,p1_GAP,p1_L,p1_M,p1_VIYTPNREGFSQ,p2_E,p2_R,p3_GAP,p3_P,p4_G,p4_H,p4_Q,p4_S,p5_F,p6_R,p7_L,p7_M,p7_SEQIFDRNT,p7_V,p7_Y,p8_E,p8_S,p9_D,p9_TQEPHINWVY,p10_D,p10_G,p10_K,p10_P,p10_Q,p10_R,p11_GAP,p11_I,p11_R,p11_T,p12_E,p12_G,p12_K,p12_P,p12_R,p13_H,p13_L,p13_M,p13_P,p13_S,p14_F,p14_IWVQNTPAS,p14_L,p14_M,p14_Y,p16_G,p16_K,p16_L,p16_N,p16_Q,p16_S,p16_T,p17_I,p17_L,p17_S,p17_V,p17_Y,p18_L,p18_P,p18_T,p19_E,p19_G,p19_P,p19_S,p20_D,p20_E,p20_S,p21_E,p21_H,p21_I,p21_M,p21_T,p22_Q,p23_D,p23_E,p23_H,p23_I,p23_P,p23_RGFSKWQC,p23_V,p23_Y,p24_G,p24_H,p24_KYVISR,p24_L,p24_M,p25_M,p26_F,p26_P,p27_E,p27_P,p27_S,p28_H,p30_L,p30_R,p30_Y,p31_Q,p31_S,p31_T,p31_V,p32_Y,p33_P,p33_R,p34_E,p34_P,p35_L,p35_M,p35_P,p36_E,p36_N,p36_P,p37_I,p37_P,p37_SEDYRLH,p37_T,p38_F,p38_L,p38_M,p38_S,p39_L,p39_M,p39_SVITFH,p39_W,p39_Y,p40_H,p40_NSQLC,p40_Y,p41_G,p41_I,p41_L,p41_S,p41_T,p41_Y,p42_I,p42_M,p43_F,p43_V,p44_G,p44_Y,p45_F,p45_L,p46_L,p46_T,p46_V,p47_I,p47_M,p47_Y,p48_C,p48_G,p48_I,p48_T,p48_VM,p49_C,p49_F,p49_L,p49_V,p50_F,p50_L,p51_CSVWI,p51_F,p51_G,p51_M,p51_T,p52_I,p52_L,p52_V,p53_I,p53_M,p53_S,p53_T,p54_S,p55_I,p55_L,p55_M,p55_V,p56_I,p56_L,p56_S,p56_T,p56_V,p59_F,p59_G,p60_L,p60_M,p60_V,p61_V,p62_L,p62_M,p62_V,p63_W,p63_Y,p64_L,p64_T,p65_M,p66_C,p66_M,p66_S,p66_T,p67_N,p68_E,p68_S,p68_T,p68_V,p69_S,p70_S,p70_T,p72_K,p72_R,p74_P,p74_S,p75_R,p75_S,p76_N,p77_L,p77_M,p78_L,p79_Q,p79_V,p82_M,p84_I,p84_V,p85_C,p85_F,p85_L,p85_S,p86_N,p88_F,p88_G,p88_I,p88_L,p88_M,p88_V,p89_M,p91_F,p91_I,p91_L,p91_T,p92_C,p92_F,p92_K,p92_MVIDL,p92_P,p92_T,p93_F,p93_M,p93_T,p94_C,p94_F,p94_GAP,p94_M,p94_S,p96_H,p96_I,p96_L,p96_P,p96_T,p97_F,p97_L,p97_M,p97_S,p97_V,p98_I,p98_S,p98_V,p99_I,p99_L,p99_V,p99_Y,p100_TCGWA,p101_C,p101_S,p102_F,p102_T,p102_Y,p103_H,p103_M,p103_N,p103_V,p103_Y,p104_E,p104_K,p104_Q,p104_R,p104_T,p105_R,p105_T,p106_I,p106_L,p106_P,p106_W,p106_Y,p107_V,p108_F,p108_G,p108_L,p108_MSV,p108_T,p110_FTKVSMGYWI,p110_H,p110_N,p110_P,p111_F,p111_I,p111_V,p112_F,p112_G,p112_M,p114_E,p114_Q,p115_I,p115_L,p116_Y,p117_S,p118_C,p118_I,p118_L,p118_M,p118_V,p119_C,p119_E,p119_G,p119_I,p119_M,p119_N,p119_T,p119_V,p120_S,p121_G,p121_N,p121_TVC,p122_I,p122_L,p122_Y,p123_C,p123_F,p123_S,p123_T,p123_Y,p125_I,p125_S,p125_T,p126_G,p126_I,p126_V,p127_QI,p127_S,p128_G,p128_I,p128_S,p128_T,p129_LAVGYFCN,p129_M,p129_W,p131_M,p131_N,p132_P,p132_T,p132_V,p133_C,p133_F,p133_L,p133_M,p134_V,p135_C,p135_T,p136_L,p136_Y,p138_R,p139_F,p139_H,p139_Y,p140_K,p140_N,p140_R,p140_S,p140_THAMYVIW,p141_T,p141_V,p142_S,p143_S,p143_T,p143_V,p144_K,p144_N,p144_R,p144_S,p145_G,p145_K,p145_P,p146_F,p146_I,p146_L,p146_V,p147_D,p147_E,p147_F,p147_S,p148_G,p148_Y,p149_EAGPQSHNFVW,p149_K,p149_R,p150_GAP,p150_P,p150_T,p151_L,p151_M,p151_VCFNQ,p152_S,p152_T,p153_I,p153_N,p153_R,p153_Y,p154_K,p154_N,p154_T,p155_G,p155_K,p155_Q,p155_T,p156_I,p156_V,p156_W,p157_GYRQ,p157_I,p157_L,p157_M,p157_V,p157_W,p158_L,p158_M,p158_T,p158_V,p159_F,p159_I,p159_L,p159_M,p159_Q,p159_R,p159_W,p161_F,p161_I,p161_L,p161_V,p162_C,p162_F,p162_G,p162_L,p163_C,p163_S,p163_T,p164_Y,p165_F,p165_I,p165_L,p165_T,p165_V,p166_ILVCNHTE,p166_S,p166_Y,p167_S,p167_T,p167_VGCI,p168_L,p168_T,p169_G,p169_I,p169_L,p169_P,p169_TFMSC,p170_W,p171_C,p171_S,p171_T,p171_V,p172_L,p173_L,p173_M,p175_F,p175_I,p175_L,p175_M,p175_V,p176_L,p176_M,p176_T,p176_V,p176_Y,p177_E,p177_G,p177_K,p177_Q,p177_R,p179_N,p179_S,p180_S,p181_Y,p182_D,p182_Q,p183_V,p185_S,p186_N,p186_S,p186_Y,p187_G,p187_L,p187_M,p188_T,p189_S,p189_T,p191_S,p191_T,p192_I,p192_T,p195_I,p195_L,p196_KAP,p196_N,p196_T,p197_K,p197_N,p197_Q,p197_T,p198_D,p198_N,p198_T,p199_D,p199_F,p199_I,p199_NLMVYKG,p199_Q,p199_W,p200_E,p200_F,p200_L,p200_S,p200_V,p201_H,p201_I,p201_N,p201_S,p201_T,p202_I,p202_K,p202_M,p202_R,p203_L,p203_MAFPG,p203_S,p203_V,p203_Y,p204_Y,p205_I,p205_L,p205_V,p206_G,p206_I,p206_L,p206_Q,p206_R,p206_V,p206_Y,p207_C,p207_I,p207_L,p207_T,p208_I,p208_L,p208_Y,p209_C,p209_F,p209_GYTIMW,p209_S,p209_V,p210_F,p210_I,p210_T,p211_C,p211_F,p212_C,p212_S,p212_V,p214_C,p214_F,p214_V,p214_Y,p215_C,p215_F,p215_GMS,p215_I,p215_L,p215_T,p216_YWT,p217_L,p217_M,p218_C,p218_F,p218_G,p218_S,p218_T,p218_V,p219_I,p219_M,p219_T,p220_I,p220_L,p220_MTVASP,p221_L,p221_T,p222_M,p223_C,p223_F,p223_S,p223_Y,p224_Y,p225_F,p225_S,p225_W,p226_G,p226_K,p226_Q,p228_I,p228_V,p229_G,p229_K,p229_Q,p229_S,p229_T,p230_H,p230_Q,p230_TKVED,p232_F,p232_I,p232_S,p232_V,p233_D,p233_L,p233_N,p233_S,p236_K,p237_M,p237_N,p237_Q,p237_S,p238_L,p238_M,p239_GAP,p239_QSVM,p240_GAP,p243_S,p245_V,p246_N,p246_Y,p247_I,p247_V,p247_W,p248_D,p248_E,p249_T,p251_S,p252_N,p253_E,p253_K,p253_N,p253_S,p254_D,p254_E,p254_P,p254_Q,p254_V,p255_E,p255_GAP,p255_N,p255_Q,p256_K,p256_N,p256_Q,p256_T,p257_D,p257_K,p257_N,p257_S,p258_N,p258_S,p259_DPSNVIH,p259_E,p259_M,p259_Q,p259_T,p259_W,p260_TNACG,p261_V,p263_F,p263_I,p263_L,p263_V,p264_K,p264_Q,p264_R,p265_L,p265_Q,p267_W,p268_I,p268_V,p270_I,p270_L,p271_M,p271_T,p272_I,p272_T,p272_V,p273_I,p273_M,p273_V,p273_Y,p274_C,p274_F,p274_M,p274_S,p275_I,p276_M,p276_W,p276_Y,p277_F,p277_I,p277_V,p278_C,p278_I,p278_L,p278_M,p279_S,p280_W,p284_G,p284_L,p284_S,p284_TFMCY,p285_I,p285_V,p286_L,p286_M,p286_T,p286_V,p287_G,p287_N,p287_S,p288_F,p288_L,p288_M,p288_W,p288_Y,p289_I,p289_S,p289_T,p291_I,p291_M,p291_T,p291_V,p292_L,p293_GAP,p293_S,p293_T,p294_E,p294_K,p294_N,p294_SAYRGLTMWFQ,p295_G,p295_K,p295_L,p295_P,p295_Q,p295_S,p295_T,p296_M,p296_N,p296_Q,p297_K,p297_L,p297_M,p297_P,p297_RYHVDNFAQ,p297_T,p297_W,p298_L,p298_V,p299_S,p299_T,p300_T,p301_G,p301_I,p301_L,p301_M,p302_F,p302_G,p302_V,p303_I,p304_I,p304_M,p304_V,p305_W,p306_G,p306_P,p307_C,p307_S,p308_L,p308_V,p309_F,p309_T,p310_C,p312_F,p312_GVMC,p312_L,p312_S,p312_T,p313_N,p313_S,p313_V,p315_I,p315_S,p315_V,p316_I,p316_L,p316_Y,p317_N,p317_Y,p319_I,p319_W,p319_Y,p320_P,p322_G,p323_L,p323_T,p323_V,p325_S,p327_R,p329_R,p330_L,p330_MEITKNGH,p330_Q,p330_V,p331_E,p331_Y,p333_FAMRSN,p333_G,p333_H,p333_Q,p333_Y,p334_D,p334_E,p334_K,p334_Q,p334_R,p334_Y,p335_R,p336_F,p336_L,p336_M,p336_V,p337_KYRC,p337_S,p338_C,p338_GAP,p338_S,p338_W,p339_GAP,p339_M,p340_E,p340_G,p340_GAP,p340_K,p340_Q,p340_S,p341_I,p341_L,p342_G,p342_N,p342_Q,p342_R,p343_GCDANVY,p343_P,p343_S,p343_T,p344_D,p344_GAP,p344_K,p344_P,p345_D,p345_E,p345_P,p345_S,p346_S,p346_T,p347_N,p347_T,p348_G,p348_Q,p348_T,p349_T,p350_G,p350_GAP,p350_Q,p350_T,p350_V,p351_G,p351_GAP,p351_T,p351_V,p352_Q,p352_S,p352_T,p353_E,p353_G,p353_GAP,p353_N,p353_T,p354_GAP,p354_K,p354_N,p354_S,p354_T,p355_GAP,p355_T,p355_V,p356_GAP,p356_N,p356_T,p357_GAP,p357_N,p357_S,p357_V,p358_C,p358_N,p358_S,p359_E,p359_GAP,p359_PTGHV,p359_S,p360_E,p360_KNVSRHGTI,p360_P,p360_Q,p361_K,p361_T,p362_L,p362_P,p362_S,p362_T,p363_G,p363_S,p364_E,p364_GAP,p364_L
p1_GAP,0.0,0.7630617685152523,0.5629551099183083,0.6869638390746422,0.7807259771890067,0.847805253721567,0.46265897184536775,0.5184269819511145,0.6282912996455061,0.8415724373376188,0.8301865452842281,0.7718994506532353,0.7718994506532353,0.7461723929410955,0.7274350561773566,0.9371460572198264,0.8797138792115728,0.7232650295684588,0.9666526481846669,0.8747790258604979,0.7127730875117013,0.8467010899784626,0.8316647136877664,0.8773823348409291,0.909287542875715,0.7232650295684582,0.827532088935073,0.9603985350280855,0.9102350929607332,0.6695237530298108,0.7173181380024438,0.8091417233107612,0.7946151219475484,0.7673473516994285,0.7807259771890067,0.9656297232823561,0.8308387495037686,0.7691440111812085,0.8163516728240249,0.7608317504438729,0.7240551445538936,0.8056680815957451,0.890983466925004,0.8643685525197388,0.9840774597645725,0.6583736334808723,0.8388429655759457,0.795158471787049,0.9325555912314609,0.8303983862037825,0.8091417233107613,0.6421753578081466,0.7450743808096105,0.7389918529358497,0.8487893273236918,0.8394403246908966,0.864603615093358,0.7524297972473161,0.9251002969851134,0.7816916104563953,0.7743302772453038,0.9611407311631175,0.862357296849646,0.9523179899907479,0.9533086886806446,0.9293136156637152,0.9653585620450296,0.5520190123346598,0.5558206475751275,0.9327938339181783,0.8964098017730235,0.8466936708376667,0.8373183370723898,0.8585867014426444,0.7524297972473161,0.6018094702437748,0.9183030738220122,0.9032792026456331,0.9887469786193506,0.9224370478225468,0.7556217296678097,0.937232024744725,0.90761548196364,0.8759304882565262,0.7524297972473161,0.817898852962103,0.9146256305430386,0.9466539213586753,0.9557373143866108,0.7718994506532365,0.7524297972473161,0.889610919698721,0.8112058531730224,0.9472293330807064,0.6817108277189207,0.5806901857075024,0.8923825004937169,0.6672040950047704,0.7817161652917721,0.9367751998355733,0.9703022080275525,0.9802311608422726,0.8797198635106949,0.9945921003494864,0.9460173706761714,0.8312173911187126,0.7629698998716457,0.7811334441580366,0.7162672716759508,0.9348958218503841,0.8722412459341027,0.9608790622722906,0.9440325238185803,0.8623469980965686,0.8086886533123154,0.8063035401383721,0.9622403199348115,0.7963356519499133,0.8851211507720571,0.9650316263199867,0.6838538395484218,0.8825970036301016,0.8624818946946733,0.8370249407881594,0.8759304882565262,0.9892564050840864,0.8308387495037686,0.6906042228218161,0.9368694765099996,0.9185729911132725,0.98942135161873,0.8991515901032061,0.8159378637269958,0.9656152610259837,0.9376498548206778,0.8824595620935358,0.6727557362159091,0.8784245992207027,0.8784245992207027,0.7633375347429153,0.7749832766198566,0.839322958760262,0.9418321781117143,0.8770873603114688,0.9861870425532866,0.7805571345317994,0.8222373118239635,0.9792833338263133,0.7454622072918127,0.8930669853298439,0.9833967057385605,0.9180650080046437,0.9532502928899792,0.6818357969386328,0.9721547024612633,0.825228190739218,0.9883105399368297,0.7988257989074183,0.8933604934053044,0.8920818224323079,0.7720475870648011,0.989614526894097,0.8695571067984837,0.5379597888027836,0.7776801902462469,0.923159657455064,0.9831626933046116,0.7729686114332195,0.9897005842887605,0.7923491561692559,0.963270423784758,0.7881804803953936,0.7548814503435408,0.8888868827445189,0.7818356191103257,0.9563323694805039,0.9327938339181783,0.7913747637776186,0.9955194504865221,0.9341064491212476,0.94745146211377,0.7791489194209427,0.9280227708538746,0.7444044463437747,0.9344457267600148,0.8350111788117118,0.911196595212618,0.5865645216661419,0.7140945340084046,0.8319221027381043,0.7633375347429148,0.8842060613733781,0.7060523657209861,0.8149165593453982,0.9693324604629858,0.7524297972473161,0.9357381179719895,0.94226955920958,0.6956654330111373,0.7946038500791035,0.7651706112109449,0.8268894592721567,0.7524297972473161,0.7340958328089449,0.8392512639557945,0.8061163702373836,0.7524297972473161,0.9621825553065515,0.8419325323046434,0.6924359190285405,0.8383181331029109,0.9210483347420546,0.9368694765099995,0.7524297972473161,0.659014020482745,0.7524297972473162,0.9461114353451033,0.7594331826908636,0.7563664340927051,0.7524297972473161,0.9287905126590165,0.7524297972473161,0.9784501087166729,0.7974413248024379,0.774204147162977,0.699871079103348,0.9500768485786423,0.6859911680000765,0.7365745432840509,0.8546321414574898,0.6998196790123896,0.8838867063657491,0.9527208237433253,0.9577256621752981,0.8471812314738492,0.835723653532173,0.8075224748991753,0.9071886829882025,0.906274086320501,0.805087228215092,0.8419325323046432,0.8854680645441781,0.9126398268217804,0.9690325506684441,0.7524297972473161,0.5924766927299578,0.7524297972473161,0.8342925372930754,0.860355184349419,0.8091417233107615,0.792701001665733,0.6981304956562289,0.9357381179719895,0.8365046470857664,0.7454677742420683,0.8960095367653353,0.8789149835251648,0.8809068550814001,0.9199225363150123,0.9053205898304859,0.6512215241593333,0.6170828340359507,0.7718994506532365,0.9492869580838095,0.7752573312180222,0.8163516728240249,0.9240966297684233,0.7717529276159106,0.7613220871167329,0.6884637402908851,0.9378317968611916,0.8403850910576152,0.694264163185847,0.7078951998611307,0.9376896746592069,0.8312173911187126,0.8340795272654817,0.6894249327053736,0.9274181393627929,0.9169529169775625,0.8312173911187126,0.8852385949190803,0.8853252119129368,0.9857768064258265,0.7510727135211088,0.9830066084069091,0.8991515901032061,0.8244608448421895,0.7843322254043563,0.7816916104563956,0.8991515901032063,0.919922536315012,0.5893937154396557,0.9327938339181783,0.9342409994529941,0.9738966472032808,0.6422544180966727,0.746838753296905,0.9317709090158676,0.9363122233940779,0.9969520315268063,0.8619805848329878,0.9096679669675563,0.7460683510701926,0.7956742233970903,0.9594602146304667,0.8037627106407697,0.8347876383202951,0.8480864241843196,0.699039759411751,0.7201459595475399,0.8557684126893357,0.9161852424025643,0.9249884326873067,0.9538736667747857,0.9833967057385605,0.7627747862609864,0.9811472271612041,0.9661230136343545,0.7159238186207395,0.8623469980965686,0.8897682240513817,0.7524297972473161,0.8159378637269961,0.9905777870351757,0.8977398394976785,0.8312173911187126,0.9168188403386275,0.9643644808194604,0.7524297972473161,0.8858847187851939,0.7963356519499134,0.8851211507720569,0.8690939317892032,0.961256376051858,0.9725347513269537,0.7778983555639081,0.7336670020777825,0.636634926163782,0.9502955125811595,0.7946151219475484,0.7056143040635205,0.859613911787752,0.8625365069373634,0.6961594276408212,0.8377537252975868,0.9576307290466073,0.9224370478225468,0.6713619177603496,0.8054230137946026,0.7070424491923153,0.905804774349823,0.7444044463437758,0.9086592396531894,0.8525541804384229,0.7966168637439122,0.8277361439594119,0.6158455134902525,0.7524297972473161,0.9679500780651764,0.7867903809353295,0.9659594614885119,0.9684934305249857,0.841572437337619,0.8703950637861857,0.7524297972473161,0.7524297972473161,0.7669276873902607,0.6488599597962867,0.8360123345210075,0.7524297972473162,0.9811472271612041,0.9787992367808475,0.9237980545404555,0.6651605311812738,0.8757533208713892,0.992904583277461,0.9718561623700885,0.942170401769862,0.6265297010417914,0.6558066365719115,0.7524297972473161,0.667125313461427,0.9417790962415749,0.7247030884068034,0.6893678830977505,0.8918938425803833,0.949408055003399,0.8991515901032063,0.7258052151003509,0.7524297972473161,0.6207542274172271,0.8841666480907984,0.6334753297689693,0.9921812542058815,0.7898486601443385,0.7226739693037436,0.8964995650129082,0.7524297972473161,0.7171776514183901,0.9711782991785065,0.7524297972473161,0.788256878260795,0.9149539594843459,0.8270099852841284,0.6252648868357662,0.7460683510701925,0.7524297972473161,0.8492871214604624,0.8728828188693818,0.9857768064258265,0.9381071058192678,0.9471182185614545,0.8061372884934396,0.8035379885286269,0.7719672469144176,0.8086886533123154,0.7147361764181972,0.7679579596825117,0.8775995692272134,0.998197953442954,0.9117370124577805,0.6322300650550476,0.6860193031480386,0.8159378637269956,0.9631678932211354,0.7524297972473161,0.9994885375488447,0.8011069859944271,0.9898517988440907,0.7799859487882781,0.8531789425883891,0.7365745432840514,0.8975975159831979,0.9649160095375197,0.7365745432840514,0.9992639208724935,0.9646084033357696,0.9381704043554089,0.6863102323489767,0.8972582728764664,0.8301944662164019,0.9554416788963401,0.8061163702373839,0.9879650422102987,0.900566996996937,0.9964523085375004,0.9899050576655619,0.9833967057385605,0.7902134793213029,0.9837431486123818,0.7681782319598947,0.7391490898772264,0.894435745874163,0.7737661165130456,0.919922536315012,0.9958013242704717,0.9498550762506004,0.8493351545299859,0.937232024744725,0.9360135010309727,0.7312575105473416,0.77808953634918,0.9961163305996692,0.996112765068752,0.8871533915509007,0.9376498548206776,0.7932118479316019,0.8987402876926502,0.760422991505126,0.7469516915061495,0.8008564419966566,0.6231454958009228,0.8043501679087468,0.7050304456044693,0.6792767735599083,0.8787778363941947,0.8346401367636844,0.868997277839576,0.9874639252115806,0.8433360158505252,0.9750336028889331,0.786810186652847,0.8989350196516899,0.9831178977948354,0.9829411510645532,0.9857768064258265,0.9651237098258709,0.9579865646263226,0.8014411937968231,0.7778983555639083,0.8640532804828904,0.8591180674781609,0.6464964350509717,0.7746020215376277,0.7881804803953936,0.9806455105616183,0.7887603973041856,0.8233730009588363,0.7289226937146789,0.8065042865139256,0.7524297972473161,0.8559043354450988,0.7524297972473161,0.7524297972473161,0.8125031757594138,0.6860193031480388,0.9958013242704717,0.7524297972473161,0.846601597022876,0.900276168407131,0.8264597308893942,0.865647417802454,0.6818357969386324,0.743524135765361,0.9645000161842066,0.6925436175863257,0.88818915796448,0.8742604380900318,0.8846406533092208,0.8194144871030813,0.8178988529621023,0.876993036378446,0.9933734209455113,0.9198894658248968,0.9252026596227116,0.8436265091195072,0.822589106505771,0.9208405709354626,0.8517883565499165,0.8086886533123154,0.9594088250779567,0.7714216628559389,0.9608790622722907,0.9235344247666604,0.9433279815439053,0.8519126826855303,0.8597760313425404,0.8008564419966571,0.9955194504865221,0.919922536315012,0.8191563187516391,0.8600166410692991,0.908226665109463,0.933608699429072,0.82900203630344,0.8091417233107612,0.9322306138250356,0.7811044839911794,0.8250058059108945,0.738709539593891,0.991859485128921,0.7611184118665135,0.8459430770421208,0.8851211507720569,0.645338782506242,0.9923963253996406,0.5591210511111682,0.561344945683182,0.942170401769862,0.7716658635626467,0.9582351577313436,0.7524297972473161,0.8159378637269956,0.84868190230902,0.7524297972473152,0.8336391965292245,0.9384929584908884,0.9422695592095802,0.9075534372906806,0.6973791453410927,0.9924367080758312,0.7467913558934353,0.8747790258604977,0.6901527228717583,0.9505354826315566,0.6674830428113487,0.7365745432840514,0.9506737703890515,0.8696163520604372,0.9893137486628489,0.9823486367088856,0.8547677097382225,0.8231540150752188,0.7278732020520811,0.5802205013750061,0.9386878311277111,0.7967243754058847,0.629743519108243,0.8572820735704045,0.8747790258604979,0.9502955125811596,0.848204443275399,0.797913023152844,0.8426440048708779,0.9318079818170142,0.7444044463437758,0.6032652070638823,0.6283103252019777,0.890983466925004,0.6873224187485252,0.9802311608422727,0.9120204639389049,0.8859207798820421,0.8173909653326441,0.8182563836324138,0.8186038019136703,0.8332813921285551,0.9413627079590985,0.7814581070432909,0.8818794678910782,0.8471812314738492,0.9970688419235265,0.7524297972473161,0.7947825342060728,0.787312799917343,0.9945442844836414,0.8118751093886476,0.7524297972473162,0.7812025678412593,0.7665723038397281,0.6959060473518285,0.7801591761272766,0.6451017354724415,0.8429458040158049,0.9651125996084408,0.8559514334778202,0.894840125617316,0.8155301030879599,0.9310732905226475,0.8059811600900688,0.8234362176999173,0.7737661165130454,0.8646036150933579,0.9594602146304667,0.9893137486628492,0.8851211507720569,0.8551927762091232,0.94226955920958,0.9224370478225468,0.8626510442250319,0.9239991990382528,0.8797198635106949,0.9921971125522837,0.667289656100793,0.7963356519499136,0.8939106969557729,0.7236870069602392,0.7090585263788438,0.7705517113369464,0.7444044463437758,0.9966019297918831,0.7289226937146788,0.7444044463437758,0.7718994506532365,0.6424798858253784,0.7524297972473161,0.7811044839911785,0.7027230137010605,0.7524297972473161,0.8695571067984837,0.853902038700466,0.7963356519499132,0.8086886533123154,0.8518826048482635,0.7898486601443385,0.7444044463437758,0.7374511226310352,0.9919491418736712,0.9694692803061076,0.7146058544749085,0.7524297972473161,0.918091312060215,0.9896145268940972,0.9146737187626446,0.8833793306472292,0.8383128151580508,0.8989350196516899,0.9475503157658896,0.7396700957664717,0.8972004884389706,0.9268926884906392,0.8797198635106946,0.6975011665759625,0.9866316230827042,0.9788248702638767,0.8876993175641308,0.9748997017520252,0.9994885375488447,0.9969520315268063,0.8388429655759457,0.9525627369910081,0.927628218922431,0.7524297972473161,0.9363122233940779,0.6721348211209215,0.8061163702373836,0.8309450982070472,0.8275320889350728,0.9763718600070381,0.8829079476162991,0.7365745432840514,0.8214914022466089,0.7399955806704697,0.7524297972473161,0.7524297972473161,0.7271037808837222,0.9882696209115801,0.8738330413694131,0.8294363198670893,0.999528423518931,0.7985705269957522,0.559048176286455,0.7330862574431232,0.9830520595117972,0.8046098181856729,0.7524297972473161,0.9091908922893167,0.8159378637269956,0.8163516728240249,0.710026557322418,0.8312173911187126,0.9737881431444432,0.7524297972473161,0.7524297972473161,0.6507483603923581,0.9363122233940779,0.7268370849689592,0.822833762030613,0.7309895837061975,0.6914461666343437,0.7302092271223429,0.8707955451918714,0.9181831942660226,0.7657845724172228,0.7524297972473162,0.9156231404837463,0.805967360538232,0.9183724242003592,0.8640532804828904,0.7487009801320714,0.8400327444229518,0.9007103953415451,0.9873177527203463,0.7606707685788083,0.7414950656367232,0.7524297972473161,0.8083502626742143,0.9373849584982122,0.9849269679102985,0.9255211759715434,0.6770120349704432,0.913273085427964,0.8416870629198665,0.7951295090356723,0.8194144871030816,0.7340958328089449,0.8743145089152267,0.7811044839911785,0.9102350929607332,0.9237980545404556,0.7096918381615794,0.8169592835629007,0.8716284588044686,0.7718994506532365,0.8435128847956435,0.8223241779196799,0.9369956431580484,0.791700664508917,0.9656152610259838,0.8972004884389704,0.8909834669250041,0.8536675698745141,0.9071886829882023,0.8414350983866588,0.8358241346228161,0.9222068768974643,0.9456911600609685,0.9862276143865883,0.723687006960239,0.7532401038248655,0.8200862327138887,0.8981604976332362,0.8011844593328408,0.9339867258647623,0.9065602264064593,0.9266685152227094,0.7491417365446085,0.9762478172871528,0.9913155469407555,0.7524297972473161,0.874055881137749,0.992904583277461,0.6689083316830191,0.8415724373376188,0.8278410788352514,0.734207270906003,0.8595084428508712,0.7524297972473161,0.7467913558934354,0.6453387825062418,0.9048598333807126,0.7532759287816543,0.8711458111347519,0.7922603528084449,0.8471812314738492,0.8696163520604373,0.6622726434743725,0.743524135765361,0.8989229250618753,0.9465018525363842,0.9489658030339867,0.9970688419235263,0.946501852536384,0.8514236835690032,0.9129488074788945,0.8742550878825028,0.9327280936132957,0.792610542442694,0.6539410788339461,0.992904583277461,0.7444044463437758,0.8759731040185486,0.7520809255608321,0.9795021319667148,0.7732568530197503,0.7320810313075499,0.7524297972473161,0.7110408807716294,0.7216908653584673,0.8251171314296999,0.7524297972473161,0.9524638865399525,0.9761448811553916,0.8312173911187126,0.8008564419966568,0.7444044463437758,0.7576673447315541,0.9277853505731029,0.9490577805959616,0.9914419266143916,0.7965515052329858,0.8316647136877664,0.639664239839074,0.7524297972473161,0.8551927762091232,0.7524297972473161,0.8301944662164019,0.9621825553065515,0.7569332245424996,0.8163516728240249,0.681710827718921,0.9111646051952524,0.7854685619774378,0.9435342391626067,0.7524297972473161,0.6132078822597651,0.9626890992541921,0.8053248511641962,0.8572820735704046,0.9708910966180735,0.9966019297918831,0.9788248702638768,0.6683133985762368,0.7789293219607627,0.8803565839091849,0.6833149171270707,0.7789293219607627,0.8251171314297001,0.8784245992207029,0.6272330065008336,0.7789293219607627,0.8163516728240249,0.9932134042965599,0.9065602264064593,0.807489945650905,0.8156754847048542,0.70829455847109,0.8469988008164033,0.6096202256012246,0.7129739679912139,0.8467912975361044,0.7258918881060554,0.8957205679809515,0.8268894592721567,0.7714216628559394,0.9214404603786155,0.7067000236967935,0.768008148570674,0.9494872467938421,0.8737862969782941,0.6470512686962144,0.8252281907392185,0.8773823348409291,0.8086886533123154,0.83420582341818,0.9654941429357986,0.7073648019871455,0.8531789425883893,0.8772836484325031,0.8159378637269958,0.823436217699917,0.45614170834121537,0.8048695035430811,0.8896627373292028,0.7990745307667424,0.7780895363491798,0.3487003288045045,0.8624818946946731,0.7319692030009726,0.8231275036273116,0.7233364494664702,0.7682155459286117,0.6843446650519693,0.8608586131034122,0.6743402629435823,0.8843507225934456,0.8434986758897767,0.4526422673121041,0.7232650295684582,0.9840774597645725,0.8048695035430811,0.8871000341516464,0.5300148197891683,0.6867159905212248,0.7570938879228228,0.59113165018376,0.8706654933237754,0.847250386988706,0.6574507109511486,0.989614526894097,0.8891945326348292,0.9190020409904536,0.7073648019871448,0.8689972778395758,0.9737379267506555,0.9133230391963367,0.6388066339703202,0.94226955920958,0.8619805848329876,0.9553259697740641,0.995093057309034,0.6903770124660724,0.868997277839576,0.9035246694383536,0.7793238828701625,0.855904335445099,0.7551329610599844,0.9060829542906701,0.9183724242003595,0.8061163702373834,0.6572758296925125,0.8301944662164019,0.6012407348299429,0.855904335445099
p1_L,0.7630617685152523,0.0,0.875046477041949,0.9105012505384156,0.9413411539914585,0.6624840621735415,0.8011454316004782,0.8890625545868664,0.8889202553233961,0.9540615556502021,0.920179683283657,0.9955894416808808,0.9394396415413291,0.6058402013508173,0.922432716716142,0.9290085666695176,0.9043815161331966,0.7673494041985985,0.9517441295565185,0.7563074904491689,0.9747903462373966,0.9776172307537021,0.6991647087963897,0.9432937551644589,0.9750206691499417,0.9208799593226005,0.9890537762576723,0.9795518972928103,0.6838997519740107,0.8380916752493699,0.9133880855304557,0.9473756291574582,0.9339970109398132,0.906268236387799,0.9413411539914585,0.9099641551465778,0.9432937551644589,0.8059197821682593,0.9564866901437921,0.642289556714569,0.8838135174053028,0.9224335544163886,0.9564866901437921,0.8994303857428698,0.797816808524066,0.8290729236694756,0.9453030402757783,0.8850825988655409,0.919346293979701,0.8750464770419488,0.9473756291574582,0.6905431897523435,0.9208799593226005,0.9322580645161285,0.933997010939813,0.9958263540139827,0.9178313446502835,0.9413411539914585,0.901106823734113,0.9375844381576608,0.8915068580997116,0.8566567487054066,0.9208799593226005,0.8838135174053028,0.9495194495442563,0.947093204149451,0.9473756291574582,0.8336470580240634,0.9820977941296496,0.8408182974981256,0.7326459852945929,0.992980876159153,0.9413411539914585,0.7998527217210254,0.9413411539914585,0.8688814196559584,0.9736413441112676,0.8206673486956723,0.7959497447008523,0.7386899117100746,0.9305518148343679,0.7995826090493261,0.956793080736152,0.9208799593226005,0.9413411539914585,0.556921865251354,0.9288758056186719,0.8745649354471421,0.8775328023580431,0.9394396415413289,0.9413411539914585,0.6802264681288575,0.910888408830471,0.9413449729068444,0.9567930807361522,0.9186255087204844,0.6880681032734847,0.9747903462373965,0.7920073583101415,0.8160625976763958,0.9526552033461158,0.6852134154646803,0.9413411539914585,0.7241512412855009,0.9771015106150269,0.9517441295565183,0.79040433619954,0.7659362744796998,0.9272278453848009,0.8024341677705478,0.6152868151486747,0.670034802914161,0.7771687304254185,0.8537608988970333,0.9453030402757783,0.7497563078190197,0.8135176651305674,0.9517441295565183,0.9673074603196744,0.836085054273805,0.8994303857428696,0.7335504297321972,0.8338080357894962,0.838399414994053,0.7673494041985988,0.7672967752903377,0.9432937551644589,0.9937100896993183,0.8359611579004629,0.9773810909232876,0.8530610496352258,0.8083745968845283,0.6697965302077881,0.9564866901437921,0.9357714224531068,0.8864409491651314,0.8603380509136678,0.9473756291574582,0.9473756291574582,0.9375844381576608,0.8745649354471421,0.9540615556502023,0.7972549794048318,0.802205538712032,0.7266298883809843,0.8967590384461328,0.9082541747635315,0.8703694623017852,0.919346293979701,0.795511158100319,0.9540615556502021,0.9613051670773509,0.8112851298120194,0.8627712312932623,0.9888197307367492,0.9193462939797008,0.8621489618878766,0.9007787887826324,0.9992550378442888,0.9176091589676258,0.9217816768023916,0.9931163690142988,0.6613781165395904,0.846602818574427,0.8812890045220128,0.9443995409534847,0.9230114979196562,0.7832191601804572,0.9593272108982547,0.9010471309686272,0.4043158063046651,0.9394396415413289,0.9178313446502835,0.9977691118281808,0.9516083401288558,0.9479426716226425,0.7716724398496746,0.9080590956512438,0.974332195096971,0.8535050402979137,0.8980906127480355,0.8713396701567184,0.7799706006746479,0.9394396415413291,0.9200256376705418,0.7615685504314977,0.836085054273805,0.8863565689237551,0.9322580645161284,0.8022914983011694,0.9375844381576608,0.9232502230992656,0.7465919285022482,0.8069216955337821,0.9613051670773511,0.9413411539914585,0.9432937551644589,0.937584438157661,0.8850825988655404,0.773443269704759,0.9978886501497104,0.9394396415413291,0.9413411539914585,0.9808981970570316,0.8069216955337819,0.9540615556502023,0.9413411539914585,0.9890342655702924,0.9021362778138222,0.9305733174439863,0.9718569852286911,0.9940400008298873,0.995589441680881,0.9413411539914585,0.9155857839080439,0.9413411539914588,0.7826393375786724,0.7932155644827403,0.7734432697047589,0.9413411539914585,0.8549127357309423,0.9413411539914585,0.9039102436851649,0.892809523535838,0.6021810130618106,0.974033410928026,0.9453030402757778,0.8101375737925205,0.9375844381576608,0.925605968967548,0.9288758056186721,0.8990982149673704,0.809900174841639,0.8993381937147167,0.7336011703135804,0.9837037141295752,0.9685235479473362,0.8876356948162312,0.8560988684723824,0.9021362778138222,0.902136277813822,0.9357714224531068,0.7028739748596258,0.937584438157661,0.9413411539914585,0.887635694816231,0.9413411539914585,0.8178871936943242,0.7592620631935819,0.9473756291574582,0.9985862887416472,0.8101375737925206,0.9432937551644589,0.9007787887826324,0.9771865070849176,0.6442193471882631,0.9699358505776486,0.8397330855386309,0.945303040275778,0.6580620629605636,0.9095075097850289,0.8731113215366177,0.9394396415413289,0.9495194495442563,0.8630023626964598,0.9564866901437921,0.9112558777938657,0.9371820070526746,0.9224335544163886,0.8793492472178119,0.7356716452475427,0.9473756291574584,0.9053742506784084,0.8407191829229619,0.7436295523044574,0.9517441295565183,0.8024341677705478,0.9130408205543935,0.9700765701011145,0.8432680442928704,0.9517441295565183,0.8287530636873144,0.8610898631243122,0.9178689456870838,0.9191026744465277,0.726754838378509,0.945303040275778,0.9382169076942132,0.7771687304254187,0.9531057683512588,0.9453030402757783,0.945303040275778,0.7586967037923062,0.6333807245527696,0.792307344051091,0.9141152197962772,0.9789620687127683,0.967897564628507,0.9791100127950296,0.9413411539914585,0.8176352164368612,0.6251763878780183,0.9888197307367491,0.7716036057947151,0.8825490680853296,0.8699551875944519,0.7737988015062884,0.9035033355391051,0.8846737853575157,0.8954352541336303,0.8664319147745596,0.819409842384085,0.9662629164047017,0.8361179361557494,0.6547809303037129,0.901122967399483,0.9232502230992654,0.756307490449169,0.9451469503672958,0.9021362778138218,0.8537608988970333,0.945303040275778,0.9413411539914585,0.9473756291574582,0.8739502986720536,0.7673494041985991,0.9517441295565183,0.9495194495442563,0.948260758179567,0.9413411539914585,0.9771865070849174,0.9517441295565183,0.5862782126370081,0.8501094187810518,0.897743522854622,0.8917189373891501,0.9473756291574582,0.8594036192762482,0.837266711193922,0.8816008595546367,0.9339970109398132,0.7626403845603166,0.9453030402757783,0.906268236387799,0.8646823327082912,0.9322580645161285,0.9329206874136777,0.5862782126370079,0.7789101851051539,0.5883084818787396,0.7932109827381262,0.9890537762576723,0.9394396415413289,0.9316882229632606,0.7642268846047693,0.8022561964897679,0.8287687408353173,0.7525010693203029,0.9413411539914585,0.8583518701737862,0.9433231638906059,0.7776645232705206,0.8260206957133763,0.9540615556502021,0.8744831409853471,0.9413411539914585,0.9413411539914585,0.9193462939797008,0.8889202553233964,0.7215059445131453,0.9413411539914588,0.7563074904491689,0.9413411539914587,0.9282792334246621,0.8812890045220128,0.9063134821252565,0.7697291134367077,0.9527620984712089,0.6324513681660566,0.857327073639488,0.8950004152929019,0.9413411539914585,0.9569798701276498,0.7162538556923685,0.7916533740185656,0.8195547533821173,0.8022914983011694,0.9504142928096448,0.945303040275778,0.7645025327695423,0.9413411539914585,0.7105833664174674,0.9009653912609419,0.9476001313487195,0.9841884774067362,0.9432937551644589,0.9599700120227945,0.44180329251956263,0.9413411539914585,0.9126349348227398,0.8996065556926158,0.9413411539914585,0.9527620984712089,0.8385811286456293,0.9231140326497984,0.7582731991102905,0.7716036057947149,0.9413411539914585,0.9683153427482921,0.9478496729519881,0.9841747480714136,0.9367201797244551,0.9889256283952581,0.9280079835652402,0.8941188719993174,0.8591521497142258,0.9453030402757783,0.9852187602692422,0.8688814196559582,0.6522610435168821,0.8570482934630712,0.7386739766616921,0.9654787925181085,0.9256059689675478,0.9473756291574582,0.9208799593226005,0.9413411539914585,0.9099641551465778,0.9784557376845575,0.9890282203260041,0.9305518148343679,0.9163339973465923,0.9375844381576608,0.783640923356562,0.8183599967013941,0.9375844381576608,0.7211550141076886,0.9413411539914587,0.8135176651305679,0.8900858663239481,0.6304601958144387,0.9517441295565183,0.8225936215266272,0.9540615556502021,0.9660522273425498,0.792972039355406,0.970038776847483,0.9776172307537021,0.9540615556502023,0.8318286243794134,0.9415276164159578,0.9068126952440339,0.9224335544163886,0.9288758056186721,0.9420685862468299,0.8083745968845285,0.9382169076942132,0.9837037141295748,0.8873780235023772,0.7995826090493262,0.8838135174053028,0.9803079821283598,0.9133880855304557,0.8173454000611211,0.7869352440987847,0.7983010807167072,0.9043815161331966,0.8610898631243122,0.7473299348863435,0.9508061295476462,0.9240084059312026,0.9725096342470558,0.7544398895863536,0.9803079821283598,0.9637119587337407,0.9240084059312026,0.9849965025219797,0.7655982280598335,0.8083745968845285,0.8213551610187866,0.8995145751125602,0.9817658539566088,0.9171102496467267,0.9099641551465771,0.8142997141778576,0.9385789134461193,0.9495194495442563,0.9443995409534843,0.9890537762576723,0.7978168085240652,0.9473756291574582,0.9517441295565183,0.42471191586823376,0.7405363347939145,0.9731591616434461,0.9394396415413291,0.9394396415413291,0.7959497447008526,0.9280079835652404,0.9357714224531068,0.7157194532611508,0.9413411539914585,0.9495194495442565,0.9413411539914585,0.9413411539914585,0.7906839898526719,0.9256059689675478,0.7827020517762249,0.9413411539914585,0.7799153825380118,0.8126128632076959,0.9473740959672465,0.8993286322957907,0.9829371636793209,0.9485089128171492,0.8021100346937827,0.8876356948162312,0.8151246754418038,0.9619697063034164,0.9305733174439863,0.9495194495442565,0.904880473824603,0.8427924131717953,0.8336470580240636,0.8797681649066346,0.933997010939813,0.992239334903201,0.826906067950357,0.6526457361497635,0.79394845958193,0.9453030402757783,0.6788595730201927,0.9288758056186719,0.9677148480463276,0.9256059689675478,0.8250636788182881,0.9527620984712091,0.8915068580997119,0.925605968967548,0.9470007361724493,0.945303040275778,0.9288758056186721,0.9432937551644589,0.8758047424217985,0.8622647747663004,0.81734540006112,0.9473756291574582,0.9444589326130934,0.9357714224531071,0.943521911187263,0.8449821729033883,0.779811357760911,0.7916533740185656,0.9173873567154582,0.9673074603196744,0.7730606054602875,0.8758557632723745,0.887635694816231,0.7766324670341722,0.7786756435711477,0.8928095235358378,0.9850397963536648,0.9413411539914585,0.9473756291574582,0.9824238218303372,0.9413411539914585,0.9104316773182927,0.9288758056186717,0.937584438157661,0.9148532265533555,0.9108884088304708,0.69916470879639,0.7743984544652449,0.9540615556502023,0.7407146531681736,0.9803079821283598,0.8457962327200856,0.9375844381576608,0.8059197821682587,0.9730498860455143,0.8721292828577808,0.8917189373891499,0.9698839395572896,0.8914467850143748,0.7909351356417079,0.8421603457990252,0.9062682363877987,0.8308284328760598,0.7161153817625663,0.9133880855304555,0.6838997519740109,0.9750206691499415,0.9971196828020042,0.9241869539894626,0.9216948386036188,0.9082541747635318,0.9394396415413286,0.8369053974150205,0.9205091709847006,0.9564866901437921,0.8603380509136678,0.9315357783043751,0.7106926255153669,0.906375260076632,0.9224335544163886,0.920153492271677,0.838399414994053,0.9272278453848009,0.8825490680853296,0.9305518148343677,0.9394396415413291,0.9473756291574582,0.7386899117100751,0.9413411539914585,0.9840256643467928,0.9301609821301056,0.8022561964897679,0.6989974545399402,0.9413411539914588,0.9259113651114299,0.7170065693483045,0.8915068580997119,0.9105012505384156,0.9232502230992652,0.616694031724687,0.9228541974862916,0.850101305849471,0.9135065748298871,0.9962043215661707,0.8275252320423425,0.8736172758491524,0.9495194495442565,0.7717728673098907,0.9610024953181504,0.8699551875944518,0.8721292828577815,0.662484062173541,0.9985862887416473,0.9922393349032013,0.6624840621735417,0.9322580645161287,0.8231417513425148,0.7697291134367075,0.8439971771277784,0.9884775633863494,0.9517441295565185,0.9413411539914587,0.9776172307537021,0.782145513016413,0.8216030809811898,0.9394396415413289,0.9473756291574582,0.9357714224531068,0.9394396415413289,0.9394396415413289,0.9062682363877987,0.9413411539914585,0.9357714224531068,0.9632064435946427,0.9413411539914585,0.7535144448794144,0.9051891110898548,0.9517441295565183,0.9453030402757783,0.9495194495442563,0.9432937551644589,0.9394396415413289,0.7870813886880909,0.836085054273805,0.9256059689675478,0.8426876493787232,0.9413411539914585,0.6144120360525276,0.8083745968845285,0.9240084059312026,0.9109152983485898,0.9651353935154794,0.633380724552771,0.818359996701394,0.9272278453848011,0.7216396566388492,0.9272278453848009,0.9413411539914582,0.9473740959672469,0.8918797754295268,0.9133880855304555,0.9710359344051598,0.9699358505776485,0.9517441295565183,0.9053080462980071,0.9453030402757783,0.7552058761701363,0.8439971771277781,0.9413411539914585,0.7119431669223406,0.9850397963536647,0.9540615556502023,0.9955778846774679,0.9890537762576723,0.571886512225715,0.8739505243385466,0.9375844381576608,0.8581315750722617,0.8008932509641185,0.9413411539914585,0.9413411539914585,0.9752509450478222,0.9625450404891647,0.567418004585565,0.6978684737359191,0.8744831409853471,0.8341135508586258,0.7385889876688907,0.7687832118149229,0.9417225646937946,0.783993087668206,0.9413411539914585,0.9857113284303718,0.9473756291574582,0.9564866901437921,0.7300901980250425,0.9517441295565183,0.8308284328760598,0.9413411539914585,0.9413411539914585,0.7389396761883911,0.9430869529798078,0.8474440211401386,0.9288758056186719,0.8911527516933204,0.9164060891461527,0.9163339973465923,0.949702821387577,0.808821713355514,0.7418164128875233,0.9413411539914588,0.9473740959672469,0.7893558267078447,0.9432937551644589,0.9517441295565183,0.9305733174439863,0.929216320425056,0.7054628229108713,0.9413487659113853,0.9432937551644589,0.9972508812949248,0.9413411539914585,0.7998527217210254,0.8644633857793794,0.8838135174053028,0.7705828173769029,0.9864745385611291,0.9322580645161289,0.8902105416031847,0.6801229262754871,0.949519449544256,0.8482181063450629,0.8409471212756858,0.9357714224531068,0.9735307058746404,0.9685841124338929,0.9208799593226005,0.7839930876682057,0.9473756291574582,0.9394396415413289,0.8566963326642261,0.9178313446502835,0.9097516894125137,0.9488864344355386,0.9564866901437921,0.9097516894125143,0.8911016107831405,0.9564866901437918,0.8058320110972779,0.9863342705377391,0.8800330897565916,0.9413411539914585,0.9540615556502021,0.9288758056186719,0.9288758056186719,0.7279442280906401,0.9339970109398135,0.9394396415413291,0.9178313446502833,0.8775328023580431,0.9375331207684675,0.9202898300720301,0.9817658539566092,0.7959497447008526,0.7951769278691903,0.9413411539914585,0.6802264681288575,0.9413411539914585,0.7572258022380449,0.9540615556502021,0.8511599774339171,0.9240084059312026,0.9975245097920247,0.9413411539914585,0.7743984544652451,0.7730606054602875,0.9240084059312026,0.7757866041934978,0.7998527217210254,0.7839930876682062,0.9473756291574582,0.7946401316668192,0.8744831409853469,0.8760427798259902,0.8784000678999648,0.8867793699144204,0.8110443263450083,0.8148957612466072,0.8867793699144213,0.7119431669223408,0.9817231968194011,0.992980876159153,0.8138702669970943,0.9557539823910066,0.7657713283316735,0.9430869529798077,0.9394396415413289,0.8439971771277781,0.9104316773182928,0.8265503046480778,0.7668644692019391,0.7887864907907394,0.9413411539914585,0.7805858200641032,0.9819274018196849,0.7267548383785091,0.9413411539914585,0.8151246754418036,0.7018864994114877,0.9517441295565183,0.9805867004734362,0.9394396415413289,0.7246781736345205,0.9654186216767148,0.9141155203977136,0.7367994500067809,0.9283398242102775,0.792972039355406,0.7620495283202142,0.9413411539914585,0.9985862887416472,0.9413411539914585,0.9517441295565183,0.7257783125828112,0.8664319147745596,0.9564866901437921,0.9148532265533558,0.7534013799337798,0.9248203613454187,0.9105012505384156,0.9413411539914585,0.8839072352628159,0.8696754588656315,0.9033132960388238,0.9133880855304557,0.9021362778138227,0.7974058104193726,0.9133880855304559,0.9119376979332718,0.9035033355391051,0.8762879977600886,0.7389918529358496,0.9035033355391051,0.8879743544154319,0.9473756291574584,0.9903614764146604,0.9035033355391051,0.9564866901437921,0.9208799593226005,0.9432937551644589,0.7028739748596261,0.835961157900463,0.9527620984712089,0.615309952369679,0.875046477041949,0.9773810909232876,0.9805867004734362,0.900778788782632,0.919346293979701,0.9394396415413291,0.9288758056186719,0.7826393375786727,0.726754838378509,0.9446588143366353,0.8594036192762478,0.9711036153030144,0.8573233026941154,0.7299623865757152,0.9432937551644589,0.9315357783043753,0.8863565689237551,0.897263628644803,0.9163339973465925,0.7433471470063664,0.8850825988655404,0.988819730736749,0.9495194495442565,0.8833475768089838,0.9148532265533555,0.9563687015060705,0.9029060758453825,0.9133880855304557,0.8570482934630714,0.9771865070849176,0.9935864990091456,0.8275150599510741,0.9678495262941058,0.8448119162633758,0.842518898605114,0.8850825988655409,0.8799800631114958,0.9495194495442563,0.7827020517762255,0.8566963326642258,0.9654186216767151,0.9357714224531068,0.6657482316186789,0.982999553629001,0.8518501194844417,0.9461970017051848,0.9305518148343679,0.8466128025641386,0.995589441680881,0.7705819746396014,0.9250016828809453,0.9453030402757778,0.9432937551644589,0.8688814196559584,0.9163339973465923,0.6852134154646818,0.8825490680853294,0.8421603457990252,0.9453842135851235,0.843795974860178,0.9375844381576608,0.8580306661530461,0.9377871015590614,0.8739502986720539,0.685213415464682,0.8924511439923637,0.7535144448794141,0.9495194495442565,0.8762879977600886,0.9870038583237335,0.818359996701394,0.9540615556502023,0.8983321117969463,0.9517441295565183,0.9301513240863678,0.9495194495442565
p1_M,0.5629551099183083,0.875046477041949,0.0,0.8349149021845175,0.8918007079504509,0.9673483838836943,0.8097637550005867,0.7368190235169847,0.7951076341784318,0.9152641503417576,0.755068285694084,0.8882932693469461,0.8882932693469463,0.8629109003394014,0.8773445588257189,0.8608029126270049,0.9481052266646683,0.589414752813803,0.8298099072732107,0.9605021604012389,0.5612785756306001,0.7962195722367188,0.9614003126538461,0.9326301365954337,0.805778530158987,0.8540589702876233,0.719003882366442,0.8220068840377226,0.9605021604012389,0.7072023694241147,0.9436232402977911,0.9427946840319121,0.5367763125039303,0.8271068874433856,0.9279034959226291,0.9109895373928905,0.6206368125816327,0.7317661902841763,0.9197374370356892,0.8201190864309342,0.5070195300756495,0.8569246572337172,0.919737437035689,0.814494116322485,0.8815270484708906,0.49089685351453005,0.6392086814553968,0.7880288772623985,0.8475066588280644,0.7695167286245364,0.9029316112204657,0.4651269579105617,0.8540589702876233,0.875046477041949,0.8782540541553359,0.6930414319016723,0.8484356419795889,0.8918007079504506,0.8968195722381038,0.5687829981540413,0.7998787575170994,0.6564492700871092,0.8540589702876251,0.5694276900240025,0.9068859994145182,0.6579708607571191,0.9029316112204657,0.6931533472456108,0.5454511698213715,0.9541896299485404,0.8941290646551585,0.6831812244452856,0.8918007079504509,0.6308179364408952,0.8918007079504506,0.3168206443514018,0.9789319557752637,0.9104984955009443,0.8468843067447929,0.9850406692683007,0.871899210769451,0.9386971679227426,0.895031025104558,0.6728936943485894,0.8918007079504506,0.8872399394319209,0.8688077246092829,0.8498345036951191,0.9042973512680643,0.8882932693469465,0.8918007079504506,0.9724787144741578,0.6496728330986203,0.7079132371954757,0.8429423482710732,0.7880288772623986,0.9801560920131409,0.30933432245276216,0.6163467556269135,0.6931843950682031,0.9832953261321591,0.8991086132420372,0.7471714123277675,0.8521973010084385,0.9397404057953452,0.6138094444949616,0.6919286762523273,0.5682572856600578,0.8657679762547947,0.6838159527417558,0.9894245425649195,0.9417955146810999,0.7927360071462353,0.9466414925907478,0.6007351226801824,0.7088973915403081,0.9385789134461193,0.9109895373928902,0.9850406692683005,0.6976503581176485,0.8144941163224853,0.9566311903317916,0.8057785301589873,0.8402398194588376,0.9789831466428031,0.9607079069567479,0.5834090583463885,0.7390657782147767,0.9584544227552207,0.8194852749688188,0.7289634644081242,0.8315764753314664,0.9427946840319121,0.919737437035689,0.8815270484708906,0.6822631902422649,0.7423862717108198,0.9376160975337486,0.6585745878536227,0.8848712502248579,0.4617769888499579,0.6323557490634322,0.9614445143545343,0.8229892815659995,0.973593572348779,0.809566677308712,0.7917782103155424,0.663599628687058,0.8512300448035055,0.7026484001207891,0.9152641503417578,0.7998787575170994,0.8973053541184907,0.614981445415063,0.9029316112204657,0.8512300448035055,0.7764054268788332,0.4851018125748554,0.9008120729470666,0.966706187504379,0.8084098434803901,0.9854707104323213,0.9749571409386522,0.5787109730034037,0.39861084377084144,0.8691607054841807,0.843125088348402,0.5486249700412182,0.9474363504294319,0.7534619072780846,0.8600960853075243,0.6907398102034057,0.9563233893016445,0.8448416754391175,0.9382005905972813,0.9638997741542822,0.9541896299485404,0.8141815211081282,0.854261670360065,0.7022516426805052,0.9944874731776496,0.9576002774183834,0.8754075788101028,0.8882932693469461,0.7515783186539257,0.8194698844728214,0.6976503581176488,0.7903787812883167,0.875046477041949,0.9140817941555841,0.8848712502248584,0.8165558862615871,0.40746226576808786,0.5677145589768611,0.8652903420416287,0.8918007079504506,0.8954023823601893,0.7736626550119535,0.7880288772623985,0.5534518207486114,0.7695167286245366,0.8882932693469461,0.8918007079504506,0.39028126693382337,0.5677145589768613,0.9152641503417578,0.8918007079504506,0.7098097002689576,0.8194852749688188,0.796688059491657,0.7296379131216182,0.87816594774628,0.8882932693469463,0.8918007079504506,0.6931533472456108,0.8918007079504506,0.8036702388384003,0.5577898190793004,0.5534518207486117,0.8918007079504506,0.9992140535488396,0.8918007079504506,0.6123991062247499,0.9782084549947732,0.8929170447517265,0.3479759855732635,0.8991086132420372,0.5126055905381033,0.8848712502248577,0.63905751075626,0.8688077246092836,0.8434864805334523,0.8839075912831991,0.808540691570371,0.9427946840319121,0.7856879905096834,0.7869574313974723,0.6752855538352218,0.8292986683070955,0.8984515905607443,0.819485274968818,0.8815270484708906,0.9949625014137061,0.9190178597011773,0.8918007079504506,0.7927381955186616,0.8918007079504506,0.7825024213066949,0.9689673741783531,0.9029316112204657,0.8456737070075293,0.5126055905381032,0.8954023823601893,0.8169813158537982,0.626622079111961,0.9685646037596052,0.9962433786149401,0.7043793415035693,0.899108613242037,0.9850903975250794,0.6788994007134822,0.6681914410253773,0.8882932693469465,0.9068859994145182,0.7534259911072598,0.9197374370356892,0.8231943418333463,0.9365789833977352,0.9700858004968942,0.8450157918837122,0.9706202793328345,0.9029316112204655,0.6773208579170213,0.7862930025575394,0.697484172698621,0.6138094444949616,0.635579547928814,0.9100368987299783,0.8598295527538453,0.9984689868383808,0.6138094444949616,0.7593754299344592,0.6040512366869975,0.906885999414518,0.5144221349610925,0.8600960853075241,0.6776822402306103,0.8085406915703713,0.6203238074705315,0.5687829981540422,0.7161557990058252,0.9760557307924651,0.4628817005798338,0.9541896299485402,0.929329017581551,0.6909009692932591,0.28583324639828744,0.8171901894705687,0.9109895373928905,0.9998909281330145,0.8512300448035053,0.9102490929172288,0.8578899519108554,0.5787109730034037,0.8040092425999461,0.937582172017251,0.7105687968424175,0.8220068840377226,0.556378658697936,0.8295097627646062,0.7536267205171054,0.8694234025255401,0.7897849550206901,0.9098944481519369,0.9640985879266407,0.9605021604012389,0.8380041383447434,0.9605021604012389,0.8814111757676197,0.8429905361746888,0.7004078734816358,0.8991086132420372,0.8918007079504506,0.902931611220466,0.9842496457512628,0.9097115979774821,0.6138094444949616,0.9068859994145182,0.9233738460510836,0.8918007079504506,0.8057785301589869,0.9109895373928905,0.919737437035689,0.7837660335892476,0.8022697277786728,0.8598295527538453,0.9029316112204657,0.6450184765178784,0.4318499590209839,0.9553462017783088,0.8782540541553361,0.64828454026627,0.899108613242037,0.8271068874433856,0.44087147941408567,0.875046477041949,0.809566677308712,0.919737437035689,0.5161712637584024,0.8999773716406341,0.5271113765339912,0.7190038823664417,0.8882932693469465,0.9317737336457657,0.9858718430453366,0.5889761348022218,0.5915146452977842,0.40303886515846477,0.8918007079504506,0.6886457615829857,0.824547087224186,0.8542616703600652,0.8632221916532624,0.9152641503417576,0.6704803039722536,0.8918007079504506,0.8918007079504506,0.8512300448035053,0.7951076341784316,0.9038686684587895,0.8918007079504506,0.915264150341758,0.8918007079504511,0.8349149021845172,0.25504823559208767,0.5521903666172367,0.9998909281330145,0.881872099049785,0.8992597885323734,0.3549869479511747,0.43576123667031896,0.8918007079504506,0.3334472593304959,0.8457632233052683,0.5242449650010994,0.5454511698213711,0.8053548090017983,0.9187731468056548,0.6776822402306104,0.5656126745131149,0.8918007079504506,0.466155968079665,0.8540589702876247,0.9900069216806103,0.6533269547910772,0.8954023823601895,0.3753490134278611,0.9107523671187101,0.8918007079504506,0.7787147951083384,0.5838662167238965,0.8918007079504506,0.8375645041075976,0.7340605340890005,0.4960963363715759,0.41423087169795103,0.5787109730034035,0.8918007079504506,0.9636847634903104,0.6931533472456108,0.968836846578246,0.9280113238402267,0.7459090413645799,0.8022815916598933,0.8046967529941975,0.813913665296889,0.5622615639049686,0.8040092425999461,0.7581449596587464,0.9907042037354444,0.6863875396524883,0.7493629842999512,0.18134740139413552,0.8627763408565619,0.5788484422307301,0.8398515774181603,0.8918007079504506,0.9541896299485404,0.6606254158410967,0.7118598557621059,0.871899210769451,0.8353959934263435,0.8848712502248579,0.9604976987014799,0.9326301365954339,0.8848712502248579,0.9029852527308233,0.7832742002999458,0.8750464770419488,0.29116920097589205,0.8165558862615874,0.9109895373928905,0.6727647087858128,0.915264150341758,0.8750464770419488,0.9799919051829569,0.8258255558899836,0.9180278279290824,0.9152641503417578,0.7091076177490874,0.8220068840377226,0.9923252188511815,0.8569246572337172,0.6135071886981778,0.5476112536801548,0.8991086132420372,0.9057013371667028,0.7856879905096839,0.6913503038897614,0.909915270876541,0.9313070303891746,0.8718992107694514,0.840239819458837,0.9214116142107818,0.8098009227704044,0.943035231332309,0.9813943157615574,0.9195520567558553,0.9960669064257994,0.8349149021845175,0.8598295527538453,0.8627763408565619,0.40680285143826167,0.8718992107694514,0.48955799968523284,0.8598295527538453,0.8279358069431355,0.980038543847977,0.9469971516571072,0.8814190381762594,0.6144680196367173,0.8872399394319208,0.8272934304752528,0.9109895373928902,0.8823638098537667,0.8092097373785838,0.8445596925710103,0.8457632233052685,0.752292971463331,0.9520275060446648,0.9029316112204655,0.9109895373928902,0.8660856746685759,0.5396889646322838,0.5406189632262,0.6205786567951309,0.9363038471323668,0.6236186923506359,0.9562175970779132,0.8815270484708906,0.7689555762463061,0.8918007079504506,0.6374311025589524,0.8918007079504506,0.8918007079504506,0.613905733684577,0.8627763408565616,0.8513970488424683,0.8918007079504506,0.5940424774651137,0.6543546810115064,0.8194852749688186,0.9062432608768844,0.35221620506946727,0.47402109314224505,0.8380041383447432,0.7927381955186625,0.6589878493055457,0.8782540541553356,0.9508604588232981,0.9068859994145182,0.8245470872241867,0.6200419926237883,0.6931533472456108,0.8754557732340407,0.9107523671187101,0.8848712502248584,0.8542006657557832,0.9068859994145182,0.813913665296889,0.6007351226801824,0.8089854010455964,0.8688077246092829,0.9450433420557232,0.6683614018378589,0.6940460060581839,0.5502971755085109,0.7998787575170994,0.8627763408565619,0.8296873519133927,0.8991086132420372,0.8688077246092845,0.8067755837578559,0.9038519355176631,0.6954030811565284,0.6685512531247899,0.9029316112204655,0.7568396074020358,0.8815270484708908,0.9791748965891598,0.6664446391820797,0.9584544227552207,0.5242449650010994,0.7902203744548106,0.7469859350282753,0.44270268728329265,0.6727647087858128,0.7927381955186619,0.4495338592084407,0.8992597885323736,0.8022815916598933,0.8811721535887156,0.8918007079504506,0.5788484422307301,0.8220068840377226,0.8918007079504509,0.7059512344058873,0.8688077246092827,0.8848712502248584,0.6592070611426262,0.5851260519996184,0.9506880141013583,0.5838662167238966,0.6775937591229136,0.6313001628391006,0.8718992107694512,0.7332204092493941,0.8848712502248579,0.8782540541553361,0.7008206406439674,0.9454621129724835,0.8598295527538453,0.6770935191953171,0.7446291736414028,0.4601482439315704,0.7088565492849237,0.7842505301712879,0.6887226606366104,0.5845487059166565,0.8402398194588374,0.915264150341758,0.8657679762547945,0.8954023823601895,0.4595977999258446,0.814017245544506,0.7718067781551368,0.8882932693469465,0.469406085646892,0.36882917569105245,0.9673483838836943,0.8167281584272266,0.8991086132420372,0.9686535738961322,0.7741353484139981,0.6621404838977814,0.8748396740376378,0.8496099180243025,0.8657679762547947,0.8035724596321672,0.5063799500031064,0.8882932693469461,0.6585745878536227,0.9197374370356894,0.8918007079504506,0.8271068874433856,0.6885623657036963,0.7613883344779255,0.7525492344931719,0.8918007079504506,0.8082592358119727,0.6392480467014967,0.7998787575170994,0.8349149021845172,0.28261752624586023,0.8533996882120163,0.7656433451988864,0.7300540483133062,0.7556634185348119,0.7998787575170994,0.6818613208532702,0.6410158228638786,0.6374311025589524,0.6540065038093783,0.8484356419795889,0.8991086132420372,0.8429905361746886,0.9850406692683005,0.8456737070075293,0.7736626550119533,0.9850406692683007,0.7437589045330278,0.8548730528847573,0.9279034959226291,0.8256273304662292,0.29324616974893025,0.9109895373928907,0.8918007079504511,0.8688077246092836,0.506677154996179,0.5787109730034037,0.8882932693469465,0.9376160975337484,0.8815270484708906,0.8882932693469465,0.8882932693469465,0.8271068874433853,0.8918007079504506,0.8815270484708906,0.8462633074936134,0.8918007079504506,0.9386971679227425,0.8658576721890101,0.9109895373928902,0.5622615639049686,0.9483117174169302,0.8954023823601893,0.8882932693469465,0.578355580467536,0.6976503581176488,0.8627763408565621,0.6612963237243661,0.8918007079504506,0.8902450233273334,0.937582172017251,0.679660094506926,0.5602843470700181,0.6628773739055622,0.9109895373928902,0.8954023823601893,0.8657679762547947,0.9135063197922981,0.8356379386668253,0.7110686243555888,0.8194852749688186,0.9190000934693122,0.9177773850880531,0.8530580659999643,0.8483264115782,0.9541896299485404,0.8512300448035053,0.639208681455397,0.9338281133377869,0.6800761783917906,0.8918007079504506,0.8918007079504509,0.3076639433072975,0.9152641503417578,0.545470978612473,0.6857147932695523,0.871899210769451,0.6260262656416016,0.8848712502248579,0.5549022293969951,0.5411981117069269,0.8918007079504506,0.8918007079504506,0.8169813158537989,0.9724067385936288,0.9731922541970478,0.6462723253664848,0.6704803039722536,0.5879670558090436,0.3241200616866692,0.5735086096314803,0.8569246572337172,0.6173205650869933,0.8918007079504506,0.7880288772623982,0.5788484422307301,0.9197374370356892,0.5689893567248681,0.6138094444949616,0.6403125748123586,0.8918007079504506,0.8918007079504506,0.5184606561382257,0.8554797762443019,0.5356113027799914,0.5221509969289051,0.5856654475765871,0.44461137012729646,0.8456737070075291,0.839863049800198,0.6473617079482434,0.6623015330104915,0.8918007079504506,0.8984515905607441,0.6114558676920614,0.6950923210521214,0.9109895373928902,0.7966880594916566,0.8122996049407314,0.9225298131703905,0.9686535738961324,0.8954023823601893,0.4214944504165933,0.8918007079504506,0.630817936440895,0.9206180783388169,0.7856879905096834,0.9635521432984312,0.5126479340448622,0.8750464770419488,0.7974876343235753,0.8364314139191729,0.906885999414518,0.7817441318772098,0.7066186935571892,0.8815270484708906,0.9490218194797997,0.8349149021845175,0.8540589702876242,0.6961033073162533,0.9029316112204657,0.8882932693469465,0.9372670509217484,0.8484356419795887,0.9219568517666138,0.8820316760174582,0.9197374370356892,0.968967374178353,0.9197374370356894,0.9197374370356888,0.9519132041712033,0.8542616703600654,0.7787147951083382,0.8918007079504509,0.9605021604012387,0.7962195722367188,0.8688077246092829,0.8238253764394894,0.6017729384306794,0.8882932693469461,0.8484356419795887,0.7942028702077828,0.8954023823601893,0.7341954044803887,0.824547087224186,0.91067448228598,0.8570392759768356,0.8918007079504506,0.9923252188511814,0.9640062838948074,0.660859713134609,0.9152641503417576,0.8569246572337172,0.8598295527538462,0.8631769125654992,0.8918007079504506,0.5838662167238966,0.4427026872832923,0.8598295527538458,0.5864267310891786,0.630817936440895,0.6015640166411412,0.6187115150421759,0.6530500820588989,0.8530398312450815,0.8341827605201997,0.5934806263916179,0.9320964215722473,0.8386370884168701,0.9850406692683006,0.9027925304906487,0.9640062838948074,0.8861868381096155,0.9333927619948952,0.6566740276930516,0.7927381955186623,0.42870518018730774,0.8918007079504509,0.8882932693469465,0.663599628687058,0.6018919242722613,0.7731765113374116,0.5242449650010994,0.4726324993014257,0.8918007079504506,0.5494642894337511,0.41792414855224347,0.8629109003394013,0.8918007079504506,0.6589878493055457,0.9107523671187101,0.6138094444949616,0.8627763408565616,0.8882932693469465,0.6117913741863005,0.8540589702876249,0.7677718362304873,0.8484356419795887,0.8046967529941969,0.8441847483274523,0.4372865281618775,0.8918007079504506,0.8722512319713729,0.8918007079504506,0.9109895373928902,0.9824319869134157,0.7536267205171054,0.9197374370356892,0.8429423482710732,0.6559567320976533,0.7974876343235746,0.8377297172163942,0.8918007079504506,0.6588356679872003,0.6346793431365563,0.6959342071713231,0.8402398194588376,0.6163884560903061,0.9029316112204655,0.7203806419756115,0.8375645041075979,0.8220068840377226,0.7718067781551372,0.4726324993014258,0.8220068840377226,0.7873673509703804,0.6585745878536232,0.28583324639828744,0.8220068840377226,0.9197374370356892,0.8540589702876247,0.8954023823601895,0.975796845872749,0.7258203869075426,0.8375645041075979,0.8598295527538453,0.987828276771795,0.4518516276492186,0.8920802319381607,0.8169813158537991,0.8512300448035055,0.8882932693469461,0.8688077246092836,0.6148056684015235,0.6110990691093339,0.7239710854030874,0.6450184765178784,0.8120228353578534,0.3966644373554449,0.8748942312251944,0.8954023823601893,0.6776822402306107,0.8114940044756471,0.9349027668523882,0.8619735183901875,0.9151285683178765,0.9347245437447826,0.6585745878536227,0.5960053845565405,0.7493629842999514,0.8429423482710732,0.8783194868022135,0.8485648350028434,0.7979182076048257,0.6863875396524886,0.7460597131433113,0.8630702674569268,0.7110686243555888,0.7986911660757181,0.6679449814624521,0.6788090176086243,0.8089854010455961,0.8508415046025106,0.906885999414518,0.924267533039717,0.7356689330100847,0.8540589702876233,0.9481052266646683,0.8164230371172474,0.9937151903375274,0.7267298407698881,0.9374125729858536,0.4442078660803628,0.6681914410253771,0.6907398102034052,0.8272213490316431,0.8122852773424605,0.8991086132420372,0.6578645668168772,0.7581449596587466,0.8456737070075298,0.899108613242037,0.8659700264580343,0.7088565492849233,0.8843905925451934,0.9531644691774961,0.7395160455356347,0.6750025103488664,0.9749571409386522,0.5901693537318433,0.937582172017251,0.6998953667208341,0.7372238885993296,0.6374311025589524,0.7718067781551374,0.7753016271609579,0.8954023823601893,0.9152641503417573,0.9283748764224644,0.9109895373928902,0.8041745210052791,0.6374311025589524
p1_VIYTPNREGFSQ,0.6869638390746422,0.9105012505384156,0.8349149021845175,0.0,0.9683086794376969,0.8762627027648181,0.9409338999166663,0.9359239730372082,0.9076715010813186,0.996705259555954,0.9339855047643736,0.919989349133864,0.919989349133864,0.894594594594595,0.7350826965236564,0.9710543028754368,0.7891973491730894,0.9307747569588933,0.9910578376517607,0.8884990470778119,0.9011211804466382,0.8621423904215095,0.9123838819213477,0.933215326897121,0.9446024350495379,0.8954688163631979,0.9581457206590636,0.9629372157622487,0.945896893760929,0.9105382563567382,0.8855707623626503,0.9304741538905168,0.9127986978904699,0.9994413423319624,0.9225015741707872,0.9541300190655136,0.9250812961986936,0.9952662150283398,0.9425114327004687,0.9675603521328204,0.8631636377692762,0.9230054833172634,0.9970799457879603,0.9255752772876336,0.8314344420445829,0.8729459857220001,0.9765510393593577,0.9922882207230793,0.898061818514462,0.885277268430531,0.9810522968844484,0.9528798927924794,0.8954688163631979,0.9508061295476462,0.9222662678337898,0.9374493795642361,0.8347836504853697,0.9225015741707872,0.8591208070331158,0.9958114695283622,0.8843265687811641,0.9709897444933986,0.9280014806583248,0.8992865236029117,0.7513285564495057,0.9753261709328147,0.816635131139825,0.8451722392971195,0.9581391175068811,0.8445057325000618,0.9938984828276253,0.9675603521328202,0.9858842152953935,0.8778897053591899,0.9225015741707872,0.9734798970232401,0.7848674221395782,0.9734273782715801,0.8113512895045099,0.9970799457879603,0.9476888747140071,0.95432444114824,0.9539981797161425,0.9633074212540199,0.9225015741707872,0.996225319046196,0.8621423904215093,0.9004472787052864,0.9832806424468286,0.9199893491338635,0.9225015741707872,0.888092083462408,0.8071962336586854,0.9944569952319231,0.8875064656813965,0.9013534900827228,0.844949299525896,0.9513406259898933,0.8863697661712904,0.9246345836709342,0.9032274698712803,0.9765510393593577,0.9858842152953937,0.9333206330743233,0.9014719896252963,0.9362456943690349,0.9742054644591542,0.947644379254216,0.9038554657884541,0.9225881530736926,0.8405282505479154,0.9334160095166193,0.8845837961898773,0.7689238463881612,0.9277359074596556,0.8463665238134097,0.8476694754062011,0.9362456943690349,0.7554454597416757,0.8923783169560897,0.984020314577772,0.8100897790177777,0.9824879598400399,0.9832566743197297,0.8573895994669336,0.9028538097082639,0.9250812961986934,0.9863050318789031,0.919989349133864,0.9205309941406192,0.8517666345135166,0.9277359074596556,0.7660569881458926,0.8158540812532469,0.8314344420445833,0.9201601602802497,0.9805508624493846,0.715478845151961,0.9304741538905168,0.9608634184056339,0.9605987121140802,0.9393074128728371,0.7726701555174715,0.8986476870566932,0.9257108793738832,0.9495972962983876,0.9860669976392635,0.8844834814579883,0.9675603521328207,0.8480173468722388,0.8884990470778118,0.9396559123265897,0.981619518057664,0.9377670913598033,0.7154788451519627,0.9281918474396418,0.8521026619012163,0.986980346941851,0.8469861071467206,0.9559937244223013,0.9960947146029893,0.8770035649415358,0.8812876779601599,0.9360575421791804,0.9732707772590499,0.9164949062751404,0.9256748817505505,0.8992865236029117,0.8797725351969929,0.9534956790158264,0.9456563706563708,0.8574600169443632,0.9598848913568985,0.9064625675447129,0.8845942410740211,0.904492582132273,0.9541300190655136,0.9619776763871524,0.716649862989461,0.9245765316454824,0.8653601694091138,0.9536751187028223,0.9374493795642358,0.9199893491338638,0.8943401105039527,0.9647606076969688,0.9577412106946848,0.9302302679046641,0.9105012505384156,0.8574523824786973,0.9608634184056339,0.9290476450874252,0.9913325464581244,0.9747092296087321,0.8666913852644194,0.9225015741707872,0.838746408960998,0.9175383063396303,0.9545326346798217,0.9966961509531889,0.9888168159544353,0.9464802705130722,0.9225015741707872,0.9800834159183269,0.9944062766664019,0.9393074128728374,0.9225015741707872,0.8896043244603334,0.8707051888795789,0.9001248489566038,0.9121416798754112,0.8158269777848213,0.8574600169443629,0.9225015741707872,0.93831745739636,0.922501574170787,0.9724291876439375,0.8929164957858678,0.9207699596510037,0.9225015741707872,0.8596598169726406,0.9225015741707872,0.9409338999166663,0.9420887388347676,0.8863529367844877,0.9966981620157498,0.8281884330418336,0.8867208322613405,0.9175383063396301,0.976074060063137,0.9060327047326973,0.8666913852644191,0.8014191303294622,0.9686220609785254,0.8166351311398248,0.9520753766313144,0.883332907012486,0.9324622348412388,0.9486641692651753,0.8707051888795789,0.930351993730951,0.8736715349160766,0.858724427485952,0.9958114695283622,0.9225015741707872,0.8515474244094854,0.9225015741707872,0.872314202569791,0.9303519937309508,0.930474153890517,0.9419297756780971,0.9260241912985483,0.7915119499929362,0.8689117123597327,0.9067169102590352,0.9100479243194204,0.7367761372283408,0.8322698807304469,0.8281884330418342,0.8529424887130495,0.9413841187405536,0.9303837137235333,0.9199893491338635,0.9858673317522391,0.8326030443854686,0.9425114327004687,0.7868456950912961,0.8690525985865258,0.8975213827250901,0.825427342399601,0.7973899164845191,0.96836956012162,0.9976919958403027,0.973314752025809,0.8774590135154127,0.9362456943690349,0.8001837518032733,0.9574631882963218,0.8082509147720796,0.9570211975143579,0.9362456943690349,0.8379427494953595,0.9365677526681817,0.8564502011688075,0.9979415841854361,0.8306949806949812,0.9277359074596554,0.9069834982716529,0.8448099664541662,0.9175383063396301,0.9765510393593577,0.9746338287409401,0.8921127087283751,0.9910578376517607,0.7915134847519538,0.9297016571766252,0.971054302875437,0.985594442128753,0.9541300190655136,0.7568486889608451,0.7590647512777449,0.9608634184056342,0.9177914171276885,0.8766054254974631,0.9455311507530764,0.828188433041834,0.9629411142488209,0.9026532767809434,0.9411525062285752,0.9393350016325397,0.9587879673472472,0.996737936602733,0.9225689470390822,0.8728953168594773,0.8728437828333908,0.9458968937609291,0.9620984523584042,0.9967052595559542,0.9697393763146017,0.9503543965663052,0.9470575615378745,0.9277359074596554,0.9225015741707872,0.9810522968844482,0.9595425947841236,0.8220836588712388,0.9362456943690349,0.9858673317522388,0.8574600169443631,0.9225015741707872,0.9067169102590357,0.9362456943690349,0.9366713242763891,0.9357408829096282,0.8446674097961633,0.8447692963661197,0.930474153890517,0.9307077762079483,0.8530037779305386,0.9446024350495377,0.9540324564594047,0.8463121825335778,0.9765510393593577,0.9686220609785257,0.8877861904107732,0.9508061295476462,0.9209318411003917,0.9970799457879603,0.8979935504205818,0.7540044068405467,0.8971106930340165,0.9573800935979493,0.9199893491338635,0.9307859145758749,0.8830417517200394,0.8845837961898773,0.9064825833658781,0.8943060814546407,0.9225015741707872,0.8845942410740211,0.8818801057626693,0.779009500855477,0.9657516752484123,0.9393074128728371,0.9534956790158267,0.9225015741707872,0.9225015741707872,0.9675603521328203,0.9834745963645103,0.7777840449036257,0.922501574170787,0.9458968937609289,0.802655794227755,0.862644787644788,0.9732707772590499,0.9661996292182582,0.9683086794376969,0.9221756491447483,0.9394173587034403,0.9277416787841584,0.9541734588583917,0.9225015741707872,0.9615810714290578,0.7657850588218766,0.9539911195872357,0.8205622880933259,0.9807394508561751,0.7682682240165752,0.9277359074596556,0.866597768818619,0.9225015741707872,0.8152330145858591,0.9633074212540202,0.9380568897829422,0.9859225783586081,0.9250812961986936,0.8890929890760418,0.9952662150283398,0.9225015741707872,0.8931902497972588,0.9798495696656483,0.9225015741707872,0.8898140158117227,0.9040618699183045,0.9273679626444428,0.88103361598678,0.8567880532702241,0.9225015741707872,0.9828993841730238,0.9534273909503799,0.909011023528459,0.8197137328849453,0.800875095664386,0.9141868065994085,0.8882603289449447,0.7966867035614483,0.9277359074596556,0.9979415841854361,0.9001248489566036,0.9123838819213478,0.8397466935353712,0.7546182801797303,0.9392192873892271,0.9017126880527937,0.9304741538905168,0.9633074212540204,0.9225015741707872,0.8993178757827877,0.9090241544371725,0.8545607303628724,0.9871307482212135,0.9906272620392718,0.9175383063396303,0.9514327974508134,0.9723157551667554,0.9175383063396303,0.97342737827158,0.9683086794376969,0.968584112433893,0.9722867600469249,0.6841263643405406,0.9910578376517607,0.850057798740844,0.9393074128728371,0.9508061295476462,0.8008418239058331,0.9142115541075304,0.900779874562475,0.8311012003946951,0.9295190684884742,0.9026532767809434,0.9860020009225581,0.994794736900322,0.9060327047326973,0.9864598200285577,0.9765510393593577,0.9389200949611649,0.8103747847408735,0.9057134610421451,0.97263879566368,0.8992865236029117,0.9082470012068007,0.9511570440214603,0.8488591863650052,0.8888069251443766,0.8158269777848218,0.9573800935979493,0.8765217835542678,0.8163419514797975,0.9904440154440156,0.9908428227422801,0.986745253931691,0.8965717760639883,0.9871307482212135,0.9480925519923309,0.8996020324755996,0.8608841892892476,0.9204433180544871,0.925818696841238,0.9534956790158264,0.8874451807660653,0.9733010371560206,0.9951357703402831,0.8993178757827875,0.947693885530183,0.9104584515535377,0.9858673317522388,0.9466368757657933,0.9151430007264558,0.7891973491730897,0.930474153890517,0.9541300190655134,0.8848772518315144,0.7992894910048216,0.9867571667771594,0.9464802705130722,0.9019701437287179,0.8113512895045099,0.9463035322237949,0.915143000726456,0.8986476870566931,0.9225015741707872,0.9333065093925881,0.9225015741707872,0.9225015741707872,0.8441637681711898,0.9017126880527933,0.784823688193983,0.9225015741707872,0.7889361594576549,0.8353076214509803,0.9801777989919911,0.8598431842327962,0.9669769883631788,0.9584625472803223,0.7113398399790833,0.8785462170031446,0.7973682020193062,0.9635000264027251,0.9531650549101229,0.9858673317522388,0.9352780314506284,0.8578073339968085,0.9534273909503799,0.9504635334903246,0.9540324564594047,0.9958114695283622,0.9942357838016831,0.9090110235284593,0.9775918141022026,0.9277359074596556,0.8061612146332326,0.9446701888736626,0.994794736900322,0.9388933740579655,0.9386455560880436,0.916016184190124,0.8566618970084514,0.9760740600631372,0.9972682333865338,0.9277359074596556,0.9833076730146284,0.8859808679290597,0.927946029650792,0.9121416798754112,0.8696693399894575,0.9810522968844484,0.9990157768469985,0.9151430007264563,0.9828993841730237,0.8698265568486924,0.9909903972974268,0.8950403863615903,0.9130183922143656,0.9425114327004684,0.8392524589836743,0.8922788694484414,0.8785462170031446,0.8635617282685626,0.8621423904215093,0.9742054644591542,0.9639168187726064,0.9225015741707872,0.9304741538905168,0.932795246271596,0.9225015741707872,0.8376547953800041,0.9780548428444061,0.9958114695283622,0.9872440367335156,0.8686188002217028,0.9760740600631372,0.840895560485015,0.9393074128728374,0.8612674490118694,0.7367761372283405,0.8186737967284907,0.9175383063396303,0.9635000264027251,0.8297028494237106,0.9205309941406192,0.7717325331780397,0.8235647425933679,0.8881773271523163,0.929912803499346,0.9244192185471838,0.9081008136077287,0.8652167446718884,0.8376547953800039,0.918363903192055,0.8311012003946953,0.793060335887529,0.9250812961986936,0.9967379366027328,0.9864598200285577,0.8618948557210497,0.9199893491338635,0.8371848439651217,0.8880265470939597,0.9970799457879603,0.8626449186901581,0.9765510393593577,0.8818801057626694,0.9767788452564459,0.9230054833172636,0.9302302679046641,0.8520841110021093,0.8688313854685339,0.9979415841854358,0.9476888747140069,0.9019701437287175,0.9810522968844484,0.9970799457879603,0.9225015741707872,0.8772815322542924,0.8035707911566196,0.8050361367184551,0.9715519476804579,0.922501574170787,0.9615490990176622,0.8828146182764455,0.8843265687811639,0.926544401544402,0.9893119279969469,0.9636356328314284,0.86632515115204,0.8544257849349406,0.9906272620392718,0.8666913852644192,0.8148041956658107,0.966504522233656,0.9858673317522388,0.9865413873777831,0.8690055601783252,0.7793733011421322,0.7117671771608176,0.9970799457879603,0.9906272620392718,0.9175383063396303,0.9425114327004687,0.8879743544154323,0.9941068010498537,0.7568486889608452,0.9900841479436326,0.9686525496311507,0.9362456943690352,0.8942700047615741,0.9060327047326973,0.784251332831271,0.8369706810429851,0.9199893491338635,0.9177914171276885,0.915143000726456,0.9199893491338635,0.9199893491338635,0.9069834982716529,0.9225015741707872,0.9996171864694428,0.9978926033054865,0.9225015741707872,0.9178060595541999,0.8914232368567269,0.9362456943690349,0.9277359074596556,0.9333065093925879,0.9250812961986936,0.9199893491338635,0.7779413665218697,0.8488030544636931,0.9388933740579657,0.7782585364229855,0.9225015741707872,0.834695803282358,0.9746338287409402,0.97263879566368,0.8231279160941702,0.9428545974512955,0.8993178757827877,0.8387464089609982,0.941740990578956,0.8310607868635619,0.9038554657884541,0.9858842152953933,0.9303519937309508,0.9745452330464994,0.9504635334903246,0.8579120462536565,0.9082470012068007,0.8993178757827878,0.7590647512777454,0.9765510393593577,0.9463035322237948,0.8426726912585285,0.9225015741707872,0.8484628994946646,0.9639168187726064,0.9393074128728374,0.9160575904088807,0.9581457206590637,0.97342737827158,0.8739981632251432,0.9175383063396303,0.8191359817749038,0.9270856363367523,0.9225015741707872,0.9225015741707872,0.9539853357670899,0.8481446113673639,0.9324622348412386,0.8988575031319983,0.9113809587811852,0.8609939859061815,0.911289647238362,0.8330337220426711,0.7794269761511456,0.8345688706245464,0.9225015741707872,0.8593403592303316,0.9304741538905168,0.9425114327004687,0.8890929890760417,0.9362456943690349,0.8037941781088709,0.9225015741707872,0.9225015741707872,0.8908887293853252,0.9858842152953934,0.8836419292881121,0.906032704732697,0.8489545534527236,0.995135770340283,0.9756512568194128,0.9784698031455157,0.8709729851023771,0.9078210928653356,0.922501574170787,0.8608841892892474,0.8623384906767169,0.9250812961986936,0.9910578376517607,0.953165054910123,0.9263888630481252,0.9495972962983876,0.8209328181671023,0.9250812961986936,0.9526511620195839,0.9225015741707872,0.7762334993076099,0.9123537495604529,0.8992865236029117,0.8498946509456329,0.9374906019231676,0.9282792334246623,0.8823845551200094,0.8141154564679585,0.9858673317522388,0.8446233611710579,0.7898637875872265,0.9996171864694428,0.8311012003946947,0.7987451737451745,0.8954688163631979,0.7745932914095683,0.9177914171276883,0.9644994759182184,0.8571779442131762,0.8914410719709875,0.930351993730951,0.9307859145758749,0.8158540812532471,0.9899987985823229,0.9425114327004687,0.9425114327004684,0.8514658570602601,0.878012490881434,0.9190338370173665,0.9225015741707872,0.7737033537115776,0.9446701888736626,0.9060327047326968,0.8867168000149587,0.9540324564594047,0.9909903972974269,0.8690055601783251,0.8637025644628553,0.933215326897121,0.8815846841909039,0.9733010371560202,0.770882901186942,0.7557960696422168,0.9225015741707872,0.8629109003394013,0.9683086794376969,0.8565269472627128,0.996705259555954,0.8975213827250901,0.9726387956636797,0.8084112754124477,0.9225015741707872,0.840895560485015,0.8392524589836743,0.8996020324755993,0.8428539722252646,0.8778897053591896,0.8545607303628726,0.9304741538905168,0.8701102736823141,0.9534956790158267,0.9385941992308808,0.9846729689118634,0.9495645679265194,0.9040256864972482,0.9425114327004684,0.9495645679265193,0.8484628994946644,0.971736367469256,0.9328110853236412,0.8786763344170292,0.9595425947841236,0.8900179418626883,0.9400771100284838,0.9199893491338635,0.8217672961587983,0.8376547953800041,0.8931902497972588,0.8557398975444936,0.8985762838601838,0.9225015741707872,0.854502881637919,0.942628228782052,0.926544401544402,0.9225015741707872,0.9222291237660198,0.9540324564594047,0.9362456943690349,0.986745253931691,0.9199893491338635,0.9177263123673711,0.9633074212540202,0.9472490927671249,0.8347836504853701,0.9428545974512955,0.9495645679265194,0.8655532333005618,0.9225015741707872,0.9082082945367815,0.9225015741707872,0.9910578376517607,0.9048784168015921,0.9444660552906168,0.9425114327004687,0.9539981797161425,0.9955096588608976,0.9530035537371707,0.9265444015444018,0.9225015741707872,0.9902085636774418,0.9892120137342906,0.9504941253990051,0.8520841110021093,0.8707051888795787,0.9177914171276885,0.8855707623626501,0.9160161841901238,0.8725113072902908,0.9885933112541219,0.8393677299937305,0.8725113072902908,0.8626447876447882,0.930474153890517,0.9803110486563885,0.8725113072902908,0.9425114327004687,0.8926955400626292,0.9250812961986936,0.712820482081429,0.9644994759182186,0.9807394508561749,0.7717325331780396,0.885277268430531,0.9801777989919911,0.9867452539316911,0.9279460296507922,0.8934425806304627,0.9644994759182186,0.9446701888736626,0.9125214925245277,0.9776061776061775,0.8018604359983967,0.9307077762079483,0.9811154523327068,0.9445553534795312,0.9675603521328207,0.9332153268971211,0.9765510393593577,0.9838121271240519,0.7792582516597412,0.9569057808979562,0.874486813395466,0.9013534900827227,0.9810522968844484,0.9333065093925881,0.8766128241993423,0.8875064656813965,0.9572912152802083,0.9428273933582367,0.9504635334903245,0.8612045594090734,0.9796265153694581,0.9160161841901235,0.9225015741707872,0.897744539442832,0.8810234245122153,0.8114220549067449,0.9013534900827227,0.7917844103067402,0.9615718458881101,0.661546562780237,0.9036846834807009,0.8954688163631979,0.7891973491730895,0.9539981797161425,0.995135770340283,0.8499737220532662,0.8938810878340344,0.9082470012068007,0.9513891747604617,0.9644994759182186,0.9903327602445162,0.9307214100702192,0.7793733011421319,0.9250812961986934,0.9001248489566038,0.956905780897956,0.9258186968412381,0.7620946337398171,0.9465779773256444,0.8150495279164498,0.9091612453963546,0.9091612453963546,0.8876463667544423,0.8447692963661199,0.9054634422475791,0.8281884330418344,0.9161985001434476,0.99084282274228,0.9333065093925881,0.8618948557210497,0.994794736900322,0.7442774910248744,0.9393074128728374,0.971054302875437,0.9910578376517607,0.8240460642962535,0.9333065093925881
p2_E,0.7807259771890067,0.9413411539914585,0.8918007079504509,0.9683086794376969,0.0,0.9623211158059548,0.8278085882470867,0.7960789049353042,0.9038142386822652,0.9602211523225768,0.9964123220916106,0.6057345150931088,0.2228439268167811,0.9683086794376969,0.910601968746465,0.885400876353422,0.9950603702402813,0.931488667261505,0.8846149163346163,0.9602211523225768,0.9009458271885945,0.9384124008873462,0.9888877218166614,0.9508971383859763,0.9369854052620168,0.9314886672615048,0.9950603702402812,0.6081911539429219,0.9574863565447539,0.8598212074455567,0.9250013316406696,0.3204189046682131,0.9980353634264252,0.918836138227167,0.32837301587301415,0.9582144552981327,0.9508971383859763,0.9428469360414604,0.9623211158059548,0.97998139075904,0.8993922310882434,0.932833950574053,0.8644606804686426,0.6262185821613939,0.9345041683711353,0.9081407584954335,0.9526370111116407,0.9386131743457118,0.9301606414450718,0.5666574724668763,0.9544316996038,0.8495864161552142,0.9314886672615048,0.9413411539914582,0.9428469360414604,0.97791348853611,0.9288488221297497,0.9492063492063487,0.8913069625116545,0.9459533477380775,0.8956288923209897,0.9779177832860688,0.9314886672615055,0.8993922310882432,0.9562880686171875,0.7106767612030844,0.9544316996038,0.9267569842313427,0.9765891832217265,0.9582144552981327,0.9665120503695124,0.9301606414450718,0.9492063492063489,0.7360709153718037,0.9492063492063487,0.8864622842804519,0.9384124008873462,0.9398636845831869,0.9446089488259499,0.9623211158059548,0.9964123220916106,0.9341976401680094,0.9739353004390978,0.7647981478754351,0.9492063492063487,0.9613251513423888,0.9384124008873462,0.7969095271386524,0.9305175527166338,0.9475597985845114,0.9492063492063487,0.9279034959226291,0.8605006952168124,0.9786830148361518,0.9739353004390978,0.9088987259051742,0.9253254956419286,0.8875255844205969,0.7468593326397857,0.7774457358293265,0.9288488221297497,0.9526370111116407,0.9492063492063489,0.7983254232663785,0.8706662210952578,0.9582144552981327,0.9471856021934963,0.7777200559261546,0.7914282554375616,0.8785858980308768,0.8759110188590662,0.932833950574053,0.7652689524497791,0.9094556823349393,0.9526370111116407,0.7937866699170062,0.9413411539914585,0.9582144552981327,0.9623211158059548,0.7046132778772884,0.9548120669934361,0.9202651318010482,0.9913026731221013,0.92500133164067,0.9314886672615055,0.8205834610107536,0.9508971383859763,0.9810324389242782,0.9886251033694343,0.9137080532218428,0.765307687290679,0.9526370111116407,0.9730533608234009,0.8644606804686435,0.944383427890573,0.8453085223330428,0.7152294463014093,0.9544316996038,0.9544316996038,0.9459533477380775,0.8046479448175347,0.9602211523225768,0.7978424092993638,0.9044788524275962,0.9227803491523987,0.9927984919267985,0.6711637088941629,0.7083340572373142,0.930160641445072,0.8180179329687023,0.9602211523225768,0.6576483873261382,0.8559522762859697,0.8811713725919916,0.900538421250602,0.9799813907590402,0.931839189111761,0.9140827360776207,0.7693319769533162,0.9551293872486744,0.8640713420057806,0.9526370111116407,0.9865548062843288,0.8284086162176741,0.8972062142375332,0.9164419655193168,0.8612222667022575,0.9750767117923147,0.9739353004390978,0.7924069556780697,0.9225015741707872,0.9475597985845114,0.92884882212975,0.9619684272088397,0.9301806902251255,0.9116607121466378,0.9632002305182422,0.9335587141907045,0.9905461600724843,0.9215191722498273,0.9117550006367756,0.9240490045471226,0.9239571786511698,0.9475597985845114,0.8904561153277737,0.8846909396641922,0.6733758960809252,0.9015943008452876,0.9413411539914583,0.9701429667321069,0.9919305345581159,0.9011031204098299,0.8511420268993706,0.7866211206538798,0.9060540201833016,0.9492063492063487,0.9508971383859763,0.9919305345581159,0.938613174345712,0.750290343175933,0.8918007079504509,0.9475597985845114,0.9492063492063487,0.8685695845092942,0.8148611882522669,0.9602211523225768,0.9492063492063487,0.9217519020931765,0.9992249226337293,0.8864622842804519,0.857008403331583,0.9442661027800154,0.9475597985845114,0.9492063492063487,0.8559522762859697,0.9492063492063487,0.7587615740028217,0.8685974240625229,0.8947179757556367,0.9492063492063487,0.8612222667022573,0.9492063492063487,0.8278085882470863,0.9071820194155726,0.9596571364772952,0.875911018859066,0.9526370111116407,0.8061796741685836,0.9459533477380775,0.9355809960386168,0.9384124008873462,0.9457174376824433,0.8402244909810184,0.9188361382271664,0.9544316996038,0.8993922310882434,0.8580985913882984,0.9027019168030599,0.9718218789028326,0.9580166426603274,0.9152582079543841,0.944383427890573,0.920265131801048,0.9459533477380777,0.9492063492063487,0.6327932917807777,0.9492063492063487,0.8665630754956405,0.9152582079543843,0.973053360823401,0.9275522446953857,0.8061796741685836,0.9508971383859763,0.6627235978761368,0.9369854052620168,0.9292058051524483,0.9398636845831869,0.7286399679267361,0.9526370111116407,0.871714603882036,0.8717146038820365,0.7040264530955788,0.9475597985845114,0.968354383009318,0.858173483507684,0.9623211158059548,0.783593713297511,0.7541282748365794,0.932833950574053,0.9032953985475973,0.9080511068923101,0.9544316996038,0.8168082149013267,0.8910425996126277,0.7993700008850906,0.9582144552981327,0.7323411099967436,0.9140827360776207,0.9341976401680094,0.9784157310816315,0.9582144552981327,0.7188135956445156,0.8128232674060247,0.9562880686171875,0.9358682901281234,0.9683086794376969,0.9526370111116407,0.9188361382271668,0.8793180926172992,0.9459533477380777,0.9526370111116407,0.9526370111116407,0.8269054211514353,0.9582144552981327,0.7762018136905978,0.9167889614218212,0.885400876353422,0.8244903252448113,0.9582144552981327,0.9851190476190474,0.97998139075904,0.9459533477380777,0.9544316996038,0.7999960359115464,0.6508510804143512,0.9526370111116407,0.9301606414450723,0.8242670087328126,0.8440180327877229,0.7240612710288985,0.7342152810431978,0.8983676175158462,0.9336474770134964,0.8390382634430407,0.9385684670671918,0.9602211523225768,0.9038142386822654,0.9602211523225768,0.9927913675399127,0.571640575574295,0.9908963593651974,0.9073884413700826,0.9492063492063487,0.9544316996038,0.9027019168030597,0.9821075314053485,0.9582144552981327,0.9562880686171875,0.9475597985845114,0.9492063492063487,0.9369854052620168,0.9582144552981327,0.9510697823313443,0.9106019687464653,0.8233095582802452,0.9341976401680094,0.9544316996038,0.7541282748365794,0.858173483507684,0.9369854052620168,0.9428469360414604,0.8709005235160128,0.9773757151292214,0.9044188733069928,0.9263050774651864,0.9413411539914582,0.9517002303366318,0.9623211158059548,0.8115034698580476,0.9630223853436268,0.7993700008850906,0.9443834278905732,0.9475597985845114,0.9882450462521556,0.8854008763534218,0.7937812374916591,0.7636608045089457,0.8475930273944765,0.9492063492063487,0.7450523201144429,0.9949841493208558,0.9905461600724843,0.9076027506473452,0.9602211523225768,0.9962604064950795,0.9492063492063487,0.9492063492063487,0.9301606414450718,0.8230700640466678,0.8904561153277737,0.9492063492063487,0.9602211523225768,0.9492063492063489,0.9225015741707872,0.8972062142375332,0.7866211206538798,0.9492063492063489,0.9237454173815309,0.9938077685674778,0.8616616667070358,0.8367785125630912,0.9492063492063487,0.8811713725919914,0.9596571364772952,0.8007464875602452,0.7979859337642077,0.9237454173815309,0.9021152573195566,0.9526370111116407,0.7792280426333984,0.9492063492063487,0.8256510411711881,0.9821075314053485,0.8591172857456588,0.7304494774588409,0.9508971383859763,0.8605006952168124,0.9428469360414604,0.9492063492063487,0.5851464350463987,0.7969095271386524,0.9492063492063487,0.9834594839173172,0.809022157130698,0.8420784215528956,0.8440180327877229,0.7715834556054183,0.9492063492063487,0.8638767417146942,0.9180353447095948,0.9562880686171875,0.8517144868263764,0.8152867967569697,0.9471856021934963,0.989027157583928,0.9331711877287372,0.9526370111116407,0.6132801141000306,0.8864622842804519,0.9888877218166614,0.8395779974239614,0.906856498638285,0.8706662210952578,0.7978853750711602,0.9544316996038,0.9314886672615055,0.9492063492063487,0.9582144552981327,0.9015943008452878,0.9562698275519141,0.43810130282415194,0.9275522446953854,0.9459533477380777,0.9119538708281425,0.9508971383859763,0.9459533477380777,0.9964123220916106,0.9492063492063492,0.9413411539914585,0.8790644420447882,0.9428307668638465,0.8846149163346158,0.7601530758998256,0.9602211523225768,0.7697291134367075,0.9355809960386168,0.9434764183797985,0.9938077685674778,0.9602211523225768,0.913263288554971,0.959657136477295,0.7471714123277673,0.932833950574053,0.9384124008873462,0.9027019168030599,0.6274393463335315,0.9188361382271668,0.9372344714402789,0.888597441674465,0.9341976401680094,0.9870810478556494,0.9398636845831869,0.9809662470451707,0.8697493950485444,0.9175238558077218,0.9770647288625648,0.944383427890573,0.9863020269801537,0.9266101958517023,0.6652344784270255,0.9610880275993516,0.9888877218166616,0.8464043925548683,0.9398636845831869,0.8517144868263764,0.9341976401680097,0.9152582079543843,0.7935775465776655,0.9526370111116407,0.9131684630076989,0.8511420268993706,0.9613251513423888,0.9113965671515782,0.9582144552981327,0.9835656862891846,0.9640062838948074,0.8929968346358236,0.959657136477295,0.944383427890573,0.9443834278905732,0.973053360823401,0.9582144552981327,0.97201754229775,0.8546678929617308,0.9129151319089193,0.9475597985845114,0.9475597985845112,0.7995580157673214,0.9871891849714198,0.9443834278905732,0.8717146038820361,0.9492063492063487,0.9562880686171875,0.9492063492063487,0.9492063492063487,0.7486025637696189,0.9355809960386172,0.9188361382271664,0.9492063492063487,0.8477472607854528,0.8057886891115326,0.9152582079543842,0.9758344607938763,0.9153139730017577,0.805849966291601,0.9428307668638465,0.9027019168030599,0.7125472808372365,0.9428469360414604,0.8864622842804517,0.9562880686171875,0.9949841493208557,0.9470547902208427,0.8646739158077181,0.92500133164067,0.9389176628943108,0.805582181446696,0.9820230673219618,0.9683543830093178,0.933171187728737,0.9526370111116407,0.9386131743457118,0.9384124008873462,0.9842968264073595,0.9355809960386168,0.7559587609448177,0.9237454173815309,0.9749557273192732,0.6912719235150709,0.9200475251844389,0.9073884413700832,0.9384124008873462,0.9813818316380161,0.9140827360776209,0.7381936753103917,0.8995853467709887,0.9544316996038003,0.9561617868108664,0.9443834278905732,0.9952327064015155,0.9253254956419286,0.9475597985845112,0.8570924188866518,0.926270021131592,0.9623211158059548,0.8343356316982855,0.7298864606206957,0.9027019168030599,0.8603122475559108,0.9384124008873462,0.9471856021934963,0.8775612799148106,0.9492063492063487,0.9544316996038,0.9164419655193168,0.9492063492063489,0.8612222667022575,0.9938077685674778,0.9459533477380777,0.9783994202533958,0.8605006952168124,0.935580996038617,0.7684493465640942,0.9602211523225768,0.8218581062145831,0.9470390403999662,0.7802035517199599,0.9459533477380777,0.9389176628943107,0.9380414785683449,0.9580166426603274,0.9341976401680094,0.808854675956181,0.9500146876888516,0.8392059565807759,0.8189811782011488,0.9188361382271664,0.7578937685581039,0.8927713255769503,0.92500133164067,0.9602211523225768,0.9913026731221011,0.9813818316380163,0.8388272306092,0.6327932917807777,0.9655358493300292,0.9475597985845114,0.8243917750973905,0.8709005235160128,0.9623211158059548,0.9518913447661276,0.8374011676109445,0.8202213519738354,0.9164419655193168,0.932833950574053,0.9063521235638523,0.97201754229775,0.791428255437561,0.8982973238138033,0.9398636845831869,0.9475597985845114,0.9544316996038,0.962321115805955,0.9492063492063487,0.9188361382271666,0.897424043303001,0.9933672327848193,0.9200475251844389,0.9492063492063487,0.9867651452593773,0.8534949983155187,0.6179849698269959,0.9225015741707872,0.9038142386822652,0.9279034959226291,0.8811713725919914,0.7909463138674687,0.9275522446953857,0.9060540201833016,0.690489580124326,0.9266101958517023,0.9562880686171875,0.9027019168030597,0.9288488221297497,0.9773757151292214,0.9580166426603276,0.9623211158059548,0.927406180672594,0.9459533477380777,0.9623211158059548,0.9413411539914582,0.9288488221297497,0.9851190476190474,0.9020234243808677,0.8843412180810759,0.9582144552981327,0.9194444444444443,0.5076339223113403,0.808854675956181,0.7715834556054183,0.9475597985845114,0.9544316996038,0.9443834278905732,0.9475597985845114,0.9475597985845114,0.9188361382271665,0.9492063492063487,0.944383427890573,0.9071820194155725,0.9492063492063487,0.9341976401680094,0.9266101958517023,0.49168834541648687,0.9526370111116407,0.9562880686171875,0.9508971383859763,0.9475597985845114,0.8243917750973906,0.9545123322481959,0.7978853750711603,0.8599690772916861,0.9492063492063487,0.9471856021934963,0.9526370111116407,0.9341976401680094,0.7822140588685709,0.9083158055901506,0.963200230518242,0.9508971383859763,0.9913026731221013,0.9564664879277861,0.9369854052620168,0.9492063492063489,0.9152582079543841,0.92126914699118,0.9339500363880904,0.8932410283108929,0.9398636845831869,0.9582144552981327,0.97998139075904,0.9526370111116407,0.9071820194155724,0.7083340572373142,0.9492063492063487,0.9492063492063489,0.9508586339370193,0.9602211523225768,0.8377384241745149,0.9950603702402812,0.9398636845831869,0.7397319772351776,0.9459533477380777,0.7851614409903767,0.7923706875053153,0.9492063492063487,0.9492063492063487,0.9589591641085066,0.9485635112687547,0.9027019168030597,0.8058499662916011,0.7018358251808479,0.8440180327877229,0.8399134433261004,0.7746731083112833,0.9842968264073595,0.7571027055111268,0.9492063492063487,0.9004911494084336,0.9544316996038,0.9623211158059548,0.8605006952168124,0.9582144552981327,0.9340194006619887,0.9492063492063487,0.9492063492063487,0.8034773333283489,0.9492063492063489,0.7951944289637023,0.9384124008873462,0.888146704974508,0.8993922310882434,0.9758994362393925,0.9372344714402789,0.9230254244308758,0.8812418962256667,0.9492063492063487,0.9152582079543843,0.8079402234382972,0.9508971383859763,0.9632002305182422,0.991632948188578,0.8938586101242288,0.951700230336632,0.9176344520056336,0.10100844194991543,0.8591172857456588,0.9492063492063487,0.7360709153718037,0.9176344520056336,0.9492388075036137,0.9714711165829839,0.8654234385275941,0.9413411539914585,0.7410572237903065,0.9155456680159726,0.8929968346358232,0.872481204017946,0.6945150159634078,0.9950603702402812,0.9602211523225768,0.9225015741707872,0.8154170120192782,0.7571027055111268,0.9544316996038,0.9475597985845114,0.8240394074243416,0.9288488221297497,0.9152582079543843,0.8977592394954912,0.7778515786059426,0.9152582079543843,0.8644606804686427,0.9623211158059548,0.9414106494210732,0.9905461600724844,0.8815663594924682,0.9851190476190477,0.9602211523225768,0.9384124008873462,0.7846107607119965,0.8910707793081734,0.9428469360414606,0.9475597985845112,0.8748925122448099,0.8939536575643379,0.9508971383859763,0.8529585859137301,0.9176344520056336,0.828568202379047,0.8015241762228431,0.9492063492063487,0.8918007079504509,0.9492063492063489,0.7866211206538799,0.9602211523225768,0.932833950574053,0.9341976401680097,0.8869938104977821,0.9492063492063487,0.9392104300114424,0.8343356316982855,0.751659363134074,0.766865052608132,0.8558385346892363,0.8717536922859104,0.9544316996038,0.7433271986454171,0.7622165788456621,0.86282129710497,0.8590530004149175,0.9888877218166614,0.8732007079970958,0.9623211158059548,0.9888877218166614,0.9851190476190476,0.8982973238138034,0.9301606414450718,0.7146198675909555,0.9027019168030599,0.8392059565807761,0.9492063492063489,0.9475597985845114,0.7383065586513005,0.8927713255769505,0.8961186971729784,0.8570924188866521,0.8231275036273115,0.9492063492063487,0.7880717061286087,0.8633240709217587,0.9225015741707872,0.9492063492063487,0.9213989428943467,0.9428469360414602,0.9582144552981327,0.935580996038617,0.9475597985845114,0.8766475407506158,0.6635604195877485,0.8972062142375332,0.9288488221297497,0.5670604064502979,0.9888877218166614,0.8702815874708267,0.9492063492063487,0.9758994362393925,0.9492063492063487,0.9632002305182419,0.980682779015039,0.8729220086343701,0.9623211158059548,0.926270021131592,0.7715834556054185,0.9049315186013056,0.9683086794376969,0.9492063492063487,0.756019869478177,0.745100985070775,0.8812418962256667,0.92500133164067,0.9152582079543843,0.9544316996038,0.9250013316406696,0.9237454173815309,0.9164419655193168,0.7801538414269056,0.8231275036273116,0.9164419655193168,0.9225015741707872,0.9544316996038,0.885400876353422,0.9164419655193168,0.9623211158059548,0.9821075314053485,0.9813818316380161,0.920265131801048,0.9475597985845112,0.9370619345667413,0.9341976401680094,0.8918007079504509,0.9152582079543843,0.7445786492931159,0.9564021026822449,0.9203771106130234,0.7333647111852165,0.9384124008873462,0.8404141642291889,0.9225015741707872,0.9400050159634594,0.7541282748365793,0.9532451920987461,0.908315805590151,0.9301606414450718,0.9508971383859763,0.9526370111116407,0.9784157310816315,0.7038434957604058,0.9275522446953857,0.9758994362393925,0.7945326510933391,0.9544316996038,0.9562880686171875,0.873812019591417,0.9307341409458905,0.8765646436149181,0.9076027506473452,0.9250013316406698,0.8527760996057683,0.9913026731221013,0.9701429667321069,0.9492063492063489,0.8076302785145044,0.987394624057748,0.9548120669934361,0.6420445513442251,0.8495864161552142,0.9562880686171875,0.9188361382271664,0.875911018859066,0.9314886672615048,0.944383427890573,0.926270021131592,0.9372344714402789,0.8717146038820363,0.8449554775620965,0.9398636845831869,0.8743499943821069,0.9248100053233802,0.9522711537700372,0.8801085107890287,0.9526370111116407,0.9508971383859763,0.7279119480564191,0.9275522446953854,0.9526370111116407,0.8762768783002743,0.9586324961848864,0.8546678929617308,0.9298144168543093,0.9919305345581159,0.756019869478177,0.9341976401680094,0.9414106494210732,0.9773757151292214,0.7961555888510777,0.9341976401680094,0.9562880686171875,0.9618040623148092,0.9127774219260274,0.9813818316380161,0.9602211523225768,0.885400876353422,0.9582144552981327,0.8475930273944763,0.9562880686171875
p2_R,0.847805253721567,0.6624840621735415,0.9673483838836943,0.8762627027648181,0.9623211158059548,0.0,0.8722678885791348,0.8487307132759604,0.9286491105644257,0.9704919301607371,0.9553906988562064,0.9610996995613954,0.9610996995613954,0.5742195952069638,0.6869242541267297,0.9149900225490741,0.8815382336298225,0.9491780856091547,0.9690033562225546,0.3783633287195286,0.9630587443532561,0.9543141322095119,0.6962920717066452,0.9471168020442999,0.953255582527178,0.949178085609155,0.9587434581480645,0.9380163966266191,0.3783633287195285,0.8694627353424192,0.9936310971469992,0.9661972965770262,0.9576036838348734,0.9397924012017989,0.9623211158059548,0.9690033562225546,0.9635753483468392,0.964434201439255,0.9720496894409938,0.9861053894336533,0.9752737206364959,0.9501760208500687,0.9720496894409938,0.9354001807590553,0.9587434581480645,0.7930216256782658,0.9428375253830149,0.9261840328635951,0.9481929520311925,0.9197374370356892,0.9661972965770262,0.7897291426361948,0.949178085609155,0.9564866901437918,0.9576036838348734,0.9880755935910335,0.9472198404849024,0.9623211158059548,0.8935446993031987,0.9599080294518356,0.9303105872741888,0.8747439046690527,0.9491780856091547,0.9752737206364959,0.9675743567407267,0.8620129124748326,0.9661972965770262,0.9750176878081551,0.9477961055696322,0.9690033562225546,0.7004153409499312,0.9861053894336533,0.9623211158059548,0.871437530173562,0.9623211158059548,0.9620090329381987,0.9543141322095119,0.9553906988562064,0.8689304945061069,0.9137336093857832,0.9553906988562064,0.49643970240260005,0.9453068780840737,0.9491780856091547,0.9623211158059548,0.7153934851415809,0.8995793727310534,0.8550872530468148,0.9695535385776712,0.9610996995613952,0.9623211158059548,0.7469859350282755,0.7768546873095725,0.8923606027185702,0.9453068780840737,0.9261840328635953,0.7055612652499124,0.9630587443532561,0.8663981446497517,0.9035853419274653,0.9472198404849024,0.4813551083532045,0.9510697823313444,0.8581211822353753,0.9901199804948464,0.9690033562225546,0.6468113578804158,0.8496516619740198,0.9532555825271782,0.8730956945148611,0.7403218848132079,0.981956748291383,0.8944675982845545,0.6912633042087521,0.9648659912110238,0.8392586329331393,0.6624840621735417,0.9690033562225546,0.913733609385783,0.8947109826062527,0.9354001807590553,0.7631666477878627,0.953255582527178,0.621612242262904,0.9840677331869967,0.8185746204202073,0.9471168020442999,0.9365230764056001,0.7022728639633591,0.9371382816751241,0.9056153321941816,0.9648659912110236,0.9381728330554158,0.9720496894409938,0.9587434581480645,0.7962394877621245,0.9102896363632476,0.9381728330554158,0.9661972965770262,0.9599080294518356,0.9676837770879048,0.9704919301607371,0.86976889809915,0.9480457155580746,0.8044782210636211,0.9336842693103169,0.9684455580859814,0.8828532941996556,0.9481929520311925,0.8207663324301319,0.9704919301607371,0.9303105872741888,0.8612368600037131,0.9568784918748878,0.8425429626878579,0.9481929520311925,0.7381082569577729,0.9362663130722397,0.8939283999593048,0.7631666477878627,0.8799270736133202,0.9428375253830148,0.9107192181558882,0.8532920118076435,0.972947370281771,0.7770312045318656,0.980265590090454,0.8750116732174087,0.9453068780840739,0.9250632826893763,0.815854081253247,0.9610996995613952,0.9880755935910334,0.9223798585420757,0.8915752582995886,0.957368823799184,0.51282042709389,0.9040598105946911,0.9996437898601824,0.8992960027516222,0.9345395918631998,0.9641171417560048,0.8586664617429048,0.9610996995613954,0.8954927753294003,0.8235946662810771,0.9359056217993147,0.927002353944838,0.9564866901437918,0.9434341193662401,0.9599080294518356,0.9286491105644255,0.7881119119846209,0.8440565830183069,0.9303105872741888,0.9623211158059548,0.9635753483468392,0.9599080294518356,0.9261840328635951,0.8489004959516886,0.9673483838836945,0.9610996995613954,0.9623211158059548,0.987877546040212,0.8440565830183069,0.9704919301607371,0.9623211158059548,0.87638266886087,0.9371382816751244,0.9157773781681393,0.8939283999593048,0.9813508256697674,0.9610996995613954,0.9623211158059548,0.8931449617140894,0.9623211158059548,0.860380696433722,0.9982208564121748,0.9659377873089219,0.9623211158059548,0.8970542565865081,0.9623211158059548,0.9492794165942646,0.9633423340760359,0.663050244995259,0.9958823419075238,0.9648659912110238,0.830271740571741,0.9599080294518356,0.9774873843362967,0.9543141322095119,0.9127697146833385,0.8459404597981652,0.7688521133858539,0.9661972965770262,0.9253688519211308,0.9189419416378726,0.9788715516976694,0.9778525174284829,0.9371382816751241,0.9371382816751241,0.9587434581480645,0.7171890292645676,0.9599080294518358,0.9623211158059548,0.9278239868212363,0.9623211158059548,0.839963909906706,0.7809209491441991,0.9661972965770262,0.946258035412129,0.830271740571741,0.9635753483468392,0.9362663130722397,0.953255582527178,0.6961799377177751,0.9553906988562064,0.8970542565865081,0.9648659912110238,0.7494968044119236,0.9480457155580746,0.8844523283713124,0.9610996995613952,0.9675743567407267,0.7797528582489327,0.9720496894409938,0.8763826688608702,0.8763826688608702,0.9501760208500687,0.9470898955447689,0.7426725695110277,0.9661972965770262,0.8876315196146514,0.8496516619740198,0.8353231768642491,0.9690033562225546,0.8730956945148611,0.7288789191009561,0.9511876099263499,0.9776569049810195,0.9690033562225546,0.9304564132545028,0.899960076676072,0.9675743567407267,0.8277077380726955,0.876262702764818,0.9648659912110236,0.9397924012017989,0.8568667102675338,0.9599080294518358,0.9648659912110238,0.9428375253830149,0.8129560940834346,0.6164556704306015,0.8879543751997392,0.8923606027185702,0.9609676410723689,0.8375373339717103,0.9273614004407345,0.962321115805955,0.9861053894336533,0.7124267297718094,0.8425429626878579,0.8532920118076435,0.9741037694931158,0.9648659912110238,0.9481929520311925,0.9380163966266191,0.8717933901085884,0.932833950574053,0.91420396482916,0.8054803010644618,0.8558507226181659,0.8780124908814331,0.7472588339866415,0.9704919301607371,0.9286491105644257,0.3783633287195267,0.9397924012017989,0.9371382816751241,0.932833950574053,0.9648659912110238,0.9623211158059548,0.966197296577026,0.8169381887965974,0.9840677331869968,0.9690033562225546,0.9675743567407267,0.8705865822009817,0.9623211158059548,0.953255582527178,0.9690033562225546,0.9720496894409938,0.9579181659574109,0.8250094961924574,0.634532874320363,0.9661972965770262,0.8763826688608702,0.9726147733801582,0.688586959521339,0.9576036838348734,0.7630301393628991,0.9648659912110238,0.9397924012017989,0.9508366667997827,0.9564866901437918,0.9336842693103169,0.9720496894409938,0.8261162570094343,0.7105810163033841,0.8353231768642491,0.961397387740879,0.9610996995613952,0.8197444891395496,0.9930547404043362,0.8568667102675336,0.8577507109035436,0.7921166669210785,0.9623211158059548,0.8915752582995886,0.9389009867184677,0.999643789860182,0.7730110731649062,0.9704919301607371,0.8852493927538767,0.9623211158059548,0.9623211158059548,0.9481929520311925,0.9286491105644255,0.7738798281022033,0.9623211158059548,0.59541157575944,0.962321115805955,0.8158540812532467,0.972947370281771,0.8952501289971454,0.9510697823313444,0.9434341193662403,0.9543141322095119,0.9143480251080165,0.8953882126548842,0.9623211158059548,0.9568784918748878,0.7200407247635621,0.8343249892961566,0.8734757225311298,0.9434341193662403,0.7967242485296615,0.9648659912110238,0.8487307132759603,0.9623211158059548,0.8140963117651729,0.9840677331869968,0.8954927753294004,0.9512027620468051,0.9635753483468392,0.9908777073428441,0.6525857425357658,0.9623211158059548,0.9229405345355657,0.9301516024075414,0.9623211158059548,0.9341913284130113,0.9282993639754937,0.9223798585420757,0.7960141260477718,0.8532920118076435,0.9623211158059548,0.8664029368341128,0.8203004969566802,0.9675743567407264,0.970911469867437,0.9766480817697787,0.983902503224694,0.9319883865480127,0.9229405345355657,0.9648659912110238,0.9763491073983368,0.9157773781681393,0.9774873843362967,0.9313600044484991,0.7885622472224324,0.9470898955447689,0.9522137875062904,0.9661972965770262,0.9491780856091547,0.9623211158059548,0.9690033562225546,0.7690703398380716,0.8612502633673058,0.9553906988562064,0.9899835764925834,0.9599080294518358,0.8503422854230378,0.9471168020443,0.9599080294518358,0.9553906988562064,0.9510697823313444,0.9564866901437921,0.9994611990171964,0.762630047564004,0.9690033562225546,0.8860449046541115,0.9704919301607371,0.9564866901437921,0.696292071706645,0.9647089215353348,0.9726326202607707,0.9704919301607371,0.924044751246055,0.9380163966266191,0.9850406692683006,0.9501760208500687,0.9543141322095121,0.9788715516976696,0.5736515917591666,0.9980634982842684,0.9253688519211307,0.9528969934766465,0.9797658041147691,0.9253688519211309,0.9553906988562064,0.9443657603723179,0.8039807896790847,0.8684477557283841,0.9667762608570645,0.961397387740879,0.9756474243794322,0.7971404147868457,0.9425114327004687,0.9511876099263499,0.9522137875062906,0.7934274222916355,0.9553906988562064,0.970911469867437,0.9511876099263499,0.9371382816751241,0.8547624211186655,0.48135510835320494,0.8852493927538767,0.9826888816980899,0.9965185747417931,0.9253688519211309,0.9690033562225548,0.8753236120931847,0.9197374370356892,0.9675743567407267,0.995006876394922,0.9587434581480645,0.4822424630745399,0.9661972965770262,0.9690033562225546,0.621612242262904,0.7839930876682069,0.9906522225387779,0.9547434413197934,0.9610996995613952,0.8689304945061069,0.931147340525424,0.9587434581480645,0.7062885929790657,0.9623211158059548,0.9675743567407267,0.9623211158059548,0.9623211158059548,0.8655480930335331,0.9522137875062906,0.5940388221384438,0.9623211158059548,0.8586309929616844,0.8796338709830265,0.9935264355112595,0.7846420139571659,0.9568784918748878,0.9686762654666128,0.7626300475640045,0.9278239868212361,0.8812473067855706,0.9576036838348734,0.9620090329381987,0.9675743567407267,0.9389009867184679,0.872479297149139,0.8931449617140894,0.9443657603723179,0.9576036838348734,0.9599080294518358,0.8622506099222338,0.33677550037282455,0.971803912061864,0.9648659912110238,0.721899103237125,0.9543141322095119,0.9501760208500687,0.9774873843362968,0.8876315196146514,0.9953786045233857,0.9303105872741888,0.9522137875062904,0.9406910117203195,0.9648659912110236,0.9543141322095121,0.9635753483468394,0.9920754410433736,0.8939283999593048,0.8039807896790847,0.9661972965770262,0.9760563522715158,0.9587434581480647,0.9407233198726148,0.7525975689189661,0.9547434413197933,0.8343249892961566,0.991834013047275,0.9720496894409938,0.8059290360431441,0.8860449046541115,0.9278239868212361,0.8083078957473229,0.8265261252013361,0.931147340525424,0.9578899577083524,0.9623211158059548,0.9661972965770262,0.9380163966266188,0.9623211158059548,0.8533117429016546,0.9543141322095119,0.9599080294518358,0.9289749041786237,0.7768546873095726,0.9522137875062906,0.8550872530468148,0.9704919301607371,0.8174671235160886,0.9553906988562064,0.9009488545209479,0.9599080294518358,0.574623627809894,0.906289146258993,0.9935264355112596,0.9107192181558882,0.9487990223782055,0.9110706954672416,0.8010546007406152,0.8986133813304025,0.9397924012017989,0.8747439046690528,0.7701004093977086,0.9443657603723179,0.37836332871952727,0.953255582527178,0.9635753483468394,0.9982208564121751,0.9278239868212361,0.9205349146293753,0.9610996995613952,0.8152281195719793,0.9996425793957208,0.9720496894409938,0.9102896363632476,0.9648659912110236,0.9965185747417931,0.7200407247635621,0.9501760208500687,0.927002353944838,0.6216122422629042,0.953255582527178,0.9245566463845685,0.9553906988562064,0.9610996995613954,0.9381728330554157,0.5710835058661164,0.9623211158059548,0.9397924012017989,0.9732258578585533,0.8568667102675338,0.7055923194405043,0.9623211158059548,0.9134191021410438,0.7853791440673986,0.9303105872741888,0.9425114327004687,0.9286491105644257,0.6517640413322647,0.9118525638325778,0.8611987693590748,0.6074332479208554,0.9303105872741888,0.8892126720780515,0.9864188438370333,0.9675743567407267,0.6637954941672967,0.9472198404849024,0.9648659912110238,0.6681446414719283,0.9720496894409938,0.9462580354121286,0.9581756603540755,0.9720496894409938,0.9673074603196743,0.9880755935910336,0.43141517115514116,0.9223798585420759,0.9599342186802842,0.9690033562225546,0.962321115805955,0.9726326202607707,0.8282072461373999,0.8532920118076435,0.9610996995613952,0.9381728330554158,0.9587434581480645,0.9610996995613952,0.9610996995613952,0.9397924012017987,0.9623211158059548,0.9587434581480645,0.9311473405254241,0.9623211158059548,0.9797658041147691,0.7498208075242988,0.9690033562225546,0.9648659912110238,0.9675743567407267,0.9635753483468392,0.9610996995613952,0.8152281195719793,0.8947109826062527,0.9522137875062904,0.8820512005878685,0.9623211158059548,0.9633423340760361,0.4813551083532047,0.9797658041147691,0.8468751980607188,0.9319883865480127,0.9273614004407343,0.41126970439113997,0.9532555825271782,0.9935264355112594,0.9532555825271782,0.9623211158059548,0.9371382816751241,0.7004153409499312,0.9316279546663166,0.8804415508981578,0.9700351664034114,0.9273614004407345,0.7232987552930361,0.9648659912110238,0.983902503224694,0.9223798585420755,0.9623211158059548,0.5180242730178407,0.9578899577083524,0.9704919301607371,0.7677892378256611,0.9587434581480645,0.9553906988562064,0.86976889809915,0.9599080294518358,0.8450009511531917,0.840228684591694,0.9623211158059548,0.9623211158059548,0.9362663130722397,0.8542772224254338,0.6637954941672966,0.8059290360431441,0.8852493927538769,0.8339037580781801,0.7646343017371666,0.8514803618114826,0.9501760208500687,0.8612502633673058,0.9623211158059548,0.9261840328635951,0.9661972965770262,0.9720496894409938,0.7768546873095725,0.9690033562225546,0.8747439046690526,0.9623211158059548,0.9623211158059548,0.832310684954062,0.962321115805955,0.938682363631045,0.9543141322095119,0.982879671572379,0.8251068045020435,0.946258035412129,0.9253688519211307,0.8771986663044034,0.7880537257906838,0.9623211158059548,0.6681446414719281,0.8646949616010218,0.9635753483468392,0.9690033562225546,0.9157773781681393,0.8953882126548842,0.987883051676453,0.657775897118256,0.9635753483468392,0.9368211999004499,0.9623211158059548,0.871437530173562,0.6577758971182561,0.9253688519211309,0.7472588339866417,0.9423718464384099,0.9564866901437921,0.9294779121965993,0.7829046555068866,0.9675743567407264,0.9451910326286186,0.8978340794956949,0.9587434581480645,0.9704919301607371,0.9425114327004687,0.9491780856091547,0.8612502633673058,0.9661972965770262,0.9610996995613952,0.9079504174811017,0.9472198404849024,0.9935264355112594,0.9415972144812141,0.9720496894409938,0.6681446414719283,0.9720496894409938,0.9720496894409938,0.9278239868212361,0.9406910117203195,0.9229405345355655,0.9623211158059548,0.9209839463193068,0.9543141322095121,0.9543141322095119,0.7753832614665752,0.9576036838348736,0.9610996995613954,0.9472198404849024,0.9213345015882413,0.9635753483468392,0.8373021566360077,0.9389009867184677,0.8689304945061069,0.852388277575679,0.9623211158059548,0.6993749881802708,0.9623211158059548,0.8440565830183069,0.9704919301607371,0.9501760208500687,0.9511876099263499,0.984045949144812,0.9623211158059548,0.8550872530468148,0.8059290360431441,0.9511876099263499,0.8559789162214917,0.871437530173562,0.8612502633673058,0.9661972965770262,0.868089278539445,0.8852493927538767,0.8935446993031988,0.8094833764446483,0.8368897280214713,0.759766331833127,0.9720496894409938,0.6962920717066451,0.8644606804686437,0.9245566463845687,0.9481929520311925,0.8804415508981576,0.9278239868212361,0.8010546007406152,0.9623211158059548,0.9610996995613952,0.8828532941996556,0.7701004093977091,0.971803912061864,0.8343249892961566,0.8163516728240243,0.9623211158059548,0.8431072649169116,0.9405097243761413,0.9366713242763892,0.9623211158059548,0.8812473067855706,0.9576036838348734,0.9690033562225546,0.9522137875062906,0.9610996995613952,0.834554083794117,0.9491780856091547,0.972947370281771,0.6645527639707118,0.9319883865480127,0.9774873843362967,0.7985559379258655,0.9623211158059548,0.946258035412129,0.9623211158059548,0.9690033562225546,0.7738965054378312,0.91420396482916,0.9720496894409938,0.9453068780840739,0.8094833764446483,0.9294779121965993,0.9425114327004687,0.9623211158059548,0.8755644359298407,0.867245184115023,0.9897622271227242,0.9443657603723177,0.9935264355112596,0.9661972965770262,0.9443657603723177,0.9434341193662403,0.9380163966266188,0.9205349146293753,0.8163516728240242,0.9380163966266188,0.9425114327004687,0.9661972965770262,0.9930547404043364,0.9380163966266188,0.9720496894409938,0.9491780856091547,0.9635753483468392,0.9470771218810411,0.7022728639633591,0.9434341193662401,0.5654862883614811,0.9197374370356892,0.9935264355112596,0.9522137875062904,0.9362663130722397,0.9481929520311925,0.9610996995613954,0.9543141322095121,0.860380696433722,0.634628216718534,0.9270023539448382,0.87638266886087,0.9345395918631998,0.6954751870494931,0.9861053894336533,0.9635753483468392,0.9648659912110238,0.927002353944838,0.9695535385776712,0.9462580354121288,0.9462580354121288,0.9261840328635951,0.966197296577026,0.9675743567407267,0.9063933734589966,0.9453068780840737,0.9296148191040325,0.8306286611882319,0.9443657603723179,0.8907888642207369,0.9751129258825253,0.9434341193662401,0.9623211158059548,0.847526363236521,0.9982572160672623,0.9354001807590553,0.9261840328635953,0.8884227473641773,0.9675743567407267,0.7105810163033842,0.9079504174811017,0.949178085609155,0.9587434581480645,0.8032566864413201,0.8750116732174092,0.9048375041252172,0.9175610216373451,0.9553906988562064,0.8844523283713124,0.9610996995613954,0.9046235823585468,0.9826888816980899,0.9648659912110238,0.9635753483468392,0.9157773781681393,0.9462580354121286,0.9648659912110238,0.9763491073983369,0.9405097243761411,0.908982594642803,0.6305104195777208,0.9599080294518358,0.8755644359298407,0.9107192181558882,0.9788715516976696,0.4813551083532054,0.8954927753294004,0.5654862883614817,0.9675743567407267,0.9205349146293753,0.981956748291383,0.41126970439113986,0.9704919301607371,0.9149900225490741,0.9690033562225546,0.9035853419274651,0.9675743567407267
p3_GAP,0.46265897184536775,0.8011454316004782,0.8097637550005867,0.9409338999166663,0.8278085882470867,0.8722678885791348,0.0,0.1555978468128365,0.6739284974983577,0.8651489736914957,0.7961367830930977,0.8222267513114294,0.8222267513114296,0.9612993990078991,0.9892907415888985,0.9370150345669244,0.9191501481349647,0.8352596342612688,0.8970846333621981,0.8651489736914959,0.7441017138739867,0.9624994012598425,0.8764174889236309,0.8937569295188519,0.9554227427946571,0.7677453201141122,0.81162147191205,0.7551630127263433,0.8651489736914959,0.5092154285569562,0.7666561912455561,0.8777622263784159,0.8062500604848117,0.9016569119079292,0.8570070294818277,0.8970846333621981,0.833540394708475,0.9046337387878106,0.8722678885791351,0.9709574864473915,0.9113034991034676,0.7243338649135421,0.8722678885791348,0.7606618924953965,0.892227310139666,0.9685344995336287,0.8705544178695597,0.8321508576886445,0.8380578737389106,0.9381720080616232,0.8455226223395758,0.8562973157639684,0.7902500914964978,0.7621041170396035,0.8783504478125943,0.8678651295003781,0.8485556446842236,0.7050163519970581,0.8349786852250711,0.8167808533529854,0.752057642436186,0.8154766275038932,0.6696353953262504,0.8271816028377026,0.7461433706952987,0.7665441647602556,0.8965605453497039,0.7430793051347371,0.7082276537643559,0.9282231289090204,0.8444912003519146,0.8739929653927143,0.9446023531860506,0.8919774515460277,0.7050163519970581,0.6774491814823798,0.98824385991876,0.977593275339964,0.9040269823602511,0.9737090553906053,0.8212778877116462,0.8700392183247176,0.656580360915753,0.8577644056436544,0.7050163519970581,0.9490031925523351,0.9624994012598423,0.7553080429130903,0.9493656386899163,0.6954540247876126,0.7050163519970581,0.7568583909184143,0.8937807766015999,0.8933379815784532,0.7413468788403517,0.6593860602028259,0.8031969798479255,0.712753700288602,0.9159311100411129,0.8600267010654621,0.8049280714818545,0.9738664692576161,0.8218101169360222,0.9534272566554816,0.843669595645947,0.8583462338175076,0.9767340386921296,0.8419272418319355,0.9238319860517549,0.9141980331971957,0.8129536680332371,0.8180658807553765,0.9163207688049442,0.9448676978177385,0.8705544178695597,0.9323659163119917,0.955292649727508,0.9282231289090204,0.8722678885791346,0.8521420292377624,0.9413050444092873,0.8769802942805283,0.8513848233596019,0.9825071082476371,0.9027739484084254,0.748966618018585,0.8636486621136632,0.684976333874417,0.922427777211593,0.945094745800659,0.8612302725093686,0.932786063018689,0.8455226223395758,0.9352032913830403,0.703930119930856,0.8648431493350499,0.9289766310740603,0.9932793574662235,0.9100018304172557,0.7413573066458354,0.8904027744152208,0.8651489736914955,0.7536264313158632,0.8085199592985984,0.8327001027233151,0.7882989381104433,0.9921923538101738,0.6645262161021936,0.6165585192247758,0.8337841934832401,0.8787446099504677,0.8754960701274956,0.8396851555084497,0.7641437790628967,0.9744810384949363,0.8075431590384745,0.8813060333512954,0.9337784563066682,0.8475084419358778,0.5824728982889947,0.5893015673520472,0.963901885593254,0.9165944334053653,0.8620018341771832,0.8008082416379247,0.6492295130169011,0.8661763871906651,0.8103572235845498,0.9744548031329947,0.9606654229987994,0.9205684008254336,0.8222267513114296,0.8024237696968233,0.6292195428178566,0.6691154633968843,0.6655524283480148,0.9282231289090204,0.9452164268453696,0.853671829236115,0.8082117541865299,0.8115252142667548,0.7799651758601793,0.9794383642913305,0.8373126200526002,0.9202745528953145,0.9193510385483888,0.7688145803348669,0.7358979706039042,0.6593393049549168,0.8240075849967889,0.8443972183530593,0.9271029476085211,0.8865465995820314,0.8899986675265623,0.8225938868312197,0.7050163519970581,0.9539734643292288,0.8242064016460567,0.7780274460281507,0.7318694989320775,0.7295085968374384,0.8373126200526002,0.7050163519970581,0.7415296797639321,0.8714501669819035,0.9017356045997866,0.7050163519970581,0.9066765200633571,0.8457943435928559,0.7242072782397515,0.8890400154843346,0.9025751611267949,0.7238257438406099,0.7050163519970581,0.784481812437757,0.7050163519970583,0.9125133911560326,0.8374539490540021,0.876543943862176,0.7050163519970581,0.9374529282753081,0.7050163519970581,0.7139775668679891,0.8454130007326952,0.9566398223107108,0.801669091625379,0.7871715338102266,0.9634047285765062,0.7137409416457614,0.9813838627579049,0.9132426624384449,0.8070908300948485,0.9242951355609585,0.9213017894930078,0.8777622263784159,0.7690332950866234,0.9645760807712855,0.8996019120392932,0.9003289541176933,0.7697540124632247,0.8457943435928557,0.9999186621208602,0.7529771801788299,0.9622882266464252,0.7050163519970581,0.9340211426089395,0.7050163519970581,0.6299282399541175,0.945094745800659,0.8965605453497035,0.9446719884701489,0.9383519160818289,0.9539734643292286,0.9533322855174031,0.7863793631796336,0.8301348975825946,0.9273110661028667,0.9222822970575302,0.9327860630186893,0.8522201846298996,0.7107775620570862,0.8719720599099736,0.7238257438406102,0.9188225611234568,0.9167516631615648,0.8722678885791351,0.8280758283101028,0.9197766353555661,0.7472138776300958,0.7356363893850177,0.833984341649357,0.7998417332331835,0.9463839592223278,0.9943300816160225,0.9258255098344901,0.8583462338175076,0.9817710107158878,0.746368645528201,0.7109638459494537,0.9408233975938031,0.8583462338175076,0.9473823014012113,0.931236768278733,0.9471638116040455,0.7888562371105836,0.8961421073534717,0.7249398886610967,0.8427222791526929,0.982268428355464,0.8167808533529854,0.9327860630186893,0.9738664692576162,0.9220914732167986,0.9981000240005329,0.8086557443374445,0.9346144368756457,0.7045091956262406,0.7514680366783186,0.9320230809079545,0.7926116757012818,0.9709574864473914,0.9622882266464251,0.8643209413108639,0.9864138973913377,0.8556713284264503,0.9950177081678189,0.8518430299413013,0.9950661109724369,0.8853068894920577,0.926763737478127,0.9162545080758144,0.6198861598296057,0.899768885597257,0.8633917215958036,0.7876911557754793,0.8787446099504677,0.8127001687655313,0.9885045026753405,0.9804738225815984,0.9218346747224866,0.9267637374781269,0.9427506466830513,0.7050163519970581,0.8455226223395755,0.98564998846341,0.827168795002949,0.8583462338175076,0.9188225611234568,0.9507994962645905,0.7050163519970581,0.8588265258717867,0.7922692907249289,0.9492794165942648,0.8065709202448481,0.9798935943556191,0.7807966685704253,0.7676021291943436,0.9459768659399841,0.9402057722189252,0.9795717970253748,0.8325333514600279,0.9673453519154479,0.8705544178695597,0.8034325239825357,0.9474695790413801,0.82683663462165,0.9527467773200884,0.9492794165942648,0.9950391573554709,0.9411840674114408,0.9864896464341393,0.9729958241255616,0.6954540247876126,0.9249498368247809,0.969982629856802,0.916320768804944,0.9775743627320764,0.9497909229396175,0.7050163519970581,0.8062932960817935,0.949003192552335,0.8337971371873475,0.934449443131137,0.9885045026753405,0.9453776544117347,0.7050163519970581,0.7050163519970581,0.8823577446417376,0.8577171119749357,0.9063415418120775,0.7050163519970583,0.9383222355080776,0.7050163519970589,0.8961421073534717,0.7178743145714503,0.8272220450287899,0.9738007944207916,0.5984082428184512,0.9636154905080612,0.9674110712472808,0.9902630566392263,0.7050163519970581,0.7337846854870926,0.8413609563255321,0.9568230036997853,0.9838387868929018,0.8240075849967889,0.7051457389149209,0.932786063018689,0.9632637146469647,0.7050163519970581,0.9678831468719675,0.9252787197908108,0.7035341478572867,0.8987754032853329,0.8352686638344529,0.9981863087318757,0.9113832243856761,0.7050163519970581,0.9897477581724063,0.8185739683901774,0.7050163519970581,0.9490843473591984,0.7825247302941847,0.9490327840616076,0.9486350840894777,0.9990459197606276,0.7050163519970581,0.8533000889856852,0.8428956218350678,0.98066721842217,0.629821923092,0.7320225574134753,0.8344516702319891,0.8327235649496998,0.8414883969859903,0.8394385952949948,0.8269569878231812,0.802137439502038,0.8764174889236307,0.7607847285694731,0.8695090310425875,0.866196600927132,0.7443861155604643,0.8455226223395758,0.6471306239438654,0.7050163519970581,0.9320230809079545,0.8895920408463283,0.9266204713119419,0.9721245154229385,0.8188851829146071,0.713740941645762,0.9896807376548151,0.984081731734417,0.6861245766456883,0.9469834108043897,0.8218101169360227,0.955292649727508,0.8004624788615211,0.961795865425314,0.9320230809079544,0.761811071626032,0.805571348133886,0.9296014467063365,0.9001172636433752,0.7798172721407512,0.8639859236170471,0.8055713481338862,0.7627186988187327,0.9857207446967,0.7568583909184141,0.815853915779758,0.889730382275965,0.8078346281187083,0.9016702404441244,0.9608289449965197,0.9036283291118483,0.7615782206264952,0.8739070987317205,0.9113034991034676,0.8770288568657694,0.7875592496211232,0.7335409686679664,0.7801416752811159,0.9550387538605761,0.8654671479026471,0.7015891592006462,0.9556598562035138,0.8391064044605028,0.7807966685704256,0.8154854397196967,0.9579442056801446,0.8770288568657694,0.7018879801392044,0.6644086308688063,0.9978750058521177,0.6184698006635503,0.9950177081678189,0.8398636653837717,0.9717922787026654,0.7353330246387006,0.9954253953692334,0.893284681363264,0.8615981075914553,0.8258147866332164,0.8466535911496722,0.9665076003658368,0.7039301199308559,0.8383816341490693,0.8643209413108637,0.893284681363264,0.9129775998745266,0.8873855332837951,0.9283054904865122,0.9073419084704222,0.979171215317588,0.979893594355619,0.9767340386921296,0.7039301199308559,0.9833208606238033,0.7050163519970581,0.8518157474872083,0.7050163519970581,0.7050163519970581,0.9604448551862265,0.8391852144394407,0.823314801900968,0.7050163519970581,0.9001143932601167,0.8065219698034756,0.8500443318886199,0.7468177633347999,0.7186051386991905,0.8230793972828034,0.9097564887001246,0.7619249897607072,0.8950434346430145,0.8325333514600277,0.9735837942790678,0.8131501843315477,0.8179020788146096,0.9884575410711836,0.9395014722087802,0.9407009914965027,0.9639498063361085,0.8720135833531328,0.97196974386371,0.9188225611234568,0.7920686099238516,0.8394385952949945,0.8627712930462378,0.9636154905080612,0.8387339284963122,0.9712165878026071,0.9058041356764222,0.9490843473591986,0.8402279479299788,0.9949163625223509,0.9331705974311846,0.963901885593254,0.7408440765635536,0.8653769312396413,0.9345174091547483,0.9167277311833057,0.8685137491652271,0.7998417332331833,0.972103162581248,0.9731584998838414,0.9034112040999662,0.927228873512415,0.922427777211593,0.9067210377913857,0.8772037904989585,0.896697527375475,0.9243955209841738,0.8156363218679052,0.6930865286214128,0.9152083722165998,0.9636154905080612,0.9233781505195771,0.9516488752159511,0.7050163519970581,0.8455226223395758,0.8704418787115218,0.7634132344665411,0.9363087745242464,0.8886142930277457,0.9272463133532802,0.9108799146895461,0.9365602336867018,0.9949163625223509,0.9916282551785607,0.9017356045997869,0.9163171018380927,0.9273110661028667,0.8243199513114796,0.7413573066458357,0.9376665153608923,0.9717922787026653,0.7930140835413967,0.8273518836510728,0.9706633009675947,0.6993264909488426,0.930010294565885,0.7994836916602909,0.9411840674114408,0.9496109252029863,0.8240969547905164,0.8152826412430987,0.9383222355080778,0.7789376606674487,0.8954851986448296,0.9698100200580004,0.9799307809669431,0.9431993739690144,0.7238257438406102,0.8751498707929444,0.9661805489702422,0.8966975273754749,0.853820828278389,0.932786063018689,0.9295786318329137,0.9088681673732477,0.7723058553222681,0.8884054132479475,0.8920745414989595,0.899682931821037,0.8436607606521482,0.821277887711646,0.8373126200526002,0.8777622263784157,0.9877851806018296,0.7050163519970581,0.9215391898263622,0.9421454577159634,0.8782917177400971,0.9331705974311842,0.7050163519970583,0.8036928436958912,0.9751011663518963,0.9305292577861592,0.5702941218937481,0.7086214153151509,0.9976238654078585,0.9322652851790587,0.960708261260732,0.8833695907187649,0.7541886467985724,0.9017158441257827,0.9875654814135939,0.8518157474872083,0.9971403962517666,0.8267418580830391,0.9950177081678189,0.8880644974534355,0.9107736525866996,0.901682383267377,0.7413573066458359,0.8722678885791348,0.9039102436851649,0.8703694312854078,0.9446023531860506,0.8557539220321804,0.7158335671693794,0.8970846333621981,0.9094054406402452,0.8404736434545677,0.9330744724009128,0.9737818750220475,0.6954540247876126,0.9932793574662238,0.677007281935557,0.6954540247876126,0.6954540247876126,0.6465109036352592,0.7050163519970581,0.9999186621208602,0.8344516702319891,0.7050163519970581,0.8739070987317205,0.7004148545228708,0.893284681363264,0.8394385952949948,0.8801569979677967,0.7750521290240768,0.7238257438406102,0.9129129467303816,0.9354694781406578,0.8764174889236305,0.9540505320925861,0.7050163519970581,0.887807558404542,0.932786063018689,0.8700392183247176,0.9666104096757528,0.7725560850709461,0.9282231289090204,0.9840817317344173,0.9554227427946571,0.9978750058521177,0.7306395522060132,0.8570070294818275,0.8500443318886198,0.9048351777065644,0.9197979331209353,0.863925163254802,0.902169961484318,0.9320230809079544,0.8159079382874971,0.8705544178695597,0.9055928544620594,0.8910605953165169,0.7050163519970581,0.9154039119513095,0.7075425293090647,0.9017356045997866,0.9425431298240888,0.8653044721443677,0.8464189923301948,0.9215569660929646,0.713740941645762,0.9923724110228538,0.9904166826993496,0.7050163519970581,0.7050163519970581,0.8020743217680844,0.7241217868899024,0.9340211426089398,0.8610729436708174,0.757463809232803,0.8853068894920577,0.8021895354707598,0.9976374754017603,0.7700938903466502,0.9138772268230924,0.7050163519970581,0.9983614482751789,0.8455226223395758,0.8722678885791351,0.9981863087318757,0.8583462338175076,0.8582560845889946,0.7050163519970581,0.7050163519970581,0.9475916244064291,0.8802069994055042,0.9878088474198263,0.8651020128652662,0.9448336903218386,0.7262353273187843,0.8371979754632202,0.961776636862927,0.9900862325868502,0.9758809366646464,0.7050163519970583,0.7169737524117659,0.9908305213856434,0.9539734643292288,0.9669615284537108,0.7770396896816149,0.9521969749177768,0.9010773656046712,0.6770593424804368,0.833540394708475,0.7314001700237607,0.7050163519970581,0.9956540402760454,0.949003192552335,0.7935328443313965,0.9928847369025506,0.8710093005985191,0.8134865230819471,0.975009789161049,0.878197688742916,0.9471638116040454,0.6551845063427664,0.80052769850812,0.865467147902647,0.9017356045997866,0.9409338999166663,0.8271687950029483,0.996920061754961,0.9744810384949361,0.7238257438406102,0.72755808386742,0.8267418580830388,0.7740040007589889,0.8243765412336981,0.9352032913830401,0.9260846630182513,0.9737090553906054,0.8581917633679099,0.9684403731785867,0.8934212133336498,0.7466800441628543,0.9678023231097267,0.9749088664163685,0.9378710318491437,0.9871277706705411,0.9279883428894456,0.8588166424352444,0.9357136275234195,0.8921832178865923,0.9856102154569788,0.8335403947084747,0.8954856438342307,0.7547575853581215,0.9298224097567245,0.8934169164588499,0.7050163519970581,0.7408073592857847,0.9738007944207916,0.9216714649801212,0.8651489736914957,0.9302539793625287,0.7769287881634221,0.9362910058821613,0.7050163519970581,0.801830478747299,0.9497245519095165,0.8234840032440698,0.9877180982975302,0.9525076653589457,0.996920061754961,0.8777622263784159,0.9975488462872659,0.9338205879732374,0.8990664900588314,0.9251619460236324,0.839185214439441,0.7436333740411345,0.9352032913830401,0.9576840880381611,0.9154039119513098,0.955893965400251,0.8823577446417376,0.9036319845560012,0.8823922967544698,0.9555553846392586,0.9738007944207914,0.6954540247876126,0.8510839401610482,0.964361729457679,0.8250151346319441,0.9192465292684855,0.928129022192643,0.7050163519970581,0.9639796138814982,0.8897779049922385,0.8961421073534718,0.7050163519970581,0.881778591904121,0.9902330973113245,0.8583462338175076,0.7917856649999525,0.6954540247876126,0.9098305097911825,0.9477834911731962,0.8508692646828839,0.998747849107485,0.9160907577907114,0.8764174889236305,0.9648502047784904,0.7050163519970581,0.947853998522922,0.7050163519970581,0.8583462338175076,0.7658205976314183,0.762084553532403,0.8722678885791351,0.7625385083215002,0.9485178302834674,0.7651554182259228,0.8554111091710063,0.7050163519970581,0.9804861444801899,0.7533785448498327,0.9697176325755443,0.7734765244919644,0.9641048285830667,0.9744810384949363,0.9197979331209348,0.8665723227613753,0.6876558016786272,0.7660634010373346,0.8831669033422447,0.6876558016786272,0.8594719035517351,0.7353625251555038,0.7045091956262408,0.6876558016786272,0.8722678885791351,0.8046640236205637,0.9557017334552061,0.9060142560414997,0.8373126200526002,0.887200328910831,0.9902951364333392,0.841865818265846,0.7507439296808172,0.9475168130828631,0.7463686455282015,0.8296930944898875,0.9924570656294145,0.9143587516866638,0.7979540031357338,0.9816648980991318,0.905482532163773,0.8149757130178941,0.837996392038277,0.7071307263199054,0.9045076800931511,0.9238651969240403,0.8394385952949948,0.8371740565004726,0.8843414928368116,0.7544007751104493,0.8833695907187649,0.8490996270922619,0.8455226223395758,0.8518157474872083,0.5609910972932783,0.750054013612059,0.9956856569575512,0.7984775180951882,0.9547837166256612,0.5142967178451507,0.8272357691288841,0.7621235665484216,0.8570070294818273,0.630740446195261,0.9647474181231691,0.9655596233734265,0.6965607024597023,0.6961222964658086,0.913660404785921,0.9213017894930076,0.5016874354498106,0.7677453201141122,0.8116214719120501,0.8348205315366592,0.9617766368629272,0.5463186073107926,0.5372707450629493,0.9273110661028666,0.6175746775320349,0.8940560581585955,0.9355990211794407,0.5339306297644553,0.7249398886610969,0.8937569295188519,0.6151050524725505,0.7544007751104471,0.8705544178695594,0.8436607606521479,0.8191555405950863,0.5562653848794277,0.9899045916464988,0.92724631335328,0.7320597530549149,0.8933168258650417,0.9512307578937631,0.8394385952949945,0.6060030702746277,0.82348400324407,0.8853191543053327,0.6691509927061177,0.9073739666459744,0.9539734643292288,0.8651489736914957,0.921514645304212,0.8583462338175076,0.4090360636735546,0.8853191543053327
p3_P,0.5184269819511145,0.8890625545868664,0.7368190235169847,0.9359239730372082,0.7960789049353042,0.8487307132759604,0.1555978468128365,0.0,0.6811247601860657,0.8402999971050359,0.7829495315328668,0.8169797257838263,0.7894685038194516,0.9455890720762882,0.9777323068038091,0.9757971755790974,0.9361145301492522,0.8340588645470348,0.9306047836741067,0.8402999971050362,0.8068259526912465,0.9845600578467029,0.902244070606904,0.8612571141464137,0.9954015685169628,0.7249477881963555,0.8316893917759312,0.7763223741504939,0.840299997105036,0.5782584901705163,0.719172185452357,0.8483188975326429,0.7960339254321906,0.8455932663249246,0.8243917750973909,0.8628472125712434,0.8028669104368943,0.8726463241467877,0.8487307132759605,0.9152554304054825,0.9060583503416717,0.714999413481104,0.9607444356599809,0.8129397487282086,0.9855666160707569,0.9893289946482406,0.8400240699667674,0.8634577354973155,0.8937772891070255,0.9235895860666609,0.8795806938693147,0.9222024299705291,0.7467700034664911,0.8119933930515557,0.7707017855557037,0.9258714874259681,0.8626066361774407,0.7509151724713103,0.8584228449615119,0.8365766458204864,0.708331551515641,0.9059486859469231,0.6858523995099821,0.7918596083383421,0.785642915614275,0.8087428003220056,0.8390631391006367,0.7352252207816599,0.7075348393201581,0.9306047836741067,0.8089610493484256,0.9129194392068593,0.9774181337680037,0.8445700215020964,0.7509151724713103,0.6802003792159751,0.912915840284908,0.9779782524358084,0.8659420481629911,0.8899039344946591,0.9779782524358084,0.8261099395010404,0.7206342877327561,0.8340588645470354,0.7509151724713103,0.9351287458927788,0.9606786519927712,0.8660001231750869,0.889516127997103,0.742840722786176,0.7509151724713103,0.7806903565630186,0.9565681736730507,0.9244249143523564,0.7206342877327561,0.7092394542081016,0.7818043368522993,0.7308328344844517,0.8995211814389399,0.8567586939401753,0.7779978856188041,0.9908845623912688,0.8358537829575714,0.9772978352551516,0.9003005919318826,0.8322437174658709,0.9759808153561043,0.8946902121138703,0.9485683124897213,0.8806100332056288,0.7795469486911166,0.8190929955281046,0.9505725135396113,0.9773006409212166,0.8400240699667676,0.9218955324500118,0.9863774235958094,0.9000012885687346,0.998082343121321,0.820701720375364,0.8258178757119143,0.8889303779858766,0.9017350564624798,0.9970606770391874,0.9913634132918798,0.7979969985030774,0.832062012291654,0.7138845895443096,0.9354192765367997,0.9531086932151924,0.8863517278560733,0.9607124639063686,0.9421042865426588,0.9645797494173389,0.7533705379959406,0.9125889287240476,0.975384959302356,0.8703249354373088,0.8795806938693148,0.7885204713736416,0.8763420223823208,0.8402999971050358,0.7335871219364698,0.8087798731575153,0.8436057035574962,0.8182720711512785,0.9301589548705056,0.6631848855718657,0.6789958761224533,0.8091431072984365,0.8049301978061503,0.862224627681937,0.8422833388714694,0.7731648436876881,0.9421042865426588,0.784050591416116,0.8978007016122136,0.9618028605819999,0.842075571165475,0.6334157569419374,0.6192115355636165,0.9789433391238309,0.9163963865993237,0.8753276535257755,0.8124861973382037,0.7206562513610713,0.9052856497055342,0.7429172903369146,0.8850254890846809,0.9776655472403325,0.9754196246660425,0.899513391676951,0.7989583615880146,0.6132169501907792,0.7058348267640271,0.6483931319874756,0.9000012885687347,0.9987675691244775,0.8199154045579735,0.8966267359430278,0.7709304821267353,0.7514479390450519,0.9260631990964183,0.8253743886792997,0.9171006467420112,0.9616218933824654,0.7533682389188696,0.7492609931346141,0.7123453755976965,0.8338775878927994,0.8633554231637632,0.864725754839093,0.9354488123388432,0.874319136180142,0.8451253969967929,0.7509151724713103,0.9196473178559331,0.86885680340347,0.8078477950453129,0.7734069655059351,0.7368190235169849,0.77035194475055,0.7509151724713103,0.7932978731082994,0.9308883982682139,0.8757769776139175,0.7509151724713103,0.8517879126577852,0.8072555667669614,0.7708802831104741,0.8957714992026893,0.839032132566738,0.7428407227861751,0.7509151724713103,0.7619897503041122,0.7509151724713103,0.9903793565874481,0.9048099402320252,0.9264468452900576,0.7509151724713103,0.9315015956872561,0.7509151724713103,0.7472193698326839,0.7998227605165992,0.9069604641345661,0.8180187634359795,0.8280828466993297,0.9438179063375813,0.7617416940303645,0.9828510549999327,0.9606786519927715,0.7615922972448965,0.8608031075888711,0.959887628262569,0.9953721207839972,0.832915953650716,0.9480317266844397,0.8733048800750252,0.8929047885289976,0.715087974452405,0.8625561221556951,0.985566616070757,0.7686882033769642,0.9972493098801469,0.7509151724713103,0.9400555122997234,0.7509151724713103,0.6566314140758425,0.9899757301410148,0.8390631391006367,0.8739981892998827,0.9438179063375813,0.9196473178559331,0.9104875116669086,0.8406820353876918,0.8192460756133684,0.9732645673384563,0.8916845868215998,0.9003682669365681,0.8511546970706123,0.7250970637984198,0.9112746187073932,0.7703519447505509,0.9544589344528496,0.9050289766374069,0.8487307132759605,0.877193506086202,0.902599099514619,0.8037437165269692,0.677698077242711,0.7869731679213541,0.8078013427639648,0.9952051998939155,0.9587469015919087,0.9802573700911945,0.8322437174658709,0.9814857932794944,0.7098009537723358,0.7450294367821131,0.9148527953541725,0.8322437174658709,0.9072257617234831,0.9218106973598208,0.9805665280639315,0.7860605058201848,0.8766804955939562,0.7677386497295293,0.8455932663249252,0.975156282162284,0.783019091133933,0.9305403654214683,0.9185991421540305,0.9367868615143216,0.99836235477697,0.7412396761053528,0.937766436138687,0.7353128263612737,0.7295091824076856,0.9306047836741067,0.8358537829575714,0.9988320044006882,0.9224143580900233,0.9015867317739812,0.9286899342072337,0.8832434507975664,0.8884270436691302,0.8484850153114877,0.9998874294786867,0.8621418717220872,0.9948555190872848,0.9243496760420532,0.6459937899463908,0.8832969719800903,0.8244202587673091,0.7590330941684392,0.8404071783150318,0.8325079218443465,0.9822079191405612,0.959887628262569,0.8625561221556949,0.959745762755148,0.9487712406389306,0.7509151724713103,0.8483188975326428,0.9765061974194038,0.8604301216710666,0.8322437174658709,0.883104721839103,0.8803968326080496,0.7509151724713103,0.8640986634013126,0.7950896414683801,0.9234065281986407,0.8182720711512782,0.9589664781017498,0.8353158838803967,0.7765395464272928,0.9280046929430359,0.9814857932794944,0.971984940503342,0.8215200600799613,0.9550936248997393,0.9003682669365679,0.8074951456790436,0.9479068261731194,0.8641505502234014,0.9600145028424167,0.998082343121321,0.9705134520721013,0.9258180097997868,0.9590101903194501,0.9333540468840965,0.742840722786176,0.8089610493484258,0.9791120089425607,0.8645293233602565,0.9806706833373066,0.9562349536953328,0.7509151724713103,0.7856452139288691,0.8974578948234975,0.8777311185165682,0.914187849830097,0.9113611393327945,0.8995736050207906,0.7509151724713103,0.7509151724713103,0.8722991478085682,0.8479054035437277,0.8225276277864426,0.7509151724713103,0.9112539581227985,0.7509151724713119,0.9556717988516255,0.7159838879092514,0.8134464906952531,0.9774181337680037,0.646060761108812,0.9845600578467026,0.9858276427758035,0.9947216096805723,0.7509151724713103,0.7878840039973087,0.8883300428572167,0.9778370303963606,0.9626390345624196,0.853879959085045,0.7809210993942604,0.900368266936568,0.9258794896378789,0.7509151724713103,0.9801852291188327,0.9477189827516086,0.7586490025531818,0.9623333953427404,0.7884016635964688,0.9565681736730507,0.9234645986710444,0.7509151724713103,0.9822890476038205,0.8169224366145933,0.7509151724713103,0.9060915866080064,0.7740472814220771,0.9491732407295512,0.9644502655092245,0.9531877357406074,0.7509151724713103,0.89158713958486,0.8499245716203265,0.948079259322322,0.6431268319182388,0.7011202848654481,0.8380137851239218,0.771097133040801,0.8100536549554151,0.8098519714818673,0.8414048717665181,0.7859936004262239,0.902244070606904,0.7537753837376875,0.8085646510142754,0.8746320316279005,0.799003255970872,0.817057101195971,0.7076746147801178,0.7509151724713103,0.8967259981226752,0.8817344349102607,0.8916264530215195,0.9535996623229408,0.7716728807603075,0.761741694030365,0.9409961476050734,0.9343771728702681,0.7349629166870884,0.9779782524358084,0.8641666531196579,0.8867294061419502,0.8205611970610036,0.9488275113159153,0.9306047836741067,0.7355671799155719,0.8404071783150322,0.9887105720407259,0.8562821208496387,0.8130816845105021,0.769627405161319,0.840407178315032,0.7587934897146367,0.9998874294786867,0.7184335023797932,0.7815576407655029,0.8482701011757768,0.8763802490823562,0.9003682669365678,0.906768949476846,0.9634288016545227,0.7803689386190689,0.9256023309786805,0.8734301383407201,0.9001287969998535,0.7799794292041689,0.7294594547669329,0.7549597499783034,0.9068620041395066,0.8316893917759312,0.6991281614467293,0.9746234061058012,0.8073542913753673,0.8127442721058258,0.7760222810922395,0.9631214324262259,0.8269930266612506,0.7882014482757038,0.6998862132329711,0.9731572329331625,0.6339089292677039,0.9908845623912689,0.9051965394303547,0.952161948594771,0.7467744905463729,0.9144864836530953,0.9677588596715981,0.9039800124522426,0.7990758777002103,0.883104721839103,0.9628517279666144,0.7533705379959403,0.9333540468840966,0.8703249354373093,0.8661225030173029,0.9624011604596046,0.9269985579258362,0.9032503426181779,0.8720021697125764,0.9079080545724247,0.9839795457782154,0.9587349365770816,0.7272642534026104,0.9641542275055374,0.7509151724713103,0.8245098594864122,0.7509151724713103,0.7509151724713103,0.9940269164270883,0.8909271554854026,0.8496217685080241,0.7509151724713103,0.8630321017786273,0.7967977929436797,0.8793746193635469,0.7289726111638277,0.7731648436876879,0.8959689877547377,0.9488275113159155,0.839929563962676,0.88466470292276,0.8979784640232733,0.972193322521777,0.850617453097493,0.8200107221568944,0.9711566782373211,0.9168358954264578,0.9970606770391874,0.9489507333188154,0.8633554231637635,0.9620212981952516,0.8894843969696306,0.8100536549554151,0.8400240699667676,0.8735866889367871,0.9437957245915026,0.8481158680499015,0.9711869952428019,0.9165070758386776,0.9861010713769893,0.8109269356265044,0.9139081303640348,0.9740906417808919,0.9305403654214683,0.7935088110152517,0.8759869691607485,0.9287317442027788,0.9091954812119923,0.9232522871537908,0.8390631391006365,0.9763153912585097,0.9855666160707569,0.91588277722698,0.84916301506481,0.8803968326080498,0.9049634250439964,0.9916811099013754,0.9272418419559989,0.9942122546682377,0.761663561384846,0.7064282995132787,0.9096321281613786,0.9676771304454341,0.9414890577980588,0.9857871084097288,0.7509151724713103,0.817057101195971,0.8694744805372406,0.7792280426333986,0.9460888383573367,0.9129158402849082,0.9704705325368703,0.9672210897606435,0.9295379789431625,0.8909271554854026,0.9641554962960744,0.8757769776139177,0.9996684958610937,0.9488859772255887,0.8713994674191119,0.7885204713736416,0.9234645986710444,0.952161948594771,0.8240740639748132,0.7901726603312551,0.9207156401056305,0.7384020633668325,0.9712813248400274,0.8228198159643958,0.8496217685080238,0.8789184912170348,0.8644824610537312,0.8146389457837508,0.9112539581227987,0.8314851724216172,0.8759869691607487,0.9540140892526199,0.9598185393632291,0.9758679315609471,0.742840722786176,0.8648499151854858,0.9675567992554057,0.9272418419559991,0.917083861120459,0.9908845623912689,0.97279959696206,0.9626265869239877,0.8634651470510372,0.886437041982357,0.9015939167077927,0.9251516844761005,0.8737991867589789,0.7829495315328661,0.7978631667149252,0.8483188975326428,0.9980823431213209,0.7509151724713103,0.9448670701227275,0.9746592064003421,0.8768212076715929,0.9933625464337565,0.7509151724713103,0.7990890103089044,0.9156863789310308,0.9667830654666236,0.639706585820949,0.7315858140721594,0.9674609191126948,0.9939522483319988,0.9109039471241476,0.8967301501508289,0.710294605189465,0.8619855845794197,0.9436854592218975,0.8245098594864121,0.9598185393632293,0.8837588238170999,0.8884270436691302,0.8978081378264584,0.9234065281986406,0.9573697022268968,0.7617416940303636,0.8487307132759605,0.963798567677261,0.8203022608981225,0.9093303855836503,0.8845662617797875,0.7449567884235664,0.9306047836741067,0.8641666531196579,0.8005072894679137,0.994237201618789,0.9409388349739205,0.742840722786176,0.9641103244473253,0.7272642534026101,0.742840722786176,0.742840722786176,0.6210330446327369,0.7509151724713103,0.985566616070757,0.8897514214609904,0.7509151724713103,0.9030307192041096,0.6497749638248134,0.8661225030173028,0.8098519714818673,0.8831047218391028,0.7592065617417094,0.742840722786176,0.9624972343093149,0.8880352018318588,0.8792630957282713,0.9933399912036907,0.7509151724713103,0.8725055426819672,0.9487712406389308,0.8261099395010404,0.9515635619264545,0.8113588083773666,0.9000012885687347,0.9635722747250279,0.9343485474421751,0.9731572329331626,0.7612352883807552,0.8810175154215636,0.8609411009006356,0.8479702366807336,0.9565225145379794,0.8149706862677084,0.9001287969998533,0.9306047836741067,0.8293428652116537,0.8400240699667674,0.8380137851239218,0.8699272182111101,0.7509151724713103,0.9093303855836502,0.7490843604157793,0.8757769776139175,0.9470714738665182,0.8289289085107753,0.997643157451324,0.9089503715027197,0.761741694030365,0.9650058078491084,0.9741788903590539,0.7509151724713103,0.7509151724713103,0.8158490002950387,0.7793999666316046,0.9233678542435488,0.9328102128473004,0.7303743968784495,0.9116869753702839,0.8203520625377088,0.9544781831079094,0.7815576407655027,0.8792697034349273,0.7509151724713103,0.9228908593553928,0.817057101195971,0.8487307132759605,0.9439133017415187,0.8322437174658709,0.8536087473539707,0.7509151724713103,0.7509151724713103,0.9790486860872948,0.9207923934438307,0.9510990439358846,0.8243886953218451,0.9162927526670626,0.7592313963373905,0.8531553110681294,0.996057013655474,0.9845037007895585,0.9674885210787547,0.7509151724713103,0.7872070270489906,0.9382856117407343,0.919647317855933,0.9306047836741069,0.745493562785529,0.920898488734209,0.9159608694278369,0.7467744905463729,0.8028669104368944,0.81269072767065,0.7509151724713103,0.9702351970829612,0.9727995969620598,0.7755455023378663,0.9859868080727512,0.9287706969378038,0.8369053974150207,0.9574782527149561,0.8419063126352029,0.948079259322322,0.6397995161813804,0.7473262345619169,0.8316893917759312,0.9468381198416758,0.9359239730372082,0.816785691130796,0.9657669505410726,0.9421042865426587,0.7703519447505509,0.7030375383294349,0.8626066361774409,0.750339990123168,0.8284656430145794,0.9645797494173389,0.9162416562893698,0.9980823431213209,0.8525660270333191,0.9400555122997234,0.954818737128027,0.7426844736337078,0.9942689960699099,0.8758841588239128,0.9845600578467029,0.9367972461388399,0.9000657297353287,0.8470061947277325,0.9904417204655496,0.8837588238170999,0.9368051301086878,0.8028669104368944,0.9091900433432083,0.7279390650117317,0.8534355143247583,0.8008423249799337,0.7509151724713103,0.7651261430172123,0.9659561259078234,0.9065393400742583,0.8402999971050359,0.8924880195728342,0.7809667159518998,0.869047868393922,0.7509151724713103,0.8518031791020739,0.9819318463040502,0.7809667159518996,0.9450906212114877,0.9794987326846927,0.9657669505410726,0.8483188975326428,0.9729118920276385,0.879165892023841,0.9082493961189253,0.9365721573592104,0.8449652057281372,0.7489436457827106,0.8525660270333191,0.9941679701214345,0.9093303855836503,0.9642292382787181,0.7434303000178248,0.8919757610942656,0.956743170355898,0.9547429438140509,0.99426899606991,0.742840722786176,0.8570058224211573,0.9460888383573367,0.8420009314847636,0.9292546268281179,0.9209847286525743,0.7509151724713103,0.9850729144315788,0.8895623747802361,0.8371848439651217,0.7509151724713103,0.8203520625377089,0.9745908627378719,0.8322437174658709,0.8219842308495047,0.742840722786176,0.9704346131390398,0.9213477256275777,0.8336720014223045,0.9683675743757363,0.8983471539152488,0.8792630957282715,0.9904804497142569,0.7509151724713103,0.9782125804586503,0.7509151724713103,0.832243717465871,0.7671281859159604,0.7599061957251065,0.8487307132759605,0.7206342877327558,0.9654366365072944,0.7879035737830344,0.8964283214083735,0.7509151724713103,0.9381012722316181,0.7553583189572296,0.9665721436091608,0.794369864533147,0.9731572329331626,0.9328485281106533,0.9767915957885835,0.8660868442235148,0.7579170939157696,0.75787491332817,0.9448293557802722,0.7579170939157696,0.9850847237051229,0.7765395464272931,0.7353128263612738,0.7579170939157696,0.8487307132759605,0.8386079064009309,0.9635722747250277,0.9490514652903326,0.8803968326080498,0.946096328992498,0.993317166302393,0.8457685183376292,0.7703885298411388,0.902244070606904,0.7827778839158168,0.7840505914161155,0.9629304985011746,0.9915585362993656,0.8052379048691503,0.9258412462618707,0.9526737628701805,0.8136795225151593,0.8355606173889263,0.649313449287767,0.8937772891070255,0.9488424197106929,0.8701961684516679,0.8202003210945328,0.9368051301086878,0.7925157589920613,0.9592587848460892,0.7977188416058412,0.8170571011959712,0.8245098594864121,0.6661071408652757,0.703996507535505,0.9901269597628206,0.8765169987608159,0.9015939167077927,0.5698181480566009,0.8549018004352382,0.7738704743160637,0.8810175154215635,0.6892359257496369,0.9820318065704678,0.9213124613961716,0.6991105007686298,0.7884605399198659,0.9155919905807124,0.9258180097997866,0.5783298047546652,0.7249477881963555,0.8055831071826012,0.84783880871844,0.996057013655474,0.6534055188094929,0.6199843437556658,0.9732645673384563,0.6126599733578737,0.9079080545724247,0.9034980308907712,0.5650434584772199,0.7677386497295293,0.8904522160011735,0.574407158005726,0.7925157589920608,0.9789433391238309,0.8576020292627486,0.7936897716951138,0.5837098451191369,0.997249309880147,0.89013420050704,0.7702929019634976,0.9389679983738946,0.9931938554755784,0.8098519714818672,0.610034258480145,0.8261099395010407,0.8569971282280214,0.6482396141648654,0.892488019572834,0.9488424197106928,0.8757769776139173,0.9156760882746413,0.866122503017303,0.47177655271251084,0.8569971282280214
p4_G,0.6282912996455061,0.8889202553233961,0.7951076341784318,0.9076715010813186,0.9038142386822652,0.9286491105644257,0.6739284974983577,0.6811247601860657,0.0,0.9246724996449085,0.8861224347761869,0.9006962362816691,0.938608053802739,0.8532445498042329,0.7786331331509071,0.886550817757426,0.9666327685149194,0.8702630231263371,0.9208725034246266,0.9246724996449085,0.8079564670345298,0.8833742009912295,0.9096814050133908,0.9070160137452734,0.8806719604852848,0.28771855834067916,0.894681279123638,0.6190838902757025,0.9246724996449085,0.59124207580624,0.3599316107601541,0.9137092609592146,0.9268928378647714,0.3924307993997719,0.9038142386822652,0.9208725034246266,0.9472483006084298,0.8917716903077886,0.9286491105644255,0.8677481975092114,0.8094833764446472,0.8728105285248218,0.9286491105644255,0.7915515593870247,0.9306570238192788,0.7111250964856439,0.9103107362174547,0.3957606331687785,0.8677481975092114,0.7330308199921359,0.9137092609592146,0.715168237593033,0.31779064471685703,0.8889202553233959,0.926892837864771,0.865264061449212,0.8652640614492118,0.9038142386822647,0.632346395458537,0.8976541691085207,0.2589218108725756,0.5698722312955296,0.9604792822548722,0.8319650172278279,0.9172245874626141,0.4693823431440822,0.9137092609592146,0.9961557162188391,0.8499948452275421,0.9208725034246266,0.8509107552317436,0.8677481975092112,0.9038142386822654,0.4623272460162109,0.9038142386822647,0.7849984898875129,0.8833742009912295,0.9197173314687737,0.47286017303628514,0.9286491105644257,0.8861224347761871,0.8753928891101745,0.8603806964337208,0.870263023126338,0.9038142386822647,0.844027888989999,0.9849867897269187,0.6767072855646162,0.9295177260723406,0.90069623628167,0.9038142386822647,0.8165558862615869,0.6802492126081054,0.4842125393389105,0.8603806964337208,0.8342122086024174,0.7910509366485654,0.8079564670345298,0.568898199128271,0.4693203611208717,0.8652640614492115,0.910310736217455,0.9038142386822654,0.7312206952770026,0.7550861614852252,0.9208725034246266,0.8242345650097707,0.5422603825536332,0.9129412260730061,0.4725112639902451,0.7848242336194753,0.8728105285248215,0.518446195605169,0.8285401031127058,0.9103107362174547,0.5561137077682301,0.8889202553233961,0.9208725034246266,0.9286491105644252,0.396564109984644,0.9097625798212232,0.782988547149891,0.8806719604852848,0.857978233475194,0.8702630231263386,0.6067204621490474,0.9070160137452734,0.7559454833564445,0.9006962362816693,0.8649303928299299,0.4395123915367002,0.910310736217455,0.9137092609592146,0.9286491105644255,0.9306570238192788,0.707067373258758,0.8111604038139189,0.9137092609592146,0.9137092609592143,0.8976541691085207,0.6807937790319614,0.9246724996449083,0.48664371360298264,0.776536303189459,0.7870120158280818,0.3147290259819814,0.9006909105265726,0.40873337130489373,0.8677481975092114,0.6186884463440885,0.9246724996449085,0.7537570166962777,0.7272229943106872,0.7584949586880275,0.9137092609592146,0.42190135016704244,0.8012314698665086,0.837302156636007,0.8268032778860734,0.7829885471498907,0.702368020578073,0.910310736217455,0.8753928891101745,0.9525229716633149,0.8053438099485697,0.8417697283979713,0.7754811697235023,0.8319650172278279,0.8603806964337208,0.8445387151090222,0.8532445498042329,0.9006962362816697,0.46431456587944975,0.7721759464540285,0.635218704509962,0.8689475888160607,0.9675591368764067,0.8713938810668465,0.8485974223311195,0.7849984898875131,0.9206173094830336,0.43155674968883506,0.8944128167827481,0.9006962362816695,0.7640965080240143,0.7232158926887489,0.34089079968219627,0.8136533416420022,0.888920255323396,0.8831642141197729,0.8976541691085207,0.9271708683473388,0.6632614409621946,0.5592336474023913,0.8456621023988233,0.9038142386822647,0.9070160137452734,0.9714591146969296,0.9474514965772418,0.7061678889553447,0.36841053457848216,0.9006962362816695,0.9038142386822647,0.7511158505688691,0.5424565472747687,0.9246724996449085,0.9038142386822647,0.7378997854592102,0.373000743988942,0.1736567654939163,0.34583167720441477,0.8199728879933695,0.9006962362816695,0.9038142386822647,0.7456644136087182,0.903814238682265,0.6250326248254965,0.6947940286765228,0.6885931819159914,0.9038142386822647,0.7559454833564446,0.9038142386822647,0.6912749564067542,0.4865610189480726,0.8417697283979713,0.7650180104070297,0.910310736217455,0.5796169142609195,0.8976541691085207,0.8780124908814335,0.9162839533116927,0.8220985211691232,0.5536541055195208,0.8463034707266366,0.9137092609592146,0.8769282987941891,0.9209789516100655,0.8157507865486253,0.8275079650593447,0.6270236983826514,0.423805334867683,0.9306570238192786,0.7829885471498907,0.807126048537844,0.9038142386822647,0.9307328560290269,0.9038142386822647,0.6560890491328717,0.839528097390559,0.9137092609592146,0.8628087882864628,0.5796169142609193,0.9070160137452734,0.8358589918255896,0.8806719604852848,0.7971434160526358,0.9197173314687737,0.4943371615714699,0.910310736217455,0.7570714390725408,0.6589826374199149,0.9729194348096519,0.90069623628167,0.9484682480772154,0.8498064018984959,0.9286491105644255,0.6153642331809598,0.8594833999122529,0.8728105285248218,0.4501444213736918,0.7630301393628982,0.9137092609592146,0.9615019282641789,0.9696433512979914,0.5834601855848904,0.9208725034246266,0.455134793884828,0.45873724005051275,0.8753928891101745,0.9125142769307066,0.9208725034246266,0.8832194342591231,0.49957627636426594,0.9172245874626139,0.8074099974274125,0.8804580254427758,0.9103107362174552,0.8725540131360705,0.5184461956051689,0.8976541691085207,0.910310736217455,0.9103107362174552,0.6185340063022313,0.9208725034246263,0.6067292696691922,0.4474419923910704,0.7829885471498916,0.7050326462200962,0.9208725034246266,0.9038142386822652,0.8973461330227008,0.8976541691085209,0.9137092609592146,0.5474128609150594,0.9636533573576247,0.9103107362174552,0.8677481975092114,0.9444642772220333,0.667285414844959,0.8527315889906659,0.9663910871087085,0.8716553320870115,0.875400600495106,0.7314414857853511,0.75905706010639,0.9246724996449085,0.34768907563024976,0.9246724996449085,0.8463034707266366,0.839528097390559,0.8285401031127058,0.8817960823258063,0.9038142386822647,0.5262469229133289,0.8157507865486253,0.8702630231263386,0.9208725034246266,0.9619936422826707,0.9006962362816693,0.9038142386822647,0.9129412260730059,0.9208725034246266,0.9286491105644255,0.8307107766015767,0.6826434961138045,0.8753928891101745,0.9137092609592146,0.7554048643561024,0.6760417008443258,0.8806719604852851,0.4409265061095482,0.734433611335163,0.9934680088001504,0.4449318842186403,0.6605920908554763,0.561800260262701,0.5588890823866779,0.9286491105644255,0.5896632531113303,0.8463034707266366,0.5667217275818067,0.8946812791236378,0.90069623628167,0.8509107552317436,0.8037010012713977,0.518446195605169,0.5153648338326198,0.6567743629139982,0.9038142386822647,0.36026210330940756,0.844027888989999,0.8485974223311195,0.844027888989999,0.9246724996449083,0.6113738810602687,0.9038142386822647,0.9038142386822647,0.8677481975092114,0.8178571428571417,0.7332164371859553,0.903814238682265,0.9246724996449085,0.9038142386822654,0.8532445498042329,0.8053438099485697,0.5592336474023913,0.9038142386822654,0.8555999624260062,0.9162839533116924,0.6823438453365442,0.6368693908719417,0.9038142386822647,0.774979317001381,0.8417697283979713,0.5693322177409152,0.5808352249648949,0.8555999624260062,0.7724073279225447,0.910310736217455,0.5451390802271672,0.9038142386822647,0.6161943309836502,0.8702630231263386,0.33588160949917356,0.6955558767627248,0.9070160137452734,0.6802492126081052,0.8917716903077888,0.9038142386822647,0.8032844254553133,0.5076286183531884,0.9038142386822647,0.8831642141197731,0.5479973448346757,0.7009506697374128,0.6672854148449587,0.5305332729672152,0.9038142386822647,0.6310561011243863,0.40603029868182894,0.9172245874626139,0.7374226694869201,0.6672854148449586,0.8668117312471917,0.31052404650154697,0.8032844254553131,0.9103107362174547,0.8074099974274129,0.1736567654939163,0.8780124908814333,0.38322398074925024,0.7610432253815453,0.7550861614852227,0.8780124908814333,0.9137092609592143,0.8702630231263389,0.9038142386822647,0.9208725034246266,0.8136533416420022,0.519814797171755,0.9197173314687737,0.862808788286463,0.9345566419027251,0.6353761089985056,0.9070160137452734,0.8976541691085209,0.8861224347761871,0.9038142386822654,0.8889202553233964,0.7709895128514568,0.8178571428571417,0.9208725034246266,0.3738683714053965,0.9246724996449085,0.9050999380213894,0.8780124908814335,0.6346963568375914,0.8833742009912295,0.9246724996449085,0.6882783765043914,0.6704311646877338,0.7951076341784311,0.8728105285248218,0.8833742009912298,0.8157507865486253,0.910310736217455,0.8463034707266361,0.8094833764446472,0.8947444133884137,0.906497680742552,0.6509572447590183,0.8861224347761871,0.35993161076015423,0.6968509431824828,0.5938060003654765,0.8199728879933696,0.894681279123638,0.4995762763642657,0.7930769124067967,0.8804580254427758,0.8753928891101748,0.9096814050133903,0.6545965092408998,0.8861224347761869,0.7191980738903951,0.8753928891101748,0.8395280973905592,0.6091066398010578,0.9103107362174552,0.8684891814463573,0.6976787523846166,0.844027888989999,0.9893365027100922,0.8923809627682529,0.8136725089238381,0.5828930554100424,0.9172245874626139,0.8674433656039868,0.8946812791236383,0.894681279123638,0.95678955450748,0.9208725034246266,0.8579782334751942,0.6696823788399098,0.8350911146232851,0.9006962362816697,0.9006962362816693,0.6624409820025912,0.8717659040471606,0.8946812791236376,0.7570714390725408,0.9038142386822647,0.9172245874626141,0.9038142386822647,0.9038142386822647,0.4864557586888153,0.8780124908814326,0.8463034707266366,0.9038142386822647,0.4952861951118037,0.40721787750179184,0.9157349837086726,0.7394852946441322,0.774979317001381,0.6323463954585369,0.8410364145658253,0.8157507865486253,0.41688922810705686,0.9268928378647712,0.9307867541341137,0.9172245874626137,0.42920010254308727,0.5834601855848904,0.4429131372778916,0.857978233475194,0.9326225719072994,0.8976541691085209,0.8601997411680986,0.9172245874626137,0.8032844254553133,0.9103107362174547,0.8795079237923467,0.9491937056321553,0.9033840325613385,0.8780124908814333,0.49155241711740616,0.855599962426006,0.3767397170210742,0.9953118525907373,0.9920567805038584,0.8402174460344581,0.9821034579526184,0.9070160137452734,0.9867076925356217,0.5123218466711408,0.6968509431824828,0.9137092609592146,0.729222936869321,0.9666327685149194,0.5975755170180581,0.791050936648565,0.938608053802739,0.6362811602924039,0.8603806964337208,0.9286491105644255,0.6323463954585369,0.3738683714053965,0.8157507865486253,0.6277838896195544,0.9162839533116927,0.9905942516406374,0.8560609074717449,0.9038142386822647,0.9137092609592143,0.5163893414516403,0.9038142386822654,0.7372025494796428,0.8862575327655295,0.6964186301552318,0.8603806964337211,0.6802492126081052,0.8780124908814333,0.524536485074331,0.9246724996449087,0.6091066398010578,0.8861224347761871,0.8521262801568287,0.9345566419027251,0.8917716903077886,0.7688529205678433,0.8395280973905592,0.8753928891101745,0.7688389291588383,0.4196838158595012,0.6413544133154487,0.9487953329407028,0.8463034707266366,0.6396283760486798,0.7559454833564447,0.8347720624744084,0.9246724996449085,0.8806719604852848,0.9472483006084298,0.6947940286765224,0.9082922466984111,0.6201084994929775,0.90069623628167,0.613843355004607,0.6989031042017515,0.9286491105644255,0.9879851413737649,0.8817960823258062,0.844027888989999,0.8417697283979713,0.9033840325613391,0.8136533416420018,0.857978233475194,0.8806719604852848,0.8074099974274125,0.8861224347761871,0.9006962362816695,0.9137092609592143,0.9286491105644257,0.9038142386822647,0.872554013136071,0.7451581286540587,0.5184461956051688,0.8485974223311197,0.903814238682265,0.4013222790891705,0.684810504369811,0.9893928289932772,0.8532445498042327,0.8178571428571422,0.7951076341784309,0.5962251415365151,0.9130169552876028,0.8628087882864626,0.8220985211691234,0.3923123058498482,0.7930769124067967,0.9172245874626141,0.8157507865486253,0.8652640614492118,0.9518893725088029,0.8395280973905592,0.9286491105644252,0.9776988352875526,0.8976541691085209,0.9286491105644255,0.8889202553233959,0.8652640614492118,0.9038142386822652,0.7543696272748746,0.7809819176584165,0.9208725034246266,0.9038142386822654,0.8833742009912298,0.6014115452454349,0.5305332729672153,0.90069623628167,0.95678955450748,0.8946812791236374,0.90069623628167,0.90069623628167,0.8463034707266361,0.9038142386822647,0.9306570238192786,0.8480002345284655,0.9038142386822647,0.8753928891101745,0.7930769124067967,0.9675591368764067,0.9103107362174547,0.9172245874626141,0.9070160137452734,0.90069623628167,0.6138433550046067,0.34089079968219604,0.6786227112711629,0.6615477673968359,0.9038142386822647,0.8242345650097711,0.910310736217455,0.8753928891101745,0.5340344050608652,0.8263815673352459,0.9208725034246266,0.9070160137452734,0.8806719604852848,0.9411372791480437,0.8806719604852848,0.903814238682265,0.8395280973905586,0.8509107552317436,0.857978233475194,0.4562717149531359,0.8861224347761869,0.9208725034246263,0.8677481975092114,0.910310736217455,0.8242345650097707,0.44434600966320126,0.9038142386822647,0.9038142386822652,0.7769775549658493,0.9246724996449085,0.6927322025582687,0.8946812791236378,0.8861224347761869,0.4693823431440821,0.9345566419027251,0.5396688562515426,0.5534186518197445,0.9038142386822647,0.9038142386822647,0.837302156636007,0.6802492126081054,0.8157507865486251,0.6492694024260274,0.3961448034768057,0.650216517187439,0.6968509431824828,0.5195861617639557,0.8728105285248213,0.5027865882435196,0.9038142386822647,0.8342122086024171,0.9137092609592143,0.9286491105644255,0.6802492126081052,0.9208725034246266,0.44779897797751667,0.9038142386822647,0.9038142386822647,0.5745054512505591,0.9038142386822652,0.5755370279967116,0.8833742009912295,0.729222936869321,0.8094833764446472,0.8628087882864626,0.8319650172278279,0.43651244644897036,0.7353582683588973,0.903814238682265,0.8395280973905592,0.48977891778153515,0.9070160137452734,0.9675591368764065,0.8683060694569997,0.7046906528955763,0.8307107766015764,0.844027888989999,0.9070160137452734,0.733216437185954,0.9038142386822647,0.4623272460162108,0.844027888989999,0.5385490408431106,0.75905706010639,0.745158128654059,0.9919101586510035,0.7593990597181971,0.7232158926887489,0.9172245874626139,0.5758395950054418,0.5273090967358143,0.9306570238192788,0.9246724996449085,0.8474072181717967,0.900335109502516,0.4857583793152842,0.9137092609592146,0.90069623628167,0.4229268378827086,0.9015458958824955,0.8395280973905594,0.8777890450020556,0.9286491105644255,0.839528097390559,0.9286491105644255,0.9286491105644255,0.8157507865486253,0.9123838819213476,0.29420473541489023,0.8620865922282488,0.9246724996449085,0.8833742009912295,0.8833742009912295,0.7172870780363125,0.9268928378647714,0.6064501359444237,0.8944128167827481,0.46226093802305657,0.9070160137452734,0.5781942735788952,0.8440278889899993,0.4900947920332215,0.5503641585625489,0.9038142386822647,0.7951076341784311,0.8620865922282489,0.7270046486786204,0.9246724996449085,0.8728105285248215,0.37809211171276624,0.9116371872910034,0.9038142386822647,0.5245364850743313,0.6323463954585367,0.8753928891101748,0.5045802491994427,0.4623272460162109,0.5027865882435196,0.9137092609592143,0.4763057734772552,0.8505534249810687,0.6907333258418406,0.6254873296405845,0.8780124908814335,0.7029937977468987,0.9286491105644255,0.8780124908814333,0.9038142386822652,0.8074099974274123,0.8677481975092116,0.42089945427103803,0.8387472004447056,0.6413544133154487,0.9791361767729917,0.90069623628167,0.44434600966320126,0.7372025494796428,0.8032844254553131,0.5693322177409152,0.6114808638185711,0.9038142386822647,0.5452250265266398,0.7411826461223265,0.8532445498042331,0.9038142386822647,0.41688922810705686,0.8917716903077888,0.9208725034246266,0.8780124908814328,0.90069623628167,0.7090981371573744,0.9192323722404165,0.8053438099485692,0.8944128167827483,0.8263815673352459,0.8780124908814333,0.6458029653447088,0.9038142386822647,0.8915313000367351,0.9038142386822647,0.9208725034246266,0.6844326109433232,0.18896714095107214,0.9286491105644255,0.8603806964337208,0.642366917588427,0.40887568281116504,0.8532445498042329,0.9038142386822647,0.8046451597857339,0.4625363384376576,0.7171847386549131,0.857978233475194,0.8395280973905588,0.95678955450748,0.857978233475194,0.8555999624260064,0.8417697283979715,0.425859138008181,0.6114808638185711,0.8417697283979715,0.8532445498042329,0.9137092609592148,0.7829885471498916,0.8417697283979715,0.9286491105644255,0.9192323722404167,0.8918225519389454,0.7829885471498907,0.9006962362816693,0.8555999624260064,0.8753928891101745,0.1753762658300816,0.8649303928299299,0.9413503191453483,0.23246418898546528,0.8066745118424044,0.938608053802739,0.8833742009912298,0.5399879481208508,0.8532445498042329,0.8136533416420018,0.6503743909747468,0.8713196161225913,0.8263815673352464,0.8677481975092114,0.9070160137452734,0.9103107362174547,0.4561269745518899,0.8860733449362979,0.5914634884583578,0.8915313000367351,0.5769434939284976,0.9137092609592143,0.9172245874626141,0.7806745712238659,0.37504962466196523,0.7662269263298023,0.5849369615002844,0.857978233475194,0.7394852946441315,0.8806719604852848,0.4001652418422824,0.903814238682265,0.41117869746773716,0.7689974779822268,0.8350911146232849,0.3731127755738134,0.7151682375930328,0.9172245874626139,0.8725540131360707,0.7650180104070297,0.31779064471685703,0.9306570238192788,0.8603806964337208,0.9668548619269117,0.7570714390725408,0.6162582833013324,0.8861224347761871,0.8660566057052219,0.9006962362816693,0.8404557924728844,0.6804700966734054,0.9103107362174552,0.9070160137452734,0.402752609310001,0.24679334745509107,0.9103107362174547,0.9636533573576247,0.33399720350490847,0.6869712992390218,0.8976541691085209,0.8976541691085209,0.4440753371692354,0.9064976807425518,0.8157507865486253,0.9103107362174547,0.33588160949917334,0.8753928891101745,0.9172245874626141,0.14527672697459248,0.8728105285248213,0.9070160137452734,0.9246724996449085,0.3470883797468147,0.9208725034246266,0.6739097604819413,0.9172245874626141
p4_H,0.8415724373376188,0.9540615556502021,0.9152641503417576,0.996705259555954,0.9602211523225768,0.9704919301607371,0.8651489736914957,0.8402999971050359,0.9246724996449085,0.0,0.9529044812989522,0.9589316626844853,0.9589316626844853,0.9393074128728371,0.981485790585267,0.6965730689929305,0.9564441004788364,0.9463456194504825,0.967275815149292,0.9688473520249223,0.911916104177739,0.9517679141853161,0.9495505106234361,0.18988738395518157,0.9506503681784946,0.9463456194504822,0.9564441004788364,0.9345618542101832,0.9688473520249223,0.8229648286294509,0.9412650880954543,0.9643133649175286,0.9552408029353749,0.9364368411420323,0.9602211523225768,0.9672758151492922,0.9615452872130623,0.9552408029353747,0.052790958159659174,0.945305581259918,0.9212094218042226,0.9881161094061225,0.9704919301607371,0.9317998283510542,0.9564441004788364,0.8805321013495042,0.9629078616894173,0.9698382173897018,0.945305581259918,0.915264150341758,0.217913666538759,0.8822041938925773,0.9463456194504822,0.9540615556502023,0.9552408029353747,0.9442782351269043,0.4409249591066058,0.960221152322577,0.7951128469173037,0.957673577027655,0.9264265757108794,0.8677629859955869,0.9463456194504827,0.6046145530539158,0.9657671730030435,0.8625107065618558,0.9643133649175286,0.7627456110866242,0.8197259030030244,0.9342541377090322,0.9383422423783936,0.945305581259918,0.9602211523225768,0.770476797162505,0.960221152322577,0.9110833848585063,0.9517679141853161,0.9529044812989522,0.8616255760827234,0.9704919301607371,0.33852203278982274,0.948467140918744,0.9422586572762626,0.9463456194504825,0.960221152322577,0.9354957453078969,0.9517679141853161,0.8470108069580575,0.6248918466796046,0.9589316626844855,0.960221152322577,0.915264150341758,0.764418092698022,0.8863615183906011,0.9422586572762628,0.9220700353609518,0.9135864513673662,0.911916104177739,0.7791342810179898,0.8580546626695635,0.9442782351269043,0.9629078616894173,0.9602211523225768,0.8888428923892235,0.8987127601538669,0.9672758151492922,0.9273099638694315,0.8037353107676906,0.9506503681784946,0.7674777878775861,0.9028202028772292,0.47223836690468357,0.8488894389623105,0.929090574034799,0.9629078616894173,0.830300007742161,0.9540615556502023,0.14649376057562669,0.9704919301607371,0.8888428923892238,0.9317998283510542,0.6965730689929296,0.9506503681784946,0.5285188435298713,0.9463456194504827,0.8438814653687015,0.9615452872130623,0.8913167644457044,0.9589316626844853,0.9336347991328915,0.9003549758958831,0.9629078616894173,0.9643133649175286,0.9704919301607369,0.9564441004788364,0.7428504253927599,0.6710740137143506,0.9643133649175286,0.9643133649175286,0.957673577027655,0.8470108069580575,0.9688473520249221,0.8625107065618558,0.8995337970065291,0.6905052205881459,0.9814857905852672,0.916106073886044,0.7481101185247634,0.945305581259918,0.8353653627728157,0.9688473520249221,0.9264265757108794,0.7627456110866242,0.9069398281965733,0.9448229719109481,0.945305581259918,0.9177967406513874,0.9857418255557404,0.760827233676319,0.9102521474185266,0.8295688743724916,0.9629078616894173,0.948467140918744,0.7988652819601516,0.919497451312518,0.934561854210183,0.7133628952414195,0.9212094218042226,0.9422586572762626,0.7428504253927599,0.9393074128728371,0.9589316626844855,0.9442782351269041,0.8763243374738703,0.8855324042412525,0.9044659624194149,0.9672758151492922,0.6924326497355209,0.9373855340691761,0.911083384858506,0.6012112501096867,0.9127504202483339,0.9442782351269043,0.958931662684485,0.8896682568954877,0.8855324042412522,0.8888428923892238,0.6438967509404699,0.9540615556502022,0.9984192168061299,0.3418241227800307,0.9246724996449085,0.8607374764874878,0.8107770727973276,0.5765774357238362,0.960221152322577,0.18988738395518112,0.9576735770276548,0.6480163263802967,0.8712137408638365,0.9152641503417576,0.958931662684485,0.960221152322577,0.8970707874646666,0.8353653627728157,0.10311526479750699,0.960221152322577,0.7612950419868545,0.9336347991328915,0.9110833848585063,0.888016693934205,0.9255474930154988,0.9589316626844853,0.960221152322577,0.72384952256244,0.960221152322577,0.8884740070227128,0.8737781800841438,0.8712137408638366,0.960221152322577,0.8913167644457044,0.960221152322577,0.8651489736914957,0.9273099638694315,0.934561854210183,0.9028202028772292,0.9629078616894173,0.8261452162494145,0.957673577027655,0.9495505106234361,0.4235217221540606,0.9264265757108792,0.8373542339687656,0.9364368411420323,0.9643133649175284,0.9212094218042225,0.6809249625855593,0.9238013891436974,0.919497451312518,0.9336347991328915,0.9336347991328915,0.28476628154721195,0.9102521474185263,0.9576735770276548,0.960221152322577,0.9238013891436974,0.960221152322577,0.8507520507155969,0.9336347991328913,0.9643133649175286,0.9432628256129656,0.8261452162494145,0.18988738395518123,0.9327142329596734,0.9506503681784946,0.916106073886044,0.952904481298952,0.8913167644457045,0.16012801111037722,0.8995337970065291,0.8995337970065291,0.7446242799760849,0.9589316626844855,0.9657671730030435,0.8660229158723234,0.052790958159659174,0.8694930837030934,0.7982162294178596,0.9473991727811977,0.8987127601538671,0.9019980934674425,0.9643133649175286,0.7373990487539733,0.8037353107676908,0.8261452162494142,0.9672758151492922,0.8660229158723234,0.9327142329596736,0.948467140918744,0.9229339640663332,0.9672758151492922,0.8838707840618651,0.7859928922387949,0.9657671730030435,0.9203519494821841,0.9393074128728371,0.9629078616894176,0.9364368411420323,0.7938420202985806,0.957673577027655,0.9629078616894176,0.9629078616894173,0.8422398757411221,0.967275815149292,0.8380544030567039,0.8863615183906011,0.9102521474185268,0.9157488137956811,0.967275815149292,0.9602211523225768,0.9453055812599178,0.9576735770276548,0.9643133649175286,0.7988652819601515,0.608871180492868,0.9629078616894173,0.945305581259918,0.9345618542101832,0.8553425819761742,0.5606698608677743,0.6560672089274788,0.8737781800841438,0.8727724895979354,0.7951738539477902,0.9415831046189614,0.9688473520249221,0.9246724996449085,0.9688473520249221,0.9364368411420321,0.5305876036228903,0.929090574034799,0.9629078616894173,0.960221152322577,0.9643133649175284,0.639668492123751,0.9463456194504827,0.9672758151492922,0.9657671730030435,0.9589316626844853,0.960221152322577,0.9506503681784946,0.967275815149292,0.9704919301607371,0.9299882837258,0.8616255760827234,0.948467140918744,0.9643133649175286,0.7612950419868546,0.8660229158723236,0.9506503681784946,0.9552408029353749,0.8754775406461834,0.2478244238303975,0.9364368411420325,0.8884740070227126,0.9540615556502021,0.9299882837258,0.9704919301607371,0.8303000077421608,0.9364368411420321,0.8208122474227109,0.9564441004788367,0.9589316626844855,0.9383422423783938,0.9102521474185266,0.7938420202985808,0.8855843507261225,0.8580546626695635,0.960221152322577,0.8855324042412522,0.5170450674334843,0.9373855340691761,0.9354957453078971,0.9688473520249221,0.74285042539276,0.960221152322577,0.960221152322577,0.43042363932742034,0.58643725295244,0.8896682568954877,0.960221152322577,0.9688473520249221,0.9602211523225768,0.9393074128728373,0.919497451312518,0.8107770727973276,0.9602211523225768,0.940281523787128,0.9517679141853161,0.868629248060816,0.8498227077519453,0.960221152322577,0.9069398281965728,0.9345618542101832,0.8218918489040505,0.8550340249592367,0.940281523787128,0.9386120482891329,0.9629078616894173,0.80493019780615,0.960221152322577,0.8412722731891724,0.9463456194504827,0.8896682568954877,0.8668942308995709,0.9615452872130625,0.8677629859955869,0.9552408029353749,0.960221152322577,0.9186457666042602,0.8826723723783977,0.960221152322577,0.940281523787128,0.8061163702373834,0.8763243374738703,0.855342581976174,0.7988652819601515,0.960221152322577,0.827192877434851,0.88718959219572,0.9657671730030435,0.8838707840618651,0.8553425819761739,0.9273099638694313,0.9281978840490723,0.965073786007691,0.9629078616894173,0.9203519494821841,0.9110833848585063,0.9836543654419934,0.7683562018798867,0.9011763798631671,0.8987127601538669,0.9495505106234361,0.9643133649175286,0.9463456194504827,0.960221152322577,0.967275815149292,0.922933964066333,0.823244210297909,0.952904481298952,0.9961565139931365,0.957673577027655,0.8777627336524751,0.9535979799037622,0.957673577027655,0.952904481298952,0.9602211523225768,0.9540615556502023,0.9052897938321482,0.9246724996449085,0.967275815149292,0.7410552836650504,0.9688473520249221,0.9540615556502021,0.9495505106234361,0.8000967040108102,0.9517679141853159,0.9688473520249221,0.8013187333394383,0.934561854210183,0.9152641503417578,0.9473991727811977,0.9517679141853164,0.9238013891436974,0.9629078616894173,0.9364368411420323,0.6520321555681019,0.9036427959670748,0.948467140918744,0.9686270243184087,0.952904481298952,0.9412650880954541,0.9120142963323283,0.8603930719852719,0.9255474930154988,0.9564441004788364,0.8219504316646624,0.9144243194673916,0.4867141202959967,0.948467140918744,0.9495505106234361,0.8571539835218493,0.952904481298952,0.8838707840618653,0.948467140918744,0.9336347991328913,0.8383410681534733,0.9629078616894173,0.878853978185034,0.8607374764874873,0.9354957453078969,0.9212094218042226,0.967275815149292,0.8525992707005727,0.6323557490634328,0.9657671730030435,0.934561854210183,0.9564441004788364,0.9564441004788369,0.9643133649175286,0.04802371343395262,0.9412650880954538,0.8633929371948168,0.9317998283510545,0.9589316626844855,0.9589316626844853,0.8616255760827234,0.5714316619801894,0.9564441004788367,0.8995337970065291,0.960221152322577,0.9657671730030435,0.960221152322577,0.960221152322577,0.8580546626695635,0.4492933739654301,0.9364368411420321,0.960221152322577,0.7912691723776102,0.7548473970189569,0.9336347991328915,0.96110154420708,0.9497216571784262,0.8479521653438946,0.5864372529524398,0.6396684921237519,0.8746288432976692,0.30399448564507314,0.649641994069337,0.9657671730030437,0.9354957453078971,0.8208122474227109,0.88718959219572,0.9412650880954541,0.9552408029353749,0.2639905338697758,0.8153105908663696,0.9657671730030435,0.9186457666042602,0.9629078616894173,0.9220700353609517,0.42352172215405903,0.9473991727811975,0.9495505106234361,0.8813688685160488,0.9402815237871278,0.9264265757108794,0.9495505106234361,0.9373855340691764,0.9629078616894176,0.9517679141853164,0.9615452872130625,0.9327142329596736,0.8880166939342051,0.8746288432976692,0.9643133649175286,0.8880166939342051,0.360645243344608,0.8271928774348511,0.9135864513673666,0.9589316626844853,0.8218918489040508,0.9422586572762626,0.9704919301607369,0.8479521653438946,0.8796938264815499,0.591165145597911,0.8460652828957038,0.9517679141853161,0.5714316619801891,0.9077662249784124,0.960221152322577,0.9643133649175286,0.9345618542101832,0.9602211523225768,0.8913167644457045,0.9517679141853159,0.957673577027655,0.9422586572762626,0.8677629859955869,0.9495505106234361,0.7963735388385417,0.9688473520249223,0.8383410681534733,0.952904481298952,0.8954284206508372,0.957673577027655,0.9552408029353747,0.8125986986748954,0.9336347991328913,0.948467140918744,0.8635477725273676,0.9061143838323407,0.8516775459542527,0.7089549861069415,0.9364368411420321,0.764418092698022,0.8913167644457045,0.9412650880954538,0.9688473520249223,0.9506503681784946,0.9615452872130625,0.8737781800841438,0.9238013891436974,0.916106073886044,0.9589316626844855,0.8402999971050358,0.8754775406461834,0.9209839463193067,0.7134376329597013,0.9629078616894173,0.9354957453078971,0.934561854210183,0.9473991727811975,0.6438967509404698,0.9412650880954538,0.9812882646010126,0.967429636484679,0.952904481298952,0.9611058687776596,0.9643133649175286,0.9704919301607371,0.960221152322577,0.5098945909109296,0.8946068956234314,0.8488894389623107,0.9373855340691761,0.960221152322577,0.9085936746436276,0.8625107065618558,0.9264265757108794,0.9393074128728374,0.9246724996449083,0.9152641503417578,0.9069398281965728,0.8141886315781511,0.9432628256129656,0.9264265757108794,0.8830381436111516,0.9144243194673913,0.9657671730030437,0.9238013891436974,0.4409249591066057,0.9629078616894176,0.9336347991328913,0.9704919301607371,0.9432628256129654,0.9576735770276548,0.9704919301607371,0.9540615556502023,0.9442782351269043,0.957486356544754,0.8763243374738703,0.9094222802137255,0.967275815149292,0.9574863565447539,0.42352172215406014,0.8186326921786737,0.8451155112420421,0.9589316626844855,0.9643133649175286,0.9564441004788367,0.9589316626844855,0.9589316626844855,0.9364368411420323,0.960221152322577,0.28476628154721206,0.5714316619801896,0.960221152322577,0.948467140918744,0.9144243194673916,0.9672758151492922,0.9629078616894173,0.9657671730030435,0.9615452872130625,0.9589316626844855,0.8049301978061499,0.8888428923892238,0.9495505106234361,0.7872929989765255,0.960221152322577,0.9273099638694315,0.9629078616894173,0.948467140918744,0.8383410681534733,0.9281978840490721,0.9672758151492922,0.9615452872130625,0.368735959616577,0.9336347991328915,0.9506503681784946,0.9602211523225768,0.5841653633473125,0.9383422423783936,0.9412650880954538,0.8737781800841438,0.952904481298952,0.9672758151492922,0.945305581259918,0.9629078616894173,0.9273099638694315,0.9138808918740069,0.960221152322577,0.9602211523225768,0.9077662249784124,0.10311526479750699,0.9101481973477736,0.9564441004788367,0.952904481298952,0.8625107065618558,0.957673577027655,0.8363623635331233,0.8153105908663697,0.960221152322577,0.960221152322577,0.9327142329596736,0.8677629859955869,0.9238013891436971,0.8308063456911841,0.74285042539276,0.855342581976174,0.8746288432976692,0.8013187333394383,0.9473991727811975,0.823244210297909,0.960221152322577,0.9698382173897018,0.9643133649175286,0.052790958159659174,0.8677629859955869,0.9672758151492922,0.8677629859955869,0.960221152322577,0.960221152322577,0.8240313055654187,0.9602211523225768,0.8175324891292568,0.9517679141853164,0.8880166939342051,0.9212094218042226,0.9432628256129658,0.9212094218042226,0.7597088814001953,0.8830381436111514,0.960221152322577,0.9336347991328913,0.781914478659313,0.9615452872130623,0.9672758151492922,0.9110833848585063,0.7925608625062857,0.5550366476795268,0.9354957453078969,0.9615452872130625,0.8896682568954877,0.960221152322577,0.8642723367835958,0.5717909861593462,0.6046145530539158,0.9003549758958829,0.8946068956234314,0.9540615556502023,0.9255474930154988,0.8855324042412522,0.9657671730030435,0.8970707874646666,0.7508435140078351,0.9564441004788364,0.9688473520249221,0.996705259555954,0.9463456194504825,0.8535173013518575,0.21791366653875854,0.9611058687776594,0.9028202028772292,0.9442782351269043,0.9336347991328913,0.9383422423783936,0.9704919301607369,0.9336347991328913,0.9704919301607371,0.9704919301607371,0.9238013891436974,0.9373855340691764,0.9186457666042602,0.9602211523225768,0.9688473520249221,0.9517679141853161,0.9517679141853159,0.868629248060816,0.9552408029353752,0.9589316626844853,0.9942420842964469,0.9169502243571082,0.27474411683835664,0.8635477725273675,0.990241664033759,0.8616255760827234,0.8441614090406864,0.960221152322577,0.915264150341758,0.9602211523225768,0.8353653627728157,0.0,0.9473991727811975,0.9484671409187437,0.88718959219572,0.960221152322577,0.8826723723783976,0.8479521653438946,0.46108521599255603,0.7951128469173037,0.7704767971625048,0.7873288227034383,0.9643133649175284,0.8970334570250009,0.8788539781850342,0.8836456641177746,0.8451155112420429,0.9495505106234361,0.8771692991060438,0.9704919301607369,0.9495505106234361,0.9602211523225768,0.9203519494821841,0.945305581259918,0.8737781800841435,0.5911651455979119,0.8516775459542527,0.960221152322577,0.9589316626844855,0.8763243374738703,0.8913167644457045,0.9186457666042602,0.8218918489040508,0.8393229587602621,0.960221152322577,0.8119220126818756,0.892962784146768,0.9393074128728371,0.960221152322577,0.7515166263557423,0.9552408029353747,0.9672758151492922,0.9495505106234361,0.9589316626844855,0.8796938264815499,0.9463456194504827,0.919497451312518,0.9442782351269043,0.9281978840490721,0.9495505106234361,0.8535173013518573,0.960221152322577,0.9961565139931365,0.960221152322577,0.14649376057562669,0.8694930837030936,0.9094222802137255,0.052790958159659174,0.9422586572762628,0.8451155112420419,0.9748350526392386,0.9393074128728374,0.960221152322577,0.7628646596352011,0.777725051686036,0.8830381436111514,0.9412650880954538,0.9336347991328917,0.9448229719109481,0.9412650880954543,0.47834154602285417,0.9345618542101832,0.916106073886044,0.8393229587602622,0.9345618542101832,0.9393074128728374,0.9643133649175286,0.9539382344839205,0.9345618542101832,0.052790958159659174,0.9463456194504827,0.9615452872130625,0.9102521474185266,0.9589316626844853,0.536479239041855,0.948467140918744,0.9152641503417578,0.9336347991328915,0.9495505106234361,0.9327142329596738,0.4928507172686877,0.9589316626844853,0.42352172215406014,0.8525992707005727,0.9393074128728374,0.922933964066333,0.7612950419868545,0.9308912761119588,0.9281978840490723,0.945305581259918,0.27474411683835664,0.9493957255905625,0.922933964066333,0.9627660172534369,0.9432628256129656,0.9432628256129656,0.9698382173897018,0.9643133649175284,0.9657671730030435,0.6847651610825081,0.942258657276263,0.8954284206508372,0.9354957453078971,0.9412650880954541,0.729807133414448,0.9506503681784946,0.9402815237871283,0.9602211523225768,0.8720706944005916,0.9044659624194149,0.9317998283510545,0.9220700353609517,0.7355368666803932,0.9657671730030435,0.9364368411420321,0.6794328770235869,0.9463456194504822,0.9564441004788364,0.9422586572762628,0.9212094218042226,0.6899191265633615,0.8119220126818758,0.9529044812989522,0.8780124908814328,0.9589316626844853,0.7024071207326095,0.8607374764874878,0.9629078616894173,0.9615452872130623,0.6935694561765535,0.9432628256129652,0.9629078616894173,0.9674296364846788,0.7089549861069415,0.863392937194817,0.9576735770276548,0.957673577027655,0.7997152688655995,0.948467140918744,0.9238013891436974,0.9629078616894173,0.7176456466787744,0.9484671409187437,0.9657671730030437,0.916106073886044,0.9473991727811975,0.9535979799037623,0.10311526479750599,0.9102521474185268,0.14649376057562669,0.8580546626695635,0.9657671730030437
p4_Q,0.8301865452842281,0.920179683283657,0.755068285694084,0.9339855047643736,0.9964123220916106,0.9553906988562064,0.7961367830930977,0.7829495315328668,0.8861224347761869,0.9529044812989522,0.0,0.937914277797153,0.937914277797153,0.8945436312571672,0.8941586572120017,0.9243614595545964,0.9094219082255504,0.9939428696246877,0.9505286850464205,0.9053808215188043,0.8668377479090332,0.5005423125562027,0.892670362394828,0.9418654668890594,0.5133712605141,0.9188871236697294,0.9862951408967353,0.9872968515533684,0.9762381701099261,0.8552626877067031,0.9112065483416407,0.991511387719873,0.9323345609629297,0.9039073680321512,0.9398636845831869,0.9505286850464207,0.41671685112023005,0.8131511172044532,0.9553906988562066,0.9110940012363834,0.8808870709207712,0.9204798499326441,0.9700351664034113,0.9588025108491051,0.9615633836644073,0.950032970511735,0.39319229787439447,0.8821881173643273,0.6108094543919227,0.871899210769451,0.9915113877198731,0.9795255945727268,0.9188871236697294,0.9305518148343679,0.9323345609629294,0.9574979597513364,0.9157617220296761,0.9398636845831869,0.886477530909342,0.4756567281571499,0.8887741875977795,0.9264649662909463,0.9188871236697296,0.8808870709207712,0.9482479709168004,0.9672728113765108,0.9460501530640812,0.8294570440795395,0.8358062663095354,0.9141406930557708,0.9847000323057118,0.9968895860490863,0.9470390403999657,0.8199103265291452,0.9398636845831869,0.8023808775583151,0.9747821421515683,0.9288025889967637,0.9094416579454961,0.8954610316630295,0.9738158281847601,0.9877421208411417,0.9641658853133278,0.9188871236697296,0.9398636845831869,0.9094175606190134,0.9775200810036838,0.8422324086005257,0.7477549404254631,0.9379142777971525,0.9398636845831869,0.9415845374623162,0.8759144031389283,0.854851901502441,0.9127085925971725,0.8821881173643273,0.9770828421844054,0.7688919591809662,0.8613770136830703,0.8350822492095291,0.9580084947693384,0.9439253608596803,0.9398636845831869,0.8990763576434593,0.731695895844235,0.305152894515638,0.5932184434069169,0.857616344254295,0.9253948970823007,0.7974579792993961,0.9746761314564315,0.9908966831572723,0.8697573482257852,0.6864550682425967,0.39319229787439447,0.8405567368494107,0.9305518148343679,0.9505286850464207,0.9553906988562064,0.8319564473483687,0.9588025108491051,0.9855797027208403,0.9810661291837657,0.9516895132161818,0.9503578662718964,0.8321323456804643,0.41671685112023005,0.8356963633835399,0.9379142777971528,0.8996713357710029,0.8493600255132052,0.9355505770919704,0.8666344692877817,0.9553906988562064,0.9341536654578784,0.9468315625852828,0.8859311733087405,0.9460501530640815,0.36712679555941397,0.9360123464869743,0.9127132847207977,0.33852203278982185,0.7921483401510494,0.9609642629291475,0.9882611788790332,0.8941586572120019,0.9357354408000718,0.8130313197766212,0.9173148291382114,0.9814141277606032,0.952904481298952,0.8887741875977793,0.796349746765436,0.859314782326138,0.9290729285038272,0.9173148291382116,0.9658203840837846,0.9347184365906842,0.8475556844111887,0.9243614595545964,0.8697573482257854,0.995812608116145,0.8074150985486043,0.863708651905885,0.7683410254227849,0.9010728262563201,0.8356963633835399,0.6629399428369611,0.9947922739901722,0.8168555449761876,0.8945436312571673,0.4576629560515961,0.9157617220296761,0.9162617337114642,0.7214051812843971,0.855574875783836,0.9818060040046752,0.9030676093179741,0.9022017939490118,0.8655788710295136,0.8955237705353789,0.8986299605138686,0.999744732490999,0.9379142777971528,0.8332042054706015,0.6682707041914178,0.8588531668491859,0.8834941755373982,0.9305518148343679,0.8505787444421388,0.9360123464869743,0.9197173314687737,0.76158753912642,0.848374544260414,0.9912298756454649,0.9398636845831869,0.9418654668890594,0.9360123464869741,0.9150128085700577,0.7871440474002929,0.9340712946921954,0.9379142777971528,0.9398636845831869,0.6539306620746631,0.7754268322694216,0.9529044812989522,0.9398636845831869,0.9803010659756758,0.8996713357710029,0.8957643484306201,0.8575188357488202,0.9551827331085333,0.9928618019927207,0.9398636845831869,0.9363693895524039,0.9398636845831868,0.9023605438588362,0.988615979061509,0.9836087064700876,0.9398636845831869,0.8111575085641973,0.9398636845831869,0.9021699614843177,0.8901096639134574,0.9128766367598273,0.7737329690747576,0.9439253608596803,0.8261496131115469,0.9360123464869743,0.5713747934914905,0.9270843653068206,0.8380106442750589,0.7784558727705826,0.9039073680321512,0.9460501530640812,0.8808870709207711,0.9015254039971805,0.8848055194072817,0.9610828450752141,0.584892932480469,0.8996713357710027,0.9341536654578784,0.9855797027208402,0.9894969760647812,0.9398636845831869,0.9847951341175696,0.9398636845831869,0.995763901228382,0.8996713357710031,0.9460501530640815,0.9974846527946568,0.826149613111547,0.9418654668890594,0.898279654991218,0.46660177364713296,0.967017160057684,0.97381582818476,0.8628614501567906,0.9439253608596805,0.8697672352745365,0.8481185950649368,0.8155834129546942,0.9379142777971525,0.9868659623160064,0.873011783414986,0.9553906988562066,0.8788170634534764,0.918214931502125,0.9204798499326445,0.8749724943304515,0.890955137677202,0.9460501530640815,0.9254454270650587,0.8252631222706699,0.9959688991235816,0.305152894515638,0.7974579792993961,0.934718436590684,0.9671761235857237,0.9496407070933521,0.305152894515638,0.8508536150398738,0.7799347919154231,0.9482479709168004,0.9766413918962566,0.9734273782715801,0.9439253608596803,0.9819538956711095,0.7715561688698285,0.36868746900153604,0.9439253608596803,0.9439253608596803,0.799114336293304,0.914140693055771,0.9699851449601231,0.9347920356167374,0.7454228021220048,0.8415145473268251,0.9505286850464205,0.8904904028915425,0.9968895860490864,0.9035337647796047,0.9460501530640815,0.8392442071015727,0.8795907732894912,0.8752885460677958,0.9173148291382114,0.9010728262563199,0.7981282311426632,0.927863480227435,0.9526419804737134,0.9629825713700773,0.710441163946417,0.8053052928137154,0.9523258717107133,0.952904481298952,0.9794979784534669,0.952904481298952,0.6775839322131376,0.9733050117350786,0.927863480227435,0.9439253608596803,0.9398636845831869,0.946050153064081,0.9514652625474738,0.9624721270225209,0.305152894515638,0.9868659623160063,0.9521906738117115,0.9398636845831869,0.5601407473810666,0.9505286850464205,0.9700351664034113,0.5396436140958357,0.759567601845291,0.9220943680125893,0.9460501530640812,0.8027040615618268,0.7492191960070671,0.8875271554498322,0.9323345609629297,0.9919877560258774,0.9439253608596805,0.9039073680321512,0.7791009710795642,0.9305518148343677,0.8941586572120017,0.895461031663029,0.819581220169987,0.9058614048066167,0.8099519168626648,0.4922901047146938,0.9379142777971525,0.9457439607148705,0.9243614595545961,0.869757348225785,0.7729670530351347,0.7675545077575616,0.9398636845831869,0.8269517634252839,0.9777237664759431,0.902201793949012,0.6460806571739135,0.952904481298952,0.8948411555416447,0.9398636845831869,0.9398636845831869,0.9173148291382112,0.8861224347761871,0.9239391611456851,0.9398636845831868,0.976238170109926,0.9398636845831869,0.947688874714007,0.7683410254227849,0.8726904482574116,0.9470390403999658,0.9097196291136667,0.8821245273141877,0.7427968260368258,0.7846973361026459,0.9398636845831869,0.7585081396115952,0.9128766367598273,0.7598372202406347,0.7630185977583606,0.45107603370181504,0.9295810516927874,0.9439253608596803,0.8560853018714698,0.9398636845831869,0.8008692350802825,0.8196028562135225,0.8160028796418131,0.8492338459252549,0.9418654668890594,0.7955069363729532,0.9658597103040234,0.9398636845831869,0.8770114237684188,0.7687161165969224,0.9398636845831869,0.9704295576642358,0.8301865452842281,0.7998546279677184,0.7733894101534823,0.765850872688635,0.9398636845831869,0.7872811539420854,0.8294570440795392,0.9482479709168004,0.8057665591262987,0.8228670521318442,0.8901096639134576,0.8914519915852104,0.9953734704865864,0.39319229787439447,0.8795907732894912,0.8655788710295136,0.892670362394828,0.8256966614396688,0.9217765446296149,0.7878861258192803,0.9237321696604077,0.36712679555941397,0.9188871236697298,0.9398636845831869,0.9141406930557711,0.8834941755373982,0.8032322633242259,0.977493380406002,0.4613383959758176,0.9360123464869743,0.9567845084683833,0.9418654668890594,0.9360123464869743,0.8764342453662839,0.9470390403999658,0.9699358505776485,0.7938493987938993,0.9123081850682938,0.9505286850464205,0.8181251992022518,0.952904481298952,0.9305518148343681,0.9385697293810191,0.8933560703108298,0.9747821421515683,0.952904481298952,0.7973495088336869,0.9382829336530905,0.871899210769451,0.9647915833876861,0.9775200810036838,0.7152360217515681,0.9439253608596803,0.9799998588966441,0.9887777901528662,0.8284549267652426,0.9671761235857239,0.9460546403839525,0.9251250367755222,0.9112065483416407,0.9902983276552519,0.755000252445664,0.9770797539185191,0.9341536654578784,0.8293524200538185,0.6968289215003242,0.9734273782715801,0.9671761235857237,0.9237321696604077,0.7695137057752006,0.9288025889967637,0.7793527263698505,0.9671761235857237,0.5848929324804691,0.7330243442666793,0.9355505770919704,0.8948411555416447,0.7865289185667341,0.9401042088409286,0.988777790152866,0.9505286850464207,0.8284048001912729,0.9029852527308231,0.9482479709168006,0.9872968515533684,0.9862951408967353,0.9862951408967355,0.9460501530640815,0.9505286850464207,0.8054126975365707,0.7554791330588972,0.8968972890562259,0.4576629560515961,0.9379142777971528,0.7908102298540951,0.9589992496040742,0.9341536654578781,0.9609642629291476,0.9398636845831869,0.33800529464407636,0.9398636845831869,0.9398636845831869,0.7854118438304147,0.9237321696604077,0.9819538956711096,0.9398636845831869,0.7743720022696061,0.807893050580051,0.9530613123008465,0.9581447906028222,0.7291099028375747,0.7147859115339803,0.9197173314687734,0.8848055194072817,0.810468129073004,0.9323345609629297,0.8655788710295136,0.9482479709168004,0.9024846512059139,0.7856920188609455,0.8294570440795392,0.6434808380384076,0.9149568459375002,0.9894969760647812,0.8422031842223268,0.921979895548813,0.7082394825603485,0.39319229787439447,0.8880390441955598,0.9270843653068206,0.9204798499326443,0.9237321696604077,0.8730514490577008,0.6108771179979446,0.8887741875977793,0.9237321696604077,0.90534156988644,0.9439253608596803,0.9270843653068208,0.9415131363853566,0.5915774026162515,0.8307074284906393,0.9646082992863596,0.991511387719873,0.8843302430070015,0.9341536654578784,0.8973056156694912,0.6699743710523518,0.9928618019927209,0.8326115993376899,0.9947922739901722,0.9553906988562064,0.7883680341234209,0.8181251992022522,0.8848055194072817,0.791993075452749,0.9775200810036836,0.958999249604074,0.8901116570681229,0.9398636845831869,0.36712679555941397,0.9382829336530905,0.9398636845831869,0.8900265369300415,0.9270843653068204,0.9360123464869743,0.6358311597413266,0.6691305284929077,0.9696315366465988,0.7687161165969225,0.9529044812989522,0.7086735748955768,0.9288025889967639,0.841912226056144,0.9360123464869743,0.9832374253294529,0.8393503898285488,0.9530613123008462,0.9671761235857237,0.8471455521939786,0.8873196151516805,0.7809788388822065,0.83818476025034,0.9419536134643973,0.8759144031389288,0.7568273350176953,0.9112065483416407,0.952904481298952,0.9253948970823005,0.9418654668890594,0.8575835747899004,0.9485451227422387,0.9044537215424595,0.9379142777971525,0.7782358464355155,0.7762794789361446,0.9553906988562064,0.8859311733087405,0.9439253608596803,0.9470371182540278,0.6524058849824348,0.9204798499326443,0.9496407070933521,0.5625149082893257,0.9253948970823007,0.8795907732894912,0.9288025889967639,0.9379142777971528,0.36712679555941397,0.9553906988562064,0.9398636845831869,0.9039073680321512,0.9940064052286428,0.8847397033843235,0.982324224352259,0.9398636845831868,0.8618150114025946,0.9922905929801478,0.8887741875977793,0.9082470012068005,0.710738804912774,0.941584537462316,0.9475094926481991,0.940854731003101,0.9142266602978069,0.9746182283386399,0.8231810246346638,0.9633170462283336,0.33800529464407636,0.6819061501814736,0.9157617220296759,0.8752885460677957,0.8426107983547333,0.8954610316630288,0.9142266602978066,0.9360123464869741,0.9553906988562064,0.9305518148343679,0.9580084947693384,0.9470390403999657,0.9420693371951749,0.748776982131983,0.9505286850464205,0.9398636845831869,0.9270843653068206,0.8228794504079865,0.8637086519058852,0.9379142777971525,0.9460501530640815,0.9341536654578784,0.9379142777971525,0.9379142777971525,0.9039073680321512,0.9398636845831869,0.9341536654578786,0.8901096639134574,0.9398636845831869,0.9426603652680073,0.932421225112757,0.9141406930557708,0.39319229787439447,0.9482479709168004,0.9418654668890594,0.9379142777971525,0.7051000760969124,0.8319564473483687,0.9237321696604077,0.8117511609963388,0.9398636845831869,0.8687767861693849,0.9439253608596803,0.8975786096948726,0.8043110376823825,0.691572486728576,0.914140693055771,0.9418654668890594,0.9253948970823007,0.9162444743188087,0.9253948970823007,0.32500402780730375,0.989878150282884,0.9067878891240293,0.9112065483416407,0.780683351715605,0.9288025889967637,0.9818060040046752,0.9968895860490864,0.39319229787439447,0.9032215790146929,0.8130313197766212,0.9398636845831869,0.9470390403999659,0.7553176702061137,0.9529044812989522,0.935784040640395,0.33586567839812276,0.9251250367755219,0.7921483401510494,0.9360123464869743,0.7526181602736828,0.7450015194592323,0.9398636845831869,0.9398636845831869,0.898279654991218,0.8460574995249712,0.9514652625474735,0.8927761013223363,0.8168555449761876,0.9792223799547057,0.7784914170247148,0.7629594400487258,0.9908966831572723,0.827912112069842,0.9398636845831869,0.9865131178127511,0.36712679555941397,0.9553906988562066,0.9770155294429648,0.305152894515638,0.9011896847149374,0.9398636845831869,0.9398636845831869,0.8293931832816237,0.9470390403999659,0.8147080229303785,0.5482400894009507,0.9647644647815445,0.9460546403839523,0.960886350956918,0.7281075123001419,0.8040064111587777,0.9022004857227728,0.9398636845831868,0.8996713357710031,0.7840502275826162,0.41671685112023005,0.9505286850464205,0.8957643484306201,0.9204122566558746,0.9996792686582182,0.9024846512059139,0.9418654668890594,0.762034738889877,0.9398636845831869,0.7948115130896287,0.9777237664759431,0.8808870709207712,0.6973505967128952,0.9233319335497214,0.9305518148343679,0.8874452201355858,0.694837942737907,0.9482479709168006,0.8443951006116728,0.8369409776400187,0.9862951408967355,0.9762381701099259,0.9734273782715801,0.9624721270225209,0.7785524145786098,0.9460501530640812,0.9379142777971525,0.831145301183807,0.9157617220296759,0.9530613123008463,0.9067878891240293,0.9553906988562064,0.8996713357710031,0.9553906988562066,0.9553906988562064,0.5485866639010891,0.982324224352259,0.9408189766409165,0.9398636845831869,0.952904481298952,0.5482400894009506,0.9270843653068206,0.7427968260368261,0.9323345609629299,0.9379142777971528,0.9157617220296757,0.874448160392765,0.9418654668890596,0.8956777557659621,0.9024846512059139,0.7908102298540951,0.7644084932766946,0.9398636845831869,0.9962433786149398,0.9398636845831869,0.8483745442604138,0.9529044812989522,0.9204798499326443,0.9220943680125893,0.6359812285561388,0.9398636845831869,0.7687161165969225,0.7638406599269408,0.9220943680125893,0.7701392303399353,0.7948115130896285,0.7785524145786099,0.36712679555941397,0.8393503898285481,0.7672211986747091,0.7946666045364155,0.7937891208337402,0.9844690963672101,0.7717935253273169,0.9700351664034114,0.938569729381019,0.9964123220916106,0.5704557212721715,0.9173148291382112,0.8091821252214859,0.8848055194072817,0.7071038344698528,0.9398636845831869,0.9379142777971525,0.8130313197766215,0.9443567104765433,0.6763357061241002,0.8326115993376899,0.8043501679087461,0.9398636845831869,0.7495957960173825,0.8062018706777567,0.9339855047643737,0.9398636845831869,0.810468129073004,0.9658597103040234,0.305152894515638,0.9237321696604077,0.9379142777971525,0.9744902876803159,0.9188871236697297,0.6719701155965676,0.9580084947693384,0.9695561678527185,0.9385697293810191,0.777210308000298,0.9398636845831869,0.9142266602978069,0.9398636845831869,0.9505286850464207,0.9803010659756759,0.8630676692554227,0.9553906988562066,0.9127085925971723,0.9615664311231344,0.9551827331085334,0.6578923902139271,0.9398636845831869,0.9026881507194652,0.7881204379608016,0.6763623884739762,0.951689513216182,0.8996713357710029,0.9290729285038272,0.9112065483416409,0.9097196291136669,0.9010728262563199,0.8731720022848473,0.7068932914268726,0.9010728262563199,0.9871307482212135,0.9460501530640815,0.7454228021220048,0.9010728262563199,0.9553906988562066,0.9188871236697296,0.9418654668890594,0.5653051266728779,0.9379142777971528,0.9097196291136667,0.9877421208411418,0.871899210769451,0.6217097704625072,0.9237321696604077,0.8982796549912178,0.9173148291382112,0.9379142777971528,0.9270843653068208,0.8018164814709106,0.6578923902139275,0.8849929640167628,0.8280750621923767,0.8955237705353787,0.9609479118662458,0.9968895860490862,0.9418654668890594,0.39319229787439447,0.916567441315375,0.9996195398799781,0.6278543809695182,0.877628358460068,0.8821881173643273,0.3671267955594141,0.33800529464407636,0.9644126257985282,0.9127085925971725,0.8972262357553156,0.9401042088409286,0.6434808380384078,0.9316551647701914,0.9253948970823005,0.9896201712617319,0.32500402780730375,0.8066008061629641,0.9995623481084359,0.5619769605887661,0.8821881173643273,0.8219202876790679,0.8570938287816195,0.9819538956711096,0.8817930382709449,0.9188871236697294,0.9341536654578784,0.5537474783483268,0.9460546403839527,0.8481185950649368,0.8615066484717837,0.5355987055016167,0.919307950443218,0.8972431496161437,0.8618150114025946,0.9860599540892504,0.9439253608596803,0.41671685112023005,0.8655788710295136,0.9142266602978062,0.995812608116145,0.9119409794917464,0.8381847602503403,0.8937129110881392,0.9894969760647812,0.4221720985793437,0.82672064573867,0.8074150985486042,0.9514652625474735,0.9439253608596803,0.8332042054706015,0.4918428095366605,0.33800529464407636,0.8731720022848473,0.9647915833876859,0.9998238347481485,0.9529044812989522,0.8643222344048871,0.981806004004675,0.9344230599677561,0.33800529464407636
p4_S,0.7718994506532353,0.9955894416808808,0.8882932693469461,0.919989349133864,0.6057345150931088,0.9610996995613954,0.8222267513114294,0.8169797257838263,0.9006962362816691,0.9589316626844853,0.937914277797153,0.0,0.49606594230048673,0.919989349133864,0.9077040005624184,0.9494402015988872,0.9985778460732367,0.9292677720165115,0.7376990592379751,0.9589316626844853,0.9181361257449083,0.9364159486136479,0.9852901633058908,0.9493053971730236,0.9349426948340505,0.9292677720165115,0.9425805352069325,0.7923256286306113,0.9589316626844853,0.9870158252600565,0.9225701399051969,0.7651984326628316,0.9409942357230057,0.9162050927129202,0.4781043190010006,0.9568599156354454,0.9493053971730236,0.9409942357230057,0.9610996995613952,0.9278966962971924,0.896130882831621,0.980662425002937,0.7864297230821706,0.723511832250126,0.9397362273534059,0.8719917721710351,0.9511016704226434,0.9343080653650264,0.9278966962971924,0.690739810203405,0.9529545363721539,0.8447105394237191,0.9292677720165115,0.8921109580400152,0.998438082710315,0.9742178060512305,0.9265423524364669,0.9475597985845114,0.9102728072442623,0.9442013463068033,0.9428298129397872,0.9682884753552109,0.9292677720165117,0.896130882831621,0.9548710823073729,0.8142281209188552,0.9529545363721539,0.9074162269428674,0.9813880287156103,0.9568599156354454,0.9187169710212715,0.9278966962971924,0.92481000532338,0.7823930047213897,0.9475597985845114,0.8827817928509321,0.9364159486136476,0.9379142777971528,0.8159637907847499,0.9610996995613954,0.937914277797153,0.9661859802146439,0.9238799558250628,0.9784534179462063,0.9475597985845114,0.9149644520716047,0.9364159486136476,0.8974867024478194,0.9318408493486936,0.9458598726114653,0.9475597985845114,0.8882932693469461,0.825672787074978,0.9092425243811154,0.9371729782453183,0.9545640111383318,0.8860815694795918,0.9181361257449083,0.7368993318512822,0.7947545085542373,0.9265423524364667,0.9511016704226432,0.9475597985845114,0.994773060526213,0.8981789948276746,0.9568599156354454,0.9041731885624824,0.7687939955231032,0.5900433049469194,0.9776755005187514,0.8718884926994315,0.9693318146530957,0.8113382209183878,0.9460879419108781,0.9511016704226434,0.8127850482788859,0.9482607581795675,0.9568599156354454,0.9610996995613952,0.8430084144013451,0.845643838733945,0.8816859778305945,0.9349426948340502,0.9225701399051964,0.9784534179462063,0.8130508058152967,0.9493053971730236,0.9593417278528642,0.992131884600974,0.9628454933455661,0.8755930267546022,0.9511016704226432,0.9529545363721539,0.8705865822009823,0.9425805352069325,0.8696295404751326,0.7963400418526662,0.9529545363721539,0.9529545363721539,0.9954412864629744,0.8259696831286129,0.958931662684485,0.7577630226857434,0.8675560447816311,0.9181361257449083,0.9476386094693983,0.7222814458461465,0.6679351743368406,0.9278966962971924,0.782963206823625,0.9589316626844853,0.6730470768532025,0.8512827582389368,0.8773193685069602,0.9529545363721539,0.9752830459923437,0.8916319670140294,0.9112976020672168,0.875316989042498,0.8816859778305945,0.8562018915429416,0.9511016704226434,0.9320645602494204,0.7900616007208391,0.893874003041377,0.913733309388403,0.9486909276320881,0.8961308828316208,0.9834886668885247,0.8663503378902107,0.9909903972974269,0.9458598726114653,0.9265423524364671,0.9534546124070452,0.9690225387083489,0.9721446121872523,0.9667798280829099,0.879883781292478,0.9087945075432594,0.9168460830759904,0.9088944096710687,0.9194335589833611,0.9781067403340057,0.8681153990258522,0.945904879998406,0.8490980979184486,0.7823025559513979,0.9730506507011065,0.9394396415413291,0.9212735133449714,0.8747265520025296,0.9765198713238088,0.8445574319866596,0.7779891015560226,0.9415490144516765,0.9475597985845114,0.9493053971730234,0.8747265520025297,0.9343080653650264,0.9685628266357511,0.9363038471323669,0.9458598726114651,0.9475597985845114,0.9272134113781105,0.8328700630085669,0.9589316626844853,0.9475597985845114,0.9711093465704742,0.9540589546097205,0.9168460830759904,0.912886430027493,0.9018497344665104,0.9458598726114651,0.9475597985845114,0.8814453850912113,0.9475597985845114,0.860481421277431,0.9493117100236348,0.9739470938970315,0.9475597985845114,0.9180351461270723,0.9475597985845114,0.9640853465764172,0.9041731885624829,0.913733309388403,0.8718884926994315,0.9511016704226432,0.7708083464141854,0.9954412864629745,0.9852901633058908,0.9902428565647539,0.9030086235821644,0.9672237320448482,0.997924584339639,0.9529545363721539,0.9935567820366142,0.7641547482218575,0.8995478568587885,0.9611199907943125,0.9125111785873636,0.9628454933455661,0.9425805352069323,0.8816859778305945,0.9442013463068035,0.9475597985845114,0.7243247745921058,0.9475597985845114,0.8310074465798477,0.9125111785873636,0.9765837058865926,0.933861375631473,0.7708083464141853,0.9493053971730234,0.7597332806694636,0.9349426948340505,0.8894031717904967,0.9928618019927207,0.744751257317753,0.9511016704226434,0.8675560447816311,0.8675560447816315,0.7803928839093354,0.9458598726114653,0.752233393060087,0.8233788637195054,0.9610996995613952,0.7712102445476184,0.7712102445476186,0.9693318146530957,0.8981789948276746,0.8708047111031321,0.9529545363721539,0.7720679746958521,0.7963224802288058,0.8459097615913487,0.9568599156354454,0.7787298647570084,0.9112976020672168,0.9320645602494204,0.9896261919016811,0.9568599156354454,0.7953965029329043,0.88517907034319,0.9719050365344922,0.9315076677030099,0.9909903972974269,0.9511016704226432,0.9162050927129204,0.7559282396619429,0.9442013463068033,0.9511016704226434,0.9511016704226432,0.7920258334641648,0.9568599156354454,0.8498657877428386,0.9994549100563429,0.8816859778305948,0.9267092193079063,0.8904195718012651,0.9475597985845114,0.9763068251524243,0.9442013463068035,0.9529545363721539,0.7624534917969605,0.8129420361099913,0.9511016704226434,0.9278966962971926,0.7083424680646155,0.8092990476011352,0.9352098991478845,0.816154387334789,0.9493117100236348,0.9778449024201883,0.9685628266357511,0.8686385996787724,0.9589316626844853,0.9006962362816695,0.9589316626844853,0.869119099918478,0.7135588372114252,0.9460879419108783,0.9128870094924407,0.9475597985845114,0.9529545363721537,0.9747733305686097,0.9292677720165115,0.9568599156354454,0.971905036534492,0.9458598726114651,0.9475597985845114,0.9877220281917203,0.9568599156354454,0.9610996995613952,0.9476386094693983,0.8457706733508474,0.9320645602494204,0.9529545363721539,0.7425790880051844,0.8233788637195056,0.9877220281917203,0.9409942357230057,0.8358428353123895,0.9511016704226434,0.9979245843396387,0.9447808998670315,0.995589441680881,0.9724921727166423,0.9610996995613952,0.7762855815640267,0.9162050927129204,0.763777927592534,0.9425805352069323,0.9458598726114653,0.9933592296586008,0.9155630897147409,0.8113382209183877,0.7265343068798948,0.8128743662973863,0.9475597985845114,0.7611474695143747,0.9574180966633072,0.9608931845293398,0.9998717412550098,0.7212184631640934,0.8956859069607283,0.9475597985845114,0.9475597985845114,0.9278966962971924,0.8718328585919124,0.945904879998406,0.9475597985845114,0.9589316626844853,0.9475597985845114,0.9199893491338639,0.8938740030413768,0.8054295822822948,0.9475597985845112,0.9212735133449714,0.9364159486136479,0.8268147748355974,0.8020222325849231,0.9475597985845114,0.8773193685069605,0.913733309388403,0.7652011593459802,0.7897260844225822,0.9212735133449714,0.8969686040184859,0.9511016704226434,0.77035194475055,0.9475597985845114,0.81827873389136,0.9292677720165115,0.885001870744911,0.8053459614673684,0.9493053971730234,0.825672787074978,0.9409942357230057,0.9475597985845114,0.675208093607953,0.8145236181207491,0.9475597985845114,0.9212735133449714,0.7444044463437745,0.836959162174395,0.809299047601135,0.7624534917969605,0.9475597985845114,0.9090908602598028,0.9979041074996908,0.9548710823073729,0.9363315702348429,0.893052274373392,0.8626012630123827,0.9837698257153862,0.8927512325175626,0.9511016704226434,0.8494492212795625,0.9809610462488346,0.9629124330159166,0.8530611358232428,0.9018303117723399,0.8664736771305537,0.9111150293377239,0.9529545363721539,0.9292677720165115,0.9475597985845114,0.9568599156354454,0.8984043359066811,0.9424464791202656,0.7873481012250079,0.9808396689061133,0.9442013463068033,0.9848534220450091,0.9493053971730234,0.9442013463068033,0.937914277797153,0.9475597985845114,0.9394396415413293,0.875144138718642,0.9765198713238088,0.8140593155196196,0.8350927239459643,0.9611058687776598,0.8359611579004629,0.9111150293377238,0.9876652043927621,0.9364159486136479,0.9611058687776596,0.8484277103308417,0.9977164699543988,0.8661426937240919,0.9306566646589698,0.9364159486136481,0.8995478568587885,0.9511016704226434,0.997924584339639,0.8961308828316208,0.9317671833421676,0.9661859802146439,0.9329016612088759,0.8422956254205761,0.9860598647601156,0.8347240030058896,0.933670774848706,0.9834876612102484,0.9397362273534055,0.9196337733730031,0.8871861256568154,0.8574600169443629,0.9829392900173883,0.9629124330159161,0.8116870067162374,0.9928618019927209,0.8469075946240918,0.9320645602494204,0.9125111785873636,0.8693255390952425,0.9511016704226434,0.9283006786161674,0.8164111026582044,0.9576746141532876,0.9696724395861309,0.96677982808291,0.9995797633171007,0.9363038471323671,0.8986811553763572,0.9977164699543988,0.9425805352069325,0.9425805352069325,0.9061219481453391,0.9568599156354454,0.9225701399051964,0.8199117795876246,0.9100921482984174,0.9458598726114651,0.9458598726114651,0.8441525854401166,0.9792140372249504,0.9425805352069323,0.8675560447816311,0.9475597985845114,0.9548710823073732,0.9475597985845114,0.9475597985845114,0.738701490675898,0.9334927596276981,0.9162050927129204,0.9475597985845114,0.8636318154535148,0.8211417788605382,0.9540589546097203,0.877897145441318,0.8773193685069605,0.8272354331469209,0.9006962362816695,0.8995478568587885,0.7014171310265382,0.998438082710315,0.9809610462488345,0.8986811553763574,0.9998717412550098,0.900664317590558,0.8772536000905928,0.9225701399051964,0.998438082710315,0.8143691847723077,0.9968541159112032,0.9719050365344922,0.8927512325175624,0.9511016704226434,0.8972654241994791,0.9559302354841395,0.869320293965161,0.9334927596276981,0.8607578262346526,0.9663573664294254,0.9813702038092995,0.859317625659531,0.9174557485535397,0.7768756894075235,0.9364159486136481,0.9493053971730234,0.9653389789590384,0.8450603346239254,0.9216975403748093,0.9529545363721539,0.8826297756089205,0.9425805352069325,0.9540077509594633,0.8860815694795918,0.9458598726114651,0.8473269954747022,0.923879955825063,0.9610996995613952,0.799556308447807,0.7468637772209332,0.9747733305686097,0.8246995355877353,0.9364159486136479,0.9819150380375274,0.7214584406443261,0.9475597985845114,0.9529545363721539,0.9557248896714008,0.9475597985845112,0.9180351461270724,0.9902428565647541,0.9442013463068035,0.9834886668885245,0.825672787074978,0.9334927596276981,0.7592148952360357,0.9589316626844853,0.8143658865419072,0.8422956254205759,0.7633251181690387,0.9442013463068033,0.8292303763277575,0.9571427493004796,0.9540589546097202,0.9320645602494204,0.9378682975729825,0.9256988210264245,0.8044674539676762,0.8324069108785306,0.9162050927129204,0.8320495610524626,0.8567235831170403,0.9682551375725406,0.9589316626844853,0.9877220281917203,0.9190874378408648,0.83360257911207,0.7243247745921056,0.9953073669805033,0.9921318846009738,0.8444909477482011,0.8358428353123897,0.9610996995613952,0.8948947876812734,0.7768756894075242,0.9149644520716047,0.913733309388403,0.980662425002937,0.9730506507011063,0.9682551375725403,0.7483813050199299,0.8950004825334387,0.9379142777971528,0.9458598726114651,0.9529545363721539,0.9610996995613954,0.9475597985845114,0.997924584339639,0.8610609420833562,0.8667482021748328,0.9174557485535397,0.9475597985845114,0.9864310500681476,0.8187487405659173,0.6345066859836905,0.919989349133864,0.9006962362816693,0.8882932693469461,0.9899770725904379,0.8920977053116996,0.9721820378192461,0.9800894053211886,0.7974964427509145,0.8871861256568154,0.9548710823073732,0.8995478568587885,0.9265423524364669,0.9511016704226434,0.9125111785873636,0.961099699561395,0.8868830823568324,0.9442013463068035,0.9610996995613952,0.9394396415413291,0.9781067403340056,0.9475597985845112,0.8952068872907201,0.8805919691825623,0.7376990592379751,0.860994907277326,0.8482764195819269,0.7735626237779674,0.7348453828730822,0.9458598726114653,0.9529545363721539,0.9425805352069323,0.9458598726114653,0.9458598726114653,0.9591402541866405,0.9475597985845114,0.9425805352069323,0.9430441133000051,0.9475597985845114,0.9320645602494204,0.8871861256568154,0.8904195718012649,0.9511016704226434,0.8986811553763574,0.9493053971730234,0.9458598726114653,0.7894685038194513,0.8733613436263186,0.9852901633058908,0.7573634207505047,0.9475597985845114,0.9041731885624824,0.9511016704226434,0.9320645602494204,0.8283963718614143,0.9053437280773229,0.9568599156354454,0.9493053971730234,0.8011606383775999,0.9628454933455654,0.9349426948340502,0.9475597985845112,0.995606730632077,0.9187169710212715,0.9403748670927714,0.9928337245205828,0.8422956254205759,0.9568599156354454,0.9278966962971924,0.9511016704226434,0.9041731885624824,0.7844306245694912,0.9475597985845114,0.8609949072773262,0.9450975949913771,0.9589316626844853,0.8902084347076633,0.9425805352069323,0.9379142777971528,0.7295304735691874,0.9442013463068033,0.7764813487173796,0.7565251288118119,0.9475597985845114,0.9475597985845114,0.8830966996432088,0.9682884753552109,0.9371605937136991,0.8549145578460347,0.7783436306786586,0.8651345321159731,0.8637151821288627,0.7932120905227914,0.9306566646589698,0.77533932639051,0.9475597985845114,0.9713507065305735,0.9529545363721539,0.9610996995613952,0.825672787074978,0.9568599156354454,0.7464801480843224,0.9475597985845114,0.9475597985845114,0.7953958706584722,0.9475597985845114,0.7868435260790482,0.9364159486136479,0.8523731211903478,0.896130882831621,0.9808396689061133,0.9696724395861309,0.9700992841550046,0.8755343989590987,0.9475597985845114,0.9125111785873636,0.8804335103263402,0.9493053971730236,0.8140593155196201,0.8447038853485999,0.9761220212808732,0.9077040005624186,0.9149644520716045,0.5900695253755859,0.8850018707449108,0.9475597985845114,0.7257450177475634,0.9149644520716045,0.9935567820366138,0.9645517397662573,0.8610609420833562,0.9394396415413293,0.7541624525637657,0.8490980979184486,0.8254572742182221,0.9586655795685093,0.71152867332731,0.9425805352069325,0.9589316626844853,0.919989349133864,0.9292677720165115,0.7474881342688839,0.9529545363721539,0.9458598726114653,0.8689524000951403,0.9265423524364669,0.995606730632077,0.9493973299985364,0.7864297230821702,0.9540589546097202,0.7022728639633592,0.9547434413197935,0.8995478568587885,0.9522319435190597,0.9992385990138162,0.8609949072773257,0.9589316626844853,0.9902428565647541,0.6329687877775011,0.8268147748355974,0.9409942357230059,0.9458598726114651,0.7874049258749505,0.8905160099774294,0.9848910203339205,0.8978260286320021,0.9998717412550098,0.8723413800954836,0.8192285697831143,0.9475597985845114,0.8882932693469461,0.9886251033694344,0.8054295822822949,0.9589316626844853,0.8193145336211938,0.9320645602494202,0.8512827582389366,0.9475597985845114,0.8145236181207491,0.799556308447807,0.9661859802146437,0.7575776963663714,0.9240129721559551,0.8588929027553878,0.9529545363721539,0.789540286743426,0.8956859069607283,0.9656310566424899,0.7958167654209829,0.9334927596276981,0.8380730697098475,0.9610996995613952,0.9334927596276981,0.9475597985845112,0.8950004825334388,0.9278966962971924,0.7035608972416709,0.9371605937136991,0.8044674539676762,0.9886251033694342,0.9458598726114653,0.6970590368950034,0.8567235831170406,0.8927512325175626,0.8747022741842763,0.7881804803953935,0.9475597985845114,0.7794874015684093,0.8588935204002319,0.919989349133864,0.9475597985845114,0.7883906683954578,0.9441180703023756,0.9568599156354454,0.9852901633058906,0.9458598726114653,0.8414011380622555,0.8248039983350155,0.893874003041377,0.9781067403340056,0.7809518813704255,0.9334927596276981,0.8347439839067272,0.9475597985845114,0.6519916159836296,0.9475597985845114,0.9568599156354454,0.9424781900280401,0.9816765170101118,0.9610996995613952,0.9834886668885245,0.9890735278881329,0.8688250568870071,0.9644994759182186,0.9475597985845114,0.7731152683289884,0.7912917627485501,0.8755343989590985,0.9860598647601154,0.9125111785873639,0.9529545363721539,0.9225701399051969,0.9885587804861202,0.913733309388403,0.6869800474494778,0.8431704890143148,0.913733309388403,0.919989349133864,0.9529545363721539,0.8816859778305948,0.913733309388403,0.9610996995613952,0.972360936124099,0.9493053971730234,0.8816859778305945,0.9458598726114651,0.8983910743172118,0.9320645602494204,0.8882932693469461,0.9125111785873636,0.6521280109467595,0.9935398813830465,0.87846278828188,0.992131884600974,0.902103327533033,0.8056825578273619,0.919989349133864,0.8984043359066811,0.8571037141749208,0.9492098513807965,0.9053437280773233,0.9763068251524243,0.9493053971730234,0.9511016704226434,0.9357274933038937,0.7897263368095917,0.9252037445446055,0.9252037445446055,0.9175213699727846,0.9765837058865925,0.9548710823073732,0.869721451294716,0.890857289602112,0.9818014931500496,0.9576746141532875,0.9225701399051964,0.9077906697452556,0.9594986384506097,0.9212735133449719,0.9475597985845112,0.8806059912987236,0.9951598794226075,0.950802817126357,0.8063934464761428,0.9039963657798309,0.9548710823073732,0.9591402541866405,0.8718884926994313,0.9292677720165115,0.9425805352069325,0.9701956444682693,0.9567860036593588,0.8675560447816308,0.8090713916623884,0.937914277797153,0.8391846440543804,0.9301236418134131,0.8858790554238976,0.8164111026582048,0.9511016704226434,0.9493053971730236,0.7765753048984841,0.9252037445446055,0.9511016704226434,0.9224635916187051,0.8941468246227782,0.84818938914953,0.9442013463068035,0.9350839192327515,0.7445388428407443,0.9320645602494204,0.8995478568587885,0.9128870094924402,0.7800315783608657,0.9320645602494204,0.9548710823073732,0.8281856410361526,0.9193260543091283,0.9493053971730234,0.9589316626844853,0.9155630897147409,0.9568599156354451,0.9249804020540653,0.9548710823073732
p5_F,0.7718994506532353,0.9394396415413291,0.8882932693469463,0.919989349133864,0.2228439268167811,0.9610996995613954,0.8222267513114296,0.7894685038194516,0.938608053802739,0.9589316626844853,0.937914277797153,0.49606594230048673,0.0,0.919989349133864,0.947638609469398,0.9494402015988874,0.9425805352069323,0.9292677720165115,0.9667798280829097,0.9589316626844853,0.8763244883251148,0.9364159486136479,0.9852901633058908,0.9493053971730236,0.9349426948340502,0.9292677720165115,0.9425805352069325,0.6243593074986197,0.9611058687776596,0.8501444291160678,0.9225701399051969,0.3424278862153076,0.9984380827103148,0.9162050927129204,0.41428922095494436,0.9568599156354454,0.9493053971730236,0.9409942357230057,0.9610996995613952,0.9278966962971924,0.896130882831621,0.9306566646589698,0.8705865822009818,0.6420904945942468,0.9985778460732367,0.8719917721710351,0.9511016704226434,0.9343080653650264,0.9278966962971924,0.6205786567951308,0.9529545363721539,0.8447105394237191,0.9292677720165115,0.9482607581795672,0.9409942357230057,0.9265423524364669,0.9265423524364669,0.9475597985845114,0.8549145578460348,0.9442013463068033,0.9813702038092993,0.9397653376991644,0.9292677720165117,0.896130882831621,0.9548710823073729,0.7577630226857436,0.9529545363721539,0.9375788537951417,0.9638514157720963,0.9568599156354454,0.9187169710212715,0.9278966962971924,0.92481000532338,0.7540690112344764,0.9475597985845114,0.8827817928509323,0.9364159486136476,0.9379142777971528,0.9287189694062175,0.9610996995613954,0.9928618019927209,0.9829392900173883,0.923879955825063,0.7756183524053208,0.9475597985845114,0.9149644520716045,0.9364159486136476,0.8421779795631059,0.967369477483469,0.9458598726114653,0.9475597985845114,0.8882932693469461,0.8256727870749783,0.999454910056343,0.9701956444682693,0.8063934464761422,0.8860815694795918,0.883879561423246,0.7088341300603618,0.7387014906758982,0.9265423524364667,0.9511016704226432,0.9475597985845114,0.8430084144013448,0.8664736771305537,0.9568599156354451,0.9041731885624826,0.7412655108174009,0.6428226383045899,0.9208338903011106,0.8718884926994315,0.9693318146530957,0.7836332302901655,0.9065205555971323,0.9511016704226434,0.7579944655912745,0.9394396415413291,0.9568599156354454,0.961099699561395,0.7215966975014503,0.9677758452177637,0.8816859778305945,0.9349426948340502,0.9225701399051964,0.9292677720165115,0.7855851230478148,0.9493053971730236,0.9286859463478483,0.9921318846009739,0.9212977173232088,0.7796798866671166,0.9511016704226432,0.9529545363721539,0.870586582200982,0.9425805352069325,0.8402939714046156,0.6649337140811892,0.9529545363721539,0.9529545363721539,0.9442013463068033,0.798315321686256,0.9589316626844853,0.7577630226857437,0.8993926091805273,0.9181361257449083,0.9875732183763779,0.6869800474494778,0.6679351743368407,0.9278966962971924,0.782963206823625,0.9589316626844853,0.6730470768532026,0.8512827582389368,0.8773193685069602,0.9765837058865925,0.9763068251524245,0.8916319670140291,0.9112976020672168,0.7845470257867799,0.9155630897147409,0.8284969009147188,0.9511016704226434,0.9320645602494204,0.7900616007208391,0.8938740030413768,0.913733309388403,0.8567235831170406,0.9329016612088761,0.9701956444682691,0.8076791997491755,0.9909903972974268,0.9458598726114653,0.9265423524364671,0.9243307498488829,0.9710152408967009,0.9721446121872523,0.890419571801265,0.9749997343838411,0.96089318452934,0.9168460830759904,0.9088944096710687,0.9194335589833611,0.9781067403340058,0.930123641813413,0.945904879998406,0.8490980979184486,0.6912437682764767,0.8984043359066813,0.939439641541329,0.9212735133449717,0.8747265520025296,0.9097446761129819,0.8164111026582046,0.7505486208297507,0.9030086235821644,0.9475597985845114,0.9493053971730234,0.9350839192327518,0.9343080653650264,0.8248376279677074,0.9584544227552207,0.9458598726114651,0.9475597985845114,0.9272134113781105,0.8328700630085668,0.9589316626844853,0.9475597985845114,0.9424781900280399,0.9540589546097205,0.9509103733010487,0.9128864300274931,0.9018497344665104,0.9458598726114651,0.9475597985845114,0.8512827582389368,0.9475597985845114,0.7770224160536287,0.8914571445678523,0.916457014429814,0.9475597985845114,0.8567235831170403,0.9475597985845114,0.8222267513114294,0.9041731885624829,0.913733309388403,0.8718884926994317,0.9511016704226432,0.7708083464141855,0.9442013463068033,0.9852901633058908,0.9364159486136479,0.9030086235821644,0.8848266837424023,0.997924584339639,0.9529545363721539,0.8961308828316202,0.79902066083399,0.8995478568587885,0.9301255045824546,0.9540589546097202,0.9125111785873636,0.9425805352069323,0.8816859778305945,0.9442013463068035,0.9475597985845114,0.6114865640273737,0.9475597985845114,0.8310074465798478,0.9125111785873636,0.9765837058865926,0.9808396689061133,0.7708083464141855,0.9493053971730236,0.6774910013536329,0.9349426948340502,0.8894031717904969,0.9379142777971528,0.7140954758127369,0.9511016704226434,0.8675560447816311,0.8675560447816315,0.7218663497499074,0.9458598726114653,0.8986811553763574,0.8233788637195056,0.9610996995613952,0.7425790880051841,0.7712102445476184,0.9693318146530957,0.8981789948276746,0.8708047111031318,0.9529545363721539,0.8311945423883857,0.8513794496402107,0.8185324835917436,0.9568599156354451,0.750309059648188,0.9112976020672166,0.9320645602494204,0.9523030345044686,0.9568599156354451,0.7655885110626541,0.8294113114049594,0.9548710823073729,0.9315076677030101,0.9644994759182186,0.9511016704226434,0.9162050927129204,0.8390432115466104,0.9442013463068033,0.9511016704226434,0.9511016704226432,0.7920258334641648,0.9568599156354454,0.7947721910054545,0.9404034994935053,0.881685977830595,0.8681826851484779,0.8904195718012652,0.9475597985845114,0.9278966962971924,0.9442013463068037,0.9529545363721539,0.7624534917969608,0.6304061102621362,0.9511016704226434,0.9278966962971926,0.8343172089136093,0.8092990476011352,0.7769403538929012,0.6813749902313895,0.8914571445678523,0.9229135368852244,0.8248376279677077,0.9006096463746005,0.9589316626844853,0.938608053802739,0.9589316626844853,0.9591402541866407,0.5058199570996407,0.9460879419108783,0.9128870094924407,0.9475597985845114,0.9529545363721537,0.8995478568587885,0.9292677720165115,0.9568599156354451,0.9548710823073732,0.9458598726114651,0.9475597985845114,0.9349426948340502,0.9568599156354454,0.9610996995613952,0.9077040005624184,0.8175818786954803,0.9320645602494204,0.9529545363721539,0.71394793146275,0.8233788637195056,0.9349426948340505,0.9409942357230059,0.8358428353123897,0.9511016704226434,0.9120542613921978,0.86132189464323,0.995589441680881,0.9724921727166423,0.9610996995613952,0.7762855815640266,0.9162050927129202,0.763777927592534,0.9425805352069323,0.9458598726114653,0.9626788706813354,0.8816859778305948,0.7559282396619429,0.7265343068798947,0.8128743662973861,0.9475597985845114,0.641223028724474,0.9149644520716045,0.9608931845293398,0.9576746141532875,0.8811434002398044,0.9836926141722804,0.9475597985845114,0.9475597985845114,0.9278966962971924,0.8718328585919124,0.9154533753716585,0.9475597985845114,0.9589316626844853,0.9475597985845114,0.9199893491338639,0.8938740030413765,0.8054295822822948,0.9475597985845114,0.9212735133449714,0.9364159486136476,0.8268147748355976,0.802022232584923,0.9475597985845114,0.8773193685069605,0.913733309388403,0.7652011593459803,0.762345806666435,0.9212735133449717,0.8653913891389662,0.9511016704226434,0.7428407227861749,0.9475597985845114,0.7907502491856577,0.9292677720165115,0.885001870744911,0.7768746902546854,0.9493053971730234,0.8256727870749783,0.9409942357230057,0.9475597985845114,0.6032013146288726,0.759214895236036,0.9475597985845114,0.9663573664294256,0.7718994506532353,0.836959162174395,0.8092990476011352,0.7348453828730821,0.9475597985845114,0.8269500269913628,0.911608011943486,0.9548710823073729,0.8469075946240916,0.8092990476011352,0.9430441133000049,0.9837698257153862,0.8927512325175626,0.9511016704226434,0.6669132954317067,0.9168460830759904,0.9629124330159166,0.7932740872153677,0.869721451294716,0.8664736771305537,0.9111150293377238,0.9529545363721539,0.9292677720165115,0.9475597985845114,0.9568599156354454,0.8984043359066813,0.9739999445148568,0.5675580044427355,0.9808396689061134,0.9442013463068033,0.874666228570241,0.9493053971730234,0.9442013463068033,0.937914277797153,0.9475597985845114,0.9394396415413291,0.8751441387186418,0.9006962362816695,0.8140593155196195,0.7468637772209334,0.9589316626844853,0.7798113577609112,0.9334927596276981,0.957161588228917,0.9902428565647541,0.9589316626844853,0.8484277103308417,0.9557248896714008,0.7258203869075431,0.9306566646589698,0.9364159486136481,0.8995478568587885,0.6408643693226066,0.9162050927129204,0.896130882831621,0.8992238658872064,0.9661859802146439,0.9696724395861309,0.9521906738117116,0.9860598647601155,0.8347240030058893,0.933670774848706,0.9782914706820045,0.9397362273534056,0.9967145882196512,0.8871861256568154,0.6794195098069449,0.9661859802146439,0.9852901633058906,0.8116870067162374,0.937914277797153,0.8469075946240917,0.9320645602494204,0.9125111785873636,0.8418457128185749,0.9511016704226434,0.8663503378902103,0.8164111026582044,0.9576746141532875,0.8464736685275931,0.9568599156354451,0.9726005682749652,0.958454422755221,0.8986811553763572,0.955724889671401,0.9425805352069325,0.9425805352069325,0.9765837058865926,0.9568599156354454,0.9225701399051964,0.8199117795876246,0.9100921482984174,0.9458598726114653,0.9458598726114651,0.759586201474016,0.9819150380375274,0.9425805352069323,0.8675560447816311,0.9475597985845114,0.9548710823073732,0.9475597985845114,0.9475597985845114,0.7106749817367284,0.9334927596276981,0.9162050927129204,0.9475597985845114,0.8081116812777622,0.7634118215741786,0.9125111785873636,0.9675777183531311,0.8773193685069602,0.7995563084478068,0.9006962362816695,0.8995478568587885,0.6724259519035644,0.9409942357230059,0.9509103733010487,0.8986811553763574,0.957418096663307,0.9624492924114183,0.8169283463860441,0.9225701399051967,0.9441180703023762,0.8143691847723078,0.9146471974855419,0.9719050365344921,0.8927512325175626,0.9511016704226434,0.8972654241994791,0.9364159486136479,0.980662425002937,0.9334927596276981,0.6833781231570515,0.9212735133449714,0.9428298129397875,0.7039254146249524,0.9174557485535397,0.9128870094924401,0.9364159486136479,0.9493053971730234,0.9935398813830467,0.7542903713682073,0.892706361251836,0.9529545363721539,0.9963436067167888,0.9425805352069325,0.9540077509594633,0.886081569479592,0.9458598726114651,0.8199517167651282,0.9238799558250628,0.9610996995613952,0.7995563084478069,0.6880444794042461,0.8995478568587885,0.8246995355877353,0.9364159486136479,0.9792140372249502,0.921524819262904,0.9475597985845114,0.9529545363721539,0.9557248896714008,0.9475597985845114,0.8567235831170406,0.9902428565647541,0.9442013463068035,0.9834886668885245,0.8256727870749783,0.9334927596276981,0.7315605337936794,0.9589316626844853,0.7868860602652397,0.9521906738117114,0.7009032967458926,0.9442013463068033,0.944118070302376,0.9008500906435692,0.9125111785873636,0.9320645602494204,0.855715460675475,0.9587104857784426,0.8044674539676764,0.770666997134283,0.9162050927129204,0.7750032857403693,0.8567235831170403,0.9225701399051964,0.9589316626844853,0.9877220281917201,0.9848910203339206,0.83360257911207,0.6867120377371949,0.9953073669805033,0.9458598726114653,0.7894685038194516,0.8358428353123897,0.9610996995613952,0.993449533509881,0.8448813494499824,0.8727673249698823,0.913733309388403,0.9306566646589698,0.9149798771072561,0.9225701399051964,0.7483813050199296,0.8950004825334388,0.9379142777971528,0.9458598726114651,0.9529545363721539,0.9610996995613954,0.9475597985845114,0.9162050927129204,0.8610609420833562,0.9221581834312781,0.9174557485535397,0.9475597985845114,0.9465342868356856,0.8187487405659173,0.5574259042446656,0.9199893491338638,0.9006962362816695,0.8882932693469461,0.8773193685069602,0.7824563866875175,0.9721820378192461,0.9800894053211886,0.7380475048800081,0.8871861256568152,0.9548710823073732,0.8995478568587885,0.9265423524364669,0.9511016704226434,0.9125111785873636,0.961099699561395,0.9338613756314729,0.9442013463068035,0.9610996995613952,0.9394396415413291,0.9265423524364667,0.9475597985845112,0.8952068872907201,0.8805919691825623,0.9568599156354454,0.9886251033694343,0.5253149718752892,0.7735626237779674,0.7348453828730823,0.9458598726114653,0.9529545363721539,0.9425805352069323,0.9458598726114653,0.9458598726114653,0.9162050927129203,0.9475597985845114,0.9425805352069323,0.9041731885624827,0.9475597985845114,0.9320645602494204,0.8871861256568154,0.5086182903930365,0.9511016704226434,0.8986811553763574,0.9493053971730234,0.9458598726114653,0.7894685038194513,0.8733613436263187,0.807520221981338,0.8154768127415197,0.9475597985845114,0.9041731885624824,0.9511016704226434,0.9320645602494204,0.8009165455847469,0.9053437280773229,0.9568599156354454,0.9493053971730236,0.9349426948340505,0.995606730632077,0.9349426948340505,0.9475597985845114,0.995606730632077,0.9187169710212715,0.9403748670927713,0.9349791590648004,0.9521906738117116,0.9568599156354451,0.9278966962971924,0.9511016704226434,0.9041731885624824,0.726182899453166,0.9475597985845114,0.92481000532338,0.9450975949913769,0.9589316626844853,0.8902084347076633,0.9425805352069325,0.9379142777971528,0.7012979244526321,0.9442013463068033,0.7490287796730208,0.7565251288118118,0.9475597985845114,0.9475597985845114,0.9653389789590384,0.911242200043118,0.8995478568587885,0.7995563084478068,0.7196724925376237,0.8651345321159731,0.8347240030058893,0.7380797521925806,0.9306566646589698,0.7196369421472582,0.9475597985845114,0.8972654241994791,0.9529545363721539,0.9610996995613952,0.8256727870749783,0.9568599156354451,0.9176189740206024,0.9475597985845114,0.9475597985845114,0.7680215914296747,0.9475597985845114,0.75945424313346,0.9364159486136479,0.8523731211903478,0.8961308828316212,0.9721820378192461,0.9329016612088759,0.9151513019934767,0.845809930023645,0.9475597985845114,0.9125111785873636,0.8244554225158999,0.9493053971730236,0.8140593155196201,0.9128324657987171,0.9684140421855757,0.9077040005624186,0.9149644520716045,0.19524803041725203,0.8545503661181637,0.9475597985845114,0.6974210242606501,0.9149644520716045,0.9696724395861311,0.9325806930704288,0.8610609420833559,0.9394396415413291,0.601278980132777,0.8790792081159235,0.9548710823073732,0.8526214112890986,0.6500054715691529,0.9985778460732367,0.9589316626844853,0.919989349133864,0.7756183524053207,0.7196369421472582,0.9529545363721539,0.9458598726114653,0.7393728464924256,0.9265423524364669,0.9125111785873636,0.9493973299985363,0.7864297230821703,0.9125111785873636,0.870586582200982,0.9610996995613952,0.8995478568587885,0.8653570715674592,0.8912284305451956,0.8609949072773257,0.9589316626844853,0.9364159486136479,0.8482764195819266,0.8553912003238413,0.9409942357230061,0.992131884600974,0.7874049258749505,0.8905160099774292,0.9493053971730234,0.870441749666166,0.9149644520716045,0.7877749961293828,0.764055362404793,0.9475597985845114,0.8882932693469461,0.9475597985845114,0.7505486208297509,0.9589316626844853,0.9306566646589698,0.9320645602494202,0.8512827582389366,0.9475597985845114,0.8974867024478195,0.7995563084478068,0.7626870611427723,0.7298985716672575,0.9343670604094794,0.8310417106337618,0.9529545363721539,0.7332476280865163,0.7783436306786584,0.9102728072442623,0.8234248743448613,0.9334927596276981,0.8380730697098475,0.9610996995613952,0.9852901633058908,0.9475597985845114,0.8950004825334388,0.9278966962971924,0.6746336145137796,0.8995478568587885,0.8044674539676762,0.9475597985845114,0.9458598726114653,0.6970590368950035,0.8567235831170406,0.8927512325175626,0.8747022741842762,0.7881804803953933,0.9475597985845114,0.7520579877837957,0.8588935204002321,0.919989349133864,0.9475597985845114,0.8753642057643778,0.9441180703023756,0.9568599156354451,0.9334927596276981,0.9458598726114653,0.8414011380622557,0.5296901227568482,0.893874003041377,0.9265423524364669,0.5064605396372066,0.9334927596276981,0.8347439839067272,0.9475597985845114,0.9808396689061133,0.9475597985845114,0.9667798280829097,0.9711093465704743,0.8498492366106387,0.9610996995613952,0.9834886668885245,0.8176697096447176,0.9018497344665102,0.9644994759182186,0.9475597985845114,0.7445388428407445,0.7631866258363328,0.845809930023645,0.9860598647601154,0.9125111785873639,0.9529545363721539,0.9225701399051967,0.9885587804861203,0.913733309388403,0.828185641036153,0.7881804803953933,0.913733309388403,0.919989349133864,0.9529545363721539,0.881685977830595,0.913733309388403,0.9610996995613952,0.972360936124099,0.9848910203339207,0.8816859778305948,0.9458598726114651,0.898391074317212,0.9320645602494204,0.8882932693469461,0.9125111785873636,0.7039254146249523,0.9524187417251317,0.9752830459923438,0.7440989134507303,0.9559302354841397,0.8056825578273621,0.919989349133864,0.9357274933038937,0.7139479314627499,0.9492098513807963,0.9053437280773233,0.9278966962971924,0.9493053971730236,0.9511016704226434,0.9357274933038937,0.6831404524052652,0.9252037445446055,0.9252037445446055,0.7693508053105951,0.9529545363721539,0.9548710823073732,0.869721451294716,0.9834886668885243,0.9505905824384766,0.8727673249698822,0.9225701399051964,0.8480036211373803,0.9877220281917203,0.9212735133449719,0.9475597985845114,0.7941932721730919,0.9951598794226075,0.9100921482984174,0.6211802406484057,0.8447105394237189,0.9548710823073729,0.9162050927129204,0.8718884926994313,0.9292677720165115,0.9425805352069325,0.9238799558250632,0.9329016612088759,0.8675560447816311,0.7816419778777748,0.937914277797153,0.8684479111340948,0.8681153990258522,0.9130169552876024,0.8164111026582048,0.9511016704226434,0.9493053971730236,0.7084467244483663,0.9252037445446057,0.9511016704226434,0.9954779619578477,0.9823733478887267,0.8481893891495298,0.9350839192327518,0.9350839192327516,0.7159624173525004,0.9320645602494204,0.8995478568587885,0.9808926695348984,0.8104830829876126,0.9320645602494204,0.9548710823073732,0.8987884378294904,0.980662425002937,0.9493053971730236,0.9589316626844853,0.8816859778305948,0.9568599156354451,0.8969538931148957,0.9548710823073732
p6_R,0.7461723929410955,0.6058402013508173,0.8629109003394014,0.894594594594595,0.9683086794376969,0.5742195952069638,0.9612993990078991,0.9455890720762882,0.8532445498042329,0.9393074128728371,0.8945436312571672,0.919989349133864,0.919989349133864,0.0,0.9644063381076242,0.8251503574709127,0.662486070558609,0.7514717776798464,0.7348814459346106,0.6015098136622274,0.975930324917138,0.9446701888736626,0.8380225099110048,0.9723157551667554,0.9796265153694581,0.8954688163631979,0.45130060620114143,0.9026532767809434,0.5441119669791122,0.694393459671193,0.8855707623626501,0.9304741538905168,0.9127986978904699,0.8761642169182171,0.9225015741707872,0.9541300190655133,0.9250812961986934,0.4274611650065676,0.9425114327004687,0.27257501594923483,0.8728920970887104,0.8975213827250901,0.9425114327004687,0.8671302399974956,0.7469602563015958,0.6612958663157698,0.9277359074596556,0.8481743454856236,0.8934425806304627,0.8349149021845172,0.9810522968844484,0.5485983726995776,0.8954688163631979,0.9105012505384156,0.9127986978904694,0.9598848913568985,0.8914410719709875,0.9225015741707872,0.7633805800274993,0.9175383063396301,0.8566618970084514,0.82426836696321,0.8954688163631979,0.8464976705745089,0.9333065093925879,0.9753261709328147,0.9304741538905168,0.8451722392971195,0.8991776191867861,0.8993178757827878,0.39432908443599657,0.8934425806304627,0.9683086794376969,0.7355710168869778,0.9225015741707872,0.8267698008899673,0.9060327047326968,0.8945436312571667,0.7506487070281582,0.7554454597416767,0.9476888747140071,0.7352141515839994,0.6802973930927542,0.8954688163631979,0.9225015741707872,0.18098629841364744,0.9394173587034403,0.7019415513043818,0.8381997656144695,0.9199893491338635,0.9225015741707872,0.3844684210022725,0.6434027228239725,0.8001909810660306,0.8875064656813965,0.8747639177841733,0.3722814103927704,0.8283921313536702,0.7252059422942556,0.7636929526714453,0.925662981663943,0.6817430373427276,0.43619895209247705,0.6718690581199425,0.939219287389227,0.9362456943690349,0.3882648875166087,0.6907615559142977,0.9038554657884541,0.7593822847131333,0.42196759714019616,0.7435323493596169,0.9442445407934441,0.9109331424251431,0.9277359074596556,0.9250249625106428,0.847669475406201,0.9362456943690349,0.9366713242763891,0.8052277919712965,0.8671302399974956,0.4453299155064684,0.33843403840150477,0.7864978293432995,0.9633074212540201,0.6268418870768073,0.9250812961986936,0.8982849455083565,0.8574600169443631,0.8707051888795787,0.8058683707380012,0.9277359074596556,0.6143225591640982,0.9425114327004684,0.9151430007264558,0.7306439192243634,0.8154825411864677,0.8166351311398248,0.9304741538905168,0.9175383063396301,0.9599989969255577,0.9393074128728371,0.7524045539759372,0.7615320920257624,0.4830962986834797,0.8636009307043997,0.9379139290408933,0.7590511108596087,0.8934425806304627,0.6313498292378701,0.996705259555954,0.856661897008451,0.6135520024365789,0.8425111710827857,0.8672132741337568,0.9281918474396422,0.8264319650419106,0.7768823838939128,0.9338602041183082,0.5669165366769049,0.7574517361887223,0.9258186968412382,0.5891406252078373,0.6982490754523112,0.8952057237832751,0.6452171808592658,0.8542749023230833,0.8103747847408735,0.8875064656813965,0.8903235986638645,0.6709459459459477,0.9199893491338638,0.8914410719709878,0.8437463822455233,0.9491564487435968,0.8340851092721,0.7348814459346098,0.8481857313975261,0.9037287765875095,0.7086482280213343,0.894298990140012,0.8794805910768586,0.9941068010498537,0.919989349133864,0.8069065519459742,0.577387361679514,0.8052277919712965,0.9034393382949701,0.9105012505384156,0.7603674824796209,0.9608634184056339,0.8532445498042331,0.604593210955841,0.7186476178590229,0.8566618970084512,0.9225015741707872,0.9250812961986934,0.649210573000332,0.8481743454856236,0.9001364873020513,0.9104584515535377,0.919989349133864,0.9225015741707872,0.9123533885446924,0.6989505708013533,0.9393074128728371,0.9225015741707872,0.8896043244603334,0.8707051888795789,0.8512214835788461,0.8035490586609266,0.9372551855009494,0.9644994759182186,0.9225015741707872,0.7802191483051634,0.922501574170787,0.7727368705792379,0.7475664786422569,0.6525348191146285,0.9225015741707872,0.8982849455083565,0.9225015741707872,0.9979696028096356,0.9141868065994085,0.2232296079901276,0.8339245745794139,0.9746338287409402,0.6902040370753015,0.9175383063396301,0.8380225099110042,0.9060327047326973,0.8390267134917062,0.7619888556678256,0.9081008136077287,0.7660569881458926,0.8464976705745091,0.858305811886843,0.9864598200285576,0.7665123778216998,0.8707051888795789,0.8707051888795789,0.9151430007264558,0.3480606185701193,0.9608634184056342,0.9225015741707872,0.8515474244094852,0.9225015741707872,0.6132703617672495,0.44335655532964424,0.930474153890517,0.8894628186153251,0.6509006780380934,0.9250812961986934,0.8689117123597327,0.9038554657884541,0.3525747199739028,0.9871307482212135,0.7882598375451735,0.9277359074596556,0.418743104448435,0.8042685237096219,0.7623400254281054,0.9199893491338635,0.9858673317522391,0.6285957089347698,0.9425114327004687,0.8073974209651036,0.7662939692174884,0.8975213827250901,0.8026689534016755,0.4038493780165814,0.930474153890517,0.7688790278969668,0.730281990274285,0.6612905388107694,0.9362456943690349,0.7389815511680635,0.8654338598305015,0.8996020324755996,0.6143239287305398,0.9362456943690349,0.8165462796441287,0.7964604914023827,0.9333065093925879,0.9758531990983843,0.7348455598455607,0.535297641643621,0.8761642169182167,0.7056015623791771,0.9175383063396301,0.9277359074596556,0.925818696841238,0.6152856280236634,0.6800693026518849,0.6926466702145564,0.7786058683809316,0.849467681705,0.8175507538333258,0.9541300190655136,0.8484628994946645,0.724315484468566,0.5192352368023208,0.6649007021580307,0.7378838199067894,0.871032332233665,0.9258186968412379,0.932811085323641,0.8725113072902908,0.8409543558255833,0.8618519839156851,0.8235335835879469,0.6229807496620186,0.8042781230541722,0.7490944827657664,0.43681027696599406,0.9393074128728371,0.9348849767198617,0.7737033537115781,0.9378027796250892,0.930351993730951,0.7973257055955574,0.9277359074596554,0.9225015741707872,0.9304741538905164,0.6894731014983027,0.6808598964884567,0.9362456943690349,0.9333065093925879,0.857460016944363,0.9225015741707872,0.941740990578956,0.9362456943690349,0.6950368382301044,0.9209318411003915,0.9529906486159975,0.8447692963661199,0.930474153890517,0.7457422433436809,0.7305993766601194,0.7930603358875299,0.9127986978904696,0.5334544483307135,0.9277359074596556,0.9069834982716534,0.7080631050525441,0.9105012505384156,0.8636009307043995,0.9366713242763891,0.6423536246545731,0.5074501560130549,0.6809422183293732,0.9581457206590637,0.9199893491338635,0.804560778072374,0.7857724547836906,0.7056015623791771,0.7074197865434062,0.5925405233305994,0.9225015741707872,0.7769905616247283,0.8743307438550614,0.7166498629894609,0.9733010371560202,0.9393074128728371,0.7850367980772612,0.9225015741707872,0.9225015741707872,0.8934425806304627,0.8804580254427761,0.5154833692296881,0.922501574170787,0.658907660345345,0.9225015741707872,0.894594594594595,0.8691840392913501,0.8368299002050428,0.9858842152953934,0.728005849146595,0.6303174855757152,0.7431297243227593,0.7750169417181672,0.9225015741707872,0.8425111710827855,0.6150752113686125,0.6592374534590089,0.7616007897732304,0.889814015811723,0.6776024818764883,0.9277359074596556,0.6888673364888636,0.9225015741707872,0.6176308427859214,0.7867777182755424,0.7850481623064793,0.8505817527536454,0.9250812961986936,0.8686188002217028,0.5099286821444378,0.9225015741707872,0.8415030753570434,0.8210449877449245,0.9225015741707872,0.9807394508561751,0.7209506222608235,0.8008619010590685,0.6004787948584017,0.6982490754523114,0.9225015741707872,0.9384852847335161,0.996729451611684,0.9858673317522388,0.8411102027361761,0.9211128761479768,0.886284874364049,0.8601128166776513,0.5640944185804787,0.9277359074596556,0.8972375489498448,0.8267698008899671,0.6521190798851442,0.7968309617879665,0.6854741122508059,0.9469887676211468,0.9017126880527937,0.9304741538905168,0.6808598964884565,0.9225015741707872,0.9362456943690349,0.6946967175596213,0.9345281693161769,0.9476888747140071,0.9906272620392718,0.9175383063396303,0.8723393458208955,0.9332153268971211,0.9175383063396303,0.6973342637211339,0.6194273731601161,0.8879743544154317,0.9098072961938488,0.7113398399790833,0.9362456943690349,0.7656156573256494,0.9393074128728371,0.9508061295476462,0.7636611379006608,0.8944096185493662,0.8235049062805437,0.9393074128728374,0.9690936033999498,0.9629372157622487,0.8125485340933878,0.8975213827250901,0.9060327047326973,0.8515474244094852,0.8281884330418342,0.8761642169182164,0.9520753766313144,0.8356337206340989,0.5891406252078384,0.9784698031455157,0.9082470012068007,0.8855707623626503,0.5367068819982219,0.6726542366503447,0.5414738258801213,0.8736715349160765,0.8364911374783253,0.7913148563541539,0.881756756756757,0.8996020324755996,0.9017126880527935,0.5952096094898691,0.9476888747140071,0.8165462796441286,0.8996020324755996,0.9005285913052647,0.664014552203144,0.4864825097439194,0.9622748805148909,0.9913325464581244,0.6685645991781839,0.8464976705745091,0.9362456943690349,0.8478477269978333,0.8600960853075241,0.7513285564495055,0.9466368757657931,0.6202489776871156,0.7469602563015962,0.930474153890517,0.9362456943690349,0.4585664210492465,0.7789915446322571,0.8671302399974952,0.9909903972974269,0.9199893491338638,0.7506487070281582,0.9141868065994085,0.915143000726456,0.5330061003075444,0.9225015741707872,0.9333065093925881,0.9225015741707872,0.9225015741707872,0.723457544921573,0.9017126880527933,0.7848236881939825,0.9225015741707872,0.7092303622876422,0.752429358737601,0.900528591305265,0.7096381231168797,0.86632515115204,0.9187258511814396,0.7113398399790833,0.8515474244094852,0.7557478947704017,0.9127986978904699,0.8512214835788458,0.9333065093925879,0.8743307438550612,0.7005938978479771,0.7802191483051633,0.8848772518315147,0.9127986978904696,0.9608634184056339,0.6795214643554246,0.6987677340898539,0.6416251802408016,0.9765510393593577,0.6732133531404852,0.9446701888736626,0.8153216029426753,0.9388933740579655,0.768879027896967,0.6309209491475183,0.8566618970084512,0.9017126880527937,0.9091923098144419,0.9277359074596556,0.9060327047326973,0.5553396551526283,0.9244681771215602,0.8035490586609269,0.9112896472383621,0.9304741538905168,0.9121416798754112,0.9151430007264563,0.9435917186262935,0.7454402702347126,0.9464802705130722,0.6788876978675573,0.9207523226987695,0.7554454597416757,0.6008322823903776,0.786726192679448,0.8515474244094852,0.6255587351560157,0.6689549697166814,0.8583829421286899,0.9399818829283835,0.9225015741707872,0.9304741538905168,0.8725113072902908,0.9683086794376969,0.9422949886936298,0.9060327047326968,0.9175383063396303,0.7467891071275004,0.766247855950007,0.7636611379006615,0.7019415513043818,0.9393074128728374,0.624563972841399,0.9082470012068007,0.7962702979293608,0.9175383063396303,0.7160974749891135,0.8297028494237106,0.5328267626067011,0.95432444114824,0.8422712744288068,0.8407851316176385,0.6307013412244137,0.7914666658764193,0.7231851254871102,0.7423716115458532,0.7716397306020941,0.8855707623626499,0.7163055070284614,0.941740990578956,0.9250812961986936,0.7890950549690028,0.9055450095968043,0.8365551646144354,0.9199893491338635,0.6199587600065319,0.6585975420118596,0.9425114327004684,0.9098072961938486,0.9277359074596556,0.6380909553804,0.9164949062751403,0.9334160095166193,0.8766484086852759,0.7209115476844892,0.9038554657884541,0.8710323322336654,0.9082470012068002,0.9644994759182186,0.9810522968844484,0.8158540812532469,0.9225015741707872,0.9069834982716529,0.9732295242324676,0.7056015623791771,0.3113122168603575,0.922501574170787,0.8219192676621396,0.5788305951534312,0.856661897008451,0.9137065637065638,0.8804580254427756,0.3341060547562592,0.818697191013531,0.6576717417069506,0.8744868133954656,0.9119912405538768,0.772131163132141,0.5910980953490097,0.9333065093925881,0.3654875903743875,0.925662981663943,0.8770035649415358,0.7415905795865037,0.5742195952069614,0.9231842997566406,0.5625603488683246,0.6346282167185335,0.9105012505384156,0.6978960117135489,0.5278131626262966,0.7799565059593385,0.8477200779284806,0.9362456943690352,0.9225015741707872,0.9446701888736626,0.6663111035449797,0.7180664476795504,0.9199893491338635,0.9810522968844486,0.9151430007264558,0.9199893491338635,0.9199893491338635,0.9069834982716529,0.9225015741707872,0.9151430007264558,0.8862848743640493,0.9225015741707872,0.47958548042571725,0.7412606661028682,0.9362456943690349,0.9277359074596556,0.9333065093925879,0.9250812961986936,0.9199893491338635,0.6594544116353662,0.8052277919712965,0.9017126880527937,0.7574013541427946,0.9225015741707872,0.7230880743409213,0.6817430373427285,0.9361204140696398,0.7047761780089352,0.7458220115802419,0.5704450160864336,0.6970430320568137,0.9038554657884541,0.6819437747351316,0.7930603358875298,0.9225015741707869,0.900528591305265,0.5521105050653726,0.9832566743197297,0.961733487070521,0.8945436312571672,0.8993178757827875,0.8285632848961031,0.9277359074596556,0.5556764809287646,0.7799565059593385,0.9225015741707872,0.756848688960845,0.8442421395514916,0.9393074128728371,0.7503010649821215,0.9581457206590637,0.7762180107355466,0.7524045539759372,0.9175383063396303,0.700901636746911,0.6910498967520589,0.9225015741707872,0.9225015741707872,0.8984288710052624,0.7252994782413289,0.3654875903743874,0.6803056745881433,0.7639794379599405,0.660597685100197,0.6823779573693873,0.7538846522197193,0.9230054833172634,0.7945851511478943,0.9225015741707872,0.8481743454856234,0.9304741538905168,0.9425114327004687,0.581980156260955,0.9362456943690349,0.7628458004001923,0.9225015741707872,0.9225015741707872,0.6943934596711931,0.7110415836939359,0.8246610389272624,0.9446701888736626,0.653487835266652,0.9520753766313144,0.9231842997566406,0.9423469173118804,0.7680126622211974,0.609109865129647,0.922501574170787,0.6819437747351317,0.7217028129421283,0.9250812961986934,0.9362456943690349,0.8756731662677246,0.8268574646368894,0.7064172413256606,0.6990382429759674,0.9250812961986936,0.8943401105039528,0.9225015741707872,0.7355710168869778,0.8514064619648858,0.8464976705745091,0.8039963871701175,0.8035707911566198,0.9105012505384158,0.8549492399295393,0.49130441812007997,0.9333065093925876,0.7994700095886347,0.7898637875872265,0.9151430007264558,0.9458968937609291,0.881756756756757,0.8954688163631976,0.71461771219459,0.9304741538905168,0.9199893491338635,0.8106712049456517,0.925662981663943,0.7117671771608172,0.911432664794749,0.9425114327004687,0.562650165032388,0.9425114327004687,0.9425114327004684,0.824467064466601,0.8780124908814337,0.8415030753570436,0.9225015741707872,0.996705259555954,0.906032704732697,0.9060327047326968,0.5585177698613601,0.9127986978904699,0.919989349133864,0.925662981663943,0.8381997656144691,0.9250812961986934,0.7636444549046122,0.8743307438550614,0.7304145128693742,0.6963902629677239,0.9225015741707872,0.35928723787926586,0.9225015741707872,0.698950570801353,0.9393074128728371,0.9230054833172634,0.8996020324755993,0.7867602450817954,0.9225015741707872,0.7019415513043818,0.6008322823903778,0.8996020324755993,0.7037755358791753,0.7355710168869778,0.71461771219459,0.9304741538905168,0.7690917130358055,0.8482088784292232,0.7037755358791753,0.7270471299577559,0.5777577078748017,0.5058842236880099,0.8158540812532469,0.6521190798851453,0.5736202678932066,0.9234427656660247,0.8934425806304627,0.7540906054367913,0.8515474244094852,0.6107539104060846,0.9225015741707872,0.9199893491338635,0.7799565059593385,0.8596598169726406,0.6933123546810169,0.6592374534590089,0.6222696991500674,0.9225015741707872,0.6773009537554009,0.8579429422118015,0.3514478764478769,0.9225015741707872,0.7765580483948542,0.7160974749891132,0.9362456943690349,0.9017126880527935,0.9199893491338635,0.7699525648907806,0.9307747569588933,0.7404906933297751,0.8347836504853696,0.8882603289449442,0.7636611379006616,0.6056590567023221,0.9225015741707872,0.8894628186153251,0.9225015741707872,0.9362456943690349,0.5349473510730586,0.8235335835879465,0.9425114327004687,0.8875064656813962,0.6279602688215598,0.8823845551200091,0.8817567567567568,0.9225015741707872,0.7850841698314425,0.7471222880427801,0.6731194139301517,0.9839501848508654,0.8707051888795787,0.930474153890517,0.8855707623626501,0.8836545508570981,0.8725113072902908,0.8365551646144354,0.6814782530165208,0.8725113072902908,0.9137065637065638,0.5131662731762362,0.849467681705,0.8725113072902908,0.9425114327004687,0.8954688163631976,0.9723157551667554,0.7371378063155161,0.4123587491008167,0.8836545508570981,0.5526222436137971,0.8880920834624083,0.8707051888795787,0.9017126880527937,0.8689117123597332,0.9281918474396418,0.919989349133864,0.9446701888736626,0.7527676388727682,0.38339768339768443,0.989396943266254,0.7662939692174882,0.9232378108709103,0.9428545974512954,0.5505691504226702,0.9250812961986934,0.9277359074596556,0.9034393382949699,0.7792582516597406,0.8894628186153251,0.6384364454062573,0.9545326346798217,0.9304741538905168,0.9333065093925881,0.8074686562704185,0.9207523226987695,0.6436422320923876,0.9733010371560205,0.8855707623626499,0.775373095914264,0.5278616623540144,0.9483778175231494,0.9225015741707872,0.9161717604962005,0.5524552178314092,0.5191968684560528,0.8747639177841731,0.7705064355650084,0.9333065093925879,0.938920094961165,0.8571779442131764,0.8954688163631979,0.9151430007264558,0.8132808211622472,0.678402652169867,0.8042685237096223,0.8698496749892746,0.657892390213928,0.7623400254281054,0.501379002669526,0.8893718879109296,0.7258154837316517,0.9277359074596554,0.9250812961986934,0.8267698008899673,0.8894628186153248,0.6329279054430266,0.8972375489498448,0.81362542465488,0.9210771692402094,0.7358607971323394,0.9608634184056339,0.7645717304468422,0.8447692963661199,0.716471894091963,0.7793733011421324,0.7850481623064791,0.7717325331780389,0.9333065093925881,0.8618948557210497,0.6358484689850281,0.6498085730887517,0.9393074128728371,0.9559937244223011,0.9362456943690349,0.813835265954896,0.9333065093925881
p7_L,0.7274350561773566,0.922432716716142,0.8773445588257189,0.7350826965236564,0.910601968746465,0.6869242541267297,0.9892907415888985,0.9777323068038091,0.7786331331509071,0.981485790585267,0.8941586572120017,0.9077040005624184,0.947638609469398,0.9644063381076242,0.0,0.7983028217639931,0.902113512733081,0.8794184279003852,0.926456449323181,0.8125241819768649,0.9994001283587983,0.8310703751211057,0.9465859044992463,0.9983355724028917,0.872970199046124,0.9110950154916331,0.9779039859151868,0.7414122479666791,0.8125241819768649,0.989986807631773,0.9268447565728168,0.9197987094973856,0.9733993351591581,0.9492923120409438,0.9106019687464653,0.827655517605838,0.9592855403168913,0.9364042928805087,0.9336842693103169,0.9082582092654381,0.869217079245456,0.9571900491571012,0.9336842693103169,0.8910861894136336,0.9842007774937604,0.8887031537352518,0.9604370865528187,0.9127193231986229,0.7487932691077246,0.8515439151062536,0.9197987094973854,0.9261750996967955,0.8794184279003852,0.9329206874136777,0.9896056225621922,0.9054762298636498,0.7260758653457877,0.9106019687464653,0.9495380579367032,0.9396377493736084,0.9667805942997311,0.8930573282109164,0.8671688713696311,0.8702902432560242,0.6053568844404494,0.9271607217295604,0.8533070413029102,0.9621469486827852,0.981940340192999,0.9260107308342308,0.940381472369282,0.9082582092654381,0.951700230336632,0.9402061880129592,0.9106019687464653,0.8659852770068088,0.9262700211315924,0.9289045525716981,0.9660500473832351,0.987883051676453,0.9295460152552617,0.9192273574141714,0.8702334868194925,0.9744481906741294,0.9106019687464653,0.9809190946517969,0.9350673481556635,0.8520856218230812,0.8663075365847281,0.9077040005624184,0.9106019687464653,0.7837660335892469,0.8379488315391155,0.9963724899843664,0.8702334868194928,0.8964307741010907,0.8147646934979736,0.8682281961493583,0.9902801359854903,0.9580113659300619,0.7567798574116678,0.8205775564067627,0.9106019687464653,0.9174971344859199,0.9357205953414678,0.9264564493231808,0.9881260137273892,0.9489557032718537,0.8890928172755164,0.9167214095367934,0.7594138260533124,0.9784004338929009,0.9649077662408286,0.7261622953077576,0.9957658420390977,0.9714831387236398,0.8501094187810518,0.9264564493231808,0.9878830516764527,0.8784012884083814,0.8729470893232496,0.7871633370836384,0.8890928172755164,0.9848889533625503,0.9744481906741294,0.9410027877859193,0.9592855403168913,0.9729205236204548,0.8526883459957035,0.9311253517298919,0.9613703767550266,0.9166400151447349,0.944064740982792,0.8495206012251388,0.6431436481742856,0.8599883792128127,0.9352503015202092,0.9197987094973856,0.9197987094973854,0.9048766089350635,0.987624479090327,0.9299882837257998,0.9637451556119987,0.9387375297854066,0.7787806692057267,0.925874125874126,0.9839276350819608,0.959087295612837,0.9982103757454243,0.9812065550381908,0.8125241819768643,0.7930348538764278,0.9232962200440313,0.8335907323533001,0.9894435908227328,0.9082582092654381,0.793200695510748,0.9282322050200014,0.9983516442258689,0.8307984782575719,0.9470651711958429,0.951968770631014,0.9169506775373653,0.974699472014997,0.8424272240284696,0.6873253311116845,0.9136916248431675,0.9176525482557549,0.9597183115335508,0.8566207943671361,0.9782627514963838,0.9077040005624184,0.9054762298636501,0.9215745389586789,0.8972159722297333,0.8567388284504024,0.8276555176058373,0.9969772640803569,0.8050228159455146,0.9537377464642691,0.9745066563137501,0.9741908346843383,0.941003809806949,0.9077040005624184,0.830488708973971,0.9290078536910246,0.8002095962533045,0.8268036333064972,0.8967590384461326,0.9819299121585698,0.9048766089350637,0.9495451726341956,0.8501661719110105,0.9458620647975153,0.9667805942997311,0.9106019687464653,0.8745277657564575,0.9437480193578958,0.9842880367112302,0.9142053334971321,0.9419144237955961,0.9875732183763779,0.9106019687464653,0.8497027724894641,0.8398285940754892,0.9299882837258,0.9106019687464653,0.83577533365429,0.9043677125545333,0.7830048451633487,0.8814361239607085,0.8473272551128168,0.6530153014608047,0.9106019687464653,0.8824501367621993,0.9106019687464652,0.9371029763423193,0.8094809835483938,0.7475936571529058,0.9106019687464653,0.9678505776022579,0.9106019687464653,0.9924372762766964,0.9117392230564536,0.9307164569591608,0.9276413603115543,0.7329834135905953,0.9675600948205305,0.9048766089350635,0.9199796380611351,0.8916043634534068,0.8426764939973715,0.9528663576333158,0.9769434565458,0.9197987094973856,0.8702902432560244,0.9648599144432592,0.9256466293616719,0.8657739513546008,0.9043677125545331,0.8508524342038153,0.8705150677206018,0.7871633370836384,0.7841521076822805,0.9106019687464653,0.852976455105904,0.9106019687464653,0.9599768988182336,0.9578829909052509,0.9197987094973856,0.8724902307321463,0.9851916360592898,0.8321488784762406,0.8863876601208494,0.9570748126121906,0.8475185892391149,0.8935171945284381,0.9136916248431675,0.8643746278148468,0.8567238689521184,0.7947180725064082,0.8972286563085539,0.9077040005624184,0.970223678284496,0.8984178149529148,0.9336842693103169,0.998273078474655,0.8542143989732962,0.8817861584679043,0.9969772640803569,0.8048522476222733,0.9651775593373264,0.8858212716520945,0.8957689386852334,0.8441393061492155,0.9264564493231808,0.9899357878723083,0.981197957836901,0.7226409993560161,0.932827404951157,0.9264564493231808,0.8541958081886141,0.878201606623587,0.970223678284496,0.9385578401876065,0.7924136069196481,0.9166400151447349,0.8571496764250635,0.9649077662408286,0.9048766089350637,0.9166400151447349,0.951968770631014,0.9465098656189639,0.8276555176058376,0.9293051229974081,0.9770062671589685,0.8637555335248934,0.9520020815889811,0.8768331242200345,0.7606119385322014,0.9670332374157118,0.9396377493736083,0.9651775593373264,0.9924796732104025,0.8968624091935312,0.9519687706310139,0.9706124859248633,0.8529358756208603,0.9834870032835391,0.993533211359531,0.9431599262182494,0.8179234805846542,0.9410027877859193,0.9747202156067168,0.8327293769633926,0.9155191956957988,0.7786331331509072,0.7610266751173977,0.9216411675360876,0.9846406300806096,0.993533211359531,0.9604370865528187,0.9106019687464653,0.919798709497385,0.9256466293616719,0.7404625210046393,0.9264564493231808,0.970223678284496,0.9325575638096625,0.9106019687464653,0.9570748126121906,0.9264564493231808,0.987883051676453,0.9455322455322457,0.911587522426131,0.558819034307553,0.9197987094973856,0.983287856206339,0.9716321932884296,0.9409521943827983,0.8786204957262438,0.8868732434271092,0.9604370865528187,0.9124519654347762,0.9912312238962613,0.8967590384461326,0.9258741258741261,0.9336842693103169,0.9755874346456581,0.7833854450118072,0.9851916360592898,0.9842007774937603,0.9077040005624186,0.9120690869377645,0.9398863311924057,0.9649077662408286,0.9624455028091026,0.9399617063493484,0.9106019687464653,0.909699389904442,0.9809190946517972,0.7490735763078603,0.9535780571182249,0.9299882837257998,0.8755135161284731,0.9106019687464653,0.9106019687464653,0.9982103757454244,0.9772068104443954,0.8557287683857457,0.9106019687464652,0.8640216888363321,0.5962188921715347,0.6777517861276627,0.8424272240284696,0.8751730843161643,0.9661032464830346,0.7857905120933389,0.9262700211315924,0.9808177734338239,0.9482546511407034,0.9106019687464653,0.8549567011628647,0.6873253311116845,0.9875895797541001,0.9643068670481103,0.9238600182215471,0.782075013166539,0.9166400151447349,0.9868320852734063,0.9106019687464653,0.9312267817429802,0.9110950154916333,0.8949515837157813,0.9874250944120716,0.913577797842458,0.9849048226639177,0.9156155380048929,0.9106019687464653,0.8403533788118116,0.9163845239407307,0.9106019687464653,0.9819299121585698,0.9361251142445073,0.9590872956128369,0.9295481686143099,0.9746994720149971,0.9106019687464653,0.9995738133378879,0.8844454914052773,0.9826186064627203,0.9538344722824728,0.9834870032835392,0.913024941315271,0.9901577965571697,0.9045903036163613,0.9957658420390977,0.9385578401876065,0.826881079892079,0.9199796380611351,0.9318325970537731,0.7878394697835838,0.8336261474433195,0.8866210237012304,0.9894435908227328,0.8671688713696311,0.9106019687464653,0.9260107308342308,0.9568643011253917,0.9166564218099733,0.9295460152552617,0.9027452369168485,0.9048766089350637,0.8406015434376739,0.9983355724028917,0.9048766089350637,0.9649333732985217,0.9106019687464653,0.9690823363812229,0.9564074093156789,0.7542171275104371,0.9756340559373771,0.9483858957128878,0.9299882837258,0.850109418781052,0.9132272901393415,0.969566401122042,0.9262700211315924,0.8125241819768644,0.9494221775897782,0.795499164821674,0.9677150675150612,0.8817861584679043,0.8916043634534068,0.9014232379430824,0.8643746278148465,0.9124519654347758,0.7981736217458596,0.8882420183245303,0.9497150705470578,0.9413337007556204,0.8941586572120017,0.897422659884606,0.8896666645989633,0.9418894056297132,0.9557524192850102,0.902113512733081,0.9960937709028499,0.8105962956092265,0.9930717933056203,0.9169506775373653,0.9866968667809444,0.9424925647534876,0.8941586572120019,0.8733927801415055,0.8841862845276727,0.8280558956918777,0.9562639755146329,0.8643746278148465,0.8755135161284727,0.9770539568825707,0.9535780571182249,0.8692170792454559,0.9756340559373771,0.8833536265212549,0.8321593044810478,0.9230659630317122,0.9881531677583473,0.902113512733081,0.908410304311655,0.9197987094973856,0.9751883374484268,0.9554668566743395,0.8699344794423318,0.9173047139984242,0.947638609469398,0.9875732183763779,0.8524082027597506,0.9868402954685715,0.9021135127330808,0.9592409449937285,0.9106019687464653,0.9230659630317122,0.9106019687464653,0.9106019687464653,0.958011365930062,0.8866210237012304,0.645129722487526,0.9106019687464653,0.9863889048612616,0.950970495783323,0.9311253517298919,0.8163202572489896,0.8549567011628647,0.8187247630895864,0.6809691105890279,0.8529764551059038,0.9830213016586339,0.9733993351591583,0.9804479014426353,0.9702236782844962,0.9370577927474861,0.9851916360592898,0.9232962200440313,0.8377784699214963,0.9156155380048929,0.9826194297807276,0.7967053560411688,0.8411454607043687,0.881403365655286,0.9957658420390977,0.674156944823264,0.9609356788097783,0.9784004338929011,0.9199796380611349,0.9999424792300513,0.9528949651900585,0.9916014143602029,0.8866210237012306,0.888946675401997,0.951968770631014,0.9609356788097785,0.9135777978424582,0.9128705365292993,0.9821624357299377,0.9270085194228317,0.9651775593373264,0.9983516442258689,0.9779039859151868,0.9827927135172233,0.8370846376014214,0.9724921727166422,0.9242591519756664,0.9000617617241788,0.957918165957411,0.9317121210925716,0.9673263264435243,0.8529764551059038,0.9188753150981593,0.9697330058338496,0.9868402954685713,0.8636921302468193,0.9106019687464653,0.9894435908227328,0.9070227924758549,0.910601968746465,0.8691357463067791,0.7617390597647334,0.7452806972594492,0.9000617617241786,0.9481658248827172,0.8866210237012304,0.9698144903029279,0.9299882837258,0.9562639755146328,0.9289045525716982,0.913403969592936,0.9048766089350637,0.9156155380048927,0.868292998335519,0.9578829909052506,0.7226409993560162,0.8569401985768108,0.9590853466613076,0.9888076850286978,0.9821011839670586,0.9677542544444881,0.9232476828830813,0.9283646450840664,0.8672005666097068,0.7610266751173979,0.7370062083727753,0.9559566851226751,0.8467405371350891,0.9740934121988503,0.8796633190751932,0.9077040005624186,0.9954501107652013,0.9991519733390338,0.9579181659574109,0.9775645171111484,0.9166400151447349,0.871554944517508,0.9036729985316634,0.9139909169429035,0.8508405294807317,0.8377784699214962,0.9069611967144612,0.9620692331331582,0.9295460152552617,0.9325575638096626,0.9197987094973854,0.8495206012251394,0.9106019687464653,0.9954053989493441,0.9765259560881213,0.9994070436691997,0.9169212952208242,0.9106019687464652,0.7952929647135328,0.9635254292823742,0.8594736652769661,0.7924136069196484,0.8795427878825162,0.9677150675150614,0.8122247635437356,0.7059817633033653,0.9459797321596407,0.8178556739368995,0.9565663768738845,0.830133640474751,0.9230659630317124,0.9774598049639714,0.7260758653457876,0.9519687706310139,0.6407524214643651,0.9336842693103167,0.9330002431015507,0.943748019357896,0.9579181659574111,0.9329206874136777,0.9054762298636496,0.8428084617125348,0.9590872956128369,0.8615383669814793,0.926456449323181,0.9250049848928679,0.9262700211315924,0.8745762485846602,0.9363995220079753,0.9077040005624186,0.898685891142851,0.9021135127330808,0.9077040005624186,0.9077040005624184,0.8848008209299197,0.9106019687464653,0.9779039859151868,0.9367729138604929,0.9106019687464653,0.9519917504238645,0.8779594325934811,0.9264564493231808,0.9957658420390977,0.9230659630317122,0.913577797842458,0.9077040005624186,0.8982430654664446,0.9174971344859197,0.7797928326997228,0.8324299317930792,0.9106019687464653,0.7878564872950745,0.8643746278148464,0.9169506775373653,0.9552481020852659,0.8835720740018725,0.9756340559373771,0.7897699911960242,0.9230838149438536,0.9618440915686725,0.9570748126121906,0.9927984919267985,0.8508524342038153,0.9686938578007994,0.9554668566743396,0.9957787514818699,0.9642919106149581,0.9260107308342307,0.6552618541185872,0.9604370865528187,0.9367729138604928,0.940330917285758,0.9106019687464653,0.883906723302701,0.8571394911011403,0.9299882837258,0.9137911924712495,0.9779039859151868,0.8941586572120015,0.9817077830587809,0.9048766089350637,0.9504852325002374,0.9555342950271007,0.9106019687464653,0.9106019687464653,0.9282322050200014,0.874687829320316,0.9983168036174392,0.8900285104661128,0.8755135161284731,0.9475277801707196,0.9422949886936298,0.9795650579657534,0.7317567398321083,0.9936598188242958,0.9106019687464653,0.9679994876136981,0.9894435908227328,0.9336842693103169,0.9481658248827172,0.9264564493231808,0.9967256784454821,0.9106019687464653,0.9106019687464653,0.9923835824007633,0.9661032464830346,0.8897945139169875,0.8916043634534065,0.9398938840932888,0.9413337007556204,0.9027452369168487,0.8702902432560242,0.9033816603888404,0.8799936511495475,0.9106019687464652,0.6942676998150827,0.9424925647534876,0.913577797842458,0.9756340559373771,0.9976139811929996,0.8946747435105868,0.8940947940947943,0.6801676817825018,0.913577797842458,0.8501001166389885,0.9106019687464653,0.9868288285116102,0.7895318319167909,0.8466090907561588,0.8121393523352339,0.8432442067637176,0.922432716716142,0.7980971737122733,0.9096993899044421,0.970223678284496,0.9104703404528036,0.9557092871449553,0.902113512733081,0.9670167025552657,0.763748151721652,0.9110950154916333,0.9757230669511496,0.9440647409827919,0.9476386094693983,0.9693673354629055,0.9410038098069489,0.9578829909052506,0.9120690869377645,0.8495206012251388,0.9618440915686722,0.9336842693103169,0.9336842693103169,0.8805662392896146,0.9169212952208241,0.9973380554606619,0.8428084617125349,0.9814857905852672,0.9350673481556637,0.8916043634534063,0.9087593223330573,0.936404292880509,0.7728191281817438,0.9102998177410689,0.9735241915780513,0.913577797842458,0.998028598639606,0.9097167552139143,0.9794874276596606,0.9518000497488424,0.9106019687464653,0.783766033589247,0.8428084617125351,0.912759974239783,0.981485790585267,0.8817861584679045,0.9497150705470576,0.8455947627665237,0.9106019687464653,0.9698144903029278,0.9317121210925716,0.8841862845276725,0.9673639947808347,0.9219649421441015,0.9525299255562656,0.9651775593373262,0.9323119109948864,0.8977738227354861,0.9138861842484401,0.9746994720149968,0.9866968667809444,0.8812317246422106,0.9336842693103169,0.9132272901393416,0.9661032464830347,0.8210008754598477,0.9670332374157119,0.9110723645513921,0.8529764551059038,0.939604754478529,0.951700230336632,0.9077040005624186,0.9778436739399159,0.8493927800476835,0.8403533788118116,0.9771499129378065,0.971539833147469,0.9106019687464653,0.9836157366834365,0.9423393845918666,0.9495972962983876,0.9106019687464653,0.8709957371870293,0.8994092506018594,0.9264564493231808,0.8866210237012304,0.9077040005624186,0.9379715199032932,0.803815696187135,0.8190804967023388,0.9410038098069493,0.8583180481136812,0.9866968667809444,0.9166564218099733,0.9106019687464653,0.9935102554709552,0.9106019687464653,0.9756340559373771,0.942955882517637,0.7912585987069269,0.9336842693103169,0.8702334868194928,0.8474985160309476,0.9950174993144466,0.8210790621176445,0.9106019687464653,0.8887986865728918,0.898671143398079,0.8328586273841885,0.778934276545075,0.8776100733791745,0.9440647409827919,0.8680005631963954,0.8948250712530359,0.8529358756208603,0.9611927941081532,0.9892471925989497,0.8529358756208603,0.9209318411003917,0.9197987094973856,0.8855731041118602,0.8529358756208603,0.9336842693103169,0.5504029954571515,0.8745277657564577,0.8526160488445387,0.8926229549026833,0.9528949651900587,0.7226409993560161,0.8515439151062537,0.9578829909052506,0.9199796380611351,0.9282322050200014,0.779970407437437,0.9875732183763779,0.9262700211315924,0.972935876223029,0.9930717933056203,0.8847536126026877,0.9982730784746552,0.8177814234364367,0.99015779655717,0.9358560990859994,0.9592855403168912,0.9604370865528187,0.9328274049511572,0.9578322633488544,0.7341946888667257,0.8724902307321463,0.8964307741010904,0.9197987094973852,0.9702236782844962,0.8192637179281237,0.8702334868194928,0.9536049318155702,0.516121456581069,0.8377784699214963,0.7601344968001362,0.9570748126121906,0.8657901242845247,0.910601968746465,0.7495397621838256,0.9409652010665955,0.9516026630776218,0.9679994876136977,0.7543591793817588,0.8411454607043689,0.8110365895166636,0.8024634348575015,0.8794184279003852,0.6052484115832328,0.9507968637523907,0.9402605367450524,0.7947180725064078,0.7690726144274582,0.8941586572120017,0.8954636083005567,0.9077040005624184,0.8384646937226572,0.7232783869394501,0.5577951279582606,0.913577797842458,0.9976139811929994,0.9027452369168483,0.9957658420390977,0.6617484797380135,0.8429348861538868,0.7658380475916093,0.6675378764137853,0.9826194297807278,0.9087593223330575,0.9824794635567504,0.832119456452436,0.8643746278148465,0.914562991380799,0.8864629644044788,0.9230659630317124,0.8247837482653073,0.9571900491571012,0.7897699911960241,0.9299882837257998,0.8526160488445387,0.9264564493231808,0.75319408077852,0.9230659630317124
p7_M,0.9371460572198264,0.9290085666695176,0.8608029126270049,0.9710543028754368,0.885400876353422,0.9149900225490741,0.9370150345669244,0.9757971755790974,0.886550817757426,0.6965730689929305,0.9243614595545964,0.9494402015988872,0.9494402015988874,0.8251503574709127,0.7983028217639931,0.0,0.8745195447781486,0.8454267695073414,0.9057246972976498,0.9539382344839205,0.7858746579229645,0.9198626585436258,0.8340556435485739,0.715327497275609,0.8578283462385063,0.845426769507341,0.8745195447781486,0.9491270128542677,0.9102521474185266,0.9118034764988059,0.9056678186761249,0.8971901564492133,0.9024363921718175,0.8403373796149372,0.920265131801048,0.947442779108449,0.9251662135150307,0.9338198267598912,0.6712114107412733,0.8953265605968894,0.7850287704400711,0.9876194409877957,0.9149900225490741,0.89248794072071,0.8745195447781486,0.8931264078159533,0.8931410336709438,0.9576294462848489,0.8424305171733326,0.8517122542586355,0.7563499748428757,0.8859019063111604,0.845426769507341,0.5801681553693387,0.9406464348878109,0.6135496291677929,0.926109367091948,0.5567710364845595,0.6516913979293886,0.976987106481743,0.8722653319531641,0.7281193830152228,0.8991701931345162,0.7046725005537512,0.9013784409842849,0.8198472473169769,0.9356856974167589,0.830631581984292,0.9808383604485702,0.9057246972976496,0.8223697919369459,0.5492649834557664,0.9402778464084466,0.8875190257794383,0.5567710364845595,0.8281206338887308,0.8154708889081048,0.9255404775711312,0.801562155095674,0.9149900225490744,0.8354816398465682,0.8705161960734357,0.7614872058764445,0.8722984813209287,0.5567710364845595,0.8141693012543916,0.919862658543626,0.9973982386920586,0.8510497915283031,0.576280232023062,0.5567710364845595,0.7558839765538488,0.9446352198140091,0.8040474057454425,0.6096646388477969,0.8399946045129154,0.751050683398472,0.7484437161603563,0.9463115871426548,0.8819928224642823,0.9436574087729872,0.8931410336709438,0.885400876353422,0.7958463341451603,0.9107228954945641,0.9057246972976492,0.790586833838097,0.9036732011951016,0.9979963553697828,0.9556231498166101,0.8085260178646339,0.8510206065531403,0.7917066766569638,0.7957166044680066,0.8931410336709438,0.7206473550006296,0.9290085666695176,0.7188125664051562,0.7631666477878629,0.8290119112729895,0.914729497984113,0.9635428315813017,0.8578283462385068,0.9196178215097905,0.9933429596111355,0.9883946210706629,0.8892155845940946,0.8944000283873015,0.9155630897147411,0.9450014663851258,0.90506704958109,0.7724757092972716,0.8971901564492133,0.9149900225490739,0.8745195447781489,0.9323090437758629,0.9963670447313735,0.9103321387130586,0.8971901564492131,0.5943354874184338,0.9421678670673339,0.9102521474185268,0.8969690284060623,0.9241734168153204,0.9333932788574735,0.9073906746988272,0.8547409671284343,0.9460169162826637,0.8953265605968894,0.8146654871458849,0.9102521474185266,0.8090977396371732,0.8233131935515157,0.8149710301390629,0.9356856974167591,0.8688785388851112,0.7827183607872086,0.8510876470038167,0.9424190040256839,0.9439163498098857,0.9207067787756698,0.9582441854260408,0.990511238752463,0.9032123082890444,0.8754236261542429,0.8573615701009305,0.8776517818114496,0.8935461500146493,0.8120947282193267,0.8913942669451076,0.9953716271095243,0.9150513508645269,0.9436574087729876,0.9937508451618399,0.9978226444759013,0.9034015659782539,0.947442779108449,0.7201848313068192,0.8670761621516618,0.9025623351420251,0.8246599999506801,0.9690067817126077,0.8915641191189616,0.8811742389803807,0.8187560832059262,0.7521278677224779,0.7626807570173311,0.8957664101424573,0.6108446102419101,0.852587449013217,0.7592114128414409,0.9901130883649605,0.8783756961652198,0.7805606757629056,0.9986005165851444,0.5567710364845595,0.787228755117481,0.9110367363125393,0.576905870550007,0.9941168007276243,0.8708779097995929,0.9150513508645272,0.5567710364845595,0.8153959171318022,0.7355858049749935,0.6528869819275366,0.5567710364845595,0.7972194174401082,0.8542058822129399,0.8555021357847687,0.9589491945438962,0.7968647097561843,0.8816859778305948,0.5567710364845595,0.797673941559131,0.5567710364845595,0.6665450612183823,0.9053197676906498,0.8841863756139603,0.5567710364845595,0.8441552886597454,0.5567710364845595,0.9234814620686651,0.9604783975625826,0.8114788487242623,0.7844113108154713,0.8931410336709438,0.8277900759863981,0.5943354874184333,0.9112569593010917,0.8742856561410544,0.8722653319531637,0.9365784174916305,0.8312664451234641,0.8718365977455129,0.8452959728548124,0.941761455817976,0.9037732996076961,0.8556182564410126,0.8769047782559865,0.8996036742990328,0.8361567121058329,0.7414448669201525,0.9769871064817433,0.5567710364845595,0.9037732996076959,0.5567710364845595,0.8581889328871373,0.8315069861698934,0.9741812383843045,0.98379412513154,0.8277900759863982,0.787228755117481,0.8735534577794486,0.82498599729973,0.7968820743721303,0.9543810721294506,0.8711245195507697,0.7724757092972719,0.8149263853247113,0.8372066841953307,0.8883775072675371,0.576280232023062,0.8985986666492833,0.8935143235557133,0.6712114107412733,0.9837907854071211,0.952506528671011,0.49586363702303515,0.9333823247154631,0.7529042682606857,0.9741812383843047,0.9166569288587998,0.8585540921322414,0.6786258253516838,0.9057246972976492,0.8003510841643688,0.8735534577794486,0.8515386735783614,0.8187616895030196,0.9057246972976492,0.9111455003953207,0.7939055738531597,0.9013784409842849,0.710887044999489,0.8251503574709125,0.8931410336709438,0.7608958361388358,0.9430680159029463,0.8911121531798493,0.735322014071518,0.9953978806517948,0.981949443437365,0.9057246972976496,0.9518500267006789,0.9330942003406423,0.7403265488704986,0.7125153281074785,0.9891608609192486,0.885400876353422,0.8424305171733324,0.8780615512279373,0.9356856974167589,0.8705396270476344,0.9302826825894972,0.9302947288966976,0.868878538885111,0.9491270128542677,0.7913973850331801,0.9881139456563864,0.9295913229704111,0.9366411153431633,0.9515838097791718,0.8841863756139605,0.7827993196641285,0.9539382344839202,0.8865508177574255,0.9102521474185266,0.8403373796149367,0.9415040533996415,0.9016461657061432,0.9674484241224512,0.5567710364845595,0.9356856974167587,0.993481417070199,0.8454267695073419,0.9057246972976492,0.9786078235958559,0.8816859778305948,0.5567710364845595,0.8578283462385059,0.8856848936483532,0.9609676410723687,0.9510258158727605,0.8323630585720314,0.8515386735783614,0.9873232206481497,0.8899380151987908,0.9822680239224932,0.8578283462385066,0.902436392171817,0.9618721498065981,0.7353220140715185,0.8403373796149372,0.9838828582329459,0.9290085666695171,0.9946609570466938,0.9930547404043362,0.8602784601735101,0.8168805099533938,0.8431538582389897,0.8745195447781491,0.5424031201389157,0.918441031918761,0.9080183404160143,0.852251212355357,0.7946164177448058,0.9802010693903225,0.5567710364845595,0.8012668230731625,0.8379236779040001,0.8196136051637437,0.8837507054227132,0.9150035043198983,0.8753672951924685,0.5567710364845595,0.5567710364845595,0.7344011354382141,0.9477495492705187,0.9649675513018663,0.5567710364845595,0.9539382344839202,0.885400876353422,0.8494676817049996,0.7565914078748618,0.8555187937427593,0.9751421018560731,0.8279566795146676,0.8610478913106776,0.9413244398400277,0.8872152559222652,0.5567710364845595,0.7787209034601815,0.8114788487242623,0.8550487818635695,0.9808383604485702,0.827956679514668,0.8611007194773486,0.6981683188457649,0.8856155446224134,0.5567710364845595,0.978871716299869,0.8454267695073419,0.9982408383006673,0.8654112274537147,0.9310312708012254,0.9446352198140091,0.8710529575837425,0.5567710364845595,0.8639751856712659,0.9671812915717548,0.5567710364845595,0.8772182185117654,0.8375327688425838,0.9107812970798075,0.9896781564496205,0.9007060356694105,0.5567710364845595,0.914450510210244,0.7738767329137741,0.9386032451225694,0.9600007152942391,0.7303879169050447,0.8330597247692184,0.8574149252761278,0.9426544579173313,0.9302947288966976,0.9101568537086784,0.8368917104714451,0.9755486419654262,0.9454784294454577,0.7503826544858703,0.8067930423012486,0.6925626451317195,0.8971901564492131,0.8722984813209289,0.5567710364845595,0.9274029754591527,0.8595433895536655,0.9279653009750495,0.8943418469797413,0.8878770571301755,0.594335487418434,0.9969991518057082,0.9251662135150305,0.594335487418434,0.8943418469797417,0.885400876353422,0.9290085666695178,0.824154120355885,0.8037010012713981,0.969121057269952,0.9747580940684457,0.9539382344839202,0.8983321117969463,0.8829583596177213,0.9278300403094226,0.9786774257765747,0.9102521474185266,0.8794266711655027,0.9261856521659335,0.918299879249877,0.7144217721184827,0.9198626585436265,0.6646965104394633,0.8931410336709438,0.7843527058003783,0.9859194451558715,0.8468602265229095,0.9071276996480022,0.9538133524293886,0.9555600901459856,0.88070862441697,0.9397550608991119,0.8009631808319895,0.9316784101447038,0.970960792483488,0.8100138921093891,0.7725128802850378,0.9559937244223015,0.8515386735783614,0.6925626451317197,0.9833689555420717,0.9255404775711311,0.8622902854964027,0.990511238752463,0.899603674299033,0.9546431439733852,0.8931410336709438,0.7792054646766347,0.7246031806216289,0.906944506812154,0.8935461500146489,0.9891608609192482,0.9078889276788863,0.9858718430453366,0.9013784409842849,0.8803029307892649,0.9066666273465951,0.8040096295373869,0.8971901564492133,0.7188125664051562,0.8807086244169695,0.960980838579184,0.9295796011720648,0.9494402015988874,0.779542903327941,0.982831520569825,0.9121029296440538,0.6111271341267072,0.9714665040406921,0.5567710364845595,0.9013784409842847,0.5567710364845595,0.5567710364845595,0.7901220837006853,0.43787524798138566,0.8872511189380221,0.5567710364845595,0.8536528115158368,0.9808474654725188,0.7599128850552692,0.7331650194036512,0.7424707767812997,0.9853805413611496,0.9901130883649605,0.6852455671038846,0.8605609590627572,0.8464961311235868,0.7722893579487593,0.6985757742828524,0.8141693012543916,0.9025755454806283,0.9459833234723566,0.8307902358986594,0.9024363921718168,0.825161783010645,0.7386221575021952,0.9813875979308577,0.7656260953636835,0.8931410336709438,0.7754910920028371,0.8448782725245798,0.8757817245775485,0.6925626451317203,0.7874458911644804,0.8279566795146678,0.8722653319531637,0.9961527583512033,0.9905361668845842,0.9674484241224512,0.6096192035927847,0.8892155845940948,0.8510876470038164,0.8426885192375577,0.9335343761627214,0.7948455158104214,0.9914602339014673,0.5789800515582622,0.8162923000552786,0.7699850179102157,0.9494402015988872,0.8400927802416371,0.6349684000192386,0.9149900225490739,0.9853805413611496,0.7819487664528044,0.7263436804327261,0.9792037241859557,0.9492700421601004,0.9121029296440536,0.8435859019655767,0.5567710364845595,0.8971901564492131,0.8114788487242626,0.9402778464084467,0.9278965215390057,0.919862658543626,0.9769871064817428,0.8336526153804953,0.9913845622669759,0.8546597599343508,0.9218558708912992,0.9586895913852924,0.8945906665941474,0.8943418469797415,0.8863059506286783,0.594335487418434,0.9024363921718166,0.9245074508282971,0.8769047782559865,0.8515386735783614,0.8814426287297792,0.8016657263614508,0.744104362408019,0.9879242718077597,0.910707988599565,0.8511365349080752,0.9716139990058821,0.8557494301578146,0.9102521474185268,0.9154984655951908,0.9669818997221614,0.9208372036465446,0.924322356272117,0.836678271504613,0.576280232023062,0.9457366319268693,0.9905040071216433,0.9930547404043363,0.9856850717773523,0.9302947288966976,0.8837507054227132,0.9261856521659335,0.9850607921252732,0.9365481101931036,0.8307902358986596,0.944333525273533,0.750777160924945,0.984400684704305,0.9828055746328199,0.9356856974167589,0.9149900225490744,0.5567710364845595,0.8547233147850071,0.8789287375941875,0.7160260070339723,0.8908074406456208,0.5567710364845595,0.8465365870508674,0.9950604780692187,0.8933211960584937,0.7857724547836906,0.8234748245414767,0.909209220881507,0.8769028930904446,0.8164978464680306,0.8041337802979414,0.9143770601638239,0.9959278744747098,0.9439482786232296,0.9413830194575712,0.8010280162855912,0.926109367091948,0.8931410336709438,0.8088080901268468,0.9609676410723687,0.8878770571301755,0.8780615512279373,0.9149900225490739,0.6415210651144816,0.8655174742919487,0.885400876353422,0.8312247489478459,0.7455054454285945,0.9057246972976498,0.9054135909608206,0.8742856561410541,0.9412863037437984,0.7649571968714175,0.5424031201389157,0.9873232206481497,0.5789800515582604,0.5424031201389157,0.576280232023062,0.6201546181695778,0.5567710364845595,0.7718625469689399,0.6147926931262067,0.5567710364845595,0.8515386735783614,0.9417614558179761,0.9057246972976492,0.9302947288966976,0.8985986666492831,0.8950806418802895,0.5424031201389157,0.9908274474052112,0.79584633414516,0.9395555589844622,0.9587547784071375,0.5567710364845595,0.8542961702347793,0.8931410336709438,0.7037491178645139,0.7594725924908623,0.7931448484714045,0.9057246972976494,0.8892155845940948,0.882656116656415,0.8542058822129399,0.8826561166564149,0.885400876353422,0.4648272364956618,0.8463876019324001,0.8557494301578141,0.9682489387364006,0.9855797027208402,0.9057246972976496,0.8424305171733326,0.8931410336709438,0.8118232793036577,0.8505490585243114,0.5567710364845595,0.9899936426963007,0.773854493728555,0.6965730689929308,0.8929935508738226,0.9066666273465951,0.8943418469797415,0.7118767537922575,0.594335487418434,0.8735345803939336,0.8733590657563843,0.5567710364845595,0.5567710364845595,0.7894593805860715,0.9151167528270898,0.7804789596211701,0.8936434384023637,0.8913942669451078,0.8981639542574175,0.9176955557954506,0.894668959904958,0.8484619576906176,0.8366692497538928,0.5567710364845595,0.917154256444402,0.8971901564492131,0.6712114107412733,0.9446352198140091,0.9057246972976492,0.8216180679211562,0.5567710364845595,0.5567710364845595,0.8339537787567177,0.9202651318010482,0.8523073927168303,0.903693039757528,0.9749300433832551,0.6644943656105913,0.9324625980362256,0.7730117451851699,0.9399602744470104,0.9066354834382295,0.5567710364845595,0.899603674299033,0.8790091515685723,0.9251662135150307,0.9274029754591528,0.6978476566954647,0.5993486749543795,0.6562579135618392,0.8141693012543916,0.8892155845940948,0.8353927267053265,0.5567710364845595,0.8410960800599794,0.9770864862406434,0.9658303776842915,0.7827993196641285,0.9468805610046563,0.9176091589676255,0.8481532162680541,0.8831650819909704,0.9013784409842851,0.9440373449572788,0.9413565006255864,0.9647450423796193,0.8713174172545043,0.9224196544072623,0.6440107060345022,0.882317275364471,0.7563499748428755,0.576280232023062,0.8085260178646336,0.9176107639459745,0.8769047782559862,0.9424588419142148,0.9149900225490741,0.8315069861698934,0.9149900225490744,0.9010995033577462,0.7804789596211701,0.6820295464631185,0.8443053676097494,0.9551293872486744,0.8713174172545044,0.8610478913106772,0.9198626585436258,0.8869410629393455,0.8710529575837438,0.983317313483034,0.9782026567459741,0.8898706726339181,0.787228755117481,0.9240654274746584,0.6755670681779162,0.9674310688316464,0.9730444062228253,0.5567710364845595,0.7558839765538488,0.9899936426963005,0.9345984759136503,0.6965730689929305,0.9876194409877957,0.8515386735783612,0.9057072946144182,0.5567710364845595,0.9874932877477895,0.9853805413611496,0.8983107091082561,0.9097705287133451,0.9648906019785362,0.9279653009750491,0.8971901564492131,0.9706392054913746,0.9875560974609419,0.9087654409319244,0.9484619212217085,0.8829583596177213,0.9970125884920227,0.9149900225490739,0.9961527583512033,0.885400876353422,0.9699920275968625,0.9217745823086678,0.8576215568600698,0.7057946237683055,0.9870194541246585,0.9751421018560726,0.5424031201389157,0.8028151296451354,0.8776517818114496,0.8606473614675044,0.8101807769977729,0.8019533528572718,0.5567710364845595,0.9723830749425992,0.8192716966334319,0.8251503574709127,0.5567710364845595,0.8922385997972992,0.9652032613479657,0.9057246972976492,0.6925626451317197,0.576280232023062,0.7520953584760621,0.9260419049481032,0.7680797190076105,0.8915641191189616,0.8788382842110356,0.8906528429153151,0.9888293351224868,0.5567710364845595,0.9905401113208032,0.5567710364845595,0.7188125664051562,0.8430116300946255,0.8863227994877727,0.6712114107412733,0.8842601377233774,0.9484619212217086,0.827271917798891,0.8737850059390873,0.5567710364845595,0.9181655169794596,0.8572611603853229,0.963448993779023,0.9056678186761242,0.669117300883084,0.9873232206481497,0.744903461695707,0.7533202390100002,0.7985180195740539,0.7775957767866952,0.9577040616092982,0.7985180195740539,0.6398685093791673,0.8971901564492135,0.758834712592261,0.7985180195740539,0.6712114107412733,0.8722984813209289,0.9611168424359666,0.8524938492507272,0.9155630897147411,0.876474086502745,0.8515386735783614,0.8517122542586355,0.6237195087969897,0.9112569593010917,0.9184850793307127,0.919537287420662,0.9150513508645272,0.6978413544422074,0.909725638991371,0.8251503574709127,0.9569389602184264,0.9368644003029558,0.7806087361811744,0.7355412549606246,0.8424305171733326,0.679376868354673,0.8931410336709438,0.8391525395283428,0.9869228753979574,0.9392085842254896,0.9581283615838829,0.8564414716837312,0.8971901564492131,0.9013784409842847,0.8286066888762847,0.833652615380496,0.9545120772112021,0.9301383082015944,0.8557494301578146,0.9075353636025228,0.944333525273533,0.8525874490132175,0.9551293872486744,0.9933915413475853,0.8676763350718879,0.8035217116670972,0.7957286869230606,0.7239530683565882,0.9013784409842849,0.8312664451234643,0.8198080648432877,0.845426769507341,0.9388137099150415,0.9095638988948189,0.873457082543069,0.8372066841953301,0.9976457703229755,0.8643222344048869,0.999710196903334,0.9155630897147411,0.9337241641265102,0.8602110274106749,0.8931410336709438,0.9611168424359666,0.9857751129780334,0.862211293582519,0.9674484241224515,0.9500469696341343,0.9108841830876433,0.9918787869770073,0.9110367363125391,0.9440119213971412,0.9337777439995165,0.990511238752463,0.862675186278854,0.9302947288966976,0.9851225181999321,0.8515386735783614,0.9013784409842847,0.8354546695429992,0.9031014914644799,0.9251662135150305,0.6965730689929305,0.8339856855289651,0.7188125664051562,0.9279281918460807,0.9013784409842847
p7_SEQIFDRNT,0.8797138792115728,0.9043815161331966,0.9481052266646683,0.7891973491730894,0.9950603702402813,0.8815382336298225,0.9191501481349647,0.9361145301492522,0.9666327685149194,0.9564441004788364,0.9094219082255504,0.9985778460732367,0.9425805352069323,0.662486070558609,0.902113512733081,0.8745195447781486,0.0,0.9249834296604698,0.9542468650366518,0.8917979759263727,0.9093531537683386,0.9836426671336509,0.9230789959087817,0.9913221015557613,0.9810860991992141,0.9249834296604695,0.7258771929824559,0.9321033235024669,0.8917979759263726,0.9877573767538774,0.9178801133263084,0.9501049319099923,0.9374201804111677,0.951872084571389,0.944383427890573,0.8283710152571047,0.9462347596389562,0.8445385534424799,0.9587434581480645,0.7549051807603826,0.9596253481255901,0.9264564493231813,0.9613973877408789,0.9794586918044158,0.8933873144399463,0.8592557885656769,0.9481398354780852,0.926193613582623,0.9694672365613162,0.9853165951415537,0.9501049319099923,0.799017048108662,0.9249834296604695,0.9357714224531068,0.9374201804111677,0.9874255252046318,0.9874255252046318,0.944383427890573,0.9187432398313612,0.940821549823033,0.9702781670896217,0.977512706659348,0.9349950396117984,0.8898393963217797,0.9783779352946236,0.8171590299484559,0.9830316367629125,0.9573692204626645,0.9662469130235709,0.9542468650366518,0.7941884094978156,0.9235293061149326,0.944383427890573,0.9446208795349662,0.944383427890573,0.9080064368535468,0.9652792462742582,0.9341536654578784,0.9402788533216082,0.8815382336298229,0.9862951408967355,0.8789436985072653,0.9488793874960454,0.9716572732363804,0.944383427890573,0.8081868460461838,0.9142011596821672,0.9960359344026932,0.8838844233706618,0.9425805352069325,0.944383427890573,0.8521602387539978,0.9954207693560855,0.9591369811161655,0.9192692664872615,0.9964955240981678,0.8248328769599538,0.9418603109760091,0.9093225541463927,0.9345162101060189,0.9673337013468153,0.922794642290683,0.752835562763698,0.8961878354678894,0.9787306038515087,0.9542468650366516,0.8065441857163136,0.9086890504845764,0.9810860991992141,0.9205583628361051,0.7362441981158596,0.926456449323181,0.9727567245730668,0.9114077787966288,0.9481398354780852,0.9967013790926522,0.9890537762576723,0.9542468650366516,0.9613973877408789,0.9021920595690762,0.9408270269593112,0.8361567121058334,0.7684938541983793,0.8653600582128309,0.9349950396117983,0.8364561980935206,0.9462347596389562,0.9062256624337728,0.9397362273534058,0.9072118677365053,0.982035293774637,0.9227946422906829,0.7155779114545311,0.9587434581480645,0.9949392712550607,0.9976451690121844,0.9299293063809853,0.8493047741087221,0.9501049319099923,0.940821549823033,0.9697938201485222,0.9564441004788364,0.9149332184487946,0.9803767087982627,0.9606182174009791,0.9842007774937604,0.9498026512964179,0.937629852928981,0.9235293061149326,0.865634808551118,0.9676769377237683,0.9931496147195411,0.9859915085495976,0.9013701145685413,0.8493047741087218,0.9235293061149328,0.8434422822329873,0.9839671309918707,0.9869887399367074,0.8361567121058334,0.9483728016690773,0.9873274034062989,0.7823903592443855,0.8620437945748276,0.9906464665714076,0.9719504864824021,0.9644061792743,0.9596253481255901,0.9632197151594926,0.9419702363716831,0.9159086277875702,0.9425805352069325,0.9673337013468153,0.951823862302573,0.9893419785656056,0.9163896305345967,0.9008317218258524,0.9185582096194518,0.8814481532394801,0.9080064368535468,0.9033760264581221,0.9434017467814262,0.851703204858973,0.9425805352069323,0.9035331210577763,0.9608919374786331,0.9886006759818051,0.9985019938186506,0.9357714224531067,0.9123689706343678,0.9980965995557116,0.9254399973981587,0.8742016127287793,0.9260519438161889,0.8971337307079472,0.944383427890573,0.9462347596389562,0.9980965995557116,0.8910426583248505,0.9891221256504424,0.9853165951415538,0.9425805352069323,0.944383427890573,0.9648340471167861,0.9260519438161889,0.9564441004788364,0.944383427890573,0.84470151571415,0.9072118677365058,0.995019456772326,0.9582772260637085,0.9590193028129266,0.9397362273534058,0.944383427890573,0.8708970510157363,0.9443834278905731,0.9787053550194154,0.9019760248728739,0.7981824675601019,0.944383427890573,0.9644061792742998,0.944383427890573,0.99991866212086,0.9352547073163471,0.7727146715827263,0.9870908251894734,0.9227946422906833,0.8793655559872964,0.9980965995557116,0.9294643302252341,0.9325645805415599,0.773716305574518,0.9029130920795911,0.992614642133717,0.9830316367629124,0.8898393963217797,0.9873056066370913,0.8934633408766894,0.837352446491699,0.9072118677365053,0.9745100637941103,0.9391025641025641,0.804009629537387,0.9980965995557116,0.944383427890573,0.9291552782955312,0.944383427890573,0.9189035415138915,0.9745100637941106,0.9501049319099923,0.9206732387984036,0.8793655559872963,0.9462347596389562,0.9770116951721673,0.9310020898787328,0.7823094817310382,0.9341536654578784,0.9353159208540363,0.9481398354780852,0.8081481018323179,0.9199552261212858,0.9682881335133366,0.9425805352069325,0.9783779352946236,0.8906557158215929,0.9587434581480645,0.9805466486386119,0.9922843247764959,0.9264564493231813,0.918558209619452,0.8309891709989181,0.9501049319099923,0.9463507596802521,0.9086890504845765,0.9128009972035692,0.9542468650366516,0.9475277801707198,0.8989693475002436,0.9754970377701452,0.966080860036586,0.9542468650366516,0.979063407658666,0.9389263678709251,0.9521375655065456,0.9232833700357419,0.9159086277875701,0.9227946422906832,0.9666428003039548,0.9201764087344964,0.940821549823033,0.9873274034062989,0.9227946422906833,0.8546108116243158,0.9732924283946004,0.9101287906727167,0.9267224344910141,0.9709607924834878,0.9960569901458383,0.9732924283946004,0.8133917646328435,0.7549051807603824,0.8873533009789314,0.9830316367629125,0.9406384658239362,0.9925690576705832,0.8582618811750675,0.9235293061149328,0.9483551875577274,0.9373315073338575,0.9008583849785581,0.9373075260324406,0.9294260551326696,0.9667715530069648,0.9017694982979341,0.8359345706969412,0.8917979759263731,0.8894642527025183,0.9564441004788364,0.992614642133717,0.9860639133827616,0.9865013132865542,0.9227946422906831,0.944383427890573,0.9501049319099926,0.9648472157143733,0.7949735088840671,0.9542468650366516,0.9783779352946236,0.9397362273534058,0.944383427890573,0.9310020898787328,0.9542468650366518,0.961397387740879,0.9779039859151868,0.9794733812499168,0.9272203681387052,0.9501049319099923,0.9533776220537196,0.8367168811523638,0.9310020898787328,0.9374201804111679,0.8432263599301646,0.9227946422906832,0.9111295270090607,0.8101028101169586,0.957663869937762,0.9779039859151868,0.8016790795187668,0.8733172494392405,0.7221874549299854,0.8868218163524273,0.9949392712550607,0.9425805352069323,0.9972272780214035,0.804009629537387,0.9201764087344964,0.9216092529932856,0.8261264768950001,0.944383427890573,0.9537579392604498,0.9098137391625776,0.8814481532394801,0.9098137391625776,0.9564441004788364,0.9698077026919336,0.944383427890573,0.944383427890573,0.9235293061149326,0.8946812791236383,0.8652955708526233,0.9443834278905731,0.8917979759263731,0.9950603702402812,0.9581457206590636,0.9218460317966504,0.9781302557243623,0.873947966501989,0.9551504908703919,0.8631230730900763,0.8582701915168358,0.8941804419209567,0.944383427890573,0.9643334551236287,0.8524089975425966,0.8853389382842847,0.9922289404403106,0.9592864686575602,0.9330095745993257,0.948139835478085,0.9072477622907662,0.944383427890573,0.8562069576343114,0.7949735088840668,0.9808812248974236,0.9489854489313385,0.9462347596389562,0.887154673417819,0.9919304969477558,0.944383427890573,0.9204198120960367,0.9435517058943512,0.944383427890573,0.9979320111064158,0.9115589596824278,0.937629852928981,0.8313633281640328,0.9144402420742332,0.944383427890573,0.9922289404403106,0.985386203363469,0.9783779352946236,0.9360793017497224,0.9373315073338575,0.9172018029880304,0.8996102754967263,0.8062619809393778,0.9481398354780852,0.9727880985119959,0.9950194567723258,0.8739267712867871,0.952264716306662,0.8639475018563727,0.9911831990324629,0.978616554847229,0.9501049319099923,0.9349950396117984,0.944383427890573,0.9542468650366518,0.9660808600365859,0.9933728152939881,0.9862951408967355,0.9652524543463294,0.9408215498230332,0.9330309441919717,0.8664358239451966,0.9408215498230332,0.8572804327866933,0.9950603702402813,0.8510991623286307,0.9611032305582619,0.8894642527025183,0.9542468650366516,0.9434256525191982,0.9564441004788364,0.9890537762576723,0.873926771286787,0.9391820511391489,0.9836426671336507,0.9564441004788364,0.9900424119456506,0.8922561605225319,0.9853165951415537,0.9264564493231813,0.9325645805415599,0.9994608468667848,0.948139835478085,0.992614642133717,0.9705887000705996,0.9494328703162627,0.9754970377701453,0.9247323722236849,0.9341536654578786,0.9178801133263084,0.9001803414137274,0.8548882251113228,0.8502122645595469,0.8375506072874497,0.9287740756191023,0.8549640569324382,0.9996171864694428,0.9279496229669748,0.9294643302252341,0.8278834812619691,0.9862951408967355,0.9224918805975915,0.9279496229669748,0.9072118677365053,0.9913340962430535,0.922794642290683,0.9698077026919338,0.9543284880080108,0.8887581074151091,0.8898393963217797,0.9008317218258525,0.8892997481908184,0.9813943157615574,0.9521375655065456,0.8922561605225314,0.9492240215924427,0.8933873144399465,0.9501049319099923,0.9542468650366516,0.7786561268284864,0.8153269138415049,0.9794586918044158,0.9397362273534058,0.9425805352069323,0.9135295981787832,0.9352547073163471,0.9391025641025641,0.8987803258477833,0.944383427890573,0.9521375655065456,0.944383427890573,0.944383427890573,0.9345162101060189,0.9294643302252341,0.8444151276169702,0.944383427890573,0.8966995062659776,0.9318951141764913,0.9072118677365053,0.9626344996583568,0.9727032043212838,0.9499286956382703,0.9254399973981589,0.9291552782955315,0.9347556769440266,0.9374201804111679,0.972655841102965,0.9521375655065456,0.9903850005315029,0.9128009972035693,0.9281416271896026,0.9954159552893473,0.9374201804111677,0.9980965995557116,0.8977951267349016,0.9088934360957929,0.9429210844216708,0.987327403406299,0.8980516101285151,0.9325645805415597,0.9786393975617036,0.9722312205307765,0.9463507596802521,0.9551504908703918,0.9337059488987847,0.9230789959087816,0.9536751187028218,0.9481398354780852,0.9325645805415601,0.7415495463346314,0.9449459571559087,0.9582772260637085,0.9552016686278094,0.9501049319099923,0.9555882323172946,0.9391025641025643,0.9558070047262102,0.9234947902774613,0.9985778460732366,0.911316221944724,0.9049289388238142,0.8815382336298224,0.8448662440139756,0.9434256525191982,0.9648472157143733,0.8743674594684078,0.7609668999058945,0.9352547073163471,0.9707482750842387,0.944383427890573,0.9501049319099923,0.9882023505376625,0.944383427890573,0.9774133038851731,0.9325645805415597,0.9408215498230332,0.860978490151583,0.8330216254486857,0.9294643302252341,0.9173095916401801,0.9564441004788364,0.860951635172634,0.9862951408967353,0.9722619882019137,0.9408215498230332,0.8990488699790681,0.9388356782863465,0.8168059725015979,0.8789436985072654,0.9802947374692921,0.9000601858073436,0.9173044561905559,0.9968140003997856,0.9666428003039549,0.8692466107210817,0.8901425286243823,0.9520639895971752,0.9676769377237683,0.9810860991992141,0.9913221015557613,0.9843261156522615,0.9648472157143733,0.9497014469643541,0.9425805352069323,0.9100082455559217,0.898372029285229,0.9587434581480645,0.9611032305582619,0.948139835478085,0.8081868460461838,0.9483551875577274,0.9264564493231813,0.8922505553843603,0.7786561268284866,0.9310020898787328,0.8886405262183215,0.9341536654578784,0.9425805352069323,0.9830316367629124,0.9587434581480645,0.944383427890573,0.9111295270090605,0.8227820358708171,0.9201764087344961,0.9638865172683291,0.9443834278905731,0.9358121112372144,0.8439498051087311,0.9931496147195411,0.9573800935979493,0.9306570238192786,0.8188711496571089,0.9643334551236289,0.9222826929259906,0.9455891145578186,0.9337059488987844,0.9492964621542561,0.8218786695062748,0.9521375655065456,0.856693097191417,0.9673337013468153,0.793729120059452,0.8168059725015984,0.9587434581480645,0.9901683301057446,0.8873533009789314,0.9587434581480645,0.9357714224531068,0.8969439783075257,0.6922793608945521,0.882356710544758,0.9692816537416273,0.9732924283946005,0.944383427890573,0.9325645805415599,0.9023372645888428,0.9406384658239362,0.9425805352069323,0.9501049319099923,0.9391025641025641,0.9425805352069323,0.9425805352069325,0.9111295270090606,0.944383427890573,0.9391025641025641,0.8983688348924415,0.944383427890573,0.9754970377701452,0.7887932820801113,0.9542468650366516,0.9481398354780852,0.9521375655065456,0.9462347596389562,0.9425805352069323,0.8839019609625915,0.9825964518806184,0.9722312205307765,0.908618127972046,0.944383427890573,0.8065441857163136,0.8582618811750674,0.9762262925984149,0.9565129193287785,0.9143370995839922,0.8283710152571044,0.8664358239451965,0.9688298914803046,0.9745100637941104,0.9688298914803046,0.944383427890573,0.9350840409709825,0.9193389969862841,0.9954159552893472,0.9843261156522616,0.9341536654578786,0.9732924283946004,0.8467810416531495,0.9481398354780852,0.9172018029880306,0.937629852928981,0.944383427890573,0.8739479665019896,0.9026854380253431,0.9564441004788364,0.9859321621020699,0.8933873144399463,0.9094219082255504,0.9417239936090696,0.9408215498230332,0.9014640938384707,0.8941814263734915,0.944383427890573,0.944383427890573,0.9059247833199469,0.8871546734178191,0.8566930971914171,0.9236630827321965,0.9419702363716831,0.8578553729564891,0.9552016686278094,0.9638839861838282,0.8837352444465885,0.9537693982556523,0.944383427890573,0.8910426583248505,0.9501049319099923,0.9587434581480645,0.8330216254486857,0.9542468650366516,0.9504461826747814,0.944383427890573,0.944383427890573,0.9083372823623634,0.944383427890573,0.9432290511041108,0.9325645805415599,0.8694536906982979,0.9247323722236849,0.9206732387984038,0.9356957241686945,0.9820710782589648,0.8814645022799497,0.9443834278905731,0.8956580181478542,0.933079171735423,0.9462347596389562,0.9542468650366516,0.9726558411029651,0.9731277155291385,0.9084103043116549,0.9290437380995717,0.9462347596389562,0.9902223615913763,0.944383427890573,0.9177433298664526,0.9903850005315029,0.9247323722236847,0.8055962147755376,0.9411650622106333,0.9890537762576723,0.9952883155640531,0.7617416498698265,0.9783779352946236,0.8859360759044477,0.8783868905890571,0.9391025641025641,0.891797975926373,0.8736715349160765,0.9249834296604698,0.9273405050304726,0.9501049319099923,0.9425805352069323,0.9563502722233992,0.9874255252046318,0.8562319953247259,0.9137935530290915,0.9587434581480645,0.9745100637941105,0.961397387740879,0.9587434581480645,0.9280769720291009,0.9536751187028218,0.9545845879666097,0.944383427890573,0.9676769377237683,0.9836426671336507,0.9836426671336507,0.8311531009920223,0.9919304969477563,0.9397362273534058,0.9220929278982624,0.9175986829007592,0.9462347596389562,0.863790316769809,0.9098137391625774,0.886780343035958,0.8868264176594562,0.944383427890573,0.8188711496571089,0.944383427890573,0.9260519438161892,0.9564441004788364,0.9786393975617036,0.9279496229669753,0.9001246442887979,0.944383427890573,0.9173095916401801,0.8448662440139756,0.927949622966975,0.9187432398313611,0.9446208795349662,0.9273405050304726,0.9501049319099923,0.9121267198599361,0.9419702363716831,0.9975400785495823,0.9021721916778465,0.8247745466647922,0.8393122306557518,0.7218199254077096,0.9786165548472288,0.752835562763698,0.8886405262183212,0.9386569025459167,0.9333237935683505,0.9291552782955315,0.8381939793092672,0.944383427890573,0.9425805352069323,0.9652664241210924,0.8901425286243824,0.9770858602922438,0.8853389382842847,0.859377169405928,0.944383427890573,0.8985590214865504,0.9968140003997854,0.7891973491730895,0.944383427890573,0.9622663405510676,0.9919304969477558,0.9542468650366516,0.9294643302252341,0.9425805352069323,0.9449432952236012,0.92498342966047,0.940553098653835,0.8969439783075258,0.9143370995839921,0.9722312205307764,0.8347994559429096,0.944383427890573,0.9652524543463297,0.944383427890573,0.9542468650366516,0.8292701652671418,0.9692816537416273,0.9587434581480645,0.9632197151594923,0.9021721916778463,0.9952883155640528,0.9996171864694428,0.944383427890573,0.9519101748094698,0.9107244243672112,0.9660840200628468,0.908712023905003,0.9072118677365058,0.9161682054358173,0.9178801133263084,0.9165049484215362,0.9085080245777921,0.983301285209494,0.8854680645441779,0.9085080245777921,0.9581457206590636,0.9161682054358171,0.9968921249480658,0.9085080245777921,0.9587434581480645,0.9716572732363806,0.9462347596389562,0.7718625469689402,0.9397362273534059,0.9592864686575602,0.8789436985072655,0.9520275060446648,0.9072118677365055,0.9722312205307764,0.9770116951721673,0.9235293061149326,0.9425805352069323,0.9836426671336507,0.9259073963035089,0.9159086277875703,0.8952465677470592,0.9533776220537193,0.9798892686647287,0.9368208004805825,0.9845948329923003,0.9462347596389562,0.9227946422906831,0.9630848476738874,0.8126872408584623,0.9455891145578188,0.9010098990098929,0.926193613582623,0.9501049319099923,0.9521375655065456,0.8618303114251795,0.9632197151594926,0.8204187429717442,0.9693293687840343,0.9178801133263084,0.8387970042600206,0.8185778635188606,0.9165049484215362,0.9345041683711354,0.9875307435433601,0.8543379886219318,0.8635636972691019,0.9332025653862874,0.8353044563359773,0.9521375655065456,0.9259002427416265,0.9256097192573252,0.9249834296604695,0.9492240215924428,0.9192692664872615,0.9008027482667893,0.8595337434443089,0.950616329839964,0.9615633836644075,0.8294438503508299,0.9397362273534058,0.9994234620769809,0.9543284880080108,0.9481398354780852,0.9913221015557613,0.9726558411029651,0.9901683301057447,0.8582618811750676,0.9727880985119959,0.9675205040755919,0.8895042070087669,0.9446283507116098,0.9980965995557116,0.9519101748094696,0.9272203681387053,0.9994608468667849,0.987327403406299,0.9613259480801764,0.9754970377701453,0.9521375655065456,0.9497014469643541,0.8837352444465884,0.803992685139914,0.9564441004788364,0.9709607924834878,0.9542468650366516,0.9856980188943207,0.9521375655065456
p7_V,0.7232650295684588,0.7673494041985985,0.589414752813803,0.9307747569588933,0.931488667261505,0.9491780856091547,0.8352596342612688,0.8340588645470348,0.8702630231263371,0.9463456194504825,0.9939428696246877,0.9292677720165115,0.9292677720165115,0.7514717776798464,0.8794184279003852,0.8454267695073414,0.9249834296604698,0.0,0.9436389526644002,0.9268000951074448,0.581080734243557,0.9169296077473637,0.9952831447476325,0.9337692322192535,0.915004851984079,0.9075907590759069,0.9349950396117982,0.9206037147937578,0.9268000951074445,0.9574912181494095,0.8988405313927081,0.9385367079941813,0.3480471751156544,0.8905248145511355,0.9314886672615053,0.9436389526644002,0.9337692322192535,0.758133210869553,0.9491780856091547,0.6334069035135781,0.6690294376269559,0.9094052998937727,0.9491780856091547,0.8825384613814422,0.888321196035887,0.6444417956320397,0.9361160018916064,0.8657807842755783,0.9057994954598185,0.854058970287624,0.9385367079941813,0.5445136603540224,0.9075907590759069,0.9208799593226003,0.9229109835440805,0.9040300914457238,0.9040300914457235,0.9314886672615048,0.7381271605259618,0.9271009640247969,0.8732840781850202,0.8174972048779756,0.9075907590759074,0.6690294376269559,0.9410406098239259,0.7855957980215149,0.9385367079941815,0.8057060011361048,0.8978384618499059,0.8140817399578923,0.9318380992827058,0.9057994954598185,0.9314886672615053,0.7662354834447611,0.9314886672615048,0.7208186446215714,0.9169296077473634,0.8631878595663136,0.761676952626392,0.9173135519831482,0.9188871236697294,0.9112446674143933,0.9157575744752315,0.4681753889674639,0.9314886672615048,0.7069994547107251,0.9169296077473634,0.7365058536917064,0.8569629050326473,0.9292677720165115,0.9314886672615048,0.8120252635732317,0.6395057148039129,0.8042798049713857,0.900551761172341,0.8657807842755785,0.8189449903077213,0.7169442233336842,0.757072393140884,0.7555267484019448,0.9796635193777841,0.9361160018916062,0.9166547403069653,0.9747599015206189,0.8255524180203792,0.9436389526644002,0.9093644292573353,0.7266223447560156,0.9150048519840788,0.7692505156398974,0.8590213675671428,0.7336084413543078,0.8056691765001689,0.8778722974583606,0.9361160018916064,0.772915523696414,0.9208799593226005,0.9436389526644002,0.9491780856091547,0.8085534893437152,0.8825384613814424,0.8321126887296124,0.7500737909531845,0.8988405313927081,0.9363507779349362,0.9813074005170239,0.9337692322192535,0.8128142530789659,0.9292677720165115,0.8856988418635352,0.828380815414945,0.9361160018916062,0.7820079396167259,0.9491780856091547,0.92498342966047,0.7199950011170575,0.8368800800587324,0.8937900805723631,0.9385367079941813,0.9271009640247971,0.8467147986893657,0.9463456194504822,0.8784884989733811,0.8699959905033655,0.8528077124238098,0.8794184279003854,0.8835104920677506,0.7869927119133109,0.9057994954598185,0.6741002898710917,0.9463456194504825,0.8732840781850186,0.9071899201855503,0.7392301461878472,0.9385367079941815,0.9057994954598187,0.9151553608668366,0.46353150791152553,0.9271301412483195,0.926041904948103,0.8935728356439262,0.9361160018916064,0.8062744182987227,0.7332415752367154,0.6785683150328035,0.9872201163229497,0.8128142530789662,0.4940274310047884,0.9005517611723415,0.8611574509681621,0.7867777182755422,0.9292677720165115,0.904030091445724,0.9024996128908569,0.9455399698608216,0.9132645418968566,0.9436389526644002,0.8255524180203793,0.9955239637156412,0.5046571741414281,0.880973656757946,0.8497295588315184,0.9418468054117537,0.9292677720165115,0.8099750192678044,0.9117718772943123,0.8085534893437154,0.8672687335363689,0.9208799593226001,0.8525262790214818,0.9271009640247969,0.8702630231263386,0.6147249152447198,0.7164488397748479,0.8732840781850191,0.9314886672615048,0.9337692322192535,0.9292705781907253,0.8657807842755785,0.651786957145932,0.8540589702876236,0.9292677720165115,0.9314886672615048,0.6783111848059944,0.7164488397748481,0.9463456194504825,0.9314886672615048,0.8887800059829348,0.885698841863535,0.9008987820381833,0.8551303703623313,0.9324044867801067,0.9292677720165115,0.9314886672615048,0.805706001136105,0.9314886672615048,0.7902646531976727,0.6208108276666027,0.5833842763241548,0.9314886672615048,0.9343968320249282,0.9314886672615048,0.804664023620563,0.8748055425712833,0.7463142775602828,0.7562373866524366,0.9361160018916062,0.7130998968707802,0.9271009640247971,0.9131105611405985,0.9169296077473637,0.9955667899073477,0.8661899480672874,0.8905248145511353,0.7820079396167258,0.8642985447139282,0.8526125248565155,0.6538796605316737,0.9373642581455807,0.885698841863535,0.885698841863535,0.9249834296604695,0.8321126887296125,0.9271009640247969,0.9314886672615048,0.8687627046182602,0.9314886672615048,0.9631454394484821,0.8506517968600196,0.9385367079941815,0.9022812459376925,0.6913839274823119,0.9337692322192535,0.8841133455738344,0.9150048519840792,0.8644762587454871,0.9939428696246878,0.8128142530789664,0.9361160018916064,0.8699959905033654,0.7689834854719453,0.7899002280072165,0.9292677720165115,0.9410406098239261,0.6897005163091405,0.9491780856091547,0.8660694458227569,0.775227205182045,0.909405299893773,0.7720632639639116,0.8618154073588145,0.9385367079941818,0.7956809360555228,0.7702941613031968,0.7005689296405755,0.9436389526644002,0.7692505156398977,0.8841133455738344,0.911244667414393,0.8070745675457878,0.9436389526644002,0.7980613313855602,0.7492869227063883,0.9410406098239259,0.6738516292774803,0.7867777182755418,0.9020554008593247,0.8905248145511353,0.7397414321423508,0.9271009640247971,0.9361160018916064,0.9361160018916062,0.6598989712921832,0.9957912204911729,0.728288852064948,0.8042798049713862,0.697754129661676,0.9059600152729226,0.9436389526644002,0.9672736044508085,0.9022031707790968,0.8813944255958992,0.8937900805723632,0.7332415752367154,0.8628217153184261,0.9559982666090145,0.2110127692391971,0.8872955140291616,0.8062508472758368,0.8778722974583606,0.8439974845602785,0.9420471392923732,0.8941630282794868,0.8569949996112667,0.8673015947761982,0.9463456194504827,0.8702630231263386,0.9463456194504827,0.8905248145511353,0.9186550120230905,0.965201190347219,0.9361160018916062,0.9314886672615048,0.9385367079941809,0.9881021133307768,0.8973361621876467,0.9436389526644002,0.9410406098239259,0.923175290194404,0.9314886672615048,0.915004851984079,0.9436389526644002,0.7170510083716035,0.8794184279003852,0.8805682687764924,0.911244667414393,0.9385367079941818,0.775227205182045,0.5995256883006477,0.915004851984079,0.9229109835440807,0.7074074669678618,0.9361160018916064,0.8905248145511355,0.6359965055496788,0.9208799593226003,0.8794184279003852,0.9491780856091547,0.6838280318363463,0.8370219043693594,0.7005689296405755,0.9716572732363804,0.9292677720165115,0.9984197395506036,0.9664712477975482,0.7397414321423508,0.7413488062196425,0.622006741759932,0.9314886672615048,0.8028518170159549,0.8889039599111499,0.8666557562729347,0.9562533908075039,0.9463456194504825,0.7913495263156978,0.9314886672615048,0.9314886672615048,0.9057994954598185,0.8702630231263384,0.9001712082789386,0.9314886672615048,0.9463456194504827,0.9314886672615055,0.8954688163631978,0.6785683150328035,0.7164488397748479,0.9314886672615053,0.9955703864028429,0.698805332438033,0.5915804716231222,0.6427264085911579,0.9314886672615048,0.6865991574001502,0.8795470806186669,0.6987539300174226,0.7023733223835413,0.7810042253308014,0.8992806674875511,0.9361160018916064,0.7249477881963562,0.9314886672615048,0.6619722235834546,0.9075907590759071,0.8099750192678044,0.5969041694275876,0.9337692322192532,0.7978798632300286,0.6670029807020204,0.9314886672615048,0.8598831469664705,0.7365058536917064,0.9314886672615048,0.8971465330611361,0.9413585419799833,0.7971824445675242,0.6290934728236328,0.7332415752367154,0.9314886672615048,0.9501330963429213,0.8057060011361046,0.9410406098239259,0.9182101961218494,0.8615790756262803,0.8748055425712822,0.8763348124829184,0.825975558763159,0.9361160018916064,0.8628217153184261,0.8468584144181484,0.7171128126277471,0.8014219204690638,0.9409824443805375,0.6966162043359655,0.913110561140599,0.9385367079941813,0.9753653936822253,0.9314886672615048,0.9436389526644002,0.5702333319691719,0.9023552098788394,0.9188871236697294,0.9768086827916644,0.9271009640247971,0.7254502759324906,0.9618384623739508,0.9271009640247971,0.8631878595663137,0.9166547403069654,0.9208799593226005,0.7201296740389931,0.8891602858642387,0.9436389526644002,0.7927960017530737,0.9463456194504827,0.9900427159691706,0.9952831447476325,0.8410083642305688,0.9169296077473634,0.9463456194504827,0.7671391387927033,0.8872955140291618,0.9375379118224105,0.909405299893773,0.39993250813778713,0.86876270461826,0.9361160018916064,0.8905248145511353,0.893465545817623,0.7529368600344388,0.8869832509521183,0.9517995480250121,0.9188871236697296,0.8988405313927079,0.93997383706413,0.9593265323629797,0.8553749114170571,0.9349950396117982,0.8156403570754067,0.9908927240415875,0.8954688163631979,0.911244667414393,0.913110561140599,0.624390081905265,0.9188871236697296,0.8217053707599433,0.911244667414393,0.8856988418635348,0.9831416560900629,0.7941696693599453,0.7665336175520334,0.6817028842856858,0.9899281062556811,0.8642985447139284,0.9436389526644002,0.9005990457462585,0.9097115979774812,0.9410406098239259,0.9539119155583535,0.9349950396117983,0.9249834296604698,0.9385367079941818,0.9436389526644002,0.7750187142987186,0.6745260449078174,0.6007868637648364,0.9292677720165115,0.9292677720165115,0.7616769526263918,0.9710301515920158,0.92498342966047,0.768983485471944,0.9314886672615048,0.9410406098239263,0.9314886672615048,0.9314886672615048,0.7555267484019448,0.9131105611405992,0.8905248145511353,0.9314886672615048,0.7429494188247936,0.7811388502627221,0.8856988418635352,0.9199813438542366,0.7392301461878468,0.7568986938519888,0.9793765449927722,0.8687627046182593,0.7840725527723564,0.9229109835440803,0.8468584144181481,0.9410406098239263,0.8889039599111499,0.7005689296405755,0.8057060011361052,0.9199701606580845,0.9229109835440807,0.9271009640247971,0.681908393500005,0.9410406098239261,0.8545338582422837,0.9361160018916064,0.8697754037911869,0.9169296077473634,0.9490704397550971,0.9131105611405983,0.7956809360555224,0.995570386402843,0.8732840781850193,0.9131105611405985,0.8921587537070725,0.9361160018916064,0.9169296077473639,0.9337692322192532,0.9527978677975054,0.8071305231050052,0.6870163610809088,0.9385367079941815,0.8088706988363875,0.9249834296604702,0.7675283688723298,0.5165499030189158,0.9723609361240989,0.6987539300174226,0.9005517611723413,0.8505593707792999,0.6471217056732823,0.7927960017530733,0.8687627046182596,0.6514471747580827,0.8695898034667457,0.8748055425712824,0.920492718849117,0.9314886672615048,0.9385367079941813,0.9539119155583538,0.9314886672615053,0.798121494293955,0.9169296077473634,0.9271009640247971,0.9892338402162022,0.9562540116561442,0.6760265208242302,0.7365058536917062,0.6730915242232989,0.7988852253869213,0.9188871236697294,0.8198957816506436,0.9271009640247971,0.9229109835440805,0.8717773221078795,0.8836079670195752,0.9919535000677886,0.8614022483242358,0.8383002760466669,0.6382585435582895,0.8156492020535613,0.9926947949559495,0.7722474481848005,0.5792728521912238,0.8988405313927081,0.9463456194504827,0.915004851984079,0.9337692322192532,0.5978653768361908,0.8985975567963893,0.855509019935889,0.9292677720165115,0.6640301842398468,0.5691188494995539,0.9491780856091547,0.8368800800587324,0.9559982666090145,0.841698316503433,0.8872955140291614,0.45595246232503883,0.8672687335363689,0.9350783929825497,0.9150048519840788,0.6738516292774803,0.38375282268560673,0.9292677720165115,0.9385367079941813,0.9491780856091547,0.9314886672615048,0.8905248145511353,0.7375573089932521,0.7397414321423508,0.7632905462643669,0.9314886672615048,0.8425703725337486,0.609755936569299,0.8732840781850189,0.8954688163631979,0.6485835948548144,0.8120252635732317,0.8397219435105809,0.9721489818489681,0.9022812459376925,0.9344254340461831,0.7985559379258662,0.48364251905513755,0.9410406098239266,0.8328887736004498,0.9040300914457235,0.9559982666090145,0.8856988418635348,0.5835426459639058,0.9022812459376923,0.9292705781907253,0.7170510083716036,0.9208799593226005,0.9825197666561855,0.9314886672615053,0.8202838247630333,0.7283682909217255,0.9436389526644002,0.9314886672615053,0.9169296077473637,0.68763006724591,0.7332415752367154,0.9292677720165115,0.9385367079941818,0.9249834296604698,0.9292677720165115,0.9292677720165115,0.8905248145511353,0.9314886672615048,0.9249834296604695,0.874805542571283,0.9314886672615048,0.8062744182987225,0.9908927240415877,0.9436389526644002,0.9361160018916064,0.9410406098239261,0.9337692322192532,0.9292677720165115,0.6640301842398468,0.8085534893437152,0.9131105611405985,0.7855342689816793,0.9314886672615048,0.847698706922654,0.9361160018916064,0.911244667414393,0.7215739138624431,0.9696475261641206,0.7535119131134653,0.9337692322192535,0.9150048519840788,0.7847394565409085,0.9150048519840788,0.931488667261505,0.885698841863535,0.9984197395506036,0.8988405313927081,0.9432256065555662,0.9939428696246878,0.9436389526644002,0.9057994954598185,0.9361160018916064,0.755200123420633,0.7869927119133109,0.9314886672615048,0.931488667261505,0.6827699435487385,0.9463456194504825,0.692252447793567,0.9249834296604698,0.8631878595663136,0.8079901782218555,0.9271009640247971,0.761717361992172,0.7094885905953818,0.9314886672615048,0.9314886672615048,0.8841133455738346,0.8401220832245639,0.8328887736004494,0.6910325009447649,0.8378881427506741,0.673382816436684,0.6180279585400288,0.7299474608183198,0.9887355796164214,0.7918957924827221,0.9314886672615048,0.8657807842755783,0.9385367079941813,0.9491780856091547,0.594255958110737,0.9436389526644002,0.7722474481848003,0.9314886672615048,0.9314886672615048,0.6950913301828017,0.8660358761631224,0.7059510468823946,0.9169296077473637,0.5208716152924318,0.6690294376269559,0.9022812459376928,0.8642985447139284,0.7767109293836367,0.6591549374028507,0.9314886672615048,0.8856988418635348,0.7539755036479479,0.9337692322192535,0.9436389526644002,0.8468584144181481,0.906694173672244,0.8038156961871349,0.8889039599111499,0.9337692322192535,0.755244322052308,0.9314886672615048,0.7662354834447611,0.9562533908075039,0.8642985447139284,0.8791004137164211,0.5402409416491679,0.9208799593226007,0.8717700291221537,0.9117718772943123,0.9410406098239257,0.778104059997387,0.8142322012998653,0.9249834296604698,0.9463456194504827,0.8954688163631979,0.9075907590759071,0.7477120255242753,0.9385367079941813,0.9292677720165115,0.832626689688744,0.9040300914457235,0.9845673523422016,0.893806497800568,0.9491780856091545,0.984567352342202,0.9491780856091547,0.9491780856091547,0.8627236257785784,0.8921587537070725,0.8598831469664705,0.9314886672615053,0.9463456194504827,0.9169296077473634,0.9169296077473634,0.9542548214359899,0.3480471751156563,0.9292677720165115,0.9040300914457231,0.8569629050326475,0.9337692322192535,0.8127749121539052,0.8889039599111499,0.8805682687764916,0.9182895377085165,0.9314886672615048,0.8120252635732317,0.9314886672615053,0.7164488397748481,0.9463456194504825,0.8922690007996057,0.9112446674143921,0.901407360695553,0.9314886672615048,0.7365058536917064,0.6471217056732823,0.9112446674143926,0.7381271605259614,0.7662354834447611,0.7477120255242754,0.9385367079941813,0.8047993530669149,0.8378881427506739,0.910586477302178,0.7630798811812192,0.9952831447476325,0.9336801251274396,0.9173135519831482,0.9952831447476325,0.8154170120192782,0.9496954632066932,0.9057994954598183,0.7826074507426819,0.8687627046182596,0.6382585435582896,0.931488667261505,0.9292677720165115,0.7869927119133109,0.7251719469263778,0.8830921577214083,0.6987539300174226,0.6660731356792751,0.9314886672615048,0.7147226992664302,0.7925683637873935,0.6808598964884564,0.9314886672615048,0.7840725527723564,0.6670029807020202,0.9436389526644002,0.9131105611405992,0.9292677720165115,0.6240022684872955,0.9075907590759072,0.9476153226931836,0.9796635193777841,0.8763348124829182,0.7992853962347816,0.6337152370574655,0.9314886672615048,0.9022812459376925,0.9314886672615048,0.9436389526644002,0.952246072895819,0.8439974845602782,0.9491780856091547,0.9005517611723415,0.6535845456199004,0.8717700291221544,0.8954688163631979,0.9314886672615048,0.7737394162043588,0.7586125609003374,0.9185106057239003,0.8988405313927081,0.5870024355835751,0.9385367079941818,0.5213536831698239,0.8971465330611363,0.8872955140291616,0.855509019935889,0.6660731356792752,0.8872955140291616,0.8954688163631979,0.8937900805723633,0.7246258414752633,0.8872955140291616,0.9491780856091547,0.9075907590759074,0.9337692322192532,0.9127278241703738,0.923175290194404,0.8971465330611363,0.8869832509521188,0.9375379118224101,0.885698841863535,0.9131105611405985,0.8841133455738341,0.9057994954598185,0.9292677720165115,0.9169296077473637,0.7461308961782385,0.8220836588712377,0.5998384864162485,0.775227205182045,0.8809736567579458,0.625997381217335,0.7102058370180131,0.9337692322192535,0.9361160018916064,0.8672687335363687,0.9457651014915455,0.9022812459376923,0.8368727250734078,0.9245460758162971,0.9385367079941813,0.9410406098239263,0.8297955240805073,0.900551761172341,0.9820494134535525,0.8889039599111499,0.8988405313927081,0.8014219204690636,0.959399639117395,0.9598093595575027,0.931488667261505,0.7796666385612767,0.43837419721469717,0.7945398668349817,0.8657807842755783,0.7796446310695869,0.9410406098239261,0.8905248145511353,0.8326266896887442,0.9075907590759069,0.9249834296604698,0.9157575744752315,0.9898664497675989,0.8269664944023671,0.9105386160602791,0.9503578662718963,0.7899002280072163,0.8248039983350149,0.9713253178543612,0.9719407501298676,0.9361160018916064,0.9337692322192535,0.8468584144181484,0.9022812459376917,0.7941696693599449,0.8628217153184261,0.8156492020535611,0.9441618698738372,0.9749771166196228,0.9271009640247971,0.7737394162043587,0.9273376672788162,0.4152008431066412,0.9361160018916064,0.8099750192678044,0.9273376672788163,0.9410406098239263,0.855509019935889,0.9715992805222545,0.9337692322192532,0.9463456194504825,0.926041904948103,0.9436389526644002,0.9778362162012753,0.9410406098239266
p7_Y,0.9666526481846669,0.9517441295565185,0.8298099072732107,0.9910578376517607,0.8846149163346163,0.9690033562225546,0.8970846333621981,0.9306047836741067,0.9208725034246266,0.967275815149292,0.9505286850464205,0.7376990592379751,0.9667798280829097,0.7348814459346106,0.926456449323181,0.9057246972976498,0.9542468650366518,0.9436389526644002,0.0,0.9672758151492922,0.9074725945748126,0.9493347822888889,0.9892083965651994,0.9596053879391779,0.9481608601832734,0.9436389526644002,0.5385281889821136,0.9653179186519115,0.9672758151492922,0.8814543472273345,0.9383021271292231,0.9625131050152524,0.9529828655437629,0.9861029598450544,0.7274442879673653,0.965625,0.9596053879391779,0.6225806388649321,0.9690033562225548,0.6997646690171255,0.9625162230164763,0.9447456538980155,0.9690033562225546,0.9713740439102772,0.9008317218258528,0.8713241392270804,0.9610366993022688,0.9181387543589392,0.9978387378693494,0.9162100923845101,0.9625131050152524,0.9047149900436197,0.9436389526644002,0.9517441295565183,0.9529828655437629,0.941467276381333,0.9998226281102464,0.9582144552981327,0.8743674594684079,0.9555383641697375,0.9701757583840656,0.9313419384321768,0.9957912204911727,0.9172347260035336,0.9457879562525047,0.9946431408472549,0.9625131050152524,0.8814987207179206,0.8521929255346843,0.965625,0.7399460024070031,0.942546448360206,0.9582144552981327,0.9969440767479354,0.9582144552981327,0.906597867618917,0.9493347822888889,0.9505286850464205,0.9587846477856068,0.8237261571040236,0.9505286850464205,0.9458674971126175,0.8325117480738041,0.9957912204911729,0.9582144552981327,0.7540801690623644,0.9493347822888889,0.9414582284814823,0.9565125146369124,0.9568599156354454,0.9582144552981327,0.7866098147175609,0.8930334991339012,0.9546904346937621,0.939345818232489,0.918138754358939,0.7920219902136526,0.9074725945748126,0.9900806838204745,0.988947390437986,0.9998226281102464,0.9610366993022685,0.6488589737837398,0.9953700699977106,0.9326468089069148,0.965625,0.7891506066595859,0.9688652165598257,0.9481608601832736,0.9992598421053649,0.822832612102515,0.9447456538980155,0.8175595086733718,0.9742388426031001,0.9610366993022688,0.8409005106559411,0.9517441295565185,0.965625,0.9690033562225546,0.967251714617954,0.9283593797331275,0.8022487300267548,0.6618674289227163,0.9383021271292231,0.9436389526644005,0.9340917055261457,0.9596053879391779,0.8858340936764977,0.9568599156354454,0.9302869180633688,0.974069952780863,0.9610366993022685,0.9625131050152524,0.9690033562225546,0.9732924283946005,0.9105050913754529,0.9409672007288843,0.950716529670402,0.9625131050152524,0.9555383641697377,0.9223215509727929,0.967275815149292,0.9946431408472549,0.8310976547093887,0.8394152467827324,0.9264564493231813,0.8707659462994877,0.9864559376282898,0.942546448360206,0.9363981539429046,0.9672758151492922,0.8874421650552476,0.8956380779049871,0.9022452837148789,0.950716529670402,0.9978387378693493,0.9576897754334344,0.7668475042370301,0.9568868616159543,0.8022487300267548,0.9199117165193278,0.9610366993022685,0.9458674971126175,0.9732945459124762,0.9154363928771068,0.7067645644578285,0.8858340936764977,0.9172347260035336,0.9465829649206577,0.9811187570828699,0.9362456943690352,0.9568599156354454,0.941467276381333,0.9147265833077114,0.8797579337068853,0.8185124336423447,0.965625,0.9502223351291034,0.8518084376617914,0.841710633183212,0.9274049943645875,0.9083489988323228,0.9998226281102465,0.9568599156354454,0.8841024249642828,0.8617997030267446,0.9672517146179539,0.9190462651000917,0.9517441295565183,0.9372689456075767,0.9555383641697375,0.9208725034246266,0.9383224635159269,0.9622268329997987,0.9227150661971701,0.9582144552981327,0.9596053879391779,0.598497955229752,0.9181387543589392,0.970911469867437,0.9973897225041903,0.9568599156354454,0.9582144552981327,0.8918783860608355,0.9960185040188978,0.967275815149292,0.9582144552981327,0.9334253536579322,0.930286918063369,0.906597867618917,0.882367546706716,0.9217916370027819,0.9568599156354454,0.9582144552981327,0.8814987207179206,0.9582144552981327,0.9835434409405948,0.9188536583074237,0.9228940065236109,0.9582144552981327,0.8858340936764977,0.9582144552981327,0.8621461858164418,0.971510747264704,0.7584752352966451,0.8979178384019251,0.9552175050422179,0.9466282415065834,0.9555383641697375,0.6064918890381656,0.9493347822888891,0.9227150661971701,0.9644401760048045,0.9332303128187658,0.9625131050152524,0.9172347260035336,0.95304308387742,0.8021325739678647,0.9059954798011857,0.9302869180633688,0.9814510646731802,0.9542468650366518,0.8022487300267549,0.9555383641697375,0.9582144552981327,0.9662757781656683,0.9582144552981327,0.9174803742093418,0.7627282022777632,0.9625131050152524,0.9404006431802041,0.9466282415065835,0.9596053879391779,0.8681250319240946,0.9481608601832734,0.7838218979765824,0.9505286850464205,0.9613364213349977,0.9610366993022688,0.8310976547093887,0.8944656454039726,0.9839959424285257,0.9568599156354454,0.9640402523885963,0.8957434736985352,0.9690033562225548,0.9686832863606913,0.9960587809365496,0.9447456538980157,0.8936031902522543,0.824944242843491,0.9625131050152524,0.9789924212780187,0.9688652165598257,0.9859440788700543,0.965625,0.9992598421053649,0.9293199127017768,0.9458674971126175,0.7592216529735147,0.965625,0.9751589072340373,0.9844391106320844,0.9457879562525047,0.9163339973465925,0.9362456943690349,0.53648852676465,0.933230312818766,0.9777360756347164,0.9555383641697375,0.9610366993022688,0.9610366993022685,0.9282603705051893,0.965625,0.969971840797172,0.8806288736252945,0.9057246972976498,0.76777785850371,0.9403409090909091,0.9582144552981327,0.9978387378693494,0.8214797955300069,0.7771757990417102,0.9732945459124762,0.9937522140875702,0.9552175050422179,0.942546448360206,0.982971410509272,0.9112990802027561,0.9770357682633349,0.9291724979963372,0.8832310600312396,0.9340917055261457,0.9936903555962455,0.8290757896610101,0.9672758151492922,0.9208725034246266,0.9672758151492922,0.855279099076081,0.9302869180633688,0.7821342117290755,0.9610366993022685,0.9582144552981327,0.9625131050152522,0.8021325739678646,0.9957912204911727,0.965625,0.9457879562525049,0.9568599156354454,0.9582144552981327,0.9481608601832736,0.965625,0.9690033562225546,0.926456449323181,0.8546450937171783,0.9458674971126175,0.9625131050152524,0.9960587809365495,0.9992598421053649,0.8568532843697212,0.9529828655437629,0.8803304081752216,0.9610366993022688,0.9332303128187662,0.8465089491503283,0.9517441295565183,0.926456449323181,0.9690033562225546,0.9421085778684013,0.9610243931286575,0.9522302390583732,0.9542468650366518,0.9568599156354454,0.9352318345617441,0.9891608609192484,0.9777360756347164,0.9788493112231098,0.9075125973442776,0.9582144552981327,0.9905189465353295,0.9845214236147153,0.9877180384539761,0.932241742150131,0.967275815149292,0.9827558590699044,0.9582144552981327,0.9582144552981327,0.942546448360206,0.9857542296718134,0.8534003303067277,0.9582144552981327,0.9672758151492922,0.963200230518242,0.9910578376517607,0.915436392877107,0.9622268329997987,0.9582144552981327,0.6741004313249235,0.9493347822888889,0.8916641869793291,0.9186988158234664,0.9582144552981327,0.9022452837148789,0.982971410509272,0.9511134098668175,0.9533455271501621,0.9372689456075767,0.835058139320197,0.9610366993022688,0.9677588596715982,0.9582144552981327,0.9294346520056579,0.9436389526644005,0.8841024249642828,0.7541490119333799,0.9596053879391779,0.8930334991339012,0.9529828655437629,0.9582144552981327,0.9524487759376711,0.9755132836179136,0.9582144552981327,0.9372689456075767,0.8301944662164019,0.9059500308908428,0.9112990802027561,0.9732945459124762,0.9582144552981327,0.9533455271501622,0.969925811697351,0.964040252388596,0.8650374558206403,0.9112990802027561,0.980621523520154,0.9788461913526098,0.7751028022516895,0.9610366993022688,0.9937522140875702,0.9904950340182073,0.9470055188469617,0.9525107890657616,0.9357316532939288,0.8721350978197822,0.9254223119773605,0.9625131050152524,0.6323722594246128,0.9582144552981327,0.965625,0.8051833789629994,0.9490201150415456,0.9141406930557712,0.9404006431802039,0.9555383641697377,0.8682040520995337,0.9596053879391779,0.9555383641697377,0.9505286850464205,0.5702736596001141,0.9517441295565185,0.900512011166277,0.9675591368764067,0.965625,0.9815087400578082,0.9672758151492922,0.9517441295565185,0.9470055188469617,0.9721863819825465,0.5866679472105398,0.9342541377090323,0.8692395034995124,0.9653179186519115,0.8298099072732107,0.9447456538980157,0.9493347822888891,0.9199574485923749,0.9610366993022685,0.9610243931286576,0.9625162230164763,0.8987819282972862,0.6782333744456288,0.9172347260035336,0.9505286850464205,0.9383021271292231,0.8817866859835523,0.9140410790158209,0.7016706444215205,0.9542468650366518,0.915763718888351,0.9101073401299777,0.9910578376517607,0.9458674971126175,0.9470055188469617,0.908781667535224,0.9505286850464205,0.8780124908814335,0.9458674971126175,0.9302869180633688,0.9329331696757048,0.9610366993022688,0.9105050913754529,0.8883730833751753,0.7018004875977801,0.9172347260035336,0.965625,0.9479393131642719,0.9973897225041903,0.49492899945801105,0.982971410509272,0.6109888955508614,0.9542468650366518,0.9625131050152524,0.965625,0.9383021271292231,0.8913241678184745,0.9283593797331273,0.9667798280829099,0.9568599156354454,0.9934978324750829,0.9236430180495621,0.9542468650366518,0.8310976547093887,0.9582144552981327,0.9640402523885963,0.9582144552981327,0.9582144552981327,0.988947390437986,0.9470055188469617,0.9332303128187658,0.9582144552981327,0.9799639456778629,0.991301462930347,0.9302869180633688,0.8634268125825653,0.9022452837148789,0.9552047908760306,0.9675591368764067,0.9199574485923752,0.9888905370951696,0.9529828655437629,0.906597867618917,0.9640402523885963,0.9845214236147153,0.8510887196233301,0.969925811697351,0.9383021271292231,0.9529828655437629,0.9555383641697375,0.907227669702495,0.9640402523885963,0.8194392956731849,0.9610366993022688,0.9637550377043786,0.9493347822888889,0.5626162704182978,0.9470055188469617,0.9481959707955332,0.7296190917631378,0.9701757583840656,0.9892083965651993,0.9342268638258986,0.8714717093867045,0.9493347822888891,0.5541903723469288,0.979958676545309,0.9685938234748075,0.8683043280893408,0.9625131050152524,0.9196272041613351,0.954246865036652,0.844349269618882,0.9519058911033431,0.9568599156354454,0.9511134098668175,0.9393458182324887,0.9690033562225546,0.9211192409449183,0.9815087400578082,0.9199574485923749,0.9235188058142835,0.9493347822888889,0.9236430180495621,0.9326383603933557,0.9582144552981327,0.9625131050152524,0.9312607396704551,0.9582144552981327,0.9235852575057477,0.9843798933538866,0.9555383641697377,0.8895473564972313,0.8930334991339012,0.9470055188469617,0.9755132836179135,0.967275815149292,0.9329331696757048,0.9505286850464205,0.956107714008541,0.9555383641697377,0.905538302592469,0.8883730833751753,0.7115640556679519,0.9458674971126175,0.8532920118076434,0.9420305227777706,0.9162562241355678,0.9983921185766228,0.7495338050235039,0.9664668509189611,0.9235852575057477,0.9383021271292231,0.9672758151492922,0.9868438546677247,0.9596053879391779,0.9188536583074237,0.9410875626877445,0.9553459570547012,0.9568599156354454,0.9306047836741067,0.8803304081752216,0.9690033562225546,0.8972120410206866,0.9552175050422179,0.9322417421501312,0.982971410509272,0.9447456538980157,0.9190462651000917,0.9383021271292231,0.921848569518723,0.9163339973465925,0.9505286850464205,0.9568599156354454,0.9625131050152524,0.9690033562225546,0.9582144552981327,0.933230312818766,0.9275816772658134,0.9777360756347164,0.7448260884056367,0.9582144552981327,0.9721923519809479,0.9010556603551806,0.9701757583840656,0.9910578376517607,0.9208725034246266,0.8298099072732108,0.9839544026299674,0.9060787534309978,0.9404006431802041,0.9701757583840656,0.9764449697232962,0.8322781973853697,0.9640402523885963,0.8021325739678646,0.9998226281102464,0.9610366993022688,0.9814510646731802,0.9273614004407346,0.9438962066300456,0.6728252353298367,0.9690033562225546,0.9517441295565185,0.7062721505681435,0.9582144552981327,0.9059500308908428,0.9048529663349025,0.8463068181818181,0.8846149163346164,0.9493347822888889,0.9443732211437313,0.9732945459124762,0.9568599156354454,0.9625131050152524,0.9542468650366518,0.9568599156354454,0.9568599156354454,0.9332303128187659,0.9582144552981327,0.9542468650366518,0.9236430180495622,0.9582144552981327,0.6155835197053368,0.910107340129978,0.965625,0.9610366993022688,0.9640402523885963,0.9596053879391779,0.9568599156354454,0.9306047836741068,0.8832354238447047,0.9470055188469617,0.9876763021969063,0.9582144552981327,0.971510747264704,0.9610366993022685,0.9458674971126175,0.96554646064133,0.7374009961013608,0.965625,0.9596053879391779,0.8568532843697214,0.9302869180633688,0.6618674289227169,0.9582144552981327,0.9302869180633688,0.848220056750754,0.8929210470837758,0.9030333503116559,0.5758141383112507,0.965625,0.9978387378693494,0.9610366993022688,0.7891506066595859,0.9864559376282898,0.9582144552981327,0.9582144552981327,0.9031133691845501,0.967275815149292,0.8846638418171949,0.9542468650366518,0.9505286850464205,0.9946431408472549,0.9555383641697377,0.9633336735908028,0.9577936870954209,0.9582144552981327,0.9582144552981327,0.929319912701777,0.8930334991339013,0.8021325739678643,0.9552047908760306,0.9827558590699044,0.9112990802027561,0.9174879696874246,0.9710788548916569,0.9936745866415236,0.9833175579709124,0.9582144552981327,0.918138754358939,0.9625131050152524,0.9690033562225548,0.8930334991339012,0.965625,0.9984082365942544,0.9582144552981327,0.9582144552981327,0.9488746411581803,0.64885897378374,0.9555719644192895,0.9843798933538866,0.8940745085655692,0.9172347260035336,0.9404006431802041,0.856357788931753,0.9344686952739127,0.8666320820952819,0.9582144552981327,0.7115640556679514,0.9878167295680607,0.9596053879391779,0.965625,0.9485464508185621,0.8763974382696861,0.926456449323181,0.7018004875977804,0.9593605721085063,0.8841024249642828,0.9582144552981327,0.9969440767479354,0.9109192134561165,0.9922022799705809,0.9346991012692376,0.8809609359529109,0.9517441295565185,0.9840739333532936,0.8617997030267446,0.8556161648936058,0.9306102629156661,0.9617751879160393,0.9542468650366518,0.9672758151492922,0.9362456943690352,0.9436389526644005,0.9833175579709121,0.9625131050152524,0.9568599156354454,0.9425109904577549,0.941467276381333,0.7627282022777627,0.9352318345617441,0.9690033562225546,0.7627282022777631,0.9690033562225546,0.9690033562225546,0.9199574485923749,0.9342268638258986,0.9524487759376711,0.9632002305182418,0.967275815149292,0.9493347822888889,0.7855239202822136,0.8916641869793291,0.9529828655437629,0.9568599156354454,0.9414672763813328,0.9127606676606754,0.9596053879391779,0.954459395331956,0.9322417421501312,0.9587846477856068,0.9721863819825464,0.9582144552981327,0.786609814717561,0.9582144552981327,0.9622268329997987,0.967275815149292,0.9320948271810627,0.9458674971126175,0.8584942110088051,0.9582144552981327,0.9755132836179135,0.9211192409449183,0.9458674971126175,0.9766241092617449,0.9620644010088546,0.9833175579709122,0.9625131050152524,0.992355755240514,0.9466304752226787,0.8402819095372955,0.9247111621301727,0.6702779736260047,0.8773808500958835,0.9690033562225546,0.7978501428016826,0.9582144552981327,0.9163339973465925,0.9425464483602057,0.9900988548597918,0.9199574485923752,0.9162562241355678,0.9582144552981327,0.9568599156354454,0.9864559376282896,0.9235852575057477,0.8194392956731847,0.9174020320874772,0.9317709090158675,0.9582144552981327,0.9611195340498857,0.9255780598322527,0.7348814459346104,0.9582144552981327,0.9888905370951696,0.9529828655437629,0.965625,0.9470055188469617,0.9568599156354454,0.9822746502329287,0.9436389526644005,0.8167114161403318,0.941467276381333,0.9728647695971406,0.9470055188469617,0.9137901132409877,0.9582144552981327,0.8860446315351704,0.9582144552981327,0.965625,0.8902849828282725,0.9048529663349025,0.9690033562225548,0.9393458182324887,0.8907130648110557,0.9840739333532936,0.9910578376517607,0.9582144552981327,0.9675736771626059,0.9912167559423897,0.9032363779712868,0.9945610690582236,0.930286918063369,0.9625131050152524,0.9383021271292231,0.9372689456075767,0.9312607396704551,0.9142379704609405,0.9317709090158675,0.9312607396704551,0.9362456943690352,0.516864703098673,0.9057246972976498,0.9312607396704551,0.9690033562225548,0.9957912204911727,0.9596053879391779,0.947442779108449,0.5849785466746845,0.9372689456075767,0.9458674971126175,0.8298099072732108,0.9302869180633688,0.9470055188469617,0.9293199127017768,0.8786091103284601,0.9667798280829097,0.9493347822888889,0.8451634443215721,0.7348814459346108,0.9650079910895766,0.9686832863606913,0.9274049943645875,0.9245757305468909,0.6997646690171258,0.9596053879391779,0.9610366993022688,0.9890302829209388,0.9559837914106136,0.9404006431802041,0.8281930564402953,0.9450123956047417,0.9625131050152524,0.9640402523885963,0.8961910905435391,0.9963814266559157,0.8023685958797273,0.9845214236147153,0.9383021271292231,0.9525107890657616,0.5968721437737143,0.9372689456075767,0.9582144552981327,0.9365592830429994,0.8185124336423447,0.8209741793753841,0.9450123956047417,0.9492695548843346,0.9640402523885963,0.9332303128187658,0.8979178384019251,0.9436389526644002,0.9732924283946004,0.9393458182324887,0.7205132978929248,0.8944656454039728,0.9713243807559524,0.6434794492601545,0.8718586682882641,0.5849785466746846,0.9309173228584982,0.9383224635159271,0.9552175050422179,0.9596053879391779,0.9256077995825026,0.9404006431802037,0.9610366993022688,0.9487953198046516,0.963592970627815,0.9345630516777264,0.9555383641697375,0.9701343557301771,0.9972357888728779,0.9458674971126175,0.8021325739678647,0.9610366993022688,0.9658991494762944,0.9458674971126175,0.9640402523885963,0.998817981216154,0.5626162704182975,0.9596053879391779,0.967275815149292,0.8439668118375542,0.965625,0.9075125973442777,0.9640402523885963
p8_E,0.8747790258604979,0.7563074904491689,0.9605021604012389,0.8884990470778119,0.9602211523225768,0.3783633287195286,0.8651489736914959,0.8402999971050362,0.9246724996449085,0.9688473520249223,0.9053808215188043,0.9589316626844853,0.9589316626844853,0.6015098136622274,0.8125241819768649,0.9539382344839205,0.8917979759263727,0.9268000951074448,0.9672758151492922,0.0,0.9119161041777393,0.9517679141853164,0.5828836218345715,0.9615452872130625,0.9506503681784948,0.9463456194504825,0.9564441004788364,0.9887119198512566,0.30934579439252086,0.8935656017904772,0.9412650880954543,0.9643133649175286,0.9552408029353749,0.9364368411420323,0.9602211523225768,0.9672758151492922,0.953597979903762,0.8966062547807162,0.9704919301607371,0.8674131849162848,0.9212094218042226,0.9473991727811977,0.920983946319307,0.9317998283510545,0.9564441004788364,0.777261292804509,0.9629078616894176,0.9698382173897018,0.945305581259918,0.9605021604012389,0.9643133649175286,0.8119886545657994,0.9463456194504825,0.9540615556502023,0.9552408029353749,0.9442782351269046,0.9442782351269043,0.960221152322577,0.8479521653438946,0.957673577027655,0.9761261745674081,0.9781086623875049,0.9463456194504827,0.9212094218042226,0.9657671730030435,0.8826391391212,0.9643133649175286,0.9260856807199043,0.9684253652597014,0.8357840905673569,0.7782033441111667,0.992267340798816,0.9602211523225768,0.9007974233889862,0.960221152322577,0.9110833848585063,0.9788198231857258,0.9529044812989522,0.8979763176038495,0.9704919301607371,0.952904481298952,0.6579010970221213,0.9382889399640052,0.9463456194504825,0.960221152322577,0.6812828236110704,0.9788198231857259,0.9183339377987378,0.9169502243571086,0.9589316626844855,0.960221152322577,0.768069779241876,0.8379818769593004,0.9639168532621702,0.9422586572762628,0.9220700353609519,0.7288774911651121,0.956091512537085,0.895143453215967,0.9303375959870628,0.9942420842964468,0.6863064874305005,0.9574863565447541,0.7980251704263758,0.9804836781759889,0.9672758151492922,0.671683336810266,0.8767715147934851,0.9506503681784948,0.9026728454973327,0.7212075690335062,0.9236313915934431,0.9203431471101324,0.7647656869067451,0.9629078616894176,0.8656274904071588,0.6838997519740109,0.9672758151492922,0.9704919301607371,0.9279843845372737,0.9317998283510542,0.7402591560583245,0.9506503681784948,0.7052575329880971,0.926800095107445,0.8792997209978723,0.9615452872130625,0.9505550994291452,0.7212184631640952,0.9336347991328915,0.9415831046189616,0.9629078616894176,0.9643133649175286,0.9704919301607369,0.9564441004788367,0.8941686639616426,0.905289793832148,0.9643133649175288,0.9643133649175286,0.957673577027655,0.9539955032190779,0.9688473520249223,0.9353250363666972,0.9816432122925511,0.7788560373068376,0.9814857905852672,0.9928483866263512,0.9138808918740071,0.9453055812599183,0.8461628292403136,0.9688473520249221,0.9264265757108794,0.840537788134992,0.906939828196573,0.9448229719109482,0.945305581259918,0.8054987287276891,0.9857418255557404,0.9270340353108137,0.8276313301891116,0.8652957284464029,0.9629078616894173,0.8547169780516901,0.8807174319218227,0.9662454225678805,0.7946878175844501,0.9703808325082799,0.8417025656248469,0.9422586572762626,0.9166835378272546,0.6589076603453446,0.9589316626844855,0.9442782351269043,0.8763243374738707,0.9628564332129779,0.9466283176716466,0.5403739491423276,0.8987127601538669,0.8945707776353959,0.8692793046054161,0.930891276111959,0.9571805908603364,0.9442782351269046,0.9589316626844853,0.8896682568954878,0.8051714798718451,0.9279843845372737,0.9229339640663332,0.9540615556502023,0.885305397155866,0.9576735770276548,0.9735615243851738,0.8125986986748956,0.8707511192158015,0.9264265757108794,0.960221152322577,0.9615452872130625,0.9576735770276548,0.9220700353609519,0.9063779890105812,0.9942598295392804,0.9589316626844853,0.960221152322577,0.9781888097246554,0.9061368756587873,0.9688473520249223,0.960221152322577,0.906414271134099,0.9336347991328915,0.9550108469657219,0.9270340353108139,0.925547493015499,0.9589316626844853,0.960221152322577,0.8871895921957204,0.960221152322577,0.9602234796669928,0.9483842914986946,0.9805140790524414,0.960221152322577,0.9308487984769921,0.960221152322577,0.9017356045997869,0.9273099638694318,0.6322376206612297,0.9445948948871477,0.9629078616894173,0.8561165010554979,0.957673577027655,0.9836543654419934,0.9517679141853164,0.9244746277195348,0.8727724895979359,0.8420957316791525,0.9643133649175286,0.9212094218042227,0.9144243194673916,0.9238013891436974,0.8935106636660324,0.9336347991328915,0.9872125588573133,0.9564441004788367,0.7402591560583245,0.9576735770276548,0.960221152322577,0.9238013891436974,0.960221152322577,0.8628649277589691,0.8520541619694206,0.9643133649175286,0.9432628256129658,0.856116501055498,0.9615452872130625,0.9857418255557404,0.9506503681784948,0.8107573076511435,0.9053808215188042,0.8913167644457047,0.9629078616894176,0.7720285418493837,0.9405885046495401,0.9157488137956813,0.9589316626844855,0.9657671730030437,0.9140775063776232,0.9704919301607371,0.9828221665728859,0.8694930837030936,0.9473991727811977,0.9804836781759891,0.765297998201516,0.9643133649175288,0.9194920767890469,0.9477699980021126,0.8614494698822028,0.9672758151492922,0.9026728454973327,0.8021478040599921,0.948467140918744,0.9808061948240677,0.9672758151492922,0.9607483250129105,0.8903892529283981,0.9657671730030435,0.8442596155053426,0.8311012003946947,0.9629078616894176,0.9918036979367357,0.8846162930362216,0.957673577027655,0.9629078616894176,0.9493957255905623,0.8380544030567041,0.5403739491423276,0.9132855915638285,0.925139185826386,0.9539382344839205,0.8955695716330779,0.9672758151492922,0.8751938654120851,0.992267340798816,0.5753248895108022,0.9448229719109482,0.8807174319218227,0.9854926765128265,0.8616993128705427,0.945305581259918,0.9345618542101832,0.8566477616876667,0.9290905740347992,0.9528733312996052,0.8277973742576541,0.8792997209978722,0.9082817858847674,0.7698199943194903,0.9688473520249221,0.9735615243851741,0.5155763239875379,0.9364368411420321,0.9872125588573133,0.929090574034799,0.9629078616894176,0.960221152322577,0.9643133649175286,0.8336818782271087,0.9463456194504827,0.9672758151492922,0.9398072791970183,0.8011809317019498,0.960221152322577,0.9506503681784948,0.967275815149292,0.9704919301607371,0.9299882837258,0.9202699747905216,0.7235063906986443,0.9643133649175288,0.9064142711340988,0.9759727047473508,0.7090427957190417,0.9552408029353749,0.7872929989765258,0.9493957255905626,0.9364368411420325,0.9680270476887273,0.9735307058746405,0.9299882837258,0.9704919301607371,0.8870801309378662,0.675995161295041,0.8614494698822031,0.9676769377237683,0.9589316626844855,0.8348942268132545,0.9539382344839202,0.8846162930362216,0.885584350726123,0.8166721374016904,0.960221152322577,0.9241944187271152,0.9354957453078971,0.9505853404005387,0.7907746610627938,0.9688473520249221,0.9166835378272546,0.960221152322577,0.960221152322577,0.9453055812599183,0.9246724996449085,0.7961828659639223,0.960221152322577,0.6186915887850455,0.960221152322577,0.8311012003946949,0.919497451312518,0.9169343421262848,0.957486356544754,0.940281523787128,0.9094075605567683,0.9791810757520107,0.9571076366744766,0.960221152322577,0.9497216571784262,0.6863876863023032,0.8603930719852717,0.8625009993910637,0.9434430901748678,0.8577866289022805,0.9629078616894176,0.8757769776139173,0.960221152322577,0.8392345523720052,0.9463456194504827,0.9682054761806351,0.9770392548301761,0.9615452872130625,0.9413267702568655,0.5262238990709426,0.960221152322577,0.9186457666042604,0.8826723723783979,0.960221152322577,0.9984192168061299,0.9479406386383253,0.9889940006742803,0.8206465546456467,0.8807174319218227,0.960221152322577,0.9962665127840862,0.9183299651833594,0.9657671730030435,0.999187095488433,0.9633462031022335,0.9774358012844695,0.9281978840490726,0.965073786007691,0.9629078616894176,0.9674296364846791,0.9550108469657219,0.9168592415074233,0.9232512503966037,0.7675768528933735,0.9395982191649281,0.9495505106234363,0.9643133649175286,0.9902272378284808,0.960221152322577,0.967275815149292,0.788286512604871,0.9253480765407989,0.9529044812989522,0.9355758535992392,0.957673577027655,0.8380544030567041,0.9615452872130625,0.957673577027655,0.952904481298952,0.9574863565447541,0.9540615556502023,0.9900170323228481,0.7819933519134993,0.967275815149292,0.9176189154668901,0.9688473520249221,0.9540615556502021,0.6496787457691413,0.9508839751252371,0.9517679141853161,0.9688473520249221,0.907962245660486,0.9571380145076699,0.9605021604012389,0.9473991727811977,0.9517679141853164,0.9723047356695362,0.5986100747104802,0.9364368411420321,0.9686270243184087,0.9456088940393095,0.948467140918744,0.9686270243184087,0.952904481298952,0.9412650880954543,0.8262875324250604,0.8571935243607931,0.8773022684895421,0.9564441004788364,0.962304331780133,0.8607697261175814,0.9967052595559542,0.948467140918744,0.9495505106234363,0.8180076324411969,0.952904481298952,0.9607483250129107,0.948467140918744,0.9336347991328913,0.8781669771911615,0.423217249270439,0.9166835378272549,0.969625418100027,0.9902416640337588,0.9212094218042226,0.9342541377090324,0.8604028387223072,0.9152641503417582,0.9657671730030435,0.9029879488665962,0.9564441004788364,0.5882821287367913,0.9643133649175286,0.9672758151492922,0.587431740015947,0.8084196111143453,0.9317998283510545,0.9589316626844853,0.9611058687776595,0.8979763176038495,0.9223125238854547,0.9564441004788367,0.730973834206373,0.960221152322577,0.9657671730030437,0.960221152322577,0.960221152322577,0.8941961293283134,0.9495505106234363,0.7313620180897445,0.960221152322577,0.8865499284062763,0.9101481973477739,0.9336347991328916,0.8840034072762032,0.9497216571784262,0.9550326616655347,0.7819933519134993,0.9238013891436974,0.9120142963323286,0.9552408029353749,0.9110833848585063,0.9657671730030437,0.9902416640337588,0.8614494698822026,0.9260856807199043,0.9412650880954541,0.9552408029353749,0.957673577027655,0.8859836480030538,0.46767954019732716,0.9186457666042604,0.9629078616894176,0.6957845084090475,0.9517679141853161,0.9473991727811977,0.9495505106234363,0.9194920767890469,0.940281523787128,0.9761261745674079,0.9495505106234361,0.9373855340691764,0.9629078616894176,0.9517679141853166,0.9615452872130625,0.9612305818481929,0.9270340353108137,0.863672985459719,0.9643133649175288,0.9660513766874224,0.9564441004788369,0.960958390827874,0.7288774911651122,0.9589316626844853,0.8603930719852722,0.9980151413438715,0.9704919301607371,0.8308063456911845,0.9176189154668901,0.9238013891436974,0.8332553309128998,0.8399952979278096,0.9273099638694315,0.9507653510800258,0.960221152322577,0.9643133649175286,0.9345618542101832,0.9602211523225768,0.9110230653978576,0.9517679141853159,0.957673577027655,0.9980151413438714,0.8011999848286614,0.9495505106234363,0.882672372378398,0.9688473520249223,0.842730482859241,0.952904481298952,0.9356763192142938,0.957673577027655,0.6743768413548519,0.8607374764874878,0.9056319216938425,0.985927565404734,0.9694876176253535,0.9061143838323409,0.8258023149199941,0.932771007121397,0.9364368411420321,0.9045448781262264,0.792426963303995,0.9412650880954538,0.5155763239875379,0.9812882646010125,0.9535979799037624,0.98568734720597,0.9238013891436974,0.9161060738860443,0.9589316626844855,0.8758841588239132,0.9878873607719469,0.9209839463193068,0.9476534130774978,0.9629078616894176,0.9354957453078971,0.7946878175844501,0.9473991727811977,0.9229339640663332,0.7052575329880971,0.9506503681784948,0.9203519494821842,0.952904481298952,0.9589316626844853,0.9643133649175286,0.5954115757594403,0.960221152322577,0.9364368411420321,0.9748025681490502,0.8846162930362216,0.670512526574828,0.960221152322577,0.9085936746436278,0.846231974218779,0.9761261745674079,0.9393074128728374,0.9246724996449085,0.7228317691823951,0.9925034861602795,0.8848823820926706,0.6932532120236474,0.9264265757108794,0.9213692074375961,0.959385510350397,0.9657671730030437,0.6881718386495925,0.9442782351269043,0.9629078616894176,0.7448986425205788,0.8124598227993508,0.9961565139931365,0.9576735770276548,0.9704919301607371,0.9540615556502023,0.9442782351269046,0.5460239008814076,0.9138808918740071,0.9528733312996052,0.9672758151492922,0.960221152322577,0.9517679141853164,0.8539459738780028,0.8807174319218227,0.9589316626844855,0.9643133649175286,0.9564441004788367,0.9589316626844855,0.9589316626844855,0.9364368411420323,0.960221152322577,0.9564441004788367,0.9273099638694317,0.960221152322577,0.9203222717282123,0.8158085352345761,0.9672758151492922,0.9629078616894176,0.9657671730030437,0.9615452872130625,0.9589316626844855,0.8404071783150318,0.9279843845372737,0.9836543654419936,0.8754775406461837,0.960221152322577,0.9223125238854549,0.5986100747104803,0.948467140918744,0.8737775624853952,0.9281978840490723,0.9672758151492922,0.5293143154878844,0.9812882646010128,0.9592096814182649,0.9812882646010125,0.9602211523225768,0.9336347991328915,0.7782033441111667,0.9998220154184709,0.98568734720597,0.952904481298952,0.9342541377090323,0.8049861069750196,0.9629078616894176,0.872186686470417,0.9138808918740071,0.960221152322577,0.6283163920140769,0.9077662249784124,0.9688473520249223,0.7920701087559872,0.9564441004788367,0.952904481298952,0.8989178714642767,0.957673577027655,0.871763708415827,0.8666606520185522,0.960221152322577,0.960221152322577,0.9327142329596738,0.9115456612205783,0.78517853170127,0.937886842012825,0.9166835378272546,0.8206465546456466,0.7889020793904015,0.8787507296974193,0.9473991727811975,0.9612634641352691,0.960221152322577,0.9220700353609519,0.9643133649175286,0.9704919301607371,0.8011999848286615,0.9672758151492922,0.9045448781262264,0.960221152322577,0.960221152322577,0.8582652152099643,0.8751938654120851,0.958811427370698,0.9517679141853164,0.9949312819359694,0.8417025656248469,0.9432628256129658,0.9212094218042226,0.9073482152003542,0.8486444096037387,0.960221152322577,0.7448986425205786,0.8932471373037336,0.9615452872130625,0.9672758151492922,0.9550108469657219,0.885584350726123,0.9299882837258002,0.736028742336932,0.9615452872130625,0.9925259141767913,0.960221152322577,0.9007974233889862,0.7360287423369322,0.9212094218042226,0.8522762517656468,0.9850995955881403,0.9735307058746405,0.925547493015499,0.7665094653859823,0.9657671730030435,0.8970707874646666,0.8921400493540419,0.9564441004788364,0.9688473520249221,0.9967052595559542,0.9463456194504825,0.8894326889463282,0.9643133649175286,0.9589316626844855,0.9445948948871477,0.9442782351269046,0.9872125588573131,0.9383422423783938,0.9704919301607371,0.7984764022449997,0.9704919301607371,0.9704919301607371,0.9791919178046249,0.9934000968343186,0.9186457666042604,0.9602211523225768,0.9280373831775702,0.9517679141853164,0.9517679141853161,0.836565878095998,0.9552408029353752,0.9589316626844853,0.9942420842964468,0.9627660172534371,0.9615452872130623,0.8635477725273677,0.9354957453078974,0.8616255760827238,0.8797355977355369,0.960221152322577,0.7228317691823951,0.960221152322577,0.9061368756587873,0.9688473520249223,0.9881161094061227,0.948467140918744,0.9649817692440883,0.960221152322577,0.8826723723783978,0.8308063456911845,0.948467140918744,0.8836456641177746,0.9007974233889862,0.8894326889463282,0.9643133649175286,0.969625418100027,0.8788539781850342,0.9193391628916547,0.9056710439994939,0.9168592415074228,0.8216680194428498,0.9704919301607371,0.5828836218345714,0.957486356544754,0.9203519494821841,0.945305581259918,0.9110812357914193,0.9238013891436974,0.8258023149199941,0.960221152322577,0.9589316626844855,0.9138808918740071,0.8319589973352826,0.9884981945888781,0.8603930719852719,0.841572437337619,0.960221152322577,0.8697346212836399,0.932771007121397,0.8884990470778118,0.960221152322577,0.9120142963323286,0.8966062547807162,0.9672758151492922,0.9495505106234363,0.9589316626844855,0.8548305506210706,0.9463456194504829,0.919497451312518,0.6868436814132018,0.9281978840490723,0.8500641175728523,0.8232442102979091,0.960221152322577,0.9432628256129658,0.960221152322577,0.9672758151492922,0.7982162294178603,0.9528733312996049,0.9704919301607371,0.9422586572762628,0.8344672026399327,0.9748350526392389,0.9393074128728374,0.960221152322577,0.8686292480608163,0.8960891990394331,0.9636376010830712,0.999822015418471,0.9336347991328917,0.9448229719109481,0.9412650880954543,0.9402815237871283,0.9345618542101832,0.9616288436298466,0.8415724373376191,0.9345618542101832,0.9393074128728374,0.9643133649175288,0.9102521474185268,0.9345618542101832,0.9704919301607371,0.9463456194504829,0.9615452872130625,0.9150035043198985,0.64125599462624,0.9984192168061301,0.6579010970221213,0.915264150341758,0.9336347991328915,0.9495505106234361,0.9857418255557404,0.9453055812599183,0.9589316626844853,0.9788198231857257,0.8884740070227128,0.7163055070284615,0.9808061948240677,0.9064142711340988,0.9308912761119588,0.7683999834433902,0.945305581259918,0.9535979799037622,0.9629078616894176,0.9229339640663332,0.9456023969539062,0.9961565139931365,0.9432628256129658,0.9220700353609519,0.9643133649175286,0.9657671730030437,0.9011763798631671,0.942258657276263,0.9435799850953349,0.8455205797886557,0.9412650880954541,0.8847021819311651,0.9506503681784948,0.9434430901748682,0.9602211523225768,0.8679186029030668,0.9690469718238905,0.9632036283196386,0.9698382173897018,0.8822041938925775,0.9657671730030435,0.7313620180897453,0.9028202028772294,0.9463456194504825,0.9676769377237684,0.8188365372042742,0.9839553731674051,0.8995337970065294,0.9051061063985827,0.9529044812989522,0.8780124908814331,0.8811434002398049,0.9185177899680333,0.969625418100027,0.9629078616894173,0.9615452872130625,0.9550108469657219,0.9432628256129654,0.9629078616894176,0.9854926765128265,0.932771007121397,0.8633929371948172,0.6531584784210591,0.957673577027655,0.9054798572912144,0.7891116843751679,0.9238013891436974,0.5986100747104808,0.9289368665380615,0.5922958033455992,0.9657671730030437,0.9161060738860443,0.9473991727811977,0.5293143154878844,0.9688473520249223,0.9976243215493139,0.9672758151492922,0.9303375959870628,0.9657671730030437
p8_S,0.7127730875117013,0.9747903462373966,0.5612785756306001,0.9011211804466382,0.9009458271885945,0.9630587443532561,0.7441017138739867,0.8068259526912465,0.8079564670345298,0.911916104177739,0.8668377479090332,0.9181361257449083,0.8763244883251148,0.975930324917138,0.9994001283587983,0.7858746579229645,0.9093531537683386,0.581080734243557,0.9074725945748126,0.9119161041777393,0.0,0.8687449460159979,0.9137210365309753,0.9276228731395861,0.9645875202038655,0.8482926115779139,0.9093531537683386,0.954164037712649,0.956091512537085,0.7444172485569491,0.9348824782192033,0.8673433704742712,0.5870620716294774,0.9151540358479076,0.8656910624567928,0.9659713261039601,0.8912695666285131,0.9051786368334236,0.9165661374366312,0.9941825170213003,0.3086461183819036,0.9341488407711955,0.9630587443532561,0.9870899410739393,0.895603902985638,0.5559063292218188,0.9326920846792619,0.8205821124942525,0.9674382549942214,0.8766919365111492,0.8990962871160681,0.5797579320846151,0.8482926115779139,0.8701093676023477,0.9361465845612335,0.6307851156375613,0.9731841775797108,0.8875255844205965,0.9711727424551835,0.947011403316081,0.8132633613980016,0.7679196856003525,0.9569834028500146,0.5930432677310606,0.8540770981599277,0.8140125650139831,0.976949734585955,0.7143561493018507,0.6475256104577407,0.9496579543485548,0.8499499483575264,0.6197628486421991,0.9714553566521972,0.7257644597929449,0.8875255844205965,0.4986559962830449,0.8092714034168127,0.6778243859534658,0.7021849765583073,0.9165661374366312,0.9579053211365331,0.9948203747824236,0.8367367544106024,0.5539080364255319,0.8875255844205965,0.9583362178150991,0.9230976548868548,0.9895225432163537,0.902572313932593,0.8838795614232458,0.8875255844205965,0.9876457733161693,0.6332893001393844,0.7451386401842763,0.8879111240034911,0.8819749320301614,0.9954303117928919,0.4920526014865646,0.7562347227706143,0.8154166722761891,0.9205073988193799,0.8951222364985463,0.9227803491523987,0.9453882923962514,0.8011893292304179,0.9074725945748128,0.8159437393068667,0.7489045408211739,0.8896222955608053,0.8095942186413339,0.9578807788276258,0.9894003837489755,0.8023210102730125,0.9525176024569759,0.8951222364985463,0.7320585361912331,0.901129424834398,0.9074725945748128,0.7579856141469954,0.8701578788604758,0.8746365330600943,0.9917448376173101,0.9937455570509314,0.8339274444513161,0.9841561006680397,0.8132426037306952,0.9276228731395861,0.7943139531861232,0.9181361257449083,0.9271185702218607,0.877216542207568,0.8418888262364448,0.8673433704742712,0.9165661374366314,0.895603902985638,0.7753124745435708,0.8229521249189553,0.9451968179441582,0.8990962871160679,0.8803223329648364,0.6992462184923385,0.9119161041777393,0.9208363590634634,0.7212461542378537,0.9969696969696971,0.8241043043187446,0.8798044295135008,0.7951136913465442,0.8720961728433063,0.6772070825731952,0.9997330791035689,0.9197218997673802,0.8643267223067477,0.6216442088328664,0.9380230108510117,0.8720961728433063,0.945384522943812,0.7586185471144051,0.8839520920898094,0.8772468662135613,0.7257926528465417,0.9921682189593071,0.920862119626535,0.7603431207652829,0.5667225768871849,0.9762409920253641,0.9128648413621816,0.7352418424056413,0.8562170280320661,0.7546993892925005,0.9748902772283725,0.9105810526467774,0.9214622648996273,0.8433822807873228,0.9758308583147581,0.9991814490064828,0.9918433141222975,0.8537363071580715,0.9610681668260275,0.8373957982954756,0.9949533978074595,0.9246105994101457,0.8951238755194624,0.9181361257449083,0.7721527027386216,0.9744797882826632,0.8030837593174676,0.843954053165622,0.8701093676023475,0.9945069914855453,0.8803223329648364,0.9407101184880903,0.6473883059837806,0.7164112166988115,0.8345550690718768,0.8875255844205965,0.8912695666285131,0.9136668681404589,0.8819749320301613,0.5860100784443905,0.7797903006735185,0.9523926900665713,0.8875255844205965,0.561247764357736,0.761889844253411,0.9119161041777393,0.8875255844205965,0.7733486018923039,0.8123528553952015,0.7862266439129355,0.7167986651173421,0.6615190908818653,0.8763244883251146,0.8875255844205965,0.7810097373040275,0.8875255844205961,0.8137608429104817,0.5898067303983154,0.6177705753814415,0.8875255844205965,0.9177767469577367,0.8875255844205965,0.8327001027233147,0.9018409861019707,0.9309657142919867,0.5231174188185579,0.917028522597876,0.6597187605367683,0.8803223329648362,0.9145855552030098,0.8636241122876704,0.9410136074412561,0.9346303271772145,0.8002106857634848,0.6337830280646113,0.777220187281519,0.8350822999687468,0.7583081247668162,0.7469674370258648,0.8123528553952015,0.8353059983605324,0.8768459965606676,0.9895396915013859,0.8803223329648371,0.8875255844205965,0.9507827454070608,0.8875255844205965,0.8233800369704116,0.950071713187193,0.976949734585955,0.9174357591301507,0.6899680126550254,0.8912695666285131,0.9687720895470728,0.8771134096626676,0.9578137115351308,0.8903153901509668,0.8112497943541317,0.8951222364985463,0.9973431772230066,0.6333053203193721,0.8167466059629396,0.8838795614232458,0.9436595831253995,0.64086642484642,0.9165661374366312,0.9315219368567726,0.8840699363674318,0.9617746122600854,0.8835288032036603,0.9920336524655371,0.976949734585955,0.8115618995075633,0.7032800594003916,0.7655454492163515,0.9074725945748128,0.778191969697777,0.8779023017675658,0.9489679548235488,0.947050277521269,0.9074725945748128,0.6696554207626729,0.7116426723259277,0.903206919382465,0.4588028465257199,0.8765314815193934,0.8951222364985463,0.8476498988282525,0.6951813098759532,0.986299526332675,0.7291792816942984,0.9702619328599775,0.6394969277021323,0.9496579543485548,0.858299901948472,0.7119133112756482,0.48642712382210096,0.832913150053096,0.949657954348555,0.8656910624567931,0.9674382549942214,0.8803223329648366,0.8990962871160681,0.684082375690594,0.9563118262732424,0.9326920846792617,0.5662743245880426,0.8613707440299998,0.6841271393382335,0.9087994561795325,0.9672694812248981,0.8508607568503288,0.9743288802378962,0.9671360416890029,0.9991462254130037,0.9555576707442226,0.8079564670345303,0.956091512537085,0.9151540358479076,0.950071713187193,0.7195963004621957,0.895122236498546,0.8875255844205965,0.8990962871160677,0.7845489569349902,0.79846231678776,0.9074725945748128,0.9754350893887316,0.8838795614232453,0.8875255844205965,0.8604642587137392,0.9074725945748123,0.8509708279802457,0.9123520879799727,0.8461994768355618,0.9489679548235488,0.8990962871160681,0.7891659353887512,0.5466596780157493,0.9479383692549368,0.8734436811123554,0.6297273304441153,0.8951222364985463,0.8677148227831395,0.6022161907788806,0.9321494820664495,0.8241043043187439,0.9165661374366314,0.6322892061518588,0.9425283249577884,0.6596730668024531,0.9418603109760093,0.8838795614232458,0.9228104379814754,0.8607365414481816,0.7257926528465415,0.7285805023138581,0.5807348285888208,0.8875255844205965,0.7922854924732086,0.9583362178150991,0.8890768998953856,0.8645218511266486,0.9997330791035689,0.6736669520228575,0.8875255844205965,0.8875255844205965,0.9255846968974637,0.8707898206538749,0.85774156033134,0.8875255844205961,0.911916104177739,0.8656910624567932,0.9994799761556172,0.4265321301126578,0.6860921316624118,0.8875255844205971,0.9696003364405514,0.9579552599147754,0.534733735774618,0.6126347585035279,0.8875255844205965,0.5300038115869121,0.906646021763377,0.7020529183894046,0.692904460297681,0.9556796984244671,0.8682937256519119,0.6916094335135818,0.7004355872017336,0.8875255844205965,0.6427690402350632,0.9569834028500148,0.8730906309922677,0.6213634189094488,0.9639761796506592,0.5860163253293639,0.9678815402823022,0.8875255844205965,0.929092563899421,0.7354788333608963,0.8875255844205965,0.9307730433794734,0.7735317441876093,0.593484175736925,0.5915879003244746,0.7145866737204691,0.8875255844205965,0.9289384577028119,0.7643463403034834,0.9841122468683339,0.8198527527984403,0.9463216498772156,0.7944694276080908,0.8403066532658041,0.7924455217869499,0.8951222364985463,0.9361433667145862,0.767407766023356,0.913721036530975,0.8226287974104358,0.9956055438866492,0.5857625949469528,0.8859699871586741,0.8990962871160679,0.9569834028500148,0.8875255844205965,0.949657954348555,0.702422559669531,0.8166177981798781,0.9206712478934664,0.8395760334095799,0.8803223329648369,0.8829893739321417,0.963976179650659,0.8803223329648366,0.951027105635967,0.8875255844205971,0.9321494820664493,0.5236869337785592,0.9407101184880903,0.949657954348555,0.80606184672747,0.911916104177739,0.9321494820664495,0.91458555520301,0.8336922975960701,0.9876920312143679,0.8672068540255302,0.7428096845889713,0.8613707440299998,0.9154525908462012,0.9341488407711953,0.6308507756192588,0.737528901207807,0.9170285225978759,0.8002106857634853,0.9194187619560976,0.8409625948076613,0.9489679548235488,0.8991046798597293,0.8668377479090335,0.8339274444513167,0.9177898114387055,0.8896119998203962,0.9782468921957623,0.9093531537683386,0.995671847728585,0.9530386083538385,0.9513406259898936,0.8542911987973543,0.8859699871586744,0.5843784667403217,0.9882611788790332,0.6202529859460069,0.8823970339943681,0.973024856152525,0.8009922364213401,0.9326920846792617,0.8401384243592849,0.6473883059837806,0.9114290344708738,0.9803610082452028,0.9074725945748126,0.9367130463442996,0.7991706278410444,0.903206919382465,0.8613707440299998,0.8768459965606679,0.7980824313626267,0.8990962871160684,0.9074725945748128,0.9853599951031462,0.5739106979702608,0.428152337254069,0.9523926900665716,0.8078113596817893,0.7800497259731576,0.9447896094995221,0.8768459965606672,0.7564224878052461,0.8875255844205965,0.9032069193824652,0.8875255844205965,0.8875255844205965,0.7534834928777281,0.8573544191143385,0.9863128554450593,0.8875255844205965,0.7313634455284495,0.8001627823135324,0.8353059983605329,0.9217171823170109,0.5300038115869121,0.7723847789690537,0.9407101184880904,0.7845489569349902,0.8056762111464635,0.8734436811123554,0.9503090656329534,0.903206919382465,0.8410682594545356,0.6445484407433254,0.7810097373040275,0.8884462126869945,0.936913592554492,0.8803223329648369,0.9924993768103951,0.903206919382465,0.9515666156804521,0.9326920846792619,0.9747751557193851,0.86362411228767,0.8512715263045252,0.7420276282649599,0.8442264772834189,0.8560530782444924,0.8345550690718773,0.9137210365309751,0.8469551213589277,0.8951222364985463,0.8933608835872631,0.9276228731395864,0.8324674078778129,0.8505214066953162,0.5216421871000837,0.8990962871160681,0.5477262562038011,0.8768459965606676,0.6929044602976813,0.7082340845993287,0.9866492543882339,0.7020529183894046,0.6771067344569559,0.9165661374366314,0.5735968154829241,0.7735670207425511,0.8468866276120166,0.6262242074090227,0.8984817173155905,0.794469427608091,0.8681578405822041,0.8875255844205965,0.8990962871160679,0.8381724206093377,0.9227803491523987,0.5282524000935502,0.8636241122876698,0.9136668681404587,0.8367367544106028,0.7593505662994403,0.942336604575311,0.720201132059632,0.734680628947491,0.7435693924479627,0.8668377479090335,0.859507295140663,0.8803223329648369,0.936913592554492,0.7150826106836701,0.973024856152525,0.920862119626535,0.6838556153892255,0.8439631906552041,0.6210638806364915,0.8337863173051416,0.9863128554450595,0.7836773438703593,0.5621240824295664,0.8339274444513161,0.911916104177739,0.9062714465097337,0.9276228731395866,0.7016732329485866,0.909224298289043,0.8017951474918701,0.8838795614232455,0.6308249725784691,0.5334127892865522,0.9904486487301195,0.7866542948465947,0.895122236498546,0.7602206821195505,0.9994393154460264,0.5685872724287833,0.9676695223923983,0.9348824782192031,0.8896222955608051,0.7814981994642232,0.556400954983465,0.9866492543882339,0.8990962871160679,0.9630587443532561,0.8875255844205965,0.8202756097183714,0.4390865011465621,0.633958623934777,0.9909376552202114,0.8875255844205961,0.7785826689759494,0.5465054283492699,0.9197218997673804,0.9994799761556171,0.47993219194623016,0.9682654461486433,0.755201089894644,0.904522048186255,0.823031821801283,0.9951112695371161,0.7842405144014877,0.6641125742482723,0.9436595831253995,0.909224298289043,0.9731841775797108,0.8951222364985463,0.973024856152525,0.850970827980245,0.865529275316437,0.9136668681404589,0.8509708279802457,0.6025496594527784,0.8424470967591315,0.8875255844205971,0.7382899440592623,0.5115166905832741,0.9074725945748126,0.9580351138842003,0.9579552599147754,0.638470134122997,0.7145866737204691,0.8838795614232458,0.9451968179441582,0.8768459965606674,0.8838795614232458,0.8838795614232458,0.8914344293155234,0.8875255844205965,0.8768459965606676,0.7944694276080912,0.8875255844205965,0.892756284429521,0.8928675067898602,0.8816006065564745,0.8951222364985463,0.9841122468683341,0.9996705138382683,0.8838795614232458,0.7068180907852641,0.7192411098887073,0.9995677406639827,0.7281757285054695,0.8875255844205965,0.9478388320065988,0.9921682189593071,0.6960154380504241,0.694723283157511,0.9486232470547771,0.8816006065564745,0.9276228731395861,0.8604642587137394,0.927118570221861,0.9187803324078709,0.8875255844205967,0.8123528553952013,0.9228104379814754,0.9853599951031464,0.8188988989788226,0.9882611788790332,0.949657954348555,0.940693992967143,0.8951222364985463,0.9447896094995218,0.8272927509737296,0.8875255844205965,0.8875255844205969,0.5239435071085587,0.9119161041777393,0.5938698782312141,0.8768459965606676,0.8903153901509672,0.7204298323354348,0.8803223329648369,0.6434792643245109,0.6744546593682457,0.8875255844205965,0.8875255844205965,0.8324674078778131,0.7679196856003524,0.909224298289043,0.6653451063226765,0.7871123642003577,0.6070111068267678,0.6337557873923253,0.7241760391969401,0.9553480732732442,0.7089127128523183,0.8875255844205965,0.9024392052087975,0.8990962871160679,0.9165661374366312,0.5387433505193435,0.9074725945748128,0.6891313942503179,0.8875255844205965,0.8875255844205965,0.6960328842776857,0.9580351138842003,0.6685751599882945,0.9282184886151831,0.5477262562038014,0.38990244676737673,0.8914825172232943,0.7975342693778877,0.6968219349407831,0.6574340657489703,0.8875255844205961,0.9351625719861467,0.7198046581441435,0.8912695666285131,0.9918433141222973,0.842683277581673,0.8730845391106072,0.9123520879799729,0.9817898094872117,0.8906105943050503,0.6053967396972237,0.8875255844205965,0.7727073819487122,0.8879754427987612,0.8178483514742558,0.8948790039760577,0.5249776781082988,0.8701093676023468,0.9584075475414582,0.9427046227130388,0.9436595831253993,0.6133751835959249,0.8479754499688923,0.9931253746086496,0.9113822623848761,0.82839213135367,0.9343258058778852,0.8320042389409579,0.8990962871160679,0.8838795614232458,0.8505010955820085,0.8424470967591313,0.8812122842911967,0.8256631184828769,0.9630587443532561,0.9041654272565287,0.9165661374366312,0.9165661374366314,0.9661003603569039,0.8469551213589281,0.8893122904260451,0.8875255844205969,0.8672068540255295,0.923097654886855,0.9528344261864472,0.9451982637011825,0.5870620716294787,0.9181361257449085,0.8424470967591313,0.7848051900556161,0.8912695666285133,0.77151860941604,0.8879754427987612,0.9980710243347379,0.940374176463707,0.8875255844205965,0.9876457733161693,0.9580351138842003,0.8376875568444102,0.911916104177739,0.9277223017843542,0.8542911987973543,0.9857027046883549,0.8875255844205965,0.6590903268545776,0.6194709609028003,0.9667145395854095,0.7229996214123071,0.6788215376371776,0.7396855943744783,0.8990962871160679,0.7617310801958079,0.8519383140160721,0.6959278699359268,0.7210838127268315,0.9145855552030098,0.9752483304510675,0.9165661374366314,0.9432011232473456,0.8656910624567933,0.9159749071559296,0.9674382549942215,0.8029179700430695,0.7845489569349902,0.6057116339401245,0.9580351138841998,0.8838795614232458,0.7790241615329512,0.5451882412615585,0.909202427162733,0.7020529183894046,0.6492610173912654,0.8875255844205965,0.7135040605153411,0.5011013361641949,0.975930324917138,0.8875255844205965,0.6775463822410459,0.9361465845612335,0.9074725945748128,0.8573544191143385,0.8838795614232458,0.5927838725515269,0.9886712015139354,0.8524884293326294,0.868785486139297,0.9213968403984547,0.7420276282649605,0.5833110121380047,0.8875255844205965,0.8914825172232941,0.8875255844205965,0.9074725945748128,0.9103047281787592,0.8555808037552213,0.9165661374366312,0.9134983087999358,0.6143187696222674,0.7894860535073802,0.9503005783011279,0.8875255844205965,0.8179952778796449,0.727930358070537,0.9037541039178857,0.9389237295709384,0.6597248564021603,0.8990962871160684,0.7370136620351653,0.90586638833448,0.8149740971886754,0.8017951474918708,0.6188816890533115,0.8149740971886754,0.6798138901014374,0.8990962871160684,0.5051425947034052,0.8149740971886754,0.9165661374366312,0.9343258058778853,0.963976179650659,0.8794520123294854,0.8838795614232455,0.8311464231994989,0.8365446140354933,0.7797903006735187,0.6367717134368288,0.8859699871586739,0.8324674078778136,0.8720961728433063,0.8763244883251148,0.9528344261864474,0.6293325377597561,0.9513406259898936,0.49623011095823466,0.8524352693745383,0.8268679007812392,0.4231405089691789,0.8872054689129856,0.9639761796506587,0.8951222364985463,0.8645732980367511,0.7048706064774894,0.8395760334095803,0.8230318218012832,0.9842962979233425,0.8990962871160679,0.9032069193824652,0.7205769003047411,0.8367367544106024,0.7956422390941121,0.8879754427987612,0.9641624880129099,0.7235404125038605,0.9770964061020024,0.8560530782444931,0.8875255844205967,0.9724528023777914,0.6559903024578375,0.9421085778684011,0.9229034783874339,0.890907256916244,0.9754350893887316,0.8239302922958687,0.7431214123363912,0.8482926115779139,0.8630967457779677,0.9585657672178425,0.8584765156669927,0.7159325086838659,0.652890346249172,0.8668377479090332,0.8167466059629394,0.9181361257449083,0.9621833967225218,0.7461815903584286,0.8418888262364449,0.9276228731395859,0.8803210333608322,0.8395760334095792,0.8043189780557296,0.9025089568161621,0.731461340915808,0.8324527002430686,0.8862659208058092,0.9470114033160812,0.7548468889678648,0.9667145395854095,0.5505158891767279,0.9326920846792617,0.8226216668654445,0.8542911987973543,0.9032069193824652,0.8017951474918705,0.8788972977934153,0.9639761796506592,0.911916104177739,0.8772468662135615,0.9074725945748128,0.7380001980281132,0.9032069193824652
p9_D,0.8467010899784626,0.9776172307537021,0.7962195722367188,0.8621423904215095,0.9384124008873462,0.9543141322095119,0.9624994012598425,0.9845600578467029,0.8833742009912295,0.9517679141853161,0.5005423125562027,0.9364159486136479,0.9364159486136479,0.9446701888736626,0.8310703751211057,0.9198626585436258,0.9836426671336509,0.9169296077473637,0.9493347822888889,0.9517679141853164,0.8687449460159979,0.0,0.921891580360551,0.9975839852098576,0.20590810195139986,0.9169296077473634,0.9325645805415599,0.8986853937484476,0.9517679141853161,0.9651817895279255,0.9090636753073358,0.994086760546023,0.9307015751744632,0.9493303821296276,0.9384124008873462,0.785523920282214,0.43120108940649693,0.9307015751744632,0.9543141322095119,0.9573422906623257,0.8347141576053576,0.9946231749394501,0.9543141322095119,0.9297484119999464,0.9836426671336507,0.9546090547625123,0.4080645809418807,0.9115001904163034,0.28624511340355874,0.8688077246092831,0.9447481688519046,0.869086334243278,0.9169296077473634,0.9288758056186719,0.9805663112989254,0.9551139594816043,0.7551897845821203,0.938412400887346,0.7308377857119486,0.4891995539660817,0.8860899491808245,0.9933425284496658,0.912285921223924,0.8780124908814333,0.6716244073694942,0.8116397691515886,0.8717566193418784,0.851524277012685,0.803754595391422,0.9493347822888889,0.9808615591868379,0.915319368665986,0.9507968637523909,0.7898596515802685,0.938412400887346,0.7828267564104183,0.9720496894409938,0.8821245273141883,0.8961336560543353,0.9726326202607706,0.9270843653068206,0.9202142532643909,0.910601968746465,0.9169296077473637,0.938412400887346,0.9369836237218985,0.9812252964426879,0.7871401483953782,0.7276488154760709,0.9364159486136474,0.938412400887346,0.8266716361598101,0.9933425284496658,0.8762657667398075,0.910601968746465,0.8793449357816123,0.8931136054646446,0.809271403416813,0.8303471680343872,0.8288905501894788,0.7551897845821203,0.998394872319517,0.9384124008873465,0.9086171892384093,0.6889416727523734,0.32152664978164625,0.7076345599008779,0.8020425860797755,0.9235944347702933,0.8665829228096513,0.8973721012321086,0.9185607716438655,0.8141422982910729,0.42284779073200784,0.4080645809418807,0.7848235367990131,0.9288758056186719,0.9493347822888889,0.9726326202607707,0.8542491929403548,0.9297484119999464,0.8742856561410539,0.9235944347702933,0.9883783616664183,0.9169296077473637,0.7511369233144627,0.43120108940649693,0.8849533332175409,0.9364159486136479,0.9693820495180774,0.8734773996129876,0.9425720985427188,0.994086760546023,0.9543141322095119,0.6588107267217138,0.8633657763496987,0.8533649275956028,0.9447481688519044,0.38243605452529905,0.934468117552512,0.7087410003256687,0.35410945952510064,0.8116397691515889,0.9068222102205281,0.8984817173155906,0.8916043634534068,0.8701112326985441,0.8085191611024443,0.9993652126586656,0.9833044121535635,0.9094075605567675,0.8860899491808241,0.7295479505095194,0.8559195932254964,0.9940867605460231,0.9573422906623259,0.8478748162636818,0.8958248142311334,0.8582028597539867,0.9036930397575281,0.9934608314488649,0.998394872319517,0.9643765980294188,0.8081311165025298,0.7784845942513499,0.8097047395623013,0.8849533332175408,0.7708756350468662,0.9106019687464653,0.8124356772187871,0.9833076730146284,0.4176611559730735,0.9137287800621365,0.9386680839111539,0.8388940115651086,0.8924754469755602,0.9493347822888889,0.8707041703100613,0.7575859317124712,0.8623348546394309,0.8930024213743273,0.8649158421061338,0.9551139594816043,0.9559302354841396,0.8820463820882142,0.6567160832080354,0.8279010131824396,0.9454800327660549,0.9776172307537022,0.9466763852073139,0.9344681175525122,0.9821034579526184,0.8491224334005041,0.7927444267338892,0.8860899491808243,0.938412400887346,0.9404624926714931,0.9344681175525125,0.9436554450509944,0.8750116732174096,0.8688077246092831,0.9559302354841396,0.938412400887346,0.8044291343552028,0.9594844139761041,0.9517679141853164,0.938412400887346,0.8227962496162919,0.8972500807670709,0.8623348546394312,0.8266218514619259,0.7834908212044724,0.5791418798263949,0.938412400887346,0.877707262792547,0.938412400887346,0.721080895687531,0.8547983376541739,0.8505115488480837,0.938412400887346,0.6094362632919728,0.938412400887346,0.7408440765635529,0.8874576548572419,0.9351366270846038,0.728647757727944,0.7622627557684603,0.7701028389685363,0.934468117552512,0.583512322409476,0.9253246753246755,0.8128115225225254,0.7958674502672041,0.9015883421806545,0.994086760546023,0.8780124908814333,0.8977731789942538,0.9146756363968289,0.9068304302001386,0.7060240911023945,0.8972500807670707,0.9325645805415599,0.8448782725245798,0.9344681175525125,0.938412400887346,0.9473257685964236,0.938412400887346,0.9858036356368242,0.8972500807670709,0.9447481688519046,0.9937166764217946,0.7701028389685363,0.9404624926714933,0.8958248142311331,0.5266176936855154,0.9926862347706238,0.8344267504694405,0.884953333217541,0.9425720985427191,0.9068222102205282,0.8720892706611558,0.8619374186614901,0.9364159486136474,0.9469990271543745,0.936049244564626,0.9543141322095119,0.7979426727616277,0.9286679818370664,0.9185607716438657,0.8982263051186592,0.8717810065915925,0.9940867605460231,0.8676547956074154,0.9350971133791832,0.7701028389685363,0.32152664978164625,0.841911943731436,0.9315204524190164,0.7264869886153865,0.8806825133605407,0.32152664978164625,0.8719532289905914,0.7746239070316188,0.9469990271543745,0.9400658022383344,0.7462299379986126,0.9425720985427188,0.9015883421806548,0.8141422982910729,0.48919955396608206,0.9425720985427191,0.9425720985427188,0.7420940503786846,0.9180945689966624,0.9812169336410247,0.8240592260016,0.7860635052916318,0.8873397057226611,0.9493347822888889,0.6738200253517332,0.9586118653449947,0.9868619655962767,0.9447481688519046,0.7841656069034117,0.8766849093977229,0.9983948723195168,0.9573422906623259,0.9715878604207602,0.7150457493413599,0.8902144844650239,0.8890122180890285,0.9192059715787328,0.7272950482398134,0.8006066801327187,0.8767473674162307,0.9094075605567675,0.9162839533116927,0.9517679141853161,0.5020865550604733,0.8972500807670709,0.9932551431854693,0.9425720985427188,0.938412400887346,0.9447481688519046,0.9146756363968285,0.78419756795239,0.32152664978164625,0.9469990271543745,0.9902428565647543,0.938412400887346,0.5724333496475309,0.9843798933538866,0.9543141322095121,0.6924077444083602,0.7248465963232997,0.7264869886153866,0.9940867605460231,0.8227962496162919,0.6893394537824736,0.9235944347702933,0.9307015751744632,0.9405621834793894,0.9425720985427191,0.901588342180655,0.7210808956875308,0.9288758056186719,0.9262700211315924,0.9543141322095121,0.7633418130938057,0.8747897442847685,0.7783596077126393,0.4544983803533533,0.9364159486136474,0.9045383795584436,0.8742856561410541,0.8141422982910729,0.8156340680986154,0.7088640332046933,0.938412400887346,0.8227755500574694,0.9738359568456645,0.7575859317124713,0.6207883787929094,0.9517679141853161,0.8124356772187871,0.938412400887346,0.938412400887346,0.9993652126586656,0.9162839533116927,0.880049875353079,0.938412400887346,0.9517679141853161,0.6184246576716032,0.7848674221395782,0.7470160966964987,0.7927444267338892,0.9384124008873465,0.7793750217225002,0.9720496894409938,0.6824673540077415,0.7269784187937691,0.938412400887346,0.7984962426994273,0.7732535062261451,0.7767245603680499,0.803754595391422,0.6619684818352787,0.9388015707402725,0.9425720985427188,0.8005072894679135,0.938412400887346,0.7439259857129711,0.9596257255045417,0.8536161261798894,0.9916372927141157,0.9975839852098576,0.6847799425493393,0.930701575174463,0.938412400887346,0.8740433118343505,0.7871401483953783,0.938412400887346,0.9858118985030546,0.7750991061349133,0.6858553289247526,0.7150457493413598,0.8081311165025298,0.938412400887346,0.7562191186805268,0.8253412912328226,0.9469990271543747,0.6622942303048571,0.7150457493413598,0.8874576548572417,0.9228716770826353,0.8446785966772914,0.4080645809418807,0.9083753558180285,0.8623348546394309,0.966854861926912,0.8474395468832956,0.8742793217197394,0.8265523467953624,0.9218915803605507,0.38243605452529905,0.9122859212239242,0.938412400887346,0.9493347822888891,0.9897224478284307,0.8699142505728488,0.9747821421515683,0.6392633051571579,0.934468117552512,0.8035724714228701,0.9975839852098576,0.934468117552512,0.9270843653068206,0.9384124008873465,0.9288758056186719,0.7759119721951607,0.8533477804450671,0.9493347822888891,0.8392653276543487,0.9788198231857259,0.9288758056186719,0.921891580360551,0.9539149903410246,0.9720496894409938,0.7011707726698932,0.9316827714026001,0.9715878604207602,0.8992597885323736,0.9185607716438655,0.9253246753246755,0.7588230416072202,0.9425720985427188,0.938858661103084,0.8347141576053575,0.8384397742484175,0.9643765980294186,0.9099317521606789,0.9747821421515683,0.9090636753073358,0.9424449052201409,0.7480074620231036,0.9510849633091587,0.9325645805415599,0.7988288021557377,0.5574438160395229,0.906032704732697,0.9202142532643909,0.9218915803605507,0.7109414699141865,0.9747821421515683,0.8951705006571329,0.9914610572055534,0.45356220047387263,0.7254970789730761,0.9425720985427188,0.95837887669211,0.8002569984255206,0.9524593769068033,0.9418510134399245,0.9493347822888889,0.721080895687531,0.8688077246092831,0.9469990271543745,0.97158786042076,0.9325645805415599,0.9325645805415601,0.9447481688519044,0.9493347822888889,0.9487210184868768,0.6960216685928327,0.8935549646868485,0.41766115597307363,0.9902428565647543,0.834700964368323,0.8874576548572417,0.9325645805415601,0.9826335302203135,0.938412400887346,0.3538106028060497,0.938412400887346,0.938412400887346,0.8288905501894788,0.9218915803605507,0.7629787875174796,0.938412400887346,0.79302428777175,0.8283134374502998,0.8972500807670708,0.9709147337583262,0.7984962426994274,0.899027874845016,0.88625753276553,0.8820255041972338,0.8562263088127955,0.9307015751744632,0.8919047203852765,0.9469990271543745,0.9369836237218983,0.825889876483042,0.8253412912328224,0.377104147460917,0.9307015751744632,0.9868619655962765,0.7616283513394648,0.9469990271543745,0.4696411413594801,0.4080645809418807,0.8312577725061675,0.9720496894409938,0.9185607716438655,0.921891580360551,0.8163293560597351,0.6619684818352788,0.9195453412137855,0.966854861926912,0.9030571559620832,0.9425720985427188,0.9253246753246755,0.9404624926714933,0.6758275275142727,0.8791510662592732,0.9676110034660238,0.9447481688519046,0.9107320745513346,0.9325645805415603,0.9823357594095464,0.5922683963557782,0.9559302354841394,0.7767245603680499,0.9508067898672805,0.9543141322095119,0.7308377857119486,0.8137359723057829,0.9473257685964236,0.7586271529514029,0.9345002823263696,0.8874576548572417,0.886144016369361,0.938412400887346,0.38243605452529905,0.8986853937484474,0.9507968637523909,0.9021580758390969,0.9253246753246755,0.9344681175525125,0.6471449989245655,0.6847799425493393,0.921891580360551,0.8111458079800902,0.9517679141853161,0.7493512314697715,0.9270843653068206,0.8922829762545637,0.934468117552512,0.9307015751744632,0.833252239262104,0.9693820495180774,0.7264869886153865,0.7667404971856786,0.8546415990260072,0.7471843962519462,0.8878736175094186,0.938858661103084,0.8200238589875917,0.6892694848957339,0.9487210184868768,0.9517679141853161,0.7098803175335778,0.9404624926714933,0.8689847069638235,0.9146756363968285,0.8701112326985443,0.9364159486136474,0.7696274051613194,0.6883324749111581,0.9726326202607707,0.9103992507047161,0.9425720985427188,0.8419023775355048,0.7003510395538308,0.9185607716438655,0.8806825133605405,0.4960761769995412,0.9235944347702933,0.9400658022383345,0.9270843653068204,0.9559302354841396,0.38243605452529905,0.9543141322095121,0.938412400887346,0.938858661103084,0.8932554204824052,0.9694112226663572,0.9407634795537994,0.938412400887346,0.85848016091215,0.9677921775082317,0.8860899491808243,0.7848674221395782,0.6887990188427522,0.8688077246092831,0.9135169539046764,0.9545688896034108,0.9121566723282286,0.7793561304895644,0.8189138111500283,0.8977731789942538,0.2902478418933613,0.758823041607221,0.7551897845821203,0.998394872319517,0.7420900754778976,0.9543141322095117,0.9121566723282286,0.9344681175525125,0.9543141322095119,0.9776172307537021,0.9551139594816043,0.9384124008873465,0.9892306349084343,0.789246926864915,0.9493347822888889,0.9384124008873465,0.9253246753246755,0.7667404971856786,0.8081311165025298,0.9364159486136474,0.9447481688519044,0.9325645805415601,0.9364159486136474,0.9364159486136474,0.9761289800255134,0.938412400887346,0.9836426671336507,0.9211999702940652,0.938412400887346,0.8589740229104696,0.9885703464886242,0.9493347822888889,0.4080645809418807,0.9258754510202482,0.9452945222517779,0.9364159486136474,0.7457459993073878,0.8279010131824398,0.9218915803605507,0.857654049666025,0.938412400887346,0.8088615062113482,0.9425720985427188,0.9643765980294186,0.79741987109302,0.4303816258142904,0.9493347822888889,0.9404624926714933,0.9235944347702933,0.933316065142574,0.9694100907323093,0.4522385546312103,0.8972500807670707,0.9045383795584439,0.9323069519744983,0.8940953392712782,0.9270843653068206,0.9493347822888891,0.748497255363296,0.4080645809418807,0.9211999702940652,0.859081712099725,0.938412400887346,0.9384124008873462,0.7954614856282138,0.9517679141853164,0.9712341738232426,0.5055764669454441,0.9747821421515683,0.7871322076693466,0.934468117552512,0.7466480367609032,0.7864213024362037,0.938412400887346,0.938412400887346,0.9315204524190162,0.6847799425493395,0.9146756363968283,0.8607005692506016,0.8379007267842429,0.9573886500813646,0.8669466104824923,0.8050970917475231,0.734175014689397,0.7732081684608061,0.938412400887346,0.9436554450509942,0.38243605452529905,0.9543141322095119,0.9571378517040273,0.32152664978164625,0.8200238589875917,0.938412400887346,0.938412400887346,0.7734303664951185,0.9938077685674778,0.7832186519271109,0.5607001693958236,0.9107320745513345,0.9099317521606789,0.9529366743750116,0.7708756350468654,0.8241788114475812,0.9488624451633313,0.938412400887346,0.8142220442289038,0.8274310299056,0.43120108940649693,0.9493347822888889,0.9214745861311224,0.8637801221099434,0.9262700211315926,0.8050500444117387,0.9404624926714933,0.8536161261798894,0.938412400887346,0.8390335330415137,0.9524593769068034,0.8780124908814335,0.5992193307820299,0.8638170757873311,0.9776172307537021,0.9179069363733625,0.6306906648713108,0.9469990271543745,0.8406398513598703,0.8330058363036981,0.9652792462742584,0.9788198231857259,0.906032704732697,0.9169296077473637,0.8215612095168274,0.9447481688519046,0.9364159486136474,0.8411306533973875,0.9137287800621365,0.933316065142574,0.9426999693726408,0.9543141322095121,0.933316065142574,0.9543141322095121,0.9543141322095119,0.46497185181086464,0.9030571559620832,0.8740433118343502,0.9384124008873462,0.9517679141853161,0.4205251270468686,0.9253246753246755,0.6824673540077418,0.9805663112989256,0.9364159486136479,0.9551139594816043,0.871418188627088,0.9404624926714933,0.9806814020144543,0.9369836237218983,0.834700964368323,0.8066165921217558,0.938412400887346,0.8571237000829007,0.9384124008873465,0.7689244285564301,0.9517679141853161,0.9619687983522078,0.9202142532643913,0.6248160073900706,0.938412400887346,0.8111458079800902,0.7308377857119486,0.9202142532643911,0.8126462580697251,0.8390335330415137,0.8215612095168274,0.38243605452529905,0.8088195217746124,0.9074487775611979,0.9951364972067693,0.7604897107133473,0.9881818565067269,0.6833518576330393,0.9726326202607707,0.9668548619269122,0.9938077685674778,0.7430297335586087,0.9993652126586654,0.8547983376541739,0.8820255041972336,0.7230616044270382,0.9384124008873462,0.9364159486136474,0.8590817120997247,0.9287691497070172,0.7509192328478389,0.7767245603680499,0.7475543349080889,0.938412400887346,0.7911735158890811,0.6297805435888595,0.9446701888736626,0.938412400887346,0.8058941123210295,0.9307015751744632,0.32152664978164625,0.9218915803605507,0.9364159486136474,0.8392653276543485,0.9169296077473638,0.7784845942513506,0.9551139594816043,0.8048139241371219,0.9218915803605507,0.7190849004509697,0.938412400887346,0.9121566723282284,0.938412400887346,0.9493347822888889,0.9535215586917307,0.8597630494484776,0.9543141322095119,0.9106019687464653,0.8800276452998839,0.8847289094375661,0.3984925807299201,0.938412400887346,0.8462173732414175,0.7830070991781035,0.7940466160389037,0.773677579256332,0.8972500807670709,0.9447481688519044,0.9090636753073356,0.9858118985030546,0.8986853937484474,0.8701112326985443,0.7475543349080889,0.8986853937484474,0.9446701888736626,0.9447481688519044,0.7860635052916318,0.8986853937484474,0.9543141322095119,0.741501450195212,0.9452945222517779,0.5508044363598354,0.9364159486136479,0.907540871911573,0.7706493333804143,0.8992597885323736,0.5978261379758856,0.966854861926912,0.8958248142311336,0.9153193686659862,0.9902428565647541,0.9253246753246755,0.7717868275465862,0.6689549697166806,0.7953298896118867,0.9719177107442769,0.8930024213743271,0.9228716770826355,0.9165889433486553,0.9404624926714933,0.4080645809418807,0.9897224478284307,0.9126948135823058,0.6392633051571583,0.9529366743750116,0.8793449357816119,0.38243605452529894,0.3538106028060497,0.8469963346046663,0.910601968746465,0.9722522256461222,0.9369836237218983,0.3374468042813763,0.821490158403527,0.9694100907323093,0.9075408719115727,0.4522385546312103,0.8269372819262968,0.8357120864475066,0.7168583413736431,0.8793449357816121,0.8176226485360631,0.798749929194871,0.8747897442847685,0.8495413835116428,0.9169296077473634,0.6588107267217138,0.6471449989245656,0.9418510134399245,0.8444532057713661,0.9707225700884794,0.5482400894009506,0.8619374186614901,0.9902428565647541,0.9669494040391106,0.8332522392621038,0.5851636683551689,0.43120108940649693,0.8623348546394312,0.9121566723282284,0.998394872319517,0.8381010728195256,0.8342796354092274,0.8375914745592352,0.8035626422286674,0.38441185787855425,0.8462173732414175,0.9202142532643909,0.8567734382060054,0.9425720985427191,0.8556126329150247,0.5939999543203038,0.3538106028060497,0.8701112326985443,0.9185607716438655,0.9975839852098576,0.9517679141853161,0.9625078069904769,0.9493347822888889,0.8532192563266274,0.3538106028060497
p9_TQEPHINWVY,0.8316647136877664,0.6991647087963897,0.9614003126538461,0.9123838819213477,0.9888877218166614,0.6962920717066452,0.8764174889236309,0.902244070606904,0.9096814050133908,0.9495505106234361,0.892670362394828,0.9852901633058908,0.9852901633058908,0.8380225099110048,0.9465859044992463,0.8340556435485739,0.9230789959087817,0.9952831447476325,0.9892083965651994,0.5828836218345715,0.9137210365309753,0.921891580360551,0.0,0.9926931063209248,0.9200817943852442,0.9131105611405983,0.9786165548472288,0.9656649406467913,0.649678745769142,0.9208305033189339,0.9812071873217105,0.9400741852851487,0.9275156757582279,0.9687941395742317,0.9888877218166614,0.9254223119773605,0.9377253379624282,0.8805458336495595,0.9522137875062906,0.9923032503352314,0.9433011034543322,0.9180978494651831,0.9522137875062904,0.9915753345612033,0.9786165548472288,0.7747565840077362,0.939931930051314,0.9975694426888291,0.9518647719377948,0.9213841230197592,0.9422080421889416,0.7945756183974949,0.9131105611405983,0.9725096342470556,0.8805458336495591,0.8512887315453759,0.9495873612601233,0.935580996038617,0.9156179912172799,0.9314553797224698,0.9452410536397866,0.9288091525358829,0.9952831447476325,0.9433011034543324,0.9942714459947756,0.9396518340306944,0.9989330715481036,0.8677031490372049,0.9031239469228096,0.9254223119773605,0.9529593969520147,0.805504357677587,0.9578055524052939,0.8984982795453522,0.935580996038617,0.998280667338812,0.8083287302412824,0.9696315366465988,0.9642882776433008,0.9522137875062904,0.9237321696604077,0.785973135752877,0.9838698730483884,0.9131105611405985,0.935580996038617,0.8916829786258776,0.966854861926912,0.9705485515197344,0.9861023711265688,0.9334927596276978,0.935580996038617,0.9320964215722475,0.9044070319187587,0.9666849854845854,0.9774411992633256,0.9047408499968016,0.8793887187664275,0.8851054684866393,0.9122453680840747,0.9340095300329532,0.9495873612601233,0.8328391424856556,0.9888877218166614,0.9264635914251368,0.9154258444847003,0.9470055188469617,0.890425721651933,0.9269149380074149,0.947653575322335,0.8779967882982902,0.8326503130881795,0.9983594330401346,0.9404299210439278,0.9165215812574512,0.939931930051314,0.8853719187040605,0.7929720393554058,0.9470055188469617,0.9522137875062904,0.9214079633356156,0.9915753345612033,0.890652842915315,0.9200817943852444,0.8661444446656797,0.8814579798418161,0.9880779916993756,0.9377253379624282,0.996750681705096,0.8075202219813378,0.961938580597147,0.9454576150612133,0.7760319106198981,0.9422080421889416,0.9774873843362968,0.978616554847229,0.9756431574521376,0.9015074681576025,0.9989330715481036,0.9422080421889416,0.9314553797224701,0.9474480078065406,0.9495505106234361,0.9188470353730347,0.8967571710011213,0.9709521726196467,0.9199796380611351,0.9884184727022942,0.872700284250379,0.9518647719377948,0.8998639210155852,0.9495505106234361,0.9130470727423969,0.9936820261047687,0.9844272218605027,0.9400741852851485,0.9114262935403588,0.9538810166915646,0.9940847844961915,0.9197483086230971,0.9755486419654262,0.9901415714403683,0.9464536062171711,0.8709676073375178,0.8875470731379231,0.9301958712095211,0.8955112082646185,0.996750681705096,0.8511537969570359,0.9387522715750393,0.8773273917878177,0.689299765890317,0.9852901633058908,0.9495873612601233,0.824044157329912,0.9648927942410519,0.9545357253183209,0.6702779736260043,0.9683947100959853,0.8836918523565206,0.9698257117961528,0.9554368269703841,0.9738279174540478,0.9309382944231761,0.9629124330159166,0.9485110385177798,0.9599747589515445,0.8960532224624076,0.9999058090993416,0.9256059689675477,0.9837299968616571,0.9314553797224698,0.9636429384587802,0.7788072202557932,0.8479953711128707,0.9130470727423967,0.935580996038617,0.9926931063209248,0.9818737559710531,0.9975694426888291,0.8964090790416845,0.9799919051829566,0.9629124330159166,0.935580996038617,0.877683850385174,0.8938391361804241,0.9495505106234361,0.935580996038617,0.9321523113665872,0.8925262950745887,0.9129158007108344,0.8691996695255616,0.9752107011246878,0.9334927596276981,0.935580996038617,0.9684862506912562,0.935580996038617,0.900726820402769,0.9386048295441269,0.8964090790416845,0.935580996038617,0.9776415955422073,0.935580996038617,0.9238170383631188,0.9878359798431867,0.8604343420735323,0.9138316707351936,0.9967391619170713,0.869901838481431,0.9314553797224701,0.9951633986928105,0.921891580360551,0.8937890418732636,0.8283785316724068,0.8160154479064053,0.9989330715481036,0.8724042835510755,0.9779145968080556,0.9080208724124175,0.8881121238391145,0.9272324378358678,0.9966447233584261,0.978616554847229,0.9189514425986854,0.9818737559710533,0.935580996038617,0.9080208724124175,0.935580996038617,0.9866191269012619,0.9966447233584261,0.9989330715481036,0.9866030402791095,0.8927709258221883,0.9926931063209248,0.9253852640835396,0.947653575322335,0.9589301224289049,0.938569729381019,0.9264261500368134,0.9967391619170713,0.8701631037648345,0.9233512382374081,0.900227987274776,0.9334927596276978,0.944562380594602,0.9558177669557593,0.9522137875062906,0.9243487433448528,0.9321523113665873,0.918097849465183,0.9154258444847001,0.9162514888111727,0.9989330715481036,0.9560561057031627,0.9499103329879716,0.8785382007702357,0.9470055188469617,0.9254783439399903,0.9028659348848306,0.9590434494932021,0.9999058090993418,0.9470055188469617,0.9613342524161694,0.9040161556168071,0.9942714459947755,0.8240285189514143,0.986745253931691,0.9399319300513138,0.8160154479064055,0.9172870852053598,0.9677078677803637,0.8896463743514134,0.9399319300513138,0.8642994784346638,0.7340640582138435,0.8595722061670186,0.8913277886422017,0.8906528429153149,0.9531049385044281,0.9892083965651994,0.9578055524052937,0.9923032503352311,0.7660343627860313,0.9422080421889416,0.8875470731379227,0.9625024121535213,0.7192246787541408,0.9114262935403588,0.999258193162122,0.8378129456849096,0.9182191089113063,0.9778060502330219,0.986932538036146,0.9192491879637937,0.8394630895793052,0.8675975537210803,0.8500641175728522,0.9096814050133908,0.716473869703712,0.8970640020677767,0.9966447233584261,0.9165215812574511,0.9967391619170713,0.935580996038617,0.9422080421889414,0.903464630798172,0.9541968529441154,0.9470055188469617,0.9942714459947758,0.9629124330159162,0.935580996038617,0.9200817943852442,0.9254223119773604,0.9522137875062904,0.9465859044992464,0.9650708054240253,0.9134648431298371,0.9422080421889416,0.9082358204851604,0.9083362113140591,0.8594771551273883,0.9275156757582279,0.8375758758534326,0.939931930051314,0.8970640020677769,0.9366027714453327,0.9725096342470558,0.9866968667809444,0.7665908998640587,0.8629026024066049,0.8160154479064053,0.8785382007702358,0.9294643302252341,0.9334927596276978,0.8427911921721819,0.9961527583512033,0.8710014135282238,0.918956194176195,0.8318763696552299,0.935580996038617,0.8647161984978464,0.962608664233859,0.9925457549106912,0.8562201358218875,0.9836543654419935,0.8528224833278104,0.935580996038617,0.935580996038617,0.9672582712673324,0.9730192332773053,0.873429373789229,0.935580996038617,0.7832689936382828,0.9888877218166614,0.9123838819213479,0.9789581263147968,0.9915514511506925,0.8511921008492052,0.94095012846993,0.9881818565067271,0.9262962860121418,0.9652169503502326,0.935580996038617,0.9012886805028633,0.8604343420735321,0.899687341755725,0.9031239469228096,0.9786100658041366,0.992907580707777,0.8328391424856556,0.9022440706069041,0.935580996038617,0.8661265071675742,0.9541968529441156,0.9751777096137954,0.9509252455289203,0.8973713569620818,0.9282332912823814,0.7845765883534519,0.935580996038617,0.951298902109999,0.8446470987747128,0.935580996038617,0.9837299968616571,0.9235344247666604,0.8840190811472854,0.8378129456849092,0.9106089806914222,0.935580996038617,0.9488671331832234,0.993682026104769,0.944562380594602,0.9862337902571188,0.8611334995416833,0.9472238480293103,0.8837215992432155,0.9885516075855596,0.939931930051314,0.854524100222138,0.8844608451681755,0.9518954248366015,0.8382544005945729,0.891822551938946,0.9256675586814443,0.9615686274509803,0.9422080421889416,0.9541968529441154,0.935580996038617,0.8616362273895215,0.9689170027827593,0.8558415769648624,0.9696315366465988,0.9866030402791095,0.9314553797224701,0.9793529431839627,0.9377253379624282,0.9314553797224701,0.9844690963672101,0.9888877218166614,0.839875704634913,0.9838332965410206,0.9003051101948658,0.8616362273895215,0.878873109687901,0.9495505106234363,0.9725096342470558,0.6922875816993471,0.9089381323752637,0.966854861926912,0.9836543654419934,0.8164111165524809,0.929104460779949,0.9506880141013581,0.9565880742927935,0.9218915803605507,0.8406264652017016,0.8328391424856557,0.8518805166596326,0.9740168722867644,0.9255097068979281,0.9590434494932021,0.9338358212159394,0.9844690963672101,0.9048830033154058,0.9608573490884635,0.8030362337090724,0.9609351515778153,0.9722312205307764,0.9273084228388282,0.8764625255717525,0.9017126880527937,0.9590434494932021,0.9183006535947711,0.8338669821684139,0.8467709954086371,0.9390675962200334,0.9984593147144779,0.9966447233584261,0.9633833609692748,0.7192246787541408,0.8773273917878179,0.9198762185126956,0.9310028073541696,0.9952673588808036,0.9892083965651994,0.8668868822373763,0.8920802319381609,0.9445623805946022,0.9305880744557047,0.9722312205307764,0.6773178727988085,0.9422080421889416,0.9470055188469617,0.7516581686562225,0.819665629143536,0.9744177842163373,0.9629124330159163,0.9629124330159163,0.9171943330215184,0.9878359798431867,0.9294643302252339,0.8435690365285475,0.935580996038617,0.9445623805946022,0.935580996038617,0.935580996038617,0.9105981200017716,0.9183006535947711,0.8518805166596325,0.935580996038617,0.897436658552081,0.9388827542233358,0.8925262950745887,0.9869486993017076,0.9012886805028634,0.9456546334164269,0.9003051101948656,0.9394399552106525,0.9180565065029513,0.9275156757582277,0.9413707562534938,0.9445623805946022,0.8955399645501798,0.8328000260887205,0.8677031490372049,0.9048830033154058,0.9765150789456658,0.9314553797224701,0.9786313952150837,0.6272744055310403,0.8983273721288971,0.939931930051314,0.8786591003884672,0.9218915803605507,0.9148167155454523,0.9518954248366013,0.9560561057031627,0.9032901911357234,0.9452410536397866,0.9951633986928106,0.8986003425351381,0.9399319300513138,0.966854861926912,0.9377253379624284,0.9940847844961915,0.9702969477206325,0.8882056624433129,0.9422080421889416,0.9791544131818322,0.9294643302252341,0.9825180874261561,0.9083389247768066,0.9334927596276981,0.899687341755725,0.7839965608218947,0.9522137875062904,0.8300484872778489,0.8543063200473953,0.9977218791928772,0.8338323869463544,0.9881818565067269,0.9472238480293103,0.9822443780558803,0.935580996038617,0.9422080421889416,0.8940275945888627,0.9578055524052941,0.8431043451889135,0.966854861926912,0.9818737559710531,0.9451809453601021,0.8091019944642682,0.9183006535947713,0.9139487299142952,0.9495505106234363,0.8715643646119262,0.9696315366465988,0.9610109894855321,0.9314553797224701,0.7845765883534523,0.9390547832304017,0.9339429911190156,0.9984593147144779,0.8206632703013357,0.9031102770411923,0.8687854723525466,0.9813806508002658,0.9687941395742312,0.8811566338086381,0.8174966224362166,0.9048830033154056,0.783268993638283,0.964170004482718,0.9523391253205785,0.9386048295441269,0.9708590380088877,0.9526048267509268,0.9334927596276978,0.9368891052426676,0.9832076187676911,0.907188556178884,0.9289494109520753,0.9399319300513138,0.9664656501581601,0.8253574758824458,0.9565880742927937,0.9063742447456444,0.9043065366688321,0.9917417854198085,0.9320068308827978,0.9696315366465986,0.9852901633058908,0.9422080421889416,0.6962920717066448,0.935580996038617,0.9687941395742312,0.8589858090454519,0.8710014135282238,0.883691852356521,0.935580996038617,0.8799720457128384,0.7745671816683785,0.9774350345371767,0.9388933740579655,0.9953118525907373,0.814880857245853,0.9324342367818579,0.9280587182222078,0.8564272723716959,0.9452410536397868,0.8602481607023704,0.9347116766198293,0.9445623805946022,0.9034646307981719,0.9495873612601233,0.9399319300513138,0.8992368483577364,0.9071885561788835,0.9081181966045124,0.9314553797224701,0.9522137875062904,0.8867793699144211,0.9894121426990234,0.7978853750711608,0.9700125380913132,0.8933669999701507,0.9470055188469617,0.9044988266272495,0.966854861926912,0.8435382057657896,0.8875470731379231,0.9334927596276978,0.9400741852851485,0.9294643302252339,0.9334927596276978,0.9334927596276978,0.9953407916725414,0.935580996038617,0.9294643302252341,0.8822836759018076,0.935580996038617,0.9559620789221579,0.9638362521438677,0.9470055188469617,0.939931930051314,0.9942714459947757,0.8973713569620818,0.9334927596276978,0.8449652057281369,0.8960532224624076,0.9183006535947711,0.9439765097751798,0.935580996038617,0.8579556355881812,0.8328391424856558,0.9559620789221579,0.9677523917627138,0.9164774721372542,0.9470055188469617,0.7874358202450877,0.9200817943852444,0.9686491338802947,0.9200817943852444,0.9355809960386168,0.8992368483577364,0.8795139270987927,0.980630720675137,0.868084336487797,0.9844690963672101,0.9470055188469617,0.88638131447246,0.939931930051314,0.9878359798431867,0.9456844746310797,0.935580996038617,0.7978853750711603,0.9543907720677113,0.9495505106234361,0.8923345777617286,0.978616554847229,0.892670362394828,0.8480964700748994,0.9314553797224701,0.8037964708380383,0.8870714187256687,0.935580996038617,0.935580996038617,0.9597350242898657,0.9764616712631281,0.9663027963946421,0.8994121749609958,0.8773273917878179,0.7678512841145855,0.8155539757981617,0.9072663957425002,0.9565880742927935,0.8791065394342092,0.935580996038617,0.9714876930804949,0.9422080421889416,0.9522137875062906,0.8091019944642682,0.9470055188469617,0.9049828931722603,0.935580996038617,0.935580996038617,0.8962368376832794,0.9044988266272493,0.9751854911050217,0.966854861926912,0.979154413181832,0.7897222592921718,0.9473606184418111,0.9338358212159394,0.9098656337910704,0.9907732280012839,0.935580996038617,0.8645307055964572,0.9089517602104953,0.9377253379624282,0.9892083965651994,0.9732643771185288,0.988382321444947,0.8866210237012304,0.8916829786258778,0.9926931063209248,0.873429373789229,0.935580996038617,0.8984982795453522,0.8916829786258778,0.9338358212159397,0.9477167671000974,0.9888569754504476,0.9336830351939285,0.9432836274759391,0.8347540142725381,0.9942714459947756,0.9909513036624982,0.8767207440595439,0.9230789959087815,0.9495505106234361,0.9495645679265192,0.9541968529441154,0.9023715019035563,0.9422080421889416,0.9334927596276978,0.9238056139707786,0.909762579821223,0.9339429911190156,0.9896821318786261,0.9071885561788839,0.9339429911190155,0.9522137875062904,0.9071885561788838,0.9394399552106525,0.9711696109045853,0.9284021172811179,0.9355809960386168,0.9836543654419934,0.921891580360551,0.988181856506727,0.8546839689965421,0.9275156757582281,0.9852901633058908,0.9707630758620763,0.8951849796577993,0.9377253379624282,0.8362126977318558,0.9980715070378494,0.8701003883997356,0.8398063016785029,0.935580996038617,0.9027925304906489,0.9888877218166614,0.9396829012479775,0.9495505106234361,0.9598692082125242,0.9165462137008822,0.9684862506912562,0.935580996038617,0.913948729914295,0.8531697165055645,0.9165462137008822,0.9156179912172799,0.9221581876231608,0.925636464372903,0.9422080421889416,0.9390547832304017,0.9018323002478252,0.9456546334164267,0.9971433890945816,0.9615686274509803,0.9550598199389972,0.9522137875062904,0.6922875816993461,0.9888877218166614,0.9929979934242448,0.9672582712673323,0.9164120449798159,0.9080208724124175,0.8223589532169966,0.9888877218166614,0.9334927596276978,0.9213564111708459,0.8431043451889135,0.9885516075855596,0.8768199244837862,0.8697587253058279,0.935580996038617,0.8921513898336457,0.9154728289468134,0.9867452539316911,0.935580996038617,0.8696220487395172,0.9765150789456656,0.9470055188469617,0.9183006535947711,0.9334927596276978,0.8263254146260335,0.9131105611405985,0.9301958712095211,0.891113512984276,0.9197431633925511,0.9086274509803922,0.8184489484642801,0.935580996038617,0.9473606184418111,0.935580996038617,0.9892083965651993,0.8286827798191463,0.9377548995041074,0.9522137875062906,0.9451809453601021,0.7895862211130911,0.9432836274759389,0.9760740600631372,0.935580996038617,0.9304790799566587,0.8434624213465034,0.9659434594518929,0.9812071873217105,0.961938580597147,0.8223564127592389,0.9048830033154058,0.9460700595274506,0.8940275945888625,0.9231164764775377,0.8467912975361043,0.8940275945888625,0.7636611379006605,0.9422080421889416,0.8906528429153149,0.8940275945888625,0.9522137875062906,0.9541968529441154,0.9377253379624282,0.8906528429153149,0.8593176256595305,0.9409501284699298,0.8709676073375172,0.8920802319381607,0.8645307055964574,0.9183006535947713,0.9597350242898655,0.9518647719377948,0.859317625659531,0.9881818565067269,0.7845336717228415,0.912383881921348,0.8442082503111628,0.9560688022480139,0.9554368269703841,0.723207926028318,0.9114262935403583,0.9926931063209248,0.9464536062171711,0.9375514328635435,0.956424208822661,0.9473606184418111,0.9866030402791097,0.9356837142274774,0.9422080421889416,0.9445623805946022,0.8399622023066797,0.9064920176718159,0.9870824288396511,0.8916829786258776,0.9430450953185581,0.8382544005945729,0.9917417854198087,0.9837299968616572,0.8511921008492048,0.894378433549163,0.9545357253183209,0.9915753345612033,0.9047408499968013,0.8587613865748258,0.944562380594602,0.7442853103999507,0.8696847088727695,0.9131105611405983,0.9786165548472288,0.9000633438867536,0.9645515900483717,0.8373021566360077,0.8921513898336461,0.9237321696604077,0.826894450164378,0.9111150293377236,0.8960434419880752,0.8920317838114342,0.9967391619170713,0.9926931063209248,0.9129158007108344,0.9081181966045122,0.9967391619170716,0.9625024121535213,0.9298073906738056,0.8732592629042031,0.8668711152831978,0.9818737559710531,0.9066083076181255,0.9559620789221579,0.9663027963946421,0.7760319106198985,0.9230739545616382,0.7859731357528768,0.9445623805946022,0.9231164764775379,0.9565880742927935,0.7874358202450876,0.9495505106234361,0.8829583596177213,0.9470055188469617,0.9808323500953164,0.9445623805946022
p10_D,0.8773823348409291,0.9432937551644589,0.9326301365954337,0.933215326897121,0.9508971383859763,0.9471168020442999,0.8937569295188519,0.8612571141464137,0.9070160137452734,0.18988738395518157,0.9418654668890594,0.9493053971730236,0.9493053971730236,0.9723157551667554,0.9983355724028917,0.715327497275609,0.9913221015557613,0.9337692322192535,0.9596053879391779,0.9615452872130625,0.9276228731395861,0.9975839852098576,0.9926931063209248,0.0,0.9390829980374291,0.9337692322192535,0.9462347596389562,0.9192233962368055,0.9615452872130625,0.8976675519996324,0.9759790834075595,0.9559485503920393,0.9447494136270194,0.9215378731313923,0.9813818316380158,0.9596053879391779,0.9525316455696202,0.9447494136270194,0.2326540051734195,0.9324854129452831,0.9417626114543682,0.905730873838986,0.9635753483468394,0.9158139617897607,0.9913221015557613,0.9151097978869827,0.9542136024350836,0.978266726045558,0.9324854129452831,0.8954023823601893,0.3710808425201906,0.9175078301540052,0.9859653849226515,0.9971196828020042,0.9447494136270194,0.98181078671843,0.5628474791152086,0.9508971383859763,0.8058346231513474,0.947752420917731,0.9091812387167526,0.8367671217737244,0.9337692322192532,0.6680233073997988,0.9577431256853024,0.8902048861603422,0.9692769377093196,0.7871560431335571,0.8355826110872568,0.8783265321561906,0.9238898933303421,0.9838585814857688,0.9136608016620082,0.8669655156352967,0.9508971383859763,0.9263909248883351,0.9975839852098576,0.9418654668890594,0.8890194193065106,0.9635753483468392,0.47502754948302206,0.9556347289143002,0.9287243013130126,0.9337692322192532,0.9508971383859763,0.9203761879341787,0.9452945222517778,0.8404977116318593,0.6500775794459988,0.9493053971730236,0.9508971383859763,0.9326301365954339,0.8000054315513374,0.9235477589143899,0.9287243013130126,0.9038035415131253,0.9668883002312161,0.9276228731395861,0.8167131454128493,0.8842670595891773,0.9312172606999456,0.9014502300031317,0.9508971383859763,0.927209562910801,0.942263219246712,0.9596053879391779,0.9515217879472728,0.816158440019919,0.9390829980374291,0.8034565198481155,0.9487969858083061,0.5873320905808668,0.8722711465586108,0.9544588564256291,0.9542136024350836,0.8486671116956643,0.9971196828020042,0.3110882524899774,0.9635753483468394,0.927209562910801,0.959016409305403,0.7512781261965451,0.9390829980374291,0.5392085146352592,0.9859653849226513,0.851008024549206,0.9525316455696202,0.930906079306367,0.9493053971730234,0.9621698344437759,0.8769985528794617,0.9542136024350834,0.9559485503920393,0.9471168020442999,0.9462347596389562,0.7759688570104207,0.7334243033776328,0.9692769377093196,0.9559485503920393,0.947752420917731,0.8991917165788904,0.9615452872130623,0.8302837275767865,0.9097700783194735,0.745197368260759,0.9559566851226751,0.8964416496516885,0.843600304082778,0.9647682499737457,0.8841357084407879,0.9615452872130625,0.9091812387167528,0.7871560431335571,0.9203333571111534,0.9692769377093196,0.9324854129452831,0.9744315009483469,0.9957812164793639,0.8492546100688054,0.8892155845940946,0.8631222787530044,0.9542136024350834,0.9903766507571461,0.8396138091088566,0.9775686491148363,0.9192233962368055,0.7437726155785191,0.9417626114543682,0.9778748351992479,0.8070999688196363,0.9250812961986936,0.9493053971730236,0.98181078671843,0.9091481169388319,0.8587016255621231,0.9861632483507676,0.9596053879391779,0.7549236295841958,0.968805048104574,0.8902416609981851,0.7002602842021479,0.9288624015119114,0.9675956872630854,0.9848910203339206,0.92843760760392,0.8905177901464343,0.927209562910801,0.6990540620282795,0.9971196828020044,0.9741270364328649,0.4757826232079022,0.9472483006084296,0.9177021057109449,0.8829040455084948,0.6000267615321472,0.9508971383859763,0.2793248945147677,0.947752420917731,0.6637874395353806,0.9020355966115885,0.9326301365954337,0.9848910203339206,0.9508971383859763,0.9730763478516942,0.8550156776844484,0.27474411683835787,0.9508971383859763,0.8268778248611142,0.9180790428976138,0.9263909248883351,0.8938767975645252,0.9486563558223772,0.9493053971730234,0.9508971383859763,0.7551472518010756,0.9508971383859763,0.9066163701727092,0.9362857614126447,0.9325400345434457,0.9508971383859763,0.930906079306367,0.9508971383859763,0.8335403947084745,0.9659780157059267,0.9192233962368055,0.9487969858083063,0.9542136024350834,0.8435002207563184,0.947752420917731,0.9377253379624282,0.5454440744832267,0.9500805720293444,0.8575242220571018,0.967100967856847,0.9559485503920393,0.9417626114543683,0.7356347898069093,0.9059407181827082,0.9775686491148365,0.9180790428976138,0.9180790428976138,0.3668907135029359,0.9251662135150305,0.947752420917731,0.9508971383859763,0.9458556185436358,0.9508971383859763,0.8452280645834545,0.918079042897614,0.9559485503920393,0.9798175375448483,0.8435002207563183,0.27932489451476783,0.9169426994374763,0.9390829980374291,0.9339037414170339,0.9998238347481484,0.8983739487948559,0.2519374759750973,0.9097700783194735,0.9097700783194735,0.7779283143697304,0.9493053971730236,0.9577431256853026,0.8949399014301702,0.2326540051734195,0.8692863322387208,0.8876449934411474,0.9350697345319547,0.9086173135612572,0.9132508500097023,0.9692769377093197,0.7699646555192983,0.8453718612169461,0.8144472611771493,0.9596053879391779,0.8647795435579988,0.9605807414790561,0.9363880304285923,0.9048699718936313,0.9596053879391779,0.9199154281937727,0.8246021280310369,0.9577431256853024,0.9404244238472441,0.9723157551667552,0.9542136024350834,0.967100967856847,0.8337215482320727,0.947752420917731,0.9736183137840244,0.9736183137840242,0.8929600567640401,0.9596053879391779,0.9024099527427921,0.8597250809841579,0.9251662135150307,0.9953090053732515,0.9596053879391779,0.9508971383859763,0.9324854129452831,0.947752420917731,0.9692769377093197,0.8396138091088566,0.6721587646289402,0.9542136024350834,0.9838585814857688,0.9637851559795012,0.8806884293366943,0.6256492627076076,0.718479484218329,0.9055879259360589,0.8866709973964708,0.8539288999335531,0.9448543512076254,0.9615452872130625,0.9070160137452734,0.9615452872130625,0.9215378731313923,0.596922250094603,0.9544588564256291,0.9542136024350834,0.9508971383859763,0.9559485503920393,0.6549953778470862,0.9337692322192535,0.9596053879391779,0.9577431256853024,0.9493053971730234,0.9508971383859763,0.9950927970641263,0.9593605721085062,0.9635753483468394,0.913577797842458,0.8591052725560666,0.9903766507571461,0.9692769377093197,0.8268778248611146,0.9251002593023416,0.9390829980374291,0.9447494136270194,0.9079602788289414,0.39627364353688355,0.9671009678568472,0.9066163701727092,0.9432937551644589,0.9559566851226751,0.9635753483468394,0.8486671116956646,0.967100967856847,0.8369172238728211,0.9462347596389562,0.9493053971730236,0.9238898933303423,0.9611168424359666,0.8337215482320726,0.9029097871803182,0.8842670595891773,0.9508971383859763,0.8587016255621234,0.5389985445009635,0.922708936151958,0.9654282935645835,0.9615452872130623,0.8070999688196363,0.9508971383859763,0.9508971383859763,0.5024097331093753,0.6906611176231652,0.8961222571494829,0.9508971383859763,0.9615452872130625,0.9508971383859763,0.9250812961986935,0.9390983012237011,0.8246639839958154,0.9508971383859763,0.9262837350880504,0.9404624926714931,0.8681619357560897,0.8440510684196687,0.9508971383859763,0.9555398441554901,0.9637851559795012,0.867296474523096,0.8355826110872573,0.9262837350880504,0.9074679597048851,0.9736183137840243,0.8467918673059885,0.9508971383859763,0.8917073480098128,0.9337692322192535,0.8638069066950458,0.8961225594262117,0.9776371308016877,0.897305029552881,0.9447494136270194,0.9508971383859763,0.9377836865370688,0.9285387190524059,0.9508971383859763,0.9301863608775064,0.8773823348409291,0.8782416695665332,0.8806884293366943,0.8396138091088566,0.9508971383859763,0.8447998165522008,0.8927560435416244,0.9577431256853024,0.9199154281937727,0.9103149333798706,0.9102716897738725,0.9113677351409675,0.9377836865370688,0.9542136024350836,0.9791661049996256,0.8902416609981851,0.9523391253205785,0.8568142373956302,0.9802349352314221,0.942263219246712,0.9377253379624282,0.9559485503920393,0.9859653849226513,0.9508971383859763,0.9593605721085061,0.904869971893631,0.8852588926436556,0.9418654668890594,0.9703287678830982,0.947752420917731,0.8929600567640401,0.9776371308016877,0.947752420917731,0.9418654668890594,0.9508971383859763,0.9971196828020042,0.9179524031336133,0.9472483006084296,0.9593605721085062,0.8364082345766712,0.9535979799037622,0.9971196828020042,0.9926931063209248,0.8410654073897728,0.9404624926714931,0.9615452872130625,0.8717622322764182,0.9192233962368055,0.9326301365954337,0.9350697345319547,0.9404624926714933,0.9857705189045636,0.9542136024350834,0.967100967856847,0.7070447155143822,0.9501274195672516,0.9363880304285923,0.9807840195689514,0.9998238347481487,0.9274978432118415,0.9375392388282304,0.900296822128463,0.9080961023073577,0.9913221015557613,0.8837832652601162,0.9313656494466989,0.6025741141206902,0.9903766507571461,0.9377253379624282,0.8830757482853486,0.9415131363853567,0.9199154281937728,0.9903766507571461,0.9621698344437761,0.8879341694171781,0.9736183137840244,0.8815889130882111,0.9177021057109445,0.920376187934179,0.9807840195689514,0.9596053879391782,0.8770939427870041,0.732320075287366,0.9577431256853024,0.9192233962368055,0.9462347596389562,0.9913221015557613,0.9692769377093197,0.2300542125376599,0.9274978432118417,0.8913895452939616,0.9158139617897609,0.9848910203339206,0.9848910203339206,0.9189335660569544,0.6772273284921262,0.9462347596389562,0.943555263926096,0.9508971383859763,0.9577431256853026,0.9508971383859763,0.9508971383859763,0.8842670595891773,0.5675647468111024,0.967100967856847,0.9508971383859763,0.86018015495147,0.8199114105132119,0.9180790428976138,0.9519838908535551,0.9907463311998268,0.9004325626946128,0.6504288307600087,0.6949102782080141,0.876007953269136,0.4456524500577602,0.7121164362101651,0.9577431256853026,0.9203761879341785,0.8369172238728211,0.8927560435416246,0.9274978432118415,0.9447494136270194,0.4117309614440856,0.8592586391832726,0.9645511776582261,0.8995766368965676,0.9542136024350836,0.9431134523268976,0.4883225819448611,0.9350697345319547,0.9926931063209248,0.8849349368769786,0.9262837350880504,0.9091812387167528,0.9926931063209248,0.9227089361519578,0.9542136024350834,0.9404624926714933,0.9525316455696202,0.9169426994374763,0.925985371610359,0.9375392388282304,0.9559485503920393,0.8938767975645252,0.4917769911135029,0.8738559594940685,0.930109868608842,0.9493053971730234,0.867296474523096,0.9778748351992479,0.9635753483468394,0.8710592812792087,0.8827042327454635,0.6549953778470861,0.8979492114471499,0.9975839852098576,0.6359772303187257,0.8861469711805039,0.9508971383859763,0.9559485503920393,0.9192233962368055,0.981381831638016,0.930906079306367,0.9404624926714931,0.947752420917731,0.9778748351992477,0.897305029552881,0.9377253379624282,0.8366852611594688,0.9615452872130625,0.8879341694171781,0.9998238347481487,0.9040384689315533,0.947752420917731,0.9942907727414588,0.9030834008043366,0.9621698344437761,0.9363880304285925,0.933275239635067,0.8841079446138815,0.8758917085075706,0.7390133621470436,0.967100967856847,0.8302743854409155,0.9309060793063673,0.9759790834075597,0.9535979799037623,0.9390829980374291,0.95253164556962,0.8748900904594732,0.9857705189045636,0.896441649651688,0.9493053971730236,0.8612571141464138,0.8771251090843863,0.9471168020442999,0.698561974028757,0.9542136024350834,0.9203761879341787,0.9192233962368053,0.9350697345319545,0.6990540620282797,0.9759790834075597,0.9488974039091765,0.9820922138479928,0.9998238347481485,0.9190874378408648,0.9692769377093196,0.9635753483468392,0.9508971383859763,0.5772680848886076,0.9029008905962477,0.8722711465586106,0.968805048104574,0.9508971383859763,0.8871683719695136,0.9201654654521203,0.9091812387167528,0.9250812961986934,0.9070160137452734,0.9698578908306781,0.9203333571111532,0.8288112064107178,0.9703287678830982,0.9500805720293442,0.8556227195178283,0.9313656494466989,0.9577431256853028,0.9458556185436358,0.5628474791152085,0.9736183137840242,0.9621698344437761,0.9635753483468394,0.9798175375448483,0.947752420917731,0.9635753483468394,0.9971196828020042,0.9312172606999456,0.9136608016620082,0.9091481169388319,0.9239484101648903,0.9596053879391779,0.9813818316380161,0.5454440744832264,0.8051812588818612,0.8381090821523731,0.9493053971730236,0.9692769377093197,0.9913221015557613,0.9493053971730236,0.9493053971730236,0.967100967856847,0.9508971383859763,0.366890713502936,0.5947271321453258,0.9508971383859763,0.9363880304285923,0.9313656494466989,0.9596053879391779,0.9542136024350836,0.964551177658226,0.9776371308016877,0.9493053971730236,0.8175967654512282,0.8627880798184884,0.9377253379624282,0.8453583632146175,0.9508971383859763,0.9102716897738727,0.9736183137840243,0.9903766507571461,0.8296106003559927,0.9113677351409675,0.9596053879391779,0.9078059071729956,0.5008190116955972,0.9621698344437761,0.9390829980374291,0.9508971383859763,0.685103833186927,0.9828047536783365,0.9759790834075597,0.844192254982888,0.9998238347481486,0.9596053879391779,0.9647682499737457,0.9542136024350836,0.9102716897738727,0.9400545643111307,0.9508971383859763,0.9136608016620082,0.9569175862776929,0.27474411683835787,0.9350348459302542,0.9913221015557613,0.9418654668890594,0.8602443068685646,0.947752420917731,0.827139169166251,0.8301791195638363,0.9508971383859763,0.9508971383859763,0.9957812164793639,0.9275739834424593,0.9458556185436358,0.8352079045667511,0.8070999688196362,0.9103149333798706,0.9375392388282304,0.8425088200665598,0.9350697345319547,0.8852588926436558,0.9508971383859763,0.9782667260455581,0.9559485503920393,0.2326540051734195,0.897305029552881,0.9596053879391779,0.8367671217737245,0.9508971383859763,0.9508971383859763,0.8408844526375086,0.9508971383859763,0.8328941819004578,0.9975839852098576,0.8938767975645252,0.9417626114543682,0.9798175375448483,0.9417626114543682,0.8556016412549079,0.887166534593471,0.9508971383859763,0.9621698344437761,0.8199025531916305,0.9776371308016876,0.9596053879391779,0.8902416609981851,0.8322259783967583,0.6626333293553737,0.9654282935645837,0.9525316455696202,0.92843760760392,0.9508971383859763,0.8625158980695156,0.6291027557617732,0.7070447155143817,0.9448543512076255,0.9029008905962475,0.9375331207684675,0.9080961023073577,0.8905177901464343,0.9645511776582261,0.9063218245476552,0.8066976541477278,0.9913221015557613,0.9615452872130625,0.9804497858651828,0.9337692322192532,0.8487381822088338,0.37108084252019,0.9848910203339205,0.8800416198957275,0.9312172606999456,0.918079042897614,0.936152077182676,0.9471168020443,0.9621698344437761,0.9635753483468394,0.9635753483468394,0.9059407181827082,0.9227089361519578,0.8995766368965674,0.9508971383859763,0.9615452872130625,0.9404624926714933,0.9404624926714931,0.8984874390672324,0.9447494136270196,0.9493053971730236,0.8664086352261163,0.8974836658533198,0.4189873417721507,0.8460940724740424,0.9654282935645835,0.8591052725560666,0.8369085204378071,0.9508971383859763,0.9326301365954337,0.9813818316380161,0.8550156776844484,0.18988738395518157,0.9350697345319547,0.9363880304285928,0.8927560435416244,0.9508971383859763,0.8991917165788903,0.9004325626946126,0.5777143866144243,0.8352079045667515,0.8068502742363661,0.8261471314997644,0.9559485503920393,0.8579639412160383,0.8504578012789958,0.9298058441100165,0.8674070011286249,0.9926931063209248,0.9413167631393242,0.9635753483468394,0.9926931063209248,0.9813818316380161,0.9016827426948626,0.9838585814857688,0.8748900904594734,0.6949102782080139,0.9053819055527925,0.9508971383859763,0.9493053971730236,0.9091481169388318,0.9309060793063675,0.8995766368965674,0.867296474523096,0.8891945326348291,0.9508971383859763,0.8551620913384856,0.900633073794324,0.9250812961986936,0.9508971383859763,0.8163356189353926,0.9942907727414587,0.9596053879391779,0.9377253379624282,0.9493053971730236,0.9451236844516557,0.9859653849226513,0.9390983012237013,0.9312172606999456,0.9113677351409673,0.9377253379624282,0.9078499433527252,0.9508971383859763,0.9798175375448483,0.9508971383859763,0.23005421253766167,0.8996699165287372,0.8881911996032124,0.2326540051734195,0.9287243013130126,0.8967049201048767,0.9892166093373964,0.9250812961986934,0.9508971383859763,0.7982575278213406,0.8151007362602646,0.918710349669114,0.9274978432118417,0.918079042897614,0.9692769377093197,0.9274978432118415,0.5474399501189939,0.9637851559795012,0.9339037414170339,0.8600166410692989,0.9637851559795012,0.9723157551667554,0.9559485503920393,0.9970674713569028,0.9637851559795012,0.2326540051734195,0.9337692322192535,0.9776371308016877,0.8892155845940946,0.9493053971730234,0.6431265528086217,0.9903766507571461,0.8954023823601893,0.9621698344437761,0.9377253379624282,0.9169426994374763,0.6051560701903467,0.9190874378408648,0.488322581944862,0.8475715154012993,0.9723157551667552,0.904869971893631,0.7964942405710977,0.9146924482852168,0.952980897791095,0.9324854129452831,0.4189873417721509,0.9736183137840242,0.904869971893631,0.93518689541171,0.929963842972795,0.9299638429727952,0.9431134523268976,0.9559485503920393,0.9577431256853026,0.7812460279519371,0.9287243013130129,0.9040384689315533,0.9654282935645835,0.9274978432118415,0.8250910195763217,0.9950927970641263,0.9262837350880506,0.9508971383859763,0.9643535864493462,0.9167698423523449,0.959016409305403,0.9038035415131254,0.8308340295784886,0.9577431256853024,0.9873359374176983,0.7761815505413793,0.9337692322192535,0.9462347596389562,0.9778748351992479,0.9807840195689514,0.7861632512209237,0.8842703777786562,0.9418654668890594,0.8804734569104511,0.9493053971730234,0.792712180503992,0.8579639412160385,0.9542136024350834,0.9525316455696202,0.7482657001003148,0.9299638429727948,0.9542136024350836,0.9820922138479928,0.7390133621470436,0.8613811475412916,0.947752420917731,0.947752420917731,0.8285830311324831,0.9363880304285923,0.9857705189045634,0.9736183137840243,0.7807242383061462,0.9903766507571459,0.9577431256853026,0.8964416496516883,0.9350697345319547,0.9078059071729958,0.27474411683835687,0.8892155845940948,0.3110882524899775,0.8247832035705709,0.9577431256853026
p10_G,0.909287542875715,0.9750206691499417,0.805778530158987,0.9446024350495379,0.9369854052620168,0.953255582527178,0.9554227427946571,0.9954015685169628,0.8806719604852848,0.9506503681784946,0.5133712605141,0.9349426948340505,0.9349426948340502,0.9796265153694581,0.872970199046124,0.8578283462385063,0.9810860991992141,0.915004851984079,0.9481608601832734,0.9506503681784948,0.9645875202038655,0.20590810195139986,0.9200817943852442,0.9390829980374291,0.0,0.915004851984079,0.9310020898787328,0.8963379163019165,0.9506503681784946,0.9991552845816156,0.9069566644903915,0.996557344576431,0.9290959183459289,0.9910569717673405,0.9369854052620168,0.7268627140717177,0.44480921266889784,0.9290959183459286,0.953255582527178,0.9545623789260471,0.9057276216233506,0.91667381023818,0.9034814342922285,0.9959171885245304,0.9810860991992141,0.9884750465186468,0.42203304800755903,0.9080787883543033,0.3449513367366037,0.8657679762547947,0.936582663250047,0.8638590368044659,0.915004851984079,0.9272278453848011,0.9290959183459286,0.9523096052149491,0.7636321821450429,0.9369854052620163,0.7461121347606003,0.5019344689077635,0.8834506330434526,0.9604658372827795,0.9593996391173951,0.9064840699954799,0.7426004748278987,0.8062306205163003,0.9365826632500471,0.8983146622607214,0.8660832674339087,0.9481608601832734,0.9854168063328744,0.9133573033767912,0.9369854052620168,0.8090990941641021,0.9369854052620163,0.8219166957221848,0.9235944347702931,0.934296642316799,0.9312818711137034,0.9751129258825254,0.934296642316799,0.9616684643803335,0.9085306004621045,0.915004851984079,0.9369854052620163,0.970087547292547,0.938958597343658,0.8282616633751725,0.7989125516244425,0.93494269483405,0.9369854052620163,0.8356379386668251,0.9847437739421487,0.8711731485657734,0.9479529588566924,0.8765493364841211,0.9008975568963149,0.8479553728156017,0.7765627366303722,0.7751411006332312,0.7636321821450426,0.9991256173192249,0.9913026731221013,0.9177326131636527,0.7286674419308927,0.33689100317770826,0.6850368406642396,0.8422810143335602,0.9218241042345277,0.7877637952475487,0.905783801848909,0.959237033712196,0.8549484868610262,0.4724390929433463,0.42203304800755903,0.8244461154233773,0.9750206691499415,0.9481608601832734,0.953255582527178,0.8239134490485776,0.9694312576708428,0.9114911763347561,0.9218241042345277,0.9847277353330188,0.9150048519840792,0.7900935967596578,0.44480921266889784,0.8278323671212413,0.9349426948340502,0.8948693468634783,0.8421500073984989,0.9412414838519025,0.996557344576431,0.953255582527178,0.7184098448778982,0.9329370334459521,0.8499673668876724,0.943467974097185,0.39681053131259425,0.9329497321807896,0.7480459931007188,0.36873595961657546,0.7822000230606596,0.9423651274969923,0.9062714465097337,0.8890928172755166,0.8671016868583241,0.8040825160086582,0.9133573033767912,0.9961190246234446,0.9132268973805197,0.8834506330434522,0.6652372862831992,0.8525812245745796,0.943467974097185,0.9545623789260469,0.9171410311139647,0.8934110566484073,0.868353976306378,0.9114911763347562,0.9492747164268422,0.9991256173192247,0.9616684643803335,0.8016420807864293,0.7572532287816438,0.8534693254392713,0.8800187100542716,0.7805354160359033,0.9085306004621048,0.8330592294891925,0.9796265153694581,0.4844846382315783,0.9117298605520909,0.9728142023360637,0.8751038050216223,0.9287031357493718,0.9481608601832734,0.8665350367911273,0.8034091357224458,0.8591451287364844,0.9248384182046998,0.8911121111514899,0.9117298605520905,0.9877220281917205,0.8511402259456591,0.6709524937236337,0.8755842366061313,0.8779179059734528,0.9272278453848011,0.943772438814358,0.964301940744402,0.9129412260730063,0.8852080508514842,0.8559805319354532,0.9818634913664557,0.9369854052620163,0.9390829980374291,0.9329497321807898,0.876549336484121,0.8614779269973653,0.8956273847626326,0.9349426948340505,0.9369854052620163,0.8418002028850208,0.8793369473834518,0.9506503681784946,0.9369854052620163,0.8176308472588917,0.8948693468634783,0.8591451287364846,0.8483580968209999,0.8576833897058398,0.6428226383045891,0.9369854052620163,0.8983146622607213,0.9369854052620162,0.7835967342056416,0.8985368145398756,0.8938539504632957,0.9369854052620163,0.7024905464814848,0.9369854052620163,0.7547886064367306,0.8848500287036507,0.9320797389103181,0.7679165976578787,0.7693378488114864,0.809355004947091,0.9329497321807896,0.5949478945425439,0.9235944347702936,0.7885065058798691,0.7423490716619214,0.9910569717673405,0.943467974097185,0.8751860185986188,0.8644375806981959,0.8792920141466947,0.8724740464567162,0.680761797183002,0.8948693468634781,0.9310020898787328,0.8538210569780722,0.9329497321807898,0.9369854052620163,0.9113067123177236,0.9369854052620163,0.9292574601382564,0.9302334181929384,0.9965573445764311,0.990094017201337,0.809355004947091,0.9390829980374291,0.893411056648407,0.5840119435396276,0.9826614905668988,0.8875271554498323,0.8278323671212413,0.9412414838519028,0.8610704848897668,0.8408491588837401,0.8067567589554556,0.93494269483405,0.9457709851868579,0.9461370237938854,0.953255582527178,0.842000725965919,0.9386703656708342,0.91667381023818,0.8395485353725951,0.8807450223035019,0.9434679740971852,0.9127267712010145,0.8999744493955653,0.8559602437672629,0.33689100317770826,0.7877637952475485,0.9634129222225685,0.7785143692692988,0.9096861238372793,0.33689100317770826,0.8160370169864275,0.7931357244362576,0.9457709851868579,0.8738276768158082,0.7930603358875297,0.9412414838519025,0.8993081265656122,0.7606222572952102,0.5019344689077636,0.9412414838519025,0.9412414838519025,0.780973280871375,0.9218485695187227,0.9919954659568129,0.8199826469754623,0.8249859972997307,0.9312963087719359,0.9868438546677247,0.7371109875774774,0.9218223944261853,0.9843238957181939,0.9434679740971852,0.7546438909083388,0.9670487459541284,0.9991256173192249,0.9133573033767912,0.8963379163019165,0.7539022806283829,0.8876707345437711,0.8565137343618394,0.8798658031392226,0.7667157301807367,0.8204535137014941,0.8040851393909492,0.9132268973805198,0.9129412260730063,0.9506503681784948,0.5525173650991517,0.8948693468634783,0.9887060249405424,0.9412414838519025,0.9369854052620163,0.943467974097185,0.9113067123177236,0.8338041302188691,0.33689100317770826,0.8672518908219964,0.9594986384506098,0.9369854052620163,0.5840119435396279,0.9481608601832734,0.953255582527178,0.6350332153677629,0.6673549647054684,0.7785143692692988,0.943467974097185,0.8663706046729465,0.7284195121005133,0.9667480998914222,0.9290959183459291,0.9499380785231168,0.9412414838519025,0.8993081265656124,0.7599175669402093,0.9272278453848011,0.8890928172755166,0.953255582527178,0.8024666563592093,0.9179670373226423,0.7478952262612744,0.4679897982754916,0.93494269483405,0.9854168063328744,0.8826561166564143,0.7842038146866641,0.7621006700194148,0.7477544398129189,0.9369854052620163,0.8186692280313934,0.9339524310656602,0.7664366493157014,0.7046964066654738,0.9506503681784946,0.8080897785000025,0.9369854052620163,0.9369854052620163,0.9133573033767912,0.8806719604852851,0.8637474977093367,0.9369854052620162,0.9812882646010125,0.682793719717393,0.7930603358875294,0.788109289178447,0.7625548701434586,0.9913026731221013,0.8259843931141263,0.9694100907323095,0.7459648775430554,0.7658089329567608,0.9369854052620163,0.8367985431777611,0.8177275028308698,0.7928259796469517,0.8194729220297274,0.6341150863878606,0.9467322755899161,0.9412414838519025,0.7704321513468302,0.9369854052620163,0.7828178419997128,0.833804130218869,0.8896667955588827,0.958780593375647,0.9390829980374291,0.6510871761673129,0.9290959183459289,0.9369854052620163,0.8711248729670615,0.7811847363169382,0.9369854052620163,0.9794798384951368,0.7922734224231103,0.7497109206807864,0.7301396361966427,0.7546438909083388,0.9369854052620163,0.7961677493276367,0.8469678326776531,0.9457709851868579,0.676531754867802,0.7539022806283828,0.8848500287036505,0.8862566036435153,0.8837161210105096,0.42203304800755903,0.873827676815808,0.8591451287364846,0.9641700044827177,0.8173540536242112,0.8012590023216628,0.8635999490235531,0.9200817943852444,0.39681053131259425,0.917534469484553,0.9369854052620163,0.9481608601832734,0.9732225595649318,0.8864833573452551,0.9253948970823005,0.6500288760033344,0.9329497321807898,0.8673230773195616,0.9950927970641261,0.9329497321807898,0.9810661291837657,0.9369854052620168,0.8816008595546367,0.8144866766246205,0.8611739148129461,0.9481608601832734,0.809420201655433,0.9506503681784948,0.9272278453848009,0.9200817943852442,0.9181364588275018,0.9847742533056745,0.7771041629395344,0.9433617692359312,0.9320797389103181,0.9852056102861466,0.9556365193397717,0.9235944347702933,0.8005610041430156,0.9991256173192249,0.8993081265656122,0.8431315188296271,0.847944115313171,0.9183656033219387,0.8751860185986184,0.9721643839492675,0.9069566644903915,0.8778112237758889,0.7877575020847978,0.9471226958989929,0.9310020898787328,0.7931357244362576,0.5717052400762437,0.9038554657884541,0.9616684643803335,0.9641700044827177,0.7498190060982681,0.9253948970823007,0.8287611233115326,0.9183656033219387,0.39784922654732247,0.71811984507629,0.9412414838519025,0.9921546135864782,0.8612508407832882,0.9576422202536797,0.9996217758139353,0.9481608601832734,0.7599175669402093,0.8657679762547947,0.9457709851868579,0.9964366158728784,0.9310020898787328,0.9310020898787328,0.9434679740971852,0.9481608601832734,0.945842199911705,0.7590923384732138,0.9694312576708428,0.43170530487390835,0.9877220281917205,0.8527779327341045,0.8848500287036507,0.9810860991992141,0.9763402298957824,0.9369854052620163,0.36864622684561166,0.9369854052620163,0.9369854052620163,0.7751411006332309,0.920081794385244,0.7717871684332457,0.9369854052620163,0.7635728637516699,0.7986983159818961,0.8948693468634783,0.8773135814748486,0.8367985431777611,0.816790758304958,0.9257124459883884,0.8792920141466947,0.8013966443800902,0.9242212627322114,0.9461282675204837,0.9457709851868581,0.8978173148387736,0.8411057039016189,0.8212944178861188,0.35421816250464877,0.9731155357061646,0.9843238957181939,0.777400993191607,0.9457709851868579,0.5159776119768664,0.42203304800755903,0.8712150485544223,0.9694100907323093,0.91667381023818,0.9200817943852442,0.8875634970438158,0.6341150863878604,0.8834506330434524,0.9200817943852442,0.9008109730235985,0.9412414838519025,0.9235944347702933,0.9390829980374291,0.6515768171195463,0.8226046489234888,0.9271638594441997,0.996557344576431,0.9198608721014004,0.931002089878733,0.9707805236514573,0.6354063896248417,0.9594986384506098,0.7928259796469515,0.9085306004621045,0.953255582527178,0.7225525935791479,0.809420201655433,0.8792920141466947,0.7970035287876279,0.9389585973436583,0.9510212795701292,0.9390352294244491,0.9369854052620163,0.39681053131259425,0.8963379163019165,0.9369854052620168,0.9634222611466375,0.9235944347702931,0.9329497321807898,0.6578234571974322,0.7481989228047896,0.9035653652248616,0.757646272787821,0.9506503681784948,0.7181198450762898,0.9253948970823005,0.8343457370300271,0.9843238957181939,0.9779901913198821,0.8991770585347529,0.9302334181929384,0.7352115082109041,0.782617578511497,0.9355688794736527,0.7855480309011273,0.830439865086853,0.9545120045449914,0.7905202806671943,0.7024905464814848,0.9069566644903913,0.9506503681784948,0.8086319218241043,0.9390829980374291,0.8060000090322552,0.8792920141466944,0.8671016868583243,0.93494269483405,0.7846519163943755,0.7273493261654516,0.9751129258825252,0.8779295299283141,0.9412414838519023,0.8853719877999067,0.6390183897888619,0.91667381023818,0.9414543417011054,0.5097603041899039,0.9667480998914222,0.9049013665285817,0.9253948970823,0.9877220281917201,0.39681053131259425,0.9751129258825254,0.9369854052620163,0.8993081265656124,0.9816892499537837,0.8856543818329802,0.9747559458370871,0.9369854052620162,0.883729947811527,0.9534634049272944,0.8834506330434524,0.8309458606780317,0.7320968524620612,0.9553462017783088,0.8525812245745796,0.9622901744702326,0.950107672001856,0.8869193642028728,0.8147180119466231,0.9237909679850969,0.36864622684561166,0.7365316078009594,0.8042119268079011,0.9991256173192249,0.7514899398419221,0.953255582527178,0.9101213268023747,0.9329497321807898,0.9751129258825252,0.9272278453848009,0.9928893498778073,0.9369854052620168,0.9728142023360637,0.8280071030846939,0.9481608601832736,0.9369854052620168,0.9235944347702931,0.7360004217167482,0.7781429858473838,0.93494269483405,0.943467974097185,0.9310020898787328,0.93494269483405,0.93494269483405,0.9358530937879613,0.9369854052620163,0.9310020898787328,0.8848500287036507,0.9369854052620163,0.8651200913860876,0.9278255637976507,0.9481608601832734,0.42203304800755903,0.9457709851868579,0.9390829980374291,0.93494269483405,0.714402032353513,0.8239134490485773,0.9200817943852442,0.802741085523923,0.9369854052620163,0.8173793423971963,0.9429902492134531,0.9183656033219387,0.7439123385701869,0.4462067971721494,0.9481608601832734,0.9390829980374291,0.9218241042345277,0.9655974895223984,0.9218241042345277,0.465524648277051,0.8948693468634783,0.9105790217775469,0.9375011938243535,0.904487734508212,0.9253948970823007,0.9868438546677248,0.7982071677784179,0.42203304800755903,0.9497218441301533,0.8040825160086582,0.9369854052620163,0.9369854052620168,0.8055300989235583,0.9506503681784948,0.9952495177812837,0.5180738075959728,0.8407576685828648,0.7822000230606596,0.9329497321807898,0.7407778267118061,0.7327966338026524,0.9369854052620163,0.9369854052620163,0.8934110566484073,0.7239209861454206,0.9753361086597814,0.9004947475176113,0.8080897785000025,0.9847086306224755,0.9024875416100445,0.7516140668369251,0.7428204019696903,0.7916593605787672,0.9369854052620163,0.971137692094667,0.39681053131259425,0.953255582527178,0.9181444794203742,0.33689100317770826,0.7905202806671947,0.9369854052620163,0.9369854052620163,0.8127547489247666,0.9913026731221013,0.7295429110310823,0.5266176936855156,0.9198608721014003,0.8751860185986187,0.990094017201337,0.7179393132421803,0.7946256519630466,0.9575777626362936,0.9369854052620162,0.8575821538303017,0.7737143139162701,0.44480921266889784,0.9481608601832734,0.9171338879258173,0.856518749424179,0.9230838149438536,0.8492368715730201,0.9390829980374291,0.8378281998597911,0.9369854052620163,0.7849906623320981,0.9576422202536796,0.9064840699954801,0.5863836912613798,0.8859776001488879,0.9272278453848009,0.8820580577672703,0.670952493723634,0.9457709851868579,0.8637184774341826,0.829136551829492,0.9310020898787328,0.9812882646010126,0.9417409905789562,0.915004851984079,0.7679533613871454,0.943467974097185,0.93494269483405,0.8506369201724969,0.9523096052149489,0.9655974895223984,0.9023265168341346,0.953255582527178,0.9302334181929384,0.9532555825271782,0.953255582527178,0.41638462609066773,0.9008109730235982,0.8711248729670611,0.9369854052620168,0.9812882646010126,0.4349863817614831,0.9847742533056744,0.7216415840708978,0.9290959183459291,0.9349426948340502,0.9117298605520905,0.8684389251881861,0.9390829980374291,0.992394784087866,0.9339524310656602,0.8047912224780618,0.8000940563049387,0.9369854052620163,0.8654973471746632,0.9913026731221013,0.809267701039456,0.9506503681784946,0.91667381023818,0.918365603321939,0.588217041908597,0.9369854052620163,0.757646272787821,0.7696716759420529,0.9183656033219387,0.7591375004288963,0.7849906623320981,0.7679533613871454,0.39681053131259425,0.7793910081937734,0.8173684566621491,0.9004947475176115,0.6813778305545801,0.947653575322335,0.647926186111001,0.9751129258825253,0.964170004482718,0.9913026731221013,0.7532880466309102,0.8806173188769295,0.8000490890639187,0.8792920141466947,0.7618947147492691,0.9369854052620166,0.93494269483405,0.8784502765604176,0.9634222611466375,0.7611366179992952,0.816126897328521,0.7864757439475132,0.9369854052620163,0.7609577999377946,0.6703261983640922,0.941740990578956,0.9369854052620163,0.8013966443800902,0.9290959183459286,0.33689100317770826,0.920081794385244,0.93494269483405,0.8344527069141838,0.9150048519840791,0.6646850475912341,0.9117298605520907,0.8133519267235338,0.9200817943852442,0.7579266547804187,0.9369854052620163,0.950107672001856,0.9369854052620163,0.9481608601832734,0.9386703656708343,0.856513734361839,0.953255582527178,0.9732023243541322,0.8251411757254743,0.8820580577672703,0.4520906127730089,0.9369854052620163,0.8891857203745812,0.8258236320063455,0.8310754151823584,0.781959052139098,0.8948693468634785,0.943467974097185,0.9069566644903915,0.9053985774691051,0.8963379163019165,0.8671016868583243,0.7162672716759502,0.8963379163019165,0.9038554657884541,0.943467974097185,0.8249859972997307,0.8963379163019165,0.953255582527178,0.7919389605860271,0.9390829980374291,0.5366354005163085,0.9349426948340502,0.9053985774691051,0.7352115082109041,0.8657679762547947,0.6453977258535435,0.9200817943852442,0.8934110566484075,0.9133573033767912,0.9349426948340502,0.9235944347702931,0.8375365895474427,0.6794037615160226,0.8361681332521105,0.9882199982080835,0.8905232684471216,0.8862566036435156,0.9630274699754413,0.9390829980374291,0.42203304800755903,0.9950092225712419,0.9803572006357362,0.6500288760033346,0.950107672001856,0.876549336484121,0.39681053131259436,0.36864622684561166,0.870781195942419,0.9085306004621043,0.9531288325705116,0.970087547292547,0.39310369792596245,0.9191315085911913,0.9218241042345277,0.9053985774691051,0.465524648277051,0.7973442214105759,0.9008738172741857,0.7268703810384534,0.876549336484121,0.8133969328652477,0.8049261828249477,0.9910569717673405,0.9012021122836482,0.915004851984079,0.7184098448778982,0.6578234571974315,0.9377821213923416,0.8408491588837401,0.9822252480331439,0.5601407473810668,0.9063883988086399,0.9877220281917203,0.9736259184805984,0.9231342686029484,0.6535695818768423,0.44480921266889784,0.8591451287364846,0.9101213268023747,0.9991256173192247,0.9086564951947781,0.8304398650868532,0.8798733906301688,0.8101794501321892,0.3991861418329561,0.8891857203745812,0.9616684643803335,0.8966050986561026,0.9412414838519028,0.8252209280961134,0.6053029250357179,0.36864622684561166,0.8671016868583241,0.959237033712196,0.9950927970641261,0.9812882646010125,0.9691612956914407,0.9868438546677248,0.8705619925440007,0.36864622684561166
p10_K,0.7232650295684582,0.9208799593226005,0.8540589702876233,0.8954688163631979,0.9314886672615048,0.949178085609155,0.7677453201141122,0.7249477881963555,0.28771855834067916,0.9463456194504822,0.9188871236697294,0.9292677720165115,0.9292677720165115,0.8954688163631979,0.9110950154916331,0.845426769507341,0.9249834296604695,0.9075907590759069,0.9436389526644002,0.9463456194504825,0.8482926115779139,0.9169296077473634,0.9131105611405983,0.9337692322192535,0.915004851984079,0.0,0.9249834296604695,0.8872955140291616,0.9463456194504825,0.6969281293985672,0.1227372056815752,0.9385367079941813,0.9229109835440799,0.18994536180553956,0.931488667261505,0.9436389526644002,0.9859653849226515,0.9229109835440805,0.949178085609155,0.9057994954598185,0.8642985447139284,0.9094052998937725,0.9491780856091547,0.8825384613814418,0.9249834296604695,0.7942397672655976,0.9361160018916064,0.31150513415435455,0.9057994954598185,0.881885284132552,0.9385367079941813,0.7971196216424012,0.03901461574728915,0.9208799593225998,0.9229109835440805,0.904030091445724,0.9040300914457235,0.9314886672615046,0.7381271605259614,0.9271009640247971,0.30130761768926206,0.6168808364573259,0.9075907590759071,0.8642985447139284,0.9410406098239259,0.609755936569299,0.9385367079941815,0.8296313410259666,0.724091671213138,0.9436389526644002,0.8938064978005682,0.9057994954598185,0.931488667261505,0.6046908988334155,0.9314886672615046,0.8468584144181479,0.9169296077473634,0.9188871236697291,0.6122521848286554,0.9491780856091547,0.9188871236697294,0.9112446674143928,0.9005517611723408,0.9075907590759071,0.9314886672615046,0.8889039599111497,0.9169296077473634,0.6712287575866582,0.8851446183863341,0.9292677720165115,0.9314886672615046,0.8540589702876238,0.7722474481848001,0.5278502511680846,0.9005517611723408,0.8657807842755783,0.8511694599226765,0.8482926115779139,0.6196017318950297,0.622006741759932,0.9040300914457231,0.9361160018916062,0.9314886672615053,0.808553489343715,0.825552418020379,0.9436389526644,0.8748055425712822,0.6619722235834533,0.9150048519840785,0.5995256883006481,0.8326266896887442,0.9094052998937725,0.6449329538513504,0.8778722974583606,0.9361160018916064,0.6838280318363461,0.9208799593226007,0.9436389526644,0.949178085609155,0.5173103933453214,0.8825384613814415,0.845426769507341,0.9150048519840785,0.8988405313927079,0.9075907590759071,0.7198742838044131,0.9337692322192535,0.812814253078966,0.9292677720165115,0.885698841863535,0.48690460751512854,0.9361160018916062,0.9385367079941811,0.949178085609155,0.9249834296604698,0.7913495263156971,0.8368800800587317,0.9385367079941813,0.9385367079941811,0.9271009640247971,0.736505853691706,0.946345619450482,0.6097559365692993,0.8269664944023669,0.8482926115779139,0.39202005750091073,0.9955163805952008,0.5661686426124279,0.9057994954598185,0.7164488397748476,0.9463456194504825,0.9038547561156005,0.8057060011361046,0.58133717982476,0.9385367079941818,0.24941223599141116,0.8584208648000138,0.8841133455738344,0.9511300648769827,0.845426769507341,0.7397414321423501,0.9361160018916062,0.9112446674143928,0.8646359779102974,0.8613500083222565,0.8872955140291616,0.6522223995588009,0.8642985447139284,0.9005517611723408,0.9076960674031369,0.8954688163631979,0.9292677720165115,0.2640022013016081,0.7869927119133107,0.6501769304120563,0.9651334427679321,0.9436389526644,0.8255524180203793,0.8921587537070723,0.8468584144181479,0.9271543321391977,0.5490235441416206,0.9040300914457231,0.9292677720165115,0.6586263979012221,0.8028518170159549,0.5173103933453216,0.8672687335363689,0.9208799593225999,0.8971465330611361,0.9271009640247971,0.8702630231263384,0.7601473737062696,0.6741002898710913,0.8732840781850191,0.9314886672615046,0.9337692322192535,0.9271009640247971,0.8951634300459377,0.7781907026725832,0.3946305558992952,0.9292677720165115,0.9314886672615046,0.8227244392370432,0.6741002898710913,0.9463456194504822,0.9314886672615046,0.6115876704931473,0.22448456382846116,0.39657643890135463,0.5208716152924309,0.871770029122154,0.9292677720165115,0.9314886672615046,0.8057060011361049,0.9314886672615046,0.6359965055496788,0.7826074507426821,0.7781907026725832,0.9314886672615046,0.8128142530789662,0.9314886672615046,0.7677453201141125,0.29270720591052823,0.8872955140291616,0.832626689688744,0.9361160018916062,0.7005689296405748,0.9271009640247971,0.9131105611405983,0.9169296077473637,0.8732840781850184,0.6701151105328296,0.8905248145511351,0.9385367079941811,0.864298544713928,0.8526125248565148,0.8687627046182593,0.8613500083222565,0.5210900952644624,0.22448456382845994,0.9249834296604695,0.845426769507341,0.9271009640247971,0.9314886672615046,0.8687627046182598,0.9314886672615046,0.7429494188247937,0.8856988418635352,0.9385367079941815,0.9022812459376921,0.7005689296405748,0.9337692322192535,0.9167311028995666,0.9150048519840792,0.8555090199358881,0.9188871236697294,0.5306398206128394,0.9361160018916064,0.8269664944023671,0.49119909663553196,0.8131121854603571,0.9292677720165115,0.9410406098239259,0.9721438786590073,0.949178085609155,0.7932721517745704,0.7752272051820452,0.9094052998937725,0.47027502545212596,0.8312107660355976,0.9385367079941815,0.8191308702322293,0.7484582530296053,0.6913839274823115,0.9436389526644,0.5995256883006481,0.23520720663140027,0.911244667414393,0.8672687335363696,0.9436389526644,0.8236340386243199,0.6314143565161077,0.9410406098239259,0.8628217153184259,0.8954688163631976,0.9361160018916062,0.8905248145511351,0.6449329538513504,0.9271009640247971,0.9361160018916064,0.9361160018916062,0.7282888520649473,0.9436389526644,0.659898971292183,0.5517027491631035,0.8454267695073412,0.7899002280072158,0.9436389526644002,0.931488667261505,0.9057994954598185,0.9271009640247971,0.9385367079941818,0.6535845456198999,0.8917796312811817,0.9361160018916062,0.9057994954598185,0.9872201163229499,0.7508557165936525,0.8778722974583606,0.8707246235926529,0.7826074507426817,0.9595213074576399,0.8341941060040072,0.8283808154149447,0.9463456194504825,0.7087277676071719,0.9463456194504827,0.8905248145511351,0.885698841863535,0.8778722974583606,0.9361160018916062,0.9314886672615046,0.3907704462720022,0.8687627046182596,0.9075907590759071,0.9436389526644,0.9410406098239257,0.9292677720165115,0.9314886672615046,0.9150048519840788,0.9436389526644,0.9491780856091547,0.8794184279003852,0.7616769526263909,0.911244667414393,0.9385367079941815,0.8614038322551054,0.7692505156398974,0.9150048519840785,0.530307635450721,0.8316304748044481,0.9361160018916064,0.25805868207541593,0.7461308961782385,0.41104010536568103,0.7404625210046383,0.9491780856091547,0.7077247503603452,0.8905248145511351,0.6913839274823115,0.9249834296604695,0.9292677720165115,0.8938064978005682,0.845426769507341,0.6449329538513504,0.642726408591158,0.7555267484019446,0.9314886672615046,0.5312701363746672,0.8889039599111497,0.8921587537070723,0.8889039599111497,0.9463456194504825,0.813072233987008,0.9314886672615046,0.9314886672615046,0.9057994954598185,0.870263023126338,0.8099750192678041,0.9314886672615046,0.9463456194504827,0.9314886672615053,0.8954688163631976,0.8613500083222565,0.6741002898710906,0.9314886672615053,0.8971465330611361,0.9169296077473634,0.773739416204358,0.7413488062196427,0.9314886672615046,0.8397219435105807,0.8872955140291616,0.693243331176278,0.6895129103877654,0.8971465330611361,0.8241384457107954,0.9361160018916062,0.6640301842398459,0.9314886672615046,0.726622344756015,0.9075907590759071,0.5136995116745937,0.7707511864043153,0.9337692322192532,0.7722474481848001,0.9229109835440805,0.9314886672615046,0.8598831469664705,0.6492930024488199,0.9314886672615046,0.8971465330611361,0.6660731356792744,0.7869927119133107,0.7508557165936522,0.6535845456198998,0.9314886672615046,0.6895129103877649,0.5243844819477566,0.9410406098239259,0.7999899992499373,0.7508557165936522,0.874805542571282,0.28385076438625845,0.8598831469664703,0.9361160018916064,0.8628217153184259,0.39657643890135463,0.9131105611405985,0.5346453085739653,0.8297955240805068,0.8255524180203793,0.913110561140599,0.9385367079941811,0.9075907590759071,0.9314886672615046,0.9436389526644002,0.8672687335363685,0.6337152370574655,0.9188871236697294,0.9022812459376917,0.9271009640247971,0.7282888520649473,0.933769232219253,0.9271009640247971,0.9188871236697294,0.9314886672615053,0.9208799593226007,0.8368800800587317,0.8702630231263382,0.9436389526644002,0.5540180609161358,0.9463456194504827,0.9208799593226007,0.9131105611405985,0.6557054307329719,0.9169296077473634,0.9463456194504825,0.7299474608183196,0.9206037147937578,0.8540589702876233,0.9094052998937725,0.9169296077473637,0.8687627046182596,0.9361160018916062,0.8905248145511351,0.8642985447139284,0.9852604376725091,0.911244667414393,0.523194432108482,0.9188871236697294,0.1227372056815752,0.7840725527723562,0.6987539300174221,0.871770029122154,0.9249834296604695,0.6314143565161074,0.8526125248565148,0.8954688163631979,0.9112446674143928,0.913110561140599,0.7539755036479474,0.9188871236697294,0.7999899992499382,0.9112446674143926,0.885698841863535,0.7215739138624426,0.9361160018916062,0.8146188345331842,0.7824733633865912,0.8889039599111497,0.8934655458176228,0.9436389526644,0.7461308961782385,0.3946305558992952,0.9410406098239257,0.8872955140291616,0.9249834296604695,0.9249834296604698,0.9385367079941818,0.9436389526644,0.8988405313927079,0.7647208885946122,0.8825384613814418,0.9292677720165115,0.9292677720165115,0.612252184828656,0.8748055425712828,0.9249834296604702,0.826966494402367,0.9314886672615046,0.9410406098239261,0.9314886672615046,0.9314886672615046,0.6220067417599319,0.9131105611405992,0.8905248145511351,0.9314886672615046,0.640501723428875,0.5777722951971116,0.885698841863535,0.8014219204690636,0.8397219435105807,0.7381271605259614,0.8702630231263382,0.8687627046182591,0.5720356901794401,0.9229109835440803,0.8468584144181478,0.9410406098239263,0.2018787229880712,0.6913839274823115,0.5243844819477566,0.8988405313927079,0.9229109835440805,0.9271009640247971,0.731224412591975,0.9410406098239257,0.8598831469664703,0.9361160018916064,0.865780784275578,0.9169296077473634,0.9094052998937725,0.9131105611405985,0.5477209069966885,0.8971465330611361,0.30130761768926206,0.9131105611405985,0.8921587537070723,0.9900588676412958,0.9169296077473637,0.933769232219253,0.8841133455738346,0.5208716152924309,0.7840725527723562,0.9385367079941813,0.8071305231050048,0.92498342966047,0.6895129103877656,0.8511694599226762,0.9292677720165115,0.693243331176278,0.9005517611723408,0.9491780856091547,0.7381271605259614,0.5540180609161356,0.8687627046182593,0.7348773722893926,0.9169296077473634,0.998136987240644,0.8675944071688324,0.9314886672615046,0.9385367079941811,0.34661586838513114,0.931488667261505,0.8128142530789662,0.9596257255045415,0.9271009640247974,0.900551761172341,0.7722474481848001,0.9131105611405983,0.6492930024488199,0.9463456194504822,0.7215739138624426,0.9188871236697294,0.8446526322626184,0.9271009640247971,0.9229109835440805,0.7263548636463293,0.885698841863535,0.911244667414393,0.704167298979953,0.45469853365443846,0.7445434044715771,0.8401356041885015,0.8905248145511351,0.5942559581107373,0.8128142530789662,0.8988405313927079,0.9463456194504827,0.9150048519840785,0.9337692322192535,0.7826074507426821,0.9820630344910946,0.500457121031271,0.9292677720165115,0.7249477881963555,0.7855342689816791,0.9491780856091547,0.8368800800587317,0.8481125351096335,0.8889039599111497,0.8872955140291612,0.9094052998937727,0.8672687335363685,0.8988405313927079,0.9150048519840785,0.8628217153184259,0.9188871236697291,0.9292677720165112,0.9385367079941811,0.9491780856091547,0.9314886672615046,0.8905248145511351,0.8184808644825552,0.6449329538513504,0.8921587537070723,0.9314886672615046,0.5193577087969159,0.7632014178211741,0.9955667899073475,0.8954688163631979,0.8702630231263369,0.8540589702876238,0.4497597078555209,0.7329849321133395,0.9022812459376919,0.8732840781850184,0.5412659972569195,0.8526125248565146,0.9410406098239263,0.8687627046182598,0.9040300914457235,0.9361160018916062,0.8856988418635352,0.9491780856091547,0.9022812459376919,0.9271009640247969,0.949178085609155,0.9208799593226003,0.9040300914457235,0.931488667261505,0.7869927119133107,0.843997484560278,0.9436389526644002,0.9314886672615053,0.9169296077473637,0.7041672989799528,0.6535845456198998,0.9292677720165115,0.9385367079941818,0.92498342966047,0.9292677720165115,0.9292677720165115,0.8905248145511351,0.9314886672615046,0.9249834296604695,0.8748055425712828,0.9314886672615046,0.911244667414393,0.8526125248565148,0.9436389526644,0.9361160018916064,0.9410406098239259,0.9337692322192532,0.9292677720165115,0.7249477881963553,0.5173103933453214,0.9131105611405987,0.569118849499551,0.9314886672615046,0.8748055425712822,0.9361160018916062,0.9112446674143926,0.6681013542731119,0.8763348124829182,0.9436389526644,0.9337692322192535,0.9150048519840785,0.8856988418635352,0.9150048519840785,0.9314886672615048,0.885698841863535,0.893806497800568,0.8988405313927079,0.574919926005776,0.9188871236697294,0.9436389526644002,0.9057994954598185,0.9361160018916064,0.874805542571282,0.5661686426124279,0.9314886672615046,0.9314886672615048,0.8411452513286894,0.9463456194504825,0.7811388502627219,0.9249834296604695,0.9188871236697291,0.6097559365692988,0.9271009640247971,0.6721146692901676,0.6819083935000048,0.9314886672615046,0.9314886672615046,0.8841133455738341,0.7722474481848001,0.8687627046182602,0.7381271605259613,0.5571098435946376,0.7508557165936525,0.7840725527723562,0.6578101387081428,0.9094052998937725,0.6337152370574657,0.9314886672615046,0.865780784275578,0.9385367079941811,0.949178085609155,0.7722474481848001,0.9436389526644,0.5942559581107377,0.9314886672615046,0.9314886672615046,0.6969281293985672,0.9314886672615048,0.6857351813555563,0.9169296077473637,0.807130523105005,0.8642985447139284,0.9022812459376921,0.8642985447139284,0.5861452570472574,0.7985559379258655,0.9314886672615046,0.885698841863535,0.6243900819052652,0.9337692322192535,0.9436389526644,0.8468584144181479,0.7413488062196427,0.8794184279003852,0.8889039599111499,0.9337692322192535,0.8099750192678044,0.9314886672615046,0.6046908988334156,0.8889039599111497,0.34819242548631424,0.8283808154149446,0.8184808644825554,0.9208799593226007,0.9020872579511301,0.8028518170159549,0.9410406098239257,0.47872543442320925,0.5269555697385866,0.9249834296604695,0.9463456194504827,0.9307747569588933,0.9075907590759071,0.6337152370574657,0.9385367079941813,0.9292677720165115,0.4478854439083265,0.904030091445724,0.885698841863535,0.8938064978005684,0.9491780856091547,0.885698841863535,0.9491780856091547,0.9491780856091547,0.8687627046182598,0.9266138237099282,0.36904276709716055,0.931488667261505,0.9463456194504827,0.9169296077473634,0.9169296077473634,0.773739416204358,0.9229109835440799,0.9784534179462063,0.9040300914457231,0.3821308344178026,0.9337692322192532,0.6876300672459097,0.8889039599111497,0.6122521848286563,0.6557054307329719,0.9314886672615046,0.8540589702876238,0.9314886672615053,0.7393985974090265,0.9463456194504822,0.9094052998937725,0.12024934074487248,0.8057060011361044,0.9314886672615046,0.6492930024488199,0.7381271605259614,0.9112446674143921,0.6471217056732816,0.6046908988334158,0.6337152370574655,0.9385367079941811,0.6147249152447196,0.8146188345331853,0.669077103309023,0.7332415752367151,0.9131105611405981,0.7884479940774016,0.9491780856091547,0.9131105611405983,0.931488667261505,0.8628217153184259,0.9057994954598185,0.574919926005775,0.8687627046182591,0.7445434044715771,0.9314886672615048,0.9292677720165115,0.5661686426124279,0.8128142530789662,0.8598831469664703,0.693243331176278,0.723265029568458,0.9314886672615046,0.6760722262638168,0.8156492020535611,0.8954688163631979,0.9314886672615046,0.5720356901794401,0.9229109835440805,0.9436389526644,0.913110561140599,0.9292677720165115,0.792796001753072,0.9466053748231964,0.8613500083222567,0.9040300914457235,0.8763348124829182,0.913110561140599,0.7477120255242755,0.9314886672615046,0.9022812459376921,0.9314886672615046,0.9436389526644,0.7752272051820448,0.4076426225332346,0.949178085609155,0.900551761172341,0.7332415752367152,0.30966479249547874,0.8954688163631979,0.9314886672615046,0.7964065630676626,0.617174608302879,0.7985559379258655,0.8988405313927079,0.8856988418635341,0.9385367079941818,0.8988405313927079,0.8971465330611361,0.8872955140291612,0.3604497603719571,0.723265029568458,0.8872955140291612,0.8954688163631979,0.9385367079941818,0.8454267695073412,0.8872955140291612,0.949178085609155,0.9466053748231964,0.9337692322192532,0.845426769507341,0.9292677720165115,0.8971465330611361,0.9112446674143928,0.36680424205436646,0.885698841863535,0.9131105611405985,0.23520720663140093,0.9441989622120355,0.9292677720165115,0.9169296077473637,0.6359965055496787,0.8954688163631979,0.8672687335363685,0.6115876704931471,0.9129523252750884,0.8763348124829184,0.9057994954598185,0.9337692322192532,0.9361160018916064,0.33339209639255685,0.8569629050326473,0.9395449643646776,0.9022812459376921,0.34088777992471375,0.9385367079941811,0.9410406098239261,0.8297955240805068,0.10751865132455718,0.8198957816506429,0.9225786753593268,0.8988405313927079,0.8014219204690634,0.9150048519840785,0.13730574211467983,0.9314886672615048,0.5805935137526065,0.835461190590242,0.8825384613814415,0.3115051341543542,0.7971196216424015,0.9410406098239257,0.8905248145511351,0.832626689688744,0.03901461574728915,0.9249834296604698,0.9005517611723408,0.8934655458176228,0.8269664944023671,0.71472269926643,0.9188871236697294,0.7899002280072158,0.9292677720165115,0.8425703725337481,0.7601473737062696,0.9361160018916062,0.9337692322192535,0.39657643890135463,0.09159835653369519,0.9361160018916064,0.8917796312811817,0.49873153816811033,0.7647208885946122,0.9271009640247971,0.9271009640247971,0.5915804716231232,0.911244667414393,0.8687627046182591,0.9361160018916064,0.5136995116745936,0.9112446674143926,0.9410406098239261,0.3604497603719571,0.9094052998937725,0.9337692322192535,0.9463456194504822,0.4290370115258102,0.9436389526644,0.7555267484019443,0.9410406098239263
p10_P,0.827532088935073,0.9890537762576723,0.719003882366442,0.9581457206590636,0.9950603702402812,0.9587434581480645,0.81162147191205,0.8316893917759312,0.894681279123638,0.9564441004788364,0.9862951408967353,0.9425805352069325,0.9425805352069325,0.45130060620114143,0.9779039859151868,0.8745195447781486,0.7258771929824559,0.9349950396117982,0.5385281889821136,0.9564441004788364,0.9093531537683386,0.9325645805415599,0.9786165548472288,0.9462347596389562,0.9310020898787328,0.9249834296604695,0.0,0.9085080245777923,0.9564441004788367,0.8304082766995442,0.9178801133263084,0.9501049319099923,0.9374201804111677,0.9666428003039547,0.944383427890573,0.9542468650366518,0.9913221015557613,0.40845602114977475,0.9587434581480645,0.3874017371893127,0.9945183240274951,0.926456449323181,0.9587434581480645,0.9046463136602705,0.9949392712550607,0.6633973273684846,0.9481398354780852,0.8910426583248507,0.9386569025459167,0.8815270484708906,0.9501049319099923,0.7427588180232219,0.9249834296604695,0.9357714224531068,0.9374201804111677,0.9673337013468153,0.9421847517560787,0.944383427890573,0.9187432398313612,0.9980965995557116,0.8971337307079474,0.8963131347056482,0.9349950396117983,0.8898393963217797,0.8394089368969619,0.8881424432885197,0.9501049319099923,0.8995193391026695,0.862318803356612,0.9732924283946004,0.4604535095285677,0.9235293061149326,0.944383427890573,0.8102331311923987,0.944383427890573,0.908006436853547,0.9325645805415597,0.9341536654578784,0.833281832750308,0.8815382336298233,0.9862951408967355,0.9762262925984149,0.5972757981181966,0.9249834296604698,0.944383427890573,0.526187431254945,0.9836426671336509,0.8123411346234963,0.883884423370662,0.9425805352069323,0.944383427890573,0.552558436881997,0.72475552951042,0.8411169961963989,0.9192692664872613,0.8910426583248506,0.5288471370074304,0.9093531537683384,0.802794658573921,0.8015399251065851,0.9421847517560787,0.987327403406299,0.3289421496796756,0.867384963330313,0.8884720125034236,0.9542468650366516,0.5483430787489745,0.7780757216617364,0.9310020898787328,0.8126806934976472,0.5825414332854887,0.9786393975617038,0.922082643749792,0.9865013132865541,0.987327403406299,0.9253097980264835,0.9357714224531068,0.9542468650366516,0.9587434581480645,0.8733891874315001,0.9046463136602705,0.5789800515582617,0.4179057889550104,0.9612320790184805,0.9716572732363806,0.7322039141627656,0.9913221015557613,0.9062256624337728,0.9397362273534057,0.9072118677365053,0.8606818700890226,0.9481398354780852,0.9161682054358171,0.9587434581480645,0.8933873144399459,0.8074925667460618,0.8675814580264318,0.7824413427816266,0.9501049319099923,0.9408215498230332,0.8202692658181097,0.9564441004788364,0.8077701178076948,0.7175158778168523,0.6680538025319436,0.902113512733081,0.9833012852094939,0.8270835681605351,0.9235293061149326,0.7614781847347716,0.9676769377237683,0.8971337307079472,0.7570132038541317,0.9328517848460851,0.9161682054358171,0.9235293061149328,0.8773785000331715,0.664842304484472,0.843431170571713,0.5468329689898153,0.7117613803955094,0.9481398354780852,0.8789436985072654,0.783449123325719,0.8874458144092716,0.5336316937031143,0.8771354040135095,0.9596253481255901,0.9192692664872615,0.9419702363716831,0.9996171864694428,0.9425805352069325,0.9220929278982624,0.7583678639577924,0.8968578570865051,0.6681830628839369,0.9542468650366516,0.918558209619452,0.9226673352539045,0.801071244024071,0.9033760264581221,0.8780124908814337,0.9874255252046317,0.9425805352069323,0.8457402940353764,0.6763915266089096,0.8445863152939237,0.9276677015291237,0.9357714224531068,0.9979320111064158,0.940821549823033,0.8946812791236383,0.7940747374495472,0.7958561640457558,0.9337059488987844,0.944383427890573,0.9462347596389562,0.48642795285018214,0.8910426583248505,0.9563236863237459,0.9481052266646683,0.9425805352069323,0.944383427890573,0.9157820513002009,0.8218953199998424,0.9564441004788364,0.944383427890573,0.8990395688839348,0.9072118677365055,0.940331138978256,0.9008541983177106,0.9590193028129266,0.9397362273534058,0.944383427890573,0.8422747629288031,0.9443834278905731,0.8731094375876023,0.7921759038336897,0.7709053735471958,0.944383427890573,0.9353159208540364,0.944383427890573,0.8654671479026472,0.9721405797402527,0.49378453072317907,0.8948691662912509,0.8582618811750676,0.7494696517315873,0.940821549823033,0.7264700974208025,0.9325645805415599,0.956577396528704,0.8507869501142136,0.9666428003039548,0.9830316367629124,0.8898393963217797,0.8803528436582551,0.8923850346102591,0.9061528812664564,0.9466378905596333,0.9072118677365053,0.9391025641025641,0.5468329689898153,0.9408215498230332,0.944383427890573,0.8934633408766894,0.944383427890573,0.7345065892937606,0.659101881209086,0.9501049319099923,0.9206732387984038,0.7494696517315873,0.9462347596389562,0.9059247833199466,0.9810860991992141,0.5143204104264307,0.9341536654578784,0.8480451455932461,0.9481398354780852,0.6268836538013871,0.8595337434443089,0.8294438503508299,0.9425805352069323,0.9783779352946236,0.7288392118139059,0.9587434581480645,0.8175324891292577,0.8447015157141502,0.9264564493231813,0.8583858153873953,0.5861638563408956,0.9501049319099923,0.8341365508597998,0.8041983874263046,0.8348634546501437,0.9542468650366516,0.8126806934976472,0.9839671309918707,0.9754970377701453,0.7181608370232422,0.9542468650366516,0.8942061170670543,0.8229344304111244,0.9783779352946236,0.8886405262183212,0.9581457206590638,0.341999792250141,0.9111295270090605,0.78872561913807,0.940821549823033,0.9481398354780852,0.987327403406299,0.7239105906782228,0.9732924283946004,0.7794285697266239,0.8411169961963989,0.9066666273465951,0.8650987266916544,0.9008317218258527,0.7528355627636977,0.8927189720995334,0.7155281517808962,0.6487144801274362,0.809647347075422,0.9232833700357419,0.987327403406299,0.9694672365613162,0.9085080245777921,0.8313633281640331,0.9008583849785581,0.8733592706140672,0.7647258735738939,0.8625192690762095,0.847215310272122,0.5932277233257128,0.9564441004788364,0.9666327685149194,0.9564441004788364,0.992614642133717,0.9072118677365053,0.7987674770617408,0.9481398354780852,0.944383427890573,0.9501049319099923,0.7853092223537337,0.6549519781563353,0.9542468650366516,0.9521375655065456,0.9425805352069325,0.944383427890573,0.9310020898787328,0.9542468650366518,0.961397387740879,0.9400087493241338,0.9135295981787832,0.9754970377701453,0.9501049319099923,0.8175324891292577,0.7558086291485204,0.9187458821598233,0.9374201804111679,0.6502165171874391,0.9481398354780852,0.9111295270090609,0.7309058720430988,0.9357714224531068,0.902113512733081,0.8815382336298226,0.7433358779711334,0.7629300124923134,0.756925912096718,0.9492240215924427,0.9425805352069323,0.8776221344901279,0.86830379467428,0.78872561913807,0.7900304636463156,0.6931501918955668,0.944383427890573,0.8399577749125602,0.9098137391625774,0.8402289712250555,0.9500993698470401,0.9564441004788364,0.8306203710906808,0.944383427890573,0.944383427890573,0.9235293061149326,0.8946812791236383,0.6052278492518239,0.9443834278905731,0.9676769377237681,0.8739479665019896,0.9159086277875701,0.8874458144092714,0.7698170080916691,0.9950603702402813,0.44177224803810544,0.9142011596821673,0.6684505578431412,0.7099701368351989,0.944383427890573,0.9013701145685413,0.8922561605225319,0.7554525199820887,0.8103547485231326,0.9592864686575604,0.6633278485606646,0.9481398354780852,0.7767163393241145,0.944383427890573,0.7255936288114715,0.8883211960358879,0.8746367075465762,0.8078587948549922,0.9462347596389562,0.72475552951042,0.991930496947756,0.944383427890573,0.8862550362254635,0.8385832488776672,0.944383427890573,0.9165049484215364,0.8332862742676781,0.937629852928981,0.6989031042017522,0.783449123325719,0.944383427890573,0.862318803356612,0.8995193391026695,0.9783779352946236,0.7380789570359618,0.7783792385791206,0.8983688348924412,0.8996102754967263,0.6012733257159397,0.987327403406299,0.8886405262183212,0.8756817347288377,0.9230789959087817,0.8387970042600206,0.9248857655715832,0.7805798192202644,0.9294643302252341,0.9830316367629124,0.4215827602767831,0.944383427890573,0.9542468650366518,0.7181608370232425,0.9537693982556523,0.9862951408967353,0.9206732387984036,0.9408215498230332,0.9362688348619355,0.9913221015557613,0.9408215498230332,0.8051389573478362,0.510610755287114,0.9576638699377621,0.9611032305582619,0.9254399973981591,0.9542468650366518,0.8317946002619976,0.9564441004788364,0.9890537762576723,0.9722312205307764,0.8082929674399173,0.7098888133138034,0.9676769377237683,0.9115671346601832,0.9085080245777921,0.6857147932695531,0.9264564493231813,0.9325645805415599,0.9291552782955315,0.9481398354780852,0.9111295270090605,0.9705887000705995,0.8961601193025837,0.6858370199815056,0.9705887000705997,0.9341536654578786,0.9178801133263084,0.7076056961644404,0.776956374130005,0.6325981880527876,0.8375506072874497,0.8758542530151132,0.9873056066370915,0.9151430007264558,0.9279496229669748,0.9294643302252343,0.6950849551494089,0.9341536654578786,0.865920353536517,0.9279496229669748,0.9860639133827613,0.7566456663162975,0.7937291200594522,0.7796551004258111,0.9655446367127574,0.6067586926238708,0.9247323722236849,0.9542468650366518,0.9787053550194154,0.8815270484708906,0.6309554393004697,0.9483551875577274,0.44669365721997323,0.9949392712550607,0.9501049319099923,0.9542468650366516,0.9087120239050032,0.9226610517141334,0.9819096433504797,0.9397362273534058,0.9425805352069325,0.8065325776074832,0.8983688348924415,0.9391025641025643,0.7477266191553409,0.944383427890573,0.9521375655065456,0.944383427890573,0.944383427890573,0.8015399251065851,0.9294643302252341,0.9666428003039549,0.944383427890573,0.7913298192830456,0.8223314825479058,0.9072118677365053,0.6789652195417533,0.9013701145685413,0.9236630827321967,0.8175127633112371,0.8934633408766897,0.8247130225158625,0.9374201804111679,0.9080064368535468,0.9521375655065456,0.9098137391625776,0.8088842737990019,0.842274762928803,0.9520639895971753,0.9374201804111677,0.9408215498230332,0.7677804724276471,0.9521375655065456,0.6012733257159397,0.9227946422906832,0.9332025653862877,0.9325645805415597,0.6939269382163584,0.978616554847229,0.8341365508598,0.5701168087461768,0.8971337307079474,0.9294643302252341,0.9124559366883973,0.9481398354780852,0.9325645805415601,0.3668907135029372,0.9839671309918707,0.8434311705717128,0.9897770041581087,0.9501049319099923,0.9869887399367074,0.9391025641025643,0.8778609224759911,0.9563820947166306,0.9985778460732367,0.755452519982089,0.9632197151594923,0.5621016171855959,0.7135381794836075,0.8597023633262979,0.8934633408766894,0.7432691905025915,0.9652792462742582,0.8983688348924415,0.9976101531931567,0.944383427890573,0.9830316367629124,0.9085080245777921,0.944383427890573,0.9644061792743,0.9325645805415597,0.9408215498230332,0.6851766954626586,0.8059551014641195,0.9230789959087817,0.786099020369325,0.9564441004788367,0.7305691741022133,0.9341536654578784,0.853793834586861,0.9408215498230332,0.9919304969477558,0.8854177614335255,0.5802498355628296,0.9272203681387056,0.9157619653567752,0.9000601858073436,0.7590835024279784,0.8503465187788168,0.5592172246806723,0.8151135627519486,0.9774133038851731,0.9178801133263084,0.9564441004788367,0.868661872839342,0.9462347596389562,0.8470759643532819,0.9648472157143733,0.8827041791382022,0.9425805352069323,0.7272642534026099,0.6502165171874391,0.9587434581480645,0.9611032305582619,0.9481398354780852,0.7679012153617213,0.971950486482402,0.9739085258807387,0.9276677015291237,0.8653600582128309,0.9310020898787328,0.8886405262183215,0.9341536654578784,0.9425805352069325,0.9501049319099923,0.9587434581480645,0.944383427890573,0.9111295270090605,0.9703150995699106,0.78872561913807,0.5516946971240839,0.9443834278905731,0.8722007603974482,0.7099959293073561,0.8971337307079472,0.9581457206590637,0.9306570238192788,0.619136615075775,0.8698884442909975,0.7662194251312656,0.9652524543463297,0.956577396528704,0.8364704384437265,0.6895371198016214,0.9521375655065456,0.6425414726783661,0.8969439783075258,0.9227946422906836,0.8562319953247265,0.9613973877408789,0.9206732387984036,0.4291529031175031,0.961397387740879,0.9357714224531068,0.6254993376162087,0.8133917646328429,0.9099932817368694,0.9053333983232539,0.9542468650366518,0.944383427890573,0.9325645805415599,0.746422318827944,0.783449123325719,0.9425805352069323,0.9501049319099923,0.9391025641025643,0.9425805352069323,0.9425805352069323,0.9111295270090605,0.944383427890573,0.9391025641025641,0.9352547073163471,0.944383427890573,0.7341136896129457,0.7557078946539482,0.9542468650366516,0.987327403406299,0.9521375655065456,0.9462347596389562,0.9425805352069323,0.7272642534026097,0.8445863152939235,0.9294643302252341,0.8258996239394496,0.944383427890573,0.8434300581402193,0.9227946422906831,0.9279496229669748,0.7739774738301906,0.5422318497454299,0.9008317218258524,0.9913221015557613,0.9310020898787328,0.8956580181478542,0.6182418262369357,0.944383427890573,0.9072118677365053,0.6690378220093471,0.9520639895971753,0.8509737027889623,0.7529974819089794,0.9732924283946004,0.8927189720995333,0.987327403406299,0.6221148235967856,0.8270835681605351,0.944383427890573,0.944383427890573,0.9343270097479477,0.9564441004788364,0.7668048988448997,0.8933873144399463,0.9862951408967353,0.8077701178076948,0.9408215498230332,0.7712109590961939,0.7641667720662373,0.944383427890573,0.944383427890573,0.9059247833199469,0.6706224815412871,0.6068495352595238,0.8186006311079022,0.830620371090681,0.7253951489942085,0.8451590141996453,0.8069334316128935,0.7888310913314734,0.8216249321297535,0.944383427890573,0.8910426583248505,0.9830316367629124,0.9587434581480645,0.7247555295104199,0.9542468650366516,0.8151135627519484,0.944383427890573,0.944383427890573,0.7524792710367252,0.6922793608945518,0.7612950419868558,0.9836426671336507,0.6397615797143075,0.8898393963217797,0.9206732387984038,0.8310167964629789,0.8187369563429276,0.7122254667141552,0.9443834278905731,0.6591018812090859,0.8002806456228628,0.9462347596389562,0.9542468650366516,0.8756817347288377,0.8952934951238916,0.8326198311295493,0.6873299539927961,0.9462347596389562,0.9035331210577764,0.944383427890573,0.8102331311923987,0.9290437380995719,0.8898393963217797,0.8966112825397483,0.8227820358708173,0.9357714224531068,0.8959046461825673,0.6479414855219373,0.9521375655065456,0.8560901005086945,0.8491962167565537,0.9391025641025641,0.9676769377237682,0.9151430007264558,0.9249834296604698,0.7951960389045738,0.9501049319099923,0.9425805352069323,0.8641286133251769,0.9220929278982624,0.5802498355628297,0.9555104155252474,0.9587434581480645,0.6591018812090861,0.9587434581480645,0.9587434581480645,0.9280769720291011,0.9124559366883973,0.8862550362254633,0.944383427890573,0.9564441004788364,0.9836426671336507,0.9325645805415597,0.6684505578431412,0.9374201804111679,0.9425805352069323,0.9220929278982624,0.8838844233706618,0.9462347596389562,0.7858328438893595,0.9098137391625774,0.806532577607483,0.7821151507000712,0.944383427890573,0.552558436881997,0.944383427890573,0.7698170080916693,0.9564441004788364,0.9264564493231813,0.927949622966975,0.6711463395933319,0.944383427890573,0.786099020369325,0.7135381794836075,0.927949622966975,0.7874151753009926,0.8102331311923985,0.7951960389045738,0.9830316367629124,0.8052908861542936,0.886295303731182,0.8399464011131401,0.797379296679035,0.6773178727988078,0.6731008192402961,0.8815382336298225,0.8739267712867869,0.7528355627636979,0.9925690576705835,0.9235293061149326,0.8235236725291666,0.8934633408766897,0.7063431845071192,0.944383427890573,0.9425805352069323,0.8270835681605351,0.8610522702041189,0.8404267568099513,0.755452519982089,0.7289226937146784,0.944383427890573,0.7684157506030163,0.9968140003997856,0.5357747919441284,0.944383427890573,0.8247130225158625,0.9919304969477558,0.9542468650366516,0.9294643302252341,0.9425805352069323,0.9449432952236012,0.92498342966047,0.6653513595548056,0.9673337013468153,0.9887581495517049,0.978616554847229,0.7026549898170109,0.944383427890573,0.9206732387984038,0.944383427890573,0.9542468650366516,0.6934250323426804,0.8733592706140672,0.9587434581480645,0.9192692664872613,0.7973792966790347,0.8959046461825675,0.9581457206590637,0.944383427890573,0.8705589032350294,0.8040449459034817,0.7686384785694198,0.865360058212831,0.9072118677365058,0.9501049319099923,0.9178801133263084,0.9165049484215364,0.9085080245777921,0.8827041791382022,0.7550135888529284,0.9085080245777921,0.9151430007264558,0.3143973234919596,0.9066666273465951,0.9085080245777921,0.9587434581480645,0.9349950396117985,0.9462347596389562,0.8683037946742798,0.41016165887492884,0.9165049484215364,0.927949622966975,0.7190038823664422,0.9072118677365053,0.9294643302252341,0.9059247833199469,0.9235293061149326,0.9425805352069323,0.9836426671336507,0.8467104582296492,0.620248977687116,0.9985019938186506,0.8990395688839348,0.9033760264581221,0.9368208004805825,0.5711534589748475,0.9462347596389562,0.9481398354780852,0.9276677015291237,0.9138300194487543,0.9206732387984038,0.7226930368181891,0.9332025653862877,0.9501049319099923,0.9783779352946237,0.8618303114251797,0.9192692664872615,0.6427165125491647,0.9098137391625774,0.9612320790184805,0.8387970042600206,0.3177377703140475,0.9165049484215362,0.944383427890573,0.8211363610259479,0.5751056000149393,0.5931420433533698,0.9613445688403954,0.8353044563359773,0.9521375655065456,0.9111295270090605,0.8948691662912511,0.9249834296604695,0.8375506072874495,0.9192692664872615,0.691444892855358,0.8595337434443089,0.867183090923088,0.49229010471469425,0.8294438503508299,0.46900327759475957,0.9358121112372144,0.820783695875958,0.9227946422906835,0.9913221015557613,0.8756817347288379,0.9206732387984033,0.9227946422906834,0.9727880985119958,0.8503465187788168,0.8958275172459762,0.8873533009789313,0.9446283507116098,0.8434418127102157,0.9762262925984146,0.6425414726783664,0.9481398354780852,0.8457402940353764,0.9762262925984149,0.9521375655065456,0.8827041791382022,0.504118631986127,0.9288789627504793,0.9564441004788364,0.8361567121058335,0.9542468650366516,0.8527217338948869,0.9521375655065456
p10_Q,0.9603985350280855,0.9795518972928103,0.8220068840377226,0.9629372157622487,0.6081911539429219,0.9380163966266191,0.7551630127263433,0.7763223741504939,0.6190838902757025,0.9345618542101832,0.9872968515533684,0.7923256286306113,0.6243593074986197,0.9026532767809434,0.7414122479666791,0.9491270128542677,0.9321033235024669,0.9206037147937578,0.9653179186519115,0.9887119198512566,0.954164037712649,0.8986853937484476,0.9656649406467913,0.9192233962368055,0.8963379163019165,0.8872955140291616,0.9085080245777923,0.0,0.9345618542101832,0.6674417799926455,0.9075611147669862,0.597799619641117,0.9448810215177159,0.8664814862756913,0.6514063249009006,0.9312607396704553,0.9192233962368055,0.9773177764454567,0.9380163966266193,0.9178938723744823,0.83449531009486,0.8895085707332924,0.9480026438367749,0.39889582627661646,0.9085080245777923,0.8289196468355398,0.9220855717829912,0.9630166227634938,0.885110846748371,0.37027758086571594,0.9250379219402804,0.8328582688417565,0.8872955140291616,0.9035033355391056,0.905980420499302,0.9475238565788604,0.8829528399528481,0.916441965519317,0.7555902149688973,0.9110906193450523,0.763056176644242,0.8721430099546084,0.9794716829124543,0.83449531009486,0.9280917395652362,0.5431680514460131,0.9250379219402804,0.7875949548162352,0.9365323292446095,0.982971410509272,0.8704839044326604,0.9506768980005937,0.9164419655193168,0.5754141874775656,0.916441965519317,0.8132249165650078,0.8986853937484474,0.9010728262563201,0.6798077881559779,0.9380163966266191,0.9010728262563201,0.9606559814622546,0.9100752707392668,0.9461634821478586,0.916441965519317,0.8932539868674869,0.9919609062430832,0.7595430325708611,0.9699071319862731,0.9137333093884032,0.916441965519317,0.8457632233052683,0.7415433094883432,0.8925212469976896,0.9100752707392668,0.937931586154306,0.8419523798699478,0.8613707440299998,0.7261130441573436,0.6528667442151794,0.8829528399528481,0.922085571782991,0.9164419655193168,0.9662801806228158,0.8516515289226924,0.9312607396704553,0.8736330304641178,0.6436596996310108,0.9249529706560747,0.6655431811576078,0.8616803956492041,0.9233721476659593,0.6607600714066096,0.8510501785307241,0.9220855717829912,0.688596878729697,0.9415276164159576,0.9312607396704553,0.9380163966266191,0.5962936541969175,0.9945861478049023,0.8344202094125963,0.8963379163019165,0.9384986992079645,0.9206037147937578,0.7141508283610298,0.9192233962368053,0.9377830288440727,0.960291949762603,0.9987249599057337,0.7113473273197781,0.9858084434319018,0.9250379219402804,0.9950068763949225,0.9085080245777923,0.7455249696999708,0.8429948396565385,0.9250379219402804,0.9250379219402802,0.9110906193450525,0.7722731073171095,0.934561854210183,0.6578814475552834,0.8967618383232809,0.8613707440299998,0.7954991648216743,0.7459187921027617,0.5695015173369545,0.885110846748371,0.7099218761947244,0.934561854210183,0.42376523757608153,0.7834603998983649,0.8269876062062993,0.9250379219402804,0.950676898000594,0.82732675328415,0.8586619077554183,0.6820086756487808,0.8114788487242621,0.7763907237592437,0.922085571782991,0.9951080188590633,0.764463880606461,0.8554484876704809,0.8625429553264603,0.8755033389672218,0.8593962429851334,0.9728046393068173,0.5989017387983258,0.9629372157622487,0.913733309388403,0.9152383482658544,0.8388237514735589,0.8749923211764452,0.8214657804987164,0.9653179186519114,0.9336421137244926,0.9567209276149589,0.8362930332131355,0.9640380930896717,0.8332917247782646,0.9879051267951275,0.913733309388403,0.8507273060227901,0.779856447842131,0.5140744261022736,0.8886678230824372,0.9035033355391053,0.9050879833003673,0.9519642373961463,0.6704311646877339,0.7646516253438118,0.6582725876518856,0.84545427827711,0.916441965519317,0.9192233962368055,0.9928378554472406,0.9868133040181308,0.9630676146911048,0.8216480269490889,0.913733309388403,0.916441965519317,0.8476881657972504,0.6582725876518857,0.9345618542101832,0.916441965519317,0.9391389781483688,0.9705890751589271,0.7023446338243096,0.8049463377397912,0.8436077083923403,0.913733309388403,0.916441965519317,0.8038863353881459,0.916441965519317,0.7256064607423469,0.7740416654066775,0.8073399772739794,0.916441965519317,0.8132236490903707,0.916441965519317,0.8128024457189325,0.8736330304641182,0.8909793814432989,0.8397427871009941,0.9220855717829908,0.690425962477546,0.9519642373961466,0.8940275945888625,0.8986853937484478,0.8715535812823529,0.7092621163632731,0.8664814862756911,0.9250379219402804,0.9091981087656799,0.8964255932438441,0.8654110063376463,0.95364561559469,0.9450032706006533,0.9731391553474593,0.9483551875577274,0.8344202094125963,0.8027940542972901,0.916441965519317,0.8034646713472551,0.916441965519317,0.7616908093734301,0.8605956163602335,0.9250379219402804,0.8808199067953637,0.690425962477546,0.9192233962368053,0.5008577968529137,0.96782156151872,0.8237753987296019,0.9382829336530905,0.7300586251460579,0.9220855717829912,0.8536428080204495,0.8105237777176175,0.6022850976502386,0.9137333093884032,0.9231480466603466,0.7955580363265204,0.9380163966266193,0.6149178463401108,0.770028516083249,0.8895085707332926,0.9336421137244927,0.8159802390594648,0.9250379219402804,0.7086506051949357,0.7182281456067572,0.6792237175880043,0.9312607396704553,0.5693112557083437,0.8865088771202734,0.891751906668637,0.8080321723108685,0.9312607396704553,0.7998497685672344,0.6448781836268327,0.9280917395652362,0.9068614220260416,0.932795246271596,0.922085571782991,0.9246323126477254,0.698283351728886,0.9928378554472403,0.9220855717829912,0.922085571782991,0.7245782268081811,0.9312607396704551,0.7344408849437576,0.8517937515841065,0.8573615701009305,0.9815601099015916,0.9312607396704551,0.959657136477295,0.8851108467483708,0.9519642373961463,0.9250379219402804,0.6522876856147177,0.7964694266407082,0.9858084434319018,0.885110846748371,0.9099656357388316,0.7717606226961908,0.9881811554703727,0.8023594691251899,0.9699353499283898,0.9373458175000093,0.7838749745060669,0.8556409588476663,0.9887119198512566,0.619083890275703,0.9887119198512568,0.9246323126477256,0.8299096514248943,0.8778449561972077,0.7094904890765816,0.916441965519317,0.9727541677821403,0.8654110063376461,0.8872955140291618,0.9312607396704553,0.972734784585152,0.913733309388403,0.916441965519317,0.8963379163019165,0.9312607396704551,0.9380163966266188,0.9070227924758549,0.7666034075409299,0.891751906668637,0.9250379219402804,0.7118620149295728,0.7763116512366675,0.8963379163019165,0.8217153723718025,0.7974635637731329,0.9397554510393484,0.9881414477942229,0.8222503582033496,0.9415276164159578,0.741412247966679,0.9480026438367746,0.6991899654683745,0.8955568994617082,0.6792237175880043,0.9085080245777923,0.9137333093884032,0.9002546180665421,0.8114788487242621,0.6419984312454714,0.6206004437788935,0.7587727771577899,0.916441965519317,0.5501441037821627,0.9220033199406048,0.9273053773902185,0.9507526530137225,0.9345618542101832,0.7180968827077265,0.916441965519317,0.916441965519317,0.885110846748371,0.9701379144280484,0.8301057443756883,0.916441965519317,0.9345618542101832,0.916441965519317,0.8725113072902907,0.8308992056894287,0.6582725876518856,0.9971276925647266,0.8745574900762874,0.9351366270846038,0.7821025753926962,0.7408826419527746,0.916441965519317,0.8494541037919072,0.8909793814432989,0.6814874283933392,0.6769478753342131,0.9050879833003673,0.7855151077966485,0.9220855717829912,0.6461345662516731,0.916441965519317,0.7225085095751527,0.8872955140291618,0.7368414610351703,0.9903888445093911,0.9637851559795012,0.7608589935161958,0.9448810215177159,0.916441965519317,0.805170881348853,0.6846336149529366,0.916441965519317,0.9356184765244473,0.72307100560123,0.8191012604339094,0.7528549085101144,0.6335916531160937,0.916441965519317,0.9550740759524949,0.7875949548162351,0.9280917395652362,0.8166204308597429,0.7906663368822671,0.6788736167489662,0.9118315708484299,0.8534914491504231,0.9220855717829912,0.8953591437517909,0.6331402838799264,0.929104460779949,0.5741483686530677,0.8141585260618771,0.8301808931874111,0.999258193162122,0.9250379219402802,0.8872955140291618,0.916441965519317,0.9136072478130949,0.8633928226985461,0.7984588883308774,0.8012463145695163,0.9126333026427302,0.9110906193450528,0.7991962803596376,0.9637851559795012,0.9110906193450525,0.9010728262563201,0.9164419655193168,0.9795518972928103,0.8010551050442438,0.8674433656039866,0.9653179186519119,0.5954820925524436,0.934561854210183,0.6782295748155158,0.999258193162122,0.8789937457275246,0.8986853937484471,0.9345618542101832,0.8199786142570791,0.6256013745704471,0.9641860625543643,0.8895085707332926,0.8986853937484476,0.8908821080541922,0.8476494662542416,0.9827831390197599,0.8593962429851332,0.8277564165531061,0.9262039440654459,0.9839009074365002,0.9010728262563201,0.9694362836489427,0.7562824401099406,0.8179768141864516,0.9471394054366111,0.9085080245777923,0.7204093137277281,0.8438537352691284,0.7657850588218766,0.9262039440654459,0.9641813269710358,0.7568047292975595,0.9754930410498612,0.7964346518822158,0.891751906668637,0.9168673858538465,0.7162524708753029,0.9681385641755447,0.9763530278447614,0.764651625343812,0.8932539868674871,0.8915944281121327,0.9136072478130948,0.9516780512694986,0.9407885803754521,0.9727347845851521,0.9478522336769759,0.9882023505376627,0.9483551875577274,0.9727541677821405,0.9312607396704553,0.9694362836489427,0.7704962981539758,0.8567411419143387,0.913733309388403,0.913733309388403,0.8516112101810754,0.9789255840610394,0.9085080245777926,0.8105237777176177,0.916441965519317,0.9280917395652364,0.916441965519317,0.916441965519317,0.5959286333803054,0.8940275945888627,0.9246323126477254,0.916441965519317,0.711938938308398,0.6414185622717219,0.9450032706006533,0.8387843027099648,0.8494541037919072,0.7743343388904205,0.841769728397971,0.8908821080541924,0.5762078448735777,0.9448810215177159,0.9560939169537146,0.9280917395652364,0.9220033199406046,0.8646208705099017,0.7263171483468921,0.8766235303260079,0.8995165744086291,0.9254149084505715,0.9275112785647259,0.9231480466603461,0.8291101870432285,0.9220855717829912,0.9366432307997556,0.9715878604207602,0.9411735446033731,0.8940275945888625,0.7286706694840114,0.8745574900762874,0.8674533886652149,0.7201268773091843,0.9550324217108199,0.8937024586467958,0.9919609062430835,0.9192233962368055,0.918562337325741,0.7639671170427877,0.8151803561408069,0.9250379219402804,0.8672198966841802,0.9882023505376627,0.8252818489972965,0.8419523798699478,0.913733309388403,0.7741792353230076,0.9414399550230419,0.9380163966266188,0.7368460910473738,0.5954820925524433,0.9163532097707385,0.7514955041516727,0.9351366270846038,0.9262793072625786,0.6518083699304655,0.916441965519317,0.9250379219402802,0.9478522336769757,0.9164419655193168,0.792463752464754,0.8097047395623008,0.7210468181951021,0.9958306764094076,0.7801746775440481,0.8940275945888625,0.6284515517394931,0.9345618542101832,0.7162524708753026,0.9872968515533684,0.5644487228217414,0.9110906193450528,0.9837816225361296,0.993377767779432,0.8887315011070402,0.891751906668637,0.9173623170869567,0.8171729370346269,0.7448953171572592,0.8067398777107784,0.8664814862756911,0.7948802738431993,0.7924637524647538,0.7521254563822515,0.9345618542101832,0.9320797389103181,0.9916530842778032,0.7544522969545064,0.7779935696307083,0.9371658183994891,0.9137333093884035,0.6831702677637467,0.7581095512159899,0.995006876394922,0.7985010827441361,0.9397554510393487,0.9629993477669236,0.8909793814432987,0.8895085707332926,0.9644928242341106,0.8766235303260079,0.9678215615187198,0.8326941341927289,0.9010728262563199,0.9137333093884032,0.9250379219402802,0.9380163966266191,0.916441965519317,0.8664814862756911,0.8207290338114395,0.7733299123734388,0.897889827165478,0.916441965519317,0.7607482045399372,0.7685515718983664,0.7369568736389984,0.8725113072902908,0.841769728397971,0.8932759018403602,0.9483474179376202,0.8138743137979593,0.8808199067953635,0.84545427827711,0.5612925162631965,0.8202427651339441,0.9280917395652364,0.8654110063376459,0.8829528399528481,0.922085571782991,0.860595616360234,0.995006876394922,0.9601131139678032,0.9110906193450523,0.9380163966266191,0.9035033355391053,0.8829528399528481,0.9164419655193168,0.8191012604339092,0.8553715264125035,0.9136072478130949,0.916441965519317,0.7732535062261456,0.6948288414729853,0.6335916531160938,0.9137333093884032,0.9250379219402804,0.9085080245777923,0.9137333093884032,0.9137333093884032,0.8664814862756912,0.916441965519317,0.9085080245777923,0.8473098920648878,0.916441965519317,0.9262039440654457,0.8202427651339441,0.7067645644578286,0.9220855717829912,0.9280917395652362,0.9192233962368055,0.9137333093884032,0.7204311103184455,0.6579580752679006,0.43951194778049374,0.9073813420482949,0.916441965519317,0.9262793072625786,0.9220855717829912,0.891751906668637,0.6138177575673571,0.8491750256551858,0.9312607396704551,0.9192233962368055,0.9964366158728781,0.9705890751589276,0.8963379163019165,0.9164419655193168,0.9168673858538465,0.8704839044326604,0.9075611147669864,0.7166347548368701,0.975493041049861,0.9312607396704553,0.885110846748371,0.9220855717829912,0.8736330304641178,0.6089464994162543,0.916441965519317,0.959657136477295,0.8965794453006632,0.9345618542101832,0.7526189653089987,0.9483551875577274,0.9382829336530907,0.581405850149103,0.9110906193450528,0.6558754364327972,0.6677179799328163,0.916441965519317,0.916441965519317,0.9143558464851282,0.7608589935161958,0.8399399046211,0.7181019671258504,0.5591700241618589,0.7906663368822671,0.795547717463851,0.6386600819376909,0.8895085707332921,0.5909917728128471,0.916441965519317,0.8363030843630053,0.9250379219402802,0.9380163966266193,0.7801746775440481,0.9312607396704553,0.6596704856482327,0.916441965519317,0.916441965519317,0.6859794645366732,0.959657136477295,0.6723587628292054,0.8986853937484476,0.7852614552901729,0.8842971758754068,0.9126333026427302,0.8593962429851332,0.7089488004367581,0.7543140789719034,0.916441965519317,0.8605956163602337,0.6366672963016282,0.9192233962368055,0.982971410509272,0.9977698497500298,0.834782188168706,0.8529358756208605,0.8645046537943692,0.5905972465935407,0.8301057443756878,0.916441965519317,0.6137758372509861,0.8645046537943692,0.9340990416559534,0.8339903731560385,0.7996720111682836,0.9824238218303369,0.4316704122977635,0.820462475016416,0.9231480466603459,0.9393197889086639,0.6849463038014412,0.9085080245777923,0.9345618542101832,0.8562109672938345,0.9128552813832628,0.6098524196781223,0.9250379219402802,0.9137333093884032,0.7434426504830232,0.8264775852300978,0.9450032706006533,0.9597960453343051,0.9480026438367747,0.8605956163602335,0.8910121640684718,0.9380163966266188,0.8654110063376459,0.8373702208118579,0.6832645708128804,0.8242670087328137,0.934561854210183,0.8986853937484476,0.9190584395707705,0.8208061157978572,0.9448810215177161,0.6243593074986198,0.9879051267951278,0.9939668887798567,0.9192233962368055,0.7488374694920852,0.8645046537943692,0.6988970572698776,0.6921790527975362,0.916441965519317,0.8457632233052683,0.8242670087328137,0.7883501980364072,0.9345618542101832,0.991099301531293,0.8917519066686372,0.987719754796174,0.916441965519317,0.7408156781663799,0.7368460910473738,0.90153586895051,0.62585369562083,0.7864032612313777,0.6852950071392243,0.9250379219402802,0.6063514829582327,0.8770237412535942,0.9805197020271779,0.6746551444348237,0.8940275945888623,0.7617553061452398,0.9380163966266188,0.929104460779949,0.916441965519317,0.8821389927482706,0.9178938723744823,0.5795091756716717,0.8908821080541924,0.7448953171572592,0.9539125216067478,0.9137333093884032,0.6089464994162543,0.813223649090371,0.8534914491504231,0.700025789779273,0.718345830803444,0.916441965519317,0.6606551243213572,0.8169712959496187,0.9026532767809434,0.916441965519317,0.6940036769353095,0.9448810215177159,0.9312607396704553,0.8940275945888627,0.9137333093884032,0.8070371963135039,0.6796978760310921,0.8554484876704809,0.9152383482658542,0.8056122804055926,0.929104460779949,0.7488855869025097,0.916441965519317,0.9762600943374635,0.916441965519317,0.9312607396704553,0.8228059758410158,0.5513621991861637,0.9380163966266193,0.9100752707392668,0.9737916644128053,0.9752118217801856,0.8725113072902908,0.916441965519317,0.8695655609608541,0.6282602219716596,0.7744432967591064,0.8766235303260079,0.8605956163602346,0.9795295863759996,0.8766235303260084,0.9050879833003673,0.8625429553264603,0.7698246703898528,0.7183458308034443,0.8625429553264603,0.932795246271596,0.9250379219402804,0.8573615701009305,0.8625429553264603,0.9380163966266193,0.8795470806186668,0.8579678050497166,0.8803029307892649,0.913733309388403,0.9727900438033125,0.891751906668637,0.7266226698789064,0.9168673858538465,0.8253574758824451,0.8907153679608861,0.6887098201121804,0.7923256286306115,0.8986853937484476,0.9328387520589025,0.872511307290291,0.9392178238502193,0.8475838509548179,0.8175510594365916,0.9022846708766048,0.9178938723744823,0.9192233962368053,0.922085571782991,0.989767824618002,0.837614813665058,0.5783523637994028,0.8808199067953637,0.986813304018131,0.9250379219402804,0.9280917395652364,0.7924146137700714,0.9414399550230419,0.987165253377389,0.5030100185970382,0.8766235303260079,0.7982969007350016,0.96782156151872,0.9356184765244473,0.9971276925647266,0.6835424197755501,0.8878893398710559,0.8843101430924512,0.7372512932808053,0.7927102913284196,0.9280917395652362,0.9537077258337427,0.7958675700045752,0.8872955140291616,0.9483551875577276,0.8787105864554916,0.9413962938926798,0.7889642625662019,0.726369172513799,0.9010728262563201,0.9221094252661386,0.960291949762603,0.9895768779277931,0.7837121372134466,0.922085571782991,0.9192233962368055,0.6792765171761819,0.9919265098151697,0.9220855717829912,0.9200815730295622,0.7022152037275553,0.7321974701675709,0.9519642373961466,0.9110906193450525,0.5792890079221458,0.9262039440654459,0.8654110063376461,0.9220855717829912,0.5512474062112516,0.9262039440654459,0.9280917395652364,0.5785776440931258,0.957235724598626,0.9192233962368055,0.9345618542101832,0.8673421016390582,0.9312607396704553,0.7967315177143726,0.9280917395652364
p10_R,0.9102350929607332,0.6838997519740107,0.9605021604012389,0.945896893760929,0.9574863565447539,0.3783633287195285,0.8651489736914959,0.840299997105036,0.9246724996449085,0.9688473520249223,0.9762381701099261,0.9589316626844853,0.9611058687776596,0.5441119669791122,0.8125241819768649,0.9102521474185266,0.8917979759263726,0.9268000951074445,0.9672758151492922,0.30934579439252086,0.956091512537085,0.9517679141853161,0.649678745769142,0.9615452872130625,0.9506503681784946,0.9463456194504825,0.9564441004788367,0.9345618542101832,0.0,0.8935656017904771,0.9412650880954541,0.9643133649175286,0.9706827259226705,0.9364368411420323,0.9602211523225768,0.9342541377090323,0.9615452872130623,0.9706827259226707,0.9704919301607371,0.9298402628575496,0.9686270243184087,0.9473991727811977,0.9704919301607371,0.9842981000157078,0.9564441004788367,0.7772612928045087,0.9629078616894173,0.9220700353609517,0.945305581259918,0.9605021604012387,0.9643133649175286,0.8119886545657993,0.9463456194504825,0.9540615556502023,0.9552408029353747,0.9442782351269043,0.9442782351269043,0.960221152322577,0.8836456641177746,0.9576735770276548,0.9264265757108796,0.9045448781262265,0.9463456194504827,0.9212094218042226,0.9657671730030435,0.8826391391212,0.9643133649175286,0.9649817692440883,0.9962665127840866,0.9342541377090324,0.7782033441111667,0.945305581259918,0.9602211523225768,0.9007974233889859,0.960221152322577,0.9110833848585063,0.9517679141853161,0.9762381701099261,0.8616255760827238,0.9704919301607371,0.9762381701099259,0.592295803345599,0.9980151413438714,0.9463456194504827,0.960221152322577,0.6265369048852085,0.9788198231857259,0.8826723723783978,0.9169502243571084,0.9589316626844855,0.960221152322577,0.7680697792418756,0.8379818769593006,0.9251391858263862,0.9422586572762628,0.9698382173897018,0.7288774911651124,0.911916104177739,0.8951434532159672,0.9303375959870628,0.9442782351269043,0.5986100747104802,0.9574863565447541,0.7588836782783256,0.9804836781759888,0.9672758151492922,0.7218091742253039,0.8767715147934856,0.9812882646010126,0.866022915872324,0.7212075690335056,0.923631391593442,0.9203431471101322,0.7647656869067451,0.9629078616894173,0.9009549730721551,0.6838997519740109,0.9672758151492922,0.9209839463193069,0.8888428923892238,0.984298100015708,0.7402591560583246,0.91322689738052,0.705257532988097,0.9902272378284809,0.8438814653687021,0.9615452872130625,0.9505550994291452,0.7212184631640952,0.9336347991328915,0.9003549758958829,0.9629078616894176,0.9448229719109482,0.9209839463193068,0.9564441004788367,0.8563391043194221,0.9476534130774981,0.9448229719109482,0.9643133649175286,0.957673577027655,0.9183339377987378,0.9688473520249223,0.8625107065618562,0.9773020800644382,0.7788560373068374,0.9299882837258002,0.9928483866263513,0.9138808918740071,0.945305581259918,0.8461628292403136,0.9688473520249221,0.9264265757108794,0.8016416996108084,0.9069398281965728,0.853959308739425,0.945305581259918,0.7593813069575353,0.9857418255557404,0.927034035310814,0.7402591560583245,0.829568874372492,0.9629078616894173,0.8547169780516889,0.880717431921823,0.9662454225678805,0.7946878175844501,0.9308487984769922,0.7468673605964746,0.9422586572762628,0.8788539781850342,0.7163055070284614,0.9589316626844855,0.9442782351269043,0.9514374462741437,0.8855324042412525,0.988790672923878,0.5403739491423276,0.8987127601538667,0.9505853404005387,0.869279304605416,0.9308912761119588,0.9571805908603364,0.9442782351269043,0.9589316626844853,0.9289368665380614,0.805171479871845,0.9279843845372737,0.9710638846211326,0.9540615556502023,0.9434430901748686,0.9644928340620884,0.9246724996449085,0.8125986986748952,0.8707511192158015,0.9264265757108794,0.960221152322577,0.9615452872130623,0.9576735770276548,0.9220700353609519,0.869309943989651,0.9605021604012389,0.9589316626844853,0.960221152322577,0.9781888097246554,0.8707511192158015,0.9688473520249221,0.960221152322577,0.869493083703094,0.9336347991328915,0.9110833848585063,0.8880166939342053,0.9255474930154989,0.9589316626844853,0.960221152322577,0.8871895921957202,0.960221152322577,0.924348743344853,0.9856873472059702,0.9434460340315114,0.960221152322577,0.9308487984769922,0.960221152322577,0.9017356045997869,0.9273099638694318,0.6863876863023031,0.9028202028772294,0.9493957255905625,0.8914207546882851,0.957673577027655,0.9836543654419934,0.9517679141853161,0.9741742265760636,0.9081907452271052,0.8420957316791525,0.9448229719109482,0.9212094218042227,0.9144243194673916,0.9238013891436971,0.9402586349213954,0.9872125588573135,0.9336347991328915,0.9564441004788367,0.6965730689929297,0.957673577027655,0.960221152322577,0.9238013891436974,0.960221152322577,0.7912691723776106,0.7448986425205775,0.9448229719109481,0.9432628256129656,0.8561165010554981,0.9615452872130625,0.9327142329596734,0.9506503681784946,0.7652345379073414,0.976238170109926,0.8913167644457047,0.9629078616894176,0.7309738342063736,0.8995337970065294,0.9157488137956813,0.9589316626844855,0.9657671730030437,0.8407776471276047,0.9704919301607371,0.906414271134099,0.9433354585651037,0.9473991727811975,0.8987127601538669,0.7652979982015159,0.9643133649175288,0.9194920767890469,0.912270756397799,0.8614494698822028,0.9672758151492922,0.9026728454973327,0.802147804059992,0.9484671409187437,0.9326762742692688,0.9672758151492922,0.922309554537388,0.9263467923542656,0.9657671730030435,0.8913373025078373,0.8311012003946949,0.9629078616894176,0.9364368411420321,0.8846162930362216,0.9576735770276548,0.9629078616894176,0.9493957255905625,0.8380544030567036,0.5403739491423275,0.8777627336524754,0.8863615183906015,0.9539382344839202,0.8578332487188297,0.9672758151492922,0.9574863565447541,0.8674131849162848,0.6531584784210591,0.9448229719109482,0.8451155112420423,0.9854926765128262,0.8616993128705424,0.9922673407988161,0.9345618542101832,0.8926489687296868,0.9801145305445416,0.9528733312996052,0.8277973742576541,0.8792997209978723,0.9082817858847672,0.6873637368733334,0.9688473520249223,0.9246724996449087,0.5155763239875379,0.9918036979367357,0.9592096814182649,0.9801145305445413,0.9629078616894173,0.960221152322577,0.9643133649175286,0.8821852247529477,0.9902272378284809,0.9672758151492922,0.9657671730030435,0.8011809317019499,0.960221152322577,0.9506503681784946,0.9672758151492922,0.920983946319307,0.9299882837258,0.9202699747905216,0.6579010970221212,0.9643133649175286,0.906414271134099,0.9759727047473505,0.7090427957190417,0.9552408029353749,0.7872929989765257,0.9629078616894173,0.9364368411420323,0.9680270476887273,0.9540615556502023,0.9299882837257998,0.9704919301607371,0.8517526482728699,0.7313620180897447,0.8614494698822028,0.8917979759263727,0.9589316626844855,0.8348942268132545,0.9586895913852922,0.8846162930362216,0.8855843507261227,0.8166721374016904,0.960221152322577,0.9241944187271152,0.9354957453078971,0.9505853404005387,0.7907746610627938,0.9688473520249221,0.9166835378272546,0.960221152322577,0.960221152322577,0.9453055812599183,0.9246724996449085,0.7961828659639223,0.960221152322577,0.6186915887850455,0.960221152322577,0.8311012003946949,0.9662454225678805,0.9169343421262847,0.9602211523225768,0.940281523787128,0.9094075605567671,0.979181075752011,0.9571076366744768,0.960221152322577,0.9069398281965728,0.6863876863023032,0.8603930719852719,0.8978091213472763,0.9434430901748687,0.8577866289022805,0.9629078616894173,0.8757769776139175,0.960221152322577,0.8392345523720054,0.9902272378284808,0.8896682568954879,0.9862457371929555,0.9615452872130625,0.9045448781262264,0.45214742792898566,0.960221152322577,0.9650737860076912,0.8826723723783978,0.960221152322577,0.9984192168061299,0.8770285044378545,0.9138808918740071,0.8206465546456466,0.880717431921823,0.960221152322577,0.960958390827874,0.9183299651833601,0.9657671730030435,0.9607483250129105,0.9273449960602137,0.9273099638694315,0.9281978840490726,0.9884981945888782,0.9629078616894173,0.9854926765128262,0.9110833848585063,0.9168592415074222,0.9232512503966037,0.726171006987941,0.8987127601538669,0.9495505106234363,0.9643133649175286,0.9463456194504829,0.960221152322577,0.967275815149292,0.788286512604871,0.9253480765407986,0.9529044812989522,0.9961565139931365,0.957673577027655,0.8380544030567039,0.9535979799037623,0.957673577027655,0.9762381701099261,0.9574863565447541,0.9735307058746405,0.9476534130774978,0.7819933519134992,0.967275815149292,0.9176189154668901,0.9688473520249221,0.9540615556502023,0.7164738697037119,0.9864581638200878,0.9788198231857259,0.9688473520249221,0.8724144082201368,0.9887119198512566,0.9605021604012389,0.9473991727811975,0.9517679141853164,0.9238013891436974,0.51091366199046,0.9364368411420323,0.9686270243184087,0.9456088940393093,0.9859275654047343,0.9212094218042226,0.952904481298952,0.9412650880954541,0.7889020793904016,0.8571935243607933,0.9265898281132817,0.9564441004788367,0.9263467923542656,0.7708473443515705,0.9393074128728374,0.9859275654047341,0.9495505106234361,0.8180076324411965,0.952904481298952,0.922309554537388,0.948467140918744,0.9336347991328913,0.8781669771911611,0.5109136619904592,0.9166835378272546,0.9940786013624598,0.9354957453078971,0.9212094218042226,0.967275815149292,0.8604028387223073,0.9605021604012387,0.9657671730030435,0.9571380145076701,0.9564441004788364,0.5882821287367914,0.9643133649175286,0.9672758151492922,0.5874317400159472,0.8084196111143451,0.9317998283510542,0.9589316626844853,0.9589316626844853,0.8979763176038495,0.9774358012844695,0.9564441004788367,0.7720285418493833,0.960221152322577,0.9657671730030437,0.960221152322577,0.960221152322577,0.8941961293283134,0.9495505106234361,0.7313620180897445,0.960221152322577,0.8865499284062763,0.9101481973477739,0.9336347991328914,0.8840034072762032,0.9497216571784259,0.9550326616655347,0.7819933519134992,0.9238013891436971,0.9120142963323283,0.9552408029353747,0.9110833848585063,0.9657671730030437,0.990241664033759,0.8614494698822027,0.8871895921957202,0.999822015418471,0.9706827259226705,0.957673577027655,0.850647119434712,0.46767954019732705,0.9650737860076912,0.9629078616894173,0.6957845084090473,0.9517679141853161,0.9473991727811975,0.9495505106234363,0.9194920767890469,0.940281523787128,0.9264265757108796,0.9836543654419934,0.9934000968343186,0.9629078616894176,0.9517679141853164,0.9615452872130625,0.9612305818481932,0.927034035310814,0.863672985459719,0.9643133649175288,0.9270340353108142,0.9564441004788369,0.9256502688716617,0.7288774911651125,0.9589316626844853,0.8956947474420132,0.9422586572762628,0.9704919301607371,0.8308063456911845,0.9176189154668903,0.9238013891436974,0.8332553309128994,0.8399952979278096,0.9774358012844695,0.9077662249784126,0.960221152322577,0.9643133649175286,0.9345618542101832,0.9602211523225768,0.9110230653978576,0.9517679141853161,0.957673577027655,0.9980151413438716,0.8379818769593005,0.9836543654419935,0.8826723723783978,0.9688473520249223,0.8427304828592407,0.952904481298952,0.9356763192142941,0.957673577027655,0.6003003702128971,0.8607374764874878,0.9056319216938434,0.9859275654047339,0.8988610542266964,0.9061143838323409,0.825802314919994,0.932771007121397,0.9364368411420321,0.9045448781262262,0.792426963303995,0.9412650880954541,0.515576323987538,0.9506503681784946,0.9615452872130625,0.9856873472059702,0.9723047356695362,0.9161060738860443,0.9589316626844855,0.8404071783150315,0.9878873607719469,0.9704919301607371,0.9476534130774981,0.9629078616894176,0.9550124172403792,0.79468781758445,0.9473991727811977,0.9229339640663332,0.705257532988097,0.9506503681784948,0.9203519494821841,0.952904481298952,0.9589316626844853,0.9643133649175286,0.5954115757594401,0.960221152322577,0.9364368411420323,0.9748025681490502,0.8846162930362216,0.6705125265748282,0.960221152322577,0.9518158084907125,0.8098248093163584,0.9264265757108794,0.9393074128728374,0.9246724996449085,0.677593759122914,0.9069398281965728,0.849535506835411,0.7538338724175451,0.9264265757108794,0.9213692074375961,0.9506921078835923,0.9657671730030437,0.6396684921237523,0.9442782351269043,0.9629078616894173,0.7448986425205787,0.8124598227993493,0.9961565139931364,0.9576735770276548,0.920983946319307,0.9540615556502021,0.9442782351269043,0.5460239008814076,0.913880891874007,0.9094222802137257,0.9672758151492922,0.9602211523225768,0.9517679141853164,0.8892592555773313,0.9163193526016034,0.9589316626844855,0.9643133649175286,0.9564441004788367,0.9589316626844855,0.9589316626844855,0.9364368411420322,0.960221152322577,0.9564441004788367,0.9273099638694317,0.960221152322577,0.8547169780516887,0.815808535234576,0.9672758151492922,0.9629078616894173,0.9657671730030437,0.9615452872130625,0.9589316626844855,0.8758841588239129,0.9671258766853237,0.9495505106234363,0.9129474806881048,0.960221152322577,0.9223125238854553,0.5986100747104802,0.985927565404734,0.8737775624853945,0.9281978840490723,0.9342541377090324,0.5293143154878843,0.9506503681784948,0.9592096814182646,0.9506503681784948,0.9602211523225768,0.9336347991328915,0.7782033441111667,0.999822015418471,0.9483842914986946,0.9529044812989522,0.9342541377090323,0.8049861069750195,0.9629078616894176,0.9223125238854551,0.9138808918740071,0.960221152322577,0.6283163920140769,0.9077662249784124,0.9688473520249221,0.8292928204930172,0.9564441004788367,0.9762381701099261,0.8989178714642769,0.957673577027655,0.871763708415827,0.8666606520185522,0.960221152322577,0.960221152322577,0.9327142329596736,0.9115456612205783,0.7366751851754313,0.8664998444650647,0.9166835378272546,0.8566477616876665,0.8262875324250604,0.9142985671377684,0.9473991727811975,0.9253480765407989,0.960221152322577,0.9220700353609517,0.9643133649175286,0.9704919301607371,0.8011999848286615,0.9672758151492922,0.8677629859955871,0.960221152322577,0.960221152322577,0.8935656017904772,0.9574863565447541,0.9234916928103379,0.9517679141853161,0.9949312819359695,0.889120168139033,0.9432628256129658,0.9212094218042226,0.9073482152003542,0.8486444096037378,0.960221152322577,0.7448986425205786,0.8932471373037334,0.9615452872130623,0.9672758151492922,0.9550108469657219,0.885584350726123,0.9814857905852672,0.736028742336932,0.9535979799037623,0.9682054761806351,0.960221152322577,0.9007974233889859,0.7360287423369322,0.9212094218042226,0.8110481230425687,0.9748025681490502,0.9540615556502021,0.9748350526392386,0.7278474509001205,0.9657671730030435,0.8970707874646666,0.8921400493540417,0.9676769377237682,0.9280373831775703,0.9393074128728371,0.9463456194504827,0.889432688946328,0.9643133649175286,0.9589316626844855,0.9028202028772292,0.9942420842964469,0.9336347991328913,0.9950331250804818,0.9704919301607371,0.7984764022449997,0.9704919301607371,0.9704919301607371,0.9791919178046251,0.9934000968343186,0.9186457666042602,0.9602211523225768,0.9280373831775702,0.9517679141853161,0.9517679141853161,0.7628646596352016,0.9552408029353752,0.9589316626844853,0.9442782351269043,0.9169502243571082,0.9615452872130623,0.8988610542266965,0.9354957453078971,0.8616255760827236,0.8441614090406868,0.960221152322577,0.7228317691823948,0.960221152322577,0.9061368756587871,0.9688473520249223,0.9881161094061227,0.948467140918744,0.9649817692440881,0.960221152322577,0.8826723723783978,0.8308063456911845,0.9484671409187437,0.8836456641177748,0.8642723367835958,0.889432688946328,0.9643133649175286,0.9333294375625141,0.9545130974694751,0.8479521653438948,0.8344672026399322,0.9168592415074226,0.7840226842614613,0.920983946319307,0.5828836218345714,0.8751938654120848,0.9203519494821839,0.945305581259918,0.9110812357914193,0.9238013891436971,0.825802314919994,0.960221152322577,0.9589316626844855,0.8763243374738707,0.8319589973352827,0.9884981945888783,0.8250913965285303,0.8415724373376192,0.960221152322577,0.8697346212836397,0.932771007121397,0.888499047077812,0.960221152322577,0.9120142963323283,0.896606254780716,0.9672758151492922,0.9495505106234361,0.9589316626844855,0.8548305506210706,0.9902272378284809,0.9662454225678805,0.6868436814132018,0.9787649061336618,0.9168592415074223,0.8232442102979087,0.960221152322577,0.9432628256129658,0.960221152322577,0.9342541377090322,0.7982162294178603,0.9094222802137257,0.9704919301607371,0.9422586572762628,0.7988652819601522,0.925547493015499,0.9393074128728374,0.960221152322577,0.9054798572912144,0.8960891990394331,0.9636376010830708,0.999822015418471,0.9336347991328917,0.9643133649175286,0.9412650880954543,0.940281523787128,0.9345618542101832,0.9161060738860443,0.8415724373376191,0.9345618542101832,0.9393074128728374,0.9643133649175286,0.9102521474185268,0.9345618542101832,0.9704919301607371,0.9463456194504827,0.9535979799037622,0.8713174172545053,0.7212184631640952,0.9402815237871283,0.592295803345599,0.9152641503417578,0.9336347991328915,0.9836543654419935,0.9327142329596738,0.945305581259918,0.9589316626844853,0.9517679141853164,0.8525992707005732,0.6589076603453448,0.9808061948240676,0.9064142711340992,0.9828798843095534,0.7683999834433902,0.9922673407988162,0.9615452872130625,0.9629078616894176,0.9710638846211328,0.9456023969539066,0.9432628256129656,0.9355758535992384,0.9220700353609519,0.9643133649175284,0.9657671730030437,0.9011763798631671,0.9980151413438716,0.983827883658792,0.790774661062794,0.9412650880954541,0.8847021819311651,0.9506503681784946,0.9984192168061299,0.9602211523225768,0.8679186029030667,0.9690469718238907,0.9632036283196383,0.9698382173897018,0.8822041938925775,0.9657671730030435,0.786728874884449,0.9028202028772294,0.9463456194504825,0.9564441004788367,0.7591103358244087,0.9365377706532191,0.8995337970065294,0.9404775915135256,0.952904481298952,0.8780124908814331,0.9611058687776598,0.8752956561209487,0.969625418100027,0.9629078616894173,0.9615452872130623,0.9110833848585063,0.9432628256129654,0.9493957255905626,0.9674296364846788,0.932771007121397,0.9363234820150037,0.6531584784210591,0.9576735770276548,0.9054798572912144,0.920322271728212,0.9723047356695362,0.5986100747104807,0.8896682568954879,0.6579010970221213,0.9657671730030437,0.9161060738860443,0.9473991727811977,0.5293143154878843,0.9688473520249223,0.9102521474185266,0.9672758151492922,0.9664790626458124,0.9657671730030437
p11_GAP,0.6695237530298108,0.8380916752493699,0.7072023694241147,0.9105382563567382,0.8598212074455567,0.8694627353424192,0.5092154285569562,0.5782584901705163,0.59124207580624,0.8229648286294509,0.8552626877067031,0.9870158252600565,0.8501444291160678,0.694393459671193,0.989986807631773,0.9118034764988059,0.9877573767538774,0.9574912181494095,0.8814543472273345,0.8935656017904772,0.7444172485569491,0.9651817895279255,0.9208305033189339,0.8976675519996324,0.9991552845816156,0.6969281293985672,0.8304082766995442,0.6674417799926455,0.8935656017904771,0.0,0.6682302649251033,0.7984206482463507,0.7471734191679889,0.8115456104372938,0.8598212074455567,0.9151644941927575,0.7827848981124288,0.8217189534557292,0.8323106849540625,0.7532946593597489,0.7822045155631272,0.8794843458151855,0.9447770127157955,0.7585425322875392,0.8304082766995442,0.8458439929666024,0.8205034403032454,0.6742755981927382,0.9456357244650377,0.7072023694241159,0.8594113239051477,0.9496714335187348,0.6969281293985672,0.7885156757188783,0.9231560422501488,0.811531702246663,0.7464834334876655,0.7739436107925906,0.7591214417584364,0.7609151749640031,0.6524699797716385,0.9204162768304233,0.914064036690936,0.8796019107650253,0.8377862546708625,0.559895742266669,0.9527298769547387,0.9581220739442373,0.6706836029628391,0.9151644941927574,0.6884245179734958,0.7979095220612442,0.9993191072614235,0.6584642027621719,0.7739436107925906,0.6932411841023378,0.9414192582572931,0.9021649053612402,0.5543744684940237,0.8323106849540619,0.9021649053612405,0.9991179143792435,0.6718658230131764,0.8054960830447517,0.7739436107925906,0.6709166874495509,0.9160055541189126,0.5997432223392103,0.9543679478284952,0.7666156616807629,0.7739436107925906,0.5649208746044841,0.727011091077972,0.6899800213984002,0.8149921197146959,0.9496073274922785,0.6007255078966883,0.6234334934941677,0.8599325483886564,0.6188779236810484,0.8096241283827617,0.8492555420838777,0.8021155478511962,0.703304741590061,0.7323291400749969,0.8151543300838582,0.7928353612646913,0.7961197043084269,0.9525551506674035,0.682352332984546,0.6622604853543885,0.7452297736657489,0.7702032727389241,0.824111294873104,0.8205034403032454,0.7670721664438811,0.9124556745451033,0.8477442002619117,0.8704729119390808,0.6669110948018875,0.899985460866572,0.5797110340122399,0.7428545480534483,0.7670604780181195,0.9556544189336434,0.47583869369093845,0.8118346753749688,0.8154393030196301,0.958235616282348,0.8246172922454978,0.7335396130071363,0.8805472616874046,0.9216236926048751,0.9437668361191333,0.778455606257665,0.8554704390823744,0.9838761265452044,0.9850577543455339,0.8606330169460781,0.7861116565250372,0.8561185320996368,0.8240313055654187,0.6097501260140112,0.8085427990310952,0.5901720985977519,0.6926802129538794,0.9936438966122616,0.764261028097547,0.988378183377324,0.7791312543732474,0.9288659883709903,0.8736534847328341,0.7317559933334975,0.5915079117744211,0.9216236926048751,0.7765382926051012,0.659155305790931,0.9829983092985957,0.9418095869242022,0.5647555784390352,0.532646887538498,0.9993650955442763,0.8868216295829456,0.9242212730598249,0.6733029645644699,0.6837392609663967,0.9950936456274602,0.8633690115647088,0.9396485145112712,0.9243704273812205,0.8319401484710858,0.7680215914296751,0.727344109053202,0.5157426655613988,0.6446003208072262,0.7890743204793541,0.9151644941927575,0.760322522266206,0.797580495564975,0.795463834542169,0.9276261364720974,0.72010503456361,0.935905518172954,0.9034870578247522,0.9107307843037149,0.667152685688496,0.6937104209128684,0.9574889803577874,0.7637276759536338,0.7601441379700262,0.8926935785276152,0.9259745669198833,0.9340433178234218,0.821109125331638,0.7520359684097608,0.7739436107925906,0.8105182202120127,0.8926935785276154,0.8187839972957639,0.8689610976649824,0.7846360668678825,0.9596415460312588,0.7739436107925906,0.6824083245526951,0.784767341668446,0.8229648286294511,0.7739436107925906,0.9156089403683976,0.7718639469746307,0.648126921041559,0.8750237799613421,0.9481064239187631,0.7939899409095611,0.7739436107925906,0.7717029487353924,0.7739436107925906,0.7323339056338973,0.985069172425432,0.940691286743045,0.7739436107925906,0.8154393030196299,0.7739436107925906,0.9976917610749403,0.7438437237259361,0.6837392609663965,0.6798884400653258,0.8492555420838777,0.8096907280362939,0.7861116565250368,0.9665636680683805,0.9872931479308098,0.7350218526435146,0.7966580885231949,0.9230950333689715,0.9850577543455339,0.7957401052286472,0.8215275101294393,0.8020491862887078,0.9906202123909289,0.6801551377064794,0.7535221851209997,0.8044319414786048,0.5647555784390356,0.9740790189691615,0.7739436107925906,0.8850721454098909,0.7739436107925906,0.5072448054630962,0.6595414355628231,0.9527298769547388,0.8434853682894033,0.8096907280362939,0.810518220212013,0.8740778004825034,0.7212439119331118,0.6167505068430397,0.8293931832816235,0.7920932334636288,0.8192336313917985,0.6539418523183458,0.5589987825985729,0.9568728892687317,0.7666156616807629,0.9347629248164578,0.8910597380665377,0.8323106849540625,0.7557623450661868,0.894797570459247,0.8335323337878822,0.5818329962403817,0.5996810620266622,0.8905175082550112,0.9392396052498642,0.9298002655569446,0.7310402729691761,0.8151543300838582,0.6321655178140848,0.8196175460744572,0.774525344786648,0.8586284592694569,0.8151543300838582,0.7914422752937225,0.7193692399621048,0.8054606979556642,0.7596153396147529,0.6943934596711927,0.7892117206997183,0.9442252885341609,0.7579725737964227,0.7609151749640035,0.8805472616874046,0.9706129937636438,0.918254017056841,0.8140340532964888,0.6196331858829094,0.8492813609851473,0.597738909461512,0.7589174995592367,0.8477442002619116,0.8021155478511961,0.7532946593597486,0.7594661760243924,0.7971989552054204,0.7345167049374846,0.9825201350864283,0.9693431848521966,0.9261368987981033,0.9618045291268077,0.9050892503381474,0.9987862465592804,0.9792379243849678,0.49979798577706847,0.9542837857101327,0.818201733507123,0.5748743705682726,0.9641663749515034,0.7251350722516978,0.9288659883709902,0.9610035128252196,0.8796425778063885,0.9289162658848098,0.9405910830715642,0.7739436107925906,0.7984206482463496,0.6167900998630105,0.7385185116412762,0.8151543300838582,0.9682604050379471,0.821364220138359,0.7739436107925906,0.9542445815041722,0.9825847881236034,0.8323106849540621,0.9042355325634441,0.9028143087030329,0.7520660878273886,0.8905175082550113,0.8695184385696,0.9583798164220805,0.836054815881873,0.7725326913665937,0.8695943005107144,0.9092993634680373,0.7357286515247983,0.9974769483758117,0.7653003285067188,0.8337170926935893,0.9809188865074903,0.8096385862231561,0.6766899169033607,0.8035564307051546,0.9617810415329375,0.7666156616807629,0.8436845624609219,0.684399223024672,0.7212804769689185,0.7271118857050842,0.9851976910335125,0.7739436107925906,0.7372489545481864,0.8583333709564309,0.6825246467361371,0.9355082771860013,0.9641663749515034,0.8466672037801366,0.7739436107925906,0.7739436107925906,0.8601508066404651,0.9929210651426117,0.6821967184606782,0.7739436107925906,0.8229648286294511,0.8021155478511961,0.6747439326997795,0.6092883316035937,0.8574509089948301,0.9725089556799726,0.6805329167798323,0.749667835224486,0.939171645888915,0.9300950750857426,0.7739436107925906,0.6354455898082165,0.6466638918783414,0.8096316038016993,0.7974729720594256,0.9612165878642935,0.4615568830575649,0.8805472616874048,0.7173223776121158,0.7739436107925906,0.9122136166038988,0.825372874558223,0.5380988216042537,0.9348767212797794,0.9570835616876676,0.9456000362655379,0.771000409058519,0.7739436107925906,0.9509250846253965,0.9049519244349563,0.7739436107925906,0.8397553591602209,0.9851117003695188,0.7128327205017573,0.9790369744764131,0.7345167049374846,0.7739436107925906,0.749123569788722,0.7622492382424959,0.967088481531656,0.6821939665836847,0.8311415261998816,0.8639639609505876,0.7675296067948014,0.760195570077524,0.7904815296111656,0.9986366679176045,0.6932411841023378,0.8047705081843861,0.7314380555639075,0.5943255041262134,0.7078032161008232,0.8047705081843869,0.7984206482463505,0.7602321023705129,0.7739436107925906,0.9837050649109738,0.9574889803577874,0.8365215796776817,0.9765488911727318,0.9471810109959831,0.7594661760243927,0.8209671124125786,0.8976675519996329,0.7594661760243927,0.8779076646680348,0.8584594219684041,0.9868196738408369,0.7260694107625452,0.6388731946323821,0.9162847709801278,0.7878358038553521,0.8935656017904773,0.9140283270981853,0.8276370905591097,0.8139017300950997,0.9160055541189127,0.8582652152099641,0.985146696440582,0.9455070481530556,0.7817352274470282,0.7673054136962821,0.7988440706334989,0.702421635343287,0.9993650955442763,0.7546828912529215,0.6496440124257988,0.6712167117142551,0.7969846017459076,0.7984374147634434,0.9021649053612405,0.7085666404291588,0.46671618577300733,0.743218080080043,0.7962488962704279,0.8304082766995442,0.7439885830770117,0.8215275101294395,0.989136364242391,0.9335043147429778,0.804770508184387,0.9913768623626233,0.9765488911727318,0.7651240873875935,0.9110450577837184,0.9896931489281714,0.6150970216672604,0.8192336313917981,0.9891231137154575,0.9588943841870499,0.7458833608523028,0.9607664067666069,0.9825847881236035,0.7518504520210034,0.9085299827779083,0.8701118113860611,0.8320407373186157,0.8044319414786045,0.9617810415329375,0.9216236926048751,0.8140340532964886,0.7468922902660919,0.9648878316969137,0.8124591649474173,0.8775187083448659,0.9596415460312586,0.9525914287328916,0.9987557679355237,0.7524792710367262,0.7804335359924135,0.7739436107925906,0.8389581781771545,0.7739436107925906,0.7739436107925906,0.680741108881898,0.7133041786854941,0.7335526360877322,0.7739436107925906,0.9535346179920493,0.7919191019173382,0.7879337685382377,0.7010972539433804,0.6061538044523531,0.9353965552608834,0.6053999455210177,0.8160452017538495,0.7269781748653723,0.7963596812571242,0.9007304483506526,0.8054606979556642,0.7668332620298084,0.9909811223762401,0.8288274972456549,0.9082377922823146,0.9754068689554316,0.8660480980269708,0.7672683526709887,0.9024373681012593,0.7443014438652013,0.7904815296111656,0.6552548345501182,0.8447179603070155,0.8556079738184156,0.8750973385694876,0.6692284545367331,0.9392693856479637,0.6694840955378849,0.9208305033189341,0.7784045207601682,0.9693431848521966,0.8209554290363836,0.868617774737093,0.9625414362933581,0.7815236502133374,0.9701497168950668,0.8283051395552844,0.978047444720365,0.8044319414786054,0.6765994663826671,0.9526213991194843,0.8213642201383589,0.8579721785171861,0.7965222178097513,0.9066147857307759,0.9424106435468447,0.7878358038553521,0.932277344523506,0.9302766617077511,0.8447179603070155,0.9669241642860043,0.9942186203713468,0.7739436107925906,0.7984206482463505,0.8898939945209738,0.9429752331442157,0.9409602023837718,0.9872931479308097,0.920788057967872,0.9785650302307176,0.9536649259940037,0.7819039258096631,0.7462433993451683,0.8593316921459322,0.8455916732321621,0.8293931832816235,0.8226703670348632,0.7594661760243927,0.8724374978529389,0.9168502839948084,0.7145667211237148,0.7520660878273886,0.9001826083900079,0.8194396158218353,0.880915959740431,0.9813902845617108,0.8851865539127236,0.9330081565479809,0.9544935631946938,0.8094075791892967,0.8229648286294512,0.8127547489247667,0.9861333389502076,0.8616872949487684,0.918281329058364,0.9157227773033219,0.7666156616807629,0.8818874264711061,0.9978685546888825,0.9437668361191331,0.9436102577817329,0.9993650955442763,0.8208500342550549,0.9640447326970829,0.8132574257235861,0.8256749522400124,0.968742355538398,0.859354882838979,0.9664036022552522,0.7582337249338793,0.9034870578247522,0.8606330169460781,0.8323106849540621,0.7739436107925906,0.7145983963596086,0.9263051953102384,0.6601269822564115,0.7400525711505557,0.7739436107925906,0.7648185779791046,0.84185165276523,0.8226111374340968,0.6747439326997797,0.6247153249176047,0.6888147905145092,0.7233209458758081,0.664363239342005,0.9698624748387523,0.8030783157084971,0.7723631500793202,0.9754472447494383,0.8066326214619564,0.8492543854023227,0.7043896368909348,0.8792774527759575,0.7695920066846061,0.8694627353424192,0.9283842177561201,0.7861116565250369,0.9066147857307763,0.8396643278024518,0.7675303317860308,0.7739436107925921,0.8885978956308724,0.6073630851763316,0.9151644941927574,0.9711471702028197,0.9872931479308098,0.8459459356710772,0.6857649875085288,0.7666156616807629,0.9838360613046024,0.7784556062576656,0.7666156616807629,0.7666156616807629,0.8093695950002278,0.7739436107925906,0.8044319414786048,0.6727151240400382,0.7739436107925906,0.7296068308681289,0.5752559347374429,0.8825746240147043,0.7904815296111656,0.9347629248164577,0.9848168837872526,0.7939899409095608,0.8697422690190824,0.6401117686909066,0.8293641738200408,0.7968926386260486,0.7739436107925906,0.7241952257077469,0.8492555420838778,0.7987487729874201,0.7419442134411711,0.8516268828969287,0.8140340532964887,0.8976675519996327,0.8127547489247671,0.7512502448309759,0.7894546819676608,0.8034773333283485,0.7879337685382377,0.7466470346562806,0.7468922902660922,0.8361467061778021,0.8779076646680346,0.9151644941927575,0.731923429903606,0.8205034403032454,0.7070351918185109,0.7128327205017571,0.7739436107925906,0.858459421968404,0.6114912889545105,0.8229648286294511,0.9149967395066575,0.8578757006491784,0.9021649053612403,0.7094588935086941,0.7594661760243927,0.887667966039689,0.8093340131728246,0.7739436107925906,0.7739436107925906,0.7991606730692197,0.575908534467285,0.6167900998630098,0.8202178423545727,0.7689639801790524,0.9174138710278583,0.8933587036225319,0.759295598011116,0.7231541336352159,0.7627501316522052,0.7739436107925906,0.8187839972957638,0.7984206482463505,0.8323106849540625,0.9032974071237745,0.8151543300838582,0.8070893593724078,0.7739436107925906,0.7739436107925906,0.761336254107339,0.8302874849098002,0.785278506578369,0.8226066019041314,0.8979044763649322,0.701040019561546,0.8642244968307193,0.8606717020299128,0.736267265477315,0.7814813102119841,0.7739436107925906,0.7145667211237146,0.7367889892591215,0.8699342299000485,0.9488746411581803,0.8706542729768004,0.9790655092584817,0.6021353883475696,0.6521750190988629,0.8118346753749688,0.7263033464161675,0.7739436107925906,0.6709681679082531,0.7084000241509268,0.8796019107650255,0.8289263766017968,0.9913324624759932,0.9868196738408369,0.8494168725501241,0.7598013194294562,0.9347629248164577,0.5435589723230594,0.7981450933442193,0.9343136175833033,0.8946320787264448,0.9126160009005431,0.9122272374751699,0.6397977182764114,0.7971989552054202,0.7666156616807629,0.6226839987974746,0.8536254988433933,0.8062755303918666,0.9407220902655633,0.9809188865074903,0.6411996737091923,0.906614785730776,0.9809188865074903,0.832649793578086,0.931812319198619,0.6517217600665353,0.9711471702028196,0.9994667615320164,0.9651817895279255,0.9635306166601775,0.7202124388913063,0.7978919635651991,0.8775187083448657,0.9359055181729536,0.8759452621131889,0.7814684429494736,0.815558789743703,0.764625029202991,0.753482948613458,0.8260801657096752,0.7739436107925906,0.549434135115731,0.9161650815627647,0.7726534137807148,0.8229648286294509,0.9439105339405488,0.708911745150381,0.9314907703429732,0.7739436107925906,0.8194934878481475,0.9912877640237534,0.8419031156644268,0.7398880733532485,0.7960078193690661,0.7504548903146258,0.7984206482463505,0.8222135191870945,0.9202231254166114,0.6543531125186568,0.8267178382019134,0.7361707610602164,0.6370483515632885,0.8694627353424189,0.8276370905591094,0.8584594219684041,0.8240814709394577,0.9242644950088945,0.7339843510939361,0.616790099863011,0.9913272127542049,0.9429752331442156,0.7666156616807629,0.7385468742996522,0.954493563194694,0.7601955700775237,0.8338018911594425,0.9001457145472898,0.7739436107925906,0.8393631282836258,0.7497157961297367,0.7140429866426066,0.7739436107925906,0.7397766770774614,0.8217189534557288,0.8151543300838582,0.7133041786854941,0.7666156616807629,0.9696011735973187,0.9574912181494096,0.9453651546481949,0.7254365351893,0.9554932947991845,0.9894302504431036,0.9913450415962053,0.7739436107925906,0.9057027539133509,0.7739436107925906,0.8814543472273346,0.5996197917478061,0.6073630851763319,0.8323106849540625,0.9785650302307176,0.9782752920822626,0.7481785207845686,0.9694868372709778,0.7739436107925906,0.9599051199718911,0.8535108243271072,0.8864590842610889,0.7872286657701477,0.9369398036573067,0.9850577543455339,0.9909212689575464,0.9612165878642935,0.6466638918783412,0.7131278671000785,0.9244217104964981,0.6466638918783412,0.8143683660434771,0.7971989552054203,0.6126943650347165,0.6466638918783412,0.8323106849540625,0.8905136467459331,0.9861333389502076,0.90873105662274,0.793989940909561,0.9612165878642935,0.7071475739088695,0.7072023694241154,0.6801551377064801,0.9894302504431038,0.674390200986335,0.9902505871665328,0.8227701498872702,0.8922430228482805,0.8501010505629261,0.8712392024139121,0.8612667309802733,0.831599740735129,0.9454238696279194,0.7329074694940496,0.8174083477281785,0.8686177747370926,0.8205034403032452,0.7624062098919437,0.9672093664561981,0.6795146752603252,0.9679201395372994,0.7560401795655607,0.8606330169460783,0.8066326214619564,0.537626144626911,0.7147357625517403,0.8190904730360364,0.8417999354325609,0.9485741677863703,0.6219161343397454,0.836054815881873,0.7621885348888089,0.8034773333283485,0.5952785417342665,0.8612434334846607,0.8460688282066947,0.6415697656436099,0.7231731166521443,0.9347629248164577,0.906316809077913,0.44774383059994716,0.7186417201278041,0.9343136175833033,0.9396485145112712,0.8282059036292798,0.4290677480088926,0.5067485899904636,0.9991938681340626,0.6168126939732208,0.8761127785959545,0.9096556445724715,0.35770129081317126,0.7892117206997182,0.8118346753749688,0.6782030964154113,0.6795146752603229,0.9393212741601169,0.8885476022641621,0.6543204185401006,0.4858386783287003,0.8926935785276153,0.9474335384685169,0.5985557306691369,0.9092808865422052,0.9488819363477426,0.8492555420838781,0.672530625041335,0.9991179143792435,0.8389581781771545,0.5728698523439884,0.8776836138489488,0.8105182202120133,0.8229648286294509,0.8071152874863734,0.8814543472273346,0.5150374835070524,0.8389581781771545
p11_I,0.7173181380024438,0.9133880855304557,0.9436232402977911,0.8855707623626503,0.9250013316406696,0.9936310971469992,0.7666561912455561,0.719172185452357,0.3599316107601541,0.9412650880954543,0.9112065483416407,0.9225701399051969,0.9225701399051969,0.8855707623626501,0.9268447565728168,0.9056678186761249,0.9178801133263084,0.8988405313927081,0.9383021271292231,0.9412650880954543,0.9348824782192033,0.9090636753073358,0.9812071873217105,0.9759790834075595,0.9069566644903915,0.1227372056815752,0.9178801133263084,0.9075611147669862,0.9412650880954541,0.6682302649251033,0.0,0.9327167510955896,0.9156114273620626,0.26575647942414027,0.9809662470451703,0.9383021271292231,0.9274978432118415,0.9156114273620615,0.9443657603723177,0.8968796530895522,0.9598134703026913,0.9008268910150359,0.9443657603723177,0.8714160325350082,0.9612320790184805,0.8399273627702617,0.9801704643354423,0.38276867840637396,0.8968796530895524,0.8660856746685754,0.9327167510955896,0.8652673633709131,0.08649934409173365,0.9133880855304561,0.9156114273620617,0.9996816445584042,0.8949427042733138,0.9250013316406693,0.7949015697835395,0.92019815694306,0.3720524289291115,0.6819237718608899,0.8988405313927084,0.8785401016887859,0.9354577472990953,0.6352053122219403,0.9327167510955896,0.809530831371436,0.714536277453309,0.9945610690582234,0.8837510389154053,0.96045437062055,0.9250013316406698,0.6715985755204533,0.9250013316406693,0.9327458399507507,0.9883783616664186,0.9112065483416409,0.6586095085141515,0.9443657603723179,0.9112065483416407,0.9778050395375548,0.8911350110320606,0.8988405313927081,0.9250013316406693,0.8783842798904287,0.9487210184868773,0.6975827304925293,0.9219466081919556,0.922570139905196,0.9250013316406693,0.8402398194588376,0.8137254184909883,0.5939167304410535,0.8911350110320606,0.8530715715896549,0.8626106085717729,0.9348824782192033,0.6869679820512473,0.6481607411767362,0.894942704273314,0.9801704643354421,0.9250013316406698,0.8127881547112796,0.8323930928014784,0.9383021271292233,0.8629508839222022,0.7110915844258978,0.9069566644903915,0.6663009045173092,0.8406452729382574,0.9008268910150359,0.6929590346490574,0.8663080297186971,0.9300668284196516,0.7548080624567112,0.9961255853556192,0.9383021271292233,0.9443657603723175,0.5610554461058057,0.871416032535008,0.8807086244169697,0.9069566644903915,0.8892617449664435,0.9924458838377673,0.7742913096035949,0.9759790834075595,0.817675498502666,0.9225701399051967,0.8748756693307258,0.5518878317733835,0.9300668284196516,0.9846299338167082,0.9443657603723181,0.9178801133263084,0.836431964940461,0.8456378887844855,0.9327167510955896,0.9327167510955894,0.9201981569430595,0.8134283037091115,0.9412650880954543,0.6768063601649339,0.9044051856928925,0.8591662028932885,0.4552912129747586,0.9718699097782448,0.6323751933393209,0.8968796530895524,0.7906842014554434,0.9412650880954538,0.8896802491260702,0.7873083094059601,0.5643906791132677,0.9327167510955896,0.3184574773160115,0.845014741604954,0.903436323802066,0.9449103012422462,0.8307902358986599,0.7355093993994395,0.9801704643354423,0.9028404281797042,0.8300250099277162,0.9016383298312334,0.9384986992079645,0.6402639326744257,0.8785401016887857,0.9252584119301552,0.9228846908561614,0.8855707623626503,0.9682551375725406,0.2971773034365205,0.7882802647586377,0.6635964291415073,0.9885014952058606,0.9383021271292231,0.8323930928014782,0.8819472699932516,0.8323574432143284,0.9223781983297538,0.5552760584786489,0.9651931383855021,0.9225701399051967,0.6920052824592384,0.8504502276742942,0.5834181746480529,0.8547004147121713,0.9133880855304561,0.88740734199408,0.92019815694306,0.8859100247525031,0.8203837409992218,0.744325668891884,0.8896802491260702,0.9250013316406693,0.9274978432118415,0.9201981569430604,0.8803629912326536,0.8207219031588322,0.46192208987822747,0.9225701399051967,0.9250013316406693,0.9218012246979321,0.744325668891884,0.9412650880954541,0.9250013316406693,0.6554189023854775,0.29863789815537756,0.4649237796307125,0.5869619529568402,0.9441063970569614,0.9225701399051967,0.9250013316406693,0.7873083094059601,0.9250013316406692,0.6835143529399398,0.8472720529865787,0.8630781130477875,0.9250013316406693,0.8628472125712418,0.9250013316406693,0.7666561912455558,0.3065349334826134,0.8766235303260079,0.9122467407990313,0.9300668284196516,0.7528974008782923,0.9201981569430595,0.9048830033154058,0.909063675307336,0.8612853521281925,0.6995849120780244,0.9117913875450325,0.9846299338167082,0.8785401016887855,0.8386564101621345,0.884047291409445,0.9016383298312332,0.5741333756600109,0.29863789815537667,0.9178801133263081,0.8307902358986596,0.9201981569430604,0.9250013316406693,0.8563358498618108,0.9250013316406693,0.7186093085837715,0.8748756693307256,0.9327167510955896,0.8930282606473356,0.7528974008782923,0.9274978432118415,0.9034363238020653,0.9847277353330188,0.8418271742558863,0.9112065483416407,0.5950922186058494,0.9300668284196516,0.8340377649316193,0.4857438343760693,0.7915658006826467,0.922570139905196,0.9354577472990953,0.9803892474692637,0.9443657603723177,0.824172508171173,0.7539434773645894,0.9376689775178677,0.4901927167991089,0.8152281195719786,0.9327167510955896,0.7981149231751687,0.7210180241550614,0.763013068314591,0.9383021271292233,0.6663009045173091,0.3088603611653049,0.9028404281797042,0.8821985066105542,0.9383021271292233,0.8469347861468033,0.6786875521368283,0.9354577472990953,0.930523064809206,0.8855707623626499,0.9300668284196516,0.943424161892372,0.7133708762901814,0.9201981569430602,0.9300668284196516,0.9697258997487671,0.8040369953383271,0.9383021271292231,0.7088759868167687,0.5939167304410533,0.9306270129352796,0.7915658006826471,0.9383021271292231,0.9250013316406696,0.8968796530895522,0.9201981569430604,0.9327167510955896,0.7428252590554913,0.8767292272696672,0.9300668284196516,0.9325461471620269,0.9694362836489427,0.8301071927096679,0.8663080297186971,0.8540505230455013,0.7620225581106219,0.9766466089568184,0.8616065226740016,0.8121302010293371,0.999822015418471,0.7509766886424835,0.999822015418471,0.8801586131976931,0.8748756693307258,0.9246111155725989,0.9300668284196516,0.9250013316406693,0.4443250562509822,0.884047291409445,0.8988405313927084,0.9383021271292233,0.9354577472990953,0.9225701399051964,0.9250013316406693,0.9458421999117053,0.9383021271292229,0.9443657603723179,0.8974226598846062,0.7806467270291256,0.9028404281797042,0.9327167510955896,0.9085493110640215,0.8520969696230276,0.9069566644903915,0.5765227991259863,0.8936728356456716,0.9300668284196516,0.2973892537714802,0.8040773650365842,0.46608066578081475,0.7789342765450752,0.9443657603723179,0.760783891822356,0.8801586131976928,0.7428426711976277,0.9178801133263081,0.9225701399051962,0.8837510389154055,0.8807086244169702,0.7133708762901816,0.7110547731391368,0.8149724748812404,0.9250013316406693,0.5973300641618456,0.8783842798904282,0.8819472699932516,0.8783842798904284,0.9412650880954538,0.8609834943545885,0.9250013316406693,0.9250013316406693,0.8968796530895524,0.857978233475194,0.8368522699998655,0.9250013316406692,0.9412650880954538,0.9250013316406698,0.8855707623626501,0.9550554140410148,0.7443256688918838,0.9250013316406698,0.8874073419940798,0.9090636753073356,0.8365303186787643,0.798584004433454,0.9250013316406693,0.946758040284907,0.8766235303260081,0.7650411739240062,0.740803327926757,0.88740734199408,0.8074861214912308,0.9801704643354423,0.7335626207813353,0.9250013316406693,0.8021452229292101,0.8988405313927084,0.512522445300797,0.7909964327529841,0.9274978432118417,0.855754652628332,0.9156114273620617,0.9250013316406693,0.8466154872169023,0.6975827304925288,0.9250013316406693,0.8874073419940798,0.7154821440946868,0.8526518805255308,0.809538604848256,0.7224847956737392,0.9250013316406693,0.6802855063023197,0.5904610755607154,0.9354577472990953,0.8030123017207884,0.8301071927096678,0.8915893040116913,0.3553320161955047,0.8996669749193109,0.9300668284196516,0.8498323084998978,0.4649237796307125,0.9048830033154058,0.6007021837593077,0.8136788684073104,0.9258295328565698,0.9048830033154058,0.9327167510955894,0.9350783929825497,0.9250013316406693,0.9383021271292229,0.8547004147121713,0.6605904158717676,0.9112065483416407,0.8930282606473352,0.9201981569430595,0.7634464105179184,0.9274978432118417,0.9201981569430597,0.9112065483416405,0.92500133164067,0.9547568354430374,0.8940451448833346,0.8859100247525029,0.9383021271292231,0.6201268487578762,0.9412650880954538,0.9133880855304555,0.9430450953185583,0.7044026674237552,0.9487210184868771,0.9412650880954538,0.7653048875750779,0.9075611147669862,0.8402398194588372,0.9008268910150359,0.9090636753073358,0.9948930575999828,0.9300668284196516,0.943424161892372,0.8514489788174839,0.9419058529151614,0.9028404281797042,0.5796374408851759,0.9112065483416405,0.2019524100061012,0.8277047400759192,0.7509046470439129,0.8877874242285113,0.9178801133263084,0.6581439129166793,0.8386564101621348,0.8855707623626503,0.9028404281797042,0.904883003315406,0.8131639323358724,0.9516895132161818,0.8908572705728183,0.9028404281797042,0.9054862779423516,0.7154557080917079,0.9300668284196516,0.793205601982611,0.7581727381433541,0.9096622933762624,0.8785401016887857,0.9383021271292231,0.7835810337556453,0.4360762346684889,0.9354577472990953,0.8766235303260079,0.9178801133263084,0.9954159552893473,0.9846299338167082,0.9383021271292233,0.8892617449664435,0.8049434857291164,0.9314037608379151,0.9682551375725408,0.9225701399051969,0.6586095085141518,0.8629508839222024,0.9178801133263075,0.880949378772468,0.9250013316406693,0.9354577472990955,0.9250013316406693,0.9250013316406693,0.6894581860953536,0.9048830033154058,0.8801586131976926,0.9250013316406693,0.7087229426139405,0.6441239228784884,0.8748756693307264,0.7826185692953935,0.9467580402849072,0.8152943545241966,0.857978233475194,0.8563358498618108,0.6383090142792225,0.9156114273620619,0.8825516415825393,0.9354577472990955,0.2771093559920521,0.7025018769637013,0.5904610755607156,0.8892617449664435,0.9156114273620615,0.9201981569430602,0.7021689125109214,0.9354577472990953,0.8466154872169023,0.9300668284196516,0.8530715715896546,0.9090636753073356,0.9008268910150359,0.9812071873217105,0.5920184236264838,0.8874073419940798,0.3436575319312337,0.9048830033154058,0.8819472699932513,0.9300668284196516,0.909063675307336,0.9274978432118419,0.8731400424546569,0.5869619529568402,0.8490641899017137,0.9327167510955896,0.8780349089849728,0.9178801133263079,0.740803327926757,0.8370767014618665,0.9225701399051967,0.7650411739240062,0.9593818128282496,0.9443657603723179,0.7949015697835395,0.5984590884509413,0.8563358498618108,0.7912013274552292,0.9090636753073358,0.9775045642801594,0.8752367259256746,0.9250013316406693,0.9327167510955894,0.41181202753149626,0.9250013316406698,0.8854330696055299,0.9487210184868771,0.9201981569430604,0.8911350110320608,0.8347400355596601,0.9048830033154058,0.7179572707341279,0.9412650880954545,0.7761935588795268,0.9112065483416407,0.8488314242849375,0.9201981569430595,0.9156114273620615,0.7648762399616602,0.9054862779423514,0.9028404281797042,0.7770326868464807,0.5203286707655841,0.8022500484561494,0.8209366838621504,0.8801586131976928,0.6819237718608897,0.8854330696055297,0.9229204799674604,0.9412650880954541,0.9069566644903915,0.9274978432118415,0.8472720529865785,0.9948930575999828,0.5339676952367952,0.922570139905196,0.7799794292041687,0.8508573959847434,0.9443657603723179,0.8456378887844855,0.8695186279171859,0.9096622933762624,0.9694362836489427,0.9008268910150361,0.8821985066105538,0.8892617449664435,0.9069566644903915,0.8498323084998981,0.9112065483416412,0.9225701399051962,0.9327167510955894,0.9443657603723179,0.9250013316406693,0.8801586131976931,0.8929292925406473,0.6929590346490555,0.8819472699932516,0.9250013316406692,0.579677666036734,0.8447815884906456,0.9748649401197034,0.8855707623626501,0.9417736073071206,0.8660856746685761,0.5155055510530826,0.7242898281100076,0.9276398400468779,0.8612853521281925,0.607327021710053,0.9157195100702635,0.9354577472990955,0.8563358498618108,0.8949427042733138,0.9801704643354421,0.8748756693307258,0.9443657603723175,0.9276398400468775,0.9201981569430602,0.9443657603723179,0.9961255853556192,0.8949427042733138,0.9250013316406696,0.8311946752699001,0.9285252561471546,0.9383021271292231,0.92500133164067,0.9090636753073358,0.7770326868464805,0.7224847956737392,0.9225701399051962,0.9634568834621733,0.9612320790184798,0.9225701399051962,0.922570139905196,0.8801586131976925,0.9250013316406693,0.9178801133263084,0.8915893040116918,0.9250013316406693,0.9028404281797042,0.8386564101621345,0.9383021271292233,0.9300668284196516,0.9354577472990953,0.9274978432118417,0.9225701399051962,0.7799794292041686,0.5834181746480529,0.9430450953185583,0.6567650479145835,0.9250013316406693,0.8629508839222022,0.9300668284196516,0.9778050395375548,0.737903634817921,0.8646249603464984,0.9383021271292233,0.9759790834075595,0.9069566644903915,0.8748756693307258,0.9069566644903915,0.9250013316406696,0.8748756693307265,0.8837510389154053,0.8892617449664435,0.6412309777576815,0.9921724780907231,0.9383021271292231,0.9325461471620269,0.9300668284196516,0.8629508839222022,0.632375193339321,0.9250013316406693,0.9720175422977495,0.948936863436564,0.9412650880954541,0.8454807789353258,0.9612320790184805,0.9112065483416407,0.6560058361934369,0.9201981569430595,0.7219706924157574,0.7325436578661471,0.9250013316406693,0.9250013316406693,0.8731400424546578,0.7506815672849729,0.8563358498618108,0.7949015697835394,0.6232384980864092,0.809538604848256,0.8704236397275078,0.7269560129958412,0.9008268910150359,0.6811099724647263,0.9250013316406693,0.8530715715896546,0.9327167510955894,0.9443657603723177,0.8347400355596601,0.9383021271292233,0.6609091547922188,0.9250013316406693,0.9250013316406693,0.7489030159332144,0.9250013316406696,0.7568736662522292,0.9883783616664186,0.8557431115658818,0.959813470302691,0.8930282606473354,0.8785401016887857,0.6526353873414807,0.8232806192059903,0.9250013316406692,0.9360968865539772,0.6919291915308098,0.9759790834075595,0.9383021271292231,0.8825516415825396,0.778152286832312,0.8680005631963961,0.8783842798904284,0.9274978432118415,0.9041583339342785,0.9250013316406693,0.6715985755204537,0.8783842798904284,0.4170907036573652,0.8356850887033105,0.8700201754307277,0.9133880855304555,0.8877874242285113,0.8504502276742942,0.9354577472990953,0.5452289665512677,0.5687711797194026,0.9178801133263084,0.9412650880954538,0.9183639031920552,0.8988405313927081,0.7016295290576837,0.9327167510955894,0.922570139905196,0.5149415163147818,0.8949427042733133,0.8748756693307254,0.9161402696553054,0.9443657603723179,0.8748756693307256,0.9443657603723177,0.9443657603723179,0.8563358498618108,0.9139500985208797,0.4371894288005783,0.9250013316406698,0.9412650880954541,0.9090636753073358,0.9090636753073356,0.8365303186787645,0.9156114273620628,0.9682551375725406,0.9300679213294079,0.44983034771167996,0.9274978432118415,0.7387539901104434,0.8783842798904278,0.6793777960866232,0.7247272866765053,0.9250013316406693,0.8402398194588374,0.9720175422977497,0.7847595932095078,0.9412650880954543,0.9008268910150359,0.19758423552608384,0.8539758753023876,0.9250013316406693,0.7179572707341275,0.8152943545241966,0.9028404281797042,0.7156715964406859,0.6715985755204537,0.7016295290576837,0.9327167510955894,0.6819282361538387,0.793205601982611,0.654493242218714,0.7486631564007085,0.9048830033154058,0.8544478559800948,0.9443657603723179,0.9048830033154058,0.9250013316406696,0.9036261460394366,0.9325461471620269,0.6412309777576812,0.8563358498618108,0.8022500484561497,0.9250013316406693,0.9225701399051962,0.6323751933393211,0.8628472125712421,0.8731412310681066,0.7650411739240062,0.798346669131425,0.9250013316406693,0.7464435596449563,0.8891676404718525,0.8855707623626501,0.9250013316406693,0.6383090142792225,0.9579335751547249,0.9383021271292233,0.9048830033154058,0.9225701399051962,0.8815146641826235,0.9713162545723911,0.8482212456214522,0.8949427042733138,0.8646249603464984,0.9812071873217107,0.8264206693042826,0.9250013316406693,0.8930282606473356,0.9250013316406693,0.9383021271292233,0.7750376780878003,0.4756768790396215,0.9443657603723177,0.8911350110320606,0.7893440831642127,0.3800659290016365,0.8855707623626501,0.9250013316406693,0.7523148097023772,0.6637514944277577,0.8013809130873766,0.8892617449664435,0.9667074951656041,0.9327167510955896,0.8892617449664426,0.88740734199408,0.9075611147669869,0.4559420539233807,0.7780895363491798,0.9075611147669869,0.9839501848508654,0.9327167510955896,0.9306270129352796,0.9075611147669869,0.9443657603723177,0.9350783929825499,0.9274978432118417,0.8307902358986599,0.9225701399051964,0.88740734199408,0.9028404281797042,0.436076234668489,0.9973181037772292,0.9048830033154058,0.3088603611653056,0.9325461471620269,0.9225701399051964,0.9090636753073358,0.6835143529399399,0.8855707623626503,0.9371946904073192,0.6554189023854776,0.8697030566182693,0.9801868897476824,0.8968796530895524,0.9274978432118415,0.9300668284196516,0.4028511040315004,0.8695946878505918,0.8930282606473354,0.9968629988459625,0.4100600980493725,0.9327167510955894,0.9354577472990955,0.8136788684073104,0.18753316471939552,0.8488314242849375,0.9409403068620963,0.9229204799674604,0.7826185692953933,0.9069566644903915,0.2157650424988662,0.9250013316406696,0.5408799287282469,0.8198810166740815,0.8714160325350084,0.4100600980493726,0.7779088859483321,0.9354577472990953,0.943424161892372,0.816778116984666,0.1227372056815752,0.9178801133263084,0.925258411930155,0.8785401016887857,0.810581958011195,0.687709801970611,0.9112065483416405,0.7915658006826474,0.9682551375725408,0.8523574904307238,0.7374357371913984,0.9300668284196516,0.9759790834075595,0.4649237796307125,0.17245909556501127,0.9300668284196516,0.9574199835789754,0.5422410544472908,0.7841097631658178,0.9646668607340487,0.9201981569430602,0.6371227502188153,0.9028404281797042,0.884047291409445,0.9300668284196516,0.5798285092352111,0.9028404281797042,0.9354577472990955,0.42993350681890896,0.9008268910150359,0.9274978432118415,0.9412650880954543,0.49531151910415183,0.9383021271292233,0.7323775850440062,0.9354577472990955
p11_R,0.8091417233107612,0.9473756291574582,0.9427946840319121,0.9304741538905168,0.3204189046682131,0.9661972965770262,0.8777622263784159,0.8483188975326429,0.9137092609592146,0.9643133649175286,0.991511387719873,0.7651984326628316,0.3424278862153076,0.9304741538905168,0.9197987094973856,0.8971901564492133,0.9501049319099923,0.9385367079941813,0.9625131050152524,0.9643133649175286,0.8673433704742712,0.994086760546023,0.9400741852851487,0.9559485503920393,0.996557344576431,0.9385367079941813,0.9501049319099923,0.597799619641117,0.9643133649175286,0.7984206482463507,0.9327167510955896,0.0,0.9487265052554266,0.9271857963192045,0.4654487838138114,0.9625131050152524,0.9692769377093196,0.9487265052554266,0.9661972965770262,0.9373453016197315,0.9097421633544904,0.9397435965156078,0.8425429626878564,0.6617797095447513,0.9501049319099923,0.8966498984496059,0.9652137684610216,0.9528206548013267,0.9923551296406039,0.6585745878536229,0.9591194968553456,0.8650600761076828,0.9385367079941813,0.9473756291574582,0.9487265052554263,0.9903434298372484,0.9361684345174046,0.9544316996038,0.9516333298064145,0.9799008321613358,0.9091031345982893,0.9894245925674199,0.9944277784720001,0.9097421633544904,0.9607848936032954,0.7725220861577018,0.9591194968553456,0.9235809599333312,0.9887203623021903,0.9625131050152524,0.9293685115305119,0.9373453016197317,0.9544316996038,0.7692571359771148,0.9544316996038,0.9368506101299683,0.9447481688519044,0.9460501530640812,0.9342913817047809,0.9661972965770262,0.9460501530640812,0.9987774230311344,0.933854925314779,0.7820079396167268,0.9544316996038,0.9261077324693099,0.9447481688519044,0.8610108924581207,0.9740203020994681,0.9529545363721539,0.9544316996038,0.9029316112204655,0.8485170805722069,0.9723334018549192,0.9864847804128756,0.7946236051324596,0.9010097382828823,0.9380230108510115,0.8107718657080948,0.8441308835731784,0.9361684345174046,0.957509435301382,0.9544316996038,0.8858986498990515,0.9199989838706863,0.950716529670402,0.960900739115506,0.806452166839298,0.8766079819236634,0.8628178035929414,0.888676559370384,0.9397435965156078,0.8268015471657252,0.9637319104506126,0.9652137684610215,0.8519676252250141,0.9888197307367492,0.9625131050152522,0.966197296577026,0.7479350083158043,0.9218739081138494,0.8971901564492133,0.943467974097185,0.9846299338167082,0.9385367079941818,0.8761027064510567,0.9692769377093196,0.9154907996871149,0.9061219481453389,0.887176304692468,0.7871808429384439,0.957509435301382,0.9591194968553456,0.9381728330554158,0.9501049319099923,0.8612222667022573,0.7351924063018282,0.9591194968553458,0.9608127721335266,0.9515133476881703,0.8561690587937522,0.9643133649175286,0.8366850085963902,0.8849118467483819,0.8990962871160681,0.9894435908227329,0.7751919398094407,0.7776383896417521,0.9373453016197317,0.8114042753167636,0.9643133649175286,0.7339248961821829,0.905045718507947,0.8933957590212613,0.9591194968553458,0.9923551296406041,0.9058327972212654,0.9229213960709448,0.7844663613441333,0.8971901564492133,0.8268966588916085,0.957509435301382,0.9409669977890662,0.8950795038997208,0.9489746595216717,0.9250379219402804,0.8754988991654498,0.9933095589619414,0.933854925314779,0.8387640413572673,0.9304741538905168,0.9765837058865925,0.9361684345174046,0.924513032454822,0.8926485106781257,0.927714695159251,0.9507165296704021,0.9920543208470207,0.9282725629505153,0.9368506101299683,0.9208331242859091,0.9000520303703365,0.9013065795230635,0.9529545363721539,0.8736104662007036,0.902941079165362,0.7479350083158044,0.9541290792408026,0.9473756291574582,0.9315900378678905,0.9799008321613358,0.8278089777511932,0.8724525586652856,0.8144187923946173,0.9157186269856046,0.9544316996038,0.9559485503920393,0.911315012010842,0.9528206548013269,0.853555566269626,0.9029316112204655,0.9529545363721539,0.9544316996038,0.9178303757589166,0.8456002034186691,0.9643133649175286,0.9544316996038,0.8830333887596133,0.9711878805915029,0.9368506101299683,0.906100043689203,0.9147116017278333,0.9529545363721539,0.9544316996038,0.9050457185079469,0.9544316996038,0.7578937685581044,0.8554077319402791,0.8524700617069343,0.9544316996038,0.9103339493566889,0.9544316996038,0.8777622263784159,0.9167305843279037,0.9250379219402802,0.925487806971186,0.957509435301382,0.8319518115156922,0.9515133476881701,0.9400741852851487,0.9447481688519046,0.9157186269856046,0.9366370005594443,0.9271857963192041,0.9591194968553456,0.9097421633544903,0.9395538742599333,0.9554518077232719,0.9489746595216719,0.9711878805915029,0.9239759423528264,0.9501049319099923,0.8971901564492133,0.9515133476881705,0.9544316996038,0.7026246759034633,0.9544316996038,0.8605749232360949,0.9239759423528264,0.9591194968553458,0.9350052413014638,0.8319518115156921,0.9559485503920393,0.6565343528216283,0.996557344576431,0.9038960691476476,0.9460501530640815,0.7761505989221579,0.957509435301382,0.8849118467483819,0.8849118467483819,0.7407093416647668,0.9529545363721539,0.9607848936032954,0.8788191408694401,0.9661972965770262,0.7916225077062018,0.7265536869993652,0.9397435965156078,0.8839713153825193,0.8877347993463758,0.9591194968553458,0.9007415285778606,0.9002964043044233,0.794733085207088,0.950716529670402,0.7659316577663348,0.9229213960709446,0.9409669977890662,0.9541290792408026,0.950716529670402,0.7604422708501077,0.8499018602096287,0.9607848936032954,0.9502440628915494,0.9810522968844484,0.957509435301382,0.9271857963192043,0.9212474909682704,0.9799008321613358,0.957509435301382,0.957509435301382,0.850581534514485,0.9625131050152524,0.8050940143255407,0.9381630884742409,0.9356856974167589,0.8072147333028621,0.9625131050152524,0.9544316996038,0.9373453016197315,0.9515133476881705,0.9591194968553458,0.8009638285360555,0.7593667525233624,0.957509435301382,0.937345301619732,0.8363808488504199,0.8660127357937748,0.8114602685597382,0.7591646141465549,0.8554077319402791,0.9697328529458062,0.8862193853833414,0.8858525408230951,0.9448229719109482,0.9137092609592146,0.9448229719109482,0.9759742607288062,0.6039046752604107,0.9637319104506128,0.8106601759858287,0.9544316996038,0.9591194968553454,0.9127113681766139,0.9385367079941818,0.950716529670402,0.9607848936032954,0.9529545363721539,0.9544316996038,0.996557344576431,0.9625131050152524,0.9661972965770262,0.9651775593373264,0.9055499094902304,0.9409669977890662,0.9591194968553458,0.7590880973527835,0.8788191408694401,0.943467974097185,0.9487265052554266,0.8573544191143379,0.9652137684610214,0.877660346042388,0.8943710090829438,0.9888197307367493,0.9651775593373262,0.9661972965770262,0.8367317645429636,0.9271857963192041,0.8258426771468561,0.9830316367629123,0.9529545363721539,0.9793236882044445,0.8971901564492133,0.8268015471657251,0.7938826026075037,0.869243130108611,0.9544316996038,0.7904433055998694,0.9743490353345139,0.9776317763878943,0.8326857532046695,0.9643133649175286,0.927891976022363,0.9544316996038,0.9544316996038,0.9373453016197317,0.8708892712994587,0.8736104662007036,0.9544316996038,0.9643133649175286,0.9544316996038,0.9304741538905167,0.9489746595216717,0.8144187923946173,0.9544316996038,0.9315900378678905,0.9447481688519044,0.881981637147994,0.8594783932788337,0.9544316996038,0.9310944809913069,0.9250379219402804,0.8270771330414153,0.8246016337990569,0.9828201226319815,0.8830308532373587,0.957509435301382,0.8078013427639645,0.9544316996038,0.8494522957885744,0.9385367079941818,0.908213390673464,0.7965981056229592,0.9692769377093196,0.8809287459442814,0.9487265052554266,0.9544316996038,0.6022543090688918,0.8295864425972179,0.9544316996038,0.9659497926039275,0.9028718265513224,0.9245130324548221,0.8660127357937746,0.8009638285360554,0.9544316996038,0.8331553590532292,0.9050457185079468,0.9607848936032954,0.9008409057897286,0.8660127357937746,0.9949291060968913,0.9177477332861093,0.9068053912485843,0.9652137684610215,0.5934300756175981,0.8981423730059304,0.9422080421889416,0.8603273737191499,0.8867934927338035,0.9199989838706863,0.8812152990221936,0.9608127721335266,0.9385367079941818,0.9544316996038,0.950716529670402,0.9117176971980812,0.8954942934337513,0.4920037139915062,0.9883880331853732,0.9515133476881703,0.8818837573472099,0.9559485503920393,0.9515133476881703,0.9460501530640815,0.9544316996038,0.9473756291574582,0.9288357786952526,0.9137092609592146,0.7771757990417095,0.870463382891989,0.9643133649175286,0.8612104505251648,0.9989330715481036,0.8963924002519503,0.9447481688519044,0.9643133649175286,0.8830309554277651,0.9250379219402804,0.7383007334765153,0.9397435965156078,0.9447481688519048,0.9554518077232719,0.6561065835106368,0.9271857963192043,0.9097421633544904,0.8515217437664596,0.9409669977890662,0.9933095589619414,0.9460501530640812,0.9634568834621733,0.8563822015167812,0.9862789464261122,0.9984254449549754,0.9501049319099923,0.9916718506621414,0.9812078381362566,0.6649007021580311,0.9987774230311344,0.9989330715481036,0.8681687926290682,0.9915113877198728,0.8669692234537125,0.9409669977890662,0.9711878805915029,0.846039188302693,0.957509435301382,0.9054337506773733,0.8724525586652856,0.9261077324693097,0.8395556498231573,0.9625131050152524,0.9892078879081128,0.9427946840319121,0.9560086947472868,0.9727541677821405,0.9830316367629124,0.9501049319099926,0.9608127721335263,0.9625131050152524,0.9327167510955896,0.8756436752646828,0.9218739081138492,0.9765837058865926,0.9529545363721539,0.8702278981827851,0.9507589513092891,0.9501049319099926,0.8849118467483819,0.9544316996038,0.9560086947472868,0.9544316996038,0.9544316996038,0.7804362199469096,0.9422080421889416,0.9271857963192041,0.9544316996038,0.8870685468453676,0.8503680820716348,0.9239759423528265,0.9962028749651789,0.9310944809913069,0.8887281516764469,0.9137092609592146,0.9554518077232719,0.7812391399403221,0.9487265052554266,0.9368506101299683,0.9607848936032957,0.9261077324693099,0.8630614034554606,0.8550316313098423,0.9846299338167082,0.9859983918197511,0.9113150120108421,0.9001889664606622,0.9560086947472869,0.9477170828887946,0.9652137684610215,0.9107280314569579,0.9447481688519044,0.996566586696046,0.9422080421889416,0.7999606879621294,0.9828201226319815,0.9595131865896311,0.7046386402333291,0.9282725629505151,0.9652137684610215,0.9447481688519048,0.9559485503920393,0.9696485350828812,0.8188478718959846,0.9222692303427624,0.9591194968553456,0.9219924035515397,0.9501049319099928,0.9576073616523981,0.9403916813458222,0.9529545363721539,0.8892917732189061,0.933854925314779,0.9661972965770262,0.8572755626114628,0.8036253154520021,0.9554518077232719,0.8864565801087378,0.9447481688519046,0.9167305843279034,0.9162065645254144,0.9544316996038,0.9608127721335266,0.9250379219402804,0.9544316996038,0.8754988991654498,0.9940867605460231,0.9515133476881705,0.8556256542928343,0.8809287459442814,0.9422080421889416,0.7981619927363148,0.9643133649175288,0.846039188302693,0.9290729285038278,0.8360641537568375,0.9515133476881703,0.985998391819751,0.9044360458484606,0.9239759423528264,0.9409669977890662,0.8965882112569317,0.9575013877780227,0.8616683307696411,0.8419881270144886,0.9271857963192041,0.7625429349628967,0.9103339493566889,0.9327167510955894,0.9643133649175286,0.996557344576431,0.9692769377093196,0.8882786390335262,0.7881055549967797,0.9757619342112606,0.9529545363721539,0.848318897532643,0.8903723822424179,0.9381728330554157,0.9661659803622438,0.8879369722234248,0.832685753204669,0.9727541677821405,0.9397435965156078,0.8762253925883114,0.9846299338167082,0.8166333005972796,0.9087598936651083,0.946050153064081,0.9529545363721539,0.9608127721335266,0.9661972965770262,0.9544316996038,0.9271857963192041,0.8792678792793369,0.984306565229184,0.9282725629505151,0.9544316996038,0.9333770200885274,0.8425003792101686,0.6025412173701035,0.9304741538905168,0.95678955450748,0.9029316112204655,0.9310944809913066,0.8494397607643861,0.9883880331853732,0.9157186269856046,0.7962168721876011,0.901969550532447,0.9560086947472868,0.9554518077232719,0.9361684345174046,0.957509435301382,0.9239759423528267,0.966197296577026,0.9883880331853732,0.9515133476881705,0.9661972965770262,0.9473756291574582,0.9361684345174044,0.9544316996038,0.9245130324548216,0.9345279402530977,0.9625131050152524,0.9544316996038,0.38243605452529994,0.8343531165770122,0.8009638285360555,0.9529545363721539,0.9591194968553458,0.9501049319099926,0.9529545363721539,0.9529545363721539,0.9271857963192042,0.9544316996038,0.9501049319099923,0.9167305843279034,0.9544316996038,0.9409669977890662,0.9019695505324468,0.43009433778432504,0.9652137684610215,0.9607848936032954,0.9559485503920393,0.9529545363721539,0.8483188975326428,0.9548804706906753,0.7634975264962849,0.9115198389891034,0.9544316996038,0.9167305843279034,0.957509435301382,0.9409669977890662,0.8104734860907534,0.962306653551736,0.9625131050152522,0.9559485503920393,0.9434679740971852,0.9816001811698215,0.943467974097185,0.9730533608234009,0.9239759423528267,0.9293685115305117,0.9634568834621733,0.8816250113137448,0.9460501530640815,0.9625131050152524,0.9373453016197317,0.9652137684610215,0.9167305843279032,0.7776383896417522,0.9544316996038,0.9544316996038,0.991986966552977,0.9643133649175286,0.854430935472339,0.9830316367629124,0.9460501530640812,0.7725220861577018,0.9515133476881703,0.8131118514994795,0.8195687442710173,0.9544316996038,0.9544316996038,0.8901700478813094,0.9894245925674199,0.9127113681766139,0.8258229735464786,0.772094332037162,0.8660127357937746,0.889325715929772,0.8037267002889845,0.9397435965156076,0.7880245640829151,0.9544316996038,0.9107280314569579,0.9608127721335266,0.9661972965770262,0.8485170805722069,0.950716529670402,0.9894245925674199,0.9544316996038,0.9544316996038,0.8295268325962144,0.9544316996038,0.8220992211640017,0.994086760546023,0.8717185331373516,0.9097421633544902,0.9350052413014638,0.951525861158216,0.981878908124064,0.8660153996906965,0.9544316996038,0.9239759423528264,0.8455883744569337,0.9692769377093196,0.9507165296704021,0.9470246784979177,0.9540163034916509,0.9197987094973854,0.9261077324693099,0.2215318187229084,0.908213390673464,0.9544316996038,0.8014425080763878,0.9261077324693099,0.9933095589619414,0.9948414129025824,0.8792678792793371,0.9473756291574582,0.7378365850034009,0.902941079165362,0.9560086947472869,0.867729579901015,0.7390497403937599,0.9501049319099923,0.9643133649175286,0.9304741538905168,0.7820079396167268,0.7880245640829151,0.9591194968553456,0.9529545363721539,0.7432109646215945,0.9361684345174044,0.9239759423528264,0.9207659584476899,0.9381728330554157,0.9239759423528264,0.8425429626878567,0.9661972965770262,0.9554518077232719,0.9776317763878943,0.8886361505503633,0.9544316996038,0.9643133649175286,0.9940867605460231,0.8105915487398059,0.8819816371479938,0.9487265052554268,0.9529545363721539,0.9554815748429074,0.9048630781107279,0.9559485503920395,0.8855889573633511,0.9261077324693099,0.8702278981827851,0.8336974907151964,0.9544316996038,0.9029316112204655,0.9544316996038,0.8144187923946173,0.9643133649175286,0.9397435965156078,0.940966997789066,0.905045718507947,0.9544316996038,0.9867086919017327,0.8572755626114628,0.7121704507585237,0.7967459576737134,0.8767037709308809,0.8513207925795818,0.9608127721335266,0.8077125695029684,0.8054291866972147,0.9201807407414304,0.8539453617971721,0.9422080421889416,0.8924649165284118,0.9661972965770262,0.9422080421889416,0.9544316996038003,0.9502440628915496,0.9373453016197315,0.7830122900340043,0.9554518077232717,0.8616683307696409,0.9544316996038,0.9529545363721539,0.7776383896417522,0.8754988991654498,0.9477170828887946,0.8581844531301606,0.8471812314738496,0.9544316996038,0.8157177922735033,0.9124629060455849,0.9304741538905168,0.9544316996038,0.9881562591687436,0.9487265052554266,0.950716529670402,0.9422080421889416,0.9529545363721539,0.8621843473480633,0.6702257986610902,0.990168288054176,0.9361684345174044,0.5921041437919993,0.9422080421889416,0.8954942934337513,0.9544316996038,0.9350052413014638,0.9544316996038,0.9625131050152522,0.9481022094664502,0.8357414755466406,0.9661972965770262,0.933854925314779,0.832335720323944,0.9147116017278332,0.96836956012162,0.9544316996038,0.793296184098772,0.8092482946136268,0.8997921725028664,0.9327167510955896,0.9239759423528267,0.9591194968553458,0.9327167510955896,0.9828201226319815,0.9250379219402804,0.8153059386898043,0.8471812314738494,0.9250379219402804,0.9304741538905168,0.9591194968553458,0.9356856974167589,0.9250379219402804,0.9661972965770262,0.9944277784719997,0.9559485503920393,0.9356856974167589,0.9529545363721539,0.8634896230757455,0.9409669977890662,0.9029316112204657,0.9711878805915029,0.8223564127592389,0.9696485350828812,0.9526350423385235,0.6947366749215779,0.9447481688519046,0.8311464231994985,0.9810522968844484,0.9541290792408026,0.8241569180596204,0.9875436734016293,0.9177477332861095,0.9373453016197317,0.9559485503920393,0.9652137684610215,0.9541290792408026,0.7317870625198581,0.9883880331853732,0.9350052413014638,0.7525309817880903,0.9608127721335266,0.9560086947472868,0.8867934927338037,0.933854925314779,0.8715300133035607,0.9774096618002823,0.9846299338167082,0.8679216237887915,0.943467974097185,0.9828201226319815,0.9730533608234009,0.8192373653378551,0.927714695159251,0.9681346172628937,0.6683457350993522,0.8650600761076828,0.9607848936032954,0.9271857963192041,0.8886765593703838,0.9385367079941813,0.9501049319099923,0.9864847804128756,0.9097421633544907,0.8849118467483819,0.9037626896798769,0.991511387719873,0.893511004325708,0.8356601904040852,0.9333770200885272,0.9044360458484602,0.957509435301382,0.9692769377093196,0.7147752557536893,0.9350052413014638,0.957509435301382,0.9502440628915496,0.9124629060455849,0.8756436752646828,0.9799008321613357,0.9799008321613358,0.7932961840987719,0.9409669977890662,0.9127113681766139,0.9652137684610215,0.8495661380172146,0.9987774230311344,0.9560086947472868,0.9757619342112603,0.996566586696046,0.9559485503920393,0.9643133649175286,0.8971901564492133,0.9625131050152522,0.9010904619217455,0.9560086947472868
p11_T,0.7946151219475484,0.9339970109398132,0.5367763125039303,0.9127986978904699,0.9980353634264252,0.9576036838348734,0.8062500604848117,0.7960339254321906,0.9268928378647714,0.9552408029353749,0.9323345609629297,0.9409942357230057,0.9984380827103148,0.9127986978904699,0.9733993351591581,0.9024363921718175,0.9374201804111677,0.3480471751156544,0.9529828655437629,0.9552408029353749,0.5870620716294774,0.9307015751744632,0.9275156757582279,0.9447494136270194,0.9290959183459289,0.9229109835440799,0.9374201804111677,0.9448810215177159,0.9706827259226705,0.7471734191679889,0.9156114273620626,0.9487265052554266,0.0,0.9086743458966997,0.9428469360414604,0.9529828655437629,0.9942907727414588,0.9356913183279745,0.9576036838348736,0.921416687638209,0.5681783610633181,0.9244246976009176,0.9576036838348734,0.9774399776144802,0.9374201804111677,0.6799756573740221,0.9467071200650465,0.8880325471109585,0.921416687638209,0.9432506800820843,0.9487265052554266,0.6749490705018533,0.9229109835440799,0.9339970109398135,0.9356913183279745,0.9199406273027306,0.9199406273027304,0.9428469360414609,0.8328255545646565,0.9489843611787747,0.8942918945731197,0.8100057955331375,0.9229109835440807,0.5341142613283225,0.9508152934266845,0.8547682073619649,0.9487265052554266,0.8938021067999709,0.8024455298513344,0.9529828655437627,0.9114119696612573,0.9214166876382093,0.9428469360414604,0.8574686916051835,0.9428469360414609,0.5597297183665937,0.930701575174463,0.9323345609629299,0.8534154108093399,0.9576036838348734,0.9832374253294529,0.9730889887268286,0.9170389579782949,0.34804717511565497,0.9428469360414609,0.9073222074226135,0.930701575174463,0.8570458956727542,0.913589938650891,0.9409942357230063,0.9428469360414609,0.8782540541553363,0.7672171847792587,0.8645849121197557,0.9170389579782952,0.8880325471109586,0.8758435862211178,0.555327115908409,0.8493452356031743,0.8479841488472277,0.9917271981546155,0.9467071200650465,0.9428469360414604,0.8965301079123316,0.8544735095381988,0.9529828655437629,0.895561120377129,0.8229489814879898,0.9779901913198823,0.8601632422512151,0.8903852777825743,0.9707495588862811,0.8342201252949566,0.8981194480464401,0.9902930825832764,0.8069375790544111,0.9339970109398132,0.9529828655437629,0.9576036838348736,0.8402927774016284,0.9774399776144802,0.8710529575837427,0.9290959183459291,0.9156114273620617,0.9229109835440807,0.791759353586471,0.9942907727414589,0.8722463878449834,0.998438082710315,0.9046484553665965,0.8864506701274839,0.9467071200650465,0.9487265052554266,0.964434201439255,0.9374201804111677,0.7120637250559003,0.8943565890949514,0.9487265052554268,0.9487265052554266,0.9391866557097983,0.7586730388238485,0.9552408029353749,0.7267619483447606,0.8851462416270439,0.8734436811123552,0.9364042928805094,0.912166584917486,0.8762666295743207,0.9214166876382093,0.8043919340719942,0.9552408029353747,0.929995346508117,0.8658597358546531,0.6112309903275548,0.9859983918197511,0.9214166876382088,0.8818928045062966,0.4871664572097154,0.867135197250271,0.902436392171817,0.8342201252949566,0.9467071200650463,0.9730889887268286,0.8286183577313588,0.5783349193326142,0.905980420499302,0.8438471631147548,0.5000501615933268,0.9170389579782947,0.880293387833335,0.9127986978904696,0.9409942357230063,0.91994062730273,0.849286560001923,0.8633105822387184,0.893028347593662,0.9529828655437629,0.8838450146253058,0.9100373996478224,0.6228433880160773,0.9007066431763939,0.9065603747321735,0.9199406273027306,0.9409942357230057,0.8696886211206439,0.8633105822387181,0.8965301079123318,0.8892738141520422,0.9339970109398135,0.9559635246111837,0.9391866557097979,0.9268928378647714,0.730747389984701,0.8142990563745895,0.929995346508117,0.9428469360414609,0.9447494136270194,0.9391866557097979,0.8880325471109585,0.6790827601851829,0.9107523671187097,0.9409942357230057,0.9428469360414609,0.6234198117272977,0.8142990563745895,0.9552408029353749,0.9428469360414609,0.8655388112080702,0.904648455366597,0.935360924437538,0.8951646744396655,0.8930288547304033,0.9409942357230059,0.9428469360414609,0.8379173649093354,0.9428469360414609,0.8397627738903011,0.6989884747625948,0.7057118918920531,0.9428469360414609,0.8722463878449834,0.9428469360414609,0.7732172839117297,0.9675804311170673,0.905980420499302,0.5994393360160557,0.9467071200650463,0.7932724727362876,0.9391866557097983,0.9275156757582277,0.9307015751744636,0.8942918945731195,0.7756935377502112,0.9484490715653735,0.9487265052554266,0.8867960431767521,0.8770474101603603,0.5171305001443645,0.9179193815543991,0.9431379203344707,0.904648455366597,0.991930496947756,0.8710529575837425,0.9391866557097979,0.9428469360414609,0.8905201046762894,0.9428469360414609,0.8112816526162139,0.9046484553665963,0.985998391819751,0.9184817171461355,0.7932724727362876,0.9447494136270194,0.9414200463913254,0.9779901913198823,0.912166584917486,0.9323345609629294,0.8438471631147548,0.9467071200650465,0.8851462416270441,0.6724573966028021,0.8789504041754537,0.9409942357230063,0.9508152934266847,0.7449053002842138,0.9576036838348736,0.8390151798075167,0.8390151798075167,0.9707495588862811,0.6168393988938643,0.8591937786248889,0.9487265052554268,0.8843286129915651,0.8484511081753159,0.8009347235614789,0.9529828655437629,0.8601632422512153,0.941420046391326,0.9259591224230199,0.8892738141520424,0.9529828655437629,0.6698018713909613,0.8425145421826263,0.9508152934266847,0.5733173956568666,0.9127986978904696,0.9467071200650465,0.9484490715653737,0.8342201252949566,0.9951011472655118,0.9467071200650465,0.9467071200650465,0.7673213881166006,0.9529828655437629,0.8498922275225385,0.8645849121197555,0.5640452198309196,0.8518411915787523,0.9529828655437629,0.9428469360414604,0.9214166876382088,0.9391866557097979,0.9487265052554268,0.803042467924812,0.9193839619667785,0.9467071200650465,0.36103637741689165,0.9059804204993023,0.7681730410097543,0.9347742988036449,0.9010752173319365,0.8186482473018311,0.8426472487233314,0.7323410235989231,0.8864506701274831,0.9552408029353747,0.9268928378647714,0.9552408029353749,0.908674345896699,0.9431379203344703,0.9347742988036447,0.9467071200650465,0.9428469360414609,0.9487265052554261,0.8905201046762894,0.9229109835440807,0.9529828655437629,0.9813507987576178,0.9409942357230059,0.9428469360414609,0.9290959183459289,0.9529828655437629,0.9576036838348734,0.9733993351591583,0.7287632843716416,0.9259591224230199,0.9487265052554268,0.8655388112080702,0.7185765364532426,0.9290959183459289,0.9356913183279751,0.8828138438639468,0.9902930825832763,0.9086743458966999,0.7478872020684133,0.9339970109398135,0.9364042928805092,0.9576036838348734,0.7870026189885444,0.908674345896699,0.8009347235614797,0.9374201804111681,0.9409942357230063,0.9521378558308737,0.8710529575837427,0.8342201252949566,0.8356110017606395,0.7365999854638757,0.9428469360414609,0.8910847978795928,0.9073222074226135,0.9100373996478224,0.9466508604266068,0.9552408029353747,0.880293387833335,0.9428469360414609,0.9428469360414609,0.9214166876382093,0.891771690307789,0.8978986056916489,0.9428469360414609,0.9552408029353747,0.9428469360414606,0.9127986978904696,0.5447518727250815,0.8142990563745895,0.9980353634264251,0.9141982714487247,0.930701575174463,0.7122368616288488,0.7533388874387696,0.9428469360414609,0.5804971612849033,0.905980420499302,0.7994169225165992,0.8024455298513344,0.9559635246111837,0.8532939550526104,0.9467071200650465,0.8215200600799615,0.9428469360414609,0.7690169915147904,0.9229109835440807,0.8978986056916489,0.7164831332201813,0.9447494136270196,0.7143700573183083,0.9356913183279747,0.9428469360414609,0.9164658576765587,0.8058084202723013,0.9428469360414609,0.9141982714487247,0.820086232713888,0.6920522572673148,0.7423103098247958,0.8286183577313586,0.9428469360414609,0.8170820324884169,0.8379173649093352,0.9813507987576177,0.8331490001975546,0.8180232600309137,0.9315707757470981,0.8968368576541013,0.8831126597162944,0.9902930825832763,0.9193839619667785,0.9038040896127963,0.975500298406281,0.8897296817044198,0.858013164984152,0.6168393988938642,0.9275156757582279,0.985998391819751,0.922910983544081,0.9428469360414609,0.9529828655437629,0.5575130912717486,0.8669412593055827,0.9323345609629297,0.9184817171461352,0.9391866557097985,0.7928404804073246,0.9447494136270196,0.9391866557097985,0.9323345609629294,0.9428469360414604,0.933997010939813,0.5882757232090425,0.891771690307789,0.9529828655437629,0.8816373105758175,0.9552408029353747,0.933997010939813,0.975500298406281,0.8272076876058563,0.9805663112989254,0.9552408029353749,0.7656147460679121,0.9448810215177157,0.8782540541553361,0.9244246976009176,0.27146264683413723,0.9602082688150362,0.9902930825832763,0.9086743458966993,0.8867960431767521,0.5656345798732629,0.9259591224230199,0.9208601429117476,0.9323345609629294,0.9156114273620626,0.8198704548791858,0.7994169225165983,0.9284363038146399,0.9374201804111677,0.8683459032022252,0.8770474101603603,0.9127986978904696,0.9730889887268286,0.975500298406281,0.7385187849733088,0.9323345609629294,0.6698018713909615,0.9259591224230199,0.9431379203344701,0.7931903099733727,0.9467071200650465,0.7120637250559003,0.730747389984701,0.9073222074226133,0.9208601429117476,0.9762777185243531,0.7882190208851407,0.9107523671187101,0.9508152934266847,0.905980420499302,0.9374201804111677,0.9374201804111681,0.9487265052554266,0.9529828655437629,0.9156114273620617,0.724743001406799,0.4568503701425657,0.9409942357230061,0.9409942357230059,0.8534154108093399,0.9604002581429942,0.9374201804111684,0.8789090320955415,0.9428469360414609,0.9508152934266847,0.9428469360414609,0.9428469360414609,0.8479841488472277,0.9275156757582279,0.9086743458966988,0.9428469360414609,0.8369983150221558,0.8709036052171173,0.9046484553665967,0.8620366048031787,0.6112309903275543,0.7569075950991145,0.891771690307789,0.8905201046762894,0.8735847606764733,0.9889067524115756,0.9038040896127962,0.9508152934266847,0.9859795134306011,0.8262967737928681,0.8658597358546531,0.9156114273620617,0.9889067524115756,0.9391866557097981,0.7854142280701439,0.9508152934266847,0.8831126597162944,0.9902930825832763,0.8880325471109585,0.9307015751744632,0.9244246976009176,0.9275156757582277,0.8843286129915646,0.9559635246111837,0.9299953465081172,0.975500298406281,0.9100373996478228,0.9467071200650465,0.9307015751744636,0.9447494136270196,0.9033258132980617,0.8951646744396655,0.6967007929452265,0.9487265052554268,0.6843931677194159,0.9374201804111684,0.8278103590286845,0.6104592517687587,0.9409942357230057,0.7994169225165999,0.9599453718988953,0.964434201439255,0.7569075950991146,0.8816373105758175,0.8905201046762894,0.7604262241490389,0.9307015751744632,0.9315707757470981,0.8983711902967619,0.9428469360414609,0.985998391819751,0.9059804204993027,0.9428469360414604,0.7017652412015888,0.9307015751744627,0.9391866557097981,0.9170389579782947,0.9257585671621096,0.9275156757582279,0.8314271579725276,0.5262238990709431,0.9522391902169821,0.9323345609629294,0.9075816506348757,0.9391866557097985,0.9356913183279745,0.7999117526510056,0.9046484553665961,0.9259591224230199,0.7901539239134272,0.8651079420618171,0.7754616934064601,0.9034073847232191,0.9484490715653733,0.862852922994088,0.7017652412015887,0.9579335751547247,0.9552408029353749,0.9290959183459289,0.9447494136270196,0.698988474762595,0.9253641867456626,0.8794637048361451,0.9409942357230063,0.770701785555703,0.7213067612225857,0.9576036838348734,0.8943565890949512,0.9467071200650465,0.9073222074226135,0.905980420499302,0.3343775218332642,0.9238496325630554,0.9579335751547244,0.9290959183459289,0.5394974861651094,0.20231674480616446,0.9409942357230059,0.9487265052554266,0.9576036838348734,0.9428469360414609,0.908674345896699,0.6905346562871211,0.8342201252949568,0.9905174556385543,0.9428469360414609,0.9618205257894055,0.7790706788814199,0.8942918945731195,0.9127986978904699,0.5111688012235103,0.9107523671187103,0.8662939159473795,0.8099002002647686,0.9620019617019888,0.8942918945731195,0.8870256184172891,0.606161386831122,0.9508152934266847,0.9253641867456628,0.9199406273027304,0.9467071200650465,0.9046484553665961,0.9576036838348736,0.918481717146135,0.9391866557097979,0.9644342014392548,0.9339970109398135,0.9199406273027306,0.9428469360414604,0.7190323268397123,0.5682767825982868,0.9529828655437629,0.9428469360414606,0.9307015751744634,0.7901539239134272,0.8286183577313586,0.9409942357230063,0.9487265052554268,0.9374201804111684,0.9409942357230063,0.9409942357230063,0.9086743458966993,0.9428469360414609,0.9374201804111679,0.9315707757470981,0.9428469360414609,0.9259591224230199,0.8770474101603603,0.9529828655437631,0.9902930825832763,0.9508152934266847,0.9447494136270196,0.9409942357230063,0.7707017855557029,0.8965301079123318,0.9275156757582279,0.8749255321740121,0.9428469360414609,0.9315707757470981,0.9467071200650465,0.9730889887268284,0.8186473599543369,0.9331634535227102,0.9529828655437629,0.9447494136270196,0.9290959183459291,0.9046484553665963,0.9779901913198823,0.9428469360414604,0.9046484553665968,0.9114119696612573,0.9156114273620617,0.8454462071871409,0.9323345609629294,0.9762777185243533,0.9214166876382093,0.9467071200650465,0.895561120377129,0.8762666295743207,0.9428469360414609,0.9428469360414604,0.5764999647077191,0.9552408029353749,0.7279927651852528,0.991930496947756,0.9323345609629294,0.8547682073619651,0.9391866557097985,0.8157539143881274,0.8084219948960745,0.9428469360414609,0.9428469360414609,0.9033258132980624,0.8364293592636128,0.8905201046762892,0.7569075950991146,0.880293387833335,0.742310309824796,0.6967007929452264,0.8257926585323712,0.9244246976009174,0.8411401795341402,0.9428469360414609,0.8880325471109585,0.985998391819751,0.9576036838348736,0.7407936210487834,0.9529828655437629,0.8364293592636127,0.9428469360414609,0.9428469360414609,0.7963596812571239,0.9980353634264251,0.8054467998030166,0.9805663112989256,0.6843931677194159,0.5341142613283225,0.9184817171461355,0.8867960431767521,0.8403049825412701,0.6999273973719887,0.9428469360414609,0.9046484553665961,0.8466206653618147,0.9447494136270194,0.9529828655437629,0.9038040896127963,0.7276482555137327,0.8994092506018598,0.9073222074226133,0.9942907727414587,0.650741641172268,0.9428469360414609,0.8574686916051837,0.9466508604266068,0.8867960431767519,0.9160683440343413,0.6905346562871213,0.933997010939813,0.9638437528988766,0.8633105822387181,0.9508152934266847,0.6816937913057293,0.8735272891513701,0.9919304969477558,0.9706827259226706,0.9127986978904694,0.9229109835440803,0.8411401795341402,0.9487265052554266,0.9409942357230063,0.890385277782574,0.9199406273027306,0.9046484553665961,0.99286374200049,0.9576036838348734,0.9046484553665961,0.9576036838348734,0.9576036838348734,0.8905201046762892,0.9905174556385545,0.9164658576765585,0.9428469360414604,0.9552408029353749,0.9307015751744632,0.930701575174463,0.8641962732200632,0.21286173633441063,0.9984380827103148,0.9199406273027306,0.8806765550990427,0.9447494136270191,0.8293180381867081,0.9073222074226139,0.7287632843716418,0.7638968314113947,0.9428469360414609,0.8782540541553363,0.9428469360414606,0.8142990563745895,0.9552408029353749,0.9244246976009176,0.9259591224230193,0.837917364909335,0.9428469360414609,0.8314271579725276,0.7569075950991145,0.9259591224230199,0.8328255545646566,0.8312296131409544,0.8411401795341403,0.9487265052554266,0.8781352288783886,0.853117195359284,0.7569075950991146,0.7365915155573473,0.9275156757582277,0.8235205061445547,0.9576036838348732,0.975500298406281,0.9980353634264252,0.8855640524750215,0.9662633710722657,0.8722441670724508,0.8905201046762894,0.749717952678209,0.9428469360414606,0.9409942357230063,0.8492865600019228,0.6449667917411318,0.8831126597162944,0.7740567244085002,0.772375995024672,0.9428469360414609,0.8128385824110982,0.6390304591892744,0.9127986978904696,0.9428469360414609,0.8735847606764733,0.9356913183279745,0.9529828655437629,0.9275156757582279,0.9409942357230063,0.7096903994443032,0.9684760986278474,0.8843363349468665,0.9199406273027306,0.9331634535227102,0.9275156757582279,0.7460425441227827,0.9428469360414609,0.9184817171461355,0.9428469360414609,0.9762777185243531,0.8124915484069639,0.9010752173319363,0.9576036838348736,0.9170389579782949,0.7365915155573493,0.9284363038146399,0.9127986978904696,0.9428469360414609,0.8641962732200632,0.8507040550434801,0.8870256184172891,0.9156114273620617,0.47952010514742505,0.9487265052554268,0.40723420795533327,0.9141982714487249,0.9059804204993025,0.912166584917486,0.7723759950246721,0.9059804204993025,0.9127986978904699,0.9487265052554268,0.5640452198309196,0.9059804204993025,0.9576036838348736,0.922910983544081,0.9942907727414587,0.902436392171817,0.9409942357230059,0.9141982714487249,0.9259591224230199,0.9107523671187101,0.9816273853023445,0.975500298406281,0.9414200463913263,0.9214166876382093,0.9409942357230059,0.9307015751744632,0.813990897387721,0.9127986978904699,0.5575130912717485,0.8390151798075167,0.938054485345273,0.48561101257954287,0.9214166876382093,0.9447494136270191,0.9467071200650465,0.8892738141520422,0.913589938650891,0.9620019617019888,0.9184817171461352,0.8880325471109585,0.9487265052554263,0.9508152934266847,0.8877585082691177,0.9170389579782958,0.8497546683289103,0.9859795134306004,0.9579335751547247,0.8343435279019362,0.9290959183459289,0.9141982714487258,0.9428469360414604,0.8695629307131674,0.6223507190068818,0.9020120239820868,0.9566644487892415,0.7024099836370974,0.9508152934266845,0.908674345896699,0.8603749609471996,0.9229109835440796,0.9919304969477558,0.9170389579782952,0.8867960431767521,0.8556531508423673,0.7874282340838115,0.9323345609629297,0.8247319789820509,0.9409942357230057,0.8997202507834754,0.7999117526510058,0.9467071200650463,0.9447494136270194,0.8722472547880544,0.9620019617019879,0.9467071200650465,0.8855640524750215,0.8748097499677501,0.8299231483677991,0.9951011472655116,0.9391866557097981,0.8906692022920062,0.9730889887268286,0.5519745822137379,0.9467071200650465,0.8696886211206438,0.9730889887268284,0.9508152934266847,0.912166584917486,0.9707495588862811,0.9447494136270194,0.9552408029353749,0.9024363921718173,0.9529828655437629,0.7960571656361157,0.9508152934266847
p12_E,0.7673473516994285,0.906268236387799,0.8271068874433856,0.9994413423319624,0.918836138227167,0.9397924012017989,0.9016569119079292,0.8455932663249246,0.3924307993997719,0.9364368411420323,0.9039073680321512,0.9162050927129202,0.9162050927129204,0.8761642169182171,0.9492923120409438,0.8403373796149372,0.951872084571389,0.8905248145511355,0.9861029598450544,0.9364368411420323,0.9151540358479076,0.9493303821296276,0.9687941395742317,0.9215378731313923,0.9910569717673405,0.18994536180553956,0.9666428003039547,0.8664814862756913,0.9364368411420323,0.8115456104372938,0.26575647942414027,0.9271857963192045,0.9086743458966997,0.0,0.918836138227167,0.933230312818766,0.9215378731313923,0.908674345896699,0.9397924012017989,0.888402744132657,0.9316182412138079,0.892674460956127,0.9397924012017989,0.8890344077176486,0.951872084571389,0.9399853008239707,0.9243180392978654,0.4664912192350086,0.8099201004872929,0.8513970488424685,0.9271857963192043,0.7596520994812859,0.18994536180553956,0.906268236387799,0.9484490715653735,0.8863065703015558,0.8165945463022465,0.9188361382271659,0.8622528960791387,0.913638123172289,0.4029159017514764,0.5390737220707036,0.8029652442344231,0.8646979598369935,0.6135389962932136,0.7331716311016789,0.9271857963192043,0.8324789566221815,0.7422002185316752,0.9332303128187662,0.8741949048548436,0.8884027441326574,0.9188361382271668,0.7278043633023875,0.9188361382271659,0.8185765480394154,0.9015883421806545,0.9439076502388634,0.7358259207414195,0.9397924012017989,0.9039073680321512,0.8948535190071927,0.8821858692988971,0.8905248145511355,0.9188361382271659,0.8683869765649124,0.9388586611030838,0.7760068868141411,0.8305471147579231,0.916205092712921,0.9188361382271659,0.9299914985657858,0.9079340780783289,0.6488679857334372,0.8821858692988971,0.8409934614190606,0.960343343075702,0.8439952162507556,0.7436769966915078,0.7268523948790682,0.8496055333462682,0.9243180392978652,0.9188361382271666,0.920314368720011,0.8372419978857335,0.9332303128187658,0.8516848931219241,0.7901560960732836,0.9358530937879614,0.7420344517084139,0.9739778368758785,0.892674460956127,0.7711921954233476,0.8981101087746701,0.9243180392978654,0.7961571554626207,0.906268236387799,0.9332303128187658,0.9397924012017989,0.6383351746846029,0.8608459111363298,0.9720076630927214,0.8993081265656124,0.8801586131976928,0.8905248145511357,0.8392990114146903,0.9215378731313923,0.7782451824877884,0.9162050927129204,0.8645899440480416,0.6056120246863375,0.9243180392978649,0.9271857963192045,0.9397924012017989,0.6814448973676571,0.7528163950686997,0.8067554358482099,0.9759742607288064,0.9271857963192043,0.913638123172289,0.8601778526419882,0.9364368411420323,0.7331716311016792,0.9934067875150872,0.9899675380225565,0.5068739999632488,0.9999261538952606,0.6877062755446479,0.8884027441326574,0.8540839904867896,0.9364368411420321,0.8498824478883684,0.9160186407774475,0.6615371423760036,0.9759742607288062,0.37416420938277517,0.9448644867741123,0.86271164163361,0.9181619802236738,0.995464532754264,0.864326476566885,0.9243180392978654,0.8948535190071927,0.7986740648847834,0.8357444190687309,0.871839795050154,0.7547743140061599,0.8646979598369935,0.8821858692988973,0.8746899401018584,0.8761642169182171,0.9162050927129206,0.38745171472996454,0.9291460004795992,0.7560946445249672,0.8779834820327725,0.933230312818766,0.7933358049763426,0.9472979076308065,0.8185765480394149,0.9985663074572886,0.6293248950461168,0.9816494815223562,0.9162050927129204,0.7401647047393793,0.9117575636016018,0.5963017978659946,0.8427562020241628,0.906268236387799,0.909368306308445,0.913638123172289,0.8725540131360714,0.7158518944499066,0.803914599332366,0.8765682211155166,0.9188361382271659,0.9215378731313923,0.913638123172289,0.8409934614190606,0.8168409025639307,0.46847843198320616,0.9162050927129202,0.9188361382271659,0.7899855610109627,0.6329138942419453,0.9364368411420323,0.9188361382271659,0.7111969469568855,0.3586708582352369,0.5210021822156151,0.6418874587049879,0.9401949542071442,0.7403136154973176,0.9188361382271659,0.7907091145445486,0.918836138227166,0.6458236322967583,0.7424598513400253,0.7372274275129286,0.9188361382271659,0.9480562746718069,0.9188361382271659,0.8820120343228506,0.3677905943108327,0.8664814862756911,0.8017165382781779,0.6518914326351071,0.8158774734460299,0.913638123172289,0.9329290708210041,0.9388586611030842,0.9366313662944459,0.7993679470361441,0.8703071672354956,0.9271857963192043,0.8392374849683436,0.8253933155080593,0.8445260765476388,0.8608453411778032,0.6175839241408116,0.3586708582352359,0.9111295270090605,0.9720076630927214,0.9554302009938862,0.9188361382271659,0.870569532348616,0.9188361382271659,0.8876914904990594,0.8645899440480416,0.9271857963192043,0.8842347516782392,0.8158774734460299,0.9215378731313923,0.86271164163361,0.8993081265656124,0.9510400325580777,0.9058614048066167,0.6274159948681469,0.9243180392978652,0.9934067875150874,0.5657137513725844,0.7510994433926017,0.916205092712921,0.9301521134798676,0.9191442393001709,0.9397924012017989,0.8697930656748796,0.733716637530136,0.892674460956127,0.5700243978374957,0.9989880522511065,0.9271857963192043,0.757947720461924,0.6761355335664501,0.653345675511301,0.9332303128187658,0.7223555864204425,0.3685251636794007,0.8233368841618821,0.8944420978831522,0.9332303128187658,0.7630525723966652,0.7564156571321854,0.9808531012828585,0.8374879178218961,0.846462250900856,0.9243180392978652,0.9000359259924564,0.771192195423348,0.913638123172289,0.9243180392978652,0.9243180392978652,0.8497730521504842,0.9332303128187662,0.7878267656379296,0.6488679857334374,0.8168805099533945,0.7510994433926017,0.908151746102369,0.8160463790740714,0.9104791522806427,0.913638123172289,0.9271857963192043,0.7807707258469966,0.8627658779727194,0.9714058757497572,0.9889617959260075,0.9537077258337427,0.8788191269797554,0.8827148855675937,0.8151872676642644,0.9627849644206095,0.9895432320620213,0.9244153035203098,0.995920355012017,0.9364368411420321,0.7861889355412882,0.9364368411420323,0.8918627627088201,0.8645899440480416,0.8553180098603765,0.9714058757497572,0.9188361382271659,0.48735263076556934,0.8445260765476386,0.802965244234423,0.9332303128187658,0.9301521134798676,0.9162050927129204,0.9188361382271659,0.9358530937879614,0.9332303128187662,0.9397924012017989,0.8571496764250637,0.8933279220136653,0.8233368841618821,0.9271857963192041,0.9292666101941276,0.9037459731080717,0.8993081265656124,0.6140289460792039,0.9672379795341659,0.9243180392978652,0.3567451050835252,0.872610570341374,0.5105510539197435,0.7833854450118068,0.9397924012017989,0.8244670697728445,0.89186276270882,0.8049962043806351,0.951872084571389,0.916205092712921,0.8741949048548436,0.9485507934311785,0.7711921954233478,0.7687649460343576,0.8850305959128246,0.9188361382271659,0.6522984595645198,0.8683869765649121,0.8570682908676867,0.8683869765649124,0.9364368411420321,0.9018752273373505,0.9188361382271659,0.9188361382271659,0.8884027441326572,0.8463034707266368,0.9646460924565712,0.918836138227166,0.9364368411420321,0.6834876377246912,0.8464622509008559,0.8357444190687311,0.803914599332366,0.9188361382271668,0.8408994097214851,0.9388586611030838,0.9100336531327775,0.8663988135266223,0.9188361382271659,0.8101221286735181,0.871839795050154,0.8071865398778737,0.8217567385182358,0.8781517708121864,0.9896953296461458,0.9243180392978652,0.7924745875392033,0.9188361382271659,0.8476846526108213,0.8905248145511357,0.6347399894522211,0.9255520825125045,0.9215378731313926,0.9079340780783289,0.908674345896699,0.9188361382271659,0.8340066608386398,0.7568587152065689,0.9188361382271659,0.909368306308445,0.794782534206074,0.9291460004795995,0.8981496662422619,0.7807707258469966,0.9188361382271659,0.8217567385182358,0.6453980174074032,0.9301521134798674,0.9488068847204383,0.8788191269797553,0.8785995314863118,0.41341214004249893,0.958652294374053,0.9243180392978654,0.8374879178218959,0.5210021822156151,0.8970640020677769,0.676389089105145,0.9984551425502632,0.7933358049763426,0.8970640020677765,0.9271857963192043,0.8029652442344231,0.9188361382271659,0.9332303128187662,0.9461279937421416,0.6624928325849031,0.9039073680321512,0.884234751678239,0.9554302009938862,0.7162571955462158,0.9215378731313926,0.913638123172289,0.9419536134643978,0.9188361382271666,0.906268236387799,0.8067554358482099,0.9174416475884567,0.933230312818766,0.6549270136122719,0.9364368411420321,0.906268236387799,0.8970640020677769,0.7831343870542891,0.9388586611030838,0.7867288748844493,0.7564231504569356,0.8955568994617082,0.8513970488424685,0.892674460956127,0.9015883421806556,0.8445260765476383,0.9243180392978652,0.8703071672354956,0.9316182412138078,0.9836616292488269,0.8948535190071925,0.651553017658657,0.9039073680321517,0.26575647942414027,0.9248597097891194,0.7568500292015018,0.8745533197205999,0.9111295270090607,0.7564156571321858,0.9814744787548232,0.8761642169182171,0.8948535190071927,0.8970640020677767,0.8829593998730116,0.9039073680321514,0.7630525723966651,0.8948535190071929,0.9915694637821949,0.8414006636167939,0.9243180392978652,0.9356267126184377,0.9107400480700483,0.8683869765649126,0.8646979598369935,0.9861029598450541,0.872610570341374,0.5170587547813721,0.9301521134798676,0.9537077258337427,0.9111295270090607,0.9111295270090609,0.9759742607288062,0.9332303128187658,0.8801586131976928,0.8974874730875656,0.9136461162131208,0.9591402541866407,0.9162050927129204,0.7553441395437834,0.9055141698506994,0.9111295270090602,0.8170550030701567,0.9188361382271659,0.9301521134798676,0.9188361382271659,0.9188361382271659,0.7462582453394735,0.8970640020677765,0.8918627627088201,0.9188361382271659,0.7471026065788058,0.6796739110494247,0.8645899440480417,0.9717348537730484,0.8101221286735183,0.7472609883923662,0.9699427324073248,0.8445260765476388,0.6937381230307136,0.908674345896699,0.818576548039415,0.9301521134798676,0.3379385359591255,0.8049962043806351,0.6453980174074032,0.8984119663709311,0.908674345896699,0.913638123172289,0.8266003663996162,0.9301521134798676,0.9416311987976156,0.9243180392978654,0.9281680987989613,0.9015883421806548,0.8926744609561268,0.8970640020677765,0.668894250217969,0.8781517708121862,0.42960167497862467,0.8970640020677767,0.8722428588429538,0.971405875749757,0.9015883421806554,0.9215378731313926,0.8911843525479428,0.6209374319873058,0.9047859115164789,0.9271857963192045,0.96006203365904,0.9111295270090607,0.802798345346493,0.9603433430757012,0.9591402541866405,0.8261414716570313,0.8821858692988971,0.9397924012017989,0.8622528960791387,0.6549270136122719,0.8445260765476386,0.8581011275147419,0.9761289800255133,0.9862580849438627,0.8118082899900723,0.9188361382271659,0.9271857963192043,0.46478401044590745,0.9188361382271668,0.9692826611948089,0.9015883421806543,0.997222278815483,0.8821858692988971,0.9079340780783289,0.8970640020677769,0.7760068868141412,0.9364368411420325,0.8414006636167939,0.9039073680321514,0.7866345128825976,0.9554302009938862,0.908674345896699,0.8164165368617531,0.9796624177838527,0.8233368841618821,0.8581063372662456,0.5286909661769339,0.8705406387146193,0.7816036838847071,0.8703071672354954,0.7168212148799422,0.9905090477178116,0.8801586131976928,0.9364368411420323,0.7717871684332462,0.9215378731313926,0.7424598513400256,0.974743355552526,0.6089848754072738,0.916205092712921,0.8455932663249245,0.9269996538414347,0.9397924012017989,0.8295022177593914,0.8873306148945656,0.925845563719097,0.8955568994617085,0.9272989769634585,0.8427562020241628,0.9616775150656097,0.8993081265656124,0.8374879178218961,0.9039073680321503,0.9162050927129204,0.9271857963192043,0.9397924012017989,0.9188361382271659,0.9000359259924564,0.9787299943778778,0.771192195423348,0.8722428588429538,0.918836138227166,0.6527250593044347,0.9149551015463513,0.9833113140241097,0.846462250900856,0.8463034707266359,0.8271068874433853,0.5696517982107028,0.8477076767889316,0.8842347516782392,0.9099455930672977,0.6623633238668939,0.8253933155080591,0.9301521134798676,0.8445260765476381,0.8165945463022465,0.9714058757497572,0.8764969900463839,0.9397924012017989,0.884234751678239,0.913638123172289,0.9397924012017989,0.906268236387799,0.8863065703015558,0.9188361382271668,0.9493116701625338,0.8151872676642644,0.9332303128187662,0.9188361382271666,0.901588342180655,0.8391451736147022,0.7807707258469967,0.916205092712921,0.9759742607288062,0.9111295270090602,0.916205092712921,0.916205092712921,0.8703071672354955,0.9188361382271659,0.951872084571389,0.8785995314863118,0.9188361382271659,0.9290154829734791,0.9219594183766175,0.9861029598450541,0.9243180392978654,0.9301521134798676,0.9215378731313926,0.916205092712921,0.8455932663249246,0.6383351746846027,0.8970640020677767,0.6907362520776151,0.9188361382271659,0.9060833615985865,0.9243180392978654,0.8948535190071929,0.7780529040320587,0.9835942424847568,0.933230312818766,0.9215378731313926,0.8993081265656127,0.8933580624819943,0.8993081265656127,0.9188361382271668,0.8645899440480416,0.8741949048548436,0.943424161892372,0.6967125880912148,0.9819538956711094,0.933230312818766,0.8434397844184096,0.9243180392978652,0.8785995314863118,0.6877062755446479,0.9188361382271659,0.918836138227167,0.8118082899900725,0.9364368411420323,0.9205977743694613,0.9111295270090607,0.9039073680321512,0.7331716311016787,0.9554302009938862,0.7826375308803597,0.7939267164319397,0.9188361382271659,0.9188361382271659,0.86271164163361,0.907934078078329,0.8445260765476379,0.7089303524967754,0.6784403947765634,0.8788191269797554,0.7441955253353556,0.7663991909330121,0.7957048949778905,0.7589151288169047,0.9188361382271659,0.8666421769503914,0.9271857963192043,0.9397924012017989,0.9079340780783289,0.9332303128187658,0.7168212148799431,0.9188361382271659,0.9188361382271659,0.8115456104372938,0.9630223853436273,0.8173436993045132,0.901588342180655,0.96006203365904,0.8392374849683435,0.8842347516782392,0.8646979598369935,0.7083496941498988,0.9671690303870577,0.918836138227166,0.8764969900463839,0.7488223238895555,0.9215378731313923,0.9861029598450544,0.8185765480394149,0.6935816470028756,0.8571496764250632,0.8670548609430998,0.9215378731313926,0.7748816049396825,0.9188361382271659,0.7278043633023872,0.8977823279529111,0.44786921870945795,0.9959203550120173,0.7849582917836873,0.906268236387799,0.8480887874245635,0.9532760375857805,0.9301521134798674,0.6220134862180429,0.6449842672949677,0.951872084571389,0.9364368411420321,0.9069834982716531,0.8905248145511357,0.7396306695705043,0.9271857963192043,0.916205092712921,0.570227712153176,0.8863065703015558,0.9508942993498997,0.904634587963796,0.9397924012017989,0.8933580624819943,0.9397924012017989,0.9397924012017989,0.9471262770445408,0.9023193977639938,0.46797779136304596,0.9188361382271668,0.9364368411420323,0.986600701052057,0.9015883421806543,0.9100336531327771,0.9086743458967002,0.9591402541866405,0.9193175573455776,0.5052421679576776,0.9215378731313923,0.8195538806575198,0.8683869765649117,0.7358259207414195,0.7831343870542888,0.9188361382271659,0.9542816599648687,0.9188361382271666,0.8609148343625068,0.9364368411420323,0.892674460956127,0.25971769050003213,0.9786734038938973,0.9188361382271659,0.7760068868141412,0.8622528960791387,0.8948535190071931,0.7544407449649538,0.7278043633023872,0.7589151288169047,0.9271857963192043,0.7384612754136961,0.7731286525742262,0.601118201382592,0.8560225025122682,0.8970640020677771,0.9312990718066849,0.9397924012017989,0.9329290708210045,0.9188361382271666,0.8374879178218961,0.888402744132657,0.6967125880912137,0.8705695323486164,0.8705406387146193,0.9188361382271666,0.916205092712921,0.6675406058617137,0.9692826611948089,0.8340066608386396,0.8071865398778738,0.824460844842189,0.9188361382271659,0.7871816646486065,0.9739758381447481,0.8761642169182169,0.9188361382271659,0.6937381230307135,0.908674345896699,0.9332303128187658,0.8970640020677765,0.916205092712921,0.7545300025517876,0.8905248145511356,0.8357444190687313,0.9193175573455779,0.9021396564215761,0.8970640020677767,0.874680145501489,0.9188361382271659,0.9167630175479358,0.9188361382271659,0.9332303128187658,0.9121372710878786,0.53155399729089,0.9397924012017989,0.8821858692988969,0.683977189629815,0.41090430828641145,0.8464622509008561,0.9188361382271659,0.7319540868088866,0.7216178587065489,0.7613536716392533,0.8351464176762521,0.864589944048042,0.975974260728806,0.8801586131976917,0.8781517708121864,0.8664814862756918,0.5112126327329076,0.8434986758897758,0.8664814862756918,0.8761642169182173,0.9271857963192041,0.8168805099533945,0.8664814862756918,0.9397924012017989,0.8029652442344231,0.9215378731313926,0.9720076630927214,0.9162050927129204,0.8781517708121866,0.9642416825773448,0.46847843198320627,0.8933580624819946,0.9329290708210041,0.34005245276506846,0.8884027441326572,0.9162050927129204,0.901588342180655,0.7806620555580821,0.8761642169182171,0.924657266610385,0.6318988875978893,0.8869069588367049,0.8534965853888823,0.9775185201428763,0.9215378731313923,0.9243180392978652,0.43364125594998215,0.9726497097504014,0.9167630175479358,0.9167630175479358,0.4408425037036775,0.9271857963192043,0.9301521134798676,0.8205950326849349,0.2519384020203844,0.937909859777035,0.8977823279529111,0.9933102894129492,0.7854475294144461,0.9358530937879614,0.2790017707888349,0.9188361382271666,0.6826376398102135,0.9911770567164957,0.8608459111363296,0.4408425037036775,0.7596520994812859,0.9301521134798674,0.9810490389797015,0.8017165382781783,0.18994536180553956,0.7221874549299854,0.8821858692988969,0.8392374849683437,0.7950110300145405,0.6810307020171473,0.9039073680321512,0.7713616382369326,0.9162050927129204,0.9759508773150463,0.7353407098119207,0.6989792690869991,0.967100967856847,0.5445886561350785,0.23750206983994449,0.9243180392978654,0.9350104408206932,0.6199051695285008,0.7408497516426,0.8774014877197258,0.955430200993886,0.7140205957390071,0.9300797186110581,0.9471262770445404,0.9243180392978654,0.6347399894522209,0.8948535190071929,0.9301521134798676,0.48676957206431604,0.892674460956127,0.9215378731313926,0.9364368411420323,0.4324996608772351,0.9332303128187658,0.7491896426899867,0.9301521134798676
p12_G,0.7807259771890067,0.9413411539914585,0.9279034959226291,0.9225015741707872,0.32837301587301415,0.9623211158059548,0.8570070294818277,0.8243917750973909,0.9038142386822652,0.9602211523225768,0.9398636845831869,0.4781043190010006,0.41428922095494436,0.9225015741707872,0.9106019687464653,0.920265131801048,0.944383427890573,0.9314886672615053,0.7274442879673653,0.9602211523225768,0.8656910624567928,0.9384124008873462,0.9888877218166614,0.9813818316380158,0.9369854052620168,0.931488667261505,0.944383427890573,0.6514063249009006,0.9602211523225768,0.8598212074455567,0.9809662470451703,0.4654487838138114,0.9428469360414604,0.918836138227167,0.0,0.9582144552981327,0.9508971383859763,0.9428469360414604,0.962321115805955,0.9301606414450718,0.9372344714402789,0.9328339505740533,0.7778515786059419,0.6262185821613941,0.8739479665019894,0.9081407584954335,0.9526370111116407,0.9004911494084336,0.9301606414450718,0.6027602604390545,0.9544316996038,0.8800930927805968,0.9821075314053482,0.9413411539914585,0.9428469360414604,0.97791348853611,0.9288488221297497,0.9492063492063489,0.9197926279183388,0.9459533477380777,0.9352923098201315,0.9485635112687547,0.9314886672615057,0.8993922310882432,0.9562880686171875,0.7106767612030847,0.9544316996038,0.9490768789214075,0.8920548520914523,0.9632002305182419,0.9212691469911802,0.97998139075904,0.9492063492063489,0.765220240367444,0.9492063492063489,0.9215191722498273,0.9938077685674778,0.9398636845831869,0.9736191354376754,0.962321115805955,0.9398636845831869,0.9610880275993517,0.926270021131592,0.7647981478754351,0.9492063492063489,0.9176344520056336,0.9938077685674778,0.8253697077132105,0.96708144786893,0.9475597985845114,0.9492063492063489,0.8918007079504509,0.8605006952168124,0.9903699584566829,0.9783994202533963,0.9470207508424533,0.9253254956419286,0.9227803491523985,0.7757423250204238,0.7774457358293267,0.9288488221297497,0.9773757151292213,0.9492063492063492,0.8608001868591053,0.9032953985475976,0.9582144552981327,0.9071820194155724,0.7777200559261548,0.8457455232976457,0.8785858980308772,0.909249860383132,0.932833950574053,0.7937812374916591,0.9094556823349393,0.9526370111116407,0.8219802313616454,0.9991271005058251,0.9582144552981327,0.9623211158059548,0.7046132778772884,0.9548120669934363,0.9202651318010482,0.9369854052620168,0.92500133164067,0.9672736044508083,0.8488494650114393,0.9508971383859763,0.9494833800495852,0.9886251033694344,0.9137080532218428,0.831112986322263,0.9526370111116407,0.9544316996038003,0.8644606804686435,0.944383427890573,0.8754988991654502,0.7828471315770429,0.9544316996038,0.9544316996038,0.9459533477380777,0.8615683059666509,0.9602211523225768,0.7978424092993639,0.9044788524275964,0.9227803491523987,0.9517002303366322,0.6711637088941621,0.7383065586513005,0.930160641445072,0.8462580005670894,0.9602211523225768,0.6973118048252802,0.8559522762859699,0.8811713725919916,0.9544316996038,0.9799813907590402,0.8950345750758604,0.9564021026822451,0.8004702785962415,0.8854008763534218,0.8355590569639006,0.9526370111116407,0.9341976401680094,0.8568211965238023,0.9345140465701829,0.9596571364772952,0.8927713255769505,0.9372344714402789,0.9783994202533962,0.7622165788456627,0.9225015741707872,0.9475597985845114,0.92884882212975,0.9319959257948537,0.9610354185769059,0.9453089334118425,0.9632002305182422,0.9009295367383648,0.9458430027009459,0.9215191722498273,0.9117550006367756,0.9595070856400738,0.97302184505753,0.9475597985845114,0.8904561153277738,0.9155456680159726,0.7358506596736519,0.9400050159634596,0.9413411539914585,0.9237454173815309,0.9919305345581159,0.90110312040983,0.8511420268993708,0.8148611882522669,0.9457174376824433,0.9492063492063489,0.9508971383859763,0.9919305345581159,0.9386131743457118,0.8390382634430404,0.9640062838948074,0.9475597985845114,0.9492063492063489,0.9333068873774841,0.8431012558506539,0.9602211523225768,0.9492063492063489,0.8922864636322446,0.9152582079543841,0.8864622842804519,0.8570084033315831,0.9442661027800154,0.9475597985845114,0.9492063492063489,0.8559522762859698,0.9492063492063488,0.7587615740028218,0.8685974240625232,0.8947179757556367,0.9492063492063489,0.9558694433263362,0.9492063492063489,0.9446023531860508,0.9471856021934966,0.9164419655193168,0.9092498603831318,0.9526370111116407,0.8061796741685836,0.9459533477380775,0.9355809960386168,0.9938077685674775,0.9060540201833016,0.8684904949817042,0.9188361382271664,0.9544316996038003,0.9750767117923147,0.8939804601816316,0.9027019168030599,0.953562456431868,0.9152582079543841,0.9580166426603274,0.944383427890573,0.8854008763534218,0.9459533477380777,0.9492063492063489,0.6715020243987914,0.9492063492063489,0.8094251427518592,0.9152582079543843,0.9544316996038,0.9275522446953857,0.8061796741685836,0.9508971383859763,0.6627235978761368,0.9913026731221013,0.8928757609748676,0.9398636845831869,0.7917380856761224,0.9526370111116407,0.871714603882036,0.9044788524275966,0.7341424211328871,0.9475597985845114,0.9562880686171875,0.858173483507684,0.962321115805955,0.783593713297511,0.7541282748365796,0.9328339505740533,0.9032953985475973,0.8748612665230131,0.9544316996038,0.8472329418795812,0.9193732355342461,0.8275450240955424,0.9582144552981327,0.7615900676035703,0.9140827360776207,0.9341976401680094,0.9400050159634596,0.9582144552981327,0.7494901611823089,0.8128232674060248,0.9562880686171875,0.9734392564424441,0.9683086794376969,0.9526370111116407,0.9630223853436268,0.9078303776591792,0.9459533477380777,0.9526370111116407,0.9773757151292213,0.8552549043770041,0.9582144552981327,0.804551296916167,0.9167889614218212,0.9202651318010482,0.7943743572075032,0.9582144552981327,0.9492063492063489,0.9301606414450718,0.9459533477380777,0.9544316996038,0.7999960359115466,0.725993013042993,0.9526370111116407,0.9799813907590402,0.8674821796907909,0.8727492688184761,0.7647816095440267,0.7688919629409907,0.8983676175158459,0.9336474770134962,0.8390382634430408,0.8727631680356078,0.957486356544754,0.9038142386822656,0.9602211523225768,0.904418873306992,0.699915879692125,0.9908963593651976,0.9073884413700826,0.9492063492063489,0.9544316996038,0.9414106494210732,0.9314886672615055,0.9582144552981327,0.9683543830093181,0.9475597985845114,0.9492063492063489,0.9913026731221013,0.9582144552981327,0.9623211158059548,0.910601968746465,0.8233095582802452,0.9341976401680094,0.9544316996038,0.783593713297511,0.8874224411145104,0.9369854052620168,0.9428469360414606,0.8709005235160128,0.9526370111116407,0.8602326261905325,0.9263050774651864,0.9413411539914585,0.910601968746465,0.9623211158059548,0.8115034698580478,0.9188361382271664,0.7993700008850906,0.9443834278905732,0.9475597985845114,0.9665120503695122,0.920265131801048,0.8222935225335392,0.7922008532895146,0.8475930273944765,0.9492063492063489,0.7759070484662236,0.9613251513423888,0.9647506825559773,0.9949841493208558,0.9602211523225768,0.9962604064950795,0.9492063492063489,0.9492063492063489,0.930160641445072,0.9401196485914107,0.8904561153277739,0.9492063492063488,0.9602211523225768,0.9492063492063492,0.9225015741707872,0.9345140465701829,0.8148611882522669,0.9492063492063492,0.9237454173815309,0.9384124008873462,0.8616616667070358,0.8367785125630913,0.9492063492063489,0.9494565734115241,0.9164419655193168,0.8289194532234487,0.7979859337642079,0.9237454173815309,0.8696179154667714,0.9526370111116407,0.8075409127954851,0.9492063492063489,0.8539816770928068,0.9314886672615055,0.8904561153277737,0.730449477458841,0.9508971383859763,0.8898549672341265,0.9428469360414604,0.9492063492063489,0.6221989256021574,0.7684493465640945,0.9492063492063489,0.9237454173815309,0.7807259771890066,0.8720509229668818,0.8440180327877231,0.7999960359115466,0.9492063492063489,0.9202329624682105,0.9801184131332199,0.9562880686171875,0.8823910523641698,0.8727492688184764,0.9328036494727321,0.989027157583928,0.933171187728737,0.9526370111116407,0.6884220467286717,0.9565760602192026,0.9355809960386168,0.8088134071269346,0.873812019591417,0.9359245759999371,0.9044988266272493,0.9544316996038,0.9821075314053485,0.9492063492063489,0.9582144552981327,0.9015943008452878,0.9864046790606941,0.6077472153494232,0.9275522446953857,0.9459533477380777,0.96865283727928,0.9508971383859763,0.9459533477380777,0.9398636845831869,0.9492063492063492,0.9991271005058253,0.9128732846826051,0.9038142386822654,0.8846149163346158,0.8206863064580855,0.9574863565447541,0.8275150599510743,0.9355809960386168,0.9150859699484075,0.9384124008873462,0.9602211523225768,0.8281550331548588,0.9971276925647264,0.7832742002999455,0.9328339505740533,0.9384124008873462,0.9801193820390868,0.6974266200926705,0.9927913675399127,0.8993922310882432,0.8551058460289129,0.9341976401680094,0.9372344714402789,0.9964123220916106,0.9809662470451707,0.8995853467709884,0.9456968214709253,0.9770647288625647,0.944383427890573,0.956305199987326,0.8907283270583692,0.7568486889608452,0.986554806284329,0.9888877218166616,0.8464043925548683,0.9964123220916106,0.9130676179019629,0.9341976401680094,0.9580166426603274,0.8218581062145831,0.9526370111116407,0.9735492166725134,0.8221755430097124,0.9613251513423888,0.949238807503614,0.9582144552981327,0.9835656862891846,0.9637881401608364,0.8929968346358237,0.9971276925647266,0.944383427890573,0.9950603702402812,0.9005384212506021,0.9582144552981327,0.92500133164067,0.8255663034700993,0.9129151319089193,0.9475597985845114,0.9475597985845112,0.7995580157673214,0.9871891849714198,0.9443834278905732,0.8717146038820361,0.9492063492063489,0.9562880686171875,0.9492063492063489,0.9492063492063489,0.7774457358293263,0.935580996038617,0.9188361382271664,0.9492063492063489,0.8477472607854528,0.8057886891115327,0.9152582079543842,0.9934009489090968,0.9494565734115241,0.8628212971049698,0.9038142386822654,0.9027019168030601,0.7423832325596806,0.9428469360414604,0.8864622842804518,0.9562880686171875,0.961325151342389,0.9752298134312947,0.8336323815959057,0.92500133164067,0.9980353634264252,0.867698299150503,0.9256215060287809,0.9683543830093179,0.8961186971729782,0.9526370111116407,0.9004911494084336,0.9384124008873462,0.9127774219260275,0.9355809960386168,0.8168082149013266,0.9237454173815309,0.9853808551815852,0.6912719235150713,0.9200475251844389,0.8374011676109454,0.9384124008873465,0.9508971383859763,0.9140827360776209,0.7693319769533168,0.9592572502158767,0.9544316996038003,0.9561617868108667,0.9443834278905732,0.9765891832217262,0.8896584524348268,0.9475597985845112,0.8852653845498551,0.926270021131592,0.9623211158059548,0.8343356316982855,0.7298864606206958,0.9027019168030599,0.8603122475559108,0.9384124008873462,0.9071820194155724,0.8775612799148106,0.9492063492063489,0.9544316996038,0.9164419655193168,0.9492063492063492,0.8927713255769505,0.9938077685674778,0.9459533477380777,0.9783994202533957,0.8605006952168124,0.9355809960386168,0.7969095271386524,0.9602211523225768,0.8501386658515009,0.9470390403999663,0.7480831877549738,0.9459533477380777,0.8206822618300815,0.8801085107890287,0.9152582079543843,0.9341976401680094,0.865219132311196,0.9160410975964695,0.8392059565807759,0.8825201283765672,0.9188361382271664,0.8166023125927323,0.9243203844516434,0.92500133164067,0.9602211523225768,0.9913026731221011,0.9813818316380163,0.8685974240625232,0.6327932917807779,0.9292058051524481,0.9475597985845114,0.8243917750973906,0.8709005235160128,0.9623211158059548,0.9518913447661278,0.7674138938518067,0.8202213519738348,0.9164419655193168,0.9328339505740533,0.8295306933275091,0.92500133164067,0.9000627911577298,0.8982973238138033,0.9398636845831869,0.9475597985845114,0.9544316996038,0.962321115805955,0.9492063492063489,0.9188361382271666,0.8974240433030012,0.9933672327848193,0.9200475251844389,0.9492063492063488,0.9867651452593773,0.8825502143476118,0.6576483873261378,0.9225015741707872,0.9428307668638463,0.8918007079504509,0.9494565734115239,0.8755734277401159,0.9275522446953857,0.9060540201833016,0.7210801889564697,0.9266101958517023,0.9562880686171875,0.9027019168030597,0.9288488221297497,0.9773757151292213,0.9152582079543843,0.9623211158059548,0.8790589891285873,0.9459533477380777,0.9623211158059548,0.9413411539914585,0.9288488221297497,0.9492063492063489,0.9319959257948538,0.9190178999788696,0.8846149163346164,0.8537698412698407,0.6184246576716017,0.8370369041336885,0.7999960359115466,0.9475597985845114,0.9544316996038,0.9950603702402809,0.9475597985845114,0.9475597985845114,0.9188361382271665,0.9492063492063489,0.944383427890573,0.9471856021934963,0.9492063492063489,0.9341976401680094,0.8907283270583692,0.4916883454164872,0.9526370111116407,0.9562880686171875,0.9508971383859763,0.9475597985845114,0.8243917750973906,0.9517755223627138,0.7445786492931157,0.9197758326677533,0.9492063492063489,0.9071820194155724,0.9526370111116409,0.9341976401680094,0.8104946185054884,0.9083158055901508,0.9582144552981327,0.9813818316380158,0.9000627911577299,0.9992249226337294,0.9369854052620168,0.9492063492063489,0.9152582079543843,0.9212691469911802,0.9339500363880904,0.8932410283108935,0.9470390403999658,0.9582144552981327,0.97998139075904,0.9526370111116407,0.9071820194155724,0.7383065586513005,0.9492063492063489,0.9851190476190477,0.9805093316037127,0.9602211523225768,0.8674444980673444,0.995060370240281,0.9398636845831869,0.7397319772351776,0.9459533477380777,0.7851614409903767,0.7923706875053151,0.9492063492063489,0.9492063492063489,0.9987214692868693,0.8898549672341265,0.9027019168030597,0.8628212971049698,0.7320262020132555,0.8440180327877231,0.8995853467709884,0.8030425267779874,0.932833950574053,0.7571027055111268,0.9492063492063489,0.9004911494084336,0.9544316996038,0.962321115805955,0.8605006952168124,0.9582144552981327,0.9340194006619887,0.9492063492063489,0.9492063492063489,0.8034773333283489,0.9492063492063489,0.8233818069316919,0.9938077685674775,0.888146704974508,0.9372344714402789,0.9758994362393925,0.9750767117923147,0.9525486973316641,0.881241896225667,0.9492063492063488,0.9580166426603276,0.8367448387722001,0.9813818316380158,0.9632002305182422,0.9382532758726713,0.9509387076853665,0.9106019687464653,0.9176344520056336,0.3718925618539467,0.9217949449098886,0.9492063492063489,0.765220240367444,0.9176344520056336,0.9750767117923149,0.9714711165829839,0.8974240433030012,0.9413411539914585,0.7410572237903067,0.8846909396641924,0.8929968346358235,0.904849855452041,0.6945150159634076,0.944383427890573,0.9602211523225768,0.9225015741707872,0.8154170120192783,0.7857654522048226,0.9544316996038,0.9475597985845114,0.7907005659002758,0.9288488221297497,0.9152582079543843,0.8977592394954912,0.8644606804686434,0.9152582079543843,0.8644606804686427,0.9510697823313443,0.9027019168030599,0.9200475251844389,0.8074613783809506,0.9851190476190477,0.9602211523225768,0.9384124008873465,0.7846107607119965,0.861661666707036,0.9428469360414609,0.9475597985845114,0.87489251224481,0.8939536575643379,0.9508971383859763,0.8811408140912373,0.9176344520056336,0.8575783889907727,0.8015241762228433,0.9492063492063489,0.8918007079504509,0.9492063492063489,0.78662112065388,0.9602211523225768,0.9642402977593341,0.9341976401680097,0.9180353447095948,0.9492063492063489,0.9676706105860006,0.8628212971049698,0.7516593631340741,0.7953507180148165,0.9432865096761567,0.8717536922859104,0.9544316996038,0.8012601664247331,0.822597332510477,0.9197926279183386,0.8022278398026617,0.9355809960386168,0.9032440620793873,0.9623211158059548,0.9355809960386168,0.9492063492063489,0.9358682901281239,0.97998139075904,0.7443900610442787,0.9027019168030599,0.8392059565807761,0.9492063492063489,0.9475597985845114,0.7383065586513005,0.8927713255769507,0.8961186971729784,0.857092418886652,0.8514236835690032,0.9492063492063489,0.8163003843062467,0.8950935460094678,0.9225015741707872,0.9492063492063489,0.9512348946167908,0.9980353634264252,0.9582144552981327,0.935580996038617,0.9475597985845114,0.9069141560297456,0.6635604195877483,0.8972062142375332,0.9288488221297497,0.7284831104378526,0.9888877218166612,0.8989443341645227,0.9492063492063489,0.8790589891285873,0.9492063492063489,0.9582144552981327,0.8922864636322452,0.8729220086343699,0.962321115805955,0.926270021131592,0.8852337768299307,0.977064728862565,0.9683086794376969,0.9492063492063489,0.8148380946804523,0.7451009850707753,0.8506512873935235,0.92500133164067,0.9580166426603276,0.9544316996038,0.9250013316406696,0.9237454173815309,0.959657136477295,0.7438237972493247,0.8231275036273116,0.959657136477295,0.9683086794376969,0.9544316996038,0.9202651318010482,0.959657136477295,0.962321115805955,0.9821075314053485,0.9508971383859763,0.8854008763534218,0.9475597985845114,0.9834594839173171,0.9341976401680094,0.8918007079504509,0.9580166426603276,0.9044988266272498,0.9564021026822451,0.8705563612990554,0.6695496131391625,0.9384124008873465,0.8404141642291889,0.9225015741707872,0.9784157310816315,0.8719900286803044,0.9532451920987461,0.9486714815870394,0.9301606414450718,0.9508971383859763,0.9526370111116407,0.9400050159634594,0.7038434957604057,0.9275522446953857,0.9758994362393925,0.7945326510933393,0.9544316996038,0.9562880686171875,0.8738120195914172,0.9307341409458905,0.9086850075799042,0.9076027506473452,0.92500133164067,0.9143052801998224,0.9369854052620168,0.9237454173815312,0.9492063492063489,0.7779867134252592,0.9116607121466378,0.9129151319089193,0.6801665762815035,0.9105997694059789,0.9562880686171875,0.9630223853436268,0.8759110188590662,0.931488667261505,0.944383427890573,0.9739353004390978,0.9750767117923149,0.8717146038820363,0.7884981212068205,0.9398636845831869,0.8743499943821069,0.9886251033694343,0.944246871761943,0.8221755430097129,0.9526370111116407,0.9508971383859763,0.6928550600870439,0.9275522446953854,0.9526370111116409,0.9138478446145947,0.946059078551986,0.8837694824533624,0.9459533477380777,0.9459533477380777,0.7560198694781773,0.9341976401680094,0.9027019168030599,0.9773757151292214,0.7961555888510778,0.9341976401680094,0.9562880686171875,0.9254740181372284,0.964240297759334,0.9508971383859763,0.9602211523225768,0.885400876353422,0.9582144552981327,0.8475930273944763,0.9562880686171875
p12_K,0.9656297232823561,0.9099641551465778,0.9109895373928905,0.9541300190655136,0.9582144552981327,0.9690033562225546,0.8970846333621981,0.8628472125712434,0.9208725034246266,0.9672758151492922,0.9505286850464207,0.9568599156354454,0.9568599156354454,0.9541300190655133,0.827655517605838,0.947442779108449,0.8283710152571047,0.9436389526644002,0.965625,0.9672758151492922,0.9659713261039601,0.785523920282214,0.9254223119773605,0.9596053879391779,0.7268627140717177,0.9436389526644002,0.9542468650366518,0.9312607396704553,0.9342541377090323,0.9151644941927575,0.9383021271292231,0.9625131050152524,0.9529828655437629,0.933230312818766,0.9582144552981327,0.0,0.9596053879391779,0.9529828655437629,0.9690033562225546,0.9978387378693494,0.7657947949058672,0.9447456538980155,0.9690033562225546,0.9784926679114252,0.9732924283946005,0.7987040029681945,0.9610366993022688,0.9181387543589392,0.7593794827875705,0.9109895373928905,0.9625131050152524,0.941218853811631,0.9436389526644002,0.9517441295565183,0.9529828655437629,0.941467276381333,0.7649822460765641,0.9582144552981327,0.8870336910138059,0.9555383641697375,0.9227150661971699,0.9281584116206856,0.9957912204911729,0.9172347260035336,0.765444373534707,0.9251090083155455,0.7771757990417105,0.9557864545102848,0.9533455271501621,0.965625,0.9564941110945048,0.942546448360206,0.9582144552981327,0.857425373791612,0.9582144552981327,0.906597867618917,0.8518092446394374,0.914140693055771,0.8893582784066543,0.9690033562225546,0.9505286850464207,0.928832793406798,0.9393458182324887,0.9436389526644002,0.9582144552981327,0.9631988949207005,0.8518092446394379,0.9414582284814823,0.9565125146369127,0.9568599156354454,0.9582144552981327,0.8298099072732107,0.9281584116206856,0.9917212152279962,0.9465829649206576,0.9906286789501815,0.9200580495551546,0.9918433141222975,0.8518367404342475,0.8508940408143368,0.8236923415849845,0.8714717093867045,0.963200230518242,0.8551170684649476,0.8330914791651216,0.965625,0.980621523520154,0.8671650851253094,0.9481608601832736,0.8592642631772311,0.6632614409621947,0.9936745866415236,0.9436186730193976,0.8308596008626401,0.9610366993022688,0.8892113101108312,0.9791100127950296,0.965625,0.9273614004407345,0.8832354238447047,0.9784926679114252,0.8856848936483535,0.9218485695187231,0.9945610690582236,0.8746515668023194,0.7988008809007463,0.9596053879391779,0.9235852575057477,0.9667798280829097,0.9302869180633686,0.8953282497576123,0.8714717093867044,0.9625131050152524,0.9690033562225546,0.6834496021196093,0.9811187570828699,0.9409672007288843,0.9507165296704021,0.9625131050152524,0.9555383641697377,0.9223215509727929,0.967275815149292,0.855574875783836,0.8310976547093887,0.7972298870089899,0.926456449323181,0.9118739328932484,0.8700853537305535,0.942546448360206,0.8012314698665085,0.7373140434256802,0.9227150661971701,0.9929303214064669,0.9022452837148789,0.9625131050152524,0.9978387378693493,0.7780708975565056,0.9293199127017768,0.882367546706716,0.8022487300267549,0.885794313904009,0.9610366993022685,0.9458674971126175,0.8373021566360079,0.9506375116316127,0.8101859061354617,0.9613364213349977,0.9172347260035336,0.9963814266559154,0.9449933732356441,0.9541300190655136,0.9568599156354454,0.941467276381333,0.842997228987133,0.879757933706885,0.7379864491056369,0.965625,0.9326468089069146,0.7983172630337141,0.906597867618917,0.9770515787970699,0.9507776441281286,0.8824024370934048,0.9568599156354454,0.9966012441338498,0.8987200406362263,0.92061363922904,0.9650079910895764,0.9517441295565183,0.9372689456075765,0.9701343557301771,0.9857542296718134,0.992355755240514,0.894643490961601,0.9227150661971701,0.9582144552981327,0.9596053879391779,0.9555383641697375,0.9181387543589392,0.9355132953311196,0.9541896299485404,0.9568599156354454,0.9582144552981327,0.9144622296650116,0.9622268329997987,0.9342541377090322,0.9582144552981327,0.862909488252414,0.9302869180633688,0.9485464508185621,0.919627204161335,0.8428722888874072,0.7376990592379751,0.9582144552981327,0.9186425876141026,0.9582144552981327,0.9835434409405948,0.9544762565836077,0.9582921810599283,0.9582144552981327,0.8121565956895018,0.9582144552981327,0.8272077382706854,0.9236430180495621,0.9312607396704553,0.8627254048875944,0.7877259137311909,0.8117728822598589,0.9555383641697377,0.9470055188469617,0.9493347822888891,0.6501387041207702,0.8967947636921045,0.9332303128187658,0.9625131050152524,0.992202279970581,0.995978827624862,0.9199574485923752,0.9952795434620394,0.9302869180633688,0.9302869180633686,0.9542468650366516,0.7605306482159555,0.9555383641697377,0.9582144552981327,0.9199574485923749,0.9582144552981327,0.8491099208008115,0.8650564954973856,0.9625131050152524,0.9404006431802039,0.8117728822598589,0.9596053879391779,0.9293199127017768,0.9481608601832734,0.8707659462994879,0.9818060040046752,0.8858340936764979,0.9610366993022688,0.7918924118684403,0.9728761310858693,0.8718586682882639,0.9568599156354454,0.9457879562525048,0.8257456842344684,0.9690033562225546,0.9334253536579322,0.9960587809365496,0.9447456538980155,0.8936031902522541,0.8249442428434909,0.9625131050152524,0.8753843628690849,0.8332650413138042,0.9803420813182646,0.965625,0.8942631579092646,0.9293199127017768,0.6782333744456288,0.9430685569314539,0.965625,0.9147196413525658,0.9812231934960488,0.9457879562525047,0.9612908916295111,0.8445057325000616,0.9610366993022685,0.9610243931286576,0.8412664651734416,0.9555383641697375,0.9610366993022685,0.7877259137311909,0.7925699855750044,0.940340909090909,0.8682040520995336,0.8806288736252947,0.9891608609192486,0.9439313629298691,0.940340909090909,0.8060296021509907,0.8189942965580148,0.9555383641697375,0.950716529670402,0.8373021566360079,0.9163339973465923,0.7039801180756776,0.942546448360206,0.9312607396704553,0.8081608912581857,0.9255134534695351,0.9048529663349028,0.8832310600312396,0.8664462932134458,0.8647169462584845,0.789704938149385,0.6388439962840045,0.9208725034246268,0.9672758151492922,0.9610243931286574,0.9302869180633686,0.7821342117290752,0.9610366993022685,0.9582144552981327,0.9625131050152522,0.9662757781656683,0.8140817399578927,0.965625,0.9457879562525048,0.8904195718012649,0.9582144552981327,0.9481608601832734,0.965625,0.9273614004407342,0.9260107308342307,0.7982230593880595,0.6155835197053362,0.9507165296704019,0.8629094882524142,0.8607445789665018,0.9481608601832734,0.9529828655437629,0.8803304081752215,0.955217505042218,0.933230312818766,0.8465089491503281,0.9517441295565183,0.9756340559373771,0.8237261571040236,0.8746365330600945,0.9610243931286575,0.8173748798116489,0.9732924283946004,0.9667798280829099,0.9564941110945048,0.8022487300267548,0.8412664651734416,0.8763974382696862,0.8039725851265414,0.9582144552981327,0.9166782713163666,0.932241742150131,0.7983172630337142,0.932241742150131,0.967275815149292,0.8727426055411927,0.9582144552981327,0.9582144552981327,0.942546448360206,0.9208725034246266,0.9283995430864388,0.9582144552981327,0.9342541377090323,0.6488589737837397,0.7348814459346102,0.9600784247075338,0.8608518199425021,0.727444287967365,0.7851377522013521,0.9493347822888889,0.8212831190502967,0.8162469428700425,0.9582144552981327,0.9839544026299674,0.758475235296645,0.8499792765287963,0.8859104594065101,0.992787606045791,0.8739440053351647,0.9610366993022685,0.8322437174658712,0.9582144552981327,0.7938344767596355,0.9352213936467462,0.9591016377439943,0.9294542188486132,0.9596053879391779,0.8227836741603323,0.9762777185243532,0.9582144552981327,0.9145417437978427,0.907403173345051,0.9582144552981327,0.992787606045791,0.8989350196516899,0.842997228987133,0.8081608912581859,0.8373021566360079,0.9582144552981327,0.8859104594065101,0.8814987207179203,0.9457879562525047,0.9017446062917726,0.8769196838878992,0.9236430180495618,0.9245757305468909,0.8194392956731849,0.9610366993022688,0.9937522140875703,0.906597867618917,0.9470055188469617,0.8788858297250925,0.7874844074533437,0.9892659537837639,0.9470055188469617,0.9625131050152524,0.8746515668023194,0.9582144552981327,0.940340909090909,0.9190462651000917,0.9480875561703543,0.9818060040046752,0.9404006431802039,0.9555383641697377,0.9621829667377355,0.9593605721085063,0.9555383641697377,0.9141406930557711,0.9582144552981327,0.7025265822012223,0.9409672007288843,0.8923809627682529,0.965625,0.9098414308144025,0.9672758151492922,0.9517441295565185,0.9470055188469617,0.9042431527295784,0.9493347822888889,0.9342541377090321,0.994974694644295,0.982971410509272,0.95941018494016,0.9447456538980155,0.9493347822888891,0.987405892261038,0.9552175050422179,0.9610243931286576,0.7657947949058677,0.8987819282972862,0.9458674971126175,0.9172347260035334,0.9818060040046753,0.9383021271292231,0.8817866859835523,0.8129069456777993,0.9370067185313316,0.7559103086883568,0.8814260230164841,0.7034709661430432,0.9362456943690349,0.9458674971126175,0.9470055188469617,0.8053800646385088,0.9818060040046753,0.9881339422948304,0.9458674971126175,0.8650564954973856,0.8990930464480498,0.9552175050422179,0.910505091375453,0.9729833541377065,0.8586395319915325,0.9625162230164763,0.965625,0.8122503262027616,0.9109895373928905,0.9640402523885963,0.8101859061354616,0.9732924283946005,0.9542468650366518,0.9625131050152524,0.965625,0.9945610690582236,0.7952728272746872,0.9212407557319795,0.9667798280829099,0.890419571801265,0.8893582784066545,0.9236430180495618,0.9542468650366518,0.8310976547093887,0.9582144552981327,0.9640402523885963,0.9582144552981327,0.9582144552981327,0.8508940408143368,0.9470055188469617,0.8024064520497921,0.9582144552981327,0.8432230388608027,0.8665150422521171,0.9814510646731801,0.9002392922528997,0.9751910379124881,0.9892903408071427,0.7990076958646928,0.9662757781656683,0.8683043280893408,0.9529828655437629,0.9904950340182073,0.964040252388596,0.932241742150131,0.9522302390583732,0.8814987207179203,0.7804031632257755,0.9529828655437629,0.9701343557301771,0.940972330503016,0.964040252388596,0.8194392956731849,0.9610366993022688,0.8537798289138621,0.9493347822888889,0.9936745866415235,0.9470055188469617,0.911790166832309,0.9927876060457907,0.9227150661971701,0.9470055188469617,0.9877180384539763,0.9610366993022685,0.9493347822888891,0.9596053879391779,0.9694025596111588,0.9196272041613351,0.8817866859835521,0.9625131050152524,0.7822955362017113,0.9542468650366518,0.8521929255346841,0.9200580495551546,0.890419571801265,0.8499792765287963,0.9465829649206577,0.9690033562225546,0.8529481410826933,0.9098414308144025,0.9199574485923749,0.8554669905576379,0.9180945689966621,0.971510747264704,0.9737004279988793,0.9582144552981327,0.9625131050152524,0.982971410509272,0.9582144552981327,0.7366542680310018,0.9493347822888889,0.9555383641697377,0.9393458182324887,0.8579085866471166,0.9254223119773605,0.8733481182086198,0.9672758151492922,0.8652529232203942,0.9141406930557711,0.8901531678626451,0.9555383641697377,0.8347988866605849,0.9923557552405138,0.98145106467318,0.740883229185921,0.9106507599689606,0.9013781987087917,0.8820350021465222,0.9255780598322527,0.9332303128187658,0.8962170259453925,0.8876589233480018,0.9383021271292231,0.9672758151492922,0.7918579992207198,0.9596053879391779,0.9900988548597919,0.987405892261038,0.9118739328932484,0.9568599156354451,0.8967259981226752,0.9161123728491164,0.9273614004407343,0.9409672007288843,0.9610366993022685,0.8586395319915323,0.9312607396704551,0.9447456538980157,0.9650079910895764,0.9945610690582234,0.9868438546677247,0.9612908916295111,0.9505286850464205,0.9667798280829099,0.9507165296704019,0.9273614004407342,0.9582144552981327,0.9610243931286575,0.8426694585966557,0.8412664651734416,0.9587907869179464,0.9582144552981327,0.9039825606517029,0.831521527823471,0.9227150661971701,0.789693589217336,0.9208725034246266,0.9973897225041901,0.9022452837148789,0.9398332948146457,0.9404006431802039,0.8399814728683522,0.8771378467726849,0.9959788276248618,0.9640402523885963,0.9410875626877444,0.7649822460765641,0.9610366993022685,0.7627282022777628,0.9690033562225546,0.998252218275079,0.9555383641697375,0.9273614004407345,0.9517441295565183,0.9411125326018255,0.9582144552981327,0.9147265833077114,0.9878402341692827,0.965625,0.9582144552981327,0.9493347822888889,0.8769282987941895,0.8713002539551249,0.9667798280829099,0.9625131050152524,0.9732924283946004,0.9667798280829099,0.9568599156354454,0.9861029598450541,0.9582144552981327,0.9542468650366516,0.971510747264704,0.9582144552981327,0.9288327934067983,0.8322781973853697,0.965625,0.9610366993022688,0.964040252388596,0.9596053879391779,0.9568599156354454,0.8967259981226752,0.92061363922904,0.9470055188469617,0.8691958391075139,0.9582144552981327,0.6934151482293016,0.9610366993022685,0.9914826481470901,0.9317063374136749,0.7856900351516105,0.965625,0.9593605721085062,0.9481608601832736,0.9302869180633686,0.9481608601832736,0.9582144552981327,0.9673847887170085,0.9893688617336196,0.8366621051547752,0.9386559485878399,0.9505286850464205,0.940340909090909,0.7593794827875705,0.955217505042218,0.9236430180495621,0.9059500308908428,0.9582144552981327,0.9582144552981327,0.9031133691845501,0.9672758151492922,0.8491179681128108,0.9542468650366516,0.8464753821068667,0.855574875783836,0.9555383641697377,0.8281074447167716,0.8565597046938576,0.9582144552981327,0.9582144552981327,0.9293199127017768,0.8930334991339011,0.987405892261038,0.989290340807143,0.8727426055411927,0.8425402875730424,0.9397068954970855,0.9371324044276088,0.6857757893392198,0.9147226721121786,0.9582144552981327,0.918138754358939,0.9625131050152524,0.9690033562225546,0.8227836741603323,0.965625,0.861092113458608,0.9582144552981327,0.9582144552981327,0.8477442002619116,0.8846149163346163,0.8543860943925798,0.9493347822888889,0.85681485111095,0.9172347260035336,0.9404006431802041,0.9922022799705809,0.9344686952739127,0.8300277862192773,0.9582144552981327,0.8138923488875741,0.8499479257057736,0.9593605721085062,0.965625,0.925607799582502,0.9186988158234664,0.9264564493231808,0.8063598505269485,0.9596053879391779,0.9283995430864387,0.9582144552981327,0.8923050495306928,0.8063598505269485,0.9625162230164761,0.7503340866377597,0.8892901999095582,0.9517441295565185,0.9217916370027819,0.7879590278077813,0.964040252388596,0.8918783860608352,0.8866989102900567,0.9542468650366518,0.8357840905673566,0.8993178757827877,0.9957912204911729,0.8461277862534453,0.9625131050152524,0.9568599156354451,0.8979178384019251,0.9411125326018256,0.9162206421071969,0.9893688617336196,0.9690033562225546,0.9162206421071971,0.9690033562225546,0.9690033562225546,0.8484509035411578,0.9342268638258988,0.9145417437978425,0.9582144552981327,0.9342541377090322,0.8518092446394379,0.9493347822888889,0.7860925850857805,0.9529828655437629,0.9568599156354454,0.9998226281102465,0.9127606676606757,0.9596053879391779,0.887014472982414,0.9845214236147153,0.8893582784066543,0.9042431527295784,0.9582144552981327,0.8298099072732107,0.9632002305182419,0.8608518199425021,0.9672758151492922,0.9447456538980155,0.9458674971126175,0.8584942110088049,0.9582144552981327,0.8392930630721884,0.818862591151581,0.9458674971126175,0.8402819095372955,0.857425373791612,0.8461277862534453,0.9625131050152522,0.8537121927533957,0.9449933732356441,0.989290340807143,0.8567149674919385,0.7978501428016825,0.8773808500958833,0.9273614004407345,0.9254223119773604,0.963200230518242,0.9163339973465923,0.7593794827875704,0.8674107520354717,0.9662757781656686,0.8135925581684307,0.9582144552981327,0.9667798280829099,0.8700853537305535,0.7366542680310019,0.9588782372193381,0.8162678987494558,0.8301944662164018,0.9582144552981327,0.8260073636615617,0.7322877430076868,0.9362456943690349,0.9582144552981327,0.8683043280893408,0.9529828655437629,0.965625,0.9470055188469617,0.9568599156354454,0.9822746502329287,0.9436389526644005,0.9506375116316126,0.9998226281102465,0.7374009961013606,0.9470055188469617,0.8108977844528872,0.9582144552981327,0.9404006431802039,0.9582144552981327,0.965625,0.7492532520172361,0.9048529663349028,0.9690033562225546,0.9393458182324887,0.9247111621301727,0.9217916370027819,0.8445057325000618,0.9582144552981327,0.8620020752690569,0.8873862636899235,0.9137421426486896,0.6678852793677752,0.9302869180633688,0.8639461643560564,0.9383021271292231,0.9372689456075765,0.9829714105092717,0.9118739328932484,0.8640532804828904,0.9829714105092717,0.9541300190655136,0.9625131050152524,0.9891608609192486,0.9829714105092717,0.9690033562225546,0.7535119131134659,0.9596053879391779,0.6770944845943567,0.9568599156354454,0.9372689456075765,0.803533083926214,0.9109895373928905,0.9673847887170085,0.9470055188469617,0.9293199127017768,0.942546448360206,0.9568599156354454,0.9493347822888889,0.8794220672691386,0.9362456943690352,0.6672982009945445,0.9608008482337905,0.9770515787970702,0.9245757305468909,0.942546448360206,0.9596053879391779,0.8714717093867046,0.8051833789629992,0.9997356383868505,0.9404006431802039,0.9982522182750793,0.9637550377043789,0.9625131050152524,0.9640402523885963,0.9357316532939288,0.9963814266559157,0.879238154944134,0.932241742150131,0.8366621051547752,0.9156983093954272,0.9868438546677247,0.9372689456075765,0.8846149163346166,0.9365592830429994,0.8587754259106984,0.9283593797331273,0.9181387543589392,0.9127656911163233,0.5851007908169092,0.9081517461023692,0.9378106311870051,0.9436389526644002,0.7559103086883571,0.9393458182324887,0.9922022799705809,0.9336708882449212,0.9611195340498857,0.9505286850464205,0.9078950156090664,0.9568599156354454,0.9309173228584983,0.9576948646187342,0.6202343224201634,0.9596053879391779,0.906597867618917,0.9404006431802037,0.9610366993022688,0.8588815312388144,0.8875631490366904,0.9609692800199943,0.8958070756300919,0.8958070756300919,0.8620020752690569,0.9458674971126175,0.8484509035411578,0.9610366993022685,0.8841024249642826,0.9458674971126175,0.9640402523885963,0.9553459570547012,0.9447456538980155,0.9593605721085062,0.9672758151492922,0.9891608609192484,0.965625,0.9075125973442777,0.9640402523885963
p12_P,0.8308387495037686,0.9432937551644589,0.6206368125816327,0.9250812961986936,0.9508971383859763,0.9635753483468392,0.833540394708475,0.8028669104368943,0.9472483006084298,0.9615452872130623,0.41671685112023005,0.9493053971730236,0.9493053971730236,0.9250812961986934,0.9592855403168913,0.9251662135150307,0.9462347596389562,0.9337692322192535,0.9596053879391779,0.953597979903762,0.8912695666285131,0.43120108940649693,0.9377253379624282,0.9525316455696202,0.44480921266889784,0.9859653849226515,0.9913221015557613,0.9192233962368055,0.9615452872130623,0.7827848981124288,0.9274978432118415,0.9692769377093196,0.9942907727414588,0.9215378731313923,0.9508971383859763,0.9596053879391779,0.0,0.9447494136270194,0.9635753483468394,0.9838585814857688,0.9027412033397848,0.9350697345319545,0.9635753483468394,0.9158139617897607,0.9462347596389562,0.9464000616947872,0.2519374759750955,0.9431134523268974,0.5024097331093753,0.9326301365954337,0.9559485503920393,0.9489650976874433,0.9337692322192535,0.9432937551644589,0.9447494136270194,0.9312172606999456,0.9312172606999456,0.9508971383859763,0.8058346231513474,0.21957597615262925,0.9091812387167526,0.8367671217737243,0.9337692322192532,0.9027412033397848,0.9577431256853024,0.8602443068685646,0.9559485503920393,0.8927560435416242,0.8157436736103338,0.9596053879391779,0.9238898933303421,0.9838585814857688,0.9508971383859763,0.8625158980695156,0.9508971383859763,0.6398179084298656,0.9975839852098576,0.9418654668890594,0.7520108196881634,0.9635753483468392,0.9418654668890594,0.9363880304285923,0.9287243013130126,0.9337692322192532,0.9508971383859763,0.9203761879341787,0.9404624926714931,0.8991917165788903,0.6500775794459992,0.9493053971730236,0.9508971383859763,0.9326301365954337,0.8367671217737243,0.9235477589143899,0.9287243013130126,0.9038035415131251,0.9301098686088418,0.6361374487275397,0.8556739741002501,0.8545251315798743,0.917002161244601,0.9542136024350834,0.9508971383859763,0.8627880798184884,0.7212777238987409,0.1490201725853415,0.6359772303187252,0.8332805056157586,0.9390829980374291,0.8647795435579986,0.9831746687645955,0.9587973377153393,0.8722711465586108,0.6256492627076073,0.1076013084133105,0.8195950362291899,0.9432937551644589,0.9596053879391779,0.9635753483468394,0.8949988213646447,0.9158139617897607,0.8892155845940946,0.9390829980374289,0.9274978432118415,0.9337692322192532,0.8218612492098365,0.13966244725738453,0.930906079306367,0.9190874378408647,0.9180790428976138,0.8769985528794617,0.9542136024350831,0.9559485503920393,0.9635753483468394,0.9462347596389562,0.8815889130882111,0.8830900737847376,0.9559485503920393,0.22153181872290717,0.947752420917731,0.7779912562124378,0.1898873839551799,0.8902048861603427,0.8759848927128513,0.8912695666285135,0.9559566851226751,0.9339037414170339,0.8782416695665332,0.9324854129452831,0.8258956469281089,0.9615452872130623,0.9500805720293444,0.723138460468594,0.8851268700668167,0.9559485503920393,0.9324854129452831,0.8985286024183268,0.9169426994374763,0.7529288879313043,0.8892155845940946,0.8722711465586108,0.9542136024350834,0.9363880304285925,0.8381090821523731,0.6377278719738118,0.9192233962368055,0.8658418182833447,0.6680233073997985,0.9287243013130126,0.9127200248974268,0.9723157551667552,0.32685519540335917,0.9312172606999458,0.8473352221942345,0.7276882348418342,0.9514665453515565,0.9596053879391779,0.8749714078758022,0.922708936151958,0.9263909248883351,0.9574754780088428,0.8922994432827853,0.9312172606999454,0.9493053971730234,0.8638069066950456,0.7276882348418336,0.8949988213646449,0.904869971893631,0.9432937551644589,0.9301863608775064,0.947752420917731,0.9070160137452734,0.7537379895670704,0.8258956469281091,0.9909799053419361,0.9508971383859763,0.9525316455696202,0.947752420917731,0.9431134523268974,0.7624155861379815,0.8954023823601893,0.9493053971730236,0.9508971383859763,0.6931510356281109,0.8550156776844486,0.9615452872130625,0.9508971383859763,0.8996699165287372,0.9180790428976138,0.998689452668635,0.9580939456561927,0.9080961023073577,0.9493053971730234,0.9508971383859763,0.8607472522091426,0.9508971383859763,0.827681783355944,0.9362857614126447,0.8715311586797313,0.9508971383859763,0.6787083545554964,0.9508971383859763,0.8352686638344538,0.9927718861206729,0.9192233962368055,0.6386708187162212,0.9542136024350834,0.8078642642936518,0.947752420917731,0.45762921009410984,0.9404624926714933,0.9091812387167526,0.8575242220571015,0.9215378731313923,0.9559485503920393,0.9027412033397849,0.8943656982526555,0.9458556185436358,0.9390983012237013,0.5528314585484423,0.9180790428976136,0.946234759638956,0.9251662135150305,0.947752420917731,0.9508971383859763,0.9059407181827079,0.9508971383859763,0.8157688865369468,0.9180790428976138,0.9559485503920393,0.929963842972795,0.8078642642936519,0.9525316455696202,0.9605807414790561,0.3327896146155028,0.8964416496516883,0.9418654668890594,0.8658418182833445,0.9542136024350836,0.8759848927128511,0.9097700783194738,0.8804734569104511,0.9493053971730236,0.9577431256853026,0.8346191856858272,0.9635753483468394,0.8996699165287372,0.8268778248611144,0.9350697345319545,0.9759091249321665,0.9132508500097023,0.9559485503920393,0.8849349368769786,0.7869450188228926,0.8659701834519902,0.1490201725853415,0.8647795435579986,0.9169426994374763,0.9363880304285923,0.9048699718936315,0.1490201725853415,0.9199154281937727,0.8499016172090268,0.9577431256853024,0.9404244238472443,0.9250812961986934,0.9542136024350834,0.967100967856847,0.8428704160376788,0.34767929968026734,0.9542136024350834,0.9736183137840242,0.7854785296038391,0.9596053879391779,0.8147113853885773,0.8597250809841577,0.607475610512801,0.8494190724813766,0.9596053879391779,0.9508971383859763,0.9324854129452831,0.947752420917731,0.9559485503920393,0.8381090821523731,0.9404244238472441,0.9542136024350834,0.9324854129452831,0.9192233962368055,0.8230465302315402,0.9124696683389528,0.9239484101648903,0.8748900904594732,0.7927144738704672,0.8715311586797314,0.9109264520435435,0.9615452872130625,0.9472483006084298,0.9615452872130625,0.5772680848886073,0.9180790428976138,0.9964480445123052,0.9542136024350831,0.9508971383859763,0.9559485503920393,0.9059407181827079,0.9337692322192532,0.1490201725853415,0.9577431256853024,0.9493053971730234,0.9508971383859763,0.4448092126688975,0.9596053879391779,0.9635753483468394,0.5354966675147219,0.7520108196881634,0.9363880304285923,0.9559485503920393,0.8692863322387208,0.7732961619759438,0.9390829980374291,0.9447494136270194,0.9387954485734966,0.9542136024350836,0.9215378731313923,0.7686369285845338,0.9432937551644589,0.9135777978424582,0.9635753483468394,0.8315400581731189,0.9215378731313923,0.8144472611771492,0.3668907135029361,0.9493053971730236,0.9705425698260028,0.8892155845940946,0.8428704160376788,0.8440510684196687,0.7588298042991855,0.9508971383859763,0.8905177901464343,0.9203761879341785,0.922708936151958,0.49394643887055856,0.9615452872130623,0.8815889130882113,0.9508971383859763,0.9508971383859763,0.9324854129452831,0.9070160137452734,0.9607529580583574,0.9508971383859763,0.9615452872130625,0.9508971383859763,0.9250812961986934,0.6761982198649465,0.8258956469281091,0.8459397716860007,0.9262837350880504,0.9404624926714931,0.7376065211990552,0.7733672596361088,0.9508971383859763,0.6219823113124672,0.9192233962368055,0.8131443083727967,0.8157436736103338,0.451753347429366,0.8739579976286458,0.9542136024350834,0.8320620122916544,0.9508971383859763,0.7869450188228926,0.9337692322192535,0.6514628364883973,0.8356947337145704,0.9525316455696202,0.7394675237721806,0.9447494136270194,0.9508971383859763,0.8995766368965674,0.840497711631859,0.9508971383859763,0.9262837350880504,0.8308387495037686,0.719974514593583,0.7637935221451875,0.8381090821523731,0.9508971383859763,0.8157436736103337,0.8927560435416244,0.9577431256853024,0.7953925200034221,0.7934200261883639,0.9102716897738725,0.9113677351409675,0.8995766368965674,0.10760130841331061,0.9016827426948624,0.9263909248883351,0.9377253379624282,0.8894000200499046,0.8780124908814331,0.653985912527831,0.9377253379624282,0.07198279492562476,0.9859653849226513,0.9508971383859763,0.9596053879391779,0.9048699718936313,0.8782940627807792,0.9418654668890594,0.5216455167346217,0.947752420917731,0.8929600567640401,0.9525316455696202,0.947752420917731,0.9998238347481486,0.9508971383859763,0.9432937551644589,0.6288373153310061,0.9070160137452734,0.9596053879391779,0.8827042327454635,0.9615452872130625,0.9432937551644589,0.9523391253205785,0.8410654073897726,0.9404624926714931,0.9615452872130625,0.871762232276418,0.9916530842778032,0.9326301365954337,0.9350697345319545,0.9404624926714933,0.5751655771252306,0.9542136024350834,0.9215378731313923,0.9027412033397848,0.6699854144167717,0.9363880304285923,0.9807840195689514,0.9418654668890594,0.9274978432118415,0.876007953269136,0.8091947986859862,0.970223137147584,0.9462347596389562,0.8794921858235665,0.6986348386128653,0.9250812961986934,0.9363880304285923,0.9377253379624282,0.7604982134870263,0.9418654668890594,0.7321276196027988,0.9363880304285923,0.5087406670022797,0.8204479852768936,0.9542136024350834,0.9127200248974265,0.7537379895670704,0.9654282935645837,0.9801945723164652,0.9596053879391779,0.8276817833559439,0.8954023823601893,0.9577431256853024,0.9637851559795012,0.9462347596389562,0.9462347596389562,0.9559485503920393,0.9596053879391779,0.9274978432118417,0.7485096816739987,0.9158139617897609,0.3268551954033594,0.9848910203339206,0.8591052725560666,0.9515217879472728,0.9462347596389562,0.9773404495327183,0.9508971383859763,0.1874942110935155,0.9508971383859763,0.9508971383859763,0.8545251315798741,0.9377253379624282,0.9215378731313923,0.9508971383859763,0.8452280645834547,0.8737714100411207,0.9180790428976138,0.9211232378692127,0.6923952854011415,0.7764613417359433,0.9070160137452734,0.9059407181827084,0.876007953269136,0.9447494136270191,0.8902416609981851,0.9577431256853026,0.9203761879341785,0.8725531803354875,0.8927560435416244,0.5392085146352589,0.9447494136270194,0.947752420917731,0.8592586391832724,0.9577431256853026,0.6801458170579183,0.1076013084133105,0.9038035415131251,0.9404624926714931,0.9350697345319545,0.9377253379624282,0.8849349368769783,0.4517533474293659,0.9091812387167528,0.9377253379624282,0.9227089361519578,0.9736183137840242,0.9404624926714933,0.9525316455696202,0.6030388381051448,0.8938767975645252,0.9375392388282306,0.9559485503920393,0.8938767975645252,0.9462347596389562,0.8065264681453893,0.7021058151674173,0.9493053971730234,0.8131443083727967,0.9778748351992477,0.8578089524354392,0.7764613417359434,0.8827042327454633,0.9059407181827079,0.7795100584131579,0.9975839852098576,0.9102716897738725,0.9215322787290985,0.9508971383859763,0.07198279492562476,0.9192233962368055,0.9508971383859763,0.930906079306367,0.9975839852098576,0.947752420917731,0.5306198259384007,0.8000054315513374,0.9377253379624282,0.840497711631859,0.9615452872130625,0.7912862007463006,0.9418654668890594,0.9040384689315533,0.947752420917731,0.9447494136270194,0.8280948589685841,0.9180790428976138,0.9363880304285923,0.8051812588818612,0.8841079446138815,0.8292063210402107,0.900633073794324,0.9873359374176983,0.8670360756633024,0.7763047460900302,0.9274978432118415,0.9615452872130625,0.9950927970641261,0.95253164556962,0.7567358838214957,0.9458556185436358,0.8964416496516878,0.9493053971730236,0.8175967654512282,0.752852853980952,0.9471168020443,0.8830900737847376,0.9542136024350834,0.9203761879341787,0.5905972465935396,0.9881361984083077,0.9444775685014402,0.4907272744395409,0.9390829980374289,0.9016827426948628,0.9418654668890594,0.9493053971730234,0.22153181872290717,0.9635753483468392,0.9508971383859763,0.9215378731313923,0.9029008905962472,0.833721548232073,0.9850988399428099,0.9508971383859763,0.9227371994724571,0.8302837275767865,0.9091812387167528,0.9250812961986934,0.5699642570336958,0.8954023823601893,0.9203333571111534,0.8221323828415268,0.9798175375448483,0.9091812387167526,0.887166534593471,0.8943656982526555,0.1874942110935155,0.5751655771252308,0.9312172606999456,0.9542136024350834,0.9621698344437761,0.9635753483468394,0.929963842972795,0.947752420917731,0.8578089524354392,0.9432937551644589,0.9312172606999456,0.9508971383859763,0.8473352221942345,0.611207852533294,0.9596053879391779,0.9508971383859763,0.9404624926714933,0.8051812588818612,0.8381090821523731,0.9493053971730236,0.9559485503920393,0.946234759638956,0.9493053971730236,0.9493053971730236,0.9215378731313922,0.9508971383859763,0.9462347596389562,0.992771886120673,0.9508971383859763,0.9363880304285923,0.8943656982526555,0.9596053879391779,0.10760130841331061,0.9577431256853026,0.9525316455696202,0.9493053971730236,0.7884016635964682,0.8949988213646447,0.9377253379624282,0.8771251090843863,0.9508971383859763,0.9927718861206731,0.9542136024350834,0.9363880304285925,0.8296106003559924,0.5476611504073785,0.9596053879391779,0.9525316455696202,0.9390829980374289,0.9180790428976138,0.8928876048824793,0.30417153187793744,0.9180790428976138,0.9238898933303421,0.9274978432118417,0.7874337192980811,0.9418654668890594,0.9593605721085061,0.9324854129452831,0.17976939219420307,0.9515217879472728,0.8782416695665332,0.9508971383859763,0.9508971383859763,0.6538440306877671,0.9615452872130625,0.8737714100411207,0.24200443589237086,0.9418654668890594,0.8602443068685643,0.947752420917731,0.8271391691662509,0.8208666450029285,0.9508971383859763,0.9508971383859763,0.9169426994374763,0.769736477661759,0.9059407181827079,0.8710592812792085,0.8815889130882111,0.9103149333798704,0.7240386905967504,0.8357036456249929,0.9350697345319545,0.8487381822088331,0.9508971383859763,0.9038035415131251,0.07198279492562476,0.9635753483468394,0.8670360756633024,0.1490201725853415,0.8670360756633027,0.9508971383859763,0.9508971383859763,0.8105182202120127,0.9136608016620084,0.8183174263542028,0.43120108940649704,0.925985371610359,0.9417626114543682,0.9299638429727952,0.6680233073997988,0.8704093710370473,0.9502541647447569,0.9508971383859763,0.918079042897614,0.8533735784330467,0.27932489451476883,0.9596053879391779,0.8902416609981851,0.8734804277999935,0.9135777978424582,0.9203761879341787,0.9525316455696202,0.6837781869428345,0.9508971383859763,0.8625158980695156,0.9895196008050117,0.902741203339785,0.6819387579874749,0.9029008905962475,0.9432937551644589,0.9486563558223771,0.7595043994261452,0.9577431256853024,0.9063218245476552,0.866858078111955,0.9462347596389562,0.8687412470205869,0.9723157551667552,0.9337692322192532,0.8487381822088333,0.9559485503920393,0.9493053971730236,0.7074261846288001,0.9312172606999456,0.9621698344437761,0.9828047536783365,0.9635753483468394,0.9180790428976138,0.9635753483468394,0.9635753483468394,0.6549953778470862,0.9850988399428101,0.8995766368965674,0.9508971383859763,0.9615452872130625,0.43120108940649693,0.9404624926714931,0.7679320245101979,0.9447494136270194,0.9848910203339206,0.98181078671843,0.8974836658533201,0.9525316455696202,0.8051812588818612,0.9203761879341785,0.8591052725560666,0.8369085204378068,0.9508971383859763,0.8954023823601893,0.9508971383859763,0.8550156776844486,0.9615452872130623,0.9350697345319545,0.9363880304285928,0.7871560431335577,0.9508971383859763,0.840497711631859,0.7764613417359434,0.9363880304285928,0.8416859998638053,0.8625158980695156,0.8487381822088333,0.1467573068242659,0.887833023463491,0.775968857010421,0.8416859998638053,0.7810179711563527,0.9926931063209248,0.8108471743294653,0.9635753483468394,0.9377253379624282,0.9136608016620084,0.6721587646289398,0.9324854129452831,0.8748900904594732,0.9059407181827084,0.7702259269497667,0.9508971383859763,0.9493053971730236,0.8782416695665329,0.9634382098178784,0.6801458170579184,0.8131443083727967,0.7898486601443382,0.9508971383859763,0.8246467578196357,0.6734945323182017,0.9250812961986936,0.9508971383859763,0.876007953269136,0.9447494136270194,0.1490201725853415,0.9377253379624282,0.9493053971730236,0.8827042327454633,0.9859653849226513,0.6761982198649477,0.9312172606999456,0.9113677351409673,0.9377253379624282,0.7670353703558734,0.9508971383859763,0.929963842972795,0.9508971383859763,0.9596053879391779,0.8692863322387205,0.9239484101648905,0.9635753483468394,0.9287243013130126,0.8967049201048769,0.9080961023073577,0.555339655152628,0.9508971383859763,0.8681619357560897,0.8568202095114825,0.7343076844988154,0.9759790834075597,0.9180790428976138,0.9692769377093198,0.9274978432118415,0.9262837350880504,0.9192233962368055,0.9339037414170335,0.7898486601443383,0.9192233962368055,0.9250812961986934,0.9559485503920393,0.643426239433737,0.9192233962368055,0.9635753483468394,0.9859653849226513,0.9525316455696202,0.6434262394337373,0.9848910203339206,0.9741270364328649,0.9363880304285925,0.9326301365954337,0.5528314585484426,0.9377253379624282,0.9169426994374763,0.9838585814857688,0.9493053971730234,0.9975839852098576,0.8475715154012993,0.5553396551526283,0.904869971893631,0.8389027479487046,0.9574754780088428,0.9113677351409675,0.9838585814857688,0.9776371308016876,0.2519374759750954,0.904869971893631,0.8974836658533198,0.4717918221625689,0.9299638429727952,0.9038035415131251,0.22153181872290728,0.10978851443704407,0.9120866389980959,0.9287243013130129,0.9040384689315535,0.9654282935645835,0.4422460342438227,0.8576768022305963,0.9390829980374291,0.9262837350880506,0.30417153187793744,0.903219063727758,0.8820731393531336,0.6089591155381724,0.9431134523268974,0.8545932950871287,0.9577431256853024,0.967100967856847,0.8800416198957273,0.9337692322192535,0.9288789627504787,0.5306198259384008,0.9417626114543682,0.8759848927128515,0.8260538048983146,0.41671685112023005,0.8494190724813766,0.9493053971730234,0.8871683719695136,0.828094858968585,0.9542136024350834,0.27932489451476883,0.9263909248883351,0.9299638429727948,0.9542136024350836,0.9404244238472441,0.900633073794324,0.8913895452939615,0.9881959173184502,0.3476792996802678,0.9288129423783751,0.9903766507571459,0.9059407181827082,0.9542136024350836,0.8961222571494829,0.3617599053002096,0.1874942110935155,0.9339037414170335,0.9587973377153391,0.9525316455696202,0.9615452872130623,0.9251662135150307,0.9596053879391782,0.8247832035705709,0.1874942110935155
p12_R,0.7691440111812085,0.8059197821682593,0.7317661902841763,0.9952662150283398,0.9428469360414604,0.964434201439255,0.9046337387878106,0.8726463241467877,0.8917716903077886,0.9552408029353747,0.8131511172044532,0.9409942357230057,0.9409942357230057,0.4274611650065676,0.9364042928805087,0.9338198267598912,0.8445385534424799,0.758133210869553,0.6225806388649321,0.8966062547807162,0.9051786368334236,0.9307015751744632,0.8805458336495595,0.9447494136270194,0.9290959183459286,0.9229109835440805,0.40845602114977475,0.9773177764454567,0.9706827259226707,0.8217189534557292,0.9156114273620615,0.9487265052554266,0.9356913183279745,0.908674345896699,0.9428469360414604,0.9529828655437629,0.9447494136270194,0.0,0.9576036838348734,0.31618969398283003,0.8867960431767519,0.9244246976009174,0.9576036838348734,0.9020120239820866,0.9919304969477558,0.6526605316883054,0.9467071200650465,0.8880325471109582,0.921416687638209,0.8782540541553359,0.9487265052554263,0.6200272442313652,0.9229109835440805,0.933997010939813,0.9356913183279745,0.9641067145740576,0.9199406273027306,0.9428469360414602,0.8071838764186421,0.9391866557097979,0.8942918945731195,0.8892764867245644,0.9229109835440807,0.8867960431767519,0.9508152934266845,0.933231303166953,0.9487265052554266,0.8658597358546523,0.8785400173833847,0.7640594707287013,0.4776997377944949,0.9888899454936778,0.9428469360414604,0.8049905346767261,0.9428469360414602,0.8722472547880544,0.930701575174463,0.9323345609629297,0.8011877477069624,0.5746236278098957,0.9832374253294531,0.9797811449693631,0.6109904888950979,0.9229109835440805,0.9428469360414602,0.38476203850550095,0.930701575174463,0.8314271579725276,0.8806765550990436,0.9409942357230057,0.9428469360414602,0.5367763125039315,0.8200643122402079,0.8367276131213963,0.9170389579782947,0.8880325471109581,0.5783531791431236,0.936913592554492,0.7973465630115684,0.8220206572416715,0.9917271981546154,0.9902930825832763,0.4068583581052807,0.7941645742787992,0.9132165197124131,0.9529828655437629,0.49227473833339475,0.771944728113338,0.9290959183459286,0.8075057145892734,0.5394187023453079,0.8439509959722644,0.9347891138321134,0.8981194480464401,0.9467071200650465,0.9392750447224357,0.933997010939813,0.9529828655437629,0.9644342014392548,0.8684114426569793,0.9020120239820866,0.6268120890070663,0.4841728059666315,0.9156114273620615,0.8036983259533204,0.775693537750211,0.9447494136270194,0.8722463878449838,0.998438082710315,0.9046484553665961,0.8568329962206249,0.9272932852315992,0.9859983918197511,0.9576036838348732,0.9374201804111677,0.7664161100040024,0.8639231957010685,0.8554481859701064,0.9487265052554263,0.9391866557097979,0.8867667273249809,0.9552408029353747,0.8024594768253053,0.7019504873874808,0.6187970273505472,0.8994092506018594,0.944869464998827,0.8223064904295261,0.9214166876382093,0.7281301321613104,0.9706827259226706,0.8942918945731191,0.7708894418562153,0.8970277449900299,0.9207232888949287,0.921416687638209,0.9855869185160225,0.6395433895827727,0.8391057200608767,0.7209623927712894,0.7807952732501602,0.927293285231599,0.8383915460579376,0.7774665781182655,0.8843363349468663,0.6661129682981466,0.8438471631147553,0.954924242646743,0.9971482141805039,0.9346457727814363,0.8397987506959195,0.9409942357230057,0.9199406273027304,0.7460123964121119,0.8910847978795922,0.7737947606942115,0.9762777185243531,0.9425880247995206,0.9290024883707132,0.8121843969645277,0.9007066431763933,0.8746424016014711,0.9033950236119617,0.9409942357230057,0.8414786365496391,0.6923019675072906,0.8402927774016273,0.8892738141520418,0.9339970109398129,0.9605059690638982,0.9391866557097979,0.926892837864771,0.7046728979089052,0.7888784557376951,0.8942918945731191,0.9428469360414602,0.9447494136270194,0.5016684287330653,0.888032547110958,0.974738527625507,0.9432506800820841,0.9409942357230057,0.9428469360414602,0.9439266994086691,0.7634578551008009,0.9552408029353747,0.9428469360414602,0.9185860740091777,0.9046484553665961,0.9669177592622797,0.9231941516290606,0.9638437528988761,0.9409942357230057,0.9428469360414602,0.8379173649093344,0.9428469360414602,0.8655346503928814,0.7793823544185217,0.6524536284783116,0.9428469360414602,0.9006456125752123,0.9428469360414602,0.8783504478125944,0.8955611203771288,0.3938087611692498,0.9203955946179487,0.9467071200650463,0.7425483722735078,0.9391866557097976,0.7845765883534517,0.9307015751744632,0.8557839418818975,0.8680911962917619,0.9484490715653735,0.9859983918197511,0.8867960431767518,0.9093468603483925,0.9004154029074704,0.9141653854079373,0.9046484553665961,0.9046484553665959,0.9374201804111677,0.5954286544189918,0.9951011472655116,0.9428469360414602,0.890520104676289,0.9428469360414602,0.8029684112946556,0.6719674299867898,0.9487265052554266,0.9184817171461355,0.7425483722735078,0.9447494136270194,0.9033258132980617,0.9731155357061645,0.5972902138623996,0.9658597103040236,0.8438471631147553,0.9467071200650465,0.5544850334640974,0.8556531508423675,0.8247319789820515,0.9409942357230057,0.9508152934266845,0.8238915917771293,0.9576036838348734,0.945109705409731,0.8390151798075178,0.9244246976009174,0.8838450146253056,0.6030347682001675,0.9487265052554266,0.829554322433923,0.8229489814879899,0.7502106230987007,0.9529828655437629,0.8075057145892737,0.9414200463913254,0.9259591224230197,0.5920889096827586,0.9529828655437629,0.8607628406648586,0.8425145421826261,0.9508152934266845,0.9870237809502926,0.9222662678337896,0.36029510906650253,0.988223797234048,0.7828888451009721,0.9489843611787747,0.9467071200650465,0.9902930825832764,0.7162832035351505,0.9762777185243533,0.7733349506503644,0.8367276131213965,0.9338198267598912,0.8770666824542336,0.9055383025924691,0.820682261830082,0.9662633710722655,0.5575829202887794,0.6596228771956387,0.803042467924812,0.8855640524750212,0.8642934878799222,0.9888899454936778,0.905980420499302,0.8198985033796716,0.8981194480464401,0.8698606290925379,0.7257864346479018,0.7502495901817803,0.8149637373842857,0.5804311995490696,0.9552408029353747,0.9620139854217533,0.9552408029353749,0.908674345896699,0.9816273853023441,0.8819514474103315,0.9467071200650463,0.9428469360414602,0.9487265052554263,0.7610390746299768,0.8948285561208531,0.9529828655437629,0.9508152934266845,0.8292303763277579,0.9428469360414602,0.9290959183459286,0.9529828655437629,0.9576036838348732,0.9896056225621922,0.9317569054629057,0.9259591224230197,0.9487265052554266,0.8124915484069641,0.7449053002842154,0.9242212627322113,0.9356913183279745,0.6405532199019054,0.9467071200650465,0.908674345896699,0.722115325565833,0.9339970109398128,0.8994092506018594,0.886472086713383,0.7362451437439128,0.7731278487539044,0.7502106230987007,0.9919304969477558,0.9409942357230057,0.9256844856602765,0.9406464348878109,0.7828888451009721,0.7842297379105647,0.6846730022527634,0.9428469360414602,0.835536366597843,0.9466508604266068,0.9290024883707133,0.9859795134306004,0.9552408029353747,0.8259410028852323,0.9428469360414602,0.9428469360414602,0.921416687638209,0.8917716903077886,0.59432167203026,0.9428469360414602,0.9706827259226706,0.9428469360414604,0.9540324564594046,0.8843363349468663,0.7888784557376951,0.8797999623621963,0.6263839437642248,0.8199747442032246,0.6857639325569056,0.7276482555137314,0.9428469360414602,0.9892292321179832,0.9773177764454566,0.7486965263003984,0.7770807006739848,0.9187407159014389,0.7664192308458133,0.9467071200650465,0.7705477907844185,0.9428469360414602,0.7180127381401402,0.9403936712046197,0.8978986056916494,0.7956096786705331,0.9447494136270194,0.7936407485097327,0.8514469453376208,0.9428469360414602,0.8831126597162942,0.8314271579725276,0.9428469360414602,0.9141982714487245,0.8233182165573516,0.9302267687191168,0.6905848474548804,0.7774665781182655,0.9428469360414602,0.8278103590286848,0.8938021067999702,0.9508152934266842,0.7526433927928733,0.7681730410097551,0.9315707757470977,0.896836857654101,0.5832361729194754,0.9467071200650465,0.9193839619667783,0.8722472547880544,0.8805458336495593,0.8620366048031782,0.9635147753060543,0.763696924329403,0.9275156757582277,0.9487265052554263,0.5758727505344876,0.9428469360414602,0.905538302592469,0.730392183326811,0.8927423390770248,0.9323345609629294,0.9944777937421576,0.9391866557097979,0.9519685966854344,0.8114113318468933,0.9391866557097979,0.9832374253294529,0.52509375916951,0.9099530649250307,0.985656769276599,0.9677437194642818,0.9529828655437629,0.8271476719118347,0.9552408029353747,0.9099530649250307,0.9285304562976127,0.8016517200444331,0.7701100080787614,0.9552408029353749,0.9279408073823006,0.905980420499302,0.7317661902841759,0.9244246976009174,0.930701575174463,0.9602082688150357,0.9467071200650463,0.988223797234048,0.9208601429117473,0.861556838206617,0.6498720808427028,0.9889883423817387,0.9323345609629297,0.9156114273620615,0.723557945843869,0.7440995115376006,0.6112668580902836,0.8445385534424801,0.9458399862610221,0.9416463105364248,0.9127986978904696,0.9259591224230197,0.9275156757582279,0.6866612162651975,0.9323345609629297,0.8883766811321634,0.9259591224230197,0.9816273853023441,0.7231257403883,0.6752940958248903,0.8751208799002066,0.9824331971815645,0.6207339565294631,0.8867960431767516,0.9529828655437629,0.9686221564032029,0.9757489930454581,0.6421812596791294,0.9773177764454566,0.40845602114977475,0.9535591865156561,0.9487265052554266,0.9529828655437629,0.7034892425039703,0.9081157632643158,0.9020120239820868,0.9984380827103148,0.9409942357230057,0.8011877477069624,0.967580431117067,0.9374201804111677,0.7019504873874809,0.9428469360414602,0.9508152934266847,0.9428469360414602,0.9428469360414602,0.7960571656361155,0.9275156757582277,0.9720014770972775,0.9428469360414602,0.7855649902102715,0.8174231212707677,0.9431379203344702,0.750260318579435,0.927761574032681,0.7825492732451298,0.9971351329787355,0.8905201046762892,0.8198704548791864,0.9356913183279745,0.903804089612796,0.9508152934266847,0.907322207422613,0.8262967737928694,0.8379173649093345,0.9156114273620615,0.9356913183279745,0.9391866557097979,0.7600289920055319,0.9135168909419202,0.683295766800269,0.9902930825832764,0.9403876986933338,0.930701575174463,0.751301273401537,0.9755002984062808,0.829554322433923,0.5428534374393064,0.8942918945731193,0.9275156757582275,0.9100373996478222,0.9467071200650465,0.9307015751744632,0.5066122636892834,0.9062030212356191,0.8391057200608767,0.9810133722710495,0.9487265052554266,0.8671351972502712,0.9374201804111679,0.8931765200204659,0.9721618040980162,0.8866742233150668,0.7486965263003984,0.954241800259903,0.6525857425357664,0.7056242388070868,0.8271476719118345,0.890520104676289,0.7092326025824339,0.9197042164521497,0.8955611203771285,0.9780690814689982,0.9428469360414602,0.9487265052554263,0.9837816225361298,0.9428469360414604,0.8722463878449838,0.930701575174463,0.9391866557097979,0.7397097306568997,0.8200643122402078,0.8325612110015055,0.7801896825720747,0.9552408029353749,0.7231257403883,0.9323345609629297,0.8497546683289099,0.9391866557097979,0.957877813504823,0.9563587051057705,0.6719674299867895,0.9326512786655545,0.9815292533466531,0.8956896346491721,0.7239742119499586,0.8462121152122815,0.6140289460792057,0.8100057955331383,0.9858432867658982,0.9156114273620615,0.9552408029353749,0.9290959183459286,0.9447494136270196,0.7793823544185217,0.9602082688150357,0.912166584917486,0.9409942357230057,0.7707017855557035,0.6943889141156923,0.9576036838348732,0.9552233758827164,0.927293285231599,0.8173772215494313,0.9773177764454565,0.9244246976009174,0.8892738141520418,0.9997442770526124,0.9290959183459286,0.885564052475021,0.9323345609629292,0.9409942357230057,0.9487265052554263,0.9576036838348734,0.9428469360414602,0.9086743458966988,0.9497858539588494,0.7828888451009721,0.5668422364124197,0.9428469360414602,0.8686701132805101,0.6744532178081024,0.8942918945731191,0.9127986978904696,0.8917716903077886,0.4717796865771835,0.9277615740326808,0.7838170961848725,0.962001961701989,0.965698798443114,0.8319526871891938,0.7030597373952188,0.9508152934266847,0.5868186642831094,0.9199406273027306,0.8642934878799219,0.9431379203344701,0.8085099719875108,0.9184817171461352,0.3898394456216373,0.9576036838348734,0.933997010939813,0.5942324127126726,0.9389176628943108,0.8492865600019238,0.9322898055713349,0.9529828655437629,0.9428469360414604,0.9805663112989256,0.7394168521934456,0.7774665781182655,0.9409942357230057,0.9487265052554266,0.9374201804111677,0.9409942357230057,0.9409942357230057,0.9086743458966988,0.9428469360414602,0.9374201804111677,0.8955611203771286,0.9428469360414602,0.6498720808427023,0.8322575381473484,0.9529828655437629,0.9467071200650465,0.9508152934266845,0.9447494136270194,0.9409942357230057,0.7197295162601615,0.8402927774016276,0.9275156757582277,0.8210898379602247,0.9428469360414602,0.8163616366631176,0.9272932852315992,0.9259591224230197,0.8186473599543365,0.7035705877911975,0.905538302592469,0.9942907727414588,0.9290959183459289,0.8259252898582857,0.6797498978624448,0.9428469360414604,0.9798831497297819,0.6406032824729612,0.9997442770526124,0.8990421269577602,0.7113453884714065,0.9762777185243531,0.9662633710722657,0.9467071200650465,0.5642940490733332,0.8492865600019237,0.9428469360414602,0.9389176628943108,0.9910409864724419,0.9552408029353747,0.7279927651852545,0.9535591865156562,0.9832374253294529,0.8547682073619645,0.9391866557097979,0.8157539143881263,0.7576515227668519,0.9428469360414602,0.9428469360414602,0.9033258132980619,0.8464878759706831,0.5868186642831092,0.7825492732451298,0.8802933878333343,0.7940357721947133,0.7504150987425129,0.800255621319889,0.9366007185429919,0.8669412593055823,0.9428469360414602,0.888032547110958,0.9487265052554263,0.9576036838348734,0.6615229298573564,0.9529828655437629,0.8100057955331383,0.9428469360414602,0.9428469360414602,0.7456411368599145,0.7024468607658534,0.7547004568044335,0.9805663112989256,0.6843931677194149,0.954924242646743,0.9184817171461352,0.8406911589432831,0.813729290847534,0.8100732598281829,0.9428469360414602,0.7874358248904114,0.7947630966537043,0.9447494136270194,0.9529828655437629,0.9038040896127961,0.8869922656107131,0.7676353688902955,0.8567058745534248,0.9447494136270194,0.9825285594046644,0.9428469360414602,0.8049905346767261,0.9353631805614123,0.8867960431767519,0.9950786342450839,0.7769517221776969,0.933997010939813,0.8930288547304028,0.6089793205846671,0.9508152934266845,0.8521143720668201,0.8450300343583832,0.9374201804111677,0.9552408029353747,0.9127986978904694,0.9229109835440805,0.7895380199912547,0.9487265052554263,0.9409942357230057,0.8603749609471993,0.9199406273027306,0.518009570115294,0.911411969661257,0.9576036838348734,0.6719674299867897,0.9576036838348734,0.9576036838348732,0.9352594849768436,0.9905174556385541,0.8831126597162939,0.9428469360414604,0.9552408029353747,0.9307015751744632,0.930701575174463,0.6592910034849625,0.9356913183279745,0.9409942357230057,0.9199406273027306,0.8806765550990436,0.9447494136270194,0.7532124306067344,0.9073222074226133,0.8011877477069624,0.7760957524830113,0.9428469360414602,0.5367763125039317,0.9428469360414604,0.7634578551008007,0.9552408029353747,0.9244246976009174,0.9259591224230199,0.7150046999655797,0.9428469360414602,0.7801896825720747,0.7056242388070868,0.9259591224230197,0.7815421982726278,0.8049905346767261,0.7895380199912548,0.9487265052554263,0.8520607368025939,0.9074695803073851,0.8071838764186421,0.8900468543966291,0.6406227204092918,0.6896902233041748,0.7305478572616388,0.784576588353452,0.9980353634264252,0.945336400066193,0.921416687638209,0.8186482473018304,0.890520104676289,0.6982304712217073,0.9428469360414604,0.9409942357230057,0.8223064904295261,0.9857574885038733,0.6832957668002688,0.7486965263003986,0.7214337734919916,0.9428469360414602,0.7620178857565232,0.9034073847232194,0.34499364786869835,0.9428469360414602,0.8198704548791864,0.7982315112540196,0.9529828655437629,0.9275156757582277,0.9409942357230057,0.8186696767722725,0.9229109835440807,0.7126671057627412,0.9475611108832886,0.9694900493913192,0.9285304562976125,0.6944403845798964,0.9428469360414602,0.9184817171461352,0.9428469360414602,0.9529828655437629,0.6835594549825221,0.8698606290925377,0.9576036838348734,0.9170389579782947,0.7110156257508031,0.893028854730403,0.9127986978904696,0.9428469360414602,0.8377233441481198,0.7986313914179708,0.6999273973719904,0.9579335751547247,0.9046484553665963,0.9207232888949289,0.9156114273620617,0.9141982714487245,0.905980420499302,0.8794637048361449,0.7469048842583317,0.905980420499302,0.9952662150283398,0.3332473625715271,0.9338198267598912,0.905980420499302,0.9576036838348734,0.9229109835440807,0.9447494136270194,0.846496131123587,0.4271234474165937,0.9141982714487245,0.9730889887268284,0.7642645032475504,0.9816273853023441,0.9275156757582275,0.9033258132980617,0.921416687638209,0.9409942357230057,0.9805663112989256,0.7882190208851403,0.6336299578512441,0.9378470937928912,0.8124915484069644,0.9007066431763933,0.9694900493913194,0.49557642771905686,0.9447494136270194,0.9467071200650463,0.8892738141520418,0.9547565271417207,0.9184817171461352,0.7333563264070364,0.9747036495324756,0.9487265052554266,0.9508152934266847,0.8580131649841523,0.9170389579782949,0.745456455529327,0.9073222074226133,0.9156114273620617,0.8343435279019364,0.43527853299267794,0.9187407159014389,0.9389176628943106,0.8161949827107668,0.5920619106694154,0.5699923005911561,0.9223484979500998,0.8856763193342405,0.9508152934266842,0.988223797234048,0.8903852777825743,0.9229109835440805,0.9374201804111679,0.9170389579782947,0.6703706602683047,0.8556531508423675,0.831416541006879,0.5077339310053113,0.8247319789820515,0.36967960042928516,0.9307703882864402,0.7568218820604937,0.9467071200650465,0.9447494136270194,0.8722472547880544,0.918481717146135,0.9902930825832764,0.885564052475021,0.8462121152122815,0.8819196544275271,0.8930698696230612,0.9391866557097979,0.8112504150761768,0.7912616797541293,0.7610390746299767,0.9467071200650465,0.8414786365496392,0.8383915460579375,0.9508152934266847,0.8794637048361449,0.47335210568935493,0.9447494136270194,0.9552408029353747,0.8464961311235872,0.9529828655437629,0.7625634770694314,0.9508152934266847
p13_H,0.8163516728240249,0.9564866901437921,0.9197374370356892,0.9425114327004687,0.9623211158059548,0.9720496894409938,0.8722678885791351,0.8487307132759605,0.9286491105644255,0.052790958159659174,0.9553906988562066,0.9610996995613952,0.9610996995613952,0.9425114327004687,0.9336842693103169,0.6712114107412733,0.9587434581480645,0.9491780856091547,0.9690033562225548,0.9704919301607371,0.9165661374366312,0.9543141322095119,0.9522137875062906,0.2326540051734195,0.953255582527178,0.949178085609155,0.9587434581480645,0.9380163966266193,0.9704919301607371,0.8323106849540625,0.9443657603723177,0.9661972965770262,0.9576036838348736,0.9397924012017989,0.962321115805955,0.9690033562225546,0.9635753483468394,0.9576036838348734,0.0,0.9481929520311925,0.9253688519211307,0.9501760208500689,0.9720496894409938,0.9354001807590555,0.9587434581480645,0.8868389261885843,0.9648659912110238,0.9261840328635953,0.9481929520311925,0.919737437035689,0.17313387011495374,0.8884227473641775,0.949178085609155,0.9564866901437918,0.9576036838348734,0.9472198404849024,0.47043906619852216,0.9623211158059548,0.8059290360431437,0.9599080294518356,0.9303105872741886,0.8747439046690526,0.9491780856091547,0.6254873296405832,0.9675743567407267,0.8697688980991498,0.9661972965770262,0.7384277708626144,0.8292427453148619,0.9690033562225548,0.9415972144812144,0.9481929520311925,0.9623211158059548,0.782593546960169,0.9623211158059548,0.9157773781681393,0.9543141322095119,0.9553906988562064,0.8689304945061074,0.9720496894409938,0.373442088480355,0.9511876099263499,0.9453068780840739,0.949178085609155,0.9623211158059548,0.9389009867184679,0.9543141322095119,0.8550872530468148,0.6446941655068895,0.9610996995613954,0.9623211158059548,0.919737437035689,0.7768546873095724,0.8923606027185707,0.9453068780840739,0.9261840328635954,0.9181483053976589,0.9165661374366314,0.7907939939476721,0.8655480930335329,0.9472198404849024,0.9648659912110238,0.962321115805955,0.8947109826062527,0.9040598105946911,0.9690033562225546,0.931147340525424,0.814096311765173,0.9532555825271782,0.7797528582489333,0.9079504174811017,0.4390189014229985,0.8568667102675334,0.9328339505740528,0.9648659912110238,0.8392586329331393,0.9564866901437921,0.09827945374704128,0.9720496894409936,0.8947109826062527,0.9354001807590553,0.6712114107412732,0.9532555825271782,0.49760595730153656,0.949178085609155,0.8185746204202071,0.9635753483468394,0.8970542565865081,0.9610996995613952,0.9371382816751241,0.905615332194182,0.9648659912110238,0.9661972965770262,0.9720496894409938,0.9587434581480645,0.7564255978266243,0.6884383316939826,0.9661972965770262,0.966197296577026,0.9599080294518356,0.8550872530468148,0.9704919301607371,0.8697688980991498,0.9048375041252172,0.6650004003137481,0.9336842693103169,0.9205349146293753,0.7614076267185659,0.9481929520311925,0.8440565830183069,0.9704919301607371,0.9303105872741886,0.7384277708626144,0.9118525638325776,0.9661972965770262,0.9481929520311925,0.9221363294762477,0.9362663130722397,0.7364958146357469,0.9149900225490741,0.804725297579278,0.9648659912110238,0.9511876099263499,0.8094833764446487,0.9237472579920247,0.9380163966266191,0.7284947426457362,0.9253688519211307,0.9453068780840739,0.7564255978266244,0.9425114327004687,0.9610996995613954,0.9472198404849024,0.8828532941996561,0.8915752582995884,0.9095092958001549,0.9690033562225548,0.7086694248546104,0.9406910117203195,0.9157773781681393,0.5730196105622355,0.9173564091624518,0.9472198404849024,0.9610996995613952,0.8954927753294004,0.8915752582995886,0.8947109826062527,0.6171066867295263,0.956486690143792,0.9434341193662401,0.3028451788013694,0.9286491105644257,0.8680892785394447,0.8207663324301318,0.5989303185983939,0.9623211158059548,0.23265400517341905,0.9599080294518358,0.6213514278373327,0.8780124908814337,0.9197374370356892,0.9610996995613952,0.9623211158059548,0.9025045192170253,0.8440565830183069,0.052790958159660284,0.9623211158059548,0.7738965054378302,0.9371382816751244,0.9157773781681393,0.8939283999593045,0.9294779121965995,0.9610996995613952,0.9623211158059548,0.7384277708626144,0.9623211158059548,0.860380696433722,0.8804415508981578,0.8780124908814337,0.9623211158059548,0.8970542565865081,0.9623211158059548,0.8722678885791348,0.931147340525424,0.9380163966266191,0.907950417481102,0.9648659912110236,0.8353231768642491,0.9599080294518356,0.9522137875062906,0.38820664002303085,0.9303105872741888,0.8459404597981655,0.9397924012017989,0.9661972965770262,0.9253688519211307,0.655181592999205,0.9278239868212359,0.9237472579920247,0.9371382816751241,0.9371382816751241,0.3225241548524257,0.9149900225490741,0.9599080294518358,0.9623211158059548,0.9278239868212359,0.9623211158059548,0.8586309929616845,0.9371382816751241,0.9661972965770262,0.9462580354121288,0.8353231768642491,0.23265400517341916,0.9362663130722397,0.953255582527178,0.9205349146293753,0.9553906988562066,0.8970542565865081,0.20446565813531903,0.9048375041252172,0.9048375041252172,0.7581058089268597,0.9610996995613954,0.9675743567407267,0.8730956945148616,2.220446049250313e-16,0.8763826688608698,0.7738965054378302,0.9501760208500689,0.9040598105946913,0.9071717080147699,0.9661972965770262,0.7512620045838893,0.8140963117651734,0.8353231768642491,0.9690033562225546,0.8730956945148616,0.9362663130722397,0.9511876099263499,0.9270023539448382,0.9690033562225546,0.8900013566415692,0.7972905325104861,0.9675743567407267,0.9245566463845687,0.9425114327004684,0.9648659912110236,0.9397924012017989,0.8047252975792779,0.9599080294518356,0.9648659912110238,0.9648659912110238,0.8505681838601363,0.9690033562225548,0.8129560940834343,0.8923606027185707,0.9149900225490741,0.8844523283713124,0.9690033562225548,0.962321115805955,0.9481929520311925,0.9599080294518358,0.9661972965770262,0.8094833764446488,0.6295192456385066,0.9648659912110238,0.9481929520311925,0.9380163966266193,0.8629791856785534,0.5838625198609824,0.6742237505107236,0.8804415508981578,0.8459404597981652,0.7708756350468666,0.9490060614215786,0.9704919301607371,0.9286491105644257,0.9704919301607371,0.9397924012017989,0.5553683337996577,0.9328339505740528,0.9648659912110238,0.9623211158059548,0.966197296577026,0.6127479292908626,0.949178085609155,0.9690033562225546,0.9675743567407267,0.9610996995613954,0.9623211158059548,0.953255582527178,0.9690033562225548,0.9720496894409938,0.9336842693103169,0.8689304945061069,0.9511876099263499,0.9661972965770262,0.7738965054378302,0.8730956945148616,0.953255582527178,0.9576036838348736,0.8820512005878682,0.20446565813531903,0.9397924012017989,0.8603806964337217,0.9564866901437918,0.9336842693103169,0.9720496894409938,0.8392586329331393,0.9397924012017989,0.830271740571741,0.9587434581480645,0.9610996995613954,0.9415972144812141,0.9149900225490741,0.8047252975792779,0.8577507109035436,0.8655480930335331,0.9623211158059548,0.8915752582995884,0.542540721071606,0.9406910117203195,0.9389009867184677,0.9704919301607371,0.7564255978266244,0.9623211158059548,0.9623211158059548,0.4604921211524192,0.6082696266282197,0.8954927753294006,0.9623211158059548,0.9704919301607371,0.962321115805955,0.9425114327004686,0.9237472579920245,0.8207663324301318,0.962321115805955,0.9434341193662401,0.9543141322095119,0.8755644359298407,0.8577507109035436,0.9623211158059548,0.9118525638325778,0.9380163966266191,0.8312943488564513,0.8292427453148619,0.9434341193662401,0.9032821743004193,0.9648659912110238,0.81522811957198,0.9623211158059548,0.8496516619740198,0.9491780856091547,0.8954927753294006,0.8739210119869605,0.9635753483468394,0.8747439046690526,0.9576036838348734,0.9623211158059548,0.9229405345355657,0.8550872530468148,0.9623211158059548,0.9434341193662401,0.8163516728240249,0.8828532941996561,0.8629791856785534,0.8094833764446488,0.9623211158059548,0.8363155310118788,0.8931449617140896,0.9675743567407267,0.8900013566415692,0.8629791856785535,0.931147340525424,0.9319883865480127,0.9229405345355657,0.9648659912110238,0.9245566463845687,0.9157773781681393,0.9522137875062906,0.7440708737294037,0.9063933734589966,0.9040598105946911,0.9522137875062906,0.966197296577026,0.9491780856091547,0.9623211158059548,0.9690033562225548,0.9270023539448382,0.7985559379258652,0.9553906988562066,0.9462580354121288,0.9599080294518356,0.8505681838601363,0.9635753483468394,0.9599080294518356,0.9553906988562066,0.962321115805955,0.9564866901437921,0.9102896363632478,0.9286491105644255,0.9690033562225548,0.7547252233507542,0.9704919301607371,0.9564866901437921,0.9522137875062906,0.8106497905453541,0.9543141322095119,0.9704919301607371,0.8118073077748235,0.9380163966266188,0.919737437035689,0.9501760208500689,0.9543141322095119,0.9278239868212359,0.9648659912110238,0.9397924012017989,0.6254873296405832,0.9087295850935582,0.9511876099263499,0.9253688519211307,0.9553906988562066,0.9443657603723177,0.8812473067855704,0.8343249892961567,0.9294779121965993,0.9587434581480645,0.7972905325104862,0.9189419416378726,0.5138109736953936,0.9511876099263499,0.9522137875062906,0.8646949616010218,0.9553906988562066,0.8900013566415693,0.9511876099263499,0.9371382816751241,0.846875198060719,0.9648659912110238,0.8852493927538772,0.8680892785394447,0.9389009867184679,0.9253688519211307,0.9690033562225548,0.860380696433722,0.6517640413322651,0.9675743567407267,0.9380163966266191,0.9587434581480645,0.9587434581480647,0.9661972965770262,0.09827945374704128,0.9443657603723179,0.870604554931679,0.9354001807590557,0.9610996995613954,0.9610996995613954,0.8689304945061074,0.594056195181146,0.9587434581480645,0.9048375041252172,0.9623211158059548,0.9675743567407267,0.9623211158059548,0.9623211158059548,0.8655480930335329,0.41509675907699617,0.9397924012017989,0.9623211158059548,0.8022882727652556,0.7677892378256611,0.9371382816751243,0.9469265748682146,0.9568784918748878,0.8559789162214919,0.6082696266282197,0.6127479292908633,0.8812473067855704,0.3407372836322805,0.6681377289013237,0.9675743567407267,0.9389009867184677,0.830271740571741,0.8931449617140896,0.9443657603723177,0.9576036838348734,0.3028451788013702,0.8250605217364744,0.9675743567407267,0.9229405345355657,0.9648659912110238,0.9261840328635953,0.3882066400230294,0.9501760208500687,0.9522137875062906,0.8876315196146518,0.9434341193662401,0.9303105872741886,0.9522137875062906,0.9406910117203198,0.9648659912110238,0.9543141322095119,0.9635753483468394,0.9362663130722397,0.8939283999593046,0.8812473067855704,0.9661972965770262,0.8939283999593046,0.322524154852428,0.8363155310118788,0.9181483053976591,0.9610996995613952,0.8312943488564515,0.9453068780840739,0.9720496894409938,0.8559789162214919,0.8860449046541112,0.6127479292908626,0.8541916441056754,0.9543141322095119,0.5940561951811458,0.9126353343364841,0.9623211158059548,0.966197296577026,0.9380163966266193,0.962321115805955,0.8970542565865081,0.9543141322095121,0.9599080294518358,0.9453068780840739,0.8747439046690526,0.9522137875062904,0.8071231748299155,0.9704919301607371,0.846875198060719,0.9553906988562066,0.9009488545209481,0.9599080294518356,0.9576036838348734,0.7881119119846212,0.9371382816751241,0.9511876099263499,0.8373021566360075,0.9110706954672416,0.8595076304199196,0.7243195312579486,0.9397924012017989,0.7768546873095722,0.8970542565865081,0.9443657603723179,0.9704919301607373,0.953255582527178,0.9635753483468394,0.8804415508981578,0.9278239868212359,0.9205349146293753,0.9610996995613954,0.8487307132759603,0.8820512005878682,0.9720496894409938,0.6884383316939817,0.9648659912110238,0.9389009867184679,0.9380163966266191,0.9501760208500687,0.6171066867295263,0.9443657603723179,0.953255582527178,0.9245566463845687,0.9553906988562064,0.9610996995613954,0.966197296577026,0.9720496894409938,0.9623211158059548,0.5357677250559745,0.9001706985868916,0.8568667102675338,0.9406910117203195,0.9623211158059548,0.9134191021410438,0.86976889809915,0.9303105872741886,0.9425114327004687,0.9286491105644255,0.919737437035689,0.9118525638325778,0.8239977917540982,0.9462580354121286,0.9303105872741886,0.8892126720780513,0.9189419416378726,0.9675743567407267,0.9278239868212359,0.47043906619852205,0.9648659912110238,0.9371382816751244,0.9720496894409936,0.946258035412129,0.9599080294518358,0.9720496894409938,0.9564866901437921,0.9472198404849024,0.962321115805955,0.8828532941996562,0.91420396482916,0.9690033562225548,0.962321115805955,0.3882066400230304,0.8282072461374005,0.8532920118076435,0.9610996995613954,0.9661972965770262,0.9587434581480645,0.9610996995613954,0.9610996995613954,0.9397924012017989,0.9623211158059548,0.3225241548524259,0.5940561951811463,0.9623211158059548,0.9511876099263499,0.9189419416378728,0.9690033562225546,0.9648659912110238,0.9675743567407267,0.9635753483468394,0.9610996995613954,0.8152281195719799,0.8947109826062527,0.9522137875062906,0.7630301393628995,0.9623211158059548,0.931147340525424,0.9648659912110238,0.9511876099263499,0.846875198060719,0.9319883865480127,0.9690033562225546,0.9635753483468394,0.4020609931601544,0.9371382816751241,0.9532555825271782,0.9623211158059548,0.5553683337996579,0.9415972144812141,0.9443657603723181,0.880441550898158,0.9553906988562066,0.9690033562225548,0.9481929520311925,0.9648659912110238,0.931147340525424,0.8828532941996561,0.9623211158059548,0.9623211158059548,0.9126353343364846,0.052790958159660284,0.8796338709830263,0.9587434581480645,0.9553906988562064,0.86976889809915,0.9599080294518356,0.845000951153192,0.8250605217364745,0.9623211158059548,0.9623211158059548,0.9362663130722397,0.8747439046690527,0.9278239868212361,0.8059290360431437,0.7564255978266246,0.8629791856785536,0.8812473067855704,0.8118073077748236,0.9501760208500687,0.7985559379258652,0.9623211158059548,0.9261840328635953,0.966197296577026,2.220446049250313e-16,0.8747439046690526,0.9690033562225546,0.8747439046690526,0.9623211158059548,0.9623211158059548,0.8333208615507239,0.962321115805955,0.827165123861132,0.9543141322095119,0.8939283999593046,0.9253688519211307,0.9462580354121288,0.9253688519211307,0.7723940797883342,0.8892126720780513,0.9623211158059548,0.9371382816751241,0.7934274222916354,0.9635753483468394,0.9690033562225548,0.9157773781681393,0.8035117733343915,0.5785266893944587,0.9389009867184679,0.9635753483468394,0.8954927753294006,0.9623211158059548,0.8714375301735617,0.542540721071606,0.6254873296405832,0.9056153321941816,0.9001706985868916,0.9564866901437921,0.9294779121965995,0.8915752582995886,0.9675743567407267,0.9025045192170253,0.7264223684273604,0.9587434581480645,0.9704919301607371,0.9425114327004687,0.949178085609155,0.8612502633673058,0.17313387011495318,0.9610996995613954,0.907950417481102,0.9472198404849024,0.9371382816751241,0.9415972144812144,0.9720496894409938,0.9371382816751241,0.9720496894409938,0.9720496894409938,0.9278239868212359,0.9406910117203195,0.9229405345355655,0.9623211158059548,0.9704919301607371,0.9543141322095119,0.9543141322095119,0.8755644359298407,0.9576036838348738,0.9610996995613952,0.9472198404849024,0.921334501588241,0.23265400517341916,0.837302156636007,0.9389009867184674,0.8689304945061074,0.852388277575679,0.9623211158059548,0.919737437035689,0.962321115805955,0.8440565830183071,0.052790958159659174,0.9501760208500689,0.9511876099263499,0.8931449617140896,0.9623211158059548,0.8550872530468148,0.8559789162214919,0.4273931164437189,0.8059290360431437,0.7825935469601689,0.7985559379258651,0.966197296577026,0.868089278539445,0.8852493927538769,0.8559789162214919,0.8532920118076435,0.9522137875062904,0.8836536494976579,0.9720496894409938,0.9522137875062906,0.962321115805955,0.9245566463845687,0.9481929520311925,0.8804415508981578,0.6127479292908631,0.8595076304199196,0.9623211158059548,0.9610996995613954,0.8828532941996561,0.8970542565865081,0.9229405345355657,0.8312943488564515,0.847805253721567,0.9623211158059548,0.8218508298411398,0.898613381330402,0.9425114327004687,0.9623211158059548,0.7646343017371665,0.9576036838348734,0.9690033562225546,0.9522137875062906,0.9610996995613954,0.8860449046541115,0.949178085609155,0.9237472579920247,0.9472198404849024,0.9319883865480127,0.9522137875062906,0.861250263367306,0.9623211158059548,0.9462580354121286,0.9623211158059548,0.09827945374704139,0.87638266886087,0.91420396482916,2.220446049250313e-16,0.9453068780840739,0.8532920118076437,0.9294779121965995,0.9425114327004687,0.9623211158059548,0.775383261466575,0.789459159182419,0.8892126720780513,0.9443657603723179,0.9371382816751244,0.9661972965770262,0.9443657603723177,0.5058803956403932,0.9380163966266193,0.9205349146293753,0.847805253721567,0.9380163966266193,0.9425114327004687,0.9661972965770262,0.9149900225490741,0.9380163966266193,2.220446049250313e-16,0.949178085609155,0.9635753483468394,0.9149900225490741,0.9610996995613952,0.5058803956403932,0.9511876099263499,0.919737437035689,0.9371382816751244,0.9522137875062904,0.9362663130722397,0.46049212115241933,0.9610996995613954,0.3882066400230304,0.860380696433722,0.9425114327004687,0.9270023539448382,0.7738965054378302,0.9345395918631998,0.9319883865480127,0.9481929520311925,0.23265400517341916,0.9648659912110238,0.9270023539448382,0.9213345015882415,0.9462580354121288,0.9462580354121288,0.9261840328635953,0.9661972965770262,0.9675743567407267,0.7014067102742694,0.9453068780840739,0.9009488545209483,0.9389009867184677,0.9443657603723177,0.7440708737294037,0.953255582527178,0.9434341193662403,0.9623211158059548,0.8788242050198838,0.9095092958001549,0.9354001807590557,0.9261840328635953,0.7494981288862403,0.9675743567407267,0.9397924012017989,0.6963559225999967,0.949178085609155,0.9587434581480645,0.9453068780840739,0.9253688519211307,0.7062885929790664,0.8218508298411398,0.9553906988562066,0.8844523283713124,0.9610996995613952,0.6771769379830352,0.868089278539445,0.9648659912110238,0.9635753483468392,0.6681377289013237,0.9462580354121288,0.9648659912110238,0.9245566463845687,0.7243195312579482,0.870604554931679,0.9599080294518358,0.9599080294518356,0.7753832614665751,0.9511876099263499,0.9278239868212359,0.9648659912110238,0.732551403531154,0.9511876099263497,0.9675743567407267,0.9205349146293753,0.9501760208500687,0.9635753483468394,0.052790958159659174,0.9149900225490744,0.09827945374704139,0.8655480930335329,0.9675743567407267
p13_L,0.7608317504438729,0.642289556714569,0.8201190864309342,0.9675603521328204,0.97998139075904,0.9861053894336533,0.9709574864473915,0.9152554304054825,0.8677481975092114,0.945305581259918,0.9110940012363834,0.9278966962971924,0.9278966962971924,0.27257501594923483,0.9082582092654381,0.8953265605968894,0.7549051807603826,0.6334069035135781,0.6997646690171255,0.8674131849162848,0.9941825170213003,0.9573422906623257,0.9923032503352314,0.9324854129452831,0.9545623789260471,0.9057994954598185,0.3874017371893127,0.9178938723744823,0.9298402628575496,0.7532946593597489,0.8968796530895522,0.9373453016197315,0.921416687638209,0.888402744132657,0.9301606414450718,0.9978387378693494,0.9838585814857688,0.31618969398283003,0.9481929520311925,0.0,0.8616681034607221,0.9076492093936457,0.9481929520311925,0.9120445952292813,0.8008431112067667,0.7033196501686763,0.9348776724743586,0.8631790748003905,0.9039735099337751,0.8512300448035051,0.9373453016197315,0.5819692243534798,0.9057994954598185,0.9193462939797008,0.9214166876382088,0.9766107126543475,0.9393902601956408,0.930160641445072,0.8194879042508123,0.925687886831601,0.8708278127936304,0.8346371316137472,0.9057994954598185,0.8616681034607221,0.9398977391608507,0.8688177308127336,0.9923551296406041,0.8490360114921609,0.9531150679749046,0.7593794827875702,0.4218266944373995,0.9417675268326104,0.9301606414450718,0.761704184745077,0.930160641445072,0.8704840658629898,0.9573422906623259,0.8681962088300326,0.7570572912227627,0.6575970967578817,0.9602126215445623,0.9889605162825019,0.6313105390382945,0.9441989622120353,0.930160641445072,0.2846554936905764,0.9573422906623257,0.7961679478198787,0.8541902695104424,0.9278966962971924,0.930160641445072,0.46408064526824344,0.7422680436176828,0.823962370856852,0.9347829309054405,0.8920984402161444,0.4482330482409025,0.8720961728433061,0.7523634768121836,0.7507878712472866,0.9489483824282393,0.9589376456981177,0.4719903667873093,0.7449206790838705,0.8964283957444481,0.942546448360206,0.4903402144400618,0.7428148021395053,0.9133573033767912,0.7647776604185776,0.4624740809036262,0.6629137170460282,0.9841210017185829,0.9372858620764024,0.9348776724743586,0.958710882346965,0.963182708910274,0.942546448360206,0.9861053894336533,0.8285391598107976,0.8802615832433558,0.5228169617439866,0.3449513367366036,0.9961208646930241,0.8254042372746634,0.6851632001502832,0.9324854129452831,0.8570520663595728,0.9752830459923438,0.8834832246395512,0.825054143773712,0.9348776724743584,0.5675662461924172,0.9481929520311925,0.9235293061149326,0.8233538596579563,0.8593655440582149,0.8426153862967792,0.9373453016197315,0.925687886831601,0.9879331425109368,0.945305581259918,0.7806525915213933,0.6792884599876813,0.5395300625609631,0.8770810709357255,0.9905080469517145,0.7828637719794271,0.9039735099337751,0.6677830396977308,0.9922673407988161,0.8708278127936304,0.6800018754437986,0.8625156829022365,0.9526350423385237,0.9039735099337756,0.9768036439884701,0.732891382874115,0.9687425290701548,0.7079531137264352,0.7894562450093554,0.9879700133881204,0.6138580586640396,0.7280707215884723,0.9435675694381715,0.7542758713644035,0.8570520663595729,0.9086749297455419,0.8986240534007517,0.8789147099104677,0.6548169508502086,0.9278966962971924,0.9393902601956408,0.8078677539469965,0.9669057621184364,0.8358962373639192,0.9425464483602057,0.8716759040414968,0.8725489602858045,0.730603643200126,0.8786664463981002,0.8737152097045737,0.986168834886946,0.9278966962971924,0.8300652029984736,0.6158098410031307,0.8048424841938349,0.8938342322827073,0.9193462939797006,0.7176782276174104,0.925687886831601,0.8677481975092116,0.6512046762044337,0.7323753884960293,0.87082781279363,0.930160641445072,0.9324854129452831,0.603099288288323,0.8631790748003907,0.9343708029079996,0.8786176172006352,0.9278966962971924,0.930160641445072,0.9666172643269233,0.7323753884960296,0.992267340798816,0.930160641445072,0.9049850794674029,0.8834832246395516,0.950266524050366,0.8978779888113962,0.9815195207917642,0.9763068251524243,0.930160641445072,0.8254879058389588,0.9301606414450722,0.8063667302240627,0.7021821604209392,0.5753085841071381,0.930160641445072,0.9767176354920497,0.930160641445072,0.9488075509959779,0.87237876929314,0.2953135125988451,0.8799640058421601,0.9348776724743584,0.7067752744916533,0.925687886831601,0.845942836075023,0.9153193686659862,0.858374195870849,0.8216572613196977,0.9889617959260069,0.7325957302550345,0.890375224309939,0.8497555614289232,0.9575945522950665,0.7451135219624092,0.8834832246395514,0.8834832246395514,0.9235293061149323,0.4699209183204295,0.9256878868316012,0.930160641445072,0.8662187967802515,0.930160641445072,0.7202228610530976,0.5326589556821024,0.9373453016197315,0.9003870625528827,0.6854017038809372,0.9324854129452831,0.8818669950401858,0.913357303376791,0.485852543217867,0.9968895860490862,0.8091858387065822,0.9348776724743586,0.5301587202395039,0.8484673641430904,0.7858276474562267,0.9278966962971924,0.9457697991278944,0.747080681892075,0.9481929520311925,0.8826325999391234,0.7708702022977241,0.9076492093936457,0.8716759040414968,0.4922601648497129,0.9373453016197315,0.7917204089301273,0.7643064205418846,0.7161383190190066,0.942546448360206,0.7869659175862751,0.9781774005616108,0.9095242312718104,0.5525368181534017,0.942546448360206,0.8891979609120881,0.8097343229079637,0.9398977391608507,0.9171653119248928,0.7243154844685653,0.48110657747425967,0.9554421119948902,0.7346965719236447,0.925687886831601,0.9879700133881206,0.9058453047843554,0.6533064423153545,0.87860911032846,0.7660338266074938,0.800485958589978,0.9217745823086676,0.871482784261519,0.9382239240989046,0.8207356119850867,0.7936743548755418,0.5559780058003154,0.6775859022341624,0.749624502995133,0.8601626471580306,0.9589376456981175,0.8314683717743773,0.8851108467483708,0.8180634316520853,0.8755049702528586,0.8409735269221554,0.679598493777029,0.8352613205724629,0.7738911443163006,0.5010272712718324,0.945305581259918,0.9565420040496802,0.945305581259918,0.8884027441326567,0.915919770177237,0.7538096788058786,0.9348776724743584,0.930160641445072,0.9373453016197317,0.8107723431911643,0.633406903513579,0.942546448360206,0.9970639700164783,0.9268729171371118,0.930160641445072,0.913357303376791,0.9425464483602057,0.591895438222727,0.9082582092654381,0.8450857932537046,0.9095242312718104,0.9373453016197315,0.7708702022977243,0.7027041675566795,0.9630274699754412,0.9214166876382093,0.5834513359977553,0.9879700133881206,0.8884027441326572,0.6723785442252603,0.9193462939797006,0.9082582092654381,0.9204037308984989,0.7204746119451817,0.608801996900592,0.6947647484082904,0.9845948329923002,0.9763068251524243,0.9366456438847295,0.8137452005735484,0.7346965719236447,0.7579855823726565,0.6365601369012152,0.930160641445072,0.8224366852123801,0.8867504707956384,0.702989900215873,0.9530379936367415,0.945305581259918,0.7873050390084446,0.930160641445072,0.930160641445072,0.9039735099337749,0.8677481975092116,0.575593949500416,0.9301606414450722,0.9298402628575503,0.9301606414450718,0.9629411142488209,0.8586624125474207,0.7323753884960293,0.9203771106130234,0.6824810499682051,0.5383826453815983,0.6282831561821728,0.6791019640865543,0.930160641445072,0.9402174056558386,0.7870588969905146,0.7142865765311988,0.7821077676960448,0.7528754052666149,0.8341357229868452,0.9348776724743584,0.7196161675207435,0.930160641445072,0.6554198825938786,0.8638037040268802,0.8300652029984739,0.7446841412994714,0.9324854129452831,0.8536087869778332,0.6301164780212256,0.930160641445072,0.8571671175052393,0.817757838786797,0.930160641445072,0.9303499958905475,0.7669276873902604,0.873812321773555,0.6436993227178551,0.7280707215884721,0.930160641445072,0.8248595927657599,0.872584117145363,0.9457697991278943,0.8315471537724388,0.9052454861192003,0.9027254843534638,0.8739376826205691,0.4682404814612412,0.9348776724743586,0.8886639795414615,0.843889913133864,0.5628734872929672,0.8209106927841567,0.7974906328567793,0.8560466872260379,0.9114262935403585,0.9373453016197315,0.6334069035135789,0.930160641445072,0.9978387378693494,0.8147821100520863,0.9820008012529058,0.9602126215445623,0.9737394147108267,0.925687886831601,0.9328833498710201,0.8620219128927744,0.925687886831601,0.7395028316109783,0.6214526147292143,0.992980876159153,0.9876024722034791,0.8066745118424044,0.9425464483602057,0.811739805176722,0.945305581259918,0.94914446122858,0.9672582712673322,0.8771545582680194,0.7905201773596353,0.945305581259918,0.96144418117483,0.9506768980005937,0.7653439416366746,0.9076492093936457,0.9153193686659862,0.9249476804218122,0.9348776724743584,0.8884027441326567,0.9764965868575897,0.8562332614445927,0.534421773653347,0.9947962922931933,0.9602126215445623,0.8968796530895522,0.6542742200625049,0.6872971503142591,0.4444136909250843,0.8467810416531495,0.8532724764630719,0.9597045567050754,0.8934425806304624,0.9095242312718104,0.9114262935403588,0.6389604266569993,0.9602126215445623,0.8659267204691325,0.9095242312718104,0.8834832246395512,0.7260287121535705,0.746568282043069,0.892061112834474,0.9808142655925162,0.6160931078960903,0.8616681034607219,0.942546448360206,0.911286960102654,0.9060051895977654,0.7171048757053846,0.9181909994949606,0.5711534589748477,0.9694672365613162,0.9373453016197315,0.942546448360206,0.5324564417508566,0.7983104945399195,0.8802615832433558,0.9763068251524243,0.9763068251524243,0.7570572912227624,0.9634189144741114,0.9235293061149328,0.5798686334888963,0.930160641445072,0.9398977391608507,0.930160641445072,0.930160641445072,0.7507878712472869,0.9114262935403585,0.9775185201428762,0.930160641445072,0.7379667423202649,0.7768964388915278,0.948356315714923,0.8056810509106838,0.9143168314046379,0.8779829631264987,0.8066745118424044,0.8955832386010321,0.7798870083823577,0.921416687638209,0.897078218592115,0.9398977391608507,0.8867504707956382,0.7375118896297228,0.8019398001857563,0.8891213824756009,0.921416687638209,0.9728091693196088,0.7185287162514709,0.939897739160851,0.5525645315904308,0.9879700133881206,0.7897885402105621,0.915319368665986,0.7409931849660873,0.9923032503352311,0.7917204089301277,0.6824810499682051,0.8708278127936304,0.9114262935403583,0.8900683556162927,0.9348776724743584,0.9153193686659862,0.5024097331093753,0.8613052569026813,0.8033919351330514,0.9835889661422075,0.9373453016197315,0.8978779888113964,0.923529306114933,0.9958668930446197,0.9082023278777083,0.8300526594266477,0.6929145667756795,0.9928993140851821,0.7232987552930357,0.6618907255388642,0.8347000573825087,0.8662187967802515,0.6878336405222059,0.7064743333669561,0.9027254843534638,0.9682266471047165,0.930160641445072,0.9373453016197315,0.9506768980005937,0.9301606414450718,0.8809851801860682,0.915319368665986,0.9256878868316012,0.7759460490570489,0.8536087869778333,0.684188922485278,0.7529881658860416,0.945305581259918,0.6831214510808625,0.9602126215445626,0.816404635849562,0.925687886831601,0.9662633710722657,0.9312898439039949,0.5002224101444177,0.8918850562014601,0.9336022679318307,0.8609382465769506,0.6746370074611966,0.8120757404207612,0.7093610486939419,0.7678326855976576,0.8318174538959865,0.8968796530895526,0.945305581259918,0.995767454475303,0.9324854129452833,0.7247658270648496,0.9543121222425925,0.8527082022594992,0.9278966962971924,0.6789958761224524,0.6061360361926784,0.9861053894336532,0.9106603153163204,0.9589376456981175,0.6492368693166419,0.9506768980005937,0.9076492093936457,0.8646958665161868,0.9247878765480753,0.9545623789260471,0.8886639795414619,0.9173148291382112,0.9763068251524243,0.9923551296406039,0.9481929520311925,0.930160641445072,0.9219224280637734,0.966556799484175,0.7346965719236449,0.4656072161179715,0.9301606414450722,0.8395187517114715,0.6462740030848939,0.8708278127936302,0.8934425806304624,0.8973461330227006,0.464080645268244,0.8625156829022362,0.7165714305955633,0.9895844092102013,0.9610938099054707,0.794651139926638,0.6058447760967869,0.9398977391608507,0.5171279249833607,0.9393902601956408,0.7996606229568315,0.9867705932097052,0.526193779687572,0.9003870625528827,0.5088567233123078,0.7232987552930358,0.919346293979701,0.6511847627585863,0.8705563612990551,0.8510751843250228,0.8935849837824916,0.9425464483602057,0.9301606414450718,0.9573422906623259,0.7029541149985301,0.7280707215884723,0.9763068251524243,0.9373453016197315,0.9694672365613164,0.9763068251524243,0.9278966962971924,0.9219224280637733,0.930160641445072,0.9235293061149326,0.9027254843534638,0.930160641445072,0.4947036311480012,0.8236046410865028,0.942546448360206,0.9348776724743586,0.9398977391608507,0.9324854129452831,0.9278966962971924,0.6789958761224524,0.8048424841938346,0.9114262935403583,0.7813770585443964,0.930160641445072,0.7027672198623278,0.9589376456981176,0.9095242312718104,0.7376305244375809,0.6974689360615411,0.5805350414762362,0.9838585814857688,0.9133573033767914,0.6624051378328466,0.7157970166799061,0.9301606414450718,0.9159197701772372,0.7307180641057973,0.9682126412345016,0.9957698267917752,0.78240062401733,0.9978387378693494,0.9795615437314458,0.9348776724743586,0.3993000692590907,0.8283380468764907,0.930160641445072,0.97998139075904,0.9421945188662542,0.945305581259918,0.7949380756610561,0.9845948329923001,0.7824006240173305,0.8026938763442284,0.925687886831601,0.7555676016930958,0.7252504185499431,0.930160641445072,0.930160641445072,0.8818669950401858,0.8313406383058033,0.4583990413418001,0.7483276205739182,0.8331098744594561,0.73088137718497,0.7221748726491212,0.7677548316298355,0.897152120806206,0.82979589797912,0.930160641445072,0.8631790748003907,0.9373453016197315,0.9481929520311925,0.6309273002575329,0.942546448360206,0.7678326855976572,0.930160641445072,0.930160641445072,0.6891809709913195,0.6214526147292148,0.7002511927790438,0.9573422906623259,0.5588272025381219,0.9190823451591559,0.9003870625528827,0.9086749297455424,0.7723826870556425,0.6716100851541036,0.9301606414450722,0.8570244110589611,0.7492065571164641,0.9838585814857688,0.942546448360206,0.8970782185921149,0.8662379772843465,0.6240847157888749,0.8812431992605014,0.9324854129452831,0.9489333724986961,0.930160641445072,0.7838168606209897,0.9806744835221558,0.8616681034607221,0.975266275499042,0.6995245778216352,0.919346293979701,0.8692844153563801,0.5455906567800701,0.9398977391608507,0.8192881242230783,0.8106312724801406,0.9235293061149326,0.9922673407988161,0.9281918474396416,0.9441989622120355,0.7428216675369566,0.9373453016197315,0.9278966962971924,0.8293823202072204,0.9393902601956408,0.6624051378328457,0.891748039632827,0.9481929520311925,0.7272782289082171,0.9481929520311925,0.9481929520311922,0.7520434595496028,0.8900683556162927,0.8571671175052391,0.9301606414450718,0.945305581259918,0.9153193686659862,0.915319368665986,0.6505929069172045,0.9662633710722657,0.9278966962971924,0.9766107126543475,0.854190269510442,0.9324854129452831,0.8267070864407603,0.8867504707956384,0.7570572912227624,0.7263956130916429,0.930160641445072,0.464080645268244,0.97998139075904,0.7323753884960296,0.945305581259918,0.8971521208062062,0.9095242312718106,0.7741942980566063,0.930160641445072,0.7313982749191232,0.6618907255388641,0.9095242312718104,0.733051009215758,0.7617041847450772,0.7428216675369564,0.9373453016197315,0.7994460081487622,0.8789147099104677,0.7762694567332853,0.7546385246516683,0.5628734872929673,0.6002988071239432,0.7232987552930358,0.845942836075023,0.6214526147292145,0.9456666443083237,0.9039735099337749,0.7783935067691208,0.8662187967802517,0.6312465358534836,0.930160641445072,0.9763068251524243,0.7828637719794269,0.9767176354920497,0.5525645315904306,0.6929145667756795,0.6810657669964666,0.930160641445072,0.7091928751472185,0.9084770266210371,0.27257501594923483,0.930160641445072,0.7798870083823577,0.6301164780212252,0.942546448360206,0.9114262935403585,0.9278966962971924,0.7749756551191185,0.9057994954598185,0.7734152409259925,0.9489483824282393,0.9351653085231246,0.7246274008827152,0.6483587193679008,0.930160641445072,0.9003870625528827,0.930160641445072,0.942546448360206,0.6032603709104436,0.8409735269221552,0.9481929520311925,0.8986240534007519,0.6684233990250251,0.8692844153563803,0.9281918474396416,0.930160641445072,0.8139730754420303,0.7758753127430553,0.6251980177698201,0.9961208646930241,0.8834832246395519,0.9923551296406039,0.8968796530895524,0.8951528182413431,0.9178938723744823,0.8527082022594992,0.702531247094915,0.9178938723744823,0.9281918474396416,0.45754659015067256,0.8688785388851108,0.9178938723744823,0.9481929520311925,0.9057994954598185,0.9324854129452833,0.7344011354382145,0.49118175744002457,0.9303499958905475,0.8521669136961134,0.8475066588280644,0.8834832246395514,0.9114262935403583,0.8818669950401856,0.9039735099337751,0.9278966962971924,0.9993652126586654,0.8063667302240627,0.55056915042267,0.9521109638157486,0.7932226818260038,0.8786664463981,0.904551495571847,0.4157341858871898,0.9838585814857688,0.9348776724743586,0.8938342322827073,0.7852239429627959,0.9003870625528827,0.5494702962625375,0.9788565364634063,0.9373453016197317,0.9398977391608507,0.85156381465942,0.8986240534007521,0.623165730117846,0.91989423221619,0.8968796530895524,0.8209106927841567,0.46856656338437075,0.9640584711618396,0.9301606414450718,0.8203709025442092,0.5040642398906785,0.4840781770381316,0.8920984402161445,0.8626140702215399,0.9398977391608507,0.9219224280637734,0.8799640058421601,0.9057994954598185,0.9235293061149326,0.9205815590758039,0.7077250838010232,0.8484673641430909,0.8411073862873344,0.6108094543919245,0.8086736186750436,0.44277162858479313,0.9511441322944284,0.6731786488303055,0.9348776724743584,0.9324854129452831,0.8704840658629895,0.9003870625528827,0.6403836002155462,0.8886639795414615,0.8120757404207612,0.8203869582658743,0.932948265704376,0.9728091693196088,0.7916633247069988,0.8124487711907676,0.6345856922664819,0.9348776724743586,0.8062915690984294,0.8918850562014599,0.9398977391608507,0.8527082022594992,0.6238739830859983,0.9647682499737457,0.945305581259918,0.8930892657088835,0.942546448360206,0.7678427065836787,0.9398977391608507
p13_M,0.7240551445538936,0.8838135174053028,0.5070195300756495,0.8631636377692762,0.8993922310882434,0.9752737206364959,0.9113034991034676,0.9060583503416717,0.8094833764446472,0.9212094218042226,0.8808870709207712,0.896130882831621,0.896130882831621,0.8728920970887104,0.869217079245456,0.7850287704400711,0.9596253481255901,0.6690294376269559,0.9625162230164763,0.9212094218042226,0.3086461183819036,0.8347141576053576,0.9433011034543322,0.9417626114543682,0.9057276216233506,0.8642985447139284,0.9945183240274951,0.83449531009486,0.9686270243184087,0.7822045155631272,0.9598134703026913,0.9097421633544904,0.5681783610633181,0.9316182412138079,0.9372344714402789,0.7657947949058672,0.9027412033397848,0.8867960431767519,0.9253688519211307,0.8616681034607221,0.0,0.866963168156325,0.9253688519211307,0.827509656271578,0.9247323722236849,0.3754572006158251,0.9465146323386673,0.8029012821767434,0.7364322046502403,0.7856879905096839,0.9097421633544902,0.577220509454198,0.8642985447139284,0.8838135174053028,0.8867960431767519,0.5472295829929668,0.7451298011037566,0.8993922310882436,0.7772501065311836,0.8929489608197005,0.8139197462693823,0.9023474946073995,0.8440314442491264,0.5887351778656122,0.5655213125623308,0.752716274645284,0.923123045430608,0.7862279856886558,0.6765952976004881,0.9172347260035336,0.8701259118167615,0.5354823587057223,0.8993922310882434,0.6567206399103713,0.8993922310882436,0.45728347965178073,0.7708756350468663,0.728107512300141,0.6667424175474765,0.9253688519211309,0.8808870709207715,0.9794926266231159,0.8539618916939773,0.6398624365232616,0.8993922310882436,0.862032222711425,0.9737702747191701,0.9410429151814645,0.8531576121416977,0.8961308828316217,0.8993922310882436,0.9230739297313353,0.5056565477927686,0.748251959191804,0.8814270131992583,0.8248675029173149,0.971935524415854,0.45084469305648156,0.6432647920241732,0.7240933893941963,0.8016727205639821,0.9868418685480091,0.8993922310882434,0.9528539717720055,0.9130373620729507,0.9172347260035334,0.8392043814442112,0.5985493951868366,0.8751860185986184,0.6780016524562344,0.9192130655608859,0.866963168156325,0.6835306018343565,0.8508550668339614,0.9061873961293254,0.6032893063297267,0.9504069818881509,0.9172347260035334,0.675392198355947,0.718863937786931,0.8516510109329345,0.8854741077979714,0.9377821213923416,0.8514489788174839,0.9898664497675986,0.9469562077295824,0.9417626114543682,0.7251207994787032,0.896130882831621,0.8321506231964104,0.7479800410617923,0.8115219504052799,0.9515258611582158,0.9253688519211309,0.6216589410515477,0.7845215815680193,0.7604610718492963,0.7977719520194324,0.9097421633544904,0.8929489608197005,0.5177904987068875,0.9212094218042224,0.9536184953670948,0.6122099678994208,0.9586967454656924,0.8229279382562937,0.8087510315013655,0.6872022896103362,0.8616681034607225,0.5376937752368182,0.9365377706532191,0.8139197462693823,0.8756599077526788,0.5468021592792689,0.9933095589619414,0.8616681034607232,0.8685927530338814,0.7312519156265725,0.7347164777877544,0.9457413102127116,0.8478207065909875,0.9325036590333067,0.8696642492046922,0.6082696266282193,0.4727046440572198,0.7670897636607661,0.8887302177310394,0.8285902503293809,0.8164566502426576,0.710996140742082,0.8464976705745091,0.8832444469048482,0.9721556015951158,0.928987875923214,0.8704998336661087,0.8150782129360689,0.9625162230164761,0.8566337700013895,0.8750215518018308,0.8612847575900697,0.9835323482333367,0.9223489632231419,0.9995729386747716,0.896130882831621,0.775124496442544,0.9949510511674056,0.7728616379373332,0.8272188776420608,0.883813517405303,0.848961370039967,0.9287407729092756,0.9893365027100924,0.7012814311789677,0.6324262396262956,0.8367741299372242,0.8993922310882436,0.902741203339785,0.892948960819701,0.8029012821767436,0.6268472486201067,0.8064907104924688,0.896130882831621,0.8993922310882436,0.495631968589327,0.7951478053394114,0.9212094218042226,0.8993922310882436,0.686903061091894,0.8321506231964102,0.7751140922654685,0.7167743351943231,0.4403616712071059,0.6626197766413183,0.8993922310882436,0.7146824480374379,0.8993922310882436,0.8086645392756111,0.6330842933065948,0.6438930063770409,0.8993922310882436,0.874945067015586,0.8993922310882436,0.6680870195677051,0.9083555504463323,0.83449531009486,0.4197501648546963,0.6502130055679132,0.546802357139553,0.8929489608197003,0.9031200523835075,0.8780124908814337,0.8889732660486707,0.9143820050551712,0.8806972914765079,0.8395556498231578,0.822529644268775,0.8042393336636018,0.7020255141987615,0.8381549418636025,0.8321506231964102,0.83215062319641,0.8898393963217794,0.9055631752695515,0.9287407729092756,0.8993922310882436,0.8072801833126313,0.8993922310882436,0.8859121672835599,0.8814261386926308,0.9097421633544907,0.8565016117177142,0.5468023571395529,0.9027412033397848,0.8298223478885358,0.8431315188296264,0.9762203663506988,0.8584426512265035,0.725120799478703,0.9061873961293254,0.9331534170286986,0.5366938622219417,0.6914719293267231,0.8961308828316217,0.9134191021410443,0.5635914236562894,0.9253688519211307,0.8227288628986869,0.8397070881245359,0.9262698231600373,0.8425470722836177,0.9801246404056905,0.9097421633544907,0.6999608043233629,0.6148737379624092,0.7875758667501518,0.9172347260035334,0.6611481652587345,0.8542071110265863,0.7381436279476095,0.8714840103823689,0.9172347260035334,0.7104005526773585,0.6649021388149303,0.9997376336428517,0.37879360338307455,0.8367692112550748,0.9061873961293254,0.8297763417392083,0.6506725808830305,0.9645325849988506,0.6905402417772541,0.932503659033307,0.5005672151570704,0.9625162230164763,0.7806838640472349,0.7125881023514389,0.443514623423211,0.6914719293267229,0.9016392859446953,0.7600276057434354,0.9086749297455423,0.8929489608197012,0.9097421633544907,0.6082696266282197,0.8418533304885532,0.972830895242649,0.5641894795549383,0.83449531009486,0.4884401893308067,0.8206574710503429,0.7709128636729372,0.9209161909019579,0.8575985762239458,0.9640545652134744,0.9676383461817981,0.9365377706532191,0.8094833764446476,0.9686270243184087,0.8806972914765075,0.8321506231964104,0.7570015062294773,0.9061873961293252,0.8993922310882436,0.9097421633544893,0.8295844697893859,0.7565304409380423,0.9172347260035334,0.9134191021410443,0.9329016612088761,0.8993922310882436,0.8751860185986187,0.9172347260035334,0.9253688519211309,0.8939713957558897,0.6813372715145587,0.6778063782787327,0.951525861158216,0.669924835866045,0.4624705004712918,0.8751860185986184,0.8867960431767521,0.48787208019267625,0.9061873961293254,0.8392374849683437,0.48196385028150623,0.883813517405303,0.8229279382562935,0.9253688519211309,0.5681973669539688,0.9061577663451575,0.5602903822246854,0.9596253481255899,0.8961308828316217,0.8701259118167615,0.7448506354969116,0.6178145599317044,0.6201749624119763,0.4449230973162571,0.8993922310882436,0.7104911254501549,0.8368572865027599,0.7977465835198998,0.8368572865027599,0.9212094218042226,0.6936002001320853,0.8993922310882436,0.8993922310882436,0.8616681034607223,0.8094833764446476,0.8456640466850949,0.8993922310882436,0.9212094218042226,0.5708164039832568,0.783980358226672,0.3652192623494599,0.583609769912361,0.9750767117923149,0.7767535972141535,0.8780124908814335,0.4002426184463618,0.47534958836762287,0.8993922310882436,0.4877824273663913,0.7919906965510393,0.5576250850342466,0.5954130160183264,0.8756960152361011,0.9960965527181851,0.6502130055679121,0.5960903363326331,0.8993922310882436,0.5036117521566971,0.8934655458176233,0.9015283153999989,0.6106613434871426,0.902741203339785,0.4210856967070786,0.9208601429117476,0.8993922310882436,0.7942406984776218,0.6294621534808189,0.8993922310882436,0.8489613700399667,0.609923721835467,0.380196163182851,0.4553298456993048,0.6082696266282195,0.8993922310882436,0.9337297508051359,0.7146824480374376,0.913419102141044,0.953753803912704,0.786433282014328,0.816153991776837,0.8183996995703315,0.7787603748521126,0.9465146323386673,0.8202046342072096,0.7751140922654685,0.9031200523835075,0.7083913458136033,0.964335019764566,0.5041255198542514,0.8724042835510757,0.9097421633544902,0.8148644431454315,0.8993922310882436,0.9625162230164763,0.6637320958443959,0.844223445775544,0.9134708556523616,0.856501611717714,0.8929489608197005,0.9089472837909882,0.9807840195689514,0.8929489608197005,0.9134708556523621,0.8993922310882434,0.9504069818881509,0.4797826570211138,0.8757736525908242,0.9172347260035336,0.6957243255975112,0.9212094218042226,0.8838135174053026,0.9031200523835077,0.6712917616706875,0.9304719414430941,0.7942849631106607,0.726353453060453,0.8593962429851332,0.8272934304752528,0.8669631681563252,0.5793600673713917,0.7243298006755159,0.9465146323386673,0.7533949171332575,0.8722002635046113,0.8963381430080475,0.8696642492046924,0.8443346508563903,0.8808870709207715,0.8514489788174839,0.9923650074228723,0.9066696825742984,0.9843194448435614,0.9247323722236849,0.9459986899312671,0.8856292980019316,0.8464976705745091,0.8696642492046924,0.8724042835510759,0.4484229932458115,0.8808870709207715,0.6043440337057997,0.8696642492046927,0.8968340415743794,0.8681591602101821,0.9465146323386673,0.8019175221780157,0.5510649192752108,0.9627319675460853,0.8225296442687748,0.9172347260035336,0.9768742761718893,0.8272934304752533,0.913419102141044,0.9589999745462268,0.9247323722236849,0.796123820561073,0.9097421633544907,0.9172347260035334,0.8785401016887857,0.44000060326744084,0.30340157591959305,0.9935567820366138,0.6993905550185731,0.6667424175474768,0.885305160778959,0.8898393963217797,0.8010002320931142,0.8993922310882436,0.9134191021410447,0.8993922310882436,0.8993922310882436,0.6409950380652423,0.8724042835510757,0.8297763417392077,0.8993922310882436,0.6225254357812648,0.6786059897480645,0.8321506231964103,0.9565666448952859,0.4484359394244736,0.6623544023532588,0.9432185749403659,0.8072801833126309,0.6829140837866345,0.8867960431767519,0.9016848853838988,0.9134191021410443,0.8368572865027593,0.6739331244874189,0.7146824480374374,0.8505486695981964,0.9208601429117473,0.9287407729092756,0.939125668590028,0.9134191021410443,0.9068600528531929,0.9061873961293254,0.8895716274552529,0.8780124908814333,0.866963168156325,0.6668591839624435,0.7350227544624499,0.8489613700399667,0.8139197462693821,0.8724042835510755,0.8673952205917312,0.9061873961293252,0.8780124908814337,0.902741203339785,0.8785918741646352,0.7347164777877544,0.4403082992440227,0.9097421633544909,0.47582924810126304,0.8898393963217801,0.7253046665497846,0.6020059989062481,0.9567860036593587,0.5738585769248967,0.651665921210977,0.9253688519211307,0.49821768209907713,0.695724325597511,0.8072801833126311,0.5045408421778385,0.9943104640015845,0.8161539917768375,0.806270742238774,0.8993922310882436,0.9097421633544902,0.8593962429851334,0.8993922310882434,0.29322269100727694,0.8780124908814333,0.892948960819701,0.8539618916939773,0.5225707180099061,0.9031200523835077,0.6130631660228902,0.7942849631106608,0.6429761873951623,0.9134708556523621,0.7540279229760958,0.8929489608197005,0.954924242646743,0.6978525212060054,0.979977169685071,0.7381436279476095,0.5737675329787864,0.7625466063740527,0.5017466098379477,0.7475897054345031,0.941079384442943,0.6824632817846037,0.4568321092596127,0.8514489788174839,0.9212094218042226,0.686641261845319,0.902741203339785,0.7531610860196768,0.8295844697893859,0.7878173646451985,0.8961308828316217,0.5229479396416787,0.4017192333456425,0.9748214106481392,0.7799420018782599,0.9061873961293252,0.8358685427845953,0.9839009074365002,0.5399702818065544,0.8272188776420615,0.9869045931739928,0.8751860185986184,0.8334162252912936,0.5651885886421899,0.896130882831621,0.9097421633544902,0.9752737206364959,0.8993922310882436,0.8646979598369935,0.28929041507805,0.6178145599317044,0.867395220591731,0.8993922310882436,0.7688171730588842,0.4436748424674718,0.8139197462693821,0.7839803582266721,0.40365919614402745,0.8897015904236056,0.7843075457081254,0.8035245847828707,0.8370598945955989,0.8661188823808285,0.7041826974355048,0.6995504770012496,0.9568407342490963,0.8741930427428961,0.7451298011037565,0.9061873961293254,0.8229207683300495,0.9253688519211305,0.8843596565983227,0.8929489608197012,0.9253688519211307,0.5501420344904885,0.8590697626746646,0.8993922310882434,0.552900153406334,0.4498286797141384,0.9172347260035336,0.8993922310882434,0.8780124908814335,0.5575287039520801,0.6246411864244394,0.8961308828316217,0.9231230454306082,0.8898393963217794,0.8961308828316217,0.8961308828316217,0.8392374849683436,0.8993922310882436,0.8898393963217797,0.8161539917768377,0.8993922310882436,0.9493240017886778,0.9903181546642816,0.9172347260035332,0.9465146323386673,0.9568407342490963,0.902741203339785,0.8961308828316217,0.6534607876454835,0.7368631711703988,0.8724042835510755,0.6850605900757982,0.8993922310882436,0.8380901632125554,0.9061873961293254,0.6778063782787332,0.5911358571865422,0.9258143453563904,0.9172347260035334,0.9417626114543682,0.8751860185986184,0.8321506231964106,0.8751860185986184,0.8993922310882436,0.8321506231964104,0.8701259118167615,0.9589131610834035,0.6979164330062348,0.8910264359580943,0.9172347260035336,0.7651393254994574,0.9465146323386673,0.839204381444211,0.7044726886326849,0.8993922310882436,0.8993922310882434,0.462122036114065,0.9212094218042226,0.3799655377440544,0.8898393963217797,0.8808870709207715,0.6522651642843793,0.8929489608197005,0.5861313618627166,0.5733887581026955,0.8993922310882436,0.8993922310882436,0.8298223478885363,0.9023474946073996,0.8295844697893857,0.7280090904549308,0.6936002001320851,0.47188501751505596,0.6466089150015149,0.6361256527972219,0.7178902468176886,0.6460349533413543,0.8993922310882436,0.8029012821767434,0.9097421633544902,0.9253688519211307,0.4210856967070786,0.9172347260035334,0.6655491115674659,0.8993922310882436,0.8993922310882436,0.5684795164242173,0.9750767117923147,0.584435729534583,0.9623912027223394,0.42200282032096825,0.34888010540184444,0.8565016117177149,0.8007246376811596,0.7061267603317403,0.5202487706924301,0.8993922310882436,0.7243697373376097,0.638717060576008,0.9027412033397848,0.9172347260035334,0.876114411750041,0.8042497517204943,0.8229279382562935,0.8106936065759303,0.902741203339785,0.5386833435027074,0.8993922310882436,0.6567206399103713,0.9879069037547501,0.8225296442687748,0.9486795719980374,0.5843145537946726,0.8838135174053028,0.8116963900427683,0.845040240616642,0.913419102141044,0.7380960105019749,0.7272030331944248,0.8898393963217797,0.7468673605964745,0.8464976705745091,0.8642985447139286,0.7286134918556,0.9097421633544904,0.8961308828316217,0.754215037823528,0.8873412224047772,0.9060638964407408,0.8701259118167615,0.9253688519211309,0.8814261386926308,0.9253688519211309,0.9253688519211307,0.9027640924895547,0.8416368978310877,0.794240698477622,0.8993922310882436,0.7942849631106605,0.9304719414430938,0.8780124908814335,0.8408326334400119,0.5681783610633193,0.896130882831621,0.8590697626746644,0.8110207847631994,0.902741203339785,0.5818133576324982,0.8620322227114245,0.9341969040861282,0.9003150628912607,0.8993922310882436,0.9230739297313353,0.9750767117923149,0.7137870224828535,0.9212094218042226,0.866963168156325,0.8696642492046913,0.8381579416424484,0.8993922310882436,0.6130631660228902,0.4818040100736587,0.8696642492046918,0.615444028528344,0.6567206399103713,0.6295192456385053,0.9097421633544902,0.6477803505714199,0.7283920813520781,0.5638723702007498,0.6550101825418975,0.9645515900483714,0.9298137044599376,0.9752737206364959,0.9433011034543322,0.9372344714402789,0.9500968118952713,0.947789466008373,0.6807626054757943,0.8295844697893859,0.4852676058267922,0.8993922310882434,0.8961308828316217,0.6872022896103362,0.3114015152575367,0.8369405911446481,0.5576250850342466,0.5259383632964405,0.8993922310882436,0.581074960875104,0.2822013117516262,0.8464976705745091,0.8993922310882436,0.6829140837866348,0.8867960431767519,0.9172347260035334,0.8724042835510757,0.8961308828316217,0.6066808814866509,0.8642985447139288,0.8393889130131176,0.8590697626746646,0.8560545394273147,0.851153796957036,0.47863253840763953,0.8993922310882436,0.8843596565983225,0.8993922310882436,0.9172347260035334,0.8546848578101793,0.7709128636729377,0.9253688519211307,0.8539618916939773,0.7368679815229962,0.8116963900427685,0.7575859317124709,0.8993922310882436,0.6846858119514416,0.6621927996433601,0.9685810605737077,0.715093055241687,0.60118094859706,0.9097421633544907,0.6880019323703828,0.8489613700399672,0.83449531009486,0.7878173646451987,0.5096338743366647,0.83449531009486,0.6256137991414643,0.9097421633544907,0.443514623423211,0.83449531009486,0.9253688519211307,0.7273634398343477,0.9027412033397848,0.8252069053832315,0.896130882831621,0.8489613700399672,0.9191553769542391,0.8064907104924686,0.6011809485970603,0.9031200523835075,0.8298223478885367,0.8616681034607223,0.896130882831621,0.8780124908814335,0.6436943973121516,0.8464976705745091,0.2653459011816256,0.8397070881245363,0.8491187520150887,0.39098916656681026,0.9764965868575897,0.9027412033397848,0.9061873961293254,0.9821468422331385,0.8940214235873112,0.856501611717714,0.8927759843568143,0.9127323858796015,0.9097421633544902,0.9134191021410445,0.7500575175436119,0.8814270131992585,0.8017797196977179,0.8620322227114252,0.9047309153408,0.7083913458136029,0.9996217758139353,0.8489613700399679,0.8993922310882434,0.9497378827998033,0.6405828047436546,0.827509656271578,0.8248675029173147,0.8584716314150785,0.869472737318695,0.8043158668705579,0.7542150378235286,0.8642985447139284,0.6565519169534533,0.9088921347045378,0.8661396574440055,0.7459031338420239,0.5973405547695719,0.880887070920771,0.7782372576129206,0.9329016612088761,0.9529227697865361,0.6644710741162818,0.5695585331492292,0.9807840195689514,0.7751140922654678,0.8565016117177129,0.9061873961293254,0.7035240476032312,0.7292838755700908,0.7718764896429602,0.8565083545532761,0.9996756029115751,0.6677400421439936,0.8998328740391308,0.45667836295445685,0.9061873961293254,0.7209514311750644,0.8696642492046922,0.9134191021410445,0.8087510315013653,0.866963168156325,0.9417626114543682,0.9212094218042226,0.8935461500146489,0.9172347260035336,0.7074737191284055,0.9134191021410445
p13_P,0.8056680815957451,0.9224335544163886,0.8569246572337172,0.9230054833172634,0.932833950574053,0.9501760208500687,0.7243338649135421,0.714999413481104,0.8728105285248218,0.9881161094061225,0.9204798499326441,0.980662425002937,0.9306566646589698,0.8975213827250901,0.9571900491571012,0.9876194409877957,0.9264564493231813,0.9094052998937727,0.9447456538980155,0.9473991727811977,0.9341488407711955,0.9946231749394501,0.9180978494651831,0.905730873838986,0.91667381023818,0.9094052998937725,0.926456449323181,0.8895085707332924,0.9473991727811977,0.8794843458151855,0.9008268910150359,0.9397435965156078,0.9244246976009176,0.892674460956127,0.9328339505740533,0.9447456538980155,0.9350697345319545,0.9244246976009174,0.9501760208500689,0.9076492093936457,0.866963168156325,0.0,0.9501760208500687,0.9176755293570775,0.926456449323181,0.9401592911631104,0.9373704232137268,0.6834951804731655,0.9076492093936457,0.8318821987925464,0.9397435965156078,0.8011033653025899,0.9094052998937725,0.9677148480463276,0.4733521056893554,0.9059145492620324,0.9443618136993994,0.932833950574053,0.8771981484049269,0.9285324039439791,0.8757722623764221,0.9472549521261397,0.614613021770336,0.9855764781637495,0.942198331919694,0.9589354525982217,0.9965665866960463,0.7769663078405823,0.8501729535033844,0.9936745866415235,0.8958917053231714,0.9076492093936457,0.8098516702594141,0.7495023084786336,0.932833950574053,0.8498654909309764,0.9185607716438655,0.9204798499326443,0.7335284496899965,0.9501760208500687,0.9647915833876861,0.9540147404500323,0.9025045192170256,0.9715992805222546,0.932833950574053,0.8910854332944245,0.9185607716438655,0.923797563666464,0.7964090950021856,0.9306566646589698,0.932833950574053,0.8569246572337172,0.8917301915843563,0.8766243034974328,0.836040586136966,0.8029854516603712,0.8540918850742609,0.8512715263045252,0.8760322866923119,0.7650387230061647,0.9443618136993994,0.9373704232137268,0.9328339505740533,0.885745921986911,0.8289778574560311,0.9447456538980155,0.8772638514038553,0.9128096791416048,0.8705100723917396,0.7219873591054391,0.8359132192646186,0.9111842105263157,0.9200130798230829,0.880270387725502,0.9373704232137268,0.7563141154788079,0.9677148480463276,0.9936745866415235,0.9501760208500687,0.942909936423233,0.9510020620510796,0.8484619576906176,0.91667381023818,0.9376689775178677,0.9094052998937732,0.7475241622903394,0.9350697345319545,0.6396269322672032,0.9306566646589698,0.7434943064820542,0.910422835255995,0.9373704232137265,0.9397435965156078,0.7783550557157379,0.9264564493231813,0.8191038684576519,0.6830475665292168,0.9397435965156078,0.9397435965156076,0.9285324039439791,0.8791945461131476,0.9473991727811975,0.9727612047385188,0.8303641671418636,0.8512715263045254,0.9784004338929011,0.9152829631513328,0.9086081532995891,0.350595845365792,0.7220166287647438,0.9473991727811977,0.8757722623764215,0.8012905754204063,0.9231319767555537,0.996566586696046,0.9466889433536754,0.8900411413810625,0.9527121293730552,0.8841179782180018,0.8484619576906176,0.8083013896181899,0.9373704232137268,0.9129874603663681,0.6826509421229379,0.8640725290007105,0.9233721476659593,0.9115685570579003,0.9262698231600373,0.9398552184521698,0.8023793742731765,0.9589001101087928,0.9306566646589698,0.9059145492620324,0.9790678611982754,0.9517903183892789,0.9441595731099779,0.9447456538980155,0.9823879636404584,0.9656054081755227,0.9322776343834582,0.8833108489700485,0.880465348755729,0.9443618136993994,0.7193030129332589,0.9898358295255771,0.806723003724291,0.9102236564997472,0.4980504478450667,0.9677148480463277,0.9355234569898137,0.9285324039439791,0.9951045446708902,0.9918396019515223,0.9017899056410313,0.9688256924482024,0.932833950574053,0.7995979460862801,0.9285324039439793,0.743240316066768,0.7825461331442318,0.8852149430495113,0.7193030129332598,0.932833950574053,0.8262054086487349,0.7026286591499722,0.9473991727811977,0.932833950574053,0.8950869905994878,0.8879432507007243,0.8773362054151368,0.8597178833007997,0.8742879430656605,0.9306566646589698,0.932833950574053,0.6066964347818111,0.9328339505740529,0.8674922352565753,0.8102041942761287,0.8057272055852172,0.932833950574053,0.8659337499315289,0.932833950574053,0.9531339920790828,0.9399577791589853,0.8895085707332924,0.8359132192646181,0.9373704232137268,0.7064485353366212,0.9772068366488,0.9983594330401346,0.6039509345643703,0.9379330804465718,0.8361215673069284,0.8926744609561268,0.9397435965156078,0.7475435743195451,0.9960924775122677,0.7950048733195015,0.951776218865749,0.9214489273204716,0.9780340428202863,0.7888310913314733,0.8484619576906176,0.9741187306463797,0.932833950574053,0.7343402448606323,0.932833950574053,0.9609753567511663,0.8879432507007241,0.7761414525822012,0.8684896660692434,0.7064485353366212,0.7995979460862801,0.8863888870954331,0.91667381023818,0.8583462338175081,0.9204798499326441,0.9857344547280904,0.7884180699574849,0.8303641671418636,0.9073867469443915,0.6631974918183368,0.9306566646589698,0.9987511985291293,0.7967010924865674,0.9501760208500689,0.9643546889603312,0.8509314487440863,0.9918372319688105,0.9056829105482451,0.8345250985805042,0.889787432943077,0.8903749151048208,0.735209702500812,0.8299122392884313,0.9447456538980155,0.7449069566486769,0.8863888870954333,0.9540147404500323,0.8698750345772266,0.9447456538980155,0.9481470405930799,0.8860044835814116,0.9421983319196943,0.8949560937756018,0.9334160095166193,0.9373704232137268,0.892674460956127,0.6519050233313397,0.9285324039439791,0.9373704232137268,0.9373704232137268,0.7336241514751283,0.9447456538980155,0.9109395941061967,0.9293740074652759,0.8484619576906176,0.7103954724314316,0.9447456538980157,0.9328339505740533,0.9076492093936457,0.9285324039439793,0.9397435965156078,0.7271793601633395,0.8989586134877937,0.9373704232137268,0.9076492093936457,0.8734463907380395,0.7557478947704017,0.6091917486627905,0.7996930761676878,0.8335322342666973,0.9423849201515986,0.8752704229081729,0.8833160062725918,0.9473991727811975,0.8728105285248215,0.9473991727811977,0.8926744609561268,0.9445283662005389,0.9121790042012337,0.9373704232137268,0.932833950574053,0.9397435965156073,0.9926689270744571,0.9094052998937732,0.9447456538980155,0.9397007289779522,0.9306566646589698,0.932833950574053,0.9166738102381802,0.7473555487996801,0.9501760208500687,0.8817861584679045,0.938120910611002,0.9129874603663684,0.8897874329430773,0.758574517596295,0.773781494943329,0.9981997428137878,0.9244246976009176,0.7897455017444923,0.9373704232137268,0.892674460956127,0.7735506690497274,0.9870038583237335,0.9893948076321002,0.9501760208500687,0.7134638449056483,0.8926744609561268,0.6974438891813024,0.9264564493231813,0.9306566646589698,0.8913931987630617,0.8484619576906176,0.7859590515772112,0.6497418056258502,0.7603272065538038,0.932833950574053,0.8067230037242907,0.6980801327506416,0.9293058851115359,0.9719697553872639,0.794661955968082,0.7787220769438531,0.932833950574053,0.932833950574053,0.5848342491259693,0.4851458867083176,0.862820794107968,0.9328339505740529,0.9473991727811977,0.9328339505740533,0.89752138272509,0.8640725290007107,0.923918933028927,0.9328339505740533,0.8991661559057054,0.9185607716438655,0.7781822517981349,0.7464276613645482,0.932833950574053,0.8428691512227089,0.8895085707332924,0.6992667817659277,0.8060119985698317,0.8991661559057054,0.9549168704963142,0.9373704232137268,0.6706272619581717,0.932833950574053,0.7319903675768107,0.9094052998937732,0.8873780235023769,0.775252698650893,0.7995979460862804,0.7767195799489963,0.9244246976009174,0.932833950574053,0.9631586703356184,0.964694892450245,0.932833950574053,0.8826900375896441,0.9060829542906701,0.9504724309030382,0.7557478947704015,0.660386733102737,0.932833950574053,0.9511027492956282,0.9229119133195289,0.942198331919694,0.9481470405930801,0.8908313481221096,0.7779195459429322,0.910385958188578,0.8916689472964012,0.9373704232137268,0.781195589066877,0.8498654909309757,0.9565880742927937,0.9499647039892452,0.9885003441128342,0.8289778574560311,0.9148167155454527,0.9397435965156076,0.9094052998937732,0.932833950574053,0.9447456538980155,0.9300726076798651,0.9553509420851829,0.9022732162471893,0.9420850922811459,0.9285324039439793,0.933154360007364,0.958797337715339,0.9285324039439793,0.9647915833876861,0.9328339505740533,0.9224335544163886,0.9195613142327939,0.9033840325613385,0.6857757893392191,0.9154498340554902,0.9881161094061225,0.9677148480463276,0.9148167155454527,0.9294283694366976,0.9185607716438655,0.9473991727811977,0.9979851612778792,0.9233721476659593,0.9135052288653058,0.9515107212475631,0.9946231749394502,0.8713396701567193,0.9373704232137268,0.7610803789705604,0.955116866832538,0.8897904472339431,0.9950420205336963,0.9254635393306818,0.8136497493371053,0.9008268910150359,0.8350716245380763,0.8150514051534525,0.8742879430656605,0.926456449323181,0.8441563083049806,0.8555066140949481,0.9589001101087927,0.5946851786296644,0.9148167155454527,0.7813778311244797,0.8136497493371058,0.8039173803940003,0.3895487782113445,0.8879432507007241,0.8962260618827895,0.9373704232137268,0.8260366716024994,0.9691413519175212,0.9253216361240024,0.7475435743195453,0.9447456538980155,0.8184203060114397,0.8852149430495113,0.9421983319196943,0.8895085707332924,0.926456449323181,0.9264564493231813,0.9397435965156078,0.9936745866415235,0.9008268910150359,0.7693408113097789,0.8848449272091168,0.9306566646589698,0.9306566646589698,0.9936816024153297,0.6525316904326728,0.9264564493231813,0.8303641671418636,0.932833950574053,0.9421983319196943,0.932833950574053,0.932833950574053,0.6746322333985392,0.9148167155454523,0.8926744609561268,0.932833950574053,0.9833621105039636,0.9352300610400853,0.8879432507007241,0.8330700168025482,0.8428691512227089,0.7432692756603827,0.9743219512925927,0.7646725590900663,0.9545122596156406,0.9707495588862811,0.8773362054151363,0.9421983319196943,0.9253216361240026,0.9403025310443709,0.9068182136217,0.9008268910150359,0.9244246976009174,0.9772068366488,0.8035860184235735,0.9421983319196943,0.8916689472964014,0.9373704232137268,0.8982888703716156,0.99462317493945,0.9111842105263159,0.9565880742927937,0.8426930450649992,0.8991661559057054,0.9688256924482025,0.8763264907178421,0.9993650229201636,0.9373704232137268,0.918560771643866,0.9350697345319547,0.8863888870954331,0.8718810726099794,0.7883124876833467,0.9965665866960463,0.8597178833007999,0.9264564493231815,0.9826558183040426,0.8540918850742609,0.9306566646589698,0.7213432278150467,0.9025045192170256,0.9501760208500687,0.7432692756603829,0.7968646436841649,0.4613494167957215,0.8514954052939794,0.9185607716438657,0.652531690432673,0.8711546763526035,0.932833950574053,0.9397435965156076,0.9233721476659593,0.7069259185928011,0.8412117840414655,0.8643990948144233,0.9285324039439793,0.9025045192170258,0.7767195799489963,0.9148167155454525,0.6561794583465668,0.9881161094061224,0.7270410672878278,0.8136497493371052,0.7738534209510569,0.9285324039439793,0.9244246976009174,0.9173673979124737,0.9445283662005388,0.9129874603663681,0.9587681897571778,0.8947190755770313,0.749559530728475,0.5583637773060948,0.8926744609561268,0.983738680892644,0.816489818151402,0.6570680709509833,0.9473991727811977,0.91667381023818,0.7995979460862799,0.9098593258370475,0.9926689270744569,0.9152829631513328,0.980662425002937,0.7969069197666381,0.7897455017444921,0.981956748291383,0.7095403078117491,0.9373704232137268,0.8910854332944245,0.8895085707332924,0.9918372319688105,0.9902701807825041,0.9008268910150361,0.8705100723917393,0.8400771012773351,0.9647915833876861,0.6192914922453252,0.9397435965156076,0.9501760208500687,0.932833950574053,0.7957048949778905,0.8471209594283744,0.8753284037411255,0.894276316207222,0.9328339505740529,0.9808097817179702,0.7906189576364941,0.7201824201675998,0.8975213827250901,0.8728105285248215,0.8569246572337175,0.809325271468298,0.9736212646108642,0.9042000439512241,0.9377452834131269,0.8025114781888845,0.9117409594618757,0.9421983319196943,0.8713396701567191,0.9443618136993994,0.9373704232137268,0.8879432507007241,0.9501760208500687,0.6790644244196316,0.9285324039439793,0.9501760208500687,0.9224335544163886,0.9443618136993994,0.9842968264073595,0.8381484454009026,0.8470607380739363,0.9936745866415236,0.5525372910928824,0.9185607716438657,0.8203947683273822,0.7717077782037409,0.9306566646589698,0.9397435965156078,0.9264564493231813,0.9306566646589698,0.9306566646589698,0.7264558629632281,0.932833950574053,0.9786393975617036,0.9399577791589849,0.932833950574053,0.9129874603663681,0.8555066140949479,0.9447456538980155,0.9373704232137268,0.821599789875599,0.5873320905808683,0.9306566646589698,0.8412790712895706,0.9184322019103962,0.9148167155454525,0.7416064247028271,0.932833950574053,0.8772638514038553,0.9373704232137268,0.9129874603663684,0.8297437905599572,0.8787630926879588,0.9447456538980157,0.9350697345319547,0.9592370337121963,0.9780340428202864,0.959237033712196,0.932833950574053,0.9780340428202863,0.9313442213087995,0.9008268910150359,0.7868761542855598,0.9204798499326443,0.9447456538980155,0.9076492093936457,0.9373704232137268,0.9713047430365496,0.9504724309030381,0.932833950574053,0.932833950574053,0.8442645110768852,0.9473991727811977,0.8087141867850514,0.9264564493231813,0.9204798499326443,0.9361676717104686,0.9285324039439793,0.9884958626958418,0.688154416062717,0.932833950574053,0.932833950574053,0.947803007210512,0.8917301915843561,0.8713396701567189,0.8771981484049269,0.9847049497629148,0.8232896214462557,0.7883124876833467,0.7312205144690782,0.9111842105263157,0.9997285771555333,0.932833950574053,0.6536226126763636,0.9397435965156076,0.9501760208500689,0.7767195799489963,0.9447456538980155,0.993259196780284,0.932833950574053,0.932833950574053,0.7028792255709202,0.9328339505740533,0.6919060614033451,0.9185607716438657,0.810917693466396,0.866963168156325,0.9799701406110681,0.866963168156325,0.663675333505487,0.802511478188884,0.9328339505740529,0.8879432507007239,0.7446225756585076,0.9350697345319545,0.8089353082601418,0.8754273642274152,0.9852032128534065,0.9139909169429035,0.8910854332944245,0.9350697345319547,0.8137063353191494,0.932833950574053,0.7266607834390822,0.9253216361240024,0.9855764781637493,0.8317507166547384,0.8471209594283744,0.6700348029141607,0.9051106770251169,0.806723003724291,0.9987511985291293,0.9022980141213128,0.8923018313924409,0.7888310913314734,0.9473991727811977,0.9230054833172634,0.9715992805222547,0.7532087786684059,0.8897874329430768,0.980662425002937,0.8359132192646181,0.6711655419269308,0.9780340428202863,0.7850356508061784,0.7783550557157382,0.9884602805599663,0.9501760208500689,0.7783550557157379,0.8713396701567191,0.894276316207222,0.8626344708228049,0.9328339505740533,0.9473991727811977,0.9185607716438657,0.9512151482311081,0.7781822517981349,0.9829255798283555,0.9306566646589698,0.7865073352390315,0.9170747929473184,0.9350697345319545,0.9528969934766462,0.7665525384097971,0.8345541328101036,0.8036092338038383,0.932833950574053,0.8569246572337175,0.9842968264073595,0.7468867139257631,0.9881161094061225,0.6855506822612085,0.9129874603663681,0.8095211433024021,0.932833950574053,0.6561794583465667,0.7432692756603827,0.9129874603663679,0.6540507969891689,0.6124531582413244,0.6409075767701962,0.9965665866960458,0.8946691478784728,0.8664184631162986,0.9665515000597715,0.7384796233518411,0.9148167155454525,0.7926020131561144,0.9501760208500687,0.9148167155454525,0.9328339505740533,0.7517548329616474,0.9076492093936459,0.8865312858464788,0.9016719843861538,0.7719698565811042,0.9127774219260271,0.9306566646589698,0.9974455695021623,0.8164898181514022,0.8626344708228051,0.6992667817659277,0.728698976374617,0.932833950574053,0.7266730525484851,0.819269100283812,0.8975213827250901,0.932833950574053,0.8376144174788167,0.9829255798283557,0.9447456538980155,0.9148167155454525,0.9306566646589698,0.8680157579069598,0.8922690007996061,0.8143472748274805,0.9787436574258668,0.8787630926879588,0.9148167155454527,0.752665932979472,0.932833950574053,0.9442597627290876,0.932833950574053,0.9936745866415236,0.7796408266647485,0.9083842102471885,0.9501760208500689,0.686637789196388,0.8943290864932463,0.9099529192181433,0.8975213827250901,0.932833950574053,0.6687354532503216,0.8766775809368059,0.9817502356082138,0.9745110640206995,0.8879432507007243,0.996566586696046,0.9008268910150359,0.4100451234962357,0.8895085707332924,0.9722196924851578,0.7508719736141238,0.8895085707332924,0.8975213827250901,0.9397435965156078,0.8757817245775488,0.8895085707332924,0.9501760208500689,0.9887355796164214,0.9057308738389859,0.8484619576906176,0.9306566646589698,0.5918316289167775,0.9129874603663681,0.8852149430495113,0.8879432507007241,0.9598692082125242,0.9527121293730554,0.9076492093936457,0.7193030129332598,0.7775830413977397,0.8184203060114394,0.8975213827250901,0.8698750345772266,0.7354852848093469,0.9541297697550609,0.878763092687959,0.9076492093936459,0.7995979460862803,0.9922127245794843,0.9300726076798653,0.9170747929473186,0.9042000439512241,0.9042000439512241,0.9281614381684169,0.9397435965156076,0.9421983319196943,0.8590314291927001,0.9025045192170256,0.9241108655377124,0.9937940417831581,0.9008268910150359,0.9053917765386171,0.9556365193397718,0.9355234569898137,0.932833950574053,0.960489963728785,0.9441595731099779,0.9838326641990404,0.868416302574814,0.8250085163864109,0.942198331919694,0.9342029590072164,0.8881621124088332,0.9094052998937725,0.9786393975617039,0.9398552184521698,0.9847701943343941,0.8817125536768824,0.8372735655148076,0.9204798499326443,0.8884216923572603,0.9306566646589698,0.6407754458610695,0.8556501017475164,0.9922127245794845,0.9350697345319545,0.877336205415137,0.9042000439512237,0.9529449740547576,0.7811955890668769,0.7824159413737288,0.9289696464935431,0.9285324039439793,0.9285324039439793,0.8530962182341694,0.9639306993826398,0.9016719843861534,0.9373704232137268,0.9898358295255769,0.9129874603663681,0.9987511985291291,0.8583462338175081,0.9918372319688109,0.958797337715339,0.9473991727811977,0.8757817245775488,0.9447456538980155,0.8780468350156961,0.9421983319196943
p13_S,0.890983466925004,0.9564866901437921,0.919737437035689,0.9970799457879603,0.8644606804686426,0.9720496894409938,0.8722678885791348,0.9607444356599809,0.9286491105644255,0.9704919301607371,0.9700351664034113,0.7864297230821706,0.8705865822009818,0.9425114327004687,0.9336842693103169,0.9149900225490741,0.9613973877408789,0.9491780856091547,0.9690033562225546,0.920983946319307,0.9630587443532561,0.9543141322095119,0.9522137875062904,0.9635753483468394,0.9034814342922285,0.9491780856091547,0.9587434581480645,0.9480026438367749,0.9704919301607371,0.9447770127157955,0.9443657603723177,0.8425429626878564,0.9576036838348734,0.9397924012017989,0.7778515786059419,0.9690033562225546,0.9635753483468394,0.9576036838348734,0.9720496894409938,0.9481929520311925,0.9253688519211307,0.9501760208500687,0.0,0.7883396103423301,0.961397387740879,0.9268563572052282,0.9648659912110238,0.973268291736611,0.9481929520311925,0.8898187755722912,0.7469130923202991,0.8884227473641775,0.9491780856091547,0.9564866901437918,0.9644342014392548,0.9472198404849024,0.9880755935910336,0.9623211158059548,0.9686762654666128,0.9599080294518356,0.9127697146833377,0.9908777073428442,0.9491780856091547,0.9752737206364959,0.9675743567407267,0.976963565085983,0.9661972965770262,0.984045949144812,0.9778835113918656,0.9690033562225546,0.9415972144812141,0.9481929520311925,0.8644606804686437,0.9363575126785111,0.9623211158059548,0.9157773781681393,0.9726326202607707,0.9553906988562064,0.9780395008431749,0.9720496894409938,0.8208868969226472,0.9797658041147692,0.9453068780840737,0.949178085609155,0.9623211158059548,0.9389009867184677,0.9543141322095119,0.8071231748299154,0.9213345015882415,0.9610996995613954,0.9623211158059548,0.919737437035689,0.8747439046690526,0.9035807460778029,0.8661157953099725,0.9261840328635953,0.9181483053976589,0.9165661374366314,0.9812428058379926,0.9823029113907384,0.9880755935910337,0.9648659912110236,0.9623211158059548,0.9405104606214995,0.9040598105946911,0.9690033562225546,0.931147340525424,0.8140963117651728,0.9034814342922283,0.9502404605673516,0.9079504174811017,0.9501760208500687,0.804725297579278,0.9328339505740528,0.9648659912110238,0.8261162570094343,0.9564866901437921,0.9690033562225546,0.9720496894409938,0.9817050998145614,0.7330875685626079,0.9149900225490741,0.953255582527178,0.9443657603723179,0.9840677331869967,0.8832165619961238,0.9635753483468394,0.9386599233384808,0.9547434413197935,0.9371382816751241,0.9923967906489759,0.9648659912110238,0.9661972965770262,0.7995169082125596,0.9587434581480645,0.9156811575686242,0.9559530196558287,0.9661972965770262,0.9661972965770262,0.9599080294518356,0.9301516024075415,0.9704919301607371,0.9847195507103004,0.9048375041252172,0.9165661374366314,0.9579181659574106,0.9357331550008063,0.9590404484306645,0.9481929520311925,0.9185403795853204,0.9704919301607371,0.9303105872741888,0.9750176878081551,0.9118525638325778,0.9381728330554158,0.9481929520311922,0.9807906952191872,0.9362663130722397,0.9828796715723793,0.9149900225490741,0.8568667102675336,0.942837525383015,0.9797658041147691,0.9593609816658519,0.9237472579920247,0.9380163966266191,0.9781287431575729,0.9253688519211307,0.9453068780840739,0.9554950475041238,0.9970799457879603,0.9610996995613954,0.9472198404849026,0.9590404484306645,0.9863547093778393,0.9538832559337087,0.9273614004407347,0.9040598105946911,0.9406910117203195,0.9620090329381987,0.9345395918631998,0.9641171417560046,0.9472198404849024,0.9610996995613952,0.8954927753294003,0.9729552798479701,0.8993158214284374,0.9776569049810198,0.9564866901437918,0.9953786045233857,0.7124267297718091,0.9801025842096873,0.8680892785394447,0.8580082307136385,0.9127697146833386,0.9623211158059548,0.9635753483468394,0.9599080294518358,0.9261840328635953,0.9269253568565107,0.9673483838836943,0.9610996995613952,0.9623211158059548,0.9025045192170253,0.9697339255641593,0.9704919301607371,0.9623211158059548,0.9540984079056032,0.9371382816751244,0.9620090329381987,0.9349923761154103,0.9294779121965993,0.9610996995613954,0.9623211158059548,0.9021732230507464,0.9623211158059548,0.9508366667997827,0.9625193750831524,0.9170249213338446,0.9623211158059548,0.938659923338481,0.9623211158059548,0.9107736525866998,0.931147340525424,0.9380163966266191,0.9079504174811017,0.9648659912110236,0.872479297149139,0.9599080294518356,0.9522137875062904,0.9726326202607709,0.9303105872741888,0.8459404597981652,0.8853943075507922,0.9661972965770262,0.9752737206364958,0.9864188438370336,0.9278239868212361,0.9778525174284827,0.9371382816751241,0.9935264355112596,0.9587434581480645,0.9149900225490741,0.9599080294518358,0.9623211158059548,0.8169381887965974,0.9623211158059548,0.9529908213310594,0.9371382816751241,0.9661972965770262,0.8624668003020075,0.8353231768642488,0.9635753483468394,0.9920754410433736,0.953255582527178,0.9205349146293753,0.9553906988562064,0.9781287431575729,0.9648659912110238,0.9912539269909322,0.904837504125217,0.9566846215389864,0.9610996995613954,0.9675743567407264,0.9502404605673516,0.9720496894409938,0.929327983527297,0.9681858530496635,0.9501760208500689,0.9470898955447689,0.9947106386333202,0.9661972965770262,0.7512620045838889,0.8140963117651729,0.9839476580038088,0.9690033562225546,0.972614773380158,0.9362663130722395,0.9797658041147692,0.927002353944838,0.9690033562225546,0.9886334735196286,0.9378037505277519,0.9675743567407267,0.9741037694931158,0.9970799457879603,0.9648659912110236,0.9397924012017989,0.9927297376643828,0.9599080294518356,0.9648659912110238,0.9648659912110236,0.850568183860136,0.9690033562225546,0.9998870507814513,0.9035807460778028,0.9149900225490741,0.956684621538986,0.9690033562225546,0.9623211158059548,0.9481929520311925,0.9599080294518358,0.9661972965770262,0.921891580360551,0.6790663687470532,0.9648659912110238,0.9481929520311925,0.8910121640684718,0.9008688177089619,0.9597652650781773,0.9486052736174679,0.9625193750831527,0.9950448685899995,0.9950497822386668,0.9642124801236271,0.9704919301607371,0.9169904684997892,0.9704919301607371,0.9397924012017989,0.9500854106526051,0.986534342747938,0.8505410419770532,0.9623211158059548,0.966197296577026,0.9278239868212361,0.9491780856091547,0.9690033562225546,0.5355326840546669,0.9610996995613954,0.9623211158059548,0.953255582527178,0.9690033562225546,0.9720496894409938,0.9037193835912751,0.9780395008431748,0.9511876099263499,0.9661972965770262,0.8516122444825633,0.8730956945148614,0.9034814342922286,0.9576036838348734,0.9214866072600054,0.9428375253830151,0.943665404633262,0.8603806964337217,0.9673074603196742,0.9336842693103169,0.9720496894409938,0.8764392007172976,0.9397924012017986,0.9839476580038089,0.9587434581480645,0.9610996995613954,0.8197444891395498,0.9149900225490741,0.9551288496473618,0.9916992820910941,0.8655480930335331,0.9623211158059548,0.9863547093778396,0.8882462492115561,0.9996437898601822,0.8882462492115564,0.9704919301607369,0.9250632826893765,0.9623211158059548,0.9623211158059548,0.9481929520311925,0.9286491105644255,0.897865101815352,0.9623211158059548,0.9704919301607371,0.962321115805955,0.9425114327004686,0.9237472579920245,0.9324920272806524,0.962321115805955,0.9953786045233857,0.9543141322095121,0.8755644359298405,0.8577507109035436,0.9623211158059548,0.9118525638325781,0.9380163966266188,0.8312943488564515,0.9035631283533637,0.9953786045233856,0.9461383996104074,0.9648659912110238,0.9272418419559991,0.9623211158059548,0.8496516619740198,0.8505593707793001,0.9368211999004499,0.9898436370767274,0.9471168020443,0.9908777073428441,0.9576036838348734,0.9623211158059548,0.9304693328855393,0.9197196988710055,0.9623211158059548,0.8730040523026372,0.9970688419235265,0.8828532941996559,0.9008688177089619,0.9593609816658518,0.9623211158059548,0.9477961055696322,0.9750176878081551,0.9675743567407267,0.890001356641569,0.8629791856785535,0.9105871713767656,0.9319883865480127,0.9229405345355655,0.9648659912110238,0.9268019842897892,0.9620090329381987,0.9522137875062904,0.9469265748682144,0.9192955526446763,0.9040598105946911,0.9522137875062904,0.9661972965770262,0.9491780856091547,0.9623211158059548,0.9690033562225546,0.927002353944838,0.987552492762993,0.9553906988562064,0.9462580354121286,0.9599080294518356,0.8877284767626414,0.9635753483468394,0.9599080294518356,0.9700351664034113,0.9510697823313444,0.8911016107831405,0.9548754176902221,0.9801025842096873,0.8237261571040235,0.9259593348757931,0.9209839463193069,0.8911016107831408,0.9522137875062904,0.9604106491582279,0.9726326202607707,0.9704919301607371,0.9637178052827138,0.9950068763949222,0.8898187755722908,0.7783550557157384,0.9543141322095119,0.9278239868212361,0.9428375253830149,0.9397924012017989,0.9253688519211307,0.9970644018597343,0.9797658041147691,0.9752737206364956,0.9700351664034114,0.931627954666316,0.9220202535048391,0.9829386167838862,0.9667762608570644,0.9587434581480645,0.9378037505277521,0.9864188438370336,0.9366713242763892,0.8416726321970072,0.9071885561788844,0.8646949616010216,0.9553906988562064,0.9481784169066947,0.9511876099263499,0.8936972568164698,0.9960563884710266,0.9648659912110238,0.9250632826893765,0.8680892785394447,0.9389009867184677,0.8251068045020442,0.9273614004407347,0.93589375114032,0.919737437035689,0.9330470514183519,0.834021684300168,0.9587434581480645,0.9587434581480645,0.9381728330554159,0.9690033562225546,0.9443657603723179,0.870604554931679,0.9354001807590555,0.9610996995613952,0.9610996995613952,0.9780395008431749,0.9105871713767656,0.9587434581480645,0.9480457155580746,0.9623211158059548,0.9675743567407267,0.9623211158059548,0.9623211158059548,0.9823029113907388,0.9522137875062906,0.9397924012017986,0.9623211158059548,0.933982267244587,0.9579842912477625,0.9500854106526051,0.8657842944126903,0.9118525638325778,0.9561921683699729,0.9286491105644255,0.9278239868212361,0.9613667414467572,0.8864720867133832,0.9917593122917416,0.9675743567407267,0.9965185747417933,0.9417401014264113,0.9750176878081551,0.9443657603723179,0.9576036838348734,0.8762593501599868,0.9517989491489709,0.933047051418352,0.9229405345355655,0.9648659912110238,0.9261840328635953,0.9543141322095119,0.914089517432835,0.9522137875062904,0.8315078880953244,0.9434341193662401,0.9826171532883465,0.9522137875062904,0.999643789860182,0.942837525383015,0.9543141322095119,0.9471168020443,0.9362663130722397,0.9760563522715155,0.922020253504839,0.9661972965770262,0.9349923761154102,0.9587434581480647,0.9778835113918657,0.9181483053976589,0.9610996995613952,0.9056011626003165,0.9453068780840737,0.9720496894409938,0.9311104823849057,0.9942118046808438,0.9278239868212361,0.8916916952331204,0.9543141322095119,0.9105871713767661,0.9063461721760433,0.9623211158059548,0.9661972965770262,0.9380163966266191,0.9623211158059548,0.980265590090454,0.9543141322095119,0.9581756603540754,0.9289749041786237,0.913455172226983,0.7665908998640588,0.994784048231732,0.9704919301607371,0.9666483139263966,0.8954610316630298,0.9856670177084574,0.9599080294518356,0.964434201439255,0.9826888816980899,0.9371382816751241,0.9797658041147691,0.9859646442922714,0.7753079976797891,0.8595076304199194,0.9405097243761413,0.768852113385853,0.9908777073428441,0.8970542565865081,0.9443657603723179,0.9704919301607371,0.9751129258825251,0.9471168020442999,0.9589610879075023,0.919033318549464,0.9205349146293751,0.9610996995613952,0.8860686207373007,0.8820512005878682,0.9720496894409938,0.9994611990171967,0.7582445585710917,0.9389009867184677,0.9480026438367748,0.9501760208500689,0.9716885439827984,0.9443657603723179,0.953255582527178,0.9741037694931158,0.9553906988562064,0.9547434413197934,0.9661972965770262,0.9137336093857832,0.9623211158059548,0.9397924012017989,0.9845729942899282,0.9696693743185965,0.9406910117203195,0.9623211158059548,0.9134191021410438,0.9847195507103002,0.8604631486691804,0.9425114327004684,0.9286491105644255,0.9850406692683007,0.9980955800828027,0.8983997469640517,0.9262251883972952,0.9650762806974962,0.9494205268563164,0.9189419416378726,0.9675743567407267,0.9278239868212361,0.9472198404849022,0.9648659912110238,0.9935264355112594,0.9720496894409936,0.9262251883972957,0.9599080294518358,0.9720496894409938,0.9564866901437918,0.9880755935910337,0.9623211158059548,0.9590404484306645,0.91420396482916,0.9690033562225546,0.9510697823313443,0.8995793727310535,0.9487990223782055,0.9218915803605509,0.9610996995613954,0.9661972965770262,0.9587434581480645,0.9610996995613954,0.9610996995613954,0.9980634982842684,0.9623211158059548,0.9587434581480645,0.9311473405254241,0.9623211158059548,0.9511876099263499,0.9390992365744864,0.8237261571040233,0.9648659912110238,0.9675743567407267,0.9635753483468394,0.9610996995613952,0.964579749417339,0.9771002609923765,0.9071885561788837,0.9609220139321424,0.9623211158059548,0.931147340525424,0.8505410419770532,0.9797658041147692,0.9960563884710265,0.9319883865480125,0.9690033562225546,0.9635753483468394,0.9751129258825251,0.8936972568164698,0.953255582527178,0.9623211158059548,0.9935264355112596,0.879409063234359,0.9936310971469996,0.9625193750831523,0.9553906988562064,0.9273614004407343,0.9861053894336533,0.9648659912110238,0.910587171376766,0.9590404484306646,0.9623211158059548,0.9623211158059548,0.9516007955479112,0.9704919301607371,0.8796338709830265,0.9587434581480645,0.6717386274418828,0.9769635650859829,0.9599080294518356,0.9940341687807692,0.9889890373347301,0.9623211158059548,0.9623211158059548,0.9920754410433734,0.913455172226983,0.9278239868212361,0.9186263852882659,0.955495047504124,0.9387584497393702,0.8812473067855704,0.9988697135602091,0.9501760208500687,0.9875524927629928,0.9623211158059548,0.8224467786369195,0.9661972965770262,0.9720496894409938,0.9521664397849134,0.9690033562225546,0.9316997575412949,0.9623211158059548,0.9623211158059548,0.8333208615507239,0.9623211158059548,0.9869728098556798,0.9543141322095119,0.8939283999593048,0.9752737206364959,0.7987084122067193,0.9752737206364959,0.9940010842734908,0.8892126720780513,0.9623211158059548,0.9371382816751241,0.9406677651804309,0.9635753483468394,0.9273614004407347,0.8992960027516218,0.8787867768370725,0.9336842693103169,0.9389009867184677,0.8578089524354393,0.9781496244714993,0.9623211158059548,0.9747985041080965,0.9389009867184677,0.9253688519211307,0.9208217508962298,0.9732258578585534,0.9673074603196742,0.9294779121965993,0.8915752582995886,0.933047051418352,0.9451910326286186,0.9813326466239047,0.8815382336298224,0.9704919301607371,0.9366713242763892,0.949178085609155,0.9875524927629928,0.9661972965770262,0.9610996995613952,0.9519163796943126,0.9472198404849024,0.9500854106526051,0.8794090632343585,0.9720496894409938,0.9935264355112594,0.7995169082125602,0.9137336093857829,0.8679857536730304,0.9996437898601822,0.9229405345355655,0.9623211158059548,0.9209839463193068,0.9543141322095119,0.9726326202607706,0.9143480251080163,0.9576036838348736,0.9610996995613952,0.9233710276669689,0.9695535385776712,0.9635753483468392,0.9859646442922714,0.9389009867184677,0.9071879956687867,0.9978508638114467,0.9623211158059548,0.919737437035689,0.9510697823313443,0.8580082307136386,0.9704919301607371,0.9819567482913832,0.9511876099263497,0.9021732230507463,0.9623211158059548,0.9301516024075416,0.9311104823849059,0.9107192181558881,0.99375795145168,0.9483195130327327,0.9368488853021562,0.9661972965770262,0.9826888816980897,0.9156811575686242,0.9937579514516801,0.9593609816658517,0.9522137875062904,0.9232736515720152,0.9720496894409938,0.9522137875062904,0.9623211158059548,0.9763491073983367,0.8547020723633447,0.9625193750831523,0.9278239868212361,0.8595076304199194,0.9623211158059548,0.9610996995613954,0.8404607554034051,0.8970542565865081,0.9229405345355655,0.8312943488564515,0.8478052537215669,0.9623211158059548,0.9707583432820052,0.8986133813304022,0.9425114327004684,0.9623211158059548,0.9599402826694068,0.9576036838348734,0.9690033562225546,0.9522137875062906,0.9610996995613954,0.9259593348757931,0.917313551983149,0.830252180559244,0.9472198404849024,0.9615726344798462,0.9774873843362967,0.8612502633673058,0.9623211158059548,0.9262251883972956,0.9623211158059548,0.9690033562225546,0.9681858530496634,0.9486052736174682,0.9720496894409938,0.8661157953099724,0.9968303829711529,0.9667762608570646,0.9425114327004687,0.9623211158059548,0.8141668506447512,0.9038910447499384,0.9897622271227242,0.9443657603723179,0.9371382816751244,0.9661972965770262,0.9443657603723177,0.9434341193662401,0.9380163966266191,0.8878225115441994,0.9656152610259836,0.9380163966266191,0.9425114327004687,0.9661972965770262,0.9149900225490741,0.9380163966266191,0.9720496894409938,0.9840677331869967,0.9635753483468394,0.9470771218810412,0.9610996995613952,0.9341913284130119,0.9511876099263499,0.919737437035689,0.9371382816751241,0.9071885561788846,0.9920754410433734,0.9861053894336533,0.9610996995613952,0.9543141322095119,0.9508366667997827,0.9425114327004687,0.9270023539448382,0.9681858530496634,0.9892552360381517,0.9319883865480127,0.920403730898499,0.9635753483468394,0.9648659912110238,0.9776569049810198,0.982227424432899,0.9899835764925831,0.9262251883972954,0.9732682917366106,0.9661972965770262,0.9675743567407267,0.99354891040716,0.991834013047275,0.9719739006977876,0.8882462492115568,0.9443657603723179,0.9063554346404523,0.953255582527178,0.9434341193662401,0.9623211158059548,0.9648046911266329,0.9095092958001549,0.9354001807590555,0.872720616336816,0.8884227473641775,0.9330470514183521,0.9980634982842684,0.9519163796943129,0.9491780856091547,0.961397387740879,0.9453068780840737,0.9748214106481392,0.9048375041252172,0.8803341432771284,0.9553906988562064,0.9169688590165609,0.9547434413197935,0.9134191021410438,0.9409113828628135,0.9648659912110236,0.9635753483468394,0.9455276575216817,0.9462580354121286,0.9648659912110238,0.9763491073983367,0.9405097243761411,0.8991272068015781,0.9599080294518358,0.9599080294518358,0.8529504398229274,0.9107192181558881,0.9278239868212361,0.9648659912110238,0.9781496244714993,0.9511876099263499,0.9675743567407267,0.9684455580859812,0.9501760208500687,0.9635753483468392,0.9209839463193067,0.9930547404043362,0.8237261571040235,0.9035853419274651,0.9675743567407267
p14_F,0.8643685525197388,0.8994303857428698,0.814494116322485,0.9255752772876336,0.6262185821613939,0.9354001807590553,0.7606618924953965,0.8129397487282086,0.7915515593870247,0.9317998283510542,0.9588025108491051,0.723511832250126,0.6420904945942468,0.8671302399974956,0.8910861894136336,0.89248794072071,0.9794586918044158,0.8825384613814422,0.9713740439102772,0.9317998283510545,0.9870899410739393,0.9297484119999464,0.9915753345612033,0.9158139617897607,0.9959171885245304,0.8825384613814418,0.9046463136602705,0.39889582627661646,0.9842981000157078,0.7585425322875392,0.8714160325350082,0.6617797095447513,0.9774399776144802,0.8890344077176486,0.6262185821613941,0.9784926679114252,0.9158139617897607,0.9020120239820866,0.9354001807590555,0.9120445952292813,0.827509656271578,0.9176755293570775,0.7883396103423301,0.0,0.9046463136602705,0.7384578286564636,0.9187969445925777,0.8293937334241628,0.8802615832433558,0.5175872874957959,0.9856046735880618,0.7421184163067256,0.8825384613814418,0.936294773693158,0.9397260007982835,0.9406138327701863,0.8780124908814337,0.912915131908919,0.7579947668206808,0.9073379150848058,0.8068244417018933,0.8962406007703381,0.9794149629165152,0.8275096562715782,0.9250566218612026,0.670781393873456,0.9218739081138494,0.8509101703011724,0.9468861817003962,0.9283593797331273,0.8650172641296272,0.8802615832433558,0.8776001926684954,0.6648835450737215,0.912915131908919,0.805341477875511,0.9297484119999462,0.8968972890562259,0.7847376610866262,0.9354001807590553,0.8866524108017706,0.9873862869297434,0.8735911795315163,0.9560007027267698,0.912915131908919,0.8587856401289515,0.893554964686849,0.735776707291788,0.9114886637930484,0.9100921482984174,0.912915131908919,0.814494116322485,0.7292298338532379,0.8934139703401082,0.934407051006906,0.9517276842634257,0.8108212549297613,0.8071644882517874,0.7375850541593596,0.6851359566687675,0.9093131618258099,0.9187969445925777,0.9129151319089193,0.9643587329168057,0.8198907813272873,0.9283593797331273,0.8408651185851417,0.5703323356339198,0.8654765962569625,0.8081644264397738,0.8085199326743917,0.8848449272091168,0.5668630267218296,0.8447632757824068,0.9187969445925777,0.6340853017775365,0.9362947736931577,0.9283593797331273,0.9354001807590553,0.745152899386551,0.7216569767441857,0.8035217116670972,0.8919625271106499,0.9014098966864617,0.9471227957381576,0.6980284018342008,0.9158139617897607,0.9230809809868873,0.9915134859542967,0.9816226255653286,0.7773521511080503,0.9187969445925777,0.9218739081138494,0.8988436939017761,0.9046463136602705,0.8888629911708117,0.8622498470402696,0.9218739081138496,0.9218739081138492,0.9469647240084871,0.7740087261868734,0.9317998283510542,0.7634598754416531,0.8218605526253513,0.8521458514573255,0.9959602877527965,0.6737763525423491,0.6780067582215195,0.9120445952292817,0.7656873744226766,0.9317998283510542,0.5790959145273527,0.8520468905115566,0.7962702979293614,0.9856046735880617,0.9120445952292817,0.9139561426963676,0.8526962823400324,0.7684064271366597,0.8257632689305003,0.7783209147165513,0.9187969445925777,0.9205840625096655,0.7046765730873237,0.8475621973127889,0.8567411419143387,0.8828277077958357,0.8757923655942907,0.9039991152692111,0.7066797583728079,0.8963527586425648,0.9100921482984174,0.878012490881434,0.8630922168972013,0.8962889549280922,0.8123202394146443,0.9784926679114252,0.9303208748989644,0.9484775881259131,0.805341477875511,0.8487054187055112,0.7838420446861436,0.9406138327701863,0.9915134859542964,0.8984065831574906,0.8675067612269436,0.5857304750009115,0.9047971029774384,0.8994303857428696,0.8988619793084114,0.9737816581441504,0.6670991173904618,0.7320811107167824,0.6578110390233144,0.9586434598182526,0.912915131908919,0.9158139617897607,0.9341548492204688,0.9266731033407898,0.9633959819659184,0.8860940991822616,0.950802817126357,0.912915131908919,0.8366132225424048,0.7659050865021914,0.9842981000157078,0.912915131908919,0.9962518786235227,0.9543449980412201,0.7920984822710683,0.8677294028010358,0.8370066724312023,0.9100921482984174,0.912915131908919,0.9510612035739803,0.9129151319089189,0.8660778093317238,0.8376228572596895,0.8312908265376203,0.912915131908919,0.8023211614137322,0.912915131908919,0.8165430918257686,0.8408651185851417,0.8567411419143387,0.7872515090888961,0.9187969445925777,0.6373668520784874,0.9469647240084873,0.8895546908938254,0.9297484119999464,0.9907502008096276,0.8151016409571136,0.9172229042989672,0.9218739081138492,0.9482164295783596,0.8897648306439209,0.8578781883458777,0.9665643498822862,0.9270673705171116,0.9365444918623458,0.9432779785053749,0.8035217116670972,0.7756476135257445,0.912915131908919,0.5988509284702279,0.912915131908919,0.8919685180523632,0.8819892368141287,0.9856046735880618,0.939152710725605,0.6373668520784874,0.9158139617897607,0.6883457889375766,0.8919625271106497,0.8163372768230479,0.8968972890562259,0.6743862871025945,0.9187969445925779,0.9054680068345093,0.800958689073062,0.7291109618096492,0.9100921482984174,0.8345726594959495,0.7813311225859185,0.9354001807590555,0.7029897757731061,0.8157741553743705,0.8848449272091168,0.9447849532141614,0.9124919384131027,0.9218739081138496,0.6386103918065953,0.6968465024068526,0.7694852181900542,0.9283593797331273,0.6588900806309348,0.9066913327779609,0.9205840625096655,0.9236748158396106,0.9283593797331273,0.862832405257265,0.7511715643420191,0.9250566218612026,0.8735690482386773,0.8963527586425646,0.9187969445925779,0.8890344077176486,0.8033243812024138,0.9073379150848058,0.9187969445925777,0.9634451361870242,0.6727129875051598,0.9283593797331273,0.8570646369471617,0.7947011113098221,0.8035217116670972,0.9404473637918791,0.9784926679114252,0.9129151319089193,0.9120445952292815,0.9073379150848058,0.968134617262894,0.7046765730873239,0.838811398269929,0.9634451361870242,0.880261583243356,0.8951378474826466,0.7199703185613264,0.9214398579667289,0.7779790454991234,0.9534671863030418,0.968511711394582,0.8856266975445984,0.8658151955980165,0.984298100015708,0.6919896057897743,0.984298100015708,0.9454114008802861,0.7906792328965696,0.8447632757824071,0.8133139058407439,0.912915131908919,0.921873908113849,0.8331840572920646,0.8825384613814427,0.9283593797331273,0.7864985157673797,0.9100921482984174,0.912915131908919,0.8919625271106497,0.9283593797331275,0.9906522225387782,0.9959602877527965,0.8821368804079501,0.8871829502996265,0.9218739081138494,0.7405845689735275,0.7066939496814988,0.9001281500615892,0.8717041151207321,0.727392255423259,0.9026102890296367,0.9454114008802861,0.7321004385272019,0.936294773693158,0.7337750419048892,0.9354001807590553,0.6284884479140205,0.8608459111363298,0.6975884994347257,0.9046463136602705,0.950802817126357,0.9227424392886625,0.8257632689305003,0.6214310316019642,0.7097323692976343,0.6892496465004254,0.912915131908919,0.6600846710831281,0.9424027297842594,0.8914410719709875,0.9739801805604328,0.9842981000157078,0.7837192346502131,0.912915131908919,0.912915131908919,0.9120445952292815,0.9844340450191611,0.8384290189930366,0.9129151319089189,0.9632036283196386,0.9129151319089193,0.9255752772876337,0.8237617667988897,0.6217796898636889,0.9129151319089193,0.8692627884605635,0.8944090873373052,0.7123997985958999,0.6712280407981741,0.912915131908919,0.796270297929361,0.8567411419143387,0.699945427504786,0.7311723920418826,0.9531420664523497,0.7971936793135741,0.9187969445925777,0.6271345691539827,0.912915131908919,0.6705826637284846,0.8914163683700548,0.9416532457372987,0.9736273022046276,0.9977811431789548,0.7479563121220592,0.9020120239820866,0.912915131908919,0.7762646524604564,0.77208889740448,0.912915131908919,0.8051461122131106,0.8102141386283437,0.7483669606768812,0.6833122902614643,0.7228023016814451,0.912915131908919,0.9452569234703471,0.949924483363596,0.9731307655897723,0.8044770535283516,0.7382993327112573,0.6997716917492931,0.9715329466848632,0.8218972369091531,0.9187969445925779,0.9107162866427775,0.7697340356125446,0.8895546908938254,0.6832535017673196,0.9733785323820161,0.7782593906983293,0.9575684533387441,0.9218739081138494,0.8825384613814427,0.912915131908919,0.9713740439102773,0.8312850681847448,0.9001212646951798,0.7784272607307695,0.937475450071793,0.9073379150848058,0.9259096512616021,0.9545786956633125,0.9073379150848058,0.9948775608727723,0.9613940628375296,0.9731591616434458,0.7926580006064994,0.9346530682205356,0.9784926679114252,0.6648136834951739,0.984298100015708,0.7319257347542498,0.9915753345612035,0.888375578144329,0.9297484119999464,0.9842981000157078,0.8015213207709597,0.7572928415920825,0.9091257749126657,0.9510020620510796,0.9650877366625874,0.8331840572920646,0.813313905840744,0.9172229042989672,0.899933720255647,0.8263619411958804,0.9539851747197046,0.9723577842397158,0.8866524108017705,0.9014098966864614,0.801669323662155,0.832760028359526,0.8871934551523855,0.9432779785053751,0.8976258203149763,0.8813277599654754,0.665309461681399,0.9539851747197046,0.9915753345612035,0.687277856733987,0.9948775608727723,0.8827571808729124,0.9539851747197046,0.9910997469105629,0.8445487125198012,0.9187969445925779,0.9851623365175692,0.6951229309490201,0.8587856401289518,0.8103700238080771,0.9212407557319794,0.969540564792382,0.9757158464353137,0.9787950906816582,0.9945861478049025,0.9432779785053751,0.9046463136602705,0.9393439644390172,0.9283593797331273,0.8714160325350082,0.7195016134065826,0.8506944444444446,0.9100921482984174,0.9100921482984174,0.914286450505402,0.9174256501960691,0.9432779785053749,0.8009586890730616,0.912915131908919,0.9250566218612029,0.912915131908919,0.912915131908919,0.7035363801049677,0.8895546908938257,0.8608459111363298,0.912915131908919,0.7981980727124931,0.7286183982323597,0.8725121154688946,0.9776463066578585,0.796270297929361,0.8488565320003023,0.8599816030225977,0.882572319399691,0.665385269466535,0.9848460455693228,0.9262851622222081,0.9250566218612029,0.9702750930026955,0.8953044760118782,0.8509101703011724,0.8714160325350082,0.6454202542235503,0.9737816581441503,0.9914666887693715,0.9250566218612029,0.845534772828588,0.9187969445925779,0.9753127882991035,0.9642336140121307,0.9181714599031189,0.8895546908938252,0.7744759965744228,0.8988619793084114,0.983946629504312,0.736369615659122,0.9659676376416984,0.9026102890296368,0.9995729386747717,0.959016409305403,0.9313235159082542,0.8478648076681607,0.8778043817866279,0.9856046735880618,0.9137600507373362,0.9819096433504797,0.9648623308386057,0.8108212549297615,0.9100921482984172,0.7179182945869278,0.8735911795315161,0.9354001807590553,0.7034777077129077,0.6841221886749679,0.9072664504535044,0.6811427458196966,0.8944090873373052,0.9549734637857183,0.6984088990551691,0.912915131908919,0.9218739081138494,0.9670171466267894,0.9548120669934363,0.86270107120031,0.9650877366625872,0.6963939956783809,0.934407051006906,0.8041357469285229,0.9915753345612033,0.717620612235442,0.9317998283510542,0.7904241934216818,0.9948775608727722,0.6346888943735801,0.9469647240084873,0.9848460455693226,0.9537743612572405,0.8547116092900202,0.8871829502996265,0.9116269828430065,0.7720695916464522,0.6935333850764669,0.9100525951189814,0.9982116059570765,0.802608209426232,0.7620678882226806,0.8286453259504581,0.9317998283510542,0.9266140809152767,0.9977811431789548,0.7806474145949802,0.7223215837392949,0.9090438896657036,0.9100921482984174,0.7226291548382389,0.727392255423259,0.9906522225387782,0.711272030385731,0.9919066722185296,0.998147456221131,0.8843101430924514,0.884844927209117,0.8991708042420461,0.9014098966864614,0.9694312576708428,0.8735690482386772,0.8968972890562259,0.9915134859542967,0.9681346172628937,0.9906522225387779,0.912915131908919,0.8890344077176486,0.8101001254859259,0.7851350462423689,0.862922813893525,0.9129151319089189,0.8700288336170401,0.7731477167173622,0.7815212720158327,0.8671302399974954,0.8350911146232851,0.8605574677832935,0.9859179081902077,0.7731758052611315,0.9066324902711425,0.9839466295043124,0.6706000000326888,0.8355462780873548,0.9250566218612029,0.8331840572920646,0.8780124908814335,0.9187969445925779,0.9638221193864542,0.9354001807590553,0.9699956705262556,0.9073379150848058,0.9354001807590553,0.8994303857428696,0.8780124908814335,0.9129151319089193,0.9395757210440814,0.801704945212492,0.8711074675536818,0.9548120669934363,0.822876315361567,0.6599241177504998,0.6140479301167173,0.950802817126357,0.9218739081138496,0.9432779785053749,0.950802817126357,0.9100921482984174,0.9172229042989672,0.912915131908919,0.9046463136602703,0.8663852957887841,0.912915131908919,0.8871829502996265,0.858437019026415,0.6705743148404913,0.9187969445925779,0.9731307655897723,0.9590164093054028,0.9100921482984174,0.7768155111722206,0.7650807024347561,0.5323283283243664,0.9673792846870116,0.912915131908919,0.8408651185851415,0.9634451361870242,0.9792126008602176,0.7404966410612809,0.842808976093194,0.9283593797331273,0.9158139617897607,0.9347797038662161,0.9816226255653286,0.9266140809152767,0.9967090020779532,0.8819892368141287,0.9516050268681802,0.9314037608379149,0.8395163009736227,0.9690473891035605,0.9784926679114252,0.9120445952292815,0.9187969445925779,0.9804936409893609,0.6780067582215195,0.912915131908919,0.912915131908919,0.819971277023722,0.9317998283510542,0.8355106873674196,0.9046463136602705,0.958802510849105,0.7078527865007349,0.9073379150848058,0.7814841361151679,0.7575887382891555,0.912915131908919,0.912915131908919,0.9336888579969249,0.7854092686597015,0.9072664504535046,0.8306841789643782,0.6489001511647534,0.7382993327112575,0.7255342655376824,0.7279256452221212,0.8848449272091166,0.6806974059392368,0.912915131908919,0.9760475267425827,0.9218739081138494,0.9354001807590555,0.7479563121220589,0.9283593797331273,0.708975818082126,0.912915131908919,0.912915131908919,0.6327370560811594,0.9548120669934363,0.7264119000785397,0.9297484119999462,0.7945724799400848,0.8275096562715782,0.9083097509249546,0.9240750749170032,0.8318000999141995,0.7634593162933851,0.9129151319089189,0.8547116092900202,0.7246957023866216,0.959016409305403,0.978492667911425,0.9842570511436981,0.9443337422264936,0.8467285647384586,0.8587856401289515,0.608959115538174,0.8584215403811877,0.912915131908919,0.6834792779455736,0.9145303665658235,0.924075074917003,0.9077955077502438,0.8101001254859259,0.9899764504062661,0.5356585435540072,0.7690883096248748,0.9307209469530886,0.9605101832261711,0.7110308729120491,0.9794586918044158,0.9317998283510542,0.899089610841952,0.8268320340133395,0.7172680490652273,0.9218739081138494,0.9100921482984174,0.8937221371286724,0.7776801287304262,0.9638221193864542,0.980467614447698,0.8988436939017764,0.9092668643382373,0.954095735681499,0.9906522225387782,0.931960581507318,0.9484775881259133,0.6580769728632825,0.8357032575839778,0.9842981000157078,0.9297484119999462,0.8228763153615668,0.7686841896077785,0.9774399776144804,0.8863545075618846,0.9654841543966844,0.9814661772114426,0.9158139617897609,0.692839943440198,0.9145303665658235,0.8217516009205622,0.8159291396458443,0.912915131908919,0.814494116322485,0.7519093874149436,0.7298737373425657,0.9317998283510542,0.9510020620510797,0.8871829502996265,0.9499244833635961,0.912915131908919,0.8265571825735177,0.7216500607488319,0.9458114886501786,0.7331793481734366,0.8880323395359474,0.7721240137542134,0.9218739081138494,0.7320252826506687,0.8029791037195646,0.9397182971799243,0.8603059406537664,0.8895546908938254,0.7502619725046471,0.9354001807590553,0.9575684533387441,0.9129151319089193,0.9934105288600914,0.9438276072152072,0.6685899729794942,0.8578781883458777,0.7482674405834935,0.9613940628375297,0.950802817126357,0.6780067582215193,0.7620678882226808,0.8455347728285878,0.6639996933405025,0.648241722457706,0.912915131908919,0.7503305508741056,0.7859386470632799,0.8671302399974956,0.912915131908919,0.7986216211843629,0.9020120239820866,0.9283593797331273,0.9235615721162849,0.9100921482984174,0.7945481714705891,0.8591242011916975,0.9903647803961857,0.9406138327701863,0.7967639062501318,0.8895546908938257,0.697601660918924,0.912915131908919,0.939152710725605,0.912915131908919,0.9784926679114252,0.8458727058218378,0.7337352550477136,0.9354001807590555,0.934407051006906,0.9509345836243728,0.9120594139628814,0.8963527586425646,0.912915131908919,0.7810406822971943,0.6979104685623669,0.8610352962371657,0.9613976249893683,0.8547116092900207,0.9218739081138496,0.8714160325350082,0.9284611701562591,0.8843101430924514,0.8823662314383228,0.8107049641318911,0.8843101430924514,0.8671302399974956,0.9218739081138496,0.8035217116670972,0.8843101430924514,0.9354001807590555,0.9471227957381576,0.8249713531163864,0.8924879407207098,0.9100921482984174,0.958060361004107,0.9205840625096657,0.8400307477214534,0.8547116092900204,0.8723971405489593,0.90432599068929,0.8019082968973891,0.8049331699060054,0.9297484119999466,0.9878051898897038,0.8671302399974956,0.8802930913798737,0.9473559315758451,0.8336719190842827,0.842808976093194,0.9926063688129417,0.9158139617897607,0.9187969445925779,0.9481788274371749,0.8552529581456374,0.7232519921210516,0.939152710725605,0.9760475267425823,0.9218739081138492,0.9250566218612029,0.9312172606999456,0.964814986744601,0.9830375795726761,0.6673841851576385,0.8714160325350082,0.9634751323640338,0.9959171885245304,0.8988619793084114,0.912915131908919,0.7883792672877683,0.8767176140729918,0.8506944444444444,0.830128471867641,0.8005033713015779,0.8345726594959493,0.8890344077176484,0.8510567798453823,0.8825384613814418,0.9046463136602705,0.934407051006906,0.9964991389010722,0.8009586890730616,0.6914087785046683,0.8968972890562259,0.8828101632512709,0.9100921482984172,0.9759337277592677,0.9353510994394738,0.9187969445925777,0.9158139617897607,0.859191822246638,0.9683184098724433,0.9187969445925777,0.921505640487243,0.7884490919918861,0.9051544147711521,0.9469647240084871,0.9073379150848058,0.6684719002734377,0.9458114886501784,0.8331840572920648,0.9634451361870242,0.6817504676913314,0.8871829502996267,0.9250566218612029,0.6737763525423489,0.9833367336529988,0.9158139617897607,0.9842981000157078,0.8628549293818555,0.9784926679114252,0.8364530339900269,0.9250566218612029
p14_IWVQNTPAS,0.9840774597645725,0.797816808524066,0.8815270484708906,0.8314344420445829,0.9345041683711353,0.9587434581480645,0.892227310139666,0.9855666160707569,0.9306570238192788,0.9564441004788364,0.9615633836644073,0.9397362273534059,0.9985778460732367,0.7469602563015958,0.9842007774937604,0.8745195447781486,0.8933873144399463,0.888321196035887,0.9008317218258528,0.9564441004788364,0.895603902985638,0.9836426671336507,0.9786165548472288,0.9913221015557613,0.9810860991992141,0.9249834296604695,0.9949392712550607,0.9085080245777923,0.9564441004788367,0.8304082766995442,0.9612320790184805,0.9501049319099923,0.9374201804111677,0.951872084571389,0.8739479665019894,0.9732924283946005,0.9462347596389562,0.9919304969477558,0.9587434581480645,0.8008431112067667,0.9247323722236849,0.926456449323181,0.961397387740879,0.9046463136602705,0.0,0.83296662955302,0.9481398354780852,0.8910426583248507,0.9235293061149326,0.9481052266646683,0.9830316367629123,0.8834043932368226,0.9716572732363802,0.9357714224531068,0.8445385534424801,0.9673337013468153,0.9220929278982624,0.9443834278905732,0.9450088527374348,0.9446283507116098,0.9337059488987844,0.9233796586902149,0.92498342966047,0.9596253481255901,0.9521375655065456,0.9685147687693447,0.8493047741087221,0.8708970510157363,0.9558070047262102,0.7559103086883568,0.9972272780214035,0.9235293061149326,0.9345041683711354,0.8639882305294255,0.9443834278905732,0.8756817347288379,0.9142011596821674,0.8051389573478356,0.833281832750308,0.8815382336298229,0.9615633836644075,0.9272203681387052,0.9192692664872613,0.9716572732363804,0.9443834278905732,0.848472476730647,0.7098888133138034,0.9173095916401799,0.9175986829007592,0.9425805352069323,0.9443834278905732,0.8854493278508869,0.9775127066593481,0.9591369811161655,0.9632197151594926,0.9613445688403953,0.7261709636424465,0.9093531537683386,0.882690580253275,0.9611114671059058,0.9874255252046318,0.9873274034062991,0.9950603702402813,0.8385820911927366,0.9310108048004062,0.9542468650366518,0.9721405797402527,0.9870570477782805,0.9310020898787328,0.8935889455014907,0.7669847510819344,0.8837352444465892,0.9464665666537815,0.9384051522235206,0.9481398354780852,0.9447088305054094,0.9043815161331965,0.9542468650366518,0.9587434581480645,0.9309949317066528,0.9408270269593112,0.8361567121058329,0.7184098448778979,0.9612320790184807,0.9349950396117985,0.8885823400588984,0.9462347596389562,0.9353159208540364,0.9425805352069325,0.9072118677365053,0.9213585819318297,0.948139835478085,0.4481241861461496,0.9587434581480645,0.9949392712550609,0.9419702363716833,0.9611032305582619,0.9501049319099923,0.9501049319099923,0.9408215498230332,0.8910674773860092,0.9564441004788364,0.8881424432885199,0.9894125498632487,0.7980824313626269,0.9021135127330813,0.9498026512964179,0.8823567105447578,0.9235293061149328,0.8656348085511182,0.8917979759263732,0.9702781670896217,0.9287469323757311,0.8698884442909978,0.9830316367629124,0.9694672365613164,0.9791871534337241,0.9379905213362054,0.9268767184442956,0.9388137099150415,0.9464665666537816,0.7937291200594518,0.7341136896129461,0.9406384658239362,0.9218460317966501,0.9085080245777923,0.9934964376945634,0.8659097723648843,0.9049289388238141,0.9698077026919338,0.8314344420445829,0.9425805352069323,0.9220929278982626,0.9241872911104614,0.9893419785656056,0.9284812646837413,0.9732924283946003,0.9787306038515087,0.9226673352539045,0.9950194567723258,0.9416326475614256,0.9107071188314297,0.7612216579618674,0.9425805352069323,0.9230883978750235,0.8470917731307437,0.9021920595690764,0.9276677015291237,0.9357714224531068,0.6128983289822003,0.9408215498230332,0.9306570238192788,0.992253595139168,0.9520910997702756,0.9200051783378669,0.9443834278905732,0.9462347596389562,0.9408215498230332,0.9613445688403954,0.9072908436117249,0.9481052266646686,0.9397362273534055,0.9443834278905732,0.9157820513002009,0.8739736319080156,0.9564441004788367,0.9443834278905732,0.9651152981916034,0.9072118677365058,0.8756817347288379,0.8434311705717132,0.9684426716848203,0.9985778460732367,0.9443834278905732,0.9859915085495976,0.9443834278905731,0.8731094375876021,0.874525994613078,0.9345679376246308,0.9443834278905732,0.9192327870446462,0.9443834278905732,0.892227310139666,0.9909735478358417,0.7328675086027917,0.8641286133251769,0.9481398354780852,0.8793655559872964,0.940821549823033,0.9294643302252341,0.9836426671336507,0.9931496147195411,0.9289761630622799,0.8851576851792985,0.7824413427816266,0.9945183240274952,0.9796090059367453,0.9648472157143733,0.8717526638790778,0.9072118677365055,0.9072118677365055,0.9391025641025641,0.836156712105833,0.9446283507116099,0.9443834278905732,0.9994608468667847,0.9443834278905732,0.8135338545309598,0.895658018147854,0.9501049319099923,0.9901683301057446,0.9573030985407216,0.9913221015557613,0.9839671309918707,0.9310020898787328,0.7823094817310381,0.9615633836644075,0.906225662433773,0.9481398354780852,0.8685695845092948,0.8897444847827971,0.8849815636158327,0.9425805352069323,0.9783779352946236,0.8367168811523636,0.9587434581480645,0.9533776220537196,0.8990395688839348,0.9264564493231813,0.8884720125034238,0.7391796780021604,0.9161682054358172,0.9744043118853651,0.9870570477782805,0.8868218163524274,0.9542468650366518,0.8935889455014907,0.9839671309918707,0.9279496229669748,0.8952465677470591,0.9542468650366518,0.8942061170670543,0.9816938982230914,0.9521375655065456,0.9232833700357419,0.8314344420445827,0.9481398354780852,0.9518720845713886,0.8413059349766405,0.940821549823033,0.9481398354780852,0.7291963589438358,0.9068909000027532,0.9732924283946004,0.8578487022942798,0.869652142294604,0.8745195447781486,0.9206364399566574,0.9008317218258527,0.944383427890573,0.7549051807603835,0.9980965995557116,0.9501049319099923,0.8620437945748278,0.972788098511996,0.9227946422906829,0.8467810416531494,0.9085080245777921,0.983192358288774,0.9489545460415916,0.9987442185491859,0.9568760853924658,0.8768500210969024,0.9836007803366518,0.835934570696941,0.9676769377237683,0.9306570238192791,0.9564441004788364,0.9666428003039548,0.9466378905596333,0.9489545460415911,0.987327403406299,0.9443834278905732,0.9501049319099926,0.963768909447943,0.841647352459978,0.9542468650366518,0.9783779352946236,0.8808946086335748,0.9443834278905732,0.8185778635188606,0.9542468650366518,0.6419607712966543,0.9400087493241338,0.9402788533216082,0.9762262925984149,0.9830316367629124,0.8990395688839348,0.8906557158215929,0.9187458821598233,0.9374201804111677,0.9810905333178255,0.9481398354780852,0.8851576851792986,0.9684966862646782,0.9357714224531068,0.902113512733081,0.961397387740879,0.899313523732862,0.7629300124923137,0.9387801780547111,0.9391025641025643,0.9425805352069323,0.7941884094978158,0.8040096295373866,0.8413059349766405,0.8426619793851033,0.9856980188943208,0.9443834278905732,0.9253078981734773,0.8887581074151091,0.7577906071962066,0.9098137391625776,0.9564441004788364,0.9419702363716833,0.9443834278905732,0.9443834278905732,0.9235293061149326,0.9254399973981589,0.8652955708526234,0.9443834278905731,0.8159190141289778,0.944383427890573,0.9581457206590638,0.8874458144092714,0.9000127878621025,0.9950603702402812,0.9592864686575604,0.6077326401296221,0.96673855361609,0.9731277155291385,0.9443834278905732,0.9328517848460851,0.7727146715827266,0.9632707892656025,0.9922289404403106,0.8695874503983433,0.9929388470523614,0.948139835478085,0.8289289085107752,0.9443834278905732,0.8823296233988795,0.7949735088840668,0.8457402940353762,0.8618934073469187,0.9462347596389562,0.9142211974023856,0.8445385534424806,0.9443834278905732,0.9204198120960365,0.9697938201485222,0.9443834278905732,0.8695874503983438,0.9376498548206776,0.9099932817368694,0.9373315073338576,0.8358455708251249,0.9443834278905732,0.9817890321429499,0.9859915085495976,0.8394089368969619,0.9926508288107969,0.956700313496318,0.8983688348924415,0.974031325464439,0.806261980939378,0.9481398354780852,0.9579262138531626,0.908006436853547,0.7756223220427976,0.8387970042600204,0.8334783699987671,0.9185582096194522,0.9722312205307762,0.9501049319099923,0.981668883187709,0.9443834278905732,0.8283710152571047,0.8922505553843605,0.9933728152939881,0.9094219082255505,0.9206732387984036,0.9980965995557116,0.8807508558135346,0.9462347596389562,0.9408215498230332,0.752997481908979,0.944383427890573,0.7445344547195003,0.929929306380985,0.8175127633112376,0.9542468650366518,0.9155178894548981,0.9564441004788364,0.9357714224531068,0.9230789959087817,0.9037510484217738,0.9836426671336507,0.9564441004788367,0.9314823107688821,0.9719504864824021,0.9813943157615574,0.931187321004146,0.9325645805415599,0.9291552782955315,0.9873274034062991,0.9518720845713888,0.9247323722236849,0.9270415213788148,0.830667028875826,0.9596253481255901,0.9341536654578786,0.9612320790184807,0.7901376869855635,0.9847746434135192,0.8864812773106736,0.9949392712550609,0.7964745191091298,0.8880494443586016,0.9151430007264558,0.927949622966975,0.9230789959087817,0.987241712597041,0.8572804327866937,0.9360793017497226,0.9279496229669748,0.9745100637941104,0.8348751429585499,0.9873274034062991,0.886295303731182,0.992253595139168,0.8484724767306469,0.9705887000705997,0.9542468650366516,0.9156987275487717,0.9148161375677795,0.9521375655065456,0.9321033235024668,0.9949392712550607,0.9391025641025643,0.9161682054358172,0.9732924283946004,0.7353041611363142,0.8958275172459764,0.9046463136602703,0.9425805352069325,0.9425805352069323,0.9670281084644332,0.9172018029880307,0.9391025641025643,0.8383588431708062,0.9443834278905732,0.9521375655065456,0.9443834278905732,0.9443834278905732,0.8547304391063584,0.9294643302252341,0.9666428003039548,0.9443834278905732,0.8703570845202449,0.9045042062693449,0.9860639133827616,0.9626344996583568,0.9643334551236287,0.9975400785495823,0.781537018615597,0.8934633408766899,0.8797343497299446,0.9374201804111679,0.9403311389782559,0.9783779352946236,0.9693293687840343,0.964759358905853,0.9567639152765359,0.8653600582128309,0.9919304969477558,0.9980965995557116,0.8977951267349016,0.9521375655065456,0.9429210844216704,0.9481398354780852,0.862900654870743,0.9836426671336505,0.9311873210041465,0.9294643302252341,0.9975421359095219,0.9551504908703918,0.8971337307079474,0.9294643302252341,0.9536751187028218,0.8582618811750675,0.9652792462742583,0.9913221015557613,0.9449459571559087,0.9869887399367074,0.9552016686278094,0.9830316367629125,0.9842997461902937,0.9391025641025643,0.9402648856068312,0.9234947902774611,0.8220529899137441,0.8853389382842847,0.9192692664872613,0.9587434581480645,0.8711318569200492,0.9713334155834983,0.8934633408766894,0.9945342715657757,0.7098888133138037,0.9352547073163471,0.9707482750842387,0.9443834278905732,0.9501049319099923,0.9483551875577272,0.9950603702402812,0.9062256624337728,0.9325645805415597,0.8300782512462536,0.9632197151594926,0.8963131347056483,0.7264700974208029,0.8385832488776672,0.9564441004788364,0.8609516351726342,0.9615633836644075,0.9130279113943873,0.9980965995557116,0.9535591865156562,0.9121267198599359,0.8562319953247268,0.8789436985072654,0.9023372645888428,0.9940376815396426,0.9772149079677255,0.9382270077513981,0.8444151276169702,0.8692466107210819,0.9192327870446461,0.9178801133263084,0.9676769377237683,0.9310020898787328,0.9462347596389562,0.92942605513267,0.928076972029101,0.8827041791382022,0.9425805352069323,0.9622208147425824,0.9259448639627611,0.9587434581480645,0.929929306380985,0.9873274034062992,0.8081868460461843,0.9321033235024668,0.9786393975617036,0.9985019938186508,0.9954159552893472,0.9187458821598233,0.9579262138531631,0.9341536654578786,0.9985778460732367,0.9501049319099923,0.8815382336298228,0.9443834278905732,0.9259002427416267,0.9703150995699106,0.9201764087344961,0.9226673352539048,0.9443834278905731,0.9676177866570976,0.843949805108731,0.9337059488987844,0.9573800935979493,0.9306570238192786,0.818871149657109,0.8698884442909975,0.8962721482935364,0.9652524543463294,0.9931496147195411,0.8928834502989915,0.8549640569324385,0.9521375655065456,0.9280769720291007,0.9220929278982624,0.5355980755969891,0.8956580181478542,0.7218199254077109,0.9455891145578187,0.9408215498230332,0.6419607712966545,0.9357714224531068,0.9673337013468153,0.9345041683711355,0.9652664241210924,0.9053333983232537,0.9542468650366518,0.9345041683711353,0.9325645805415599,0.7983939674149104,0.8358455708251249,0.9425805352069323,0.7155779114545315,0.9949392712550611,0.9425805352069323,0.9425805352069323,0.9926146421337171,0.9443834278905732,0.9492240215924427,0.9540876754119363,0.9443834278905732,0.830667028875826,0.8880494443586013,0.9732924283946003,0.9481398354780852,0.9521375655065456,0.9462347596389562,0.9425805352069323,0.9622208147425824,0.8733891874315001,0.9294643302252341,0.8810452932945139,0.9443834278905732,0.8434300581402193,0.9227946422906832,0.9279496229669748,0.9304364271146943,0.9368208004805825,0.6109888955508609,0.8039926851399137,0.9810860991992141,0.8562319953247263,0.9810860991992141,0.9345041683711355,0.9466378905596335,0.9610558594824403,0.9954159552893472,0.9568760853924656,0.9341536654578786,0.9732924283946005,0.892718972099533,0.9873274034062992,0.8434300581402194,0.8823567105447581,0.9443834278905732,0.9345041683711353,0.9026854380253433,0.9564441004788364,0.8771132983621985,0.8933873144399463,0.6487145310312646,0.9685147687693445,0.9980965995557116,0.9535653477353816,0.972190218957844,0.9443834278905732,0.9443834278905732,0.9770116951721675,0.9954207693560855,0.8210011597725755,0.8711318569200492,0.8862953037311823,0.9638235521263138,0.9276910050207684,0.9115671346601832,0.9786393975617036,0.980198291480832,0.9443834278905732,0.9332025653862874,0.9501049319099923,0.9587434581480645,0.9775127066593481,0.9542468650366518,0.8963131347056483,0.9443834278905732,0.9443834278905732,0.9877573767538772,0.9345041683711356,0.8912479056420379,0.9325645805415599,0.9268767184442956,0.9247323722236849,0.9010098990098927,0.9705887000705997,0.8187369563429274,0.8814645022799498,0.9443834278905731,0.9072118677365053,0.8534000560678872,0.9913221015557613,0.9008317218258525,0.9950194567723258,0.9479250108626797,0.8705150677206025,0.9500993698470401,0.9913221015557613,0.9808812248974236,0.9443834278905732,0.8639882305294255,0.9098137391625776,0.9945183240274951,0.9876263503039594,0.8522886486106361,0.9357714224531068,0.8959046461825673,0.9608919374786331,0.9088934360957929,0.9456280266959542,0.9367682382540639,0.8375506072874497,0.8917979759263728,0.9996171864694428,0.92498342966047,0.9009116118052929,0.9501049319099923,0.9425805352069323,0.9256097192573254,0.9220929278982624,0.9466378905596333,0.8359052719939719,0.9587434581480645,0.8956580181478544,0.9587434581480645,0.9587434581480645,0.8566930971914174,0.9536751187028218,0.9545845879666095,0.9950603702402812,0.9564441004788364,0.9325645805415597,0.9652792462742584,0.9396214630912765,0.9374201804111679,0.9425805352069325,0.8517032048589729,0.9175986829007592,0.9462347596389562,0.9023372645888428,0.9903850005315029,0.860031087893133,0.8868264176594565,0.9443834278905732,0.8854493278508869,0.944383427890573,0.9781302557243623,0.9564441004788364,0.8837352444465892,0.9754970377701452,0.900124644288798,0.9443834278905732,0.8385832488776672,0.8973974698261229,0.927949622966975,0.8662120140192138,0.8371106808609121,0.8480538253549333,0.9501049319099923,0.8587088030071146,0.8910049657068133,0.8136807882070665,0.9283704154275494,0.9722312205307764,0.8670141325583278,0.961397387740879,0.9722312205307764,0.7528355627636981,0.8886405262183212,0.7089672503139988,0.9058737633085543,0.9648472157143733,0.9772149079677255,0.9443834278905732,0.9425805352069323,0.937629852928981,0.9353159208540365,0.9087563085510972,0.8853389382842847,0.9115589596824278,0.9443834278905732,0.9245876756632574,0.8503465187788168,0.7047231634301022,0.9443834278905732,0.9347556769440266,0.7355179203693041,0.9542468650366518,0.9294643302252341,0.9425805352069323,0.9728510582879014,0.9349950396117983,0.9749533160412137,0.8969439783075258,0.9368208004805825,0.7756223220427978,0.914086135618449,0.9443834278905732,0.856430683461967,0.9443834278905732,0.9542468650366516,0.8564391918520342,0.8733592706140669,0.9587434581480645,0.9488793874960454,0.9545686391772523,0.9321736589336942,0.9151430007264558,0.9443834278905732,0.9667385536160897,0.9825960971690593,0.9378775141352143,0.9520639895971752,0.9072118677365058,0.8493047741087222,0.9178801133263084,0.9165049484215364,0.9483551875577272,0.9497014469643541,0.9376498548206776,0.9483551875577272,0.9581457206590637,0.9501049319099923,0.8745195447781486,0.9483551875577272,0.9587434581480645,0.92498342966047,0.9913221015557613,0.7718625469689402,0.9985778460732367,0.9165049484215362,0.782390359244386,0.8815270484708906,0.9466378905596335,0.978616554847229,0.9059247833199469,0.9386569025459168,0.9425805352069325,0.9325645805415599,0.9787053550194154,0.9159086277875701,0.9630848476738874,0.9262085954688271,0.9798892686647289,0.8996102754967266,0.8927189720995331,0.9462347596389562,0.9481398354780852,0.9630848476738874,0.778972981328365,0.9206732387984036,0.8564306834619668,0.9964955240981679,0.9501049319099923,0.9521375655065456,0.8922994432827851,0.9632197151594928,0.8796528197792706,0.9290437380995716,0.9178801133263084,0.9522647163066622,0.9810860991992141,0.9165049484215362,0.944383427890573,0.9875307435433601,0.854337988621932,0.8635636972691012,0.9613445688403954,0.8353044563359773,0.9521375655065456,0.8851576851792984,0.9563502722233992,0.9249834296604695,0.9391025641025641,0.7730775928071197,0.9705887000705996,0.8595337434443089,0.9712977076299154,0.9341536654578786,0.9682881335133366,0.9985778460732367,0.8733538362434858,0.8742016127287797,0.9481398354780852,0.9462347596389562,0.9403311389782558,0.9206732387984033,0.4710653144813738,0.9727880985119959,0.8796400151030106,0.9494945861822905,0.9980965995557116,0.9408215498230332,0.9396214630912764,0.8306670288758256,0.9637689094479426,0.9481398354780852,0.9035331210577762,0.9279496229669748,0.9521375655065456,0.9497014469643541,0.8362831678890309,0.9913221015557613,0.9564441004788364,0.9066666273465949,0.9542468650366516,0.9611114671059056,0.9521375655065456
p14_L,0.6583736334808723,0.8290729236694756,0.49089685351453005,0.8729459857220001,0.9081407584954335,0.7930216256782658,0.9685344995336287,0.9893289946482406,0.7111250964856439,0.8805321013495042,0.950032970511735,0.8719917721710351,0.8719917721710351,0.6612958663157698,0.8887031537352518,0.8931264078159533,0.8592557885656769,0.6444417956320397,0.8713241392270804,0.777261292804509,0.5559063292218188,0.9546090547625123,0.7747565840077362,0.9151097978869827,0.9884750465186468,0.7942397672655976,0.6633973273684846,0.8289196468355398,0.7772612928045087,0.8458439929666024,0.8399273627702617,0.8966498984496059,0.6799756573740221,0.9399853008239707,0.9081407584954335,0.7987040029681945,0.9464000616947872,0.6526605316883054,0.8868389261885843,0.7033196501686763,0.3754572006158251,0.9401592911631104,0.9268563572052282,0.7384578286564636,0.83296662955302,0.0,0.8577546337645545,0.7011448553335617,0.8874756666603187,0.8752188288756662,0.863144625566961,0.3804792356913761,0.7942397672655974,0.8238297618188462,0.8283520802831252,0.7149450398185471,0.8736361361040903,0.8474513194974065,0.9960236551203409,0.9811842421927843,0.7361781796848164,0.8726467593035596,0.7146066002698344,0.7776093051334354,0.7134558539687318,0.9023351544378755,0.9971657170975405,0.8112059017446307,0.6888277023168009,0.943944275485966,0.7138444288671493,0.6803001481072206,0.8474513194974067,0.6411154488836535,0.8474513194974065,0.6606757684131319,0.8522281152489958,0.8409422363051278,0.6838100926446342,0.9130739187281969,0.8455205739201661,0.8105612561473131,0.9351269324620519,0.7847714049076306,0.8474513194974065,0.7023160085843749,0.9174147708455931,0.9392958081559859,0.7659818880611555,0.8425062304790463,0.8474513194974065,0.6410273497905368,0.5034534843116272,0.7929890038120266,0.800590170860277,0.9125146264544824,0.6886755620186766,0.5721956693179601,0.47243789935958724,0.6822081174556238,0.7829555096552092,0.8512090022138852,0.758067327015418,0.877819912196104,0.8226383382300472,0.87450538386682,0.7612220266073089,0.40438200857607143,0.835845234953096,0.6889243317090956,0.5870678833155263,0.9639375320094616,0.618113171674515,0.858008780245124,0.9224293813249016,0.6748825811933985,0.9358720973653769,0.8745053838668202,0.753004194661622,0.6025876801410743,0.7384578286564638,0.6676017146552646,0.8378924306372835,0.9919930866166349,0.901712745970621,0.9315424154585299,0.9151097978869822,0.8601740385095916,0.9216094359850462,0.7454947939753191,0.6330719028637466,0.7865342546535388,0.9636604442148957,0.8868389261885843,0.7753164480525946,0.6694718711267944,0.824249061610733,0.7347920998413011,0.8631446255669608,0.837681573202268,0.44265765223843534,0.880532101349504,0.7815114106963608,0.5980723015232088,0.767667750471654,0.7505000080384587,0.7789905579994554,0.5395624732312847,0.9565341728446843,0.4700686570075434,0.9673760738300567,0.7178518370774016,0.801543041081112,0.7574104695779615,0.9693290100198146,0.813270806540765,0.8560959380864847,0.671430066620725,0.6281024018604393,0.7642551545812741,0.8812747880255425,0.9805584973345784,0.8831355897297659,0.5504377078014471,0.6881544980524122,0.611992654600209,0.7289798529096143,0.8125790533523579,0.8910797830157728,0.8004525449171709,0.9152760096032463,0.9805805193690228,0.8769921411614883,0.9688718291761993,0.7891270796645866,0.7444836546646443,0.87132413922708,0.7472573546067105,0.8683325787605126,0.7740611512494127,0.9075071777651167,0.8456209799365721,0.986986919165191,0.8425062304790467,0.649286621888211,0.8402086326706729,0.6458870474463094,0.9174283829309979,0.823829761818846,0.9424870447021076,0.8663821070003717,0.8553446938661144,0.516887058401351,0.5774109948018209,0.7728308648996429,0.8474513194974065,0.8525292702713729,0.8753130888167002,0.7011448553335611,0.6601030968427939,0.758450665105439,0.8425062304790467,0.8474513194974065,0.5721550614122268,0.70789323427999,0.880532101349504,0.8474513194974065,0.6220460959363749,0.7454947939753194,0.7400014937379535,0.6424897446589666,0.649415152860719,0.8036672692170923,0.8474513194974065,0.7251501112614622,0.8474513194974065,0.7786718808990998,0.562451238706728,0.5234175483735506,0.8474513194974065,0.9794775124237698,0.8474513194974065,0.5997523127205102,0.8875911926006819,0.751764579241271,0.5408555997735802,0.7541968808733645,0.48206560053722436,0.8663821070003717,0.9964282510843645,0.9034185850057544,0.8239895977372563,0.7027717669447282,0.8558536978680557,0.86881319137188,0.8901780867867963,0.7381405152970124,0.5768061896205465,0.7915822146302176,0.7652511784017193,0.7454947939753191,0.83296662955302,0.6514928080009299,0.8663821070003721,0.8474513194974065,0.9224072635718981,0.8474513194974065,0.8727437831146292,0.8791339019230815,0.863144625566961,0.7824175009197185,0.4690474301201707,0.8525292702713729,0.7419644967636327,0.8629895332841772,0.7006381973085793,0.9193265337488044,0.5977856673096373,0.8577546337645545,0.6434881190684358,0.7797355717041158,0.6991674426345758,0.8425062304790463,0.9035385528962288,0.5677848766862441,0.8868389261885843,0.7445757161568054,0.8398765318838073,0.8933930229124334,0.9964473010739453,0.7317489666940669,0.8631446255669613,0.559116793160813,0.6138231401464278,0.6717533223542927,0.87450538386682,0.6483811976215685,0.93749964230218,0.8589441452022816,0.9583388659333671,0.87450538386682,0.9350822269793176,0.6804204937250213,0.9383572431812324,0.5069053526582935,0.7882859379595077,0.7865342546535383,0.8150214976064614,0.6049391706139904,0.9614146902110094,0.7865342546535391,0.9871041288852482,0.3999097112691219,0.8713241392270801,0.7224720921346848,0.5785045305079193,0.5387304614205866,0.9635520084913607,0.9439442754859662,0.7277226075164045,0.9104951687217739,0.760510953624288,0.8688131913718801,0.5766935734772691,0.7639942657905032,0.8835463759940585,0.6803001481072208,0.7690173934179416,0.5192865655303466,0.9538443272854444,0.652641731897829,0.9338419956331192,0.6311576367183491,0.7384804898925308,0.6676106347508983,0.9293531176249471,0.7471799958307617,0.929353117624947,0.9808175010855649,0.7652511784017189,0.6886765770226346,0.8900920075447281,0.8474513194974065,0.8631446255669608,0.9760629650155648,0.7379948684824328,0.87450538386682,0.8687198626112251,0.9510949776770343,0.8474513194974065,0.8107481323062018,0.8745053838668202,0.9668737882218721,0.9783716953392732,0.6057750066464518,0.7137954780373752,0.8631446255669613,0.6628893026765184,0.4191267183653121,0.9884750465186468,0.8283520802831261,0.35837682069809973,0.8577546337645545,0.7766564997775929,0.4143876978718881,0.8238297618188459,0.7315107007633912,0.913073918728197,0.478379582512686,0.7333570970832715,0.48949893651554155,0.9728655304081575,0.8425062304790463,0.9934950289501912,0.7964729678899439,0.5785911684929408,0.5823241168708184,0.3182754142605617,0.8474513194974065,0.5752822983195438,0.772818506858594,0.8063677686700808,0.9343155790299882,0.880532101349504,0.6888576851369526,0.8474513194974065,0.8474513194974065,0.7902513044793089,0.909427042883791,0.5832735886375312,0.8474513194974065,0.9673760738300571,0.7277226075164047,0.8517809737813773,0.6019647342375725,0.473025203219285,0.818756766013445,0.6716321133329793,0.9942004754807299,0.37596096673195456,0.4682241808462124,0.8474513194974065,0.5681048478026514,0.7717319970471372,0.4854462144795715,0.5586317340028848,0.9424870447021076,0.8810571877808948,0.7865342546535393,0.5445456826900941,0.8474513194974065,0.4044215556175321,0.93456937654119,0.8230465742220037,0.643993904948228,0.8525292702713727,0.4492013315825133,0.8438664114883039,0.8474513194974065,0.7051330331381185,0.4921983114200362,0.8474513194974065,0.8138600973804697,0.7237443857746813,0.42178585916004707,0.3334342331982607,0.5635656406393581,0.8474513194974065,0.959643183235626,0.8542337969862146,0.973175933466236,0.9940477767481037,0.7980650640284745,0.9430417369362618,0.7246446620467375,0.661427966132629,0.9547667551050749,0.7987133315786559,0.659011934569181,0.8979075101614185,0.5862714853682522,0.9056699861809685,0.4838566124352571,0.8065302670697434,0.9301551713322505,0.6678300638446376,0.8474513194974065,0.9834355882551484,0.5678930766499428,0.9017738825251069,0.8455205739201663,0.8494334505433903,0.8376815732022682,0.779774303825683,0.959729146881798,0.8376815732022682,0.9977108311924809,0.8491014855124586,0.962571890789352,0.5977644339710749,0.8381886617003868,0.910815451996263,0.5386355035877102,0.880532101349504,0.9306289355147472,0.9471678806228916,0.5597840239989114,0.9034185850057542,0.8913301614198371,0.8410408697647229,0.7889848112238076,0.9919869926458931,0.7982800595270292,0.7498471757354801,0.7377732939515473,0.9805584973345784,0.6516926965600831,0.9950873314435653,0.9863953772221745,0.9557099233122189,0.8377234644584126,0.8193924747722743,0.7964800130998695,0.8466508559863981,0.7335206014455498,0.7039383718441655,0.9711749092497872,0.8660473967180331,0.8971194755967984,0.7672488112874079,0.9315184787847347,0.8065302670697434,0.3100593550485158,0.8193924747722741,0.7366462374160978,0.9557099233122189,0.9581594396286816,0.8751338079778581,0.754196880873365,0.7113199435443757,0.6507256788141,0.8840002147771934,0.7328142198016443,0.8745053838668204,0.9567574891897483,0.7417694988525496,0.9223679956787532,0.9913735929116652,0.8312760083946493,0.6633973273684857,0.8631446255669615,0.8745053838668202,0.8342175147017967,0.43472783948343974,0.5065672406919889,0.9805805193690228,0.8036672692170928,0.4693452169589256,0.9090901448355231,0.8329666295530205,0.5980723015232088,0.8474513194974065,0.8687198626112254,0.8474513194974065,0.8474513194974065,0.6155736862367027,0.8065302670697434,0.7333570970832713,0.8474513194974065,0.42764612198720053,0.5126794608836578,0.7652511784017191,0.7314243169496621,0.5838803162839274,0.6486104029845258,0.9102984603906217,0.9045220297573429,0.5329972971687891,0.828352080283125,0.9019806120754976,0.8687198626112251,0.7526313728371699,0.6457169815201856,0.5673811620423201,0.942835888877777,0.8556672059688397,0.8950826407984753,0.8520240514926345,0.7830932345387389,0.781267777081407,0.9547667551050749,0.8056590120509544,0.8150338313320775,0.9885059862978365,0.7993867692384725,0.7137508126292142,0.9074481834226484,0.7178518370774025,0.8065302670697434,0.7805334973937064,0.8577546337645547,0.8150338313320786,0.8345680916505782,0.9374996423021804,0.5705530306663325,0.4882253444760606,0.8631446255669608,0.6813051438102782,0.8329666295530207,0.9231804452818493,0.655715898186334,0.9510949776770345,0.4854462144795715,0.6708440357843798,0.8330390566949093,0.37221467039942224,0.5526200867665076,0.9045220297573426,0.3947081549442295,0.8778233501273753,0.9245582221577351,0.8207024395507381,0.8474513194974065,0.9301551713322505,0.788984811223808,0.8474513194974067,0.4984321652238557,0.8150338313320771,0.8376815732022687,0.9791740819083306,0.5170165224939056,0.978941563684899,0.5710978696675568,0.7772612928045097,0.5484604791813922,0.8455205739201661,0.7770696212271744,0.8376815732022682,0.8984966628597324,0.7603843913698034,0.8396211330702817,0.810561256147313,0.7602234467433697,0.6713509711231265,0.43239297339285476,0.750989605667945,0.8762697979988535,0.5471338429288737,0.4838550334905247,0.9862832385481691,0.8913301614198379,0.7876982253434957,0.8525292702713727,0.5349408122677364,0.7793253930554531,0.6950597120813968,0.8425062304790463,0.48739652069511585,0.42746057333258247,0.9931087807614842,0.8867340891154025,0.9547667551050749,0.8032516786914964,0.991373592911665,0.7023768826996022,0.7754480959188428,0.8559411895369927,0.810748132306202,0.9582532079042756,0.6580455422698798,0.8425062304790465,0.8966498984496056,0.9530913497448407,0.8474513194974065,0.7562403996467946,0.4578849925891869,0.5654171674324162,0.6617832117924068,0.8474513194974065,0.6972775786831023,0.3995721039444815,0.9377679483663657,0.9364410215438697,0.6218592656296806,0.7077520148020952,0.8797537553526911,0.9175045532634385,0.7261322018400173,0.9706003385965659,0.5655949739791954,0.6484331057516677,0.903538552896229,0.7735437615806577,0.8736361361040903,0.9547667551050747,0.7803519797910818,0.9530913497448402,0.9495187005855923,0.8179120212204941,0.9530913497448406,0.7489735433975485,0.8963062927163103,0.8491014855124583,0.837246526203516,0.5622685593021289,0.8745053838668204,0.8474513194974067,0.8662243010888355,0.47375045891485834,0.5766935734772691,0.8425062304790463,0.9636604442148959,0.8329666295530203,0.8425062304790463,0.8425062304790463,0.7562403996467942,0.8474513194974065,0.83296662955302,0.7582065891509938,0.8474513194974065,0.7863698116198286,0.88054038427379,0.9108154519962628,0.9547667551050749,0.9035385528962288,0.8525292702713729,0.8425062304790463,0.5135602449279479,0.746918904491858,0.8065302670697434,0.688267392946029,0.8474513194974065,0.7057714822717284,0.8835463759940588,0.7863698116198287,0.5891219327959358,0.7719079862167013,0.9834355882551484,0.8971486192661879,0.8107481323062022,0.9430586382393187,0.9131837385779651,0.8474513194974067,0.844276716107319,0.8601746999584791,0.964559563712973,0.5847255416845234,0.8409422363051282,0.9802543436154089,0.7723781563530422,0.8900920075447281,0.8906066300569966,0.5672598510341822,0.8474513194974065,0.9097909245104854,0.5609293510344819,0.8805321013495042,0.3755479919543053,0.94488575023713,0.976161069659627,0.6606876669548469,0.8376815732022682,0.5552184382417189,0.5095024425640391,0.8474513194974065,0.8474513194974065,0.7419644967636327,0.9781598206913764,0.8450846968388799,0.6222869998811826,0.5772628253567342,0.3998100661740057,0.5020109410726117,0.5822075675181466,0.7499333643923028,0.6369034557699986,0.8474513194974065,0.7011448553335604,0.9301551713322505,0.8868389261885843,0.2864448733951709,0.87450538386682,0.5064447283820381,0.8474513194974065,0.8474513194974065,0.4903020389898298,0.8491014855124585,0.5927185184787647,0.9546090547625123,0.4079456306382717,0.4453966970536706,0.782417500919719,0.8726932126773355,0.6937959074437037,0.4732737642812709,0.8474513194974065,0.6025445199534829,0.5985968029284527,0.8525292702713729,0.8745053838668202,0.804793141072971,0.9561368611860712,0.9403930807891376,0.7023160085843749,0.8838195340791777,0.6556735687766111,0.8474513194974065,0.6411154488836535,0.863813080755769,0.6978444715827212,0.8044336165219462,0.6353141957397936,0.8238297618188462,0.7144806256657383,0.5978512138129575,0.8687198626112251,0.990918066041172,0.6009932168713581,0.83296662955302,0.8152842490096178,0.8095788351686539,0.794239767265599,0.676634019783265,0.8631446255669608,0.8425062304790463,0.6273232964714008,0.9416466059407508,0.8198647486438817,0.826260433417243,0.8868389261885845,0.8791339019230815,0.9268563572052284,0.8868389261885843,0.9345108659116576,0.821843370787328,0.6880130601454364,0.8474513194974065,0.8533072052147275,0.9686052406023509,0.8150338313320773,0.6749052625189369,0.7072907830597371,0.8425062304790467,0.8316518279370475,0.6984050112439202,0.8525292702713729,0.38035758977109535,0.7526313728371696,0.7240222568357046,0.6647256790629092,0.8474513194974065,0.6410273497905368,0.9081407584954335,0.6426521145409052,0.8805321013495042,0.8220583003733801,0.8023756314129371,0.7872004093339172,0.8474513194974065,0.5579479432929699,0.372214670399422,0.8265670759404213,0.574849205466851,0.6276471057521895,0.5839293704189771,0.9301551713322505,0.5328587366681312,0.5912121828292618,0.8197125231562568,0.6356304562480712,0.774756584007736,0.7769745494039162,0.9130739187281967,0.7993867692384725,0.879446205011472,0.9061746092220466,0.9513878189094949,0.5297046888065391,0.7077844577972305,0.35310843584595797,0.8474513194974065,0.8425062304790463,0.539562473231284,0.33808371615721766,0.9790526010210379,0.4854462144795715,0.426435834405797,0.8474513194974065,0.5213114913144412,0.4416668095030156,0.8306159618407541,0.8474513194974065,0.6708532631343029,0.9922428343974103,0.87450538386682,0.8065302670697434,0.8425062304790463,0.5383820066116622,0.8176280354781977,0.8432960729191213,0.9676727676103687,0.9024313737039581,0.8486471396999457,0.35658892256058994,0.8474513194974065,0.8047561507942758,0.8474513194974065,0.8745053838668204,0.710848193974613,0.6686639708529309,0.8868389261885843,0.9791740819083304,0.5831187248964274,0.7144806256657383,0.8941109976626231,0.8474513194974065,0.7000293917446483,0.4892505313595168,0.8548994123249097,0.8559411895369927,0.8001083642174821,0.9693290100198145,0.8559411895369929,0.9931994816370736,0.7490499756120759,0.6950597120813964,0.4395099848645593,0.7490499756120759,0.703625890197016,0.7682973727239457,0.5548393680749215,0.7490499756120759,0.8868389261885843,0.8783244777580227,0.8525292702713729,0.7320373412726042,0.6857251024491388,0.950323832529861,0.8105612561473128,0.8752188288756657,0.7013264420854824,0.8557906375312165,0.7419644967636327,0.7902513044793091,0.8425062304790465,0.8662243010888357,0.46118712500571846,0.8306159618407543,0.4259127896377882,0.7990333251436634,0.7541440010099689,0.4362764183923268,0.7723781563530421,0.8838195340791779,0.9224293813249016,0.8641857753014397,0.8623452894440435,0.782417500919719,0.7708095015891328,0.8596721836742531,0.863144625566961,0.903538552896229,0.6362874528297984,0.8005901708602772,0.7628562402796717,0.8737541769657153,0.9862832385481692,0.7142035224336432,0.7375040200497078,0.8567357464876817,0.9688301974934606,0.8381223260612403,0.5112780196297095,0.9711671980160189,0.7539872981137927,0.9711276410364826,0.9571866859637568,0.7537731972140689,0.6273232964714008,0.7942397672655976,0.7473366678815674,0.9327316191991124,0.934973172118589,0.6147201943595271,0.7952136829404968,0.8931984346009121,0.6017626025820761,0.7446961858331158,0.8086497689974005,0.7603843913698034,0.7218595070931915,0.9151097978869822,0.69140775823669,0.7824175009197194,0.9224293813249014,0.6978602144931308,0.7656685799375635,0.7853875081560195,0.760510953624288,0.9524837083946815,0.6864410146634217,0.9557099233122189,0.46949478673321376,0.9158837497742318,0.5768866417491303,0.8831355897297659,0.8687198626112254,0.6782735428977853,0.8688245686240575,0.8658583554583827,0.8805321013495042,0.9135667123320277,0.8745053838668204,0.935418956087523,0.8687198626112254
p14_M,0.8388429655759457,0.9453030402757783,0.6392086814553968,0.9765510393593577,0.9526370111116407,0.9428375253830149,0.8705544178695597,0.8400240699667674,0.9103107362174547,0.9629078616894173,0.39319229787439447,0.9511016704226434,0.9511016704226434,0.9277359074596556,0.9604370865528187,0.8931410336709438,0.9481398354780852,0.9361160018916064,0.9610366993022688,0.9629078616894176,0.9326920846792619,0.4080645809418807,0.939931930051314,0.9542136024350836,0.42203304800755903,0.9361160018916064,0.9481398354780852,0.9220855717829912,0.9629078616894173,0.8205034403032454,0.9801704643354423,0.9652137684610216,0.9467071200650465,0.9243180392978654,0.9526370111116407,0.9610366993022688,0.2519374759750955,0.9467071200650465,0.9648659912110238,0.9348776724743586,0.9465146323386673,0.9373704232137268,0.9648659912110238,0.9187969445925777,0.9481398354780852,0.8577546337645545,0.0,0.9072120922355345,0.481106577474263,0.8991086132420372,0.957509435301382,0.9247654558966603,0.9361160018916064,0.945303040275778,0.9467071200650463,0.9859410630732461,0.9336544549523982,0.9526370111116405,0.8167620273274689,0.32225004320927764,0.9123992402861414,0.8425509890153138,0.9361160018916066,0.9465146323386673,0.9592404230051592,0.8362973223813348,0.957509435301382,0.8656814261022983,0.8242743687062485,0.9610366993022688,0.9748006002614296,0.9879700133881206,0.9773757151292215,0.8383948208633007,0.9526370111116405,0.6575615183751078,0.9425720985427188,0.9439253608596803,0.7937740955279338,0.9648659912110236,0.9439253608596803,0.994437324868074,0.9820451562749648,0.9361160018916064,0.9526370111116405,0.969757263765453,0.9425720985427188,0.8178422485024104,0.5923395571049686,0.9511016704226434,0.9526370111116405,0.9760557307924651,0.8738328753514066,0.8976747065462736,0.9820451562749648,0.9072120922355345,0.9731294478403805,0.6916094335135824,0.8320602288053403,0.8309916996778286,0.9859410630732461,0.9558359621451105,0.9526370111116407,0.9009385953642848,0.7381081220789001,0.11775954848708015,0.5749828502705504,0.8412006503024139,0.9412414838519025,0.8404791612293154,0.8842921321245039,0.9373704232137268,0.880848272833503,0.6070912069531367,0.2237494366831898,0.8580353179335032,0.9453030402757783,0.9610366993022685,0.9648659912110238,0.8676499406085267,0.9919066722185295,0.8931410336709438,0.9412414838519025,0.9801704643354423,0.9361160018916066,0.8020674121309703,0.17976939219420296,0.8705954752723887,0.9511016704226434,0.9209817665727265,0.881356890785397,0.9558359621451105,0.9652137684610215,0.9648659912110238,0.9481398354780852,0.9522752511635897,0.8872325694620833,0.957509435301382,0.19244580608505335,0.9496037211238537,0.8182087630929487,0.160128011110376,0.8362973223813348,0.950210721158117,0.9326920846792619,0.9166400151447351,0.9388267942128117,0.852744627559685,0.9348776724743586,0.8942600569458921,0.9493957255905625,0.9123992402861405,0.7704391635096576,0.9255818465700862,0.9652137684610215,0.9348776724743588,0.9413455330691154,0.9198856874256713,0.7683200278016402,0.9302947288966976,0.8504636644420461,0.9695808922938259,0.9386420076357269,0.8458639564984105,0.61875815359627,0.9220855717829912,0.9042162740830946,0.6502130055679127,0.982045156274965,0.855756563598304,0.9277359074596558,0.3008360691103116,0.9859410630732466,0.8846853407167915,0.7746021087667416,0.9579672831419932,0.9610366993022685,0.8794015740660157,0.9254476077793647,0.8941307528793183,0.9177151699279686,0.933902137070163,0.9617723288059055,0.9511016704226434,0.8686326671635054,0.7088403617432,0.8676499406085267,0.9082407355488129,0.945303040275778,0.9288957400617388,0.9842011665427951,0.9103107362174552,0.7645217555830743,0.834071026591791,0.9546672453375802,0.9526370111116405,0.9542136024350836,0.9496037211238535,0.9072120922355345,0.743512084093924,0.8991086132420372,0.9808926695348984,0.9526370111116405,0.7086229121455405,0.8039765114147406,0.9629078616894173,0.9526370111116405,0.907411648617012,0.9665480300996037,0.8941307528793183,0.8666662211060936,0.9532701319100471,0.9511016704226434,0.9526370111116405,0.8987613725012116,0.9526370111116405,0.8398896489883634,0.9131632661895819,0.9097101580843076,0.9526370111116405,0.7259549389991402,0.9526370111116405,0.7871715338102265,0.9560815611946236,0.9220855717829912,0.6893705290986214,0.9695808922938259,0.8166739329437203,0.9496037211238537,0.43518851942535797,0.9425720985427191,0.95466724533758,0.8063445760987145,0.9714058757497572,0.957509435301382,0.9061873961293254,0.8981086621953582,0.9505241704836669,0.9836644955542195,0.5777893346316239,0.9209817665727265,0.9481398354780852,0.9674484241224515,0.9496037211238537,0.9526370111116405,0.9092735418441047,0.9526370111116405,0.8831868126216347,0.9665480300996039,0.957509435301382,0.9839674685144806,0.8166739329437201,0.9542136024350836,0.9198856874256711,0.4220330480075589,0.9388267942128117,0.9439253608596805,0.8705954752723888,0.9558359621451105,0.950210721158117,0.9152949345126442,0.8547546403115025,0.9511016704226434,0.9592404230051594,0.9028184736650844,0.9648659912110238,0.8446109430683049,0.8413855291881586,0.9373704232137268,0.9141734198710232,0.9894212590166906,0.957509435301382,0.8911735721146647,0.8266980100945365,0.876724331949785,0.11775954848708015,0.8404791612293152,0.9198856874256713,0.9386420076357269,0.9901068178489287,0.11775954848708015,0.8944208730785339,0.826678007573604,0.9604535056538153,0.945204588509776,0.9277359074596556,0.9558359621451105,0.9243180392978654,0.8200790560505895,0.3222500432092781,0.9558359621451105,0.9695808922938258,0.7950937914413705,0.9610366993022685,0.8253049072689457,0.8976747065462736,0.6610146236200117,0.8547546403115025,0.9610366993022685,0.9526370111116407,0.9348776724743586,0.9496037211238535,0.957509435301382,0.8458639564984105,0.945204588509776,0.9558359621451105,0.9348776724743586,0.9220855717829912,0.8048222124436134,0.9155711502428496,0.9291067501802863,0.9131632661895819,0.8020674121309703,0.878184907373238,0.9514834428390286,0.9629078616894176,0.9518893725088029,0.9493957255905625,0.5577157597313234,0.9209817665727265,0.9155711502428496,0.9558359621451105,0.9526370111116405,0.9575094353013818,0.9092735418441047,0.9900588676412958,0.11775954848708015,0.9592404230051592,0.9511016704226434,0.9526370111116405,0.4220330480075587,0.9610366993022685,0.9648659912110238,0.4702009851420942,0.731943683951616,0.9386420076357269,0.957509435301382,0.8446109430683049,0.7543153079381835,0.9991256173192249,0.9467071200650465,0.9154704829797893,0.9558359621451105,0.9243180392978652,0.77886889345025,0.945303040275778,0.9166400151447351,0.9648659912110238,0.8114701760536347,0.9243180392978652,0.7929984735168571,0.3419997922501381,0.9511016704226434,0.9265867198367661,0.8931410336709438,0.8504636644420462,0.8211902596649285,0.769424390274753,0.9526370111116405,0.863708282603777,0.9231975163531971,0.9730862985612763,0.5180855146997329,0.9629078616894173,0.855756563598304,0.9526370111116405,0.9526370111116405,0.9348776724743586,0.9103107362174552,0.9354261958407399,0.9526370111116405,0.9629078616894176,0.9526370111116409,0.9277359074596556,0.61875815359627,0.834071026591791,0.9526370111116407,0.928895740061739,0.998394872319517,0.7489933234855091,0.7834252014543854,0.9526370111116405,0.6741869914826221,0.9681385641755447,0.8217667418575592,0.794245879311188,0.47777207406689026,0.913055425135971,0.9558359621451105,0.8400240699667674,0.9526370111116405,0.7965069792215318,0.9900588676412958,0.7640029251117034,0.872741602510198,0.9542136024350834,0.7507844886154756,0.9467071200650465,0.9526370111116405,0.9031349604797554,0.8481713308694636,0.9526370111116405,0.928895740061739,0.8388429655759455,0.763966814555039,0.7742042751539621,0.8458639564984105,0.9526370111116405,0.8543028581013088,0.8656814261022985,0.9604535056538153,0.7459780033283332,0.7742042751539622,0.9134510531460025,0.9575139843524121,0.9031349604797554,0.2237494366831898,0.9452045885097757,0.8941307528793183,0.939931930051314,0.8955045884064079,0.9175493208075458,0.7033362762738923,0.939931930051314,0.19244580608505335,0.9361160018916066,0.9526370111116405,0.9610366993022685,0.9082407355488131,0.8561342062066828,0.995812608116145,0.5008123449120355,0.9496037211238537,0.872583934455301,0.9542136024350834,0.9496037211238537,0.9439253608596805,0.9526370111116409,0.9453030402757783,0.6804197142284536,0.9518893725088029,0.9610366993022685,0.8890106760597565,0.9629078616894176,0.9453030402757783,0.9967391619170713,0.8527479267327549,0.998394872319517,0.9629078616894173,0.7634386319714809,0.9220855717829912,0.8991086132420372,0.9922127245794843,0.9425720985427193,0.6369695431207094,0.9558359621451105,0.9714058757497572,0.9061873961293256,0.7221285782062665,0.9386420076357271,0.9061873961293254,0.9439253608596805,0.9300668284196516,0.9461114643341089,0.817957176034668,0.953270131910047,0.9481398354780852,0.88783960618036,0.6430337485075466,0.9277359074596556,0.9386420076357269,0.9399319300513143,0.7710309431023977,0.995812608116145,0.7459780033283332,0.9386420076357269,0.5777893346316241,0.8006907814269044,0.9558359621451105,0.855756563598304,0.7953903888115902,0.969757263765453,0.9465146323386673,0.9610366993022685,0.8398896489883634,0.937582172017251,0.9592404230051592,0.9220855717829912,0.987327403406299,0.9481398354780852,0.9575094353013822,0.9610366993022685,0.9801704643354423,0.7594883020057135,0.963445136187024,0.3008360691103116,0.9511016704226434,0.8352434350141631,0.913451053146003,0.9481398354780852,0.9502107211581171,0.9526370111116405,0.1573927922435595,0.9526370111116405,0.9526370111116405,0.8309916996778286,0.9399319300513145,0.9714058757497572,0.9526370111116405,0.8222967889645658,0.8486977586224085,0.9665480300996039,0.9282894047452506,0.6741869914826222,0.7560495458914248,0.9103107362174552,0.9092735418441042,0.8507258744656068,0.9467071200650463,0.9314897302747827,0.9592404230051594,0.9231975163531971,0.7929984735168574,0.8656814261022985,0.5187931765066538,0.9467071200650465,0.9496037211238537,0.840203440748829,0.9592404230051592,0.6230375309310658,0.2237494366831898,0.9072120922355345,0.9983948723195168,0.9373704232137268,0.9967391619170713,0.85875093698411,0.47777207406689004,0.9123992402861412,0.939931930051314,0.9254476077793645,0.9558359621451105,0.9425720985427193,0.9736183137840244,0.5389339562048833,0.8666662211060936,0.8825210710884408,0.957509435301382,0.8998492893872088,0.9481398354780854,0.8454122479480872,0.6847877535121555,0.9808926695348984,0.7917437350152448,0.982045156274965,0.9648659912110238,0.7864057866094469,0.8567565353887989,0.9092735418441042,0.7893429363023051,0.9425720985427191,0.9134510531460027,0.8901811511257474,0.9526370111116405,0.19244580608505335,0.9681385641755447,0.9526370111116407,0.9042162740830948,0.9425720985427188,0.9496037211238537,0.4592062454100587,0.7507844886154756,0.9967391619170713,0.8178422485024104,0.9629078616894176,0.8006907814269044,0.995812608116145,0.8754910501451354,0.9496037211238537,0.9467071200650465,0.8650546456747354,0.9209817665727265,0.9386420076357269,0.8441193845389969,0.888214373845492,0.7803993678854959,0.8725553212046715,0.9714058757497572,0.842550989015314,0.759575737809846,0.9300668284196516,0.9629078616894176,0.9412414838519025,0.9542136024350834,0.7378604117312431,0.9505241704836669,0.9001110559421444,0.9511016704226434,0.76773864972953,0.7339919640924342,0.9648659912110238,0.8872325694620833,0.9558359621451105,0.969757263765453,0.4792255271138147,0.9373704232137268,0.9491737766988708,0.5187931765066537,0.9412414838519025,0.9051664401581994,0.9439253608596803,0.9511016704226434,0.19244580608505335,0.9648659912110238,0.9526370111116405,0.9243180392978654,0.94271688807292,0.8456902516433886,0.9254476077793645,0.9526370111116405,0.8911663603911606,0.898223706714796,0.9123992402861407,0.9277359074596556,0.6323242645777184,0.9760557307924651,0.889197195483969,0.8605003505071696,0.9839674685144806,0.9546672453375802,0.8607384721289721,0.9363467946367829,0.1573927922435595,0.5957189144811472,0.9336544549523982,0.9558359621451105,0.9665480300996037,0.9648659912110238,0.9324454498571317,0.9842011665427952,0.9648659912110238,0.9931163690142986,0.9859410630732461,0.9526370111116407,0.9166260538738976,0.6644014032156547,0.9610366993022688,0.9526370111116409,0.9425720985427191,0.8140865069385359,0.8458639564984105,0.9511016704226434,0.9652137684610215,0.948139835478085,0.9511016704226434,0.9511016704226434,0.9243180392978652,0.9526370111116405,0.9481398354780852,0.9134510531460032,0.9526370111116405,0.9944373248680742,0.8981086621953582,0.9610366993022685,0.2237494366831898,0.9592404230051594,0.9542136024350834,0.9511016704226434,0.7677386497295299,0.8676499406085265,0.939931930051314,0.8517363824474664,0.9526370111116405,0.9560815611946234,0.9558359621451105,0.994437324868074,0.8075195577599243,0.6124287930374472,0.955217505042218,0.9542136024350836,0.9412414838519025,0.9665480300996037,0.9412414838519025,0.2775029775378376,0.9209817665727265,0.9769855193139066,0.9300668284196516,0.8013106521092755,0.995812608116145,0.9610366993022685,0.9348776724743586,0.14916629112212654,0.9134510531460027,0.8846853407167914,0.9526370111116405,0.9526370111116407,0.6709853803344824,0.9629078616894173,0.9120113387690363,0.3419997922501379,0.995812608116145,0.836297322381335,0.9496037211238537,0.8051635979868561,0.7991647789411429,0.9526370111116405,0.9526370111116405,0.9198856874256713,0.7820663749515686,0.9917747991232293,0.9100318062103335,0.855756563598304,0.8583804773702237,0.7359365694375493,0.8133083257720886,0.9373704232137268,0.8255892557605071,0.9526370111116405,0.9478374857144207,0.19244580608505335,0.9648659912110238,0.9051147616874997,0.11775954848708015,0.8425509890153138,0.9526370111116405,0.9526370111116405,0.8192336313917981,0.9526370111116407,0.796719217938705,0.4080645809418808,0.9330323576683239,0.9465146323386673,0.9839674685144804,0.6098857693585711,0.8456366655300414,0.8933378821185829,0.9526370111116405,0.9209817665727265,0.8299192991696218,0.2519374759750954,0.9610366993022685,0.8941307528793181,0.8516044549634428,0.9166400151447351,0.969757263765453,0.9542136024350836,0.7306061607730863,0.9526370111116405,0.8383948208633007,0.9231975163531971,0.9061873961293254,0.6978837968928151,0.9086148915839569,0.9453030402757783,0.9113525537588967,0.741721235254971,0.9592404230051592,0.9119407584989208,0.8715757257382066,0.9481398354780852,0.9629078616894176,0.9765510393593577,0.9361160018916064,0.8255892557605071,0.9575094353013818,0.9511016704226434,0.7248986406633606,0.9336544549523982,0.9665480300996037,0.9265867198367661,0.9648659912110238,0.9209817665727262,0.9648659912110238,0.9648659912110238,0.5544682858415849,0.9254476077793645,0.9031349604797554,0.9526370111116407,0.9629078616894176,0.4080645809418807,0.9425720985427191,0.7489933234855091,0.9467071200650465,0.9511016704226434,0.933654454952398,0.9011161501496323,0.9542136024350836,0.8441193845389969,0.9231975163531971,0.8352434350141631,0.8144495911033482,0.9526370111116405,0.9375821720172512,0.9773757151292214,0.8039765114147406,0.9629078616894173,0.9373704232137268,0.9386420076357267,0.7704391635096576,0.9526370111116405,0.8178422485024104,0.7560495458914249,0.9386420076357267,0.8189630840562676,0.8383948208633007,0.8255892557605071,0.19244580608505335,0.8341860124462195,0.7259957902854574,0.8493193247742898,0.7605174113429305,0.9399319300513138,0.7300384715888374,0.9428375253830149,0.939931930051314,0.9526370111116407,0.6143757796228813,0.9348776724743586,0.8497130258115504,0.9092735418441042,0.7803993678854959,0.9526370111116407,0.9511016704226434,0.852744627559685,0.9042162740830948,0.623037530931067,0.8217667418575592,0.7993052872604915,0.9526370111116405,0.8027832026517656,0.7211764089919217,0.9765510393593577,0.9526370111116405,0.8507258744656068,0.9467071200650465,0.11775954848708015,0.9399319300513145,0.9511016704226434,0.9535189574016716,0.9361160018916066,0.6187581535962681,0.933654454952398,0.9145082620913982,0.9399319300513143,0.8078713388853839,0.9526370111116405,0.9324454498571317,0.9526370111116405,0.9610366993022685,0.9074116486170118,0.8921529459435535,0.9648659912110238,0.9312498291554212,0.906420669138204,0.9113525537588969,0.5352976416436223,0.9526370111116405,0.8749227387115646,0.8947718849987465,0.7806680179853033,0.9300668284196518,0.9665480300996037,0.9575094353013822,0.9300668284196516,0.928895740061739,0.9681385641755447,0.9001110559421444,0.8294595995241216,0.9681385641755447,0.9277359074596556,0.9575094353013822,0.6610146236200116,0.9681385641755447,0.9648659912110238,0.9361160018916066,0.9542136024350836,0.6981683188457657,0.9511016704226434,0.928895740061739,0.9386420076357269,0.899108613242037,0.5322230711047469,0.939931930051314,0.9198856874256713,0.9348776724743586,0.9511016704226434,0.9425720985427191,0.8550065733210688,0.5352976416436228,0.9082407355488131,0.8446109430683049,0.9177151699279686,0.9575139843524123,0.9348776724743586,0.9542136024350836,0.2237494366831898,0.9491737766988708,0.9011161501496319,0.500812344912036,0.932445449857132,0.9072120922355342,0.19244580608505346,0.1573927922435595,0.9527637399207101,0.9312498291554212,0.9097206700803182,0.9231975163531971,0.5187931765066538,0.9282894047452506,0.9412414838519028,0.928895740061739,0.2775029775378376,0.8792701714261306,0.8862516682966308,0.5900729478685124,0.9072120922355342,0.8922554897110133,0.9592404230051592,0.9714058757497572,0.9198202436892433,0.9361160018916064,0.9481398354780852,0.5100015725296023,0.9061873961293256,0.915294934512644,0.8362282632158899,0.3931922978743946,0.9189418419895967,0.9511016704226434,0.8911663603911606,0.8959232789032516,0.9558359621451105,0.2519374759750954,0.8941307528793183,0.9324454498571313,0.9558359621451105,0.945204588509776,0.8725553212046715,0.8993729787121678,0.9842011665427952,0.32225004320927864,0.8749227387115646,0.9386420076357269,0.9505241704836669,0.9558359621451105,0.8686326671635054,0.44760950280845857,0.1573927922435595,0.9001110559421444,0.9373704232137268,0.9542136024350836,0.9629078616894173,0.8931410336709438,0.9610366993022685,0.8924661473774316,0.1573927922435595
p14_Y,0.795158471787049,0.8850825988655409,0.7880288772623985,0.9922882207230793,0.9386131743457118,0.9261840328635951,0.8321508576886445,0.8634577354973155,0.3957606331687785,0.9698382173897018,0.8821881173643273,0.9343080653650264,0.9343080653650264,0.8481743454856236,0.9127193231986229,0.9576294462848489,0.926193613582623,0.8657807842755783,0.9181387543589392,0.9698382173897018,0.8205821124942525,0.9115001904163034,0.9975694426888291,0.978266726045558,0.9080787883543033,0.31150513415435455,0.8910426583248507,0.9630166227634938,0.9220700353609517,0.6742755981927382,0.38276867840637396,0.9528206548013267,0.8880325471109585,0.4664912192350086,0.9004911494084336,0.9181387543589392,0.9431134523268974,0.8880325471109582,0.9261840328635953,0.8631790748003905,0.8029012821767434,0.6834951804731655,0.973268291736611,0.8293937334241628,0.8910426583248507,0.7011448553335617,0.9072120922355345,0.0,0.8631790748003907,0.9975941150943759,0.9528206548013267,0.7053276815529945,0.340887779924714,0.9186255087204844,0.6658600919802014,0.8606091151654387,0.9175700816842534,0.9004911494084333,0.7353896350972999,0.8941182576784141,0.5163704030450027,0.8025817977918763,0.9245460758162976,0.9346986066201728,0.9143648077845039,0.7030425932579074,0.9528206548013269,0.993903062956262,0.8784875143873708,0.9637550377043789,0.8457599214352891,0.8631790748003905,0.9470207508424533,0.5273573578052204,0.9004911494084333,0.7775704755710067,0.8793449357816121,0.8821881173643273,0.5546946007198315,0.9261840328635953,0.9806621909815185,0.9014795552136841,0.8555570364268277,0.9539287215866565,0.9004911494084333,0.8386392613801179,0.8793449357816121,0.7714617987822613,0.8469422291476963,0.8972654241994793,0.9004911494084333,0.7880288772623985,0.7543983721682004,0.6555406814877165,0.9230974962457651,0.8050541516245486,0.7838320262642453,0.7796535661369801,0.4642586101301863,0.5681839184846456,0.8890895984248464,0.9072120922355342,0.9004911494084336,0.7944639691789508,0.7466247162709696,0.918138754358939,0.81816210455695,0.5090337006342596,0.9658034041649687,0.5202021819673656,0.7568996972756228,0.868416302574814,0.500835598899289,0.8226163932368094,0.9072120922355345,0.5898744363103743,0.9186255087204844,0.9637550377043789,0.9261840328635953,0.425846711344504,0.9753127882991037,0.7754910920028371,0.8765493364841213,0.8803629912326538,0.8657807842755787,0.6095406998163493,0.9038035415131251,0.9478819904249677,0.8972654241994793,0.868177003646666,0.466210456236548,0.907212092235534,0.9107280314569579,0.8727206163368166,0.8910426583248507,0.7319960563396481,0.9200771971014186,0.9107280314569581,0.9107280314569577,0.8941182576784144,0.7164109938154184,0.9220700353609517,0.5681175395425571,0.7486785825409106,0.7796535661369803,0.3401696150977628,0.9588425031171435,0.5612633520008061,0.9343853672893321,0.6045503801078262,0.9220700353609517,0.9998608860644457,0.8078920461843637,0.6976900259542135,0.9528206548013267,0.4427561552215171,0.8157281948363895,0.8808112651450144,0.9909352982477081,0.7957286869230606,0.7709433916215213,0.9478374857144207,0.8710878802609618,0.9091661222432339,0.7986186992005437,0.861388120972193,0.5942872991361925,0.8468337236578867,0.8832252198427537,0.9876110385585694,0.9545326346798217,0.8972654241994793,0.48433976986819594,0.8298036101328141,0.6236695398236436,0.9368021808115146,0.9181387543589392,0.879206137318884,0.9471617281634868,0.8386187115461279,0.9320416501036443,0.7037020519366335,0.8890895984248461,0.84343608764169,0.712073471388524,0.713653372357546,0.5346405698761151,0.9698226627224718,0.9186255087204844,0.8775434408290577,0.9301746946212588,0.9248036389822767,0.8197688297844967,0.6905736725001512,0.9310690449327772,0.9004911494084333,0.8996469044180135,0.8941182576784144,0.8187591924054027,0.6950062779402622,0.5832754092416701,0.8434360876416902,0.9004911494084333,0.7425172364281634,0.5594339613574498,0.9220700353609517,0.9004911494084333,0.7620459765125474,0.4958782682119087,0.469501280735824,0.5932897671622213,0.8365856713228098,0.8972654241994793,0.9004911494084333,0.9700596841602158,0.9004911494084332,0.6541142576673089,0.7015302244358868,0.6950062779402619,0.9004911494084333,0.7464364778318777,0.9004911494084333,0.6965607024597027,0.4852135506322879,0.8363030843630055,0.7568996972756219,0.9072120922355345,0.5650932414846004,0.8941182576784141,0.9356837142274772,0.8793449357816121,0.8850223322642587,0.7505660532532512,0.8666421769503914,0.9107280314569581,0.8468337236578869,0.9108977199969839,0.8093852229086023,0.8635867406865279,0.6944375937771126,0.3469587740380049,0.8980516101285151,0.7754910920028371,0.9662311315641035,0.9004911494084333,0.8543236069664746,0.9004911494084333,0.6763986517425729,0.8339840080055287,0.8788088518211972,0.9735469133022016,0.5650932414846004,0.8996469044180135,0.9472333807709244,0.8765493364841208,0.790134992674723,0.8821881173643273,0.6126005275537456,0.8896609403700341,0.767697190034957,0.661744585143653,0.938049423860699,0.8972654241994793,0.9581074754130985,0.851608393460721,0.9261840328635953,0.7107347180276313,0.8103602027798156,0.9281614381684167,0.5525877724757684,0.7741087980027945,0.9629940985099354,0.8905683720353899,0.9811701854422572,0.6825902048735597,0.918138754358939,0.5541583670793611,0.5050624702690548,0.9014795552136838,0.8964001233642003,0.918138754358939,0.9231780276724082,0.6645382311607282,0.9143648077845039,0.8007562706904359,0.8747639177841731,0.9072120922355345,0.8409934614190606,0.500835598899289,0.8941182576784144,0.9072120922355342,0.9072120922355345,0.6053548669512283,0.918138754358939,0.7034941328416634,0.6196131458243905,0.7754910920028371,0.887136929915016,0.9181387543589392,0.9004911494084336,0.8631790748003907,0.8941182576784144,0.9107280314569581,0.5628214791893209,0.8503036531113335,0.9072120922355342,0.8631790748003907,0.8877615129359306,0.6381319661689333,0.964437586083708,0.7837531465770202,0.7360915313142222,0.8556534870972712,0.8070119669906057,0.7698317489922796,0.9220700353609517,0.690182781903319,0.9220700353609519,0.8409934614190606,0.9829035021794312,0.8462532587112925,0.907212092235534,0.9004911494084333,0.5420678650662485,0.8992619910243471,0.8657807842755789,0.918138754358939,0.9106645217011186,0.8972654241994793,0.9004911494084333,0.876549336484121,0.8081635455684225,0.9261840328635953,0.8248620605884833,0.7043676824840557,0.8710878802609618,0.9209014751655666,0.7620459765125471,0.6648493753447458,0.939608240224485,0.6658600919801996,0.7405744975743298,0.9478374857144207,0.49213993476633966,0.6811263827035972,0.5111450237454747,0.7695818961734073,0.9261840328635953,0.5754866678916064,0.8409934614190604,0.5681072510584968,0.8910426583248507,0.8972654241994793,0.9441435106432322,0.7754910920028371,0.6166889413164325,0.49764683220478567,0.6449163766852781,0.9004911494084333,0.6236695398236434,0.8316668837854311,0.8693154315260125,0.9400835244061028,0.8868572365240478,0.7422672465945108,0.9004911494084333,0.9004911494084333,0.7608691747948085,0.9393092154479338,0.7785730132132771,0.9004911494084332,0.9220700353609519,0.9004911494084336,0.8481743454856236,0.7986186992005442,0.5430414974646122,0.9004911494084336,0.8506111344599003,0.8793449357816119,0.6713692504914521,0.6243237145092291,0.9004911494084333,0.7672051536759701,0.8363030843630055,0.5544532224696443,0.6308174949117705,0.8506111344599003,0.8388893842660101,0.9072120922355342,0.5284574960065476,0.9004911494084333,0.6029343589829006,0.8951634300459383,0.5665438955604645,0.6840372552010543,0.8603369936042411,0.6862414752389818,0.8880325471109582,0.9004911494084333,0.9685505339123424,0.5897392413169238,0.9004911494084333,0.9877950273251553,0.6792403976820471,0.6906189157633547,0.6548095377643222,0.513343673038762,0.9004911494084333,0.8270954911921131,0.6155119076792752,0.9143648077845037,0.8519509328812795,0.7715525389320448,0.8878245390380257,0.4300106228465218,0.8179959617530401,0.9072120922355345,0.9157299173985013,0.48985069272753146,0.9047408499968013,0.5383929620630329,0.8870564956568698,0.7466247162709698,0.9047408499968015,0.9107280314569577,0.8657807842755791,0.9004911494084333,0.9181387543589392,0.8518077187264235,0.7341970711272217,0.986513117812751,0.8861330274514618,0.8941182576784144,0.6711787717328581,0.9431134523268978,0.8941182576784144,0.9150128085700577,0.9004911494084336,0.9186255087204844,0.8219523908720772,0.8342122086024171,0.8081635455684225,0.5630620887834565,0.9698382173897018,0.9521684185754282,0.8737979857661256,0.5493708027116693,0.9115001904163029,0.9220700353609517,0.8053744783627397,0.9630166227634938,0.8508984486119917,0.8982888703716154,0.9436554450509949,0.8318544149375382,0.9478374857144207,0.8409934614190604,0.9346986066201732,0.9922471696552324,0.9318712301664058,0.5161458748655359,0.9208637354012903,0.355477258763375,0.7210151972039984,0.6442246235311494,0.8137531923054395,0.8910426583248507,0.7145102588321053,0.785927996772416,0.9922882207230793,0.9622629051191278,0.8737979857661253,0.6426632810836257,0.8880390441955599,0.7273035169968052,0.9161703950699842,0.8339840080055287,0.7105135752212726,0.9072120922355342,0.9247661785971233,0.8197688297844967,0.8640003271366141,0.7358080822712509,0.9906286789501814,0.66450739871287,0.6042319330248677,0.9143648077845039,0.8363030843630055,0.8910426583248507,0.891042658324851,0.9107280314569581,0.9637550377043789,0.8530715715896551,0.6582703472793452,0.8293937334241628,0.8972654241994793,0.8972654241994793,0.5378551071562843,0.93426616202541,0.8910426583248507,0.7486785825409106,0.9004911494084333,0.9143648077845039,0.9004911494084333,0.9004911494084333,0.5012137308395326,0.8737979857661249,0.8409934614190604,0.9004911494084333,0.5607659049120801,0.47295521916041117,0.8339840080055287,0.800865874587968,0.7672051536759701,0.6361794812938715,0.9248036389822767,0.831854414937538,0.48231889743742573,0.9566644487892413,0.8182692995544196,0.9143648077845041,0.45125089743799374,0.7807184510007574,0.5434374019122297,0.8530715715896549,0.8880325471109582,0.9301746946212588,0.6926361598913191,0.9143648077845041,0.7964881657302827,0.9072120922355345,0.8271827784463164,0.9436554450509942,0.8684163025748142,0.9356837142274772,0.5550171734642358,0.8506111344599003,0.30916019603667166,0.9096019646191432,0.921212962617662,0.988462879193307,0.8793449357816121,0.9038035415131256,0.8316811639781396,0.376392204751956,0.7036963731744641,0.9528206548013272,0.7740923424745036,0.891042658324851,0.7616694924319989,0.7838320262642453,0.8972654241994793,0.5708067358165667,0.8555570364268277,0.9261840328635953,0.6196444556599667,0.6509061416337206,0.9434536647730999,0.6974547860201485,0.8793449357816121,0.9496297805061304,0.9684660282518132,0.9004911494084333,0.9107280314569577,0.5616560370164884,0.8326546760306183,0.7464364778318777,0.7026367539674028,0.8941182576784144,0.8555570364268277,0.6692022510066771,0.9047408499968013,0.5071380788326793,0.969838217389702,0.6120177657968158,0.9208637354012902,0.9807918584831603,0.8941182576784144,0.8880325471109582,0.8775769108739102,0.9580835864837807,0.9014795552136838,0.8647796891736363,0.623521388694467,0.6289636884733207,0.8436121669911874,0.8666421769503914,0.5810718827719146,0.7281232494143242,0.934945830518652,0.9220700353609519,0.8765493364841208,0.8210270827904693,0.7188108778750544,0.8985152807152272,0.5983002819714994,0.9343080653650264,0.6662410538228924,0.6885006095798505,0.9764578705634923,0.9004522358555502,0.8896609403700335,0.8386392613801179,0.8613881209721932,0.9281614381684169,0.8964001233641996,0.8530715715896551,0.9342739522947866,0.98115618168567,0.9150128085700577,0.769350805310596,0.9107280314569577,0.9261840328635951,0.9004911494084333,0.9025193832676305,0.7363536831977768,0.6497898962927593,0.8433666659801877,0.9004911494084332,0.527864268553643,0.6897946650230156,0.9768375297301866,0.8481743454856236,0.8115643510074526,0.7880288772623985,0.6382339348020133,0.9735832100941229,0.8580690156021946,0.9310690449327768,0.617824764868073,0.8275845711806056,0.9143648077845039,0.8093852229086018,0.8890895984248461,0.9072120922355342,0.8339840080055287,0.9764578705634923,0.8861330274514618,0.8941182576784144,0.9261840328635953,0.8850825988655409,0.9175700816842534,0.9386131743457118,0.7428131761519019,0.7734151361490391,0.9637550377043789,0.680166576281505,0.9115001904163034,0.6684730098599263,0.5958066832896936,0.8972654241994793,0.9107280314569581,0.8910426583248505,0.8972654241994793,0.8972654241994793,0.8512219522049687,0.9004911494084333,0.9964955240981679,0.8878245390380265,0.9004911494084333,0.8710878802609621,0.8067562839765103,0.9181387543589392,0.9072120922355345,0.9544071893297127,0.7817171719766969,0.9343080653650266,0.6991105007686296,0.6071698088971891,0.9975694426888291,0.5824649584974353,0.9004911494084333,0.8181621045569498,0.9478374857144207,0.8710878802609621,0.6492636635197595,0.8203832829382249,0.9181387543589392,0.9038035415131254,0.9396082402244854,0.9332636707881306,0.8765493364841213,0.9004911494084333,0.9332636707881306,0.8982840634156588,0.8530715715896551,0.6936469051932468,0.8821881173643276,0.918138754358939,0.8631790748003907,0.9072120922355345,0.9110453505317178,0.4742729180198938,0.9004911494084333,0.9004911494084336,0.7891917881032462,0.9220700353609519,0.7166033796809947,0.8910426583248507,0.9150128085700577,0.6861769615434893,0.8941182576784144,0.7697603101998434,0.5543595232149123,0.9004911494084333,0.9004911494084333,0.9790714674787637,0.7714375964005051,0.8093852229086016,0.7188546094633952,0.5319725677681725,0.7048422525504889,0.68637754914493,0.5688586987452746,0.8684163025748144,0.7508348868338949,0.9004911494084333,0.8187591924054026,0.9107280314569577,0.9261840328635953,0.6862414752389816,0.918138754358939,0.5299542100750001,0.9004911494084333,0.9004911494084333,0.5598051842707881,0.9004911494084336,0.5599099371280908,0.8793449357816121,0.7198679518719373,0.8029012821767438,0.9422610511499967,0.8029012821767434,0.48458592357955876,0.707413850026738,0.9004911494084332,0.8339840080055287,0.5547687531058911,0.9038035415131251,0.8993961122593018,0.9782365805285064,0.8562560229243956,0.8487182984260195,0.8386392613801179,0.9431134523268976,0.7239994222777555,0.9004911494084333,0.5273573578052204,0.8640003271366141,0.4722134333843946,0.7507328041230001,0.7735043561911934,0.7459453927300795,0.9735805454270308,0.713653372357546,0.9581074754130983,0.5435016788702152,0.7001475257252701,0.8980516101285152,0.9220700353609519,0.7529820700361338,0.9539287215866568,0.5678189140604866,0.9629940985099352,0.9343080653650266,0.5270711041997359,0.8606091151654387,0.9332636707881301,0.8916193686628626,0.8727206163368169,0.8836238393968296,0.9261840328635953,0.8224467786369194,0.8318544149375382,0.9230944441073893,0.6012935456325088,0.9004911494084336,0.9220700353609519,0.8793449357816123,0.9920340456796234,0.6884403079439521,0.9223484979501002,0.8063934464761421,0.9115470187593032,0.5710278646828991,0.9038035415131251,0.6444536125420859,0.9077500810549197,0.689410549228217,0.7306481098961588,0.9004911494084333,0.7880288772623985,0.9767351992829902,0.6577887447144752,0.9698382173897018,0.8029854516603709,0.39951192087371457,0.7538361668590792,0.9004911494084333,0.5071380788326791,0.6196444556599667,0.8710878802609612,0.5039991857430808,0.4596763218690436,0.484629835527119,0.9107280314569575,0.4908520239374302,0.9247661785971237,0.7024194933499384,0.6290410203515513,0.8737979857661251,0.7101718456338553,0.9261840328635953,0.8737979857661253,0.9004911494084336,0.8443737802152147,0.8920984402161447,0.43443710360573207,0.8318544149375378,0.6455645291215144,0.9851427757797316,0.8972654241994793,0.49167100481607606,0.7281232494143242,0.7964881657302825,0.5544532224696441,0.5980580478379579,0.9004911494084333,0.578670718160756,0.7322408530672038,0.8481743454856236,0.9004911494084333,0.586231841614631,0.9566644487892413,0.918138754358939,0.8737979857661251,0.8972654241994793,0.7693231095545328,0.811010112250468,0.8202747130292045,0.9460505649436608,0.8438084733824514,0.9047408499968017,0.6335659320191853,0.9004911494084333,0.9983890748485311,0.9004911494084333,0.9637550377043789,0.7077376858099824,0.32079271488153327,0.9261840328635953,0.8832252198427537,0.7444892347028542,0.34144508405186336,0.8481743454856236,0.9004911494084333,0.9957193420889504,0.6118628674117652,0.8494688784699354,0.907654410875653,0.833984008005529,0.9528206548013269,0.8530715715896549,0.9339304145868406,0.8363030843630055,0.3874158939184734,0.6309081184961403,0.8363030843630055,0.8481743454856236,0.9107280314569581,0.7957286869230606,0.8363030843630055,0.9261840328635953,0.8991580495615463,0.9782667260455579,0.7754910920028371,0.8972654241994793,0.9314080535673726,0.8710878802609616,0.4784927903256816,0.833984008005529,0.9975694426888291,0.3822372173518688,0.9922240981208396,0.8063934464761428,0.8955682817755498,0.7039712096394911,0.8481743454856239,0.807215314088648,0.5568009425728833,0.9802091315076992,0.8203832829382254,0.8631790748003907,0.8996469044180131,0.9478374857144207,0.5238986163447115,0.8346950426236954,0.9454829014529342,0.8580690156021946,0.5310870437224249,0.9107280314569575,0.9143648077845039,0.7719688611645878,0.39740201134317055,0.8689227410273126,0.8823890152984235,0.8530715715896549,0.7472922667488597,0.9396082402244852,0.3952842872036959,0.9004911494084333,0.49407860794850034,0.8196118270222221,0.9266731033407902,0.44257253643535477,0.7230358401234303,0.9143648077845039,0.969237039075715,0.7956039782769546,0.340887779924714,0.96835352064406,0.8832252198427537,0.9335040689363964,0.7867157975290033,0.7658951740315127,0.8821881173643273,0.7647673775580166,0.9343080653650264,0.9315236837927896,0.7188840766706321,0.9478374857144207,0.9431134523268974,0.4491518687441165,0.3561386526183127,0.988462879193307,0.9970350635519409,0.5485533983361524,0.7934107475786716,0.9301746946212588,0.8941182576784144,0.5945752790510508,0.9622629051191276,0.8318544149375384,0.9072120922355342,0.4573967136894217,0.8710878802609618,0.9581074754130985,0.4717696491396839,0.9281614381684173,0.9824233631406698,0.9220700353609517,0.597143465470229,0.9637550377043789,0.7286291112416681,0.9143648077845039
p16_G,0.9325555912314609,0.919346293979701,0.8475066588280644,0.898061818514462,0.9301606414450718,0.9481929520311925,0.8380578737389106,0.8937772891070255,0.8677481975092114,0.945305581259918,0.6108094543919227,0.9278966962971924,0.9278966962971924,0.8934425806304627,0.7487932691077246,0.8424305171733326,0.9694672365613162,0.9057994954598185,0.9978387378693494,0.945305581259918,0.9674382549942214,0.28624511340355874,0.9518647719377948,0.9324854129452831,0.3449513367366037,0.9057994954598185,0.9386569025459167,0.885110846748371,0.945305581259918,0.9456357244650377,0.8968796530895524,0.9923551296406039,0.921416687638209,0.8099201004872929,0.9301606414450718,0.7593794827875705,0.5024097331093753,0.921416687638209,0.9481929520311925,0.9039735099337751,0.7364322046502403,0.9076492093936457,0.9481929520311925,0.8802615832433558,0.9235293061149326,0.8874756666603187,0.481106577474263,0.8631790748003907,0.0,0.8512300448035053,0.9373453016197317,0.7931869820434172,0.9057994954598185,0.9193462939797008,0.921416687638209,0.902169807736934,0.4278620480063472,0.930160641445072,0.6402815017801007,0.5559780058003146,0.8708278127936302,0.8313406383058033,0.7102058370180127,0.8616681034607223,0.37410749057162007,0.7586113066985587,0.7325957302550351,0.8725841171453628,0.9103632429051898,0.942546448360206,0.9947118295222932,0.9039735099337751,0.9301606414450718,0.7617041847450774,0.930160641445072,0.863574406845754,0.915319368665986,0.7824006240173303,0.9991356718078532,0.9481929520311925,0.9173148291382112,0.9095242312718104,0.8986240534007519,0.9057994954598185,0.930160641445072,0.8867504707956384,0.9165889433486548,0.7313982749191235,0.8129613112340852,0.9278966962971924,0.930160641445072,0.628406079651025,0.8313406383058033,0.8004859585899782,0.8986240534007521,0.8631790748003907,0.718803212733141,0.8872054689129857,0.7523634768121836,0.7507878712472869,0.5767438578411734,0.9589376456981176,0.9301606414450718,0.8160107059347597,0.7322842287112803,0.40169060016490543,0.7634606499829755,0.7213231837371263,0.9133573033767912,0.7647776604185779,0.7153825090783239,0.9076492093936457,0.7346965719236449,0.22867209830575597,0.481106577474263,0.7020592777806824,0.919346293979701,0.942546448360206,0.9481929520311922,0.8048424841938351,0.880261583243356,0.6815050920146568,0.9133573033767912,0.8968796530895526,0.9057994954598185,0.6637206115185432,0.5024097331093753,0.8091858387065827,0.9278966962971924,0.8834832246395514,0.8250541437737122,0.9348776724743584,0.9373453016197317,0.9481929520311925,0.24958794585016375,0.8102074567339503,0.8337181584291622,0.9923551296406039,0.4575465901506691,0.925687886831601,0.6424948870402414,0.4304236393274181,0.7586113066985587,0.7289983732370735,0.780228420804671,0.8770810709357257,0.8802681711979421,0.7828637719794274,0.9039735099337753,0.9034350857644682,0.7425590290337527,0.8708278127936304,0.7506461924034047,0.8625156829022365,0.9923551296406039,0.9039735099337758,0.6417639127964838,0.8818669950401858,0.9367714172515003,0.7079531137264354,0.8976033320700374,0.9348776724743584,0.9095242312718104,0.7280707215884723,0.83001867885316,0.5247946919816242,0.8091858387065827,0.8225535671978907,0.8986240534007519,0.7873050390084448,0.8934425806304627,0.5395918862952591,0.902169807736934,0.8306048913955286,0.943499367377416,0.7082685460280576,0.942546448360206,0.8221709206355943,0.6012544641739148,0.8438899131338642,0.8786664463981002,0.8468167119003356,0.9861688348869458,0.9278966962971924,0.8062915690984294,0.5924034462621115,0.8759325110447236,0.864695866516187,0.9193462939797008,0.8951528182413433,0.925687886831601,0.897346133022701,0.9972117617816116,0.7966441283324122,0.8708278127936302,0.930160641445072,0.9324854129452831,0.9256878868316014,0.8631790748003907,0.8894880255578919,0.8786176172006352,0.9278966962971924,0.930160641445072,0.8369438822012838,0.9891267388796451,0.945305581259918,0.930160641445072,0.7932226818260039,0.8834832246395519,0.8438899131338644,0.8033919351330514,0.6234489675473112,0.2975412420190968,0.930160641445072,0.8019398001857566,0.9301606414450722,0.6940974911232051,0.778393506769121,0.7738911443163006,0.930160641445072,0.5446200879780436,0.930160641445072,0.6387084546761888,0.9330721994137876,0.885110846748371,0.6900916662608548,0.5341989183880225,0.6854017038809372,0.925687886831601,0.6033119656904027,0.9153193686659862,0.6176648702392744,0.7144443181609983,0.8884027441326567,0.9373453016197315,0.8616681034607223,0.8497555614289232,0.8662187967802519,0.9152658504745881,0.7597147744459039,0.8834832246395516,0.9235293061149326,0.6550570703028789,0.9256878868316014,0.930160641445072,0.8662187967802517,0.930160641445072,0.8719297721085557,0.8834832246395512,0.9373453016197317,0.9003870625528829,0.6854017038809371,0.9324854129452831,0.8818669950401858,0.6333868655813946,0.7890122015407406,0.8681962088300327,0.8091858387065824,0.9348776724743586,0.7289983732370735,0.8236124075183944,0.7858276474562269,0.9278966962971924,0.939897739160851,0.8358337105628656,0.9481929520311925,0.7708702022977243,0.994394997580522,0.9076492093936457,0.8221709206355945,0.6936826492658865,0.9373453016197317,0.7917204089301277,0.9577309861632967,0.6854017038809375,0.40169060016490543,0.7647776604185779,0.8818669950401858,0.4152673461373093,0.8938342322827075,0.40169060016490543,0.7961129991402645,0.7444270925753016,0.9457697991278943,0.860162647158031,0.5505691504226694,0.9348776724743584,0.888402744132657,0.7346965719236449,0.555978005800315,0.9348776724743586,0.9348776724743584,0.6533064423153547,0.9978387378693494,0.9595870702998781,0.800485958589978,0.8666412439971052,0.7858276474562269,0.8786091103284602,0.5218111161012781,0.7558803379767072,0.9256878868316012,0.9373453016197317,0.7280707215884723,0.8886639795414617,0.9589376456981176,0.9826444393697191,0.885110846748371,0.6436993227178556,0.8755049702528586,0.8409735269221554,0.7925168269965812,0.7066057887820234,0.7963325329913546,0.7007068519990793,0.804986106975019,0.8677481975092118,0.9453055812599183,0.3741642093827756,0.8834832246395514,0.9391523542765099,0.9348776724743584,0.930160641445072,0.937345301619732,0.8662187967802517,0.5182085032569277,0.40169060016490543,0.939897739160851,0.9268729171371118,0.930160641445072,0.6333868655813945,0.942546448360206,0.9481929520311925,0.7799704074374372,0.6267431945606441,0.41526734613730953,0.9373453016197317,0.7708702022977243,0.5917628817181924,0.9133573033767912,0.9214166876382093,0.8102983379469871,0.9348776724743586,0.8884027441326572,0.6289406504293706,0.9193462939797008,0.8770810709357255,0.9481929520311925,0.6776993445174684,0.776400416556176,0.6947647484082906,0.3874017371893117,0.9278966962971924,0.891748039632827,0.681505092014657,0.7346965719236449,0.7363351033903187,0.6146797086208049,0.930160641445072,0.7990302904713595,0.8867504707956384,0.4995190281319578,0.7486681535782961,0.945305581259918,0.7873050390084448,0.930160641445072,0.930160641445072,0.9039735099337753,0.8677481975092116,0.7420093868007267,0.9301606414450722,0.9453055812599183,0.27270736953143904,0.5505691504226686,0.8300186788531602,0.7109524752172354,0.930160641445072,0.47129798407297996,0.915319368665986,0.5836636547121095,0.6358010061218786,0.930160641445072,0.8784785745857567,0.524794691981624,0.6929145667756798,0.6966041175566147,0.7176782276174087,0.735525798080956,0.9348776724743586,0.719616167520744,0.930160641445072,0.6554198825938786,0.9057994954598185,0.9321984580010821,0.8335947664755627,0.9324854129452831,0.5863910029134731,0.921416687638209,0.930160641445072,0.8571671175052396,0.7313982749191235,0.930160641445072,0.8951528182413433,0.7179007902469756,0.5577592420131452,0.6219038091010767,0.7280707215884723,0.930160641445072,0.6966041175566147,0.8019398001857567,0.9398977391608507,0.529021028014011,0.6219038091010769,0.87237876929314,0.8739376826205691,0.7493206485585407,0.481106577474263,0.8601626471580308,0.8438899131338644,0.9114262935403585,0.7975726767650841,0.7222880144673942,0.9055516706319404,0.9114262935403585,0.4575465901506691,0.7102058370180124,0.930160641445072,0.942546448360206,0.9812493295822693,0.9527685259154718,0.9173148291382112,0.6961750005784243,0.925687886831601,0.7445279106416736,0.9324854129452833,0.925687886831601,0.9602126215445623,0.930160641445072,0.919346293979701,0.8072184427640989,0.6882827697884466,0.942546448360206,0.7887795529709354,0.945305581259918,0.919346293979701,0.9114262935403585,0.9633025269402347,0.9573422906623259,0.492850717268689,0.9094295857951739,0.885110846748371,0.9060051895977654,0.9076492093936457,0.9153193686659862,0.8401367850119443,0.9348776724743586,0.888402744132657,0.6216037212533724,0.8896995177233736,0.9095242312718104,0.8616681034607223,0.9173148291382112,0.8968796530895524,0.7900755252357377,0.7514131795808174,0.9815195207917641,0.9235293061149326,0.744427092575302,0.38808491110707144,0.8934425806304627,0.9095242312718104,0.9114262935403588,0.6171092475060518,0.9173148291382112,0.9711745964301752,0.9095242312718104,0.402912773531358,0.6616678205445088,0.9348776724743586,0.8233538596579564,0.7391005667079222,0.9143869606810529,0.8616681034607221,0.942546448360206,0.6289406504293706,0.8512300448035053,0.939897739160851,0.9834599236267052,0.9235293061149326,0.9235293061149328,0.9373453016197317,0.942546448360206,0.8968796530895526,0.599622321006329,0.8336913088833138,0.44277162858479524,0.8784627882818804,0.7570572912227629,0.87237876929314,0.9235293061149328,0.9526929828593393,0.930160641445072,0.43127372142724874,0.930160641445072,0.930160641445072,0.7507878712472869,0.9114262935403585,0.5752823129694751,0.930160641445072,0.7379667423202652,0.776896438891528,0.8834832246395514,0.8523570829488287,0.8784785745857567,0.8995921868852625,0.7770765763289149,0.8662187967802519,0.7798870083823577,0.9214166876382088,0.8438899131338642,0.939897739160851,0.8867504707956384,0.7802590308511557,0.8019398001857565,0.17579150102611263,0.921416687638209,0.9728091693196088,0.6757424958515799,0.939897739160851,0.35580841462232204,0.481106577474263,0.6162723477160389,0.915319368665986,0.9076492093936457,0.9114262935403583,0.791720408930128,0.7176782276174087,0.8708278127936304,0.9114262935403583,0.8900683556162929,0.9348776724743586,0.9153193686659862,0.9324854129452833,0.7007879143669735,0.8033919351330516,0.857976177822354,0.9373453016197317,0.7714208233143978,0.923529306114933,0.9317391554400474,0.3941190153424563,0.9763068251524243,0.6929145667756798,0.8986240534007519,0.9481929520311925,0.6402815017801007,0.7887795529709354,0.8662187967802517,0.7094050528368512,0.8325430993559758,0.87237876929314,0.8640981341508669,0.930160641445072,0.4575465901506691,0.9178938723744823,0.9301606414450718,0.760018112416501,0.915319368665986,0.9256878868316014,0.7036282940476735,0.5863910029134731,0.9114262935403585,0.7313982749191235,0.945305581259918,0.6616678205445088,0.9173148291382112,0.8164046358495622,0.925687886831601,0.921416687638209,0.8214199807746343,0.8894609565966471,0.5344217736533479,0.7457121875949586,0.8351658835405404,0.6963322432650534,0.8120757404207615,0.8884027441326565,0.7678326855976578,0.6403525432840239,0.8968796530895526,0.9453055812599183,0.46856656338437097,0.9324854129452833,0.9054351602161334,0.8662187967802515,0.8527082022594996,0.9278966962971924,0.7219521587193671,0.6288207363876017,0.7890004138281903,0.833718158429162,0.9348776724743584,0.7818119149988476,0.7214928457382913,0.9076492093936457,0.8646958665161868,0.5324564417508568,0.9133573033767912,0.860162647158031,0.9173148291382114,0.9278966962971924,0.4575465901506691,0.9481929520311925,0.930160641445072,0.8884027441326567,0.8209028603955166,0.9726201634571445,0.9918037916582512,0.9301606414450722,0.8395187517114717,0.8446455664904101,0.8708278127936304,0.4810706168043106,0.8066745118424044,0.8512300448035051,0.8366151086510358,0.9091657983546457,0.9003870625528829,0.5875762045353282,0.7946511399266383,0.8497555614289232,0.43127372142724874,0.8107723431911639,0.4278620480063471,0.9348776724743584,0.5002224101444159,0.9481929520311922,0.9003870625528829,0.9256878868316014,0.9481929520311925,0.9193462939797008,0.9021698077369342,0.930160641445072,0.8078677539469967,0.8696634603459948,0.9425464483602057,0.930160641445072,0.9153193686659862,0.6815750787003163,0.7280707215884723,0.9278966962971924,0.9373453016197317,0.9235293061149328,0.9278966962971924,0.9278966962971924,0.888402744132657,0.930160641445072,0.9235293061149326,0.8723787692931401,0.930160641445072,0.89188505620146,0.7963846579627885,0.942546448360206,0.481106577474263,0.939897739160851,0.9324854129452831,0.9278966962971924,0.6575177348239953,0.8048424841938353,0.9114262935403585,0.7813770585443967,0.930160641445072,0.6117270746813569,0.9348776724743584,0.9095242312718104,0.7161768939012274,0.3301031806462068,0.942546448360206,0.9324854129452831,0.9133573033767914,0.8834832246395514,0.9133573033767914,0.5218111161012755,0.8834832246395516,0.8917480396328272,0.7821219002581776,0.9731861601478647,0.953991793642735,0.942546448360206,0.4535282027860247,0.481106577474263,0.9027254843534638,0.7828637719794271,0.930160641445072,0.930160641445072,0.8755805834645085,0.945305581259918,0.8174731012109202,0.5711534589748459,0.9173148291382112,0.7586113066985587,0.925687886831601,0.7127029003211305,0.7038573083499979,0.930160641445072,0.930160641445072,0.8818669950401858,0.5863910029134731,0.8662187967802517,0.7330510092157585,0.7873050390084448,0.861654458885643,0.9711439321333816,0.7247127539531704,0.38963557932582094,0.7428216675369566,0.930160641445072,0.8631790748003905,0.4575465901506691,0.9481929520311925,0.8313406383058032,0.40169060016490543,0.7678326855976576,0.930160641445072,0.930160641445072,0.6891809709913197,0.9203771106130235,0.700251192779044,0.6224284893742786,0.7714208233143977,0.8616681034607223,0.9003870625528829,0.8225535671978906,0.7947790397858991,0.7876402536148123,0.9301606414450722,0.5326589556821018,0.7492065571164643,0.5024097331093753,0.942546448360206,0.8970782185921151,0.7796360613549946,0.8770810709357255,0.5166618236344366,0.9324854129452831,0.932198458001082,0.930160641445072,0.7617041847450774,0.7818119149988476,0.8616681034607223,0.45110737609002116,0.8149622918828372,0.919346293979701,0.8692844153563803,0.5221842620390498,0.939897739160851,0.8192881242230785,0.8106312724801406,0.9235293061149326,0.945305581259918,0.8934425806304627,0.9057994954598185,0.7428216675369566,0.9373453016197317,0.9278966962971924,0.8924184088006116,0.902169807736934,0.9807928612526089,0.891748039632827,0.9481929520311925,0.915919770177237,0.9481929520311925,0.9481929520311922,0.31157683223790045,0.8900683556162929,0.8571671175052396,0.930160641445072,0.9922673407988162,0.2021992694108793,0.915319368665986,0.5836636547121095,0.9214166876382095,0.9278966962971924,0.9021698077369342,0.8541902695104422,0.9324854129452831,0.9336022679318307,0.8867504707956382,0.8230786677459692,0.7910065895958047,0.930160641445072,0.6557936520481548,0.9301606414450718,0.7109524752172356,0.945305581259918,0.9076492093936457,0.909524231271811,0.5151651358713849,0.930160641445072,0.7313982749191235,0.6402815017801006,0.9095242312718108,0.7330510092157583,0.7617041847450774,0.7428216675369566,0.4575465901506691,0.755498062897018,0.9378659482854855,0.9860290819203161,0.6468696176183644,0.9923032503352311,0.5547170345685692,0.9481929520311925,0.9268197928698959,0.97998139075904,0.826322696624229,0.9448504224708837,0.7783935067691212,0.8662187967802519,0.6312465358534839,0.930160641445072,0.9278966962971924,0.7828637719794271,0.7600181124165011,0.8336446986877302,0.6929145667756798,0.6810657669964666,0.930160641445072,0.709192875147219,0.4890149346272382,0.8934425806304627,0.930160641445072,0.7798870083823577,0.921416687638209,0.40169060016490543,0.9114262935403585,0.9278966962971924,0.7887795529709354,0.9057994954598185,0.8300186788531598,0.9021698077369342,0.5750136842564297,0.9114262935403585,0.6266151617573601,0.930160641445072,0.9003870625528829,0.930160641445072,0.942546448360206,0.8267851661932402,0.8409735269221552,0.9481929520311925,0.8986240534007519,0.7496245029951334,0.8692844153563803,0.13357794871251716,0.930160641445072,0.7693535739719672,0.7539334992316542,0.9500824894598039,0.46112345360590823,0.8834832246395519,0.9373453016197317,0.8968796530895524,0.8951528182413433,0.8851108467483708,0.8527082022594994,0.659600286898018,0.8851108467483708,0.8934425806304627,0.9373453016197317,0.8666412439971052,0.8851108467483708,0.9481929520311925,0.4030101030002783,0.9324854129452831,0.49636894003220844,0.9278966962971924,0.8951528182413433,0.812448771190768,0.8786176172006355,0.6948416833705329,0.9114262935403583,0.8818669950401858,0.9039735099337753,0.9278966962971924,0.915319368665986,0.8280856771220078,0.7243154844685673,0.7273670127525249,0.994394997580522,0.8786664463981002,0.8739376826205694,0.9448504224708836,0.9324854129452831,0.481106577474263,0.9604739388846895,0.9516481525905319,0.6961750005784247,0.9003870625528829,0.9210178056318983,0.45754659015066923,0.43127372142724874,0.9267664330488057,0.8986240534007524,0.8911972942203898,0.8867504707956384,0.42545695953343365,0.8909247408413743,0.995767454475303,0.8951528182413433,0.5218111161012753,0.797883296168314,0.8358962373639192,0.7701252849114623,0.8920984402161445,0.8857564329475807,0.774271106561012,0.9775185201428762,0.9305456914770995,0.9057994954598185,0.4792775980820809,0.7036282940476724,0.890375224309939,0.9230322340171795,0.9695930258774621,0.6108094543919227,0.8772115323314946,0.9278966962971924,0.8988098532959032,0.8433939534005064,0.37492189564673617,0.45103656456888974,0.8438899131338646,0.9003870625528827,0.9348776724743586,0.7408186994739365,0.812075740420761,0.8484660858448074,0.7915844182403535,0.41461415833629267,0.7693535739719672,0.9095242312718104,0.7520434595496039,0.9348776724743586,0.8062915690984294,0.6535762011693864,0.43127372142724874,0.8527082022594994,0.9076492093936457,0.9838585814857688,0.945305581259918,0.9988813525559972,0.942546448360206,0.9039508692101612,0.43127372142724874
p16_K,0.8303983862037825,0.8750464770419488,0.7695167286245364,0.885277268430531,0.5666574724668763,0.9197374370356892,0.9381720080616232,0.9235895860666609,0.7330308199921359,0.915264150341758,0.871899210769451,0.690739810203405,0.6205786567951308,0.8349149021845172,0.8515439151062536,0.8517122542586355,0.9853165951415537,0.854058970287624,0.9162100923845101,0.9605021604012389,0.8766919365111492,0.8688077246092831,0.9213841230197592,0.8954023823601893,0.8657679762547947,0.881885284132552,0.8815270484708906,0.37027758086571594,0.9605021604012387,0.7072023694241159,0.8660856746685754,0.6585745878536229,0.9432506800820843,0.8513970488424685,0.6027602604390545,0.9109895373928905,0.9326301365954337,0.8782540541553359,0.919737437035689,0.8512300448035051,0.7856879905096839,0.8318821987925464,0.8898187755722912,0.5175872874957959,0.9481052266646683,0.8752188288756662,0.8991086132420372,0.9975941150943759,0.8512300448035053,0.0,0.9029316112204657,0.6795929602942512,0.8540589702876233,0.875046477041949,0.8782540541553359,0.8484356419795887,0.8484356419795889,0.8918007079504506,0.6177451369481318,0.8848712502248579,0.7640440123193725,0.8110397858461247,0.7563726358833756,0.8480961504580375,0.9068859994145182,0.4316081784506337,0.9029316112204655,0.6242778216945584,0.850433639323495,0.9109895373928905,0.8322896183891506,0.8512300448035053,0.9279034959226291,0.39171615150535255,0.8918007079504506,0.7581449596587464,0.8688077246092829,0.9029852527308231,0.5630565694992187,0.9197374370356894,0.9029852527308233,0.9173933468462485,0.8429423482710732,0.9511568327978744,0.8918007079504506,0.824547087224186,0.9906159803016454,0.6495193090649372,0.9550027520873317,0.8882932693469463,0.8918007079504506,0.7695167286245359,0.640312574812359,0.6966573862269401,0.8953476735959469,0.7299710757240543,0.7649533525616217,0.760409973505993,0.6532826143625079,0.46646179426536527,0.8484356419795889,0.8991086132420372,0.8918007079504511,0.9037129486387014,0.7244966034744011,0.9109895373928902,0.8022815916598935,0.637469745641972,0.7162003046354738,0.5926379750641225,0.7356689330100852,0.8569246572337172,0.6586797211583435,0.8071248883001414,0.8991086132420372,0.5006726368643766,0.875046477041949,0.9109895373928902,0.9197374370356888,0.5811305750586618,0.9782208021038779,0.7558839765538492,0.8657679762547947,0.8402398194588374,0.8540589702876249,0.5576001375870865,0.8954023823601893,0.9834427280955562,0.9233738460510834,0.9605168422040375,0.7103297025861832,0.8991086132420372,0.9029316112204655,0.8898187755722903,0.8815270484708906,0.6704803039722533,0.6628786345579242,0.9029316112204655,0.9029316112204655,0.8848712502248577,0.8028989236413739,0.9152641503417578,0.6552203442592563,0.7987747811961463,0.7797903006735192,0.8515439151062538,0.6090788248723271,0.5620025351905058,0.7379563692395454,0.5521903666172374,0.9152641503417578,0.41518222818854766,0.9320524381165516,0.7844122909378581,0.9427946840319121,0.9607803343920256,0.776405426878833,0.8402452115728432,0.722604775436946,0.7750496320948064,0.8397575161487002,0.8991086132420372,0.8598295527538453,0.5466235471120899,0.7810313952077224,0.8220068840377226,0.860468306704006,0.8064907104924681,0.9215503362583839,0.4831073423082709,0.8600960853075243,0.8882932693469463,0.8754075788101026,0.8283651257343856,0.9042775317045786,0.7586426076971269,0.9541896299485402,0.9705746765709283,0.9034103072534105,0.8159596094081116,0.9716793934501753,0.9059550597738315,0.956323389301645,0.8882932693469463,0.8032612705870187,0.6886457615829866,0.5124430448849773,0.8717776477143991,0.875046477041949,0.8375645041075974,0.9190178597011771,0.690134315825824,0.6212030430021862,0.4853097070860479,0.7998787575170994,0.8918007079504506,0.8954023823601893,0.9785423118698662,0.913768019961585,0.9098944481519371,0.9129392013430873,0.8882932693469463,0.8918007079504506,0.7200304036493881,0.5008338994456725,0.915264150341758,0.8918007079504506,0.8231943418333463,0.9840221034099068,0.7600662924298718,0.8766615192798501,0.797487634323575,0.8882932693469461,0.8918007079504506,0.8808597757870643,0.8918007079504506,0.5510424788355974,0.6566740276930516,0.714747636843047,0.8918007079504506,0.7217225598591726,0.8918007079504506,0.9221209764289937,0.8242724495767535,0.8220068840377226,0.7356689330100845,0.8991086132420372,0.5271113765339912,0.9531644691774956,0.8920802319381607,0.7657675083136284,0.8652903420416289,0.7897849550206899,0.8271068874433853,0.9029316112204655,0.9022712097485504,0.897441605436377,0.9519132041712033,0.9040850593609377,0.9135063197922983,0.9840221034099075,0.9853165951415537,0.755883976553849,0.8078092644882721,0.8918007079504506,0.5901693537318441,0.8918007079504506,0.7825024213066947,0.8194852749688186,0.8977530247223018,0.8456737070075293,0.5271113765339912,0.8954023823601893,0.4851018125748551,0.8657679762547947,0.7718067781551381,0.8718992107694512,0.67126479769468,0.8991086132420372,0.7267298407698883,0.762752310983017,0.38814981882174293,0.8882932693469465,0.968836846578246,0.6516583495331278,0.919737437035689,0.626080256282479,0.626080256282479,0.8569246572337172,0.9885116600976737,0.7334327783369405,0.9774791703451947,0.6202229201541383,0.5595998467500141,0.5590708985830015,0.9109895373928902,0.41577115741667037,0.8402452115728436,0.8598295527538451,0.8928928709017296,0.9109895373928902,0.7593754299344584,0.4494463031064234,0.906885999414518,0.8040092425999463,0.8600960853075241,0.8991086132420374,0.8271068874433856,0.5019413578167947,0.8848712502248579,0.8991086132420372,0.8991086132420374,0.5708891847023696,0.9109895373928905,0.525219062819692,0.9348291368579736,0.7558839765538492,0.7854798146755873,0.9109895373928907,0.8918007079504509,0.9060051895977652,0.8848712502248586,0.9029316112204655,0.5153854942590722,0.7829188650128037,0.8991086132420372,0.8512300448035055,0.8929170447517265,0.6223230164132663,0.6332532500882414,0.7698097246159112,0.9185194121022682,0.9926767425152361,0.829909803436208,0.7832254159893205,0.9152641503417578,0.690134315825824,0.915264150341758,0.972847855837883,0.7104095009137856,0.829509762764606,0.8700500341066802,0.8918007079504506,0.9427946840319119,0.8140172455445058,0.8540589702876249,0.9109895373928902,0.968836846578246,0.958454422755221,0.8918007079504506,0.8657679762547947,0.9109895373928905,0.9197374370356892,0.809566677308712,0.8149892189741984,0.8598295527538451,0.9774791703451948,0.5288934206558598,0.635579547928814,0.8657679762547947,0.8942577551010464,0.6612963237243663,0.9469971516571073,0.9485576944388001,0.756454096229181,0.99788865014971,0.8741365422785895,0.9197374370356892,0.5384124957060241,0.8271068874433853,0.512605590538103,0.8815270484708906,0.8882932693469463,0.882031676017458,0.7558839765538492,0.47059368514848476,0.43576123667031963,0.6139057336845777,0.8918007079504506,0.5141623544384958,0.8725825827815015,0.854261670360065,0.9206180783388167,0.9152641503417578,0.582685266275268,0.8918007079504506,0.8918007079504506,0.8512300448035053,0.7330308199921363,0.6998953667208339,0.8918007079504506,0.915264150341758,0.8918007079504511,0.8349149021845174,0.7810313952077226,0.6560758230419159,0.8918007079504511,0.8375645041075976,0.8688077246092829,0.6426688256255344,0.5915146452977841,0.8918007079504506,0.7468743994599158,0.8220068840377226,0.5155421289950246,0.5096507111488053,0.8375645041075974,0.7222635305394678,0.8991086132420372,0.4694060856468919,0.8918007079504506,0.5682572856600578,0.8540589702876249,0.8866410178144252,0.9754740012934731,0.8954023823601895,0.6403125748123593,0.8782540541553361,0.8918007079504506,0.6917022034184575,0.7433904691724262,0.8918007079504506,0.8885760308062551,0.7370681548379503,0.8448416754391184,0.6065288178577124,0.45290938855303586,0.8918007079504506,0.8969040386200435,0.6925347048005415,0.94831171741693,0.7347168883482378,0.6539114135243742,0.4060475233331491,0.9512747218348597,0.7787147951083382,0.8991086132420372,0.8035724596321663,0.6829800927640504,0.8627763408565621,0.6371333181186006,0.749362984299951,0.7244966034744014,0.961400312653846,0.9029316112204655,0.8818852841325537,0.8918007079504506,0.9109895373928905,0.8537244508503077,0.67363475484966,0.7239822437327117,0.8456737070075291,0.8848712502248577,0.9137446770215866,0.8954023823601895,0.8848712502248577,0.9029852527308235,0.8918007079504511,0.8750464770419488,0.7423862717108196,0.7951076341784313,0.8730099998288605,0.5951531435577457,0.9942598295392804,0.7755251227351134,0.9213841230197595,0.8620372432414981,0.8992597885323734,0.9152641503417578,0.6982710048696414,0.5840846342736307,0.9923252188511813,0.8569246572337172,0.8688077246092833,0.7927381955186612,0.8700500341066799,0.8814111757676198,0.7856879905096841,0.8202278216204196,0.9173933468462487,0.9313070303891746,0.9029852527308235,0.9177773850880528,0.6753893346121229,0.6636307094210181,0.8623569179096042,0.9813943157615574,0.7964972051821707,0.7672323711995876,0.7873673509703809,0.7084419915531276,0.9506880141013583,0.6272904044802816,0.8718992107694514,0.6841261201765072,0.8523514767841367,0.8194852749688188,0.7312953161277054,0.8991086132420372,0.8648227175150932,0.700820640643967,0.8725825827815012,0.9438766497141194,0.8730099998288606,0.9295799524629866,0.9878282767717947,0.989737435419342,0.8932759018403602,0.8815270484708908,0.8815270484708908,0.9376160975337483,0.9109895373928902,0.8402398194588376,0.628425951290742,0.8144941163224848,0.8882932693469463,0.8882932693469463,0.8022697277786742,0.9118372554209269,0.8815270484708906,0.7267298407698883,0.8918007079504506,0.9068859994145184,0.8918007079504506,0.8918007079504506,0.4030388651584641,0.8627763408565616,0.8271068874433853,0.8918007079504506,0.6521177471685606,0.5618010671915766,0.9135063197922982,0.9569791965440528,0.7468743994599158,0.5864267310891791,0.7951076341784313,0.9731922541970477,0.5045364000590178,0.9107523671187097,0.9701320087397534,0.9068859994145182,0.9926713216747904,0.7604205667775612,0.7437273671300287,0.8402398194588374,0.8292611291742987,0.9785423118698664,0.9287629979487784,0.94831171741693,0.778714795108338,0.8991086132420372,0.8718549723951896,0.9601639163785549,0.9450433420557232,0.8627763408565621,0.5365971794483233,0.8375645041075974,0.9602787658929596,0.697665292919458,0.9982924189598988,0.6392086814553967,0.9906159803016457,0.8954023823601895,0.9969075183938431,0.6712525274893115,0.6917908199187002,0.9029316112204655,0.8494598249994321,0.9481052266646686,0.7729829738292474,0.7649533525616217,0.8882932693469461,0.5929786536727562,0.8429423482710732,0.919737437035689,0.5864267310891792,0.5286002210435236,0.9306341541453588,0.5969261743603316,0.8688077246092831,0.8458646816703471,0.6094923723692459,0.8918007079504506,0.9029316112204655,0.9170322411079062,0.8918007079504509,0.7390657782147771,0.8266716361598099,0.7395160455356355,0.8953476735959469,0.640312574812359,0.8627763408565621,0.4461317954987096,0.9152641503417582,0.5602843470700183,0.9726705794236884,0.3486011632362238,0.8848712502248577,0.9267560680644199,0.9010913711471289,0.8194852749688186,0.8598295527538451,0.7651801979711411,0.8818500860815499,0.5965598437405215,0.5576392368982963,0.8271068874433853,0.7949030905713739,0.7043793415035686,0.513613800297704,0.915264150341758,0.9254867932704707,0.9556866006988333,0.836692729474388,0.7178436538869117,0.9715210997591821,0.8882932693469463,0.5656126745131147,0.6612963237243663,0.919737437035689,0.5327803328042116,0.8700500341066801,0.9446358261174748,0.8220068840377224,0.8569246572337172,0.9381853435996284,0.8402398194588376,0.8356379386668251,0.7833556479805837,0.8718992107694505,0.8882932693469461,0.9029316112204655,0.9197374370356892,0.8918007079504506,0.8271068874433856,0.7133285666562676,0.580310539487569,0.8296873519133925,0.8918007079504506,0.8124984997946185,0.6260262656416014,0.4805938127130762,0.8349149021845172,0.7951076341784316,0.7695167286245359,0.840208794282717,0.8822675847642031,0.8722512319713729,0.821682619025276,0.5782198476084099,0.8461326119911254,0.9068859994145184,0.7927381955186614,0.8484356419795889,0.9760557307924651,0.8194852749688188,0.9197374370356886,0.622775793715592,0.8848712502248586,0.919737437035689,0.8750464770419488,0.8484356419795889,0.8918007079504509,0.7459823772107216,0.7536267205171054,0.8730099998288605,0.9637881401608364,0.7962195722367191,0.5327942467904985,0.45290938855303586,0.8882932693469463,0.9029316112204655,0.8815270484708906,0.8882932693469463,0.8882932693469463,0.8271068874433853,0.8918007079504506,0.8815270484708906,0.8022815916598937,0.8918007079504506,0.8598295527538451,0.7672323711995879,0.786609814717561,0.8991086132420372,0.9068859994145182,0.8954023823601895,0.8882932693469463,0.5656126745131145,0.4952711623415559,0.4925380553482679,0.6811616419810019,0.8918007079504506,0.8022815916598935,0.8991086132420372,0.8598295527538451,0.5069285489789649,0.84906557575255,0.9109895373928902,0.8954023823601893,0.8953567556825013,0.9454621129724836,0.8657679762547947,0.8918007079504509,0.8194852749688186,0.8322896183891506,0.9694690955075296,0.7705391939117874,0.9340712946921956,0.9973897225041903,0.8512300448035053,0.8991086132420372,0.8022815916598935,0.5620025351905058,0.8918007079504506,0.8918007079504509,0.7868507695068558,0.915264150341758,0.654354681011506,0.8815270484708906,0.8718992107694512,0.3836912857773581,0.8848712502248577,0.4821738355076173,0.4976409704132787,0.8918007079504506,0.8918007079504506,0.9333007944490224,0.7209960511861117,0.7927381955186612,0.6020859340186555,0.5494926249529357,0.6539114135243747,0.6589878493055454,0.45958282727276334,0.8569246572337172,0.42152997971602524,0.8918007079504506,0.7880288772623985,0.9029316112204655,0.919737437035689,0.640312574812359,0.9109895373928902,0.6658095283733705,0.8918007079504506,0.8918007079504506,0.5213614955590757,0.8918007079504509,0.5036845798461153,0.8688077246092831,0.6954030811565284,0.7856879905096839,0.8988287569352165,0.8064907104924686,0.5898471478013136,0.6818613208532702,0.8918007079504506,0.8194852749688186,0.4384719250147032,0.8954023823601893,0.9541896299485404,0.9701320087397534,0.7640947307550557,0.809566677308712,0.824547087224186,0.5461813041111443,0.7171230173651975,0.8918007079504506,0.37569212016020936,0.824547087224186,0.9854820896796883,0.7651380987955885,0.7133285666562676,0.9661224319476248,0.5105733407587822,0.7564918793683924,0.8445596925710099,0.9952693309372403,0.6668702584907439,0.9148161375677795,0.915264150341758,0.8377297172163947,0.9931905395122682,0.42152997971602557,0.9029316112204655,0.8882932693469463,0.7694993230249235,0.6390975582406436,0.9135063197922979,0.9936131799117732,0.8898187755722906,0.8194852749688191,0.842207828724286,0.967348383883694,0.7927381955186616,0.9245694636198808,0.7528079343576732,0.8193769882721237,0.915264150341758,0.8688077246092829,0.7657675083136286,0.7396698797955299,0.9107523671187101,0.6205786567951308,0.9563233893016447,0.9349027668523879,0.8954023823601893,0.7235707094314454,0.824547087224186,0.7225320083521889,0.7215755028506647,0.8918007079504506,0.7695167286245359,0.8915825642164801,0.5939790536034186,0.915264150341758,0.9167530562399291,0.859829552753846,0.8467313342340728,0.8918007079504506,0.5400029556061996,0.5864267310891791,0.9674790649689442,0.44270268728329254,0.6320766216825049,0.4845561734994335,0.9427946840319121,0.5666974610516493,0.8150337555315947,0.8526331808902763,0.5943299994299132,0.8627763408565621,0.6658979418798263,0.9197374370356892,0.9213841230197595,0.8918007079504509,0.9894548112064281,0.8512300448035053,0.525059146028148,0.814017245544506,0.5965598437405215,0.8554797762443018,0.8882932693469463,0.6279087340094365,0.7043793415035686,0.7787147951083382,0.5465167388661174,0.5629551099183081,0.8918007079504506,0.4884239673570294,0.7088565492849235,0.8349149021845172,0.8918007079504506,0.45533194413928635,0.8782540541553361,0.9109895373928902,0.8920802319381609,0.8882932693469463,0.6727647087858126,0.7285463220384465,0.9933702205113829,0.8484356419795889,0.884721487697329,0.8920802319381609,0.6173205650869931,0.8918007079504506,0.9417060932817201,0.8918007079504506,0.9541896299485402,0.7260075062067273,0.6554344714478357,0.919737437035689,0.7378150491299368,0.8129963694010416,0.9862814203896617,0.8600960853075241,0.8918007079504506,0.6783237951844956,0.6339107526684677,0.7491266691749363,0.8402398194588376,0.8194852749688188,0.9029316112204655,0.8402398194588372,0.8818720990497849,0.8220068840377226,0.7089359856743492,0.5629551099183081,0.8220068840377226,0.8349149021845175,0.9029316112204655,0.7558839765538492,0.8220068840377226,0.919737437035689,0.9511568327978744,0.8067755837578552,0.7558839765538492,0.8882932693469461,0.8053548090017988,0.8598295527538453,0.813706679457969,0.8194852749688188,0.8734886394090501,0.9038519355176635,0.7379563692395446,0.8661426937240924,0.8688077246092833,0.9287716197093545,0.8349149021845175,0.8114940044756471,0.7556627037846378,0.8914721281849781,0.8046967529941973,0.8786176172006352,0.8954023823601893,0.8991086132420372,0.9381853435996286,0.8841973660331205,0.6227757937155924,0.8456737070075291,0.9975941150943759,0.9029316112204657,0.9068859994145182,0.8765199725585482,0.9477529989208207,0.9274504612235903,0.57500921830937,0.8402398194588374,0.9584609106773334,0.9254867932704707,0.8630702674569268,0.8918007079504509,0.728732776981466,0.7956369567836057,0.8144941163224848,0.7090145519408564,0.8472949371168359,0.9068859994145182,0.8271068874433853,0.8822857460367495,0.8540589702876233,0.9481052266646683,0.8429423482710732,0.9729124703547429,0.8708197216224045,0.8598229162754327,0.871899210769451,0.9330781049279402,0.9935349994593583,0.8883469526733002,0.7645147187573917,0.8991086132420372,0.8954023823601893,0.7215231925969611,0.9519838068629043,0.8991086132420372,0.7003044865353543,0.6274967810713226,0.7724060619963704,0.9531644691774961,0.8848712502248581,0.50048852920617,0.8598295527538451,0.7927381955186616,0.937582172017251,0.6282262581489628,0.8598295527538451,0.9068859994145182,0.6490216891931364,0.9700858004968942,0.8954023823601893,0.915264150341758,0.9374655347908343,0.9109895373928902,0.931020379219081,0.9068859994145184
p16_L,0.8091417233107613,0.9473756291574582,0.9029316112204657,0.9810522968844484,0.9544316996038,0.9661972965770262,0.8455226223395758,0.8795806938693147,0.9137092609592146,0.217913666538759,0.9915113877198731,0.9529545363721539,0.9529545363721539,0.9810522968844484,0.9197987094973854,0.7563499748428757,0.9501049319099923,0.9385367079941813,0.9625131050152524,0.9643133649175286,0.8990962871160681,0.9447481688519046,0.9422080421889416,0.3710808425201906,0.936582663250047,0.9385367079941813,0.9501049319099923,0.9250379219402804,0.9643133649175286,0.8594113239051477,0.9327167510955896,0.9591194968553456,0.9487265052554266,0.9271857963192043,0.9544316996038,0.9625131050152524,0.9559485503920393,0.9487265052554263,0.17313387011495374,0.9373453016197315,0.9097421633544902,0.9397435965156078,0.7469130923202991,0.9856046735880618,0.9830316367629123,0.863144625566961,0.957509435301382,0.9528206548013267,0.9373453016197317,0.9029316112204657,0.0,0.8650600761076828,0.9385367079941813,0.9473756291574582,0.9487265052554263,0.9361684345174046,0.5220816122841561,0.9544316996038,0.8596511358036816,0.9515133476881703,0.9157186269856046,0.8809287459442816,0.9385367079941818,0.6724208586082547,0.9607848936032954,0.8425003792101684,0.9591194968553456,0.7522076383746096,0.8246016337990572,0.9625131050152524,0.9293685115305117,0.9373453016197317,0.9730533608234009,0.8336278801756608,0.9544316996038,0.8981423730059304,0.9940867605460231,0.9460501530640812,0.8414864259682344,0.9661972965770262,0.3671267955594145,0.9987774230311344,0.933854925314779,0.9385367079941815,0.9544316996038,0.9261077324693099,0.9940867605460231,0.9190179585155585,0.7317870625198584,0.9529545363721539,0.9544316996038,0.9029316112204655,0.8597779310791209,0.9381630884742409,0.9864847804128756,0.9107280314569578,0.9010097382828823,0.8990962871160681,0.8745544649449793,0.8692431301086108,0.9903434298372484,0.957509435301382,0.9544316996038,0.9071558877260777,0.9199989838706862,0.9625131050152524,0.9167305843279034,0.8064521668392981,0.9434679740971852,0.8305224216507391,0.8886765593703843,0.5488494918604485,0.9213426026941538,0.9187703462526826,0.957509435301382,0.8989918865893685,0.9473756291574582,0.2565536071556338,0.966197296577026,0.8726649773302662,0.9393439644390172,0.7563499748428755,0.943467974097185,0.6000646044143432,0.9944277784719997,0.8430068540646947,0.9559485503920393,0.8754988991654497,0.9529545363721539,0.9239759423528264,0.8858525408230951,0.957509435301382,0.9591194968553456,0.9661972965770262,0.9501049319099923,0.7054246227170565,0.7351924063018282,0.9591194968553456,0.9591194968553456,0.9515133476881703,0.8875935086546555,0.9643133649175286,0.8745818404295127,0.8849118467483819,0.7505631992694413,0.9197987094973854,0.9440100680280117,0.8438269625091802,0.937345301619732,0.9049485083889179,0.9643133649175286,0.9157186269856046,0.7522076383746097,0.8933957590212613,0.9591194968553458,0.937345301619732,0.9058327972212654,0.9229213960709448,0.7844663613441334,0.8971901564492133,0.8897655097007555,0.8879369722234247,0.9409669977890662,0.8323357203239441,0.9077810309891676,0.9250379219402804,0.7413155487309188,0.9097421633544902,0.933854925314779,0.8054291866972145,0.9810522968844484,0.9529545363721539,0.9361684345174046,0.9245130324548217,0.937009480858114,0.8905618443793009,0.9625131050152522,0.7917796682239775,0.9282725629505151,0.8981423730059304,0.666862465308014,0.9392032468761573,0.9361684345174044,0.9529545363721539,0.9082133906734641,0.902941079165362,0.9416467981218897,0.7065798644174257,0.9473756291574581,0.9659497926039275,0.2940426306563947,0.9137092609592148,0.8404690714821106,0.7832373813705655,0.6463357769741299,0.9544316996038,0.37108084252019025,0.9515133476881705,0.7104383584437226,0.8851338808206497,0.9029316112204657,0.9529545363721539,0.9544316996038,0.8820903683689052,0.8737670973648666,0.21791366653875988,0.9544316996038,0.791622507706202,0.9239759423528267,0.8981423730059304,0.8717185331373516,0.9147116017278333,0.9529545363721539,0.9544316996038,0.7179329740628657,0.9544316996038,0.8627587161412211,0.9211495461267729,0.8851338808206497,0.9544316996038,0.8754988991654497,0.9544316996038,0.8455226223395764,0.960900739115506,0.9250379219402804,0.8886765593703843,0.957509435301382,0.8008422195759238,0.9515133476881703,0.9422080421889416,0.5047661957294451,0.9595131865896311,0.813682608787891,0.9752372748615916,0.9591194968553456,0.9097421633544901,0.7414581552504091,0.9127113681766139,0.9489746595216721,0.9239759423528264,0.9239759423528264,0.44812418614614913,0.9356856974167589,0.9515133476881705,0.9544316996038,0.9127113681766139,0.9544316996038,0.9552086219555463,0.9239759423528264,0.9591194968553456,0.9582291749307172,0.8319518115156921,0.37108084252019036,0.9229213960709446,0.943467974097185,0.9440100680280117,0.9460501530640815,0.8754988991654498,0.3469993985602501,0.9934422704699934,0.8849118467483819,0.8404674291219099,0.9529545363721539,0.9607848936032954,0.9111145228116424,0.17313387011495374,0.8830333887596133,0.8241569180596205,0.9397435965156076,0.8839713153825193,0.9243815265814348,0.9591194968553458,0.732773460884976,0.8064521668392981,0.8008422195759237,0.9625131050152524,0.8465237589272379,0.9229213960709446,0.9987774230311344,0.9117176971980812,0.9625131050152524,0.8669692234537123,0.8815871180352746,0.9607848936032954,0.9087598936651082,0.9304741538905168,0.957509435301382,0.9271857963192043,0.8897655097007554,0.9515133476881703,0.957509435301382,0.9652137684610214,0.8505815345144849,0.9625131050152524,0.8990006828237154,0.9039927750935624,0.8971901564492133,0.9267637001447557,0.9625131050152524,0.9544316996038,0.9373453016197317,0.9515133476881705,0.9591194968553458,0.8323357203239441,0.6349142448440392,0.957509435301382,0.937345301619732,0.9250379219402802,0.8342889987034598,0.631614011768019,0.7208761834465116,0.9211495461267731,0.8448926576194737,0.8208917471559104,0.9948414129025822,0.9643133649175286,0.95678955450748,0.9643133649175286,0.9759742607288064,0.6511166134990864,0.9187703462526826,0.957509435301382,0.9544316996038,0.9591194968553454,0.6598842363568057,0.9385367079941818,0.9625131050152524,0.7895958714484506,0.9529545363721539,0.9544316996038,0.996557344576431,0.9625131050152522,0.9661972965770262,0.9894435908227328,0.937581651251228,0.9409669977890662,0.9591194968553458,0.791622507706202,0.8788191408694404,0.996557344576431,0.9487265052554266,0.8903723822424179,0.3469993985602502,0.9759742607288064,0.8311464231994985,0.9473756291574582,0.9197987094973854,0.9661972965770262,0.8367317645429635,0.9271857963192041,0.8880618610263926,0.9501049319099926,0.9529545363721539,0.9707211351216224,0.9356856974167589,0.8582835284332403,0.8279657565412284,0.8373957982954761,0.9544316996038,0.8688726774726097,0.5432379360134463,0.9282725629505151,0.9743490353345139,0.9643133649175286,0.8054291866972146,0.9544316996038,0.9544316996038,0.5675662461924165,0.6554878035581304,0.977419239618984,0.9544316996038,0.9448229719109481,0.9544316996038,0.9810522968844484,0.9077810309891676,0.8767816144427205,0.9544316996038,0.9315900378678905,0.9940867605460231,0.8495094192726711,0.8279657565412284,0.9544316996038,0.9310944809913066,0.9250379219402804,0.8270771330414153,0.8557146344488491,0.9315900378678905,0.9547950563484509,0.957509435301382,0.8703249354373087,0.9544316996038,0.8494522957885744,0.9496811510501818,0.8736104662007038,0.8798746140368174,0.9559485503920393,0.9457520766884306,0.9487265052554266,0.9544316996038,0.9068053912485843,0.8875935086546551,0.9544316996038,0.9659497926039275,0.9028718265513219,0.8583244595873938,0.8660127357937746,0.8950795038997208,0.9544316996038,0.8953813603528135,0.9393203828196914,0.9607848936032954,0.8669692234537123,0.8342889987034597,0.9167305843279032,0.9177477332861093,0.9068053912485845,0.957509435301382,0.9087598936651085,0.8981423730059304,0.9422080421889416,0.8263584984076426,0.9597659443503781,0.883971315382519,0.9422080421889416,0.9591194968553456,0.9385367079941818,0.9544316996038,0.9625131050152524,0.9117176971980812,0.8513207925795817,0.9460501530640812,0.935005241301464,0.9515133476881703,0.9131859801799352,0.9559485503920393,0.9515133476881703,0.991511387719873,0.9544316996038,0.8612104505251644,0.8915055770282612,0.95678955450748,0.9625131050152524,0.8370443491719957,0.9643133649175286,0.9473756291574582,0.9422080421889416,0.8336974907151966,0.9940867605460231,0.9643133649175286,0.8350509347173098,0.9727541677821405,0.9427946840319121,0.9466104231235155,0.9447481688519046,0.9127113681766139,0.9652137684610214,0.9271857963192043,0.7142045564119808,0.8896188734697235,0.9987774230311344,0.951525861158216,0.9460501530640812,0.9327167510955896,0.9881562591687436,0.8618496660711301,0.9147116017278332,0.9501049319099923,0.8815871180352747,0.9812078381362568,0.614322559164099,0.9434121517267975,0.9422080421889416,0.8363640334164013,0.9915113877198729,0.9975440472022223,0.9409669977890662,0.9343882429311448,0.9084914293220664,0.957509435301382,0.8612222667022571,0.8404690714821106,0.9743490353345139,0.9649067432343333,0.9625131050152524,0.8627587161412213,0.7383007334765154,0.9607848936032954,0.9250379219402804,0.9501049319099923,0.9501049319099926,0.9591194968553458,0.2565536071556338,0.9327167510955894,0.8435110105594604,0.9218739081138492,0.9529545363721539,0.9529545363721539,0.937581651251228,0.6857380225836732,0.9501049319099923,0.8849118467483819,0.9544316996038,0.9607848936032957,0.9544316996038,0.9544316996038,0.8373957982954761,0.5280619814444643,0.9271857963192041,0.9544316996038,0.8870685468453678,0.850368082071635,0.9711878805915029,0.8603273737191496,0.9310944809913069,0.9516333298064146,0.6985680971063961,0.7026246759034636,0.8563822015167815,0.3332473625715281,0.6760670186296516,0.9607848936032957,0.9261077324693099,0.8880618610263926,0.8707710541962024,0.9327167510955896,0.9487265052554266,0.4312142709573832,0.8507067764119418,0.9607848936032954,0.9068053912485843,0.957509435301382,0.9107280314569579,0.44360112512737127,0.9397435965156078,0.9422080421889416,0.9648840172678319,0.9828201226319815,0.9157186269856046,0.9422080421889416,0.9282725629505151,0.957509435301382,0.9447481688519046,0.9692769377093197,0.9229213960709446,0.9061000436892033,0.9222692303427626,0.9591194968553456,0.8717185331373516,0.448124186146151,0.8953813603528138,0.9010097382828826,0.9529545363721539,0.8270771330414152,0.933854925314779,0.9661972965770262,0.8887281516764465,0.862184347348063,0.7026246759034636,0.8550590262373863,0.9447481688519046,0.5973977130084672,0.9322326314194607,0.9544316996038,0.9591194968553456,0.9250379219402804,0.9730533608234009,0.9103339493566891,0.9447481688519044,0.9515133476881705,0.9338549253147788,0.8485170805722069,0.8812152990221936,0.8924353423190239,0.9643133649175288,0.9397175498317527,0.9460501530640812,0.8802089698693754,0.9515133476881703,0.9487265052554266,0.8077125695029685,0.9239759423528264,0.9987774230311344,0.896588211256932,0.9950134961659547,0.8300905497246422,0.8069097031659276,0.8776603460423872,0.859777931079121,0.8754988991654495,0.9327167510955896,0.9643133649175286,0.943467974097185,0.9559485503920393,0.9540204532200203,0.9127113681766137,0.9038960691476481,0.9529545363721539,0.8795806938693148,0.8903723822424179,0.9661972965770262,0.7351924063018278,0.957509435301382,0.9261077324693099,0.9727541677821403,0.996566586696046,0.6217571003319828,0.9327167510955896,0.943467974097185,0.9917282321179907,0.9460501530640812,0.906121948145339,0.9591194968553456,0.9381728330554158,0.9544316996038,0.5849295595847745,0.9146015061215469,0.8898606214266385,0.9282725629505151,0.9544316996038,0.8952903079111569,0.9387447628682013,0.9157186269856046,0.9810522968844484,0.9137092609592146,0.9427946840319121,0.9310944809913066,0.8182926112725183,0.9883880331853732,0.9966922538063423,0.8660153996906965,0.901969550532447,0.9607848936032957,0.9127113681766139,0.5762566076039998,0.957509435301382,0.9239759423528267,0.966197296577026,0.9350052413014638,0.9515133476881705,0.9381728330554158,0.9473756291574582,0.9903434298372484,0.9544316996038,0.9245130324548216,0.9345279402530977,0.9625131050152524,0.9544316996038,0.5047661957294445,0.8233538626834317,0.8539453617971722,0.9529545363721539,0.9608127721335267,0.9501049319099926,0.9529545363721539,0.9529545363721539,0.9752372748615914,0.9544316996038,0.44812418614614924,0.6415678677960708,0.9544316996038,0.9409669977890662,0.9812078381362566,0.9625131050152522,0.957509435301382,0.9607848936032954,0.9559485503920393,0.9529545363721539,0.8078013427639643,0.8726649773302664,0.9422080421889416,0.8454839127329439,0.9544316996038,0.9167305843279034,0.9652137684610212,0.9987774230311344,0.8460391883026932,0.9177477332861093,0.9625131050152524,0.9559485503920393,0.5167598939653609,0.9711878805915029,0.943467974097185,0.9544316996038,0.6511166134990864,0.9207659584476898,0.9327167510955896,0.8554077319402786,0.9460501530640815,0.9507165296704019,0.9373453016197317,0.957509435301382,0.9949291060968914,0.858324459587394,0.9544316996038,0.9544316996038,0.9322326314194607,0.21791366653875988,0.8872310446341196,0.9501049319099923,0.8666344692877815,0.8745818404295127,0.9515133476881703,0.8437415278800491,0.8818448085528664,0.9544316996038,0.9544316996038,0.9696485350828812,0.8809287459442816,0.9127113681766139,0.7652933686087298,0.8387640413572676,0.8660127357937748,0.8563822015167812,0.8663751691456347,0.9397435965156076,0.8513207925795817,0.9544316996038,0.9629940985099353,0.9591194968553456,0.17313387011495374,0.9133404113163559,0.9625131050152524,0.9133404113163561,0.9544316996038,0.9544316996038,0.7984206482463506,0.9544316996038003,0.8843456881774427,0.9447481688519046,0.8717185331373516,0.9097421633544902,0.9048463830468079,0.9515258611582158,0.8551297491874893,0.8997921725028666,0.9544316996038,0.9239759423528264,0.8773931336696003,0.9559485503920393,0.9625131050152524,0.8981423730059304,0.8253952393451092,0.6717916419431471,0.9261077324693099,0.9559485503920393,0.9428163151462243,0.9544316996038,0.8445183988316078,0.6397205417438536,0.714204556411981,0.9585117888760866,0.9499351329637569,0.9473756291574582,0.9147116017278334,0.8688726774726099,0.9607848936032954,0.9178303757589166,0.8089603320001262,0.9830316367629124,0.9643133649175286,0.9810522968844484,0.9385367079941815,0.832198064937085,0.3202709240445081,0.9529545363721539,0.8886765593703843,0.9361684345174046,0.981600181169821,0.9793236882044447,0.9661972965770262,0.9711878805915029,0.9661972965770262,0.9661972965770262,0.9590673131834122,0.9282725629505151,0.9068053912485843,0.9544316996038,0.9448229719109481,0.9447481688519046,0.9940867605460231,0.8495094192726709,0.9487265052554268,0.9529545363721539,0.9903434298372482,0.9048630781107276,0.37108084252019025,0.8343531165770122,0.9261077324693099,0.8414864259682342,0.8214805068326568,0.9544316996038,0.9029316112204655,0.973053360823401,0.8737670973648668,0.217913666538759,0.9397435965156078,0.940966997789066,0.9735950471314356,0.9544316996038,0.824744608932849,0.8887281516764465,0.5387391750323194,0.8911037248686655,0.865813252274934,0.8829689068279152,0.9591194968553456,0.8404690714821108,0.9945616853424688,0.8258229735464786,0.9166891453729491,0.9422080421889416,0.9256374352880539,0.9661972965770262,0.9989330715481036,0.9544316996038,0.9502440628915494,0.9526350423385235,0.8554077319402789,0.7026246759034637,0.830090549724642,0.9544316996038,0.9529545363721539,0.9576073188885357,0.87549889916545,0.9477170828887949,0.8270771330414152,0.8471812314738495,0.9544316996038,0.909224298289043,0.8773844821970238,0.9304741538905168,0.9544316996038,0.8141826543533127,0.985998391819751,0.9625131050152524,0.9422080421889416,0.9529545363721539,0.8956033810680566,0.994427778472,0.9686380834133204,0.9361684345174044,0.9177477332861093,0.9422080421889416,0.832198064937085,0.9544316996038,0.9883880331853732,0.9544316996038,0.2565536071556338,0.9481022094664502,0.8962395095530544,0.17313387011495374,0.9608853644890277,0.8539453617971722,0.9581430783864289,0.9304741538905168,0.9544316996038,0.7608239662234486,0.7773116155631011,0.8997921725028666,0.9327167510955896,0.9239759423528267,0.9591194968553458,0.9327167510955896,0.6073391992552906,0.9250379219402804,0.9038960691476479,0.9096679669675563,0.9250379219402804,0.9810522968844484,0.9591194968553458,0.8971901564492133,0.9250379219402804,0.17313387011495374,0.9385367079941818,0.9692769377093197,0.9356856974167589,0.9529545363721539,0.6073391992552906,0.9409669977890662,0.9029316112204657,0.9239759423528267,0.9422080421889416,0.9229213960709448,0.5125564181715438,0.9529545363721539,0.5047661957294445,0.894371009082944,0.9304741538905168,0.9117176971980812,0.7916225077062019,0.96664472544214,0.9177477332861095,0.9923551296406039,0.37108084252019036,0.957509435301382,0.9541290792408026,0.9048630781107276,0.935005241301464,0.9883880331853732,0.9107280314569579,0.9591194968553456,0.9607848936032957,0.7483442491833233,0.933854925314779,0.951140688962822,0.9743490353345139,0.9327167510955896,0.7244518724731197,0.943467974097185,0.9315900378678903,0.9544316996038,0.8861828268620735,0.8905618443793011,0.9218739081138492,0.9107280314569577,0.8317830360527902,0.9607848936032954,0.9759742607288062,0.7432109646215945,0.9385367079941813,0.9501049319099923,0.933854925314779,0.9933095589619414,0.7894968820867839,0.8468866276120164,0.9460501530640812,0.9600163959638035,0.9529545363721539,0.7238425703151402,0.9364195330316347,0.957509435301382,0.9559485503920393,0.7534834928777274,0.9350052413014638,0.9652137684610216,0.9087598936651085,0.8069097031659278,0.9399090046751277,0.9515133476881705,0.9515133476881703,0.7932961840987717,0.9434121517267973,0.9127113681766139,0.9575094353013818,0.8149632135444544,0.9409669977890662,0.9607848936032957,0.9440100680280119,0.9397435965156076,0.9559485503920393,0.1270500033672336,0.9356856974167589,0.083012876526942,0.8373957982954758,0.9607848936032957
p16_N,0.6421753578081466,0.6905431897523435,0.4651269579105617,0.9528798927924794,0.8495864161552142,0.7897291426361948,0.8562973157639684,0.9222024299705291,0.715168237593033,0.8822041938925773,0.9795255945727268,0.8447105394237191,0.8447105394237191,0.5485983726995776,0.9261750996967955,0.8859019063111604,0.799017048108662,0.5445136603540224,0.9047149900436197,0.8119886545657994,0.5797579320846151,0.869086334243278,0.7945756183974949,0.9175078301540052,0.8638590368044659,0.7971196216424012,0.7427588180232219,0.8328582688417565,0.8119886545657993,0.9496714335187348,0.8652673633709131,0.8650600761076828,0.6749490705018533,0.7596520994812859,0.8800930927805968,0.941218853811631,0.9489650976874433,0.6200272442313652,0.8884227473641775,0.5819692243534798,0.577220509454198,0.8011033653025899,0.8884227473641775,0.7421184163067256,0.8834043932368226,0.3804792356913761,0.9247654558966603,0.7053276815529945,0.7931869820434172,0.6795929602942512,0.8650600761076828,0.0,0.7971196216424012,0.8262954697194753,0.8307544930637525,0.5953365419150529,0.8120934869637881,0.8495864161552136,0.9146519318142913,0.958070582602073,0.7586491390905878,0.5681565392834262,0.7971196216424035,0.6826896801895281,0.8705572812086979,0.8310285608622388,0.9665194306481356,0.6599512582249076,0.6083555783893378,0.8317072625075967,0.5816503383039755,0.5356844989013987,0.8495864161552145,0.5138608549506265,0.8495864161552136,0.5708504310538243,0.693472337245395,0.8628690985336133,0.5711015173454148,0.7494981288862415,0.8481878388280109,0.7814088628511491,0.8862173869507364,0.7796446310695873,0.8495864161552136,0.49299594170484295,0.9720137056577078,0.8842141964395673,0.7878747463621336,0.8447105394237198,0.8495864161552136,0.6831395277799247,0.5455406793260301,0.7284331181027732,0.8480891744650916,0.7938684744051722,0.6309037026298354,0.4487476900502456,0.466663243846285,0.5704539701064975,0.9144126802110619,0.8151548146181654,0.6623067578386688,0.8979467008277584,0.8443580233161545,0.876261827348312,0.6430652265162952,0.45245125936532515,0.813396932865248,0.5749188153970064,0.546686233720468,0.8403193684400957,0.6670115399825183,0.9021100312039214,0.9247654558966603,0.6333442075834754,0.8784392666244142,0.876261827348312,0.7494981288862397,0.6087080118507611,0.8394266746314794,0.707758184561132,0.606288871833744,0.8944968237169884,0.8031577281411417,0.8272087547071083,0.9804223652208814,0.7795561525696556,0.8292174156176653,0.7490568910907291,0.6232177133600894,0.7176249160612254,0.7307307401062815,0.8884227473641773,0.8353044563359773,0.5465352773751916,0.7204006274240882,0.7644148387551178,0.898744174756519,0.8399534088511564,0.6134215961843998,0.8822041938925773,0.7905390244086195,0.5276007270232567,0.7271444543732815,0.7352685215689774,0.7840310460375759,0.5323519729433681,0.7931869820434172,0.3500910088882664,0.9266663363939082,0.7218008296067242,0.8930541043994553,0.7016370390634807,0.9997964707030282,0.816329344769458,0.986002805224746,0.5860561978055976,0.6922766940311731,0.8697070225157031,0.9451421318572495,0.8151548146181657,0.7327677425847494,0.4143437430623711,0.5592117864154253,0.845957911051546,0.7942110859899096,0.6651114850669732,0.7312295477766372,0.6821552509454081,0.6975441958916995,0.9774319815079454,0.9488404033763636,0.9082622461764245,0.8681505047485953,0.8298169350541259,0.8317072625075967,0.829201361273685,0.950125934149217,0.6522722511393357,0.950682813029996,0.8512658857881676,0.823248069269345,0.8447105394237191,0.7138241200560358,0.8022041069594693,0.5941978563413057,0.7799634430920819,0.8262954697194753,0.9456310475613557,0.8688071243578377,0.8964049030230725,0.2483327520318459,0.4299475011798779,0.7770732938325191,0.8495864161552136,0.8545932950871287,0.8138020050686654,0.7053276815529939,0.48384241843348785,0.7466737510232848,0.9039963657798309,0.8495864161552136,0.42691936477202197,0.4299475011798779,0.8822041938925775,0.8495864161552136,0.7118273104036812,0.7887805491724922,0.7614906442449785,0.6778125624952913,0.7333809715233761,0.8743534526017751,0.8495864161552136,0.6311128945232534,0.8495864161552136,0.5091373507903207,0.2880136539051775,0.2502367953759186,0.8495864161552136,0.9554153536127022,0.8495864161552136,0.7910635908413101,0.966709292123964,0.5047001021881792,0.4847409941132741,0.9897853882679539,0.36171009377082197,0.8399534088511564,0.9926687584133118,0.8176226485360634,0.9649885397804381,0.7788938472767273,0.7066961895114787,0.7307307401062815,0.7196516856436013,0.7764228214062363,0.6588014374048994,0.6458615659002188,0.7887805491724926,0.7490568910907276,0.8353044563359768,0.6591735331747608,0.8976608398645194,0.8495864161552136,0.7118743550383029,0.8495864161552136,0.9937054653634365,0.6749500667236942,0.865060076107683,0.7854628216989827,0.3486224422214286,0.8545932950871287,0.7848917573101686,0.8585993915298347,0.60844155655538,0.9942068542783298,0.5890420181063569,0.8597455235253666,0.634136556835123,0.6645753653527993,0.5667137847251773,0.8447105394237198,0.8705572812086977,0.5011986717559311,0.8884227473641775,0.8213238353069745,0.7528885072424158,0.9206291207216946,0.9586053701317455,0.7230511820385628,0.865060076107683,0.5514265826209375,0.5182509373896063,0.39496300903680437,0.876261827348312,0.5205727852295321,0.9988716022608763,0.8781032952840524,0.7739800874289803,0.876261827348312,0.8548774384388513,0.6361882285698108,0.9405663333654315,0.39365520633488693,0.9316019180507477,0.6851149498755781,0.7066961895114782,0.48159114539936465,0.9580705826020731,0.6851149498755789,0.8476647808038124,0.2796606989931698,0.7586995349715739,0.6536753774845658,0.5703050168733159,0.4162502762429031,0.9584126379408482,0.9857734186523459,0.9716131226567439,0.9522470279701332,0.640679712028576,0.8317830360527907,0.453937742459094,0.7337355471296667,0.7826448484325189,0.6513963125316033,0.7525623138150825,0.5193417008760126,0.7507891687567432,0.6575034158851545,0.9517878040492063,0.7746891016382863,0.7603746834390808,0.719583477112232,0.9648922303366112,0.7695392372220455,0.8884404424512053,0.800702231097228,0.7887805491724935,0.5682669502309559,0.9247654558966603,0.8495864161552136,0.8650600761076825,0.9105311204276181,0.9207232134989223,0.876261827348312,0.8705572812086977,0.8588603287957214,0.8495864161552136,0.8638590368044659,0.8762618273483116,0.9104221838860547,0.9020089799881683,0.8090210932954269,0.9997060959500519,0.8987441747565192,0.5338954574358292,0.3381605812535097,0.9342925474386617,0.8307544930637534,0.3040484881513752,0.8597455235253666,0.8007022310972278,0.36043614225098886,0.8262954697194751,0.7734498371945411,0.7897291426361943,0.37133982025400303,0.7477463211274191,0.39496300903680437,0.9196918014641373,0.8447105394237198,0.9389205684395849,0.8373172549247888,0.45510251760177134,0.45865722910665396,0.22372467383174033,0.8495864161552136,0.5958347492030833,0.7763884628609945,0.946048180337518,0.9590423617195349,0.8822041938925773,0.5699647823374954,0.8495864161552136,0.8495864161552136,0.793186982043417,0.751415570679042,0.5874264746036069,0.8495864161552136,0.8502145485085023,0.8495864161552147,0.9194522587571303,0.5072219187245499,0.5348904250449844,0.6928134344640511,0.9240788041395704,0.7963997086598251,0.29458571237523334,0.3879654570863267,0.8495864161552136,0.4320227173692782,0.886105888564883,0.39097443506403473,0.4774647226208315,0.9240788041395701,0.9936152290468684,0.6851149498755786,0.422438468872121,0.8495864161552136,0.2841949225684959,0.9442363105704784,0.8885114713911253,0.6594463428643107,0.8545932950871287,0.4228218326719546,0.7024099836370974,0.8495864161552136,0.692379681150407,0.5140510962677519,0.8495864161552136,0.8172942747990004,0.865622174100851,0.6044466588918357,0.23907529392937676,0.44073974266018645,0.8495864161552136,0.9597045975745899,0.732047167479043,0.8494065101643669,0.8886288736995875,0.7996081078226478,0.7808876343336109,0.728498581070073,0.601955114808379,0.957275422082307,0.8559008416446297,0.6637844601423639,0.7450523333935415,0.5783211964887531,0.9899369856787013,0.3220255643480405,0.8835230290768032,0.9324282734053553,0.8266708252126977,0.8495864161552136,0.9047149900436195,0.5598729820790915,0.7257112827403487,0.8744553899769543,0.8752943283626593,0.8399534088511567,0.7669022443058104,0.8622912971119273,0.8399534088511567,0.8366015473846699,0.7538267877148157,0.8247546732323942,0.5257770695916784,0.9042347650038866,0.8762618273483116,0.5450928376733029,0.8822041938925773,0.933664656503516,0.8440989034014491,0.7008658723683108,0.8221315515134324,0.8822041938925773,0.6836097483818051,0.8127842800850877,0.9682328883783202,0.8011033653025901,0.7192041800990034,0.6228400541159389,0.9451946793607524,0.7477463211274196,0.7548080758887112,0.9909758456421439,0.8057294229843495,0.8602772466240409,0.8219202876790677,0.7779088859483321,0.8503962914876851,0.6144366846756992,0.568938303649286,0.8834043932368221,0.9427743494352112,0.9902310872416238,0.7705064355650086,0.8051416148844528,0.8587613865748263,0.2288855507865647,0.874455389976954,0.6126333999029319,0.8051416148844528,0.868227865336022,0.9675750359473789,0.7176249160612251,0.9952971518068435,0.625081010869598,0.7365344735162308,0.7548080758887112,0.8762618273483116,0.9987946402982492,0.8137545417523189,0.8494065101643672,0.9262538660782206,0.6865005879377817,0.6583714728950627,0.865060076107683,0.876261827348312,0.5887421527379546,0.3404741957667039,0.5961854270849496,0.9632821921359429,0.7699315892615529,0.490247944820307,0.9852914579029994,0.8353044563359764,0.37540668443487624,0.8495864161552136,0.8705572812086979,0.8495864161552136,0.8495864161552136,0.49006587970238025,0.8092381015708721,0.8914217817832129,0.8495864161552136,0.43565688188366414,0.5195000800520473,0.7689187201316112,0.950091051821542,0.44788238335129005,0.4502145284505604,0.9767294311759015,0.7478357383272627,0.525940893429492,0.8307544930637529,0.9616751674642818,0.8705572812086975,0.7966833405119433,0.5127518729813456,0.6022745308215987,0.9307862214378493,0.8582154061989966,0.8688071243578379,0.8387282899672228,0.8144019840860004,0.8773366578488523,0.9572754220823072,0.9405091470382947,0.8176226485360629,0.9120348216915589,0.6460057633856325,0.6079572512493296,0.7947653436088555,0.7218008296067246,0.8092381015708714,0.8047696944306457,0.8597455235253666,0.8176226485360634,0.7679194945116128,0.998871602260876,0.5910277732799984,0.49005777610649714,0.865060076107683,0.729158044533543,0.835304456335977,0.8570482043495009,0.7800138016081005,0.7995745024396093,0.3778877392711366,0.5319594688385079,0.8299601563861477,0.2649672460278092,0.5591520599636983,0.7478357383272627,0.30081175333874277,0.8221315515134326,0.7623054685545754,0.8425241079145478,0.8495864161552136,0.9324282734053553,0.8529322575984255,0.8495864161552147,0.5756267769391741,0.8176226485360629,0.8976608398645194,0.8419351471867077,0.5046343971080051,0.8688605459034261,0.4479505426656427,0.7737627606230963,0.44210805423782906,0.8481878388280109,0.6493501345136565,0.8399534088511567,0.8671754624485621,0.6886989462473561,0.7941210409689854,0.9997060959500519,0.7331176530360188,0.6607766065590737,0.3519435018862185,0.6395379810344501,0.7477463211274189,0.5545211118774174,0.5023521098379047,0.8215881246596228,0.8884404424512053,0.8890900887740749,0.8545932950871289,0.42629993518518383,0.7837971216162227,0.7334037629203214,0.8447105394237198,0.40706172750265823,0.34571996977617525,0.9688847748640843,0.7518098900484311,0.9572754220823072,0.8177139841200266,0.8861058885648833,0.6968884619371705,0.7978057018712394,0.938176062428279,0.813396932865248,0.9346729391868627,0.6264611381931253,0.8447105394237191,0.898744174756519,0.8701911701361014,0.8495864161552136,0.7801771652892575,0.44717753081377754,0.48159114539936465,0.5515098153871095,0.8495864161552136,0.7344847126263336,0.31869117361176247,0.7586491390905876,0.7705064355650084,0.5598851006868144,0.4483567602283043,0.7432746515661037,0.8901843644559801,0.6081745083211962,0.832345758058314,0.5719482427137597,0.45686859272244507,0.9055618072870646,0.5868786708269791,0.8348846396992173,0.9126847131751058,0.9728775023369225,0.7897291426361932,0.8079206983649017,0.6695334275352576,0.7897291426361939,0.6100162996643117,0.7320834583276282,0.784333464340198,0.9246665212755503,0.44046238645176283,0.8762618273483116,0.8495864161552145,0.869086334243278,0.3534787009750766,0.453937742459094,0.8447105394237198,0.8654671347016268,0.8353044563359762,0.8447105394237198,0.8447105394237198,0.7596520994812865,0.8495864161552136,0.8353044563359768,0.7623054685545756,0.8495864161552136,0.6841266223183499,0.9568959313341749,0.8762618273483118,0.957275422082307,0.9055618072870646,0.8545932950871284,0.8447105394237198,0.4333650938762583,0.6232181673602164,0.8092381015708716,0.5569310141040882,0.8495864161552136,0.7359760554114719,0.8801747469894594,0.6598060621851498,0.5200946568858076,0.9153327865456318,0.7586995349715743,0.7993767620450507,0.813396932865248,0.9132920152142767,0.8585993915298346,0.9105997694059791,0.9079515234177857,0.7287616095362854,0.9089466020822039,0.6610106083667766,0.7840664450867837,0.9857734186523461,0.9783258838517443,0.9247654558966603,0.7359760554114716,0.58804238379271,0.8495864161552136,0.8758534942163446,0.48798664077904297,0.8822041938925775,0.3903912606802954,0.9959208534077022,0.8628690985336129,0.5745948299893167,0.8399534088511567,0.47311145371365215,0.4145935865509607,0.8495864161552136,0.8495864161552136,0.7848917573101684,0.9499485066516613,0.604859362471459,0.34435893849470256,0.5839885909134845,0.31915141019984405,0.24059265007336905,0.486179364869209,0.968439422889336,0.5526266148464809,0.8495864161552136,0.7053276815529932,0.9324282734053553,0.8884227473641775,0.218290421581828,0.876261827348312,0.5272502570654005,0.8495864161552136,0.8495864161552136,0.3960176668230242,0.7843334643401981,0.49845589724385087,0.8993270800742548,0.39648301920825335,0.34870397286098087,0.785462821698983,0.9833246124819264,0.5646344984444043,0.44758098357643716,0.8495864161552136,0.8338446990507491,0.4866243706746374,0.8545932950871287,0.8762618273483118,0.8103437362962849,0.8254534037027816,0.940190295613732,0.8583037394219245,0.8545932950871287,0.5000827989360632,0.8495864161552136,0.48678040106113807,0.9597781276766693,0.7196516856436013,0.9182714892950192,0.41744816650823113,0.8262954697194758,0.7550196173127848,0.5872179841603807,0.8705572812086977,0.9230956313062009,0.5921550603591745,0.835304456335977,0.7355368666803933,0.876896309273667,0.7971196216424026,0.5526266148464809,0.8650600761076825,0.8447105394237198,0.6325393414842149,0.8576757924346463,0.7345355538463394,0.8719363685474455,0.8884227473641773,0.833844699050749,0.8884227473641775,0.8884227473641773,0.9995654213499823,0.8255348715332986,0.6923796811504062,0.8495864161552145,0.8884404424512049,0.8176226485360631,0.8176226485360629,0.5951255463609322,0.7024099836370983,0.8447105394237191,0.8576757924346461,0.7029528076174152,0.8545932950871287,0.4814224461482348,0.7763884628609945,0.7193330669747782,0.6613027145715251,0.8495864161552136,0.6495991324154076,0.9716131226567439,0.5480082905281229,0.8822041938925773,0.9206291207216941,0.8537827351508522,0.8930541043994553,0.8495864161552136,0.4479505426656427,0.2517352972833269,0.8051416148844528,0.45153372575741346,0.5138608549506267,0.47274138351085004,0.898744174756519,0.5137801117869722,0.6961790595213968,0.8604049395295102,0.5694102724217422,0.6707674058876096,0.7248107425397013,0.7494981288862408,0.7945756183974948,0.7843334643401983,0.9082573964367568,0.9291046652440923,0.5227243270867703,0.7658164299717427,0.27223580353643395,0.849586416155214,0.8447105394237198,0.5601971783680391,0.399767575896129,0.8257026185287634,0.36480104347823805,0.29316628220896934,0.8495864161552136,0.3999115244435394,0.5340521261337092,0.506042423216114,0.8495864161552136,0.5536592407665066,0.8671754624485621,0.876261827348312,0.8092381015708721,0.8447105394237198,0.28799171222386233,0.7971196216424032,0.9578007720454728,0.9372038329464911,0.8784643210213545,0.670767405887611,0.24909491511905513,0.8495864161552136,0.8528364516967404,0.8495864161552136,0.876261827348312,0.6175064745636459,0.657503415885154,0.8884227473641775,0.8259480545830773,0.33184627604140604,0.7184768022296542,0.8343403597902035,0.8495864161552136,0.598881262495607,0.5237870256938943,0.6607268039481339,0.8871069827265585,0.7742592119281055,0.8317830360527908,0.8508175850056978,0.7741897879554291,0.7726363025717513,0.6827764798030675,0.3588859340597649,0.7726363025717513,0.5485983726995779,0.6970466414574457,0.4324451600383602,0.7726363025717513,0.8884227473641775,0.7971196216424035,0.8545932950871287,0.8535121387202461,0.6810028497273856,0.8172942747990009,0.8543705432507491,0.8640651347990944,0.7146737248054592,0.8587613865748258,0.7455760045049034,0.7931869820434172,0.8447105394237191,0.8690863342432782,0.68202611067812,0.7613781201168943,0.6312420171957219,0.533895457435829,0.7579556715061335,0.4279441317039643,0.7671081261618065,0.8860505626205668,0.9247654558966605,0.7621211843129245,0.8894218864079332,0.7854628216989832,0.6980060149848735,0.8292847915460431,0.8650600761076828,0.9055618072870644,0.8565672659180796,0.8038069347010623,0.8433592643572378,0.8778628511157391,0.843427744015268,0.7640981895786374,0.7576751836513982,0.8603987616425717,0.9716131226567437,0.8467432887054067,0.5953666249941185,0.8686485503942598,0.7230358401234303,0.8219025601506975,0.8705572812086977,0.76827138693539,0.88032029991299,0.7971196216424012,0.8915626864214174,0.9304996267147652,0.9815189972729634,0.8331842941055445,0.9113019476649783,0.8891366496825567,0.8045309456061205,0.7402886760834977,0.9427823027027031,0.9345527949148922,0.8597455235253664,0.8860505626205668,0.6800688241594661,0.7854628216989845,0.8151548146181662,0.8733530265753389,0.6247806615195957,0.9623046431786905,0.8715094360820284,0.8399534088511564,0.5715594594059983,0.9030116635171488,0.6228400541159391,0.9451946793607526,0.5828086065547182,0.878691103383949,0.8705572812086977,0.6996522408421519,0.7925090662724539,0.9252058321788037,0.8822041938925773,0.8225901853706117,0.876261827348312,0.9740135176035026,0.8705572812086975
p16_Q,0.7450743808096105,0.9208799593226005,0.8540589702876233,0.8954688163631979,0.9314886672615048,0.949178085609155,0.7902500914964978,0.7467700034664911,0.31779064471685703,0.9463456194504822,0.9188871236697294,0.9292677720165115,0.9292677720165115,0.8954688163631979,0.8794184279003852,0.845426769507341,0.9249834296604695,0.9075907590759069,0.9436389526644002,0.9463456194504825,0.8482926115779139,0.9169296077473634,0.9131105611405983,0.9859653849226515,0.915004851984079,0.03901461574728915,0.9249834296604695,0.8872955140291616,0.9463456194504825,0.6969281293985672,0.08649934409173365,0.9385367079941813,0.9229109835440799,0.18994536180553956,0.9821075314053482,0.9436389526644002,0.9337692322192535,0.9229109835440805,0.949178085609155,0.9057994954598185,0.8642985447139284,0.9094052998937725,0.9491780856091547,0.8825384613814418,0.9716572732363802,0.7942397672655974,0.9361160018916064,0.340887779924714,0.9057994954598185,0.8540589702876233,0.9385367079941813,0.7971196216424012,0.0,0.9208799593226,0.9229109835440805,0.904030091445724,0.9040300914457235,0.9314886672615046,0.7600825581617027,0.9271009640247971,0.30130761768926206,0.6168808364573259,0.9075907590759071,0.8642985447139284,0.9410406098239259,0.6097559365692989,0.9385367079941815,0.8057060011361046,0.724091671213138,0.995791220491173,0.8938064978005682,0.9057994954598185,0.931488667261505,0.6271578137520522,0.9314886672615046,0.8468584144181479,0.9169296077473634,0.9188871236697291,0.6346118584909752,0.9491780856091547,0.9188871236697294,0.9515990837410906,0.9005517611723408,0.9075907590759071,0.9314886672615046,0.8889039599111497,0.9596257255045417,0.6712287575866582,0.8569629050326473,0.9292677720165115,0.9314886672615046,0.8540589702876238,0.7722474481848001,0.5278502511680846,0.9005517611723408,0.8657807842755783,0.8786599224034768,0.8482926115779139,0.6418633702866043,0.6442376885398651,0.9040300914457231,0.9900588676412958,0.9314886672615053,0.832629779247678,0.8507014378963611,0.9436389526644,0.8748055425712822,0.6619722235834533,0.9150048519840785,0.6220693953027716,0.8583226849174201,0.9094052998937725,0.6669088686372897,0.8778722974583606,0.9361160018916064,0.7055582896150357,0.9654186216767151,0.9436389526644,0.9491780856091547,0.5173103933453214,0.8825384613814418,0.845426769507341,0.9150048519840785,0.8988405313927079,0.9466053748231964,0.7416603768637973,0.9337692322192535,0.8371307688681584,0.9292677720165115,0.885698841863535,0.48690460751512854,0.9361160018916062,0.9385367079941811,0.949178085609155,0.9249834296604698,0.7913495263156969,0.8629383298176889,0.9385367079941813,0.9385367079941811,0.9271009640247971,0.7584416088295443,0.946345619450482,0.6321503167696396,0.8269664944023669,0.8754653093959393,0.42369664509215876,0.9955163805952008,0.589270022807937,0.9057994954598185,0.7382149422874926,0.9463456194504825,0.8732840781850184,0.8057060011361046,0.58133717982476,0.9385367079941815,0.24941223599141116,0.8584208648000138,0.9167311028995666,0.9271301412483197,0.845426769507341,0.7617173469282894,0.9361160018916062,0.9112446674143928,0.8427369107980336,0.8901051131125655,0.8872955140291616,0.6522223995588009,0.893465545817623,0.9005517611723408,0.9309653756206249,0.8954688163631979,0.9292677720165115,0.2640022013016081,0.8100940921088199,0.6739582892195339,0.9910678932034702,0.9436389526644,0.8255524180203793,0.8921587537070723,0.8468584144181479,0.9591330006563404,0.5490235441416206,0.9418468054117537,0.9292677720165115,0.6344719168634507,0.8266331758234327,0.5413866832492846,0.8672687335363689,0.9208799593225999,0.8971465330611361,0.9271009640247971,0.8702630231263384,0.7601473737062696,0.6958663923837365,0.9038547561156012,0.9314886672615046,0.9337692322192535,0.9271009640247971,0.8951634300459375,0.7781907026725832,0.3946305558992952,0.9292677720165115,0.9314886672615046,0.8476726580348914,0.6958663923837364,0.9463456194504822,0.9314886672615046,0.5888771103329691,0.22448456382846116,0.4235966227113721,0.5448715389210939,0.871770029122154,0.9292677720165115,0.9314886672615046,0.805706001136105,0.9314886672615046,0.6359965055496789,0.7826074507426821,0.8009915962798426,0.9314886672615046,0.8371307688681585,0.9314886672615046,0.7677453201141125,0.26187434474318794,0.8872955140291616,0.832626689688744,0.9361160018916062,0.7005689296405748,0.9271009640247971,0.9131105611405983,0.9169296077473637,0.8732840781850184,0.6701151105328296,0.8905248145511351,0.9385367079941811,0.8934655458176225,0.8526125248565148,0.8687627046182591,0.8613500083222565,0.5210900952644624,0.22448456382845994,0.9249834296604695,0.845426769507341,0.9271009640247971,0.9314886672615046,0.8687627046182598,0.9314886672615046,0.7429494188247937,0.8856988418635352,0.9385367079941815,0.9022812459376921,0.7005689296405748,0.9337692322192535,0.8841133455738346,0.9150048519840792,0.8555090199358881,0.9188871236697294,0.5306398206128394,0.9361160018916064,0.8269664944023671,0.49119909663553196,0.7899002280072158,0.9292677720165115,0.9410406098239259,0.9721438786590073,0.949178085609155,0.7932721517745704,0.7752272051820452,0.9094052998937725,0.495424045328108,0.8312107660355976,0.9385367079941815,0.7956809360555228,0.726622344756015,0.71309989687078,0.9436389526644,0.6220693953027718,0.23520720663140027,0.911244667414393,0.8672687335363696,0.9436389526644,0.7999899992499375,0.6314143565161078,0.9410406098239259,0.8628217153184259,0.8954688163631976,0.9361160018916062,0.8905248145511351,0.6669088686372897,0.9271009640247971,0.9361160018916064,0.9900588676412958,0.7501392869450497,0.9436389526644002,0.6817494061722855,0.5517027491631035,0.8454267695073412,0.8131121854603571,0.9436389526644002,0.931488667261505,0.9057994954598185,0.9271009640247971,0.9385367079941818,0.6754836127321635,0.8628217153184259,0.9361160018916062,0.9441989622120355,0.9872201163229499,0.7730003884001779,0.8778722974583606,0.843997484560278,0.7826074507426817,0.9595213074576399,0.8341941060040072,0.8283808154149447,0.9463456194504825,0.7387998539833496,0.9463456194504827,0.8905248145511351,0.885698841863535,0.8778722974583606,0.9361160018916062,0.9314886672615046,0.3907704462720022,0.8985975567963886,0.9075907590759071,0.9436389526644,0.9410406098239257,0.9292677720165115,0.9314886672615046,0.956870021616921,0.9436389526644,0.949178085609155,0.8794184279003852,0.7616769526263909,0.911244667414393,0.9385367079941815,0.8841143924152836,0.7917942226420207,0.9150048519840785,0.530307635450721,0.8316304748044481,0.9361160018916064,0.2240020219404779,0.7461308961782385,0.41104010536568103,0.7404625210046383,0.9491780856091547,0.7077247503603452,0.8905248145511351,0.6913839274823116,0.9249834296604695,0.9292677720165115,0.8938064978005682,0.8722984813209282,0.6669088686372897,0.6647237223479152,0.7555267484019446,0.9314886672615046,0.555051495182145,0.8889039599111497,0.8921587537070723,0.8889039599111497,0.9463456194504825,0.836341542204496,0.9314886672615046,0.9314886672615046,0.9057994954598185,0.870263023126338,0.8099750192678041,0.9314886672615046,0.9463456194504827,0.9314886672615053,0.8954688163631976,0.8613500083222565,0.6958663923837356,0.9314886672615053,0.8971465330611361,0.9169296077473634,0.773739416204358,0.7413488062196427,0.9314886672615046,0.8660374379044291,0.8872955140291616,0.7149577147050744,0.6895129103877654,0.8971465330611361,0.8241384457107954,0.9361160018916062,0.6858523995099817,0.9314886672615046,0.7484582530296051,0.9075907590759071,0.5378539927123652,0.793334923696033,0.9337692322192532,0.794872326531388,0.9229109835440805,0.9314886672615046,0.8598831469664705,0.6492930024488199,0.9314886672615046,0.8971465330611361,0.6660731356792744,0.7869927119133107,0.7508557165936522,0.6754836127321635,0.9314886672615046,0.7112312592173611,0.5483098218376187,0.9410406098239259,0.8236340386243197,0.7730003884001778,0.874805542571282,0.28385076438625845,0.8598831469664703,0.9361160018916064,0.8628217153184259,0.4235966227113721,0.9131105611405985,0.558357193251,0.8297955240805068,0.8507014378963613,0.913110561140599,0.9385367079941811,0.9466053748231964,0.9314886672615046,0.9436389526644002,0.8672687335363685,0.6337152370574655,0.9188871236697294,0.9022812459376917,0.9271009640247971,0.7501392869450498,0.933769232219253,0.9271009640247971,0.9188871236697294,0.9314886672615053,0.9654186216767151,0.8368800800587317,0.870263023126338,0.9436389526644002,0.577346130106521,0.9463456194504827,0.9208799593226007,0.9131105611405985,0.6557054307329719,0.9169296077473634,0.9463456194504825,0.7299474608183196,0.8872955140291616,0.8540589702876233,0.9094052998937725,0.9169296077473637,0.8985975567963886,0.9361160018916062,0.8905248145511351,0.8642985447139284,0.9594467068238349,0.911244667414393,0.5523614332121767,0.9188871236697294,0.1227372056815752,0.8070686869526491,0.7204683135462187,0.871770029122154,0.9249834296604695,0.6535321679724468,0.8526125248565148,0.8954688163631979,0.9112446674143928,0.913110561140599,0.7539755036479474,0.9624721270225207,0.8236340386243206,0.9112446674143926,0.9186550120230907,0.7433712257147442,0.9361160018916062,0.7913495263156962,0.7601473737062696,0.8889039599111497,0.8642985447139282,0.9436389526644,0.7681977746879558,0.3946305558992952,0.9410406098239257,0.8872955140291616,0.9249834296604695,0.9249834296604698,0.9944277784719999,0.9436389526644,0.8988405313927079,0.7647208885946122,0.8825384613814418,0.9292677720165115,0.9292677720165115,0.6122521848286557,0.8748055425712828,0.9249834296604702,0.826966494402367,0.9314886672615046,0.9410406098239261,0.9314886672615046,0.9314886672615046,0.6442376885398649,0.9131105611405992,0.8905248145511351,0.9314886672615046,0.6625213254912439,0.6006683257164034,0.885698841863535,0.8014219204690636,0.8660374379044289,0.7600825581617026,0.8702630231263382,0.8687627046182591,0.595031824359733,0.9229109835440803,0.8468584144181478,0.9410406098239263,0.2018787229880712,0.6913839274823115,0.5483098218376187,0.8988405313927079,0.9229109835440805,0.9271009640247971,0.731224412591975,0.9410406098239259,0.8598831469664703,0.9361160018916064,0.865780784275578,0.9169296077473634,0.9094052998937725,0.9131105611405985,0.5711708411733951,0.8971465330611361,0.30130761768926206,0.9131105611405985,0.8921587537070723,0.9361160018916062,0.9169296077473637,0.9337692322192532,0.8841133455738346,0.5448715389210939,0.8070686869526491,0.9385367079941813,0.8071305231050048,0.92498342966047,0.6895129103877655,0.8511694599226762,0.9292677720165115,0.7149577147050744,0.9005517611723408,0.9491780856091547,0.7381271605259614,0.5540180609161356,0.8687627046182593,0.7348773722893926,0.9169296077473634,0.998136987240644,0.8411452513286894,0.9314886672615046,0.9385367079941811,0.34661586838513114,0.931488667261505,0.8128142530789662,0.9169296077473632,0.9271009640247974,0.900551761172341,0.7722474481848001,0.9131105611405983,0.6712287575866582,0.9463456194504822,0.7433712257147442,0.9188871236697294,0.8198957816506429,0.9271009640247971,0.9229109835440805,0.7263548636463293,0.885698841863535,0.911244667414393,0.7258888216147436,0.45469853365443846,0.7445434044715771,0.8156492020535611,0.8905248145511351,0.6168808364573253,0.8371307688681586,0.8988405313927079,0.9463456194504827,0.9150048519840785,0.9337692322192535,0.7826074507426821,0.9820630344910946,0.500457121031271,0.9292677720165115,0.7249477881963555,0.7855342689816791,0.9491780856091547,0.8629383298176889,0.8481125351096335,0.8889039599111497,0.8872955140291612,0.9094052998937727,0.8968738879834453,0.8988405313927079,0.9150048519840785,0.8628217153184259,0.9188871236697291,0.9292677720165112,0.9385367079941811,0.9491780856091547,0.9314886672615046,0.8905248145511351,0.8184808644825552,0.6449329538513504,0.8921587537070723,0.9314886672615046,0.5459440387414717,0.7855957980215142,0.9955667899073475,0.8954688163631979,0.8702630231263369,0.8540589702876238,0.4497597078555209,0.7329849321133395,0.9022812459376919,0.8732840781850186,0.5648437852861057,0.8802685646935291,0.9410406098239263,0.8687627046182598,0.9040300914457235,0.9900588676412958,0.8856988418635352,0.9491780856091547,0.9395449643646776,0.9271009640247969,0.949178085609155,0.9208799593226005,0.9040300914457235,0.931488667261505,0.8100940921088199,0.843997484560278,0.9436389526644002,0.9314886672615053,0.9169296077473637,0.7258888216147434,0.6754836127321635,0.9292677720165115,0.9385367079941815,0.9716572732363806,0.9292677720165115,0.9292677720165115,0.8905248145511351,0.9314886672615046,0.9249834296604695,0.9056384037386231,0.9314886672615046,0.911244667414393,0.8526125248565148,0.9436389526644,0.9361160018916064,0.9410406098239259,0.9337692322192532,0.9292677720165115,0.7249477881963553,0.5413866832492845,0.9131105611405987,0.5921669524109355,0.9314886672615046,0.8748055425712822,0.9361160018916062,0.9112446674143926,0.6898986661254135,0.8763348124829182,0.9436389526644,0.9859653849226515,0.9150048519840785,0.8856988418635352,0.9150048519840785,0.9314886672615048,0.885698841863535,0.893806497800568,0.8988405313927079,0.5978653768361881,0.9188871236697294,0.9436389526644002,0.9441989622120355,0.9361160018916064,0.874805542571282,0.589270022807937,0.9314886672615046,0.982107531405348,0.8675944071688322,0.9463456194504825,0.7811388502627219,0.9716572732363802,0.9188871236697291,0.6097559365692988,0.9271009640247971,0.6721146692901676,0.6819083935000048,0.9314886672615046,0.9314886672615046,0.8841133455738341,0.7722474481848001,0.86876270461826,0.7381271605259613,0.5803791518121255,0.7508557165936525,0.8070686869526491,0.6796759387250548,0.9094052998937725,0.6337152370574659,0.9314886672615046,0.865780784275578,0.9385367079941811,0.949178085609155,0.7722474481848001,0.9436389526644,0.6168808364573257,0.9314886672615046,0.9314886672615046,0.6969281293985672,0.9314886672615048,0.707460673204201,0.9169296077473637,0.831130446733668,0.8642985447139284,0.9022812459376921,0.893465545817623,0.6089003932461541,0.7985559379258655,0.9314886672615046,0.885698841863535,0.6465913109926505,0.9859653849226515,0.9436389526644,0.8468584144181479,0.7413488062196427,0.8794184279003852,0.8889039599111497,0.9337692322192535,0.834129500305576,0.9314886672615046,0.6271578137520523,0.8889039599111497,0.34819242548631424,0.8537406145656827,0.8184808644825554,0.9208799593226007,0.8717700291221535,0.8028518170159549,0.9410406098239257,0.5036736532210575,0.5025551168140847,0.9249834296604695,0.9463456194504827,0.8954688163631976,0.9075907590759071,0.6558071205366892,0.9385367079941813,0.9292677720165115,0.4735814391370027,0.904030091445724,0.885698841863535,0.9286775783839136,0.9491780856091547,0.885698841863535,0.9491780856091547,0.9491780856091547,0.8687627046182598,0.8921587537070723,0.36904276709716055,0.931488667261505,0.9463456194504827,0.9169296077473634,0.9169296077473634,0.773739416204358,0.9229109835440799,0.9292677720165115,0.9418468054117535,0.3821308344178026,0.9337692322192532,0.6876300672459097,0.8889039599111497,0.634611858490976,0.6775874396476007,0.9314886672615046,0.8540589702876238,0.9314886672615053,0.7393985974090265,0.9463456194504822,0.9094052998937725,0.12024934074487248,0.8296313410259666,0.9314886672615046,0.6712287575866582,0.7600825581617026,0.9112446674143921,0.669077103309023,0.6271578137520524,0.6558071205366891,0.9385367079941811,0.6370509049250415,0.7913495263156973,0.669077103309023,0.7332415752367151,0.9131105611405981,0.8116039841436649,0.9491780856091547,0.9131105611405983,0.931488667261505,0.8628217153184259,0.9441989622120355,0.5978653768361871,0.8687627046182591,0.7445434044715771,0.9314886672615048,0.9292677720165115,0.589270022807937,0.8128142530789662,0.8598831469664703,0.7149577147050744,0.7450743808096103,0.9314886672615046,0.6978295503520224,0.8156492020535611,0.8954688163631979,0.9314886672615046,0.595031824359733,0.9684760986278473,0.9436389526644,0.913110561140599,0.9292677720165115,0.8161240709434574,0.9466053748231964,0.8613500083222567,0.9040300914457235,0.8763348124829182,0.913110561140599,0.7698039090034989,0.9314886672615046,0.9022812459376921,0.9314886672615046,0.9436389526644,0.7752272051820448,0.43436976156560925,0.949178085609155,0.900551761172341,0.7332415752367152,0.30966479249547874,0.8954688163631979,0.9314886672615046,0.7737394162043583,0.617174608302879,0.7985559379258655,0.8988405313927079,0.8856988418635341,0.9385367079941818,0.8988405313927079,0.8971465330611361,0.9206037147937574,0.38845123250381963,0.723265029568458,0.9206037147937574,0.8954688163631979,0.9385367079941818,0.8454267695073412,0.9206037147937574,0.949178085609155,0.9075907590759071,0.9337692322192532,0.845426769507341,0.9292677720165115,0.8971465330611361,0.9112446674143928,0.3946305558992952,0.885698841863535,0.9131105611405985,0.23520720663140093,0.9057994954598185,0.9292677720165112,0.9169296077473637,0.6359965055496788,0.8954688163631979,0.8672687335363685,0.6115876704931471,0.8809736567579458,0.8763348124829184,0.9057994954598185,0.9337692322192532,0.9361160018916064,0.33339209639255685,0.8569629050326473,0.9022812459376919,0.9022812459376921,0.34088777992471375,0.9385367079941811,0.9410406098239261,0.8297955240805068,0.10751865132455718,0.8198957816506429,0.9225786753593268,0.8988405313927079,0.8014219204690634,0.9150048519840785,0.13730574211467983,0.9314886672615048,0.5805935137526065,0.835461190590242,0.8825384613814415,0.34088777992471364,0.7971196216424012,0.9410406098239257,0.8905248145511351,0.832626689688744,0.03901461574728915,0.9249834296604695,0.9372898940428263,0.8642985447139284,0.8269664944023671,0.71472269926643,0.9188871236697294,0.8131121854603571,0.9292677720165115,0.8425703725337481,0.7601473737062696,0.9361160018916062,0.9337692322192535,0.4235966227113721,0.09159835653369519,0.9361160018916064,0.8917796312811817,0.49873153816811033,0.7647208885946122,0.9271009640247971,0.9271009640247971,0.5915804716231232,0.911244667414393,0.8687627046182591,0.9361160018916064,0.5378539927123652,0.9112446674143926,0.9410406098239261,0.38845123250381963,0.9094052998937725,0.9337692322192535,0.9463456194504822,0.4290370115258102,0.9436389526644,0.7555267484019443,0.9410406098239263
p16_S,0.7389918529358497,0.9322580645161285,0.875046477041949,0.9508061295476462,0.9413411539914582,0.9564866901437918,0.7621041170396035,0.8119933930515557,0.8889202553233959,0.9540615556502023,0.9305518148343679,0.8921109580400152,0.9482607581795672,0.9105012505384156,0.9329206874136777,0.5801681553693387,0.9357714224531068,0.9208799593226003,0.9517441295565183,0.9540615556502023,0.8701093676023477,0.9288758056186719,0.9725096342470556,0.9971196828020042,0.9272278453848011,0.9208799593225998,0.9357714224531068,0.9035033355391056,0.9540615556502023,0.7885156757188783,0.9133880855304561,0.9473756291574582,0.9339970109398135,0.906268236387799,0.9413411539914585,0.9517441295565183,0.9432937551644589,0.933997010939813,0.9564866901437918,0.9193462939797008,0.8838135174053028,0.9677148480463276,0.9564866901437918,0.936294773693158,0.9357714224531068,0.8238297618188462,0.945303040275778,0.9186255087204844,0.9193462939797008,0.875046477041949,0.9473756291574582,0.8262954697194753,0.9208799593226,0.0,0.933997010939813,0.9610024953181504,0.9178313446502835,0.13408370177867746,0.7981246493684115,0.9375844381576608,0.8915068580997114,0.8050001170467127,0.9208799593226007,0.883813517405303,0.949519449544256,0.8228201610494037,0.9888197307367493,0.702033495300044,0.8333372047634744,0.9517441295565183,0.9090779869018046,0.9193462939797008,0.885301006465441,0.8511486947061906,0.13408370177867746,0.8688814196559596,0.9288758056186719,0.9305518148343679,0.9235775498860717,0.9564866901437921,0.9305518148343679,0.9240084059312026,0.4141091065218997,0.9208799593226003,0.13408370177867746,0.904880473824603,0.9288758056186719,0.7994400747107184,0.9937794439292975,0.16216355622584455,0.13408370177867746,0.8750464770419488,0.8308284328760598,0.9413449729068448,0.4141091065218997,0.5111450237454747,0.8725725017627852,0.8701093676023473,0.9190755834842699,0.9175770289712897,0.9178313446502835,0.945303040275778,0.9413411539914585,0.8360850542738054,0.6900030262807051,0.9517441295565183,0.892809523535838,0.8905744552184696,0.9771865070849177,0.8796411222781613,0.8566963326642261,0.9870038583237335,0.8524311286184667,0.8954352541336303,0.945303040275778,0.8737914412600256,0.9322580645161287,0.9517441295565183,0.9564866901437918,0.8910555173288921,0.9899764504062659,0.8676556569243747,0.9272278453848011,0.9133880855304555,0.9208799593226007,0.8419090782082241,0.9432937551644589,0.6328369693815405,0.9394396415413291,0.939758684368555,0.9399124649401189,0.9453030402757783,0.9473756291574582,0.9673074603196745,0.9357714224531068,0.8213551610187864,0.9198336817342287,0.9473756291574582,0.9473756291574582,0.13328231716815875,0.7743984544652448,0.9540615556502021,0.8995157059831189,0.8518501194844417,0.8701093676023466,0.8967590384461326,0.9958472942261387,0.9231140326497991,0.9631827089102738,0.845207051396056,0.9540615556502021,0.9613051670773509,0.8609599666520573,0.862771231293262,0.9473756291574582,0.9631827089102738,0.87878109565584,0.900778788782632,0.9185508043089184,0.6415210651144816,0.8214318125449964,0.945303040275778,0.9240084059312026,0.7034019047473056,0.8812890045220125,0.9035033355391051,0.8952520271259812,0.883813517405303,0.9567930807361518,0.8744831409853469,0.9911110085568768,0.9394396415413286,0.9178313446502835,0.7604185452621208,0.8312033287884488,0.9479426716226425,0.9517441295565183,0.6325833294138403,0.974332195096971,0.6375833980398145,0.8980906127480353,0.8713396701567182,0.9178313446502833,0.9482607581795672,0.6663569571567893,0.831203328788449,0.8910555173288921,0.920153492271677,0.25422427035330375,0.9119376979332718,0.9531057683512587,0.9919101586510035,0.7946401316668192,0.8566175888295198,0.9264060125885312,0.13408370177867746,0.9971196828020042,0.9531057683512588,0.578230843455362,0.8100886832131162,0.9703451316482044,0.9394396415413291,0.13408370177867746,0.9051793385443647,0.831769642181651,0.9540615556502023,0.13408370177867746,0.6998521833240021,0.9021362778138227,0.8997273685499723,0.6993663833841355,0.890210541603184,0.9394396415413291,0.13408370177867746,0.7020334953000442,0.13408370177867734,0.7826393375786724,0.9448416565038158,0.8881764420410153,0.13408370177867746,0.688355910968891,0.13408370177867746,0.7877953200607751,0.8928095235358382,0.9035033355391051,0.8566963326642261,0.9453030402757778,0.8597190042261902,0.18793721391369933,0.9256059689675475,0.9288758056186721,0.8915068580997119,0.7921675429296331,0.9840256643467928,0.9473756291574584,0.5834387667319125,0.9999046168119615,0.887635694816231,0.8812890045220128,0.9021362778138227,0.9021362778138224,0.9890537762576723,0.8676556569243747,0.937584438157661,0.13408370177867746,0.9761277300342177,0.13408370177867746,0.8178871936943262,0.902136277813822,0.9473756291574582,0.9985862887416476,0.8597190042261902,0.9971196828020042,0.9380148669152273,0.9272278453848011,0.8762879977600884,0.9305518148343679,0.9507709687133314,0.9931163690142985,0.8518501194844417,0.8518501194844426,0.873111321536618,0.16216355622584455,0.8515631433027533,0.8024341677705475,0.9564866901437918,0.9112558777938653,0.8594036192762475,0.26250316024470977,0.8506393987843803,0.8554840303456193,0.9473756291574582,0.878604060058368,0.8656468190707155,0.7932109827381277,0.9517441295565183,0.8539054707756235,0.9007787887826317,0.9240084059312026,0.8863565689237551,0.9517441295565183,0.9367201797244553,0.8610898631243122,0.9495194495442563,0.8825490680853301,0.9105012505384156,0.945303040275778,0.9062682363877987,0.9026060607471649,0.9375844381576608,0.9453030402757783,0.945303040275778,0.7673631244868351,0.9517441295565183,0.8172515636153466,0.7046682366557788,0.8676556569243741,0.873111321536618,0.9099641551465778,0.9413411539914585,0.9193462939797008,0.9375844381576608,0.9473756291574582,0.8966022937609004,0.985218760269242,0.9453030402757783,0.9193462939797008,0.9035033355391053,0.808833433609179,0.9970773828795113,0.9810110244607033,0.7670212865813977,0.7850294072023434,0.6953555108768606,0.8530610496352257,0.9540615556502021,0.8889202553233961,0.9540615556502021,0.9840256643467928,0.9849965025219797,0.8954352541336303,0.945303040275778,0.13408370177867746,0.9473756291574584,0.887635694816231,0.9208799593226005,0.9517441295565183,0.9495194495442563,0.9394396415413291,0.13408370177867746,0.9272278453848011,0.9517441295565183,0.9564866901437918,0.8967590384461326,0.7959497447008524,0.9240084059312026,0.9473756291574582,0.9371820070526742,0.8024341677705478,0.9272278453848009,0.9339970109398135,0.8163761849746596,0.9453030402757783,0.906268236387799,0.8330219561091061,0.9322580645161282,0.9947560146512322,0.9564866901437918,0.8533312651697589,0.9062682363877987,0.8675831283886293,0.9357714224531068,0.16216355622584455,0.9090779869018046,0.8676556569243747,0.9026060607471649,0.9041044255276218,0.7906839898526716,0.13408370177867746,0.9397974943297966,0.9433231638906061,0.9076672018071592,0.904880473824603,0.7563074904491675,0.8479191510020667,0.13408370177867746,0.13408370177867746,0.9193462939797008,0.8889202553233961,0.8924511439923639,0.13408370177867734,0.9540615556502021,0.9413411539914585,0.9105012505384157,0.8812890045220125,0.831769642181651,0.9413411539914585,0.9119376979332718,0.9288758056186719,0.8062775279335068,0.9794401102199252,0.13408370177867746,0.8627712312932618,0.9035033355391053,0.8660200884684446,0.9573043625686207,0.9119376979332718,0.8932265956667618,0.9453030402757783,0.8890625545868664,0.13408370177867746,0.7659362744796998,0.9208799593226005,0.8373021566360082,0.8552817291710151,0.9432937551644589,0.8050001170467127,0.9339970109398132,0.13408370177867746,0.977838624955035,0.7247691406252725,0.13408370177867746,0.9935864990091459,0.8377537252975871,0.8176248919537719,0.7866846903996971,0.8966022937609004,0.13408370177867746,0.833337204763476,0.8609599666520575,0.9495194495442563,0.7123866931548353,0.7835533163597337,0.9280079835652404,0.9296271327573986,0.8800330897565913,0.9453030402757783,0.948665153908044,0.8997273685499723,0.9805867004734363,0.8570482934630705,0.9124228419266238,0.8506393987843806,0.3239353865603277,0.9473756291574582,0.9208799593226005,0.13408370177867746,0.9517441295565183,0.8863565689237551,0.8092129423355159,0.9305518148343679,0.9985862887416473,0.18793721391370066,0.8335293624850735,0.9432937551644589,0.18793721391370066,0.9305518148343679,0.9413411539914585,0.9322580645161287,0.8603380509136676,0.8889202553233961,0.9791100127950297,0.9024868341452481,0.9735307058746404,0.9831029185867894,0.9725096342470556,0.79517692786919,0.9288758056186719,0.9735307058746403,0.7937449720527765,0.9035033355391051,0.5849278135226015,0.35306574750458775,0.9288758056186721,0.887635694816231,0.9453030402757778,0.9062682363877987,0.9504069818881511,0.8873780235023772,0.9838552657289735,0.883813517405303,0.9699358505776486,0.9133880855304561,0.7648411251329688,0.7869352440987827,0.8902105416031842,0.957663869937762,0.785341501829663,0.8738080422252301,0.9105012505384156,0.9700765701011145,0.3239353865603286,0.7893558267078442,0.9803079821283598,0.8287530636873136,0.9240084059312026,0.902136277813822,0.7904818029514931,0.945303040275778,0.9010471309686272,0.7720790362706331,0.9817658539566088,0.9171102496467267,0.9517441295565183,0.7639170956474247,0.9385789134461195,0.9495194495442563,0.9035033355391051,0.9357714224531068,0.9357714224531068,0.925015090630957,0.9517441295565183,0.9133880855304555,0.7985559379258667,0.8994303857428689,0.9394396415413289,0.9394396415413291,0.6935390345582695,0.8928095235358382,0.211710916673848,0.8518501194844417,0.13408370177867746,0.9495194495442565,0.13408370177867746,0.13408370177867746,0.9175770289712897,0.3239353865603283,0.9062682363877987,0.13408370177867746,0.7173378377524104,0.9171643040475654,0.4959052173104488,0.8570482934630712,0.8627712312932618,0.775786604193498,0.9232502230992652,0.5333588607981782,0.9201332252981109,0.9339970109398132,0.9305733174439861,0.3874225266124388,0.9433231638906061,0.7605561433588501,0.5927818607880696,0.9133880855304557,0.933997010939813,0.9375844381576608,0.7760798722250835,0.9495194495442565,0.8800330897565916,0.9453030402757783,0.9186255087204842,0.9776172307537021,0.9224335544163884,0.9256059689675475,0.9053742506784082,0.9527620984712089,0.926406012588531,0.9256059689675478,0.7776645232705195,0.9453030402757783,0.2912613922208478,0.9432937551644589,0.9875129768195829,0.8896628273818987,0.815124675441804,0.5421872499962037,0.8348667221507038,0.637969747110368,0.8195547533821173,0.8725725017627854,0.9394396415413291,0.8660200884684448,0.9148532265533555,0.9564866901437921,0.7757866041934978,0.9291179050181217,0.8398911548846646,0.7980243492099175,0.9288758056186719,0.9984049036240452,0.9243779949828559,0.13408370177867746,0.9473756291574582,0.9035033355391058,0.9413411539914582,0.8397330855386309,0.9288758056186719,0.9375844381576608,0.9148532265533553,0.8050001170467127,0.9256059689675478,0.8996065556926165,0.9540615556502026,0.7616138489986313,0.9803079821283596,0.9588448417337108,0.18793721391370066,0.933997010939813,0.7975661440390183,0.9021362778138218,0.9240084059312026,0.8211016111015104,0.8615540111705795,0.8160989429517437,0.9819274018196849,0.9062682363877987,0.7300901980250423,0.8397330855386307,0.9547568354430374,0.9540615556502023,0.9272278453848009,0.9432937551644591,0.8138702669970947,0.9557539823910066,0.5483208161779332,0.16216355622584455,0.764502532769542,0.8163761849746596,0.9564866901437918,0.9198336817342287,0.9453030402757783,0.904880473824603,0.9035033355391053,0.9224335544163884,0.920153492271677,0.9547568354430374,0.9293936833197769,0.5554642024215999,0.9803079821283596,0.9394396415413291,0.9473756291574582,0.9564866901437921,0.13408370177867746,0.9062682363877987,0.8445847921458003,0.8775185946828159,0.9076672018071592,0.13408370177867734,0.8955606990865332,0.7972549794048318,0.9613051670773509,0.44462068531389476,0.8889202553233959,0.875046477041949,0.8928127143897766,0.8520509637023563,0.9163339973465925,0.9613051670773511,0.6879841185037554,0.8738080422252301,0.9495194495442565,0.887635694816231,0.9178313446502835,0.945303040275778,0.902136277813822,0.9564866901437918,0.9163339973465925,0.937584438157661,0.9564866901437918,0.9322580645161282,0.9178313446502833,0.9413411539914582,0.7604185452621208,0.8664319147745585,0.9099641551465778,0.9413411539914587,0.9288758056186719,0.771507501616252,0.871602556167663,0.16216355622584455,0.9473756291574582,0.21171091667384734,0.16216355622584455,0.16216355622584455,0.4716723399402467,0.13408370177867746,0.9357714224531068,0.544015115993725,0.13408370177867746,0.9240084059312026,0.6210425939235344,0.9517441295565183,0.9453030402757783,0.9178689456870833,0.9432937551644589,0.16216355622584455,0.7894145371330068,0.9185407488564348,0.9256059689675478,0.9216220425909152,0.13408370177867746,0.8928095235358378,0.945303040275778,0.9240084059312026,0.8113809987819507,0.8941188719993174,0.9517441295565183,0.9432937551644589,0.9771865070849175,0.939758684368555,0.6904295644940753,0.9413411539914585,0.42066040420098305,0.9488864344355383,0.9133880855304555,0.7408270086800534,0.9699358505776486,0.9517441295565183,0.9193462939797008,0.9453030402757783,0.8928095235358375,0.8967417474757924,0.13408370177867746,0.8853010064654411,0.8639898558738679,0.9540615556502023,0.8648885836276305,0.9357714224531068,0.9305518148343679,0.8995157059831189,0.18793721391370066,0.7441261388412883,0.875333387181223,0.13408370177867746,0.13408370177867746,0.4662078829632518,0.7559185138543894,0.887635694816231,0.7757866041934978,0.9010471309686272,0.8372449248985869,0.815124675441804,0.8935920130041928,0.9224335544163884,0.8848725063374459,0.13408370177867746,0.9186255087204842,0.9473756291574582,0.9564866901437918,0.8050001170467127,0.9517441295565183,0.9083133803641004,0.13408370177867746,0.13408370177867746,0.8628796750146144,0.9413411539914582,0.8722456070942706,0.9288758056186719,0.8348667221507038,0.883813517405303,0.7433471470063664,0.883813517405303,0.8607757469181776,0.8275252320423419,0.13408370177867734,0.9021362778138218,0.8653898739921444,0.9432937551644589,0.9099641551465778,0.5450455513577721,0.7443290459082958,0.5246545780731425,0.904880473824603,0.9432937551644589,0.8373021566360082,0.13408370177867746,0.9024446676913556,0.904880473824603,0.883813517405303,0.8530610496352258,0.8445847921458005,0.9831029185867894,0.9713501794278785,0.8312033287884493,0.9841747480714137,0.8766987224447131,0.9523682913449938,0.9357714224531068,0.9540615556502023,0.9508061295476464,0.36650144301156795,0.8848725063374459,0.9473756291574582,0.16216355622584455,0.9446991413620762,0.9178313446502835,0.9021362778138218,0.9488864344355383,0.891101610783141,0.902136277813822,0.9564866901437921,0.9564866901437918,0.887635694816231,0.34499564525233095,0.8800330897565913,0.9430869529798077,0.9540615556502021,0.9776172307537023,0.9736413441112675,0.8062775279335068,0.9339970109398137,0.9394396415413291,0.9526552033461156,0.6077161827913189,0.9432937551644589,0.8069425677590432,0.4800364851193455,0.7190645955953134,0.755178317615202,0.13408370177867746,0.875046477041949,0.9991271005058253,0.7458152648045813,0.9540615556502023,0.9677148480463276,0.9240084059312033,0.8336470580240631,0.13408370177867746,0.6997275203797987,0.7757866041934978,0.9240084059312028,0.9011068237341135,0.9024446676913556,0.8848725063374457,0.9473756291574582,0.7211048207338628,0.7270570092654527,0.8509787359178675,0.8284005927134914,0.925605968967548,0.7581750719242139,0.9564866901437921,0.9256059689675478,0.9413411539914585,0.8825490680853298,0.919346293979701,0.8924531007011274,0.5674180045855661,0.8316077547077756,0.9413411539914587,0.16216355622584455,0.9231140326497989,0.8397330855386309,0.5983373891850428,0.8164422788351933,0.8385811286456291,0.13408370177867746,0.9213590764114841,0.8421603457990252,0.9105012505384158,0.13408370177867746,0.9463853627621881,0.9619697063034159,0.9517441295565183,0.3239353865603283,0.16216355622584455,0.93772674061751,0.9900427159691707,0.8812890045220128,0.9178313446502835,0.9651353935154792,0.9725096342470556,0.7839930876682057,0.13408370177867746,0.9560464317857673,0.13408370177867746,0.9791100127950297,0.8334774900174389,0.8664319147745585,0.9564866901437918,0.9987329349189487,0.7966033433879518,0.9594301810876527,0.9105012505384156,0.13408370177867746,0.9097838043725852,0.8696754588656308,0.8275252320423416,0.9961255853556192,0.4959052173104498,0.9473756291574582,0.4247119158682334,0.9935864990091459,0.48810817043125043,0.9721865287704183,0.7630617685152521,0.48810817043125043,0.9105012505384158,0.9473756291574582,0.8676556569243741,0.48810817043125043,0.9564866901437918,0.9208799593226007,0.9971196828020042,0.8676556569243745,0.9394396415413291,0.9935864990091459,0.9240084059312026,0.875046477041949,0.9021362778138227,0.9725096342470558,0.9007787887826317,0.9193462939797008,0.9955894416808808,0.9248999189762372,0.7891084049126419,0.9105012505384156,0.8863565689237551,0.8853297485350564,0.5178053668121303,0.8941188719993178,0.9193462939797008,0.9432937551644589,0.945303040275778,0.8863565689237551,0.9418766792143729,0.9163339973465925,0.9163339973465925,0.9186255087204844,0.9473756291574584,0.9495194495442565,0.6514481813087727,0.914853226553356,0.8740583849734915,0.904880473824603,0.9133880855304557,0.7098440189971256,0.9272278453848009,0.9119376979332712,0.9413411539914585,0.8635180871112518,0.918336184177788,0.9362947736931573,0.8850825988655406,0.7173854864483515,0.9495194495442563,0.9062682363877987,0.6446210847146255,0.9208799593225998,0.9357714224531068,0.914853226553356,0.883813517405303,0.6580620629605647,0.8220073752366788,0.9305518148343679,0.7294108938761963,0.9394396415413291,0.8955606990865335,0.7720790362706332,0.945303040275778,0.9432937551644589,0.9305733174439872,0.9163339973465923,0.945303040275778,0.8825490680853298,0.8980671682072889,0.7661423196428153,0.9375844381576608,0.9531057683512588,0.8839072352628157,0.9240084059312026,0.9216948386036188,0.945303040275778,0.864876650314186,0.9240084059312026,0.9495194495442565,0.9082541747635318,0.9224335544163884,0.9432937551644589,0.9540615556502023,0.898332111796946,0.9517441295565183,0.727122461496577,0.9495194495442565
p16_T,0.8487893273236918,0.933997010939813,0.8782540541553359,0.9222662678337898,0.9428469360414604,0.9576036838348734,0.8783504478125943,0.7707017855557037,0.926892837864771,0.9552408029353747,0.9323345609629294,0.998438082710315,0.9409942357230057,0.9127986978904694,0.9896056225621922,0.9406464348878109,0.9374201804111677,0.9229109835440805,0.9529828655437629,0.9552408029353749,0.9361465845612335,0.9805663112989254,0.8805458336495591,0.9447494136270194,0.9290959183459286,0.9229109835440805,0.9374201804111677,0.905980420499302,0.9552408029353747,0.9231560422501488,0.9156114273620617,0.9487265052554263,0.9356913183279745,0.9484490715653735,0.9428469360414604,0.9529828655437629,0.9447494136270194,0.9356913183279745,0.9576036838348734,0.9214166876382088,0.8867960431767519,0.4733521056893554,0.9644342014392548,0.9397260007982835,0.8445385534424801,0.8283520802831252,0.9467071200650463,0.6658600919802014,0.921416687638209,0.8782540541553359,0.9487265052554263,0.8307544930637525,0.9229109835440805,0.933997010939813,0.0,0.9199406273027304,0.9199406273027306,0.9428469360414604,0.909750589002699,0.9391866557097979,0.8942918945731195,0.8364293592636136,0.9684760986278473,0.9088193584132743,0.9508152934266845,0.8286138420936349,0.9487265052554266,0.9385436675281226,0.9439061783751657,0.9762777185243531,0.911411969661257,0.921416687638209,0.7615645612979673,0.9063796022167536,0.9428469360414604,0.8722472547880544,0.9805663112989254,0.9658597103040234,0.9376739367811509,0.9576036838348734,0.9149568459374999,0.9730889887268284,0.9170389579782947,0.9403936712046194,0.9428469360414604,0.9073222074226133,0.969568952576612,0.9851395841738868,0.7901896093824855,0.9409942357230059,0.9428469360414604,0.9432506800820841,0.8892764867245644,0.9481568091148351,0.7826161445775005,0.9223484979500998,0.9400557314723832,0.9051786368334236,0.7866640562555884,0.9183444267027678,0.9641067145740576,0.9467071200650463,0.9428469360414604,0.9527674384230345,0.8838450146253055,0.9529828655437629,0.8955611203771285,0.7435148648274663,0.7775384438103516,0.9555354109319851,0.8903852777825743,0.9707495588862811,0.7551296331531681,0.8981194480464398,0.9467071200650463,0.7870026189885433,0.9860136523181984,0.9762777185243531,0.9576036838348732,0.8504019047895026,0.7962761614883379,0.8710529575837425,0.9290959183459286,0.9156114273620615,0.9229109835440807,0.7663154060180404,0.9447494136270191,0.8153621401225022,0.9409942357230057,0.6719674299867893,0.7877549168970762,0.9467071200650463,0.9487265052554263,0.8085099719875108,0.9919304969477558,0.9346457727814363,0.9230430505417531,0.9859983918197511,0.9487265052554263,0.9391866557097979,0.9082833710732072,0.9552408029353747,0.9098425052230693,0.8556531508423675,0.8734436811123549,0.989605622562192,0.9570218947571499,0.984186907863912,0.8095032117574519,0.8142990563745895,0.9552408029353747,0.8942918945731191,0.9776292196359238,0.9800369388393655,0.9859983918197512,0.9662633710722657,0.9150228737507167,0.9795142794845892,0.9927174168027555,0.9024363921718168,0.9604547539291057,0.9467071200650465,0.9730889887268284,0.7621674053638962,0.8843363349468663,0.9448810215177159,0.7869629153922738,0.9889883423817387,0.9971482141805039,0.9618219652554874,0.8810325092648545,0.9409942357230059,0.9199406273027304,0.9078928138464979,0.9700441239160357,0.9555276107190077,0.9529828655437629,0.9719595298866284,0.9692425163660795,0.9669177592622797,0.9380544853452726,0.9384783478628758,0.9917271981546154,0.5994549883785212,0.7917915640272957,0.8910847978795919,0.9246487731676827,0.730392183326811,0.9339970109398129,0.9187407159014389,0.9391866557097976,0.9971351329787357,0.9393433265910527,0.9922432608328509,0.8557839418818978,0.9428469360414604,0.8723711454784149,0.9391866557097979,0.6658600919802007,0.8415928690911558,0.9432506800820841,0.6568988353658298,0.9428469360414604,0.8521143720668201,0.8552331353457827,0.9552408029353747,0.9428469360414604,0.945109705409731,0.9046484553665963,0.8722472547880544,0.8671351972502712,0.9284363038146396,0.9409942357230057,0.9428469360414604,0.7429470709108976,0.9428469360414604,0.8913065268954619,0.9526380467283799,0.8948511325048966,0.9428469360414604,0.929044837305441,0.9428469360414604,0.8588166424352437,0.9964099135129636,0.905980420499302,0.8603749609471993,0.9467071200650463,0.8262967737928697,0.9391866557097979,0.976515078945666,0.9805663112989256,0.9985977496218883,0.8680911962917621,0.9322267514286029,0.9859983918197511,0.954924242646743,0.9291558887114455,0.890520104676289,0.9477484320154701,0.9431379203344703,0.9413936847619079,0.8445385534424797,0.8710529575837425,0.9489843611787752,0.9428469360414604,0.9004154029074702,0.9428469360414604,0.965581627051866,0.9046484553665961,0.7248979801204612,0.689836081851183,0.7502106230987007,0.8723711454784149,0.9033258132980615,0.9290959183459286,0.8794637048361449,0.9832374253294529,0.9005598143131879,0.864293487879922,0.8851462416270444,0.9736255139810746,0.9041758950509351,0.9409942357230059,0.8456829831262226,0.9128207699131587,0.9576036838348734,0.8692248747863958,0.945109705409731,0.9366007185429918,0.9425880247995209,0.991425262159849,0.8554481859701059,0.787025643662582,0.8200212448894446,0.9784690751812071,0.9529828655437629,0.9555354109319851,0.9033258132980615,0.9797811449693631,0.9238496325630552,0.9529828655437629,0.9988320430013828,0.8683459032022252,0.9508152934266845,0.9193839619667783,0.9952662150283398,0.9467071200650463,0.9484490715653735,0.8321265534441448,0.9391866557097979,0.9467071200650465,0.9467071200650463,0.7733349506503648,0.9529828655437629,0.9009304121039858,0.9682712938900857,0.8710529575837425,0.904175895050935,0.9762777185243531,0.9428469360414604,0.9662633710722657,0.9391866557097979,0.9487265052554266,0.8900468543966291,0.843876671590922,0.9467071200650463,0.9214166876382093,0.8217153723718015,0.8697487224008298,0.9552611489247411,0.6307059590770858,0.8990421269577602,0.8680911962917621,0.9481093959186369,0.9753036918480579,0.9552408029353747,0.8917716903077886,0.9552408029353749,0.9484490715653735,0.9798831497297819,0.9347742988036447,0.927293285231599,0.9428469360414604,0.9487265052554263,0.9701035670462174,0.9229109835440807,0.9529828655437629,0.8456829831262227,0.9409942357230057,0.9428469360414604,0.9779901913198821,0.6933200547968162,0.9576036838348732,0.9364042928805087,0.9317569054629058,0.9259591224230197,0.8554481859701064,0.948795768988056,0.8338344784202447,0.8264327167843046,0.9356913183279745,0.8210898379602245,0.9467071200650465,0.9484490715653735,0.7882190208851405,0.9619697063034165,0.915615538004893,0.9576036838348732,0.8323163166767261,0.9086743458966988,0.8186345229676761,0.9374201804111677,0.9409942357230059,0.6406032824729613,0.9024363921718168,0.9882139658769098,0.8304107832138793,0.7960571656361157,0.9428469360414604,0.8633105822387175,0.5420766505214756,0.9502774276431882,0.974691833565406,0.6743768413548512,0.9838256497964106,0.9428469360414604,0.9428469360414604,0.5404231111531135,0.7570168341223873,0.9892614560243305,0.9428469360414604,0.9552408029353749,0.9428469360414604,0.9127986978904695,0.8843363349468663,0.880653735982677,0.9980353634264251,0.9559635246111837,0.9805663112989256,0.8112504150761768,0.7842297379105647,0.9428469360414604,0.8662939159473788,0.905980420499302,0.7440995115376006,0.8931765200204658,0.9141982714487245,0.971189053823585,0.9467071200650465,0.8471601894990167,0.9428469360414604,0.7719447281133378,0.8948285561208531,0.9543185748336593,0.83513310922781,0.7504515182153704,0.8892764867245644,0.9356913183279745,0.9428469360414604,0.8834149545618554,0.9123854650252072,0.9428469360414604,0.7099144500891426,0.9729128973119285,0.8223064904295261,0.8180232600309134,0.8133191849769893,0.9428469360414604,0.8531751882060347,0.9496868486906058,0.9508152934266845,0.9988320430013828,0.9473369159557045,0.9315707757470977,0.9331634535227102,0.8831126597162939,0.9467071200650463,0.7762368526074076,0.8722472547880544,0.975500298406281,0.9718049337893699,0.9040240887361233,0.8544735095381983,0.9275156757582277,0.9487265052554263,0.9229109835440807,0.9428469360414604,0.9529828655437629,0.9584254509740686,0.8669412593055823,0.864053981570977,0.9620019617019886,0.9951011472655118,0.9774876889761587,0.9942907727414588,0.9951011472655114,0.9832374253294529,0.9428469360414604,0.9619697063034163,0.9839098373295183,0.926892837864771,0.6933200547968164,0.982138592764223,0.9552408029353747,0.9860136523181984,0.9765150789456658,0.8661207016570829,0.930701575174463,0.9552408029353747,0.8166888204928764,0.9448810215177157,0.9432506800820841,0.8902758572576281,0.9695689525766124,0.9253641867456623,0.9467071200650463,0.9086743458966988,0.9428834581482701,0.921852478408735,0.9326512786655548,0.9428834581482699,0.7622482528379299,0.9579335751547247,0.9272990664737619,0.9262179130570987,0.9284363038146395,0.9919304969477558,0.8683459032022252,0.9093468603483925,0.963500026402725,0.979781144969363,0.975500298406281,0.794763096653704,0.6604425241048822,0.9436043620667731,0.7441318134503205,0.9046484553665961,0.9776962401979465,0.9467071200650463,0.9838256497964106,0.9132688345152585,0.9466508604266068,0.5681783610633175,0.9529828655437629,0.8655346503928814,0.9107523671187099,0.9508152934266845,0.9448810215177157,0.9374201804111677,0.9374201804111679,0.9207232888949288,0.9529828655437629,0.9156114273620615,0.8037270395310101,0.9020120239820866,0.9409942357230057,0.9409942357230057,0.9115601052299622,0.8523712920330868,0.9374201804111677,0.914639332411721,0.9428469360414604,0.9508152934266845,0.9428469360414604,0.9428469360414604,0.8404539518860996,0.9275156757582277,0.9086743458966988,0.9428469360414604,0.8801183985124816,0.8349537330779555,0.9816273853023441,0.9441118568881282,0.8662939159473788,0.8328255545646561,0.8975014243503171,0.890520104676289,0.857843710337088,0.9356913183279745,0.9353609244375378,0.9813507987576178,0.9466508604266066,0.9277449747184279,0.9496868486906058,0.9156114273620615,0.9889067524115756,0.9951011472655114,0.8845777030899089,0.9508152934266845,0.9164658576765583,0.9467071200650463,0.9223484979500995,0.9805663112989254,0.9707495588862809,0.9765150789456656,0.9787356606143293,0.9559635246111835,0.8914873938168955,0.8805458336495584,0.9290024883707138,0.9902930825832764,0.9805663112989254,0.9447494136270196,0.9795142794845892,0.7965110764769934,0.8735847606764742,0.985998391819751,0.97925310600785,0.9374201804111679,0.8785400173833846,0.8758435862211178,0.9441180703023759,0.820180105861901,0.9170389579782947,0.9576036838348732,0.8584672327106705,0.90888212990781,0.7610390746299769,0.881218424884739,0.9805663112989256,0.9964099135129637,0.9780690814689982,0.9428469360414604,0.9487265052554263,0.9448810215177157,0.6433291602337388,0.8722463878449838,0.7701100080787616,0.9489843611787748,0.9170389579782947,0.8100057955331383,0.9765150789456657,0.8355292519245278,0.9706827259226706,0.8441044099353012,0.7622482528379295,0.9767643847531919,0.9951011472655118,0.9889067524115758,0.9563587051057705,0.9413936847619075,0.9730889887268284,0.7647853880534365,0.9514019024140521,0.7868947142132678,0.7820186329666219,0.9720014770972775,0.9786056946230592,0.8722463878449838,0.9156114273620615,0.9552408029353749,0.9779901913198821,0.68949170458385,0.8990421269577602,0.9701035670462173,0.9775723450801679,0.9984380827103148,0.8979784640232732,0.8210898379602247,0.9576036838348732,0.9839098373295183,0.9467071200650463,0.9466508604266068,0.9837816225361296,0.9366007185429919,0.9724229122039046,0.9156114273620615,0.8753269897582581,0.8776965810826791,0.9323345609629292,0.6568988353658314,0.9487265052554263,0.9644342014392548,0.9428469360414604,0.7333531230852303,0.9926027687807664,0.9368826856829253,0.9100373996478222,0.9428469360414604,0.9760791992046645,0.933231303166953,0.9985977496218883,0.9127986978904694,0.8917716903077886,0.9757489930454581,0.8970277449900297,0.80920976515677,0.9620019617019888,0.8914873938168952,0.8594891528032416,0.9416463105364248,0.9508152934266847,0.890520104676289,0.9199406273027306,0.9902930825832764,0.9431379203344701,0.9644342014392546,0.9184817171461352,0.9391866557097979,0.9576036838348732,0.933997010939813,0.9641067145740574,0.9428469360414604,0.903246699146719,0.8698606290925379,0.9762777185243531,0.46597605863739544,0.9307015751744632,0.956160717486662,0.9156227442031757,0.9409942357230059,0.9859983918197512,0.9374201804111677,0.9409942357230059,0.9409942357230059,0.6538036717478806,0.9428469360414604,0.953559186515656,0.967580431117067,0.9428469360414604,0.9259591224230197,0.9739457607244573,0.905538302592469,0.9467071200650463,0.8456829831262227,0.5675720773208043,0.998438082710315,0.9489507333188152,0.8684114426569793,0.975500298406281,0.936649538077734,0.9428469360414604,0.8955611203771285,0.9272932852315992,0.9259591224230197,0.9776962401979464,0.8968368576541008,0.9529828655437629,0.9447494136270194,0.9290959183459289,0.9413936847619078,0.9731155357061647,0.9980353634264252,0.9413936847619075,0.9928637420004902,0.9579335751547244,0.8186482473018306,0.9323345609629294,0.9529828655437629,0.9662633710722657,0.9467071200650463,0.8883809474030562,0.9348728834188953,0.9428469360414604,0.9428469360414604,0.8983711902967619,0.9552408029353747,0.8976438471902932,0.9374201804111677,0.9149568459374999,0.880922572630294,0.9951011472655118,0.866617512667968,0.836184700199366,0.9428469360414604,0.9428469360414604,0.9823914874221469,0.8892764867245643,0.8905201046762887,0.9876826984132439,0.9889981577295384,0.8697487224008298,0.8198704548791864,0.8932999321303233,0.9244246976009172,0.8411401795341398,0.9428469360414604,0.49428033778449243,0.9487265052554263,0.9576036838348734,0.8100057955331383,0.9529828655437629,0.8729114397011584,0.9428469360414604,0.9428469360414604,0.747173419167988,0.9428469360414604,0.8393287992069038,0.9307015751744632,0.8391057200608767,0.9208601429117473,0.9509575491863042,0.9889883423817387,0.8407867171339052,0.8594891528032416,0.9428469360414604,0.9046484553665961,0.9718778441598015,0.9447494136270194,0.551841222933047,0.7490707273150441,0.9074826789889905,0.8994092506018594,0.9073222074226133,0.9447494136270194,0.8978986056916491,0.9428469360414604,0.8801405237525247,0.9466508604266066,0.9889883423817387,0.8568329962206249,0.9637970801505742,0.6498698580331035,0.9638437528988761,0.8633105822387175,0.9813507987576179,0.997799321012899,0.987516308323314,0.5174766542229505,0.9552408029353747,0.963500026402725,0.9403936712046197,0.8750479429799932,0.8554481859701061,0.9409942357230059,0.890385277782574,0.9199406273027306,0.9029042197940333,0.7220550548121942,0.8085099719875108,0.9029042197940337,0.9576036838348732,0.5746236278098942,0.8905201046762887,0.9905174556385543,0.9164658576765585,0.9389176628943106,0.9552408029353747,0.930701575174463,0.9197042164521491,0.8906692022920057,0.9578778135048237,0.9409942357230057,0.770896761797981,0.9794167057545851,0.9447494136270194,0.8916280673533916,0.6600626095334565,0.8795292423605283,0.8527636551672768,0.9428469360414604,0.8782540541553361,0.998035363426425,0.7789713334350992,0.9552408029353747,0.5660018282600826,0.9259591224230199,0.9776292196359238,0.9428469360414604,0.8355292519245278,0.7815421982726278,0.9259591224230197,0.808190951391144,0.8014232883598378,0.8234457834371083,0.9487265052554263,0.8089708662120818,0.9566494573223596,0.9107576639752012,0.8541942475379052,0.9275156757582275,0.8235205061445541,0.9576036838348732,0.9275156757582275,0.9428469360414602,0.9532038714585354,0.9440432620596213,0.7793823544185214,0.9253641867456623,0.8126384549415189,0.8797999623621964,0.9409942357230059,0.9078928138464979,0.8438471631147553,0.8831126597162939,0.7694597096457007,0.7691440111812081,0.9428469360414604,0.831416541006879,0.8462121152122815,0.9127986978904694,0.9428469360414604,0.9272990664737619,0.8514469453376209,0.9529828655437629,0.9275156757582277,0.9409942357230059,0.9633717685717935,0.8036983259533201,0.9850854747694644,0.8592289363406349,0.93316345352271,0.9275156757582277,0.7895380199912547,0.9428469360414604,0.8203968155187431,0.9428469360414604,0.9529828655437629,0.8920624426086246,0.8492080767528756,0.9576036838348734,0.9113353863393023,0.982073696570638,0.9299338998484138,0.9127986978904694,0.9428469360414604,0.7651827197727348,0.9548493822944981,0.9202191222843747,0.8727778336746228,0.9046484553665963,0.9859983918197512,0.9156114273620617,0.7516797032516027,0.905980420499302,0.9775723450801679,0.8964995650129082,0.905980420499302,0.9127986978904694,0.9487265052554266,0.8710529575837425,0.905980420499302,0.9576036838348734,0.9859587862883863,0.933330959109937,0.9965866959360401,0.9409942357230057,0.9605059690638981,0.9259591224230197,0.9432506800820841,0.9431379203344703,0.8805458336495585,0.9823914874221471,0.921416687638209,0.7143426823531388,0.7202452719542998,0.9686221564032027,0.9127986978904696,0.8892738141520418,0.9753194003886089,0.8378584616414514,0.896836857654101,0.921416687638209,0.7504515182153702,0.9467071200650463,0.993001269385082,0.9794167057545851,0.9184817171461352,0.9620019617019888,0.9909803996283828,0.9487265052554266,0.9508152934266845,0.9175038515540834,0.9170389579782949,0.9767643847531918,0.9353631805614123,0.9156114273620617,0.9728089124081463,0.9242212627322116,0.9977287777736426,0.9428469360414604,0.8635973292748318,0.9536059642685943,0.9848460455693228,0.8880325471109582,0.8582154061989966,0.9508152934266842,0.8924520257599285,0.9504059114533234,0.9229109835440805,0.9535591865156563,0.9599453718988955,0.9088193584132744,0.914639332411721,0.958468282643316,0.9323345609629294,0.9041758950509351,0.9409942357230057,0.8829287866957689,0.9393433265910527,0.9902930825832763,0.9942907727414586,0.8722472547880544,0.918481717146135,0.9272932852315992,0.885564052475021,0.9320050194786884,0.8557235455907384,0.9391866557097979,0.9391866557097979,0.9700879895078349,0.8383915460579374,0.890520104676289,0.9467071200650463,0.9892614560243305,0.9259591224230195,0.9813507987576178,0.8794637048361449,0.9829255798283557,0.9942907727414588,0.9552408029353747,0.9338198267598912,0.9529828655437629,0.9962349015194361,0.9508152934266847
p17_I,0.8394403246908966,0.9958263540139827,0.6930414319016723,0.9374493795642361,0.97791348853611,0.9880755935910335,0.8678651295003781,0.9258714874259681,0.865264061449212,0.9442782351269043,0.9574979597513364,0.9742178060512305,0.9265423524364669,0.9598848913568985,0.9054762298636498,0.6135496291677929,0.9874255252046318,0.9040300914457238,0.941467276381333,0.9442782351269046,0.6307851156375613,0.9551139594816043,0.8512887315453759,0.98181078671843,0.9523096052149491,0.904030091445724,0.9673337013468153,0.9475238565788604,0.9442782351269043,0.811531702246663,0.9996816445584042,0.9903434298372484,0.9199406273027306,0.8863065703015558,0.97791348853611,0.941467276381333,0.9312172606999456,0.9641067145740576,0.9472198404849024,0.9766107126543475,0.5472295829929668,0.9059145492620324,0.9472198404849024,0.9406138327701863,0.9673337013468153,0.7149450398185471,0.9859410630732461,0.8606091151654387,0.902169807736934,0.8484356419795887,0.9361684345174046,0.5953365419150529,0.904030091445724,0.9610024953181504,0.9199406273027304,0.0,0.9003322259136215,0.9288488221297497,0.6335247719960999,0.9242920540600268,0.8684015223223851,0.785402004170175,0.9418468054117539,0.6885868816435307,0.938768815466609,0.9928518442600907,0.9361684345174046,0.8677917741382584,0.7540598478708427,0.941467276381333,0.9573155049417332,0.16731888079540103,0.9288488221297497,0.8007823684965492,0.9288488221297497,0.5304689665688602,0.6310342463237155,0.7885108687926848,0.8175134374929018,0.9880755935910335,0.9157617220296759,0.8965983225545131,0.9323299983666007,0.9418468054117537,0.9288488221297497,0.949904800799596,0.9137287800621363,0.7420909390556754,0.9060843180763314,0.9265423524364669,0.9288488221297497,0.9023795156406169,0.7540636738128108,0.8660988083925416,0.8967198703210439,0.8890895984248459,0.8987275892579092,0.4990931687367338,0.769290144271424,0.8753970416893986,0.9736434108527132,0.933654454952398,0.9288488221297497,0.8711879261366295,0.8919612280695782,0.941467276381333,0.9297539537367778,0.7584196112109391,0.9117298605520907,0.804062442966593,0.9008986253002533,0.9059145492620324,0.7936167803531393,0.9035881831250774,0.9336544549523982,0.7175259971354124,0.9526552033461158,0.9414672763813328,0.664552763970711,0.8011767661222198,0.9093131618258099,0.9697040536000001,0.9523096052149489,0.9651931383855021,0.9068863387241245,0.941369536597632,0.9675956872630854,0.8527415102120386,0.9742178060512305,0.9132389320257914,0.8217680690146958,0.6480526800808144,0.9013065795230637,0.9472198404849024,0.9220929278982624,0.9234770525623451,0.8558529824118857,0.7929565888833754,0.9361684345174044,0.9706982209232327,0.7208286976677374,0.9442782351269043,0.8409043502291773,0.6411901115551185,0.868785486139297,0.8747722377977698,0.9042249983725685,0.8011772965543407,0.9021698077369342,0.7248362750841855,0.9442782351269043,0.8980335604933309,0.8214102979747857,0.6563037028054907,0.9903434298372484,0.902169807736934,0.9079581313098617,0.9428805861339855,0.8694880662664033,0.8915641191189616,0.7723156123758673,0.9094857206850573,0.9748290773761273,0.7441896500402556,0.5865481802844217,0.9475238565788602,0.9822691663649893,0.9995729386747715,0.6047383370411621,0.8058647575691209,0.9598848913568983,0.8350803794897144,0.879734219269103,0.8235693737372305,0.9742328224172294,0.9446352888037229,0.999822628110246,0.9861545404751743,0.9881949600984963,0.8933387541177662,0.8446414267287857,0.9441383125174629,0.9897009966777408,0.9265423524364669,0.8728916008334401,0.9566136442322537,0.8245138194603565,0.8908505574053998,0.9178313446502834,0.9625094796456837,0.9242920540600268,0.9598434065495688,0.6648011668958782,0.7688165785801124,0.8980335604933309,0.9288488221297497,0.9312172606999456,0.9706982209232327,0.8606091151654387,0.6778355267828845,0.8754075788101026,0.9265423524364669,0.9288488221297497,0.5795509910339367,0.7688165785801124,0.9442782351269043,0.9288488221297497,0.7885796267509584,0.8812946455970225,0.8409576378165506,0.7996989708450453,0.4278979625090997,0.9742178060512305,0.9288488221297497,0.8214102979747857,0.9288488221297497,0.7577382749151549,0.6030228196247296,0.5894322599353288,0.9288488221297497,0.994160930288872,0.9288488221297497,0.998747849107485,0.9208151894950571,0.9475238565788602,0.5262397455507943,0.933654454952398,0.7215908919131213,0.9242920540600268,0.909762579821223,0.9137287800621365,0.927665598664277,0.7935493149400845,0.6185286240381147,0.8471315842032191,0.8590697626746646,0.90054724462673,0.9338624305038412,0.6701648110334173,0.8812946455970228,0.8812946455970225,0.9220929278982624,0.8915641191189614,0.9706982209232327,0.9288488221297497,0.892624738559076,0.9288488221297497,0.7970754133247795,0.8812946455970232,0.9361684345174044,0.8985159947466637,0.7215908919131213,0.9312172606999456,0.9112643219372452,0.7230524374821851,0.9042249983725685,0.873004414272011,0.8291716068658999,0.933654454952398,0.8692547644743305,0.5677568429595359,0.8043040257368961,0.9265423524364669,0.9486338396414329,0.8681646558639781,0.9472198404849024,0.9692745478323193,0.9646856815994838,0.9787436574258668,0.9861545404751741,0.8742984828548181,0.9361684345174046,0.7878082139127864,0.7584196112109391,0.7311298060778155,0.941467276381333,0.804062442966593,0.9428805861339855,0.9078247903914518,0.8621543973586858,0.941467276381333,0.6806009724761513,0.7825039848808459,0.938768815466609,0.412675318780533,0.925662981663943,0.933654454952398,0.5525066499500714,0.8149179483304112,0.9364894453503558,0.38661963947657485,0.9094857206850571,0.6891534465521731,0.9998226281102465,0.993153441494665,0.8198585429548066,0.48331640503272855,0.8268032850217475,0.941467276381333,0.9779134885361098,0.9393902601956408,0.9706982209232327,0.9361684345174046,0.7654163298689536,0.8856048231352784,0.933654454952398,0.902169807736934,0.8829528399528479,0.6791961145900027,0.9035881831250774,0.8638929830074615,0.7964719229254078,0.7629900200872709,0.7696440554198876,0.9200926842749222,0.9327624037197982,0.8944128167827483,0.9327624037197983,0.9523285443895997,0.881294645597023,0.5488221076844646,0.9859410630732461,0.9288488221297497,0.9361684345174048,0.892624738559076,0.9418468054117539,0.941467276381333,0.938768815466609,0.9265423524364669,0.9288488221297497,0.9117298605520907,0.9414672763813328,0.9880755935910335,0.9975882060612904,0.9692254451459146,0.9078247903914518,0.9361684345174044,0.810592883607024,0.6496493884176917,0.9117298605520907,0.9199406273027306,0.5971972193972619,0.9336544549523982,0.886306570301556,0.64336023986576,0.9178313446502833,0.9054762298636498,0.9880755935910336,0.7348346091604561,0.9523285443895997,0.7311298060778155,0.9220929278982624,0.9265423524364669,0.9235151033525315,0.874016077437922,0.7723156123758674,0.7740264048810823,0.6505388295656689,0.9288488221297497,0.8183065775312199,0.884623261684109,0.954797795932703,0.8846232616841088,0.9942420842964468,0.8058647575691209,0.9288488221297497,0.9288488221297497,0.902169807736934,0.8944128167827483,0.8929799621930963,0.9288488221297497,0.9442782351269046,0.9288488221297497,0.8914410719709878,0.47505933928576216,0.747718780816125,0.97302184505753,0.8931834336273661,0.9964991389010722,0.6197858033425132,0.6716039373100786,0.9288488221297497,0.5287661754833121,0.9475238565788602,0.7292417974426424,0.7751113581772173,0.8931834336273663,0.8416405879780737,0.33433303135572634,0.7566539863086958,0.9288488221297497,0.6912784232203331,0.9796635193777843,0.9866313369824821,0.8440562135961892,0.98181078671843,0.6224824389508063,0.9199406273027306,0.9288488221297497,0.9098471282503018,0.726353026245872,0.9288488221297497,0.8931834336273661,0.7760211689303795,0.6166286966905224,0.6577313710948114,0.7654163298689534,0.9288488221297497,0.9722705181462858,0.8214102979747855,0.938768815466609,0.8152013864163985,0.7221256015803839,0.9297539537367778,0.8715698060206929,0.7856569477787796,0.9859410630732461,0.913673617458646,0.8671481959671583,0.9707630758620764,0.8167542439085724,0.8726115142741184,0.5473713072362851,0.909762579821223,0.9361684345174046,0.9040300914457235,0.9288488221297497,0.8236923415849843,0.9769390375455413,0.8022317167352218,0.9580084947693384,0.8985159947466634,0.924292054060027,0.9296148191040328,0.98181078671843,0.924292054060027,0.9580084947693384,0.9288488221297497,0.9610024953181504,0.5379511956082432,0.9235615721162849,0.941467276381333,0.8074239246703685,0.9442782351269046,0.9178313446502835,0.9707630758620764,0.8060969790514183,0.8379601434210558,0.994242084296447,0.7929860856457913,0.9152383482658542,0.8484356419795887,0.9059145492620324,0.9964991389010722,0.4711615480049527,0.933654454952398,0.5525066499500724,0.91561268213489,0.9777757778837683,0.9078247903914516,0.91561268213489,0.9157617220296759,0.8949427042733133,0.8872028552545292,0.7866618671723988,0.9862390105817678,0.9220929278982624,0.7887218578562596,0.9273541355294599,0.8914410719709878,0.9078247903914518,0.9097625798212232,0.6529563929210903,0.999744732490999,0.6118467486887722,0.9078247903914518,0.977127504883329,0.7953579316392432,0.933654454952398,0.7833099084134094,0.7297226494924047,0.949904800799596,0.8590697626746644,0.941467276381333,0.9502423237355746,0.9293514524711304,0.938768815466609,0.9475238565788602,0.9673337013468153,0.625499337616211,0.9903434298372484,0.941467276381333,0.9996816445584038,0.6573261639805759,0.7776801287304262,0.9265423524364669,0.5013522041863696,0.7524940056416105,0.8998677823831449,0.9220929278982624,0.8614899173418666,0.9288488221297497,0.9387688154666092,0.9288488221297497,0.9288488221297497,0.7892035637357746,0.9097625798212232,0.9853395314336217,0.9288488221297497,0.7330448716760687,0.7727057995896351,0.8812946455970229,0.8167542439085731,0.4777511645544401,0.6760873335642719,0.8944128167827483,0.8926247385590762,0.7980426047213927,0.9199406273027304,0.6876123154725069,0.938768815466609,0.8846232616841083,0.8153266217715174,0.8214102979747855,0.894942704273314,0.9641067145740576,0.9706982209232327,0.7825685351092005,0.995067487912588,0.9098471282503018,0.9336544549523982,0.9175700816842534,0.9551139594816043,0.9059145492620324,0.3733913542785712,0.8332680722913413,0.9278464566365248,0.8684015223223853,0.909762579821223,0.8880034676011161,0.9336544549523977,0.9137287800621368,0.98181078671843,0.9428805861339855,0.7996989708450455,0.6669958920797894,0.9361684345174044,0.8280925202410468,0.9220929278982626,0.9435234406282149,0.8987275892579094,0.9304312867192418,0.7292417974426424,0.39107756876782096,0.9472198404849024,0.6760873335642719,0.8074239246703685,0.8926247385590762,0.6805049942758123,0.9964991389010722,0.8699816110295118,0.9119355268636244,0.9288488221297497,0.9361684345174046,0.8829528399528481,0.9288488221297497,0.6287206161729061,0.9137287800621363,0.924292054060027,0.9323299983666007,0.6224824389508063,0.9097625798212232,0.7688775090217481,0.9442782351269046,0.7186969447080922,0.9157617220296759,0.8849462485699273,0.924292054060027,0.9641067145740576,0.8158269723319069,0.9132389320257919,0.9469401678022589,0.7177031552516264,0.8320697414471749,0.6670520738673236,0.8560150343893422,0.9486384944783341,0.785402004170175,0.7465701329035996,0.9300679213294081,0.9442782351269046,0.9117298605520907,0.9312172606999456,0.8031912387746843,0.9215435437152564,0.9042249983725679,0.9265423524364669,0.7145413226998265,0.6195376551176885,0.9233710276669693,0.8811111416610471,0.9336544549523977,0.9521728905271735,0.9556196184821215,0.9402963929885,0.8621543973586856,0.9996816445584038,0.9117298605520907,0.9136736174586457,0.999744732490999,0.9265423524364669,0.9361684345174044,0.9472198404849022,0.9288488221297497,0.8863065703015556,0.5191104096150874,0.7723156123758672,0.8880034676011164,0.9288488221297497,0.8365043712015712,0.6381328130934043,0.8980335604933312,0.8914410719709875,0.5517608318800585,0.9357888633762992,0.9355762097635405,0.7422657244443425,0.5596903643040726,0.8684015223223849,0.8136478513745118,0.9118045190541602,0.9387688154666092,0.892624738559076,0.9003322259136215,0.9617723288059055,0.9451832184545603,0.9472198404849024,0.8985159947466634,0.924292054060027,0.9472198404849024,0.26191679266024526,0.9369878183831672,0.9779134885361098,0.8181573913365319,0.4884442420567955,0.9998226281102465,0.9288488221297497,0.9137287800621365,0.7177031552516262,0.7654163298689536,0.9265423524364669,0.7929565888833757,0.9220929278982624,0.9265423524364669,0.9265423524364669,0.8863065703015556,0.9288488221297497,0.9220929278982624,0.8699816110295121,0.9288488221297497,0.9469401678022586,0.873740353724,0.9414672763813328,0.9859410630732461,0.9950674879125883,0.9312172606999456,0.9265423524364669,0.8414544485377816,0.8478508727984932,0.909762579821223,0.8219514518716458,0.9288488221297497,0.9895262964440439,0.933654454952398,0.4272137936248285,0.7742298827847796,0.9017190217704447,0.9998226281102465,0.9312172606999456,0.9523096052149489,0.9451832184545603,0.9117298605520905,0.9288488221297497,0.9132389320257914,0.9573155049417332,0.9651931383855019,0.8409537938476193,0.873004414272011,0.941467276381333,0.939390260195641,0.9336544549523982,0.8998677823831449,0.8235693737372303,0.9288488221297497,0.9779134885361098,0.5496861505585869,0.9442782351269046,0.6724683867242974,0.9874255252046318,0.9580084947693384,0.7974907805060596,0.924292054060027,0.7495206731915056,0.7404316411520258,0.9288488221297497,0.9288488221297497,0.8796480577405048,0.807332209980509,0.892624738559076,0.7186498951324438,0.8058647575691209,0.6362666275996209,0.6224157668132209,0.7619307969165032,0.9443618136993994,0.7808181407585644,0.9288488221297497,0.8606091151654389,0.9361684345174046,0.9472198404849024,0.6224824389508063,0.941467276381333,0.8073322099805091,0.9288488221297497,0.9288488221297497,0.7254365351892997,0.9288488221297497,0.7367377645928268,0.8379601434210563,0.7350403930125705,0.43414374407251566,0.8985159947466637,0.8590697626746646,0.8342766569375188,0.8206904297960752,0.9288488221297497,0.9909282086879027,0.7875349366927928,0.9312172606999456,0.941467276381333,0.945719870418982,0.7995353968044259,0.9361802219295303,0.884623261684109,0.9312172606999456,0.5886129941275955,0.9288488221297497,0.7790052760171429,0.884623261684109,0.8590697626746646,0.8955115304598658,0.6386466475374417,0.9178313446502835,0.9256018765646534,0.9511816446337238,0.9387688154666087,0.7971908863788372,0.8307255507093778,0.9220929278982624,0.6868436814132028,0.8914410719709875,0.9040300914457235,0.9092995966185089,0.9361684345174044,0.9265423524364669,0.8510845705916488,0.9003322259136213,0.9132389320257919,0.8897147017633298,0.9472198404849024,0.8812946455970232,0.9472198404849024,0.9472198404849024,0.9215435437152564,0.9547977959327028,0.8544842329828615,0.9288488221297497,0.7483233619898517,0.9551139594816043,0.9551139594816043,0.8614687450376787,0.9199406273027306,0.9265423524364669,0.9003322259136213,0.8787678938964245,0.9312172606999458,0.7138230048393553,0.8846232616841085,0.7524940056416105,0.7212563975127791,0.9288488221297497,0.8754075788101028,0.92395717865117,0.8743055674000497,0.9442782351269043,0.9443618136993994,0.9078247903914525,0.9234915831261147,0.9288488221297497,0.7688775090217481,0.6760873335642716,0.9078247903914523,0.7705993660494888,0.8007823684965492,0.7808181407585644,0.9361684345174046,0.7725459839342217,0.7833099084134094,0.7186498951324445,0.894956792871882,0.9894121426990234,0.9728083107647914,0.9880755935910336,0.891113512984276,0.9779134885361098,0.9740512052478838,0.9021698077369342,0.7964719229254076,0.8926247385590762,0.6670520738673236,0.9288488221297497,0.9265423524364669,0.8011772965543404,0.6051507128267676,0.9375285758840217,0.7081941306867745,0.6954858663986463,0.9288488221297497,0.7459091117219763,0.574355201262517,0.925662981663943,0.9288488221297497,0.7980426047213927,0.9199406273027306,0.941467276381333,0.9097625798212232,0.9265423524364669,0.6046691209887985,0.9040300914457235,0.8838798249719386,0.9003322259136215,0.931868237520197,0.6919896057897748,0.683842459825003,0.9288488221297497,0.970755146873232,0.9288488221297497,0.941467276381333,0.8592082635519909,0.8379864720100323,0.9472198404849024,0.8967198703210437,0.7039166744136007,0.8962155056134602,0.9598848913568985,0.9288488221297497,0.8089636071961862,0.7925291845401496,0.7749827149423986,0.8949427042733138,0.8950953494015979,0.9903434298372484,0.9300679213294076,0.927846456636525,0.8829528399528481,0.8770832813017808,0.6954858663986462,0.8829528399528481,0.3556769147839982,0.9361684345174046,0.48331640503272866,0.8829528399528481,0.9472198404849024,0.9040300914457238,0.9312172606999456,0.9782026567459741,0.9265423524364669,0.927846456636525,0.9469401678022589,0.8484356419795884,0.4798196258276065,0.9894121426990234,0.8796480577405048,0.9393902601956408,0.9265423524364669,0.9137287800621365,0.8646849687042772,0.8914410719709878,0.8221878421274624,0.7885796267509586,0.907384189894376,0.615893526233517,0.9021698077369342,0.9312172606999456,0.9336544549523982,0.8908505574053998,0.9573335610241333,0.8985159947466634,0.848646972810347,0.9745310482030678,0.9361684345174046,0.9387688154666092,0.9219857400062808,0.8967198703210442,0.8510898516462695,0.949904800799596,0.9300679213294081,0.8857057542529405,0.9928893498778073,0.8931834336273665,0.9779134885361098,0.9409208095233883,0.9045357448920157,0.9093131618258099,0.8606091151654387,0.9144126802110621,0.938768815466609,0.8496055333462679,0.9258056526545557,0.904030091445724,0.9220929278982624,0.9679401264121574,0.8873412224047774,0.9182102768713853,0.8513555560800828,0.9157617220296759,0.9617988407308564,0.9781067403340057,0.9911245230080854,0.9023889491272765,0.933654454952398,0.98181078671843,0.8671481959671583,0.898515994746663,0.9859410630732464,0.9179136166011489,0.8322804608748364,0.9513280980466947,0.9706982209232327,0.9706982209232327,0.8309347837139287,0.9469401678022589,0.9627812356600217,0.9336544549523982,0.8260659134387476,0.9078247903914518,0.9387688154666092,0.8770832813017806,0.9059145492620324,0.98181078671843,0.9442782351269043,0.8655174742919489,0.9414672763813332,0.8969454111778046,0.9387688154666092
p17_L,0.864603615093358,0.9178313446502835,0.8484356419795889,0.8347836504853697,0.9288488221297497,0.9472198404849024,0.8485556446842236,0.8626066361774407,0.8652640614492118,0.4409249591066058,0.9157617220296761,0.9265423524364669,0.9265423524364669,0.8914410719709875,0.7260758653457877,0.926109367091948,0.9874255252046318,0.9040300914457235,0.9998226281102464,0.9442782351269043,0.9731841775797108,0.7551897845821203,0.9495873612601233,0.5628474791152086,0.7636321821450429,0.9040300914457235,0.9421847517560787,0.8829528399528481,0.9442782351269043,0.7464834334876655,0.8949427042733138,0.9361684345174046,0.9199406273027304,0.8165945463022465,0.9288488221297497,0.7649822460765641,0.9312172606999456,0.9199406273027306,0.47043906619852216,0.9393902601956408,0.7451298011037566,0.9443618136993994,0.9880755935910336,0.8780124908814337,0.9220929278982624,0.8736361361040903,0.9336544549523982,0.9175700816842534,0.4278620480063472,0.8484356419795889,0.5220816122841561,0.8120934869637881,0.9040300914457235,0.9178313446502835,0.9199406273027306,0.9003322259136215,0.0,0.9288488221297497,0.6335247719961004,0.9242920540600268,0.8684015223223851,0.8417844970541459,0.7178027688939725,0.8299441802940948,0.38564711518164163,0.7540772107829421,0.6846065982436877,0.9003008450443784,0.8670129666144124,0.9998226281102465,0.9750836918798633,0.9021698077369342,0.9288488221297497,0.9749991083317993,0.9288488221297497,0.8671481959671583,0.9137287800621365,0.7885108687926855,0.7524940056416105,0.9472198404849024,0.619523777834037,0.9078247903914518,0.8967198703210439,0.9418468054117539,0.9288488221297497,0.884623261684109,0.9207305022599919,0.7688775090217483,0.8480678643045041,0.9265423524364669,0.9288488221297497,0.6660694950711592,0.6224824389508058,0.7967384102359392,0.9323299983666007,0.8606091151654389,0.7548692442689452,0.8424470967591313,0.9634932129957607,0.7461068247589628,0.5864894795127362,0.9617723288059054,0.9288488221297497,0.8020933271294575,0.9894686132337763,0.941467276381333,0.8998677823831451,0.948908753138576,0.9117298605520907,0.978874656923622,0.7005889370309104,0.7480600708016643,0.7510144443985955,0.5488221076844657,0.9336544549523982,0.7175259971354127,0.9610024953181504,0.5301418640428827,0.9472198404849022,0.80117676612222,0.9093131618258099,0.45726976020571575,0.9117298605520907,0.7538051251657454,0.9040300914457235,0.6996384965197506,0.9312172606999456,0.8056017035197617,0.9265423524364669,0.881294645597023,0.821768069014696,0.933654454952398,0.9903434298372484,0.9472198404849024,0.2635731500277859,0.9685867508737676,0.9168235843456626,0.9554815748429077,0.9361684345174044,0.924292054060027,0.8484021459953659,0.9442782351269041,0.7540772107829421,0.739101136349229,0.551769947497065,0.9054762298636498,0.8770832813017808,0.9972940087996508,0.9021698077369342,0.8725208594320994,0.7483233619898517,0.8684015223223851,0.7843471546356964,0.8590536933702337,0.9554815748429077,0.902169807736934,0.6521016732181415,0.9112643219372452,0.9676707110837619,0.7177362084758447,0.7164563561696089,0.9859410630732464,0.9078247903914518,0.9352297684985353,0.8838798249719384,0.5359080104130426,0.9351293596727117,0.8590697626746646,0.8967198703210437,0.9911416000294788,0.925662981663943,0.9265423524364669,0.9369878183831672,0.8405494685194217,0.7952553997477141,0.6932536782966205,0.941467276381333,0.9374008478930761,0.5776419057461928,0.8409576378165506,0.8446414267287855,0.8439394117608214,0.9897009966777409,0.9265423524364669,0.8026530697414007,0.8589769334997016,0.8711879261366298,0.8795801622208903,0.9178313446502834,0.9625094796456835,0.6116462773079142,0.8944128167827483,0.7725459839342219,0.9780098482520372,0.8352780959681558,0.9288488221297497,0.5628474791152085,0.924292054060027,0.8830665354998962,0.8580473222674438,0.8754075788101028,0.9265423524364669,0.9288488221297497,0.9126225864946287,0.9991076460160248,0.5024046396832551,0.9288488221297497,0.9912878046883848,0.881294645597023,0.8409576378165506,0.7996989708450457,0.6336025591674523,0.31065038972731407,0.9288488221297497,0.946682321207851,0.9288488221297497,0.9000323049596543,0.7964719229254078,0.7917448721317764,0.9288488221297497,0.7937099395958789,0.9288488221297497,0.8703694312854079,0.9297539537367778,0.8829528399528481,0.9496592105739329,0.5434794638391194,0.9110337272239508,0.924292054060027,0.9495873612601233,0.7138046051626523,0.6278538287715327,0.7301977913725637,0.9193175573455776,0.9361684345174044,0.8590697626746647,0.9118045190541603,0.8637059334028958,0.911752035221604,0.881294645597023,0.8812946455970228,0.6254993376162095,0.6916895636488318,0.924292054060027,0.9288488221297497,0.8637059334028958,0.9288488221297497,0.861428364548761,0.8812946455970232,0.9361684345174046,0.8985159947466637,0.9110337272239509,0.5628474791152085,0.8796480577405048,0.9117298605520907,0.7972161138487692,0.873004414272011,0.8056017035197613,0.5434794638391207,0.6901456239521738,0.8202992520772756,0.9932026406994408,0.9265423524364669,0.938768815466609,0.8244616023747209,0.47043906619852216,0.7665663698948928,0.9866989384555496,0.9059145492620324,0.8432075354874795,0.728970149564203,0.9361684345174046,0.9621625650051606,0.9489087531385763,0.9320829311473764,0.941467276381333,0.7603593894773362,0.8796480577405048,0.4272137936248287,0.8908505574054,0.941467276381333,0.7922833118206054,0.9754523556491486,0.9486338396414329,0.8575360288119112,0.5610083729417279,0.933654454952398,0.9193175573455776,0.9427249561940425,0.9242920540600268,0.9859410630732464,0.933654454952398,0.8797693137240703,0.9998226281102465,0.9296148191040328,0.7967384102359392,0.8655174742919487,0.8268032850217475,0.8824024370934052,0.5314398474002897,0.7256256676759998,0.924292054060027,0.9361684345174046,0.9352297684985353,0.8056384393076785,0.9617723288059054,0.9861688348869461,0.8829528399528481,0.8723788060467208,0.8226169622796946,0.9029484180156709,0.8031912387746843,0.9319274162673268,0.9872469607493329,0.6866088546841744,0.8098030425665006,0.8652640614492118,0.9442782351269046,0.7505725722142025,0.799262490115292,0.9443035643220181,0.933654454952398,0.9288488221297497,0.9361684345174046,0.8760248201914796,0.5287191990638203,0.941467276381333,0.995067487912588,0.9304312867192419,0.9288488221297497,0.9117298605520907,0.941467276381333,0.9472198404849024,0.8747722377977694,0.8357162593002117,0.4272137936248288,0.9361684345174046,0.9912878046883848,0.8244616023747209,0.9117298605520907,0.9199406273027306,0.7759207051606751,0.595766071959968,0.886306570301556,0.8358642886861809,0.9178313446502833,0.8747722377977696,0.9472198404849024,0.9033390379924966,0.7835835592582241,0.8995234374652197,0.8969439783075258,0.9265423524364669,0.9235151033525315,0.6916895636488319,0.9427249561940425,0.7527044949653576,0.8444741549613235,0.9288488221297497,0.7952553997477141,0.7563282731807116,0.5108475774146057,0.884623261684109,0.9442782351269043,0.9911416000294788,0.9288488221297497,0.9288488221297497,0.7256256676759998,0.8432483852154222,0.7525029000090186,0.9288488221297497,0.9442782351269046,0.2861165153684895,0.5610083729417277,0.856007614722273,0.9165011629280251,0.9779134885361098,0.4828821522077793,0.9137287800621365,0.8175263920021941,0.8635011265515999,0.9288488221297497,0.8590536933702335,0.5359080104130427,0.9186707982454536,0.9014204200154656,0.9278464566365248,0.7213490475816133,0.933654454952398,0.9258714874259681,0.9288488221297497,0.8817675651479688,0.9418468054117539,0.8026530697414005,0.8221658856489193,0.9312172606999456,0.797924085433478,0.9199406273027304,0.9288488221297497,0.8544842329828619,0.7688775090217483,0.9288488221297497,0.8931834336273661,0.9239991990382526,0.795765314153642,0.829449319056339,0.9352297684985353,0.9288488221297497,0.7119568272580934,0.8214102979747857,0.938768815466609,0.7722732708593241,0.8509140625515301,0.869981611029512,0.8715698060206927,0.7026126048776197,0.9336544549523982,0.8575360288119107,0.8409576378165506,0.9495873612601233,0.9993750618397792,0.707707567002501,0.8432075354874795,0.9097625798212232,0.9361684345174044,0.7178027688939723,0.9288488221297497,0.941467276381333,0.9769390375455413,0.7694967637316316,0.9157617220296757,0.9346355708099476,0.9242920540600268,0.7813580335258906,0.9818107867184303,0.924292054060027,0.9580084947693384,0.9288488221297497,0.9610024953181504,0.9316274601593701,0.6975046085477401,0.941467276381333,0.9890698219039585,0.9442782351269046,0.9178313446502835,0.9097625798212232,0.9333578513593774,0.9964991389010722,0.5024046396832563,0.9413471247916936,0.8829528399528481,0.956323389301645,0.9059145492620326,0.9137287800621368,0.8926247385590762,0.9859410630732464,0.8863065703015558,0.3776008246122905,0.8526700377396739,0.9078247903914518,0.8873412224047774,0.9157617220296759,0.8949427042733138,0.7784462052462094,0.9550432012193395,0.9568526396305748,0.9220929278982624,0.9325749399228589,0.6973493918323205,0.7663398310994596,0.9469401678022586,0.9097625798212232,0.8466324711316696,0.9157617220296759,0.838119461012192,0.9078247903914518,0.7673182036865231,0.9088493843982655,0.933654454952398,0.8107028067837898,0.9677680856796698,0.9195321209694297,0.8873412224047772,0.941467276381333,0.8572536274440055,0.8818449897152717,0.938768815466609,0.9798093648918664,0.9220929278982624,0.9220929278982626,0.9361684345174046,0.471431768534462,0.9300679213294081,0.8312576030795666,0.8402814706191792,0.9781067403340057,0.8827558331044782,0.774167149592041,0.8311566754341573,0.9220929278982624,0.959400942135977,0.9288488221297497,0.9387688154666092,0.9288488221297497,0.9288488221297497,0.7461068247589626,0.7318143872286756,0.5525066499500704,0.9288488221297497,0.9464800105051056,0.9946361250640621,0.8812946455970231,0.7465528572437636,0.8845611988346691,0.8982870507540051,0.49346332121298486,0.8760248201914795,0.7757525420881082,0.5942324127126715,0.8709462225267632,0.938768815466609,0.8846232616841088,0.9837202531589216,0.7982195598930495,0.5781790398852756,0.9199406273027304,0.5652401104447088,0.6907202904261152,0.938768815466609,0.6749311572438998,0.9336544549523982,0.626742186165231,0.7138046051626517,0.9059145492620324,0.9495873612601233,0.810538143102064,0.8931834336273663,0.8684015223223851,0.9097625798212232,0.8880034676011164,0.933654454952398,0.9137287800621368,0.9312172606999458,0.9428805861339855,0.7996989708450457,0.8230263305127776,0.9361684345174046,0.7815664566268085,0.6707401110647635,0.733008337564468,0.701576449426923,0.9742178060512305,0.9186707982454536,0.9323299983666007,0.9472198404849024,0.8676188606210478,0.7848121187341826,0.847106015035299,0.9354335123024238,0.7965749640015882,0.8012705040805246,0.8606614009038351,0.9288488221297497,0.9361684345174044,0.9152383482658542,0.9288488221297497,0.7465701329036012,0.9137287800621363,0.924292054060027,0.8967198703210437,0.819854291243812,0.9495873612601233,0.9389754401252532,0.9442782351269043,0.8665932866893382,0.9157617220296759,0.8129560940834357,0.9242920540600268,0.9199406273027306,0.9677680856796697,0.8631510629728291,0.5054445484464427,0.9282490218845951,0.8574509814384921,0.9448099114301204,0.9541083774946107,0.9193175573455776,0.9827738564631818,0.8879895529804341,0.894942704273314,0.9442782351269046,0.47957396950503417,0.9312172606999456,0.8854356647698316,0.8637059334028956,0.8499415642309929,0.9265423524364669,0.9260631990964181,0.865282448042382,0.7292573298947764,0.9420817435948237,0.933654454952398,0.7889690427384559,0.9475238565788602,0.9059145492620324,0.8795801622208902,0.929431210446216,0.9523096052149491,0.913673617458646,0.9157617220296757,0.9781067403340057,0.9361684345174044,0.9472198404849024,0.9288488221297497,0.7835835592582244,0.8059973806287364,0.7510144443985955,0.9881949600984963,0.9288488221297497,0.8365043712015712,0.8334938768474367,0.8684015223223851,0.4925645535558181,0.8652640614492118,0.8484356419795889,0.8335461879057977,0.6887196459506889,0.9346355708099479,0.5982217906005869,0.7907939939476731,0.8469334628212699,0.9387688154666092,0.8926247385590762,0.07331118493909194,0.933654454952398,0.5437081986851442,0.9472198404849024,0.8985159947466637,0.924292054060027,0.9472198404849022,0.9178313446502835,0.9369878183831672,0.9779134885361098,0.795765314153642,0.8638929830074618,0.941467276381333,0.9779134885361098,0.7138046051626521,0.6755939819250318,0.7229629702115576,0.9265423524364669,0.9361684345174046,0.9220929278982624,0.9265423524364669,0.9265423524364669,0.9193175573455776,0.9288488221297497,0.6254993376162095,0.8311566754341573,0.9288488221297497,0.8965983225545131,0.7509631736377804,0.941467276381333,0.9336544549523982,0.938768815466609,0.9312172606999458,0.9265423524364669,0.6510847597808493,0.80117676612222,0.9097625798212232,0.9783345019146317,0.9288488221297497,0.6219534759587274,0.9859410630732464,0.9078247903914518,0.7108457362213887,0.6460427419832693,0.941467276381333,0.9312172606999456,0.6824726928193272,0.8812946455970232,0.9117298605520907,0.9288488221297497,0.7992624901152923,0.9235151033525317,0.7889303422218402,0.7742309874643023,0.9574979597513364,0.941467276381333,0.46508250046505384,0.9336544549523982,0.959640125090411,0.8011772965543407,0.9288488221297497,0.97791348853611,0.8862984638837297,0.5024046396832551,0.8056265820089537,0.9220929278982624,0.9580084947693384,0.7540772107829423,0.9242920540600268,0.7073064892945551,0.9089792169807254,0.9288488221297497,0.9288488221297497,0.8796480577405048,0.819854291243812,0.8637059334028958,0.9621308931062635,0.9911416000294788,0.8509140625515299,0.7980426047213924,0.9314862702261049,0.4020346908653618,0.9307131725951661,0.9288488221297497,0.9175700816842534,0.9361684345174044,0.47043906619852216,0.7979240854334779,0.941467276381333,0.7634717983598409,0.9288488221297497,0.9288488221297497,0.9148586198745887,0.92395717865117,0.9052052366465229,0.9137287800621365,0.7583034248196893,0.8873412224047774,0.9346355708099481,0.8590697626746646,0.9892716291785044,0.7978365723692369,0.9288488221297497,0.5437081986851438,0.9596914506577512,0.9312172606999456,0.941467276381333,0.9195293122683741,0.9914325860459474,0.8181878415434289,0.5278428862765077,0.9312172606999456,0.8260659134387469,0.9288488221297497,0.7572281835377366,0.4952021167187639,0.8582156400242074,0.7357711623142871,0.8593011531886738,0.9178313446502835,0.8668291346622676,0.7667722223656791,0.938768815466609,0.8400759547129952,0.9800643430341562,0.9220929278982624,0.9442782351269043,0.9598848913568985,0.9040300914457238,0.7379909888052494,0.5762566076039997,0.9742178060512308,0.8261775432373466,0.9003322259136213,0.9909282086879028,0.88971470176333,0.9472198404849024,0.9132389320257919,0.9472198404849024,0.9472198404849024,0.6157555737858555,0.8880034676011164,0.8544842329828617,0.9288488221297497,0.994242084296447,0.6724194257431844,0.9137287800621365,0.8394975685199365,0.9641067145740576,0.9265423524364669,0.9369878183831675,0.8514514697165172,0.613441005133694,0.7138230048393555,0.9172640312418523,0.8175134374929018,0.7848868336667588,0.9288488221297497,0.6660694950711592,0.9779134885361098,0.7055231852881505,0.4409249591066058,0.9059145492620324,0.9078247903914523,0.7379656784722237,0.9288488221297497,0.7476152676338104,0.8676188606210478,0.7401368129112847,0.9408496123221775,0.9749991083317995,0.9521267485718234,0.9361684345174046,0.7725459839342221,0.828419606724832,0.952743983757392,0.8525034332144863,0.9894121426990234,0.7708032179176928,0.9472198404849024,0.9309382944231761,0.9779134885361098,0.8575360288119112,0.9117279299695329,0.7742309874643021,0.8471060150352991,0.8593459614107983,0.9288488221297497,0.9265423524364669,0.8011772965543407,0.7701400362497401,0.8821656806165818,0.9186707982454536,0.9068830522670357,0.9288488221297497,0.9146234226949468,0.7404972158640578,0.8914410719709878,0.9288488221297497,0.9986531684209496,0.9199406273027304,0.941467276381333,0.9097625798212232,0.9265423524364669,0.7848121187341826,0.9040300914457237,0.8838798249719386,0.9003322259136215,0.5555950947340125,0.9097625798212232,0.8551510676382603,0.9288488221297497,0.9346355708099479,0.9288488221297497,0.5301418640428827,0.8151817498398597,0.8379864720100323,0.47043906619852216,0.9323299983666007,0.7441896500402554,0.8962155056134602,0.49256455355581796,0.9288488221297497,0.9932958041441329,0.9870085927386689,0.8136478513745111,0.4728033887169931,0.881294645597023,0.9903434298372484,0.8949427042733138,0.7601863362810475,0.8829528399528481,0.8499415642309931,0.8646036150933578,0.8829528399528481,0.9256629816639432,0.9361684345174046,0.8915641191189616,0.8829528399528481,0.47043906619852216,0.41526905716573026,0.9312172606999458,0.7698294981298706,0.9265423524364669,0.7948493592902062,0.8183675677328989,0.8754075788101028,0.9451832184545603,0.9097625798212232,0.879648057740505,0.7628461201347065,0.9265423524364669,0.7138046051626521,0.8432956299464525,0.8914410719709878,0.7360993619873208,0.7711552361277279,0.8763873919722716,0.8715698060206927,0.9489483824282394,0.6134410051336938,0.9859410630732464,0.9369724823143172,0.930017136844226,0.8985159947466637,0.8985159947466639,0.9460505649436606,0.9361684345174046,0.9387688154666092,0.831143131332907,0.8967198703210442,0.8750865698084337,0.9172640312418525,0.8240555592779341,0.861472041151043,0.9928893498778073,0.8931834336273665,0.9288488221297497,0.8154695273675028,0.8440826446008818,0.8780124908814337,0.8890895984248461,0.8916215274756323,0.779737822303496,0.9816494815223562,0.8251240738024217,0.9040300914457235,0.48977701727055034,0.8967198703210439,0.91561268213489,0.8370121611433389,0.9799301329469465,0.9157617220296759,0.894301062876302,0.9265423524364669,0.6738651480778006,0.8591079607295917,0.3866196394765743,0.98181078671843,0.8971367806773712,0.898515994746663,0.9336544549523982,0.721432056337576,0.9541083774946109,0.864362378497199,0.7972709447607388,0.9364894453503557,0.9847330193381247,0.9078247903914518,0.7314307944105777,0.9336544549523982,0.9632184932851355,0.907824790391452,0.9387688154666092,0.8499415642309929,0.9059145492620324,0.9675956872630855,0.5024046396832546,0.9782026567459742,0.471431768534462,0.8969454111778046,0.9387688154666092
p17_S,0.7524297972473161,0.9413411539914585,0.8918007079504506,0.9225015741707872,0.9492063492063487,0.9623211158059548,0.7050163519970581,0.7509151724713103,0.9038142386822647,0.960221152322577,0.9398636845831869,0.9475597985845114,0.9475597985845114,0.9225015741707872,0.9106019687464653,0.5567710364845595,0.944383427890573,0.9314886672615048,0.9582144552981327,0.960221152322577,0.8875255844205965,0.938412400887346,0.935580996038617,0.9508971383859763,0.9369854052620163,0.9314886672615046,0.944383427890573,0.916441965519317,0.960221152322577,0.7739436107925906,0.9250013316406693,0.9544316996038,0.9428469360414609,0.9188361382271659,0.9492063492063489,0.9582144552981327,0.9508971383859763,0.9428469360414602,0.9623211158059548,0.930160641445072,0.8993922310882436,0.932833950574053,0.9623211158059548,0.912915131908919,0.9443834278905732,0.8474513194974065,0.9526370111116405,0.9004911494084333,0.930160641445072,0.8918007079504506,0.9544316996038,0.8495864161552136,0.9314886672615046,0.13408370177867746,0.9428469360414604,0.9288488221297497,0.9288488221297497,0.0,0.7383793872014479,0.9459533477380775,0.9060540201833016,0.831146423199498,0.931488667261505,0.8993922310882436,0.9562880686171875,0.8244397822834253,0.9544316996038,0.6473831763250288,0.7698078233874499,0.9582144552981327,0.92126914699118,0.9301606414450723,0.9492063492063487,0.8266892096935958,0.0,0.8864622842804517,0.938412400887346,0.9398636845831867,0.8233095582802461,0.9623211158059548,0.9398636845831869,0.9341976401680094,0.31108550994831163,0.9314886672615048,0.0,0.9176344520056336,0.938412400887346,0.8046479448175341,0.8939536575643376,0.03139863267861631,0.0,0.8918007079504506,0.831146423199498,0.8548949080074899,0.31108550994831163,0.48955645159511163,0.8896584524348263,0.8875255844205965,0.8198957816506434,0.8187498553347687,0.9288488221297497,0.9526370111116405,0.9492063492063489,0.8580633769736241,0.6072669396673074,0.9582144552981327,0.907182019415572,0.7973204052495684,0.9369854052620166,0.8289245259008584,0.8759110188590657,0.9328339505740528,0.8070467719220202,0.9094556823349389,0.9526370111116405,0.7833099084134079,0.9413411539914585,0.9582144552981327,0.9623211158059548,0.8580633769736241,0.9129151319089193,0.885400876353422,0.9369854052620166,0.9250013316406696,0.931488667261505,0.7554264789789613,0.9508971383859763,0.6339927913026551,0.9475597985845114,0.9152582079543838,0.8727631680356085,0.9526370111116405,0.9544316996038,0.9623211158059548,0.944383427890573,0.8453085223330421,0.879064442044788,0.9544316996038003,0.9544316996038,0.06018876900101988,0.8046479448175343,0.960221152322577,0.8244397822834253,0.8717146038820363,0.8875255844205967,0.9106019687464659,0.892875760974867,0.8420784215528956,0.9301606414450723,0.7583810530554915,0.9602211523225768,0.9060540201833014,0.8559522762859688,0.8811713725919912,0.9544316996038,0.9301606414450725,0.8950345750758599,0.9140827360776209,0.8938851835250172,0.5567710364845593,0.7367566674079002,0.9526370111116407,0.9341976401680094,0.7431708752992887,0.8972062142375332,0.9164419655193166,0.8612222667022558,0.8993922310882436,0.9262700211315917,0.8453085223330423,0.9225015741707872,0.9475597985845114,0.9288488221297495,0.6783615558233287,0.8538362113124116,0.8780124908814328,0.9582144552981327,0.6072669396673073,0.9200475251844384,0.5526275082095409,0.9117550006367756,0.8885909234541711,0.9288488221297497,0.9475597985845114,0.6394614409405057,0.8538362113124116,0.8580633769736241,0.9015943008452869,0.13408370177867734,0.9237454173815312,0.9459533477380775,0.903814238682265,0.8221755430097122,0.7897778653703145,0.9060540201833014,0.0,0.9508971383859763,0.9459533477380777,0.4895564515951115,0.8355526955775656,0.8918007079504506,0.9475597985845114,0.0,0.8685695845092951,0.7897778653703145,0.960221152322577,0.0,0.6951973979147161,0.9152582079543841,0.8864622842804517,0.6447787703816181,0.9049315186013059,0.9475597985845114,0.0,0.6473831763250286,0.0,0.8117838598171898,0.8388272306091986,0.8355526955775657,0.0,0.6339927913026551,0.0,0.7050163519970583,0.9071820194155717,0.9164419655193166,0.8759110188590655,0.9526370111116407,0.7711949776746383,0.06018876900101888,0.935580996038617,0.9384124008873462,0.9060540201833014,0.7554264789789611,0.9188361382271666,0.9544316996038,0.4951319232791844,0.8907283270583697,0.9027019168030599,0.897206214237533,0.9152582079543838,0.9152582079543838,0.944383427890573,0.885400876353422,0.9459533477380777,0.0,0.9027019168030597,0.0,0.7334713952978886,0.9152582079543841,0.9544316996038,0.9275522446953854,0.7711949776746383,0.9508971383859763,0.9140827360776205,0.9369854052620161,0.892875760974867,0.9398636845831869,0.8612222667022562,0.9526370111116405,0.8717146038820363,0.8717146038820349,0.8442340263447974,0.03139863267861631,0.9562880686171873,0.8289245259008584,0.9623211158059548,0.8333555867103808,0.8333555867103808,0.24376003609304187,0.8706662210952574,0.8748612665230131,0.9544316996038003,0.848519788337875,0.7973204052495684,0.7780046509581313,0.9582144552981327,0.8289245259008584,0.9140827360776214,0.9341976401680094,0.9015943008452874,0.9582144552981327,0.8517144868263773,0.8141237078825918,0.9562880686171873,0.8982973238138026,0.9225015741707867,0.9526370111116407,0.9188361382271666,0.8070467719220202,0.9459533477380775,0.9526370111116405,0.9526370111116407,0.7985559379258667,0.9582144552981327,0.7985559379258667,0.6499526646778642,0.885400876353422,0.8442340263447972,0.9582144552981327,0.9492063492063487,0.930160641445072,0.9459533477380777,0.9544316996038003,0.8022278398026612,0.8982973238138026,0.9526370111116405,0.9301606414450723,0.9164419655193172,0.7250134267509765,0.9094556823349389,0.8843412180810755,0.6848496741376313,0.7923174570100686,0.6911250629978627,0.8727631680356077,0.9602211523225768,0.903814238682265,0.9602211523225768,0.9188361382271668,0.9152582079543841,0.9094556823349389,0.9526370111116405,0.0,0.9544316996038,0.9027019168030597,0.931488667261505,0.9582144552981327,0.9562880686171873,0.9475597985845114,0.0,0.9369854052620163,0.9582144552981327,0.9623211158059548,0.9106019687464655,0.823309558280246,0.9341976401680094,0.9544316996038003,0.8333555867103808,0.8289245259008584,0.9369854052620166,0.9428469360414611,0.8409971458279799,0.9526370111116405,0.9188361382271659,0.8117838598171898,0.9413411539914587,0.9106019687464657,0.9623211158059548,0.7655931084723666,0.9188361382271666,0.7780046509581313,0.944383427890573,0.03139863267861631,0.92126914699118,0.885400876353422,0.8070467719220202,0.8082384637825222,0.8187498553347687,0.0,0.8538362113124116,0.9176344520056336,0.9200475251844387,0.9176344520056336,0.9602211523225768,0.8453085223330421,0.0,0.0,0.930160641445072,0.903814238682265,0.8591172857456586,0.0,0.9602211523225768,0.9492063492063489,0.922501574170787,0.8972062142375332,0.7897778653703145,0.9492063492063489,0.9237454173815309,0.938412400887346,0.8322525541058978,0.9634411459729271,0.0,0.8811713725919912,0.9164419655193168,0.7766590274917047,0.9952327064015152,0.9237454173815312,0.8704033497109469,0.9526370111116405,0.7960789049353036,0.0,0.7973204052495684,0.9314886672615053,0.8591172857456586,0.8300371089395653,0.9508971383859763,0.831146423199498,0.9428469360414606,0.0,0.8961186971729789,0.7399891659895361,0.0,0.9237454173815309,0.7948313236856197,0.8420784215528956,0.8152867967569688,0.8022278398026612,0.0,0.7698078233874488,0.8559522762859684,0.9562880686171873,0.6574604645689301,0.7250134267509767,0.907182019415572,0.908315805590151,0.8961186971729789,0.9526370111116405,0.8982973238138026,0.8864622842804517,0.935580996038617,0.8527760996057683,0.8738120195914167,0.8706662210952574,0.21151139151266862,0.9544316996038,0.9314886672615055,0.0,0.9582144552981327,0.9015943008452869,0.8129560940834346,0.9398636845831869,0.9275522446953854,0.06018876900102055,0.7478523304650295,0.9508971383859763,0.06018876900102055,0.9398636845831869,0.9492063492063489,0.9413411539914582,0.879064442044788,0.903814238682265,0.9582144552981327,0.8463809254714867,0.9602211523225768,0.9413411539914582,0.935580996038617,0.801009545737682,0.938412400887346,0.9602211523225768,0.7997856146881548,0.9164419655193166,0.5305546844946969,0.24376003609304187,0.938412400887346,0.9027019168030597,0.9526370111116405,0.9188361382271666,0.8993922310882436,0.8769613888066743,0.9341976401680094,0.8993922310882436,0.9398636845831869,0.9250013316406693,0.6827113291147924,0.7725735218970409,0.9049315186013058,0.9443834278905732,0.8141237078825918,0.8907283270583697,0.9225015741707872,0.9341976401680094,0.21151139151266984,0.8175997772209664,0.9398636845831869,0.8517144868263774,0.9341976401680094,0.9152582079543841,0.7539334992316542,0.9526370111116405,0.8453085223330421,0.7143607147557585,0.9176344520056336,0.8993922310882432,0.9582144552981327,0.7301312695908229,0.8918007079504506,0.9562880686171875,0.9164419655193166,0.944383427890573,0.944383427890573,0.9544316996038003,0.9582144552981327,0.9250013316406696,0.8255663034700989,0.9129151319089186,0.9475597985845114,0.9475597985845114,0.7125274559321444,0.9071820194155717,0.08671734220308636,0.8717146038820361,0.0,0.9562880686171873,0.0,0.0,0.8187498553347687,0.2115113915126693,0.9188361382271664,0.0,0.7334713952978882,0.8377384241745145,0.4006068367505189,0.8527760996057685,0.8811713725919912,0.8058499662916012,0.903814238682265,0.47795836130872293,0.8399134433261015,0.9428469360414604,0.8864622842804515,0.4408515443948542,0.9176344520056336,0.7711949776746385,0.6473831763250284,0.9250013316406696,0.9428469360414602,0.9459533477380775,0.7846176027958278,0.9562880686171873,0.8961186971729789,0.9526370111116405,0.9004911494084331,0.938412400887346,0.9328339505740528,0.935580996038617,0.848519788337875,0.9237454173815312,0.9060540201833016,0.9355809960386168,0.7223272158432528,0.9526370111116405,0.17526171623055564,0.9508971383859763,0.9140827360776205,0.8570084033315839,0.8399134433261015,0.4654487838138114,0.8570084033315841,0.5711669571562623,0.77934241058442,0.8896584524348263,0.9475597985845114,0.7766590274917051,0.9262700211315917,0.9623211158059548,0.8058499662916013,0.8463809254714865,0.7876282222528316,0.8034406041869142,0.938412400887346,0.9071820194155717,0.8822265994777512,0.0,0.9544316996038,0.9164419655193174,0.9492063492063487,0.8612222667022558,0.938412400887346,0.9459533477380777,0.9262700211315917,0.831146423199498,0.9355809960386168,0.8046479448175343,0.9602211523225772,0.7935775465776653,0.9398636845831869,0.8664724446651941,0.06018876900102055,0.9428469360414602,0.7143607147557588,0.9152582079543841,0.9341976401680094,0.7806724477786732,0.880117361849238,0.7318083230664854,0.8633240709217587,0.9188361382271666,0.6991852245234744,0.8612222667022558,0.9250013316406696,0.960221152322577,0.9369854052620166,0.9508971383859763,0.8388272306091986,0.9027019168030597,0.525843532183836,0.03139863267861631,0.7960789049353036,0.8409971458279799,0.9623211158059548,0.8790644420447877,0.9526370111116405,0.9176344520056336,0.9164419655193168,0.932833950574053,0.9015943008452869,0.9250013316406696,0.9369854052620166,0.500567215157067,0.9398636845831867,0.9475597985845112,0.9544316996038,0.9623211158059548,0.0,0.9188361382271668,0.8654234385275936,0.8070467719220202,0.9200475251844384,0.0,0.8832831707913575,0.8244397822834253,0.9060540201833016,0.34458474155865637,0.9038142386822647,0.8918007079504506,0.8811713725919912,0.7859181167692968,0.9275522446953854,0.9060540201833014,0.6598989712921809,0.8907283270583697,0.9562880686171873,0.9027019168030597,0.9288488221297497,0.9526370111116405,0.9152582079543841,0.9623211158059548,0.9275522446953854,0.9459533477380777,0.9623211158059548,0.9413411539914587,0.9288488221297497,0.9492063492063487,0.6783615558233285,0.8843412180810755,0.9582144552981327,0.9492063492063489,0.9384124008873462,0.7806724477786728,0.8022278398026612,0.03139863267861631,0.9544316996038003,0.08671734220308558,0.03139863267861631,0.03139863267861631,0.3741839079094693,0.0,0.944383427890573,0.4527606561376478,0.0,0.9341976401680094,0.535161772248302,0.9582144552981327,0.9526370111116405,0.9562880686171873,0.9508971383859763,0.03139863267861631,0.7960789049353036,0.8580633769736241,0.935580996038617,0.8409971458279799,0.0,0.9071820194155722,0.9526370111116405,0.9341976401680094,0.7935775465776653,0.9083158055901508,0.9582144552981327,0.9508971383859763,0.9369854052620166,0.9152582079543841,0.6284764518573093,0.9492063492063487,0.4006068367505189,0.92126914699118,0.9250013316406696,0.6848496741376318,0.9398636845831869,0.9582144552981327,0.930160641445072,0.9526370111116405,0.9071820194155722,0.8420784215528954,0.0,0.9492063492063487,0.8822265994777507,0.960221152322577,0.8377384241745145,0.944383427890573,0.9398636845831869,0.8244397822834253,0.06018876900102055,0.7569089328329721,0.7846176027958276,0.0,0.0,0.40880739824839063,0.6991852245234742,0.9027019168030597,0.8058499662916013,0.8453085223330421,0.8152867967569688,0.8399134433261015,0.7997856146881548,0.9328339505740528,0.8129560940834346,0.0,0.9004911494084331,0.9544316996038,0.9623211158059548,0.831146423199498,0.9582144552981327,0.831146423199498,0.0,0.0,0.7739436107925914,0.9492063492063487,0.7819949015164562,0.938412400887346,0.8570084033315841,0.8993922310882436,0.6856702229525599,0.8993922310882436,0.8344556057285131,0.8506512873935228,0.0,0.9152582079543841,0.8175997772209664,0.9508971383859763,0.9582144552981327,0.5526275082095407,0.7351207557283752,0.43182584581086747,0.9176344520056336,0.9508971383859763,0.8591172857456586,0.0,0.8266892096935958,0.9176344520056336,0.8993922310882436,0.8727631680356078,0.8654234385275936,0.9413411539914582,0.9049315186013054,0.8538362113124116,0.9562880686171875,0.8685695845092949,0.862273520033598,0.9443834278905732,0.9602211523225768,0.9225015741707872,0.2586095064370061,0.8129560940834346,0.9544316996038,0.03139863267861631,0.8759110188590655,0.9288488221297497,0.9152582079543841,0.92126914699118,0.9623211158059548,0.9152582079543841,0.9623211158059548,0.9623211158059548,0.9027019168030597,0.3647019568709454,0.8961186971729789,0.9492063492063487,0.9602211523225768,0.938412400887346,0.938412400887346,0.8322525541058978,0.9428469360414611,0.9475597985845114,0.9288488221297497,0.5210240199989242,0.9508971383859761,0.7684119013812074,0.3833143586062788,0.7125274559321442,0.7447432793600621,0.0,0.8918007079504506,0.9492063492063489,0.758381053055492,0.960221152322577,0.9328339505740528,0.9341976401680097,0.855952276285969,0.0,0.7399891659895361,0.8058499662916012,0.9341976401680094,0.8058499662916012,0.8266892096935958,0.8129560940834346,0.9544316996038,0.7143607147557588,0.6716454483484393,0.8058499662916012,0.7431708752992889,0.9355809960386166,0.6761489807685291,0.9623211158059548,0.9355809960386168,0.9492063492063489,0.8982973238138026,0.930160641445072,0.8388272306091984,0.4779583613087228,0.8106069085572598,0.9492063492063489,0.03139863267861631,0.8420784215528954,0.861222266702256,0.5110414539348817,0.7766590274917051,0.7524297972473162,0.0,0.9856724533720749,0.8633240709217587,0.9225015741707872,0.0,0.8399134433261015,0.9428469360414604,0.9582144552981327,0.2115113915126694,0.03139863267861631,0.9114861522954751,0.9314886672615051,0.897206214237533,0.9288488221297497,0.9083158055901508,0.9355809960386172,0.8129560940834346,0.0,0.9275522446953854,0.0,0.9582144552981327,0.8333555867103808,0.8843412180810759,0.9623211158059548,0.9262700211315917,0.8022278398026612,0.904931518601306,0.9225015741707869,0.0,0.8322525541058978,0.8210376473859937,0.8506512873935228,0.9250013316406696,0.40060683675051967,0.9544316996038003,0.3227392978460525,0.9237454173815312,0.392115299153029,0.8928757609748668,0.7948313236856197,0.392115299153029,0.9225015741707872,0.9544316996038003,0.885400876353422,0.392115299153029,0.9623211158059548,0.931488667261505,0.9508971383859763,0.885400876353422,0.9475597985845114,0.9237454173815312,0.9341976401680094,0.8918007079504506,0.9152582079543841,0.9355809960386168,0.9140827360776211,0.930160641445072,0.9475597985845114,0.9384124008873462,0.7301312695908225,0.9225015741707872,0.9015943008452869,0.8333555867103808,0.42440193597169273,0.9083158055901508,0.930160641445072,0.9508971383859763,0.9526370111116405,0.9015943008452867,0.8939536575643379,0.9275522446953854,0.9275522446953854,0.9004911494084333,0.9544316996038,0.9562880686171873,0.5974763156586966,0.9262700211315922,0.8664724446651935,0.9176344520056336,0.9250013316406696,0.6549904556417999,0.9369854052620166,0.9237454173815312,0.9492063492063487,0.8366469404145511,0.8780124908814328,0.9129151319089186,0.9004911494084333,0.6623067578386677,0.9562880686171875,0.9188361382271666,0.5906675167558797,0.9314886672615046,0.944383427890573,0.926270021131592,0.8993922310882434,0.6040574193889983,0.7598430279509716,0.9398636845831869,0.6739104850582693,0.9475597985845114,0.8832831707913573,0.7143607147557586,0.9526370111116407,0.9508971383859763,0.8864622842804517,0.9275522446953852,0.9526370111116405,0.8982973238138026,0.8633240709217587,0.708808264663793,0.9459533477380775,0.9459533477380775,0.8322525541058978,0.9341976401680094,0.9027019168030599,0.9526370111116405,0.8591172857456586,0.9341976401680094,0.9562880686171873,0.8928757609748668,0.9328339505740528,0.9508971383859763,0.960221152322577,0.8854008763534222,0.9582144552981327,0.7197593917099125,0.9562880686171873
p17_V,0.9251002969851134,0.901106823734113,0.8968195722381038,0.8591208070331158,0.8913069625116545,0.8935446993031987,0.8349786852250711,0.8584228449615119,0.632346395458537,0.7951128469173037,0.886477530909342,0.9102728072442623,0.8549145578460348,0.7633805800274993,0.9495380579367032,0.6516913979293886,0.9187432398313612,0.7381271605259618,0.8743674594684079,0.8479521653438946,0.9711727424551835,0.7308377857119486,0.9156179912172799,0.8058346231513474,0.7461121347606003,0.7381271605259614,0.9187432398313612,0.7555902149688973,0.8836456641177746,0.7591214417584364,0.7949015697835395,0.9516333298064145,0.8328255545646565,0.8622528960791387,0.9197926279183388,0.8870336910138059,0.8058346231513474,0.8071838764186421,0.8059290360431437,0.8194879042508123,0.7772501065311836,0.8771981484049269,0.9686762654666128,0.7579947668206808,0.9450088527374348,0.9960236551203409,0.8167620273274689,0.7353896350972999,0.6402815017801007,0.6177451369481318,0.8596511358036816,0.9146519318142913,0.7600825581617027,0.7981246493684115,0.909750589002699,0.6335247719960999,0.6335247719961004,0.7383793872014479,0.0,0.7216242962744108,0.6753147535219886,0.9402629615859694,0.979636534519116,0.8921458107091103,0.7748548864613385,0.5053846282977995,0.8596511358036816,0.9475679289079514,0.8290033648000419,0.9766241092617447,0.8168065826302535,0.7267183968151549,0.8628212971049699,0.5904134130864217,0.7383793872014479,0.6889062916869886,0.9230550304354546,0.8619501567128618,0.6266197261413987,0.8935446993031986,0.9600596534987829,0.9562964735356454,0.9303569268156644,0.8479041487046681,0.7383793872014479,0.7420229327079563,0.971109341616331,0.7594166262391209,0.818553465588485,0.7575776963663723,0.7383793872014479,0.9309291955376577,0.792362824623994,0.6601277645562937,0.8063110583456281,0.9999500452397767,0.9340530006882349,0.802967542582304,0.7500517111488909,0.6074524631589354,0.8037750182687893,0.9707442876463775,0.8058499662916012,0.9599264114148363,0.5178295134335309,0.7847770412204684,0.8881350013229262,0.6799521708815595,0.8062565827918016,0.7393725088908638,0.9739625959804283,0.9888055423587139,0.5716418830046625,0.6925955340720944,0.7864057866094467,0.44076973301835143,0.923444868909026,0.8529481410826931,0.8810606022065584,0.6336070567662899,0.8488565320003026,0.9238874434614852,0.8298161239732539,0.9195994438472579,0.9105864773021777,0.5433027354710231,0.7470880603205394,0.8325665024486282,0.9379519319433762,0.8231684676253799,0.6135572309472908,0.9078307494815345,0.9854614920636176,0.9937579514516801,0.7398037923896812,0.9848876217727062,0.9923356147785778,0.8911037248686653,0.8281985467386974,0.7216242962744102,0.746811265778544,0.7951128469173034,0.5557942004734377,0.8792696538627636,0.9711727424551835,0.7474210157130601,0.7323558933862938,0.7213782015807826,0.9491432468033933,0.8113828044862998,0.9021933432389448,0.7957398721532599,0.9851123832275486,0.9160227235376296,0.9854614920636178,0.7330510092157585,0.8265223129343666,0.8000850163882278,0.9523008818228218,0.863399433343242,0.7852791889775665,0.9685432309175783,0.9755754232004549,0.8848799209556204,0.8265459098940686,0.9445038022867285,0.9694072127930826,0.9437174690367085,0.8890083039923193,0.8670348083195429,0.7832489280769407,0.7575776963663718,0.87700576996992,0.7066105393020066,0.8561842302781368,0.882493946041875,0.9425385593306327,0.7442704903649862,0.859645633061279,0.9461603918867618,0.8334152975089664,0.8509901057553508,0.9834121738903498,0.9933101813416039,0.9404130573399171,0.8493916946263871,0.6607048255542147,0.9570659021639838,0.6978684737359203,0.9091055946642181,0.8832775558062884,0.8523454860359134,0.9987474051006786,0.6864151236446747,0.7397632416975499,0.7383793872014479,0.8058346231513476,0.8203581350519381,0.7685595958855571,0.948520310063232,0.7273595574544649,0.9513315692601685,0.7383793872014479,0.8284713496449108,0.7231616167082622,0.7951128469173039,0.7383793872014479,0.9892660733909087,0.7317270668537128,0.6724604045670732,0.8721222956652896,0.6468226566838191,0.7298985716672577,0.7383793872014479,0.7562254444882486,0.7383793872014481,0.8518082662771135,0.9520949893286206,0.948830428677309,0.7383793872014479,0.5452010107252737,0.7383793872014479,0.8729722316130848,0.9054861327953314,0.7743343388904207,0.7223696266033923,0.8471182680454903,0.6631391992013618,0.7755087161183689,0.9225334041887112,0.9808363472027924,0.9806134789600931,0.8314331507809104,0.8885979705995215,0.9830859188713985,0.7772501065311839,0.9196440510519741,0.8631477900199128,0.9883646918136382,0.9357332802174618,0.7131810474570079,0.8711318569200492,0.9853805413611496,0.9550691846618349,0.7383793872014479,0.7959897744477721,0.7383793872014479,0.8982101081161924,0.9171872608207575,0.9201807407414307,0.9956919465631329,0.6631391992013618,0.7764613417359436,0.7817294381425977,0.7225525935791477,0.9372069411911279,0.8128954083199016,0.66112286927689,0.7864057866094467,0.9644077322376352,0.8649297052106173,0.8748606233805458,0.7298985716672586,0.9636607886920056,0.9931010370000521,0.8059290360431437,0.6697580061598616,0.9212716677843984,0.7656581909429558,0.7603898725974549,0.9103636687142505,0.9225563139336497,0.9092597722304112,0.9380025664507836,0.8846979087139255,0.7847770412204684,0.5871353920253506,0.763373859896969,0.7746215314985794,0.740482756808325,0.7847770412204684,0.9122069196244701,0.6629223334669794,0.8402259676730024,0.916156783533919,0.9187258511814396,0.8189630840562676,0.7544407449649537,0.6829440051615839,0.7485665061963906,0.7560495458914247,0.8471182680454905,0.7616897484795307,0.9084530093995202,0.8694215847085813,0.8748948996129541,0.7877894206954374,0.8356731743161755,0.9552047908760306,0.8523220488281857,0.8995921868852623,0.820358135051938,0.9201807407414305,0.6384067892370582,0.9697711480269093,0.9707442876463777,0.8410971280095757,0.9819920501297752,0.7090849831545378,0.9365021151789259,0.8587269978861186,0.9704299689829756,0.9969257199549144,0.8846746403901471,0.9703366478736737,0.9021933432389448,0.7338844372634803,0.9193391628916546,0.7544407449649542,0.9542792996141665,0.8515536843930858,0.9100318062103336,0.7383793872014479,0.8258229735464779,0.9185886593706296,0.9105864773021777,0.7847770412204684,0.9636607886920056,0.96563105664249,0.7383793872014479,0.7225525935791477,0.9552047908760306,0.9937579514516801,0.8604083737160457,0.8952315175367229,0.8200402670078459,0.9540089029986336,0.7720005876737963,0.7912297141071369,0.8062565827918013,0.8071838764186429,0.9203366542151104,0.8774745087635127,0.8239222601835481,0.8874117992652193,0.8008506481016211,0.7474210157130602,0.9311104823849056,0.7032241042040301,0.9772448037659106,0.7013886281390428,0.8186006311079024,0.7298985716672586,0.9737956341496997,0.7424234131067551,0.6458432977759433,0.6260137555810182,0.867109845991413,0.7383793872014479,0.6822063677217195,0.8600191013029188,0.8596456330612787,0.9168702393013652,0.9193391628916545,0.7622767519167313,0.7383793872014479,0.7383793872014479,0.8131552918502087,0.9708065348083471,0.9916225111628827,0.7383793872014481,0.9193391628916547,0.7383793872014481,0.7597790667859088,0.7618183971262407,0.7109127856870662,0.9947503758616081,0.9091055946642179,0.9087548804314779,0.81205291539668,0.6931442864542248,0.7383793872014479,0.8174154154273132,0.9070155544436818,0.6962050530523253,0.7187841991615471,0.9493544885319689,0.7935942572591046,0.7560495458914245,0.6135195953784258,0.7383793872014479,0.7793708098305436,0.9137703416118924,0.8285078755696028,0.9887884761797912,0.9527010302283678,0.7796307192054208,0.8584672327106705,0.7383793872014479,0.9404251598649355,0.9198925613333795,0.7383793872014479,0.9701477237325291,0.6207924441914616,0.7196107951910349,0.8586274248408554,0.638406789237058,0.7383793872014479,0.804337903276922,0.6109694895854516,0.9055970488846665,0.6620127198729593,0.5346188011871673,0.7666770810160941,0.7195682569923992,0.8827924498076241,0.7560495458914249,0.8882910991417866,0.6876659594181669,0.961860449672711,0.7308258008029263,0.923356894512728,0.8574909788307139,0.8762909457332801,0.7652933686087295,0.9984080678451426,0.7383793872014479,0.8188625911515812,0.7738032407091953,0.7947754018517803,0.8437213529293759,0.8155773006658746,0.7755087161183696,0.943199318070959,0.9885524069408244,0.7216242962744104,0.8437213529293759,0.8058499662916012,0.9986370006333951,0.7290440461605869,0.9276554233867096,0.9425385593306326,0.688501707043872,0.9735803407867052,0.9011068237341131,0.9918970918718579,0.8427818568427133,0.9230550304354546,0.7951128469173043,0.8301101037324394,0.830566710654991,0.9437971810265326,0.854944106105985,0.8366734136601636,0.6667461009751012,0.8796755654923116,0.9652592423907032,0.5802860422261671,0.8928716203173273,0.7711911134087561,0.8288217648587812,0.9908855981082565,0.7745087850428822,0.8354417200862809,0.7783467175265729,0.9095923730040016,0.8662120140192139,0.9491976876967748,0.8107003800674366,0.9981992433792048,0.8847379521819224,0.7375635703669876,0.8726095784628436,0.9908855981082566,0.7152352649357808,0.9074473199365555,0.6748003124517441,0.8567685411821316,0.8493193247742896,0.8539400512691915,0.6997188409535975,0.8746755880376645,0.9273037970112902,0.989290340807143,0.7756489702119336,0.8056555721018464,0.9309752480861736,0.9070155544436818,0.8662120140192138,0.9499286956382704,0.9830859188713984,0.7847770412204684,0.8560799240055126,0.7579224329198904,0.9330752315686048,0.8129359457645986,0.7575776963663714,0.8279455182769262,0.9557048154254326,0.7398037923896823,0.9501965855194898,0.7383793872014479,0.7748548864613389,0.7383793872014479,0.7383793872014479,0.5699211995268167,0.6681998826838407,0.8502673347039309,0.7383793872014479,0.8043941945226578,0.6117074312210705,0.8417144870220845,0.9042954097807621,0.7433704540286867,0.8030981709593135,0.8430403885492568,0.7674831243333122,0.6080940370978558,0.7825492732451298,0.7801396207935505,0.8729115082788346,0.7420229327079562,0.9442134294161836,0.8263924907518512,0.7564571659220003,0.909750589002699,0.7755087161183707,0.9915005683812882,0.9309752480861736,0.8988635762010275,0.7864057866094467,0.9835149291263185,0.8509735636641396,0.944162584777199,0.7838060288224178,0.5925460774142361,0.9902721706664045,0.6753147535219886,0.9156179912172799,0.7820875438180124,0.8189630840562676,0.8269464080737017,0.841685999863805,0.9796480446642108,0.6695336543054178,0.8095596622808916,0.8281985467386979,0.8712654252788732,0.7660694052957562,0.7554500723538501,0.9421853733886227,0.993310181341604,0.7206445055835393,0.8063110583456288,0.9937579514516801,0.8648749533407989,0.6753738823725608,0.9353781632636653,0.8139506033822677,0.9951364972067693,0.9054861327953307,0.817747120532242,0.7383793872014479,0.7652933686087295,0.8118225867334673,0.9947503758616079,0.7915142893452918,0.9951364972067693,0.9011847648178763,0.9923798610506827,0.7668986137868479,0.869375532761849,0.6483179019430962,0.9550326616655347,0.8077029651213663,0.8864775309093422,0.7125236784905437,0.74856650619639,0.8841089108566847,0.9736195922718682,0.9542792996141665,0.8200402670078457,0.7626525640617272,0.7922758002157858,0.7811780066496987,0.8496308660127643,0.9580794858181152,0.9275308561673963,0.9146709286553008,0.7949015697835405,0.9550326616655348,0.7932312171235054,0.9591791255254204,0.9650074962766879,0.8967267978059827,0.9056913953749998,0.7575776963663725,0.7724599864121988,0.8554852831998656,0.8434948191248512,0.7870364175758563,0.9100318062103335,0.9926717566326271,0.8882714305221584,0.8995196271956842,0.7930304685794862,0.858421089625286,0.9476138298805165,0.8183807248717723,0.8927761013223364,0.840615070463713,0.7967459576737135,0.9311104823849058,0.7383793872014479,0.7352754270171586,0.8620394231287536,0.732411615009105,0.8495115322764712,0.7383793872014481,0.8680593970214519,0.9905196499458202,0.7097219302737805,0.6207006304398188,0.8091943746142756,0.8213147750313237,0.7235058239011993,0.8546541279259228,0.878487551589539,0.8773919487047175,0.774117306026156,0.7846516991328512,0.8075404270671709,0.9303058055920531,0.6760873335642728,0.9685432309175783,0.8602605064187889,0.8559789162214915,0.9118116119982469,0.820358135051938,0.9311104823849057,0.7479965615521647,0.9408496123221775,0.8913069625116543,0.6156087480788144,0.7802975345060732,0.9084530093995202,0.9767639587317075,0.9470821860258927,0.7504288202783806,0.56446484972149,0.7298985716672586,0.8596511358036816,0.7398037923896821,0.7298985716672586,0.7575776963663723,0.7927713808605446,0.7383793872014479,0.7660694052957546,0.5913310545049355,0.7383793872014479,0.9074473199365553,0.8573905247750953,0.9425385593306326,0.7560495458914249,0.9382825894904985,0.9527010302283678,0.7575776963663725,0.882983661689887,0.5929604035844025,0.8000118450787022,0.7294659423025689,0.7383793872014479,0.938353683953028,0.8796755654923115,0.7746215314985789,0.7016412742709808,0.8253316901463117,0.8743674594684081,0.9591791255254203,0.9345884642122211,0.9542792996141665,0.9817075465751259,0.7953507180148163,0.8046224482286755,0.8364302140701841,0.8584210896252862,0.9004449615363518,0.9663582239117764,0.9766241092617448,0.8563737393677353,0.7864057866094467,0.853432738378117,0.6563769221356455,0.7383793872014479,0.9482782933250231,0.7654949996485667,0.7951128469173039,0.9244435212030175,0.7923350182018285,0.8437213529293757,0.5809989865612575,0.7755087161183696,0.7650224209776351,0.7271682450393522,0.7383793872014479,0.7383793872014479,0.7593811057166482,0.6395775596011161,0.812779278340807,0.9390070921985816,0.7098977237153253,0.9333986456840142,0.8872058356970587,0.6530826013197233,0.81030114852447,0.6580216020974492,0.7383793872014479,0.8843047753228901,0.7652933686087295,0.8059290360431437,0.9578801950654452,0.7847770412204684,0.6474245369587864,0.7383793872014479,0.7383793872014479,0.6369286405661665,0.9767639587317076,0.6312999791190357,0.7308377857119492,0.9387949723988305,0.9085594827345287,0.8994576352307606,0.8429047946328563,0.7257863134445969,0.9472472714694624,0.7383793872014481,0.8973525452121978,0.6526299112869766,0.7470880603205394,0.9766241092617447,0.8257562853468321,0.7179021758347615,0.8247565000277832,0.9547709979669963,0.8710592812792091,0.7501126491477557,0.7383793872014479,0.5651269894608699,0.8789694806357344,0.845235436884199,0.7727821719393315,0.9591988932231847,0.9986370006333953,0.7560437294344013,0.9564549946611061,0.8982897074803415,0.7643813915127307,0.7344589339937442,0.9712744656435085,0.7951128469173043,0.9421957124724712,0.8666756820306953,0.5958607840272987,0.7967459576737135,0.7298985716672586,0.7715174110363089,0.8344432084017471,0.7688191056471217,0.888838945770785,0.9686762654666127,0.9357332802174619,0.9561921683699728,0.9311104823849057,0.8346411399054539,0.8984246776829126,0.6511448847836678,0.9197926279183388,0.8664998444650647,0.6827834745310724,0.8847277248410393,0.850320591224258,0.807183876418643,0.8272354331469209,0.9101814221892197,0.9276992816406183,0.7470880603205399,0.8339638910878364,0.7652672046388416,0.7272826222091626,0.8304677997236736,0.7383793872014479,0.9152699926081815,0.9767639587317076,0.7354104477294576,0.7951128469173037,0.8325551908234122,0.7939004811633892,0.8774008826443489,0.7383793872014479,0.6976951127413293,0.8648749533407989,0.7746215314985792,0.6409107876073155,0.6915591075886276,0.6331572748693888,0.7967459576737137,0.7223414639837644,0.9979823788230575,0.9868607689436356,0.8070286643961775,0.8924967619895643,0.7394589873747277,0.9311104823849056,0.9849816789004265,0.9482782933250231,0.9161567835339193,0.9212014106440258,0.6421948225750053,0.6331670931890312,0.8804142865592033,0.9947503758616079,0.7298985716672586,0.5913756426905078,0.8188824314141827,0.8667213234142208,0.6962050530523254,0.7410027596242641,0.7383793872014479,0.7058137010092262,0.6543008613981156,0.7832489280769407,0.7383793872014479,0.5951530081951613,0.8328255545646563,0.7847770412204684,0.7375635703669874,0.7298985716672586,0.9570470268307247,0.9137703416118923,0.8659984044587491,0.9621308931062637,0.9128509310811752,0.9687758626441423,0.8446918533413457,0.7383793872014479,0.9956919465631329,0.7383793872014479,0.8529481410826931,0.9084913450951562,0.6331173306312387,0.8059290360431437,0.780202713420919,0.9341745472993327,0.7389827690377789,0.6405689784892605,0.7383793872014479,0.8945615699252241,0.8554043653754251,0.9074422111116933,0.8380283048846289,0.8788065258154938,0.9854614920636176,0.9399922285879148,0.9902721706664046,0.6071095716993067,0.6850825746621014,0.8514612820407736,0.6071095716993067,0.7597790667859088,0.8258229735464787,0.7726674181658766,0.6071095716993067,0.8059290360431437,0.844720284394954,0.9004325626946125,0.8331554282841203,0.8272354331469209,0.9694789354658444,0.9982847909550883,0.6020859340186551,0.6377082736583357,0.9918970918718579,0.6899515469144482,0.970752470562157,0.9102728072442623,0.9470821860258929,0.9635710953303993,0.9421957124724712,0.9429726461334043,0.8742431691877313,0.8874030943671896,0.982866323829066,0.8627063517683394,0.8058346231513471,0.8167620273274687,0.8071237246100658,0.9911360948333429,0.95375177928069,0.911811611998247,0.784994711999014,0.7652933686087295,0.7748548864613389,0.7800299571325762,0.7388540905975749,0.9531114755253978,0.8746755880376645,0.6137076727373996,0.8955473490909664,0.8533756651547063,0.7286543605260245,0.8523220488281851,0.7484808113840449,0.8985876457397046,0.9330752315686051,0.6692495325616807,0.7942451958070993,0.9382825894904985,0.9652592423907032,0.7802111080159981,0.7600825581617027,0.7923350182018285,0.9096826154039921,0.8944764529604539,0.6803135998087246,0.7432112048794222,0.9600596534987826,0.8508272331688633,0.8825936825451485,0.9877506326114468,0.9635608756561058,0.7864057866094465,0.7764613417359434,0.7636937336736361,0.723080859227252,0.9403880469283556,0.9650448128649927,0.7118341236268979,0.8715249962991669,0.9820113945838144,0.7755087161183705,0.6904672988448106,0.9528660554458216,0.9638848133781237,0.9685432309175785,0.7333576714735224,0.9335871057810121,0.8075404270671709,0.6220514830298448,0.8995196271956843,0.9885524069408244,0.8308063456911841,0.7283064983586155,0.8188625911515808,0.9922140580984729,0.7748548864613389
p17_Y,0.7816916104563953,0.9375844381576608,0.5687829981540413,0.9958114695283622,0.9459533477380775,0.9599080294518356,0.8167808533529854,0.8365766458204864,0.8976541691085207,0.957673577027655,0.4756567281571499,0.9442013463068033,0.9442013463068033,0.9175383063396301,0.9396377493736084,0.976987106481743,0.940821549823033,0.9271009640247969,0.9555383641697375,0.957673577027655,0.947011403316081,0.4891995539660817,0.9314553797224698,0.947752420917731,0.5019344689077635,0.9271009640247971,0.9980965995557116,0.9110906193450523,0.9576735770276548,0.7609151749640031,0.92019815694306,0.9799008321613358,0.9489843611787747,0.913638123172289,0.9459533477380777,0.9555383641697375,0.21957597615262925,0.9391866557097979,0.9599080294518356,0.925687886831601,0.8929489608197005,0.9285324039439791,0.9599080294518356,0.9073379150848058,0.9446283507116098,0.9811842421927843,0.32225004320927764,0.8941182576784141,0.5559780058003146,0.8848712502248579,0.9515133476881703,0.958070582602073,0.9271009640247971,0.9375844381576608,0.9391866557097979,0.9242920540600268,0.9242920540600268,0.9459533477380775,0.7216242962744108,0.0,0.9000373939808761,0.8203324548260422,0.9271009640247971,0.9996756029115748,0.9534886050081051,0.8131962973777596,0.9113150120108421,0.8467269607313441,0.8185133723218976,0.8958070756300917,0.9162269502513476,0.925687886831601,0.9459533477380777,0.8155897859167085,0.9459533477380775,0.6234483633172895,0.934468117552512,0.9360123464869741,0.8313082711508404,0.9599080294518356,0.9360123464869741,0.9214557696516739,0.9215480977067743,0.9271009640247971,0.9459533477380775,0.9123594767995957,0.9607441863599593,0.8459731339328604,0.6286796667787873,0.9442013463068037,0.9459533477380775,0.9190178597011771,0.848096207138171,0.9041422866074329,0.9215480977067743,0.9662311315641033,0.9837952220149075,0.6195096394008309,0.8083612831931013,0.8617026589491736,0.8436771116239442,0.9496037211238535,0.9459533477380777,0.9376077489798189,0.7364210112550584,0.2268615547293238,0.68256586823724,0.837931262412388,0.9329497321807898,0.9009606921643898,0.9940936245905947,0.9741187306463792,0.7946893783415643,0.6726894793066251,0.18985981854257483,0.7694323238122411,0.9531057683512587,0.9555383641697375,0.9599080294518356,0.8489732636249692,0.9073379150848055,0.9440119213971412,0.9329497321807896,0.9201981569430604,0.9771467307855514,0.8199664945771146,0.21957597615262925,0.9716929305952209,0.9350839192327516,0.9098310498422766,0.864614480262015,0.9496037211238535,0.911315012010842,0.9599080294518358,0.940821549823033,0.9496197597619185,0.9352732263513659,0.9515133476881705,0.29404263065639336,0.9424920127795522,0.7233371708762366,0.26399053386977545,0.8956389981350417,0.8634987624252985,0.9470114033160808,0.9048766089350637,0.8860151533715295,0.8319645762487426,0.925687886831601,0.9098641085707668,0.8866592451518314,0.9000373939808763,0.7715983355805616,0.9704390710968265,0.9515133476881703,0.925687886831601,0.8883122254108777,0.9886329998507342,0.8281869892085901,0.8780615512279368,0.9025589271811552,0.9180060542094436,0.9214557696516739,0.7895618251049048,0.7212270937874563,0.9110906193450523,0.8523344596018205,0.6059656699262509,0.9882866951437199,0.8925106518208057,0.9175383063396301,0.3918676141607509,0.9242920540600268,0.8886615438957007,0.7761468133240332,0.9338500679275201,0.9555383641697375,0.89324444919952,0.9149270915494645,0.8791909353978857,0.9061034849845075,0.9820664053850721,0.9828956122135615,0.9442013463068033,0.9093762272332481,0.7761468133240331,0.8489732636249692,0.8952920587572561,0.9375844381576607,0.9933710628742858,0.9424920127795524,0.8976541691085209,0.7508613366580389,0.7763145111532375,0.9750660166392209,0.9459533477380775,0.947752420917731,0.9424920127795524,0.8941182576784141,0.7273031345119871,0.8848712502248579,0.9350839192327514,0.9459533477380775,0.6500108453811375,0.7763145111532372,0.957673577027655,0.9459533477380775,0.9341586822630341,0.909831049842277,0.9455056955691956,0.9067529594461945,0.8988430035065227,0.9442013463068035,0.9459533477380775,0.9054461459141276,0.9459533477380775,0.9024010236924397,0.9692908559344788,0.9089601599099224,0.9459533477380775,0.7597505096696286,0.9459533477380775,0.8242064016460565,0.9095821396383358,0.9928378554472403,0.6275172927294359,0.9496037211238533,0.7565415109136846,0.9424920127795522,0.5139424815431113,0.934468117552512,0.9000373939808763,0.8324856481619269,0.9609856433629198,0.9515133476881703,0.8929489608197005,0.8837301903431398,0.9570839709282045,0.9611956642977568,0.6048693972763173,0.9098310498422768,0.940821549823033,0.944011921397141,0.9424920127795526,0.9459533477380775,0.8964706102804103,0.9459533477380775,0.8512620629681907,0.9098310498422768,0.9515133476881703,0.9229124393123012,0.7565415109136846,0.947752420917731,0.9085802966718615,0.39918614183295487,0.9765386381256518,0.9360123464869741,0.8523344596018205,0.9496037211238537,0.9564656546829655,0.8634987624252983,0.8342582334437214,0.9442013463068037,0.9534886050081051,0.9286248363783871,0.9599080294518356,0.8505519961852752,0.8707590502221957,0.9741187306463792,0.9241056608283051,0.9610214357054914,0.9515133476881703,0.8388184704910289,0.8137261912142382,0.8897835080822865,0.2268615547293238,0.8179682595223978,0.9886329998507339,0.9299834289466347,0.8952920587572559,0.2268615547293238,0.8422177685448571,0.8565025726252202,0.9534886050081051,0.9273191685398656,0.9175383063396301,0.9496037211238533,0.997222278815483,0.7946893783415641,0.23500177493787344,0.9496037211238535,0.9180060542094436,0.7317039196616646,0.9555383641697375,0.8657709525601991,0.8456018749230434,0.5943354874184328,0.8912265872652461,0.9555383641697375,0.9459533477380777,0.925687886831601,0.9424920127795526,0.9515133476881703,0.7895618251049048,0.8917839318880127,0.9180060542094436,0.925687886831601,0.9110906193450523,0.8976236559289834,0.9421708749432605,0.8769340287666245,0.856662305400546,0.8199664945771146,0.8809804133269927,0.8957343462573435,0.9576735770276548,0.8976541691085209,0.9576735770276548,0.6266490207901451,0.9098310498422768,0.9806848395182723,0.9496037211238533,0.9459533477380775,0.9515133476881699,0.8964706102804101,0.9271009640247969,0.2268615547293238,0.9534886050081051,0.9350839192327516,0.9459533477380775,0.39918614183295487,0.9555383641697375,0.9599080294518356,0.4731808242996267,0.7489933390883277,0.9299834289466347,0.9515133476881705,0.822683100826022,0.6840771446256484,0.9329497321807896,0.9391866557097981,0.8873802628159335,0.9496037211238537,0.997222278815483,0.7670059643554636,0.9375844381576606,0.9048766089350637,0.9599080294518358,0.7505808785893435,0.9136381231722888,0.81708409814679,0.4291529031175001,0.9442013463068037,0.9553986077727081,0.878061551227937,0.7946893783415641,0.7959573902797019,0.7563725028925855,0.9459533477380775,0.9028411927070046,0.9123594767995957,0.9149270915494647,0.5504365754349653,0.9576735770276548,0.8354015438796933,0.9459533477380775,0.9459533477380775,0.925687886831601,0.9714591146969296,0.9720606550363377,0.9459533477380775,0.9576735770276548,0.9459533477380777,0.9175383063396301,0.6153680131491935,0.8297343501202492,0.9298144168543093,0.9188618095812562,0.9344681175525122,0.7334406308261017,0.772144263965423,0.9459533477380775,0.6097567141495218,0.9110906193450525,0.8156484041651726,0.8185133723218974,0.5106518613797666,0.8612677948159462,0.9496037211238535,0.7830190911339328,0.9459533477380775,0.7333394497434595,0.9271009640247969,0.7645751990081129,0.957718429906927,0.947752420917731,0.7354475081798959,0.9391866557097979,0.9459533477380775,0.8894657784451026,0.8459731339328604,0.9459533477380775,0.918861809581256,0.7816916104563951,0.657762714928632,0.7617512826831669,0.7895618251049048,0.9459533477380775,0.8984673303007599,0.8467269607313441,0.690139363919736,0.7805950414820977,0.7889257573323303,0.9012376341940858,0.9024440319654483,0.9595554859827864,0.18985981854257494,0.8917839318880125,0.8791909353978857,0.9172894915317802,0.8433473706866226,0.8657305039072043,0.6438373763687029,0.9314553797224701,0.15687099035540542,0.9271009640247969,0.9459533477380775,0.8958070756300917,0.8952920587572561,0.8823062429081605,0.9360123464869741,0.5740843197129463,0.9424920127795524,0.8392815750630273,0.947752420917731,0.9424920127795522,0.9894969760647812,0.9459533477380777,0.9531057683512587,0.6170493570997231,0.8976541691085207,0.9555383641697375,0.8365426274325067,0.9576735770276548,0.9375844381576608,0.9677078677803637,0.7821000584343004,0.9344681175525122,0.9576735770276548,0.8373851453596681,0.9110906193450521,0.9873110786538151,0.9285324039439791,0.934468117552512,0.5543590692518958,0.9496037211238535,0.9136381231722888,0.8929489608197008,0.7191187184979118,0.9299834289466347,0.9645325849988504,0.9360123464869743,0.92019815694306,0.9143189439630461,0.8113012486302029,0.9732495942606136,0.940821549823033,0.8836440860315358,0.7429555442594813,0.9175383063396301,0.9299834289466347,0.9677078677803637,0.7581797173419722,0.9360123464869741,0.6645374445673151,0.9299834289466347,0.5644277678695332,0.8184192001105326,0.9496037211238535,0.8354015438796933,0.7508613366580389,0.995006237994279,0.9645325849988504,0.9555383641697375,0.9024010236924397,0.8848712502248579,0.9534886050081051,0.9928378554472403,0.940821549823033,0.9408215498230332,0.9515133476881705,0.9555383641697375,0.9201981569430602,0.6901593365439134,0.9865915329321682,0.33151024693052855,0.9442013463068033,0.8119936899116,0.9095821396383358,0.940821549823033,0.9815564171452564,0.9459533477380775,0.2624929266331485,0.9459533477380775,0.9459533477380775,0.8071419677837102,0.9314553797224701,0.9136381231722888,0.9459533477380775,0.7972200682837466,0.8273466303940549,0.9098310498422768,0.9015426796683597,0.6097567141495215,0.7216242962744106,0.8976541691085207,0.8964706102804101,0.8296609453116082,0.9391866557097981,0.8791909353978857,0.9534886050081051,0.995006237994279,0.8703808970142306,0.9054461459141274,0.5906461013560689,0.9391866557097979,0.9424920127795524,0.8824303364090564,0.9534886050081051,0.7250408300976359,0.18985981854257494,0.8941182576784141,0.934468117552512,0.9741187306463792,0.9314553797224698,0.8388184704910293,0.5106518613797666,0.9000373939808763,0.9314553797224698,0.9149270915494647,0.9496037211238535,0.934468117552512,0.947752420917731,0.6511298358443383,0.8478507258139238,0.9707576097306716,0.9515133476881703,0.9362040762623298,0.9408215498230332,0.8350194764363662,0.7463289785855662,0.9442013463068035,0.7623554974216553,0.9666307012815272,0.8762593501599865,0.7216242962744106,0.8365426274325067,0.8964706102804101,0.7788266702937989,0.9344681175525122,0.9012376341940858,0.9395972874156604,0.9459533477380775,0.15687099035540542,0.9110906193450525,0.9459533477380777,0.882174077350171,0.9344681175525122,0.9400070997515088,0.5825432629709404,0.8742662697405404,0.9314553797224701,0.7921369220339978,0.8088256562415743,0.8184192001105327,0.9360123464869741,0.8579208771607549,0.9424920127795524,0.9391866557097979,0.810787048372184,0.9098310498422768,0.9299834289466347,0.7535801967671494,0.8724396621400958,0.8228301946626941,0.8545708706492459,0.9191935655413225,0.9036237117624286,0.8194297451663283,0.9201981569430602,0.9576735770276548,0.9329497321807896,0.947752420917731,0.6646663548302376,0.8964706102804103,0.8860151533715293,0.9442013463068037,0.7885204713736398,0.8015055770268693,0.9599080294518356,0.8713193097015208,0.9496037211238535,0.9123594767995957,0.5575523459907257,0.9772068366488,0.959390001824093,0.5461773975650814,0.9329497321807896,0.9983896418435715,0.9035337647796042,0.9442013463068035,0.29404263065639336,0.9599080294518356,0.9459533477380775,0.9136381231722888,0.8568046890338215,0.8547345879297662,0.8736680083219526,0.9459533477380775,0.9610668627635204,0.8131962973777598,0.9000373939808761,0.9175383063396301,0.6226136845668222,0.9873110786538148,0.8735611753844457,0.7722075708723508,0.9399048586036759,0.9750660166392211,0.8410864781348424,0.8837301903431396,0.2624929266331485,0.6275817786475884,0.9242920540600268,0.9180060542094436,0.9688440619373718,0.9599080294518354,0.9229124393123012,0.9424920127795526,0.8762593501599865,0.9375844381576608,0.9706982209232327,0.9459533477380777,0.8886615438957008,0.5983015721577258,0.9555383641697375,0.9459533477380777,0.934468117552512,0.7535801967671492,0.7895618251049048,0.9442013463068037,0.9113150120108421,0.940821549823033,0.9442013463068037,0.9442013463068037,0.9136381231722888,0.9459533477380775,0.940821549823033,0.9769097246611171,0.9459533477380775,0.9299834289466347,0.8837301903431398,0.9555383641697375,0.18985981854257494,0.9534886050081051,0.947752420917731,0.9442013463068035,0.7885204713736398,0.8489732636249692,0.9314553797224701,0.830814051878261,0.9459533477380775,0.9769097246611171,0.9496037211238535,0.9214557696516739,0.8338539721527616,0.6013581779013628,0.9555383641697375,0.9241442555546322,0.9329497321807898,0.9098310498422768,0.9643019407444021,0.24653712211243872,0.9098310498422768,0.9162269502513474,0.92019815694306,0.861766318264621,0.9360123464869741,0.970134355730177,0.925687886831601,0.25605493087592635,0.9012376341940858,0.8319645762487426,0.9459533477380775,0.9459533477380775,0.6060095792794198,0.957673577027655,0.9116361072960726,0.31460280365214277,0.9360123464869741,0.8681580978826142,0.9424920127795524,0.8311124862659915,0.8241692899551478,0.9459533477380775,0.9459533477380775,0.9886329998507342,0.7632112604920247,0.8964706102804103,0.9281269747398554,0.8354015438796936,0.9393294961760374,0.6623910627797636,0.7869631914283184,0.9285324039439791,0.8551965465982101,0.9459533477380775,0.8941182576784141,0.15687099035540542,0.9599080294518356,0.9036237117624286,0.2268615547293238,0.8203324548260422,0.9459533477380775,0.9459533477380775,0.8127571370256814,0.9298144168543093,0.8213532688476552,0.3320180098347896,0.9067529594461947,0.9996756029115749,0.9229124393123012,0.6417574820158256,0.823853568875186,0.8989526780659398,0.9459533477380775,0.9098310498422768,0.805918234680862,0.3476792996802668,0.9555383641697375,0.9455056955691954,0.98491291654746,0.9048766089350637,0.9123594767995957,0.947752420917731,0.6163713018450953,0.9459533477380775,0.8155897859167085,0.995006237994279,0.8929489608197005,0.6374676638127299,0.9173380835801881,0.9375844381576608,0.8988430035065225,0.8345126304092991,0.9534886050081051,0.8601523251100107,0.8534530388405701,0.940821549823033,0.8866592451518313,0.9958114695283622,0.9271009640247971,0.8009771539783095,0.9515133476881701,0.9442013463068037,0.7851794105127562,0.9242920540600268,0.9098310498422766,0.9126071271140603,0.9599080294518356,0.9098310498422768,0.9599080294518356,0.9599080294518358,0.7008044880432808,0.957208071575181,0.8894657784451023,0.9459533477380775,0.9576735770276548,0.4891995539660817,0.9344681175525122,0.8168874951355851,0.9391866557097983,0.9442013463068033,0.9828956122135615,0.8871620821950172,0.9477524209177308,0.8335458387966326,0.9123594767995955,0.8668703112866094,0.8419698115525005,0.9459533477380775,0.8848712502248581,0.9459533477380777,0.8297343501202492,0.957673577027655,0.9285324039439791,0.970976036785571,0.8303175207633454,0.9459533477380775,0.7921369220339978,0.7216242962744105,0.9299834289466344,0.7934159251299584,0.8155897859167085,0.8009771539783095,0.22545681050589939,0.8381840243077952,0.7933892545030731,0.8742425548958968,0.7804688175477088,0.9314553797224698,0.7974859260985394,0.9599080294518358,0.9314553797224698,0.9298144168543093,0.7173284649416036,0.8387057007283607,0.8285051677670632,0.8964706102804101,0.7687312965384797,0.9459533477380775,0.9442013463068037,0.8319645762487426,0.9984674516564291,0.725040830097636,0.7623554974216553,0.7365745432840503,0.9459533477380775,0.7749528077373977,0.6646596730201715,0.9958114695283622,0.9459533477380775,0.8296609453116082,0.9391866557097979,0.2268615547293238,0.9314553797224701,0.9442013463068035,0.979675935156952,0.9271009640247971,0.7212270937874561,0.9242920540600268,0.9024440319654481,0.9677078677803637,0.7110483124425813,0.9459533477380775,0.9856324259650168,0.9459533477380775,0.9555383641697375,0.8226831008260223,0.8769340287666243,0.9599080294518356,0.9215480977067743,0.9239272492759627,0.8988430035065229,0.6058854609343274,0.9459533477380775,0.8771406690629769,0.8642900383784606,0.7249170223819306,0.9201981569430602,0.9502726792490608,0.9113150120108421,0.9201981569430597,0.918861809581256,0.9110906193450523,0.8860151533715293,0.790100526201778,0.9110906193450523,0.9958114695283622,0.9515133476881705,0.5943354874184328,0.9110906193450523,0.9599080294518356,0.9271009640247969,0.947752420917731,0.6932610426722379,0.9442013463068035,0.9188618095812562,0.9299834289466347,0.8848712502248579,0.483544509055966,0.9314553797224698,0.9085802966718612,0.925687886831601,0.9442013463068035,0.934468117552512,0.8538878695010033,0.6058854609343278,0.8952920587572561,0.8226831008260223,0.9061034849845075,0.9830487856961238,0.9728091693196088,0.9477524209177308,0.32225004320927764,0.8952920587572561,0.9909102788434876,0.5740843197129468,0.9229124393123014,0.8941182576784141,0.29404263065639347,0.191218520418717,0.8969845146010971,0.9215480977067743,0.8579208771607552,0.912359476799596,0.5017086937740931,0.8433473706866226,0.9329497321807896,0.9188618095812564,0.3707693575200519,0.8822599851269501,0.965675107921693,0.6567671867546983,0.8941182576784141,0.9265145553712006,0.9534886050081051,0.997222278815483,0.8679639303639384,0.9271009640247971,0.9446283507116098,0.49237805582143435,0.8929489608197008,0.8634987624252983,0.8779582788912845,0.4756567281571499,0.8342582334437214,0.9442013463068035,0.8758082204608497,0.8107870483721844,0.9496037211238535,0.3476792996802668,0.8791909353978857,0.9229124393123007,0.9180060542094437,0.8917839318880125,0.8545708706492454,0.8694444869495284,0.9424920127795524,0.4112531061412823,0.9327719119359654,0.9709760367855708,0.8964706102804103,0.984201166542795,0.8500946683680415,0.42625309831269853,0.2624929266331485,0.8860151533715293,0.8767698652367379,0.9477524209177308,0.957673577027655,0.8780615512279368,0.9555383641697375,0.8071419677837104,0.2624929266331485
p18_L,0.7743302772453038,0.8915068580997116,0.7998787575170994,0.8843265687811641,0.8956288923209897,0.9303105872741888,0.752057642436186,0.708331551515641,0.2589218108725756,0.9264265757108794,0.8887741875977795,0.9428298129397872,0.9813702038092993,0.8566618970084514,0.9667805942997311,0.8722653319531641,0.9702781670896217,0.8732840781850202,0.9701757583840656,0.9761261745674081,0.8132633613980016,0.8860899491808245,0.9452410536397866,0.9091812387167526,0.8834506330434526,0.30130761768926206,0.8971337307079474,0.763056176644242,0.9264265757108796,0.6524699797716385,0.3720524289291115,0.9091031345982893,0.8942918945731197,0.4029159017514764,0.9352923098201315,0.9227150661971699,0.9091812387167526,0.8942918945731195,0.9303105872741886,0.8708278127936304,0.8139197462693823,0.8757722623764221,0.9127697146833377,0.8068244417018933,0.9337059488987844,0.7361781796848164,0.9123992402861414,0.5163704030450027,0.8708278127936302,0.7640440123193725,0.9157186269856046,0.7586491390905878,0.30130761768926206,0.8915068580997114,0.8942918945731195,0.8684015223223851,0.8684015223223851,0.9060540201833016,0.6753147535219886,0.9000373939808761,0.0,0.4436245793733222,0.8732840781850193,0.8139197462693826,0.9191520956010528,0.46487888293482615,0.9157186269856048,0.9585409888670255,0.796094351712465,0.9227150661971701,0.8543824471730521,0.8708278127936304,0.9060540201833018,0.4579334636313912,0.9060540201833016,0.7900050147457429,0.8860899491808243,0.9229260836136743,0.48582222350766946,0.930310587274189,0.8887741875977793,0.8782944901168632,0.86363187133769,0.8732840781850197,0.9060540201833016,0.8476598553448094,0.9800884826873311,0.6050349631753519,0.825943112046231,0.903008623582165,0.9060540201833016,0.7998787575170994,0.6876949289878553,0.4647065277419117,0.8924187658448486,0.8850223322642595,0.7959165242401376,0.7919716537241257,0.6004847490255982,0.5513557679831547,0.8684015223223851,0.9123992402861407,0.9060540201833018,0.7752104011523693,0.8002012539476733,0.9227150661971699,0.828327438678591,0.5364803253510613,0.9490592052587878,0.4861798224066063,0.7704898006819791,0.8757722623764219,0.5475546027855354,0.8325327180273931,0.9123992402861414,0.5664500433368617,0.8915068580997116,0.9227150661971699,0.9303105872741884,0.39470954874192854,0.9148406917514484,0.7880418755318435,0.8834506330434526,0.918075146123948,0.8732840781850193,0.6500202217245696,0.9091812387167526,0.838590497804195,0.9813702038092995,0.8949117707360064,0.3808718232846302,0.9123992402861405,0.9157186269856046,0.9650762806974963,0.8971337307079474,0.7138886019877961,0.9396699286301575,0.9157186269856048,0.9157186269856046,0.9000373939808761,0.6902489554747524,0.9264265757108794,0.535069130507076,0.8220910408244115,0.7919716537241257,0.49518501315076424,0.8031928810213937,0.4594145613138997,0.9009164784975772,0.6111812380414245,0.9264265757108796,0.9102619771312782,0.7335748792766221,0.7249001584227914,0.9157186269856048,0.40704421031165117,0.8058599935760675,0.8410907383848312,0.9071650187800355,0.7880418755318432,0.7464391323418091,0.912399240286141,0.8782944901168632,0.9773972206322301,0.8549398419556224,0.8454542782771104,0.6850672658654597,0.8139197462693823,0.86363187133769,0.8667494278414475,0.8566618970084516,0.9030086235821648,0.45006159974585647,0.816523606799002,0.7485769293251683,0.8963053282779105,0.9701757583840656,0.9184373414506293,0.8521229825390562,0.8323494193264065,0.9620730564657862,0.45655049783187196,0.9276655986642772,0.9030086235821644,0.7495496958001726,0.7296610870173426,0.394709548741929,0.8875857319597995,0.8915068580997112,0.8589624614952682,0.9375517053100488,0.9187020853041776,0.6711027345682941,0.5531109034631978,0.8262411347517731,0.9060540201833016,0.9091812387167524,0.9874196720316067,0.838975619595741,0.7673089748627882,0.3715745051721929,0.9030086235821644,0.9060540201833016,0.7569113665180072,0.5701661658814708,0.9264265757108796,0.9060540201833016,0.6675878917354441,0.30456089409113596,0.3419346913506518,0.49344143662349804,0.8241649990671217,0.9030086235821644,0.9060540201833016,0.7710692308750231,0.9060540201833016,0.6391887236662097,0.7019010544900206,0.695844600638323,0.9060540201833016,0.7433220505381262,0.9060540201833016,0.6991554591399098,0.49520092087633305,0.8454542782771104,0.7704898006819789,0.912399240286141,0.5894059541966403,0.9000373939808759,0.8808530918450068,0.8860899491808243,0.8262411347517735,0.6500717955203685,0.8498824478883684,0.9157186269856046,0.8824828972729081,0.9929292824418567,0.8434189051272905,0.8549398419556216,0.6144424431903059,0.4078547437908585,0.8971337307079472,0.7880418755318432,0.7623338040565751,0.9060540201833016,0.9836850550673903,0.9060540201833016,0.6820278794888863,0.8432648458861451,0.9595131865896311,0.8660034226470061,0.5894059541966403,0.9091812387167528,0.9033263384148736,0.8834506330434526,0.801867134177483,0.8887741875977795,0.3992619240672528,0.912399240286141,0.7627282731962666,0.6634316397316673,0.9788995006962471,0.903008623582165,0.9443139433986846,0.8955602318705576,0.9303105872741886,0.6675878917354443,0.9587105775275471,0.8757722623764221,0.5889122939537172,0.7685482192001512,0.9157186269856048,0.9954479688810289,0.9673308314510838,0.5768110448161679,0.9227150661971699,0.4508506826510156,0.4432770766543488,0.8782944901168632,0.9964257308790208,0.9227150661971699,0.9480579133852229,0.5292396346483758,0.919152095601053,0.8345851988012263,0.8843265687811641,0.9123992402861407,0.8498824478883686,0.5131152727917474,0.9000373939808761,0.912399240286141,0.9123992402861407,0.627416822888111,0.9227150661971701,0.5850014119160499,0.4460164286577949,0.7880418755318441,0.8028422096305574,0.9227150661971699,0.9060540201833018,0.8708278127936302,0.900037393980877,0.9157186269856048,0.5249787446172502,0.9253474021941712,0.9123992402861405,0.8708278127936295,0.9457512976809443,0.6583615748699749,0.8571252958148523,0.8907948785515685,0.8637153326741001,0.9231550442631316,0.7860386862343056,0.7646676570615499,0.9264265757108796,0.5416847856289779,0.9264265757108796,0.8765682211155168,0.9465586955858678,0.8571252958148525,0.7917247243537826,0.9060540201833016,0.5149520981620495,0.820041213470607,0.8732840781850195,0.9227150661971699,0.964663415934474,0.9030086235821644,0.9060540201833016,0.8834506330434524,0.9227150661971699,0.9303105872741888,0.8346528452164943,0.6907205324228218,0.8782944901168632,0.9157186269856048,0.7743597576603034,0.6835853933370146,0.8834506330434522,0.42734251866193285,0.742034044732107,0.9969352503890194,0.40291590175147673,0.6864645605102928,0.5152075155903592,0.5448266532717074,0.9303105872741888,0.599218354014889,0.8498824478883684,0.5768110448161679,0.8971337307079472,0.903008623582165,0.9090303042997185,0.7880418755318435,0.5475546027855354,0.5100895535684837,0.6647667146102865,0.9060540201833016,0.4504272243780312,0.9004328410914009,0.8791209377401441,0.9268193339646966,0.9264265757108794,0.7208843947385757,0.9060540201833016,0.9060540201833016,0.8708278127936302,0.8927892648582234,0.739428758849634,0.9060540201833016,0.9264265757108796,0.9060540201833018,0.8566618970084514,0.8098765737128362,0.5531109034631979,0.9060540201833018,0.8589624614952682,0.8860899491808243,0.6897407861015628,0.6453252497188477,0.9060540201833016,0.7802191483051624,0.8454542782771104,0.5793607471051483,0.574245417683038,0.8589624614952684,0.7588503190727771,0.9123992402861407,0.5393022983380253,0.9060540201833016,0.6251316292456666,0.8732840781850195,0.4467221133704281,0.7918188025090704,0.9091812387167528,0.6876949289878553,0.8942918945731195,0.9060540201833016,0.9197522610767686,0.5706585689631622,0.9060540201833016,0.8869837251477688,0.6104602932545913,0.7079143320159371,0.6583615748699749,0.5249787446172502,0.9060540201833016,0.6933703261757815,0.49779091295616684,0.9646634159344738,0.7442635843287546,0.675713472785893,0.83343674109887,0.41403288778094194,0.8078651440439557,0.9123992402861412,0.9934190547388801,0.3419346913506518,0.8808530918450068,0.4919430683966207,0.7865644036765904,0.7607892247800214,0.9581770036680437,0.9157186269856046,0.8732840781850195,0.9060540201833016,0.9227150661971701,0.8643880245275637,0.6015962163965971,0.9746182283386401,0.8660034226470059,0.9000373939808761,0.6959021937747059,0.9909799053419361,0.9000373939808761,0.8887741875977793,0.9060540201833018,0.8915068580997119,0.77632225072899,0.8220985211691239,0.9823635494290386,0.4798443339498224,0.9761261745674081,0.8292999059897318,0.8808530918450068,0.6822017512532808,0.8860899491808243,0.9264265757108796,0.7324914799382762,0.8674533886652149,0.8870942035498053,0.8757722623764221,0.8860899491808247,0.820041213470607,0.912399240286141,0.8498824478883686,0.8139197462693821,0.9443914063565136,0.8782944901168632,0.6832838130380917,0.8887741875977793,0.2868677379354784,0.7039100716877231,0.6719908257702509,0.8716763340130667,0.8971337307079472,0.6158938894205856,0.7978953231297465,0.9396559123265897,0.9099149954318697,0.9452410536397868,0.6626395744347189,0.9570779796295696,0.7257368271418032,0.8782944901168632,0.8432648458861449,0.6182089820298569,0.9123992402861407,0.8050542476770912,0.6711027345682947,0.9004328410914009,0.8367741299372247,0.9349028572421432,0.9112467991181246,0.5678092587457804,0.964663415934474,0.8715535812823536,0.8971337307079474,0.8971337307079474,0.9595131865896311,0.9227150661971699,0.8612853521281927,0.677374154495733,0.8389311826932675,0.9030086235821648,0.9030086235821646,0.7661480938292036,0.9491259459009262,0.8971337307079472,0.7627282731962668,0.9060540201833016,0.919152095601053,0.9060540201833016,0.9060540201833016,0.48167776643590476,0.880853091845007,0.8498824478883684,0.9060540201833016,0.5760545481775576,0.49278396106284006,0.9465586955858679,0.7277003452427382,0.7802191483051624,0.6753147535219881,0.8220985211691239,0.8667965967839737,0.4491932534172449,0.8942918945731195,0.9805548353587289,0.9191520956010535,0.3871318513296146,0.661890942876086,0.5540324403537678,0.8612853521281927,0.8914873938168953,0.9750660166392209,0.8741415834543681,0.964663415934474,0.8078651440439559,0.9123992402861414,0.908045688598518,0.9530007332467465,0.9690134894816471,0.8808530918450068,0.563560138324998,0.858962461495268,0.47908525112172307,0.9774350345371767,0.9858892862544166,0.9185287395081013,0.9800884826873312,0.909181238716753,0.9544429230549324,0.6438863755895115,0.7399482280662351,0.9157186269856048,0.773139485917187,0.9702781670896217,0.6763524821053892,0.7959165242401376,0.9030086235821644,0.6644344320056716,0.86363187133769,0.9303105872741888,0.6409075767701964,0.44328598901668514,0.8667965967839737,0.6536247992716737,0.8860899491808243,0.9542352483212059,0.9484072390830317,0.9060540201833016,0.9157186269856046,0.5281624495970588,0.9060540201833018,0.7433220505381262,0.9530007332467465,0.7248194927274024,0.9787794493663242,0.6876949289878553,0.8808530918450068,0.5190939776448773,0.9264265757108796,0.6182089820298569,0.9912298756454647,0.9365878616041678,0.9000373939808761,0.929995346508117,0.7515961517710075,0.8432648458861449,0.8782944901168632,0.7645435181116798,0.35997611289933296,0.6497058339361241,0.8815171175980239,0.8498824478883684,0.585449965763334,0.7433220505381262,0.9115554718887854,0.9264265757108796,0.91625491915112,0.9681207613454725,0.701901054490021,0.9461818699625596,0.6276639988875621,0.903008623582165,0.6228353980899226,0.7059144460884219,0.9303105872741888,0.8561454739933834,0.7917247243537824,0.8476598553448094,0.8454542782771104,0.8757722623764221,0.8411903170953277,0.8612853521281927,0.9818634913664557,0.81189464795299,0.888774187597779,0.9030086235821646,0.9157186269856046,0.9303105872741888,0.9060540201833016,0.8498824478883686,0.7510923761072199,0.5647742677824298,0.8521229825390564,0.9060540201833016,0.5492430321414495,0.675290584305114,0.8144449269069339,0.8566618970084519,0.8220985211691236,0.7998787575170996,0.4980798406731033,0.8255171872450142,0.8660034226470059,0.8262411347517733,0.4448616173082186,0.8195657630533144,0.9191520956010533,0.820041213470607,0.8684015223223851,0.9123992402861407,0.8432648458861449,0.9303105872741884,0.9296054847085659,0.900037393980877,0.9303105872741886,0.8915068580997114,0.8684015223223853,0.9060540201833018,0.7622189694074699,0.7860819724118504,0.9227150661971701,0.9457174376824435,0.9800884826873312,0.5943402084260869,0.5249787446172502,0.903008623582165,0.9157186269856048,0.8971337307079472,0.903008623582165,0.903008623582165,0.8498824478883684,0.9060540201833016,0.8971337307079472,0.8283274386785915,0.9060540201833016,0.8782944901168632,0.7978953231297465,0.9823635494290385,0.9123992402861412,0.919152095601053,0.9091812387167528,0.903008623582165,0.6228353980899219,0.39470954874192854,0.7006251564889248,0.6439327783252402,0.9060540201833016,0.8283274386785908,0.912399240286141,0.8782944901168632,0.5448848792408874,0.8304244459109724,0.9227150661971699,0.909181238716753,0.9818634913664559,0.9759709171393395,0.8834506330434528,0.9060540201833018,0.8432648458861456,0.8543824471730521,0.918075146123948,0.5249862830749318,0.8887741875977793,0.9227150661971701,0.8708278127936302,0.9123992402861412,0.8283274386785908,0.47751610711107717,0.9060540201833016,0.9060540201833018,0.8236203792438099,0.9264265757108796,0.6998872400518201,0.8971337307079472,0.8887741875977793,0.46487888293482627,0.9000373939808761,0.5503881266091653,0.5638177444573511,0.9060540201833016,0.9060540201833016,0.8922073230248906,0.7231512755853583,0.820041213470607,0.6409075767701964,0.44738745767069155,0.6930653707018113,0.7039100716877229,0.5307730777168105,0.8757722623764215,0.49773300896205275,0.9060540201833016,0.815952263261482,0.9157186269856046,0.9303105872741886,0.6876949289878553,0.9227150661971699,0.46135275267207354,0.9060540201833016,0.9060540201833016,0.5844135167066552,0.9060540201833018,0.5690652169596402,0.8860899491808245,0.7355282511756838,0.8139197462693826,0.8660034226470061,0.8139197462693821,0.4681632813229256,0.7237703744277484,0.9060540201833016,0.8432648458861447,0.5197383441633381,0.9091812387167526,0.9701757583840656,0.9170382284877332,0.7487438452346853,0.8346528452164945,0.8476598553448094,0.8863220947202897,0.7583554827514931,0.9060540201833016,0.49314225945910106,0.8476598553448094,0.4318855926918338,0.8044100068128901,0.7510923761072201,0.9688965239450101,0.9382783262031534,0.7296610870173426,0.989825263732105,0.6957257921041745,0.4134773489554139,0.8971337307079472,0.9264265757108796,0.9396559123265897,0.8732840781850195,0.49773300896205275,0.9157186269856046,0.903008623582165,0.5650681354031624,0.8352780959681555,0.8432648458861447,0.9636781614263852,0.965076280697496,0.8432648458861449,0.9650762806974962,0.9303105872741886,0.820041213470607,0.8791209377401441,0.34179276650666846,0.8559654748218477,0.9264265757108796,0.8860899491808245,0.9864561252797077,0.7252633733725358,0.9299953465081172,0.9428298129397871,0.927665598664277,0.4232572647143181,0.9091812387167526,0.6397448979887399,0.8476598553448091,0.5909444248782448,0.5964713353322015,0.9060540201833016,0.7998787575170994,0.8559654748218476,0.7236635276459268,0.9264265757108794,0.9068526714114968,0.36281338232298055,0.8835522856702243,0.9060540201833016,0.5534703718570673,0.6409075767701964,0.9415355007468762,0.5161165928109048,0.5635598511145206,0.5323540781069007,0.9157186269856046,0.5066805277937383,0.7868211185392324,0.6365417114421756,0.634208231149112,0.8808530918450068,0.7099098837495044,0.930310587274189,0.9130470727423967,0.9060540201833018,0.81189464795299,0.9310051442015241,0.4710481903469048,0.8901742884406569,0.6497058339361244,0.9352923098201315,0.903008623582165,0.47751610711107695,0.7433220505381264,0.8078651440439559,0.5793607471051483,0.6205279198702788,0.9060540201833016,0.5558149159111528,0.747209466656058,0.8566618970084514,0.9060540201833016,0.4672123316065008,0.8942918945731195,0.9227150661971699,0.8808530918450068,0.903008623582165,0.7158720775211629,0.9649961119767656,0.8098765737128351,0.9276655986642772,0.927913822208789,0.9130470727423967,0.6713613315615923,0.9060540201833016,0.9244008776882715,0.9060540201833016,0.9227150661971699,0.7095762237028747,0.3133870347865698,0.9303105872741886,0.9499925548591657,0.7028460290457366,0.4631649767437044,0.8843265687811643,0.9060540201833016,0.8140698415499686,0.5099884575910506,0.7237703744277482,0.8612853521281927,0.843264845886146,0.9157186269856048,0.8612853521281927,0.8589624614952684,0.8454542782771104,0.4521351167537292,0.6205279198702787,0.8454542782771104,0.8566618970084519,0.9157186269856048,0.7880418755318441,0.8454542782771104,0.9303105872741886,0.9038547561156014,0.8454227614076977,0.7880418755318435,0.9030086235821644,0.971047516105271,0.8782944901168632,0.34977064366401656,0.8432648458861456,0.9774350345371765,0.2643690304141436,0.9185515272787426,0.9415490144516763,0.8860899491808243,0.6218977822348384,0.8566618970084519,0.8179926096630918,0.6497925807479679,0.9376968572282284,0.8304244459109731,0.8708278127936304,0.9091812387167526,0.9123992402861412,0.41648304507312617,0.9363548213461499,0.7836118471054025,0.8660034226470061,0.5393937593792615,0.9157186269856046,0.9191520956010533,0.8264780660398947,0.33033508246186805,0.7918300225674713,0.7829292444290503,0.8612853521281927,0.7834401014113546,0.8834506330434524,0.3564421562347073,0.9060540201833018,0.5144044320087857,0.794698056697059,0.8389311826932677,0.4242769777079658,0.7770732938325196,0.919152095601053,0.8765682211155166,0.8308936246742384,0.30130761768926206,0.9702781670896217,0.86363187133769,0.8139197462693821,0.8220910408244118,0.6770078081724058,0.8887741875977793,0.9119713544671553,0.9415490144516765,0.8257895438379692,0.7585726002744597,0.912399240286141,0.9091812387167526,0.4477957028023112,0.3164322067752844,0.9123992402861412,0.902656851345935,0.46613143496957077,0.7476764289275377,0.9000373939808768,0.9000373939808763,0.5287622939370344,0.8782944901168632,0.820041213470607,0.9546672453375804,0.46564883727228723,0.8782944901168632,0.9191520956010533,0.34242956542008385,0.9379330804465718,0.9091812387167528,0.9264265757108794,0.39077942436028734,0.9227150661971701,0.7518642165443494,0.9191520956010533
p18_P,0.9611407311631175,0.8566567487054066,0.6564492700871092,0.9709897444933986,0.9779177832860688,0.8747439046690527,0.8154766275038932,0.9059486859469231,0.5698722312955296,0.8677629859955869,0.9264649662909463,0.9682884753552109,0.9397653376991644,0.82426836696321,0.8930573282109164,0.7281193830152228,0.977512706659348,0.8174972048779756,0.9313419384321768,0.9781086623875049,0.7679196856003525,0.9933425284496658,0.9288091525358829,0.8367671217737244,0.9604658372827795,0.6168808364573259,0.8963131347056482,0.8721430099546084,0.9045448781262265,0.9204162768304233,0.6819237718608899,0.9894245925674199,0.8100057955331375,0.5390737220707036,0.9485635112687547,0.9281584116206856,0.8367671217737243,0.8892764867245644,0.8747439046690526,0.8346371316137472,0.9023474946073995,0.9472549521261397,0.9908777073428442,0.8962406007703381,0.9233796586902149,0.8726467593035596,0.8425509890153138,0.8025817977918763,0.8313406383058033,0.8110397858461247,0.8809287459442816,0.5681565392834262,0.6168808364573259,0.8050001170467127,0.8364293592636136,0.785402004170175,0.8417844970541459,0.831146423199498,0.9402629615859694,0.8203324548260422,0.4436245793733222,0.0,0.5942559581107383,0.6655491115674659,0.7411252268913582,0.6615617615093106,0.9246012618232706,0.9793768906781202,0.8645029927594249,0.9313419384321767,0.7989406784439641,0.7678326855976578,0.9192092392514406,0.6771549510498323,0.831146423199498,0.6225660274177289,0.844783668910745,0.9977091889810261,0.6667479585167477,0.9134551722269831,0.8506391215629194,0.8748602561896521,0.7975085343716296,0.7722474481848002,0.831146423199498,0.7847765002116793,0.882858421934567,0.835284040190438,0.7782119891899517,0.8541959247310256,0.831146423199498,0.9953198708568699,0.8847708894878714,0.5832773915886973,0.8614227191678699,0.9900132643472294,0.920145848870319,0.6418584194402974,0.7595910237801373,0.6356383368150036,0.907575114485148,0.936396648023593,0.8311464231994984,0.9470202226971466,0.9784102273457382,0.861092113458608,0.7450853884177684,0.7747090529817804,0.8633540906453026,0.5620651835710921,0.9451217727754885,0.8227238246031402,0.8258191186933326,0.8459823999424279,0.8738328753514067,0.7500249398127266,0.9857983278521414,0.8962170259453924,0.8747439046690523,0.7039290948338139,0.9352210948102712,0.9462829811290681,0.8147982173265639,0.9398131209030187,0.9788788900027321,0.890760448401124,0.8367671217737243,0.9677927186348171,0.9461421116766491,0.9759229255035986,0.672950452689538,0.8738328753514063,0.8809287459442814,0.9521664397849134,0.6976890055258536,0.7151572694050958,0.9606464936863514,0.8809287459442815,0.8809287459442813,0.8480962071381711,0.8339773806865822,0.8677629859955867,0.7914285096433455,0.9396523385363275,0.9412539265704274,0.6542538426331141,0.9826333900085396,0.7077826148656166,0.8090724896337733,0.7176944965698792,0.948327553351217,0.9045570851408606,0.8818782071767123,0.9829874731066957,0.9781637420605056,0.6977317462736226,0.9376773850216276,0.752215408761475,0.9839378326071059,0.9151167528270898,0.9405151499516361,0.936396648023593,0.9216639343831268,0.9208874832795275,0.7249833586705876,0.9300900620381656,0.784475348642248,0.7332057924360189,0.8401179909024565,0.7720687409823805,0.8037941781088711,0.8256727870749787,0.7321334680024767,0.9974906540334723,0.9204622101537612,0.9543359910826792,0.9984082365942544,0.7742326631011466,0.846190384935614,0.7009120984855401,0.8179147934140112,0.6571737134369089,0.9169832390321796,0.9968116130112576,0.9080422445286604,0.8864638672964892,0.6480809856387677,0.8979240688803067,0.9083133803641006,0.8916732038008094,0.8480962071381711,0.901213918872994,0.5512744660913502,0.5502102643579283,0.8827048352741212,0.831146423199498,0.8670360756633027,0.9036237117624291,0.8395944933297237,0.6913305093222373,0.5851260519996189,0.9968116130112576,0.831146423199498,0.6643588992052591,0.4113646155683748,0.9045448781262261,0.831146423199498,0.9086453506420721,0.5936921505247552,0.5939732619041624,0.6681186198112219,0.9995750768290399,0.7179570104282758,0.831146423199498,0.9928741288928464,0.831146423199498,0.5251669693443506,0.5839687946940051,0.6252184338632363,0.831146423199498,0.862991247525889,0.831146423199498,0.8582560845889946,0.7542685806129334,0.7994903615719007,0.7216021680423451,0.8446301476237548,0.5768512751112012,0.8480962071381709,0.8335041150813925,0.9076182318577206,0.8691007385433576,0.8944628371170886,0.7894357495388351,0.8485170805722067,0.92851080322122,0.9414687429475941,0.9706763736718753,0.8083599004181928,0.8230306155120632,0.6701383055205228,0.8151135627519485,0.9913845622669759,0.7354475081798966,0.831146423199498,0.8736104662007043,0.831146423199498,0.9312153179228816,0.7565155320112129,0.9133404113163562,0.9383051485204812,0.6146310524726988,0.8670360756633027,0.9262246523780131,0.7905202806671943,0.9199369844461498,0.8207822179489626,0.6434619871095029,0.8425509890153137,0.9542968223665884,0.9871252423123691,0.7909306857758924,0.8256727870749789,0.9894170690238606,0.9542238048123102,0.8747439046690526,0.8823052905920077,0.9613254707422012,0.7997217022760685,0.8465804318731829,0.98453784145934,0.9570129271953451,0.9732132423349518,0.8633487412550384,0.4534677726103574,0.861092113458608,0.4966988306499305,0.755987037687154,0.7507103182625507,0.9818981199386315,0.861092113458608,0.849837804367561,0.668763955306781,0.8084896529125538,0.7290809865541845,0.8481446113673636,0.8425509890153134,0.7499363066923375,0.6091710596498732,0.8203324548260423,0.8425509890153133,0.9676785343596862,0.6597906931324693,0.9313419384321767,0.7446611818604214,0.6109418888578788,0.6190375839583007,0.8994710475078791,0.9984082365942544,0.7872480405754181,0.9204132329939232,0.8758599594503003,0.9457520766884309,0.5780026326826029,0.8466314274069852,0.9676785343596863,0.8569052802857777,0.9880371141217226,0.6941618205671343,0.9356106356060632,0.8635033612614549,0.9636188771087133,0.944998534642215,0.9954460564336399,0.9593909406002221,0.9115456612205781,0.6570674122369691,0.9781086623875048,0.9340681505356794,0.8520732257559231,0.8264071533803091,0.7820663749515684,0.831146423199498,0.7301312695908198,0.8149632135444544,0.8883793766163806,0.861092113458608,0.955734856013263,0.9968116130112576,0.831146423199498,0.990978289398482,0.9281584116206856,0.9521664397849136,0.8681391862112806,0.964978567640058,0.8209158355527626,0.9570129271953451,0.7374349603166528,0.7450514754645927,0.8633540906453024,0.6615229298573582,0.8189361655467561,0.9676785343596863,0.6378223291869469,0.6942310340778753,0.7300901980250423,0.6726233415237133,0.8747439046690525,0.5694916264700398,0.9735675933821772,0.5542138455743513,0.923379658690215,0.8541959247310256,0.9202727394012074,0.9758014481159871,0.647403070069307,0.5276658715075069,0.6810910424202297,0.831146423199498,0.6308513263291355,0.92147410136561,0.8062288601425909,0.8824176438930584,0.9045448781262264,0.623634165041913,0.831146423199498,0.831146423199498,0.923709726301867,0.9360919912495689,0.8538324494256749,0.831146423199498,0.9781086623875049,0.699185224523476,0.8686188002217026,0.6582821252725035,0.6890559131474818,0.8311464231994984,0.8594696333864751,0.9685827185265122,0.7183983022220255,0.6686801156453992,0.831146423199498,0.6354985430393802,0.8335116418989037,0.6091429133051252,0.675583408106391,0.8501970099986903,0.9976742149646491,0.8425509890153133,0.6401963753847548,0.831146423199498,0.7820925056519314,0.9079967182643283,0.7399537932023084,0.8802720182020538,0.9210812471096497,0.7273267797685115,0.9157000504550398,0.831146423199498,0.9196457578460988,0.7971218964454787,0.831146423199498,0.9746255914050479,0.8473140233311867,0.9840939844379761,0.6813199535885375,0.6414998272375891,0.831146423199498,0.7889351588982113,0.5076442233845497,0.9557348560132629,0.9582031295467226,0.8867898252460864,0.7363883652211711,0.637395419095727,0.9362069372688518,0.8425509890153137,0.9977677085034428,0.5626348334770381,0.8811566338086377,0.7056268825678362,0.8877767705635629,0.5700550988565541,0.9049828931722607,0.8485170805722068,0.9984962316506799,0.831146423199498,0.9632833241074701,0.8102155325371148,0.5840793289253479,0.9517402478669554,0.867209176815511,0.8480962071381712,0.7484893500484218,0.9275739834424593,0.8480962071381712,0.9517402478669555,0.8898549672341266,0.8566567487054069,0.6886416321820381,0.8837748826847063,0.9313419384321767,0.7125170559571108,0.9115456612205781,0.8850600930011241,0.9997120693732493,0.9255112105857959,0.9685827185265122,0.8011999848286611,0.6767903299648188,0.8335116418989037,0.8178162228346147,0.7997217022760684,0.8943032887570518,0.7111544401261738,0.8425509890153136,0.9671832423480757,0.9285108032212201,0.9352825590316521,0.8280565779961775,0.7931974414841143,0.9977091889810263,0.5978653035862043,0.854556954140971,0.7108707554135636,0.8597753535831482,0.8692466107210817,0.9124634739164736,0.9302276405997816,0.8652167446718886,0.8443176746495002,0.8811566338086382,0.6897633597683575,0.9471586258290081,0.6441673764185791,0.7975139964560254,0.9568113867546568,0.9963720819534703,0.9051147616874998,0.9879735787139694,0.6548505830535285,0.9410023301018858,0.8516049839559848,0.7876587616735475,0.9858501148656598,0.8271764811208757,0.955734856013263,0.9733315178225725,0.8692466107210817,0.815113562751949,0.9457520766884309,0.8962170259453924,0.8557546526283315,0.7713290843804306,0.8790416600038077,0.8827190623870714,0.9397653376991643,0.9390454711945528,0.9509509499222999,0.869246610721082,0.7785630164034607,0.831146423199498,0.8883704299920682,0.831146423199498,0.831146423199498,0.5711788442900256,0.7858515963541476,0.8748189862659324,0.831146423199498,0.9056766417955389,0.7825845479445379,0.9950344642525408,0.9943917060607756,0.6202379836852236,0.7238171694702253,0.9418347554324189,0.970676373671875,0.6786957643418952,0.9685471779159903,0.9986271685432226,0.8883704299920681,0.6879613239088722,0.7053329550203422,0.8128830081039187,0.9340991766849505,0.8729114397011584,0.9313874640745577,0.9268466264906983,0.9220526430026654,0.9693292961143577,0.8425509890153137,0.802581797791877,0.9685827185265123,0.9607365585655719,0.8335041150813925,0.6604408710097764,0.7879827192955117,0.7272753521533457,0.9520595506460041,0.9739827534957808,0.9676785343596862,0.9190630986802055,0.8367671217737248,0.9981141855371606,0.8072960388438908,0.8812282273705214,0.913340411316356,0.8725958973809713,0.8692466107210823,0.7385566029907356,0.9679716462598084,0.9112422000431177,0.68469695011416,0.7762038061062161,0.913455172226983,0.698352958633079,0.6042920295389171,0.9428163151462241,0.6261928523784077,0.9933425284496658,0.825789442179975,0.9927248426156567,0.831146423199498,0.8485170805722068,0.6789861696760864,0.9046651286446747,0.9052952559857125,0.9818976616271808,0.8465025174284122,0.8614227191678698,0.7535674647217381,0.8811566338086377,0.6190318923023357,0.8677629859955869,0.7056421862878886,0.9218833442529988,0.7691218747752879,0.8203324548260424,0.8628529229940889,0.8531628613761264,0.9759229255035986,0.8443176746495,0.9007123414128664,0.7000156191052591,0.6260553086991824,0.957357536447824,0.8091854709620838,0.8397019185032493,0.7642818944529671,0.723953005998232,0.9781086623875048,0.7724768594641587,0.8908122932200717,0.7303374891107728,0.9428163151462243,0.8527272226147928,0.8256727870749789,0.727060028038651,0.7387415234361092,0.8929884899833642,0.8429055507827552,0.9071939202959414,0.9410023301018859,0.8188060455997528,0.8457259469302124,0.9132250849780248,0.8767692696970035,0.9604658372827795,0.7962526670414987,0.8000885584109012,0.9746652493326957,0.8809287459442814,0.9134551722269831,0.831146423199498,0.9340681505356794,0.7957802375616503,0.660147073542452,0.8341174167201993,0.831146423199498,0.6479566032171866,0.7540378718875332,0.7804598720496003,0.8686188002217023,0.6802492126081057,0.7209960511861118,0.5251706924819868,0.9929910661443235,0.759161579779952,0.8159162186471032,0.7307958783091775,0.700899462098924,0.8546882169814702,0.7284559023625539,0.8417844970541459,0.936396648023593,0.8612536930099468,0.9521664397849134,0.6789909156351379,0.8480962071381715,0.913455172226983,0.8050001170467127,0.9169832390321796,0.8898549672341265,0.9439039756514873,0.6465135074314654,0.8962170259453924,0.9192092392514407,0.9190630986802055,0.623589792608148,0.5145054381276157,0.8541959247310256,0.9781637420605055,0.8692466107210818,0.8541959247310256,0.8541959247310256,0.9276837995015781,0.831146423199498,0.9775127066593481,0.9775281885106573,0.831146423199498,0.9450657734798644,0.925430790891016,0.9984082365942544,0.8425509890153137,0.9769007179655418,0.9513502009992278,0.8256727870749789,0.638475924517928,0.4805366580536288,0.8329282538278908,0.6731644344191439,0.831146423199498,0.9330707345305391,0.8738328753514066,0.8280565779961774,0.5106511384396746,0.965777625968157,0.8962170259453923,0.8973050295528813,0.911909963964041,0.9568113867546566,0.8147982173265641,0.8898549672341264,0.7756270707601548,0.8191626886035044,0.9971430278909659,0.7773314478510094,0.8759144031389284,0.9984082365942546,0.8313406383058033,0.8425509890153137,0.8344864653765718,0.6809892756746243,0.831146423199498,0.9192092392514406,0.6544995321167952,0.9045448781262261,0.8058102945755564,0.8421800867365152,0.8253638399869102,0.5316950133752765,0.8480962071381712,0.6591232118755445,0.543752957826682,0.831146423199498,0.831146423199498,0.9829705239416329,0.9634929443475506,0.8322646757808345,0.5710319044473473,0.7315865839077074,0.8097386233745054,0.6145154950750156,0.6258015814977322,0.7632379735095636,0.5712680743072842,0.831146423199498,0.9588690629558566,0.8485170805722068,0.8747439046690526,0.740447122245125,0.861092113458608,0.6691374663072776,0.831146423199498,0.831146423199498,0.6559868027617213,0.9927279446966171,0.6286214234382737,0.7952640490644383,0.8586781554777044,0.6655491115674659,0.9815241873347047,0.8177766435217085,0.6002166622432217,0.9000346824471703,0.831146423199498,0.9185883092567728,0.6021300660820641,0.9275739834424594,0.9313419384321767,0.9359503116889741,0.7197057672547389,0.72118319508648,0.9027718400079077,0.9881118912216157,0.7277661109309099,0.831146423199498,0.5859537832349657,0.9995870163107132,0.7593691010498396,0.9229583052525003,0.6384454607867798,0.936716724659818,0.929250292035134,0.8450908838929715,0.9894170690238606,0.9739494600763556,0.7644942119991789,0.9954207693560853,0.8677629859955873,0.9914639333477377,0.8174972048779763,0.5840793289253474,0.8809287459442814,0.8256727870749789,0.7717533945625323,0.6663428505714739,0.7756270707601549,0.9583951996415494,0.9521664397849137,0.8138501482580391,0.9316997575412946,0.9908777073428441,0.9601177773826042,0.8341174167201996,0.5835188594713101,0.9046651286446747,0.9781086623875049,0.932378041780874,0.9438229086033588,0.7841225738089022,0.8364293592636132,0.9176189740206022,0.9952959377264843,0.6988185961840392,0.981619154888806,0.834761589273539,0.9214741013656098,0.8223465371897791,0.8366843834768358,0.831146423199498,0.972406738593629,0.9340194006619889,0.8531462253533177,0.8677629859955869,0.8687280692572841,0.657102961875601,0.9928741288928464,0.831146423199498,0.657194036047295,0.6856208532145058,0.8748602561896521,0.6395775596011162,0.6250399980127657,0.6353243473976014,0.8809287459442814,0.7884277882747646,0.7961215835544415,0.7668986137868476,0.672730471568558,0.857330374445015,0.8277440351948512,0.8747439046690525,0.9758858100096266,0.9192092392514407,0.9138031078942999,0.9649495303379831,0.6974939781691372,0.9360734491991147,0.7027520098169582,0.8753108566273604,0.8541959247310256,0.6809892756746243,0.83478857521934,0.7374727841958166,0.68469695011416,0.6088472614718137,0.831146423199498,0.6684829448557517,0.8154447905417892,0.82426836696321,0.831146423199498,0.6520244911123445,0.9421236141855149,0.861092113458608,0.9526354118995057,0.8541959247310256,0.5434358874178129,0.9306215966109164,0.9417623672143615,0.907575114485148,0.8899216631459823,0.8573303744450154,0.711301667081164,0.831146423199498,0.9536472544439594,0.831146423199498,0.861092113458608,0.9859944091576697,0.6405198299842843,0.8747439046690526,0.8616158133817555,0.6600310326575619,0.6831135452564641,0.8276704225130245,0.831146423199498,0.9550056799347839,0.6382484824053667,0.6402487807571933,0.871055325478935,0.7374039932622707,0.9133404113163562,0.7506815672849728,0.9838982147928332,0.9733315178225722,0.7715358679936992,0.7226739693037434,0.9733315178225722,0.7833199892545318,0.8485170805722071,0.6190375839583007,0.9733315178225722,0.8747439046690526,0.752630106536853,0.9210812471096497,0.9306998669780789,0.8541959247310247,0.9009458271885946,0.9613268701331865,0.6819462236481217,0.7565155320112129,0.9282332912823814,0.5668341324750887,0.9649495303379831,0.9112422000431177,0.8447836689107451,0.80669555827404,0.7628458004001926,0.9647298611984798,0.6715848101914923,0.9780937489922703,0.7132513819179008,0.8791734289578073,0.8367671217737243,0.8425509890153138,0.5888954115575786,0.9579827254676423,0.9383051485204812,0.802380618594176,0.7685033493272673,0.9133404113163559,0.8546882169814704,0.9054469092740314,0.6485685307276201,0.8576041921636808,0.9223000687441836,0.9608277379716906,0.9918575880586079,0.8633540906453023,0.6313505674748194,0.8605006952168123,0.8143048039010474,0.8952681188513194,0.8977681382726287,0.7003464523980476,0.7863233777795602,0.8421718659231514,0.8684346352318311,0.9302204657932787,0.6168808364573259,0.7788885774795529,0.8827274474332832,0.7670341328702943,0.8957188870455461,0.8899136190345418,0.8000885584109012,0.926392635917986,0.9112422000431177,0.9100561260667355,0.8361087877373393,0.7507844886154753,0.8973050295528809,0.7820038324669081,0.5925528380066865,0.9051147616874997,0.7839243299127856,0.6165610269322448,0.7583216822374373,0.9853212789890557,0.9313874640745576,0.6769383991786999,0.9684676125766017,0.9014705247263546,0.9384758066320344,0.7119390513145825,0.8748602561896521,0.8546882169814704,0.6416297005999507,0.9147323139114278,0.9578429373320376,0.8677629859955869,0.5862235943412601,0.861092113458608,0.9647128095301329,0.8883704299920681
p18_T,0.862357296849646,0.9208799593226005,0.8540589702876251,0.9280014806583248,0.9314886672615055,0.9491780856091547,0.6696353953262504,0.6858523995099821,0.9604792822548722,0.9463456194504827,0.9188871236697296,0.9292677720165117,0.9292677720165117,0.8954688163631979,0.8671688713696311,0.8991701931345162,0.9349950396117984,0.9075907590759074,0.9957912204911727,0.9463456194504827,0.9569834028500146,0.912285921223924,0.9952831447476325,0.9337692322192532,0.9593996391173951,0.9075907590759071,0.9349950396117983,0.9794716829124543,0.9463456194504827,0.914064036690936,0.8988405313927084,0.9944277784720001,0.9229109835440807,0.8029652442344231,0.9314886672615057,0.9957912204911729,0.9337692322192532,0.9229109835440807,0.9491780856091547,0.9057994954598185,0.8440314442491264,0.614613021770336,0.9491780856091547,0.9794149629165152,0.92498342966047,0.7146066002698344,0.9361160018916066,0.9245460758162976,0.7102058370180127,0.7563726358833756,0.9385367079941818,0.7971196216424035,0.9075907590759071,0.9208799593226007,0.9684760986278473,0.9418468054117539,0.7178027688939725,0.931488667261505,0.979636534519116,0.9271009640247971,0.8732840781850193,0.5942559581107383,0.0,0.8642985447139286,0.478139207191538,0.833699738572701,0.9385367079941818,0.6918618611767933,0.8198230033653444,0.9436389526644005,0.8938064978005682,0.9057994954598185,0.9314886672615055,0.8293600480197822,0.931488667261505,0.8468584144181488,0.9169296077473637,0.9067728629191052,0.8582085951141722,0.9491780856091547,0.9188871236697298,0.951599083741091,0.9005517611723419,0.9075907590759074,0.931488667261505,0.8889039599111503,0.9169296077473637,0.8905863089650424,0.9133263317400206,0.9292677720165117,0.931488667261505,0.8676778912630889,0.99849623165068,0.7902277291132943,0.9372898940428274,0.72286217493939,0.9014163777501218,0.8482926115779144,0.846118946707183,0.9110090498990603,0.7934361968260334,0.9361160018916064,0.9314886672615055,0.974759901520619,0.8758504577723429,0.9436389526644005,0.9056384037386236,0.8794737026711497,0.9150048519840792,0.8249627583218824,0.9104133580244951,0.9094052998937732,0.8276450912861084,0.7768893757139149,0.9361160018916066,0.9663213829593118,0.9900427159691707,0.9957912204911729,0.9491780856091547,0.8567060691516406,0.9471227957381578,0.8858561123567871,0.9150048519840794,0.9713162545723912,0.9466053748231966,0.996906506423592,0.9337692322192535,0.8224380100831483,0.9231752901944043,0.9186550120230905,0.9044602128671595,0.9361160018916064,0.9385367079941818,0.9491780856091547,0.6082781345804253,0.791349526315698,0.8504209228337813,0.9944277784720001,0.9944277784720001,0.9271009640247974,0.8028432884136893,0.9463456194504825,0.8527789386225375,0.9205022430190771,0.90715310805986,0.9938752217346227,0.8835104920677506,0.8562968524998391,0.6334069035135799,0.9341098649012984,0.9902272378284811,0.9649961119767656,0.7636378808463792,0.8923529322982766,0.9944277784720001,0.905799495459819,0.8579066548658733,0.8841133455738346,0.879130293990994,0.9127278241703741,0.7767884425669862,0.9361160018916064,0.9515990837410908,0.9601714851915929,0.8901051131125661,0.7796224783248791,0.8371307688681591,0.893465545817623,0.9740280269133126,0.8596108504219836,0.8954688163631979,0.9292677720165117,0.904030091445724,0.9949051336728938,0.8741958934383887,0.8792598546188405,0.9436389526644005,0.8507014378963609,0.8666557562729355,0.8468584144181488,0.8809736567579463,0.9043883676521418,0.9825197666561853,0.9784534179462063,0.8341295003055758,0.9693213286682993,0.9530112287674923,0.6886539497574811,0.9208799593226007,0.8971465330611366,0.9271009640247969,0.9192323722404168,0.7824733633865932,0.913527417510187,0.8732840781850195,0.931488667261505,0.9337692322192535,0.9271009640247971,0.9245460758162978,0.8693942771016203,0.9375379118224112,0.9784534179462063,0.931488667261505,0.822724439237043,0.6958663923837374,0.9463456194504827,0.931488667261505,0.797937765342223,0.8856988418635356,0.9279189658482012,0.879130293990994,0.8553749114170581,0.6772470605459311,0.931488667261505,0.8593392404058271,0.931488667261505,0.7242640195885488,0.7826074507426823,0.7781907026725831,0.931488667261505,0.9926536206074945,0.931488667261505,0.782159252238178,0.9056384037386229,0.8872955140291618,0.8583226849174206,0.5783982063611892,0.9177286235252596,0.9749771166196228,0.9541968529441154,0.6134130969236786,0.8515798204397419,0.8070186560419506,0.8905248145511357,0.9385367079941818,0.8148644431454319,0.8802685646935307,0.7732190692441921,0.9763704274834926,0.8856988418635352,0.918655012023091,0.92498342966047,0.8858561123567871,0.9749771166196228,0.931488667261505,0.7732190692441919,0.931488667261505,0.7065605296159836,0.8856988418635348,0.938536707994182,0.9395449643646789,0.9177286235252597,0.9337692322192532,0.9819666175510304,0.915004851984079,0.9764821472729374,0.9067728629191052,0.8857638004465438,0.9361160018916066,0.9205022430190771,0.8269664944023676,0.7922845378362419,0.9292677720165117,0.9410406098239261,0.9376812933324992,0.9491780856091547,0.8433588856625784,0.8386932720949283,0.9094052998937732,0.8507014378963613,0.9129777117930791,0.938536707994182,0.8660307385856432,0.9021672145929476,0.6913839274823121,0.9436389526644005,0.8249627583218823,0.8841133455738348,0.7255655856453289,0.9264790424305227,0.9436389526644005,0.894566156747467,0.8747102825358416,0.9427953535791664,0.8628217153184268,0.8220836588712381,0.9361160018916064,0.8905248145511357,0.8646921017107427,0.9271009640247971,0.9361160018916066,0.9361160018916064,0.9467932008659743,0.9436389526644005,0.9658050596136162,0.8758372989564429,0.8454267695073421,0.8851323676488065,0.8746515668023194,0.7647981478754367,0.9022031707790972,0.9271009640247971,0.938536707994182,0.8725752167425384,0.9207375472439379,0.9900588676412958,0.9790021042835308,0.9206037147937578,0.9501577628523821,0.7768893757139149,0.9241789016574025,0.9649925901227854,0.7790455758297512,0.8465933834943611,0.8673015947761991,0.9902272378284809,0.9604792822548722,0.8633729523864082,0.8370219043693605,0.885698841863535,0.9092575998972448,0.8481125351096356,0.931488667261505,0.9385367079941813,0.8687627046182607,0.7022630834512018,0.9436389526644005,0.9410406098239263,0.9292677720165117,0.931488667261505,0.9150048519840792,0.9957912204911729,0.9491780856091547,0.8794184279003856,0.7016908794779355,0.7255655856453289,0.9944277784719999,0.8386932720949282,0.9946875856611308,0.9150048519840792,0.922910983544081,0.9839847019044762,0.9900588676412958,0.890524814551136,0.9888665597851276,0.9654186216767153,0.9621986341433748,0.9491780856091547,0.9250273281472404,0.8029652442344222,0.9085436213669944,0.9716572732363806,0.9292677720165117,0.9286775783839132,0.885856112356787,0.8866680164966819,0.8626995461587306,0.9778362162012755,0.931488667261505,0.8741958934383887,0.9225786753593272,0.7632905462643684,0.8889039599111501,0.9463456194504827,0.7898029257695207,0.931488667261505,0.931488667261505,0.9441989622120355,0.6786556812309953,0.9484801703544815,0.931488667261505,0.9463456194504829,0.5623226913000653,0.7514717776798476,0.8613500083222574,0.8688115573633635,0.9314886672615055,0.7452431984854622,0.9169296077473637,0.9995891151625986,0.9613219437872127,0.931488667261505,0.8397219435105805,0.779622478324879,0.9103871664642423,0.906696398683729,0.8971465330611366,0.9253874817000188,0.9361160018916064,0.882252336941202,0.931488667261505,0.9449814274919206,0.9075907590759074,0.8824384623811186,0.9965885593214927,0.9096423096705528,0.99849623165068,0.9229109835440807,0.931488667261505,0.9455580454038441,0.8023131191052217,0.931488667261505,0.8971465330611363,0.8105024345330691,0.65857416339447,0.9723024346589075,0.8725752167425384,0.931488667261505,0.9284147475133251,0.7875632207362414,0.9410406098239261,0.9635696070062387,0.9723024346589076,0.6935344010859528,0.9074390503766527,0.9687670561587823,0.9361160018916066,0.978653379169449,0.9279189658482012,0.9131105611405985,0.896269459177202,0.9155133297650984,0.8255524180203793,0.9131105611405985,0.9385367079941818,0.702263083451202,0.931488667261505,0.9957912204911729,0.9847054942282475,0.7883584214120313,0.9624721270225209,0.902281245937693,0.9271009640247971,0.9658050596136161,0.9337692322192535,0.9271009640247974,0.9503578662718964,0.9314886672615055,0.9208799593226005,0.8368800800587333,0.8290161131118835,0.9436389526644005,0.8861082785146148,0.9463456194504829,0.9208799593226005,0.9541968529441154,0.841008364230569,0.9976781567382803,0.7365186669443358,0.8830080609367035,0.9872201163229497,0.8818852841325537,0.9094052998937732,0.9596257255045417,0.8687627046182604,0.9361160018916064,0.7689085840994843,0.8440314442491264,0.963112100630142,0.951599083741091,0.893465545817623,0.9188871236697298,0.8988405313927084,0.962969971244423,0.9376121488341835,0.9324044867801069,0.9249834296604702,0.8377581685317463,0.8431710369363272,0.8954688163631979,0.6852111693186302,0.913110561140599,0.9981890236091862,0.9503578662718964,0.799989999249938,0.6448567529919329,0.9165641371791309,0.8206825372392232,0.9361160018916064,0.743264309334545,0.9942667398101895,0.9899281062556811,0.8642985447139289,0.9957912204911729,0.9228659261760035,0.9097115979774824,0.9410406098239261,0.9128552813832624,0.9716572732363806,0.92498342966047,0.9385367079941818,0.9436389526644005,0.8988405313927086,0.9890221151936429,0.8591242011916971,0.9784534179462063,0.9784534179462063,0.873475320937992,0.7552001234206336,0.92498342966047,0.8774727469180785,0.931488667261505,0.9410406098239261,0.931488667261505,0.931488667261505,0.8443162095592616,0.913110561140599,0.8370219043693602,0.931488667261505,0.831027827074269,0.872722972339889,0.885698841863535,0.7006285013132104,0.8397219435105805,0.8698595463404097,0.919232372240417,0.7135493648879343,0.8760570894935278,0.9229109835440805,0.9279189658482011,0.9410406098239261,0.8889039599111501,0.9954074989208677,0.8774820208056917,0.8474944374784017,0.9229109835440807,0.9749771166196228,0.9862099014523122,0.9410406098239261,0.8545338582422842,0.9361160018916066,0.8403927580208274,0.9169296077473637,0.9094052998937732,0.9541968529441154,0.8056701829404649,0.8971465330611366,0.9038547561156016,0.9636305634488506,0.8921587537070734,0.9361160018916064,0.9169296077473641,0.9337692322192535,0.9493488602252984,0.9031302176196565,0.9680416262146987,0.938536707994182,0.9288703169797029,0.9249834296604704,0.9284147475133251,0.8739259152693218,0.9292677720165117,0.9103871664642423,0.9005517611723417,0.9491780856091547,0.957681136883375,0.8627802093242298,0.683714512709805,0.9540471769152945,0.9596257255045417,0.7243672622532933,0.9204927188491177,0.931488667261505,0.9385367079941818,0.9206037147937578,0.9821075314053485,0.9197040732399177,0.9169296077473634,0.9271009640247971,0.9372898940428274,0.99849623165068,0.9131105611405987,0.8686505538272042,0.9463456194504827,0.9395470323854598,0.9188871236697298,0.7344809073337994,0.9271009640247971,0.9229109835440807,0.9719407501298679,0.9495203073386865,0.7255655856453289,0.9917313841329802,0.8383002760466665,0.9649712801751953,0.7435955595175135,0.890524814551136,0.8174972048779767,0.9440205890291099,0.5575915447596691,0.9463456194504829,0.6663434516875015,0.9859653849226515,0.9649925901227855,0.9284324089745184,0.9675149084633379,0.9292677720165117,0.9649921561678491,0.9839847019044763,0.9840677331869968,0.7722461735569092,0.9361160018916064,0.8416983165034337,0.9206037147937578,0.909405299893773,0.8672687335363696,0.9199701606580845,0.9150048519840792,0.8628217153184267,0.9188871236697294,0.9292677720165117,0.9385367079941818,0.9491780856091547,0.931488667261505,0.890524814551136,0.9348736763373375,0.8646921017107426,0.8921587537070734,0.931488667261505,0.9489156923119715,0.9871452198245783,0.6987264307868306,0.7514717776798476,0.8702630231263386,0.8540589702876251,0.7918611349755444,0.9843666454718265,0.9022812459376932,0.7904384645785776,0.8692893020134245,0.8526125248565162,0.9410406098239261,0.8687627046182604,0.7178027688939725,0.9361160018916064,0.7847394565409085,0.9491780856091547,0.6505541329384786,0.9271009640247969,0.9491780856091547,0.9208799593226005,0.9040300914457235,0.9314886672615055,0.9357907257405791,0.8439974845602787,0.9436389526644005,0.9821075314053485,0.9169296077473639,0.9213825253278576,0.8725752167425384,0.9292677720165117,0.9385367079941818,0.92498342966047,0.9292677720165117,0.9292677720165117,0.9245814746860741,0.931488667261505,0.92498342966047,0.8748055425712833,0.931488667261505,0.8869832509521187,0.9908927240415877,0.9436389526644002,0.9361160018916066,0.9410406098239261,0.9859653849226513,0.9292677720165117,0.9431699408977134,0.7821495822889151,0.9541968529441154,0.8226479815247854,0.931488667261505,0.8168658457553146,0.9361160018916064,0.9112446674143935,0.8860744727961276,0.9059355222609431,0.9436389526644005,0.9337692322192535,0.9150048519840792,0.885698841863535,0.9150048519840792,0.9314886672615053,0.9186550120230905,0.893806497800568,0.9713162545723915,0.8514438032339184,0.9503578662718964,0.9436389526644005,0.7486053037702296,0.9361160018916066,0.9056384037386234,0.8793982326953484,0.931488667261505,0.9314886672615055,0.8411452513286892,0.9463456194504827,0.9899008445443607,0.92498342966047,0.9188871236697298,0.856094118773041,0.9271009640247971,0.9116472714399471,0.8992666134659396,0.931488667261505,0.931488667261505,0.9167311028995666,0.9788788900027321,0.8687627046182604,0.7381271605259625,0.8844267591856494,0.961263549921516,0.7840725527723569,0.8983339388941771,0.6939433014929854,0.8767259553289254,0.931488667261505,0.8951634300459383,0.9385367079941818,0.9491780856091547,0.99849623165068,0.9436389526644005,0.9306215966109164,0.931488667261505,0.931488667261505,0.9140640366909359,0.9821075314053485,0.9029900998420041,0.9169296077473637,0.9528702406083659,0.8642985447139286,0.9395449643646789,0.8934655458176233,0.8364517552351199,0.9656661817822728,0.931488667261505,0.7847394565409083,0.8464023727791176,0.9337692322192532,0.9436389526644005,0.9279189658482012,0.8073407474899136,0.8794184279003856,0.7743488856070802,0.9337692322192532,0.8099750192678044,0.931488667261505,0.8967607927756917,0.9562533908075042,0.8642985447139286,0.9180211930776747,0.8184808644825563,0.9654186216767149,0.9463265979039874,0.9593345949092679,0.9410406098239261,0.8726208768327395,0.814232201299866,0.9716572732363806,0.9463456194504827,0.9986133618497158,0.9075907590759074,0.8546340718497019,0.9385367079941818,0.9292677720165117,0.9354106706034486,0.6043526269958817,0.984567352342202,0.9286775783839132,0.9491780856091547,0.9186550120230905,0.949178085609155,0.9840677331869967,0.8627236257785789,0.9266138237099293,0.9169997459247199,0.9314886672615055,0.990227237828481,0.9549820389811022,0.9169296077473637,0.9995891151625986,0.9229109835440812,0.9231752901944043,0.9040300914457235,0.8851446183863336,0.9337692322192535,0.7910533895191147,0.9225786753593272,0.8287559736133525,0.7972443464013121,0.931488667261505,0.8676778912630889,0.9314886672615055,0.9352935200228321,0.9463456194504827,0.9490704397550975,0.9112446674143933,0.9311152600754125,0.931488667261505,0.8686505538272042,0.9576811368833751,0.9112446674143933,0.8886310796664368,0.8293600480197822,0.8546340718497019,0.9944277784720001,0.8717773221078804,0.8378881427506739,0.9544972725736602,0.9522322463593522,0.9541968529441156,0.9799921052599658,0.9491780856091547,0.9541968529441154,0.9314886672615055,0.8186412090912616,0.9825984289642522,0.8743892540643303,0.9582672611526475,0.9649712801751953,0.9314886672615055,0.9292677720165117,0.9256009930863665,0.94402058902911,0.8598831469664707,0.953815933521835,0.9195491907388309,0.931488667261505,0.9154027912340778,0.9394867765970359,0.8954688163631979,0.931488667261505,0.8479893003429589,0.9859587862883861,0.9436389526644005,0.9131105611405987,0.9292677720165117,0.792796001753074,0.9466053748231965,0.73607852461342,0.9040300914457235,0.8126228085797408,0.9131105611405987,0.9686308603165106,0.931488667261505,0.9022812459376932,0.931488667261505,0.9436389526644005,0.9976671932161751,0.9509060406897774,0.9491780856091547,0.621852511511348,0.7551406423489793,0.9324044867801069,0.7514717776798476,0.931488667261505,0.8409190871194687,0.8254925070571364,0.8221337259550521,0.7387808527088771,0.8856988418635354,0.938536707994182,0.8988405313927084,0.6737211447947825,0.8872955140291618,0.911511964199613,0.941358541979983,0.8872955140291618,0.8954688163631979,0.938536707994182,0.8454267695073421,0.8872955140291618,0.9491780856091547,0.6632484677039123,0.9337692322192535,0.8589844005431999,0.9292677720165117,0.6379601179494427,0.8869832509521193,0.9375379118224112,0.885698841863535,0.9541968529441154,0.9819666175510307,0.9825984289642522,0.9292677720165117,0.9596257255045417,0.8343984102171074,0.8954688163631979,0.8366797219928643,0.793272151774572,0.9911116691734831,0.8763348124829187,0.940602637531314,0.9337692322192532,0.9361160018916066,0.9560841968775995,0.9175833881378588,0.9768086827916647,0.9022812459376932,0.9539287215866568,0.9385367079941815,0.9410406098239261,0.8552646386959473,0.9005517611723417,0.9572925628415772,0.9562533908075042,0.9562080222479259,0.8903235787294869,0.9593996391173951,0.8971465330611366,0.9314886672615055,0.8939058970766551,0.9311287554899162,0.8825384613814424,0.9539287215866565,0.8206327187139595,0.9991226281223797,0.9391918847741745,0.8583226849174206,0.9075907590759071,0.654951978156336,0.9005517611723417,0.9226325469213179,0.852219620660223,0.9806747634986939,0.9188871236697296,0.8131121854603585,0.9292677720165117,0.5193577087969136,0.8271253427472369,0.5783982063611892,0.9859653849226513,0.8738785982281663,0.976808682791664,0.9361160018916066,0.47114621753819286,0.8660275701922152,0.7871510112545179,0.8335182730010741,0.9749771166196228,0.8409190871194686,0.9112446674143935,0.8627236257785789,0.9361160018916066,0.9065929434188895,0.9112446674143935,0.9410406098239261,0.9395134363314752,0.9887355796164214,0.9337692322192535,0.9463456194504827,0.9664712477975483,0.9436389526644005,0.8887781031191273,0.9410406098239261
p19_E,0.9523179899907479,0.8838135174053028,0.5694276900240025,0.8992865236029117,0.8993922310882432,0.9752737206364959,0.8271816028377026,0.7918596083383421,0.8319650172278279,0.6046145530539158,0.8808870709207712,0.896130882831621,0.896130882831621,0.8464976705745089,0.8702902432560242,0.7046725005537512,0.8898393963217797,0.6690294376269559,0.9172347260035336,0.9212094218042226,0.5930432677310606,0.8780124908814333,0.9433011034543324,0.6680233073997988,0.9064840699954799,0.8642985447139284,0.8898393963217797,0.83449531009486,0.9212094218042226,0.8796019107650253,0.8785401016887859,0.9097421633544904,0.5341142613283225,0.8646979598369935,0.8993922310882432,0.9172347260035336,0.9027412033397848,0.8867960431767519,0.6254873296405832,0.8616681034607221,0.5887351778656122,0.9855764781637495,0.9752737206364959,0.8275096562715782,0.9596253481255901,0.7776093051334354,0.9465146323386673,0.9346986066201728,0.8616681034607223,0.8480961504580375,0.6724208586082547,0.6826896801895281,0.8642985447139284,0.883813517405303,0.9088193584132743,0.6885868816435307,0.8299441802940948,0.8993922310882436,0.8921458107091103,0.9996756029115748,0.8139197462693826,0.6655491115674659,0.8642985447139286,0.0,0.9134191021410443,0.6522651642843793,0.9097421633544904,0.9650918298167017,0.8551963170812434,0.9625162230164763,0.8440565830183067,0.7077250838010225,0.9372344714402792,0.9086618110626263,0.8993922310882436,0.5380837352394388,0.8985526801638481,0.8584426512265034,0.7503219445908043,0.9253688519211309,0.7281075123001417,0.9903387485424457,0.8539618916939773,0.6398624365232616,0.8993922310882436,0.8368572865027599,0.9099317521606789,0.9410429151814643,0.8518845962088126,0.8961308828316217,0.8993922310882436,0.8064907104924681,0.6578840797470114,0.7482519591918038,0.9363572562098186,0.868799944398458,0.8019964322171647,0.4914728572492184,0.9261892480185323,0.7240933893941965,0.9995729386747717,0.9061873961293254,0.8993922310882434,0.808860104704267,0.7438265858582668,0.9172347260035334,0.8161539917768372,0.9087119079227068,0.9370256730202122,0.897096986023727,0.7734251493891513,0.8661568843269691,0.7492466437370087,0.8206574710503429,0.9061873961293254,0.7170068217613765,0.883813517405303,0.6299503038670398,0.9253688519211305,0.7908608713208003,0.9482164295783595,0.9538133524293886,0.8751860185986184,0.9047309153408,0.8642985447139286,0.7840851943575229,0.9807840195689514,0.7978360964797413,0.8961308828316208,0.9307016541888506,0.8238151377968348,0.8115219504052797,0.9515258611582158,0.9253688519211309,0.9247323722236849,0.680145937908039,0.9668059077452096,0.9097421633544904,0.9097421633544902,0.8929489608197005,0.7473763231178907,0.9212094218042224,0.9124466908183646,0.9709114698674371,0.9600469261488345,0.8702902432560247,0.9134193657821987,0.8771766788561686,0.9477894660083728,0.8305925935204237,0.9212094218042226,0.8139197462693821,0.9472054454038972,0.5271289153083101,0.9515258611582158,0.861668103460723,0.8133004789569627,0.6580976262124236,0.9500221889089313,0.7931008126567494,0.8478207065909875,0.9728308952426489,0.9601701237080074,0.902957702960173,0.5586929494234276,0.8593962429851332,0.9294815397663647,0.6541501976284587,0.8713868932532187,0.9371433686720367,0.8992865236029117,0.8961308828316215,0.9995729386747715,0.75628388569973,0.9238360697380932,0.8747077280551954,0.9625162230164763,0.9882421515016988,0.8416368978310873,0.8814848214869843,0.7205555057665769,0.9427801978599781,0.9438841418650028,0.9935567820366137,0.829297561710024,0.728269870807484,0.718863937786931,0.8629251931757835,0.8838135174053031,0.9291653056283693,0.749132918284551,0.8769282987941893,0.7179721547238296,0.8439642750533456,0.9346820333843547,0.8993922310882436,0.7070447155143817,0.892948960819701,0.9115378481958247,0.746167552918646,0.7856879905096843,0.9935567820366137,0.8993922310882436,0.607538449472088,0.7137870224828535,0.6520321555681023,0.8993922310882436,0.9415764394796308,0.8321506231964102,0.7751140922654685,0.7347164777877544,0.8483300014344475,0.896130882831621,0.8993922310882436,0.9812490169448846,0.8993922310882436,0.709682454097535,0.7016996034283559,0.6950302796478438,0.8993922310882436,0.7432996237289626,0.8993922310882436,0.9204527083650015,0.8841909425473035,0.8344953100948598,0.5734310573796778,0.9061873961293254,0.8552612289955435,0.8929489608197003,0.8724042835510755,0.8027948963261125,0.9510460482764351,0.8655207010435533,0.6515530176586581,0.9097421633544904,0.8225296442687751,0.9683309962244563,0.7689383736290263,0.8811490945467063,0.8567883809445203,0.8814261386926299,0.6216589410515467,0.7730117451851695,0.892948960819701,0.8993922310882436,0.851888756266141,0.8993922310882436,0.6719104479379449,0.8321506231964109,0.9231230454306082,0.9400757463595382,0.8714959064616481,0.7070447155143817,0.8298223478885358,0.8751860185986189,0.8296846983575323,0.9236102206896849,0.8523725692305202,0.6905402417772546,0.8214192395195012,0.5744519150606819,0.9344148485280763,0.8961308828316217,0.9134191021410443,0.9175146548037791,0.6254873296405832,0.9925111151571782,0.9925111151571782,0.9551168668325382,0.8049446775692438,0.7903842889297825,0.9231230454306082,0.9844816444248445,0.8923875651471349,0.6089944146229997,0.9172347260035334,0.7117086268512329,0.9029766373026853,0.8696642492046922,0.8050863112719071,0.9172347260035334,0.6750483796868391,0.8467881424784425,0.9134191021410443,0.4870370847897929,0.8728920970887102,0.9061873961293254,0.7533949171332582,0.897107738017977,0.9996756029115749,0.5695585331492286,0.9868418685480091,0.8272712700642053,0.9172347260035334,0.9579528920270578,0.7660838876119862,0.523870893309531,0.79559032327016,0.9172347260035336,0.8993922310882434,0.9477894660083728,0.8929489608197012,0.9097421633544907,0.8538430235715144,0.9633084029793544,0.9061873961293252,0.6790179629518054,0.90919810876568,0.8360987974615818,0.8273916766828403,0.9493533313890893,0.7322240880671151,0.9143820050551712,0.8654878572171846,0.8238151377968346,0.9212094218042226,0.8094833764446476,0.9686270243184087,0.8646979598369935,0.8721962838262695,0.8273916766828404,0.9465146323386671,0.8993922310882436,0.9097421633544893,0.9027640924895548,0.8642985447139286,0.9172347260035334,0.9568407342490961,0.9696724395861309,0.8993922310882436,0.9064840699954799,0.9469207829576383,0.9253688519211307,0.9650148532554859,0.9320758526445456,0.8696642492046922,0.9231230454306081,0.8736635385762339,0.7489797828287843,0.9377821213923416,0.8867960431767521,0.8497140369502193,0.7308674779865965,0.8646979598369935,0.7789101058157373,0.883813517405303,0.846609090756159,0.9253688519211309,0.8443684758594034,0.8392374849683435,0.8525145766145708,0.8898393963217797,0.8961308828316217,0.9995274441909643,0.9739024199009685,0.8313916961153245,0.7517350277531263,0.7773165026320761,0.8993922310882436,0.7638273615221394,0.835868542784596,0.8673952205917312,0.8872071589200896,0.9212094218042226,0.9023514874520437,0.8993922310882436,0.8993922310882436,0.765139325499457,0.8982552933740048,0.8473552501325188,0.8993922310882436,0.9212094218042226,0.8993922310882434,0.846497670574509,0.45120756771566783,0.8602364316246571,0.8993922310882434,0.8489613700399667,0.9099317521606789,0.7391580145953239,0.8042497517204943,0.8993922310882436,0.5468021592792682,0.8344953100948598,0.8822949228472503,0.8551963170812433,0.8489613700399672,0.7792006559286553,0.5695585331492283,0.8734301383407206,0.8993922310882436,0.8300986076681393,0.9226325469213177,0.7570668080200509,0.7288452380424013,0.9807840195689514,0.708626590398425,0.8867960431767519,0.8993922310882436,0.9223403764787008,0.6950581033125338,0.8993922310882436,0.902430660432235,0.7892731003929949,0.7083337446074691,0.753322938382826,0.8865861431639535,0.8993922310882436,0.9824391197544327,0.768341601275851,0.9563160015347996,0.7593168524648461,0.9321287971179024,0.8853051607789586,0.8183996995703318,0.9922598381872461,0.9061873961293254,0.9067994193325839,0.7751140922654685,0.9740168722867644,0.8856594165862335,0.7881385125691884,0.5981315066401864,0.8724042835510757,0.9097421633544902,0.8934655458176233,0.8993922310882436,0.9922022799705809,0.7522623613250112,0.844223445775544,0.880887070920771,0.884359656598322,0.9287407729092754,0.9906232975177711,0.9417626114543682,0.8929489608197005,0.9134708556523621,0.8993922310882434,0.9504069818881509,0.5577063771369689,0.8094833764446476,0.8563577889317523,0.9224426332951579,0.9212094218042226,0.9171102496467269,0.9031200523835077,0.9657502918114249,0.9418510134399245,0.9212094218042226,0.5792332467199174,0.8842971758754066,0.8064907104924686,0.9262698231600375,0.5474408060921463,0.7912426601057796,0.9465146323386673,0.8552368166078581,0.9594202898550723,0.8963381430080475,0.9300014988735692,0.9315546772068513,0.9786384251155431,0.8785401016887859,0.7344892377260073,0.8985284147378999,0.8116963900427683,0.9945183240274953,0.9217205801316332,0.8249147582192327,0.8895580642834777,0.9601701237080076,0.8724042835510759,0.7803720645833329,0.9561940054212754,0.6396962066963199,0.9601701237080078,0.8567883809445207,0.6726132992523187,0.9061873961293254,0.9932728688879773,0.7012814311789677,0.8872071589200903,0.9097496706192358,0.9172347260035336,0.6931854399011896,0.985482089679688,0.9134191021410443,0.8593962429851332,0.8898393963217797,0.9247323722236849,0.9231230454306082,0.6299503038670398,0.8514489788174842,0.7586034806015325,0.4965324132104434,0.9329016612088761,0.8832444469048485,0.783753755408136,0.7919893838778072,0.8898393963217797,0.8953953641899601,0.8993922310882436,0.9134191021410447,0.8993922310882436,0.8993922310882436,0.7407130596599873,0.851153796957036,0.8392374849683435,0.8993922310882436,0.918835508721347,0.9867098534779168,0.8321506231964104,0.8324789953544447,0.5271289153083094,0.7772501065311839,0.943218574940366,0.9919812383965744,0.8032561096451711,0.7384988597382962,0.7400843742085832,0.9134191021410445,0.8368572865027593,0.7713411892840469,0.7146824480374374,0.8514489788174842,0.9889883423817387,0.7491329182845522,0.9878742259207558,0.9134191021410443,0.7942406984776218,0.9061873961293254,0.8248675029173149,0.8347141576053575,0.866963168156325,0.6361434151300113,0.7876156796710823,0.8489613700399667,0.882482897272908,0.8724042835510755,0.8673952205917312,0.9868418685480091,0.9099317521606791,0.902741203339785,0.829822347888536,0.8423693333483429,0.698184068940889,0.9515258611582162,0.6731928166290087,0.7961238205610734,0.7090682102333523,0.8691773228854076,0.9329016612088759,0.8660614309566002,0.7340612857268165,0.9253688519211307,0.7936637785566021,0.7654838048890946,0.9027640924895547,0.7994699721912707,0.9099317521606789,0.9302917218820509,0.8853634148492777,0.8993922310882436,0.9097421633544902,0.83449531009486,0.9870810478556495,0.6749780002627297,0.9737702747191699,0.9287407729092758,0.8539618916939773,0.8946824627869437,0.9031200523835075,0.8918459528076781,0.6046145530539164,0.9525904672451101,0.8808870709207712,0.8465679974190514,0.9287407729092754,0.9208601429117473,0.8647597566546237,0.8567883809445207,0.9300014988735692,0.7361558232458456,0.8408500417814635,0.7983686820387377,0.9778228465993066,0.992000334180243,0.9192616648245373,0.8022297700145479,0.9327223474313893,0.9212094218042226,0.8751860185986184,0.9801945723164652,0.7703149135501173,0.8072801833126309,0.8506183652136987,0.8961308828316217,0.8002877416497645,0.7635611901031853,0.9748214106481391,0.9862868377741735,0.9061873961293252,0.8620322227114252,0.9340990416559534,0.6289302643121228,0.9293228922862454,0.8514489788174842,0.9996217758139353,0.7035240476032323,0.43485344971582696,0.9696724395861311,0.9097421633544902,0.9752737206364959,0.8993922310882436,0.7788553920019083,0.6580705884738272,0.6835306018343565,0.9189118661130187,0.8993922310882436,0.8483200465316212,0.7450281735501887,0.836774129937224,0.8464976705745091,0.583512322409474,0.9729124703547429,0.7646343017371668,0.8847959699826584,0.6699116253119519,0.8139197462693823,0.7218092549780515,0.7409013261125117,0.9134191021410447,0.8072801833126309,0.8582156400242074,0.972830895242649,0.8321506231964106,0.9752737206364956,0.8565016117177144,0.8929489608197012,0.9253688519211307,0.6167354989733367,0.91561268213489,0.9372344714402792,0.7601449416745139,0.5297526239821305,0.9625162230164763,0.9492388075036137,0.8347141576053577,0.6549616781123162,0.7228705452017572,0.8961308828316217,0.8395556498231578,0.8898393963217794,0.8961308828316217,0.8961308828316217,0.9665398593115929,0.8993922310882436,0.6914448928553572,0.9072413322146773,0.8993922310882436,0.8696642492046924,0.8249147582192324,0.9625162230164761,0.9061873961293254,0.9134191021410443,0.9807840195689514,0.9329016612088767,0.7513454236483372,0.718863937786931,0.8724042835510755,0.9435191306168995,0.8993922310882436,0.8161539917768375,0.9465146323386673,0.6174691286098566,0.6726132992523182,0.8649062368563816,0.9172347260035334,0.9027412033397848,0.8118334674327652,0.9060638964407408,0.8751860185986187,0.8993922310882436,0.8968340415743792,0.9222645694136711,0.959813470302691,0.6807626054757945,0.9561940054212755,0.9922022799705809,0.8616681034607223,0.9061873961293254,0.8622547711115847,0.790824683744427,0.8993922310882436,0.8993922310882434,0.560987876877195,0.6520321555681023,0.6880694014739064,0.8898393963217797,0.9460546403839527,0.719232571191649,0.9287407729092754,0.667527986475575,0.8658801020870615,0.8993922310882436,0.8993922310882436,0.8298223478885365,0.6655491115674657,0.8072801833126309,0.596699714251586,0.8675596062320505,0.6871022511198213,0.7153757869206805,0.8976726862915101,0.866963168156325,0.8277077380726947,0.8993922310882436,0.978631048101317,0.9097421633544902,0.6254873296405832,0.7255407606155626,0.9172347260035334,0.7839483030874332,0.8993922310882436,0.8993922310882436,0.8769046012302293,0.8993922310882434,0.844304471580261,0.9623912027223392,0.7629035295961655,0.45790513833992075,0.9400757463595384,0.8225296442687748,0.961300008836971,0.8199002489157294,0.8993922310882436,0.8321506231964106,0.9208737712128994,0.9027412033397848,0.9625162230164763,0.8559143478531261,0.574019637373484,0.9402605367450523,0.8368572865027601,0.902741203339785,0.628971785615175,0.8993922310882436,0.7742931864480898,0.9365682876192555,0.9812252964426877,0.8048563636130739,0.6211925711342499,0.983703714129575,0.879691111747325,0.76382736152214,0.913419102141044,0.644840609766341,0.9461019326190196,0.9356957241686945,0.9212094218042226,0.8992865236029117,0.8642985447139286,0.860739153478393,0.7142045564119808,0.9329016612088765,0.7542150378235282,0.8590697626746646,0.9553394119369607,0.9483338982121259,0.9253688519211309,0.8567883809445207,0.9253688519211309,0.9249165419327742,0.8295844697893859,0.8673952205917312,0.8155906448111347,0.8993922310882434,0.9686270243184087,0.8780124908814333,0.8780124908814335,0.8371977402184743,0.5341142613283238,0.896130882831621,0.9721556015951156,0.8110207847631994,0.746066123628965,0.6954851608194408,0.9375570313374195,0.9843446203121258,0.9330326773513427,0.8993922310882436,0.7856879905096839,0.9870810478556493,0.8276921184820343,0.6046145530539158,0.9254635393306819,0.8696642492046911,0.7683416012758513,0.8993922310882436,0.7442550656863194,0.8100774505820202,0.8588181272853627,0.9108901249858721,0.9422539672162604,0.9102862765869404,0.9097421633544902,0.7813061389303146,0.7979758437920643,0.7280090904549295,0.7859826609116538,0.8724042835510755,0.793206697045151,0.9253688519211309,0.9952673588808036,0.8993922310882434,0.8202046342072096,0.9947962922931933,0.800839398188876,0.9473726654430645,0.7983686820387377,0.9870810478556493,0.8961308828316217,0.790824683744427,0.65679917601247,0.8155906448111347,0.8822949228472503,0.8357236535321728,0.8993922310882436,0.87385565097553,0.630012079175466,0.8464976705745089,0.8993922310882436,0.9064064175239173,0.8867960431767519,0.9172347260035334,0.9031200523835077,0.8961308828316217,0.6764403607782352,0.8934655458176233,0.8393889130131178,0.9438841418650028,0.8183996995703311,0.9125853346219001,0.7924309847617745,0.8993922310882436,0.9400757463595384,0.8993922310882436,0.6752318008799826,0.9585546647054801,0.8308558218739317,0.6254873296405832,0.9912874992203793,0.7696111011154341,0.857026204512473,0.8464976705745091,0.8993922310882436,0.9897096684855073,0.8621883578214153,0.9432861517135577,0.9056312245600877,0.6750942218413911,0.9933095589619414,0.6880019323703828,0.8034882424102873,0.83449531009486,0.7878173646451987,0.8031146756126221,0.83449531009486,0.8103747847408735,0.9097421633544907,0.503781825837951,0.83449531009486,0.6254873296405832,0.893465545817623,0.9027412033397848,0.7931008126567494,0.896130882831621,0.9104268231948249,0.8696642492046922,0.8064907104924686,0.7982830105819401,0.9031200523835075,0.8542071110265865,0.8799678088963249,0.9935567820366137,0.8347141576053578,0.7756705108829192,0.8464976705745091,0.8186600604354737,0.9245982142537814,0.8491187520150887,0.4607489724958862,0.8616681034607221,0.7460661236289652,0.9465146323386673,0.8493514440122147,0.8952944395201965,0.856501611717714,0.8843596565983227,0.8468337236578862,0.90974216335449,0.9134191021410445,0.9072135272262019,0.8539618916939782,0.9761241016391891,0.88720715892009,0.8514489788174839,0.9370725126411357,0.9377821213923416,0.8489613700399679,0.8993922310882434,0.7960101136628586,0.8538549703121607,0.8275096562715778,0.8029012821767432,0.506907728963978,0.9134191021410443,0.8646979598369935,0.900002953995263,0.8642985447139284,0.8898393963217797,0.8539618916939777,0.8879446640316209,0.9331534170286987,0.906386838764466,0.880887070920771,0.8650025858991179,0.896130882831621,0.9727984881547205,0.8146875860200384,0.9465146323386673,0.9417626114543682,0.9569146673376991,0.8565016117177129,0.9061873961293254,0.8851507230512403,0.9123421742142173,0.8892564970818371,0.9287407729092758,0.8929489608197008,0.8880350496408187,0.9601701237080074,0.7466340871522712,0.9465146323386673,0.9376436922449853,0.8696642492046922,0.9568407342490963,0.7878173646451987,0.866963168156325,0.9417626114543682,0.6520321555681019,0.7931008126567496,0.6299503038670398,0.7905720704573598,0.9134191021410447
p19_G,0.9533086886806446,0.9495194495442563,0.9068859994145182,0.7513285564495057,0.9562880686171875,0.9675743567407267,0.7461433706952987,0.785642915614275,0.9172245874626141,0.9657671730030435,0.9482479709168004,0.9548710823073729,0.9548710823073729,0.9333065093925879,0.6053568844404494,0.9013784409842849,0.9783779352946236,0.9410406098239259,0.9457879562525047,0.9657671730030435,0.8540770981599277,0.6716244073694942,0.9942714459947756,0.9577431256853024,0.7426004748278987,0.9410406098239259,0.8394089368969619,0.9280917395652362,0.9657671730030435,0.8377862546708625,0.9354577472990953,0.9607848936032954,0.9508152934266845,0.6135389962932136,0.9562880686171875,0.765444373534707,0.9577431256853024,0.9508152934266845,0.9675743567407267,0.9398977391608507,0.5655213125623308,0.942198331919694,0.9675743567407267,0.9250566218612026,0.9521375655065456,0.7134558539687318,0.9592404230051592,0.9143648077845039,0.37410749057162007,0.9068859994145182,0.9607848936032954,0.8705572812086979,0.9410406098239259,0.949519449544256,0.9508152934266845,0.938768815466609,0.38564711518164163,0.9562880686171875,0.7748548864613385,0.9534886050081051,0.9191520956010528,0.7411252268913582,0.478139207191538,0.9134191021410443,0.0,0.8489166250019227,0.9607848936032954,0.9828903308322394,0.9394373506523194,0.964040252388596,0.9322459088752486,0.939897739160851,0.9562880686171875,0.8508524342038148,0.9562880686171875,0.9022918659842716,0.9469990271543745,0.7922077620144257,0.8479439783560869,0.9675743567407267,0.9482479709168004,0.9433718940682516,0.936549554387319,0.9410406098239259,0.9562880686171875,0.9291179679746995,0.9894382119329368,0.8318841922523381,0.9506935918794348,0.9548710823073732,0.9562880686171875,0.5960053845565387,0.741125226891358,0.8751256559556833,0.936549554387319,0.9143648077845037,0.7266260296168121,0.9032069193824648,0.8450061550758585,0.8440199953549756,0.4982444600735997,0.9592404230051592,0.9562880686171875,0.7637179762656259,0.9615420303159277,0.964040252388596,0.9660244666247457,0.8255782681497184,0.9457709851868581,0.8527760996057687,0.6477372045373884,0.942198331919694,0.8339485716413382,0.5172316440164619,0.9592404230051592,0.8135211337092474,0.9495194495442563,0.964040252388596,0.9675743567407264,0.8778523726982703,0.9250566218612026,0.6185666173362778,0.9457709851868579,0.935457747299095,0.9410406098239261,0.7895252496742999,0.9577431256853024,0.880570845753591,0.9548710823073729,0.9270730230791457,0.8905026990324318,0.9592404230051592,0.9607848936032954,0.9675743567407267,0.21404844410748625,0.8668758171222235,0.8959254409068558,0.9560086947472867,0.9607848936032954,0.9534886050081051,0.7762402277161398,0.9657671730030435,0.8489166250019227,0.6592602688569672,0.6518137794452556,0.9230659630317124,0.9494976475473855,0.8640960613563902,0.939897739160851,0.7920678930417445,0.8453817313970798,0.9191520956010528,0.8746367007519438,0.9369151442674037,0.9560086947472867,0.9398977391608507,0.5835587631412533,0.9260614370793867,0.876944484906568,0.6585711958095642,0.8061744934456334,0.9592404230051592,0.9433718940682516,0.8298015015479603,0.9115378627127524,0.47686740533709315,0.880570845753591,0.9134191021410443,0.9365495543873188,0.8668758171222235,0.9333065093925879,0.9548710823073732,0.938768815466609,0.7575964152480574,0.8742145641840269,0.6416687929882536,0.964040252388596,0.8886981112672732,0.6071583993937413,0.9022918659842716,0.9240582376582438,0.9041237274088103,0.8923351671954539,0.9548710823073729,0.878759344085582,0.8071503904964287,0.9853812680091014,0.9153141563577833,0.9495194495442562,0.9343769343025807,0.9534886050081051,0.9619936422826709,0.8469680690265142,0.8514910516687033,0.9191520956010528,0.9562880686171875,0.9577431256853024,0.9534886050081051,0.9143648077845039,0.9942571659500581,0.94831171741693,0.9548710823073729,0.9562880686171875,0.8868937905864729,0.8244716253407948,0.9657671730030435,0.9562880686171875,0.8903991455657344,0.9270730230791455,0.9022918659842716,0.876944484906568,0.5853398566682777,0.3128901061112782,0.9562880686171875,0.8760356045203768,0.9562880686171874,0.8663112473270754,0.8612981558461015,0.8584801609121495,0.9562880686171875,0.7574232013566526,0.9562880686171875,0.7796467775134233,0.9660244666247457,0.9280917395652362,0.9697201927784762,0.23769886358458503,0.8030952829801472,0.9534886050081051,0.9942714459947756,0.9469990271543747,0.5802233807313169,0.8212728377122547,0.9301521134798674,0.9607848936032954,0.9134191021410443,0.9059631313150907,0.9162673470024436,0.9971547265784804,0.9270730230791455,0.9270730230791455,0.9521375655065456,0.6185666173362778,0.9534886050081051,0.9562880686171875,0.9162673470024436,0.9562880686171875,0.7706311734191853,0.9270730230791457,0.9607848936032954,0.9376530086096915,0.8030952829801472,0.9577431256853024,0.9260614370793867,0.9457709851868579,0.8003834697321844,0.7273216952472334,0.880570845753591,0.9592404230051592,0.6592602688569671,0.8896003271096573,0.8659511288161981,0.9548710823073732,0.9623824451410659,0.7444874455967883,0.9675743567407267,0.8565893759313057,0.8565893759313057,0.942198331919694,0.8886981112672732,0.6506922343844002,0.9607848936032954,0.8696393640825606,0.8255782681497184,0.8030952829801472,0.964040252388596,0.8527760996057687,0.9260614370793867,0.395785369721825,0.9593880781275534,0.964040252388596,0.8723886533920735,0.8400388316300482,0.8646812957157787,0.912476848317918,0.5410852670109018,0.9592404230051592,0.9301521134798674,0.8339485716413382,0.9534886050081051,0.9592404230051592,0.9592404230051592,0.7830070991781042,0.9457879562525047,0.8266415411912025,0.8751256559556833,0.9013784409842849,0.8659511288161978,0.7654443735347071,0.4408515443948572,0.7171048757053845,0.9534886050081051,0.9607848936032954,0.8298015015479603,0.955587210232753,0.8801474343127895,0.888603568272267,0.9280917395652362,0.7963197439933525,0.9220794934202008,0.9004665216997632,0.7287883583062164,0.854392235109874,0.8924244121716267,0.6564522182142554,0.9398072791970181,0.9172245874626139,0.9657671730030435,0.6642399840962044,0.9270730230791457,0.9377482909389647,0.9592404230051592,0.9562880686171875,0.9607848936032954,0.9162673470024436,0.3619751705946306,0.964040252388596,0.9623824451410659,0.9548710823073729,0.9562880686171875,0.9457709851868579,0.964040252388596,0.9675743567407267,0.923065963031712,0.7858946626455747,0.3957853697218253,0.9607848936032954,0.8565893759313057,0.7444874455967884,0.9457709851868579,0.9508152934266847,0.7250871274579649,0.9592404230051592,0.9301521134798676,0.7677567325503764,0.949519449544256,0.9230659630317122,0.9675743567407267,0.7982744339496257,0.5628380084902219,0.8089555424152617,0.9783779352946236,0.9548710823073732,0.9322459088752486,0.6185666173362777,0.8339485716413382,0.8349741162127919,0.7588309158950005,0.9562880686171875,0.8742145641840267,0.9291179679746995,0.4532760682686864,0.9291179679746995,0.9657671730030435,0.8668758171222235,0.9562880686171875,0.9562880686171875,0.939897739160851,0.9172245874626141,0.6897282138964361,0.9562880686171874,0.9657671730030435,0.13942135090087937,0.43596362229159924,0.9115378627127524,0.8190873193696531,0.9562880686171875,0.42676322023136604,0.9469990271543747,0.7394182000815217,0.7720505777903308,0.9562880686171875,0.8977386203509137,0.4768674053370927,0.8077975275903286,0.8101067897872718,0.9343769343025807,0.664739741358619,0.9592404230051592,0.8245098594864115,0.9562880686171875,0.7843298856175566,0.9410406098239261,0.8787593440855821,0.7428148514650218,0.9577431256853024,0.741125226891358,0.9508152934266845,0.9562880686171875,0.9106019687464653,0.831884192252338,0.9562880686171875,0.9343769343025807,0.8234362176999168,0.7232048222120981,0.763352426272961,0.8298015015479603,0.9562880686171875,0.8101067897872718,0.8760356045203768,0.9623824451410659,0.7052177893356903,0.763352426272961,0.920122827656545,0.9210985398310307,0.749274487059052,0.9592404230051592,0.912476848317918,0.9022918659842716,0.944562380594602,0.8733022546836289,0.6535967114991614,0.8886981112672732,0.944562380594602,0.9607848936032954,0.4781392071915378,0.9562880686171875,0.9640402523885963,0.908390156563137,0.8978561483651694,0.9482479709168006,0.9376530086096915,0.9534886050081051,0.859170821160427,0.9577431256853026,0.9534886050081051,0.9868659623160063,0.9562880686171875,0.9495194495442563,0.8959254409068558,0.5455467546967048,0.9640402523885963,0.8677987043663946,0.9657671730030435,0.9495194495442563,0.944562380594602,0.8287530636873146,0.9894382119329369,0.5621050879972649,0.9579083924637419,0.9280917395652362,0.989737435419342,0.942198331919694,0.9469990271543747,0.9162673470024436,0.9592404230051592,0.9301521134798674,0.5655213125623306,0.8941155981922166,0.9433718940682516,0.9134191021410443,0.9482479709168006,0.9354577472990953,0.7269481442351544,0.9012618396310073,0.991545896452954,0.9521375655065456,0.8400388316300482,0.6411423728095714,0.9333065093925879,0.9433718940682516,0.944562380594602,0.7603515460846422,0.9482479709168006,0.8723886533920735,0.9433718940682516,0.6804256865012972,0.7882404231802296,0.9592404230051592,0.7520666751277891,0.8538966800745265,0.9204848999716182,0.913419102141044,0.964040252388596,0.7677567325503762,0.9068859994145182,0.9623824451410659,0.9231480466603461,0.9521375655065456,0.9521375655065456,0.9607848936032954,0.964040252388596,0.935457747299095,0.7494066097755407,0.6422760845816708,0.8986811553763572,0.9719050365344921,0.8479439783560869,0.9201228276565452,0.9521375655065456,0.9976148218819987,0.9562880686171875,0.9623824451410659,0.9562880686171875,0.9562880686171875,0.8440199953549756,0.944562380594602,0.5628380084902218,0.9562880686171875,0.8359953467971375,0.8603611522754102,0.9270730230791457,0.7030921523899177,0.8977386203509137,0.9309752480861735,0.6798539191568751,0.9162673470024436,0.8622329273186462,0.9508152934266845,0.9022918659842716,0.9623824451410659,0.9291179679746995,0.8412846402989775,0.8760356045203765,0.5790084880645522,0.9508152934266845,0.9752369887774632,0.7970496570275618,0.9623824451410659,0.5792127149618103,0.9592404230051592,0.5607231806723618,0.9469990271543745,0.942198331919694,0.944562380594602,0.8696393640825606,0.9343769343025807,0.9191520956010528,0.9445623805946022,0.9311946072310933,0.9592404230051592,0.9469990271543747,0.9577431256853026,0.976820847338379,0.876944484906568,0.7954179656428542,0.9607848936032954,0.6943041940836849,0.9521375655065458,0.8101067897872718,0.6447745739887387,0.9719050365344921,0.8077975275903289,0.9365495543873188,0.9675743567407264,0.7748548864613385,0.8677987043663944,0.9162673470024436,0.7776146431362667,0.9894382119329368,0.9201228276565452,0.9380222350786749,0.9562880686171875,0.9607848936032954,0.9280917395652362,0.9562880686171875,0.6850220107787017,0.9469990271543745,0.9534886050081051,0.936549554387319,0.741125226891358,0.944562380594602,0.8318841922523379,0.9657671730030435,0.7882404231802296,0.9482479709168006,0.8850890368124649,0.9534886050081051,0.9508152934266845,0.8469680690265142,0.8766763317110756,0.3957853697218251,0.8007002269432066,0.8968315612097788,0.7691999689649287,0.8823796135894799,0.9301521134798674,0.85468821698147,0.6850220107787015,0.935457747299095,0.9657671730030435,0.3063205188485587,0.9577431256853026,0.8612981558461015,0.9162673470024436,0.9078111670939806,0.9548710823073732,0.7856429156142746,0.7250871274579649,0.9675743567407267,0.8959254409068558,0.9592404230051592,0.5695582585130254,0.977678477490042,0.942198331919694,0.9153141563577833,0.7948012723473759,0.9457709851868579,0.912476848317918,0.9482479709168004,0.9548710823073732,0.9607848936032954,0.9675743567407267,0.9562880686171875,0.9301521134798674,0.6751891198247377,0.8339485716413382,0.9311946072310933,0.9562880686171874,0.899555988792494,0.7510145980031692,0.9191520956010528,0.4359636222915996,0.9172245874626139,0.9068859994145182,0.8977386203509137,0.7958167654209822,0.9376530086096915,0.534712060397896,0.8714736866604262,0.9059631313150907,0.9623824451410659,0.9162673470024436,0.3856471151816414,0.9592404230051592,0.4841750412915179,0.9675743567407264,0.9376530086096915,0.9534886050081051,0.9675743567407267,0.9495194495442563,0.938768815466609,0.9562880686171875,0.7232048222120981,0.9004665216997629,0.9640402523885963,0.9562880686171875,0.9469990271543747,0.8007002269432063,0.8298015015479603,0.9548710823073732,0.9607848936032954,0.9521375655065456,0.9548710823073732,0.9548710823073732,0.9301521134798674,0.9562880686171875,0.9521375655065456,0.9201228276565452,0.9562880686171875,0.7562450440181463,0.8058312804006036,0.964040252388596,0.9592404230051592,0.9623824451410659,0.9577431256853024,0.9548710823073732,0.7856429156142746,0.8778523726982703,0.9445623805946022,0.8631655385537385,0.9562880686171875,0.529057504725047,0.9592404230051592,0.9433718940682516,0.8223572438900812,0.6621506625743607,0.964040252388596,0.9577431256853026,0.9457709851868581,0.9270730230791457,0.9457709851868581,0.9562880686171875,0.9270730230791457,0.9322459088752486,0.8487494684180812,0.8612981558461015,0.8570938287816195,0.964040252388596,0.4312737214272475,0.9592404230051592,0.9660244666247457,0.8640960613563904,0.9562880686171875,0.9562880686171875,0.8986467260787543,0.9657671730030435,0.7306082406729155,0.9521375655065456,0.9482479709168004,0.8489166250019227,0.9534886050081051,0.820182897330497,0.814646507574305,0.9562880686171875,0.9562880686171875,0.9260614370793867,0.741125226891358,0.9162673470024436,0.8329186262686776,0.8668758171222235,0.7633524262729611,0.862232927318646,0.8276997747581216,0.3491960334661848,0.8390340081240995,0.9562880686171875,0.9143648077845039,0.9607848936032954,0.9675743567407267,0.7411252268913581,0.964040252388596,0.85468821698147,0.9562880686171875,0.9562880686171875,0.8054606979556642,0.968354383009318,0.812389466850312,0.9469990271543747,0.6943041940836848,0.9134191021410443,0.9376530086096915,0.9134191021410443,0.8914121598918372,0.7073163161574052,0.9562880686171874,0.48417504129151756,0.8430302626854405,0.9577431256853024,0.964040252388596,0.9022918659842716,0.8349741162127919,0.9230659630317122,0.46929350381057033,0.9577431256853026,0.8787593440855821,0.9562880686171875,0.8508524342038148,0.8703525226203908,0.9134191021410443,0.6564522182142551,0.8841862845276727,0.9495194495442563,0.918186094706007,0.7009387087232473,0.9623824451410659,0.8868937905864729,0.881475531925336,0.9521375655065456,0.9657671730030435,0.9333065093925879,0.9410406098239261,0.8390340081240995,0.9607848936032954,0.9548710823073732,0.8932116722416492,0.938768815466609,0.9257389930135203,0.9322459088752486,0.9675743567407267,0.9761356843815903,0.9675743567407267,0.9675743567407264,0.5951579902345703,0.9311946072310933,0.910601968746465,0.9562880686171875,0.9398072791970182,0.7987499291948714,0.9469990271543745,0.7394182000815217,0.9508152934266847,0.9548710823073732,0.938768815466609,0.9087387818848149,0.9577431256853024,0.8112513913991543,0.9291179679746995,0.8479439783560869,0.8287530636873147,0.9562880686171875,0.5960053845565387,0.9562880686171875,0.8190873193696531,0.9657671730030435,0.942198331919694,0.9433718940682516,0.6965454902321728,0.9562880686171875,0.8318841922523379,0.7748548864613385,0.9433718940682516,0.8329186262686776,0.8508524342038148,0.8390340081240995,0.9607848936032954,0.8469680690265142,0.9015174087358588,0.8402259676730026,0.7789783388157541,0.9331052725841533,0.7213007273604102,0.9675743567407264,0.9942714459947756,0.968354383009318,0.912476848317918,0.9970639700164783,0.8612981558461015,0.9162673470024436,0.7691999689649287,0.9562880686171875,0.9548710823073732,0.8640960613563904,0.6850220107787018,0.910601968746465,0.8077975275903289,0.8194144871030815,0.9562880686171875,0.8179859988662401,0.6801782751534173,0.9333065093925879,0.9562880686171875,0.8622329273186462,0.9508152934266845,0.964040252388596,0.944562380594602,0.9548710823073732,0.8677987043663944,0.9410406098239261,0.9115378627127522,0.938768815466609,0.5232337300428245,0.944562380594602,0.7663012266098035,0.9562880686171875,0.9376530086096915,0.9562880686171875,0.964040252388596,0.73769338845555,0.9004665216997629,0.9675743567407267,0.9365495543873188,0.8624031815176507,0.9181860947060068,0.4885244446512511,0.9562880686171875,0.8556401296226268,0.8459888203478394,0.871473686660426,0.41716389985243485,0.9270730230791457,0.9607848936032954,0.9354577472990953,0.9343769343025807,0.9280917395652362,0.9078111670939804,0.7869463693578994,0.9280917395652362,0.9333065093925879,0.9607848936032954,0.9013784409842849,0.9280917395652362,0.9675743567407267,0.36197517059463047,0.9577431256853024,0.6185666173362776,0.9548710823073732,0.9343769343025807,0.6360918192527053,0.94831171741693,0.927073023079146,0.944562380594602,0.9260614370793867,0.939897739160851,0.9548710823073732,0.9469990271543747,0.8380252083428266,0.9333065093925879,0.5557987824049778,0.8729324669932652,0.9240582376582438,0.921098539831031,0.8314373374166395,0.9577431256853024,0.9592404230051592,0.908390156563137,0.7975775481528471,0.9376530086096915,0.9376530086096915,0.9981498569583073,0.9607848936032954,0.9623824451410659,0.8914053182874357,0.936549554387319,0.7463496374600729,0.9291179679746995,0.7408530762766697,0.8733022546836289,0.9295775988190449,0.934376934302581,0.9562880686171875,0.8934360035877262,0.6802780473895844,0.9250566218612026,0.9581074754130983,0.8705572812086979,0.7782131661442006,0.8670439353081685,0.8932116722416492,0.9410406098239259,0.2835329433063172,0.9365495543873188,0.9568407342490963,0.8896003271096575,0.8179859988662401,0.9482479709168004,0.8659511288161978,0.9548710823073729,0.7838062234962252,0.8469680690265144,0.1573927922435603,0.964551177658226,0.9022918659842716,0.9376530086096913,0.9592404230051592,0.5701988087040613,0.8823796135894797,0.8498860850829324,0.6901393639197371,0.8326881763486002,0.8556401296226268,0.9433718940682516,0.5951579902345705,0.9592404230051592,0.8787593440855821,0.9433718940682516,0.9623824451410659,0.9078111670939806,0.942198331919694,0.9645511776582261,0.9657671730030435,0.8985986666492831,0.964040252388596,0.9433072675424814,0.9623824451410659
p19_P,0.9293136156637152,0.947093204149451,0.6579708607571191,0.9753261709328147,0.7106767612030844,0.8620129124748326,0.7665441647602556,0.8087428003220056,0.4693823431440822,0.8625107065618558,0.9672728113765108,0.8142281209188552,0.7577630226857436,0.9753261709328147,0.9271607217295604,0.8198472473169769,0.8171590299484559,0.7855957980215149,0.9946431408472549,0.8826391391212,0.8140125650139831,0.8116397691515886,0.9396518340306944,0.8902048861603422,0.8062306205163003,0.609755936569299,0.8881424432885197,0.5431680514460131,0.8826391391212,0.559895742266669,0.6352053122219403,0.7725220861577018,0.8547682073619649,0.7331716311016789,0.7106767612030847,0.9251090083155455,0.8602443068685646,0.933231303166953,0.8697688980991498,0.8688177308127336,0.752716274645284,0.9589354525982217,0.976963565085983,0.670781393873456,0.9685147687693447,0.9023351544378755,0.8362973223813348,0.7030425932579074,0.7586113066985587,0.4316081784506337,0.8425003792101684,0.8310285608622388,0.6097559365692989,0.8228201610494037,0.8286138420936349,0.9928518442600907,0.7540772107829421,0.8244397822834253,0.5053846282977995,0.8131962973777596,0.46487888293482615,0.6615617615093106,0.833699738572701,0.6522651642843793,0.8489166250019227,0.0,0.8425003792101686,0.8112211951287192,0.8980472887614869,0.9251090083155455,0.9480551748465762,0.9569828701040741,0.8825502143476118,0.36100495760801776,0.8244397822834253,0.6851227443810868,0.9922997389904737,0.8171661217546866,0.5454434237979348,0.9847195507103002,0.9172372481692361,0.8799840646892653,0.7662516727025934,0.9199620792235577,0.8244397822834253,0.908609301647284,0.9677921775082317,0.5042294736726707,0.7952305632721428,0.8187487405659168,0.8244397822834253,0.8176938363347055,0.6111844489400955,0.4883745059909832,0.8084270318388387,0.9054301738309325,0.8395351637459216,0.7828183207878003,0.6385822480453758,0.43973053734785394,0.7974907805060596,0.9469603324515528,0.9116054303797048,0.9378318446413088,0.6973335701277226,0.8555748757838357,0.9092640503019207,0.5975550088722386,0.9294328074716539,0.5043283813433304,0.8808454679700191,0.7906189576364939,0.6325503745787369,0.867199453021936,0.8362973223813348,0.5515313875764754,0.9470932041494512,0.8903419420496905,0.976963565085983,0.5093767672129065,0.9770403761673954,0.8352716035347938,0.8542918154275816,0.9888142197373825,0.9647508396242381,0.5948084548091686,0.8302837275767867,0.9669822991518977,0.8424606700354111,0.8584380740481099,0.5518263379253481,0.9779235246182829,0.9708262240875452,0.9769635650859829,0.807770117807695,0.6923951976698681,0.8645697423393202,0.9650108534737666,0.9066633016488568,0.840677197630187,0.6899389580223987,0.8625107065618558,0.6170097087378632,0.7740311522076553,0.7828183207878001,0.5998783537542391,0.7273444487483658,0.5115363831201557,0.9548519906045856,0.6357188446295121,0.8989178714642765,0.6228069399723892,0.7905177613637149,0.9575597238004337,0.9708262240875449,0.6683152879077289,0.8814455205263099,0.777930910465473,0.915637910506454,0.7889985348813426,0.749355301141293,0.898223706714796,0.9810353828167875,0.8665143245656951,0.7767529296214899,0.8450271693045464,0.9492716550188156,0.8196836815525543,0.9806961724799361,0.7065588190286329,0.9841426259841167,0.9316789370321412,0.7249599525396403,0.6265514773596407,0.7953663056308441,0.8165513693675905,0.8315215278234708,0.9283020733847218,0.8818745365591065,0.7471610608155279,0.915264099145364,0.7418979085796977,0.9420278011552321,0.8469812896824731,0.9983245116137841,0.6995654043774087,0.42645805899103884,0.9832633455125506,0.7972549794048319,0.7980185625224963,0.840677197630187,0.7455642704864853,0.7057557184228174,0.4897195172050932,0.7454808318773631,0.8244397822834253,0.8302837275767869,0.9506007986398965,0.8078540870239472,0.8896836736783595,0.6232757491437384,0.8469812896824731,0.8244397822834253,0.789176181547828,0.5272007302693242,0.862510706561856,0.8244397822834253,0.9893665221703596,0.6497242453939748,0.539398300188408,0.7365505542702788,0.8628337390384064,0.8469812896824731,0.8244397822834253,0.7493183430698283,0.8244397822834254,0.5612303688001198,0.7063454892058292,0.7849820134275701,0.8244397822834253,0.7017864873591556,0.8244397822834253,0.7536264313158627,0.7898690145471712,0.959740565413816,0.7628495065581307,0.8362973223813353,0.5567971921968834,0.8681580978826142,0.8245129483088542,0.9187770545437476,0.8858613270218627,0.7674257200750806,0.8367610421348026,0.9970923146931108,0.9201347919134596,0.9808162413081132,0.9548329367717479,0.8427746229833721,0.8388925840700928,0.6308074115263611,0.8345608929679695,0.8044228910991595,0.8570328995931124,0.8244397822834253,0.7882890919472985,0.8244397822834253,0.7584032876725142,0.8206044063128859,0.9387447628682011,0.7709851615704779,0.5567971921968835,0.8302837275767865,0.6042237851571346,0.9504142052501434,0.8547617535541157,0.8171661217546866,0.6003297973967885,0.836297322381335,0.8030217291918669,0.8780819239818048,0.6989899844900376,0.8187487405659168,0.9843880512501987,0.8486674946115655,0.8697688980991498,0.6504342621633723,0.8329362483209811,0.767851176748741,0.7974228289975889,0.802414971440323,0.8425003792101688,0.9313160921257597,0.8983663571521538,0.5706555177361408,0.8555748757838357,0.34904739157250575,0.6042237851571337,0.8420548303228412,0.9657565995609549,0.8555748757838357,0.9696584954033353,0.38558576021810653,0.8489166250019227,0.8978083441010594,0.8537325616836087,0.8362973223813353,0.8758580718405773,0.5064086757460904,0.8681580978826144,0.836297322381335,0.9291868988815264,0.6423783707219066,0.9358227266210354,0.580008673562366,0.7485097418081639,0.7889985348813431,0.8988448557132203,0.8903419420496905,0.8534949983155187,0.8467764459898988,0.994437400855249,0.906663301648857,0.46427242578897987,0.9525951237500735,0.9911132832149869,0.8026938763442295,0.9637838371800039,0.6666329101055792,0.8805883606271018,0.9395151366292912,0.8248816392946958,0.9550039039326544,0.900913005820061,0.8222433576581554,0.9554534689260413,0.6247346772741851,0.8098248093163588,0.85630955698769,0.914559919540543,0.8131539845181583,0.823107563784632,0.8244397822834253,0.740440624938358,0.8007061540031772,0.8303845584221972,0.8555748757838357,0.94893381925065,0.931678937032141,0.8244397822834253,0.8062306205163001,0.8903419420496905,0.9080857823028665,0.8546510329535575,0.8770064437675549,0.9347085319854722,0.8745818404295129,0.5982908375469124,0.667506339878938,0.9744448027057842,0.7006075830764318,0.7679423257061304,0.9601500910482565,0.6745260865430163,0.7674513301236996,0.7170065693483039,0.7271548301890856,0.8620129124748325,0.562874052255026,0.9736006461050133,0.5332606338761281,0.8613516681282445,0.8187487405659168,0.9280391828491568,0.7427254662278915,0.4685661660962963,0.450653933437693,0.7053120640946111,0.8244397822834253,0.49505543050061596,0.8119629081816317,0.8225429304909189,0.9279385803404143,0.8989178714642763,0.572993044961633,0.8244397822834253,0.8244397822834253,0.7806525915213935,0.9181779750754856,0.8180838484666273,0.8244397822834254,0.8826391391211998,0.8244397822834255,0.8739981632251431,0.7272366596000779,0.5272007302693248,0.9721737054919228,0.7364380996992961,0.9096700150805574,0.654404357987759,0.5644827413414459,0.8244397822834253,0.785653787839393,0.9215027667107261,0.5753938395270803,0.5035690111433919,0.7980185625224958,0.6931270113978463,0.836297322381335,0.4772782550154061,0.8244397822834253,0.6378828142496449,0.9199620792235579,0.58573549650816,0.8144050130954561,0.9201654654521203,0.6501444733803061,0.9855400337036124,0.8244397822834253,0.9000604878990929,0.7434607205131973,0.8244397822834253,0.8801258462867625,0.5949810113123193,0.7989339052636817,0.6920549828518192,0.4768424851257522,0.8244397822834253,0.6905639174231175,0.4404264304837455,0.9155947545010741,0.5960479685319706,0.60307772823998,0.630586519467278,0.620592730044506,0.755697912193372,0.8672605145480654,0.8528641023174952,0.4773599837539676,0.8952635136069895,0.5425023694067632,0.8269979940334711,0.7406401644884084,0.9660140789051248,0.8425003792101682,0.7855957980215167,0.8244397822834253,0.9598760745814001,0.9147765446344605,0.5939865893741265,0.8325849357943904,0.8137638926766699,0.8131962973777598,0.9183055485565197,0.9800866240356763,0.8131962973777598,0.9826916254162147,0.9116054303797048,0.9982235674385947,0.6717499527370103,0.8746855794177133,0.9598760745814001,0.5400773683139664,0.9717322012691176,0.8703976592157354,0.9396518340306943,0.7959999987294711,0.9586851380450419,0.8989178714642767,0.7096215028506663,0.791713743016099,0.8336661338924642,0.767851176748741,0.860654892116073,0.869206946344764,0.7921443716179014,0.8504627202190017,0.6857488677380139,0.8770317035992403,0.8188914049071834,0.8119955804574592,0.8922194665655987,0.6352053122219401,0.671082329502541,0.7266193042716028,0.8802358212071637,0.9685147687693445,0.7029762236799428,0.8763127158340582,0.9233458213595139,0.9031474901049228,0.8480964700748992,0.7136369946306926,0.9672728113765108,0.7046213525481437,0.9726377663518964,0.7827707385776623,0.6618830038563263,0.9159971402848225,0.8927438587703671,0.641680154474102,0.8699507442610233,0.9201347919134595,0.9705897928868902,0.9194479265937776,0.6711926418170151,0.9155947545010743,0.9023838673591813,0.8613516681282447,0.7903682547881814,0.9708262240875452,0.855574875783836,0.9472131717943895,0.7189696531298928,0.7731477167173626,0.8469812896824731,0.931678937032141,0.7636290293843054,0.9800562703374287,0.8077701178076944,0.8030217291918668,0.8244397822834253,0.8489166250019229,0.8244397822834253,0.8244397822834253,0.40144886278557634,0.7773459047767644,0.9736006461050133,0.8244397822834253,0.6981091184351034,0.5620154415148558,0.8206044063128866,0.8858517506267463,0.8007588753899912,0.6314085587368949,0.8401628384999129,0.9377077386863513,0.4973318093331156,0.8286138420936353,0.9487855892274598,0.8489166250019229,0.627488009717589,0.7576299370362074,0.6189572430905844,0.7615794926046595,0.935996870491399,0.9506007986398965,0.817000871067345,0.7843536627527451,0.70652054077801,0.8672605145480654,0.9596447724537167,0.9096700150805574,0.9499934238507659,0.8480964700748992,0.4736673655320952,0.7774917415814295,0.6052593780793261,0.8689012687325591,0.8423201325136478,0.7921443716179017,0.9096700150805577,0.9201654654521203,0.9089890053334042,0.6125669999529256,0.7898803096688758,0.8425003792101693,0.7399633275009003,0.8613516681282447,0.5783669736552822,0.7921966068830886,0.8752138387990291,0.612785992537866,0.9982161479519411,0.8697688980991498,0.6566133448247138,0.48651614354905126,0.9890833329425415,0.6477124282483935,0.9831926995272839,0.8606612345826787,0.8301563763525268,0.8244397822834253,0.8425003792101682,0.7343570449614634,0.8534949983155184,0.7436595102737997,0.9677921775082315,0.8570328995931124,0.9138654296794511,0.7540378718875334,0.8009294265428093,0.46645611890837635,0.8625107065618562,0.6493713520146764,0.9172372481692359,0.6088912857922366,0.8131962973777598,0.8313794094180802,0.8585304467259183,0.8016875724452739,0.8652182557384989,0.7281868214726757,0.6778699170650504,0.6364015054616801,0.7977496515524692,0.7585669827232535,0.713508460762925,0.8274055561030862,0.6976068841364312,0.8826391391212,0.8542918154275816,0.980086624035676,0.7721989059218661,0.7540386957765053,0.7916358022402921,0.8187487405659168,0.583275765165399,0.6224166639589761,0.9080857823028665,0.7449103088106314,0.8231075637846326,0.9279385803404143,0.8832649680076361,0.8589223002997541,0.8298097864236367,0.968013695765886,0.9744448027057842,0.6484807905196129,0.792148340151049,0.8187487405659171,0.8745818404295127,0.9386466808822663,0.8244397822834253,0.7194699530174791,0.8038488339388061,0.5316370155126194,0.8620973345363774,0.8244397822834254,0.6861675406068548,0.7402718446601937,0.5701642542932015,0.7321389524344029,0.7711173566643112,0.8975553241234993,0.5195121848330797,0.9339803710633383,0.9421000859952451,0.7630283937704254,0.4876431954480285,0.8445635951989852,0.8489166250019229,0.8349565501739704,0.7540772107829419,0.9779235246182829,0.9719390772537837,0.8697688980991496,0.7584487962614122,0.8406771976301872,0.8697688980991498,0.899515705983118,0.8626111350907362,0.85595284136355,0.5867709170740925,0.7843401768092657,0.9010556603551806,0.9697158624438909,0.9432846160259896,0.5785690352877353,0.4517023664522075,0.8187487405659168,0.8425003792101688,0.8345608929679691,0.8187487405659168,0.8187487405659168,0.7390184678703664,0.8244397822834253,0.8077701178076946,0.6968873901953965,0.8244397822834253,0.7957279794915257,0.8286890348814488,0.8315215278234708,0.8672605145480654,0.8822556897514984,0.8602443068685646,0.8187487405659168,0.6459054971533447,0.35735913547281517,0.7038166163702426,0.5705773936249845,0.8244397822834253,0.9092640503019207,0.9159971402848226,0.818891404907184,0.4372780635449013,0.7009619129040034,0.9598760745814003,0.8701104795054335,0.9774940023829349,0.8962717417833346,0.78220002306066,0.8825502143476116,0.8584380740481112,0.8679912068568985,0.8655821124621421,0.6482910269770079,0.8672016849619615,0.9251090083155455,0.9790241549269092,0.836297322381335,0.7676796102309045,0.5115363831201554,0.8244397822834253,0.8850080573956434,0.7902983939194566,0.862510706561856,0.6757302248981794,0.9685147687693445,0.9172372481692359,0.3599223300970862,0.8131962973777598,0.5097729497268277,0.534228581622898,0.8244397822834253,0.8244397822834253,0.8340986654088725,0.6761178230071129,0.8692069463447638,0.6314085587368945,0.46614042570803327,0.730188091971179,0.7370812073727264,0.4871167991065741,0.8589223002997532,0.416456286973643,0.8244397822834253,0.706660296737434,0.8425003792101682,0.8697688980991498,0.74105119707413,0.8555748757838357,0.5576683630020836,0.8244397822834253,0.8244397822834253,0.547432146329834,0.8244397822834255,0.4441052779755159,0.8116397691515889,0.6848595255820773,0.869909236733007,0.8565426237828611,0.7861999780989191,0.5403240270145255,0.7003381198179399,0.8244397822834254,0.8773549079157226,0.43254848936028234,0.8602443068685646,0.8903419420496905,0.8712376936844091,0.6654943644410214,0.7637392640715233,0.8892800229541535,0.7203075830465431,0.7210311836950822,0.8244397822834253,0.42548497682384234,0.9279385803404143,0.6948026183697352,0.895025951194957,0.6198020682254783,0.9762112509168335,0.702114206742665,0.8497208419425224,0.8843708570014718,0.8098562113488019,0.5656492647434941,0.8613516681282447,0.9190463040236205,0.9030802198179797,0.8975676990232175,0.4291370228593917,0.8425003792101684,0.8187487405659168,0.588172705676481,0.7466667374011999,0.8773549079157226,0.9280391828491568,0.9769635650859829,0.8584380740481103,0.9003297966785495,0.9464026665065834,0.749330559746987,0.9994622513045183,0.49024905943773944,0.9140632734277364,0.9554534689260411,0.8116397691515886,0.869761931579263,0.7845137273076543,0.828613842093636,0.7577630226857437,0.8626111350907364,0.7518331265622772,0.8302837275767869,0.7606190757287761,0.7346457934091095,0.6994567924471374,0.7457589269879947,0.8244397822834253,0.8336661338924642,0.9431184894598297,0.6521381071500958,0.8625107065618558,0.927225642963013,0.6715132359483462,0.900382876814078,0.8244397822834253,0.5420028284369642,0.6692157378686232,0.9115451065698146,0.4738215351455298,0.5673410190986533,0.4798599664023868,0.8745818404295127,0.5894130781413143,0.946170168397167,0.9023028986384539,0.5301228272692298,0.8716799918409446,0.6705627334983411,0.9464026665065834,0.9868188775627845,0.9697158624438909,0.9809175286282077,0.9569828701040741,0.5165841935449352,0.7664557578323845,0.6996642796901202,0.9406606464117979,0.8187487405659168,0.49827619635830644,0.8413632304079677,0.6737356265011023,0.6003219415342707,0.6288681169117397,0.8244397822834253,0.5445963884726697,0.6962635434715121,0.8537325616836089,0.8244397822834253,0.41813315588889255,0.9332313031669532,0.8555748757838357,0.7773459047767644,0.8187487405659168,0.7636267097421492,0.8560941187730409,0.9418071630261957,0.9854413708783503,0.9419615833846876,0.8716799918409444,0.6958922010239479,0.8244397822834253,0.9937318173454673,0.8244397822834253,0.8903419420496905,0.736880498593228,0.47927399236021717,0.8697688980991498,0.8752577746393226,0.856944370025313,0.6325058780676364,0.7524045539759372,0.8244397822834253,0.9292456601885768,0.6076427950809941,0.6868044750723725,0.7823800165761561,0.7260202369748272,0.9650108534737668,0.7407789686331632,0.9827599509920952,0.7303137731952765,0.4862518731536437,0.6288681169117396,0.7303137731952765,0.9550605693912804,0.8425003792101688,0.80442289109916,0.7303137731952765,0.8697688980991498,0.942356459423898,0.9300316380889897,0.8661203159704278,0.931678937032141,0.8940791233615053,0.9810353828167875,0.6073034515859785,0.8395212401804986,0.8924847904986041,0.5667786151948679,0.8446455664904102,0.983623415618191,0.836147330633831,0.8272244126227579,0.8739981632251435,0.863796489707966,0.7025776867798313,0.9886870917707162,0.843792514388527,0.8467764459898985,0.8302837275767865,0.8982237067147958,0.745356422522242,0.9459486880618118,0.8226168929207005,0.9421000859952449,0.6693113298290698,0.8425003792101682,0.8489166250019229,0.7539016652424051,0.6011179402537318,0.8226916586522441,0.6661465671038487,0.7407789686331632,0.8586305182473895,0.9023530103388624,0.6682840930097753,0.9406606464117979,0.48920176545166383,0.7272331589150378,0.7731477167173624,0.4669237492560441,0.6690704150477607,0.9155947545010741,0.9482052944834377,0.7628495065581304,0.6321503167696392,0.8613516681282447,0.8927777501113288,0.9201347919134595,0.7160499982392317,0.6811042813066277,0.7921483401510494,0.8346819826558678,0.931678937032141,0.9455968411805624,0.6929406056330745,0.8362973223813353,0.8302837275767867,0.5238887210797978,0.5873338718366443,0.9291868988815264,0.7863767546957767,0.47448030392890417,0.6030956872716158,0.9669565006028216,0.8406771976301872,0.4478409937049659,0.9115451065698144,0.6979549654907968,0.9469603324515528,0.5164121645284847,0.9347085319854722,0.8489166250019229,0.4219605196617169,0.9272256429630128,0.9000710587972116,0.8625107065618558,0.7019977099306951,0.855574875783836,0.7946359714065918,0.8489166250019229
p19_S,0.9653585620450296,0.9473756291574582,0.9029316112204657,0.816635131139825,0.9544316996038,0.9661972965770262,0.8965605453497039,0.8390631391006367,0.9137092609592146,0.9643133649175286,0.9460501530640812,0.9529545363721539,0.9529545363721539,0.9304741538905168,0.8533070413029102,0.9356856974167589,0.9830316367629125,0.9385367079941815,0.9625131050152524,0.9643133649175286,0.976949734585955,0.8717566193418784,0.9989330715481036,0.9692769377093196,0.9365826632500471,0.9385367079941815,0.9501049319099923,0.9250379219402804,0.9643133649175286,0.9527298769547387,0.9327167510955896,0.9591194968553456,0.9487265052554266,0.9271857963192043,0.9544316996038,0.7771757990417105,0.9559485503920393,0.9487265052554266,0.9661972965770262,0.9923551296406041,0.923123045430608,0.9965665866960463,0.9661972965770262,0.9218739081138494,0.8493047741087221,0.9971657170975405,0.957509435301382,0.9528206548013269,0.7325957302550351,0.9029316112204655,0.9591194968553456,0.9665194306481356,0.9385367079941815,0.9888197307367493,0.9487265052554266,0.9361684345174046,0.6846065982436877,0.9544316996038,0.8596511358036816,0.9113150120108421,0.9157186269856048,0.9246012618232706,0.9385367079941818,0.9097421633544904,0.9607848936032954,0.8425003792101686,0.0,0.9393203828196914,0.8868276350986413,0.8639461643560566,0.8708107817737573,0.9373453016197315,0.973053360823401,0.8445183988316081,0.9544316996038,0.9755588472540062,0.8717566193418783,0.8666344692877815,0.8735181677292325,0.9661972965770262,0.9460501530640812,0.9409669977890662,0.933854925314779,0.9944277784720001,0.9544316996038,0.9261077324693099,0.6882614075356615,0.9190179585155582,0.9452352847073289,0.9765837058865926,0.9544316996038,0.857889951910855,0.8921895964511959,0.9381630884742409,0.9864847804128756,0.9949132781456956,0.744552774150659,0.9380230108510115,0.8703151381074823,0.93293779373488,0.7929565888833756,0.8879369722234247,0.9544316996038,0.8514077395032397,0.8278073367121441,0.9625131050152522,0.9167305843279034,0.9120151207653253,0.9434679740971852,0.9111145228116424,0.7432109646215949,0.9397435965156078,0.8898606214266387,0.7664987043618082,0.9652137684610214,0.8678618255661661,0.8612104505251648,0.9625131050152522,0.9381728330554157,0.9071558877260779,0.9681346172628937,0.7948455158104213,0.9965573445764311,0.9846299338167082,0.9496811510501821,0.8430068540646951,0.9559485503920393,0.9451689995479285,0.9529545363721539,0.9239759423528264,0.8858525408230953,0.957509435301382,0.8006773101112707,0.9381728330554157,0.6487144801274358,0.927891976022363,0.9661659803622438,0.9608127721335263,0.9591194968553456,0.9515133476881703,0.8610108924581208,0.9643133649175286,0.8745818404295129,0.8618504979011915,0.8673433704742713,0.9197987094973854,0.9038960691476476,0.8583244595873938,0.9923551296406039,0.8456002034186691,0.5813683192248548,0.9157186269856046,0.9735950471314356,0.8933957590212616,0.9608127721335266,0.937345301619732,0.7690632223900916,0.9836243259051825,0.906100043689203,0.8718365977455127,0.8897655097007555,0.8106601759858283,0.9409669977890662,0.8853172535850604,0.9489746595216719,0.7886646030085598,0.9451689995479284,0.9097421633544907,0.9608853644890277,0.89455712136231,0.930474153890517,0.9765837058865925,0.9903434298372484,0.8438269625091803,0.8688726774726099,0.849368200161047,0.9625131050152524,0.9920543208470207,0.6768537295504502,0.8981423730059306,0.9208331242859094,0.9000520303703365,0.9013065795230635,0.9529545363721539,0.9774192396189841,0.8926485106781255,0.9071558877260779,0.9117176971980812,0.9473756291574582,0.9828201226319815,0.9515133476881705,0.9570498583959893,0.9044360458484604,0.9673113304370216,0.9966922538063423,0.9544316996038,0.8945024258106784,0.9515133476881705,0.9107280314569579,0.9177976999343656,0.9427946840319119,0.906121948145339,0.9544316996038,0.9034695872910269,0.93612991941297,0.9643133649175286,0.9544316996038,0.8830333887596133,0.9239759423528267,0.9368506101299683,0.9404815542410546,0.7812680616619965,0.6242749171803244,0.9544316996038,0.99213028855682,0.9544316996038,0.9791798191501646,0.9868913603132672,0.9177976999343656,0.9544316996038,0.7761505989221578,0.9544316996038,0.8965605453497034,0.9609007391155062,0.9795295863759995,0.8168334598231987,0.957509435301382,0.8569522690866245,0.9515133476881703,0.9422080421889416,0.9447481688519046,0.8215140153902362,0.969732852945806,0.9271857963192041,0.9608127721335266,0.9933095589619414,0.9019695505324468,0.9163268736367545,0.9077810309891681,0.9239759423528267,0.9239759423528264,0.9830316367629123,0.7948455158104215,0.9515133476881705,0.9544316996038,0.9127113681766139,0.9544316996038,0.8555239806055506,0.9711878805915029,0.9591194968553458,0.9350052413014638,0.8258426771468563,0.9692769377093196,0.9229213960709448,0.996557344576431,0.7751919398094411,0.9915113877198729,0.8754988991654498,0.9652137684610215,0.8256736899939876,0.9210886546555859,0.893511004325708,0.9529545363721539,0.9607848936032954,0.8305224216507391,0.9661972965770262,0.8504989784061951,0.9155677991130318,0.9397435965156078,0.9199989838706863,0.8190913827731542,0.9591194968553458,0.897696790190678,0.9432965332537007,0.919171452966161,0.9625131050152522,0.8465237589272381,0.9229213960709448,0.7121704507585241,0.9541290792408028,0.9625131050152522,0.9008409057897286,0.9916718506621414,0.9607848936032954,0.9502440628915496,0.7660569881458925,0.957509435301382,0.9752372748615915,0.8583786401591238,0.9515133476881703,0.9652137684610214,0.8106601759858281,0.8363962371582656,0.9625131050152524,0.88188375734721,0.9039927750935628,0.9741812383843047,0.9600163959638037,0.9507165296704019,0.8280234816778032,0.8426153862967786,0.9515133476881705,0.9591194968553458,0.8539453617971722,0.9502440628915496,0.8879369722234246,0.9923551296406039,0.9250379219402804,0.8801973674837038,0.9637319104506126,0.9345279402530979,0.9473668255002387,0.9054269517278616,0.9177976999343656,0.8961697150179306,0.7630956455679013,0.9137092609592148,0.9643133649175286,0.9264488104519895,0.9711878805915029,0.9463449611535275,0.957509435301382,0.9544316996038,0.9591194968553454,0.9554518077232719,0.8937900805723635,0.9625131050152522,0.9607848936032954,0.6947366749215782,0.9544316996038,0.9365826632500471,0.9625131050152524,0.9661972965770262,0.9651775593373262,0.8702278981827851,0.6543600255164561,0.9608127721335267,0.8830333887596136,0.8305224216507392,0.943467974097185,0.9487265052554268,0.8454839127329437,0.957509435301382,0.9752372748615917,0.9159552332667189,0.9473756291574582,0.9651775593373262,0.9661972965770262,0.8830976862482165,0.9271857963192041,0.9252805873349976,0.8493047741087221,0.9529545363721539,0.9207659584476898,0.8718365977455128,0.8583786401591238,0.8594783932788339,0.875978215386313,0.9544316996038,0.9710778825508661,0.9743490353345139,0.7755721564252087,0.9261077324693099,0.9643133649175286,0.89455712136231,0.9544316996038,0.9544316996038,0.9373453016197317,0.9998698480557455,0.8495661380172144,0.9544316996038,0.9643133649175286,0.7555085421050052,0.8672132741337564,0.9489746595216719,0.9049485083889182,0.9005384212506021,0.7610294535475634,0.9447481688519044,0.8582406198494191,0.8884205128203209,0.9544316996038,0.9935080750686025,0.7409483571666997,0.8929569861598758,0.8953813603528138,0.9659497926039275,0.8657944358738184,0.957509435301382,0.848318897532643,0.9544316996038,0.8064521668392981,0.9944277784720001,0.908213390673464,0.8613035616910042,0.9559485503920393,0.8597779310791211,0.9487265052554266,0.9544316996038,0.988628774529005,0.9504424083764613,0.9544316996038,0.9828201226319815,0.8159378637269961,0.7445441032080383,0.8801973674837038,0.8539453617971722,0.9544316996038,0.8953813603528138,0.8707710541962026,0.872802283097869,0.7943139531861243,0.816749893303073,0.9167305843279032,0.9177477332861093,0.6840776923493116,0.957509435301382,0.9917282321179908,0.8981423730059306,0.9422080421889416,0.901890499100299,0.8578029266081851,0.9920543208470207,0.9422080421889416,0.9591194968553456,0.9944277784719999,0.9544316996038,0.8639461643560566,0.9117176971980812,0.9779132495729155,0.991511387719873,0.9350052413014638,0.9515133476881703,0.8818837573472101,0.9559485503920393,0.9515133476881703,0.9460501530640812,0.9544316996038,0.8612104505251643,0.9218434146367832,0.9570498583959893,0.9507165296704019,0.8621843473480633,0.9643133649175286,0.925015090630957,0.9422080421889416,0.9155228711377881,0.9447481688519044,0.6722319823963774,0.9770036587127404,0.9250379219402804,0.9376160975337482,0.9397435965156078,0.9447481688519046,0.9981922472699298,0.9652137684610216,0.9759742607288062,0.7977719520194323,0.9265987852931257,0.9409669977890662,0.9097421633544907,0.9460501530640815,0.9327167510955896,0.8471261687663035,0.9203990933076511,0.8681310149791884,0.9830316367629124,0.8649308193595577,0.8206964428542188,0.9304741538905168,0.9987774230311344,0.9400741852851489,0.8773931336695999,0.9460501530640815,0.9636723648662062,0.9409669977890662,0.934388242931145,0.9041518476198138,0.9652137684610216,0.8720988960173204,0.9356465182356667,0.83268575320467,0.9933095589619414,0.9625131050152524,0.8843429403249958,0.9029316112204655,0.9607848936032954,0.9318133405341397,0.9830316367629124,0.9501049319099926,0.9591194968553458,0.9625131050152522,0.9634568834621733,0.8030296776830925,0.9681346172628937,0.9529545363721539,0.8356601904040853,0.9055499094902304,0.9949291060968914,0.9501049319099926,0.8256736899939876,0.9544316996038,0.9607848936032957,0.9544316996038,0.9544316996038,0.869243130108611,0.9422080421889416,0.7312949528135805,0.9544316996038,0.8605749232360951,0.8872310446341196,0.9711878805915029,0.9282651243421642,0.9558093530985573,0.9225563139336495,0.8708892712994587,0.9554518077232719,0.8563822015167815,0.9487265052554263,0.9755588472540062,0.9607848936032957,0.9774096618002822,0.9813906368456975,0.9735950471314356,0.7558041525777003,0.9859983918197514,0.9515133476881703,0.9129828406937908,0.9607848936032954,0.8477244589101529,0.957509435301382,0.8367162284768287,0.9447481688519046,0.8897874329430769,0.9989330715481036,0.9312904037292549,0.9315900378678905,0.9157186269856048,0.9422080421889416,0.9282725629505151,0.957509435301382,0.9447481688519048,0.9559485503920393,0.9229213960709448,0.9404815542410547,0.880069683179294,0.9591194968553458,0.853229382447836,0.9501049319099926,0.8953813603528136,0.8626986033394783,0.9765837058865925,0.8307423459823846,0.9608853644890277,0.9661972965770262,0.8596511358036816,0.8956033810680566,0.9127113681766139,0.9565556505345046,0.6882614075356617,0.9949291060968913,0.8943424304056795,0.9544316996038,0.9591194968553456,0.9795295863759994,0.9544316996038,0.8109856491133971,0.9447481688519044,0.9113150120108423,0.9338549253147788,0.8921895964511959,0.9400741852851489,0.8561690587937523,0.9643133649175288,0.8416996066004401,0.9290729285038274,0.8802089698693756,0.9515133476881703,0.985998391819751,0.9364195330316347,0.8871763046924683,0.8277913012426609,0.9167065047033103,0.8924501786702497,0.9564016739046386,0.947541329894146,0.9264488104519895,0.9133404113163561,0.9451689995479284,0.9327167510955896,0.9643133649175288,0.8166333005972799,0.9559485503920393,0.9473668255002388,0.9554518077232719,0.9038960691476479,0.9529545363721539,0.9953721207839972,0.9445378021171831,0.6512832219527402,0.9288357786952526,0.957509435301382,0.9261077324693099,0.9795295863759995,0.9397435965156076,0.9541290792408026,0.9327167510955896,0.9965573445764311,0.9502440628915495,0.991511387719873,0.9529545363721539,0.9591194968553456,0.9381728330554158,0.9544316996038,0.9759742607288062,0.9440639865096137,0.9528245839616691,0.9236497967373473,0.9544316996038,0.9714637322658979,0.9329293922544223,0.9157186269856046,0.7660569881458927,0.95678955450748,0.9029316112204655,0.9310944809913069,0.9740283587318566,0.9883880331853732,0.7339248961821832,0.8660153996906965,0.9019695505324468,0.9560086947472868,0.9981922472699298,0.7387815935635317,0.8879369722234247,0.6983285517377632,0.966197296577026,0.9350052413014638,0.9515133476881705,0.9661972965770262,0.9888197307367492,0.9361684345174044,0.9544316996038,0.8107326760754663,0.9728163709531412,0.9625131050152524,0.9544316996038,0.9447481688519046,0.8233538626834316,0.8539453617971722,0.9529545363721539,0.8807450411223986,0.9501049319099926,0.9529545363721539,0.9765837058865926,0.9271857963192042,0.9544316996038,0.9501049319099923,0.9167305843279034,0.9544316996038,0.9409669977890662,0.781077299052314,0.9625131050152522,0.957509435301382,0.9607848936032954,0.9559485503920393,0.9529545363721539,0.9015867317739811,0.8726649773302662,0.9422080421889416,0.8573544191143381,0.9544316996038,0.862418641734084,0.957509435301382,0.9987774230311344,0.9084914293220661,0.7703398248545043,0.9625131050152524,0.8197279139120374,0.9434679740971852,0.9711878805915029,0.943467974097185,0.9005384212506019,0.9711878805915029,0.9793236882044447,0.8077173352988182,0.888278639033526,0.9460501530640815,0.950716529670402,0.732595730255035,0.9652137684610216,0.960900739115506,0.8914187460211078,0.9544316996038,0.9730533608234009,0.970122832433242,0.9643133649175286,0.8831681912334155,0.9501049319099923,0.9460501530640812,0.906663301648857,0.9515133476881703,0.8749366752091826,0.9001889664606624,0.9544316996038,0.9544316996038,0.9368971868932461,0.7949546003349717,0.9554518077232719,0.9201807407414305,0.89455712136231,0.8801973674837039,0.9881562591687436,0.8830309554277649,0.7193184624017626,0.9587905219304178,0.9544316996038,0.9528206548013269,0.9591194968553456,0.9661972965770262,0.8921895964511959,0.9625131050152522,0.8485170805722069,0.9544316996038,0.9544316996038,0.8905175082550112,0.900538421250602,0.8977916772755128,0.9447481688519046,0.8532293824478363,0.9933095589619414,0.9350052413014638,0.9933095589619414,0.8514858339733076,0.8975471906241123,0.9544316996038,0.7927524282151158,0.8681687926290682,0.9559485503920393,0.9625131050152522,0.8308999671258039,0.9199331495579266,0.9197987094973854,0.7844444503394652,0.9559485503920393,0.9533749114354952,0.9544316996038,0.8445183988316078,0.7844444503394652,0.9515258611582158,0.8598400909914352,0.9793976133518234,0.9888197307367493,0.9147116017278334,0.8245117072926218,0.9560086947472867,0.8820903683689052,0.8764420057712257,0.9501049319099923,0.9448229719109481,0.9177914171276885,0.9385367079941815,0.832198064937085,0.9591194968553456,0.9529545363721539,0.888676559370384,0.9361684345174044,0.9239759423528267,0.8708107817737573,0.9381728330554158,0.9711878805915029,0.9661972965770262,0.9381728330554157,0.8308459945434383,0.9282725629505153,0.9068053912485843,0.9544316996038,0.9643133649175286,0.6882614075356617,0.9447481688519044,0.8582406198494192,0.9859983918197514,0.9529545363721539,0.9013065795230634,0.9048630781107276,0.9559485503920393,0.9277057585968915,0.9743490353345141,0.9375816512512278,0.9782177806745419,0.9544316996038,0.8180268790994086,0.9544316996038,0.9049485083889182,0.9643133649175286,0.9397435965156078,0.9434121517267977,0.8207569669980981,0.9544316996038,0.8561690587937523,0.8281985467386976,0.9987774230311344,0.8572755626114625,0.8767037709308809,0.8638461791854183,0.9591194968553456,0.8404690714821108,0.9612268306824161,0.9854614920636177,0.8950795038997206,0.9989330715481036,0.8421549333944528,0.9661972965770262,0.8812152990221936,0.9544316996038,0.9917282321179908,0.7325957302550343,0.8554077319402791,0.9981922472699298,0.8857094208703657,0.9544316996038,0.9529545363721539,0.891418746021108,0.8458206993046363,0.9477170828887946,0.8618496660711301,0.8403850910576149,0.9544316996038,0.8725938543413643,0.8419881270144887,0.96836956012162,0.9544316996038,0.889325715929772,0.9487265052554266,0.9625131050152522,0.9422080421889416,0.9529545363721539,0.9624414485080437,0.9385367079941818,0.9489746595216719,0.9361684345174044,0.7703398248545043,0.9400741852851489,0.8196726783312487,0.9544316996038,0.9582291749307172,0.9544316996038,0.950716529670402,0.8892257387664576,0.8962395095530544,0.9661972965770262,0.933854925314779,0.8853172535850609,0.9581430783864289,0.6649007021580292,0.9544316996038,0.9793982907739639,0.9671949520326926,0.9335689453150366,0.7038909698565816,0.9239759423528267,0.8807450411223986,0.9327167510955896,0.9315900378678905,0.9727541677821405,0.9440100680280115,0.9028718265513224,0.9727541677821405,0.8672132741337569,0.9591194968553458,0.9741812383843047,0.9727541677821405,0.9661972965770262,0.7261168691389086,0.9559485503920393,0.9488276796806041,0.9529545363721539,0.9315900378678905,0.9409669977890662,0.9029316112204657,0.934388242931145,0.9422080421889416,0.9229213960709448,0.9373453016197317,0.9765837058865926,0.994086760546023,0.9475675262084418,0.9304741538905168,0.9610481566737544,0.9481022094664502,0.9208331242859091,0.962306653551736,0.9373453016197315,0.9559485503920393,0.957509435301382,0.9610481566737544,0.9856074913039305,0.935005241301464,0.9883880331853732,0.9107280314569579,0.9591194968553456,0.9607848936032957,0.9672616040330471,0.933854925314779,0.9424617323970079,0.9261077324693099,0.9634568834621733,0.9962028749651789,0.943467974097185,0.9315900378678905,0.9544316996038,0.9501617243601086,0.9979796032808487,0.9681346172628937,0.9107280314569581,0.999796470703028,0.872802283097869,0.8776603460423872,0.9640784502264075,0.9385367079941815,0.9161682054358172,0.908255509390931,0.951525861158216,0.9703809216228028,0.9972691956954173,0.9460501530640812,0.973478212398101,0.9529545363721539,0.9714637322658979,0.999613492602016,0.8879369722234248,0.9559485503920393,0.9755588472540062,0.9350052413014636,0.8106601759858284,0.9667875986555683,0.947541329894146,0.9958256659144272,0.9799008321613358,0.9515133476881703,0.9469260728986406,0.9409669977890662,0.9163268736367546,0.957509435301382,0.8736104662007038,0.9409669977890662,0.9607848936032957,0.9440100680280117,0.9466104231235158,0.9559485503920393,0.9643133649175286,0.9741812383843047,0.9625131050152524,0.9647851255480144,0.9607848936032957
p20_D,0.5520190123346598,0.8336470580240634,0.6931533472456108,0.8451722392971195,0.9267569842313427,0.9750176878081551,0.7430793051347371,0.7352252207816599,0.9961557162188391,0.7627456110866242,0.8294570440795395,0.9074162269428674,0.9375788537951417,0.8451722392971195,0.9621469486827852,0.830631581984292,0.9573692204626645,0.8057060011361048,0.8814987207179206,0.9260856807199043,0.7143561493018507,0.851524277012685,0.8677031490372049,0.7871560431335571,0.8983146622607214,0.8296313410259666,0.8995193391026695,0.7875949548162352,0.9649817692440883,0.9581220739442373,0.809530831371436,0.9235809599333312,0.8938021067999709,0.8324789566221815,0.9490768789214075,0.9557864545102848,0.8927560435416242,0.8658597358546523,0.7384277708626144,0.8490360114921609,0.7862279856886558,0.7769663078405823,0.984045949144812,0.8509101703011724,0.8708970510157363,0.8112059017446307,0.8656814261022983,0.993903062956262,0.8725841171453628,0.6242778216945584,0.7522076383746096,0.6599512582249076,0.8057060011361046,0.702033495300044,0.9385436675281226,0.8677917741382584,0.9003008450443784,0.6473831763250288,0.9475679289079514,0.8467269607313441,0.9585409888670255,0.9793768906781202,0.6918618611767933,0.9650918298167017,0.9828903308322394,0.8112211951287192,0.9393203828196914,0.0,0.3471888997992527,0.8814987207179206,0.8194927724869059,0.8254879058389588,0.9490768789214072,0.6372864460003675,0.6473831763250288,0.6945837696126063,0.9038902485724092,0.8829132168159717,0.7880669027557464,0.8931449617140896,0.7696216603972197,0.9371232834629926,0.8486248271935103,0.8057060011361052,0.6473831763250288,0.807717678237386,0.9562562201321336,0.9083158055901507,0.9205333630122376,0.6359525852723971,0.6473831763250288,0.8296671134575768,0.7431333050315445,0.8849258868944804,0.7134489759373546,0.5794746547957517,0.805085882061485,0.6976927523013063,0.8691330488676737,0.8460015985914295,0.9373639883834675,0.8987613725012114,0.8869938104977824,0.8337091871426887,0.981222883588855,0.8814987207179201,0.7934976884069913,0.7847380308713873,0.8449511898239378,0.7662746463207459,0.7899115587204084,0.9472361808993536,0.9542368340201063,0.8587022064612055,0.8987613725012114,0.8416193859871023,0.9428986925360374,0.7099187434240763,0.8931449617140894,0.9743516047765681,0.8509101703011724,0.905707294614418,0.8469678326776531,0.8571313391464273,0.8774820208056915,0.9454293867259395,0.8607472522091426,0.7374429534630567,0.9074162269428675,0.9213578482103686,0.9875962636915828,0.865681426102298,0.8707710541962026,0.9431095860977792,0.9281416271896028,0.8324282514888366,0.7037670375217691,0.9393203828196914,0.9050457185079468,0.6541599652149934,0.7419350024368163,0.88718959219572,0.9897520077355594,0.7445940368276598,0.9809705013105567,0.9815723130021622,0.9775368038654865,0.8386879339439579,0.8212905093630112,0.7775626480709914,0.926085680719904,0.7602513741449692,0.9536790780141845,0.7436978206032057,0.9393203828196912,0.8490360114921607,0.8588878903969868,0.8163514152695155,0.7873711354703572,0.9459833234723563,0.8059951193112156,0.9318413189001247,0.9123763236844558,0.5402359933066598,0.7966520010646088,0.8651641418574885,0.9643196326600445,0.7862279856886556,0.881023470294179,0.7537510091340972,0.8668232696277716,0.8512827582389368,0.7982195598930497,0.9629782602445008,0.8479947636257619,0.8289953870117288,0.8814987207179203,0.7036197580861194,0.8155180978592678,0.959701677518136,0.9168770712444045,0.9354430296994742,0.9930637973713236,0.9677414806474164,0.9699722342167449,0.6729904740957695,0.8857642779700714,0.6617999714097962,0.702033495300044,0.8276068277134256,0.7715983355805618,0.8486243618345873,0.632612583566718,0.7285667483984485,0.9772881646662255,0.6473831763250288,0.8191648344660393,0.9348057385055197,0.6335305341210353,0.7154089723126074,0.8979239965635599,0.9979041074996909,0.6473831763250288,0.6884683113251018,0.8220017274447706,0.7238495225624404,0.6473831763250288,0.9572932348230596,0.8607276799439829,0.9928414160063272,0.8462420297901494,0.8233502854441623,0.9417706387957603,0.6473831763250288,0.6602393617021278,0.6473831763250286,0.951880605337129,0.6977056276495299,0.7293914022019534,0.6473831763250288,0.8897602791908198,0.6473831763250288,0.9638926774175078,0.7745897312459165,0.8038863353881456,0.6796067958731811,0.9649212652990378,0.7033623696448044,0.6248003726236013,0.8677031490372049,0.6248160073900714,0.8648051098710234,0.9209694816637497,0.8742487986998142,0.9393203828196914,0.7129532507528167,0.8180536059203535,0.9802116444260358,0.8319195869423217,0.7798874555888031,0.8809377360327779,0.8142577800279978,0.7903555531263544,0.9183962985375215,0.6473831763250288,0.8368289786191557,0.6473831763250288,0.8787965710856314,0.8405176238551884,0.9235809599333311,0.9773554955128889,0.7166794801354552,0.8511736257985208,0.8036005592714464,0.821294417886119,0.7992319421695904,0.8561851304477557,0.9760328845645756,0.8365990563074837,0.7755665130357727,0.6826490844114339,0.5734377243930251,0.6661152121246716,0.9814914270638063,0.7222109851106646,0.7384277708626144,0.9294391672889368,0.748387728317139,0.7769663078405835,0.8337083660759868,0.7863006871376612,0.9735950471314356,0.7393272300341605,0.6776127359545359,0.8571729841637128,0.8814987207179201,0.738625220992714,0.7963488876137776,0.9371232834629926,0.9750984734057815,0.8814987207179201,0.9855443241130155,0.7404488251035071,0.8760356045203768,0.7648518520333936,0.9317763606197276,0.8656814261022983,0.8115940355833646,0.6712299241213151,0.8467269607313443,0.8987613725012111,0.9649212652990378,0.5493129466157641,0.8814987207179203,0.807507685364049,0.8849258868944803,0.6914826318508713,0.9293004959070604,0.9327819448011689,0.8869938104977824,0.8961322227985651,0.8467269607313443,0.9735950471314356,0.6879593209072998,0.826710354110852,0.8656814261022983,0.8490360114921607,0.9305765032447022,0.8020847150947472,0.7948565367881206,0.8035161203770673,0.8942331038661272,0.9053490472428463,0.7952059815602673,0.8724388481918455,0.926085680719904,0.9777142969208078,0.9572260537075437,0.8742487986998142,0.7552812543689118,0.7817152605166113,0.8365990563074834,0.6473831763250288,0.8707710541962024,0.961915706730555,0.9014073606955537,0.8814987207179201,0.9458731849598521,0.9116080119434857,0.6473831763250288,0.821294417886119,0.9699258116973511,0.9340813247611222,0.7853233151653145,0.8828485537516128,0.9618702432415296,0.9235809599333311,0.6787525594818322,0.6116132837985369,0.8983146622607214,0.949686848690606,0.676283773274561,0.7042792707118313,0.8115940355833651,0.669214934394827,0.9155857839080443,0.8844454914052775,0.8931449617140894,0.6919750691884392,0.874248798699814,0.7240018792572028,0.8708970510157363,0.6359525852723971,0.9666636616332296,0.7738767329137741,0.7655655607542453,0.7749145194754354,0.5950488679729706,0.6473831763250288,0.9332498744617477,0.8825218650619725,0.8577765820174563,0.8903204666908906,0.9183299651833595,0.682402605793224,0.6473831763250288,0.6473831763250288,0.8683867206694147,0.6457687495562405,0.793027694862064,0.6473831763250286,0.9260856807199043,0.9490768789214075,0.8668232696277713,0.7261168293091838,0.8486974357437198,0.9180353447095948,0.8495369353332778,0.8777072627925471,0.6076808478642537,0.6585205067326954,0.6473831763250288,0.695284645000958,0.9060160128370505,0.7012518410271705,0.5602860143618236,0.8276068277134254,0.8299253661226134,0.8987613725012111,0.7084606912592073,0.6473831763250288,0.5725101996275046,0.9731833803651397,0.9115277303226594,0.8088299913840775,0.9471999997959666,0.6321373833154111,0.8658597358546525,0.6473831763250288,0.8917997051140263,0.8948639135911878,0.6473831763250288,0.9811175810523927,0.9933734209455113,0.8354779565085098,0.5983845928819393,0.6745299274890599,0.6473831763250288,0.8932502558658417,0.8949911347517732,0.9472720887282853,0.9854567139561248,0.8699847558323497,0.6581715539218356,0.8544354240446732,0.7579382155973937,0.8656814261022983,0.968775673712853,0.957448976261386,0.8677031490372049,0.8213335390178151,0.8764188777572877,0.664062011602093,0.6535771181060541,0.8707710541962024,0.9014073606955537,0.6473831763250288,0.9557864545102848,0.866168006850454,0.8395157656118755,0.9299901786065154,0.8402457823683691,0.6541599652149938,0.9415033870349214,0.956773626206588,0.6541599652149938,0.9363693895524041,0.8559522762859699,0.9975245097920247,0.6730140392983939,0.837871510098877,0.9327819448011689,0.8348143692681969,0.9961221422317278,0.8932238556960006,0.9684862506912562,0.9873107978342642,0.9038902485724092,0.926085680719904,0.8747008628672268,0.8692986967753593,0.8631769125654993,0.7283177726809347,0.9038902485724094,0.7606603920802668,0.9980012116979506,0.9995583249327138,0.9472054454038972,0.9360103581516315,0.8876293639059187,0.9293190609910926,0.9898255622888363,0.8539758753023876,0.9408646612910494,0.8726317436967443,0.7861667843198492,0.9573692204626644,0.9340263038232783,0.8766699604196817,0.8517133360737515,0.7411662394160283,0.7039686689330801,0.6052562145858251,0.9032620922382996,0.6954670946475283,0.7906601589731019,0.8000975116775986,0.9893790962134836,0.9980012116979509,0.9751250581705837,0.906436575549191,0.8696697695775146,0.927589863706471,0.9929303214064669,0.9804578839007203,0.9655622372244739,0.9472720887282853,0.9060160128370505,0.8995193391026695,0.9281416271896028,0.9921302885568201,0.7842064772164411,0.8539758753023872,0.6291121026800386,0.8124411652865868,0.8814453850912114,0.8814453850912112,0.8017787587346064,0.7905272540493604,0.6711463395933317,0.7136215606195468,0.6473831763250288,0.8760356045203772,0.6473831763250288,0.6473831763250288,0.7505711904438881,0.5527940164520047,0.874248798699814,0.6473831763250288,0.7167568472054984,0.8283292959767187,0.8159114226352973,0.9896323371547098,0.695284645000958,0.6513613023041516,0.9854028644831292,0.5075021001005021,0.8899094270720973,0.7988318128015329,0.7751804145763344,0.8034002165440361,0.8490190724641382,0.6440992163132968,0.8949911347517733,0.8539758753023874,0.9385436675281225,0.7715983355805621,0.9756770752650943,0.9472720887282853,0.8104775274906808,0.8987613725012114,0.8799665519514084,0.7557309362893819,0.9797910163611729,0.8928989244507177,0.8543708125124178,0.8056767200935728,0.9585409888670253,0.9055348722411801,0.9520602392706956,0.9689188419031359,0.7295479505095195,0.8927560435416244,0.9363665812039486,0.9787015420096823,0.7011279531388408,0.8207569669980983,0.7710971571312004,0.6139017634194663,0.9735640475325511,0.7713693557810313,0.9417706387957601,0.7944648068688138,0.8134355446661008,0.8931449617140894,0.5705776768667514,0.9635658067224202,0.5257980377959823,0.5904135981007546,0.9038902485724094,0.6959874682439857,0.86362718341168,0.6473831763250288,0.8707710541962024,0.8651641418574889,0.9577985184431552,0.74064157225237,0.8866458651886931,0.977115483720305,0.9260820873795643,0.6043884028863775,0.9684862506912559,0.6661817496088196,0.9260856807199045,0.5616353209025144,0.9032620922382995,0.6803085932715932,0.6835195578063855,0.9944284094187583,0.7375922348735932,0.9011477921215736,0.9371232834629926,0.8042568288283292,0.8848298628750693,0.7737957975989296,0.5467057695247324,0.8533638776609975,0.7573850472458517,0.7108178308646798,0.6126835975261928,0.9649817692440881,0.9989916785731422,0.9471999997959668,0.7821320969911185,0.9985075821215166,0.805820454661699,0.6359525852723971,0.6090438059182535,0.6338816873837341,0.9340813247611222,0.5759272584079551,0.8987613725012114,0.8490190724641382,0.8855900773472694,0.8338454108822273,0.9932535511650025,0.8984209192333388,0.9733182637816081,0.9332593438123526,0.8294570440795388,0.9719332656480348,0.9393203828196914,0.9750176878081551,0.6473831763250288,0.8960170698732031,0.7091007864345404,0.8194716388302057,0.8155180978592678,0.6473831763250286,0.9787705643733935,0.6531863670507607,0.7227570225465687,0.8084112754124468,0.7456644136087185,0.7784744511280897,0.9335476753818089,0.9404638926089494,0.9088006389406291,0.8835522856702238,0.7728955391294244,0.7579513473296948,0.8760356045203772,0.7972522674712283,0.9234915831261147,0.8987613725012116,0.8809377360327786,0.9340813247611224,0.8626831724851713,0.8760865533227362,0.8931449617140894,0.8609599666520567,0.8446010360565219,0.9180353447095948,0.9629782602445008,0.6883888471605049,0.858494211008805,0.9490768789214075,0.808096907849107,0.657731153204141,0.7819650748349797,0.6359525852723971,0.8707710541962026,0.6425240515063981,0.6359525852723971,0.6359525852723971,0.7080527805238528,0.6473831763250288,0.8428800681149311,0.714895425405061,0.6473831763250288,0.8133884845703083,0.8519732096603501,0.9557864545102848,0.8656814261022983,0.9472720887282853,0.9887824175390698,0.6359525852723971,0.6893373944856112,0.7085896243570781,0.9307306476546929,0.7018189669933073,0.6473831763250288,0.7934976884069913,0.968918841903136,0.8381354443488453,0.8502169880449033,0.7781379186745823,0.8814987207179203,0.9792087911284484,0.7936043602408699,0.9011477921215738,0.9733182637816081,0.8869938104977821,0.694651086102525,0.8622614856628787,0.9428659631642904,0.8660909474189311,0.8829132168159719,0.9699258116973511,0.8961322227985651,0.8987613725012114,0.831313602729141,0.9236881364346186,0.6473831763250288,0.9180353447095948,0.7146608296824342,0.7627456110866244,0.7083252382347214,0.8422747629288032,0.9096413031841879,0.7974880556974238,0.6541599652149938,0.6845129851158613,0.7177493717434518,0.6473831763250288,0.6473831763250288,0.7635955039599672,0.9651251484638129,0.8155482051667089,0.7186809901686514,0.8679084544794946,0.6798646417670626,0.5883106787142718,0.6828023783544747,0.8824939460418755,0.6769441310825135,0.6473831763250288,0.916003804834931,0.8707710541962024,0.7384277708626144,0.6598863637444443,0.8814987207179201,0.9100044396055362,0.6473831763250288,0.6473831763250288,0.7089866310399697,0.8869938104977824,0.6989657298762918,0.8253412912328228,0.6827908156515123,0.7146824480374376,0.8855347913425915,0.8577735233398742,0.7159379385484655,0.7065857542474205,0.6473831763250286,0.8607276799439836,0.700394526106404,0.8927560435416242,0.9327819448011689,0.8248900223086211,0.9502798685062523,0.7678933054890161,0.8696697695775146,0.883182417131003,0.7337776771317657,0.6473831763250288,0.7750626525345405,0.9857753506288528,0.9812490169448846,0.7791289227807978,0.693975489593484,0.9975245097920247,0.730447701064081,0.7313252372724337,0.9458731849598522,0.8414608765348801,0.881830265551453,0.985386203363469,0.926085680719904,0.9599684877270119,0.7636378808463782,0.7717775845579746,0.7864823026863536,0.6661152121246716,0.9002163215676355,0.7379656784722237,0.9617779603879588,0.9666636616332297,0.9431095860977792,0.9011477921215738,0.9021732230507464,0.902173223050746,0.8338441428621899,0.6562508501633744,0.8455037354195383,0.9577985184431551,0.926085680719904,0.9300732343522715,0.860462879408831,0.7049837247105957,0.8658597358546536,0.756603092681495,0.9605547264652037,0.9032511968867784,0.8511736257985207,0.8494097560599525,0.7379669852683406,0.8977617505866266,0.9336350672673825,0.6473831763250288,0.8126028926810811,0.8957154500195302,0.7018710400994993,0.7627456110866242,0.9472361808993536,0.8133884845703088,0.8115691489361703,0.6473831763250288,0.5989222896140052,0.5705776768667514,0.9143949578657863,0.6889057566237486,0.7199521699208713,0.6904917672932935,0.9050457185079468,0.7375922348735937,0.7822903704704466,0.7860006780331517,0.8420119094543004,0.8677031490372049,0.8960082806774132,0.8931449617140894,0.9180946998642305,0.9490768789214075,0.942433501535896,0.9903246454113732,0.9083041820897252,0.653869601664348,0.5845503969983583,0.9490768789214072,0.6359525852723971,0.8245212335288477,0.7108178308646802,0.9968783289006001,0.7412002549593035,0.725764682665764,0.6473831763250288,0.6258061720946859,0.687475585093664,0.8018701786358153,0.6473831763250288,0.6783770375260307,0.9944284094187584,0.8814987207179201,0.7291644443465927,0.6661152121246716,0.7646256030964413,0.9071899201855504,0.9388411048525465,0.9837454645469401,0.9688816820998116,0.8173115982101795,0.6050311497461363,0.6473831763250288,0.9540896479148512,0.6473831763250288,0.747062610320259,0.7502390560686518,0.9674177437520439,0.7384277708626144,0.735978284480046,0.6808591884354205,0.8791255371306321,0.8884742999584234,0.6473831763250288,0.6694977812772085,0.8923241076194144,0.6921269012856661,0.987311007095242,0.896751646990477,0.8707710541962026,0.8571313391464268,0.6680006970299666,0.8692986967753582,0.9603651689451078,0.592020922480657,0.8692986967753582,0.8018701786358156,0.8707710541962026,0.7079614520634521,0.8692986967753582,0.7384277708626144,0.9071899201855507,0.8831824171310031,0.8233131935515159,0.8512827582389368,0.6680006970299666,0.887629363905919,0.966180879669543,0.7596773995000086,0.8551433214141546,0.9363665812039492,0.727098086750203,0.9719332656480346,0.7819139220692444,0.8977513967274086,0.8235212089664672,0.775392618054348,0.8737310322206915,0.6227178828826585,0.7590635423320597,0.8490360114921609,0.851173625798521,0.8656814261022983,0.8480129290912326,0.9239271418586268,0.9312380290574311,0.7945425446535295,0.8439292990678864,0.8707710541962022,0.8760356045203772,0.7799699224827157,0.8359648532087933,0.8945981560026,0.8825218650619722,0.7873083094059599,0.6613815880868741,0.9496614918437896,0.8276068277134256,0.8869938104977821,0.9570773907453352,0.8130913333733141,0.7728354400616173,0.9700596841602156,0.8930541043994549,0.8760356045203768,0.936903561816264,0.7215959200990139,0.8057060011361046,0.9567639152765359,0.8359648532087935,0.947205445403897,0.775332581946587,0.8126007641999566,0.8294570440795395,0.8723624524648146,0.9116080119434857,0.7929760604672232,0.9429602288604487,0.9649212652990378,0.924764834874106,0.957448976261386,0.8630974012257888,0.9318413189001247,0.8089521891606019,0.7719465475781461,0.9719912108914674,0.9348057385055197,0.8467269607313443,0.7389998361674527,0.8381354443488451,0.760660392080267,0.9649212652990375,0.8959097120538727,0.8628824041273822,0.9116538466243314,0.9260218991043503,0.9068182136216996,0.956773626206588,0.7238495225624401,0.8892284744018379,0.7470626103202576,0.8460015985914298,0.8760356045203772
p20_E,0.5558206475751275,0.9820977941296496,0.5454511698213715,0.9581391175068811,0.9765891832217265,0.9477961055696322,0.7082276537643559,0.7075348393201581,0.8499948452275421,0.8197259030030244,0.8358062663095354,0.9813880287156103,0.9638514157720963,0.8991776191867861,0.981940340192999,0.9808383604485702,0.9662469130235709,0.8978384618499059,0.8521929255346843,0.9684253652597014,0.6475256104577407,0.803754595391422,0.9031239469228096,0.8355826110872568,0.8660832674339087,0.724091671213138,0.862318803356612,0.9365323292446095,0.9962665127840866,0.6706836029628391,0.714536277453309,0.9887203623021903,0.8024455298513344,0.7422002185316752,0.8920548520914523,0.9533455271501621,0.8157436736103338,0.8785400173833847,0.8292427453148619,0.9531150679749046,0.6765952976004881,0.8501729535033844,0.9778835113918656,0.9468861817003962,0.9558070047262102,0.6888277023168009,0.8242743687062485,0.8784875143873708,0.9103632429051898,0.850433639323495,0.8246016337990572,0.6083555783893378,0.724091671213138,0.8333372047634744,0.9439061783751657,0.7540598478708427,0.8670129666144124,0.7698078233874499,0.8290033648000419,0.8185133723218976,0.796094351712465,0.8645029927594249,0.8198230033653444,0.8551963170812434,0.9394373506523194,0.8980472887614869,0.8868276350986413,0.3471888997992527,0.0,0.8106317357470563,0.8326835452815002,0.7179800300914723,0.9202329624682105,0.902440142981255,0.7698078233874499,0.6571837062515017,0.8512900721023178,0.9943558404043904,0.9958635324424265,0.9106359140503812,0.8487805033020415,0.9163192385555898,0.9317267094206516,0.7023733223835418,0.7698078233874499,0.885882969621567,0.9110325443432024,0.8840137243061186,0.958670956458586,0.7623458066664364,0.7698078233874499,0.9481946303914608,0.8584149497494582,0.9930200133358764,0.788569049445675,0.7289564930519415,0.9950530525109353,0.5567679107778589,0.9521150382300172,0.945862524846292,0.9645749509345899,0.99555469492339,0.8356986313379361,0.8928601878779756,0.7498653476029531,0.8184753916628578,0.7684184146338305,0.8837337544881212,0.9008650055451857,0.9525698915594945,0.9329731642591192,0.8280924760366077,0.9080094245588979,0.9560841674086034,0.8242743687062484,0.9779994850545358,0.9573043625686206,0.810631735747056,0.8363155310118786,0.8524904249582259,0.7851008394565113,0.9742854412623503,0.8660832674339085,0.8618389711756305,0.8849780498541329,0.8107197796804871,0.7866875306684662,0.6417985415816239,0.991231693528243,0.781069984031701,0.884888113666314,0.8242743687062479,0.9801666370480175,0.9849562970888832,0.9558070047262102,0.8849849864828497,0.6840255375992439,0.8953813603528139,0.8331553590532286,0.7550655184575044,0.7741145146076216,0.8271928774348509,0.8357156533349117,0.8363189746384772,0.9743173075427525,0.929039920758333,0.9665642792390188,0.9787481505552869,0.8331258066765206,0.83798189195817,0.960958390827874,0.8124952346685232,0.9731616738268061,0.6009779337416796,0.9179406357484332,0.7393559426263299,0.8875051908263982,0.7901751055423152,0.8329383514417306,0.9892441740253768,0.6393555503598721,0.9443883262864892,0.9039673337843948,0.591338674630717,0.6494866078256933,0.85950845696865,0.9521116671072133,0.8064869481319461,0.8433112534758137,0.8041340106657586,0.9581391175068812,0.7721894714790686,0.6909053169517193,0.837289313575031,0.8548573292326102,0.8309869523987747,0.8859104594065099,0.7498653476029529,0.9979139384708736,0.8828044510104216,0.8849078701131325,0.8811415221162844,0.9722705181462858,0.844486639934876,0.8724852266453977,0.9607646844797992,0.9463086202290989,0.7188380184762608,0.7341634785193571,0.8335857100202682,0.8350194764363661,0.9491216501344939,0.6127715890611926,0.8348703828791924,0.7614417024573481,0.7698078233874499,0.8936948969709921,0.8451646916481856,0.6798869939818561,0.6790799046777214,0.8397636986995127,0.8171063621787289,0.7698078233874499,0.6234721660337164,0.8833367125329163,0.8197259030030246,0.7698078233874499,0.8768995534392127,0.7786312699297775,0.9128872169782782,0.8997387931822323,0.8401551959861209,0.9813880287156103,0.7698078233874499,0.49369316606102065,0.7698078233874499,0.9685291674038722,0.6957997278676304,0.742543013502954,0.7698078233874499,0.9260613954994381,0.7698078233874499,0.8783556465428257,0.7340908262969744,0.9336754438001921,0.5896713053773944,0.914359836891429,0.7488404352917186,0.7550655184575039,0.8116375744019821,0.744658375855066,0.9996915194428326,0.9683800173953274,0.8369921843903908,0.9801666370480175,0.6090006244764882,0.7511163199895248,0.8928744051923795,0.8895940846669504,0.7235939266749618,0.8153228320996541,0.903842949892731,0.9658796276855436,0.8883221150889407,0.7698078233874499,0.8912185997457036,0.7698078233874499,0.6511555278128864,0.9828735759660243,0.9490536363982256,0.7753917691296881,0.7609291099926696,0.8936948969709921,0.8829917647377146,0.7262522312213645,0.9710851654264195,0.9943558404043904,0.9656479934842519,0.9054692267382083,0.934722953819237,0.5270493257846605,0.6429620013310824,0.7623458066664364,0.9958973689151571,0.7211443264748854,0.8292427453148619,0.9966770900245768,0.8010455395174876,0.8501729535033846,0.7181438411271719,0.9690240899197347,0.9179406357484332,0.6790154321825184,0.6527803691361926,0.8643219742778441,0.8184753916628578,0.8898226257968753,0.6993881250645453,0.9488956906993988,0.9166023872760292,0.8184753916628578,0.8559737688007152,0.9333049015866473,0.8988994482663717,0.6065438046079452,0.8060148892127386,0.7942458793111873,0.8938673639056199,0.8473229943161134,0.7652107336693228,0.8242743687062484,0.9655262055283296,0.6600826797791923,0.919627993278336,0.9641708770578066,0.8867958484703684,0.5320763775577754,0.8497051940875429,0.9117843373625338,0.9484110728449683,0.8758776317462356,0.9251186496270477,0.9576073616523981,0.8351506766084256,0.9098542619543635,0.9744168156815496,0.9317391554400475,0.7511148621657548,0.7153170856090656,0.9041452500168559,0.8626795670648639,0.7805034697591122,0.7890657707356891,0.9274488206058371,0.9978248587613865,0.9962665127840864,0.9839171816528518,0.9684253652597011,0.874908970733877,0.8727988894563936,0.7813709391904268,0.9054692267382085,0.7698078233874499,0.8020423584034357,0.8912185997457034,0.9935697940021135,0.8184753916628578,0.9635647286988953,0.8718669176910225,0.7698078233874499,0.994085696353548,0.810631735747056,0.8664029368341128,0.8232390818889996,0.8921134052483821,0.9837117739280953,0.8557146344488489,0.8010455395174871,0.6458476075597425,0.9359987855401801,0.8785400173833843,0.6941674793171648,0.8153837585530266,0.7990753980469042,0.6245767186999682,0.8195547533821177,0.9995738133378879,0.9106359140503812,0.7360669120662109,0.9734238838921789,0.7797012513711858,0.8883008307733519,0.7623458066664361,0.895551838116492,0.8994917774472178,0.9084898895973608,0.8779170357097938,0.5591235448808531,0.7698078233874499,0.9872415232915962,0.8516761773890242,0.9445455310173907,0.9828966038837288,0.9962665127840864,0.7782272604281428,0.7698078233874499,0.7698078233874499,0.811749894141663,0.7482381454965314,0.8720383765316989,0.7698078233874499,0.8978091213472763,0.9952327064015152,0.9632455513996586,0.5694507822119407,0.8712201301194853,0.8356986313379359,0.9076211241746054,0.8634970676323068,0.5741082159777715,0.7057430612229392,0.7698078233874499,0.5716797296752414,0.9550740759524949,0.7493700429314001,0.7374899554386736,0.9928430428234232,0.9668480570643554,0.8242743687062482,0.8533086651728794,0.7698078233874499,0.6665149161423344,0.9847118571682902,0.7510232411945346,0.8650912100783597,0.8355826110872577,0.518359697373997,0.893176520020466,0.7698078233874499,0.7994787976928384,0.8595547863973894,0.7698078233874499,0.9132143764218461,0.9706936992083011,0.7511940697551334,0.5797165503791606,0.847341276707311,0.7698078233874499,0.9119000657462195,0.9997988131471274,0.9958973689151571,0.8544627260658806,0.949536191915265,0.7853229369870256,0.7921693449287015,0.8984666295383616,0.7942458793111882,0.9582144552981329,0.9429699829461342,0.9139033080355352,0.966382522312266,0.8676439481401728,0.48014795187485815,0.7995453423845016,0.8020423584034363,0.8326834153611178,0.7698078233874499,0.9455018712343599,0.7373099673243748,0.8902102728647561,0.9943558404043902,0.9964278266853771,0.7550655184575044,0.8290491487927362,0.92275103991286,0.7550655184575044,0.9813816034118849,0.8356986313379361,0.9820977941296496,0.5906794065432667,0.9156410660281666,0.9455018712343599,0.9661027853262858,0.9256502688716615,0.8581306363245047,0.9825180874261561,0.9882237058360293,0.9463610255241098,0.960958390827874,0.957930933739666,0.917990582536724,0.9588645710154422,0.7397705661695033,0.8275223337468697,0.6603591797410835,0.9143598368914292,0.874908970733877,0.8038381002736776,0.8103709436999832,0.9387834170130916,0.887669229714108,0.8730430594857661,0.7548814918696001,0.8249585669360655,0.8396450325676494,0.9076622200736411,0.9662469130235708,0.8327600878603268,0.9871627928082806,0.9042840530795637,0.7691822630393839,0.7309305629938816,0.5660229807448187,0.8245179471183166,0.7506779487522053,0.7242539061243805,0.9070517375243452,0.7925496804405615,0.9744168156815497,0.9627052371956979,0.836480196873993,0.8296456439809794,0.8363110129065416,0.9117843373625341,0.9454827204201517,0.917214364193761,0.9394373506523193,0.8994488358288384,0.8363367759398724,0.8623188033566122,0.9490536363982254,0.810631735747056,0.9828746144245046,0.6792436194623079,0.675614686397205,0.8269500269913627,0.8817105825036559,0.8589464562867486,0.8196505253238826,0.7479507853922907,0.808203552015403,0.7698078233874499,0.8424394300035336,0.7698078233874499,0.7698078233874499,0.9334871765894706,0.7080589698636746,0.9507425434208489,0.7698078233874499,0.8350210059879418,0.9911435534101456,0.7443784218618241,0.979582267406738,0.5716797296752414,0.7798939878153858,0.9323813580813303,0.575662222347519,0.9958231385835382,0.7409875449563668,0.8163678893110178,0.8665668080501099,0.7734083183403931,0.6346371549597714,0.9469269082122297,0.9566075639510582,0.9185413491978158,0.8350194764363665,0.907186693191381,0.9394373506523194,0.8984666295383615,0.8242743687062486,0.9088779896422572,0.7446583758550658,0.9826558183040426,0.811637574401982,0.9685286048509213,0.7085494581706631,0.8641657279940321,0.9139033080355354,0.8102842931566732,0.9744168156815498,0.8397293292768595,0.8738559594940681,0.9899064625934082,0.939940146640564,0.7525983103601434,0.7934886331492652,0.8330594398557617,0.747950785392292,0.8998100664767332,0.8420213124286484,0.9813880287156103,0.7856334186226603,0.7206046877829769,0.9106359140503811,0.5965646218538685,0.9819528718172355,0.6088786831262745,0.5975285642041355,0.8872648059877548,0.8368143194923114,0.8932434491809833,0.7698078233874499,0.8020423584034363,0.8780502036765351,0.8261640441409663,0.7490667714516319,0.8159615909214104,0.9416247537415154,0.8024090649115345,0.6317114481658169,0.8224169355147077,0.8595547863973896,0.8625009993910636,0.7463599998176784,0.8487805033020415,0.7531830009535434,0.7550655184575044,0.9292696757380846,0.7533873554692039,0.9094904516262705,0.971359869156901,0.8331628534829456,0.9310804871121618,0.6680634453311034,0.6668460431526242,0.9128257570773628,0.9400708266206386,0.7084577923205155,0.7408033279267563,0.9962665127840864,0.9474753509493667,0.8355826110872582,0.7724382843124973,0.959307326749892,0.9977395569062997,0.7623458066664361,0.7215176760900197,0.6043558252712673,0.9035631283533636,0.7275432409506934,0.9143598368914291,0.8671371944080379,0.8595084569686499,0.7965394070281936,0.8342005669427923,0.835571920702184,0.994085696353548,0.9934253513580977,0.7387560415746348,0.9540077509594633,0.8642683597030207,0.9477961055696322,0.7698078233874499,0.7080063794877769,0.6487841065016675,0.8840231314848617,0.9020130542846475,0.7698078233874499,0.9890454144557894,0.7235187095670765,0.8975844550204821,0.8256687219861041,0.59889046443009,0.8552538317983635,0.9672054845721593,0.8165129801373503,0.7889910956081633,0.8805666109500903,0.9662950675379729,0.7562325982181095,0.8101067897872718,0.79322502285611,0.8459614563080375,0.9354977161332689,0.9987806429490375,0.8664029368341126,0.8583664615605735,0.8185133723218982,0.9778835113918658,0.7699678902600599,0.8803689097090909,0.9484110728449684,0.9015887849296926,0.5273120547476623,0.9117843373625338,0.9765891832217266,0.9110325443432026,0.6880616610227444,0.8473412767073112,0.7623458066664361,0.9887203623021902,0.7479507853922907,0.7623458066664361,0.7623458066664364,0.7080063794877773,0.7698078233874499,0.7479507853922924,0.6308487894711692,0.7698078233874499,0.8938550600980879,0.8280930515195819,0.919627993278336,0.7942458793111882,0.9635647286988953,0.8646387540291252,0.7623458066664361,0.6850742196268395,0.8928601878779756,0.9946103194436371,0.8439440141610781,0.7698078233874499,0.9743839446549736,0.9955546949233898,0.7815341678105783,0.804683636223239,0.7748544829028777,0.987063061021988,0.9227510399128598,0.8542546601410044,0.9645277948810858,0.959303958242271,0.8638767417146936,0.7994157651166391,0.87150706193893,0.9021841855919217,0.997646046352902,0.8600688224932606,0.9117843373625341,0.9531150679749046,0.8543028581013088,0.9912884670081692,0.9826721666319158,0.7698078233874499,0.9202329624682105,0.6208807989039669,0.8197259030030246,0.677471318971218,0.7843727211063931,0.9215681718532158,0.8900251507881576,0.7550655184575044,0.7197675748596317,0.7740897061531054,0.7698078233874499,0.7698078233874499,0.6832604076866211,0.8770976317362937,0.990867982081973,0.8043379032769216,0.9886119874333136,0.7153170856090655,0.5989826293769465,0.8716599289785263,0.9605753408372664,0.8410185304867315,0.7698078233874499,0.7289564930519414,0.8020423584034363,0.8292427453148619,0.6569007261195547,0.8184753916628578,0.9400708266206386,0.7698078233874499,0.7698078233874499,0.7974729720594256,0.9952327064015154,0.8585991373728796,0.7562191186805269,0.7528989097671598,0.5629401033854622,0.7753917691296885,0.9337297508051356,0.9084597506325789,0.8105782795634076,0.7698078233874499,0.8887059564394066,0.8654719779423199,0.9029121024359358,0.9455018712343599,0.8464506552788735,0.9996300516233629,0.7535575626336679,0.9046287448350963,0.9808633257965951,0.6972387366002392,0.7698078233874499,0.9274535532625909,0.9266592782431409,0.8876692297141079,0.8990052068031981,0.81354488705858,0.9325109310075916,0.8391864395981581,0.7754268127972193,0.9635647286988951,0.6512481216929178,0.9314281582335402,0.8258968676425118,0.8625009993910638,0.9239378858529286,0.8849780498541324,0.9271040796482746,0.8868276350986413,0.7623458066664361,0.761322234818257,0.8249099460016629,0.8520143942695299,0.8179048048016326,0.9849562970888833,0.9987806429490373,0.8664029368341128,0.8664029368341124,0.974259751692595,0.7719239394821829,0.7235929295143192,0.9670545960247572,0.9684253652597012,0.9938965022350057,0.9110325443432026,0.8138534209290595,0.7770807006739853,0.8444866399348758,0.8880644769207868,0.9628891730585696,0.7774703252035227,0.8524512295199516,0.6829642004672618,0.966795446787843,0.950870772784684,0.7698078233874499,0.9636847634903104,0.938876485647999,0.8833367125329163,0.8197259030030244,0.8722534309701606,0.7590699893530755,0.8403783509309439,0.7698078233874499,0.7984996698982247,0.6087865795846363,0.8141106199543879,0.8656692379923456,0.8774267326999192,0.8779123372702496,0.8331553590532288,0.9273829393236057,0.8041340106657588,0.657674410507708,0.8235125206227831,0.8802523537926027,0.9631594616797821,0.9477961055696323,0.9488671331832232,0.9106983752712412,0.9582144552981331,0.8972535442810929,0.9768077681654757,0.5590539919581403,0.5576279978932386,0.967054596024757,0.7623458066664361,0.94016846774249,0.640776160435322,0.99385228409693,0.7493700429314001,0.6793179126134876,0.7698078233874499,0.792417976559431,0.5834546015437323,0.9581391175068812,0.7698078233874499,0.9529716344220627,0.8170820324884165,0.8184753916628578,0.7309305629938816,0.7623458066664361,0.7482033289630812,0.9718514451725175,0.9856370754034534,0.8459614563080371,0.9826328272127683,0.9259955400530164,0.6178723033549969,0.7698078233874499,0.8791101346682948,0.7698078233874499,0.8443492696188821,0.984034754370956,0.854633623531185,0.8292427453148619,0.8294712380099549,0.7503689200294709,0.7557714158767214,0.9384852847335162,0.7698078233874499,0.5804744823518937,0.8715126887532314,0.8368284740220688,0.962702007216359,0.9437432996942222,0.9887203623021902,0.9969527783673496,0.7539570436186913,0.639864381918442,0.8463840547572965,0.6550365970639199,0.639864381918442,0.7616007897732305,0.8020423584034371,0.5470351103208019,0.639864381918442,0.8292427453148619,0.8849780498541329,0.9518071828547274,0.921003429396464,0.7995697492352155,0.8136785434198741,0.9837117739280953,0.7778031663041145,0.6869023645050851,0.7995453423845009,0.7901751055423144,0.8545017192113782,0.991231693528243,0.887264805987755,0.8594946082441757,0.840216120866691,0.7208296032577275,0.914826560400076,0.7424948047204105,0.6709653107479332,0.9744909805097621,0.951807182854727,0.8242743687062486,0.8197117876576113,0.9472011989620011,0.9341968073622128,0.9549404804699345,0.7312790171771122,0.8642683597030213,0.8101067897872718,0.6833306500324592,0.7206046877829787,0.971188029126156,0.9828966038837288,0.9364349567429127,0.60998940476152,0.889388440135999,0.7881781245722411,0.8075205209611782,0.7991127254346503,0.8598609233696163,0.8913284760557187,0.7967050159372274,0.9073482552671872,0.9958973689151571,0.9128257570773629,0.6951164886190113,0.724091671213138,0.9402648856068312,0.9251156306043713,0.9012568381722714,0.6294879955231116,0.6834127151757798,0.7387560415746357,0.6946477995201974,0.8817105825036557,0.8114469908574065,0.6788178195316033,0.9744168156815497,0.8738559594940687,0.8376803020586381,0.7475037493927194,0.9354977161332685,0.8937341975064406,0.9530948879049246,0.7214176325684067,0.8718160109744728,0.8185133723218978,0.9211650367563577,0.9713598691569008,0.7600085620773539,0.9354977161332689,0.9796073857202902,0.893855060098088,0.8424394300035335,0.8775593324245773,0.9069417943620754,0.9900805312615376,0.8197259030030244,0.756457369003173,0.810631735747056,0.6983555597098627,0.8424394300035336
p20_S,0.9327938339181783,0.8408182974981256,0.9541896299485404,0.8445057325000618,0.9582144552981327,0.9690033562225546,0.9282231289090204,0.9306047836741067,0.9208725034246266,0.9342541377090322,0.9141406930557708,0.9568599156354454,0.9568599156354454,0.8993178757827878,0.9260107308342308,0.9057246972976496,0.9542468650366518,0.8140817399578923,0.965625,0.8357840905673569,0.9496579543485548,0.9493347822888889,0.9254223119773605,0.8783265321561906,0.9481608601832734,0.9436389526644002,0.9732924283946004,0.982971410509272,0.9342541377090324,0.9151644941927574,0.9945610690582234,0.9625131050152524,0.9529828655437627,0.9332303128187662,0.9632002305182419,0.965625,0.9596053879391779,0.7640594707287013,0.9690033562225548,0.7593794827875702,0.9172347260035336,0.9936745866415235,0.9690033562225546,0.9283593797331273,0.7559103086883568,0.943944275485966,0.9610366993022688,0.9637550377043789,0.942546448360206,0.9109895373928905,0.9625131050152524,0.8317072625075967,0.995791220491173,0.9517441295565183,0.9762777185243531,0.941467276381333,0.9998226281102465,0.9582144552981327,0.9766241092617447,0.8958070756300917,0.9227150661971701,0.9313419384321767,0.9436389526644005,0.9625162230164763,0.964040252388596,0.9251090083155455,0.8639461643560566,0.8814987207179206,0.8106317357470563,0.0,0.8482200567507537,0.942546448360206,0.9582144552981327,0.8923050495306928,0.9582144552981327,0.906597867618917,0.9493347822888889,0.9505286850464205,0.8893582784066545,0.8237261571040235,0.9141406930557711,0.9914826481470902,0.8895473564972312,0.9436389526644002,0.9582144552981327,0.7540801690623644,0.8518092446394374,0.8733481182086196,0.9565125146369124,0.9568599156354454,0.9582144552981327,0.8298099072732109,0.9632833241074701,0.991721215227996,0.9393458182324887,0.9906286789501815,0.6639859308721501,0.9074725945748126,0.8863977262808043,0.9199207156261613,0.9411125326018257,0.7877259137311909,0.9582144552981327,0.8177388530806124,0.989265953783764,0.965625,0.7891506066595863,0.9972347396286688,0.9481608601832736,0.8942631579092648,0.7430470265323549,0.68577578933922,0.8753838677887602,0.9255134534695351,0.9610366993022688,0.8554752877066778,0.8408182974981259,0.965625,0.9690033562225548,0.9206136392290398,0.9784926679114252,0.7605306482159557,0.9481608601832736,0.9945610690582234,0.5718024325801858,0.8664462932134456,0.9596053879391779,0.9990875851642478,0.9568599156354454,0.9302869180633688,0.895328249757612,0.9610366993022685,0.8639461643560566,0.9690033562225546,0.9542468650366516,0.9105050913754529,0.9376672305832939,0.9625131050152524,0.9625131050152524,0.9555383641697377,0.9755132836179136,0.967275815149292,0.855574875783836,0.8703028975503371,0.7972298870089896,0.9756340559373773,0.998817981216154,0.9059500308908428,0.942546448360206,0.8688148119047068,0.8357840905673567,0.9227150661971701,0.858494211008805,0.9022452837148791,0.950716529670402,0.9425464483602062,0.9101905610615355,0.8174862680805627,0.882367546706716,0.9474427791084492,0.8857943139040094,0.8714717093867045,0.8661829386665056,0.9052983512742421,0.9600784247075336,0.9312607396704553,0.9613364213349977,0.9469207829576383,0.9465829649206577,0.9449933732356441,0.7348814459346107,0.9568599156354454,0.941467276381333,0.8788619061474223,0.9725607158551891,0.9801726050158863,0.965625,0.9326468089069149,0.7983172630337141,0.906597867618917,0.9770515787970699,0.9083489988323228,0.8236923415849842,0.9568599156354454,0.9658991494762943,0.8248793654172634,0.8832354238447044,0.9190462651000917,0.9517441295565183,0.8406564126395666,0.9555383641697375,0.9208725034246266,0.938322463515927,0.894643490961601,0.9349028572421433,0.9582144552981327,0.9593605721085062,0.9555383641697375,0.9637550377043789,0.9228940065236108,0.9541896299485404,0.8904195718012651,0.9582144552981327,0.8757303528101809,0.8270601489234033,0.9672758151492922,0.9582144552981327,0.9686832863606913,0.930286918063369,0.9675563827821477,0.9941465190705734,0.9370067185313316,0.9568599156354454,0.9582144552981327,0.969925811697351,0.9582144552981327,0.9821979361118385,0.9544762565836077,0.8874958319872932,0.9582144552981327,0.9613364213349977,0.9582144552981327,0.9282231289090204,0.971510747264704,0.6550538936190121,0.8979178384019251,0.9610366993022685,0.8792005618832215,0.9555383641697377,0.9470055188469617,0.9493347822888891,0.8399814728683517,0.9306174698484544,0.9610243931286574,0.9625131050152524,0.9625162230164762,0.9101073401299777,0.987405892261038,0.8613534479707587,0.9302869180633688,0.9302869180633688,0.9732924283946003,0.8022487300267549,0.9555383641697377,0.9582144552981327,0.9199574485923752,0.9582144552981327,0.9516656009136066,0.9814510646731802,0.9625131050152524,0.9982522182750793,0.9129144016949025,0.9593605721085062,0.929319912701777,0.9481608601832734,0.827293922138035,0.9141406930557708,0.8858340936764977,0.955217505042218,0.870302897550337,0.8944656454039728,0.9078950156090666,0.9568599156354454,0.9457879562525048,0.929262052641298,0.9690033562225548,0.8902849828282725,0.862909488252414,0.9447456538980157,0.8936031902522541,0.7455152426806335,0.9625131050152524,0.9481959707955332,0.9633346958171636,0.8848025594350112,0.965625,0.8592642631772314,0.9293199127017768,0.9458674971126175,0.8051833789629995,0.965625,0.8780124908814335,0.9844391106320844,0.964040252388596,0.9163339973465923,0.7348814459346102,0.9610366993022688,0.933230312818766,0.8753838677887602,0.9555383641697377,0.9610366993022685,0.7877259137311909,0.8604151780400968,0.7522727272727266,0.8342814558669875,0.9176596541595285,0.9057246972976498,0.8398505531453152,0.965625,0.884614916334617,0.942546448360206,0.598497955229752,0.9625131050152524,0.8713002539551251,0.9612908916295111,0.6202343224201641,0.87860911032846,0.9312607396704551,0.9112990802027561,0.9742388426031001,0.9878402341692827,0.9188536583074237,0.9340917055261457,0.970911469867437,0.8290757896610099,0.967275815149292,0.9208725034246266,0.9672758151492922,0.9332303128187658,0.9673847887170086,0.9255134534695353,0.9610366993022685,0.9582144552981327,0.9625131050152522,0.9874058922610381,0.9957912204911729,0.965625,0.9640402523885963,0.584978546674685,0.9582144552981327,0.8568532843697213,0.965625,0.9690033562225546,0.9264564493231808,0.8546450937171783,0.9458674971126175,0.9625131050152524,0.8981674209551731,0.8257456842344686,0.9868438546677247,0.9529828655437629,0.9161123728491165,0.9610366993022685,0.9081517461023694,0.9150261950454616,0.9517441295565183,0.926456449323181,0.9273614004407343,0.8746365330600945,0.7495338050235041,0.9522302390583732,0.9542468650366518,0.9568599156354454,0.9023570839226291,0.8856848936483533,0.8753838677887602,0.8763974382696862,0.9420259347501897,0.9582144552981327,0.9535986089258481,0.9631988949207005,0.9052996122898687,0.9109192134561164,0.967275815149292,0.9088679893884184,0.9582144552981327,0.9582144552981327,0.9978387378693494,0.9390675962200331,0.8534003303067276,0.9582144552981327,0.9672758151492922,0.9582144552981327,0.9362456943690349,0.9154363928771068,0.9284351619806999,0.9582144552981327,0.992787606045791,0.719238595924989,0.9268547209438454,0.9528494401412742,0.9582144552981327,0.9343364784549437,0.9653179186519113,0.9511134098668175,0.9533455271501623,0.7851377522013523,0.970512530604964,0.9610366993022685,0.866122503017303,0.9582144552981327,0.8616345643826472,0.9352213936467461,0.8841024249642828,0.8593321360825199,0.9596053879391779,0.9313419384321768,0.6225806388649323,0.9582144552981327,0.9145417437978427,0.9904316612456552,0.9582144552981327,0.992787606045791,0.9656297232823561,0.9864559376282898,0.9456784765176128,0.8713002539551251,0.9582144552981327,0.9533455271501622,0.9557864545102848,0.8556161648936053,0.9384517567629049,0.9800578728324696,0.9236430180495621,0.9245757305468907,0.7751028022516893,0.9610366993022688,0.9163339973465925,0.906597867618917,0.6064918890381658,0.8788858297250923,0.8270249702037337,0.9326468089069149,0.9470055188469617,0.9625131050152524,0.9957912204911729,0.9582144552981327,0.8463068181818179,0.9190462651000917,0.982384999099721,0.9505286850464205,0.8860446315351704,0.9555383641697377,0.8604151780400968,0.7162584522515595,0.9555383641697377,0.9818060040046753,0.9582144552981327,0.7716724398496738,0.9814223902914916,0.8923809627682533,0.965625,0.9098414308144025,0.9672758151492922,0.840818297498126,0.9254223119773606,0.9598703887644858,0.9493347822888889,0.9672758151492922,0.994974694644295,0.9312607396704553,0.9973897225041901,0.9936745866415235,0.9493347822888891,0.9662757781656686,0.9610366993022685,0.933230312818766,0.9625162230164763,0.9789330807700096,0.9458674971126177,0.9625162230164763,0.9505286850464207,0.9383021271292229,0.7389815511680626,0.9140410790158209,0.7958050740654449,0.9542468650366518,0.8470883271446175,0.910107340129978,0.9910578376517607,0.9458674971126175,0.9254223119773606,0.9432488685007958,0.9141406930557713,0.9751589072340372,0.9458674971126177,0.9814510646731802,0.8314127999927394,0.8714717093867045,0.8727426055411927,0.938322463515927,0.9631988949207007,0.9625162230164763,0.965625,0.9821979361118385,0.9162100923845102,0.9640402523885963,0.8618965769742786,0.9542468650366518,0.9542468650366518,0.950716529670402,0.940340909090909,0.724144221296775,0.864917939476207,0.9283593797331275,0.9568599156354454,0.9568599156354454,0.8893582784066545,0.7891506066595864,0.9542468650366518,0.8703028975503369,0.9582144552981327,0.9640402523885963,0.9582144552981327,0.9582144552981327,0.8508940408143366,0.9470055188469617,0.9332303128187658,0.9582144552981327,0.8774082655650679,0.902060915956501,0.9814510646731802,0.9370517719232344,0.9751910379124883,0.8870336910138057,0.9390675962200331,0.9199574485923749,0.8683043280893408,0.9762777185243531,0.9485464508185621,0.9640402523885963,0.9631988949207005,0.9522302390583733,0.9557864545102848,0.9383021271292233,0.9529828655437629,0.9701343557301771,0.8397383481014531,0.9640402523885963,0.9081122825161756,0.9610366993022688,0.8081635455684225,0.9493347822888889,0.932094827181063,0.9470055188469617,0.911790166832309,0.992787606045791,0.9227150661971701,0.9470055188469617,0.9342268638258988,0.9610366993022685,0.9493347822888891,0.9596053879391779,0.76684750423703,0.882367546706716,0.9397068954970855,0.9625131050152527,0.9568868616159543,0.9542468650366518,0.9196279932783362,0.9945845775505104,0.7376990592379752,0.8836906543081366,0.9393458182324887,0.9690033562225546,0.8529481410826933,0.9098414308144025,0.9662757781656686,0.9575447134426064,0.9493347822888889,0.971510747264704,0.9441754367900739,0.9582144552981327,0.9625131050152524,0.9653179186519116,0.9582144552981327,0.8858340936764977,0.9493347822888889,0.895807075630092,0.9393458182324887,0.9664668509189611,0.7978501428016826,0.8733481182086198,0.967275815149292,0.8314127999927395,0.9505286850464205,0.8901531678626449,0.9555383641697377,0.9529828655437629,0.992355755240514,0.9162206421071973,0.8661829386665059,0.8432058376194189,0.9420305227777703,0.9504774461246136,0.9255780598322527,0.908151746102369,0.8962170259453923,0.8499077595187519,0.9383021271292231,0.967275815149292,0.9868438546677248,0.9596053879391779,0.8832310600312399,0.9662757781656686,0.9118739328932486,0.9568599156354454,0.9644835692255385,0.9161123728491165,0.9273614004407343,0.9814223902914914,0.8714717093867045,0.9631988949207005,0.9653179186519114,0.9447456538980157,0.9650079910895764,0.9945610690582234,0.9868438546677247,0.961290891629511,0.9505286850464205,0.9667798280829099,0.9625131050152524,0.9690033562225546,0.9582144552981327,0.9861029598450541,0.957543890665421,0.9436186730193978,0.9052996122898685,0.9582144552981327,0.9865326188966024,0.8662885940893258,0.9227150661971701,0.9362456943690349,0.9208725034246266,0.7866098147175611,0.9022452837148789,0.8723242120473498,0.9404006431802041,0.7925207806814567,0.8771378467726849,0.9530430838774198,0.964040252388596,0.9874058922610381,0.882402437093405,0.6202343224201641,0.9162206421071973,0.8237261571040239,0.998252218275079,0.9555383641697375,0.9690033562225546,0.9517441295565183,0.941467276381333,0.8846149163346162,0.9505912604680007,0.9048529663349028,0.965625,0.963200230518242,0.9493347822888889,0.8094833764446479,0.8373021566360079,0.9568599156354454,0.8639461643560565,0.9732924283946003,0.9568599156354454,0.9568599156354454,0.9332303128187659,0.9582144552981327,0.9732924283946004,0.9806215235201541,0.9582144552981327,0.9288327934067976,0.8752139411328118,0.965625,0.9610366993022688,0.9640402523885963,0.9596053879391779,0.9568599156354454,0.8967259981226751,0.8832354238447044,0.9470055188469617,0.8691958391075141,0.9582144552981327,0.7891506066595861,0.9552175050422179,0.9458674971126177,0.8978662141860199,0.9728647695971406,0.965625,0.7972924922038745,0.9868438546677247,0.9162206421071973,0.9868438546677247,0.884614916334617,0.9302869180633688,0.9893688617336196,0.9383021271292233,0.9386559485878401,0.846475382106867,0.965625,0.9978387378693494,0.9610366993022688,0.7412828774444442,0.9059500308908428,0.9582144552981327,0.9632002305182419,0.8915762927878322,0.9672758151492922,0.9202097155215789,0.9732924283946004,0.9141406930557711,0.9358227266210355,0.9555383641697377,0.9690532119721817,0.9577936870954209,0.9582144552981327,0.9582144552981327,0.969402559611159,0.9664668509189612,0.894769233114451,0.989290340807143,0.9827558590699044,0.9511833345378164,0.953189253391297,0.8692395034995124,0.8089353082601407,0.9823849990997211,0.9582144552981327,0.9906286789501815,0.9625131050152524,0.9690033562225548,0.9281584116206857,0.965625,0.8610921134586078,0.9582144552981327,0.9582144552981327,0.9825847881236032,0.8846149163346171,0.921843341077053,0.9493347822888889,0.8568148511109501,0.9172347260035336,0.9982522182750793,0.9469207829576384,0.8991415586870481,0.9764449697232961,0.9582144552981327,0.9302869180633688,0.8844151266713454,0.9593605721085062,0.965625,0.9904950340182073,0.9446986869053019,0.8276555176058382,0.932241742150131,0.9596053879391779,0.9283995430864388,0.9582144552981327,0.8574253737916122,0.9631988949207005,0.9625162230164761,0.9078174926842607,0.9192524133091662,0.9517441295565185,0.9217916370027819,0.8987200406362263,0.9640402523885963,0.9306102629156658,0.9245803857385329,0.9732924283946004,0.9672758151492922,0.8993178757827878,0.9436389526644002,0.8461277862534455,0.9625131050152524,0.9667798280829097,0.8979178384019251,0.941467276381333,0.9302869180633688,0.9023570839226291,0.9690033562225546,0.9814510646731802,0.9690033562225548,0.9690033562225546,0.8021325739678644,0.9342268638258988,0.9145417437978425,0.9582144552981327,0.9672758151492922,0.9493347822888889,0.9493347822888889,0.9268547209438454,0.9529828655437629,0.9568599156354454,0.8236923415849841,0.9127606676606757,0.9596053879391779,0.9881818565067269,0.9845214236147153,0.8546450937171783,0.836299923476611,0.9582144552981327,0.8298099072732108,0.9582144552981327,0.9622268329997987,0.9342541377090322,0.9447456538980157,0.9288327934067978,0.9699258116973511,0.9582144552981327,0.8733481182086198,0.8529481410826933,0.9458674971126175,0.8743674594684079,0.8923050495306928,0.8804252291828121,0.9625131050152524,0.9576948646187342,0.910505091375453,0.8743674594684079,0.9927073567684068,0.9254223119773605,0.8054819331459054,0.7200909137673122,0.9254223119773605,0.963200230518242,0.9163339973465923,0.8189942965580155,0.8674107520354717,0.9662757781656686,0.9504774461246135,0.9582144552981327,0.9568599156354454,0.8700853537305537,0.9235852575057477,0.86377578909468,0.8836906543081366,0.8640532804828904,0.9582144552981327,0.893563448855724,0.9255780598322527,0.6800693026518843,0.9582144552981327,0.9040056117932131,0.6225806388649325,0.965625,0.9470055188469617,0.9568599156354454,0.800425691511493,0.9957912204911727,0.9506375116316126,0.9411125326018257,0.9245757305468909,0.7978501428016828,0.8451952273822543,0.9582144552981327,0.8860446315351705,0.9582144552981327,0.965625,0.8902849828282726,0.9048529663349028,0.9690033562225548,0.9963814266559154,0.9587092594492899,0.9688588518247443,0.9362456943690349,0.9582144552981327,0.9620452549083616,0.974173079973455,0.9032363779712869,0.9383021271292231,0.9302869180633688,0.7771757990417104,0.9383021271292231,0.992787606045791,0.9829714105092717,0.9118739328932486,0.9317709090158675,0.9829714105092717,0.9541300190655138,0.9625131050152524,0.9474427791084492,0.9829714105092717,0.9690033562225548,0.9436389526644005,0.9596053879391779,0.8439668118375542,0.9568599156354454,0.9372689456075767,0.9458674971126177,0.9109895373928905,0.9302869180633688,0.9470055188469617,0.9293199127017768,0.942546448360206,0.9568599156354454,0.9493347822888891,0.9835434409405949,0.9362456943690349,0.9890302829209386,0.8981674209551731,0.9770515787970699,0.9728647695971406,0.9382239240989048,0.9596053879391779,0.955217505042218,0.9190462651000915,0.9559837914106134,0.9404006431802039,0.8860446315351705,0.9637550377043789,0.9625131050152524,0.9640402523885963,0.9752722160443181,0.939345818232489,0.9285879473948486,0.9631988949207005,0.9383021271292233,0.9893232687360962,0.9868438546677247,0.8406564126395666,0.9582144552981327,0.9720303595848359,0.8990384181790523,0.9713740439102772,0.9181387543589392,0.9777227175796426,0.9640402523885963,0.9610243931286577,0.977703423972085,0.9436389526644002,0.9542468650366518,0.889547356497231,0.9016392859446953,0.9728761310858696,0.9611195340498857,0.9505286850464205,0.9799677102506716,0.8904195718012652,0.972192351980948,0.9036615728941474,0.9610366993022685,0.9596053879391779,0.906597867618917,0.9404006431802034,0.8714717093867046,0.9937522140875703,0.963592970627815,0.9693856077784861,0.9555383641697375,0.9555383641697377,0.9675736771626058,0.7408832291859215,0.9662757781656686,0.9610366993022685,0.9216020313541387,0.8035330839262139,0.9640402523885963,0.9118739328932486,0.9320948271810627,0.9593605721085062,0.967275815149292,0.9474427791084494,0.965625,0.9544340530320736,0.964040252388596
p21_E,0.8964098017730235,0.7326459852945929,0.8941290646551585,0.9938984828276253,0.9665120503695124,0.7004153409499312,0.8444912003519146,0.8089610493484256,0.8509107552317436,0.9383422423783936,0.9847000323057118,0.9187169710212715,0.9187169710212715,0.39432908443599657,0.940381472369282,0.8223697919369459,0.7941884094978156,0.9318380992827058,0.7399460024070031,0.7782033441111667,0.8499499483575264,0.9808615591868379,0.9529593969520147,0.9238898933303421,0.9854168063328744,0.8938064978005682,0.4604535095285677,0.8704839044326604,0.7782033441111667,0.6884245179734958,0.8837510389154053,0.9293685115305119,0.9114119696612573,0.8741949048548436,0.9212691469911802,0.9564941110945048,0.9238898933303421,0.4776997377944949,0.9415972144812144,0.4218266944373995,0.8701259118167615,0.8958917053231714,0.9415972144812141,0.8650172641296272,0.9972272780214035,0.7138444288671493,0.9748006002614296,0.8457599214352891,0.9947118295222932,0.8322896183891506,0.9293685115305117,0.5816503383039755,0.8938064978005682,0.9090779869018046,0.911411969661257,0.9573155049417332,0.9750836918798633,0.92126914699118,0.8168065826302535,0.9162269502513476,0.8543824471730521,0.7989406784439641,0.8938064978005682,0.8440565830183067,0.9322459088752486,0.9480551748465762,0.8708107817737573,0.8194927724869059,0.8326835452815002,0.8482200567507537,0.0,0.891748039632827,0.9212691469911802,0.731365906107277,0.92126914699118,0.8481655023013712,0.9045383795584439,0.9763438961034467,0.7660973431344495,0.581086192760314,0.9457439607148705,0.885583028819684,0.6545732829314548,0.928677578383913,0.92126914699118,0.22471864303858047,0.9426999693726406,0.7168077193433275,0.8356267197185063,0.9187169710212713,0.92126914699118,0.32209540192962427,0.6955090675675228,0.7750851240265348,0.9513902666962699,0.8457599214352891,0.31105128154247397,0.8256631184828769,0.7208359997839735,0.7389297143038789,0.9074828887014601,0.5912744759165979,0.4000873023338367,0.6605025556981956,0.8669651029467396,0.9352318345617441,0.26200460385458213,0.685843857788268,0.9023265168341348,0.734830676782199,0.43442993604236,0.8913931987630616,0.956265463519717,0.8317725325834027,0.9265867198367661,0.9943082385447684,0.772454432828326,0.9352318345617441,0.998738211423977,0.8230348442379338,0.9227424392886625,0.48111371819489523,0.4989712067232467,0.7275781922057983,0.9318380992827058,0.6209076994370375,0.9238898933303421,0.9370305308954681,0.7735497313582812,0.8686490640266937,0.802781171304414,0.9265867198367659,0.8708107817737571,0.9415972144812141,0.9610558594824402,0.6366319466806307,0.8125482321483077,0.870810781773757,0.9293685115305117,0.9162269502513478,0.9302829294430239,0.9383422423783936,0.7278792628749624,0.6797082236838208,0.5185924749015798,0.8614318296100956,0.9590938876192485,0.7552193948383423,0.8917480396328272,0.6254873296405847,0.721512461409078,0.8543824471730519,0.6672826694014191,0.8393346687695395,0.9707211351216225,0.9260693029293157,0.706316604775166,0.7541761526076999,0.8212631090353082,0.40906028820853435,0.6312531754566089,0.9769855193139068,0.8855830288196835,0.6934504484233752,0.9177717604357047,0.47456039562194674,0.8283605920341541,0.9473887865940548,0.9513902666962701,0.8642160879780119,0.7730044939464991,0.9187169710212713,0.9235151033525317,0.687287162671919,0.900978131509031,0.6559402325927418,0.7940830295788788,0.8444870269259996,0.8467654089795704,0.7412757670161763,0.8918014287467981,0.8517413020385305,0.9412832902906616,0.9187169710212715,0.7816298672347343,0.5463745272242502,0.7799962942326113,0.8739307694428695,0.9090779869018046,0.9776934688917389,0.9162269502513476,0.8509107552317436,0.6370746630645772,0.7519705792660498,0.8543824471730519,0.92126914699118,0.9238898933303421,0.5702752818448757,0.8457599214352891,0.9492055930103019,0.9069027048316118,0.9187169710212715,0.92126914699118,0.9300726652711166,0.7325161389193822,0.9383422423783936,0.92126914699118,0.8025946580914949,0.9275612046868085,0.9206170430100393,0.8856161665871355,0.9034808731175377,0.9054354303384726,0.92126914699118,0.7767240593109328,0.9212691469911799,0.7871555001524744,0.7371065870097794,0.7046536117217193,0.92126914699118,0.8718285675786799,0.92126914699118,0.8646058594701312,0.8836891281120094,0.26616540018477575,0.8995282232105677,0.928771638889243,0.6453490879488144,0.9162269502513478,0.7693457223189599,0.9045383795584439,0.8177304100669494,0.7949230664552318,0.8822876302735374,0.9793236882044447,0.8440565830183067,0.8306274133484668,0.9374833512314645,0.9280211727326703,0.8981051343567512,0.8686490640266937,0.9137935530290913,0.33700685822217324,0.9162269502513478,0.92126914699118,0.8491866411150792,0.92126914699118,0.6656010878572487,0.48331738871204755,0.9293685115305119,0.8877049890176527,0.6453490879488144,0.9238898933303421,0.8668270665506421,0.9023265168341346,0.290078578294129,0.9067878891240293,0.7848926164896286,0.9265867198367661,0.408854713884403,0.8011558825339617,0.758560611729916,0.9187169710212713,0.9841593444361112,0.640536075849147,0.9415972144812144,0.8025946580914947,0.7416988816034096,0.8958917053231716,0.8220089509052602,0.3937157615397391,0.9293685115305119,0.7652036013995995,0.6858438577882682,0.7141330694031864,0.9352318345617441,0.734830676782199,0.8999441452391072,0.9937887929930687,0.6233112147208637,0.9352318345617441,0.8124212907368669,0.7909643911516206,0.963927220003026,0.971771709177341,0.8361170621982491,0.39841895421794327,0.9046345879637958,0.7009198590764898,0.9162269502513476,0.9748006002614296,0.9748006002614296,0.6091676657123517,0.5775349208913769,0.7072887665457397,0.7750851240265346,0.8463876019323999,0.7227709204780419,0.9564941110945048,0.9430021428738233,0.8680031172917523,0.39910935921028345,0.621034898404093,0.7130237319056019,0.8423594617770633,0.9748006002614296,0.9603905662258043,0.8704839044326604,0.7123166794222887,0.8596550700040875,0.8207273071307541,0.5935468326146953,0.7182692384549928,0.74510443037897,0.4038923945155988,0.9383422423783938,0.9315456245426796,0.7215124614090789,0.9655139541817006,0.8686490640266937,0.8878766048402222,0.9265867198367659,0.92126914699118,0.9293685115305113,0.6708208416646445,0.8272248575326699,0.9352318345617441,0.9322459088752486,0.6856259320381535,0.92126914699118,0.9023265168341346,0.9352318345617441,0.9987382114239769,0.9746813713361655,0.9740980279309959,0.777377264646299,0.9293685115305119,0.7416988816034096,0.7614328334043701,0.6860656681115646,0.9114119696612573,0.5048462908493265,0.9265867198367661,0.8741949048548436,0.719762686790898,0.9090779869018046,0.8614318296100953,0.939073637329168,0.6366661141155214,0.638770165401918,0.6559041746170047,0.9972272780214035,0.9187169710212713,0.7791902071563095,0.8653986781221549,0.7009198590764896,0.7027669977490414,0.5656232266504644,0.92126914699118,0.7734441296782493,0.8723322747860855,0.815969628999144,0.8567830005613141,0.9383422423783936,0.7602260951985627,0.92126914699118,0.92126914699118,0.891748039632827,0.8509107552317436,0.4843386291391317,0.9212691469911799,0.7215124614090789,0.9882450462521556,0.8676733463241244,0.8406682270198922,0.7908794599593851,0.8977592394954913,0.5748239979667804,0.7520073121137838,0.7129965158486193,0.7467223178261215,0.92126914699118,0.9098966651922933,0.7424968183268796,0.6538184398512406,0.7162129953092109,0.9903434930267266,0.5528636141040604,0.9265867198367659,0.6839195153315714,0.92126914699118,0.6115501755084658,0.7574826963659798,0.7816298672347344,0.8395547962698625,0.9238898933303423,0.7561750980461442,0.6813291686425781,0.92126914699118,0.8389825607049834,0.7560198694781775,0.92126914699118,0.8818043546471357,0.7137282810794018,0.8584589212253309,0.5737670527794794,0.6934504484233752,0.92126914699118,0.9103305785963596,0.969183268602811,0.912013784442163,0.8071859421461329,0.8904519136773295,0.8836891281120094,0.8578882454691334,0.5484108599082307,0.9265867198367661,0.8682419112571187,0.8240149887318153,0.842791192172182,0.7929945133625245,0.7630737656918226,0.8857760608251226,0.9368723982681522,0.9293685115305117,0.6179983740325992,0.92126914699118,0.9352318345617441,0.649772162922772,0.9272812295130595,0.984700032305712,0.9210111257875064,0.9162269502513478,0.9802341739151024,0.8428467241913549,0.9162269502513478,0.8984317529217641,0.5358160124688334,0.9714966704969945,0.9755834221304291,0.772793187983888,0.9352318345617441,0.7618883347214103,0.9383422423783938,0.931688222963261,0.8427911921721818,0.76979422375099,0.7520073121137836,0.9950331250804818,0.9632746592319155,0.9002546180665421,0.7449028917702362,0.8958917053231716,0.9045383795584439,0.8758528920717612,0.7841299976152527,0.8741949048548434,0.9744032270105807,0.8323606624541717,0.7052400885307084,0.9483338982121259,0.9067878891240293,0.8837510389154055,0.549305896997635,0.6474858503363237,0.46992252199835227,0.9193389969862842,0.8700395757559787,0.8974653609027532,0.8798763806688741,0.8980054428335462,0.9001496633415413,0.5683620786790541,0.9067878891240293,0.8124212907368673,0.8980054428335462,0.9570172750168653,0.6575582306379242,0.5912744759165984,0.8446119322395299,0.9039634448939986,0.585898275908713,0.8440565830183067,0.9352318345617441,0.956441957058079,0.9566447624599195,0.6524466066378494,0.9895667589681865,0.46045350952856745,0.794188409497816,0.9293685115305119,0.9352318345617441,0.5008535770264999,0.7892240913240951,0.8650172641296272,0.9626788706813354,0.9493973299985367,0.7261274002214413,0.8836891281120094,0.9137935530290915,0.4991392171508755,0.92126914699118,0.9322459088752486,0.92126914699118,0.92126914699118,0.719059798331146,0.9001496633415413,0.638770165401918,0.92126914699118,0.7046063663717659,0.7484923395801166,0.898105134356751,0.5923919183624599,0.8628553342437906,0.8495916828909233,0.7996714777542003,0.8491866411150792,0.7518636489945645,0.9114119696612573,0.8481655023013711,0.9322459088752486,0.872332274786086,0.6753138062123984,0.7767240593109328,0.9543028073850963,0.911411969661257,0.9590184309099956,0.6538875079246163,0.7562734777595744,0.5484108599082305,0.9748006002614296,0.7603090137119386,0.9045383795584439,0.7495831348205505,0.973595133194763,0.7652036013995995,0.5748239979667804,0.8543824471730523,0.9001496633415411,0.9068683511770192,0.9265867198367659,0.9045383795584441,0.46962531222607007,0.8416369481865441,0.7783610706674235,0.9809364715318646,0.9293685115305119,0.92851820495502,0.9137935530290917,0.9149635964452069,0.90075159610196,0.6856259320381533,0.6538184398512406,0.9513902666962701,0.7600799150447407,0.5944844741718232,0.7827388535592974,0.849186641115079,0.6778123309806119,0.828330491742178,0.8561308614012542,0.9592904080803091,0.92126914699118,0.9293685115305117,0.9895667589681865,0.9212691469911802,0.9760335180154804,0.9045383795584439,0.9162269502513478,0.6217369120670984,0.6955090675675226,0.8427911921721819,0.6972016442759028,0.9383422423783938,0.6185935604217513,0.9067878891240293,0.7930304640948211,0.9162269502513478,0.7627809409818112,0.9837829043794639,0.7189659513525051,0.8855830288196836,0.8153560566412258,0.8375845073549268,0.6828079357135681,0.7881504417585992,0.6996495316198228,0.7382746479653424,0.8456295913819034,0.8837510389154053,0.7215124614090789,0.9397454091117983,0.9238898933303423,0.7576151233519344,0.9291853939851251,0.8339559652714779,0.9187169710212713,0.672428893685348,0.6902488674656986,0.9987382114239769,0.9057111978523771,0.9287716388892431,0.7664880923437807,0.8615796728624054,0.8958917053231716,0.847469821240961,0.7275781922057978,0.9023265168341348,0.8423594617770636,0.9067878891240293,0.9187169710212717,0.9293685115305117,0.7600799150447405,0.92126914699118,0.8741949048548434,0.9440548441264979,0.7009198590764898,0.3848287092731765,0.9212691469911799,0.8190873193696528,0.5915770092127765,0.8543824471730519,0.9745452330464994,0.8777890450020556,0.3967084883720855,0.8158140032952874,0.6516725987918298,0.8458459168235164,0.9543500528836153,0.7685074540704857,0.6997146512672775,0.9322459088752486,0.4574908340111882,0.9412832902906616,0.8323438780399159,0.7189659513525054,0.9987382114239769,0.8877049890176527,0.35631787855163566,0.9987382114239769,0.9090779869018049,0.5694788728094429,0.5810589158471654,0.8378110159479334,0.8446158986523806,0.9352318345617441,0.9212691469911802,0.9808615591868379,0.641035281653209,0.6934504484233752,0.9187169710212713,0.9293685115305119,0.9137935530290913,0.9187169710212713,0.9187169710212713,0.8741949048548434,0.92126914699118,0.9137935530290915,0.8561308614012544,0.92126914699118,0.6331029124151184,0.6008392964495397,0.9352318345617441,0.9265867198367661,0.9322459088752486,0.9238898933303423,0.9187169710212713,0.6139151126868865,0.7799962942326113,0.9001496633415411,0.7535434026851853,0.92126914699118,0.7580534046481746,0.687702236765926,0.8980054428335462,0.6800423756871357,0.5860953154089161,0.7940830295788783,0.7495413712000327,0.9023265168341348,0.8367902326727342,0.7234845603892288,0.92126914699118,0.898105134356751,0.46751412429378514,0.9219135766451964,0.7911970771206593,0.742607466558399,0.9023570839226296,0.7650393274022862,0.9265867198367661,0.5927038043836436,0.8171631106705353,0.92126914699118,0.7620305293604945,0.9356502766322077,0.9383422423783936,0.6375767194244453,0.9972272780214038,0.9763438961034467,0.7879272388672205,0.9162269502513478,0.7345151275171486,0.6661543403553027,0.92126914699118,0.92126914699118,0.8668270665506419,0.6348430370889007,0.32415957922777794,0.6729789999315463,0.822620090866232,0.7123166794222889,0.7548442658234584,0.728752065130899,0.7495831348205503,0.7298250110456495,0.92126914699118,0.8457599214352889,0.9293685115305117,0.9415972144812144,0.5539549964507384,0.9352318345617441,0.7382746479653424,0.92126914699118,0.92126914699118,0.6496095068516392,0.7167876259821623,0.7785979738774365,0.9808615591868377,0.6210103921821913,0.9995274441909645,0.8877049890176529,0.8952501289971454,0.7434039261172423,0.5571336222536564,0.9212691469911799,0.5716855997022192,0.7172771615347813,0.9238898933303421,0.9352318345617441,0.9206170430100393,0.8600557647275663,0.7988195452116942,0.4956033676911803,0.9238898933303423,0.8248081909774481,0.92126914699118,0.7313659061072768,0.7062914868654248,0.8440565830183067,0.6985564986395936,0.8999647331880951,0.9090779869018051,0.8526425543779204,0.4613518593370627,0.9322459088752486,0.7962810595181657,0.7865220735223775,0.9137935530290913,0.9950331250804818,0.8798763806688739,0.893806497800568,0.7100793891989086,0.9293685115305117,0.9187169710212713,0.8076603831075231,0.88971470176333,0.571685599702219,0.8779661016949154,0.9415972144812141,0.542229529372162,0.9415972144812141,0.9415972144812141,0.8308183474047365,0.8760725711965929,0.8389825607049832,0.92126914699118,0.9383422423783938,0.9809768509989654,0.9045383795584439,0.5509181993562209,0.9521378558308737,0.9187169710212715,0.8897147017633298,0.8356267197185063,0.9238898933303423,0.660039296153921,0.872332274786086,0.7860823145909539,0.7502361868058098,0.92126914699118,0.32209540192962427,0.9212691469911802,0.6741528178793792,0.9383422423783936,0.8958917053231716,0.898005442833546,0.6458983128134327,0.92126914699118,0.6972016442759028,0.5944844741718229,0.8980054428335462,0.6990647939906687,0.731365906107277,0.7100793891989086,0.9293685115305117,0.7243696610517016,0.885014086533902,0.7186884254305999,0.6606311966631462,0.4755638429060731,0.49802649359757745,0.5810861927603137,0.6591775175391275,0.8977592394954912,0.9200068102172299,0.8917480396328272,0.7501800044363494,0.849186641115079,0.5842992349453101,0.92126914699118,0.9187169710212713,0.7552193948383423,0.8673635791541662,0.6760372306138107,0.6538184398512406,0.6162628017925083,0.92126914699118,0.6721691969336365,0.9194654301067335,0.39432908443599657,0.92126914699118,0.7518636489945645,0.9256844856602766,0.9352318345617441,0.9001496633415411,0.9187169710212713,0.8211012885208483,0.893806497800568,0.7224117502905038,0.806081683933856,0.9968923552496207,0.9529593969520151,0.5988238461651565,0.92126914699118,0.8877049890176527,0.92126914699118,0.9352318345617441,0.5478503927022644,0.8207273071307539,0.9415972144812144,0.8857175249675575,0.680204480145373,0.8526425543779201,0.9938984828276253,0.92126914699118,0.780508745112636,0.7425315680214664,0.7046496368077506,0.9543028073850964,0.8686490640266942,0.9293685115305119,0.8837510389154055,0.8818043546471355,0.9002546180665418,0.8339559652714781,0.6747420893646443,0.9002546180665418,0.911432664794749,0.4212141917083615,0.8463876019323999,0.9002546180665418,0.9415972144812144,0.9984197395506036,0.9238898933303423,0.8894164881176088,0.42185453407777007,0.8818043546471357,0.8495144407618889,0.8941290646551585,0.898105134356751,0.9001496633415411,0.8668270665506419,0.8917480396328272,0.9187169710212715,0.9426999693726408,0.9252184078083303,0.6152230733171233,0.9268526658466871,0.7822960659287999,0.8632190448004216,0.9753068227942818,0.6620755375128202,0.9238898933303421,0.9265867198367661,0.9003917176447784,0.9880524976832432,0.8877049890176525,0.7792336432838085,0.9508082053960285,0.9293685115305117,0.9322459088752486,0.9907155176686201,0.8857175249675573,0.7865459534414608,0.9771762115180253,0.9161402696553049,0.9625430839211495,0.5363900990009101,0.9457304308102041,0.92126914699118,0.8693283410322901,0.7023004129354257,0.7597690973366419,0.872021992425474,0.9980317438894253,0.9841593444361112,0.9736066796003946,0.9626700166348657,0.8938064978005682,0.9555104155252474,0.9829369915750175,0.7388341562064168,0.9957039851164745,0.8611125414966159,0.6646953233767164,0.9452812601350509,0.5977021327180256,0.9670480474566153,0.7168941225500421,0.9748006002614296,0.9238898933303421,0.8481655023013712,0.8877049890176518,0.9287716388892431,0.9200068102172301,0.7881504417585989,0.8293199682043964,0.7842326851381154,0.9590184309099956,0.7602489555510863,0.9577202049352737,0.8041520964480545,0.8323438780399166,0.7816298672347344,0.8495144407618886,0.9322459088752486,0.8339559652714781,0.6786781028492945,0.7495413712000323,0.9383422423783936,0.9614699181039698,0.9352318345617441,0.8040622183232609,0.9322459088752486
p21_H,0.8466936708376667,0.992980876159153,0.6831812244452856,0.9675603521328202,0.9301606414450718,0.9861053894336533,0.8739929653927143,0.9129194392068593,0.8677481975092112,0.945305581259918,0.9968895860490863,0.9278966962971924,0.9278966962971924,0.8934425806304627,0.9082582092654381,0.5492649834557664,0.9235293061149326,0.9057994954598185,0.942546448360206,0.992267340798816,0.6197628486421991,0.915319368665986,0.805504357677587,0.9838585814857688,0.9133573033767912,0.9057994954598185,0.9235293061149326,0.9506768980005937,0.945305581259918,0.7979095220612442,0.96045437062055,0.9373453016197317,0.9214166876382093,0.8884027441326574,0.97998139075904,0.942546448360206,0.9838585814857688,0.9888899454936778,0.9481929520311925,0.9417675268326104,0.5354823587057223,0.9076492093936457,0.9481929520311925,0.8802615832433558,0.9235293061149326,0.6803001481072206,0.9879700133881206,0.8631790748003905,0.9039735099337751,0.8512300448035053,0.9373453016197317,0.5356844989013987,0.9057994954598185,0.9193462939797008,0.921416687638209,0.16731888079540103,0.9021698077369342,0.9301606414450723,0.7267183968151549,0.925687886831601,0.8708278127936304,0.7678326855976578,0.9057994954598185,0.7077250838010225,0.939897739160851,0.9569828701040741,0.9373453016197315,0.8254879058389588,0.7179800300914723,0.942546448360206,0.891748039632827,0.0,0.9301606414450718,0.7617041847450772,0.9301606414450723,0.5178504213671216,0.49635972338525813,0.7824006240173309,0.7790644167304981,0.9481929520311925,0.9173148291382112,0.852166913696114,0.8986240534007519,0.9057994954598185,0.9301606414450723,0.8867504707956386,0.915319368665986,0.7072645599409964,0.9374023743243107,0.9278966962971924,0.9301606414450723,0.8512300448035051,0.7868043409617426,0.8709151953906009,0.8986240534007524,0.8631790748003906,0.8482845240792765,0.4058087524255697,0.7523634768121834,0.86019001264934,0.9766107126543475,0.9348776724743584,0.9301606414450718,0.8522358354277604,0.9459333791503509,0.942546448360206,0.8723787692931402,0.7213231837371263,0.9133573033767914,0.7647776604185779,0.9558365342945696,0.9076492093936457,0.7995848241600538,0.8755049702528586,0.9348776724743586,0.7020592777806827,0.9929808761591531,0.942546448360206,0.6575970967578812,0.8048424841938353,0.880261583243356,0.9217745823086678,0.9133573033767912,0.8968796530895526,0.902203170779097,0.8859850272149177,0.9647682499737457,0.8091858387065827,0.9278966962971924,0.8834832246395514,0.8250541437737122,0.534198918388021,0.9923551296406041,0.9481929520311925,0.9235293061149326,0.9149635305599799,0.8593655440582149,0.7876055582759065,0.9923551296406039,0.925687886831601,0.6424948870402409,0.945305581259918,0.8247351611670639,0.5550136768642009,0.8453519108162277,0.8770810709357255,0.8802681711979423,0.7828637719794271,0.9039735099337753,0.689205952976525,0.945305581259918,0.8708278127936304,0.8019398001857567,0.6453734063249512,0.9373453016197317,0.9039735099337758,0.8835964680148685,0.9139704635473276,0.8270134485526379,0.8424305171733326,0.7346965719236451,0.8527529638705934,0.9889605162825019,0.7280707215884723,0.5753032081809082,0.9506768980005937,0.9993492506814549,0.9477894660083728,0.48667502901954196,0.7873050390084448,0.9675603521328207,0.8300526594266484,0.8745074775108266,0.7828637719794271,0.9669057621184365,0.9379983904326088,0.9978387378693493,0.9550566540378437,0.8900683556162927,0.8970782185921156,0.8065889905750272,0.9379953056657588,0.9117279299695327,0.9278966962971924,0.9013861046986074,0.9160622641764617,0.8048424841938353,0.864695866516187,0.9193462939797007,0.9303499958905477,0.9256878868316012,0.9546641894098516,0.6292307035785611,0.7323753884960298,0.9009164784975772,0.9301606414450723,0.9324854129452831,0.9256878868316014,0.8631790748003905,0.6875155274824063,0.9060051895977654,0.9278966962971924,0.9301606414450723,0.5177307453096205,0.753798301774824,0.945305581259918,0.9301606414450723,0.8379276408825632,0.8834832246395519,0.8438899131338644,0.8033919351330516,0.41457447815471293,0.9278966962971924,0.9301606414450723,0.8019398001857565,0.9301606414450723,0.7412098895302284,0.5892638272013873,0.5753085841071379,0.9301606414450723,0.9036167953754735,0.9301606414450723,0.948807550995978,0.9151942252845942,0.885110846748371,0.4371832380861562,0.9348776724743584,0.6854017038809372,0.925687886831601,0.9114262935403585,0.9153193686659862,0.9009164784975772,0.778772084056218,0.6088019969005924,0.7876055582759065,0.8616681034607224,0.8769755445526377,0.9575945522950664,0.6036049271444917,0.8834832246395516,0.8834832246395519,0.9235293061149328,0.8424305171733326,0.9728091693196088,0.9301606414450723,0.8662187967802517,0.9301606414450723,0.7596391581853306,0.8834832246395514,0.9373453016197315,0.9003870625528829,0.6854017038809371,0.9324854129452831,0.8818669950401861,0.6745919411306502,0.8527082022594992,0.9110940012363836,0.8091858387065824,0.9348776724743586,0.8981772773924832,0.5301587202395045,0.7858276474562267,0.9278966962971924,0.9398977391608507,0.9023984820659586,0.9481929520311925,0.9385475638346387,0.9720425180522423,0.9752315887262655,0.9798091457407953,0.8279389502457002,0.9373453016197317,0.7917204089301277,0.7428148021395056,0.6947647484082907,0.942546448360206,0.7647776604185779,0.9139704635473276,0.9492423737771563,0.864695866516187,0.942546448360206,0.7384621920006141,0.7661961693528558,0.9398977391608507,0.37030137848933486,0.8934425806304624,0.9348776724743584,0.44120357724500914,0.7779554067479175,0.8858269832163685,0.37492189564673706,0.8527529638705935,0.6533064423153547,0.942546448360206,0.997401097768481,0.8004859585899782,0.39057685318509516,0.7858276474562269,0.942546448360206,0.9301606414450718,0.9039735099337751,0.9256878868316012,0.9373453016197317,0.7280707215884723,0.8886639795414617,0.9589376456981176,0.9039735099337756,0.885110846748371,0.6219038091010767,0.8755049702528586,0.8409735269221557,0.778393506769121,0.7923761433089831,0.773891144316301,0.8999339865464294,0.9922673407988161,0.8677481975092116,0.9922673407988162,0.9219224280637734,0.8834832246395514,0.5375765574234729,0.9348776724743584,0.9301606414450723,0.9373453016197322,0.8662187967802517,0.9057994954598185,0.942546448360206,0.9398977391608507,0.9278966962971924,0.9301606414450723,0.913357303376791,0.942546448360206,0.9481929520311922,0.9358560990859993,0.9788572026844111,0.9095242312718104,0.9373453016197315,0.7708702022977241,0.6361393960535868,0.9133573033767912,0.9214166876382093,0.5834513359977551,0.9348776724743586,0.8884027441326574,0.6289406504293702,0.9193462939797006,0.8770810709357255,0.8547020723633447,0.7204746119451819,0.8884027441326567,0.6947647484082906,0.9694672365613164,0.9278966962971924,0.891748039632827,0.919537287420662,0.7346965719236449,0.7363351033903187,0.6146797086208045,0.9301606414450723,0.79903029047136,0.91989423221619,0.8900683556162929,0.8867504707956384,0.945305581259918,0.7873050390084446,0.9301606414450723,0.9301606414450723,0.9039735099337753,0.8677481975092116,0.9084248241010374,0.9301606414450723,0.9453055812599183,0.9301606414450718,0.8934425806304626,0.462096332326574,0.7109524752172354,0.8207356119850875,0.8951528182413433,0.915319368665986,0.5836636547121091,0.6358010061218784,0.9301606414450723,0.43816881231534544,0.8851108467483708,0.6929145667756798,0.7179800300914723,0.8951528182413433,0.8207295398425405,0.32182955473297503,0.7196161675207438,0.9301606414450723,0.6554198825938784,0.9057994954598185,0.8846511902009929,0.8780500790636087,0.9324854129452833,0.5863910029134729,0.921416687638209,0.9301606414450723,0.8571671175052393,0.7313982749191235,0.9301606414450723,0.8951528182413433,0.7179007902469756,0.5577592420131444,0.6219038091010762,0.7280707215884723,0.9301606414450723,0.9958668930446196,0.8019398001857563,0.9398977391608507,0.7961129991402642,0.6654948363346336,0.87237876929314,0.8739376826205694,0.8336446986877303,0.9879700133881206,0.9171653119248926,0.8438899131338644,0.9518647719377946,0.7975726767650841,0.8264962751962917,0.4600068199788161,0.9114262935403585,0.9373453016197317,0.9441989622120355,0.9301606414450723,0.8189942965580156,0.9812493295822691,0.8080523403685789,0.9173148291382112,0.9003870625528829,0.925687886831601,0.9595870702998782,0.9838585814857688,0.925687886831601,0.9173148291382112,0.9301606414450718,0.94914446122858,0.5250972008445185,0.8973461330227013,0.942546448360206,0.7887795529709352,0.9453055812599183,0.919346293979701,0.9518647719377948,0.8125435817638582,0.8745660213523158,0.945305581259918,0.7587823139268446,0.9178938723744823,0.8512300448035055,0.9076492093936457,0.9573422906623259,0.3409412740586807,0.9348776724743586,0.4412035772450096,0.8616681034607219,0.9324534276942025,0.9095242312718104,0.9190823451591559,0.9173148291382112,0.8968796530895524,0.8477876609689743,0.7514131795808174,0.9516803080213926,0.9694672365613162,0.7331150647633999,0.9041955276763523,0.8934425806304627,0.9095242312718104,0.9114262935403588,0.6171092475060515,0.9173148291382112,0.5290210280140106,0.9095242312718104,0.9867705932097052,0.8019914160466427,0.9348776724743586,0.8102074567339506,0.7171265940820499,0.9861817550572929,0.8616681034607221,0.942546448360206,0.9981627476944337,0.9060051895977654,0.939897739160851,0.9834599236267052,0.9694672365613162,0.6170913894212322,0.9373453016197317,0.942546448360206,0.9682126412345016,0.6216987847322828,0.7701252849114635,0.9763068251524243,0.4427716285847928,0.7570572912227627,0.9027254843534638,0.923529306114933,0.8284181997358584,0.9301606414450723,0.939897739160851,0.9301606414450723,0.9301606414450723,0.7507878712472871,0.9114262935403588,0.9889617959260069,0.9301606414450723,0.737966742320265,0.776896438891528,0.8834832246395518,0.7975726767650846,0.4122682380641448,0.6402815017801009,0.8677481975092116,0.8662187967802519,0.7798870083823577,0.9214166876382088,0.6774153377418741,0.9398977391608507,0.8867504707956382,0.823006172072588,0.8019398001857563,0.8968796530895524,0.9662633710722657,0.9256878868316012,0.7466435287498889,0.9457697991278944,0.8571671175052393,0.9348776724743586,0.8631790748003907,0.915319368665986,0.9076492093936457,0.32024261690834854,0.8148006046596652,0.8951528182413433,0.8708278127936304,0.9114262935403583,0.8900683556162929,0.9348776724743586,0.9153193686659862,0.9324854129452833,0.8818669950401858,0.8033919351330518,0.5863735674758886,0.9373453016197317,0.7950423367339838,0.923529306114933,0.9317391554400472,0.8482845240792769,0.9752830459923437,0.6929145667756798,0.23356288648671786,0.9481929520311925,0.6402815017801009,0.7887795529709352,0.8662187967802517,0.6446908158929159,0.9586118653449948,0.87237876929314,0.8640981341508669,0.9301606414450723,0.9373453016197317,0.885110846748371,0.9301606414450718,0.5924863156310332,0.915319368665986,0.9256878868316012,0.8986240534007519,0.5863910029134728,0.9114262935403583,0.7313982749191235,0.9453055812599183,0.6831214510808623,0.9173148291382112,0.8407711416770662,0.925687886831601,0.9662633710722657,0.8214199807746343,0.915919770177237,0.9095242312718104,0.6815750787003165,0.8351658835405409,0.6312465358534838,0.8120757404207615,0.9439988362117595,0.7678326855976578,0.7360849985900045,0.8968796530895526,0.9453055812599183,0.9545623789260471,0.9324854129452833,0.7699331603526709,0.8955832386010318,0.8802681711979428,0.9278966962971924,0.7434303000178244,0.6515054365825244,0.920403730898499,0.8593655440582149,0.9348776724743586,0.9861817550572929,0.852624948242738,0.936191854766236,0.864695866516187,0.8968796530895526,0.9133573033767912,0.888663979541462,0.9602126215445628,0.9278966962971924,0.9373453016197317,0.9481929520311925,0.9301606414450723,0.8884027441326567,0.4810436691886477,0.7346965719236453,0.8900683556162929,0.9301606414450723,0.8395187517114719,0.6242327182620586,0.8708278127936304,0.8934425806304627,0.5698910277344884,0.9022818036223246,0.9402174056558383,0.7056454661271903,0.5127941201835656,0.8708278127936304,0.8178571736187799,0.9597045567050754,0.9398977391608507,0.8955832386010318,0.9021698077369342,0.9348776724743584,0.8834832246395514,0.9481929520311922,0.9003870625528829,0.9256878868316014,0.9481929520311922,0.20392540740883902,0.9393902601956408,0.930160641445072,0.7851306164984644,0.3961603486029678,0.942546448360206,0.930160641445072,0.9153193686659862,0.6815750787003164,0.7280707215884723,0.9278966962971924,0.7325957302550347,0.9235293061149328,0.9278966962971924,0.9278966962971924,0.8884027441326569,0.9301606414450723,0.9235293061149326,0.87237876929314,0.9301606414450723,0.9095242312718104,0.849755561428923,0.942546448360206,0.9879700133881206,0.9970639700164783,0.9324854129452831,0.9278966962971924,0.8078647239131962,0.8048424841938353,0.9114262935403585,0.7813770585443967,0.9301606414450723,0.993765629534435,0.9348776724743586,0.4152673461373113,0.7805377855102891,0.8739376826205691,0.942546448360206,0.9324854129452831,0.9133573033767912,0.8834832246395514,0.9545623789260471,0.930160641445072,0.9807928612526091,0.9603905662258045,0.9682126412345016,0.7783935067691214,0.8252984164236813,0.942546448360206,0.9039735099337751,0.9348776724743586,0.9027254843534638,0.7828637719794271,0.9301606414450723,0.97998139075904,0.4850986598875724,0.945305581259918,0.6371928968120075,0.9845948329923003,0.9602126215445623,0.7586113066985585,0.925687886831601,0.7127029003211303,0.7038573083499979,0.9301606414450723,0.9301606414450723,0.8818669950401856,0.767832685597658,0.8662187967802515,0.6834999492976279,0.7873050390084448,0.6219038091010762,0.563740016613683,0.7247127539531704,0.9076492093936457,0.7428216675369566,0.9301606414450723,0.8631790748003907,0.9373453016197317,0.9481929520311925,0.5863910029134728,0.942546448360206,0.7678326855976576,0.9301606414450723,0.9301606414450723,0.6891809709913197,0.930160641445072,0.7002511927790442,0.8325430993559757,0.7714208233143987,0.363239633610421,0.9003870625528829,0.890375224309939,0.7947790397858989,0.8572583546912373,0.9301606414450723,0.9867705932097051,0.7492065571164646,0.9324854129452831,0.942546448360206,0.9236723713212407,0.8306553169629207,0.8770810709357255,0.8867504707956384,0.9324854129452831,0.504273047800283,0.9301606414450723,0.7617041847450772,0.8867504707956384,0.8616681034607223,0.8500140913646179,0.5781462952477535,0.919346293979701,0.8692844153563803,0.8966865778953753,0.939897739160851,0.8369438822012835,0.8106312724801403,0.9235293061149326,0.742559029033752,0.8934425806304627,0.9057994954598185,0.8732830132002019,0.9373453016197315,0.9278966962971924,0.8293823202072206,0.902169807736934,0.9867705932097052,0.891748039632827,0.9481929520311925,0.8834832246395512,0.9481929520311925,0.9481929520311922,0.8662187967802517,0.9578919796442651,0.8571671175052396,0.930160641445072,0.8049861069750173,0.9153193686659862,0.9153193686659862,0.8290709127974598,0.9214166876382095,0.9278966962971924,0.9393902601956408,0.8819276377817316,0.9324854129452831,0.6984328686514762,0.8867504707956382,0.7570572912227624,0.7263956130916434,0.9301606414450723,0.8512300448035051,0.8705563612990554,0.8823357814475892,0.945305581259918,0.9076492093936457,0.9095242312718113,0.9390310376290206,0.9301606414450723,0.7313982749191235,0.6402815017801009,0.909524231271811,0.7330510092157583,0.7617041847450772,0.7428216675369563,0.9373453016197317,0.755498062897018,0.8102074567339503,0.683499949297628,0.9055149944982936,0.9518647719377948,0.9894652398776853,0.9481929520311925,0.8863813144724597,0.9301606414450718,0.9118266937745217,0.9417675268326102,0.7783935067691212,0.8662187967802519,0.6312465358534837,0.930160641445072,0.9278966962971924,0.7828637719794271,0.544620087978043,0.9133831509246992,0.6929145667756798,0.6596002868980184,0.9301606414450723,0.709192875147219,0.4890149346272392,0.8934425806304624,0.9301606414450723,0.7798870083823575,0.921416687638209,0.942546448360206,0.9114262935403588,0.9278966962971924,0.545373133061253,0.9057994954598186,0.8586624125474209,0.9021698077369342,0.9657791214744023,0.7246274008827147,0.6483587193679012,0.9301606414450723,0.9370632386318549,0.9301606414450723,0.942546448360206,0.8267851661932406,0.8409735269221552,0.9481929520311925,0.8986240534007519,0.6899771804316861,0.8692844153563806,0.9629411142488209,0.9301606414450723,0.7916633247069988,0.7758753127430558,0.787640253614812,0.9325461471620271,0.9218975021343331,0.8426153862967792,0.8968796530895524,0.8951528182413433,0.8851108467483708,0.8527082022594992,0.6596002868980184,0.8851108467483708,0.23782574914005583,0.9373453016197317,0.41702487489687357,0.8851108467483708,0.9481929520311925,0.9057994954598185,0.9324854129452833,0.9988813525559972,0.9763068251524243,0.9303499958905475,0.9095242312718106,0.8512300448035055,0.4029127735313581,0.9518647719377948,0.8818669950401856,0.9039735099337751,0.9278966962971924,0.9573422906623257,0.8715235709178972,0.8934425806304629,0.8147821100520861,0.7708702022977241,0.8786664463981002,0.5750136842564313,0.9039735099337751,0.9838585814857688,0.9348776724743586,0.8938342322827075,0.9928771108668895,0.9003870625528829,0.8428797048943141,0.9499371710476525,0.9373453016197317,0.939897739160851,0.9518339725119342,0.8986240534007526,0.8668307883928855,0.9198942322161898,0.9325461471620269,0.9142627568604467,0.995767454475303,0.8951528182413433,0.9701978599269917,0.9097778209450493,0.83227176516284,0.8802615832433558,0.8631790748003905,0.9059623025180513,0.9398977391608507,0.7428807326250586,0.9558365342945696,0.9057994954598185,0.9235293061149326,0.9709418084101291,0.8616681034607221,0.9478871906418755,0.859092788002368,0.9173148291382112,0.991441388425579,0.9763068251524243,0.9441873097085216,0.8653679260263785,0.9348776724743584,0.9838585814857688,0.8438899131338649,0.9003870625528827,0.9348776724743586,0.9118266937745216,0.8120757404207615,0.9588484044745802,0.9800695481923837,0.9256878868316012,0.769353573971967,0.9889605162825021,0.9869589941158469,0.9348776724743586,0.8062915690984294,0.9095242312718106,0.939897739160851,0.8527082022594994,0.9076492093936457,0.9324854129452831,0.945305581259918,0.868878538885111,0.942546448360206,0.9039508692101612,0.9398977391608507
p21_I,0.8373183370723898,0.9413411539914585,0.8918007079504509,0.9858842152953935,0.9492063492063489,0.9623211158059548,0.9446023531860506,0.9774181337680037,0.9038142386822654,0.9602211523225768,0.9470390403999657,0.92481000532338,0.92481000532338,0.9683086794376969,0.951700230336632,0.9402778464084466,0.944383427890573,0.9314886672615053,0.9582144552981327,0.9602211523225768,0.9714553566521972,0.9507968637523909,0.9578055524052939,0.9136608016620082,0.9369854052620168,0.931488667261505,0.944383427890573,0.9164419655193168,0.9602211523225768,0.9993191072614235,0.9250013316406698,0.9544316996038,0.9428469360414604,0.9188361382271668,0.9492063492063489,0.9582144552981327,0.9508971383859763,0.9428469360414604,0.9623211158059548,0.9301606414450718,0.8993922310882434,0.8098516702594141,0.8644606804686437,0.8776001926684954,0.9345041683711354,0.8474513194974067,0.9773757151292215,0.9470207508424533,0.9301606414450718,0.9279034959226291,0.9730533608234009,0.8495864161552145,0.931488667261505,0.885301006465441,0.7615645612979673,0.9288488221297497,0.9288488221297497,0.9492063492063487,0.8628212971049699,0.9459533477380777,0.9060540201833018,0.9192092392514406,0.9314886672615055,0.9372344714402792,0.9562880686171875,0.8825502143476118,0.973053360823401,0.9490768789214072,0.9202329624682105,0.9582144552981327,0.9212691469911802,0.9301606414450718,0.0,0.8266892096935965,0.9492063492063487,0.8864622842804519,0.9384124008873462,0.9398636845831869,0.857578388990773,0.962321115805955,0.8339417653831186,0.986554806284329,0.926270021131592,0.9314886672615053,0.9492063492063487,0.9176344520056336,0.8954014960722595,0.9469488476903254,0.8135351812172938,0.9475597985845114,0.9492063492063487,0.8918007079504509,0.8898549672341265,0.8975288783351871,0.9783994202533959,0.9470207508424533,0.8896584524348268,0.8875255844205971,0.8335083097817,0.8928184240681564,0.9288488221297497,0.9526370111116407,0.9492063492063492,0.9857497140445592,0.9032953985475976,0.9582144552981327,0.9071820194155724,0.7777200559261546,0.8457455232976454,0.9955817284581834,0.8759110188590662,0.9127774219260275,0.8793180926172992,0.9094556823349393,0.9526370111116407,0.7937866699170063,0.9413411539914585,0.9582144552981327,0.9623211158059548,0.9857497140445592,0.6681155172459103,0.885400876353422,0.9369854052620168,0.97201754229775,0.9314886672615055,0.8488494650114395,0.9508971383859763,0.9810324389242782,0.9475597985845112,0.9992249226337292,0.9298209348696396,0.9526370111116407,0.9544316996038,0.9510697823313443,0.944383427890573,0.9735492166725133,0.9857001874039446,0.9544316996038003,0.9544316996038,0.9459533477380777,0.861568305966651,0.9602211523225768,0.9721737054919227,0.9044788524275964,0.8875255844205974,0.9106019687464653,0.9254740181372286,0.9919409286228256,0.8705563612990557,0.9309782033622507,0.9602211523225768,0.9060540201833016,0.9801184131332199,0.9153139730017579,0.9005384212506021,0.97998139075904,0.9209423547446365,0.9140827360776209,0.9504233082603579,0.8854008763534218,0.9210959120895406,0.9773757151292214,0.9865548062843288,0.7999960359115463,0.8972062142375332,0.9164419655193168,0.8863852623001999,0.8993922310882432,0.926270021131592,0.9358796528302649,0.8026557942277549,0.9475597985845114,0.92884882212975,0.9780865699631884,0.9610354185769059,0.987394624057748,0.9582144552981327,0.9359245759999373,0.9458430027009457,0.8864622842804519,0.9117550006367756,0.9695767521740236,0.9779134885361098,0.7333647111852177,0.952849736761652,0.9610354185769059,0.8893007587699873,0.8679414084456808,0.9991271005058252,0.9701429667321069,0.8055821814466964,0.9401196485914108,0.9380414785683449,0.8995813910474277,0.8163020573227059,0.9492063492063487,0.981381831638016,0.9459533477380777,0.9470207508424532,0.8651353356666012,0.9637881401608364,0.7971798092312721,0.9492063492063487,0.998044190245674,0.9874583385590245,0.9602211523225768,0.9492063492063487,0.8719900286803044,0.9580166426603274,0.9565760602192026,0.919285006617433,0.9049315186013057,0.9475597985845114,0.9492063492063487,0.8336323815959055,0.9492063492063487,0.8976747730531871,0.982551608670862,0.9243006158446727,0.9492063492063487,0.955869443326336,0.9492063492063487,0.8278085882470867,0.9471856021934963,0.9164419655193168,0.875911018859066,0.9526370111116407,0.8061796741685836,0.9459533477380775,0.9578055524052942,0.9384124008873462,0.8956288923209896,0.8488494650114393,0.904418873306992,0.9544316996038,0.8993922310882434,0.929862328974965,0.9027019168030599,0.9535624564318681,0.9992249226337293,0.9580166426603274,0.934504168371135,0.9202651318010482,0.9459533477380777,0.9492063492063487,0.710210757016805,0.9492063492063487,0.9905920926449061,0.9152582079543843,0.8280234816778032,0.6856702229525605,0.8061796741685838,0.981381831638016,0.9140827360776209,0.9369854052620168,0.9292058051524483,0.9398636845831869,0.9179343211748925,0.9773757151292214,0.9644641533901629,0.8717146038820363,0.9750701654313519,0.9475597985845114,0.817639286262329,0.9166713987213371,0.9623211158059548,0.9603863440630982,0.892286463632245,0.9127774219260276,0.9359245759999371,0.8928098508919077,0.8280234816778033,0.7863834879230723,0.7777200559261548,0.8907047437999391,0.9582144552981327,0.9459203563281635,0.9140827360776207,0.9341976401680094,0.9400050159634596,0.9582144552981327,0.9335495544090702,0.8715164809151128,0.9562880686171875,0.9358682901281239,0.9225015741707872,0.9526370111116407,0.9188361382271668,0.9363426627010593,0.9459533477380777,0.9526370111116407,0.9773757151292213,0.8269054211514353,0.9582144552981327,0.883604387602573,0.9903699584566826,0.885400876353422,0.9449541973940438,0.8060296021509912,0.9492063492063489,0.97998139075904,0.9459533477380777,0.9544316996038,0.9136463571360584,0.7635639793573137,0.9773757151292214,0.930160641445072,0.9539125216067482,0.8440180327877229,0.9908963593651976,0.6995385991454046,0.8983676175158459,0.9619134810141818,0.9573688237991841,0.9056658175513997,0.9602211523225768,0.9401196485914108,0.9602211523225768,0.9927913675399128,0.9137080532218428,0.9094556823349393,0.9773757151292213,0.9492063492063487,0.9544316996038,0.9414106494210732,0.9314886672615055,0.9582144552981327,0.8176392862623295,0.9886251033694343,0.9492063492063487,0.9913026731221013,0.9632002305182419,0.9623211158059548,0.9250049848928681,0.9683604913388733,0.9341976401680094,0.9005384212506021,0.9309209056021673,0.858173483507684,0.7914282554375611,0.9428469360414604,0.8409971458279795,0.9526370111116407,0.963022385343627,0.8117838598171896,0.9430869529798079,0.8839067233027009,0.9623211158059548,0.8396970313026867,0.9188361382271664,0.8557200473059943,0.9443834278905732,0.9475597985845114,0.9665120503695124,0.9202651318010482,0.7937812374916591,0.9349010971923584,0.818749855334769,0.9492063492063487,0.9772551247195334,0.8202213519738353,0.9200475251844389,0.9076027506473452,0.6283163920140764,0.9962604064950795,0.9492063492063487,0.9492063492063487,0.8705563612990561,0.9011031204098298,0.9841885663437668,0.9492063492063487,0.957486356544754,0.9492063492063492,0.9683086794376969,0.8972062142375332,0.8995813910474276,0.9492063492063489,0.9701429667321069,0.9938077685674778,0.8322525541058985,0.8082384637825226,0.9492063492063487,0.9153139730017579,0.9164419655193168,0.885265384549855,0.9670545960247571,0.8442668358655897,0.9346125991723417,0.9526370111116407,0.807540912795485,0.9492063492063487,0.8256510411711879,0.8660358761631225,0.8904561153277739,0.8593380031796716,0.7782187417099931,0.8898549672341265,0.9428469360414604,0.9492063492063487,0.9186188500482274,0.9107502494368844,0.9492063492063487,0.6586766384632858,0.9363122233940779,0.8420784215528956,0.8152867967569697,0.8852337768299304,0.9492063492063487,0.8356986313379362,0.9180353447095948,0.9562880686171875,0.97442074897755,0.930211740879983,0.9871891849714203,0.9890271575839276,0.8961186971729784,0.9526370111116407,0.8762768783002747,0.8864622842804519,0.9044988266272492,0.9758344607938763,0.8948766270805081,0.870666221095258,0.9355809960386168,0.9544316996038,0.9314886672615055,0.9492063492063487,0.9582144552981327,0.9400050159634596,0.8989443341645225,0.9470390403999657,0.8307117975845804,0.9459533477380777,0.9746481962695819,0.9136608016620085,0.9459533477380777,0.8339417653831187,0.8537698412698409,0.9991271005058253,0.9128732846826051,0.9428307668638465,0.8060296021509911,0.972019382853735,0.957486356544754,0.9991271005058253,0.9355809960386168,0.9434764183797986,0.9384124008873462,0.9602211523225768,0.9416327070216752,0.9539125216067481,0.9998909281330145,0.9127774219260274,0.9507968637523911,0.9027019168030599,0.9526370111116407,0.9188361382271666,0.9372344714402789,0.876961388806675,0.9087308614830323,0.8357120864475064,0.7208444903662713,0.9250013316406696,0.9592572502158769,0.9134383502130585,0.9049315186013056,0.8133917646328432,0.8715164809151128,0.9266101958517023,0.8942700047615739,0.9087308614830323,0.9888877218166614,0.8175997772209658,0.7773931278746954,0.9949026854846568,0.9610880275993516,0.9992249226337293,0.867055737779324,0.9526370111116407,0.9131684630076989,0.9670079624580028,0.9512934499841005,0.6843431250393637,0.9582144552981327,0.9263050774651862,0.9279034959226291,0.9562880686171875,0.9971276925647266,0.944383427890573,0.9443834278905732,0.8280234816778033,0.9582144552981327,0.92500133164067,0.8255663034700993,0.9129151319089193,0.9475597985845114,0.9475597985845112,0.8865885756024987,0.9471856021934963,0.9443834278905732,0.9044788524275964,0.9492063492063487,0.9562880686171875,0.9492063492063487,0.9492063492063487,0.9216615961278638,0.935580996038617,0.9188361382271664,0.9492063492063487,0.9620231262730152,0.9246129846828502,0.8709496185158996,0.9011071780180159,0.8811713725919916,0.994750375861608,0.9428307668638465,0.9414106494210734,0.9213989428943463,0.9428469360414604,0.991632948188578,0.8176392862623292,0.961325151342389,0.9470547902208428,0.9801184131332199,0.92500133164067,0.879799962362196,0.9459533477380777,0.8692199447356004,0.9562880686171875,0.9331711877287372,0.9526370111116407,0.9851427757797315,0.8954014960722595,0.9842968264073595,0.9355809960386168,0.9689318497925984,0.9701429667321069,0.9457174376824435,0.9044988266272496,0.9647506825559773,0.9526370111116407,0.9384124008873465,0.9813818316380162,0.9589591641085065,0.9250234851679421,0.9592572502158767,0.9544316996038,0.9504233082603581,0.9443834278905734,0.9484110728449682,0.8896584524348268,0.9475597985845114,0.8289194532234487,0.926270021131592,0.9623211158059548,0.86282129710497,0.9674473865880053,0.9424631527248861,0.8603122475559108,0.9384124008873462,0.8127929011389605,0.9508586339370195,0.9492063492063487,0.9544316996038,0.9164419655193168,0.8537698412698407,0.9558694433263362,0.9384124008873462,0.9919305345581159,0.926270021131592,0.9485635112687547,0.9578055524052941,0.9392104300114426,0.9602211523225768,0.9632609043991707,0.9470390403999659,0.9408053715448896,0.9459533477380777,0.9980353634264251,0.9380414785683449,0.9580166426603276,0.9341976401680094,0.9656874986237598,0.9140909519416198,0.8106069085572603,0.8507506532888578,0.9044188733069922,0.9779177832860688,0.8612222667022573,0.9809662470451702,0.9602211523225768,0.9369854052620168,0.9508971383859763,0.9281378109691689,0.9424631527248861,0.889143973959648,0.9475597985845114,0.9093303855836502,0.8709005235160128,0.9623211158059548,0.9518913447661278,0.9526370111116407,0.9613251513423888,0.9971276925647264,0.964240297759334,0.8295306933275091,0.92500133164067,0.7914282554375612,0.8762768783002746,0.9964123220916106,0.7333647111852167,0.9544316996038,0.962321115805955,0.9492063492063487,0.9927913675399128,0.9294246480784079,0.9363426627010593,0.9200475251844389,0.9492063492063487,0.8832831707913575,0.8825502143476116,0.974955727319273,0.9683086794376969,0.9038142386822652,0.9279034959226291,0.9494565734115241,0.8473643897825671,0.9758994362393925,0.5783215523278551,0.8506512873935237,0.9266101958517023,0.9562880686171875,0.9027019168030597,0.9288488221297497,0.9773757151292214,0.956466487927786,0.9623211158059548,0.9275522446953857,0.9459533477380777,0.9510697823313443,0.9413411539914585,0.9288488221297497,0.9492063492063489,0.9619684272088396,0.9190178999788694,0.9582144552981327,0.9194444444444441,0.9384124008873465,0.8652191323111957,0.8284086162176745,0.9475597985845114,0.973053360823401,0.944383427890573,0.9475597985845114,0.9475597985845114,0.8602326261905313,0.9492063492063487,0.9950603702402812,0.9871891849714203,0.9492063492063487,0.9341976401680094,0.9266101958517023,0.8846149163346163,0.9526370111116407,0.6669241895153397,0.7782187417099931,0.9475597985845114,0.9659561259078233,0.951775522362714,0.9888877218166616,0.9496792103557865,0.9492063492063487,0.9071820194155724,0.9773757151292213,0.9610880275993516,0.9349803447622531,0.9486714815870392,0.9582144552981327,0.9508971383859763,0.9913026731221013,0.9992249226337292,0.9913026731221011,0.9194444444444441,0.956466487927786,0.8977592394954912,0.97201754229775,0.8388272306091997,0.9470390403999659,0.9632002305182421,0.9701978599269917,0.9773757151292215,0.9728072322506559,0.9919409286228256,0.9492063492063487,0.9194444444444437,0.9165426167073853,0.9602211523225768,0.9543190585756794,0.944383427890573,0.8904904028915422,0.9697158624438909,0.9459533477380777,0.9323134774355856,0.9333745907382668,0.9492063492063487,0.9492063492063487,0.9589591641085067,0.9192092392514406,0.9801193820390868,0.9947503758616081,0.9056892759978576,0.9589429769107363,0.8399134433261004,0.9165202006448042,0.932833950574053,0.9849325742456101,0.9492063492063487,0.7182886012187824,0.9544316996038,0.9623211158059548,0.8311464231994983,0.9582144552981327,0.8459565846100463,0.9492063492063487,0.9492063492063487,0.775305396269745,0.9492063492063489,0.8797565628676707,0.9384124008873462,0.8570084033315835,0.9372344714402792,0.782364606040574,0.9372344714402789,0.9820719702324521,0.8812418962256667,0.9492063492063487,0.9152582079543843,0.9328182385565771,0.9508971383859763,0.6488589737837394,0.9382532758726713,0.9063610484117897,0.9106019687464653,0.9176344520056336,0.9508971383859763,0.9531337744920034,0.9492063492063487,0.9401161903412835,0.9949841493208558,0.9750767117923147,0.9627235843854319,0.8974240433030012,0.943086952979808,0.898395560505145,0.8846909396641924,0.8929968346358237,0.9333068873774841,0.9477787096794056,0.8739479665019894,0.9602211523225768,0.8484628994946642,0.9166547403069645,0.9577419323669981,0.9544316996038,0.9475597985845114,0.9759275434312635,0.9779134885361098,0.9992249226337293,0.9430021428738233,0.9510697823313444,0.956466487927786,0.962321115805955,0.9623211158059548,0.9801193820390868,0.945843002700946,0.970223678284496,0.8537698412698405,0.9602211523225768,0.9384124008873462,0.9507968637523909,0.8910707793081734,0.9980353634264251,0.9475597985845114,0.7276985130257296,0.8939536575643379,0.9508971383859763,0.9375052704462523,0.9512934499841009,0.9393503047271476,0.9145713394632464,0.9492063492063487,0.8918007079504509,0.9851190476190474,0.843101255850654,0.9602211523225768,0.8613145460927207,0.9341976401680097,0.9801184131332199,0.9492063492063487,0.9392104300114426,0.9197926279183388,0.9341976401680097,0.9377790450482391,0.9109668653456435,0.9290791856733023,0.9544316996038,0.995974446347661,0.8527877093428842,0.9767639587317076,0.9727033216394299,0.9355809960386168,0.8732007079970958,0.9623211158059548,0.9888877218166614,0.9492063492063492,0.9138478446145948,0.97998139075904,0.923011221764216,0.9027019168030599,0.8964040526278079,0.8537698412698403,0.9475597985845114,0.9181415671352164,0.8612222667022573,0.9331711877287372,0.885265384549855,0.8231275036273116,0.9492063492063487,0.9292150970167989,0.8633240709217587,0.9225015741707872,0.9492063492063487,0.9810708463392349,0.8206822618300813,0.9582144552981327,0.957805552405294,0.9475597985845114,0.9069141560297458,0.8660358761631226,0.9162546240992183,0.9779134885361098,0.9302614904222952,0.9355809960386168,0.8129560940834348,0.9492063492063487,0.8790589891285874,0.9492063492063487,0.9632002305182419,0.9217519020931764,0.8843412180810761,0.9623211158059548,0.8354035823308781,0.9727033216394299,0.9377301446838552,0.9225015741707872,0.9492063492063487,0.7266107568770395,0.9078099208946409,0.8740332331171858,0.8869338257310104,0.9152582079543843,0.9544316996038,0.9250013316406696,0.7514717371644384,0.9164419655193168,0.9292058051524483,0.9363122233940779,0.9164419655193168,0.9683086794376969,0.9544316996038,0.885400876353422,0.9164419655193168,0.9623211158059548,0.9314886672615055,0.7782187417099931,0.9899936426963005,0.9475597985845112,0.9834594839173174,0.9341976401680094,0.9279034959226291,0.9152582079543843,0.9888877218166616,0.9140827360776207,0.97998139075904,0.7971798092312721,0.7292153930318648,0.9263050774651864,0.9225015741707874,0.9015943008452876,0.9603863440630982,0.9532451920987461,0.9083158055901508,0.97998139075904,0.9136608016620084,0.9526370111116407,0.9447628386820247,0.9597907618264778,0.9275522446953857,0.9274061806725941,0.9386131743457118,0.9544316996038,0.9562880686171875,0.9279211061273759,0.9262700211315917,0.9307131725951663,0.9176344520056336,0.9250013316406698,0.9318717683150427,0.9913026731221011,0.9701429667321069,0.9492063492063489,0.9255776356822873,0.9537464027925434,0.9548120669934363,0.9004911494084336,0.9105997694059791,0.7422817378888342,0.9044188733069921,0.9425887019071977,0.931488667261505,0.9950603702402813,0.9307341409458902,0.9492388075036137,0.9372431009731568,0.957870190272649,0.9398636845831869,0.8847222613194274,0.9475597985845114,0.9867651452593773,0.9171261019833651,0.9526370111116407,0.9508971383859763,0.9215191722498273,0.9275522446953854,0.8374011676109454,0.8982973238138034,0.8950935460094678,0.8834178016135845,0.9459533477380777,0.9298144168543094,0.979298117111586,0.8563736953667129,0.9414106494210732,0.9526370111116407,0.9531337744920034,0.9341976401680094,0.9562880686171875,0.9292058051524483,0.9842968264073595,0.9813818316380162,0.9602211523225768,0.885400876353422,0.9582144552981327,0.9216615961278638,0.9562880686171875
p21_M,0.8585867014426444,0.7998527217210254,0.6308179364408952,0.8778897053591899,0.7360709153718037,0.871437530173562,0.8919774515460277,0.8445700215020964,0.4623272460162109,0.770476797162505,0.8199103265291452,0.7823930047213897,0.7540690112344764,0.7355710168869778,0.9402061880129592,0.8875190257794383,0.9446208795349662,0.7662354834447611,0.9969440767479354,0.9007974233889862,0.7257644597929449,0.7898596515802685,0.8984982795453522,0.8669655156352967,0.8090990941641021,0.6046908988334155,0.8102331311923987,0.5754141874775656,0.9007974233889859,0.6584642027621719,0.6715985755204533,0.7692571359771148,0.8574686916051835,0.7278043633023875,0.765220240367444,0.857425373791612,0.8625158980695156,0.8049905346767261,0.782593546960169,0.761704184745077,0.6567206399103713,0.7495023084786336,0.9363575126785111,0.6648835450737215,0.8639882305294255,0.6411154488836535,0.8383948208633007,0.5273573578052204,0.7617041847450774,0.39171615150535255,0.8336278801756608,0.5138608549506265,0.6271578137520522,0.8511486947061906,0.9063796022167536,0.8007823684965492,0.9749991083317993,0.8266892096935958,0.5904134130864217,0.8155897859167085,0.4579334636313912,0.6771549510498323,0.8293600480197822,0.9086618110626263,0.8508524342038148,0.36100495760801776,0.8445183988316081,0.6372864460003675,0.902440142981255,0.8923050495306928,0.731365906107277,0.7617041847450772,0.8266892096935965,0.0,0.8266892096935958,0.6126029349440234,0.8144465923108912,0.8450091399686619,0.4182840792095459,0.871437530173562,0.878903912196651,0.8916709064435278,0.7484291696442609,0.9909046326311257,0.8266892096935958,0.7189641226043173,0.9619682366946263,0.5675768440442014,0.9074327213772267,0.8210710864618282,0.8266892096935958,0.6468419677860375,0.593235706431235,0.5061381986499888,0.8965210431031654,0.8488422785020588,0.639339068598376,0.616230974762821,0.3453889465921487,0.3766524198900748,0.7572281835377361,0.8694583018704125,0.8266892096935967,0.7098079195849107,0.6166350306762118,0.8574253737916122,0.6832998353459117,0.28322105147183285,0.7810575646918317,0.2725376327806748,0.5913986928563411,0.9763993910467474,0.4687947362026811,0.7091312076830194,0.838394820863301,0.38789396138448606,0.9024446676913556,0.7937778688175781,0.8714375301735615,0.3751320069814822,0.9624152710233561,0.7482501886210617,0.7849906623320984,0.984617019087539,0.83363622820067,0.49210695501635604,0.8324582773700502,0.997419408307832,0.9910150473833055,0.9665159719861598,0.4410898749176322,0.8383948208632999,0.8445183988316078,0.8210345383897545,0.8102331311923987,0.6463818934160057,0.6173274983232684,0.8767037709308809,0.8767037709308809,0.8431596959716181,0.5481901206106525,0.8642723367835954,0.5157570037259942,0.6349942122982382,0.7883550226673008,0.5388987788980928,0.6721433164510925,0.30164564062280685,0.8181549736125886,0.3328470835922004,0.864272336783596,0.5987686469422313,0.8667192104766097,0.981137603812444,0.9732598872287004,0.641253566605291,0.6418520727648902,0.7819783757720598,0.7277639915916648,0.6399299819423248,0.7845586827768897,0.8694583018704127,0.8451940043473611,0.590283211769681,0.6989384793145241,0.7148952917141549,0.7733732836894485,0.7239049522176395,0.9176770250258659,0.4692287354982554,0.7762334993076099,0.821071086461828,0.7418986894359176,0.6740128793215704,0.800288958168747,0.7331176141676874,0.9271847252697736,0.9054494751530813,0.8462452225485726,0.7059618199338504,0.8959624547038578,0.7348808826178199,0.8661136459347678,0.9806609591297814,0.979955085735754,0.5286703566311084,0.36126746041430635,0.6879268558321787,0.7998527217210255,0.8015949998810021,0.8811412034792876,0.7394037182452793,0.49610592624319194,0.28839041859828607,0.9435170072975412,0.8266892096935958,0.7767926535369007,0.981009246246165,0.9334435734222792,0.6489781294833725,0.6641246843727913,0.9910150473833055,0.8266892096935958,0.5515520380385757,0.3510614412259917,0.8070018837678951,0.8266892096935958,0.8231496037997093,0.6249100834477022,0.562726914312496,0.7415845619571799,0.7105378940954103,0.8210710864618274,0.8266892096935958,0.9769401757039481,0.8266892096935957,0.4731224106571812,0.5161361694179514,0.5176771472921597,0.8266892096935958,0.5404854596667543,0.8266892096935958,0.6846242740859914,0.7840388104848646,0.7148952917141549,0.5766014245122983,0.8383948208633001,0.24253939644753164,0.8707296060265275,0.8038586472341172,0.6938145930766613,0.7850774260728466,0.7300586368377979,0.7426761754075466,0.8767037709308809,0.9422539672162609,0.8472838286938824,0.908542798677987,0.8148506666572046,0.8336692375545377,0.5679757686912918,0.759726074111385,0.624455666702505,0.8811412034792879,0.8266892096935958,0.730663213586876,0.8266892096935958,0.6413921234025818,0.7108562443941846,0.8979986243742073,0.8815560588411535,0.2550447313657753,0.7767926535369006,0.5981751376475655,0.7849906623320981,0.6344860777611516,0.8450091399686623,0.46530986233917215,0.7577799260442377,0.6059097357143952,0.9869075921118051,0.42203677419398533,0.8210710864618282,0.9819123209501915,0.6369747859078037,0.782593546960169,0.6008222625532749,0.692368814831218,0.8165087157698867,0.8040734612380835,0.6172130154727724,0.9410745151294275,0.625604627155244,0.597581121382293,0.4819164418916191,0.8574253737916122,0.25955563776506163,0.7484409525761411,0.8684324553954448,0.9370085071270431,0.8574253737916122,0.9204863589561311,0.23317903319960553,0.8508524342038148,0.6696604293046027,0.7965647405179257,0.8383948208633001,0.7230643435079145,0.2030391734665956,0.8155897859167087,0.8383948208633003,0.8694583018704125,0.32524431031069934,0.857425373791612,0.39131334629266934,0.6709662866226167,0.6089813514626867,0.9166088554157756,0.8923050495306928,0.8266892096935965,0.8059295364969021,0.8155897859167089,0.8445183988316081,0.18673846368194413,0.7133396130460864,0.8383948208633001,0.7617041847450774,0.8631265607782185,0.39525258664798457,0.5679285238212404,0.6250811764698095,0.687909625650486,0.8810241590892791,0.7470373524370509,0.6388791147932417,0.9007974233889862,0.6528173206736956,0.9738475965997659,0.879958998704971,0.6438881883665049,0.7091312076830198,0.8199068880584627,0.8266892096935958,0.7370717638778395,0.8913621325953613,0.7662354834447609,0.8574253737916122,0.9846406300806099,0.8777190734356535,0.8266892096935958,0.8090990941641019,0.9681762475129838,0.8714375301735617,0.7132101404787461,0.6675186588875213,0.775478651203112,0.9945547406720264,0.3784949213068406,0.4422448606736049,0.85731595782811,0.6964669745029233,0.4840182399331634,0.7577799260442376,0.6689688676034908,0.5356996819067312,0.7128355349199056,0.6665874999800948,0.8714375301735617,0.26064123295636055,0.7230643435079143,0.23180974352674688,0.8102331311923987,0.8210710864618282,0.9321741379918553,0.6089813514626858,0.2283492270605083,0.2608926811385113,0.3815643230155912,0.8266892096935958,0.41683713805437894,0.8544143933024234,0.7668801834274461,0.854707322088536,0.989627316794844,0.3754298628073436,0.8266892096935958,0.8266892096935958,0.8181549736125884,0.6181827616450617,0.547119410847422,0.8266892096935957,0.9007974233889862,0.8266892096935967,0.7559022580972936,0.6492618275962327,0.3385272367004506,0.8558385346892368,0.7604083864978797,0.7898596515802687,0.4276362898604391,0.34569886446565057,0.8266892096935958,0.5945500469975813,0.7148952917141547,0.23651250063447427,0.32713170651053114,0.8015949998810021,0.6416716411796872,0.8383948208633003,0.17524160896715824,0.8266892096935958,0.321020238125715,0.8111693132820337,0.7017636131376224,0.8102284709416216,0.9871959984331583,0.4238621090607686,0.8049905346767257,0.8266892096935958,0.7459634247600655,0.6560001475787156,0.8266892096935958,0.9251548400303684,0.5697271785241707,0.6607097432169524,0.36974817257911496,0.16151691692646053,0.8266892096935958,0.8399066172779155,0.5132878601196118,0.9177465321422122,0.6029665476692065,0.4717658288545906,0.5887296472894816,0.5784538419867717,0.66199671008072,0.8383948208633007,0.7800423111703365,0.45380821515769754,0.827518555311926,0.35534137252603126,0.7161056922469111,0.5587058798676412,0.9694780037787785,0.8445183988316078,0.7887023983633974,0.8266892096935958,0.9271847252697738,0.7665245811994164,0.5059633678729257,0.8036074718780999,0.774262833544006,0.8155897859167087,0.7027273524861771,0.9526887601679113,0.8431596959716181,0.8450091399686623,0.8266892096935967,0.8255007082136079,0.6473845849968436,0.7237606168108972,0.8984168960348218,0.3419933384038124,0.989627316794844,0.8923714403679843,0.8984982795453522,0.5700829869728083,0.8636204737721362,0.9007974233889862,0.7323806038240117,0.7672224363446678,0.8551543752729023,0.8165087157698867,0.8390335330415137,0.6851941396038526,0.9752242930940253,0.9584063263034994,0.9254578891394436,0.8995372933811573,0.891670906443528,0.789008783554668,0.9956020206057645,0.5881269905692315,0.5067457912875766,0.5005409089999183,0.7629132350508143,0.8639882305294255,0.6407546895800651,0.6749368451971862,0.674822988013859,0.8294676809794753,0.8748383714675436,0.39042496792485837,0.9792991659547187,0.548504022712103,0.852706132027558,0.7677905591505945,0.5467185253016723,0.8383948208633001,0.9143786725328966,0.5475324084488511,0.8353154364479332,0.8897852520155692,0.9681762475129836,0.7008959998127455,0.5359324336116431,0.9177465321422125,0.8491610659211275,0.8371106808609121,0.8102331311923989,0.9623693685727533,0.7937778688175781,0.7649682260587916,0.4177390134874548,0.702861537283304,0.8210710864618278,0.8210710864618278,0.6500523991285988,0.7485280535402494,0.8102331311923985,0.5622830208386308,0.8266892096935958,0.8508524342038153,0.8266892096935958,0.8266892096935958,0.23583163815772756,0.9931379118565873,0.7426761754075464,0.8266892096935958,0.43295440771338667,0.28789678192626567,0.8437029788258071,0.8526859948352508,0.6248580719397223,0.43869487133311225,0.9142506914683826,0.9024698744131312,0.354396693487518,0.906379602216754,0.9517222684367808,0.8508524342038151,0.6023198799745904,0.6319804609105417,0.5408431014264463,0.7441003298209856,0.9588577591452118,0.7708615632596499,0.8158409173380932,0.8842994831730135,0.66199671008072,0.8383948208633007,0.7619917648649261,0.8167492967297721,0.9763993910467474,0.827518555311926,0.3825352546577997,0.7604083864978799,0.5107466573729567,0.8175828235209424,0.9454515214499812,0.7577799260442377,0.9127943552333815,0.8625158980695153,0.8946777369684908,0.43753201391584684,0.4935032620407753,0.8767037709308809,0.6779514826911839,0.8941138224539532,0.7023328607305672,0.6235084402607627,0.8493950799487404,0.33654787412878007,0.7695851515669614,0.8714375301735615,0.3501923886436822,0.43602907731199525,0.7306632135868752,0.37981265372379003,0.7898596515802687,0.6775065396510191,0.7469172074090863,0.8266892096935958,0.8445183988316078,0.7288607865712486,0.9984148403325633,0.5824941080327011,0.8167492967297716,0.8535712934243784,0.8542090792577641,0.4238621090607686,0.8038586472341174,0.163356027886422,0.8642723367835956,0.32077934465642555,0.9291015390756847,0.5004211344931719,0.8431596959716181,0.9624250054621011,0.7582100817747532,0.7677905591505942,0.7754786512031122,0.6394065860339085,0.6550963900608459,0.3537801311061286,0.47929601396934884,0.7818998392068106,0.4947526154200994,0.5264825768781052,0.6507306792826457,0.864272336783596,0.8814243896601137,0.8669655156352969,0.5954162261406593,0.7650245457521264,0.7688927033051993,0.8493950799487413,0.3544758367367211,0.4574733281236947,0.9483195130327327,0.5573039949208285,0.8509703690655748,0.8159235508073304,0.7148952917141542,0.793667190730335,0.9777495299091438,0.7649682260587916,0.8774912920198472,0.736363127428852,0.7948115130896278,0.9626910538963924,0.8445183988316076,0.8714375301735617,0.8266892096935958,0.9239226822987083,0.5692238092786435,0.4814497629996377,0.7271976638668829,0.8266892096935957,0.58681567518198,0.41387467729132155,0.5459554532006663,0.7355710168869778,0.6718087782679452,0.6308179364408941,0.5265172296803273,0.9667130503877498,0.7742628335440054,0.7850774260728464,0.464120253040035,0.7067888002711156,0.8508524342038153,0.6680134735212271,0.9749991083317993,0.8694583018704125,0.729834349312988,0.9098785216031469,0.7536469751485397,0.8155897859167089,0.8714375301735617,0.7998527217210254,0.7790052760171424,0.8558385346892365,0.5808909265892422,0.6053657379014348,0.8286575445566602,0.7943695653630838,0.7184015338072834,0.4392700611581546,0.3128461974593616,0.8210710864618282,0.8767037709308811,0.8102331311923985,0.8210710864618282,0.8210710864618282,0.8603471668053388,0.8266892096935958,0.8941138224539529,0.8786089985412942,0.8266892096935958,0.775478651203112,0.6271589125862931,0.8635372202957403,0.8383948208633007,0.8842994831730135,0.9827463808673766,0.8493950799487413,0.4927075298756738,0.33353836727995456,0.699283283131898,0.3214607286407365,0.8266892096935958,0.6832998353459117,0.8383948208633003,0.7987171022511947,0.3863464549846637,0.7050800306582665,0.857425373791612,0.8324582773700502,0.7087322691958202,0.9575716083386272,0.7849906623320986,0.8558385346892361,0.957571608338627,0.7715275524841925,0.8484398110100146,0.6646365777807294,0.8450091399686626,0.9620644010088546,0.7617041847450774,0.8383948208633007,0.7720767277074487,0.3814644572505175,0.8266892096935958,0.8558385346892363,0.6438434882447863,0.8070018837678951,0.49909392139188613,0.8102331311923985,0.8199103265291452,0.30942094223535876,0.8155897859167087,0.4589733236010054,0.23288477394672613,0.8266892096935958,0.8266892096935958,0.8946777369684911,0.5541494916534353,0.685194139603853,0.5271973540225428,0.26823115116058716,0.5100224499578938,0.4670182035471728,0.22251524960272595,0.770825665690783,0.22608358296944475,0.8266892096935958,0.863513318769191,0.8445183988316078,0.782593546960169,0.4238621090607688,0.8574253737916122,0.42960892412376595,0.8266892096935958,0.8266892096935958,0.23332938779540813,0.8266892096935965,0.23003660450884067,0.8144465923108912,0.5121046383050021,0.6567206399103713,0.8600974137817241,0.7407010302944559,0.24136818513425617,0.4904138015551396,0.8266892096935957,0.7108562443941846,0.1648953384554147,0.8625158980695156,0.9969440767479356,0.9828418967667234,0.8143907991260692,0.8773813532984649,0.7189641226043171,0.7166774121379702,0.5610289844773284,0.8266892096935958,0.28463101938711455,0.9128829790103437,0.4866793781719605,0.595068114303283,0.5692238092786435,0.841075467382819,0.6260411204694714,0.5560597723535632,0.8815711740425954,0.7732151953882633,0.35988420741631644,0.998375978871993,0.864272336783596,0.8984666413273346,0.923503887875216,0.28969262499296344,0.7692571359771144,0.8493950799487413,0.5651570115332185,0.6983445044771046,0.8247248739070043,0.9272600996889396,0.8210345383897547,0.7298343493129877,0.8979165212489256,0.85947552981934,0.6851941396038528,0.9652927812302627,0.515725699420372,0.8818175403500037,0.864272336783596,0.8144465923108912,0.8167492967297716,0.5190078425952718,0.8312296131409549,0.7257450177475634,0.9967762008112058,0.7451458081137827,0.8970231363347619,0.6225899784867559,0.8934910933697415,0.637176381355318,0.6708905890710994,0.8266892096935958,0.6308179364408941,0.9401161903412836,0.4889376910069435,0.770476797162505,0.8865514587159431,0.6667985236428933,0.6738325213287677,0.8266892096935958,0.3528345354603808,0.3628356004564579,0.8759445830756417,0.17055182926155688,0.2716932457786094,0.18791815775533371,0.8767037709308809,0.39822470633514195,0.9918224547761917,0.916501326215324,0.3630225978777498,0.7801987391563083,0.47817866317182767,0.8714375301735617,0.827518555311926,0.8266892096935967,0.9031198727394769,0.8722675641246391,0.3475163508898941,0.9429041308432378,0.3791672032803466,0.9692655153369233,0.8210710864618282,0.40807072945975453,0.5264825768781054,0.6619967100807198,0.2865301873816273,0.29995294918615056,0.8266892096935958,0.2557458147001771,0.53365405096314,0.7355710168869778,0.8266892096935958,0.18224381327910188,0.9099468485336428,0.8574253737916122,0.7801987391563097,0.8210710864618282,0.5967461796324094,0.7844262181825084,0.8976450861876899,0.866113645934768,0.9558431752325036,0.851178463389735,0.3872393009178552,0.8266892096935958,0.9253161356239787,0.8266892096935958,0.7937778688175781,0.5360245302546864,0.3480420656434583,0.782593546960169,0.8284511919017271,0.6278488388103276,0.5562073325289303,0.7762334993076099,0.8266892096935958,0.6586481827912334,0.40387595387147723,0.6261885996596632,0.806704018534403,0.710856244394185,0.9088891430301544,0.7441003298209858,0.7247589462130912,0.7148952917141536,0.3980200536977917,0.35018938795458077,0.7148952917141536,0.755902258097294,0.8445183988316083,0.6244556667025063,0.7148952917141536,0.782593546960169,0.9684377177124894,0.866965515635297,0.6554042971821445,0.8210710864618274,0.6423857194468474,0.775478651203112,0.5840045276470729,0.7108562443941848,0.888562547754369,0.523042230183278,0.64125356660529,0.8390409916952155,0.8659231781910172,0.8162224555389049,0.7355710168869782,0.6812826182356035,0.5354318680690294,0.9143776565717845,0.6871683774743924,0.8280422123728146,0.8068502742363659,0.8694583018704134,0.6879268558321783,0.9465090566856751,0.8180229103268297,0.7957214786034352,0.6288789117094851,0.8445183988316078,0.8508524342038153,0.9214383318797836,0.5957353907520184,0.7867561890573058,0.7186711938182044,0.7441003298209858,0.9834575984119115,0.8814243896601137,0.6629790261384092,0.826689209693596,0.5442700788950076,0.6435101047403033,0.7586487358988605,0.4596763218690436,0.8117458477350037,0.8842994831730135,0.8211235030060746,0.9169385964252825,0.6271578137520522,0.8908657801979392,0.7484291696442607,0.9086618110626266,0.8967545015528238,0.8045679809427841,0.7948115130896285,0.8427885104763269,0.9060430669225665,0.8317752838505387,0.676098613962999,0.8383948208633001,0.8625158980695156,0.37600914433284205,0.581977814673101,0.8383948208633007,0.8634206838256486,0.3100874536720628,0.6889873290995918,0.8707296060265277,0.8431596959716183,0.2931619718519016,0.8684324553954446,0.6680134735212271,0.869458301870413,0.3262051251301461,0.7754786512031118,0.8508524342038153,0.4141449515068094,0.9307163409676442,0.8625158980695156,0.8070018837678948,0.6792001475056105,0.7937778688175781,0.8040266682126329,0.8842994831730138
p21_T,0.7524297972473161,0.9413411539914585,0.8918007079504506,0.9225015741707872,0.9492063492063487,0.9623211158059548,0.7050163519970581,0.7509151724713103,0.9038142386822647,0.960221152322577,0.9398636845831869,0.9475597985845114,0.9475597985845114,0.9225015741707872,0.9106019687464653,0.5567710364845595,0.944383427890573,0.9314886672615048,0.9582144552981327,0.960221152322577,0.8875255844205965,0.938412400887346,0.935580996038617,0.9508971383859763,0.9369854052620163,0.9314886672615046,0.944383427890573,0.916441965519317,0.960221152322577,0.7739436107925906,0.9250013316406693,0.9544316996038,0.9428469360414609,0.9188361382271659,0.9492063492063489,0.9582144552981327,0.9508971383859763,0.9428469360414602,0.9623211158059548,0.930160641445072,0.8993922310882436,0.932833950574053,0.9623211158059548,0.912915131908919,0.9443834278905732,0.8474513194974065,0.9526370111116405,0.9004911494084333,0.930160641445072,0.8918007079504506,0.9544316996038,0.8495864161552136,0.9314886672615046,0.13408370177867746,0.9428469360414604,0.9288488221297497,0.9288488221297497,0.0,0.7383793872014479,0.9459533477380775,0.9060540201833016,0.831146423199498,0.931488667261505,0.8993922310882436,0.9562880686171875,0.8244397822834253,0.9544316996038,0.6473831763250288,0.7698078233874499,0.9582144552981327,0.92126914699118,0.9301606414450723,0.9492063492063487,0.8266892096935958,0.0,0.8864622842804517,0.938412400887346,0.9398636845831867,0.8233095582802461,0.9623211158059548,0.9398636845831869,0.9341976401680094,0.31108550994831163,0.9314886672615048,0.0,0.9176344520056336,0.938412400887346,0.8046479448175341,0.8939536575643376,0.03139863267861631,0.0,0.8918007079504506,0.831146423199498,0.8548949080074899,0.31108550994831163,0.48955645159511163,0.8896584524348263,0.8875255844205965,0.8198957816506434,0.8187498553347687,0.9288488221297497,0.9526370111116405,0.9492063492063489,0.8580633769736241,0.6072669396673074,0.9582144552981327,0.907182019415572,0.7973204052495684,0.9369854052620166,0.8289245259008584,0.8759110188590657,0.9328339505740528,0.8070467719220202,0.9094556823349389,0.9526370111116405,0.7833099084134079,0.9413411539914585,0.9582144552981327,0.9623211158059548,0.8580633769736241,0.9129151319089193,0.885400876353422,0.9369854052620166,0.9250013316406696,0.931488667261505,0.7554264789789613,0.9508971383859763,0.6339927913026551,0.9475597985845114,0.9152582079543838,0.8727631680356085,0.9526370111116405,0.9544316996038,0.9623211158059548,0.944383427890573,0.8453085223330421,0.879064442044788,0.9544316996038003,0.9544316996038,0.06018876900101988,0.8046479448175343,0.960221152322577,0.8244397822834253,0.8717146038820363,0.8875255844205967,0.9106019687464659,0.892875760974867,0.8420784215528956,0.9301606414450723,0.7583810530554915,0.9602211523225768,0.9060540201833014,0.8559522762859688,0.8811713725919912,0.9544316996038,0.9301606414450725,0.8950345750758599,0.9140827360776209,0.8938851835250172,0.5567710364845593,0.7367566674079002,0.9526370111116407,0.9341976401680094,0.7431708752992887,0.8972062142375332,0.9164419655193166,0.8612222667022558,0.8993922310882436,0.9262700211315917,0.8453085223330423,0.9225015741707872,0.9475597985845114,0.9288488221297495,0.6783615558233287,0.8538362113124116,0.8780124908814328,0.9582144552981327,0.6072669396673073,0.9200475251844384,0.5526275082095409,0.9117550006367756,0.8885909234541711,0.9288488221297497,0.9475597985845114,0.6394614409405057,0.8538362113124116,0.8580633769736241,0.9015943008452869,0.13408370177867734,0.9237454173815312,0.9459533477380775,0.903814238682265,0.8221755430097122,0.7897778653703145,0.9060540201833014,0.0,0.9508971383859763,0.9459533477380777,0.4895564515951115,0.8355526955775656,0.8918007079504506,0.9475597985845114,0.0,0.8685695845092951,0.7897778653703145,0.960221152322577,0.0,0.6951973979147161,0.9152582079543841,0.8864622842804517,0.6447787703816181,0.9049315186013059,0.9475597985845114,0.0,0.6473831763250286,0.0,0.8117838598171898,0.8388272306091986,0.8355526955775657,0.0,0.6339927913026551,0.0,0.7050163519970583,0.9071820194155717,0.9164419655193166,0.8759110188590655,0.9526370111116407,0.7711949776746383,0.06018876900101888,0.935580996038617,0.9384124008873462,0.9060540201833014,0.7554264789789611,0.9188361382271666,0.9544316996038,0.4951319232791844,0.8907283270583697,0.9027019168030599,0.897206214237533,0.9152582079543838,0.9152582079543838,0.944383427890573,0.885400876353422,0.9459533477380777,0.0,0.9027019168030597,0.0,0.7334713952978886,0.9152582079543841,0.9544316996038,0.9275522446953854,0.7711949776746383,0.9508971383859763,0.9140827360776205,0.9369854052620161,0.892875760974867,0.9398636845831869,0.8612222667022562,0.9526370111116405,0.8717146038820363,0.8717146038820349,0.8442340263447974,0.03139863267861631,0.9562880686171873,0.8289245259008584,0.9623211158059548,0.8333555867103808,0.8333555867103808,0.24376003609304187,0.8706662210952574,0.8748612665230131,0.9544316996038003,0.848519788337875,0.7973204052495684,0.7780046509581313,0.9582144552981327,0.8289245259008584,0.9140827360776214,0.9341976401680094,0.9015943008452874,0.9582144552981327,0.8517144868263773,0.8141237078825918,0.9562880686171873,0.8982973238138026,0.9225015741707867,0.9526370111116407,0.9188361382271666,0.8070467719220202,0.9459533477380775,0.9526370111116405,0.9526370111116407,0.7985559379258667,0.9582144552981327,0.7985559379258667,0.6499526646778642,0.885400876353422,0.8442340263447972,0.9582144552981327,0.9492063492063487,0.930160641445072,0.9459533477380777,0.9544316996038003,0.8022278398026612,0.8982973238138026,0.9526370111116405,0.9301606414450723,0.9164419655193172,0.7250134267509765,0.9094556823349389,0.8843412180810755,0.6848496741376313,0.7923174570100686,0.6911250629978627,0.8727631680356077,0.9602211523225768,0.903814238682265,0.9602211523225768,0.9188361382271668,0.9152582079543841,0.9094556823349389,0.9526370111116405,0.0,0.9544316996038,0.9027019168030597,0.931488667261505,0.9582144552981327,0.9562880686171873,0.9475597985845114,0.0,0.9369854052620163,0.9582144552981327,0.9623211158059548,0.9106019687464655,0.823309558280246,0.9341976401680094,0.9544316996038003,0.8333555867103808,0.8289245259008584,0.9369854052620166,0.9428469360414611,0.8409971458279799,0.9526370111116405,0.9188361382271659,0.8117838598171898,0.9413411539914587,0.9106019687464657,0.9623211158059548,0.7655931084723666,0.9188361382271666,0.7780046509581313,0.944383427890573,0.03139863267861631,0.92126914699118,0.885400876353422,0.8070467719220202,0.8082384637825222,0.8187498553347687,0.0,0.8538362113124116,0.9176344520056336,0.9200475251844387,0.9176344520056336,0.9602211523225768,0.8453085223330421,0.0,0.0,0.930160641445072,0.903814238682265,0.8591172857456586,0.0,0.9602211523225768,0.9492063492063489,0.922501574170787,0.8972062142375332,0.7897778653703145,0.9492063492063489,0.9237454173815309,0.938412400887346,0.8322525541058978,0.9634411459729271,0.0,0.8811713725919912,0.9164419655193168,0.7766590274917047,0.9952327064015152,0.9237454173815312,0.8704033497109469,0.9526370111116405,0.7960789049353036,0.0,0.7973204052495684,0.9314886672615053,0.8591172857456586,0.8300371089395653,0.9508971383859763,0.831146423199498,0.9428469360414606,0.0,0.8961186971729789,0.7399891659895361,0.0,0.9237454173815309,0.7948313236856197,0.8420784215528956,0.8152867967569688,0.8022278398026612,0.0,0.7698078233874488,0.8559522762859684,0.9562880686171873,0.6574604645689301,0.7250134267509767,0.907182019415572,0.908315805590151,0.8961186971729789,0.9526370111116405,0.8982973238138026,0.8864622842804517,0.935580996038617,0.8527760996057683,0.8738120195914167,0.8706662210952574,0.21151139151266862,0.9544316996038,0.9314886672615055,0.0,0.9582144552981327,0.9015943008452869,0.8129560940834346,0.9398636845831869,0.9275522446953854,0.06018876900102055,0.7478523304650295,0.9508971383859763,0.06018876900102055,0.9398636845831869,0.9492063492063489,0.9413411539914582,0.879064442044788,0.903814238682265,0.9582144552981327,0.8463809254714867,0.9602211523225768,0.9413411539914582,0.935580996038617,0.801009545737682,0.938412400887346,0.9602211523225768,0.7997856146881548,0.9164419655193166,0.5305546844946969,0.24376003609304187,0.938412400887346,0.9027019168030597,0.9526370111116405,0.9188361382271666,0.8993922310882436,0.8769613888066743,0.9341976401680094,0.8993922310882436,0.9398636845831869,0.9250013316406693,0.6827113291147924,0.7725735218970409,0.9049315186013058,0.9443834278905732,0.8141237078825918,0.8907283270583697,0.9225015741707872,0.9341976401680094,0.21151139151266984,0.8175997772209664,0.9398636845831869,0.8517144868263774,0.9341976401680094,0.9152582079543841,0.7539334992316542,0.9526370111116405,0.8453085223330421,0.7143607147557585,0.9176344520056336,0.8993922310882432,0.9582144552981327,0.7301312695908229,0.8918007079504506,0.9562880686171875,0.9164419655193166,0.944383427890573,0.944383427890573,0.9544316996038003,0.9582144552981327,0.9250013316406696,0.8255663034700989,0.9129151319089186,0.9475597985845114,0.9475597985845114,0.7125274559321444,0.9071820194155717,0.08671734220308636,0.8717146038820361,0.0,0.9562880686171873,0.0,0.0,0.8187498553347687,0.2115113915126693,0.9188361382271664,0.0,0.7334713952978882,0.8377384241745145,0.4006068367505189,0.8527760996057685,0.8811713725919912,0.8058499662916012,0.903814238682265,0.47795836130872293,0.8399134433261015,0.9428469360414604,0.8864622842804515,0.4408515443948542,0.9176344520056336,0.7711949776746385,0.6473831763250284,0.9250013316406696,0.9428469360414602,0.9459533477380775,0.7846176027958278,0.9562880686171873,0.8961186971729789,0.9526370111116405,0.9004911494084331,0.938412400887346,0.9328339505740528,0.935580996038617,0.848519788337875,0.9237454173815312,0.9060540201833016,0.9355809960386168,0.7223272158432528,0.9526370111116405,0.17526171623055564,0.9508971383859763,0.9140827360776205,0.8570084033315839,0.8399134433261015,0.4654487838138114,0.8570084033315841,0.5711669571562623,0.77934241058442,0.8896584524348263,0.9475597985845114,0.7766590274917051,0.9262700211315917,0.9623211158059548,0.8058499662916013,0.8463809254714865,0.7876282222528316,0.8034406041869142,0.938412400887346,0.9071820194155717,0.8822265994777512,0.0,0.9544316996038,0.9164419655193174,0.9492063492063487,0.8612222667022558,0.938412400887346,0.9459533477380777,0.9262700211315917,0.831146423199498,0.9355809960386168,0.8046479448175343,0.9602211523225772,0.7935775465776653,0.9398636845831869,0.8664724446651941,0.06018876900102055,0.9428469360414602,0.7143607147557588,0.9152582079543841,0.9341976401680094,0.7806724477786732,0.880117361849238,0.7318083230664854,0.8633240709217587,0.9188361382271666,0.6991852245234744,0.8612222667022558,0.9250013316406696,0.960221152322577,0.9369854052620166,0.9508971383859763,0.8388272306091986,0.9027019168030597,0.525843532183836,0.03139863267861631,0.7960789049353036,0.8409971458279799,0.9623211158059548,0.8790644420447877,0.9526370111116405,0.9176344520056336,0.9164419655193168,0.932833950574053,0.9015943008452869,0.9250013316406696,0.9369854052620166,0.500567215157067,0.9398636845831867,0.9475597985845112,0.9544316996038,0.9623211158059548,0.0,0.9188361382271668,0.8654234385275936,0.8070467719220202,0.9200475251844384,0.0,0.8832831707913575,0.8244397822834253,0.9060540201833016,0.34458474155865637,0.9038142386822647,0.8918007079504506,0.8811713725919912,0.7859181167692968,0.9275522446953854,0.9060540201833014,0.6598989712921809,0.8907283270583697,0.9562880686171873,0.9027019168030597,0.9288488221297497,0.9526370111116405,0.9152582079543841,0.9623211158059548,0.9275522446953854,0.9459533477380777,0.9623211158059548,0.9413411539914587,0.9288488221297497,0.9492063492063487,0.6783615558233285,0.8843412180810755,0.9582144552981327,0.9492063492063489,0.9384124008873462,0.7806724477786728,0.8022278398026612,0.03139863267861631,0.9544316996038003,0.08671734220308558,0.03139863267861631,0.03139863267861631,0.3741839079094693,0.0,0.944383427890573,0.4527606561376478,0.0,0.9341976401680094,0.535161772248302,0.9582144552981327,0.9526370111116405,0.9562880686171873,0.9508971383859763,0.03139863267861631,0.7960789049353036,0.8580633769736241,0.935580996038617,0.8409971458279799,0.0,0.9071820194155722,0.9526370111116405,0.9341976401680094,0.7935775465776653,0.9083158055901508,0.9582144552981327,0.9508971383859763,0.9369854052620166,0.9152582079543841,0.6284764518573093,0.9492063492063487,0.4006068367505189,0.92126914699118,0.9250013316406696,0.6848496741376318,0.9398636845831869,0.9582144552981327,0.930160641445072,0.9526370111116405,0.9071820194155722,0.8420784215528954,0.0,0.9492063492063487,0.8822265994777507,0.960221152322577,0.8377384241745145,0.944383427890573,0.9398636845831869,0.8244397822834253,0.06018876900102055,0.7569089328329721,0.7846176027958276,0.0,0.0,0.40880739824839063,0.6991852245234742,0.9027019168030597,0.8058499662916013,0.8453085223330421,0.8152867967569688,0.8399134433261015,0.7997856146881548,0.9328339505740528,0.8129560940834346,0.0,0.9004911494084331,0.9544316996038,0.9623211158059548,0.831146423199498,0.9582144552981327,0.831146423199498,0.0,0.0,0.7739436107925914,0.9492063492063487,0.7819949015164562,0.938412400887346,0.8570084033315841,0.8993922310882436,0.6856702229525599,0.8993922310882436,0.8344556057285131,0.8506512873935228,0.0,0.9152582079543841,0.8175997772209664,0.9508971383859763,0.9582144552981327,0.5526275082095407,0.7351207557283752,0.43182584581086747,0.9176344520056336,0.9508971383859763,0.8591172857456586,0.0,0.8266892096935958,0.9176344520056336,0.8993922310882436,0.8727631680356078,0.8654234385275936,0.9413411539914582,0.9049315186013054,0.8538362113124116,0.9562880686171875,0.8685695845092949,0.862273520033598,0.9443834278905732,0.9602211523225768,0.9225015741707872,0.2586095064370061,0.8129560940834346,0.9544316996038,0.03139863267861631,0.8759110188590655,0.9288488221297497,0.9152582079543841,0.92126914699118,0.9623211158059548,0.9152582079543841,0.9623211158059548,0.9623211158059548,0.9027019168030597,0.3647019568709454,0.8961186971729789,0.9492063492063487,0.9602211523225768,0.938412400887346,0.938412400887346,0.8322525541058978,0.9428469360414611,0.9475597985845114,0.9288488221297497,0.5210240199989242,0.9508971383859761,0.7684119013812074,0.3833143586062788,0.7125274559321442,0.7447432793600621,0.0,0.8918007079504506,0.9492063492063489,0.758381053055492,0.960221152322577,0.9328339505740528,0.9341976401680097,0.855952276285969,0.0,0.7399891659895361,0.8058499662916012,0.9341976401680094,0.8058499662916012,0.8266892096935958,0.8129560940834346,0.9544316996038,0.7143607147557588,0.6716454483484393,0.8058499662916012,0.7431708752992889,0.9355809960386166,0.6761489807685291,0.9623211158059548,0.9355809960386168,0.9492063492063489,0.8982973238138026,0.930160641445072,0.8388272306091984,0.4779583613087228,0.8106069085572598,0.9492063492063489,0.03139863267861631,0.8420784215528954,0.861222266702256,0.5110414539348817,0.7766590274917051,0.7524297972473162,0.0,0.9856724533720749,0.8633240709217587,0.9225015741707872,0.0,0.8399134433261015,0.9428469360414604,0.9582144552981327,0.2115113915126694,0.03139863267861631,0.9114861522954751,0.9314886672615051,0.897206214237533,0.9288488221297497,0.9083158055901508,0.9355809960386172,0.8129560940834346,0.0,0.9275522446953854,0.0,0.9582144552981327,0.8333555867103808,0.8843412180810759,0.9623211158059548,0.9262700211315917,0.8022278398026612,0.904931518601306,0.9225015741707869,0.0,0.8322525541058978,0.8210376473859937,0.8506512873935228,0.9250013316406696,0.40060683675051967,0.9544316996038003,0.3227392978460525,0.9237454173815312,0.392115299153029,0.8928757609748668,0.7948313236856197,0.392115299153029,0.9225015741707872,0.9544316996038003,0.885400876353422,0.392115299153029,0.9623211158059548,0.931488667261505,0.9508971383859763,0.885400876353422,0.9475597985845114,0.9237454173815312,0.9341976401680094,0.8918007079504506,0.9152582079543841,0.9355809960386168,0.9140827360776211,0.930160641445072,0.9475597985845114,0.9384124008873462,0.7301312695908225,0.9225015741707872,0.9015943008452869,0.8333555867103808,0.42440193597169273,0.9083158055901508,0.930160641445072,0.9508971383859763,0.9526370111116405,0.9015943008452867,0.8939536575643379,0.9275522446953854,0.9275522446953854,0.9004911494084333,0.9544316996038,0.9562880686171873,0.5974763156586966,0.9262700211315922,0.8664724446651935,0.9176344520056336,0.9250013316406696,0.6549904556417999,0.9369854052620166,0.9237454173815312,0.9492063492063487,0.8366469404145511,0.8780124908814328,0.9129151319089186,0.9004911494084333,0.6623067578386677,0.9562880686171875,0.9188361382271666,0.5906675167558797,0.9314886672615046,0.944383427890573,0.926270021131592,0.8993922310882434,0.6040574193889983,0.7598430279509716,0.9398636845831869,0.6739104850582693,0.9475597985845114,0.8832831707913573,0.7143607147557586,0.9526370111116407,0.9508971383859763,0.8864622842804517,0.9275522446953852,0.9526370111116405,0.8982973238138026,0.8633240709217587,0.708808264663793,0.9459533477380775,0.9459533477380775,0.8322525541058978,0.9341976401680094,0.9027019168030599,0.9526370111116405,0.8591172857456586,0.9341976401680094,0.9562880686171873,0.8928757609748668,0.9328339505740528,0.9508971383859763,0.960221152322577,0.8854008763534222,0.9582144552981327,0.7197593917099125,0.9562880686171873
p22_Q,0.6018094702437748,0.8688814196559584,0.3168206443514018,0.9734798970232401,0.8864622842804519,0.9620090329381987,0.6774491814823798,0.6802003792159751,0.7849984898875129,0.9110833848585063,0.8023808775583151,0.8827817928509321,0.8827817928509323,0.8267698008899673,0.8659852770068088,0.8281206338887308,0.9080064368535468,0.7208186446215714,0.906597867618917,0.9110833848585063,0.4986559962830449,0.7828267564104183,0.998280667338812,0.9263909248883351,0.8219166957221848,0.8468584144181479,0.908006436853547,0.8132249165650078,0.9110833848585063,0.6932411841023378,0.9327458399507507,0.9368506101299683,0.5597297183665937,0.8185765480394154,0.9215191722498273,0.906597867618917,0.6398179084298656,0.8722472547880544,0.9157773781681393,0.8704840658629898,0.45728347965178073,0.8498654909309764,0.9157773781681393,0.805341477875511,0.8756817347288379,0.6606757684131319,0.6575615183751078,0.7775704755710067,0.863574406845754,0.7581449596587464,0.8981423730059304,0.5708504310538243,0.8468584144181479,0.8688814196559596,0.8722472547880544,0.5304689665688602,0.8671481959671583,0.8864622842804517,0.6889062916869886,0.6234483633172895,0.7900050147457429,0.6225660274177289,0.8468584144181488,0.5380837352394388,0.9022918659842716,0.6851227443810868,0.9755588472540062,0.6945837696126063,0.6571837062515017,0.906597867618917,0.8481655023013712,0.5178504213671216,0.8864622842804519,0.6126029349440234,0.8864622842804517,0.0,0.7532568906645731,0.9231227871627409,0.8218460844822157,0.9157773781681393,0.8655788710295136,0.9926541290559201,0.8351933115660992,0.6667782770015367,0.8864622842804517,0.8158904503387641,0.8623348546394309,0.9201389880111386,0.9247596098318487,0.882781792850933,0.8864622842804517,0.7774165095752008,0.7976730466804696,0.6756503927816966,0.8351933115660992,0.7775704755710063,0.7723953828671286,0.1975539500497735,0.5974177633753264,0.6564418672536099,0.9719104285695896,0.8941307528793181,0.8864622842804519,0.8661513208514664,0.9233320965528575,0.6319677171849858,0.972582002732241,0.5469556164723668,0.8591451287364846,0.664438471827189,0.7760156473669659,0.9048069198992976,0.5991362375029976,0.9415547398606634,0.620202540979643,0.5156383202745392,0.9305733174439863,0.906597867618917,0.7606010384414418,0.6827327883788248,0.8053414778755115,0.7810604345314744,0.8591451287364844,0.8574545423984332,0.9549391496582185,0.9884216668297846,0.567519380649566,0.8750423984642539,0.9509103733010487,0.984002294678674,0.7155908458851163,0.8443564053524306,0.9755588472540062,0.9157773781681391,0.8756817347288381,0.7978499801257836,0.9101464125859422,0.90831644137388,0.6760670186296511,0.879190935397886,0.41880460068106284,0.6496419940693374,0.9332760101188498,0.8844956663331993,0.7485888881337761,0.8001709249137139,0.7605479974944294,0.6470020366807165,0.8438899131338649,0.8066279811253554,0.9110833848585063,0.790005014745742,0.8934222005417536,0.5730566026312355,0.9368506101299683,0.8438899131338653,0.9618353617414286,0.7854297011879553,0.8964544374225643,0.7438395839048273,0.7361141164291929,0.956433337538824,0.9088098779355613,0.5579250762472645,0.2738619188075492,0.8593611498612634,0.8245200457260624,0.5784838630332678,0.8085967097945839,0.6864532447037703,0.8267698008899675,0.5381252733230742,0.9981009867201975,0.7909950440377134,0.9808428735288965,0.9428602426138162,0.9485464508185621,0.9895811634299696,0.8451467284600855,0.9356625961103571,0.7764524964692129,0.9402442875097057,0.8933387541177662,0.8827817928509321,0.8691027729459069,0.8820219562000351,0.6827327883788252,0.7800363210512202,0.8688814196559596,0.8732475513254477,0.879190935397886,0.9099598592417424,0.5006779232972449,0.5300959748590248,0.9771007600606078,0.8864622842804517,0.8902416609981851,0.879190935397886,0.777570475571006,0.4990733486701667,0.7581449596587473,0.8827817928509321,0.8864622842804517,0.2916427174293833,0.5300959748590253,0.9110833848585063,0.8864622842804517,0.8319753211450026,0.8105788943203363,0.7836386250565355,0.7136176802235112,0.7295806243538583,0.8827817928509321,0.8864622842804517,0.8271427235653713,0.8864622842804517,0.7473957866698555,0.6133773746635591,0.6569845120893807,0.8864622842804517,0.7713011323684125,0.8864622842804517,0.7770396896816147,0.972582002732241,0.8132249165650078,0.2451953128624188,0.8941307528793181,0.48855813326911113,0.879190935397886,0.8309895994052318,0.8623348546394318,0.7900050147457418,0.9582450662050506,0.7804533953297081,0.8696082042498419,0.9569146673376988,0.9472841345974499,0.7215855829427582,0.8513910795802998,0.9155293576783434,0.810578894320336,0.8756817347288379,0.7624500092181508,0.8791909353978862,0.8864622842804517,0.7825121459579751,0.8864622842804517,0.7112632045037848,0.984002294678674,0.8981423730059306,0.8380594322760746,0.48855813326911113,0.8902416609981851,0.8079513928571602,0.5029785201808542,0.799333714562863,0.983493741964954,0.6897937717575546,0.8941307528793183,0.7832048119694044,0.5696855931461917,0.6518204035482831,0.9168460830759908,0.9425174783713439,0.8671715963825359,0.9157773781681393,0.800518212151222,0.9320963614016428,0.9872190633517803,0.8536627045391187,0.7379972984494576,0.8981423730059306,0.6614002549511353,0.7586748251519806,0.8045743186914045,0.6319677171849858,0.6175994786481616,0.8757212105163075,0.8529137105219888,0.7800363210512204,0.6319677171849858,0.741956913461626,0.5998336353244866,0.9022918659842716,0.40506771837001876,0.8267698008899669,0.8941307528793183,0.544588656135075,0.5991362375029978,0.6234483633172887,0.5828435635841787,0.968848707670247,0.4363809260470304,0.906597867618917,0.9280389014923773,0.6756503927816968,0.17675574792240267,0.7965026490259872,0.906597867618917,0.8864622842804519,0.8704840658629898,0.879190935397886,0.8981423730059306,0.5579250762472645,0.772666674745321,0.8941307528793181,0.7040094904709999,0.9791620336018424,0.6000426784888867,0.7976086609556912,0.7414709575547707,0.6556259665294553,0.9059602309836456,0.8850731139948984,0.7507174988746785,0.9550108469657219,0.7849984898875144,0.9550108469657219,0.9219722388464885,0.8105788943203354,0.7676636737382317,0.8941307528793181,0.8864622842804517,0.8981423730059301,0.9684754976202001,0.8468584144181488,0.6319677171849858,0.9022918659842716,0.8827817928509323,0.8864622842804517,0.8219166957221848,0.906597867618917,0.9157773781681391,0.8049429625277136,0.7600442666253358,0.8529137105219888,0.8981423730059306,0.6275041126854282,0.47684665322397446,0.8591451287364844,0.8722472547880546,0.7328842347650741,0.8941307528793183,0.818576548039416,0.5343143674560711,0.8688814196559593,0.8001709249137137,0.9157773781681391,0.47603642193220796,0.8185765480394147,0.503779617398008,0.7687465418993616,0.8827817928509327,0.8481655023013712,0.902562335142025,0.5686967088527322,0.571360466420241,0.5121530332731992,0.8864622842804517,0.6732839158200905,0.8158904503387641,0.8212843295402945,0.8809241718608916,0.9110833848585063,0.6542221962556176,0.8864622842804517,0.8864622842804517,0.8438899131338644,0.784998489887514,0.9360170311001998,0.8864622842804517,0.9110833848585063,0.8864622842804519,0.9531650549101229,0.13445832827619675,0.5300959748590248,0.991632948188578,0.8295501310031699,0.8623348546394309,0.4644491667967182,0.4079223708826345,0.8864622842804517,0.20855243825397807,0.8132249165650078,0.5007717805481375,0.5067698764122222,0.8237138317135502,0.8646831166236606,0.5828435635841784,0.5441805233742256,0.8864622842804517,0.5759219475692297,0.8468584144181488,0.9301544525912131,0.8324883470743447,0.8902416609981851,0.46861954819566376,0.8722472547880544,0.8864622842804517,0.9458033301344513,0.7000622337085005,0.8864622842804517,0.8295501310031697,0.5413918377205973,0.42504302701864205,0.523359480261257,0.5579250762472645,0.8864622842804517,0.9818231021342261,0.6780139003685106,0.982743090758416,0.86504188265401,0.8147556335262469,0.7925264018514979,0.7950607243576502,0.9948611757349096,0.620202540979643,0.772666674745321,0.7462121212121213,0.9413707562534936,0.6709142759202356,0.7179353162650706,0.27889022042577527,0.8560058896255169,0.5986505443815753,0.8468584144181488,0.8864622842804517,0.9904950340182073,0.8098934016632475,0.6431059827745766,0.8655788710295136,0.6457891193212346,0.8791909353978862,0.8903667635188821,0.8902416609981851,0.8791909353978862,0.8957643484306201,0.8864622842804519,0.8688814196559584,0.24164226496230223,0.8058253847798853,0.906597867618917,0.6566193108706682,0.9110833848585063,0.8688814196559584,0.9413707562534936,0.7976775089367325,0.9898158166313402,0.9110833848585063,0.5389238085844237,0.8132249165650078,0.7966880594916566,0.8498654909309766,0.605407561935347,0.411646663505714,0.8941307528793181,0.7568669214102443,0.9569146673376989,0.6671830450053295,0.8529137105219888,0.8559143478531266,0.8655788710295138,0.8323574432143284,0.8332787167611999,0.9127213860969214,0.9764659656662635,0.8756817347288379,0.9253072149200557,0.9855913825628595,0.8267698008899675,0.8529137105219888,0.8560058896255174,0.5159174970495324,0.8655788710295138,0.2507054086061704,0.8529137105219888,0.8698807330114563,0.7499342835135175,0.8941307528793181,0.9267741739183954,0.5625267800242026,0.8625343546157398,0.8155142200592973,0.906597867618917,0.9622317224448809,0.7774165095752024,0.9022918659842716,0.9330258003055868,0.8756817347288379,0.8333959461487803,0.8981423730059306,0.906597867618917,0.8574545423984332,0.5044500806596308,0.5237251223687855,0.7084467244483662,0.7084467244483661,0.7444183717243547,0.8992953088588895,0.8756817347288388,0.8495167693124208,0.8864622842804517,0.6552263977579346,0.8864622842804517,0.8864622842804517,0.5948563043296695,0.8560058896255172,0.8421630219588783,0.8864622842804517,0.711263204503785,0.6373009543432429,0.8105788943203358,0.7037583509000043,0.2450028546917037,0.41520630436730177,0.784998489887514,0.9684754976202001,0.6421627176199252,0.8722472547880544,0.8982360922659431,0.9022918659842718,0.8158904503387636,0.7293756433680558,0.6780139003685106,0.8915744657605097,0.8722472547880544,0.879190935397886,0.9395131899741049,0.9022918659842716,0.985360326221544,0.620202540979643,0.7775704755710053,0.8623348546394309,0.8498654909309755,0.6033499550639576,0.6776408745151361,0.8484806915194993,0.7900050147457429,0.8560058896255165,0.9639540801815841,0.8941307528793181,0.8623348546394323,0.8902416609981854,0.9435592757259673,0.6803746334600478,0.6252259523385253,0.8981423730059306,0.5882783377437464,0.875681734728839,0.8376803020586379,0.7135529458373276,0.9509103733010487,0.636119511322355,0.6050481505721168,0.9917593122917417,0.5520562980271451,0.6566193108706682,0.7825121459579751,0.4223745181455719,0.8919047203852768,0.7925264018514979,0.7733797611379021,0.8864622842804517,0.5986505443815753,0.8132249165650078,0.8864622842804519,0.5692117214156481,0.8623348546394303,0.8791909353978862,0.8849274195030089,0.48428876240922625,0.8560058896255165,0.5633346735275708,0.7374969182837696,0.5858386337016712,0.8655788710295136,0.7186751019203272,0.8791909353978862,0.8722472547880544,0.7725980101610048,0.8562275189872222,0.8529137105219888,0.6177294252798675,0.8952444020641013,0.583711114456419,0.694491879616375,0.9836818654756583,0.6539044558448532,0.5355301529235208,0.8323574432143277,0.9110833848585063,0.888139508331151,0.8902416609981854,0.5498124478107776,0.7825121459579749,0.7605479974944296,0.882781792850933,0.44322721647053065,0.4615247094036512,0.9620090329381987,0.7296759184472714,0.8941307528793181,0.8625343546157405,0.7946171004168204,0.5732495049016467,0.9739215125774608,0.8664773665764036,0.8591451287364844,0.8262281511646008,0.5307115809483526,0.8827817928509323,0.6760670186296511,0.9157773781681393,0.8864622842804517,0.8185765480394149,0.5662972863899547,0.8730919953553873,0.9167339252194597,0.8864622842804517,0.77593149144331,0.7410228286003384,0.7900050147457425,0.8267698008899675,0.1736567654939165,0.8930458090739322,0.7343854850519833,0.5214683800206121,0.7232118365816382,0.7900050147457418,0.6661647388985437,0.7845651296446835,0.6150007853708623,0.9282115292341194,0.8409576378165506,0.8941307528793181,0.8334032066537789,0.9157773781681391,0.8380594322760748,0.879190935397886,0.9917593122917417,0.48335365356974447,0.8409576378165506,0.8864622842804519,0.6490321495739693,0.1849316907550882,0.906597867618917,0.8864622842804519,0.8623348546394316,0.6177294252798675,0.5579250762472645,0.8827817928509327,0.8696082042498425,0.8756817347288384,0.8827817928509327,0.882781792850933,0.8185765480394152,0.8864622842804517,0.8756817347288379,0.8352339646544548,0.8864622842804517,0.8529137105219888,0.7749015187531061,0.9065978676189168,0.620202540979643,0.9022918659842716,0.8902416609981851,0.8827817928509327,0.6850402935225293,0.6827327883788248,0.8560058896255165,0.6445850894057774,0.8864622842804517,0.8352339646544547,0.8941307528793181,0.5881246153422848,0.6744539331970607,0.9033550891302351,0.906597867618917,0.8902416609981851,0.8591451287364846,0.8105788943203356,0.9171338879258173,0.7279119480564189,0.8334032066537793,0.8723160158709273,0.8915744657605094,0.814538283661409,0.9533082645638475,0.9485464508185621,0.8438899131338644,0.6575615183751081,0.8138801832529763,0.6630012597203829,0.8864622842804517,0.9215191722498273,0.23746025121346492,0.9110833848585063,0.6649908299725662,0.7040971376499442,0.8655788710295136,0.6075748488380361,0.8791909353978862,0.6686715041841371,0.518561375237502,0.8864622842804517,0.8864622842804517,0.8079513928571618,0.9829579543296604,0.7825121459579751,0.7193174013891759,0.6542221962556178,0.6920625163620409,0.434109953197251,0.5524660344882761,0.8498654909309757,0.5819056617272436,0.8864622842804517,0.9607151834963714,0.5986505443815753,0.9157773781681393,0.6723193329719728,0.6319677171849858,0.7635889553397897,0.8864622842804517,0.8864622842804517,0.494702080803644,0.9565760602192026,0.5126989198395928,0.5758376961894996,0.6880074780341381,0.33608309627029287,0.8380594322760744,0.8208846297962414,0.6457223826835796,0.8113019249722079,0.8864622842804517,0.9018761436541087,0.5922855648789718,0.7121164362101648,0.906597867618917,0.8210651289009501,0.8192561528650577,0.8001709249137137,0.8158904503387641,0.8902416609981851,0.3446546937411479,0.8864622842804517,0.6126029349440234,0.8625343546157405,0.7751140922654676,0.9790407433068322,0.4296427426441898,0.8688814196559584,0.7874959163934856,0.9643727206407532,0.9022918659842716,0.7581562792815286,0.6921436107633738,0.8756817347288377,0.8253518424982005,0.8267698008899673,0.8468584144181484,0.6737061432982434,0.8981423730059304,0.882781792850933,0.9183849622426916,0.8409576378165506,0.8105788943203351,0.8723160158709273,0.9157773781681393,0.9840022946786737,0.9157773781681393,0.9157773781681391,0.9901993131215278,0.8451467284600864,0.7677968477425354,0.8864622842804519,0.8692793046054159,0.8123966221562642,0.8623348546394307,0.7784189255467818,0.5912865531913367,0.8827817928509321,0.8409576378165504,0.7629573914765133,0.8902416609981854,0.7053094273587753,0.8158904503387641,0.8837882546885039,0.9643795206953562,0.8864622842804517,0.7581449596587455,0.991632948188578,0.6356171636796919,0.9110833848585063,0.8498654909309762,0.8529137105219888,0.9740188455054816,0.8864622842804517,0.5633346735275706,0.5520562980271451,0.8955535361169349,0.5660215206094168,0.6126029349440232,0.5819056617272436,0.6373587815056132,0.6179758683436098,0.8314929627204579,0.7497285110913632,0.6989143528213915,0.8560058896255163,0.9861916690963053,0.9157773781681391,0.9698257117961528,0.9565760602192026,0.6858413402330732,0.8970782185921151,0.6397347348162594,0.9684754976202001,0.5379128800951544,0.8864622842804517,0.8827817928509327,0.6470020366807168,0.5692117214156485,0.9553041796478169,0.636119511322355,0.5825524906933348,0.8864622842804517,0.5272353962875242,0.3219185018820625,0.8267698008899673,0.8864622842804517,0.6421627176199249,0.8722472547880544,0.6319677171849858,0.8560058896255172,0.8827817928509327,0.6325070066162419,0.8468584144181489,0.9892905312410094,0.8409576378165506,0.8166024519656592,0.8878995104905509,0.530689683086427,0.8864622842804517,0.8380594322760746,0.8864622842804517,0.906597867618917,0.8791609846356736,0.7414709575547702,0.9157773781681393,0.835193311566099,0.7747470641409159,0.7874959163934869,0.8309066414657289,0.8864622842804517,0.7663249242656247,0.5999701459118136,0.6153519239237409,0.8323574432143275,0.6644619220104655,0.8981423730059306,0.7409918706558748,0.8295501310031699,0.9791620336018424,0.7605479974944296,0.5825524906933344,0.9791620336018424,0.5863898145769407,0.8981423730059306,0.17675574792240267,0.9791620336018424,0.9157773781681393,0.8468584144181488,0.8902416609981851,0.9211727604553487,0.8827817928509321,0.8295501310031699,0.8529137105219888,0.7581449596587471,0.3905701740091444,0.8560058896255165,0.8079513928571622,0.8438899131338646,0.8827817928509323,0.8623348546394314,0.777961312026199,0.9042616895323653,0.666368804613312,0.7690611031574413,0.8027482668635855,0.4294370817540589,0.8704840658629898,0.8902416609981851,0.6949204957705726,0.8210433487797739,0.9386165782405596,0.878057271102445,0.9554799883628494,0.8386187115461277,0.6760670186296511,0.6150007853708623,0.8061304894336532,0.835193311566099,0.9384099974559508,0.8392124024772518,0.5904092755512406,0.7366024258797719,0.9171338879258173,0.8295501310031708,0.7279119480564189,0.8563921200187177,0.9314105856257008,0.9486496088807318,0.7775704755710067,0.831400255327462,0.9022918659842716,0.9691451866854152,0.7938118117264314,0.8468584144181479,0.940331138978256,0.8340402796973921,0.9771147312346133,0.9406098485629077,0.9190131699562357,0.8023808775583151,0.9411848945036922,0.9168460830759904,0.8127570506946822,0.8035224385244839,0.8941307528793183,0.6759671723200158,0.7649253731343284,0.838059432276075,0.8941307528793183,0.9531640030858564,0.694491879616375,0.9207795942942947,0.9123483154835408,0.7560778836599102,0.656435508703102,0.9088098779355613,0.7835733668301664,0.8941307528793183,0.6850885630215986,0.7837612012897899,0.6552263977579346,0.7605479974944296,0.9048069198992974,0.8902416609981851,0.9110833848585063,0.7438395839048275,0.906597867618917,0.7950093838324745,0.6552263977579346
p23_D,0.9183030738220122,0.9736413441112676,0.9789319557752637,0.7848674221395782,0.9384124008873462,0.9543141322095119,0.98824385991876,0.912915840284908,0.8833742009912295,0.9517679141853161,0.9747821421515683,0.9364159486136476,0.9364159486136476,0.9060327047326968,0.9262700211315924,0.8154708889081048,0.9652792462742582,0.9169296077473634,0.9493347822888889,0.9788198231857258,0.8092714034168127,0.9720496894409938,0.8083287302412824,0.9975839852098576,0.9235944347702931,0.9169296077473634,0.9325645805415597,0.8986853937484474,0.9517679141853161,0.9414192582572931,0.9883783616664186,0.9447481688519044,0.930701575174463,0.9015883421806545,0.9938077685674778,0.8518092446394374,0.9975839852098576,0.930701575174463,0.9543141322095119,0.9573422906623259,0.7708756350468663,0.9185607716438655,0.9726326202607707,0.9297484119999462,0.9142011596821674,0.8522281152489958,0.9425720985427188,0.8793449357816121,0.915319368665986,0.8688077246092829,0.9940867605460231,0.693472337245395,0.9169296077473634,0.9288758056186719,0.9805663112989254,0.6310342463237155,0.9137287800621365,0.938412400887346,0.9230550304354546,0.934468117552512,0.8860899491808243,0.844783668910745,0.9169296077473637,0.8985526801638481,0.9469990271543745,0.9922997389904737,0.8717566193418783,0.9038902485724092,0.8512900721023178,0.9493347822888889,0.9045383795584439,0.49635972338525813,0.9384124008873462,0.8144465923108912,0.938412400887346,0.7532568906645731,0.0,0.9270843653068204,0.7857618044451697,0.9543141322095121,0.9270843653068204,0.9202142532643907,0.910601968746465,0.9169296077473634,0.938412400887346,0.900131290598132,0.9720496894409938,0.756752319495093,0.9331001879958327,0.9902428565647543,0.938412400887346,0.8688077246092829,0.9323780417808738,0.9932178814146742,0.9508067898672803,0.879344935781612,0.9263792690700354,0.6011140043196653,0.8059848741599323,0.8288905501894788,0.9964991389010722,0.9425720985427188,0.9384124008873462,0.9069455524561849,0.9916851556469493,0.9493347822888889,0.8874576548572417,0.8020425860797755,0.9235944347702933,0.8172409646532206,0.9817342729841915,0.9185607716438655,0.8622415158560881,0.8902144844650239,0.9983948723195168,0.8086043078572853,0.9288758056186719,0.9493347822888889,0.6804196301419008,0.8279010131824394,0.9995729386747718,0.8904552749271515,0.9694100907323095,0.9090636753073353,0.869589803466746,0.9627605757897474,0.9404624926714931,0.8317311854817001,0.9364159486136479,0.8972500807670709,0.8457245959495672,0.821295784906224,0.9447481688519044,0.9543141322095121,0.9325645805415597,0.83105362886483,0.8818820891501593,0.8105915487398071,0.994086760546023,0.934468117552512,0.7807579790798047,0.9517679141853161,0.8851624535983151,0.796277950661369,0.8933608835872622,0.8916043634534065,0.9620424842526036,0.8085191611024443,0.9153193686659862,0.778495606071844,0.9517679141853161,0.8860899491808238,0.8515242770126847,0.8560936033786062,0.9940867605460231,0.9153193686659862,0.9658609328729841,0.967216090606899,0.8528864588605989,0.8610478913106772,0.7900926895085648,0.8212957849062243,0.9643765980294186,0.8320966261016478,0.8414215893610528,0.9351366270846038,0.9913976286892221,0.9737702747191699,0.6873498200453826,0.8633657763496987,0.9007798745624749,0.7944495116308199,0.96211568167946,0.8590817120997248,0.9268772234043685,0.8640937667115332,0.9843798933538863,0.9807927095444529,0.9407634795537991,0.8919047203852764,0.9979911521799527,0.9855428325999874,0.8793453228405241,0.9364159486136479,0.9857848720458375,0.9008518050676435,0.8542491929403544,0.8806825133605405,0.9288758056186719,0.9359170749054637,0.9344681175525122,0.8862575327655299,0.7758242809380289,0.8403844230888078,0.9530007332467463,0.938412400887346,0.9975839852098576,0.9344681175525125,0.9115001904163031,0.7752019357866797,0.8688077246092827,0.9364159486136479,0.938412400887346,0.6679172057840765,0.7927444267338892,0.9517679141853161,0.938412400887346,0.8973569801802843,0.8972500807670711,0.8623348546394305,0.8528864588605993,0.6839567403970843,0.9364159486136476,0.938412400887346,0.9038902485724092,0.9384124008873459,0.7717868275465858,0.6680996485041846,0.7252970670713148,0.938412400887346,0.8223248542353354,0.938412400887346,0.9636154905080612,0.9438307679586414,0.8986853937484474,0.6442855859758605,0.9425720985427188,0.7701028389685358,0.934468117552512,0.921891580360551,0.9253246753246755,0.9800884826873312,0.8197093253418526,0.8002491064399091,0.6882614075356617,0.9737702747191697,0.9811639310132525,0.9220737026051952,0.809953091806201,0.8972500807670709,0.8972500807670709,0.9325645805415597,0.8904552749271517,0.9868619655962767,0.938412400887346,0.8820255041972331,0.938412400887346,0.8894139617042871,0.933316065142574,0.9447481688519044,0.9529366743750116,0.7938679733537373,0.9975839852098576,0.8958248142311329,0.8015116294576088,0.8701112326985441,0.8344267504694396,0.8317311854817002,0.9425720985427188,0.9273614004407345,0.6857336911022106,0.8111328445391477,0.9364159486136476,0.9469990271543745,0.9113782654864107,0.9543141322095119,0.9783751355463948,0.9470641338896126,0.9946231749394502,0.9532705747358552,0.8762635967305403,0.932921689943951,0.8676547956074154,0.8737317589546051,0.7783596077126395,0.9493347822888889,0.8172409646532206,0.9315204524190162,0.9031363676754977,0.9130812730632978,0.9493347822888889,0.9727959241078911,0.9198532777763313,0.9469990271543745,0.7113392871383025,0.9060327047326968,0.9425720985427188,0.6138975118277616,0.766043080726057,0.9344681175525122,0.7032297266306959,0.9393618431817528,0.7899186270311527,0.9493347822888889,0.8992216247278053,0.8762657667398073,0.6096192035927849,0.8365351316003187,0.9180945689966623,0.9384124008873462,0.915319368665986,0.9344681175525125,0.9447481688519044,0.7841656069034117,0.9083753558180285,0.8212957849062241,0.9573422906623259,0.8986853937484471,0.7392800394153596,0.9589082569453207,0.918261386729579,0.8045770730392641,0.9418719239116563,0.8255591144904009,0.9289830069398282,0.7011707726698932,0.9162839533116924,0.9517679141853161,0.9015883421806543,0.8972500807670709,0.7319697668933431,0.9425720985427188,0.938412400887346,0.9447481688519046,0.9146756363968285,0.9169296077473637,0.9493347822888889,0.9894382119329368,0.9364159486136476,0.938412400887346,0.9235944347702931,0.9493347822888889,0.9726326202607707,0.8657360327992916,0.8471944961311819,0.9643765980294188,0.9940867605460231,0.7979426727616274,0.7880233700953342,0.9847742533056743,0.930701575174463,0.8144473291952734,0.9425720985427188,0.9015883421806545,0.7935283637969427,0.9288758056186719,0.8916043634534063,0.7534728776716185,0.8346841262686238,0.9388586611030838,0.7545944733274379,0.9836426671336507,0.9364159486136476,0.9809768509989654,0.9492700421601004,0.7900926895085649,0.7674880140872875,0.7575214454789907,0.938412400887346,0.8488009683941937,0.9893117100305695,0.9407634795537991,0.9369836237218983,0.9517679141853161,0.8124356772187868,0.938412400887346,0.938412400887346,0.915319368665986,0.8833742009912295,0.9064836245262686,0.9384124008873459,0.9517679141853161,0.9384124008873465,0.9060327047326968,0.7155475991416482,0.7689244285564298,0.7292153930318651,0.907540871911573,0.9720496894409938,0.7320794879815133,0.7510514457994326,0.938412400887346,0.5969054803222986,0.9351366270846038,0.7767245603680495,0.7799868570359738,0.9466763852073139,0.8967328264047625,0.7032297266306957,0.7766258836139819,0.938412400887346,0.7439259857129707,0.9976781567382803,0.8536161261798889,0.9669225060031548,0.9404624926714933,0.6847799425493393,0.930701575174463,0.938412400887346,0.9052964331108346,0.7871401483953782,0.938412400887346,0.9466763852073137,0.7750991061349128,0.6858553289247525,0.7392800394153596,0.7602000973042939,0.938412400887346,0.9938965022350058,0.8515242770126847,0.9469990271543745,0.8719532289905911,0.7635143294893605,0.8874576548572417,0.8888323772351048,0.9990557969402876,0.9425720985427188,0.9648628585007485,0.8919047203852764,0.966854861926912,0.8474395468832951,0.8748687689722257,0.633897403135177,0.9218915803605507,0.9447481688519044,0.9976781567382803,0.938412400887346,0.8518092446394379,0.9897224478284307,0.8215612095168272,0.9747821421515683,0.9121566723282282,0.9344681175525122,0.8616554920098547,0.9404624926714933,0.9344681175525122,0.9775200810036837,0.9384124008873465,0.7786756435711464,0.7759119721951604,0.9821034579526184,0.9493347822888889,0.8137359723057827,0.9517679141853161,0.9776172307537021,0.966854861926912,0.8784571173829214,0.8877752682100511,0.9517679141853161,0.7881081513026675,0.9351366270846038,0.8688077246092827,0.9946231749394501,0.9720496894409938,0.5629222484096486,0.9983948723195168,0.5766271929053317,0.8780124908814335,0.9355636711872981,0.9914610572055534,0.9418510134399245,0.9270843653068206,0.9487210184868773,0.9065585053045615,0.7717708609035463,0.8830249020118612,0.8120449864979853,0.9349173514789553,0.890366763518882,0.906032704732697,0.9643765980294188,0.9218915803605507,0.759533838354209,0.9747821421515683,0.6105439480043504,0.9202142532643909,0.9945519661064194,0.8451281760864108,0.998394872319517,0.8633657763496987,0.8491224334005043,0.9893117100305694,0.9418510134399245,0.9493347822888889,0.9142741439792961,0.8992597885323734,0.9469990271543745,0.882607206234614,0.9836426671336507,0.7609668999058944,0.9447481688519044,0.9843798933538865,0.9487210184868768,0.7451150219452469,0.9288942893494896,0.9902428565647541,0.4714880639241825,0.8347009643683228,0.9211999702940652,0.9325645805415599,0.7962779506613693,0.938412400887346,0.9469990271543745,0.938412400887346,0.938412400887346,0.7802331379151808,0.9218915803605507,0.938858661103084,0.938412400887346,0.7689268692886153,0.8032568888594922,0.9945519661064195,0.9252877123226004,0.6257041606618885,0.7308377857119481,0.9491937056321555,0.8820255041972334,0.8058941123210295,0.9307015751744632,0.7532568906645725,0.9894382119329369,0.9001312905981318,0.8496550108682435,0.8253412912328226,0.9090636753073353,0.9695689525766119,0.9344681175525125,0.7864213024362037,0.9469990271543745,0.9052964331108346,0.9425720985427188,0.9115001904163031,0.9253246753246753,0.9619687983522078,0.7633654486749212,0.893317515381256,0.907540871911573,0.8860899491808243,0.921891580360551,0.903057155962083,0.9425720985427188,0.981225296442688,0.9975839852098576,0.8958248142311331,0.8528864588605991,0.7411161192530773,0.9940867605460231,0.8319382523553124,0.9325645805415601,0.8988255488132137,0.8662102272482619,0.9559302354841395,0.7767245603680495,0.44612089332049065,0.9543141322095121,0.7788920968928248,0.8392653276543482,0.8820255041972334,0.782612266242632,0.9720496894409938,0.9549422857308885,0.998076166175212,0.938412400887346,0.9447481688519044,0.9351366270846035,0.9384124008873462,0.6360473371598929,0.9253246753246753,0.9344681175525125,0.9106019687464653,0.7590593723187996,0.9432185749403659,0.7631344888106659,0.9517679141853161,0.7493512314697708,0.9775200810036837,0.8380970570148378,0.9344681175525122,0.9805663112989254,0.9309831092120704,0.933316065142574,0.9914610572055534,0.7667404971856782,0.9119538452706664,0.8436755635515778,0.8610766264593228,0.8375194253623386,0.8200238589875914,0.8223248542353355,0.9090636753073353,0.9788198231857259,0.9847742533056744,0.9404624926714933,0.7685421777340039,0.9146756363968283,0.8701112326985441,0.9364159486136476,0.8890344344309766,0.8396703000520964,0.8995793727310533,0.8818820891501593,0.9425720985427188,0.9738359568456645,0.9555096729069269,0.9078071215227663,0.9130812730632976,0.9090636753073353,0.9694100907323095,0.9400658022383344,0.9747821421515683,0.9364159486136476,0.9447481688519044,0.8995793727310533,0.938412400887346,0.9761289800255135,0.6233359718932234,0.7900926895085649,0.903057155962083,0.9384124008873459,0.8584801609121497,0.7717316856502946,0.8860899491808241,0.906032704732697,0.7875282758041406,0.9789319557752636,0.942315634244266,0.7642182878151702,0.8431633153910729,0.9195453412137851,0.8447164493374324,0.890366763518882,0.9894382119329369,0.9146756363968283,0.9137287800621365,0.998394872319517,0.8972500807670707,0.9543141322095119,0.9121566723282284,0.9344681175525125,0.9543141322095119,0.48622709276096543,0.9207305022599921,0.9384124008873462,0.9386680839111539,0.6137519150216109,0.9493347822888889,0.9384124008873462,0.9253246753246755,0.7667404971856782,0.8081311165025298,0.9364159486136476,0.7494264781377338,0.9325645805415597,0.9364159486136476,0.9902428565647543,0.9388586611030838,0.938412400887346,0.9836426671336507,0.9211999702940652,0.938412400887346,0.9202142532643907,0.9583046239905006,0.9493347822888889,0.9425720985427188,0.9469990271543745,0.9404624926714931,0.9364159486136476,0.7696274051613191,0.8542491929403544,0.921891580360551,0.8072081079523785,0.938412400887346,0.9775730833954648,0.9425720985427188,0.770649333380414,0.868982328583106,0.888832377235105,0.9493347822888889,0.9975839852098576,0.9235944347702933,0.8972500807670707,0.9694100907323093,0.938412400887346,0.9584859817309161,0.9808615591868377,0.9719642951540399,0.8296877053467191,0.882124527314188,0.8518092446394376,0.915319368665986,0.998394872319517,0.9549422857308885,0.8085191611024445,0.938412400887346,0.9384124008873462,0.7954614856282141,0.9517679141853161,0.8208948822783988,0.9836426671336507,0.8344267504694403,0.7871322076693466,0.9344681175525122,0.746648036760903,0.7626344421086073,0.938412400887346,0.938412400887346,0.8958248142311331,0.844783668910745,0.9473257685964234,0.7308377857119481,0.8124356772187868,0.7150457493413591,0.7159500210071938,0.781167988397534,0.9185607716438655,0.8215612095168274,0.938412400887346,0.9758106996856857,0.9447481688519044,0.9543141322095119,0.7590593723187997,0.9493347822888889,0.8200238589875917,0.938412400887346,0.938412400887346,0.7734303664951183,0.9384124008873462,0.7356675411172189,0.9345002823263695,0.9369966819500085,0.7070371124883751,0.9655033215314222,0.9943104640015846,0.824178811447581,0.9479270020870505,0.9384124008873459,0.933316065142574,0.7788386614655776,0.9404624926714931,0.9843798933538865,0.9806143176228139,0.8473435538220881,0.8916043634534065,0.900131290598132,0.9404624926714931,0.6421461327943723,0.938412400887346,0.7898596515802687,0.900131290598132,0.9099317521606789,0.9567358106032482,0.6773198616110601,0.9288758056186719,0.8847289094375663,0.8388940115651082,0.9469990271543745,0.995545834354779,0.8330058363036976,0.9652792462742583,0.7011707726698918,0.9780548428444061,0.9169296077473634,0.7973846889888165,0.9447481688519044,0.9364159486136476,0.8495413835116428,0.9137287800621363,0.8502880286044066,0.9426999693726408,0.9543141322095121,0.9693820495180774,0.9543141322095119,0.9726326202607707,0.9146756363968283,0.903057155962083,0.9052964331108346,0.9384124008873462,0.7705830352988499,0.9253246753246755,0.9253246753246755,0.7816916219552861,0.9307015751744634,0.9364159486136479,0.9551139594816043,0.9022591883114603,0.9404624926714931,0.8291489048044111,0.9738359568456643,0.7857618044451697,0.8305634338754775,0.938412400887346,0.8992597885323734,0.8400061283921278,0.8165644249113486,0.9517679141853161,0.9185607716438655,0.9202142532643913,0.9390118367484177,0.938412400887346,0.7631344888106659,0.7548649413023865,0.9643765980294186,0.7645919468888485,0.7898596515802687,0.7732081684608059,0.9447481688519044,0.7843868042871203,0.9142958754806103,0.8269464080737013,0.9522137875062904,0.9881818565067269,0.9111915268023028,0.9543141322095121,0.8982552933740049,0.9384124008873462,0.8381010728195254,0.7905201773596355,0.8296877053467189,0.9473257685964236,0.795429979901762,0.9384124008873462,0.9364159486136476,0.8085191611024445,0.6892694848957338,0.9052964331108346,0.8004879592484917,0.7952889908037888,0.938412400887346,0.7911735158890809,0.6833745256890503,0.9060327047326968,0.938412400887346,0.8310602105669125,0.930701575174463,0.9493347822888889,0.9218915803605507,0.9364159486136476,0.7012062760714715,0.9596257255045416,0.9697674253098407,0.9551139594816043,0.9750104233747738,0.966854861926912,0.7674379415069906,0.938412400887346,0.9529366743750116,0.938412400887346,0.9493347822888889,0.8292536744184097,0.8597630494484774,0.9543141322095119,0.9508067898672805,0.7604897107133466,0.8847289094375661,0.9446701888736626,0.938412400887346,0.8958295072151898,0.8074040591550222,0.8456518924137132,0.97196429515404,0.9693820495180774,0.7494264781377333,0.9090636753073356,0.907540871911573,0.9351366270846035,0.8701112326985438,0.7475543349080888,0.9351366270846035,0.4371300648708867,0.9447481688519044,0.6390265872092591,0.9351366270846035,0.9543141322095119,0.9169296077473634,0.9404624926714933,0.8742856561410539,0.9559302354841395,0.9466763852073137,0.9202142532643907,0.8688077246092827,0.7420900754778976,0.9218915803605507,0.8958248142311334,0.9153193686659862,0.9364159486136476,0.9720496894409938,0.94083091980188,0.906032704732697,0.8277286493146434,0.8227962496162917,0.8930024213743271,0.9069318236797131,0.9573422906623257,0.9975839852098576,0.9393618431817528,0.9130812730632976,0.8818538138979334,0.9121566723282284,0.7616033112975067,0.9436554450509942,0.9447481688519044,0.9469990271543745,0.9857690591899771,0.9106019687464648,0.973561855114152,0.9369836237218983,0.9090636753073353,0.9968641222380944,0.9847742533056744,0.907540871911573,0.9507968637523908,0.9230244828821024,0.9088527911762523,0.894409087337305,0.8793449357816119,0.9720137056577081,0.9469990271543745,0.613897511827761,0.9817342729841914,0.9169296077473634,0.9325645805415599,0.9508067898672805,0.9418510134399245,0.9826335302203135,0.9578462557047885,0.9270843653068206,0.8840397107267988,0.9364159486136479,0.9457653784365196,0.9798485441870537,0.9425720985427188,0.9404624926714931,0.8623348546394305,0.9121566723282282,0.9983948723195168,0.8381010728195255,0.8610766264593228,0.9905817887073165,0.9868619655962765,0.9344681175525125,0.8710234402283035,0.9914610572055536,0.9799759007960185,0.9425720985427188,0.8291788837418348,0.9202142532643907,0.9469990271543745,0.9007549832165638,0.9185607716438655,0.9404624926714933,0.9517679141853161,0.9198626585436258,0.9843798933538865,0.9505340808752232,0.9469990271543745
p23_E,0.9032792026456331,0.8206673486956723,0.9104984955009443,0.9734273782715801,0.9398636845831869,0.9553906988562064,0.977593275339964,0.9779782524358084,0.9197173314687737,0.9529044812989522,0.9288025889967637,0.9379142777971528,0.9379142777971528,0.8945436312571667,0.9289045525716981,0.9255404775711312,0.9341536654578784,0.8631878595663136,0.9505286850464205,0.9529044812989522,0.6778243859534658,0.8821245273141883,0.9696315366465988,0.9418654668890594,0.934296642316799,0.9188871236697291,0.9341536654578784,0.9010728262563201,0.9762381701099261,0.9021649053612402,0.9112065483416409,0.9460501530640812,0.9323345609629299,0.9439076502388634,0.9398636845831869,0.914140693055771,0.9418654668890594,0.9323345609629297,0.9553906988562064,0.8681962088300326,0.728107512300141,0.9204798499326443,0.9553906988562064,0.8968972890562259,0.8051389573478356,0.8409422363051278,0.9439253608596803,0.8821881173643273,0.7824006240173303,0.9029852527308231,0.9460501530640812,0.8628690985336133,0.9188871236697291,0.9305518148343679,0.9658597103040234,0.7885108687926848,0.7885108687926855,0.9398636845831867,0.8619501567128618,0.9360123464869741,0.9229260836136743,0.9977091889810261,0.9067728629191052,0.8584426512265034,0.7922077620144257,0.8171661217546866,0.8666344692877815,0.8829132168159717,0.9943558404043904,0.9505286850464205,0.9763438961034467,0.7824006240173309,0.9398636845831869,0.8450091399686619,0.9398636845831867,0.9231227871627409,0.9270843653068204,0.0,0.7908102298540949,0.9553906988562064,0.9288025889967637,0.9220943680125895,0.9127085925971723,0.9188871236697294,0.9398636845831867,0.9094175606190132,0.9298223041589356,0.9402541312719965,0.9059312353245794,0.9379142777971523,0.9398636845831867,0.6928962017713397,0.7196810916449257,0.854851901502441,0.9127085925971723,0.8821881173643271,0.7928177595051725,0.8903153901509667,0.8365075239969435,0.810247046519972,0.9152511870116736,0.9355505770919703,0.9398636845831869,0.8452829186418248,0.9030676093179739,0.9505286850464207,0.9245544567587658,0.8088285698735203,0.9253948970823005,0.8226425806712592,0.7737329690747585,0.8579614827921471,0.8452070533867959,0.861764818938036,0.9439253608596803,0.8162808766365104,0.9305518148343679,0.9505286850464207,0.9553906988562064,0.8857498863500031,0.8968972890562259,0.775442414696859,0.8407576685828647,0.9112065483416407,0.9188871236697296,0.9538235274145124,0.9418654668890594,0.8628614501567907,0.9379142777971528,0.9364881737530406,0.8493600255132054,0.6342404219710968,0.7417575508556895,0.9700351664034113,0.6487145310312652,0.8428507484980066,0.8859311733087407,0.9915113877198729,0.946050153064081,0.9360123464869743,0.8882078540529299,0.952904481298952,0.8171661217546866,0.6158644825800623,0.8599595324084665,0.8941586572120015,0.9670171600576838,0.8388389232603317,0.9173148291382114,0.7382550877906267,0.7636661243365593,0.8887741875977793,0.9567182649747316,0.9348975602557188,0.9915113877198727,0.9173148291382116,0.9024396957461529,0.8982796549912178,0.9816127207020935,0.9555600901459856,0.9679585275817418,0.9439253608596803,0.8074150985486043,0.8147797622972599,0.8968355718577379,0.8384564219662863,0.8900265369300415,0.923610220689685,0.7999985225273294,0.8168555449761876,0.8945436312571667,0.9379142777971525,0.9157617220296763,0.9547002488699823,0.8808086125633341,0.9126446824437987,0.9505286850464205,0.8468773793429292,0.8252191394831927,0.9533082645638473,0.8544024446820504,0.8680990387032135,0.9580084947693384,0.9379142777971528,0.9141564165985058,0.8808086125633339,0.8588531668491859,0.916567441315375,0.9305518148343678,0.8106284733681067,0.9360123464869741,0.8861224347761871,0.911235815768306,0.8726904482574114,0.9570779796295694,0.9398636845831867,0.9418654668890594,0.9360123464869741,0.8821881173643273,0.8890317123467906,0.8718992107694508,0.9379142777971528,0.9398636845831867,0.9605093626552355,0.9699540642454016,0.9529044812989522,0.9398636845831867,0.929559064714576,0.8996713357710024,0.8655788710295136,0.830707428490639,0.6383921890537811,0.7324005770294397,0.9398636845831867,0.8561851304477552,0.9398636845831868,0.9743798833618915,0.8575835747899004,0.8890317123467906,0.9398636845831867,0.8111575085641975,0.9398636845831867,0.8770288568657689,0.9589992496040738,0.9500867441565978,0.831145301183807,0.8752885460677956,0.8261496131115467,0.9360123464869741,0.9237321696604077,0.9747821421515683,0.8721625402909539,0.7784558727705821,0.8297689139421232,0.679319091639643,0.880887070920771,0.8706295828816044,0.9181353909773775,0.6719701155965672,0.8996713357710027,0.8996713357710024,0.9341536654578784,0.775442414696859,0.9360123464869743,0.9398636845831867,0.9514652625474738,0.9398636845831867,0.8812405993500751,0.9162444743188086,0.9915113877198728,0.9142266602978066,0.8018897151098274,0.9418654668890594,0.898279654991218,0.9253948970823003,0.8452925243966423,0.8764342453662836,0.8356963633835399,0.9439253608596803,0.7851329843763785,0.9261900692066417,0.8415145473268251,0.9379142777971523,0.9482479709168004,0.8751422028663822,0.9553906988562064,0.9689569327632246,0.9803010659756757,0.9204798499326441,0.8749724943304511,0.77664365888434,0.9460501530640812,0.8468544600540218,0.8088285698735206,0.9312514068712606,0.9505286850464207,0.8226425806712592,0.8982796549912178,0.7172515874023353,0.9511394955727168,0.9505286850464207,0.9642495556649884,0.8046436059846207,0.9868659623160063,0.8939577832947229,0.6184505167067202,0.9439253608596803,0.7917226685098764,0.7961064637088175,0.9360123464869741,0.6342404219710973,0.9439253608596803,0.7747042207694723,0.9505286850464205,0.9567845084683833,0.854851901502441,0.8955208649962769,0.8415145473268248,0.9505286850464205,0.8904904028915422,0.6537072467982759,0.9360123464869743,0.9460501530640815,0.8147797622972601,0.8795907732894912,0.9439253608596803,0.8681962088300326,0.9010728262563201,0.8970835150993879,0.927863480227435,0.9227838767342831,0.8575835747899001,0.880808818374083,0.8053052928137152,0.7823423550455002,0.952904481298952,0.8861224347761874,0.9529044812989522,0.8678151593743701,0.9364881737530406,0.6513931181035093,0.9958126081161451,0.9398636845831867,0.946050153064081,0.8848055194072815,0.6888478461551486,0.9505286850464207,0.9482479709168004,0.8972431496161436,0.9398636845831867,0.9721643839492673,0.9505286850464205,0.6717386274418837,0.8941586572120015,0.9593996766455641,0.7623333429754698,0.9460501530640812,0.8534460628229266,0.6988499932633409,0.9253948970823005,0.9323345609629299,0.6990352239234846,0.9439253608596803,0.9419536134643973,0.7544490565237095,0.9803079821283596,0.8941586572120017,0.9553906988562064,0.7953053599570867,0.7917226685098772,0.8099519168626643,0.9862951408967355,0.9379142777971523,0.9847000323057118,0.5352855140980233,0.7715561688698283,0.7975412536385913,0.742719305068005,0.9398636845831867,0.8269517634252836,0.9401042088409284,0.6327625033186451,0.9024846512059139,0.952904481298952,0.8428507484980066,0.9398636845831867,0.9398636845831867,0.9173148291382112,0.8861224347761871,0.8429869500177807,0.9398636845831868,0.952904481298952,0.7208444903662712,0.8551017577499604,0.8968355718577379,0.7754268322694218,0.9964123220916106,0.8106284733681064,0.7867289736246922,0.7174743243765609,0.7601231354991893,0.9398636845831867,0.9348975602557186,0.6524058849824343,0.8083534729720048,0.7872811539420852,0.8905290155161714,0.9305109537712736,0.634240421971097,0.7829495315328665,0.9398636845831867,0.7764753478898945,0.9624721270225209,0.8601882758465695,0.6966383755219978,0.9418654668890594,0.8460574995249713,0.8131511172044538,0.9398636845831867,0.9089152002046674,0.8177269779326579,0.9398636845831867,0.9896201712617319,0.8789149835251646,0.825662231451429,0.7239117681751202,0.8147797622972601,0.9398636845831867,0.7630185977583605,0.8294570440795392,0.9868659623160062,0.9906633884214366,0.8723446941102064,0.8901096639134574,0.8914519915852104,0.5168168239428561,0.9439253608596803,0.9119409794917464,0.8655788710295136,0.8467709954086369,0.825696661439669,0.7510603002718289,0.9564568157444141,0.9237321696604077,0.9460501530640812,0.906772862919105,0.9398636845831867,0.9505286850464205,0.9827139728713292,0.9499692492196118,0.9288025889967637,0.9142266602978064,0.9894969760647814,0.9323743929445519,0.9418654668890594,0.9894969760647814,0.8277434539570453,0.9398636845831869,0.9803079821283598,0.8520711129570546,0.8115234949905341,0.9505286850464205,0.8441860472819296,0.9762381701099261,0.9305518148343679,0.9696315366465988,0.8866354348525785,0.9270843653068204,0.7636661243365588,0.8217767894513306,0.9010728262563201,0.9029852527308231,0.9204798499326443,0.9270843653068206,0.8818853796020464,0.9439253608596803,0.8297689139421232,0.8910264359580943,0.8831681344805433,0.8524968541217386,0.8808870709207708,0.9288025889967637,0.9112065483416409,0.8555615021313923,0.779258378811349,0.7738672149996764,0.9341536654578784,0.9528964903998074,0.7586205637314771,0.9082470012068005,0.9220943680125895,0.9696315366465988,0.744711702072857,0.9288025889967637,0.9642495556649884,0.9220943680125893,0.8426107983547332,0.9521812686065971,0.9439253608596803,0.9491876233274414,0.711704780245791,0.9401042088409284,0.9786384251155433,0.9505286850464205,0.9270124584146908,0.8718992107694508,0.9482479709168004,0.9010728262563199,0.9341536654578784,0.9341536654578786,0.9915113877198729,0.9505286850464207,0.8863786272856528,0.7304214219265428,0.7423522107071021,0.9379142777971525,0.8422956254205757,0.7908102298540949,0.9245544567587656,0.9341536654578781,0.8697672352745365,0.9398636845831867,0.9482479709168004,0.9398636845831867,0.9398636845831867,0.810247046519972,0.9237321696604077,0.86781515937437,0.9398636845831867,0.8235702020382232,0.8590494466041887,0.9733050117350786,0.9846344164354528,0.9348975602557186,0.960059653498783,0.7779285982979472,0.8848055194072817,0.8361581574418966,0.9323345609629297,0.923122787162741,0.9482479709168001,0.9024846512059139,0.7856920188609455,0.8294570440795388,0.6839638029129473,0.9323345609629297,0.9570183943574117,0.9393314892384306,0.9482479709168004,0.7401432589965959,0.9439253608596803,0.7239155881669075,0.9270843653068204,0.9908966831572722,0.7549722614362545,0.8206574710503429,0.9097196291136667,0.8887741875977793,0.9696315366465988,0.9053415698864402,0.995812608116145,0.9747821421515683,0.9418654668890594,0.9924040002103832,0.8575188357488202,0.7528013886558226,0.9460501530640812,0.8743670916693695,0.9341536654578784,0.8600688224932602,0.7621069123919672,0.9521906738117113,0.7598372202406345,0.7999985225273293,0.9553906988562064,0.7638406599269405,0.8963077434412838,0.8848055194072815,0.8409619886996478,0.6436356430904485,0.8901096639134571,0.8901116570681229,0.9398636845831867,0.9460501530640812,0.9010728262563201,0.9398636845831869,0.7839924217909464,0.9270843653068204,0.9894969760647812,0.9127085925971723,0.8460574995249714,0.8467709954086369,0.7932215472647901,0.9529044812989522,0.7817258830088827,0.9738158281847601,0.841912226056144,0.9894969760647814,0.9323345609629294,0.8892331487091776,0.9162444743188086,0.8975786096948727,0.944209959337946,0.8873196151516802,0.8302288418237757,0.8655396347943327,0.903907368032151,0.8253638399869105,0.7024971614711931,0.9112065483416407,0.9529044812989522,0.8407576685828649,0.9998238347481485,0.9601172055556272,0.8848055194072817,0.873172002284847,0.9379142777971523,0.8269930266612506,0.7762794789361449,0.9700351664034113,0.8859311733087405,0.9439253608596803,0.758939330078955,0.9010728262563199,0.9647915833876861,0.916567441315375,0.9673445570347359,0.9253948970823005,0.8795907732894912,0.9288025889967639,0.9379142777971528,0.946050153064081,0.9553906988562064,0.9398636845831867,0.9419536134643975,0.8286830827853715,0.7961064637088175,0.7867278122502834,0.9398636845831868,0.8618150114025944,0.7074960277762036,0.8887741875977793,0.8156598842427538,0.8787132883757072,0.9726705794236883,0.8593147823261376,0.937699338240239,0.7943703659632183,0.872162540290954,0.8231810246346634,0.9439954904249369,0.9482479709168004,0.9485451227422387,0.7885108687926855,0.995812608116145,0.8057939603726952,0.6717386274418833,0.9558556565462317,0.9360123464869741,0.6717386274418837,0.7211550141076873,0.9157617220296757,0.9398636845831869,0.825662231451429,0.927925604568565,0.9505286850464205,0.9398636845831869,0.9270843653068206,0.7500811450500104,0.7903153174929476,0.9379142777971523,0.9915113877198729,0.9341536654578779,0.9379142777971523,0.9379142777971523,0.9039073680321509,0.9398636845831867,0.9862951408967355,0.9245544567587657,0.9398636845831867,0.7172515874023355,0.9942128673439101,0.9141406930557707,0.9439253608596803,0.9482479709168004,0.9418654668890594,0.9379142777971523,0.9245073871127208,0.8588531668491859,0.9237321696604077,0.8374992460005584,0.9398636845831867,0.7309976147881522,0.9439253608596803,0.7623333429754706,0.8043110376823823,0.865312287431165,0.7111447602090579,0.9418654668890594,0.9721643839492675,0.8794276363367713,0.9253948970823007,0.9964123220916106,0.8996713357710027,0.9067878891240293,0.9921724780907231,0.9629825713700773,0.9288025889967637,0.9505286850464205,0.7824006240173303,0.9439253608596803,0.9032215790146934,0.8388389232603319,0.9398636845831867,0.9398636845831869,0.9326030065689952,0.9529044812989522,0.8084339792389151,0.9341536654578784,0.8277434539570452,0.8171661217546866,0.9894969760647814,0.8012713919726792,0.7935656719672841,0.9398636845831867,0.9398636845831867,0.8982796549912178,0.9770155294429647,0.9485451227422386,0.911004905105822,0.8168555449761874,0.7486505891643018,0.8812515305002847,0.8118140012840132,0.7693380158820629,0.8279121120698418,0.9398636845831867,0.9150128085700575,0.9460501530640812,0.9553906988562064,0.7196810916449257,0.9505286850464207,0.8253638399869103,0.9398636845831867,0.9398636845831867,0.8051359425884179,0.833941765383119,0.7904374869548958,0.9270843653068206,0.659875833603919,0.8910264359580939,0.9142266602978069,0.9460546403839525,0.8548480082641419,0.6500225681112727,0.9398636845831868,0.8426107983547331,0.8088522312849595,0.9418654668890594,0.9141406930557708,0.9259498258317267,0.9941348584662445,0.9289045525716983,0.8341784453489841,0.9418654668890594,0.9239391611456852,0.9398636845831867,0.819910326529145,0.9470371182540278,0.9134708556523616,0.9523258717107131,0.8286830827853717,0.9305518148343679,0.8874452201355858,0.8276741354703553,0.9482479709168004,0.9605093626552351,0.8914586911765379,0.9862951408967355,0.952904481298952,0.9082470012068005,0.9188871236697294,0.9759912045435395,0.946050153064081,0.9379142777971523,0.8530868722164207,0.9157617220296757,0.8996713357710029,0.984700032305712,0.9553906988562064,0.8996713357710029,0.9553906988562064,0.9700351664034113,0.7152360217515672,0.9438328971193495,0.877011423768419,0.9964123220916106,0.9762381701099259,0.9298223041589357,0.9270843653068204,0.86940933433815,0.9323345609629299,0.9928618019927207,0.9580084947693384,0.8744481603927652,0.9418654668890596,0.9101934299461026,0.9401042088409284,0.8657472579041967,0.8377446582222245,0.9398636845831867,0.7550682856940839,0.9398636845831869,0.9699540642454019,0.9529044812989522,0.8579614827921468,0.9220943680125893,0.9299901786065154,0.9398636845831867,0.7932215472647901,0.7638406599269406,0.9220943680125893,0.8191939787328957,0.7948115130896283,0.8032322633242259,0.9460501530640812,0.814409010388234,0.8688459520198255,0.9600596534987831,0.7693246760294277,0.9844690963672101,0.8752679679528749,0.9553906988562064,0.8926703623948279,0.7773931278746946,0.8795907732894912,0.9173148291382112,0.8091821252214857,0.9514652625474733,0.7317288359406373,0.9964123220916106,0.9379142777971523,0.8388389232603317,0.7839924217909464,0.9634696940503374,0.8083534729720048,0.7799859487882776,0.9398636845831867,0.7982079904562367,0.7788469961337645,0.8945436312571666,0.9398636845831867,0.810468129073004,0.7622482528379302,0.9505286850464207,0.9237321696604077,0.9379142777971523,0.8430837757619424,0.9624721270225209,0.8782989718810936,0.9580084947693384,0.865312287431165,0.5254754265052999,0.7525304592546813,0.9398636845831867,0.960886350956918,0.9398636845831867,0.9505286850464207,0.7152469264577267,0.8630676692554227,0.9553906988562064,0.9537504332936724,0.9161113448553027,0.8874452201355858,0.8156598842427538,0.9398636845831867,0.852043147398935,0.8379301929572325,0.8607411310128991,0.7649297326620292,0.8996713357710027,0.9915113877198729,0.9112065483416412,0.9097196291136667,0.9010728262563203,0.873172002284847,0.7556217296678093,0.9010728262563203,0.8156598842427529,0.9460501530640812,0.9255404775711313,0.9010728262563203,0.9553906988562064,0.7760178528607311,0.9998238347481485,0.8054620272717133,0.9379142777971528,0.9097196291136667,0.6721698318292009,0.8718992107694508,0.7689771223906574,0.9696315366465988,0.934718436590684,0.9173148291382112,0.9379142777971528,0.9747821421515683,0.8511203105826195,0.8945436312571668,0.9511394955727167,0.8534460628229266,0.8955237705353787,0.8653122874311647,0.7395028316109791,0.9418654668890596,0.9439253608596803,0.9496407070933521,0.8422041652209062,0.9142266602978066,0.8359993622116434,0.9478374997757881,0.9460501530640812,0.9482479709168004,0.9644126257985282,0.9127085925971723,0.6602616866513122,0.9024846512059139,0.9268615921601945,0.9316551647701914,0.9721643839492675,0.9496699001876989,0.9398636845831869,0.8831739319525083,0.883672127222253,0.9227274608254377,0.8821881173643273,0.9154042008314994,0.921979895548813,0.9439076502388631,0.9392053703799943,0.9188871236697291,0.8572804327866933,0.8820822039203282,0.9134708556523619,0.9327528459630949,0.9683506709922263,0.9288025889967637,0.9452390848153489,0.9379142777971528,0.8411769936250606,0.9611185746489356,0.7547644840194463,0.9418654668890594,0.8655788710295136,0.9142266602978062,0.7547644840194466,0.958658195699233,0.83818476025034,0.9559408221177331,0.9035337647796047,0.9360123464869743,0.8013981440784048,0.9671761235857237,0.781895764891759,0.9439253608596803,0.8332042054706013,0.9220943680125893,0.9482479709168004,0.873172002284847,0.9204798499326441,0.9418654668890594,0.9529044812989522,0.9543810721294508,0.9505286850464207,0.9662361292740161,0.9482479709168004
p23_H,0.9887469786193506,0.7959497447008523,0.8468843067447929,0.8113512895045099,0.9446089488259499,0.8689304945061069,0.9040269823602511,0.8659420481629911,0.47286017303628514,0.8616255760827234,0.9094416579454961,0.8159637907847499,0.9287189694062175,0.7506487070281582,0.9660500473832351,0.801562155095674,0.9402788533216082,0.761676952626392,0.9587846477856068,0.8979763176038495,0.7021849765583073,0.8961336560543353,0.9642882776433008,0.8890194193065106,0.9312818711137034,0.6122521848286554,0.833281832750308,0.6798077881559779,0.8616255760827238,0.5543744684940237,0.6586095085141515,0.9342913817047809,0.8534154108093399,0.7358259207414195,0.9736191354376754,0.8893582784066543,0.7520108196881634,0.8011877477069624,0.8689304945061074,0.7570572912227627,0.6667424175474765,0.7335284496899965,0.9780395008431749,0.7847376610866262,0.833281832750308,0.6838100926446342,0.7937740955279338,0.5546946007198315,0.9991356718078532,0.5630565694992187,0.8414864259682344,0.5711015173454148,0.6346118584909752,0.9235775498860717,0.9376739367811509,0.8175134374929018,0.7524940056416105,0.8233095582802461,0.6266197261413987,0.8313082711508404,0.48582222350766946,0.6667479585167477,0.8582085951141722,0.7503219445908043,0.8479439783560869,0.5454434237979348,0.8735181677292325,0.7880669027557464,0.9958635324424265,0.8893582784066545,0.7660973431344495,0.7790644167304981,0.857578388990773,0.4182840792095459,0.8233095582802461,0.8218460844822157,0.7857618044451697,0.7908102298540949,0.0,0.8689304945061072,0.7908102298540949,0.7711003670094543,0.7435234063570098,0.7616769526263929,0.8233095582802461,0.7520824202525009,0.8836401242914758,0.6361071161261049,0.7712966743850239,0.8175818786954798,0.8233095582802461,0.6874088678918227,0.4644933105588265,0.5068435706924821,0.8909083933289359,0.90832396555434,0.6634318493001603,0.811195625739098,0.5292893194588647,0.3946396405466155,0.8391865814433321,0.8661586408023221,0.852319744891971,0.7408324850486854,0.7807109638897068,0.7635098746985826,0.9068421639622342,0.4786304530823142,0.7633283852175543,0.47105951431262616,0.6419781129127171,0.9254841154416611,0.5754737704167268,0.9008800018959959,0.7628588897397749,0.44612428458206865,0.923577549886071,0.9240714630961304,0.8689304945061072,0.5278540655720461,0.8217516009205622,0.6321571859757091,0.7807978673500406,0.9467930276088956,0.8287559736133523,0.6021885725279594,0.7819249664386071,0.9810537181511674,0.9287189694062172,0.9507555075874374,0.49789781462980576,0.8352434350141633,0.8414864259682344,0.9837029979941458,0.806532577607483,0.5552424404082132,0.8979869017591904,0.8414864259682344,0.7741326728997914,0.8394320005991047,0.8107422773882049,0.7748670087060179,0.6096156607351029,0.6695299008702953,0.6554661269093978,0.6029665476692045,0.7949161958381433,0.5563721871758744,0.7367788220993219,0.3435689893034821,0.8616255760827236,0.7486277269341068,0.9376959776670528,0.993848862500291,0.9055499094902302,0.6267431945606461,0.7324133527967001,0.7572095078496401,0.795924942792475,0.6167567342375304,0.7696059585796613,0.8661586408023221,0.8173554210508893,0.7592260637026649,0.8896199006103993,0.7475141384270301,0.855629332311897,0.900765093268797,0.8487983970512425,0.7112842945887539,0.9327564544572138,0.8441525854401173,0.7490236834984906,0.7022081808244854,0.7043133443232127,0.8729210499096258,0.9240714630961304,0.8671899205447995,0.8995968390691993,0.6205340313117769,0.9496137656089725,0.6670598805111068,0.8608597253937624,0.8159637907847501,0.9225032903902051,0.7505130975148786,0.541652432541466,0.7654348544765668,0.9235775498860715,0.7962263634151272,0.9766235540366277,0.8175525529750239,0.7652786385105348,0.5586860067024787,0.7783223668983021,0.8233095582802461,0.8591052725560666,0.949185243349123,0.9925214333720801,0.7154380821839283,0.594951657269812,0.8723413800954836,0.8233095582802461,0.8001724766977065,0.446416631293999,0.8616255760827236,0.8233095582802461,0.9028741276230612,0.6337191230634511,0.512275585800182,0.685888137358647,0.6866705519355043,0.8175818786954803,0.8233095582802461,0.9514078336459132,0.8233095582802461,0.4659325948727231,0.6365995947812686,0.5847638385697225,0.8233095582802461,0.740225424428232,0.8233095582802461,0.8008452727743585,0.757415927246071,0.7284248693131303,0.7745178422072394,0.8661586408023221,0.42689880881009323,0.8668703112866092,0.9179768608022426,0.9206032360159119,0.8133631006884943,0.7984914995680216,0.7762186091994818,0.8414864259682346,0.9174809986774627,0.9204628989956557,0.8838221115371236,0.8237005268657753,0.6337191230634509,0.5581690559090666,0.9670281084644332,0.6475576377138881,0.9136232032133542,0.8233095582802461,0.7229087622432773,0.8233095582802461,0.6147001028265805,0.7241053061242864,0.9022596399437831,0.9316730110197924,0.4268988088100931,0.8591052725560666,0.7567576995367282,0.8832951608576607,0.6594542221198869,0.7908102298540951,0.43754804618099674,0.8661586408023221,0.6116386053889866,0.9541766785011997,0.6638478269808155,0.8175818786954798,0.8857568514633036,0.6374585468921603,0.8689304945061074,0.6295454074238318,0.7727175941948566,0.9027516197837715,0.7436547745072865,0.6526581821003681,0.8381961564217874,0.7743318318769621,0.5662311231481791,0.4032107265079272,0.7635098746985826,0.31601917713085115,0.7754512684834047,0.7942278940301717,0.9800599122358795,0.7635098746985826,0.8924955284469466,0.5311049958391261,0.8479439783560869,0.7126020816193175,0.7911170953457258,0.8352434350141635,0.7567003903971179,0.3361759790884844,0.8861848925258495,0.8352434350141633,0.8352434350141635,0.4996213899488753,0.8893582784066545,0.4985620673206118,0.7118952138975594,0.8169626068338529,0.9698170394622899,0.9587846477856068,0.8233095582802454,0.8230786677459694,0.8394320005991052,0.8414864259682346,0.4078098681745215,0.9554763866849187,0.8661586408023221,0.7570572912227629,0.7943434028393762,0.535136648500508,0.9732093426177226,0.8815315868636329,0.7681023105650229,0.9358356497126925,0.905606611334874,0.6300646338658606,0.8979763176038493,0.6452063630056547,0.970677800646101,0.9310081087650578,0.9925819420467747,0.7749693464097145,0.7628588897397741,0.8233095582802461,0.7421009311387936,0.7470328502433512,0.7616769526263933,0.7635098746985826,0.9856190402810321,0.9303370573169483,0.8233095582802461,0.9552752262417247,0.8676494287670122,0.8689304945061072,0.9794874276596606,0.7954316686024002,0.7711003670094543,0.9022596399437831,0.5904984473953703,0.6116184906951978,0.8767712878621261,0.7026494528204534,0.5393574908718133,0.9589042581667984,0.7163077019390557,0.686734965328476,0.719064595595313,0.6029665476692054,0.8689304945061074,0.44548466178727975,0.7371821715947537,0.4281020129905221,0.8992256158214422,0.8175818786954798,0.8860071718734748,0.6321571859757091,0.37395984087715417,0.3307305874173777,0.573357015058096,0.8233095582802461,0.5135025989665444,0.9643749667860486,0.7613709781799152,0.746135197031842,0.7748670087060183,0.6312690293156957,0.8233095582802461,0.8233095582802461,0.9788572026844111,0.8692564099658346,0.6622013364714974,0.8233095582802461,0.8616255760827238,0.8233095582802454,0.7304145128693742,0.8401803703019317,0.5462116316570924,0.910340118115422,0.7347413372441223,0.8347009643683228,0.6113364880778711,0.5472566863550188,0.8233095582802461,0.812868728064412,0.7284248693131303,0.4328810476691807,0.47308924166619915,0.8963485057298464,0.5895185567636907,0.8661586408023221,0.3461463200283442,0.8233095582802461,0.507704650441247,0.8287559736133523,0.5072079172519064,0.654684692207492,0.7819249664386074,0.6071253410091049,0.8273015792581513,0.8233095582802461,0.8867162633319161,0.7492515583618142,0.8233095582802461,0.9988235493481882,0.7512629133075923,0.8213649073958567,0.5605193224276488,0.3325063977042053,0.8233095582802461,0.9087344839797222,0.5686772070939873,0.8479439783560867,0.8635929553637569,0.7508893768812105,0.5983802862394774,0.5524073150147388,0.6713733243578848,0.7628588897397749,0.8890920803457659,0.4658189581454655,0.8701003883997358,0.5744549789128293,0.7507992826357697,0.7518846450046768,0.9171943330215184,0.7421009311387937,0.8063962999510328,0.8233095582802461,0.8893582784066545,0.7934227411583401,0.6504240437544527,0.9843786859955979,0.9530292275943426,0.8394320005991049,0.7375528188473721,0.978761859557842,0.8119936899116003,0.9406842859542996,0.852319744891971,0.8214753057378958,0.7883938829060595,0.7171127341076784,0.7982230593880597,0.5450312480224695,0.8839192332693959,0.8977435228546217,0.9407413053324096,0.6011570253759583,0.8102313844067461,0.8979763176038493,0.6794810074841684,0.7179863263837774,0.7671465873183081,0.8345541328101034,0.8102313844067468,0.9009207691988452,0.8352434350141633,0.9714007972231222,0.7336060391821391,0.8214426654841008,0.9329930561544768,0.7147690823318904,0.8594836392454278,0.6170729333692083,0.5485585629160254,0.7333217496100184,0.8082963403699888,0.9937773636072582,0.7846238563050681,0.8734876454825542,0.9529906486159976,0.789476619596912,0.8230064437779532,0.5818076076206404,0.8345046298953938,0.6738839983276377,0.7200940385347595,0.9696430243760332,0.8191075254927642,0.8352434350141635,0.9019752565914652,0.6885071260075557,0.8485790323132045,0.8819281364185481,0.9370757981459648,0.825849246489474,0.7065844644668908,0.9145187709012395,0.8429604839965288,0.8332818327503082,0.833281832750308,0.934291381704781,0.8546450937171781,0.7598784394566549,0.5860401281656586,0.7155741511552383,0.872341380095484,0.81758187869548,0.653542392566783,0.9951952978547858,0.8332818327503073,0.6261114292593142,0.8233095582802461,0.7858946626455752,0.8233095582802461,0.8233095582802461,0.29271338431004335,0.7759124991561701,0.7371821715947537,0.8233095582802461,0.6407400622338091,0.5015641815426619,0.8374304068558621,0.7596584125958228,0.7676236944554424,0.6392025881498691,0.6826434961138046,0.9522167421840106,0.3839166205679706,0.8273015792581513,0.9147593397916479,0.9478061671738154,0.6303392625589983,0.6645692345751761,0.6920839109037266,0.988329602753838,0.9637877683323396,0.9217469326616186,0.8113382291880626,0.8812313746286631,0.8841450043590919,0.7628588897397749,0.7885651503017959,0.9450728159774883,0.9254841154416613,0.7759124991561703,0.5055439094274271,0.9578335319008517,0.5559036910880533,0.8237889715586775,0.879850287513587,0.8865197128924086,0.8591705443298998,0.8591052725560668,0.8315319753234404,0.5208329292079055,0.522199925471186,0.9055499094902304,0.6126272280007041,0.860031087893133,0.522877269359173,0.7894723616821671,0.8739594680062144,0.5075494538829838,0.7435234063570095,0.9454454968314661,0.5259568300736343,0.571770356137626,0.8084020505518861,0.5674667423192612,0.7857618044451697,0.8457690611386215,0.8336710720220848,0.8233095582802461,0.7421009311387937,0.7370755954976769,0.857578388990773,0.6426731243310215,0.8471944961311819,0.8587465818383453,0.9195966234214438,0.5941587927863523,0.8701003883997358,0.3469602081904044,0.8979763176038495,0.4943087281613914,0.9843786859955982,0.542241818032426,0.8119936899116003,0.9317569054629058,0.8508637989745782,0.8374304068558618,0.7942278940301717,0.8719388155147207,0.7266999208210003,0.5180397493256594,0.6334355519451307,0.795736828001846,0.7056476031850056,0.7123533386861718,0.6170729333692095,0.8616255760827238,0.8527779327341045,0.9913239936917141,0.8338536684569,0.876796681198773,0.6825806936530312,0.8457706733508468,0.540772168368938,0.6582394136555667,0.9071879956687867,0.6739731765200836,0.9483501244687262,0.7520824202525009,0.9852360939783736,0.8345541328101038,0.8612908033683546,0.9701338221012197,0.9552752262417246,0.812178541128047,0.8157892392041282,0.9287189694062175,0.8061644146607893,0.8689304945061072,0.8233095582802461,0.9128461408160302,0.5742694131429451,0.3613652202809312,0.7811175297355271,0.8233095582802461,0.7051131152091952,0.44063523259481396,0.6084647917733397,0.730414512869374,0.9066935430739851,0.6555137801212287,0.4632107341920688,0.8409476611124891,0.7479837403619538,0.9710464027443582,0.6141744755619472,0.7149880643119462,0.7858946626455752,0.9009207691988455,0.7741671495920408,0.8970738465904811,0.780767856490074,0.8689304945061069,0.8248919281470397,0.8119936899116005,0.9837029979941456,0.7959497447008526,0.7741671495920408,0.8233095582802457,0.5830514542531141,0.8121165010415419,0.7982230593880602,0.9973706779505989,0.9081097042530526,0.4486787361616118,0.3199558192924862,0.8175818786954798,0.8414864259682346,0.8332818327503073,0.8175818786954798,0.8175818786954798,0.9909190160254863,0.8233095582802461,0.9402788533216082,0.8184890300696824,0.8233095582802461,0.7942278940301717,0.6515882318437043,0.9240714630961304,0.7628588897397749,0.8191820589181512,0.8118391131890512,0.8175818786954798,0.5407721683689382,0.3622736619390051,0.8237889715586777,0.4171234091374608,0.8233095582802461,0.7478065229556417,0.8352434350141633,0.8173554210508895,0.4813258341012009,0.9662864852844693,0.8546450937171783,0.8591052725560668,0.9792685813697458,0.9129804740102454,0.852777932734105,0.857578388990772,0.8185428900672662,0.7860823145909537,0.8221833021740685,0.6401354684080818,0.9157052766042657,0.9934978324750832,0.7570572912227629,0.762858889739775,0.7478065229556414,0.4769343694616268,0.8233095582802461,0.910340118115422,0.8631633158595793,0.8616255760827236,0.5142896963541488,0.8457271055357924,0.8657472579041969,0.4042645025361674,0.8394320005991049,0.5412610793605923,0.4163264704723052,0.8233095582802461,0.8233095582802461,0.9067580594230646,0.7367908232366314,0.7470328502433508,0.5259568300736341,0.5779255191336571,0.6366673442090738,0.627634475250544,0.3806555399756105,0.8118216371522142,0.49849104252813614,0.8233095582802461,0.9737995795008241,0.7421009311387937,0.8689304945061074,0.4515267623360737,0.7635098746985826,0.4333500905071993,0.8233095582802461,0.8233095582802461,0.417487388411912,0.8813299315036964,0.41363215380235485,0.9206032360159118,0.5576088252837907,0.6667424175474763,0.9829021226820063,0.9174809986774626,0.4282359543472225,0.54803995544877,0.8233095582802461,0.7241053061242859,0.4130161015136673,0.8417532599394948,0.8676494287670122,0.9767015099979366,0.7489668393846995,0.7071748028741396,0.7134837754282197,0.9314957001908264,0.7314172319945467,0.8233095582802461,0.31527593702330126,0.7713817426646417,0.7147690823318893,0.8190061033584661,0.5601339106602794,0.82116683974349,0.6704502806250792,0.7232544196067832,0.8857568514633035,0.8566736441165143,0.5561406044720791,0.9527241261070918,0.9343270591249753,0.9458383805900829,0.8734753209379917,0.32123587443076684,0.8735181677292323,0.8175818786954798,0.5038769649670325,0.7273505395480597,0.8940929572216492,0.9341280850179877,0.901524498517816,0.7807678564900742,0.9015244985178159,0.9837029979941456,0.9009207691988452,0.9819238515971287,0.6412104787151401,0.9155987622142241,0.8616255760827236,0.9206032360159118,0.847194496131182,0.689281124519086,0.879529242360529,0.759586201474016,0.900735691151503,0.7874479013486585,0.8291911258056228,0.5803128464989034,0.8678783547253448,0.6791715060007745,0.7265650472250682,0.8233095582802461,0.655513780121229,0.9155987622142241,0.6085835068840264,0.8616255760827234,0.8244584323215548,0.6738389844933244,0.8280011298361727,0.8233095582802461,0.3721034175761174,0.5637054160990456,0.8173554210508895,0.3541684511724924,0.35390399034314324,0.37188020817287226,0.7421009311387937,0.5309824968788404,0.9513300904079283,0.8700657935197817,0.5379415452410519,0.823006443777953,0.6402013306586438,0.9071879956687867,0.7759124991561703,0.9103401181154223,0.905688156930554,0.8450857932537048,0.4034305799973258,0.7641315079050732,0.5812044796761531,0.915598762214224,0.8175818786954798,0.41073618803308765,0.5590568671048415,0.8514108997435217,0.4702152507760824,0.48628824542834015,0.8233095582802461,0.4264478458515203,0.7350611570790095,0.7506487070281582,0.8233095582802461,0.3839166205679707,0.9578707370140944,0.7635098746985826,0.823006443777953,0.8175818786954798,0.5324695220046278,0.9252876161011312,0.8796622912834164,0.882532869344193,0.8771557075621004,0.8465534160888446,0.5772498666784371,0.8233095582802461,0.9530292275943426,0.8233095582802461,0.889358278406654,0.5764997386641186,0.48327410114036107,0.8689304945061074,0.8143216327272103,0.6634473293582455,0.6183249427245866,0.9732248427747816,0.8233095582802461,0.8690326023140318,0.6642977413825711,0.8453187057352896,0.8637198773190109,0.742992822912883,0.8414864259682346,0.7391101518841834,0.8143684708351732,0.7856926766548296,0.5060534759335706,0.523785729424934,0.7856926766548296,0.7506487070281582,0.8414864259682346,0.8169626068338529,0.7856926766548296,0.8689304945061074,0.9852736892495901,0.841753259939495,0.8477635103102104,0.8175818786954805,0.8758534970061781,0.7942278940301719,0.594951657269812,0.9507555075874372,0.941523833113134,0.5324348721765889,0.8908287006534694,0.9287189694062172,0.981518444137782,0.8073949213588061,0.9529906486159976,0.7085876633958224,0.6816080207951144,0.9954043324676316,0.6988941521173633,0.8450857932537048,0.8890194193065106,0.8246893013160923,0.7145338078190553,0.873376332415007,0.589973545826987,0.8120523900856045,0.8409659913001489,0.8061644146607894,0.7526072663729986,0.8675721546195745,0.6248266494775885,0.7341496165780601,0.8233324866804044,0.9701338221012196,0.9499117293076365,0.8767712878621261,0.6709034097694928,0.8285682023790464,0.7040126106474542,0.7242880729487995,0.9191508202418861,0.6220525749740239,0.73280866239563,0.9145187709012392,0.8738097032113021,0.8334243885603598,0.6346118584909751,0.9670281084644332,0.9827616178379834,0.9174809986774626,0.8142581395735666,0.8752688878564457,0.9344206672955302,0.8838498589161357,0.9021482626615813,0.9641403554086736,0.7524833864267053,0.8661586408023223,0.811839113189051,0.620674383661187,0.5899735458269868,0.8970738465904806,0.9388803101001305,0.5071348937499595,0.7917190362465913,0.8668703112866096,0.8313082711508408,0.4923001928481624,0.8636104750923244,0.6786382195964646,0.8661586408023221,0.5764238127749559,0.9051142547005,0.7526072663729988,0.47395761816639603,0.9254841154416613,0.8890194193065106,0.8616255760827234,0.7056233892826125,0.8546450937171786,0.9046173478269544,0.7858946626455752
p23_I,0.9224370478225468,0.7386899117100746,0.9850406692683007,0.9970799457879603,0.9623211158059548,0.9137336093857832,0.9737090553906053,0.8899039344946591,0.9286491105644257,0.9704919301607371,0.8954610316630295,0.9610996995613954,0.9610996995613954,0.7554454597416767,0.987883051676453,0.9149900225490744,0.8815382336298229,0.9173135519831482,0.8237261571040236,0.9704919301607371,0.9165661374366312,0.9726326202607706,0.9522137875062904,0.9635753483468392,0.9751129258825254,0.9491780856091547,0.8815382336298233,0.9380163966266191,0.9704919301607371,0.8323106849540619,0.9443657603723179,0.9661972965770262,0.9576036838348734,0.9397924012017989,0.962321115805955,0.9690033562225546,0.9635753483468392,0.5746236278098957,0.9720496894409938,0.6575970967578817,0.9253688519211309,0.9501760208500687,0.9720496894409938,0.9354001807590553,0.8815382336298229,0.9130739187281969,0.9648659912110236,0.9261840328635953,0.9481929520311925,0.9197374370356894,0.9661972965770262,0.7494981288862415,0.9491780856091547,0.9564866901437921,0.9576036838348734,0.9880755935910335,0.9472198404849024,0.9623211158059548,0.8935446993031986,0.9599080294518356,0.930310587274189,0.9134551722269831,0.9491780856091547,0.9253688519211309,0.9675743567407267,0.9847195507103002,0.9661972965770262,0.8931449617140896,0.9106359140503812,0.8237261571040235,0.581086192760314,0.9481929520311925,0.962321115805955,0.871437530173562,0.9623211158059548,0.9157773781681393,0.9543141322095121,0.9553906988562064,0.8689304945061072,0.0,0.9553906988562064,0.9511876099263499,0.9453068780840739,0.9491780856091547,0.9623211158059548,0.542540721071605,0.9543141322095121,0.8550872530468148,0.9213345015882413,0.9610996995613952,0.9623211158059548,0.6517640413322647,0.9704110250992255,0.8923606027185704,0.9453068780840739,0.9261840328635953,0.7055612652499124,0.9165661374366314,0.8663981446497515,0.9035853419274653,0.793961895818841,0.9428375253830149,0.8644606804686437,0.7757319038492514,0.9470898955447687,0.9690033562225546,0.6468113578804167,0.8496516619740198,0.9532555825271782,0.8730956945148611,0.6963559225999976,0.8462222865742864,0.9696693743185965,0.9865343427479383,0.9648659912110236,0.9879809040697736,0.9564866901437921,0.9690033562225546,0.9137336093857831,0.9359056217993145,0.9354001807590553,0.7631666477878621,0.6885869595213395,0.9936310971469994,0.8505593707793002,0.8185746204202076,0.9635753483468392,0.9386599233384809,0.9547434413197932,0.9371382816751241,0.9056153321941813,0.9648659912110236,0.8425429626878573,0.9720496894409938,0.9587434581480645,0.8360533776976247,0.9102896363632478,0.9661972965770262,0.9661972965770262,0.9599080294518358,0.9676837770879049,0.9704919301607369,0.8697688980991498,0.8359132272776385,0.7114930072303723,0.9336842693103171,0.9684455580859814,0.8828532941996556,0.9481929520311925,0.820766332430132,0.9704919301607371,0.9303105872741888,0.8203004969566806,0.9118525638325778,0.8425429626878573,0.9481929520311925,0.9322542075669044,0.8963063030143585,0.9349923761154104,0.809144266311157,0.8423261855962991,0.8505410419770532,0.979765804114769,0.8532920118076435,0.9729473702817708,0.8910121640684717,0.8970542565865081,0.9748214106481392,0.9453068780840739,0.9250632826893765,0.8762627027648182,0.9610996995613954,0.9472198404849024,0.7614076267185652,0.9863547093778393,0.868620903532077,0.9273614004407345,0.9040598105946911,0.8824506538600926,0.8992960027516227,0.9345395918631996,0.917356409162452,0.9233710276669693,0.9610996995613954,0.8954927753294004,0.7422146447326956,0.8947109826062525,0.927002353944838,0.956486690143792,0.9341913284130116,0.9599080294518356,0.9286491105644257,0.7881119119846207,0.8440565830183067,0.9303105872741888,0.9623211158059548,0.9635753483468392,0.7943430399658984,0.9261840328635951,0.8879129264040995,0.9197374370356894,0.9610996995613954,0.9623211158059548,0.987877546040212,0.8440565830183069,0.9704919301607371,0.9623211158059548,0.8763826688608701,0.9371382816751244,0.9917593122917417,0.9760563522715157,0.9149033473838963,0.9547434413197933,0.9623211158059548,0.8931449617140896,0.9623211158059548,0.8603806964337222,0.8054803010644624,0.770875635046866,0.9623211158059548,0.897054256586508,0.9623211158059548,0.9352032913830403,0.9311473405254242,0.5490692854586517,0.9079504174811017,0.9648659912110236,0.8302717405717412,0.9599080294518356,0.836889728021471,0.9543141322095121,0.8081565826550231,0.8832165619961239,0.9397924012017989,0.9661972965770262,0.925368851921131,0.9662615489004196,0.919033318549464,0.9778525174284828,0.9371382816751241,0.9371382816751241,0.9587434581480645,0.7171890292645671,0.9581756603540755,0.9623211158059548,0.9278239868212363,0.9623211158059548,0.9153151841896086,0.7809209491441993,0.9661972965770262,0.946258035412129,0.8302717405717412,0.9635753483468392,0.93626631307224,0.9532555825271782,0.6482692942611701,0.9553906988562064,0.8970542565865078,0.9648659912110236,0.7062885929790661,0.9048375041252172,0.8844523283713124,0.9610996995613952,0.9675743567407267,0.895470007327668,0.9720496894409938,0.9929562774279699,0.8763826688608702,0.9501760208500687,0.9040598105946913,0.6989031042017531,0.9661972965770262,0.8876315196146514,0.8496516619740198,0.8353231768642488,0.9690033562225546,0.8730956945148611,0.9920754410433736,0.9511876099263499,0.7184157888018903,0.9690033562225546,0.890001356641569,0.8999600766760718,0.9675743567407267,0.9741037694931156,0.876262702764818,0.6659480751651295,0.9397924012017989,0.8568667102675338,0.9599080294518356,0.9648659912110236,0.9648659912110236,0.812956094083435,0.8237261571040233,0.8505681838601358,0.8923606027185702,0.9149900225490744,0.8375373339717103,0.9273614004407345,0.962321115805955,0.9861053894336532,0.7124267297718101,0.7469130923202993,0.8532920118076435,0.9245566463845682,0.9648659912110236,0.9204037308984991,0.9380163966266191,0.8339037580781801,0.9328339505740533,0.9142039648291602,0.7662205325597902,0.8558507226181661,0.8780124908814333,0.7472588339866411,0.9704919301607371,0.9801025842096873,0.9704919301607371,0.9397924012017989,0.9935264355112594,0.906064872904292,0.9648659912110236,0.9623211158059548,0.966197296577026,0.8169381887965974,0.9840677331869968,0.9690033562225546,0.9675743567407267,0.7864297230821704,0.9623211158059548,0.953255582527178,0.9690033562225546,0.9720496894409938,0.9579181659574111,0.9837029979941456,0.9511876099263499,0.9661972965770262,0.8763826688608702,0.8954700073276679,0.8318499427019324,0.9576036838348734,0.7630301393628989,0.9648659912110236,0.9397924012017989,0.7998105573865868,0.9564866901437918,0.9336842693103169,0.9720496894409938,0.826116257009434,0.8271232104683229,0.8353231768642488,0.9587434581480645,0.9610996995613952,0.9415972144812141,0.9010995033577465,0.8568667102675338,0.8577507109035438,0.7921166669210783,0.9623211158059548,0.8915752582995886,0.9389009867184677,0.8824506538600925,0.9458638372348818,0.9704919301607371,0.8852493927538769,0.9623211158059548,0.9623211158059548,0.9481929520311925,0.9286491105644257,0.7325514035311538,0.9623211158059548,0.920983946319307,0.962321115805955,0.9970799457879602,0.9237472579920245,0.8812984813018137,0.8644606804686438,0.8730040523026376,0.8265261252013361,0.8529504398229277,0.8787867768370725,0.9623211158059548,0.9980955800828025,0.9480026438367748,0.8343249892961566,0.87347572253113,0.9341913284130114,0.8395804738396506,0.9648659912110236,0.8487307132759607,0.9623211158059548,0.8140963117651729,0.7838051895754519,0.8954927753294004,0.932874612863428,0.9635753483468394,0.8542772224254338,0.8864720867133831,0.9623211158059548,0.9229405345355659,0.8926194277271782,0.9623211158059548,0.9434341193662403,0.8163516728240243,0.8828532941996556,0.7960141260477718,0.8532920118076435,0.9623211158059548,0.9106359140503812,0.9340813247611224,0.9675743567407267,0.9077233602937606,0.947572654169405,0.983902503224694,0.9319883865480127,0.735015822780346,0.9648659912110238,0.9741037694931156,0.9157773781681393,0.8368897280214713,0.9313600044484991,0.9192955526446764,0.9668499345550761,0.9774873843362968,0.9661972965770262,0.8505593707793005,0.9623211158059548,0.9690033562225546,0.9210339929466169,0.9746481962695817,0.9553906988562064,0.9899835764925831,0.9599080294518358,0.9998870507814515,0.7685011028265791,0.9599080294518358,0.9700351664034114,0.6912424767432422,0.9564866901437921,0.9548754176902221,0.8655369948545275,0.9690033562225546,0.8860449046541117,0.9704919301607371,0.8911016107831409,0.9774873843362968,0.9272687068821164,0.7534728776716186,0.9704919301607371,0.8888928429685596,0.995006876394922,0.8422078287242856,0.9501760208500687,0.9543141322095121,0.9278239868212363,0.9648659912110238,0.9397924012017989,0.9752737206364959,0.9087295850935584,0.7726260462381258,0.9253688519211309,0.9553906988562064,0.9443657603723179,0.7646343017371667,0.8312943488564517,0.6555387800180551,0.9587434581480645,0.9378037505277521,0.9662615489004196,0.9425114327004687,0.9511876099263499,0.9522137875062904,0.793427422291636,0.9553906988562064,0.8900013566415691,0.9511876099263499,0.9371382816751241,0.8174671235160889,0.9648659912110236,0.995308937439624,0.9826888816980901,0.7730110731649058,0.9253688519211309,0.9690033562225546,0.9736502784936192,0.9374297224202957,0.7342898677365097,0.8910121640684715,0.8016790795187665,0.9587434581480647,0.9661972965770262,0.9690033562225546,0.6836153847435859,0.8991272068015781,0.9354001807590553,0.9610996995613954,0.9610996995613954,0.8689304945061072,0.983902503224694,0.9587434581480645,0.7062885929790661,0.9623211158059548,0.9675743567407267,0.9623211158059548,0.9623211158059548,0.8655480930335331,0.9522137875062904,0.8853943075507922,0.9623211158059548,0.8586309929616845,0.8796338709830265,0.9935264355112595,0.7846420139571662,0.9118525638325778,0.8434948191248517,0.9801025842096873,0.9278239868212363,0.8812473067855706,0.9576036838348734,0.9157773781681393,0.9675743567407267,0.9389009867184679,0.8353231768642488,0.8931449617140896,0.9443657603723179,0.9576036838348734,0.9581756603540755,0.8622506099222338,0.9675743567407267,0.735015822780346,0.9648659912110238,0.8727206163368164,0.9543141322095121,0.8462222865742863,0.9522137875062904,0.8876315196146514,0.7506295000818891,0.930310587274189,0.9522137875062904,0.9996437898601822,0.9648659912110236,0.9543141322095121,0.7685011028265796,0.7846880470720905,0.8939283999593048,0.9205937947274887,0.9661972965770262,0.9760563522715158,0.9587434581480647,0.9477961055696322,0.9651846090667127,0.6181160048445473,0.8343249892961566,0.9453068780840739,0.9720496894409938,0.8059290360431448,0.8860449046541117,0.9278239868212363,0.8083078957473226,0.9726326202607707,0.9311473405254242,0.9968554189197796,0.9623211158059548,0.9661972965770262,0.9480026438367747,0.962321115805955,0.9386599233384809,0.9543141322095121,0.9599080294518358,0.8032566864413211,0.8542772224254338,0.9071885561788839,0.8550872530468148,0.9704919301607371,0.8174671235160889,0.9553906988562064,0.9009488545209479,0.9599080294518358,0.9576036838348734,0.9791112505823617,0.8373091029803345,0.7726260462381258,0.9768697337936629,0.9110706954672416,0.8010546007406154,0.8986133813304025,0.8853943075507925,0.8747439046690526,0.894917409653627,0.9443657603723179,0.9704919301607371,0.953255582527178,0.9635753483468394,0.8447400695691349,0.9278239868212361,0.9205349146293753,0.9610996995613952,0.8152281195719793,0.7630301393628989,0.9720496894409938,0.9102896363632476,0.8505410419770533,0.8306286611882314,0.9380163966266191,0.9501760208500687,0.9270023539448378,0.9316279546663165,0.9532555825271782,0.9245566463845684,0.9553906988562064,0.9610996995613954,0.9661972965770262,0.9720496894409938,0.9623211158059548,0.9397924012017989,0.8466224143039984,0.8568667102675338,0.8824506538600925,0.9623211158059548,0.9134191021410438,0.7853791440673987,0.9303105872741888,0.9425114327004687,0.9801025842096873,0.69937498818027,0.9118525638325778,0.8239977917540984,0.946258035412129,0.9650762806974961,0.8892126720780518,0.7498208075242985,0.9675743567407267,0.8169381887965974,0.9472198404849024,0.6659480751651292,0.9500854106526052,0.913733609385783,0.946258035412129,0.7124267297718101,0.9720496894409938,0.9564866901437921,0.7292573298947771,0.8644606804686438,0.8828532941996557,0.91420396482916,0.9690033562225546,0.962321115805955,0.8995793727310535,0.8282072461373998,0.8532920118076435,0.9610996995613952,0.9661972965770262,0.9587434581480645,0.9610996995613952,0.9610996995613952,0.9397924012017987,0.9623211158059548,0.9587434581480645,0.9311473405254242,0.9623211158059548,0.7035794602792447,0.8917796293119393,0.9690033562225546,0.9648659912110238,0.9675743567407267,0.9635753483468392,0.9610996995613952,0.8152281195719792,0.8947109826062525,0.9522137875062904,0.8820512005878685,0.9623211158059548,0.7523216832789563,0.9648659912110236,0.9511876099263499,0.8468751980607188,0.8551336555077049,0.8237261571040233,0.9635753483468394,0.9532555825271782,0.8373091029803347,0.8318499427019325,0.9623211158059548,0.9935264355112594,0.939073637329168,0.8696248121856341,0.9589610879075023,0.6717386274418834,0.9690033562225546,0.9861053894336532,0.9648659912110238,0.7523216832789563,0.9619064228844956,0.9623211158059548,0.9510697823313443,0.9968554189197796,0.9704919301607371,0.8461396580903975,0.961397387740879,0.9700351664034114,0.9464026665065834,0.9599080294518358,0.9195175599669804,0.8402286845916942,0.9623211158059548,0.9623211158059548,0.93626631307224,0.8929884899833644,0.663795494167297,0.8434948191248517,0.9648771726248764,0.9475726541694048,0.882673765562921,0.8514803618114828,0.8462222865742863,0.8612502633673058,0.9623211158059548,0.9261840328635951,0.9661972965770262,0.9720496894409938,0.776854687309573,0.9690033562225546,0.8747439046690526,0.9623211158059548,0.9623211158059548,0.8323106849540618,0.7778515786059432,0.8382831568291294,0.9543141322095121,0.7364958146357478,0.9253688519211309,0.946258035412129,0.9249165419327743,0.8771986663044034,0.7477120255242756,0.9623211158059548,0.8936972568164698,0.8646949616010216,0.9635753483468392,0.9690033562225546,0.9157773781681393,0.8953882126548843,0.7953218188590035,0.8306286611882311,0.9635753483468394,0.8954927753294004,0.9623211158059548,0.871437530173562,0.7730110731649061,0.9253688519211309,0.8340402924414356,0.9732258578585534,0.9564866901437921,0.9294779121965993,0.7422146447326956,0.9675743567407267,0.9025045192170253,0.8978340794956952,0.9587434581480645,0.9209839463193069,0.9425114327004687,0.9491780856091547,0.8612502633673058,0.9661972965770262,0.9610996995613952,0.9079504174811017,0.9472198404849024,0.7809209491441991,0.9415972144812141,0.9720496894409938,0.7809209491441992,0.9720496894409938,0.9720496894409938,0.8679857536730307,0.9406910117203195,0.9229405345355657,0.962321115805955,0.9704919301607371,0.9543141322095121,0.9543141322095121,0.7753832614665757,0.9576036838348734,0.9610996995613954,0.9472198404849022,0.9213345015882413,0.9635753483468394,0.8373021566360079,0.9389009867184677,0.8689304945061072,0.8523882775756793,0.9623211158059548,0.6517640413322646,0.962321115805955,0.8440565830183067,0.9704919301607371,0.9501760208500687,0.9511876099263499,0.7793641339096475,0.9623211158059548,0.8550872530468148,0.8059290360431446,0.9511876099263501,0.8559789162214917,0.871437530173562,0.8612502633673058,0.9661972965770262,0.8680892785394452,0.9953089374396239,0.8559789162214917,0.8094833764446483,0.5556944153918206,0.7597663318331271,0.6853002070393373,0.9774873843362968,0.962321115805955,0.9245566463845685,0.9481929520311925,0.8804415508981576,0.9278239868212363,0.8010546007406153,0.962321115805955,0.9610996995613952,0.8828532941996556,0.9386599233384809,0.6861524452540477,0.8343249892961566,0.8163516728240243,0.9623211158059548,0.843107264916912,0.8986133813304025,0.5138109736953924,0.9623211158059548,0.8812473067855706,0.8864720867133831,0.9690033562225546,0.9522137875062904,0.9610996995613952,0.9542973744591623,0.9491780856091547,0.9286524051387366,0.8586664617429053,0.9852078760340832,0.907188556178884,0.7985559379258659,0.9623211158059548,0.946258035412129,0.9623211158059548,0.9690033562225546,0.773896505437831,0.91420396482916,0.9720496894409938,0.9453068780840739,0.8094833764446485,0.9294779121965993,0.9425114327004687,0.9623211158059548,0.8755644359298403,0.8672451841150228,0.7477120255242755,0.9443657603723179,0.9371382816751244,0.9661972965770262,0.9443657603723179,0.9434341193662403,0.9380163966266188,0.9205349146293753,0.8163516728240244,0.9380163966266188,0.9425114327004687,0.7469130923202993,0.9149900225490744,0.9380163966266188,0.9720496894409938,0.9491780856091547,0.9635753483468394,0.8551218848344518,0.870586582200982,0.9434341193662403,0.9107192181558881,0.9850406692683007,0.9371382816751241,0.9522137875062904,0.9362663130722397,0.9481929520311925,0.9610996995613954,0.9543141322095121,0.93589375114032,0.9366713242763893,0.9716885439827987,0.9152405383832367,0.9345395918631996,0.9319883865480127,0.7232987552930362,0.9635753483468392,0.9648659912110238,0.927002353944838,0.9695535385776712,0.946258035412129,0.9262251883972953,0.9732682917366106,0.9661972965770262,0.9675743567407267,0.9935489104071602,0.9453068780840739,0.9296148191040329,0.9965185747417931,0.9443657603723177,0.9719311446762613,0.8318499427019324,0.9341913284130116,0.9623211158059548,0.8788242050198838,0.7798729832649693,0.898843693901776,0.9261840328635953,0.9506531976360086,0.9675743567407267,0.9397924012017989,0.9601516958792649,0.9491780856091547,0.9587434581480645,0.9453068780840739,0.8251068045020444,0.9912539269909322,0.9335314649217885,0.8954610316630294,0.9638838534161631,0.7864297230821704,0.9956022401087514,0.7881119119846207,0.9648659912110236,0.9635753483468392,0.9157773781681393,0.9462580354121286,0.9428375253830149,0.9245566463845685,0.8986133813304025,0.8607491670904543,0.9581756603540755,0.9599080294518358,0.9143480251080163,0.7726260462381257,0.9700808834258973,0.9648659912110238,0.8954927753294004,0.8416726321970072,0.9675743567407267,0.9205349146293753,0.7783550557157383,0.9635753483468394,0.9704919301607371,0.9930547404043362,0.9690033562225546,0.9062284136028745,0.9675743567407267
p23_P,0.7556217296678097,0.9305518148343679,0.871899210769451,0.9476888747140071,0.9964123220916106,0.9553906988562064,0.8212778877116462,0.9779782524358084,0.8861224347761871,0.33852203278982274,0.9738158281847601,0.937914277797153,0.9928618019927209,0.9476888747140071,0.9295460152552617,0.8354816398465682,0.9862951408967355,0.9188871236697294,0.9505286850464205,0.952904481298952,0.9579053211365331,0.9270843653068206,0.9237321696604077,0.47502754948302206,0.934296642316799,0.9188871236697294,0.9862951408967355,0.9010728262563201,0.9762381701099259,0.9021649053612405,0.9112065483416407,0.9460501530640812,0.9832374253294529,0.9039073680321512,0.9398636845831869,0.9505286850464207,0.9418654668890594,0.9832374253294531,0.373442088480355,0.9602126215445623,0.8808870709207715,0.9647915833876861,0.8208868969226472,0.8866524108017706,0.9615633836644075,0.8455205739201661,0.9439253608596803,0.9806621909815185,0.9173148291382112,0.9029852527308233,0.3671267955594145,0.8481878388280109,0.9188871236697294,0.9305518148343679,0.9149568459374999,0.9157617220296759,0.619523777834037,0.9398636845831869,0.9600596534987829,0.9360123464869741,0.8887741875977793,0.8506391215629194,0.9188871236697298,0.7281075123001417,0.9482479709168004,0.9172372481692361,0.9460501530640812,0.7696216603972197,0.8487805033020415,0.9141406930557711,0.9457439607148705,0.9173148291382112,0.8339417653831186,0.878903912196651,0.9398636845831869,0.8655788710295136,0.9270843653068204,0.9288025889967637,0.7908102298540949,0.9553906988562064,0.0,0.9220943680125895,0.9127085925971725,0.9188871236697294,0.9398636845831869,0.9401042088409286,0.9775200810036838,0.9647595619398641,0.8107210902890917,0.9379142777971528,0.9398636845831869,0.9029852527308235,0.9218833442529988,0.8814986128738731,0.9537504332936724,0.8821881173643273,0.9307846164759779,0.8668377479090335,0.8153196203972826,0.8847526545886424,0.9580084947693384,0.9439253608596803,0.9964123220916106,0.9933367643532718,0.8468773793429292,0.9505286850464207,0.924554456758766,0.72768757350912,0.9721643839492675,0.9003268042382455,0.8817930382709451,0.6807145489719804,0.9583905879012903,0.892801530088347,0.9439253608596803,0.9652363814473877,0.9305518148343679,0.44048351641344363,0.9553906988562064,0.9126466058508202,0.778427260730769,0.8655012524214225,0.9253948970823007,0.7244467677874885,0.9624721270225209,0.9974999998918687,0.9418654668890594,0.8900265369300414,0.9928618019927207,0.9364881737530406,0.9060211977349426,0.9439253608596803,0.9460501530640812,0.9700351664034113,0.9341536654578786,0.715230791631071,0.793849398793899,0.9460501530640812,0.946050153064081,0.9360123464869743,0.8422324086005256,0.952904481298952,0.842183903358324,0.8763300120309894,0.8296036746659664,0.9649333732985217,0.9357354408000715,0.8514698349351397,0.9173148291382114,0.8726904482574116,0.976238170109926,0.9229260836136746,0.7963497467654357,0.8887130191001582,0.9290729285038274,0.9173148291382116,0.9975107282526006,0.9711572181901504,0.9011784989275505,0.9543810721294508,0.9338402930623015,0.995812608116145,0.9671761235857237,0.7448602312251154,0.8782989718810938,0.9010728262563201,0.7568273350176955,0.9134708556523619,0.9127085925971723,0.871202012761985,0.9476888747140071,0.9379142777971525,0.9157617220296759,0.9162617337114642,0.9066534790647518,0.8845474310053816,0.9505286850464205,0.8159812408068025,0.90534156988644,0.8655788710295136,0.7472279654895205,0.8680990387032135,0.9157617220296757,0.9928618019927209,0.9141564165985058,0.9332207176112413,0.91264660585082,0.7526999009048547,0.9305518148343679,0.9896201712617319,0.4756567281571499,0.9197173314687737,0.8144090103882338,0.7382550877906268,0.5306435801320036,0.9398636845831869,0.4750275494830217,0.9360123464869741,0.8223896617840997,0.9071929577602142,0.9029852527308233,0.9928618019927209,0.9398636845831869,0.9280074734972836,0.8240586402634165,0.40937938138094565,0.9398636845831869,0.8167309289799256,0.9364881737530406,0.9259498258317267,0.8843302430070012,0.9213139766220595,0.9379142777971528,0.9398636845831869,0.6894374012925715,0.9398636845831868,0.8757722251384739,0.9117157559872135,0.9071929577602142,0.9398636845831869,0.8628614501567906,0.9398636845831869,0.846418992330195,0.8901096639134576,0.9382829336530907,0.8530868722164207,0.9439253608596803,0.8099519168626645,0.9360123464869743,0.9237321696604077,0.6436356430904486,0.9746182283386399,0.8027941091173925,0.9058614048066169,0.991511387719873,0.880887070920771,0.8204122059626302,0.8848055194072819,0.9425462450985707,0.9898781502828841,0.8996713357710029,0.5444315801535504,0.8943418469797417,0.9360123464869743,0.9398636845831869,0.9485451227422388,0.9398636845831869,0.9796369988873095,0.9364881737530408,0.9290729285038272,0.8359993622116431,0.7614321208592263,0.47502754948302184,0.898279654991218,0.9253948970823003,0.9044537215424593,0.9774933804060018,0.8628614501567908,0.4534543288985704,0.9891756798952003,0.8481185950649368,0.8473118402076036,0.9379142777971528,0.9868659623160063,0.8730117834149858,0.373442088480355,0.9041880640840263,0.918214931502125,0.9204798499326443,0.874972494330452,0.9481108770736328,0.9460501530640812,0.629205759872399,0.72768757350912,0.7856920188609453,0.9505286850464207,0.8478271820431227,0.8982796549912178,0.9220943680125893,0.9496407070933521,0.9505286850464207,0.877267447796322,0.8988506251850066,0.9482479709168004,0.8795907732894914,0.9082470012068005,0.9439253608596803,0.9039073680321512,0.9092899982233125,0.9360123464869743,0.9439253608596803,0.995812608116145,0.7859136998015647,0.9505286850464205,0.969985144960123,0.9880854583596015,0.8643222344048869,0.9711702191874798,0.9818060040046752,0.9398636845831869,0.9173148291382112,0.9360123464869741,0.9460501530640815,0.8671824552466779,0.6351561336766816,0.995812608116145,0.9173148291382114,0.9382829336530905,0.8307894540196186,0.6864550682425963,0.6592026709136922,0.9373491636786453,0.92448529085144,0.8890317123467901,0.9239952855998446,0.952904481298952,0.9533122281613602,0.952904481298952,0.9039073680321512,0.695343446426582,0.892801530088347,0.9439253608596803,0.9398636845831869,0.9460501530640808,0.8152256364618544,0.9624721270225209,0.9505286850464207,0.7922077620144267,0.9379142777971528,0.9398636845831869,0.9253948970823005,0.9818060040046752,0.9553906988562064,0.9642919106149581,0.9656632953043337,0.9220943680125893,0.991511387719873,0.8167309289799259,0.8226425806712594,0.8407576685828654,0.9323345609629297,0.8632473310047784,0.5137163599227461,0.9039073680321512,0.8264683960267649,0.9305518148343677,0.9295460152552617,0.9553906988562064,0.8162808766365105,0.9419536134643973,0.8746694091149853,0.9341536654578784,0.9379142777971528,0.8594756813309228,0.8943418469797417,0.8601894085453343,0.8712638554489613,0.8102470465199718,0.9398636845831869,0.8535190019717731,0.5332219842688695,0.90534156988644,0.9024846512059139,0.952904481298952,0.7672211986747091,0.9398636845831869,0.9398636845831869,0.6108094543919234,0.744333701605361,0.9951086277264105,0.9398636845831868,0.952904481298952,0.9398636845831869,0.9082470012068006,0.8782989718810936,0.8598346077756153,0.9398636845831869,0.9496699001876994,0.9747821421515683,0.8267206457386702,0.7975412536385914,0.9398636845831869,0.8593147823261376,0.9010728262563201,0.8277746315427192,0.8487805033020412,0.9704295576642357,0.9015994527855995,0.9439253608596803,0.8513716167741182,0.9398636845831869,0.7844346826831337,0.6888478461551486,0.8332042054706015,0.8492338459252549,0.9998238347481487,0.9264649662909463,0.9323345609629294,0.9398636845831869,0.9408189766409163,0.8667378392683933,0.9398636845831869,0.7706782022940739,0.9505354826315565,0.8130313197766212,0.8307894540196181,0.916111344855303,0.9398636845831869,0.9085939348607099,0.9630974759206201,0.9482479709168004,0.877267447796322,0.8307894540196186,0.9245544567587658,0.8914519915852104,0.9408189766409161,0.9439253608596803,0.9442911856940015,0.8655788710295136,0.9696315366465988,0.8829174544013926,0.8648711298436864,0.8468773793429292,0.9237321696604077,0.946050153064081,0.9188871236697298,0.9398636845831869,0.9505286850464205,0.9165674413153753,0.9499692492196119,0.9288025889967637,0.9608863509569181,0.9360123464869743,0.9943952604839541,0.8832024380225645,0.9360123464869743,0.9251250367755219,0.9470390403999658,0.8704235159896646,0.9150420303903186,0.9197173314687734,0.9505286850464205,0.8691446238416198,0.9762381701099261,0.9699358505776485,0.9237321696604077,0.820019905365299,0.9775200810036838,0.952904481298952,0.8706313506866178,0.9010728262563201,0.9962433786149398,0.902273216247189,0.9775200810036838,0.9181353909773775,0.9355505770919704,0.9039073680321512,0.8258588664949125,0.9120058283559649,0.9220943680125895,0.988777790152866,0.9251250367755219,0.9516895132161818,0.9646082992863596,0.9053859784347449,0.8874452201355858,0.9862951408967355,0.9729770673925996,0.932421225112757,0.5790086431995147,0.9877421208411417,0.9696315366465988,0.8088522312849595,0.9738158281847602,0.9906633884214366,0.9671761235857237,0.9733050117350786,0.9747664232800967,0.995812608116145,0.9208363590634636,0.8393503898285486,0.9024846512059139,0.8258588664949128,0.9505286850464207,0.777164566915056,0.755068285694084,0.9482479709168006,0.9382829336530905,0.9341536654578784,0.9862951408967355,0.929072928503827,0.37281820546454036,0.951689513216182,0.8185397776910754,0.8968972890562259,0.9379142777971528,0.9379142777971528,0.9406842859542996,0.696552821942843,0.9862951408967355,0.9045414289970422,0.9398636845831869,0.9482479709168004,0.9398636845831869,0.9398636845831869,0.8599174518990857,0.6631735274638728,0.903907368032151,0.9398636845831869,0.9058396992343838,0.8595903752630532,0.9530613123008465,0.8299382027361313,0.8887130191001582,0.9418308497152963,0.7107388049127732,0.8152256364618543,0.8875382141796819,0.405928202272263,0.711824445354994,0.9482479709168004,0.9401042088409286,0.9231892051184238,0.8561851304477555,0.9112065483416407,0.8640539815709767,0.5291413577349573,0.9150494129844045,0.9482479709168004,0.9089152002046674,0.995812608116145,0.9806621909815183,0.6436356430904477,0.9204798499326441,0.9696315366465986,0.9959636059239043,0.9496699001876994,0.9570779796295696,0.9696315366465988,0.9438328971193495,0.9439253608596803,0.9747821421515686,0.9998238347481486,0.898279654991218,0.8843302430070015,0.9840116439758554,0.9460501530640812,0.9915758720397256,0.5965730555924089,0.8358062663095351,0.8693629222495667,0.9379142777971528,0.755000252445664,0.9537504332936724,0.9553906988562064,0.8927761013223361,0.8702468953616065,0.7485658933216627,0.7917711619486085,0.9747821421515683,0.5932184434069174,0.9787543252495641,0.9398636845831869,0.946050153064081,0.9010728262563201,0.9964123220916106,0.8628614501567906,0.9747821421515683,0.9894969760647812,0.9127085925971725,0.8759144031389283,0.846770995408637,0.9127132847207977,0.952904481298952,0.9747664232800968,0.9288025889967637,0.9248832406049012,0.9360123464869743,0.9832374253294529,0.8862944363279919,0.8996713357710029,0.9671761235857237,0.9344595317320945,0.9371641148022315,0.7757711346436711,0.8335567452217494,0.86781515937437,0.8207822179489623,0.8356963633835397,0.9112065483416407,0.9529044812989522,0.9253948970823005,0.9998238347481487,0.9117157559872135,0.9485451227422387,0.873172002284847,0.9379142777971525,0.8560853018714697,0.8374992460005586,0.9700351664034113,0.793849398793899,0.9439253608596803,0.9024846512059139,0.9500867441565981,0.9204798499326445,0.6865533693489005,0.951689513216182,0.9342966423167991,0.9442911856940016,0.9288025889967637,0.9521906738117114,0.946050153064081,0.9700351664034114,0.9398636845831869,0.6775839322131377,0.9233319335497212,0.9434082327427529,0.90534156988644,0.9398636845831868,0.8915158108998291,0.9422550297728733,0.8887741875977793,0.9082470012068007,0.8861224347761871,0.972670579423688,0.8593147823261376,0.7190966628782502,0.997484652794657,0.9912298756454649,0.902200485722773,0.932421225112757,0.9482479709168004,0.9181353909773777,0.6617705505736987,0.9439253608596803,0.9733050117350786,0.9700351664034111,0.9142266602978069,0.9894969760647812,0.9553906988562064,0.9305518148343679,0.9580084947693384,0.9964123220916106,0.9420693371951748,0.8630676692554227,0.9505286850464205,0.9470390403999658,0.6436356430904484,0.8714116539799702,0.9126375415145098,0.9379142777971528,0.9460501530640815,0.9341536654578784,0.9379142777971528,0.9379142777971528,0.9799998588966439,0.9398636845831869,0.4922901047146935,0.7309976147881523,0.9398636845831869,0.9220943680125893,0.9439954904249369,0.9141406930557708,0.9439253608596803,0.9482479709168004,0.9418654668890594,0.9928618019927207,0.8026144365483829,0.8588531668491859,0.9237321696604077,0.8792718189530244,0.9398636845831869,0.8901096639134576,0.7547644840194465,0.9877421208411418,0.8286618070534841,0.8914519915852104,0.9505286850464207,0.9998238347481485,0.5601407473810669,0.9364881737530406,0.9721643839492675,0.9470390403999656,0.7689771223906572,0.8594756813309228,0.9516895132161818,0.8348155329129179,0.9288025889967637,0.9818060040046752,0.9968895860490863,0.9439253608596803,0.9032215790146929,0.9162617337114642,0.9398636845831869,0.9398636845831869,0.8901116570681227,0.40937938138094565,0.9613622386524641,0.9341536654578784,0.8277434539570454,0.842183903358324,0.9360123464869743,0.8012713919726793,0.9393314892384307,0.9398636845831869,0.9398636845831869,0.9347184365906842,0.8506391215629192,0.9514652625474738,0.8374227825163814,0.8712020127619848,0.8060506330304367,0.810468129073004,0.8950586313042617,0.9204798499326441,0.9006095517283795,0.9398636845831869,0.8223896617840991,0.946050153064081,0.373442088480355,0.9011896847149372,0.9505286850464207,0.9264649662909463,0.9398636845831869,0.9398636845831869,0.7582337249338803,0.9398636845831869,0.8940455453638293,0.9270843653068206,0.8843302430070015,0.9134708556523616,0.919257354708493,0.9786384251155433,0.8655232076563548,0.8495208449973666,0.9398636845831868,0.8996713357710031,0.8935237242869182,0.9418654668890594,0.9505286850464207,0.9259498258317267,0.8092715367061023,0.7519677623553986,0.9024846512059139,0.9998238347481487,0.9411404869744744,0.9398636845831869,0.8701079534081793,0.6837002148089268,0.7606912970317322,0.9910129560675491,0.9508858206235999,0.9803079821283598,0.9213139766220597,0.8800862405182628,0.9219798955488125,0.9001366825354136,0.8904704546773864,0.8572804327866933,0.952904481298952,0.8945436312571671,0.9624721270225209,0.8525919608154582,0.49200371399150555,0.9928618019927207,0.8817930382709449,0.9580084947693384,0.9733050117350783,0.984700032305712,0.9553906988562064,0.9898781502828838,0.9553906988562064,0.9700351664034113,0.9847951341175696,0.9438328971193495,0.9727227530771649,0.9964123220916106,0.9762381701099259,0.9270843653068206,0.9775200810036838,0.9026881507194653,0.9323345609629299,0.937914277797153,0.9997447324909989,0.905931235324579,0.533338247845814,0.9829917353040784,0.9846566758890424,0.8157892392041288,0.7888538815918712,0.9398636845831869,0.9029852527308235,0.9964123220916106,0.9942699682423992,0.33852203278982274,0.9647915833876861,0.922094368012589,0.9299901786065156,0.9398636845831869,0.8667378392683933,0.8191939787328955,0.6721698318292003,0.9110049051058222,0.9040027256361679,0.9006095517283794,0.946050153064081,0.8892331487091776,0.9231924198056226,0.8191939787328957,0.9895046792682405,0.9237321696604077,0.8919145361396157,0.9553906988562064,0.9696315366465988,0.9964123220916106,0.9766413918962566,0.8681962088300326,0.8860823482957816,0.7818957648917585,0.8496461390560248,0.9398636845831869,0.9379142777971528,0.9420693371951749,0.8356963633835397,0.8770114237684188,0.779258378811349,0.7814581070432911,0.9398636845831869,0.8615066484717837,0.83818476025034,0.9476888747140071,0.9398636845831869,0.8812515305002849,0.9832374253294529,0.9505286850464207,0.9696315366465988,0.9379142777971528,0.896307743441284,0.9624721270225209,0.8647119352489991,0.9580084947693384,0.9609479118662458,0.9696315366465988,0.8032322633242259,0.9398636845831869,0.9192573547084929,0.9398636845831869,0.37281820546454014,0.9295590647145762,0.8630676692554227,0.373442088480355,0.8410403632238284,0.8392442071015724,0.9890514895950071,0.9082470012068007,0.9398636845831869,0.6415068193957658,0.8383063995659669,0.9548801264481792,0.9921724780907231,0.8996713357710029,0.9915113877198728,0.9112065483416409,0.6508273890719769,0.9010728262563201,0.873172002284847,0.9520076408865699,0.9010728262563201,0.9082470012068007,0.9460501530640815,0.8943418469797415,0.9010728262563201,0.373442088480355,0.9188871236697296,0.9998238347481487,0.9855797027208403,0.937914277797153,0.6907776601460094,0.9671761235857237,0.9029852527308231,0.8996713357710029,0.9844690963672101,0.8982796549912178,0.696605039204627,0.9928618019927209,0.5482400894009511,0.9250760542501826,0.9082470012068007,0.8834941755373982,0.8421019296104754,0.9669734233303988,0.8914519915852106,0.9968895860490862,0.533338247845814,0.995812608116145,0.9496407070933521,0.9688973851882077,0.9142266602978066,0.997484652794657,0.9806621909815185,0.9460501530640812,0.9482479709168004,0.8079657150577579,0.9127085925971725,0.9525402454544871,0.9846566758890424,0.9112065483416407,0.7239796994056091,0.9721643839492675,0.9097196291136667,0.9398636845831869,0.857649556689327,0.8845474310053816,0.9329723390798932,0.915012808570058,0.9154042008314993,0.8570938287816195,0.903907368032151,0.802439135129283,0.9188871236697294,0.9341536654578784,0.9947922739901722,0.9561940054212756,0.8697672352745365,0.9344249401300653,0.9288025889967637,0.9510363776961273,0.9379142777971528,0.8708777931222951,0.9889986664704351,0.9439253608596803,0.9998238347481486,0.8627518323605281,0.9142266602978062,0.995812608116145,0.9119409794917464,0.8609116197657418,0.9809985332500876,0.9570183943574118,0.9360123464869743,0.8440868326778854,0.9877421208411418,0.8848055194072817,0.9439253608596803,0.8699710203937492,0.922094368012589,0.9482479709168004,0.9044537215424593,0.9204798499326441,0.9998238347481484,0.33852203278982274,0.9543810721294508,0.37281820546453937,0.8847526545886426,0.9482479709168004
p23_RGFSKWQC,0.937232024744725,0.7995826090493261,0.9386971679227426,0.95432444114824,0.9341976401680094,0.49643970240260005,0.8700392183247176,0.8261099395010404,0.8753928891101745,0.948467140918744,0.9877421208411417,0.9661859802146439,0.9829392900173883,0.7352141515839994,0.9192273574141714,0.8705161960734357,0.8789436985072653,0.9112446674143933,0.9458674971126175,0.6579010970221213,0.9948203747824236,0.9202142532643909,0.785973135752877,0.9556347289143002,0.9616684643803335,0.9112446674143928,0.9762262925984149,0.9606559814622546,0.592295803345599,0.9991179143792435,0.9778050395375548,0.9987774230311344,0.9730889887268286,0.8948535190071927,0.9610880275993517,0.928832793406798,0.9363880304285923,0.9797811449693631,0.9511876099263499,0.9889605162825019,0.9794926266231159,0.9540147404500323,0.9797658041147692,0.9873862869297434,0.9272203681387052,0.8105612561473131,0.994437324868074,0.9014795552136841,0.9095242312718104,0.9173933468462485,0.9987774230311344,0.7814088628511491,0.9515990837410906,0.9240084059312026,0.9730889887268284,0.8965983225545131,0.9078247903914518,0.9341976401680094,0.9562964735356454,0.9214557696516739,0.8782944901168632,0.8748602561896521,0.951599083741091,0.9903387485424457,0.9433718940682516,0.8799840646892653,0.9409669977890662,0.9371232834629926,0.9163192385555898,0.9914826481470902,0.885583028819684,0.852166913696114,0.986554806284329,0.8916709064435278,0.9341976401680094,0.9926541290559201,0.9202142532643907,0.9220943680125895,0.7711003670094543,0.9511876099263499,0.9220943680125895,0.0,0.9044839950643897,0.9112446674143933,0.9341976401680094,0.8977164148691166,0.7706493333804141,0.9057479011130325,0.962484327598056,0.9320645602494202,0.9341976401680094,0.967479064968944,0.9379250310364494,0.9353767630306682,0.981516734621835,0.99265458007185,0.8586005827700938,0.920862119626535,0.8357562495103221,0.9261540016919989,0.9748290773761273,0.6149954545054952,0.9610880275993517,0.8352333084320023,0.9074232144688463,0.9458674971126173,0.8651106674996402,0.8955322612105852,0.9950286745612719,0.8949638687325401,0.7620789669269187,0.9129874603663681,0.9091463145393535,0.8900569772759513,0.9386420076357269,0.8316639440922209,0.7074462807095026,0.9458674971126175,0.841672632197007,0.8908326623446741,0.9539851747197046,0.8983107091082561,0.9950286745612719,0.8347834320678187,0.8466288346254214,0.8859671684957142,0.9903766507571461,0.9785717750121543,0.8135617909107401,0.9583942031553514,0.8613974049640736,0.9497673578995787,0.9434121517267975,0.9797658041147692,0.9279496229669748,0.8153059386898054,0.9241892722336333,0.8856017264847291,0.940966997789066,0.9299834289466344,0.9808068453175631,0.9484671409187437,0.934708531985472,0.9905303890102877,0.920862119626535,0.9169506775373653,0.9481114780292805,0.8432045372944468,0.9492423737771563,0.7545272461445456,0.9484671409187437,0.9099149954318695,0.9638888774228599,0.9906254133548128,0.9434121517267973,0.9492423737771565,0.8719083572005892,0.922433446216693,0.8395807850136316,0.9261052221430762,0.9999313275242172,0.9497673578995787,0.7095838587641865,0.8117426472449563,0.9547121989998629,0.9359879063473192,0.953420205966137,0.888986752119801,0.981516734621835,0.8718048700433567,0.84476929636612,0.9320645602494204,0.9860555452130657,0.9148886507689469,0.9336373275557406,0.9760924645748439,0.7408832291859205,0.9334358766172435,0.9320611426402994,0.9926541290559201,0.885680018846007,0.8616494390833431,0.8183675677328989,0.9661859802146439,0.9826395375590928,0.8695783984998033,0.8659295687789172,0.995004294443836,0.9240084059312026,0.9382025073594864,0.9795036960805321,0.9687072640073062,0.7916076919326402,0.8402284569668985,0.9731560060618827,0.9341976401680094,0.9363880304285923,0.9795036960805321,0.9318712301664058,0.9064481593644367,0.9749571409386522,0.9829392900173883,0.9341976401680094,0.8864113760341109,0.8402284569668983,0.9859275654047338,0.9341976401680094,0.972038542164217,0.8902183677316946,0.9088098779355613,0.8892289946073557,0.935009577556714,0.9320645602494204,0.9341976401680094,0.8381354443488453,0.9341976401680094,0.8246430405090703,0.9239956931151625,0.8592803615725533,0.9341976401680094,0.9711250868958107,0.9341976401680094,0.9165944334053657,0.8970023596836538,0.867083831553702,0.8949710728114781,0.994437324868074,0.860818784922905,0.9299834289466344,0.9984593147144779,0.9643765980294188,0.9636029833081041,0.8210875933174544,0.7528844849541505,0.9409669977890662,0.9903387485424457,0.8870460761700745,0.9665301256886063,0.8654844482198315,0.9243062854435231,0.8902183677316946,0.9279496229669748,0.8427216830386154,0.9709760367855712,0.9341976401680094,0.9356707151118058,0.9341976401680094,0.9052500152165872,0.9052541259973348,0.9987774230311344,0.944688486580157,0.8158953503148914,0.9363880304285925,0.922433446216693,0.9084229524444822,0.8201839584319922,0.9671761235857239,0.8705188107117408,0.9386420076357269,0.7482661745234773,0.9382897017170408,0.8702349169870334,0.9320645602494202,0.9965514935490281,0.7785858077977024,0.9511876099263499,0.8780766889292517,0.9015671522379931,0.9950420205336963,0.9625134747891679,0.8710592441254751,0.9409669977890665,0.8765255001424477,0.8277749361825717,0.8022554555169897,0.9458674971126173,0.8716459884847003,0.7739256027708603,0.9564943253467844,0.9337606448479012,0.9458674971126173,0.9301784919255027,0.8507096812750714,0.9433718940682516,0.7723258715761906,0.9543244411482399,0.9386420076357269,0.929015482973479,0.8636851355711386,0.7233747011160856,0.9386420076357271,0.6707907717378426,0.7637499406653925,0.8035330839262125,0.8746372517519252,0.836690297347398,0.898310709108256,0.8896742921952369,0.9914826481470902,0.9341976401680094,0.9316031987068059,0.8719355025177771,0.8856017264847293,0.8343937500300962,0.958102892901342,0.9497673578995786,0.9492423737771563,0.9606559814622546,0.8728107232433013,0.9476274985418003,0.9054558542462887,0.9951959541874676,0.885967168495714,0.8341289527802047,0.8500651173196263,0.948467140918744,0.875392889110175,0.6579010970221222,0.9994678821812105,0.9583942031553514,0.9476274985418005,0.9386420076357269,0.9341976401680094,0.940966997789066,0.9100322320041924,0.951599083741091,0.9458674971126173,0.9965514935490281,0.9153112504466758,0.9341976401680094,0.951725813502877,0.99148264814709,0.979765804114769,0.8864629644044792,0.8357316736383469,0.7930643127364433,0.9987774230311344,0.8310957623117692,0.8951752090369014,0.8218172303276937,0.9259591224230199,0.8483916828562628,0.9944373248680742,0.9994678821812102,0.924285512575289,0.9700765701011145,0.9497150705470578,0.8416726321970072,0.8761416030755182,0.8585630837657475,0.8696406074290108,0.9762262925984149,0.9829392900173883,0.885583028819684,0.9816942482127167,0.8182239566029237,0.8425868991073653,0.8209078234825714,0.9341976401680094,0.8844412590696267,0.9629590308991038,0.9676994339018856,0.9325475534270613,0.948467140918744,0.8718048700433565,0.9341976401680094,0.9341976401680094,0.9492423737771563,0.9687072640073062,0.7827677786742127,0.9341976401680094,0.5266905096690775,0.9341976401680094,0.8082509147720798,0.9249696154065189,0.9978234613124481,0.9087308614830324,0.9382025073594866,0.9914610572055534,0.9594129746328919,0.9981440376750648,0.9341976401680094,0.8817486351247452,0.8670838315537017,0.8229657376068036,0.8938550600980881,0.9751916033161048,0.9616474186521603,0.9386420076357269,0.8261099395010405,0.9341976401680094,0.7656811136493468,0.9676920836055142,0.9174245829984671,0.93987277641962,0.9363880304285923,0.914523191939712,0.7912616797541292,0.9341976401680094,0.954040497905644,0.9284369518269135,0.9341976401680094,0.9138411088140402,0.9823486367088856,0.9656378267735528,0.827000439667167,0.8117426472449565,0.9341976401680094,0.903967333784395,0.9866172030200664,0.6961684316354264,0.8812664936764898,0.9439481424521621,0.9116474872122644,0.8812245968305712,0.9245014781129608,0.9944373248680742,0.9819923880936651,0.8529137105219888,0.8284703715451973,0.8828523215358635,0.8473495133600358,0.9074232144688463,0.916546213700882,0.940966997789066,0.9515990837410908,0.9341976401680094,0.8035330839262134,0.9437520559602292,0.9404919454786316,0.9877421208411418,0.944688486580157,0.9299834289466344,0.8767539430349807,0.9016461085857466,0.9299834289466344,0.9671761235857237,0.9865548062843288,0.8456507732192375,0.9410451483320629,0.8757687778308082,0.9914826481470903,0.8492473095446895,0.9859275654047343,0.9240084059312028,0.8284703715451971,0.9911791051837484,0.9914610572055534,0.9484671409187437,0.942740818864453,0.9606559814622546,0.9749571409386522,0.9540147404500323,0.9643765980294188,0.8483134108505918,0.7823814062025366,0.9994678821812105,0.9601701237080076,0.9207060527021793,0.9147540983606557,0.9493240017886775,0.8975786096948729,0.9028404281797042,0.9219594355678596,0.8625931846124095,0.9395570123632411,0.9754970377701452,0.9879738354360474,0.9413192698695333,0.9726387956636797,0.9147540983606557,0.9590434494932021,0.8229510193270551,0.9426603652680072,0.8252615168294333,0.9564943253467844,0.8711662082855063,0.8841374736981631,0.7265860889701896,0.8236680713869196,0.9301638097169646,0.9629590308991038,0.9300014988735692,0.9458674971126175,0.8329868046059652,0.8886114498000466,0.9433718940682516,0.9359879063473189,0.9762262925984149,0.5892836807186266,0.9987774230311344,0.9458674971126175,0.7223365150310433,0.7619681496628503,0.9873862869297434,0.9661859802146439,0.9661859802146439,0.886738002113042,0.9926774362356946,0.9279496229669753,0.8266272054633474,0.9341976401680094,0.9433718940682516,0.9341976401680094,0.9341976401680094,0.8341764835736609,0.9165462137008822,0.6824320857464188,0.9341976401680094,0.8214406604844174,0.8608396400363414,0.924306285443523,0.9454644583493963,0.8273102460097114,0.910877738026379,0.8757687778308082,0.904811304535005,0.8639679664180095,0.9259591224230197,0.9088098779355613,0.9433718940682516,0.8932967537832142,0.9370257593410318,0.8876293639059192,0.9403227338586295,0.9797811449693631,0.9299834289466349,0.964272917285145,0.5159385944872654,0.8654234385275945,0.9386420076357269,0.9161703950699844,0.9914610572055534,0.9639306993826396,0.8709676073375177,0.8522702719805189,0.9382025073594866,0.9099149954318697,0.9165462137008822,0.9320611426402994,0.9497673578995789,0.9202142532643913,0.9903766507571461,0.8886955627708657,0.9140530994042175,0.7554585260013129,0.9987774230311344,0.9618263766114719,0.9279496229669753,0.9938240476144027,0.9154696071967026,0.9661859802146439,0.8005056606224616,0.8675174643080594,0.9511876099263499,0.7973308992532124,0.9216348441782116,0.9048113045350052,0.8465861809462564,0.8148116781454422,0.9116474872122646,0.9842136791557661,0.9341976401680094,0.940966997789066,0.8917519066686372,0.9610880275993516,0.9785717750121545,0.9643765980294186,0.9299834289466349,0.981516734621835,0.8677195137462375,0.9165462137008822,0.8376807489713898,0.8547169780516901,0.8615916205494814,0.9671761235857237,0.9038382701629333,0.9795036960805317,0.6498720808427021,0.8158166410117746,0.9924821208671799,0.9982345523329128,0.9246559456426366,0.8717784212905582,0.8121602957674057,0.8735931051860006,0.9642416825773447,0.8748602561896521,0.9031170678741023,0.9028404281797042,0.6579010970221223,0.9183656033219387,0.9903766507571461,0.9714625338300327,0.9717510531577929,0.8901853371445987,0.9320645602494202,0.8353158838803969,0.9608915362427322,0.9511876099263499,0.9241892722336333,0.994437324868074,0.9977901694570488,0.7981797567600841,0.9540147404500325,0.8825084063642938,0.7973011263888934,0.9950286745612719,0.9819923880936652,0.942660365268007,0.9661859802146437,0.9434121517267975,0.772626046238125,0.9341976401680094,0.9994678821812106,0.944737818800648,0.8409545460870309,0.7828325272670119,0.9341976401680094,0.9862918743399716,0.8104937884422917,0.9415355007468762,0.9361204140696395,0.9376024723749292,0.6796600945069264,0.9277170029726365,0.9400071271105812,0.6313342073953224,0.9731560060618827,0.8309086111347295,0.9728634031502703,0.9433718940682516,0.8483134108505916,0.9078247903914518,0.9497673578995788,0.8370782905736789,0.9511876099263497,0.9832318780369318,0.9299834289466349,0.9797658041147691,0.9700765701011147,0.9469401678022586,0.6469450309014353,0.986572764243447,0.8733843419058073,0.9458674971126175,0.9610880275993516,0.9643765980294188,0.8347861006253849,0.8570448528152359,0.9829392900173883,0.8856017264847292,0.975497037770145,0.9829392900173883,0.9320645602494202,0.9994678821812104,0.9341976401680094,0.9279496229669748,0.9754308715802918,0.9341976401680094,0.9564943253467844,0.9127134942094678,0.9458674971126175,0.9944373248680742,0.9965514935490281,0.9903766507571461,0.9320645602494202,0.8804591074295386,0.8908326623446736,0.9590434494932021,0.8416935481796046,0.9341976401680094,0.960785744051681,0.7265860889701895,0.7930643127364432,0.9129498479636988,0.881224596830571,0.9914826481470901,0.6317030069429781,0.918365603321939,0.8902183677316946,0.9183656033219387,0.9341976401680094,0.9924821208671799,0.8134458527040939,0.9778050395375548,0.8386701033104875,0.9671761235857237,0.9288327934067981,0.812448771190768,0.9386420076357269,0.943539179396278,0.8909939462774465,0.9341976401680094,0.646945030901436,0.85164164442199,0.948467140918744,0.7839258164060416,0.9272203681387052,0.9671761235857237,0.8652182557384989,0.9299834289466344,0.8194037998319389,0.8783513210222331,0.9341976401680094,0.9341976401680094,0.9426150199999976,0.8911213528429749,0.8483134108505916,0.7973308992532124,0.8718048700433567,0.8499055814552341,0.7792443702251052,0.8537089417527384,0.9540147404500323,0.9176414048213541,0.9341976401680094,0.9014795552136838,0.940966997789066,0.9511876099263499,0.8209158355527626,0.9458674971126173,0.8514584170929149,0.9341976401680094,0.9341976401680094,0.8868216295829456,0.9865548062843288,0.9872366931912924,0.814811678145442,0.9637013089979418,0.7381436279476097,0.9782247305062937,0.9300014988735692,0.8326130329527142,0.8764417171559659,0.9341976401680094,0.8029903728618499,0.8325943611427054,0.9016461085857466,0.9458674971126175,0.9793977872372935,0.9981440376750648,0.8841862845276727,0.8280541377532269,0.9903766507571459,0.8327357183954326,0.9341976401680094,0.8684324553954446,0.8628852763111717,0.899832874039131,0.7713730779424539,0.927704426827068,0.9700765701011145,0.9081986598432299,0.8695783984998033,0.9433718940682514,0.8555389703439993,0.8720543317790215,0.9762262925984149,0.9203222717282119,0.97263879566368,0.9515990837410906,0.8262392421922453,0.9409669977890662,0.9320645602494202,0.8658231365963154,0.9748290773761272,0.9583942031553514,0.9216516168774784,0.9511876099263499,0.8370782905736784,0.9511876099263499,0.9107192181558882,0.9048113045350052,0.9676994339018856,0.8654234385275945,0.9341976401680094,0.985927565404734,0.9202142532643909,0.9643765980294186,0.8890762971642385,0.9259591224230201,0.9320645602494204,0.9357136999653203,0.9209176670963706,0.9363880304285925,0.8057345193056089,0.9281278923411589,0.8636104750923246,0.8553783524312186,0.9341976401680094,0.9099152708765403,0.9865548062843288,0.8627420290162626,0.948467140918744,0.9540147404500323,0.9147540983606555,0.9638888774228599,0.9341976401680094,0.814991698257509,0.7746215314985794,0.9147540983606557,0.8166098489180227,0.8219555532992782,0.8262392421922453,0.940966997789066,0.8158166410117749,0.9680784673562299,0.9755754232004548,0.9164441193333666,0.9984593147144779,0.8439192863303996,0.9797658041147691,0.7434758999605566,0.9087308614830323,0.9581028929013422,0.89188505620146,0.8624035236679224,0.8739518939582047,0.8121602957674057,0.9341976401680094,0.9829392900173883,0.8909939462774465,0.7270560845519802,0.954040497905644,0.8005056606224616,0.8146266094523908,0.9341976401680094,0.7710116930146547,0.8984612896984401,0.9726387956636797,0.9341976401680094,0.8639679664180093,0.9326512786655544,0.9458674971126173,0.9165462137008822,0.9320645602494202,0.7646858390765273,0.9919535000677886,0.9263174666267613,0.7401368129112846,0.990085850144614,0.9165462137008822,0.8081521072913191,0.9341976401680094,0.9832318780369318,0.9341976401680094,0.9458674971126175,0.8635282146745935,0.8778108787653005,0.9511876099263499,0.9044839950643897,0.848490810977947,0.9395570123632411,0.9908428227422801,0.9341976401680094,0.9233592295860189,0.9295693724342009,0.9284585017044975,0.9847126547835199,0.9734299614209917,0.8856017264847292,0.9028404281797042,0.9012134114028683,0.9606559814622548,0.9191484075869396,0.8371849154344713,0.9606559814622548,0.8812876779601599,0.9409669977890665,0.8705161960734357,0.9606559814622548,0.9511876099263499,0.9112446674143933,0.9903766507571461,0.9816942482127168,0.864436520678708,0.9012134114028683,0.7930643127364434,0.8598295527538451,0.8370782905736784,0.9559620789221579,0.8886955627708657,0.9889605162825024,0.9829392900173883,0.9643765980294188,0.8474677175014009,0.84476929636612,0.9743738807581963,0.8076052990030278,0.9849105619281007,0.6683619675825757,0.9095242312718104,0.9363880304285925,0.9386420076357269,0.995004294443836,0.9624843275980558,0.9061450951233825,0.9832318780369318,0.9769537449754283,0.9409669977890662,0.9433718940682516,0.8892129940548337,0.9804835086069066,0.9806593463722713,0.9325475534270614,0.9028404281797042,0.8583261472337576,0.9950286745612718,0.9012134114028683,0.9610880275993516,0.8335017551088586,0.9760924645748441,0.9205840625096653,0.9318712301664058,0.9024238554172523,0.9965514935490282,0.7528844849541504,0.8924015577732269,0.9112446674143928,0.9279496229669748,0.8295177075368008,0.9493240017886775,0.8599286707771703,0.861029661675164,0.9220943680125893,0.8702349169870329,0.9829392900173883,0.9312101330514948,0.8850946999039366,0.9386420076357269,0.9363880304285923,0.8808617942287751,0.9061450951233823,0.9497673578995789,0.9819923880936651,0.8989203946432849,0.8900259207364583,0.82241523538388,0.9795036960805321,0.8999136704298007,0.7930643127364438,0.9356707151118058,0.6707907717378425,0.8924406131378573,0.8348045397225721,0.9433718940682516,0.9481114780292805,0.9950420205336963,0.6317030069429779,0.948467140918744,0.8515386735783614,0.9458674971126175,0.8801652426328301,0.9965514935490281
p23_V,0.90761548196364,0.956793080736152,0.895031025104558,0.9539981797161425,0.9739353004390978,0.9453068780840737,0.656580360915753,0.7206342877327561,0.8603806964337208,0.9422586572762626,0.9641658853133278,0.9238799558250628,0.923879955825063,0.6802973930927542,0.8702334868194925,0.7614872058764445,0.9488793874960454,0.9157575744752315,0.8325117480738041,0.9382889399640052,0.8367367544106024,0.910601968746465,0.9838698730483884,0.9287243013130126,0.9085306004621045,0.9005517611723408,0.5972757981181966,0.9100752707392668,0.9980151413438714,0.6718658230131764,0.8911350110320606,0.933854925314779,0.9170389579782949,0.8821858692988971,0.926270021131592,0.9393458182324887,0.9287243013130126,0.6109904888950979,0.9453068780840739,0.6313105390382945,0.8539618916939773,0.9025045192170256,0.9453068780840737,0.8735911795315163,0.9192692664872613,0.9351269324620519,0.9820451562749648,0.8555570364268277,0.8986240534007519,0.8429423482710732,0.933854925314779,0.8862173869507364,0.9005517611723408,0.4141091065218997,0.9170389579782947,0.9323299983666007,0.8967198703210439,0.31108550994831163,0.9303569268156644,0.9215480977067743,0.86363187133769,0.7975085343716296,0.9005517611723419,0.8539618916939773,0.936549554387319,0.7662516727025934,0.933854925314779,0.8486248271935103,0.9317267094206516,0.8895473564972312,0.6545732829314548,0.8986240534007519,0.926270021131592,0.7484291696442609,0.31108550994831163,0.8351933115660992,0.910601968746465,0.9127085925971723,0.7435234063570098,0.9453068780840739,0.9127085925971725,0.9044839950643897,0.0,0.9005517611723415,0.31108550994831163,0.6122014407337679,0.9106019687464653,0.7164349741463434,0.8460674815713256,0.3350690258836352,0.31108550994831163,0.7378150491299368,0.9468347264434094,0.7893714037258492,0.4843227424749157,0.7017520289183552,0.74598473305662,0.8367367544106026,0.7385681083063829,0.7369047286962536,0.9323299983666005,0.982045156274965,0.5970771857933489,0.9753422288451965,0.8088302066282662,0.9393458182324887,0.6701902994928786,0.7057986184392435,0.9085306004621048,0.7516738629110458,0.8655660606608154,0.9854433830775421,0.926853327087374,0.8685695845092947,0.9312498291554212,0.9310092564387908,0.9148532265533555,0.9393458182324887,0.9453068780840737,0.7939706232398647,0.934407051006906,0.8120947282193273,0.6578234571974308,0.9935052137263447,0.9740280269133126,0.6449871144346382,0.9287243013130126,0.8350815096206281,0.923879955825063,0.876992292556863,0.8153082366508997,0.9312498291554214,0.9864847804128756,0.9453068780840737,0.9192692664872613,0.939693572506258,0.8244549073918617,0.908255509390931,0.9338549253147788,0.3571302450971754,0.9229931245811153,0.9422586572762626,0.7451639931344709,0.877078765723415,0.805042658439177,0.8702334868194925,0.897238052225843,0.7707675179901414,0.8986240534007521,0.6492758529053748,0.9382889399640056,0.8636318713376898,0.9387420613642796,0.8522932400572809,0.9864847804128756,0.8986240534007526,0.9544846315397055,0.786854167645629,0.973235589666094,0.4072345494762686,0.6178867821863492,0.982045156274965,0.905517221079318,0.9571376670427268,0.850788759349866,0.8076425707067559,0.7985559379258658,0.9363572562098184,0.9621655518394647,0.8411908676646682,0.9872440367335156,0.9238799558250632,0.8967198703210442,0.598383114231007,0.8326221004189411,0.8840177995578717,0.9393458182324887,0.8088302066282662,0.9862771939565296,0.5287174408636917,0.8719071805898531,0.83828315682913,0.9679401264121574,0.923879955825063,0.8405782952912813,0.853865698021388,0.7939706232398647,0.8571583257780957,0.4141091065218996,0.990335145088753,0.9215480977067743,0.8603806964337215,0.9217502100689848,0.6948501771041098,0.8636318713376898,0.31108550994831163,0.9287243013130126,0.67270847012045,0.701752028918355,0.8901178807406882,0.8429423482710734,0.923879955825063,0.31108550994831163,0.8796985118815757,0.69485017710411,0.9422586572762628,0.31108550994831163,0.8355713898821748,0.9390586815258848,0.8351933115660992,0.8233685471076142,0.8905507281409013,0.923879955825063,0.31108550994831163,0.8486248271935102,0.31108550994831186,0.7891310377955436,0.953066035737797,0.8951773880029237,0.31108550994831163,0.8350815096206279,0.31108550994831163,0.6989636198780522,0.8652692287290058,0.6821838335716555,0.8198775277151973,0.9671595166054916,0.6678760199858849,0.3571302450971746,0.9000633438867532,0.9106019687464653,0.9924336561265173,0.8911657424838039,0.9463248121641357,0.933854925314779,0.7065961642215379,0.8413857241797422,0.9992361147000017,0.9596704267321732,0.9080254870413738,0.876992292556863,0.9192692664872615,0.7614872058764448,0.9215480977067745,0.31108550994831163,0.8587660956447003,0.31108550994831163,0.6131180160224052,0.7816425681135177,0.933854925314779,0.8948378117301918,0.6678760199858849,0.9287243013130126,0.8752860258231279,0.9085306004621045,0.7863507411393101,0.9947922739901722,0.798555937925866,0.9312498291554214,0.829519527213129,0.8137861839597269,0.7738965054378308,0.3350690258836352,0.9912425166211662,0.9723583251329188,0.9453068780840739,0.8008766301048564,0.7581058089268597,0.49988429302066817,0.8122643945331463,0.7962301686137317,0.933854925314779,0.7801175416549022,0.7469222068246368,0.6777606622482095,0.9393458182324887,0.7516738629110455,0.9060005536896043,0.9044839950643895,0.8083091683201337,0.9393458182324887,0.8292836784039674,0.7301896029165216,0.9540645211449861,0.8523725692305204,0.9872440367335156,0.5607968996491429,0.8821858692988971,0.7199170131208843,0.9215480977067743,0.9312498291554212,0.9312498291554212,0.9632003621690175,0.9465829649206576,0.7075920669646254,0.8512571253115544,0.8336526153804957,0.9706144698948116,0.9393458182324887,0.8354035823308783,0.9347829309054405,0.7177910736952031,0.802995799194738,0.7129220490303521,0.8523725692305208,0.9671595166054917,0.8986240534007526,0.8787105864554916,0.705103483660366,0.8685695845092944,0.8321144589218235,0.564147316580353,0.9937401708376222,0.8951773880029235,0.8026106779206494,0.9422586572762626,0.91701548746367,0.9422586572762626,0.8821858692988966,0.908025487041374,0.9541064989387078,0.9312498291554214,0.31108550994831163,0.9338549253147788,0.8883878700557574,0.9157575744752315,0.9393458182324887,0.936549554387319,0.9834886668885245,0.31108550994831163,0.9085306004621045,0.9393458182324887,0.991834013047275,0.9000617617241786,0.7645784044958563,0.9044839950643895,0.933854925314779,0.75810580892686,0.9511300319055314,0.98737531725128,0.9170389579782947,0.8835498911828261,0.9312498291554214,0.8821858692988973,0.9822968004341599,0.9148532265533553,0.8702334868194925,0.991834013047275,0.6597445765583394,0.8933278306727671,0.6777606622482097,0.9632197151594928,0.3350690258836352,0.9829369915750175,0.9601714212377013,0.7199170131208843,0.7216468241173295,0.9281547528362842,0.31108550994831163,0.7878346430532739,0.8804415508981578,0.9213879253795477,0.8804415508981578,0.9422586572762626,0.7754561997159459,0.31108550994831163,0.31108550994831163,0.8986240534007521,0.8603806964337213,0.8405782952912813,0.31108550994831186,0.9422586572762626,0.9262700211315922,0.8875064656813964,0.850788759349866,0.69485017710411,0.9262700211315922,0.7402697411745924,0.8883739256494589,0.9019828209594895,0.7812224139195563,0.31108550994831163,0.827513241303586,0.9958306764094076,0.6758074104501148,0.863762347757953,0.9566607558716711,0.6939533019472461,0.9312498291554214,0.7039965075355052,0.31108550994831163,0.965212674477613,0.9524957073457169,0.7955004339598504,0.991519303970854,0.9287243013130126,0.9681394547088228,0.954241800259903,0.31108550994831163,0.8492101642117764,0.9324161701145446,0.31108550994831163,0.8893119774375078,0.9691637975392404,0.8360277974155399,0.9344814405056142,0.7129220490303518,0.31108550994831163,0.9112756151385133,0.8134355446661008,0.9540645211449861,0.5918413556167363,0.6842509421289797,0.8652692287290058,0.8669149862082737,0.82808658807765,0.9312498291554212,0.8523725692305208,0.8351933115660992,0.9387522715750394,0.7862958284079848,0.9367457305359568,0.9509197311927363,0.4744851393156059,0.9338549253147788,0.7320669101228052,0.31108550994831163,0.9393458182324887,0.8919422947955763,0.7909032427736953,0.9947922739901722,0.9650166107570195,0.35713024509717584,0.8397475230941311,0.9287243013130126,0.35713024509717584,0.9641658853133278,0.6924077444083607,0.9567930807361522,0.8980682000269467,0.973650278493619,0.9393458182324887,0.7770128560991825,0.9422586572762626,0.9148532265533558,0.9774411992633256,0.7317588282505751,0.8883739256494587,0.9422586572762628,0.8329166658940546,0.8787105864554916,0.4757884225055681,0.49988429302066817,0.910601968746465,0.8587660956447003,0.9312498291554214,0.8821858692988971,0.908892134704538,0.8214022016228846,0.829517707536801,0.9363572562098184,0.9127085925971725,0.8911350110320606,0.539436787196329,0.6698770582022537,0.7668704634868843,0.9488793874960455,0.8343258452610076,0.8674280482355483,0.8875064656813965,0.9044839950643897,0.47448513931560654,0.9302718979120556,0.9127085925971725,0.7847548348670994,0.9044839950643897,0.8769922925568632,0.6633454161597223,0.8147735352468608,0.9945717595450199,0.8376570916690955,0.7390406928257862,0.8539618916939773,0.9393458182324887,0.8368417883985155,0.8953476735959471,0.789985634443444,0.9414399550230419,0.5533253494459658,0.9192692664872617,0.933854925314779,0.9393458182324887,0.9041245835793724,0.9157698968430455,0.8735911795315165,0.9701956444682693,0.923879955825063,0.9195966234214433,0.9233367877012704,0.3775235547570439,0.9008583849785581,0.31108550994831163,0.9365495543873188,0.31108550994831163,0.31108550994831163,0.7369047286962533,0.4744851393156063,0.9142553407315159,0.31108550994831163,0.9448743287078549,0.7644677559136386,0.6264765956909637,0.9234361632711687,0.8522932400572807,0.9662715161259721,0.9736502784936187,0.6917298433783354,0.7676249244490583,0.9170389579782952,0.835193311566099,0.6259067477419036,0.880441550898158,0.9950576788688374,0.8486248271935103,0.891135011032061,0.9170389579782947,0.9215480977067745,0.9851594818860823,0.936549554387319,0.8549785253868645,0.9312498291554212,0.9662297700905316,0.910601968746465,0.8733912853721099,0.9451809453601019,0.780117541654902,0.706595351957511,0.86363187133769,0.9064920176718159,0.8564986568025649,0.9312498291554214,0.44612089332048965,0.6780714275971065,0.9711413348444887,0.7924392667982805,0.8325878889823026,0.6451062339004482,0.8150388071567574,0.729127144134889,0.9046645363222325,0.9174919622459154,0.9371729782453184,0.6758074104501146,0.8929765886287624,0.7403975775726696,0.9510312382273374,0.7770128560991825,0.9164818738668175,0.9551073781877084,0.9106019687464653,0.8652692287290058,0.9286684098351692,0.31108550994831163,0.9338549253147788,0.9414399550230419,0.926270021131592,0.7985559379258658,0.9106019687464653,0.9215480977067745,0.7956730769230772,0.9681394547088228,0.9774411992633254,0.7164349741463438,0.9422586572762628,0.9712271639524975,0.9127085925971725,0.8061768807841627,0.35713024509717584,0.9170389579782947,0.8166338120691233,0.7816425681135175,0.9044839950643895,0.7225412924186312,0.8259832825670901,0.6107039686254931,0.8016068306706874,0.797119416374909,0.9042252699125826,0.8901465760392433,0.8911350110320613,0.9422586572762628,0.9479529588566924,0.9287243013130129,0.9962792267552911,0.9430481070778809,0.7336155400335034,0.3350690258836352,0.9672210897606439,0.8835498911828262,0.9453068780840737,0.8980682000269469,0.982045156274965,0.8975897579408094,0.9414399550230419,0.9025045192170258,0.8571583257780957,0.9252584119301559,0.9085306004621048,0.7113356487632514,0.9127085925971723,0.923879955825063,0.9338549253147788,0.9453068780840739,0.31108550994831163,0.8821858692988969,0.8743303333584982,0.7199170131208843,0.6942754853601112,0.31108550994831186,0.8305786408994162,0.9174331337755681,0.8636318713376898,0.580559822040636,0.8603806964337208,0.7378150491299369,0.8275132413035857,0.9831758213870373,0.9299272112436057,0.8924187658448484,0.861555883309242,0.872148711206389,0.9365495543873188,0.747917851000456,0.9323299983666007,0.982045156274965,0.9390586815258848,0.9289749041786236,0.8948378117301918,0.537460659396191,0.9453068780840737,0.9148532265533553,0.7115687211778313,0.9307341409458902,0.8594242319326006,0.8321144589218226,0.9393458182324887,0.9262700211315922,0.9106019687464653,0.9911015470174346,0.7129220490303521,0.3350690258836352,0.933854925314779,0.37752355475704336,0.3350690258836352,0.3350690258836352,0.6047025877791903,0.31108550994831163,0.9192692664872615,0.6701902994928775,0.31108550994831163,0.7535181939942841,0.5596408225367134,0.9393458182324887,0.9312498291554212,0.9365495543873188,0.9287243013130126,0.3350690258836352,0.9672210897606437,0.7939706232398647,0.9064920176718159,0.7691979825245205,0.31108550994831163,0.960528094354201,0.982045156274965,0.9044839950643897,0.7003656384018762,0.8109024770791751,0.8895473564972312,0.9287243013130126,0.908530600462105,0.8437089570825393,0.5001340236190803,0.9262700211315917,0.6264765956909637,0.7202460246601673,0.8911350110320613,0.8234264626853169,0.9641658853133278,0.9393458182324887,0.9347829309054405,0.9312498291554212,0.7282578584651431,0.7925209444652743,0.31108550994831163,0.926270021131592,0.8539508264663109,0.9422586572762628,0.9336914202212626,0.9632197151594926,0.9537504332936724,0.7451639931344709,0.35713024509717584,0.9752204342421129,0.6873597517334669,0.31108550994831163,0.31108550994831163,0.6332815283132449,0.6272638024622079,0.7760118548115164,0.9869458275376448,0.7754561997159459,0.9553339820370005,0.9508688959068814,0.7299669570536458,0.9772059176873138,0.7701004093977089,0.31108550994831163,0.8555570364268277,0.9338549253147788,0.9453068780840739,0.9042252699125826,0.9393458182324887,0.7548990778408027,0.31108550994831163,0.31108550994831163,0.6718658230131764,0.8354035823308784,0.6835527461946875,0.9910116109880955,0.8911671681830462,0.8539618916939775,0.824446992162498,0.9812473792743406,0.7597025513876658,0.972566064085988,0.31108550994831186,0.905775346051561,0.7352353225066453,0.9287243013130126,0.9393458182324887,0.7577095699889671,0.905505104410335,0.44371619037272936,0.8975897579408095,0.9287243013130126,0.8409905928034589,0.31108550994831163,0.7484291696442609,0.8804415508981578,0.8539618916939777,0.9108285080080125,0.916641226147346,0.9148532265533558,0.8620024941098836,0.853865698021388,0.936549554387319,0.8092210029130831,0.8000818941171204,0.9192692664872613,0.9422586572762626,0.8875064656813965,0.5116381128998897,0.728494742645736,0.9338549253147788,0.3350690258836352,0.8198775277151971,0.8967198703210439,0.7506093736290067,0.8857175249675575,0.9453068780840739,0.9057753460515611,0.9453068780840739,0.9453068780840737,0.9726698814889384,0.596941582494638,0.8492101642117771,0.926270021131592,0.9422586572762626,0.910601968746465,0.9106019687464653,0.9019828209594891,0.9170389579782952,0.923879955825063,0.8967198703210437,0.7293353217629154,0.9287243013130126,0.9911015470174345,0.6122014407337698,0.9195966234214435,0.9591630984758357,0.31108550994831163,0.7640177117923737,0.926270021131592,0.9772128379006317,0.9422586572762626,0.9025045192170256,0.9044839950643899,0.9387420613642796,0.31108550994831163,0.953071985158022,0.9510312382273374,0.9044839950643897,0.7181797791859013,0.7484291696442609,0.728494742645736,0.9338549253147788,0.8797036508690407,0.8301357925917213,0.7181797791859015,0.7303037218429687,0.7839965608218945,0.5299111516624201,0.8032566864413212,0.9000633438867531,0.9783994202533962,0.9341772783566888,0.8986240534007519,0.7660482226484917,0.6917298433783354,0.9428096036382811,0.9262700211315917,0.3350690258836352,0.7707675179901414,0.9130442355675874,0.42470752843943316,0.6758074104501146,0.640637254219881,0.31108550994831163,0.856894915833124,0.8246644637633855,0.6470515360753812,0.31108550994831163,0.7676249244490583,0.9971482141805039,0.9393458182324887,0.4744851393156062,0.3350690258836352,0.8056162665221741,0.9005517611723419,0.8513613902076239,0.8967198703210439,0.866914986208273,0.9387522715750395,0.9594627567144671,0.31108550994831163,0.8948378117301918,0.31108550994831163,0.9393458182324887,0.8997276216491683,0.8321144589218226,0.9453068780840739,0.8929765886287624,0.9571376670427265,0.8620024941098834,0.8875064656813965,0.31108550994831163,0.7778492225035785,0.7612181055781115,0.8837579194645901,0.8911350110320613,0.6264765956909645,0.933854925314779,0.5628905745984257,0.8893119774375078,0.5880897807203314,0.8445028511200345,0.9897626289617197,0.5880897807203314,0.8875064656813965,0.5398465237042552,0.8336526153804957,0.5880897807203314,0.9453068780840739,0.9005517611723417,0.9287243013130126,0.93486766006626,0.6592788463860815,0.889311977437508,0.9044839950643897,0.9212336877669949,0.8769922925568632,0.9064920176718159,0.8752860258231276,0.8986240534007519,0.923879955825063,0.9106019687464653,0.8576210758321794,0.8132808211622465,0.9129137434283912,0.7581058089268593,0.6462891464015278,0.8962043077275965,0.8482638040664267,0.9287243013130126,0.9312498291554212,0.8571583257780955,0.9787541055293758,0.8948378117301918,0.824446992162498,0.9108934032586795,0.933854925314779,0.9365495543873188,0.7274922022287887,0.8929765886287624,0.9373878077823838,0.8804415508981578,0.891135011032061,0.7894663132769308,0.6972458155920183,0.9566607558716711,0.9262700211315917,0.7628834028832918,0.8595966110423854,0.7919215273538402,0.8832252198427535,0.7976529074226804,0.936549554387319,0.8821858692988966,0.7203861783728216,0.9005517611723408,0.9192692664872613,0.8929765886287624,0.8713868932532187,0.734401050192559,0.6923735863713785,0.7179148411343287,0.8108100140418776,0.6129631577428748,0.8556136720879401,0.5853777364694273,0.9312498291554214,0.9287243013130126,0.8351933115660992,0.8948378117301916,0.9312498291554214,0.8796408056059102,0.801606830670688,0.6829247101614349,0.9666307012815272,0.9666307012815272,0.7565046920677831,0.9804835086069066,0.8883878700557573,0.9312498291554214,0.7955004339598504,0.9804835086069066,0.9365495543873188,0.8445028511200343,0.7613391876666773,0.9778748351992479,0.9422586572762626,0.9892210564194159,0.9393458182324887,0.6350817991772544,0.9365495543873188
p23_Y,0.8759304882565262,0.9208799593226005,0.6728936943485894,0.9633074212540199,0.7647981478754351,0.9491780856091547,0.8577644056436544,0.8340588645470354,0.870263023126338,0.9463456194504825,0.9188871236697296,0.9784534179462063,0.7756183524053208,0.8954688163631979,0.9744481906741294,0.8722984813209287,0.9716572732363804,0.4681753889674639,0.9957912204911729,0.9463456194504825,0.5539080364255319,0.9169296077473637,0.9131105611405985,0.9337692322192532,0.915004851984079,0.9075907590759071,0.9249834296604698,0.9461634821478586,0.9463456194504827,0.8054960830447517,0.8988405313927081,0.7820079396167268,0.34804717511565497,0.8905248145511355,0.7647981478754351,0.9436389526644002,0.9337692322192532,0.9229109835440805,0.949178085609155,0.9441989622120353,0.6398624365232616,0.9715992805222546,0.949178085609155,0.9560007027267698,0.9716572732363804,0.7847714049076306,0.9361160018916064,0.9539287215866565,0.9057994954598185,0.9511568327978744,0.9385367079941815,0.7796446310695873,0.9075907590759071,0.9208799593226003,0.9403936712046194,0.9418468054117537,0.9418468054117539,0.9314886672615048,0.8479041487046681,0.9271009640247971,0.8732840781850197,0.7722474481848002,0.9075907590759074,0.6398624365232616,0.9410406098239259,0.9199620792235577,0.9944277784720001,0.8057060011361052,0.7023733223835418,0.9436389526644002,0.928677578383913,0.9057994954598185,0.9314886672615053,0.9909046326311257,0.9314886672615048,0.6667782770015367,0.9169296077473634,0.9188871236697294,0.7616769526263929,0.9491780856091547,0.9188871236697294,0.9112446674143933,0.9005517611723415,0.0,0.9314886672615048,0.8889039599111501,0.9169296077473637,0.911991894794413,0.941508045093707,0.9292677720165115,0.9314886672615048,0.8540589702876247,0.7752549848834406,0.8519848009614233,0.9005517611723413,0.9873059868726244,0.8511694599226771,0.6897715255156596,0.9796887770566303,0.911143375861476,0.9040300914457233,0.9361160018916064,0.9314886672615055,0.9289349388635291,0.8255524180203788,0.9436389526644002,0.8748055425712828,0.9449814274919204,0.9568700216169213,0.9721438786590075,0.8583226849174204,0.909405299893773,0.9595005800017438,0.9092575998972448,0.9361160018916064,0.9250273281472403,0.9654186216767149,0.9436389526644002,0.949178085609155,0.9506836116166558,0.8825384613814424,0.8454267695073416,0.915004851984079,0.9350783929825497,0.9075907590759074,0.7416603768637979,0.9337692322192532,0.9830298636033129,0.9292677720165115,0.8836079670195752,0.9941005905298885,0.9361160018916064,0.9944277784720001,0.8505593707793001,0.9249834296604698,0.8130722339870089,0.9546539218696093,0.9944277784720001,0.9385367079941815,0.9271009640247971,0.8686505538272042,0.9463456194504822,0.6993334573706613,0.8269664944023671,0.8482926115779144,0.8794184279003854,0.9484806751410745,0.9487023732818753,0.9790021042835307,0.8917613149975419,0.9463456194504827,0.9432918542314882,0.877482020805691,0.7129146517939992,0.9385367079941818,0.9057994954598187,0.858420864800014,0.5613847798887219,0.9751299885056453,0.8454267695073416,0.7397414321423513,0.9361160018916064,0.9112446674143933,0.9522322463593524,0.621058105452186,0.8872955140291616,0.8857638004465433,0.6690294376269561,0.9740280269133126,0.9759573915094234,0.8954688163631979,0.9292677720165115,0.9418468054117539,0.8562968524998387,0.897977252245866,0.861395641025781,0.9436389526644002,0.9764465372762707,0.9610688937127851,0.5857177255714829,0.880973656757946,0.8497295588315184,0.9040300914457233,0.9292677720165115,0.8099750192678046,0.8028518170159558,0.9506836116166558,0.8672687335363694,0.9208799593226001,0.9329075599064767,0.9271009640247971,0.9793765449927724,0.8379848120479377,0.934109864901298,0.9649961119767652,0.9314886672615048,0.9096423096705528,0.9271009640247969,0.9539287215866565,0.6745878507531913,0.8540589702876238,0.9292677720165115,0.9314886672615048,0.7282076224016911,0.934109864901298,0.9463456194504825,0.9314886672615048,0.7752272051820448,0.8856988418635348,0.8468584144181486,0.8071305231050053,0.8717700291221542,0.9292677720165115,0.9314886672615048,0.8774820208056908,0.9314886672615048,0.9667996812754103,0.8043744343099004,0.8113932123967476,0.9314886672615048,0.8371307688681585,0.9314886672615048,0.8496735663853339,0.8748055425712831,0.8872955140291616,0.7048453961950845,0.9361160018916064,0.9085436213669944,0.9271009640247971,0.9131105611405985,0.9169296077473639,0.8732840781850191,0.7354733897109831,0.8905248145511355,0.9385367079941813,0.8642985447139283,0.9632366842045734,0.6538796605316739,0.8613500083222569,0.8856988418635345,0.8856988418635345,0.9349950396117984,0.8454267695073416,0.9271009640247969,0.9314886672615048,0.9223933301348367,0.9314886672615048,0.7429494188247936,0.8856988418635348,0.9385367079941818,0.9022812459376928,0.9085436213669944,0.9096423096705529,0.8875623531460417,0.915004851984079,0.8555090199358881,0.9624721270225209,0.983029863603313,0.9020554008593249,0.852219620660223,0.7437303592140896,0.9779801974613704,0.9292677720165115,0.9410406098239263,0.8475064653240049,0.949178085609155,0.9114905661431125,0.9342011263032908,0.909405299893773,0.7217652242119479,0.8312107660355983,0.9385367079941818,0.9363805411157629,0.8576377943975589,0.8525807153598548,0.9436389526644002,0.9270564646547605,0.8841133455738344,0.9112446674143933,0.8672687335363694,0.9436389526644002,0.6325530557648833,0.9925828487261219,0.9410406098239259,0.644893713314725,0.8954688163631976,0.9361160018916064,0.9245814746860734,0.8715969208579875,0.9271009640247971,0.9900588676412958,0.9361160018916064,0.8784033200932071,0.9436389526644002,0.903092331105769,0.8042798049713862,0.6708824178480892,0.9779801974613707,0.9436389526644002,0.9314886672615053,0.9441989622120353,0.9271009640247969,0.9385367079941818,0.9522322463593522,0.8475991250540167,0.9361160018916064,0.4798090365047093,0.8872955140291614,0.8726848626954136,0.8082746781527986,0.8887311251159747,0.7826074507426819,0.7416603768637979,0.6973887443604505,0.828380815414945,0.9463456194504827,0.8702630231263384,0.9463456194504827,0.9586381348210113,0.8506517968600198,0.8778722974583606,0.9361160018916064,0.9314886672615048,0.9385367079941811,0.8687627046182602,0.9075907590759074,0.9436389526644002,0.9410406098239261,0.9292677720165115,0.9314886672615048,0.915004851984079,0.9436389526644002,0.9491780856091547,0.8794184279003854,0.8358489214518534,0.9112446674143933,0.9385367079941818,0.9976671932161749,0.8249627583218815,0.9150048519840792,0.9229109835440803,0.9378884960817071,0.9361160018916064,0.9586381348210116,0.8125315336274167,0.9208799593226003,0.8794184279003854,0.9491780856091547,0.901130609623243,0.8905248145511353,0.9177286235252597,0.92498342966047,0.9292677720165115,0.893806497800568,0.8722984813209287,0.959500580001744,0.9613219437872129,0.8443162095592615,0.9314886672615048,0.9693213286682991,0.9899281062556811,0.892158753707073,0.8889039599111503,0.9463456194504825,0.9076960674031378,0.9314886672615048,0.9314886672615048,0.9790021042835308,0.9793765449927722,0.8099750192678041,0.9314886672615048,0.9463456194504827,0.9314886672615055,0.8954688163631978,0.6498132102424949,0.934109864901298,0.9821075314053485,0.8971465330611363,0.9169296077473637,0.8182519402561648,0.8626995461587295,0.9314886672615048,0.6865991574001507,0.8872955140291616,0.9158977653053868,0.854401764190714,0.9329075599064764,0.8992806674875511,0.9361160018916064,0.9431699408977134,0.9314886672615048,0.8803313063193576,0.9075907590759074,0.8099750192678046,0.6646553813027414,0.9337692322192535,0.8205047415766165,0.9229109835440807,0.9314886672615048,0.9402087566796575,0.9558634050700895,0.9314886672615048,0.995570386402843,0.8759304882565264,0.7971824445675243,0.850540190888888,0.9522322463593522,0.9314886672615048,0.8849780498541324,0.8535566809158288,0.9410406098239259,0.8236340386243199,0.7730003884001784,0.8748055425712828,0.9385432882703868,0.8884414464455952,0.9361160018916064,0.8475991250540165,0.8468584144181486,0.9131105611405985,0.9199813438542364,0.9062028679268259,0.7217652242119477,0.9952831447476325,0.9385367079941815,0.9075907590759074,0.9314886672615048,0.9436389526644002,0.6590487953104023,0.7698039090034987,0.7760178528607311,0.9022812459376925,0.9271009640247974,0.8784033200932067,0.9337692322192532,0.9271009640247971,0.9188871236697296,0.9314886672615055,0.9208799593226005,0.6158966750031645,0.8702630231263386,0.9436389526644002,0.9560924860857705,0.9463456194504829,0.9654186216767149,0.9131105611405985,0.9285363998890832,0.9169296077473637,0.9463456194504827,0.7890049388096162,0.8872955140291618,0.9789831466428033,0.909405299893773,0.3572363903806096,0.8985975567963898,0.7941696693599456,0.8905248145511355,0.9517995480250121,0.5980544749423946,0.9112446674143933,0.893465545817623,0.9188871236697296,0.8988405313927081,0.7840725527723569,0.7204683135462191,0.9020872579511303,0.9249834296604698,0.8377581685317463,0.8526125248565157,0.8220836588712389,0.911244667414393,0.9131105611405992,0.8464023727791173,0.9188871236697296,0.774417292011178,0.9112446674143933,0.8856988418635345,0.721573913862444,0.9361160018916064,0.6967256928995695,0.7710068430069725,0.9562533908075042,0.9315324475602096,0.9436389526644002,0.8343984102171067,0.8540589702876242,0.9410406098239261,0.8872955140291618,0.92498342966047,0.9249834296604702,0.938536707994182,0.9436389526644002,0.9350783929825497,0.8315369035271365,0.5684946965864792,0.9292677720165115,0.9292677720165115,0.9181946682626312,0.9401972904246758,0.9249834296604702,0.971008495534788,0.9314886672615048,0.9410406098239263,0.9314886672615048,0.9314886672615048,0.977836216201275,0.913110561140599,0.9245814746860734,0.9314886672615048,0.8970866332613757,0.9414110638977642,0.8856988418635349,0.9674051132083057,0.6865991574001507,0.8666756820306954,0.9604792822548722,0.86876270461826,0.945045492034406,0.9229109835440807,0.8468584144181484,0.9410406098239261,0.9225786753593272,0.7222848990290441,0.9550405999652747,0.8988405313927081,0.9229109835440807,0.9271009640247971,0.9427382574591257,0.9410406098239261,0.8598831469664705,0.9361160018916064,0.8657807842755785,0.9169296077473637,0.909405299893773,0.9952831447476325,0.9698197221774107,0.8971465330611363,0.8732840781850195,0.8814579798418161,0.9955239637156408,0.9559982666090145,0.9169296077473639,0.9337692322192532,0.8841133455738341,0.9528702406083654,0.801997031982373,0.9385367079941815,0.688871080693073,0.9249834296604704,0.7892467177019262,0.6814926779037214,0.9292677720165115,0.9158977653053868,0.9372898940428271,0.9491780856091545,0.8666756820306956,0.9560924860857705,0.8687627046182602,0.8048660379962141,0.9596257255045417,0.9673041260733033,0.8675944071688317,0.9314886672615048,0.9385367079941815,0.9206037147937578,0.9314886672615053,0.7494884627155703,0.954982038981102,0.9271009640247971,0.9005517611723417,0.9562540116561442,0.9131105611405985,0.9558634050700894,0.6730915242232991,0.9831416560900628,0.9503578662718964,0.993193735934472,0.9271009640247974,0.985958786288386,0.7601473737062707,0.9186550120230903,0.9112446674143933,0.8396807256894452,0.8906707345873257,0.8807292068322711,0.9884595808669164,0.8905248145511355,0.9758713533040917,0.7738049785047625,0.8988405313927081,0.9463456194504827,0.915004851984079,0.9859653849226511,0.8043744343099004,0.8627236257785784,0.8555090199358888,0.9292677720165115,0.8822523369412021,0.7995998786134005,0.9491780856091547,0.8368800800587328,0.9559982666090145,0.9427224628479643,0.8872955140291618,0.4559524623250393,0.9847054942282473,0.8988405313927084,0.8756692998517109,0.5580199654264582,0.3401678193328158,0.9231752901944041,0.9385367079941815,0.9491780856091547,0.9314886672615048,0.9926947949559495,0.7375573089932523,0.7836932617142298,0.8921587537070732,0.9314886672615048,0.9489156923119719,0.8560941187730418,0.9738625321620705,0.8954688163631979,0.6185115084786368,0.8540589702876247,0.8397219435105807,0.8851802364905574,0.9395449643646789,0.9038547561156012,0.9400226661009825,0.6772347979142421,0.9410406098239263,0.8985975567963898,0.9040300914457235,0.9361160018916064,0.8856988418635348,0.9491780856091547,0.976808682791664,0.9271009640247969,0.949178085609155,0.9208799593226003,0.9040300914457233,0.9314886672615053,0.8202838247630335,0.6749140128569764,0.9436389526644005,0.8154170120192791,0.869589803466746,0.8396807256894452,0.8865350450225613,0.9292677720165115,0.9385367079941818,0.9249834296604702,0.9292677720165115,0.9292677720165115,0.8905248145511361,0.9314886672615048,0.92498342966047,0.874805542571283,0.9314886672615048,0.9112446674143933,0.8802685646935304,0.7535119131134654,0.9361160018916064,0.9410406098239261,0.9337692322192535,0.9292677720165115,0.8167856911307959,0.8085534893437156,0.8814579798418161,0.8316304748044483,0.9314886672615048,0.8748055425712828,0.9361160018916064,0.911244667414393,0.8741550968285554,0.9074390503766523,0.9436389526644002,0.9337692322192535,0.9150048519840792,0.984567352342202,0.9150048519840792,0.9314886672615053,0.918655012023091,0.893806497800568,0.971316254572391,0.8973347048947422,0.9188871236697296,0.9436389526644002,0.9057994954598185,0.9361160018916064,0.998136987240644,0.9718037534773845,0.9314886672615048,0.9821075314053487,0.6827699435487389,0.9463456194504825,0.8296286309093182,0.92498342966047,0.9188871236697294,0.9199620792235577,0.9271009640247974,0.870595817514799,0.9268468105613143,0.9314886672615048,0.9314886672615048,0.8841133455738341,0.7948723265313883,0.8687627046182604,0.8008094891234716,0.9759573915094233,0.8505401908888881,0.8019970319823728,0.9486054609874393,0.909405299893773,0.9023552098788397,0.9314886672615048,0.9539287215866565,0.9385367079941815,0.949178085609155,0.8205047415766165,0.9436389526644002,0.8174972048779761,0.9314886672615048,0.9314886672615048,0.9122272374751699,0.9314886672615053,0.9232059653688396,0.9169296077473637,0.760870851579062,0.6106954354195671,0.9022812459376928,0.8642985447139286,0.8449763379803268,0.8006216655779683,0.9314886672615048,0.8856988418635348,0.9759877945218007,0.9337692322192532,0.9436389526644002,0.9910204827217466,0.7527129773749435,0.8794184279003854,0.8889039599111501,0.8052500042637556,0.7552443220523082,0.9314886672615048,0.9235038878752162,0.922578675359327,0.9226325469213177,0.828380815414945,0.7375573089932526,0.9455040536150562,0.9766438267329637,0.8266331758234333,0.9410406098239259,0.578518309614602,0.9606349188468764,0.9249834296604698,0.9463456194504827,0.9633074212540199,0.8973361621876463,0.9023552098788397,0.893790080572363,0.9292677720165115,0.9875013437105233,0.9040300914457235,0.8856988418635348,0.9984197395506036,0.8505593707793002,0.8856988418635345,0.9491780856091547,0.9491780856091547,0.8687627046182604,0.8921587537070728,0.9402087566796574,0.9672736044508083,0.9902272378284808,0.9169296077473637,0.9976781567382803,0.7737394162043592,0.3024820600318904,0.9292677720165115,0.9825197666561855,0.8569629050326475,0.9337692322192535,0.8562179574234863,0.8889039599111506,0.7240505531402555,0.7651154753061156,0.9314886672615048,0.8540589702876247,0.9314886672615053,0.9341098649012982,0.9463456194504825,0.909405299893773,0.9112446674143926,0.8296313410259673,0.9314886672615048,0.8681203845187362,0.8666756820306954,0.9273376672788167,0.9576811368833744,0.878570058037943,0.9686308603165102,0.9385367079941815,0.983407270509489,0.9542346838381128,0.8008094891234717,0.872575216742538,0.9131105611405983,0.8116039841436655,0.9491780856091545,0.9131105611405985,0.9314886672615053,0.8628217153184263,0.9057994954598185,0.9879380409531974,0.86876270461826,0.858686419261909,0.9314886672615053,0.9292677720165115,0.9487023732818753,0.7738049785047627,0.8884414464455952,0.8941833817765903,0.8841666480907979,0.9314886672615048,0.9322959401484845,0.743595559517513,0.8954688163631979,0.9314886672615048,0.8990532236738205,0.9229109835440807,0.9436389526644002,0.913110561140599,0.9292677720165115,0.7406426144392229,0.780292314945779,0.8613500083222569,0.9040300914457235,0.937039760154677,0.913110561140599,0.8546340718497012,0.9314886672615048,0.9022812459376928,0.9314886672615048,0.9436389526644002,0.7752272051820446,0.9421854031807239,0.949178085609155,0.9372898940428269,0.7630798811812193,0.9627217156090833,0.9307747569588933,0.9314886672615048,0.9324094442474891,0.9592523993707327,0.8457115139842375,0.8988405313927084,0.5540462654240198,0.9385367079941818,0.4851158215799829,0.8971465330611363,0.8872955140291614,0.9955163805952005,0.8841666480907984,0.8872955140291614,0.9307747569588933,0.9385367079941818,0.6708824178480892,0.8872955140291614,0.949178085609155,0.9075907590759074,0.9337692322192535,0.8722984813209287,0.9292677720165115,0.9955703864028429,0.9112446674143933,0.8540589702876242,0.885698841863535,0.9131105611405985,0.8841133455738344,0.9441989622120355,0.8248039983350155,0.9169296077473637,0.8343984102171071,0.8954688163631979,0.5998384864162489,0.9114905661431132,0.976909662309374,0.5948931433236011,0.9057994954598185,0.9096423096705528,0.9361160018916064,0.9264790424305231,0.9739468148452322,0.9022812459376928,0.9022812459376928,0.9579233411022651,0.9385367079941813,0.9410406098239263,0.8552646386959468,0.9005517611723413,0.9684368853224967,0.9763971782961419,0.8988405313927081,0.8251338051460984,0.915004851984079,0.8971465330611363,0.9314886672615053,0.9918548444079669,0.7236531520056116,0.979414962916515,0.9579233411022653,0.779644631069587,0.9410406098239261,0.8905248145511357,0.8583226849174204,0.9075907590759071,0.9249834296604698,0.9005517611723415,0.8642985447139286,0.8522196206602228,0.8017519956192524,0.9188871236697296,0.8363241429134989,0.9292677720165115,0.8957430324228601,0.8047993530669151,0.9361160018916064,0.9337692322192535,0.9640002989117291,0.9022812459376919,0.9361160018916064,0.8917796312811819,0.8646220063234418,0.8320112565743227,0.9271009640247969,0.9271009640247971,0.9097422973841851,0.9919535000677886,0.6240448083535448,0.9361160018916064,0.9549019054944325,0.911244667414393,0.9410406098239263,0.8555090199358886,0.9490704397550973,0.9337692322192535,0.9463456194504825,0.8722984813209287,0.9436389526644002,0.799988641961811,0.9410406098239263
p24_G,0.7524297972473161,0.9413411539914585,0.8918007079504506,0.9225015741707872,0.9492063492063487,0.9623211158059548,0.7050163519970581,0.7509151724713103,0.9038142386822647,0.960221152322577,0.9398636845831869,0.9475597985845114,0.9475597985845114,0.9225015741707872,0.9106019687464653,0.5567710364845595,0.944383427890573,0.9314886672615048,0.9582144552981327,0.960221152322577,0.8875255844205965,0.938412400887346,0.935580996038617,0.9508971383859763,0.9369854052620163,0.9314886672615046,0.944383427890573,0.916441965519317,0.960221152322577,0.7739436107925906,0.9250013316406693,0.9544316996038,0.9428469360414609,0.9188361382271659,0.9492063492063489,0.9582144552981327,0.9508971383859763,0.9428469360414602,0.9623211158059548,0.930160641445072,0.8993922310882436,0.932833950574053,0.9623211158059548,0.912915131908919,0.9443834278905732,0.8474513194974065,0.9526370111116405,0.9004911494084333,0.930160641445072,0.8918007079504506,0.9544316996038,0.8495864161552136,0.9314886672615046,0.13408370177867746,0.9428469360414604,0.9288488221297497,0.9288488221297497,0.0,0.7383793872014479,0.9459533477380775,0.9060540201833016,0.831146423199498,0.931488667261505,0.8993922310882436,0.9562880686171875,0.8244397822834253,0.9544316996038,0.6473831763250288,0.7698078233874499,0.9582144552981327,0.92126914699118,0.9301606414450723,0.9492063492063487,0.8266892096935958,0.0,0.8864622842804517,0.938412400887346,0.9398636845831867,0.8233095582802461,0.9623211158059548,0.9398636845831869,0.9341976401680094,0.31108550994831163,0.9314886672615048,0.0,0.9176344520056336,0.938412400887346,0.8046479448175341,0.8939536575643376,0.03139863267861631,0.0,0.8918007079504506,0.831146423199498,0.8548949080074899,0.31108550994831163,0.48955645159511163,0.8896584524348263,0.8875255844205965,0.8198957816506434,0.8187498553347687,0.9288488221297497,0.9526370111116405,0.9492063492063489,0.8580633769736241,0.6072669396673074,0.9582144552981327,0.907182019415572,0.7973204052495684,0.9369854052620166,0.8289245259008584,0.8759110188590657,0.9328339505740528,0.8070467719220202,0.9094556823349389,0.9526370111116405,0.7833099084134079,0.9413411539914585,0.9582144552981327,0.9623211158059548,0.8580633769736241,0.9129151319089193,0.885400876353422,0.9369854052620166,0.9250013316406696,0.931488667261505,0.7554264789789613,0.9508971383859763,0.6339927913026551,0.9475597985845114,0.9152582079543838,0.8727631680356085,0.9526370111116405,0.9544316996038,0.9623211158059548,0.944383427890573,0.8453085223330421,0.879064442044788,0.9544316996038003,0.9544316996038,0.06018876900101988,0.8046479448175343,0.960221152322577,0.8244397822834253,0.8717146038820363,0.8875255844205967,0.9106019687464659,0.892875760974867,0.8420784215528956,0.9301606414450723,0.7583810530554915,0.9602211523225768,0.9060540201833014,0.8559522762859688,0.8811713725919912,0.9544316996038,0.9301606414450725,0.8950345750758599,0.9140827360776209,0.8938851835250172,0.5567710364845593,0.7367566674079002,0.9526370111116407,0.9341976401680094,0.7431708752992887,0.8972062142375332,0.9164419655193166,0.8612222667022558,0.8993922310882436,0.9262700211315917,0.8453085223330423,0.9225015741707872,0.9475597985845114,0.9288488221297495,0.6783615558233287,0.8538362113124116,0.8780124908814328,0.9582144552981327,0.6072669396673073,0.9200475251844384,0.5526275082095409,0.9117550006367756,0.8885909234541711,0.9288488221297497,0.9475597985845114,0.6394614409405057,0.8538362113124116,0.8580633769736241,0.9015943008452869,0.13408370177867734,0.9237454173815312,0.9459533477380775,0.903814238682265,0.8221755430097122,0.7897778653703145,0.9060540201833014,0.0,0.9508971383859763,0.9459533477380777,0.4895564515951115,0.8355526955775656,0.8918007079504506,0.9475597985845114,0.0,0.8685695845092951,0.7897778653703145,0.960221152322577,0.0,0.6951973979147161,0.9152582079543841,0.8864622842804517,0.6447787703816181,0.9049315186013059,0.9475597985845114,0.0,0.6473831763250286,0.0,0.8117838598171898,0.8388272306091986,0.8355526955775657,0.0,0.6339927913026551,0.0,0.7050163519970583,0.9071820194155717,0.9164419655193166,0.8759110188590655,0.9526370111116407,0.7711949776746383,0.06018876900101888,0.935580996038617,0.9384124008873462,0.9060540201833014,0.7554264789789611,0.9188361382271666,0.9544316996038,0.4951319232791844,0.8907283270583697,0.9027019168030599,0.897206214237533,0.9152582079543838,0.9152582079543838,0.944383427890573,0.885400876353422,0.9459533477380777,0.0,0.9027019168030597,0.0,0.7334713952978886,0.9152582079543841,0.9544316996038,0.9275522446953854,0.7711949776746383,0.9508971383859763,0.9140827360776205,0.9369854052620161,0.892875760974867,0.9398636845831869,0.8612222667022562,0.9526370111116405,0.8717146038820363,0.8717146038820349,0.8442340263447974,0.03139863267861631,0.9562880686171873,0.8289245259008584,0.9623211158059548,0.8333555867103808,0.8333555867103808,0.24376003609304187,0.8706662210952574,0.8748612665230131,0.9544316996038003,0.848519788337875,0.7973204052495684,0.7780046509581313,0.9582144552981327,0.8289245259008584,0.9140827360776214,0.9341976401680094,0.9015943008452874,0.9582144552981327,0.8517144868263773,0.8141237078825918,0.9562880686171873,0.8982973238138026,0.9225015741707867,0.9526370111116407,0.9188361382271666,0.8070467719220202,0.9459533477380775,0.9526370111116405,0.9526370111116407,0.7985559379258667,0.9582144552981327,0.7985559379258667,0.6499526646778642,0.885400876353422,0.8442340263447972,0.9582144552981327,0.9492063492063487,0.930160641445072,0.9459533477380777,0.9544316996038003,0.8022278398026612,0.8982973238138026,0.9526370111116405,0.9301606414450723,0.9164419655193172,0.7250134267509765,0.9094556823349389,0.8843412180810755,0.6848496741376313,0.7923174570100686,0.6911250629978627,0.8727631680356077,0.9602211523225768,0.903814238682265,0.9602211523225768,0.9188361382271668,0.9152582079543841,0.9094556823349389,0.9526370111116405,0.0,0.9544316996038,0.9027019168030597,0.931488667261505,0.9582144552981327,0.9562880686171873,0.9475597985845114,0.0,0.9369854052620163,0.9582144552981327,0.9623211158059548,0.9106019687464655,0.823309558280246,0.9341976401680094,0.9544316996038003,0.8333555867103808,0.8289245259008584,0.9369854052620166,0.9428469360414611,0.8409971458279799,0.9526370111116405,0.9188361382271659,0.8117838598171898,0.9413411539914587,0.9106019687464657,0.9623211158059548,0.7655931084723666,0.9188361382271666,0.7780046509581313,0.944383427890573,0.03139863267861631,0.92126914699118,0.885400876353422,0.8070467719220202,0.8082384637825222,0.8187498553347687,0.0,0.8538362113124116,0.9176344520056336,0.9200475251844387,0.9176344520056336,0.9602211523225768,0.8453085223330421,0.0,0.0,0.930160641445072,0.903814238682265,0.8591172857456586,0.0,0.9602211523225768,0.9492063492063489,0.922501574170787,0.8972062142375332,0.7897778653703145,0.9492063492063489,0.9237454173815309,0.938412400887346,0.8322525541058978,0.9634411459729271,0.0,0.8811713725919912,0.9164419655193168,0.7766590274917047,0.9952327064015152,0.9237454173815312,0.8704033497109469,0.9526370111116405,0.7960789049353036,0.0,0.7973204052495684,0.9314886672615053,0.8591172857456586,0.8300371089395653,0.9508971383859763,0.831146423199498,0.9428469360414606,0.0,0.8961186971729789,0.7399891659895361,0.0,0.9237454173815309,0.7948313236856197,0.8420784215528956,0.8152867967569688,0.8022278398026612,0.0,0.7698078233874488,0.8559522762859684,0.9562880686171873,0.6574604645689301,0.7250134267509767,0.907182019415572,0.908315805590151,0.8961186971729789,0.9526370111116405,0.8982973238138026,0.8864622842804517,0.935580996038617,0.8527760996057683,0.8738120195914167,0.8706662210952574,0.21151139151266862,0.9544316996038,0.9314886672615055,0.0,0.9582144552981327,0.9015943008452869,0.8129560940834346,0.9398636845831869,0.9275522446953854,0.06018876900102055,0.7478523304650295,0.9508971383859763,0.06018876900102055,0.9398636845831869,0.9492063492063489,0.9413411539914582,0.879064442044788,0.903814238682265,0.9582144552981327,0.8463809254714867,0.9602211523225768,0.9413411539914582,0.935580996038617,0.801009545737682,0.938412400887346,0.9602211523225768,0.7997856146881548,0.9164419655193166,0.5305546844946969,0.24376003609304187,0.938412400887346,0.9027019168030597,0.9526370111116405,0.9188361382271666,0.8993922310882436,0.8769613888066743,0.9341976401680094,0.8993922310882436,0.9398636845831869,0.9250013316406693,0.6827113291147924,0.7725735218970409,0.9049315186013058,0.9443834278905732,0.8141237078825918,0.8907283270583697,0.9225015741707872,0.9341976401680094,0.21151139151266984,0.8175997772209664,0.9398636845831869,0.8517144868263774,0.9341976401680094,0.9152582079543841,0.7539334992316542,0.9526370111116405,0.8453085223330421,0.7143607147557585,0.9176344520056336,0.8993922310882432,0.9582144552981327,0.7301312695908229,0.8918007079504506,0.9562880686171875,0.9164419655193166,0.944383427890573,0.944383427890573,0.9544316996038003,0.9582144552981327,0.9250013316406696,0.8255663034700989,0.9129151319089186,0.9475597985845114,0.9475597985845114,0.7125274559321444,0.9071820194155717,0.08671734220308636,0.8717146038820361,0.0,0.9562880686171873,0.0,0.0,0.8187498553347687,0.2115113915126693,0.9188361382271664,0.0,0.7334713952978882,0.8377384241745145,0.4006068367505189,0.8527760996057685,0.8811713725919912,0.8058499662916012,0.903814238682265,0.47795836130872293,0.8399134433261015,0.9428469360414604,0.8864622842804515,0.4408515443948542,0.9176344520056336,0.7711949776746385,0.6473831763250284,0.9250013316406696,0.9428469360414602,0.9459533477380775,0.7846176027958278,0.9562880686171873,0.8961186971729789,0.9526370111116405,0.9004911494084331,0.938412400887346,0.9328339505740528,0.935580996038617,0.848519788337875,0.9237454173815312,0.9060540201833016,0.9355809960386168,0.7223272158432528,0.9526370111116405,0.17526171623055564,0.9508971383859763,0.9140827360776205,0.8570084033315839,0.8399134433261015,0.4654487838138114,0.8570084033315841,0.5711669571562623,0.77934241058442,0.8896584524348263,0.9475597985845114,0.7766590274917051,0.9262700211315917,0.9623211158059548,0.8058499662916013,0.8463809254714865,0.7876282222528316,0.8034406041869142,0.938412400887346,0.9071820194155717,0.8822265994777512,0.0,0.9544316996038,0.9164419655193174,0.9492063492063487,0.8612222667022558,0.938412400887346,0.9459533477380777,0.9262700211315917,0.831146423199498,0.9355809960386168,0.8046479448175343,0.9602211523225772,0.7935775465776653,0.9398636845831869,0.8664724446651941,0.06018876900102055,0.9428469360414602,0.7143607147557588,0.9152582079543841,0.9341976401680094,0.7806724477786732,0.880117361849238,0.7318083230664854,0.8633240709217587,0.9188361382271666,0.6991852245234744,0.8612222667022558,0.9250013316406696,0.960221152322577,0.9369854052620166,0.9508971383859763,0.8388272306091986,0.9027019168030597,0.525843532183836,0.03139863267861631,0.7960789049353036,0.8409971458279799,0.9623211158059548,0.8790644420447877,0.9526370111116405,0.9176344520056336,0.9164419655193168,0.932833950574053,0.9015943008452869,0.9250013316406696,0.9369854052620166,0.500567215157067,0.9398636845831867,0.9475597985845112,0.9544316996038,0.9623211158059548,0.0,0.9188361382271668,0.8654234385275936,0.8070467719220202,0.9200475251844384,0.0,0.8832831707913575,0.8244397822834253,0.9060540201833016,0.34458474155865637,0.9038142386822647,0.8918007079504506,0.8811713725919912,0.7859181167692968,0.9275522446953854,0.9060540201833014,0.6598989712921809,0.8907283270583697,0.9562880686171873,0.9027019168030597,0.9288488221297497,0.9526370111116405,0.9152582079543841,0.9623211158059548,0.9275522446953854,0.9459533477380777,0.9623211158059548,0.9413411539914587,0.9288488221297497,0.9492063492063487,0.6783615558233285,0.8843412180810755,0.9582144552981327,0.9492063492063489,0.9384124008873462,0.7806724477786728,0.8022278398026612,0.03139863267861631,0.9544316996038003,0.08671734220308558,0.03139863267861631,0.03139863267861631,0.3741839079094693,0.0,0.944383427890573,0.4527606561376478,0.0,0.9341976401680094,0.535161772248302,0.9582144552981327,0.9526370111116405,0.9562880686171873,0.9508971383859763,0.03139863267861631,0.7960789049353036,0.8580633769736241,0.935580996038617,0.8409971458279799,0.0,0.9071820194155722,0.9526370111116405,0.9341976401680094,0.7935775465776653,0.9083158055901508,0.9582144552981327,0.9508971383859763,0.9369854052620166,0.9152582079543841,0.6284764518573093,0.9492063492063487,0.4006068367505189,0.92126914699118,0.9250013316406696,0.6848496741376318,0.9398636845831869,0.9582144552981327,0.930160641445072,0.9526370111116405,0.9071820194155722,0.8420784215528954,0.0,0.9492063492063487,0.8822265994777507,0.960221152322577,0.8377384241745145,0.944383427890573,0.9398636845831869,0.8244397822834253,0.06018876900102055,0.7569089328329721,0.7846176027958276,0.0,0.0,0.40880739824839063,0.6991852245234742,0.9027019168030597,0.8058499662916013,0.8453085223330421,0.8152867967569688,0.8399134433261015,0.7997856146881548,0.9328339505740528,0.8129560940834346,0.0,0.9004911494084331,0.9544316996038,0.9623211158059548,0.831146423199498,0.9582144552981327,0.831146423199498,0.0,0.0,0.7739436107925914,0.9492063492063487,0.7819949015164562,0.938412400887346,0.8570084033315841,0.8993922310882436,0.6856702229525599,0.8993922310882436,0.8344556057285131,0.8506512873935228,0.0,0.9152582079543841,0.8175997772209664,0.9508971383859763,0.9582144552981327,0.5526275082095407,0.7351207557283752,0.43182584581086747,0.9176344520056336,0.9508971383859763,0.8591172857456586,0.0,0.8266892096935958,0.9176344520056336,0.8993922310882436,0.8727631680356078,0.8654234385275936,0.9413411539914582,0.9049315186013054,0.8538362113124116,0.9562880686171875,0.8685695845092949,0.862273520033598,0.9443834278905732,0.9602211523225768,0.9225015741707872,0.2586095064370061,0.8129560940834346,0.9544316996038,0.03139863267861631,0.8759110188590655,0.9288488221297497,0.9152582079543841,0.92126914699118,0.9623211158059548,0.9152582079543841,0.9623211158059548,0.9623211158059548,0.9027019168030597,0.3647019568709454,0.8961186971729789,0.9492063492063487,0.9602211523225768,0.938412400887346,0.938412400887346,0.8322525541058978,0.9428469360414611,0.9475597985845114,0.9288488221297497,0.5210240199989242,0.9508971383859761,0.7684119013812074,0.3833143586062788,0.7125274559321442,0.7447432793600621,0.0,0.8918007079504506,0.9492063492063489,0.758381053055492,0.960221152322577,0.9328339505740528,0.9341976401680097,0.855952276285969,0.0,0.7399891659895361,0.8058499662916012,0.9341976401680094,0.8058499662916012,0.8266892096935958,0.8129560940834346,0.9544316996038,0.7143607147557588,0.6716454483484393,0.8058499662916012,0.7431708752992889,0.9355809960386166,0.6761489807685291,0.9623211158059548,0.9355809960386168,0.9492063492063489,0.8982973238138026,0.930160641445072,0.8388272306091984,0.4779583613087228,0.8106069085572598,0.9492063492063489,0.03139863267861631,0.8420784215528954,0.861222266702256,0.5110414539348817,0.7766590274917051,0.7524297972473162,0.0,0.9856724533720749,0.8633240709217587,0.9225015741707872,0.0,0.8399134433261015,0.9428469360414604,0.9582144552981327,0.2115113915126694,0.03139863267861631,0.9114861522954751,0.9314886672615051,0.897206214237533,0.9288488221297497,0.9083158055901508,0.9355809960386172,0.8129560940834346,0.0,0.9275522446953854,0.0,0.9582144552981327,0.8333555867103808,0.8843412180810759,0.9623211158059548,0.9262700211315917,0.8022278398026612,0.904931518601306,0.9225015741707869,0.0,0.8322525541058978,0.8210376473859937,0.8506512873935228,0.9250013316406696,0.40060683675051967,0.9544316996038003,0.3227392978460525,0.9237454173815312,0.392115299153029,0.8928757609748668,0.7948313236856197,0.392115299153029,0.9225015741707872,0.9544316996038003,0.885400876353422,0.392115299153029,0.9623211158059548,0.931488667261505,0.9508971383859763,0.885400876353422,0.9475597985845114,0.9237454173815312,0.9341976401680094,0.8918007079504506,0.9152582079543841,0.9355809960386168,0.9140827360776211,0.930160641445072,0.9475597985845114,0.9384124008873462,0.7301312695908225,0.9225015741707872,0.9015943008452869,0.8333555867103808,0.42440193597169273,0.9083158055901508,0.930160641445072,0.9508971383859763,0.9526370111116405,0.9015943008452867,0.8939536575643379,0.9275522446953854,0.9275522446953854,0.9004911494084333,0.9544316996038,0.9562880686171873,0.5974763156586966,0.9262700211315922,0.8664724446651935,0.9176344520056336,0.9250013316406696,0.6549904556417999,0.9369854052620166,0.9237454173815312,0.9492063492063487,0.8366469404145511,0.8780124908814328,0.9129151319089186,0.9004911494084333,0.6623067578386677,0.9562880686171875,0.9188361382271666,0.5906675167558797,0.9314886672615046,0.944383427890573,0.926270021131592,0.8993922310882434,0.6040574193889983,0.7598430279509716,0.9398636845831869,0.6739104850582693,0.9475597985845114,0.8832831707913573,0.7143607147557586,0.9526370111116407,0.9508971383859763,0.8864622842804517,0.9275522446953852,0.9526370111116405,0.8982973238138026,0.8633240709217587,0.708808264663793,0.9459533477380775,0.9459533477380775,0.8322525541058978,0.9341976401680094,0.9027019168030599,0.9526370111116405,0.8591172857456586,0.9341976401680094,0.9562880686171873,0.8928757609748668,0.9328339505740528,0.9508971383859763,0.960221152322577,0.8854008763534222,0.9582144552981327,0.7197593917099125,0.9562880686171873
p24_H,0.817898852962103,0.556921865251354,0.8872399394319209,0.996225319046196,0.9613251513423888,0.7153934851415809,0.9490031925523351,0.9351287458927788,0.844027888989999,0.9354957453078969,0.9094175606190134,0.9149644520716047,0.9149644520716045,0.18098629841364744,0.9809190946517969,0.8141693012543916,0.8081868460461838,0.7069994547107251,0.7540801690623644,0.6812828236110704,0.9583362178150991,0.9369836237218985,0.8916829786258776,0.9203761879341787,0.970087547292547,0.8889039599111497,0.526187431254945,0.8932539868674869,0.6265369048852085,0.6709166874495509,0.8783842798904287,0.9261077324693099,0.9073222074226135,0.8683869765649124,0.9176344520056336,0.9631988949207005,0.9203761879341787,0.38476203850550095,0.9389009867184679,0.2846554936905764,0.862032222711425,0.8910854332944245,0.9389009867184677,0.8587856401289515,0.848472476730647,0.7023160085843749,0.969757263765453,0.8386392613801179,0.8867504707956384,0.824547087224186,0.9261077324693099,0.49299594170484295,0.8889039599111497,0.904880473824603,0.9073222074226133,0.949904800799596,0.884623261684109,0.9176344520056336,0.7420229327079563,0.9123594767995957,0.8476598553448094,0.7847765002116793,0.8889039599111503,0.8368572865027599,0.9291179679746995,0.908609301647284,0.9261077324693099,0.807717678237386,0.885882969621567,0.7540801690623644,0.22471864303858047,0.8867504707956386,0.9176344520056336,0.7189641226043173,0.9176344520056336,0.8158904503387641,0.900131290598132,0.9094175606190132,0.7520824202525009,0.542540721071605,0.9401042088409286,0.8977164148691166,0.6122014407337679,0.8889039599111501,0.9176344520056336,0.0,0.900131290598132,0.6832226306729525,0.828038249445866,0.9149644520716045,0.9176344520056336,0.2627784971868179,0.6879613239088735,0.78528951053851,0.9438611769441672,0.864000327136614,0.3009957608984881,0.8176146677824232,0.7079480917663039,0.7444663186095233,0.9521728905271735,0.7043245043487552,0.4706957572797926,0.6275118000470309,0.8771035727561388,0.932241742150131,0.298901691613645,0.6713404996873749,0.8978173148387738,0.7225888481649907,0.40277503125507574,0.663843929921064,0.9526657373128395,0.9842863833591207,0.9231975163531971,0.9862304496400796,0.8644633857793794,0.932241742150131,0.9458638372348815,0.8114015586282293,0.9145303665658235,0.44362905428351096,0.30721012816972004,0.8088355852512339,0.8753730319516108,0.6034064933500012,0.9203761879341787,0.90089194988517,0.8303136803781797,0.8625851059964713,0.7936763507630318,0.9231975163531969,0.6879618446090566,0.9389009867184677,0.9098137391625776,0.668394102781642,0.8038943185349743,0.8809270560698743,0.9261077324693097,0.912359476799596,0.9672240099992059,0.9354957453078969,0.7153165147159797,0.6413084611449196,0.3849632153657493,0.8550346801467699,0.9229660919577038,0.7439188334429196,0.8867504707956386,0.6081975471352881,0.9002664985145176,0.8476598553448089,0.5727614083613315,0.8300245705572447,0.9291683589350782,0.91989423221619,0.8029392944356014,0.7451735446474828,0.8924193055680141,0.536404259841273,0.7059086729897006,0.9371232414100348,0.6887295835214469,0.6792982568065473,0.9077707508606776,0.6180073508895101,0.795950284536453,0.810693606575931,0.9438611769441669,0.8495789534850302,0.6380909553804,0.9149644520716045,0.884623261684109,0.7376538507748565,0.968249158983246,0.7501150506947272,0.8063598505269487,0.811982893859045,0.8917348229536435,0.6710266026144999,0.8845061769360816,0.8429310413922657,0.984813660084917,0.9149644520716045,0.7715485738634289,0.49806385314529755,0.7698395851967672,0.8659812204023998,0.904880473824603,0.8149878477204445,0.9536828573969374,0.8440278889899995,0.5560856599040824,0.6778967231627915,0.8476598553448089,0.9176344520056336,0.9203761879341785,0.5917599560323061,0.8386392613801177,0.833699734957078,0.8725825827815012,0.9149644520716045,0.9176344520056336,0.9591447572928362,0.659109730275899,0.9354957453078971,0.9176344520056336,0.8865915978606935,0.9194760752462121,0.909178258892716,0.8717042329345136,0.9766783042884537,0.9574180966633072,0.9176344520056336,0.7664162840106339,0.9176344520056336,0.751933834393758,0.667205464506432,0.5975378998657352,0.9176344520056336,0.8799036168154266,0.9176344520056336,0.949003192552335,0.849488987006966,0.15801802171962465,0.7987808166564554,0.8905634939977788,0.6477199664432418,0.912359476799596,0.7852944502139066,0.9001312905981322,0.8357022301756417,0.7760533443325752,0.9552409151070959,0.7844444503394653,0.8368572865027598,0.8466789237325192,0.951764788537374,0.7695768434104568,0.8910305906213418,0.8625851059964709,0.9098137391625776,0.3044662459468678,0.9536828573969376,0.9176344520056336,0.8422241792803131,0.9176344520056336,0.6438279350045588,0.3693868091320246,0.9261077324693097,0.8825207683757945,0.6289762449985727,0.9203761879341787,0.8606789940362405,0.8978173148387736,0.30362807488210364,0.9777237664759431,0.7749619514667099,0.9231975163531971,0.3797474564942156,0.7919760287785569,0.7474143012261998,0.9149644520716045,0.9792503453259269,0.6547497998035585,0.9389009867184679,0.8473872311681501,0.7493763144367913,0.8910854332944247,0.7902760008933465,0.3638860039317422,0.9261077324693099,0.7543639716991355,0.7090349884619689,0.6400186186593286,0.932241742150131,0.7225888481649909,0.9704006653996403,0.8932967537832142,0.4440845438465909,0.932241742150131,0.8003602004056383,0.7749505149401783,0.9706172773228455,0.9600541577705046,0.7295118867737505,0.4249660198752192,0.8683869765649124,0.687112500881482,0.9123594767995957,0.9231975163531971,0.9836829888222908,0.5911244682702295,0.5972411246686116,0.6733440045419774,0.7647016855061364,0.8373631026438322,0.7917817388492996,0.9631988949207007,0.86391205131059,0.814955676419399,0.38514305304559837,0.6397205417438536,0.6982000155310901,0.8350818158237849,0.8905634939977788,0.881243199260502,0.8645046537943692,0.8025682677755006,0.853175894511782,0.8124509893605874,0.5483759162341866,0.7350362247506663,0.7333369007087924,0.37454837356306125,0.9354957453078971,0.9218963184685969,0.7907746610627939,0.8977823279529111,0.9194760752462126,0.7675694205203242,0.9231975163531969,0.9176344520056336,0.9261077324693099,0.6942509983094831,0.7069994547107255,0.932241742150131,0.9291179679746995,0.7454063911947744,0.9176344520056336,0.8978173148387736,0.932241742150131,0.7153934851415806,0.9643988302810584,0.9450756443739079,0.8977164148691164,0.9261077324693099,0.7297741310905197,0.73258246880749,0.7408315228923603,0.9073222074226135,0.4819869843011909,0.9231975163531971,0.8683869765649124,0.6766681084338966,0.904880473824603,0.8550346801467696,0.9965185747417931,0.6198924122866387,0.5143106442871159,0.6400186186593286,0.9693293687840345,0.9149644520716045,0.8266846978221365,0.8147298765145596,0.687112500881482,0.689044914708743,0.5455697530807742,0.9176344520056336,0.7629849328788398,0.8664383561643836,0.7132994357220559,0.9010361784334389,0.9354957453078969,0.7491566735405868,0.9176344520056336,0.9176344520056336,0.8867504707956384,0.8440278889899995,0.45705781822518854,0.9176344520056336,0.7907746610627939,0.9176344520056336,0.9733010371560202,0.8581319192100829,0.7718316875972553,0.9512934499841006,0.6915220767435637,0.5470837125453756,0.6655084435866585,0.70338521563529,0.9176344520056336,0.875451996593217,0.6755060170357448,0.6378365936921426,0.7171709926998047,0.8149878477204444,0.6709442021495156,0.9231975163531969,0.6693273178797698,0.9176344520056336,0.5936169692080376,0.7406741701589026,0.7715485738634289,0.8077817716176494,0.920376187934179,0.863715382535356,0.42409069150949463,0.9176344520056336,0.8315490164612094,0.7589563318266204,0.9176344520056336,0.8763477248373535,0.655020125567806,0.8037373698793304,0.5540895477515115,0.6792982568065471,0.9176344520056336,0.885882969621567,0.9316218609176428,0.9706172773228455,0.8731134318822741,0.955478249328725,0.8761017783000717,0.8513275026111498,0.5029132117058235,0.9231975163531971,0.8600762842131289,0.8158904503387641,0.6434430789979446,0.7817323430593246,0.699009799740385,0.9275343905525792,0.9310028073541696,0.9261077324693097,0.6396500238143722,0.9176344520056336,0.932241742150131,0.6996157422728908,0.9445812886563254,0.9777237664759431,0.9790111546477847,0.9123594767995962,0.874021209496304,0.8093111782833923,0.9123594767995962,0.721319772443941,0.5580771559533033,0.9413487659113852,0.8938610275646672,0.6628053909788822,0.932241742150131,0.750895652148909,0.9354957453078969,0.941348765911385,0.8207572930178968,0.8661930582889743,0.7681977112879723,0.9354957453078971,0.9849471787133064,0.9220033199406048,0.7911689483172898,0.8910854332944247,0.9001312905981322,0.8422241792803133,0.8440037465855229,0.8683869765649124,0.9375570313374202,0.8004840668654838,0.5494050292896668,0.9123820951287551,0.9024846512059141,0.8783842798904287,0.5053423333393003,0.6312116533328538,0.421463833162387,0.9290437380995719,0.8513127697375142,0.8430009487138734,0.8743307438550616,0.8932967537832142,0.8955399645501798,0.5484350471756452,0.9024846512059141,0.7799523024236332,0.8932967537832139,0.8625851059964718,0.6386133808607788,0.5646452621119878,0.969660942614972,0.9814283705586102,0.6394450298559888,0.8368572865027604,0.932241742150131,0.9433205351143243,0.9686535738961322,0.6698230132154811,0.9342500146938063,0.4859018005704824,0.8484724767306471,0.9261077324693099,0.932241742150131,0.3709433964495593,0.760133264412012,0.8587856401289515,0.9574180966633072,0.9149644520716045,0.7134837754282195,0.9293273608862838,0.9098137391625774,0.46693445804445055,0.9176344520056336,0.9291179679746995,0.9176344520056336,0.9176344520056336,0.7060898900522419,0.8955399645501798,0.8376595095551013,0.9176344520056336,0.6909691997734229,0.736881216402621,0.891030590621342,0.6452068511258937,0.8527382835752306,0.860019101302919,0.7666299636170124,0.8422241792803136,0.740408165962642,0.9073222074226135,0.8392124024772518,0.9291179679746997,0.8664383561643836,0.6587623401039979,0.7664162840106339,0.9339476391945688,0.9073222074226133,0.9536828573969376,0.6551063024726926,0.8202201452691636,0.5275627588107479,0.969757263765453,0.6795004892464531,0.900131290598132,0.8007887412393744,0.9310028073541696,0.7543639716991355,0.568056305766683,0.8476598553448094,0.8955399645501794,0.9298297898147683,0.9231975163531969,0.9001312905981322,0.5389985445009641,0.7733269347415023,0.7681288697670114,0.9817104390433369,0.9261077324693097,0.8509891603010136,0.9098137391625776,0.9641508286701995,0.8467366359143638,0.7029527466030716,0.6565789463325273,0.9121513639211623,0.7730110731649057,0.5757634113106866,0.750895652148909,0.8422241792803133,0.580963567507651,0.8050500444117383,0.849488987006966,0.9459964655745479,0.9176344520056336,0.9261077324693097,0.9795019860868401,0.9176344520056336,0.9218802829549131,0.900131290598132,0.9123594767995962,0.675621066779777,0.766074238853977,0.6789059218019352,0.6832226306729527,0.9354957453078971,0.6009855196040681,0.9024846512059139,0.7834754916086064,0.9123594767995962,0.7780485685454372,0.9043473756357256,0.5685052015061188,0.9325475534270612,0.8130812741567433,0.8282029807009899,0.5841337677734215,0.7783701777629328,0.7200781040031062,0.7261918140028518,0.784283054068681,0.8783842798904287,0.7907746610627939,0.9339524310656602,0.920376187934179,0.7464251633545955,0.9194783163486806,0.8262903628126801,0.9149644520716045,0.5960910862692479,0.6013481455934331,0.9389009867184677,0.8938610275646672,0.9371232414100349,0.6103793466807166,0.9055006816206883,0.8910854332944247,0.8404281005597698,0.8088355852512339,0.8978173148387736,0.8350818158237849,0.9024846512059137,0.9149644520716047,0.9261077324693097,0.8306286611882318,0.9176344520056336,0.8683869765649124,0.9627608040783894,0.6871125008814818,0.3266894300536164,0.9176344520056336,0.8107352897906608,0.5501708949450667,0.8476598553448091,0.8743307438550616,0.8699840321495316,0.2627784971868178,0.8073108575392578,0.6340278250507554,0.9244984590802252,0.9532058268379922,0.7578203503020662,0.5804223792454359,0.9291179679746995,0.3337316919904346,0.949904800799596,0.8440037465855229,0.8529600477548238,0.6001583090949306,0.9146842304664577,0.3851430530455987,0.7153934851415806,0.9048804738246028,0.5931244253919945,0.6454585546268141,0.7638583455883898,0.8124509893605874,0.9322417421501312,0.9176344520056336,0.9738359568456645,0.6432118017919161,0.6982000155310899,0.9149644520716045,0.9261077324693099,0.9098137391625774,0.9149644520716045,0.9149644520716045,0.8683869765649121,0.9176344520056336,0.9098137391625774,0.8494889870069658,0.9176344520056336,0.3752493364999425,0.7475178325435325,0.932241742150131,0.9231975163531971,0.9291179679746995,0.9203761879341787,0.9149644520716045,0.6149265118038885,0.7906205719124983,0.8955399645501796,0.7421654672992348,0.9176344520056336,0.6448679784240221,0.7508842517610115,0.9281278923411589,0.6652711858900795,0.7191200990411399,0.5449614432040268,0.8093111782833922,0.8978173148387738,0.6253961707558595,0.7408315228923602,0.9176344520056336,0.8910305906213418,0.5257016704303575,0.9965036661662361,0.9366960412527519,0.7589393300789553,0.9109192134561168,0.9143869606810531,0.9231975163531971,0.4585784393722805,0.8037373698793302,0.9176344520056336,0.8202213519738353,0.9003383049236544,0.9354957453078971,0.6900129964970287,0.9903850005315029,0.7965588877139695,0.773304350795371,0.9123594767995962,0.7175599139529134,0.6507419943856592,0.9176344520056336,0.9176344520056336,0.8606789940362409,0.7660742388539767,0.28222893394485626,0.6515649286419485,0.8094100415072529,0.7069995293047353,0.6839803729783143,0.7319571482244447,0.8692611468985302,0.7538994440122893,0.9176344520056336,0.8386392613801175,0.9261077324693097,0.9389009867184679,0.5122072652823912,0.932241742150131,0.7261918140028518,0.9176344520056336,0.9176344520056336,0.6521750190988629,0.6454585546268142,0.7590007395834113,0.9738359568456645,0.5897038785944746,0.9375570313374202,0.8825207683757945,0.9113933514105902,0.7511985491255619,0.5706060742598695,0.9176344520056336,0.7107326246304714,0.704224955900048,0.9203761879341787,0.932241742150131,0.8625343546157398,0.8029642652692368,0.6528266442489302,0.668510713031261,0.9203761879341787,0.8549424774214163,0.9176344520056336,0.7189641226043171,0.8429048120828944,0.8368572865027599,0.7904360114000152,0.7924509754075353,0.9048804738246028,0.8458396385168978,0.4364845853139756,0.9291179679746995,0.7868761542855602,0.7766666341458195,0.9098137391625776,0.9550124172403794,0.8743307438550614,0.8889039599111503,0.696694890619078,0.9261077324693097,0.9149644520716045,0.7987808166564552,0.9172640312418525,0.5969506861309891,0.8723322747860858,0.9389009867184677,0.596950686130989,0.9389009867184677,0.9389009867184677,0.7457537563550611,0.8703513274042389,0.8315490164612092,0.9176344520056336,0.9354957453078971,0.9001312905981322,0.9001312905981322,0.5089907476363967,0.9073222074226135,0.9149644520716045,0.884623261684109,0.8280382494458656,0.9203761879341787,0.7380872156669032,0.8664383561643836,0.7134837754282195,0.6773227055966522,0.9176344520056336,0.2867962449654756,0.9176344520056336,0.6778967231627917,0.9354957453078969,0.9377335525576861,0.8932967537832146,0.7586176823817159,0.9176344520056336,0.6832226306729527,0.5757634113106865,0.8932967537832144,0.6851717947095097,0.7189641226043171,0.6966948906190781,0.9261077324693099,0.7501853857899567,0.8897478654628075,0.6851717947095097,0.6780419465589942,0.4661288649779929,0.4748523437329253,0.5425407210716047,0.7143687646059254,0.7328399533003253,0.9100652209918167,0.8867504707956384,0.7386467941323436,0.8422241792803133,0.5651079594987848,0.9176344520056336,0.9149644520716045,0.7439188334429196,0.9521897186266272,0.5522123059156729,0.6378365936921426,0.5985471589817246,0.9176344520056336,0.6570345333236844,0.8417750793709442,0.21145994221143039,0.9176344520056336,0.740408165962642,0.6600626095334563,0.932241742150131,0.8955399645501798,0.9149644520716045,0.7054546392442036,0.8889039599111502,0.7199380117598624,0.8542505818539426,0.8781745275078812,0.7143687646059256,0.5787140997335851,0.9176344520056336,0.8825207683757945,0.9176344520056336,0.932241742150131,0.5057407184048818,0.8124509893605874,0.9389009867184679,0.8804415508981576,0.5835331529362802,0.8458396385168978,0.8743307438550614,0.9176344520056336,0.7671149085936451,0.7290417554992568,0.5909567886670832,0.9409403068620963,0.8625851059964715,0.9261077324693099,0.8783842798904284,0.8763477248373532,0.8932539868674869,0.8262903628126801,0.6550201255678061,0.8932539868674869,0.8743307438550616,0.44675533028303793,0.8141693012543916,0.8932539868674869,0.9389009867184679,0.8889039599111501,0.9203761879341787,0.7683422737356784,0.44823087905285464,0.8763477248373532,0.6538984449635009,0.9112576872105789,0.8625851059964715,0.8955399645501794,0.8606789940362412,0.8867504707956386,0.9149644520716045,0.9369836237218983,0.8281202420167375,0.48572273639148267,0.9937468196155497,0.7493763144367911,0.8845061769360816,0.987590348008459,0.5166618236344364,0.9203761879341787,0.9231975163531971,0.8659812204024,0.8557431981462551,0.8825207683757947,0.6028638381735911,0.9400835244061028,0.9261077324693099,0.9291179679746997,0.9272761983044402,0.9121513639211625,0.7464197170657745,0.9882332279592554,0.8783842798904284,0.8840646298119641,0.5962910579848135,0.9998134958142342,0.9176344520056336,0.8534354006088374,0.5934212949328013,0.5837670955023306,0.8640003271366141,0.918452606417637,0.9291179679746995,0.9846362664950944,0.9540338462292137,0.8889039599111497,0.9098137391625776,0.8341701318948,0.7351687979499354,0.9227565311039088,0.8359212357935641,0.6837002148089263,0.8676240299021565,0.5331381682362606,0.8909474764984288,0.6717071522884093,0.9231975163531971,0.9203761879341787,0.8158904503387643,0.882520768375795,0.7508842517610115,0.8850707526024728,0.7783701777629328,0.7988535226317752,0.7570534784216715,0.9536828573969376,0.7475501965998625,0.8977164148691164,0.7457537563550611,0.8440037465855232,0.7715485738634289,0.7932229991952812,0.9291179679746997,0.8262903628126801,0.6638439299210633,0.8093111782833922,0.9354957453078969,0.9770864862406435,0.932241742150131,0.7374518958671805,0.9291179679746995
p24_KYVISR,0.9146256305430386,0.9288758056186719,0.8688077246092829,0.8621423904215093,0.9384124008873462,0.8995793727310534,0.9624994012598423,0.9606786519927712,0.9849867897269187,0.9517679141853161,0.9775200810036838,0.9364159486136476,0.9364159486136476,0.9394173587034403,0.9350673481556635,0.919862658543626,0.9142011596821672,0.9169296077473634,0.9493347822888889,0.9788198231857259,0.9230976548868548,0.9812252964426879,0.966854861926912,0.9452945222517778,0.938958597343658,0.9169296077473634,0.9836426671336509,0.9919609062430832,0.9788198231857259,0.9160055541189126,0.9487210184868773,0.9447481688519044,0.930701575174463,0.9388586611030838,0.9938077685674778,0.8518092446394379,0.9404624926714931,0.930701575174463,0.9543141322095119,0.9573422906623257,0.9737702747191701,0.9185607716438655,0.9543141322095119,0.893554964686849,0.7098888133138034,0.9174147708455931,0.9425720985427188,0.8793449357816121,0.9165889433486548,0.9906159803016454,0.9940867605460231,0.9720137056577078,0.9596257255045417,0.9288758056186719,0.969568952576612,0.9137287800621363,0.9207305022599919,0.938412400887346,0.971109341616331,0.9607441863599593,0.9800884826873311,0.882858421934567,0.9169296077473637,0.9099317521606789,0.9894382119329368,0.9677921775082317,0.6882614075356615,0.9562562201321336,0.9110325443432024,0.8518092446394374,0.9426999693726406,0.915319368665986,0.8954014960722595,0.9619682366946263,0.938412400887346,0.8623348546394309,0.9720496894409938,0.9298223041589356,0.8836401242914758,0.9543141322095121,0.9775200810036838,0.7706493333804141,0.9106019687464653,0.9169296077473637,0.938412400887346,0.900131290598132,0.0,0.7631344888106661,0.8714181886270882,0.9364159486136476,0.938412400887346,0.8875757640059914,0.9685827185265123,0.9932178814146742,0.9508067898672803,0.9758106996856853,0.8028600427319842,0.8933608835872624,0.95215863740666,0.9262053747380743,0.8379601434210561,0.8803288140439884,0.9507968637523909,0.9086171892384091,0.799030211986764,0.9493347822888889,0.9886846011677117,0.9589935043374591,0.9235944347702933,0.915924880966082,0.7567684816453044,0.9185607716438655,0.9824895597686272,0.9037041980940854,0.9425720985427188,0.9988504763234671,0.8761584938412068,0.9493347822888889,0.9543141322095119,0.9876617285121545,0.9642336140121307,0.8742856561410539,0.9847742533056745,0.9883783616664183,0.912285921223924,0.9418719239116562,0.9404624926714931,0.9913976286892221,0.9902428565647541,0.9693820495180772,0.9012302032764077,0.9425720985427188,0.8717566193418784,0.9726326202607707,0.8120449864979854,0.9906910241769782,0.9470149415225004,0.932921689943951,0.9447481688519044,0.9344681175525122,0.9728032557575015,0.9517679141853161,0.8851624535983154,0.9897304048898968,0.8390081747164055,0.8916043634534065,0.9460262641933364,0.9096442630970052,0.9153193686659862,0.8023156042493033,0.909407560556768,0.8860899491808241,0.9824392059119957,0.8847182735650863,0.8717566193418784,0.9153193686659862,0.8168307744531259,0.997088271205218,0.9316802810566214,0.9625078069904767,0.8491631787538181,0.8803288140439884,0.8589740229104698,0.9279586644981197,0.9068304302001382,0.9555096729069269,0.9913976286892221,0.9737702747191699,0.9285787467702742,0.9652259746115222,0.9833076730146284,0.9364159486136476,0.9137287800621365,0.8375429819165938,0.9008518050676437,0.9776204877676404,0.9843798933538865,0.9807927095444529,0.9084112260793359,0.8919047203852764,0.8930024213743271,0.9257263024824359,0.796574964001588,0.9902428565647541,0.8536161261798889,0.8388940115651083,0.9332937322141,0.9454800327660549,0.9288758056186719,0.9359170749054636,0.9344681175525122,0.9491937056321555,0.9065503917245785,0.9833044121535635,0.9131776986214087,0.938412400887346,0.9404624926714931,0.9607441863599597,0.9115001904163034,0.8505115488480834,0.8992597885323734,0.9559302354841397,0.938412400887346,0.9409410629263287,0.9356644157986449,0.9517679141853161,0.938412400887346,0.9535215586917305,0.9693820495180774,0.9510444518769681,0.9579448884552954,0.9162029289476572,0.848276419581927,0.938412400887346,0.9824392059119957,0.9384124008873459,0.9891292318748213,0.9301302345765381,0.9004164175634485,0.938412400887346,0.9819912974428575,0.938412400887346,0.98824385991876,0.9775730833954647,0.9555096729069269,0.9620242791810867,0.998394872319517,0.9684806827942497,0.934468117552512,0.921891580360551,0.9812252964426879,0.7793561304895641,0.9389187007150983,0.9761289800255135,0.994086760546023,0.930471941443094,0.8675074564961303,0.9873739670043862,0.969767425309841,0.8863540129799101,0.8972500807670709,0.9325645805415597,0.8154708889081049,0.9344681175525125,0.938412400887346,0.8241233060064097,0.938412400887346,0.7973195980149672,0.9693820495180774,0.9329216899439506,0.9529366743750116,0.9839890484353477,0.9404624926714931,0.9970882712052178,0.9235944347702931,0.8234512621212564,0.9775200810036837,0.9115644070854612,0.9425720985427188,0.7962779506613695,0.8997253355509449,0.8365351316003187,0.9364159486136476,0.8623126901075593,0.8867072864081954,0.9543141322095119,0.9719177107442769,0.8227962496162917,0.9185607716438655,0.953270574735855,0.7598008302903176,0.9447481688519044,0.9446429549289366,0.9589935043374593,0.992245817179451,0.9493347822888889,0.9159248809660818,0.9613926330173348,0.814811678145442,0.9454800327660549,0.9493347822888889,0.9237035112910972,0.9682630680245692,0.9469990271543745,0.9083753558180288,0.7848674221395784,0.9425720985427188,0.9388586611030838,0.8622415158560883,0.9344681175525122,0.9425720985427188,0.7032297266306957,0.9333923569885567,0.9843798933538866,0.8035724714228696,0.9806788482162221,0.8610478913106774,0.9602465719103122,0.9180945689966622,0.8400061283921276,0.8745660213523151,0.9344681175525125,0.9940867605460231,0.9758896836963558,0.9083753558180285,0.8803288140439884,0.9573422906623259,0.8986853937484471,0.9699084796966337,0.9245613707051723,0.9939911073487692,0.9803514991914477,0.9895556740609545,0.9253688519211307,0.932252974743071,0.7705830352988514,0.9520770374064558,0.9517679141853161,0.938858661103084,0.933316065142574,0.9723979705743823,0.76226275576846,0.938412400887346,0.9447481688519046,0.9873739670043861,0.869589803466746,0.9493347822888889,0.9469990271543745,0.848276419581927,0.938412400887346,0.8015116294576092,0.9493347822888889,0.9543141322095121,0.9609356788097783,0.8961336560543351,0.8148116781454421,0.9940867605460231,0.9470641338896126,0.8867072864081954,0.9389585973436582,0.9307015751744632,0.9837689039501409,0.9425720985427188,0.8375194253623393,0.94083091980188,0.9776172307537023,0.9697330058338494,0.9726326202607708,0.9750697052651943,0.9866007010520571,0.9126936452797437,0.9142011596821673,0.9364159486136476,0.8664920815563748,0.8448782725245797,0.910340733421104,0.8637801221099435,0.9748627870123721,0.938412400887346,0.9789280600778181,0.9369836237218983,0.8707049024876197,0.900131290598132,0.9788198231857257,0.9906910241769782,0.938412400887346,0.938412400887346,0.915319368665986,0.9821034579526184,0.9857848720458375,0.9384124008873459,0.8399952979278097,0.8954014960722596,0.8621423904215091,0.8753619326452873,0.9928755896689774,0.9507968637523909,0.8967815616097227,0.8877752682100511,0.9454416411889628,0.9359992031269355,0.938412400887346,0.9135169539046761,0.8097047395623012,0.9430683525311456,0.9701287638795579,0.8967815616097227,0.9388015707402724,0.9425720985427188,0.9199143187375711,0.938412400887346,0.9112007224209061,0.8268936857095678,0.9349138804345933,0.9589331338639621,0.9404624926714933,0.9818976616271808,0.930701575174463,0.938412400887346,0.936549554387319,0.9728032557575015,0.938412400887346,0.740239508426759,0.8705684179263122,0.9892306349084341,0.9941427697706342,0.8800276452998836,0.938412400887346,0.9463610255241098,0.9300732343522713,0.7351871682821827,0.9210456418073851,0.9816229401553651,0.8874576548572417,0.9909502767776959,0.9071848392302598,0.9425720985427188,0.9400658022383341,0.9510444518769681,0.943218574940366,0.8993383238428319,0.7627895842495018,0.898226305118659,0.921891580360551,0.9447481688519044,0.9976781567382803,0.938412400887346,0.8518092446394379,0.9130812730632976,0.9366735852030655,0.9747821421515683,0.9655033215314223,0.9607441863599593,0.9812169336410246,0.9975839852098576,0.9868619655962765,0.9298223041589357,0.8954014960722595,0.7786756435711466,0.8818820891501593,0.8862575327655299,0.9493347822888889,0.9158533937000453,0.9094075605567677,0.9288758056186719,0.943218574940366,0.9539149903410244,0.9720496894409938,0.8399952979278094,0.8529552984475006,0.9190584395707704,0.9789319557752636,0.9619687983522076,0.981225296442688,0.9473257685964236,0.998394872319517,0.9388586611030838,0.9623912027223392,0.9796876208510955,0.9202142532643907,0.9623912027223391,0.8821245273141883,0.9090636753073356,0.8669466104824921,0.9381146530666427,0.9842629902449547,0.9142011596821674,0.8714434875280936,0.9206324860170056,0.9780548428444061,0.9643765980294188,0.898255293374005,0.9732081352256674,0.9775200810036838,0.9469207829576383,0.9643765980294188,0.9224199973554131,0.8447678414565514,0.9393618431817528,0.9329138271266539,0.9065503917245785,0.805050044411738,0.8985526801638483,0.9843798933538866,0.9142741439792961,0.8688077246092827,0.9469990271543745,0.9190584395707705,0.9836426671336507,0.9652792462742585,0.9329216899439507,0.9493347822888889,0.9323069519744982,0.9414884353549027,0.894409087337305,0.9559302354841394,0.9364159486136479,0.883640124291476,0.9775730833954649,0.9325645805415599,0.9620943400001074,0.938412400887346,0.9469990271543745,0.938412400887346,0.938412400887346,0.8775479624637765,0.9218915803605507,0.8002491064399089,0.938412400887346,0.8894139617042871,0.9285396318135284,0.850288028604407,0.8152184028797156,0.9711143145838557,0.9951364972067693,0.820438028124604,0.8820255041972336,0.9065585053045615,0.9307015751744632,0.9214745861311223,0.9469990271543745,0.9738359568456643,0.8889285108945424,0.9824392059119957,0.8926496087949566,0.9197042164521496,0.9868619655962767,0.8805626529774464,0.925875451020248,0.9678026756638032,0.9425720985427188,0.8634130271408585,0.9812252964426879,0.8209910681060815,0.921891580360551,0.9189802351550962,0.9466763852073139,0.8860899491808243,0.9668548619269117,0.903057155962083,0.8212957849062243,0.8877752682100516,0.9975839852098578,0.9315204524190159,0.9054156736579473,0.9172788069742579,0.9940867605460231,0.9895258967473566,0.9325645805415601,0.9938965022350059,0.9532826472864177,0.7944495116308203,0.8717781558898188,0.9508067898672805,0.9543141322095119,0.971109341616331,0.9820291849056924,0.8820255041972334,0.9775366008450719,0.7943252399774148,0.988684601167712,0.998076166175212,0.938412400887346,0.9447481688519044,0.97158786042076,0.9507968637523909,0.9647865548213017,0.9720496894409938,0.7511687941849031,0.9910116109880958,0.9818976616271808,0.988181856506727,0.8591571271495142,0.9517679141853161,0.9163302989466369,0.8821245273141879,0.9193759358744265,0.9607441863599593,0.9695689525766121,0.8332522392621036,0.9224199973554131,0.7706493333804143,0.8618253437762453,0.9692660915153262,0.9392193100242501,0.8878736175094184,0.9120600632071978,0.9685827185265123,0.9913976286892221,0.9090636753073353,0.9788198231857259,0.8473272854196257,0.9975839852098576,0.9301302345765381,0.9220737026051957,0.8701112326985441,0.9364159486136476,0.9606786519927712,0.9910081251930357,0.8265261252013358,0.9959507353683861,0.9425720985427188,0.9738359568456645,0.9919609062430834,0.9946231749394499,0.8277286493146441,0.9719642951540399,0.9235944347702931,0.9083753558180286,0.9270843653068204,0.9902428565647541,0.994086760546023,0.9726326202607706,0.938412400887346,0.912060063207198,0.9742312550591598,0.993460831448865,0.9407634795537994,0.9384124008873459,0.9457653784365196,0.9677921775082317,0.9530007332467463,0.9007798745624751,0.8833742009912295,0.9601639163785549,0.942315634244266,0.9502558095024688,0.9529366743750116,0.7793561304895642,0.8705190875248372,0.9885703464886242,0.9469990271543745,0.9799759007960185,0.9207305022599918,0.76226275576846,0.669958106726891,0.9543141322095119,0.8839433174378551,0.9344681175525125,0.9726326202607707,0.9288758056186719,0.9137287800621365,0.8954014960722596,0.8881055329138738,0.8890122180890281,0.9493347822888889,0.9384124008873465,0.9253246753246755,0.9093677670715288,0.9519241740972377,0.9364159486136476,0.7494264781377339,0.9652792462742584,0.9364159486136476,0.9364159486136476,0.9388586611030839,0.938412400887346,0.9836426671336507,0.977573083395465,0.938412400887346,0.9202142532643907,0.8601010410207586,0.7855239202822132,0.9425720985427188,0.9469990271543745,0.9404624926714933,0.9364159486136476,0.9915585362993657,0.9332937322141,0.9432185749403661,0.8324310788092018,0.938412400887346,0.9100884525218184,0.998394872319517,0.9914610572055534,0.9882530910665823,0.9750104233747737,0.9843798933538863,0.6596870595599551,0.9694100907323093,0.9693820495180774,0.9235944347702933,0.7846107607119962,0.8972500807670707,0.9428152611847684,0.8529922656154152,0.8799089699616287,0.9270843653068206,0.9843798933538865,0.7905201773596359,0.998394872319517,0.9100884525218181,0.859081712099725,0.938412400887346,0.9507968637523909,0.9150889707332175,0.9517679141853161,0.8960645280508206,0.9652792462742582,0.9270843653068204,0.9831926995272839,0.9607441863599593,0.984952952453262,0.9994969546154283,0.938412400887346,0.938412400887346,0.961392633017335,0.932378041780874,0.9220737026051956,0.9568091916123542,0.8888308259151545,0.9699084796966337,0.9568907017963273,0.9486717118474561,0.8643990948144237,0.9366735852030657,0.938412400887346,0.9920340456796233,0.9447481688519044,0.9543141322095119,0.9438229086033587,0.9493347822888889,0.9685827185265123,0.938412400887346,0.938412400887346,0.9176567269866607,0.9384124008873462,0.9552502386184857,0.9720496894409938,0.9895258967473565,0.8780124908814335,0.883943317437856,0.9304719414430938,0.8988858889968119,0.9230598069759267,0.9384124008873459,0.8863540129799098,0.8760233983456223,0.9452945222517779,0.9180945689966619,0.9602459508854942,0.9841452571382636,0.8916043634534065,0.8419023775355046,0.9404624926714933,0.9329173736994583,0.938412400887346,0.888207414502759,0.7681977112879721,0.9737702747191699,0.8489945637528106,0.9447929103640857,0.9248999189762372,0.8847289094375663,0.9690211032487324,0.9469990271543745,0.8406398513598701,0.9932234252413095,0.9836426671336507,0.9788198231857258,0.8621423904215092,0.9169296077473634,0.8940907711008594,0.994086760546023,0.9364159486136476,0.8495413835116428,0.9207305022599921,0.8972500807670707,0.7520073121137837,0.9543141322095121,0.9945519661064195,0.9543141322095121,0.9726326202607706,0.9547238348047908,0.9407634795537994,0.9384379605067438,0.9938077685674778,0.9788198231857259,0.9345002823263695,0.9253246753246755,0.930528023876605,0.9805663112989256,0.9902428565647539,0.7965749640015881,0.871418188627088,0.9404624926714931,0.995547386337904,0.9738359568456645,0.8591705443298994,0.8784571173829215,0.938412400887346,0.9180278279290822,0.9384124008873462,0.9690555914915182,0.9517679141853161,0.9185607716438655,0.9914610572055533,0.8080969078491066,0.938412400887346,0.8591571271495142,0.8990278748450162,0.9202142532643909,0.8847277248410392,0.8636204737721365,0.8699142505728488,0.9447481688519044,0.8821176742370869,0.9074487775611981,0.8847277248410395,0.9761792971054084,0.9432185749403659,0.8860801654153679,0.9543141322095121,0.9881818565067269,0.8400061283921278,0.97175624865864,0.7064743333669562,0.8799089699616285,0.9873739670043861,0.988412314501026,0.8400061283921282,0.9364159486136476,0.884362987598365,0.9553802235749372,0.936549554387319,0.9668317514115881,0.9623602864387384,0.938412400887346,0.8626046900958126,0.9414675996096098,0.9394173587034406,0.938412400887346,0.9065585053045613,0.9197042164521494,0.9493347822888889,0.966854861926912,0.9364159486136476,0.9820291849056926,0.9549820389811021,0.998764077135308,0.8793453228405238,0.9409711235272433,0.9881818565067269,0.9124970646750548,0.938412400887346,0.8431633153910727,0.938412400887346,0.9493347822888889,0.9535215586917307,0.9475105553701295,0.9543141322095119,0.9508067898672805,0.9039931548990017,0.9842629902449547,0.9394173587034405,0.938412400887346,0.9950537751627356,0.9730233010527125,0.8963217257122413,0.7736775792563317,0.933316065142574,0.8105915487398061,0.9090636753073356,0.907540871911573,0.9351366270846035,0.8701112326985438,0.9384929584908884,0.9351366270846035,0.9394173587034405,0.9447481688519044,0.8904552749271517,0.9351366270846035,0.9543141322095119,0.9122859212239242,0.9452945222517779,0.9625078069904768,0.9364159486136476,0.907540871911573,0.9472987124405254,0.9601639163785549,0.9693820495180774,0.9881818565067269,0.9613926330173348,0.9573422906623259,0.9902428565647539,0.9720496894409938,0.986721612088708,0.9833076730146282,0.9454800327660549,0.9222105570349484,0.9629949085780776,0.9228716770826351,0.915319368665986,0.9404624926714931,0.9425720985427191,0.9897224478284307,0.9947821873645775,0.9655033215314217,0.9247233194846389,0.9115001904163031,0.9447481688519044,0.9469990271543745,0.9578966248224178,0.9106019687464648,0.9451592660262593,0.9524593769068034,0.9883783616664186,0.9968641222380945,0.9694100907323095,0.9466763852073139,0.9938077685674775,0.9480283064012623,0.9939978319683325,0.9297484119999462,0.8793449357816119,0.8948181770968855,0.7351871682821824,0.9120600632071979,0.9620242791810867,0.9169296077473634,0.9652792462742582,0.8481691045286435,0.9943104640015846,0.9273614004407342,0.9102254729003006,0.9270843653068206,0.9602465719103122,0.9364159486136476,0.9166703059283963,0.8979878683754878,0.9393618431817528,0.9404624926714931,0.9510444518769681,0.9121566723282282,0.8212957849062245,0.9965533049210543,0.9682645906597054,0.9660351120311094,0.9868619655962765,0.9607441863599592,0.9702477081758492,0.7706493333804141,0.9473257685964236,0.998394872319517,0.9084801312614037,0.9472987124405255,0.9469990271543745,0.9766700147113563,0.9512151482311079,0.8310515371750485,0.9517679141853161,0.9625078069904767,0.9493347822888889,0.9505340808752232,0.9894382119329369
p24_L,0.9466539213586753,0.8745649354471421,0.8498345036951191,0.9004472787052864,0.7969095271386524,0.8550872530468148,0.7553080429130903,0.8660001231750869,0.6767072855646162,0.8470108069580575,0.8422324086005257,0.8974867024478194,0.8421779795631059,0.7019415513043818,0.8520856218230812,0.9973982386920586,0.9960359344026932,0.7365058536917064,0.9414582284814823,0.9183339377987378,0.9895225432163537,0.7871401483953782,0.9705485515197344,0.8404977116318593,0.8282616633751725,0.6712287575866582,0.8123411346234963,0.7595430325708611,0.8826723723783978,0.5997432223392103,0.6975827304925293,0.8610108924581207,0.8570458956727542,0.7760068868141411,0.8253697077132105,0.9414582284814823,0.8991917165788903,0.8314271579725276,0.8550872530468148,0.7961679478198787,0.9410429151814645,0.923797563666464,0.8071231748299154,0.735776707291788,0.9173095916401799,0.9392958081559859,0.8178422485024104,0.7714617987822613,0.7313982749191235,0.6495193090649372,0.9190179585155585,0.8842141964395673,0.6712287575866582,0.7994400747107184,0.9851395841738868,0.7420909390556754,0.7688775090217483,0.8046479448175341,0.7594166262391209,0.8459731339328604,0.6050349631753519,0.835284040190438,0.8905863089650424,0.9410429151814643,0.8318841922523381,0.5042294736726707,0.9190179585155582,0.9083158055901507,0.8840137243061186,0.8733481182086196,0.7168077193433275,0.7072645599409964,0.9469488476903254,0.5675768440442014,0.8046479448175341,0.9201389880111386,0.756752319495093,0.9402541312719965,0.6361071161261049,0.8550872530468148,0.9647595619398641,0.9057479011130325,0.7164349741463434,0.911991894794413,0.8046479448175341,0.6832226306729525,0.7631344888106661,0.0,0.592146447130758,0.8259696831286127,0.8046479448175341,0.583866216723897,0.6177252327984795,0.5924857862449701,0.8403698644072068,0.903623658757053,0.6065398412535867,0.9589671406138257,0.8290422108311999,0.6221532253229879,0.8326642331855625,0.8178422485024099,0.804647944817535,0.8331420171794719,0.7712412045047141,0.839293063072188,0.6430226419692497,0.6991178213146765,0.8421998472171874,0.7326745963864589,0.6961237741807667,0.7862828222369784,0.7289181325152916,0.6870595655698055,0.9088294956035705,0.6971408316128871,0.9246481759380898,0.9074031733450507,0.8821875241906422,0.7336815725178234,0.899181562798901,0.604577926128109,0.7576462727878213,0.8134283037091108,0.9777991602079281,0.5564785232466208,0.8698447141053747,0.9857912114505165,0.9527954253325329,0.9923867006416571,0.6338475055140086,0.7878796807258948,0.856169058793752,0.9676837770879045,0.7860990203693254,0.7059675296273094,0.8204685863769613,0.9867086919017328,0.8875935086546547,0.8190550279834292,0.9640062597809077,0.8470108069580573,0.7812340752774908,0.9183697361536813,0.5979795216495212,0.7560946248541406,0.8452268310641657,0.7241388676590481,0.9447533605770998,0.6075746851241277,0.8470108069580577,0.8456697226606809,0.7284831104378533,0.8503886616908116,0.9190179585155582,0.7504443418748329,0.8036449474171754,0.7612585357069435,0.9493268093940133,0.5894694525679569,0.678001626422046,0.9694876603376774,0.8376807489713898,0.9726220648312478,0.9765059822327862,0.7348183985081473,0.8638186748614923,0.6950581033125338,0.849792909940636,0.849209050346576,0.9202978514453768,0.9642414903403969,0.678304214891861,0.6913730005886798,0.866856144024651,0.837048394903205,0.9414582284814821,0.9459608074133452,0.8087363469529099,0.624102478052428,0.8539342337456196,0.7216513923293872,0.917713198737315,0.8536240445709697,0.9035399234938235,0.7052737945400054,0.6389242327641067,0.9789796049021333,0.774398454465244,0.9715715556130083,0.8998093458317236,0.7274308857280448,0.7679842569794824,0.6459150894510791,0.9652601091722732,0.8046479448175341,0.840497711631859,0.8190550279834297,0.7494514588091175,0.9572419192263502,0.7121000824699293,0.8536240445709697,0.8046479448175341,0.9293564678148369,0.6826287070949213,0.8826723723783978,0.8046479448175341,0.9258555767090528,0.7144452939198016,0.7226436233053508,0.888747275009061,0.9735817449477773,0.798315321686256,0.8046479448175341,0.970617166419184,0.8046479448175361,0.7933544019837796,0.9090697058973973,0.905963206414473,0.8046479448175341,0.8627447547967052,0.8046479448175341,0.8059207832947601,0.7502310709435669,0.6786363352947036,0.9995198738172921,0.8178422485024102,0.7078528430863404,0.8459731339328602,0.7753454676351303,0.9487975961727895,0.8105663352174177,0.8800623190523402,0.9483404312822902,0.981866858237364,0.9769621475288917,0.8915765908967461,0.944507374685851,0.9588244137676485,0.9553278464120762,0.6588570125754283,0.9173095916401801,0.5592525054476531,0.9386820184716881,0.8046479448175341,0.8709733113700242,0.8046479448175341,0.737505570261217,0.8593778824400198,0.9238597921799269,0.8680256563622739,0.6834334721422946,0.8111507091583434,0.8719583374376287,0.9363537013336558,0.5880008637608496,0.8667378392683933,0.6587412471051394,0.8178422485024104,0.5918057852014884,0.6698757169935524,0.8551795288487675,0.8259696831286127,0.995165683932139,0.7476472697588843,0.8550872530468148,0.6577089137041779,0.6704778024186955,0.8085843310136369,0.87526131039286,0.6193972778461352,0.981866858237364,0.9761004270810978,0.969214471362325,0.6816628833125145,0.839293063072188,0.5678986027252261,0.7986017120665411,0.8376807489713896,0.8379216904296074,0.839293063072188,0.85244358751725,0.6329801756272311,0.8318841922523379,0.935267786987258,0.7416426967845624,0.8178422485024099,0.661117857168708,0.6671389407379309,0.8998093458317236,0.7575505983588415,0.9088294956035703,0.7535148116128416,0.8392930630721884,0.607650214359186,0.8607045270541065,0.9421678670673338,0.9073827152915204,0.8392930630721884,0.804647944817535,0.7961679478198787,0.7921369220339984,0.8561690587937525,0.6894315479294664,0.9841120784170854,0.9998167427047309,0.7529881658860427,0.853179804593267,0.7378201635534836,0.8717850519923986,0.9308567740684632,0.6768525210438563,0.9168096554241469,0.9444222410233809,0.6960072760485122,0.974681365940242,0.8457859527760433,0.9539955032190779,0.8218815094268441,0.9923867006416571,0.9070774825874224,0.9395250925611623,0.8046479448175341,0.7667375428754116,0.8270859930850443,0.7365058536917068,0.839293063072188,0.8415528243880602,0.8536240445709697,0.8046479448175341,0.757646272787821,0.8733481182086196,0.892619427727178,0.9233255769726774,0.785599068002492,0.7469245461158656,0.9504424083764611,0.785397800849356,0.7349721933234052,0.9224155174916413,0.7330543011236224,0.8161121621161054,0.9694876603376772,0.737710543598997,0.8344361316093518,0.7748523811162205,0.8095245912163367,0.9197196988710054,0.6919732163082939,0.6878443081738388,0.7427113106726289,0.8123411346234963,0.8259696831286127,0.8932623949501521,0.8765304502108433,0.6547831023824587,0.6244053554912945,0.7153876533339338,0.8046479448175341,0.6662920527268332,0.8914903088455381,0.7312476454124122,0.815756607691871,0.9896570686394179,0.8230429668156279,0.8046479448175341,0.8046479448175341,0.7961679478198787,0.9303252863817565,0.8112648439266654,0.8046479448175361,0.8826723723783978,0.804647944817535,0.9004472787052863,0.9603385812328948,0.8050074325743967,0.8822900688623265,0.72683180681987,0.7631344888106664,0.7754122331766213,0.781936893617906,0.8046479448175341,0.9687546084618698,0.6786363352947036,0.6625061524041571,0.6763894368998957,0.807257576837769,0.6675445582684345,0.7575505983588414,0.6554924328600977,0.8046479448175341,0.650194794479624,0.9119918947944132,0.6726675923580291,0.8415295577152104,0.9834202735270471,0.846698095268235,0.7801896825720747,0.8046479448175341,0.7572568929822524,0.8139950816007149,0.8046479448175341,0.907789789360143,0.9675107562719157,0.9839113706600584,0.7129187214117916,0.6524936544205382,0.8046479448175341,0.8717658096972223,0.679633641607782,0.8645404905882981,0.5626321905451417,0.787623047836868,0.6808886381336023,0.7929947984479271,0.8092109032972021,0.9088294956035707,0.9027049260340397,0.6922597210429221,0.7753454676351303,0.7263138646640898,0.6578805459408426,0.9691997961620726,0.913948729914295,0.8875935086546549,0.7803773639673837,0.8046479448175341,0.9563766061092239,0.8212763536415839,0.8623178251524785,0.9372187153886652,0.9099283016803432,0.792136922033998,0.9746499949302172,0.9285387190524061,0.792136922033998,0.9647595619398641,0.8331081253920931,0.9751853430800136,0.9597647793433575,0.680793779031962,0.956376606109224,0.7251567084320601,0.882672372378398,0.9000604823435906,0.9370492736274891,0.9041031904813261,0.9311741059036505,0.8826723723783978,0.8938488122174315,0.9655439310201539,0.8498345036951185,0.9200918748969285,0.7871401483953795,0.8374243451983652,0.9698541749282157,0.6994142003838522,0.7770530406021772,0.9216877875074122,0.8603697996852706,0.9113661976971776,0.8667378392683935,0.6568336500093328,0.6687560550936746,0.7514717437048324,0.8218698942970004,0.9960359344026932,0.5708020807007357,0.7352364238709115,0.9804492848541707,0.8219834903203962,0.8215465550615184,0.7228955962244239,0.9372187153886653,0.8923247844675415,0.9808068453175629,0.85937788244002,0.5369969034342543,0.8178422485024099,0.8760470725784701,0.7554315909219804,0.8536234582687048,0.9410429151814648,0.9904316612456553,0.9212850071042877,0.7903260492261699,0.8971967889242585,0.8906345134022291,0.8385832488776672,0.951479837088965,0.9867086919017328,0.839293063072188,0.7726792232259136,0.745299192404336,0.901101391581294,0.798315321686256,0.8421779795631059,0.7618231630546709,0.99292958577844,0.8123411346234963,0.7479885443525367,0.8046479448175341,0.8318841922523383,0.8046479448175341,0.8046479448175341,0.5846555392092286,0.752244923921936,0.7644369946041274,0.8046479448175341,0.7672783781939712,0.7358083594188798,0.7852601739808569,0.8070704064372323,0.9983460951546341,0.9445811667324961,0.6638859123108194,0.9380712437133425,0.6718419361841923,0.8826646333729808,0.8745631346174954,0.8318841922523381,0.673040909520874,0.7427113106726289,0.8545082375942987,0.7115556025011194,0.9123854650252072,0.8998093458317238,0.6604745814393486,0.9298530872602186,0.6165299238658495,0.8785004132365173,0.7164109938154191,0.9071684463189382,0.9200918748969287,0.8319452892405702,0.5673778975463427,0.7871511343332942,0.7597287371302055,0.8781463766669582,0.9781697238107209,0.9698541749282157,0.7871401483953799,0.8404977116318593,0.8346151610780277,0.7403151857118784,0.901486175819133,0.8561690587937525,0.9898082882932451,0.8385832488776677,0.8107106931980578,0.575627115750367,0.8536240445709697,0.6258797709109685,0.7465138347232505,0.9301516024075414,0.722383718140446,0.7120406286297262,0.9948308239433392,0.7862327498989474,0.8591571271495144,0.871580328361003,0.9176035674699735,0.8046479448175341,0.8875935086546549,0.7969977413798236,0.861568305966651,0.944775725899246,0.8831627867342262,0.9386820184716878,0.8197140493637296,0.8848602390131945,0.9139487299142952,0.6413294582308682,0.8826723723783978,0.8311269793333571,0.9157487006041287,0.8036564984492417,0.792136922033998,0.9339021087734336,0.7424617667779767,0.7482013197512773,0.7923026475436274,0.90144891386012,0.5482727030432946,0.6310050642126674,0.9336588605073528,0.9942150538949934,0.9116083276803564,0.7807137836941633,0.7179572707341282,0.847010806958058,0.8753385904334068,0.9872327239994372,0.8832677964692262,0.954845726799172,0.8452268310641657,0.8259696831286127,0.6942282202133594,0.7254014701048246,0.9676837770879045,0.8058174774249824,0.8788669278270553,0.8346900329802878,0.8659098793395152,0.8977903661202704,0.9544390479457725,0.7523046829843159,0.9930309080789925,0.6902593120507328,0.793221547264789,0.9089327674556831,0.8561690587937518,0.9301516024075414,0.8046479448175341,0.7644369946041278,0.9677821373254636,0.6300714256715145,0.7312476454124126,0.8046479448175361,0.8659194293548897,0.7780767858057507,0.6565995544936356,0.7019415513043823,0.9851353800125302,0.7716085369388772,0.5988610248023147,0.7145171857674337,0.9224611170473793,0.7246253496869421,0.6994663221356381,0.7663353393069401,0.8645404905882983,0.6928901283984086,0.7263530262458722,0.8785004132365171,0.6926130384069065,0.8926194277271777,0.9015097943883446,0.7921369220339982,0.9301516024075411,0.7748523811162193,0.8539264745735007,0.8046479448175348,0.8991910029894871,0.9489257195187267,0.9223215509727928,0.9961307911605586,0.9791854250730745,0.6327671432608686,0.6155557609116105,0.8259696831286127,0.9190179585155582,0.8123411346234961,0.8259696831286127,0.8259696831286127,0.8218815094268439,0.8046479448175341,0.8123411346234963,0.7123650747792137,0.8046479448175341,0.746924546115866,0.6885880507168687,0.9223215509727928,0.9088294956035707,0.9298530872602186,0.8698447141053749,0.8259696831286127,0.6328811120127424,0.5983139442982279,0.8550458329537644,0.7044170372528427,0.8046479448175341,0.7990431157916686,0.9391585779706237,0.8673615917481577,0.5438466093810478,0.7348241177667563,0.839293063072188,0.8111507091583436,0.9694924445498756,0.8593778824400198,0.8518001269042899,0.8046479448175343,0.8223190282104378,0.834444169747877,0.9420772133917099,0.8716140639631479,0.8667378392683935,0.9904316612456552,0.7745780568529603,0.8481713308694638,0.7817075075891775,0.698161617358947,0.8046479448175341,0.8615683059666508,0.9931710699320808,0.8470108069580577,0.7235185672175501,0.8910674773860092,0.9372187153886652,0.5923673014560229,0.792136922033998,0.6405067077933508,0.72848304392181,0.8046479448175341,0.8046479448175341,0.7429193793641713,0.5795630890535204,0.6425666791409195,0.7717609289386792,0.7445447162227832,0.8374259321202522,0.8109800177592326,0.6758637453539256,0.7416798046836623,0.6387390849667227,0.8046479448175341,0.980734713765004,0.8875935086546549,0.8550872530468148,0.7830945223599697,0.839293063072188,0.593590463139029,0.8046479448175341,0.8046479448175341,0.672993310842189,0.8900284865412091,0.7513077018908608,0.9071684463189384,0.7334255885981122,0.9441641726130345,0.9099283016803439,0.8918459528076785,0.6771363274268549,0.6642225006376865,0.8046479448175361,0.7482013197512769,0.6529783990823548,0.840497711631859,0.9414582284814823,0.8975575984142881,0.8314083728588056,0.6561757451616912,0.6832226306729525,0.8073382586859537,0.9878142736187436,0.8046479448175341,0.5928406450540629,0.7210894812497863,0.7473763231178907,0.6817488671455874,0.9628803298704303,0.8745649354471419,0.8542618678405643,0.7320156733797143,0.9395217193959406,0.7199685298862879,0.6928348340689592,0.9435517058943512,0.9033582350995621,0.9599989969255578,0.9558634050700896,0.5393707559952754,0.8247446089328487,0.7983153216862557,0.7982160597583569,0.8058776632194897,0.9890838722435524,0.8932623949501519,0.9676837770879048,0.9334955908991813,0.9197196988710052,0.9676837770879045,0.709664611484238,0.8668528731082839,0.6448596549806288,0.9676706105860006,0.974681365940242,0.7871401483953784,0.8767806174186532,0.8263901524761503,0.8314271579725281,0.9804497867748897,0.8751887159614387,0.8215880056873635,0.8111507091583434,0.8665077388041615,0.7778897571150376,0.9503972334475205,0.8794971098994029,0.8046479448175341,0.5995114100751453,0.8538298882877684,0.6826287070949217,0.8470108069580575,0.9684005812197803,0.7085382367509921,0.8226463544305931,0.8046479448175341,0.7276622699157917,0.6976951127413291,0.8900506424620384,0.6604011468816351,0.7065277495984383,0.6635811672095846,0.8875935086546551,0.7550144328354782,0.9022131561094184,0.7591555684781023,0.5964358442312606,0.7753454676351306,0.5269774816050559,0.8550872530468145,0.9139487299142952,0.861568305966651,0.8538606346042129,0.9663432515440182,0.6780997432518647,0.8774094423425336,0.6929722502834983,0.9469488476903252,0.8259696831286127,0.6332184916086945,0.8764165833137949,0.6647001687236875,0.5892533894177804,0.6155748207909537,0.8046479448175341,0.6757717351741288,0.9424350237881982,0.7019415513043818,0.8046479448175341,0.6330535827299493,0.805808420272301,0.839293063072188,0.798446011348324,0.798315321686256,0.8420126580909189,0.9997349153457663,0.9603385812328951,0.8539264745735007,0.9971469420919314,0.9832503610538774,0.6781036533545803,0.8046479448175341,0.9937335923164823,0.8046479448175341,0.8733481182086194,0.7549222054279998,0.663409141788301,0.8550872530468148,0.7671696497667275,0.8796263611330399,0.7178962940037499,0.7813438422647436,0.8046479448175341,0.8167644124271454,0.7983531073160044,0.9426086406743563,0.8134283037091106,0.7667307468660669,0.9552842420408301,0.7115556025011196,0.9916779981174831,0.8846372337439967,0.6720464044829191,0.7381967098901092,0.8846372337439967,0.7223918392329947,0.8247446089328494,0.9572763406274858,0.8846372337439967,0.8550872530468148,0.8461846293808986,0.9872327239994374,0.8463135030905395,0.8259696831286127,0.9313586706040587,0.7696135968297468,0.7903260492261702,0.9182689921824955,0.9832503610538774,0.651888461324371,0.9879331425109367,0.952795425332533,0.8831627867342264,0.8057613841973421,0.7019415513043823,0.8545670272176311,0.7087844685622502,0.9482876126908999,0.9446823772268966,0.8177578387867972,0.8698447141053747,0.8785004132365171,0.7292995530817782,0.9090467429047466,0.9727822696574473,0.9099283016803432,0.7219011012917156,0.8247446089328485,0.8645404905882983,0.7867593842871035,0.6432347595058656,0.9567699465422619,0.9381088635587097,0.9560500854002987,0.9270573081540348,0.8518001269042899,0.7101878030548364,0.918488667115767,0.6776448893844613,0.5891628361360617,0.6650721558487984,0.6227797063106221,0.7520130892353474,0.8971967889242582,0.9483404312822902,0.7972558073929421,0.6712287575866582,0.9173095916401803,0.7990582343202524,0.9410429151814648,0.8615760055532997,0.810444913907227,0.7687161165969227,0.9595859017342736,0.8812784060133265,0.9846003790535591,0.8056422551519857,0.8481713308694636,0.8698447141053747,0.7530275255677794,0.629142599820893,0.8785004132365168,0.9352677869872579,0.7133813214772204,0.8714113349834902,0.8728912398822923,0.7921369220339982,0.6001082554041459,0.8603697996852708,0.7096646114842384,0.8178422485024102,0.7405712191626744,0.7923026475436277,0.8645404905882983,0.6877900796266694,0.9200918748969287,0.8111507091583436,0.8826723723783976,0.7608661843455111,0.9074031733450509,0.9028760839027306,0.8318841922523383
p24_M,0.9557373143866108,0.8775328023580431,0.9042973512680643,0.9832806424468286,0.9305175527166338,0.9695535385776712,0.9493656386899163,0.889516127997103,0.9295177260723406,0.6248918466796046,0.7477549404254631,0.9318408493486936,0.967369477483469,0.8381997656144695,0.8663075365847281,0.8510497915283031,0.8838844233706618,0.8569629050326473,0.9565125146369124,0.9169502243571086,0.902572313932593,0.7276488154760709,0.9861023711265688,0.6500775794459988,0.7989125516244425,0.8851446183863341,0.883884423370662,0.9699071319862731,0.9169502243571084,0.9543679478284952,0.9219466081919556,0.9740203020994681,0.913589938650891,0.8305471147579231,0.96708144786893,0.9565125146369127,0.6500775794459992,0.8806765550990436,0.6446941655068895,0.8541902695104424,0.8531576121416977,0.7964090950021856,0.9213345015882415,0.9114886637930484,0.9175986829007592,0.7659818880611555,0.5923395571049686,0.8469422291476963,0.8129613112340852,0.9550027520873317,0.7317870625198584,0.7878747463621336,0.8569629050326473,0.9937794439292975,0.7901896093824855,0.9060843180763314,0.8480678643045041,0.8939536575643376,0.818553465588485,0.6286796667787873,0.825943112046231,0.7782119891899517,0.9133263317400206,0.8518845962088126,0.9506935918794348,0.7952305632721428,0.9452352847073289,0.9205333630122376,0.958670956458586,0.9565125146369124,0.8356267197185063,0.9374023743243107,0.8135351812172938,0.9074327213772267,0.8939536575643376,0.9247596098318487,0.9331001879958327,0.9059312353245794,0.7712966743850239,0.9213345015882413,0.8107210902890917,0.962484327598056,0.8460674815713256,0.941508045093707,0.8939536575643376,0.828038249445866,0.8714181886270882,0.592146447130758,0.0,0.8905160099774292,0.8939536575643376,0.8143028554427272,0.9416399312605794,0.9038060185617727,0.9787541055293758,0.8771434063875099,0.7894876982285144,0.9207770002519439,0.7167224022131926,0.9608974512346836,0.9607171664361456,0.9011161501496316,0.8939536575643376,0.9297521499952717,0.9661375564805397,0.6059690156007205,0.9265234880779414,0.7764633388803943,0.9501164258005207,0.77093941344168,0.7594897694015379,0.7964090950021853,0.9424986274972895,0.9169879759246728,0.6702694482965695,0.9658089680772968,0.8775328023580433,0.6934727095531925,0.9213345015882415,0.9659006322714522,0.9019046337579005,0.9548458029436195,0.8684389251881861,0.7901178299305471,0.856962905032647,0.9772266493432944,0.6123743498876089,0.9912972349210976,0.8905160099774292,0.8674517075612465,0.9541765048138564,0.9011161501496316,0.9452352847073291,0.8375703134646096,0.9175986829007592,0.962778016495377,0.8760307991930102,0.9048630781107279,0.651042649326655,0.8871620821950175,0.9800381535743574,0.624891846679603,0.9944775784366953,0.8051324737916428,0.9614558758710805,0.9807134450398858,0.978612453137572,0.9125319444076475,0.8129613112340854,0.7183255667635984,0.9627660172534369,0.9753158112139154,0.8686868646358594,0.9419977323666577,0.9856074913039305,0.9651397425955999,0.8833081228635307,0.8441840455249721,0.7611187859994438,0.7801518379683501,0.8987611364860535,0.9790460413412314,0.9792166697491576,0.7801656712142616,0.9445900544101202,0.8496083480183549,0.8681849484390634,0.8729530098980619,0.9787541055293758,0.9195639537908282,0.9657137598563996,0.7186690805400406,0.9060843180763316,0.8371632163900296,0.8585266679038813,0.9924160770271001,0.9127606676606757,0.9430320642249596,0.9824053326826938,0.8215104537311955,0.8377460045397604,0.9055888804579475,0.9880335906160527,0.6476118242704898,0.9501344156178242,0.9181572103024287,0.9645345559063636,0.7349821949910493,0.9616075055011326,0.8924596950253894,0.6632623989949445,0.9295177260723408,0.9197065733461768,0.9672250659471978,0.8207394181940292,0.8939536575643376,0.5746711203292185,0.9909102788434876,0.6347004103286245,0.9531278541462298,0.8947027963825009,0.7186690805400406,0.8939536575643376,0.9139781661750384,0.9698850605949614,0.6707076395759348,0.8939536575643376,0.9870150224488665,0.846882629081873,0.9386165782405598,0.8574883176286964,0.8891142900152288,0.8905160099774292,0.8939536575643376,0.8686868646358592,0.8939536575643378,0.8828839166434672,0.8623977963570977,0.8048984247424282,0.8939536575643376,0.9912972349210976,0.8939536575643376,0.8680854563735354,0.9621178789266307,0.8255485912247713,0.9249702288317225,0.9011161501496319,0.834559766214718,0.8871620821950175,0.7486770726953058,0.8510128142135613,0.892190137626182,0.8496673595480104,0.948049312813942,0.9452352847073289,0.8110207847631996,0.7686652491622565,0.8615147734498487,0.9723264031651904,0.8674517075612473,0.8944935729746861,0.644115943207977,0.7995622785211576,0.9909102788434876,0.8939536575643376,0.9229769520409832,0.8939536575643376,0.6975537039398281,0.8230771571354669,0.9452352847073289,0.7475008853864834,0.8188735108772993,0.5369678907708291,0.9673277646852272,0.7989125516244422,0.8370268929082982,0.9374143102563937,0.9735733109189427,0.5533746115091687,0.8598563011459692,0.8051324737916434,0.7551328776804277,0.8905160099774292,0.9653967881313258,0.773104075342145,0.6446941655068895,0.9801756067921625,0.8721822247924682,0.9396671510274333,0.9479714806216397,0.8126498178825814,0.8125314757130617,0.6895242474240192,0.6029615304948739,0.9301464037240028,0.6059690156007205,0.9989176690497674,0.867745069248697,0.9209176670963708,0.901474365519588,0.6059690156007205,0.9978328796525182,0.9726806319975226,0.9506935918794348,0.8713359722462144,0.8381997656144693,0.9011161501496316,0.9043483055673012,0.7837583914806328,0.6286796667787875,0.9011161501496319,0.9790460413412314,0.8635285581726746,0.9127606676606757,0.8365871309775528,0.852117369444803,0.9092811131867262,0.9430635818189494,0.9122319444343765,0.8939536575643379,0.8541902695104424,0.8871620821950175,0.9048630781107276,0.8434397258473743,0.6475642029553718,0.9011161501496316,0.8541902695104426,0.8616745704586414,0.8383010311678312,0.8036340981650468,0.5464545752390255,0.7795260179622636,0.8968780843958362,0.9480525262512358,0.8076298680349817,0.9627660172534371,0.9512399166403622,0.9627660172534371,0.8250473281316444,0.7246188758828073,0.8563042685560753,0.9400810957454315,0.8939536575643376,0.9048630781107279,0.9660786069428169,0.8851446183863341,0.6059690156007205,0.9506935918794348,0.8905160099774292,0.8939536575643376,0.7989125516244425,0.6934727095531915,0.9695535385776712,0.797663991511634,0.9974138518759135,0.8917681657699779,0.8529036823096633,0.8393728540334973,0.9359456864907791,0.9289204748586171,0.8806765550990441,0.7346298702261302,0.7481993394881703,0.8305471147579231,0.9258393222166692,0.9418766792143727,0.9964053732690825,0.9213345015882415,0.8301355390469867,0.8797479086308417,0.8360288716994912,0.7452587217982685,0.8905160099774292,0.9615701358601136,0.7801518379683501,0.815506438683964,0.9236728864211707,0.910636606915989,0.8939536575643376,0.9353353735173278,0.5881736538011253,0.882852599656567,0.6611471658952514,0.8539708111612493,0.885947373872601,0.8939536575643376,0.8939536575643376,0.4801128919786132,0.7880937965433775,0.845448315635793,0.8939536575643378,0.9169502243571086,0.9305175527166338,0.8637025644628556,0.861506511985431,0.8414453190315164,0.8939536575643376,0.8666281703907037,0.9022591883114606,0.9444988756877082,0.9015428239307054,0.8939536575643376,0.9249416200031891,0.8496083480183549,0.8388840683986537,0.9429829823620174,0.7975620093583883,0.8544386719743089,0.9011161501496316,0.7794608572218032,0.8939536575643376,0.8765330443485617,0.8851446183863338,0.9451794844001449,0.8409105410840763,0.8385937272379488,0.9579827254676423,0.8806765550990439,0.8939536575643376,0.989405186153621,0.9248917576934458,0.8939536575643376,0.8492250586277588,0.9970015600068347,0.9706591306312684,0.9182806466541549,0.780165671214262,0.8939536575643376,0.7589455098031751,0.8375163112313291,0.9653967881313257,0.9338512312982935,0.9857438147622564,0.873030972530288,0.9667395814257378,0.8243753798876752,0.670269448296569,0.8358206561373599,0.9386165782405596,0.9267460465187531,0.9134286718077722,0.9573138355318778,0.9611981400838596,0.8951849796577993,0.651042649326655,0.8851446183863341,0.8939536575643376,0.9565125146369127,0.7945498244933042,0.9765213149202068,0.9366533900163492,0.7475008853864822,0.8871620821950175,0.7214780951385719,0.9894066454715097,0.8871620821950175,0.874448160392765,0.8939536575643376,0.8775328023580433,0.8948536457375578,0.8860733449362974,0.8684800974581395,0.8826048477977396,0.8081550182649213,0.909704740786208,0.8655068173538916,0.6725587378916908,0.9022591883114606,0.9169502243571084,0.8020202041412083,0.9819733544265596,0.8344028406776705,0.8884231817422692,0.9331001879958329,0.8583244696882327,0.9011161501496319,0.95354909944022,0.8308161825195635,0.9668761988283321,0.9792166697491576,0.894021423587311,0.7477549404254636,0.8957706480212735,0.7322171740156886,0.972894613860009,0.8891142900152289,0.9850272019609538,0.9793898054115586,0.9484581588271763,0.779258251659741,0.9209176670963708,0.8655068173538918,0.9078490967830961,0.9051703150845353,0.9978328796525182,0.816736820966089,0.8674517075612471,0.9901058534640805,0.9011161501496316,0.9291614365771501,0.9680872606442633,0.9253362655713677,0.7044057003840676,0.9127606676606757,0.8620804018367145,0.9444973217379506,0.9087387818848152,0.8496083480183549,0.883884423370662,0.883884423370662,0.9856074913039305,0.6059690156007194,0.8434187276799103,0.9436597152417261,0.9114886637930486,0.6476118242704891,0.9260446381122047,0.9489601709850085,0.8374365816815987,0.9175986829007592,0.8598563011459692,0.8939536575643376,0.6297583081743697,0.8939536575643376,0.8939536575643376,0.9287809657723518,0.8673897219109374,0.8551475116943821,0.8939536575643376,0.9048067822537016,0.8260692842640719,0.9182990449210937,0.8810355747077514,0.9059329560560242,0.8959808750442568,0.8532603682474427,0.9876294343937336,0.9189525367382566,0.7901896093824865,0.9052419224136212,0.9234419781367061,0.8766872575086164,0.9600498089140669,0.9757736402350052,0.8686457104425918,0.9465033222027379,0.7324278634272591,0.9899440293931128,0.9087387818848152,0.9280799107134058,0.670269448296569,0.8771434063875099,0.6968078157916984,0.888423181742269,0.9842194665695232,0.954761733100846,0.8750565832624441,0.9532334693539318,0.926746046518753,0.9326289661696303,0.9819890130629686,0.9022591883114608,0.93518689541171,0.8259616223428764,0.8477989897203204,0.7820500724794108,0.9856074913039303,0.8748243583728721,0.8126872408584626,0.9586709564585861,0.9920810419396306,0.9260446381122045,0.8388840683986538,0.9522167807377657,0.9213345015882413,0.8801216717460757,0.9151863297619403,0.7505703324336477,0.937917745693015,0.8714181886270882,0.8151648550825131,0.9975180539523504,0.8939536575643376,0.651042649326655,0.8736681048119386,0.7404073909127018,0.8156499641212986,0.696807815791699,0.8871620821950175,0.8620219457209639,0.9089543428464539,0.8951849796577995,0.7898979761099647,0.9456023969539064,0.8209540021096098,0.9051703150845354,0.8674728038548002,0.8871620821950175,0.9465033222027379,0.8383899901633916,0.9659099888139071,0.8917681657699779,0.8773694264794902,0.7497105425819202,0.8911894059285677,0.5955400272191091,0.8551475116943821,0.8132181556334791,0.938603053681158,0.9219466081919554,0.9627660172534371,0.8986797000234017,0.9894066454715097,0.9784182861098651,0.8798752971391495,0.9381594359292083,0.8905160099774292,0.9210421294048261,0.9177634264252696,0.9695535385776712,0.9513221853712003,0.9011161501496316,0.8766872575086166,0.7894953000778915,0.8597715705372193,0.7777520114015621,0.8686457104425918,0.7989125516244432,0.8776554235111353,0.9996195398799781,0.7186690805400406,0.651042649326655,0.9213345015882413,0.8939536575643376,0.6528445495764283,0.8081133662729314,0.9424986274972894,0.9077407829130988,0.8939536575643378,0.9364111442934167,0.7305253761056321,0.9142724794861656,0.8637025644628555,0.9401491305195298,0.8746028111475577,0.9039804044723279,0.9286860881924595,0.9897536591171328,0.8428217600540127,0.8414716925697154,0.8317949515823662,0.6297583081743696,0.966078606942817,0.8480678643045041,0.9400810957454315,0.894493572974687,0.9213345015882415,0.8756614665880615,0.8871620821950175,0.9213345015882415,0.9740486176425376,0.8787678938964243,0.9305175527166338,0.787102248549565,0.9132687697248496,0.9559837914106136,0.8135351812172936,0.7893308148448165,0.9401304930976406,0.9858063487718773,0.8905160099774292,0.9336480955028664,0.8838844233706618,0.8905160099774292,0.8905160099774292,0.8742481220045635,0.8939536575643376,0.5766874241477833,0.8374365816815987,0.8939536575643376,0.8626186644435845,0.8118179616195973,0.9127606676606757,0.670269448296569,0.7556227381582274,0.6877808090043881,0.8905160099774292,0.8898018621488345,0.9297521499952714,0.9545413042656155,0.815860491830527,0.8939536575643376,0.8284875193321173,0.9011161501496319,0.9624843275980559,0.9154240743227646,0.9218040771478564,0.9127606676606757,0.8974836658533198,0.768671776789227,0.9182990449210937,0.8986797000234017,0.7038434957604057,0.8198407636684337,0.8860040861751493,0.869594687850592,0.9618439304308983,0.9366533900163497,0.9565125146369127,0.881927637781732,0.6313045027007684,0.895302699129374,0.9292189336878024,0.8939536575643376,0.996354656978774,0.9019919909556019,0.6707076395759345,0.8596962224112363,0.7452587217982689,0.9059312353245792,0.8599357504386542,0.8871620821950175,0.7839703091230293,0.8216488231986041,0.8939536575643376,0.8939536575643376,0.9437667409615021,0.9766460977041067,0.8615147734498485,0.977145498570295,0.8691390839134875,0.8862888004596254,0.9647707001797252,0.8336091713281256,0.8884231817422692,0.9765213149202068,0.8939536575643376,0.8044938653838819,0.651042649326655,0.6446941655068895,0.7618691949828886,0.6059690156007205,0.9579827254676423,0.8939536575643376,0.8939536575643376,0.8288916506840047,0.8939536575643379,0.8274229398556516,0.6968078157916979,0.7708081139078189,0.9163628532094457,0.9628366842581716,0.9150898372765605,0.8853887341331687,0.7052227610295021,0.8939536575643378,0.8468826290818736,0.8355624786970706,0.6877808090043894,0.8247282504819018,0.9833126720865308,0.860114962912762,0.9578322633488543,0.8523627534772416,0.9728901249701001,0.9975225343911605,0.8939536575643376,0.9561187953562595,0.9043922062090056,0.978295078344308,0.9908685063940654,0.7902972440390854,0.704231998075814,0.8699937827445854,0.9181572103024289,0.9926484018740545,0.9058115363815293,0.9702871608234653,0.7789729813283648,0.9169502243571086,0.8302638493565131,0.9133263317400202,0.9756053087261287,0.6106704427300533,0.9260446381122047,0.8136031693846377,0.8787678938964243,0.8706881010282803,0.8369203983133141,0.7893512764751797,0.8706881010282803,0.9213345015882415,0.8857893504540393,0.9229769520409834,0.9429301175477114,0.8037466541044316,0.996354656978774,0.9627660172534371,0.7893308148448157,0.9743768129510503,0.8953788966840488,0.9135899386508912,0.8607835930791425,0.7388021675848757,0.8193111931119303,0.763187268121168,0.9558207597521782,0.9773657183031311,0.9974138518759134,0.9638988487452405,0.8939536575643376,0.7942028702077837,0.9963546569787739,0.9384401238660409,0.6248918466796046,0.9396671510274334,0.8626186644435851,0.923927141858627,0.8939536575643376,0.9325031092082593,0.8959808750442568,0.8750358236188756,0.7868350589921229,0.7776031907664727,0.7841118033114705,0.651042649326655,0.9996589478236793,0.9027556638317147,0.975276891535162,0.903464055620176,0.8951849796577995,0.9067160093403006,0.9213345015882413,0.8655068173538916,0.8939536575643379,0.898572807198023,0.9651397425956001,0.8724125127794342,0.9876294343937336,0.9389563908591301,0.9305175527166338,0.8905160099774292,0.9292189336878024,0.8332146912012788,0.9899660880631354,0.8702542880222099,0.8552181831871717,0.8939536575643376,0.8443581101080426,0.9669763161344179,0.8381997656144695,0.8939536575643376,0.8525086721199605,0.9547565271417207,0.6059690156007205,0.8655068173538916,0.8905160099774292,0.8646341241518603,0.8048565347231114,0.9653609400162926,0.9060843180763316,0.9658571621574408,0.8951849796577995,0.9126901464486541,0.8939536575643376,0.9897536591171328,0.8939536575643376,0.6497208625769555,0.8161287529973076,0.9711868004331378,0.6446941655068895,0.9256794559461556,0.8718270283036198,0.9767113544662054,0.8302638493565127,0.8939536575643376,0.8262745556285478,0.8905365218058185,0.920092677234913,0.9742985285333188,0.8706881010282799,0.9452352847073291,0.8434187276799101,0.6942359108196474,0.9217876183991058,0.9404815124457,0.8709718917226899,0.9217876183991058,0.8637025644628555,0.9048630781107276,0.8898706726339184,0.9217876183991058,0.6446941655068895,0.9739468148452322,0.8762969567963391,0.993666684049235,0.9260446381122047,0.7975620093583883,0.8917681657699779,0.9148027816174447,0.7960352917220276,0.9861023711265688,0.8441840455249721,0.7574865746915066,0.8963122212139181,0.6659668161073264,0.8780201319317034,0.8812694470532854,0.8587045491090746,0.9378009663104099,0.9543595212769906,0.92092165787956,0.881927637781732,0.6123743498876093,0.6313045027007695,0.901474365519588,0.9771217712177122,0.7205839105275211,0.902578441447023,0.9195917701513245,0.651042649326655,0.6297583081743698,0.8955078265624095,0.8460674815713258,0.8106368436653384,0.9530412142717557,0.8686457104425918,0.9476846307218514,0.9894020245290482,0.840796645756019,0.7038434957604056,0.9725268134185434,0.9139168146135781,0.8319271203395057,0.9195917701513243,0.9403750496547651,0.9926484018740545,0.95354909944022,0.9064090522572085,0.8569629050326473,0.9175986829007592,0.8620219457209635,0.957226664655059,0.9212483894367245,0.8915064922504201,0.7792380153572773,0.8927629917355124,0.9260446381122047,0.917206845717797,0.8383899901633918,0.9400810957454317,0.6877808090043891,0.8662065475771665,0.8487444917290998,0.9400810957454317,0.9822423419455729,0.9139139891465169,0.8950533705284629,0.9217448144111742,0.6632623989949444,0.9408878399704198,0.9624843275980557,0.8615147734498485,0.9790460413412314,0.8928364344091293,0.8167368209660885,0.6297583081743698,0.9583859445333902,0.8884231817422692,0.9728901249701001,0.6707076395759339,0.7801518379683503,0.693472709553191,0.8785201214536571,0.6297583081743696
p25_M,0.7718994506532365,0.9394396415413289,0.8882932693469465,0.9199893491338635,0.9475597985845114,0.9610996995613952,0.6954540247876126,0.742840722786176,0.90069623628167,0.9589316626844855,0.9379142777971525,0.9458598726114653,0.9458598726114653,0.9199893491338635,0.9077040005624184,0.576280232023062,0.9425805352069325,0.9292677720165115,0.9568599156354454,0.9589316626844855,0.8838795614232458,0.9364159486136474,0.9334927596276978,0.9493053971730236,0.93494269483405,0.9292677720165115,0.9425805352069323,0.9137333093884032,0.9589316626844855,0.7666156616807629,0.922570139905196,0.9529545363721539,0.9409942357230063,0.916205092712921,0.9475597985845114,0.9568599156354454,0.9493053971730236,0.9409942357230057,0.9610996995613954,0.9278966962971924,0.8961308828316217,0.9306566646589698,0.9610996995613954,0.9100921482984174,0.9425805352069323,0.8425062304790463,0.9511016704226434,0.8972654241994793,0.9278966962971924,0.8882932693469463,0.9529545363721539,0.8447105394237198,0.9292677720165115,0.16216355622584455,0.9409942357230059,0.9265423524364669,0.9265423524364669,0.03139863267861631,0.7575776963663723,0.9442013463068037,0.903008623582165,0.8541959247310256,0.9292677720165117,0.8961308828316217,0.9548710823073732,0.8187487405659168,0.9765837058865926,0.6359525852723971,0.7623458066664364,0.9568599156354454,0.9187169710212713,0.9278966962971924,0.9475597985845114,0.8210710864618282,0.03139863267861631,0.882781792850933,0.9902428565647543,0.9379142777971523,0.8175818786954798,0.9610996995613952,0.9379142777971528,0.9320645602494202,0.3350690258836352,0.9292677720165115,0.03139863267861631,0.9149644520716045,0.9364159486136476,0.8259696831286127,0.8905160099774292,0.0,0.03139863267861631,0.8882932693469463,0.8541959247310256,0.850191113818277,0.3350690258836352,0.510052317151767,0.886081569479592,0.8838795614232458,0.8140574394939937,0.8128743662973856,0.9265423524364669,0.9511016704226432,0.9475597985845114,0.8838152225738931,0.5945359220183861,0.9568599156354449,0.9041731885624824,0.7907502491856577,0.9349426948340502,0.8233788637195052,0.8718884926994317,0.9306566646589698,0.8007919102864962,0.9065205555971321,0.9808926695348984,0.7762855815640268,0.9394396415413289,0.9568599156354451,0.9610996995613954,0.8534622933489195,0.9100921482984174,0.881685977830595,0.9349426948340502,0.9225701399051969,0.9292677720165115,0.7474982699049919,0.9493053971730236,0.6527839128027031,0.9458598726114653,0.9125111785873636,0.8686385996787735,0.9511016704226432,0.9529545363721539,0.961099699561395,0.9425805352069325,0.8696295404751335,0.8751441387186418,0.9529545363721539,0.9529545363721537,0.09008077800963976,0.7983153216862557,0.9589316626844855,0.8469812896824729,0.8675560447816315,0.883879561423246,0.9077040005624186,0.8894031717904964,0.8369591621743946,0.9278966962971924,0.7779891015560232,0.9589316626844853,0.9030086235821644,0.8512827582389368,0.8773193685069614,0.9529545363721539,0.9278966962971922,0.9273944983384121,0.9112976020672159,0.9055736434610706,0.5762802320230619,0.7282232490337206,0.9511016704226434,0.9320645602494202,0.7348453828730819,0.8938740030413763,0.913733309388403,0.8567235831170401,0.8961308828316217,0.9238799558250632,0.8402939714046163,0.9199893491338638,0.9458598726114653,0.9265423524364671,0.6679351743368398,0.849098097918449,0.874058087016832,0.9568599156354449,0.626241239715507,0.9174557485535395,0.5721895635481327,0.908894409671068,0.8849794349827056,0.9265423524364669,0.9458598726114653,0.6277740552271271,0.8490980979184488,0.8534622933489195,0.8984043359066818,0.16216355622584455,0.9212735133449719,0.9442013463068035,0.9006962362816697,0.8164111026582044,0.8104036875498974,0.9415490144516767,0.03139863267861631,0.9848910203339205,0.9442013463068033,0.5100523171517668,0.8589669349625975,0.8882932693469465,0.9458598726114653,0.03139863267861631,0.8643090749973119,0.7829632068236254,0.9589316626844855,0.03139863267861631,0.685316774920314,0.9125111785873636,0.8827817928509321,0.6332637536939161,0.9018497344665103,0.9458598726114653,0.03139863267861631,0.6359525852723973,0.03139863267861642,0.8056825578273628,0.8336025791120698,0.8302218952289888,0.03139863267861631,0.6527839128027031,0.03139863267861631,0.7238257438406104,0.9041731885624822,0.913733309388403,0.8718884926994317,0.9511016704226432,0.7911552055921387,0.09008077800963876,0.9334927596276978,0.9364159486136474,0.9030086235821642,0.7474982699049917,0.9162050927129204,0.9529545363721539,0.4787658847550451,0.8871861256568152,0.9371605937136991,0.8938740030413763,0.9125111785873636,0.9125111785873636,0.9425805352069325,0.881685977830595,0.9442013463068033,0.03139863267861631,0.8995478568587887,0.03139863267861631,0.7248314800141329,0.9125111785873636,0.9529545363721539,0.9252037445446057,0.7637779275925334,0.9493053971730236,0.9112976020672166,0.9349426948340498,0.8894031717904964,0.9928618019927209,0.8567235831170401,0.9511016704226434,0.8675560447816315,0.8675560447816315,0.8391846440543809,0.062008242787560564,0.9548710823073729,0.8233788637195052,0.9610996995613954,0.8279535638583029,0.8279535638583029,0.2692511698375556,0.8664736771305535,0.8708047111031318,0.9529545363721539,0.8436093353026792,0.8182787338913604,0.7981856244137906,0.9568599156354449,0.8233788637195052,0.9112976020672157,0.9320645602494202,0.8984043359066818,0.9568599156354449,0.8469075946240912,0.8080982554965415,0.9548710823073732,0.8950004825334388,0.9199893491338635,0.9511016704226432,0.9591402541866407,0.800791910286496,0.9442013463068037,0.9511016704226434,0.9511016704226432,0.7920258334641648,0.9568599156354451,0.7920258334641646,0.6386053673554343,0.8816859778305952,0.8391846440543809,0.9568599156354454,0.9475597985845114,0.9278966962971922,0.9442013463068033,0.9529545363721539,0.7958167654209827,0.8950004825334388,0.9511016704226432,0.9278966962971924,0.9137333093884035,0.7440170762801631,0.9065205555971318,0.8805919691825626,0.70356089724167,0.785585123047815,0.7098574690332745,0.8686385996787727,0.9589316626844853,0.90069623628167,0.9589316626844853,0.9162050927129204,0.9125111785873636,0.9065205555971321,0.9511016704226432,0.03139863267861631,0.9529545363721537,0.8995478568587887,0.9292677720165115,0.9568599156354449,0.9548710823073729,0.9458598726114653,0.03139863267861631,0.93494269483405,0.9568599156354454,0.9610996995613952,0.9077040005624184,0.8175818786954797,0.9320645602494202,0.9529545363721539,0.8279535638583029,0.8233788637195052,0.9349426948340502,0.9409942357230066,0.8648995313078978,0.9511016704226434,0.916205092712921,0.8056825578273625,0.9394396415413284,0.9077040005624184,0.9610996995613952,0.7853897569350803,0.9162050927129202,0.7981856244137904,0.9425805352069327,0.062008242787560564,0.9187169710212713,0.8816859778305952,0.800791910286496,0.8020222325849224,0.8128743662973856,0.03139863267861631,0.8790792081159238,0.9149644520716045,0.9174557485535395,0.9149644520716045,0.9589316626844853,0.8402939714046165,0.03139863267861631,0.03139863267861631,0.9278966962971924,0.9006962362816697,0.8850018707449112,0.03139863267861642,0.9589316626844853,0.9475597985845114,0.9199893491338635,0.8938740030413763,0.7829632068236254,0.9475597985845114,0.9212735133449717,0.9364159486136476,0.8268147748355974,0.976122021280873,0.03139863267861631,0.9104952582326105,0.9137333093884032,0.7694191025912624,0.991231693528243,0.9212735133449719,0.8504136769453576,0.9511016704226434,0.7894685038194522,0.03139863267861631,0.8182787338913602,0.9784534179462063,0.8545503661181646,0.824527512767756,0.9493053971730236,0.8256727870749789,0.9409942357230061,0.03139863267861631,0.9287546220071028,0.7315605337936808,0.03139863267861631,0.9212735133449719,0.7881804803953936,0.8660830247325573,0.8092990476011352,0.7958167654209827,0.03139863267861631,0.7897260844225815,0.8512827582389364,0.9548710823073729,0.6463565435816511,0.716099334022744,0.9041731885624824,0.9053437280773233,0.9287546220071028,0.9511016704226434,0.9315076677030099,0.8827817928509321,0.9334927596276978,0.877897145441318,0.8697214512947165,0.8664736771305535,0.23774878152121726,0.9529545363721537,0.9292677720165115,0.03139863267861631,0.9568599156354454,0.898404335906682,0.8068927917851012,0.9379142777971528,0.9252037445446057,0.09008077800964032,0.7672253926367623,0.9493053971730236,0.09008077800964032,0.9379142777971528,0.9475597985845114,0.9394396415413291,0.8751441387186416,0.9006962362816697,0.9568599156354451,0.8414011380622552,0.9589316626844853,0.995589441680881,0.9334927596276981,0.7945589785686391,0.9364159486136479,0.9589316626844853,0.8208615411657367,0.913733309388403,0.550417503386856,0.2692511698375556,0.9364159486136474,0.8995478568587887,0.9511016704226434,0.9162050927129208,0.8961308828316215,0.8729729119280702,0.9320645602494202,0.8961308828316217,0.937914277797153,0.9225701399051962,0.6724259519035649,0.7925764380555538,0.9018497344665102,0.9425805352069323,0.8080982554965415,0.8871861256568152,0.9199893491338638,0.9320645602494204,0.23774878152121848,0.8116870067162374,0.937914277797153,0.8767155864943418,0.9320645602494204,0.9125111785873636,0.7734367193080807,0.9511016704226434,0.8402939714046165,0.7332476280865157,0.9149644520716045,0.8961308828316212,0.9568599156354451,0.7213830792377613,0.8882932693469465,0.9548710823073732,0.9137333093884032,0.9425805352069323,0.942580535206933,0.9529545363721539,0.9568599156354449,0.9225701399051969,0.8199117795876252,0.9100921482984174,0.9458598726114653,0.9458598726114653,0.7313974068186477,0.9041731885624822,0.11595356527577638,0.8675560447816315,0.03139863267861631,0.9548710823073729,0.03139863267861631,0.03139863267861631,0.8128743662973856,0.23774878152121792,0.9162050927129202,0.03139863267861631,0.7525915471020097,0.8324784774213028,0.38117662903257044,0.877897145441318,0.8773193685069607,0.8272354331469214,0.9006962362816697,0.49864835346264225,0.83472400300589,0.9409942357230059,0.8827817928509321,0.45933786842754687,0.9149644520716045,0.7637779275925336,0.6661152121246717,0.9225701399051964,0.998438082710315,0.9442013463068035,0.8050379729179937,0.9548710823073729,0.9287546220071028,0.9511016704226434,0.8972654241994793,0.9364159486136474,0.980662425002937,0.9334927596276978,0.8436093353026795,0.9212735133449719,0.903008623582165,0.9334927596276978,0.7350447636400568,0.9511016704226434,0.20235352416864938,0.9493053971730236,0.9112976020672163,0.8523731211903474,0.83472400300589,0.48335140169781754,0.8523731211903476,0.5866865150344243,0.7721894714790687,0.8860815694795923,0.9458598726114653,0.7694191025912629,0.9238799558250632,0.9610996995613952,0.7995563084478072,0.870810786970599,0.7995502483019271,0.7970688433398969,0.9364159486136476,0.9430441133000047,0.8784088021185175,0.03139863267861631,0.9529545363721537,0.9137333093884037,0.9475597985845114,0.8567235831170401,0.9364159486136479,0.9442013463068035,0.9238799558250632,0.8256727870749789,0.9852901633058908,0.798315321686256,0.9589316626844857,0.814365886541907,0.9379142777971528,0.8621439532920854,0.09008077800964032,0.9409942357230057,0.7332476280865154,0.9125111785873636,0.9320645602494202,0.7735626237779674,0.8762311904614675,0.7509037938695111,0.8588935204002321,0.9162050927129202,0.717957010428276,0.887379364622056,0.9225701399051969,0.9589316626844855,0.9349426948340502,0.9493053971730236,0.8336025791120698,0.8995478568587885,0.5457744538628025,0.062008242787560564,0.7894685038194516,0.8358428353123903,0.9610996995613952,0.8751441387186418,0.9511016704226434,0.9149644520716045,0.9137333093884032,0.9306566646589698,0.8984043359066818,0.9225701399051967,0.9349426948340502,0.5208845547534251,0.9379142777971521,0.9458598726114653,0.9529545363721537,0.9610996995613952,0.03139863267861631,0.9162050927129202,0.8610609420833555,0.8284969009147185,0.9174557485535395,0.03139863267861642,0.8794996237395185,0.8187487405659168,0.9030086235821648,0.3678486223164621,0.9006962362816697,0.8882932693469463,0.9104952582326109,0.7789783388157538,0.9252037445446057,0.9030086235821644,0.6785985670091003,0.8871861256568154,0.9548710823073729,0.8995478568587887,0.9265423524364669,0.9511016704226434,0.9125111785873636,0.9610996995613954,0.9252037445446055,0.9442013463068035,0.9610996995613954,0.9394396415413286,0.9265423524364669,0.9475597985845114,0.6679351743368396,0.8805919691825623,0.9568599156354454,0.9475597985845114,0.9364159486136474,0.7735626237779671,0.8234248743448613,0.062008242787560564,0.9529545363721539,0.1159535652757756,0.062008242787560564,0.0,0.3968323237075575,0.03139863267861631,0.9425805352069325,0.4738920156371562,0.03139863267861631,0.9320645602494202,0.5549592725490636,0.9568599156354449,0.9511016704226434,0.9548710823073732,0.9493053971730236,0.062008242787560564,0.7894685038194518,0.8534622933489195,0.9334927596276978,0.8358428353123903,0.03139863267861631,0.9041731885624826,0.9511016704226434,0.9320645602494202,0.814365886541907,0.9053437280773231,0.9568599156354451,0.9493053971730236,0.9349426948340502,0.9125111785873636,0.6428226383045876,0.9475597985845114,0.42272440505492737,0.9187169710212713,0.9225701399051969,0.7035608972416704,0.937914277797153,0.9667798280829099,0.9278966962971924,0.9511016704226434,0.9041731885624826,0.8369591621743946,0.03139863267861631,0.9475597985845114,0.878408802118517,0.9589316626844855,0.8324784774213028,0.9425805352069327,0.9379142777971525,0.8187487405659168,0.09008077800964032,0.7764813487173801,0.777635666776106,0.03139863267861631,0.03139863267861631,0.43076416340614276,0.6894338727722298,0.8995478568587885,0.7995563084478075,0.8402939714046165,0.8092990476011352,0.83472400300589,0.7932953720006317,0.9306566646589698,0.8347439839067272,0.03139863267861631,0.8972654241994793,0.9529545363721537,0.9610996995613954,0.8256727870749789,0.9568599156354449,0.8256727870749789,0.03139863267861631,0.03139863267861631,0.7666156616807631,0.9475597985845117,0.7749279467915411,0.9364159486136474,0.8523731211903476,0.8961308828316217,0.6989699092582711,0.8961308828316215,0.8290892416048379,0.8458099300236446,0.03139863267861642,0.9125111785873636,0.8116870067162374,0.9493053971730236,0.9568599156354451,0.5381252733230745,0.726534306879894,0.45334225692590724,0.9149644520716045,0.9493053971730236,0.8545503661181646,0.03139863267861631,0.8210710864618282,0.9149644520716045,0.8961308828316217,0.9006096463746007,0.8610609420833555,0.9394396415413291,0.9018497344665102,0.8790792081159235,0.9548710823073732,0.8643090749973119,0.8578089143655878,0.9425805352069323,0.9589316626844855,0.9199893491338635,0.28376189310837396,0.8068927917851012,0.9529545363721539,0.062008242787560564,0.8718884926994317,0.9265423524364669,0.9125111785873636,0.918716971021271,0.9610996995613952,0.9125111785873636,0.9610996995613954,0.9547434413197936,0.8995478568587885,0.3875452758336596,0.8927512325175624,0.9475597985845114,0.9589316626844855,0.9364159486136474,0.9364159486136479,0.8553912003238413,0.9409942357230066,0.9458598726114653,0.9265423524364669,0.5410259398661625,0.9493053971730236,0.760904633802822,0.4057772344611492,0.7313974068186475,0.7364687587156324,0.03139863267861631,0.9233738460510836,0.9475597985845114,0.777989101556023,0.9589316626844855,0.9306566646589698,0.9320645602494204,0.8512827582389368,0.03139863267861631,0.7592148952360376,0.7995563084478072,0.9829392900173883,0.7995563084478075,0.8210710864618282,0.8068927917851012,0.9529545363721537,0.7332476280865157,0.66100135439659,0.799556308447807,0.7348453828730819,0.9334927596276978,0.6948435845294496,0.9610996995613952,0.9334927596276978,0.9475597985845114,0.9315076677030101,0.9278966962971924,0.8336025791120698,0.4610356166077315,0.8044674539676764,0.9475597985845114,0.062008242787560564,0.8369591621743946,0.8567235831170401,0.5311945356497896,0.7967943813008362,0.771899450653236,0.03139863267861631,0.9714932980607038,0.8588935204002328,0.9199893491338635,0.03139863267861631,0.83472400300589,0.9409942357230059,0.9568599156354449,0.23774878152121803,0.062008242787560564,0.923321670670995,0.9292677720165116,0.8938740030413763,0.9265423524364669,0.9053437280773231,0.9334927596276981,0.8068927917851014,0.03139863267861631,0.9252037445446057,0.03139863267861631,0.9568599156354451,0.8279535638583029,0.8805919691825621,0.9610996995613954,0.9238799558250632,0.7958167654209829,0.9018497344665102,0.9644994759182184,0.03139863267861631,0.8553912003238412,0.8433414573926268,0.8458099300236446,0.9225701399051967,0.4227244050549279,0.9529545363721539,0.34646989741729717,0.9212735133449719,0.37240982580062965,0.8894031717904964,0.7881804803953933,0.37240982580062965,0.9199893491338638,0.9529545363721539,0.8816859778305952,0.37240982580062965,0.9610996995613954,0.9292677720165115,0.9493053971730236,0.881685977830595,0.9458598726114653,0.9212735133449719,0.9320645602494202,0.8882932693469465,0.9125111785873639,0.9334927596276978,0.9112976020672159,0.9278966962971924,0.9458598726114653,0.9364159486136476,0.7213830792377611,0.9199893491338638,0.898404335906682,0.8279535638583029,0.44605852297328985,0.9053437280773233,0.9278966962971924,0.9493053971730236,0.9511016704226434,0.8984043359066818,0.8905160099774292,0.9252037445446057,0.9252037445446057,0.8972654241994793,0.9529545363721539,0.9548710823073729,0.6165367810633013,0.9238799558250634,0.8933548640036584,0.9149644520716045,0.9225701399051967,0.673699989999619,0.9349426948340502,0.9212735133449719,0.9475597985845114,0.8601558513243792,0.8740580870168317,0.9100921482984172,0.8972654241994793,0.6810028497273858,0.9548710823073732,0.9162050927129204,0.6097932928897107,0.9292677720165115,0.9425805352069325,0.9701956444682693,0.8961308828316215,0.623058924836031,0.7520579877837947,0.9379142777971525,0.6926030826701949,0.9458598726114653,0.8794996237395185,0.7332476280865161,0.9511016704226434,0.9493053971730236,0.8827817928509325,0.9252037445446049,0.9808926695348984,0.8950004825334388,0.8897634772723562,0.727646467421893,0.9442013463068035,0.9442013463068035,0.8553912003238411,0.9320645602494202,0.8995478568587887,0.9511016704226434,0.8545503661181646,0.9320645602494202,0.9548710823073729,0.8894031717904964,0.9306566646589698,0.9493053971730236,0.9589316626844855,0.9155630897147413,0.9568599156354451,0.7387014906758973,0.9548710823073729
p26_F,0.7524297972473161,0.9413411539914585,0.8918007079504506,0.9225015741707872,0.9492063492063487,0.9623211158059548,0.7050163519970581,0.7509151724713103,0.9038142386822647,0.960221152322577,0.9398636845831869,0.9475597985845114,0.9475597985845114,0.9225015741707872,0.9106019687464653,0.5567710364845595,0.944383427890573,0.9314886672615048,0.9582144552981327,0.960221152322577,0.8875255844205965,0.938412400887346,0.935580996038617,0.9508971383859763,0.9369854052620163,0.9314886672615046,0.944383427890573,0.916441965519317,0.960221152322577,0.7739436107925906,0.9250013316406693,0.9544316996038,0.9428469360414609,0.9188361382271659,0.9492063492063489,0.9582144552981327,0.9508971383859763,0.9428469360414602,0.9623211158059548,0.930160641445072,0.8993922310882436,0.932833950574053,0.9623211158059548,0.912915131908919,0.9443834278905732,0.8474513194974065,0.9526370111116405,0.9004911494084333,0.930160641445072,0.8918007079504506,0.9544316996038,0.8495864161552136,0.9314886672615046,0.13408370177867746,0.9428469360414604,0.9288488221297497,0.9288488221297497,0.0,0.7383793872014479,0.9459533477380775,0.9060540201833016,0.831146423199498,0.931488667261505,0.8993922310882436,0.9562880686171875,0.8244397822834253,0.9544316996038,0.6473831763250288,0.7698078233874499,0.9582144552981327,0.92126914699118,0.9301606414450723,0.9492063492063487,0.8266892096935958,0.0,0.8864622842804517,0.938412400887346,0.9398636845831867,0.8233095582802461,0.9623211158059548,0.9398636845831869,0.9341976401680094,0.31108550994831163,0.9314886672615048,0.0,0.9176344520056336,0.938412400887346,0.8046479448175341,0.8939536575643376,0.03139863267861631,0.0,0.8918007079504506,0.831146423199498,0.8548949080074899,0.31108550994831163,0.48955645159511163,0.8896584524348263,0.8875255844205965,0.8198957816506434,0.8187498553347687,0.9288488221297497,0.9526370111116405,0.9492063492063489,0.8580633769736241,0.6072669396673074,0.9582144552981327,0.907182019415572,0.7973204052495684,0.9369854052620166,0.8289245259008584,0.8759110188590657,0.9328339505740528,0.8070467719220202,0.9094556823349389,0.9526370111116405,0.7833099084134079,0.9413411539914585,0.9582144552981327,0.9623211158059548,0.8580633769736241,0.9129151319089193,0.885400876353422,0.9369854052620166,0.9250013316406696,0.931488667261505,0.7554264789789613,0.9508971383859763,0.6339927913026551,0.9475597985845114,0.9152582079543838,0.8727631680356085,0.9526370111116405,0.9544316996038,0.9623211158059548,0.944383427890573,0.8453085223330421,0.879064442044788,0.9544316996038003,0.9544316996038,0.06018876900101988,0.8046479448175343,0.960221152322577,0.8244397822834253,0.8717146038820363,0.8875255844205967,0.9106019687464659,0.892875760974867,0.8420784215528956,0.9301606414450723,0.7583810530554915,0.9602211523225768,0.9060540201833014,0.8559522762859688,0.8811713725919912,0.9544316996038,0.9301606414450725,0.8950345750758599,0.9140827360776209,0.8938851835250172,0.5567710364845593,0.7367566674079002,0.9526370111116407,0.9341976401680094,0.7431708752992887,0.8972062142375332,0.9164419655193166,0.8612222667022558,0.8993922310882436,0.9262700211315917,0.8453085223330423,0.9225015741707872,0.9475597985845114,0.9288488221297495,0.6783615558233287,0.8538362113124116,0.8780124908814328,0.9582144552981327,0.6072669396673073,0.9200475251844384,0.5526275082095409,0.9117550006367756,0.8885909234541711,0.9288488221297497,0.9475597985845114,0.6394614409405057,0.8538362113124116,0.8580633769736241,0.9015943008452869,0.13408370177867734,0.9237454173815312,0.9459533477380775,0.903814238682265,0.8221755430097122,0.7897778653703145,0.9060540201833014,0.0,0.9508971383859763,0.9459533477380777,0.4895564515951115,0.8355526955775656,0.8918007079504506,0.9475597985845114,0.0,0.8685695845092951,0.7897778653703145,0.960221152322577,0.0,0.6951973979147161,0.9152582079543841,0.8864622842804517,0.6447787703816181,0.9049315186013059,0.9475597985845114,0.0,0.6473831763250286,0.0,0.8117838598171898,0.8388272306091986,0.8355526955775657,0.0,0.6339927913026551,0.0,0.7050163519970583,0.9071820194155717,0.9164419655193166,0.8759110188590655,0.9526370111116407,0.7711949776746383,0.06018876900101888,0.935580996038617,0.9384124008873462,0.9060540201833014,0.7554264789789611,0.9188361382271666,0.9544316996038,0.4951319232791844,0.8907283270583697,0.9027019168030599,0.897206214237533,0.9152582079543838,0.9152582079543838,0.944383427890573,0.885400876353422,0.9459533477380777,0.0,0.9027019168030597,0.0,0.7334713952978886,0.9152582079543841,0.9544316996038,0.9275522446953854,0.7711949776746383,0.9508971383859763,0.9140827360776205,0.9369854052620161,0.892875760974867,0.9398636845831869,0.8612222667022562,0.9526370111116405,0.8717146038820363,0.8717146038820349,0.8442340263447974,0.03139863267861631,0.9562880686171873,0.8289245259008584,0.9623211158059548,0.8333555867103808,0.8333555867103808,0.24376003609304187,0.8706662210952574,0.8748612665230131,0.9544316996038003,0.848519788337875,0.7973204052495684,0.7780046509581313,0.9582144552981327,0.8289245259008584,0.9140827360776214,0.9341976401680094,0.9015943008452874,0.9582144552981327,0.8517144868263773,0.8141237078825918,0.9562880686171873,0.8982973238138026,0.9225015741707867,0.9526370111116407,0.9188361382271666,0.8070467719220202,0.9459533477380775,0.9526370111116405,0.9526370111116407,0.7985559379258667,0.9582144552981327,0.7985559379258667,0.6499526646778642,0.885400876353422,0.8442340263447972,0.9582144552981327,0.9492063492063487,0.930160641445072,0.9459533477380777,0.9544316996038003,0.8022278398026612,0.8982973238138026,0.9526370111116405,0.9301606414450723,0.9164419655193172,0.7250134267509765,0.9094556823349389,0.8843412180810755,0.6848496741376313,0.7923174570100686,0.6911250629978627,0.8727631680356077,0.9602211523225768,0.903814238682265,0.9602211523225768,0.9188361382271668,0.9152582079543841,0.9094556823349389,0.9526370111116405,0.0,0.9544316996038,0.9027019168030597,0.931488667261505,0.9582144552981327,0.9562880686171873,0.9475597985845114,0.0,0.9369854052620163,0.9582144552981327,0.9623211158059548,0.9106019687464655,0.823309558280246,0.9341976401680094,0.9544316996038003,0.8333555867103808,0.8289245259008584,0.9369854052620166,0.9428469360414611,0.8409971458279799,0.9526370111116405,0.9188361382271659,0.8117838598171898,0.9413411539914587,0.9106019687464657,0.9623211158059548,0.7655931084723666,0.9188361382271666,0.7780046509581313,0.944383427890573,0.03139863267861631,0.92126914699118,0.885400876353422,0.8070467719220202,0.8082384637825222,0.8187498553347687,0.0,0.8538362113124116,0.9176344520056336,0.9200475251844387,0.9176344520056336,0.9602211523225768,0.8453085223330421,0.0,0.0,0.930160641445072,0.903814238682265,0.8591172857456586,0.0,0.9602211523225768,0.9492063492063489,0.922501574170787,0.8972062142375332,0.7897778653703145,0.9492063492063489,0.9237454173815309,0.938412400887346,0.8322525541058978,0.9634411459729271,0.0,0.8811713725919912,0.9164419655193168,0.7766590274917047,0.9952327064015152,0.9237454173815312,0.8704033497109469,0.9526370111116405,0.7960789049353036,0.0,0.7973204052495684,0.9314886672615053,0.8591172857456586,0.8300371089395653,0.9508971383859763,0.831146423199498,0.9428469360414606,0.0,0.8961186971729789,0.7399891659895361,0.0,0.9237454173815309,0.7948313236856197,0.8420784215528956,0.8152867967569688,0.8022278398026612,0.0,0.7698078233874488,0.8559522762859684,0.9562880686171873,0.6574604645689301,0.7250134267509767,0.907182019415572,0.908315805590151,0.8961186971729789,0.9526370111116405,0.8982973238138026,0.8864622842804517,0.935580996038617,0.8527760996057683,0.8738120195914167,0.8706662210952574,0.21151139151266862,0.9544316996038,0.9314886672615055,0.0,0.9582144552981327,0.9015943008452869,0.8129560940834346,0.9398636845831869,0.9275522446953854,0.06018876900102055,0.7478523304650295,0.9508971383859763,0.06018876900102055,0.9398636845831869,0.9492063492063489,0.9413411539914582,0.879064442044788,0.903814238682265,0.9582144552981327,0.8463809254714867,0.9602211523225768,0.9413411539914582,0.935580996038617,0.801009545737682,0.938412400887346,0.9602211523225768,0.7997856146881548,0.9164419655193166,0.5305546844946969,0.24376003609304187,0.938412400887346,0.9027019168030597,0.9526370111116405,0.9188361382271666,0.8993922310882436,0.8769613888066743,0.9341976401680094,0.8993922310882436,0.9398636845831869,0.9250013316406693,0.6827113291147924,0.7725735218970409,0.9049315186013058,0.9443834278905732,0.8141237078825918,0.8907283270583697,0.9225015741707872,0.9341976401680094,0.21151139151266984,0.8175997772209664,0.9398636845831869,0.8517144868263774,0.9341976401680094,0.9152582079543841,0.7539334992316542,0.9526370111116405,0.8453085223330421,0.7143607147557585,0.9176344520056336,0.8993922310882432,0.9582144552981327,0.7301312695908229,0.8918007079504506,0.9562880686171875,0.9164419655193166,0.944383427890573,0.944383427890573,0.9544316996038003,0.9582144552981327,0.9250013316406696,0.8255663034700989,0.9129151319089186,0.9475597985845114,0.9475597985845114,0.7125274559321444,0.9071820194155717,0.08671734220308636,0.8717146038820361,0.0,0.9562880686171873,0.0,0.0,0.8187498553347687,0.2115113915126693,0.9188361382271664,0.0,0.7334713952978882,0.8377384241745145,0.4006068367505189,0.8527760996057685,0.8811713725919912,0.8058499662916012,0.903814238682265,0.47795836130872293,0.8399134433261015,0.9428469360414604,0.8864622842804515,0.4408515443948542,0.9176344520056336,0.7711949776746385,0.6473831763250284,0.9250013316406696,0.9428469360414602,0.9459533477380775,0.7846176027958278,0.9562880686171873,0.8961186971729789,0.9526370111116405,0.9004911494084331,0.938412400887346,0.9328339505740528,0.935580996038617,0.848519788337875,0.9237454173815312,0.9060540201833016,0.9355809960386168,0.7223272158432528,0.9526370111116405,0.17526171623055564,0.9508971383859763,0.9140827360776205,0.8570084033315839,0.8399134433261015,0.4654487838138114,0.8570084033315841,0.5711669571562623,0.77934241058442,0.8896584524348263,0.9475597985845114,0.7766590274917051,0.9262700211315917,0.9623211158059548,0.8058499662916013,0.8463809254714865,0.7876282222528316,0.8034406041869142,0.938412400887346,0.9071820194155717,0.8822265994777512,0.0,0.9544316996038,0.9164419655193174,0.9492063492063487,0.8612222667022558,0.938412400887346,0.9459533477380777,0.9262700211315917,0.831146423199498,0.9355809960386168,0.8046479448175343,0.9602211523225772,0.7935775465776653,0.9398636845831869,0.8664724446651941,0.06018876900102055,0.9428469360414602,0.7143607147557588,0.9152582079543841,0.9341976401680094,0.7806724477786732,0.880117361849238,0.7318083230664854,0.8633240709217587,0.9188361382271666,0.6991852245234744,0.8612222667022558,0.9250013316406696,0.960221152322577,0.9369854052620166,0.9508971383859763,0.8388272306091986,0.9027019168030597,0.525843532183836,0.03139863267861631,0.7960789049353036,0.8409971458279799,0.9623211158059548,0.8790644420447877,0.9526370111116405,0.9176344520056336,0.9164419655193168,0.932833950574053,0.9015943008452869,0.9250013316406696,0.9369854052620166,0.500567215157067,0.9398636845831867,0.9475597985845112,0.9544316996038,0.9623211158059548,0.0,0.9188361382271668,0.8654234385275936,0.8070467719220202,0.9200475251844384,0.0,0.8832831707913575,0.8244397822834253,0.9060540201833016,0.34458474155865637,0.9038142386822647,0.8918007079504506,0.8811713725919912,0.7859181167692968,0.9275522446953854,0.9060540201833014,0.6598989712921809,0.8907283270583697,0.9562880686171873,0.9027019168030597,0.9288488221297497,0.9526370111116405,0.9152582079543841,0.9623211158059548,0.9275522446953854,0.9459533477380777,0.9623211158059548,0.9413411539914587,0.9288488221297497,0.9492063492063487,0.6783615558233285,0.8843412180810755,0.9582144552981327,0.9492063492063489,0.9384124008873462,0.7806724477786728,0.8022278398026612,0.03139863267861631,0.9544316996038003,0.08671734220308558,0.03139863267861631,0.03139863267861631,0.3741839079094693,0.0,0.944383427890573,0.4527606561376478,0.0,0.9341976401680094,0.535161772248302,0.9582144552981327,0.9526370111116405,0.9562880686171873,0.9508971383859763,0.03139863267861631,0.7960789049353036,0.8580633769736241,0.935580996038617,0.8409971458279799,0.0,0.9071820194155722,0.9526370111116405,0.9341976401680094,0.7935775465776653,0.9083158055901508,0.9582144552981327,0.9508971383859763,0.9369854052620166,0.9152582079543841,0.6284764518573093,0.9492063492063487,0.4006068367505189,0.92126914699118,0.9250013316406696,0.6848496741376318,0.9398636845831869,0.9582144552981327,0.930160641445072,0.9526370111116405,0.9071820194155722,0.8420784215528954,0.0,0.9492063492063487,0.8822265994777507,0.960221152322577,0.8377384241745145,0.944383427890573,0.9398636845831869,0.8244397822834253,0.06018876900102055,0.7569089328329721,0.7846176027958276,0.0,0.0,0.40880739824839063,0.6991852245234742,0.9027019168030597,0.8058499662916013,0.8453085223330421,0.8152867967569688,0.8399134433261015,0.7997856146881548,0.9328339505740528,0.8129560940834346,0.0,0.9004911494084331,0.9544316996038,0.9623211158059548,0.831146423199498,0.9582144552981327,0.831146423199498,0.0,0.0,0.7739436107925914,0.9492063492063487,0.7819949015164562,0.938412400887346,0.8570084033315841,0.8993922310882436,0.6856702229525599,0.8993922310882436,0.8344556057285131,0.8506512873935228,0.0,0.9152582079543841,0.8175997772209664,0.9508971383859763,0.9582144552981327,0.5526275082095407,0.7351207557283752,0.43182584581086747,0.9176344520056336,0.9508971383859763,0.8591172857456586,0.0,0.8266892096935958,0.9176344520056336,0.8993922310882436,0.8727631680356078,0.8654234385275936,0.9413411539914582,0.9049315186013054,0.8538362113124116,0.9562880686171875,0.8685695845092949,0.862273520033598,0.9443834278905732,0.9602211523225768,0.9225015741707872,0.2586095064370061,0.8129560940834346,0.9544316996038,0.03139863267861631,0.8759110188590655,0.9288488221297497,0.9152582079543841,0.92126914699118,0.9623211158059548,0.9152582079543841,0.9623211158059548,0.9623211158059548,0.9027019168030597,0.3647019568709454,0.8961186971729789,0.9492063492063487,0.9602211523225768,0.938412400887346,0.938412400887346,0.8322525541058978,0.9428469360414611,0.9475597985845114,0.9288488221297497,0.5210240199989242,0.9508971383859761,0.7684119013812074,0.3833143586062788,0.7125274559321442,0.7447432793600621,0.0,0.8918007079504506,0.9492063492063489,0.758381053055492,0.960221152322577,0.9328339505740528,0.9341976401680097,0.855952276285969,0.0,0.7399891659895361,0.8058499662916012,0.9341976401680094,0.8058499662916012,0.8266892096935958,0.8129560940834346,0.9544316996038,0.7143607147557588,0.6716454483484393,0.8058499662916012,0.7431708752992889,0.9355809960386166,0.6761489807685291,0.9623211158059548,0.9355809960386168,0.9492063492063489,0.8982973238138026,0.930160641445072,0.8388272306091984,0.4779583613087228,0.8106069085572598,0.9492063492063489,0.03139863267861631,0.8420784215528954,0.861222266702256,0.5110414539348817,0.7766590274917051,0.7524297972473162,0.0,0.9856724533720749,0.8633240709217587,0.9225015741707872,0.0,0.8399134433261015,0.9428469360414604,0.9582144552981327,0.2115113915126694,0.03139863267861631,0.9114861522954751,0.9314886672615051,0.897206214237533,0.9288488221297497,0.9083158055901508,0.9355809960386172,0.8129560940834346,0.0,0.9275522446953854,0.0,0.9582144552981327,0.8333555867103808,0.8843412180810759,0.9623211158059548,0.9262700211315917,0.8022278398026612,0.904931518601306,0.9225015741707869,0.0,0.8322525541058978,0.8210376473859937,0.8506512873935228,0.9250013316406696,0.40060683675051967,0.9544316996038003,0.3227392978460525,0.9237454173815312,0.392115299153029,0.8928757609748668,0.7948313236856197,0.392115299153029,0.9225015741707872,0.9544316996038003,0.885400876353422,0.392115299153029,0.9623211158059548,0.931488667261505,0.9508971383859763,0.885400876353422,0.9475597985845114,0.9237454173815312,0.9341976401680094,0.8918007079504506,0.9152582079543841,0.9355809960386168,0.9140827360776211,0.930160641445072,0.9475597985845114,0.9384124008873462,0.7301312695908225,0.9225015741707872,0.9015943008452869,0.8333555867103808,0.42440193597169273,0.9083158055901508,0.930160641445072,0.9508971383859763,0.9526370111116405,0.9015943008452867,0.8939536575643379,0.9275522446953854,0.9275522446953854,0.9004911494084333,0.9544316996038,0.9562880686171873,0.5974763156586966,0.9262700211315922,0.8664724446651935,0.9176344520056336,0.9250013316406696,0.6549904556417999,0.9369854052620166,0.9237454173815312,0.9492063492063487,0.8366469404145511,0.8780124908814328,0.9129151319089186,0.9004911494084333,0.6623067578386677,0.9562880686171875,0.9188361382271666,0.5906675167558797,0.9314886672615046,0.944383427890573,0.926270021131592,0.8993922310882434,0.6040574193889983,0.7598430279509716,0.9398636845831869,0.6739104850582693,0.9475597985845114,0.8832831707913573,0.7143607147557586,0.9526370111116407,0.9508971383859763,0.8864622842804517,0.9275522446953852,0.9526370111116405,0.8982973238138026,0.8633240709217587,0.708808264663793,0.9459533477380775,0.9459533477380775,0.8322525541058978,0.9341976401680094,0.9027019168030599,0.9526370111116405,0.8591172857456586,0.9341976401680094,0.9562880686171873,0.8928757609748668,0.9328339505740528,0.9508971383859763,0.960221152322577,0.8854008763534222,0.9582144552981327,0.7197593917099125,0.9562880686171873
p26_P,0.889610919698721,0.6802264681288575,0.9724787144741578,0.888092083462408,0.9279034959226291,0.7469859350282755,0.7568583909184143,0.7806903565630186,0.8165558862615869,0.915264150341758,0.9415845374623162,0.8882932693469461,0.8882932693469461,0.3844684210022725,0.7837660335892469,0.7558839765538488,0.8521602387539978,0.8120252635732317,0.7866098147175609,0.768069779241876,0.9876457733161693,0.8266716361598101,0.9320964215722475,0.9326301365954339,0.8356379386668251,0.8540589702876238,0.552558436881997,0.8457632233052683,0.7680697792418756,0.5649208746044841,0.8402398194588376,0.9029316112204655,0.8782540541553363,0.9299914985657858,0.8918007079504509,0.8298099072732107,0.9326301365954337,0.5367763125039315,0.919737437035689,0.46408064526824344,0.9230739297313353,0.8569246572337172,0.919737437035689,0.814494116322485,0.8854493278508869,0.6410273497905368,0.9760557307924651,0.7880288772623985,0.628406079651025,0.7695167286245359,0.9029316112204655,0.6831395277799247,0.8540589702876238,0.8750464770419488,0.9432506800820841,0.9023795156406169,0.6660694950711592,0.8918007079504506,0.9309291955376577,0.9190178597011771,0.7998787575170994,0.9953198708568699,0.8676778912630889,0.8064907104924681,0.5960053845565387,0.8176938363347055,0.857889951910855,0.8296671134575768,0.9481946303914608,0.8298099072732109,0.32209540192962427,0.8512300448035051,0.8918007079504509,0.6468419677860375,0.8918007079504506,0.7774165095752008,0.8688077246092829,0.6928962017713397,0.6874088678918227,0.6517640413322647,0.9029852527308235,0.967479064968944,0.7378150491299368,0.8540589702876247,0.8918007079504506,0.2627784971868179,0.8875757640059914,0.583866216723897,0.8143028554427272,0.8882932693469463,0.8918007079504506,0.0,0.552852661450117,0.6909009692932593,0.8953476735959469,0.7880288772623987,0.15666352833160502,0.7797903006735192,0.6322243780184482,0.6614729305147535,0.6121256214101313,0.6776822402306101,0.6027602604390548,0.5124430448849774,0.9756143728488357,0.9541896299485404,0.40604752333314864,0.583831265438449,0.8657679762547947,0.635579547928814,0.21968627417493325,0.7753016271609583,0.8084098434803906,0.5884835011593134,0.9375821720172512,0.8483850335865395,0.9025899955434544,0.9109895373928905,0.9673483838836943,0.7663378882913325,0.8605574677832935,0.24750193531637132,0.5071844450806078,0.8496099180243021,0.9511568327978744,0.5256313020285996,0.9326301365954337,0.8431250883484018,0.8310621170199549,0.8194852749688188,0.7289634644081242,0.8991086132420372,0.7781638062879617,0.919737437035689,0.48598025868821915,0.8150337555315947,0.7609717433899212,0.8578899519108553,0.9427946840319119,0.8848712502248577,0.8841972093336607,0.9605021604012387,0.6260262656416014,0.4807758145412734,0.27057366811771066,0.8095666773087122,0.9116068032779687,0.6635996286870585,0.8512300448035053,0.5008338994456716,0.7228317691823952,0.7998787575170996,0.5730851593650711,0.784412290937859,0.8977530247223018,0.8786176172006355,0.5356959055690578,0.8573241440795737,0.8494598249994318,0.3816615241030724,0.6116582121558787,0.9854707104323212,0.7372238885993294,0.6099490258564229,0.8425582272843297,0.29900856306307855,0.7217225598591728,0.8398630498001975,0.9215503362583839,0.7534619072780842,0.7118238016013596,0.9233738460510834,0.8484356419795887,0.627908734009436,0.8752225854928526,0.5569619342030154,0.8298099072732106,0.760370570527892,0.605103323813136,0.7986093922627826,0.8348309150853281,0.8016635199237716,0.9088169265457853,0.8882932693469461,0.7515783186539261,0.39543164831403566,0.7663378882913325,0.7903787812883165,0.875046477041949,0.8308605723511272,0.8848712502248584,0.8165558862615869,0.7259326563352106,0.6453355207749845,0.8434864805334525,0.8918007079504506,0.8954023823601893,0.705369436059316,0.7880288772623985,0.878696506263431,0.8290562417556062,0.8882932693469461,0.8918007079504506,0.9335556027094167,0.8005774443712295,0.915264150341758,0.8918007079504506,0.8069965358955764,0.8664957973805583,0.8352311593245665,0.7981075770517976,0.7268042860455461,0.5153369266827177,0.8918007079504506,0.7272817887986023,0.8918007079504506,0.8981025240568403,0.8196352034885155,0.7973853348847262,0.8918007079504506,0.8967266363175352,0.8918007079504506,0.8210625174489325,0.8902450233273334,0.34652124159817044,0.9189399492934154,0.6007351226801825,0.5745593345979674,0.8848712502248577,0.8148808572458528,0.9297118524554644,0.5460053972376062,0.6352923884671133,0.9971380172369659,0.8180268790994084,0.7856879905096841,0.7869574313974721,0.9629705957254184,0.8292986683070955,0.8664957973805585,0.8194852749688186,0.8815270484708906,0.15167365761158513,0.9190178597011776,0.8918007079504506,0.8565753455961953,0.8918007079504506,0.5107727892873741,0.5458726724726973,0.9029316112204655,0.8722512319713729,0.5590708985830011,0.8954023823601893,0.816981315853798,0.8956273847626326,0.20965018166423965,0.8794124535395721,0.7043793415035686,0.8991086132420374,0.22861852304937036,0.762752310983017,0.6681914410253773,0.8882932693469463,0.94831171741693,0.5283227686468668,0.919737437035689,0.7746009240200367,0.661216282455648,0.8569246572337175,0.7424335870011471,0.1901008709893831,0.9029316112204655,0.6940460060581837,0.6461271845520153,0.8368800968333165,0.9541896299485404,0.6516583495331281,0.9969075183938428,0.6220963004145228,0.5972797462791063,0.9541896299485404,0.7178532989576607,0.651376359697325,0.927411128575834,0.9279308103161219,0.3844684210022721,0.5622615639049684,0.8513970488424685,0.588976134802222,0.9190178597011771,0.8991086132420374,0.9375821720172512,0.5096347222597277,0.6138094444949617,0.5864735252623337,0.6909009692932591,0.7942152876357638,0.884812313639048,0.8730099998288604,0.5305546844946982,0.6557936520481542,0.5004897792014031,0.6984376606650693,0.6255680522829321,0.8040092425999463,0.9085235928818935,0.8748942312251947,0.8220068840377224,0.6985264456979186,0.829509762764606,0.7917518049064638,0.4105017903491156,0.649938903436642,0.6659609340158239,0.2219721383554183,0.903783809420319,0.859452390427899,0.8133077893013573,0.8814111757676197,0.8664957973805585,0.7451776224105655,0.9760557307924651,0.8918007079504506,0.9029316112204655,0.781680803964446,0.39463055589930196,0.9541896299485404,0.9068859994145182,0.7258203869075424,0.8918007079504506,0.9254867932704707,0.9109895373928905,0.7945968818762805,0.9225298131703901,0.8501123594345648,0.4494049181373132,0.9029316112204655,0.6774140883934177,0.5765591734598084,0.8057785301589873,0.8782540541553363,0.38526772654841734,0.8991086132420374,0.8756872102415512,0.582519907241744,0.8750464770419488,0.8321593044810476,0.9673483838836943,0.5471685175464542,0.37131778638687707,0.5735766845788901,0.8521602387539979,0.8882932693469463,0.8692580358410051,0.5733180795126458,0.588976134802222,0.591514645297784,0.45060606198864017,0.8918007079504506,0.6886457615829864,0.8485648350028436,0.3839344577930828,0.9352754349892364,0.9605021604012387,0.6870766246334195,0.8918007079504506,0.8918007079504506,0.8512300448035051,0.7951076341784311,0.31812854655040845,0.8918007079504506,0.8133077893013567,0.5305546844946998,0.6110990691093332,0.8015403392332581,0.6763839054942336,0.9637881401608365,0.34625106871387945,0.6135071886981751,0.5651558986528338,0.6083413221275917,0.8918007079504506,0.8219501824158015,0.2990085630630782,0.5552195748721929,0.6229018353156195,0.8818720990497848,0.4738334938261286,0.8991086132420372,0.5656126745131145,0.8918007079504506,0.49730392763644804,0.8120252635732317,0.7171230173651981,0.6694343071161959,0.8954023823601895,0.7142196141976218,0.5692746254673046,0.8918007079504506,0.778714795108338,0.677737376831387,0.8918007079504506,0.9395875575049129,0.8770635018866987,0.973916277808822,0.44581926880905764,0.5943299994299138,0.8918007079504506,0.7468229001064162,0.8637955550105685,0.989737435419342,0.6750574829815751,0.7932916370312411,0.8242724495767533,0.8046967529941971,0.40654212570211756,0.9375821720172512,0.8040092425999463,0.7581449596587455,0.726969184001057,0.7032995182082109,0.46952980211152373,0.9756143728488358,0.8920802319381609,0.9427946840319119,0.4781094974340879,0.8918007079504506,0.9109895373928907,0.7239710854030876,0.9572526268749992,0.9340712946921956,0.9785613318267481,0.9531644691774956,0.9927492796186268,0.9184588464635889,0.9190178597011769,0.7861543276554561,0.6749658363834112,0.9978886501497104,0.8910700451436333,0.4327552908279514,0.9109895373928905,0.6894029394143679,0.9605021604012389,0.9978886501497104,0.8148808572458526,0.7477912556728545,0.8266716361598099,0.6775937591229145,0.9898230070349534,0.8695195625728143,0.8732461925890397,0.8569246572337172,0.8688077246092831,0.8352962955703507,0.87005003410668,0.8513970488424685,0.7774548898518452,0.774728551226082,0.6796600945069258,0.8480961504580369,0.8718992107694514,0.8402398194588372,0.37332451760639984,0.5774913487372098,0.46732715170142936,0.9187384169477757,0.7302515647145396,0.5621155820723411,0.8349149021845175,0.8886114498000468,0.8627763408565623,0.4543064618029229,0.8718992107694514,0.7347168883482376,0.8886114498000468,0.8984515905607442,0.5224750007114818,0.6007351226801823,0.7984374348704286,0.9170148906754851,0.623044713866685,0.8272934304752526,0.9541896299485404,0.7871231918816962,0.8885957548866767,0.7617082565661866,0.9404297232868184,0.6191366150757751,0.8521602387539982,0.9427946840319121,0.9109895373928902,0.5136138002977042,0.6196779150243024,0.978220802103878,0.9363038471323669,0.9713844238365044,0.639566236235932,0.8902450233273334,0.8815270484708906,0.4627645794347084,0.8918007079504506,0.9483117174169302,0.8918007079504506,0.8918007079504506,0.6139057336845779,0.8627763408565621,0.4927685933822916,0.8918007079504506,0.6097474727852451,0.6706847695906082,0.8664957973805586,0.48492551111709625,0.784412290937859,0.9124787751675798,0.5614448033268877,0.7927381955186616,0.6589878493055459,0.8782540541553359,0.7966880594916558,0.9068859994145182,0.824547087224186,0.6665073006686879,0.6931533472456106,0.5911513659269192,0.8782540541553361,0.9873110786538148,0.5441487567623011,0.8031339745685986,0.3250678177831624,0.9760557307924651,0.39466669519288966,0.8688077246092829,0.8601724846083405,0.8920802319381607,0.6773208579170216,0.6778259922551546,0.7998787575170998,0.8627763408565621,0.854261670360065,0.9375821720172512,0.8688077246092836,0.6578645668168783,0.7875324569224389,0.7125204971390728,0.8161646208839831,0.9029316112204655,0.928013767227485,0.881527048470891,0.9172143641937616,0.5684098101723731,0.6556592334992677,0.5242449650011001,0.8691450109335102,0.8422078287242853,0.4896802960717217,0.7060411700429232,0.7927381955186614,0.5276928728503443,0.6439592526212664,0.8022815916598933,0.9000364304050872,0.8918007079504506,0.9427946840319119,0.9407885803754521,0.9279034959226291,0.8620401996063268,0.8688077246092827,0.9190178597011773,0.7378150491299368,0.6173994425491188,0.7562730750826562,0.583866216723897,0.915264150341758,0.5224750007114819,0.9340712946921956,0.7155631317971944,0.9190178597011769,0.8292611291742988,0.8282087968708165,0.5458726724726971,0.5933144033683211,0.9665813556610314,0.7819812476691061,0.5387559032922296,0.7088565492849233,0.8328308529694537,0.6403125748123593,0.6539215793390756,0.8402398194588376,0.7680697792418765,0.6266220791119596,0.8954023823601895,0.8523658765396676,0.8778543956220399,0.7718067781551381,0.8882932693469463,0.5472271533759234,0.5332146842647099,0.8898187755722902,0.8167281584272263,0.985470710432321,0.5269737227520537,0.8929170447517265,0.8852149430495115,0.8114940044756469,0.6945347867658724,0.8657679762547947,0.7833556479805837,0.8718992107694505,0.8882932693469461,0.9826577568433585,0.8422078287242858,0.8918007079504506,0.8756872102415514,0.8117024678648791,0.6046499711363769,0.3839344577930829,0.8918007079504506,0.7513728961529613,0.4475804760083928,0.7998787575170998,0.7118238016013603,0.838004138344743,0.45646960067154263,0.7468743994599163,0.5411106218724104,0.94170609328172,0.7204362893030186,0.6818613208532709,0.7593661840511858,0.9483117174169302,0.48377410360262085,0.6121256214101307,0.8700500341066798,0.4518516276492184,0.6993749881802709,0.8456737070075289,0.5346363886777226,0.7945968818762806,0.8750464770419486,0.720013368732187,0.674965836383411,0.9931306227817129,0.7726892627117845,0.9109895373928907,0.8918007079504511,0.9297118524554642,0.522169551741555,0.5943299994299138,0.8882932693469463,0.9427946840319121,0.9148161375677795,0.8882932693469463,0.8882932693469463,0.8271068874433856,0.8918007079504506,0.9148161375677795,0.8462633074936134,0.8918007079504506,0.42062302109111094,0.5621155820723412,0.9973897225041903,0.9375821720172512,0.9068859994145182,0.8954023823601895,0.8882932693469463,0.5005345127385041,0.6976503581176476,0.8627763408565621,0.6612963237243661,0.8918007079504506,0.40604752333314853,0.7546293577810382,0.8598295527538451,0.5913772505350527,0.48540208287214925,0.6570095370506115,0.7695478295226107,0.8657679762547947,0.7339147621196558,0.8356379386668252,0.9640062838948071,0.8429905361746886,0.6454187765136215,0.772072352395087,0.836692729474388,0.7550682856940838,0.9594101849401601,0.46408064526824355,0.9375821720172512,0.5599835287511679,0.7130292778012568,0.8918007079504506,0.8193769882721237,0.8434435999559715,0.915264150341758,0.5454709786124745,0.9813943157615574,0.8794124535395723,0.6739431583148774,0.9531644691774956,0.6325573854530756,0.5722033026062741,0.8918007079504506,0.8918007079504506,0.8169813158537982,0.6012627472743683,0.41993695352508686,0.8185235575907224,0.7202692659557517,0.5879670558090422,0.8161646208839831,0.6358898072505603,0.435818197371426,0.6645902104245491,0.8918007079504506,0.829941924828794,0.9427946840319119,0.919737437035689,0.42375909925211264,0.9541896299485404,0.6403125748123593,0.8918007079504506,0.8918007079504506,0.564920874604484,0.638863048411233,0.6750683520762015,0.9601639163785549,0.4658435356987731,0.8897015904236054,0.8722512319713729,0.9438766497141196,0.6635913067620822,0.41005647680424473,0.8918007079504506,0.357830582825739,0.6114558676920612,0.9326301365954337,0.9973897225041903,0.8159596094081112,0.7013383360433205,0.7837660335892471,0.31081399274413346,0.8954023823601895,0.8032612705870188,0.8918007079504506,0.6308179364408941,0.623044713866685,0.7856879905096839,0.5656311650363277,0.9172511268601798,0.8750464770419488,0.7974876343235751,0.2936624716359266,0.906885999414518,0.7200304036493876,0.7240217782225247,0.9148161375677797,0.9605021604012389,0.8600960853075241,0.8540589702876247,0.6173205650869928,0.9427946840319119,0.8882932693469463,0.753996034638418,0.8484356419795889,0.6633989785020463,0.8820316760174582,0.9197374370356892,0.663398978502046,0.9197374370356892,0.9673483838836943,0.48377410360262085,0.8542616703600652,0.7990833720880766,0.9279034959226291,0.9605021604012387,0.7962195722367191,0.8688077246092829,0.3873206326745072,0.8782540541553365,0.8882932693469461,0.9023795156406169,0.7741028849728393,0.8954023823601893,0.6412410240081319,0.8485648350028436,0.6714613240065259,0.6229363753254479,0.8918007079504506,0.099232521885118,0.8918007079504509,0.583238751336487,0.915264150341758,0.9983760863126883,0.8598295527538451,0.5560209385885752,0.8918007079504506,0.583866216723897,0.47402109314224516,0.8598295527538453,0.6020859340186555,0.6308179364408941,0.6015640166411407,0.9427946840319119,0.6530500820588985,0.836443510583915,0.8056555721018475,0.5778615999651071,0.5218419464298661,0.3596876177036774,0.6993749881802701,0.668361401837859,0.7110686243555892,0.8659700264580341,0.9607803343920254,0.6566740276930518,0.8352962955703507,0.4601482439315706,0.8918007079504509,0.8882932693469463,0.696552728096524,0.7406376711170974,0.691702203418457,0.5707068798077393,0.534852653545314,0.8918007079504506,0.5649822207758339,0.9243913438066863,0.40964960412527973,0.8918007079504506,0.6589878493055459,0.7317661902841768,0.9541896299485404,0.8920802319381609,0.8882932693469463,0.8280883723575232,0.854058970287625,0.8292986683070951,0.8548730528847575,0.7737994308014458,0.8148808572458537,0.4687996250535824,0.8918007079504506,0.9254062818990603,0.8918007079504506,0.9109895373928905,0.4155087790914713,0.7536267205171054,0.919737437035689,0.8429423482710732,0.765289917083215,0.7974876343235748,0.7118238016013603,0.8918007079504506,0.6911693527105323,0.6505795584451428,0.7631995554929883,0.6428430763463954,0.8429905361746883,0.9427946840319121,0.8402398194588372,0.8375645041075974,0.8457632233052683,0.7718067781551383,0.534852653545314,0.8457632233052683,0.8349149021845175,0.5788484422307301,0.7942152876357635,0.8457632233052683,0.919737437035689,0.6450673805036597,0.8954023823601895,0.6116493905945604,0.5854980800909929,0.8375645041075974,0.5357506092759179,0.9923252188511816,0.9135063197922981,0.9213841230197595,0.8402452115728436,0.8512300448035053,0.8882932693469461,0.9297118524554642,0.7879315246353276,0.5859178859863267,0.8084319781524085,0.8231943418333463,0.8348309150853281,0.9378032212692569,0.5462433624596345,0.8954023823601893,0.9375821720172512,0.9170701204122984,0.803797425093347,0.8722512319713727,0.7290858935709684,0.9347245437447826,0.9427946840319121,0.9483117174169302,0.949181108706318,0.8429423482710732,0.6487748799236184,0.9446358261174745,0.927147483653517,0.8893312823211612,0.6564814876197973,0.9650933208542416,0.9640062838948071,0.7986911660757188,0.5199675851165364,0.7018406933390284,0.8299419248287938,0.8976055301636117,0.8859854105734218,0.9057013371667025,0.9555941525500815,0.8540589702876238,0.6857147932695531,0.8688283624421212,0.8398630498001979,0.924853426942098,0.9229260449353887,0.7550682856940836,0.8834118554462096,0.6556592334992677,0.8124984997946185,0.7259326563352109,0.6007351226801827,0.9698578908306781,0.7581449596587455,0.8456737070075291,0.8315764753314665,0.8861868381096158,0.708856549284923,0.8596447662003531,0.637076217106679,0.9443957023935474,0.6588356679872003,0.9099152708765409,0.5901693537318445,0.8700500341066799,0.6998953667208339,0.7947876826917335,0.9483117174169302,0.7718067781551381,0.7753016271609579,0.7695478295226106,0.915264150341758,0.9374655347908343,0.9109895373928902,0.7835764397998668,0.9483117174169302
p27_E,0.8112058531730224,0.910888408830471,0.6496728330986203,0.8071962336586854,0.8605006952168124,0.7768546873095725,0.8937807766015999,0.9565681736730507,0.6802492126081054,0.764418092698022,0.8759144031389283,0.825672787074978,0.8256727870749783,0.6434027228239725,0.8379488315391155,0.9446352198140091,0.9954207693560855,0.6395057148039129,0.8930334991339012,0.8379818769593004,0.6332893001393844,0.9933425284496658,0.9044070319187587,0.8000054315513374,0.9847437739421487,0.7722474481848001,0.72475552951042,0.7415433094883432,0.8379818769593006,0.727011091077972,0.8137254184909883,0.8485170805722069,0.7672171847792587,0.9079340780783289,0.8605006952168124,0.9281584116206856,0.8367671217737243,0.8200643122402079,0.7768546873095724,0.7422680436176828,0.5056565477927686,0.8917301915843563,0.8747439046690526,0.7292298338532379,0.9775127066593481,0.5034534843116272,0.8738328753514066,0.7543983721682004,0.8313406383058033,0.640312574812359,0.8597779310791209,0.5455406793260301,0.7722474481848001,0.8308284328760598,0.8892764867245644,0.7540636738128108,0.6224824389508058,0.831146423199498,0.792362824623994,0.848096207138171,0.6876949289878553,0.8847708894878714,0.99849623165068,0.6578840797470114,0.741125226891358,0.6111844489400955,0.8921895964511959,0.7431333050315445,0.8584149497494582,0.9632833241074701,0.6955090675675228,0.7868043409617426,0.8898549672341265,0.593235706431235,0.831146423199498,0.7976730466804696,0.9323780417808738,0.7196810916449257,0.4644933105588265,0.9704110250992255,0.9218833442529988,0.9379250310364494,0.9468347264434094,0.7752549848834406,0.831146423199498,0.6879613239088735,0.9685827185265123,0.6177252327984795,0.9416399312605794,0.8541959247310256,0.831146423199498,0.552852661450117,0.0,0.517626447162888,0.7548990778408027,0.6692022510066769,0.5856542447716246,0.7751082245694467,0.7498404974895847,0.5521720573702735,0.9075751144851482,0.8133482612876617,0.7285394965407901,0.8435493678214296,0.8471532217599294,0.861092113458608,0.7721487960046929,0.5794875038844851,0.814798217326564,0.6927583931276633,0.652542938704856,0.7632379735095631,0.6771647458540255,0.8277818195714688,0.8738328753514066,0.5694916264700405,0.9625450404891647,0.8227836741603319,0.8542772224254334,0.6538176494231529,0.7479563121220592,0.4303924528313716,0.7239209861454203,0.8290260913415912,0.9532464749575043,0.7554896689229906,0.8670360756633027,0.67967387753332,0.9682884753552112,0.8138501482580387,0.6505577109636178,0.9071939202959411,0.8921895964511957,0.9704110250992254,0.6976890055258533,0.5831520079672401,0.8246440629341945,0.8597779310791214,0.8485170805722067,0.8203324548260424,0.7080768943739071,0.8677629859955867,0.8059845711411475,0.5477907274045486,0.5702586670593575,0.7762916917582812,0.8062690879766199,0.6759705837415657,0.9014415776298372,0.487098605817222,0.9483275533512169,0.758607622182861,0.7018870863877845,0.8456424389192833,0.9570129271953451,0.7901008342696882,0.8060742873639479,0.6424952945599147,0.8586781554777043,0.695305393398185,0.9150271430053467,0.9676785343596861,0.8677195137462373,0.6600310326575616,0.7747573908437807,0.5244606974532662,0.9334979282922615,0.7762832712669765,0.9892510887603503,0.8500977929873388,0.9505155556390591,0.968288475355211,0.8073322099805087,0.9974906540334718,0.8175088949572928,0.7889005120100775,0.8579085866471164,0.9200737804187118,0.7662673353495676,0.6879885471855343,0.9224597151030742,0.8039761428506567,0.9169832390321795,0.8541959247310247,0.6297145143238718,0.7411792820718505,0.7236277859169606,0.8617203087575698,0.8050001170467127,0.9746255914050477,0.9297937743647984,0.8720786106792688,0.6330636128314974,0.6672051697373145,0.993197951634618,0.831146423199498,0.7091985698826023,0.8465025174284118,0.9077513902589425,0.7136608115467576,0.753269441735612,0.8827190623870713,0.831146423199498,0.7858698069027956,0.6419605063210319,0.8011999848286613,0.831146423199498,0.7357638386820549,0.794738609509096,0.7322505269126647,0.6359942850254356,0.6479511528595103,0.717957010428276,0.831146423199498,0.7708822854605779,0.8311464231994979,0.732621296204651,0.684187733222158,0.6343263209959569,0.831146423199498,0.9617006005988104,0.831146423199498,0.7763245529550403,0.8344864653765725,0.6596704856482329,0.6972468596514845,0.8133482612876616,0.5794003638153495,0.8203324548260422,0.9520595506460041,0.981897661627181,0.8159162186471031,0.7012515826818999,0.8155698219961852,0.8597779310791208,0.6993774520017422,0.861278982664704,0.7698016927824238,0.7914326991933018,0.7374039932622705,0.7565155320112118,0.8059551014641192,0.5238911377373057,0.9591512163866867,0.831146423199498,0.6938529778897937,0.831146423199498,0.8929073037318673,0.8039190767631206,0.8809287459442816,0.8239901380012877,0.554213845574351,0.7091985698826025,0.8089612803250947,0.9847437739421487,0.5929148878272972,0.9218833442529991,0.6232685329202221,0.7195026022793825,0.6210131465558522,0.8846138555005438,0.7917846938674518,0.8256727870749789,0.8883704299920676,0.5359186424026273,0.7768546873095724,0.7357638386820555,0.7094237786319908,0.8687280692572843,0.978410227345738,0.6149250255613028,0.9133404113163561,0.809205977612754,0.6807900047682083,0.6146310524726988,0.861092113458608,0.5358791461168746,0.9035377329311274,0.8209158355527626,0.8807558101401551,0.861092113458608,0.9719144914099879,0.7027478124892741,0.9894170690238606,0.6159951286944998,0.6843511005326504,0.7507844886154752,0.9933173148054264,0.6771647458540255,0.9036237117624286,0.8133482612876617,0.9051147616874997,0.503907684517122,0.822783674160332,0.685133166537027,0.6282844362396152,0.7732209641531294,0.9263926359179862,0.9632833241074701,0.6991852245234758,0.8090724896337732,0.7909750128041543,0.8273662657070467,0.6473315937465642,0.9809747883816142,0.9697576929681274,0.6977317462736228,0.7608589935161956,0.599535495610042,0.9902123767189404,0.8945019118085962,0.7773314478510094,0.8060253664481172,0.8764443206074388,0.5847123870790785,0.9115456612205781,0.8023224659261183,0.8747637690899392,0.9474335209248268,0.9759229255035987,0.6639765962328369,0.8425509890153133,0.831146423199498,0.8485170805722069,0.8390075417279437,0.6395057148039137,0.861092113458608,0.8883704299920678,0.946142111676649,0.831146423199498,0.8147982173265638,0.8962170259453923,0.8542772224254337,0.7946611906488801,0.8742127300807896,0.6571029618756012,0.9133404113163563,0.7094237786319906,0.522845371818395,0.8938665427610049,0.836429359263613,0.37911741334677196,0.8759120339598481,0.7499363066923372,0.5379637233866092,0.8050001170467125,0.7579221928676798,0.9521664397849137,0.5736033088489991,0.6378223291869447,0.5894445342317003,0.9954207693560854,0.8256727870749789,0.97861720980109,0.7108885075491741,0.6389327354345915,0.5283595737197166,0.42936796073507555,0.831146423199498,0.6382259668753822,0.9418282974804593,0.6663635233670092,0.8824176438930584,0.8677629859955873,0.7826275311962174,0.831146423199498,0.831146423199498,0.8981450843218931,0.9592737916207061,0.5858727128198189,0.8311464231994979,0.9115456612205786,0.699185224523476,0.8071962336586853,0.7080561574456965,0.7050721648617384,0.8898549672341265,0.5898743736727002,0.8828584219345673,0.5060552930528184,0.5786915231168459,0.831146423199498,0.7846002015026552,0.601723433564676,0.5597626817954937,0.5435489753277347,0.9331493976029286,0.7071704992283983,0.7820663749515684,0.6131661806548645,0.831146423199498,0.4708015503306118,0.9532464749575043,0.7137587399870475,0.5827721189493265,0.8670360756633029,0.5641747264943717,0.7407936210487829,0.831146423199498,0.7374727841958166,0.5541216598902146,0.831146423199498,0.912411300701869,0.9376799729862777,0.7077826148656163,0.4325912248882834,0.6219327159245696,0.831146423199498,0.8206310328188512,0.7015098343879946,0.9220526430026652,0.9033576820936606,0.8050053672675905,0.7808458192012897,0.7312889707786334,0.5338353212030527,0.8425509890153136,0.8298385072851566,0.7322505269126647,0.832928253827891,0.7855969998493648,0.7548491361734445,0.6861552028238622,0.7858515963541475,0.8485170805722069,0.6847554714970894,0.831146423199498,0.9313419384321768,0.5717271528174265,0.9034704863521146,0.8506391215629192,0.8672091768155115,0.8203324548260424,0.9765716106894419,0.9578429373320376,0.8480962071381712,0.947158625829008,0.8166023125927325,0.8824850645347537,0.6615689764465453,0.7268235569901189,0.8962170259453923,0.7463578119519241,0.8677629859955873,0.9599700120227945,0.9758858100096267,0.7445605744380659,0.7838191822419531,0.8011999848286611,0.7526030521409044,0.8381217296276056,0.9885434338683795,0.7997217022760683,0.7342995623956456,0.9601177773826046,0.9697576929681274,0.9933173148054262,0.7593691010498389,0.9502521418132894,0.8209158355527628,0.8008624733045706,0.8000885584109012,0.7716961843536447,0.732038310800996,0.7980280053277118,0.7358571338518924,0.9233796586902148,0.9079684597395417,0.8500378803168913,0.9709897444933984,0.8514584170929149,0.7858515963541477,0.43475942128307077,0.8000885584109012,0.889646320230395,0.8280565779961775,0.9858539969985172,0.9404257668148814,0.7820663749515687,0.7990568456988291,0.7495867444139478,0.8441871537990804,0.8008624733045706,0.861092113458608,0.9602566067811424,0.8500896133841158,0.8421718659231513,0.8767530976833107,0.8059551014641194,0.7247555295104209,0.9457520766884309,0.752533849186763,0.829026091341591,0.5392786020409304,0.6340699050068417,0.9682884753552108,0.7750032857403688,0.5033929552270844,0.9688311653140605,0.842180086736515,0.5917241788953302,0.831146423199498,0.8546882169814702,0.831146423199498,0.831146423199498,0.5521720573702731,0.9997120693732493,0.6773217720334426,0.831146423199498,0.5963191737212761,0.6995896087742906,0.8138501482580384,0.7468790002096848,0.7846002015026553,0.792362824623994,0.5524331951072434,0.8495661380172144,0.5745085852306897,0.8993350034316339,0.907357546175404,0.8883704299920681,0.745720042739128,0.6272243115931979,0.6460118735299281,0.7869968572042476,0.9157000504550397,0.8742662697405406,0.6319863604404521,0.8421718659231514,0.6994471154305828,0.8425509890153136,0.632189555468829,0.9571378517040273,0.924252829799068,0.8329282538278908,0.6324215938202666,0.9424220209907138,0.7231512755853582,0.8096778557177697,0.8540981791167113,0.8425509890153133,0.8200238589875921,0.8000054315513372,0.9413683139735407,0.6499120269287018,0.5720106714236928,0.9133404113163559,0.6959541036177561,0.9412877213869522,0.7072792820270304,0.5378284473821354,0.9746652493326958,0.5597626817954939,0.9255299981779959,0.8929884899833643,0.46132808374109135,0.6381327855337311,0.8668676002535944,0.496829084495803,0.8085789921651069,0.9596479731188965,0.8232183094186658,0.831146423199498,0.8485170805722069,0.780174677544047,0.8898549672341265,0.558853970189856,0.9438229086033587,0.8758599594503003,0.9681394547088228,0.5772950689709845,0.9044070319187588,0.6304459473801325,0.8747637690899399,0.5738532896713227,0.9264649662909465,0.6853239153662818,0.8203324548260424,0.9786056946230592,0.7066386415346178,0.7083613830184102,0.774112157359288,0.8095686302912926,0.6622136417605187,0.5047154119660231,0.8154447905417892,0.9538178719589283,0.7010860948152844,0.502448625576758,0.7927108014223161,0.8379818769593002,0.8210327327828971,0.9578429373320376,0.7241064680630944,0.7803602890716941,0.660124649658655,0.8256727870749789,0.5389573999324995,0.4593120554574188,0.8542772224254337,0.8850895877129308,0.8738328753514064,0.7660742388539771,0.9880371141217228,0.7632379735095629,0.8788885674977214,0.8920699425476069,0.9847437739421487,0.9014747707655855,0.6944058100689159,0.9682884753552108,0.8809287459442814,0.8929884899833644,0.831146423199498,0.9538178719589283,0.6177901399138369,0.4987486972299995,0.6064212361774743,0.8311464231994979,0.766173875119116,0.40182826524124327,0.7054231022866064,0.8890929890760417,0.709384520801831,0.7303563094723724,0.6660196617476939,0.7660387405349748,0.8086480320778103,0.9222852584396121,0.5992299541745658,0.6255065515247967,0.85468821698147,0.7871031550188036,0.5786220273301376,0.9676785343596861,0.6892498442694681,0.8155659548675025,0.7591615797799518,0.7909750128041542,0.8929884899833642,0.7817468296837362,0.9075751144851479,0.757893768558104,0.7613692932475999,0.7800133074464198,0.8962170259453925,0.9779177832860688,0.932378041780874,0.3560953686108441,0.469539448992603,0.8256727870749789,0.9781637420605056,0.8151135627519484,0.8256727870749789,0.8541959247310256,0.7894357495388348,0.831146423199498,0.8600881494332524,0.9238875423353753,0.831146423199498,0.7039066400690761,0.8339999282603134,0.861092113458608,0.8425509890153136,0.8883704299920676,0.8973050295528813,0.8256727870749789,0.42506355254871186,0.6258935948256297,0.8335041150813927,0.6719126550105698,0.831146423199498,0.7363883652211718,0.8759120339598478,0.8677195137462376,0.45283358136129515,0.7636585411208542,0.8579085866471163,0.8908122932200716,0.8938665427610049,0.9376998480057147,0.9424224160797435,0.831146423199498,0.9094078420027492,0.8370631386843066,0.8920699425476069,0.650500019428899,0.89660806267699,0.9632833241074701,0.6531954489295632,0.8425509890153138,0.7900290113964535,0.6357805749550776,0.831146423199498,0.9633736726793029,0.8086679946499787,0.7644180926980222,0.41081214764010654,0.8692466107210819,0.9977091889810265,0.5332644000596742,0.8203324548260424,0.419040657016317,0.5991225596395529,0.831146423199498,0.831146423199498,0.752215408761475,0.9184239733629298,0.7178973060732831,0.5377207162525304,0.7826275311962174,0.4454330918668805,0.6120175812680184,0.6133895946432328,0.6712294842012756,0.6472453939908467,0.831146423199498,0.8225552690974187,0.8485170805722069,0.7768546873095724,0.3673695893451723,0.861092113458608,0.556762327572538,0.831146423199498,0.831146423199498,0.5507247750321704,0.7872480405754183,0.6658468254960148,0.9685827185265126,0.40368152364915333,0.6240557393127353,0.823990138001288,0.8177766435217089,0.7531852169872144,0.41631820784236306,0.8311464231994979,0.4981344567800474,0.6768886947838195,0.8670360756633027,0.8962170259453925,0.8105965979804761,0.9103582585775505,0.856318330429716,0.5707919514912185,0.8367671217737245,0.8660201316970727,0.831146423199498,0.528092015134902,0.6489048664363217,0.8516049839559854,0.8641329281788616,0.6177901399138368,0.9341416961934477,0.7718693725907659,0.617060331861297,0.955734856013263,0.9826475430374382,0.7261053578287804,0.8692466107210817,0.9851094454818564,0.9061651223805667,0.7948723265313882,0.5703778662824661,0.7625429349628967,0.8541959247310256,0.6619969401135073,0.8292624157908433,0.9376998480057146,0.8798287190821261,0.9704110250992254,0.8612536930099466,0.9134551722269832,0.9521664397849137,0.8217060794915637,0.7741751295306649,0.704350425350311,0.9192092392514406,0.8011999848286615,0.9323780417808739,0.8695434788338985,0.6900832534960766,0.7672171847792593,0.8541959247310249,0.9169832390321795,0.7128408123616987,0.8908122932200713,0.5102214771880378,0.804304728947955,0.7367908232366314,0.6938023875186605,0.831146423199498,0.488305880351115,0.8605006952168124,0.5536041843640431,0.764418092698022,0.9377344362385001,0.7812528998027037,0.7990085178894019,0.831146423199498,0.5159595161452553,0.46132808374109124,0.9613268701331867,0.6346924315402132,0.697465612505368,0.6472453939908465,0.8485170805722069,0.5771684953318954,0.6476870076139745,0.8814875625540062,0.616100949415594,0.7614494757370232,0.7022641248928424,0.9908777073428441,0.8091019944642683,0.8166023125927322,0.8466314274069855,0.945977874973897,0.6105812845879628,0.8841690624899745,0.4408014943678761,0.8311464231994983,0.8256727870749789,0.5554005573821013,0.4601446171169352,0.9975483450401365,0.5849473607318387,0.5311287237980475,0.831146423199498,0.5997170753053074,0.6307608814953939,0.7457736670956678,0.831146423199498,0.6811936781488921,0.9786056946230594,0.861092113458608,0.8096778557177702,0.8541959247310256,0.64487641444574,0.8627469615711523,0.9584376755638824,0.9952959377264842,0.9440344297281802,0.7852757351006462,0.4431555281266515,0.831146423199498,0.8023806185941758,0.831146423199498,0.7876587616735475,0.5662245699912329,0.6620127827050362,0.7768546873095724,0.776203806106216,0.6288003883265918,0.7718693725907664,0.8276704225130245,0.831146423199498,0.6921085935872742,0.715348190430827,0.8811982424454801,0.8290260913415912,0.8230306155120636,0.9133404113163563,0.8920699425476062,0.9746255914050479,0.8767530976833093,0.7088394624313086,0.5184813118167222,0.8767530976833093,0.8686188002217028,0.7301312695908228,0.7576378500021401,0.8767530976833093,0.7768546873095724,0.8205047415766167,0.8670360756633029,0.8355534207570858,0.7179570104282758,0.9953636883061072,0.6805048009723386,0.8339529181093643,0.8803652317588887,0.80967785571777,0.7143848277190621,0.9905141723179569,0.8827190623870715,0.9076182318577206,0.681434280035617,0.7662478559500073,0.6060636702977298,0.748933868707087,0.7808254374878805,0.5832826525135296,0.786804340961743,0.8000054315513374,0.8738328753514066,0.8273837912772664,0.8622465382546673,0.7591615797799518,0.8302575514849223,0.8736729417943332,0.8485170805722069,0.8546882169814705,0.9792955950463191,0.7548990778408027,0.7691218747752878,0.8824176438930582,0.9818423550403623,0.8956026468942946,0.796754796123528,0.7879827192955131,0.831146423199498,0.7617065095113014,0.5482670879044759,0.8400611659638743,0.7032806994712861,0.7637075178221631,0.9095362919443466,0.9143184291124299,0.9654703853312546,0.7722474481848001,0.8330216254486862,0.9681394547088228,0.9961674840897725,0.9835857900271097,0.9908515472881888,0.9218833442529992,0.8187062822775586,0.8035264233964157,0.8329680311109854,0.9826330075788493,0.7507844886154753,0.9275739834424592,0.7792581695533518,0.7591615797799509,0.9384758066320343,0.9350606110092428,0.8012449359786402,0.9664401165253287,0.818738765116283,0.9313874640745576,0.6132394676830217,0.9918694516733388,0.4756768347639615,0.9384758066320344,0.6857439980993221,0.9847287092299237,0.8546882169814705,0.6438863787344355,0.924252829799068,0.7697364776617588,0.8011999848286611,0.899533638676101,0.8227836741603319,0.9647128095301329,0.8546882169814702
p27_P,0.9472293330807064,0.9413449729068444,0.7079132371954757,0.9944569952319231,0.9786830148361518,0.8923606027185702,0.8933379815784532,0.9244249143523564,0.4842125393389105,0.8863615183906011,0.854851901502441,0.9092425243811154,0.999454910056343,0.8001909810660306,0.9963724899843664,0.8040474057454425,0.9591369811161655,0.8042798049713857,0.9546904346937621,0.9639168532621702,0.7451386401842763,0.8762657667398075,0.9666849854845854,0.9235477589143899,0.8711731485657734,0.5278502511680846,0.8411169961963989,0.8925212469976896,0.9251391858263862,0.6899800213984002,0.5939167304410535,0.9723334018549192,0.8645849121197557,0.6488679857334372,0.9903699584566829,0.9917212152279962,0.9235477589143899,0.8367276131213963,0.8923606027185707,0.823962370856852,0.748251959191804,0.8766243034974328,0.9035807460778029,0.8934139703401082,0.9591369811161655,0.7929890038120266,0.8976747065462736,0.6555406814877165,0.8004859585899782,0.6966573862269401,0.9381630884742409,0.7284331181027732,0.5278502511680846,0.9413449729068448,0.9481568091148351,0.8660988083925416,0.7967384102359392,0.8548949080074899,0.6601277645562937,0.9041422866074329,0.4647065277419117,0.5832773915886973,0.7902277291132943,0.7482519591918038,0.8751256559556833,0.4883745059909832,0.9381630884742409,0.8849258868944804,0.9930200133358764,0.991721215227996,0.7750851240265348,0.8709151953906009,0.8975288783351871,0.5061381986499888,0.8548949080074899,0.6756503927816966,0.9932178814146742,0.854851901502441,0.5068435706924821,0.8923606027185704,0.8814986128738731,0.9353767630306682,0.7893714037258492,0.8519848009614233,0.8548949080074899,0.78528951053851,0.9932178814146742,0.5924857862449701,0.9038060185617727,0.850191113818277,0.8548949080074899,0.6909009692932593,0.517626447162888,0.0,0.789371403725849,0.8172145919726863,0.7688157534987352,0.7783639690929038,0.7523441863035254,0.4984318269310678,0.8429786756736739,0.9636331722389384,0.854894908007491,0.6828392480356276,0.8611565107018231,0.8806288736252947,0.7348416307782748,0.5777642501142164,0.9479589009512399,0.5101547653465042,0.8183163223251755,0.8808735852059528,0.7047845446498009,0.8372776262665516,0.8646954736999413,0.5694920149216104,0.8952765084297515,0.9176596541595285,0.9331723329592954,0.6547786150449499,0.9131565421461654,0.7219041576473437,0.8455778977706183,0.8965213887031274,0.8617852230983503,0.6864097358508281,0.8597250809841579,0.9207271272316431,0.999454910056343,0.9593985904849387,0.6192779371947561,0.9966124050852709,0.9381630884742409,0.973984063200021,0.8411169961963991,0.7287989468300797,0.9472004270148456,0.9381630884742411,0.9381630884742409,0.9041422866074336,0.763789235813101,0.8863615183906008,0.7348184136072597,0.7415934873032608,0.7451386401842761,0.6163030535076772,0.8438052804971192,0.6178529134887853,0.8473678574069078,0.5857475738982814,0.9639168532621705,0.838508509424248,0.8225277886974782,0.9211610332635971,0.9381630884742409,0.5656509102044183,0.7695112629084568,0.8343218137839692,0.9730036100516462,0.6890468584081042,0.8384088096041324,0.9636331722389386,0.8613619137682154,0.8420075281657871,0.8118238203488386,0.7612950419868552,0.7869288904175159,0.7482519591918038,0.9860214269225274,0.8017352681025608,0.9728718825468239,0.8501911138182774,0.6483784045112432,0.7889571806739099,0.8505220425081081,0.9052015177941279,0.8806288736252947,0.8457810690967056,0.8347899871232638,0.7582475000207012,0.9043127811274354,0.6666382463088532,0.9720602625753867,0.9693841148312672,0.7970039216090052,0.6696813869118332,0.6253394089596425,0.828626027653326,0.8596557135751435,0.8696125867945619,0.978776890023786,0.8886885557651495,0.6148444713923917,0.4960545262825061,0.9185202024822343,0.8548949080074899,0.8597250809841577,0.9626826982918237,0.8594375870573796,0.6974924105936791,0.5435469751069902,0.999454910056343,0.8548949080074899,0.7465567237826389,0.5625906059795509,0.8863615183906013,0.8548949080074899,0.8512540609162242,0.6376308982861165,0.5809756420672596,0.6601735216024927,0.7840179390929678,0.8501911138182778,0.8548949080074899,0.9726897842168929,0.8548949080074899,0.6607660268319613,0.806105167956203,0.7811315686837463,0.8548949080074899,0.781943457625851,0.8548949080074899,0.7557497972544782,0.718497031988192,0.8020225374004382,0.739767083414038,0.8976747065462736,0.5251321345394291,0.8748720807652381,0.8159705917998175,0.8888047999382598,0.8437598061457672,0.8074516342931111,0.9138839613882261,0.8698224617128842,0.9486052576650936,0.9909073906073518,0.9678729399187965,0.8645641382696967,0.8391161539005897,0.6376308982861161,0.8981872883928088,0.7219041576473437,0.920236478339396,0.8548949080074899,0.8037108267422858,0.8548949080074899,0.8729022014805876,0.7780618604319121,0.9723334018549192,0.9107989982955752,0.49857900277704204,0.8597250809841577,0.8864953807887265,0.8199826469754623,0.7453301990621899,0.9614387469881691,0.6382641828462642,0.864695473699941,0.7107153083492461,0.8261120073405324,0.8205738375912713,0.850191113818277,0.9473253411290727,0.8420619708397894,0.8923606027185707,0.7679462676222647,0.9067925897788632,0.880873585205953,0.7544574491702358,0.7363469248365095,0.9723334018549192,0.930958775493316,0.7913625433031659,0.6649973467077732,0.8806288736252947,0.510154765346504,0.6671374622386994,0.9847199958723034,0.8998769166028209,0.8806288736252947,0.9666784839794007,0.4897907153660612,0.9828351417121214,0.7625725168644146,0.8217760937511294,0.864695473699941,0.893062625536877,0.5435586696806004,0.8456018749230434,0.8646954736999408,0.9044498963757315,0.5848286606250364,0.8806288736252947,0.6670799670939955,0.6853907833289257,0.771190106506203,0.9949409110718686,0.9712480042377701,0.8548949080074908,0.9413444321912234,0.8456018749230434,0.9039927750935628,0.5608488820522162,0.9895700925407885,0.9044498963757317,0.8474387831237271,0.9242050236411872,0.6347833138536378,0.9132765688973146,0.9872634818419584,0.707907501104732,0.8995207378954855,0.8564320795926286,0.7450454985422065,0.9585278118662608,0.6680652740781099,0.9973054793020452,0.976347968942274,0.8788044882391493,0.8180894874330027,0.8384914306830664,0.8548949080074899,0.6859634643382957,0.7950040077151332,0.8042798049713866,0.8806288736252947,0.9473253411290726,0.9704742947185812,0.8548949080074899,0.9752553466632938,0.9176596541595285,0.9331723329592954,0.9963724899843664,0.9463520474273119,0.8366902973473977,0.9381630884742409,0.6290999454656658,0.621540008690441,0.9479589009512399,0.6896983039064879,0.6162225474109939,0.9636331722389386,0.5864039781793895,0.6511877517274942,0.677438483545211,0.6550354991584713,0.903580746077803,0.5138221869052275,0.7889559462801308,0.5189551220146466,0.8696521422946042,0.850191113818277,0.966958381622455,0.7876187561258228,0.516687690519067,0.4853787997409311,0.57735233684826,0.8548949080074899,0.559736242156559,0.888228635700377,0.7926601610352828,0.9088164607327509,0.9197501444304763,0.6594729089912397,0.8548949080074899,0.8548949080074899,0.8474387831237267,0.87030328229123,0.7156716466844366,0.8548949080074899,0.925139185826386,0.854894908007491,0.8001909810660303,0.7239232904807396,0.6690483334948223,0.9594229317495174,0.8258859061755139,0.8501624963707037,0.6177930271854799,0.5463239916238146,0.8548949080074899,0.757067104963904,0.7612950419868552,0.4830538940129464,0.528289292049279,0.8477492464850378,0.7194100428364407,0.8646954736999408,0.5419142141944172,0.8548949080074899,0.6345920437515338,0.9473947929414994,0.6197950373520741,0.6939496555896667,0.9873704368446219,0.655948933508798,0.8645849121197562,0.8548949080074899,0.9476733952650345,0.6729514084877111,0.8548949080074899,0.9570659480326571,0.7860975256935496,0.8736985957935246,0.5670899981887008,0.5474603750944265,0.8548949080074899,0.6477914775229754,0.43147908406201707,0.9473253411290724,0.7498484354312016,0.6889379663855882,0.6996466410491027,0.539299887137181,0.7556157663940579,0.8976747065462733,0.9187536952279896,0.5644562206194587,0.9164468542563295,0.7247356958291965,0.795223057041964,0.7381529778608813,0.9666849854845858,0.8698224617128842,0.8519848009614241,0.8548949080074899,0.97124800423777,0.7912780943052793,0.6834363392347178,0.9852678302689666,0.8613805421043885,0.8456018749230438,0.9187980232504689,0.9168955462600301,0.8456018749230438,0.9880854583596013,0.854894908007491,0.8952765084297516,0.7182418411530607,0.8355323421260519,0.9546904346937624,0.654433445111591,0.9973054793020452,0.9685747260174116,0.9918040510987136,0.7524045135664732,0.8762657667398073,0.925139185826386,0.7221359571451169,0.811066256170524,0.8099868446087757,0.9536242185949373,0.8240592260016002,0.8497247121073035,0.8646954736999408,0.9403666876523291,0.8017477444523513,0.9957088684631714,0.9600483794514858,0.823781758723816,0.9852678302689666,0.5717618660560179,0.6973231591882434,0.72041032625993,0.7654827920459808,0.9020666889197554,0.8819357168234376,0.9076436079668102,0.864946319121328,0.8425786891819735,0.9579578176730305,0.5875129042268048,0.9053276961546702,0.8221251182806015,0.8919219220236083,0.9392500649234912,0.8100902097066466,0.864695473699941,0.871061305941401,0.6284939874490427,0.9911677608622447,0.9444031718138115,0.8231248821008345,0.826572082682927,0.7136696541291571,0.946145257121781,0.953612490118064,0.869652142294604,0.8411169961963993,0.9251556580030461,0.8806288736252947,0.8079019311629851,0.6525303859493295,0.830190024375091,0.8501911138182774,0.8802619090433537,0.7939158711795895,0.850449768561802,0.8411169961963991,0.7107153083492466,0.8548949080074899,0.8751256559556833,0.8548949080074899,0.8548949080074899,0.4984318269310677,0.8159705917998177,0.8097772821314799,0.8548949080074899,0.7905428280400082,0.6796524751447854,0.9191015393620439,0.8548566580712742,0.8375100704070284,0.7943572239667065,0.7252207012825325,0.9861131747161865,0.6278340612976955,0.976014108113195,0.9729999788421138,0.9816550577048297,0.5147244383607925,0.6384442149453864,0.6362615111476453,0.7857470667779494,0.9404139948917262,0.9041422866074331,0.7302112212794012,0.8751256559556833,0.7206961975084263,0.8646954736999413,0.8055462835623908,0.9284723074780148,0.9536242185949373,0.8662087230280735,0.4435121377278082,0.8040225658659899,0.6329174194989626,0.9918040510987134,0.9190496392992269,0.937429129222064,0.9023690371089113,0.9235477589143899,0.953971587538528,0.7188651805378306,0.7676192820542915,0.9039927750935628,0.7088911448426267,0.8411169961963996,0.5150112714410904,0.6847810669273331,0.8501911138182778,0.5494318756568729,0.9465964222719856,0.9331723329592956,0.6332818726742112,0.5688604802726407,0.9496327051214063,0.5456733382780137,0.8762657667398075,0.7561978138663652,0.8351703129482776,0.8548949080074899,0.8698224617128842,0.7092475176365659,0.9167889614218214,0.7968099283829762,0.9932178814146742,0.8909662724972011,0.8792142714664986,0.6144521876050246,0.9415659198704576,0.5522529751235997,0.8863615183906013,0.6368483552160158,0.9880854583596015,0.7154858023720787,0.8748720807652388,0.9961285928884455,0.7709273060583217,0.7780618604319121,0.8613619137682151,0.7319935365515708,0.6700995023663316,0.5263319243398319,0.8215771281461383,0.9971693047936232,0.8322578670113339,0.6778781623259729,0.6603813235961624,0.925139185826386,0.896768399360929,0.9873704368446219,0.8481898823211189,0.894912000729236,0.7239697953685844,0.850191113818277,0.5241792607624358,0.5598585599203845,0.973984063200021,0.8038185419439479,0.8714706635293993,0.8264651606032569,0.8834775282276042,0.8323731629466302,0.8998769166028207,0.8079019311629851,0.9752553466632938,0.744868417536215,0.8282051901310086,0.9103327042684297,0.8698224617128842,0.973984063200021,0.8548949080074899,0.893062625536877,0.7814192517493641,0.516687690519067,0.771595247991292,0.8548949080074899,0.5857395223841,0.6490718173520489,0.7076778158354315,0.7786058683809314,0.7252207012825329,0.8099868446087761,0.4867690198707221,0.8004906099018312,0.8841625880643922,0.9372103015663511,0.6770816277663241,0.7892864396366654,0.8751256559556833,0.758523538120353,0.7967384102359392,0.9966124050852712,0.7982103859933596,0.8923606027185702,0.6374144467755309,0.8456018749230434,0.8923606027185702,0.8324259604645756,0.9816994719868783,0.8548949080074908,0.7465864731141025,0.7676325931399142,0.9546904346937621,0.9477359881289866,0.8762657667398075,0.5593540437044764,0.4537408263899011,0.850191113818277,0.9723334018549192,0.8696521422946042,0.850191113818277,0.850191113818277,0.8097772821314799,0.8548949080074899,0.869652142294604,0.8479439764127996,0.8548949080074899,0.836690297347398,0.7385619389237466,0.9176596541595283,0.8976747065462733,0.9473253411290726,0.9235477589143899,0.850191113818277,0.5642038261214282,0.4045453633198327,0.9077196864447743,0.5383176402298661,0.8548949080074899,0.8290935854737118,0.8976747065462736,0.8613619137682156,0.4969423723308355,0.7570968852495339,0.8806288736252947,0.9554590978795059,0.9479589009512401,0.9392500649234912,0.8711731485657737,0.9167889614218212,0.8788044882391495,0.8816813782464903,0.8743665243180916,0.7870759265162754,0.8814986128738729,0.991721215227996,0.8474387831237264,0.8976747065462736,0.8290935854737118,0.6884707594217979,0.8548949080074899,0.9594229317495175,0.7605719335386796,0.8863615183906013,0.6344443557955812,0.8981872883928093,0.9586211188975344,0.4199178649864629,0.8456018749230438,0.531870342657462,0.5123326941787043,0.8548949080074899,0.8548949080074899,0.9340299585794347,0.655948933508798,0.813244242512523,0.6869736564383763,0.687925380813504,0.6889379663855884,0.7395008329078723,0.5559829524496238,0.8081229518169688,0.46733410316705304,0.8548949080074899,0.9133288905523689,0.8698224617128842,0.8923606027185707,0.6282844362396158,0.8806288736252947,0.5971096402232876,0.8548949080074899,0.8548949080074899,0.5041284585471953,0.8548949080074908,0.5734788566830495,0.8501624963707037,0.6208536564396199,0.7660838876119864,0.9297266799843995,0.997898957074359,0.5547356260430647,0.6598360882646994,0.8548949080074899,0.7579133348704647,0.557372928544005,0.9235477589143899,0.97124800423777,0.972999978842114,0.815295438466941,0.7639778160795918,0.7647016855061366,0.9554590978795059,0.8485783098771342,0.8548949080074899,0.5336095466454267,0.7647016855061364,0.6632944029421735,0.8225670307694062,0.7512607575138661,0.9141152197962772,0.7896736788263383,0.6842206769294108,0.946145257121781,0.795862961155835,0.6923149953228915,0.9837927266874242,0.9639168532621705,0.8112769906021842,0.8042798049713862,0.5213596621839693,0.8698224617128842,0.850191113818277,0.6004193097324048,0.7177388026678447,0.9392500649234912,0.9456391307784637,0.9852042065592538,0.7982103859933596,0.973984063200021,0.89236060271857,0.776763772917743,0.9822443784311985,0.5983722092217458,0.8665818516280219,0.925139185826386,0.8501624963707037,0.9932178814146742,0.6177930271854799,0.8924422111181163,0.7889593434808126,0.9720602625753867,0.6999143382081259,0.9873704368446217,0.7766479068836212,0.8676408106680036,0.7939158711795897,0.8192949037146104,0.8548949080074899,0.6909009692932593,0.9284759050423522,0.6291266856765958,0.8863615183906011,0.9051237963356145,0.5465192921321602,0.7640185238158697,0.8548949080074899,0.5656639121640565,0.61985892673317,0.836690297347398,0.561341370863313,0.5336095466454267,0.5483724416924276,0.9039927750935626,0.7163292418317184,0.899513777763665,0.8029543978020554,0.5421211517759106,0.8410896574139455,0.6227235325809097,0.9331723329592956,0.8662087230280735,0.8548949080074908,0.9750217088028119,0.8473678574069079,0.6608217834215286,0.9044454164994737,0.5667610458054104,0.9284759050423526,0.850191113818277,0.5896057751155803,0.707611103840224,0.7206961975084263,0.6290854536295855,0.5472196212420918,0.8548949080074899,0.5666651412554868,0.7143424946441084,0.8217760937511294,0.8548949080074899,0.4731825909923906,0.976014108113195,0.8806288736252947,0.9415659198704576,0.850191113818277,0.7750801226287396,0.9333427170834068,0.9420546960204859,0.9816994719868783,0.9282436162906025,0.9164468542563295,0.6142313935453738,0.8548949080074899,0.9335810442555788,0.8548949080074899,0.8806288736252947,0.7183223403983201,0.5787569401450805,0.8923606027185707,0.6491106728950935,0.6626177143960124,0.6043222083564727,0.8217760937511296,0.8548949080074899,0.8001671726099566,0.6389613126524252,0.6598360882646996,0.940831117473198,0.7579133348704639,0.8568150312416896,0.7857470667779487,0.8461639891816279,0.7816587896936464,0.587014955221685,0.6272215636098151,0.7816587896936464,0.9512867698617244,0.8698224617128845,0.7547614568865835,0.7816587896936464,0.8923606027185707,0.9235422949464807,0.8849842072949141,0.7876187561258228,0.8802619090433537,0.8024373085625802,0.8120186809265801,0.5775715109114237,0.7579133348704643,0.9328387520589025,0.5076044305659544,0.9412735064744051,0.9103327042684293,0.9023690371089113,0.7282215387378977,0.7786058683809318,0.7731782905890225,0.6707538421126455,0.9588308694110013,0.7380805818005265,0.8239623708568522,0.8916364199492739,0.9306539393926061,0.6295281867744995,0.852117369444803,0.865234906375568,0.8613805421043887,0.7273957528143709,0.9381630884742409,0.8751256559556833,0.8575076130898482,0.559267805154444,0.7244940468164214,0.8441296388787677,0.7857470667779494,0.9998248118986979,0.8455778977706181,0.6275305860863911,0.9167889614218212,0.6704515036514695,0.7307895553324899,0.8301900243750908,0.5657218423294013,0.7140578361728225,0.910635456538732,0.976347968942274,0.8340261701074028,0.5278502511680846,0.8981872883928093,0.8792142714664983,0.8552435297128986,0.8033498452112906,0.7948461046192394,0.8282051901310088,0.8956026988135586,0.8501911138182778,0.9920938908373448,0.778638664072201,0.8646954736999413,0.8597250809841579,0.6635727493062644,0.5007221710155045,0.9306539393926061,0.88334549657159,0.5371407679208071,0.7759490076563698,0.8748720807652386,0.9334124924496283,0.4675730010644926,0.9107051466098506,0.722043068525573,0.9704083620683964,0.6345624443734844,0.8120186809265804,0.8751256559556833,0.5527762451849612,0.9778744297245987,0.8597250809841579,0.9251391858263855,0.63737850718749,0.9176596541595283,0.9307289801091043,0.910635456538732
p27_S,0.6817108277189207,0.9567930807361522,0.8429423482710732,0.8875064656813965,0.9739353004390978,0.9453068780840737,0.7413468788403517,0.7206342877327561,0.8603806964337208,0.9422586572762628,0.9127085925971725,0.9371729782453183,0.9701956444682693,0.8875064656813965,0.8702334868194928,0.6096646388477969,0.9192692664872615,0.900551761172341,0.939345818232489,0.9422586572762628,0.8879111240034911,0.910601968746465,0.9774411992633256,0.9287243013130126,0.9479529588566924,0.9005517611723408,0.9192692664872613,0.9100752707392668,0.9422586572762628,0.8149921197146959,0.8911350110320606,0.9864847804128756,0.9170389579782952,0.8821858692988971,0.9783994202533963,0.9465829649206576,0.9287243013130126,0.9170389579782947,0.9453068780840739,0.9347829309054405,0.8814270131992583,0.836040586136966,0.8661157953099725,0.934407051006906,0.9632197151594926,0.800590170860277,0.9820451562749648,0.9230974962457651,0.8986240534007521,0.8953476735959469,0.9864847804128756,0.8480891744650916,0.9005517611723408,0.4141091065218997,0.7826161445775005,0.8967198703210439,0.9323299983666007,0.31108550994831163,0.8063110583456281,0.9215480977067743,0.8924187658448486,0.8614227191678699,0.9372898940428274,0.9363572562098186,0.936549554387319,0.8084270318388387,0.9864847804128756,0.7134489759373546,0.788569049445675,0.9393458182324887,0.9513902666962699,0.8986240534007524,0.9783994202533959,0.8965210431031654,0.31108550994831163,0.8351933115660992,0.9508067898672803,0.9127085925971723,0.8909083933289359,0.9453068780840739,0.9537504332936724,0.981516734621835,0.4843227424749157,0.9005517611723413,0.31108550994831163,0.9438611769441672,0.9508067898672803,0.8403698644072068,0.9787541055293758,0.3350690258836352,0.31108550994831163,0.8953476735959469,0.7548990778408027,0.789371403725849,0.0,0.6740838455024294,0.9174919622459154,0.8367367544106024,0.9272322568905118,0.9253087703342009,0.9679401264121574,0.9312498291554212,0.926270021131592,0.9073278767431971,0.7141038569186193,0.9393458182324887,0.9233367877012704,0.9319783545589047,0.8943576075649573,0.8365870358205945,0.8682708218111954,0.9025045192170256,0.9682405898806719,0.927677556693294,0.9312498291554212,0.9310092564387908,0.9567930807361522,0.9393458182324887,0.9453068780840737,0.9073278767431969,0.8831453345669249,0.8336526153804955,0.9479529588566924,0.9593818128282501,0.9892338402162022,0.8501359711422762,0.9287243013130126,0.6290025738655292,0.9834886668885245,0.9057753460515608,0.9936512206348748,0.9312498291554212,0.933854925314779,0.991834013047275,0.9192692664872613,0.9069255356133903,0.9471437284503368,0.933854925314779,0.9338549253147788,0.3571302450971754,0.7990582343202521,0.9422586572762628,0.9349531092475738,0.8613454224700128,0.9390854935963802,0.9597183115335512,0.9236056527787466,0.923041503316071,0.9709418084101296,0.8747325300896137,0.9382889399640056,0.8924187658448484,0.8359648532087935,0.9018532375646706,0.933854925314779,0.8986240534007528,0.9277725979220504,0.8752860258231276,0.9363662488999994,0.7108796835335619,0.7420485705662425,0.9671595166054916,0.9424837518356481,0.7509249895884011,0.8778660184810032,0.8787105864554916,0.995365126319036,0.9088921347045384,0.9621655518394647,0.9288370915962978,0.9872440367335156,0.9238799558250632,0.8967198703210442,0.6853968201315381,0.8998032864674421,0.9206126923182381,0.9963814266559157,0.7614670317734429,0.9488335374664887,0.7322660000861587,0.8719071805898531,0.8640179044683407,0.9608396174967289,0.8445416009589061,0.7041078187604555,0.8774095577846084,0.8166420739405311,0.9198200036207238,0.4141091065218996,0.889311977437508,0.9666307012815272,0.9453328829786445,0.9310868327312085,0.7973304849151284,0.9212056603520069,0.31108550994831163,0.9287243013130126,0.9215480977067745,0.5357429284227999,0.8471769344894107,0.8953476735959471,0.8908572896021122,0.31108550994831163,0.856206008892078,0.9203068542883504,0.9980151413438714,0.31108550994831163,0.7928005687041775,0.9390586815258846,0.8606368814689076,0.755569926032184,0.8620024941098834,0.923879955825063,0.31108550994831163,0.6683903588519691,0.31108550994831186,0.7891310377955438,0.8740812001922273,0.8686474076150494,0.31108550994831163,0.7434908715072515,0.31108550994831163,0.8049217672837994,0.9233367877012701,0.8787105864554914,0.8198775277151973,0.9671595166054915,0.9132622641480992,0.3571302450971746,0.9838698730483884,0.9508067898672805,0.978779449366324,0.8911657424838039,0.9142553407315162,0.933854925314779,0.5418054351898554,0.9455550204029668,0.8587660956447005,0.9049432776121404,0.9390586815258846,0.9988749295050936,0.9192692664872615,0.9095638988948187,0.98828669514372,0.31108550994831163,0.9149541032668207,0.31108550994831163,0.7582614028222907,0.9988749295050935,0.9082555093909311,0.8946257911893254,0.9132622641480992,0.9287243013130126,0.8752860258231279,0.9085306004621041,0.8972380522258427,0.9537504332936724,0.9359418950959315,0.9312498291554212,0.9089046609802984,0.861345422470013,0.9487569182884803,0.3350690258836352,0.9540645211449862,0.8578153290479822,0.9453068780840739,0.9291890936388458,0.9719599148168423,0.42518289455038005,0.8122643945331463,0.8906192655094427,0.9864847804128756,0.9990660332473207,0.9114165603662082,0.8618003453698705,0.9393458182324887,0.9427285019575318,0.8752860258231281,0.9424837518356481,0.9407914522535386,0.9393458182324887,0.8960769437092713,0.7718440998543159,0.8446785966772912,0.9069090419812991,0.9207523226987693,0.9312498291554214,0.8821858692988971,0.9061596956907252,0.9215480977067743,0.931249829155421,0.9671595166054915,0.7898939596812151,0.9393458182324887,0.8927713255769503,0.671571389830256,0.8336526153804957,0.8831842634694869,0.9963814266559157,0.926270021131592,0.8986240534007519,0.9215480977067745,0.9608853644890278,0.85727092324838,0.9887137511074671,0.9312498291554214,0.8986240534007526,0.933101307841857,0.892776357442842,0.8981235706012942,0.983120203750292,0.7802132716678232,0.8421407437962687,0.8307659686260067,0.9108285080080124,0.9422586572762628,0.8603806964337213,0.9422586572762626,0.9463248121641354,0.908025487041374,0.8981235706012942,0.982045156274965,0.31108550994831163,0.9338549253147788,0.9726698814889383,0.9372898940428274,0.9393458182324887,0.8446785966772911,0.9701956444682691,0.31108550994831163,0.98737531725128,0.8325117480738042,0.991834013047275,0.9597183115335508,0.8909083933289359,0.9424837518356481,0.9082555093909311,0.9078036830498477,0.794130449365821,0.9479529588566924,0.9170389579782952,0.834307756204393,0.9820451562749648,0.9142553407315166,0.7683517503618809,0.9987329349189487,0.9597183115335508,0.9453068780840737,0.9462168934603479,0.8821858692988964,0.9026980527302397,0.9192692664872615,0.28875333724042895,0.8844278789819486,0.8842601377233774,0.8026915387074802,0.9702122050988868,0.7997060759089027,0.31108550994831163,0.8774095577846084,0.9610093839868189,0.9812781717549797,0.9438611769441672,0.8785627385841399,0.8631024236475755,0.31108550994831163,0.31108550994831163,0.8844226815711155,0.973650278493619,0.8864807516470674,0.31108550994831186,0.9980151413438715,0.9262700211315922,0.9207523226987694,0.850788759349866,0.940802915850554,0.9739353004390978,0.8893119774375076,0.9910116109880955,0.8205382833751693,0.9494984233504238,0.31108550994831163,0.827513241303586,0.9414399550230419,0.9416230950600912,0.9521778037027918,0.9229863666545897,0.8826405327839613,0.931249829155421,0.8889366090564212,0.31108550994831163,0.8291693835954215,0.9892338402162022,0.8409905928034589,0.8170868060986485,0.9238240970282823,0.8401179909024565,0.9170389579782947,0.31108550994831163,0.9356543373145081,0.7878254648102052,0.31108550994831163,0.9229863666545894,0.9075534372906806,0.814274370940407,0.8152880611177495,0.8985134587392452,0.31108550994831163,0.8703734265742344,0.8584941617514863,0.8993715589111385,0.7254278862273421,0.8093661913172971,0.894303008215138,0.8669149862082737,0.8492101642117766,0.9312498291554212,0.9294815397663647,0.8351933115660992,0.9064920176718159,0.9202656784022214,0.960728735338475,0.8359459819605579,0.4744851393156059,0.9338549253147788,0.9372898940428271,0.31108550994831163,0.9963814266559157,0.8571583257780957,0.8325089095256681,0.882082203920328,0.8948378117301918,0.35713024509717584,0.7574456303775414,0.9287243013130126,0.35713024509717584,0.9947922739901722,0.926270021131592,0.9987329349189487,0.8244549073918614,0.9980323259914067,0.8325117480738043,0.8648804092315283,0.9980151413438711,0.9567930807361522,0.9838698730483881,0.8759952624449168,0.9910116109880958,0.9422586572762628,0.935866374734464,0.8787105864554916,0.6330043984801894,0.49988429302066817,0.9910116109880953,0.8587660956447003,0.9671595166054918,0.8821858692988971,0.9912874992203791,0.8700172273324445,0.9044839950643897,0.9638223777150989,0.8410403632238282,0.9252584119301552,0.82094296684039,0.8334559410391611,0.9476471962029369,0.9928298361682764,0.8343258452610076,0.9195126963471607,0.8875064656813965,0.9815167346218349,0.47448513931560654,0.7979527186781392,0.8410403632238284,0.8292836784039679,0.9435169778505763,0.8769922925568632,0.7659726654239805,0.9820451562749648,0.8411908676646682,0.8166338120691231,0.9438611769441672,0.9263171362637793,0.9465829649206576,0.8576210758321791,0.8953476735959471,0.936549554387319,0.9728046393068173,0.9488793874960454,0.9192692664872617,0.933854925314779,0.9393458182324887,0.9935052137263445,0.8312845509492519,0.8735911795315163,0.9238799558250632,0.9238799558250632,0.7301016401718216,0.9233367877012704,0.3775235547570439,0.9089046609802987,0.31108550994831163,0.9912425166211662,0.31108550994831163,0.31108550994831163,0.9043749879299843,0.4744851393156063,0.9142553407315162,0.31108550994831163,0.7789961723651311,0.936948226693695,0.5333770122374311,0.8979373700698488,0.827513241303586,0.8215513362442644,0.91701548746367,0.6636358395672752,0.9625138180487922,0.9542418002599032,0.9624111610801409,0.6259067477419036,0.880441550898158,0.8723645567877301,0.8260955186508175,0.891135011032061,0.9170389579782947,0.9666307012815272,0.8101650391261362,0.9912425166211662,0.9029940388302051,0.9312498291554212,0.8555570364268277,0.9508067898672805,0.9772059176873138,0.9451809453601021,0.8463624691842351,0.9566607558716711,0.9787794493663242,0.9774411992633254,0.7916093882255831,0.982045156274965,0.44612089332048965,0.9287243013130126,0.936715081556081,0.9732355896660938,0.854242210493384,0.6451062339004482,0.8602378878737102,0.729127144134889,0.7819579706293964,0.839832738084962,0.9371729782453184,0.8802810139962505,0.8929765886287624,0.9453068780840737,0.7595284020092468,0.8868472975146147,0.7198238471893955,0.7765968556202214,0.910601968746465,0.9233367877012701,0.878856687589264,0.31108550994831163,0.9338549253147788,0.9644659921256323,0.8830688616383842,0.867248916510899,0.9508067898672803,0.9215480977067745,0.9967600334448159,0.7975085343716295,0.9838698730483881,0.9229931245811154,0.9422586572762628,0.7619419879604312,0.7999985225273285,0.8994260849417821,0.35713024509717584,0.9971482141805039,0.7535639732692063,0.939058681525885,0.9804835086069066,0.9066280384954462,0.9246126207011531,0.8805397970733833,0.9630102623195698,0.9142553407315159,0.8190063568509289,0.7985559379258655,0.8911350110320613,0.9980151413438713,0.9479529588566924,0.8746735631420469,0.8092614136659853,0.9992361147000013,0.6808803389276955,0.28875333724042895,0.9094855092254122,0.8343077562043932,0.9453068780840737,0.8489926716035567,0.9163641894859478,0.9121513639211625,0.9100752707392668,0.9854433830775422,0.9965468699038338,0.891135011032061,0.9479529588566926,0.6022627032616943,0.9127085925971721,0.890857289602112,0.9864847804128756,0.991834013047275,0.31108550994831163,0.8933278306727674,0.8511049510813695,0.8233851701041293,0.8839442688895067,0.31108550994831186,0.9307187656535114,0.8506023909750839,0.9499925548591657,0.580559822040636,0.8603806964337208,0.8953476735959469,0.8275132413035857,0.9963506377273352,0.8948378117301918,0.9787794493663242,0.8171518109985433,0.9195126963471612,0.9365495543873186,0.9430481070778811,0.8967198703210439,0.9312498291554214,0.8769922925568632,0.9453068780840737,0.9650166107570195,0.9882866951437199,0.9453068780840737,0.9148532265533555,0.889619361405615,0.926270021131592,0.8159173789823351,0.8321144589218226,0.939345818232489,0.7877383030233723,0.9508067898672805,0.7634494582134788,0.9397559942301106,0.28875333724042895,0.933854925314779,0.33357310608481194,0.28875333724042895,0.3350690258836352,0.3160773448856191,0.31108550994831163,0.9192692664872615,0.5830889610344809,0.31108550994831163,0.9804835086069066,0.6898524428157441,0.9963814266559154,0.9312498291554212,0.9912425166211665,0.7763724953695772,0.3350690258836352,0.7656432080424769,0.8166420739405311,0.9451809453601019,0.9211207877775562,0.31108550994831163,0.9233367877012704,0.982045156274965,0.9044839950643897,0.9261455867832442,0.8669149862082735,0.9465829649206576,0.9778748351992479,0.908530600462105,0.9678417350205827,0.7760905323811931,0.9262700211315917,0.5023438177529189,0.9842266375606263,0.9252584119301557,0.8018198671765694,0.9127085925971725,0.9393458182324887,0.8986240534007519,0.9820451562749646,0.9233367877012704,0.9883017827414695,0.31108550994831163,0.926270021131592,0.8788566875892636,0.9422586572762628,0.8507079913036668,0.9192692664872615,0.9537504332936724,0.8506023909750837,0.35713024509717584,0.8726949809188569,0.9329703265188054,0.31108550994831163,0.31108550994831163,0.4489943611143855,0.7337874437892751,0.9992361147000013,0.8628999590676092,0.8631024236475755,0.8152880611177493,0.8325878889823024,0.8946864911983003,0.9025045192170256,0.8117060761496817,0.31108550994831163,0.8677611294139131,0.9338549253147788,0.9453068780840739,0.818813262637043,0.9393458182324887,0.9466416322295235,0.31108550994831163,0.31108550994831163,0.8967785749727069,0.9739353004390978,0.8676731307818017,0.9106019687464653,0.8602378878737102,0.853961891693978,0.7542681931356705,0.9363572562098184,0.931121636496895,0.9164237551372647,0.31108550994831186,0.8769922925568632,0.81885851740197,0.9778748351992479,0.8895473564972314,0.503273870960883,0.7190810686741673,0.6525141147055318,0.9438611769441672,0.9778748351992479,0.8864807516470674,0.31108550994831163,0.9599889888712672,0.8804415508981578,0.9363572562098188,0.9347085758472906,0.8278795688042413,0.9173873567154583,0.8620024941098834,0.8326221004189411,0.936549554387319,0.8796985118815754,0.8690119910413214,0.904928938823814,0.9980151413438715,0.9539981797161425,0.4014237142884358,0.9157202430296139,0.9338549253147788,0.3350690258836352,0.8198775277151971,0.9323299983666009,0.9988749295050933,0.8844278789819486,0.9453068780840739,0.9700918760103956,0.9289749041786238,0.7403975775726694,0.9430481070778809,0.596941582494638,0.8492101642117773,0.926270021131592,0.9422586572762626,0.910601968746465,0.9910116109880955,0.8205382833751693,0.9170389579782956,0.923879955825063,0.9608396174967289,0.6762606721796951,0.9729746309145171,0.7661066351457717,0.2951033105037191,0.8564316290049038,0.8561370740513061,0.31108550994831163,0.8953476735959469,0.93073414094589,0.8132443454030035,0.9422586572762628,0.8360405861369657,0.9044839950643899,0.8584941617514863,0.31108550994831163,0.7878254648102052,0.7802027134209193,0.9424837518356481,0.9042485818909543,0.9176770250258659,0.8949174096536275,0.9338549253147788,0.7535639732692064,0.7424895686600919,0.862899959067609,0.854031328315564,0.9838698730483884,0.813374200204546,0.9289749041786237,0.9451809453601021,0.9262700211315922,0.8796408056059097,0.9709418084101293,0.9605075822272147,0.6074478319451546,0.7873545679138281,0.883068861638384,0.28875333724042895,0.9447949297912039,0.8214535974542101,0.6398430269131479,0.8802810139962507,0.90761548196364,0.31108550994831163,0.9996905166864903,0.8246644637633855,0.9539981797161425,0.31108550994831163,0.7892792459601401,0.9971482141805037,0.9393458182324887,0.39710728393903383,0.3350690258836352,0.9966817389300473,0.9740280269133125,0.9049432776121404,0.9608396174967289,0.8962043077275961,0.9451809453601023,0.7701004093977089,0.31108550994831163,0.9297151907027391,0.31108550994831163,0.9393458182324887,0.8650328618718515,0.9831202037502917,0.9453068780840739,0.9275710702341136,0.8985134587392452,0.9190989621719194,0.8875064656813962,0.31108550994831163,0.987360942702671,0.8871731765799364,0.9608278274479636,0.9252584119301557,0.6264765956909645,0.933854925314779,0.5628905745984257,0.9759904656941651,0.556725096436556,0.897238052225843,0.8254062902926009,0.556725096436556,0.8875064656813965,0.933854925314779,0.8336526153804957,0.556725096436556,0.9453068780840739,0.9372898940428271,0.9778748351992479,0.8589563765519366,0.923879955825063,0.9229863666545894,0.9044839950643897,0.8429423482710734,0.8769922925568632,0.9000633438867535,0.9060005536896043,0.9347829309054407,0.8908572896021121,0.8883739256494592,0.8576210758321797,0.8875064656813965,0.8571583257780955,0.929189093638846,0.5860636872754488,0.8669149862082737,0.8986240534007519,0.9729746309145174,0.9312498291554212,0.9129137434283907,0.8991421311545458,0.8948378117301918,0.8948378117301921,0.9108934032586795,0.933854925314779,0.9365495543873186,0.7274922022287889,0.9275710702341136,0.8994260849417823,0.9438611769441672,0.8911350110320608,0.767138004944558,0.98737531725128,0.9229863666545897,0.9262700211315917,0.9565156240484984,0.8717703152872653,0.934407051006906,0.9108934032586795,0.7976529074226801,0.936549554387319,0.9895362449706253,0.6961895313248225,0.9005517611723408,0.9632197151594923,0.9275710702341136,0.9638223777150989,0.710621430937416,0.7743247677887417,0.9127085925971725,0.7670949108292149,0.9701956444682691,0.980788828030559,0.7956105324691509,0.9312498291554214,0.9287243013130126,0.8606368814689076,0.8948378117301916,0.9671595166054918,0.87964080560591,0.8477220968560826,0.7251673831083312,0.9215480977067745,0.9215480977067745,0.9059164051183513,0.9424837518356481,0.8587660956447003,0.9671595166054914,0.9997938512439112,0.9044839950643897,0.9365495543873186,0.8972380522258425,0.9772059176873138,0.9778748351992479,0.9422586572762628,0.858956376551937,0.9963814266559157,0.8234858408152018,0.9365495543873186
p28_H,0.5806901857075024,0.9186255087204844,0.7880288772623986,0.9013534900827228,0.9088987259051742,0.9261840328635953,0.6593860602028259,0.7092394542081016,0.8342122086024174,0.9220700353609518,0.8821881173643273,0.9545640111383318,0.8063934464761422,0.8747639177841733,0.8964307741010907,0.8399946045129154,0.9964955240981678,0.8657807842755785,0.918138754358939,0.9220700353609519,0.8819749320301614,0.8793449357816123,0.9047408499968016,0.9038035415131253,0.8765493364841211,0.8657807842755783,0.8910426583248506,0.937931586154306,0.9698382173897018,0.9496073274922785,0.8530715715896549,0.7946236051324596,0.8880325471109586,0.8409934614190606,0.9470207508424533,0.9906286789501815,0.9038035415131251,0.8880325471109581,0.9261840328635954,0.8920984402161444,0.8248675029173149,0.8029854516603712,0.9261840328635953,0.9517276842634257,0.9613445688403953,0.9125146264544824,0.9072120922355345,0.8050541516245486,0.8631790748003907,0.7299710757240543,0.9107280314569578,0.7938684744051722,0.8657807842755783,0.5111450237454747,0.9223484979500998,0.8890895984248459,0.8606091151654389,0.48955645159511163,0.9999500452397767,0.9662311315641033,0.8850223322642595,0.9900132643472294,0.72286217493939,0.868799944398458,0.9143648077845037,0.9054301738309325,0.9949132781456956,0.5794746547957517,0.7289564930519415,0.9906286789501815,0.8457599214352891,0.8631790748003906,0.9470207508424533,0.8488422785020588,0.48955645159511163,0.7775704755710063,0.879344935781612,0.8821881173643271,0.90832396555434,0.9261840328635953,0.8821881173643273,0.99265458007185,0.7017520289183552,0.9873059868726244,0.48955645159511163,0.864000327136614,0.9758106996856853,0.903623658757053,0.8771434063875099,0.510052317151767,0.48955645159511163,0.7880288772623987,0.6692022510066769,0.8172145919726863,0.6740838455024294,0.0,0.8459427895511681,0.7796535661369801,0.9154119201018633,0.9030348567102107,0.860609115165439,0.988462879193307,0.9004911494084338,0.8488608984447562,0.7988104115647527,0.9181387543589391,0.8181621045569503,0.9859397426917116,0.8396855966842407,0.9446544958673064,0.8536603997789524,0.9580340059652186,0.8205948240860111,0.8462532587112926,0.9072120922355345,0.9335492757566177,0.9472028518597413,0.9637550377043789,0.9764578705634923,0.9213901374658298,0.9996326307782605,0.8159662818432845,0.9080787883543031,0.962237250161651,0.9873059868726242,0.9638638022300519,0.9038035415131251,0.4844079286308707,0.8804787288072373,0.9580835864837807,0.9608211976850733,0.9072120922355341,0.9949132781456956,0.9261840328635953,0.8910426583248505,0.7670451694773712,0.6677986167353474,0.9528206548013267,0.952820654801327,0.5289787512360715,0.8320526212933628,0.9220700353609517,0.8753166138816231,0.8437716200111423,0.8615106588515253,0.8725745362635552,0.9357153028563436,0.9167940441137262,0.7319498093790551,0.9323996579645815,0.9823936005815481,0.9538141733959269,0.9880783106019766,0.7870238507267046,0.9528206548013269,0.8920984402161446,0.837092106398265,0.8808112651450145,0.9728605013801859,0.8804697943533626,0.7656432387099039,0.9884628791933071,0.931871230166406,0.6617770914904386,0.9068987683438507,0.8363030843630054,0.8563158483371995,0.8248675029173149,0.9784338630776168,0.8999882557142624,0.9545326346798217,0.8972654241994794,0.8606091151654389,0.8744289143320857,0.8390247132962393,0.8391435526537709,0.9637550377043789,0.8745712235921324,0.8433666659801876,0.8764895205699688,0.8512046835781089,0.843487526699793,0.9745310482030679,0.9916066523038791,0.857603047216581,0.7673839470455576,0.9032578277105614,0.7245644372147035,0.5782308434553621,0.8775434408290578,0.9977124314930521,0.8487177850680738,0.6684417001136995,0.8708907753213655,0.8159522632614817,0.48955645159511163,0.9038035415131251,0.9301746946212589,0.7966305655836361,0.763693416570487,0.8508984486119917,0.9713507065305738,0.48955645159511163,0.7988841641677652,0.9364606308927166,0.9698382173897018,0.48955645159511163,0.9330835047956023,0.8588039237011795,0.8386187115461277,0.9186361107776194,0.8365856713228099,0.8972654241994793,0.48955645159511163,0.6335305341210347,0.48955645159511174,0.8867800335374922,0.7533721847533897,0.7980369858855996,0.48955645159511163,0.9788650959048174,0.48955645159511163,0.7949762154317681,0.8181621045569506,0.8864731575813805,0.7568996972756219,0.9478374857144208,0.9085421029297882,0.4568658773503822,0.9047408499968016,0.7669472632367864,0.9080456885985176,0.9310487639259286,0.9435883235443842,0.9107280314569581,0.5381120956061076,0.9317260072010788,0.8535768966573549,0.8635867406865274,0.8339840080055289,0.8836238393968298,0.9964955240981678,0.836203876763508,0.8941182576784145,0.48955645159511163,0.7412309365126748,0.48955645159511163,0.7431830761468385,0.8836238393968296,0.9629940985099357,0.9422610511499967,0.9085421029297882,0.9038035415131251,0.8244081278537378,0.876549336484121,0.8534003090906301,0.9150128085700575,0.9971783243223709,0.9072120922355345,0.7867157975290031,0.7486785825409095,0.7981985068812714,0.510052317151767,0.9106645217011182,0.8346303009047236,0.9261840328635954,0.9471902254062592,0.8304609878257694,0.5640049092859605,0.7655649192778148,0.8319057481659549,0.9629940985099357,0.879843965784348,0.870824491160603,0.9606202355672832,0.9181387543589391,0.8767421256433157,0.8316811639781398,0.901479555213684,0.8741039210453121,0.9181387543589391,0.9521745564431168,0.831111656731985,0.9143648077845038,0.8225650254528254,0.8747639177841731,0.9072120922355345,0.8409934614190605,0.9145975361033745,0.8941182576784142,0.9072120922355342,0.8896609403700337,0.7040907241236725,0.918138754358939,0.966789751968181,0.9609247346259902,0.7754910920028375,0.7457544130139859,0.9450123956047418,0.9004911494084337,0.9499371710476525,0.8941182576784144,0.952820654801327,0.8926735201930476,0.9811561816856698,0.9709117273278065,0.8631790748003908,0.9366432307997559,0.9550058264813224,0.7282831627480113,0.9948309947860086,0.9874180136590958,0.9869136403137636,0.8070119669906057,0.846227528469397,0.9698382173897017,0.8342122086024174,0.9346254185527985,0.943588323544384,0.8681770036466658,0.8226163932368092,0.8490355468911475,0.48955645159511163,0.9107280314569571,0.8318544149375383,0.8657807842755789,0.9181387543589391,0.9581074754130985,0.9175213699727844,0.48955645159511163,0.971137692094667,0.9181387543589391,0.9732682917366107,0.8248620605884834,0.9401205923737281,0.9014795552136841,0.9629940985099354,0.8304609878257694,0.7157836530127393,0.876549336484121,0.8880325471109587,0.705858572244677,0.9884628791933071,0.969237039075715,0.6977453666943245,0.9186255087204844,0.9365755610361588,0.9764578705634924,0.9027960387927902,0.8666421769503913,0.8624919894400869,0.8910426583248506,0.4730096759862199,0.9245461344058438,0.795728686923061,0.8318451486625575,0.8289787013693088,0.6616589235965563,0.48955645159511163,0.9460529879517146,0.864000327136614,0.8433666659801876,0.8893613928931102,0.9346254185527982,0.9350373688519851,0.48955645159511163,0.48955645159511163,0.8631790748003907,0.7128306394982837,0.7785730132132773,0.48955645159511174,0.9698382173897019,0.9004911494084338,0.8747639177841733,0.8202747130292051,0.9323996579645817,0.9004911494084337,0.8775434408290578,0.9115001904163033,0.6884403079439521,0.7734230556332642,0.48955645159511163,0.7672051536759703,0.8363030843630054,0.8488164627142503,0.6962434936718844,0.8775434408290578,0.8954804141294169,0.9072120922355342,0.8735866889367874,0.48955645159511163,0.7016045745809931,0.9245460758162978,0.796764210191784,0.8881361367007148,0.978266726045558,0.6692022510066769,0.9223484979500998,0.48955645159511163,0.8378793018828408,0.8375427287696572,0.48955645159511163,0.9314080535673724,0.8115835071161397,0.9863863912984556,0.6548095377643222,0.8596883160926752,0.48955645159511163,0.7780259921220277,0.9578658100727393,0.8669218540725234,0.916561009047552,0.9883609696721003,0.7174216655692105,0.8672336638266789,0.8610115537985554,0.9072120922355345,0.8503036531113335,0.8386187115461273,0.9975694426888291,0.8544394824270759,0.8103314059953483,0.7466247162709697,0.5073447296203561,0.9107280314569577,0.8951634300459386,0.48955645159511163,0.8537798289138623,0.9409925280019757,0.8997709833259608,0.8880390441955606,0.9422610511499965,0.528978751236072,0.719950109037071,0.938956815231786,0.528978751236072,0.9806621909815182,0.9004911494084338,0.9857113284303716,0.7827024683803405,0.8115643510074523,0.9450123956047423,0.9450112152550612,0.9220700353609519,0.8850825988655406,0.9666265784581534,0.9067972757348628,0.9436554450509941,0.9220700353609516,0.7230367385085305,0.9366432307997559,0.6880580281576587,0.6536226126763647,0.8793449357816127,0.8318544149375384,0.9302863338489202,0.9025193832676306,0.8687999443984582,0.9144839319546848,0.9926545800718496,0.8468337236578865,0.9208637354012907,0.8530715715896549,0.9672459702643854,0.9305840294488632,0.8137531923054394,0.8277496996129705,0.8024268070112545,0.8484128583846997,0.8859299315288813,0.7338203453536523,0.5692304580817087,0.6761036129923961,0.9208637354012907,0.7985306117879338,0.8249953702118185,0.8836238393968295,0.8298393141312634,0.9072120922355342,0.9948644048725694,0.978461663987775,0.9331111468114162,0.9566648273607454,0.9181387543589388,0.8535420655560373,0.8718549723951894,0.9143648077845039,0.9881016593726815,0.926193613582623,0.8910426583248509,0.9209014751655666,0.9181387543589391,0.880362991232654,0.7427330974664241,0.8293937334241627,0.8972654241994794,0.8972654241994793,0.790447510609505,0.7638632885565948,0.5465420575507931,0.7867157975290031,0.48955645159511163,0.914364807784504,0.48955645159511163,0.48955645159511163,0.8193221221538198,0.6311161865430601,0.8666421769503913,0.48955645159511163,0.8426833513657964,0.9580114566218534,0.7192575094727631,0.9973024366646974,0.8464799418789064,0.7684596863651095,0.8342122086024173,0.4491314401365012,0.9634787336174778,0.8880325471109578,0.9985859925202137,0.6044658483009564,0.965444590162599,0.8297825740643552,0.7416422927716027,0.8530715715896551,0.9566644487892413,0.8941182576784144,0.7417451370800432,0.914364807784504,0.7964881657302827,0.9072120922355345,0.8050541516245487,0.8793449357816123,0.922475722847576,0.8737979857661256,0.7846048356444992,0.8506111344599004,0.8389756195957412,0.9405448288498188,0.8971456785615646,0.9709117273278065,0.6061709900633319,0.9038035415131255,0.9053763157284516,0.9729151080172479,0.7036963731744642,0.7525309817880903,0.864466326812115,0.8277496996129723,0.9929830122175708,0.7838320262642454,0.8972654241994793,0.8978770027550182,0.8832252198427537,0.9764578705634923,0.6857845581955859,0.9625800258251139,0.606415784339057,0.6314304142862895,0.8793449357816121,0.7174216655692105,0.9087079482022914,0.48955645159511163,0.9107280314569577,0.9115581941905686,0.9004911494084337,0.8013761630845389,0.911500190416303,0.9662311315641035,0.9385615866746055,0.6862414752389815,0.9047408499968015,0.8375427287696571,0.922070035360952,0.6776816387464539,0.9806621909815183,0.7208904949679114,0.528978751236072,0.9747036495324757,0.8103204087980003,0.8339840080055286,0.8710878802609618,0.7502674595739722,0.8243020375470775,0.9277788201407924,0.7145239557046112,0.9179396080130531,0.8707386947210958,0.7281232494143244,0.6556828748363641,0.9220700353609519,0.8765493364841209,0.9038035415131254,0.9088980657058989,0.9666695671111549,0.6193887207768023,0.510052317151767,0.6333716068771553,0.6885006095798504,0.9764578705634924,0.8247983067022935,0.9478374857144206,0.9838332783244086,0.8864731575813806,0.8684163025748141,0.9186963256830881,0.8530715715896551,0.8081561448140586,0.8284948983489446,0.8821881173643272,0.9343080653650265,0.9528206548013267,0.9261840328635953,0.48955645159511163,0.8922908924817223,0.7549290196944852,0.8814965811270477,0.8433666659801876,0.48955645159511174,0.8314103416347219,0.7066602967374347,0.5854404720477802,0.7263924977375846,0.8115643510074524,0.8299419248287943,0.8760582994108175,0.7934642362227761,0.886133027451462,0.9771157576012952,0.8664210646436707,0.8692411455887943,0.9143648077845041,0.8318544149375382,0.8606091151654388,0.9302863338489205,0.8836238393968294,0.9261840328635952,0.7209708066587959,0.8941182576784144,0.9261840328635953,0.8850825988655407,0.8606091151654389,0.9004911494084337,0.944021261516815,0.7734151361490389,0.9906286789501815,0.938613174345712,0.9277235364102416,0.6357552299743083,0.8431957140424888,0.4730096759862199,0.9629940985099354,0.5113911022930202,0.4730096759862199,0.510052317151767,0.7229783745483163,0.48955645159511163,0.8910426583248505,0.7870841000502877,0.48955645159511163,0.9014795552136841,0.880819407962067,0.8993961122593015,0.9072120922355345,0.9981498569583072,0.9038035415131254,0.510052317151767,0.6005021599314182,0.8247575259604112,0.971487693080495,0.8254764358050073,0.48955645159511163,0.8181621045569498,0.9072120922355343,0.9014795552136842,0.8955031870809014,0.8672336638266784,0.9181387543589389,0.9824233631406698,0.9396082402244853,0.9084437550924801,0.8712150485544234,0.9767351992829902,0.7192575094727631,0.8720219924254741,0.907654410875653,0.9010147464632574,0.9478374997757879,0.9450123956047418,0.8631790748003907,0.9072120922355345,0.8413829160506419,0.8993959573175438,0.48955645159511163,0.9767351992829902,0.8091111481197535,0.9220700353609519,0.7683336818826075,0.8910426583248506,0.8821881173643271,0.7705051201155815,0.528978751236072,0.572964087284797,0.8326437272843481,0.48955645159511163,0.48955645159511163,0.6524527737696784,0.9388955916503149,0.8093852229086016,0.6527145069277762,0.8721925088905396,0.8049076821228229,0.7383340212335324,0.8323394662787409,0.8684163025748144,0.7674727025405688,0.48955645159511163,0.8271827784463164,0.9107280314569577,0.9261840328635954,0.6862414752389815,0.9181387543589391,0.9418298387235522,0.48955645159511163,0.48955645159511163,0.8541576772129478,0.9386131743457119,0.8380618840875687,0.8793449357816123,0.7379427487394596,0.8029012821767436,0.8893548777543996,0.9346986066201735,0.9472936685287785,0.7251707285821376,0.48955645159511174,0.8339840080055285,0.8724519062392078,0.9824233631406696,0.945012395604742,0.6322965766694795,0.8786784817439872,0.7695818961734076,0.8386392613801178,0.8603369936042407,0.8149554071702911,0.48955645159511163,0.8657625374861031,0.8386392613801177,0.8907661651390296,0.7698317489922795,0.8106550291846102,0.8850825988655407,0.7980946643992666,0.7852941386082278,0.9544071893297126,0.8552510919073671,0.994170614738225,0.8910426583248506,0.9698382173897018,0.9922882207230792,0.4878010087765132,0.834023965367263,0.9107280314569579,0.510052317151767,0.969773242782948,0.6552226694246379,0.9332636707881303,0.9770702763862134,0.9261840328635953,0.8588039237011791,0.9732682917366107,0.9261840328635953,0.8093852229086016,0.6376580231033167,0.9040271458440701,0.9470207508424533,0.9220700353609519,0.8793449357816123,0.9598787910449322,0.7396534803014517,0.8880325471109589,0.9343080653650265,0.9400275020187103,0.8681664110296039,0.9038035415131253,0.9061958516270339,0.7555836865159422,0.8578054848636967,0.8954456618820578,0.48955645159511163,0.7880288772623987,0.938613174345712,0.6086113530359629,0.9220700353609518,0.9822208584411789,0.9318712301664063,0.7177989139755564,0.48955645159511163,0.655820171304319,0.6857845581955859,0.99265458007185,0.8677697496889851,0.8996030554541914,0.834023965367263,0.9528206548013267,0.8103204087980009,0.7072181334567873,0.7684596863651093,0.9094152552047172,0.8737979857661252,0.9584830784147391,0.9764578705634924,0.9047408499968015,0.9004911494084337,0.9375386721608912,0.9343853672893319,0.9607400260234018,0.7187617444837386,0.662165369769707,0.9851427757797315,0.4730096759862199,0.9962155219053621,0.7464364778318782,0.8163715058600838,0.9796445694896312,0.9101337190906844,0.48955645159511163,0.7425292451126886,0.7691231991490831,0.9013534900827227,0.48955645159511163,0.8460142020576455,0.9747036495324757,0.9181387543589391,0.6001733223123842,0.510052317151767,0.9098735941149556,0.8697754037911871,0.8765410933695341,0.9745310482030677,0.968790003063734,0.9356837142274774,0.7001171948458795,0.48955645159511163,0.9735469133022014,0.48955645159511163,0.918138754358939,0.7590489442948989,0.874058708256752,0.9261840328635954,0.5357429284228008,0.7939670408534132,0.8137531923054399,0.8747639177841732,0.48955645159511163,0.7482147961235514,0.88445159591793,0.7784413642483364,0.962237250161651,0.7688973408640645,0.9629940985099354,0.7102657141223621,0.7454042700027377,0.7372512932808071,0.8744887478959326,0.6144830831670495,0.7372512932808071,0.9545326346798217,0.9107280314569581,0.7754910920028375,0.7372512932808071,0.9261840328635954,0.8951634300459383,0.9038035415131254,0.8159662818432846,0.8972654241994793,0.6646073508952652,0.8710878802609618,0.7880288772623985,0.833984008005529,0.9666265784581533,0.8316811639781401,0.9788565364634064,0.9175213699727844,0.9436554450509943,0.9200180015189467,0.8481743454856239,0.8295115164075355,0.9672910104522134,0.691204243083372,0.8203832829382254,0.8920984402161446,0.9038035415131251,0.9072120922355345,0.8741039210453114,0.9620401339151391,0.8580690156021948,0.886133027451462,0.9156972857333867,0.9107280314569578,0.9143648077845041,0.7484993284509058,0.8832252198427536,0.8502778881180042,0.864000327136614,0.8530715715896551,0.6098244391818435,0.9080787883543031,0.8775434408290579,0.9004911494084334,0.8692568535748542,0.8196118270222221,0.8293937334241626,0.9599545393769219,0.8519683541861163,0.9581074754130983,0.9435883235443842,0.7592967902077299,0.8951634300459377,0.8910426583248507,0.9108934032586796,0.8687999443984583,0.7758562301079319,0.7753009505030748,0.8821881173643275,0.8156798715036999,0.9343080653650265,0.928317637185915,0.8439486598359554,0.9072120922355345,0.9038035415131251,0.9200163595129568,0.8580690156021943,0.9884628791933072,0.8721124078737232,0.9719761025994184,0.8856308017104271,0.8941182576784144,0.9977124314930521,0.8677121982910505,0.8710878802609618,0.809385222908602,0.9072120922355345,0.8695289981058129,0.8710878802609617,0.9143648077845042,0.8323118702853276,0.9523482906443772,0.9038035415131254,0.9220700353609518,0.7957286869230609,0.9181387543589389,0.6518966530410373,0.9581074754130986
p30_L,0.8923825004937169,0.6880681032734847,0.9801560920131409,0.844949299525896,0.9253254956419286,0.7055612652499124,0.8031969798479255,0.7818043368522993,0.7910509366485654,0.9135864513673662,0.9770828421844054,0.8860815694795918,0.8860815694795918,0.3722814103927704,0.8147646934979736,0.751050683398472,0.8248328769599538,0.8189449903077213,0.7920219902136526,0.7288774911651121,0.9954303117928919,0.8931136054646446,0.8793887187664275,0.9668883002312161,0.9008975568963149,0.8511694599226765,0.5288471370074304,0.8419523798699478,0.7288774911651124,0.6007255078966883,0.8626106085717729,0.9010097382828823,0.8758435862211178,0.960343343075702,0.9253254956419286,0.9200580495551546,0.9301098686088418,0.5783531791431236,0.9181483053976589,0.4482330482409025,0.971935524415854,0.8540918850742609,0.9181483053976589,0.8108212549297613,0.7261709636424465,0.6886755620186766,0.9731294478403805,0.7838320262642453,0.718803212733141,0.7649533525616217,0.9010097382828823,0.6309037026298354,0.8786599224034768,0.8725725017627852,0.9400557314723832,0.8987275892579092,0.7548692442689452,0.8896584524348263,0.9340530006882349,0.9837952220149075,0.7959165242401376,0.920145848870319,0.9014163777501218,0.8019964322171647,0.7266260296168121,0.8395351637459216,0.744552774150659,0.805085882061485,0.9950530525109353,0.6639859308721501,0.31105128154247397,0.8482845240792765,0.8896584524348268,0.639339068598376,0.8896584524348263,0.7723953828671286,0.9263792690700354,0.7928177595051725,0.6634318493001603,0.7055612652499124,0.9307846164759779,0.8586005827700938,0.74598473305662,0.8511694599226771,0.8896584524348263,0.3009957608984881,0.8028600427319842,0.6065398412535867,0.7894876982285144,0.886081569479592,0.8896584524348263,0.15666352833160502,0.5856542447716246,0.7688157534987352,0.9174919622459154,0.8459427895511681,0.0,0.7556662913060188,0.6087507421662255,0.6532544717250939,0.6749300520059114,0.6087693538127184,0.5396688562515437,0.4940338890968963,0.9848492469971152,0.9519058911033429,0.39779186380044473,0.6520251930737642,0.8631102944179316,0.6283643276748951,0.21942230970501442,0.7825732662420269,0.8285927663552226,0.6438264056622482,0.9351202479906622,0.8355047548015271,0.7822165450514269,0.9092272046561756,0.9651846090667124,0.7425579644381803,0.924589722622801,0.2643639219908892,0.4879112966962469,0.8309825061093522,0.8464354527885214,0.49940271878146625,0.930109868608842,0.8869991263924526,0.8713182434654577,0.839132797389883,0.7235971676208826,0.8971110481409437,0.7051708310877189,0.9181483053976589,0.6275090503249383,0.7785795577971983,0.7923691949266045,0.9020805464024183,0.9403916813458222,0.8825917972400852,0.8834001879432953,0.9582784585508064,0.6186218983860292,0.531339088088495,0.28701295138210003,0.8057962567434167,0.9054014434918145,0.6569391826041671,0.8482845240792767,0.5211297361923155,0.7288774911651112,0.7959165242401371,0.5543001186098921,0.7789475498561327,0.9020805464024185,0.875341540528501,0.5684136440253468,0.7729463078528018,0.8077480309660348,0.41583859808483326,0.6139594726974056,0.9508521524601833,0.6879935094902683,0.601230825814858,0.8577416402970965,0.3835504668413311,0.7670618730032237,0.8897289631914974,0.9692647783532178,0.778728162120824,0.7205630129119165,0.9207387390588704,0.8454347944158875,0.643120362408033,0.8668061317317779,0.6071382857226434,0.83470067666082,0.7899238346879143,0.688130351396386,0.8087476997809464,0.8533666371503996,0.796494247083696,0.8081620391109672,0.8860815694795918,0.7790521483111398,0.3958941733011432,0.7425579644381803,0.8070888281595505,0.8725725017627848,0.8884744628017867,0.8825917972400852,0.8334296988846719,0.74131230420556,0.6506818656172095,0.8389979212277103,0.8896584524348263,0.8933314369864678,0.712594503660626,0.8252392017888606,0.9073901977309811,0.8629881815713285,0.9553959086381489,0.8896584524348263,0.9605932908999835,0.7120291543720596,0.9135864513673662,0.8896584524348263,0.8140155001790634,0.8623543604356521,0.8295122352333004,0.773926398358943,0.7579175620573997,0.5940608868312294,0.8896584524348263,0.7545110926408041,0.8896584524348262,0.8554576475317246,0.81658567371394,0.762796591358126,0.8896584524348263,0.9245280468530441,0.8896584524348263,0.8349115853349443,0.8852686842423085,0.2896720240184558,0.8752826115015715,0.6467785536624366,0.5488600809703135,0.882591797240085,0.8214883067456697,0.8662102272482624,0.6224846164276254,0.6869991614837987,0.9123493633976666,0.8626986033394783,0.8430997128293429,0.7626237667696432,0.9801209811092051,0.8383372082722165,0.8623543604356521,0.8159112343441135,0.8791813830875235,0.13182358040868813,0.8825917972400854,0.8896584524348263,0.7886345850844547,0.8896584524348263,0.4985840087687523,0.5106634373285817,0.9010097382828823,0.8688749213726972,0.5488600809703135,0.8933314369864678,0.8133576989322113,0.8926093130036505,0.20673119722058364,0.9156611479579944,0.6985262996379498,0.8971110481409439,0.28222522415205065,0.7213193201021744,0.6616219089875048,0.886081569479592,0.9868938756849308,0.5138598449569571,0.9181483053976589,0.750006277989586,0.6699947502527386,0.8540918850742609,0.7190418665754772,0.17232119240885213,0.9403916813458222,0.7039786466251796,0.6827972104642491,0.793175530511444,0.9519058911033429,0.6283643276748951,0.9568111937261293,0.7164280217035722,0.5879603915410465,0.9519058911033429,0.7111921880363272,0.7053042846301947,0.9721803965010323,0.8810878450509367,0.42203592503836196,0.5707601539630002,0.8236837483731398,0.5808382059341686,0.916326272165026,0.8971110481409439,0.8748337527607466,0.4830396961969965,0.6639859308721501,0.5931856381985734,0.7015880042416134,0.7889193524219582,0.8149988941660656,0.8347006766608198,0.611002942665747,0.6917461962839176,0.5101876541109815,0.7051708310877193,0.5858003141647199,0.8198749005903767,0.8748337527607468,0.8540882949792611,0.8184827691642289,0.6522902451860335,0.8033061223540905,0.7864136669758908,0.49322939142000766,0.7143154296547927,0.7230928082050561,0.24000018081382501,0.9523375270823129,0.8546190800027247,0.8182615055319923,0.8883523735586492,0.839132797389883,0.82074399669702,0.8971110481409439,0.8896584524348263,0.9010097382828823,0.7488765473028642,0.4615689780573198,0.9519058911033429,0.9050424200568572,0.6287180564105079,0.8896584524348263,0.9893946126534725,0.9092272046561756,0.7996338725880193,0.9397159213641022,0.911181421410564,0.5173864362104423,0.9403916813458222,0.6379901391579998,0.5773987951323758,0.7534024639677193,0.8758435862211178,0.4359616180948056,0.8971110481409441,0.9196717077292103,0.6314334424874581,0.872572501762785,0.8057962567434167,0.9877790872642339,0.5367210684300605,0.4084125767782959,0.57895456680783,0.8577201813991228,0.886081569479592,0.7533265174620885,0.624116277714007,0.5808382059341686,0.5834269768150573,0.485205697205619,0.8896584524348263,0.7327516417377637,0.8685289945121346,0.4696308962716995,0.9416480924388645,0.9135864513673662,0.663956089506978,0.8896584524348263,0.8896584524348263,0.8482845240792765,0.8334296988846719,0.335922386650774,0.8896584524348262,0.8182615055319923,0.6466699858728493,0.6956857555891192,0.7969574100109589,0.6966923321833471,0.9676733747367657,0.4097139826382641,0.6524374381775511,0.613735395521217,0.6725855914895327,0.8896584524348263,0.8345747883236592,0.3835504668413312,0.5913273129916901,0.6430800503216769,0.8380786227845733,0.524332986464495,0.8971110481409439,0.5570121686658549,0.8896584524348263,0.4863583199926662,0.8189449903077215,0.7109732663851331,0.6849621756203554,0.8933314369864678,0.6972477720137666,0.5783531791431245,0.8896584524348263,0.794456270289231,0.6992780177632447,0.8896584524348263,0.9351400971379675,0.8771080581565439,0.9686740624023588,0.496254549899397,0.5703698025145816,0.8896584524348263,0.811414964412192,0.8893771977626197,0.849403213058922,0.689045893636882,0.8083259404726697,0.820092370428013,0.8008299119992872,0.44087971542444615,0.9351202479906622,0.8198749005903767,0.753356432078405,0.6767372766937763,0.6968861335694874,0.5024447673034196,0.9974302609747759,0.8890096331505415,0.9403916813458222,0.46156897805731967,0.8896584524348263,0.962736736002322,0.7131226219478195,0.9828346632890783,0.9614954635891835,0.9739019051007971,0.8825917972400852,0.9449270289992122,0.9227764049016614,0.8825917972400852,0.7928177595051726,0.6466699858728491,0.8763649868293695,0.9208972674232803,0.5096994864556899,0.9092272046561756,0.6662857236258222,0.9135864513673664,0.9981037574667082,0.8214883067456703,0.8144191161147352,0.8028600427319841,0.6841854839816714,0.996462424784784,0.8419523798699478,0.8233003655976102,0.9099895541025242,0.8662102272482621,0.8306790275946985,0.8368245529110284,0.8236837483731396,0.8486256825793186,0.805472610828379,0.6595589972769637,0.8842029934415216,0.9000737693627725,0.8370767014618665,0.37555231040409864,0.5977525480888704,0.5015722025511324,0.9234947902774614,0.736473571029749,0.633279623811533,0.8565236126005504,0.8570542950968632,0.9179598391609205,0.48891856925692634,0.9614954635891835,0.8111525077574592,0.8570542950968632,0.9286515721524258,0.49617525535786644,0.5707601539630001,0.8605596096642311,0.9458195897105159,0.633185858734238,0.8225480725232539,0.9092272046561756,0.7713722361185905,0.8629881815713285,0.7675517574308484,0.899881902367145,0.5946217458857689,0.8248328769599544,0.9403916813458222,0.9092272046561756,0.44797389946075894,0.604500418416027,0.9928508032386245,0.9752897522032938,0.9900530782174275,0.6634318493001601,0.9504449980566034,0.8791813830875239,0.4601636983923685,0.8896584524348263,0.9459681478708941,0.8896584524348263,0.8896584524348263,0.6062613900304055,0.8600594271401629,0.48040354629534854,0.8896584524348263,0.5860048579457431,0.6475111926944686,0.8623543604356521,0.5345523792912972,0.8531172011461681,0.8803045604270514,0.5944570109279015,0.7886345850844552,0.6522360938468745,0.8758435862211178,0.7914343336558528,0.9050424200568572,0.868528994512135,0.6860650486596369,0.7376528295005773,0.6267112492301028,0.9079496588467504,0.916326272165026,0.5336411394888336,0.7675517574308482,0.4006342409883241,0.9731294478403805,0.47083881429268326,0.8662102272482621,0.7825732662420268,0.8890096331505415,0.7205019295875852,0.6868911027329347,0.7959165242401376,0.8600594271401627,0.8505930211181649,0.8971110481409439,0.8962947481591488,0.6285489519226684,0.8418956400552995,0.7062831331447605,0.8454545816827957,0.9010097382828826,0.9385897244807798,0.8791813830875239,0.9491435304862492,0.6004798689138582,0.7673467347276222,0.545426173052854,0.8916055541922645,0.8466701762570731,0.46260907293644493,0.699160552637683,0.7886345850844547,0.5930664273499673,0.6524374381775515,0.7983669324899145,0.8932477918768993,0.8896584524348263,0.9403916813458222,0.9593004333985418,0.8896584524348268,0.890260260170407,0.8962947481591488,0.9500607470899669,0.7200983250029691,0.6653639070874404,0.7346376887145335,0.5756271157503678,0.9135864513673664,0.48081644245709787,0.9000737693627723,0.7099315196284643,0.8825917972400852,0.8030956875225529,0.8496731247845284,0.5338850003743507,0.5742554606370509,0.967400863186876,0.7949249211931211,0.588243599324186,0.7203457509782147,0.7203734446855254,0.6491329969965465,0.6846535400745851,0.8370767014618672,0.7735694983485522,0.7534024639677188,0.8933314369864678,0.7842500454845466,0.8937456913600639,0.7672887431581876,0.886081569479592,0.5819116524740673,0.5658827763485417,0.8937064799261265,0.8474526545680372,0.9888613523099012,0.6094579946031129,0.8529426809557072,0.8540918850742609,0.8488095716284749,0.6522451563400091,0.8631102944179314,0.7790662709500038,0.8693629222495662,0.8860815694795918,0.979773624408762,0.752597568918966,0.8896584524348263,0.8716777280511749,0.8404901111625374,0.6427768460394321,0.39679774456347083,0.8896584524348262,0.7839167850908506,0.4661660022658429,0.7959165242401374,0.7951947848803037,0.8334296988846712,0.4115540837568422,0.7418627242111144,0.5611823588596374,0.9473278571031283,0.7301881088965583,0.6755624410064114,0.7307145608145698,0.9459681478708941,0.454565449731158,0.7015764494269225,0.7988153530613102,0.4874418742828128,0.7055612652499118,0.8688749213726972,0.5439221290359226,0.7996338725880194,0.8725725017627854,0.7282228468479339,0.6466699858728484,0.9987705675982088,0.7675812012777072,0.9092272046561756,0.889658452434827,0.9263792690700354,0.49690977513930434,0.5703698025145816,0.886081569479592,0.980844432528298,0.912068687526693,0.886081569479592,0.886081569479592,0.8236837483731396,0.8896584524348263,0.8791813830875235,0.8200923704280131,0.8896584524348263,0.4320828995705295,0.5748186616097117,0.9092272046561753,0.9351202479906622,0.9050424200568572,0.8933314369864678,0.886081569479592,0.5357825714637063,0.6916640880071854,0.8600594271401627,0.654590274129039,0.8896584524348263,0.46296817761473985,0.7227969533618733,0.8570542950968632,0.5976547834967829,0.5635870844372659,0.6639859308721496,0.6285489519226686,0.8631102944179316,0.789322193877811,0.8124005011391577,0.9966595820561324,0.815911234344114,0.5813305923822384,0.8309825061093521,0.8277224157627341,0.7621069123919668,0.9200580495551548,0.5294040975885741,0.9731294478403805,0.5498699293671336,0.7057722376033158,0.8896584524348263,0.8250052019083579,0.8746111985811467,0.9135864513673662,0.5942382023204447,0.9892693991557998,0.8235286066183779,0.7132990121116976,0.8825917972400852,0.6381511366818394,0.5933761617053139,0.8896584524348263,0.8896584524348263,0.8823070311347092,0.601596177234788,0.39149878596579213,0.7874833409846944,0.7131441206271978,0.6210831061287064,0.7482334221078928,0.6112856497069958,0.5310337556148406,0.7182063080223471,0.8896584524348263,0.8252392017888603,0.9403916813458222,0.9181483053976589,0.4900026499926462,0.9519058911033429,0.6331910645333831,0.8896584524348263,0.8896584524348263,0.6007255078966882,0.6466699858728485,0.6794988660506756,0.9564637899809223,0.4989085005885918,0.8842029934415216,0.8951316673047223,0.9102806034975863,0.6403797646114775,0.4605422518466745,0.8896584524348262,0.4177771851455051,0.6037630187396044,0.9963332681464098,0.9092272046561756,0.8675901368107481,0.7539240965785887,0.814764693497974,0.34845148916073787,0.8933314369864678,0.8641507507186483,0.8896584524348263,0.6235084402607631,0.7043694511276132,0.8019964322171647,0.5973804054915116,0.8578692333498975,0.8725725017627854,0.7934780588066328,0.3623805508026393,0.9050424200568572,0.7496452470384383,0.7180030260809107,0.9449559919658619,0.9970295342657531,0.9062781272461427,0.8511694599226771,0.5936753173085911,0.9010097382828823,0.886081569479592,0.7485413004704933,0.8454347944158869,0.6499928156031961,0.9518233252581687,0.9181483053976589,0.626771252557427,0.9181483053976591,0.9181483053976589,0.5596765560067674,0.826315303882089,0.7944562702892308,0.8896584524348268,0.9582784585508064,0.8329445636428711,0.8662102272482621,0.4380465229531655,0.875843586221118,0.8860815694795918,0.9520203840999315,0.7894876982285148,0.8933314369864678,0.691903477183198,0.8448011303810097,0.6634318493001601,0.6293972107953899,0.8896584524348263,0.15666352833160502,0.889658452434827,0.6200082212397846,0.9135864513673662,0.9938360576449194,0.9139233195234719,0.5711583817501192,0.8896584524348263,0.5756271157503678,0.46260907293644493,0.8570542950968632,0.5782383261592003,0.6235084402607631,0.5936753173085909,0.9403916813458222,0.6451658392795729,0.8771042243612637,0.7484105618035213,0.5809520567278197,0.531986246641882,0.34543098427769614,0.7055612652499124,0.705687482704155,0.7180040722870522,0.8606835302307501,0.8811453114284846,0.6498764605010707,0.8096568063395768,0.5261164797236412,0.8896584524348266,0.886081569479592,0.6569391826041668,0.7703230067811775,0.6823525620411804,0.545426173052854,0.5236602480869441,0.8896584524348263,0.5558746958027099,0.9863430730207442,0.3474041530699743,0.8896584524348263,0.6522360938468745,0.7388835422712872,0.9519058911033429,0.8600594271401627,0.886081569479592,0.8077170121844022,0.8786599224034777,0.777552977986079,0.8614548339529895,0.8485036032760529,0.7635878947249123,0.4567758784990207,0.8896584524348263,0.8951316673047223,0.8896584524348263,0.9092272046561756,0.40187152799983716,0.7487487355795241,0.9181483053976589,0.8916055541922645,0.7815487081796159,0.7934780588066326,0.7454402702347114,0.8896584524348263,0.7473959769585967,0.7054811135399384,0.7761963063811237,0.6777790634499147,0.8159112343441142,0.980844432528298,0.8370767014618665,0.8343484171035414,0.8654219905756664,0.7672887431581878,0.5697621363568919,0.8654219905756664,0.9062781272461427,0.5870250018988998,0.7889193524219582,0.8654219905756664,0.9181483053976589,0.7364736028653212,0.8933314369864678,0.6241162777140068,0.5940608868312292,0.8343484171035416,0.6311244850636597,0.9997630578150822,0.8855759234814216,0.8600594271401627,0.8133576989322111,0.8482845240792767,0.9207387390588704,0.896294748159149,0.871006402379628,0.5712994689751394,0.9008659675579789,0.7820108890843249,0.8308338409093514,0.9542464990663253,0.5564611140377977,0.8933314369864678,0.9351202479906622,0.8696699433629371,0.773649782107775,0.8688749213726972,0.7635306355789538,0.8873499650757828,0.9403916813458222,0.9459681478708941,0.9232820470452587,0.8398327380849617,0.7144111382388532,0.9871683151677604,0.9841859487687892,0.897380434562326,0.6649054082105611,0.9351400971379671,0.9253254956419286,0.7900315035224672,0.5340425985805386,0.7113511807594722,0.8252392017888603,0.8886304228846462,0.9721803965010325,0.8643553837196308,0.9658121193809133,0.8511694599226765,0.7590582680816149,0.8236439572175729,0.8280740422732296,0.9170516417665229,0.9228836550747224,0.7621069123919669,0.8906003076078177,0.6633752259897863,0.8414182377748982,0.7255809745513329,0.7227969533618732,0.9668883002312161,0.7533564320784047,0.8426181754406719,0.722796953361873,0.9148690067471976,0.7375993495665112,0.8731803828700915,0.6788600287356852,0.9824703030601518,0.7314242612705921,0.9154696071967023,0.664787662282377,0.8748337527607468,0.6939535459036312,0.8017315583434853,0.9459681478708941,0.7870191289201345,0.7546244317278947,0.7756626784121654,0.9135864513673662,0.9649342989253822,0.9092272046561756,0.8611503507631261,0.9868938756849308
p30_R,0.6672040950047704,0.9747903462373965,0.30933432245276216,0.9513406259898933,0.8875255844205969,0.9630587443532561,0.712753700288602,0.7308328344844517,0.8079564670345298,0.911916104177739,0.7688919591809662,0.9181361257449083,0.883879561423246,0.8283921313536702,0.8682281961493583,0.7484437161603563,0.9418603109760091,0.7169442233336842,0.9074725945748126,0.956091512537085,0.4920526014865646,0.809271403416813,0.8851054684866393,0.9276228731395861,0.8479553728156017,0.8482926115779139,0.9093531537683384,0.8613707440299998,0.911916104177739,0.6234334934941677,0.9348824782192033,0.9380230108510115,0.555327115908409,0.8439952162507556,0.9227803491523985,0.9918433141222975,0.6361374487275397,0.936913592554492,0.9165661374366314,0.8720961728433061,0.45084469305648156,0.8512715263045252,0.9165661374366314,0.8071644882517874,0.9093531537683386,0.5721956693179601,0.6916094335135824,0.7796535661369801,0.8872054689129857,0.760409973505993,0.8990962871160681,0.4487476900502456,0.8482926115779139,0.8701093676023473,0.9051786368334236,0.4990931687367338,0.8424470967591313,0.8875255844205965,0.802967542582304,0.6195096394008309,0.7919716537241257,0.6418584194402974,0.8482926115779144,0.4914728572492184,0.9032069193824648,0.7828183207878003,0.9380230108510115,0.6976927523013063,0.5567679107778589,0.9074725945748126,0.8256631184828769,0.4058087524255697,0.8875255844205971,0.616230974762821,0.8875255844205965,0.1975539500497735,0.6011140043196653,0.8903153901509667,0.811195625739098,0.9165661374366314,0.8668377479090335,0.920862119626535,0.8367367544106026,0.6897715255156596,0.8875255844205965,0.8176146677824232,0.8933608835872624,0.9589671406138257,0.9207770002519439,0.8838795614232458,0.8875255844205965,0.7797903006735192,0.7751082245694467,0.7783639690929038,0.8367367544106024,0.7796535661369801,0.7556662913060188,0.0,0.6011880149248678,0.6760670186296522,0.9731841775797108,0.895122236498546,0.8875255844205971,0.7695466995459634,0.9938615816318148,0.6706738076877616,0.9907874554041505,0.551198454664451,0.8604642587137394,0.6839852228671066,0.9041909372048174,0.9065230692823054,0.6186529524494819,0.9600461049881367,0.6540395853328662,0.5353090278688586,0.9321494820664493,0.9074725945748126,0.7579856141469952,0.6857040501172029,0.8071644882517874,0.7836695118070411,0.8604642587137392,0.8339274444513161,0.934325805877885,0.8891099308847698,0.599784142216467,0.7435064296820986,0.9523926900665711,0.8353059983605327,0.7182543862911601,0.6164697371521506,0.9380230108510115,0.9165661374366314,0.9093531537683386,0.7591059870896424,0.7503564647742345,0.9451968179441582,0.672709751799554,0.8803223329648371,0.4548029976721155,0.6905052205881443,0.9699837861448968,0.8091869881563348,0.7509433962264154,0.8020423584034373,0.8017951474918712,0.6663974528378023,0.8453519108162275,0.6772070825731951,0.911916104177739,0.8132633613980007,0.8809901193072918,0.5483318910361032,0.9380230108510117,0.8453519108162275,0.7873279292336639,0.7813359940592819,0.8839520920898094,0.746238570044433,0.6339586239347766,0.9545983707785916,0.9948203747824236,0.5925694816009679,0.28634168333813315,0.8613707440299998,0.8789931590261653,0.552415103538324,0.7026939192534005,0.7060799269307148,0.9994799761556172,0.5680154094301468,0.9741390436599582,0.6824869826513951,0.9592677405138987,0.9827558590699044,0.949657954348555,0.8887676257765074,0.8229580323820473,0.9126713098537944,0.9726810601310467,0.9626790839185237,0.9205073988193802,0.8838795614232458,0.8057986788231707,0.9579166704818038,0.6857040501172031,0.7820963185522336,0.8701093676023475,0.9307730433794739,0.8803223329648366,0.9336231742732197,0.3985964685857143,0.549656248998613,0.8771384844196286,0.8875255844205965,0.8912695666285131,0.8803223329648369,0.7796535661369799,0.42720759375913664,0.8185509550085712,0.8838795614232458,0.8875255844205965,0.1963558296904292,0.5799753340350129,0.911916104177739,0.8875255844205965,0.741713934899411,0.8123528553952013,0.7862266439129355,0.7335140078145894,0.703749464390385,0.8838795614232455,0.8875255844205965,0.7143561493018507,0.8875255844205963,0.7369157157643453,0.47794022784804424,0.5224890845702885,0.8875255844205965,0.7992258587816798,0.8875255844205965,0.7229820551744675,0.9263645203078226,0.8149740971886754,0.1293919135846322,0.8951222364985463,0.523597126004612,0.8803223329648369,0.8564899004423033,0.8933608835872628,0.8771384844196284,0.8435895345923252,0.7527714726987168,0.8673433704742712,0.7975342693778874,0.8543440355757848,0.6959704540897897,0.8070490570720907,0.9351625719861468,0.8123528553952004,0.8768459965606679,0.7649540409257369,0.8803223329648371,0.8875255844205965,0.8053281804939991,0.8875255844205965,0.6240107555128261,0.8123528553952006,0.8990962871160681,0.8655292753164372,0.5235971260046118,0.8912695666285133,0.8097499609329359,0.46890089380374655,0.8017951474918712,0.9206712478934668,0.692698906178074,0.8951222364985463,0.8214615093860438,0.45742365248240957,0.6712477091515323,0.8838795614232458,0.903206919382465,0.8449810429795404,0.9165661374366314,0.9157046033603256,0.9893913956609933,0.9894003837489758,0.7959505066575708,0.7407169184222451,0.8990962871160681,0.6809035884041399,0.7641127012947677,0.6596730668024527,0.6706738076877616,0.6211807249799928,0.8779023017675656,0.9386087043883957,0.782096318552234,0.6706738076877616,0.7190578555793394,0.6500246765479307,0.9436595831253995,0.3176236296151237,0.8529818302809147,0.8951222364985463,0.5867342269720291,0.603347280964188,0.5528205690495869,0.6164697371521514,0.9921682189593071,0.4720958709189995,0.9074725945748123,0.9343912913953503,0.6953006468213347,0.05597129355210295,0.6550811650613757,0.9074725945748126,0.8875255844205971,0.8988404348703849,0.8803223329648369,0.8990962871160684,0.5620651835710921,0.7747956902453341,0.917028522597876,0.6999956347234355,0.8149740971886754,0.5144718678130092,0.843222236763367,0.7438921262855445,0.675070538557045,0.8681146222221918,0.8899417220942676,0.7889042333651193,0.9113822623848766,0.787012015828082,0.956091512537085,0.9425283249577885,0.8123528553952006,0.6758781541847521,0.9326920846792617,0.8875255844205965,0.8990962871160679,0.8053281804939989,0.8482926115779146,0.6706738076877616,0.903206919382465,0.8838795614232453,0.8875255844205965,0.7896392991214698,0.9074725945748123,0.9165661374366314,0.6464089937138835,0.6281781784739817,0.8542911987973543,0.8990962871160681,0.6626272674171765,0.38964843329796595,0.8604642587137392,0.8734436811123556,0.6939370245491565,0.8951222364985463,0.8439952162507556,0.4331569110573815,0.8701093676023473,0.8020423584034369,0.8044782210636213,0.5263471632090406,0.8202756097183712,0.5386760583294259,0.7655752741549569,0.883879561423246,0.8499499483575266,0.99174483761731,0.5727359379935995,0.5906953243454034,0.41041858524305397,0.8875255844205965,0.6763436678671921,0.8410682594545356,0.8229580323820471,0.9009422321522251,0.911916104177739,0.6898734394767863,0.8875255844205965,0.8875255844205965,0.8453519108162275,0.7870120158280818,0.9908515472881889,0.8875255844205963,0.9119161041777388,0.8875255844205974,0.82839213135367,0.1261240298815327,0.549656248998613,0.7951815329931904,0.8311464231994985,0.8933608835872624,0.36107566626722376,0.4441084298754161,0.8875255844205965,0.09012990480632721,0.8149740971886756,0.5356941813637675,0.5113890609379181,0.8699737162605758,0.7461795048978024,0.578899888971435,0.548449350788144,0.8875255844205965,0.46027111455193503,0.8482926115779144,0.8240955842467907,0.8101114736398272,0.8912695666285135,0.36540910954926875,0.8734436811123549,0.8875255844205965,0.7699714700059184,0.597979521649522,0.8875255844205965,0.8560530782444922,0.5608764458219317,0.3199621689058466,0.4065094222969562,0.5620651835710921,0.8875255844205965,0.9440647409827922,0.6976927523013066,0.9754350893887315,0.8527877093428844,0.7303967588451126,0.7944694276080908,0.7969800157502145,0.9887629741094845,0.6540395853328662,0.8554695284799598,0.7485888881337766,0.9718166912916815,0.6739962200505722,0.7205769003047411,0.1653867715257269,0.8573544191143383,0.6337830280646118,0.8754653093959397,0.8875255844205965,0.9237859663302174,0.8055187840251791,0.6781398313301581,0.8668377479090332,0.9008915475218525,0.9136668681404592,0.9134259297108931,0.8912695666285135,0.8803223329648371,0.9579053211365334,0.8875255844205974,0.943770289005345,0.23330429319967605,0.8289009182409783,0.9074725945748126,0.6760825427877957,0.911916104177739,0.8701093676023468,0.9718166912916815,0.803211760776745,0.9876920312143678,0.911916104177739,0.5448329534237386,0.8381724206093375,0.7797903006735192,0.8512715263045254,0.6011140043196666,0.28038598290961403,0.8951222364985463,0.6104538335044134,0.7772201872815194,0.6791550708773425,0.8542911987973543,0.878790597763361,0.8668377479090332,0.8339274444513167,0.6935626108542228,0.8139943920814705,0.9795227342957178,0.9931253746086497,0.995671847728585,0.9530386083538385,0.8283921313536704,0.8542911987973543,0.8859699871586744,0.41428989726763676,0.8668377479090335,0.2909034205015639,0.8542911987973543,0.8433500001248186,0.7858109573836501,0.8951222364985463,0.9329707512857153,0.4607944279352305,0.8879754427987612,0.8381624335706246,0.9496579543485548,0.9828201226319815,0.7797903006735187,0.9032069193824648,0.9773623611333115,0.9093531537683386,0.7980824313626276,0.9380230108510117,0.9074725945748128,0.8844049613352594,0.4020685237688564,0.42815233725406865,0.7050416667167997,0.6707851023951378,0.6087472772604872,0.9662639211982977,0.8768459965606674,0.7915988213726386,0.8875255844205965,0.6922664431881904,0.8875255844205965,0.8875255844205965,0.5986505443815766,0.8573544191143385,0.8677148227831393,0.8875255844205965,0.5933385583655058,0.6566442019162368,0.8353059983605329,0.7235404125038605,0.12678606370470946,0.4359743792232942,0.8079564670345301,0.7845489569349902,0.6455139250146911,0.9051786368334236,0.8750335540746355,0.9032069193824652,0.8176146677824228,0.6596730668024535,0.6810293553007623,0.9136849711289661,0.8734436811123549,0.8803223329648371,0.9469468115857216,0.9841122468683339,0.9688728373727968,0.6540395853328662,0.7796535661369799,0.86362411228767,0.8512715263045252,0.5989497880432806,0.6809035884041394,0.8699737162605757,0.7919716537241257,0.8573544191143383,0.8229580323820478,0.9326920846792617,0.8636241122876707,0.8912695666285135,0.9630755696182973,0.7000833224200957,0.48960972987372897,0.8990962871160681,0.6313029696900343,0.8768459965606679,0.8744198596574448,0.7273804997455665,0.9866492543882339,0.5205706598159825,0.44682207128895635,0.9904486487301195,0.45126576102992044,0.6923299557802547,0.7845489569349899,0.45831333007111275,0.9528344261864474,0.7944694276080908,0.8681578405822044,0.8875255844205965,0.6337830280646118,0.8149740971886756,0.8875255844205971,0.494380717757534,0.8636241122876698,0.9136668681404589,0.9073913976249545,0.5387433505193433,0.8573544191143383,0.5674241190469937,0.6905052205881448,0.6221191601464439,0.8668377479090335,0.721567108834573,0.9136668681404592,0.9051786368334234,0.7150826106836701,0.8353059983605327,0.8542911987973543,0.48718519656890447,0.7527764253071676,0.4982459070655524,0.6973530154526975,0.9863128554450595,0.6891313942503179,0.4774448765895255,0.8339274444513161,0.911916104177739,0.9187803324078709,0.9276228731395866,0.49392115678379733,0.8053281804939989,0.7822928269864629,0.883879561423246,0.5700304780130332,0.48525551870777117,0.9904486487301193,0.732207549738054,0.895122236498546,0.8879754427987612,0.7674560812394025,0.5409615009398934,0.8851925429078809,0.8884462126869941,0.8604642587137392,0.8016666590228796,0.49568923949846533,0.8838795614232455,0.7116364755344973,0.9165661374366314,0.8875255844205965,0.8677148227831395,0.45626473653890964,0.725792652846541,0.9429434772664502,0.8875255844205963,0.8156160881618817,0.6244910389147269,0.7919716537241253,0.8283921313536702,0.18670987505594938,0.9735935723487787,0.7918572487930258,0.5410927960499872,0.6932656122670001,0.7919716537241248,0.6857124991339201,0.741159516676425,0.6518137794452566,0.9661003603569039,0.8424470967591313,0.9326920846792619,0.8353059983605327,0.9165661374366316,0.865529275316437,0.8803223329648369,0.9904486487301194,0.4784694305245729,0.9995225669598761,0.8875255844205971,0.7865585335000413,0.06476198070456918,0.9074725945748126,0.8875255844205974,0.8636241122876702,0.5023136903243133,0.5773173325860299,0.883879561423246,0.8284166467393281,0.8768459965606676,0.883879561423246,0.8838795614232458,0.8202756097183714,0.8875255844205965,0.9093531537683386,0.8803666744031946,0.8875255844205965,0.8542911987973543,0.758035357540596,0.949657954348555,0.6540395853328662,0.903206919382465,0.8912695666285135,0.883879561423246,0.5852291016543919,0.6857040501172031,0.8573544191143383,0.6479136108741672,0.8875255844205965,0.9662639211982977,0.8951222364985463,0.5554862620653553,0.6643607250821311,0.9430601591562494,0.9074725945748126,0.8912695666285135,0.8604642587137394,0.8353059983605331,0.947938369254937,0.7599267682613889,0.950071713187193,0.8742367782321763,0.8844049613352594,0.8029179700430693,0.9510271056359668,0.9496579543485548,0.8453519108162275,0.6916094335135825,0.8159437393068667,0.6663974528378018,0.8875255844205965,0.9580351138842,0.19236242403079307,0.911916104177739,0.62576289609728,0.6680538025319436,0.9882611788790332,0.6112499775437952,0.9136668681404592,0.5524819399379899,0.5533470361604789,0.8875255844205965,0.8875255844205965,0.8324674078778125,0.8309503186803795,0.8053281804939989,0.5888881972895494,0.657460464568929,0.5761646938221816,0.3134312151287789,0.5718862459929148,0.8512715263045252,0.5858211867636784,0.8875255844205965,0.8205821124942525,0.6337830280646118,0.9165661374366314,0.5545010087893498,0.6706738076877616,0.6418584194402972,0.8875255844205965,0.8875255844205965,0.5145572516835124,0.9580351138842003,0.5172625778588129,0.5713772330200737,0.6981643404790214,0.26801795418916674,0.839576033409581,0.8977544991765876,0.6492767961846551,0.7559620810165362,0.8875255844205963,0.9041654272565289,0.5961038803458263,0.7451973682607593,0.949657954348555,0.8238643996920938,0.7351993611421532,0.8020423584034375,0.817614667782423,0.8912695666285135,0.21846801472490718,0.8875255844205965,0.616230974762821,0.8645218511266486,0.7772201872815194,0.9461588401075343,0.5593341488929932,0.8701093676023466,0.78948605350738,0.8764521515096011,0.9032069193824648,0.7523816348977577,0.6950267385394193,0.9093531537683386,0.8230314456661835,0.9021612281354041,0.8482926115779144,0.6935262720912383,0.8990962871160681,0.883879561423246,0.9041909372048171,0.8424470967591313,0.973024856152525,0.8985236081068257,0.9165661374366314,0.8123528553952006,0.9630587443532561,0.9165661374366314,0.9923411925250785,0.9189463882895699,0.7699714700059181,0.8875255844205969,0.8672068540255297,0.8390081747164055,0.8636241122876698,0.8346885831055686,0.6187970273505472,0.8838795614232458,0.8951238755194626,0.7651773360761203,0.9276228731395861,0.711004634394403,0.8410682594545358,0.8890603751539479,0.8336922975960696,0.8875255844205965,0.7604099735059933,0.9714553566521971,0.6557730466260121,0.911916104177739,0.8512715263045252,0.8542911987973543,0.9523759106872667,0.8875255844205965,0.567424119046994,0.4512657610299202,0.8542911987973543,0.5853771851526774,0.616230974762821,0.5858211867636783,0.6727097517995545,0.6217856716593948,0.8357318265621436,0.6500537245160505,0.690579514696956,0.8859699871586739,0.959120766237098,0.9165661374366314,0.9718166912916815,0.9580351138841998,0.8420035781401929,0.9674382549942214,0.6431086806855388,0.8261074040530079,0.4368369202800829,0.9227803491523985,0.883879561423246,0.6663974528378018,0.4266373530855013,0.9913468891538277,0.5205706598159825,0.48217471153251834,0.8875255844205965,0.5468163462833759,0.21118056972774923,0.82839213135367,0.8875255844205965,0.6455139250146911,0.8734436811123549,0.6706738076877616,0.8859699871586744,0.883879561423246,0.4952993945967703,0.8482926115779144,0.9726516694250817,0.8951238755194624,0.9269599282969823,0.8851054684866393,0.4294466045272044,0.8875255844205965,0.8914825172232941,0.8875255844205965,0.9074725945748126,0.978973937346113,0.7438921262855449,0.9165661374366314,0.8367367544106028,0.6448230676521435,0.81060124026164,0.8765314815193935,0.8875255844205965,0.6443372083722512,0.6347699599891727,0.7888047527723911,0.8591662028932876,0.6367717134368286,0.7894899230043848,0.7370136620351655,0.8311464231994989,0.8149740971886752,0.7627905064810556,0.4669850473635416,0.8149740971886752,0.45850659975623576,0.8990962871160684,0.07468676443340694,0.8149740971886752,0.9165661374366314,0.8482926115779144,0.8912695666285135,0.8794520123294856,0.9181361257449083,0.8560530782444926,0.8542911987973543,0.7604099735059926,0.315427711922184,0.9145855552030098,0.8097499609329368,0.8453519108162275,0.8838795614232458,0.8933608835872626,0.6754396140474377,0.9257108793738833,0.5787070904427531,0.64680993392073,0.8045955631048267,0.35815055269579477,0.8720961728433063,0.9276228731395859,0.6540395853328655,0.8027155634233629,0.9614558758710805,0.9008915475218526,0.9268447894287093,0.8410463856728889,0.6727097517995552,0.6518137794452566,0.862485678209046,0.8367367544106024,0.9112348650054467,0.8410682594545358,0.8379686958030506,0.7895993357749107,0.9187803324078709,0.8311464231994994,0.6189077093341813,0.8769750807762098,0.9088679893884183,0.9454380141177536,0.7796535661369799,0.7762732951361702,0.9032069193824648,0.8239302922958687,0.8326044817077389,0.8482926115779139,0.9418603109760093,0.8306298432356217,0.797534269377888,0.8214615093860433,0.8953452033138497,0.8296036746659662,0.8490796941432524,0.9181361257449083,0.8156160881618817,0.7150826106836701,0.8951222364985463,0.7088440617496857,0.7485888881337768,0.8395760334095792,0.8951222364985463,0.9563118262732426,0.697353015452697,0.832452700243069,0.9470114033160808,0.7862323152789434,0.6601243056001953,0.9667145395854095,0.7790873483258249,0.9702619328599775,0.7048607505695221,0.8084387788384795,0.6922664431881904,0.7627905064810556,0.9065230692823054,0.8912695666285135,0.911916104177739,0.7649540409257376,0.9074725945748128,0.7689667877273432,0.6922664431881904
p30_Y,0.7817161652917721,0.7920073583101415,0.6163467556269135,0.8863697661712904,0.7468593326397857,0.8663981446497517,0.9159311100411129,0.8995211814389399,0.568898199128271,0.7791342810179898,0.8613770136830703,0.7368993318512822,0.7088341300603618,0.7252059422942556,0.9902801359854903,0.9463115871426548,0.9093225541463927,0.757072393140884,0.9900806838204745,0.895143453215967,0.7562347227706143,0.8303471680343872,0.9122453680840747,0.8167131454128493,0.7765627366303722,0.6196017318950297,0.802794658573921,0.7261130441573436,0.8951434532159672,0.8599325483886564,0.6869679820512473,0.8107718657080948,0.8493452356031743,0.7436769966915078,0.7757423250204238,0.8518367404342475,0.8556739741002501,0.7973465630115684,0.7907939939476721,0.7523634768121836,0.6432647920241732,0.8760322866923119,0.9812428058379926,0.7375850541593596,0.882690580253275,0.47243789935958724,0.8320602288053403,0.4642586101301863,0.7523634768121836,0.6532826143625079,0.8745544649449793,0.466663243846285,0.6418633702866043,0.9190755834842699,0.7866640562555884,0.769290144271424,0.9634932129957607,0.8198957816506434,0.7500517111488909,0.8083612831931013,0.6004847490255982,0.7595910237801373,0.846118946707183,0.9261892480185323,0.8450061550758585,0.6385822480453758,0.8703151381074823,0.8691330488676737,0.9521150382300172,0.8863977262808043,0.7208359997839735,0.7523634768121834,0.8335083097817,0.3453889465921487,0.8198957816506434,0.5974177633753264,0.8059848741599323,0.8365075239969435,0.5292893194588647,0.8663981446497515,0.8153196203972826,0.8357562495103221,0.7385681083063829,0.9796887770566303,0.8198957816506434,0.7079480917663039,0.95215863740666,0.8290422108311999,0.7167224022131926,0.8140574394939937,0.8198957816506434,0.6322243780184482,0.7498404974895847,0.7523441863035254,0.9272322568905118,0.9154119201018633,0.6087507421662255,0.6011880149248678,0.0,0.39955488192543,0.7692901442714242,0.8320602288053403,0.8198957816506438,0.8126918416383506,0.6849077082004653,0.8518367404342477,0.670885837487122,0.21106065494283888,0.6501214945684889,0.41030532329508396,0.5600050674650578,0.9665635897366467,0.3675369150705826,0.6789477955563714,0.8320602288053403,0.41682419511587465,0.842834648379793,0.8025534011001835,0.8663981446497513,0.3492981815213946,0.7928625342653753,0.7316505818096617,0.7765627366303718,0.955771967929013,0.7570723931408849,0.5122206275536176,0.8258909849650775,0.9102949450721916,0.8421226412849139,0.8303599717123528,0.38035915956316424,0.8628398878670418,0.8384238384890397,0.7907939939476722,0.8027946585739212,0.7037654097958479,0.7745876557726112,0.8703151381074825,0.8384238384890397,0.835679291489003,0.49506760478412093,0.8589520903530734,0.4213532702362881,0.6315816211257095,0.7562347227706148,0.5036316635286913,0.6768283602042513,0.28134462691615647,0.8532450756729786,0.39121047392927144,0.8589520903530736,0.6528153972537423,0.7895735314600918,0.9708761786780927,0.9659890369628095,0.6341387159425147,0.7411173537366635,0.8070240566056872,0.6990565102783755,0.6549859370478786,0.7045474932995193,0.8936195469287429,0.8357562495103223,0.5266791058016091,0.63551360954282,0.7227253438649508,0.617957069807456,0.693192637199648,0.8853068905384831,0.6190868424402668,0.8863697661712902,0.8140574394939937,0.755991243291309,0.7432178961739649,0.6769537684110875,0.8634190716399788,0.9555196979739178,0.985043087414579,0.9524240522016283,0.7207589368778295,0.8932195383253448,0.7868651048112653,0.8771807380071668,0.7368993318512822,0.8242004592161576,0.5631496644909326,0.39051178693976896,0.7914705058772373,0.91907558348427,0.8112369598540141,0.836504608960178,0.8262840145837936,0.5860352996487308,0.39166073428753645,0.9667992866226256,0.8198957816506434,0.7571471671425037,0.9722693329685108,0.7492748529965406,0.6901151960214436,0.685037859145577,0.7930297354331228,0.8198957816506434,0.6051507405147489,0.42891977893396116,0.8153256438808836,0.8198957816506434,0.7744971027713472,0.6235082158532337,0.5700293154827774,0.7538336865763449,0.6802049396622263,0.8140574394939937,0.8198957816506434,0.9397426361158749,0.8198957816506434,0.54675111234272,0.5594394507357563,0.586034150748078,0.8198957816506434,0.5634214266013441,0.8198957816506434,0.5692196796938234,0.8013196480179021,0.7227253438649508,0.5746671355883906,0.8320602288053403,0.25002171920772864,0.8356792914890028,0.8653579053493348,0.9747544809699762,0.8587652192835504,0.654896469555758,0.8093722419279268,0.8703151381074823,0.7597630974336155,0.7404566505856771,0.6890476598782609,0.8324046666482083,0.7927505615561516,0.5294846904627255,0.6911978374568366,0.6396530080955218,0.9184586338478831,0.8198957816506434,0.732146909137608,0.8198957816506434,0.4875955889057292,0.7183271064132095,0.7788805660896528,0.8741589243497462,0.2500217192077283,0.727364178007331,0.5974045003778328,0.7765627366303722,0.6521138150846952,0.8365075239969437,0.3265833142919419,0.7370245443308441,0.6459909893647962,0.9937748046580381,0.49274065983097537,0.8140574394939937,0.8898622548988656,0.6120777472737247,0.7907939939476721,0.54124254345046,0.9040829690607293,0.8976394556968519,0.6980437792537499,0.6584586267386654,0.7788805660896527,0.46668108522766805,0.6222245685865895,0.5728260875451432,0.8518367404342477,0.35885180069344225,0.783520576320483,0.8127301243887279,0.8875696339812911,0.8518367404342477,0.7837735299458217,0.4096642808542592,0.9112890525821773,0.6724290910814819,0.7654968982635142,0.8320602288053403,0.731641674731307,0.22960351631478704,0.8083612831931013,0.8320602288053405,0.8628398878670416,0.3106548851066304,0.8518367404342475,0.5173717853052431,0.6570729725670597,0.5936542212384521,0.9695492342140387,0.9900806838204748,0.8198957816506438,0.8180953847313233,0.8083612831931015,0.8384238384890401,0.25177698811516236,0.5840218860076171,0.8628398878670416,0.7523634768121836,0.7261130441573437,0.3955863605051777,0.7479842992419234,0.4493256427343244,0.7558286702632273,0.7608423896105199,0.7114187936567027,0.6356648254409084,0.895143453215967,0.6718525253104792,0.8589520903530736,0.8871028091245468,0.5670941006189311,0.7147645396314777,0.9524821577627511,0.8198957816506434,0.7469892664712108,0.9103556187839577,0.7570723931408849,0.8518367404342477,0.9561451524051848,0.8701878430758341,0.8198957816506434,0.8004508936637529,0.7679924152536273,0.9044879070278156,0.737236035742582,0.5393495460901458,0.7666778741455396,0.7788805660896525,0.43757385041895447,0.41912703751756775,0.9437798358640372,0.8386627288471935,0.48881214425357244,0.767804203392545,0.685379071294042,0.5214924248559862,0.6743060959585148,0.756675763771601,0.8663981446497515,0.244059112117059,0.7510743165304614,0.22587596743020055,0.8027946585739212,0.8140574394939937,0.9993988716618949,0.6089871501908086,0.26722171597545863,0.299271290806272,0.37000783150192196,0.8198957816506434,0.3784229741940244,0.6579666381806915,0.7754842912885827,0.9577392587568812,0.8153256438808839,0.5394224015268685,0.8198957816506434,0.8198957816506434,0.6122280799694668,0.7576477971289871,0.5831527231674445,0.8198957816506434,0.8589520903530736,0.8198957816506438,0.7252059422942556,0.63551360954282,0.2426245557018395,0.8487787740312818,0.7296163637882773,0.8547094619088416,0.405200804612484,0.345154820116538,0.8198957816506434,0.5786572391933413,0.7227253438649508,0.2803219806753572,0.35727823400680336,0.8316421088704482,0.6663188397513882,0.8320602288053403,0.19150476656147208,0.8198957816506434,0.33117637850204495,0.890642223490332,0.741505554432474,0.8354768173651193,0.8464961345480223,0.4270980772722963,0.8493452356031737,0.8198957816506434,0.700235559215107,0.5912289978069603,0.8198957816506434,0.8622806558830396,0.49549590459012927,0.46640455813197157,0.3703149760963118,0.20179478489944447,0.8198957816506434,0.8991757607141795,0.7872226281463373,0.8781476038290179,0.744033509530587,0.5977574357761044,0.8540990994674013,0.5086861038960556,0.6479527810719699,0.8320602288053405,0.6831617557290705,0.46210578866808705,0.8888016367167049,0.3043321891097144,0.8432146447826498,0.5414080541200503,0.9122453680840747,0.8384238384890397,0.7793340315324595,0.8198957816506434,0.920958712127361,0.752428640237514,0.6673804836059314,0.7655806410250285,0.8919526854294395,0.8083612831931015,0.5974143168143637,0.9450229415057687,0.8629972997849047,0.8862465033691971,0.87766176641192,0.8428346483797935,0.6306615595381442,0.7447396263236652,0.7679924152536277,0.2668529657571832,0.8153256438808842,0.9538561913416003,0.865357905349335,0.456998966590655,0.8790717557832961,0.8951434532159672,0.6768531016831212,0.7071074713305262,0.9021439586745317,0.807108152652517,0.9034340496577511,0.6890476598782604,0.9832618168244524,0.7705069583296171,0.9428318630770238,0.9060176094445255,0.927860749996698,0.6411027604606829,0.7655806410250293,0.5835818336367222,0.5110940059271583,0.5550019612123501,0.7494006677039344,0.9625865019326287,0.6368308645053811,0.6441052345007487,0.6301387621976058,0.9800347495169258,0.8419141739819651,0.36591292561912714,0.964536558514043,0.5686475527646819,0.8879302490305497,0.7371318114913112,0.5914416207925094,0.8320602288053405,0.9294813257171428,0.5987744513609166,0.8040216175319106,0.6743879905776666,0.9753583303329685,0.6348141568183059,0.5262616352302341,0.9444305013353369,0.779742062345403,0.829426632467039,0.8027946585739214,0.8107718657080949,0.7679924152536266,0.7547468165103175,0.4198883942405931,0.6912143180784831,0.8140574394939937,0.8140574394939937,0.45273908923001593,0.9699693957009403,0.8560586063601572,0.5595347799302763,0.8198957816506434,0.8450061550758592,0.8198957816506434,0.8198957816506434,0.27270567712412586,0.9825765621861844,0.7705069583296165,0.8198957816506434,0.3439219318947053,0.19051934082377098,0.9251788622723273,0.7756319046961171,0.5936727919309601,0.39927631122882934,0.9506482786880845,0.8252371730509978,0.18987408620184965,0.8906614014387996,0.9982765772584619,0.9775719500884963,0.581107817568205,0.6719546932922698,0.45958094526099114,0.7340695868274125,0.9686594103262076,0.7818685923683748,0.7571976583042771,0.9112890525821775,0.680543364057616,0.8320602288053403,0.8148179520313847,0.7798561299743387,0.9881707587411859,0.8419141739819647,0.49344202827165207,0.7500215128047114,0.4783799031599212,0.6423237359358971,0.8737841584624968,0.7678042033925443,0.9277963435322056,0.825890984965078,0.8814704869827474,0.26083909989461607,0.5504586091959767,0.9659890369628097,0.7257831385929439,0.9575175763880175,0.8405831374381645,0.6244367286418773,0.8701878430758341,0.30510232233732126,0.7385681083063826,0.9044879070278153,0.34916553981167786,0.3733404511762476,0.8683364223103446,0.3905797455698017,0.8059848741599325,0.8365059489842352,0.7988365313396688,0.8198957816506434,0.8384238384890397,0.7071074713305254,0.775742325020424,0.5911713080790117,0.68240695447652,0.9730946504396861,0.7804934746584116,0.46582716769837074,0.8184704426145948,0.20321796603057052,0.8951434532159674,0.3675668094876041,0.8899280894556626,0.5835119832672551,0.8083612831931015,0.9793419170821871,0.9426160870003961,0.8875694521161241,0.7897039992671337,0.755260479429122,0.7079013317599445,0.34102719301491025,0.4786505790325206,0.7316416747313066,0.3464807259020093,0.5217966043848423,0.9821963430222724,0.8951434532159672,0.8721153647638948,0.7571471671425045,0.4939763775599326,0.6300047742580555,0.7567161964793768,0.8421226412849139,0.4014532077405355,0.44935858131589157,0.9425776694058794,0.75971888615538,0.8293635215159467,0.8232363226850319,0.7607364895185857,0.807108152652517,0.8590410027491264,0.7754240461932225,0.6978978086352503,0.9037554537648735,0.8116380343108165,0.7930297354331226,0.8384238384890397,0.9044879070278156,0.8198957816506434,0.7825422802898185,0.5650387637397902,0.5681673132608307,0.7165043709842343,0.8198957816506434,0.6250100213909904,0.44138914005731245,0.7574766937100368,0.7252059422942556,0.6589443545051561,0.6481020004099824,0.6705651239257147,0.8534513685300054,0.7643771998544502,0.984242836032008,0.48019381515180526,0.7387880214105293,0.8450061550758594,0.6720239707316682,0.9634932129957607,0.9551788650521451,0.793545926725616,0.9044879070278153,0.9770030091460995,0.8356792914890032,0.8663981446497515,0.792007358310141,0.7908682630185726,0.8776617664119197,0.6509467834933016,0.6051473191292802,0.7679924152536277,0.7179763402591479,0.7067692483509743,0.47019285854385773,0.3392458437426681,0.8140574394939937,0.9022064377259249,0.802794658573921,0.8140574394939937,0.8140574394939937,0.9185707728839034,0.8198957816506434,0.7178298113499548,0.9948443033327279,0.8198957816506434,0.76667787414554,0.6598856989857123,0.8025534011001836,0.8320602288053405,0.7904379086393871,0.7273641780073312,0.8421226412849139,0.5259702011651366,0.52789047166768,0.7829861241401165,0.34073215526189493,0.8198957816506434,0.6884789879702877,0.8628398878670416,0.8357562495103223,0.48818415495399226,0.7104020132208464,0.8518367404342475,0.8556739741002506,0.6501214945684888,0.9627882724285304,0.8243390506971333,0.9065447587925577,0.9996023174152665,0.7805280437578137,0.8581329649248424,0.6942815150598534,0.8862465033691971,0.9900806838204748,0.7742741127852304,0.8320602288053403,0.829224191835614,0.268163039390347,0.8198957816506434,0.9065447587925577,0.627674323417891,0.7791342810179901,0.5814255989778183,0.8027946585739212,0.8116380343108167,0.4596877957320097,0.8083612831931015,0.6102030622065462,0.2506100564946817,0.8198957816506434,0.8198957816506434,0.9931401325483376,0.6465629230200522,0.7401187273180367,0.6498301683145873,0.2605968583299769,0.5472146669583728,0.45860786823540045,0.26263856002860375,0.7844753268914326,0.4026634858437186,0.8198957816506434,0.883400143757179,0.8384238384890397,0.7907939939476721,0.4270980772722961,0.8518367404342477,0.35939042271070076,0.8198957816506434,0.8198957816506434,0.2528363437696334,0.8198957816506438,0.22343921916156206,0.7816225802854784,0.520368727475558,0.643264792024173,0.9804718289955707,0.7431204823751236,0.3794736021041639,0.49734591539466555,0.8198957816506434,0.7183271064132095,0.26594700104870117,0.8556739741002501,0.802553401100184,0.9246351893024736,0.972735324318941,0.8637580858640361,0.7271627969194252,0.7273641780073312,0.5693702390368307,0.8198957816506434,0.26847156686974927,0.9577392587568812,0.4746766098757672,0.6646052964702005,0.5650387637397905,0.6743060959585168,0.6624356439415455,0.5767192460462538,0.7904379086393872,0.7542567619323913,0.33275549123534487,0.8243577069224273,0.8589520903530736,0.7913025860746407,0.9980495845517952,0.32703005791165773,0.7788805660896525,0.8421226412849139,0.48696050451830064,0.8771807380071668,0.8687647470380224,0.781730300434024,0.7907939939476726,0.793545926725616,0.8669735187038008,0.8288837563257364,0.672023970731668,0.9492760806244576,0.5535779357797002,0.891274294542976,0.9313348160788608,0.8303471680343872,0.7067692483509748,0.5345389557577136,0.8753445718989772,0.7088341300603618,0.7991474807856058,0.7971244643529913,0.9060621128183678,0.5010848573919255,0.9961686690631237,0.5675644345732884,0.594342958438062,0.8198957816506434,0.6481020004099824,0.9065447587925579,0.46617882358038565,0.7791342810179898,0.7402353321258097,0.6806951229362054,0.653056163591198,0.8198957816506434,0.3909652394707591,0.34916553981167775,0.8649041239089554,0.19762208909092627,0.31974982001801555,0.2387910586575872,0.8384238384890392,0.34387595652766767,0.8713575719993615,0.8991728889310483,0.3987035250604598,0.7950267112472247,0.483505306718524,0.8663981446497513,0.8184704426145948,0.8487787740312818,0.7550456491826931,0.8180953847313235,0.18366954428842985,0.859284551344182,0.42907009428261045,0.891274294542976,0.8140574394939937,0.36043415207101137,0.5356715451236764,0.6316574895791465,0.29271215150633945,0.2974012567985945,0.8198957816506434,0.2850123751543978,0.5153742448281415,0.7453514202788849,0.8198957816506434,0.38669710254593903,0.9533425807863842,0.8518367404342477,0.818470442614595,0.8421226412849139,0.548473758955716,0.6863866470697533,0.6847363738191674,0.8987588567543152,0.9701340346906152,0.8419141739819647,0.37459609592129706,0.8198957816506434,0.8316337624914162,0.8198957816506434,0.7679924152536266,0.6682836721843097,0.43407520663534926,0.7907939939476721,0.9481949400665264,0.7860655999822723,0.5067452558477039,0.7654968982635144,0.8198957816506434,0.6894321373709125,0.3497937395133175,0.7395075581599753,0.8994874242906523,0.6995224013351082,0.9022064377259249,0.7340695868274123,0.8214703578501712,0.8937754993063078,0.40520971686882445,0.37206741176424063,0.8937754993063078,0.7252059422942558,0.8384238384890401,0.6089871501908088,0.8937754993063078,0.7907939939476721,0.9796887770566298,0.876279123683195,0.6549859370478783,0.8421226412849139,0.903090953915908,0.8357562495103221,0.6691602367540428,0.6995224013351078,0.8767610496095957,0.5229580700007703,0.7656025317807925,0.7649645336422023,0.7067692483509743,0.7733945762673587,0.7453514202788853,0.6848581433656253,0.5930768899662129,0.9608049002319672,0.6926540158825951,0.84000602070437,0.7571471671425036,0.8628398878670414,0.7239000090053498,0.993830174083532,0.937946667137241,0.8069023617127802,0.6151495622359037,0.8384238384890392,0.8450061550758592,0.9387961956950474,0.6115887132371707,0.8090616470066296,0.8308989845587843,0.7754240461932225,0.9921109414476865,0.8960035217972757,0.6582291657186965,0.8198957816506436,0.5884112856841952,0.7302359012358859,0.7833434515885083,0.4810242714752657,0.9362411675459954,0.9892866011583443,0.8288048837270816,0.9268225482182904,0.6418633702866043,0.909322554146393,0.82241884101044,0.9761170931940073,0.9649560681798648,0.8087165248537702,0.7867685446246904,0.9509826700554507,0.8982530448667543,0.9957377086273971,0.8153400304680749,0.8628398878670416,0.885456963235423,0.3850175552290216,0.5977453722705997,0.8936195469287427,0.9037554537648729,0.5205662113716594,0.8678383344340701,0.8629972997849047,0.8629972997849047,0.4954249106530697,0.927860749996698,0.6720239707316686,0.8628398878670414,0.36937848290589603,0.7897039992671337,0.8781476038290186,0.5170526876540006,0.9202722814579349,0.9450229415057687,0.8153256438808836,0.7623627627625698,0.8371143869467406,0.8012951278263556,0.8450061550758592
p31_Q,0.9367751998355733,0.8160625976763958,0.6931843950682031,0.9246345836709342,0.7774457358293265,0.9035853419274653,0.8600267010654621,0.8567586939401753,0.4693203611208717,0.8580546626695635,0.8350822492095291,0.7947545085542373,0.7387014906758982,0.7636929526714453,0.9580113659300619,0.8819928224642823,0.9345162101060189,0.7555267484019448,0.988947390437986,0.9303375959870628,0.8154166722761891,0.8288905501894788,0.9340095300329532,0.8842670595891773,0.7751411006332312,0.622006741759932,0.8015399251065851,0.6528667442151794,0.9303375959870628,0.6188779236810484,0.6481607411767362,0.8441308835731784,0.8479841488472277,0.7268523948790682,0.7774457358293267,0.8508940408143368,0.8545251315798743,0.8220206572416715,0.8655480930335329,0.7507878712472866,0.7240933893941963,0.7650387230061647,0.9823029113907384,0.6851359566687675,0.9611114671059058,0.6822081174556238,0.8309916996778286,0.5681839184846456,0.7507878712472869,0.46646179426536527,0.8692431301086108,0.5704539701064975,0.6442376885398651,0.9175770289712897,0.9183444267027678,0.8753970416893986,0.7461068247589628,0.8187498553347687,0.6074524631589354,0.8617026589491736,0.5513557679831547,0.6356383368150036,0.9110090498990603,0.7240933893941965,0.8440199953549756,0.43973053734785394,0.93293779373488,0.8460015985914295,0.945862524846292,0.9199207156261613,0.7389297143038789,0.86019001264934,0.8928184240681564,0.3766524198900748,0.8187498553347687,0.6564418672536099,0.8288905501894788,0.810247046519972,0.3946396405466155,0.9035853419274653,0.8847526545886424,0.9261540016919989,0.7369047286962536,0.911143375861476,0.8187498553347687,0.7444663186095233,0.9262053747380743,0.6221532253229879,0.9608974512346836,0.8128743662973856,0.8187498553347687,0.6614729305147535,0.5521720573702735,0.4984318269310678,0.9253087703342009,0.9030348567102107,0.6532544717250939,0.6760670186296522,0.39955488192543,0.0,0.7461068247589626,0.8309916996778284,0.818749855334769,0.7816162124618278,0.6531316806977514,0.8508940408143362,0.6863607196674206,0.3919043760994845,0.771609662790612,0.3901228699082072,0.6450566905864632,0.8281320737595221,0.4237936874858841,0.7663234882012189,0.8309916996778286,0.3245190467890299,0.942955636795014,0.8508940408143366,0.9416225908213973,0.39524808427225777,0.8691401910307696,0.6982513449370882,0.7989963236109232,0.8562699197998582,0.9777018902388587,0.49477850247252597,0.8247832035705711,0.9825441889164772,0.8128743662973863,0.9080350407648283,0.3558053889414421,0.8309916996778282,0.93293779373488,0.9442656624968064,0.828135182106472,0.5805957904764556,0.8227627906652161,0.869243130108611,0.8373957982954761,0.8344223133664417,0.6778899672201747,0.8580546626695633,0.4652516537227045,0.6573472576992001,0.6760670186296529,0.5609188551543609,0.6483032776834055,0.33932385809058596,0.7459622783032684,0.3986819821439882,0.9303375959870628,0.5165167672095283,0.7041121915701605,0.9741780509094926,0.9010904619217455,0.6365601369012166,0.706265154884089,0.7863458220905186,0.8264751085472206,0.6370041857613566,0.7622690258132298,0.9846778189268361,0.7651933449849073,0.5452386221597021,0.6659644727675504,0.7587727771577899,0.7885628254607329,0.7240933893941968,0.8625074231215517,0.5840808111286572,0.864281472046126,0.8409008752365557,0.7367323075192928,0.7392371358273624,0.7356146798875773,0.8307034883985693,0.9199207156261615,0.9397353094771925,0.9110292960161306,0.6256490857916395,0.9219931288421894,0.6344911306157606,0.9831388891314286,0.7947545085542376,0.8558368762874637,0.5597398989642328,0.3678102274967274,0.82819780235688,0.9175770289712897,0.7890270787589329,0.9162633501146371,0.7777575173438606,0.6198896960354352,0.43547748896942495,0.8041227177047858,0.8187498553347687,0.8545251315798743,0.9708240412800999,0.9797673149108419,0.6860285228909666,0.5140289910955415,0.7947545085542378,0.8187498553347687,0.6163032473742966,0.29904934197205846,0.8580546626695638,0.8187498553347687,0.9476115829745209,0.5887957899219499,0.4967566425422141,0.6486947257088131,0.7471366342125103,0.8128743662973861,0.8187498553347687,0.922238838764541,0.8187498553347689,0.5525423297889458,0.6602193329572066,0.6730363290013446,0.8187498553347687,0.657204707522856,0.8187498553347687,0.7189686381203606,0.7865724240620575,0.7777521474360813,0.630414836721074,0.8309916996778286,0.3192061146073877,0.8617026589491732,0.8637752999394082,0.903493682301884,0.7692837169311608,0.6114171230137222,0.768595493150392,0.8373957982954763,0.956768773115269,0.8383661185956788,0.8738080422252306,0.8625840806761584,0.85169870238079,0.5512382309992565,0.8813256961062454,0.6216923959674241,0.7836528484753177,0.8187498553347687,0.6161853885018902,0.8187498553347687,0.6210880126935296,0.7163893700082526,0.9715202108257165,0.8338544992732518,0.3192061146073877,0.8545251315798741,0.6189038356184886,0.8705619925440005,0.6815640696788077,0.9095878572781992,0.37288847519842316,0.8617289235276302,0.5997892482084288,0.9253571734927085,0.4977156175728812,0.8128743662973856,0.9243097028741775,0.6464536649611059,0.8655480930335329,0.5464492343935936,0.8182043737548668,0.8959369409652409,0.6876799731095324,0.6409181613236523,0.9078255471994474,0.6319186211480408,0.6407510738939712,0.44339464281968954,0.8508940408143362,0.2359751154872971,0.7861773693878318,0.8341764835736609,0.9525008459794162,0.8508940408143362,0.8285597988050283,0.4281832367785846,0.9764030249383169,0.7525917314685762,0.7838106565463812,0.8309916996778286,0.7880013436107973,0.2860504543518879,0.8617026589491736,0.8309916996778286,0.9232033712272332,0.3932301295817108,0.8508940408143366,0.4737641505702149,0.620754511136745,0.6676277653492217,0.9474139819193249,0.9544340530320736,0.818749855334769,0.8383095843689294,0.8071419677837113,0.93293779373488,0.35806377005184586,0.8348949858198524,0.9232033712272332,0.7507878712472877,0.7857223361632186,0.4292042850927058,0.8044681396069852,0.7121595372770955,0.7909649744256613,0.8671969918532563,0.7682993337448905,0.6037740383594825,0.8941961293283132,0.6064035416644237,0.8941961293283134,0.9432481472940408,0.8329199229194445,0.7484398060265607,0.9538477333735611,0.8187498553347687,0.7485888881337752,0.7548065093948915,0.7555267484019457,0.8508940408143362,0.9574054602700126,0.9530069109932351,0.8187498553347687,0.9421276614770782,0.8039725851265408,0.8655480930335329,0.7892933999399472,0.6625424892650962,0.7881877245144919,0.8759782153863132,0.4688049088618014,0.4794602643384547,0.8467067695663082,0.6846730022527641,0.5508177294467416,0.9539405950770345,0.6686348434978533,0.5798555197780577,0.7017438536728531,0.6692168126386431,0.8655480930335331,0.3258283358936662,0.7297837922295809,0.28253274128520833,0.828135182106472,0.8128743662973856,0.8780191261130104,0.6982513449370882,0.31109467855806894,0.20522657665467048,0.4419058553386912,0.8187498553347687,0.3155376018953875,0.9677104672108676,0.7343334779041661,0.9747248899532106,0.8528136040604398,0.5045262017577158,0.8187498553347687,0.8187498553347687,0.9428861328269643,0.8291637100476917,0.648677752452492,0.8187498553347689,0.8941961293283134,0.818749855334769,0.743575248796509,0.6987344074189856,0.3858672536976554,0.8475930273944765,0.7278960280462459,0.8045618440523299,0.4789122524073479,0.3909312111165315,0.8187498553347687,0.6359558194889166,0.7397934068794987,0.2874446572924084,0.3765965050325093,0.7686500618547036,0.6774723097750699,0.86172892352763,0.28525856567159147,0.8187498553347687,0.4385161442664265,0.7999886419618116,0.6631481207974472,0.8310383404846016,0.8777975163363981,0.47482066634030007,0.8220206572416717,0.8187498553347687,0.7523187459012659,0.5596570818000557,0.8187498553347687,0.9927972478012241,0.576386330014711,0.6865834783369598,0.44182255675732307,0.2831938292087033,0.8187498553347687,0.7726076492507925,0.49154579690056077,0.9102115101466461,0.7672613792894476,0.6689514467204334,0.6108834719718829,0.511880101093981,0.7106780110418722,0.8617289235276302,0.8348949858198522,0.40437829815630344,0.8403638899082266,0.4174227214702979,0.7528916256985043,0.6101411363808356,0.9105981200017719,0.8373957982954758,0.7555267484019459,0.8187498553347687,0.9199207156261613,0.6994608248289884,0.5974440616540067,0.8172249131366747,0.805179966908441,0.8344223133664419,0.7169460495383038,0.9437509156077835,0.8071419677837104,0.8599174518990855,0.818749855334769,0.8414412055001192,0.6426994754868247,0.7938575434575474,0.8729992599383652,0.37842109314898975,0.85281360406044,0.8540155006151974,0.9574209400641349,0.6502387197163746,0.8288905501894788,0.8941961293283132,0.634424841657439,0.6718461144934708,0.8358859855587302,0.7829288289557101,0.8288905501894788,0.7378062904191289,0.953847733373561,0.943248147294041,0.7573327299257782,0.9242334011801058,0.9031596221624145,0.727457491834703,0.8917305212053455,0.6275120187174275,0.5466841753113538,0.512365730478413,0.7298615518439533,0.9079209531061321,0.6802425637545982,0.7361487567768046,0.9546591930794491,0.7519246848938176,0.8871867099705903,0.45033392443291476,0.9662361292740163,0.5921172231303876,0.7289303053642333,0.7539469289309444,0.7105422356556619,0.8617289235276302,0.9518506342075166,0.5690033418949825,0.8212191757240856,0.8105558431636581,0.8384859225324534,0.6552991850331009,0.6567305815860673,0.9433072675424814,0.7967315177143726,0.8015399251065851,0.9345162101060189,0.9078255471994475,0.8508940408143366,0.7736750299626238,0.47980478386352776,0.7076500699366255,0.8128743662973859,0.8689273841757257,0.5220474608423296,0.9323252525936643,0.828135182106472,0.5853997458357361,0.8187498553347687,0.8771157527508111,0.8187498553347687,0.8187498553347687,0.21534634519709384,0.7701296598146816,0.7491896426899864,0.8187498553347687,0.4755275853969265,0.32655330081224243,0.8853983851603655,0.7583888094438545,0.6809403729044847,0.4823482510518753,0.7081805556178293,0.856807823249468,0.23469552677662164,0.925874623663896,0.9335769004113391,0.9433072675424814,0.545569753080772,0.604256544354171,0.49154579690056144,0.7323775850440064,0.944307918308324,0.8889830045319054,0.6525379485635066,0.8771157527508109,0.6781323599475169,0.8309916996778286,0.8290843927093379,0.9991914931495209,0.9185385633671475,0.8871867099705899,0.4314882585685299,0.7686500618547039,0.48167776643590454,0.6914079094681401,0.9306621646952375,0.7694243902747525,0.8775479624637765,0.8545251315798743,0.9536193558598605,0.3478356162899714,0.5859945075020643,0.869243130108611,0.7222362273245158,0.854730439106359,0.5746020771416496,0.6375901111601983,0.8969538931148955,0.3616831900076156,0.7578385111004697,0.8655480930335329,0.41979614499834494,0.3518359247593158,0.8881888921140926,0.4110016536240364,0.8775479624637765,0.9095546905251796,0.757133587242531,0.8187498553347687,0.8373957982954758,0.690825484771762,0.8351320799487414,0.6987721425490865,0.7818501516161391,0.7563725028925858,0.7787722935046861,0.5006044633502913,0.7935410698458634,0.27217482159456874,0.8580546626695638,0.3876133375551474,0.991071331963573,0.40436402626406676,0.8344223133664419,0.977801606875008,0.8076388198844646,0.8290620467763279,0.7651933449849071,0.76195474407285,0.6668328188561862,0.4120983657138231,0.5807892641246893,0.8074071940712026,0.6227464383100083,0.5879256491458045,0.7307556310139711,0.9664790626458124,0.8944172155216932,0.8777975163363985,0.6732938971040521,0.7521871403079912,0.7919031318200735,0.8128743662973856,0.43398458998075473,0.511418560233829,0.8655480930335329,0.6891283572032262,0.8923732856739583,0.8595956042813668,0.8536696285492464,0.8507336961614287,0.9356315112360543,0.7736750299626236,0.9147410006567667,0.8020933253939645,0.8102470465199714,0.9348870532500863,0.8373957982954761,0.8655480930335333,0.8187498553347687,0.9626539977544464,0.6322150657521655,0.4613600237951555,0.7343334779041661,0.8187498553347689,0.5226865317651735,0.48838257490836945,0.6210337695304036,0.723457544921573,0.7253159531857722,0.6614729305147535,0.5093376656152906,0.9670252316559413,0.8051799669084416,0.9957372219597227,0.44470529391891234,0.6888726318181915,0.8440199953549765,0.6868056334918409,0.7461068247589626,0.9846778189268361,0.7727257083922905,0.9035853419274646,0.7276881657972794,0.8071419677837113,0.8655480930335329,0.7906839898526714,0.8323003027125864,0.8764361994541838,0.5944395777287541,0.6634346251889309,0.8039725851265409,0.8639752520084489,0.9764798007133303,0.3535085721450679,0.22080221183941773,0.8128743662973856,0.93293779373488,0.8015399251065851,0.8128743662973856,0.8128743662973856,0.982059848214852,0.8187498553347687,0.9877067241057924,0.8620496717575943,0.8187498553347687,0.7651933449849073,0.6415965068595788,0.9075125973442775,0.8617289235276302,0.7919266732908357,0.7885717323084889,0.8409008752365554,0.3842464601031754,0.3403723707211973,0.6445850894057772,0.41167081461322086,0.8187498553347687,0.703929614876438,0.86172892352763,0.8571708631032455,0.29583038557352237,0.6905611127931237,0.8854073782202487,0.9140089875984803,0.9385962236344593,0.941734723544404,0.7989963236109232,0.8764361994541838,0.8290620467763281,0.7389297143038789,0.8356211973405494,0.6468287672599844,0.8847526545886426,0.9544340530320736,0.7945487278081083,0.8309916996778286,0.668791824458403,0.2866702006001831,0.8187498553347687,0.9918088876930138,0.6852389367468343,0.8580546626695638,0.5645023657189783,0.828135182106472,0.8102470465199714,0.2866038390987442,0.8344223133664419,0.43035555916105483,0.2699405464594624,0.8187498553347687,0.8187498553347687,0.9348649549605784,0.6810910424202297,0.7548065093948915,0.5449003571054052,0.3984533892631271,0.5806235450681128,0.5859945075020643,0.3065289186423975,0.7829288289557099,0.38344479239818197,0.8187498553347687,0.9965098618221202,0.8373957982954758,0.8655480930335329,0.48771256484529557,0.8508940408143362,0.4293679607350752,0.8187498553347687,0.8187498553347687,0.32193463471696926,0.8187498553347692,0.3295292020597955,0.8775479624637768,0.5171050163571234,0.7240933893941965,0.9113463003844144,0.8071917407231508,0.42377148831195954,0.628288215898648,0.8187498553347689,0.7915044878536361,0.3099172117619764,0.8247832035705711,0.8384859225324532,0.9740447552027505,0.7794946805727149,0.6990451020363793,0.7252781043308825,0.7588298042991857,0.6624412349874935,0.8187498553347687,0.17182219191575154,0.7252781043308825,0.6609788107715387,0.6760254670191408,0.6041068197960278,0.7778796771440262,0.613685318150877,0.5868416459314707,0.7919266732908359,0.7582031881259561,0.47649225144633034,0.8261264768950001,0.8941961293283132,0.8943060814546406,0.977836216201275,0.23238648468818812,0.8373957982954761,0.8128743662973856,0.505715785220979,0.779829046496105,0.8102832673149822,0.8835418822141928,0.9062284136028745,0.7351681494695983,0.8681911647089426,0.9062284136028743,0.6868056334918407,0.9319077545510122,0.5082263626936001,0.8062889078890338,0.8580546626695638,0.8045618440523299,0.7575214454789905,0.5434921702047002,0.8479841488472282,0.738701490675898,0.8660225244497293,0.7039655675360279,0.9437509156077832,0.544924479322431,0.95553667567457,0.5220474608423296,0.5878957020675419,0.8187498553347687,0.6456171982380283,0.9216615961278638,0.5098928418770794,0.8580546626695635,0.8554452126137899,0.6369527872458961,0.7586438533687554,0.8187498553347687,0.33467096511750083,0.44481698741975695,0.8801652426328301,0.2540992066668202,0.3510486413932844,0.2827392539248528,0.8692431301086105,0.41326957529595165,0.9685947564215416,0.867109845991413,0.3566689121408707,0.7701296598146816,0.5458848800435425,0.8655480930335331,0.8637752999394084,0.818749855334769,0.9010965132447426,0.794548727808108,0.25459184285462144,0.7378062904191292,0.4372187995805661,0.8639752520084487,0.8128743662973856,0.35248727246318656,0.5879256491458045,0.6455867088531617,0.411175545151087,0.3797286677455497,0.8187498553347687,0.3537913985441359,0.5820538515632274,0.7838106565463814,0.8187498553347687,0.40504029960303356,0.925874623663896,0.8508940408143362,0.9105981200017719,0.8128743662973856,0.598049923848573,0.8665471563391944,0.8298141460247237,0.9400421501546166,0.9741375700777086,0.9340095300329534,0.44585332284936374,0.8187498553347687,0.7489214324924738,0.8187498553347687,0.9199207156261613,0.6382853475225865,0.45325955586057143,0.8655480930335329,0.8862871880278513,0.7809319102520127,0.6482354828879913,0.7838106565463814,0.8187498553347687,0.7719607011433689,0.4191173427794046,0.6551579692372693,0.8356211973405496,0.7727257083922918,0.93293779373488,0.7323775850440062,0.8238096000607142,0.8726489988275377,0.4727923448496987,0.42943747737601345,0.8726489988275377,0.8441637681711898,0.8373957982954765,0.667627765349222,0.8726489988275377,0.8655480930335329,0.9333743226414095,0.818313660317792,0.6523159755552894,0.8128743662973861,0.9460717014860885,0.8111821040440765,0.5933076524791672,0.791504487853637,0.7850535495928668,0.5817319392252991,0.899125276266143,0.7667279996150678,0.9991914931495207,0.7788733255540747,0.7435752487965093,0.7500688290590738,0.6111528390034205,0.9948802829797627,0.7614552271142705,0.8164291560885188,0.8842670595891771,0.8309916996778286,0.7101124591533474,0.926694849647155,0.8338544992732517,0.8264132336036363,0.6518966530410363,0.8692431301086105,0.8440199953549761,0.8399670748402306,0.6141480167730402,0.7915529802845986,0.8142047529817429,0.753026307503315,0.9205242459853327,0.8944172155216932,0.6811704817311108,0.818749855334769,0.5023299441742131,0.7272593909880958,0.7996521871176263,0.5012137308395326,0.7312301509147319,0.8771157527508109,0.943248147294041,0.850042644701908,0.6442376885398651,0.9079209531061323,0.8415736407173355,0.9069097623178963,0.8156317837988216,0.7783796270321474,0.7854118438304147,0.8938689483113422,0.8969538931148955,0.9771618160275025,0.6962192272461158,0.8309916996778286,0.8842670595891773,0.5429458147351691,0.6002885656261099,0.9539405950770345,0.9338981736706289,0.5249788051705512,0.7865469748513649,0.8889830045319056,0.8617026589491739,0.4490611121566106,0.8801652426328299,0.6698054145160781,0.9845849572233626,0.4154054351674257,0.7651933449849071,0.8440199953549761,0.44088126615266154,0.9637418081709601,0.8842670595891773,0.8580546626695635,0.7199006428934667,0.8854073782202485,0.8345962495216226,0.8440199953549763
p31_S,0.9703022080275525,0.9526552033461158,0.9832953261321591,0.9032274698712803,0.9288488221297497,0.9472198404849024,0.8049280714818545,0.7779978856188041,0.8652640614492115,0.9442782351269043,0.9580084947693384,0.9265423524364667,0.9265423524364667,0.925662981663943,0.7567798574116678,0.9436574087729872,0.9673337013468153,0.9796635193777841,0.9998226281102464,0.9942420842964468,0.9205073988193799,0.7551897845821203,0.9495873612601233,0.9312172606999456,0.7636321821450426,0.9040300914457231,0.9421847517560787,0.8829528399528481,0.9442782351269043,0.8096241283827617,0.894942704273314,0.9361684345174046,0.9917271981546155,0.8496055333462682,0.9288488221297497,0.8236923415849845,0.917002161244601,0.9917271981546154,0.9472198404849024,0.9489483824282393,0.8016727205639821,0.9443618136993994,0.9880755935910337,0.9093131618258099,0.9874255252046318,0.7829555096552092,0.9859410630732461,0.8890895984248464,0.5767438578411734,0.8484356419795889,0.9903434298372484,0.9144126802110619,0.9040300914457231,0.9178313446502835,0.9641067145740576,0.9736434108527132,0.5864894795127362,0.9288488221297497,0.8037750182687893,0.8436771116239442,0.8684015223223851,0.907575114485148,0.7934361968260334,0.9995729386747717,0.4982444600735997,0.7974907805060596,0.7929565888833756,0.9373639883834675,0.9645749509345899,0.9411125326018257,0.9074828887014601,0.9766107126543475,0.9288488221297497,0.7572281835377361,0.9288488221297497,0.9719104285695896,0.9964991389010722,0.9152511870116736,0.8391865814433321,0.793961895818841,0.9580084947693384,0.9748290773761273,0.9323299983666005,0.9040300914457233,0.9288488221297497,0.9521728905271735,0.8379601434210561,0.8326642331855625,0.9607171664361456,0.9265423524364669,0.9288488221297497,0.6121256214101313,0.9075751144851482,0.8429786756736739,0.9679401264121574,0.860609115165439,0.6749300520059114,0.9731841775797108,0.7692901442714242,0.7461068247589626,0.0,0.933654454952398,0.9288488221297497,0.7087451137769105,0.9130240016020261,0.941467276381333,0.980587532202323,0.7584196112109389,0.9523096052149489,0.8259139697112219,0.6009608276137007,0.9402963929884998,0.8149179483304112,0.6705087097267897,0.9617723288059056,0.8017782115514327,0.9178313446502835,0.9998226281102464,0.9472198404849022,0.8478508727984928,0.996784825341061,0.7177362084758447,0.9928893498778073,0.9651931383855021,0.9796635193777843,0.8052243691322853,0.917002161244601,0.9234512202504556,0.8827558331044782,0.9132389320257916,0.8463492228297524,0.933654454952398,0.9903434298372484,0.9472198404849024,0.4445362438219975,0.9637487016590986,0.8811111416610473,0.9903434298372484,0.9361684345174042,0.924292054060027,0.7846154218315515,0.9442782351269043,0.8626111350907364,0.7146233801507014,0.6834618943978921,0.8747722377977696,0.931366715443356,0.7787852193714506,0.9021698077369342,0.7459340728481738,0.8712827231431489,0.8684015223223849,0.8307286307991693,0.9610837152279759,0.9903434298372482,0.902169807736934,0.6521016732181407,0.9112643219372452,0.8229620026521651,0.7437828533028576,0.8016610280786958,0.9859410630732461,0.9357136999653203,0.7654163298689529,0.9396242454712691,0.6327645353520615,0.8056017035197616,0.9995729386747717,0.9964497455422858,0.8509744558805432,0.9374493795642358,0.9265423524364669,0.9369878183831672,0.8181573913365319,0.9335624664487481,0.6681155172459102,0.941467276381333,0.8919612280695783,0.644436234077779,0.8933387541177662,0.8763873919722713,0.9763908340868934,0.879734219269103,0.9265423524364667,0.8494787571360937,0.7206698667986677,0.8711879261366295,0.8621543973586858,0.9178313446502834,0.9335014513268407,0.9706982209232327,0.9235615721162849,0.9677680856796699,0.7899143763440999,0.9572976368352228,0.9288488221297497,0.9312172606999456,0.9242920540600268,0.8890895984248461,0.8988436939017764,0.8754075788101028,0.9265423524364667,0.9288488221297497,0.8939197287543486,0.9797945562199877,0.9442782351269043,0.9288488221297497,0.9206591678873522,0.9132389320257916,0.9457198704189818,0.9392771616877613,0.6336025591674521,0.40600129695684195,0.9288488221297497,0.8677917741382584,0.9288488221297497,0.9716316624933989,0.8921549806191085,0.9651461440374438,0.9288488221297497,0.8172798429420176,0.9288488221297497,0.9358107910889615,0.8909290181414238,0.9879051267951277,0.8749381285110256,0.5434794638391192,0.7426400958365467,0.9242920540600268,0.9495873612601233,0.9551139594816045,0.6278538287715327,0.7724321404175774,0.9486384944783341,0.9361684345174044,0.9156126821348902,0.8737403537239998,0.950462348871437,0.9767591237797354,0.9132389320257919,0.881294645597023,0.9673337013468153,0.639596273994806,0.924292054060027,0.9288488221297497,0.8926247385590762,0.9288488221297497,0.8400848506658574,0.9771275048833288,0.9903434298372482,0.970755146873232,0.7426400958365467,0.9312172606999456,0.8796480577405048,0.9928893498778073,0.7157909626364065,0.8307576415323483,0.8291716068659003,0.933654454952398,0.6167123553565912,0.9182102768713853,0.7818047664520444,0.9265423524364669,0.938768815466609,0.7807585488854636,0.9472198404849024,0.8986459110312868,0.8105928836070242,0.9828090781367664,0.916338074360628,0.7041744390903917,0.9361684345174044,0.8332680722913417,0.8007505316393029,0.9741813389942273,0.941467276381333,0.8040624429665932,0.9744968503307261,0.5836753032680566,0.9369724823143174,0.941467276381333,0.8610375356079851,0.7610652770177011,0.9486338396414331,0.969811206105381,0.5610083729417279,0.9859410630732464,0.9853395314336217,0.7510144443985958,0.936489445350356,0.933654454952398,0.909485720685057,0.7103329873490507,0.8824024370934049,0.8237171151196454,0.7967384102359389,0.9782026567459742,0.9168003221611534,0.8236923415849844,0.5805045138066496,0.8745074775108261,0.8900832784871504,0.9361684345174044,0.7654163298689531,0.8856048231352784,0.9617723288059054,0.9117279299695329,0.8829528399528481,0.8079845755611483,0.9035881831250774,0.8638929830074615,0.758709367852472,0.7841071946097783,0.7917448721317764,0.6866088546841742,0.8098030425665005,0.8944128167827483,0.9442782351269046,0.8496055333462684,0.8812946455970232,0.8530386127902753,0.9859410630732461,0.9288488221297497,0.9361684345174044,0.9793811540276174,0.5665359130298512,0.941467276381333,0.995067487912588,0.9304312867192419,0.9288488221297497,0.9117298605520907,0.941467276381333,0.9472198404849022,0.8488918336093084,0.7273505395480595,0.5445599258572497,0.9903434298372484,0.810592883607024,0.6933524419069489,0.9523096052149489,0.9199406273027306,0.7088993979993953,0.933654454952398,0.9193175573455779,0.7075282561392342,0.9178313446502833,0.9054762298636496,0.9472198404849024,0.776960716368466,0.750572572214202,0.7311298060778155,0.8969439783075258,0.9265423524364669,0.9750836918798633,0.7177362084758449,0.7297132764213239,0.7527044949653576,0.6720871990540751,0.9288488221297497,0.7952553997477141,0.884623261684109,0.5442447415803988,0.9848136600849169,0.9942420842964468,0.7833099084134094,0.9288488221297497,0.9288488221297497,0.9021698077369342,0.8652640614492115,0.5886129941275943,0.9288488221297497,0.9442782351269046,0.4333105145875694,0.6636741020205936,0.9674964557209342,0.7266209830521373,0.8258278458384498,0.6215342442444127,0.8793453228405242,0.6637281563779982,0.6929258472258031,0.9288488221297497,0.9368862629142816,0.535908010413042,0.7292417974426431,0.7751113581772171,0.9335014513268407,0.7941841083216654,0.933654454952398,0.7355017986690364,0.9288488221297497,0.6912784232203321,0.9068863387241245,0.8963044445307862,0.80027555770165,0.9312172606999456,0.6663428505714739,0.9917271981546154,0.9288488221297497,0.8544842329828621,0.7476152676338101,0.9288488221297497,0.9625094796456835,0.8394403246908966,0.7285890826049723,0.6791961145900032,0.7441896500402552,0.9288488221297497,0.8172143787899666,0.7982195598930493,0.8360364947494746,0.8639455692424967,0.8723788060467206,0.8699816110295118,0.8715698060206925,0.7579755001450593,0.9617723288059055,0.8575360288119109,0.8409576378165506,0.8512887315453759,0.793770407127117,0.6830204541364195,0.9861545404751744,0.9495873612601231,0.9554815748429077,0.7178027688939723,0.9288488221297497,0.941467276381333,0.9943648024077449,0.8979782195915751,0.9580084947693384,0.9346355708099476,0.9706982209232329,0.9296148191040328,0.9675956872630854,0.924292054060027,0.9574979597513363,0.9779134885361098,0.9958263540139827,0.9673399028439846,0.6392070978806672,0.9998226281102464,0.7848121187341826,0.9942420842964468,0.9958263540139827,0.9707630758620763,0.8909375605900578,0.9964991389010722,0.502404639683256,0.9102918360624044,0.9798093648918664,0.956323389301645,0.9828090781367664,0.9137287800621365,0.9049436253476607,0.9859410630732461,0.9523285443895997,0.7168583413736436,0.8776911857684928,0.9078247903914518,0.9721556015951156,0.9580084947693384,0.8949427042733138,0.7561561426129252,0.76561420041653,0.8686935267769957,0.9874255252046318,0.8682588163334248,0.7241562827350504,0.8914410719709878,0.9469401678022586,0.9097625798212232,0.6744759571667107,0.9580084947693384,0.975627908586951,0.9469401678022586,0.767318203686523,0.7820810912714835,0.9859410630732464,0.878367354250923,0.8595656146854582,0.8216098122961992,0.9721556015951156,0.9998226281102465,0.8786429662018298,0.9293514524711308,0.938768815466609,0.8587630935431033,0.9874255252046317,0.9220929278982626,0.9361684345174046,0.941467276381333,0.8943059933901221,0.6573261639805752,0.7776801287304265,0.9304312867192419,0.9781067403340057,0.8175134374929018,0.980587532202323,0.9220929278982624,0.7146233801507011,0.9288488221297497,0.9387688154666092,0.9288488221297497,0.9288488221297497,0.7676551942473684,0.9097625798212232,0.585517636994092,0.9288488221297497,0.7543883855589721,0.7948988321370778,0.8812946455970232,0.6776013468993954,0.9610837152279759,0.9314627029733058,0.755802119214813,0.8637059334028958,0.7980426047213924,0.9641067145740574,0.919529312268374,0.938768815466609,0.8846232616841088,0.8995234374652196,0.7982195598930493,0.6835546910535575,0.9199406273027306,0.9706982209232327,0.9014047602119886,0.938768815466609,0.6749311572438996,0.9617723288059055,0.6267421861652304,0.9137287800621363,0.9059145492620326,0.9495873612601233,0.8332680722913417,0.9971725026548421,0.8684015223223851,0.9097625798212232,0.9214006317669097,0.933654454952398,0.9137287800621368,0.9312172606999456,0.9306543570790528,0.8229620026521651,0.7338660799796413,0.9903434298372482,0.7117773612054509,0.9220929278982626,0.7751113581772171,0.8081620391109678,0.6920540186454232,0.7292417974426431,0.9964497455422858,0.9233710276669695,0.6973686143483588,0.7848121187341823,0.8637059334028958,0.6805049942758113,0.8793453228405244,0.8998677823831449,0.9375725898435192,0.9288488221297497,0.9554815748429077,0.9556196184821215,0.9779134885361098,0.7701400362497399,0.9551139594816043,0.924292054060027,0.9679401264121574,0.819854291243812,0.8911135129842761,0.7476152676338104,0.8098030425665014,0.7820810912714834,0.999744732490999,0.8129560940834355,0.924292054060027,0.9641067145740576,0.8591079607295915,0.863151062972829,0.46632917103563565,0.7387577419149227,0.8828322214298092,0.7738820113914762,0.8322804608748362,0.9853395314336217,0.8731228274115115,0.8644196496342953,0.894942704273314,0.9442782351269046,0.5201537141678925,0.9312172606999458,0.9588777870024263,0.950462348871437,0.8499415642309931,0.9265423524364669,0.7568456979791451,0.7312398337198219,0.7292573298947762,0.8558529824118859,0.9617723288059054,0.7563282731807123,0.9475238565788602,0.9443618136993994,0.9369724823143172,0.8591807763340281,0.9117298605520907,0.9417424117820136,0.9574979597513363,0.9265423524364669,0.9361684345174044,0.9233710276669694,0.9288488221297497,0.9853395314336217,0.7103683902908532,0.7510144443985958,0.9116135474041246,0.9288488221297497,0.9138144471048284,0.7900803071243185,0.8980335604933309,0.6294521923276384,0.9527103274498212,0.9088169265457855,0.8590536933702333,0.85731657324105,0.8847665488736316,0.6574858669424791,0.7907939939476734,0.9273541355294599,0.938768815466609,0.991700040816202,0.5864894795127361,0.9094857206850572,0.6395410579714493,0.9472198404849024,0.8985159947466637,0.9828956122135616,0.9233710276669694,0.9610024953181504,0.9897009966777409,0.9779134885361098,0.8181573913365319,0.9806679510079603,0.9998226281102464,0.9288488221297497,0.9551139594816043,0.7177031552516258,0.7654163298689529,0.9265423524364669,0.9903434298372484,0.9673337013468153,0.9265423524364669,0.9265423524364669,0.9193175573455776,0.9288488221297497,0.9220929278982624,0.959640125090411,0.9288488221297497,0.818367567732899,0.7509631736377804,0.9414672763813328,0.9617723288059055,0.938768815466609,0.9312172606999456,0.9265423524364669,0.7145413226998267,0.8011767661222196,0.9097625798212232,0.777270580430792,0.9288488221297497,0.5322949618978281,0.933654454952398,0.9357136999653203,0.7319737850758519,0.7063411734827739,0.9998226281102465,0.9675956872630855,0.9117298605520907,0.9909282086879025,0.9665309054593344,0.9288488221297497,0.8812946455970232,0.991115906530935,0.859180776334028,0.8187128583865138,0.8307576415323485,0.9998226281102465,0.61396431029988,0.9617723288059055,0.9208151894950569,0.8235693737372303,0.9288488221297497,0.9288488221297497,0.959879158236902,0.9442782351269043,0.6946614192717404,0.9874255252046318,0.9997447324909988,0.8191975653676185,0.9706982209232329,0.791734857088457,0.7404316411520262,0.9288488221297497,0.9288488221297497,0.8796480577405048,0.819854291243812,0.9338624305038411,0.9527439837573919,0.828419606724832,0.7650550885707665,0.9986531684209496,0.7831252310802033,0.4789292197400954,0.759404564781907,0.9288488221297497,0.9460505649436606,0.9554815748429077,0.9472198404849024,0.6882730563818079,0.941467276381333,0.785402004170175,0.9288488221297497,0.9288488221297497,0.7464834334876655,0.92395717865117,0.7367377645928266,0.96211568167946,0.6885143293983317,0.9995729386747716,0.970755146873232,0.91561268213489,0.7681072642310283,0.6835672852350451,0.9288488221297497,0.6714853444002176,0.7660153724471725,0.9312172606999456,0.9414672763813328,0.8671481959671583,0.9446016842068788,0.9668842139954101,0.5931244253919947,0.9312172606999456,0.9632184932851356,0.9288488221297497,0.7790052760171424,0.7236875036229685,0.8873412224047774,0.5637030856088916,0.9071156483576153,0.9178313446502835,0.8668291346622676,0.7437210445821733,0.938768815466609,0.8400759547129952,0.8070742874273191,0.9220929278982624,0.8098030425665006,0.925662981663943,0.9040300914457235,0.759404564781907,0.9903434298372482,0.9265423524364669,0.8261775432373464,0.9003322259136215,0.8950953494015972,0.9750836918798634,0.9472198404849024,0.9909282086879025,0.9472198404849024,0.9472198404849024,0.6157555737858555,0.9214006317669097,0.8821656806165816,0.9288488221297497,0.994242084296447,0.7965749640015883,0.9551139594816043,0.7296416859312247,0.9641067145740576,0.9265423524364667,0.9736434108527132,0.851451469716517,0.9312172606999456,0.7769867648292468,0.9172640312418523,0.8175134374929018,0.8060969790514187,0.9288488221297497,0.6390975582406452,0.9288488221297497,0.7899143763440999,0.9442782351269043,0.9443618136993994,0.9078247903914518,0.7611564165539599,0.9288488221297497,0.7476152676338101,0.6760873335642726,0.9078247903914518,0.7493180852654029,0.7790052760171424,0.759404564781907,0.9903434298372484,0.7941864781330645,0.9186390033476763,0.8889001414051337,0.6826899945849034,0.8512887315453759,0.7708032179176927,0.7939618958188407,0.9894121426990234,0.8748925122448099,0.8575360288119112,0.7628461201347065,0.7964719229254076,0.9215435437152566,0.7097840488769844,0.9288488221297497,0.9265423524364669,0.8459614509201203,0.6758604228651848,0.9928914711514618,0.7502894641985107,0.737765303572324,0.9288488221297497,0.7248198228503548,0.6930280688350459,0.9374493795642359,0.9288488221297497,0.7757525420881084,0.9917271981546154,0.941467276381333,0.9495873612601233,0.9265423524364669,0.9890698219039585,0.9418468054117539,0.9117520352216038,0.953045404208195,0.6761919577330215,0.9495873612601233,0.6838424598250019,0.9288488221297497,0.970755146873232,0.9288488221297497,0.941467276381333,0.7491419792716625,0.8638929830074615,0.9472198404849024,0.9323299983666005,0.9798635121866733,0.8962155056134602,0.6636741020205938,0.9288488221297497,0.808963607196186,0.7925291845401494,0.9964787107892183,0.5079286057730873,0.9451832184545603,0.9903434298372484,0.8949427042733138,0.8931834336273663,0.9152383482658542,0.8499415642309931,0.6954858663986458,0.9152383482658542,0.8914410719709878,0.9361684345174044,0.995750698427013,0.9152383482658542,0.9472198404849024,0.5287191990638204,0.9312172606999456,0.717736208475845,0.9742178060512305,0.927846456636525,0.818367567732899,0.8484356419795889,0.9589839222591342,0.9495873612601233,0.9112643219372452,0.9021698077369342,0.9265423524364669,0.9551139594816043,0.8860743074621011,0.8914410719709878,0.7934916820807485,0.9866989384555493,0.907384189894376,0.9620174532699493,0.8372870250521196,0.98181078671843,0.9336544549523982,0.9769390375455413,0.8480678643045048,0.8985159947466637,0.970755146873232,0.8606091151654389,0.9361684345174044,0.995067487912588,0.9960470786045248,0.8967198703210442,0.8510898516462698,0.9172640312418525,0.7889303422218399,0.954657264597309,0.9523096052149489,0.9625094796456837,0.9779134885361098,0.8154695273675028,0.7183918393473308,0.8780124908814335,0.8606091151654389,0.9599949856819203,0.8923351671954539,0.9156275074343121,0.9994732652825373,0.9040300914457231,0.48977701727055,0.9323299983666007,0.9438841418650026,0.9671657892684404,0.8935341338233255,0.9157617220296757,0.9392995814460048,0.9742178060512305,0.8800253504864866,0.9894085798785122,0.4389062475974226,0.9312172606999456,0.8409576378165506,0.898515994746663,0.9859410630732464,0.833707233631046,0.8085458873603304,0.9617061824038097,0.7508647778975331,0.9364894453503558,0.8529059602316709,0.8574829451437062,0.8181872098791192,0.9859410630732464,0.8026530697414005,0.8965983225545133,0.995067487912588,0.8770832813017806,0.9828090781367664,0.9675956872630854,0.994242084296447,0.9521560119189613,0.941467276381333,0.9615905196430226,0.938768815466609
p31_T,0.9802311608422726,0.6852134154646803,0.8991086132420372,0.9765510393593577,0.9526370111116407,0.4813551083532045,0.9738664692576161,0.9908845623912688,0.910310736217455,0.9629078616894173,0.9439253608596803,0.9511016704226432,0.9511016704226432,0.6817430373427276,0.8205775564067627,0.8931410336709438,0.922794642290683,0.9361160018916062,0.9610366993022685,0.6863064874305005,0.8951222364985463,0.998394872319517,0.8328391424856556,0.9014502300031317,0.9991256173192249,0.9361160018916062,0.987327403406299,0.922085571782991,0.5986100747104802,0.8492555420838777,0.9801704643354421,0.957509435301382,0.9467071200650465,0.9243180392978652,0.9773757151292213,0.8714717093867045,0.9542136024350834,0.9902930825832763,0.9648659912110238,0.9589376456981177,0.9868418685480091,0.9373704232137268,0.9648659912110236,0.9187969445925777,0.9873274034062991,0.8512090022138852,0.9558359621451105,0.9072120922355342,0.9589376456981176,0.8991086132420372,0.957509435301382,0.8151548146181654,0.9900588676412958,0.945303040275778,0.9467071200650463,0.933654454952398,0.9617723288059054,0.9526370111116405,0.9707442876463775,0.9496037211238535,0.9123992402861407,0.936396648023593,0.9361160018916064,0.9061873961293254,0.9592404230051592,0.9469603324515528,0.8879369722234247,0.8987613725012114,0.99555469492339,0.7877259137311909,0.5912744759165979,0.9348776724743584,0.9526370111116407,0.8694583018704125,0.9526370111116405,0.8941307528793181,0.9425720985427188,0.9355505770919703,0.8661586408023221,0.9428375253830149,0.9439253608596803,0.6149954545054952,0.982045156274965,0.9361160018916064,0.9526370111116405,0.7043245043487552,0.8803288140439884,0.8178422485024099,0.9011161501496316,0.9511016704226432,0.9526370111116405,0.6776822402306101,0.8133482612876617,0.9636331722389384,0.9312498291554212,0.988462879193307,0.6087693538127184,0.895122236498546,0.8320602288053403,0.8309916996778284,0.933654454952398,0.0,0.9526370111116407,0.799463511833891,0.9815110427139537,0.9610366993022685,0.7028743744164115,0.8713916811754183,0.9412414838519028,0.8404791612293148,0.6183143059691418,0.898102672689,0.850463664442046,0.7372742004451398,0.9558359621451105,0.8279903628414245,0.6236328247547577,0.9610366993022685,0.8505410419770532,0.9009385953642843,0.9187969445925779,0.7353220140715183,0.9991256173192249,0.7192077201698136,0.8481125351096355,0.771945257379407,0.9542136024350834,0.8940589330526696,0.7088700293650657,0.9665480300996037,0.881356890785397,0.9558359621451105,0.957509435301382,0.9648659912110236,0.922794642290683,0.7903415819956476,0.9232615458212055,0.8879369722234247,0.957509435301382,0.9496037211238535,0.939158577970624,0.9629078616894173,0.8362973223813353,0.9799577055509369,0.7667491298750135,0.9166400151447349,0.9388267942128117,0.852744627559685,0.9348776724743586,0.774700276106552,0.8616993128705422,0.9123992402861405,0.8365990563074835,0.8891971954839686,0.8879369722234248,0.9348776724743586,0.6664397486657756,0.9649840504564582,0.8666662211060931,0.7353220140715182,0.8153056432519317,0.9695808922938259,0.8939720406672315,0.8155856001785133,0.9836644955542195,0.7555434814691347,0.8705954752723886,0.8115219504052806,0.9820451562749648,0.9201023553084946,0.7305581692424301,0.9511016704226432,0.933654454952398,0.9236703803405708,0.9294700296273191,0.9344592945899634,0.620234322420162,0.914173419871023,0.8839976290929884,0.9190743601433595,0.9177151699279686,0.9339021370701628,0.9094857206850571,0.9511016704226432,0.9020294315021224,0.7417212352549706,0.9009385953642843,0.9491737766988708,0.945303040275778,0.9288957400617388,0.9842011665427951,0.9518893725088031,0.8571276552686214,0.8942600569458918,0.95466724533758,0.9526370111116405,0.9542136024350834,0.9496037211238535,0.9478374857144207,0.869613086938203,0.8991086132420372,0.9511016704226432,0.9526370111116405,0.984576606222296,0.8641655417688414,0.9629078616894176,0.9526370111116405,0.9074116486170116,0.920981766572726,0.9314897302747827,0.8998492893872084,0.920977133636502,0.91288700949244,0.9526370111116405,0.8656814261022981,0.9526370111116406,0.916027328859182,0.9766135065676136,0.9641888390714131,0.9526370111116405,0.9714578717045065,0.9526370111116405,0.932786063018689,0.9987120692432438,0.7094904890765812,0.9908764668187224,0.9695808922938258,0.8466991324467521,0.9496037211238535,0.9399319300513138,0.9425720985427191,0.8762607344566619,0.8665888856018398,0.7460671055388906,0.957509435301382,0.9868418685480091,0.8981086621953585,0.9505241704836669,0.897062299190927,0.920981766572726,0.920981766572726,0.948139835478085,0.6238609283942569,0.9496037211238535,0.9526370111116405,0.9092735418441045,0.9526370111116405,0.8123630690930186,0.8056206522660095,0.957509435301382,0.9324454498571317,0.8166739329437196,0.9542136024350834,0.9198856874256709,0.9412414838519025,0.674015823080508,0.995812608116145,0.8705954752723886,0.9558359621451105,0.7006314123871523,0.8803791478671708,0.8547546403115025,0.9511016704226432,0.9592404230051592,0.8478242765918373,0.9648659912110238,0.9074116486170116,0.876011295842658,0.9373704232137268,0.8794015740660153,0.6922548077582795,0.957509435301382,0.8587509369841102,0.8412006503024139,0.8530488725229224,0.9610366993022685,0.8404791612293148,0.8095241343896056,0.8939720406672313,0.9689601410010137,0.9610366993022685,0.8617298618427942,0.9184204054837377,0.9592404230051592,0.8946428180839175,0.7793733011421315,0.9558359621451105,0.9243180392978654,0.8200790560505897,0.9496037211238535,0.9558359621451105,0.8204146011716987,0.7648826756137943,0.4527427311091352,0.8121617028001502,0.8646954736999408,0.8931410336709438,0.824309351298026,0.9552175050422179,0.9526370111116407,0.9058453047843557,0.5870304925426879,0.9652137684610214,0.8155856001785133,0.9051664401581991,0.8949977467327623,0.9879700133881204,0.922085571782991,0.8048222124436128,0.9155711502428494,0.8921529459435535,0.8013106521092748,0.8623117216340954,0.9097101580843074,0.6978837968928144,0.9629078616894173,0.9103107362174552,0.5986100747104803,0.9344184513464584,0.9209817665727262,0.9155711502428494,0.9558359621451105,0.9526370111116405,0.9575094353013818,0.8019720576789586,0.9559982666090144,0.9610366993022685,0.9592404230051592,0.7768756894075235,0.9526370111116405,0.9429902492134532,0.9610366993022685,0.9648659912110236,0.9604370865528187,0.8246893013160916,0.5592001372731488,0.9575094353013822,0.8446109430683042,0.9101635890276071,0.7693378488114864,0.9467071200650465,0.7658590143585954,0.9558359621451105,0.9815062877983509,0.9619311600645907,0.945303040275778,0.9166400151447349,0.9428375253830148,0.8415151311457132,0.6989792690869983,0.8530488725229222,0.948139835478085,0.9511016704226432,0.7841299976152527,0.8467830997487795,0.8200790560505895,0.8211902596649279,0.8001616141245538,0.9526370111116405,0.8965891561155479,0.9231975163531969,0.8839976290929886,0.7974439991732672,0.9629078616894173,0.855756563598304,0.9526370111116405,0.9526370111116405,0.9348776724743584,0.9103107362174552,0.7640029251117036,0.9526370111116406,0.5986100747104803,0.9773757151292214,0.7793733011421322,0.9439067604692684,0.9845436024770435,0.9773757151292214,0.8733268646478034,0.998394872319517,0.9997159486874599,0.9732612361574995,0.9526370111116405,0.9619664976562035,0.7094904890765813,0.8217667418575592,0.914359836891429,0.9722155622930323,0.8445251043947688,0.9558359621451105,0.809851971481867,0.9526370111116405,0.7663159483485265,0.9020554008593249,0.868632667163505,0.9976416160583803,0.9542136024350834,0.9676785343596863,0.5492945011215351,0.9526370111116405,0.9426205861955199,0.9998167427047309,0.9526370111116405,0.9783400888843532,0.8897682240513816,0.9485667670310041,0.8048222124436128,0.8155856001785133,0.9526370111116405,0.9054692267382083,0.8696790027063965,0.9604535056538152,0.9924939067857517,0.9502342892391771,0.9560815611946234,0.914508262091398,0.9389225366571856,0.9558359621451105,0.9452045885097757,0.8941307528793181,0.8328391424856559,0.8955045884064075,0.695092068947647,0.914173419871023,0.9399319300513138,0.957509435301382,0.9900588676412958,0.9526370111116405,0.9552175050422179,0.8870940587008976,0.9783140079913857,0.9439253608596803,0.9839674685144806,0.9496037211238535,0.8253049072689449,0.8292821462222392,0.9496037211238535,0.995812608116145,0.9526370111116407,0.8699551875944519,0.9686515251014286,0.79863880974311,0.9610366993022685,0.8567565353887987,0.9629078616894176,0.9931163690142986,0.7192246787541412,0.9354686755265829,0.998394872319517,0.9629078616894176,0.9448327929385231,0.9681385641755447,0.9760557307924651,0.9373704232137268,0.9425720985427191,0.9505241704836671,0.6712483100495729,0.9243180392978652,0.9728308952426489,0.9566533521299645,0.9944373248680742,0.9465146323386673,0.995812608116145,0.9300668284196516,0.7359365694375489,0.7879341691923532,0.8790595554853515,0.987327403406299,0.8572588068769817,0.7577481458318216,0.9765510393593577,0.9386420076357269,0.9399319300513138,0.8017270783122419,0.995812608116145,0.927111884314273,0.9386420076357269,0.8967531793197643,0.8006907814269038,0.596665164488509,0.9201023553084944,0.980602188182685,0.969757263765453,0.9061873961293254,0.9610366993022685,0.7788688934502498,0.937582172017251,0.9592404230051592,0.9397554510393484,0.9481398354780852,0.6646635978282205,0.9652137684610215,0.9610366993022685,0.6190004483382321,0.7594883020057128,0.9187969445925777,0.9808926695348984,0.91288700949244,0.8661586408023221,0.9560815611946234,0.948139835478085,0.7355471990326252,0.9526370111116405,0.9592404230051592,0.9526370111116405,0.9526370111116405,0.8309916996778284,0.939931930051314,0.6048035961832141,0.9526370111116405,0.8222967889645652,0.848697758622408,0.9665480300996037,0.8422168808828505,0.9983511487423211,0.9381869901995564,0.8402174460344577,0.9092735418441047,0.8507258744656063,0.9467071200650465,0.8941307528793181,0.9592404230051592,0.9231975163531969,0.8830740720259549,0.8987613725012114,0.969725899748767,0.9467071200650463,0.9496037211238535,0.81015079238966,0.5589231489486886,0.8994369109414206,0.9558359621451105,0.6865339729756011,0.9425720985427188,0.9922127245794845,0.9399319300513138,0.85875093698411,0.9783400888843532,0.9123992402861407,0.9399319300513138,0.9730862985612763,0.9558359621451105,0.9425720985427191,0.9542136024350834,0.9448192234819672,0.8666662211060931,0.8313221593060518,0.957509435301382,0.9662154259494387,0.9481398354780852,0.9354977161332687,0.7988153530613099,0.8448813494499818,0.8217667418575592,0.9820451562749648,0.9648659912110236,0.7864057866094465,0.8890106760597565,0.9092735418441045,0.8802523079893154,0.8803288140439886,0.9134510531460027,0.9267506068373947,0.9526370111116405,0.957509435301382,0.922085571782991,0.9526370111116407,0.8268173354312576,0.998394872319517,0.9496037211238535,0.982045156274965,0.8133482612876617,0.9967391619170713,0.8178422485024099,0.9629078616894176,0.7705531152105058,0.9439253608596803,0.8754910501451354,0.9496037211238535,0.6122942984732123,0.9576605453602831,0.9665480300996037,0.9497673578995787,0.8855847170568545,0.8882143738454913,0.8718305744639874,0.8725553212046713,0.9714058757497572,0.8425509890153133,0.7931965366205517,0.9300668284196516,0.5109136619904602,0.9991256173192247,0.9542136024350834,0.9766135065676136,0.9505241704836669,0.9001110559421437,0.9511016704226432,0.8884270436691302,0.9473375332459506,0.9648659912110236,0.9232615458212055,0.9558359621451105,0.8905634939977788,0.8476494662542415,0.9373704232137268,0.9901068178489285,0.7693113560856039,0.9412414838519025,0.9051664401581992,0.94392536085968,0.9511016704226432,0.9652137684610212,0.5736515917591667,0.9526370111116405,0.9714058757497572,0.976818884561883,0.8504636644420462,0.6458041751834304,0.9526370111116406,0.8911663603911604,0.7611811794511714,0.9123992402861407,0.9746338287409401,0.910310736217455,0.7161557990058239,0.8891971954839684,0.8388851704425249,0.7584224381987761,0.876260734456662,0.8607384721289717,0.9871769404803682,0.9592404230051592,0.7607214290393963,0.8571991125642087,0.969580892293826,0.6689218616853778,0.9648659912110236,0.9645105128281709,0.9842011665427952,0.9648659912110236,0.945303040275778,0.9859410630732461,0.557452072574393,0.9805074801881103,0.8921529459435535,0.9610366993022685,0.9526370111116407,0.998394872319517,0.8140865069385362,0.8458639564984103,0.9511016704226432,0.9652137684610215,0.9873274034062992,0.9511016704226432,0.9511016704226432,0.9243180392978654,0.9526370111116405,0.948139835478085,0.9560815611946234,0.9526370111116405,0.9497673578995789,0.7195100133903969,0.9610366993022685,0.9558359621451105,0.9592404230051592,0.9542136024350834,0.9511016704226432,0.85825494518423,0.9009385953642846,0.939931930051314,0.8517363824474662,0.9526370111116405,0.8733964066108939,0.5966651644885088,0.9944373248680738,0.837657223976322,0.9564745711255597,0.9552175050422179,0.5406098110986696,0.9412414838519025,0.987885706373519,0.9412414838519028,0.9526370111116407,0.9209817665727262,0.735916117190589,0.9196222638329764,0.8497130258115502,0.995812608116145,0.9552175050422179,0.5872912593017843,0.9558359621451105,0.9987120692432441,0.8846853407167914,0.9526370111116405,0.5574520725743934,0.9635410260276627,0.9629078616894176,0.8030775505711365,0.9873274034062991,0.995812608116145,0.8982237067147958,0.9496037211238535,0.8653791433335885,0.8592700756594802,0.9526370111116405,0.9526370111116405,0.9649840504564584,0.8446301476237548,0.7194708003998338,0.8774745087635125,0.8879294594533991,0.8966760243125667,0.863117355928886,0.8435406859332615,0.843260371323242,0.8866791566528582,0.9526370111116405,0.9072120922355342,0.957509435301382,0.9648659912110238,0.7820663749515685,0.9610366993022685,0.8425509890153133,0.9526370111116405,0.9526370111116405,0.8792774527759573,0.9073884413700835,0.962973857553121,0.9425720985427188,0.9342353692072158,0.8921764228239647,0.932445449857132,0.9868418685480091,0.8770986505728713,0.7806680179853034,0.9526370111116406,0.714488125212255,0.8299192991696218,0.9014502300031316,0.9610366993022685,0.956433337538824,0.9428470408589852,0.9519687706310139,0.7043245043487549,0.9542136024350834,0.9688229601793572,0.9526370111116405,0.8383948208633001,0.704324504348755,0.9061873961293252,0.6628205208659987,0.9086148915839567,0.945303040275778,0.9113525537588965,0.7417212352549707,0.9592404230051592,0.8774465467393255,0.9053125787387253,0.9481398354780852,0.9493957255905625,0.9765510393593577,0.9361160018916064,0.8255892557605065,0.957509435301382,0.9511016704226432,0.8842921321245034,0.9859410630732464,0.9665480300996034,0.9769855193139066,0.9648659912110236,0.7600543887391322,0.9648659912110238,0.9648659912110236,0.925723943597646,0.9254476077793647,0.9031349604797552,0.9526370111116407,0.9629078616894173,0.9393618431817526,0.9425720985427188,0.7803336516357524,0.9467071200650465,0.9511016704226432,0.9617723288059054,0.9011161501496314,0.9542136024350834,0.8255189618559329,0.9231975163531969,0.8970738465904808,0.8749591333149652,0.9526370111116405,0.6776822402306101,0.9526370111116407,0.8641655417688414,0.9629078616894173,0.9373704232137268,0.9386420076357269,0.9689188419031359,0.9526370111116405,0.8178422485024099,0.7560495458914245,0.9386420076357269,0.8189630840562674,0.8383948208633001,0.8255892557605066,0.957509435301382,0.8341860124462197,0.9522752511635897,0.8189630840562674,0.821074123982724,0.8896463743514136,0.6980222530635432,0.850541041977053,0.6624174468883834,0.9073884413700831,0.9051664401581991,0.9589376456981176,0.84971302581155,0.9092735418441047,0.810876436744993,0.9526370111116407,0.9511016704226432,0.852744627559685,0.7931965366205518,0.9784081623729503,0.7917437350152445,0.7993052872604907,0.9526370111116405,0.8027832026517654,0.9920219221941929,0.9746338287409402,0.9526370111116405,0.8507258744656063,0.9272932852315989,0.9610366993022685,0.939931930051314,0.9511016704226432,0.7561937765597108,0.9900588676412959,0.9368200342758781,0.7526258963225115,0.9994802933865738,0.9967391619170713,0.7467814379930319,0.9526370111116405,0.9324454498571317,0.9526370111116405,0.9610366993022685,0.7471844708650974,0.8921529459435535,0.9648659912110238,0.9312498291554212,0.881630836622518,0.9113525537588965,0.925818696841238,0.9526370111116405,0.9062630668618082,0.8947718849987463,0.9585367020978055,0.9196222638329764,0.9209817665727265,0.9652137684610215,0.9300668284196516,0.9288957400617388,0.9681385641755447,0.9001110559421437,0.8294595995241211,0.9681385641755447,0.9765510393593577,0.957509435301382,0.9302947288966976,0.9681385641755447,0.9648659912110238,0.9559982666090147,0.9542136024350834,0.958244185426041,0.7768756894075242,0.9288957400617388,0.7823814062025369,0.8991086132420372,0.9665480300996037,0.9399319300513138,0.9198856874256711,0.9348776724743584,0.9808926695348984,0.9425720985427191,0.9465377066282388,0.8281884330418345,0.9901068178489285,0.876011295842658,0.9619299081647257,0.8704631266035312,0.9879700133881204,0.9542136024350834,0.9558359621451105,0.9689601410010134,0.9011161501496316,0.9324454498571317,0.9645105128281709,0.9072120922355342,0.957509435301382,0.9592404230051592,0.9879781590338745,0.9820451562749648,0.978179909950684,0.8440037465855231,0.9801704643354423,0.961074221084093,0.9429902492134531,0.9288957400617388,0.9526370111116407,0.9311887696428773,0.9938250905646742,0.9187969445925777,0.9072120922355342,0.9572754220823072,0.8801474343127895,0.8402427784426749,0.9908764668187224,0.9361160018916062,0.987327403406299,0.8147735352468601,0.9325036590333069,0.98512650780359,0.9231127140292136,0.9439253608596803,0.9831290436676912,0.9511016704226432,0.8882789372994969,0.980602188182685,0.9695808922938259,0.9542136024350834,0.8941307528793181,0.9324454498571315,0.9558359621451105,0.9747191147870711,0.9064110103549552,0.9765765779125157,0.7856158295427419,0.9842011665427952,0.9062630668618084,0.9944373248680742,0.9917747991232293,0.6712483100495732,0.8686326671635052,0.726586088970191,0.9592404230051592,0.9001110559421437,0.9922127245794845,0.684945978660455,0.9629078616894173,0.8931410336709438,0.9610366993022685,0.9846778189268361,0.9604535056538153
p31_V,0.8797198635106949,0.9413411539914585,0.7471714123277675,0.9858842152953937,0.9492063492063489,0.9510697823313444,0.8218101169360222,0.8358537829575714,0.9038142386822654,0.9602211523225768,0.9398636845831869,0.9475597985845114,0.9475597985845114,0.43619895209247705,0.9106019687464653,0.885400876353422,0.752835562763698,0.9166547403069653,0.6488589737837398,0.9574863565447541,0.9227803491523987,0.9384124008873465,0.9888877218166614,0.9508971383859763,0.9913026731221013,0.9314886672615053,0.3289421496796756,0.9164419655193168,0.9574863565447541,0.8021155478511962,0.9250013316406698,0.9544316996038,0.9428469360414604,0.9188361382271666,0.9492063492063492,0.963200230518242,0.9508971383859763,0.4068583581052807,0.962321115805955,0.4719903667873093,0.8993922310882434,0.9328339505740533,0.9623211158059548,0.9129151319089193,0.9950603702402813,0.758067327015418,0.9526370111116407,0.9004911494084336,0.9301606414450718,0.8918007079504511,0.9544316996038,0.6623067578386688,0.9314886672615053,0.9413411539914585,0.9428469360414604,0.9288488221297497,0.9288488221297497,0.9492063492063489,0.8058499662916012,0.9459533477380777,0.9060540201833018,0.8311464231994984,0.9314886672615055,0.8993922310882434,0.9562880686171875,0.9116054303797048,0.9544316996038,0.8869938104977824,0.8356986313379361,0.9582144552981327,0.4000873023338367,0.9301606414450718,0.9492063492063492,0.8266892096935967,0.9492063492063489,0.8864622842804519,0.9384124008873462,0.9398636845831869,0.852319744891971,0.8644606804686437,0.9964123220916106,0.9610880275993517,0.5970771857933489,0.9314886672615055,0.9492063492063489,0.4706957572797926,0.9507968637523909,0.804647944817535,0.8939536575643376,0.9475597985845114,0.9492063492063489,0.6027602604390548,0.7285394965407901,0.854894908007491,0.926270021131592,0.9004911494084338,0.5396688562515437,0.8875255844205971,0.8198957816506438,0.818749855334769,0.9288488221297497,0.9526370111116407,0.0,0.8295628050627424,0.9032953985475978,0.9582144552981327,0.4527606561376474,0.7973204052495697,0.936985405262017,0.8289245259008577,0.5906675167558815,0.9842968264073597,0.8508058075754193,0.9501760208500687,0.9526370111116407,0.8501737928062842,0.9991271005058253,0.9582144552981327,0.9623211158059548,0.8893007587699873,0.9129151319089193,0.626499547379811,0.3568901125568854,0.9809662470451702,0.9821075314053485,0.7554264789789615,0.9508971383859763,0.8927713255769505,0.9886251033694344,0.9152582079543843,0.8727631680356078,0.9526370111116407,0.9730533608234009,0.962321115805955,0.944383427890573,0.7018358251808477,0.8790644420447884,0.8280234816778033,0.9544316996038,0.9459533477380777,0.8253697077132105,0.9602211523225768,0.8244397822834255,0.7351144135712415,0.6541624740659847,0.9106019687464653,0.9981341064923901,0.8420784215528956,0.930160641445072,0.7583810530554929,0.957486356544754,0.9060540201833018,0.7405077789604679,0.9153139730017579,0.973053360823401,0.9799813907590402,0.9945515828164377,0.5780848646668888,0.8570084033315832,0.5567710364845584,0.7367566674078994,0.9526370111116407,0.9087308614830324,0.8022278398026619,0.9345140465701829,0.5649759829849434,0.8927713255769505,0.8993922310882434,0.9262700211315922,0.9660700296626721,0.9683086794376969,0.9475597985845114,0.92884882212975,0.7383065586513005,0.853836211312412,0.6845606326709062,0.963200230518242,0.9359245759999373,0.9647506825559773,0.7279119480564193,0.9532451920987464,0.8885909234541713,0.9779134885361096,0.9475597985845114,0.859117285745659,0.7450523201144434,0.8580633769736241,0.9400050159634596,0.9413411539914585,0.9237454173815309,0.9459533477380777,0.9038142386822656,0.7433271986454172,0.8180179329687025,0.9060540201833018,0.9492063492063489,0.9508971383859763,0.370769357520052,0.9004911494084338,0.8355526955775656,0.9640062838948074,0.9475597985845114,0.9492063492063489,0.9009382359433893,0.7897778653703156,0.9602211523225768,0.9492063492063489,0.8628210251713135,0.9152582079543843,0.9215191722498273,0.8881467049745081,0.9442661027800154,0.9475597985845112,0.9492063492063489,0.8559522762859699,0.9492063492063488,0.8404141642291887,0.7741602544976014,0.691125062997862,0.9492063492063489,0.8612222667022575,0.9492063492063489,0.7926116757012817,0.9071820194155726,0.4353304701110081,0.8759110188590662,0.9773757151292213,0.771194977674639,0.9459533477380777,0.6912719235150712,0.9384124008873465,0.9749557273192732,0.877115469012125,0.9927913675399127,0.973053360823401,0.8993922310882434,0.8907283270583692,0.8263369548708459,0.9908702887645178,0.9152582079543843,0.9152582079543841,0.944383427890573,0.5567710364845584,0.9459533477380777,0.9492063492063489,0.9027019168030599,0.9492063492063489,0.7334713952978902,0.5288821408683531,0.9544316996038,0.9275522446953857,0.771194977674639,0.9508971383859763,0.9140827360776209,0.9369854052620168,0.5258435321838393,0.9398636845831869,0.8612222667022575,0.9526370111116409,0.6040574193890005,0.8717146038820363,0.8442340263447987,0.9475597985845114,0.9562880686171875,0.7030921523899178,0.962321115805955,0.8333555867103821,0.8333555867103823,0.9328339505740533,0.870666221095258,0.5941012875682351,0.9544316996038,0.8485197883378754,0.7973204052495699,0.7780046509581318,0.9582144552981327,0.8289245259008577,0.9589591641085066,0.9341976401680094,0.6374771177366503,0.9582144552981327,0.88239105236417,0.8715164809151128,0.9562880686171875,0.8982973238138034,0.9683086794376969,0.20751570377870343,0.9188361382271666,0.8070467719220207,0.9459533477380777,0.9526370111116407,0.9773757151292213,0.7478523304650293,0.9582144552981327,0.7985559379258662,0.8548949080074908,0.885400876353422,0.7642583891701946,0.963200230518242,0.9194444444444443,0.9203771106130237,0.7434660637428904,0.5379637233866088,0.83064042010879,0.9358682901281239,0.9526370111116407,0.930160641445072,0.9164419655193168,0.8686696069047444,0.9094556823349396,0.8843412180810764,0.7443900610442784,0.8402244909810185,0.8355526955775654,0.6007944397117198,0.9602211523225768,0.9818472950454276,0.9602211523225768,0.9188361382271666,0.9152582079543843,0.805501948059157,0.9526370111116407,0.9492063492063489,0.9544316996038,0.7102107570168052,0.8660358761631226,0.9582144552981327,0.9562880686171875,0.9248100053233805,0.9492063492063489,0.9369854052620168,0.9582144552981327,0.962321115805955,0.951700230336632,0.8813299315036965,0.9341976401680094,0.9544316996038,0.8333555867103823,0.8200879828172241,0.8457455232976454,0.9428469360414604,0.6805488111634861,0.9526370111116409,0.9188361382271666,0.7873918784148212,0.9413411539914585,0.9106019687464653,0.9510697823313443,0.7655931084723673,0.8160463790740711,0.7780046509581318,0.9950603702402812,0.9475597985845114,0.852516336117159,0.9054135909608206,0.8070467719220207,0.8082384637825228,0.7197593917099121,0.9492063492063489,0.853836211312412,0.9176344520056336,0.9647506825559773,0.9176344520056336,0.9602211523225768,0.8453085223330432,0.9492063492063489,0.9492063492063489,0.9301606414450718,0.9038142386822656,0.6708002705226193,0.9492063492063488,0.9574863565447542,0.9492063492063492,0.9683086794376969,0.8972062142375334,0.8180179329687025,0.9851190476190474,0.5194839904115587,0.950796863752391,0.7560198694781772,0.7636608045089459,0.9492063492063489,0.8811713725919916,0.9596571364772952,0.7766590274917058,0.8075205209611778,0.9237454173815309,0.6429219567414519,0.9526370111116407,0.7960789049353045,0.9492063492063489,0.749389420004536,0.916654740306965,0.859117285745659,0.81835216017916,0.9508971383859763,0.7285394965407903,0.9428469360414604,0.9492063492063489,0.8961186971729784,0.8331081253920931,0.9492063492063489,0.9701429667321069,0.7807259771890067,0.8420784215528956,0.7250134267509782,0.8022278398026619,0.9492063492063489,0.8356986313379361,0.8869938104977824,0.9683543830093178,0.6881370301067232,0.7537446627817315,0.9071820194155724,0.9083158055901508,0.5851464350463985,0.9526370111116407,0.9358682901281239,0.8864622842804519,0.9888877218166616,0.8527760996057685,0.9940100642211115,0.737783649476667,0.9355809960386168,0.9544316996038,0.41046609886853547,0.9492063492063489,0.9582144552981327,0.5990664026184784,0.8989443341645225,0.9398636845831869,0.9275522446953857,0.9459533477380777,0.911953870828142,0.9813818316380161,0.9459533477380777,0.9470390403999661,0.32837301587301615,0.943086952979808,0.946682127320422,0.9428307668638465,0.9582144552981327,0.846380925471486,0.9602211523225768,0.9991271005058253,0.9888877218166614,0.8293999941690733,0.6738200253517335,0.9602211523225768,0.8565244516215629,0.9164419655193168,0.602760260439055,0.9328339505740533,0.9384124008873465,0.9027019168030599,0.9526370111116409,0.9188361382271666,0.8993922310882434,0.876961388806675,0.5945878647851163,0.9492388075036137,0.9398636845831871,0.9250013316406698,0.7125472808372374,0.772573521897042,0.6230534712541772,0.813391764632843,0.9576056404638935,0.9266101958517023,0.9225015741707874,0.9341976401680097,0.935580996038617,0.7215263774365888,0.9398636845831871,0.8517144868263767,0.9341976401680094,0.9152582079543843,0.7539334992316538,0.7674138938518069,0.7320262020132552,0.8511420268993708,0.5143864566165479,0.8993922310882434,0.9582144552981327,0.9549353818771855,0.8918007079504511,0.5162090927683516,0.9596571364772952,0.3289421496796763,0.9345041683711351,0.9544316996038003,0.9582144552981327,0.9339500363880899,0.9710742509282574,0.9129151319089193,0.9886251033694344,0.9475597985845114,0.8233095582802457,0.9071820194155726,0.944383427890573,0.7023501650256812,0.9492063492063489,0.9562880686171875,0.9492063492063489,0.9492063492063489,0.818749855334769,0.935580996038617,0.9486051204234525,0.9492063492063489,0.8094251427518588,0.8377384241745152,0.9152582079543843,0.6857550459388275,0.8811713725919916,0.8808077142348701,0.9011031204098299,0.9027019168030599,0.8399134433261006,0.9428469360414606,0.9215191722498273,0.9562880686171877,0.9176344520056339,0.8061796741685837,0.8559522762859699,0.9809662470451702,0.9428469360414604,0.9459533477380777,0.7641699068587247,0.968354383009318,0.6963039067136744,0.9773757151292214,0.938613174345712,0.9384124008873465,0.6040001669261885,0.9888877218166614,0.8485197883378757,0.4730864410609823,0.9060540201833018,0.9355809960386168,0.9200475251844389,0.9526370111116407,0.9384124008873465,0.30417153187793944,0.9564021026822451,0.8570084033315832,0.9592572502158769,0.9544316996038,0.9504233082603579,0.9443834278905732,0.8543421545177244,0.9609925388490306,0.9475597985845114,0.7766590274917056,0.973935300439098,0.6046333748805415,0.7383793872014479,0.8766475407506158,0.9027019168030599,0.7700220705456179,0.895401496072259,0.9071820194155724,0.9805093316037125,0.9492063492063489,0.9544316996038,0.9164419655193168,0.9492063492063492,0.8927713255769505,0.9384124008873465,0.9459533477380777,0.5970771857933488,0.8459565846100465,0.8511921008492053,0.8046479448175352,0.9602211523225768,0.7539334992316538,0.9398636845831869,0.8664724446651941,0.9459533477380777,0.9389176628943109,0.9090749946786869,0.61439901028024,0.9610880275993516,0.8652191323111958,0.9140909519416198,0.7604073710900017,0.8633240709217584,0.5067426492588492,0.8311464231994985,0.9558694433263362,0.92500133164067,0.9602211523225768,0.9369854052620168,0.9508971383859763,0.7443900610442785,0.9414106494210732,0.8928757609748676,0.9475597985845114,0.7509151724713119,0.6805488111634861,0.9623211158059548,0.9857001874039446,0.9526370111116407,0.86391205131059,0.9539125216067481,0.9328339505740533,0.9015943008452878,0.88693382573101,0.9369854052620168,0.8982973238138036,0.9398636845831869,0.9475597985845114,0.9544316996038,0.962321115805955,0.9492063492063489,0.9188361382271666,0.9614252528538147,0.8070467719220207,0.4988114289855621,0.9492063492063488,0.8832831707913575,0.739731977235178,0.9060540201833018,0.9225015741707872,0.9038142386822654,0.5305546844946984,0.8811713725919916,0.7627372759099207,0.9758994362393925,0.9060540201833018,0.8506512873935239,0.6069255098349673,0.9562880686171877,0.5166670939267379,0.9288488221297497,0.9773757151292211,0.9564664879277862,0.9623211158059548,0.9275522446953857,0.2465371221124395,0.9510697823313444,0.9413411539914585,0.531439847400289,0.8537698412698407,0.8420784215528958,0.8843412180810761,0.9582144552981327,0.9492063492063492,0.9384124008873465,0.7684119013812079,0.8022278398026619,0.9475597985845114,0.9544316996038,0.944383427890573,0.9475597985845114,0.9475597985845114,0.9188361382271666,0.9492063492063489,0.944383427890573,0.9071820194155726,0.9492063492063489,0.646945030901436,0.8222167225949655,0.9582144552981327,0.9526370111116407,0.9562880686171877,0.9508971383859763,0.9475597985845114,0.7509151724713118,0.8580633769736239,0.9355809960386168,0.8409971458279797,0.9492063492063489,0.972807232250656,0.9073884413700835,0.9341976401680097,0.7935775465776653,0.567060406450299,0.9632002305182422,0.9136608016620085,0.936985405262017,0.956466487927786,0.574159183997224,0.9492063492063489,0.9152582079543843,0.49057310909050145,0.9809662470451701,0.8388272306092,0.7773931278746951,0.8846149163346162,0.9799813907590402,0.9526370111116409,0.5727714044714182,0.8420784215528956,0.9492063492063489,0.9492063492063489,0.8822265994777516,0.9602211523225768,0.7463765413258745,0.9950603702402812,0.9964123220916106,0.8244397822834255,0.9459533477380777,0.7910509366485662,0.7846176027958291,0.9492063492063489,0.9492063492063489,0.9140827360776211,0.6991852245234762,0.47795836130872404,0.7383793872014479,0.8453085223330432,0.7537446627817315,0.7722191842821255,0.828155033154859,0.9642402977593334,0.8416188407771308,0.9492063492063489,0.9004911494084336,0.9544316996038,0.962321115805955,0.7285394965407902,0.9582144552981327,0.8311464231994983,0.9492063492063489,0.9492063492063489,0.7739436107925921,0.7224206349206344,0.7819949015164567,0.9507968637523909,0.7070553736674675,0.8993922310882434,0.9275522446953857,0.7978698460954707,0.8344556057285122,0.7516707977886123,0.9492063492063488,0.6571574449861834,0.817599777220966,0.9508971383859763,0.9582144552981327,0.9215191722498273,0.9223986589047978,0.8839067233027015,0.6891492539635691,0.9508971383859763,0.8904561153277739,0.9492063492063489,0.8266892096935967,0.9512934499841006,0.8993922310882434,0.9956262339012238,0.7505693041675248,0.9413411539914585,0.9049315186013056,0.6524881350591023,0.9562880686171875,0.8685695845092944,0.8622735200335969,0.944383427890573,0.9602211523225768,0.9225015741707872,0.9314886672615055,0.812956094083435,0.9544316996038,0.9475597985845114,0.8759110188590662,0.9288488221297497,0.48612370616240974,0.9212691469911802,0.962321115805955,0.6143990102802396,0.962321115805955,0.9623211158059548,0.9414106494210732,0.9200475251844389,0.8961186971729782,0.9492063492063489,0.957486356544754,0.9384124008873465,0.9384124008873465,0.6972016442759021,0.9428469360414606,0.9475597985845114,0.9288488221297497,0.8939536575643379,0.9508971383859763,0.7806724477786735,0.9176344520056336,0.8233095582802454,0.8010095457376825,0.9492063492063489,0.5305546844946984,0.9492063492063492,0.7897778653703156,0.9602211523225768,0.9328339505740533,0.9341976401680097,0.6784247105368431,0.9492063492063489,0.8046479448175352,0.7383793872014479,0.9341976401680097,0.8058499662916012,0.8266892096935967,0.8129560940834349,0.9544316996038,0.8221755430097129,0.8754988991654504,0.8058499662916012,0.8284086162176745,0.5313517461809375,0.6761489807685314,0.8644606804686437,0.9044988266272495,0.8537698412698408,0.9889897772432356,0.9301606414450718,0.8388272306091997,0.9027019168030599,0.7318083230664858,0.9492063492063489,0.9475597985845114,0.8420784215528956,0.9494833800495854,0.7704088878251921,0.7766590274917056,0.7524297972473153,0.9492063492063489,0.7884981212068207,0.8950935460094678,0.3903918468255674,0.9492063492063489,0.8399134433261006,0.9980353634264251,0.9582144552981327,0.935580996038617,0.9475597985845114,0.9720193828537349,0.9314886672615055,0.5804841331053714,0.9730218450575303,0.9083158055901508,0.935580996038617,0.7284399588174315,0.9492063492063489,0.9275522446953857,0.9492063492063489,0.9582144552981327,0.6951973979147167,0.8843412180810761,0.962321115805955,0.9262700211315922,0.7431708752992905,0.9049315186013058,0.9225015741707872,0.9492063492063489,0.8616616667070361,0.8210376473859948,0.7210801889564689,0.9809662470451703,0.9152582079543843,0.9544316996038003,0.9250013316406698,0.9237454173815309,0.9164419655193168,0.8928757609748676,0.8090221571306981,0.9164419655193168,0.9225015741707872,0.17538902552261537,0.885400876353422,0.9164419655193168,0.962321115805955,0.9314886672615055,0.9508971383859763,0.975142101856073,0.4142892209549458,0.9237454173815309,0.9610880275993517,0.7471714123277675,0.9152582079543845,0.935580996038617,0.9140827360776209,0.930160641445072,0.9475597985845114,0.9938077685674778,0.8976747730531871,0.5736202678932067,0.9400050159634596,0.8333555867103821,0.9117550006367758,0.9486714815870392,0.6214526147292148,0.9508971383859763,0.9526370111116407,0.9015943008452876,0.8866629715218861,0.9275522446953857,0.782364606040574,0.9851427757797316,0.9544316996038,0.9562880686171875,0.9399009776851528,0.926270021131592,0.7159628237899878,0.9176344520056336,0.92500133164067,0.9143052801998224,0.41120738041696925,0.9237454173815309,0.9492063492063489,0.8366469404145516,0.6509124114057016,0.6262185821613928,0.9386131743457118,0.9105997694059793,0.9562880686171875,0.9188361382271666,0.9759275434312635,0.9314886672615053,0.944383427890573,0.926270021131592,0.7221853653913994,0.9372431009731566,0.8445290624838848,0.4946499403325765,0.9044659624194151,0.47810431900100003,0.9177771622806974,0.7433271986454171,0.9526370111116407,0.9508971383859763,0.8864622842804519,0.9275522446953854,0.9073884413700832,0.8982973238138034,0.8950935460094678,0.8834178016135845,0.867698299150503,0.9459533477380777,0.8322525541058987,0.9610880275993517,0.7876282222528324,0.9526370111116407,0.859117285745659,0.986554806284329,0.9562880686171875,0.8928757609748676,0.5525372910928823,0.9136608016620086,0.9602211523225768,0.835685080065568,0.9582144552981327,0.7774457358293265,0.9562880686171877
p32_Y,0.9945921003494864,0.7241512412855009,0.8521973010084385,0.9333206330743233,0.7983254232663785,0.8581211822353753,0.9534272566554816,0.9772978352551516,0.7312206952770026,0.8888428923892235,0.8990763576434593,0.994773060526213,0.8430084144013448,0.6718690581199425,0.9174971344859199,0.7958463341451603,0.8961878354678894,0.9747599015206189,0.9953700699977106,0.7980251704263758,0.9453882923962514,0.9086171892384093,0.9264635914251368,0.927209562910801,0.9177326131636527,0.808553489343715,0.867384963330313,0.9662801806228158,0.7588836782783256,0.703304741590061,0.8127881547112796,0.8858986498990515,0.8965301079123316,0.920314368720011,0.8608001868591053,0.8551170684649476,0.8627880798184884,0.7941645742787992,0.8947109826062527,0.7449206790838705,0.9528539717720055,0.885745921986911,0.9405104606214995,0.9643587329168057,0.8385820911927366,0.877819912196104,0.9009385953642848,0.7944639691789508,0.8160107059347597,0.9037129486387014,0.9071558877260777,0.8979467008277584,0.832629779247678,0.8360850542738054,0.9527674384230345,0.8711879261366295,0.8020933271294575,0.8580633769736241,0.9599264114148363,0.9376077489798189,0.7752104011523693,0.9470202226971466,0.974759901520619,0.808860104704267,0.7637179762656259,0.9378318446413088,0.8514077395032397,0.8337091871426887,0.8928601878779756,0.8177388530806124,0.6605025556981956,0.8522358354277604,0.9857497140445592,0.7098079195849107,0.8580633769736241,0.8661513208514664,0.9069455524561849,0.8452829186418248,0.7408324850486854,0.7757319038492514,0.9933367643532718,0.8352333084320023,0.9753422288451965,0.9289349388635291,0.8580633769736241,0.6275118000470309,0.9086171892384091,0.8331420171794719,0.9297521499952717,0.8838152225738931,0.8580633769736241,0.5124430448849774,0.8435493678214296,0.6828392480356276,0.9073278767431971,0.8488608984447562,0.4940338890968963,0.7695466995459634,0.8126918416383506,0.7816162124618278,0.7087451137769105,0.799463511833891,0.8295628050627424,0.0,0.9734148962601683,0.8832354238447049,0.7456326656661101,0.8244159930208725,0.9694034007212067,0.7306296198039468,0.5380320504745113,0.8939544673975598,0.9490315320893623,0.7881789459164539,0.9009385953642846,0.9040641754392986,0.9440330935058484,0.8832354238447047,0.8947109826062527,0.8262411347517726,0.9045753237721907,0.5740077004260835,0.7368848567122136,0.8741336456972615,0.9770875186714552,0.6930126511300276,0.8627880798184886,0.9526247108530788,0.903714272851292,0.8300492252778046,0.8009500183908578,0.9342272501200424,0.816916829107428,0.9771002609923765,0.694567730504855,0.9440361712716274,0.9680813254781576,0.8726649773302662,0.8726649773302662,0.8489732636249692,0.9096594892032974,0.8888428923892235,0.7305350740866396,0.7351200326271119,0.6100176946812088,0.8088319429713118,0.9944140264070114,0.7440365858997535,0.9707192135125746,0.7815158392392881,0.876308154722476,0.9072685909419129,0.8562351690345726,0.7653852341114649,0.9203895602948635,0.8285391598107985,0.418028088683973,0.9612020291560053,0.8077756642829044,0.7066700089374011,0.7526144620221631,0.9342272501200426,0.7107178406032189,0.7987171513467408,0.7659905267665321,0.6374032682442397,0.7922740910323496,0.9211513945437232,0.8393135246411974,0.7687696068819956,0.7590195831047363,0.8534622933489195,0.8011767661222204,0.685720169495289,0.8997529816660728,0.7647208782116969,0.8177388530806119,0.9334669096881463,0.734378706753154,0.9828722051522387,0.9902222605205018,0.8236028893899265,0.9878731928273126,0.9340672020762658,0.934251658357691,0.527894625732128,0.8410988419068135,0.8711743272366816,0.9735112119115221,0.7275777476416032,0.9671525774314353,0.9724717065876112,0.9044726685607114,0.7617938291854791,0.9418077635843227,0.8580633769736241,0.8949988213646447,0.9737577656653316,0.8851255179552928,0.952984481346037,0.8178535359215962,0.9644201313012394,0.8580633769736241,0.9252537072830185,0.8423862406399321,0.8888428923892238,0.8580633769736241,0.9267499060960465,0.7835370284359033,0.7661048485936623,0.704101598673847,0.8540581067128075,0.6608908390515033,0.8580633769736241,0.9518256228846846,0.8580633769736241,0.9642895876119801,0.9972621427194116,0.938913833358278,0.8580633769736241,0.8625889938714655,0.8580633769736241,0.9076936618396925,0.835767802442503,0.6168484612205786,0.8593927271743953,0.8327521665896493,0.7492652448179653,0.8785180920765856,0.9721174450820311,0.8279010131824402,0.6965568396894555,0.8633219861143879,0.932568812414861,0.9203895602948631,0.9528539717720055,0.8616093529308391,0.8569920426745787,0.9323436528704155,0.8445497252179488,0.8242121596239331,0.8445863152939237,0.5242593347343396,0.9376077489798189,0.8580633769736241,0.9404828804596653,0.8580633769736241,0.6085196707667326,0.6470111349316667,0.9071558877260779,0.9724884149924613,0.762666375766658,0.8627880798184884,0.9209445735153712,0.8755842366061313,0.5390266651767525,0.9528697966450939,0.9273276665047703,0.8676499406085265,0.4390250957611149,0.6415222055497369,0.851217492247228,0.8838152225738931,0.9853812680091016,0.7963645666952915,0.8947109826062527,0.8566753942977559,0.9267499060960465,0.8612681874740746,0.7317108225761608,0.4814343729838888,0.9203895602948635,0.9240153904002539,0.797465700273323,0.982712136208182,0.8832354238447049,0.786277362568742,0.9813307569763221,0.7605240277347323,0.8365117211975374,0.8832354238447049,0.8190897131050849,0.685328187626757,0.9136953378018808,0.8945064033639241,0.5629309018889509,0.8660408213454077,0.9115521240055564,0.6778006176452944,0.996697405883052,0.8676499406085265,0.9675159048758009,0.6864435001568316,0.7056042069276058,0.6798032884542933,0.7858764693342042,0.7792635455812458,0.7906745229784301,0.9672517146179539,0.6733758960809256,0.7923140303177967,0.7078543096007821,0.9203895602948635,0.7581747844678999,0.9481170182357885,0.9659067856126827,0.9344940840195742,0.7401773033625444,0.9148681354195545,0.8825621946006417,0.9242092991260251,0.6574256077663709,0.8409011053818893,0.6952493189599824,0.5104599739712445,0.9545911390185762,0.8611250859827146,0.8763081547224759,0.9833644339479224,0.9520746188418975,0.9043879551457146,0.9342272501200426,0.8580633769736241,0.8726649773302662,0.830014656714707,0.6136155529611745,0.8832354238447049,0.9136953378018808,0.8126554851763714,0.8580633769736241,0.8497488428273543,0.8551170684649475,0.816926543042313,0.9847632503202344,0.9142083407158108,0.6111054663401924,0.8858986498990518,0.7445561754204906,0.8798361808424847,0.7368848567122136,0.8402927774016284,0.7047073946509352,0.8676499406085265,0.8782809919014027,0.8722982487875424,0.8360850542738052,0.8283798660100805,0.8993158214284375,0.7338672164107911,0.5332517326380823,0.7146895172343299,0.953793579743042,0.8534622933489195,0.8972145807274696,0.6071732775539126,0.7727314377007182,0.7356409473393777,0.7656591507419195,0.8580633769736241,0.7970230650452366,0.9984304390698087,0.60680340121791,0.8561026539200732,0.8888428923892235,0.7113307625127203,0.8580633769736241,0.8580633769736241,0.9707192135125746,0.8054517756802664,0.5440397540216582,0.8580633769736241,0.8371666625744258,0.7046132778772891,0.5629309018889512,0.7659905267665321,0.8558183092156741,0.9857497140445594,0.6834408090558821,0.7768762904488331,0.8392846271242926,0.7892427595992961,0.8580633769736241,0.8303434001583949,0.5346292331259346,0.7109048713847628,0.745269630362942,0.8599885633987683,0.653315059601919,0.8676499406085263,0.7668349352101687,0.8580633769736241,0.7982799085134307,0.8062258721928782,0.6361324654316036,0.7641718618972504,0.9439474709045741,0.9133595043152376,0.6816899132573916,0.8580633769736241,0.8849408008739971,0.8060684915355528,0.8580633769736241,0.9261939712773508,0.9945921003494865,0.929365640396365,0.7645455753141213,0.744660662174953,0.8580633769736241,0.6246462364432475,0.7598864148039413,0.9429328017836777,0.8307272169404305,0.9421995099841785,0.8167405509928947,0.8013839333193027,0.6734576269135699,0.8676499406085267,0.9446617520204822,0.7327560245077274,0.7489804053126815,0.8373589766392593,0.5353207330348435,0.8558684146450748,0.8453437407159925,0.8726649773302662,0.7580732923849527,0.8580633769736241,0.9579918546133754,0.946129453034705,0.9953869835538667,0.8990763576434592,0.8805052368359417,0.8489732636249694,0.9021892742466615,0.943947470904574,0.8489732636249694,0.8183861991410077,0.8295628050627425,0.916547861978305,0.8228683602638704,0.6563728913960669,0.9579918546133754,0.7722739731939527,0.9154496468705262,0.8890626304507615,0.8757541096787211,0.8625570595245056,0.9613135487542395,0.7980251704263757,0.9387692553945595,0.8076169421169133,0.9245682259270865,0.9102236564997477,0.9332937322141002,0.8569920426745785,0.666308892810858,0.8152309266734903,0.7411590607090497,0.8473424836142518,0.8601364019977593,0.9708532051554728,0.8990763576434596,0.8351508832535266,0.5533008681600111,0.8066896458286295,0.7043857080201323,0.9309949317066526,0.8491175256881538,0.725074914242637,0.911533001828125,0.9157357559104302,0.8453437407159925,0.7698632126734535,0.9797665161459109,0.9358174030899133,0.9846518698265427,0.9113994876538669,0.7024858808838013,0.7994635118338907,0.8004390603484391,0.9439739485327743,0.9184456140672668,0.9391506279271905,0.8832354238447047,0.790592166987304,0.8178535359215966,0.8354039064728468,0.8429513384808491,0.8961878354678894,0.8961878354678894,0.9416467981218895,0.8832354238447047,0.6057809031902963,0.8230251536633888,0.9559300548903742,0.94452108102384,0.9748740102488134,0.9340096226205676,0.9309040596905456,0.8733891874315001,0.6572003123992183,0.8580633769736241,0.8778523726982708,0.8580633769736241,0.8580633769736241,0.7678972840740623,0.8199889998427847,0.6383351746846031,0.8580633769736241,0.7528205681298764,0.7161322359516342,0.92589998759401,0.6797576588134813,0.7816247756231971,0.9599264114148361,0.712046201698515,0.8938147839228983,0.8364804214571726,0.8684114426569796,0.7827792606366293,0.8778523726982705,0.8321825453439611,0.8218985648238707,0.6860636424651938,0.7399572744437787,0.990995231066262,0.9737577656653315,0.6897496858514658,0.7637179762656259,0.7087048225736414,0.9009385953642848,0.5527728796313831,0.9596419119720152,0.8939544673975597,0.8706984815891998,0.7793036195284713,0.9923993791559332,0.8129413125208098,0.850399368805513,0.9895293178236427,0.8676499406085263,0.8542491929403555,0.7828937631737924,0.9813307569763223,0.896639149090668,0.8796969225508198,0.9416467981218895,0.7775280732808665,0.8445863152939239,0.7988800276605836,0.7654678967288691,0.9037142728512924,0.831506242081415,0.8846564260425303,0.9817050998145616,0.7973397986872863,0.7578780001471992,0.893814783922898,0.7377504995521964,0.7241799309330033,0.8547950538921116,0.834116939657322,0.8580633769736241,0.8726649773302662,0.9309457842588795,0.9232749504518325,0.9376187580228096,0.9069455524561849,0.8489732636249694,0.9339719683521371,0.731853149431337,0.7996898870590976,0.7248479146037958,0.9937326311666264,0.6486805682612294,0.979766516145911,0.8560389494801091,0.8489732636249694,0.8785205700448545,0.8475308866831743,0.6266735693376517,0.6360085599059492,0.9635120644209247,0.9720266010540348,0.8626978849573004,0.8598485519198888,0.9535855008241652,0.8632480589045772,0.8625889938714651,0.812788154711279,0.876308154722476,0.7885556442697675,0.927209562910801,0.9744181460345016,0.8852487685871864,0.7179344362344287,0.8534622933489195,0.6810305168465749,0.875385833016256,0.9405104606214995,0.8389491536683296,0.9991954403684408,0.627511800047031,0.904615759551833,0.812312718448402,0.7817028552789519,0.8294081886127673,0.8239134490485776,0.8766361984066358,0.9126466058508198,0.9644201313012394,0.8726649773302662,0.8169265430423132,0.8580633769736241,0.8992976803107062,0.965098094635087,0.7862929834229218,0.6280659521404504,0.8580633769736241,0.7558825294305538,0.7304933224712216,0.9638649579945746,0.8679577393357282,0.7497784653778188,0.6326462226889253,0.8465829416701274,0.6724311797289412,0.9724884149924614,0.6588259283210143,0.7718143526904397,0.9810769867830172,0.8778523726982708,0.8116032860905478,0.7787562737913207,0.8993294761011661,0.5656608725556072,0.7757319038492504,0.843545228694502,0.9146681087620985,0.858121182235375,0.836085054273805,0.9887897538345507,0.735850659673652,0.9138174673372719,0.7592735858499853,0.9953700699977106,0.8893007587699875,0.9613135487542395,0.8220150090232681,0.7987171513467408,0.8534622933489195,0.8726649773302662,0.8733891874315001,0.8534622933489195,0.8838152225738931,0.9413310571293143,0.8580633769736241,0.9886006759818051,0.8547950538921119,0.8580633769736241,0.7356209341689754,0.7250749142426371,0.7803606376962764,0.8676499406085267,0.9429328017836778,0.9117367293584175,0.8534622933489195,0.7483639983030697,0.6925217703564044,0.9467627042088231,0.7832572902531019,0.8580633769736241,0.593414654069242,0.799463511833891,0.9655419430419439,0.8536202899799825,0.8147216545854521,0.8177388530806119,0.8151045047199486,0.9014196303849085,0.9520746188418976,0.9694034007212068,0.9205381405663509,0.8852248564059793,0.8756953057248082,0.6952318173592844,0.8469794454271116,0.9259730771442766,0.9672517146179538,0.6264373009990567,0.9342272501200428,0.7075781627668931,0.8580852348207453,0.8580633769736241,0.8608001868591055,0.8830830154362399,0.8888428923892238,0.8317283118979464,0.9886006759818051,0.7914894796401903,0.7443548587902844,0.8489732636249694,0.7789431038990087,0.679821351608207,0.8580633769736241,0.8580633769736241,0.9008158456950544,0.6899670675350524,0.7011350623455894,0.9192797582329486,0.8262084512512711,0.7645455753141214,0.9642006166535761,0.7103973304413764,0.6002216532435213,0.7363578725741196,0.8580633769736241,0.8247575259604105,0.8726649773302662,0.8947109826062527,0.7318531494313372,0.8832354238447049,0.821361977008292,0.8580633769736241,0.8580633769736241,0.7569033938120235,0.7983254232663787,0.7796147220919656,0.9596419119720152,0.7923386540821602,0.8988562716216035,0.9035010313750724,0.9391506279271904,0.6497457934138235,0.7334830322408281,0.8580633769736241,0.6266735693376517,0.7232149825804643,0.8949988213646447,0.9579918546133752,0.7994536726795969,0.8035147034909957,0.9565929805634581,0.6067308133313001,0.8151045047199482,0.7851920618946466,0.8580633769736241,0.7929951989879658,0.7521977203414176,0.7908608713208001,0.6669577029798579,0.965098094635087,0.9715183250333917,0.884015195575012,0.6453002447273689,0.9853812680091014,0.7559000969640832,0.7958332702823956,0.867384963330313,0.9671258766853237,0.9141659482022879,0.9530112287674921,0.7499909836783165,0.8726649773302662,0.8534622933489195,0.7483920283202465,0.8011767661222196,0.8300492252778054,0.940253130732792,0.9771002609923765,0.7486989629017433,0.8993158214284376,0.9817050998145612,0.6459009504731108,0.8403702747960315,0.8507052316754686,0.8580633769736241,0.9671258766853235,0.9349653689963244,0.9069455524561849,0.6014867298927369,0.8402927774016289,0.8534622933489193,0.9654527004964141,0.7558401204398115,0.8627880798184886,0.7490391378651182,0.8321825453439606,0.7822275859569452,0.9030678460760537,0.8580633769736241,0.47809927979813494,0.951775522362714,0.6946334863067687,0.8888428923892235,0.9429099364232328,0.8161233816474049,0.7528832877603264,0.8580633769736241,0.643627337672039,0.7702420298993613,0.7854271213004892,0.7284492475240267,0.6543497333162074,0.695458539261528,0.8726649773302662,0.737310244569346,0.926726428897503,0.8097425538878016,0.7418026906930608,0.7489804053126816,0.723788455283245,0.8581211822353755,0.8503993688055133,0.7983254232663788,0.9625319569777705,0.9107974084026111,0.8328195898040682,0.9306375251712173,0.7674781900893162,0.8580633769736241,0.8534622933489195,0.872341315935869,0.8775949467017342,0.9554351921941396,0.8851068512799267,0.8465457648042223,0.8580633769736241,0.6909436360792989,0.9656240910735101,0.7154443206123393,0.8580633769736241,0.6236134294631674,0.7660459090234469,0.8832354238447049,0.8199889998427847,0.8534622933489195,0.9738175958485027,0.9506836116166559,0.9500887011270656,0.9421156471582774,0.6803586103521163,0.9518183322983453,0.772850127674781,0.8580633769736241,0.8435452286945018,0.8580633769736241,0.92061363922904,0.5967434136755763,0.8252478711604008,0.8947109826062527,0.8619849753418638,0.7688309352789551,0.7717608965555067,0.8679577393357282,0.8580633769736241,0.9791657431428546,0.816332253288462,0.8062334168097597,0.7399572744437788,0.7835370284359047,0.9416467981218895,0.7904254261690322,0.8089843972083204,0.9046157595518329,0.80433430816336,0.7792519759200112,0.9046157595518329,0.8488030544636931,0.8858986498990519,0.7626807570173313,0.9046157595518329,0.8947109826062527,0.7821495822889153,0.927209562910801,0.7232527975013159,0.8733613436263186,0.8531213357940417,0.6609116534717057,0.783509770834754,0.9055624219999947,0.977173073171553,0.7599147509528366,0.8048424841938351,0.9644201313012394,0.9069455524561851,0.909818866411821,0.8679577393357281,0.891320587116121,0.9547797108153628,0.8323475401442115,0.9741364187621633,0.7686173547008337,0.8627880798184886,0.8676499406085267,0.907713571182404,0.7224237908938076,0.7975536396162428,0.8345136477576833,0.8851255179552928,0.8726649773302662,0.8778523726982708,0.9774450590835428,0.8393135246411982,0.6856304215803214,0.9984304390698089,0.8294081886127668,0.9397887812401935,0.8402264318273216,0.8751898050869029,0.9205381405663509,0.825522449483437,0.7007032955467336,0.9245031268203956,0.885125517955293,0.8698908110209564,0.7995609413692362,0.932568812414861,0.9545361833350938,0.832629779247678,0.8385820911927367,0.9113005176514705,0.8311552276263863,0.9688791933107929,0.9599634294277817,0.9664400448524546,0.9339177168881666,0.9037142728512921,0.9159839365248302,0.7253641251257404,0.7328862023223747,0.8627880798184884,0.8161280847225643,0.797553639616243,0.8327521665896493,0.9804021619350585,0.6936298475356264,0.7953414702336072,0.7373991380523984,0.9376077489798191,0.811012582829302,0.8601364019977591,0.8300146567147073,0.9326181308569244,0.7553801426020383,0.9597487762607861,0.8778523726982708,0.7524943850060013,0.9673876709360696,0.8473152462661048,0.8888428923892235,0.8953430655286472,0.9206136392290398,0.8616916494562762,0.8778523726982708
p33_P,0.9460173706761714,0.9771015106150269,0.9397404057953452,0.9014719896252963,0.8706662210952578,0.9901199804948464,0.843669595645947,0.9003005919318826,0.7550861614852252,0.8987127601538669,0.731695895844235,0.8981789948276746,0.8664736771305537,0.939219287389227,0.9357205953414678,0.9107228954945641,0.9787306038515087,0.8255524180203792,0.9326468089069148,0.9804836781759889,0.8011893292304179,0.6889416727523734,0.9154258444847003,0.942263219246712,0.7286674419308927,0.825552418020379,0.8884720125034236,0.8516515289226924,0.9804836781759888,0.7323291400749969,0.8323930928014784,0.9199989838706863,0.8544735095381988,0.8372419978857335,0.9032953985475976,0.8330914791651216,0.7212777238987409,0.9132165197124131,0.9040598105946911,0.8964283957444481,0.9130373620729507,0.8289778574560311,0.9040598105946911,0.8198907813272873,0.9310108048004062,0.8226383382300472,0.7381081220789001,0.7466247162709696,0.7322842287112803,0.7244966034744011,0.9199989838706862,0.8443580233161545,0.8507014378963611,0.6900030262807051,0.8838450146253055,0.8919612280695782,0.9894686132337763,0.6072669396673074,0.5178295134335309,0.7364210112550584,0.8002012539476733,0.9784102273457382,0.8758504577723429,0.7438265858582668,0.9615420303159277,0.6973335701277226,0.8278073367121441,0.981222883588855,0.7498653476029531,0.989265953783764,0.8669651029467396,0.9459333791503509,0.9032953985475976,0.6166350306762118,0.6072669396673074,0.9233320965528575,0.9916851556469493,0.9030676093179739,0.7807109638897068,0.9470898955447687,0.8468773793429292,0.9074232144688463,0.8088302066282662,0.8255524180203788,0.6072669396673074,0.8771035727561388,0.799030211986764,0.7712412045047141,0.9661375564805397,0.5945359220183861,0.6072669396673074,0.9756143728488357,0.8471532217599294,0.8611565107018231,0.7141038569186193,0.7988104115647527,0.9848492469971152,0.9938615816318148,0.6849077082004653,0.6531316806977514,0.9130240016020261,0.9815110427139537,0.9032953985475978,0.9734148962601683,0.0,0.6769170045464781,0.938213308790421,0.6246806799957041,0.8395485353725954,0.6515883029889468,0.918432193455522,0.854546208486769,0.5936858694905622,0.6843088695525918,0.703336276273892,0.5463029967751794,0.8335522684478653,0.8936031902522539,0.9901199804948465,0.7006714245589337,0.8615221719562454,0.9333823247154629,0.8935215382096593,0.9725477528841158,0.8726593434678378,0.5176867913216829,0.7549236295841959,0.7107074774821481,0.9932949479190378,0.833387661086038,0.6923691560668891,0.9815110427139535,0.9920543208470206,0.9040598105946912,0.931010804800406,0.9661038161608295,0.9776205417991192,0.9358903421766451,0.6836966627594749,0.6129761647399179,0.9459608074133452,0.6924326497355207,0.6684625072205972,0.9338048841808001,0.9938615816318149,0.7927883682840606,0.8174834239182526,0.7021296663025518,0.8469234123385455,0.8337529314862966,0.9786308628129499,0.8396132831153245,0.9966452794501179,0.7313577683139038,0.9358903421766454,0.8469234123385461,0.8284129950038879,0.8653347025776119,0.9463908385559952,0.7894714001023626,0.7263563776619595,0.9119673511039381,0.9594485387656406,0.919908405685763,0.9280972145738942,0.9590047075991001,0.9287778762699539,0.9882421515016987,0.9982829060475593,0.8311081856034911,0.9392192873892272,0.7530625105039934,0.8432075354874787,0.6724371092507003,0.919091284410663,0.9067154584867191,0.9326468089069146,0.7781369379958865,0.9592706420412609,0.9233320965528575,0.9814415210887981,0.8396403737770789,0.9374008478930755,0.8981789948276746,0.7359197905627743,0.7589874322112717,0.6696320265417055,0.8639354246880118,0.690003026280705,0.8022843214313349,0.8932444491995201,0.9101631209273876,0.8926076343099012,0.731300314301794,0.8056784543758049,0.6072669396673074,0.9086173135612573,0.862383237570735,0.8935114265989774,0.9193187660380405,0.8859294552151096,0.9932949479190378,0.6072669396673074,0.964775625715423,0.7453308547602429,0.9395982191649279,0.6072669396673074,0.8680247779094025,0.8054691836486053,0.7457382913818859,0.9463908385559952,0.9729000853130612,0.911589098989599,0.6072669396673074,0.7036197580861193,0.6072669396673074,0.8621391347194555,0.9002182642151026,0.8752260498441902,0.6072669396673074,0.47558922992917096,0.6072669396673074,0.8291629054746008,0.8431614796507079,0.8945928003932555,0.9349959627599527,0.9467391969089458,0.6973676926126107,0.6438373763687026,0.7932453946532314,0.8707041703100611,0.9633265710464143,0.9811198647201047,0.8591950943404282,0.9560266523588534,0.5417279145686253,0.9535199566710341,0.8868757850544171,0.8680102295565948,0.9608499511796933,0.7842254686329958,0.8583858153873953,0.9453661798923358,0.9858280840858753,0.6072669396673074,0.8099489948192078,0.6072669396673074,0.6052281534062514,0.8971188061328657,0.9199989838706863,0.9442669069485907,0.6693712438297079,0.9086173135612571,0.844309130197041,0.7826404447679567,0.9979823384179789,0.8721714707818466,0.7093341785538416,0.8794015740660157,0.9848036472599311,0.7547436533504084,0.7679675282018228,0.5945359220183861,0.9635780404756727,0.9712876449287761,0.9040598105946911,0.6781555994794659,0.9265821485689039,0.7363601750214235,0.7193162895484368,0.9888407795622607,0.9560266523588534,0.7805675983513481,0.9202669697475576,0.966674921992557,0.6769170045464781,0.666120091258939,0.8232835578164709,0.8814105523204492,0.8830190579203288,0.6769170045464781,0.744355256231821,0.7120551604909848,0.7743422072949295,0.8717036086843721,0.9697471566190721,0.8794015740660153,0.855414651748531,0.5936858694905622,0.7364210112550589,0.8794015740660156,0.7381081220788992,0.8368534366386013,0.9716904275615754,0.7969391235366217,0.9543381900367653,0.9973311064889934,0.9926317372096041,0.989265953783764,0.9335587141907045,0.9550566540378436,0.8932444491995203,0.9358903421766454,0.6375834033640131,0.7970379286395841,0.8771955052989304,0.8964283957444485,0.9980540209303372,0.7423246383435125,0.7896818625615614,0.7571881615034008,0.8927111743754874,0.96270642941342,0.9340163381026569,0.9806897319027379,0.8968599447908274,0.7938554013457658,0.9395982191649279,0.7895553623844451,0.7842254686329961,0.890837491001148,0.9837171114810386,0.6072669396673074,0.8839713153825188,0.8631121466811533,0.9984044428477474,0.6769170045464781,0.9635780404756727,0.974999734383841,0.6072669396673074,0.5397619320011682,0.9326468089069148,0.9668499345550761,0.737577171384457,0.8301337311623795,0.9074232144688463,0.9560266523588534,0.7513523128038421,0.9705852019912542,0.9205080396281913,0.8544735095381987,0.8922760765663078,0.9141734198710234,0.9470074801592104,0.9474856679012389,0.8506393987843801,0.8948828161822087,0.9238198496049985,0.753325265199377,0.9689605766139049,0.7427033317293361,0.6602350307561522,0.5945359220183861,0.9532102888873422,0.8241146845001344,0.5936858694905622,0.6818804710760388,0.9827258537941091,0.6072669396673074,0.7964546050285427,0.8988104657218365,0.9963095309922064,0.9058274975868816,0.939598219164928,0.8011091565907492,0.6072669396673074,0.6072669396673074,0.8716759040414971,0.8713938810668469,0.9059678769745254,0.6072669396673074,0.9804836781759888,0.9335587141907045,0.8104384336335955,0.9792243509399646,0.7172697738433456,0.8683003592860252,0.9902500193731549,0.9641630208383514,0.967378266664628,0.807654634410371,0.6072669396673074,0.9802695041588807,0.9336421137244926,0.6832657280501974,0.8021423902750453,0.8714395411631717,0.7345961371479568,0.8794015740660154,0.5651643890226024,0.6072669396673074,0.8263733533222815,0.9481064030957835,0.9371080797973689,0.8438247456606762,0.9086173135612573,0.9778374374589922,0.9719595298866284,0.6072669396673074,0.9699674755175896,0.8611214109887625,0.6072669396673074,0.9902500193731549,0.7025221590998445,0.9553711869766097,0.9864585667681779,0.5811184028996629,0.6072669396673074,0.928140213996858,0.802863574353461,0.924102065711728,0.5850377466068393,0.670951797583432,0.8232864604180834,0.7665483157130145,0.9563972237144258,0.7033362762738922,0.909036448706765,0.7457382913818859,0.9419102772903428,0.701553859869049,0.960121792118527,0.9786952688803996,0.6873076634306619,0.7197243312476425,0.9764465372762707,0.6072669396673074,0.7940478605104608,0.8448517914556947,0.7231053811617982,0.9030676093179741,0.6560223163233319,0.6129761647399181,0.8227685351068792,0.9567990636969239,0.5821149531111329,0.8749724943304518,0.8706662210952583,0.8048424200144324,0.960823261380771,0.8766060598396386,0.8936031902522541,0.6840330445493323,0.9395982191649277,0.9080590956512439,0.9786364242927295,0.8318449138148568,0.9641630208383514,0.8968599447908274,0.9601002018110192,0.9160634361285371,0.8270788083569673,0.7363601750214235,0.8707041703100615,0.8823438442399556,0.948945265676031,0.9250543837045146,0.7861434802120568,0.9529464534800507,0.8584628261955793,0.8190313752870151,0.959257839293019,0.8323930928014789,0.6664505426564933,0.7848405906968509,0.8556442452950651,0.9610970019164344,0.769084175825305,0.7790716828094797,0.8709441203954517,0.9365008126407708,0.6343387978193773,0.9792036158563305,0.9845519307319364,0.783171632131781,0.9365008126407709,0.6846816559767737,0.6404135188722152,0.9837171114810386,0.9061057581353456,0.8771292204695471,0.9492412835182771,0.8378325726442023,0.8721350978197817,0.5688839774019876,0.7424335870011465,0.926138075871473,0.7618770278422407,0.9486444067354802,0.9486444067354806,0.9920543208470206,0.9326468089069145,0.9725477528841157,0.9091861946326759,0.8615221719562453,0.6896518751097511,0.8981789948276747,0.9886784850300483,0.9027865373485819,0.6301488336401246,0.9338048841807998,0.6072669396673074,0.6620223134823309,0.6072669396673074,0.6072669396673074,0.6101411363808358,0.7402765290419473,0.8334615552938358,0.6072669396673074,0.897983682050127,0.6163578347700841,0.620950510929946,0.976680287673506,0.9293801993011366,0.8008807345978499,0.9929137794212606,0.7092585662107362,0.6368484761548752,0.9692974599391564,0.9547464674231003,0.774342207294928,0.8336897868247422,0.8793446097014782,0.9416651371048296,0.7938611469781547,0.9986689650262639,0.9549668724570902,0.8758902870387446,0.9241020657117283,0.8963321747496047,0.7381081220789001,0.9739071523531079,0.8982263051186592,0.9409069832673278,0.9154258444847002,0.7049878637564437,0.8944912810737837,0.7607892247800208,0.8359725460677725,0.7149615937253322,0.8794015740660154,0.6889416727523747,0.8749714078758027,0.8823584288555366,0.7132587572284492,0.9926106793150272,0.7557519997358104,0.977331784393773,0.9009246076843778,0.8861409394229204,0.9265482928623394,0.9432944166867201,0.7532517387413756,0.9780355065250286,0.9901199804948463,0.9707114672964413,0.8193695737064188,0.963802575289626,0.9071236054239793,0.9366408860297535,0.8630364988833326,0.836512529532327,0.6072669396673074,0.7197243312476425,0.9160634361285367,0.9988170690953835,0.9444524261068191,0.8707041703100611,0.9549668724570903,0.8325117940556779,0.8611645436049398,0.9786364242927295,0.5874225122514516,0.898712760153867,0.8090214167637935,0.8721714707818471,0.7397962504236504,0.6438373763687031,0.9399259548520489,0.963477899927254,0.9116877587266515,0.9074232144688463,0.9703889340495294,0.8972973656673969,0.8144258469000241,0.7309080138375679,0.9689605766139049,0.8617373334916857,0.9928493745457201,0.8791113128290239,0.8968599447908276,0.8366134476050211,0.975909124932167,0.8854275098287161,0.8868757850544169,0.9298180957821303,0.626241239715507,0.844033747821828,0.966560698767458,0.880789764654921,0.7928504571972904,0.9141734198710232,0.942224251653233,0.8262889350480855,0.9056829105482451,0.9070609765241839,0.7938611469781542,0.9474945410467233,0.8856329311700691,0.8468773793429285,0.9615896302219168,0.6476689942713076,0.9901199804948464,0.6072669396673074,0.8993208446579226,0.9276144109165836,0.9619963189496124,0.8630500500926087,0.6072669396673074,0.8741855857021749,0.8994310104775967,0.8002012539476728,0.6511297106481202,0.9929137794212606,0.9218034222685998,0.85009947964864,0.8192853501186693,0.9116107977387804,0.9830325856302404,0.9084884115079621,0.8109021643939754,0.6620223134823311,0.9015755417987579,0.9894686132337763,0.9119673511039381,0.8546313761016471,0.904059810594691,0.9923076720528001,0.8932444491995201,0.9901199804948464,0.8793492472178115,0.961777694184125,0.9685537534522769,0.702219643748164,0.9671566409236112,0.8936031902522542,0.9032953985475978,0.8707041703100611,0.9843907380918233,0.7081646539444504,0.5945359220183861,0.899862673688478,0.5699764394080673,0.5945359220183861,0.5945359220183861,0.7456491694750542,0.6072669396673074,0.918558209619452,0.6599630395336757,0.6072669396673074,0.9625134747891679,0.7790716828094795,0.9326468089069146,0.7033362762738922,0.9635780404756726,0.9422632192467122,0.626241239715507,0.9308988757379546,0.7161911235675482,0.8359725460677726,0.6842791344030867,0.6072669396673074,0.9580883280230452,0.9837171114810386,0.9104881504923736,0.9240160782412068,0.8324526832543317,0.8936031902522539,0.85586134664056,0.8665350367911274,0.9754189037734793,0.8905864504420853,0.6725252945719871,0.7909002310548197,0.911921254988219,0.7938611469781542,0.9518741919210325,0.8468773793429295,0.8721350978197822,0.9550566540378436,0.7033362762738924,0.9226615565812069,0.6574558645563553,0.6072669396673074,0.9335587141907045,0.992994865789665,0.939598219164928,0.882017995211721,0.720407424988208,0.9592578392930189,0.7550756959419711,0.6129761647399181,0.9565328116422495,0.7458121329016589,0.6072669396673074,0.6072669396673074,0.6510771326692562,0.49656175031102556,0.9592706344751649,0.8594578000049669,0.6361144970206678,0.8579874534000321,0.9332721950266079,0.6311504248527713,0.9409069832673278,0.737345921689369,0.6072669396673074,0.8556310205852875,0.7197243312476425,0.9040598105946911,0.8617373334916859,0.6769170045464781,0.817984998296416,0.6072669396673074,0.6072669396673074,0.64834899350137,0.9359245759999373,0.68297677010644,0.8540744816039603,0.8679634864173381,0.8378325726442022,0.8722057592922772,0.5981315066401864,0.6518215169313419,0.9844802223229759,0.6072669396673074,0.9966626187890886,0.6071169590155401,0.6203400068423763,0.9716904275615753,0.7491586165185105,0.9494504384419237,0.860090508862235,0.9926550694496732,0.8749714078758024,0.8293403990313049,0.6072669396673074,0.6166350306762118,0.9926550694496732,0.7626277832154539,0.7354838978799578,0.9594121945749923,0.8793492472178116,0.8165589652890666,0.8816241115933918,0.8886981112672732,0.6653441516245971,0.7122273667890335,0.918558209619452,0.9377454038018889,0.9619776763871523,0.7217652242119474,0.6091810569412324,0.9199989838706862,0.626241239715507,0.8828025748913082,0.9407149206516774,0.9116877587266515,0.9532102888873422,0.9040598105946912,0.833387661086038,0.9901199804948464,0.9668499345550761,0.8823438442399556,0.8038012476583976,0.7723089717944641,0.9685537534522768,0.9804836781759889,0.7164638075609713,0.8982263051186591,0.8280627180767612,0.8544735095381997,0.8664736771305537,0.961777694184125,0.9430320642249594,0.9231531580114694,0.9003799138380593,0.6236378890328069,0.8095372827747374,0.9446869483354496,0.6072669396673074,0.9756143728488357,0.9359245759999372,0.8856362593447298,0.8987127601538669,0.854546208486769,0.8844754883439766,0.8732661125600132,0.6072669396673074,0.7995210033129084,0.9565589062382254,0.8814105523204492,0.5764065788406474,0.6166350306762118,0.5806999758860911,0.7197243312476425,0.8062589548521943,0.7339058937117526,0.717932189422807,0.8401153423407486,0.9786364242927295,0.6978179181276567,0.9901199804948463,0.9683947100959854,0.9988170690953837,0.7549679910916895,0.8065417038201352,0.6339846852601467,0.536173288181518,0.9991414566130004,0.9335587141907045,0.5945359220183861,0.7170209335512838,0.9601269759436842,0.6938350976376451,0.7252573344649043,0.7913747637776183,0.6072669396673074,0.6998844770922241,0.9218426784830362,0.8937025093933766,0.6072669396673074,0.6664953264182212,0.942588024799521,0.6769170045464781,0.5548854994024475,0.5945359220183861,0.9396687107349411,0.9261484975243068,0.9651685883683507,0.8155166164378289,0.9728023336157612,0.8889414116790578,0.963602727231647,0.6072669396673074,0.9202465243964861,0.6072669396673074,0.8936031902522539,0.9855817954418449,0.7055028119584649,0.9040598105946911,0.9069907442427935,0.7928621546409751,0.7970163252860669,0.7421632666398206,0.6072669396673074,0.9966009831301439,0.8173528463979438,0.9547263290250128,0.9106566970470196,0.8546313761016477,0.8278073367121439,0.8172202569919274,0.8288878399988695,0.568641306224706,0.7272339666683894,0.9600757894851306,0.568641306224706,0.9925055456169973,0.8839713153825193,0.9973311064889934,0.568641306224706,0.9040598105946911,0.9984044428477474,0.9422632192467121,0.8414363266990204,0.9298843125247958,0.8749913198200939,0.9074232144688463,0.724496603474401,0.8971188061328659,0.8991831258758018,0.8022579854359009,0.8716759040414971,0.9298843125247958,0.925748439927257,0.9387189545230499,0.878713600627371,0.9784372240819139,0.8831063967877184,0.7711951291283392,0.866798065971178,0.8964283957444481,0.908617313561257,0.7381081220789001,0.9211863243849627,0.9116393289038394,0.9202465243964864,0.8875904151866757,0.8034453252915043,0.647668994271307,0.6994622780865298,0.9108692293992449,0.8359459819605578,0.9729526952913965,0.8553966797904407,0.5836291568541978,0.9774653076924176,0.8665350367911273,0.8288878399988695,0.6725252945719875,0.8197063029417279,0.8732805009979305,0.8470580936410483,0.7466247162709696,0.9807679816983774,0.886662101107528,0.9432270375673133,0.901868424151091,0.8507014378963611,0.9911831990324629,0.7614670317734427,0.9365530590695528,0.7731858290058296,0.7250953674113167,0.8440763557943252,0.8130811862681735,0.8981789948276746,0.8227725349212119,0.8195634341644094,0.9467391969089458,0.7212777238987409,0.7109035953750168,0.81552926753036,0.9467391969089458,0.9463692887291589,0.7466920732775407,0.8658104809579508,0.9858280840858753,0.6746985879974887,0.7189851767077435,0.9854612009140378,0.8676440874956147,0.842423659493923,0.7502668628603081,0.8033725658752577,0.6994622780865298,0.7633337495683348,0.9312512615789826,0.9231531580114691,0.8987127601538669,0.8467741137210337,0.8936031902522539,0.845311968938226,0.6620223134823309
p33_R,0.8312173911187126,0.9517441295565183,0.6138094444949616,0.9362456943690349,0.9582144552981327,0.9690033562225546,0.8583462338175076,0.8322437174658709,0.9208725034246266,0.9672758151492922,0.305152894515638,0.9568599156354454,0.9568599156354451,0.9362456943690349,0.9264564493231808,0.9057246972976492,0.9542468650366516,0.9436389526644002,0.965625,0.9672758151492922,0.9074725945748128,0.32152664978164625,0.9470055188469617,0.9596053879391779,0.33689100317770826,0.9436389526644,0.9542468650366516,0.9312607396704553,0.9672758151492922,0.8151543300838582,0.9383021271292233,0.950716529670402,0.9529828655437629,0.9332303128187658,0.9582144552981327,0.965625,0.1490201725853415,0.9529828655437629,0.9690033562225546,0.942546448360206,0.9172347260035334,0.9447456538980155,0.9690033562225546,0.9283593797331273,0.9542468650366518,0.87450538386682,0.11775954848708015,0.918138754358939,0.40169060016490543,0.9109895373928902,0.9625131050152524,0.876261827348312,0.9436389526644,0.9517441295565183,0.9529828655437629,0.941467276381333,0.941467276381333,0.9582144552981327,0.7847770412204684,0.2268615547293238,0.9227150661971699,0.861092113458608,0.9436389526644005,0.9172347260035334,0.964040252388596,0.8555748757838357,0.9625131050152522,0.8814987207179201,0.8184753916628578,0.965625,0.9352318345617441,0.942546448360206,0.9582144552981327,0.8574253737916122,0.9582144552981327,0.6319677171849858,0.9493347822888889,0.9505286850464207,0.7635098746985826,0.9690033562225546,0.9505286850464207,0.9458674971126173,0.9393458182324887,0.9436389526644002,0.9582144552981327,0.932241742150131,0.9493347822888889,0.839293063072188,0.6059690156007205,0.9568599156354449,0.9582144552981327,0.9541896299485404,0.861092113458608,0.8806288736252947,0.9393458182324887,0.9181387543589391,0.9519058911033429,0.6706738076877616,0.8518367404342477,0.8508940408143362,0.941467276381333,0.9610366993022685,0.9582144552981327,0.8832354238447049,0.6769170045464781,0.0,0.5498119605838785,0.8332650413138045,0.9481608601832734,0.8592642631772309,0.8979178384019253,0.9447456538980155,0.8412664651734412,0.538507266061247,0.11775954848708015,0.8217392653025242,0.9517441295565183,0.9656250000000002,0.9690033562225546,0.8832354238447049,0.9283593797331275,0.9057246972976494,0.9481608601832734,0.9383021271292231,0.9436389526644002,0.7988008809007465,0.1490201725853415,0.8858340936764979,0.9568599156354454,0.9302869180633684,0.8953282497576125,0.9610366993022685,0.9625131050152524,0.9690033562225546,0.9542468650366516,0.9088679893884184,0.9005120111662777,0.9625131050152524,0.08301287652694123,0.9555383641697377,0.7861013304270679,0.04802371343395373,0.8555748757838357,0.8944656454039723,0.9074725945748126,0.9264564493231808,0.9118739328932484,0.8700853537305533,0.942546448360206,0.827060148923404,0.9672758151492922,0.9227150661971699,0.7099187434240761,0.9022452837148789,0.9625131050152524,0.9425464483602062,0.913649887598424,0.9293199127017768,0.707776221292472,0.9057246972976494,0.8412664651734412,0.9610366993022685,0.9458674971126173,0.8373021566360079,0.5935012569881961,0.9312607396704551,0.8858340936764979,0.5846688068540971,0.9393458182324887,0.8727426055411924,0.9362456943690349,0.2031772652664633,0.9414672763813332,0.8700853537305534,0.7141183525888175,0.8996466204791784,0.9656250000000002,0.8936031902522537,0.9342268638258988,0.906597867618917,0.9274049943645879,0.9083489988323226,0.9414672763813328,0.9568599156354451,0.8841024249642824,0.7141183525888184,0.8832354238447049,0.9190462651000917,0.9517441295565182,0.9372689456075765,0.9555383641697375,0.9208725034246268,0.7650180104070299,0.827060148923404,0.9227150661971699,0.9582144552981327,0.9596053879391782,0.9555383641697377,0.9181387543589388,0.7459031338420239,0.9109895373928902,0.9568599156354451,0.9582144552981327,0.6820709685360269,0.827060148923404,0.9672758151492922,0.9582144552981327,0.8629094882524135,0.9302869180633684,0.9065978676189168,0.8823675467067157,0.9217916370027818,0.9568599156354451,0.9582144552981327,0.8814987207179201,0.9582144552981325,0.777991703255195,0.8674107520354712,0.8647169462584842,0.9582144552981327,0.698903104201752,0.9582144552981327,0.7573308431791724,0.9236430180495616,0.9312607396704553,0.6632614409621944,0.9610366993022685,0.8117728822598584,0.9555383641697375,0.351347550686809,0.9493347822888891,0.9227150661971699,0.8291493513794035,0.9332303128187656,0.9625131050152524,0.9172347260035337,0.910107340129978,0.9199574485923747,0.9154363928771068,0.5069074692287098,0.9302869180633684,0.9542468650366516,0.947442779108449,0.9555383641697377,0.9582144552981327,0.9199574485923747,0.9582144552981327,0.8432230388608029,0.9302869180633684,0.9625131050152524,0.9404006431802039,0.8117728822598583,0.9596053879391782,0.9293199127017768,0.3368910031777078,0.9118739328932484,0.9505286850464207,0.8858340936764979,0.9610366993022685,0.8944656454039726,0.8944656454039726,0.8718586682882639,0.9568599156354449,0.964040252388596,0.8592642631772309,0.9690033562225546,0.8629094882524138,0.7845111847199955,0.9447456538980155,0.8936031902522537,0.9367687566679366,0.9625131050152524,0.8753843628690847,0.7938344767596348,0.8117728822598584,2.220446049250313e-16,0.8592642631772309,0.9293199127017768,0.9458674971126175,0.9190462651000917,2.220446049250313e-16,0.8780124908814333,0.8470883271446172,0.964040252388596,0.9163339973465923,0.9362456943690349,0.9610366993022685,0.9332303128187656,0.8412664651734412,0.22686155472932423,0.9610366993022685,0.9610366993022685,0.7925699855750041,0.965625,0.7925699855750041,0.8806288736252947,0.6353764027835573,0.8718586682882639,0.965625,0.9582144552981327,0.942546448360206,0.9555383641697377,0.9625131050152524,0.8373021566360079,0.9163339973465923,0.9610366993022685,0.942546448360206,0.9312607396704553,0.7737814949433295,0.9255134534695351,0.9048529663349028,0.9030333503116557,0.7988008809007466,0.864716946258484,0.9346991012692377,0.967275815149292,0.9208725034246268,0.9672758151492922,0.4851705698920621,0.9302869180633684,0.9255134534695351,0.9610366993022685,0.9582144552981327,0.9625131050152524,0.9199574485923749,0.9436389526644005,2.220446049250313e-16,0.964040252388596,0.9568599156354451,0.9582144552981327,0.3368910031777078,0.965625,0.9690033562225546,0.5325898779206594,0.7635098746985824,0.9458674971126173,0.9625131050152522,0.8629094882524138,0.755747894770402,0.9481608601832734,0.9529828655437631,0.8691958391075136,0.9610366993022685,0.9332303128187658,0.7779917032551948,0.9517441295565183,0.9264564493231806,0.9690033562225546,0.8071644882517874,0.9332303128187658,0.8173748798116494,0.24868536270712194,0.9568599156354449,0.9352318345617441,0.9057246972976494,0.8412664651734412,0.842246813951878,0.7694592477206295,0.9582144552981327,0.8797579337068848,0.932241742150131,0.9342268638258988,0.49268176173944034,0.967275815149292,0.8727426055411924,0.9582144552981327,0.9582144552981327,0.942546448360206,0.9208725034246268,0.9216020313541384,0.9582144552981325,0.9672758151492922,0.9582144552981327,0.9362456943690349,0.5935012569881961,0.827060148923404,0.9582144552981327,0.9372689456075765,0.9493347822888889,0.7509020511212644,0.7820963185522347,0.9582144552981327,0.6483545622521333,0.9312607396704553,0.8162678987494558,0.8184753916628578,0.45202578957206085,0.8927407985750284,0.9610366993022685,0.8322437174658706,0.9582144552981327,0.7938344767596347,0.9436389526644002,0.703401904747305,0.8601795328531072,0.9596053879391779,0.752533849186763,0.9529828655437631,0.9582144552981327,0.9145417437978427,0.8392930630721879,0.9582144552981327,0.9372689456075765,0.8312173911187126,0.7354031975062649,0.7737814949433295,0.8373021566360079,0.9582144552981327,0.8184753916628578,0.8814987207179201,0.964040252388596,0.7182088539361106,0.7737814949433295,0.9236430180495616,0.9245757305468909,0.9145417437978427,0.11775954848708015,0.9163339973465923,0.906597867618917,0.9470055188469617,0.8788858297250928,0.8961910905435388,0.6769170045464781,0.9470055188469617,0.08301287652694123,0.9436389526644005,0.9582144552981327,0.965625,0.9190462651000917,0.8461277862534458,0.9505286850464207,0.4232320307761679,0.9555383641697377,0.8342814558669874,0.9596053879391779,0.9555383641697377,0.9505286850464207,0.9582144552981327,0.9517441295565183,0.6544809036450439,0.9208725034246268,0.965625,0.8736248211051396,0.9672758151492922,0.9517441295565183,0.9470055188469617,0.7900123156320648,0.9493347822888889,0.9672758151492922,0.7912959918600064,0.9312607396704551,0.9109895373928902,0.9447456538980155,0.9493347822888889,0.6168592556746881,0.9610366993022685,0.9332303128187656,0.9172347260035332,0.6603867331027351,0.9458674971126175,0.9172347260035334,0.9505286850464207,0.9383021271292233,0.9040056117932131,0.8129069456777991,0.9217916370027819,0.9542468650366516,0.8470883271446172,0.6175994786481587,0.9362456943690349,0.9458674971126175,0.9470055188469617,0.7709128636729368,0.9505286850464205,0.7549160044072432,0.9458674971126173,0.5069074692287099,0.797572676765083,0.9610366993022685,0.8727426055411924,0.7650180104070299,0.932241742150131,0.9172347260035332,0.9656250000000002,0.777991703255195,0.9109895373928902,0.964040252388596,0.9312607396704553,0.9542468650366518,0.9542468650366516,0.9625131050152524,0.9656250000000002,0.9383021271292231,0.7604502711739276,0.9283593797331273,0.2031772652664633,0.9568599156354451,0.8546450937171788,0.9236430180495616,0.9542468650366516,0.8944656454039724,0.9582144552981327,0.04407004266351722,0.9582144552981327,0.9582144552981327,0.8508940408143364,0.9470055188469617,0.9332303128187658,0.9582144552981327,0.8432230388608029,0.8665150422521173,0.9302869180633684,0.8788858297250928,0.6483545622521334,0.7847770412204684,0.9208725034246268,0.9199574485923749,0.8683043280893405,0.9529828655437629,0.9065978676189169,0.964040252388596,0.932241742150131,0.8173748798116494,0.8814987207179199,0.4428495116517701,0.9529828655437629,0.9555383641697377,0.8059936873009328,0.964040252388596,0.5977568285657049,0.11775954848708015,0.918138754358939,0.9493347822888889,0.9447456538980155,0.9470055188469617,0.8753843628690847,0.45202578957206097,0.9227150661971699,0.9470055188469617,0.934226863825899,0.9610366993022685,0.9493347822888891,0.9596053879391779,0.5136536850193718,0.8823675467067158,0.8683043280893405,0.9625131050152524,0.8823675467067158,0.9542468650366516,0.810631735747056,0.6213072444249826,0.9568599156354454,0.8162678987494556,0.9393458182324887,0.9690033562225546,0.7847770412204684,0.8736248211051396,0.9199574485923747,0.7874151753009926,0.9493347822888889,0.9236430180495616,0.9031133691845501,0.9582144552981327,0.08301287652694123,0.9312607396704553,0.9582144552981327,0.8858340936764979,0.9493347822888889,0.9555383641697377,0.43326248910981524,0.752533849186763,0.9470055188469617,0.8392930630721882,0.9672758151492922,0.7975726767650831,0.9505286850464207,0.8901531678626451,0.9555383641697377,0.9529828655437629,0.8537121927533946,0.9302869180633684,0.9458674971126175,0.809483376444649,0.9013781987087914,0.7793713361793848,0.8875631490366902,0.9332303128187658,0.861092113458608,0.698903104201752,0.9383021271292231,0.9672758151492922,0.9481608601832734,0.9596053879391779,0.7407406669265033,0.9199574485923747,0.9118739328932484,0.9568599156354449,0.7950896414683806,0.7372025494796415,0.9690033562225546,0.9005120111662772,0.9610366993022685,0.932241742150131,0.4999218811025572,0.9447456538980152,0.9190462651000915,0.4428495116517701,0.9481608601832734,0.9163339973465923,0.9505286850464207,0.9568599156354451,0.08301287652694123,0.9690033562225546,0.9582144552981327,0.9332303128187658,0.8892901999095577,0.7834421060580531,0.9342268638258988,0.9582144552981325,0.9039825606517027,0.8555748757838357,0.9227150661971699,0.9362456943690349,0.5655745286057905,0.9109895373928902,0.9022452837148789,0.8238849154998196,0.9404006431802039,0.9227150661971699,0.8771378467726847,0.910107340129978,0.04407004266351722,0.5705409261013937,0.941467276381333,0.9610366993022685,0.98145106467318,0.9690033562225546,0.9404006431802037,0.9555383641697375,0.9690033562225546,0.9517441295565183,0.9414672763813328,0.9582144552981327,0.8700853537305534,0.6387170605760057,0.965625,0.9582144552981327,0.9493347822888889,0.8094833764446474,0.8373021566360079,0.9568599156354449,0.9625131050152524,0.9542468650366516,0.9568599156354449,0.9568599156354449,0.9332303128187656,0.9582144552981327,0.9542468650366516,0.9236430180495617,0.9582144552981327,0.9458674971126173,0.910107340129978,0.9656250000000002,0.11775954848708015,0.964040252388596,0.9596053879391782,0.9568599156354449,0.7950896414683805,0.8832354238447049,0.9470055188469617,0.8691958391075136,0.9582144552981327,0.9236430180495618,0.9610366993022685,0.9458674971126173,0.8301859677307104,0.5442448399003639,0.9656250000000002,0.9596053879391779,0.9481608601832734,0.9302869180633684,0.9481608601832734,0.17734708868199078,0.9302869180633684,0.9352318345617441,0.9383021271292231,0.7407406669265031,0.9505286850464205,0.965625,0.942546448360206,0.11775954848708015,0.9236430180495618,0.8700853537305533,0.9582144552981327,0.9582144552981327,0.6452038871546906,0.9672758151492922,0.8665150422521173,0.24868536270712183,0.9505286850464207,0.8555748757838357,0.9555383641697377,0.8281074447167713,0.8228150438933353,0.9582144552981327,0.9582144552981327,0.9293199127017768,0.752533849186763,0.9199574485923747,0.8402819095372958,0.8727426055411924,0.8480451455932454,0.7389815511680626,0.8352930530354636,0.9447456538980155,0.8461277862534458,0.9582144552981327,0.9181387543589388,0.08301287652694123,0.9690033562225546,0.861092113458608,2.220446049250313e-16,0.861092113458608,0.9582144552981327,0.9582144552981327,0.8140340532964885,0.9582144552981327,0.8206574710503438,0.32152664978164647,0.8823675467067158,0.9172347260035336,0.9404006431802039,0.5846688068540971,0.863814422100184,0.8771378467726845,0.9582144552981325,0.9302869180633686,0.8499479257057734,0.1490201725853415,0.965625,0.9065978676189168,0.842246813951878,0.9264564493231808,0.932241742150131,0.9596053879391779,0.703401904747305,0.9582144552981327,0.8574253737916122,0.932241742150131,0.9172347260035336,0.671592383614509,0.8892901999095579,0.9517441295565183,0.9217916370027819,0.7141183525888184,0.964040252388596,0.891878386060835,0.8866989102900564,0.9542468650366518,0.9672758151492922,0.9362456943690349,0.9436389526644002,0.8461277862534455,0.9625131050152524,0.9568599156354449,0.6632614409621942,0.9414672763813328,0.9302869180633686,0.9352318345617441,0.9690033562225546,0.9302869180633686,0.9690033562225548,0.9690033562225546,0.5705409261013937,0.934226863825899,0.9145417437978427,0.9582144552981327,0.9672758151492922,0.32152664978164625,0.9493347822888889,0.7509020511212644,0.9529828655437631,0.9568599156354451,0.9414672763813328,0.9127606676606761,0.9596053879391782,0.809483376444649,0.932241742150131,0.8546450937171788,0.836299923476612,0.9582144552981327,0.9109895373928902,0.9582144552981327,0.827060148923404,0.9672758151492922,0.9447456538980155,0.9458674971126177,0.7099187434240761,0.9582144552981327,0.839293063072188,0.7847770412204684,0.9458674971126177,0.8402819095372958,0.8574253737916122,0.8461277862534455,0.08301287652694123,0.8537121927533953,0.7298781721393242,0.8402819095372958,0.788718772853704,0.9470055188469617,0.7335830161959275,0.9690033562225546,0.9470055188469617,0.9582144552981327,0.5891401655413022,0.942546448360206,0.8674107520354712,0.9199574485923749,0.7793713361793848,0.9582144552981327,0.9568599156354449,0.8700853537305533,0.8858340936764979,0.5977568285657053,0.8162678987494556,0.796335651949913,0.9582144552981327,0.8260073636615606,0.6942728322121243,0.9362456943690349,0.9582144552981327,0.8683043280893405,0.9529828655437629,2.220446049250313e-16,0.9470055188469617,0.9568599156354449,0.8736248211051396,0.9436389526644003,0.5935012569881961,0.9414672763813328,0.9245757305468909,0.9470055188469617,0.7766003415235199,0.9582144552981327,0.9404006431802039,0.9582144552981327,0.9656250000000002,0.8629094882524138,0.9048529663349028,0.9690033562225546,0.9393458182324887,0.8373021566360079,0.9217916370027819,0.46082072952098563,0.9582144552981327,0.8620020752690568,0.8527760996057681,0.7202148985912618,0.9383021271292231,0.9302869180633686,0.9625131050152524,0.9383021271292236,0.9372689456075762,0.9312607396704553,0.9118739328932484,0.7963356519499131,0.9312607396704553,0.9362456943690349,0.9625131050152524,0.6353764027835573,0.9312607396704553,0.9690033562225546,0.9436389526644002,0.9596053879391779,0.6353764027835573,0.9568599156354451,0.937268945607576,0.9458674971126175,0.9109895373928902,0.5069074692287105,0.9470055188469617,0.9293199127017768,0.942546448360206,0.9568599156354451,0.9493347822888889,0.8451634443215716,0.46082072952098607,0.9190462651000915,0.8629094882524135,0.9274049943645877,0.9245757305468911,0.942546448360206,0.9596053879391782,0.11775954848708015,0.9190462651000915,0.9127606676606757,0.42323203077616856,0.9404006431802039,0.9181387543589388,0.08301287652694123,0.04407004266351722,0.8961910905435388,0.9393458182324887,0.8901531678626451,0.932241742150131,0.44284951165177,0.8788858297250928,0.9481608601832734,0.9372689456075762,0.17734708868199078,0.8656171299593258,0.8996466204791784,0.5201744503055977,0.918138754358939,0.876261827348312,0.964040252388596,0.9332303128187656,0.8979178384019253,0.9436389526644,0.9542468650366516,0.43326248910981524,0.9172347260035334,0.8944656454039723,0.8024341677705487,0.305152894515638,0.8718586682882636,0.9568599156354451,0.9039825606517029,0.8537121927533957,0.9610366993022685,0.1490201725853415,0.9065978676189168,0.9404006431802034,0.9610366993022685,0.9163339973465923,0.8875631490366904,0.8565016117177142,0.9555383641697377,0.2268615547293249,0.8620020752690567,0.9458674971126175,0.9199574485923747,0.9610366993022685,0.8841024249642824,0.3649841007441661,0.04407004266351722,0.9118739328932484,0.9447456538980155,0.9596053879391782,0.9672758151492922,0.9057246972976492,0.9656250000000002,0.8508940408143366,0.04407004266351722
p34_E,0.7629698998716457,0.79040433619954,0.6919286762523273,0.9742054644591542,0.9471856021934963,0.6468113578804158,0.9767340386921296,0.9759808153561043,0.8242345650097707,0.9273099638694315,0.5932184434069169,0.9041731885624824,0.9041731885624826,0.3882648875166087,0.9881260137273892,0.790586833838097,0.8065441857163136,0.9093644292573353,0.7891506066595859,0.671683336810266,0.8159437393068667,0.7076345599008779,0.890425721651933,0.9515217879472728,0.6850368406642396,0.8748055425712822,0.5483430787489745,0.8736330304641178,0.7218091742253039,0.7928353612646913,0.8629508839222022,0.960900739115506,0.895561120377129,0.8516848931219241,0.9071820194155724,0.980621523520154,0.6359772303187252,0.49227473833339475,0.931147340525424,0.4903402144400618,0.8392043814442112,0.8772638514038553,0.931147340525424,0.8408651185851417,0.9721405797402527,0.7612220266073089,0.5749828502705504,0.81816210455695,0.7634606499829755,0.8022815916598935,0.9167305843279034,0.6430652265162952,0.8748055425712822,0.892809523535838,0.8955611203771285,0.9297539537367778,0.8998677823831451,0.907182019415572,0.8881350013229262,0.68256586823724,0.828327438678591,0.7450853884177684,0.9056384037386236,0.8161539917768372,0.9660244666247457,0.9092640503019207,0.9167305843279034,0.7934976884069913,0.7684184146338305,0.7891506066595863,0.26200460385458213,0.8723787692931402,0.9071820194155724,0.6832998353459117,0.907182019415572,0.972582002732241,0.8874576548572417,0.9245544567587658,0.9068421639622342,0.6468113578804167,0.924554456758766,0.8651106674996402,0.6701902994928786,0.8748055425712828,0.907182019415572,0.298901691613645,0.9886846011677117,0.6430226419692497,0.9265234880779414,0.9041731885624824,0.907182019415572,0.40604752333314864,0.7721487960046929,0.7348416307782748,0.9233367877012704,0.8181621045569503,0.39779186380044473,0.9907874554041505,0.670885837487122,0.6863607196674206,0.980587532202323,0.7028743744164115,0.4527606561376474,0.7456326656661101,0.938213308790421,0.5498119605838785,0.0,0.6296326332826521,0.8848500287036507,0.6873845493423212,0.5363066898525057,0.8719604375756268,0.8731816458833499,0.6445832082026524,0.617613358319171,0.8959749927118634,0.8608012562583442,0.9236430180495618,0.983902503224694,0.7786860480936779,0.8919054729924265,0.5510833567295232,0.5857799643645218,0.7647496549144361,0.9093644292573355,0.5530775998398336,0.6359772303187252,0.8809236519249313,0.8237303382748608,0.8451467479521528,0.7674932670842551,0.9134510531460027,0.9507589513092888,0.931147340525424,0.9352547073163471,0.6942120291199723,0.77900792530438,0.9065887965216864,0.5973977130084658,0.9012376341940858,0.8715803283610033,0.5714316619801889,0.6791893351865192,0.7754050810798815,0.5613012214286333,0.8366381506443359,0.9370217966662873,0.7114213730823675,0.8723787692931402,0.7476935202747099,0.8721866864704171,0.8283274386785904,0.5069078966332368,0.8036549056462232,0.9507589513092889,0.9027254843534638,0.7882786378743878,0.7961164254412035,0.9663065342367734,0.5510833567295234,0.7447367427482403,0.9987120692432441,0.8013272831316129,0.6386002534074322,0.8924172972222855,0.6262273399505058,0.7848381540876626,0.722838214875685,0.9233367877012701,0.8092714200524824,0.7788919388116393,0.6682466393247695,0.8699816110295122,0.8321588758198861,0.9475920869101211,0.8129996186667867,0.7891506066595855,0.8034114411854589,0.9010359947499023,0.8231055329218933,0.8640175704156152,0.8180143344982862,0.95070136084869,0.9041731885624826,0.7425574095970389,0.4589436578185725,0.7786860480936779,0.8435746106182995,0.8928095235358379,0.9737022133993574,0.9012376341940858,0.8242345650097711,0.5133239249489021,0.6330512763459781,0.8283274386785906,0.907182019415572,0.9102716897738727,0.6447298230037259,0.81816210455695,0.7779432019989965,0.8682541654104734,0.9041731885624826,0.907182019415572,0.8655596597411311,0.6330512763459781,0.9273099638694315,0.907182019415572,0.7672733814979331,0.897236612208085,0.8779415274574112,0.833538234622154,0.9939920529863588,0.9430441133000049,0.907182019415572,0.7367738169237664,0.9071820194155719,0.9176509901412544,0.8411806880694256,0.7599238835046762,0.907182019415572,0.9770091497622002,0.907182019415572,0.7810957820594363,0.8547555948174324,0.3103496791597423,0.9627597460625128,0.9586574227081354,0.5818922288911461,0.9012376341940858,0.4683146028231636,0.8874576548572419,0.8334367410988699,0.7065771346248255,0.9329979999629742,0.960900739115506,0.8161539917768373,0.8003219721549926,0.9891725552066309,0.8924172972222855,0.8423140665122539,0.8451467479521524,0.8983688348924415,0.40242823847059894,0.9012376341940862,0.907182019415572,0.8222019591825747,0.907182019415572,0.7565840922673281,0.555819813104626,0.9167305843279034,0.8676123050779097,0.5818922288911461,0.9102716897738727,0.8429987447247771,0.7512080915307178,0.42122897424633743,0.9589992496040742,0.746403954952755,0.9134510531460027,0.515960266015917,0.7655771691915652,0.7153604261056554,0.9041731885624824,0.9660244666247457,0.7603173895009223,0.931147340525424,0.7852213103712282,0.8749609547377055,0.8772638514038555,0.7636614027202091,0.46044465824255143,0.9167305843279034,0.7231920303957065,0.8539697361802796,0.8002788771935384,0.5498119605838785,0.6873845493423212,0.8992263768223521,0.9116474872122646,0.6650955739310918,0.5498119605838785,0.76640117178067,0.7127766719187458,0.9421722554388531,0.9285789674408109,0.8625977355177169,0.4897218341733086,0.8516848931219239,0.6474061482565616,0.6825658682372402,0.9134510531460027,0.9560815611946234,0.5392369493111735,0.5976796897990184,0.8218403738561657,0.7348416307782746,0.9758122660407357,0.7893467639461833,0.9806215235201541,0.8928000666948084,0.993765629534435,0.4177135516026318,0.641567867796071,0.6559068674297326,0.837038360365916,0.9586574227081355,0.9330721994137876,0.8473098920648876,0.6725093170111651,0.8345434795933919,0.7886504630631694,0.6598450818292734,0.6391642586230128,0.6994965616657167,0.4709260853599533,0.9273099638694313,0.8955315735658567,0.7719350116403417,0.8522540848698109,0.8711916800801192,0.9174216098332961,0.9134510531460027,0.907182019415572,0.9167305843279032,0.7062343267904393,0.8476987069226548,0.5498119605838785,0.9201228276565452,0.784859413537338,0.907182019415572,0.7512080915307178,0.9236430180495621,0.983902503224694,0.7878564872950752,0.8987809414741528,0.8651106674996404,0.9167305843279034,0.6954816660047511,0.653420990567356,0.751208091530718,0.895561120377129,0.6166111355110643,0.9134510531460027,0.8516848931219241,0.6289289338226841,0.8928095235358378,0.8366381506443354,0.9633423340760361,0.5716556308374774,0.5831077012259329,0.5943359125550993,0.6221148235967855,0.9041731885624824,0.8407282047804401,0.9333393751096147,0.6474061482565616,0.6495837911359861,0.48790120550876137,0.907182019415572,0.7329070171454051,0.8494889870069657,0.87380649704601,0.6182551871309161,0.9273099638694313,0.717323910639974,0.907182019415572,0.907182019415572,0.8723787692931402,0.8242345650097711,0.5511479208991397,0.9071820194155719,0.7719350116403418,0.9471856021934963,0.9463035322237947,0.9378670414717092,0.7534620103364003,0.9728072322506559,0.7154203807144736,0.7413768753377016,0.6437300332296663,0.6898144290241501,0.907182019415572,0.9259857532324007,0.7841661703458878,0.5918769821409802,0.665435649623259,0.687158798361186,0.6840021804616541,0.9134510531460027,0.6273639727263713,0.907182019415572,0.5420457560184124,0.8168658457553144,0.9525369059360134,0.9536283270597784,0.9102716897738727,0.70062793443765,0.6723230151832413,0.907182019415572,0.810172086506356,0.7123650747792136,0.907182019415572,0.9171790486927811,0.8406087134242327,0.9852732237410156,0.4975021874191333,0.6386002534074322,0.907182019415572,0.8370735913075448,0.9258533885345157,0.9421722554388531,0.691715031197254,0.7950143077255871,0.8547555948174324,0.8324605212725527,0.6933024587304557,0.617613358319171,0.8599235121346396,0.7925264018514981,0.7930154634606785,0.7497090834237592,0.8079023847635977,0.7593381356967993,0.914753761965559,0.5973977130084658,0.6627015399186135,0.907182019415572,0.9236430180495621,0.7118888896882927,0.8153355255449328,0.9589992496040742,0.6906505273897137,0.901237634194086,0.9945221784055336,0.8834778193591263,0.901237634194086,0.9376663718600012,0.5727714044714185,0.998404903624045,0.9120884567722661,0.7717490531724112,0.9236430180495621,0.7192835707968517,0.9273099638694315,0.9663966363465524,0.7930154634606794,0.9130641284686849,0.808861506211348,0.9273099638694315,0.9165741488102139,0.8736330304641178,0.8238738237534872,0.8772638514038553,0.8874576548572419,0.9420161838039322,0.8307658985622732,0.8516848931219239,0.9083555504463323,0.9800310933206047,0.7694355909475995,0.9083555504463323,0.8901096639134578,0.8629508839222022,0.6201110472631975,0.5844113171801448,0.5747386902994882,0.9172018029880306,0.8176535848750561,0.7406958943957201,0.8583829421286902,0.8797557950282511,0.8822836759018076,0.49113011393154815,0.8901096639134578,0.9345720053392452,0.8797557950282511,0.8423140665122528,0.5675755951941179,0.532352342221929,0.988444059239999,0.9720680982117443,0.6448679784240217,0.8161539917768372,0.9236430180495618,0.8381997381470196,0.9122358812441933,0.7126640605978503,0.9947512775397305,0.5483430787489746,0.7696583132924084,0.9167305843279034,0.9236430180495618,0.5356422941985214,0.6806052427881686,0.8408651185851415,0.5905047898497244,0.9430441133000049,0.6771240158416003,0.9034893992932864,0.8983688348924415,0.5758321464152936,0.907182019415572,0.5749591436932455,0.907182019415572,0.907182019415572,0.668791824458403,0.8822836759018078,0.7715101697766475,0.907182019415572,0.6517522736887217,0.7034906615444347,0.8711916800801189,0.6506344161520059,0.9675794980203046,0.7821935007013864,0.8192803922098016,0.8222019591825749,0.707465191475404,0.8955611203771288,0.8138801832529763,0.9201228276565452,0.8494889870069657,0.6286597399948393,0.7367738169237661,0.7647496549144359,0.8955611203771285,0.9769097246611171,0.5690549376862908,0.7126640605978501,0.44503973134886166,0.5749828502705504,0.7870841000502863,0.8874576548572417,0.8092665098204973,0.914753761965559,0.7231920303957069,0.3480198101217269,0.8283274386785908,0.8822836759018073,0.8811280236189605,0.9134510531460027,0.8874576548572419,0.5534770339719254,0.5383415469883333,0.7387037348974259,0.9073749583369006,0.9167305843279034,0.8525051345670998,0.8983688348924417,0.8368143194923114,0.6802225569957248,0.7459884887998158,0.59187698214098,0.894303008215138,0.805076845978226,0.521926528615317,0.7377195108893602,0.8222019591825747,0.545107370837489,0.9438307679586413,0.8303886925795054,0.9102013285153332,0.907182019415572,0.5973977130084658,0.9526024456618092,0.9071820194155726,0.9001407514923851,0.8874576548572417,0.901237634194086,0.35081872514542467,0.5933466420870862,0.8904257216519325,0.6430226419692497,0.9273099638694318,0.5503493973374869,0.8901096639134576,0.7559978886160064,0.901237634194086,0.7803519812931491,0.8514918351487013,0.738134338000389,0.8651106674996403,0.9768695744164378,0.8016259076809484,0.5273390631965689,0.7502446952852511,0.7715101697766475,0.6914447422424861,0.6386488588887235,0.862950883922202,0.7218091742253039,0.9510212795701292,0.9102716897738727,0.6779786424532888,0.8929365162866223,0.804246094096486,0.9041731885624824,0.5448338458805333,0.5437523933575761,0.931147340525424,0.8613822234172743,0.9586574227081354,0.8045447261826573,0.626227339950507,0.8772638514038555,0.8201779527396991,0.42108861384056595,0.8848500287036507,0.814153208597192,0.8901096639134571,0.9041731885624824,0.5532275582208632,0.8050768459782259,0.907182019415572,0.8516848931219239,0.9925211410078733,0.8384469539407671,0.4925935291915191,0.9071820194155719,0.7867170361237772,0.6836806844939087,0.8283274386785906,0.8862848743640492,0.8905774007658872,0.4280383812500086,0.782858033252271,0.7554459736614593,0.8967945389048221,0.9491259459009258,0.7270870337056001,0.7625521864647336,0.5749591436932455,0.23467061276345458,0.959640125090411,0.873396406610894,0.7641792701283548,0.9105871713767657,0.8676123050779094,0.4555495968361478,0.983902503224694,0.8928095235358378,0.6518396473123598,0.5727714044714182,0.7479349531701873,0.9790054354914803,0.9236430180495621,0.9071820194155724,0.9549422857308887,0.5768065633142001,0.6386002534074322,0.9041731885624824,0.9167305843279034,0.8983688348924415,0.9041731885624824,0.9041731885624824,0.8516848931219237,0.907182019415572,0.8983688348924415,0.8303886925795055,0.907182019415572,0.6418688222115456,0.7188396023267061,0.9236430180495618,0.617613358319171,0.9201228276565452,0.9102716897738727,0.9041731885624824,0.5448338458805332,0.7406315451944607,0.8822836759018076,0.7094454995691724,0.907182019415572,0.779740871613664,0.7028743744164113,0.8797557950282511,0.6227931055442251,0.4792611592035184,0.8370183358747277,0.7184774266655264,0.8848500287036507,0.8423140665122537,0.7842937169639572,0.6527785700272668,0.8451467479521528,0.5375872709621331,0.9938570156303512,0.9774837056904222,0.7998872004787685,0.9327537943050117,0.8545007951639467,0.617613358319171,0.6335394581861024,0.7661917432140972,0.907182019415572,0.8127929011389603,0.9016761381845098,0.9273099638694315,0.7174852025924847,0.6221148235967855,0.9934440424493824,0.7322835002131505,0.901237634194086,0.6698034283889505,0.606420116499619,0.907182019415572,0.907182019415572,0.8429987447247775,0.5754664266953258,0.3997179126728986,0.7821935007013863,0.7724924162874789,0.8125150206847902,0.6019374320939705,0.6686980903314257,0.8719604375756267,0.7105815563167797,0.907182019415572,0.8181621045569498,0.5973977130084658,0.931147340525424,0.6648675036541289,0.5498119605838785,0.6914447422424863,0.907182019415572,0.907182019415572,0.5869149545938588,0.772789318361037,0.7218135874202438,0.6738922444640548,0.7302230666440963,0.9314059401137063,0.8676123050779097,0.6997878252083116,0.7154749470211297,0.6766476735983838,0.9071820194155719,0.6599995416164908,0.6666902246251636,0.6359772303187252,0.9236430180495618,0.8138801832529765,0.7365050779570207,0.8629575597071923,0.5916423958378101,0.9102716897738727,0.990195958698812,0.907182019415572,0.6832998353459117,0.7779319348895514,0.8161539917768372,0.571134065301505,0.9535368524032443,0.8928095235358378,0.8262762309308547,0.3649728060701981,0.920122827656545,0.7598301054834913,0.7483249669251761,0.8983688348924415,0.9774358012844695,0.8583829421286902,0.8748055425712828,0.6582045717027027,0.9167305843279034,0.9041731885624824,0.9966256771555819,0.869981611029512,0.6599995416164903,0.8561308614012544,0.931147340525424,0.6079096773605582,0.9311473405254242,0.931147340525424,0.6354997696863911,0.8538985259150682,0.8101720865063555,0.9071820194155724,0.9724383613004927,0.7413768753377012,0.8874576548572419,0.44668021566764504,0.8955611203771292,0.9041731885624826,0.8699816110295118,0.8062157927330313,0.9102716897738727,0.7880402480717077,0.8494889870069657,0.6771240158416001,0.6363739988834406,0.907182019415572,0.40604752333314864,0.9071820194155724,0.615849742918775,0.9273099638694315,0.8772638514038553,0.8797557950282513,0.5825397252775363,0.907182019415572,0.6430226419692497,0.521926528615317,0.8797557950282511,0.6452191607092621,0.6832998353459117,0.6582045717027027,0.5973977130084658,0.7103397818370576,0.9700545573574973,0.6452191607092623,0.617215343633654,0.46831460282316384,0.4082095469493041,0.6468113578804162,0.7605453773969275,0.8527964839168843,0.8654546666406762,0.8723787692931402,0.7054802963301932,0.8222019591825747,0.5099188683316388,0.9071820194155722,0.9041731885624824,0.7114213730823675,0.9461224519679847,0.4901784090546061,0.59187698214098,0.5476016015124903,0.907182019415572,0.613511197311907,0.9788362780180855,0.41616681975196834,0.907182019415572,0.707465191475404,0.888380947403056,0.5498119605838785,0.8822836759018078,0.9041731885624824,0.8566898070754564,0.8748055425712831,0.5288193432268964,0.8311566754341574,0.8816232583814045,0.9228958077156839,0.5212226693434325,0.907182019415572,0.8676123050779097,0.907182019415572,0.9236430180495618,0.6404449656833161,0.788650463063169,0.931147340525424,0.8652692287290056,0.7383616417897558,0.8262762309308544,0.8067938710469991,0.907182019415572,0.7292932745275389,0.6905906148929766,0.5648479312178805,0.9488661441906701,0.845146747952153,0.9167305843279034,0.8629508839222022,0.8606558839862051,0.873633030464118,0.8042460940964857,0.5993087389086802,0.873633030464118,0.8583829421286902,0.5090574034332631,0.954575820575175,0.873633030464118,0.931147340525424,0.9056384037386234,0.9102716897738727,0.6785020295228879,0.5127629403746805,0.8606558839862051,0.8013272831316133,0.955818971254647,0.8683589986402201,0.8822836759018073,0.8429987447247778,0.8723787692931402,0.9041731885624824,0.9211999702940652,0.813015587979087,0.33246102304589065,0.9371612421327016,0.7313775237513425,0.8387451480728689,0.9954698988464653,0.7331139349226516,0.9102716897738727,0.617613358319171,0.8435746106182993,0.9710669412761124,0.8084471053983471,0.837896249900505,0.9342661620254098,0.597397713008466,0.5749591436932455,0.9103057985205147,0.8652692287290058,0.8722653675627883,0.9825529434724956,0.8220264950934147,0.8621446772533035,0.5857799643645217,0.9737022133993576,0.6527785700272666,0.8278911373967917,0.7515124071886803,0.49561027412015135,0.8413829160506421,0.8923806290078229,0.9660244666247457,0.9868272766917497,0.9357038119827237,0.8748055425712822,0.8983688348924415,0.6992240789790098,0.7458886045430599,0.9052782234567769,0.8018725412026364,0.35210489348976015,0.8437696731292528,0.5905047898497258,0.9758152353461782,0.7956280315721898,0.9560815611946236,0.6359772303187253,0.7925264018514981,0.8676123050779092,0.9586574227081354,0.8828086639033632,0.7695960543350131,0.9642260734712437,0.8339100491713038,0.6447298230037246,0.7113796547491733,0.8970023596836538,0.8948598124012338,0.8307658985622733,0.7425574095970391,0.41862697692345063,0.5749591436932455,0.8042460940964857,0.7465725820653676,0.7184774266655262,0.9273099638694315,0.9817148430281428,0.9236430180495618,0.8919857953161618,0.5749591436932455
p34_P,0.7811334441580366,0.7659362744796998,0.5682572856600578,0.947644379254216,0.7777200559261546,0.8496516619740198,0.8419272418319355,0.8946902121138703,0.5422603825536332,0.8037353107676906,0.857616344254295,0.7687939955231032,0.7412655108174009,0.6907615559142977,0.9489557032718537,0.9036732011951016,0.9086890504845764,0.7266223447560156,0.9688652165598257,0.8767715147934851,0.7489045408211739,0.8020425860797755,0.9269149380074149,0.816158440019919,0.8422810143335602,0.6619722235834533,0.7780757216617364,0.6436596996310108,0.8767715147934856,0.7961197043084269,0.7110915844258978,0.806452166839298,0.8229489814879898,0.7901560960732836,0.7777200559261548,0.8671650851253094,0.8332805056157586,0.771944728113338,0.814096311765173,0.7428148021395053,0.5985493951868366,0.9128096791416048,0.8140963117651728,0.5703323356339198,0.9870570477782805,0.40438200857607143,0.8412006503024139,0.5090337006342596,0.7213231837371263,0.637469745641972,0.8064521668392981,0.45245125936532515,0.6619722235834533,0.8905744552184696,0.7435148648274663,0.7584196112109391,0.948908753138576,0.7973204052495684,0.6799521708815595,0.837931262412388,0.5364803253510613,0.7747090529817804,0.8794737026711497,0.9087119079227068,0.8255782681497184,0.5975550088722386,0.9120151207653253,0.7847380308713873,0.8837337544881212,0.9972347396286688,0.685843857788268,0.7213231837371263,0.7777200559261546,0.28322105147183285,0.7973204052495684,0.5469556164723668,0.8020425860797755,0.8088285698735203,0.4786304530823142,0.8496516619740198,0.72768757350912,0.8955322612105852,0.7057986184392435,0.9449814274919204,0.7973204052495684,0.6713404996873749,0.9589935043374591,0.6991178213146765,0.7764633388803943,0.7907502491856577,0.7973204052495684,0.583831265438449,0.5794875038844851,0.5777642501142164,0.9319783545589047,0.9859397426917116,0.6520251930737642,0.551198454664451,0.21106065494283888,0.3919043760994845,0.7584196112109389,0.8713916811754183,0.7973204052495697,0.8244159930208725,0.6246806799957041,0.8332650413138045,0.6296326332826521,0.0,0.6890925560830314,0.3704269353330022,0.5767617403685057,0.9983903325379988,0.2693816296232212,0.6738369140291067,0.811009619429409,0.32006107974405973,0.9653573636617316,0.7938344767596348,0.8496516619740193,0.3536000781788572,0.6245526928223196,0.7081570619227069,0.7485557284168785,0.9341913810548067,0.9013096109447398,0.4883210702089914,0.8040670844187319,0.9634062187972959,0.9834496421255747,0.8770141907096178,0.3864202376483473,0.811009619429409,0.88073370827695,0.8140963117651729,0.7780757216617364,0.7213523862989417,0.7387582247891215,0.8494522957885746,0.8494522957885742,0.837931262412388,0.4537608671722433,0.8412722731891722,0.5098183656239306,0.5870452490356695,0.7793208617683618,0.5766483511655133,0.6438523140060761,0.2984084106152225,0.9133193034224285,0.33171053392868943,0.9122707563977988,0.5878102056818735,0.7331981420027813,0.9529670245418844,0.994140641769549,0.6769115009962585,0.7081751002655179,0.8214693729867486,0.7377637372198014,0.5727997347341258,0.709751800884294,0.9317737429214277,0.8277749361825713,0.5144762389726569,0.6702956838116092,0.6852242865872802,0.6419154601187076,0.6801711090646974,0.9319783545589047,0.6014261046608693,0.8686035105342411,0.7907502491856577,0.7971057242912432,0.7706673224609978,0.7713159750885838,0.8180565531849371,0.9010651289368146,0.9389776541801309,0.8545252523370857,0.6528152208121738,0.9225682046901196,0.6797572286821826,0.9065778327102123,0.7687939955231033,0.8591746297325917,0.5631801366954945,0.3670752245526323,0.7630200965116667,0.8905744552184695,0.7957994183099588,0.7601350302337191,0.6937385341169231,0.4903636205505759,0.30388660858724603,0.895789487666749,0.7973204052495684,0.7869450188228926,0.9451135843734262,0.7885993114955252,0.6118012411369382,0.6374697456419717,0.7963224802288058,0.7973204052495684,0.5593381034376135,0.4378904606615739,0.8037353107676908,0.7973204052495684,0.7751999010875603,0.6372280840596366,0.5305535457093118,0.7108989266409571,0.6545887789625549,0.7907502491856577,0.7973204052495684,0.9320353113820581,0.7973204052495683,0.6024330339076056,0.5751975777540692,0.5607559380547361,0.7973204052495684,0.5415087031557817,0.7973204052495684,0.4892507077198438,0.8354096598076186,0.7038663980812165,0.5048533819155614,0.8110096194294094,0.18710671227666587,0.8111356819221283,0.8119379631046308,0.9932137137459878,0.8304511505689167,0.6947240251131682,0.866745665837974,0.8494522957885744,0.7617928229425579,0.7394811909460155,0.7119446589418912,0.8312337883070489,0.8216789353288514,0.5818928286788703,0.7255936288114714,0.5727997347341258,0.8673173521947575,0.7973204052495684,0.7370170765436213,0.7973204052495684,0.5846311679734923,0.6803037662442581,0.8064521668392982,0.8093979786088968,0.16279849308465,0.7869450188228927,0.594348853357288,0.7485557284168789,0.6038910474574348,0.833222457063908,0.3561139172647779,0.7663159483485273,0.6153128578805032,0.9403903595960907,0.49129476132164485,0.7907502491856577,0.8493451933230107,0.6327998709168574,0.814096311765173,0.5336953192528595,0.8514645058774655,0.8429903529773057,0.7841467405005881,0.7154255390284976,0.8377335793276733,0.3838582634465151,0.47662826761187427,0.5731741089305245,0.8332650413138045,0.3451921709342646,0.8134170184782747,0.8503607111919094,0.9387276295163245,0.8332650413138045,0.8241700581324328,0.3923811118874253,0.8580859220024453,0.6428023991496572,0.7500422074542783,0.8110096194294092,0.6951965467936023,0.2570820324004204,0.7843401014318689,0.811009619429409,0.9619647737944323,0.25733376024783705,0.8332650413138039,0.5686469156207885,0.6178139300871444,0.5427203286922193,0.9200107031535768,0.9688652165598257,0.7973204052495697,0.8072896573466428,0.7843401014318694,0.8494522957885748,0.2570879181290753,0.5792461982032922,0.9015827120484232,0.7643064205418855,0.7741544800885658,0.3497056419176956,0.799186280944703,0.45926919790132115,0.7806732950081063,0.7443815627199561,0.6480418641711299,0.6342277326955351,0.8767715147934856,0.5927530997413976,0.9477699980021124,0.866745665837974,0.6187829989327123,0.6738369140291067,0.8266980100945358,0.7973204052495684,0.775170754350923,0.8622278219912967,0.7266223447560172,0.8332650413138045,0.8168375394702836,0.9283926727141698,0.7973204052495684,0.8657123358127303,0.8277345205711413,0.8870129982252206,0.8028393953239179,0.5577621761931693,0.7374318361452197,0.8377335793276732,0.44471994699797,0.38045222692948033,0.9702684138330768,0.7180127381401398,0.4042371977630137,0.7663159483485271,0.6757900167103696,0.4218768115780813,0.7105833664174673,0.612106194223258,0.8496516619740198,0.196161915242409,0.6761355335664496,0.20855082105028744,0.7780757216617364,0.8182787338913602,0.943336326451675,0.5727997347341258,0.22018324073201734,0.2877884674166511,0.2767657907000105,0.7973204052495684,0.37201364215903077,0.6690059467572259,0.738821268012477,0.9540491654968317,0.8392345523720052,0.5102616707516134,0.7973204052495684,0.7973204052495684,0.6984031193986366,0.7778930627631946,0.613587926885167,0.7973204052495683,0.912270756397799,0.7973204052495702,0.7302819902742848,0.5898266315638896,0.1820649248833116,0.8256510411711884,0.7357546514700977,0.7542498041632224,0.3306449955259785,0.23482266302983834,0.7973204052495684,0.5405719284720494,0.666582175093344,0.16542979948858472,0.30027257044114464,0.8758591074297737,0.6059102962899936,0.8110096194294087,0.1648646008315443,0.7973204052495684,0.2645842563875336,0.9886532440391012,0.7239855416858634,0.7641973352225324,0.7869450188228924,0.4148709399484356,0.7719447281133378,0.7973204052495684,0.7272153979879432,0.5517923758341401,0.7973204052495684,0.7638722915310596,0.5736250853168022,0.4603592334864044,0.27534135360356826,0.19580498459488893,0.7973204052495684,0.9566664024939935,0.6508314122253225,0.9881165374133536,0.6862007244841899,0.5232223146506609,0.7663828589160415,0.5476397388560741,0.6334381458889147,0.811009619429409,0.6926974444226528,0.47006234322942186,0.8579287530657447,0.3532397817927785,0.8956091588784514,0.4980008415306234,0.9269149380074149,0.8181708833001988,0.7702941613031979,0.7973204052495684,0.9972347396286688,0.7398927802016522,0.6830055161546317,0.8008692350802827,0.8360507571373059,0.7843401014318692,0.6609029029179974,0.9914389672020796,0.8111356819221287,0.9307980058254572,0.8823123130144253,0.9653573636617319,0.6049428644728045,0.7171797653591769,0.7938344767596361,0.30734138542396516,0.8392345523720058,0.860149183303991,0.9039195430268581,0.4468482166689649,0.8498353679963286,0.8767715147934856,0.7028503153692613,0.6995860341128207,0.9108848407846717,0.9539903383778008,0.8498353679963286,0.6451521420310438,0.9776531644595584,0.7142575600207546,0.9087119079227071,0.9563954108039706,0.9407038112292609,0.6831795226879905,0.7276875735091208,0.6502461853452872,0.5414022801610212,0.5584818890827192,0.7054931040575658,0.9609343820137126,0.6894774648859047,0.6723289723494408,0.637391059965915,0.9915388637427253,0.9039195430268583,0.272176686306159,0.7520814606995082,0.6332678361184196,0.9689530887333874,0.809419362132711,0.5911094883852221,0.8110096194294092,0.8515872918835932,0.4903636205505759,0.878660187947643,0.6015578088101294,0.9972347396286689,0.6688869772779069,0.590747806306797,0.9556088835606265,0.9089296245145162,0.8041983874263043,0.7780757216617367,0.8690149918160484,0.8277345205711403,0.721018024155061,0.3667342072374692,0.6525092113323518,0.7907502491856577,0.7907502491856577,0.5161735973962565,0.9216931609220922,0.8303210531908722,0.530510031346002,0.7973204052495684,0.825578268149719,0.7973204052495684,0.7973204052495684,0.279923362091965,0.9499103329879717,0.6951965467936021,0.7973204052495684,0.40479686726642683,0.23786201107690197,0.9385349580211636,0.7974037950157411,0.5994855136248831,0.5079185738354115,0.9023197283809745,0.8789259512190086,0.24876140857308404,0.8710254982640975,0.8783779599686807,0.9231012297078995,0.5936169692080362,0.6460987665065725,0.516924793579258,0.7007362244615241,0.8200212448894451,0.7869306107239787,0.7974913393925395,0.8580859220024455,0.6334381458889147,0.811009619429409,0.8002747901790859,0.7439259857129707,0.9794096703819021,0.7889425681240738,0.4494811847410659,0.7357546514700977,0.5364803253510615,0.6821633473231203,0.9702292366616942,0.7965069792215314,0.8976281499128818,0.8624939268127862,0.9310034555472422,0.3750887944054059,0.541402280161021,0.9432965332537007,0.6577780247562042,0.9345749549280158,0.7378684584763764,0.5597091409023092,0.8182787338913602,0.26265557559743735,0.7263604126319398,0.8496516619740195,0.3358849767892639,0.3987360329167138,0.8539039811376034,0.2892776573620912,0.7542498041632224,0.7663828589160417,0.6853759980694742,0.7973204052495684,0.8181708833001988,0.7555123685946299,0.8627119636910094,0.5959470922708159,0.6961332037964173,0.7869306107239789,0.8086075894027258,0.389545314727505,0.9039195430268581,0.20803300304622074,0.8767715147934851,0.3715160443433212,0.8740508966514446,0.5490296497173723,0.8111356819221287,0.9759617416119464,0.8848599290873524,0.8094193621327108,0.8051891611732336,0.805631432352564,0.6136883992202955,0.25661038544104375,0.5175207308768013,0.923928705519431,0.44547592510968104,0.4598511194832311,0.8733459819741951,0.841272273189172,0.84228101433356,0.8453718612169456,0.47245971912705054,0.6201301719496393,0.7378843938231372,0.8182787338913602,0.3328658146526887,0.3655381421849846,0.9243743344764213,0.6512517033573783,0.8870800718405454,0.7844239660111574,0.8343611785387708,0.7763903617370094,0.8292983796165573,0.721018024155061,0.7593865205205428,0.8534975706999006,0.7844346826831332,0.7963224802288057,0.8494522957885742,0.9243743344764215,0.7973204052495684,0.8282781225275879,0.5458315749041467,0.5030739768564412,0.6809692758501729,0.7973204052495683,0.5729311170586742,0.42480810921803824,0.724689886564041,0.6907615559142974,0.6161943309836508,0.6461271845520153,0.6788230682529052,0.7955570955645979,0.7734828869748713,0.9471193679975616,0.5138557165997483,0.6878076522627175,0.8255782681497192,0.6117558835756203,0.9277432929243943,0.9619647737944323,0.7909742770057893,0.8870129982252202,0.9971015890962014,0.7843401014318694,0.8496516619740198,0.7659362744796998,0.7795850714251209,0.8256510411711879,0.6413722853882513,0.5384920224795882,0.7938344767596361,0.7777200559261545,0.7678223766712479,0.4287576846899903,0.29385767824958675,0.8182787338913602,0.9120151207653253,0.830321053190872,0.8182787338913602,0.7907502491856577,0.9807662283448071,0.7973204052495684,0.8039616261051754,0.9575099375176466,0.7973204052495684,0.7374318361452197,0.656850292436163,0.8277345205711406,0.811009619429409,0.8493451933230107,0.8161584400199193,0.8182787338913602,0.5160694225204645,0.4883515419166068,0.6821633473231206,0.40899176451076735,0.7973204052495684,0.6296326332826518,0.9317737429214277,0.8277749361825715,0.4695185565466461,0.6689739002860293,0.8332650413138041,0.8917073480098132,0.7125238775622018,0.9754251282750075,0.7954183713752192,0.9389735848576621,0.9569800431480853,0.8614953494640845,0.8427088223162842,0.7056374118568014,0.8576163442542952,0.9688652165598257,0.7857980389442638,0.8412006503024139,0.8712264364031741,0.311337914322497,0.7973204052495684,0.9106429489360433,0.6188733838732146,0.8392345523720044,0.5063098834325246,0.8041983874263043,0.9795857802062318,0.4095479161972926,0.7843401014318692,0.5784438434734969,0.24145621664657357,0.7973204052495684,0.7973204052495684,0.9959738227457623,0.5794875038844851,0.6785484004864673,0.6307997145826603,0.30188582181617174,0.5108282665983064,0.42556688865684,0.26916040610976755,0.7319903675768105,0.3244349233627749,0.7973204052495684,0.8543794552275873,0.8181708833001988,0.814096311765173,0.36421968950657435,0.8332650413138045,0.3441734242259581,0.7973204052495684,0.7973204052495684,0.12771689806584274,0.8256510411711881,0.24053098020575603,0.778146195121499,0.46972435070429386,0.6148737379624087,0.9136777622129552,0.8107658512692744,0.386992665761958,0.4304529085897997,0.7973204052495683,0.6618586811173359,0.2740161407300825,0.8917073480098126,0.8616345643826465,0.9086235612086256,0.9612055238936477,0.8205683168527915,0.6713404996873749,0.7577315976258655,0.6000690180804942,0.7973204052495684,0.3209442598610881,0.8975074323349401,0.5199360949322689,0.6200342250193593,0.6010491134557459,0.7355110025652215,0.5479101278822758,0.4833196701095841,0.7843298856175565,0.7843937436980332,0.34778505114293123,0.8039616261051755,0.8412722731891715,0.7164319286858905,0.9886532440391012,0.3491639297622132,0.806452166839298,0.8182787338913602,0.56033795819617,0.9240984855763326,0.8831997026403982,0.8067184995927065,0.814096311765173,0.7725291918788673,0.8888189842675744,0.8888189842675742,0.7119446589418907,0.9912027685634361,0.5194277997479204,0.806050691847773,0.8767715147934851,0.778146195121499,0.7439259857129705,0.4448232226405058,0.8484511081753161,0.7412655108174009,0.7547748038628777,0.7606904472089829,0.9037987036109995,0.48924994298842783,0.9352019211095342,0.6162886489001023,0.6672949273770792,0.7973204052495684,0.5682572856600574,0.8627119636910096,0.462254797402361,0.8037353107676906,0.8018096937411096,0.6753380136119966,0.7465888038673876,0.7973204052495684,0.4044669303536035,0.32359686271453914,0.9237815387147116,0.22640567646792276,0.3083698570646697,0.2378834009647406,0.8181708833001986,0.3975342978049363,0.8098019535963122,0.8899638365030675,0.40694413082566205,0.7429517781629604,0.4519183305775436,0.8496516619740198,0.8119379631046308,0.7973204052495699,0.7562536453690192,0.977794158629566,0.2433170480352197,0.8956240804467204,0.33063253507825063,0.891042599612628,0.8182787338913602,0.311337914322497,0.44624152220447266,0.6174544844858361,0.25050235358383066,0.21794388378424112,0.7973204052495684,0.27308040546028856,0.46833293616999994,0.730281990274285,0.7973204052495684,0.39033799818930537,0.9759617416119464,0.8332650413138045,0.8119379631046308,0.7907502491856577,0.5698100882365484,0.727479948404226,0.8151399778575046,0.9065778327102125,0.9823284446291873,0.8579287530657447,0.3154697246681162,0.7973204052495684,0.8302539353297086,0.7973204052495684,0.7938344767596348,0.65281556298815,0.4293516223903022,0.814096311765173,0.903527291899524,0.7011022117897574,0.5648782362472802,0.7302819902742848,0.7973204052495684,0.6036915514050971,0.30417702646908396,0.667983467922151,0.9035542213968957,0.6618586811173364,0.9432965332537007,0.7007362244615241,0.8639469029308282,0.871645401526643,0.47146016767479715,0.37662674642753835,0.871645401526643,0.7500422074542787,0.8181708833001997,0.557760031713173,0.871645401526643,0.814096311765173,0.9449814274919206,0.8161584400199192,0.6780776558807999,0.7907502491856577,0.8839618252107817,0.7600176111545576,0.6530437254203633,0.6618586811173359,0.8891219021481309,0.5760931729305399,0.6984031193986369,0.7687939955231032,0.7678223766712478,0.6765360836175537,0.6907615559142979,0.6404753555443157,0.6480922264377175,0.9583641882761118,0.634156728692346,0.8287812757490218,0.7869450188228924,0.8412006503024134,0.696741813406776,0.9396246110342061,0.8719658487713318,0.8360507571373059,0.6899290958974306,0.8181708833001988,0.825578268149719,0.9190798719193934,0.6567857615871677,0.7581680392107368,0.7067004355318204,0.7007362244615238,0.923901128624555,0.8657123358127303,0.7038275246911985,0.7973204052495688,0.5776612522735138,0.6438749743106467,0.7428764733130175,0.5419237725002904,0.8735691987207188,0.9793758087339194,0.8858066790651262,0.9486430938420667,0.6838081318570438,0.8825663847200085,0.8291693835954219,0.9576849362494235,0.9969255772857584,0.7527391773418998,0.7600407954927464,0.9200107031535769,0.8733357033027649,0.9657895347454368,0.8777250197750601,0.8412006503024139,0.8332805056157586,0.45493954260945013,0.6425503248424039,0.9317737429214279,0.9021195333653413,0.5449300912268877,0.9065480677147464,0.8379312624123882,0.864726842902648,0.4133945062142159,0.9407038112292609,0.628454012803332,0.8713916811754183,0.3860128215690436,0.7374318361452195,0.8580859220024462,0.5028041942804842,0.9539903383778008,0.862493926812786,0.8037353107676906,0.7353739263020154,0.7938344767596348,0.7869015211787087,0.8580859220024462
p35_L,0.7162672716759508,0.9272278453848009,0.8657679762547947,0.9038554657884541,0.7914282554375616,0.9532555825271782,0.9238319860517549,0.9485683124897213,0.9129412260730061,0.9506503681784946,0.9253948970823007,0.5900433049469194,0.6428226383045899,0.9038554657884541,0.8890928172755164,0.9979963553697828,0.9810860991992141,0.9150048519840788,0.9481608601832736,0.9506503681784948,0.8896222955608053,0.9235944347702933,0.947653575322335,0.9390829980374291,0.9218241042345277,0.9150048519840785,0.9310020898787328,0.9249529706560747,0.9812882646010126,0.9525551506674035,0.9069566644903915,0.8766079819236634,0.9779901913198823,0.9358530937879614,0.8457455232976457,0.9481608601832736,0.9390829980374291,0.9290959183459286,0.9532555825271782,0.9133573033767912,0.8751860185986184,0.8705100723917396,0.9034814342922283,0.8654765962569625,0.9310020898787328,0.835845234953096,0.9412414838519025,0.9658034041649687,0.9133573033767912,0.7162003046354738,0.9434679740971852,0.813396932865248,0.9150048519840785,0.9771865070849177,0.7775384438103516,0.9117298605520907,0.9117298605520907,0.9369854052620166,0.8062565827918016,0.9329497321807898,0.9490592052587878,0.8633540906453026,0.9150048519840792,0.9370256730202122,0.9457709851868581,0.9294328074716539,0.9434679740971852,0.8449511898239378,0.9008650055451857,0.9481608601832736,0.9023265168341348,0.9133573033767914,0.8457455232976454,0.7810575646918317,0.9369854052620166,0.8591451287364846,0.9235944347702933,0.9253948970823005,0.7633283852175543,0.9532555825271782,0.9721643839492675,0.9950286745612719,0.9085306004621048,0.9568700216169213,0.9369854052620166,0.8978173148387738,0.9235944347702933,0.8421998472171874,0.9501164258005207,0.9349426948340502,0.9369854052620166,0.8657679762547947,0.814798217326564,0.9479589009512399,0.8943576075649573,0.8396855966842407,0.8631102944179316,0.8604642587137394,0.6501214945684889,0.771609662790612,0.9523096052149489,0.9412414838519028,0.936985405262017,0.9694034007212067,0.8395485353725954,0.9481608601832734,0.8848500287036507,0.6890925560830314,0.0,0.7877637952475487,0.8460552306072362,0.9556365193397718,0.8149097096586179,0.8876707345437713,0.9412414838519025,0.755830752832033,0.9750206691499417,0.9868438546677248,0.953255582527178,0.8918972193848759,0.6575672734292014,0.8578283462385068,0.9218241042345277,0.9069566644903913,0.9150048519840792,0.7423490716619214,0.9390829980374291,0.9634222611466374,0.9877220281917203,0.9636743678186817,0.7768724583747528,0.9412414838519025,0.9434679740971852,0.9034814342922287,0.9310020898787328,0.8080897785000027,0.6467136983807675,0.9434679740971852,0.943467974097185,0.9329497321807898,0.8518001269042896,0.9506503681784946,0.7852492227378114,0.9492420156933739,0.8896222955608051,0.9570748126121906,0.6521404809023892,0.7497109206807864,0.9630274699754413,0.7391984546954609,0.9506503681784946,0.8541150780952053,0.8983146622607214,0.9372958333693957,0.9965573445764311,0.9545623789260471,0.8697799112734454,0.9984138550096489,0.9456143199989115,0.886663405916849,0.9021116016439341,0.9412414838519025,0.9183656033219387,0.751875115371715,0.8724740464567164,0.9320797389103181,0.9582982244538172,0.9690801727892031,0.9479529588566926,0.8673073586405288,0.9067169102590357,0.9349426948340502,0.9117298605520907,0.9776072906294301,0.9771794606706176,0.9599795903498833,0.9868438546677248,0.9715459546976809,0.9377834594303425,0.888139508331151,0.9722161325225651,0.9790906901804324,0.9523096052149489,0.7483813050199302,0.9674246891075196,0.8186692280313934,0.8660618256060988,0.8361681332521107,0.927227845384801,0.9053985774691053,0.9643019407444021,0.7966353836375039,0.875219848466557,0.7936732363445695,0.8834506330434522,0.9369854052620166,0.9390829980374291,0.9843238957181939,0.9658034041649687,0.9427875749711636,0.9852056102861468,0.90671930509294,0.9369854052620166,0.890489506496073,0.770316820896571,0.9506503681784948,0.9369854052620166,0.963850119501056,0.9302334181929384,0.9171338879258175,0.899864992616022,0.8820580577672704,0.9349426948340502,0.9369854052620166,0.9239880770522555,0.9369854052620166,0.8783134032673708,0.8985368145398756,0.9593451760131009,0.9369854052620166,0.8539255385877565,0.9369854052620166,0.9554227427946571,0.9510212795701292,0.8963379163019165,0.846055230607236,0.9412414838519028,0.7245926068511888,0.9843238957181939,0.964170004482718,0.9694100907323095,0.9525279364182085,0.9995056040300532,0.9910569717673405,0.9434679740971852,0.9690801727892032,0.7497654019369484,0.8792920141466949,0.9341861672503231,0.9655974895223982,0.822218082500842,0.868661872839342,0.8578283462385066,0.9843238957181939,0.9369854052620166,0.8645904004850737,0.9369854052620166,0.7872013003755223,0.8948693468634785,0.6367092566181287,0.8899469472002199,0.7245926068511888,0.9390829980374291,0.8615824138420284,0.9218241042345277,0.8671016868583241,0.9253948970823007,0.6242110320819403,0.9412414838519028,0.8408491588837403,0.9492420156933739,0.7947166816318089,0.9349426948340502,0.804926182824948,0.8119546298801457,0.9532555825271782,0.7193414573075876,0.8411908508427246,0.8705100723917396,0.9474945410467233,0.8447529080334879,0.8166333005972805,0.734987390598203,0.7593865205205432,0.8559602437672631,0.9481608601832734,0.7768011813657075,0.8934110566484073,0.9183656033219387,0.9950092225712418,0.9481608601832734,0.7780180004969558,0.8745907736703692,0.9457709851868581,0.9049013665285817,0.941740990578956,0.9412414838519028,0.8993081265656124,0.6734203653098938,0.9329497321807898,0.9412414838519025,0.9412414838519025,0.7500885300498739,0.9481608601832736,0.8513140092331876,0.9735541517463953,0.8578283462385068,0.8943483214849928,0.8568532843697213,0.936985405262017,0.995767454475303,0.9329497321807898,0.9434679740971852,0.7518751153717151,0.846509115769231,0.9412414838519025,0.9133573033767914,0.6747602123972627,0.7708448307368139,0.910258684662687,0.8853669508216874,0.9537315972461897,0.977116529391026,0.9672543872250974,0.8693626884146953,0.9506503681784946,0.9129412260730065,0.9506503681784948,0.9723980610103105,0.5746695831946222,0.9550275948082854,0.942990249213453,0.9369854052620166,0.943467974097185,0.9606344949981607,0.9150048519840792,0.9481608601832734,0.9457709851868581,0.9594986384506099,0.9369854052620166,0.9218241042345277,0.9218485695187231,0.953255582527178,0.8890928172755166,0.7807978673500406,0.9183656033219387,0.8766079819236638,0.8168209721356972,0.7877637952475489,0.9883279044516831,0.9290959183459291,0.8027410855239232,0.9412414838519025,0.9358530937879617,0.8612157568128747,0.9750206691499417,0.9409521943827982,0.9532555825271782,0.7311743083690243,0.8993081265656122,0.7161445273067473,0.9310020898787328,0.9349426948340502,0.9479979140552108,0.8578283462385068,0.7677465948757101,0.6713908535519961,0.7751411006332312,0.9369854052620166,0.7219903215481307,0.9339524310656604,0.9747559458370869,0.970087547292547,0.7090427957190415,0.9921546135864782,0.9369854052620166,0.9369854052620166,0.9630274699754411,0.9257124459883883,0.9548174173438431,0.9369854052620166,0.9506503681784948,0.936985405262017,0.9038554657884541,0.8724740464567164,0.7703168208965709,0.936985405262017,0.9053985774691053,0.9235944347702933,0.7918925464859512,0.7621006700194146,0.9369854052620166,0.8525812245745796,0.8963379163019165,0.7178547490400895,0.714423623928461,0.9053985774691053,0.838248007584014,0.9412414838519025,0.6909854043398929,0.9369854052620166,0.7485557284168789,0.9150048519840792,0.9548174173438431,0.9200504581993009,0.9488974039091764,0.7905202806671947,0.9290959183459289,0.9369854052620166,0.5466224877296704,0.9598921648627732,0.9369854052620166,0.9053985774691053,0.8098785680380343,0.8288717695259116,0.7708448307368139,0.6813778305545801,0.9369854052620166,0.7495574039234558,0.8469678326776531,0.9457709851868579,0.9428948240228703,0.8896580528955148,0.7512080915307179,0.8862566036435151,0.8711248729670615,0.9412414838519025,0.784361736343684,0.966888593695517,0.9476535753223351,0.8518692177331038,0.870781195942419,0.8395485353725953,0.9200817943852444,0.943467974097185,0.956870021616921,0.9369854052620166,0.9481608601832736,0.9632410047074157,0.9712806475050141,0.9342966423167992,0.9699196375991819,0.9329497321807898,0.9611107151353122,0.9390829980374291,0.9329497321807898,0.9721643839492675,0.936985405262017,0.9272278453848009,0.8499673668876724,0.9129412260730063,0.5318768586247133,0.8401247247220579,0.9812882646010128,0.8816008595546361,0.9917417854198085,0.9416172492331316,0.9694100907323095,0.9506503681784948,0.8689310529627496,0.889211148047673,0.9550755726981773,0.9592370337121963,0.9235944347702936,0.8792920141466947,0.9429902492134531,0.8993081265656124,0.9377821213923416,0.8479441153131715,0.9084229524444828,0.9377821213923416,0.7004492079819651,0.9458421999117053,0.8013966443800906,0.8860296503732298,0.9145903768331318,0.7684938541983795,0.9695260599256186,0.8644375806981961,0.868831385468534,0.69190864715251,0.9200817943852444,0.7737143139162701,0.9342966423167991,0.8160370169864277,0.9517258135028771,0.8948693468634785,0.9076416739821288,0.9412414838519028,0.9921546135864782,0.875219848466557,0.9937773364805664,0.9683237244170737,0.986843854667725,0.9796115931400358,0.9252161641903394,0.929577598819045,0.9964366158728782,0.9310020898787328,0.931002089878733,0.8166333005972799,0.9481608601832734,0.9069566644903913,0.7835975850577377,0.8919625271106499,0.9349426948340505,0.9349426948340505,0.7393350300895329,0.9841069050033684,0.9310020898787328,0.8408491588837402,0.9369854052620166,0.9457709851868581,0.9369854052620166,0.9369854052620166,0.6761887708798416,0.9200817943852444,0.8993081265656122,0.9369854052620166,0.7166015305235904,0.6607858790697876,0.8948693468634784,0.8427984173659562,0.8525812245745796,0.7591375004288965,0.8806719604852853,0.8792920141466949,0.6063717276001789,0.9290959183459289,0.9088998345061841,0.8672518908219966,0.9937773364805663,0.925868101997521,0.9476448489900742,0.9069566644903913,0.9242212627322115,0.9129277772069978,0.9193880139953148,0.9919033068160935,0.8711248729670615,0.9412414838519025,0.9396082402244852,0.9389585973436579,0.9556365193397719,0.9200817943852444,0.8608037613841967,0.9053985774691053,0.9853322225258765,0.8153889450299148,0.9747559458370869,0.7693378488114867,0.9235944347702933,0.9390829980374291,0.9984138550096489,0.7138332889213119,0.826072962214246,0.9365826632500471,0.899864992616022,0.931002089878733,0.9826091309443614,0.8631102944179316,0.9349426948340502,0.7644565844032284,0.9085306004621048,0.953255582527178,0.7591375004288965,0.765027208945806,0.9286197968271317,0.779666763307818,0.9235944347702933,0.9497218441301533,0.8622933592906679,0.9369854052620166,0.943467974097185,0.9964366158728781,0.9000627911577301,0.9061118815207869,0.9847742533056744,0.9129277772069978,0.9479529588566924,0.7905202806671947,0.9200817943852444,0.6774306025133676,0.9812882646010125,0.7439123385701871,0.8875271554498325,0.7140377233711179,0.9329497321807898,0.9242212627322113,0.9950058988075361,0.9990384391481417,0.9183656033219387,0.922469048895743,0.9801358600748811,0.7650389622135645,0.696601668708779,0.8993081265656122,0.8938665427610051,0.8278323671212415,0.9763867292456674,0.9506503681784948,0.9883279044516831,0.7808680068290859,0.824671020432908,0.8645904004850736,0.9526141260519432,0.9877220281917205,0.77043215134683,0.802741085523923,0.953255582527178,0.7585623505433365,0.9429902492134529,0.970087547292547,0.8963379163019165,0.9592370337121963,0.9732225595649318,0.9069566644903913,0.7637079261672096,0.9049013665285817,0.9253948970823003,0.9877220281917203,0.943467974097185,0.9532555825271782,0.9369854052620166,0.9545120045449915,0.8330443401899568,0.8384912670500719,0.900810973023598,0.9369854052620166,0.9122587745531017,0.8062306205163008,0.5588765031261952,0.9038554657884541,0.8806719604852848,0.8657679762547947,0.9937722392326065,0.8456364151211389,0.950107672001856,0.9818634913664555,0.8816763541639328,0.9871789510845516,0.9457709851868581,0.8792920141466947,0.9117298605520907,0.942990249213453,0.8948693468634785,0.953255582527178,0.9101213268023749,0.9329497321807898,0.953255582527178,0.9272278453848009,0.9523096052149489,0.9369854052620168,0.8784502765604179,0.8565137343618396,0.6618674289227162,0.8457455232976454,0.9389585973436583,0.7279022751436424,0.6813778305545802,0.9349426948340502,0.9434679740971852,0.9310020898787328,0.9349426948340502,0.9349426948340502,0.9179670373226423,0.9369854052620166,0.9310020898787328,0.8848500287036508,0.9369854052620166,0.9183656033219387,0.8644375806981961,0.9218485695187232,0.9412414838519025,0.8672518908219965,0.8928876048824794,0.9349426948340505,0.7470155233332092,0.8143910380485448,0.9476535753223354,0.7273493261654524,0.9369854052620166,0.8848500287036507,0.9412414838519025,0.9183656033219387,0.858459275429383,0.9530102635619488,0.9481608601832734,0.9390829980374291,0.8535559174809993,0.9283102964892216,0.9218241042345277,0.9369854052620168,0.9636743678186817,0.9023265168341348,0.9847277353330188,0.9783535286151788,0.9810661291837659,0.9218485695187232,0.9133573033767912,0.9412414838519025,0.8848500287036507,0.7745001741980393,0.9369854052620166,0.9543800590178145,0.9106535992408944,0.9506503681784948,0.8724050166566664,0.9310020898787328,0.9253948970823007,0.7131574303708902,0.9329497321807898,0.7685213763039256,0.7074292256193588,0.9369854052620166,0.9369854052620166,0.9984138550096489,0.8633540906453026,0.8792920141466944,0.8062565827918016,0.8673073586405288,0.9371833417589952,0.8013966443800906,0.7087277969842822,0.91667381023818,0.7816326539720403,0.9369854052620166,0.9658034041649687,0.943467974097185,0.9532555825271782,0.7905202806671947,0.9481608601832734,0.6996430494860513,0.9369854052620166,0.9369854052620166,0.7212439119331118,0.936985405262017,0.7109489861644688,0.9235944347702933,0.8226046489234891,0.8751860185986187,0.969919637599182,0.9377821213923416,0.8635263851047548,0.8147180119466231,0.9369854052620166,0.8948693468634785,0.7974656740968147,0.9390829980374291,0.7918579992207191,0.821916695722185,0.9782496116174824,0.8890928172755166,0.8978173148387738,0.724858207802388,0.8252209280961138,0.9369854052620166,0.6364069736998085,0.8978173148387738,0.9683237244170737,0.8693626884146954,0.8595109701694224,0.8816008595546363,0.7600864325082566,0.920744883680388,0.7426004748278991,0.8904895064960727,0.7519315863598555,0.9187458821598233,0.9506503681784948,0.941740990578956,0.9987351912497628,0.6631026580139314,0.943467974097185,0.9349426948340505,0.9609306835253212,0.9117298605520907,0.8575821538303017,0.83574123722222,0.9034814342922289,0.9655974895223984,0.6169554679310433,0.8318499427019321,0.8792920141466947,0.9512990813494242,0.9324146244726688,0.90006279115773,0.9506503681784946,0.9235944347702933,0.7556959734955933,0.8891857203745812,0.9779901913198823,0.9877220281917203,0.7636321821450425,0.8684389251881859,0.9390829980374291,0.8292347353062457,0.9576422202536796,0.8353084506016181,0.8476940876106118,0.9369854052620166,0.8657679762547947,0.936985405262017,0.7002475745525759,0.9506503681784946,0.6151307315476421,0.918365603321939,0.8212944178861192,0.9369854052620166,0.7009690660424848,0.7591375004288965,0.9616684643803335,0.675433511216243,0.7810575646918319,0.7342206555887967,0.943467974097185,0.6935503703059177,0.8423379076513389,0.9947329122434214,0.7781429858473845,0.9200817943852444,0.8054210393176366,0.9532555825271782,0.964170004482718,0.9369854052620168,0.9359750562413551,0.9133573033767914,0.6090245580803422,0.8792920141466949,0.7650389622135645,0.845745523297645,0.9349426948340502,0.7249216671635331,0.8278323671212415,0.8711248729670615,0.8110584197663673,0.7454677742420686,0.9369854052620166,0.7020613003650773,0.8304398650868532,0.9038554657884541,0.9369854052620166,0.8037822702734229,0.9242212627322112,0.9481608601832734,0.964170004482718,0.9349426948340505,0.8094202016554333,0.7500737909531852,0.8724740464567164,0.9928893498778073,0.813351926723534,0.9200817943852444,0.7679533613871461,0.9369854052620166,0.7699879116017774,0.9369854052620166,0.9868438546677248,0.8907404833799739,0.9427267985586811,0.9532555825271782,0.8549352491703692,0.9896348402987898,0.9878126659692846,0.9038554657884541,0.9369854052620166,0.7216415840708981,0.9110327348546935,0.9665208288913452,0.8986156584030397,0.8948693468634785,0.9434679740971852,0.9069566644903915,0.864358254459379,0.9320797389103184,0.8624720325070768,0.7688705983325896,0.9320797389103184,0.9038554657884541,0.9434679740971852,0.8578283462385068,0.9320797389103184,0.9532555825271782,0.9987351912497628,0.9950927970641261,0.8578283462385066,0.9349426948340502,0.9794798384951369,0.9183656033219387,0.8956273847626328,0.8948693468634785,0.8153889450299145,0.9984138550096489,0.9545623789260473,0.85393997173527,0.8931429413816421,0.9559324258746036,0.9038554657884541,0.9096861238372793,0.914300486963807,0.9591535679622785,0.8862566036435156,0.9545623789260471,0.9390829980374291,0.9412414838519028,0.8779179059734528,0.9198756509653053,0.950107672001856,0.9101213268023749,0.971137692094667,0.943467974097185,0.9457709851868581,0.9379089197116288,0.9732023243541321,0.9937398098296231,0.9937773364805664,0.9069566644903913,0.9790910364418287,0.9883279044516831,0.9053985774691056,0.9369854052620168,0.9329665644651209,0.9878089088250694,0.8919625271106499,0.9342739522947866,0.9847546513778795,0.9457709851868581,0.9723980610103105,0.9333572426871153,0.9150048519840785,0.9810860991992141,0.9085306004621048,0.9683237244170737,0.9423651274969923,0.9477337650498394,0.9253948970823007,0.9690720513748802,0.9594986384506099,0.9978452547778267,0.9950058988075361,0.9991256173192247,0.9390829980374289,0.9751226471151502,0.9101213268023747,0.9412414838519025,0.9670487459541286,0.9618172168102885,0.9275749982249685,0.9843238957181939,0.9643019407444021,0.8675813449038432,0.9183656033219387,0.8792920141466947,0.9412414838519025,0.915586093408428,0.9183656033219387,0.9919033068160935,0.9826614905668989,0.959237033712196,0.9390829980374291,0.9506503681784946,0.886663405916849,0.9481608601832734,0.9385962236344593,0.9457709851868581
p35_M,0.9348958218503841,0.8024341677705478,0.6838159527417558,0.9225881530736926,0.8785858980308768,0.8730956945148611,0.9141980331971957,0.8806100332056288,0.4725112639902451,0.7674777878775861,0.7974579792993961,0.9776755005187514,0.9208338903011106,0.7593822847131333,0.9167214095367934,0.9556231498166101,0.9205583628361051,0.7692505156398974,0.9992598421053649,0.9026728454973327,0.8095942186413339,0.8665829228096513,0.8779967882982902,0.8034565198481155,0.7877637952475487,0.5995256883006481,0.8126806934976472,0.6655431811576078,0.866022915872324,0.682352332984546,0.6663009045173092,0.8628178035929414,0.8601632422512151,0.7420344517084139,0.8785858980308772,0.8592642631772311,0.8647795435579986,0.8075057145892734,0.7797528582489333,0.7647776604185776,0.6780016524562344,0.7219873591054391,0.9502404605673516,0.8081644264397738,0.8935889455014907,0.6889243317090956,0.8404791612293154,0.5202021819673656,0.7647776604185779,0.5926379750641225,0.8305224216507391,0.5749188153970064,0.6220693953027716,0.8796411222781613,0.9555354109319851,0.804062442966593,0.978874656923622,0.8289245259008584,0.7393725088908638,0.9009606921643898,0.4861798224066063,0.5620651835710921,0.8249627583218824,0.897096986023727,0.8527760996057687,0.5043283813433304,0.9111145228116424,0.7662746463207459,0.9525698915594945,0.8942631579092648,0.734830676782199,0.7647776604185779,0.9955817284581834,0.2725376327806748,0.8289245259008584,0.664438471827189,0.8172409646532206,0.8226425806712592,0.47105951431262616,0.8730956945148611,0.9003268042382455,0.8949638687325401,0.7516738629110458,0.9721438786590075,0.8289245259008584,0.7225888481649907,0.915924880966082,0.7326745963864589,0.77093941344168,0.8233788637195052,0.8289245259008584,0.635579547928814,0.6927583931276633,0.5101547653465042,0.8365870358205945,0.9446544958673064,0.6283643276748951,0.6839852228671066,0.41030532329508396,0.3901228699082072,0.8259139697112219,0.8404791612293148,0.8289245259008577,0.7306296198039468,0.6515883029889468,0.8592642631772309,0.6873845493423212,0.3704269353330022,0.7877637952475487,0.0,0.5820623060664447,0.9800578728324698,0.5324270143398073,0.731312920279126,0.8404791612293154,0.4616329342521003,0.9053767737806993,0.7907467895024354,0.9116680775411068,0.40683036734172107,0.9492647616208629,0.7537694644686961,0.7877637952475487,0.8756931331519452,0.8143379296441442,0.5648756940016935,0.8346191856858272,0.9475325664435508,0.9654828892636078,0.885512040105989,0.4760569601321193,0.8716488174471995,0.8465237589272379,0.8568976243014227,0.8126806934976469,0.6941218520107089,0.8050301701630168,0.8465237589272381,0.8788191408694401,0.8732965479503929,0.6462466582750497,0.8660229158723232,0.543148628786037,0.6408882961894156,0.762490845225998,0.5323459232753428,0.8592192237103055,0.3839073752153207,0.6805159103889824,0.3548469092405846,0.866022915872324,0.645160951306764,0.8604581117508241,0.9592521070021112,0.9111145228116426,0.6361393960535888,0.6956454732243202,0.7483213531818427,0.7466087313840508,0.6295518119469028,0.8453571787663082,0.9339881298829691,0.8716459884847005,0.6158344080549827,0.703632001596338,0.7185724959671098,0.63841618201146,0.728562114048732,0.8790436222753693,0.5125854053488028,0.8001837518032735,0.8517996688283258,0.7370554953962059,0.6950387884648996,0.7777278573756616,0.7989390055282561,0.8942631579092644,0.9415216254512698,0.9098978916086216,0.7112774650062166,0.946128670437913,0.6803975141087695,0.869617023200479,0.9208338903011105,0.9441293668573514,0.5214548023849925,0.44856617441531854,0.6471685921734264,0.9311124252832371,0.784498264835477,0.8777261541236301,0.8026641959931657,0.5945870914576534,0.4000254842398743,0.9485539415039435,0.8289245259008584,0.7431358041037723,0.9562889805923847,0.8427859405313198,0.6569331519507675,0.6247955782727508,0.8924130851922901,0.8289245259008584,0.6149990396419855,0.37487139117887347,0.8041277175025954,0.8289245259008584,0.826390776301843,0.599867456752337,0.508072648676659,0.6911374946698454,0.7148409938593125,0.8233788637195054,0.8289245259008584,0.9321711982889371,0.8289245259008584,0.5118468772663166,0.5632303612556988,0.5251833820188772,0.8289245259008584,0.6028436016552279,0.8289245259008584,0.6151090344473098,0.7425013230119933,0.7185724959671098,0.641453688138788,0.8404791612293148,0.302501233654189,0.8456324037363956,0.8542560104774402,0.7140104328606895,0.7189145330926046,0.704985644469114,0.7856727813802324,0.8788191408694399,0.9139504732212264,0.8566590780955299,0.9481255825707531,0.8199403776636287,0.8664690678824117,0.6569963734230666,0.7827780464831349,0.6295518119469026,0.850062009909633,0.8289245259008584,0.7415654023253774,0.8289245259008584,0.6126051670828638,0.7145855431989003,0.9919993313617504,0.9713123626186633,0.31504931190085816,0.7431358041037723,0.6485609483797126,0.8119546298801454,0.6877404170352177,0.8478271820431225,0.5541117135299807,0.7231456517202985,0.6262963524180796,0.9910949467014807,0.41138976531461935,0.8233788637195052,0.9870215845382497,0.6843368752459664,0.7797528582489333,0.7082857574854902,0.7738996568279085,0.8425402875730432,0.7235448014013848,0.6080896615941696,0.927408567477346,0.6700920452487495,0.6480093437191179,0.5054313329122548,0.8592642631772309,0.29960645415190845,0.7239506606845181,0.8250102279890206,0.908058140541457,0.8592642631772309,0.9119594933826474,0.3224524473075606,0.9198988420720091,0.7076584809035018,0.7593822847131333,0.8404791612293148,0.7659939160922598,0.2403665335528824,0.9009606921643898,0.840479161229315,0.8716488174471995,0.38465553012185716,0.8592642631772311,0.45377307161821334,0.6893288595928484,0.6761334316425749,0.9478898002336913,0.8592642631772314,0.8289245259008577,0.7869659175862751,0.8179682595223976,0.8465237589272383,0.2615258493778575,0.7401633394162197,0.8404791612293148,0.8091541747539734,0.9542389575053958,0.40346858038412003,0.6339522064406282,0.632804619599955,0.682556916081384,0.8166476462531389,0.6974929753829715,0.6154209389664302,0.9026728454973332,0.6115230248335803,0.9759727047473505,0.9037459731080713,0.8283831234352584,0.6950423560916834,0.8478242765918376,0.8289245259008584,0.7336362758241322,0.844689244202796,0.7692505156398977,0.8592642631772309,0.9794170442286303,0.8233788637195056,0.8289245259008584,0.8361454645127424,0.8607445789665018,0.8730956945148614,0.7904210771211471,0.6891386592860862,0.778374467493341,0.8951131855351439,0.40646182051036794,0.4889413616686369,0.7877637952475487,0.6659190087913015,0.5044241557698461,0.7543153079381831,0.6829978558444959,0.5445907341416032,0.6828528021786944,0.642167490778613,0.8730956945148614,0.3329589568692909,0.726636185516313,0.27956592447221273,0.8126806934976472,0.8233788637195052,0.8557274343374224,0.6295518119469028,0.2530648153262267,0.28582293964732164,0.44092332573322723,0.8289245259008584,0.544122077295879,0.7131243015565074,0.7307161954150858,0.9171705206748193,0.9873773656276404,0.36468336858532313,0.8289245259008584,0.8289245259008584,0.680515910388982,0.61152302483358,0.5813286668125603,0.8289245259008584,0.9026728454973327,0.8289245259008577,0.7593822847131334,0.720247483891665,0.38744843770937387,0.8289245259008577,0.7431708752992907,0.8172409646532208,0.4874092618036041,0.40498045219030354,0.8289245259008584,0.6758084770167974,0.7185724959671096,0.29675242461197127,0.3878444996959214,0.7638345700673836,0.67665141914882,0.840479161229315,0.23672706614804861,0.8289245259008584,0.3930696091288497,0.7692505156398977,0.6649870337220058,0.7146457169108835,0.8034565198481158,0.49665933436417764,0.807505714589273,0.8289245259008584,0.9538349474927796,0.6312739849026237,0.8289245259008584,0.9468737031793137,0.6450489749187882,0.7083873947883748,0.42906016873132446,0.21091034099541095,0.8289245259008584,0.7266797348140654,0.4344815423843643,0.9870215845382495,0.6645132499831974,0.5442223162937451,0.6890531235452116,0.48204453791367696,0.6666245074343595,0.8404791612293152,0.7903613557507905,0.4612336554976316,0.8779967882982902,0.3997474271002257,0.751593747634782,0.6225247264489617,0.9729598995816908,0.8465237589272379,0.7692505156398974,0.8289245259008584,0.8942631579092648,0.736991499277952,0.5066272629457962,0.8499576014945192,0.7775244447977969,0.8179682595223983,0.637171051482711,0.9854209750466845,0.8456324037363958,0.873011783414986,0.8289245259008577,0.8281698192730857,0.698083350296768,0.6934181709497436,0.9642609473733315,0.3716310389974504,0.8407776471276052,0.9144736657015358,0.8542560104774402,0.5575356847512427,0.841911943731436,0.902672845497333,0.7552465123487095,0.7232823364271652,0.7802887623676393,0.773781494943329,0.8419119437314362,0.775731685290824,0.9651577861008538,0.9824614342599636,0.9139504732212262,0.9584969119895823,0.8483281082368606,0.6478588596437869,0.9737501889024387,0.6034832359269184,0.5006841064538738,0.5489086811601167,0.7498772340347273,0.8126806934976472,0.6163987385457383,0.6799089551274373,0.8122023108403993,0.9418109695325809,0.8542560104774406,0.449809594729601,0.8751422028663824,0.5688780630012921,0.7552679275498628,0.7526714876460538,0.5818509497882385,0.840479161229315,0.9361433667145862,0.6074876560344191,0.8587960189218706,0.8332472188162818,0.9992598421053649,0.6848500081215076,0.6087167766684374,0.9198988420720091,0.7955580363265204,0.8396501108322616,0.8126806934976474,0.9919993313617506,0.7907467895024354,0.7474008553057092,0.47730254537204564,0.7626718293598129,0.851799668828326,0.8233788637195054,0.6648599357898455,0.7603173895009228,0.8396501108322618,0.6262963524180798,0.8289245259008584,0.852776099605769,0.8289245259008584,0.8289245259008584,0.261666407890782,0.9967006774025406,0.726636185516313,0.8289245259008584,0.5221951008970045,0.3822692674629835,0.8098004043167839,0.8466770891648323,0.6758084770167971,0.4856439807816748,0.9193122823201636,0.8794805201493192,0.4097169240470957,0.902877883270043,0.9764625804669338,0.8527760996057687,0.6158334653015921,0.6434601936256137,0.5589039563605078,0.7474008553057092,0.9918070614060726,0.8500620099096323,0.7644040978375946,0.8527760996057687,0.699628033092869,0.8404791612293152,0.78369602323673,0.7633523910171192,0.8654598851162807,0.8305152326565899,0.45329188041904034,0.784498264835477,0.5215089621621969,0.7658915443889583,0.9696251236731337,0.9101635890276072,0.9159248809660823,0.8346191856858276,0.9179482058676551,0.46925254781302217,0.540547483386765,0.8465237589272379,0.7125467106524417,0.8906557158215932,0.6890313753564938,0.628364327674896,0.8233788637195054,0.3469410721870986,0.7941304493658201,0.8730956945148614,0.42221184875437767,0.519906566347438,0.6898472331413987,0.46462072131928966,0.7925699855750052,0.6890531235452116,0.8159109083494572,0.8289245259008584,0.8465237589272379,0.761775106606872,0.8493369404240505,0.5887928569083152,0.7140104328606879,0.8777261541236305,0.8365870358205949,0.4443662520272478,0.7830336770148898,0.200321386096325,0.9759727047473505,0.32994934705806456,0.998934790274302,0.5055852438104944,0.8179682595223983,0.9391495337441298,0.8248875025878905,0.8098004043167835,0.8016923477411808,0.7131405237588211,0.7077657669868789,0.41306259284505265,0.4840563743110896,0.7659939160922593,0.47055228948146555,0.5325898779206621,0.6453616816538446,0.8660229158723238,0.8361454645127424,0.9542583092089729,0.6825569160813842,0.7760441817813624,0.7459591338966872,0.8233788637195052,0.414059642864,0.49110633451140817,0.9502404605673516,0.6544585096962846,0.8789939328097223,0.8004215171689222,0.7570652661468145,0.8196206900298044,0.8524485616896338,0.7683400781691727,0.9219461891612887,0.9586485625763556,0.8981963847868486,0.7787298647570083,0.8465237589272379,0.8730956945148611,0.8289245259008584,0.8404287781482784,0.5752433200079421,0.5451252961131519,0.7904434274795977,0.8289245259008584,0.5020942305740321,0.44752493770360324,0.7511483705735359,0.7593822847131333,0.6934181709497431,0.6838159527417558,0.5030778370257432,0.9699393478101668,0.8205884265357679,0.9132248017483529,0.549341550317192,0.6479481298324699,0.8863374708388891,0.6722953469228674,0.978874656923622,0.8404791612293148,0.7145855431989006,0.9116680775411066,0.7272397652155463,0.8179682595223976,0.9116680775411066,0.8281698192730855,0.8259139697112217,0.8581734835076842,0.5215069062597244,0.6876739674208492,0.9657412631626018,0.8493369404240506,0.7633523910171197,0.4997686436783031,0.37541074323836177,0.8233788637195052,0.8788191408694404,0.8126806934976472,0.8233788637195052,0.8233788637195052,0.9824614342599634,0.8289245259008584,0.7558086291485204,0.9919262538569815,0.8289245259008584,0.778374467493341,0.631967717184986,0.9657412631626018,0.8404791612293152,0.8787329305292697,0.8336168777202873,0.8517996688283256,0.540154342956332,0.4068303673417212,0.6946692109264082,0.36356103726292244,0.8289245259008584,0.6873845493423214,0.840479161229315,0.8716459884847003,0.3979475591545656,0.6912031960493867,0.8592642631772309,0.8346191856858274,0.8009920159983043,0.905015265434667,0.8361454645127426,0.8289245259008582,0.9240582376582436,0.7751295959672735,0.8102185238961002,0.7075518036984474,0.8478271820431229,0.8592642631772311,0.7647776604185779,0.8404791612293154,0.740832748809104,0.39725598153879593,0.8289245259008584,0.8581734835076842,0.6797486983475882,0.7674777878775865,0.5461048075903998,0.8126806934976472,0.7974579792993961,0.41374780397701605,0.8179682595223983,0.5587351334637556,0.2559510314861334,0.8289245259008584,0.8289245259008584,0.9933379181724606,0.6273920402065016,0.6722953469228676,0.6505675240526474,0.32434644946801017,0.5698139046409498,0.5272596910758012,0.23398113066343007,0.7737814949433293,0.35344376325226834,0.8289245259008584,0.9534769487967074,0.8465237589272379,0.7797528582489333,0.48358606377994495,0.8592642631772309,0.5097721012341629,0.8289245259008584,0.8289245259008584,0.30595121920608914,0.8289245259008577,0.2780363746675042,0.8665829228096515,0.5322651913312726,0.7285621140487324,0.9282483808806932,0.7117086268512327,0.29530196840855116,0.5242340834885768,0.8289245259008584,0.7145855431989001,0.19037210720635644,0.8346191856858272,0.9992598421053649,0.9610854286276964,0.8752743793942632,0.8819390500405409,0.7225888481649909,0.8939375934646301,0.6092429001260946,0.8289245259008584,0.33744760785874206,0.9171705206748193,0.5298844492612893,0.6593816857842423,0.5609914739788118,0.7857954081888464,0.65450668298322,0.5214548023849925,0.9458556729955099,0.750707522953701,0.4769222363832717,0.9176251331562075,0.8660229158723238,0.8734045114756085,0.9270564646547608,0.3406784716111406,0.7659316577663344,0.8517996688283256,0.5567626538845694,0.6933524419069494,0.7336285154224769,0.9226285101446683,0.8568976243014228,0.7526714876460534,0.9116680775411063,0.9888128435935968,0.6722953469228674,0.9895342010279711,0.5082873511028967,0.8785858980308768,0.8660229158723238,0.841911943731436,0.9113782654864108,0.4874092618036039,0.8601632422512155,0.7218882545393674,0.9555707628424923,0.689518607867363,0.8637772355924586,0.7346028454445448,0.8782541861728532,0.6519399076913639,0.6966199092026566,0.8289245259008584,0.635579547928814,0.9078348556377037,0.6389893683193825,0.7674777878775861,0.9970225296242924,0.6619964065585036,0.6807368471186166,0.8289245259008584,0.3777724561930357,0.409525422348918,0.8951752090369018,0.20765409945600155,0.24657364274944849,0.20026026355874027,0.8788191408694401,0.5152739527455139,0.8823608078915024,0.8039161405125966,0.3718554242960912,0.7830336770148896,0.4851265387704369,0.8730956945148611,0.8305152326565901,0.8289245259008575,0.8582525299072139,0.9200954605924605,0.4158646696801046,0.9653649722987456,0.45127336091066983,0.9663327708513567,0.8233788637195052,0.4639990131561712,0.5887928569083152,0.6666245074343595,0.346941072187098,0.37199215287841225,0.8289245259008584,0.279143514248853,0.5962644950595084,0.7389815511680635,0.8289245259008584,0.30341458555938505,0.9128207699131587,0.8592642631772309,0.8067744548357401,0.8233788637195052,0.6039198629480993,0.8475064653240056,0.886402306844938,0.869617023200479,0.8349861988384184,0.8542560104774404,0.4338535308406366,0.8289245259008584,0.9713123626186633,0.8289245259008584,0.7907467895024354,0.6355752490903275,0.43203692940155536,0.7797528582489333,0.8662168589959818,0.7135101058776043,0.5669160825446831,0.7593822847131331,0.8289245259008584,0.8184129305555605,0.4047572080991111,0.6468490731319312,0.747400855305709,0.7336285154224784,0.8788191408694406,0.7474008553057094,0.6989093659621978,0.8917899617757823,0.5194389542694491,0.3719921528784125,0.8917899617757823,0.7797830182582035,0.8465237589272383,0.6916606382077992,0.8917899617757823,0.7797528582489333,0.9496001716568843,0.7732961619759444,0.6295518119469026,0.8233788637195056,0.6575819764260115,0.7783744674933413,0.5765591734598102,0.790757432093208,0.9795585447766094,0.5731712360749074,0.6361393960535872,0.8639922800834697,0.8620363073299804,0.754112895958878,0.7389815511680635,0.6856715068988994,0.5770579588006548,0.9276505252720572,0.763094697443903,0.7869659175862751,0.7431358041037721,0.8716488174471999,0.681381920426128,0.9359456864907791,0.834899719560471,0.7775244447977978,0.6899831075273418,0.8465237589272379,0.852776099605769,0.9576282157680236,0.6539339267221065,0.7219349177164958,0.7520406360584729,0.7474008553057092,0.9478023243620014,0.8603362991453394,0.6575819764260105,0.8289245259008582,0.6128311535682478,0.6940395855347794,0.7999904158120232,0.5541583670793608,0.9145815039437206,0.8527760996057687,0.8447093772441516,0.9829541350547653,0.6220693953027716,0.8935889455014907,0.7729021561384339,0.8802434988262273,0.9765030029301447,0.9162501422055284,0.7974579792993961,0.8777476884176103,0.851799668828326,0.8400649439371844,0.697791608071779,0.8404791612293148,0.8647795435579986,0.41439466231860544,0.5765158291326471,0.9339881298829693,0.9074900605314559,0.3567161869931711,0.6846743125238666,0.8456324037363951,0.817968259522398,0.438579790525668,0.9182817489803801,0.6895347366508602,0.9339881298829691,0.39980181724342767,0.7783744674933408,0.852776099605769,0.4708989157778979,0.9112990802027563,0.8949399014301702,0.804127717502595,0.6872510991832352,0.8257456842344688,0.8391383579872429,0.8527760996057692
p35_P,0.8722412459341027,0.6152868151486747,0.9894245425649195,0.8405282505479154,0.8759110188590662,0.7403218848132079,0.8129536680332371,0.7795469486911166,0.7848242336194753,0.9028202028772292,0.9746761314564315,0.8718884926994315,0.8718884926994315,0.42196759714019616,0.7594138260533124,0.8085260178646339,0.7362441981158596,0.8590213675671428,0.822832612102515,0.7212075690335062,0.9578807788276258,0.8973721012321086,0.8326503130881795,0.9487969858083061,0.905783801848909,0.8326266896887442,0.5825414332854887,0.8616803956492041,0.7212075690335056,0.6622604853543885,0.8406452729382574,0.888676559370384,0.8903852777825743,0.9739778368758785,0.909249860383132,0.6632614409621947,0.9831746687645955,0.5394187023453079,0.9079504174811017,0.4624740809036262,0.9192130655608859,0.8359132192646186,0.9079504174811017,0.8085199326743917,0.7669847510819344,0.5870678833155263,0.8842921321245039,0.7568996972756228,0.7153825090783239,0.7356689330100852,0.8886765593703843,0.546686233720468,0.8583226849174201,0.8566963326642261,0.8903852777825743,0.9008986253002533,0.7005889370309104,0.8759110188590657,0.9739625959804283,0.9940936245905947,0.7704898006819791,0.9451217727754885,0.9104133580244951,0.7734251493891513,0.6477372045373884,0.8808454679700191,0.7432109646215949,0.7899115587204084,0.9329731642591192,0.7430470265323549,0.43442993604236,0.9558365342945696,0.8759110188590662,0.5913986928563411,0.8759110188590657,0.7760156473669659,0.9817342729841915,0.7737329690747585,0.6419781129127171,0.6963559225999976,0.8817930382709451,0.7620789669269187,0.8655660606608154,0.8583226849174204,0.8759110188590657,0.40277503125507574,0.7567684816453044,0.6961237741807667,0.7594897694015379,0.8718884926994317,0.8759110188590657,0.21968627417493325,0.652542938704856,0.8183163223251755,0.8682708218111954,0.8536603997789524,0.21942230970501442,0.9041909372048174,0.5600050674650578,0.6450566905864632,0.6009608276137007,0.6183143059691418,0.5906675167558815,0.5380320504745113,0.918432193455522,0.8979178384019253,0.5363066898525057,0.5767617403685057,0.8460552306072362,0.5820623060664447,0.0,0.7722200821537708,0.7746709321476646,0.6424080142533481,0.9553483552539828,0.7425553780452976,0.7619581629784238,0.8979178384019251,0.995882341907524,0.716677542933347,0.8085199326743917,0.288856754426034,0.5197556301140243,0.8968160115722381,0.7562373866524387,0.48859961686548803,0.9487969858083061,0.9011976669500195,0.7717677348931046,0.8146814005692065,0.6891601884219125,0.9025391984870588,0.706399717020793,0.9079504174811017,0.5518008803194157,0.8874877367103922,0.7903672657442624,0.8168334598231992,0.925487806971186,0.8679639303639386,0.7837686264423325,0.9028202028772292,0.5858555644402983,0.5316816470716381,0.3083580523273257,0.7816004472818268,0.8858350113238409,0.6141972970346385,0.8293823202072208,0.438395865547593,0.7629822610434245,0.7704898006819785,0.6112911572517868,0.761697562631263,0.9272672026256052,0.8546731630246907,0.6025126223859387,0.8446873209299344,0.7771268373740461,0.4835389015790271,0.6318998460739462,0.9380673100517983,0.7355005457500069,0.5456887927834817,0.881446379628938,0.39244091371167,0.7570585140822959,0.9192130655608858,0.9892540570511907,0.7600201396584207,0.584741184576531,0.8718884926994317,0.8759915979459512,0.6859061278014631,0.7995515362307513,0.5635295507957045,0.8228326121025151,0.8331112669780159,0.6506928782597647,0.8324687367247873,0.8054792518625158,0.799826722572992,0.7254959643852121,0.8718884926994315,0.83081942768848,0.4642877577120711,0.716677542933347,0.7985920787259391,0.8566963326642262,0.832993572669084,0.8994963539206025,0.8442429032568111,0.699202897350427,0.5867768144666912,0.8711628406690779,0.8759110188590657,0.8800416198957273,0.7536469869560936,0.7762518377762884,0.9211935431865933,0.8456315427800838,0.9366782695007885,0.8759110188590657,0.9595913757866518,0.7444694691702629,0.9445948948871477,0.8759110188590657,0.81725348297225,0.7929756481234911,0.8472003048048291,0.7771268373740458,0.7330604696642047,0.5773984044890329,0.8759110188590657,0.7268802656648501,0.8759110188590657,0.8163297217952294,0.7741351649807521,0.7259694881099736,0.8759110188590657,0.7945085658847857,0.8759110188590657,0.8129536680332372,0.9153965235917709,0.3705033051634601,0.9646691890786379,0.6893705290986212,0.5125422997058324,0.8679639303639384,0.8867712181861889,0.9057828313463652,0.5449335274057454,0.664817516114601,0.9964083993604729,0.890455955024803,0.8310554840860195,0.8241238792248227,0.9981003045437435,0.8723488769074137,0.8146814005692067,0.7929756481234909,0.8641286133251769,0.2180632463704001,0.9310287774772668,0.8759110188590657,0.801600555787221,0.8759110188590657,0.5664099893950625,0.577557530950753,0.888676559370384,0.8475528129637406,0.48393694578377444,0.8800416198957273,0.7901039681936515,0.9563489939600605,0.3026965186519608,0.8885576332928573,0.6609657455038134,0.8842921321245039,0.282196601761626,0.819657235122329,0.6194634434562931,0.8718884926994317,0.9314659325100629,0.5716104994026556,0.9079504174811017,0.8022957438188909,0.7125493088987347,0.8359132192646188,0.7668561897602926,0.2779628267376276,0.8886765593703843,0.6453782770392347,0.6199067554402721,0.7723238522427118,0.8979178384019253,0.6117579971026166,0.9950673783496342,0.6026084398654481,0.6749432847059751,0.8979178384019253,0.7000284290214194,0.7352793024626756,0.9697201927784764,0.9804090121297742,0.4219675971401956,0.6183143059691423,0.9739778368758785,0.5286149133615028,0.9310287774772665,0.9198202436892433,0.7604267522281004,0.4127852639214984,0.6632614409621943,0.5510455083113728,0.6455079967206729,0.9324146569619929,0.8760334849176707,0.8627254048875949,0.6240063582799471,0.6395099806259146,0.5644524456161095,0.706399717020793,0.5456887927834817,0.8087573860550596,0.6538424175338815,0.892418408800612,0.7958675700045754,0.6199079226076234,0.7994712074340726,0.7350485434995551,0.5323360612285923,0.7181814113115652,0.6733411116542725,0.3086841852889939,0.8047569530533429,0.8244366800443657,0.8465316450632611,0.9066861494220956,0.8363871530149223,0.7044214340658566,0.9553483552539828,0.8759110188590657,0.8886765593703843,0.8053999466997337,0.4992774343656785,0.8979178384019253,0.9314659325100629,0.6745830696910686,0.8759110188590657,0.9839224347982667,0.8979178384019251,0.8282538092396303,0.968043701810068,0.7836830601443556,0.4697163339808895,0.9254878069711863,0.6228028739785785,0.541914808366484,0.8506369201724969,0.8603749609471998,0.40174080382577493,0.9198202436892433,0.9362999131857441,0.5587171178680503,0.8566963326642263,0.8233264224331773,0.7403218848132084,0.5418402394638846,0.4356443372456127,0.5434810208662455,0.8899469629462304,0.9042833811001103,0.8478352165060605,0.5543324096346611,0.5286149133615026,0.5460141960929126,0.41786466202864525,0.8759110188590657,0.705573573755367,0.8209598208811353,0.5145350875284389,0.9572501368720675,0.9445948948871477,0.6374141836127907,0.8759110188590657,0.8759110188590657,0.8293823202072206,0.8046304568319202,0.3737435064718435,0.8759110188590657,0.7629822610434246,0.5906675167558816,0.6312479238440556,0.7678134211072545,0.6584552938774055,0.6240063582799475,0.4090377592742841,0.7286477577279441,0.5289876964142235,0.5847071627969103,0.8759110188590657,0.9523499850570092,0.39244091371166967,0.5258857608999019,0.6182797936175382,0.8329935726690839,0.5926625020620715,0.8842921321245039,0.501820394392984,0.8759110188590657,0.402139569599696,0.9104133580244951,0.7990019450548931,0.6715091284820967,0.8800416198957275,0.6525429387048559,0.5994393360160566,0.8759110188590657,0.7650269940759147,0.6816763408647417,0.8759110188590657,0.9314754198893602,0.9697527678043716,0.8532727001232652,0.41571748826536925,0.5168422534417076,0.8759110188590657,0.7041052583379691,0.8056693819842982,0.9155170264162831,0.6926420525089286,0.7074181087543032,0.7935527932460544,0.7760153465387931,0.4261771671532264,0.9908764668187224,0.8850469976438216,0.7226271542885687,0.7514689554411658,0.6559489803045975,0.5366462493108892,0.8853046548466602,0.8696847088727695,0.962299054571988,0.473581439137003,0.8759110188590657,0.8627254048875947,0.7724367359222877,0.9795592977520449,0.8817930382709451,0.9211812452239576,0.9310287774772665,0.9308698778050633,0.879314599410247,0.8679639303639386,0.7737329690747587,0.6906840413280788,0.7326238934124736,0.927668151301817,0.5615704003698252,0.8979178384019251,0.6554372138066928,0.9445948948871477,0.974033410928026,0.83265031308818,0.7588705490363659,0.841130653397387,0.721207569033506,0.9717193853836852,0.8836180041974138,0.8061535262815899,0.8359132192646188,0.8495413835116434,0.9981003045437435,0.8670110869223191,0.9587304756703383,0.8231625077327724,0.784424271717683,0.7355005457500066,0.8694757072172645,0.9104992043254698,0.816778116984666,0.4520505802330467,0.5445081282608908,0.513415988318978,0.7669847510819339,0.7061446222017103,0.5747826078755331,0.8339245745794144,0.8658231365963154,0.8967451614217743,0.42204440169371404,0.9104992043254698,0.9024716018446366,0.8658231365963154,0.8163208078536262,0.51370910074293,0.618314305969142,0.8568362476989846,0.8609518636400586,0.6467440777265523,0.8310554840860191,0.9378106311870051,0.7040550621324039,0.8273044411517507,0.8007542456110428,0.7653802590312331,0.6747630921837116,0.8284658570140827,0.9622990545719883,0.8979178384019253,0.4910743603611869,0.510213602433039,0.9362589842996633,0.9985319536978545,0.9661370652971759,0.6125248397361569,0.9357038119827237,0.8641286133251771,0.46515230165563426,0.8759110188590657,0.8932116722416497,0.8759110188590657,0.8759110188590657,0.5572055673941296,0.8426242563237651,0.435644337245612,0.8759110188590657,0.5489279346020786,0.618674570096684,0.8363871530149224,0.5788064381759672,0.9523499850570092,0.8235922190754523,0.6011828467947158,0.781950580911569,0.6089082512945174,0.8603749609471998,0.7760156473669654,0.8932116722416494,0.8431388251058147,0.7151131443985955,0.695364619137071,0.6581444520363257,0.8903852777825743,0.9310287774772668,0.6242871874859386,0.7242457250742158,0.5014139893644689,0.9908764668187224,0.4883668231984061,0.849541383511643,0.7983445287258782,0.9508660665197832,0.6453782770392347,0.7623342704366175,0.7704898006819791,0.8426242563237649,0.8500618890587055,0.9198202436892433,0.8495413835116434,0.7074261846288004,0.9306187823126201,0.6822851615705012,0.6943837850001267,0.8886765593703838,0.8751203513462891,0.8641286133251775,0.9472774083791913,0.6539639475258534,0.7717677348931046,0.4686792310021044,0.9139593547568133,0.7842878470264196,0.43316221954036616,0.6861661056913713,0.7623006060359168,0.5130454151181243,0.5318026903064182,0.7935527932460547,0.8864800801388508,0.8759110188590657,0.962299054571988,0.8836180041974133,0.909249860383132,0.8105240273145328,0.8776621074290039,0.9625612010339306,0.8413694136128165,0.6078390177582276,0.7785294079901703,0.5372020077044914,0.9028202028772294,0.4562840962284488,0.9392053703799945,0.6737919398027037,0.8994963539206025,0.7795012370283051,0.8008457522998027,0.5775575309507532,0.5760300186885362,0.9063388918729849,0.7416189823766328,0.5770940867224368,0.682227809827169,0.7496722120299347,0.60239171218467,0.6503694130170617,0.8167781169846662,0.8047569530533429,0.6851962751432605,0.8800416198957275,0.7892476089652621,0.8802004552898299,0.7567377547290821,0.8718884926994317,0.621447764169619,0.599081495365652,0.872219771452842,0.8075298764389567,0.9553483552539828,0.5802070650525131,0.875068301772281,0.8881621124088335,0.8570881494557263,0.729745919897099,0.8736286714454422,0.7706125802606789,0.8530868722164202,0.9042833811001101,0.962299054571988,0.828253809239631,0.8759110188590657,0.9138693507011497,0.7602068889242685,0.5720365637355314,0.4237632270408881,0.8759110188590657,0.7498814091103712,0.44067775391162123,0.7704898006819789,0.7707681416466284,0.8244366800443659,0.4762656969715968,0.7790296010336033,0.6781257278635645,0.9070190795022043,0.7261449993825247,0.6506697408271416,0.7569321572390619,0.8932116722416497,0.4910003486892971,0.6756819096766079,0.7959548637928398,0.4907345211678903,0.7403218848132072,0.8720956237171462,0.6590497162861018,0.7403218848132078,0.8566963326642258,0.7254959643852121,0.6906840413280788,0.9749938436300303,0.9110801213832305,0.8979178384019251,0.8759110188590662,0.9057828313463652,0.4771488578622515,0.5456887927834817,0.9042833811001103,0.9640784502264073,0.9563502722233994,0.9042833811001103,0.8718884926994317,0.8241471007627722,0.8759110188590657,0.8948691662912509,0.8950892352008182,0.8759110188590657,0.5228731763347126,0.5929975628118861,0.9378106311870051,0.9908764668187224,0.9314659325100629,0.8800416198957275,0.8718884926994317,0.5208391922013931,0.6691058148529974,0.8426242563237649,0.6115557384748422,0.8759110188590657,0.333233805942978,0.7959548637928398,0.8658231365963154,0.6679845849257162,0.5274598427255253,0.7829398193174355,0.6386708187162214,0.8460552306072364,0.8814380651907733,0.795490038496085,0.9425887019071979,0.9666216676892168,0.7100334563514935,0.8252145437114642,0.7724915154839476,0.8024391351292832,0.9026181976726751,0.5130557665385654,0.955348355253983,0.6175358434163164,0.6598427258496753,0.8759110188590657,0.7573617243762101,0.9387402935937053,0.9028202028772294,0.6122508083742981,0.9206875159123044,0.8024391351292824,0.6596030403227284,0.9310287774772665,0.6042731480724557,0.5740306791238641,0.8759110188590657,0.8759110188590657,0.854552564230666,0.6227403247404371,0.49100034868929676,0.7657507376628467,0.6680656726241982,0.5323977364609432,0.6943837850001269,0.597284047863677,0.5109756164326968,0.6740037680197084,0.8759110188590657,0.7956039782769542,0.962299054571988,0.9079504174811017,0.4290233339717132,0.8979178384019253,0.5874904052024605,0.8759110188590657,0.8759110188590657,0.5478516028186868,0.5906675167558815,0.6391205327397809,0.905782831346365,0.495753648132109,0.9463161534797553,0.8475528129637409,0.9000029539952632,0.6255489402108738,0.44865307469790006,0.8759110188590657,0.42561726383074294,0.554395924473323,0.9831746687645955,0.9378106311870051,0.9005887978832261,0.8502617204814744,0.8637287639316904,0.40277503125507574,0.8800416198957273,0.9941844178267916,0.8759110188590657,0.5913986928563413,0.6245650735018726,0.7734251493891515,0.5592230918612678,0.89016435067796,0.8566963326642261,0.7677475272784611,0.32332081399899393,0.8932116722416494,0.6789152562506928,0.6796047038140103,0.8948691662912511,0.8465316450632612,0.9966981620157498,0.8583226849174204,0.5576016614550088,0.925487806971186,0.8718884926994317,0.696850393700787,0.8759915979459509,0.6209690358421844,0.9856369766606268,0.9079504174811017,0.6860862931793317,0.9079504174811017,0.9079504174811015,0.6285501728188629,0.8954478193024811,0.7650269940759147,0.8759110188590662,0.9863695868970659,0.8692513773147478,0.849541383511643,0.4095545277945607,0.8903852777825745,0.8718884926994315,0.974566237928235,0.7594897694015372,0.880041619895727,0.6358584051822322,0.8209598208811351,0.6125248397361569,0.5715140977007723,0.8759110188590657,0.21968627417493325,0.9425887019071979,0.5724411185845484,0.9028202028772292,0.9665354521251555,0.8924015577732274,0.5955333339878972,0.8759110188590657,0.5227545743884665,0.38978110848091185,0.8392447154194038,0.5401514853858875,0.5766014245122983,0.5430513981344214,0.925487806971186,0.6096878830484198,0.8213231176812359,0.8293588924489148,0.6321848359759614,0.5620457875981335,0.4223469168190608,0.7842878470264197,0.6702875977941523,0.6573451998040128,0.8469021918494404,0.8418367231656725,0.6062546316543376,0.8212505306628737,0.44643273890519264,0.875911018859066,0.9042833811001103,0.6446275829113295,0.6183384901575679,0.7647428671038178,0.4829808634765538,0.46700644788133383,0.8759110188590657,0.4976304401696976,0.8016969006434497,0.44522096677395806,0.8759110188590657,0.6089082512945176,0.7795012370283052,0.8979178384019253,0.8696847088727697,0.8718884926994317,0.7760782863267531,0.8583226849174207,0.8723488769074137,0.800217046448119,0.6913480334868627,0.8597107656371843,0.3802291161421085,0.8759110188590657,0.945724055977363,0.8759110188590657,0.8979178384019251,0.40494408105306456,0.7174453857111873,0.9079504174811017,0.8198775277151975,0.7187244540012832,0.7677475272784611,0.7475147720128663,0.8759110188590657,0.6797675614805124,0.6655751671805616,0.8368759990405547,0.6342772960827343,0.8146814005692071,0.7063997170207928,0.816778116984666,0.8137099161685823,0.8397427871009944,0.7382952895012596,0.5100989895890228,0.8397427871009944,0.9567950987167257,0.6327772218191887,0.9147162799480846,0.8397427871009944,0.9079504174811017,0.7048453961950866,0.8800416198957275,0.5543324096346611,0.6097932928897116,0.837263016912738,0.5760300186885365,0.9555941525500817,0.9232101627977853,0.9238056139707786,0.7901039681936524,0.8293823202072206,0.9042833811001101,0.905782831346365,0.7872621329423586,0.6545012934778178,0.7724367359222875,0.7574225263588126,0.8265411974410266,0.9603895611452964,0.5889282949909747,0.9144193028520167,0.9553483552539828,0.9350829104287759,0.8507255225336661,0.823010002210335,0.784305025735177,0.8730125402796183,0.888676559370384,0.9314659325100629,0.9265668178116022,0.8440741747631963,0.673988984840576,0.9318548420045338,0.9445503234794207,0.8433558165950721,0.6851962751432605,0.9079223191452044,0.9573947735206048,0.8266506203656543,0.5806106241802658,0.7873800192011955,0.7956039782769544,0.8493476801093931,0.8772627661478697,0.7721027745145291,0.9337866857551895,0.8326266896887442,0.6747630921837114,0.8655660606608158,0.8807928424296406,0.8861865805383324,0.9291729920818361,0.8311453011838079,0.8334950496006719,0.7069779580917475,0.8823998249687723,0.8021340577165565,0.6538424175338817,0.9144193028520167,0.7404233186480345,0.8230100022103337,0.7604267522281003,0.9242289733842736,0.698355162624962,0.8943125396903072,0.6590497162861008,0.9940936245905945,0.6946967075579709,0.8418142304576544,0.6482001476945158,0.9025391984870587,0.6558232732037514,0.7886573881038308,0.8932116722416497,0.7567377547290821,0.7199711890095559,0.7761815505413794,0.9028202028772292,0.9790934579684646,0.8979178384019253,0.7985528625287579,0.9314659325100629
p36_E,0.9608790622722906,0.670034802914161,0.9417955146810999,0.9334160095166193,0.932833950574053,0.981956748291383,0.8180658807553765,0.8190929955281046,0.8728105285248215,0.47223836690468357,0.9908966831572723,0.9693318146530957,0.9693318146530957,0.7435323493596169,0.9784004338929009,0.8510206065531403,0.926456449323181,0.7336084413543078,0.9447456538980155,0.9236313915934431,0.9894003837489755,0.9185607716438655,0.9983594330401346,0.5873320905808668,0.959237033712196,0.9094052998937725,0.9786393975617038,0.9233721476659593,0.923631391593442,0.7452297736657489,0.9008268910150359,0.9397435965156078,0.9707495588862811,0.892674460956127,0.932833950574053,0.9936745866415236,0.9587973377153393,0.8439509959722644,0.4390189014229985,0.6629137170460282,0.866963168156325,0.9111842105263157,0.9501760208500687,0.8848449272091168,0.8837352444465892,0.9639375320094616,0.9373704232137268,0.868416302574814,0.9076492093936457,0.8569246572337172,0.5488494918604485,0.8403193684400957,0.9094052998937725,0.9870038583237335,0.9707495588862811,0.9059145492620324,0.7480600708016643,0.9328339505740528,0.9888055423587139,0.9741187306463792,0.8757722623764219,0.8227238246031402,0.9094052998937732,0.8661568843269691,0.942198331919694,0.7906189576364939,0.9397435965156078,0.9472361808993536,0.8280924760366077,0.68577578933922,0.8913931987630616,0.9076492093936457,0.9127774219260275,0.9763993910467474,0.9328339505740528,0.9048069198992976,0.9185607716438655,0.8579614827921471,0.9254841154416611,0.8462222865742864,0.6807145489719804,0.9129874603663681,0.9854433830775421,0.909405299893773,0.9328339505740528,0.663843929921064,0.9185607716438655,0.7862828222369784,0.7964090950021853,0.9306566646589698,0.9328339505740528,0.7753016271609583,0.7632379735095631,0.8808735852059528,0.9025045192170256,0.9580340059652186,0.7825732662420269,0.9065230692823054,0.9665635897366467,0.8281320737595221,0.9402963929884998,0.898102672689,0.9842968264073597,0.8939544673975598,0.854546208486769,0.9447456538980155,0.8719604375756268,0.9983903325379988,0.9556365193397718,0.9800578728324698,0.7722200821537708,0.0,0.7448518495622389,0.880270387725502,0.952944974054758,0.779741599857591,0.9677148480463276,0.5010365109578354,0.9819567482913831,0.8123127184484016,0.9833367336529988,0.6051427045707587,0.8705100723917392,0.693910157453815,0.8526038609382819,0.743040758864272,0.9587973377153393,0.9400996476017193,0.9693318146530957,0.8879432507007239,0.9090986510815184,0.9373704232137265,0.7761414525822007,0.9501760208500687,0.926456449323181,0.8496939689318227,0.8420040142244127,0.9397435965156076,0.9397435965156076,0.9285324039439791,0.8085843310136368,0.9473991727811975,0.8361545194120006,0.8615455136480232,0.5962130439176736,0.8817861584679048,0.9993119428479296,0.9269858616034761,0.9076492093936457,0.9903060151926137,0.9473991727811975,0.8757722623764215,0.6310207023616359,0.869623426400324,0.9965665866960458,0.9466889433536754,0.9765618597713992,0.9195505082342441,0.8230808827755756,0.9304212583514109,0.8529860657001471,0.9922127245794845,0.758794298964318,0.9943498684057497,0.8933070922890567,0.8895085707332924,0.9362905229479637,0.9254635393306819,0.9025045192170258,0.8970085635904692,0.5999538421934988,0.9306566646589698,0.9059145492620324,0.9086081532995891,0.9998539100557252,0.9767397936492347,0.9447456538980157,0.9409069832673276,0.9305758392712087,0.9872190633517801,0.7915703884801705,0.8804653487557292,0.9828090781367664,0.9193260543091283,0.8873780235023768,0.8547865953907363,0.8123127184484016,0.8291370999095794,0.9224335544163885,0.7736181343373175,0.5360488363029945,0.8728105285248215,0.8946691478784725,0.9875649574194907,0.7823432382377505,0.9328339505740528,0.5873320905808666,0.9285324039439793,0.8627305872539737,0.8929188526819742,0.970085800496894,0.9306566646589698,0.9328339505740528,0.9455167749335319,0.7220166287647436,0.4722383669046841,0.9328339505740528,0.8047529831701912,0.8879432507007243,0.9872190633517801,0.9329181680524055,0.9667561449440303,0.9306566646589698,0.9328339505740528,0.971560448479178,0.9328339505740529,0.7959854875305834,0.8632032458559101,0.8465567078000036,0.9328339505740528,0.9895435793818463,0.9328339505740528,0.8180658807553767,0.939957779158985,0.7379920830073724,0.888162112408833,0.9922127245794845,0.9844586477467467,0.9285324039439791,0.9148167155454525,0.6907669879810556,0.9066648743780518,0.7253748110361924,0.9688274750145475,0.7761414525822007,0.8669631681563253,0.8070873137034836,0.9016719843861538,0.8435818381158267,0.9214489273204716,0.8879432507007241,0.6464748616587992,0.7963810727792782,0.9285324039439793,0.9328339505740528,0.9623366128450224,0.9328339505740528,0.9718643819904421,0.8440113363412964,0.9397435965156078,0.9821448110590096,0.9623805893955588,0.5873320905808666,0.8863888870954331,0.9981997428137876,0.828501754846454,0.9908966831572723,0.8906557158215924,0.5690488644944557,0.8358713203805138,0.8303641671418631,0.9935833561100021,0.9306566646589698,0.880650259426776,0.9342186777459942,0.4390189014229985,0.9643546889603314,0.9894668454657731,0.9678362573099417,0.8545462084867692,0.8273749485191677,0.9397435965156078,0.9857386551844644,0.9128096791416049,0.7064485353366214,0.9447456538980155,0.7737814949433293,0.8863888870954333,0.9129874603663681,0.768939526806941,0.9447456538980155,0.8760322104935401,0.9984374869620813,0.942198331919694,0.8655153376703726,0.707637722568087,0.9373704232137268,0.8926744609561268,0.9870400939460185,0.9285324039439791,0.9373704232137268,0.9373704232137268,0.933154360007364,0.8705150677206019,0.9335570445856329,0.8081229518169688,0.9304212583514109,0.9120206826638078,0.808935308260141,0.964240297759334,0.8581123868461766,0.7794209998270962,0.9397435965156078,0.9943498684057496,0.7811955890668765,0.8981026726890001,0.8190726528861472,0.8895085707332924,0.9133452570140608,0.8325520639929127,0.8268658596875627,0.9098593258370475,0.9468683235776647,0.9392809975639448,0.8072922560202884,0.9473991727811975,0.8728105285248215,0.9473991727811977,0.9272989769634583,0.7099886298623066,0.8963692969443755,0.9922127245794845,0.9328339505740528,0.9397435965156073,0.8253371875489366,0.8129387210769572,0.9447456538980155,0.9421983319196943,0.8193145336211938,0.9328339505740528,0.9166738102381797,0.9447456538980155,0.7104878248571902,0.9893948076321001,0.8572866284679929,0.9129874603663681,0.9397435965156078,0.9432883798918772,0.882424541908103,0.91667381023818,0.9244246976009176,0.8587684430909976,0.5690488644944556,0.892674460956127,0.9123618722182874,0.9224335544163886,0.9784004338929009,0.981956748291383,0.9551473803346369,0.7610803789705597,0.9713852355508772,0.9739085258807387,0.9306566646589698,0.966796737294427,0.9056601403270024,0.9870400939460185,0.8135199428100597,0.9006484574176026,0.9328339505740528,0.8792566610567849,0.8007887412393746,0.7904575636539534,0.937733552557686,0.8591466737807627,0.9916377529077619,0.9328339505740528,0.9328339505740528,0.7409931849660876,0.8520279351465235,0.7688207649758946,0.9328339505740529,0.9473991727811977,0.9328339505740533,0.89752138272509,0.864072529000711,0.921177875255804,0.8613145460927207,0.9355234569898137,0.6473589612727125,0.9222315051031126,0.940475025223066,0.9328339505740528,0.9766405271107834,0.8734463907380402,0.9695865274972861,0.995263704229181,0.6645462310849928,0.8785217380779524,0.9373704232137268,0.9965816016198346,0.9328339505740528,0.935009676221704,0.9715992805222544,0.8873780235023769,0.9951443484276428,0.9350697345319547,0.8687280692572841,0.5660018282600815,0.9328339505740528,0.8916689472964012,0.8531873485669537,0.9328339505740528,0.8991661559057054,0.7613220871167321,0.885121584000027,0.9065434718503289,0.9943498684057497,0.9328339505740528,0.7523784520946406,0.8581696784620512,0.942198331919694,0.9000704871933864,0.8908313481221095,0.9399577791589848,0.8787630926879588,0.8760552409148306,0.952944974054758,0.894956093775602,0.849865490930976,0.5003842619917723,0.9536062830293295,0.8561369579830054,0.8801145595175071,0.9148167155454527,0.9466104231235154,0.9490704397550973,0.9328339505740528,0.9447456538980155,0.8698750345772266,0.8205894998073312,0.9204798499326443,0.9063747143991654,0.9285324039439793,0.933154360007364,0.8526644099626328,0.9285324039439793,0.7250262824270213,0.9328339505740533,0.9870038583237335,0.9460540555153263,0.8520279351465234,0.9447456538980155,0.9185308994246547,0.9473991727811977,0.9417225646937945,0.918097849465183,0.9071815030400758,0.9185607716438655,0.9473991727811975,0.8646028378734785,0.8895085707332924,0.9417955146810999,0.9111842105263157,0.9185607716438657,0.9320042986155881,0.9373704232137268,0.8926744609561268,0.8365035568251129,0.8897904472339431,0.7587942989643184,0.866963168156325,0.9465849497022305,0.9008268910150359,0.907753122760911,0.897954796207999,0.6633710475424912,0.9311873210041459,0.9984374869620815,0.9960924775122679,0.7794269761511458,0.9540147404500321,0.9148167155454525,0.9026224400641785,0.9204798499326443,0.8519939337936938,0.9129874603663684,0.9549546039402188,0.8740653047751787,0.952944974054758,0.8664184631162983,0.9173673979124738,0.9937940417831581,0.9262698231600373,0.9447456538980152,0.9796663276608556,0.7753016271609583,0.9421983319196943,0.9750371215360399,0.926456449323181,0.9264564493231813,0.996566586696046,0.5010365109578354,0.6570680709509833,0.9114015183226931,0.8848449272091168,0.9306566646589698,0.9306566646589698,0.8345541328101032,0.7779195459429327,0.9264564493231813,0.7845229338454947,0.9328339505740528,0.9421983319196943,0.9328339505740528,0.9328339505740528,0.8281320737595219,0.7092410557284781,0.9619234929707896,0.9328339505740528,0.9833621105039636,0.9352300610400853,0.9214489273204716,0.905391776538617,0.8696234264003238,0.9664840635679564,0.6991604149639393,0.8556695017783711,0.858451192965441,0.6586515508308093,0.8204859352590925,0.8806502594267761,0.8910854332944247,0.9844586477467467,0.8824939460418757,0.8781205899679738,0.9244246976009174,0.6333977017126349,0.7986456259570014,0.9421983319196943,0.8179862879676385,0.952944974054758,0.8029854516603709,0.6907669879810535,0.9111842105263157,0.9148167155454525,0.8712157346960703,0.955404639757861,0.8757722623764219,0.9148167155454523,0.894276316207222,0.9373704232137268,0.9185607716438655,0.9350697345319547,0.7156716592388352,0.8109176934663958,0.9285898982475354,0.939743596515608,0.8597178833007997,0.6464748616588003,0.8186198844949701,0.9502662733268172,0.819314533621194,0.9695865274972861,0.9025045192170256,0.9140895174328348,0.9219085424782569,0.8680157579069598,0.8556695017783711,0.925680384154376,0.8643990948144241,0.7465725820653673,0.8711546763526035,0.9328339505740528,0.9466104231235154,0.9572357245986263,0.9328339505740533,0.8906557158215924,0.9185607716438655,0.9285324039439793,0.9025045192170256,0.8687280692572841,0.7092410557284782,0.9907020899964386,0.9473991727811977,0.940547576098011,0.9204798499326443,0.8989412227451097,0.9285324039439793,0.9829255798283554,0.9400656479464747,0.8440113363412965,0.9229034192989757,0.9528969934766461,0.8414753995128561,0.9591062331873477,0.8819946809593435,0.9619234929707896,0.983738680892644,0.8621246252777736,0.9008268910150359,0.9473991727811977,0.959237033712196,0.9350697345319547,0.8865312858464789,0.8713396701567189,0.9437513278182452,0.9306566646589698,0.9368601710957667,0.8587684430909976,0.9501760208500687,0.8949894967894779,0.952944974054758,0.8007887412393745,0.8895085707332921,0.9515107212475631,0.8291370999095794,0.9886468494764689,0.9556365193397717,0.8655153376703726,0.9204798499326441,0.9306566646589698,0.9397435965156076,0.9501760208500687,0.9328339505740528,0.7957048949778913,0.9223483564985548,0.8118788636851744,0.7203984258453255,0.9328339505740529,0.8456616487104847,0.9589354525982217,0.9690134894816469,0.8975213827250901,0.9339575365978559,0.7753016271609583,0.8428691512227089,0.7525741402107647,0.9042000439512241,0.9066648743780519,0.8025114781888845,0.9757903498042682,0.9421983319196943,0.7950048733195019,0.6711655419269309,0.9529449740547579,0.9549546039402188,0.5747533631400945,0.9042000439512239,0.9772068366488,0.5068861322815461,0.9224335544163884,0.9443618136993994,0.9842968264073595,0.8146618761013403,0.9014063051136862,0.9447456538980155,0.9328339505740533,0.6473589612727111,0.7600148520332818,0.8052722504124434,0.9306566646589698,0.9397435965156078,0.9264564493231813,0.9306566646589698,0.9306566646589698,0.8926744609561267,0.9328339505740528,0.6464748616587994,0.7779195459429329,0.9328339505740528,0.7177670188806542,0.9679753048288038,0.9447456538980157,0.952944974054758,0.9397007289779528,0.9350697345319547,0.9306566646589698,0.7371854892425702,0.885745921986911,0.9565880742927937,0.9524980578015336,0.9328339505740528,0.6525316904326732,0.9373704232137268,0.9129874603663681,0.727041067287828,0.9947454453095648,0.6857757893392202,0.9350697345319545,0.7002571784956744,0.8105056597215492,0.9981997428137878,0.932833950574053,0.7434943064820543,0.9667967372944273,0.9008268910150359,0.9501724342195408,0.8579614827921473,0.9320948271810625,0.9076492093936457,0.9922127245794843,0.7779195459429328,0.8146618761013407,0.9328339505740528,0.964240297759334,0.9675043319930906,0.4722383669046841,0.9949365520031337,0.9786393975617036,0.769338015882063,0.9044578620752599,0.9285324039439793,0.8565327062940746,0.9803719542544294,0.9328339505740528,0.9328339505740528,0.8863888870954331,0.8687280692572841,0.7950048733195016,0.7656581909429554,0.9206658609197923,0.9515712896342315,0.9778918280430055,0.9979851612778791,0.8871832358674467,0.9328907017055408,0.9328339505740528,0.868416302574814,0.9466104231235154,0.4390189014229985,0.9242528297990679,0.9447456538980155,0.8457259469302121,0.9328339505740528,0.9328339505740528,0.9659861739710818,0.7583887944261072,0.9767778447841378,0.9185607716438657,0.8230808827755758,0.8669631681563252,0.9042000439512241,0.896616495658181,0.9893063852922568,0.8858665528513685,0.9328339505740529,0.8879432507007239,0.9619491047309605,0.9350697345319545,0.8705150677206022,0.9597483488676191,0.9181109314078952,0.5063234305071165,0.8910854332944245,0.9350697345319545,0.9119352528967861,0.9328339505740528,0.8393502408094382,0.6638439299210644,0.8661568843269694,0.9619881248738482,0.9975757535687355,0.9224335544163886,0.9667561449440301,0.8789644811682344,0.942198331919694,0.8262054086487349,0.8844324453772744,0.926456449323181,0.9236313915934427,0.8975213827250901,0.909405299893773,0.8200466541183982,0.5488494918604482,0.9306566646589698,0.9142865589809408,0.9059145492620324,0.9549546039402186,0.9667967372944273,0.9501760208500687,0.9549546039402188,0.9501760208500687,0.9501760208500687,0.7950048733195021,0.9656054081755225,0.8626344708228049,0.9127774219260275,0.9473991727811977,0.9185607716438657,0.9185607716438655,0.8761413138571507,0.9244246976009178,0.9306566646589698,0.9787436574258666,0.8597715705372191,0.5873320905808668,0.8645621767104701,0.8910854332944245,0.8345541328101034,0.8036092338038382,0.9328339505740528,0.7753016271609583,0.9328339505740533,0.7884037109284305,0.47223836690468357,0.8871832358674471,0.9129874603663679,0.9068182136216998,0.9328339505740528,0.8085843310136374,0.9219085424782568,0.7177670188806542,0.9888729788505288,0.9550760338345977,0.977811182464825,0.996566586696046,0.8783483517815176,0.8664184631162983,0.8102337120326546,0.9720856593855487,0.8763264907178421,0.9013508203866705,0.8462222865742863,0.9983594330401346,0.6554630427594943,0.8655153376703726,0.9076492093936457,0.856860274257266,0.8556695017783712,0.9142855814820893,0.932833950574053,0.9306566646589698,0.861635014700465,0.9153776817116559,0.8179862879676386,0.9033571893499288,0.9387060650327841,0.9328339505740528,0.9857656137390776,0.9188478398694269,0.7076377225680873,0.9328339505740528,0.9311326911882758,0.47335210568935415,0.9447456538980155,0.9148167155454525,0.9306566646589698,0.9185308994246546,0.9715992805222542,0.951776218865749,0.9828090781367664,0.973631689189816,0.7510124144758195,0.9104304613258991,0.9328339505740528,0.9799701406110684,0.9328339505740528,0.5010365109578355,0.9201991471049293,0.8470607380739366,0.4390189014229985,0.9854433830775421,0.9275572413451473,0.8742879430656607,0.8975213827250901,0.9328339505740528,0.9222315051031125,0.9673377046678826,0.837924711472946,0.9886468494764689,0.8879432507007243,0.9397435965156078,0.9008268910150359,0.6645462310849939,0.8895085707332924,0.8583462338175083,0.9608790622722905,0.8895085707332924,0.8975213827250901,0.9397435965156078,0.9031014914644797,0.8895085707332924,0.4390189014229985,0.9094052998937732,0.9350697345319547,0.7690613058923467,0.9306566646589698,0.7009035321691026,0.840848859131647,0.8569246572337172,0.9214489273204716,0.9148167155454523,0.8863888870954335,0.7409931849660877,0.9306566646589698,0.6039509345643685,0.7959854875305836,0.9230054833172635,0.9601713942311847,0.9663776126788252,0.8833108489700485,0.910385958188578,0.7409931849660878,0.5873320905808667,0.9373704232137268,0.8698750345772268,0.8537123174122849,0.9042000439512239,0.7927195694093994,0.868416302574814,0.9397435965156076,0.9987511985291291,0.8561369579830054,0.9025045192170256,0.9996197939155196,0.8910854332944245,0.9745110640206993,0.9294990297839733,0.9981997428137879,0.955404639757861,0.932833950574053,0.7839930876682071,0.7921716494207314,0.885340857755158,0.868416302574814,0.888129670607738,0.942198331919694,0.8926744609561268,0.8767178684422005,0.9094052998937725,0.9786393975617036,0.910741984607254,0.9855764781637497,0.8872197069155325,0.8372735655148076,0.9204798499326443,0.8412237117441652,0.9693318146530956,0.6678050724625666,0.9173673979124737,0.9373704232137268,0.9350697345319545,0.9028980787115758,0.9042000439512237,0.7884180699574839,0.8655153376703728,0.9566787356485545,0.9342056376346594,0.9772068366488,0.9741187306463792,0.9222315051031124,0.8818761392153113,0.9466664444666739,0.9373704232137268,0.9652786001311677,0.7998215790479835,0.9421983319196943,0.8583462338175083,0.9678362573099416,0.9350697345319545,0.47223836690468357,0.8484619576906176,0.5010365109578355,0.945851702221415,0.9421983319196943
p36_N,0.9440325238185803,0.7771687304254185,0.7927360071462353,0.8845837961898773,0.7652689524497791,0.8944675982845545,0.9163207688049442,0.9505725135396113,0.518446195605169,0.8488894389623105,0.8697573482257852,0.8113382209183878,0.7836332302901655,0.9442445407934441,0.9649077662408286,0.7917066766569638,0.9727567245730668,0.8056691765001689,0.8175595086733718,0.9203431471101324,0.8023210102730125,0.8141422982910729,0.9404299210439278,0.8722711465586108,0.8549484868610262,0.6449329538513504,0.922082643749792,0.6607600714066096,0.9203431471101322,0.7702032727389241,0.6929590346490574,0.8268015471657252,0.8342201252949566,0.7711921954233476,0.7937812374916591,0.9436186730193976,0.8722711465586108,0.9347891138321134,0.8568667102675334,0.9841210017185829,0.6835306018343565,0.9200130798230829,0.804725297579278,0.5668630267218296,0.9464665666537815,0.618113171674515,0.880848272833503,0.500835598899289,0.7346965719236449,0.6586797211583435,0.9213426026941538,0.6670115399825183,0.6669088686372897,0.8524311286184667,0.7551296331531681,0.7936167803531393,0.7510144443985955,0.8070467719220202,0.5716418830046625,0.7946893783415643,0.5475546027855354,0.8258191186933326,0.8276450912861084,0.7492466437370087,0.8339485716413382,0.6325503745787369,0.8898606214266387,0.9542368340201063,0.9080094245588979,0.8753838677887602,0.956265463519717,0.7995848241600538,0.8793180926172992,0.4687947362026811,0.8070467719220202,0.5991362375029976,0.8622415158560881,0.8452070533867959,0.5754737704167268,0.9696693743185965,0.9583905879012903,0.9091463145393535,0.926853327087374,0.9595005800017438,0.8070467719220202,0.9526657373128395,0.9824895597686272,0.7289181325152916,0.9424986274972895,0.8007919102864962,0.8070467719220202,0.8084098434803906,0.6771647458540255,0.7047845446498009,0.9682405898806719,0.8205948240860111,0.8285927663552226,0.6186529524494819,0.3675369150705826,0.4237936874858841,0.8149179483304112,0.850463664442046,0.8508058075754193,0.9490315320893623,0.5936858694905622,0.8412664651734412,0.8731816458833499,0.2693816296232212,0.8149097096586179,0.5324270143398073,0.7746709321476646,0.7448518495622389,0.0,0.656043263191169,0.8200790560505895,0.1829834337603483,0.8022561964897679,0.87538386778876,0.8944675982845542,0.37289118180046743,0.6759990364820991,0.7614344088077676,0.8856543818329798,0.8171567659639392,0.78369326171423,0.4933078412264147,0.8428704160376792,0.8152372384690212,0.8562018915429415,0.894957234127898,0.3977200508305253,0.850463664442046,0.8583786401591236,0.804725297579278,0.7887256191380703,0.7793590013037357,0.9956099236675442,0.9843065652291842,0.8268966588916085,0.8216567655514617,0.6532899497111015,0.8488894389623103,0.4937945058628257,0.7402645427875454,0.8023210102730125,0.572370675251143,0.6814050620128126,0.4418032269026744,0.9624915843064465,0.5447029289035719,0.8488894389623107,0.5819939327793249,0.7897092951190827,0.9932827049082664,0.9528245839616691,0.6596797405365372,0.7610461459224136,0.9956704741734163,0.8672651830046108,0.8068428105815622,0.7002617801047103,0.8808482728335028,0.7954933671188167,0.6781302454571962,0.6904953921253871,0.9452454852094878,0.8149475768048062,0.6671015913586935,0.8440788015007781,0.7356822206931878,0.8249230515863106,0.8007919102864962,0.7590586921241532,0.8815517376334787,0.7247261685113979,0.9959397150669906,0.9095012704040788,0.9336647459143008,0.870947977896539,0.8578722310302551,0.9349690771332269,0.6843079570848588,0.9001226202394987,0.8390432115466104,0.9093234780176629,0.752852500896664,0.33220654463385724,0.959695925514493,0.9026060607471648,0.8110428978941755,0.9834610888108481,0.806406159189623,0.7394827388039851,0.5357762616293901,0.9186357823107485,0.8070467719220202,0.9310726076004743,0.719897651880278,0.9311480135915379,0.6578523217707544,0.658679721158344,0.8390432115466104,0.8070467719220202,0.59909528076459,0.48673515179114835,0.8846162930362216,0.8070467719220202,0.9294686251071613,0.6165069764904303,0.5028976673141631,0.6915242853027164,0.6900877319536091,0.8007919102864964,0.8070467719220202,0.857091892714033,0.8070467719220202,0.670894676346375,0.7754794618662781,0.7477543596996683,0.8070467719220202,0.5686937819849056,0.8070467719220202,0.6501174113510138,0.8142061266334053,0.9264838450483495,0.5720365637355305,0.850463664442046,0.4257963185780722,0.8216567655514617,0.9901415714403683,0.7900926895085654,0.8153177923293844,0.623141450652412,0.8643264765668839,0.8583786401591234,0.7492466437370087,0.9010260508205598,0.7984392192917824,0.9172533925824555,0.802140481582074,0.5608169249629351,0.9464665666537815,0.791706676656964,0.8547345879297663,0.8070467719220202,0.764625748271212,0.8070467719220202,0.6977548654116144,0.937972611289619,0.8897655097007555,0.8764081982931557,0.3891002022405785,0.9310726076004743,0.6465885777197201,0.7606222572952099,0.7981024899414122,0.7961064637088178,0.4040418159979473,0.941617489616416,0.8540599581910164,0.9894713456292104,0.6895649932705374,0.8007919102864962,0.9370388334140074,0.7818657698995852,0.8568667102675334,0.5584929168351858,0.9934299541195712,0.7895365256441962,0.7405221641796152,0.8848570338413655,0.9212474909682706,0.518739109313765,0.7367663240896611,0.6078726178679301,0.8412664651734412,0.36734935128632784,0.7751976974658189,0.8182239566029239,0.8235185338465866,0.8412664651734412,0.8707624116592799,0.5848459311575034,0.8339485716413382,0.7115226922991189,0.7453753921148882,0.7849210348604753,0.7492271098269581,0.4703814510097223,0.7946893783415643,0.8504636644420465,0.9720020980078723,0.4686088234961937,0.8412664651734414,0.6452310394638011,0.5973006280036675,0.6100730695617851,0.9118347200636009,0.909501270404079,0.8640713420057806,0.7779554067479175,0.929526314391053,0.8897655097007555,0.44376195944125474,0.7665176829711684,0.8808482728335028,0.7346965719236453,0.7545682722123007,0.5477879518195987,0.9919351758915942,0.6264069348345245,0.969348065663483,0.8982685824486194,0.828421747206881,0.8452007611299153,0.8488894389623105,0.5353850169924896,0.8846162930362216,0.8451432487768966,0.8578305331095684,0.8505070021229941,0.9976132936006709,0.8070467719220202,0.7638375846306948,0.8992703806233999,0.78369326171423,0.8412664651734412,0.8061744934456334,0.8007919102864964,0.8070467719220202,0.7606222572952097,0.8175595086733717,0.8944675982845542,0.8209810932193424,0.5806866496363117,0.7954933671188165,0.8897655097007556,0.6480387774525593,0.48980528911265964,0.8384912670500718,0.703798352959184,0.6556331523889347,0.9720020980078725,0.7328257398433715,0.6330423068526669,0.6959944822232512,0.7329540306560143,0.8568667102675336,0.4094065547472844,0.7492271098269576,0.4733201912971219,0.8150157770573554,0.8284969009147187,0.9258827190449476,0.6706176052601784,0.43324607329842824,0.4026724729462725,0.5368710079576002,0.8070467719220202,0.4568177938488651,0.8386852912053796,0.7545021278749693,0.9716338256293651,0.9367494365942244,0.6832542446928556,0.8070467719220202,0.8070467719220202,0.8976033320700374,0.9564503413878849,0.7777479807985053,0.8070467719220202,0.9203431471101322,0.8070467719220205,0.7453753921148882,0.6581013920600916,0.38865293211466434,0.8925836270476606,0.9923321755667203,0.766043080726057,0.5925872123114897,0.4945718950755519,0.8070467719220202,0.593066263342779,0.7013441631146906,0.4173762199698694,0.5170217597973782,0.8916159101930841,0.7868798975451794,0.8504636644420462,0.37337384933688755,0.8070467719220202,0.46375985642827344,0.974571675640439,0.7188452355579387,0.9395088033517776,0.8631222787530044,0.651676738907736,0.8085544851979642,0.8070467719220202,0.8316057658155334,0.6053597489605702,0.8070467719220202,0.7458055344618268,0.538639458613243,0.46515479273265115,0.535314436157289,0.4067564405966321,0.8070467719220202,0.9941235429911068,0.6981829631592956,0.8993807416255251,0.8362400421710052,0.6974701397673111,0.8663081645472793,0.5248372088763558,0.8466713394366541,0.8200790560505897,0.7991401595167754,0.4420186100136322,0.7552872343353838,0.4373412424209956,0.9223317557285042,0.7495095211847758,0.8941442493667919,0.8268966588916085,0.9306198460685606,0.8070467719220202,0.8753838677887602,0.8596410606042215,0.7523649911811101,0.7619882291893778,0.7667672413146354,0.7946893783415643,0.6163021796695289,0.9604733381214061,0.8216567655514617,0.8697573482257854,0.7937812374916594,0.9527809928758626,0.687373352082691,0.7193068419653934,0.8516769112886905,0.45351506445781087,0.829568874372492,0.8465192786093442,0.871001413528224,0.5973152428440645,0.9694112226663572,0.8846162930362214,0.5966088640520382,0.6795217115677479,0.9094611025048214,0.9682752299720243,0.8622415158560888,0.6976080579601667,0.9368440768177579,0.7684103376169455,0.798533675163998,0.9584879461854648,0.9090089695877879,0.6264509581877908,0.8110888188673561,0.6317235097256818,0.7027434556175298,0.640825576083411,0.9120874804809305,0.9201764087344961,0.7094297904384339,0.6939478880105086,0.8369993956601448,0.9546074935075681,0.8710014135282242,0.5322008239313556,0.8847397033843233,0.6497870582448246,0.9544701485560024,0.7709024567071356,0.6946856801680792,0.941617489616416,0.9716081126946842,0.5256967349028652,0.9904299977375838,0.5607349162851389,0.988146521749965,0.6206126101240783,0.7527227391632731,0.8061744934456334,0.8701989245649346,0.8432121699919363,0.7887256191380705,0.9843065652291842,0.8412664651734412,0.7355093993994384,0.43844150756230293,0.7055635748763709,0.828496900914719,0.8284969009147187,0.5628791498205035,0.8210796079694758,0.841305934976641,0.7402645427875454,0.8070467719220202,0.8339485716413386,0.8070467719220202,0.8070467719220202,0.3737052390735218,0.7552872343353836,0.6916774264569945,0.8070467719220202,0.5580611062068668,0.40410064431372983,0.9565359617987838,0.9482696122191421,0.6078890945118711,0.6087425903903028,0.8040009489019977,0.6639976708496285,0.28691301319939655,0.8855514054889411,0.9035315240056531,0.8339485716413384,0.6110682314070711,0.8035852383345636,0.5634177679693952,0.7150975577583134,0.8577921935411369,0.9295263143910528,0.7939735882781408,0.8666646566334317,0.814499049961873,0.8200790560505897,0.820594824086011,0.9453616138838493,0.8306437276591685,0.8710014135282238,0.5451565810910681,0.9875245713585525,0.5131152727917477,0.6661418697004168,0.9679861862478472,0.8153056432519318,0.9103407334211042,0.8337215482320727,0.8940931374727854,0.3670795510838326,0.6379778446442559,0.9528245839616685,0.6866233074444239,0.8413059349766412,0.6638223084723707,0.580838205934169,0.8562018915429417,0.46630080199307544,0.781997907310831,0.9551288496473618,0.5345411756190221,0.46665515698029103,0.9160755741786699,0.5496030306816377,0.7900926895085651,0.9600183757398066,0.6726914724225901,0.8070467719220202,0.8268966588916085,0.7170449918900239,0.8508058075754192,0.6645717928398396,0.7048655260587708,0.8277672007198689,0.9682405898806716,0.6007007250151575,0.9901415714403682,0.4200221736284879,0.8846162930362214,0.5719071115076906,0.8601894085453341,0.6705467593706894,0.8216567655514619,0.9625483257799177,0.9209747844118837,0.9877739866737223,0.8182239566029239,0.7663489752175745,0.5851882537843469,0.5040301199864219,0.76060964693885,0.8671083343732875,0.5327070388110057,0.4865126298235336,0.9991366592659343,0.8488894389623107,0.8785300442524799,0.8337215482320728,0.6462337260014752,0.5965738127185181,0.8864475415459974,0.8284969009147187,0.5695240998881822,0.6037035730908653,0.8944675982845542,0.8282548925696823,0.8760748600348449,0.8767933840467372,0.8701989245649346,0.7895365256441962,0.9902766420303715,0.7355093993994386,0.9092359392244338,0.8583238367543504,0.7961064637088169,0.8113382209183878,0.8583786401591236,0.9696693743185965,0.8070467719220202,0.9794258433068106,0.6277039924846153,0.6313014210919967,0.9485785445775852,0.8070467719220202,0.5897830128659531,0.6484419420751752,0.8402889077327355,0.7056015623791771,0.6515515564161098,0.90245286148532,0.7102606717098925,0.7967622177448441,0.8717156414299911,0.9702947773014305,0.4783191974200509,0.8497271423062516,0.8339485716413388,0.8824651870681306,0.7297132764213237,0.8200790560505895,0.7709024567071354,0.9320684863015751,0.9766640415453469,0.8817019751396638,0.8568667102675334,0.8273436625541168,0.9720703718968702,0.8355590569639006,0.6473284561267627,0.6058033728038494,0.7834421060580532,0.7937812374916593,0.9694112226663573,0.5094104728820825,0.38208609470021737,0.8284969009147187,0.858378640159124,0.8150157770573556,0.8284969009147187,0.8007919102864962,0.9630244733232263,0.8070467719220202,0.9464665666537815,0.7689775700556013,0.8070467719220202,0.9546074935075681,0.7718375151583801,0.8175595086733718,0.8200790560505897,0.9043227484219137,0.8043208177111414,0.8284969009147187,0.6186916371335278,0.5491912761891111,0.689284705538985,0.6173527374380905,0.8070467719220202,0.6474061482565618,0.9720020980078725,0.9091463145393535,0.5440871941375119,0.8794758075761906,0.8412664651734412,0.8428704160376792,0.9328174966158879,0.9750993123079481,0.9328174966158878,0.8925836270476606,0.7709024567071356,0.9455246886175035,0.8988041325284397,0.6558393003285861,0.9925088224207315,0.8753838677887604,0.7779554067479175,0.8808482728335028,0.8663081645472797,0.2986667770930146,0.8070467719220202,0.8355590569639004,0.6270969264330528,0.8488894389623107,0.718921279461177,0.7887256191380703,0.9925088224207315,0.5568653552791492,0.7946893783415643,0.714369034460298,0.5081628013167776,0.8070467719220202,0.8070467719220202,0.9492113316496849,0.7281407597466036,0.9328807677339392,0.7571454199328657,0.3949003766910263,0.6351025614557639,0.5991184780602916,0.4550256824007126,0.7448518495622389,0.5781520519270139,0.8070467719220202,0.8483956261507207,0.8268966588916085,0.8568667102675334,0.613444728488302,0.8412664651734412,0.4434990144989941,0.8070467719220202,0.8070467719220202,0.36659020763637884,0.9933672327848194,0.46979882260464834,0.8381919070735806,0.6595862462595168,0.6835306018343565,0.918387558339298,0.8478207065909875,0.5393877113101307,0.6185896239559308,0.8070467719220202,0.8637192092529595,0.45486397096636566,0.842870416037679,0.9540291191346465,0.9796303456313176,0.8291157384846612,0.7496107130393992,0.8388572074136862,0.7455193566692779,0.6416920933272734,0.8070467719220202,0.3548994950300729,0.8009210307806351,0.6428799686634534,0.6309330664017381,0.8083116272465884,0.7210819482875986,0.7122206373959097,0.6724799884979045,0.7734584084535399,0.7263760546995423,0.5336128057815779,0.7906318541533655,0.9203431471101322,0.7773386510565777,0.996547590426378,0.4412704567987946,0.9213426026941538,0.8007919102864962,0.5884781956999187,0.9720703718968702,0.8763938836187333,0.847314840754724,0.8047252975792781,0.993662662817113,0.8799270736133202,0.87992707361332,0.7312184450707058,0.9679861862478467,0.49379672633032823,0.8793180926172992,0.8846162930362214,0.7900926895085649,0.728915134841279,0.6436584612131737,0.8598857653919492,0.7282232490337204,0.8868656999877829,0.7361363206756358,0.8134696855167471,0.5240113516653542,0.933697648996314,0.6132576322053964,0.6466175008868296,0.8070467719220202,0.7927360071462355,0.8508058075754192,0.5235159841698298,0.8488894389623105,0.8529860657001472,0.7044336642308222,0.9379510098279733,0.8070467719220202,0.5065130421167929,0.5345411756190221,0.8864157250552458,0.42663901758303957,0.5320698701874635,0.45371423817408685,0.8268966588916087,0.4305245401681389,0.8536451666939356,0.9213151160582487,0.6311000694431856,0.9901415714403683,0.625925184727796,0.9696693743185965,0.8941442493667919,0.8070467719220205,0.8257013602087433,0.8861024938085993,0.281026666320656,0.663997670849628,0.5785268815736981,0.9933672327848192,0.8284969009147187,0.36372879973376926,0.582390640678468,0.7823267604870918,0.39291392895826627,0.44173555920363516,0.8070467719220202,0.4921256796145138,0.5497627911530494,0.9641314556612997,0.8070467719220202,0.610741068065767,0.8598857653919487,0.8412664651734412,0.7784300701739519,0.8007919102864962,0.6660987365360034,0.7987643573529246,0.9693676071890106,0.8362191163076831,0.9495566291700086,0.8478585776896561,0.5258956890519195,0.8070467719220202,0.9183875583392977,0.8070467719220202,0.9095012704040786,0.8914396536580917,0.40058643708110553,0.8568667102675334,0.906159695690725,0.9518145660965796,0.5585285038000729,0.7254884772470329,0.8070467719220202,0.8839324864462479,0.4492264360229752,0.8443624186119347,0.9192159741695649,0.6966490546704769,0.858378640159124,0.7150975577583139,0.8714726571183571,0.8701989245649346,0.4448175856283697,0.6260051342969706,0.8701989245649346,0.7254884772470329,0.7638375846306953,0.594936935637187,0.8701989245649346,0.8568667102675334,0.9595005800017435,0.8043208177111412,0.7160260070339732,0.866748202174833,0.8714726571183569,0.7727627776347092,0.4549198488143299,0.7152124051796416,0.9207130639246641,0.5547249207582252,0.9192327494821738,0.7836332302901654,0.993460831448865,0.7206134632607293,0.9243576259255883,0.6762071416020581,0.7759614354773782,0.9569544267886047,0.6867535481931926,0.9624915843064464,0.9898740686423377,0.8200790560505897,0.6734362364811793,0.9622572308927164,0.8554185182700846,0.9976537215684178,0.6166889413164323,0.8268966588916087,0.8339485716413386,0.9079856681984455,0.6178867821863508,0.9947759332687935,0.7248767613062266,0.7150975577583134,0.9082007549130644,0.8620728244415258,0.6853757752376461,0.8070467719220202,0.5523634802037017,0.8141536972510612,0.923835594396911,0.5008355988992886,0.7332331094765021,0.9975289966018057,0.8643264765668839,0.8759881163537313,0.6669088686372896,0.893886250815211,0.781997907310831,0.8400280943714129,0.8113866774147149,0.7357883538477206,0.9583905879012904,0.951058789497671,0.8390432115466103,0.8112015564894248,0.9784200372817069,0.850463664442046,0.842870416037679,0.5637767246146944,0.6245320380162993,0.8808482728335028,0.8583238367543498,0.6778543395098791,0.9677462665776339,0.929526314391053,0.7946893783415645,0.5902728052615633,0.9773380829916753,0.8152444128470524,0.850463664442046,0.5011558156039684,0.7500321881506018,0.866664656633432,0.46059008405399915,0.8529860657001471,0.8428704160376792,0.8846162930362214,0.5574395645853145,0.9095012704040786,0.8624459226379542,0.8339485716413386
p36_P,0.8623469980965686,0.8537608988970333,0.9466414925907478,0.7689238463881612,0.9094556823349393,0.6912633042087521,0.9448676978177385,0.9773006409212166,0.8285401031127058,0.929090574034799,0.6864550682425967,0.9460879419108781,0.9065205555971323,0.9109331424251431,0.7261622953077576,0.7957166044680066,0.9114077787966288,0.8778722974583606,0.9742388426031001,0.7647656869067451,0.9525176024569759,0.42284779073200784,0.9165215812574512,0.9544588564256291,0.4724390929433463,0.8778722974583606,0.9865013132865541,0.8510501785307241,0.7647656869067451,0.824111294873104,0.8663080297186971,0.9637319104506126,0.8981194480464401,0.8981101087746701,0.9094556823349393,0.8308596008626401,0.6256492627076073,0.8981194480464401,0.9328339505740528,0.9372858620764024,0.8508550668339614,0.880270387725502,0.9328339505740528,0.8447632757824068,0.9384051522235206,0.858008780245124,0.6070912069531367,0.8226163932368094,0.22867209830575597,0.8071248883001414,0.9187703462526826,0.9021100312039214,0.8778722974583606,0.8954352541336303,0.8981194480464398,0.9035881831250774,0.5488221076844657,0.9094556823349389,0.6925955340720944,0.6726894793066251,0.8325327180273931,0.8459823999424279,0.7768893757139149,0.8206574710503429,0.5172316440164619,0.867199453021936,0.7664987043618082,0.8587022064612055,0.9560841674086034,0.9255134534695351,0.8317725325834027,0.8755049702528586,0.9094556823349393,0.7091312076830194,0.9094556823349389,0.9415547398606634,0.8902144844650239,0.861764818938036,0.9008800018959959,0.9865343427479383,0.892801530088347,0.8900569772759513,0.8685695845092947,0.9092575998972448,0.9094556823349389,0.9842863833591207,0.9037041980940854,0.6870595655698055,0.9169879759246728,0.9065205555971321,0.9094556823349389,0.5884835011593134,0.8277818195714688,0.8372776262665516,0.927677556693294,0.8462532587112926,0.6438264056622482,0.9600461049881367,0.6789477955563714,0.7663234882012189,0.6705087097267897,0.7372742004451398,0.9501760208500687,0.7881789459164539,0.6843088695525918,0.538507266061247,0.6445832082026524,0.6738369140291067,0.8876707345437713,0.731312920279126,0.6424080142533481,0.880270387725502,0.656043263191169,0.0,0.6070912069531367,0.6137301379025943,0.7104444149145562,0.9255134534695351,0.9328339505740528,0.7469850171665051,0.8447632757824071,0.6206258808678555,0.8876707345437713,0.8421765410117942,0.902430585469451,0.5640253804603599,0.6256492627076073,0.987353041004064,0.8560751265203924,0.9919904571923958,0.7731887361496785,0.9155711502428494,0.9913065253514574,0.932833950574053,0.4232998046121157,0.9949667967412965,0.7844213320876954,0.9463449611535275,0.541690883372159,0.9421708749432605,0.7835539755048395,0.5606698608677736,0.6870478913426772,0.8630126921868051,0.7414553736009182,0.8406398513598705,0.8540928294691807,0.8299937887563962,0.8755049702528588,0.8844674671526603,0.8157896434164884,0.9309030291772296,0.737116327329675,0.8093466240123628,0.9913065253514575,0.8755049702528583,0.5937896970374617,0.8468446367617051,0.9846012745125968,0.6638597708429772,0.7782440417344307,0.9155711502428494,0.9800906033782499,0.7531532866627964,0.8825227806517107,0.5058751574736622,0.889545951572877,0.8039282865317193,0.8981235706012942,0.8365622762061435,0.9677368608399362,0.6582381949516648,0.9035881831250774,0.8354959712867376,0.9881515506364342,0.8001945629180328,0.7821342117290752,0.7694507368736443,0.6436098058416431,0.9280269605475133,0.8426952359231563,0.845373426001758,0.9443035643220181,0.9065205555971325,0.748863705726081,0.610099319967732,0.8244576899860117,0.8960304489894682,0.8954352541336303,0.9216051545051005,0.9036569103682492,0.8769230748686261,0.9398253938962517,0.8178669823290337,0.9800881847521479,0.9094556823349389,0.9124696683389528,0.9036569103682495,0.8226163932368094,0.8712722826615181,0.9638190095513937,0.9065205555971325,0.9094556823349389,0.9131732485694404,0.9929643649868607,0.929090574034799,0.9094556823349389,0.7212106334313053,0.8489400226485824,0.7976086609556907,0.8609448425682984,0.7304718110292687,0.42083387706918984,0.9094556823349389,0.8779489429473541,0.9094556823349389,0.85621661349057,0.8972794795245493,0.8902794316271224,0.9094556823349389,0.582295765498712,0.9094556823349389,0.7819320547612332,0.908953952765386,0.9345916001374048,0.7871059938158683,0.650485538117137,0.7144200290895082,0.9036569103682486,0.6851585474937099,0.8902144844650242,0.6756157262234239,0.6648385545681428,0.9923023883964617,0.9187703462526826,0.9614378119570696,0.8052132715009268,0.8505579307181195,0.9092888573979299,0.8594325237265449,0.8489400226485821,0.9008583849785581,0.5990089358802944,0.9036569103682495,0.9094556823349389,0.8265572878591663,0.9094556823349389,0.7374524316462931,0.9814979561144339,0.9187703462526828,0.9492839750428488,0.7144200290895082,0.9124696683389528,0.873083987295802,0.741866534001401,0.6953915600298746,0.7565789685207722,0.7526160263692145,0.9155711502428496,0.6598639516573805,0.7713195748602324,0.8343700741665907,0.9065205555971321,0.9220794934202008,0.7971697452841198,0.9328339505740528,0.7029411263368215,0.986477253056953,0.880270387725502,0.7896818625615616,0.6468660860558076,0.9187703462526826,0.8242941816501141,0.9548912100430753,0.871644707215983,0.538507266061247,0.7131776381854047,0.9432405589655176,0.5004997192385574,0.8483987238898338,0.538507266061247,0.7356675411172184,0.7042438882971611,0.7041279315375735,0.9351816571057281,0.5701108319363852,0.9155711502428494,0.8827148855675935,0.6737217849122441,0.6726894793066254,0.9589654814068509,0.9155711502428494,0.6735668255555147,0.7334088225955098,0.9221488476109299,0.8564657651001004,0.944880055681265,0.9090614984865613,0.9283103791297699,0.64262059399864,0.6920287869823342,0.8652593021816826,0.901383396955598,0.6650697785616597,0.8652960821936626,0.997640187429148,0.9990667538999465,0.8510501785307238,0.6879541223883472,0.8385964912280697,0.7938276668994626,0.7520096880812543,0.7392835770447916,0.7435420250355165,0.6555920265229358,0.8668135999262306,0.8527315889906659,0.7137417303970031,0.43236322175197883,0.8489400226485821,0.9900839054157131,0.9589654814068509,0.9094556823349389,0.9187703462526828,0.8854349978333953,0.6513481659583786,0.538507266061247,0.9220794934202008,0.8956425128341384,0.9094556823349389,0.5397959532078591,0.9255134534695351,0.932833950574053,0.7261622953077579,0.5415156666647578,0.3381841950563099,0.9187703462526826,0.8308276759982083,0.7064933348155134,0.9102586846626867,0.8981194480464401,0.7642878843730705,0.9155711502428496,0.855318009860377,0.7319547311547439,0.8954352541336303,0.8661220780264804,0.932833950574053,0.7045146460985798,0.6515382274097153,0.7265588931274705,0.4983933391020394,0.9065205555971321,0.9720327132254526,0.6422428258554161,0.6737217849122441,0.7820377155212852,0.625631317860404,0.9094556823349389,0.7968424414003226,0.853175894511782,0.6158924293692707,0.6863005594557743,0.929090574034799,0.8552812681008723,0.9094556823349389,0.9094556823349389,0.8755049702528586,0.8527315889906659,0.7070663608165368,0.9094556823349389,0.815789643416488,0.4390189014229958,0.541708972728989,0.9287868610851239,0.8879059353921646,0.9501760208500687,0.6181075930104336,0.9245613707051725,0.7337530484552761,0.7932646175915654,0.9094556823349389,0.9577889204455415,0.45228560214069324,0.7241512662927887,0.6590716794377038,0.790715312692108,0.6077870771897457,0.9155711502428496,0.6540469175913441,0.9094556823349389,0.5708296654333544,0.9092575998972448,0.962605465298624,0.9396246740171111,0.9544588564256291,0.7185783373457144,0.8819514474103319,0.9094556823349389,0.9067169789646199,0.775290642057364,0.9094556823349389,0.9216051545051005,0.8623469980965686,0.7054086557479566,0.6345112875369552,0.6650697785616595,0.9094556823349389,0.8512562304776974,0.9873239016496062,0.9220794934202008,0.5605760188963864,0.6701398441045499,0.8345434795933917,0.8365645569121365,0.8175983785111763,0.6070912069531367,0.8652960821936626,0.7976086609556903,0.9512709708775549,0.7375599627729301,0.6102828144876054,0.987775754871349,0.8851672469450576,0.5866524475700889,0.808274678152799,0.9094556823349389,0.9255134534695353,0.9134426506119937,0.9331543600073642,0.892801530088347,0.7694232151055226,0.9036569103682488,0.8869936887558382,0.9124696683389528,0.9036569103682488,0.9629254303665231,0.9501760208500687,0.8954352541336303,0.9011403347205915,0.4699068064264511,0.9255134534695353,0.7261599812931534,0.929090574034799,0.8954352541336303,0.7512622714262087,0.8741200856167297,0.9932551431854693,0.6116938173775177,0.8292022148939199,0.8778449561972077,0.8966643861579997,0.880270387725502,0.8902144844650239,0.9094356406923483,0.8240628627731426,0.8553180098603765,0.663147945624992,0.9286056194428292,0.8827012888689014,0.8206574710503429,0.8928015300883472,0.8663080297186971,0.7673902576613311,0.7518047456236816,0.9987474086351825,0.9384051522235206,0.6864512178184918,0.3048708260395375,0.8618519839156851,0.9476274985418003,0.9512709708775549,0.6286137864061069,0.9629254303665231,0.9639128730046986,0.8827012888689016,0.5147818967153311,0.5964336970501867,0.7806685316091412,0.920090829162381,0.8500246967801985,0.9301071426494215,0.8206574710503429,0.8308596008626404,0.643196243772011,0.8071248883001414,0.968803565300479,0.9850240668631431,0.9008583849785581,0.798767477061741,0.9187703462526826,0.9255134534695351,0.8713280839387452,0.5891876144521548,0.9214398579667288,0.5395360360104285,0.9352098991478847,0.6850331639195135,0.8593469706507231,0.9008583849785583,0.8630126921868049,0.9094556823349389,0.5172316440164647,0.9094556823349389,0.9094556823349389,0.6947887595025859,0.8851672469450578,0.43236322175197817,0.9094556823349389,0.6602829262312814,0.7107539340682241,0.9814979561144342,0.7855644755112146,0.9577889204455415,0.8692157010954181,0.7118216652060523,0.8505579307181199,0.7146311041851883,0.9186062981675368,0.9280269605475132,0.9220794934202008,0.8531758945117818,0.7440283018081899,0.7432217875443139,0.3757518541805792,0.8981194480464401,0.9808011959067168,0.7194943713985162,0.7041279315375741,0.5189400157766211,0.6070912069531367,0.5391882389521453,0.8902144844650239,0.8802703877255018,0.9182191089113063,0.7488369959559045,0.8194832659723873,0.8325327180273931,0.8851672469450578,0.9406295470727737,0.9155711502428494,0.8902144844650242,0.9124696683389528,0.7858044557609347,0.7451044303789696,0.7118925464306007,0.9187703462526828,0.8687608623232684,0.9008583849785587,0.9390878956604909,0.40056471798943816,0.9856553282246239,0.7241512662927887,0.8981235706012944,0.932833950574053,0.6396094839650974,0.8387575542024286,0.8505579307181197,0.7156650274236249,0.766316653133492,0.8593469706507231,0.8751662458356948,0.9094556823349389,0.5866524475700889,0.9582292891966593,0.9094556823349393,0.6605414370436625,0.8902144844650237,0.9036569103682492,0.7472285962947107,0.5911742747490002,0.8851672469450578,0.6694133502722937,0.929090574034799,0.6665730755098287,0.9318887192162125,0.7818905928637983,0.9036569103682488,0.8086417458959222,0.8266927936020101,0.9124556971128849,0.5654259289114565,0.831807344710269,0.7862982577223028,0.7169793550539607,0.776060767123018,0.8827148855675933,0.7172036711545542,0.6018571833849495,0.8954595726456476,0.6116938173775177,0.5397959532078599,0.9544588564256291,0.991969731298336,0.8505579307181192,0.8315670489441334,0.9065205555971321,0.626203077599846,0.7457468410573589,0.852364480730407,0.8053838876338095,0.9155711502428496,0.848838281584873,0.6666438234725665,0.9440876206769655,0.8960304489894682,0.4049033971075301,0.8876707345437713,0.8187056989189525,0.8928015300883467,0.9065205555971323,0.541690883372159,0.7986640885565223,0.9094556823349389,0.9803007358963213,0.8827499692924854,0.8681855238440692,0.8653488176206209,0.9094556823349389,0.920265818540746,0.8265428921233242,0.8571252958148523,0.6269145503511784,0.8811620663517727,0.9862038840158585,0.8093466240123628,0.8044340288758396,0.8893303883970731,0.724800881798342,0.7337722911069247,0.8497090666239036,0.5639557158967426,0.6934298549617699,0.5792437581950466,0.9589654814068507,0.40873554994264993,0.9328339505740526,0.9193071817199613,0.9036569103682495,0.932833950574053,0.8954352541336303,0.9138819138114372,0.764781609544028,0.9284154823858668,0.94816461190478,0.9255134534695353,0.9094556823349396,0.8902144844650239,0.7094902127873852,0.7707699882830237,0.9065205555971321,0.9187703462526826,0.9008583849785583,0.9065205555971321,0.9065205555971321,0.8553180098603765,0.9094556823349389,0.9008583849785581,0.9833644259373792,0.9094556823349389,0.9225200821124012,0.7053329821463299,0.9255134534695351,0.6070912069531367,0.9220794934202008,0.9124696683389528,0.9065205555971321,0.6788677120980513,0.7663531853713816,0.8851672469450578,0.7351039461027209,0.9094556823349389,0.6941901903173151,0.7806685316091411,0.8827012888689014,0.7547770521981241,0.4628250422838306,0.9255134534695351,0.7516168269676368,0.8876707345437713,0.9654788704992254,0.8876707345437713,0.642620593998638,0.8754516093417526,0.9720327132254525,0.8130249980848432,0.9341964092502542,0.9979873805056112,0.9742388426031001,0.4140147737763876,0.6070912069531369,0.9337574438227167,0.7184903754374405,0.9094556823349389,0.6833409325137694,0.9546175950360459,0.929090574034799,0.8103596397276848,0.6861271753268525,0.927863480227435,0.7951388283502325,0.9036569103682488,0.7326339379752498,0.7384588762324016,0.9094556823349389,0.9094556823349389,0.9957192600337123,0.48197079252324504,0.8374337121154887,0.936502115178926,0.7242483248377702,0.8126540703749286,0.7858894947382411,0.6606895277217406,0.5453745157113257,0.7021207946352246,0.9094556823349389,0.940800720609225,0.5866524475700889,0.9328339505740528,0.7913806588295508,0.538507266061247,0.7354042515255133,0.9094556823349389,0.9094556823349389,0.6319688480183101,0.9683833021196732,0.7512025702894103,0.7319697668933436,0.8494541269583803,0.9614378119570699,0.8708552650198256,0.7570015062294772,0.7232073769006973,0.640311810434387,0.9094556823349389,0.46175872332899015,0.6927147339216593,0.6256492627076073,0.9255134534695351,0.9497633438128172,0.7997334516415832,0.8661220780264807,0.4424939762621303,0.9124696683389528,0.9208081203890796,0.9094556823349389,0.691057700970626,0.6592109391009252,0.8206574710503429,0.32918103376442953,0.7799463891987288,0.8954352541336303,0.8549204472161371,0.5144447653496766,0.9220794934202008,0.7657132908326247,0.7544899813634318,0.9008583849785581,0.9801145305445413,0.8618519839156851,0.8778722974583606,0.6843489819142907,0.9187703462526826,0.9065205555971321,0.9938173931908977,0.9035881831250774,0.9284747827280933,0.8596550700040875,0.932833950574053,0.938967283806055,0.9597652650781772,0.932833950574053,0.47742406923119196,0.857477417655657,0.8148220981232182,0.9094556823349393,0.9688615129457161,0.38850090449185926,0.8902144844650239,0.6061109655400851,0.9347742988036449,0.9065205555971323,0.8731665326144964,0.8109627174522247,0.8355952031409892,0.9060845154549806,0.9842863833591207,0.7389948734136342,0.6980902940626009,0.9094556823349389,0.5884835011593135,0.9094556823349393,0.6252598614054241,0.929090574034799,0.880270387725502,0.8827012888689021,0.6216359084127829,0.9094556823349389,0.6694133502722937,0.6572715006674299,0.8827012888689016,0.6539098479416086,0.7091312076830196,0.6843489819142907,0.5866524475700889,0.6830116782163251,0.9675952194692456,0.9188400984765934,0.6654955598697019,0.9495734432236995,0.553100837370537,0.986534342747938,0.7843141333924573,0.968383302119673,0.925047193070141,0.9700428001882815,0.7126948308960248,0.9945617878718382,0.6460500849595903,0.8462222865742861,0.9065205555971321,0.7370742776572665,0.7387871085886124,0.8865195391422274,0.6193424686760824,0.6990397594117506,0.9094556823349389,0.6579839535790051,0.65269482777835,0.918655702330478,0.9094556823349389,0.7331303412620982,0.9347742988036447,0.538507266061247,0.9165215812574512,0.9065205555971321,0.8387575542024284,0.8778722974583608,0.8825227806517106,0.7313520107479509,0.6629994425135535,0.8851672469450578,0.6403221346902254,0.9094556823349389,0.9792607683657362,0.9094556823349389,0.9255134534695351,0.7855126750176304,0.7938276668994622,0.9328339505740528,0.927677556693294,0.8236200931437059,0.8549204472161367,0.3144940990698165,0.9094556823349389,0.8286169529783503,0.7885864029765373,0.9817204823209447,0.6089641975961867,0.8489400226485821,0.9187703462526826,0.8663080297186969,0.864069247944542,0.8510501785307238,0.8090412684190862,0.5762280515140804,0.8510501785307238,0.8902538431230815,0.9187703462526826,0.9232631106937043,0.8510501785307238,0.9328339505740528,0.5571922586417265,0.9124696683389528,0.5773919908927342,0.9352098991478843,0.864069247944542,0.6303521385843556,0.829509762764606,0.8064093503402046,0.9165215812574513,0.8468446367617053,0.8755049702528588,0.9065205555971323,0.8902144844650239,0.7709977395019527,0.6269145503511804,0.8181792004127244,0.9769837327540793,0.8684204715503476,0.9866953570844292,0.9990667538999465,0.9124696683389528,0.6070912069531369,0.9912938991887372,0.9850003025804485,0.7994000084284099,0.8708552650198256,0.8698901241857757,0.4967293191742289,0.5639557158967426,0.8979901649103517,0.8685695845092942,0.939290374675744,0.9842863833591208,0.5798126546692357,0.8520100975847349,0.9550275948082854,0.864069247944542,0.642620593998638,0.8926077772425209,0.8836464237055799,0.7136204212992927,0.8462532587112925,0.8453647077862296,0.8443001471784082,0.8707132330674524,0.9028269071215875,0.8778722974583606,0.6110336408369277,0.6585666380187121,0.9145110316548277,0.9135236932308282,0.9569571642259291,0.7215170183816848,0.8343700741665905,0.9460879419108781,0.8872478552298229,0.8446529330252204,0.5203025446251333,0.5836600746209311,0.8193450442209942,0.8708552650198256,0.9589654814068509,0.8318664265207205,0.776060767123018,0.7973194732660716,0.7112034438816375,0.5571475855815915,0.719209453336757,0.9151643937053509,0.837433712115489,0.5636968757891353,0.8654501200383773,0.5654259289114577,0.5639557158967426,0.8090412684190862,0.8802703877255018,0.7516168269676364,0.929090574034799,0.925418274393371,0.9255134534695351,0.8557418990745098,0.5639557158967426
p37_I,0.8086886533123154,0.9453030402757783,0.6007351226801824,0.9277359074596556,0.9526370111116407,0.9648659912110238,0.8705544178695597,0.8400240699667676,0.9103107362174547,0.9629078616894173,0.39319229787439447,0.9511016704226434,0.9511016704226434,0.9277359074596556,0.9957658420390977,0.8931410336709438,0.9481398354780852,0.9361160018916064,0.9610366993022688,0.9629078616894176,0.8951222364985463,0.4080645809418807,0.939931930051314,0.9542136024350836,0.42203304800755903,0.9361160018916064,0.987327403406299,0.9220855717829912,0.9629078616894173,0.8205034403032454,0.9300668284196516,0.9652137684610215,0.9902930825832764,0.9243180392978654,0.9526370111116407,0.9610366993022688,0.1076013084133105,0.9467071200650465,0.9648659912110238,0.9348776724743586,0.9061873961293254,0.9373704232137268,0.9648659912110238,0.9187969445925777,0.9481398354780852,0.9224293813249016,0.2237494366831898,0.9072120922355345,0.481106577474263,0.8991086132420372,0.957509435301382,0.9247654558966603,0.9361160018916064,0.945303040275778,0.9467071200650463,0.9336544549523982,0.9336544549523982,0.9526370111116405,0.7864057866094467,0.18985981854257483,0.9123992402861414,0.8738328753514067,0.9361160018916066,0.9061873961293254,0.9592404230051592,0.8362973223813348,0.9652137684610214,0.8987613725012114,0.8242743687062484,0.9610366993022688,0.9265867198367661,0.9348776724743586,0.9526370111116407,0.838394820863301,0.9526370111116405,0.620202540979643,0.9983948723195168,0.9439253608596803,0.7628588897397749,0.9648659912110236,0.9439253608596803,0.9386420076357269,0.9312498291554212,0.9361160018916064,0.9526370111116405,0.9231975163531971,0.9425720985427188,0.9088294956035705,0.6702694482965695,0.9808926695348984,0.9526370111116405,0.9375821720172512,0.8738328753514066,0.8646954736999413,0.9312498291554212,0.9072120922355345,0.9351202479906622,0.6540395853328662,0.8320602288053403,0.8309916996778286,0.9617723288059056,0.9558359621451105,0.9526370111116407,0.9009385953642846,0.703336276273892,0.11775954848708015,0.617613358319171,0.811009619429409,0.9412414838519025,0.8404791612293154,0.9553483552539828,0.952944974054758,0.8200790560505895,0.6070912069531367,0.0,0.7979454077493469,0.9453030402757783,0.9610366993022685,0.9648659912110238,0.8676499406085267,0.9187969445925779,0.8931410336709438,0.9412414838519025,0.9300668284196518,0.9361160018916066,0.7719452573794077,0.10760130841331039,0.9378370728938006,0.9128870094924402,0.9209817665727265,0.881356890785397,0.9558359621451105,0.9575094353013818,0.9648659912110238,0.9481398354780852,0.9201023553084944,0.8872325694620833,0.957509435301382,0.19244580608505335,0.9496037211238537,0.7878796807258952,0.160128011110376,0.8672605145480654,0.880379147867171,0.8951222364985465,0.9166400151447351,0.9001110559421439,0.852744627559685,0.9348776724743586,0.8039765114147406,0.9629078616894173,0.9123992402861405,0.7042792707118314,0.8891971954839692,0.957509435301382,0.9348776724743588,0.9413455330691152,0.9198856874256713,0.7683200278016402,0.8931410336709438,0.9112328812249596,0.9558359621451105,0.9386420076357269,0.8458639564984105,0.6585158886812214,0.9220855717829912,0.8705954752723888,0.6502130055679127,0.9312498291554214,0.9201023553084948,0.9277359074596558,0.3008360691103116,0.9336544549523984,0.8846853407167915,0.7746021087667416,0.9579672831419932,0.9610366993022685,0.8794015740660157,0.9254476077793647,0.8941307528793183,0.9177151699279686,0.8961156213019832,0.933654454952398,0.9511016704226434,0.9020294315021226,0.7088403617432,0.8676499406085267,0.9082407355488129,0.945303040275778,0.9722155622930324,0.9496037211238535,0.9103107362174552,0.7645217555830743,0.834071026591791,0.9607967445595412,0.9526370111116405,0.9736183137840243,0.9496037211238535,0.9072120922355345,0.7119868333828546,0.8991086132420372,0.9511016704226434,0.9526370111116405,0.674128700385946,0.8039765114147406,0.9629078616894173,0.9526370111116405,0.9388120013913654,0.9209817665727265,0.968848707670247,0.9662154259494388,0.9113525537588968,0.9511016704226434,0.9526370111116405,0.8987613725012116,0.9526370111116405,0.8398896489883634,0.9131632661895819,0.8466596566621681,0.9526370111116405,0.6923341401884342,0.9526370111116405,0.8182873563847913,0.9987120692432441,0.9220855717829912,0.6538424175338822,0.9558359621451105,0.8166739329437203,0.9496037211238537,0.43518851942535797,0.9425720985427191,0.9123992402861407,0.8364667308502771,0.9243180392978652,0.957509435301382,0.9465146323386673,0.8981086621953582,0.9917747991232293,0.9041490253843174,0.5322230711047464,0.9209817665727265,0.9481398354780852,0.9302947288966976,0.9496037211238537,0.9526370111116405,0.9092735418441047,0.9526370111116405,0.8527418007931002,0.9209817665727265,0.957509435301382,0.9324454498571317,0.7866487334406878,0.9542136024350836,0.9198856874256713,0.3062647810729149,0.9001110559421439,0.995812608116145,0.8705954752723888,0.9558359621451105,0.880379147867171,0.8803791478671712,0.8547546403115025,0.9511016704226434,0.9592404230051592,0.840479161229315,0.9648659912110238,0.8446109430683049,0.8099851764138054,0.9373704232137268,0.9141734198710232,0.9186826071889065,0.9575094353013822,0.8587509369841104,0.7663159483485269,0.8466991324467528,0.11775954848708015,0.8404791612293152,0.9198856874256711,0.9386420076357269,0.9082407355488133,0.11775954848708015,0.8617298618427947,0.826678007573604,0.9592404230051592,0.9051664401581994,0.9277359074596556,0.9558359621451105,0.9714058757497572,0.8200790560505895,0.3222500432092781,0.9558359621451105,0.9558359621451105,0.7950937914413705,0.9610366993022685,0.8555160230965211,0.8976747065462736,0.6238609283942584,0.8547546403115025,0.9610366993022685,0.9526370111116407,0.9348776724743586,0.9496037211238535,0.9575094353013822,0.8155856001785138,0.9051664401581994,0.9558359621451105,0.9348776724743586,0.9220855717829912,0.8354401497332644,0.9155711502428496,0.8921529459435538,0.881438146000566,0.8020674121309703,0.8466596566621682,0.9164201668122128,0.9629078616894176,0.9103107362174554,0.9629078616894176,0.5577157597313236,0.9209817665727265,0.997640187429148,0.9558359621451105,0.9526370111116405,0.9575094353013818,0.9092735418441047,0.9361160018916066,0.11775954848708015,0.9592404230051592,0.9511016704226434,0.9526370111116405,0.4220330480075587,0.9610366993022685,0.9648659912110238,0.5139980565501778,0.7628588897397748,0.9386420076357269,0.957509435301382,0.8446109430683049,0.7543153079381834,0.9412414838519028,0.9467071200650465,0.9473375332459506,0.9558359621451105,0.9243180392978652,0.77886889345025,0.945303040275778,0.9166400151447351,0.9648659912110238,0.8114701760536347,0.9243180392978652,0.8230236730198899,0.341999792250138,0.9511016704226434,0.9748006002614296,0.8931410336709438,0.8200790560505895,0.8211902596649285,0.769424390274753,0.9526370111116405,0.8965891561155481,0.9231975163531971,0.9254476077793645,0.47152576728747697,0.9629078616894173,0.855756563598304,0.9526370111116405,0.9526370111116405,0.9348776724743586,0.9103107362174552,0.9977802754820256,0.9526370111116405,0.9629078616894176,0.9526370111116409,0.9277359074596556,0.6585158886812214,0.8039765114147406,0.9073884413700836,0.928895740061739,0.9425720985427191,0.7489933234855091,0.7834252014543854,0.9526370111116405,0.6014176893103882,0.9220855717829912,0.7917437350152448,0.794245879311188,0.428327725244276,0.913055425135971,0.9558359621451105,0.8098519714818668,0.9526370111116405,0.7663159483485272,0.9900588676412958,0.6972093964344689,0.8415165991231524,0.9542136024350834,0.7507844886154756,0.9467071200650465,0.9526370111116405,0.9426205861955201,0.8481713308694636,0.9526370111116405,0.928895740061739,0.808688653312315,0.7000853882408262,0.7742042751539621,0.8155856001785136,0.9526370111116405,0.794245879311188,0.8656814261022983,0.9592404230051592,0.7459780033283332,0.7435863378643113,0.9134510531460025,0.9145082620913982,0.9426205861955201,0.07458314556106327,0.9452045885097757,0.8941307528793183,0.939931930051314,0.8955045884064079,0.8823349016943813,0.6685644304688845,0.939931930051314,0.0378922136098605,0.9361160018916066,0.9526370111116405,0.9610366993022685,0.9082407355488131,0.8255892557605071,0.9439253608596803,0.5008123449120355,0.9496037211238537,0.8725839344553008,0.9542136024350834,0.9496037211238537,0.995812608116145,0.9526370111116409,0.9453030402757783,0.644390737869332,0.9103107362174552,0.9610366993022685,0.8567565353887991,0.9629078616894176,0.9931163690142987,0.9464536062171713,0.8527479267327549,0.9425720985427188,0.9629078616894173,0.8239033522938282,0.9220855717829912,0.937582172017251,0.9373704232137268,0.9425720985427193,0.5957189144811472,0.9558359621451105,0.9243180392978654,0.9061873961293256,0.6507467849476519,0.9386420076357271,0.9061873961293254,0.9439253608596805,0.9300668284196516,0.9143162677112748,0.817957176034668,0.9951877100611972,0.9481398354780852,0.826678007573604,0.6812718809489722,0.9277359074596556,0.9386420076357269,0.9399319300513143,0.7710309431023978,0.9439253608596805,0.7132869920925939,0.9386420076357269,0.48665680757786944,0.8006907814269044,0.9558359621451105,0.855756563598304,0.7645217555830744,0.9231975163531971,0.9868418685480091,0.9610366993022685,0.8093792712193065,0.899108613242037,0.9592404230051592,0.9220855717829912,0.9481398354780852,0.9481398354780852,0.9575094353013822,0.9610366993022685,0.9300668284196518,0.7594883020057135,0.9187969445925777,0.3008360691103116,0.9511016704226434,0.8352434350141631,0.913451053146003,0.9481398354780852,0.9502107211581171,0.9526370111116405,0.1573927922435595,0.9526370111116405,0.9526370111116405,0.8309916996778286,0.9399319300513145,0.9243180392978652,0.9526370111116405,0.8222967889645658,0.8486977586224085,0.9665480300996038,0.9610742210840932,0.7105716425687394,0.7560495458914248,0.9103107362174552,0.9092735418441042,0.8507258744656068,0.9467071200650463,0.8941307528793182,0.9592404230051594,0.9231975163531971,0.883074072025955,0.8656814261022983,0.5187931765066538,0.9902930825832765,0.9496037211238537,0.8402034407488288,0.9592404230051592,0.6230375309310658,0.07458314556106327,0.9072120922355345,0.9425720985427191,0.9922127245794845,0.939931930051314,0.85875093698411,0.42832772524427587,0.9123992402861412,0.939931930051314,0.9254476077793645,0.9558359621451105,0.9425720985427193,0.9542136024350834,0.5840323192356704,0.8666662211060936,0.9143162677112748,0.957509435301382,0.8666662211060936,0.9481398354780854,0.8153837585530268,0.6847877535121555,0.9511016704226434,0.7917437350152448,0.9312498291554214,0.8505410419770534,0.7864057866094469,0.8890106760597565,0.9092735418441045,0.789342936302305,0.9425720985427191,0.9560815611946234,0.8901811511257474,0.9526370111116405,0.0378922136098605,0.9220855717829912,0.9526370111116409,0.9042162740830948,0.9425720985427188,0.9496037211238537,0.5100015725296021,0.8133482612876617,0.9967391619170713,0.8178422485024104,0.9629078616894176,0.7705531152105066,0.9439253608596805,0.8754910501451354,0.9496037211238537,0.9467071200650465,0.8341860124462195,0.9209817665727265,0.9386420076357269,0.8140865069385359,0.888214373845492,0.8413535056044902,0.8725553212046715,0.9815062877983507,0.842550989015314,0.7259549389991402,0.9300668284196516,0.9629078616894176,0.9412414838519025,0.9542136024350834,0.7378604117312433,0.9092735418441047,0.9001110559421444,0.9511016704226434,0.7979107482144303,0.7339919640924344,0.9648659912110238,0.8872325694620833,0.9558359621451105,0.9231975163531971,0.5713315118989216,0.9922127245794843,0.9491737766988708,0.4686895405908631,0.9412414838519025,0.9051664401581994,0.9439253608596803,0.9511016704226434,0.19244580608505335,0.9648659912110238,0.9526370111116405,0.9243180392978654,0.8745128950949936,0.8153056432519321,0.9792750106568119,0.9526370111116405,0.8911663603911606,0.836297322381335,0.9123992402861407,0.9277359074596556,0.5491669919950228,0.8991086132420374,0.925581846570086,0.8003774546971087,0.9324454498571317,0.9123992402861407,0.8607384721289721,0.8981086621953582,0.1573927922435595,0.5544682858415849,0.9336544549523982,0.9558359621451105,0.9665480300996037,0.9648659912110238,0.9324454498571317,0.9496037211238535,0.8505410419770534,0.9453030402757783,0.933654454952398,0.9526370111116407,0.8846853407167914,0.6274475989789223,0.9610366993022688,0.9526370111116409,0.9425720985427191,0.8140865069385359,0.8458639564984105,0.9511016704226434,0.957509435301382,0.948139835478085,0.9511016704226434,0.9808926695348984,0.9243180392978652,0.9526370111116405,0.9481398354780852,0.9987120692432441,0.9526370111116405,0.9386420076357269,0.8981086621953585,0.9610366993022685,0.07458314556106327,0.9592404230051594,0.9542136024350834,0.9511016704226434,0.7979107482144301,0.8676499406085265,0.939931930051314,0.8517363824474664,0.9526370111116405,0.9987120692432441,0.9558359621451105,0.9386420076357269,0.8376572239763225,0.5264173485154191,0.9610366993022685,0.9542136024350834,0.9412414838519025,0.9209817665727265,0.9429902492134533,0.2775029775378376,0.9209817665727265,0.9265867198367661,0.9300668284196516,0.8013106521092755,0.9439253608596805,0.8714717093867046,0.9348776724743586,0.14916629112212654,0.9134510531460027,0.852744627559685,0.9526370111116405,0.9526370111116407,0.6344159246228352,0.9629078616894173,0.8486977586224083,0.21293427001890652,0.9439253608596803,0.836297322381335,0.9496037211238537,0.8051635979868561,0.7991647789411429,0.9526370111116405,0.9526370111116405,0.9198856874256713,0.7195026022793827,0.9092735418441047,0.8796755654923115,0.855756563598304,0.8889984146598748,0.7359365694375493,0.8133083257720886,0.9373704232137268,0.8561342062066828,0.9526370111116405,0.9072120922355342,0.0378922136098605,0.9648659912110238,0.8425509890153136,0.11775954848708015,0.8425509890153138,0.9526370111116405,0.9526370111116405,0.7892117206997185,0.9073884413700836,0.796719217938705,0.4080645809418808,0.9330323576683239,0.9061873961293254,0.932445449857132,0.650213005567913,0.8456366655300416,0.9259372921081941,0.9526370111116405,0.9209817665727265,0.8299192991696218,0.2519374759750954,0.9610366993022685,0.9314897302747827,0.9124328455604712,0.9166400151447351,0.9231975163531971,0.9542136024350834,0.6972093964344688,0.9526370111116405,0.8383948208633007,0.983682988822291,0.9061873961293254,0.6277572448391834,0.8745128950949936,0.9453030402757783,0.9113525537588967,0.7417212352549711,0.9592404230051592,0.877446546739326,0.8715757257382066,0.9481398354780852,0.8616993128705425,0.9277359074596556,0.9361160018916064,0.8255892557605071,0.9575094353013818,0.9511016704226434,0.7248986406633606,0.9336544549523982,0.9209817665727262,0.9769855193139069,0.9648659912110238,0.9209817665727265,0.9648659912110238,0.942837525383015,0.6369695431207095,0.9730862985612763,0.9031349604797554,0.9526370111116407,0.9629078616894176,0.4080645809418807,0.9425720985427191,0.7176529953352655,0.9467071200650465,0.9511016704226434,0.933654454952398,0.9011161501496323,0.9542136024350836,0.7840536293380751,0.9231975163531971,0.8352434350141631,0.8447043622091568,0.9526370111116405,0.9375821720172512,0.9526370111116407,0.8039765114147406,0.9629078616894173,0.9373704232137268,0.9386420076357267,0.7704391635096576,0.9526370111116405,0.8178422485024104,0.7864057866094468,0.994437324868074,0.8189630840562676,0.8383948208633007,0.8255892557605071,0.11516900984745693,0.8650546456747354,0.7581686861405527,0.8189630840562678,0.7605174113429305,0.9399319300513138,0.7940709086394254,0.9648659912110238,0.939931930051314,0.9073884413700836,0.6143757796228813,0.9348776724743586,0.8497130258115504,0.9505241704836669,0.7803993678854959,0.9526370111116407,0.9511016704226434,0.852744627559685,0.9378370728938006,0.6625231566468321,0.8217667418575592,0.7993052872604915,0.9526370111116405,0.8328655804961278,0.6873207198416378,0.9277359074596556,0.9526370111116405,0.8507258744656068,0.9467071200650465,0.11775954848708015,0.9399319300513145,0.9511016704226434,0.8567565353887989,0.9361160018916066,0.6585158886812201,0.933654454952398,0.9145082620913982,0.9399319300513143,0.777326388439208,0.9526370111116405,0.9324454498571317,0.9526370111116405,0.9610366993022685,0.8446109430683049,0.8921529459435535,0.9648659912110238,0.9312498291554212,0.8761423128183075,0.9113525537588969,0.48648250974392016,0.9526370111116405,0.8749227387115646,0.8639484283036893,0.7154691980060808,0.9300668284196518,0.9209817665727262,0.9575094353013822,0.9300668284196516,0.928895740061739,0.9681385641755447,0.9001110559421441,0.7993052872604915,0.9681385641755447,0.9277359074596556,0.9575094353013822,0.6238609283942583,0.9681385641755447,0.9648659912110238,0.9361160018916066,0.9542136024350834,0.6238609283942587,0.9511016704226434,0.928895740061739,0.9386420076357269,0.899108613242037,0.532223071104747,0.939931930051314,0.9198856874256713,0.9348776724743586,0.9511016704226434,0.9425720985427191,0.8550065733210688,0.5352976416436228,0.9082407355488131,0.8446109430683049,0.9177151699279686,0.9145082620913982,0.9879700133881206,0.9542136024350836,0.2237494366831898,0.9082407355488129,0.9011161501496319,0.500812344912036,0.932445449857132,0.9072120922355342,0.19244580608505346,0.07708672090253421,0.9175493208075458,0.9312498291554212,0.9097206700803182,0.9231975163531971,0.4185859046750726,0.8627197720675652,0.9412414838519028,0.928895740061739,0.2775029775378376,0.8792701714261306,0.8862516682966308,0.5900729478685124,0.9072120922355342,0.8597455235253664,0.9592404230051592,0.9243180392978652,0.8842921321245039,0.9361160018916064,0.9227946422906833,0.45920624541005883,0.9061873961293256,0.880379147867171,0.776063507527166,0.3931922978743946,0.8547546403115025,0.9511016704226434,0.8911663603911606,0.8341860124462199,0.9558359621451105,0.2519374759750954,0.8941307528793183,0.9324454498571313,0.9695808922938258,0.9051664401581994,0.9064110103549552,0.8993729787121678,0.9496037211238535,0.32225004320927864,0.9376033950120526,0.9386420076357269,0.9092735418441045,0.9558359621451105,0.8686326671635054,0.3360188683437645,0.1573927922435595,0.9001110559421444,0.952944974054758,0.9542136024350834,0.9629078616894173,0.9302947288966976,0.9610366993022685,0.8309916996778286,0.1573927922435595
p37_P,0.8063035401383721,0.7497563078190197,0.7088973915403081,0.8463665238134097,0.7937866699170062,0.8392586329331393,0.9323659163119917,0.9218955324500118,0.5561137077682301,0.830300007742161,0.8405567368494107,0.8127850482788859,0.7579944655912745,0.9250249625106428,0.9714831387236398,0.7206473550006296,0.9967013790926522,0.772915523696414,0.8409005106559411,0.8656274904071588,0.7320585361912331,0.7848235367990131,0.8853719187040605,0.8486671116956643,0.8244461154233773,0.6838280318363461,0.9253097980264835,0.688596878729697,0.9009549730721551,0.7670721664438811,0.7548080624567112,0.8519676252250141,0.8069375790544111,0.7961571554626207,0.8219802313616454,0.8892113101108312,0.8195950362291899,0.9392750447224357,0.8392586329331393,0.958710882346965,0.6032893063297267,0.7563141154788079,0.8261162570094343,0.6340853017775365,0.9447088305054094,0.6748825811933985,0.8580353179335032,0.5898744363103743,0.7020592777806824,0.5006726368643766,0.8989918865893685,0.6333442075834754,0.7055582896150357,0.8737914412600256,0.7870026189885433,0.7175259971354124,0.7175259971354127,0.7833099084134079,0.44076973301835143,0.7694323238122411,0.5664500433368617,0.7500249398127266,0.9663213829593118,0.7170068217613765,0.8135211337092474,0.5515313875764754,0.8678618255661661,0.8416193859871023,0.9779994850545358,0.8554752877066778,0.9943082385447684,0.7020592777806827,0.7937866699170063,0.38789396138448606,0.7833099084134079,0.5156383202745392,0.8086043078572853,0.8162808766365104,0.44612428458206865,0.9879809040697736,0.9652363814473877,0.8316639440922209,0.9310092564387908,0.9250273281472403,0.7833099084134079,0.9862304496400796,0.9988504763234671,0.6971408316128871,0.9658089680772968,0.7762855815640268,0.7833099084134079,0.8483850335865395,0.5694916264700405,0.5694920149216104,0.9310092564387908,0.9335492757566177,0.8355047548015271,0.5353090278688586,0.41682419511587465,0.3245190467890299,0.8017782115514327,0.8279903628414245,0.8501737928062842,0.9040641754392986,0.5463029967751794,0.8217392653025242,0.8959749927118634,0.32006107974405973,0.755830752832033,0.4616329342521003,0.7425553780452976,0.779741599857591,0.1829834337603483,0.6137301379025943,0.7979454077493469,0.0,0.7497563078190197,0.8217392653025242,0.8764392007172974,0.3717986082608816,0.6340853017775364,0.7056804198282776,0.8957384634135628,0.8617022346808816,0.7511852659177243,0.4416361115156472,0.7905229607627158,0.9632559321773264,0.9406573296268617,0.9760431323347453,0.45519106872210935,0.797945407749346,0.8056017035197613,0.8261162570094343,0.7887311847436811,0.7418476407319248,0.8337703167701517,0.9612520086357725,0.8056017035197611,0.7960982570121531,0.6308846211004118,0.8303000077421603,0.5889508760342987,0.7480972575962954,0.8077314240075313,0.6227245904409773,0.6459995585210729,0.5028149941570295,0.6990869782313256,0.4668710482188594,0.9362824557371514,0.6345587455938608,0.9318407779553037,0.9327808748783286,0.9301219476125704,0.6990869782313258,0.7576073464426958,0.942314539512358,0.9149089376366395,0.8104489660347425,0.8010893405538565,0.8880802730255812,0.8091874477205085,0.5629981916381654,0.6255366210635049,0.8847091035901706,0.8606753330331809,0.6682707437192401,0.8286977146880734,0.6230889412536784,0.866031133487718,0.7762855815640268,0.8190868235764762,0.8795716068724379,0.8288066083154008,0.9996072383195826,0.889211310110831,0.8824814310273923,0.8316320984245247,0.8015813038278501,0.8907101446432351,0.7446314613576572,0.9070934795714582,0.812785048278886,0.9552498412242687,0.720840322489068,0.4120284536108715,0.82618876273688,0.8737914412600255,0.7941998735538551,0.9905742773885506,0.773856835387167,0.6517428798814819,0.41779212575480573,0.8886803386071389,0.7833099084134079,0.9068112626286129,0.750580878589344,0.9846233815180863,0.5905440040191066,0.6711575326986603,0.8675756309664975,0.7833099084134079,0.5643668590422817,0.41779212575480573,0.8303000077421614,0.7833099084134079,0.9393140863316412,0.627282158383849,0.5663342062122021,0.7544999676759057,0.6113156756831313,0.7762855815640266,0.7833099084134079,0.958492523373844,0.7833099084134079,0.5738710949902566,0.746946363516779,0.6921406566950254,0.7833099084134079,0.502768471958652,0.7833099084134079,0.7166639338445249,0.8636001276007429,0.9218129312145298,0.4706257126987867,0.8880802730255812,0.31904538364815827,0.8227641902120648,0.9769084564820001,0.9298072105017149,0.8205716363501387,0.7210930035067323,0.8434358585110708,0.8678618255661661,0.8307243371930259,0.9270297891786444,0.9172647376643142,0.8657757574402585,0.8291964064606839,0.6272821583838486,0.9707051047990307,0.7954820308623902,0.8839105445889034,0.7833099084134079,0.5509804694597251,0.7833099084134079,0.8247410693819897,0.9505335047282237,0.8830976862482165,0.8317022725749944,0.28275947358444076,0.9068112626286129,0.658003706661752,0.7311743083690241,0.8081339281642226,0.7920050164236105,0.4272753704744302,0.9181252281176597,0.8465551952058405,0.9168822934983727,0.5655856057287285,0.7762855815640266,0.9276759113966682,0.7473179942963113,0.8392586329331393,0.5851345851488026,0.9140155505328671,0.8239267698255528,0.8233624390019214,0.8650948141475066,0.8519676252250143,0.5490967081506304,0.5997895315089057,0.5923773144403099,0.8217392653025242,0.32351325510975915,0.8215098786814359,0.786710951348796,0.7932099610549701,0.8217392653025242,0.9214622648996279,0.4748184096442599,0.8782218724327684,0.6145143298162776,0.7087142560932513,0.7814252209615563,0.6916855486052571,0.36658473960717863,0.7694323238122411,0.7979454077493464,0.888080273025581,0.3718560253226093,0.8554752877066778,0.6058473771633321,0.6890597277268051,0.5111102625876998,0.7724421631878774,0.9758446002725548,0.839697031302687,0.808997446349967,0.9294279230117135,0.9453578082946209,0.34344706808476344,0.7725873312163521,0.8580353179335027,0.7020592777806827,0.8184602754149548,0.4216769319740057,0.7919191609702241,0.6299984693746261,0.9130876204266509,0.9755479801970282,0.8887731510168093,0.852692063071099,0.8303000077421618,0.5896126504788368,0.8303000077421621,0.8434358585110711,0.8291964064606836,0.7710582646715538,0.8715600862377915,0.7833099084134079,0.7897075031786096,0.8507953885548198,0.7946457814751036,0.8217392653025242,0.8629751726731472,0.8584714555954442,0.7833099084134079,0.7544922601326123,0.840900510655941,0.8392586329331391,0.7950517166213,0.6571998068627968,0.7642344549770836,0.8208375642018124,0.5092389777524802,0.4334096326091743,0.9190564151771511,0.7362451437439139,0.5912628245210774,0.9181252281176597,0.7392507892479404,0.5534855278196087,0.7292961317287494,0.6932971592819137,0.8392586329331393,0.32974989030276325,0.7296231260817101,0.36256655070342825,0.7887311847436811,0.7762855815640268,0.9862693589636679,0.6158788087941647,0.3053843043249018,0.3110745259005002,0.4620318110357795,0.7833099084134079,0.471173288660125,0.88247717100216,0.7356786283462147,0.9299622870581823,0.8517526482728696,0.5842075074976948,0.7833099084134079,0.7833099084134079,0.9343509490837506,0.874353663518983,0.7756801759461747,0.7833099084134079,0.8656274904071584,0.7833099084134094,0.6890496464189431,0.5774887937881541,0.47840825760406336,0.8678905927473262,0.9535445328606948,0.8561658499738307,0.5116265178220816,0.4147168710261504,0.7833099084134079,0.49306683505079274,0.6991899654683742,0.33213954689438596,0.41716908247465245,0.8539541207939201,0.778598923292888,0.7979454077493462,0.27770809745732605,0.7833099084134079,0.37859351421948295,0.9011306096232433,0.7938078515265335,0.8283833986899007,0.8896842091060678,0.5694916264700407,0.7815588414320955,0.7833099084134079,0.8228198635979487,0.6727053935297345,0.7833099084134079,0.7676023133523359,0.5997991862843779,0.5064301783277418,0.4710132555607587,0.30685521415919625,0.7833099084134079,0.9373241143995503,0.5884278045109683,0.910572241794529,0.7756462572284715,0.5943540645276428,0.6231752479133474,0.5768879244152635,0.7954283046749304,0.7979454077493469,0.7725873312163523,0.5061356833588737,0.7938353809261203,0.5186832755831066,0.8730570891784151,0.6443550400987414,0.9311401875930305,0.8056017035197611,0.9663213829593119,0.7833099084134079,0.8217392653025244,0.8934914229668818,0.7151336703134759,0.7953053599570868,0.8154619181029097,0.822764190212065,0.7247917554167491,0.9769004355054903,0.7960982570121531,0.8891084572752113,0.7937866699170062,0.9482125213246311,0.5856754743237043,0.6901600812431463,0.8409005106559411,0.485963630007476,0.8164251656078731,0.8533312651697585,0.8624877842595755,0.6301320653117446,0.9750697052651944,0.8656274904071581,0.5721246249611265,0.6885968787296968,0.9811300705791771,0.9122971097614767,0.8323850789155589,0.6181526666715871,0.9616949515140268,0.9003422247257511,0.7332521811087547,0.9783249117863022,0.8761416030755185,0.7144056010803751,0.8438570803828872,0.6740733881698898,0.6884984120256308,0.6519291675082572,0.8983778482689067,0.9253097980264834,0.7704772965967075,0.6724717195403693,0.8783289407462735,0.7637591212169565,0.8396036498150905,0.4691765711542546,0.9166846610215876,0.525431558116901,0.7412826248452444,0.7302634159171311,0.8113987527389621,0.9481701832097378,0.9211799333828855,0.4900869588599084,0.9575013877780231,0.6169334449961044,0.9758446002725548,0.5903577831938396,0.7486506671687896,0.8306248033113864,0.8290533621536318,0.8213247008519978,0.7887311847436815,0.8830976862482164,0.8217392653025242,0.7809675603940598,0.3557953827180379,0.6284884479140203,0.8036808729078326,0.7762855815640268,0.5706626052147272,0.9818410211716471,0.8147274590373024,0.691835578962269,0.7833099084134079,0.8135211337092481,0.7833099084134079,0.7833099084134079,0.2626083762698874,0.725182977592665,0.6916855486052567,0.7833099084134079,0.598831196236534,0.4297173674752396,0.8954659825254505,0.9016857822296922,0.5077239697117106,0.5385990087643651,0.7906569093749625,0.8175607140000727,0.32526047335290953,0.8576950542990418,0.906928718821176,0.9105722417945288,0.6574045206745699,0.7496162580497541,0.6017536772202382,0.6800492175355326,0.837760094233174,0.9027619898118016,0.7349036159046769,0.845871503071008,0.8113346309968936,0.8279903628414251,0.7555068218872572,0.9988504763234671,0.8888696253826939,0.79383538092612,0.3793026357932474,0.9867012198992403,0.5664500433368614,0.7255977957396955,0.9659669565341589,0.7814252209615562,0.8799466210321039,0.8315400581731196,0.9604818919589893,0.3935797852642532,0.5347984980586498,0.8989918865893687,0.6305989808079455,0.814727459037303,0.5623286262676456,0.5292734490608371,0.9680526209706675,0.36842280709429165,0.7059238645872119,0.974838528146068,0.4529983924866031,0.47297042355711094,0.933179226839322,0.46664222765581354,0.7848235367990131,0.8292537162168289,0.6921945177760807,0.7833099084134079,0.8056017035197611,0.7257007063540554,0.8501737928062842,0.5569434672784963,0.7633418130938051,0.8305786781890797,0.9666792018104914,0.5190854461946899,0.9997925909264851,0.33060926036559624,0.8303000077421618,0.48360230256939785,0.9166846610215875,0.48030863491448517,0.822764190212065,0.9900325199670665,0.863289357053798,0.9321776639939661,0.786710951348796,0.6571511839557483,0.6509394493869238,0.4007474229867225,0.5738317876941115,0.8910010991537543,0.6492125792620247,0.43504972780884676,0.7144407253133014,0.8303000077421621,0.8244461154233773,0.8896842091060679,0.7086060734606547,0.6340671558465936,0.8175576055628377,0.7762855815640262,0.47038047227387036,0.5527510098090014,0.8392586329331393,0.6741179093209622,0.8715600862377912,0.8924501786702506,0.8476052759658117,0.757649014873611,0.9759384271716576,0.7204165546789434,0.8257846081227979,0.7919322700436734,0.7677291562107094,0.8675756309664977,0.8056017035197611,0.950800336285615,0.7833099084134079,0.9193110134639779,0.576998322269934,0.5012256972281872,0.9083948744871728,0.7833099084134079,0.6538689677371472,0.5878203778935762,0.651585921158111,0.669385036744635,0.5896632531113299,0.8948809142686167,0.5981908159723026,0.8355101643791607,0.7739518228885456,0.973816216428389,0.5602863549422739,0.8881247533070538,0.8135211337092483,0.9006474003869409,0.6964629435314076,0.888080273025581,0.7302634159171311,0.9136197685014562,0.8317022725749942,0.8039127449891676,0.8392586329331393,0.749756307819019,0.9875912524085166,0.8396970313026868,0.532164069951514,0.5065896690785261,0.840900510655941,0.8219802313616453,0.9773687526182602,0.4272816526015588,0.2702633602336292,0.7762855815640268,0.8367317645429639,0.7887311847436809,0.7762855815640268,0.7762855815640268,0.9382798022022047,0.7833099084134079,0.9447088305054094,0.7414161414842528,0.7833099084134079,0.9665229223224947,0.7648944482975195,0.8071644882517875,0.7979454077493469,0.8629751726731469,0.8315400581731195,0.8036808729078326,0.543307351707004,0.4120284536108716,0.702713661295211,0.47161635081840236,0.7833099084134079,0.6555501130244692,0.9782151383018163,0.8316639440922211,0.47230530059421316,0.8687326712559971,0.8892113101108312,0.8777391871621385,0.9656923187043277,0.9576872916004876,0.9890102704679159,0.8678905927473253,0.7669750973856464,0.9085797489974131,0.9020695718242926,0.7546298657536049,0.986211898126812,0.9566833549191383,0.7448345452083962,0.8580353179335032,0.8979465389846558,0.3612785902262826,0.7833099084134079,0.8678905927473257,0.5564948481258885,0.8303000077421614,0.6776026841665188,0.7627349104500596,0.9619360379139117,0.43927292220300385,0.822764190212065,0.5936380422567913,0.4055447667354719,0.7833099084134079,0.7833099084134079,0.887812482172464,0.6577024419519043,0.9671167494964354,0.697571581851637,0.4805236841484053,0.6066881454243311,0.509181845730819,0.30742985773869447,0.7134638449056481,0.4444307324592053,0.7833099084134079,0.9008183386664993,0.8056017035197611,0.8392586329331393,0.5442885363323653,0.8217392653025242,0.4601894032294601,0.7833099084134079,0.7833099084134079,0.25912506964432336,0.9524712770812429,0.3690502151352787,0.8086043078572858,0.6038641524811565,0.5870439469823479,0.9562325582180872,0.8632150558877831,0.43881707787893,0.5729822284799875,0.7833099084134079,0.8220426195884196,0.36845871879532177,0.7905229607627158,0.8409005106559411,0.921978349534508,0.7210170159957051,0.7068360055701304,0.8549380702823188,0.773395907240171,0.546970690541051,0.7833099084134079,0.2752718942462232,0.7799138535064554,0.6981602417329971,0.6266947183505138,0.7006366658686258,0.7541031584169527,0.6288138674721705,0.6811032869718154,0.7982744339496258,0.824227044310498,0.527494039236707,0.7953284265583763,0.9009549730721551,0.8193351117233485,0.9467575859259298,0.3213839425254459,0.9301219476125702,0.7762855815640266,0.6134006777129648,0.7558976627644615,0.865908087929199,0.850312541522722,0.8261162570094343,0.9321776639939661,0.900477392577751,0.9004773925777508,0.7178566903358297,0.9956516554345175,0.5365059898026081,0.8219802313616454,0.8656274904071584,0.7610427657407401,0.7633418130938052,0.6378773945800402,0.8069375790544118,0.7579944655912743,0.8612129307844865,0.7931466279516904,0.7905229607627158,0.64114182559462,0.8736941244762844,0.6702932617208531,0.7154465505952377,0.7833099084134079,0.801889152904462,0.9065609156955622,0.44203857849450945,0.830300007742161,0.8667770403987131,0.741282624845245,0.9185149052460333,0.7833099084134079,0.40391557461505445,0.4652270519548547,0.8541404404639339,0.31190700121997506,0.41292108741521105,0.3459933005121978,0.8367317645429637,0.4778021607715838,0.8693380217082409,0.9910594090896769,0.5344027448645098,0.9997925909264851,0.5888430008709165,0.974838528146068,0.8396036498150905,0.8396970313026868,0.9532213066140345,0.8945479812053945,0.32010657845086266,0.6846220157810821,0.4866887587715558,0.9347544771402012,0.7762855815640268,0.38701248185005477,0.4756809742987307,0.7636156520310038,0.32004512682775077,0.3555317295130631,0.7833099084134079,0.38749311849408696,0.43056707975757846,0.9963165987921235,0.7833099084134079,0.45334373499206015,0.9338312671659874,0.8217392653025242,0.79383538092612,0.7762855815640268,0.6175051249173602,0.8142095785084849,0.8299213364825198,0.822841265155438,0.9553544531823626,0.8396036498150903,0.4481481581369653,0.7833099084134079,0.8732123677893587,0.7833099084134079,0.889211310110831,0.8077005556806167,0.496020766720804,0.8392586329331393,0.7415938099589132,0.8515321455527589,0.6456998776242755,0.6890496464189435,0.7833099084134079,0.7434933093059577,0.5341984903624888,0.8093635239102794,0.9222532403959982,0.6568400529801008,0.8367317645429639,0.6800492175355333,0.8871108078324657,0.8290533621536325,0.5056338836687209,0.513446823636706,0.8290533621536325,0.669385036744635,0.7897075031786102,0.5111102625876995,0.8290533621536325,0.8392586329331393,0.8815668125898612,0.8315400581731195,0.675746549483573,0.9223662136541092,0.9070288902458206,0.7417579586053713,0.5161712637584024,0.6568400529801006,0.8857867368510901,0.6398363542151186,0.9557385827976075,0.8127850482788859,0.9988504763234671,0.733650868278591,0.8856957431620263,0.6296610095115995,0.7116272641426736,0.984610094223518,0.6088673254768999,0.9771262165114644,0.9358833380950871,0.7979454077493469,0.727252357691148,0.9557081500474276,0.8939674153965407,0.9815022989603666,0.6717017790356703,0.8056017035197611,0.8135211337092481,0.958171410883907,0.6597445765583393,0.8853971186091987,0.7699408458383658,0.6800492175355328,0.9148927652175053,0.8724205116499744,0.727766148525626,0.8115034698580472,0.6788193351818957,0.7973786130913918,0.8982785394902804,0.5571434992202557,0.7381143099163723,0.9752729805180502,0.824467069772844,0.9143004298430935,0.7055582896150356,0.8667200076245452,0.7673107896376421,0.9255952725962966,0.846555195205841,0.8611699883639913,0.9895122416602878,0.9275845812822392,0.8675756309664975,0.9018915143140187,0.9876400655319315,0.7979454077493462,0.8195950362291899,0.6265327290655307,0.6656618917175372,0.8880802730255815,0.9854791139281065,0.601108531051599,0.9445926659145814,0.8760960566118896,0.8227641902120655,0.5288668188174248,0.9665229223224949,0.7510913648905779,0.8279903628414251,0.5920053644043662,0.7417579586053713,0.8135211337092481,0.5212300697634269,0.8888696253826939,0.8486671116956646,0.8656274904071579,0.620807497415875,0.889211310110831,0.9436257519804546,0.8135211337092483
p37_SEDYRLH,0.9622403199348115,0.8135176651305674,0.9385789134461193,0.8476694754062011,0.9413411539914585,0.6624840621735417,0.955292649727508,0.9863774235958094,0.8889202553233961,0.9540615556502023,0.9305518148343679,0.9482607581795675,0.9394396415413291,0.847669475406201,0.8501094187810518,0.9290085666695176,0.9890537762576723,0.9208799593226005,0.9517441295565185,0.6838997519740109,0.901129424834398,0.9288758056186719,0.7929720393554058,0.9971196828020042,0.9750206691499415,0.9208799593226007,0.9357714224531068,0.9415276164159576,0.6838997519740109,0.9124556745451033,0.9961255853556192,0.9888197307367492,0.9339970109398132,0.906268236387799,0.9991271005058251,0.9791100127950296,0.9432937551644589,0.933997010939813,0.9564866901437921,0.963182708910274,0.9504069818881509,0.9677148480463276,0.9564866901437921,0.9362947736931577,0.9043815161331965,0.9358720973653769,0.9453030402757783,0.9186255087204844,0.919346293979701,0.875046477041949,0.9473756291574582,0.8784392666244142,0.9654186216767151,0.9322580645161287,0.9860136523181984,0.9526552033461158,0.9610024953181504,0.9413411539914585,0.923444868909026,0.9531057683512587,0.8915068580997116,0.9857983278521414,0.9900427159691707,0.883813517405303,0.9495194495442563,0.9470932041494512,0.8612104505251648,0.9428986925360374,0.9573043625686206,0.8408182974981259,0.772454432828326,0.9929808761591531,0.9413411539914585,0.9024446676913556,0.9413411539914585,0.9305733174439863,0.9288758056186719,0.9305518148343679,0.923577549886071,0.9564866901437921,0.9305518148343679,0.7074462807095026,0.9148532265533555,0.9654186216767149,0.9413411539914585,0.8644633857793794,0.8761584938412068,0.9246481759380898,0.8775328023580433,0.9394396415413289,0.9413411539914585,0.9025899955434544,0.9625450404891647,0.8952765084297515,0.9567930807361522,0.9472028518597413,0.7822165450514269,0.9321494820664493,0.842834648379793,0.942955636795014,0.9178313446502835,0.6236328247547577,0.9991271005058253,0.9440330935058484,0.8335522684478653,0.9517441295565183,0.8608012562583442,0.9653573636617316,0.9750206691499417,0.9053767737806993,0.7619581629784238,0.9677148480463276,0.8022561964897679,0.7104444149145562,0.9453030402757783,0.7497563078190197,0.0,0.9517441295565183,0.9564866901437918,0.8635702858013485,0.9362947736931577,0.8255797943499119,0.9272278453848009,0.7142931652563074,0.6337334171362556,0.7672967752903377,0.9432937551644589,0.7161153817625663,0.667511757481807,0.8721292828577807,0.8820115214035236,0.9931163690142985,0.8612104505251645,0.9564866901437921,0.9357714224531068,0.8598769591818511,0.9909228720349296,0.9250150906309565,0.9888197307367493,0.992239334903201,0.974731416429038,0.9540615556502023,0.822820161049403,0.938336204935323,0.7886700028450875,0.8967590384461328,0.8762879977600884,0.9494863178238055,0.919346293979701,0.8949029446917939,0.9011229673994832,0.9962043215661704,0.9751625815799818,0.9228541974862916,0.9888197307367493,0.963182708910274,0.9269164475019475,0.9875129768195829,0.9444589326130937,0.9176091589676256,0.8214318125449949,0.869955187594452,0.9700765701011145,0.8716025561676644,0.9874049319751843,0.8303266983229273,0.9381911481119679,0.8831093569047286,0.9173873567154582,0.9541751109351875,0.8879743544154314,0.995589441680881,0.9958263540139827,0.945024541480167,0.8583518701737862,0.977549159067497,0.7025265822012227,0.9941886409515408,0.9863342705377391,0.9151969380859426,0.9345971140255249,0.9961354772721065,0.9526552033461158,0.9955894416808808,0.997250881294925,0.924459798743519,0.8360850542738052,0.9784557376845573,0.9322580645161285,0.9527620984712089,0.9375844381576608,0.9919101586510035,0.9504887906493299,0.9311614287731254,0.9339973694561905,0.9413411539914585,0.9432937551644589,0.937584438157661,0.952168418575428,0.9816772932458203,0.9978886501497101,0.8921109580400154,0.9413411539914585,0.9336599546440159,0.9560093754209937,0.9540615556502023,0.9413411539914585,0.8853297485350567,0.9021362778138222,0.8688814196559582,0.9170608799974956,0.9594301810876531,0.9394396415413291,0.9413411539914585,0.9751625815799818,0.9413411539914588,0.8834045746395403,0.9972302123065044,0.9816772932458204,0.9413411539914585,0.9937100896993183,0.9413411539914585,0.9296014467063363,0.9280079835652404,0.7923024174460747,0.944699141362076,0.9931163690142986,0.9588818650935282,0.9375844381576608,0.9805867004734364,0.9288758056186721,0.9264060125885316,0.9093832453988209,0.8604594797352196,0.9473756291574584,0.9164060891461527,0.8738080422252299,0.94206858624683,0.9141155203977136,0.9021362778138222,0.9397586843685546,0.9357714224531068,0.8562562492224831,0.992239334903201,0.9413411539914585,0.887635694816231,0.9413411539914585,0.8430245326798032,0.9097516894125135,0.9250150906309568,0.9560464317857672,0.9340911498766938,0.9432937551644589,0.9380148669152273,0.9750206691499417,0.8360164092089225,0.870423515989665,0.8674925563323059,0.9453030402757783,0.9175203193132072,0.9095075097850294,0.9526068784540556,0.9394396415413289,0.9841747480714135,0.8630023626964599,0.9564866901437921,0.859403619276248,0.9631081363114835,0.9870038583237334,0.8793492472178117,0.8524843093637815,0.9888197307367494,0.9053742506784084,0.9902849998094856,0.8923738436054642,0.9517441295565183,0.8796411222781615,0.9130408205543935,0.9838552657289735,0.9201534922716772,0.9517441295565183,0.9637119587337406,0.9620876781838457,0.7852573409184235,0.8860446315351704,0.9685841124338928,0.945303040275778,0.9770956216737102,0.8775185946828152,0.9375844381576608,0.9931163690142987,0.7467940061746049,0.8834178016135845,0.7025265822012228,0.817251563615347,0.9413449729068444,0.9596850215420891,0.8089064507936314,0.9517441295565185,0.9413411539914587,0.8614716313674343,0.789141078114638,0.9888197307367492,0.8716025561676641,0.9156071109966866,0.9315357783043754,0.992980876159153,0.9415276164159578,0.9099539026069615,0.8954352541336303,0.8664319147745596,0.9765755097921511,0.9911336840439974,0.9402349479262813,0.9442856479866899,0.9735307058746404,0.8889202553233964,0.46667653654853924,0.9840256643467928,0.9021362778138218,0.9312643751292498,0.9315357783043752,0.9413411539914585,0.947375629157458,0.8058320110972779,0.9208799593226003,0.9517441295565183,0.9495194495442563,0.7798113577609113,0.9413411539914585,0.7382223882592143,0.9517441295565183,0.9564866901437918,0.922432716716142,0.8211668397434895,0.799582609049326,0.9473756291574582,0.9631081363114835,0.9825837282883128,0.7382223882592147,0.9339970109398132,0.9205091709847009,0.9453030402757783,0.9382169076942133,0.908595883904757,0.9322580645161285,0.9690823363812229,0.9564866901437921,0.9773663986107648,0.8993381937147167,0.9836725803103626,0.9890537762576723,0.9394396415413289,0.6530290902271256,0.9903614764146604,0.8524311286184663,0.9543282153224906,0.9555299319100914,0.9413411539914585,0.9126489529444599,0.9433231638906059,0.9076672018071592,0.8644633857793794,0.9735307058746404,0.9807391009184676,0.9413411539914585,0.9413411539914585,0.963182708910274,0.9394299057972583,0.9145274002603909,0.9413411539914588,0.6838997519740114,0.9413411539914587,0.8879743544154313,0.9141155203977136,0.8700549980439252,0.8853010064654411,0.9527620984712091,0.9288758056186719,0.8839072352628159,0.8789925306301867,0.9413411539914585,0.9528956805828064,0.8683509791997799,0.9899646125515771,0.9435219111872628,0.9935864990091459,0.86463274709532,0.9931163690142986,0.8641505502234017,0.9413411539914585,0.8102939110084831,0.9654186216767149,0.8924511439923639,0.9841884774067362,0.8779465587349309,0.9341416961934477,0.7539031407898736,0.9413411539914585,0.9895595299788168,0.974731416429038,0.9413411539914585,0.9119376979332721,0.9132730854279639,0.9713968266541738,0.9605141371058518,0.8716025561676637,0.9413411539914585,0.8829240678855337,0.8659109470680071,0.8515631433027532,0.9283209252291187,0.9605141371058517,0.92800798356524,0.8941188719993174,0.9895595299788167,0.9931163690142985,0.9852187602692419,0.868881419655958,0.9725096342470558,0.8570482934630712,0.8840503022498931,0.9654787925181085,0.9256059689675478,0.9473756291574582,0.9900427159691708,0.9413411539914585,0.7716724398496744,0.8770649676407918,0.8848725063374459,0.9803079821283598,0.9163339973465923,0.9375844381576608,0.90836202117784,0.9971196828020042,0.992239334903201,0.9699358505776486,0.9413411539914587,0.864362519201229,0.9793293125547899,0.7677800669179129,0.9517441295565185,0.8492246923995008,0.9540615556502021,0.9322580645161289,0.6053573782373747,0.9200782485679713,0.9736413441112676,0.9540615556502021,0.9316756653308286,0.9035033355391051,0.9025899955434544,0.9224335544163886,0.9288758056186721,0.9761277300342176,0.6852134154646816,0.9062682363877987,0.9171102496467269,0.9652786001311675,0.9240084059312026,0.9171102496467269,0.9699358505776486,0.9133880855304555,0.8698496749892742,0.9108797681819172,0.9594301810876531,0.9357714224531068,0.8358404093594289,0.8420454406084502,0.9508061295476462,0.9700765701011145,0.886779369914421,0.9571973490111539,0.920179683283657,0.955312704238404,0.9700765701011145,0.9097516894125138,0.8402489527348127,0.6852134154646816,0.9010471309686272,0.8456143472035889,0.979791455977388,0.9171102496467267,0.9099641551465771,0.889873641973508,0.9068126952440341,0.9841747480714135,0.9063752600766318,0.9890537762576723,0.6912521009149339,0.9250150906309571,0.9517441295565183,0.755661915168889,0.86856625903842,0.936294773693158,0.9394396415413291,0.9394396415413291,0.84700086677494,0.8959997162877472,0.9357714224531068,0.9175203193132078,0.9413411539914585,0.9495194495442565,0.9413411539914585,0.9413411539914585,0.8921984211475664,0.9256059689675478,0.7049446238172314,0.9413411539914585,0.805052721523491,0.8387507234176634,0.9773810909232876,0.9534670932382656,0.9269383870311353,0.8983808250009029,0.9050999380213889,0.9557539823910066,0.867628950369957,0.9619697063034165,0.9922652152320144,0.9495194495442565,0.981765853956609,0.9667459892559682,0.9155857839080437,0.9547568354430371,0.9860136523181984,0.992239334903201,0.9509729616455322,0.6526457361497637,0.9126349348227398,0.9453030402757783,0.9136599420047977,0.9736413441112675,0.9417225646937943,0.9805867004734363,0.9053742506784084,0.9527620984712089,0.8915068580997119,0.9725096342470558,0.9470007361724493,0.945303040275778,0.9288758056186721,0.9432937551644591,0.9380148669152273,0.8622647747663008,0.8698496749892745,0.9473756291574582,0.8896628273818983,0.9357714224531071,0.8333372047634757,0.9391306146813307,0.9394396415413291,0.8908089932850713,0.9593272108982549,0.9564866901437921,0.8733167810927795,0.9557489758909954,0.9898131261783945,0.9767939652722473,0.9248999189762372,0.9280079835652404,0.9850397963536648,0.9413411539914585,0.9473756291574582,0.9415276164159576,0.9991271005058251,0.8549127357309423,0.9776172307537021,0.8984508716057188,0.9987329349189487,0.9625450404891647,0.9725096342470558,0.8745649354471419,0.9540615556502021,0.8900161025181322,0.9201796832836568,0.9588448417337108,0.9375844381576608,0.6498698580331024,0.871101454971974,0.9773810909232878,0.9700765701011145,0.9557248962148213,0.8914467850143752,0.9922455941219833,0.9260205794114211,0.8993381937147162,0.9083133803641006,0.8826722065246175,0.9547568354430374,0.6114920134988535,0.9750206691499417,0.9375331207684676,0.9972302123065042,0.9557539823910066,0.9402203517669749,0.995589441680881,0.8867294061419502,0.9216220425909147,0.9673074603196744,0.9793293125547899,0.9931163690142985,0.9048804738246028,0.754278136569222,0.9677148480463276,0.9108618909887135,0.797030665081471,0.9272278453848009,0.9156071109966869,0.9305518148343677,0.995589441680881,0.9473756291574582,0.6624840621735417,0.9413411539914585,0.8604594797352193,0.9290551267923362,0.9026060607471642,0.8169980576358107,0.9413411539914588,0.9830366368138794,0.9470932041494512,0.9962043215661707,0.9105012505384158,0.9232502230992652,0.8708237773413691,0.9528956805828062,0.9245632384615148,0.7433471470063664,0.9962043215661707,0.8275252320423425,0.9369517127066342,0.9495194495442565,0.8058320110972776,0.9178313446502835,0.869955187594452,0.759262063193583,0.9564866901437918,0.8709667178740068,0.937584438157661,0.9673074603196743,0.9322580645161287,0.8663129020103818,0.7119431669223408,0.9758586029978124,0.9579661512334019,0.9517441295565185,0.9413411539914587,0.9776172307537023,0.9061307867295617,0.9466017689473758,0.9394396415413289,0.8612104505251645,0.9890537762576723,0.9394396415413289,0.9394396415413289,0.9840256643467928,0.9413411539914585,0.9357714224531068,0.9663966363465524,0.9413411539914585,0.9700765701011145,0.9051891110898548,0.9517441295565183,0.9931163690142985,0.9178689456870834,0.9971196828020042,0.9394396415413289,0.9863774235958093,0.8910555173288917,0.9256059689675478,0.8953105781868513,0.9413411539914585,0.9632064435946426,0.6852134154646816,0.9700765701011145,0.985566023023569,0.9651353935154794,0.9517441295565183,0.5204271865337109,0.9272278453848009,0.9849965025219795,0.9750206691499417,0.9430869529798077,0.9397586843685548,0.81226288036206,0.9547568354430374,0.8138702669970945,0.9305518148343681,0.8408182974981261,0.8176352164368612,0.9453030402757783,0.9280079835652402,0.8439971771277783,0.9413411539914585,0.5385853273792407,0.985039796353665,0.9735307058746402,0.9782842551125648,0.9890537762576723,0.9803079821283598,0.9982235674385946,0.9375844381576608,0.957567146593874,0.9757863403845671,0.9413411539914585,0.9413411539914585,0.8013325861566094,0.7817468296837364,0.8058320110972776,0.9234448689090258,0.8479191510020667,0.9099539026069616,0.764841125132967,0.843668492528485,0.9677148480463273,0.9605320703393758,0.9413411539914585,0.9807457617146846,0.9473756291574582,0.9564866901437921,0.9367167246598178,0.9517441295565183,0.9341416961934474,0.9413411539914585,0.9413411539914585,0.9372436743103478,0.9413411539914585,0.9293417052726675,0.9776172307537021,0.9444589326130934,0.8498126246633049,0.9588738543024724,0.8498126246633048,0.8607757469181785,0.8494810016550576,0.9413411539914588,0.8345068763030484,0.8653898739921448,0.9375331207684675,0.9517441295565183,0.8226590914039,0.9452242050877708,0.8967590384461328,0.8644633857793794,0.9432937551644589,0.914527400260391,0.9413411539914585,0.8511486947061904,0.8644633857793794,0.883813517405303,0.7995332891452004,0.9572119050078478,0.9322580645161289,0.9594301810876531,0.924459798743519,0.9495194495442563,0.8482181063450629,0.8688024137930128,0.9890537762576723,0.9735307058746404,0.9685841124338929,0.9208799593226003,0.8848725063374459,0.9473756291574582,0.9394396415413289,0.886030602230176,0.9610024953181504,0.9773810909232874,0.8918797754295276,0.9564866901437921,0.7968844697483157,0.967307460319674,0.9564866901437918,0.887635694816231,0.9076672018071594,0.8800330897565918,0.9413411539914585,0.9540615556502021,0.9776172307537021,0.9288758056186719,0.9867099191883358,0.9860136523181984,0.9394396415413293,0.8663129020103818,0.909704740786208,0.8779465587349307,0.9202898300720301,0.9413487659113846,0.7959497447008523,0.7951769278691905,0.9413411539914585,0.9025899955434544,0.9413411539914587,0.9063134821252565,0.9540615556502023,0.9677148480463276,0.9838552657289735,0.9975245097920247,0.9413411539914585,0.8745649354471419,0.8733167810927794,0.9240084059312026,0.8509787359178671,0.8767966811987731,0.8596526516701358,0.9473756291574582,0.8201272394352039,0.9276111209519073,0.9512349115503587,0.9716015065406128,0.9725096342470558,0.8374789535554062,0.9564866901437921,0.7460683740758978,0.9413411539914587,0.8825490680853296,0.8614716313674342,0.8400645448984383,0.9420685862468299,0.9419179795019142,0.8853010064654409,0.9394396415413289,0.870369462301785,0.9381911481119679,0.9778386249550355,0.8164422788351922,0.9132730854279638,0.9413411539914585,0.8799375212389071,0.9539739906155531,0.9911110085568768,0.9413411539914585,0.8413768129058807,0.961969706303416,0.9517441295565183,0.9336830351939284,0.9394396415413289,0.8844645988717629,0.9900427159691707,0.9797685521491151,0.6072859980031802,0.9296271327573984,0.9336830351939283,0.8881488016567642,0.9413411539914585,0.8709667178740069,0.9413411539914585,0.9517441295565183,0.9331873466532814,0.8969433269275071,0.9564866901437921,0.9987329349189487,0.9533992806796758,0.9594301810876531,0.9911110085568766,0.9413411539914585,0.9349567809687966,0.9776256982477278,0.9351898208098761,0.9133880855304555,0.939758684368555,0.8612104505251645,0.9133880855304557,0.9527620984712091,0.9795518972928103,0.8762879977600886,0.9132730854279639,0.9795518972928103,0.8879743544154324,0.9473756291574582,0.9596850215420891,0.9795518972928103,0.9564866901437921,0.9654186216767149,0.9432937551644589,0.9596850215420891,0.8359611579004628,0.9527620984712091,0.7995826090493267,0.8750464770419488,0.9397586843685548,0.8867793699144206,0.9380148669152273,0.963182708910274,0.9955894416808808,0.9776172307537021,0.9589785024351909,0.8879743544154315,0.953950415619599,0.8853297485350569,0.9345971140255249,0.8928315634521963,0.919346293979701,0.9432937551644589,0.9453030402757783,0.953950415619599,0.909704740786208,0.9163339973465923,0.9588738543024724,0.8850825988655409,0.9250150906309572,0.9495194495442565,0.9414981070442643,0.9148532265533555,0.9871069939871169,0.8644633857793795,0.9547568354430374,0.9111867544055468,0.9272278453848009,0.9119376979332716,0.9413411539914582,0.8495704551359022,0.918336184177788,0.989976450406266,0.8850825988655409,0.9068223598075058,0.9841747480714136,0.7827020517762245,0.9446991413620762,0.9208799593226005,0.9357714224531068,0.749627939984272,0.9504069818881509,0.9671649000856171,0.9544512971200105,0.9305518148343679,0.9261083594815762,0.995589441680881,0.9223353047640862,0.9220756705087443,0.9453030402757778,0.9971196828020042,0.8997273685499725,0.9163339973465923,0.9315357783043755,0.9817231968194007,0.8980671682072892,0.9009798773214706,0.7891410781146375,0.992239334903201,0.9615369425921252,0.9700765701011145,0.921694838603619,0.5620522340448353,0.9476001313487192,0.8917189373891502,0.9495194495442565,0.8762879977600886,0.9870038583237335,0.7587734346678574,0.9540615556502023,0.867655656924375,0.9517441295565183,0.942955636795014,0.9841747480714135
p37_T,0.7963356519499133,0.9517441295565183,0.9109895373928902,0.9362456943690349,0.9582144552981327,0.9690033562225546,0.9282231289090204,0.9000012885687346,0.9208725034246266,0.14649376057562669,0.9505286850464207,0.9568599156354454,0.9568599156354454,0.9362456943690349,0.9264564493231808,0.7188125664051562,0.9542468650366516,0.9436389526644002,0.965625,0.9672758151492922,0.9074725945748128,0.9493347822888889,0.9470055188469617,0.3110882524899774,0.9481608601832734,0.9436389526644,0.9542468650366516,0.9312607396704553,0.9672758151492922,0.8477442002619117,0.9383021271292233,0.9625131050152522,0.9529828655437629,0.9332303128187658,0.9582144552981327,0.965625,0.9596053879391779,0.9529828655437629,0.09827945374704128,0.942546448360206,0.9172347260035334,0.9936745866415235,0.9690033562225546,0.9283593797331273,0.9542468650366518,0.8745053838668202,0.9610366993022685,0.9637550377043789,0.942546448360206,0.9109895373928902,0.2565536071556338,0.876261827348312,0.9436389526644,0.9517441295565183,0.9762777185243531,0.9414672763813328,0.5301418640428827,0.9582144552981327,0.8529481410826931,0.9555383641697375,0.9227150661971699,0.8962170259453924,0.9957912204911729,0.6299503038670398,0.964040252388596,0.8903419420496905,0.9625131050152522,0.7099187434240763,0.810631735747056,0.965625,0.9352318345617441,0.942546448360206,0.9582144552981327,0.7937778688175781,0.9582144552981327,0.906597867618917,0.9493347822888889,0.9505286850464207,0.9240714630961304,0.9690033562225546,0.44048351641344363,0.9458674971126175,0.9393458182324887,0.9436389526644002,0.9582144552981327,0.932241742150131,0.9493347822888889,0.9074031733450507,0.6934727095531925,0.9568599156354451,0.9582144552981327,0.9109895373928905,0.8227836741603319,0.9176596541595285,0.9393458182324887,0.9637550377043789,0.9092272046561756,0.9074725945748126,0.8025534011001835,0.8508940408143366,0.9998226281102464,0.9610366993022685,0.9582144552981327,0.8832354238447047,0.8936031902522539,0.9656250000000002,0.9236430180495618,0.7938344767596348,0.9868438546677248,0.7907467895024354,0.8979178384019251,0.5010365109578354,0.87538386778876,0.9255134534695351,0.9610366993022685,0.8217392653025242,0.9517441295565183,0.0,0.9690033562225546,0.8832354238447049,0.9784926679114252,0.7188125664051562,0.9481608601832734,0.49910845358077216,0.9436389526644005,0.8326235870570966,0.9596053879391779,0.961336421334998,0.9667798280829097,0.9814510646731798,0.9346991012692378,0.9610366993022685,0.9625131050152522,0.9690033562225546,0.9542468650366516,0.8021289398337758,0.6949360932076512,0.9625131050152524,0.9625131050152522,0.9555383641697377,0.8733481182086195,0.9672758151492922,0.8903419420496905,0.8944656454039726,0.7128591674615055,0.9264564493231808,0.9118739328932484,0.807132551826844,0.942546448360206,0.8270601489234037,0.967275815149292,0.9227150661971699,0.7842064772164411,0.9022452837148789,0.9625131050152524,0.9425464483602062,0.9136498875984242,0.979958676545309,0.7822955362017104,0.9057246972976494,0.783442106058053,0.9610366993022685,0.9914826481470902,0.8567149674919383,0.9154363928771065,0.9829714105092717,0.7744054318602515,0.9172347260035332,0.9465829649206577,0.76600355598655,0.9362456943690349,0.9568599156354449,0.9414672763813332,0.8700853537305534,0.879757933706885,0.9399096127475324,0.965625,0.7159606232011387,0.9342268638258988,0.906597867618917,0.6257757457430688,0.9507776441281286,0.9414672763813328,0.9568599156354454,0.9216020313541382,0.8797579337068848,0.8832354238447049,0.6213364750050574,0.9517441295565183,0.9372689456075765,0.3755161149294951,0.9675591368764067,0.8537121927533957,0.801231469866508,0.6501387041207709,0.9582144552981327,0.31108825248997696,0.9555383641697375,0.6256984121866641,0.8647169462584843,0.9109895373928902,0.9568599156354454,0.9582144552981327,0.891878386060835,0.8946434909616015,0.14649376057562757,0.9582144552981327,0.8197691174227546,0.9302869180633686,0.906597867618917,0.9196272041613349,0.9217916370027819,0.9568599156354451,0.9582144552981327,0.7099187434240763,0.9582144552981325,0.8794220672691386,0.8674107520354715,0.9001151207948017,0.9582144552981327,0.8858340936764979,0.9582144552981327,0.8583462338175076,0.9236430180495616,0.9312607396704551,0.8979178384019255,0.9610366993022685,0.8173748798116492,0.9555383641697375,0.9470055188469617,0.45409729849609326,0.9227150661971699,0.8291493513794035,0.9332303128187658,0.9625131050152524,0.9625162230164762,0.6605352223956008,0.9199574485923747,0.9154363928771068,0.9302869180633684,0.9302869180633684,0.3211460692758693,0.9057246972976496,0.9555383641697377,0.9582144552981327,0.9199574485923747,0.9582144552981327,0.8774082655650679,0.9302869180633686,0.950716529670402,0.9404006431802039,0.8173748798116494,0.31108825248997707,0.979958676545309,0.9481608601832732,0.9118739328932484,0.9505286850464207,0.9235852575057479,0.28525113979810734,0.8944656454039726,0.933670888244921,0.7677778585037093,0.9568599156354451,0.964040252388596,0.8942631579092644,0.09827945374704128,0.862909488252414,0.7845111847199956,0.9447456538980155,0.9326468089069144,0.8970542565865078,0.9625131050152524,0.796963401461898,0.8277345205711406,0.8848025594350115,0.9656250000000002,0.9292620526412978,0.9293199127017768,0.9458674971126175,0.9190462651000917,0.9656250000000002,0.951426791823698,0.8095347141367151,0.964040252388596,0.9163339973465923,0.9362456943690349,0.9610366993022685,0.9332303128187658,0.7834421060580531,0.9555383641697375,0.9610366993022685,0.9610366993022685,0.8342814558669873,0.965625,0.8264925818075504,0.8806288736252947,0.9057246972976494,0.9078950156090664,0.965625,0.9582144552981327,0.942546448360206,0.9555383641697377,0.9625131050152524,0.7887187728537042,0.6790539541071395,0.9610366993022685,0.942546448360206,0.9312607396704553,0.8480451455932454,0.6359580443283792,0.7217043284103863,0.9030333503116554,0.862972057535754,0.7813013083783413,0.9346991012692377,0.967275815149292,0.9208725034246268,0.9342541377090322,0.9332303128187658,0.6092357624483302,0.9742388426031001,0.9552175050422179,0.9582144552981327,0.9625131050152522,0.6168592556746892,0.9436389526644005,0.9656250000000002,0.964040252388596,0.9568599156354451,0.9582144552981327,0.9481608601832732,0.965625,0.9690033562225546,0.9264564493231808,0.8893582784066545,0.9458674971126175,0.9625131050152524,0.7845111847199955,0.8592642631772309,0.9868438546677248,0.9529828655437631,0.8691958391075136,0.28525113979810746,0.9332303128187658,0.8451634443215719,0.9517441295565183,0.9756340559373771,0.9690033562225546,0.8217392653025241,0.9332303128187658,0.8117728822598587,0.9542468650366516,0.9568599156354451,0.9893688617336198,0.9057246972976494,0.8175595086733718,0.910548062587494,0.8508940408143364,0.9582144552981327,0.8797579337068848,0.5972411246686107,0.9877180384539763,0.932241742150131,0.967275815149292,0.76600355598655,0.9582144552981327,0.9582144552981327,0.5209202277057925,0.6122611620575713,0.9216020313541384,0.9582144552981325,0.9672758151492922,0.9582144552981327,0.9362456943690349,0.9154363928771065,0.8012314698665081,0.9582144552981327,0.9372689456075765,0.9493347822888889,0.8620020752690567,0.842246813951878,0.9582144552981327,0.9022452837148789,0.9312607396704551,0.8129069456777992,0.8106317357470559,0.9372689456075765,0.8927407985750284,0.9610366993022685,0.7950896414683805,0.9582144552981327,0.8332650413138045,0.9436389526644005,0.9216020313541382,0.860179532853107,0.9593605721085062,0.861092113458608,0.9529828655437629,0.9582144552981327,0.9588782372193383,0.8733481182086195,0.9582144552981327,0.9372689456075765,0.8301944662164017,0.9059500308908426,0.8480451455932454,0.7887187728537041,0.9582144552981327,0.8521929255346838,0.9186425876141022,0.964040252388596,0.8780124908814333,0.8480451455932454,0.9236430180495616,0.9245757305468909,0.9145417437978427,0.9610366993022685,0.9612908916295111,0.906597867618917,0.9470055188469617,0.7898018532418963,0.8961910905435388,0.8936031902522537,0.9470055188469617,0.9625131050152522,0.9436389526644005,0.9582144552981327,0.965625,0.9890302829209386,0.8451952273822535,0.9505286850464207,0.9404006431802037,0.9555383641697377,0.9021266483320798,0.9596053879391779,0.9555383641697377,0.9818060040046751,0.9582144552981327,0.9517441295565183,0.9005120111662774,0.9208725034246268,0.9403409090909088,0.8004256915114937,0.9672758151492922,0.9517441295565183,0.9470055188469617,0.8239839302585489,0.9843798933538866,0.9672758151492922,0.8591888927881027,0.9312607396704551,0.9109895373928902,0.9936745866415235,0.9493347822888889,0.9199574485923747,0.9610366993022685,0.9332303128187658,0.6752318008799827,0.8987819282972858,0.9914826481470903,0.9625162230164761,0.9818060040046752,0.9383021271292233,0.8683043280893405,0.8499792765287962,0.9217916370027819,0.9542468650366516,0.8438724100085819,0.910107340129978,0.570445016086435,0.9458674971126175,0.9470055188469617,0.8499479257057734,0.9141406930557712,0.8780124908814334,0.9458674971126173,0.9302869180633686,0.8301859677307101,0.9610366993022685,0.9088679893884182,0.853712192753395,0.9631988949207005,0.9172347260035334,0.965625,0.9136806902167052,0.7002096296062613,0.964040252388596,0.9829714105092717,0.9542468650366518,0.9542468650366516,0.9625131050152524,0.1880681818181823,0.9383021271292231,0.8565016117177141,0.9283593797331273,0.9568599156354451,0.9568599156354451,0.8893582784066543,0.6455474190141607,0.9542468650366516,0.8944656454039726,0.9582144552981327,0.964040252388596,0.9582144552981327,0.9582144552981327,0.9199207156261615,0.4789197198624878,0.9332303128187658,0.9582144552981327,0.814924694096546,0.7780262207040423,0.9302869180633685,0.9738642515935688,0.9430998431724231,0.8743674594684081,0.6589477955093513,0.6168592556746897,0.9040056117932131,0.41036239106927797,0.6739163003846305,0.964040252388596,0.932241742150131,0.8454867220715399,0.8814987207179201,0.9383021271292233,0.9529828655437629,0.37551611492949577,0.8397383481014538,0.964040252388596,0.9145417437978427,0.9610366993022685,0.9637550377043786,0.4540972984960917,0.9447456538980155,0.9470055188469617,0.911790166832309,0.9372689456075767,0.9227150661971699,0.9470055188469617,0.934226863825899,0.9610366993022685,0.9493347822888891,0.9596053879391779,0.9293199127017768,0.8823675467067158,0.8683043280893408,0.950716529670402,0.8823675467067158,0.3936067758446191,0.8521929255346838,0.9092272046561756,0.9568599156354454,0.8129069456777993,0.9393458182324887,0.9690033562225546,0.8402819095372958,0.8736248211051396,0.6168592556746888,0.8723257484157794,0.9493347822888889,0.5976796897990189,0.9031133691845501,0.9582144552981327,0.9625131050152522,0.9312607396704553,0.9582144552981327,0.9235852575057479,0.9843798933538865,0.9555383641697377,0.9393458182324887,0.861092113458608,0.9470055188469617,0.7861013304270679,0.9342541377090322,0.83018596773071,0.9505286850464207,0.9285879473948484,0.9555383641697377,0.9529828655437629,0.8343397916505889,0.98145106467318,0.9458674971126175,0.8870144729824134,0.9420305227777703,0.8441952219411115,0.7322877430076871,0.9332303128187658,0.7876587616735474,0.8858340936764979,0.9945610690582234,0.9672758151492922,0.9481608601832734,0.9596053879391779,0.9030333503116557,0.9199574485923747,0.9553459570547012,0.9568599156354451,0.8322437174658707,0.8691958391075136,0.9690033562225546,0.6544809036450439,0.9610366993022685,0.932241742150131,0.9312607396704551,0.9447456538980155,0.6672982009945427,0.9383021271292233,0.9481608601832734,0.9163339973465923,0.9505286850464207,0.9568599156354451,0.9625131050152522,0.9690033562225546,0.9582144552981327,0.5380432169183504,0.8892901999095577,0.87538386778876,0.9342268638258988,0.9582144552981325,0.9039825606517029,0.8555748757838357,0.9823635494290388,0.9362456943690349,0.9208725034246266,0.9109895373928905,0.9430998431724231,0.8385696706637012,0.9404006431802039,0.9227150661971699,0.8771378467726847,0.910107340129978,0.964040252388596,0.9199574485923747,0.5301418640428824,0.9610366993022685,0.9302869180633686,0.9690033562225546,0.9404006431802039,0.9555383641697375,0.9690033562225546,0.9517441295565183,0.9414672763813328,0.9582144552981327,0.9059500308908426,0.9048529663349028,0.940340909090909,0.9582144552981327,0.4540972984960927,0.8769282987941893,0.9052983512742421,0.9568599156354451,0.9625131050152524,0.9542468650366516,0.9568599156354451,0.9568599156354451,0.986102959845054,0.9582144552981327,0.39360677584461723,0.6455474190141608,0.9582144552981327,0.9458674971126175,0.910107340129978,0.9656250000000002,0.9610366993022685,0.964040252388596,0.9596053879391779,0.9568599156354451,0.8628472125712439,0.92061363922904,0.9470055188469617,0.772984514153536,0.9582144552981327,0.9236430180495618,0.9610366993022685,0.9458674971126175,0.864026090958365,0.9245757305468909,0.965625,0.9596053879391779,0.4668815734757126,0.9302869180633686,0.9481608601832734,0.9582144552981327,0.6092357624483304,0.9352318345617441,0.9383021271292231,0.8674107520354715,0.9505286850464205,0.965625,0.942546448360206,0.9610366993022685,0.9236430180495618,0.8700853537305533,0.9582144552981327,0.9582144552981327,0.9031133691845499,0.14649376057562757,0.8665150422521171,0.9542468650366516,0.9505286850464207,0.9251090083155455,0.9555383641697377,0.895720559153787,0.8059936873009326,0.9582144552981327,0.9582144552981327,0.9293199127017768,0.8610921134586081,0.9199574485923749,0.8188625911515808,0.8021289398337758,0.8824245419081027,0.8683043280893405,0.7912959918600065,0.9447456538980155,0.8108977844528866,0.9582144552981327,0.9637550377043786,0.9625131050152522,0.09827945374704128,0.861092113458608,0.9656250000000002,0.931341938432177,0.9582144552981327,0.9582144552981327,0.8151543300838584,0.9582144552981327,0.8083276721850536,0.9493347822888889,0.8823675467067158,0.9172347260035334,0.9438962066300457,0.9172347260035332,0.8182413486180345,0.8771378467726845,0.9582144552981325,0.9302869180633686,0.7709128636729369,0.9596053879391779,0.965625,0.9904950340182073,0.7820963185522345,0.6309450911490522,0.932241742150131,0.9596053879391779,0.8841024249642826,0.9582144552981327,0.8923050495306926,0.5972411246686107,0.6752318008799825,0.8953282497576123,0.9275816772658132,0.9517441295565183,0.9688588518247441,0.8797579337068848,0.964040252388596,0.891878386060835,0.7723678106736597,0.9542468650366518,0.9672758151492922,0.9362456943690349,0.9436389526644002,0.9147226721121786,0.25655360715563325,0.9568599156354451,0.8979178384019253,0.9998226281102465,0.9814510646731802,0.9352318345617441,0.9690033562225546,0.9814510646731802,0.9690033562225546,0.9690033562225546,0.9199574485923747,0.9342268638258988,0.9145417437978427,0.9582144552981327,0.9672758151492922,0.9493347822888889,0.9493347822888889,0.8620020752690569,0.9762777185243531,0.9568599156354454,0.9414672763813328,0.9127606676606757,0.31108825248997707,0.8532920118076421,0.932241742150131,0.8546450937171783,0.8362999234766118,0.9582144552981327,0.9109895373928905,0.9582144552981327,0.8608518199425026,0.14649376057562669,0.9936745866415235,0.9458674971126175,0.8814987207179203,0.9582144552981327,0.9074031733450507,0.8402819095372958,0.49028381022475076,0.7847770412204684,0.7588981930784972,0.7766003415235199,0.9625131050152524,0.8883730833751755,0.8727426055411924,0.9084530093995202,0.8373021566360079,0.9470055188469617,0.8709729405791935,0.9690033562225546,0.9470055188469617,0.9582144552981327,0.9163339973465923,0.9978387378693493,0.9030333503116554,0.6168592556746897,0.8441952219411113,0.9582144552981327,0.9568599156354451,0.9418147080511319,0.8858340936764979,0.9145417437978427,0.8466183234571398,0.8312173911187126,0.9582144552981327,0.8024341677705482,0.8875631490366904,0.9362456943690349,0.9582144552981327,0.7746828348719352,0.9529828655437629,0.9656250000000002,0.9470055188469617,0.9568599156354451,0.8736248211051396,0.9957912204911727,0.9600784247075336,0.9998226281102465,0.9245757305468909,0.9470055188469617,0.8461277862534455,0.9582144552981327,0.9404006431802039,0.9582144552981327,0.1880681818181823,0.862909488252414,0.9463466002520928,0.09827945374704128,0.9963814266559154,0.8373021566360079,0.9688588518247443,0.9362456943690349,0.9582144552981327,0.7509020511212645,0.8357324236368335,0.8771378467726845,0.9945610690582234,0.9302869180633686,0.9625131050152524,0.9383021271292233,0.5630631104484923,0.9312607396704553,0.9118739328932484,0.8312173911187126,0.9312607396704553,0.9362456943690349,0.9625131050152524,0.9057246972976494,0.9312607396704553,0.09827945374704128,0.9957912204911729,0.9596053879391779,0.947442779108449,0.9568599156354454,0.5075444500102773,0.9458674971126175,0.9109895373928902,0.9302869180633684,0.9470055188469617,0.979958676545309,0.4613054139353485,0.9568599156354451,0.4540972984960927,0.8451634443215719,0.9362456943690349,0.9190462651000917,0.7845111847199957,0.9770515787970702,0.9245757305468911,0.942546448360206,0.31108825248997707,0.9610366993022685,0.9190462651000915,0.9127606676606757,0.9404006431802039,0.9404006431802039,0.918138754358939,0.9625131050152524,0.964040252388596,0.7479438447029538,0.9393458182324887,0.9285879473948486,0.932241742150131,0.9383021271292233,0.7529893735715617,0.9481608601832734,0.9372689456075762,0.9582144552981327,0.9010882065011627,0.8996466204791784,0.9283593797331273,0.9181387543589392,0.795203398739586,0.964040252388596,0.9861029598450541,0.7430470265323551,0.9436389526644,0.9542468650366518,0.9393458182324887,0.9625162230164761,0.7526871690274917,0.8362122103676295,0.9505286850464207,0.8718586682882636,0.9568599156354451,0.6419921190013487,0.8883730833751755,0.9552175050422179,0.9596053879391779,0.7158648835842756,0.9404006431802034,0.9610366993022685,0.9612908916295111,0.7703026538032497,0.8565016117177142,0.9555383641697377,0.9555383641697375,0.7860925850857807,0.9458674971126175,0.9199574485923747,0.9610366993022685,0.7784011175270165,0.9458674971126175,0.9457879562525049,0.9118739328932484,0.9936745866415235,0.9596053879391779,0.14649376057562669,0.9057246972976494,0.1880681818181823,0.8854073782202492,0.964040252388596
p38_F,0.8851211507720571,0.9673074603196744,0.9850406692683005,0.7554454597416757,0.9623211158059548,0.913733609385783,0.8722678885791346,0.998082343121321,0.9286491105644252,0.9704919301607371,0.9553906988562064,0.9610996995613952,0.961099699561395,0.9366713242763891,0.9878830516764527,0.7631666477878629,0.9613973877408789,0.9491780856091547,0.9690033562225546,0.9704919301607371,0.7579856141469954,0.9726326202607707,0.9522137875062904,0.9635753483468394,0.953255582527178,0.949178085609155,0.9587434581480645,0.9380163966266191,0.9209839463193069,0.8704729119390808,0.9443657603723175,0.966197296577026,0.9576036838348736,0.9397924012017989,0.9623211158059548,0.9273614004407345,0.9635753483468394,0.9644342014392548,0.9720496894409936,0.9861053894336533,0.675392198355947,0.9501760208500687,0.9720496894409938,0.9354001807590553,0.9587434581480645,0.753004194661622,0.9648659912110238,0.9261840328635953,0.9481929520311922,0.9197374370356888,0.966197296577026,0.7494981288862397,0.9491780856091547,0.9564866901437918,0.9576036838348732,0.664552763970711,0.9472198404849022,0.9623211158059548,0.8810606022065584,0.9599080294518356,0.9303105872741884,0.8747439046690523,0.9491780856091547,0.9253688519211305,0.9675743567407264,0.976963565085983,0.9381728330554157,0.8931449617140894,0.8363155310118786,0.9690033562225548,0.998738211423977,0.6575970967578812,0.9623211158059548,0.8714375301735615,0.9623211158059548,0.7606010384414418,0.6804196301419008,0.9553906988562064,0.8689304945061072,0.9137336093857831,0.9553906988562064,0.841672632197007,0.9453068780840737,0.949178085609155,0.9623211158059548,0.9458638372348815,0.9543141322095119,0.8821875241906422,0.9213345015882415,0.9610996995613954,0.9623211158059548,0.9673483838836943,0.8542772224254334,0.9331723329592954,0.9453068780840737,0.9764578705634923,0.9651846090667124,0.7579856141469952,0.8663981446497513,0.9416225908213973,0.9472198404849022,0.8505410419770532,0.9623211158059548,0.8947109826062527,0.9901199804948465,0.9690033562225546,0.983902503224694,0.8496516619740193,0.953255582527178,0.9116680775411068,0.995882341907524,0.9819567482913831,0.8944675982845542,0.9328339505740528,0.9648659912110238,0.8764392007172974,0.9564866901437918,0.9690033562225546,0.0,0.8947109826062527,0.9354001807590553,0.9149900225490739,0.9751129258825252,0.9443657603723179,0.8505593707792998,0.9950448685899994,0.9635753483468394,0.8970542565865081,0.9610996995613952,0.9371382816751241,0.9056153321941816,0.9648659912110238,0.966197296577026,0.9720496894409938,0.9587434581480645,0.7564255978266237,0.9102896363632473,0.5556533515851808,0.966197296577026,0.9599080294518354,0.8821875241906421,0.9704919301607371,0.8697688980991496,0.7927050158447808,0.9630587443532557,0.9336842693103167,0.9205349146293751,0.8828532941996561,0.9481929520311922,0.8207663324301315,0.9704919301607369,0.9303105872741886,0.9340813247611222,0.9080437239981832,0.8425429626878576,0.9481929520311922,0.9706728171285302,0.9362663130722395,0.8939283999593046,0.9930547404043362,0.9320684863015751,0.8505410419770532,0.9511876099263499,0.8532920118076432,0.7318519559797518,0.9380163966266188,0.978128743157573,0.9253688519211305,0.8032566864413209,0.9250632826893765,0.9425114327004684,0.6181160048445471,0.9472198404849022,0.9619064228844953,0.8915752582995882,0.8242469433985232,0.9690033562225546,0.9668499345550761,0.9406910117203195,0.9157773781681391,0.9345395918631998,0.9891221256504423,0.9880755935910336,0.9610996995613952,0.9781496244714993,0.9863547093778392,0.8947109826062527,0.9776569049810195,0.9564866901437918,0.9434341193662399,0.9581756603540752,0.8140835212092647,0.7881119119846208,0.8440565830183067,0.9303105872741886,0.9623211158059548,0.9635753483468394,0.9599080294518358,0.9261840328635953,0.809888065499277,0.9197374370356888,0.9610996995613952,0.9623211158059548,0.7560033734902266,0.8440565830183067,0.9704919301607371,0.9623211158059548,0.8763826688608697,0.9371382816751241,0.9157773781681391,0.8939283999593042,0.7074116934912256,0.9610996995613952,0.9623211158059548,0.8931449617140893,0.9623211158059548,0.8603806964337215,0.8054803010644612,0.7708756350468662,0.9623211158059548,0.8117060761496817,0.9623211158059548,0.9877851806018296,0.931147340525424,0.9950068763949222,0.7842878470264185,0.9428375253830149,0.8302717405717406,0.9599080294518354,0.9522137875062904,0.9543141322095119,0.9826171532883463,0.8832165619961234,0.9397924012017986,0.5556533515851804,0.9253688519211305,0.9189419416378728,0.8169381887965974,0.8794522928489904,0.9371382816751241,0.9371382816751241,0.9587434581480645,0.993054740404336,0.9599080294518358,0.9623211158059548,0.9278239868212359,0.9623211158059548,0.933982267244587,0.950085410652605,0.9661972965770262,0.9462580354121286,0.8302717405717407,0.9635753483468394,0.9362663130722395,0.5453239763407449,0.9684455580859812,0.9553906988562064,0.8970542565865081,0.9648659912110238,0.9912539269909322,0.792705015844781,0.8844523283713124,0.9610996995613954,0.9675743567407264,0.7797528582489325,0.9720496894409936,0.8763826688608696,0.9540984079056032,0.9501760208500687,0.9901199804948462,0.9509411733240449,0.9661972965770262,0.8876315196146511,0.8870129982252206,0.8353231768642488,0.9690033562225546,0.8730956945148618,0.9362663130722395,0.9511876099263499,0.9716885439827988,0.9690033562225546,0.9886334735196288,0.9378037505277521,0.9675743567407264,0.7286134918556018,0.9425114327004684,0.9648659912110236,0.9397924012017989,0.9320684863015756,0.8762593501599859,0.9648659912110238,0.9428375253830149,0.8129560940834339,0.9690033562225546,0.850568183860136,0.8923606027185704,0.763166647787863,0.8844523283713124,0.9273614004407343,0.9623211158059548,0.9861053894336533,0.9599080294518358,0.9661972965770262,0.8532920118076435,0.9245566463845685,0.9428375253830148,0.9861053894336534,0.9380163966266188,0.7960141260477718,0.9328339505740528,0.9142039648291602,0.9197013194028298,0.8185746204202069,0.8780124908814337,0.9923967906489756,0.9704919301607371,0.9286491105644255,0.9704919301607371,0.9980634982842684,0.9371382816751241,0.959765265078177,0.9648659912110236,0.9623211158059548,0.9661972965770258,0.9278239868212359,0.9840677331869967,0.9690033562225546,0.9675743567407264,0.9610996995613954,0.9623211158059548,0.953255582527178,0.9690033562225546,0.9720496894409938,0.9579181659574111,0.8632669973551361,0.9797658041147691,0.9661972965770262,0.8763826688608698,0.8183252412751776,0.953255582527178,0.9576036838348736,0.7630301393628991,0.9648659912110238,0.9397924012017989,0.7998105573865866,0.9564866901437918,0.9336842693103167,0.9720496894409938,0.826116257009434,0.9397924012017986,0.8353231768642488,0.9587434581480645,0.9610996995613954,0.9415972144812141,0.9609676410723687,0.8568667102675331,0.8577507109035434,0.7921166669210784,0.9623211158059548,0.8915752582995884,0.9389009867184677,0.9996437898601824,0.9389009867184677,0.9704919301607371,0.8852493927538767,0.9623211158059548,0.9623211158059548,0.9481929520311922,0.9286491105644255,0.773879828102203,0.9623211158059548,0.9704919301607371,0.9623211158059548,0.9425114327004684,0.6826518436900048,0.8440565830183067,0.9510697823313443,0.9434341193662401,0.9543141322095119,0.8141668506447507,0.8411492750857319,0.9623211158059548,0.7729659398712526,0.9380163966266188,0.8343249892961564,0.8734757225311296,0.9434341193662399,0.9461383996104074,0.9648659912110238,0.8487307132759603,0.9623211158059548,0.8140963117651728,0.9173135519831481,0.8152082526732527,0.8739210119869605,0.9635753483468394,0.8155659548675027,0.964434201439255,0.9623211158059548,0.9229405345355655,0.9301516024075414,0.9623211158059548,0.9434341193662401,0.922437047822547,0.8404607554034046,0.7960141260477717,0.8532920118076435,0.9623211158059548,0.8292427453148619,0.9340813247611222,0.9675743567407267,0.9304564132545028,0.8339037580781801,0.983902503224694,0.9319883865480127,0.9718039120618638,0.9648659912110238,0.9741037694931158,0.9157773781681391,0.9522137875062904,0.9313600044484991,0.9499711419330785,0.7947295947547651,0.9522137875062906,0.966197296577026,0.9491780856091547,0.9623211158059548,0.9690033562225546,0.8703794419104349,0.8612502633673058,0.9553906988562064,0.9462580354121284,0.9599080294518356,0.8129560940834339,0.8578089524354391,0.9599080294518354,0.9553906988562064,0.9623211158059548,0.9673074603196742,0.7330241130209569,0.9286491105644255,0.9690033562225546,0.8860449046541112,0.9704919301607371,0.9564866901437918,0.9522137875062904,0.9272687068821162,0.7534728776716183,0.9704919301607371,0.998869713560209,0.9950068763949222,0.967348383883694,0.9501760208500687,0.9543141322095117,0.7148430590437304,0.9648659912110238,0.7688521133858535,0.9752737206364959,0.9087295850935582,0.9797658041147691,0.9253688519211305,0.9553906988562064,0.9443657603723175,0.9599402826694068,0.831294348856451,0.7592846069643923,0.9587434581480645,0.8351342063621661,0.9662615489004198,0.9425114327004684,0.9511876099263499,0.9522137875062906,0.7934274222916351,0.9553906988562064,0.8268132470678917,0.9511876099263499,0.9371382816751241,0.8841704956632956,0.9648659912110238,0.8852493927538769,0.826311779704169,0.9965185747417931,0.9253688519211307,0.9690033562225546,0.7998105573865865,0.9197374370356886,0.9675743567407264,0.8910121640684713,0.9587434581480645,0.5621016171855949,0.9661972965770262,0.9690033562225546,0.9936310971469996,0.7839930876682066,0.9906522225387782,0.9610996995613952,0.5339591457257353,0.8689304945061072,0.931147340525424,0.9587434581480645,0.8791214387104958,0.9623211158059548,0.9675743567407267,0.9623211158059548,0.9623211158059548,0.8655480930335324,0.9522137875062906,0.9980634982842684,0.9623211158059548,0.8586309929616847,0.879633870983026,0.9935264355112596,0.9313600044484991,0.7279400118289429,0.8059290360431435,0.9286491105644255,0.9278239868212357,0.8812473067855702,0.9576036838348734,0.8530643479815625,0.9675743567407264,0.9389009867184674,0.9096354174340288,0.8931449617140894,0.9443657603723177,0.9576036838348734,0.9599080294518356,0.877418772777453,0.9675743567407264,0.9718039120618638,0.9648659912110238,0.9261840328635951,0.9543141322095119,0.9501760208500687,0.9071885561788835,0.8876315196146516,0.9953786045233857,0.9303105872741884,0.9522137875062904,0.9996437898601822,0.9648659912110238,0.9543141322095117,0.9635753483468394,0.9920754410433734,0.8939283999593046,0.8039807896790844,0.966197296577026,0.982879671572379,0.9587434581480647,0.9778835113918657,0.9181483053976589,0.7864297230821705,0.8714783961680888,0.740397577572669,0.9720496894409938,0.8059290360431435,0.8860449046541112,0.9278239868212359,0.8083078957473231,0.9543141322095119,0.931147340525424,0.9578899577083524,0.9623211158059548,0.966197296577026,0.9380163966266191,0.9623211158059548,0.7284947426457363,0.9543141322095119,0.9599080294518358,0.9453068780840737,0.7768546873095722,0.9522137875062904,0.8550872530468143,0.9704919301607373,0.8174671235160884,0.9553906988562064,0.9009488545209479,0.9599080294518356,0.9644342014392548,0.9062891462589928,0.9371382816751241,0.9797658041147691,0.8653728680514656,0.9110706954672414,0.8010546007406146,0.8986133813304022,0.9980634982842684,0.8747439046690524,0.8117060761496816,0.9443657603723179,0.9704919301607371,0.9751129258825253,0.9635753483468394,0.8447400695691341,0.9278239868212361,0.9205349146293751,0.9610996995613954,0.8152281195719795,0.8024655460350361,0.9720496894409938,0.9102896363632473,0.9648659912110238,0.9458638372348815,0.9480026438367741,0.778355055715737,0.927002353944838,0.9443657603723177,0.953255582527178,0.9245566463845688,0.9553906988562064,0.9610996995613952,0.966197296577026,0.9720496894409938,0.9623211158059548,0.9397924012017989,0.7200189707494429,0.8568667102675334,0.9406910117203195,0.9623211158059548,0.9134191021410438,0.7853791440673983,0.9303105872741884,0.9425114327004684,0.7111765739187428,0.9850406692683005,0.9118525638325781,0.8783943874060882,0.9462580354121286,0.9303105872741886,0.8892126720780511,0.7971404147868458,0.9330470514183521,0.9700808834258969,0.9472198404849022,0.9648659912110236,0.9371382816751241,0.9720496894409936,0.9899835764925835,0.9581756603540754,0.9720496894409938,0.6624840621735402,0.9880755935910336,0.9623211158059548,0.9619064228844956,0.7656842582129721,0.9690033562225546,0.9623211158059548,0.9726326202607708,0.8653728680514656,0.8907614131129447,0.9610996995613954,0.9661972965770262,0.9587434581480645,0.9610996995613954,0.9610996995613954,0.9397924012017987,0.9623211158059548,0.9587434581480645,0.931147340525424,0.9623211158059548,0.910719218155888,0.9189419416378728,0.9690033562225546,0.9648659912110238,0.9675743567407264,0.9635753483468394,0.9610996995613954,0.8525660270333193,0.9359056217993147,0.9522137875062904,0.882051200587868,0.9623211158059548,0.983902503224694,0.9648659912110236,0.7726260462381253,0.8468751980607185,0.9319883865480127,0.9273614004407342,0.9635753483468394,0.953255582527178,0.9935264355112596,0.953255582527178,0.9623211158059548,0.9371382816751241,0.9987382114239771,0.9443657603723179,0.8804415508981578,0.9553906988562064,0.9690033562225546,0.9481929520311922,0.9648659912110238,0.931147340525424,0.9223798585420757,0.9623211158059548,0.9623211158059548,0.770582302060438,0.9704919301607371,0.7677892378256608,0.9587434581480645,0.9553906988562064,0.8697688980991498,0.9599080294518356,0.8450009511531917,0.8402286845916938,0.9623211158059548,0.9623211158059548,0.9362663130722395,0.8747439046690524,0.9788715516976696,0.8059290360431435,0.8852493927538769,0.8717933901085885,0.8039807896790844,0.8888928429685592,0.9501760208500687,0.8612502633673056,0.9623211158059548,0.9261840328635951,0.966197296577026,0.9720496894409936,0.7768546873095721,0.9690033562225546,0.8747439046690524,0.9623211158059548,0.9623211158059548,0.8694627353424191,0.9623211158059548,0.8754555700857669,0.8995793727310536,0.8596877431040635,0.7252970670713121,0.9462580354121286,0.9253688519211307,0.9161328056274323,0.9897622271227241,0.9623211158059548,0.950085410652605,0.8646949616010216,0.9635753483468394,0.9690033562225546,0.9917593122917416,0.9330257144062246,0.9878830516764527,0.9389009867184677,0.9635753483468394,0.773879828102203,0.9623211158059548,0.8714375301735615,0.9389009867184677,0.9253688519211305,0.9923967906489757,0.8044212664524799,0.9564866901437918,0.929477912196599,0.7422146447326958,0.9675743567407264,0.9025045192170251,0.8978340794956947,0.9587434581480645,0.4868874522394808,0.9425114327004684,0.949178085609155,0.8612502633673056,0.966197296577026,0.9610996995613954,0.9079504174811015,0.9880755935910336,0.9935264355112596,0.9415972144812141,0.9720496894409938,0.9935264355112596,0.9720496894409936,0.9720496894409938,0.9278239868212361,0.9406910117203193,0.9229405345355652,0.9623211158059548,0.5954115757594352,0.9543141322095119,0.9543141322095119,0.7753832614665742,0.9576036838348738,0.961099699561395,0.9472198404849024,0.921334501588241,0.9635753483468392,0.8373021566360069,0.9389009867184674,0.8689304945061072,0.8523882775756787,0.9623211158059548,0.9673483838836943,0.9623211158059548,0.8812984813018137,0.9704919301607371,0.9501760208500687,0.9511876099263494,0.7793641339096464,0.9623211158059548,0.8550872530468143,0.8059290360431434,0.9511876099263497,0.8559789162214915,0.8714375301735615,0.8612502633673056,0.966197296577026,0.8680892785394445,0.9250632826893763,0.8810606022065581,0.9282308144182454,0.9774873843362967,0.9578663422049131,0.913733609385783,0.9522137875062904,0.9623211158059548,0.8277077380726947,0.9481929520311922,0.8804415508981576,0.9278239868212357,0.8010546007406149,0.9623211158059548,0.9610996995613954,0.8828532941996559,0.7701004093977091,0.9718039120618638,0.8343249892961566,0.8163516728240241,0.9623211158059548,0.8431072649169113,0.7662158743036869,0.9970799457879603,0.9623211158059548,0.8812473067855702,0.9576036838348734,0.9690033562225546,0.9522137875062906,0.9610996995613954,0.7547252233507539,0.9491780856091548,0.972947370281771,0.9472198404849024,0.9319883865480127,0.9774873843362966,0.7985559379258649,0.9623211158059548,0.9462580354121286,0.9623211158059548,0.9690033562225546,0.9929562774279699,0.9142039648291602,0.9720496894409936,0.9453068780840737,0.88442217905525,0.9294779121965995,0.9366713242763891,0.9623211158059548,0.8755644359298403,0.8672451841150228,0.8687371263235002,0.9936310971469994,0.9500854106526051,0.9661972965770262,0.9443657603723175,0.9434341193662401,0.9380163966266191,0.9205349146293751,0.8163516728240241,0.9380163966266191,0.6346282167185331,0.9661972965770262,0.763166647787863,0.9380163966266191,0.9720496894409936,0.9491780856091547,0.9635753483468394,0.8091442663111564,0.9610996995613952,0.9434341193662401,0.9511876099263499,0.9197374370356886,0.6681446414719281,0.9522137875062904,0.9362663130722395,0.9481929520311922,0.9610996995613952,0.9543141322095119,0.8603806964337215,0.9425114327004684,0.6677612377657074,0.8763826688608698,0.9892552360381517,0.9083531449937753,0.9861053894336533,0.9635753483468394,0.9648659912110238,0.9776569049810198,0.8375703134646101,0.9462580354121286,0.6711916360161438,0.9732682917366106,0.966197296577026,0.9675743567407267,0.9063933734589966,0.991834013047275,0.9433079361147028,0.9389009867184677,0.9443657603723179,0.8907888642207369,0.9751129258825252,0.9434341193662403,0.9623211158059548,0.8084335872731502,0.9538832559337087,0.9354001807590555,0.9261840328635953,0.8884227473641773,0.9675743567407264,0.6523099192209161,0.9079504174811015,0.949178085609155,0.9587434581480645,0.9289749041786237,0.924916541932774,0.9048375041252168,0.8803341432771281,0.9553906988562064,0.9169688590165609,0.9610996995613952,0.9956022401087514,0.9062891462589933,0.9648659912110236,0.9635753483468394,0.9157773781681391,0.9462580354121286,0.9648659912110238,0.8277077380726945,0.8986133813304018,0.9758832862238255,0.9599080294518356,0.9599080294518358,0.8755644359298407,0.9797658041147691,0.9278239868212359,0.9648659912110238,0.8954927753294002,0.9797658041147692,0.9675743567407267,0.9205349146293751,0.981956748291383,0.9635753483468392,0.9704919301607371,0.9149900225490737,0.9690033562225546,0.9416225908213971,0.9675743567407267
p38_L,0.9650316263199867,0.836085054273805,0.6976503581176485,0.8923783169560897,0.7046132778772884,0.8947109826062527,0.8521420292377624,0.820701720375364,0.396564109984644,0.8888428923892238,0.8319564473483687,0.8430084144013451,0.7215966975014503,0.8052277919712965,0.8784012884083814,0.8290119112729895,0.9021920595690762,0.8085534893437152,0.967251714617954,0.9279843845372737,0.8701578788604758,0.8542491929403548,0.9214079633356156,0.927209562910801,0.8239134490485776,0.5173103933453214,0.8733891874315001,0.5962936541969175,0.8888428923892238,0.6669110948018875,0.5610554461058057,0.7479350083158043,0.8402927774016284,0.6383351746846029,0.7046132778772884,0.8832354238447047,0.8949988213646447,0.8684114426569793,0.8947109826062527,0.8285391598107976,0.718863937786931,0.942909936423233,0.9817050998145614,0.745152899386551,0.9309949317066528,0.6025876801410743,0.8676499406085267,0.425846711344504,0.8048424841938351,0.5811305750586618,0.8726649773302662,0.6087080118507611,0.5173103933453214,0.8910555173288921,0.8504019047895026,0.8011767661222198,0.80117676612222,0.8580633769736241,0.6336070567662899,0.8489732636249692,0.39470954874192854,0.7039290948338139,0.8567060691516406,0.7908608713208003,0.8778523726982703,0.5093767672129065,0.9071558877260779,0.9743516047765681,0.8524904249582259,0.9206136392290398,0.8230348442379338,0.8048424841938353,0.9857497140445592,0.3751320069814822,0.8580633769736241,0.6827327883788248,0.8279010131824394,0.8857498863500031,0.5278540655720461,0.9359056217993145,0.9126466058508202,0.8908326623446741,0.7939706232398647,0.9506836116166558,0.8580633769736241,0.8114015586282293,0.9876617285121545,0.7336815725178234,0.9659006322714522,0.8534622933489195,0.8580633769736241,0.7663378882913325,0.6538176494231529,0.6547786150449499,0.9073278767431969,0.9213901374658298,0.7425579644381803,0.6857040501172029,0.3492981815213946,0.39524808427225777,0.8478508727984928,0.9009385953642843,0.8893007587699873,0.8262411347517726,0.7006714245589337,0.8832354238447049,0.7786860480936779,0.3536000781788572,0.8918972193848759,0.40683036734172107,0.716677542933347,0.8123127184484016,0.37289118180046743,0.7469850171665051,0.8676499406085267,0.3717986082608816,0.8635702858013485,0.8832354238447049,0.8947109826062527,0.0,0.756652024408325,0.6797668141977575,0.8497488428273543,0.790425426169032,0.8567060691516408,0.459989838154766,0.8627880798184886,0.8973157608442323,0.9748740102488136,0.9520746188418976,0.3539622449626305,0.8676499406085263,0.8726649773302662,0.8169265430423132,0.8445863152939237,0.6108127848664882,0.9520005320736983,0.9071558877260777,0.8726649773302662,0.8489732636249692,0.5217964722744035,0.8888428923892235,0.4126382742873942,0.7194419257776317,0.7695466995459632,0.4483469815554608,0.694546434648831,0.3293181416171893,0.9344940840195742,0.4797203890948951,0.9279843845372735,0.5833641055841321,0.7451218603361915,0.8935843941421497,0.9071558877260779,0.5316505985312077,0.7241927010620608,0.8001722065934693,0.7923386540821602,0.7295151798895017,0.6371159804786847,0.9009385953642846,0.8659295687789172,0.714774446107167,0.748245478509882,0.7665073280695918,0.7725532768898522,0.772861637937333,0.9073278767431969,0.6999210827022073,0.9141659482022881,0.8534622933489193,0.6620710071006375,0.8153169914753732,0.7186787565993946,0.8671780214647624,0.9579918546133754,0.988934595268783,0.9466830294087347,0.7994536726795975,0.9902222605205013,0.6367095902224654,0.9645361394891758,0.9947730605262131,0.8719708662403538,0.6355903389267801,0.28229643594577536,0.9807920590738497,0.8360850542738055,0.8310528665011812,0.9080629205282025,0.8048350522025952,0.6408671827197461,0.4860103305729604,0.850672223889251,0.8580633769736241,0.9916310460031135,0.9966974058830518,0.9516836942472906,0.7656025588987778,0.5811305750586614,0.9340672020762658,0.8580633769736241,0.6635254004264821,0.3919858505427659,0.8888428923892238,0.8580633769736241,0.806966949070449,0.5046481757735639,0.4168489613009334,0.584990522864046,0.7530518467189222,0.8534622933489193,0.8580633769736241,0.7598864148039411,0.8580633769736241,0.5318562412865462,0.6204217554584175,0.5967547830456683,0.8580633769736241,0.6572205155599297,0.8580633769736241,0.6160475906795602,0.7075781627668929,0.8076169421169135,0.6532485721595473,0.8676499406085261,0.40646350541439935,0.8489732636249692,0.8960532224624074,0.8542491929403553,0.81294131252081,0.5451241968781655,0.7731975498548818,0.9416467981218897,0.7908608713208005,0.9128097674389162,0.7465238189296226,0.8902058645630824,0.8097116596837889,0.5656608725556094,0.9537935797430421,0.712932391325587,0.7964887949556321,0.8580633769736241,0.8668373979630266,0.8580633769736241,0.5625814903543984,0.8038745940299181,0.8514077395032399,0.9355284068510199,0.40646350541439924,0.9916310460031135,0.6362234144376548,0.8239134490485776,0.7352144106202141,0.8588531668491859,0.39740445613313014,0.9991954403684409,0.6882740376864742,0.8909594730829001,0.6187826902867455,0.8534622933489195,0.9853812680091014,0.7306296198039464,0.8947109826062527,0.4425794877193352,0.961130875026688,0.812312718448402,0.6475012170792693,0.7134606560183219,0.954880470690675,0.6707916511587535,0.8117550548872057,0.5348471496388834,0.8832354238447049,0.3511826245769252,0.6764808700782878,0.8659295687789172,0.9278598310618438,0.8832354238447049,0.9182729844290514,0.41383045303555777,0.8778523726982703,0.7694149686629073,0.805227791971296,0.9009385953642843,0.7731975498548822,0.38645272752267057,0.8489732636249694,0.8676499406085265,0.9342272501200426,0.47754162524507804,0.9206136392290398,0.4976659478282297,0.5959002028743345,0.6797668141977582,0.9944606861569651,0.9206136392290398,0.8580633769736241,0.8522358354277604,0.8785180920765858,0.8726649773302662,0.39043551107643715,0.7480894974903114,0.8676499406085263,0.8285391598107985,0.863506145504511,0.5111729987233391,0.9043879551457144,0.6304642750286666,0.7478604560658078,0.7960999614544508,0.6856421695786128,0.6914016080848293,0.8888428923892235,0.5821418109928038,0.8888428923892238,0.9203143687200104,0.8097116596837901,0.7663531853713812,0.9326181308569239,0.8580633769736241,0.6789531875241799,0.783346560177941,0.8326297792476778,0.8832354238447049,0.9787757668872882,0.9141681517988662,0.8580633769736241,0.8497488428273545,0.9672517146179538,0.8947109826062527,0.7697360968937732,0.6028488153544842,0.8161233816474041,0.8858986498990516,0.5967434136755763,0.577598327200759,0.8239134490485776,0.5973339174913366,0.6125788518877808,0.9342272501200424,0.5542684210473866,0.5966122195109058,0.6142103151753266,0.6047303658656126,0.8947109826062525,0.421306031239419,0.7942142382641855,0.38743470920326506,0.8445863152939237,0.8534622933489195,0.9521504942539012,0.6963496027616725,0.4135758189670774,0.3277012177682933,0.5209565730942884,0.8580633769736241,0.3371104948648612,0.8976646273515354,0.7978451729509495,0.8737445187754225,0.915449646870526,0.6281225272406128,0.8580633769736241,0.8580633769736241,0.9344940840195738,0.8605083625050439,0.6361324654316038,0.8580633769736241,0.8888428923892238,0.8580633769736241,0.783440160725098,0.7127553819965815,0.3919858505427659,0.9205381405663506,0.7869159279154592,0.8805973726982694,0.5452384623940338,0.4912954251935526,0.8580633769736241,0.6841875265528008,0.7870621350932527,0.4180852291394176,0.4505744101724316,0.8089843972083202,0.7284052244941746,0.8676499406085265,0.37129650214669796,0.8580633769736241,0.48753733367650076,0.9048586489595665,0.6185695522531797,0.8456022527365137,0.9916310460031135,0.5560834583318219,0.8402927774016278,0.8580633769736241,0.7791992138937838,0.43587279043471416,0.8580633769736241,0.9703309098630725,0.5504530937136927,0.5729636125182653,0.5111729987233387,0.33637902190464897,0.8580633769736241,0.8526523899047445,0.575708634147332,0.9136953378018806,0.6877710618721529,0.5795014351348988,0.8788234258133696,0.41163252188544697,0.7273400468652202,0.8676499406085267,0.7480894974903112,0.4001745492579659,0.8199889998427843,0.3578354157819752,0.804555501448132,0.6541123275330902,0.9974721859552393,0.8726649773302662,0.8567060691516408,0.8580633769736241,0.8832354238447047,0.816365461318098,0.6501521277370053,0.7107993211377387,0.8205494341553725,0.878518092076586,0.6258668449318365,0.9272095629108008,0.878518092076586,0.8857498863500031,0.8893007587699875,0.9185407488564348,0.7103028064326549,0.7312206952770024,0.817738853080612,0.34957167095408004,0.9545911390185761,0.7516364728130447,0.845343740715992,0.5567883332366366,0.8279010131824394,0.8888428923892235,0.6969037375889129,0.6579580752679006,0.9380567137255438,0.812312718448402,0.9069455524561854,0.783346560177941,0.9659067856126824,0.8362476150827944,0.8088601047042672,0.9614987348333547,0.9157357559104304,0.6691621271751813,0.8857498863500033,0.49396726047906436,0.6094222966635667,0.6439041098866223,0.8465970959018434,0.9886006759818053,0.6185671256123042,0.728787331004553,0.8679577393357281,0.9904450366077004,0.8706984815892005,0.517706142818539,0.9395433253516376,0.6148162556316363,0.9904450366077004,0.7835370284359033,0.5711423987114819,0.9009385953642846,0.9554458510821404,0.7235326643051174,0.811401558628229,0.7771575274759842,0.967251714617954,0.800877424011502,0.7185056354060307,0.9853812680091014,0.8487265561642354,0.8445863152939235,0.8733891874315005,0.8858986498990516,0.8832354238447049,0.8351508832535262,0.5402501274516291,0.7566520244083252,0.8534622933489195,0.8534622933489195,0.4864589646637856,0.87382230534172,0.8445863152939237,0.6726900936408952,0.8580633769736241,0.8778523726982708,0.8580633769736241,0.8580633769736241,0.2854966571701357,0.819988999842785,0.7942142382641855,0.8580633769736241,0.40469208743586327,0.28068335458962024,0.8852248564059794,0.7641948304957349,0.6841875265528008,0.48456932843270306,0.8611250859827142,0.7465238189296226,0.2410959465688033,0.8402927774016278,0.8494769088084987,0.8778523726982708,0.5443878531841103,0.7894686376640432,0.4428276439375869,0.7904254261690322,0.9066392353002064,0.996697405883052,0.7603016446984616,0.9136953378018808,0.7625872425252911,0.9009385953642848,0.8488608984447561,0.8805973726982694,0.9591791255254205,0.8960532224624076,0.46819517193825755,0.7869159279154594,0.4135750044261495,0.8250446279323054,0.9044791141334796,0.799463511833891,0.9596419119720152,0.8949988213646447,0.9612020291560053,0.3035894876394618,0.6094222966635665,0.9071558877260781,0.8077756642829037,0.9021920595690769,0.7454315953094607,0.691664088007186,0.9445210810238398,0.49848614293718596,0.8166420739405309,0.8947109826062525,0.4845693284327034,0.3063837518138187,0.8754034132987383,0.5589403072867569,0.8542491929403548,0.9499313111401542,0.7088663530727788,0.8580633769736241,0.8726649773302662,0.6990676893152217,0.9232749504518323,0.6272086098993919,0.7768762904488332,0.8260336234072485,0.8619849753418638,0.5421214310330602,0.845343740715992,0.34111545068099813,0.888842892389224,0.4635317734663382,0.8990763576434594,0.6550750463176833,0.8489732636249694,0.990995231066262,0.8906950882964831,0.8242121596239338,0.8161233816474041,0.762443695774856,0.5593579426068406,0.4843670645193807,0.7472708740809461,0.7942142382641855,0.508460712651152,0.6422145627296607,0.9412218313240029,0.8888428923892238,0.8755842366061313,0.8473152462661051,0.5921020442123313,0.68272369172143,0.6945464346488313,0.8534622933489195,0.5109677056754898,0.5841324454935606,0.8947109826062525,0.8233541848380223,0.8327521665896486,0.8945255054911534,0.8076169421169139,0.8367904529612387,0.9625224371009884,0.8127881547112792,0.7885556442697677,0.858765993449348,0.8588531668491861,0.9340672020762658,0.8726649773302662,0.8947109826062527,0.8580633769736241,0.8782809919014023,0.6848252182198769,0.5085066390225013,0.7765826220284089,0.8580633769736241,0.5058170189690583,0.5508778729392603,0.8286150294789995,0.783440160725098,0.7312206952770028,0.73199412320449,0.7311889790248227,0.8871081345805103,0.8205494341553725,0.8884031352576924,0.3988312632237446,0.8141213551846795,0.8778523726982708,0.7649351895537815,0.8011767661222198,0.9675159048758009,0.7835370284359033,0.9359056217993145,0.9264968259142019,0.9080629205282023,0.8947109826062527,0.836085054273805,0.8011767661222196,0.8893007587699875,0.6727561803241329,0.6768057292119649,0.9298734992336185,0.7670880414700159,0.8559208297225789,0.49435253758009745,0.39043551107643726,0.8534622933489195,0.8726649773302662,0.9021920595690764,0.8534622933489195,0.8534622933489195,0.9413310571293143,0.8580633769736241,0.9021920595690764,0.8167405509928952,0.8580633769736241,0.8161233816474038,0.7458541358405779,0.8177388530806118,0.8676499406085267,0.9853812680091016,0.9117367293584174,0.8838152225738931,0.5244344019667884,0.505162043271387,0.6729161826930581,0.5198057530885039,0.8580633769736241,0.7596587966440693,0.9009385953642843,0.8161233816474041,0.4469106459265857,0.7821892127145409,0.8832354238447047,0.9594203044569571,0.9952387944999835,0.9317370532478821,0.8497488428273543,0.8893007587699875,0.8242121596239338,0.8445541192405952,0.9246017974225142,0.5866263296511531,0.8857498863500033,0.9953700699977108,0.8285391598107978,0.8676499406085267,0.8357678024425033,0.25803773604156954,0.8580633769736241,0.9205381405663509,0.7198627628398473,0.8888428923892238,0.6030973729140294,0.8733891874315001,0.8319564473483687,0.41263827428739386,0.878518092076586,0.5222816351845057,0.3812418956721566,0.8580633769736241,0.8580633769736241,0.9209445735153714,0.6677796767219146,0.7833465601779406,0.552313750402515,0.29784917211728024,0.5521700605702746,0.5810400310643657,0.358544762738606,0.8123127184484011,0.43202235006985024,0.8580633769736241,0.9576547569763669,0.8726649773302662,0.8947109826062527,0.5560834583318217,0.8832354238447049,0.38280246696229814,0.8580633769736241,0.8580633769736241,0.3989178336920781,0.8580633769736241,0.38915082225122644,0.82790101318244,0.6448592754686711,0.718863937786931,0.8435452286945018,0.8088601047042676,0.42345510325749114,0.6117635066387905,0.8580633769736241,0.7631994628418881,0.37254612246706575,0.8949988213646447,0.8924952838492829,0.9837789707618263,0.7627904498000249,0.7501881738550045,0.7906205719124983,0.6862615385353233,0.6808503443705163,0.8580633769736241,0.3058092741456031,0.8114015586282295,0.561166726874379,0.7227011538865518,0.6391630416357421,0.8340921673956745,0.6108404588372108,0.6796174460499953,0.9070898366800674,0.6282685927852419,0.3609326606343798,0.9886006759818051,0.8888428923892238,0.8243824768433312,0.9747599015206189,0.3638567945488643,0.9893713810864869,0.8534622933489195,0.4428885943138129,0.9654527004964142,0.8852248564059799,0.9187338557301309,0.7757319038492514,0.8242121596239336,0.9817050998145614,0.8993158214284374,0.728112448305462,0.9682667669011024,0.40910365946303606,0.7670880414700154,0.8888428923892238,0.8279010131824398,0.7768762904488332,0.6571433552088837,0.896530107912332,0.7519496267264241,0.9654527004964141,0.6006853702049839,0.8627880798184886,0.47349650337008176,0.956868465638347,0.5554507995108863,0.5837955242710029,0.8580633769736241,0.73199412320449,0.8920375686554689,0.5128744677244444,0.8888428923892238,0.8205212638590498,0.5862023727744355,0.8189446326749392,0.8580633769736241,0.4223360276127547,0.5116670972206281,0.9655419430419439,0.33667772929255957,0.47218383295171307,0.3774899056530614,0.8726649773302662,0.28448155667042785,0.8578779047177143,0.8921819894450236,0.47437821631601285,0.8453437407159918,0.6045918196216384,0.8947109826062525,0.8453437407159918,0.9205381405663509,0.7336745587483309,0.8285391598107978,0.2326299390750678,0.7649351895537821,0.5387783187296566,0.8295628050627418,0.8534622933489195,0.3863424660776852,0.612202657069123,0.7273400468652205,0.4180852291394175,0.46705758857682644,0.8580633769736241,0.42289737636175073,0.6180758909973254,0.8270154232174947,0.8580633769736241,0.46815407136240894,0.9808861036783862,0.8832354238447049,0.8706984815892005,0.8534622933489195,0.7146900810069381,0.7339970024809888,0.7305004302532314,0.8711879261366295,0.9933311393669255,0.9214079633356158,0.5454943171153595,0.8580633769736241,0.9494926204533317,0.8580633769736241,0.92061363922904,0.7165263707011744,0.3170864198041885,0.8947109826062527,0.9299993274438632,0.8392595182255818,0.5547133093274575,0.8052277919712965,0.8580633769736241,0.9372014083372859,0.427009831146127,0.757264275776653,0.8575136117957729,0.7835370284359049,0.8726649773302662,0.7904254261690324,0.9193267436726238,0.8692813631878971,0.4007868700904619,0.46705758857682644,0.8692813631878971,0.7834401607250983,0.8726649773302662,0.6797668141977582,0.8692813631878971,0.8947109826062527,0.9988361914245818,0.8151045047199487,0.712932391325587,0.8534622933489193,0.9413952129654843,0.8410264752131607,0.49527116234155544,0.7631994628418886,0.875754109678721,0.4953223196954354,0.8397073815517225,0.7519496267264241,0.9349653689963245,0.6680330442869447,0.7834401607250983,0.743286973426653,0.6668179254738671,0.8913716991972809,0.7437997715050169,0.8522358354277606,0.97615821245073,0.8676499406085267,0.5990066355503416,0.9659006322714523,0.8115178532185532,0.7975536396162426,0.5527728796313833,0.8726649773302662,0.8778523726982708,0.8359899664727521,0.525885855740139,0.8407612618487901,0.6898547601942238,0.790425426169032,0.793460488953144,0.9530904179424622,0.5510299932987155,0.8893007587699875,0.4694962367838683,0.7711516474673175,0.8562910396493493,0.44397902109977216,0.7973400334736795,0.8778523726982703,0.836247615082794,0.8752499698678451,0.5413866832492845,0.959797803844229,0.8619849753418642,0.8988562716216035,0.8596974221878402,0.7043702874059501,0.8319564473483687,0.980136366765991,0.9445210810238398,0.8051025595372463,0.7786429853620314,0.8676499406085263,0.8949988213646447,0.40017454925796603,0.5585641132881299,0.9675159048758009,0.9659872231930768,0.5357197957737034,0.8032451200345556,0.9080629205282025,0.8489732636249694,0.5455342834853112,0.9157357559104307,0.7465238189296217,0.9009385953642846,0.4098861172049174,0.8410264752131609,0.8778523726982708,0.3662269213188881,0.9347013910125839,0.927209562910801,0.8888428923892238,0.6071732775539125,0.8832354238447049,0.7816162124618273,0.8778523726982708
p38_M,0.6838538395484218,0.8994303857428696,0.8144941163224853,0.984020314577772,0.9548120669934361,0.9354001807590553,0.9413050444092873,0.8258178757119143,0.9097625798212232,0.9317998283510542,0.9588025108491051,0.845643838733945,0.9677758452177637,0.8671302399974956,0.8729470893232496,0.914729497984113,0.9408270269593112,0.8825384613814424,0.9283593797331275,0.9317998283510542,0.8746365330600943,0.9297484119999464,0.9915753345612033,0.959016409305403,0.9694312576708428,0.8825384613814415,0.9046463136602705,0.9945861478049023,0.984298100015708,0.899985460866572,0.871416032535008,0.9218739081138494,0.9774399776144802,0.8608459111363298,0.9548120669934363,0.9784926679114252,0.9158139617897607,0.9020120239820866,0.9354001807590553,0.8802615832433558,0.8516510109329345,0.9510020620510796,0.7330875685626079,0.7216569767441857,0.9408270269593112,0.7384578286564638,0.9919066722185295,0.9753127882991037,0.880261583243356,0.9782208021038779,0.9393439644390172,0.8394266746314794,0.8825384613814418,0.9899764504062659,0.7962761614883379,0.9093131618258099,0.9093131618258099,0.9129151319089193,0.8488565320003026,0.9073379150848055,0.9148406917514484,0.9352210948102712,0.9471227957381578,0.9482164295783595,0.9250566218612026,0.9770403761673954,0.9681346172628937,0.8509101703011724,0.7851008394565113,0.9784926679114252,0.9227424392886625,0.880261583243356,0.6681155172459103,0.9624152710233561,0.9129151319089193,0.8053414778755115,0.9995729386747718,0.8968972890562259,0.8217516009205622,0.9354001807590553,0.778427260730769,0.9539851747197046,0.934407051006906,0.8825384613814424,0.9129151319089193,0.9145303665658235,0.9642336140121307,0.899181562798901,0.9019046337579005,0.9100921482984174,0.9129151319089193,0.8605574677832935,0.7479563121220592,0.9131565421461654,0.8831453345669249,0.9996326307782605,0.924589722622801,0.8071644882517874,0.7928625342653753,0.8691401910307696,0.996784825341061,0.9187969445925779,0.9129151319089193,0.9045753237721907,0.8615221719562454,0.9283593797331275,0.8919054729924265,0.6245526928223196,0.6575672734292014,0.9492647616208629,0.8085199326743917,0.9833367336529988,0.6759990364820991,0.8447632757824071,0.9187969445925779,0.6340853017775364,0.9362947736931577,0.9784926679114252,0.9354001807590553,0.756652024408325,0.0,0.8035217116670972,0.9266140809152767,0.8586391901019118,0.9148306285598002,0.842286166933071,0.9158139617897607,0.9360325628444313,0.9915134859542967,0.8725121154688945,0.882302931488619,0.9187969445925777,0.9218739081138494,0.9540957356814991,0.9046463136602705,0.9955777944130794,0.9053863660844239,0.9218739081138496,0.9218739081138492,0.9469647240084869,0.8829452965249486,0.9317998283510542,0.9673525348916865,0.8845661432822198,0.8746365330600943,0.925384138492831,0.8360129250169952,0.9969383491542412,0.8972573328551651,0.8377500727419278,0.9632036283196386,0.9333402901321926,0.8916526157365261,0.8616138360934904,0.9393439644390172,0.880261583243356,0.9216880309454164,0.960686383215889,0.9733538361359619,0.8702463834573066,0.9420249293569563,0.9919066722185295,0.9539851747197046,0.7409280302755663,0.8713626278266884,0.8843101430924514,0.9360325628444313,0.899933720255647,0.9648149867446008,0.9570580562743763,0.9840203145777717,0.9100921482984174,0.878012490881434,0.9586965970808012,0.9947074065301608,0.9515560535047474,0.9283593797331273,0.9447849532141614,0.8914410719709875,0.8053414778755112,0.9281110842580627,0.9874255252046318,0.9719145037145624,0.6013798257663074,0.9216607243491473,0.9659252128290119,0.9643587329168055,0.8746667926444817,0.9162476745056898,0.958060361004107,0.8549012313731065,0.8164420477863376,0.8983929196717115,0.8199521102416295,0.8827339507600728,0.9129151319089193,0.9158139617897607,0.9469647240084869,0.903087999305112,0.8501629915988058,0.9782208021038779,0.8049331699060054,0.9129151319089193,0.9192111963315823,0.9280461577205061,0.9317998283510542,0.9129151319089193,0.9849507247762663,0.9638221193864545,0.9618926044851746,0.9534892410030869,0.8370066724312023,0.9100921482984174,0.9129151319089193,0.811304445076203,0.9129151319089193,0.969540564792382,0.9724590005246116,0.9988596879117109,0.9129151319089193,0.842574434604784,0.9129151319089193,0.8537972247126828,0.8919054729924267,0.8567411419143387,0.7872515090888959,0.9919066722185294,0.7272377505226477,0.9469647240084869,0.8895546908938252,0.9297484119999464,0.9586434598182525,0.9504794907572232,0.8854576196318018,0.9218739081138492,0.9240750749170032,0.8668740897048604,0.8331840572920646,0.9665643498822862,0.9270673705171115,0.9270673705171115,0.9819096433504795,0.8702463834573066,0.9865915329321682,0.9129151319089193,0.7223215837392949,0.9129151319089193,0.9622275246605103,0.9365444918623458,0.8930832552899728,0.5690371931177992,0.6733152114561516,0.9158139617897607,0.90432599068929,0.8919625271106497,0.8626905832443756,0.8968972890562259,0.7750194700802238,0.9187969445925779,0.9900226754040431,0.842762416177641,0.9212349636116766,0.9100921482984174,0.7864985157673798,0.8746275887164432,0.9354001807590553,0.9473559315758452,0.9661533281760557,0.9510020620510797,0.9031535625852034,0.981641218073509,0.8005618369918839,0.6386103918065951,0.6787730500107194,0.9672011947672068,0.9283593797331275,0.8641423061180883,0.8796938075589968,0.9205840625096655,0.9971868506323037,0.9283593797331275,0.843262373421125,0.955919923712067,0.9787950906816582,0.8256324559901116,0.8963527586425646,0.9187969445925779,0.8890344077176486,0.8578923860825488,0.9073379150848058,0.9187969445925779,0.9634451361870242,0.708883939470366,0.9283593797331273,0.9259096512616021,0.9131565421461653,0.8035217116670972,0.9212349636116764,0.8209741793753843,0.9129151319089193,0.9120445952292815,0.9073379150848058,0.9218739081138494,0.8134309446520516,0.9107162866427775,0.963445136187024,0.8802615832433562,0.7848618427701956,0.7749573610111193,0.9486729941161247,0.8222228359505326,0.8964917436383323,0.968511711394582,0.9256516518435476,0.9707659759785849,0.9317998283510545,0.9160040013835883,0.9317998283510545,0.9172229042989672,0.9270673705171115,0.8707407053658365,0.9026102890296366,0.9129151319089193,0.921873908113849,0.9566547125611313,0.9148306285598002,0.9283593797331275,0.7864985157673794,0.950802817126357,0.9129151319089193,0.8919625271106497,0.7207076030187888,0.9354001807590553,0.9173047139984243,0.956164760075822,0.9205840625096655,0.8005618369918841,0.8909637417752132,0.7440125361337089,0.6922188272338278,0.9020120239820866,0.7846225916525831,0.9919066722185295,0.8608459111363298,0.8234235640138097,0.936294773693158,0.9697417631680058,0.9354001807590553,0.7184184784394405,0.8608459111363298,0.8234077572565501,0.9046463136602705,0.9100921482984174,0.8463568600751957,0.8257632689305003,0.7851350462423689,0.8553887433927385,0.7444509168090261,0.9129151319089193,0.975023716209747,0.8624907276866894,0.9769958462033759,0.8624907276866893,0.8057088133256773,0.9570580562743765,0.9129151319089193,0.9129151319089193,0.8972573328551652,0.8350911146232851,0.9416532457372988,0.9129151319089193,0.9842981000157078,0.9129151319089193,0.8963527586425646,0.8237617667988895,0.8019364356618167,0.9548120669934363,0.8988619793084114,0.9650877366625874,0.7686841896077785,0.7258491810838379,0.9129151319089193,0.7962702979293608,0.911879144270564,0.7538640287512116,0.82105313773293,0.8939436847566541,0.859388452766823,0.9187969445925779,0.7355072818219454,0.9129151319089193,0.7067295685207511,0.6976633652999097,0.9583841473219445,0.8581408632505874,0.7817689056007439,0.8790416600038076,0.9020120239820866,0.9129151319089193,0.9417274038964991,0.9011013915812943,0.9129151319089193,0.6571501579738717,0.9912196771032078,0.7674878367136013,0.7566283468611883,0.8315566732461728,0.9129151319089193,0.8733523269175093,0.9510612035739803,0.9787950906816582,0.9806073400536133,0.9032604600606362,0.8018524005638632,0.9200433584481955,0.8218972369091531,0.9187969445925779,0.8867479905184945,0.9710140555392552,0.9915753345612033,0.9972724936505609,0.8158151092076324,0.7990750860128084,0.9575684533387441,0.9218739081138492,0.9148306285598002,0.9129151319089193,0.9283593797331275,0.9047971029774384,0.9170255196748673,0.958802510849105,0.9699956705262555,0.9073379150848058,0.9294065408775736,0.8681738006320282,0.9073379150848058,0.9588025108491051,0.9613940628375297,0.9162476745056902,0.8357945196506531,0.9906754665815262,0.9212407557319794,0.973749766371881,0.7532105416610242,0.9362947736931577,0.940410902993878,0.8340407492704656,0.9650877366625872,0.984298100015708,0.9282086760805153,0.9502758498388721,0.9296524949745057,0.786849051311276,0.9650877366625874,0.8331840572920646,0.9472584806240832,0.8608459111363298,0.9240750749170032,0.9545571771754273,0.9792126008602174,0.9552181517762153,0.4898268605414321,0.8714160325350078,0.9349056753799825,0.9226243637702353,0.8871934551523855,0.9408270269593113,0.9193063597188278,0.9499999827826566,0.9283121294870209,0.9124103764401393,0.9915753345612035,0.74240533556643,0.6702021106597676,0.9610373082174731,0.8456081520200613,0.9910997469105629,0.9028701983556404,0.9634451361870242,0.8888629911708117,0.7320811107167824,0.9461078173419968,0.6413805411785828,0.971374043910277,0.8051589389164882,0.9091257749126656,0.9250566218612026,0.9945861478049025,0.9794586918044158,0.9046463136602707,0.9393439644390174,0.9283593797331275,0.9613976249893683,0.7566321736794966,0.8506944444444444,0.9100921482984174,0.9100921482984174,0.8587655407544982,0.9684660046033542,0.9819096433504797,0.8845661432822199,0.9129151319089193,0.9250566218612029,0.9129151319089193,0.9129151319089193,0.8507397675945694,0.8895546908938257,0.8890344077176484,0.9129151319089193,0.998678513982292,0.9370784007715957,0.9270673705171115,0.8991415586870483,0.7962702979293608,0.9760630032517734,0.8848720914219106,0.882572319399691,0.817655385715481,0.9471320687531258,0.8368273755881146,0.9307209469530887,0.9702750930026955,0.8773302963230465,0.9708640661864651,0.8714160325350082,0.8339901383045348,0.9073379150848058,0.918580253353622,0.9250566218612029,0.8928098446674575,0.9187969445925779,0.9509929458199466,0.7521976660362846,0.9833367336529988,0.8895546908938252,0.8715228571228707,0.9876595518519546,0.9401438614375082,0.736369615659122,0.8914410719709878,0.947258480624083,0.9297484119999466,0.9977811431789548,0.9313235159082541,0.9074585930667864,0.9158719108488644,0.9393439644390174,0.8541662653387105,0.9046463136602707,0.9468861817003963,0.8108212549297615,0.9677758452177638,0.7179182945869279,0.8735911795315163,0.9354001807590553,0.7943394728925295,0.9876332232685305,0.8704863700621754,0.7355644119250664,0.8944090873373052,0.8784129321747909,0.8954351906592593,0.9129151319089193,0.9218739081138492,0.9227068486607595,0.7938063224994614,0.9432076175824133,0.8582156400242079,0.9737816581441505,0.9952229224822957,0.8415887034661653,0.8383902593265002,0.8628693726862096,0.9842981000157078,0.8986732316179211,0.9227274608254377,0.7781265882790908,0.9469647240084871,0.9848460455693226,0.9538301893233547,0.9816226255653286,0.9873862869297436,0.9445428085327043,0.9454564693598089,0.7117780702454757,0.7884490919918861,0.8572691230504832,0.9524200355768017,0.7620678882226806,0.9186269184048185,0.9317998283510542,0.9612656347199036,0.9113762481476704,0.8566146714812597,0.7964039769007353,0.9553971960870309,0.950802817126357,0.8310018675062026,0.7846225916525831,0.9354001807590553,0.8838181065623469,0.9919066722185295,0.9145303665658233,0.9502758498388719,0.9176755293570777,0.8746667926444815,0.9014098966864617,0.9694312576708428,0.9694422327358085,0.8968972890562259,0.845643838733945,0.9218739081138492,0.8988436939017765,0.9129151319089193,0.8572691230504832,0.8917589218018189,0.9124603909626837,0.8629228138935248,0.9129151319089193,0.9759337277592679,0.8843618945991985,0.8574307810740128,0.8671302399974956,0.8350911146232851,0.975715846435314,0.8987931906380352,0.8811510810884071,0.937475450071793,0.7815212720158329,0.9781264721697025,0.9042185009045358,0.9250566218612029,0.9072664504535046,0.8780124908814335,0.9187969445925777,0.9638221193864545,0.9354001807590551,0.8757895304704921,0.9865915329321682,0.9354001807590553,0.8994303857428696,0.9967848253410609,0.9129151319089193,0.9395757210440814,0.801704945212492,0.7708408911970868,0.9613940628375297,0.8944090873373054,0.7857755502967532,0.7228023016814451,0.9100921482984174,0.9218739081138494,0.9046463136602703,0.9100921482984174,0.9100921482984174,0.8572691230504832,0.9129151319089193,0.9021953621142067,0.9684660046033542,0.9129151319089193,0.9539851747197046,0.972890723721717,0.971374043910277,0.9187969445925779,0.7384243720388096,0.7817689056007437,0.9100921482984174,0.9032503426181779,0.9045753237721907,0.940410902993878,0.9101489484576872,0.9129151319089193,0.8919054729924267,0.9026102890296366,0.9792126008602174,0.9750362238197998,0.842808976093194,0.971374043910277,0.9590164093054028,0.9001281500615893,0.9638221193864542,0.9266140809152767,0.9967090020779532,0.9910997469105629,0.8752194476547134,0.9314037608379149,0.9515737425891087,0.9690473891035605,0.9784926679114252,0.9438276072152072,0.9919066722185295,0.8784129321747909,0.8883363946254389,0.9129151319089193,0.9967090020779534,0.8418630872019539,0.9317998283510542,0.9302652339761635,0.9046463136602705,0.7784272607307691,0.9488168385780471,0.9073379150848058,0.9842089208755044,0.9015136308923654,0.9129151319089193,0.9129151319089193,0.9583210411272185,0.8603151817349864,0.993957025331242,0.9330752315686048,0.9659024674482177,0.9582475025104291,0.7445680300688005,0.8546130005316758,0.8848449272091166,0.9549772293841656,0.9129151319089193,0.6598895745135429,0.9218739081138492,0.9354001807590553,0.8041357469285226,0.9283593797331275,0.8213346876950532,0.9129151319089193,0.9129151319089193,0.6686814778544108,0.9129151319089193,0.8522863296889496,0.9297484119999464,0.8144370750729601,0.8516510109329345,0.6307231127191004,0.9482164295783597,0.9824744353090572,0.8024897082708975,0.9129151319089193,0.8547116092900202,0.9084539651614316,0.9158139617897607,0.9212407557319794,0.9933785021977786,0.9282169304402903,0.8467285647384588,0.9145303665658235,0.9590164093054028,0.8784140617693392,0.9129151319089193,0.850840873792243,0.9145303665658235,0.9482164295783595,0.9287856638263576,0.9121736208807922,0.768790122704538,0.8869660226022896,0.8084556902657025,0.7864985157673798,0.8779122094369938,0.9860274640829516,0.6317737081984746,0.9842981000157078,0.899089610841952,0.9471227957381576,0.845265300006194,0.9218739081138492,0.9100921482984174,0.9361304741873642,0.996784825341061,0.8725121154688944,0.7886316849161601,0.9906522225387782,0.9910997469105629,0.8435916521220534,0.8988436939017762,0.9692628942774287,0.9944858957191614,0.9873599883451964,0.9613940628375296,0.9842981000157078,0.9297484119999464,0.8582156400242076,0.8062071169490308,0.9397260007982835,0.9270651763898241,0.7776801287304257,0.8648369881807858,0.9158139617897607,0.9085852563766319,0.9981474562211312,0.951300390339338,0.9608220166428136,0.9129151319089193,0.8605574677832935,0.9613940628375298,0.783920761082004,0.9317998283510542,0.8853408577551583,0.8871829502996262,0.9895302085885654,0.9129151319089193,0.8628693726862096,0.7943394728925295,0.8871829502996265,0.8603858194249074,0.8322451409203908,0.845265300006194,0.9218739081138492,0.9907325410250023,0.860758710927619,0.9694199376404536,0.9871860408126152,0.9575684533387441,0.8077602014179059,0.9540957356814991,0.9235615721162846,0.9129151319089193,0.9586528788913429,0.8336913088833142,0.8205244867520527,0.9072664504535044,0.7665121257525025,0.9129151319089193,0.9100921482984174,0.7353693863316791,0.7821945248182065,0.8691723087480228,0.7358911616690698,0.7023961363491009,0.9129151319089193,0.8403725945226901,0.7656713965420974,0.9255752772876338,0.9129151319089193,0.9699255019644265,0.9848460455693228,0.9283593797331275,0.9235615721162849,0.9100921482984174,0.8524736870099714,0.9237085355484123,0.8906330670343166,0.9967848253410609,0.9769774650784688,0.9235615721162849,0.7158869824819192,0.9129151319089193,0.8466238313236536,0.9129151319089193,0.9784926679114252,0.9962518786235228,0.9786801070181277,0.9354001807590553,0.7919215273538404,0.9328088550302516,0.937152805323473,0.8671302399974956,0.9129151319089193,0.7059948276146899,0.9193350153182774,0.9586112761809462,0.8586391901019116,0.8547116092900207,0.9218739081138494,0.871416032535008,0.9531420664523498,0.9778448510169848,0.975072844280978,0.9370652632118128,0.9778448510169848,0.8671302399974956,0.9218739081138496,0.8035217116670972,0.9778448510169848,0.9354001807590553,0.9471227957381576,0.9545786956633127,0.9814541697743224,0.9100921482984174,0.958060361004107,0.9205840625096655,0.8835891435136976,0.8547116092900204,0.9744177842163372,0.9876839084348534,0.9120445952292817,0.9677758452177638,0.964233614012131,0.902607059526367,0.8671302399974958,0.8557890797823093,0.9774544820233122,0.9281110842580627,0.8428089760931943,0.9926063688129417,0.9158139617897607,0.9187969445925779,0.9293011145750028,0.9348145015991798,0.9683184098724436,0.939152710725605,0.9023532608616331,0.9218739081138492,0.9250566218612029,0.7947344733665972,0.9039991152692115,0.9759802221686069,0.9739801805604328,0.8714160325350082,0.7421320627454273,0.9266140809152767,0.8692627884605635,0.912915131908919,0.9279552527132493,0.8767176140729918,0.8506944444444442,0.9753127882991037,0.9951198879510847,0.8345726594959493,0.9700231093757578,0.8724537135431772,0.8825384613814415,0.9046463136602705,0.934407051006906,0.8827940877921465,0.9482189482994641,0.9435265007207063,0.8968972890562259,0.7483233619898518,0.9100921482984174,0.9800555754911058,0.7689834624184307,0.9634451361870242,0.9158139617897607,0.8500703711925583,0.9683184098724433,0.9187969445925779,0.8735690482386773,0.9075421501903755,0.7235399824997097,0.9469647240084869,0.9865915329321682,0.9311323916622032,0.9124103764401393,0.8331840572920646,0.9187969445925779,0.9583841473219445,0.8871829502996265,0.9731307655897723,0.9553971960870307,0.950506131505038,0.9158139617897607,0.9842981000157078,0.9369710552475161,0.971374043910277,0.9059410379031699,0.9250566218612029
p38_S,0.8825970036301016,0.7335504297321972,0.9566311903317916,0.8100897790177777,0.9202651318010482,0.7631666477878627,0.8769802942805283,0.8889303779858766,0.782988547149891,0.6965730689929296,0.9855797027208403,0.8816859778305945,0.8816859778305945,0.4453299155064684,0.7871633370836384,0.9635428315813017,0.8361567121058334,0.8321126887296124,0.8022487300267548,0.7402591560583245,0.9917448376173101,0.8742856561410539,0.890652842915315,0.7512781261965451,0.9114911763347561,0.845426769507341,0.5789800515582617,0.8344202094125963,0.7402591560583246,0.5797110340122399,0.8807086244169697,0.8971901564492133,0.8710529575837427,0.9720076630927214,0.9202651318010482,0.8856848936483535,0.8892155845940946,0.6268120890070663,0.6712114107412732,0.5228169617439866,0.8854741077979714,0.8484619576906176,0.9149900225490741,0.8035217116670972,0.8361567121058329,0.6676017146552646,0.8931410336709438,0.7754910920028371,0.6815050920146568,0.7558839765538492,0.7563499748428755,0.707758184561132,0.845426769507341,0.8676556569243747,0.8710529575837425,0.9697040536000001,0.45726976020571575,0.885400876353422,0.9238874434614852,0.9440119213971412,0.7880418755318435,0.9462829811290681,0.8858561123567871,0.9538133524293886,0.6185666173362778,0.8352716035347938,0.7948455158104213,0.905707294614418,0.9742854412623503,0.7605306482159557,0.48111371819489523,0.9217745823086678,0.885400876353422,0.7482501886210617,0.885400876353422,0.7810604345314744,0.8904552749271515,0.775442414696859,0.6321571859757091,0.7631666477878621,0.8655012524214225,0.8983107091082561,0.8120947282193273,0.8454267695073416,0.885400876353422,0.44362905428351096,0.8742856561410539,0.604577926128109,0.9548458029436195,0.881685977830595,0.885400876353422,0.24750193531637132,0.4303924528313716,0.7219041576473437,0.8336526153804955,0.8159662818432845,0.2643639219908892,0.7836695118070411,0.7316505818096617,0.6982513449370882,0.7177362084758447,0.7353220140715183,0.626499547379811,0.5740077004260835,0.9333823247154629,0.9057246972976494,0.5510833567295232,0.7081570619227069,0.8578283462385068,0.7537694644686961,0.288856754426034,0.6051427045707587,0.7614344088077676,0.6206258808678555,0.8931410336709438,0.7056804198282776,0.8255797943499119,0.7188125664051562,0.9149900225490739,0.6797668141977575,0.8035217116670972,0.0,0.5366354005163095,0.6949850731773968,0.885856112356787,0.4482004987191739,0.8892155845940946,0.8041315332473615,0.9489284627486734,0.8088080901268468,0.7129320454258647,0.8931410336709436,0.6793588929077845,0.9149900225490739,0.5468329689898159,0.7720393262494724,0.924575510766277,0.8718365977455129,0.8971901564492131,0.8780615512279366,0.8515170257064224,0.9102521474185263,0.6039062602675376,0.5415197932873657,0.2431260023651457,0.7983028217639934,0.8933135622993031,0.7869038200187426,0.8424305171733326,0.5897911332063234,0.7839452431237177,0.7880418755318432,0.5175339979452622,0.8044026397326813,0.9488276796806041,0.8424305171733328,0.5920582970389558,0.8343910021373346,0.9418696623468306,0.4997204204875867,0.5877118324345101,0.958244185426041,0.7871326569689745,0.6895411753169773,0.7680797190076105,0.2938080844307024,0.921369259278326,0.9457413102127116,0.8842601377233776,0.8433133516871907,0.7371378063155161,0.9155630897147411,0.8655174742919491,0.7516682008158861,0.8504057784238475,0.7036208940517148,0.8022487300267547,0.9160606825165771,0.6108357109812408,0.8281206338887307,0.9991349449712938,0.8051123686772608,0.9521560119189612,0.8816859778305948,0.7320545423102579,0.4944081502336911,0.7460979684534164,0.9818884897056042,0.8676556569243745,0.9257356254998432,0.8251617830106448,0.8037010012713977,0.8168666899477832,0.7355858049749937,0.9986005165851441,0.885400876353422,0.7872287551174809,0.7262362277568399,0.9576294462848491,0.9627081078380061,0.8133809431767207,0.9494402015988872,0.885400876353422,0.8924873296906533,0.7505774285709643,0.6965730689929299,0.885400876353422,0.8586537584626805,0.8088080901268471,0.7996708598447979,0.726977185610072,0.6924582174103713,0.5424031201389161,0.885400876353422,0.8562708339766766,0.8854008763534221,0.8489304945481235,0.9053197676906499,0.8527776827243418,0.885400876353422,0.9446447681148575,0.885400876353422,0.9079810728059527,0.8542961702347798,0.36263216649570484,0.9324146569619929,0.7353220140715184,0.6333478553014,0.8780615512279364,0.8623542432319442,0.8742856561410547,0.6223939295189143,0.6214651794532624,0.9954645327542638,0.9103321387130584,0.7730117451851682,0.9439482786232296,0.98596952626538,0.8952289958674732,0.8088080901268468,0.8088080901268466,0.836156712105833,0.2591142921046744,0.9440119213971414,0.885400876353422,0.7804789596211701,0.885400876353422,0.641325675812765,0.6918161969261295,0.8971901564492133,0.8365455300348619,0.6183907614025539,0.7872287551174811,0.8061560254525524,0.915498465595191,0.29666193911244676,0.9255404775711311,0.686893807216397,0.7724757092972724,0.36758632804738733,0.7627463457527179,0.7924526822711415,0.881685977830595,0.9413830194575714,0.5785606532266654,0.6712114107412732,0.717874603150185,0.7648009882543503,0.8757817245775488,0.7255226183288324,0.29565473451645763,0.8971901564492133,0.80359727087627,0.738236467964614,0.7982825765424514,0.9057246972976494,0.6140246053816782,0.969185866791127,0.6759546048296934,0.7734213099905187,0.9057246972976494,0.7468679953122508,0.7482039737719153,0.9813875979308577,0.9500469696341345,0.42101259127238067,0.6238609283942567,0.8872511189380223,0.7008898731093749,0.878061551227937,0.8931410336709438,0.9953978806517947,0.5665593055123446,0.6770944845943567,0.6809552760705038,0.672618208788484,0.8154775218072023,0.919772842739671,0.969121057269952,0.5567710364845584,0.6815050920146569,0.5613603023338308,0.7178544338753305,0.6895411753169773,0.9901178564776814,0.8467830997487795,0.8930892657088837,0.8114788487242621,0.745640283937079,0.990269109356053,0.9047313872419542,0.5418297986684198,0.7633137367575428,0.8174310419346658,0.34385975235757327,0.8713174172545051,0.8451259095144115,0.8276313301891115,0.9016370541080925,0.9415040533996414,0.7287106058056588,0.8931410336709438,0.885400876353422,0.8971901564492129,0.6441474537750421,0.48278043515298097,0.9057246972976494,0.9013784409842849,0.7117886795596482,0.885400876353422,0.915498465595191,0.9057246972976496,0.809144266311157,0.8201203923509599,0.9982319723080038,0.48139301358595166,0.8971901564492133,0.7648009882543503,0.6561966860527861,0.8249859972997301,0.8710529575837427,0.45388449037450407,0.7724757092972718,0.8637942492764794,0.6647083499058957,0.8676556569243745,0.7983028217639929,0.9930547404043362,0.6208074974158753,0.3855859215541496,0.6636687314528373,0.9004508772427264,0.881685977830595,0.9134342981130626,0.5737530753746367,0.7008898731093749,0.567353327507,0.5361591653662714,0.885400876353422,0.7029889123717934,0.9770864862406434,0.46844804001748663,0.9770864862406433,0.9102521474185266,0.7952324364292735,0.885400876353422,0.885400876353422,0.919537287420662,0.9891744575135328,0.3695667087221087,0.8854008763534221,0.7839452431237177,0.556771036484558,0.6155511851450792,0.8076904584340714,0.8255355465508181,0.9202651318010482,0.3838586965317662,0.7566561216751564,0.6134676724188319,0.6902539110495005,0.885400876353422,0.8225277030721223,0.36263216649570484,0.6606207607784498,0.7265399034771194,0.9257356254998431,0.5868463051770899,0.9302947288966976,0.6751917390568174,0.885400876353422,0.5699371930715275,0.9797853285752776,0.715417898810857,0.6835002153983132,0.8892155845940946,0.7732209641531302,0.5954286544189926,0.885400876353422,0.7656260953636835,0.6196863996882609,0.885400876353422,0.8772182185117652,0.8470175876447903,0.9585152259589839,0.5473595125206385,0.6895411753169776,0.885400876353422,0.7265399034771193,0.8068343733389349,0.9786078235958557,0.7157246407996476,0.8066497520652143,0.790586833838097,0.7931448484714048,0.3689019099295947,0.9302947288966976,0.8104315638950381,0.7438395839048273,0.7208612448150912,0.8148240232658843,0.5654750284776328,0.9853472513121206,0.8546597599343506,0.8971901564492131,0.5365238587801548,0.885400876353422,0.9891608609192486,0.7530304599651954,0.8742265880457784,0.8943418469797417,0.9135428206778322,0.8780615512279368,0.9217506099639929,0.9669818997221615,0.8780615512279366,0.8354816398465681,0.6962280582750633,0.9596850215420891,0.8886797437837286,0.49207555859736407,0.9057246972976496,0.7980162104207744,0.9102521474185266,0.9596850215420891,0.8340556435485739,0.8524727637870848,0.8448782725245796,0.6965730689929296,0.9396678362133799,0.8344202094125963,0.8991342237089195,0.8484619576906176,0.8610478913106778,0.821577072950012,0.8839367949745334,0.816880509953394,0.6243162306674315,0.7757423520635385,0.7315436308993343,0.8533680150714889,0.8643222344048871,0.8307902358986599,0.42669212441005455,0.7112271711003961,0.5880517250645587,0.9968921249480657,0.8091394405469077,0.6560357919209889,0.9559937244223015,0.8515386735783614,0.911256959301092,0.5399206340097034,0.8643222344048871,0.7631530669452237,0.8515386735783614,0.918805157356595,0.6249895143719493,0.661014623620011,0.8521741850126677,0.9706392054913746,0.6523732667884758,0.7730117451851692,0.9057246972976496,0.8470937832356389,0.9566311903317916,0.778584931229424,0.9950097342309363,0.7075683818320475,0.8040096295373871,0.8971901564492135,0.7188125664051562,0.6201074903999317,0.6674503287998648,0.9740627156988712,0.9828055746328198,0.98280557463282,0.6013562824993519,0.9333393751096145,0.8745195447781489,0.5589131398113634,0.885400876353422,0.9013784409842851,0.885400876353422,0.885400876353422,0.5910688163795581,0.8906528429153151,0.5497840091849495,0.885400876353422,0.7065266930992287,0.7758391170353229,0.808808090126847,0.5972311489260367,0.8587778297510043,0.9692534510501678,0.4506506503543505,0.9654204696009592,0.6388174739209656,0.846496131123587,0.911333411724739,0.9013784409842851,0.8605569040332726,0.7683683887447593,0.7079614520634521,0.6450666846590858,0.9024363921718168,0.7592114128414412,0.5278102308916617,0.7785849312294244,0.48692081829869316,0.8931410336709438,0.4150051111882196,0.8742856561410541,0.8237008396662091,0.9112569593010917,0.6743862331819503,0.8272125475056475,0.7880418755318435,0.8546597599343508,0.8196136051637435,0.8931410336709438,0.8610478913106778,0.6793768683546734,0.969185866791127,0.6773866140554352,0.8226626335918258,0.8971901564492133,0.9093586229892595,0.8361567121058334,0.8611684983443579,0.5862476086905206,0.915051350864527,0.6307087575345853,0.8589563765519364,0.8551218848344515,0.545837380222463,0.6694766586770133,0.9654204696009592,0.6434077180043578,0.6390265872092588,0.9817148430281428,0.8435859019655767,0.885400876353422,0.8971901564492131,0.8803029307892649,0.885400876353422,0.8944000283873016,0.8610478913106772,0.9440119213971414,0.8373984893907686,0.6641391650962067,0.8340556435485741,0.6952287674890205,0.9102521474185266,0.5949632756823303,0.8643222344048871,0.7157906341723685,0.8780615512279368,0.9092630002997361,0.9063427820737524,0.5329239246248032,0.5925710657252328,0.9390263462281631,0.7295243586973188,0.6074646233174098,0.8434231530179124,0.8078095754619212,0.7592856113172004,0.710169316052929,0.8307902358986592,0.7839452431237179,0.6808106989080194,0.8892155845940948,0.8737119442974125,0.821577072950012,0.7583094792012608,0.881685977830595,0.6484460287680514,0.6126306339470334,0.9010995033577462,0.9604712777488253,0.9674484241224515,0.5827918626201543,0.9132248230157267,0.8484619576906176,0.9614976396802812,0.7449034616957062,0.8578283462385066,0.770541447969582,0.8643222344048866,0.8816859778305945,0.9356856974167589,0.8551218848344521,0.885400876353422,0.972007663092721,0.8619407817415707,0.594936935637187,0.4447167615235278,0.8854008763534221,0.7732901707766602,0.5169054353168898,0.7880418755318432,0.7371378063155158,0.8451259095144112,0.554152423971688,0.7500274497143593,0.5395706566827287,0.932462598036226,0.7066173859402347,0.6630438782205783,0.8084228126660491,0.9013784409842851,0.6235983971106213,0.40517647055169004,0.8096294045230256,0.44212834045261695,0.7171890292645675,0.8365455300348617,0.7262362277568399,0.8551218848344515,0.8676556569243747,0.8219227877838965,0.6613638028274368,0.9937508451618398,0.7942798607168646,0.9057246972976498,0.885400876353422,0.8742856561410544,0.4774978223851487,0.5537923365189841,0.881685977830595,0.9741812383843047,0.8745195447781486,0.881685977830595,0.881685977830595,0.8168805099533938,0.885400876353422,0.8361567121058329,0.9817148430281427,0.885400876353422,0.5647765526904124,0.6179390367347245,0.9057246972976494,0.9302947288966976,0.9413830194575712,0.8892155845940946,0.881685977830595,0.46808276685468286,0.6797668141977578,0.8546597599343508,0.7841340204773557,0.885400876353422,0.48737402033284194,0.8096294045230257,0.8793331866131817,0.5643020410083386,0.5641543834813625,0.7605306482159556,0.7512781261965453,0.8826561166564149,0.8734073652705019,0.8538210569780723,0.9551293872486744,0.964202949442688,0.7933452481357938,0.8197810444731706,0.7944059100735952,0.7754424146968589,0.9474427791084492,0.46992091832042926,0.8931410336709438,0.6360291385917658,0.643702033381214,0.885400876353422,0.8356850800655677,0.8618030259801419,0.6965730689929299,0.6249057106097982,0.9709607924834878,0.9255404775711312,0.681028041356623,0.8780615512279368,0.6035664793502413,0.6787390871669998,0.885400876353422,0.885400876353422,0.8510876470038167,0.664139165096207,0.5619512271173581,0.7877894206954374,0.8433133516871905,0.5931166136167402,0.8226626335918256,0.683824882237388,0.4685438701361042,0.7758052156064552,0.885400876353422,0.7754910920028371,0.8971901564492131,0.6712114107412732,0.5083080235863167,0.9057246972976494,0.6190375839583,0.885400876353422,0.885400876353422,0.654488311878263,0.6613638028274369,0.7774891297680564,0.9786774257765747,0.5622246221068032,0.9337242849578087,0.8365455300348619,0.9739024199009687,0.7832319687842371,0.4925052236915636,0.8854008763534221,0.32863386023738383,0.7260959372470659,0.8892155845940946,0.9057246972976496,0.8555021357847683,0.855219908474888,0.6344403429748714,0.37404765011518937,0.8892155845940946,0.7986011163078601,0.885400876353422,0.6089813514626856,0.44362905428351096,0.9538133524293886,0.6757293049893265,0.912904649299422,0.867655656924375,0.7855093208605666,0.41250989131588434,0.9013784409842849,0.7034706070463592,0.8405201458571143,0.8745195447781486,0.9976243215493139,0.8737850059390877,0.8454267695073416,0.5779971046272829,0.7563499748428755,0.881685977830595,0.7200341327950914,0.8394708294649358,0.8280095731844088,0.8704054119278537,0.9149900225490741,0.7826117810983158,0.9149900225490741,0.9149900225490739,0.5619512271173581,0.8196136051637439,0.7656260953636835,0.885400876353422,0.9976243215493139,0.8448782725245798,0.8610478913106774,0.5041820832784331,0.8710529575837431,0.8816859778305945,0.8915641191189612,0.7801518379683503,0.7872287551174809,0.6098861336510571,0.8141693012543916,0.6475576377138879,0.5962580236111372,0.885400876353422,0.22833627977541415,0.885400876353422,0.555686321823345,0.6965730689929296,0.9850607921252732,0.9071276996480018,0.6493645596459068,0.885400876353422,0.5592525054476531,0.5458373802224631,0.898310709108256,0.698062493299493,0.7482501886210617,0.7149411814590176,0.8971901564492131,0.6295522540952878,0.7792054646766344,0.803916511006419,0.7071306522474994,0.6359654457649799,0.42882619329740845,0.8091442663111565,0.6642640454483499,0.7310923137226893,0.8503216798204942,0.9988813525559971,0.6363667931074075,0.9654204696009592,0.5619180436205398,0.885400876353422,0.881685977830595,0.643702033381214,0.7269175626287812,0.8016379072829549,0.6307087575345853,0.5916535905155214,0.885400876353422,0.6576859502311336,0.9373284992554612,0.4696472397405558,0.885400876353422,0.7813668572264032,0.8151126965355122,0.9057246972976494,0.8546597599343508,0.881685977830595,0.8967023541877933,0.8454267695073419,0.9150343655807036,0.8740160774379222,0.799811331765348,0.8057570438652034,0.5394744002348715,0.885400876353422,0.9135428206778324,0.885400876353422,0.7188125664051562,0.5313032351831727,0.7390540974543198,0.6712114107412732,0.8336526153804953,0.842879491045492,0.7855093208605661,0.761455130549603,0.885400876353422,0.824492154859118,0.7804874263709287,0.8660123516919622,0.6949850731773953,0.8542058822129401,0.9741812383843047,0.8307902358986596,0.9503663949983921,0.8114788487242621,0.7583094792012612,0.6066750021113607,0.8114788487242621,0.9224196544072623,0.6023678109726938,0.8154775218072023,0.8114788487242621,0.6712114107412732,0.6708824178480899,0.8892155845940946,0.7033102214269737,0.6101573439072092,0.9503663949983921,0.5647765526904122,0.9858718430453364,0.899603674299033,0.8829583596177213,0.8061560254525524,0.9195372874206622,0.8816859778305948,0.8742856561410542,0.7729365639940642,0.6155511851450799,0.8142030100411646,0.9368644003029558,0.8009042580085137,0.985955078885574,0.6286090485911004,0.7872287551174811,0.8931410336709438,0.9003250896043113,0.8510497915283031,0.8365455300348619,0.7271364896549708,0.8969166615241781,0.8971901564492131,0.9013784409842851,0.9864856851154773,0.8336526153804957,0.6874057582305482,0.9301383082015944,0.9445770157689457,0.9454784294454577,0.7096457585863615,0.9264797575088632,0.885400876353422,0.8202879589487213,0.5785825858794325,0.7516471430648395,0.815966281843284,0.9683441395297259,0.8985986666492831,0.8781801844465499,0.9436967039406479,0.845426769507341,0.7075683818320477,0.8880060117336507,0.8653850403263916,0.993746802911312,0.9077323061196996,0.8054620272717132,0.7764652114384087,0.6440344557913555,0.6773617071667852,0.8629984446108607,0.623860928394257,0.9611168424359666,0.9113334117247391,0.8365455300348621,0.7724757092972718,0.9103376246267693,0.860288410535345,0.9764298127780957,0.72623622775684,0.9900377084336549,0.808879927839061,0.9261052221430762,0.6235983971106213,0.8839367949745333,0.8318744033066612,0.8705161960734357,0.9013784409842851,0.758309479201261,0.7690613058923466,0.7512781261965451,0.6965730689929296,0.980932677253411,0.7188125664051562,0.9495774898024567,0.9013784409842851
p39_L,0.8624818946946733,0.8338080357894962,0.8057785301589873,0.9824879598400399,0.9913026731221013,0.953255582527178,0.8513848233596019,0.9017350564624798,0.8806719604852848,0.9506503681784946,0.9810661291837657,0.9349426948340502,0.9349426948340502,0.33843403840150477,0.8890928172755164,0.8578283462385068,0.7684938541983793,0.7500737909531845,0.6618674289227163,0.9506503681784948,0.9937455570509314,0.9235944347702933,0.9200817943852444,0.9390829980374291,0.9218241042345277,0.9150048519840785,0.4179057889550104,0.8963379163019165,0.91322689738052,0.7428545480534483,0.9069566644903915,0.943467974097185,0.9290959183459291,0.8993081265656124,0.9369854052620168,0.9218485695187231,0.9390829980374289,0.4841728059666315,0.9532555825271782,0.3449513367366036,0.9377821213923416,0.91667381023818,0.953255582527178,0.8919625271106499,0.7184098448778979,0.8378924306372835,0.9412414838519025,0.8765493364841213,0.9133573033767912,0.8657679762547947,0.943467974097185,0.606288871833744,0.9150048519840785,0.9272278453848011,0.9290959183459286,0.9523096052149489,0.9117298605520907,0.9369854052620166,0.8298161239732539,0.9329497321807896,0.8834506330434526,0.8147982173265639,0.9150048519840794,0.8751860185986184,0.9457709851868579,0.8542918154275816,0.9965573445764311,0.8469678326776531,0.8660832674339085,0.9481608601832736,0.4989712067232467,0.9133573033767912,0.9369854052620168,0.7849906623320984,0.9369854052620166,0.8591451287364844,0.9694100907323095,0.8407576685828647,0.7807978673500406,0.6885869595213395,0.9253948970823007,0.9950286745612719,0.6578234571974308,0.915004851984079,0.9369854052620166,0.30721012816972004,0.9847742533056745,0.7576462727878213,0.8684389251881861,0.9349426948340502,0.9369854052620166,0.5071844450806078,0.7239209861454203,0.8455778977706183,0.9479529588566924,0.9080787883543031,0.4879112966962469,0.8604642587137392,0.7765627366303718,0.7989963236109232,0.9928893498778073,0.9991256173192249,0.3568901125568854,0.7368848567122136,0.8935215382096593,0.9481608601832734,0.5857799643645218,0.7485557284168785,0.9218241042345277,0.7877637952475487,0.5197556301140243,0.8705100723917392,0.8856543818329798,0.8876707345437713,0.9412414838519025,0.8957384634135628,0.9272278453848009,0.9481608601832734,0.9751129258825252,0.8497488428273543,0.9266140809152767,0.5366354005163095,0.0,0.9069566644903913,0.9150048519840792,0.6965821304439737,0.9390829980374291,0.8539255385877564,0.9877220281917203,0.8948693468634783,0.8421500073984991,0.9412414838519025,0.576734575291744,0.953255582527178,0.9310020898787328,0.8173684566621489,0.8499673668876722,0.8166333005972801,0.943467974097185,0.9329497321807896,0.936353701333656,0.9506503681784946,0.7822000230606598,0.6713829854729081,0.5563750043449431,0.8890928172755168,0.9572437804031904,0.8040825160086584,0.9133573033767912,0.7002475745525756,0.9506503681784946,0.883450633043452,0.6395638714916648,0.8808194275061851,0.9365826632500472,0.9133573033767912,0.9780207618604191,0.6515768171195448,0.9513718884110443,0.6519756392296776,0.8384912670500719,0.9991256173192249,0.7785143692692987,0.754643890908339,0.9341861672503229,0.6390183897888612,0.8539255385877564,0.8744295702264888,0.9085306004621048,0.9079675824567621,0.8688313854685341,0.9349426948340502,0.9117298605520907,0.7745001741980393,0.9462637975926365,0.7338979064230683,0.9868438546677248,0.8935215382096593,0.9747559458370869,0.6189560385595201,0.8905232684471216,0.8617859181418421,0.9928893498778073,0.9349426948340502,0.8252209280961138,0.6199146658991364,0.8239134490485773,0.9414543417011054,0.927227845384801,0.8259843931141266,0.9843238957181939,0.9129412260730063,0.6695931602377218,0.7391984546954606,0.8834506330434522,0.9369854052620166,0.9390829980374291,0.4505603053703613,0.876549336484121,0.9917211994790314,0.8956273847626328,0.9349426948340505,0.9369854052620166,0.890489506496073,0.7391984546954606,0.9506503681784948,0.9369854052620166,0.8907404833799738,0.8948693468634783,0.8591451287364846,0.8226046489234888,0.947122695898993,0.9349426948340502,0.9369854052620166,0.8212944178861191,0.9369854052620166,0.7901782550165781,0.6336464894493313,0.6412766167119608,0.9369854052620166,0.9843913959203322,0.9369854052620166,0.9238319860517548,0.8848500287036507,0.3530838089216479,0.846055230607236,0.9991256173192247,0.7394471467168329,0.9329497321807896,0.7272125248349672,0.9235944347702933,0.9818634913664555,0.8826162711354477,0.9723980610103105,0.7566586192708953,0.9064840699954801,0.8941142743416466,0.8645904004850737,0.7881092891784474,0.8948693468634783,0.8948693468634781,0.9310020898787328,0.4789652811596251,0.9843238957181939,0.9369854052620166,0.8792920141466947,0.9369854052620166,0.6929730938997383,0.4332132978767821,0.943467974097185,0.9101213268023749,0.716144527306747,0.9390829980374291,0.893411056648407,0.9218241042345277,0.4718562938126559,0.9253948970823007,0.8278323671212413,0.9412414838519025,0.5358919144608658,0.8408491588837401,0.8067567589554561,0.9349426948340502,0.9919033068160935,0.6558470082027228,0.9532555825271782,0.8176308472588916,0.842000725965919,0.9166738102381802,0.8395485353725951,0.551342538707891,0.943467974097185,0.8120736745722197,0.7485557284168788,0.7245926068511885,0.9481608601832734,0.7877637952475489,0.9634129222225682,0.9183656033219387,0.5184859546138473,0.9481608601832734,0.8667801398010047,0.8168695460000701,0.9457709851868579,0.9049013665285817,0.9067169102590357,0.24838064760558898,0.8993081265656124,0.7606222572952102,0.9329497321807898,0.9412414838519025,0.9429902492134531,0.6871856430556249,0.9868438546677247,0.7735354395038114,0.8199826469754625,0.8866634059168488,0.8694404115216965,0.9868438546677247,0.9000627911577299,0.7157970166799064,0.7588052865947857,0.5767345752917445,0.754643890908339,0.873827676815808,0.9991256173192249,0.8806173188769298,0.8963379163019165,0.8727155027870835,0.8876707345437713,0.8565137343618396,0.7075122835562988,0.8368493299174997,0.7959867014475601,0.559171010245183,0.9506503681784946,0.9452104916607273,0.9506503681784948,0.9358530937879614,0.9302334181929384,0.6408312436046303,0.9412414838519025,0.9369854052620166,0.943467974097185,0.7045169096299293,0.7082086213203433,0.9481608601832734,0.9457709851868581,0.9877220281917201,0.9369854052620166,0.9218241042345274,0.9481608601832736,0.6169554679310423,0.9230838149438536,0.876771287862126,0.9950286745612719,0.9965573445764311,0.7932609685518643,0.8009920159983044,0.8535559174809991,0.9290959183459291,0.6284209917842678,0.9412414838519025,0.8993081265656127,0.7362383996747772,0.9272278453848009,0.8890928172755164,0.9751129258825251,0.7325128010684441,0.7352422012108967,0.7245926068511888,0.9688298914803046,0.9349426948340505,0.9105790217775472,0.7961509376213881,0.7606222572952102,0.7621006700194144,0.6523335479021493,0.9369854052620166,0.8186692280313932,0.8978173148387736,0.8034091357224458,0.8978173148387736,0.9506503681784946,0.8080897785000025,0.9369854052620166,0.9369854052620166,0.9133573033767912,0.8806719604852853,0.6045545192138788,0.9369854052620166,0.9132268973805201,0.9369854052620168,0.979626515369458,0.9033301068535198,0.7625548701434592,0.9543800590178143,0.5957412250426102,0.7556959734955934,0.6486717036544254,0.6949953734031875,0.9369854052620166,0.8525812245745796,0.7819856802224685,0.7229232266022434,0.7495574039234554,0.8643582544593791,0.7048350941605874,0.9412414838519025,0.747015523333209,0.9369854052620166,0.6890925560830312,0.8756692998517112,0.8252209280961138,0.7746477200892382,0.9390829980374291,0.7724768594641588,0.777538443810352,0.9369854052620166,0.8711248729670615,0.7811847363169385,0.9369854052620166,0.9053985774691053,0.7162672716759504,0.8288717695259114,0.6588517029014223,0.754643890908339,0.9369854052620166,0.8194729220297273,0.821294417886119,0.9919033068160934,0.8033895619042443,0.8727155027870834,0.8848500287036507,0.8862566036435151,0.4546878604712593,0.9412414838519025,0.8738276768158082,0.8591451287364846,0.7713007349324411,0.8173540536242112,0.9105789362336354,0.782640444767957,0.964170004482718,0.943467974097185,0.49888277315613405,0.9369854052620166,0.9481608601832736,0.7408634796606315,0.9576013549201206,0.9810661291837658,0.950107672001856,0.9329497321807898,0.9845576245892496,0.9950927970641263,0.9329497321807898,0.7004492079819649,0.41120738041697,0.9771865070849177,0.9058916929689564,0.8611739148129459,0.9481608601832736,0.809420201655433,0.9506503681784948,0.9272278453848009,0.9917417854198085,0.9409787987387188,0.7098803175335773,0.9506503681784946,0.962784641863409,0.9320797389103181,0.7162003046354735,0.9166738102381802,0.9235944347702933,0.8792920141466947,0.9991256173192247,0.8993081265656124,0.9377821213923416,0.8473583193897771,0.4320914808021412,0.9996217758139353,0.9253948970823007,0.9069566644903915,0.6310480454343341,0.7178547490400895,0.499827879981367,0.868661872839342,0.8643371891276947,0.8684721765107501,0.9038554657884541,0.9183656033219387,0.9200817943852444,0.6545256701011759,0.9253948970823007,0.8160370169864276,0.9183656033219387,0.8948693468634785,0.7415097501351389,0.8272219822788088,0.8423379076513388,0.9950058988075361,0.596291057984814,0.9064840699954799,0.9481608601832734,0.996709239594532,0.8956273847626328,0.555623350836753,0.96782156151872,0.3678217796345291,0.931002089878733,0.943467974097185,0.9481608601832734,0.7041879812964709,0.9035060468318608,0.8919625271106499,0.9877220281917203,0.9349426948340505,0.804791222478062,0.9179356541368899,0.9310020898787328,0.6442847712704993,0.9369854052620166,0.9457709851868581,0.9369854052620166,0.9369854052620166,0.7751411006332307,0.9200817943852444,0.9723980610103105,0.9369854052620166,0.7635728637516703,0.7986983159818961,0.8948693468634784,0.8009804902496138,0.9090576304377904,0.9110289230307684,0.7966353836375036,0.8792920141466949,0.8013966443800906,0.9290959183459289,0.888139508331151,0.9457709851868581,0.8978173148387738,0.7478952262612746,0.821294417886119,0.8597301229817256,0.9290959183459286,0.9329497321807898,0.7774009931916075,0.9457709851868581,0.6385571149880808,0.9412414838519025,0.9027445004246046,0.9235944347702933,0.6576939550216585,0.964170004482718,0.8372369487294185,0.5573673636973573,0.8834506330434524,0.9200817943852442,0.9747559458370869,0.9412414838519025,0.9235944347702933,0.3887994136422047,0.9634129222225682,0.848358096821,0.9765164951125105,0.9434679740971852,0.899864992616022,0.931002089878733,0.9241701782472762,0.9008975568963153,0.9594986384506097,0.7462241442838129,0.9085306004621048,0.6885869595213392,0.6989930523976955,0.8344527069141838,0.8792920141466947,0.7029302603643939,0.7556959734955933,0.8848500287036507,0.9957984897915584,0.9369854052620166,0.943467974097185,0.9320797389103184,0.9369854052620168,0.8800187100542718,0.9235944347702931,0.9329497321807898,0.6184010988028432,0.8453106694422665,0.6831243147374944,0.7576462727878213,0.9506503681784948,0.71811984507629,0.9721643839492675,0.8343457370300271,0.9329497321807898,0.9731155357061645,0.851262638398361,0.46857736920624204,0.9950286745612719,0.7978280103357653,0.8512736190221863,0.6909347662936944,0.8567153354315402,0.6256072995438495,0.814798217326564,0.9634222611466374,0.9069566644903913,0.9506503681784948,0.9218241042345277,0.9390829980374291,0.7567561462942771,0.9753361086597814,0.8671016868583243,0.9349426948340502,0.6909854043398926,0.6284209917842678,0.953255582527178,0.9338538560095986,0.9412414838519025,0.5962910579848142,0.96782156151872,0.9166738102381802,0.9096861238372791,0.9847277353330188,0.9218241042345277,0.873827676815808,0.9253948970823003,0.9349426948340502,0.943467974097185,0.9751129258825255,0.9369854052620166,0.9358530937879614,0.9653774900872851,0.7606222572952102,0.43368427165500123,0.9369854052620166,0.8552011210699517,0.6650962354596092,0.8834506330434522,0.9038554657884541,0.8806719604852846,0.4474656280649323,0.8525812245745796,0.7523134076418643,0.950107672001856,0.883450633043452,0.8147180119466231,0.4826751591458933,0.9457709851868581,0.44839932426169726,0.9117298605520907,0.8851061157461309,0.9990384391481416,0.6169554679310417,0.950107672001856,0.3991861418329574,0.6885869595213389,0.9272278453848009,0.6013132034936094,0.7914282554375611,0.8040825160086582,0.8565137343618394,0.9481608601832736,0.9369854052620168,0.9694100907323095,0.7360004217167483,0.7781429858473843,0.9349426948340505,0.943467974097185,0.9310020898787328,0.9349426948340505,0.9349426948340502,0.8993081265656123,0.9369854052620166,0.9310020898787328,0.8848500287036507,0.9369854052620166,0.475394341860536,0.8387954828672994,0.9481608601832734,0.9412414838519025,0.9457709851868581,0.9390829980374291,0.9349426948340505,0.7378186603671341,0.8497488428273543,0.9200817943852444,0.802741085523923,0.9369854052620166,0.8173793423971963,0.9991256173192247,0.9616684643803335,0.7439123385701871,0.679844606886667,0.5318768586247133,0.9950927970641263,0.9218241042345277,0.716125868512462,0.6289359391965256,0.9369854052620168,0.9302334181929384,0.6860656681115651,0.9763867292456673,0.9970245400158322,0.7939881817158987,0.9481608601832734,0.9630274699754413,0.9991256173192244,0.5196087134980434,0.8288717695259114,0.9369854052620166,0.9913026731221013,0.8538903388737851,0.9506503681784948,0.8081992804193285,0.9187458821598233,0.8407576685828644,0.7822000230606598,0.9329497321807898,0.7407778267118066,0.7327966338026521,0.9369854052620166,0.9369854052620166,0.8934110566484073,0.7967547961235282,0.4483993242616975,0.7225525935791479,0.8080897785000025,0.7063769917649028,0.7297533167709557,0.7985408612872549,0.9556365193397716,0.7916593605787678,0.9369854052620166,0.876549336484121,0.943467974097185,0.9532555825271782,0.675365112826682,0.9481608601832734,0.7905202806671947,0.9369854052620166,0.9369854052620166,0.7428545480534487,0.6284764518573078,0.7528557486479341,0.9847742533056744,0.6623263931262896,0.8751860185986184,0.9101213268023749,0.8744295702264889,0.8190433636010612,0.6792725982376357,0.9369854052620166,0.7514899398419217,0.7737143139162701,0.9390829980374291,0.9481608601832734,0.888139508331151,0.8565187494241792,0.7030152107044392,0.7408315228923601,0.9390829980374291,0.8770595237952055,0.9369854052620166,0.7849906623320984,0.9937773364805664,0.9064840699954799,0.9782134124794803,0.6905563201796621,0.9272278453848009,0.8820580577672705,0.5943957519868879,0.9457709851868579,0.8369474483722918,0.8291365518294922,0.9310020898787328,0.9132268973805199,0.9038554657884539,0.915004851984079,0.7679533613871459,0.943467974097185,0.9349426948340502,0.846055230607236,0.9523096052149489,0.6100336545240822,0.9397454091117985,0.9532555825271782,0.6807617971830019,0.9532555825271782,0.953255582527178,0.8645904004850735,0.9008109730235982,0.8711248729670613,0.9369854052620168,0.9506503681784946,0.9235944347702933,0.9235944347702933,0.6243484101822678,0.9290959183459293,0.9349426948340502,0.9117298605520905,0.8684389251881859,0.9390829980374291,0.8677537455278882,0.9339524310656604,0.7807978673500406,0.7766132658993086,0.9369854052620166,0.5071844450806078,0.9369854052620168,0.7625548701434592,0.9506503681784946,0.870510072391739,0.918365603321939,0.7422575306578014,0.9369854052620166,0.7576462727878213,0.6754335112162428,0.918365603321939,0.7591375004288963,0.7849906623320984,0.7679533613871459,0.943467974097185,0.7793910081937736,0.8829981314675723,0.7591375004288965,0.7518751153717149,0.5067714743475993,0.6230783327213936,0.8318499427019322,0.9035653652248615,0.6827937197173921,0.9670487459541284,0.9545623789260471,0.8000490890639189,0.9113067123177236,0.6909347662936942,0.9369854052620168,0.9349426948340505,0.8040825160086584,0.9634222611466374,0.6385571149880809,0.7229232266022434,0.6928644475854293,0.9369854052620166,0.737610804298789,0.8567153354315402,0.30054851361100343,0.9369854052620166,0.8013966443800904,0.8264327167843053,0.9481608601832734,0.9200817943852444,0.9349426948340505,0.8651572299808084,0.9150048519840793,0.664685047591234,0.9928893498778073,0.8862566036435153,0.7713007349324419,0.6631026580139314,0.9369854052620166,0.9101213268023749,0.9369854052620166,0.9481608601832734,0.6218619424794773,0.8565137343618394,0.9532555825271782,0.9085306004621048,0.6813778305545801,0.8820580577672703,0.9038554657884541,0.9369854052620166,0.791892546485951,0.7779793350719892,0.6539721287468485,0.9763867292456673,0.8948693468634785,0.943467974097185,0.9069566644903915,0.9053985774691053,0.8963379163019165,0.8671016868583241,0.6928644475854295,0.8963379163019165,0.9038554657884541,0.2768611686598259,0.8578283462385068,0.8963379163019165,0.9532555825271782,0.9150048519840792,0.9390829980374291,0.8538210569780725,0.4844846382315795,0.9053985774691053,0.8218172303276942,0.8057785301589874,0.8948693468634785,0.9200817943852442,0.8934110566484073,0.9133573033767912,0.9349426948340502,0.9235944347702933,0.8848949240783068,0.4899761375635133,0.9414543417011054,0.7932609685518643,0.9248384182047,0.8862566036435153,0.5097716389336273,0.9390829980374291,0.9412414838519025,0.9096861238372791,0.8291533264596582,0.9101213268023749,0.5700561856043727,0.9973328560351505,0.943467974097185,0.9457709851868581,0.9254411628984052,0.9479529588566924,0.63434068697132,0.8978173148387738,0.9069566644903913,0.8936871448494461,0.5390879478827351,0.9053985774691056,0.9369854052620168,0.8218614226946035,0.5947513140471368,0.48430950440606546,0.9080787883543031,0.8890900887740751,0.9457709851868579,0.9358530937879614,0.9839224347982665,0.9150048519840785,0.9310020898787328,0.8943576075649569,0.7492373646390424,0.9221438014909655,0.7254082960040824,0.5601407473810649,0.8814804888453438,0.5372639715892494,0.9978452547778265,0.6695931602377215,0.9412414838519028,0.9390829980374289,0.8591451287364846,0.9101213268023747,0.7114537153441647,0.9049013665285817,0.8304398650868532,0.7590923384732138,0.9643019407444018,0.9843238957181939,0.791892546485951,0.9950286745612719,0.6404875132878718,0.9412414838519025,0.8252209280961138,0.9183656033219387,0.9457709851868581,0.8971490513732796,0.5725675080736259,0.9488974039091767,0.9506503681784946,0.8826561166564142,0.9481608601832734,0.7477544398129192,0.9457709851868581
p39_M,0.8370249407881594,0.838399414994053,0.8402398194588376,0.9832566743197297,0.92500133164067,0.621612242262904,0.9825071082476371,0.9970606770391874,0.857978233475194,0.5285188435298713,0.9516895132161818,0.9225701399051964,0.9225701399051964,0.7864978293432995,0.9848889533625503,0.9196178215097905,0.8653600582128309,0.8988405313927081,0.9383021271292231,0.7052575329880971,0.8339274444513161,0.9883783616664183,0.8661444446656797,0.5392085146352592,0.9847277353330188,0.8988405313927079,0.9612320790184805,0.9384986992079645,0.705257532988097,0.7670604780181195,0.8892617449664435,0.9846299338167082,0.9156114273620617,0.8801586131976928,0.92500133164067,0.9945610690582236,0.9274978432118415,0.9156114273620615,0.49760595730153656,0.9961208646930241,0.8514489788174839,0.9376689775178677,0.9443657603723179,0.9014098966864617,0.9612320790184807,0.9919930866166349,0.9801704643354423,0.8803629912326538,0.8968796530895526,0.8402398194588374,0.6000646044143432,0.8944968237169884,0.8988405313927079,0.9133880855304555,0.9156114273620615,0.9651931383855021,0.7538051251657454,0.9250013316406696,0.9195994438472579,0.9201981569430604,0.918075146123948,0.9398131209030187,0.9713162545723912,0.9047309153408,0.935457747299095,0.9888142197373825,0.9846299338167082,0.8571313391464273,0.8618389711756305,0.9945610690582234,0.7275781922057983,0.8968796530895526,0.97201754229775,0.984617019087539,0.9250013316406696,0.8574545423984332,0.9090636753073353,0.9112065483416407,0.9467930276088956,0.9936310971469994,0.7244467677874885,0.8347834320678187,0.9935052137263447,0.9350783929825497,0.9250013316406696,0.8088355852512339,0.9883783616664183,0.8134283037091108,0.7901178299305471,0.9225701399051969,0.9250013316406696,0.8496099180243021,0.8290260913415912,0.8965213887031274,0.9593818128282501,0.962237250161651,0.8309825061093522,0.8339274444513161,0.955771967929013,0.8562699197998582,0.9651931383855021,0.7192077201698136,0.9809662470451702,0.8741336456972615,0.9725477528841158,0.9383021271292231,0.7647496549144361,0.9341913810548067,0.9069566644903913,0.8756931331519452,0.8968160115722381,0.693910157453815,0.8171567659639392,0.8421765410117942,0.9300668284196518,0.8617022346808816,0.7142931652563074,0.49910845358077216,0.9443657603723179,0.790425426169032,0.8586391901019118,0.6949850731773968,0.9069566644903913,0.0,0.8988405313927084,0.6388783222720573,0.9274978432118415,0.8887083600515908,0.6662648810887067,0.972071287611145,0.8121302010293372,0.9300668284196516,0.9634568834621733,0.9443657603723179,0.9178801133263084,0.7529175869599632,0.8881222026718437,0.9634568834621733,0.9327167510955894,0.9201981569430604,0.8949264646755037,0.9412650880954538,0.7407789686331632,0.9513167995337415,0.6612973867092498,0.8680005631963956,0.89384426846483,0.9599379068036855,0.9247878765480753,0.992853823043562,0.9409091189323959,0.8612853521281922,0.7904637732499996,0.8245452201344512,0.9634568834621733,0.9325461471620269,0.7597609091750143,0.8731400424546569,0.9659225090813893,0.8447402387323254,0.672547193007931,0.9801704643354423,0.8347834320678187,0.992748716981732,0.9550554140410146,0.937750963028122,0.8209507889487279,0.9589131610834035,0.9935052137263447,0.9258230387913632,0.8848772518315144,0.9225701399051967,0.9300679213294081,0.9599379068036854,0.8283614393477394,0.939232585423377,0.6678852793677752,0.9573749170745656,0.9580385873686085,0.9578429391348555,0.8332701647360491,0.8608847680773006,0.999681644558404,0.8490048717580837,0.9041583339342789,0.9507506773867153,0.8127881547112792,0.6503339311169397,0.8797681649066349,0.9538390172168241,0.6795835089380445,0.9697053985844295,0.8478242437694838,0.9524198987259382,0.8831605748909077,0.9250013316406696,0.636170995026695,0.9201981569430602,0.7648485534083598,0.9689686377701761,0.8919315298783144,0.8946898694254276,0.9250013316406696,0.8754560239369928,0.8715520500906908,0.5285188435298718,0.9250013316406696,0.9859796853199195,0.9360968865539774,0.8323574432143277,0.8111595167276993,0.8877874242285112,0.9682551375725403,0.9250013316406696,0.8126862952154754,0.9250013316406693,0.906559021441278,0.9325215478625359,0.9477905328256983,0.9250013316406696,0.8176754985026669,0.9250013316406696,0.8711714831233923,0.8915893040116916,0.8140006252642082,0.8645124288918489,0.9196222638329763,0.9747717691648858,0.9201981569430604,0.9430450953185581,0.734020236076791,0.996740162882419,0.8552334293448844,0.9300447407182706,0.9327167510955896,0.851448978817484,0.8017157902665972,0.9117587329570798,0.9283468719361243,0.9054862779423514,0.8748756693307254,0.6919521954441414,0.8197810444731706,0.9201981569430604,0.9250013316406696,0.9948930575999828,0.9250013316406696,0.9132471386147594,0.8496288531646412,0.9327167510955896,0.9339138423549526,0.9747717691648858,0.6361709950266952,0.9640288864968831,0.9069566644903913,0.7940531662815096,0.9112065483416407,0.9080189266398189,0.619000448338233,0.8375809381824396,0.8105819580111953,0.8419156869552447,0.9225701399051969,0.9354577472990953,0.896632356015409,0.49760595730153656,0.7539434773645888,0.9296435117872327,0.9008268910150359,0.9024704228427967,0.852125068499719,0.8077173352988177,0.9187327021255977,0.934191381054807,0.853749386463107,0.9383021271292231,0.9358538610768818,0.884489706766073,0.9028404281797042,0.9371946904073194,0.9383021271292231,0.9787022394248479,0.9662985012189105,0.9026976644887871,0.9843169023487448,0.9504635334903245,0.9300668284196516,0.9117913875450325,0.9174892927014335,0.9201981569430604,0.9801704643354423,0.9300668284196518,0.9930100805596276,0.6678852793677742,0.9461040422097593,0.7857470667779494,0.8557494301578144,0.777235949479578,0.9383021271292231,0.92500133164067,0.996120864693024,0.7685209165200217,0.9634568834621734,0.9258894294912602,0.8811985038024087,0.9300668284196516,0.8968796530895526,0.9686885474691005,0.953518719878139,0.871328083938745,0.9225252776495383,0.8543547149475728,0.9968821388921407,0.9477905328256981,0.8345464838610641,0.9998220154184709,0.8859100247525031,0.5874317400159468,0.8801586131976931,0.849628853164641,0.8663080297186967,0.8695186279171856,0.9250013316406696,0.9327167510955894,0.6725696438284047,0.9713162545723915,0.9383021271292231,0.9354577472990953,0.8946898694254276,0.9250013316406696,0.9069566644903913,0.7804031632257749,0.9443657603723177,0.9268447565728173,0.990902109673691,0.8347834320678187,0.8596305180199362,0.9507377125104446,0.9358538610768816,0.8597301229817257,0.9156114273620617,0.9136576858801533,0.619000448338233,0.8801586131976933,0.927055352722217,0.9133880855304553,0.9856889499492387,0.9936310971469995,0.9828042461111149,0.8035136433289123,0.9647170394842246,0.9612320790184807,0.9225701399051969,0.9219135766451967,0.9555862071944341,0.9174892927014335,0.9007425924391652,0.9578915780663647,0.9250013316406696,0.78418386269463,0.683723531307899,0.9900414158962365,0.7462795582795663,0.9412650880954538,0.9474362202702882,0.9250013316406696,0.9250013316406696,0.6037894298958058,0.8347720624744088,0.9387941835520888,0.9250013316406693,0.7641704294741715,0.92500133164067,0.9504635334903249,0.8482212456214522,0.7645426310506959,0.9809662470451702,0.9206231796054518,0.97196429515404,0.8575841959228623,0.839447439635739,0.9250013316406696,0.8489877841645421,0.8449382097051867,0.9667304151873721,0.9021841855919219,0.9206231796054518,0.9366018552702047,0.9300668284196516,0.9362534332873753,0.9250013316406696,0.9950367801354184,0.9199701606580843,0.8368522699998651,0.8119728368641934,0.7331334754181322,0.8767692696970033,0.7458113902966335,0.9250013316406696,0.8996669749193114,0.7523046829843159,0.9250013316406696,0.8800817947263144,0.8977963391348951,0.8526518805255299,0.964206928676214,0.9258894294912601,0.9250013316406696,0.9566075639510582,0.9460214270083306,0.9566458605594931,0.9787022394248477,0.9123815441553154,0.9488661441906701,0.9224059250470904,0.8996669749193114,0.9300668284196518,0.8811985038024086,0.8323574432143275,0.9424686286719846,0.9808368986706684,0.7605055189999612,0.8323930928014782,0.9812071873217105,0.9327167510955894,0.9350783929825501,0.9250013316406696,0.9945610690582236,0.8703186663040023,0.9700575654549888,0.9516895132161818,0.9276398400468782,0.9201981569430604,0.9727147881494231,0.9270584362010044,0.9201981569430604,0.9268615921601944,0.97201754229775,0.9961255853556192,0.8456378887844855,0.8347720624744087,0.9383021271292231,0.9681857054103615,0.7641704294741704,0.9133880855304555,0.7898202606593749,0.9076488599512516,0.9883783616664183,0.9412650880954538,0.8894325248131472,0.9075611147669862,0.9436232402977911,0.9008268910150359,0.9090636753073358,0.8840472914094453,0.7693113560856037,0.8801586131976931,0.877639792469498,0.9142350746278696,0.9403227338586295,0.986904593173993,0.8863786272856533,0.8892617449664435,0.9373413118403433,0.9465614910610356,0.9714151437003636,0.9612320790184805,0.986842140439059,0.9044665901441022,0.8192909701727047,0.9028404281797042,0.9048830033154058,0.9600037494363556,0.8054126975365709,0.824973543933796,0.9097480434256693,0.8748756693307258,0.9201171871813778,0.7192077201698135,0.8148187834615364,0.8411207419511779,0.9339476391945684,0.986904593173993,0.9383021271292231,0.9499666595921489,0.8754557732340406,0.935457747299095,0.9694362836489427,0.9520639895971753,0.7353041611363145,0.9846299338167082,0.555367395509773,0.6731747000203377,0.9658855660745986,0.8714160325350084,0.9682551375725406,0.9225701399051967,0.8637198773190109,0.7933880750039255,0.9612320790184805,0.8610367451028638,0.9250013316406696,0.9354577472990953,0.9250013316406696,0.9250013316406696,0.9182160871777838,0.7516581686562227,0.7086153202868937,0.9250013316406696,0.9026810849845053,0.9518131327241139,0.8748756693307257,0.8209447719540568,0.8734303481946333,0.9172582782274843,0.639249523533248,0.7834154100189422,0.8704236397275067,0.7034892425039704,0.8413802673922981,0.9354577472990953,0.8783842798904287,0.9747717691648858,0.7873083094059599,0.92292047996746,0.9156114273620615,0.6351148051470574,0.7931101681828894,0.5790084880645534,0.9792442064729245,0.9300668284196518,0.8467228123373565,0.575390863358624,0.9008268910150359,0.9430450953185581,0.8634577788749922,0.9870548548281963,0.8612853521281927,0.9043065366688321,0.8819472699932516,0.9300668284196516,0.909063675307336,0.9274978432118417,0.9753785508082994,0.9003267064040636,0.9772208888564788,0.9327167510955896,0.9003267064040639,0.6919521954441425,0.9828746144245047,0.9331181345489767,0.8946898694254275,0.9667304151873721,0.9252584119301557,0.9443657603723179,0.9807777980692294,0.7731758626479488,0.6448582022807703,0.9848705527404968,0.8926496087949568,0.7933880750039254,0.8506700134220446,0.9250013316406696,0.9327167510955894,0.9384986992079645,0.8399176150739306,0.99836235477697,0.9719642951540399,0.9201981569430604,0.870001182681278,0.9551137937536224,0.9430450953185581,0.9217026731501117,0.9412650880954538,0.9988990117681966,0.9112065483416407,0.9902046097537575,0.9201981569430604,0.745811390296633,0.9862797486148691,0.8802394617762672,0.9847126547835199,0.898086017607248,0.8229889350297614,0.9930104020880655,0.7924212286828698,0.8801586131976928,0.9551137937536222,0.9112942170858788,0.9761033150294894,0.6463446365020215,0.9458421999117048,0.9274978432118419,0.8685844267055685,0.9773955008523827,0.9458613626737733,0.9225701399051969,0.9970606770391874,0.9364882753065995,0.9936310971469994,0.8397149465729948,0.9801704643354423,0.9722183203479302,0.8758757941461655,0.9008268910150361,0.7878243906088538,0.7404921700223717,0.9069566644903913,0.9843169023487448,0.9112065483416405,0.8490048717580836,0.9846299338167082,0.7456185272242692,0.9250013316406696,0.676982545939554,0.938747526760487,0.7967449243228144,0.8300272732580968,0.9250013316406693,0.8276633667988738,0.9888142197373825,0.9748649401197036,0.8855707623626499,0.8859100247525029,0.8237640628145639,0.9554717035947282,0.8516204607133304,0.8300791041563258,0.9683452658845412,0.7794812069687638,0.9414072100396405,0.9354577472990953,0.7834154100189422,0.7538051251657457,0.9801704643354423,0.7577970273297637,0.9443657603723179,0.8930282606473359,0.9908644354749632,0.9936310971469995,0.9133880855304555,0.9996816445584039,0.6048365617885301,0.7882802647586363,0.8540505230455009,0.9383021271292233,0.92500133164067,0.7340202360767908,0.8396317657444188,0.8910464000729714,0.9225701399051969,0.9327167510955896,0.9178801133263086,0.9225701399051969,0.9225701399051969,0.9616775150656098,0.9250013316406696,0.4751923669832806,0.7361112348249468,0.9250013316406696,0.9472303491045946,0.8787788901747262,0.9383021271292231,0.9300668284196518,0.7948012723473754,0.8300959558095686,0.9225701399051969,0.8146389457837508,0.8798763403380205,0.9048830033154058,0.8494345263887615,0.9250013316406696,0.9365801754513725,0.7192077201698135,0.9028404281797042,0.8774233101925586,0.9801868897476822,0.9491799890127762,0.6361709950266957,0.7430735167177855,0.997318103777229,0.9069566644903913,0.9250013316406698,0.8190182445530148,0.792356653685598,0.9565792149684766,0.7833349318296117,0.9112065483416409,0.949179989012776,0.8891213824756008,0.9300668284196518,0.9652185955408619,0.8955662910367919,0.9250013316406696,0.6988689831026907,0.8752367259256744,0.5285188435298718,0.9943460742396293,0.9178801133263084,0.9673445570347357,0.8239810645191492,0.9201981569430604,0.7723825998348774,0.9546208623608696,0.9250013316406696,0.9250013316406696,0.9753785508082993,0.850040708410263,0.7557039684713078,0.6952788117000288,0.9661110538140119,0.7996582257849203,0.9800602114919321,0.9097420887903106,0.9745110640206993,0.9905771220479469,0.9250013316406696,0.9895286698046499,0.9327167510955894,0.49760595730153656,0.9340991766849505,0.9383021271292231,0.8347400355596597,0.9250013316406696,0.9250013316406696,0.9707530812055186,0.92500133164067,0.8174113917817016,0.9090636753073356,0.967202098661337,0.9860042839547053,0.8993022629554104,0.8785401016887859,0.9908050543708039,0.9139229073706454,0.9250013316406693,0.8496288531646408,0.8981403899196907,0.9274978432118415,0.9383021271292231,0.93274583995075,0.8949402315494148,0.8083563732332852,0.7775575717654001,0.9274978432118417,0.81441691535506,0.9250013316406696,0.8484398110100146,0.5586114773645638,0.9047309153408001,0.8581013715350374,0.8242019412108892,0.879768164906635,0.9722658834711864,0.8844843124070516,0.935457747299095,0.8059382227955845,0.9993837631974395,0.8653600582128312,0.999822015418471,0.8855707623626499,0.8988405313927084,0.9084988956761151,0.600064604414343,0.9225701399051969,0.8406452729382574,0.9996816445584039,0.9667074951656032,0.9543028073850962,0.9443657603723179,0.8802394617762672,0.9443657603723179,0.9443657603723179,0.9671816160523485,0.8819472699932516,0.8466154872169023,0.92500133164067,0.9409091189323957,0.9090636753073356,0.9090636753073353,0.9529309088802671,0.9579335751547247,0.9225701399051964,0.929431210446216,0.8434187276799101,0.6361709950266952,0.6761549112125056,0.8783842798904287,0.8429515897465398,0.8078064705102512,0.9250013316406696,0.7979182076048257,0.92500133164067,0.7502502771378199,0.5285188435298713,0.9008268910150359,0.9028404281797042,0.9650884851297661,0.9250013316406696,0.8949264646755033,0.9807777980692294,0.7598188207099681,0.9195994438472577,0.8802775378985098,0.9068250949872636,0.9327167510955894,0.7374357371913984,0.8148187834615364,0.9172582782274843,0.986910819636516,0.8661444446656796,0.9089649313518366,0.8696248121856339,0.8661444446656796,0.8869338257310104,0.849832308499898,0.996120864693024,0.8685844267055685,0.7834154100189422,0.9725364471424871,0.9250013316406698,0.9225701399051969,0.9384807015480543,0.9564659311544542,0.9527184626217202,0.9929317365599544,0.9990820030461218,0.9250013316406696,0.9485316447822533,0.8664239882686189,0.9504635334903245,0.9250013316406696,0.9800602114919321,0.9156114273620615,0.9383021271292231,0.9048830033154058,0.9225701399051969,0.9681857054103615,0.8988405313927084,0.9817639561459055,0.7538051251657462,0.9224059250470902,0.9430450953185583,0.9889033213590953,0.9250013316406696,0.8930282606473359,0.9250013316406696,0.5553673955097731,0.866360909617597,0.8292256120116166,0.49760595730153656,0.9935052137263445,0.8852085027277561,0.8596279378142864,0.918363903192055,0.9250013316406696,0.9318770316361704,0.9743512767842568,0.9765785620362863,0.8892617449664431,0.874875669330726,0.9327167510955896,0.8892617449664435,0.7472184442808252,0.9686885474691006,0.8418271742558863,0.9604037313893874,0.9686885474691006,0.918363903192055,0.9327167510955896,0.8807086244169691,0.9686885474691006,0.49760595730153656,0.8988405313927086,0.9759790834075597,0.9695362100281009,0.894689869425427,0.7140026066694531,0.7223365150310428,0.8402398194588376,0.874875669330726,0.9430450953185581,0.8731400424546569,0.7107889121132289,0.9682551375725406,0.7340202360767908,0.8860626901603388,0.8520841110021097,0.9096965985089367,0.9929261139568685,0.9291084123474052,0.9042511808511334,0.8968796530895526,0.6361709950266952,0.9300668284196518,0.8821985066105542,0.9481225683626371,0.8930282606473356,0.9276398400468782,0.8530715715896549,0.9327167510955894,0.9354577472990953,0.7841619419217795,0.8911350110320608,0.9178159811254971,0.9652256526804024,0.8892617449664433,0.8209447719540566,0.945842199911705,0.88740734199408,0.9250013316406698,0.9073553270510151,0.9644128554156066,0.871416032535008,0.8530715715896549,0.8508175850056978,0.935457747299095,0.8351464176762522,0.7774802318042815,0.8988405313927079,0.9178801133263084,0.9723713853755612,0.9860042839547052,0.7906693243415909,0.8879052192410641,0.9112065483416407,0.9424851881258676,0.9682551375725403,0.7278424078278318,0.9100352466253516,0.9300668284196518,0.9274978432118415,0.9166715649446153,0.8930282606473352,0.9801704643354423,0.930523064809206,0.9288831419022742,0.9507795436722066,0.857458324101998,0.9201981569430602,0.9739847861243639,0.9778050395375548,0.9117587329570798,0.769311356085604,0.983664892841698,0.8347834320678187,0.9354577472990953,0.8418271742558863,0.9376689775178677,0.6846522352224136,0.5285188435298713,0.8307902358986594,0.5553673955097731,0.9991890229849818,0.9354577472990953
p39_SVITFH,0.8759304882565262,0.7673494041985988,0.9789831466428031,0.8573895994669336,0.9314886672615055,0.9840677331869967,0.9027739484084254,0.9913634132918798,0.8702630231263386,0.9463456194504827,0.9503578662718964,0.9784534179462063,0.9292677720165115,0.9633074212540201,0.9744481906741294,0.9933429596111355,0.9349950396117983,0.9363507779349362,0.9436389526644005,0.926800095107445,0.9841561006680397,0.9169296077473637,0.8814579798418161,0.9859653849226513,0.9150048519840792,0.9075907590759071,0.9716572732363806,0.9206037147937578,0.9902272378284809,0.9556544189336434,0.9924458838377673,0.9385367079941818,0.9229109835440807,0.8905248145511357,0.9672736044508083,0.8746515668023194,0.9337692322192532,0.8036983259533204,0.949178085609155,0.8254042372746634,0.9898664497675986,0.9094052998937732,0.9840677331869967,0.9471227957381576,0.9349950396117985,0.901712745970621,0.9361160018916066,0.8657807842755787,0.9057994954598185,0.8540589702876249,0.9944277784719997,0.8031577281411417,0.9466053748231964,0.9208799593226007,0.9229109835440807,0.9068863387241245,0.9040300914457235,0.931488667261505,0.9105864773021777,0.9771467307855514,0.8732840781850193,0.9788788900027321,0.9466053748231966,0.8642985447139286,0.9410406098239261,0.9647508396242381,0.9496811510501821,0.8774820208056915,0.8849780498541329,0.5718024325801858,0.9318380992827058,0.902203170779097,0.9314886672615055,0.83363622820067,0.931488667261505,0.9549391496582185,0.869589803466746,0.9188871236697296,0.8287559736133523,0.8505593707793002,0.9624721270225209,0.8466288346254214,0.9740280269133126,0.9075907590759074,0.931488667261505,0.8753730319516108,0.912285921223924,0.9777991602079281,0.856962905032647,0.9292677720165115,0.931488667261505,0.9511568327978744,0.9532464749575043,0.8617852230983503,0.9892338402162022,0.9873059868726242,0.8464354527885214,0.934325805877885,0.7570723931408849,0.9777018902388587,0.9796635193777843,0.8481125351096355,0.9821075314053485,0.9770875186714552,0.8726593434678378,0.9436389526644002,0.9093644292573355,0.9013096109447398,0.9150048519840792,0.8143379296441442,0.7562373866524387,0.8526038609382819,0.78369326171423,0.902430585469451,0.9361160018916066,0.7511852659177243,0.6337334171362556,0.9436389526644005,0.8505593707792998,0.8567060691516408,0.9148306285598002,0.885856112356787,0.9150048519840792,0.8988405313927084,0.0,0.6701151105328302,0.9337692322192535,0.871071041661533,0.9231752901944044,0.8836079670195757,0.8283808154149455,0.902055400859325,0.9496811510501819,0.9491780856091547,0.9249834296604702,0.7898029257695206,0.9671713288535193,0.9944277784719999,0.9944277784720001,0.974977116619623,0.9997349153457663,0.9463456194504827,0.7632014178211766,0.9205022430190768,0.8799804102418352,0.8794184279003856,0.9395134363314754,0.9256009930863665,0.9057994954598185,0.826463007459607,0.8633729523864083,0.9955667899073475,0.9253327005854157,0.8923529322982766,0.9496811510501819,0.905799495459819,0.9718898569336589,0.9854156251232377,0.855130370362331,0.899170193134516,0.864692101710743,0.848112535109635,0.9273376672788166,0.8865350450225613,0.9948744677261986,0.9539119155583538,0.8467545258723406,0.9226325469213177,0.9157575744752317,0.9775039920556008,0.8220836588712381,0.9784534179462063,0.9418468054117539,0.8202838247630335,0.9455399698608216,0.9651334427679326,0.9436389526644002,0.9764465372762705,0.9700209662815031,0.9008987820381835,0.8809736567579463,0.9589646102962995,0.717802768893973,0.9292677720165115,0.9484801703544814,0.8879905184868349,0.8326297792476778,0.9560841968775993,0.9208799593226007,0.995570386402843,0.9271009640247969,0.9304071958786946,0.9496147604495458,0.9558759674139432,0.8821504983703238,0.931488667261505,0.9337692322192535,0.9271009640247971,0.8951634300459381,0.9025967868257861,0.9931905395122682,0.972360936124099,0.931488667261505,0.8280004975930825,0.9123437623886534,0.9902272378284808,0.931488667261505,0.8887800059829346,0.8856988418635354,0.9819593334682359,0.9288703169797028,0.8856921402460345,0.9292677720165115,0.931488667261505,0.9311152600754125,0.9314886672615048,0.8343984102171071,0.8273198851403133,0.6973887443604514,0.931488667261505,0.871071041661533,0.931488667261505,0.9847021946796474,0.9056384037386231,0.812930679089475,0.9618053484818471,0.9361160018916064,0.9085436213669946,0.9271009640247974,0.9131105611405985,0.9169296077473639,0.8210091425091597,0.8288047491013348,0.9245814746860737,0.9944277784720001,0.8731984453528208,0.9355806443675592,0.9881021133307766,0.8798540485649632,0.8856988418635352,0.8856988418635352,0.92498342966047,0.9127278241703741,0.9749771166196228,0.931488667261505,0.8687627046182604,0.931488667261505,0.9047369481773042,0.9845673523422018,0.9385367079941818,0.8368727250734078,0.8868276519785262,0.9337692322192532,0.9167311028995664,0.917534469484553,0.9484806751410749,0.73243284950794,0.8128142530789666,0.9361160018916066,0.9710084955347882,0.9710084955347882,0.9291719727260648,0.9292677720165115,0.9991226281223797,0.9827687073367456,0.949178085609155,0.9796222466236468,0.9976671932161753,0.9490704397550973,0.900999477648325,0.8873965595759468,0.9385367079941818,0.9363805411157629,0.9895108476873085,0.7874328071944496,0.9436389526644002,0.8143379296441442,0.8841133455738348,0.8466288346254212,0.9254951853340941,0.9436389526644002,0.9418542354962318,0.9483472258134429,0.7104672803853513,0.9634307889050399,0.892695540062629,0.9361160018916064,0.9051352246392365,0.8056691765001693,0.9771467307855513,0.9361160018916064,0.6862839378605672,0.8347024503330016,0.9352213936467461,0.8156905915853596,0.9712472909365182,0.9395995359839612,0.9988078450854883,0.9352213936467461,0.9672736044508087,0.9790021042835307,0.8335182730010736,0.8937900805723633,0.7989387765735068,0.8917796312811821,0.6323410721108769,0.940602637531314,0.8872955140291618,0.8948295345019395,0.9092575998972448,0.8707246235926533,0.9661710573859785,0.9969065064235919,0.8921951707088795,0.9687407913791506,0.7999458096653719,0.9003351095025167,0.9902272378284808,0.9391918847741745,0.9186550120230905,0.9024305854694509,0.9900588676412958,0.931488667261505,0.9385367079941813,0.9223933301348367,0.9856199905704857,0.9436389526644002,0.9427953535791664,0.7264327064756255,0.931488667261505,0.666343451687501,0.9436389526644005,0.9840677331869968,0.7404625210046392,0.9029279424388117,0.9112446674143933,0.9385367079941818,0.9342011263032906,0.8249627583218822,0.956870021616921,0.922910983544081,0.9378884960817074,0.9900588676412958,0.9732485449091124,0.9228659261760035,0.9208799593226007,0.9427716030828814,0.8505593707792999,0.9445911251806223,0.9051352246392365,0.9394445929137274,0.92498342966047,0.9784534179462063,0.9318380992827057,0.8321126887296129,0.78369326171423,0.9173273162736986,0.91100904989906,0.931488667261505,0.9693213286682993,0.9225786753593272,0.995523963715641,0.9763971782961418,0.9463456194504827,0.954234683838113,0.931488667261505,0.931488667261505,0.9057994954598185,0.9604792822548722,0.8760167272411672,0.9314886672615048,0.9902272378284808,0.9314886672615055,0.9307747569588932,0.9763704274834926,0.9558759674139432,0.8154170120192794,0.9329075599064767,0.8268936857095678,0.9089205277093817,0.950688801185759,0.931488667261505,0.8708076181570896,0.9539119155583538,0.9593265323629796,0.8544017641907138,0.8882873058668224,0.9754822962178561,0.9900588676412958,0.7685922187366285,0.931488667261505,0.7056440401306352,0.9856199905704854,0.9790563865322042,0.9808277033867895,0.9859653849226513,0.99849623165068,0.8492634410370867,0.931488667261505,0.9973253556379068,0.9783293295163953,0.931488667261505,0.9329075599064767,0.9849772444622877,0.8895879653495607,0.9169742063084649,0.7551406423489795,0.931488667261505,0.9284147475133251,0.9789659398551364,0.8266313169822587,0.9162815282574738,0.8283955190823629,0.9056384037386231,0.8763348124829184,0.8830921577214085,0.9900588676412958,0.9634307889050397,0.8468584144181488,0.8403716880382992,0.8251338051460984,0.8900442151496589,0.9481064030957835,0.9131105611405985,0.9385367079941815,0.9466053748231966,0.931488667261505,0.8140817399578927,0.8968738879834461,0.8802633263996162,0.9188871236697296,0.9768086827916644,0.9271009640247974,0.7691511456926947,0.7530538515603589,0.9271009640247974,0.9503578662718964,0.9314886672615055,0.7673494041985991,0.9546539218696092,0.7989440267357064,0.9436389526644005,0.8161240709434594,0.9463456194504829,0.900965391260942,0.7581991044312649,0.8628903731451973,0.9976781567382803,0.9463456194504827,0.9201997389110886,0.8872955140291618,0.9931905395122682,0.9490704397550973,0.9169296077473639,0.8925584779567075,0.9361160018916064,0.9926947949559497,0.9898664497675987,0.9372983697814679,0.9919535000677884,0.893465545817623,0.9939428696246877,0.8988405313927081,0.9169777028838372,0.8886727829354459,0.9463265979039874,0.8416473524599772,0.8598759799880855,0.8708270767733415,0.9307747569588933,0.9676920836055142,0.9225442716453334,0.9130060600412729,0.9067728629191052,0.8689934495087093,0.9112446674143935,0.9165641371791309,0.8424798490915246,0.9020554008593249,0.814618834533186,0.9942667398101893,0.9763971782961418,0.8934655458176233,0.7535119131134658,0.9669996831954379,0.9931905395122682,0.99912262812238,0.7463142775602835,0.92498342966047,0.8416473524599778,0.9944277784719999,0.9436389526644005,0.8112565758885603,0.8091067808672328,0.9882928699051271,0.9292677720165115,0.972360936124099,0.7840366262887133,0.9401972904246755,0.92498342966047,0.9457553692769327,0.931488667261505,0.9991226281223797,0.931488667261505,0.931488667261505,0.7777576951818785,0.9131105611405987,0.9926947949559499,0.931488667261505,0.7429494188247934,0.7811388502627221,0.8506517968600198,0.9674051132083059,0.8444921237632413,0.6910325009447655,0.9304071958786946,0.9284324089745186,0.7840725527723569,0.849263441037087,0.9369801151017116,0.9410406098239261,0.9562533908075042,0.982876531690664,0.8774820208056917,0.8988405313927084,0.9684760986278473,0.974977116619623,0.9703184545545012,0.9410406098239261,0.9973253556379068,0.9900588676412958,0.9873059868726243,0.9169296077473634,0.9319341406609303,0.9636305634488505,0.8660307385856432,0.9329075599064767,0.8732840781850195,0.9131105611405985,0.995523963715641,0.9361160018916064,0.9169296077473639,0.9618384623739507,0.9201801104717734,0.8071305231050052,0.8939815687035445,0.938536707994182,0.9751299885056453,0.9249834296604702,0.9935697940021136,0.9061503848842776,0.7756183524053204,0.8724689982477942,0.8790194416047462,0.9491780856091547,0.8447202843949542,0.9794205552761557,0.8985975567963895,0.936367920771755,0.9976781567382803,0.9364712649059634,0.9208123461100257,0.931488667261505,0.9385367079941815,0.9461634821478583,0.9314886672615055,0.8224380100831482,0.9596257255045415,0.9771467307855514,0.9005517611723417,0.978878890002732,0.9225442716453335,0.7803773639673834,0.9463456194504829,0.8424798490915247,0.8196028562135226,0.8694094828745951,0.9271009640247974,0.9859587862883861,0.9272887707692243,0.9516111821826463,0.8869832509521188,0.8179592030546554,0.8906707345873253,0.9689003571137191,0.8401356041885018,0.8710785645042982,0.7948723265313882,0.8467545258723405,0.9350783929825499,0.9268000951074445,0.9987351912497631,0.9859653849226515,0.8273198851403133,0.9582672611526475,0.8835104920677508,0.9292677720165115,0.8604301216710664,0.9378884960817074,0.9491780856091547,0.9411130790945621,0.9559982666090147,0.9899281062556811,0.9128552813832626,0.9887355796164214,0.9847054942282475,0.9713162545723915,0.956870021616921,0.8917796312811822,0.9188871236697294,0.9784534179462063,0.9944277784719999,0.9491780856091547,0.931488667261505,0.8370219043693605,0.836215492665295,0.8276450912861086,0.9610688937127851,0.9314886672615048,0.9447389879098054,0.8560941187730408,0.9038547561156012,0.8954688163631979,0.9905513686310499,0.9233305189529458,0.9186684266921246,0.9626244591322239,0.9395449643646787,0.9127211763009062,0.798555937925866,0.9814512361213982,0.9410406098239261,0.9820630344910946,0.9418468054117539,0.7941696693599458,0.9516111821826463,0.9173135519831479,0.7996090066464221,0.9771467307855514,0.9491780856091547,0.9208799593226005,0.7178027688939725,0.9314886672615053,0.9819934861315971,0.9421854031807242,0.9436389526644005,0.9314886672615055,0.9596257255045417,0.8831237709590274,0.908434112134825,0.9784534179462063,0.8937900805723638,0.9816688831877091,0.9784534179462063,0.9292677720165115,0.9245814746860738,0.931488667261505,0.92498342966047,0.878531568089995,0.931488667261505,0.9676920836055141,0.9632366842045734,0.9436389526644002,0.9900588676412958,0.9991226281223797,0.9337692322192535,0.9292677720165115,0.9258967674814731,0.832629779247678,0.9131105611405985,0.8085823718930643,0.931488667261505,0.8168658457553146,0.9900588676412958,0.9273376672788167,0.973263720205334,0.8763348124829182,0.9957912204911729,0.8574461569671549,0.9150048519840792,0.8176956267004644,0.9150048519840792,0.9672736044508083,0.984567352342202,0.9984197395506036,0.8988405313927084,0.8514438032339182,0.9503578662718963,0.8746515668023194,0.9441989622120353,0.9361160018916066,0.9710301515920157,0.8331954723043298,0.931488667261505,0.9166547403069656,0.8943631902698829,0.9463456194504827,0.9212127529864855,0.9716572732363804,0.906772862919105,0.9680660197747415,0.9271009640247974,0.9794742730374264,0.9703184545545012,0.931488667261505,0.931488667261505,0.8223268384945777,0.9788788900027321,0.8328887736004493,0.8447202843949542,0.8611574509681619,0.9834082217280414,0.7330086294414949,0.7955448608690556,0.9715992805222543,0.9686308603165106,0.931488667261505,0.957923341102265,0.9385367079941815,0.949178085609155,0.8883793766163804,0.9436389526644002,0.8401220832245642,0.931488667261505,0.931488667261505,0.8470864652874597,0.9166547403069656,0.7928530142769723,0.912285921223924,0.9528702406083659,0.9898664497675986,0.9395449643646789,0.6981964387306528,0.7767109293836365,0.8006216655779698,0.9314886672615048,0.9824764774982422,0.7761767327353337,0.9096423096705529,0.9436389526644005,0.8829397474816768,0.9066941736722449,0.9938752217346227,0.8889039599111503,0.9337692322192532,0.6827808789389952,0.931488667261505,0.7887023983633972,0.9562533908075042,0.8642985447139286,0.7658623981732471,0.9595382222553481,0.9208799593226005,0.9020872579511305,0.8642091596793572,0.9410406098239261,0.8227244392370432,0.8386326542243676,0.9716572732363804,0.9902272378284808,0.8573895994669336,0.9466053748231964,0.7698039090034989,0.9385367079941818,0.9292677720165115,0.8326266896887442,0.9796635193777841,0.9165641371791309,0.9667091798660511,0.9491780856091547,0.9845673523422018,0.9173135519831488,0.9491780856091547,0.9522281823129655,0.8921587537070732,0.8598831469664707,0.9314886672615055,0.9463456194504827,0.9169296077473637,0.9169296077473634,0.9089205277093816,0.9229109835440812,0.9292677720165115,0.9068863387241245,0.8851446183863336,0.7530538515603583,0.9431040479626482,0.9090477473997874,0.7616769526263931,0.7315983196574265,0.931488667261505,0.9511568327978744,0.9821075314053485,0.8035132498254285,0.9463456194504827,0.9094052998937732,0.9919535000677886,0.9550405999652745,0.931488667261505,0.7584416088295451,0.8227648867592128,0.911244667414393,0.7381271605259623,0.7887023983633972,0.7698039090034989,0.9385367079941815,0.8047993530669153,0.9992266997269114,0.9357257392476337,0.8865350450225612,0.9636305634488506,0.8642121549286506,0.8505593707793,0.9225442716453334,0.9821075314053487,0.9207375472439379,0.7870047705224466,0.7826074507426821,0.9223933301348366,0.9027719944026336,0.7647981478754355,0.9784534179462063,0.8100940921088207,0.983029863603313,0.8830921577214086,0.7421826970750163,0.8841666480907984,0.931488667261505,0.7582373474428414,0.9639731787319761,0.7867777182755424,0.931488667261505,0.8070686869526495,0.712568095785787,0.9436389526644002,0.840371688038299,0.9292677720165115,0.7406426144392222,0.9466053748231965,0.9763704274834926,0.7178027688939725,0.9696475261641204,0.7992853962347821,0.8546340718497016,0.931488667261505,0.7996090066464212,0.931488667261505,0.9436389526644005,0.9068249525754628,0.8439974845602787,0.949178085609155,0.9740280269133126,0.9382724180793294,0.9020872579511305,0.9986133618497158,0.931488667261505,0.9315876745726859,0.9738676544724697,0.9636004541301688,0.9350783929825499,0.9824764774982424,0.7261168691389089,0.8988405313927084,0.8971465330611363,0.9539119155583538,0.8555090199358881,0.8187385943673413,0.9539119155583538,0.751471777679847,0.9385367079941818,0.9395995359839612,0.9539119155583538,0.949178085609155,0.9075907590759074,0.9337692322192535,0.912727824170374,0.9292677720165115,0.8971465330611363,0.9112446674143933,0.8540589702876249,0.9824764774982424,0.7992853962347819,0.8841133455738353,0.9057994954598185,0.9784534179462063,0.9596257255045417,0.922665924255976,0.8954688163631979,0.8958900308870176,0.8660694458227565,0.9129523252750888,0.9992482359421454,0.9022031707790973,0.9337692322192535,0.9559982666090147,0.8968738879834464,0.9415080450937074,0.9022812459376928,0.9114001619273787,0.9245460758162976,0.9496811510501815,0.9410406098239261,0.9571410971577048,0.9005517611723415,0.9189231840985459,0.9562533908075042,0.9350783929825499,0.9199813438542368,0.9987351912497631,0.9598093595575028,0.9672736044508083,0.9918548444079669,0.9829976563609919,0.8268320340133398,0.8657807842755785,0.9381982040717407,0.99912262812238,0.83702190436936,0.9354106706034486,0.9075907590759071,0.9249834296604702,0.8790194416047465,0.9517995480250123,0.9532321256916452,0.9806747634986939,0.9188871236697296,0.9291719727260646,0.9231752901944041,0.9979116477989171,0.983407270509489,0.9361160018916064,0.9859653849226511,0.8468584144181488,0.9022812459376923,0.902055400859325,0.9207375472439379,0.8401356041885015,0.9661176394865516,0.9749771166196228,0.9749771166196228,0.8644080036575763,0.8062744182987238,0.8687627046182604,0.7402268036102564,0.9549019054944325,0.8869832509521192,0.9410406098239261,0.8555090199358881,0.9715992805222545,0.9337692322192535,0.9463456194504827,0.8454267695073419,0.9957912204911729,0.9778362162012755,0.9991226281223795
p39_W,0.9892564050840864,0.7672967752903377,0.9607079069567479,0.9028538097082639,0.8205834610107536,0.8185746204202073,0.748966618018585,0.7979969985030774,0.6067204621490474,0.8438814653687015,0.8321323456804643,0.8130508058152967,0.7855851230478148,0.6268418870768073,0.9410027877859193,0.9883946210706629,0.8364561980935206,0.9813074005170239,0.9340917055261457,0.8792997209978723,0.8132426037306952,0.7511369233144627,0.9880779916993756,0.851008024549206,0.7900935967596578,0.7198742838044131,0.7322039141627656,0.7141508283610298,0.8438814653687021,0.47583869369093845,0.7742913096035949,0.8761027064510567,0.791759353586471,0.8392990114146903,0.8488494650114393,0.7988008809007463,0.8218612492098365,0.775693537750211,0.8185746204202071,0.6851632001502832,0.9469562077295824,0.7475241622903394,0.8832165619961238,0.6980284018342008,0.8885823400588984,0.9315424154585299,0.8020674121309703,0.6095406998163493,0.6637206115185432,0.5576001375870865,0.8430068540646947,0.8272087547071083,0.7416603768637973,0.8419090782082241,0.7663154060180404,0.941369536597632,0.6996384965197506,0.7554264789789613,0.5433027354710231,0.8199664945771146,0.6500202217245696,0.890760448401124,0.996906506423592,0.7840851943575229,0.7895252496742999,0.5948084548091686,0.8430068540646951,0.9454293867259395,0.8107197796804871,0.8664462932134456,0.6209076994370375,0.8859850272149177,0.8488494650114395,0.49210695501635604,0.7554264789789613,0.9884216668297846,0.9627605757897474,0.9538235274145124,0.6021885725279594,0.8185746204202076,0.9974999998918687,0.8859671684957142,0.6449871144346382,0.7416603768637979,0.7554264789789613,0.6034064933500012,0.9418719239116562,0.5564785232466208,0.9772266493432944,0.7474982699049919,0.7554264789789613,0.5256313020285996,0.7554896689229906,0.6864097358508281,0.8501359711422762,0.9638638022300519,0.49940271878146625,0.8891099308847698,0.5122206275536176,0.49477850247252597,0.8052243691322853,0.771945257379407,0.7554264789789615,0.6930126511300276,0.5176867913216829,0.7988008809007465,0.5530775998398336,0.4883210702089914,0.7423490716619214,0.5648756940016935,0.48859961686548803,0.743040758864272,0.4933078412264147,0.5640253804603599,0.7719452573794077,0.4416361115156472,0.7672967752903377,0.8326235870570966,0.9950448685899994,0.459989838154766,0.842286166933071,0.4482004987191739,0.6965821304439737,0.6388783222720573,0.6701151105328302,0.0,0.7635676985310984,0.8206072651048508,0.8024296354399563,0.9600248912759577,0.4797603950206566,0.8967110403534024,0.7805867564015285,0.8459404597981649,0.7582669851454544,0.8138866809541538,0.8984057299037773,0.9366370005594447,0.8117968052331115,0.7664975934600429,0.8433149826805335,0.8084632097395303,0.3572094219229066,0.7348395418412239,0.4887779864518198,0.6344737938910214,0.7183583612335013,0.5477982418015672,0.8216572613196979,0.607644971090443,0.8084632097395317,0.6841620745418906,0.6537672184431276,0.6023082164629718,0.9678470493910278,0.7358869067927383,0.5737897170530173,0.9765583745202523,0.9648153153556749,0.4782112832942569,0.414525311234911,0.9225560311372207,0.8408986703131247,0.7049613262967437,0.965072180202524,0.6162642042220312,0.9349788509469907,0.9390340829099755,0.9036854008085595,0.7833061545806643,0.9028538097082639,0.8848266837424019,0.7935493149400847,0.49760123546186374,0.7742047607081607,0.7457115223535173,0.9002689993697957,0.9109027323870094,0.8074255797061027,0.815430429109443,0.9963314595112616,0.6818248765345721,0.868575892699806,0.9229135368852244,0.9690711684228627,0.4290124652449441,0.5003230529507283,0.9778743986084762,0.7175552400117464,0.7726158729029091,0.9536387473697907,0.7410605313220773,0.8294541466160634,0.5537030396474718,0.8549229124242879,0.7554264789789613,0.9093015752279445,0.9001698462527203,0.8982337256218054,0.9466477971233129,0.6974461891711335,0.9503792196527063,0.7554264789789613,0.9920031827396486,0.5658574163034442,0.8084632097395308,0.7554264789789613,0.9907664455285079,0.7087210088939414,0.6413907596453412,0.8441994631629886,0.863899912953414,0.7474982699049921,0.7554264789789613,0.8140885763755009,0.7554264789789614,0.7479692108045792,0.9670966931602389,0.9211833715253556,0.7554264789789613,0.5626148320484621,0.7554264789789613,0.7741003292816968,0.7926637934080042,0.5976646217937829,0.9948413456308378,0.7719452573794068,0.47677043444083944,0.7932320440185783,0.7815915804926306,0.9627605757897475,0.7524973539723272,0.7347838870920318,0.934386653927628,0.9990570982226108,0.7924501708751215,0.9989268958984259,0.902053086963867,0.9867565349934571,0.8927510643551079,0.6535119922555904,0.9928346239896537,0.4482004987191739,0.8859545492789977,0.7554264789789613,0.6854726312626968,0.7554264789789613,0.4758440662970639,0.5919647803536194,0.8136826087878908,0.9742881382500803,0.4403912887609456,0.9093015752279443,0.7397759462588545,0.860227196496421,0.5154648962046342,0.856470582027274,0.5276223777000593,0.922556031137221,0.5797223779343947,0.6305902421762918,0.7001174780338234,0.7474982699049919,0.918573315865616,0.7427514373068309,0.8185746204202071,0.4834956521569125,0.9273575963570586,0.875936866389156,0.6116207677479522,0.5545839044351473,0.9990570982226108,0.681812053809143,0.768768276292429,0.7471411243880881,0.7988008809007465,0.4641669131011156,0.830846110974777,0.7507616739479452,0.8733396723952502,0.7988008809007465,0.6709612821603514,0.6105215160919706,0.8219587423920871,0.8267183723804721,0.6859872990692619,0.771945257379407,0.9895432320620214,0.4933078412264146,0.8734353956941852,0.8665888856018398,0.8020674121309699,0.5425002224095883,0.7988008809007459,0.5667925722147675,0.7530069239897833,0.9215730252040889,0.9239916459733155,0.9340917055261457,0.7554264789789615,0.7494909660455029,0.7397631429015088,0.780586756401529,0.4848460723618583,0.8105480259632002,0.8623117216340954,0.9717553817418775,0.9187462350717612,0.6299607817419739,0.8225709314941302,0.6912714256919674,0.5827086497263272,0.8880843869450161,0.7605113085001776,0.55728294142054,0.8084632097395319,0.6906830053821915,0.8084632097395317,0.780350418533557,0.8559450532628738,0.8269126753370075,0.9569553498565281,0.7554264789789613,0.8136826087878907,0.6148058964719827,0.6701151105328302,0.7988008809007465,0.9185733158656161,0.802429635439956,0.7554264789789613,0.7199599970228945,0.9982628821611542,0.8185746204202076,0.8171834574416934,0.873406490556024,0.6831589266740612,0.969732852945806,0.610313350499812,0.704985644469114,0.9537386628121047,0.7663154060180417,0.6848536871722304,0.8924338763856585,0.7822464259069275,0.7837821530802065,0.7601586395630477,0.7582931242352466,0.9304029270140834,0.49054015112159,0.6091926620102681,0.5046134865221268,0.7582669851454547,0.7474982699049919,0.9324646242944938,0.6132598138821292,0.4810363036136205,0.4370377719442158,0.6486589719517948,0.7554264789789613,0.5484496413948732,0.9640958177620973,0.6727455519907513,0.7726447194365706,0.837354233968765,0.6533683595918964,0.7554264789789613,0.7554264789789613,0.9853594409946427,0.8754006004951062,0.6183814127537672,0.7554264789789614,0.8438814653687023,0.7554264789789615,0.6465570244076255,0.884786705529159,0.6266292995833056,0.89675649898239,0.6528003047376609,0.7511369233144625,0.7239052918194293,0.6048502436164804,0.7554264789789613,0.9549833145226005,0.6162642042220305,0.48695596319467704,0.5950224012405023,0.792585134263784,0.48409837280958135,0.8665888856018397,0.42211752970709104,0.7554264789789613,0.5484037436783313,0.9533343203048237,0.7341913460109797,0.9761115824975188,0.9675951259066833,0.7933914420668358,0.7248056426133496,0.7554264789789613,0.8623048654708161,0.7647134293535267,0.7554264789789613,0.9078759453230943,0.8552926068346292,0.936201475638125,0.6546923276770382,0.4359315714874388,0.7554264789789613,0.77693806014224,0.7049473498273793,0.9192592205454482,0.470841601301883,0.5434003709692481,0.706577134624825,0.6598639857915176,0.6433320220715353,0.7719452573794077,0.8913997580495601,0.5659492580835055,0.8733633188067396,0.5701702011022196,0.7052874179849433,0.9670764382534858,0.8274774496496851,0.7805867564015283,0.7136872966515986,0.7554264789789613,0.9340917055261457,0.9559985218376243,0.765684924729545,0.8271323454642017,0.7760113363937309,0.7932320440185787,0.8475369365793294,0.8801547998885755,0.7932320440185785,0.8321323456804639,0.8402244909810186,0.9165213811261108,0.956610322550856,0.6208241401060348,0.8291493513794044,0.5282091045261079,0.9855544878853839,0.9093832453988209,0.804534515071158,0.760675456652172,0.8703462986877086,0.8438814653687023,0.8906628881566978,0.7327504107892782,0.7742465048446852,0.8759368663891558,0.748183700117907,0.981326667658579,0.9828003406403463,0.7822464259069265,0.6784404615146806,0.8284618251201613,0.8408986703131247,0.7677980930203168,0.9488235271982494,0.7135847197976277,0.38327147636736925,0.591506315286245,0.7453941250214564,0.9407084820242759,0.6846261596100149,0.5665125996642626,0.8999948169835533,0.7985533442261596,0.8045345150711578,0.6548216797810928,0.9538235274145124,0.9857598712245419,0.843621842408749,0.720785819176438,0.4685959434051592,0.7719452573794072,0.9392315085671863,0.8793222362539459,0.7350362247506668,0.7677980930203174,0.9982628821611544,0.574302500081296,0.8217537905791764,0.8868257278276614,0.8022600285045149,0.7582669851454542,0.8885823400588986,0.8761027064510568,0.8326235870570966,0.6793493821427017,0.6861517537116301,0.9144150494825054,0.8024296354399558,0.9778449024201883,0.714561059009963,0.9648371109743631,0.7582669851454553,0.7207379814860574,0.7554264789789613,0.7895252496743006,0.7554264789789613,0.7554264789789613,0.3954669053043314,0.6898198421785215,0.6472277190154432,0.7554264789789613,0.6511446935928928,0.4644063518712622,0.8312038524531385,0.7677839011073422,0.9549833145226004,0.7394640260586518,0.6712016660459204,0.7314261418495365,0.42249350174276135,0.852025380455502,0.9582450662050503,0.8868257278276617,0.7008363549607667,0.8805313252143661,0.6782271235053172,0.6388783222720575,0.868091196291762,0.9001698462527203,0.6304856114754378,0.8868257278276614,0.5476488390152161,0.7719452573794077,0.7177510149491277,0.918030048837007,0.8759368663891567,0.9201502699865154,0.5115817004013032,0.6727695660985358,0.6158783689072498,0.8513214662509334,0.9036255995027824,0.8063445760987142,0.8465044236130597,0.7927144738704677,0.8595153289910877,0.5225571906491595,0.935444658531503,0.9054269517278613,0.9681758778706107,0.7843300561281441,0.8375766131094855,0.729666337574316,0.829895318207438,0.5475834448735639,0.9036854008085595,0.8185746204202073,0.6413833807648377,0.5412356966517214,0.9480065975507066,0.6532511929745797,0.7749787983891119,0.8959677839478197,0.7990732363101843,0.7554264789789613,0.7805867564015283,0.8257483229305191,0.9619134810141818,0.9156571088624683,0.8435512004165016,0.8324856481619272,0.6860168857761666,0.6670521982540194,0.8504203842282123,0.4584856262551358,0.8373542339687652,0.5416267687042633,0.9488235271982494,0.6199324292239426,0.7932320440185787,0.9283572231607942,0.9915254379391816,0.7023828136303214,0.7282274248566507,0.9765472234474979,0.7145386198585265,0.6050374202851263,0.7146345878365588,0.8564205325439076,0.7138855070631815,0.7662930686719271,0.8147623694742396,0.8084632097395317,0.8368493299174995,0.8575242220571019,0.877406149692326,0.80209287664025,0.8903572218086139,0.7749639526724739,0.6152113410523352,0.6848536871722304,0.9304029270140832,0.8110988409331594,0.8967110403534023,0.7538404720936187,0.7836604460762664,0.8139722160527819,0.9064032121721997,0.6591138522073798,0.8358605379776055,0.988421836553192,0.7784558727705813,0.9778449024201883,0.7805867564015281,0.8931268248161248,0.7554264789789613,0.8374030040413201,0.9580155645944115,0.6160232173543554,0.6727455519907513,0.7554264789789614,0.6563883506082637,0.7549205078179089,0.7012330009505503,0.6268418870768071,0.9257781264349922,0.6965542539646583,0.7345613782353326,0.9040455810667847,0.9742881382500801,0.8378519860156277,0.6263391120663375,0.937153425007831,0.8219587423920875,0.5315057212023016,0.6785213219972437,0.8623117216340954,0.6839798080842046,0.8558507226181651,0.8910546297980166,0.7397631429015088,0.8185746204202073,0.8347709424809344,0.7629900200872712,0.7836924829796468,0.8330014191260637,0.9300660115741552,0.8291493513794044,0.7923174570100681,0.9895556740609543,0.6110503588620952,0.4359315714874389,0.7474982699049919,0.9366370005594447,0.7582669851454551,0.7474982699049919,0.7474982699049919,0.8754380610464955,0.7554264789789613,0.8364561980935203,0.6391642586230133,0.7554264789789613,0.6831589266740612,0.5819559673869115,0.829149351379404,0.7719452573794077,0.9841262059810225,0.9449645480752092,0.7749639526724739,0.6517684725424835,0.5272118628147031,0.7366067933582974,0.6201524577403472,0.7554264789789613,0.6047295951097409,0.8924338763856581,0.9112245896826332,0.6063469361395213,0.5932745686316019,0.7988008809007463,0.7927144738704675,0.976127737451132,0.8864128690914903,0.7900935967596581,0.8402244909810175,0.7943978413609045,0.8156307774729479,0.8412336216252805,0.8535222199039352,0.9051470547208933,0.866446293213446,0.7066057887820232,0.8020674121309701,0.8285549079460066,0.4832982064815291,0.7554264789789613,0.868490494981704,0.9172287038319764,0.8438814653687012,0.857970730984468,0.784330056128143,0.9294852910677025,0.5322823935233103,0.7932320440185787,0.7050071299466185,0.5441665809517879,0.7554264789789613,0.7554264789789613,0.7866591972183496,0.3259362399594157,0.6148058964719825,0.8007644293672856,0.5364243441020053,0.7536185114172962,0.7685085802028115,0.49883468235387785,0.6765927051018303,0.5929767874934562,0.7554264789789613,0.9705061211617021,0.7805867564015283,0.8185746204202071,0.7554896689229909,0.7988008809007465,0.5370105657252384,0.7554264789789613,0.7554264789789613,0.4273384791718804,0.7554264789789613,0.5211094161242298,0.8465044236130594,0.7537476961947243,0.816659397031935,0.9216699761848415,0.6621533601774745,0.5137302692412811,0.6363628020556147,0.7554264789789614,0.5919647803536199,0.5021581779134425,0.7635676985310982,0.8629720575357543,0.9210485312960126,0.9610713660362216,0.5872332725167033,0.603406493350001,0.7992306713783633,0.9960473034743316,0.7554264789789613,0.3791955086726042,0.6786234827218101,0.7515109916831106,0.5289606866099867,0.9580155645944115,0.8845124777595254,0.7128651301467362,0.4954110297488521,0.8212728377122546,0.4904764749799222,0.6003758898860974,0.9289761630622799,0.9501362322562135,0.8408494049910983,0.9097621341860556,0.38325976370677595,0.9054269517278613,0.7749639526724739,0.6791663782674804,0.8569008385076048,0.8680098635453735,0.970173836687551,0.8459404597981651,0.6839798080842041,0.9204926641940824,0.8832165619961235,0.6148058964719825,0.9998256192994621,0.5912025134779115,0.8205834610107541,0.9790272564854458,0.7511369233144625,0.7720255751925545,0.47075474221342084,0.7917593535864723,0.7855851230478148,0.9413695365976318,0.8496673595480104,0.7635676985310986,0.7339575659825526,0.8666659561513319,0.6021885725279597,0.6629226584437731,0.7554264789789613,0.4790159515005836,0.8205834610107539,0.4564680263996933,0.8438814653687015,0.8361215673069281,0.776019095134866,0.7072076710872519,0.7554264789789613,0.5319802989987495,0.6291233001031107,0.8183644212218297,0.4391105696056524,0.5422898200580235,0.48195012784168445,0.8117968052331115,0.522260688091464,0.9782128470638168,0.6597920215167349,0.6346929118985978,0.7127627767570488,0.30944870635114596,0.8185746204202073,0.8274774496496853,0.783692482979647,0.9630671241949922,0.8781464978359428,0.4306953721266308,0.5981458614180459,0.6911995798933894,0.9619134810141817,0.7474982699049919,0.5219982276735521,0.8885000106460064,0.5157544446631097,0.47483046685890007,0.5236025103724329,0.7554264789789613,0.5240048700053368,0.916183204794496,0.6268418870768073,0.7554264789789613,0.5509058696879084,0.8774693280239332,0.7988008809007465,0.7586486459141031,0.7474982699049919,0.9377006183237262,0.8070186560419508,0.8422426805813996,0.7841071946097782,0.9580208560063581,0.9192491879637938,0.6421728904610084,0.7554264789789613,0.8910546297980169,0.7554264789789613,0.8664462932134465,0.6414622292770862,0.5271001478979628,0.8185746204202071,0.8216258581255051,0.9770944180195318,0.6451475370427597,0.6465570244076255,0.7554264789789613,0.845738773850357,0.6666285268745482,0.7811892117816601,0.8614691515606028,0.9600248912759579,0.9678470493910278,0.982882331172537,0.9078759453230945,0.7092621163632717,0.5619957607106714,0.706280417076238,0.7092621163632717,0.959140228976008,0.7805867564015292,0.9215730252040889,0.7092621163632717,0.8185746204202071,0.8879760411266713,0.8866709973964709,0.6432705984572116,0.7749639526724741,0.9478144680448439,0.7282274248566507,0.7440615396991497,0.9968309023681914,0.9430932045650426,0.6487057815429328,0.9931979703736173,0.8405164885827786,0.9866024508643964,0.9081595336861003,0.6268418870768078,0.9725302917260994,0.7751763583455803,0.9500970595281897,0.8509215648925798,0.7494909660455031,0.9384483505673138,0.8020674121309703,0.7794931599467788,0.9912995340914882,0.9326713840240486,0.9008615990718252,0.7408008530328409,0.7805867564015283,0.7895252496743006,0.8048426086146103,0.7190514297716886,0.7994412664981732,0.7948575916755272,0.6388783222720578,0.9266749165770471,0.8602271964964205,0.7680911157969719,0.8402244909810175,0.6382925973552653,0.8181216101898781,0.6528116552208851,0.6259482189684109,0.9716378006463688,0.9516927132632356,0.8944555895490829,0.7899257220759646,0.7416603768637973,0.836456198093521,0.7270466571176928,0.8738856775611519,0.7207379814860584,0.5647845268085505,0.7104411639464168,0.9758386633516412,0.829895318207438,0.8685386053560658,0.6798498777024171,0.8020674121309697,0.7927144738704675,0.6866556605824428,0.7037792357808726,0.832189566882533,0.9399107973013762,0.659940927485604,0.7487776094636502,0.8199664945771146,0.7932320440185794,0.6179032792049489,0.976104164860893,0.881366457334962,0.832189566882533,0.6532629408565727,0.7056931757653555,0.8219587423920875,0.5932682808152373,0.8316381638808616,0.851008024549206,0.8438814653687015,0.8015298869037578,0.8326235870570966,0.7603845187660137,0.7895252496743006
p39_Y,0.8308387495037686,0.9432937551644589,0.5834090583463885,0.9250812961986934,0.9508971383859763,0.9471168020442999,0.8636486621136632,0.832062012291654,0.9070160137452734,0.9615452872130623,0.41671685112023005,0.9493053971730236,0.9493053971730236,0.9250812961986936,0.9592855403168913,0.8892155845940946,0.9462347596389562,0.9337692322192535,0.9596053879391779,0.9615452872130625,0.9276228731395861,0.43120108940649693,0.9377253379624282,0.9525316455696202,0.44480921266889784,0.9337692322192535,0.9913221015557613,0.9192233962368053,0.9615452872130625,0.8118346753749688,0.9759790834075595,0.9692769377093196,0.9942907727414589,0.9215378731313923,0.9508971383859763,0.9596053879391779,0.13966244725738453,0.9447494136270194,0.9635753483468394,0.9324854129452831,0.9417626114543682,0.9350697345319545,0.9635753483468394,0.9158139617897607,0.9462347596389562,0.9151097978869822,0.17976939219420296,0.9038035415131251,0.5024097331093753,0.8954023823601893,0.9559485503920393,0.9804223652208814,0.9337692322192535,0.9432937551644589,0.9447494136270191,0.9675956872630854,0.9312172606999456,0.9508971383859763,0.7470880603205394,0.21957597615262925,0.9091812387167526,0.8367671217737243,0.9337692322192535,0.9807840195689514,0.9577431256853024,0.8302837275767867,0.9559485503920393,0.8607472522091426,0.7866875306684662,0.9596053879391779,0.9238898933303421,0.9647682499737457,0.9508971383859763,0.8324582773700502,0.9508971383859763,0.567519380649566,0.9404624926714931,0.9418654668890594,0.7819249664386071,0.9635753483468392,0.9418654668890594,0.9903766507571461,0.9287243013130126,0.9337692322192532,0.9508971383859763,0.9203761879341787,0.9404624926714931,0.8698447141053747,0.6123743498876089,0.9493053971730236,0.9508971383859763,0.9326301365954337,0.8670360756633027,0.8597250809841579,0.9287243013130126,0.9038035415131251,0.930109868608842,0.599784142216467,0.8258909849650775,0.8247832035705711,0.917002161244601,0.9542136024350834,0.9508971383859763,0.8627880798184886,0.7549236295841959,0.1490201725853415,0.6359772303187252,0.8040670844187319,0.9390829980374291,0.8346191856858272,0.9487969858083061,0.9587973377153393,0.8428704160376792,0.6256492627076073,0.10760130841331039,0.7905229607627158,0.9432937551644589,0.9596053879391779,0.9635753483468394,0.8627880798184886,0.9158139617897607,0.8892155845940946,0.9390829980374291,0.9274978432118415,0.9337692322192535,0.7635676985310984,0.0,0.930906079306367,0.9190874378408647,0.9180790428976138,0.8769985528794613,0.9542136024350831,0.9692769377093194,0.9635753483468394,0.9462347596389562,0.8815889130882111,0.917952403133613,0.9559485503920393,0.22153181872290717,0.9477524209177308,0.748644253738922,0.1898873839551799,0.8302837275767867,0.943555263926096,0.8912695666285135,0.913577797842458,0.8964416496516883,0.8473352221942345,0.9324854129452831,0.8550156776844486,0.9615452872130625,0.9091812387167528,0.723138460468594,0.9555398441554903,0.9559485503920393,0.9324854129452831,0.8985286024183268,0.9169426994374763,0.785037461977138,0.8892155845940946,0.8722711465586106,0.9542136024350834,0.9363880304285923,0.8088111631761212,0.5992575240826766,0.9192233962368053,0.8983739487948557,0.6680233073997985,0.9778748351992479,0.9127200248974268,0.9250812961986934,0.32685519540335917,0.9675956872630854,0.8473352221942345,0.7913205640104564,0.979140048650021,0.9596053879391779,0.8749714078758022,0.922708936151958,0.8902416609981851,0.914692448285217,0.8922994432827853,0.9675956872630854,0.9493053971730234,0.8638069066950456,0.7276882348418334,0.8627880798184886,0.9048699718936308,0.9432937551644589,0.9780296622223208,0.947752420917731,0.9070160137452734,0.7238689073196174,0.7967756161717694,0.9909799053419361,0.9508971383859763,0.9525316455696202,0.947752420917731,0.9038035415131251,0.701406710274267,0.8954023823601893,0.9493053971730236,0.9508971383859763,0.6263965123240718,0.7967756161717694,0.9615452872130623,0.9508971383859763,0.8996699165287373,0.9180790428976138,0.962540188778485,0.925985371610359,0.9892166093373965,0.9493053971730234,0.9508971383859763,0.8607472522091426,0.9508971383859763,0.8572042107416491,0.9669835968892306,0.9020355966115885,0.9508971383859763,0.7112404850670078,0.9508971383859763,0.8352686638344538,0.9247279175325266,0.9192233962368053,0.6042931357599317,0.9542136024350834,0.7788113047144825,0.9477524209177308,0.45762921009410984,0.9404624926714933,0.9091812387167526,0.799230671378363,0.9873359374176983,0.9559485503920393,0.9027412033397849,0.8943656982526555,0.9743145807345087,0.9006279533325661,0.5528314585484423,0.9180790428976136,0.9462347596389562,0.9251662135150305,0.947752420917731,0.9508971383859763,0.9059407181827082,0.9508971383859763,0.8157688865369468,0.9180790428976138,0.9559485503920393,0.929963842972795,0.7788113047144825,0.9525316455696202,0.9169426994374763,0.3327896146155028,0.8964416496516883,0.9998238347481485,0.8658418182833447,0.9542136024350834,0.8759848927128511,0.9435552639260962,0.8494190724813766,0.9493053971730236,0.9577431256853026,0.89493990143017,0.9635753483468394,0.8389027479487041,0.8268778248611144,0.9350697345319545,0.9422632192467117,0.9132508500097025,0.9559485503920393,0.8535621725493674,0.8161584400199196,0.8950231430311593,0.1490201725853415,0.8346191856858272,0.9169426994374763,0.9363880304285923,0.9048699718936313,0.1490201725853415,0.9199154281937727,0.8203110485944873,0.9577431256853024,0.9791661049996259,0.9250812961986934,0.9542136024350834,0.9215378731313923,0.8134696855167469,0.34767929968026734,0.9542136024350834,0.9014502300031315,0.7562456738191012,0.9596053879391779,0.8439442411733156,0.8597250809841577,0.5715249815918649,0.8494190724813766,0.9596053879391779,0.9508971383859763,0.9324854129452831,0.947752420917731,0.9559485503920393,0.8088111631761212,0.9016827426948626,0.9542136024350834,0.9324854129452831,0.9192233962368053,0.7934200261883638,0.9124696683389528,0.8881911996032121,0.8748900904594732,0.7927144738704675,0.8410267207478741,0.9109264520435436,0.9615452872130623,0.9070160137452734,0.9535979799037623,0.5772680848886073,0.9180790428976138,0.9615627674010185,0.9542136024350831,0.9508971383859763,0.9559485503920393,0.9059407181827079,0.9337692322192535,0.1490201725853415,0.9577431256853026,0.9493053971730234,0.9508971383859763,0.4448092126688975,0.9596053879391779,0.9635753483468394,0.45073889295428815,0.7220966729377196,0.9363880304285923,0.9559485503920393,0.8389027479487043,0.7129754462316009,0.9390829980374291,0.9447494136270194,0.9696306183180516,0.9542136024350836,0.9215378731313923,0.7391145011988287,0.9432937551644589,0.9135777978424582,0.9635753483468394,0.7733959072401706,0.9215378731313923,0.7853943015979801,0.3668907135029361,0.9493053971730236,0.9705425698260028,0.8892155845940946,0.8134696855167471,0.8146217090393439,0.7290878762898825,0.9508971383859763,0.8587016255621231,0.9203761879341787,0.922708936151958,0.49394643887055856,0.9615452872130623,0.8504578012789958,0.9508971383859763,0.9508971383859763,0.9324854129452831,0.9070160137452734,0.9607529580583574,0.9508971383859763,0.9615452872130625,0.9508971383859763,0.9250812961986934,0.5992575240826765,0.7967756161717694,0.9136608016620085,0.9262837350880504,0.9404624926714931,0.7072810178879126,0.743937900255784,0.9508971383859763,0.58677582426813,0.9192233962368053,0.7840934704542419,0.7866875306684662,0.451753347429366,0.8739579976286458,0.9542136024350834,0.8028669104368944,0.9508971383859763,0.7577315976258656,0.9337692322192535,0.7160935373972717,0.8961225594262114,0.9525316455696202,0.7091985698826024,0.9447494136270194,0.9508971383859763,0.8995766368965674,0.8111507091583435,0.9508971383859763,0.9262837350880504,0.8016608579382385,0.6890680672212843,0.7341670181020109,0.8088111631761212,0.9508971383859763,0.8447998165522012,0.8607472522091426,0.9577431256853024,0.7953925200034221,0.734167018102011,0.9102716897738725,0.9113677351409675,0.8995766368965674,0.1076013084133105,0.9016827426948624,0.8902416609981851,0.9377253379624282,0.8576768022305967,0.8780124908814331,0.6203400068423761,0.9377253379624282,0.07198279492562476,0.9337692322192535,0.9508971383859763,0.9596053879391779,0.9048699718936313,0.8191823016368878,0.9418654668890594,0.5216455167346217,0.947752420917731,0.8637272009793018,0.9525316455696202,0.947752420917731,0.9998238347481486,0.9508971383859763,0.9432937551644589,0.5939749859821306,0.9070160137452734,0.9596053879391779,0.8514945068923672,0.9615452872130625,0.9432937551644589,0.9523391253205785,0.8703405048599927,0.9975839852098576,0.9615452872130625,0.8132554078567001,0.9192233962368055,0.9326301365954337,0.9350697345319545,0.9404624926714933,0.5352506767643028,0.9542136024350834,0.9873359374176983,0.9027412033397848,0.6699854144167717,0.9363880304285923,0.9027412033397848,0.9418654668890594,0.9274978432118415,0.8760079532691358,0.8382456366045414,0.9892166093373966,0.9462347596389562,0.8499016172090268,0.6986348386128653,0.9250812961986936,0.9363880304285925,0.9377253379624282,0.7307960436347241,0.9418654668890594,0.7004951694024872,0.9363880304285925,0.5087406670022797,0.8204479852768936,0.9542136024350834,0.8504578012789958,0.7238689073196172,0.920376187934179,0.9807840195689514,0.9596053879391782,0.8572042107416491,0.8954023823601893,0.9577431256853024,0.9637851559795012,0.9462347596389562,0.9462347596389562,0.9559485503920393,0.9596053879391779,0.9274978432118417,0.7185012839213285,0.9977811431789546,0.3268551954033594,0.9493053971730236,0.8291911258056228,0.9102716897738727,0.9462347596389562,0.988874364860659,0.9508971383859763,0.1874942110935155,0.9508971383859763,0.9508971383859763,0.8247832035705711,0.9377253379624282,0.9215378731313923,0.9508971383859763,0.8157688865369471,0.8431396920965539,0.9180790428976138,0.9211232378692127,0.6571887983568045,0.7470880603205394,0.9070160137452734,0.9059407181827086,0.845242310489589,0.9447494136270191,0.962540188778485,0.9577431256853026,0.9203761879341785,0.8435002207563183,0.8607472522091428,0.539208514635259,0.9447494136270194,0.9477524209177308,0.8883381588027088,0.9577431256853026,0.6801458170579182,0.10760130841331039,0.9038035415131251,0.9404624926714931,0.9350697345319545,0.9523391253205784,0.8535621725493672,0.4517533474293659,0.9091812387167528,0.9377253379624282,0.9227089361519578,0.9542136024350834,0.9404624926714933,0.9525316455696202,0.6030388381051448,0.8617682235186914,0.9683048816077777,0.9559485503920393,0.9259853716103588,0.9462347596389562,0.8355826110872567,0.7021058151674173,0.9493053971730234,0.7840934704542419,0.9729746309145171,0.8578089524354392,0.7470880603205394,0.8514945068923672,0.9059407181827082,0.7501881738550037,0.9404624926714933,0.9102716897738727,0.8861469711805039,0.9508971383859763,0.07198279492562476,0.9192233962368053,0.9508971383859763,0.9634382098178782,0.9404624926714931,0.947752420917731,0.5306198259384007,0.7697364776617589,0.9377253379624282,0.8111507091583434,0.9615452872130625,0.7621244162157078,0.9418654668890594,0.8709172314094928,0.947752420917731,0.9447494136270194,0.8280948589685841,0.9180790428976138,0.9363880304285925,0.7761208698281863,0.8841079446138818,0.7997161239949887,0.8678736588799028,0.9873359374176983,0.8367671217737243,0.7763047460900301,0.9274978432118415,0.9615452872130625,0.9390829980374291,0.9525316455696202,0.695340212868324,0.9059407181827079,0.8964416496516878,0.9493053971730236,0.7592065617417088,0.6911825144918418,0.9635753483468394,0.8830900737847376,0.9542136024350834,0.9203761879341787,0.5460354868508438,0.9881361984083077,0.9444775685014402,0.4907272744395409,0.9390829980374291,0.9016827426948627,0.9418654668890594,0.9493053971730234,0.22153181872290717,0.9635753483468392,0.9508971383859763,0.9215378731313923,0.9358986372211366,0.8631222787530046,0.9850988399428099,0.9508971383859763,0.8871683719695134,0.8902048861603422,0.9091812387167528,0.9250812961986932,0.5699642570336958,0.9698578908306781,0.8851268700668165,0.7930443486125469,0.9703287678830983,0.9091812387167526,0.8556227195178281,0.8943656982526555,0.1874942110935155,0.5751655771252308,0.9312172606999456,0.9542136024350834,0.9621698344437761,0.9635753483468392,0.929963842972795,0.947752420917731,0.8578089524354392,0.9375331207684674,0.9312172606999456,0.9508971383859763,0.9091481169388319,0.5754506419716157,0.9596053879391779,0.9508971383859761,0.9404624926714933,0.7761208698281862,0.8088111631761212,0.9493053971730236,0.8945024258106785,0.946234759638956,0.9493053971730236,0.9493053971730236,0.9215378731313922,0.9508971383859763,0.9462347596389562,0.992771886120673,0.9508971383859763,0.9363880304285923,0.8943656982526555,0.9596053879391779,0.1076013084133105,0.9577431256853026,0.9525316455696202,0.9493053971730236,0.7592065617417088,0.8627880798184886,0.9377253379624282,0.8462899393398311,0.9508971383859763,0.9927718861206731,0.9542136024350834,0.9556347289143002,0.8004488158253997,0.5476611504073785,0.9596053879391779,0.9525316455696202,0.9390829980374291,0.9180790428976138,0.9488974039091765,0.30417153187793744,0.9180790428976138,0.9238898933303421,0.9274978432118417,0.818131554774667,0.9415131363853565,0.9593605721085061,0.9324854129452831,0.17976939219420296,0.9102716897738725,0.8473352221942345,0.9508971383859763,0.9508971383859763,0.5830734155905781,0.9615452872130625,0.9044031279856874,0.24200443589237086,0.9418654668890594,0.8302837275767865,0.947752420917731,0.7980063102019075,0.7917871253834925,0.9508971383859763,0.9508971383859763,0.9169426994374763,0.769736477661759,0.9059407181827079,0.9298058441100162,0.8504578012789956,0.9399414374230468,0.6932730478172033,0.8064502334151338,0.9350697345319547,0.8191823016368875,0.9508971383859763,0.9038035415131251,0.07198279492562476,0.9635753483468394,0.8973050295528808,0.1490201725853415,0.8367671217737245,0.9508971383859763,0.9508971383859763,0.7814684429494729,0.9136608016620084,0.7892517270420911,0.43120108940649704,0.9902025197020263,0.9807840195689517,0.9299638429727952,0.6680233073997989,0.8399661501805977,0.918710349669114,0.9508971383859763,0.918079042897614,0.8236714085807446,0.27932489451476883,0.9596053879391779,0.8902416609981851,0.9323391465606432,0.9135777978424582,0.9203761879341787,0.9525316455696202,0.6514628364883972,0.9508971383859763,0.8324582773700502,0.9895196008050116,0.902741203339785,0.6819387579874749,0.9358986372211366,0.9432937551644589,0.9080961023073577,0.7913205640104564,0.9577431256853024,0.9396990861996748,0.8668580781119548,0.9462347596389562,0.8687412470205869,0.9250812961986934,0.9337692322192532,0.8191823016368875,0.9559485503920393,0.9493053971730236,0.7418038675850896,0.9312172606999456,0.918079042897614,0.9828047536783365,0.9635753483468394,0.9180790428976138,0.9635753483468394,0.9635753483468394,0.6549953778470862,0.9688050481045738,0.8995766368965674,0.9508971383859763,0.9615452872130623,0.43120108940649693,0.9404624926714931,0.7072810178879125,0.9447494136270194,0.9493053971730234,0.9312172606999454,0.8974836658533201,0.9525316455696202,0.8342416479355359,0.9203761879341787,0.8291911258056228,0.8076334229675868,0.9508971383859763,0.8954023823601893,0.9508971383859763,0.7967756161717694,0.9615452872130623,0.9350697345319545,0.9363880304285928,0.7871560431335576,0.9508971383859763,0.8111507091583436,0.7470880603205394,0.9363880304285928,0.8123127184484014,0.8324582773700502,0.8191823016368878,0.1467573068242659,0.8579639412160378,0.8070999688196363,0.8710592812792091,0.7517200521801011,0.9377253379624282,0.7488881586966621,0.9635753483468394,0.9377253379624282,0.9136608016620084,0.67215876462894,0.9324854129452831,0.8441922549828873,0.9059407181827084,0.7407357299045448,0.9508971383859763,0.9493053971730236,0.8473352221942343,0.9959703403293898,0.6801458170579184,0.7840934704542419,0.7606707685788077,0.9508971383859763,0.7955384713794649,0.6407351174037806,0.9250812961986936,0.9508971383859763,0.845242310489589,0.9447494136270194,0.1490201725853415,0.9377253379624282,0.9493053971730236,0.9139139585985596,0.9337692322192533,0.6761982198649477,0.9312172606999456,0.9113677351409673,0.9377253379624282,0.7374794897839276,0.9508971383859763,0.929963842972795,0.9508971383859763,0.9596053879391779,0.899669916528737,0.8881911996032124,0.9635753483468394,0.9287243013130126,0.9260028390811286,0.9080961023073577,0.555339655152628,0.9508971383859763,0.837836432444947,0.8269948409452779,0.7027638694231725,0.9274978432118417,0.9621698344437761,0.9559485503920393,0.9274978432118415,0.9262837350880504,0.9192233962368055,0.896441649651688,0.7606707685788077,0.9192233962368055,0.9250812961986934,0.9559485503920393,0.571524981591865,0.9192233962368055,0.9635753483468394,0.9337692322192535,0.9525316455696202,0.6434262394337373,0.9493053971730234,0.9262837350880504,0.9363880304285925,0.8954023823601893,0.5087406670022805,0.9377253379624282,0.9169426994374763,0.9324854129452831,0.9493053971730234,0.9404624926714933,0.8475715154012993,0.5553396551526283,0.904869971893631,0.8389027479487046,0.9146924482852168,0.9529808977910947,0.9838585814857688,0.9525316455696202,0.2519374759750955,0.904869971893631,0.8974836658533198,0.5216455167346221,0.9299638429727952,0.9038035415131251,0.22153181872290728,0.10978851443704407,0.946160787114759,0.9287243013130126,0.9040384689315533,0.9203761879341787,0.4422460342438227,0.8894000200499044,0.9390829980374289,0.9262837350880506,0.30417153187793744,0.8726518023669643,0.8820731393531338,0.6089591155381724,0.9038035415131251,0.886050562620567,0.9577431256853024,0.9215378731313923,0.9144193028520167,0.9337692322192535,0.9288789627504787,0.5306198259384008,0.9027412033397848,0.909770078319474,0.796945518458144,0.41671685112023005,0.8804734569104511,0.9493053971730234,0.8871683719695136,0.8579639412160383,0.9542136024350834,0.27932489451476883,0.8902416609981851,0.9299638429727948,0.9542136024350836,0.9404244238472441,0.8678736588799028,0.9213979430466315,0.9881959173184504,0.3476792996802678,0.8984874390672324,0.9363880304285923,0.9458556185436358,0.9542136024350836,0.8638069066950456,0.3617599053002096,0.1874942110935155,0.896441649651688,0.9587973377153391,0.9525316455696202,0.9615452872130623,0.8892155845940948,0.9596053879391782,0.8545251315798741,0.1874942110935155
p40_H,0.6906042228218161,0.9937100896993183,0.7390657782147767,0.9863050318789031,0.9810324389242782,0.9365230764056001,0.684976333874417,0.7138845895443096,0.7559454833564445,0.8913167644457044,0.8356963633835399,0.9593417278528642,0.9286859463478483,0.8982849455083565,0.9729205236204548,0.8944000283873015,0.9062256624337728,0.8128142530789659,0.8858340936764977,0.9505550994291452,0.7943139531861232,0.8849533332175409,0.996750681705096,0.930906079306367,0.8278323671212413,0.812814253078966,0.9062256624337728,0.9377830288440727,0.9505550994291452,0.8154393030196301,0.817675498502666,0.9154907996871149,0.8722463878449834,0.7782451824877884,0.9494833800495852,0.9235852575057477,0.930906079306367,0.8722463878449838,0.8970542565865081,0.8570520663595728,0.7251207994787032,0.6396269322672032,0.9386599233384808,0.9230809809868873,0.9353159208540364,0.8601740385095916,0.8705954752723887,0.9478819904249677,0.8091858387065827,0.9834427280955562,0.8754988991654497,0.7795561525696556,0.8371307688681584,0.6328369693815405,0.8153621401225022,0.8527415102120386,0.8056017035197617,0.6339927913026551,0.8325665024486282,0.9716929305952209,0.838590497804195,0.9677927186348171,0.8224380100831483,0.7978360964797413,0.880570845753591,0.9669822991518977,0.9451689995479285,0.7374429534630567,0.6417985415816239,0.9990875851642478,0.9370305308954681,0.8091858387065827,0.9810324389242782,0.997419408307832,0.6339927913026551,0.8750423984642539,0.8317311854817001,0.8628614501567907,0.9810537181511674,0.9386599233384809,0.8900265369300414,0.9785717750121543,0.8350815096206281,0.9830298636033129,0.6339927913026551,0.90089194988517,0.9913976286892221,0.9857912114505165,0.9912972349210976,0.6527839128027031,0.6339927913026551,0.8431250883484018,0.67967387753332,0.9207271272316431,0.6290025738655292,0.4844079286308707,0.8869991263924526,0.7435064296820986,0.9102949450721916,0.9825441889164772,0.9234512202504556,0.8940589330526696,0.8927713255769505,0.9526247108530788,0.7107074774821481,0.8858340936764979,0.8809236519249313,0.9634062187972959,0.9634222611466374,0.9475325664435508,0.9011976669500195,0.9400996476017193,0.8152372384690212,0.987353041004064,0.9378370728938006,0.9632559321773264,0.7161153817625663,0.961336421334998,0.8970542565865081,0.8973157608442323,0.9360325628444313,0.8041315332473615,0.8539255385877564,0.8887083600515908,0.871071041661533,0.8206072651048508,0.930906079306367,0.0,0.6221281312976892,0.3893703980320402,0.9368718177906896,0.9042162740830944,0.9451689995479284,0.9365230764056001,0.8480451455932461,0.7948988325436426,0.6158038367352003,0.8754988991654498,0.9103339493566889,0.6105524209278803,0.944775725899246,0.8913167644457043,0.7994902074933242,0.7124581001985006,0.9128648413621815,0.8742056923249766,0.8992928627571296,0.8564952546591053,0.640352543284024,0.8190504958769996,0.9900871334604324,0.9148052556170498,0.9643196326600446,0.8065506112852924,0.9103339493566892,0.8570520663595738,0.9685385655494381,0.8465762652500729,0.9084873974778007,0.9111482749631536,0.5273135442400054,0.9378370728938005,0.8956703797577581,0.735061687571092,0.8266808111288457,0.8962632355928388,0.9699633699633696,0.9250878662315586,0.9359418950959316,0.9150414091651622,0.9916899465284603,0.8567235831170401,0.8291716068659,0.7259533508191449,0.7488745722047054,0.9253326816557331,0.8876589233480017,0.8047547765033387,0.8245043220842735,0.8386642693526665,0.9382793825937715,0.8148441895565426,0.9470211235965944,0.6527839128027044,0.6321835289712447,0.9119180248799313,0.7622621853718117,0.6599496820629307,0.5773180277941903,0.9408778096025343,0.9120136950985207,0.9816534423683265,0.8202814699112497,0.9547113925128164,0.8565504709443839,0.6339927913026551,0.9634382098178784,0.8821740773501708,0.6858534412239603,0.7496538432247304,0.860468306704006,0.744751257317753,0.6339927913026551,0.7342039598856311,0.9096277108513664,0.9308487984769921,0.6339927913026551,0.8891140855873368,0.7684696092538161,0.7739976929878719,0.9568873961450971,0.7780466128014065,0.8567235831170403,0.6339927913026551,0.4242936688923117,0.6339927913026551,0.9533791937291328,0.7598618521454189,0.7638648838511433,0.6339927913026551,0.8335622710622699,0.6339927913026551,0.9935588381421727,0.8617065523574776,0.9585429254696896,0.6929966683633071,0.8705954752723886,0.8942564806528228,0.6403920386762301,0.8496029817787224,0.8489359281032565,0.8195368083509806,0.9428142070789303,0.9692826611948091,0.9103339493566888,0.42047446075909367,0.8848603900693293,0.9311251954067488,0.7729145023037735,0.8095505845081643,0.8506315597625125,0.9644061792743002,0.8376280263990656,0.9418533128468709,0.6339927913026551,0.7451744586990316,0.6339927913026551,0.6697926494285313,0.9234230763385713,0.9851609000695929,0.6869855174459953,0.9077913240031382,0.9634382098178784,0.9482240959190599,0.8800187100542716,0.8643880853462501,0.9986868840230453,0.9845695970695971,0.9714578717045065,0.7596764078722048,0.7281975360897373,0.8324247432320351,0.6221281312976874,0.8660249872235797,0.7714525386181856,0.8970542565865081,0.8136363999188634,0.8183403916602421,0.6396269322672032,0.7406832782275716,0.8494242292955804,0.9154907996871144,0.907670245680129,0.9141074056938775,0.9297905557930769,0.8858340936764979,0.9334818216966376,0.8669058313838703,0.9208219488037758,0.8049449077931464,0.8858340936764979,0.9337968488503534,0.9057102263378046,0.8660249872235792,0.8845658842284327,0.8322698807304465,0.9042162740830946,0.969282661194809,0.9656130224339878,0.8523344596018205,0.8705954752723886,0.9276797318633756,0.7628462063630006,0.8876589233480017,0.8445581137472964,0.9058606564745177,0.7203903003681011,0.6877523123760194,0.9631612510065022,0.8612222667022574,0.8809851801860682,0.9686278339080789,0.9800040497391677,0.9261471567999731,0.9206629010639439,0.9378370728938005,0.8570520663595736,0.7300586251460579,0.8403800404286197,0.8757170337922737,0.9661804546416983,0.9743789273699591,0.8399290071893737,0.9628194526209255,0.8104244452564584,0.9308487984769922,0.755945483356444,0.7924269633039951,0.9056035016258017,0.9738744855255578,0.8308616979141648,0.8604381342419636,0.6339927913026551,0.9103339493566887,0.8009596797113467,0.837130768868159,0.8858340936764979,0.9167714410425666,0.9486909276320882,0.6339927913026551,0.9112359182136069,0.6989031042017513,0.9386599233384813,0.9334345911022632,0.9910741961067722,0.9459735178497931,0.8458206993046364,0.9032688243727558,0.6449958358959673,0.9895154326131526,0.8722463878449835,0.6948605904722605,0.9042162740830946,0.969282661194809,0.5545261461408495,0.8674925563323059,0.9283646450840666,0.8970542565865081,0.8955371880275214,0.9056035016258016,0.8485814956911846,0.8480451455932465,0.6221281312976874,0.7804276280651148,0.9381175058541783,0.9659026840982023,0.8109981142730982,0.6294930841720354,0.6339927913026551,0.8526294966343947,0.9312013855568837,0.8245043220842734,0.9102130524871404,0.8714910313665698,0.9875563487379608,0.6339927913026551,0.6339927913026551,0.8078843400694917,0.794224103600305,0.8258477473019539,0.6339927913026551,0.87149103136657,0.8612222667022574,0.8816648385652771,0.719148193478701,0.9638920695056934,0.9558694433263362,0.813946911084057,0.8849533332175412,0.5840657142205596,0.7639858108981183,0.6339927913026551,0.7245427377394813,0.8962632355928386,0.8658471962327883,0.8448434372372053,0.8585242345955858,0.8566692093818569,0.8705954752723886,0.9451026585711904,0.6339927913026551,0.7320430650584009,0.8857638004465436,0.7656290002211988,0.690462299701149,0.7763047460900312,0.5950658606136727,0.9858432867658979,0.6339927913026551,0.7854387659465503,0.8091313607931306,0.6339927913026551,0.9631664713582988,0.8472322416906234,0.8420969307100793,0.6195474108857684,0.9261471567999731,0.6339927913026551,0.9125250691223991,0.9462091431768855,0.9384261778015308,0.8598915153544466,0.9663914087213865,0.9269053524005311,0.8076603894101946,0.7695752160603927,0.9378370728938006,0.8266579810874759,0.7234753402496814,0.9264261500368134,0.789881633392188,0.9955399182867675,0.6936596287169763,0.6894580086727333,0.9451689995479283,0.8371307688681588,0.6339927913026551,0.9254100871772521,0.934108282655473,0.7230364903613277,0.9198178556572016,0.8960126735832696,0.6403920386762305,0.7332636981005081,0.9714975291590988,0.6403920386762305,0.9171916237032924,0.8927713255769505,0.9507709687133314,0.7670289421224423,0.962117756001267,0.9631612510065022,0.8129178062116007,0.8319589973352826,0.9230114979196563,0.8174966224362166,0.8381941903146966,0.9381754809533814,0.9308487984769922,0.929964907836384,0.8132236490903708,0.7753241078283057,0.76323676171752,0.9115644070854613,0.8457339205439893,0.8268173354312578,0.988264565759186,0.9294815397663647,0.8890793421309985,0.9208219488037758,0.9069090419812991,0.756827335017696,0.8628472125712421,0.9214081553106299,0.9446788346549717,0.8158380588727718,0.9774133038851731,0.740286648163671,0.9427686877820864,0.9643000102862664,0.7773592226440151,0.638242563167339,0.6400214472884161,0.7296622482444453,0.8306410309527539,0.5761466702758755,0.8917125350168611,0.7080955573842699,0.9276797318633756,0.9730533608234011,0.8898567137233857,0.9638569490943998,0.8931238912658455,0.8499077595187519,0.8678246125243954,0.7390657782147768,0.9167714410425666,0.8546180048997591,0.8771354040135093,0.9774133038851731,0.9851609000695931,0.8858340936764979,0.9757764977426823,0.7191339070336384,0.7620678882226808,0.8567235831170403,0.8567235831170403,0.7998851608277766,0.8116027549958085,0.6574204612622756,0.8068947155459087,0.6339927913026551,0.9167714410425667,0.6339927913026551,0.6339927913026551,0.8855535071886051,0.7662811769308244,0.9268298881488041,0.6339927913026551,0.9305503123798078,0.8135371464317224,0.7590991753211769,0.9736570683598365,0.7409443124486436,0.8390157927246809,0.9433748221244649,0.48484342730822716,0.9352645686993892,0.985843286765898,0.9424055354485077,0.7212226060676761,0.8379269506759396,0.7538375922389763,0.9312972724830408,0.7950896414683789,0.8438471631147552,0.9120136950985209,0.7908571662765087,0.9022255825125551,0.7517757753406704,0.9714578717045065,0.8380026199196463,0.9819912974428575,0.9648216134917829,0.9008184272841163,0.9807480760959044,0.8585242345955859,0.8576441872574088,0.8687120679416105,0.6815775278334981,0.8705954752723886,0.7158805587636539,0.8983739487948561,0.8669058313838702,0.9234457537419232,0.7919372927094089,0.8109856491133973,0.8636123286854331,0.9192327870446462,0.9666703746305543,0.7841957663445419,0.9180351461270722,0.8252456314230228,0.8443512569825546,0.9802655900904539,0.6474387982424445,0.8710762529305113,0.5778187956620857,0.77714596622972,0.8583422593496205,0.8308198545632621,0.7936152605782912,0.6339927913026551,0.9451689995479283,0.854743442341604,0.6970909090520432,0.8330128205128206,0.9021580758390966,0.9418533128468709,0.9130442355675873,0.7501805582996928,0.8496029817787225,0.9048341604127623,0.9308487984769921,0.7484827862276167,0.7839924217909464,0.8093377458849897,0.6702316564245807,0.9289590390434164,0.9014175548402057,0.9327935102712095,0.8453672416657232,0.8475202441302037,0.933584416020724,0.7985291093060676,0.778223220292515,0.9268298881488041,0.9254887101749933,0.7269230769230761,0.8209507889487275,0.8319589973352826,0.8800187100542716,0.8739011376245651,0.8456686822352353,0.9125301217359769,0.8738260840721528,0.6221281312976874,0.8372803352858633,0.6230350005464443,0.938659923338481,0.9568699326296606,0.9714578717045065,0.90089194988517,0.9999372812790766,0.9153776817116556,0.7706611462306394,0.9757764977426823,0.9895154326131526,0.7905609642519644,0.8356963633835399,0.8060628203277849,0.9103339493566889,0.894917409653627,0.6339927913026551,0.7335479274831562,0.6784294986708896,0.9795995427917642,0.9318778329717143,0.6339927913026551,0.9130931257368895,0.6738711387493936,0.7422283342251004,0.8596598169726406,0.7746884172332466,0.8257818699927977,0.9310241933681163,0.8758285813457803,0.9181854098502648,0.9708726076636669,0.9446375206169243,0.8048719500632193,0.8805708457535912,0.9015191415563053,0.8056017035197615,0.9714578717045065,0.9122530226440353,0.9386599233384809,0.7334359965876116,0.9120136950985207,0.9802655900904541,0.8397330855386307,0.994160930288872,0.9494833800495852,0.9275298861055071,0.717314901372647,0.9613364213349977,0.8863852623001995,0.9819912974428575,0.6173690675531273,0.8715513084488646,0.6221281312976874,0.9800040497391678,0.5992399444217482,0.6221281312976874,0.6527839128027031,0.5425104487761341,0.6339927913026551,0.9483230454649096,0.6002146597538158,0.6339927913026551,0.8202156726197056,0.884860390069329,0.9254100871772517,0.9378370728938006,0.7936237966456279,0.7437726155785196,0.6221281312976874,0.6060622662589829,0.942333619335039,0.9776415955422072,0.946011459898662,0.6339927913026551,0.8040552536551163,0.9276797318633756,0.8202156726197054,0.7896088058424873,0.7882741497313808,0.8858340936764978,0.8088368766015421,0.8800187100542717,0.994414973152732,0.8590495752805767,0.9243203844516433,0.759099175321178,0.9587645186677308,0.9564659311544548,0.9171743739767483,0.8900265369300415,0.9990875851642479,0.9527845216655546,0.9042162740830946,0.8232723532225701,0.8996902265061828,0.6339927913026551,0.8232871445508145,0.7771303791235169,0.9308487984769921,0.7279151285851096,0.9353159208540363,0.8356963633835397,0.9632293293236966,0.6403920386762305,0.7158476834146978,0.8162735458738257,0.6339927913026551,0.6339927913026551,0.5435367507360049,0.7139686678758757,0.9758994362393925,0.8253317216902354,0.7803958446290831,0.8127759617357635,0.8206027479074051,0.9337528140556977,0.8164898181514022,0.9571118386245914,0.6339927913026551,0.6675402128064065,0.9451689995479283,0.8970542565865081,0.6373698690734962,0.8858340936764979,0.9899032729053593,0.6339927913026551,0.6339927913026551,0.9274268415728499,0.9558694433263362,0.864428581377295,0.8317311854817,0.6990704097800863,0.816014920730001,0.8031117153000371,0.874945067015586,0.958994945241875,0.8270754954313704,0.6339927913026551,0.871172047389687,0.9586971536315128,0.9634382098178782,0.9631612510065022,0.653415642645967,0.8795490940841922,0.9283646450840661,0.9008919498851699,0.971497529159099,0.8409024340721429,0.6339927913026551,0.9414078771532364,0.9638569490943998,0.761478447979222,0.921065896223911,0.8475280248608511,0.7716343233499168,0.995204710770401,0.704408176020553,0.8805708457535908,0.7186545626997252,0.7909934753889416,0.7737814949433279,0.9703808325082798,0.986305031878903,0.6765389153479933,0.9327350563103434,0.9851609000695931,0.6527839128027031,0.8051048983715368,0.8172798429420178,0.8711720473896869,0.6934916769760637,0.9781287431575729,0.8207206382027006,0.9781287431575729,0.8533117429016539,0.7341634785193588,0.7674763365434509,0.8229735382195595,0.9874185022010289,0.8913167644457044,0.8849533332175407,0.884953333217541,0.8101086057021317,0.9006456125752123,0.9180351461270723,0.6994303262113237,0.9735733109189428,0.9389653986475877,0.9964415936800772,0.5953880564409904,0.9492660674936821,0.9708691857785818,0.6339927913026551,0.8257818699927977,0.9558694433263362,0.8282311728698759,0.8913167644457044,0.9362905229479634,0.8705188107117402,0.6511703480893001,0.6339927913026551,0.7681158752418604,0.66112286927689,0.82766236073605,0.9283549996897462,0.9414078771532362,0.9189659181772103,0.9451689995479283,0.9292476523650604,0.9979406633474793,0.8253317216902352,0.8145225635322606,0.8496029817787222,0.9611503529344191,0.8970542565865078,0.996750681705096,0.987418502201029,0.8988520147584989,0.9993492506814547,0.9457766506733539,0.5592237219913143,0.6336666499248775,0.9179343211748929,0.6221281312976874,0.9860801702003378,0.7269230769230766,0.9456337324240507,0.9335164709157311,0.8200461513678257,0.6339927913026551,0.8727104493857676,0.6723605412471116,0.8762799239157198,0.6339927913026551,0.8922663859023952,0.9289590390434164,0.8858340936764979,0.5870271176619442,0.6527839128027031,0.929234699649422,0.8224380100831483,0.9879797376040623,0.7230002295574622,0.9045915878042654,0.9008184272841167,0.6817290759619282,0.6339927913026551,0.8960126735832692,0.6339927913026551,0.8858340936764979,0.7711721835626064,0.9338707104154631,0.8970542565865081,0.7434908715072499,0.8281715256200378,0.8914209510155031,0.81026485913781,0.6339927913026551,0.6954225691819318,0.9000926047703484,0.8858565080241474,0.9080189266398186,0.8823421010842234,0.9800040497391678,0.8435366459830158,0.7402798538006548,0.563979452141123,0.81203091922993,0.6569296094310402,0.563979452141123,0.8542749023230835,0.8754988991654501,0.7203903003681011,0.563979452141123,0.8970542565865081,0.8614472846573513,0.9634382098178786,0.7538867935198055,0.9793467091371041,0.7625685155564192,0.9459735178497931,0.756408996570381,0.7890100968809904,0.843104345188914,0.8262466991162757,0.8570520663595733,0.8367186018328008,0.9819912974428575,0.9090852726197352,0.87627992391572,0.731137265014673,0.889114085587337,0.7428207249346308,0.8270466290890089,0.8570520663595729,0.9634382098178783,0.8705954752723888,0.8049449077931455,0.8683441453612385,0.8252844515670321,0.8020592119962242,0.8563158483371995,0.9451689995479283,0.9167714410425667,0.8844215383990248,0.7985559379258642,0.9437802742144983,0.9941663847661135,0.9564659311544543,0.8110899258143527,0.9322050529873019,0.791658249328292,0.8927713255769502,0.9096966568079053,0.7636918551550634,0.963334254177939,0.838002619919646,0.9859649127062826,0.9167714410425667,0.9905090477178116,0.8585704116037738,0.8128142530789662,0.9353159208540365,0.995365126319036,0.9796243389823376,0.7209222077170492,0.6964224106689857,0.8356963633835397,0.8179575001464332,0.8873793646220564,0.8880623439790807,0.8596724085529241,0.9042162740830947,0.8983739487948558,0.8076792614799992,0.8252844515670327,0.9714578717045066,0.9928569347349668,0.9012839739389343,0.7915677941670691,0.9984674516564291,0.9418533128468709,0.9921038642514934,0.8956703797577582,0.7341634785193589,0.7931965366205518,0.8710118076125206,0.9962766559418282,0.9167714410425667,0.7247689757027309,0.9648216134917829,0.971497529159099,0.8913167644457044,0.7371385469439533,0.8858340936764979,0.650004708706629,0.9167714410425667
p40_NSQLC,0.9368694765099996,0.8359611579004629,0.9584544227552207,0.919989349133864,0.9886251033694343,0.7022728639633591,0.922427777211593,0.9354192765367997,0.9006962362816693,0.9589316626844853,0.9379142777971528,0.992131884600974,0.9921318846009739,0.8574600169443631,0.8526883459957035,0.9155630897147411,0.9397362273534058,0.9292677720165115,0.9568599156354454,0.7212184631640952,0.9181361257449083,0.9364159486136479,0.8075202219813378,0.9493053971730234,0.9349426948340502,0.9292677720165115,0.9397362273534057,0.960291949762603,0.7212184631640952,0.958235616282348,0.9225701399051967,0.9061219481453389,0.998438082710315,0.9162050927129204,0.9886251033694344,0.9667798280829097,0.9190874378408647,0.998438082710315,0.9610996995613952,0.9752830459923438,0.896130882831621,0.9306566646589698,0.9547434413197935,0.9915134859542967,0.9425805352069325,0.9216094359850462,0.9511016704226434,0.8972654241994793,0.9278966962971924,0.9233738460510834,0.9529545363721539,0.8292174156176653,0.9292677720165115,0.9394396415413291,0.9409942357230057,0.9742178060512305,0.9265423524364669,0.9475597985845114,0.9379519319433762,0.9350839192327516,0.9813702038092995,0.9461421116766491,0.9231752901944043,0.8961308828316208,0.9548710823073729,0.8424606700354111,0.9529545363721539,0.9074162269428675,0.991231693528243,0.9568599156354454,0.7735497313582812,0.9278966962971924,0.9475597985845112,0.9910150473833055,0.9475597985845114,0.9509103733010487,0.9364159486136479,0.9379142777971528,0.9287189694062172,0.9547434413197932,0.9928618019927207,0.8135617909107401,0.923879955825063,0.9292677720165115,0.9475597985845114,0.8303136803781797,0.9902428565647541,0.9527954253325329,0.8905160099774292,0.9458598726114653,0.9475597985845114,0.8310621170199549,0.9682884753552112,0.999454910056343,0.9834886668885245,0.8804787288072373,0.8713182434654577,0.9523926900665711,0.8421226412849139,0.8128743662973863,0.8827558331044782,0.7088700293650657,0.9886251033694344,0.903714272851292,0.9932949479190378,0.9568599156354454,0.8237303382748608,0.9834496421255747,0.9877220281917203,0.9654828892636078,0.7717677348931046,0.9693318146530957,0.8562018915429415,0.8560751265203924,0.9128870094924402,0.9406573296268617,0.667511757481807,0.9667798280829097,0.9610996995613952,0.9748740102488136,0.9915134859542967,0.9489284627486734,0.9877220281917203,0.6662648810887067,0.9231752901944044,0.8024296354399563,0.9190874378408647,0.6221281312976892,0.0,0.9125111785873636,0.9006096463746005,0.9511016704226432,0.9529545363721539,0.9610996995613952,0.9425805352069325,0.9250214760312454,0.9277463696241426,0.9529545363721539,0.9765837058865925,0.9442013463068033,0.8536240445709696,0.958931662684485,0.8469812896824731,0.9630657379783196,0.8078113596817891,0.9476386094693983,0.8894031717904969,0.8660830247325575,0.9278966962971924,0.9700724666399269,0.9611058687776597,0.9030086235821644,0.8772536000905929,0.8773193685069605,0.9529545363721539,0.9278966962971926,0.8937928450396714,0.9112976020672168,0.8826297756089203,0.8811742389803805,0.7836332302901654,0.9511016704226432,0.9661859802146437,0.8234248743448613,0.9248684892532348,0.8763087891966076,0.9486909276320881,0.8097028901503379,0.9834886668885247,0.9836926141722804,0.8129498901600087,0.9458598726114653,0.9265423524364671,0.9534546124070452,0.8490980979184484,0.9721446121872523,0.5849785466746836,0.9615896302219167,0.9174557485535397,0.8787681755736589,0.9088944096710687,0.9538876829840168,0.9265423524364667,0.9458598726114651,0.9154533753716585,0.8510908001067999,0.8838152225738927,0.9149798771072559,0.9394396415413291,0.9434749274016662,0.9442013463068035,0.9097446761129822,0.9302719333857008,0.975046571907529,0.9800894053211886,0.9475597985845114,0.9493053971730234,0.9442013463068035,0.8972654241994793,0.9110727471685338,0.8882932693469461,0.9458598726114651,0.9475597985845114,0.9586655795685093,0.975046571907529,0.9611058687776596,0.9475597985845114,0.9424781900280399,0.9125111785873636,0.9809610462488345,0.9963436067167888,0.9018497344665104,0.9458598726114651,0.9475597985845114,0.9375788537951417,0.9475597985845114,0.9726005682749654,0.9493117100236348,0.9164570144298142,0.9475597985845114,0.9180351461270723,0.9475597985845114,0.9073419084704222,0.9819150380375274,0.7923256286306115,0.9366782695007883,0.9511016704226432,0.9554188735897675,0.9442013463068033,0.9334927596276981,0.9902428565647543,0.9415490144516765,0.8130508058152965,0.8691190999184777,0.9765837058865925,0.9329016612088757,0.9220520382689481,0.9747733305686097,0.9663770061235322,0.9540589546097205,0.9125111785873636,0.9425805352069323,0.8811742389803805,0.9442013463068035,0.9475597985845114,0.9747733305686097,0.9475597985845114,0.8081116812777625,0.8382021652784958,0.9529545363721539,0.9721820378192461,0.9554188735897675,0.9493053971730234,0.9242178393011234,0.9594986384506097,0.8634870394328219,0.9379142777971528,0.8873793646220562,0.9511016704226434,0.909588004426095,0.8993926091805275,0.9852357534673346,0.9458598726114653,0.971905036534492,0.8071506698658288,0.9610996995613952,0.8852158769431717,0.9716283403446574,0.9306566646589698,0.8981789948276746,0.8711944404814034,0.9529545363721539,0.9027359029952129,0.9614933884630206,0.9898265704110231,0.9568599156354454,0.9492546954099309,0.883096699643208,0.9320645602494204,0.9896261919016811,0.9568599156354454,0.9742444541544061,0.9754015323112335,0.9548710823073729,0.8129420361099914,0.919989349133864,0.9808926695348984,0.9162050927129204,0.9670218540558317,0.9442013463068035,0.9511016704226434,0.9128870094924402,0.9325061828489147,0.5849785466746837,0.8746662285702409,0.8802619090433539,0.9494402015988872,0.7803928839093353,0.9667798280829099,0.9475597985845114,0.9278966962971924,0.6936544503118635,0.9765837058865925,0.9833183631879888,0.9315076677030099,0.9511016704226434,0.9278966962971926,0.955724889671401,0.995276756596932,0.9065205555971325,0.9142868184584121,0.9639064417926917,0.8024296354399562,0.8302218952289879,0.8755930267546017,0.9611058687776596,0.9006962362816695,0.40136858901267414,0.9162050927129204,0.9125111785873636,0.9747772854616302,0.5728587092801483,0.9475597985845114,0.9529545363721537,0.874775722011748,0.9784534179462063,0.9568599156354454,0.971905036534492,0.9458598726114651,0.9475597985845114,0.9349426948340505,0.9568599156354454,0.9547434413197932,0.9724921727166423,0.8441525854401168,0.8135617909107402,0.9529545363721539,0.9716283403446574,0.9370620841547872,0.801160638377599,0.9409942357230057,0.9026469007280422,0.9808926695348984,0.9979245843396392,0.9169612314590974,0.9394396415413291,0.8127537370887234,0.9610996995613952,0.9771567963417207,0.826183938444757,0.9624492924114183,0.9425805352069323,0.9921318846009738,0.7735497313582815,0.8816859778305945,0.9670218540558317,0.9961460104523514,0.9348870532500863,0.9475597985845114,0.9090603183133985,0.9149644520716045,0.9608931845293398,0.7878600357864767,0.9611058687776596,0.9869718167572021,0.9475597985845114,0.9475597985845114,0.9278966962971924,0.9855683111551216,0.8713860922411081,0.9475597985845114,0.5612935260883846,0.9475597985845114,0.8129498901600085,0.893874003041377,0.8877510244611109,0.860994907277326,0.9212735133449714,0.9559302354841395,0.9125440513003291,0.9129501056520251,0.9475597985845114,0.9436711479582613,0.8343172089136097,0.9610460535582801,0.9813880287156102,0.9885587804861203,0.9451453215839162,0.9511016704226434,0.9545358356057008,0.9475597985845114,0.9064364190516155,0.9231752901944044,0.9763563846251535,0.8814700551931214,0.853283855347809,0.9112422000431177,0.7717865293404476,0.9475597985845114,0.9632352095242759,0.8812784060133264,0.9475597985845114,0.9885587804861203,0.9918594851289209,0.9825784749652078,0.939441272082094,0.9614654189642542,0.9475597985845114,0.8992471954471697,0.8169283463860437,0.971905036534492,0.8767155864943421,0.893052274373392,0.9792140372249502,0.9053437280773231,0.9287546220071028,0.9128870094924402,0.8859564064491338,0.8827817928509321,0.9334927596276981,0.877897145441318,0.8734076648842924,0.9298843125247958,0.9111150293377238,0.9061219481453389,0.9292677720165115,0.9475597985845114,0.8904195718012649,0.765687247518406,0.8625951760283532,0.937914277797153,0.9721820378192461,0.9954412864629744,0.8223189893741467,0.8532838553478092,0.9442013463068033,0.8972431496161435,0.9886251033694344,0.995589441680881,0.9408473026043807,0.9097446761129819,0.9667798280829099,0.8708107869705992,0.9611058687776597,0.9482607581795668,0.6521280109467598,0.9049053933252806,0.9902428565647541,0.9589316626844853,0.9586091055134222,0.955724889671401,0.9713844238365044,0.9306566646589698,0.9364159486136481,0.9876139325764797,0.7088700293650656,0.9591402541866407,0.9329016612088759,0.970602864292951,0.9829392900173883,0.8961308828316208,0.9928618019927209,0.9682551375725406,0.9623377431332976,0.7652011593459804,0.9452667931025014,0.880894608633575,0.8638660144347725,0.79902066083399,0.919989349133864,0.9661859802146437,0.9334927596276981,0.9364115981367808,0.73240057702944,0.936331570234843,0.9829392900173883,0.995606730632077,0.9108358506914171,0.6408643693226077,0.8989651095456501,0.8727037613151145,0.9152209695615847,0.9696724395861309,0.9667798280829097,0.8326617528694968,0.8882932693469461,0.9548710823073729,0.8343172089136095,0.9985778460732367,0.7043697524740837,0.9529545363721539,0.9568599156354454,0.7576348764233948,0.8973121247933229,0.9100921482984174,0.9458598726114651,0.9458598726114651,0.8739594680062144,0.8626012630123828,0.9425805352069323,0.8140783112294061,0.9475597985845114,0.9548710823073732,0.9475597985845114,0.9475597985845114,0.9810334199324047,0.9334927596276981,0.826183938444757,0.9475597985845114,0.8032473794919717,0.8324784774213034,0.9540589546097203,0.8530611358232432,0.8773193685069607,0.9790106939592822,0.7960092235497725,0.8747757220117481,0.8637151821288627,0.9409942357230059,0.8787681755736592,0.9548710823073732,0.9149644520716045,0.9350720144118136,0.8512827582389368,0.9225701399051964,0.9409942357230057,0.995441286462974,0.893536659521248,0.6057856307438164,0.9287546220071028,0.8448813494499822,0.9175213699727839,0.9364159486136476,0.9693318146530955,0.9334927596276981,0.9914257545340133,0.9885587804861203,0.9030086235821644,0.9334927596276981,0.96089318452934,0.9511016704226434,0.9364159486136481,0.9848910203339207,0.9524187417251317,0.8523731211903478,0.9043553848873509,0.9529545363721539,0.8523731211903478,0.9425805352069325,0.8444866399348757,0.940632582624015,0.9301236418134132,0.9062954961391321,0.9701956444682691,0.8705865822009817,0.9513315692601683,0.9002204358789427,0.9123884588666585,0.9266242341817237,0.9902428565647541,0.9014721877499052,0.9450975949913771,0.9475597985845114,0.9061219481453389,0.913733309388403,0.9886251033694344,0.9286859463478485,0.9364159486136476,0.9442013463068035,0.844541600958906,0.9968116130112576,0.9852901633058908,0.9918958517827534,0.9589316626844853,0.9657955032447522,0.8972431496161436,0.9818014931500496,0.9442013463068033,0.7143426823531388,0.8445574319866596,0.9125111785873636,0.9320645602494204,0.9926368555046544,0.9422545199655035,0.9989925330389062,0.9867566952391494,0.9549894228659186,0.8827190623870713,0.9593417278528643,0.8946898694254275,0.6412559946262401,0.9349426948340502,0.9493053971730234,0.9493117100236348,0.9876139325764797,0.9340898362261588,0.9458598726114653,0.9354192765367995,0.9520696192944196,0.9547434413197933,0.993449533509881,0.9808926695348984,0.9574180966633072,0.7923256286306117,0.980662425002937,0.9730506507011063,0.7576348764233946,0.9877220281917203,0.93150766770301,0.9379142777971528,0.992131884600974,0.9765837058865925,0.6181160048445478,0.9475597985845114,0.9979245843396389,0.9232500268303596,0.9393168634276092,0.7784821996158586,0.9475597985845114,0.8794996237395192,0.9553908665016351,0.8657490312007632,0.919989349133864,0.9765198713238086,0.8661426937240922,0.9568011828647873,0.9743286942798364,0.839904789082192,0.9030086235821644,0.8755343989590987,0.9569179508810808,0.9548710823073732,0.7619375114470164,0.9265423524364667,0.9511016704226434,0.8797499413008519,0.961099699561395,0.9721820378192461,0.9350839192327518,0.8705865822009818,0.9394396415413291,0.9265423524364667,0.6695496131391625,0.9243307498488827,0.9479816677342621,0.9568599156354454,0.9475597985845114,0.9559302354841396,0.9799788655295095,0.9890735278881326,0.9921318846009738,0.9529545363721539,0.9397362273534059,0.9921318846009738,0.9458598726114653,0.9591402541866406,0.9475597985845114,0.9425805352069323,0.9403431124874277,0.9475597985845114,0.9320645602494204,0.8338865734461227,0.9667798280829099,0.9128870094924402,0.9548710823073732,0.9493053971730234,0.9458598726114653,0.9629304985011744,0.9947730605262131,0.9334927596276981,0.9898169887145654,0.9475597985845114,0.9792140372249502,0.6408643693226077,0.9320645602494204,0.9932753295214196,0.9837698257153857,0.9568599156354454,0.5900695253755873,0.9349426948340505,0.995606730632077,0.9594986384506098,0.9475597985845112,0.9125111785873636,0.7735497313582813,0.9860598647601154,0.8914571445678525,0.937914277797153,0.890419571801265,0.8300526594266476,0.9808926695348984,0.9430441133000049,0.9243307498488829,0.9475597985845114,0.7333647111852164,0.9784419914278069,0.9589316626844853,0.9366016934332577,0.9397362273534058,0.9379142777971528,0.9881440352652531,0.9954412864629744,0.9764455298833901,0.9968541159112032,0.9475597985845114,0.9475597985845114,0.9112976020672168,0.8890958363645556,0.7995502483019269,0.9236524445610546,0.8696295404751329,0.8556880453098374,0.9333465640103242,0.9586091055134223,0.9306566646589698,0.9702976712418913,0.9475597985845114,0.9343080653650264,0.9061219481453389,0.9610996995613952,0.9746652493326956,0.9568599156354454,0.9968116130112576,0.9475597985845114,0.9475597985845114,0.958235616282348,0.860994907277326,0.8964006578614007,0.9364159486136479,0.9963436067167889,0.9200152252821033,0.9808396689061134,0.9696724395861309,0.9438386554563565,0.8569453806218212,0.9475597985845114,0.8797499413008519,0.9516322262423385,0.9848910203339206,0.9568599156354454,0.9468967560237761,0.9761220212808734,0.9077040005624184,0.8303136803781797,0.9848910203339206,0.9931921107480989,0.9475597985845114,0.8777190734356533,0.745406391194774,0.8961308828316208,0.8116509333629449,0.892155484456858,0.9394396415413291,0.9070459249947541,0.9410341306992255,0.9548710823073729,0.864309074997313,0.8885705152446666,0.9425805352069323,0.8811434002398045,0.9909903972974268,0.9784534179462063,0.9739999445148568,0.9765837058865925,0.9458598726114653,0.9042833811001099,0.8350803794897144,0.995606730632077,0.9054354303384727,0.9610996995613952,0.7551066132337816,0.9547434413197935,0.9610996995613952,0.8995478568587885,0.96089318452934,0.928754622007103,0.9475597985845112,0.9589316626844853,0.9364159486136479,0.9364159486136476,0.9159973957702078,0.9409942357230059,0.9458598726114651,0.9304312867192419,0.8905160099774294,0.9493053971730234,0.855715460675475,0.9149644520716045,0.8175818786954805,0.822145582257799,0.9475597985845114,0.8661426937240922,0.9886251033694344,0.9201656104549851,0.9589316626844853,0.9306566646589698,0.9320645602494202,0.9116080119434857,0.9475597985845114,0.9365871288980401,0.9236524445610544,0.9829392900173883,0.9379519319433762,0.9626910538963924,0.9461487523932309,0.9765837058865925,0.8727037613151145,0.8989651095456501,0.9656310566424899,0.9281021453402316,0.9852901633058908,0.9575779665198457,0.9610996995613952,0.755722818303145,0.7971798092312715,0.8950004825334386,0.8784627882818801,0.862529861839961,0.874775722011748,0.9176395759305667,0.9475597985845114,0.9921318846009738,0.9882976624766295,0.9286859463478485,0.9647580114966434,0.9062954961391321,0.9643644808194602,0.9475597985845114,0.9462184605854558,0.9515033910166031,0.9909903972974268,0.9475597985845114,0.9506887194977824,0.9441180703023759,0.9568599156354454,0.9852901633058908,0.9458598726114653,0.9233216706709952,0.9784534179462063,0.9611199907943127,0.6443785650306597,0.9445567768963543,0.9852901633058908,0.9145952869986396,0.9475597985845114,0.9721820378192461,0.9475597985845114,0.9568599156354454,0.9429971838022235,0.9142868184584121,0.9610996995613952,0.8908572896021121,0.8728859274924746,0.9018497344665102,0.919989349133864,0.9475597985845114,0.9731502467466953,0.8714465943048433,0.9349833368300053,0.9682551375725403,0.9540589546097205,0.9529545363721539,0.9225701399051969,0.9663573664294256,0.9557248896714008,0.9247045701871659,0.9643644808194602,0.9557248896714008,0.919989349133864,0.9529545363721539,0.9494402015988872,0.9557248896714008,0.9610996995613952,0.9292677720165115,0.9493053971730234,0.98280557463282,0.8061071562382913,0.8983910743172119,0.864436520678708,0.8882932693469461,0.9540589546097205,0.9111150293377237,0.9112976020672168,0.9752830459923437,0.9458598726114651,0.9902428565647541,0.9447808998670315,0.9019701437287179,0.8984043359066813,0.8852158769431717,0.9701592651997483,0.9378040766465512,0.9752830459923437,0.9493053971730234,0.9511016704226434,0.8984043359066811,0.96157326624698,0.9252037445446055,0.9252037445446055,0.8972654241994793,0.9529545363721539,0.9719050365344921,0.9376253858395404,0.9238799558250632,0.9245657747152314,0.8727673249698823,0.9860598647601156,0.9726352330389936,0.9877220281917203,0.9212735133449719,0.9886251033694344,0.9753728101585559,0.9067535954069721,0.950802817126357,0.9343080653650264,0.9929251053139987,0.9548710823073729,0.8261839384447572,0.966137065297176,0.9292677720165115,0.9397362273534057,0.8445416009589066,0.8961308828316208,0.9732611332238879,0.9714932980607038,0.9379142777971528,0.9855009794529512,0.992131884600974,0.8858790554238976,0.9302719333857006,0.9511016704226434,0.9493053971730236,0.9168460830759904,0.9252037445446055,0.9808926695348984,0.9680148528725812,0.8897634772723555,0.9255897343552283,0.7540118175420857,0.9442013463068035,0.9696969022768169,0.9829392900173883,0.8995478568587885,0.7768756894075242,0.8545503661181635,0.7118123313748043,0.9548710823073732,0.8894031717904969,0.9193260543091282,0.7216766903616987,0.9589316626844853,0.9155630897147411,0.9568599156354454,0.9068605443109163,0.9548710823073732
p40_Y,0.9185729911132725,0.9773810909232876,0.8194852749688188,0.9205309941406192,0.9137080532218428,0.9371382816751241,0.945094745800659,0.9531086932151924,0.8649303928299299,0.9336347991328915,0.8996713357710029,0.9628454933455661,0.9212977173232088,0.8707051888795787,0.9311253517298919,0.9450014663851258,0.9072118677365053,0.8856988418635352,0.9302869180633688,0.9336347991328915,0.9271185702218607,0.9693820495180774,0.961938580597147,0.9621698344437759,0.8948693468634783,0.885698841863535,0.9072118677365053,0.9987249599057337,0.9336347991328915,0.8246172922454978,0.8748756693307258,0.887176304692468,0.9046484553665965,0.8645899440480416,0.9137080532218428,0.9302869180633686,0.9180790428976138,0.9046484553665961,0.9371382816751241,0.8834832246395512,0.8321506231964104,0.7434943064820542,0.9371382816751241,0.9816226255653286,0.9072118677365053,0.7454947939753191,0.9209817665727265,0.868177003646666,0.8834832246395514,0.9605168422040375,0.9239759423528264,0.7490568910907291,0.885698841863535,0.939758684368555,0.6719674299867893,0.9132389320257914,0.881294645597023,0.9152582079543838,0.8231684676253799,0.9098310498422766,0.8949117707360064,0.9759229255035986,0.9186550120230905,0.9307016541888506,0.9270730230791457,0.8584380740481099,0.9239759423528264,0.9213578482103686,0.781069984031701,0.9302869180633688,0.8686490640266937,0.8834832246395514,0.9992249226337292,0.9665159719861598,0.9152582079543838,0.984002294678674,0.8972500807670709,0.9364881737530406,0.9507555075874374,0.9371382816751241,0.9364881737530406,0.9583942031553514,0.876992292556863,0.8836079670195752,0.9152582079543838,0.8625851059964713,0.9693820495180772,0.9923867006416571,0.8674517075612465,0.9125111785873636,0.9152582079543838,0.8194852749688188,0.8138501482580387,0.9593985904849387,0.9057753460515608,0.9580835864837807,0.839132797389883,0.8353059983605327,0.8303599717123528,0.9080350407648283,0.9132389320257916,0.9665480300996037,0.9152582079543843,0.8300492252778046,0.833387661086038,0.9302869180633684,0.8451467479521528,0.8770141907096178,0.9636743678186817,0.885512040105989,0.8146814005692065,0.8879432507007239,0.894957234127898,0.9919904571923958,0.9209817665727265,0.9760431323347453,0.8721292828577807,0.9814510646731798,0.9371382816751241,0.9520746188418976,0.8725121154688945,0.8088080901268468,0.8948693468634783,0.972071287611145,0.8836079670195757,0.9600248912759577,0.9180790428976138,0.3893703980320402,0.9125111785873636,0.0,0.9123713980692956,0.9665480300996037,0.9239759423528264,0.8373091029803342,0.9072118677365053,0.879511130929242,0.7395164975775639,0.9239759423528264,0.9239759423528264,0.9907143086558445,0.9738572735268669,0.9336347991328913,0.9902272550109921,0.807306197356493,0.8353059983605327,0.9846406300806096,0.9894953978689657,0.9512443617526195,0.7272782289082182,0.667661173569247,0.9336347991328913,0.924323992289477,0.8405176238551884,0.9573551424808209,0.9711878805915029,0.9483563157149233,0.8875731427764119,0.8842122443079046,0.964169973065087,0.8315069861698932,0.8021404815820738,0.9209817665727262,0.9243062854435229,0.8119977657595078,0.8285035731719173,0.88873150110704,0.759099175321178,0.8814261386926305,0.9390586815258848,0.9239298958700635,0.900528591305265,0.9125111785873636,0.9132389320257912,0.7561038991180002,0.9570313873101008,0.99364625631041,0.9302869180633686,0.8758750911172565,0.9248202875667844,0.9247004559875522,0.9041086014616291,0.9064722785841235,0.9771275048833288,0.5473677331219975,0.7045482621298302,0.9570313873101008,0.9462375531880256,0.7640495966126862,0.9097516894125137,0.8553492612243431,0.9098310498422768,0.906448948215731,0.9484936755810924,0.980225201034707,0.6919128304650979,0.9152582079543838,0.9496485824638997,0.9502726792490606,0.7937172565597144,0.8219447828202178,0.9605168422040375,0.6304632851667114,0.9152582079543838,0.780727536533476,0.7807552485505294,0.9336347991328915,0.9152582079543838,0.9518953180592347,0.8586206896551725,0.8334032066537789,0.9236238571148092,0.8926108569735699,0.9125111785873636,0.9152582079543838,0.6542309739249366,0.9152582079543838,0.9842318644685906,0.8667830749506908,0.8797254464344414,0.9152582079543838,0.8823421010842232,0.9152582079543838,0.7507439296808167,0.9232815443360511,0.8605956163602335,0.7929756481234906,0.920981766572726,0.7947271048367864,0.9098310498422768,0.9272324378358676,0.8972500807670707,0.9207352331609371,0.868009863545373,0.8933580624819937,0.9239759423528264,0.7243697373376099,0.7150752667467533,0.9132780522734492,0.8527933965694763,0.8864592094196804,0.9699747687132041,0.9350840409709821,0.8315069861698934,0.9688440619373719,0.9152582079543838,0.8599048430053959,0.9152582079543838,0.9645415102445627,0.890832632464256,0.8871763046924687,0.5542795585975131,0.8130708759758316,0.9496485824638997,0.9944228758940543,0.8948693468634781,0.8212788440155336,0.8794276363367705,0.8207206382027005,0.9423194428466417,0.7859745422812419,0.8713011625822467,0.789293933413073,0.9540589546097205,0.9257389930135203,0.7526714876460534,0.9371382816751241,0.9713690206280263,0.7600561647773877,0.9884602805599663,0.8904440437110421,0.8344417756036386,0.7927524282151166,0.856553131830091,0.9323494460903834,0.8383974723823078,0.9302869180633684,0.9235979845531425,0.856659586411368,0.9734299614209916,0.8608323269166085,0.9302869180633684,0.9677786049373615,0.8767246641306561,0.7294883478037415,0.8547850709517304,0.930351993730951,0.9209817665727262,0.8764969900463834,0.9320839351462277,0.9098310498422768,0.9209817665727265,0.9665480300996034,0.8484935465045012,0.9302869180633686,0.9407803262376815,0.9197102561463771,0.8088080901268468,0.7892939334130731,0.9302869180633688,0.9152582079543843,0.9807928612526089,0.9098310498422768,0.9816001811698214,0.9044899469925682,0.9984480847277286,0.9209817665727262,0.9159197701772375,0.49227903446321686,0.710538884641434,0.9389672838060552,0.8091546459968546,0.8474007443171427,0.7271240144400568,0.8604652252297003,0.7877239185135081,0.9336347991328913,0.8649303928299308,0.9336347991328913,0.9915694637821951,0.9186711522287638,0.8754516093417526,0.920981766572726,0.9152582079543838,0.9711878805915026,0.7086934398579614,0.885698841863535,0.9302869180633684,0.9270730230791455,0.9540589546097202,0.9152582079543838,0.8575821538303012,0.5069074692287063,0.9371382816751241,0.9886017307440313,0.9129804740102454,0.8902183677316944,0.6983285517377636,0.9327114027310499,0.7336285154224773,0.9655974895223984,0.9431379203344703,0.7347269473178135,0.9209817665727265,0.9796624177838524,0.7046290326348505,0.939758684368555,0.9886017307440315,0.9371382816751241,0.8036867788541617,0.8645899440480407,0.7833661589651719,0.9072118677365053,0.9125111785873636,0.8073341623426767,0.8734073652705018,0.9750993123079483,0.7439019101917248,0.6976105905469068,0.9152582079543838,0.9570313873101008,0.739178109255342,0.8957156269639839,0.9098510170045646,0.9592096814182647,0.9828975878302718,0.9152582079543838,0.9152582079543838,0.5975320467574741,0.9318512436551015,0.8057649851807005,0.9152582079543838,0.9336347991328913,0.9152582079543843,0.8608841892892483,0.8285035731719173,0.7807552485505292,0.9152582079543843,0.9029881796097647,0.8972500807670709,0.7201378724697229,0.8473067066465347,0.9152582079543838,0.801751780477767,0.8605956163602337,0.7856540024026235,0.9645277948810859,0.9029881796097647,0.836681609780902,0.9209817665727265,0.879374619363547,0.9152582079543838,0.7909742770057893,0.885698841863535,0.8669758292668839,0.8309024436787313,0.7291946247330889,0.7182924545133287,0.9046484553665961,0.9152582079543838,0.6184684662514626,0.8070924294937531,0.9152582079543838,0.8553492612243435,0.9893137486628492,0.7560449442954518,0.6918329828093988,0.867493074499344,0.9152582079543838,0.8153228320996532,0.9213578482103686,0.974801654315965,0.9078612916467244,0.9901666860459997,0.897236612208085,0.9258608077723745,0.8266892096935974,0.9209817665727265,0.7049143960866453,0.8562275189872222,0.9272324378358678,0.9947353835607167,0.9093287789617368,0.7842254686329959,0.8925262950745885,0.9239759423528264,0.885698841863535,0.9152582079543838,0.98145106467318,0.8858401986813218,0.7439284780771289,0.7689771223906572,0.8375740315947401,0.9098310498422768,0.9961523940775896,0.9937393740100616,0.9502726792490606,0.8996713357710031,0.9152582079543843,0.9021362778138218,0.886283689266693,0.9826558345338435,0.9162206421071971,0.9801753998288609,0.7448986425205772,0.9397586843685546,0.8992368483577363,0.9623059873215859,0.9945519661064194,0.9872125588573133,0.8907404347589583,0.88873150110704,0.9924726353842229,0.9214489273204716,0.9945519661064195,0.8880761517488762,0.8967531793197643,0.8645899440480411,0.7243697373376101,0.9909748848129505,0.9243062854435229,0.9214717993224891,0.6953434464265826,0.9360968865539774,0.9077452397425096,0.7007579144193804,0.8413921158471314,0.9072118677365053,0.9701407267972149,0.9345033063019539,0.8907075917149339,0.9924821208671799,0.9966447233584261,0.6956918530898957,0.7689771223906581,0.9523316440084558,0.6666387020145361,0.9421362489486964,0.9761360880102046,0.9209817665727262,0.9239298958700635,0.8353392947227403,0.891030590621342,0.6997319795894997,0.7627282022777627,0.9469514868907587,0.8429905361746883,0.9761356843815903,0.8580455361717002,0.9072118677365051,0.9072118677365055,0.981600181169821,0.9302869180633684,0.9054862779423514,0.7468768912768409,0.85471160929002,0.9125111785873636,0.9125111785873636,0.7848192573722186,0.9753714085919836,0.9466378905596335,0.7859745422812416,0.9152582079543838,0.9761356843815903,0.9152582079543838,0.9152582079543838,0.8516987023807902,0.8925262950745887,0.8933580624819937,0.9152582079543838,0.8715402415516167,0.9806009845980311,0.9743481917577799,0.9146163931513944,0.8239808321924889,0.9728253190108709,0.9157349837086726,0.9355105445791142,0.8397278942346018,0.9029042197940337,0.9247004559875522,0.9270730230791455,0.8910305906213416,0.9301163280775342,0.9617779603879586,0.8748756693307256,0.9046484553665961,0.9502726792490606,0.8793529411904695,0.9270730230791455,0.8508127890003336,0.9209817665727265,0.8588039237011789,0.8502880286044064,0.9549546039402188,0.9966447233584261,0.9057451742312861,0.9029881796097647,0.9982056204357297,0.69099999179006,0.6677144639940105,0.9209817665727262,0.933316065142574,0.918079042897614,0.8842122443079046,0.8128263892083853,0.8494698091218427,0.9711878805915029,0.8939186211089408,0.9072118677365055,0.9253975186092833,0.8159112343441137,0.9125111785873636,0.6572569816081248,0.9080254870413738,0.9371382816751241,0.713181047457008,0.9804135331642498,0.834702942480823,0.912745722310693,0.8972500807670707,0.9232815443360514,0.9152220591781886,0.9152582079543838,0.9239759423528264,0.9731391553474593,0.5288821408683528,0.9122530226440353,0.7420900754778967,0.9502726792490606,0.8769922925568632,0.8902963032538072,0.8925262950745887,0.8626807108381243,0.9872125588573133,0.8581515720886295,0.6953434464265819,0.8672596809102011,0.9098310498422768,0.9431379203344701,0.9673527390574845,0.9186711522287638,0.9243062854435229,0.9827047729403633,0.8903404723902574,0.6840252724672611,0.8143439790807523,0.9221261809159464,0.8994767705078305,0.7684696092538159,0.9360968865539772,0.9592096814182646,0.9655974895223984,0.7291946247330887,0.7892537524165004,0.7842991414316781,0.8212788440155336,0.9540589546097205,0.9899757301410148,0.7347269473178135,0.9371382816751241,0.9523189504118235,0.9878857063735189,0.9763670444959534,0.9168673858538463,0.9884602805599663,0.5639866224949756,0.9054862779423514,0.9990384391481417,0.9250646625674579,0.8996713357710022,0.6720110611890682,0.9239759423528264,0.9371382816751241,0.9152582079543838,0.5312795688389507,0.7963131245565658,0.9565359617987834,0.8666109663611836,0.9152582079543838,0.9252310307605454,0.7449370708424379,0.9759709171393389,0.8707051888795787,0.8395280973905586,0.8194852749688188,0.9795841941955428,0.9531141999314104,0.8791314954080307,0.8985005298645463,0.8902487938478427,0.8877804493751151,0.9270730230791455,0.8376723506997306,0.881294645597023,0.9209817665727262,0.8586206896551725,0.9935264355112596,0.9005283589274583,0.9098310498422768,0.9371382816751241,0.902136277813822,0.8631510629728291,0.9152582079543843,0.9902134994569948,0.807040204976804,0.9673847887170084,0.7426743143980699,0.9224199973554132,0.7074778423278758,0.8119977657595078,0.9125111785873636,0.9711878805915029,0.9072118677365053,0.9125111785873636,0.9125111785873636,0.7038882794426664,0.9152582079543838,0.8168059725015978,0.8162691343842878,0.9152582079543838,0.8902183677316944,0.8176961639848566,0.8650564954973854,0.9209817665727265,0.7294883478037419,0.5528314585484398,0.9540589546097205,0.7150879744524046,0.8242121596239331,0.9339429911190155,0.9732374192970299,0.9152582079543838,0.8451467479521528,0.9209817665727265,0.8902183677316946,0.6815363726303545,0.847038304686687,0.9302869180633686,0.9180790428976138,0.9655974895223984,0.890832632464256,0.9655974895223984,0.9152582079543841,0.9978132884777122,0.8981051343567508,0.8496288531646407,0.8667830749506904,0.8996713357710031,0.9814510646731802,0.8834832246395514,0.9209817665727265,0.9232815443360514,0.8731881766987718,0.9152582079543838,0.9992249226337294,0.8258542298405465,0.9872125588573135,0.7486308305443685,0.9072118677365053,0.8996713357710029,0.9719390772537835,0.9098310498422768,0.9255339779679659,0.7717967816356738,0.9152582079543838,0.9152582079543838,0.7024978872440335,0.8039190767631208,0.9636818533225946,0.972825319010871,0.9974465148496587,0.8601860992977177,0.8688949526620646,0.9276811049272778,0.8879432507007239,0.8558963430130211,0.9152582079543838,0.37177868973365524,0.9239759423528264,0.9371382816751241,0.7182924545133285,0.9302869180633684,0.8421421542610041,0.9152582079543838,0.9152582079543838,0.8819145180964152,0.9152582079543843,0.8865624976945097,0.8972500807670707,0.7614393933136983,0.8321506231964104,0.9005283589274589,0.7736452528338301,0.9929153128233807,0.8703323194858006,0.9152582079543838,0.8586206896551725,0.8729735867859885,0.9621698344437759,0.9814510646731798,0.8927050453449001,0.9854604547872992,0.8508524342038155,0.8625851059964713,0.9055577909177369,0.9077830586576732,0.9152582079543838,0.8716254473921436,0.8910305906213418,0.8814261386926308,0.9162544971208777,0.9953421419088956,0.5711500304199176,0.9950483392264471,0.7561470539717319,0.9270730230791455,0.8860980147672435,0.8938918147060306,0.5802498355628298,0.9336347991328913,0.9801777989919911,0.9824764774982423,0.9015066162925457,0.934388242931145,0.9125111785873636,0.9015044103520693,0.881294645597023,0.9421362489486964,0.6305977403623335,0.8936972568164698,0.8073170731707322,0.9500854106526052,0.7245327953080632,0.8376723506997306,0.8957156269639843,0.9473071062272793,0.9580166426603276,0.9336347991328913,0.9693820495180772,0.9693820495180774,0.9116103077994495,0.9816273853023445,0.995606730632077,0.7353739172577547,0.8706881010282796,0.8173762078254125,0.9622498409371392,0.7391781092553413,0.9318679907988416,0.9253379334058671,0.9152582079543838,0.8194852749688186,0.9992249226337292,0.961839081772033,0.9336347991328915,0.7769999831018015,0.8902183677316946,0.7596773995000081,0.9152582079543838,0.9367984192972857,0.6946350280603035,0.6666387020145355,0.8602605064187887,0.9285597621485533,0.864183994647248,0.9239759423528264,0.9383519435605555,0.9188229255693809,0.9913713384075753,0.6700460193353565,0.8925262950745885,0.7578911151421261,0.9371382816751241,0.9272324378358678,0.9152582079543841,0.9250646625674573,0.915919770177237,0.8230996349125437,0.759097240907106,0.7026451113159946,0.7854327491040118,0.9125111785873636,0.8731881766987718,0.7684696092538159,0.8508127890003339,0.7489691393184812,0.6577060118568869,0.9152582079543838,0.9117711157968404,0.7719761627955795,0.8707051888795789,0.9152582079543838,0.8300446655816203,0.9816273853023441,0.9302869180633684,0.8992368483577364,0.9125111785873636,0.8422366653047477,0.7847394565409083,0.8285035731719173,0.7673182036865235,0.9521349754676036,0.8925262950745887,0.7066058564318314,0.9152582079543838,0.8690511952610998,0.9152582079543838,0.9302869180633684,0.875449443987103,0.8768849664132673,0.9371382816751241,0.9390586815258848,0.9475225630345356,0.9537329196471146,0.9005285913052647,0.9152582079543838,0.6862975780081251,0.865448911968848,0.9105864625317396,0.9054862779423514,0.8586206896551727,0.9711878805915029,0.8748756693307262,0.9459727209115529,0.7455019971844741,0.9395449428377216,0.7866645761703159,0.7455019971844741,0.900528591305265,0.9239759423528267,0.8088080901268468,0.7455019971844741,0.9371382816751241,0.9516111821826463,0.9496485824638996,0.8088080901268468,0.9125111785873636,0.9634038194012378,0.9243062854435229,0.8900010585864282,0.8586206896551725,0.7604122773126186,0.9393175601009796,0.8834832246395514,0.6720110611890678,0.9584859817309161,0.9598475691646613,0.8707051888795787,0.8358244551518943,0.7984239954337562,0.9851470344391628,0.8470383046866874,0.8834832246395512,0.9496485824638997,0.9209817665727265,0.9358559422107493,0.9421045168675004,0.9106086590743891,0.8791314954080307,0.9922765821249183,0.9816001811698214,0.9270730230791455,0.9185583942932305,0.876992292556863,0.8463472365414608,0.9951874708791763,0.8496288531646405,0.8745568979467335,0.9990384391481417,0.8727803597140285,0.9152582079543841,0.9444326506516423,0.8622031837320205,0.8997897429930029,0.9580835864837809,0.8880896943769039,0.9761356843815903,0.9221261809159464,0.9666216676892168,0.885698841863535,0.9466378905596333,0.9080254870413738,0.82292076833005,0.8300556663642371,0.8382562997584619,0.8996713357710029,0.8873311952071031,0.9125111785873636,0.9849376486650103,0.9383519435605556,0.9665480300996037,0.9621698344437759,0.9475247683209957,0.9106086590743887,0.9209817665727265,0.85478507095173,0.8753961273264963,0.8552355626501879,0.9098310498422768,0.9502726792490606,0.9499047948653947,0.9583942031553514,0.8376723506997306,0.8056206522660099,0.8881807943883817,0.8902183677316944,0.9761356843815903,0.8449320637799715,0.9214489273204713,0.9180790428976138,0.9336347991328915,0.8542058822129399,0.9302869180633684,0.9080350407648284,0.9761356843815903
p41_G,0.98942135161873,0.8530610496352258,0.7289634644081242,0.8517666345135166,0.765307687290679,0.9056153321941816,0.8612302725093686,0.8863517278560733,0.4395123915367002,0.9003549758958831,0.8493600255132052,0.8755930267546022,0.7796798866671166,0.8058683707380012,0.9613703767550266,0.90506704958109,0.982035293774637,0.828380815414945,0.974069952780863,0.9415831046189616,0.877216542207568,0.8734773996129876,0.9454576150612133,0.8769985528794617,0.8421500073984989,0.48690460751512854,0.8606818700890226,0.7113473273197781,0.9003549758958829,0.7335396130071363,0.5518878317733835,0.7871808429384439,0.8864506701274839,0.6056120246863375,0.831112986322263,0.8953282497576123,0.8769985528794617,0.8568329962206249,0.905615332194182,0.825054143773712,0.7479800410617923,0.910422835255995,0.9923967906489759,0.7773521511080503,0.9213585819318297,0.6330719028637466,0.881356890785397,0.466210456236548,0.8250541437737122,0.7103297025861832,0.8858525408230951,0.6232177133600894,0.48690460751512854,0.9399124649401189,0.7877549168970762,0.8217680690146958,0.821768069014696,0.8727631680356085,0.6135572309472908,0.864614480262015,0.3808718232846302,0.672950452689538,0.9044602128671595,0.8238151377968348,0.8905026990324318,0.5518263379253481,0.8858525408230953,0.9875962636915828,0.884888113666314,0.895328249757612,0.802781171304414,0.8250541437737122,0.9298209348696396,0.4410898749176322,0.8727631680356085,0.7155908458851163,0.8457245959495672,0.8493600255132054,0.49789781462980576,0.9056153321941813,0.9060211977349426,0.8613974049640736,0.8153082366508997,0.9941005905298885,0.8727631680356085,0.7936763507630318,0.9012302032764077,0.6338475055140086,0.9541765048138564,0.8686385996787735,0.8727631680356085,0.7289634644081242,0.6505577109636178,0.6192779371947561,0.9936512206348748,0.9608211976850733,0.7235971676208826,0.7182543862911601,0.38035915956316424,0.3558053889414421,0.8463492228297524,0.881356890785397,0.8727631680356078,0.8009500183908578,0.6923691560668891,0.8953282497576125,0.7674932670842551,0.3864202376483473,0.7768724583747528,0.4760569601321193,0.6891601884219125,0.9090986510815184,0.3977200508305253,0.7731887361496785,0.881356890785397,0.45519106872210935,0.8820115214035236,0.9346991012692378,0.9056153321941816,0.3539622449626305,0.882302931488619,0.7129320454258647,0.8421500073984991,0.8121302010293372,0.8283808154149455,0.4797603950206566,0.8769985528794613,0.9368718177906896,0.9006096463746005,0.9123713980692956,0.0,0.8813568907853968,0.8858525408230953,0.9056153321941811,0.8606818700890229,0.6125016957297671,0.9641793250932451,0.8858525408230953,0.8858525408230951,0.8646144802620155,0.6104568226309616,0.9003549758958831,0.2898090011928598,0.6786482732722341,0.7182543862911603,0.48269895828470355,0.6313025547248261,0.32944836379986775,0.9748138293191466,0.4733987811245015,0.9003549758958829,0.6193259217926725,0.654715688899401,0.8016098400246632,0.8858525408230951,0.5010272712718332,0.737064221128733,0.8695865593628398,0.8121856950641795,0.7303988639854304,0.6880711183292518,0.881356890785397,0.8351667251716828,0.7409825880858246,0.7425041232185348,0.8123397874644109,0.810233437140849,0.7858975894293134,0.9108285080080125,0.7824891593954819,0.966512293952305,0.8686385996787729,0.6128653932390066,0.7095228924572456,0.6550656457556497,0.9135730128505233,0.9346991012692376,0.9539220456911877,0.9117013364779587,0.7507174988746785,0.9244531281210437,0.5507397535072933,0.9200926842749222,0.7796798866671167,0.7719855790896892,0.633863344533484,0.36961201786349196,0.9770937479689272,0.8530610496352263,0.8089841670456619,0.926854212252672,0.7131716031707673,0.7141868656572685,0.5645281478974377,0.7646676570615494,0.8727631680356085,0.8769985528794617,0.9579740782480006,0.9990190874236322,0.7659126587784355,0.45710726187393924,0.8755930267546017,0.8727631680356085,0.7032031446868952,0.45134308072354834,0.9003549758958833,0.8727631680356085,0.7531483960604111,0.4625143729434995,0.45893280886017407,0.6093839499854261,0.7815622495338467,0.8686385996787724,0.8727631680356085,0.7791289227807981,0.8727631680356085,0.6969201847303697,0.6708398153508024,0.7066296366328049,0.8727631680356085,0.6681711511554479,0.8727631680356085,0.6564344390088639,0.6312588532664385,0.7906892017727831,0.6891601884219123,0.8813568907853968,0.4439071718300769,0.8957343462573439,0.8920448061418684,0.8457245959495681,0.8242811816885594,0.5714440688258171,0.8630978149114674,0.8858525408230953,0.8238151377968347,0.8063302406713213,0.7562707214632041,0.8546503537641468,0.7409972932594676,0.3768273205385856,0.92135858193183,0.7129320454258647,0.7308272617987146,0.8727631680356085,0.8752645110565284,0.8727631680356085,0.5655534524625251,0.7877239185135081,0.896169715017931,0.9392628004332157,0.44390717183007666,0.8769985528794615,0.7063775973080841,0.8421500073984989,0.7316564454969656,0.8776906116240739,0.2412202607368107,0.881356890785397,0.6786482732722345,0.8124952347596179,0.7414080320146285,0.8686385996787735,0.8829747595909117,0.7326495971472633,0.905615332194182,0.47266967209002686,0.9155308152011594,0.960663940699372,0.6864427310754013,0.7031585298622738,0.9585117888760866,0.7849913245039053,0.8831930063144946,0.49742684202587784,0.8953282497576125,0.3295211374060768,0.6215704286422723,0.8613974049640734,0.965175520389308,0.8953282497576125,0.8642808999536788,0.5455036869734458,0.8905026990324321,0.7828830600508727,0.8288175026257589,0.881356890785397,0.7966865448611933,0.3977200508305252,0.864614480262015,0.881356890785397,0.881356890785397,0.49538763455933854,0.8953282497576123,0.5388117598846712,0.5262520985221166,0.712932045425865,0.911569113715561,0.9865591957075116,0.8727631680356078,0.8250541437737118,0.8646144802620153,0.8858525408230953,0.3993531143607354,0.8971281968653817,0.881356890785397,0.8250541437737124,0.7979496700862894,0.5516922261612764,0.9975962936711515,0.7685370178684147,0.8498164414187852,0.7913051979367403,0.6412571197652679,0.6812749003984062,0.9003549758958829,0.5958890838990243,0.9003549758958831,0.9073719949449841,0.9123713980692958,0.8139901102444913,0.9433267290805243,0.8727631680356085,0.6418623468324618,0.8338422514590496,0.8283808154149455,0.8953282497576125,0.9584822733831303,0.8686385996787727,0.8727631680356085,0.8421500073984989,0.8684466411726351,0.9056153321941813,0.7760601551016035,0.6009967154823829,0.8351667251716826,0.9324993390444263,0.6645761674381846,0.5714601921486175,0.8965753694308916,0.550813525642214,0.6316646917677613,0.97839000510734,0.5613378446528212,0.6719596509020447,0.5968799867671186,0.5650590567973354,0.9056153321941813,0.4571967098100741,0.7966865448611926,0.426849109616276,0.8606818700890231,0.8686385996787731,0.9841129276884111,0.7129320454258647,0.4548581027580393,0.33648408083207926,0.5459728954317562,0.8727631680356085,0.3613624026142047,0.9655465957524166,0.8445131580278538,0.9250092890273325,0.7698199943194897,0.6766125590424001,0.8727631680356085,0.8727631680356085,0.9253463803172304,0.9672837282595441,0.7255952933292786,0.8727631680356085,0.9003549758958829,0.872763168035608,0.805868370738001,0.7425041232185348,0.43719494732681197,0.8727631680356078,0.8089841670456617,0.8457245959495674,0.5797968200318535,0.5196421210190564,0.8727631680356085,0.7023372436942057,0.7906892017727833,0.43030232860803286,0.45160850890013593,0.8089841670456617,0.7059581341819277,0.881356890785397,0.37604870195491213,0.8727631680356085,0.4922926559337788,0.8283808154149452,0.5678778085098946,0.8531596280730658,0.9533619513001291,0.5770259896215695,0.8568329962206249,0.8727631680356085,0.8332684703053646,0.5055218253876828,0.8727631680356085,0.9252088742292754,0.4932527625619918,0.6044103736103668,0.5372980198230648,0.35664943014509876,0.8727631680356085,0.861004209869773,0.5988049078122153,0.8905026990324321,0.7668677381688072,0.6668458768669645,0.8116332171612279,0.4816008879794115,0.7397799200191366,0.881356890785397,0.8406595951447204,0.3886795028810496,0.9187512106015407,0.36695327268331723,0.7335676063638614,0.6760221004653708,0.9988704239805579,0.8858525408230951,0.8283808154149455,0.8727631680356085,0.8953282497576123,0.7919833254640138,0.6931060822728043,0.6690200106020263,0.8911852822219177,0.8646144802620159,0.5948082851312793,0.9109264520435436,0.8646144802620157,0.8776906116240739,0.872763168035608,0.8530610496352258,0.6970594350743009,0.77860414665168,0.8684466411726353,0.3082088780634705,0.9828112333420398,0.8284837609134984,0.8920448061418687,0.616610785239543,0.8457245959495674,0.9003549758958829,0.7400878824179595,0.776299084394662,0.8736620019579806,0.8575333614636653,0.9289830069398284,0.7756636039621652,0.9433267290805247,0.7966865448611928,0.8048563636130741,0.8887305903195448,0.9400894443412462,0.6832567334253874,0.8956646994889756,0.48122316875146376,0.5989871569967713,0.6381396377670483,0.7815622495338466,0.9516969378532334,0.6173874214974275,0.7262771769443239,0.9416911784966642,0.9663201241336372,0.8653384016821968,0.5430919783599286,0.980656457821582,0.6285484774647405,0.9549878364891902,0.7877239185135085,0.6387695048210741,0.881356890785397,0.9301314967890109,0.6706506726211696,0.9031204659832825,0.9297207978142767,0.9471883441958863,0.8297396919939408,0.5837184822300628,0.8905026990324321,0.8339903731560385,0.8606818700890226,0.8606818700890231,0.9948414129025822,0.8953282497576125,0.812130201029337,0.563047928480916,0.7818545712935616,0.8686385996787727,0.8686385996787724,0.49789781462980587,0.807576459060876,0.8606818700890233,0.6786482732722344,0.8727631680356085,0.8905026990324323,0.8727631680356085,0.8727631680356085,0.3124545317456472,0.8386319972225242,0.7966865448611928,0.8727631680356085,0.3466653840207323,0.2307361864913514,0.8305674447159646,0.6928594179197607,0.7023372436942057,0.5136589942079037,0.7590570601063897,0.7562707214632041,0.20519977062423478,0.8864506701274835,0.9858326037036058,0.9962360302792397,0.41832601965116023,0.6950444927727664,0.47439167393081816,0.812130201029337,0.9358432864313676,0.8957343462573437,0.7995552716180794,0.9282564559285413,0.7769061469474408,0.881356890785397,0.8844254182079556,0.9844886142666684,0.9348812958904451,0.9187512106015407,0.57159440819444,0.8089841670456617,0.4007429981603008,0.7340655314227191,0.9788895149280636,0.8732001770268932,0.9289830069398279,0.8769985528794619,0.9395973111390757,0.40658220490667296,0.6139348204015087,0.9221821648495911,0.8134110832519674,0.92135858193183,0.7621845579115843,0.7235971676208828,0.8686385996787724,0.5008749069129522,0.8153082366508997,0.9056153321941813,0.5136589942079035,0.3840259965857512,0.9916218060502977,0.5218698072783641,0.8457245959495676,0.9478676309790477,0.8308312828383272,0.8727631680356085,0.8858525408230951,0.6247449845532687,0.8640156358380557,0.6839770727222267,0.8767473674162305,0.793066993789372,0.839188304490178,0.577025989621569,0.838631997222524,0.34867932745550734,0.9415831046189616,0.4829168880481778,0.9910129560675494,0.6747053596039503,0.8646144802620159,0.9753036918480578,0.8504512039817367,0.8948327340196496,0.8351667251716826,0.8459263082837106,0.5173554432457901,0.5255750162748922,0.8012139373487801,0.7966865448611928,0.5700060428106702,0.6523652295886688,0.9523209222309303,0.9003549758958829,0.8965753694308916,0.7158666571515574,0.6260956588338065,0.875264511056528,0.6859060689915295,0.9006096463746007,0.5459211569996072,0.6017018048115383,0.9056153321941811,0.8964270771267544,0.8381369010000779,0.9250092890273325,0.7906892017727831,0.883316006272592,0.9459319431753863,0.812130201029337,0.885723182439538,0.8205287945313133,0.8493600255132059,0.9965227864620851,0.8858525408230951,0.9056153321941813,0.8727631680356085,0.9073719949449841,0.6789212043420336,0.5405651806493106,0.7997210390611174,0.8727631680356085,0.5147134372188635,0.5747825396330288,0.7385529710466943,0.8058683707380012,0.75905706010639,0.7289634644081244,0.6647676562229685,0.9709662850855133,0.8185201747884037,0.963379405818251,0.39326726744474827,0.7622304525123511,0.8905026990324323,0.7562707214632036,0.821768069014696,0.881356890785397,0.7877239185135085,0.9490060614215787,0.963850389655432,0.8646144802620153,0.9056153321941813,0.8530610496352258,0.8463492228297524,0.8727631680356078,0.6794907442152798,0.7102776278080831,0.8684466411726355,0.7653076872906794,0.9045001710796507,0.4505899365155579,0.3566494301450991,0.8686385996787731,0.8858525408230953,0.8606818700890231,0.8686385996787731,0.8686385996787735,0.9376683749377082,0.8727631680356085,0.9213585819318297,0.8075764590608762,0.8727631680356085,0.8351667251716828,0.7262771769443239,0.8684466411726356,0.881356890785397,0.9207285164870211,0.8176503546438024,0.9006096463746014,0.48918272852352884,0.46351065526865964,0.6005335091243582,0.5443559169361079,0.8727631680356085,0.7674932670842551,0.881356890785397,0.8351667251716828,0.4544516339548027,0.7703333732535163,0.8953282497576123,0.8769985528794617,0.967361225488127,0.8948327340196496,0.8693626884146954,0.872763168035608,0.937676260222106,0.802781171304414,0.9063497517252301,0.5386800861822724,0.906021197734943,0.8953282497576123,0.825054143773712,0.881356890785397,0.7674932670842551,0.2844001414369193,0.8727631680356085,0.9714711165829839,0.7393648686775331,0.9003549758958833,0.653069169148826,0.8606818700890229,0.8493600255132054,0.42081766955910327,0.8646144802620159,0.5326065831410767,0.4092514819408466,0.8727631680356085,0.8727631680356085,0.9331919358622016,0.6799703995004377,0.7562707214632034,0.542201347562014,0.35898275798315527,0.6236632578523311,0.5989871569967709,0.4071358652808166,0.8317507166547382,0.492067572978512,0.8727631680356085,0.9799201425543527,0.8858525408230951,0.905615332194182,0.5770259896215695,0.8953282497576125,0.33470453451611515,0.8727631680356085,0.8727631680356085,0.43714560596802643,0.8727631680356078,0.416358457442238,0.8457245959495678,0.6418096066468673,0.7479800410617923,0.8427418772662418,0.7669388152455527,0.438477740998803,0.6258851893279567,0.8727631680356085,0.7877239185135081,0.43230922234967817,0.8769985528794615,0.82907578966101,0.9155792977244813,0.8342074155099943,0.7760601551016038,0.7936763507630318,0.7837224554797209,0.6470923046447417,0.8727631680356085,0.26584587295779816,0.7936763507630318,0.49366899158778066,0.6977589641434259,0.6789212043420338,0.8284837609134987,0.7257769750212304,0.633863344533484,0.8074672457986922,0.6481355208222641,0.34579108204881337,0.9269496384611522,0.9003549758958829,0.9894614258400629,0.9687407913791505,0.31974885072626347,0.8858525408230951,0.8686385996787731,0.44230493546087335,0.9815827004648517,0.9162544971208779,0.9705541332155897,0.9642124801236271,0.8519892078171929,0.8774310216688329,0.8340402924414353,0.7562707214632036,0.9788895149280634,0.35062752023741084,0.6665997387433037,0.9003549758958826,0.8457245959495676,0.7379833490991301,0.6239982774162147,0.9160683440343422,0.9075640734504303,0.9692549919050351,0.514591936862725,0.8769985528794615,0.4763541972565959,0.9655465957524169,0.4833638554380668,0.531269944563209,0.8727631680356085,0.7289634644081244,0.8640156358380555,0.564528147897438,0.9003549758958831,0.7815096112113618,0.5352969598109392,0.7791289227807976,0.8727631680356085,0.4199713719701327,0.5136589942079035,0.966320124133637,0.3446468716276715,0.42648620808764603,0.34846863776830483,0.8858525408230951,0.2989927588578105,0.9755071826546171,0.7156974652311101,0.5045856574379375,0.8386319972225236,0.6071130723431457,0.9056153321941813,0.8386319972225238,0.872763168035608,0.7828830600508725,0.825054143773712,0.22547099056330477,0.7562707214632038,0.5399029970789986,0.9627235843854315,0.8686385996787731,0.3294483637998671,0.652365229588669,0.7397799200191368,0.48676039125196824,0.4860575685212877,0.8727631680356085,0.426697612596622,0.6576301968851743,0.8058683707380012,0.8727631680356085,0.5340483655284582,0.995078634245084,0.8953282497576125,0.8386319972225242,0.8686385996787731,0.6455148863290592,0.8926613939269366,0.742504123218535,0.9200926842749222,0.9870507114706768,0.918751210601541,0.5458195611130889,0.8727631680356085,0.8908193954775396,0.8727631680356085,0.8953282497576125,0.7006561941025251,0.3342158892654936,0.905615332194182,0.9347085758472906,0.831980569757814,0.5484190958610613,0.8288175026257589,0.8727631680356085,0.9192533296120529,0.5208833909575351,0.7944683608201488,0.9299046393992034,0.7877239185135099,0.8858525408230953,0.8121302010293383,0.9353214771503878,0.8772915445392941,0.4492908405024809,0.500233813922909,0.8772915445392941,0.8058683707380012,0.8858525408230953,0.7129320454258652,0.8772915445392941,0.905615332194182,0.8791004137164216,0.8176503546438024,0.7129320454258647,0.8686385996787724,0.9252088742292754,0.8613974049640736,0.4932818962614033,0.787723918513509,0.9477167671000974,0.40955250697773593,0.975266275499042,0.7157377932754614,0.9045001710796509,0.6969201847303701,0.8058683707380017,0.772739748250092,0.6202900531270727,0.9716149741568677,0.7703333732535167,0.8749740389555236,0.9448543512076253,0.8813568907853968,0.5344914720487286,0.9908685063940654,0.8423759905218635,0.8185201747884039,0.523507290844386,0.8858525408230951,0.8905026990324323,0.8660085634407335,0.5160498638493136,0.8747146482886536,0.856102480532166,0.8121302010293374,0.8007497648997359,0.951000731463284,0.5169125312893799,0.8727631680356078,0.5032673533902017,0.7955698724702422,0.7818545712935618,0.4089136216287095,0.806622032298046,0.8905026990324318,0.8852349049282258,0.9062939074512157,0.48690460751512854,0.982035293774637,0.8391883044901778,0.8617326861643559,0.8920397053879097,0.7247567461877655,0.8493600255132052,0.9719209144581371,0.9325806930704288,0.9322843817184365,0.7867471873841008,0.9164201668122127,0.9109264520435436,0.5291861148392983,0.4306070483986133,0.9514834428390286,0.8393516617715335,0.6420504474175913,0.8400632084994162,0.8957343462573437,0.926854212252672,0.5509078514090413,0.8613974049640734,0.7562707214632038,0.9164201668122129,0.42657242887772717,0.8351667251716828,0.9282564559285416,0.48569318334695,0.9864465855082982,0.9109264520435436,0.9003549758958831,0.570928393631928,0.8953282497576125,0.8349786100703884,0.8905026990324323
p41_I,0.8991515901032061,0.8083745968845283,0.8315764753314664,0.9277359074596556,0.9526370111116407,0.9648659912110236,0.932786063018689,0.9607124639063686,0.910310736217455,0.9629078616894173,0.9355505770919704,0.9511016704226432,0.9511016704226432,0.9277359074596556,0.9166400151447349,0.7724757092972716,0.9227946422906829,0.9361160018916062,0.9610366993022685,0.9629078616894176,0.8418888262364448,0.9425720985427188,0.7760319106198981,0.9542136024350834,0.9412414838519025,0.9361160018916062,0.9481398354780852,0.9858084434319018,0.9629078616894176,0.8805472616874046,0.9300668284196516,0.957509435301382,0.9467071200650465,0.9243180392978649,0.9526370111116407,0.8714717093867044,0.9542136024350831,0.9272932852315992,0.9648659912110238,0.9348776724743584,0.8115219504052799,0.9373704232137265,0.9648659912110238,0.9187969445925777,0.948139835478085,0.7865342546535388,0.9558359621451105,0.907212092235534,0.9348776724743584,0.8991086132420372,0.957509435301382,0.7176249160612254,0.9361160018916062,0.9453030402757783,0.9467071200650463,0.6480526800808144,0.933654454952398,0.9526370111116405,0.9078307494815345,0.9496037211238535,0.9123992402861405,0.8738328753514063,0.9361160018916064,0.8115219504052797,0.9592404230051592,0.9779235246182829,0.957509435301382,0.865681426102298,0.8242743687062479,0.9610366993022685,0.9265867198367659,0.534198918388021,0.9526370111116407,0.8383948208632999,0.9526370111116405,0.8443564053524306,0.821295784906224,0.6342404219710968,0.8352434350141633,0.9648659912110236,0.9439253608596803,0.9497673578995787,0.9312498291554214,0.9361160018916064,0.9526370111116405,0.9231975163531969,0.9425720985427188,0.7878796807258948,0.9011161501496316,0.9511016704226432,0.9526370111116405,0.8991086132420372,0.9071939202959411,0.9966124050852709,0.9312498291554212,0.9072120922355341,0.8971110481409437,0.6164697371521506,0.8628398878670418,0.8309916996778282,0.933654454952398,0.9558359621451105,0.9526370111116407,0.9342272501200424,0.9815110427139535,0.9610366993022685,0.9134510531460027,0.811009619429409,0.9412414838519025,0.8716488174471995,0.9025391984870588,0.9373704232137265,0.850463664442046,0.9155711502428494,0.9558359621451105,0.797945407749346,0.9931163690142985,0.9610366993022685,0.9648659912110238,0.8676499406085263,0.9187969445925777,0.8931410336709436,0.9412414838519025,0.9300668284196516,0.902055400859325,0.8967110403534024,0.9542136024350831,0.9042162740830944,0.9511016704226432,0.9665480300996037,0.8813568907853968,0.0,0.957509435301382,0.9648659912110236,0.9481398354780852,0.8557565635983038,0.9232615458212052,0.957509435301382,0.9652137684610215,0.9496037211238537,0.7878796807258948,0.9629078616894173,0.836297322381335,0.7006314123871529,0.8951222364985463,0.9166400151447349,0.9001110559421435,0.8846853407167912,0.9348776724743586,0.8047947912836027,0.9629078616894173,0.9123992402861405,0.865681426102298,0.8924948979993258,0.957509435301382,0.9348776724743586,0.9021240612426042,0.9198856874256711,0.8998492893872085,0.8931410336709436,0.8200790560505896,0.9558359621451105,0.9497673578995787,0.8155856001785133,0.8175468290210263,0.922085571782991,0.9949213294847876,0.9061873961293252,0.5607968996491417,0.855756563598304,0.7793733011421315,0.9511016704226432,0.933654454952398,0.8527446275596849,0.9061256028138258,0.9938250905646744,0.9610366993022685,0.9815110427139536,0.9730862985612763,0.8941307528793181,0.7727816624147317,0.8961156213019827,0.7526258963225116,0.9511016704226432,0.9643835111434078,0.863708282603777,0.8676499406085263,0.9082407355488131,0.9453030402757782,0.9288957400617388,0.9496037211238535,0.9518893725088031,0.7645217555830741,0.8039765114147401,0.9123992402861405,0.9526370111116405,0.9542136024350834,0.9496037211238535,0.907212092235534,0.8065625855160627,0.9760557307924651,0.9808926695348984,0.9526370111116405,0.6741287003859453,0.8340710265917908,0.9629078616894176,0.9526370111116405,0.9388120013913654,0.9209817665727265,0.8941307528793181,0.8666662211060936,0.7533068210319,0.9511016704226432,0.9526370111116405,0.8656814261022979,0.9526370111116403,0.8550065733210683,0.7378604117312428,0.7435120840939231,0.9526370111116405,0.8940589330526696,0.9526370111116405,0.7871715338102261,0.9134510531460025,0.922085571782991,0.6538424175338808,0.9558359621451105,0.8166739329437196,0.9496037211238537,0.9967391619170713,0.9425720985427191,0.9185287395081015,0.8364667308502767,0.7460671055388914,0.957509435301382,0.9061873961293252,0.9489388080389436,0.9092735418441047,0.7777890939360752,0.9209817665727262,0.9209817665727265,0.948139835478085,0.8931410336709436,0.9496037211238535,0.9526370111116405,0.9092735418441047,0.9526370111116405,0.8527418007930998,0.9209817665727262,0.9652137684610215,0.9324454498571317,0.8166739329437196,0.9542136024350831,0.9198856874256709,0.9429902492134532,0.9001110559421437,0.9439253608596803,0.8705954752723886,0.9558359621451105,0.950210721158117,0.7355471990326262,0.8868482411505494,0.9511016704226432,0.9592404230051592,0.8716488174471995,0.9648659912110238,0.8099851764138042,0.7785848236394506,0.9922127245794843,0.9141734198710232,0.8833132812750142,0.9652137684610216,0.8911735721146645,0.8412006503024136,0.8230236730198895,0.9610366993022685,0.8404791612293145,0.9198856874256713,0.8939720406672313,0.9082407355488131,0.9610366993022685,0.8767420482712902,0.9490012047871157,0.9604535056538153,0.7344902246776099,0.9277359074596554,0.9558359621451105,0.4635400868275392,0.8504636644420462,0.9180060542094436,0.5220820189274481,0.9558359621451105,0.7950937914413703,0.9610366993022685,0.9763604864068218,0.8646954736999406,0.623860928394257,0.8868482411505494,0.9610366993022685,0.9526370111116407,0.9348776724743584,0.9496037211238535,0.957509435301382,0.8458639564984101,0.9051664401581991,0.6712483100495716,0.9348776724743586,0.922085571782991,0.7742042751539615,0.9155711502428494,0.8921529459435535,0.84971302581155,0.9225560311372211,0.8466596566621676,0.9514834428390285,0.774002900150522,0.9103107362174552,0.9629078616894176,0.9243180392978652,0.9209817665727262,0.6070912069531355,0.9558359621451105,0.9526370111116405,0.9575094353013816,0.9092735418441047,0.9361160018916064,0.9610366993022685,0.9592404230051592,0.9511016704226432,0.9526370111116405,0.9412414838519023,0.9610366993022685,0.9648659912110236,0.8205775564067628,0.9792653302568846,0.9386420076357269,0.9575094353013822,0.876011295842658,0.7543153079381828,0.9412414838519025,0.9467071200650465,0.8614601651570803,0.9558359621451105,0.9243180392978652,0.7788688934502492,0.9453030402757783,0.9166400151447349,0.4813551083532054,0.8114701760536345,0.9243180392978649,0.8230236730198897,0.9873274034062991,0.9511016704226432,0.9265867198367659,0.7724757092972717,0.8504636644420462,0.8516044549634423,0.7694243902747523,0.9526370111116405,0.8637082826037765,0.983682988822291,0.9254476077793645,0.9231975163531969,0.9629078616894173,0.8879294594533995,0.9526370111116405,0.9526370111116405,0.9879700133881204,0.9518893725088031,0.9354261958407395,0.9526370111116403,0.9629078616894176,0.9526370111116407,0.9277359074596555,0.817546829021026,0.8340710265917908,0.6274393463335315,0.9288957400617388,0.9425720985427188,0.7489933234855084,0.7834252014543845,0.9526370111116405,0.6378023403965036,0.922085571782991,0.8217667418575589,0.8242743687062479,0.9288957400617388,0.8784240722117906,0.5220820189274478,0.8400240699667674,0.9526370111116405,0.7965069792215316,0.9361160018916064,0.9309867468047904,0.9399083771675285,0.9736183137840242,0.7507844886154751,0.9467071200650465,0.9526370111116405,0.9426205861955201,0.8481713308694633,0.9526370111116405,0.9288957400617388,0.8388429655759455,0.7320261013979326,0.7742042751539613,0.8458639564984101,0.9526370111116405,0.7942458793111877,0.8656814261022978,0.9592404230051592,0.8944208730785337,0.7435863378643102,0.9134510531460025,0.914508262091398,0.8204656595098921,0.9558359621451105,0.8946428180839178,0.8941307528793181,0.9399319300513138,0.8955045884064075,0.8823349016943811,0.6685644304688841,0.9399319300513138,0.957509435301382,0.9361160018916064,0.9526370111116405,0.8714717093867044,0.949173776698871,0.8255892557605065,0.9439253608596803,0.9324454498571315,0.9496037211238537,0.9632172819380274,0.9542136024350834,0.984201166542795,0.9355505770919704,0.9526370111116407,0.6852134154646814,0.8605645960240624,0.9103107362174552,0.9610366993022685,0.8890106760597565,0.9629078616894176,0.945303040275778,0.9399319300513138,0.8144495911033476,0.998394872319517,0.9629078616894176,0.7936709921326541,0.922085571782991,0.937582172017251,0.9373704232137265,0.9425720985427191,0.5132176572020215,0.9558359621451105,0.4635400868275392,0.9465146323386671,0.8852715588713491,0.9386420076357269,0.9061873961293252,0.9439253608596803,0.9300668284196516,0.8507258744656063,0.7879341691923529,0.9113525537588965,0.7937291200594514,0.8980947986959938,0.9489388080389437,0.9277359074596556,0.9944373248680742,0.939931930051314,0.7710309431023971,0.9439253608596805,0.7132869920925933,0.9944373248680742,0.987885706373519,0.8979325564091181,0.9558359621451105,0.855756563598304,0.7645217555830741,0.9231975163531969,0.9061873961293252,0.9610366993022685,0.9619311600645907,0.8991086132420374,0.9592404230051592,0.8937024586467948,0.987327403406299,0.9873274034062991,0.9652137684610215,0.9610366993022685,0.9697258997487671,0.7594883020057133,0.5900729478685116,0.9511016704226432,0.9511016704226432,0.8661586408023223,0.9134510531460025,0.948139835478085,0.950210721158117,0.9526370111116405,0.9592404230051592,0.9526370111116405,0.9526370111116405,0.8617289235276298,0.939931930051314,0.9815062877983507,0.9526370111116405,0.8222967889645654,0.8486977586224078,0.9209817665727265,0.8627197720675648,0.6378023403965037,0.7864057866094464,0.9103107362174552,0.9092735418441047,0.8825210710884406,0.9467071200650465,0.8817153827478947,0.9592404230051592,0.9231975163531969,0.8830740720259548,0.8656814261022978,0.9300668284196516,0.9467071200650463,0.9496037211238535,0.8592700756594799,0.8801474343127896,0.9031349604797552,0.9558359621451105,0.9072120922355342,0.998394872319517,0.9373704232137268,0.6056102150226249,0.8587509369841102,0.9288957400617388,0.9123992402861405,0.9399319300513138,0.9254476077793645,0.9558359621451105,0.9425720985427191,0.9542136024350834,0.9198856874256709,0.8998492893872085,0.7359365694375489,0.957509435301382,0.8678692326449853,0.9481398354780852,0.9443883262864892,0.8971110481409439,0.9511016704226432,0.8217667418575587,0.40841091829051157,0.9648659912110236,0.7864057866094465,0.8890106760597567,0.9092735418441047,0.7893429363023047,0.9983948723195168,0.9134510531460025,0.9998895182606897,0.9526370111116405,0.957509435301382,0.922085571782991,0.9773757151292213,0.7931965366205515,0.9425720985427188,0.9842011665427952,0.9312498291554214,0.7507844886154751,0.9399319300513138,0.8481713308694632,0.9629078616894176,0.800690781426904,0.9439253608596803,0.9097206700803184,0.9496037211238537,0.9902930825832763,0.9885291785887991,0.920981766572726,0.9386420076357269,0.7840536293380744,0.8882143738454917,0.8413535056044896,0.9064110103549552,0.9243180392978652,0.8738328753514062,0.7595757378098453,0.9300668284196516,0.9629078616894176,0.9412414838519025,0.9542136024350831,0.9599362530543546,0.9505241704836671,0.9388267942128119,0.9511016704226432,0.9789433391238311,0.9251942656894033,0.9648659912110236,0.8872325694620835,0.969580892293826,0.969757263765453,0.9858084434319019,0.9373704232137265,0.9491737766988708,0.9300668284196516,0.9412414838519025,0.9452045885097757,0.94392536085968,0.9808926695348984,0.957509435301382,0.9648659912110236,0.9526370111116405,0.9714058757497572,0.6821611505484855,0.8200790560505897,0.9254476077793647,0.9526370111116403,0.8911663603911606,0.7302179872844416,0.9123992402861405,0.9277359074596556,0.7986388097431091,0.985470710432321,0.9619664976562035,0.8304389026021386,0.7069004195414257,0.9123992402861405,0.8933378821185829,0.9745849270782074,0.9592404230051592,0.9092735418441047,0.933654454952398,0.9558359621451105,0.9209817665727262,0.9648659912110238,0.9324454498571317,0.9496037211238535,0.9648659912110238,0.6236328247547578,0.80491250444336,0.9526370111116407,0.8917296671834647,0.6274475989789209,0.9610366993022688,0.9526370111116407,0.9983948723195168,0.8140865069385355,0.8458639564984101,0.9511016704226432,0.957509435301382,0.948139835478085,0.9511016704226432,0.9511016704226432,0.9714058757497573,0.9526370111116405,0.948139835478085,0.9134510531460025,0.9526370111116405,0.9386420076357269,0.8981086621953582,0.9610366993022685,0.9558359621451105,0.9604535056538153,0.9736183137840241,0.9511016704226432,0.9908845623912688,0.8676499406085263,0.9399319300513138,0.8836034327136275,0.9526370111116405,0.8307658985622732,0.9558359621451105,0.6707907717378416,0.9815167787252906,0.9145082620913978,0.9610366993022685,0.9542136024350831,0.9412414838519025,0.9209817665727262,0.9991256173192247,0.9526370111116407,0.8056206522660094,0.9265867198367659,0.9300668284196516,0.84971302581155,0.9439253608596805,0.9610366993022685,0.9348776724743584,0.9558359621451105,0.9134510531460027,0.8846853407167912,0.9526370111116405,0.9773757151292212,0.744124291757776,0.9493957255905623,0.929704710864393,0.9227946422906832,0.8150265150436209,0.8362973223813353,0.9496037211238537,0.8051635979868556,0.8292174273003112,0.9526370111116405,0.9526370111116405,0.9649840504564586,0.8738328753514065,0.9092735418441047,0.7864057866094465,0.8879294594533993,0.7742042751539615,0.7359365694375489,0.8435406859332613,0.9373704232137268,0.8255892557605065,0.9526370111116405,0.9478374857144205,0.957509435301382,0.9648659912110238,0.7507844886154751,0.9610366993022685,0.8738328753514062,0.9526370111116405,0.9526370111116405,0.8192336313917978,0.9526370111116407,0.8267575835022263,0.9425720985427188,0.9010523009261004,0.7308674779865956,0.9839674685144806,0.932503659033307,0.8456366655300411,0.9110656579437487,0.9526370111116403,0.9209817665727262,0.8606154343794663,0.9542136024350831,0.9610366993022685,0.9314897302747827,0.813839396752899,0.9166400151447349,0.9231975163531969,0.9542136024350834,0.697209396434468,0.9526370111116405,0.8694583018704123,0.9231975163531969,0.9061873961293252,0.9865467188658443,0.8526711329933014,0.945303040275778,0.9113525537588965,0.9390064763255969,0.9592404230051592,0.8810939709435122,0.8715757257382064,0.9873274034062991,0.9629078616894176,0.9258186968412377,0.9361160018916064,0.9605960911162628,0.957509435301382,0.9511016704226432,0.8842921321245034,0.9336544549523977,0.8056206522660092,0.9748006002614296,0.9648659912110236,0.920981766572726,0.9648659912110238,0.9648659912110236,0.9092735418441047,0.9792750106568119,0.9031349604797552,0.9526370111116407,0.9629078616894173,0.998394872319517,0.9425720985427188,0.9683756205372159,0.9467071200650465,0.9511016704226432,0.9859410630732461,0.9011161501496319,0.9542136024350834,0.7954860842554723,0.9231975163531969,0.8352434350141633,0.8447043622091567,0.9526370111116405,0.8991086132420372,0.9773757151292213,0.9552673671688555,0.9629078616894173,0.9373704232137268,0.9386420076357267,0.9318413189001247,0.9526370111116405,0.8481713308694632,0.7864057866094465,0.9386420076357267,0.8493193247742892,0.8383948208632999,0.8255892557605065,0.9575094353013818,0.8341860124462197,0.8879294594533993,0.8167620273274683,0.9724659055822085,0.9399319300513138,0.8537506875823437,0.9648659912110236,0.9399319300513138,0.9526370111116407,0.9852427368613523,0.8527529638705935,0.84971302581155,0.9092735418441047,0.7499222990259979,0.9526370111116405,0.9511016704226432,0.8527446275596848,0.6923341401884338,0.9031349604797552,0.8217667418575587,0.7993052872604911,0.9526370111116405,0.8328655804961274,0.6873207198416371,0.9277359074596556,0.9526370111116405,0.8507258744656063,0.9467071200650463,0.9610366993022685,0.939931930051314,0.9511016704226432,0.7239396358887535,0.9361160018916064,0.9041490253843172,0.9336544549523977,0.827457404342517,0.662417446888383,0.7773263884392072,0.9526370111116405,0.9324454498571317,0.9526370111116405,0.9610366993022685,0.7471844708650968,0.8921529459435535,0.9648659912110238,0.9312498291554212,0.76051741134293,0.9113525537588965,0.9277359074596556,0.9526370111116405,0.8435824105613204,0.8639484283036891,0.9110656579437488,0.9300668284196516,0.9209817665727267,0.5788297872730397,0.9300668284196516,0.9288957400617388,0.9681385641755447,0.9001110559421435,0.7993052872604911,0.9681385641755447,0.43766737784421783,0.957509435301382,0.623860928394257,0.9681385641755447,0.9648659912110238,0.9361160018916064,0.9542136024350834,0.9582441854260408,0.9511016704226432,0.9288957400617388,0.9386420076357269,0.8991086132420372,0.668921861685378,0.9399319300513138,0.9198856874256713,0.9348776724743584,0.9511016704226432,0.9425720985427188,0.916027328859182,0.9277359074596556,0.9280270998509556,0.8446109430683044,0.9177151699279684,0.6984402375594745,0.9348776724743584,0.9542136024350834,0.8949977467327621,0.9082407355488131,0.9011161501496316,0.9324454498571317,0.932445449857132,0.907212092235534,0.9575094353013818,0.9592404230051592,0.9879781590338745,0.931249829155421,0.8849016103085846,0.9231975163531969,0.9300668284196516,0.9610742210840928,0.9412414838519025,0.9288957400617388,0.7674138938518065,0.8476799949376315,0.8862516682966308,0.9187969445925774,0.907212092235534,0.8151548146181659,0.9592404230051592,0.8873306148945662,0.9908764668187222,0.9361160018916062,0.9481398354780852,0.9312498291554212,0.9061873961293252,0.9851265078035902,0.9866401524377002,0.9439253608596803,0.9510354428286436,0.9511016704226432,0.8911663603911604,0.9267919121317674,0.9558359621451105,0.9542136024350831,0.8941307528793181,0.9324454498571311,0.9558359621451105,0.9051664401581991,0.872555321204671,0.9303855895559967,0.9496037211238535,0.9496037211238535,0.8435824105613206,0.9386420076357269,0.9505241704836671,0.9558359621451105,0.8686326671635052,0.9386420076357269,0.9592404230051592,0.9001110559421435,0.9373704232137268,0.9542136024350834,0.9629078616894173,0.8931410336709438,0.9610366993022685,0.9538477333735609,0.9592404230051592
p41_L,0.8159378637269958,0.6697965302077881,0.9427946840319121,0.7660569881458926,0.9730533608234009,0.9381728330554158,0.8455226223395758,0.9421042865426588,0.9137092609592146,0.9643133649175286,0.8666344692877817,0.9529545363721539,0.9529545363721539,0.6143225591640982,0.944064740982792,0.8971901564492133,0.7155779114545311,0.7820079396167259,0.9625131050152524,0.9643133649175286,0.8673433704742712,0.994086760546023,0.9422080421889416,0.9559485503920393,0.996557344576431,0.9385367079941811,0.9161682054358171,0.9250379219402804,0.9448229719109482,0.9216236926048751,0.9846299338167082,0.9591194968553456,0.9487265052554266,0.9271857963192045,0.9544316996038003,0.9625131050152524,0.9559485503920393,0.9859983918197511,0.9661972965770262,0.5675662461924172,0.9515258611582158,0.9397435965156078,0.9661972965770262,0.9218739081138494,0.4481241861461496,0.9636604442148957,0.9652137684610215,0.9107280314569579,0.9373453016197317,0.9029316112204655,0.9591194968553456,0.7307307401062815,0.9385367079941811,0.9473756291574582,0.9487265052554263,0.9013065795230637,0.9903434298372484,0.9544316996038,0.9854614920636176,0.911315012010842,0.9157186269856046,0.8809287459442814,0.9385367079941818,0.9515258611582158,0.9607848936032954,0.9708262240875452,0.8006773101112707,0.8707710541962026,0.9801666370480175,0.8639461643560566,0.8708107817737571,0.9923551296406041,0.9544316996038,0.8445183988316078,0.9544316996038,0.9755588472540062,0.9447481688519044,0.7417575508556895,0.8414864259682344,0.8425429626878573,0.9460501530640812,0.9434121517267975,0.9864847804128756,0.9944277784720001,0.9544316996038,0.6879618446090566,0.8717566193418784,0.856169058793752,0.9452352847073291,0.9529545363721539,0.9544316996038,0.7781638062879617,0.8921895964511957,0.9381630884742409,0.933854925314779,0.9949132781456956,0.7051708310877189,0.9380230108510115,0.8384238384890397,0.93293779373488,0.9903434298372484,0.957509435301382,0.9730533608234009,0.816916829107428,0.9920543208470206,0.9625131050152524,0.9507589513092888,0.88073370827695,0.9434679740971852,0.8465237589272379,0.706399717020793,0.7761414525822007,0.8583786401591236,0.9913065253514574,0.9575094353013818,0.8056017035197613,0.8612104505251645,0.9625131050152522,0.966197296577026,0.8726649773302662,0.9218739081138494,0.6793588929077845,0.576734575291744,0.9634568834621733,0.9496811510501819,0.7805867564015285,0.9692769377093194,0.9451689995479284,0.9529545363721539,0.9239759423528264,0.8858525408230953,0.957509435301382,0.0,0.9661972965770262,0.9501049319099923,0.8612222667022571,0.9661659803622438,0.9608127721335263,0.9591194968553456,0.9515133476881703,0.9504424083764613,0.9643133649175286,0.8425003792101684,0.8618504979011914,0.7505631992694408,0.9197987094973854,0.9841240669083755,0.858324459587394,0.937345301619732,0.7832373813705655,0.853959308739425,0.9157186269856046,0.8893062956215867,0.9310944809913066,0.8807450411223988,0.937345301619732,0.9722532101329935,0.9836243259051825,0.8876108929996871,0.9873232206481497,0.9843065652291842,0.8106601759858281,0.5965496002743872,0.8225734700092835,0.9901682880541756,0.9250379219402804,0.9451689995479284,0.7977719520194324,0.9608853644890276,0.8612222667022571,0.7154788451519609,0.9529545363721539,0.9554815748429075,0.9762041082440365,0.9267169123708775,0.9648675459392013,0.950716529670402,0.9199989838706863,0.8742905832999676,0.9083164413738801,0.9208331242859091,0.9000520303703365,0.8471315842032192,0.9529545363721539,0.942816315146224,0.8585801089853736,0.8726649773302662,0.9541290792408026,0.9473756291574581,0.6073391992552903,0.9515133476881703,0.9137092609592146,0.8077125695029684,0.8114042753167636,0.9157186269856046,0.9544316996038,0.9559485503920393,0.9515133476881705,0.9107280314569579,0.8535555662696257,0.9427946840319121,0.9061219481453389,0.9544316996038,0.953570383148928,0.8114042753167636,0.9643133649175286,0.9544316996038,0.9806366198198687,0.9239759423528267,0.8981423730059304,0.8717185331373516,0.911562491637784,0.9765837058865925,0.9544316996038,0.9393203828196914,0.9544316996038,0.8311464231994983,0.7830122900340042,0.7882279280421951,0.9544316996038,0.9154907996871149,0.9544316996038,0.9422414344560961,0.960900739115506,0.597799619641118,0.9622990545719885,0.957509435301382,0.8258426771468559,0.9515133476881701,0.9422080421889416,0.9447481688519046,0.9528976942023157,0.9073127552826397,0.9752372748615916,0.6405418480890155,0.9097421633544901,0.9415886943343517,0.9590673131834123,0.8038635692833056,0.9239759423528264,0.9239759423528264,0.9501049319099923,0.7563499748428755,0.9799008321613358,0.9544316996038,0.9127113681766137,0.9544316996038,0.8555239806055506,0.8399643664537922,0.9591194968553456,0.9350052413014638,0.794733085207088,0.9559485503920393,0.9229213960709446,0.943467974097185,0.6548499431683494,0.9460501530640812,0.8754988991654495,0.957509435301382,0.7894968820867839,0.9210886546555859,0.8602583085066602,0.9529545363721539,0.9560086947472867,0.7982270397085367,0.9661972965770262,0.8830333887596133,0.8504989784061951,0.9397435965156076,0.9560266523588534,0.7091512010679766,0.9591194968553456,0.864103176652101,0.8807337082769501,0.8630614034554609,0.9625131050152524,0.8465237589272379,0.9836243259051825,0.9409669977890662,0.8762253925883118,0.9625131050152524,0.934712588125745,0.9283013350108493,0.9607848936032954,0.9917282321179905,0.766056988145892,0.957509435301382,0.9759742607288064,0.8268966588916085,0.9515133476881703,0.9652137684610212,0.810660175985828,0.7737917914928159,0.9507165296704019,0.88188375734721,0.8698224617128842,0.9873232206481497,0.9932690917828515,0.9625131050152524,0.9730533608234009,0.5675662461924174,0.9799008321613356,0.9591194968553458,0.8225734700092835,0.9087598936651085,0.8879369722234245,0.7876055582759075,0.9250379219402804,0.9929076841550353,0.9187703462526826,0.8962395095530544,0.9144959184069915,0.9697328529458058,0.9177976999343656,0.8235104669649393,0.9643133649175286,0.95678955450748,0.9448229719109482,0.9271857963192043,0.9711878805915029,0.8114602685597381,0.957509435301382,0.9544316996038,0.9591194968553454,0.9554518077232719,0.6702257986610909,0.9625131050152524,0.9607848936032954,0.8356601904040852,0.9544316996038,0.936582663250047,0.9625131050152522,0.46002348121762293,0.9651775593373262,0.9375816512512277,0.9409669977890662,0.9591194968553456,0.8504989784061951,0.7336362758241323,0.943467974097185,0.9487265052554266,0.7794479864767841,0.9575094353013818,0.9752372748615916,0.8211183544415497,0.9473756291574582,0.9197987094973852,0.9381728330554158,0.7897075031786098,0.6825064884039782,0.8630614034554609,0.9830316367629125,0.9529545363721539,0.9207659584476898,0.7948455158104213,0.8268966588916085,0.8279657565412282,0.8122835517600442,0.9544316996038,0.937009480858114,0.9261077324693099,0.6274945161130705,0.9261077324693099,0.9643133649175286,0.8612222667022571,0.9544316996038,0.9544316996038,0.9373453016197317,0.9998698480557455,0.8149632135444541,0.9544316996038,0.853959308739425,0.9544316996038,0.96836956012162,0.9489746595216717,0.9049485083889179,0.973053360823401,0.9315900378678905,0.5659312663315167,0.7932961840987718,0.8253952393451094,0.9544316996038,0.968793202961352,0.6455158654829787,0.8618496660711303,0.8953813603528138,0.7610294535475631,0.990677157903997,0.957509435301382,0.8170571011959711,0.9544316996038,0.775170754350923,0.837899010094545,0.8736104662007038,0.8613035616910039,0.9559485503920393,0.9570129271953451,0.7248979801204603,0.9544316996038,0.9068053912485843,0.8875935086546555,0.9544316996038,0.9315900378678905,0.9028718265513221,0.9907016053222497,0.8167498933030728,0.8225734700092835,0.9544316996038,0.9887203623021903,0.8707710541962024,0.7895958714484501,0.9636723648662061,0.9753685787546496,0.9167305843279032,0.9177477332861093,0.6022543090688914,0.957509435301382,0.9087598936651085,0.8981423730059304,0.5869208677074189,0.8679216237887912,0.7848304749916104,0.9560266523588534,0.9422080421889416,0.9591194968553456,0.9385367079941818,0.9544316996038,0.8639461643560566,0.9117176971980809,0.9462651353245821,0.9915113877198728,0.935005241301464,0.9515133476881703,0.9303029056564402,0.9559485503920393,0.9515133476881703,0.5544421732075522,0.9544316996038,0.9250150906309564,0.9661659803622435,0.6985680971063967,0.9625131050152524,0.862184347348063,0.9643133649175286,0.9473756291574582,0.9400741852851487,0.959087309788704,0.9329216899439507,0.9643133649175286,0.8976994035739595,0.9727541677821405,0.9774791703451948,0.9397435965156076,0.9447481688519046,0.9981922472699296,0.957509435301382,0.9759742607288064,0.9933095589619414,0.9265987852931257,0.7699808760005917,0.9515258611582158,0.9460501530640812,0.9327167510955894,0.781239139940322,0.8892917732189056,0.6944051083448044,0.9501049319099923,0.8649308193595577,0.8206964428542187,0.9304741538905168,0.9409669977890662,0.9400741852851489,0.8137836152442673,0.9460501530640815,0.9975440472022226,0.9409669977890662,0.9239759423528264,0.8729257271101267,0.957509435301382,0.9278919760223632,0.8716795438693173,0.8809270560698741,0.9097421633544904,0.9625131050152524,0.9159552332667189,0.9427946840319121,0.9607848936032954,0.9318133405341396,0.9501049319099923,0.9501049319099926,0.9591194968553458,0.9625131050152524,0.5481514216932246,0.7387643482726474,0.9681346172628937,0.9529545363721539,0.9529545363721539,0.8414864259682344,0.9949291060968914,0.9501049319099926,0.7894968820867838,0.9544316996038,0.9607848936032957,0.9544316996038,0.9544316996038,0.8373957982954761,0.9422080421889416,0.9264488104519892,0.9544316996038,0.829030356996278,0.854430935472339,0.9239759423528265,0.901890499100299,0.9181106311285121,0.9540089029986336,0.8278089777511932,0.9127113681766139,0.8563822015167815,0.9487265052554263,0.9368506101299683,0.9607848936032957,0.9774096618002821,0.8630614034554607,0.9393203828196914,0.7558041525776998,0.9487265052554266,0.9799008321613358,0.8818448085528665,0.9607848936032954,0.8068127672699421,0.957509435301382,0.7525309817880903,0.9447481688519046,0.8897874329430769,0.9400741852851483,0.8641031766521012,0.9828201226319815,0.9157186269856046,0.9422080421889416,0.9282725629505149,0.957509435301382,0.9447481688519048,0.8945024258106784,0.9836243259051825,0.8717185331373516,0.9130131975922846,0.9591194968553456,0.9907554246552424,0.9501049319099926,0.926494361002606,0.7839347172135986,0.9765837058865925,0.7996350258936389,0.9608853644890276,0.9661972965770262,0.7652933686087298,0.8956033810680568,0.9127113681766137,0.8623629889204496,0.5659312663315168,0.9167305843279034,0.8943424304056795,0.9544316996038,0.9591194968553456,0.9250379219402804,0.9544316996038,0.9451689995479282,0.9447481688519044,0.9113150120108422,0.9864847804128756,0.9570129271953451,0.7634975264962841,0.824744608932849,0.9643133649175288,0.7792473655810666,0.9460501530640812,0.8802089698693754,0.9515133476881703,0.9487265052554266,0.8724525586652854,0.6511166134990862,0.9434121517267975,0.9789415993832298,0.8924501786702492,0.8541316398253663,0.8773844821970238,0.9752372748615914,0.8485170805722069,0.810985649113397,0.9327167510955894,0.9643133649175286,0.943467974097185,0.9559485503920393,0.8158831971272514,0.9554518077232719,0.9038960691476481,0.9529545363721539,0.8390631391006367,0.7794479864767841,0.9661972965770262,0.8915055770282614,0.957509435301382,0.6397205417438531,0.9318133405341398,0.9397435965156076,0.9117176971980809,0.9115437007410547,0.943467974097185,0.9087598936651085,0.946050153064081,0.9529545363721539,0.9591194968553456,0.9661972965770262,0.9544316996038,0.9271857963192043,0.9087303596674036,0.8898606214266385,0.824931369862588,0.9544316996038,0.9714637322658979,0.8366850085963902,0.9157186269856046,0.9304741538905168,0.95678955450748,0.7383007334765153,0.8933957590212611,0.9117340597481213,0.9582291749307172,0.9966922538063423,0.8660153996906965,0.7414581552504091,0.9607848936032957,0.8308459945434374,0.9361684345174046,0.57882978727304,0.7927524282151159,0.5556533515851805,0.9350052413014638,0.9515133476881705,0.5556533515851813,0.9888197307367491,0.9903434298372482,0.8280234816778029,0.9907016053222497,0.9728163709531412,0.9625131050152524,0.9544316996038,0.9447481688519046,0.7922363153434719,0.8225734700092835,0.9529545363721539,0.800677310111271,0.9501049319099926,0.9529545363721539,0.9529545363721539,0.9271857963192043,0.9544316996038,0.9501049319099923,0.9167305843279034,0.9544316996038,0.7121704507585236,0.9395538742599334,0.9625131050152522,0.957509435301382,0.9607848936032954,0.9559485503920393,0.9529545363721539,0.8390631391006365,0.8726649773302664,0.9422080421889416,0.8573544191143381,0.9544316996038,0.685738022583674,0.957509435301382,0.9987774230311344,0.8772653088123796,0.9931344261826374,0.34332397246997925,0.8945024258106783,0.9434679740971852,0.6983285517377631,0.9434679740971852,0.9005384212506018,0.9816001811698212,0.9293685115305117,0.9327167510955894,0.8816250113137447,0.9915113877198728,0.9625131050152524,0.8976252143176511,0.957509435301382,0.7740783321588798,0.858324459587394,0.9544316996038,0.9005384212506019,0.9701228324332418,0.9643133649175286,0.8872310446341196,0.8493047741087218,0.6793190916396434,0.906663301648857,0.9515133476881703,0.8749366752091825,0.8690509343197377,0.9544316996038,0.9544316996038,0.9836243259051825,0.9246012618232706,0.7881055549967799,0.8911037248686653,0.8612222667022571,0.8167498933030729,0.8141826543533125,0.8203824865711145,0.889787432943077,0.8954942934337511,0.9544316996038,0.9107280314569579,0.9591194968553456,0.9661972965770262,0.8273662657070464,0.9625131050152524,0.8485170805722067,0.9544316996038,0.9544316996038,0.8594113239051475,0.9005384212506019,0.8666684437687922,0.9447481688519046,0.7500848507922819,0.9933095589619414,0.9350052413014636,0.9933095589619414,0.8514858339733076,0.8299936449997712,0.9544316996038,0.9239759423528264,0.8363640334164013,0.9559485503920393,0.9625131050152524,0.9857329156219559,0.9855289402292564,0.7171704917830877,0.9743490353345139,0.9559485503920393,0.9879778359082554,0.9544316996038,0.8445183988316076,0.9261077324693099,0.9097421633544902,0.968828963070922,0.8027294791407742,0.9473756291574582,0.9147116017278334,0.7904433055998696,0.9607848936032954,0.9178303757589164,0.8764420057712254,0.9501049319099923,0.9448229719109481,0.96836956012162,0.9385367079941815,0.832198064937085,0.9591194968553456,0.9529545363721539,0.8886765593703843,0.9361684345174044,0.9239759423528264,0.9707211351216225,0.9661972965770262,0.9239759423528264,0.9661972965770262,0.9661972965770262,0.7026246759034638,0.9282725629505149,0.9068053912485843,0.9544316996038,0.9643133649175286,0.9447481688519046,0.9447481688519044,0.8257684019740953,0.9859983918197512,0.9529545363721539,0.9554815748429074,0.9048630781107279,0.9559485503920395,0.9789415993832296,0.9261077324693099,0.8414864259682344,0.8214805068326567,0.9544316996038,0.7781638062879617,0.9544316996038,0.8737670973648664,0.9643133649175286,0.7761414525822008,0.9434121517267976,0.9578556242450755,0.9544316996038,0.824744608932849,0.7652933686087295,0.9409669977890662,0.8258229735464784,0.8445183988316076,0.832198064937085,0.9591194968553456,0.8404690714821108,0.9945616853424688,0.8887281516764465,0.8323357203239439,0.8812152990221935,0.7094648583558847,0.9381728330554157,0.9989330715481036,0.5379637233866086,0.9087598936651082,0.9526350423385234,0.8554077319402789,0.9127113681766139,0.822553858780367,0.9544316996038,0.9529545363721539,0.858324459587394,0.985160900069593,0.8068127672699421,0.7996350258936389,0.7778983555639072,0.9544316996038,0.8102561836643376,0.9475413298941457,0.5637444161701672,0.9544316996038,0.8563822015167815,0.7248979801204603,0.9625131050152524,0.9422080421889416,0.9529545363721539,0.8370443491719957,0.9385367079941818,0.9077810309891678,0.9554815748429076,0.9931344261826374,0.58692086770742,0.7563764498345815,0.9544316996038,0.9582291749307172,0.9544316996038,0.9625131050152522,0.8241569180596202,0.8962395095530544,0.9661972965770262,0.933854925314779,0.8637076121118323,0.9147116017278332,0.9810522968844484,0.9544316996038,0.9144538550233171,0.903321593931641,0.8299936449997712,0.9846299338167082,0.9711878805915029,0.8807450411223985,0.9327167510955896,0.9315900378678905,0.9250379219402804,0.9038960691476479,0.8403850910576147,0.9250379219402804,0.9177914171276884,0.9591194968553458,0.9741812383843045,0.9250379219402804,0.9661972965770262,0.9385367079941818,0.9559485503920393,0.7178544338753297,0.9529545363721539,0.9315900378678905,0.6543600255164554,0.9029316112204655,0.9711878805915029,0.9422080421889416,0.9229213960709448,0.9373453016197317,0.9529545363721539,0.9447481688519046,0.9575955949663897,0.8166351311398243,0.9965404612835238,0.8830333887596136,0.9208331242859091,0.962306653551736,0.7876055582759072,0.9559485503920393,0.957509435301382,0.9541290792408026,0.7721592691164597,0.9350052413014638,0.7446980073950806,0.9107280314569579,0.9591194968553456,0.9607848936032957,0.8867934927338037,0.933854925314779,0.7651324346633903,0.9743490353345139,0.9327167510955896,0.8679216237887915,0.9965573445764311,0.9315900378678903,0.9544316996038,0.9843760961287644,0.7750624986011462,0.708040418693795,0.9107280314569579,0.8650600761076828,0.9607848936032954,0.9752372748615915,0.962299054571988,0.9385367079941811,0.9501049319099923,0.6977360889985442,0.9515258611582158,0.8849118467483819,0.9403931336275562,0.9460501530640812,0.86025830850666,0.9765837058865925,0.9142761312019918,0.8716795438693176,0.957509435301382,0.9559485503920393,0.9368506101299683,0.9350052413014638,0.34699939856024986,0.9917282321179908,0.8773844821970236,0.9958256659144274,0.911315012010842,0.9799008321613359,0.9469260728986404,0.9434121517267975,0.7453651154501213,0.9575094353013818,0.8736104662007038,0.9409669977890662,0.9607848936032957,0.9038960691476479,0.8897874329430772,0.8945024258106784,0.9643133649175286,0.8971901564492131,0.9625131050152524,0.9715202108257164,0.9607848936032957
p41_S,0.9656152610259837,0.9564866901437921,0.919737437035689,0.8158540812532469,0.8644606804686435,0.9720496894409938,0.9352032913830403,0.9645797494173389,0.9286491105644255,0.9704919301607369,0.9553906988562064,0.8705865822009823,0.870586582200982,0.9425114327004684,0.8495206012251388,0.9149900225490739,0.9587434581480645,0.9491780856091547,0.9690033562225546,0.9704919301607369,0.9165661374366314,0.9543141322095119,0.9774873843362968,0.9471168020442999,0.953255582527178,0.949178085609155,0.9587434581480645,0.9950068763949225,0.9209839463193068,0.9437668361191333,0.9443657603723181,0.9381728330554158,0.964434201439255,0.9397924012017989,0.8644606804686435,0.9690033562225546,0.9635753483468394,0.9576036838348732,0.9720496894409938,0.9481929520311925,0.9253688519211309,0.7783550557157379,0.7995169082125596,0.8988436939017761,0.9587434581480645,0.8868389261885843,0.9648659912110238,0.8727206163368166,0.9481929520311925,0.8898187755722903,0.9661972965770262,0.8884227473641773,0.949178085609155,0.9673074603196745,0.8085099719875108,0.9472198404849024,0.9472198404849024,0.9623211158059548,0.9937579514516801,0.9599080294518358,0.9650762806974963,0.9521664397849134,0.9491780856091547,0.9253688519211309,0.9675743567407267,0.9769635650859829,0.9381728330554157,0.9431095860977792,0.9849562970888832,0.9690033562225546,0.9415972144812141,0.9481929520311925,0.9510697823313443,0.8210345383897545,0.9623211158059548,0.9157773781681391,0.9543141322095121,0.9700351664034113,0.9837029979941458,0.9720496894409938,0.9700351664034113,0.9797658041147692,0.9453068780840737,0.8505593707793001,0.9623211158059548,0.9389009867184677,0.9726326202607707,0.9676837770879045,0.8375703134646096,0.961099699561395,0.9623211158059548,0.919737437035689,0.9704110250992254,0.973984063200021,0.991834013047275,0.9261840328635953,0.9181483053976589,0.9165661374366314,0.7907939939476722,0.9442656624968064,0.9472198404849024,0.9648659912110236,0.962321115805955,0.9771002609923765,0.9040598105946912,0.9690033562225546,0.931147340525424,0.8140963117651729,0.9034814342922287,0.8568976243014227,0.9079504174811017,0.9501760208500687,0.804725297579278,0.932833950574053,0.9648659912110238,0.8261162570094343,0.9564866901437921,0.9690033562225546,0.9720496894409938,0.8169265430423132,0.9540957356814991,0.9149900225490739,0.953255582527178,0.9443657603723179,0.9491780856091547,0.8459404597981649,0.9635753483468394,0.9365230764056001,0.9610996995613952,0.8373091029803342,0.9056153321941811,0.9648659912110236,0.9661972965770262,0.0,0.9587434581480645,0.8852493927538767,0.8221956756749049,0.9661972965770262,0.9661972965770262,0.9599080294518358,0.8550872530468148,0.9704919301607371,0.9847195507103002,0.9480457155580746,0.9165661374366314,0.9336842693103169,0.8878225115442001,0.9195138840882445,0.7890004138281905,0.8440565830183067,0.9704919301607371,0.9303105872741888,0.9431095860977792,0.9568784918748878,0.9381728330554158,0.9481929520311922,0.9221363294762475,0.9362663130722397,0.9760563522715155,0.9609676410723689,0.9320684863015755,0.9428375253830147,0.9511876099263499,0.8844221790552501,0.9237472579920247,0.9380163966266188,0.894917409653627,0.9752737206364959,0.9453068780840737,0.8758672676331243,0.9425114327004687,0.9610996995613952,0.9472198404849024,0.8799873197458246,0.9322652690737794,0.9538832559337087,0.9690033562225546,0.8807897646549209,0.9996437898601822,0.8992960027516225,0.9345395918631998,0.9173564091624518,0.9880755935910335,0.9610996995613952,0.9781496244714993,0.8915752582995886,0.8169265430423132,0.9716885439827986,0.9564866901437918,0.9434341193662401,0.8762593501599865,0.9801025842096873,0.868089278539445,0.8207663324301319,0.8604631486691808,0.9623211158059548,0.6791932532177181,0.9599080294518358,0.9229944540367138,0.9950497822386668,0.9850406692683007,0.9547434413197933,0.9623211158059548,0.9025045192170251,0.8207663324301319,0.9704919301607371,0.9623211158059548,0.9540984079056033,0.9935264355112596,0.9620090329381987,0.9349923761154102,0.9294779121965993,0.9610996995613952,0.9623211158059548,0.9431095860977792,0.9623211158059548,0.8375670847398857,0.9197013194028298,0.9170249213338444,0.9623211158059548,0.9802655900904539,0.9623211158059548,0.9107736525866996,0.931147340525424,0.9380163966266188,0.9079504174811015,0.9648659912110236,0.8353231768642488,0.9599080294518358,0.9522137875062904,0.9726326202607709,0.9303105872741888,0.9577687663920409,0.9397924012017989,0.9661972965770262,0.975273720636496,0.9864188438370332,0.9788715516976696,0.9237472579920247,0.9935264355112596,0.9371382816751241,0.7218199254077097,0.9149900225490741,0.9599080294518358,0.9623211158059548,0.919033318549464,0.9623211158059548,0.8963066301031357,0.9371382816751241,0.8425429626878578,0.9462580354121288,0.8353231768642488,0.6791932532177182,0.9362663130722397,0.953255582527178,0.9205349146293753,0.9553906988562064,0.980265590090454,0.6659480751651299,0.9048375041252172,0.904837504125217,0.7581058089268594,0.961099699561395,0.9675743567407264,0.8730956945148611,0.9720496894409938,0.9929562774279699,0.9681858530496634,0.9501760208500687,0.9040598105946913,0.9071717080147697,0.9661972965770262,0.7512620045838886,0.8140963117651729,0.9788962217113011,0.9690033562225546,0.9340423903539129,0.9362663130722395,0.9511876099263499,0.927002353944838,0.9690033562225546,0.9481784169066947,0.8351342063621663,0.9675743567407264,0.9245566463845685,0.9970799457879603,0.9648659912110236,0.9397924012017989,0.804725297579278,0.9599080294518358,0.9648659912110236,0.9648659912110236,0.8505681838601356,0.9690033562225546,0.9625008594418482,0.9852042065592536,0.9149900225490739,0.8772530964941355,0.9690033562225546,0.9623211158059548,0.9481929520311925,0.9599080294518358,0.9661972965770262,0.8469527777499488,0.6790663687470526,0.9648659912110236,0.9481929520311925,0.9950068763949225,0.8629791856785536,0.7449636963826369,0.7656842582129719,0.9197013194028298,0.9577687663920409,0.9170249213338444,0.9490060614215785,0.9704919301607371,0.9286491105644255,0.9704919301607371,0.9397924012017989,0.5553683337996573,0.932833950574053,0.942837525383015,0.9623211158059548,0.966197296577026,0.9278239868212361,0.9491780856091547,0.9690033562225546,0.9675743567407267,0.9610996995613952,0.9623211158059548,0.953255582527178,0.9690033562225546,0.9720496894409938,0.9336842693103169,0.9071879956687866,0.9511876099263499,0.9661972965770262,0.7738965054378302,0.8730956945148614,0.953255582527178,0.9576036838348734,0.8820512005878682,0.9648659912110238,0.9980634982842684,0.860380696433722,0.9673074603196743,0.957918165957411,0.9720496894409938,0.8392586329331393,0.9397924012017986,0.830271740571741,0.9587434581480645,0.961099699561395,0.9390736373291675,0.9149900225490739,0.8799270736133199,0.8035117733343914,0.8655480930335331,0.9623211158059548,0.9863547093778392,0.8306286611882309,0.9406910117203195,0.9965185747417931,0.9704919301607371,0.8758672676331244,0.9623211158059548,0.9623211158059548,0.8547020723633446,0.9169904684997889,0.8954927753294002,0.9623211158059548,0.9704919301607371,0.962321115805955,0.9425114327004686,0.9237472579920247,0.8207663324301319,0.962321115805955,0.9434341193662401,0.9543141322095121,0.8755644359298402,0.8577507109035437,0.9623211158059548,0.9118525638325781,0.9380163966266188,0.8312943488564513,0.9778835113918657,0.9953786045233857,0.9681491497696157,0.9648659912110236,0.815228119571979,0.9623211158059548,0.8496516619740198,0.9491780856091547,0.9368211999004499,0.9715154878933503,0.9635753483468394,0.8747439046690524,0.9576036838348732,0.9623211158059548,0.7838792003066443,0.9197196988710055,0.9623211158059548,0.811816776192263,0.9970688419235265,0.8828532941996556,0.8629791856785536,0.809483376444648,0.9623211158059548,0.87347572253113,0.8931449617140894,0.9330470514183519,0.8900013566415688,0.8629791856785536,0.9633423340760361,0.9852078760340834,0.9229405345355655,0.9648659912110238,0.6790663687470528,0.9620090329381987,0.9522137875062904,0.9469265748682145,0.8757177841705946,0.9040598105946911,0.9522137875062904,0.9661972965770262,0.9491780856091547,0.9623211158059548,0.9690033562225546,0.9270023539448378,0.9497531817955674,0.9553906988562064,0.9462580354121286,0.9599080294518358,0.9627267578789453,0.9635753483468394,0.9599080294518358,0.9553906988562064,0.962321115805955,0.9564866901437921,0.9559530196558286,0.9286491105644255,0.8237261571040234,0.9658737650974747,0.812459822799351,0.8911016107831407,0.9522137875062904,0.9647089215353348,0.9726326202607706,0.9704919301607371,0.9988697135602091,0.995006876394922,0.9374297224202958,0.9501760208500687,0.9543141322095121,0.9278239868212363,0.9428375253830147,0.9397924012017989,0.8750116732174091,0.9587681897571775,0.9511876099263499,0.9752737206364959,0.9700351664034114,0.9316279546663165,0.8812473067855704,0.9086318030400212,0.9667762608570643,0.9587434581480645,0.9378037505277521,0.9189419416378728,0.8762627027648181,0.9107192181558881,0.9071885561788845,0.8646949616010213,0.9553906988562064,0.8900013566415689,0.9511876099263499,0.9371382816751241,0.8468751980607188,0.9648659912110236,0.955495047504124,0.9791112505823618,0.9389009867184677,0.7752019357866793,0.9690033562225546,0.8981372237870209,0.9673483838836943,0.9330470514183519,0.9950068763949225,0.9587434581480645,0.9587434581480645,0.9381728330554159,0.9690033562225546,0.9443657603723179,0.870604554931679,0.9354001807590553,0.9610996995613952,0.9610996995613952,0.9780395008431748,0.857832008677496,0.9587434581480645,0.9048375041252171,0.9623211158059548,0.9675743567407267,0.9623211158059548,0.9623211158059548,0.7921166669210784,0.9522137875062906,0.9397924012017986,0.9623211158059548,0.9529908213310594,0.9244900783551335,0.9500854106526051,0.9063554346404523,0.9118525638325781,0.8559789162214912,0.8655369948545272,0.9788715516976696,0.9220202535048391,0.9576036838348734,0.9157773781681391,0.9675743567407267,0.9965185747417933,0.9467915377189187,0.9021732230507462,0.9443657603723179,0.9644342014392548,0.9581756603540753,0.9146088609632119,0.9675743567407264,0.971803912061864,0.9648659912110238,0.9764578705634923,0.9543141322095121,0.9819567482913831,0.9522137875062904,0.8315078880953243,0.9434341193662401,0.930310587274189,0.9071885561788837,0.82349787572023,0.942837525383015,0.9726326202607709,0.9635753483468394,0.9362663130722397,0.8186237669479576,0.9205937947274885,0.9661972965770262,0.8939283999593048,0.9587434581480647,0.9477961055696322,0.9181483053976589,0.9610996995613952,0.8684477557283841,0.9453068780840737,0.9720496894409938,0.8559789162214914,0.9542973744591622,0.9278239868212361,0.9583081002571008,0.9543141322095121,0.8578320086774961,0.9968554189197797,0.9623211158059548,0.9661972965770262,0.995006876394922,0.9623211158059548,0.8970542565865081,0.8265261252013356,0.9599080294518358,0.991834013047275,0.8747439046690524,0.9522137875062904,0.8071231748299156,0.9704919301607371,0.8468751980607188,0.597164492701501,0.9719739006977874,0.9599080294518358,0.964434201439255,0.906289146258993,0.9371382816751241,0.9511876099263499,0.9768697337936629,0.9993232168604812,0.8595076304199192,0.8081122173494262,0.9397924012017986,0.8155659548675032,0.8970542565865081,0.9443657603723179,0.9704919301607371,0.9751129258825251,0.9471168020442999,0.8804415508981573,0.816938188796597,0.9205349146293751,0.961099699561395,0.8487307132759605,0.8820512005878682,0.9720496894409938,0.9113672383288542,0.8505410419770536,0.9389009867184677,0.9380163966266188,0.9501760208500689,0.9716885439827986,0.9443657603723179,0.7602184511116357,0.8772548611812421,0.9700351664034111,0.7864297230821702,0.9661972965770262,0.9720496894409938,0.9623211158059548,0.8853943075507923,0.9001706985868914,0.9927297376643828,0.9406910117203195,0.9623211158059548,0.9046235823585467,0.8697688980991498,0.9650762806974964,0.9425114327004684,0.9286491105644255,0.9197374370356892,0.9568784918748878,0.8983997469640516,0.9462580354121288,0.9826171532883465,0.9897622271227241,0.9662615489004198,0.9675743567407267,0.9278239868212361,0.9472198404849024,0.9648659912110236,0.9371382816751241,0.9720496894409938,0.8624668003020075,0.9599080294518358,0.9720496894409938,0.9564866901437918,0.9472198404849024,0.9623211158059548,0.9223798585420758,0.9142039648291602,0.9273614004407342,0.6912424767432425,0.9726326202607709,0.9859646442922714,0.9593609816658519,0.961099699561395,0.9661972965770262,0.9587434581480645,0.961099699561395,0.961099699561395,0.9397924012017987,0.9623211158059548,0.9587434581480645,0.9311473405254241,0.9623211158059548,0.9511876099263499,0.9189419416378728,0.9273614004407346,0.9648659912110238,0.9675743567407267,0.9635753483468394,0.961099699561395,0.998082343121321,0.9405104606214995,0.9774873843362967,0.9602071727235838,0.9623211158059548,0.931147340525424,0.9648659912110236,0.9511876099263499,0.9666483139263965,0.9319883865480125,0.9690033562225546,0.9635753483468394,0.9751129258825252,0.7809209491441991,0.953255582527178,0.9623211158059548,0.9371382816751241,0.9987382114239769,0.9443657603723179,0.9625193750831524,0.9553906988562064,0.9690033562225546,0.9481929520311925,0.9648659912110238,0.9105871713767659,0.8799873197458248,0.9623211158059548,0.9623211158059548,0.9578899577083524,0.9704919301607369,0.8796338709830263,0.9587434581480645,0.9553906988562064,0.9386466808822661,0.9599080294518358,0.9687075268123364,0.8250605217364746,0.9623211158059548,0.9623211158059548,0.9521154309854926,0.9521664397849136,0.9278239868212361,0.9937579514516801,0.8360533776976244,0.8629791856785536,0.8812473067855704,0.8118073077748237,0.9501760208500687,0.9497531817955674,0.9623211158059548,0.8727206163368165,0.9661972965770262,0.9720496894409938,0.8747439046690524,0.9690033562225546,0.9704110250992253,0.9623211158059548,0.9623211158059548,0.8333208615507239,0.9623211158059548,0.8271651238611321,0.9543141322095121,0.8939283999593048,0.9253688519211309,0.989983576492583,0.9752737206364959,0.9281306370804508,0.8892126720780515,0.9623211158059548,0.9371382816751241,0.8314138240813405,0.9635753483468394,0.9273614004407347,0.8068326932115029,0.9164242785884129,0.9336842693103169,0.9389009867184677,0.8578089524354392,0.9368211999004499,0.9623211158059548,0.936357512678511,0.9965185747417931,0.9752737206364959,0.9490060614215785,0.9001706985868914,0.7386899117100738,0.9667762608570645,0.9322652690737794,0.933047051418352,0.9451910326286186,0.9769180698119905,0.9613973877408789,0.9704919301607369,0.8158540812532468,0.9491780856091547,0.9497531817955674,0.7469130923202987,0.961099699561395,0.9079504174811013,0.9880755935910335,0.9371382816751241,0.581086192760313,0.5710835058661141,0.9371382816751241,0.9137336093857831,0.9137336093857829,0.9278239868212361,0.9996437898601822,0.9229405345355655,0.9623211158059548,0.9704919301607371,0.9543141322095121,0.9543141322095121,0.914348025108016,0.9576036838348734,0.8705865822009817,0.7292573298947763,0.9213345015882415,0.9635753483468394,0.9487990223782053,0.9389009867184679,0.9454454968314663,0.9647089215353348,0.9623211158059548,0.919737437035689,0.9623211158059548,0.8207663324301319,0.9704919301607369,0.9501760208500687,0.9511876099263497,0.8931449617140894,0.9623211158059548,0.8446553495102788,0.8559789162214912,0.9797658041147692,0.8059290360431439,0.8979165212489255,0.836355248893291,0.9661972965770262,0.8645116474237172,0.995308937439624,0.9186263852882656,0.8907614131129443,0.9522137875062904,0.8836536494976579,0.9720496894409938,0.9071885561788838,0.9623211158059548,0.9245566463845685,0.9481929520311925,0.8447400695691346,0.9788715516976696,0.8972229380687486,0.9510697823313443,0.961099699561395,0.9590404484306646,0.8970542565865081,0.9229405345355655,0.8684477557283838,0.847805253721567,0.9623211158059548,0.8218508298411389,0.8986133813304025,0.9425114327004684,0.9623211158059548,0.8433272776210028,0.9576036838348732,0.9690033562225546,0.9522137875062904,0.961099699561395,0.9942118046808438,0.6502968271677552,0.9237472579920245,0.9472198404849024,0.9615726344798461,0.9522137875062904,0.8612502633673054,0.9623211158059548,0.926225188397295,0.9623211158059548,0.8237261571040231,0.87638266886087,0.85714476591522,0.9720496894409938,0.9918340130472749,0.9282308144182452,0.7592846069643922,0.9425114327004684,0.9623211158059548,0.8917340290011035,0.7894591591824189,0.8892126720780515,0.9443657603723179,0.9371382816751244,0.9661972965770262,0.9443657603723179,0.9434341193662401,0.9380163966266186,0.7440905811743813,0.847805253721567,0.9380163966266186,0.9425114327004687,0.9661972965770262,0.9149900225490739,0.9380163966266186,0.9720496894409938,0.9840677331869968,0.7685011028265789,0.9149900225490741,0.9610996995613952,0.811816776192263,0.9511876099263499,0.919737437035689,0.9371382816751241,0.9071885561788837,0.9362663130722395,0.9861053894336533,0.9547434413197933,0.9726326202607707,0.9508366667997827,0.9425114327004687,0.927002353944838,0.9540984079056032,0.8465978314369926,0.9319883865480127,0.9481929520311925,0.7685011028265788,0.9648659912110238,0.9270023539448378,0.9213345015882415,0.9462580354121288,0.9462580354121288,0.9764578705634923,0.966197296577026,0.9675743567407267,0.9935489104071602,0.991834013047275,0.9009488545209479,0.7730110731649059,0.9443657603723179,0.9719311446762611,0.953255582527178,0.9434341193662399,0.9623211158059548,0.8475263632365206,0.9095092958001549,0.8435916521220533,0.9229944540367137,0.9688847748640843,0.9675743567407264,0.9397924012017986,0.995882341907524,0.949178085609155,0.9587434581480645,0.9453068780840737,0.9253688519211309,0.991253926990932,0.970758343282005,0.9553906988562064,0.9964003840614116,0.9610996995613952,0.9589084310161462,0.9826888816980899,0.9648659912110236,0.9635753483468394,0.9917593122917417,0.9462580354121284,0.9648659912110238,0.9741037694931158,0.9338012464866424,0.9857386740650507,0.9581756603540755,0.9599080294518358,0.9919152034643681,0.9107192181558881,0.9788715516976696,0.9648659912110238,0.9368211999004499,0.9511876099263499,0.9675743567407267,0.9684455580859814,0.9501760208500687,0.9635753483468394,0.9704919301607369,0.9609676410723689,0.9690033562225546,0.9796598397153293,0.9675743567407267
p41_T,0.9376498548206778,0.9357714224531068,0.8815270484708906,0.8314344420445833,0.944383427890573,0.9587434581480645,0.703930119930856,0.7533705379959406,0.9306570238192788,0.9564441004788364,0.9341536654578784,0.9425805352069325,0.9425805352069325,0.9151430007264558,0.6431436481742856,0.8745195447781489,0.9949392712550607,0.92498342966047,0.9732924283946005,0.9564441004788367,0.895603902985638,0.6588107267217138,0.978616554847229,0.9462347596389562,0.7184098448778982,0.9249834296604698,0.8933873144399459,0.9085080245777923,0.9564441004788367,0.778455606257665,0.9178801133263084,0.9501049319099923,0.9374201804111677,0.6814448973676571,0.944383427890573,0.6834496021196093,0.9462347596389562,0.9374201804111677,0.9587434581480645,0.9235293061149326,0.6216589410515477,0.9264564493231813,0.9587434581480645,0.9046463136602705,0.9949392712550609,0.7753164480525946,0.9481398354780852,0.8910426583248507,0.24958794585016375,0.8815270484708906,0.9501049319099923,0.8353044563359773,0.9249834296604698,0.9357714224531068,0.9919304969477558,0.9220929278982624,0.2635731500277859,0.944383427890573,0.7398037923896812,0.940821549823033,0.8971337307079474,0.6976890055258536,0.6082781345804253,0.9247323722236849,0.21404844410748625,0.807770117807695,0.6487144801274358,0.9281416271896028,0.9558070047262102,0.9542468650366516,0.9610558594824402,0.9235293061149326,0.944383427890573,0.8102331311923987,0.944383427890573,0.8756817347288381,0.9325645805415597,0.6487145310312652,0.806532577607483,0.9587434581480645,0.9341536654578786,0.9279496229669748,0.9192692664872613,0.9249834296604698,0.944383427890573,0.9098137391625776,0.8120449864979854,0.7860990203693254,0.9175986829007592,0.9425805352069325,0.944383427890573,0.48598025868821915,0.6976890055258533,0.8411169961963991,0.9192692664872613,0.8910426583248505,0.6275090503249383,0.9093531537683386,0.8027946585739212,0.828135182106472,0.4445362438219975,0.922794642290683,0.944383427890573,0.694567730504855,0.931010804800406,0.9542468650366516,0.9352547073163471,0.7780757216617364,0.9310020898787328,0.8126806934976469,0.5518008803194157,0.926456449323181,0.7887256191380703,0.4232998046121157,0.9481398354780852,0.7887311847436811,0.9357714224531068,0.9542468650366516,0.9587434581480645,0.8445863152939237,0.9046463136602705,0.5468329689898159,0.9310020898787328,0.9178801133263084,0.9249834296604702,0.7582669851454544,0.9462347596389562,0.8480451455932461,0.9425805352069325,0.9072118677365053,0.8606818700890229,0.9481398354780852,0.9501049319099923,0.9587434581480645,0.0,0.8306203710906808,0.8675814580264318,0.9830316367629124,0.9501049319099923,0.9408215498230332,0.7415429230555968,0.9564441004788364,0.8077701178076948,0.5966729124628984,0.6680538025319438,0.902113512733081,0.9497014469643543,0.8270835681605351,0.9235293061149328,0.7354390287806853,0.6641610905341864,0.8971337307079472,0.9287469323757311,0.9013701145685413,0.9830316367629124,0.923529306114933,0.5040801042311472,0.9059247833199469,0.872142684444712,0.5789800515582617,0.7380515383147948,0.9481398354780852,0.9279496229669748,0.809647347075422,0.8874458144092716,0.37424304178337353,0.8480451455932461,0.9247323722236849,0.9192692664872613,0.830620371090681,0.9151430007264558,0.9425805352069325,0.9220929278982626,0.6754581503814578,0.8399577749125604,0.5751056000149396,0.9542468650366516,0.8583858153873951,0.46925633309523496,0.8756817347288379,0.9033760264581221,0.8780124908814335,0.8969439783075258,0.9425805352069325,0.8746367075465763,0.7332916087828544,0.9309949317066526,0.8922505553843603,0.9357714224531068,0.9592864686575604,0.9408215498230332,0.9306570238192791,0.8052908861542938,0.8739736319080158,0.9337059488987847,0.944383427890573,0.9462347596389562,0.9408215498230332,0.8910426583248505,0.92904659231084,0.9148161375677795,0.9425805352069325,0.944383427890573,0.945628026695954,0.8395956525970316,0.9564441004788364,0.944383427890573,0.8447015157141502,0.9072118677365055,0.8756817347288379,0.843431170571713,0.48752213704828185,0.1159535652757756,0.944383427890573,0.8708970510157363,0.944383427890573,0.8101028101169588,0.8235236725291668,0.8199382162592164,0.944383427890573,0.6574204612622749,0.944383427890573,0.7577757959214532,0.9909735478358417,0.9085080245777923,0.8899469629462303,0.40653255336575644,0.7754488325827291,0.940821549823033,0.978616554847229,0.9836426671336507,0.48113856004781963,0.772597737166147,0.9111295270090605,0.9501049319099921,0.88983939632178,0.8803528436582551,0.8934633408766892,0.9562462491840291,0.9072118677365055,0.9072118677365055,0.9391025641025641,0.5468329689898158,0.9408215498230332,0.944383427890573,0.9291552782955312,0.944383427890573,0.7081641675480277,0.9072118677365053,0.9501049319099923,0.9206732387984038,0.7754488325827292,0.9462347596389562,0.9059247833199466,0.9310020898787328,0.6818135799918104,0.7529974819089796,0.8480451455932461,0.9481398354780852,0.5966729124628984,0.8897444847827973,0.8294438503508299,0.9425805352069325,0.9521375655065456,0.7018697944792919,0.9587434581480645,0.84470151571415,0.8175324891292579,0.926456449323181,0.8884720125034238,0.586163856340896,0.9501049319099923,0.8341365508598,0.7780757216617367,0.7754488325827291,0.9542468650366516,0.8126806934976472,0.9059247833199469,0.2513469932985467,0.9276677015291237,0.9542468650366516,0.8376345900059798,0.79647451910913,0.9088934360957929,0.8886405262183215,0.36682642045815395,0.9481398354780852,0.9518720845713888,0.7887256191380703,0.9408215498230332,0.9481398354780852,0.9481398354780852,0.7500506348674418,0.9732924283946004,0.7794285697266241,0.8411169961963989,0.8745195447781489,0.8294438503508299,0.828371015257105,0.38949835154882206,0.6170913894212313,0.9408215498230332,0.9501049319099923,0.7834491233257193,0.9232833700357419,0.9227946422906832,0.9386569025459168,0.9085080245777923,0.7518871937866647,0.9384051522235204,0.8733592706140674,0.6549257525347102,0.8103931271108319,0.847215310272122,0.593227723325713,0.740040052331582,0.8946812791236383,0.9564441004788367,0.6407023398053291,0.9072118677365053,0.8738610115516663,0.987327403406299,0.944383427890573,0.9501049319099926,0.8934633408766897,0.374908916700873,0.9542468650366516,0.9521375655065456,0.8808946086335748,0.944383427890573,0.9810860991992141,0.9542468650366518,0.9587434581480645,0.902113512733081,0.7119808298216672,0.2513469932985468,0.9501049319099923,0.84470151571415,0.7018697944792917,0.9310020898787328,0.9374201804111679,0.6777893518649716,0.9481398354780852,0.951872084571389,0.7309058720430989,0.9357714224531068,0.902113512733081,0.9587434581480645,0.7693321522647549,0.6814448973676568,0.78290509294786,0.8375506072874499,0.9425805352069325,0.9137935530290915,0.5146858864213699,0.7887256191380703,0.7900304636463156,0.7197454488954537,0.944383427890573,0.8399577749125602,0.9098137391625776,0.34559878705196045,0.9098137391625776,0.9564441004788364,0.8584578374109315,0.944383427890573,0.944383427890573,0.9235293061149326,0.8946812791236383,0.6341242627630241,0.944383427890573,0.9564441004788367,0.08671734220309513,0.40906351332964785,0.8874458144092718,0.7698170080916691,0.944383427890573,0.31342768733003423,0.9836426671336507,0.6955676483679548,0.7362858947045932,0.944383427890573,0.8698884442909975,0.3742430417833732,0.7814298036425282,0.7583906936896538,0.9165049484215364,0.5734339398811112,0.9481398354780852,0.7767163393241148,0.944383427890573,0.7517162945760396,0.9249834296604702,0.8457402940353764,0.6727722636251761,0.9462347596389562,0.6976890055258536,0.9374201804111677,0.944383427890573,0.8862550362254635,0.8123411346234962,0.944383427890573,0.9592864686575602,0.775350298658573,0.675458150381458,0.6989031042017523,0.783449123325719,0.944383427890573,0.7583906936896537,0.8422747629288032,0.9521375655065456,0.6532216664443504,0.7253951489942085,0.8983688348924415,0.8996102754967266,0.6354381015865134,0.9481398354780852,0.8886405262183215,0.8756817347288379,0.9294643302252341,0.8387970042600206,0.5897253151379248,0.8583858153873953,0.9294643302252341,0.9501049319099923,0.6082781345804249,0.944383427890573,0.9542468650366518,0.966080860036586,0.8347994559429097,0.9341536654578784,0.9206732387984036,0.9980965995557116,0.8317086581050612,0.9462347596389562,0.9408215498230332,0.9862951408967355,0.944383427890573,0.9357714224531068,0.9611032305582619,0.5656825504417525,0.9542468650366518,0.8597023633262979,0.9564441004788367,0.9357714224531068,0.9294643302252341,0.782115150700071,0.9836426671336507,0.360645243344606,0.9638839861838282,0.9085080245777923,0.9481052266646686,0.9264564493231813,0.9325645805415599,0.8934633408766897,0.9481398354780852,0.9111295270090605,0.4820870374439278,0.865278717226353,0.9279496229669748,0.8898393963217797,0.9341536654578786,0.9178801133263084,0.6800950325573996,0.8548882251113228,0.9227502900618,0.9391025641025641,0.7964745191091303,0.5571955700969682,0.9151430007264558,0.9279496229669748,0.9294643302252343,0.7216446603719211,0.9341536654578786,0.8376345900059798,0.9279496229669748,0.6591018812090863,0.7566456663162977,0.9481398354780852,0.6961427014650599,0.8474926543023682,0.8484724767306466,0.9247323722236849,0.9542468650366518,0.730905872043099,0.8815270484708906,0.9521375655065456,0.9719504864824022,0.9391025641025641,0.9391025641025643,0.9830316367629125,0.9542468650366516,0.9178801133263084,0.7079927759688767,0.7476687027337887,0.9397362273534059,0.822052989913744,0.806532577607483,0.9352547073163471,0.9391025641025643,0.8685695845092949,0.944383427890573,0.9521375655065456,0.944383427890573,0.944383427890573,0.8015399251065851,0.9294643302252341,0.4369895519936876,0.944383427890573,0.8176722410287787,0.8497223904550522,0.9072118677365054,0.7073321475534138,0.8698884442909978,0.9450088527374347,0.6376340398330338,0.8934633408766894,0.8247130225158625,0.9374201804111679,0.8756817347288379,0.9521375655065456,0.9098137391625776,0.8868218163524274,0.8422747629288032,0.43184040129110957,0.9374201804111677,0.9980965995557116,0.7677804724276474,0.9521375655065456,0.5329437739747938,0.9481398354780852,0.47624014703524575,0.9325645805415597,0.926456449323181,0.9294643302252341,0.8341365508598,0.9165049484215364,0.8971337307079474,0.9294643302252341,0.9124559366883973,0.987327403406299,0.9325645805415601,0.9462347596389562,0.9839671309918705,0.8721426844447118,0.7351163597714815,0.9501049319099923,0.6397615797143077,0.9391025641025643,0.7843727211063933,0.5617344414466008,0.9397362273534058,0.755452519982089,0.9192692664872613,0.9587434581480645,0.7398037923896812,0.8597023633262979,0.8934633408766897,0.8219281518820813,0.7098888133138037,0.8983688348924415,0.9026854380253433,0.944383427890573,0.9501049319099923,0.9483551875577272,0.944383427890573,0.6283302028420116,0.9325645805415597,0.9980965995557116,0.9192692664872613,0.6976890055258533,0.9294643302252341,0.7860990203693254,0.9564441004788367,0.7566456663162976,0.9341536654578786,0.853793834586861,0.9980965995557116,0.9374201804111677,0.8854177614335255,0.8168059725015981,0.39617700219286656,0.8243797917083935,0.9000601858073436,0.8118238203488378,0.8503465187788168,0.9111295270090605,0.8151135627519486,0.7737814949433286,0.9178801133263084,0.9564441004788367,0.3177377703140485,0.9462347596389562,0.9058737633085545,0.8934633408766894,0.8827041791382024,0.9425805352069325,0.8316893917759314,0.7605078558975681,0.7218199254077107,0.8675814580264318,0.9481398354780852,0.6873299539927961,0.9483551875577274,0.9739085258807387,0.8922505553843605,0.8653600582128309,0.9310020898787328,0.8886405262183215,0.9341536654578784,0.9425805352069323,0.9501049319099923,0.9587434581480645,0.944383427890573,0.9518720845713888,0.7047555849115426,0.7887256191380703,0.9638865172683291,0.944383427890573,0.8722007603974482,0.6832051541470814,0.8971337307079474,0.32458932758666104,0.894681279123638,0.8815270484708908,0.8698884442909975,0.7662194251312656,0.9206732387984038,0.4445663418569824,0.8364704384437267,0.8803528436582551,0.9521375655065456,0.8934633408766897,0.2635731500277857,0.9873274034062991,0.38311972144718875,0.9587434581480645,0.9206732387984036,0.9408215498230332,0.9587434581480645,0.9357714224531068,0.9220929278982624,0.944383427890573,0.6754581503814581,0.8733592706140674,0.9542468650366518,0.9443834278905732,0.9325645805415599,0.7464223188279442,0.7834491233257193,0.9425805352069325,0.9830316367629125,0.9391025641025643,0.9425805352069325,0.9425805352069325,0.9111295270090605,0.944383427890573,0.9949392712550609,0.9352547073163471,0.944383427890573,0.8306670288758254,0.6895371198016216,0.9732924283946004,0.9481398354780852,0.9521375655065456,0.9462347596389562,0.9425805352069325,0.7533705379959402,0.8445863152939237,0.9294643302252341,0.8258996239394496,0.944383427890573,0.47457133390116346,0.9481398354780852,0.9279496229669748,0.8000539660442745,0.5422318497454304,0.9542468650366518,0.9462347596389562,0.9310020898787328,0.9072118677365053,0.9310020898787328,0.944383427890573,0.9072118677365053,0.9137935530290915,0.6919521954441423,0.8235236725291666,0.9094219082255506,0.9542468650366518,0.2955258762965469,0.9481398354780852,0.9352547073163471,0.8270835681605351,0.944383427890573,0.944383427890573,0.8710438663027387,0.9564441004788364,0.684632175123461,0.9391025641025641,0.9341536654578784,0.807770117807695,0.9980965995557116,0.7972615860446494,0.7901697029276882,0.944383427890573,0.944383427890573,0.9059247833199469,0.6976890055258533,0.8934633408766894,0.8136807882070664,0.830620371090681,0.7253951489942085,0.8247130225158625,0.8069334316128935,0.21940617264078055,0.795196038904574,0.944383427890573,0.926193613582623,0.9501049319099923,0.9587434581480645,0.6976890055258536,0.9542468650366516,0.8151135627519486,0.944383427890573,0.944383427890573,0.7784556062576649,0.8739479665019894,0.7612950419868558,0.9325645805415599,0.6397615797143077,0.8898393963217799,0.9206732387984038,0.9247323722236849,0.8459593099956004,0.6276059489312577,0.944383427890573,0.3831197214471883,0.800280645622863,0.9462347596389562,0.9732924283946004,0.940331138978256,0.8426619793851036,0.902113512733081,0.3650449085170949,0.9462347596389562,0.8457402940353764,0.944383427890573,0.8102331311923987,0.6873299539927961,0.8898393963217797,0.593227723325713,0.8526452239911775,0.9357714224531068,0.8959046461825675,0.6479414855219374,0.9521375655065456,0.8560901005086945,0.8491962167565539,0.9949392712550609,0.9564441004788367,0.9151430007264558,0.9249834296604698,0.8216249321297537,0.9501049319099923,0.9425805352069325,0.8641286133251769,0.9220929278982624,0.9745100637941104,0.9555104155252476,0.9587434581480645,0.9466378905596333,0.9587434581480645,0.9587434581480645,0.4997737230029987,0.9536751187028218,0.8862550362254635,0.944383427890573,0.9676769377237682,0.556654553537532,0.9325645805415597,0.6955676483679549,0.9374201804111679,0.9425805352069325,0.9673337013468153,0.883884423370662,0.9462347596389562,0.7598470195958764,0.9098137391625774,0.8867803430359582,0.8606486009196102,0.944383427890573,0.5192693477851081,0.944383427890573,0.7698170080916693,0.9564441004788364,0.9264564493231813,0.927949622966975,0.6139017634194655,0.944383427890573,0.7860990203693254,0.7398037923896812,0.927949622966975,0.8136807882070665,0.8102331311923987,0.7951960389045739,0.9501049319099923,0.8052908861542938,0.8584578374109315,0.8448662440139757,0.7449828491796291,0.9722312205307764,0.6731008192402964,0.9587434581480645,0.8739267712867871,0.9950603702402812,0.8886405262183215,0.8927189720995335,0.8235236725291666,0.9291552782955315,0.732713343467549,0.944383427890573,0.9425805352069325,0.8547201393526467,0.6283302028420117,0.8862550362254635,0.7814298036425282,0.7811044839911785,0.944383427890573,0.7944444047797232,0.6223705473856964,0.9151430007264558,0.944383427890573,0.8247130225158625,0.9374201804111677,0.9542468650366516,0.9294643302252343,0.9425805352069325,0.8317946002619978,0.9249834296604701,0.8874458144092716,0.9673337013468153,0.43060027479386176,0.9294643302252343,0.7290838830421909,0.944383427890573,0.9652524543463297,0.944383427890573,0.9542468650366518,0.6934250323426805,0.8733592706140674,0.9587434581480645,0.9192692664872613,0.809647347075422,0.8959046461825675,0.3668264204581545,0.944383427890573,0.8163247221854024,0.8307148155194142,0.8364704384437265,0.30178450421459435,0.9072118677365058,0.9830316367629125,0.9178801133263084,0.9165049484215364,0.9085080245777923,0.8827041791382024,0.7550135888529286,0.9085080245777923,0.9151430007264558,0.9501049319099923,0.8745195447781489,0.9085080245777923,0.9587434581480645,0.23488738597313974,0.9462347596389562,0.6754212992636013,0.9425805352069323,0.9165049484215364,0.7341136896129459,0.9148161375677795,0.9745100637941106,0.978616554847229,0.9059247833199471,0.9235293061149326,0.9425805352069325,0.9325645805415599,0.8995084169455556,0.9151430007264558,0.6119093985889517,0.9107772450218188,0.9033760264581221,0.8996102754967263,0.8927189720995332,0.9462347596389562,0.9481398354780852,0.895246567747059,0.880115759918657,0.9206732387984038,0.9652524543463297,0.9613445688403954,0.9501049319099921,0.9521375655065456,0.985824029286794,0.9192692664872615,0.790801704567981,0.9098137391625774,0.7353041611363142,0.9806316443183225,0.9688298914803046,0.9165049484215364,0.944383427890573,0.8758029025775742,0.7302347047966018,0.9046463136602705,0.9261936135826232,0.9478209165068576,0.7004399384993005,0.8851576851792985,0.9870908251894734,0.9249834296604698,0.33502024291497956,0.9192692664872613,0.9247323722236849,0.9803767087982627,0.8985590214865504,0.9341536654578784,0.9682881335133369,0.9425805352069325,0.8097424854037194,0.9388356782863467,0.21293427001890963,0.9913221015557613,0.8756817347288381,0.9206732387984033,0.9481398354780852,0.6263596603377893,0.8503465187788168,0.9431712759450812,0.7155281517808965,0.8873533009789314,0.8163247221854024,0.9762262925984146,0.6425414726783665,0.9481398354780852,0.8457402940353764,0.927949622966975,0.9521375655065456,0.8827041791382024,0.926456449323181,0.9913221015557613,0.9564441004788364,0.932597959811173,0.9542468650366516,0.9856980188943207,0.9521375655065456
p41_Y,0.8824595620935358,0.8864409491651314,0.6822631902422649,0.9201601602802497,0.8453085223330428,0.7962394877621245,0.8648431493350499,0.9125889287240476,0.707067373258758,0.7428504253927599,0.9468315625852828,0.8696295404751326,0.8402939714046156,0.7306439192243634,0.8599883792128127,0.9323090437758629,0.9976451690121844,0.7199950011170575,0.9105050913754529,0.8941686639616426,0.7753124745435708,0.8633657763496987,0.9756431574521376,0.7759688570104207,0.9329370334459521,0.7913495263156971,0.8074925667460618,0.7455249696999708,0.8563391043194221,0.8554704390823744,0.836431964940461,0.8612222667022573,0.7120637250559003,0.7528163950686997,0.8754988991654502,0.9811187570828699,0.8815889130882111,0.7664161100040024,0.7564255978266243,0.8233538596579563,0.7845215815680193,0.8191038684576519,0.9156811575686242,0.8888629911708117,0.9419702363716833,0.6694718711267944,0.9522752511635897,0.7319960563396481,0.8102074567339503,0.6704803039722533,0.7054246227170565,0.5465352773751916,0.7913495263156969,0.8213551610187864,0.9346457727814363,0.9234770525623451,0.9685867508737676,0.8453085223330421,0.9848876217727062,0.9496197597619185,0.7138886019877961,0.7151572694050958,0.791349526315698,0.680145937908039,0.8668758171222235,0.6923951976698681,0.927891976022363,0.8324282514888366,0.8849849864828497,0.9105050913754529,0.6366319466806307,0.9149635305599799,0.9735492166725133,0.6463818934160057,0.8453085223330421,0.7978499801257836,0.83105362886483,0.8428507484980066,0.5552424404082132,0.8360533776976247,0.715230791631071,0.8153059386898054,0.939693572506258,0.8130722339870089,0.8453085223330421,0.668394102781642,0.9906910241769782,0.7059675296273094,0.962778016495377,0.8696295404751335,0.8453085223330421,0.8150337555315947,0.5831520079672401,0.7287989468300797,0.9069255356133903,0.7670451694773712,0.7785795577971983,0.7591059870896424,0.7037654097958479,0.5805957904764556,0.9637487016590986,0.7903415819956476,0.7018358251808477,0.9440361712716274,0.9661038161608295,0.9088679893884184,0.6942120291199723,0.7213523862989417,0.8080897785000027,0.6941218520107089,0.8874877367103922,0.8496939689318227,0.7793590013037357,0.9949667967412965,0.9201023553084944,0.7418476407319248,0.8598769591818511,0.8021289398337758,0.7564255978266237,0.6108127848664882,0.9955777944130794,0.7720393262494724,0.8173684566621489,0.7529175869599632,0.7898029257695206,0.8138866809541538,0.8815889130882111,0.7948988325436426,0.9250214760312454,0.879511130929242,0.6125016957297671,0.8557565635983038,0.8612222667022571,0.8852493927538767,0.8306203710906808,0.0,0.8181937808015454,0.8054291866972152,0.89455712136231,0.8639560978502498,0.8753751338775237,0.9166835378272544,0.8259609717368672,0.893658689774745,0.7428994996357134,0.7466320486447935,0.8073606816740646,0.739503656923195,0.7873050390084448,0.601680556125709,0.9923426571116956,0.7868211185392318,0.8108297318067959,0.8753390982293265,0.8387640413572676,0.8102074567339512,0.9136162496352129,0.6196760792337657,0.80786153471882,0.8682011567653067,0.9191801366943515,0.8868602695609338,0.9115795360026782,0.8025831300481507,0.7813987583278197,0.8372920266171273,0.9440473849942813,0.8193134627880124,0.9835166844720726,0.8619706498951782,0.9745530391331472,0.954357045101763,0.8509744558805425,0.9573748393559205,0.8101683877778816,0.9229405598251849,0.8743797075282271,0.8761067291226037,0.8592550564486074,0.7333878832294781,0.9791984487278558,0.9541040647651198,0.9411938525033876,0.8402939714046154,0.7150067813136589,0.7643174114623807,0.6395322070511258,0.9121937749526268,0.8213551610187865,0.9383978290775612,0.7648347005325167,0.8326176685157793,0.6494045661357659,0.8141358955769724,0.7755837821521524,0.8453085223330421,0.8070999688196361,0.8219438084736305,0.8897170654594009,0.7528755906976875,0.8032508692615832,0.8696295404751329,0.8453085223330421,0.7306809906931191,0.4895894798562397,0.7428504253927602,0.8453085223330421,0.8446603957044708,0.8008875416489629,0.7509153416000762,0.7792332061083898,0.9821365475267401,0.8402939714046156,0.8453085223330421,0.9677962191567175,0.8453085223330432,0.5057573983096024,0.4918265651572524,0.5216920410477934,0.8453085223330421,0.838407796287322,0.8453085223330421,0.9740878405115801,0.8828294275824888,0.6982310253894932,0.8108590141818732,0.984448147018685,0.7176395341242314,0.8354015438796936,0.9511382489921303,0.9583788766921102,0.9873855390556807,0.7573185955829109,0.8003139398097185,0.8720988960173204,0.8675596062320503,0.8486567944104964,0.6913152155111733,0.9014506846028711,0.8401993362891031,0.7419198496887545,0.8910049657068134,0.7560123544968333,0.8639560978502498,0.8453085223330421,0.8104453935723424,0.8453085223330421,0.8449427184625504,0.747026819989439,0.8612222667022573,0.9094884033092889,0.7176395341242314,0.8382310806288515,0.7577940229519928,0.9422157116080984,0.7083164224090542,0.9231924198056225,0.6353659654834853,0.8225144778507437,0.6827962030037427,0.9388435083685315,0.7609679450914606,0.8402939714046163,0.936159000349494,0.5932592435834287,0.7564255978266243,0.655028223337379,0.7633894646900032,0.8664184631162983,0.9661038161608295,0.7097896040481211,0.89455712136231,0.9582528610844525,0.8515872918835933,0.3757235486998306,0.9088679893884184,0.5058828961299153,0.9328805567122487,0.9199416686997932,0.8582617618767494,0.9088679893884184,0.957353450759477,0.6581735174078538,0.82134985835506,0.6706985613428014,0.9324383188985057,0.6938228944303617,0.955938970123964,0.5958610853025714,0.9932711322969685,0.9844481470186852,0.9512060612711244,0.6621482822179265,0.8382543236810014,0.6601796788046768,0.7857038904746081,0.7880662980021116,0.9483038285447147,0.9449933732356441,0.9056892759978574,0.9476219630869851,0.7362801465619613,0.7054246227170566,0.6719715291005945,0.9988520628029696,0.9201023553084946,0.7546466064814382,0.7653908270182042,0.7436679416258118,0.9488762275745168,0.9346959213088937,0.9297545630300361,0.9438244759429223,0.9343466656583383,0.7219882449080068,0.9166835378272546,0.8505534249810687,0.8941686639616426,0.8950021976073845,0.9384788228894505,0.9762478048465677,0.8557565635983035,0.8453085223330421,0.8612222667022567,0.6913152155111726,0.9309653756206253,0.9088679893884184,0.8906330415823303,0.9250214760312456,0.8453085223330421,0.9422157116080982,0.8727426055411927,0.9648771726248762,0.8188353508444625,0.7112842945887539,0.9921468666844484,0.8612222667022575,0.7904797750281591,0.7277156406411391,0.6925212017161994,0.825941002885233,0.6457064297050448,0.8225144778507437,0.8137531675852789,0.757212765412585,0.8213551610187864,0.7655247704061292,0.9648771726248762,0.7138122866843071,0.9018752273373508,0.6606665798122688,0.9141327700514328,0.8696295404751337,0.82381393368364,0.996416930786419,0.648289061302904,0.5340702651286331,0.6503763189377749,0.8453085223330421,0.6825141275499602,0.9294920306371943,0.8387051771740106,0.9495764866260832,0.878853978185034,0.8203354297693921,0.8453085223330421,0.8453085223330421,0.9836707837364973,0.9222964508422231,0.6799266752872091,0.8453085223330432,0.8563391043194222,0.845308522333043,0.9113809587811849,0.6956473824170686,0.7881721823193137,0.9660700296626721,0.8909718899573573,0.932913827126654,0.7537942187296112,0.8230616472593975,0.8453085223330421,0.734082032282261,0.9243176855640713,0.72129895760602,0.6259174841066892,0.9810553993188316,0.8144596384720155,0.9833789571262195,0.6002211598458791,0.8453085223330421,0.5623556329854735,0.7199950011170573,0.7438194738564752,0.8845528294481946,0.8815889130882115,0.6776103744748103,0.8207684949521046,0.8453085223330421,0.7858280633099084,0.7059675296273095,0.8453085223330421,0.8909718899573572,0.9865207722494427,0.943596589186789,0.6512144267981357,0.5805434084373049,0.8453085223330421,0.8559475111409907,0.8609676128251857,0.8559914499686948,0.9714553566521971,0.9814055511826945,0.7541029144049771,0.7393282012161824,0.9246127132986581,0.8879294594533993,0.793893094169555,0.6703377204796941,0.9266333405321229,0.7496244971191746,0.867829516098978,0.6739078356862684,0.8283175748678024,0.89455712136231,0.882880158639472,0.8453085223330421,0.9466304752226786,0.593402765910644,0.7597639586791065,0.8688459520198255,0.9349363967408764,0.8354015438796938,0.7664055189836798,0.9004933042472816,0.8639560978502498,0.9728267661071017,0.6716454483484405,0.8864409491651315,0.7310939521307984,0.8983459845048888,0.8727426055411927,0.7269432257223103,0.8788539781850342,0.9807391009184676,0.8286137066920936,0.798557437305965,0.754658480168462,0.878853978185034,0.74902356356076,0.8051225416546708,0.9312080001597581,0.991637752907762,0.6782633314720932,0.9760234388920206,0.9190331654160289,0.9356267126184374,0.9719352498920297,0.9898135458016787,0.8634427373462416,0.9023514874520435,0.9728267661071017,0.7715924205036861,0.8017678234385303,0.8642687187891731,0.8013168909931294,0.9745173646675651,0.8956227634477283,0.980614913739112,0.899102800162929,0.8958732693715752,0.8773273917878177,0.6550841268836971,0.9728267661071017,0.6759969960297907,0.8236680713869198,0.9581347202095198,0.9136313141757206,0.7903415819956479,0.999245283018868,0.9956150427663566,0.8893231186594172,0.9371433686720367,0.9466304752226786,0.8479498222957296,0.9360214345509124,0.8213498583550598,0.9243176855640713,0.7239801677853102,0.6683052351448104,0.8945571213623102,0.7660035559865499,0.8393703128756631,0.7419399990112092,0.8607587109276196,0.9869718167572021,0.8663503378902102,0.5419065628627036,0.8964965498274907,0.886295303731182,0.59242656581617,0.8453085223330421,0.9361590003494942,0.8453085223330421,0.8453085223330421,0.46126387642004296,0.9756431574521378,0.9424997423484038,0.8453085223330421,0.5640700224534398,0.6560477607021875,0.9042739985499939,0.656395939561843,0.7654724913816089,0.5698906385153438,0.8266029586437333,0.8816224494175551,0.5261737167683098,0.657711340107799,0.8139655043498604,0.8668758171222237,0.7491566735405861,0.7124744036508939,0.5898436801298661,0.8148187834615364,0.9566494573223596,0.82194380847363,0.7614426439740791,0.82134985835506,0.9586785042858857,0.9201023553084944,0.9598152917348466,0.9074487775611978,0.802379374273176,0.9756431574521377,0.6925162652951027,0.8056567494748164,0.7138886019877964,0.8038126664077956,0.8798049357232043,0.855756563598304,0.8379007267842438,0.7448377452012052,0.9717886753256386,0.5931490701405937,0.6371820781830623,0.89455712136231,0.9058551791768785,0.918842432027064,0.8720316113640416,0.8933516304110444,0.8370147688196933,0.7083479474933698,0.9616051284891652,0.8360533776976244,0.5698906385153442,0.6991163192303411,0.8816224494175551,0.6966621319708626,0.9397609250460663,0.9700545573574971,0.9725963883269413,0.8453085223330421,0.89455712136231,0.904451828245838,0.8754988991654502,0.711999578361326,0.8379007267842427,0.8639560978502498,0.8739589045575357,0.7720687409823805,0.7550989813120709,0.5620540702070955,0.7806799850349808,0.6276209593906352,0.9751828268492605,0.6228745998429024,0.8354015438796938,0.8751208799002063,0.8845428691692079,0.9828975878302718,0.9837847339873332,0.9295092514488501,0.8066917054888647,0.6828067289330955,0.7297981588155424,0.6175036222599808,0.7151572694050956,0.7845145179341233,0.7932056019826113,0.780679985034981,0.9329370334459521,0.9127200248974268,0.642364314426022,0.8460339214949488,0.6737543655590623,0.8402939714046163,0.527752152035903,0.6869458524342547,0.9648771726248762,0.8648191877395788,0.9522752511635899,0.9897453986038606,0.8372920266171273,0.6604355902972363,0.9288908274677105,0.9474362202702881,0.9329370334459521,0.8952246412892317,0.6632403845874325,0.9576362476866849,0.9612268306824157,0.7962394877621247,0.8453085223330421,0.8409384548207716,0.7184549552632511,0.569647097302405,0.7297473580594567,0.8453085223330432,0.8031078703328358,0.5462798901482331,0.7138886019877959,0.7850367980772612,0.7727956892478665,0.5660889456141016,0.7008897039294752,0.8350255841036904,0.8428133176165026,0.9326861516421039,0.5732850020740805,0.6070159633589632,0.9361590003494942,0.7624922713563843,0.9460319017180564,0.9522752511635897,0.943585793190133,0.9250632826893765,0.9349363967408761,0.6506164846502923,0.9648771726248762,0.9130049391484115,0.6979285610052341,0.7622165788456623,0.9711530895250517,0.7624299261185635,0.8727426055411929,0.8754988991654504,0.9074487775611981,0.5019854055719973,0.5936045685320606,0.8696295404751337,0.9054337506773731,0.8584578374109313,0.8696295404751337,0.8696295404751335,0.8137531675852789,0.8453085223330421,0.8910049657068134,0.9332755535924941,0.8453085223330421,0.8875111366744599,0.8874269669322723,0.9811187570828699,0.8879294594533993,0.8668758171222237,0.8504578012789958,0.8402939714046163,0.4366448861131039,0.5964530737741693,0.8038126664077956,0.6669698581414543,0.8453085223330421,0.9196084313474926,0.6938228944303615,0.815305938689805,0.5403489175982072,0.9824014309141864,0.9811187570828697,0.8382310806288515,0.9172462606189086,0.9239298958700636,0.9172462606189085,0.9660700296626721,0.9384788228894505,0.5326419539011811,0.9228846908561616,0.550205939496035,0.8452068092401658,0.8743797075282271,0.9476219630869853,0.9201023553084944,0.694212029119972,0.615499405401015,0.8453085223330421,0.8829780861752914,0.7276795876524216,0.7806799850349808,0.4972942262391945,0.8584578374109315,0.8712020127619846,0.6256123106363685,0.8354015438796938,0.5324865190758035,0.6292589177242878,0.8453085223330421,0.8453085223330421,0.8939724380988585,0.9744795263557451,0.5845496317433536,0.3210902545586658,0.7231865828092243,0.7568755866011945,0.5686046843266173,0.5989104987517337,0.9373903551042684,0.6807069946255364,0.8453085223330421,0.9525619254208466,0.89455712136231,0.7564255978266243,0.5561639032507915,0.9088679893884184,0.5802167458228529,0.8453085223330421,0.8453085223330421,0.6871134546133584,0.943358839840106,0.685924142630983,0.8819837279957424,0.7197710432090829,0.627958116078049,0.9983885175663375,0.8888972252279981,0.6722690954077357,0.6110962673223952,0.8453085223330432,0.8059945119496473,0.5901573741502528,0.9749822485158575,0.9088679893884184,0.847608486944534,0.8361814041494378,0.8755135161284731,0.8491542066816398,0.8504578012789958,0.679926675287209,0.8453085223330421,0.49898366490171653,0.748731926737197,0.8675596062320505,0.8127396166392196,0.6449021456279993,0.8213551610187866,0.7285520020194831,0.778501218154372,0.9015174087358588,0.9568442248481714,0.755192195580723,0.9419702363716831,0.931998223603863,0.9534956790158264,0.8378881427506737,0.4435361024648261,0.8387640413572672,0.8696295404751335,0.6527399281184942,0.8509744558805432,0.8059945119496472,0.8434180894221219,0.8852493927538767,0.747026819989439,0.9648771726248762,0.9648771726248762,0.9527995052627674,0.7565056600756233,0.7517622723226811,0.9056892759978574,0.7806799850349806,0.8379007267842431,0.8888308259151545,0.8078712682322644,0.739239917529952,0.8402939714046156,0.8735293050362543,0.7106536671086738,0.6825755215827739,0.6429669026742966,0.9500012334294734,0.728608848499839,0.6810985619359261,0.8453085223330421,0.7652447935480962,0.9735492166725133,0.5415169063715568,0.7428504253927599,0.7954465711283287,0.7995996720587009,0.7822903704704466,0.8453085223330421,0.43122365255235473,0.6222696667167498,0.9356479353308964,0.552760639111108,0.6195822155043169,0.5752977092207763,0.89455712136231,0.4850692422877556,0.9174842767295597,0.8932243224202459,0.6619093060668706,0.7550989813120709,0.8285538881836718,0.7962394877621247,0.8531186151521009,0.9962604064950795,0.9643095889650571,0.9378659482854856,0.5228354396289856,0.9760234388920205,0.6170723357931345,0.9735492166725133,0.8696295404751337,0.6292776555701463,0.711999578361326,0.941645608792272,0.6824459272680696,0.7143032485523255,0.8453085223330421,0.5764760236861461,0.8466767801900731,0.7517012793416842,0.8453085223330421,0.6770439832524888,0.9889981577295384,0.9088679893884184,0.9508421171678403,0.8696295404751337,0.6469513782083892,0.8378881427506738,0.7642484831456695,0.7881479576280785,0.7578795590741569,0.9263372087078325,0.6604849715947143,0.8453085223330421,0.9571614253051381,0.8453085223330421,0.8021289398337758,0.7896204147304233,0.64776251360859,0.7564255978266243,0.9507486475792051,0.6488481459721156,0.8008798646329267,0.8903235986638645,0.8453085223330421,0.9758205337571217,0.8405649128731167,0.8360945378337119,0.8796583278983117,0.8256504092697182,0.9612268306824161,0.8609834943545885,0.9810553993188316,0.8249883989729045,0.6737543655590621,0.5321961307794889,0.8249883989729045,0.8780454400456084,0.7054246227170566,0.7560123544968333,0.8249883989729045,0.7564255978266243,0.791349526315698,0.9127200248974268,0.9803899590337799,0.7196724925376239,0.9810553993188316,0.9356479353308965,0.8530398312450818,0.943585793190133,0.9753470256278476,0.7577940229519933,0.9607683660109915,0.8696295404751329,0.9074487775611981,0.6900148573790552,0.8148733596936464,0.7699754298880475,0.7498443095209248,0.8456882152166159,0.6113742737546775,0.8233538596579564,0.8693621924380665,0.9201023553084948,0.8239074429639253,0.9699888236681689,0.8015862253553034,0.7094631462309298,0.854667952321678,0.9612268306824157,0.9015174087358588,0.9589720789557243,0.7973677556988528,0.992014969644178,0.8897478654628075,0.8580451464193863,0.9533857212213344,0.7923990056729588,0.8317539034743866,0.87549889916545,0.8568131637359664,0.7527929420710903,0.8992784490663218,0.7144714997707866,0.855059066046952,0.9252746331959651,0.9018752273373506,0.9947679482503187,0.8146188345331851,0.830620371090681,0.9616051284891652,0.8715012846180016,0.9406636420480388,0.9657746522889943,0.8712020127619846,0.9547867626673436,0.8370147688196934,0.990754213862345,0.9423518925154963,0.8557565635983038,0.943851136706642,0.7992619142723054,0.779361196791041,0.9522752511635899,0.8802492787643363,0.802819721055954,0.9292305306607093,0.9647165783264123,0.8925106518208059,0.7595123357465072,0.8634427373462417,0.7980807992789911,0.725995790285457,0.8158512052135147,0.9356479353308964,0.9015174087358588,0.6904551550734372,0.8733512662611457,0.8382310806288514,0.7428504253927599,0.8753672951924685,0.7298781721393242,0.8457778217129277,0.9361590003494942
p42_I,0.6727557362159091,0.8603380509136678,0.7423862717108198,0.9805508624493846,0.7152294463014093,0.9102896363632476,0.9289766310740603,0.975384959302356,0.8111604038139189,0.6710740137143506,0.8859311733087405,0.7963400418526662,0.6649337140811892,0.8154825411864677,0.9352503015202092,0.9963670447313735,0.9299293063809853,0.8368800800587324,0.9409672007288843,0.905289793832148,0.8229521249189553,0.8533649275956028,0.9015074681576025,0.7334243033776328,0.8499673668876724,0.8368800800587317,0.8675814580264318,0.8429948396565385,0.9476534130774981,0.9838761265452044,0.8456378887844855,0.7351924063018282,0.8943565890949514,0.8067554358482099,0.7828471315770429,0.9409672007288843,0.8830900737847376,0.8639231957010685,0.6884383316939826,0.8593655440582149,0.7604610718492963,0.6830475665292168,0.9559530196558287,0.8622498470402696,0.9611032305582619,0.824249061610733,0.8872325694620833,0.9200771971014186,0.8337181584291622,0.6628786345579242,0.7351924063018282,0.7204006274240882,0.8629383298176889,0.9198336817342287,0.9230430505417531,0.8558529824118857,0.9168235843456626,0.879064442044788,0.9923356147785778,0.9352732263513659,0.9396699286301575,0.9606464936863514,0.8504209228337813,0.9668059077452096,0.8959254409068558,0.8645697423393202,0.9661659803622438,0.7037670375217691,0.6840255375992439,0.9376672305832939,0.8125482321483077,0.8593655440582149,0.9857001874039446,0.6173274983232684,0.879064442044788,0.9101464125859422,0.8818820891501593,0.8859311733087407,0.8979869017591904,0.9102896363632478,0.793849398793899,0.9241892722336333,0.8244549073918617,0.9546539218696093,0.879064442044788,0.8038943185349743,0.9470149415225004,0.8204685863769613,0.8760307991930102,0.8751441387186418,0.879064442044788,0.7609717433899212,0.8246440629341945,0.9472004270148456,0.9471437284503368,0.6677986167353474,0.7923691949266045,0.7503564647742345,0.7745876557726112,0.8227627906652161,0.8811111416610473,0.9232615458212055,0.8790644420447884,0.9680813254781576,0.9776205417991192,0.9005120111662777,0.77900792530438,0.7387582247891215,0.6467136983807675,0.8050301701630168,0.7903672657442624,0.8420040142244127,0.9956099236675442,0.7844213320876954,0.8872325694620833,0.8337703167701517,0.9909228720349296,0.6949360932076512,0.9102896363632473,0.9520005320736983,0.9053863660844239,0.924575510766277,0.8499673668876722,0.8881222026718437,0.9671713288535193,0.8984057299037773,0.917952403133613,0.6158038367352003,0.9277463696241426,0.7395164975775639,0.9641793250932451,0.9232615458212052,0.9661659803622438,0.8221956756749049,0.8675814580264318,0.8181937808015454,0.0,0.8915055770282616,0.8915055770282612,0.8713193097015213,0.9597647793433575,0.905289793832148,0.9559411073676465,0.8294974018179495,0.9955587247192429,0.8506218703383313,0.8061950349645267,0.7896720769621841,0.7815710571350463,0.601242742001521,0.9900170323228479,0.8969823934686748,0.9434666233601683,0.8049605890859599,0.9661659803622438,0.8593655440582151,0.9206067497537571,0.9479380422502333,0.939706690107711,0.7450966758535351,0.8135769605894505,0.9592905221803276,0.8702830404599118,0.6810428024191191,0.8512854451683001,0.8010551050442438,0.9568699326296605,0.8578657219941159,0.9226059642386417,0.6067595336293761,0.9098072961938488,0.8751441387186418,0.8558529824118855,0.9902574166855267,0.8267177539579669,0.8134889102998599,0.9409672007288843,0.7368256910889623,0.855665417471793,0.8199111655166069,0.7615678941112547,0.8442655210318333,0.992598062093146,0.9277463696241426,0.9321048515712429,0.8426015599507428,0.9359197386692388,0.6410886687733595,0.8603380509136677,0.8949342245403199,0.7449571903994117,0.9478142504113016,0.6511731601562345,0.7009430367098082,0.7540531753051543,0.879064442044788,0.6636996446798817,0.9672501846762882,0.9032981516857667,0.7912116441923855,0.816728158427227,0.9605979515670119,0.879064442044788,0.7537275067559137,0.8172454069245869,0.6710740137143515,0.879064442044788,0.9113713303010063,0.8642719355516495,0.8018641161027398,0.7396975576939326,0.793898844175256,0.875144138718642,0.879064442044788,0.6558271203540884,0.8790644420447875,0.8143637812087475,0.7235391869610672,0.7912116441923858,0.879064442044788,0.848235155430648,0.879064442044788,0.9207117633345963,0.8613822234172748,0.845548861956646,0.7217168229654849,0.8872325694620835,0.6600031548075644,0.9352732263513654,0.9015074681576025,0.5477746797587062,0.857996089679574,0.9711614707126257,0.8977425634929359,0.8915055770282612,0.7525156774266057,0.6875429168484841,0.9327539191943888,0.81287380439632,0.8862836892666928,0.9743307041268681,0.6959836034916942,0.7450966758535353,0.8713193097015213,0.879064442044788,0.6936299863744364,0.879064442044788,0.9727629633449686,0.9816457884430447,0.8845132129697924,0.9982705662093613,0.6600031548075644,0.6636996446798817,0.7906332647256539,0.8499673668876726,0.7823508089455846,0.9150420303903186,0.9243874473063786,0.6443907378693317,0.7114297030768224,0.7620301453944485,0.5956912762984179,0.9079957206615112,0.7937260990946685,0.713140516343441,0.6884383316939826,0.9568771570906137,0.6079991517036234,0.9990395380803916,0.7592558963605949,0.7533125549178175,0.9661659803622435,0.7968140926352908,0.6512517033573786,0.7453200587371518,0.9005120111662777,0.7749158380696707,0.7954379713195001,0.8702830404599118,0.8447983291400114,0.9005120111662777,0.8792930963303969,0.6743756366501343,0.9347189984066653,0.8352193064763827,0.8626449186901579,0.8872325694620835,0.9885235269511563,0.6667976407871397,0.871319309701521,0.8872325694620833,0.9326225487423067,0.7246957638642726,0.9005120111662772,0.8374805550294215,0.829761085097092,0.7450966758535351,0.6266982706323434,0.9781224201459012,0.8790644420447884,0.8593655440582149,0.8713193097015215,0.9288357786952528,0.6225363837994067,0.7392725338644043,0.9592905221803274,0.8593655440582151,0.6872666904631296,0.6045848017160853,0.5028517793444218,0.7219831892449395,0.7541901764488872,0.9420591743890863,0.9891879101774372,0.7817497450324143,0.905289793832148,0.8312458492951509,0.9476534130774978,0.8522489996705729,0.4533636992819957,0.8263464431799239,0.7885066433058188,0.879064442044788,0.8915055770282607,0.7932649583827501,0.8368800800587333,0.9005120111662777,0.987693886593716,0.9736988845472498,0.879064442044788,0.9338538560095986,0.9814223902914916,0.9548754176902221,0.8294647625428611,0.8033281312553338,0.843329924573051,0.9288357786952528,0.5776619338438851,0.6529118521567483,0.9058916929689564,0.8639231957010689,0.6368211727759188,0.716448690587575,0.9887296911376622,0.6697821543401474,0.9198336817342285,0.9801212672979123,0.9102896363632476,0.6582447504369728,0.8067554358482096,0.6292855638190482,0.8675814580264318,0.907995720661511,0.9755834221304289,0.9066276272750029,0.6667976407871397,0.7219574178884856,0.5833063939481631,0.879064442044788,0.9191413501576224,0.8137471680888296,0.8326525336486541,0.9388443820795136,0.8828921099411018,0.7466357544434763,0.879064442044788,0.879064442044788,0.7559236715059928,0.5461053407866701,0.7452347876259062,0.8790644420447875,0.9476534130774981,0.8790644420447886,0.9487055712950792,0.7744621636243396,0.8027076106477395,0.8790644420447884,0.8184440308677503,0.8818820891501593,0.6157465656384455,0.7050458240531585,0.879064442044788,0.7522314480465806,0.8233019835004447,0.6325550551336916,0.6695196364820946,0.8184440308677501,0.9237826168869276,0.8872325694620833,0.6255783702109736,0.879064442044788,0.6049428644728048,0.8629383298176903,0.7936338417463344,0.9724297247177305,0.9876770618313642,0.628196107403302,0.8639231957010685,0.879064442044788,0.5797299209157476,0.9376774579927913,0.879064442044788,0.990474806070963,0.9786560694008493,0.8708758096598515,0.5750035087718033,0.6225363837994066,0.879064442044788,0.7792561210662132,0.9127136251367924,0.9489003290939065,0.7890730351291244,0.7081193270210723,0.7473398605464764,0.8232570376033583,0.8098901699027903,0.8872325694620833,0.7972963738179331,0.8740523137582077,0.956391353746548,0.8912434494731366,0.835645264477938,0.7256613355238981,0.956391353746548,0.8915055770282612,0.8629383298176905,0.879064442044788,0.9781224201459012,0.8645719061433428,0.9141423610609006,0.881181970038634,0.8489377180263843,0.9032962680264434,0.9834217820648568,0.9876770618313644,0.9032962680264434,0.9150420303903186,0.8790644420447884,0.9495814971445093,0.7816805131980238,0.8111604038139193,0.8567568514580796,0.8515799135867916,0.9676193484318019,0.9909228720349296,0.9015074681576025,0.9184020830502867,0.9389164122592728,0.905289793832148,0.9906461339304791,0.9790301326938526,0.9602461814235529,0.8665758316677286,0.8533649275956028,0.8480491423873207,0.8965935723831845,0.8975363993064301,0.7525156774266062,0.9826024874311735,0.9511423881204941,0.857865721994115,0.9102928271202123,0.8698415168339102,0.8645964545445721,0.7147985754668729,0.8141480227380313,0.945374996909908,0.9550570540168155,0.7767765078396036,0.571406551265555,0.6176077576897351,0.956391353746548,0.5953767242487369,0.9394036842017905,0.8838255689978326,0.7793264530108992,0.8422601818366049,0.828815009185935,0.8872325694620833,0.8865119752575765,0.695908411604621,0.9613360593369371,0.9668059077452096,0.9409672007288845,0.9203398427878269,0.923075238065349,0.987693886593716,0.8207479612003373,0.8675814580264318,0.8675814580264318,0.8845132129697925,0.6949360932076512,0.8214342607350609,0.6446127408001233,0.8142262601285766,0.8751441387186418,0.875144138718642,0.8681184050606429,0.6031848388489109,0.8675814580264318,0.7282965171826977,0.879064442044788,0.8959254409068564,0.879064442044788,0.879064442044788,0.7336731683572228,0.9063989322810885,0.8067554358482096,0.879064442044788,0.7772161471642314,0.8205096381633344,0.9082954429817363,0.9704304671246807,0.8049605890859601,0.8017006459474794,0.9478142504113019,0.5740680199644604,0.9050133455972378,0.8317428703601046,0.8552419450337845,0.9876938865937162,0.9163527048220907,0.7888329943314409,0.9914065405278479,0.8214342607350609,0.9247899824888337,0.6810032737495675,0.9953070085702563,0.9347189984066653,0.7526670534170281,0.8872325694620833,0.7827024683803403,0.7759119721951606,0.9479749793545431,0.8740655253631298,0.7968140926352909,0.8184440308677503,0.8988330091548655,0.851515046692143,0.8911928604736781,0.9326225487423065,0.9674335738138296,0.9179524031336135,0.8607951445755286,0.9557364777176287,0.6956436413152327,0.9288357786952526,0.9320550090129469,0.8518532243780783,0.9678328355891603,0.7372857352851716,0.9079957206615112,0.589045297173729,0.8489926716035567,0.9102896363632473,0.5817372203731359,0.9450662096910201,0.6537759975711108,0.7515865771295664,0.8533649275956028,0.5619976897924635,0.9492446009010542,0.879064442044788,0.8915055770282612,0.8900426188690478,0.9857001874039446,0.7670289421224428,0.9959507353683861,0.904841982024023,0.9226059642386417,0.749087156960774,0.9015074681576025,0.6007019520972792,0.9052897938321482,0.712345878745122,0.8229602558754774,0.7061104397383404,0.871319309701521,0.9247899824888337,0.7970920719803277,0.8202484281215612,0.843329924573051,0.8550074524259581,0.9356433271301442,0.5785156224716306,0.5403881395024481,0.8749957815817544,0.8580169319774394,0.6858227288142382,0.8155113185235702,0.905289793832148,0.9338538560095986,0.9425982794708853,0.8461431449123475,0.8729729359894004,0.9132680404287308,0.907995720661511,0.6893837261517353,0.6368211727759188,0.9548754176902221,0.6091597434009899,0.9953194985394491,0.9388443820795138,0.8677957404128469,0.8665758316677286,0.7004093997833561,0.8214342607350609,0.7865245135839787,0.873901866445402,0.8568203162271628,0.9277463696241427,0.9288357786952524,0.9102896363632478,0.879064442044788,0.7610557078393408,0.7125315260119014,0.7988990286092199,0.8096396498255152,0.8790644420447875,0.8819221743144634,0.6567925235459244,0.5090316584534034,0.8154825411864677,0.7709895128514568,0.7609717433899212,0.8786645646777619,0.9869259725580911,0.8772853936381586,0.898833009154866,0.959369623730363,0.8321917397684218,0.8959254409068564,0.7683411647806695,0.9168235843456626,0.9686515251014286,0.8422601818366053,0.9102896363632471,0.7742712939348961,0.8713193097015215,0.9102896363632476,0.8900858663239481,0.8811111416610473,0.9128732846826051,0.9017350926942118,0.7424771539562727,0.8567568514580794,0.918082502128311,0.5762918413132645,0.7244352640272065,0.7834290350036163,0.907995720661511,0.9965038179707651,0.9611032305582619,0.907995720661511,0.8751441387186418,0.9204893454041174,0.879064442044788,0.8206793002008012,0.9532756058287133,0.879064442044788,0.8433299245730512,0.7583047638633307,0.8163016618954728,0.8872325694620833,0.987693886593716,0.9876770618313642,0.8751441387186418,0.7331095497881579,0.8394349782424819,0.9338408750755611,0.68584031529022,0.879064442044788,0.7790079253043802,0.8872325694620833,0.8972361563467726,0.7198671103559144,0.8024822078614227,0.9005120111662772,0.9774606088197603,0.6746758614214099,0.93030719669678,0.8779295299283143,0.9466821273204218,0.9156105272979138,0.812548232148308,0.9123258307212684,0.8461431449123478,0.9732637445534751,0.9814223902914916,0.8593655440582149,0.8872325694620833,0.8613822234172741,0.9748277751683467,0.879064442044788,0.9804909699582387,0.807919367658144,0.6710740137143512,0.7054232826073166,0.8987553822037084,0.8859311733087407,0.7449103088106317,0.9032962680264434,0.6975597200013794,0.5982009860945656,0.879064442044788,0.879064442044788,0.9697237666689094,0.8699782065182466,0.7882681591823324,0.7577079608326104,0.8088029636941872,0.7081193270210722,0.6802842946580199,0.6150354648275004,0.8400830903851957,0.6485453658380788,0.879064442044788,0.8640482291940301,0.8915055770282612,0.6884383316939826,0.6130847262086179,0.9005120111662777,0.8429055507827553,0.879064442044788,0.879064442044788,0.6245503488202572,0.9128732846826051,0.63390144422825,0.8533649275956028,0.7076379824740977,0.7799420018782603,0.9519518177296467,0.9668059077452097,0.7406173465982586,0.6601606818571235,0.8790644420447875,0.7982366744065175,0.6632021936339696,0.9528147324824885,0.9376672305832936,0.9274301426892533,0.9988903153651361,0.9987216249066182,0.8038943185349741,0.663699644679882,0.7775008237061918,0.879064442044788,0.7673862568293669,0.9486972316333698,0.908363117658318,0.7478736210491688,0.9102158713513626,0.8719316103938075,0.8821142988203379,0.6837635000229865,0.832519656594478,0.80371699690133,0.7575098862201953,0.9765489210871847,0.905289793832148,0.9958679487987703,0.9932295786124765,0.7813438634494897,0.6232018013008538,0.907995720661511,0.927668151301817,0.7400164696015341,0.908295442981736,0.7915091636093982,0.8667814570018796,0.9596340347280009,0.7776098943479306,0.9994611990171967,0.7882681591823322,0.9247040689412098,0.9434107750362353,0.9857001874039445,0.9052897938321478,0.8818820891501593,0.889980618413387,0.7974219187254705,0.8943565890949519,0.9079957206615112,0.6895001511032108,0.7663351164605856,0.8031489620753836,0.9275475570919312,0.8938610275646675,0.9228021180495238,0.947632505680541,0.879064442044788,0.7423862717108194,0.9128732846826051,0.7445564255403502,0.6710740137143506,0.9479749793545432,0.8972361563467723,0.7369339288552998,0.879064442044788,0.83511969532894,0.6257299054880046,0.5097952941422889,0.611730219187603,0.7673862568293667,0.6633007544615688,0.9288357786952526,0.9163860758426928,0.9953045914463209,0.8017006459474789,0.5876269648344721,0.846623582568657,0.6884348596976453,0.9102896363632476,0.9289494109520753,0.9128732846826051,0.8166376538024437,0.9876024722034791,0.8933234444411821,0.753410969579425,0.5932382194494576,0.9857001874039446,0.907995720661511,0.9285388506168062,0.6858227288142387,0.771741425578949,0.6035485498270499,0.5697767720880464,0.879064442044788,0.6607166802376101,0.7072951342090414,0.8626449186901581,0.879064442044788,0.6899824923962604,0.985656769276599,0.9005120111662777,0.9015074681576027,0.8751441387186418,0.774474901996296,0.7201296740389946,0.9950679917437791,0.9568856194085313,0.8858953460095532,0.9289494109520753,0.6284405916109077,0.879064442044788,0.8489377180263846,0.879064442044788,0.6949360932076512,0.739750664312004,0.9923956604623736,0.6884383316939826,0.6847898083742379,0.8216526393133237,0.895144736989133,0.8154825411864677,0.879064442044788,0.4910162816836827,0.8304977494780503,0.8963782675465233,0.8940451448833346,0.8202484281215607,0.9965038179707653,0.8214342607350607,0.5605421891830676,0.9097354750251417,0.9745171897285722,0.5697767720880467,0.9097354750251417,0.8626449186901584,0.8915055770282618,0.7630445593448092,0.9097354750251417,0.6884383316939826,0.8889965795766477,0.9528147324824889,0.7630445593448094,0.875144138718642,0.441116462269762,0.843329924573051,0.7795572150690233,0.7982366744065175,0.8515150466921431,0.8607951445755284,0.858513214022204,0.8948947876812736,0.8044291337497176,0.9792945930108101,0.8154825411864679,0.7854775981300153,0.6383363695633619,0.9180490461492001,0.7817073781194881,0.9106603153163206,0.6985619740287571,0.9232615458212052,0.785477598130015,0.9922092749951572,0.8772853936381586,0.8523965856076625,0.9397021583472869,0.8915055770282612,0.8959254409068564,0.926199687238999,0.8735304358152514,0.9541406397551921,0.9936805861482164,0.9607330868201176,0.7962190282912842,0.9058916929689564,0.8423291762504106,0.9128732846826049,0.9620566981227008,0.7961670330016708,0.8573627791727301,0.9789520808390235,0.9873793597310041,0.8959254409068558,0.9432361273152992,0.9350309631406284,0.8368800800587317,0.8675814580264318,0.9226059642386417,0.9473249777162459,0.7994326878527938,0.8350998771962288,0.8568203162271624,0.9832787054724902,0.9736988845472498,0.7806896177180931,0.9643199202949422,0.8872325694620835,0.8830900737847376,0.8732889944476517,0.827507777577166,0.9592905221803276,0.8940027737404814,0.8020635225593213,0.9742013833744358,0.9352732263513659,0.9352732263513659,0.702970860285212,0.9511423881204941,0.7683411647806697,0.8872325694620833,0.8837057974508149,0.8702830404599116,0.8959254409068564,0.8945655787882814,0.9725467967978589,0.9528147324824887,0.7134376329597008,0.8168882098186323,0.6949360932076512,0.8673076018192127,0.8959254409068564
p42_M,0.8784245992207027,0.9473756291574582,0.9376160975337486,0.715478845151961,0.9544316996038,0.9381728330554158,0.9932793574662235,0.8703249354373088,0.9137092609592146,0.9643133649175286,0.9460501530640815,0.9529545363721539,0.9529545363721539,0.8166351311398248,0.9197987094973856,0.9103321387130586,0.8493047741087221,0.8937900805723631,0.950716529670402,0.9643133649175288,0.9451968179441582,0.9447481688519044,0.9989330715481036,0.9692769377093196,0.943467974097185,0.9385367079941813,0.7824413427816266,0.9250379219402804,0.9448229719109482,0.9850577543455339,0.9327167510955896,0.9591194968553458,0.9487265052554268,0.9759742607288064,0.9544316996038,0.9507165296704021,0.9559485503920393,0.8554481859701064,0.9661972965770262,0.8426153862967792,0.7977719520194324,0.9397435965156078,0.9661972965770262,0.9218739081138496,0.9501049319099923,0.7347920998413011,0.957509435301382,0.9107280314569581,0.9923551296406039,0.9029316112204655,0.9591194968553456,0.7644148387551178,0.9385367079941813,0.9473756291574582,0.9859983918197511,0.7929565888833754,0.9554815748429077,0.9544316996038003,0.8911037248686653,0.9515133476881705,0.9157186269856048,0.8809287459442815,0.9944277784720001,0.9097421633544904,0.9560086947472867,0.9650108534737666,0.9608127721335263,0.9393203828196914,0.8953813603528139,0.9625131050152524,0.870810781773757,0.7876055582759065,0.9544316996038003,0.8767037709308809,0.9544316996038003,0.90831644137388,0.8105915487398071,0.9915113877198729,0.8414864259682344,0.9661972965770262,0.9460501530640812,0.8856017264847291,0.908255509390931,0.9944277784720001,0.9544316996038003,0.8809270560698743,0.932921689943951,0.9867086919017328,0.9048630781107279,0.9529545363721539,0.9544316996038003,0.8578899519108553,0.8597779310791214,0.9381630884742411,0.933854925314779,0.9528206548013267,0.9020805464024183,0.9451968179441582,0.8703151381074825,0.869243130108611,0.9903434298372484,0.8879369722234247,0.8280234816778033,0.8726649773302662,0.9358903421766451,0.9625131050152524,0.9065887965216864,0.8494522957885746,0.9434679740971852,0.8465237589272381,0.8168334598231992,0.9397435965156076,0.9843065652291842,0.9463449611535275,0.957509435301382,0.9612520086357725,0.9250150906309565,0.9625131050152524,0.5556533515851808,0.9071558877260777,0.9218739081138496,0.8718365977455129,0.8166333005972801,0.9634568834621733,0.9944277784719999,0.9366370005594447,0.9559485503920393,0.8754988991654498,0.9529545363721539,0.9239759423528264,0.8858525408230953,0.957509435301382,0.9608127721335263,0.9661972965770262,0.9830316367629124,0.8054291866972152,0.8915055770282616,0.0,0.9591194968553456,0.9515133476881703,0.8610108924581206,0.9643133649175286,0.8425003792101688,0.8256736899939877,0.9841235416791017,0.9197987094973856,0.9841240669083755,0.858324459587394,0.9373453016197317,0.7832373813705662,0.9643133649175286,0.9157186269856046,0.9578556242450754,0.9181106311285124,0.8807450411223989,0.937345301619732,0.9722532101329935,0.9368971868932459,0.9404815542410547,0.9103321387130585,0.9843065652291842,0.9652137684610214,0.943412151726797,0.8225734700092837,0.8450571978158099,0.88409709469228,0.9103339493566891,0.9097421633544904,0.8029957991947378,0.9612268306824161,0.930474153890517,0.7651984326628318,0.9554815748429077,0.9907016053222495,0.8688726774726099,0.700756797041246,0.9625131050152524,0.9199989838706863,0.9730090101747263,0.947024678497918,0.9208331242859094,0.9000520303703365,0.9903434298372484,0.9529545363721539,0.9428163151462243,0.9948537157563817,0.9071558877260779,0.9541290792408028,0.9473756291574583,0.9659497926039277,0.9799008321613358,0.9139695648477242,0.8396960566861427,0.8737670973648668,0.9966922538063423,0.9544316996038003,0.9559485503920393,0.8427291918603484,0.9107280314569579,0.9188832044970568,0.9029316112204655,0.9529545363721539,0.9544316996038003,0.8677295799010152,0.8737670973648668,0.9643133649175286,0.9544316996038003,0.8830333887596135,0.9239759423528264,0.8981423730059306,0.8717185331373515,0.8681310149791885,0.9529545363721539,0.9544316996038003,0.8707710541962026,0.9544316996038001,0.8627587161412211,0.7830122900340036,0.7882279280421953,0.9544316996038003,0.950325849878354,0.9544316996038003,0.9744810384949361,0.9949291060968913,0.9318133405341398,0.8536447074240006,0.8879369722234249,0.8258426771468561,0.9515133476881701,0.9989330715481036,0.9447481688519046,0.9595131865896311,0.969732852945806,0.9271857963192041,0.6405418480890157,0.9097421633544905,0.9019695505324468,0.9163268736367548,0.9274444548808166,0.9239759423528264,0.9239759423528267,0.9501049319099923,0.8718365977455129,0.9799008321613358,0.9544316996038003,0.9554518077232719,0.9544316996038003,0.950157679325002,0.887176304692469,0.9591194968553458,0.935005241301464,0.8258426771468561,0.9559485503920393,0.9229213960709448,0.8166333005972808,0.8955339364505324,0.9460501530640815,0.87549889916545,0.957509435301382,0.8256736899939877,0.9342041137155989,0.8602583085066606,0.9529545363721539,0.9607848936032954,0.7659316577663349,0.9661972965770262,0.8504989784061951,0.8830333887596136,0.9397435965156078,0.9199989838706863,0.8923848372432716,0.9591194968553458,0.8641031766521012,0.8807337082769501,0.8319518115156928,0.9625131050152524,0.8465237589272381,0.9696485350828812,0.9987774230311344,0.9186367746310331,0.9625131050152524,0.934712588125745,0.8966160771852034,0.9560086947472867,0.8838192602026871,0.9810522968844484,0.8106601759858285,0.9752372748615916,0.8268966588916087,0.9515133476881705,0.9652137684610214,0.8879369722234249,0.8050940143255407,0.9625131050152524,0.8505815345144854,0.8698224617128842,0.8718365977455129,0.9734782123981011,0.9507165296704021,0.9544316996038003,0.897625214317651,0.9515133476881705,0.7206095791001441,0.8539453617971724,0.9502440628915494,0.8879369722234249,0.937345301619732,0.9250379219402804,0.9119211045740191,0.9187703462526826,0.9345279402530979,0.9802377325934858,0.8742169028962785,0.8524700617069345,0.859840090991435,0.9643133649175286,0.9137092609592148,0.9643133649175286,0.9752372748615916,0.9239759423528267,0.9187703462526826,0.957509435301382,0.9544316996038003,0.9591194968553454,0.9163268736367545,0.9944277784720001,0.9625131050152524,0.9607848936032954,0.9529545363721539,0.9544316996038003,0.943467974097185,0.9625131050152524,0.9661972965770262,0.9651775593373264,0.8702278981827849,0.9434121517267975,0.9591194968553458,0.8504989784061951,0.7982270397085376,0.943467974097185,0.9487265052554266,0.7464300233487045,0.957509435301382,0.9271857963192045,0.7895060614998273,0.9473756291574582,0.9197987094973856,0.9661972965770262,0.8519676252250141,0.9752372748615916,0.8319518115156925,0.9501049319099926,0.9529545363721539,0.8708107817737569,0.9873232206481498,0.8268966588916087,0.8279657565412284,0.7804362199469098,0.9544316996038003,0.8688726774726099,0.9743490353345139,0.9776317763878946,0.9261077324693099,0.9643133649175286,0.8612222667022575,0.9544316996038003,0.9544316996038003,0.9373453016197317,0.9137092609592148,0.7803602890716936,0.9544316996038001,0.9643133649175286,0.973053360823401,0.9810522968844484,0.8862508263483135,0.8425856863408152,0.8280234816778033,0.8634896230757456,0.9447481688519044,0.7932961840987721,0.8253952393451096,0.9544316996038003,0.9181106311285124,0.9795295863759996,0.8307423459823848,0.9264943610026062,0.9828201226319815,0.9734407405404569,0.957509435301382,0.8170571011959711,0.9544316996038003,0.806452166839298,0.9496811510501819,0.9879778359082552,0.9583617457930711,0.9559485503920393,0.8273662657070465,0.9859983918197512,0.9544316996038003,0.9068053912485845,0.9190179585155588,0.9544316996038003,0.9659497926039275,0.9409113347144098,0.9100155353766081,0.7850261562127581,0.8539453617971722,0.9544316996038003,0.9887203623021902,0.905045718507947,0.9607848936032954,0.9636723648662062,0.8801973674837038,0.9167305843279034,0.9177477332861095,0.8477244589101531,0.9652137684610216,0.9502440628915494,0.8981423730059306,0.9989330715481036,0.8679216237887912,0.9672616040330473,0.7917796682239775,0.9422080421889416,0.9591194968553456,0.8378990100945451,0.9544316996038003,0.9625131050152524,0.7914026285028691,0.9271424076820844,0.9460501530640815,0.9883880331853732,0.9515133476881703,0.93030290565644,0.8945024258106785,0.9799008321613359,0.9460501530640815,0.8280234816778033,0.9250150906309567,0.8845132129697927,0.9998698480557453,0.9625131050152524,0.8621843473480635,0.9643133649175288,0.9473756291574582,0.9400741852851485,0.8841754163694109,0.7494264781377344,0.9448229719109482,0.9770036587127404,0.9727541677821405,0.9376160975337482,0.9397435965156078,0.9447481688519048,0.8735864340900965,0.957509435301382,0.8776603460423881,0.9933095589619412,0.9635786971165281,0.9409669977890665,0.9649067432343333,0.9460501530640815,0.9327167510955896,0.880069683179294,0.8270771330414151,0.7812680616619964,0.7824413427816266,0.913272375860921,0.9812078381362566,0.930474153890517,0.9409669977890665,0.9422080421889418,0.7819788560316009,0.9460501530640815,0.8959290001941738,0.9409669977890662,0.9711878805915029,0.9978302091488738,0.733383379748233,0.9721034599974786,0.8396960566861429,0.9291683589350781,0.951525861158216,0.9625131050152524,0.9159552332667191,0.9427946840319119,0.9607848936032954,0.9795295863759997,0.849304774108722,0.715577911454532,0.9591194968553458,0.9625131050152524,0.9846299338167082,0.8672950070935377,0.9218739081138492,0.906121948145339,0.7651984326628318,0.8414864259682346,0.9167305843279034,0.9501049319099926,0.934204113715599,0.9544316996038003,0.9607848936032957,0.9544316996038003,0.9544316996038003,0.8373957982954763,0.9422080421889416,0.9264488104519895,0.9544316996038003,0.829030356996278,0.854430935472339,0.9711878805915029,0.9282651243421642,0.8427131871884221,0.8596511358036814,0.9570498583959893,0.9127113681766139,0.8563822015167812,0.9487265052554266,0.9083164413738802,0.9607848936032957,0.9261077324693101,0.863061403455461,0.8707710541962026,0.9327167510955896,0.9859983918197511,0.9799008321613357,0.9936030628834356,0.9560086947472868,0.9295478421905742,0.957509435301382,0.9949132781456955,0.9447481688519044,0.9466104231235154,0.9400741852851487,0.8641031766521015,0.9147197078398366,0.9157186269856048,0.9422080421889416,0.9776317763878943,0.957509435301382,0.9447481688519048,0.9559485503920393,0.9836243259051825,0.8717185331373511,0.7812391399403222,0.9591194968553458,0.9061000436892026,0.9501049319099926,0.855714634448849,0.979773624408762,0.9765837058865925,0.830742345982385,0.7503659440966411,0.7469130923202991,0.7967459576737135,0.8956033810680566,0.9127113681766139,0.7995678811777467,0.8717566193418785,0.9167305843279034,0.9540967655391958,0.9544316996038003,0.9591194968553456,0.9250379219402804,0.9544316996038003,0.8806557494958757,0.9447481688519044,0.9515133476881705,0.8556256542928345,0.8597779310791214,0.8812152990221938,0.8247446089328494,0.9643133649175288,0.8104734860907536,0.9915113877198729,0.8802089698693756,0.9515133476881703,0.9207232888949289,0.9364195330316352,0.981600181169821,0.9409669977890662,0.9478240520432699,0.8924501786702499,0.8225538587803672,0.877384482197024,0.8776603460423874,0.8485170805722069,0.8806557494958757,0.9327167510955896,0.9448229719109482,0.9365826632500471,0.9559485503920393,0.8816250113137449,0.9554518077232719,0.9038960691476476,0.9529545363721539,0.7765395464272928,0.812465949604864,0.9661972965770262,0.9288357786952526,0.957509435301382,0.8809270560698743,0.9250379219402804,0.832964442762638,0.9117176971980812,0.9846299338167082,0.943467974097185,0.9087598936651087,0.946050153064081,0.9529545363721539,0.9608127721335266,0.9661972965770262,0.9544316996038003,0.9271857963192041,0.8027294791407743,0.8268966588916087,0.8742905832999674,0.9544316996038001,0.8952903079111569,0.8046035473770458,0.9157186269856046,0.9810522968844484,0.9139695648477241,0.8578899519108549,0.9310944809913071,0.9948244917762759,0.9048463830468079,0.9595131865896311,0.8660153996906967,0.7810772990523143,0.9607848936032957,0.7881055549967804,0.9903434298372484,0.957509435301382,0.9343882429311451,0.966197296577026,0.9883880331853732,0.8427291918603484,0.9661972965770262,0.7974058104193733,0.9013065795230636,0.973053360823401,0.924513032454822,0.8740299062466852,0.9625131050152524,0.9544316996038003,0.9447481688519046,0.8233538626834314,0.8539453617971722,0.9529545363721539,0.9591194968553458,0.9501049319099926,0.9529545363721539,0.9529545363721539,0.9271857963192041,0.9544316996038003,0.9501049319099923,0.9167305843279036,0.9544316996038003,0.9434121517267972,0.899934730458029,0.950716529670402,0.9652137684610216,0.9560086947472868,0.9559485503920393,0.9529545363721539,0.8078013427639648,0.9071558877260777,0.9422080421889416,0.8573544191143379,0.9544316996038003,0.9949291060968914,0.9652137684610215,0.9987774230311344,0.8148130677930066,0.8594576653857575,0.9625131050152524,0.9692769377093196,0.9434679740971852,0.8871763046924684,0.9434679740971852,0.9730533608234009,0.9711878805915029,0.9207659584476898,0.9846299338167082,0.8554077319402791,0.9460501530640812,0.9625131050152524,0.9526350423385238,0.957509435301382,0.862418641734084,0.8583244595873938,0.9544316996038003,0.900538421250602,0.8783163635116333,0.9643133649175286,0.751967754586293,0.9501049319099923,0.9460501530640812,0.8425003792101688,0.9515133476881703,0.8125463805509152,0.8067748700378887,0.9544316996038003,0.9544316996038003,0.9229213960709448,0.9570129271953454,0.9163268736367542,0.8596511358036814,0.8612222667022573,0.8167498933030732,0.8141826543533125,0.8517067209994402,0.996566586696046,0.863846179185418,0.9544316996038003,0.9107280314569579,0.9591194968553456,0.9661972965770262,0.7625429349628972,0.9625131050152524,0.8485170805722069,0.9544316996038003,0.9544316996038003,0.8594113239051477,0.973053360823401,0.897791677275513,0.9447481688519046,0.7844663613441334,0.839555649823158,0.935005241301464,0.951525861158216,0.8840841025109967,0.9673457181272069,0.9544316996038001,0.981600181169821,0.8363640334164018,0.9559485503920393,0.950716529670402,0.9755588472540062,0.9225036667540455,0.9440647409827921,0.9774096618002821,0.9559485503920393,0.8495661380172145,0.9544316996038003,0.8445183988316081,0.9774096618002821,0.9097421633544907,0.968828963070922,0.8380631059829845,0.9473756291574582,0.9147116017278334,0.7223065022143657,0.9607848936032954,0.8820903683689056,0.911397301574409,0.9501049319099923,0.4905046560533314,0.930474153890517,0.9385367079941818,0.832198064937085,0.9591194968553456,0.9529545363721539,0.888676559370384,0.9903434298372484,0.934388242931145,0.9293685115305117,0.9661972965770262,0.8399643664537926,0.9661972965770262,0.9381728330554158,0.9127113681766139,0.9282725629505153,0.9068053912485843,0.973053360823401,0.6722319823963763,0.9447481688519044,0.9447481688519044,0.7932961840987723,0.9859983918197512,0.9529545363721539,0.9361684345174046,0.9452352847073291,0.9559485503920395,0.8343531165770126,0.9743490353345139,0.8414864259682349,0.8214805068326572,0.9544316996038003,0.8977530247223017,0.9544316996038003,0.8737670973648666,0.9643133649175286,0.9397435965156078,0.9409669977890662,0.7522076383746092,0.9544316996038003,0.8247446089328494,0.7967459576737135,0.9409669977890662,0.8258229735464786,0.8445183988316081,0.8321980649370849,0.9591194968553456,0.840469071482111,0.9612268306824159,0.9854614920636177,0.9480610371608373,0.9989330715481036,0.9084999709137367,0.9381728330554158,0.9400741852851485,0.973053360823401,0.8008509217498048,0.9373453016197317,0.8554077319402791,0.9127113681766139,0.7593982966903693,0.9544316996038003,0.9529545363721539,0.8583244595873938,0.7413155487309191,0.9477170828887946,0.8307423459823848,0.8091417233107614,0.9544316996038003,0.8102561836643378,0.8419881270144891,0.9177914171276884,0.9544316996038003,0.8563822015167815,0.9859983918197511,0.9625131050152524,0.9422080421889416,0.9529545363721539,0.8704633828919897,0.9385367079941818,0.886250826348313,0.9361684345174046,0.9931344261826375,0.9422080421889416,0.8196726783312488,0.9544316996038003,0.9582291749307175,0.9544316996038003,0.9625131050152524,0.9542945594732946,0.8962395095530544,0.9661972965770262,0.9338549253147788,0.832335720323944,0.9147116017278334,0.96836956012162,0.9544316996038003,0.9144538550233172,0.8713849148811152,0.8637704178119416,0.9115437007410547,0.9239759423528267,0.9591194968553458,0.9327167510955896,0.9315900378678905,0.9250379219402804,0.9038960691476476,0.7778983555639079,0.9250379219402804,0.8166351311398246,0.8006773101112716,0.8333410567779673,0.9250379219402804,0.9661972965770262,0.9944277784719999,0.9559485503920393,0.7948455158104214,0.8356601904040853,0.9315900378678905,0.9987774230311344,0.9774791703451952,0.88717630469247,0.9989330715481036,0.9696485350828812,0.9373453016197317,0.9529545363721539,0.994086760546023,0.8627587161412211,0.8672132741337565,0.8338140105455906,0.8830333887596136,0.9666447254421402,0.9177477332861095,0.8976252143176513,0.9559485503920393,0.957509435301382,0.9610481566737544,0.8932758889062643,0.9350052413014638,0.7980807992789898,0.9629940985099352,0.9591194968553456,0.9607848936032957,0.8867934927338037,0.9864847804128758,0.9069958728502843,0.9261077324693099,0.9327167510955896,0.8679216237887915,0.8166333005972799,0.9828201226319815,0.9544316996038003,0.8519684550934185,0.9608267525008984,0.9393439644390171,0.9107280314569581,0.865060076107683,0.9607848936032954,0.8288718816327856,0.888676559370384,0.9385367079941813,0.9830316367629124,0.933854925314779,0.881339347626883,0.8849118467483821,0.9037626896798772,0.8666344692877818,0.9734782123981014,0.8356601904040853,0.8952903079111572,0.999613492602016,0.9652137684610215,0.9559485503920393,0.9368506101299683,0.9350052413014638,0.957509435301382,0.8838192602026871,0.877384482197024,0.939909004675128,0.9799008321613358,0.9799008321613357,0.8495094192726711,0.9987774230311344,0.8735864340900966,0.9652137684610215,0.8736104662007036,0.9987774230311344,0.9607848936032957,0.9038960691476476,0.8897874329430772,0.9692769377093196,0.9643133649175286,0.9873232206481498,0.9625131050152524,0.9966324573611491,0.9607848936032957
p43_F,0.8784245992207027,0.9473756291574582,0.6585745878536227,0.9304741538905168,0.9544316996038,0.9661972965770262,0.9100018304172557,0.8795806938693148,0.9137092609592143,0.9643133649175286,0.36712679555941397,0.9529545363721539,0.9529545363721539,0.9304741538905168,0.9197987094973854,0.8971901564492131,0.9501049319099923,0.9385367079941813,0.9625131050152524,0.9643133649175286,0.8990962871160679,0.38243605452529905,0.9422080421889416,0.9559485503920393,0.39681053131259425,0.9385367079941811,0.9501049319099923,0.9250379219402802,0.9643133649175286,0.8606330169460781,0.9327167510955894,0.9608127721335266,0.9487265052554266,0.9271857963192043,0.9544316996038,0.9625131050152524,0.22153181872290717,0.9487265052554263,0.966197296577026,0.9373453016197315,0.9097421633544904,0.9397435965156076,0.9661972965770262,0.9218739081138492,0.9501049319099923,0.8631446255669608,0.19244580608505335,0.9107280314569577,0.4575465901506691,0.9029316112204655,0.9591194968553456,0.898744174756519,0.9385367079941811,0.9473756291574582,0.9487265052554263,0.9361684345174044,0.9361684345174044,0.9544316996038,0.8281985467386974,0.29404263065639336,0.9157186269856046,0.8809287459442813,0.9944277784720001,0.9097421633544902,0.9607848936032954,0.9066633016488568,0.9591194968553456,0.9050457185079468,0.8331553590532286,0.9625131050152524,0.9293685115305117,0.9923551296406039,0.9544316996038,0.8767037709308809,0.9544316996038,0.6760670186296511,0.994086760546023,0.946050153064081,0.7741326728997914,0.9661972965770262,0.946050153064081,0.940966997789066,0.9338549253147788,0.9385367079941815,0.9544316996038,0.9261077324693097,0.9447481688519044,0.8875935086546547,0.651042649326655,0.9529545363721537,0.9544316996038,0.9427946840319119,0.8485170805722067,0.9381630884742409,0.9338549253147788,0.952820654801327,0.9403916813458222,0.672709751799554,0.8384238384890397,0.8373957982954761,0.9361684345174042,0.957509435301382,0.9544316996038,0.8726649773302662,0.6836966627594749,0.08301287652694123,0.5973977130084658,0.8494522957885742,0.943467974097185,0.8788191408694401,0.925487806971186,0.9397435965156076,0.8268966588916085,0.541690883372159,0.19244580608505335,0.8056017035197611,0.9888197307367493,0.9625131050152522,0.966197296577026,0.8726649773302662,0.9218739081138492,0.8971901564492131,0.943467974097185,0.9327167510955894,0.9944277784720001,0.8117968052331115,0.22153181872290717,0.9103339493566889,0.9765837058865925,0.9239759423528264,0.8858525408230951,0.9652137684610215,0.9591194968553456,0.9661972965770262,0.9501049319099923,0.89455712136231,0.8915055770282612,0.9591194968553456,0.0,0.9515133476881703,0.7981619927363148,0.12705000336722982,0.8425003792101684,0.9210886546555856,0.8990962871160679,0.9197987094973852,0.9038960691476472,0.8583244595873938,0.9373453016197317,0.8425856863408152,0.9643133649175286,0.9157186269856044,0.7522076383746092,0.8933957590212613,0.9591194968553458,0.937345301619732,0.9058327972212652,0.9229213960709446,0.7500848507922817,0.8971901564492131,0.8583786401591238,0.957509435301382,0.9409669977890662,0.8225734700092833,0.5978954266207863,0.9250379219402802,0.8754988991654495,0.6306371608045283,0.9608853644890276,0.8612222667022569,0.9810522968844484,0.27196612847404966,0.9361684345174046,0.8583244595873939,0.7563749039071171,0.8905618443793009,0.9625131050152522,0.9199989838706863,0.9282725629505151,0.8981423730059304,0.9208331242859091,0.9000520303703363,0.9903434298372482,0.9529545363721537,0.908213390673464,0.7563749039071174,0.8726649773302662,0.9541290792408024,0.9473756291574581,0.9315900378678903,0.9515133476881703,0.95678955450748,0.7757290823197938,0.8425856863408152,0.9157186269856044,0.9544316996038,0.9559485503920393,0.9515133476881705,0.9107280314569577,0.7555641089284792,0.9029316112204655,0.9529545363721539,0.9544316996038,0.6890295429509585,0.8425856863408152,0.9643133649175286,0.9544316996038,0.8830333887596133,0.9239759423528264,0.8981423730059304,0.8717185331373514,0.9581430783864289,0.9529545363721539,0.9544316996038,0.9050457185079469,0.9544316996038,0.7895060614998268,0.888278639033526,0.8851338808206498,0.9544316996038,0.7064804985396791,0.9544316996038,0.7676021291943427,0.9167305843279034,0.9250379219402802,0.6695884694199903,0.957509435301382,0.8258426771468563,0.9515133476881701,0.41034420891855095,0.9447481688519046,0.9595131865896311,0.813682608787891,0.9271857963192041,0.9591194968553456,0.90974216335449,0.9415886943343519,0.9127113681766139,0.9489746595216721,0.5566927370217335,0.9239759423528264,0.9501049319099923,0.9356856974167589,0.9515133476881705,0.9544316996038,0.9127113681766137,0.9544316996038,0.8605749232360952,0.9239759423528264,0.9591194968553456,0.9350052413014638,0.8258426771468563,0.9559485503920393,0.969648535082881,0.39681053131259414,0.9038960691476474,0.9460501530640812,0.8754988991654495,0.957509435301382,0.8849118467483819,0.9210886546555856,0.8935110043257075,0.9529545363721537,0.9607848936032954,0.8788191408694399,0.966197296577026,0.8830333887596133,0.7590880973527832,0.9397435965156078,0.883971315382519,0.9243815265814346,0.9591194968553456,0.8641031766521008,0.8064521668392979,0.8258426771468563,0.08301287652694123,0.8788191408694399,0.9229213960709446,0.9987774230311344,0.9117176971980812,0.08301287652694123,0.8669692234537121,0.8966160771852036,0.9607848936032954,0.9087598936651082,0.9304741538905166,0.957509435301382,0.9759742607288064,0.8583786401591236,0.2940426306563939,0.957509435301382,0.957509435301382,0.8050940143255407,0.9625131050152524,0.8363962371582656,0.8698224617128842,0.6408633519402385,0.8935110043257075,0.9625131050152524,0.9544316996038,0.9373453016197315,0.9515133476881705,0.9591194968553458,0.8539453617971717,0.9087598936651085,0.9652137684610214,0.937345301619732,0.9250379219402802,0.7850261562127574,0.9187703462526826,0.8962395095530544,0.888278639033526,0.8117968052331115,0.8524700617069341,0.9221821648495907,0.9643133649175286,0.9137092609592146,0.944822971910948,0.5361410951751719,0.9239759423528264,0.9637319104506128,0.9652137684610214,0.9544316996038,0.9591194968553454,0.9127113681766137,0.9385367079941818,0.08301287652694123,0.9607848936032954,0.9529545363721539,0.9544316996038,0.3968105313125939,0.9625131050152522,0.9661972965770262,0.5356550924233242,0.7421009311387936,0.9409669977890662,0.9591194968553456,0.8830333887596133,0.7659316577663342,0.943467974097185,0.9487265052554266,0.8573544191143379,0.957509435301382,0.9271857963192043,0.7895060614998266,0.947375629157458,0.965177559337326,0.9381728330554157,0.8208375642018122,0.9271857963192038,0.8319518115156919,0.24753389216486288,0.9529545363721537,0.9293685115305117,0.8971901564492131,0.8583786401591236,0.8594783932788337,0.7804362199469096,0.9544316996038,0.8688726774726097,0.9261077324693099,0.9282725629505151,0.5432379360134465,0.9643133649175286,0.8945571213623098,0.9544316996038,0.9544316996038,0.9373453016197315,0.95678955450748,0.9082133906734637,0.9544316996038,0.9643133649175286,0.9544316996038,0.9304741538905167,0.63908905515329,0.842585686340815,0.973053360823401,0.9315900378678903,0.9447481688519044,0.7608239662234482,0.7938826026075032,0.9544316996038,0.6542195773381954,0.9250379219402802,0.8307423459823842,0.8331553590532286,0.5048790297271082,0.8830308532373587,0.957509435301382,0.848318897532643,0.9544316996038,0.806452166839298,0.9385367079941818,0.7111544401261729,0.8475218860027951,0.9692769377093197,0.7625429349628967,0.9487265052554266,0.9544316996038,0.9477170828887944,0.8247446089328487,0.9544316996038,0.9315900378678903,0.8159378637269961,0.711449816774324,0.7850261562127574,0.8539453617971717,0.9544316996038,0.8331553590532288,0.9050457185079468,0.9607848936032954,0.7604422708501071,0.7850261562127574,0.9167305843279032,0.9177477332861093,0.9068053912485843,0.19244580608505335,0.9917282321179908,0.8981423730059304,0.9422080421889416,0.8679216237887912,0.8867934927338035,0.6836966627594752,0.9422080421889416,0.16013546202225548,0.9385367079941818,0.9544316996038,0.9625131050152524,0.9117176971980809,0.8638461791854182,0.9460501530640812,0.47778404797553353,0.9515133476881703,0.8818837573472097,0.9559485503920391,0.9515133476881703,0.991511387719873,0.9544316996038,0.9888197307367493,0.6978622046348362,0.9137092609592146,0.9625131050152524,0.862184347348063,0.9643133649175286,0.9473756291574582,0.9422080421889416,0.8336974907151966,0.9447481688519044,0.9643133649175286,0.7724024658606594,0.9250379219402802,0.9029316112204655,0.9397435965156076,0.9447481688519046,0.6171437968101473,0.957509435301382,0.9759742607288064,0.9097421633544907,0.7036020964728495,0.9409669977890662,0.9097421633544904,0.9460501530640812,0.9327167510955894,0.8893257159297718,0.7959698129526698,0.9147116017278332,0.9830316367629123,0.8332455615339118,0.5829815800427873,0.9304741538905168,0.9409669977890662,0.9422080421889416,0.7819788560316008,0.9915113877198729,0.760442270850108,0.9409669977890662,0.5566927370217337,0.8416996066004396,0.957509435301382,0.8945571213623098,0.7757290823197938,0.9743490353345137,0.9097421633544907,0.9625131050152524,0.7578937685581039,0.9029316112204657,0.9607848936032954,0.9795295863759995,0.9501049319099921,0.9501049319099926,0.9591194968553458,0.9625131050152522,0.9327167510955894,0.7708970129778696,0.9681346172628937,0.27196612847404966,0.9529545363721539,0.8414864259682342,0.960900739115506,0.9501049319099926,0.9210886546555856,0.9544316996038,0.12394457825310956,0.9544316996038,0.9544316996038,0.8692431301086105,0.9422080421889416,0.9271857963192038,0.9544316996038,0.8290303569962779,0.8544309354723385,0.9239759423528265,0.8679216237887912,0.6542195773381952,0.7652933686087293,0.9137092609592146,0.9554518077232717,0.8563822015167812,0.9487265052554263,0.9368506101299682,0.9607848936032954,0.9261077324693099,0.8008422195759235,0.8707710541962024,0.4962382389721034,0.9487265052554266,0.9515133476881703,0.850706776411942,0.9607848936032954,0.6431660007091022,0.19244580608505335,0.9107280314569581,0.9447481688519044,0.9397435965156078,0.9989330715481035,0.8976967901906778,0.5048790297271084,0.9157186269856046,0.9422080421889416,0.9282725629505149,0.957509435301382,0.9447481688519046,0.9559485503920391,0.5630800747977556,0.8717185331373516,0.889325715929772,0.9591194968553456,0.9061000436892033,0.9501049319099926,0.8246016337990569,0.6657888880247789,0.9529545363721539,0.8307423459823842,0.9864847804128756,0.9661972965770262,0.7967459576737135,0.8621843473480628,0.9554518077232717,0.7995678811777467,0.9447481688519046,0.960900739115506,0.8943424304056795,0.9544316996038,0.16013546202225548,0.9250379219402804,0.9544316996038,0.8754988991654495,0.9447481688519042,0.9515133476881705,0.48721666860616075,0.7625429349628966,0.9422080421889416,0.856169058793752,0.9643133649175286,0.8104734860907531,0.9460501530640812,0.9156748294160986,0.9515133476881703,0.9487265052554266,0.8724525586652849,0.9239759423528264,0.9409669977890662,0.7922363153434719,0.8924501786702492,0.7909760777353674,0.9124629060455847,0.9271857963192038,0.8485170805722069,0.7064804985396791,0.9846299338167082,0.9643133649175286,0.943467974097185,0.9559485503920391,0.750141382940757,0.9127113681766137,0.9440100680280119,0.9529545363721537,0.8390631391006362,0.7794479864767843,0.9661972965770262,0.9288357786952526,0.957509435301382,0.9261077324693097,0.5023671279573954,0.9397435965156076,0.9117176971980809,0.4962382389721034,0.943467974097185,0.9087598936651082,0.946050153064081,0.9529545363721539,0.16013546202225548,0.9661972965770262,0.9544316996038,0.9271857963192041,0.9146015061215467,0.7953195658982098,0.9282725629505151,0.9544316996038,0.8952903079111569,0.8745818404295127,0.9595131865896311,0.9304741538905168,0.6124075100098638,0.9427946840319119,0.9310944809913064,0.8079415948250697,0.9350052413014638,0.9157186269856044,0.8997921725028666,0.9019695505324468,0.12394457825310956,0.6171437968101473,0.9361684345174044,0.957509435301382,0.9711878805915029,0.966197296577026,0.9883880331853732,0.9515133476881705,0.966197296577026,0.9473756291574582,0.9903434298372482,0.9544316996038,0.8914187460211078,0.6442993220464241,0.9625131050152524,0.9544316996038,0.9447481688519046,0.8233538626834316,0.8539453617971717,0.9529545363721537,0.9591194968553458,0.9501049319099923,0.9529545363721537,0.9529545363721537,0.9271857963192042,0.9544316996038,0.9501049319099923,0.9167305843279033,0.9544316996038,0.9409669977890662,0.9019695505324468,0.9625131050152522,0.19244580608505335,0.9607848936032954,0.9559485503920393,0.9529545363721537,0.8078013427639641,0.9071558877260779,0.9422080421889416,0.8903723822424181,0.9544316996038,0.960900739115506,0.957509435301382,0.9409669977890662,0.8772653088123799,0.5921041437919995,0.9625131050152522,0.9559485503920391,0.943467974097185,0.9239759423528264,0.943467974097185,0.24790396509541268,0.9711878805915029,0.9293685115305117,0.9327167510955894,0.7830122900340044,0.9460501530640815,0.9625131050152524,0.9373453016197315,0.19244580608505335,0.9167305843279032,0.8583244595873938,0.9544316996038,0.9544316996038,0.6509751574289443,0.9643133649175286,0.854430935472339,0.24753389216486277,0.9460501530640812,0.8745818404295129,0.9515133476881703,0.843741527880049,0.8379129021788125,0.9544316996038,0.9544316996038,0.9229213960709446,0.7949546003349715,0.9127113681766137,0.8572755626114623,0.8612222667022569,0.8977364728840898,0.7482956255273312,0.8517067209994396,0.9397435965156076,0.8638461791854182,0.9544316996038,0.9107280314569579,0.16013546202225548,0.966197296577026,0.8809287459442814,0.08301287652694123,0.8809287459442814,0.9544316996038,0.9544316996038,0.8283051395552841,0.9544316996038,0.8355452102620708,0.38243605452529905,0.8717185331373516,0.9097421633544902,0.9350052413014636,0.5470697651970766,0.8514858339733073,0.8660153996906963,0.9544316996038,0.9239759423528264,0.8681687926290678,0.22153181872290717,0.9625131050152522,0.9368506101299683,0.8909910300164395,0.9197987094973852,0.9261077324693097,0.9559485503920393,0.7111544401261728,0.9544316996038,0.8445183988316076,0.9261077324693099,0.9097421633544902,0.7145215948854529,0.9146015061215469,0.9473756291574582,0.9581430783864289,0.7223065022143651,0.9607848936032954,0.8820903683689052,0.8764420057712254,0.9501049319099923,0.9643133649175286,0.9304741538905168,0.9385367079941815,0.8638461791854182,0.9591194968553456,0.9529545363721537,0.7063997170207923,0.9903434298372482,0.9711878805915029,0.9293685115305117,0.9661972965770262,0.9239759423528264,0.9661972965770262,0.9661972965770262,0.6171437968101474,0.9282725629505149,0.9068053912485843,0.9544316996038,0.9643133649175286,0.38243605452529905,0.9447481688519044,0.7608239662234483,0.9487265052554268,0.9529545363721539,0.9361684345174042,0.9048630781107279,0.9559485503920393,0.8544714100233914,0.9261077324693099,0.8414864259682342,0.8214805068326567,0.9544316996038,0.9029316112204653,0.9730533608234009,0.8114042753167636,0.9643133649175286,0.9397435965156078,0.940966997789066,0.7522076383746094,0.9544316996038,0.856169058793752,0.7967459576737135,0.9409669977890662,0.8258229735464782,0.8767037709308807,0.8638461791854181,0.16013546202225548,0.8404690714821106,0.7387594773771089,0.8572755626114623,0.8323357203239441,0.9422080421889416,0.7758098958751685,0.9661972965770262,0.9422080421889416,0.9544316996038,0.634914244844039,0.9526350423385237,0.8554077319402789,0.9554518077232717,0.7909760777353676,0.9544316996038,0.9529545363721537,0.891418746021108,0.9103339493566889,0.643166000709102,0.8307423459823842,0.8091417233107605,0.9544316996038,0.8414250190028509,0.7016744316202441,0.9304741538905168,0.9544316996038,0.889325715929772,0.9859983918197509,0.08301287652694123,0.9422080421889416,0.9529545363721537,0.8956033810680564,0.9385367079941817,0.5978954266207865,0.9361684345174042,0.962306653551736,0.9422080421889416,0.7880245640829149,0.9544316996038,0.9350052413014636,0.9544316996038,0.9625131050152522,0.8830333887596131,0.8962395095530544,0.966197296577026,0.9864847804128756,0.8539453617971722,0.9147116017278332,0.5131662731762368,0.9544316996038,0.8819816371479938,0.8394482358305893,0.7624400993754301,0.9327167510955894,0.9239759423528267,0.9608127721335267,0.9327167510955894,0.9315900378678903,0.9250379219402802,0.9038960691476476,0.8091417233107607,0.9250379219402802,0.9810522968844484,0.9591194968553458,0.6408633519402386,0.9250379219402802,0.966197296577026,0.9385367079941818,0.9559485503920393,0.6793588929077843,0.9529545363721539,0.9315900378678903,0.940966997789066,0.9029316112204655,0.556692737021734,0.9422080421889416,0.9229213960709446,0.9373453016197315,0.9529545363721539,0.9447481688519046,0.8943710090829442,0.5131662731762373,0.9117176971980809,0.8504989784061951,0.9208331242859089,0.9177477332861095,0.9373453016197315,0.9559485503920393,0.19244580608505335,0.9117176971980809,0.9048630781107274,0.4777840479755342,0.9350052413014636,0.9107280314569577,0.1601354620222556,0.12394457825310956,0.9597659443503783,0.933854925314779,0.8802089698693754,0.9261077324693099,0.4962382389721034,0.9358593744118062,0.943467974097185,0.9315900378678903,0.2479039650954128,0.8534517371065098,0.8905618443793009,0.5692582912466633,0.9107280314569579,0.9324282734053553,0.9607848936032954,0.9271857963192041,0.9622990545719883,0.9385367079941811,0.9501049319099923,0.487216668606161,0.9097421633544904,0.9572654625627894,0.7845489569349895,0.36712679555941397,0.9267637001447553,0.9529545363721539,0.8952903079111569,0.9044360458484602,0.957509435301382,0.22153181872290717,0.8981423730059304,0.9350052413014638,0.9575094353013818,0.9087598936651087,0.8773844821970236,0.9077763399699053,0.9515133476881705,0.29404263065639447,0.8495094192726707,0.9409669977890662,0.9127113681766137,0.9575094353013818,0.8736104662007038,0.42311832454818266,0.12394457825310956,0.9038960691476476,0.9397435965156076,0.9559485503920393,0.9643133649175286,0.8971901564492131,0.9625131050152524,0.9010904619217452,0.12394457825310956
p43_V,0.7633375347429153,0.9375844381576608,0.8848712502248579,0.9608634184056339,0.9459533477380775,0.9599080294518356,0.7413573066458354,0.7885204713736416,0.8976541691085207,0.957673577027655,0.9360123464869743,0.9954412864629744,0.9442013463068033,0.9175383063396301,0.9048766089350635,0.5943354874184338,0.940821549823033,0.9271009640247971,0.9555383641697377,0.957673577027655,0.8803223329648364,0.934468117552512,0.9314553797224701,0.947752420917731,0.9329497321807896,0.9271009640247971,0.9408215498230332,0.9110906193450525,0.957673577027655,0.7861116565250372,0.9201981569430595,0.9515133476881703,0.9391866557097983,0.913638123172289,0.9459533477380777,0.9555383641697377,0.947752420917731,0.9391866557097979,0.9599080294518356,0.925687886831601,0.8929489608197005,0.9285324039439791,0.9599080294518356,0.9469647240084871,0.9408215498230332,0.837681573202268,0.9496037211238537,0.8941182576784144,0.925687886831601,0.8848712502248577,0.9515133476881703,0.8399534088511564,0.9271009640247971,0.13328231716815875,0.9391866557097979,0.9706982209232327,0.924292054060027,0.06018876900101988,0.7216242962744102,0.9424920127795522,0.9000373939808761,0.8480962071381711,0.9271009640247974,0.8929489608197005,0.9534886050081051,0.840677197630187,0.9515133476881703,0.6541599652149934,0.7550655184575044,0.9555383641697377,0.9162269502513478,0.925687886831601,0.9459533477380777,0.8431596959716181,0.06018876900101988,0.879190935397886,0.934468117552512,0.9360123464869743,0.8394320005991047,0.9599080294518358,0.9360123464869743,0.9299834289466344,0.3571302450971754,0.9271009640247971,0.06018876900101988,0.912359476799596,0.9344681175525122,0.8190550279834292,0.8871620821950175,0.09008077800963976,0.06018876900101988,0.8848712502248577,0.8203324548260424,0.9041422866074336,0.3571302450971754,0.5289787512360715,0.8825917972400852,0.8803223329648371,0.835679291489003,0.8344223133664417,0.924292054060027,0.9496037211238535,0.9459533477380777,0.8489732636249692,0.6129761647399179,0.9555383641697377,0.9012376341940858,0.837931262412388,0.9329497321807898,0.8732965479503929,0.8679639303639386,0.9285324039439791,0.8216567655514617,0.9421708749432605,0.9496037211238537,0.7960982570121531,0.992239334903201,0.9555383641697377,0.9599080294518354,0.8489732636249692,0.9469647240084869,0.8780615512279366,0.9329497321807896,0.9201981569430604,0.974977116619623,0.7664975934600429,0.9477524209177308,0.6105524209278803,0.9442013463068033,0.9907143086558445,0.8646144802620155,0.9496037211238537,0.9515133476881703,0.9599080294518358,0.9408215498230332,0.8639560978502498,0.8713193097015213,0.9515133476881703,0.9515133476881703,0.0,0.7921369220339979,0.957673577027655,0.840677197630187,0.8634987624252983,0.8803223329648373,0.9048766089350637,0.920376705497234,0.8886615438957015,0.925687886831601,0.7963267771106676,0.9576735770276548,0.9750660166392211,0.8467269607313446,0.8735611753844448,0.9515133476881705,0.925687886831601,0.8883122254108782,0.9085802966718612,0.8576381060247249,0.5943354874184337,0.7468650390901748,0.9496037211238535,0.9299834289466347,0.726722647879287,0.8906229438722484,0.9110906193450523,0.9120136950985209,0.8929489608197003,0.9215480977067743,0.8925106518208061,0.9175383063396303,0.9442013463068037,0.9242920540600263,0.6861111987521118,0.8736582841643707,0.8701999879391749,0.9555383641697377,0.6129761647399178,0.957208071575181,0.5571336031459786,0.9061034849845075,0.8814559000030182,0.924292054060027,0.9442013463068033,0.6756528607103025,0.844475375621738,0.878518092076586,0.9316215436119188,0.18793721391370033,0.918861809581256,0.9424920127795524,0.9345566419027251,0.810787048372184,0.8297343501202494,0.9375517053100486,0.06018876900101988,0.947752420917731,0.9987575434859778,0.5289787512360715,0.8530006667440633,0.8848712502248577,0.9442013463068033,0.06018876900101988,0.8601523251100109,0.8297343501202494,0.957673577027655,0.06018876900101988,0.7314145734259305,0.909831049842277,0.879190935397886,0.6514802883117781,0.898843003506523,0.9442013463068033,0.06018876900101988,0.6541599652149932,0.06018876900101988,0.7997298457662125,0.8848194430340297,0.880980413326993,0.06018876900101988,0.6403920386762303,0.06018876900101988,0.7413573066458355,0.901237634194086,0.9110906193450523,0.8679639303639393,0.9496037211238535,0.8098383097811253,0.11750088746893372,0.9314553797224698,0.934468117552512,0.9000373939808766,0.7397631429015081,0.9136381231722888,0.9515133476881701,0.49859023365752586,0.917667850833811,0.9330819649782565,0.8906229438722484,0.909831049842277,0.9098310498422768,0.940821549823033,0.8780615512279366,0.9424920127795526,0.06018876900101988,0.9330819649782565,0.06018876900101988,0.7434229768984777,0.9098310498422768,0.9515133476881705,0.968640006673642,0.8098383097811253,0.9477524209177308,0.9486066482612976,0.9329497321807896,0.8860151533715293,0.9894969760647814,0.882174077350171,0.9496037211238537,0.8634987624252983,0.8634987624252983,0.8342582334437214,0.09008077800963976,0.9752369887774633,0.817968259522398,0.9599080294518356,0.850551996185275,0.878420891544528,0.292676672778892,0.862383237570735,0.8668469482494165,0.9515133476881705,0.8388184704910289,0.8111356819221287,0.7904356987130698,0.9555383641697377,0.8456324037363956,0.9085802966718612,0.9795036960805319,0.8952920587572561,0.9555383641697377,0.8712321677735533,0.8293610592189051,0.9752369887774631,0.8917839318880132,0.9175383063396301,0.9496037211238533,0.9136381231722888,0.8216567655514619,0.9424920127795522,0.9496037211238537,0.9496037211238533,0.785654761903614,0.9555383641697377,0.812468168483321,0.6275344199174464,0.8780615512279373,0.8342582334437214,0.9555383641697377,0.9459533477380777,0.9728091693196086,0.9424920127795526,0.9515133476881705,0.8164349099391168,0.891783931888013,0.9496037211238537,0.9728091693196088,0.9110906193450525,0.7617512826831674,0.94217087494326,0.9097318037088531,0.6928234924637203,0.7790167470448564,0.6993233879290583,0.8646144802620153,0.9576735770276548,0.8976541691085209,0.957673577027655,0.997222278815483,0.9098310498422768,0.9036569103682486,0.9496037211238535,0.06018876900101988,0.9515133476881699,0.8964706102804101,0.9271009640247971,0.9555383641697377,0.9534886050081051,0.9442013463068035,0.06018876900101988,0.9843238957181937,0.9555383641697377,0.9599080294518358,0.9437480193578955,0.8394320005991047,0.9299834289466347,0.9515133476881705,0.878420891544528,0.817968259522398,0.9329497321807896,0.9391866557097983,0.830814051878261,0.9496037211238537,0.913638123172289,0.8268088576336079,0.9375844381576606,0.9048766089350635,0.9599080294518358,0.8039127449891679,0.9136381231722888,0.8170840981467902,0.9408215498230332,0.09008077800963976,0.9590184309099958,0.8780615512279366,0.8216567655514619,0.8499446834990612,0.8071419677837104,0.06018876900101988,0.8736582841643705,0.912359476799596,0.9149270915494645,0.912359476799596,0.9644928340620881,0.8639560978502498,0.06018876900101988,0.06018876900101988,0.925687886831601,0.8976541691085209,0.8500946683680415,0.06018876900101988,0.957673577027655,0.9459533477380777,0.9175383063396302,0.8906229438722484,0.8297343501202494,0.9459533477380777,0.918861809581256,0.934468117552512,0.8215094261899889,0.9880934368428602,0.06018876900101988,0.8735611753844454,0.9110906193450525,0.8156484041651728,0.9949273923940903,0.918861809581256,0.8621035309917526,0.9496037211238537,0.8097978684772094,0.06018876900101988,0.8111356819221285,0.9271009640247969,0.8500946683680415,0.8468653629698402,0.947752420917731,0.8203324548260424,0.9391866557097981,0.06018876900101988,0.9245106322139443,0.7502552768256678,0.06018876900101988,0.918861809581256,0.8352175933741242,0.8319645762487431,0.8034571229302205,0.8164349099391164,0.06018876900101988,0.781716837783792,0.876086553322736,0.9534886050081051,0.6355230453386188,0.7074023333848407,0.9390736794276013,0.9024440319654485,0.8894657784451023,0.9496037211238537,0.891783931888013,0.9123483154835408,0.9314553797224701,0.8724450251774916,0.8657305039072045,0.8623832375707348,0.26185060030019414,0.9515133476881703,0.9271009640247969,0.06018876900101988,0.9555383641697377,0.8952920587572564,0.8280868502882601,0.9360123464869743,0.9229124393123012,0.11750088746893528,0.7853307328210779,0.947752420917731,0.11750088746893528,0.9360123464869743,0.9459533477380777,0.9375844381576608,0.8713193097015215,0.9345566419027251,0.9555383641697377,0.8651692889773956,0.9576735770276548,0.9375844381576608,0.9677078677803634,0.7882655072649007,0.9344681175525122,0.9644928340620882,0.8137954530863192,0.9110906193450523,0.5687829981540424,0.292676672778892,0.934468117552512,0.8964706102804101,0.9496037211238535,0.9136381231722888,0.8929489608197005,0.9007584705561618,0.9299834289466347,0.8929489608197003,0.9360123464869743,0.9201981569430595,0.7188297285473889,0.8113012486302023,0.8988430035065229,0.940821549823033,0.8022195458125898,0.88373019034314,0.9175383063396303,0.9299834289466344,0.26185060030019536,0.8059182346808622,0.9894969760647814,0.8422177685448579,0.9299834289466344,0.9502726792490606,0.7649227650741164,0.9496037211238537,0.8354015438796938,0.7508613366580392,0.9123594767995962,0.8929489608197008,0.9555383641697377,0.7670059643554635,0.9190178597011767,0.9752369887774631,0.9110906193450523,0.9408215498230332,0.9408215498230332,0.9799008321613358,0.9555383641697377,0.9201981569430604,0.841919725917868,0.9073379150848064,0.9442013463068035,0.9442013463068033,0.7489933390883288,0.9012376341940858,0.14277765445410706,0.8634987624252983,0.06018876900101988,0.9534886050081051,0.06018876900101988,0.06018876900101988,0.8344223133664417,0.2618506003001949,0.9136381231722888,0.06018876900101988,0.7704439742406994,0.8273466303940549,0.44310287964918205,0.8724450251774913,0.8735611753844452,0.820358135051938,0.8976541691085209,0.5177477145540503,0.8578802781954207,0.9391866557097981,0.8791909353978857,0.4763161452764426,0.9123594767995955,0.7565415109136846,0.6541599652149929,0.9201981569430602,0.9391866557097979,0.998757543485978,0.7974965287155303,0.9534886050081051,0.8894657784451023,0.9496037211238537,0.8941182576784141,0.9868619655962763,0.9285324039439791,0.9314553797224701,0.8388184704910295,0.962745373353485,0.9000373939808761,0.9314553797224698,0.7045440882190879,0.9496037211238535,0.22723031374726355,0.947752420917731,0.9486066482612976,0.8478507258139238,0.8578802781954207,0.49980009110787593,0.8478507258139236,0.6009780523155424,0.79186205299561,0.8825917972400852,0.9442013463068035,0.815648404165173,0.9215480977067743,0.9599080294518358,0.820358135051938,0.8937959505222848,0.8106385521368198,0.7908522591242595,0.934468117552512,0.9012376341940858,0.9395972874156602,0.06018876900101988,0.9515133476881703,0.911090619345053,0.9459533477380777,0.882174077350171,0.9344681175525122,0.9424920127795526,0.9215480977067743,0.8203324548260424,0.9314553797224701,0.8190550279834292,0.9576735770276552,0.7803575371163456,0.9894969760647814,0.8883008446412397,0.11750088746893528,0.9951011472655114,0.7508613366580393,0.9098310498422768,0.9795036960805319,0.7932811650657745,0.8724396621400958,0.7687312965384794,0.8846189616699074,0.9136381231722888,0.735447508179895,0.8523344596018205,0.9646668607340487,0.957673577027655,0.9329497321807896,0.9477524209177313,0.8285051677670636,0.9696933196761031,0.5642000126171933,0.09008077800963976,0.8097978684772096,0.830814051878261,0.9599080294518358,0.9032962680264431,0.9496037211238537,0.912359476799596,0.9110906193450525,0.9285324039439791,0.9316215436119188,0.9646668607340487,0.9329497321807896,0.5396522816823413,0.9360123464869741,0.9442013463068037,0.9515133476881703,0.9599080294518356,0.06018876900101988,0.955430200993886,0.8568046890338217,0.8216567655514619,0.9149270915494645,0.06018876900101988,0.9084332038159757,0.8131962973777598,0.9000373939808759,0.3892599006043084,0.8976541691085207,0.8848712502248577,0.9058538072885722,0.7988881420122138,0.9229124393123012,0.9000373939808763,0.6670508224508336,0.88373019034314,0.9534886050081051,0.8964706102804101,0.924292054060027,0.9496037211238535,0.9098310498422768,0.9599080294518354,0.9686400066736423,0.9424920127795526,0.9599080294518356,0.9375844381576608,0.9706982209232327,0.9459533477380777,0.7144596825755911,0.8769340287666243,0.970134355730177,0.9459533477380777,0.934468117552512,0.7666259510559459,0.8433079947733284,0.09008077800963976,0.9515133476881705,0.14277765445410617,0.09008077800963976,0.09008077800963976,0.4176886316821613,0.06018876900101988,0.940821549823033,0.4555495968361458,0.06018876900101988,0.9299834289466344,0.5732672418061274,0.9555383641697377,0.9496037211238537,0.9534886050081051,0.947752420917731,0.09008077800963976,0.7830190911339325,0.878518092076586,0.9314553797224701,0.8590971573470971,0.06018876900101988,0.9012376341940858,0.9496037211238535,0.9299834289466344,0.8338539721527618,0.9024440319654483,0.9555383641697377,0.947752420917731,0.9843238957181939,0.9502726792490606,0.6560569595199763,0.9459533477380775,0.44310287964918205,0.9162269502513478,0.9201981569430602,0.6928234924637205,0.9360123464869743,0.9555383641697377,0.925687886831601,0.9496037211238537,0.9012376341940858,0.8603130600722224,0.06018876900101988,0.9459533477380777,0.8746839826578152,0.957673577027655,0.8273466303940551,0.9408215498230332,0.9360123464869743,0.8681580978826144,0.11750088746893528,0.7413405382391169,0.8241692899551478,0.06018876900101988,0.06018876900101988,0.4109717263077214,0.7076837558677667,0.8964706102804103,0.820358135051938,0.8639560978502501,0.8034571229302205,0.8578802781954207,0.8137954530863196,0.9285324039439791,0.8551965465982105,0.06018876900101988,0.8941182576784141,0.9515133476881703,0.9599080294518356,0.8203324548260424,0.9555383641697377,0.848096207138171,0.06018876900101988,0.06018876900101988,0.786111656525037,0.9459533477380777,0.7946931840814577,0.934468117552512,0.8478507258139236,0.8929489608197005,0.7112670217969735,0.9287407729092754,0.8517771649969836,0.870019578100391,0.06018876900101988,0.9098310498422768,0.8331621126794349,0.947752420917731,0.9555383641697377,0.5571336031459788,0.7451506173557436,0.47318082429962804,0.912359476799596,0.947752420917731,0.8500946683680417,0.06018876900101988,0.8431596959716181,0.912359476799596,0.8929489608197005,0.8957343462573435,0.8568046890338217,0.9375844381576608,0.936046298883568,0.844475375621738,0.9534886050081051,0.8907671269543138,0.8833956586824043,0.940821549823033,0.957673577027655,0.9175383063396301,0.3068805944579899,0.8280868502882601,0.9515133476881703,0.09008077800963976,0.8679639303639393,0.924292054060027,0.9098310498422768,0.9162269502513478,0.9599080294518358,0.9098310498422768,0.9599080294518356,0.9599080294518358,0.8964706102804101,0.3662962480133517,0.8894657784451023,0.9459533477380777,0.957673577027655,0.9868619655962763,0.9868619655962765,0.8215094261899889,0.9391866557097985,0.9442013463068033,0.924292054060027,0.5595142023464723,0.9881959173184507,0.7535801967671496,0.3851430530455999,0.7489933390883285,0.7821000584343007,0.06018876900101988,0.8848712502248577,0.9919305345581159,0.7963267771106675,0.957673577027655,0.9772068366488,0.9299834289466344,0.8467269607313443,0.06018876900101988,0.7502552768256681,0.7934159251299586,0.9299834289466344,0.8203581350519382,0.8431596959716181,0.8280868502882602,0.9515133476881703,0.7234643607224284,0.6791710386208467,0.7934159251299588,0.7804688175477101,0.9314553797224696,0.7122394337780018,0.9599080294518358,0.9314553797224701,0.9459533477380777,0.891783931888013,0.925687886831601,0.8566623054005467,0.48113635985620407,0.7984775184678072,0.9919305345581159,0.09008077800963976,0.8603130600722224,0.8523344596018207,0.5498165612534265,0.7890019507934145,0.7901005262017788,0.06018876900101988,0.9580557204385115,0.854570870649245,0.9175383063396301,0.06018876900101988,0.8578802781954207,0.9391866557097981,0.9555383641697377,0.21143222405161544,0.09008077800963976,0.9344440802083812,0.9271009640247972,0.8906229438722484,0.9706982209232327,0.9024440319654483,0.9314553797224703,0.8009771539783097,0.06018876900101988,0.968640006673642,0.06018876900101988,0.9555383641697377,0.8505519961852752,0.8769340287666241,0.9599080294518356,0.9215480977067743,0.7895618251049048,0.9360462988835685,0.9175383063396301,0.06018876900101988,0.8493250476264832,0.8642900383784609,0.8410864781348422,0.9201981569430604,0.44310287964918327,0.9515133476881705,0.3683025824011291,0.9188618095812562,0.43493149183744406,0.920376705497234,0.8084546019152599,0.43493149183744406,0.9175383063396303,0.9515133476881705,0.8780615512279373,0.43493149183744406,0.9599080294518356,0.9271009640247971,0.947752420917731,0.8780615512279368,0.9442013463068035,0.9188618095812562,0.9299834289466344,0.8848712502248579,0.909831049842277,0.9677078677803632,0.9085802966718612,0.925687886831601,0.9442013463068035,0.934468117552512,0.7670059643554632,0.9175383063396303,0.8952920587572564,0.8226831008260223,0.4660228489523025,0.9024440319654485,0.925687886831601,0.9477524209177308,0.9496037211238537,0.8952920587572564,0.8871620821950175,0.9229124393123009,0.9229124393123009,0.9301746946212588,0.9515133476881703,0.9534886050081051,0.6342053249905155,0.9215480977067743,0.8883008446412402,0.9536828573969376,0.9201981569430602,0.6910901574594789,0.9329497321807896,0.9188618095812566,0.9459533477380775,0.8822599851269499,0.8701999879391746,0.9469647240084873,0.8941182576784141,0.6983871430419374,0.9534886050081051,0.9136381231722888,0.6275172927294355,0.9271009640247971,0.9408215498230332,0.9215480977067743,0.8929489608197005,0.6096888481145897,0.7711616901616503,0.9360123464869743,0.7099949359840811,0.9442013463068033,0.9084332038159757,0.7508613366580392,0.9496037211238535,0.947752420917731,0.9123483154835408,0.9229124393123014,0.9496037211238537,0.891783931888013,0.8846189616699065,0.7452088586072332,0.9424920127795526,0.9424920127795524,0.8493250476264833,0.9299834289466349,0.8964706102804101,0.984201166542795,0.9093762272332484,0.9299834289466344,0.9534886050081051,0.920376705497234,0.9285324039439791,0.947752420917731,0.957673577027655,0.9110367363125387,0.9555383641697377,0.7563725028925854,0.9534886050081051
p44_G,0.7749832766198566,0.8745649354471421,0.4617769888499579,0.9605987121140802,0.8046479448175347,0.9676837770879048,0.8904027744152208,0.8763420223823208,0.6807937790319614,0.8470108069580575,0.9127132847207977,0.8259696831286129,0.798315321686256,0.9599989969255577,0.987624479090327,0.9421678670673339,0.9697938201485222,0.8467147986893657,0.9223215509727929,0.9539955032190779,0.6992462184923385,0.7087410003256687,0.9474480078065406,0.8991917165788904,0.7480459931007188,0.736505853691706,0.8202692658181097,0.7722731073171095,0.9183339377987378,0.8561185320996368,0.8134283037091115,0.8561690587937522,0.7586730388238485,0.8601778526419882,0.8615683059666509,0.9223215509727929,0.7779912562124378,0.8867667273249809,0.8550872530468148,0.9879331425109368,0.5177904987068875,0.8791945461131476,0.9301516024075415,0.7740087261868734,0.8910674773860092,0.44265765223843534,0.8182087630929487,0.7164109938154184,0.6424948870402414,0.8028989236413739,0.8875935086546555,0.6134215961843998,0.7584416088295443,0.7743984544652448,0.9082833710732072,0.7208286976677374,0.8484021459953659,0.8046479448175343,0.746811265778544,0.7233371708762366,0.6902489554747524,0.8339773806865822,0.8028432884136893,0.7473763231178907,0.7762402277161398,0.6899389580223987,0.8610108924581208,0.7419350024368163,0.7741145146076216,0.9755132836179136,0.9302829294430239,0.6424948870402409,0.861568305966651,0.5481901206106525,0.8046479448175343,0.41880460068106284,0.7807579790798047,0.8882078540529299,0.8107422773882049,0.9676837770879049,0.8422324086005256,0.9808068453175631,0.9229931245811153,0.8686505538272042,0.8046479448175343,0.9672240099992059,0.9728032557575015,0.9640062597809077,0.9800381535743574,0.7983153216862557,0.8046479448175343,0.8841972093336607,0.7080768943739071,0.763789235813101,0.7990582343202521,0.8320526212933628,0.8834001879432953,0.4548029976721155,0.49506760478412093,0.6778899672201747,0.7846154218315515,0.939158577970624,0.8253697077132105,0.9096594892032974,0.9459608074133452,0.7861013304270679,0.8715803283610033,0.4537608671722433,0.8518001269042896,0.6462466582750497,0.7837686264423325,0.8085843310136368,0.6532899497111015,0.7835539755048395,0.7878796807258952,0.6308846211004118,0.974731416429038,0.8733481182086195,0.8821875241906421,0.5217964722744035,0.8829452965249486,0.8515170257064224,0.936353701333656,0.8949264646755037,0.9997349153457663,0.8433149826805335,0.748644253738922,0.944775725899246,0.8536240445709696,0.9738572735268669,0.6104568226309616,0.7878796807258948,0.9504424083764613,0.8550872530468148,0.7415429230555968,0.8753751338775237,0.9597647793433575,0.8610108924581206,0.7981619927363148,0.7921369220339979,0.0,0.7963735388385413,0.7025300762771636,0.6698757169935525,0.9742448419150898,0.656175745161691,0.7454376151983445,0.44458912273772,0.9015735786432628,0.6703908345469745,0.9033582350995619,0.6386843641564667,0.881412021592225,0.8060014316516655,0.9504424083764611,0.7529881658860428,0.8454697782495415,0.6885667740099128,0.6794502833991367,0.9421678670673337,0.8648323544254847,0.9395250925611622,0.9284369518269132,0.5348726883830457,0.58697419077015,0.6659062605484554,0.7807137836941633,0.7965732854916769,0.829137094897159,0.719050571392783,0.9004472787052864,0.7315605337936799,0.8751887159614388,0.9319568700598564,0.7988703704789865,0.6817619910193984,0.9414582284814821,0.7995210033129084,0.9200531976553472,0.965714841404782,0.9977728908826962,0.8173743458011675,0.9547133529350562,0.952795425332533,0.906329921453169,0.7598886286658153,0.562406760740282,0.9544390479457723,0.8996065556926167,0.9882155593780421,0.8459731339328608,0.7822409793588179,0.5290664438004598,0.4851959596446529,0.9136955178539878,0.8046479448175343,0.8111507091583434,0.8310095946739628,0.7990121562996646,0.7350858039023871,0.6464469901288905,0.952795425332533,0.8046479448175343,0.523590528598918,0.6810019204118118,0.8470108069580577,0.8046479448175343,0.678308873140891,0.7111424655216954,0.6544863803148575,0.5445120204016987,0.6326678103557402,0.759214895236036,0.8046479448175343,0.9033577064243699,0.8046479448175361,0.884064060463601,0.7039016526800357,0.6838070910905103,0.8046479448175343,0.7544440467247701,0.8046479448175343,0.5361135917435318,0.937727981411596,0.9655439310201537,0.39368792690965826,0.8788669278270553,0.46188854481610275,0.819055027983429,0.7626436581009881,0.9728032557575013,0.9144225110850612,0.764713429353527,0.8717477448520019,0.9867086919017329,0.9441641726130343,0.9062804587690683,0.5858070989109228,0.9588244137676485,0.9705544451287623,0.7296718926364851,0.812341134623496,0.8817339728267262,0.8459731339328611,0.8046479448175343,0.9612818577716803,0.8046479448175343,0.9777452001005165,0.9182689921824954,0.8875935086546555,0.9308796243393782,0.4740982302881256,0.840497711631859,0.7245802230213987,0.677430602513367,0.8767141813516648,0.9617241460565329,0.6439954985232624,0.8178422485024103,0.8828522067449838,0.7834631781943164,0.6227886067237017,0.8259696831286127,0.9951656839321389,0.7199995199509794,0.8550872530468148,0.7038466505699275,0.9719933135748039,0.8977903661202703,0.9883805056256363,0.9347339549406204,0.9867086919017329,0.5624386524764369,0.7361346376766034,0.9398368670547754,0.7861013304270679,0.658921734710529,0.7612585357069437,0.7992944396065151,0.8379216904296074,0.7861013304270679,0.9189122491010693,0.571140209313629,0.9298530872602185,0.6259206079316855,0.9010469938938088,0.787879680725895,0.6419696855611359,0.579154919578269,0.7233371708762368,0.7575505983588418,0.9698541749282157,0.37422974307973433,0.9074031733450508,0.7043736597645358,0.5223923690848771,0.42847976602216997,0.98568749495565,0.9755132836179136,0.8253697077132105,0.9688870755552262,0.9536455577305866,0.8924353423190239,0.5225600572134033,0.7228221730039507,0.8788669278270553,0.8152140147755889,0.9842712854246352,0.5773901775499843,0.8811679338424353,0.6152858197348372,0.9477725700396541,0.7453220856890486,0.6752089987610261,0.8477236390578846,0.8320351042588818,0.7146095124742475,0.918333937798738,0.8717477448520017,0.6740836112921157,0.6600304684222562,0.9088294956035703,0.8046479448175343,0.8247446089328484,0.9380712437133425,0.8905863089650421,0.7861013304270679,0.9298530872602185,0.9804497867748898,0.8046479448175343,0.9128152378045387,0.9223215509727927,0.8926194277271782,0.8451445687911348,0.623535511433248,0.8446725410342772,0.9504424083764613,0.6016955408537843,0.42847276193495354,0.9459539810207583,0.7801896825720749,0.5877890046669108,0.8178422485024104,0.7452888229965557,0.4831798466447226,0.7743984544652445,0.7274157003112875,0.9197196988710052,0.47722188886451244,0.9866367744974347,0.47586881911790424,0.7415429230555963,0.7983153216862559,0.9520806201524268,0.715540763665055,0.5050198894454367,0.5593152370338558,0.4221655660496053,0.8046479448175343,0.5047097032421877,0.8536234582687046,0.9200531976553474,0.8623751624050422,0.8826723723783978,0.5882201537380434,0.8046479448175343,0.8046479448175343,0.9041174026544708,0.8667803129645314,0.7541519445236038,0.8046479448175361,0.8470108069580579,0.7399891659895363,0.8017941301933568,0.4899697847708022,0.4117687243569683,0.8822900688623265,0.6699749180458867,0.8111458079800904,0.38345209838114824,0.3894158290970189,0.8046479448175343,0.45090359133849267,0.9655439310201539,0.49508707325251544,0.5421050719107945,0.991677998117483,0.8958896255544992,0.7575505983588415,0.5101868956115075,0.8046479448175343,0.47812965309387145,0.8023131191052217,0.9470720975359562,0.7013574453674452,0.9872327239994373,0.3264554569243143,0.857045895672754,0.8046479448175343,0.7770974067253101,0.47067590729562525,0.8046479448175343,0.8876833468556682,0.5052151206017144,0.33448011315753323,0.41553080362898553,0.5348726883830459,0.8046479448175343,0.8107475845071208,0.6477717584440765,0.995165683932139,0.8125623905669586,0.5898408986208303,0.8337143321966501,0.752312306055102,0.7251433964103602,0.7575505983588418,0.8205107558636053,0.6241024780524287,0.890848186201101,0.4871053351924238,0.958597835415451,0.35208503244126965,0.7522449239219361,0.7667375428754117,0.7151002678623362,0.8046479448175343,0.9223215509727929,0.7292995530817783,0.7526299000831654,0.8177269779326579,0.859607149070275,0.792136922033998,0.9639235652594008,0.9285387190524061,0.792136922033998,0.891243269936261,0.8538298882877686,0.9251021025890651,0.5127952983854063,0.9851353800125303,0.9414582284814821,0.4616463438232339,0.974681365940242,0.7994400747107191,0.8215465550615189,0.7021995202078983,0.876780617418653,0.832035104258882,0.7988030146192522,0.7722731073171096,0.9593508571538566,0.8085843310136372,0.8047636386645167,0.5690326158250927,0.878500413236517,0.6419696855611354,0.911366197697177,0.8781468989267072,0.9965041039685563,0.8426489904338913,0.9892649926077318,0.7319301427427181,0.9045720569096516,0.8578468537011611,0.9053989580293698,0.9697938201485222,0.8571594459755073,0.8449282177427033,0.7019415513043823,0.9965041039685562,0.7984460113483245,0.4158105172989317,0.9402541312719964,0.4669253503311007,0.8446725410342766,0.7329747210345918,0.8624875249384102,0.9391585779706239,0.6660464656299392,0.7048037686054738,0.8434417371166254,0.8426489904338922,0.8392930630721882,0.9174242241194026,0.630801796777642,0.9068654210599805,0.9280892222111916,0.8465113800722808,0.898995608580623,0.8875935086546554,0.8733481182086194,0.8541773841923068,0.49802795212073714,0.5542157567283286,0.7592148952360362,0.7315605337936792,0.584453392916787,0.989734806019069,0.8385832488776671,0.7692647455442206,0.8046479448175343,0.8088965260521004,0.8046479448175343,0.8046479448175343,0.5903953662880699,0.7522449239219361,0.8525995732444294,0.8046479448175343,0.4775171432001919,0.4789283673626009,0.7482013197512769,0.926292034192095,0.45090359133849267,0.5122695144869356,0.9344117798491022,0.9612818577716805,0.5523909947309456,0.8570458956727542,0.9127495495455025,0.8645404905882983,0.7400229065382041,0.7444818995024092,0.5132528384544477,0.7587063512173249,0.8314271579725276,0.8190550279834294,0.8140289763712479,0.9951656839321389,0.7572568929822525,0.7878796807258952,0.9862248212412983,0.8831627867342262,0.9869964012269032,0.7395431143877942,0.65473083656493,0.7705071305682607,0.6902489554747524,0.8908481862011011,0.8668528731082834,0.9088294956035705,0.8591571271495144,0.8953792661065003,0.9263109427918849,0.5580058467014426,0.5684063269728779,0.8875935086546557,0.5918830964146959,0.7860990203693261,0.9450688408052832,0.6824674721723707,0.9365871288980401,0.5683398362388921,0.663890574549342,0.8821875241906421,0.43820369828958605,0.4616463438232338,0.9612818577716803,0.4127915646388185,0.9247919365880772,0.9030567650066141,0.7701076634372169,0.8046479448175343,0.7667375428754117,0.6973636896991846,0.9676706105860005,0.6177257615538687,0.8831627867342262,0.9267274517811553,0.829137094897159,0.42822117357753875,0.9139487299142952,0.5446754601684176,0.7963735388385422,0.48256951023540173,0.8177269779326579,0.8066001791321614,0.792136922033998,0.8314271579725276,0.7679842569794821,0.8256218566085434,0.8446725410342772,0.5734003526958853,0.7892146848879653,0.5634215168665362,0.7359248309474502,0.8143032300292852,0.515959516145255,0.6177257615538685,0.9560500854002986,0.918333937798738,0.8421998472171872,0.8991917165788905,0.432981603684238,0.7767625438275558,0.6037445389046006,0.8259696831286127,0.5205287948187396,0.47116097208097885,0.9197196988710052,0.857207016679506,0.8178422485024099,0.9759757141355434,0.7782703869753425,0.7676870022298585,0.9377937111577488,0.8809535926669148,0.8047231998460554,0.9189863565106487,0.7166698393778561,0.9918958517827535,0.8295864425972179,0.8926194277271782,0.8046479448175343,0.8793260242495605,0.5468551330457945,0.752136656554879,0.8813088468850985,0.8046479448175361,0.640795938392991,0.5545939466917291,0.8965073207478929,0.9407481393739898,0.524536485074331,0.9311327893874057,0.8980837014206907,0.7022927599574745,0.796753181093171,0.8972343139789662,0.46537525775435107,0.7360820137166026,0.7762402277161402,0.8541988282841948,0.8696643873833039,0.939158577970624,0.8812101379529149,0.892619427727178,0.9643637623654484,0.8848458065728255,0.9301516024075415,0.6997275203797972,0.8696643873833039,0.9184886671157672,0.7111502425089977,0.43800131726428226,0.8733481182086198,0.8615683059666511,0.7631344888106668,0.5123363139233283,0.5348726883830459,0.7983153216862559,0.8924353423190239,0.8123411346234961,0.7983153216862559,0.7983153216862557,0.9176223674647044,0.8046479448175343,0.9435517058943511,0.7990431157916684,0.8046479448175343,0.9581177946036821,0.999577205077154,0.839293063072188,0.7575505983588418,0.9395217193959409,0.9540732710535316,0.798315321686256,0.5818759030193572,0.6571641004939981,0.8215465550615189,0.6346907780935441,0.8046479448175343,0.8542447201585124,0.9391585779706239,0.7766053888926339,0.6840619413838058,0.618112915564478,0.8392930630721882,0.9872327239994372,0.7576462727878213,0.7667307468660673,0.9128152378045387,0.8253697077132103,0.8408484553252287,0.9694950795778736,0.7994554317005218,0.5349420191889147,0.8391969927171947,0.9414582284814822,0.8799836876763443,0.8182087630929487,0.9755939775759492,0.5225208736380238,0.8046479448175343,0.9184886671157672,0.5012185420128941,0.8470108069580577,0.5684571700444421,0.7940271515639385,0.9402541312719964,0.5766188937295179,0.792136922033998,0.5514378892283109,0.5138244115260263,0.8046479448175343,0.8046479448175343,0.8162760047352569,0.8098426110271316,0.9277328916000215,0.734466963078986,0.47047277784877695,0.49023513005406194,0.49082962006439157,0.51273707749492,0.8345915285598313,0.49178803653311776,0.8046479448175343,0.997254946261853,0.7667375428754117,0.8550872530468148,0.4791040319041515,0.7861013304270679,0.5668423744718669,0.8046479448175343,0.8046479448175343,0.4968390194573832,0.8822900688623265,0.4913598538598811,0.7087410003256687,0.5648954438152085,0.5833864485386024,0.8889769790213089,0.7801742980337476,0.619196348355008,0.6994663221356379,0.8046479448175361,0.67738643969022,0.5855878751919155,0.8366852611594691,0.8733481182086196,0.8215978427582159,0.9088663611264692,0.7630356778860854,0.767708035962958,0.8111507091583435,0.5640217894705968,0.8046479448175343,0.6366134241451675,0.9759757141355434,0.6130631660228902,0.8619820479608096,0.5191201199241526,0.9751853430800137,0.6514129270009819,0.7064048709863973,0.8318841922523379,0.943383467906792,0.5251809282274963,0.9960359344026932,0.9033582350995621,0.8210449877449244,0.7365058536917065,0.6656826122331494,0.8247446089328487,0.798315321686256,0.6816763408647415,0.9759755943229946,0.8256218566085436,0.9324745450850016,0.8550872530468149,0.8626807108381243,0.8550872530468149,0.9301516024075414,0.8374243451983652,0.7506198207975372,0.6486434204377411,0.8046479448175349,0.8320351042588818,0.7327466599103807,0.8111458079800901,0.6128527352290285,0.7074355634233964,0.7983153216862561,0.9602376815131912,0.6079914619194569,0.8111507091583436,0.47400064245221896,0.7968231824034544,0.7101694398453525,0.7391086410807837,0.8046479448175343,0.8685520159824125,0.9469488476903253,0.5830989400282325,0.8470108069580575,0.8531873485669539,0.7923026475436272,0.706537425605708,0.8046479448175343,0.544675460168417,0.45054800098914427,0.9511260025407943,0.5495634803466289,0.6366134241451675,0.578735324383133,0.7667375428754117,0.4416149394844542,0.6536353625654132,0.8208770819758944,0.7017441790991088,0.9012469203801523,0.809036726525241,0.9676837770879048,0.9474480078065406,0.9469488476903253,0.6747648993615125,0.8799836876763445,0.5607439286170859,0.7767625438275563,0.4642740191532073,0.8900284865412089,0.7983153216862559,0.5614867490881754,0.4810074763829679,0.9981081172714443,0.5805486300699549,0.5138097666050385,0.8046479448175343,0.5046214907413675,0.35543032055325696,0.9407481393739898,0.8046479448175343,0.5782498970337739,0.8314271579725275,0.7861013304270679,0.752244923921936,0.798315321686256,0.777621027641396,0.82424887424306,0.7648156017689527,0.8751887159614388,0.9154121164663434,0.9936490952329287,0.4275813859023976,0.8046479448175343,0.8261230110442048,0.8046479448175343,0.8392930630721881,0.8364733557074278,0.6603673846396418,0.8550872530468148,0.9943836152449761,0.7879325972866082,0.6684586237305834,0.6826906937528134,0.8046479448175343,0.7754122331766213,0.4746577761117232,0.6729533564178596,0.880953592666915,0.8812101379529145,0.8924353423190239,0.9420772133917097,0.991677998117483,0.9408192969574403,0.5880008637608498,0.4892853887852078,0.9408192969574403,0.662840121012723,0.7667375428754122,0.4435882395823221,0.9408192969574403,0.8550872530468148,0.8247790435515276,0.8698447141053749,0.8364085521462703,0.8421779795631059,0.9480026743690926,0.9965041039685566,0.8341893103438713,0.5847393041162676,0.7984460113483246,0.7612585357069439,0.7313982749191236,0.8812784060133263,0.8111458079800907,0.7227732916872913,0.8017941301933567,0.6294275323536369,0.8953799812876967,0.6606102984167459,0.618112915564478,0.9663432515440182,0.840497711631859,0.7878796807258952,0.7546950064894893,0.9565817872708449,0.9853150850244832,0.9853150850244832,0.7824919238028154,0.8295864425972177,0.7762402277161404,0.7724395133597411,0.7164349741463436,0.7479788809608705,0.796823182403454,0.6568336500093335,0.847066040342833,0.8657383107463044,0.7067253643153949,0.7684493465640942,0.7314354243366814,0.7546695083038526,0.9536498479679387,0.6503300638280218,0.9835846963562134,0.9951656839321389,0.8525995732444296,0.7972558073929421,0.736505853691706,0.8202692658181097,0.9530719851580218,0.8785682227813196,0.8757744382033952,0.9815951583399881,0.692164408709989,0.8707537423267789,0.8974867024478195,0.9995483982127144,0.8558529193819897,0.7575505983588415,0.8073382586859534,0.6241024780524285,0.7213663977490287,0.878500413236517,0.7887349126977763,0.7221574847580675,0.9470786205309831,0.9656001244211194,0.8310095946739628,0.6989453542273278,0.8830588503991513,0.6361305481684105,0.8785004132365171,0.5532310620690115,0.91273969317592,0.7762402277161404,0.6352318891920978,0.9237975636664639,0.928538719052406,0.8826723723783977,0.8614219766506912,0.8733481182086195,0.9846308577559919,0.8088965260521004
p44_Y,0.839322958760262,0.9540615556502023,0.6323557490634322,0.9393074128728371,0.9602211523225768,0.9704919301607371,0.8651489736914955,0.8402999971050358,0.9246724996449083,0.9688473520249221,0.33852203278982185,0.958931662684485,0.9589316626844853,0.9393074128728371,0.9299882837257998,0.9102521474185268,0.9564441004788364,0.9463456194504822,0.967275815149292,0.9688473520249223,0.9119161041777393,0.35410945952510064,0.9495505106234361,0.9615452872130623,0.36873595961657546,0.946345619450482,0.9564441004788364,0.934561854210183,0.9688473520249223,0.8240313055654187,0.9412650880954543,0.9643133649175286,0.9552408029353749,0.9364368411420323,0.9602211523225768,0.967275815149292,0.1898873839551799,0.9552408029353747,0.9704919301607371,0.945305581259918,0.9212094218042224,0.9473991727811975,0.9704919301607371,0.9317998283510542,0.9564441004788364,0.880532101349504,0.160128011110376,0.9220700353609517,0.4304236393274181,0.9152641503417578,0.9643133649175286,0.8822041938925773,0.946345619450482,0.9540615556502021,0.9552408029353747,0.9442782351269043,0.9442782351269041,0.960221152322577,0.7951128469173034,0.26399053386977545,0.9264265757108794,0.8677629859955867,0.9463456194504825,0.9212094218042224,0.9657671730030435,0.8625107065618558,0.9643133649175286,0.88718959219572,0.8271928774348509,0.967275815149292,0.9383422423783936,0.945305581259918,0.9602211523225768,0.8642723367835954,0.960221152322577,0.6496419940693374,0.9517679141853161,0.952904481298952,0.7748670087060179,0.9704919301607369,0.952904481298952,0.9484671409187437,0.9422586572762626,0.9463456194504822,0.960221152322577,0.9354957453078969,0.9517679141853161,0.8470108069580573,0.624891846679603,0.9589316626844855,0.960221152322577,0.9605021604012387,0.8677629859955867,0.8863615183906008,0.9422586572762628,0.9220700353609517,0.9582784585508064,0.6905052205881443,0.8589520903530734,0.8580546626695633,0.9442782351269043,0.9629078616894173,0.9602211523225768,0.8888428923892235,0.6924326497355207,0.04802371343395373,0.5714316619801889,0.8412722731891722,0.9506503681784946,0.8660229158723232,0.9028202028772292,0.9473991727811975,0.8488894389623103,0.5606698608677736,0.160128011110376,0.8303000077421603,0.9540615556502023,0.9672758151492922,0.9704919301607371,0.8888428923892235,0.9317998283510542,0.9102521474185263,0.9506503681784946,0.9412650880954538,0.9463456194504827,0.8084632097395303,0.1898873839551799,0.8913167644457043,0.958931662684485,0.9336347991328913,0.9003549758958831,0.9629078616894173,0.9643133649175286,0.9704919301607371,0.9564441004788364,0.9166835378272544,0.905289793832148,0.9643133649175286,0.12705000336722982,0.957673577027655,0.7963735388385413,0.0,0.8625107065618558,0.8995337970065291,0.9119161041777388,0.9299882837258,0.916106073886044,0.8763243374738701,0.945305581259918,0.8353653627728155,0.9688473520249221,0.9264265757108792,0.72384952256244,0.906939828196573,0.9643133649175286,0.9453055812599178,0.9177967406513872,0.9327142329596736,0.7218098922997103,0.9102521474185263,0.8488894389623104,0.9629078616894173,0.9484671409187437,0.8451155112420421,0.613022836133859,0.934561854210183,0.8913167644457043,0.6046145530539153,0.9422586572762623,0.878853978185034,0.9393074128728374,0.2414436519369626,0.9442782351269041,0.8763243374738702,0.7278474509001187,0.9044659624194147,0.9672758151492922,0.8987127601538671,0.9373855340691759,0.911083384858506,0.9308912761119588,0.9127504202483339,0.9442782351269043,0.958931662684485,0.8896682568954875,0.7278474509001187,0.8888428923892235,0.922933964066333,0.9540615556502022,0.940281523787128,0.9576735770276548,0.9246724996449083,0.7763027181373822,0.8353653627728155,0.9264265757108792,0.960221152322577,0.9615452872130623,0.9576735770276548,0.9220700353609514,0.7581058089268596,0.9152641503417573,0.958931662684485,0.960221152322577,0.6973391012353878,0.8353653627728155,0.9688473520249223,0.960221152322577,0.8694930837030934,0.9336347991328915,0.911083384858506,0.8880166939342048,0.9255474930154988,0.9589316626844853,0.960221152322577,0.88718959219572,0.960221152322577,0.7886533660780264,0.8737781800841435,0.8712137408638365,0.960221152322577,0.713362895241419,0.960221152322577,0.7689847172255944,0.9273099638694315,0.934561854210183,0.6794328770235862,0.9629078616894173,0.8208122474227111,0.957673577027655,0.382498250030858,0.9517679141853161,0.9264265757108792,0.8373542339687656,0.9364368411420323,0.9643133649175284,0.9212094218042224,0.9144243194673913,0.9238013891436971,0.9194974513125178,0.5305876036228901,0.9336347991328913,0.9564441004788367,0.9539382344839202,0.9576735770276548,0.960221152322577,0.9238013891436971,0.960221152322577,0.8507520507155968,0.9336347991328913,0.9643133649175286,0.9432628256129656,0.8208122474227111,0.9615452872130623,0.9327142329596734,0.368735959616575,0.916106073886044,0.952904481298952,0.8913167644457043,0.9629078616894173,0.8995337970065291,0.8995337970065291,0.8780124908814326,0.9589316626844855,0.9657671730030435,0.8660229158723232,0.9704919301607371,0.8694930837030932,0.7982162294178594,0.9473991727811975,0.8987127601538671,0.9435860820088227,0.9643133649175286,0.8813688685160486,0.8037353107676903,0.8208122474227111,0.04802371343395373,0.8660229158723232,0.9327142329596736,0.9484671409187437,0.922933964066333,0.04802371343395373,0.8838707840618651,0.8544317135025303,0.9657671730030435,0.9203519494821839,0.9393074128728369,0.9629078616894173,0.9364368411420323,0.8488894389623105,0.2639905338697759,0.9629078616894173,0.9629078616894173,0.8025315451453516,0.967275815149292,0.8025315451453515,0.8863615183906008,0.6528869819275365,0.8780124908814326,0.967275815149292,0.9602211523225768,0.9453055812599178,0.9576735770276548,0.9643133649175286,0.8451155112420421,0.9203519494821839,0.9629078616894173,0.9453055812599178,0.934561854210183,0.7846453476036259,0.929090574034799,0.9094222802137255,0.9110812357914191,0.8084632097395303,0.8712137408638363,0.9415831046189613,0.9688473520249221,0.9246724996449085,0.9688473520249221,0.5098945909109289,0.9336347991328913,0.929090574034799,0.9629078616894173,0.960221152322577,0.9643133649175284,0.9238013891436971,0.9463456194504825,0.04802371343395373,0.9657671730030435,0.9589316626844853,0.960221152322577,0.368735959616575,0.967275815149292,0.9704919301607371,0.5550366476795245,0.7748670087060179,0.9484671409187437,0.9643133649175286,0.8694930837030932,0.7674777878775858,0.9506503681784946,0.9552408029353749,0.8754775406461832,0.9629078616894173,0.9364368411420323,0.7886533660780265,0.9540615556502021,0.9299882837258,0.9704919301607369,0.8164251656078738,0.9364368411420321,0.8261452162494138,0.2847662815472136,0.9589316626844855,0.9383422423783936,0.9102521474185263,0.8488894389623103,0.8498227077519451,0.7805306707429402,0.960221152322577,0.8855324042412522,0.9354957453078971,0.9373855340691761,0.5170450674334837,0.9688473520249221,0.878853978185034,0.960221152322577,0.960221152322577,0.9453055812599178,0.9246724996449083,0.9289368665380613,0.960221152322577,0.9688473520249221,0.9602211523225768,0.9393074128728371,0.613022836133859,0.8353653627728155,0.9602211523225768,0.9402815237871278,0.9517679141853161,0.7628646596352009,0.7925608625062857,0.960221152322577,0.6652418819848938,0.9345618542101832,0.8250913965285305,0.8271928774348507,0.47834154602285484,0.8978917837274154,0.9629078616894173,0.8402999971050358,0.960221152322577,0.8037353107676902,0.9463456194504827,0.717645646678774,0.8668942308995706,0.9615452872130625,0.7644180926980217,0.9552408029353749,0.960221152322577,0.9186457666042602,0.8470108069580574,0.960221152322577,0.9402815237871278,0.839322958760262,0.748110118524763,0.7846453476036258,0.8451155112420419,0.960221152322577,0.8271928774348508,0.88718959219572,0.9657671730030435,0.7317415111829086,0.7846453476036259,0.9273099638694313,0.9281978840490723,0.9186457666042602,0.160128011110376,0.9203519494821839,0.911083384858506,0.9495505106234361,0.8847021819311647,0.9011763798631669,0.6924326497355204,0.9495505106234361,0.12705000336722982,0.9463456194504827,0.960221152322577,0.967275815149292,0.922933964066333,0.8535173013518571,0.952904481298952,0.45093057044805407,0.957673577027655,0.8422398757411216,0.9615452872130625,0.957673577027655,0.952904481298952,0.9602211523225768,0.9540615556502021,0.67107401371435,0.9246724996449083,0.967275815149292,0.8796938264815499,0.9688473520249221,0.9540615556502021,0.9495505106234361,0.80009670401081,0.9517679141853161,0.9688473520249221,0.801318733339438,0.934561854210183,0.9152641503417578,0.9473991727811975,0.9517679141853161,0.6396684921237505,0.9629078616894171,0.9364368411420323,0.9212094218042224,0.6766962233105791,0.9484671409187437,0.9212094218042224,0.952904481298952,0.9412650880954543,0.9120142963323283,0.8218918489040501,0.9255474930154988,0.9564441004788364,0.8544317135025303,0.6359637717025534,0.9393074128728371,0.9484671409187437,0.9495505106234359,0.7819144786593126,0.9529044812989518,0.7317415111829089,0.948467140918744,0.5305876036228901,0.8072939885273205,0.9629078616894173,0.878853978185034,0.776302718137382,0.9354957453078967,0.9212094218042224,0.9672758151492922,0.7886533660780264,0.9152641503417576,0.9657671730030435,0.934561854210183,0.9564441004788364,0.9564441004788367,0.9643133649175286,0.9672758151492922,0.9412650880954538,0.7719543387042522,0.9317998283510545,0.2414436519369626,0.9589316626844853,0.8616255760827234,0.9273099638694313,0.9564441004788367,0.899533797006529,0.960221152322577,0.0899773489975646,0.960221152322577,0.960221152322577,0.8580546626695633,0.9495505106234359,0.9364368411420319,0.960221152322577,0.8507520507155968,0.8729254856107436,0.9336347991328914,0.8847021819311647,0.6652418819848938,0.7951128469173034,0.9246724996449083,0.9238013891436969,0.874628843297669,0.9552408029353749,0.911083384858506,0.9657671730030435,0.9354957453078971,0.8261452162494138,0.88718959219572,0.46960594704379566,0.9552408029353747,0.957673577027655,0.8153105908663694,0.9657671730030435,0.6170740393614338,0.160128011110376,0.9220700353609517,0.9517679141853161,0.9473991727811975,0.9495505106234361,0.8813688685160486,0.47834154602285495,0.9264265757108794,0.9495505106234361,0.9373855340691764,0.9629078616894173,0.9517679141853164,0.9615452872130625,0.53700984107966,0.8880166939342049,0.874628843297669,0.9643133649175286,0.8880166939342049,0.9564441004788369,0.8197259030030241,0.6394934767982309,0.958931662684485,0.8250913965285305,0.9422586572762626,0.9704919301607369,0.7951128469173034,0.8796938264815499,0.9238013891436971,0.7976242880027448,0.9517679141853161,0.9273099638694313,0.9077662249784122,0.960221152322577,0.12705000336722982,0.9345618542101832,0.9602211523225765,0.8913167644457043,0.9517679141853159,0.9576735770276548,0.4604793289250779,0.7644180926980217,0.9495505106234361,0.8470108069580575,0.9688473520249223,0.8072939885273205,0.952904481298952,0.8954284206508372,0.957673577027655,0.9552408029353747,0.8607374764874871,0.9336347991328913,0.9484671409187437,0.8186326921786735,0.9061143838323407,0.7899667439060205,0.892962784146768,0.9364368411420319,0.8677629859955867,0.713362895241419,0.9412650880954536,0.9688473520249223,0.9506503681784946,0.9615452872130625,0.7531912628431031,0.9238013891436971,0.916106073886044,0.9589316626844855,0.8049301978061498,0.7498230589346039,0.9704919301607371,0.9052897938321478,0.9629078616894173,0.9354957453078971,0.5239374893790811,0.9473991727811972,0.922933964066333,0.46960594704379566,0.9506503681784946,0.9203519494821837,0.952904481298952,0.9589316626844853,0.12705000336722982,0.9704919301607371,0.960221152322577,0.9364368411420321,0.8946068956234312,0.7938420202985803,0.9373855340691761,0.960221152322577,0.9085936746436278,0.8625107065618558,0.9264265757108794,0.9393074128728374,0.5864372529524398,0.9152641503417578,0.9069398281965728,0.8323426158492522,0.9432628256129656,0.9264265757108792,0.8830381436111514,0.9144243194673913,0.0899773489975646,0.5911651455979094,0.9442782351269041,0.9629078616894173,0.9872125588573133,0.9704919301607371,0.9432628256129654,0.9576735770276548,0.9704919301607371,0.9540615556502023,0.9442782351269043,0.9602211523225768,0.8763243374738701,0.6560672089274779,0.967275815149292,0.9602211523225768,0.9517679141853161,0.8186326921786734,0.8451155112420421,0.9589316626844855,0.9643133649175286,0.9564441004788367,0.9589316626844855,0.9589316626844855,0.9364368411420322,0.960221152322577,0.9564441004788367,0.9273099638694314,0.960221152322577,0.9484671409187437,0.9144243194673913,0.9672758151492922,0.160128011110376,0.9657671730030435,0.9615452872130623,0.9589316626844855,0.8049301978061496,0.8888428923892235,0.9495505106234361,0.8754775406461834,0.960221152322577,0.9273099638694313,0.9629078616894173,0.9484671409187437,0.8383410681534726,0.5661318951050305,0.9672758151492922,0.9615452872130625,0.9506503681784946,0.9336347991328913,0.9506503681784946,0.21685393635072725,0.9336347991328915,0.9383422423783936,0.9412650880954538,0.7531912628431031,0.952904481298952,0.967275815149292,0.945305581259918,0.160128011110376,0.9273099638694313,0.8763243374738701,0.960221152322577,0.9602211523225768,0.6622425140054534,0.9688473520249223,0.8729254856107436,0.2847662815472135,0.952904481298952,0.8625107065618558,0.957673577027655,0.8363623635331231,0.8313241234502098,0.960221152322577,0.960221152322577,0.9327142329596736,0.7644180926980217,0.9238013891436971,0.8479521653438946,0.878853978185034,0.8553425819761737,0.751516626355742,0.8432028922570698,0.9473991727811975,0.8535173013518571,0.960221152322577,0.9220700353609517,0.12705000336722982,0.9704919301607371,0.8677629859955867,0.04802371343395373,0.8677629859955867,0.960221152322577,0.960221152322577,0.8229648286294506,0.9602211523225768,0.8292701652671426,0.35410945952510076,0.8880166939342049,0.9212094218042224,0.9432628256129656,0.6046145530539153,0.8703545592670814,0.8830381436111512,0.960221152322577,0.9336347991328913,0.8571539835218493,0.1898873839551799,0.9672758151492922,0.911083384858506,0.8498227077519451,0.9299882837258,0.9354957453078969,0.9615452872130623,0.717645646678774,0.960221152322577,0.8642723367835954,0.9354957453078971,0.9212094218042224,0.6873637368733326,0.8946068956234314,0.9540615556502023,0.9255474930154988,0.7278474509001187,0.9657671730030435,0.8970707874646666,0.8921400493540419,0.9564441004788364,0.9688473520249221,0.9393074128728371,0.9463456194504822,0.8535173013518571,0.9643133649175286,0.9589316626844855,0.679432877023586,0.9442782351269043,0.933634799132891,0.9383422423783936,0.9704919301607369,0.9336347991328913,0.9704919301607371,0.9704919301607371,0.5911651455979093,0.9373855340691764,0.9186457666042598,0.9602211523225768,0.9688473520249221,0.35410945952510076,0.9517679141853159,0.7628646596352009,0.9552408029353749,0.9589316626844853,0.9442782351269043,0.9169502243571077,0.9615452872130621,0.8186326921786735,0.9354957453078971,0.8616255760827234,0.8441614090406863,0.960221152322577,0.9152641503417578,0.9602211523225768,0.8353653627728155,0.9688473520249221,0.9473991727811975,0.9484671409187435,0.7238495225624398,0.960221152322577,0.8470108069580575,0.7951128469173033,0.9484671409187435,0.8479521653438946,0.8642723367835954,0.8535173013518569,0.12705000336722982,0.8607374764874873,0.7428504253927597,0.8479521653438946,0.7988652819601503,0.9495505106234361,0.7463773490800727,0.9704919301607369,0.9495505106234361,0.9602211523225768,0.6088711804928678,0.945305581259918,0.8737781800841435,0.9238013891436971,0.7899667439060205,0.960221152322577,0.9589316626844855,0.8763243374738701,0.8913167644457043,0.6170740393614333,0.8250913965285305,0.806116370237383,0.960221152322577,0.8343631361686954,0.7089549861069411,0.9393074128728371,0.960221152322577,0.874628843297669,0.9552408029353747,0.04802371343395373,0.9495505106234361,0.9589316626844855,0.8796938264815499,0.9463456194504826,0.613022836133859,0.9442782351269043,0.9281978840490721,0.9495505106234361,0.7873288227034383,0.960221152322577,0.9432628256129656,0.960221152322577,0.9672758151492922,0.8694930837030932,0.9094222802137253,0.9704919301607371,0.9422586572762626,0.8451155112420419,0.9255474930154988,0.48671412029599725,0.960221152322577,0.8686292480608159,0.8598463380089292,0.7336512181244037,0.9412650880954536,0.9336347991328915,0.9643133649175286,0.9412650880954543,0.9402815237871283,0.9345618542101832,0.916106073886044,0.8061163702373831,0.9345618542101832,0.9393074128728374,0.9643133649175286,0.6528869819275365,0.9345618542101832,0.9704919301607371,0.9463456194504827,0.9615452872130623,0.6528869819275347,0.9589316626844853,0.9402815237871283,0.9484671409187437,0.9152641503417576,0.5305876036228907,0.9495505106234359,0.9327142329596738,0.945305581259918,0.9589316626844853,0.9517679141853161,0.852599270700573,0.4867141202959977,0.922933964066333,0.8694930837030934,0.9308912761119588,0.9281978840490723,0.945305581259918,0.9615452872130623,0.160128011110376,0.922933964066333,0.9169502243571084,0.4509305704480545,0.9432628256129656,0.9220700353609514,0.12705000336722982,0.0899773489975646,0.9011763798631669,0.942258657276263,0.8954284206508372,0.9354957453078971,0.46960594704379555,0.8847021819311647,0.9506503681784946,0.9402815237871283,0.21685393635072703,0.8720706944005914,0.9044659624194147,0.5432174550024127,0.9220700353609514,0.8822041938925773,0.9657671730030435,0.9364368411420323,0.9028202028772292,0.946345619450482,0.9564441004788364,0.4604793289250779,0.9212094218042224,0.8995337970065291,0.8119220126818758,0.33852203278982185,0.8780124908814326,0.9589316626844853,0.9085936746436276,0.8607374764874876,0.9629078616894173,0.1898873839551799,0.911083384858506,0.9432628256129649,0.9629078616894173,0.9203519494821839,0.8929627841467678,0.863392937194817,0.9576735770276548,0.26399053386977656,0.8686292480608158,0.9484671409187437,0.9238013891436971,0.9629078616894173,0.8896682568954875,0.3954799223160358,0.0899773489975646,0.916106073886044,0.9473991727811975,0.9615452872130623,0.9688473520249221,0.9102521474185268,0.967275815149292,0.8580546626695633,0.0899773489975646
p45_F,0.9418321781117143,0.7972549794048318,0.9614445143545343,0.7726701555174715,0.7978424092993638,0.86976889809915,0.7536264313158632,0.7335871219364698,0.48664371360298264,0.8625107065618558,0.7921483401510494,0.7577630226857434,0.7577630226857437,0.7524045539759372,0.9637451556119987,0.8969690284060623,0.9149332184487946,0.8784884989733811,0.9946431408472549,0.9353250363666972,0.9208363590634634,0.8116397691515889,0.9188470353730347,0.8302837275767865,0.7822000230606596,0.6097559365692993,0.8077701178076948,0.6578814475552834,0.8625107065618562,0.6097501260140112,0.6768063601649339,0.8366850085963902,0.7267619483447606,0.7331716311016792,0.7978424092993639,0.855574875783836,0.8902048861603427,0.8024594768253053,0.8697688980991498,0.7806525915213933,0.9536184953670948,0.9727612047385188,0.9847195507103004,0.7634598754416531,0.8881424432885199,0.7815114106963608,0.8362973223813348,0.5681175395425571,0.7586113066985587,0.6552203442592563,0.8745818404295127,0.7905390244086195,0.6321503167696396,0.8995157059831189,0.9098425052230693,0.8409043502291773,0.7540772107829421,0.8244397822834253,0.5557942004734377,0.8956389981350417,0.535069130507076,0.7914285096433455,0.8527789386225375,0.9124466908183646,0.8489166250019227,0.6170097087378632,0.8745818404295129,0.9897520077355594,0.8357156533349117,0.855574875783836,0.7278792628749624,0.8247351611670639,0.9721737054919227,0.5157570037259942,0.8244397822834253,0.9332760101188498,0.8851624535983151,0.8171661217546866,0.6096156607351029,0.8697688980991498,0.842183903358324,0.934708531985472,0.7451639931344709,0.6993334573706613,0.8244397822834253,0.7153165147159797,0.8851624535983154,0.7812340752774908,0.9944775784366953,0.8469812896824729,0.8244397822834253,0.6260262656416014,0.8059845711411475,0.7348184136072597,0.9349531092475738,0.8753166138816231,0.6186218983860292,0.9699837861448968,0.4213532702362881,0.4652516537227045,0.8626111350907364,0.8362973223813353,0.8244397822834255,0.7305350740866396,0.6684625072205972,0.8555748757838357,0.6791893351865192,0.5098183656239306,0.7852492227378114,0.543148628786037,0.5858555644402983,0.8361545194120006,0.4937945058628257,0.6870478913426772,0.8672605145480654,0.5889508760342987,0.822820161049403,0.8903419420496905,0.8697688980991496,0.4126382742873942,0.9673525348916865,0.6039062602675376,0.7822000230606598,0.7407789686331632,0.7632014178211766,0.3572094219229066,0.8302837275767867,0.7994902074933242,0.8469812896824731,0.9902272550109921,0.2898090011928598,0.836297322381335,0.8425003792101684,0.9847195507103002,0.8077701178076948,0.8259609717368672,0.9559411073676465,0.8425003792101688,0.8425003792101684,0.840677197630187,0.7025300762771636,0.8625107065618558,0.0,0.5566018248260676,0.6268470996568865,0.5089665848722053,0.7112716103753842,0.39219470226351183,0.8908590156355689,0.6232251069414347,0.862510706561856,0.5526166924001394,0.5707875304629881,0.6252477976872692,0.8425003792101686,0.6242327182620586,0.6534864093723347,0.8663399748929981,0.777878405709396,0.6347549727031718,0.5096860733592632,0.9291868988815262,0.8420548303228412,0.7910939685450606,0.9748180097071371,0.7303137731952762,0.9213563064090532,0.9626722459988174,0.8506023909750837,0.7866982834688335,0.8739981632251432,0.8187487405659171,0.7466667374011988,0.5867709170740929,0.6588613623898316,0.771892264141314,0.9598760745814001,0.8994310104775964,0.8620973345363772,0.9642951683360697,0.9336198473017021,0.6320884069600053,0.8843179199522953,0.8706932191519672,0.9184874900106053,0.5494099668122943,0.39881848958374977,0.9147765446344605,0.7972549794048319,0.798018562522496,0.8956389981350417,0.8146097523220854,0.8082766207407623,0.6021631563977874,0.7103857080912386,0.8244397822834253,0.8602443068685643,0.9506007986398965,0.9427791407392978,0.9682099188664519,0.5913311540282213,0.9553908665016351,0.8244397822834253,0.8894180833236711,0.5272007302693249,0.862510706561856,0.8244397822834253,0.8720438167833255,0.5740569099235251,0.5238887210797978,0.6952227028311615,0.7062149995195919,0.8187487405659171,0.8244397822834253,0.6531863670507603,0.8244397822834253,0.738559731348545,0.8380523226379029,0.8635082586156622,0.8244397822834253,0.5622097443103443,0.8244397822834253,0.7536264313158634,0.7013787395027867,0.7111948738437315,0.9250939534994769,0.8362973223813355,0.5318672696235408,0.840677197630187,0.8480964700748992,0.8116397691515891,0.7630283937704254,0.4422902013886193,0.8954065866934644,0.8425003792101686,0.7527162746452845,0.8855688794028941,0.9890833329425415,0.8757854696643133,0.8767262518053178,0.5362232421882999,0.8613516681282445,0.6501793289209887,0.7745901988358304,0.8244397822834253,0.9252906766304744,0.8244397822834253,0.42978288206316817,0.7260202369748257,0.9650108534737667,0.9848788171014369,0.5692621534835545,0.8302837275767865,0.6229463701382676,0.7822000230606594,0.6940333698243002,0.8922194665655985,0.39096468282357044,0.8362973223813353,0.6290782672865967,0.6896431735844291,0.7522846168162194,0.8187487405659168,0.9177099217510476,0.8357274121306635,0.8697688980991498,0.46793227600576326,0.9715259093672957,0.9499934238507661,0.4654056055656469,0.596844917029558,0.8745818404295131,0.7832532688160446,0.9359677756871432,0.6080504015961545,0.8555748757838357,0.4008077214961143,0.7165592950439322,0.7957279794915257,0.9997433028452847,0.8555748757838357,0.6846533623608811,0.5760200382952079,0.8489166250019227,0.9692169606555031,0.752404553975937,0.8362973223813355,0.8367610421348026,0.4811803359795608,0.8956389981350417,0.8982237067147956,0.9291868988815264,0.617294081827851,0.855574875783836,0.567466529115338,0.6389791162009297,0.9586664532773301,0.8080346664927767,0.9598760745814001,0.8244397822834255,0.7806525915213935,0.81319629737776,0.8425003792101688,0.48941254446252436,0.869485939222925,0.8362973223813353,0.88872813613608,0.8490704410707339,0.6412108373593397,0.9392600776936397,0.7554186789216624,0.7590282225786589,0.7073553651237123,0.5606326100049932,0.5747825396330289,0.862510706561856,0.6074733068152849,0.862510706561856,0.8954065866934644,0.9145599195405433,0.7591085160143807,0.9911132832149869,0.8244397822834253,0.7404406249383579,0.7493305597469875,0.7632014178211766,0.8555748757838357,0.9510489865006231,0.8187487405659171,0.8244397822834253,0.8302612179719406,0.9358227266210354,0.8697688980991498,0.7637392640715233,0.7358275225057862,0.7725645540758679,0.9970923146931109,0.6895418306257171,0.7063265873216433,0.8542918154275816,0.6744532178081023,0.6885646920258641,0.9601500910482565,0.6745260865430172,0.8054504792412187,0.6658762060591602,0.6726077688598655,0.8697688980991498,0.5379277266164775,0.7194699530174791,0.5083307113027862,0.8077701178076944,0.8187487405659168,0.9480551748465762,0.650179328920989,0.5568653552791488,0.4380274805502463,0.6670303895323335,0.8244397822834253,0.3585504872596025,0.908609301647284,0.763211324422731,0.8312921868747623,0.8462319742187792,0.7065588190286336,0.8244397822834253,0.8244397822834253,0.9569828701040739,0.9782538021711138,0.6517078517154062,0.8244397822834253,0.8989178714642765,0.8244397822834255,0.7524045539759372,0.9921711436119217,0.552188205645479,0.8534949983155187,0.7364380996992961,0.860654892116073,0.7194590426477068,0.6402414586661271,0.8244397822834253,0.9669148384465747,0.7303137731952765,0.5380016865162957,0.5783669736552821,0.7569649206403628,0.6356181880561258,0.8982237067147958,0.4898042014129961,0.8244397822834253,0.6378828142496447,0.8079901782218568,0.6411941620919016,0.9133707298938913,0.9501260447438982,0.7410511970741303,0.8286138420936351,0.8244397822834253,0.8180982022068226,0.5923673014560225,0.8244397822834253,0.8801258462867625,0.6074995737603188,0.7856737185018321,0.6539218737324597,0.4642724257889794,0.8244397822834253,0.7404292257643774,0.6738898008157659,0.9822728840002255,0.6503346605400573,0.5395225463743802,0.8252651245649245,0.5491774293022447,0.6737356265011019,0.836297322381335,0.9193514499392139,0.39981208821091685,0.9424305571390801,0.3927855913203021,0.6369475391766992,0.8849954790240344,0.9188470353730345,0.8425003792101682,0.7855957980215169,0.8244397822834253,0.8903419420496905,0.94876324791879,0.6700710046886177,0.7575315909834784,0.8351532582297652,0.8131962973777598,0.6800048040629905,0.8602443068685641,0.8131962973777598,0.8171661217546866,0.8244397822834255,0.8483853426939749,0.9409836781765604,0.6848105043698118,0.9358227266210354,0.36600338782799424,0.9918606338284619,0.819267295926592,0.8480964700748992,0.7080781231818869,0.8361473306338307,0.8989178714642767,0.8100292151060131,0.6578814475552839,0.8336661338924642,0.8133867385242475,0.698209001203569,0.7664557578323841,0.9911132832149869,0.7585669827232531,0.7024907194648318,0.6992267988654157,0.8883816811541567,0.6613189149161005,0.9576738438125775,0.614404788250444,0.512685022614094,0.5147304372104899,0.741019163857106,0.8881424432885199,0.6775849866029958,0.63819431107101,0.9638770244425825,0.8652182557384993,0.8245129483088542,0.6626629936749304,0.9922905929801478,0.8674814285724052,0.9347085319854722,0.7638539047100499,0.46169657438993283,0.8362973223813353,0.9336206349425331,0.7826463951612759,0.850621465567893,0.9124466908183648,0.9705897928868902,0.7041194149278338,0.7031372369325337,0.8822556897514986,0.7876704712499112,0.8345608929679698,0.8077701178076948,0.9708262240875452,0.8555748757838357,0.7407789686331632,0.7060947680345295,0.9488168385780463,0.8469812896824731,0.9034463879155852,0.5839467659602359,0.8561698852752897,0.8345608929679691,0.7305452867313376,0.8244397822834253,0.8489166250019229,0.8244397822834253,0.8244397822834253,0.4014488627855757,0.7773459047767644,0.739018467870366,0.8244397822834253,0.47060268378247727,0.325453751780969,0.8206044063128866,0.6272500430228589,0.9367046633453779,0.6818181309125326,0.6675491339109119,0.6637045693200023,0.27293562457448317,0.8547682073619645,0.9177664310102399,0.9489338192506498,0.5888294523313282,0.8199547434695638,0.522825267071517,0.7407789686331632,0.9359968704913989,0.8956389981350419,0.8793826544625135,0.8822556897514986,0.7065205407780097,0.836297322381335,0.7909884553095283,0.9586851380450416,0.9955289856262721,0.8952635136069895,0.6217301888418101,0.7774917415814295,0.46487888293482704,0.7981507034344237,0.9016517385818354,0.8231075637846319,0.8851624535983154,0.8302837275767863,0.9838793452579366,0.447255594196456,0.789880309668876,0.8745818404295134,0.9741544856558995,0.8613516681282447,0.8401598424468976,0.8868737206087556,0.8187487405659171,0.6127859925378658,0.8084270318388385,0.9080857823028665,0.6566133448247138,0.366003387827994,0.869206946344764,0.6351320866527748,0.8116397691515886,0.8738679402841667,0.7238837120286823,0.8244397822834253,0.8425003792101682,0.7534759443130084,0.9431184894598297,0.8274055561030864,0.8207468086147786,0.8570328995931121,0.7662516727025932,0.5981977741266922,0.8480964700748994,0.4538650006536121,0.7734176444139376,0.5242548335981807,0.9422550297728733,0.651522564958901,0.8131962973777598,0.9593856684352828,0.9994966874130916,0.7827707385776614,0.7725645540758677,0.9401453519013415,0.6327789708634148,0.6364015054616805,0.8258600296066925,0.7585669827232535,0.6226017370691005,0.7855325331884428,0.9680136957658859,0.8625107065618562,0.8542918154275814,0.7802287416300999,0.7853695892650736,0.8396646862034898,0.7916358022402922,0.8469812896824729,0.645905497153345,0.7150239032526198,0.9847195507103004,0.9393568882947506,0.8850339481180927,0.8312921868747625,0.7494326725468214,0.7995609863839505,0.9147765446344605,0.7615794926046597,0.9054022100160134,0.9525951237500734,0.707496027776203,0.931678937032141,0.8425003792101684,0.9080857823028667,0.8244397822834253,0.8563095569876902,0.832163720971625,0.5947078649289426,0.7829885264454601,0.8244397822834253,0.533562069681144,0.6759999999999995,0.7982825589030138,0.752404553975937,0.995515172630014,0.6899154558726359,0.7309834105414583,0.9215003612529244,0.8779319893359574,0.8858613270218627,0.43350861646575956,0.9715600777392772,0.8489166250019227,0.663704569320003,0.7540772107829419,0.8672605145480656,0.7071034031072134,0.9080857823028665,0.9421000859952446,0.8406771976301872,0.9080857823028665,0.8483853426939749,0.7974907805060594,0.8244397822834255,0.8387144655492291,0.9837780059925301,0.7967544615576163,0.8559528413635503,0.9677921775082317,0.5785690352877348,0.4517023664522073,0.8187487405659168,0.9066633016488572,0.8077701178076941,0.8187487405659168,0.8469812896824729,0.9540521312521263,0.8244397822834253,0.8613516681282445,0.7499815552220275,0.8244397822834253,0.7725645540758681,0.6381943110710102,0.9358227266210353,0.836297322381335,0.9822728840002257,0.9300316380889899,0.8469812896824729,0.5958017115629883,0.4817371978056184,0.6566495728381526,0.6102662104651178,0.8244397822834253,0.6791893351865192,0.8672605145480656,0.8652182557384991,0.5123479745947992,0.6831080877184379,0.8555748757838357,0.8302837275767865,0.929432807471654,0.8395212401804979,0.8302612179719411,0.8244397822834253,0.8395212401804988,0.7679112468698013,0.8655821124621421,0.6219496602905931,0.8922194665655987,0.9251090083155455,0.7586113066985587,0.836297322381335,0.7145854452042733,0.3258937684542651,0.8244397822834253,0.9116054303797048,0.9421164858106637,0.862510706561856,0.8202957019577766,0.8077701178076944,0.8171661217546866,0.43704854368931934,0.8131962973777598,0.5847683989521029,0.49679951158579705,0.8244397822834253,0.8244397822834253,0.890266420352271,0.5722244244998853,0.6808297674053994,0.694420523956442,0.41271411608123354,0.7301880919711787,0.7502809829467643,0.49966776313849215,0.7906189576364939,0.5052214381738845,0.8244397822834253,0.8584509821672033,0.8425003792101682,0.8697688980991498,0.7280645222607267,0.8555748757838357,0.4018282652412425,0.8244397822834253,0.8244397822834253,0.5474321463298333,0.8244397822834255,0.5064574138583033,0.860654892116073,0.767515228460312,0.9794140977256349,0.8565426237828608,0.719232571191649,0.5403240270145266,0.7680063435457756,0.8244397822834253,0.707103403107213,0.4962659905549872,0.8602443068685646,0.9358227266210354,0.9953143265532902,0.9559027808522998,0.6910098489658958,0.7153165147159799,0.780228741630099,0.8874071804463031,0.8244397822834253,0.34810895376485207,0.7153165147159795,0.6613189149161003,0.6766781705845515,0.8463211644880351,0.9215280225048794,0.6151037958988794,0.5357594724881929,0.8510317922518961,0.48048996265674393,0.4536024311381136,0.9953055439296195,0.862510706561856,0.9638770244425825,0.9423564594238978,0.4164562869736431,0.8425003792101684,0.8187487405659168,0.4849262394410786,0.9711450593985316,0.8206044063128859,0.9918968491611655,0.9386466808822661,0.8016875724452739,0.9386466808822662,0.8236960282711154,0.6808297674053996,0.9599078472590598,0.49024905943773944,0.7397319772351776,0.9353250363666972,0.8116397691515886,0.7472241241680523,0.49827311480388503,0.7267619483447614,0.7012979244526318,0.9711450593985316,0.6871279393957657,0.8302837275767869,0.5611286941488545,0.9279385803404143,0.3272578182115663,0.38151115686228976,0.8244397822834253,0.6579708607571186,0.9140632734277364,0.652138107150096,0.8625107065618558,0.8450965481594563,0.6715132359483462,0.6669195064820559,0.8244397822834253,0.5168205919274353,0.6440109517808041,0.9347085319854724,0.448616749057711,0.5415490114123231,0.467179230516638,0.842500379210168,0.397186386295167,0.9736903671626332,0.6628574308041713,0.6432533613001818,0.8009294265428091,0.4977728069068439,0.8697688980991498,0.8480964700748994,0.8244397822834257,0.6983463012359021,0.8688177308127338,0.30585326005361724,0.7150801635761941,0.6490540603073685,0.9697158624438911,0.8187487405659168,0.3524141419779636,0.8413632304079677,0.6737356265011021,0.5753938395270808,0.603830992015741,0.8244397822834253,0.5321076895981418,0.8508706227697405,0.7321389524344029,0.8244397822834253,0.5501309116292643,0.9593856684352828,0.8555748757838357,0.7773459047767644,0.8469812896824729,0.8037976283158352,0.7889109781720209,0.6612149662381952,0.8626111350907364,0.9687692906874852,0.8480964700748994,0.6705307292524509,0.8244397822834253,0.9081743551330836,0.8244397822834253,0.8555748757838357,0.6586653616685392,0.4179085064576744,0.8697688980991498,0.8927777501113285,0.9575048447194914,0.5977017137301223,0.7929357570590059,0.8244397822834253,0.9682784709845453,0.5180682908148267,0.6868044750723725,0.8447815884906456,0.9334767534081556,0.906663301648857,0.9056121238513962,0.9417063091099622,0.8259082699530016,0.47017903478066225,0.6038309920157405,0.8259082699530016,0.7929357570590059,0.8425003792101688,0.943242097059513,0.8259082699530016,0.8697688980991498,0.9647508396242381,0.7802287416300991,0.6193306164853547,0.8469812896824731,0.859599025345696,0.8188914049071836,0.5913311540282205,0.7827707385776628,0.9160683122646492,0.548056030213735,0.8446455664904102,0.814228120918856,0.9922997389904739,0.8145580295835847,0.7321389524344031,0.9657565995609547,0.7547211113962913,0.9886870917707162,0.9419615833846879,0.8247351611670637,0.9201654654521199,0.8362973223813348,0.660389664311418,0.9621249848534397,0.8440062584737964,0.749595796017382,0.6355800664002322,0.842500379210168,0.8489166250019229,0.7831401967588316,0.6011179402537313,0.8369020850411326,0.8207807966488911,0.7823800165761563,0.7361349725402855,0.9023530103388626,0.6682840930097755,0.8244397822834253,0.56788973425503,0.9803014218639383,0.717540627776444,0.5006550126848816,0.993516781172079,0.8822556897514984,0.7976640124290282,0.836596982440561,0.6321503167696396,0.8881424432885197,0.8084270318388385,0.9201347919134597,0.8030217291918669,0.5811946903104075,0.7921483401510494,0.8480056407374132,0.9034463879155852,0.8560160466160134,0.6416801544741022,0.8672605145480656,0.8902048861603427,0.554907879297018,0.5873338718366439,0.9601500910482565,0.8811865071956295,0.6290873832271311,0.7060947680345286,0.8681580978826144,0.8681580978826144,0.5779503630248608,0.9115451065698141,0.9548329367717479,0.8982237067147958,0.4470888325488096,0.7725645540758679,0.8822556897514986,0.4219605196617169,0.9272256429630128,0.890204886160342,0.8625107065618558,0.6711489974950606,0.8555748757838357,0.6797909477197601,0.8489166250019227
p45_L,0.8770873603114688,0.802205538712032,0.8229892815659995,0.8986476870566932,0.9044788524275962,0.9480457155580746,0.8085199592985984,0.8087798731575153,0.776536303189459,0.8995337970065291,0.9609642629291475,0.8675560447816311,0.8993926091805273,0.7615320920257624,0.9387375297854066,0.9241734168153204,0.9803767087982627,0.8699959905033655,0.8310976547093887,0.9816432122925511,0.7212461542378537,0.9068222102205281,0.8967571710011213,0.9097700783194735,0.9423651274969923,0.8269664944023669,0.7175158778168523,0.8967618383232809,0.9773020800644382,0.8085427990310952,0.9044051856928925,0.8849118467483819,0.8851462416270439,0.9934067875150872,0.9044788524275964,0.8310976547093887,0.8759848927128513,0.7019504873874808,0.9048375041252172,0.6792884599876813,0.6122099678994208,0.8303641671418636,0.9048375041252172,0.8218605526253513,0.9894125498632487,0.5980723015232088,0.950210721158117,0.7486785825409106,0.7289983732370735,0.7987747811961463,0.8849118467483819,0.5276007270232567,0.8269664944023669,0.8518501194844417,0.8556531508423675,0.6411901115551185,0.739101136349229,0.8717146038820363,0.8792696538627636,0.8634987624252985,0.8220910408244115,0.9396523385363275,0.9205022430190771,0.9709114698674371,0.6592602688569672,0.7740311522076553,0.8618504979011915,0.7445940368276598,0.8363189746384772,0.8703028975503371,0.6797082236838208,0.5550136768642009,0.9044788524275964,0.6349942122982382,0.8717146038820363,0.8844956663331993,0.796277950661369,0.6158644825800623,0.6695299008702953,0.8359132272776385,0.8763300120309894,0.9905303890102877,0.877078765723415,0.8269664944023671,0.8717146038820363,0.6413084611449196,0.9897304048898968,0.9183697361536813,0.8051324737916428,0.8675560447816315,0.8717146038820363,0.4807758145412734,0.5477907274045486,0.7415934873032608,0.8613454224700128,0.8437716200111423,0.531339088088495,0.8091869881563348,0.6315816211257095,0.6573472576992001,0.7146233801507014,0.9799577055509369,0.7351144135712415,0.7351200326271119,0.9338048841808001,0.8944656454039723,0.7754050810798815,0.5870452490356695,0.9492420156933739,0.6408882961894156,0.5316816470716381,0.8615455136480232,0.7402645427875454,0.8630126921868051,0.880379147867171,0.7480972575962954,0.938336204935323,0.8944656454039726,0.7927050158447808,0.7194419257776317,0.8845661432822198,0.5415197932873657,0.6713829854729081,0.9513167995337415,0.9205022430190768,0.7348395418412239,0.943555263926096,0.7124581001985006,0.9630657379783196,0.807306197356493,0.6786482732722341,0.7006314123871529,0.8618504979011914,0.9480457155580746,0.5966729124628984,0.893658689774745,0.8294974018179495,0.8256736899939877,0.9210886546555856,0.8634987624252983,0.6698757169935525,0.8995337970065291,0.5566018248260676,0.0,0.6157171535356761,0.7742146572980866,0.8925665086212689,0.6609619460122547,0.8733223207677872,0.530648870650201,0.8130832494923946,0.7825158624056485,0.821791296258757,0.9935160164989381,0.9934422704699932,0.8484673641430909,0.7693457223189596,0.9636429384587802,0.7631338577974391,0.6806665654793493,0.8756759302257391,0.945041918905464,0.852747549109971,0.5855510395158741,0.8687571572639489,0.5426907677399088,0.8855918950020825,0.9346933980357166,0.7106214309374157,0.7448627614749652,0.8072372903694064,0.9414245688249913,0.942688033069913,0.8007332636722264,0.8925277271984755,0.586266608877116,0.8944656454039726,0.8524134156215304,0.7335905512138016,0.9894323573955353,0.9951848377583483,0.8601399393524181,0.8614899173418669,0.8675560447816311,0.7692604180358559,0.6764670697186472,0.7350258698232104,0.8472778797806719,0.8518501194844418,0.9925873129002563,0.8634987624252988,0.989885327407523,0.6687616397213991,0.6240338690898,0.7627282731962668,0.8717146038820363,0.8759848927128513,0.7646336685440346,0.7486785825409101,0.7954778118131758,0.8167860163027103,0.8993926091805273,0.8717146038820363,0.7506035819093062,0.7790087001374661,0.8995337970065294,0.8717146038820363,0.7702190116852003,0.8286378524317448,0.7832048119694046,0.7320648294364133,0.37667105146918267,0.6230589248360291,0.8717146038820363,0.6826490844114339,0.8717146038820363,0.8817204232188738,0.6347579073852302,0.5888600180356014,0.8717146038820363,0.7996193871732236,0.8717146038820363,0.7648197339672974,0.9252355169232358,0.7151668889512357,0.7312696833196475,0.665715625741679,0.5486312891690992,0.8634987624252983,0.896757171001121,0.8444532057713663,0.6832192289410475,0.6305902421762932,0.8743293741512146,0.7171432662723763,0.7836611866807622,0.7956255005216162,0.9560682312404292,0.7012454055455699,0.8499695075069953,0.8073061973564932,0.919955226121286,0.50673310023937,0.863498762425299,0.8717146038820363,0.7735734468049225,0.8717146038820363,0.8114423166608413,0.7660607011384843,0.9703809216228028,0.8170245918162768,0.5486312891690991,0.8759848927128513,0.8674561861707808,0.8610704848897665,0.5636951787432564,0.8697672352745364,0.7124581001985009,0.880379147867171,0.5230617283950617,0.9317037037037036,0.7117659304760615,0.8675560447816315,0.9271952774457721,0.5857386839297742,0.9048375041252172,0.8584186720627018,0.8290187852702013,0.9073867469443919,0.787300240774115,0.5709426615760822,0.9934422704699934,0.7084898628329372,0.6577142711477539,0.77667249503625,0.8944656454039723,0.6408882961894156,0.8041183579068665,0.69602548723023,0.7694694910108557,0.8944656454039723,0.9766045171355723,0.6737100828129878,0.9224249212097695,0.807013596842286,0.5787112986511874,0.7006314123871522,0.8302414280399821,0.6549179812349419,0.9874546187688547,0.7355471990326266,0.9502107211581168,0.47631677844247,0.9095081403912854,0.7458068305282515,0.6798371293952323,0.8024199911473345,0.9671821681471171,0.9879186260731821,0.702350165025681,0.7538533298617699,0.8266115967158121,0.8256736899939877,0.5855510395158743,0.7806251978189602,0.8402945589690445,0.9029830696099471,0.8105237777176177,0.6064955947056401,0.8322641970190587,0.7251897817904791,0.7387217806761914,0.6361286193550597,0.6289440483778619,0.5006154493597843,0.8541379571354056,0.7765363031894597,0.9405885046495404,0.9625052663736797,0.8926328176574974,0.47703008518089807,0.98512650780359,0.8717146038820363,0.8849118467483816,0.9946908486625219,0.5922116016669554,0.8944656454039723,0.8896003271096575,0.7822417468305104,0.8717146038820363,0.8408491588837401,0.8944656454039726,0.8359132272776384,0.9792488093813054,0.9686495023715271,0.7221458308768536,0.9572654625627897,0.6673194079114493,0.45441118998775054,0.9763402298957824,0.8556531508423675,0.35729077677057897,0.880379147867171,0.7950110300145405,0.4755308368486654,0.8518501194844417,0.8562283181313737,0.7927050158447809,0.5205009201613695,0.675933616650667,0.551773756438033,0.9592018085247602,0.8675560447816315,0.8914403858004347,0.6284865259073551,0.640693554309508,0.6295896945657293,0.4217245904484608,0.8717146038820363,0.7078112115915278,0.835569529553674,0.5551757256230447,0.8791630303287914,0.8995337970065294,0.684616336683251,0.8717146038820363,0.8717146038820363,0.8484673641430907,0.8154660314232958,0.48028093749202017,0.8717146038820363,0.9405885046495401,0.6040574193890007,0.8072372903694054,0.8315323235487535,0.5817680060768,0.9316999048446026,0.4981750695494255,0.7686418857715793,0.3966370738549849,0.4733987969891609,0.8717146038820363,0.7891161556559423,0.6289288283455723,0.54836701272021,0.5832801710308089,0.9611183582315329,0.7780696685325379,0.7006314123871531,0.5979725920591286,0.8717146038820363,0.48012365908481736,0.9962616217926438,0.9099714138743789,0.6398973290167249,0.9097700783194735,0.5331462435742886,0.8199228505261884,0.8717146038820363,0.8300605852433469,0.5634089199012979,0.8717146038820363,0.8305571618615186,0.86297074555196,0.6661570660933478,0.43449168826465934,0.6139004104438024,0.8717146038820363,0.7519727067692545,0.6826490844114339,0.9600198715458841,0.838867079481165,0.5778282769654763,0.8653636365238591,0.7885736292223806,0.43053821482957855,0.880379147867171,0.9118310358812909,0.7482259149486261,0.8435690365285479,0.689560855585841,0.7911672860177338,0.7080726541584148,0.9170843583448693,0.8849118467483819,0.6174647279248107,0.8717146038820363,0.9487133832322338,0.7886321224712791,0.9708826087013074,0.8763300120309894,0.8893840423644395,0.8634987624252985,0.9579549371726004,0.9213039936474141,0.8944877265111875,0.8415558183084839,0.7351144135712415,0.9751777096137954,0.8668999442762949,0.6979123656537516,0.9728761310858693,0.6724153496229761,0.8995337970065296,0.938336204935323,0.9702724928174435,0.7098806425898081,0.7133697559920005,0.7309738342063736,0.8970796428987836,0.8752023231718653,0.9850903975250795,0.8303641671418638,0.8444532057713665,0.6857099092857804,0.915294934512644,0.7200215627618999,0.8576373113512217,0.7895026393034281,0.8266272054633474,0.821419239519501,0.8763300120309896,0.810581958011195,0.7047325762323126,0.5380485832439967,0.5532828964067242,0.8987803258477832,0.9970156410013384,0.8463540743535086,0.8271211228814443,0.9644100453636641,0.8373021566360079,0.4260142034366272,0.9045414289970424,0.945996197656815,0.8599286707771701,0.9153822866652425,0.8300121387746695,0.9450419189054637,0.9237819021706026,0.7554677664530849,0.6849019619200368,0.7647821602613933,0.8944656454039726,0.7897635541489798,0.8528084865158394,0.7720451198653113,0.9523215556168086,0.7175158778168524,0.8383588431708064,0.9934422704699934,0.8944656454039726,0.7906693243415909,0.5839660174909069,0.7601021763288583,0.9630657379783198,0.686732053633822,0.6261114292593142,0.8853209299903182,0.8595337434443089,0.5394074074074073,0.8717146038820363,0.8896003271096578,0.8717146038820363,0.8717146038820363,0.6573472576992003,0.8373021566360073,0.7200215627618997,0.8717146038820363,0.5899440926150246,0.664289091159294,0.828637852431744,0.8346488440655877,0.8402161208666912,0.7229470399631621,0.8536312785890965,0.792884755515969,0.6849911203940529,0.8556531508423675,0.9194745633539778,0.8896003271096578,0.8137727791661153,0.6220546122499762,0.6671628463073773,0.6733902897394687,0.9441324231963979,0.8944877265111877,0.8123847138799052,0.9647902277818867,0.5599334248168162,0.880379147867171,0.6807631926376995,0.8720892706611554,0.8872197069155324,0.7105987003471118,0.7236683834247728,0.8685297004951112,0.7627282731962668,0.8638962238722947,0.8426742380081509,0.950210721158117,0.872089270661156,0.8199484368275466,0.9425303290374754,0.7320648294364134,0.6749630004579887,0.9210886546555859,0.7397616884261546,0.8595337434443093,0.7800881293923285,0.8338344942970333,0.8140783112294061,0.5483670127202098,0.6392825731719864,0.9223296501433531,0.46714639903654187,0.7177142714756961,0.7928847555159688,0.5317670323731902,0.7962779506613692,0.8454063430574004,0.8737476654992786,0.8717146038820363,0.8849118467483819,0.9183213534746963,0.9044788524275964,0.6579644641521107,0.8444532057713654,0.9254766905970768,0.8532991464682721,0.5477907274045491,0.8169749692922607,0.6202026505016793,0.8995337970065294,0.5055092331807785,0.8481185950649368,0.8069803809790179,0.8634987624252985,0.9441324231963979,0.8110015998884863,0.6807340808374795,0.69602548723023,0.8368897280214713,0.7311201721098164,0.49386261874506365,0.76575450447669,0.8522854010955979,0.6174736942705947,0.6579644641521107,0.9044051856928927,0.8995337970065294,0.6984811996753164,0.8759848927128513,0.7238697987774827,0.8508186816491077,0.8200680669365377,0.8675560447816315,0.5969057535920301,0.43188290611452684,0.9223296501433531,0.8800978441355753,0.9799577055509368,0.6195117107573607,0.9954405859196401,0.9330609402119014,0.7706273539389781,0.9982284133745902,0.895045587288557,0.7806251978189606,0.8763300120309891,0.8993926091805273,0.8849118467483819,0.9048375041252175,0.8717146038820363,0.8170550030701571,0.5576184633952326,0.6264691273840741,0.6889868448161125,0.8717146038820363,0.7224264157430769,0.38524211525020635,0.8418786300337933,0.784384691197584,0.8925610068229326,0.6248656953937897,0.8020841226580646,0.8511053210564884,0.8694177891416839,0.8019447641973372,0.6838472012342305,0.7926510105847774,0.9271952774457723,0.8208890702631046,0.6901456239521739,0.9799577055509369,0.7660607011384845,0.7494968044119232,0.8411444086656643,0.7336447044581456,0.8359132272776384,0.6004046726599762,0.7880566487462841,0.9700073495187167,0.8455919961985197,0.8250162399076689,0.9336708882449212,0.8717146038820363,0.8997253355509451,0.5275748841288547,0.6139004104438026,0.8675560447816315,0.8980273058083952,0.8595337434443087,0.8675560447816315,0.8675560447816315,0.817055003070157,0.8717146038820363,0.8595337434443089,0.7655771691915655,0.8717146038820363,0.5654237689971129,0.8821561168659964,0.8944656454039726,0.880379147867171,0.9271952774457721,0.9097700783194738,0.8675560447816315,0.5969057535920302,0.7194419257776317,0.8638962238722949,0.717766819364472,0.8717146038820363,0.49600297254945847,0.8803791478671708,0.7221458308768538,0.619743803913948,0.6275708664351665,0.7918924118684402,0.8759848927128511,0.8679473730861487,0.87271897651474,0.9152669132945839,0.8717146038820363,0.8713011625822464,0.882848356033384,0.9079483589437124,0.7117548890715875,0.6440758995461153,0.9728761310858696,0.7289983732370735,0.880379147867171,0.7354904941469637,0.6908677676964503,0.8717146038820363,0.9044788524275964,0.8009754268091862,0.9405885046495401,0.5206112695442193,0.9501659674597744,0.8979786522405891,0.701554709747126,0.8634987624252985,0.6273174326164982,0.5685783520346699,0.8717146038820363,0.8717146038820363,0.8041183579068665,0.8992583393308053,0.7629551441299656,0.7371581866813073,0.7147395490791082,0.4488253471347413,0.7047325762323122,0.6217131702224916,0.5534551944379094,0.6562938202189952,0.8717146038820363,0.7867157975290029,0.8849118467483819,0.9048375041252172,0.3867014052716835,0.8944656454039723,0.6760516295916368,0.8717146038820363,0.8717146038820363,0.5415048001636198,0.7023501650256815,0.5619009170975493,0.9344582751103179,0.429071404815901,0.782121205673745,0.8411444086656645,0.9346933980357166,0.6849995501650832,0.5836115027484812,0.8717146038820363,0.5740758054612249,0.654288715071921,0.8759848927128511,0.8944656454039726,0.8531626060109614,0.8574021411549636,0.9592409449937286,0.5541214595946848,0.9097700783194735,0.9024139250075894,0.8717146038820363,0.6495364505901595,0.8810727154080642,0.7647821602613929,0.8617394114016961,0.6693714093517579,0.8806788146347353,0.8580109538014735,0.41478533927547245,0.9271952774457721,0.8618367261281596,0.699536720263257,0.919955226121286,0.9362473724214275,0.8499737220532662,0.8269664944023671,0.7277912721467932,0.8849118467483819,0.8675560447816315,0.703230880644323,0.8937325206728579,0.7020657359127311,0.8688692599838166,0.9048375041252172,0.9580455968157447,0.9480457155580748,0.904837504125217,0.6470872918636879,0.8649760912069955,0.7561204652506393,0.8717146038820363,0.8951926647784167,0.8515500804409489,0.8720892706611552,0.44065260321599,0.8851462416270444,0.8675560447816311,0.8447770082758028,0.7321673706525413,0.8759848927128515,0.5866598810877435,0.7919760287785569,0.626111429259314,0.5965714894301928,0.8717146038820363,0.46276457943470883,0.997228401935723,0.6803883531071331,0.8995337970065291,0.9642422867180609,0.8338083271305468,0.6359564390100783,0.8717146038820363,0.6202026505016793,0.46714639903654176,0.8338083271305468,0.6233402110021431,0.6495364505901593,0.6276948394478761,0.8849118467483819,0.6520403675470627,0.7900475800687516,0.8934808005809092,0.7198893727498801,0.7371927675833986,0.5867587739445536,0.8791214387104956,0.8169749692922601,0.8661714077534826,0.9868058004883369,0.9775479394840356,0.6671989433754613,0.792884755515969,0.4367917711227224,0.9700073495187169,0.8675560447816315,0.6609619460122547,0.5635278488047024,0.8556939047876463,0.5483670127202098,0.5158982050296599,0.8717146038820363,0.5925733428720994,0.6002695427987341,0.6244164969948314,0.8717146038820363,0.6849911203940531,0.8494159413108651,0.8944656454039723,0.8638962238722947,0.8675560447816315,0.7235990256740845,0.8774727469180787,0.9990440752671325,0.942688033069913,0.7685015054143794,0.6840046331108249,0.45713777587630644,0.8717146038820363,0.8170245918162766,0.8717146038820363,0.933670888244921,0.4653839317097883,0.7251897817904789,0.9048375041252172,0.9089046609802982,0.6915400018219521,0.7598932621695063,0.7615320920257621,0.8717146038820363,0.6643649664435758,0.6345885606906843,0.6904404417510024,0.7437577105007421,0.8926328176574978,0.9703809216228029,0.810581958011195,0.8074099974274134,0.853642808020449,0.7294450148306262,0.530014819789168,0.853642808020449,0.6015638978230105,0.7171432662723767,0.8198133376713326,0.853642808020449,0.9048375041252172,0.718477232956233,0.9097700783194735,0.715453258527345,0.8459148756283026,0.8537043262956241,0.8266272054633476,0.9248534269420976,0.7020657359127312,0.8904902911085819,0.8041183579068665,0.8236124075183946,0.8675560447816311,0.8444532057713663,0.8245872018915439,0.8757950878848715,0.6736563337087375,0.7702190116852003,0.7978257204251891,0.849033299116787,0.6792884599876814,0.8759848927128513,0.915294934512644,0.8664405112410956,0.848283286297622,0.8411444086656643,0.7005790711959695,0.9008274424932812,0.8849118467483819,0.8896003271096578,0.9889930766062294,0.8137861839597271,0.7122860306391532,0.8355695295536743,0.9783157797049854,0.9351300428625227,0.7526776280801332,0.8999986551638353,0.9700073495187167,0.83884219783228,0.7373467476556241,0.8855133576425951,0.8057344050230495,0.9537440462707218,0.9224249212097695,0.8302414280399818,0.9807547286296607,0.8522196206602226,0.7477266191553409,0.980243518745727,0.9897904962868063,0.9865679012345681,0.9990214272019693,0.897978652240589,0.9822066527160027,0.750405182431614,0.8817751768870118,0.8421738931847714,0.6657156257416792,0.943555263926096,0.7307364664382368,0.8170245918162762,0.9101261322599912,0.807013596842286,0.686507510386118,0.8743344902595095,0.8266115967158122,0.9564656546829657,0.6203494370825711,0.9644100453636641,0.6470872918636882,0.880379147867171,0.6598185323836705,0.9382897017170406,0.8896003271096578,0.7475696252518085,0.912893900183042,0.943555263926096,0.8995337970065291,0.9937468029113121,0.8944656454039726,0.8390201592565514,0.8896003271096578
p46_L,0.9861870425532866,0.7266298883809843,0.973593572348779,0.9257108793738832,0.9227803491523987,0.8044782210636211,0.8327001027233151,0.8436057035574962,0.7870120158280818,0.6905052205881459,0.9882611788790332,0.9181361257449083,0.9181361257449083,0.4830962986834797,0.7787806692057267,0.9333932788574735,0.9606182174009791,0.8528077124238098,0.8394152467827324,0.7788560373068376,0.9969696969696971,0.8984817173155906,0.9709521726196467,0.745197368260759,0.9062714465097337,0.8482926115779139,0.6680538025319436,0.8613707440299998,0.7788560373068374,0.5901720985977519,0.8591662028932885,0.8990962871160681,0.8734436811123552,0.9899675380225565,0.9227803491523987,0.7972298870089899,0.8912695666285135,0.6187970273505472,0.6650004003137481,0.5395300625609631,0.9586967454656924,0.8512715263045254,0.9165661374366314,0.8521458514573255,0.7980824313626269,0.767667750471654,0.9326920846792619,0.7796535661369803,0.780228420804671,0.7797903006735192,0.7505631992694413,0.7271444543732815,0.8754653093959393,0.8701093676023466,0.8734436811123549,0.868785486139297,0.551769947497065,0.8875255844205967,0.9711727424551835,0.9470114033160808,0.7919716537241257,0.9412539265704274,0.90715310805986,0.9600469261488345,0.6518137794452556,0.7828183207878001,0.8673433704742713,0.9809705013105567,0.9743173075427525,0.7972298870089896,0.5185924749015798,0.8453519108162277,0.8875255844205974,0.7883550226673008,0.8875255844205967,0.7485888881337761,0.8933608835872622,0.8599595324084665,0.6554661269093978,0.7114930072303723,0.8296036746659664,0.920862119626535,0.805042658439177,0.8482926115779144,0.8875255844205967,0.3849632153657493,0.8390081747164055,0.5979795216495212,0.9614558758710805,0.883879561423246,0.8875255844205967,0.27057366811771066,0.5702586670593575,0.7451386401842761,0.9390854935963802,0.8615106588515253,0.28701295138210003,0.7509433962264154,0.7562347227706148,0.6760670186296529,0.6834618943978921,0.7667491298750135,0.6541624740659847,0.6100176946812088,0.9938615816318149,0.9074725945748126,0.5613012214286333,0.7793208617683618,0.8896222955608051,0.762490845225998,0.3083580523273257,0.5962130439176736,0.8023210102730125,0.7414553736009182,0.8951222364985465,0.8077314240075313,0.7886700028450875,0.7128591674615055,0.9630587443532557,0.7695466995459632,0.8746365330600943,0.2431260023651457,0.5563750043449431,0.6612973867092498,0.8799804102418352,0.4887779864518198,0.8912695666285135,0.9128648413621815,0.8078113596817891,0.8353059983605327,0.7182543862911603,0.8951222364985463,0.7505631992694408,0.9165661374366314,0.6680538025319438,0.7428994996357134,0.9955587247192429,0.9841235416791017,0.8990962871160679,0.8803223329648373,0.9742448419150898,0.9119161041777388,0.6268470996568865,0.6157171535356761,0.0,0.8020423584034373,0.7627905064810563,0.811203221160137,0.8453519108162277,0.6165689125003957,0.7788560373068378,0.8132633613980007,0.5191275886731178,0.7735291693438346,0.9841235416791017,0.8720961728433063,0.6989881412083554,0.8267708879490374,0.9508134628787963,0.523858065584708,0.5548407873446293,0.9170285225978759,0.8084387788384795,0.7298388227354071,0.8524884293326296,0.4426795533501301,0.8789931590261653,0.8977544991765875,0.9646726783928248,0.9329707512857153,0.7781726858104153,0.883879561423246,0.8424470967591315,0.7061108844320769,0.8088486102740682,0.674052994381451,0.8394152467827322,0.9413146037041611,0.7690914550109832,0.8185769204058971,0.9726810601310467,0.8294393881392002,0.8941690094392148,0.8838795614232455,0.772152702738621,0.5120635598906906,0.7527781696602109,0.9676695223923983,0.8701093676023466,0.9197870263505639,0.8195768504545652,0.8498453694474266,0.8495316738697108,0.7315707592170115,0.995111269537116,0.8875255844205967,0.7815506747718318,0.752887780103321,0.9842962979233425,0.9830162901575286,0.8185509550085714,0.9523926900665711,0.8875255844205967,0.8827264304349351,0.7164112166988117,0.6463298122288006,0.8875255844205967,0.9631566038496662,0.8812122842911967,0.8050455218025139,0.7669446932090829,0.8515557716702038,0.6365285380734742,0.8875255844205967,0.897653516307836,0.8875255844205963,0.8137608429104817,0.9094253091133756,0.8718545508778501,0.8875255844205967,0.9685842704617613,0.8875255844205967,0.8483741095160076,0.8159437393068671,0.41948122992946746,0.8147078678334696,0.6540395853328665,0.7050926387141545,0.8803223329648371,0.8851054684866393,0.839008174716406,0.6970273621028533,0.691854880284176,0.9863128554450595,0.8673433704742712,0.8584765156669927,0.9699144492180107,0.9868795839159128,0.9672667105286928,0.8353059983605327,0.8123528553952004,0.8305895885702974,0.2992724150090583,0.9136668681404589,0.8875255844205967,0.8261074040530079,0.8875255844205967,0.6091843158041501,0.5220059986101699,0.8990962871160681,0.8655292753164372,0.6748433865958976,0.7815506747718316,0.8097499609329362,0.8604642587137392,0.37910739128101634,0.8903153901509667,0.7096347473460831,0.7667491298750133,0.40465915213132087,0.7335206754675623,0.8167466059629398,0.883879561423246,0.9436595831253995,0.6251653003746422,0.6650004003137481,0.7417139348994106,0.789165935388751,0.8512715263045254,0.7311266919935464,0.33281839398873525,0.8990962871160684,0.8442264772834192,0.7945290222419558,0.7957947013346076,0.9074725945748126,0.6682840983953278,0.9460546426021958,0.724121273247438,0.640564825056144,0.9074725945748126,0.7045804048928854,0.8502831628264214,0.9754350893887316,0.9361433667145862,0.556865395465213,0.616469737152151,0.8202756097183714,0.7257926528465415,0.8803223329648371,0.8951222364985463,0.8418888262364448,0.60906037192338,0.6706738076877626,0.7213354009440907,0.6786879823670215,0.7649540409257372,0.8922556004142445,0.881600606556475,0.6189077093341833,0.8337169448588283,0.6195096394008326,0.7116364755344979,0.7450909717503451,0.9966487453905557,0.9170285225978759,0.8872054689129858,0.8381724206093377,0.7920895848542848,0.9962357487344196,0.9300399220683393,0.557844872526809,0.7922472950681174,0.8581812251572165,0.39862252528435027,0.9113822623848765,0.8289009182409786,0.823031445666184,0.9899675380225565,0.9122094290208146,0.7851735198783617,0.9326920846792619,0.8875255844205967,0.8990962871160679,0.5920743362947455,0.499562640789484,0.9074725945748126,0.9436595831253995,0.8078113596817887,0.8875255844205967,0.9770964061020024,0.9074725945748126,0.8044782210636212,0.8902901420646658,0.9552101260163521,0.555486262065355,0.9380230108510117,0.8049832688851979,0.7193720472053131,0.8187973359685361,0.8734436811123552,0.5655176363390733,0.7291792816942979,0.9388736423802917,0.7712754705003821,0.8701093676023464,0.8682281961493585,0.9630587443532559,0.7079620939681581,0.5392950139072601,0.735296197098094,0.8956039029856382,0.9181361257449088,0.8343212632720267,0.7484437161603565,0.7257926528465415,0.6060158996752323,0.627184713137666,0.8875255844205967,0.7591592568714893,0.9713030071685631,0.5291205652421784,0.9817898094872117,0.956091512537085,0.8195253391082153,0.8875255844205967,0.8875255844205967,0.9139497309400643,0.9616545696945384,0.5044588114435753,0.8875255844205963,0.7788560373068378,0.6541624740659848,0.6798138901014366,0.7723796026043286,0.8376875568444102,0.9714553566521971,0.4714672355406757,0.7497978608176281,0.7241789025099552,0.7658405118018097,0.8875255844205967,0.7735291693438344,0.44267955335012943,0.7171764399371905,0.7836621599775635,0.9197870263505638,0.6258045026524921,0.8951222364985463,0.7004355872017336,0.8875255844205967,0.5971445588142814,0.879980410241835,0.688037762527248,0.7314664508355029,0.8912695666285138,0.822381199379469,0.650531983071615,0.8875255844205967,0.8097517434792942,0.7049234307583682,0.8875255844205967,0.8809597332894858,0.8011576590810355,0.9881880491096584,0.6378575198313537,0.7145866737204694,0.8875255844205967,0.7534095934176027,0.8309999283056593,0.8540770981599278,0.7519928121237842,0.8692056173657501,0.8159437393068667,0.7969800157502145,0.5537638809466965,0.8951222364985465,0.7949641498039908,0.7485888881337759,0.8278743323979675,0.8556582590459607,0.6230950018878494,0.9588302630133789,0.8859699871586741,0.8990962871160679,0.4995626407894844,0.8875255844205967,0.9237859663302175,0.7436610494117908,0.9371991496428431,0.9275494633940331,0.9174357591301507,0.9136668681404594,0.9648278471741015,0.9996705138382682,0.8803223329648373,0.8296036746659665,0.6894172387977859,0.9127502317732938,0.8048032098827751,0.5637099967720216,0.9074725945748126,0.8385566727123894,0.956091512537085,0.9631695392985009,0.8851054684866393,0.909893639644382,0.8390081747164057,0.7788560373068377,0.9560153950746079,0.86137074403,0.8132228288084359,0.8512715263045254,0.8636241122876704,0.8261074040530079,0.8418888262364448,0.8439952162507556,0.6946136782129047,0.7635079022515567,0.724121273247438,0.8584765156669929,0.9275494633940333,0.8339274444513167,0.5216421871000851,0.7232532627947603,0.6826342776361254,0.895603902985638,0.8502831628264214,0.6833743098553114,0.9011211804466386,0.8823970339943681,0.91458555520301,0.6307662584146907,0.9275494633940333,0.7704503179817738,0.8823970339943681,0.9581157149514788,0.6069378811087542,0.6164697371521508,0.904964374174999,0.9016764887322213,0.6194991320868743,0.797534269377888,0.949657954348555,0.8634896230757458,0.9876457733161694,0.7731717706740591,0.8834476983427147,0.6355466453242733,0.8956039029856384,0.9380230108510117,0.7128591674615055,0.5603423529413626,0.7301308563351743,0.9904193773232917,0.9181361257449083,0.9181361257449083,0.671039076792368,0.883415896910271,0.8768459965606679,0.5981289867519799,0.8875255844205967,0.9032069193824652,0.8875255844205967,0.8875255844205967,0.6141338392311924,0.8851054684866393,0.5867342269720283,0.8875255844205967,0.7160273469547882,0.7842162733804998,0.8582591413258648,0.549811431514589,0.8285134076914069,0.9982444939315658,0.4380432895333326,0.9923411925250785,0.6615301536278677,0.8409417173980275,0.9744154228087287,0.9032069193824652,0.8645218511266486,0.8411685795119928,0.7310195463023947,0.7117749035931924,0.8734436811123549,0.7195432449276988,0.523207336880299,0.854077098159928,0.5139836074733208,0.9326920846792619,0.5859539653252968,0.868744946015998,0.7895934443399037,0.8573544191143381,0.6972358772920679,0.7454404410356077,0.8132633613980011,0.8573544191143383,0.8469551213589281,0.8951222364985463,0.8636241122876704,0.7451973682607597,0.917640675728544,0.7167986651173421,0.8900154452031657,0.8990962871160681,0.9990405090294633,0.8305895885702983,0.8895461429374252,0.7273804997455657,0.773554795360126,0.6566823537460496,0.8879111240034918,0.8974634348968703,0.6347623427094247,0.7085773687727137,0.9715619689660695,0.6567534578340959,0.8092714034168131,0.9907874554041504,0.8681578405822046,0.8875255844205967,0.8990962871160679,0.9309657142919867,0.9227803491523987,0.9347125881257449,0.893360883587262,0.9470114033160808,0.8306298432356212,0.7751082245694481,0.7992587643536317,0.7354788333608959,0.911916104177739,0.6524817182218239,0.9579053211365331,0.7215671088345732,0.8803223329648371,0.8409417173980275,0.9016764887322213,0.6367717134368293,0.6398037676563963,0.922803546970132,0.771013778376775,0.6671206207255933,0.867894642768253,0.8002106857634843,0.7994350021403656,0.7822900176136717,0.8339274444513158,0.823031445666184,0.7021651885802724,0.8912695666285138,0.9413871669848817,0.930003521848052,0.7627905064810561,0.883879561423246,0.6764208435025469,0.6457797539703752,0.9439560418134949,0.9955587247192428,0.9702619328599773,0.5960455404147618,0.8834476983427147,0.8512715263045254,0.9498534981230842,0.8127299373610792,0.8896222955608051,0.7949641498039909,0.8668377479090328,0.9181361257449085,0.9380230108510115,0.8044782210636211,0.8875255844205967,0.8713695053606367,0.9200770921322821,0.6339586239347761,0.5291205652421787,0.8875255844205963,0.778582668975949,0.6088939168016356,0.8132633613980011,0.8273520836649044,0.8079564670345298,0.5806589027981255,0.7368730104454522,0.5503340736093439,0.995295484850721,0.803485900472233,0.6857124991339212,0.7796829878904996,0.9032069193824652,0.5505158891767279,0.5254315581168992,0.8794586744171604,0.5908654275061659,0.7114930072303711,0.8655292753164372,0.5861651042252105,0.8044782210636212,0.8701093676023466,0.7361386731582228,0.7951815329931903,0.9881880491096582,0.7438921262855442,0.9074725945748126,0.8875255844205974,0.8092714034168134,0.5325706778351329,0.5925694816009677,0.9181361257449088,0.9841235416791017,0.9743674681836798,0.9181361257449088,0.883879561423246,0.8439952162507555,0.8875255844205967,0.8305895885702973,0.9478388320065987,0.8875255844205967,0.471168756474314,0.7218977810693866,0.9074725945748126,0.8951222364985465,0.903206919382465,0.8912695666285135,0.883879561423246,0.5700304780130331,0.7024725800029548,0.8573544191143383,0.808437846136772,0.8875255844205967,0.5613012214286334,0.8418888262364448,0.8542911987973543,0.6339981670067518,0.6397736965471237,0.7128591674615046,0.6724907552386141,0.877113409662668,0.7974437141941543,0.8771134096626679,0.9580351138842,0.958115714951479,0.664313454149479,0.8632074542450229,0.8188988989788228,0.829603674665967,0.9237859663302174,0.6197628486421991,0.9326920846792619,0.6686727799225123,0.7307555720921728,0.8875255844205967,0.8304362977249916,0.8128943267359106,0.6905052205881463,0.6895489318294129,0.9418603109760091,0.8903153901509666,0.689235588109252,0.9136668681404594,0.6283130435934248,0.7652853767740713,0.8875255844205967,0.8875255844205967,0.877902301767566,0.6963199332194134,0.50895744205871,0.7723847789690532,0.8357318265621438,0.7149735523428196,0.8259505307504562,0.7850919564785495,0.6514645868954533,0.8781635612241978,0.8875255844205967,0.8001178393156163,0.8990962871160679,0.6650004003137481,0.6017739835993716,0.9074725945748126,0.6418584194402968,0.8875255844205967,0.8875255844205967,0.7262788230433819,0.7246720035295877,0.819887742117777,0.9230976548868548,0.5978722842955415,0.8787905977633612,0.8914825172232941,0.9586967454656923,0.79191221245304,0.575327386359331,0.8875255844205963,0.5220059986101702,0.7507298525937234,0.9996705138382682,0.9074725945748126,0.8426832775816728,0.8511451049524846,0.690532885544498,0.4553239903820864,0.9276228731395864,0.8562676429499934,0.8875255844205967,0.647526256199999,0.5725919487426498,0.9803610082452028,0.7342092988856571,0.9028988567399351,0.8701093676023466,0.8106012402616398,0.5120635598906906,0.9032069193824648,0.7089683663076456,0.8819640525087757,0.8768459965606681,0.9997330791035688,0.9513406259898936,0.8754653093959393,0.6012076275247589,0.7116364755344983,0.883879561423246,0.7252247984621216,0.8687854861392972,0.7056311423328259,0.9713840977307753,0.9630587443532561,0.6826779993674935,0.9165661374366314,0.9165661374366314,0.6544120069717718,0.8229580323820476,0.7898616067426061,0.8875255844205971,0.956091512537085,0.9282184886151832,0.8636241122876698,0.5820950274584522,0.8734436811123556,0.8838795614232458,0.9731841775797109,0.7651773360761209,0.7815506747718322,0.6807476468835841,0.8410682594545358,0.6243202271434578,0.589848003041468,0.8875255844205967,0.2899539952852366,0.9227803491523987,0.6102944190714128,0.6905052205881459,0.9894003837489755,0.9105028691913819,0.7024249556791039,0.8875255844205967,0.5827018203482575,0.5888881972895483,0.8927562844295212,0.722999621412308,0.7570597412301225,0.7242991536133985,0.8990962871160679,0.6528846513341535,0.8195253391082153,0.7688737668321841,0.7363359617417702,0.598949788043281,0.49254205048793387,0.8509708279802458,0.7706431963092959,0.7951815329931908,0.8353010689213036,0.9139497309400643,0.6590896096212921,0.9868795839159128,0.6517683740292259,0.8875255844205969,0.9181361257449088,0.6824869826513944,0.8500333822857044,0.7526652483135742,0.6718058752938347,0.6644506815602427,0.8875255844205967,0.6831972033822573,0.9872737818891415,0.458506599756235,0.8875255844205967,0.8056762111464639,0.8092067616769585,0.9074725945748126,0.8859699871586744,0.883879561423246,0.8852373064158001,0.8754653093959394,0.907185090482467,0.8678306200590498,0.8564068841250706,0.7992587643536319,0.5833110121380043,0.8875255844205967,0.917435759130151,0.8875255844205967,0.7128591674615053,0.5306887242640351,0.7438921262855445,0.6650004003137481,0.836736754410603,0.843101004846335,0.7894860535073804,0.8273520836649046,0.8875255844205967,0.8653565695634797,0.852144222179023,0.8709114321620302,0.762252420477136,0.8353059983605331,0.9841235416791017,0.8339274444513165,0.9446936813955575,0.8845690674506623,0.7627905064810565,0.7252093382361509,0.8845690674506623,0.9021612281354041,0.6337830280646116,0.746238570044433,0.8845690674506623,0.6650004003137481,0.7712896189697349,0.8912695666285135,0.7297282452790526,0.6365285380734743,0.9446936813955574,0.5835920972623686,0.973593572348779,0.8353059983605333,0.9145855552030098,0.8097499609329362,0.9139497309400644,0.9181361257449085,0.8390081747164059,0.7676537666227998,0.6798138901014371,0.8673765186385668,0.9315219368567726,0.8268679007812394,0.9269599282969823,0.5930185866151207,0.7815506747718315,0.8951222364985465,0.8851925429078809,0.8618934383134564,0.8395760334095805,0.8489850637081395,0.9024392052087977,0.8990962871160681,0.9032069193824652,0.960128349410573,0.8623239392070468,0.7266721459410673,0.9583362178150991,0.9894012464548819,0.9712613747702985,0.7021651885802725,0.9058663883344797,0.9227803491523987,0.7814973591746284,0.6018022266869989,0.7880032428983705,0.8205821124942527,0.9780825010493861,0.8945297619028626,0.8950891118930204,0.9347395379267571,0.8482926115779139,0.7655752741549557,0.8306298432356216,0.9180685812729557,0.9674804892096008,0.8925067967545572,0.8296036746659667,0.8167466059629396,0.6707851023951372,0.7029494624209927,0.8650811637070902,0.6916094335135823,0.9276228731395864,0.9179587891399903,0.8395760334095794,0.766749129875014,0.9025089568161621,0.8849488054998087,0.964461093882544,0.6528541745764542,0.9803559384917029,0.8653565695634797,0.9770737900205627,0.6959704540897895,0.917028522597876,0.8562676429499929,0.8927562844295212,0.9032069193824652,0.8017951474918712,0.7619676728510136,0.8542572877939777,0.6905052205881459,0.954313895854702,0.7128591674615046,0.8904007255811228,0.9436595831253995
p46_T,0.7805571345317994,0.8967590384461328,0.809566677308712,0.9495972962983876,0.9927984919267985,0.9336842693103169,0.7882989381104433,0.8182720711512785,0.3147290259819814,0.9814857905852672,0.8941586572120019,0.9476386094693983,0.9875732183763779,0.8636009307043997,0.925874125874126,0.9073906746988272,0.9842007774937604,0.8794184279003854,0.9264564493231813,0.9814857905852672,0.8241043043187446,0.8916043634534068,0.9199796380611351,0.9559566851226751,0.8890928172755166,0.39202005750091073,0.902113512733081,0.7954991648216743,0.9299882837258002,0.6926802129538794,0.4552912129747586,0.9894435908227329,0.9364042928805094,0.5068739999632488,0.9517002303366322,0.926456449323181,0.9559566851226751,0.8994092506018594,0.9336842693103169,0.8770810709357255,0.8229279382562937,0.9784004338929011,0.9579181659574106,0.9959602877527965,0.9021135127330813,0.7505000080384587,0.9166400151447351,0.3401696150977628,0.8770810709357257,0.8515439151062538,0.9197987094973854,0.7352685215689774,0.42369664509215876,0.8967590384461326,0.989605622562192,0.8747722377977698,0.9054762298636498,0.9106019687464659,0.7474210157130601,0.9048766089350637,0.49518501315076424,0.6542538426331141,0.9938752217346227,0.8702902432560247,0.9230659630317124,0.5998783537542391,0.9197987094973854,0.9815723130021622,0.929039920758333,0.9756340559373773,0.8614318296100956,0.8770810709357255,0.9106019687464653,0.5388987788980928,0.9106019687464659,0.8001709249137139,0.8916043634534065,0.8941586572120015,0.6029665476692045,0.9336842693103171,0.9649333732985217,0.9169506775373653,0.8702334868194925,0.8794184279003854,0.9106019687464659,0.8550346801467699,0.8916043634534065,0.7560946248541406,0.9807134450398858,0.9077040005624186,0.9106019687464659,0.8095666773087122,0.7762916917582812,0.6163030535076772,0.9597183115335512,0.8725745362635552,0.8057962567434167,0.8020423584034373,0.5036316635286913,0.5609188551543609,0.8747722377977696,0.9166400151447349,0.9106019687464653,0.8088319429713118,0.7927883682840606,0.9264564493231808,0.8366381506443359,0.5766483511655133,0.9570748126121906,0.5323459232753428,0.7816004472818268,0.8817861584679048,0.572370675251143,0.8406398513598705,0.9166400151447351,0.6227245904409773,0.8967590384461328,0.9264564493231808,0.9336842693103167,0.4483469815554608,0.925384138492831,0.7983028217639934,0.8890928172755168,0.8680005631963956,0.8794184279003856,0.6344737938910214,0.913577797842458,0.8742056923249766,0.9476386094693983,0.9846406300806096,0.48269895828470355,0.9166400151447349,0.9197987094973854,0.9336842693103169,0.902113512733081,0.7466320486447935,0.8506218703383313,0.9197987094973856,0.9197987094973852,0.9048766089350637,0.656175745161691,0.9299882837258,0.5089665848722053,0.7742146572980866,0.8020423584034373,0.0,0.8114587961537707,0.49017783743586396,0.9706124859248633,0.6300040523143808,0.9299882837258,0.8178556739369001,0.7464725865265609,0.6536260162171481,0.9651775593373264,0.3746676091511769,0.8152583602224206,0.8752664522031017,0.9398938840932887,0.8201203923509601,0.6782403328594562,0.9166400151447351,0.8841862845276727,0.989740125594192,0.8190804967023388,0.8529358756208605,0.6717060837158236,0.8229279382562937,0.8702334868194925,0.9699771249351568,0.8636009307043999,0.9077040005624186,0.4190359446869869,0.740810651153901,0.504221650386208,0.8484688673929213,0.9751883374484268,0.7927883682840606,0.8592817462285578,0.822109042278079,0.9745066563137506,0.5525964433331824,0.9054762298636498,0.9325575638096625,0.7184489147306223,0.7427482619370736,0.46789490459423,0.9229512180034354,0.8967590384461327,0.8948250712530363,0.9048766089350637,0.9495451726341954,0.7595320397884673,0.6454338977517735,0.8594736652769663,0.9106019687464659,0.9559566851226751,0.9048766089350639,0.9365755610361588,0.7475936571529058,0.5578397618658937,0.9724921727166423,0.9106019687464659,0.7686793485383445,0.5924171623907595,0.9299882837258002,0.9106019687464659,0.7770042946465827,0.5069642255875741,0.3661806152404139,0.5112036431210365,0.8572922564839237,0.9077040005624184,0.9106019687464659,0.8047486794846919,0.9106019687464658,0.5966904274755772,0.7163320995816558,0.7105688401875223,0.9106019687464659,0.755747894770403,0.9106019687464659,0.7152110095728237,0.5875869608627597,0.8529358756208603,0.7816004472818274,0.9166400151447349,0.6092829154492483,0.9048766089350635,0.8866210237012304,0.8916043634534072,0.8594736652769661,0.6402986998070861,0.8571496764250637,0.9197987094973854,0.822927938256294,0.9199511564537566,0.8287530636873142,0.8657739513546008,0.6942676998150832,0.45344894723685614,0.9779039859151866,0.7983028217639931,0.9396377493736088,0.9106019687464659,0.9256466293616716,0.9106019687464659,0.718217923258738,0.8508524342038157,0.9197987094973856,0.9935102554709552,0.6092829154492483,0.9559566851226751,0.8069390308954999,0.8890928172755166,0.8114587961537705,0.8941586572120019,0.6124771849385371,0.9604370865528187,0.7742146572980864,0.7337033777021862,0.878382498545746,0.9077040005624186,0.9230659630317124,0.808724671705026,0.9336842693103169,0.611052706775529,0.8726534642923023,0.881786158467905,0.5333882755881607,0.8005226029553727,0.9197987094973858,0.9048606465050703,0.9801286106126527,0.6501923525228632,0.9264564493231808,0.5323459232753434,0.5685931432194478,0.9169506775373655,0.9809011972996264,0.9264564493231808,0.9309836960001792,0.6088345584659516,0.9230659630317124,0.8445122684053996,0.8636009307043997,0.9166400151447349,0.8571496764250635,0.5366854851611715,0.9048766089350637,0.9166400151447351,0.9166400151447349,0.6454536684062578,0.926456449323181,0.6094362632919746,0.5388381622060865,0.7983028217639936,0.7635405039609005,0.926456449323181,0.9106019687464653,0.8770810709357255,0.9048766089350639,0.9197987094973856,0.5657548445206715,0.8968624091935314,0.9166400151447351,0.8770810709357255,0.8766295401041663,0.6928799887010877,0.8661220780264809,0.8129587883514019,0.7535916531683511,0.9174894061063943,0.808108539262491,0.7760601551016036,0.9299882837258,0.5100570711057402,0.9299882837258,0.8571496764250637,0.9043677125545333,0.8661220780264804,0.9957658420390977,0.9106019687464659,0.5810339422632643,0.8287530636873146,0.8794184279003856,0.9264564493231808,0.9826186064627201,0.9077040005624186,0.9106019687464659,0.8890928172755166,0.8768331242200346,0.9336842693103169,0.8426573426573427,0.7434831528455419,0.8841862845276727,0.8986858911428512,0.7401261640085706,0.6989031042017539,0.8890928172755166,0.6936452843329985,0.7575774451851296,0.9081716992229305,0.534525144468105,0.7045680248505848,0.596977876008234,0.6944055944055962,0.9336842693103169,0.6186202945189613,0.8571496764250637,0.5972977288065855,0.9021135127330808,0.9077040005624186,0.9746813713361655,0.7983028217639936,0.6080558653411146,0.5338062417681713,0.6809954424556661,0.9106019687464659,0.5042216503862076,0.9809190946517972,0.8872563660473853,0.882375717680342,0.9299882837258,0.6676935767537682,0.9106019687464659,0.9106019687464659,0.9670332374157118,0.9772068104443954,0.7520430783139007,0.9106019687464658,0.9299882837258,0.9106019687464653,0.8636009307043996,0.8190804967023388,0.5747449172704215,0.9106019687464653,0.8657901242845245,0.8916043634534065,0.7047605128510268,0.6624951437800819,0.9106019687464659,0.7908587947341705,0.8529358756208605,0.5997239993650738,0.612489777474557,0.8657901242845247,0.7908608245894844,0.9166400151447351,0.561604790199991,0.9106019687464659,0.6432791015640564,0.8794184279003856,0.5027234304154301,0.7375334683894086,0.9559566851226751,0.7028136961958797,0.8994092506018596,0.9106019687464659,0.8867272547339622,0.5958047257675492,0.9106019687464659,0.8948250712530359,0.6173926441178514,0.722054272826822,0.6749003771446778,0.5479746433252658,0.9106019687464659,0.7359240894887793,0.5347889336564943,0.9230659630317122,0.7774079203770485,0.7108596002574972,0.9881260137273893,0.4037455821262327,0.8403533788118116,0.9166400151447351,0.9385578401876065,0.3661806152404139,0.9199796380611349,0.45053118120050406,0.7779061587398832,0.7723694787044311,0.9199796380611349,0.9197987094973854,0.8794184279003856,0.9106019687464659,0.926456449323181,0.8268036333064979,0.6296683918396333,0.9642919106149583,0.9027452369168485,0.9048766089350637,0.680935100230152,0.9559566851226751,0.9048766089350637,0.8941586572120019,0.9106019687464653,0.8967590384461328,0.7871505469519218,0.8307107766015771,0.9756340559373773,0.43699426598570046,0.9299882837258,0.9690823363812229,0.8866210237012304,0.5862748145479726,0.8916043634534065,0.9299882837258,0.7541370753674894,0.7414122479666798,0.8321593044810478,0.881786158467905,0.9956013364879646,0.8529764551059036,0.9166400151447349,0.8571496764250632,0.822927938256294,0.9650479286771336,0.9169506775373655,0.5613620967472055,0.9295460152552619,0.39644701959833706,0.7369147871623551,0.6774356008190145,0.8572922564839238,0.902113512733081,0.6267923616764606,0.8076792614799999,0.9495972962983878,0.9169506775373653,0.9199796380611351,0.6789712776721686,0.9295460152552621,0.7390139764712669,0.984756143433557,0.8508524342038155,0.7074819193649831,0.9166400151447351,0.9355592662581602,0.7776588662129755,0.8550346801467696,0.916579384245187,0.8276555176058384,0.7404009247312944,0.6256176433829006,0.9230659630317124,0.9070227924758549,0.9021135127330813,0.902113512733081,0.9197987094973856,0.9756340559373771,0.8680005631963954,0.6929925529983978,0.8467285647384584,0.9077040005624186,0.9077040005624188,0.5485040227121007,0.9117392230564538,0.9021135127330804,0.7742146572980866,0.9106019687464659,0.9230659630317122,0.9106019687464659,0.9106019687464659,0.5248195359929333,0.8866210237012306,0.8571496764250635,0.9106019687464659,0.548781393694364,0.46763955272636837,0.8508524342038157,0.7408824401660059,0.7908587947341705,0.6582913314924024,0.8551267822420467,0.8287530636873144,0.46023533412448014,0.9733993351591586,0.844047159642444,0.9230659630317126,0.4614393815139274,0.7030869762391412,0.4959382050177408,0.8680005631963958,0.8994092506018594,0.9826194297807276,0.7797508066630138,0.9702236782844962,0.8171664408507364,0.9166400151447351,0.8248620605884831,0.8916043634534068,0.913990916942903,0.9866968667809444,0.5431125242985313,0.8657901242845247,0.34626009278793346,0.9465859044992464,0.8872563660473853,0.9957658420390977,0.8916043634534074,0.9135777978424582,0.8487835757946518,0.41377404290007014,0.7369147871623551,0.9197987094973854,0.8457609954205849,0.902113512733081,0.7182906163438899,0.8057962567434171,0.9077040005624184,0.6173542530191205,0.8702334868194925,0.9336842693103169,0.6582913314924024,0.5127559889082464,0.9498700207802608,0.6540507969891682,0.8916043634534068,0.9618066046645324,0.9281156022434441,0.9106019687464659,0.9197987094973854,0.5521080389742007,0.9250049848928679,0.7557478947704013,0.7964047174429197,0.943748019357896,0.9000617617241786,0.7028136961958797,0.8866210237012304,0.5423747594053523,0.9299882837258004,0.6366915814449021,0.9649333732985219,0.893303488481619,0.9048766089350637,0.8994092506018594,0.8779314317213612,0.9043677125545331,0.8841862845276727,0.7197946012348055,0.6794911771427388,0.6666636628112195,0.842934886153887,0.8571496764250637,0.599145345961314,0.7557478947704008,0.9848889533625504,0.9299882837258002,0.8890928172755166,0.8745277657564581,0.7163320995816558,0.9290130221267929,0.5974353385272332,0.9077040005624186,0.6942474434215324,0.7201512018811549,0.987883051676453,0.9140931937247396,0.9081716992229302,0.8550346801467699,0.8529358756208607,0.881786158467905,0.850840529480732,0.8680005631963958,0.9570748126121906,0.8445122684053997,0.894158657212001,0.947638609469398,0.9197987094973854,0.9336842693103171,0.9106019687464659,0.912451965434776,0.7631420569200904,0.6080558653411146,0.8592817462285582,0.9106019687464658,0.4499191326405414,0.691009848965896,0.9835777655793254,0.8636009307043997,0.8307107766015764,0.8095666773087122,0.6963579538362769,0.9939201743182626,0.8724902307321463,0.9091153053979097,0.4779868410967768,0.8076792614799999,0.9230659630317126,0.8287530636873146,0.9054762298636501,0.9166400151447351,0.8508524342038155,0.9878830516764527,0.9330002431015509,0.9048766089350642,0.9336842693103169,0.8967590384461326,0.8747722377977698,0.9517002303366318,0.8345925427892955,0.7964377980480561,0.9264564493231813,0.9250049848928682,0.9609356788097783,0.6316143511955588,0.5657548445206715,0.9077040005624186,0.9197987094973856,0.9021135127330804,0.9077040005624186,0.9077040005624186,0.9677542544444879,0.9106019687464659,0.9842007774937604,0.9117392230564539,0.9106019687464659,0.8841862845276727,0.8076792614800001,0.9756340559373771,0.9166400151447351,0.9230659630317124,0.9592855403168915,0.9476386094693983,0.658811835498748,0.48744282763299873,0.9465859044992463,0.5500370536913357,0.9106019687464659,0.8366381506443359,0.9166400151447351,0.8841862845276725,0.5846147014342082,0.8386336412280213,0.9264564493231808,0.9135777978424584,0.9570748126121909,0.9043677125545333,0.8890928172755168,0.9106019687464655,0.9311253517298921,0.8614318296100956,0.8974226598846065,0.5571066054777888,0.8941586572120022,0.926456449323181,0.8770810709357257,0.9166400151447351,0.8366381506443357,0.4339087024546272,0.9106019687464659,0.9106019687464653,0.8141905097700572,0.9299882837258002,0.7515950777200884,0.902113512733081,0.8941586572120019,0.5816959999778324,0.9048766089350637,0.6605541019838288,0.5849334373932594,0.9106019687464659,0.9106019687464659,0.9282322050200014,0.7579221928676806,0.8287530636873148,0.6582913314924024,0.4598736373790636,0.7108596002574974,0.7182438597504208,0.5889948535211791,0.8817861584679043,0.6117316399664874,0.9106019687464659,0.9441432497761624,0.9197987094973854,0.9336842693103169,0.70281369619588,0.9264564493231808,0.4889283526177136,0.9106019687464659,0.9106019687464659,0.6045321631165606,0.9106019687464653,0.5899268784290239,0.891604363453407,0.7483313951996182,0.8229279382562937,0.8724902307321467,0.8229279382562937,0.45997548484230755,0.7371427202287675,0.9106019687464658,0.8508524342038155,0.5459308758660788,0.9135777978424582,0.9756340559373771,0.9098615117355391,0.7875149282503537,0.868376068376068,0.8550346801467699,0.9983355724028917,0.7520430783139014,0.9106019687464659,0.5024162871603776,0.8550346801467701,0.5613620967472054,0.7966501797297616,0.7631420569200908,0.9224327167161421,0.847327255112817,0.7427482619370736,0.9702236782844962,0.60338911584048,0.7273128543681305,0.9463055409027079,0.9299882837258,0.7064172413256602,0.9110950154916333,0.5399846324739025,0.9197987094973854,0.9476386094693983,0.4256060248425029,0.87477223779777,0.8508524342038153,0.9686938578007996,0.9336842693103171,0.8508524342038155,0.987883051676453,0.8495206012251387,0.8287530636873146,0.8329974357643424,0.5567862342002347,0.9517002303366318,0.9299882837258,0.891604363453407,0.9609356788097783,0.7231643302232136,0.8994092506018603,0.5332114747398666,0.9361802219295299,0.5917333562923515,0.9135777978424577,0.6100354984669183,0.9917398678146307,0.6211207226549071,0.6395738686675703,0.9106019687464659,0.8095666773087122,0.9517002303366318,0.645433897751774,0.9814857905852672,0.9571900491571013,0.42776146226878287,0.7658979508459378,0.9106019687464659,0.5601847481927513,0.6582913314924024,0.9169506775373657,0.5395415105216789,0.520657533029235,0.5399846324739024,0.9197987094973854,0.4972680768066784,0.973344709780833,0.7712786894953887,0.6519163028814865,0.8866210237012304,0.7239532193979641,0.9336842693103171,0.8866210237012304,0.9106019687464653,0.8210008754598479,0.8770810709357257,0.4639577215110505,0.8529764551059034,0.6666636628112195,0.9106019687464655,0.9077040005624186,0.49017783743586396,0.7557478947704013,0.8171664408507362,0.5997239993650738,0.6388982589199527,0.9106019687464659,0.612648263349779,0.7594471200941935,0.8636009307043997,0.9106019687464659,0.5722608985960846,0.9733993351591581,0.9264564493231808,0.8866210237012304,0.9077040005624186,0.7485672125969298,0.8671688713696311,0.8190804967023388,0.9054762298636501,0.889141693004404,0.9199796380611351,0.6707982851076653,0.9106019687464659,0.9330002431015509,0.9106019687464659,0.9264564493231808,0.7620190723782663,0.3572548058174394,0.9336842693103169,0.8702334868194928,0.776377711249326,0.4288715632081974,0.8636009307043997,0.9106019687464659,0.9624139560616375,0.5547654881528099,0.7945722645220201,0.8680005631963956,0.8508524342038162,0.9651775593373264,0.8680005631963963,0.9528949651900589,0.9070227924758554,0.41555661073677264,0.6388982589199528,0.9070227924758554,0.8636009307043997,0.9197987094973858,0.8201203923509603,0.9070227924758554,0.9336842693103169,0.898845458960879,0.9559566851226748,0.7983028217639934,0.9077040005624186,0.9238600182215475,0.9169506775373653,0.4222839988318804,0.8508524342038157,0.9799445188591511,0.3832130083602976,0.904678960756287,0.9875732183763779,0.9956013364879643,0.6862726771773515,0.8636009307043999,0.8268036333064979,0.647930837413541,0.9735653636237964,0.838633641228022,0.8770810709357257,0.913577797842458,0.9604370865528187,0.5482370661634028,0.904880646504957,0.7947047012361299,0.8724902307321467,0.5787319934731208,0.9197987094973854,0.9230659630317124,0.8399424975222447,0.4735444652774161,0.8252897759599416,0.7895318319167913,0.8680005631963956,0.7986386100683975,0.9570748126121909,0.4664060954397172,0.9106019687464653,0.5640344171018086,0.8063556810848245,0.8467285647384584,0.3878820907728343,0.8116311528201043,0.9230659630317122,0.8571496764250635,0.8859153851602037,0.42369664509215876,0.9779039859151868,0.870233486819493,0.9886960057553513,0.8767317333396962,0.7514074966496647,0.8941586572120019,0.8389251350121325,0.9476386094693983,0.880919067718035,0.7776588662129758,0.9166400151447351,0.9559566851226751,0.47587120206223965,0.34087960846559684,0.9166400151447351,0.9438851950846349,0.5447213908399495,0.8022607948882157,0.9048766089350639,0.9048766089350639,0.5774906096337042,0.8841862845276729,0.8287530636873144,0.9166400151447351,0.48311202275041265,0.8841862845276727,0.9230659630317124,0.41555661073677264,0.946195675417902,0.9559566851226751,0.9299882837258,0.5908052018009395,0.9264564493231808,0.7712437403592336,0.9230659630317126
p46_V,0.8222373118239635,0.9082541747635315,0.7917782103155424,0.9860669976392635,0.6711637088941629,0.9684455580859814,0.9921923538101738,0.9301589548705056,0.9006909105265726,0.916106073886044,0.9357354408000718,0.7222814458461465,0.6869800474494778,0.9379139290408933,0.9839276350819608,0.8547409671284343,0.9498026512964179,0.8835104920677506,0.8707659462994877,0.9928483866263512,0.8798044295135008,0.8701112326985441,0.9884184727022942,0.8964416496516885,0.8671016868583241,0.9955163805952008,0.9833012852094939,0.7459187921027617,0.9928483866263513,0.9936438966122616,0.9718699097782448,0.7751919398094407,0.912166584917486,0.9999261538952606,0.6711637088941621,0.9118739328932484,0.9339037414170339,0.944869464998827,0.9205349146293753,0.9905080469517145,0.8087510315013655,0.9152829631513328,0.9357331550008063,0.6737763525423491,0.9498026512964179,0.7789905579994554,0.9388267942128117,0.9588425031171435,0.8802681711979421,0.6090788248723271,0.9440100680280117,0.7840310460375759,0.9955163805952008,0.9958472942261387,0.9570218947571499,0.9042249983725685,0.8770832813017808,0.892875760974867,0.7323558933862938,0.8860151533715295,0.8031928810213937,0.9826333900085396,0.8835104920677506,0.9134193657821987,0.9494976475473855,0.7273444487483658,0.9038960691476476,0.9775368038654865,0.9665642792390188,0.998817981216154,0.9590938876192485,0.8802681711979423,0.9254740181372286,0.6721433164510925,0.892875760974867,0.7605479974944294,0.9620424842526036,0.9670171600576838,0.7949161958381433,0.9684455580859814,0.9357354408000715,0.9481114780292805,0.897238052225843,0.9484806751410745,0.892875760974867,0.9229660919577038,0.9460262641933364,0.8452268310641657,0.978612453137572,0.8894031717904964,0.892875760974867,0.9116068032779687,0.8062690879766199,0.8438052804971192,0.9236056527787466,0.9357153028563436,0.9054014434918145,0.8017951474918712,0.6768283602042513,0.6483032776834055,0.931366715443356,0.9388267942128117,0.9981341064923901,0.9944140264070114,0.8174834239182526,0.9118739328932484,0.9370217966662873,0.6438523140060761,0.6521404809023892,0.8592192237103055,0.8858350113238409,0.9993119428479296,0.6814050620128126,0.8540928294691807,0.9001110559421439,0.6459995585210729,0.8762879977600884,0.9118739328932484,0.9205349146293751,0.694546434648831,0.8360129250169952,0.8933135622993031,0.9572437804031904,0.89384426846483,0.9395134363314754,0.7183583612335013,0.8964416496516883,0.8992928627571296,0.8894031717904969,0.9894953978689657,0.6313025547248261,0.9001110559421435,0.9841240669083755,0.8878225115442001,0.9497014469643543,0.8073606816740646,0.8061950349645267,0.9841240669083755,0.9038960691476472,0.920376705497234,0.7454376151983445,0.916106073886044,0.7112716103753842,0.8925665086212689,0.7627905064810563,0.8114587961537707,0.0,0.6532670942336753,0.9629480780132713,0.7753465152893688,0.916106073886044,0.5837817783541024,0.8164035770899689,0.8249377824621846,0.8153059386898047,0.9078281401363859,0.9211447218908149,0.9124411037053828,0.7848155372549577,0.8933135622993031,0.7981024899414122,0.9001110559421437,0.9649993106436969,0.6469533263815712,0.8038450782900288,0.8715871553037837,0.8469356966408101,0.8924856989260321,0.9972915455625416,0.6916156328946794,0.960727306532649,0.8894031717904967,0.8499415642309929,0.882485495965357,0.9477637914124244,0.9847042248743985,0.998817981216154,0.893718312882185,0.8966013750549167,0.8187265730970799,0.9795446021971957,0.9995851856768168,0.985650149584931,0.9340898362261592,0.8935741931924129,0.8282857111583151,0.6772664602630438,0.9738089426972775,0.8762879977600885,0.9931763272713579,0.9765386381256519,0.7064415490417777,0.7852042495635063,0.6935084601447818,0.8896315752443991,0.892875760974867,0.8964416496516883,0.9421770859999474,0.8323118702853276,0.9313774470820322,0.8287645786367752,0.9953073669805033,0.892875760974867,0.7944352343956638,0.7091303726320128,0.9161060738860443,0.892875760974867,0.9908406147297467,0.965842178104528,0.9097734074238853,0.991257318079524,0.8865365905029692,0.8894031717904969,0.892875760974867,0.7820603072492119,0.8928757609748665,0.8901403213651464,0.8741738347484,0.9477420472375417,0.892875760974867,0.7771261418190507,0.892875760974867,0.8306716732581458,0.9965903520488111,0.9911165467392382,0.7567377547290823,0.9388267942128115,0.6876692423920467,0.9203767054972338,0.8936281262041486,0.9313987337345841,0.9993371265780444,0.8438263573025758,0.9754830932266694,0.9440100680280117,0.8506183652136988,0.7739227411014341,0.8376235103113385,0.9691364633673123,0.9158917230732841,0.8712292990467776,0.9832000808774302,0.9125998598847376,0.7703693253714244,0.892875760974867,0.8197685656284419,0.892875760974867,0.7877222571761636,0.8449320637799713,0.855419937570169,0.9655791710424327,0.6720833113249229,0.9339037414170339,0.7129935370245899,0.8671016868583241,0.9348512446873105,0.9670171600576838,0.5945878647851164,0.9001110559421439,0.9106911190424514,0.8925665086212684,0.7454247801973034,0.8894031717904964,0.8420699501855896,0.8495405453403884,0.9205349146293753,0.6831640600601623,0.8298619564047032,0.9993119428479296,0.9257827726180885,0.9196817568450466,0.9356479353308964,0.7304080699197946,0.7849004337316676,0.7979950323928664,0.9118739328932484,0.6812390825746184,0.9705072215227335,0.9191484075869398,0.9738089426972777,0.9118739328932484,0.7866734419321575,0.7252923855974953,0.9911841280007907,0.8062917987384588,0.9632536201475079,0.9388267942128117,0.877710850552303,0.7287225572897009,0.8860151533715295,0.9001110559421437,0.9388267942128115,0.7162947234352999,0.9553459570547012,0.7661847795847028,0.8951633455522054,0.7775957767866957,0.8620421752710178,0.8707659462994877,0.9655358493300292,0.9543720151713992,0.9890998097486436,0.9038960691476476,0.6626706698876506,0.8403869537741199,0.9775425324834794,0.8802681711979425,0.9371658183994892,0.7216936204985958,0.740443121079969,0.7835445049366001,0.9611426512212339,0.8590847017040479,0.8231535505853238,0.9318693311415452,0.9616288436298464,0.8791076481393729,0.9161060738860443,0.9511877247675559,0.7056567606957165,0.8315670489441334,0.9450259909751842,0.892875760974867,0.9841240669083757,0.880449500818866,0.9675149084633379,0.9118739328932484,0.9911841280007905,0.9340898362261592,0.892875760974867,0.8971490513732796,0.998817981216154,0.9836437984574125,0.8569284781013857,0.7557417954214108,0.861222266702258,0.9757619342112605,0.7972624238836941,0.7848204940183199,0.9271964158882349,0.8262103744317861,0.8135398754271848,0.9001110559421439,0.9511877247675561,0.935644047141168,0.9958472942261385,0.8929882711867303,0.9684455580859814,0.6677682533118695,0.9511877247675558,0.7044794459901239,0.8827041791382022,0.8894031717904964,0.9908509434416433,0.9125998598847378,0.697177560438442,0.6623974298411937,0.7613417664214015,0.892875760974867,0.6084604819294551,0.9471350242439598,0.9302955801490151,0.9320203143247605,0.8562800773949444,0.9087258965815566,0.892875760974867,0.892875760974867,0.9078281401363852,0.9482262527630325,0.8935741931924133,0.8928757609748665,0.9616288436298466,0.9292058051524485,0.8872345468276646,0.7832070366225143,0.6935084601447818,0.9655358493300292,0.8905110693995146,0.9460262641933365,0.7600994726151957,0.7218761533489675,0.892875760974867,0.8060506918477726,0.8954930335908746,0.6762035632853767,0.7171620579007718,0.9161773838674756,0.8868157419101137,0.9001110559421437,0.6626242196657895,0.892875760974867,0.7292671538801829,0.9395134363314754,0.9850731520963771,0.85598213306435,0.9339037414170341,0.7575542752039648,0.9775723450801679,0.892875760974867,0.6451763965692662,0.8452268310641657,0.892875760974867,0.9931763272713581,0.728319594687063,0.7166828496078685,0.7852680936628227,0.6469533263815712,0.892875760974867,0.8775593324245771,0.9775368038654866,0.9911841280007905,0.8909014862849387,0.8011617119538794,0.6646510956243066,0.9477981298408539,0.9038942002575046,0.9001110559421439,0.7364689398072308,0.7740233976843678,0.8999534218821265,0.7659065506505135,0.9349444017733823,0.7633337495683346,0.9884184727022945,0.9038960691476476,0.9675149084633379,0.892875760974867,0.9553459570547012,0.8774540970811342,0.8553823188876385,0.7201656473661935,0.9274415389579922,0.920376705497234,0.8888015557619654,0.9713658331823796,0.920376705497234,0.9670171600576838,0.9292058051524483,0.9082541747635315,0.7823508089455844,0.9698095151502317,0.870765946299488,0.6542653954571293,0.9018028471387467,0.7720840552020362,0.9884184727022942,0.9485195344860807,0.9313987337345837,0.9928483866263512,0.828841642480916,0.8176364269640346,0.9914925319195862,0.9152829631513328,0.8701112326985445,0.8162105150575751,0.8675945144338488,0.9021539112208945,0.8924856989260324,0.9074771147066262,0.9939623810860378,0.9343530326383656,0.907855962911867,0.9761129960128118,0.8439281033409827,0.9030070292813548,0.9611489716032762,0.916304017383342,0.8999101272245068,0.848942011892444,0.9100479243194206,0.9070731697590151,0.9231164764775379,0.7587242817849116,0.998298879315296,0.7721133019438688,0.9191484075869394,0.8685852835444088,0.8149622918828372,0.9001110559421437,0.9409669977890665,0.833275509465115,0.9954728888164717,0.9609786330808013,0.9118739328932484,0.9831574011849005,0.8087931464763705,0.9911841280007907,0.9193989118779655,0.9162028130512783,0.9162028130512783,0.6949639420487133,0.9553459570547012,0.9978784568827168,0.7931027726545758,0.8163372768230481,0.9600059685838345,0.9247045701871657,0.827012053605318,0.8706339453813867,0.8827041791382022,0.8744418982000866,0.892875760974867,0.9078111670939808,0.892875760974867,0.892875760974867,0.6483032776834055,0.8641397759307596,0.9265969718894862,0.892875760974867,0.6749467221896817,0.5862984827274718,0.9631981626021592,0.9447800648800027,0.7871636012333603,0.6850825746621012,0.9698095151502317,0.7947975198038117,0.5619016983878192,0.8794637048361451,0.8903805488896688,0.9254429110923994,0.9078513820385044,0.9694402741312285,0.805820454661699,0.867835721360358,0.7935074943504448,0.9547382576229388,0.9513613734760759,0.9911841280007907,0.8629006181508474,0.9001110559421439,0.9146268640510405,0.9460262641933365,0.9139068488471919,0.8936281262041486,0.8482210653924152,0.8905110693995146,0.9348395426217677,0.8114883710619583,0.9460593878537934,0.751447299621845,0.9926862347706238,0.9162478915215846,0.7832245418877202,0.7675903722806869,0.7283950092326947,0.9841240669083753,0.9395818231567123,0.9497014469643543,0.9509766404053784,0.8659406719679215,0.9340898362261592,0.7852971133606687,0.8708704516729386,0.9684455580859814,0.7323558933862937,0.5705505789950305,0.8804495008188657,0.7270263742402352,0.9766700147113563,0.9965903520488117,0.7548265314905755,0.892875760974867,0.9038960691476476,0.9849775749736709,0.9655358493300292,0.8120309192299304,0.9766700147113564,0.73600777324572,0.9236056527787466,0.7575542752039648,0.9820931770243164,0.67204640448292,0.9161060738860443,0.721096420025702,0.907855962911867,0.6241790290251706,0.920376705497234,0.8916161345944679,0.9935130424704779,0.9631981626021591,0.9939623810860376,0.9948661603520348,0.8205807652585577,0.7429528164099961,0.8313183933418249,0.9021539112208945,0.9176803063116659,0.8469356966408099,0.8720788075949248,0.9616288436298466,0.9526141260519433,0.9162478915215845,0.7588953749271437,0.8197685656284426,0.9951426836672741,0.8894031717904964,0.7265505421386538,0.7969978488301324,0.9684455580859814,0.787492573324077,0.8288787761631806,0.9561892466110163,0.8476812770166928,0.8868145984844205,0.9836947829536971,0.9978784568827168,0.742282574447255,0.8062917987384586,0.8731720022848468,0.8894031717904967,0.9038960691476474,0.9205349146293753,0.892875760974867,0.9265969718894862,0.8931986540645847,0.8233575478434783,0.8561085609507002,0.8928757609748665,0.9026902472612552,0.7904704000621894,0.7373695502212065,0.86189485572105,0.7971434160526356,0.9116068032779687,0.9295300395504562,0.8585200995710474,0.9006967164580983,0.9993371265780444,0.6888566355279118,0.9680373530522719,0.9078111670939808,0.8590365055651024,0.9042249983725685,0.8288787761631807,0.9631981626021593,0.9205349146293751,0.9923239935423266,0.9203767054972343,0.9205349146293753,0.8762879977600884,0.8499415642309933,0.9254740181372286,0.7498433788793664,0.7752571861162347,0.6968778496536767,0.8891439739596478,0.8847387631572966,0.7245153385234098,0.6469533263815712,0.8894031717904964,0.9841240669083755,0.882704179138202,0.8894031717904964,0.8894031717904964,0.9021539112208945,0.892875760974867,0.9497014469643541,0.8485046616197532,0.892875760974867,0.8901853371445987,0.9283389059989959,0.74034987381513,0.9001110559421439,0.9911841280007905,0.9713658331823793,0.8894031717904964,0.7578749133281695,0.7809463065777633,0.6345582694216229,0.839077566034719,0.892875760974867,0.9591510804279211,0.9388267942128117,0.8901853371445987,0.7626412847600528,0.8959334810651653,0.998817981216154,0.9713658331823796,0.8023773034771663,0.9658421781045281,0.9271964158882349,0.9292058051524481,0.9158917230732841,0.9340663031496945,0.9458613626737733,0.8293958399969412,0.9391376821694793,0.9142379704609406,0.9353881090748282,0.9388267942128117,0.9591510804279209,0.6532670942336753,0.892875760974867,0.9981341064923901,0.827546989518634,0.9161060738860443,0.8385506619260459,0.9497014469643541,0.9357354408000715,0.6148345801374955,0.920376705497234,0.690493210848925,0.6898344950058677,0.892875760974867,0.892875760974867,0.9124411037053828,0.8225073589008389,0.9661014818339211,0.7638714392024222,0.6582140538659289,0.8647361851181063,0.7448997369624502,0.6689674093633677,0.9993119428479295,0.6651135446649482,0.892875760974867,0.9166656255065382,0.9038960691476476,0.9205349146293753,0.7737925461281832,0.9118739328932484,0.6903445133726076,0.892875760974867,0.892875760974867,0.6819594193765035,0.9292058051524483,0.7113218519500448,0.8701112326985443,0.8362308333110884,0.8087510315013655,0.954186361457886,0.8715520320698655,0.8265182309083514,0.8542442109579489,0.8928757609748665,0.9158917230732839,0.6995125632285355,0.8964416496516885,0.7838218979765823,0.9873448415607529,0.8323911512379135,0.9023981600490012,0.9229660919577038,0.7289374326948577,0.7548854449510305,0.892875760974867,0.6076437252150215,0.9229660919577038,0.8981776325123016,0.8772658168748417,0.7869855979665701,0.9638811172226955,0.6565200958157669,0.9306954942332659,0.7586969892787789,0.991398737439187,0.554935772902208,0.9498026512964179,0.9161060738860443,0.8872345468276646,0.9955163805952003,0.6175463511092757,0.9038960691476472,0.8894031717904964,0.8190855450309961,0.9600664162734938,0.9868513823665968,0.9407957745025354,0.9357331550008063,0.8685852835444088,0.7920012246309881,0.8878225115442001,0.9232754913263936,0.9955174006526699,0.7476603518359085,0.598503620539,0.9928483866263512,0.900754983216564,0.7008762600491766,0.8577111192831373,0.9121665849174863,0.9600059685838345,0.9329246992027063,0.9404815124456999,0.8964416496516883,0.745427492685764,0.9229660919577038,0.7628203380709685,0.7757634285541171,0.892875760974867,0.9116068032779687,0.7801538414269057,0.8184837600426289,0.916106073886044,0.8285017548464544,0.9481114780292803,0.9947084387858652,0.892875760974867,0.7507647802016681,0.7638714392024222,0.9939623810860378,0.6530909631992026,0.8011424989232334,0.6809692758501726,0.9038960691476476,0.6539643849177246,0.8252219490096806,0.9687224870072564,0.771504963893492,0.9884184727022943,0.8021732059365545,0.9357331550008062,0.9526048267509273,0.9618040623148093,0.8478590043252137,0.8802681711979421,0.5823705689513909,0.8376235103113385,0.7745938047953778,0.9254740181372287,0.8894031717904964,0.6532670942336751,0.8120309192299306,0.8424038270975189,0.7541275276248709,0.7081741024915345,0.892875760974867,0.680894259929113,0.7468979480832476,0.9885933112541223,0.892875760974867,0.7269489756853743,0.9243190146758089,0.9118739328932484,0.8936281262041483,0.8894031717904964,0.8267027424778535,0.8084733144817626,0.865759203292572,0.9872081333442814,0.9031500186711455,0.9526048267509271,0.7640801326669819,0.892875760974867,0.724875768543389,0.892875760974867,0.9553459570547012,0.8930420171667195,0.8219095752798314,0.9205349146293753,0.9181887439038299,0.9915477729786037,0.9953326175699364,0.8872345468276643,0.892875760974867,0.8657225484910296,0.7534213218136702,0.9388551653124191,0.9761129960128114,0.8212788440155343,0.9841240669083755,0.8418271742558858,0.9675100128033971,0.8715871553037837,0.8239829993928351,0.7394800082038344,0.8715871553037837,0.8365551646144358,0.9440100680280117,0.7583094792012612,0.8715871553037837,0.9205349146293753,0.911511964199613,0.8038616162255485,0.9125998598847376,0.9953073669805033,0.9675100128033969,0.9191484075869396,0.9485931715992011,0.8449320637799715,0.9294417721555159,0.9705072215227335,0.8992520772945134,0.7928842426394841,0.9926862347706236,0.9218158907276347,0.9125742379342789,0.8349578227321086,0.9908406147297466,0.9975037480647426,0.8512853698954572,0.9629480780132713,0.9339037414170339,0.9001110559421439,0.9313126683482524,0.7988959522164272,0.9655791710424326,0.9809311839577797,0.83027310882983,0.9038960691476476,0.9078111670939808,0.9553778239668022,0.970923945009638,0.9440106737999218,0.9078513820385045,0.8418271742558863,0.9871461975977659,0.9872911449181456,0.9811573582606815,0.8928757609748672,0.8033689914741973,0.928863398772477,0.8858672364550395,0.8302731088298301,0.9696644174675069,0.9078111670939804,0.9510400325580779,0.9850677320814004,0.9955163805952008,0.9162028130512783,0.8445028511200345,0.9819122999369678,0.9831895607271812,0.8350217662584427,0.9044537215424593,0.8953614310063649,0.9247045701871657,0.9446579605277279,0.9904632042289859,0.9388267942128115,0.8964416496516883,0.851594831821235,0.9809311839577786,0.9388267942128117,0.9102098127053471,0.9191899888782682,0.9862846689912059,0.9890998097486436,0.9765386381256519,0.8006481173790687,0.9360362402013558,0.8590365055651024,0.9388267942128119,0.7943761232644762,0.9481114780292803,0.9078111670939808,0.8239829993928351,0.9722196924851578,0.9537099832869298,0.916106073886044,0.9331097594317861,0.9553459570547012,0.9528082386036258,0.9078111670939808
p47_I,0.9792833338263133,0.8703694623017852,0.663599628687058,0.8844834814579883,0.7083340572373142,0.8828532941996556,0.6645262161021936,0.6631848855718657,0.40873337130489373,0.7481101185247634,0.8130313197766212,0.6679351743368406,0.6679351743368407,0.7590511108596087,0.959087295612837,0.9460169162826637,0.937629852928981,0.7869927119133109,0.9864559376282898,0.9138808918740071,0.7951136913465442,0.8085191611024443,0.872700284250379,0.843600304082778,0.8040825160086582,0.5661686426124279,0.8270835681605351,0.5695015173369545,0.9138808918740071,0.764261028097547,0.6323751933393209,0.7776383896417521,0.8762666295743207,0.6877062755446479,0.7383065586513005,0.8700853537305535,0.8782416695665332,0.8223064904295261,0.7614076267185659,0.7828637719794271,0.6872022896103362,0.9086081532995891,0.9590404484306645,0.6780067582215195,0.8823567105447578,0.5395624732312847,0.852744627559685,0.5612633520008061,0.7828637719794274,0.5620025351905058,0.8438269625091802,0.5323519729433681,0.589270022807937,0.9231140326497991,0.984186907863912,0.8011772965543407,0.9972940087996508,0.8420784215528956,0.7213782015807826,0.8319645762487426,0.4594145613138997,0.7077826148656166,0.8562968524998391,0.8771766788561686,0.8640960613563902,0.5115363831201557,0.8583244595873938,0.8386879339439579,0.9787481505552869,0.9059500308908428,0.7552193948383423,0.7828637719794271,0.9919409286228256,0.30164564062280685,0.8420784215528956,0.6470020366807165,0.8085191611024443,0.8388389232603317,0.5563721871758744,0.8828532941996556,0.8514698349351397,0.8432045372944468,0.7707675179901414,0.9487023732818753,0.8420784215528956,0.7439188334429196,0.9096442630970052,0.7241388676590481,0.9125319444076475,0.8369591621743946,0.8420784215528956,0.6635996286870585,0.6759705837415657,0.6178529134887853,0.923041503316071,0.9167940441137262,0.6569391826041671,0.6663974528378023,0.28134462691615647,0.33932385809058596,0.7787852193714506,0.852744627559685,0.8420784215528956,0.7440365858997535,0.7021296663025518,0.8700853537305533,0.7114213730823675,0.2984084106152225,0.7497109206807864,0.3839073752153207,0.6141972970346385,0.9269858616034761,0.4418032269026744,0.8299937887563962,0.852744627559685,0.5028149941570295,0.9494863178238055,0.807132551826844,0.8828532941996561,0.3293181416171893,0.9969383491542412,0.7869038200187426,0.8040825160086584,0.9599379068036855,0.9256009930863665,0.5477982418015672,0.8473352221942345,0.8564952546591053,0.8660830247325575,0.9512443617526195,0.32944836379986775,0.8846853407167912,0.858324459587394,0.9195138840882445,0.8270835681605351,0.739503656923195,0.7896720769621841,0.858324459587394,0.8583244595873938,0.8886615438957015,0.44458912273772,0.8763243374738701,0.39219470226351183,0.6609619460122547,0.811203221160137,0.49017783743586396,0.6532670942336753,0.0,0.7828637719794274,0.34640233953434896,0.8763243374738707,0.42321146971954293,0.6796442519422985,0.9643168373807344,0.9245130324548216,0.6032335169102101,0.673653983767925,0.8101309200969331,0.6487641377091857,0.6755246526339982,0.7254028832956679,0.8846853407167914,0.7954151283114466,0.5905044705052331,0.6804057859886821,0.7402112962753109,0.6971567029210931,0.7044726886326846,0.8577812238906728,0.5440273342819868,0.8844834814579883,0.8369591621743946,0.7061970054220825,0.7415488883378794,0.7221998686662614,0.7742943170913286,0.9418147080511319,0.8958061179816813,0.9350354630229669,0.7109989288393819,0.8577854270532119,0.650540130012661,0.9355297596516796,0.9825784749652078,0.9517348695739087,0.5455649306421169,0.30080597938694154,0.9378246801704411,0.8176248919537719,0.7840931815527368,0.7995051340460271,0.8538913507837402,0.5132278024121044,0.339004296195349,0.9975390647707765,0.8420784215528956,0.8436003040827778,0.9979445208103823,0.9440212615168149,0.7317360531326409,0.47961978666684335,0.982578474965208,0.8420784215528956,0.6209169197854549,0.42922148786095804,0.7856666729249001,0.8420784215528956,0.778503793076865,0.5609634364833767,0.4730406961376411,0.5777098225776249,0.7223758568067653,0.836959162174395,0.8420784215528956,0.8354779565085098,0.8420784215528954,0.6052092839291867,0.6619386409956374,0.7047342692150202,0.8420784215528956,0.6837153672707961,0.8420784215528956,0.6112240092282359,0.7773885056881581,0.7402112962753109,0.6141972970346388,0.852744627559685,0.3097984614055376,0.8603130600722222,0.8970283477106122,0.9386680839111541,0.7260158778131138,0.6008012919739252,0.8081519823819929,0.858324459587394,0.8771766788561685,0.7338325966763777,0.732824066405886,0.816617837928481,0.8341600841718481,0.50242129769299,0.8689141487262382,0.643702033381214,0.9128990693399448,0.8420784215528956,0.8608614345026252,0.8420784215528956,0.4987552266577143,0.7365308980319902,0.8769212489428946,0.9954004231416074,0.309798461405538,0.8436003040827779,0.5718318044472327,0.804082516008658,0.666942055700622,0.9678769406788856,0.423588547889603,0.8278482408692522,0.6011503026438638,0.9652152829353012,0.5084443396655962,0.8369591621743946,0.8607711943559354,0.6149471505240491,0.7614076267185659,0.49610831722897253,0.7650563894650608,0.885121584000027,0.7320021782456281,0.6260806738716496,0.9576073188885357,0.5406556835636842,0.6733640181261895,0.5457963421373078,0.8700853537305533,0.35721016256837035,0.726341123311193,0.8432045372944466,0.9920559642466493,0.8700853537305533,0.8450256802019889,0.3730334034886983,0.8951627873918945,0.7009447294063613,0.8008619010590683,0.852744627559685,0.7476549733331903,0.3116791816211657,0.8319645762487429,0.852744627559685,0.852744627559685,0.37369407879773486,0.8700853537305535,0.3971859254333543,0.5613586367423751,0.643702033381214,0.8730625398173446,0.9776793852114212,0.8420784215528958,0.851075184325023,0.8319645762487424,0.9245130324548216,0.33116644264190476,0.6131914592893304,0.852744627559685,0.8056009094279597,0.8850613739713477,0.4388240045031526,0.8354959712867376,0.5999586890909628,0.7706305398110271,0.7154983336336673,0.5797184569680294,0.6344425218523326,0.8763243374738712,0.5867965630964325,0.876324337473871,0.9896430095284023,0.619505575273766,0.7370742776572667,0.9236703803405709,0.8420784215528956,0.7114498167743233,0.9624800876315094,0.7869927119133115,0.8700853537305533,0.9639459734638129,0.8369591621743948,0.8420784215528956,0.952818037112177,0.9059500308908428,0.8828532941996559,0.8345925427892951,0.5433325453959907,0.7954151283114466,0.891418746021108,0.36163428111092877,0.46811248096582414,0.8288717695259114,0.6380921181225206,0.53294177476094,0.7320261013979331,0.6473749361787795,0.5846822193999595,0.6285571193920867,0.6777416207066527,0.8828532941996556,0.32629293696133743,0.7476549733331899,0.28862663506828334,0.8270835681605351,0.8369591621743946,0.8584589212253309,0.7232585815131745,0.3116791816211657,0.29369463210281166,0.436478605257546,0.8420784215528956,0.2575121451504253,0.897169947938618,0.7718228502002125,0.8236768820248002,0.7856666729249004,0.4613578332671997,0.8420784215528956,0.8420784215528956,0.8760791662925926,0.871697669962894,0.6191937381869819,0.8420784215528954,0.876324337473871,0.8420784215528958,0.7590511108596087,0.6804057859886821,0.28745161524357243,0.8420784215528958,0.7629183202472418,0.8085191611024447,0.478459590477438,0.4037978367034233,0.8420784215528956,0.6305521632770459,0.7402112962753107,0.29291264082213975,0.4129128026342631,0.7840931815527363,0.7281114307672625,0.852744627559685,0.30310345123191207,0.8420784215528956,0.44742972977912987,0.7869927119133115,0.6227801355239253,0.8593685559008537,0.9981325409442721,0.4750205398091254,0.8223064904295256,0.8420784215528956,0.6973063584368868,0.45137773950798743,0.8420784215528956,0.8476177654692201,0.32068061880181464,0.5226878254401202,0.42571167536934906,0.27929883706923886,0.8420784215528956,0.8630091021168957,0.5553539256417553,0.8984876543923497,0.7489703635367908,0.6223966123763971,0.7956452957320662,0.4931020419049148,0.6939345811637794,0.852744627559685,0.9218301743762688,0.34504691182031166,0.8970283477106125,0.2221838450362953,0.7132369529919513,0.597890795561427,0.9456844746310795,0.8583244595873938,0.7869927119133118,0.8420784215528956,0.8700853537305537,0.7291083808107388,0.5219678323738081,0.825662231451429,0.8630126022609137,0.8319645762487431,0.580703762295656,0.8782416695665332,0.8603130600722224,0.8388389232603322,0.8420784215528956,0.8176248919537716,0.6240015453849683,0.82559490399149,0.9505912604680006,0.19300108542228966,0.9734494449255834,0.8395354007841392,0.9943406015515466,0.6080469874851782,0.884362987598365,0.9138808918740071,0.7529861375524181,0.6878364635748526,0.8942713245533169,0.7911753068017786,0.8085191611024443,0.7328240664058854,0.9556110934976771,0.7879863126990592,0.9289878759232137,0.847567033410713,0.8909939462774465,0.7601449416745135,0.9678769406788856,0.5465463723167961,0.5158944142115351,0.5113355502687758,0.77623027645726,0.9099932817368694,0.530190498108342,0.7257684169846019,0.7183140116471444,0.9656378267735529,0.9213564111708461,0.4329029191583702,0.9420693371951752,0.5389683171947812,0.8670992417859469,0.775558990558914,0.5130956558562165,0.852744627559685,0.8910644087836375,0.526447493698746,0.8236768820248004,0.9328489318979989,0.7712678746665544,0.7022786140779864,0.49609633637157613,0.9983375664997722,0.8191012604339092,0.8270835681605351,0.8270835681605353,0.9431098218103224,0.7712678746665548,0.7668230595030052,0.47095284578751073,0.7292460846401609,0.8369591621743948,0.836959162174395,0.5431325508901662,0.9670164336971054,0.8270835681605353,0.6011503026438634,0.8420784215528956,0.8984876543923499,0.8420784215528956,0.8420784215528956,0.33932385809058596,0.9813313349882197,0.7476549733331899,0.8420784215528956,0.3147619585805601,0.17587638987319998,0.9316713606666092,0.6826720480294779,0.6461341247902082,0.47437333968925977,0.8790138615289518,0.8564850009119904,0.23138776641131242,0.7460123964121116,0.857022049089629,0.9672708404642685,0.5382587293201538,0.5972302835511127,0.4561870227359849,0.7668230595030057,0.9618529529912929,0.7428081663990695,0.845168284944096,0.8984876543923497,0.6939345811637792,0.852744627559685,0.8124055233366319,0.7869804309193134,0.9555812918987134,0.8240441573299115,0.5406556835636838,0.7840931815527366,0.5137191987054317,0.7137226369256504,0.9962401928315003,0.7639668145550393,0.9349255385956456,0.8473352221942345,0.9646402389608917,0.4071794662618794,0.6112099004684926,0.8914187460211083,0.6691144370278326,0.8689141487262388,0.7215502651366397,0.6569391826041673,0.8369591621743948,0.3700579188162748,0.7707675179901414,0.8828532941996559,0.4093720602441222,0.22062717299341605,0.9978117832046824,0.4018584104982086,0.8085191611024445,0.8869292459516156,0.6927395234813787,0.8420784215528956,0.8583244595873938,0.6483914814955529,0.9319959257948536,0.6981136912198211,0.8881055329138736,0.771156650222549,0.814274370940407,0.4750205398091252,0.7997160938696783,0.2695369874072806,0.8763243374738703,0.3711225064186001,0.903085041902561,0.6382180526774826,0.8319645762487431,0.9888330225636904,0.7596891768225826,0.7755589905589138,0.8193098328029464,0.7039460644600231,0.6129882316064346,0.4111615235313457,0.641995012988591,0.7678206430161243,0.43984922295569484,0.5685287756785895,0.9542332721737897,0.9514374462741437,0.9280287835949239,0.8745067514550773,0.5124872801244762,0.7372004999965187,0.7361684174124186,0.8660830247325573,0.4564425529326207,0.505647235115084,0.9223798585420757,0.7742424354450037,0.7959075277121458,0.8635559063157405,0.7402112962753105,0.885121584000027,0.8852351634832593,0.7882802647586364,0.8984464417843046,0.7695311105367922,0.8130313197766206,0.9825784749652078,0.8583244595873938,0.8828532941996556,0.8420784215528956,0.8691973026910572,0.581590559496413,0.5589148676560333,0.751421273597368,0.8420784215528954,0.49705399110388915,0.4674292362174497,0.7128362024743826,0.759051110859609,0.7009506697374124,0.6635996286870587,0.7305874146832979,0.8416613580114849,0.7968186918205677,0.834625152596179,0.34746464817702016,0.6766412364083272,0.8640960613563904,0.6974923708327121,0.9972940087996508,0.852744627559685,0.7365308980319902,0.9223798585420759,0.8501471191642513,0.8319645762487426,0.8828532941996559,0.8176248919537716,0.9579218368345694,0.8720509229668816,0.5774030911645598,0.6404074698999782,0.7712678746665549,0.8881690657212306,0.6605740534261122,0.4467105934960309,0.33116644264190453,0.8369591621743946,0.8583244595873938,0.8270835681605351,0.8369591621743946,0.8369591621743946,0.868648991430796,0.8420784215528956,0.8689141487262383,0.9782131961711649,0.8420784215528956,0.7954151283114463,0.6602655095495689,0.8788619061474223,0.852744627559685,0.9639459734638129,0.9709610116834293,0.8660830247325573,0.49520674030247913,0.40059854719280996,0.6407384465449499,0.4298657186965279,0.8420784215528956,0.7114213730823677,0.852744627559685,0.7954151283114466,0.4156523983872241,0.7149464062216131,0.8700853537305535,0.8473352221942343,0.6505539066117746,0.9706994531935329,0.8288717695259116,0.8420784215528956,0.9511854069300709,0.7552193948383423,0.8526518805255294,0.5500450925927851,0.9162617337114645,0.8700853537305535,0.7828637719794274,0.852744627559685,0.7114213730823675,0.28725514505330996,0.8420784215528956,0.9919409286228258,0.680816265076283,0.7481101185247636,0.5633017279870813,0.8270835681605351,0.8130313197766212,0.31263358169241606,0.8319645762487431,0.4505117289448428,0.26678512033922863,0.8420784215528956,0.8420784215528956,0.9967324313231187,0.66257391414607,0.7858216097656441,0.6043758985795346,0.19957108005370727,0.46504866277075907,0.583976904395076,0.3018680258171942,0.7911753068017784,0.3126706796168375,0.8420784215528956,0.8993959573175436,0.8583244595873938,0.7614076267185659,0.4750205398091252,0.8700853537305533,0.3728658749782141,0.8420784215528956,0.8420784215528956,0.3656916442301754,0.8420784215528958,0.3527907743071821,0.8085191611024445,0.5554275328173355,0.687202289610336,0.8409479654474654,0.8426358808114718,0.3963657070637806,0.6194281895482678,0.8420784215528954,0.73653089803199,0.331390198475465,0.8473352221942345,0.8788619061474223,0.9530173873276266,0.8727005479331775,0.9096180560976108,0.7439188334429196,0.6890680672212846,0.6477984976695892,0.8420784215528956,0.30164564062280674,0.9233744427521511,0.41473696122754855,0.7245389665782285,0.5815905594964124,0.9977691118281807,0.5954681609536365,0.5596463768092632,0.8263796013199757,0.6700093836700788,0.2579127752286522,0.9099932817368694,0.8763243374738707,0.9064625675447129,0.9949051336728938,0.36499496780608,0.8438269625091801,0.8660830247325573,0.4272486978495863,0.9972940087996508,0.8145870830858375,0.9616984476123196,0.9590404484306646,0.756044944295452,0.7614076267185657,0.9619064228844956,0.6974923708327119,0.9017519241542784,0.4436567499371633,0.7682790600652863,0.8763243374738705,0.8590817120997245,0.7111366044233927,0.5321463811948901,0.8492865600019237,0.6970590368950036,0.9803139140174593,0.6956010837656328,0.6890680672212848,0.48576220200340314,0.9831929791885614,0.5034136420330425,0.530306182246544,0.8420784215528956,0.6635996286870585,0.9181415671352164,0.6096558711921753,0.7481101185247634,0.9269858616034761,0.6311119638925505,0.7079776527725186,0.8420784215528956,0.46436636465803827,0.39637180435509456,0.8461643043160514,0.2646018390750743,0.4080707294597543,0.3126706796168375,0.8583244595873938,0.349878746936681,0.9298183390176582,0.9406151453045032,0.3980772208277912,0.7997160938696783,0.5123634971973559,0.8828532941996556,0.8483722207901452,0.8420784215528958,0.7009447294063613,0.7828637719794271,0.2783153455543107,0.9978117832046824,0.4372655261712879,0.7682790600652862,0.8369591621743946,0.38300686007107976,0.5685287756785893,0.6770246072637978,0.4343456504780536,0.36211395114918854,0.8420784215528956,0.3177473647450503,0.5750634554022169,0.7590511108596087,0.8420784215528956,0.340319750704978,0.9032466991467192,0.8700853537305533,0.9456844746310795,0.8369591621743946,0.5500119300914519,0.7509796841765064,0.6804057859886821,0.9579218368345694,0.9719564686191084,0.8727002842503788,0.4315464038413399,0.8420784215528956,0.7177592982835586,0.8420784215528956,0.7712678746665548,0.643257851615546,0.410050228838698,0.7614076267185659,0.923041503316071,0.7222497556569503,0.5416137413031411,0.7799565059593387,0.8420784215528956,0.7833470371575921,0.2363740492914802,0.6054672819499609,0.8526518805255296,0.7365308980319907,0.8914187460211076,0.7668230595030063,0.8771090375593499,0.8388237514735577,0.38798286006169536,0.4525104022309827,0.8388237514735577,0.759051110859609,0.8583244595873938,0.6596133430076063,0.8388237514735577,0.7614076267185659,0.9949051336728938,0.8436003040827782,0.643702033381214,0.8369591621743948,0.9194587601703392,0.7954151283114463,0.5290494357810415,0.7365308980319905,0.7867068273063512,0.49457714501525774,0.6487077918072723,0.8426783496858161,0.8122617064179536,0.7620044768332236,0.759051110859609,0.7115785419150116,0.5364505280643859,0.9713969080959798,0.7149464062216135,0.8283380468764912,0.812693856710479,0.8846853407167914,0.6924069356302573,0.9959668908084219,0.783953208723905,0.774754055007119,0.6134576123893527,0.9245130324548216,0.8640960613563904,0.9545297869536014,0.5548762612807423,0.7900787819428654,0.7177143386293863,0.7668230595030054,0.8932766839783672,0.8536610230431645,0.6230107018934128,0.8420784215528956,0.5338117336034138,0.7435816424591515,0.8439713408604812,0.4046805708351644,0.8804170407517538,0.8640960613563902,0.8283176520649274,0.9641455846165872,0.589270022807937,0.937629852928981,0.814274370940407,0.8944470778785167,0.96002016285421,0.7804445709696411,0.8130313197766212,0.8455739566832532,0.9243307498488826,0.9834491526150502,0.6454247152785251,0.852744627559685,0.8782416695665332,0.3130484657409792,0.5412422037759661,0.9166260538738977,0.9409970633628697,0.43901017146028376,0.6701731052236135,0.8886615438957008,0.8886615438957008,0.4075395021354248,0.8193098328029464,0.6974923708327123,0.9236703803405709,0.17940636354351347,0.7954151283114468,0.8640960613563904,0.3548223307901972,0.9086081532995891,0.909148116938832,0.7856666729248998,0.6402890334311417,0.807132551826844,0.6865834783369595,0.8640960613563904
p47_M,0.7454622072918127,0.919346293979701,0.8512300448035055,0.9675603521328207,0.930160641445072,0.9481929520311925,0.6165585192247758,0.6789958761224533,0.8677481975092114,0.945305581259918,0.9173148291382114,0.9278966962971924,0.9278966962971924,0.8934425806304627,0.9982103757454243,0.8953265605968894,0.9235293061149326,0.9057994954598185,0.942546448360206,0.9453055812599183,0.8720961728433063,0.9993652126586656,0.9518647719377948,0.9647682499737457,0.9133573033767912,0.9057994954598185,0.9235293061149326,0.885110846748371,0.945305581259918,0.988378183377324,0.8968796530895524,0.9373453016197317,0.9214166876382093,0.8884027441326574,0.930160641445072,0.942546448360206,0.9324854129452831,0.9214166876382093,0.9481929520311925,0.9039735099337751,0.8616681034607225,0.350595845365792,0.9481929520311925,0.9120445952292817,0.9235293061149328,0.9565341728446843,0.9348776724743586,0.9343853672893321,0.9039735099337753,0.7379563692395454,0.937345301619732,0.7931869820434172,0.9057994954598185,0.9631827089102738,0.8095032117574519,0.9021698077369342,0.9021698077369342,0.9301606414450723,0.9491432468033933,0.925687886831601,0.9009164784975772,0.8090724896337733,0.6334069035135799,0.9477894660083728,0.939897739160851,0.9548519906045856,0.9923551296406039,0.8212905093630112,0.8331258066765206,0.942546448360206,0.8917480396328272,0.9039735099337753,0.8705563612990557,0.8181549736125886,0.9301606414450723,0.8438899131338649,0.9153193686659862,0.9173148291382114,0.7367788220993219,0.9481929520311925,0.9173148291382114,0.9492423737771563,0.8986240534007521,0.9790021042835307,0.9301606414450723,0.8867504707956386,0.9153193686659862,0.9447533605770998,0.8129613112340854,0.9278966962971924,0.9301606414450723,0.8512300448035053,0.9014415776298372,0.8473678574069078,0.9709418084101296,0.7319498093790551,0.8482845240792767,0.8453519108162275,0.8532450756729786,0.7459622783032684,0.9021698077369342,0.9348776724743586,0.930160641445072,0.9707192135125746,0.8469234123385455,0.942546448360206,0.8723787692931402,0.9133193034224285,0.9630274699754413,0.6805159103889824,0.8293823202072208,0.9076492093936457,0.9624915843064465,0.8755049702528588,0.9348776724743586,0.6990869782313256,0.919346293979701,0.942546448360206,0.9481929520311922,0.9344940840195742,0.8972573328551651,0.8424305171733326,0.9133573033767912,0.9247878765480753,0.9057994954598185,0.8216572613196979,0.9324854129452831,0.640352543284024,0.9278966962971924,0.7272782289082182,0.9748138293191466,0.9348776724743586,0.937345301619732,0.7890004138281905,0.9235293061149328,0.7873050390084448,0.7815710571350463,0.9373453016197317,0.9373453016197317,0.925687886831601,0.9015735786432628,0.945305581259918,0.8908590156355689,0.8733223207677872,0.8453519108162277,0.9706124859248633,0.9629480780132713,0.7828637719794274,0.0,0.710952475217236,0.945305581259918,0.9009164784975772,0.7506461924034051,0.8884162571534371,0.9373453016197317,0.9417675268326107,0.9394364232135333,0.8818669950401861,0.8742564753918105,0.8424305171733326,0.8759739146579011,0.9348776724743586,0.9095242312718106,0.6468696176183649,0.8586624125474209,0.885110846748371,0.8318174538959873,0.8616681034607225,0.8986240534007519,0.7775490242069445,0.9629411142488209,0.9278966962971924,0.902169807736934,0.9670277160867209,0.8692494746944213,0.963523928699781,0.942546448360206,0.9211808874473997,0.923980167630279,0.9236723713212409,0.9101409027007874,0.873715209704574,0.9393902601956408,0.63641214400572,0.9797457258011706,0.79903029047136,0.9470225378956119,0.4651217208538393,0.8614716313674342,0.8951528182413433,0.9256878868316012,0.836272447355894,0.9532638165298672,0.8605892592068799,0.9911824756094174,0.9301606414450723,0.8620219128927745,0.9256878868316014,0.8187079056263165,0.773891144316301,0.9333927619948954,0.7332324017161841,0.9301606414450723,0.8192881242230787,0.6677830396977309,0.945305581259918,0.9301606414450723,0.8379276408825634,0.9159197701772377,0.9236723713212407,0.8742564753918104,0.8692844153563806,0.9278966962971924,0.9301606414450723,0.6800018754437991,0.9301606414450723,0.7592543318170397,0.8009771734130315,0.7738911443163009,0.9301606414450723,0.8570520663595733,0.9301606414450723,0.9931074218988051,0.87237876929314,0.885110846748371,0.8293823202072206,0.9348776724743584,0.6947647484082912,0.9728091693196088,0.9114262935403585,0.6224284893742784,0.9610938099054707,0.9288702044783974,0.888402744132657,0.9373453016197317,0.8225535671978912,0.9324845735813608,0.8107723431911641,0.8869641315110046,0.9159197701772377,0.8834832246395519,0.754905180760383,0.8424305171733326,0.8387057007283614,0.9301606414450723,0.6345856922664816,0.9301606414450723,0.9586194355688178,0.8834832246395514,0.8976252143176513,0.7695273527363702,0.694764748408291,0.8620219128927745,0.9139704635473276,0.913357303376791,0.8527082022594994,0.9173148291382114,0.8557505677224826,0.8527529638705941,0.8236124075183946,0.8236124075183944,0.5516391871980817,0.9278966962971924,0.939897739160851,0.7869659175862753,0.9481929520311925,0.9273375589956827,0.8044326866649611,0.9076492093936457,0.9706858708533024,0.8279389502457004,0.6225760742132914,0.8389964593972764,0.6984031193986371,0.856390268766668,0.942546448360206,0.7692689390597727,0.8818669950401858,0.9492423737771563,0.8938342322827075,0.942546448360206,0.9944458368731314,0.8201913718736169,0.9398977391608507,0.8886639795414621,0.8934425806304627,0.9348776724743586,0.8884027441326572,0.6380503231244012,0.9256878868316012,0.9348776724743586,0.9348776724743586,0.7230219946758534,0.942546448360206,0.8683656019735588,0.917868019924349,0.8424305171733328,0.6658690432921661,0.942546448360206,0.930160641445072,0.9795615437314455,0.9256878868316014,0.9373453016197317,0.733084743245008,0.9741679766917546,0.9348776724743586,0.9039735099337758,0.8198419226166272,0.7460262960123405,0.5684670033352459,0.9222749172063311,0.9138955066325833,0.9210316750994231,0.8187739216664085,0.8749740389555237,0.945305581259918,0.9269440685361907,0.9453055812599183,0.9219224280637737,0.9218975021343332,0.8755049702528588,0.9348776724743584,0.9301606414450723,0.937345301619732,0.8955832386010321,0.9057994954598187,0.942546448360206,0.939897739160851,0.9752830459923439,0.9301606414450723,0.9133573033767912,0.5805350414762356,0.9481929520311925,0.8770810709357257,0.9348429516689407,0.9095242312718104,0.4575465901506729,0.8267851661932408,0.7647776604185781,0.9133573033767914,0.9214166876382093,0.7813770585443971,0.9348776724743586,0.8884027441326574,0.7629288364281732,0.9193462939797008,0.9670332374157118,0.9481929520311925,0.7020592777806824,0.8884027441326567,0.6854017038809374,0.9235293061149328,0.9278966962971924,0.9947118295222932,0.8424305171733328,0.7029385753608102,0.6358010061218786,0.7507878712472875,0.9301606414450723,0.9160622641764617,0.6823806307371937,0.8900683556162929,0.9143869606810532,0.945305581259918,0.7546466064814386,0.9301606414450723,0.9301606414450723,0.6424982872802021,0.5402930922210001,0.8062915690984298,0.9301606414450723,0.9453055812599183,0.930160641445072,0.8934425806304628,0.8586624125474209,0.9034350857644682,0.930160641445072,0.8951528182413433,0.9153193686659862,0.7693535739719675,0.7363351033903193,0.9301606414450723,0.836615108651036,0.885110846748371,0.6872971503142594,0.7476221565370911,0.8951528182413433,0.894686983521958,0.9348776724743586,0.6575177348239957,0.9301606414450723,0.7213231837371268,0.9057994954598185,0.8300652029984741,0.7885350765260479,0.8106487443522892,0.767832685597658,0.9214166876382093,0.9301606414450723,0.9695991843441591,0.8825275116875528,0.9301606414450723,0.7528754052666145,0.8037627106407699,0.9670277160867209,0.7460262960123403,0.6468696176183647,0.9301606414450723,0.9744909805097621,0.8919348263226167,0.939897739160851,0.9124692013550446,0.8550038640962333,0.6420737897416808,0.9657791214744029,0.8571671175052398,0.9348776724743586,0.7123173670905063,0.8970782185921153,0.9114262935403585,0.9376007728795195,0.9478958696355517,0.8221709206355945,0.9114262935403588,0.937345301619732,0.9441989622120355,0.9301606414450723,0.942546448360206,0.9521109638157486,0.9745120835260126,0.9110940012363835,0.9003870625528829,0.9256878868316012,0.9328833498710198,0.9647682499737457,0.9256878868316012,0.9602126215445623,0.930160641445072,0.919346293979701,0.9106603153163206,0.8677481975092118,0.87860911032846,0.9495013184114423,0.7425590290337527,0.992980876159153,0.9114262935403585,0.9290125122194963,0.9153193686659862,0.945305581259918,0.8753600258214991,0.9509740251210721,0.8786176172006355,0.9076492093936457,0.958611865344995,0.8662187967802519,0.9348776724743586,0.7764004165561768,0.9764965868575897,0.8562332614445931,0.9889605162825021,0.9086749297455426,0.8252984164236813,0.8968796530895524,0.8025205592445634,0.821146625308796,0.8692844153563806,0.9386569025459166,0.8750415532406264,0.8769755445526377,0.9976903810580002,0.5741399161586938,0.9114262935403588,0.771057736267412,0.953991793642735,0.7961129991402649,0.33583106112661787,0.8834832246395514,0.8547504953716945,0.9348776724743586,0.9149635305599799,0.9972117617816114,0.8867504707956386,0.8225535671978913,0.942546448360206,0.8498046240199526,0.9333927619948954,0.939897739160851,0.885110846748371,0.9235293061149326,0.923529306114933,0.8976252143176512,0.942546448360206,0.8968796530895526,0.7601602309409901,0.880261583243356,0.9278966962971924,0.9278966962971924,0.9568500771766758,0.7331139349226523,0.9694672365613166,0.8236124075183946,0.9301606414450723,0.939897739160851,0.9301606414450723,0.9301606414450723,0.6146797086208047,0.9114262935403588,0.888402744132657,0.9301606414450723,0.9546909009709204,0.9977533056098324,0.8834832246395516,0.8523570829488293,0.836615108651036,0.7330510092157587,0.9861399395631696,0.7814079013703841,0.9032432795467651,0.9214166876382088,0.8970782185921153,0.9398977391608507,0.9198942322161898,0.8991374099881002,0.943228434104969,0.8968796530895526,0.9888899454936781,0.9256878868316012,0.7680366389498348,0.939897739160851,0.9133831509246992,0.9348776724743586,0.8920984402161447,0.916588943348655,0.9076492093936459,0.9923032503352311,0.7697558722086643,0.8951528182413433,0.9911824756094174,0.8863813144724595,0.9403725843137771,0.9879700133881206,0.915319368665986,0.9324854129452833,0.9460739320544691,0.8186638501535697,0.7798870083823579,0.9373453016197317,0.9451210156505687,0.923529306114933,0.9186294568159505,0.8482845240792771,0.9278966962971924,0.6872971503142593,0.8986240534007521,0.9481929520311925,0.7330510092157587,0.9035808139998691,0.5464923668041414,0.816023876240958,0.915319368665986,0.7027672198623284,0.9421945188662542,0.9301606414450723,0.937345301619732,0.9506768980005937,0.621452614729216,0.833118952533078,0.7484972553632956,0.9256878868316014,0.8986240534007519,0.767832685597658,0.9114262935403585,0.6424948870402414,0.9453055812599183,0.7161768939012279,0.8681962088300323,0.598799224290343,0.9256878868316012,0.9662633710722657,0.9588402929666442,0.9218975021343333,0.9095242312718104,0.9549813042300448,0.8867106096133617,0.7395916258346775,0.5372155777273766,0.8884027441326567,0.9649495303379833,0.8091858387065827,0.5681229358233317,0.9453055812599183,0.9133573033767912,0.9133950814332603,0.9506024935039543,0.8988656686535057,0.9353881090748284,0.9278966962971924,0.7840505914161159,0.7813770585443969,0.9481929520311925,0.6276867433607296,0.9348776724743586,0.8867504707956386,0.9506768980005937,0.9076492093936457,0.9896123046512102,0.8968796530895526,0.7982071677784182,0.8548240290076601,0.9602126215445628,0.6364121440057217,0.9373453016197317,0.9481929520311925,0.9301606414450723,0.8434397844184094,0.8392379483976138,0.8327150798336284,0.8900683556162929,0.9301606414450723,0.977311271793691,0.7586113066985587,0.798196864462956,0.8934425806304629,0.8677481975092114,0.8512300448035053,0.6971745548273522,0.9410385822771794,0.9003870625528829,0.8583741958708495,0.8410632073109217,0.9314155108000668,0.939897739160851,0.8662187967802519,0.9021698077369342,0.9589376456981176,0.8834832246395516,0.9481929520311922,0.6961750005784259,0.9256878868316014,0.9481929520311925,0.919346293979701,0.9021698077369342,0.930160641445072,0.8283380468764913,0.8409735269221554,0.942546448360206,0.8207356119850878,0.9153193686659862,0.7839490138443324,0.7330847432450079,0.9278966962971924,0.9373453016197317,0.923529306114933,0.9278966962971924,0.9278966962971924,0.8099201004872925,0.9301606414450723,0.8008431112067665,0.9455409403449178,0.9301606414450723,0.9095242312718104,0.8497555614289234,0.942546448360206,0.9348776724743586,0.7171048757053851,0.6051560701903468,0.9278966962971924,0.805528732714573,0.8871007327856484,0.9923032503352311,0.6968748369723712,0.9301606414450723,0.8723787692931402,0.9348776724743586,0.9095242312718106,0.7903896037626322,0.9351653085231248,0.942546448360206,0.9324854129452833,0.9133573033767914,0.8570244110589613,0.9545623789260473,0.930160641445072,0.9807928612526089,0.9260693029293159,0.9325461471620271,0.8235608400569423,0.9173148291382114,0.9382239240989046,0.9039735099337753,0.9348776724743586,0.9634189144741114,0.921553441189657,0.9301606414450723,0.930160641445072,0.8380660059124045,0.945305581259918,0.7768964388915283,0.9235293061149328,0.9173148291382114,0.8887281361360805,0.9256878868316012,0.9443794887031447,0.6757424958515799,0.9301606414450723,0.9301606414450723,0.8613052569026816,0.9459778749738972,0.8662187967802517,0.92753402304463,0.9934267985379968,0.9421859185633483,0.7798870083823579,0.694219197411847,0.9076492093936457,0.9092814106943905,0.9301606414450723,0.7608691747948085,0.937345301619732,0.9481929520311925,0.767832685597658,0.942546448360206,0.9682460236459269,0.9301606414450723,0.9301606414450723,0.6910533747805283,0.930160641445072,0.6796434622826031,0.9153193686659862,0.8033919351330518,0.8616681034607225,0.9162320570522574,0.8616681034607221,0.712501200148461,0.7946511399266383,0.9301606414450723,0.8834832246395514,0.6389604266569997,0.9324854129452831,0.9978387378693493,0.9502665240503665,0.9311894142313608,0.8770810709357257,0.8867504707956386,0.9324854129452831,0.8062915690984296,0.9301606414450723,0.6854789183571148,0.91989423221619,0.8903752243099392,0.8250541437737122,0.8149622918828374,0.5546167268534237,0.9815195207917641,0.8692494746944213,0.9457697991278943,0.8192881242230787,0.9307099100454159,0.6630293198676165,0.9453055812599183,0.9675603521328207,0.9057994954598187,0.7135893921995238,0.8976252143176512,0.9278966962971924,0.8546731630246907,0.6884052152172935,0.9807928612526089,0.6963968008093093,0.7232987552930363,0.915919770177237,0.9481929520311925,0.8547020723633447,0.8662187967802519,0.8900683556162929,0.8852751342149696,0.97998139075904,0.9453055812599183,0.9153193686659862,0.9573422906623259,0.8362828261770625,0.9662633710722659,0.9763068251524243,0.7628461201347064,0.9374023743243105,0.9324854129452831,0.8908441953354027,0.9806744835221557,0.8891000442691754,0.8556175660999659,0.9301606414450723,0.8512300448035053,0.97998139075904,0.7963205193704967,0.945305581259918,0.8190726528861471,0.9095242312718113,0.801939800185757,0.9301606414450723,0.6424948870402414,0.7330510092157587,0.909524231271811,0.6402815017801011,0.5970282148534657,0.6266151617573605,0.9923551296406041,0.9588402929666442,0.8789147099104677,0.9644198581615527,0.7280707215884725,0.9114262935403583,0.7843472633784994,0.9481929520311925,0.9114262935403585,0.930160641445072,0.8263226966242292,0.9039735099337751,0.8376841602844023,0.8662187967802524,0.7612868616385338,0.9203771106130235,0.9278966962971924,0.967027716086721,0.8091858387065827,0.8571671175052398,0.6872971503142594,0.7179007902469757,0.9301606414450723,0.7126217466972069,0.8120757404207615,0.8934425806304627,0.9301606414450723,0.7900755252357381,0.9888899454936781,0.942546448360206,0.9518647719377951,0.9278966962971924,0.8576603095882955,0.9790021042835308,0.8300186788531602,0.9393902601956408,0.8739376826205691,0.9114262935403588,0.742821667536957,0.9301606414450723,0.9003870625528829,0.9301606414450723,0.9978387378693493,0.9049850794674033,0.9988078975031645,0.9481929520311925,0.5951516615336073,0.900500972841759,0.988641266437865,0.8934425806304629,0.9301606414450723,0.7844514113273959,0.9733516343456694,0.9802994094637709,0.8968796530895526,0.8834832246395521,0.9373453016197317,0.8968796530895524,0.6120866946697964,0.950974025121072,0.9629480780132715,0.7179007902469758,0.950974025121072,0.8934425806304629,0.9373453016197317,0.8424305171733328,0.950974025121072,0.9481929520311925,0.9057994954598187,0.9133950814332602,0.8424305171733326,0.9278966962971924,0.6120866946697964,0.9492423737771563,0.8786176172006357,0.8834832246395519,0.9672582712673323,0.8818669950401858,0.9039735099337753,0.9268729171371121,0.9165889433486551,0.9981627476944335,0.8934425806304631,0.864695866516187,0.8938426047780793,0.9954357283911512,0.8739376826205694,0.9039735099337753,0.9133950814332601,0.9348776724743586,0.922972598049228,0.8819276377817322,0.9003870625528829,0.9003870625528829,0.9210178056318985,0.937345301619732,0.939897739160851,0.9478958696355516,0.8986240534007526,0.8164046358495625,0.9861817550572927,0.8968796530895526,0.7356670028534671,0.9630274699754413,0.8951528182413435,0.930160641445072,0.91032132804779,0.8833228416971848,0.9926063688129417,0.8631790748003905,0.9753893906961739,0.939897739160851,0.9219224280637737,0.892418408800612,0.9057994954598185,0.9235293061149328,0.8986240534007524,0.890375224309939,0.9029830696099471,0.734036019962228,0.9173148291382114,0.9171747266991531,0.9278966962971924,0.8203084347981148,0.9588402929666443,0.9348776724743586,0.9324854129452831,0.8704840658629902,0.9003870625528829,0.9348776724743586,0.8263226966242294,0.850519757878273,0.9307692768956471,0.9256878868316014,0.9256878868316012,0.9406196664726192,0.9889605162825021,0.8955832386010321,0.9348776724743586,0.8538388368985186,0.9095242312718106,0.939897739160851,0.8527082022594998,0.9466889433536754,0.9324854129452833,0.945305581259918,0.8688785388851112,0.942546448360206,0.7240818500228575,0.939897739160851
p47_Y,0.8930669853298439,0.795511158100319,0.7026484001207891,0.8480173468722388,0.8180179329687023,0.8207663324301319,0.8337841934832401,0.8091431072984365,0.6186884463440885,0.8353653627728157,0.9814141277606032,0.782963206823625,0.782963206823625,0.6313498292378701,0.9812065550381908,0.8146654871458849,0.865634808551118,0.6741002898710917,0.9363981539429046,0.8461628292403136,0.6772070825731952,0.9833044121535635,0.8998639210155852,0.8841357084407879,0.9961190246234446,0.7164488397748476,0.7614781847347716,0.7099218761947244,0.8461628292403136,0.7791312543732474,0.7906842014554434,0.8114042753167636,0.8043919340719942,0.8540839904867896,0.8462580005670894,0.8012314698665085,0.8258956469281089,0.7281301321613104,0.8440565830183069,0.6677830396977308,0.5376937752368182,0.7220166287647438,0.9185403795853204,0.7656873744226766,0.8656348085511182,0.4700686570075434,0.8942600569458921,0.6045503801078262,0.9034350857644682,0.5521903666172374,0.9049485083889179,0.3500910088882664,0.7382149422874926,0.845207051396056,0.8142990563745895,0.7248362750841855,0.8725208594320994,0.7583810530554915,0.8113828044862998,0.9098641085707668,0.6111812380414245,0.7176944965698792,0.9341098649012984,0.8305925935204237,0.7920678930417445,0.6357188446295121,0.8456002034186691,0.7775626480709914,0.83798189195817,0.8688148119047068,0.6254873296405847,0.689205952976525,0.9309782033622507,0.3328470835922004,0.7583810530554915,0.8066279811253554,0.778495606071844,0.7382550877906267,0.3435689893034821,0.820766332430132,0.8726904482574116,0.7545272461445456,0.6492758529053748,0.8917613149975419,0.7583810530554915,0.6081975471352881,0.8023156042493033,0.6075746851241277,0.7183255667635984,0.7779891015560232,0.7583810530554915,0.5008338994456716,0.487098605817222,0.5857475738982814,0.8747325300896137,0.9323996579645815,0.5211297361923155,0.6772070825731951,0.39121047392927144,0.3986819821439882,0.7459340728481738,0.774700276106552,0.7583810530554929,0.7815158392392881,0.8337529314862966,0.827060148923404,0.7476935202747099,0.33171053392868943,0.7391984546954609,0.3548469092405846,0.438395865547593,0.9903060151926137,0.5447029289035719,0.8844674671526603,0.8039765114147406,0.4668710482188594,0.8949029446917939,0.8270601489234037,0.8207663324301315,0.4797203890948951,0.8377500727419278,0.5897911332063234,0.7002475745525756,0.992853823043562,0.826463007459607,0.607644971090443,0.8550156776844486,0.8190504958769996,0.9700724666399269,0.667661173569247,0.4733987811245015,0.8047947912836027,0.7832373813705655,0.8440565830183067,0.7354390287806853,0.601680556125709,0.601242742001521,0.7832373813705662,0.8425856863408152,0.7963267771106676,0.6703908345469745,0.8353653627728155,0.6232251069414347,0.530648870650201,0.6165689125003957,0.6300040523143808,0.7753465152893688,0.34640233953434896,0.710952475217236,0.0,0.8107770727973278,0.6111812380414245,0.9020888523416184,0.8898679823490466,0.8767816144427207,0.7323753884960305,0.7539084414191086,0.7004864058164684,0.716151450807323,0.4848497680345286,0.8545434755779635,0.8348893064606532,0.7320136740951815,0.5113407329454001,0.7356160711536648,0.6211075561134507,0.6698235095776006,0.7655039672351776,0.7927482838407999,0.5155531931138984,0.7889262056992293,0.9476060911812569,0.8321099718720766,0.777202084285449,0.7930907015194026,0.7525016789987711,0.8688148119047064,0.9417584211785244,0.8118997264344406,0.5654366923924026,0.8310246849069429,0.8133513098756651,0.8303252639041241,0.8104036875498972,0.8750954069139347,0.649673136629132,0.4931524576706372,0.6257567835597049,0.8452070513960559,0.9365307020635195,0.8564442696037551,0.7864594476203173,0.5277791250895738,0.3728079829774753,0.815844387060702,0.7583810530554915,0.7967756161717694,0.9031664550446916,0.8832222662860683,0.6629636025473231,0.645335520774984,0.8652846490024411,0.7583810530554915,0.5974984318881756,0.3970944309927371,0.8707511192158015,0.7583810530554915,0.855116452008348,0.7228195313572698,0.6356171636796919,0.7563198431898696,0.5815990342739761,0.7505486208297509,0.7583810530554915,0.7909105022204661,0.7583810530554915,0.49186334127946996,0.5149475147777351,0.4848761834144051,0.7583810530554915,0.7875329038791308,0.7583810530554915,0.595233027991706,0.8738727443268217,0.6025250403442335,0.6104242161333068,0.7747002761065518,0.2711081972046654,0.7963267771106673,0.9626047837817542,0.7927444267338897,0.6554424779728343,0.7481730661430284,0.7849145209889857,0.7832373813705654,0.9253250579099028,0.6557564321155487,0.8034813427872457,0.7035313487162178,0.7412056506199438,0.6492750543065728,0.7698170080916689,0.4698581444385579,0.8831541890872614,0.7583810530554915,0.7304657106805603,0.7583810530554915,0.6216995717691554,0.7623691292878553,0.8425856863408152,0.8248926798779332,0.2347624324072478,0.8258956469281089,0.6626073921614672,0.9961190246234444,0.5060455102980115,0.884150511772613,0.46633216462387495,0.8039765114147406,0.40385128161120054,0.8546871537498675,0.3812235668700832,0.7779891015560231,0.8838947839677533,0.43775662383137537,0.8440565830183069,0.652394319864678,0.5256929872748839,0.8132737960894505,0.8575751784278325,0.4903606876941148,0.8425856863408152,0.5169704338528041,0.3926213757806568,0.37198325035842217,0.827060148923404,0.3422698627100842,0.8991725529125201,0.7545272461445452,0.8457119966355479,0.827060148923404,0.9271112131542842,0.440475314568181,0.9811059808649043,0.5646798101456361,0.6707439233532094,0.7747002761065521,0.8229146776757461,0.25045626987411973,0.9632839475377788,0.8047947912836029,0.7747002761065519,0.33432272147445086,0.8012314698665087,0.3856986442154273,0.7055125173529608,0.664749251186177,0.8603684187000076,0.9026064829238056,0.7583810530554929,0.7748976060917023,0.7429069381436562,0.8456002034186691,0.3158622618885869,0.6921667858042968,0.774700276106552,0.6892059529765251,0.6541743288870723,0.3190135689591843,0.6952988144685546,0.6256941848061377,0.6301581154376878,0.814269374241971,0.8409357298681157,0.5503800145007012,0.8461628292403134,0.7361281472374488,0.9169343421262848,0.9300843038603108,0.6860472928319212,0.6568408696974852,0.8641655417688414,0.7583810530554915,0.8114042753167634,0.9967816801275291,0.6741002898710923,0.827060148923404,0.9487022485658541,0.8054295822822948,0.7583810530554915,0.9026933628314502,0.8270601489234033,0.8580082307136385,0.9812065550381907,0.6834297571563472,0.6869865299964527,0.8425856863408152,0.37365138816713195,0.36229434464837296,0.8170296517925677,0.7634578551008009,0.3207942954979148,0.834071026591791,0.8160838338000294,0.44938844270979883,0.7572258022380449,0.6653485425550556,0.8580082307136385,0.2965598620562915,0.632913894241944,0.27506121089864255,0.9781302557243623,0.7505486208297516,0.9367583751872676,0.6797408747821476,0.2994973797123621,0.23089170439292972,0.3114519007900006,0.7583810530554915,0.48793756526740895,0.7530446947103622,0.6581209291508352,0.8845536449186113,0.8707511192158015,0.4506439099697519,0.7583810530554915,0.7583810530554915,0.7109524752172356,0.6690197467269572,0.5319741844467387,0.7583810530554915,0.810777072797328,0.758381053055493,0.8086232527568988,0.7035313487162176,0.38495120698510643,0.8148611882522668,0.6572175713535,0.7308556097169254,0.3790894848840062,0.37007568731372453,0.7583810530554915,0.654966989405249,0.6025250403442335,0.22102037742820402,0.3775517602477916,0.9365307020635195,0.7011875570652022,0.8047947912836029,0.2534181522342762,0.7583810530554915,0.30388660858724637,0.826463007459607,0.6594843492269074,0.5820888669371131,0.7967756161717692,0.43660927898465685,0.7281301321613105,0.7583810530554915,0.6019265656665138,0.59533681257618,0.7583810530554915,0.9437636704893293,0.6618872915310767,0.6354322116680637,0.2943047162680894,0.2181230263601801,0.7583810530554915,0.9712642985059113,0.5639969816793977,0.8568753576398448,0.7694976800898747,0.6031653749067705,0.6502528097731815,0.6378951319418968,0.5377149621113899,0.8340710265917912,0.724477803371691,0.5602448859506444,0.7852545083467019,0.4435924093907082,0.7123404423354167,0.5812032032342209,0.8769420384818087,0.8114042753167636,0.6958663923837374,0.7583810530554915,0.8350231408856077,0.6805459904465635,0.7065464187133954,0.8483745442604143,0.845681963579656,0.7429069381436557,0.7000309027059153,0.9411441070211746,0.7696168576271617,0.8598346077756155,0.7866211206538799,0.7955111581003192,0.7009430367098075,0.6598962481681292,0.8270601489234033,0.4292825159441458,0.8707511192158017,0.8814655354773879,0.9686295686169156,0.5304573450040118,0.8023156042493031,0.8461628292403135,0.8649281981753678,0.7656694235023767,0.764745169559286,0.8354028234773458,0.7784956060718446,0.803481342787245,0.9552673671688554,0.8609148343625066,0.9904136841951487,0.8508086632763487,0.8670951063913666,0.7951478053394114,0.8970063522544092,0.7098163528201962,0.4822482020240847,0.4706276423191842,0.6492544908715889,0.9177131204592911,0.6996035768399227,0.788792470401564,0.777738759032033,0.7952013128681701,0.8310982734142556,0.31813499328201866,0.8483745442604143,0.6771612562946188,0.772687740818806,0.9462303219145964,0.6625882865901676,0.7747002761065521,0.9262269718464414,0.5402347079723011,0.7772804831173216,0.7788756487680992,0.8608518199425024,0.781786138434098,0.6763839054942329,0.9216828222379452,0.9184278084209281,0.7614781847347716,0.7614781847347722,0.93612991941297,0.8608518199425024,0.6432408580978248,0.3579462295627045,0.5857483407040629,0.9476060911812569,0.7779891015560225,0.5431589900296716,0.8566712108996191,0.7875173406888596,0.4742943866328675,0.7583810530554915,0.8190873193696528,0.7583810530554915,0.7583810530554915,0.2622538351466215,0.8998639210155854,0.6139138158985635,0.7583810530554915,0.43238234578999923,0.3539873957719717,0.8542997256012259,0.7626814916651363,0.6256043652872741,0.5664061840623845,0.794113049189112,0.8802684434944807,0.3502714935267037,0.8142990563745898,0.9220318190500725,0.8892790899388956,0.6966837160496833,0.5900578391429273,0.6707798148751949,0.8656274418447552,0.941402059559062,0.8564442696037553,0.81217009934619,0.8244716253407951,0.7448382980167099,0.8340710265917912,0.6741812086073127,0.8165644249113484,0.9017899056410315,0.7852545083467019,0.46463992525458075,0.9365307020635195,0.611181238041425,0.7333859584439868,0.8613203293378962,0.8340710265917908,0.8499556006042223,0.7664239224831367,0.953764513085839,0.4483621682570129,0.43093038644390014,0.8456002034186689,0.6813226634544809,0.9781302557243623,0.6441165733432741,0.643824313702016,0.7505486208297507,0.18467726686563157,0.6697719144675782,0.9324920272806523,0.32142956363846964,0.46832643338592694,0.7304657106805608,0.41958646228624574,0.7070356115394663,0.7018574100547907,0.7781714043744747,0.7583810530554915,0.8114042753167636,0.7842519392715934,0.8462580005670894,0.5433432899346605,0.7689244285564296,0.8564442696037555,0.9772128379006316,0.4744762741090801,0.8310982734142551,0.21596276358981026,0.8461628292403137,0.40721493947434173,0.8970063522544092,0.47498656212351476,0.7429069381436557,0.9314949372564659,0.7747082334776696,0.7623691292878553,0.7320136740951813,0.7686163402310042,0.5914877640052774,0.2466521398395397,0.4479936028177607,0.8039145993323656,0.6040935111966084,0.502645020943915,0.7098163528201962,0.8815485856832991,0.8170296517925676,0.8258956469281085,0.6301581154376878,0.7803999549518672,0.8222122527510614,0.7779891015560232,0.4439072343891044,0.4236618718832683,0.8952501289971454,0.6157805382783679,0.8942600569458918,0.758493490230429,0.8998452926517108,0.7911447687015551,0.8074393903675865,0.9060613661623789,0.8326241164874548,0.7585459155500012,0.7382550877906251,0.8652846490024411,0.8737670973648668,0.8952501289971455,0.7583810530554915,0.8160838338000291,0.4286376574806712,0.3362782120910437,0.6581209291508349,0.7583810530554915,0.6207652955100724,0.27732597650778235,0.611181238041425,0.6313498292378705,0.7605588489338662,0.5939790536034182,0.610967407645383,0.9994503074954246,0.7385323623858817,0.8430503645738378,0.6318084432716753,0.5882129074216333,0.8514910516687031,0.7535470985159386,0.8725208594320993,0.8348893064606533,0.6336662944491367,0.8580082307136382,0.7417355450710401,0.7429069381436562,0.8952501289971455,0.7458152648045812,0.8303252639041241,0.7866211206538801,0.5323268497645104,0.6585793990426895,0.8270601489234033,0.7897778653703158,0.7927444267338895,0.3687106890194948,0.3036448574475361,0.7505486208297516,0.8144187923946176,0.7354390287806862,0.7505486208297516,0.7779891015560232,0.9559152260794079,0.7583810530554915,0.8218953199998422,0.9885149882555533,0.7583810530554915,0.686986529996453,0.5573545131170287,0.9622268329997987,0.8340710265917912,0.8514910516687033,0.7967756161717692,0.7779891015560235,0.4439072343891043,0.45285625194341095,0.733385958443987,0.35478565854065947,0.7583810530554915,0.5928797194298824,0.8649838216377038,0.7095001020458171,0.3402395961004179,0.8241639311615923,0.8012314698665082,0.7664239224831363,0.7859112855914578,0.9830025604399447,0.8170296517925679,0.9309782033622505,0.9094580833892482,0.7227595313739235,0.9464952904800025,0.7041806363048075,0.8355187037786178,0.9363981539429046,0.6892059529765253,0.8641655417688416,0.7132904534203035,0.4237313609620146,0.7583810530554915,0.8995813910474277,0.6906168702489652,0.8353653627728159,0.30478392681195265,0.9260519438161889,0.8598346077756154,0.3983378285560488,0.7429069381436557,0.47537248086415196,0.2541024424982299,0.7583810530554915,0.7583810530554915,0.9916435267408414,0.7774122351044701,0.620389113792454,0.5174108599776015,0.41169834008326367,0.405494553378015,0.4950776559191311,0.28115266177640996,0.680499631762076,0.4230719720270735,0.7583810530554915,0.7520825551433661,0.8114042753167636,0.8440565830183069,0.23465197165439688,0.827060148923404,0.38951387215820654,0.7583810530554915,0.7583810530554915,0.2945741388640186,0.8148611882522669,0.3401431241162527,0.9690555914915181,0.3733649885216247,0.5539659318081296,0.925635915701389,0.9415972144812144,0.37832843397534077,0.39479878926976086,0.7583810530554915,0.5968940559237883,0.2574773719512162,0.9132557391971277,0.9284351619806999,0.9974040967791202,0.7996032424915058,0.7691396135941388,0.6081975471352878,0.7967756161717692,0.6532554043956919,0.7583810530554915,0.3077786745411184,0.8336414617779992,0.6161540830549841,0.7343057486582718,0.5800004550005251,0.7572258022380447,0.6234493507040713,0.5169978599978307,0.8190873193696531,0.8875165383724268,0.484436440006095,0.8218953199998424,0.8815485856832992,0.955012182551062,0.8699952124848969,0.3367971404268886,0.8425856863408152,0.7779891015560233,0.5007626391738342,0.8110121741080869,0.7623691292878553,0.8492427809993879,0.8440565830183069,0.8542997256012259,0.8440565830183069,0.8812984813018134,0.7701918466063742,0.965678523718047,0.6337916942673323,0.8462580005670892,0.8461628292403135,0.9833044121535635,0.7689244285564298,0.6067159215724809,0.8043919340719947,0.7829632068236252,0.9165011629280251,0.8441053136792795,0.796775616171769,0.5527558880161314,0.9651504119862476,0.755223365801247,0.6891598856094425,0.7583810530554915,0.5008338994456716,0.9874583385590245,0.59138601511483,0.8353653627728157,0.8326617657042219,0.7726877408188066,0.6885231859500249,0.7583810530554915,0.39953085180902104,0.26018540853249084,0.7501741687694421,0.22095954483923563,0.2952444700155774,0.23819733288382028,0.8114042753167636,0.5006854100576583,0.9309726052364362,0.9951152698042361,0.32800584515476805,0.6935669782115952,0.4218617281143938,0.8207663324301316,0.7623326258129252,0.8148611882522667,0.9021883999923592,0.8605892592068798,0.35854883432494944,0.9302026877657872,0.30814006747013367,0.7897778653703151,0.7505486208297516,0.4237313609620146,0.38055021397168,0.681108040815073,0.24524911780325254,0.19438159178028647,0.7583810530554915,0.2581685560213316,0.5411021211013602,0.6313498292378696,0.7583810530554915,0.37593040131679634,0.8806537359826772,0.827060148923404,0.8540201559480323,0.7505486208297516,0.3473414042133568,0.7817471473127836,0.9916637881280348,0.9147164549600745,0.8588697980581416,0.7623326258129257,0.2951305299130321,0.7583810530554915,0.8456819635796566,0.7583810530554915,0.8270601489234037,0.5240470183016643,0.5213174157840923,0.8440565830183069,0.7358423002285173,0.5723539339757848,0.6572770790028779,0.8874114409875786,0.7583810530554915,0.5460078974204199,0.4334428280249101,0.8288793477310126,0.764542631050696,0.5968940559237892,0.8144187923946178,0.6432408580978228,0.6844014776871692,0.9741753557285805,0.5566397404681367,0.35255717174786383,0.9741753557285805,0.6707439233532103,0.7832373813705661,0.679740874782148,0.9741753557285805,0.8440565830183069,0.891761314997542,0.855015677684448,0.7397073691660306,0.7505486208297507,0.7043524155950274,0.7320136740951815,0.7384806749327311,0.8359136063385518,0.8250734885790938,0.6626073921614684,0.7537983017748242,0.810403687549897,0.840384423088808,0.7503948823983697,0.848017346872239,0.548413185495376,0.475012454238966,0.9915916589618765,0.581222862885748,0.7534746928129081,0.8258956469281089,0.8641655417688416,0.840472591605383,0.8571677873959769,0.7001569776675938,0.6761645112807126,0.768475019036204,0.8114042753167636,0.8190873193696528,0.9254772433807319,0.7153462386663132,0.792990648123888,0.8094056733710404,0.9119859744083145,0.9727431420201453,0.8403860672405662,0.7841561672264621,0.9309782033622505,0.7063246366566998,0.5644082004985436,0.9640775068801316,0.6209428440006635,0.7698627043486898,0.8244716253407947,0.7469143643022251,0.9688166131868796,0.7164488397748476,0.8916739645052046,0.9362207147762245,0.9607698460909166,0.9621607731937996,0.9379148433112912,0.9814141277606031,0.9712833901165049,0.8328700630085668,0.9322459088752486,0.7644351998614021,0.8047947912836025,0.8841357084407879,0.5451704304048348,0.7001569776675916,0.864983821637704,0.9847230385217608,0.5026370772005104,0.8209523254553936,0.7963267771106681,0.9098641085707673,0.4321946790761835,0.799554390243274,0.5704548695211481,0.9853618823459059,0.430397600434441,0.9796629666381876,0.8190873193696528,0.5878835654425985,0.9017899056410315,0.8246639839958163,0.8353653627728157,0.8105439229548468,0.894643490961601,0.8571644887794668,0.8514910516687031
p48_C,0.9833967057385605,0.9540615556502021,0.9152641503417578,0.8884990470778118,0.9602211523225768,0.9704919301607371,0.8787446099504677,0.8049301978061503,0.9246724996449085,0.9688473520249221,0.952904481298952,0.9589316626844853,0.9589316626844853,0.996705259555954,0.8125241819768643,0.9102521474185266,0.9676769377237683,0.9463456194504825,0.9672758151492922,0.9688473520249221,0.9997330791035689,0.9094075605567675,0.9495505106234361,0.9615452872130625,0.9132268973805197,0.9463456194504825,0.9676769377237683,0.934561854210183,0.9688473520249221,0.9288659883709903,0.9412650880954538,0.9643133649175286,0.9552408029353747,0.9364368411420321,0.9602211523225768,0.7373140434256802,0.9615452872130623,0.9706827259226706,0.9704919301607371,0.9922673407988161,0.9365377706532191,0.9473991727811977,0.9704919301607371,0.9317998283510542,0.8917979759263732,0.9673760738300567,0.9493957255905625,0.9220700353609517,0.7425590290337527,0.9152641503417578,0.9643133649175286,0.9266663363939082,0.9463456194504825,0.9540615556502021,0.9552408029353747,0.9442782351269043,0.7483233619898517,0.9602211523225768,0.9021933432389448,0.8866592451518314,0.9264265757108796,0.948327553351217,0.9902272378284811,0.9212094218042226,0.8453817313970798,0.8989178714642765,0.5813683192248548,0.926085680719904,0.960958390827874,0.8357840905673567,0.721512461409078,0.945305581259918,0.9602211523225768,0.864272336783596,0.9602211523225768,0.9110833848585063,0.9517679141853161,0.7636661243365593,0.8616255760827236,0.9704919301607371,0.976238170109926,0.9484671409187437,0.9382889399640056,0.9463456194504827,0.9602211523225768,0.9002664985145176,0.909407560556768,0.8470108069580577,0.9627660172534369,0.9589316626844853,0.9602211523225768,0.7228317691823952,0.9483275533512169,0.9639168532621705,0.9382889399640056,0.9823936005815481,0.7288774911651112,0.911916104177739,0.8589520903530736,0.9303375959870628,0.8712827231431489,0.8616993128705422,0.957486356544754,0.876308154722476,0.9786308628129499,0.9672758151492922,0.8721866864704171,0.9122707563977988,0.9506503681784946,0.866022915872324,0.7629822610434245,0.9473991727811975,0.8488894389623107,0.8157896434164884,0.9629078616894173,0.9362824557371514,0.9011229673994832,0.967275815149292,0.9704919301607369,0.9279843845372735,0.9632036283196386,0.7839452431237177,0.9506503681784946,0.9409091189323959,0.8633729523864083,0.8084632097395317,0.9615452872130625,0.9900871334604324,0.9611058687776597,0.9336347991328913,0.9003549758958829,0.9629078616894173,0.853959308739425,0.9704919301607371,0.6641610905341864,0.9923426571116956,0.9900170323228479,0.9643133649175286,0.9643133649175286,0.9576735770276548,0.9033582350995619,0.9688473520249221,0.862510706561856,0.8130832494923946,0.7788560373068378,0.9299882837258,0.916106073886044,0.8763243374738707,0.945305581259918,0.8107770727973278,0.0,0.9264265757108792,0.88718959219572,0.9069398281965728,0.9643133649175286,0.945305581259918,0.7132638851873812,0.9612305818481928,0.8880166939342053,0.7402591560583238,0.7938420202985812,0.7740029001505222,0.9203222717282118,0.8451155112420423,0.919497451312518,0.7946878175844496,0.8913167644457047,0.9212094218042226,0.8188365372042737,0.878853978185034,0.9393074128728371,0.9589316626844853,0.9442782351269046,0.7481101185247643,0.8855324042412522,0.8003975508149646,0.967275815149292,0.9395982191649277,0.7825416521051114,0.9110833848585063,0.9308912761119585,0.9127504202483341,0.809803042566501,0.9589316626844853,0.9682054761806351,0.8824955088435709,0.9279843845372735,0.922933964066333,0.9540615556502021,0.940281523787128,0.9576735770276548,0.9735615243851736,0.9333294375625139,0.9769083885447585,0.9264265757108794,0.9602211523225768,0.9615452872130623,0.9576735770276548,0.9220700353609517,0.9453498309056978,0.9152641503417578,0.8811434002398045,0.9602211523225768,0.9781888097246554,0.9877058550122558,0.9688473520249221,0.9602211523225768,0.9802566459961091,0.959209681418265,0.9550108469657217,0.9660513766874225,0.8280147088658023,0.7212184631640943,0.9602211523225768,0.9649817692440881,0.9602211523225768,0.9680270476887273,0.9483842914986946,0.9824178759266283,0.9602211523225768,0.9110230653978575,0.9602211523225768,0.8055713481338859,0.9774358012844695,0.9029879488665964,0.8883063370731794,0.8616993128705421,0.8208122474227104,0.9576735770276548,0.9495505106234361,0.9517679141853161,0.7753758311499496,0.9436090008562756,0.9364368411420321,0.9448229719109481,0.9212094218042226,0.9144243194673916,0.9791919178046249,0.9870066061767572,0.9872125588573133,0.9336347991328913,0.9564441004788364,0.6965730689929301,0.9576735770276548,0.9602211523225768,0.9238013891436974,0.9602211523225768,0.7912691723776104,0.9056319216938428,0.9643133649175286,0.9432628256129656,0.8208122474227105,0.9615452872130625,0.9327142329596734,0.9506503681784946,0.674188998419736,0.9762381701099258,0.8913167644457047,0.9629078616894176,0.7720285418493837,0.8995337970065294,0.8780124908814331,0.9589316626844853,0.9657671730030435,0.7674777878775869,0.9704919301607371,0.8694930837030939,0.8694930837030941,0.9473991727811975,0.8987127601538667,0.6821220211187559,0.9643133649175286,0.881368868516049,0.912270756397799,0.9267250083210723,0.9672758151492922,0.8660229158723238,0.9327142329596736,0.7235063906986448,0.9326762742692682,0.9672758151492922,0.8838707840618651,0.962304331780133,0.7509561835971414,0.9203519494821839,0.8311012003946948,0.9629078616894176,0.9364368411420321,0.8488894389623107,0.9576735770276548,0.9629078616894176,0.7740029001505221,0.8025315451453512,0.9672758151492922,0.8422398757411229,0.8863615183906015,0.9102521474185266,0.9534851367099297,0.9342541377090323,0.957486356544754,0.8674131849162843,0.9576735770276548,0.9643133649175286,0.8807174319218227,0.9203519494821841,0.8616993128705424,0.945305581259918,0.934561854210183,0.9993474101442534,0.929090574034799,0.9094222802137257,0.8651004299649284,0.9147179766270431,0.9453498309056978,0.7698199943194897,0.9688473520249221,0.9246724996449085,0.9688473520249221,0.8974625884738571,0.9336347991328913,0.968861512945716,0.9629078616894173,0.9602211523225768,0.9643133649175286,0.9238013891436974,0.7999458096653717,0.9672758151492922,0.9657671730030435,0.5612935260883833,0.9602211523225768,0.91322689738052,0.967275815149292,0.9704919301607371,0.9814857905852672,0.8839192332693957,0.7235063906986448,0.9643133649175286,0.8694930837030941,0.7674777878775871,0.9506503681784946,0.9552408029353749,0.824762939018447,0.9629078616894173,0.9528294452685605,0.8604028387223072,0.9540615556502021,0.9299882837257998,0.9704919301607371,0.8164251656078731,0.897462588473857,0.8967537235149903,0.9564441004788364,0.9589316626844853,0.8915851095153422,0.8713174172545046,0.8488894389623107,0.8498227077519458,0.8528136040604399,0.9602211523225768,0.9628564332129776,0.9354957453078971,0.6705125265748266,0.9354957453078969,0.9688473520249221,0.878853978185034,0.9602211523225768,0.9602211523225768,0.945305581259918,0.9775494508745608,0.796182865963923,0.9602211523225768,0.9688473520249221,0.7106088831467462,0.8311012003946949,0.919497451312518,0.9061368756587873,0.9602211523225768,0.7690300111178622,0.8399952979278094,0.8365658780959979,0.8640841484546391,0.9602211523225768,0.9069398281965728,0.740537751943376,0.8956947474420134,0.9331172433034889,0.940281523787128,0.817066364340563,0.9629078616894173,0.8402999971050358,0.9602211523225768,0.8037353107676917,0.863372952386408,0.8896682568954879,0.8761007132623504,0.9615452872130625,0.874763769089939,0.9552408029353747,0.9602211523225768,0.9186457666042602,0.953995503219078,0.9602211523225768,0.940281523787128,0.9102350929607332,0.8232232273250376,0.8566477616876667,0.8451155112420423,0.9602211523225768,0.9962665127840862,0.926085680719904,0.6565306357972028,0.8470578226094765,0.8926489687296868,0.9273099638694313,0.9281978840490723,0.709930078168293,0.9629078616894173,0.9203519494821841,0.9110833848585063,0.9495505106234361,0.8847021819311651,0.8089826987988056,0.8987127601538669,0.9495505106234363,0.9643133649175286,0.9902272378284809,0.9602211523225768,0.8357840905673561,0.9710638846211326,0.9309903730813196,0.9762381701099259,0.9432628256129656,0.9576735770276548,0.9488084494751807,0.9535979799037622,0.9576735770276548,0.9762381701099258,0.9602211523225768,0.8287152289243247,0.967619348431802,0.87977140139403,0.967275815149292,0.8796938264815504,0.9688473520249221,0.9735307058746404,0.9836543654419934,0.9153097864303867,0.9517679141853161,0.9280373831775702,0.943510083100835,0.934561854210183,0.9490218194797996,0.9473991727811975,0.9517679141853161,0.9238013891436974,0.9629078616894176,0.9364368411420321,0.8417025656248468,0.9036427959670745,0.948467140918744,0.9212094218042226,0.952904481298952,0.9412650880954538,0.7889020793904014,0.8924951998175354,0.778727149242062,0.9676769377237683,0.9263467923542654,0.8158085352345759,0.9393074128728371,0.9484671409187437,0.9168592415074232,0.8541007862230802,0.952904481298952,0.9607483250129104,0.948467140918744,0.7984764022449992,0.80729398852732,0.9493957255905624,0.9319982236038633,0.9696254181000268,0.736028742336932,0.9212094218042226,0.967275815149292,0.9680270476887272,0.9942598295392804,0.9657671730030435,0.9571380145076697,0.891797975926373,0.9676769377237684,0.9643133649175286,0.967275815149292,0.8819962224463207,0.7719543387042518,0.9842981000157078,0.9589316626844853,0.7212184631640932,0.8616255760827236,0.9724383613004927,0.9564441004788364,0.7720285418493837,0.9602211523225768,0.9657671730030437,0.9602211523225768,0.9602211523225768,0.8580546626695638,0.9495505106234361,0.7867288748844489,0.9602211523225768,0.850752050715597,0.872925485610744,0.9336347991328914,0.9225524757416415,0.9925034861602793,0.9021933432389448,0.9286604261342954,0.9238013891436971,0.8746288432976697,0.9552408029353749,0.9550108469657218,0.9657671730030437,0.9550124172403793,0.967362230780565,0.9649817692440881,0.8230833259602458,0.9552408029353747,0.9644928340620882,0.8153105908663698,0.9657671730030435,0.709930078168293,0.9493957255905625,0.8390890544952982,0.9517679141853161,0.9236313915934425,0.9495505106234361,0.8813688685160492,0.9434430901748683,0.9264265757108794,0.9495505106234361,0.9373855340691761,0.9629078616894176,0.9517679141853164,0.9535979799037623,0.908202989252126,0.8880166939342053,0.9758293445636949,0.9643133649175286,0.9168965991827527,0.9564441004788367,0.9331172433034889,0.862953512715432,0.8811434002398044,0.82509139652853,0.9980151413438716,0.9704919301607369,0.7951128469173043,0.8796938264815504,0.9238013891436974,0.97577950255352,0.7705830352988516,0.9273099638694315,0.9077662249784124,0.9602211523225768,0.9643133649175286,0.9571380145076699,0.9602211523225768,0.9110230653978575,0.9517679141853161,0.8866592451518316,0.9382889399640055,0.874763769089939,0.9495505106234361,0.8470108069580577,0.9688473520249221,0.80729398852732,0.952904481298952,0.8954284206508369,0.9576735770276548,0.9706827259226706,0.957782620824947,0.9336347991328913,0.9203222717282118,0.9951991006753178,0.9486844371905534,0.9950198300101427,0.8929627841467682,0.8974625884738572,0.8677629859955873,0.9703808325082799,0.9412650880954538,0.9688473520249221,0.9132268973805198,0.9615452872130625,0.8651004299649283,0.9723047356695362,0.916106073886044,0.9589316626844853,0.9823151003505577,0.9371727591442106,0.9209839463193069,0.905289793832148,0.9493957255905623,0.9002664985145175,0.9029879488665963,0.9473991727811977,0.922933964066333,0.9998220154184712,0.9506503681784946,0.9203519494821841,0.9529044812989518,0.9589316626844853,0.9643133649175286,0.9704919301607371,0.9602211523225768,0.9364368411420321,0.9049039230625218,0.9203431471101322,0.894570777635396,0.9602211523225768,0.9950379423377969,0.8462319742187793,0.9264265757108794,0.7737033537115781,0.9246724996449083,0.9490218194797996,0.9069398281965726,0.8848823820926709,0.9432628256129658,0.7256762322934216,0.8830381436111521,0.9956532987665977,0.9657671730030437,0.9306885712787862,0.7483233619898517,0.8616993128705425,0.6913208827961559,0.9704919301607369,0.9432628256129656,0.8088256562415742,0.9704919301607371,0.9540615556502021,0.9327624037197981,0.9602211523225768,0.8607797817251743,0.9094222802137255,0.967275815149292,0.9602211523225768,0.9517679141853161,0.818632692178674,0.8451155112420423,0.9589316626844853,0.8539593087394248,0.9564441004788364,0.9589316626844853,0.9589316626844853,0.9364368411420321,0.9602211523225768,0.9564441004788364,0.9273099638694315,0.9602211523225768,0.9203222717282117,0.8158085352345759,0.967275815149292,0.9629078616894173,0.9657671730030435,0.9615452872130625,0.9589316626844853,0.8758841588239132,0.8888428923892235,0.9495505106234361,0.8754775406461834,0.9602211523225768,0.7719350116403413,0.9493957255905624,0.948467140918744,0.9092140568173153,0.8189670055279796,0.8357840905673564,0.7838845141374112,0.9506503681784948,0.9592096814182649,0.9506503681784946,0.8751938654120848,0.9336347991328913,0.8915851095153423,0.8819962224463205,0.8737781800841438,0.952904481298952,0.9342541377090323,0.7425590290337527,0.9629078616894176,0.9774358012844695,0.9138808918740073,0.9602211523225768,0.9602211523225768,0.9077662249784124,0.9688473520249221,0.8292928204930174,0.9564441004788364,0.952904481298952,0.935325036366697,0.9576735770276548,0.90716505329853,0.9019971805868943,0.9602211523225768,0.9602211523225768,0.9612305818481927,0.8011999848286613,0.9306885712787862,0.9550326616655346,0.878853978185034,0.9286501757717067,0.9867852024016464,0.9142985671377684,0.7301772381554018,0.9612634641352691,0.9602211523225768,0.9220700353609517,0.9643133649175286,0.9704919301607371,0.8379818769592999,0.9672758151492922,0.8677629859955873,0.9602211523225768,0.9602211523225768,0.8935656017904772,0.8751938654120848,0.8999096343878619,0.9517679141853161,0.7998445750529275,0.9212094218042226,0.9432628256129658,0.8891201681390328,0.9073482152003538,0.8103133457772937,0.9602211523225768,0.798476402244999,0.8571539835218496,0.9615452872130623,0.9672758151492922,0.9132067667126315,0.9713690773771695,0.9299882837258,0.6812828236110703,0.9615452872130625,0.9925259141767911,0.9602211523225768,0.864272336783596,0.7907746610627939,0.9212094218042226,0.7698199943194896,0.9748025681490504,0.9540615556502021,0.9255474930154988,0.8051714798718451,0.9657671730030435,0.8970707874646662,0.8921400493540417,0.9564441004788364,0.9688473520249221,0.9458968937609288,0.9463456194504827,0.8535173013518575,0.9643133649175286,0.9589316626844853,0.9028202028772292,0.9442782351269043,0.9056319216938427,0.9482759922174302,0.9704919301607371,0.9872125588573131,0.9704919301607371,0.9704919301607371,0.7366751851754307,0.9373855340691761,0.9186457666042602,0.9602211523225768,0.9280373831775701,0.7705830352988515,0.9517679141853161,0.8365658780959979,0.9552408029353749,0.9589316626844853,0.9327624037197985,0.9169502243571082,0.9615452872130623,0.8988610542266962,0.9354957453078971,0.970677800646101,0.9508839751252368,0.9602211523225768,0.7228317691823952,0.9602211523225768,0.9061368756587873,0.9688473520249221,0.9473991727811977,0.920322271728212,0.8405377881349916,0.9602211523225768,0.8470108069580577,0.7951128469173043,0.9484671409187437,0.8479521653438944,0.864272336783596,0.8535173013518575,0.9643133649175286,0.8607374764874878,0.9698277832460839,0.8836456641177746,0.8700691233197129,0.850064117572852,0.7463773490800725,0.8124598227993507,0.850064117572852,0.8751938654120847,0.9203519494821839,0.9298402628575502,0.8737781800841438,0.9238013891436971,0.8616378859339667,0.9602211523225768,0.9589316626844853,0.8763243374738707,0.9110230653978576,0.9884981945888781,0.8250913965285298,0.8061163702373835,0.9602211523225768,0.8343631361686967,0.9079961009800875,0.773703353711578,0.9602211523225768,0.8746288432976697,0.9706827259226706,0.9672758151492922,0.9495505106234361,0.9589316626844853,0.9306807285917507,0.9463456194504828,0.9662454225678803,0.9442782351269043,0.8189670055279795,0.8500641175728525,0.8232442102979086,0.9602211523225768,0.935575853599239,0.9602211523225768,0.967275815149292,0.8351374168488657,0.9094222802137255,0.9704919301607371,0.9422586572762628,0.951921273281384,0.925547493015499,0.7737033537115781,0.9602211523225768,0.9791810757520107,0.9685749211004397,0.9213692074375961,0.7052575329880957,0.9336347991328915,0.8539593087394248,0.9412650880954538,0.940281523787128,0.9887119198512566,0.916106073886044,0.9479406386383251,0.9887119198512566,0.9458968937609288,0.9643133649175286,0.9102521474185266,0.9887119198512566,0.9704919301607371,0.7365186669443353,0.9615452872130625,0.9150035043198984,0.9589316626844853,0.940281523787128,0.9203222717282118,0.9152641503417578,0.9872125588573131,0.9495505106234361,0.9327142329596736,0.945305581259918,0.9589316626844853,0.9788198231857259,0.9321523113665873,0.9393074128728371,0.9326762742692681,0.9802566459961091,0.9308912761119588,0.9281978840490723,0.9922673407988161,0.9615452872130625,0.9629078616894176,0.9326762742692681,0.9627660172534371,0.9432628256129656,0.9432628256129658,0.9698382173897018,0.9643133649175286,0.9657671730030437,0.9332002365151031,0.9422586572762628,0.943579985095335,0.9354957453078971,0.9409091189323958,0.9611015442070799,0.9132268973805199,0.940281523787128,0.9602211523225768,0.9835038526990236,0.9690469718238905,0.9842981000157078,0.9220700353609517,0.9648922303366112,0.7509561835971414,0.9528294452685604,0.9300810290830976,0.9463456194504825,0.8917979759263726,0.9382889399640053,0.9686270243184087,0.9362473724214274,0.975849076628468,0.952904481298952,0.9710422174615739,0.9589316626844853,0.9950379423377969,0.9940786013624601,0.774002900150522,0.9615452872130623,0.9110833848585063,0.9432628256129656,0.7740029001505224,0.9384149895103314,0.8929627841467682,0.9907459731648102,0.9644928340620883,0.9644928340620883,0.9423304665216126,0.948467140918744,0.930688571278786,0.9629078616894173,0.8896682568954877,0.948467140918744,0.9657671730030437,0.916106073886044,0.9236313915934425,0.9535979799037622,0.9688473520249221,0.9102521474185266,0.967275815149292,0.8889550707191893,0.9657671730030437
p48_G,0.9180650080046437,0.9613051670773509,0.7998787575170994,0.9396559123265897,0.6576483873261382,0.9303105872741888,0.8754960701274956,0.862224627681937,0.7537570166962777,0.9264265757108794,0.8887741875977793,0.6730470768532025,0.6730470768532026,0.856661897008451,0.7930348538764278,0.8090977396371732,0.9931496147195411,0.8732840781850186,0.8874421650552476,0.9264265757108794,0.9197218997673802,0.8860899491808241,0.9130470727423969,0.9091812387167528,0.8834506330434522,0.9038547561156005,0.8971337307079472,0.42376523757608153,0.9264265757108794,0.8736534847328341,0.8896802491260702,0.7339248961821829,0.929995346508117,0.8498824478883684,0.6973118048252802,0.9227150661971701,0.9500805720293444,0.8942918945731191,0.9303105872741886,0.8708278127936304,0.8139197462693823,0.8757722623764215,0.9303105872741888,0.5790959145273527,0.9702781670896217,0.7178518370774016,0.9123992402861405,0.9998608860644457,0.8708278127936304,0.41518222818854766,0.9157186269856046,0.7218008296067242,0.8732840781850184,0.9613051670773509,0.8942918945731191,0.8980335604933309,0.8684015223223851,0.9060540201833014,0.7957398721532599,0.9000373939808763,0.9102619771312782,0.9045570851408606,0.9649961119767656,0.8139197462693821,0.9191520956010528,0.6228069399723892,0.9157186269856046,0.7602513741449692,0.8124952346685232,0.9227150661971701,0.8543824471730519,0.8708278127936304,0.9060540201833016,0.5987686469422313,0.9060540201833014,0.790005014745742,0.8860899491808238,0.8887741875977793,0.7486277269341068,0.9303105872741888,0.9229260836136746,0.9099149954318695,0.8636318713376898,0.9432918542314882,0.9060540201833014,0.8476598553448089,0.8860899491808241,0.8456697226606809,0.9753158112139154,0.9030086235821644,0.9060540201833014,0.7998787575170996,0.758607622182861,0.838508509424248,0.8924187658448484,0.9538141733959269,0.7959165242401371,0.8132633613980007,0.6528153972537423,0.5165167672095283,0.8684015223223849,0.9123992402861405,0.9060540201833018,0.9072685909419129,0.8396132831153245,0.9227150661971699,0.8283274386785904,0.5878102056818735,0.8541150780952053,0.645160951306764,0.7704898006819785,0.8757722623764215,0.5819939327793249,0.9309030291772296,0.9123992402861405,0.6345587455938608,0.9962043215661704,0.9227150661971699,0.9303105872741886,0.5833641055841321,0.9333402901321926,0.7880418755318432,0.883450633043452,0.8612853521281922,0.9955667899073475,0.6841620745418906,0.9091812387167528,0.9148052556170498,0.9030086235821644,0.924323992289477,0.6193259217926725,0.9123992402861405,0.9157186269856046,0.9303105872741888,0.8971337307079472,0.7868211185392318,0.8969823934686748,0.9157186269856046,0.9157186269856044,0.9750660166392211,0.6386843641564667,0.9264265757108792,0.5526166924001394,0.7825158624056485,0.8132633613980007,0.8178556739369001,0.5837817783541024,0.42321146971954293,0.9009164784975772,0.6111812380414245,0.9264265757108792,0.0,0.7335748792766212,0.7802191483051637,0.9157186269856046,0.9911824756094172,0.8058599935760675,0.9177656153449205,0.6250807582187597,0.7880418755318432,0.7119998023480205,0.9123992402861405,0.878294490116863,0.5421381940914042,0.8098765737128346,0.8454542782771097,0.8385904978041945,0.8139197462693821,0.9787794493663242,0.5203199742221267,0.856661897008451,0.9030086235821644,0.8684015223223849,0.7803205152046463,0.8417487121211473,0.7946980566970592,0.9701757583840656,0.8450904835434577,0.9871127585444956,0.8323494193264054,0.9627543788047244,0.8634259643956042,0.983438286822885,0.9030086235821644,0.7394287588496329,0.7296610870173428,0.45130591579458856,0.8875857319597991,0.8915068580997114,0.858962461495268,0.9000373939808766,0.6359391105477781,0.6711027345682927,0.5701661658814692,0.9220581849761185,0.9060540201833014,0.9091812387167528,0.9499053607024348,0.9998608860644457,0.9102377233117178,0.829455596843901,0.9030086235821644,0.9060540201833014,0.756911366518008,0.5701661658814693,0.9264265757108794,0.9060540201833014,0.8697340225901636,0.9759709171393396,0.7230343325766251,0.7567200798140217,0.8241649990671217,0.9030086235821644,0.9060540201833014,0.8085635824734224,0.9060540201833015,0.7775162551171841,0.8277566041887492,0.8745055361994853,0.9060540201833014,0.8195368083509805,0.9060540201833014,0.8049598257324613,0.8283274386785908,0.84545427827711,0.7704898006819783,0.9123992402861407,0.589405954196639,0.9375517053100484,0.9130470727423967,0.8860899491808243,0.8262411347517733,0.6330008691117073,0.8498824478883682,0.9157186269856046,0.9053372809407507,0.790366318322465,0.8434189051272902,0.9225347443198015,0.8432648458861445,0.9501474547144086,0.9337059488987844,0.7880418755318432,0.7623338040565747,0.9060540201833014,0.8760487949925095,0.9060540201833014,0.7165356735509114,0.8432648458861445,0.9595131865896311,0.9827983327295364,0.589405954196639,0.9091812387167528,0.3666021996942549,0.8834506330434522,0.8018671341774823,0.9404663323227443,0.6850672658654591,0.9123992402861405,0.7627282731962668,0.7627282731962666,0.4332537765132578,0.9030086235821644,0.9646634159344738,0.701249963214809,0.9303105872741886,0.596406647785537,0.6675878917354434,0.8757722623764215,0.9830325856302405,0.7685482192001503,0.9157186269856046,0.4900614895259984,0.6220301259024152,0.644874963264102,0.9227150661971699,0.5215089621621967,0.8666490307048613,0.9099149954318695,0.8108440714211329,0.9227150661971699,0.7925674859974536,0.5639013365572594,0.8988026230652635,0.8118946479529896,0.8566618970084507,0.9123992402861405,0.8498824478883684,0.6508725927669012,0.9000373939808766,0.9123992402861405,0.9123992402861405,0.6274168228881103,0.9227150661971701,0.5850014119160498,0.8385085094242481,0.7880418755318432,0.9607113098901473,0.9227150661971701,0.9060540201833018,0.9610938099054707,0.9000373939808768,0.9595131865896311,0.6107759919880278,0.7796754367787563,0.9123992402861405,0.9009164784975774,0.8674533886652149,0.6757134727858924,0.896948926310556,0.6694109156616126,0.9564910248991448,0.7695167065851909,0.6788421248976076,0.7646676570615487,0.9264265757108792,0.6595026917774784,0.9264265757108794,0.9099455930672975,0.7693832177398914,0.8325327180273927,0.95466724533758,0.9060540201833014,0.9157186269856044,0.8901742884406569,0.8732840781850193,0.9227150661971699,0.9898252637321052,0.9030086235821644,0.9060540201833014,0.9853322225258763,0.9227150661971699,0.9303105872741888,0.9339361254583816,0.7432816331081102,0.878294490116863,0.9157186269856046,0.5786113367980603,0.6835853933370137,0.883450633043452,0.8557839418818978,0.7059144460884221,0.9607967445595411,0.903253994342665,0.8766649162553817,0.9613051670773509,0.9171389541787873,0.9303105872741888,0.5992183540148883,0.8498824478883682,0.5768110448161679,0.8971337307079472,0.9030086235821644,0.8817063757363852,0.8512094678478337,0.5819939327793249,0.510089553568482,0.6647667146102862,0.9060540201833014,0.46906158093722616,0.9268193339646964,0.8521229825390564,0.9268193339646964,0.9741742265760636,0.5750193616357036,0.9060540201833014,0.9060540201833014,0.8708278127936304,0.9658292477635773,0.7394287588496327,0.9060540201833015,0.9264265757108794,0.9060540201833018,0.8566618970084507,0.8098765737128346,0.5531109034631961,0.9060540201833018,0.858962461495268,0.8860899491808241,0.6897407861015621,0.6453252497188482,0.9060540201833014,0.7802191483051635,0.84545427827711,0.5793607471051487,0.6593346380349971,0.858962461495268,0.8569822890591434,0.9123992402861405,0.6076992210786015,0.9060540201833014,0.6935714696867494,0.8732840781850191,0.8631100392113272,0.8896543421619725,0.9091812387167528,0.6876949289878551,0.8942918945731191,0.9060540201833014,0.6998315410116702,0.6394113573875404,0.9060540201833014,0.971047516105271,0.627549444074039,0.726015877813114,0.658361574869974,0.5936165425138719,0.9060540201833014,0.8975844550204819,0.7040098467473679,0.9191520956010526,0.8554241274504648,0.7798248602814014,0.6401591295431335,0.8771074251955765,0.8078651440439562,0.9123992402861405,0.8931281910199385,0.5748289165443019,0.8808530918450068,0.5848426620109847,0.8264780660398938,0.7607892247800201,0.9259830227706536,0.9157186269856044,0.8732840781850193,0.9060540201833014,0.9227150661971701,0.8179926096630912,0.7920120966932611,0.7014030602114781,0.8660034226470059,0.9000373939808766,0.7472662219396512,0.9091812387167528,0.9000373939808766,0.8887741875977795,0.9060540201833018,0.8915068580997121,0.77632225072899,0.9163528460879231,0.9701757583840656,0.5164026788829565,0.9741742265760635,0.7944007515009117,0.8937890418732637,0.8193704167270071,0.8860899491808238,0.9761261745674079,0.8181583918388473,0.5281624495970528,0.9743096495825112,0.8757722623764215,0.8860899491808245,0.8200412134706068,0.9185287395081013,0.903253994342665,0.8596285136050665,0.8837108201059836,0.9099149954318695,0.9967548156121191,0.9229260836136746,0.8612853521281925,0.7039100716877233,0.6890055627503546,0.8479206665400942,0.8971337307079472,0.7718715480105632,0.8412362029768821,0.7836973699462801,0.9731560060618827,0.9774350345371767,0.6626395744347182,0.9570779796295699,0.725736827141803,0.878294490116863,0.8949117707360061,0.6865278504975503,0.9123992402861405,0.9691524099178217,0.7060906808507592,0.9004328410914006,0.8432644987129869,0.8399814728683526,0.8766649162553817,0.9166710428766067,0.9443139433986842,0.8976528842875962,0.8971337307079472,0.8971337307079474,0.9528976942023157,0.9227150661971699,0.8612853521281922,0.694949723103684,0.8389311826932679,0.9030086235821642,0.9030086235821644,0.7135869931439149,0.8283274386785906,0.8971337307079472,0.7627282731962668,0.9060540201833014,0.9191520956010533,0.9060540201833014,0.9060540201833014,0.5513557679831532,0.8808530918450068,0.8498824478883682,0.9060540201833014,0.610562342239584,0.5286652410132977,0.9207352331609371,0.8205999388570995,0.7802191483051635,0.7097219302737803,0.8220985211691234,0.8200412134706068,0.4852314097957561,0.9628942976868904,0.850067546318616,0.9191520956010533,0.9676346945421204,0.8320507389959206,0.6477683193497671,0.8612853521281922,0.8557839418818978,0.9874196720316069,0.9933623320791553,0.919152095601053,0.8078651440439562,0.9123992402861405,0.9771157576012952,0.94663309065437,0.9688256924482024,0.8808530918450068,0.7840560847219824,0.8869837251477688,0.8383991894630196,0.7328191373863139,0.8778974654500653,0.7494567193023436,0.9195453412137855,0.9091812387167528,0.9033263384148736,0.6250807582187599,0.7759863844447474,0.9595131865896311,0.8671675727709443,0.9702781670896219,0.8295130787389149,0.7959165242401371,0.9030086235821644,0.6304049580454627,0.8636318713376898,0.9303105872741888,0.6581111651460926,0.42500681655011385,0.8667965967839735,0.6364513134356824,0.8860899491808241,0.8524871401230574,0.47173771376642937,0.9060540201833014,0.9157186269856044,0.9457512976809442,0.9060540201833016,0.8766978767106222,0.7124453464236414,0.7623338040565747,0.8636318713376898,0.6876949289878551,0.880853091845007,0.587846766069255,0.9264265757108796,0.6352886991467797,0.9404663323227446,0.4516197976249505,0.9000373939808766,0.9271908457518929,0.9615238294658071,0.8432648458861445,0.9099149954318695,0.8496451729544778,0.9344789105408812,0.6497058339361235,0.6579995077438067,0.8765682211155166,0.7804598720496001,0.7433220505381253,0.7695809868993968,0.9761261745674079,0.9818634913664555,0.9681207613454724,0.7019010544900204,0.665649570082359,0.9773960163113153,0.9030086235821644,0.6912323208304973,0.7059144460884221,0.9303105872741888,0.7744716350427993,0.9969352503890196,0.9532058268379922,0.84545427827711,0.8757722623764219,0.9964257308790209,0.88968024912607,0.8541150780952046,0.8118946479529897,0.8887741875977788,0.9030086235821644,0.9157186269856044,0.9303105872741888,0.9060540201833014,0.9566255407969613,0.7510923761072199,0.6853119227606894,0.8521229825390564,0.9060540201833015,0.5909075270761531,0.6752905843051136,0.8144449269069335,0.856661897008451,0.8220985211691234,0.7998787575170996,0.9657994082821815,0.7485697521214996,0.8952021501676388,0.8501953973078598,0.48181130656439974,0.7978953231297465,0.9191520956010533,0.8200412134706068,0.8684015223223851,0.9123992402861405,0.8432648458861447,0.9303105872741888,0.9004067571879332,0.9000373939808768,0.9303105872741888,0.8915068580997119,0.9869296750061687,0.9060540201833016,0.7441174236102914,0.7860819724118495,0.65013870412077,0.974955727319273,0.846266914555487,0.594340208426086,0.5249787446172484,0.9030086235821644,0.9157186269856046,0.8971337307079472,0.9030086235821644,0.9030086235821644,0.8498824478883682,0.9060540201833014,0.8971337307079472,0.9249662444564587,0.9060540201833014,0.878294490116863,0.7978953231297465,0.8874421650552483,0.9123992402861405,0.919152095601053,0.9091812387167528,0.9030086235821642,0.6228353980899217,0.6210950169525731,0.6040432137967546,0.7703513735781393,0.9060540201833014,0.8283274386785904,0.9123992402861405,0.878294490116863,0.5448848792408878,0.8304244459109722,0.9227150661971699,0.9091812387167528,0.7885065058798696,0.9759709171393393,0.883450633043452,0.9060540201833016,0.8432648458861445,0.8543824471730521,0.9464700431218256,0.6868005612590127,0.9570779796295699,0.9227150661971701,0.8708278127936304,0.9123992402861405,0.8283274386785902,0.4775161071110753,0.9060540201833014,0.985380855181585,0.7821708553032363,0.9264265757108794,0.6998872400518201,0.8971337307079472,0.8887741875977793,0.48242644482788954,0.9000373939808766,0.5674509023592655,0.5638177444573504,0.9060540201833014,0.9060540201833014,0.9288846307349031,0.8472484886766185,0.8901742884406569,0.7097219302737803,0.4656205868085497,0.6583615748699745,0.7759863844447474,0.5993066072372663,0.8757722623764213,0.5496646126793243,0.9060540201833014,0.8850223322642585,0.9157186269856044,0.9303105872741886,0.6876949289878551,0.9227150661971699,0.6031781390620847,0.9060540201833014,0.9060540201833014,0.6524699797716391,0.9060540201833018,0.6371589814596323,0.8860899491808243,0.7355282511756829,0.8139197462693821,0.895202150167639,0.928191664608593,0.7177866333283488,0.7976697529401064,0.9060540201833015,0.8432648458861445,0.5545307731591633,0.9091812387167528,0.9227150661971699,0.9593826330683966,0.800453142992604,0.8346528452164943,0.8476598553448089,0.6409260948447388,0.7962089305552098,0.9060540201833014,0.5283510552868116,0.8476598553448089,0.9575364170521966,0.8441523565642295,0.7510923761072199,0.9613051670773511,0.39189797432478557,0.7296610870173428,0.6712460213981588,0.8912125211676801,0.6429108697303905,0.8971337307079472,0.9264265757108792,0.8113620417189931,0.9738625321620703,0.5669751472517485,0.9157186269856044,0.9030086235821644,0.6456065673928454,0.9538062486519391,0.8949117707360061,0.9363542328630519,0.8081565826550232,0.8432648458861443,0.7035434506267082,0.9303105872741888,0.8200412134706068,0.8239015550478895,0.7669638112313573,0.6973118048252798,0.9264265757108792,0.9195453412137853,0.578623778291797,0.6897407861015621,0.8942918945731197,0.5959662951141782,0.9276655986642768,0.9753158112139154,0.9272214280328811,0.5716635741145017,0.9532058268379922,0.5909444248782432,0.6307635017006326,0.9060540201833014,0.7998787575170996,0.7766386398235636,0.7577740524824725,0.9264265757108794,0.9377452834131271,0.878294490116863,0.902299461469424,0.9060540201833014,0.6565995544936352,0.6409075767701966,0.9952234886231107,0.5849309463144867,0.7396038302530707,0.6189067509690198,0.9157186269856044,0.5416684740762066,0.7026512656007164,0.8645542256568435,0.6342082311491115,0.880853091845007,0.7099098837495035,0.9303105872741888,0.8808530918450068,0.9060540201833016,0.8118946479529896,0.8708278127936304,0.5070069188322571,0.9135519800973402,0.666977898432942,0.9352923098201308,0.9030086235821644,0.531820744502608,0.7433220505381255,0.8078651440439562,0.6644344320056719,0.6205279198702776,0.9060540201833014,0.6069600676389137,0.7472094666560576,0.856661897008451,0.9060540201833014,0.6293840353098041,0.8942918945731191,0.9227150661971699,0.9903709845654334,0.9030086235821642,0.7341512499877305,0.7904384645785769,0.8098765737128346,0.9869296750061689,0.9258521133444847,0.9452410536397868,0.6713613315615916,0.9060540201833014,0.7836118471054024,0.9060540201833014,0.9227150661971699,0.88752933357764,0.7322386593454435,0.9303105872741886,0.9499925548591657,0.925918872209762,0.9857896611490983,0.8843265687811639,0.9060540201833014,0.8129429921048155,0.5099884575910489,0.7607200636839271,0.8612853521281922,0.8432648458861454,0.9157186269856046,0.8612853521281925,0.8589624614952678,0.949851490298083,0.6934873296877478,0.6888845231480671,0.949851490298083,0.856661897008451,0.9157186269856046,0.7880418755318432,0.949851490298083,0.9303105872741886,0.9127211763009061,0.8045234280951059,0.7880418755318435,0.9030086235821644,0.9150049888002696,0.878294490116863,0.8512594583520775,0.8432648458861449,0.732819137386314,0.9944404923050087,0.6778422016471687,0.8657490312007632,0.8860899491808243,0.8639709622740425,0.856661897008451,0.8179926096630912,0.9345175565475934,0.8625242924987387,0.8304244459109724,0.9310051442015239,0.9091812387167526,0.9123992402861407,0.9803765616887432,0.8869864437739803,0.7252143920641368,0.8660034226470061,0.9538141733959274,0.9966922538063423,0.9191520956010533,0.9661758843114594,0.9499925548591655,0.9664185255999889,0.6509967800625711,0.8612853521281925,0.9506593699172059,0.9490592052587876,0.8869837251477684,0.9060540201833016,0.7292390940784129,0.85566241964557,0.9401438614375077,0.7696273227218539,0.9428906865099036,0.9191520956010528,0.8498824478883682,0.9718358806561771,0.8732840781850184,0.8971337307079474,0.8924187658448484,0.9346820333843547,0.9803917544994649,0.8645400311742031,0.8887741875977793,0.924334928277948,0.9800894053211886,0.9716152761094377,0.8635364391218596,0.9123992402861405,0.9091812387167528,0.7653787371572889,0.9535996052089035,0.9123992402861405,0.9158187418681748,0.7923071586857727,0.8531298405752463,0.9375517053100488,0.9000373939808766,0.7241365239273829,0.878294490116863,0.8200412134706068,0.8762607344566619,0.5413557328797227,0.878294490116863,0.9191520956010533,0.6057228886208317,0.9999061014832777,0.9091812387167528,0.9264265757108794,0.9382318910988655,0.9227150661971699,0.8563812188652231,0.9191520956010533
p48_I,0.9532502928899792,0.8112851298120194,0.8973053541184907,0.981619518057664,0.8559522762859697,0.8612368600037131,0.8396851555084497,0.8422833388714694,0.7272229943106872,0.7627456110866242,0.796349746765436,0.8512827582389368,0.8512827582389368,0.6135520024365789,0.9232962200440313,0.8233131935515157,0.9859915085495976,0.9071899201855503,0.8956380779049871,0.840537788134992,0.8643267223067477,0.7295479505095194,0.9936820261047687,0.7871560431335571,0.6652372862831992,0.8057060011361046,0.7570132038541317,0.7834603998983649,0.8016416996108084,0.7317559933334975,0.7873083094059601,0.905045718507947,0.8658597358546531,0.9160186407774475,0.8559522762859699,0.9929303214064669,0.723138460468594,0.7708894418562153,0.7384277708626144,0.6800018754437986,0.8756599077526788,0.8012905754204063,0.9750176878081551,0.8520468905115566,0.9287469323757311,0.801543041081112,0.7704391635096576,0.8078920461843637,0.7506461924034047,0.9320524381165516,0.7522076383746097,0.8930541043994553,0.8057060011361046,0.8609599666520573,0.9776292196359238,0.8214102979747857,0.7843471546356964,0.8559522762859688,0.9851123832275486,0.7715983355805616,0.7335748792766221,0.8818782071767123,0.7636378808463792,0.9472054454038972,0.8746367007519438,0.7905177613637149,0.9735950471314356,0.9536790780141845,0.9731616738268061,0.858494211008805,0.6672826694014191,0.8019398001857567,0.9801184131332199,0.8667192104766097,0.8559522762859688,0.8934222005417536,0.8515242770126847,0.9567182649747316,0.9376959776670528,0.8203004969566806,0.7963497467654357,0.9638888774228599,0.9387420613642796,0.877482020805691,0.8559522762859688,0.5727614083613315,0.9824392059119957,0.7284831104378533,0.8686868646358594,0.8512827582389368,0.8559522762859688,0.5730851593650711,0.7018870863877845,0.8225277886974782,0.8359648532087935,0.9880783106019766,0.5543001186098921,0.8809901193072918,0.7895735314600918,0.7041121915701605,0.8307286307991693,0.8365990563074835,0.7405077789604679,0.8562351690345726,0.9966452794501179,0.7099187434240761,0.5069078966332368,0.7331981420027813,0.8983146622607214,0.8604581117508241,0.6112911572517868,0.6310207023616359,0.7897092951190827,0.737116327329675,0.7042792707118314,0.9318407779553037,0.9751625815799818,0.7842064772164411,0.9340813247611222,0.7451218603361915,0.8916526157365261,0.5175339979452622,0.6395638714916648,0.7904637732499996,0.9253327005854157,0.6537672184431276,0.723138460468594,0.9643196326600446,0.8772536000905929,0.8405176238551884,0.654715688899401,0.865681426102298,0.8893062956215867,0.9431095860977792,0.9287469323757311,0.8108297318067959,0.9434666233601683,0.9578556242450754,0.7522076383746092,0.8467269607313446,0.881412021592225,0.72384952256244,0.5707875304629881,0.821791296258757,0.5191275886731178,0.7464725865265609,0.8164035770899689,0.6796442519422985,0.7506461924034051,0.9020888523416184,0.88718959219572,0.7335748792766212,0.0,0.6630091945994601,0.8707710541962024,0.8490360114921609,0.9149648441945344,0.9636207805173574,0.9492660948497862,0.7976739415591315,0.7386125217162656,0.9318413189001247,0.9143949578657861,0.9225882699637404,0.9553561375143156,0.7058912128571115,0.9643196326600447,0.8381579416424485,0.790906236123408,0.9392568578203683,0.743458184420491,0.816928346386044,0.7982195598930497,0.9520215372648386,0.9354969083907578,0.9165397547736366,0.9327819448011692,0.9108203453823034,0.9731894813497899,0.874599630040908,0.9850698659683466,0.734329079869132,0.9837454645469401,0.9116080119434857,0.6745276594014673,0.5978249861959283,0.7451218603361915,0.8070405934835655,0.8336470580240636,0.931161988468197,0.8009579281719535,0.8563129293969087,0.8060482328692119,0.8709976271173137,0.8727344289401716,0.8559522762859688,0.7231384604685938,0.8009579281719542,0.9520410577184539,0.9070654206750388,0.7784744511280897,0.8814453850912112,0.8559522762859688,0.9638549287027047,0.7909105022204661,0.7627456110866244,0.8559522762859688,0.83380125867102,0.8000975116775979,0.7940029850771804,0.726943986391356,0.9720842899414146,0.8772536000905928,0.8559522762859688,0.9390070921985816,0.8559522762859684,0.9789452096419894,0.9505174167605193,0.9810751402101897,0.8559522762859688,0.9611210138707305,0.8559522762859688,0.8810876628114688,0.7934976884069915,0.6037615354082071,0.9002163215676355,0.8365990563074835,0.857172984163713,0.876086553322736,0.6787728935195659,0.6248160073900714,0.8539872531409711,0.5312658787339752,0.958671832989653,0.9578556242450753,0.9293190609910926,0.8427503566796857,0.9100127294010795,0.9741086907302591,0.9775918713456563,0.7596773995000075,0.6997686276802648,0.5504916383704231,0.8760865533227362,0.8559522762859688,0.9985075821215168,0.8559522762859688,0.7167568472054988,0.7148611421913218,0.99213028855682,0.954503876655469,0.8438558736730619,0.7231384604685938,0.7763463599580378,0.8449511898239374,0.6684473752986693,0.9898255622888363,0.6959059601708351,0.7042792707118313,0.6204702009060218,0.6516766082033207,0.985292438929571,0.8512827582389366,0.9116538466243311,0.8906970602968891,0.7384277708626144,0.722384988534529,0.9572932348230596,0.8095211433024025,0.6949068033246188,0.6489530249786335,0.9735950471314356,0.9443029181506322,0.8784726639236322,0.8098992535700122,0.7099187434240761,0.7083862724466488,0.9563691088596871,0.9886358372013968,0.7707304379651232,0.7099187434240761,0.6519686517512386,0.9204627675285613,0.8760356045203768,0.8358845118343949,0.7434581844204908,0.7042792707118309,0.7698241935057315,0.857091892714033,0.8303175207633455,0.8656814261022983,0.9649212652990378,0.7941081151969618,0.7470626103202587,0.9245009112942064,0.6323726778322505,0.905707294614418,0.7015483221380776,0.9699258116973509,0.8646739158077179,0.8212905093630105,0.654159965214995,0.7864823026863538,0.8151531226178206,0.968775673712853,0.968918841903136,0.9861272489354247,0.7834603998983649,0.8719950893647617,0.7371163273296745,0.9506314445604678,0.7816644780773431,0.6404071052820967,0.7014265424232604,0.5521499451066922,0.926085680719904,0.7825472522047825,0.8794338766591757,0.8124773857179364,0.9169617030792715,0.948830428677309,0.8987613725012114,0.8559522762859688,0.8707710541962024,0.7087574147507902,0.8114885606261029,0.7099187434240761,0.9814914270638063,0.9074162269428674,0.8559522762859688,0.8706246046154715,0.8814987207179206,0.902173223050746,0.9038708557246543,0.8154906147134664,0.765913199194565,0.9921302885568201,0.9591445625745723,0.8768723476328734,0.7936043602408694,0.8379173649093352,0.7866231387749615,0.8365990563074837,0.8115940355833653,0.8706867924225483,0.8336470580240634,0.8047486794846914,0.9750176878081551,0.8549452586963726,0.6453980174074029,0.8232163640606633,0.7570132038541315,0.8512827582389366,0.881126235281284,0.9130256830471957,0.8705684122330231,0.725968717898394,0.7369382749942395,0.8559522762859688,0.6729904740957693,0.9031725621753481,0.8252847867961295,0.7586176823817162,0.926085680719904,0.9323160161660597,0.8559522762859688,0.8559522762859688,0.8919348263226169,0.7748586846424614,0.6737221455652569,0.8559522762859684,0.8405377881349917,0.8957154500195305,0.8950153967350558,0.9200885516366033,0.7642147939215167,0.9888400526549677,0.7557211275093768,0.7819139220692446,0.8085018910576967,0.8558523728742742,0.8559522762859688,0.9212127978114475,0.6854652773673298,0.8326833297646112,0.8403783509309437,0.646070589410114,0.8321528101679379,0.8656814261022983,0.8365423068591005,0.8559522762859688,0.7713473690067807,0.8593392404058267,0.8078401992946385,0.9750211216581954,0.8607472522091428,0.8822554591765027,0.6311775871296272,0.8559522762859688,0.7929644235262521,0.5939641904482252,0.8559522762859688,0.931161988468197,0.9798778270174673,0.9378548368497286,0.7361950078895567,0.8285825160360605,0.8559522762859688,0.7205112239894977,0.8996010638297871,0.9116538466243309,0.8550489954241467,0.9670551463974049,0.9796068256601095,0.7590635423320593,0.7867210813274523,0.7042792707118314,0.853642676784645,0.6945837696126067,0.829947546000642,0.7569749539824329,0.7018764679918075,0.9658004877275916,0.8425073736236923,0.6836583097511206,0.6679365212869307,0.8559522762859688,0.9186425876141027,0.8433507490020075,0.9708173274372016,0.8829132168159717,0.8398315536277513,0.8760865533227364,0.9549029572020087,0.9151912084634849,0.8467269607313446,0.8765340058700837,0.7715493131722808,0.9478496729519879,0.9766335146936989,0.7564172653444303,0.9929303214064669,0.75031988782375,0.9260856807199043,0.9702116011640312,0.9055348722411801,0.9738918651925438,0.8604628794088311,0.9183299651833599,0.9509822321595038,0.9060160128370502,0.9655622372244738,0.9311424812015243,0.8253412912328231,0.961915706730555,0.869679002706397,0.9995583249327138,0.8381579416424483,0.920180334645047,0.765913199194565,0.7862279856886558,0.8561851304477559,0.7873083094059601,0.706581356132173,0.8077809448461917,0.8048147033127069,0.9001246442887978,0.7305732594025194,0.7162947947003655,0.9383174573963602,0.8154071187516387,0.8425073736236923,0.7276239088243553,0.8561851304477559,0.8839603471981159,0.8896479980872491,0.8159114226352968,0.5695101354970795,0.7042792707118312,0.9535265384885427,0.9292690292613248,0.9238232592887246,0.9829782142295063,0.9186425876141024,0.9383483031846989,0.9149882173400559,0.8390184586479896,0.9672938193063929,0.7570132038541317,0.9573692204626645,0.9921302885568198,0.7842064772164411,0.7460187293190479,0.8619507456698137,0.8916526157365259,0.756603092681495,0.8512827582389368,0.6497470021109915,0.7716192968882856,0.8995193391026697,0.821791296258757,0.8559522762859688,0.7321637323361279,0.8559522762859688,0.8559522762859688,0.7586438533687556,0.9559264230682056,0.8124773857179364,0.8559522762859688,0.6620908779206611,0.7504475533064086,0.8203075677663932,0.4578063778111331,0.8727996222091998,0.9312566329359487,0.6457687495562406,0.8917167917055983,0.6165149973204143,0.7988318128015337,0.9265619390299448,0.876035604520377,0.7870669811240099,0.8098992535700121,0.664849290780142,0.6571286414571447,0.9944284094187582,0.8596771133547376,0.7310786566561234,0.874636700751944,0.6115900416831623,0.7042792707118314,0.7776795456551246,0.9128288509685556,0.8985876457397045,0.8425073736236923,0.92992247034085,0.6241404817902616,0.7523220550758223,0.8173115982101793,0.9000350661756444,0.8987613725012114,0.8253412912328231,0.8191648344660394,0.8036005592714456,0.7269439863913563,0.9745223828905242,0.9050457185079472,0.888838945770785,0.9001246442887981,0.9731616738268061,0.7397410131523878,0.9074162269428674,0.8459994677419889,0.790906236123408,0.8203004969566803,0.7292975693424488,0.6644855961876011,0.8917167917055979,0.7375674714508944,0.9390118367484177,0.7905272540493603,0.8768577477231594,0.8559522762859688,0.6836583097511206,0.8651641418574889,0.9180353447095948,0.8748484084969748,0.903890248572409,0.8467269607313446,0.6683903588519682,0.8822554591765026,0.678772893519566,0.8360982464295557,0.8871895921957205,0.7299140512386932,0.9898255622888361,0.8642343523793281,0.8760865533227364,0.8547165546921686,0.9612013739456857,0.8159114226352966,0.8154071187516387,0.9241414725208472,0.7563671319960394,0.80716081535695,0.9521391700208762,0.8124773857179365,0.7431333050315445,0.7970904362384361,0.8793538611119028,0.8405377881349922,0.9476448489900741,0.8927560435416246,0.7253801651829515,0.8338441428621897,0.7477170374084543,0.8512827582389368,0.7887542798265645,0.75835508151441,0.9750176878081551,0.8475867890248088,0.9318413189001244,0.7999190766084681,0.7671690193264539,0.8338454108822273,0.9932535511650025,0.6126835975261931,0.9219714341985399,0.8181263468841443,0.8561851304477548,0.9979041074996909,0.7179329740628648,0.7793641339096475,0.8559522762859688,0.9169019909120197,0.8754790516861646,0.897521451271003,0.5928631239260922,0.8559522762859684,0.7505171892140097,0.8524206134226053,0.939793813067825,0.9534273909503796,0.9854028644831292,0.6584062632475499,0.8889373474099491,0.7404660758318413,0.999792885629691,0.9960353404654259,0.6053737835151409,0.8858928134003453,0.7321637323361279,0.4892061624050209,0.7611564165539599,0.90275894910531,0.8361214787240916,0.7793641339096467,0.9312380290574311,0.7715983355805623,0.7793641339096472,0.8336470580240631,0.9003008450443782,0.802590847384093,0.7929778552631795,0.9014609575479748,0.8814987207179206,0.9490768789214075,0.9128288509685557,0.6096404686749166,0.7077179752719005,0.8512827582389366,0.905045718507947,0.8708970510157366,0.8512827582389366,0.8512827582389368,0.8115940355833644,0.8559522762859688,0.9001246442887977,0.9825772600177406,0.8559522762859688,0.642178400301881,0.8350134077903513,0.8814987207179201,0.7042792707118314,0.9116538466243311,0.8927560435416244,0.8512827582389366,0.6014025731693969,0.7894155237394402,0.8173115982101795,0.9024282313589727,0.8559522762859688,0.7905272540493604,0.7373592171107439,0.8381354443488453,0.6418372787733213,0.5733332856796379,0.8956380779049873,0.8511736257985211,0.8962980194070059,0.7957013665465018,0.8449511898239378,0.8025908473840934,0.9415679042991638,0.7314357391653786,0.9682439489738065,0.8384164098855105,0.8765340058700836,0.895638077904987,0.8212905093630108,0.7042792707118314,0.6203556395996859,0.6229774502818577,0.8559522762859688,0.9267569842313427,0.9579562067435221,0.7627456110866244,0.9266146978106556,0.7570132038541314,0.8230778331336515,0.7767846219324193,0.8760865533227364,0.6878615045833012,0.8157256563130313,0.8559522762859688,0.8559522762859688,0.7763463599580389,0.8267574983184356,0.5989817885779052,0.7562254444882488,0.818158570820662,0.9263151219548436,0.8758072677690262,0.8612918701769758,0.8256148430002312,0.8895315101725203,0.8559522762859688,0.916003804834931,0.6836583097511206,0.7384277708626144,0.8406319885329523,0.7099187434240761,0.6043884028863773,0.8559522762859688,0.8559522762859688,0.8649125113398146,0.7715493131722806,0.914668718724126,0.8080969078491071,0.8609597533700978,0.8041143701014606,0.9088006389406291,0.9097034792936665,0.9491571911382384,0.8307309509764413,0.8559522762859684,0.7552812543689115,0.8775500417653437,0.7551472518010756,0.8814987207179203,0.7774331158330845,0.7664376445978133,0.8067440341277696,0.7173162881549637,0.8607472522091428,0.9411527391878085,0.8559522762859688,0.7289430039424369,0.6966655910415882,0.9114326765782881,0.7232181416936134,0.9813561295735616,0.9428986925360374,0.8233502854441623,0.568657604607596,0.9116538466243309,0.6578697982831463,0.8189028476660747,0.8995193391026695,0.9183299651833596,0.9317763606197278,0.8296313410259673,0.6863169670108178,0.6836583097511206,0.8512827582389366,0.8371850285120772,0.8539193688809055,0.8361214787240913,0.969183268602811,0.9431095860977792,0.7957013665465015,0.8931449617140896,0.8931449617140894,0.6172777262733864,0.7943888557801737,0.7404251116329643,0.8869938104977824,0.9649817692440881,0.7819139220692448,0.9038902485724092,0.6277965483430623,0.8658597358546534,0.8512827582389368,0.9373639883834675,0.7165411483531126,0.8511736257985207,0.7776157968966584,0.8490190724641384,0.5263402983012508,0.4893508291386375,0.8559522762859688,0.5730851593650711,0.8869938104977824,0.7775626480709914,0.7627456110866242,0.9715604484791779,0.8133884845703088,0.7629432624113475,0.8559522762859688,0.7150312184388903,0.7427615069153487,0.9391419176443231,0.8398564283247514,0.9080520724368617,0.86243623775096,0.6836583097511209,0.6599949827649656,0.9751250581705837,0.6378973647312516,0.7551062879984998,0.7795559951736164,0.6211852798603787,0.8612368600037134,0.90553487224118,0.8025908473840935,0.7911940242103521,0.9903246454113732,0.655492392978736,0.9436197690350745,0.7666082295139705,0.9490768789214072,0.8512827582389366,0.6654775515271882,0.9941433740477348,0.7341817694341655,0.8726317436967441,0.8195065327048723,0.8559522762859688,0.8138100515895024,0.9727805706279864,0.6785050934285352,0.8559522762859688,0.9408646612910494,0.8826589256374863,0.7099187434240761,0.892898924450718,0.8814453850912112,0.9792113321868139,0.8774820208056916,0.49799628138113916,0.9234915831261147,0.9688816820998116,0.9811221984817184,0.7311346759256341,0.8559522762859688,0.8402457823683693,0.8559522762859688,0.7470626103202583,0.7762417958512621,0.7211691718355007,0.7384277708626144,0.7810369015654314,0.9897352370549404,0.8047585348820061,0.7867602450817955,0.8559522762859688,0.9892072337723308,0.7522256699688787,0.7584366861676699,0.9237989050428548,0.7798874555888036,0.905045718507947,0.7873083094059599,0.7557211275093765,0.7834603998983651,0.7648886723288328,0.7258859005752978,0.7834603998983651,0.7802191483051633,0.717932974062865,0.9057072946144182,0.7834603998983651,0.7384277708626144,0.9971087202550015,0.9247648348741064,0.665843379858487,0.7264404658292205,0.7118609122696715,0.7164192796374913,0.8979239965635599,0.9978019274344512,0.8928989244507175,0.7563438323023004,0.9625791432822228,0.8814453850912112,0.8866458651886936,0.723344143004548,0.5269478811139721,0.9387883178873389,0.9452175288075109,0.8870168031810974,0.8544354240446739,0.6800018754437986,0.7551472518010753,0.7704391635096576,0.7753926180543478,0.9378155291376971,0.9540896479148512,0.8626831724851715,0.8078920461843637,0.7522076383746094,0.6965454902321737,0.9701310231463776,0.8134355446661008,0.9384009240694046,0.9729232551443949,0.7904637732499996,0.8940389712591517,0.8449511898239377,0.871467042953131,0.7715493131722808,0.7048753138821242,0.8370194865815636,0.5934729563388708,0.7538361668590796,0.876238985987313,0.9472720887282853,0.9995583249327138,0.9894789155851371,0.8057060011361046,0.9001246442887979,0.7134489759373539,0.9454762481192756,0.9304288940763383,0.6791760555533348,0.6092531421879228,0.8287128194633948,0.7867657195337694,0.6788493728875304,0.888195430463954,0.935838895504223,0.723138460468594,0.8437125928094669,0.7945425446535288,0.9027589491053101,0.9510175087626027,0.987796622498214,0.9444810945860539,0.8596771133547377,0.8303175207633458,0.9134898893813279,0.9143949578657863,0.8734208540101176,0.9358388955042231,0.7485901815643405,0.6174314405233448,0.7321637323361279,0.713373767567697,0.8499391105800556,0.851173625798521,0.7238495225624401,0.9716225754647405,0.7470626103202576,0.8732674294907272,0.7321637323361279
p48_T,0.6818357969386328,0.8627712312932623,0.614981445415063,0.9377670913598033,0.8811713725919916,0.9568784918748878,0.7641437790628967,0.7731648436876881,0.7584949586880275,0.9069398281965733,0.859314782326138,0.8773193685069602,0.8773193685069602,0.8425111710827857,0.8335907323533001,0.8149710301390629,0.9013701145685413,0.7392301461878472,0.9022452837148789,0.906939828196573,0.6216442088328664,0.8559195932254964,0.9844272218605027,0.9203333571111534,0.8525812245745796,0.58133717982476,0.9328517848460851,0.8269876062062993,0.9069398281965728,0.5915079117744211,0.5643906791132677,0.8933957590212613,0.6112309903275548,0.6615371423760036,0.8811713725919916,0.9022452837148789,0.8851268700668167,0.8970277449900299,0.9118525638325776,0.8625156829022365,0.5468021592792689,0.9231319767555537,0.9118525638325778,0.7962702979293614,0.8698884442909978,0.7574104695779615,0.9255818465700862,0.6976900259542135,0.8625156829022365,0.7844122909378581,0.8933957590212613,0.7016370390634807,0.58133717982476,0.862771231293262,0.9800369388393655,0.6563037028054907,0.8590536933702337,0.8811713725919912,0.9160227235376296,0.9704390710968265,0.7249001584227914,0.9829874731066957,0.8923529322982766,0.5271289153083101,0.9369151442674037,0.9575597238004337,0.8933957590212616,0.7436978206032057,0.6009779337416796,0.9022452837148791,0.8393346687695395,0.6453734063249512,0.9153139730017579,0.981137603812444,0.8811713725919912,0.5730566026312355,0.8560936033786062,0.9348975602557188,0.993848862500291,0.9118525638325778,0.8887130191001582,0.9906254133548128,0.8522932400572809,0.7129146517939992,0.8811713725919912,0.8300245705572447,0.8847182735650863,0.8503886616908116,0.9419977323666577,0.8773193685069614,0.8811713725919912,0.784412290937859,0.8456424389192833,0.9211610332635971,0.9018532375646706,0.7870238507267046,0.7789475498561327,0.5483318910361032,0.9708761786780927,0.9741780509094926,0.9610837152279759,0.8891971954839686,0.9153139730017579,0.7653852341114649,0.7313577683139038,0.9022452837148789,0.8036549056462232,0.9529670245418844,0.9372958333693957,0.9592521070021112,0.761697562631263,0.869623426400324,0.9932827049082664,0.8093466240123628,0.8891971954839692,0.9327808748783286,0.9228541974862916,0.9022452837148789,0.9080437239981832,0.8935843941421497,0.8616138360934904,0.8044026397326813,0.8808194275061851,0.8245452201344512,0.8923529322982766,0.6023082164629718,0.9555398441554903,0.8065506112852924,0.8773193685069605,0.9573551424808209,0.8016098400246632,0.8924948979993258,0.9310944809913066,0.9568784918748878,0.9013701145685413,0.8753390982293265,0.8049605890859599,0.9181106311285124,0.8933957590212613,0.8735611753844448,0.8060014316516655,0.906939828196573,0.6252477976872692,0.9935160164989381,0.7735291693438346,0.6536260162171481,0.8249377824621846,0.9643168373807344,0.8884162571534371,0.8898679823490466,0.9069398281965728,0.7802191483051637,0.6630091945994601,0.0,0.8933957590212618,0.5676716835713502,0.7735736407828802,0.7829831333240977,0.7140440355567783,0.7862775763932401,0.6375347568500549,0.9983511487423209,0.9277170029726367,0.6407211540308213,0.6004309409252575,0.8719206013775156,0.7998115956948191,0.782881086930776,0.8255667761446863,0.6694992448301285,0.8425111710827857,0.9568011828647874,0.4267361536255685,0.6772980478165329,0.780519878436218,0.9595179939890843,0.9430998431724233,0.7652839715523998,0.8361961589702158,0.9011103505707635,0.9661140296290596,0.6707537793434725,0.8845611988346691,0.9236252931391372,0.8245257272644781,0.7222212283498353,0.9585425601890805,0.9095673682359076,0.862771231293262,0.8216070858356983,0.8735611753844454,0.9169654070089519,0.7383562932953539,0.889912336766143,0.8008391771914982,0.8811713725919912,0.8851268700668167,0.8735611753844457,0.8464799418789064,0.7849223637827945,0.7839019570658026,0.9568011828647875,0.8811713725919912,0.6511946244117655,0.9486375850020927,0.906939828196573,0.8811713725919912,0.9456221642217417,0.7092090817983497,0.8464347259141753,0.9621953205892575,0.8134253435598484,0.9104952582326109,0.8811713725919912,0.727560095402457,0.8811713725919912,0.9169003725518663,0.7425055472042368,0.7387845169986755,0.8811713725919912,0.7737474618669683,0.8811713725919912,0.9766574340935279,0.5100483053533584,0.8269876062062997,0.5970170164821351,0.9255818465700858,0.9041496111751932,0.8735611753844448,0.8492956954242195,0.8559195932254962,0.8833192927368403,0.8392895449426163,0.7993651586239545,0.918110631128512,0.7646343017371664,0.837636106838652,0.7446538073420663,0.9495484734032327,0.7981252886572372,0.6425219266541834,0.8698884442909975,0.7681525130538001,0.9704390710968263,0.8811713725919912,0.812624531959105,0.8811713725919912,0.6135710159225782,0.8017517804777672,0.9310944809913071,0.9813199728731583,0.9041496111751931,0.8851268700668167,0.7990018361935884,0.9937722392326065,0.8249377824621846,0.9936940338037598,0.8490163198223054,0.889197195483969,0.8020841226580646,0.2610831818115359,0.6982212533744789,0.8773193685069614,0.936915144267404,0.8223998260092016,0.9118525638325776,0.8690304040404502,0.7480107950530943,0.9698509225339869,0.5731550652969277,0.7590093454581801,0.8933957590212618,0.7088895949406444,0.6142139099130922,0.9054329266303724,0.9022452837148789,0.9744579160013234,0.6509783868559957,0.8732786138576025,0.8097234685897621,0.9022452837148789,0.8206212819252164,0.923198810242392,0.8977386203509137,0.5152351999823042,0.8425111710827855,0.925581846570086,0.8453078307066049,0.9932827049082664,0.9704390710968265,0.710571642568739,0.9983511487423209,0.8522618445105261,0.9022452837148791,0.9112146226503888,0.8728952539977223,0.5430950800474514,0.6355950683380851,0.9430998431724233,0.9494565734115241,0.8366151086510358,0.9058538072885727,0.8933957590212618,0.9804540883698294,0.8011372640219567,0.8891971954839688,0.7230751290785535,0.9932804131088364,0.8645321799972694,0.8093466240123628,0.8556162203675433,0.6538997749057127,0.9549833145226005,0.9233359041351508,0.7365477896446287,0.9069398281965728,0.9613322301274161,0.9497216571784262,0.8790361367974935,0.8239808321924891,0.9366194244871693,0.9255818465700862,0.8811713725919912,0.6919182993082406,0.8126245319591048,0.8923529322982768,0.9022452837148789,0.8977386203509137,0.8773193685069609,0.8811713725919912,0.8525812245745796,0.8934819189973995,0.9118525638325781,0.9190546075915587,0.9307427481514259,0.8732786138576027,0.9935080750686025,0.8246025552343852,0.776782399011565,0.8525812245745796,0.7956339645834604,0.8278665119212036,0.889197195483969,0.7074798144586543,0.8151842701234681,0.7466894884520463,0.88865167312236,0.9118525638325781,0.9059906438515755,0.8101221286735178,0.9200804237222522,0.9328517848460851,0.8773193685069614,0.9569379961407964,0.9312780831087675,0.9043457178937138,0.9965036052620413,0.7942398372472201,0.8811713725919912,0.9569665824798764,0.8754519965932173,0.8361961589702156,0.8527382835752308,0.9497216571784262,0.8892324585255638,0.8811713725919912,0.8811713725919912,0.9661179799070392,0.8358304984331972,0.8659209203558018,0.8811713725919912,0.9069398281965728,0.9153139730017579,0.8425111710827857,0.4840584300992651,0.9339562729431052,0.9153139730017579,0.8698489604994111,0.8559195932254966,0.7502939264511977,0.8254492165434482,0.8811713725919912,0.5857464607464629,0.8269876062062993,0.9169003302046175,0.9379072805057207,0.8216070858356983,0.7287682455306148,0.6741869914826218,0.9645139277127572,0.8811713725919912,0.855563823711406,0.8397219435105805,0.8082334455602825,0.8492366037807777,0.9555398441554903,0.7540790827943417,0.866293915947379,0.8811713725919912,0.853289433141537,0.912879444767073,0.8811713725919912,0.8216070858356987,0.9319140160511221,0.7305874146832994,0.8047855465250456,0.9804540883698296,0.8811713725919912,0.6958651686638015,0.9496854005825587,0.9455552839831255,0.7487830684818892,0.9412912612180048,0.824451778040175,0.7529313708717649,0.9303401235503452,0.9255818465700865,0.8792661252786116,0.8464347259141753,0.987859931020284,0.9285838039374602,0.7391489807865643,0.6070812685354238,0.8492956954242203,0.8933957590212613,0.8923529322982766,0.8811713725919912,0.9839544026299676,0.8108697127548823,0.9756451076153049,0.9181112558741786,0.8556474326498924,0.873561175384445,0.8824506538600924,0.9203333571111534,0.873561175384445,0.8887130191001584,0.8811713725919916,0.8627712312932625,0.5798660987879438,0.8155467712892586,0.9839544026299678,0.934541064137582,0.9497216571784262,0.892812714389777,0.8770085425434322,0.9784627362143379,0.9999129949234455,0.9069398281965728,0.8047041348932962,0.8045211086206914,0.8031812366768294,0.8428691512227091,0.5681067999827114,0.7849012310419584,0.8891971954839688,0.8223364946652797,0.823654033650044,0.869966440846027,0.8732786138576025,0.7632078429598178,0.9475094926481993,0.5888332431433588,0.6875312204759032,0.8143753382366199,0.9002875842733757,0.9013701145685413,0.8082674523304796,0.7816738208583605,0.8186971910135314,0.8732786138576021,0.8770085425434333,0.7977722512474421,0.9475094926481991,0.7089853727715032,0.9821553920876704,0.8684389356219331,0.6641109727989545,0.8891971954839688,0.9520133767242596,0.7684742091079906,0.8527382835752306,0.8433272776210035,0.9430998431724233,0.7085217612993489,0.8026709028047759,0.8977386203509137,0.8269876062062995,0.9013701145685413,0.9412215340437401,0.9310944809913071,0.9022452837148789,0.8245452201344512,0.772650692670404,0.572075499817388,0.9436711479582613,0.8240976239621862,0.9759877817603957,0.9076392676159835,0.8698884442909978,0.9083494078143561,0.8811713725919912,0.8977386203509139,0.8811713725919912,0.8811713725919912,0.9891729020480151,0.8492956954242203,0.8560648007561682,0.8811713725919912,0.9997307740473219,0.916297420912422,0.8239808321924893,0.6875662220971697,0.5679965679965702,0.8618423922664897,0.8155467712892586,0.7723771082592106,0.9091834890945258,0.8662939159473793,0.9375607670084889,0.936915144267404,0.6929874560650411,0.8468429382628541,0.9496854005825587,0.8489877841645426,0.8970277449900299,0.8735611753844459,0.7600220851841777,0.8977386203509137,0.7955014153349316,0.889197195483969,0.7870238507267042,0.8559195932254962,0.8696234264003238,0.651873056429946,0.958952094887396,0.8457280231675548,0.6836601006501215,0.9047213896626456,0.8361961589702152,0.889197195483969,0.884718273565086,0.9203333571111536,0.8210026272716049,0.8812551596257665,0.7540737620062297,0.8933957590212613,0.7679389342768795,0.8698884442909982,0.9888472093281835,0.9243738449837255,0.8773193685069607,0.9169003302046175,0.701666782376212,0.9568784918748878,0.8322244077070389,0.9660107921992529,0.8729956675089459,0.8389492881468832,0.8847182735650863,0.8660455228280792,0.777996504103017,0.8811713725919912,0.8933957590212613,0.7461489396671461,0.9481156253591771,0.7178037221490086,0.9135169539046764,0.8735611753844461,0.8522932400572809,0.8914241169817534,0.8492956954242195,0.9868581614989838,0.7080237109667484,0.9875629558825321,0.8887130191001584,0.8045105571866338,0.873561175384445,0.8970277449900299,0.9002287169530014,0.9128970390513769,0.8732786138576025,0.8244949317026813,0.8742314166066422,0.8186201510836781,0.7958682010303444,0.9249788088801436,0.9677269137525379,0.8162131704039807,0.8245452201344514,0.906939828196573,0.8808194275061849,0.9036342076671626,0.8353662668796294,0.8327482438090523,0.853981677092808,0.8773193685069614,0.8294178279525524,0.7656824087243889,0.9568784918748876,0.7873842087395007,0.9983511487423218,0.8754519965932175,0.9168535965487314,0.6220453452249967,0.8496610284482207,0.8489877841645423,0.8808194275061849,0.8472828603230926,0.5527204821934505,0.8773193685069611,0.8933957590212613,0.9118525638325778,0.8811713725919912,0.8790361367974935,0.6826533575401925,0.9488142114009901,0.905916353630557,0.8811713725919912,0.8068049766552696,0.8065088482944505,0.8626992638505047,0.8425111710827857,0.5962251415365172,0.9345638568496293,0.8519948519948517,0.6018248419788652,0.7673349466803134,0.8626992638505051,0.9677129372394235,0.7333197006457806,0.8977386203509139,0.812624531959105,0.8590536933702337,0.8891971954839686,0.8239808321924893,0.9568784918748874,0.8556474326498924,0.9058538072885725,0.9118525638325781,0.5964820729694732,0.8845611988346691,0.8811713725919916,0.8552431067885975,0.5494746793211311,0.9022452837148789,0.9481156253591771,0.8559195932254959,0.8977511455821422,0.9804540883698296,0.8773193685069614,0.880411909158467,0.8698884442909978,0.8773193685069614,0.8773193685069614,0.9249788088801437,0.8811713725919912,0.9328517848460851,0.8244517780401754,0.8811713725919912,0.8460594193000857,0.7816738208583605,0.9022452837148791,0.9255818465700865,0.936915144267404,0.9740471817558362,0.9104952582326116,0.9471711104295183,0.926063477165615,0.9047213896626454,0.9366886925156295,0.8811713725919912,0.8244517780401752,0.8891971954839688,0.7184334677796442,0.943455867280226,0.8064903733379947,0.9022452837148791,0.8851268700668167,0.8808194275061851,0.8017517804777674,0.8808194275061851,0.8811713725919914,0.8906679873366552,0.886375999718042,0.8734303481946333,0.9943890803821513,0.9348975602557189,0.9022452837148789,0.8366151086510358,0.8891971954839692,0.8244517780401752,0.9019889913280852,0.8811713725919912,0.8811713725919914,0.561921725018043,0.906939828196573,0.7000890867475184,0.8698884442909978,0.8593147823261378,0.9669148384465747,0.873561175384445,0.8783709852653563,0.9359527381277815,0.8811713725919912,0.8811713725919912,0.8210026272716047,0.650759102393538,0.7925008201091586,0.8618423922664897,0.9852057050770446,0.7450389130528227,0.7385627892974,0.9593189311333745,0.8696234264003238,0.9349485776416186,0.8811713725919912,0.8662986389296403,0.8933957590212613,0.9118525638325776,0.7540790827943415,0.9022452837148789,0.9372057950442242,0.8811713725919912,0.8811713725919912,0.910531737175897,0.8811713725919916,0.9296080578884487,0.9712883247369649,0.7679389342768795,0.46810918339543306,0.8305129246052401,0.8039807896790847,0.9268283844238909,0.904099736205193,0.8811713725919912,0.8684389356219331,0.9924447351137189,0.8851268700668167,0.9430998431724233,0.8437367343651594,0.8402864813929909,0.8122247635437354,0.8300245705572447,0.8851268700668167,0.6616029102225199,0.8811713725919912,0.9508295788703031,0.807310857539258,0.7632078429598174,0.7878636085702628,0.7159260020299607,0.9870213532241645,0.7980422013566697,0.7863836661838937,0.8977386203509137,0.4324350367195652,0.9272060693718172,0.9727032043212838,0.8791510268941598,0.8425111710827857,0.8397219435105812,0.9011398453294083,0.8933957590212613,0.8773193685069614,0.8743296309195856,0.8335461879057982,0.846209883907211,0.9569379961407962,0.9118525638325781,0.8239808321924893,0.9118525638325778,0.8630177959558736,0.7925008201091583,0.8361961589702154,0.7999824600188289,0.9494565734115241,0.8791510268941598,0.8559195932254962,0.8847182735650865,0.8369011939140174,0.6419648193702069,0.9436711479582616,0.9100687042991049,0.7918809723730349,0.885126870066816,0.9117826983312595,0.9208794226291901,0.7497626137155449,0.8161083315692106,0.8811713725919912,0.7844122909378588,0.9835991738212904,0.992637166761958,0.9069398281965733,0.9766405271107834,0.5823374949920606,0.7921109962054533,0.8811713725919912,0.9868581614989838,0.832224407707039,0.8460594193000848,0.9900676849362566,0.9659835913413735,0.9905461600724843,0.8933957590212613,0.9642406618901317,0.685194474379802,0.4471906084341768,0.9309199287591243,0.8770085425434322,0.7580266277851462,0.9568784918748876,0.984427221860503,0.8811713725919916,0.8792661252786118,0.9143168314046379,0.9282269865550218,0.7925008201091575,0.8186201510836781,0.9153139730017577,0.8773193685069614,0.9175709528412475,0.6850005727306847,0.8147640879371334,0.9022539027806176,0.8621392152680036,0.8811713725919912,0.930790678787083,0.6425822351455293,0.8425111710827857,0.8811713725919912,0.9977506746524964,0.9277615740326808,0.9022452837148789,0.8492956954242203,0.8773193685069611,0.6985181036750507,0.892352932298277,0.7789156680027849,0.8590536933702337,0.8274702902803872,0.9567143747412898,0.8266345830435115,0.8811713725919912,0.9059164487391993,0.8811713725919912,0.9022452837148789,0.8552392593069018,0.8018603582410866,0.9118525638325776,0.8770732388109757,0.7979809544525562,0.752078113809824,0.8425111710827857,0.8811713725919912,0.7298777066012968,0.9722884574678328,0.9836162374979812,0.8734303481946333,0.731438133513072,0.893395759021262,0.7599311913539988,0.9422117724949788,0.804521108620692,0.8162074958639833,0.8621392152680036,0.804521108620692,0.7764651478091434,0.9310944809913071,0.5430950800474514,0.804521108620692,0.9118525638325776,0.8660374379044287,0.9203333571111534,0.8225277030721225,0.9104952582326111,0.8216070858356983,0.8732786138576025,0.783901957065804,0.7758962369425157,0.9047213896626447,0.6949799690120291,0.8366151086510358,0.9899770725904381,0.9135169539046764,0.9913213051420511,0.8425111710827857,0.7509633729671947,0.976258868294258,0.8366956889431236,0.5431322014478408,0.8366151086510358,0.8851268700668165,0.8891971954839692,0.7309945930379655,0.9419977323666573,0.8556474326498931,0.9935455190821888,0.7373274200556799,0.8933957590212613,0.8977386203509139,0.790686000698809,0.6273267861151274,0.9380992138498063,0.8527382835752311,0.8489877841645428,0.7355474688428405,0.9655340363010012,0.6477322928634686,0.8811713725919914,0.8273600495765409,0.9005389878426329,0.8180514773174048,0.7769648141571495,0.8285143669195758,0.8977386203509137,0.9249788088801436,0.8136936778382844,0.58133717982476,0.9328517848460851,0.8275132413035862,0.8236540336500442,0.8020841226580637,0.6226074681842735,0.8887130191001584,0.7921605309290698,0.9436711479582611,0.8166110056023805,0.689403306264541,0.925581846570086,0.9555398441554903,0.8464347259141753,0.5913933903677429,0.8891971954839692,0.9378627712211034,0.9398731806994778,0.773473428402597,0.9381464391926995,0.8735611753844457,0.9949190403088481,0.9277170029726367,0.8050249428919063,0.9255818465700862,0.905987135785457,0.846059419300085,0.8977386203509139,0.8350945864783957,0.8963777015779386,0.8851268700668165,0.9069398281965733,0.8693462201573856,0.9022452837148789,0.6959352240430068,0.8977386203509139
p48_VM,0.9721547024612633,0.9888197307367492,0.9029316112204657,0.7154788451519627,0.900538421250602,0.8425429626878579,0.9744810384949363,0.9421042865426588,0.9137092609592146,0.9448229719109481,0.9290729285038272,0.9529545363721539,0.9765837058865925,0.8672132741337568,0.9894435908227328,0.9356856974167591,0.8493047741087218,0.9385367079941815,0.950716529670402,0.9448229719109482,0.9380230108510117,0.9940867605460231,0.9400741852851485,0.9692769377093196,0.943467974097185,0.9385367079941818,0.9161682054358171,0.9250379219402804,0.853959308739425,0.9216236926048751,0.9327167510955896,0.9591194968553458,0.9859983918197511,0.9759742607288062,0.9544316996038,0.9625131050152524,0.9559485503920393,0.9207232888949287,0.9661972965770262,0.9526350423385237,0.9933095589619414,0.996566586696046,0.9381728330554158,0.9856046735880617,0.9830316367629124,0.9693290100198146,0.9652137684610215,0.9528206548013267,0.9923551296406039,0.9427946840319121,0.9591194968553458,0.9997964707030282,0.9385367079941815,0.9473756291574582,0.9859983918197512,0.9903434298372484,0.9554815748429077,0.9544316996038,0.9854614920636178,0.9515133476881703,0.9157186269856048,0.9781637420605056,0.9944277784720001,0.9515258611582158,0.9560086947472867,0.9708262240875449,0.9608127721335266,0.9393203828196912,0.9179406357484332,0.950716529670402,0.9707211351216225,0.9373453016197317,0.9005384212506021,0.9732598872287004,0.9544316996038,0.9368506101299683,0.9940867605460231,0.9915113877198727,0.9055499094902302,0.8425429626878573,0.9290729285038274,0.9434121517267973,0.9864847804128756,0.9385367079941818,0.9544316996038,0.9291683589350782,0.8717566193418784,0.9190179585155582,0.9856074913039305,0.9529545363721539,0.9544316996038,0.8977530247223018,0.9570129271953451,0.9381630884742409,0.933854925314779,0.9528206548013269,0.9020805464024185,0.9380230108510117,0.9659890369628095,0.9010904619217455,0.9903434298372482,0.8879369722234248,0.973053360823401,0.9203895602948635,0.9358903421766454,0.9625131050152524,0.9507589513092889,0.994140641769549,0.9965573445764311,0.9111145228116426,0.9272672026256052,0.9965665866960458,0.9528245839616691,0.9913065253514575,0.957509435301382,0.9301219476125704,0.9888197307367493,0.9625131050152524,0.8425429626878576,0.9071558877260779,0.9393439644390172,0.9488276796806041,0.9365826632500472,0.9634568834621733,0.9496811510501819,0.9678470493910278,0.9559485503920393,0.9103339493566892,0.9529545363721539,0.9711878805915029,0.8858525408230951,0.957509435301382,0.8807450411223988,0.9381728330554158,0.9830316367629124,0.8387640413572676,0.9661659803622438,0.8807450411223989,0.9591194968553458,0.9515133476881705,0.9504424083764611,0.9643133649175286,0.8425003792101686,0.9934422704699932,0.9841235416791017,0.9651775593373264,0.8153059386898047,0.9245130324548216,0.9373453016197317,0.8767816144427207,0.9643133649175286,0.9157186269856046,0.8707710541962024,0.8933957590212618,0.0,0.937345301619732,0.8503392174872524,0.9696485350828812,0.906100043689203,0.8718365977455128,0.9527294722357857,0.8106601759858285,0.7121704507585247,0.9166891453729491,0.9077810309891681,0.9727541677821403,0.9451689995479287,0.9649067432343335,0.9608853644890277,0.9278919760223632,0.930474153890517,0.9765837058865926,0.9361684345174046,0.9762041082440365,0.902941079165362,0.9979796032808486,0.7771757990417101,0.9920543208470205,0.8249313698625884,0.8981423730059306,0.9208331242859096,0.9824943201122008,0.9903434298372484,0.9529545363721539,0.942816315146224,0.8245117072926216,0.9071558877260779,0.9117176971980814,0.9473756291574582,0.8634896230757456,0.911315012010842,0.9998698480557453,0.9676300054188413,0.9673113304370213,0.9091031345982893,0.9544316996038,0.9692769377093196,0.9515133476881705,0.9107280314569579,0.9515470236107724,0.9029316112204655,0.9765837058865926,0.9544316996038,0.9178303757589168,0.8737670973648668,0.9643133649175286,0.9544316996038,0.986828969826713,0.9239759423528267,0.8981423730059306,0.8717185331373514,0.9549939682963797,0.9529545363721539,0.9544316996038,0.9735950471314356,0.9544316996038001,0.925983302024667,0.9802377325934859,0.918883204497057,0.9544316996038,0.9451689995479284,0.9544316996038,0.9422414344560963,0.960900739115506,0.8363808488504199,0.925487806971186,0.9652137684610214,0.9813906368456975,0.9515133476881705,0.9989330715481036,0.9447481688519046,0.9091031345982892,0.8761027064510569,0.9759742607288062,0.8807450411223987,0.9515258611582159,0.9415886943343517,0.9590673131834123,0.8862508263483131,0.9711878805915029,0.9239759423528267,0.9830316367629124,0.8718365977455128,0.9799008321613358,0.9544316996038,0.9981922472699298,0.9544316996038,0.8555239806055508,0.981600181169821,0.9608127721335267,0.9883880331853732,0.9502810449059294,0.9692769377093196,0.9229213960709448,0.9965573445764311,0.8554199375701688,0.991511387719873,0.9103339493566893,0.9652137684610215,0.8618504979011915,0.9210886546555859,0.926763700144756,0.9529545363721539,0.9560086947472868,0.9274085674773459,0.9661972965770262,0.915567799113032,0.915567799113032,0.9397435965156078,0.8839713153825193,0.7457979283030358,0.9591194968553458,0.9984776308064087,0.9941406417695489,0.8630614034554609,0.9625131050152524,0.8788191408694406,0.9696485350828812,0.9434121517267974,0.9610481566737545,0.9625131050152524,0.9685842704617613,0.9283013350108495,0.8728022830978683,0.9917282321179908,0.9683695601216199,0.957509435301382,0.9271857963192043,0.8898606214266391,0.9515133476881705,0.957509435301382,0.9652137684610214,0.9303029056564405,0.9625131050152524,0.8505815345144854,0.9381630884742409,0.9356856974167591,0.9402255165790533,0.8639461643560564,0.973053360823401,0.8426153862967793,0.9515133476881705,0.9591194968553458,0.9794329289487256,0.8838192602026864,0.9652137684610214,0.9923551296406039,0.9727541677821403,0.9753685787546494,0.9913065253514575,0.9123183369467285,0.9802377325934858,0.9990570982226108,0.9831253381617966,0.8598400909914352,0.9643133649175286,0.9998698480557453,0.9643133649175286,0.9271857963192041,0.9343882429311448,0.9637319104506124,0.957509435301382,0.9544316996038,0.9591194968553456,0.9554518077232719,0.8937900805723635,0.9625131050152524,0.9607848936032957,0.8356601904040855,0.9544316996038,0.9965573445764311,0.9625131050152524,0.9381728330554158,0.8986858911428514,0.9022596399437828,0.9409669977890665,0.9591194968553458,0.9481022094664504,0.8628178035929416,0.9965573445764312,0.9487265052554268,0.9115198389891035,0.957509435301382,0.9759742607288062,0.9159552332667187,0.9473756291574582,0.9197987094973856,0.9661972965770262,0.9764878693178229,0.8288718816327849,0.9252805873349974,0.9501049319099923,0.9529545363721539,0.9207659584476898,0.9488276796806041,0.9528245839616691,0.8909910300164399,0.9396728790125821,0.9544316996038,0.937009480858114,0.9774096618002821,0.8742905832999681,0.9291683589350781,0.9643133649175286,0.9278919760223632,0.9544316996038,0.9544316996038,0.9923551296406039,0.95678955450748,0.8841690624899746,0.9544316996038001,0.9448229719109482,0.973053360823401,0.9683695601216198,0.9489746595216721,0.9703258475148754,0.9005384212506021,0.9659497926039275,0.9940867605460231,0.979398290773964,0.9540163034916509,0.9544316996038,0.9310944809913071,0.9318133405341398,0.9862789464261124,0.8642683597030214,0.9147197078398366,0.8657944358738185,0.957509435301382,0.9421042865426588,0.9544316996038,0.9315778167927987,0.8378990100945453,0.9082133906734637,0.9769327981388845,0.9692769377093198,0.9570129271953453,0.9859983918197511,0.9544316996038,0.988628774529005,0.9867086919017329,0.9544316996038,0.9147197078398367,0.9966019297918831,0.9576073188885357,0.9436448416643344,0.9794329289487258,0.9544316996038,0.9576073616523981,0.9050457185079468,0.9560086947472867,0.9298006825301899,0.9436448416643344,0.960900739115506,0.962306653551736,0.9295478421905742,0.957509435301382,0.9253034294291275,0.8981423730059306,0.8223564127592395,0.9698282497233137,0.821316700799898,0.9199989838706863,0.9422080421889416,0.9591194968553458,0.9944277784720001,0.9544316996038,0.950716529670402,0.9541290792408028,0.958790521930418,0.9290729285038277,0.9883880331853732,0.9515133476881705,0.8990006828237154,0.8945024258106786,0.9799008321613357,0.9290729285038272,0.9005384212506022,0.9888197307367493,0.9965038179707651,0.913969564847724,0.9625131050152524,0.9624414485080437,0.9643133649175286,0.9473756291574582,0.9400741852851485,0.9468703259061648,0.8717566193418784,0.9448229719109482,0.9290236380022846,0.9250379219402804,0.9376160975337482,0.9466104231235156,0.9447481688519046,0.9554518077232719,0.9652137684610214,0.9759742607288062,0.9933095589619414,0.9635786971165279,0.9987774230311344,0.9649067432343333,0.9915113877198729,0.9327167510955896,0.814182654353313,0.8581844531301606,0.7812680616619967,0.9501049319099923,0.9599865928364955,0.9395538742599335,0.9177914171276884,0.9987774230311344,0.9422080421889418,0.941002652094933,0.9915113877198729,0.9975440472022223,0.9409669977890665,0.981600181169821,0.9353779681295005,0.957509435301382,0.9278919760223632,0.9356465182356668,0.9743490353345139,0.9649067432343335,0.9625131050152524,0.9791798191501645,0.9774791703451947,0.9607848936032954,0.8363808488504196,0.9501049319099923,0.9830316367629125,0.9608127721335266,0.9507165296704019,0.7558041525776996,0.8994276717987599,0.968134617262894,0.9765837058865926,0.9529545363721539,0.8735181677292323,0.9949291060968916,0.9501049319099923,0.8980273058083952,0.9544316996038,0.9607848936032957,0.9544316996038,0.9544316996038,0.869243130108611,0.9422080421889416,0.8776603460423872,0.9544316996038,0.8921194894759125,0.9200311537959003,0.8871763046924686,0.894296249030657,0.9935080750686026,0.9854614920636177,0.8278089777511934,0.9127113681766141,0.8893257159297718,0.9859983918197514,0.9857329156219559,0.9607848936032957,0.9743490353345137,0.9563901792747658,0.9050457185079468,0.9327167510955896,0.9859983918197511,0.9113150120108421,0.912982840693791,0.8728022830978684,0.9704595338307846,0.957509435301382,0.8788088518211976,0.9940867605460231,0.8897874329430772,0.9422080421889416,0.8976967901906785,0.9659497926039275,0.9157186269856048,0.9989330715481036,0.9282725629505153,0.957509435301382,0.9447481688519046,0.8945024258106786,0.9368971868932459,0.906100043689203,0.9881562591687436,0.9591194968553458,0.9563739141033907,0.9501049319099926,0.9576073616523981,0.9020805464024185,0.906121948145339,0.8929569861598758,0.9608853644890278,0.9661972965770262,0.9225563139336497,0.9290224147880504,0.9554518077232719,0.9565556505345045,0.8717566193418786,0.950758951309289,0.9701228324332418,0.9544316996038,0.9591194968553458,0.9250379219402804,0.9544316996038,0.985160900069593,0.9940867605460232,0.9515133476881705,0.9338549253147788,0.8921895964511958,0.9989330715481036,0.8875935086546551,0.9643133649175286,0.9041518476198137,0.9290729285038272,0.915674829416099,0.9515133476881705,0.9487265052554266,0.8724525586652854,0.8399643664537921,0.885601726484729,0.9478240520432701,0.8924501786702499,0.948864982960364,0.947541329894146,0.8776603460423873,0.9133404113163563,0.9503258498783538,0.9327167510955896,0.9643133649175288,0.8766079819236635,0.9559485503920393,0.9868913603132672,0.9981922472699298,0.9038960691476479,0.9529545363721539,0.901586731773981,0.9115198389891035,0.9381728330554158,0.9288357786952526,0.957509435301382,0.9291683589350782,0.9727541677821403,0.9397435965156078,0.996540461283524,0.9115437007410553,0.9965573445764311,0.9502440628915496,0.9460501530640812,0.9765837058865926,0.9591194968553458,0.9661972965770262,0.9544316996038,0.9752372748615916,0.8380631059829841,0.858378640159124,0.9282725629505153,0.9544316996038001,0.9333770200885274,0.9329293922544226,0.9157186269856046,0.9810522968844486,0.95678955450748,0.8977530247223016,0.8933957590212616,0.8494397607643864,0.9350052413014638,0.9091031345982893,0.8997921725028668,0.8999347304580285,0.9560086947472868,0.9590673131834123,0.9554815748429077,0.8879369722234249,0.74554048997644,0.9661972965770262,0.9350052413014638,0.9799008321613357,0.9661972965770262,0.9888197307367492,0.9903434298372484,0.6829936025322061,0.9576073188885356,0.9345279402530979,0.9625131050152524,0.9730533608234011,0.9940867605460231,0.8855889573633509,0.9166891453729491,0.9529545363721539,0.9608127721335266,0.9501049319099923,0.9529545363721539,0.9529545363721539,0.9271857963192042,0.9544316996038,0.9830316367629124,0.960900739115506,0.9544316996038,0.9434121517267975,0.9395538742599335,0.950716529670402,0.957509435301382,0.9607848936032957,0.9559485503920393,0.9529545363721539,0.8390631391006369,0.9071558877260779,0.9422080421889416,0.8903723822424177,0.9544316996038,0.8182484869464814,0.957509435301382,0.9987774230311344,0.8772653088123796,0.962306653551736,0.7771757990417101,0.8945024258106786,0.9965573445764311,0.8871763046924684,0.943467974097185,0.973053360823401,0.9816001811698211,0.8208556050998242,0.9327167510955896,0.9211495461267734,0.9460501530640815,0.950716529670402,0.8976252143176513,0.9652137684610215,0.9065887965216862,0.9576073188885357,0.9544316996038,0.973053360823401,0.9701228324332418,0.9643133649175286,0.9159683003951962,0.9161682054358172,0.9290729285038272,0.8745818404295127,0.9515133476881705,0.8437415278800491,0.9001889664606619,0.9544316996038,0.9544316996038,0.9696485350828812,0.9570129271953451,0.9163268736367545,0.9854614920636176,0.9278919760223632,0.9436448416643343,0.9789002264182657,0.8830309554277651,0.8897874329430772,0.9271424076820847,0.9544316996038,0.9629940985099354,0.9591194968553458,0.9661972965770262,0.9246012618232704,0.9625131050152524,0.8485170805722071,0.9544316996038,0.9544316996038,0.9838360613046024,0.973053360823401,0.9289149107822332,0.9447481688519046,0.8876108929996879,0.951525861158216,0.9582291749307175,0.9933095589619414,0.8840841025109967,0.9313239634362824,0.9544316996038001,0.9343882429311446,0.8999735518417347,0.9692769377093197,0.950716529670402,0.9755588472540062,0.954016303491651,0.8986858911428512,0.9291683589350778,0.9692769377093197,0.9879778359082555,0.9544316996038,0.8767037709308814,0.9291683589350777,0.9515258611582158,0.8598400909914352,0.9499351329637571,0.9473756291574582,0.9581430783864291,0.8245117072926216,0.9607848936032954,0.8820903683689054,0.9113973015744092,0.9830316367629124,0.9643133649175286,0.9177914171276884,0.9385367079941818,0.8638461791854182,0.9591194968553458,0.9765837058865926,0.888676559370384,0.9361684345174046,0.9711878805915029,0.9707211351216225,0.9661972965770262,0.981600181169821,0.9661972965770262,0.9381728330554158,0.9163268736367545,0.9776317763878946,0.9068053912485843,0.973053360823401,0.8539593087394244,0.9447481688519044,0.9447481688519044,0.8582406198494191,0.9487265052554268,0.9529545363721539,0.9554815748429076,0.9048630781107274,0.9559485503920393,0.958823305936851,0.9774096618002821,0.8414864259682344,0.8214805068326572,0.9544316996038,0.8977530247223016,0.973053360823401,0.9049485083889186,0.9448229719109481,0.9397435965156078,0.9409669977890662,0.8207569669980981,0.9544316996038,0.8875935086546551,0.8596511358036818,0.9409669977890662,0.8887281516764465,0.8767037709308814,0.8954942934337515,0.9591194968553456,0.9044360458484602,0.905433750677373,0.8887281516764465,0.8950795038997206,0.8223564127592393,0.908499970913737,0.9661972965770262,0.8812152990221939,0.8280234816778039,0.9667875986555683,0.9923551296406039,0.8882786390335262,0.9554518077232721,0.917287201915365,0.9544316996038003,0.9529545363721539,0.8914187460211076,0.9154907996871147,0.988628774529005,0.9240643062486213,0.9653585620450296,0.9544316996038,0.8725938543413643,0.947541329894146,0.8672132741337568,0.9544316996038,0.9222692303427624,0.9859983918197512,0.9625131050152524,0.9422080421889418,0.9529545363721539,0.9373014503319763,0.994427778472,0.990168288054176,0.8471315842032198,0.9931344261826376,0.9400741852851489,0.9146170210762488,0.9544316996038,0.9582291749307172,0.9544316996038,0.9507165296704018,0.8566913284130391,0.8962395095530546,0.9661972965770262,0.933854925314779,0.8637076121118322,0.9581430783864289,0.9683695601216199,0.9544316996038,0.9556572734753894,0.9671949520326926,0.8975471906241123,0.9634568834621733,0.9239759423528267,0.880745041122399,0.9327167510955896,0.9828201226319815,0.9250379219402804,0.9038960691476479,0.9028718265513225,0.9250379219402804,0.96836956012162,0.9591194968553458,0.9741812383843047,0.9250379219402804,0.9661972965770262,0.9944277784720001,0.9692769377093197,0.7948455158104215,0.9529545363721539,0.9315900378678905,0.8856017264847291,0.9029316112204657,0.9711878805915029,0.9989330715481036,0.9696485350828812,0.9373453016197317,0.9765837058865926,0.9940867605460231,0.894371009082944,0.96836956012162,0.9610481566737544,0.9481022094664502,0.9208331242859094,0.9485755059170108,0.9526350423385235,0.9559485503920393,0.9652137684610215,0.9186367746310331,0.8529036823096633,0.935005241301464,0.9048463830468081,0.9949132781456955,0.9591194968553456,0.9607848936032957,0.9962521701586655,0.933854925314779,0.9069958728502847,0.9743490353345139,0.9327167510955896,0.9698282497233137,0.9365826632500471,0.9828201226319815,0.9544316996038,0.9516450063732009,0.8865210509409976,0.9856046735880617,0.9528206548013267,0.8987441747565195,0.8728022830978688,0.9752372748615916,0.9622990545719883,0.9385367079941818,0.9830316367629124,0.933854925314779,0.8813393476268827,0.9210886546555856,0.9349315250183908,0.9460501530640812,0.9932690917828515,0.9529545363721539,0.8952903079111574,0.903663031052492,0.9652137684610214,0.9559485503920393,0.8981423730059306,0.9350052413014636,0.957509435301382,0.8838192602026862,0.982619753742707,0.9720416693803504,0.9113150120108421,0.8427291918603477,0.9469260728986406,0.7699808760005925,0.9981922472699298,0.957509435301382,0.9082133906734637,0.8856017264847291,0.9607848936032957,0.9038960691476479,0.9466104231235154,0.7449534020133965,0.9643133649175286,0.8971901564492135,0.9625131050152524,0.9647851255480144,0.9560086947472868
p49_C,0.825228190739218,0.9193462939797008,0.8512300448035055,0.9281918474396418,0.9799813907590402,0.9481929520311925,0.8075431590384745,0.784050591416116,0.42190135016704244,0.945305581259918,0.9173148291382116,0.9752830459923437,0.9763068251524245,0.9281918474396422,0.9082582092654381,0.8688785388851112,0.9235293061149328,0.9057994954598187,0.9978387378693493,0.945305581259918,0.8720961728433063,0.9573422906623259,0.9114262935403588,0.9324854129452831,0.9545623789260469,0.24941223599141116,0.9235293061149328,0.950676898000594,0.945305581259918,0.7765382926051012,0.3184574773160115,0.9923551296406041,0.9214166876382088,0.37416420938277517,0.9799813907590402,0.9978387378693493,0.9324854129452831,0.921416687638209,0.9481929520311925,0.9039735099337756,0.8616681034607232,0.9466889433536754,0.9481929520311922,0.9120445952292817,0.9694672365613164,0.813270806540765,0.9348776724743588,0.4427561552215171,0.9039735099337758,0.9607803343920256,0.937345301619732,0.816329344769458,0.24941223599141116,0.9631827089102738,0.9662633710722657,0.902169807736934,0.902169807736934,0.9301606414450725,0.7330510092157585,0.925687886831601,0.40704421031165117,0.6977317462736226,0.905799495459819,0.861668103460723,0.9398977391608507,0.6683152879077289,0.937345301619732,0.8490360114921607,0.7393559426263299,0.9425464483602062,0.9260693029293157,0.9039735099337758,0.97998139075904,0.641253566605291,0.9301606414450725,0.8438899131338653,0.9153193686659862,0.9173148291382116,0.6267431945606461,0.9481929520311925,0.9173148291382116,0.9492423737771565,0.8986240534007526,0.9057994954598187,0.9301606414450725,0.91989423221619,0.9153193686659862,0.7504443418748329,0.9651397425955999,0.9278966962971922,0.9301606414450725,0.8786176172006355,0.7901008342696882,0.5656509102044183,0.8986240534007528,0.8920984402161446,0.875341540528501,0.8453519108162275,0.6341387159425147,0.6365601369012166,0.902169807736934,0.9348776724743586,0.9799813907590402,0.8285391598107985,0.8469234123385461,0.9425464483602062,0.9027254843534638,0.6769115009962585,0.9545623789260471,0.6361393960535888,0.8546731630246907,0.9466889433536754,0.6596797405365372,0.8755049702528583,0.9348776724743588,0.6990869782313258,0.963182708910274,0.9425464483602062,0.9481929520311922,0.5316505985312077,0.880261583243356,0.8424305171733328,0.9133573033767912,0.9325461471620269,0.905799495459819,0.7358869067927383,0.9324854129452831,0.8570520663595738,0.9278966962971926,0.9483563157149233,0.5010272712718332,0.9348776724743586,0.937345301619732,0.9481929520311922,0.923529306114933,0.8102074567339512,0.8593655440582151,0.937345301619732,0.937345301619732,0.925687886831601,0.7529881658860428,0.9453055812599178,0.6242327182620586,0.8484673641430909,0.8720961728433063,0.3746676091511769,0.9078281401363859,0.6032335169102101,0.9417675268326107,0.7323753884960305,0.945305581259918,0.9911824756094172,0.8490360114921609,0.5676716835713502,0.937345301619732,0.0,0.8556764904155367,0.8818669950401858,0.8033919351330514,0.8688785388851112,0.7779554067479183,0.9348776724743586,0.9095242312718106,0.8358396286217762,0.8869641315110044,0.8851108467483713,0.6403525432840258,0.861668103460723,0.934782930905441,0.8560122921849627,0.928191847439642,0.9278966962971926,0.2417597857128161,0.8056009094279599,0.5924034462621112,0.8833228416971846,0.9425464483602062,0.8469234123385463,0.923980167630279,0.8438899131338651,0.9101409027007878,0.5076193407979486,0.9861688348869461,0.9763068251524245,0.6231412173005064,0.79903029047136,0.5790439497651335,0.9229725980492285,0.9193462939797008,0.8951528182413435,0.925687886831601,0.9269440685361905,0.7994460081487629,0.7320517795341135,0.87082781279363,0.9301606414450725,0.9324854129452831,0.9800695481923838,0.9210178056318985,0.7963325329913553,0.49146821766537474,0.9763068251524245,0.9301606414450725,0.8192881242230783,0.6892059529765258,0.945305581259918,0.9301606414450725,0.6479653299670043,0.40291277353135857,0.4912562686379991,0.6060702293772948,0.8692844153563808,0.9278966962971926,0.9301606414450725,0.8254879058389586,0.9301606414450724,0.6723785442252612,0.8235608400569425,0.7963325329913553,0.9301606414450725,0.8331189525330785,0.9301606414450725,0.7853932235870613,0.4296467843194163,0.885110846748371,0.8293823202072206,0.9879700133881206,0.716138319019008,0.925687886831601,0.9518647719377951,0.915319368665986,0.9009164784975772,0.7066057887820234,0.8884027441326574,0.9373453016197322,0.8616681034607233,0.8769755445526375,0.8662187967802528,0.9435675694381713,0.5650955012197919,0.37047622799367186,0.923529306114933,0.8688785388851112,0.9256878868316012,0.9301606414450725,0.9249476804218126,0.9301606414450725,0.7596391581853308,0.9159197701772377,0.937345301619732,0.9370632386318549,0.716138319019008,0.9324854129452831,0.9781774005616106,0.913357303376791,0.8802681711979428,0.9173148291382116,0.5446200879780447,0.9348776724743588,0.8484673641430909,0.6047235901135943,0.900057503550312,0.9278966962971922,0.939897739160851,0.9422837177601582,0.9481929520311925,0.759727727608402,0.860280120410843,0.9076492093936457,0.5837692784935744,0.8531167607977221,0.937345301619732,0.9071213875778141,0.8287812757490225,0.7067752744916533,0.9425464483602062,0.6139511388858913,0.4118566978027005,0.9095242312718106,0.9812493295822693,0.9425464483602062,0.8426554800261774,0.6460387576531836,0.9398977391608507,0.8886639795414621,0.8934425806304631,0.9348776724743586,0.8884027441326576,0.6596797405365372,0.925687886831601,0.9348776724743588,0.9348776724743586,0.7445279106416736,0.942546448360206,0.6963182742469964,0.6595565592719153,0.8424305171733326,0.900057503550312,0.9425464483602062,0.9301606414450723,0.9417675268326104,0.9256878868316012,0.9373453016197317,0.6899771804316868,0.9171653119248928,0.9348776724743586,0.9039735099337762,0.9181909994949614,0.7678218096291194,0.9372858620764022,0.972502169072996,0.800977173413032,0.9931979703736173,0.8670466368828381,0.8500140913646183,0.945305581259918,0.7474786408154264,0.945305581259918,0.9554421119948908,0.9159197701772377,0.8755049702528588,0.9348776724743586,0.9301606414450725,0.45754659015067056,0.8662187967802524,0.905799495459819,0.9425464483602062,0.9398977391608507,0.9763068251524245,0.9301606414450725,0.913357303376791,0.9425464483602062,0.9481929520311922,0.9082582092654381,0.7790644167304982,0.9095242312718106,0.9373453016197317,0.8491376457215205,0.786965917586276,0.9133573033767912,0.5852697945871719,0.8494311591291663,0.9348776724743588,0.4076838933138922,0.8063667302240634,0.5107803119228504,0.7487932691077251,0.9481929520311922,0.723446911494539,0.8884027441326572,0.7067752744916533,0.923529306114933,0.9278966962971922,0.9260693029293157,0.8424305171733328,0.6596797405365372,0.6574514851042175,0.7726682995276981,0.9301606414450725,0.592403446262111,0.9530379936367415,0.8900683556162932,0.9198942322161903,0.9922673407988163,0.8462562773834621,0.9301606414450725,0.9301606414450725,0.9417675268326104,0.9565420040496799,0.8062915690984296,0.9301606414450724,0.9453055812599183,0.930160641445072,0.8934425806304632,0.8586624125474209,0.6892059529765251,0.9799813907590402,0.8951528182413435,0.9153193686659862,0.7693535739719679,0.7579855823726575,0.9301606414450725,0.8366151086510358,0.885110846748371,0.7086691600697788,0.7262462440022341,0.8951528182413435,0.8700345022954856,0.9348776724743588,0.6789958761224528,0.9301606414450725,0.742814802139506,0.9441989622120355,0.6231412173005064,0.8329903891140935,0.9324854129452831,0.7901008342696885,0.9214166876382093,0.9301606414450725,0.9133831509246999,0.6640847780071599,0.9301606414450725,0.9655471735397518,0.7025312470949159,0.782863771979428,0.7678218096291192,0.6684233990250253,0.9301606414450725,0.7476221565370911,0.5858094528309923,0.9398977391608507,0.842655480026177,0.7896173232458978,0.9027254843534638,0.3301031806462067,0.8571671175052402,0.9348776724743588,0.9456666443083237,0.5178504213671244,0.9114262935403588,0.5956389067390336,0.8766313541225492,0.8221709206355952,0.9518647719377951,0.937345301619732,0.9441989622120357,0.9301606414450725,0.9425464483602062,0.8646958665161872,0.7135893921995233,0.953991793642735,0.9003870625528831,0.9256878868316012,0.7660338266074941,0.9838585814857688,0.925687886831601,0.9602126215445628,0.930160641445072,0.963182708910274,0.8337181584291622,0.8677481975092116,0.9978387378693492,0.614253889678614,0.992267340798816,0.919346293979701,0.9114262935403588,0.6921055983709041,0.9153193686659862,0.9453055812599183,0.7462337927915035,0.9834599236267052,0.9060051895977654,0.9076492093936457,0.9153193686659855,0.8662187967802524,0.9348776724743586,0.8884027441326576,0.8903752243099397,0.9832668718606092,0.9492423737771563,0.6216037212533714,0.9173148291382116,0.282790983243537,0.8025205592445632,0.7570305960422381,0.8991236281267518,0.9235293061149328,0.7113459879858458,0.849755561428923,0.9281918474396422,0.9095242312718108,0.911426293540359,0.7710577362674127,0.9173148291382114,0.7961129991402656,0.9492423737771563,0.8834832246395519,0.7590841549739357,0.9348776724743586,0.8560122921849627,0.7554980628970189,0.8867504707956386,0.9477894660083728,0.9978387378693492,0.7846477833261185,0.5188557900625048,0.939897739160851,0.9178938723744825,0.9235293061149328,0.9235293061149332,0.9923551296406039,0.9425464483602062,0.8968796530895524,0.7601602309409905,0.8802615832433556,0.9278966962971926,0.9278966962971926,0.626743194560646,0.87237876929314,0.9235293061149332,0.8484673641430909,0.9301606414450725,0.939897739160851,0.9301606414450725,0.9301606414450725,0.6365601369012165,0.911426293540359,0.9219224280637737,0.9301606414450725,0.6552056134579018,0.5921228457122794,0.883483224639552,0.8209106927841572,0.836615108651036,0.7546602329745218,0.8677481975092116,0.866218796780253,0.5863735674758904,0.921416687638209,0.8438899131338649,0.9398977391608507,0.2846554936905781,0.7281488451023699,0.5622613471777902,0.9325461471620269,0.9214166876382093,0.9256878868316012,0.768036638949835,0.9398977391608507,0.9133831509246992,0.9348776724743588,0.8920984402161445,0.915319368665986,0.9076492093936457,0.9114262935403588,0.6081945021019053,0.9303499958905477,0.3769555446077052,0.9518647719377946,0.8900683556162929,0.9589376456981176,0.9153193686659857,0.9324854129452831,0.9139704635473276,0.5352056891185359,0.7798870083823577,0.937345301619732,0.8270134485526373,0.9235293061149332,0.7262462440022343,0.8482845240792778,0.9278966962971926,0.7086691600697788,0.8986240534007526,0.9481929520311925,0.7546602329745219,0.5912936374728275,0.8955832386010321,0.7513096392970233,0.915319368665986,0.9634189144741112,0.9421945188662544,0.9301606414450725,0.937345301619732,0.4592286407294033,0.97998139075904,0.8331189525330787,0.9573422906623259,0.9256878868316012,0.8986240534007524,0.7678326855976585,0.9518647719377951,0.6640847780071601,0.945305581259918,0.7376305244375818,0.9173148291382116,0.9382371649870824,0.9256878868316012,0.9662633710722657,0.8050224845855384,0.8834832246395519,0.9095242312718106,0.6984328686514765,0.572069766622018,0.7612868616385344,0.9325773481711066,0.8884027441326572,0.6086591515855028,0.8331189525330787,0.8968796530895524,0.9453055812599183,0.9133573033767912,0.9324854129452831,0.8235608400569425,0.9282301104742863,0.5960924189716389,0.9278966962971922,0.7410943088192016,0.8040617587393206,0.9481929520311922,0.8850129296872677,0.9058453047843548,0.8867504707956384,0.885110846748371,0.9076492093936457,0.8938342322827078,0.9325461471620269,0.9957674544753028,0.888663979541462,0.9173148291382116,0.9763068251524243,0.937345301619732,0.9481929520311925,0.9301606414450725,0.8884027441326572,0.8392379483976133,0.70293857536081,0.9239801676302792,0.9301606414450724,0.5848041793047527,0.7586113066985594,0.9787288586866358,0.8934425806304633,0.8677481975092114,0.8786176172006355,0.5417711093201492,0.8126423371044584,0.9370632386318551,0.9009164784975772,0.6019919840776786,0.849755561428923,0.939897739160851,0.8955832386010325,0.902169807736934,0.9348776724743586,0.9159197701772375,0.9481929520311922,0.9370632386318551,0.9256878868316012,0.9861053894336534,0.9193462939797008,0.902169807736934,0.9301606414450723,0.782863771979428,0.8409735269221552,0.9978387378693494,0.9799813907590402,0.9573422906623255,0.7198119049496905,0.6684233990250252,0.9278966962971922,0.9373453016197317,0.923529306114933,0.9278966962971922,0.9278966962971922,0.9219224280637739,0.9301606414450725,0.923529306114933,0.8723787692931401,0.9301606414450725,0.9492423737771563,0.849755561428923,0.9425464483602062,0.9348776724743588,0.9970639700164783,0.9838585814857688,0.9278966962971922,0.7410943088192015,0.6027406253820959,0.9518647719377948,0.6061360361926782,0.9301606414450725,0.9027254843534638,0.9348776724743586,0.9095242312718108,0.683121451080863,0.9045514955718472,0.9425464483602062,0.9324854129452831,0.9957674544753028,0.8834832246395519,0.9545623789260471,0.9301606414450723,0.8834832246395521,0.9260693029293157,0.8968796530895524,0.6570148271331203,0.9173148291382116,0.9978387378693492,0.9039735099337756,0.9348776724743588,0.8723787692931402,0.5804963794616782,0.9301606414450725,0.9799813907590402,0.8380660059124045,0.945305581259918,0.7768964388915289,0.923529306114933,0.9602126215445628,0.6462740030848937,0.9256878868316012,0.7086236311573351,0.6971356060515255,0.9301606414450725,0.9301606414450725,0.9139704635473274,0.8123689829417184,0.8955832386010321,0.7762694567332853,0.5714272646773942,0.7678218096291192,0.7798870083823577,0.6726981585735141,0.9466889433536754,0.6701022769784422,0.9301606414450725,0.8920984402161445,0.937345301619732,0.9481929520311925,0.7901008342696885,0.9425464483602062,0.6309273002575326,0.9301606414450725,0.9301606414450725,0.7124246042366712,0.9301606414450723,0.7010264052115116,0.915319368665986,0.8270134485526377,0.861668103460723,0.9003870625528831,0.8616681034607228,0.6453121419576915,0.8178571736187805,0.9301606414450724,0.8834832246395516,0.6389604266569995,0.9324854129452831,0.9425464483602062,0.9236723713212414,0.8012865403373333,0.8770810709357255,0.8867504707956384,0.9647682499737459,0.8062915690984294,0.9301606414450725,0.6191408907293792,0.8867504707956384,0.44936099615807346,0.8500140913646184,0.8149622918828372,0.919346293979701,0.988641266437865,0.8224366852123803,0.9970639700164783,0.6159501720455183,0.5889755396934873,0.9694672365613162,0.9453055812599183,0.9629411142488209,0.9057994954598187,0.6483587193679011,0.937345301619732,0.9278966962971922,0.48776492372109526,0.902169807736934,0.9483563157149231,0.891748039632827,0.9861053894336533,0.9483563157149233,0.9481929520311925,0.9481929520311922,0.8662187967802522,0.9239801676302792,0.49634849817097326,0.930160641445072,0.945305581259918,0.915319368665986,0.9586118653449949,0.7916633247069997,0.9662633710722655,0.9752830459923437,0.902169807736934,0.5355876285211925,0.9324854129452831,0.7029541149985306,0.9198942322161896,0.6487503200683808,0.6921055983709041,0.9301606414450725,0.8786176172006355,0.9301606414450723,0.7320517795341135,0.945305581259918,0.9466889433536754,0.25639477611592565,0.8254879058389588,0.9301606414450725,0.6640847780071599,0.7546602329745218,0.9095242312718113,0.6618907255388644,0.6854789183571159,0.6701022769784417,0.937345301619732,0.629230703578563,0.8789147099104686,0.7483276205739184,0.7496245029951332,0.9518647719377951,0.8071381496561862,0.9481929520311925,0.9114262935403588,0.9301606414450723,0.8601626471580313,0.9039735099337753,0.6118474938452996,0.8662187967802528,0.7829820974423909,0.9301606414450725,0.9278966962971922,0.6032335169102101,0.8331189525330787,0.8571671175052402,0.7086691600697788,0.7393662703454241,0.9301606414450725,0.6912074734321856,0.8361760619708305,0.8934425806304631,0.9301606414450725,0.6090071183380958,0.9214166876382093,0.9425464483602062,0.911426293540359,0.9278966962971922,0.811739805176722,0.905799495459819,0.8869641315110044,0.9393902601956408,0.9045514955718472,0.9518647719377953,0.7645652251474975,0.9301606414450725,0.9370632386318551,0.9301606414450725,0.9425464483602062,0.8379276408825636,0.5276889907538099,0.9481929520311925,0.8986240534007526,0.8358396286217762,0.41457447815471204,0.8934425806304631,0.9301606414450725,0.8809023276471268,0.6536375359605038,0.8410632073109219,0.8968796530895524,0.8834832246395523,0.9373453016197317,0.8968796530895524,0.9303499958905477,0.8851108467483706,0.40317263640254086,0.7179007902469756,0.8851108467483706,0.8934425806304633,0.9373453016197317,0.8424305171733328,0.8851108467483706,0.9481929520311925,0.9057994954598187,0.9133950814332603,0.8688785388851112,0.9278966962971926,0.8951528182413435,0.9492423737771565,0.4640806452682449,0.8834832246395521,0.9672582712673322,0.37975322929555966,0.9417675268326109,0.9278966962971924,0.915319368665986,0.7158164380211505,0.8934425806304633,0.8938342322827078,0.6256128504387246,0.8786664463981007,0.8739376826205696,0.9039735099337753,0.9324854129452831,0.9348776724743588,0.4942600866203597,0.9651397425955999,0.9737394147108269,0.9003870625528831,0.4716755206372709,0.9373453016197322,0.939897739160851,0.8515638146594207,0.26972176399140624,0.8164046358495625,0.9530379936367417,0.8968796530895524,0.8209106927841567,0.9545623789260471,0.33050927347616554,0.9301606414450723,0.6399265444343101,0.8833228416971846,0.8802615832433558,0.3849174243900091,0.816329344769458,0.9398977391608507,0.8884027441326572,0.8546731630246904,0.24941223599141127,0.9694672365613162,0.8986240534007528,0.8616681034607228,0.8484673641430907,0.7306071484122403,0.9173148291382116,0.8315195898938614,0.9763068251524245,0.8918530307099972,0.821419980774635,0.9348776724743586,0.9324854129452831,0.46466211590887363,0.2560608876307633,0.9348776724743588,0.917165311924893,0.6095165423775839,0.8043131583928993,0.9728091693196086,0.9256878868316012,0.6505929069172065,0.9095242312718106,0.8662187967802526,0.9348776724743588,0.5755939495004176,0.9095242312718108,0.939897739160851,0.48585254321786997,0.9466889433536754,0.9324854129452831,0.9453055812599178,0.5757130051675436,0.9425464483602062,0.8164291560885193,0.939897739160851
p49_F,0.9883105399368297,0.8621489618878766,0.7764054268788332,0.8521026619012163,0.931839189111761,0.7381082569577729,0.8813060333512954,0.8978007016122136,0.8012314698665086,0.9177967406513874,0.9658203840837846,0.8916319670140294,0.8916319670140291,0.8264319650419106,0.793200695510748,0.7827183607872086,0.8434422822329873,0.9151553608668366,0.9576897754334344,0.8054987287276891,0.945384522943812,0.8478748162636818,0.9538810166915646,0.9744315009483469,0.9171410311139647,0.8584208648000138,0.8773785000331715,0.82732675328415,0.7593813069575353,0.659155305790931,0.845014741604954,0.9058327972212654,0.8818928045062966,0.9448644867741123,0.8950345750758604,0.7780708975565056,0.8985286024183268,0.9855869185160225,0.9221363294762477,0.9768036439884701,0.8685927530338814,0.8900411413810625,0.9807906952191872,0.9139561426963676,0.9791871534337241,0.8560959380864847,0.9413455330691154,0.8157281948363895,0.6417639127964838,0.776405426878833,0.9058327972212654,0.986002805224746,0.8584208648000138,0.87878109565584,0.9150228737507167,0.9079581313098617,0.6521016732181415,0.8950345750758599,0.8265223129343666,0.8883122254108777,0.8058599935760675,0.9376773850216276,0.8579066548658733,0.8133004789569627,0.5835587631412533,0.8814455205263099,0.7690632223900916,0.8588878903969868,0.8875051908263982,0.9101905610615355,0.706316604775166,0.8835964680148685,0.9209423547446365,0.6418520727648902,0.8950345750758599,0.9618353617414286,0.9658609328729841,0.9024396957461529,0.7324133527967001,0.9322542075669044,0.9975107282526006,0.8719083572005892,0.9544846315397055,0.858420864800014,0.8950345750758599,0.8029392944356014,0.8168307744531259,0.8036449474171754,0.8833081228635307,0.9273944983384121,0.8950345750758599,0.5356959055690578,0.8060742873639479,0.7695112629084568,0.9277725979220504,0.837092106398265,0.5684136440253468,0.7873279292336639,0.7411173537366635,0.706265154884089,0.6521016732181407,0.6664397486657756,0.9945515828164377,0.418028088683973,0.8284129950038879,0.913649887598424,0.7882786378743878,0.7081751002655179,0.8697799112734454,0.6956454732243202,0.6025126223859387,0.9765618597713992,0.7610461459224136,0.5937896970374617,0.9413455330691152,0.7576073464426958,0.9269164475019475,0.9136498875984242,0.9706728171285302,0.7241927010620608,0.9216880309454164,0.5920582970389558,0.9780207618604191,0.7597609091750143,0.9718898569336589,0.5737897170530173,0.8985286024183268,0.9685385655494381,0.8937928450396714,0.8875731427764119,0.737064221128733,0.9021240612426042,0.9722532101329935,0.9221363294762475,0.5040801042311472,0.9136162496352129,0.9206067497537571,0.9722532101329935,0.9058327972212652,0.8883122254108782,0.8454697782495415,0.9177967406513872,0.6534864093723347,0.7693457223189596,0.6989881412083554,0.8152583602224206,0.9211447218908149,0.673653983767925,0.9394364232135333,0.7539084414191086,0.7132638851873812,0.8058599935760675,0.9149648441945344,0.7735736407828802,0.8503392174872524,0.8556764904155367,0.0,0.8224513895925896,0.704506892685145,0.6115965264818888,0.6317696971911457,0.980211523277863,0.8719083572005898,0.7346063809247936,0.8084835733999576,0.5914375382791067,0.8192970581557693,0.9829574218951791,0.9010605643043956,0.6972479565617551,0.9034440556198295,0.8916319670140291,0.8529656068758622,0.6376752362156712,0.8362815833194748,0.7806691825156836,0.734031009721495,0.9704446079610691,0.6140775645105429,0.8636044498939384,0.9498442802180996,0.8293854287487183,0.8995680331711393,0.9989195609871788,0.9547406178963816,0.48935943744347976,0.7767097955674056,0.9042724333691474,0.9759323240769463,0.8455615719621771,0.9579330415860179,0.8449618676559307,0.9941149000377199,0.7238343030186072,0.8607241877124752,0.8950345750758599,0.9364800516833367,0.8883122254108777,0.8798199295220164,0.9916857738279918,0.8371023681334309,0.9989195609871788,0.8950345750758599,0.999506776305524,0.8346161451075766,0.9177967406513874,0.8950345750758599,0.9693692172013267,0.8728049013896686,0.863604449893939,0.844108275052627,0.6894605385517798,0.5361675317958404,0.8950345750758599,0.9671526746734143,0.8950345750758598,0.8998541171520613,0.9505544194050504,0.9088440263068989,0.8950345750758599,0.827095648019577,0.8950345750758599,0.9877895003072761,0.8978644228773436,0.7851827744246879,0.9304030195117672,0.5879968050127533,0.6534890728020952,0.888312225410878,0.9266247878086924,0.8727288074413173,0.5717638114958781,0.855951835653445,0.9448644867741118,0.9464707947698456,0.9534212245029898,0.9442915331930977,0.8423182643483393,0.9966522524374002,0.9207292925564525,0.8248805102228844,0.8850679753655397,0.4943671498242944,0.9231226334984479,0.8950345750758599,0.9724745099859942,0.8950345750758599,0.5772991863418597,0.695875578109276,0.9058327972212654,0.9857571363679154,0.6692785988073964,0.8985286024183268,0.8224513895925898,0.8697799112734452,0.5495038557943291,0.9341300399149689,0.8016166934645366,0.9021240612426045,0.49392521036937675,0.7532587236350972,0.7287403004137931,0.9273944983384121,0.9941310364903486,0.763439379367487,0.9221363294762477,0.7547043012686054,0.8372677304734981,0.8900411413810627,0.7875878833837571,0.47740538681411393,0.9722532101329933,0.840417626647006,0.7399285656869882,0.9692795929081155,0.913649887598424,0.6956454732243202,0.9878195061463846,0.6371770975930902,0.990375217485485,0.913649887598424,0.7795240377132577,0.6641304852821732,0.8791759033991322,0.937216382656578,0.5697249964488453,0.9021240612426042,0.870577424856463,0.6491964328117525,0.8883122254108777,0.9413455330691154,0.980211523277863,0.6219207796182491,0.7340310097214948,0.615489065065608,0.8041972242529902,0.7827183607872086,0.8662057421589838,0.8661506732265255,0.6633100564933316,0.7534438231938123,0.7983941018009909,0.9871087923184261,0.718683725874242,0.8740511019858399,0.9409900514513521,0.9952763784121978,0.8578372379792808,0.8503704197335058,0.8128895515545944,0.8192896751389938,0.6824091709186775,0.8589189406997862,0.70990362657668,0.5253786364442372,0.8977335722679969,0.8668270665506419,0.8054987287276891,0.8705774248564633,0.8488427058062766,0.9954497827570388,0.9021240612426042,0.8950345750758599,0.9058327972212656,0.8322911215575224,0.57423417453176,0.913649887598424,0.951900016453509,0.7507427197421388,0.8950345750758599,0.8697799112734452,0.9542304488965455,0.9807906952191872,0.907385641226381,0.7961174426319941,0.37310443053465103,0.9316152125844132,0.6721408720637125,0.8290048517806013,0.825821434994284,0.8818928045062968,0.6582560494379404,0.9021240612426045,0.8322743274729434,0.8434311705717126,0.8787810956558397,0.8382901804734109,0.9322542075669042,0.6577957988672076,0.49914211526821983,0.6517717829646612,0.9452509356335399,0.8916319670140287,0.9345072240695793,0.5139053792672272,0.7290890850336531,0.6517057492646285,0.7279961617131139,0.8950345750758599,0.7152427921743636,0.927729613612456,0.5639734946352694,0.8029392944356013,0.9177967406513874,0.7310858516750622,0.8950345750758599,0.8950345750758599,0.939436423213533,0.8012314698665086,0.5886330721578519,0.8950345750758598,0.7593813069575356,0.51609160034973,0.3386887247150867,0.8293912044041178,0.8346161451075764,0.931839189111761,0.6375488774331044,0.8478748162636818,0.8357365075143429,0.7565129398646591,0.8950345750758599,0.8501088717258125,0.44612861116992086,0.6174062255700343,0.6861308950156377,0.9495679192267128,0.5227520480233291,0.9413455330691154,0.6896631061151366,0.8950345750758599,0.7520159875694813,0.7444376627322282,0.708864912540969,0.9571380984948857,0.9496656005216332,0.9047766106072077,0.7205463645606602,0.8950345750758599,0.9929739336850179,0.8514929393717139,0.8950345750758599,0.8715631587783109,0.8455937303950907,0.9568153537842489,0.7376617924651484,0.6549931056720351,0.8950345750758599,0.8124609436550346,0.8762838338899466,0.9214069234359719,0.8422649004794259,0.9308765820680467,0.8081910116635524,0.8331496573867032,0.7163225725325841,0.9021240612426045,0.9161612890996651,0.7653735380464488,0.8941339189416928,0.7130015499771503,0.42743982260556745,0.7693022109260259,0.8668776900588209,0.9058327972212654,0.8295394068324621,0.8950345750758599,0.9136498875984242,0.9450476944272622,0.9668552058654667,0.9707989275785835,0.8245835818186353,0.8883122254108782,0.8443429082521243,0.8358112527266035,0.8883122254108782,0.8707493515773372,0.9577469687805371,0.9916839331160181,0.844819681746529,0.49908216550273676,0.9136498875984242,0.6825451373864606,0.943850994038151,0.9593001903089828,0.8642603700667575,0.8115284026952454,0.9037728492518726,0.6671464634172282,0.9049934522727082,0.8515449078023476,0.877566995636496,0.918881380844508,0.9348168910624288,0.8423182643483393,0.8233256359718195,0.8322743274729425,0.5504859850247257,0.802046810067097,0.8640189757409726,0.940543186160625,0.9024396957461531,0.845014741604954,0.5115240497219122,0.8300007215972574,0.8658080603006294,0.979187153433724,0.8410292127648302,0.602446884640817,0.9682024600836387,0.8640189757409726,0.8967512389337569,0.731237106826575,0.907418239240952,0.9686295686169158,0.9813846055447224,0.8636109471930199,0.6975346059997896,0.7448826923187979,0.8121025642952923,0.9941149000377201,0.9253625180501206,0.9958354602375438,0.9136498875984242,0.7632078229853921,0.8977993093880285,0.9096689964166691,0.8094009289428854,0.986876628766092,0.8095060644328034,0.9464707947698456,0.9136498875984242,0.6543677493830056,0.708117150963995,0.9686468384763355,0.998919560987179,0.929555376364055,0.8462162642449467,0.8530277172704483,0.9190041931657242,0.6959002524657374,0.8950345750758599,0.9096689964166691,0.8950345750758599,0.8950345750758599,0.6739372301182147,0.8668776900588209,0.4991421152682195,0.8950345750758599,0.7502684173341364,0.6646853496596583,0.9686536837232365,0.6318502641086208,0.8118412562543464,0.9223039883617639,0.6521385577657142,0.99416721759227,0.7193410155382567,0.8818928045062966,0.8243120851549425,0.9096689964166693,0.8297910347208406,0.8728251470388748,0.7023243989603478,0.7334126192270122,0.9855869185160225,0.9231226334984479,0.6864990757669456,0.7102518232517736,0.6747935019922415,0.9413455330691154,0.45789881205983696,0.9658609328729841,0.9765618597713992,0.8967512389337566,0.7381159502496382,0.9204241466926173,0.8058599935760677,0.9564983366836282,0.8896499488245476,0.9021240612426042,0.8727288074413175,0.9876170497866433,0.9878195061463843,0.7917577566648215,0.7957695690822851,0.9464707947698459,0.6847370594571223,0.8850679753655402,0.7650871754152606,0.6483661185335938,0.8222677823909055,0.8226550737650402,0.9010605643043956,0.9706728171285299,0.7626678626494354,0.7164684818659055,0.8640109719546152,0.6890857413047498,0.7236986490214592,0.8978644228773436,0.8143134426371934,0.8950345750758599,0.9058327972212654,0.9968538349115335,0.9945515828164377,0.7740545539458786,0.9348168910624282,0.9231226334984479,0.9811966651573607,0.5593184792557979,0.9240074678166286,0.6441516409020458,0.9177967406513874,0.5548965802396774,0.9074182392409518,0.7780659854600851,0.8883122254108782,0.7868065030495007,0.9247197629825004,0.7917243604428439,0.5198114677893394,0.9952285305948705,0.9807308274313122,0.8304317510789111,0.7887738140789842,0.9313237433631405,0.7497652580413838,0.791734918637111,0.8713630315529566,0.7593813069575357,0.6431822427549214,0.898528602418327,0.8671370535695342,0.984140074801454,0.7786270312675843,0.8916319670140287,0.6439322755982742,0.8425952678077864,0.8837177199146214,0.7690326137393009,0.9802115232778629,0.7294853602668896,0.9062735470156762,0.8612009019176172,0.9019963023690935,0.6807160393310077,0.8697799112734454,0.8740511019858404,0.9074182392409513,0.9989195609871786,0.9464707947698459,0.786644744610056,0.8950345750758599,0.9313237433631405,0.7580343474897752,0.8249602676999337,0.8896499488245481,0.8950345750758598,0.7588038783931086,0.6789190508195955,0.8058599935760675,0.6980784807453779,0.8230966687612196,0.7784836705874497,0.8309750639900793,0.7784409652934512,0.905866131167257,0.5495360902484479,0.691369869350452,0.9350574143766859,0.9096689964166693,0.8973692443763508,0.5971091487841413,0.901768579624841,0.3364426443583969,0.9221363294762475,0.8773804039030875,0.9927434496735881,0.9221363294762475,0.9111648384628754,0.9079581313098615,0.6265054424574308,0.7720500225603357,0.7804234519232733,0.9136498875984245,0.8950345750758604,0.8727288074413173,0.8057057658231239,0.7346063809247936,0.8916319670140287,0.9058327972212654,0.8850679753655399,0.8916319670140287,0.9273944983384121,0.9065613893905915,0.8950345750758599,0.986876628766092,0.8754460700738961,0.8950345750758599,0.9012497646515274,0.5823383759024473,0.9982703367315555,0.9021240612426045,0.9636379434728117,0.9876170497866431,0.8916319670140287,0.739132935353502,0.7241927010620608,0.8668776900588209,0.738451963169837,0.8950345750758599,0.5640951098399105,0.7448826923187983,0.9892739870043402,0.7794592995464669,0.827615309413043,0.8661506732265254,0.6840054556665642,0.8697799112734457,0.9446914881398445,0.8697799112734454,0.9686438031476614,0.8728049013896686,0.8837981975597096,0.6280194594350026,0.7169857950656056,0.934130039914969,0.9542304488965457,0.3904841144024922,0.9413455330691154,0.9003704018916263,0.7408413769402566,0.8950345750758599,0.8105285126369339,0.8335444346544298,0.9177967406513874,0.6860605898568446,0.986876628766092,0.9707989275785835,0.6860519966800456,0.8883122254108782,0.7740336791552886,0.6023226929733325,0.8950345750758599,0.8950345750758599,0.8935998036904742,0.5757688664630078,0.7889057063449711,0.9701948260754625,0.7310858516750618,0.7698642573989649,0.8531036128843144,0.6975448781401634,0.417793111496243,0.6616610472826259,0.8950345750758599,0.8210853086117234,0.9058327972212654,0.9221363294762477,0.7238223513278982,0.913649887598424,0.8484675812846432,0.8950345750758599,0.8950345750758599,0.6749431022901198,0.9945515828164377,0.7706412769044988,0.8727288074413171,0.7545377506408628,0.9405431861606248,0.9871486805158778,0.9322141066357127,0.6909915765270871,0.6400437308249107,0.8950345750758598,0.5281402090255322,0.6714957633068055,0.8985286024183268,0.9136498875984242,0.8439582675244406,0.8436348230605356,0.9764811019793516,0.43566962359204275,0.898528602418327,0.7966776644536167,0.8950345750758599,0.6908586721509264,0.6070621366523702,0.8133004789569624,0.4885007793228858,0.9370975990675392,0.9759323240769464,0.8035403364202764,0.6276894844664632,0.9519000164535087,0.7283981522418435,0.7153872921694662,0.979187153433724,0.9899684158083047,0.9425317632243322,0.8867881128334254,0.6616610472826259,0.9058327972212652,0.8916319670140287,0.7435692762708497,0.8804618690928618,0.9926158793066284,0.9640747229106816,0.9221363294762475,0.6958755781092759,0.9221363294762475,0.9706728171285302,0.6153640454947646,0.8347776668614468,0.826857651523647,0.8950345750758602,0.9438509940381508,0.8168307744531261,0.8727288074413169,0.5225952209904573,0.881892804506297,0.8916319670140291,0.9354543935268613,0.7808545119028638,0.8985286024183268,0.6573130673235953,0.8542756794437445,0.7324133527967001,0.8751694113235278,0.8950345750758599,0.47499896431445987,0.8950345750758604,0.6605303932534825,0.9177967406513874,0.861200901917617,0.8640189757409729,0.706213522279016,0.8950345750758599,0.6441516409020458,0.7467042500782022,0.8425669497496515,0.6466784722149481,0.6908586721509264,0.6616610472826259,0.9058327972212656,0.6325245498552929,0.9341132223549049,0.8861326607834419,0.6762553822047959,0.8343868211918213,0.6843273150658782,0.7866447446100561,0.804513272316886,0.8105285126369344,0.8943428688881205,0.9768036439884701,0.7169857950656051,0.9624473671951782,0.7182416789058209,0.8950345750758602,0.8916319670140287,0.7576382252333396,0.6856527304897152,0.8891512573341611,0.8384434467031174,0.8055429573917694,0.8950345750758599,0.657847496855571,0.9085600926748848,0.9034440556198294,0.8950345750758599,0.6691800415334856,0.9855869185160225,0.913649887598424,0.8668776900588209,0.8916319670140287,0.9539318932220222,0.8867881128334248,0.9966522524374002,0.8170792465201397,0.7597683027729919,0.9266247878086926,0.7600763364551496,0.8950345750758599,0.8502862207868807,0.8950345750758599,0.9136498875984242,0.6013009509332298,0.7609903403154132,0.9221363294762477,0.8743485306867405,0.9628631731147256,0.8476272168574892,0.698078480745378,0.8950345750758599,0.9500089280219464,0.7112196315574892,0.8800491051209341,0.5489745895909972,0.8248805102228851,0.9058327972212654,0.8450147416049543,0.8684209730603489,0.8578372379792807,0.7786270312675843,0.7421132642621076,0.8578372379792807,0.8911903695057193,0.9058327972212654,0.8022565902301413,0.8578372379792807,0.9221363294762477,0.630968670598583,0.9364800516833369,0.689749444253618,0.965317907688438,0.8684209730603489,0.6665185050440277,0.7966377406303657,0.8728049013896688,0.8668776900588206,0.8224513895925896,0.8556764904155363,0.9273944983384124,0.9037728492518731,0.9878331962270896,0.9547854493384422,0.8374192142818404,0.9858819030423054,0.8641440307308181,0.9914593395468212,0.8930437111904733,0.8985286024183268,0.9021240612426045,0.9903752174854845,0.9117846552151356,0.8502862207868807,0.905866131167257,0.8584560179601404,0.9058327972212654,0.9096689964166691,0.9644737431458409,0.8743485306867402,0.699918673797783,0.927729613612456,0.7070643292790089,0.9888534177305102,0.9780207618604191,0.8944225598764826,0.8950345750758602,0.8285548864416745,0.7995259359149843,0.9139561426963674,0.8157281948363893,0.9114199666436877,0.7102518232517729,0.8705774248564633,0.9864531424840421,0.8867881128334252,0.6737611932320671,0.9653792676073294,0.7413500458302187,0.8978752945620982,0.9900589858005251,0.8757278950721359,0.8830829903851176,0.8916319670140291,0.912573706042248,0.7830850238902934,0.5879968050127535,0.9364800516833369,0.7653735380464488,0.8502862207868802,0.9802115232778629,0.8732877753312084,0.7709699262409766,0.8385874048882591,0.69396287753828,0.9724461422388417,0.7192732432148734,0.8719083572005899,0.8756765367700751,0.8625471077983309,0.726427462923499,0.8719083572005898,0.9096689964166691,0.7989867013566172,0.918881380844508,0.6840054556665638,0.9177967406513874,0.9194859668877351,0.9136498875984242,0.9381276726912953,0.9096689964166693
p49_L,0.7988257989074183,0.9007787887826324,0.4851018125748554,0.986980346941851,0.9140827360776207,0.9362663130722397,0.9337784563066682,0.9618028605819999,0.837302156636007,0.9857418255557404,0.9347184365906842,0.9112976020672168,0.9112976020672168,0.7768823838939128,0.9282322050200014,0.8510876470038167,0.9839671309918707,0.46353150791152553,0.7668475042370301,0.9857418255557404,0.7586185471144051,0.8958248142311334,0.9940847844961915,0.9957812164793639,0.8934110566484073,0.8841133455738344,0.664842304484472,0.8586619077554183,0.9857418255557404,0.9829983092985957,0.903436323802066,0.9229213960709448,0.4871664572097154,0.86271164163361,0.9564021026822451,0.9293199127017768,0.9169426994374763,0.6395433895827727,0.9362663130722397,0.732891382874115,0.7312519156265725,0.9527121293730552,0.9362663130722397,0.8526962823400324,0.9379905213362054,0.671430066620725,0.9198856874256713,0.8808112651450144,0.8818669950401858,0.8402452115728432,0.9229213960709448,0.5860561978055976,0.9167311028995666,0.900778788782632,0.9795142794845892,0.9428805861339855,0.9112643219372452,0.9140827360776209,0.8000850163882278,0.9886329998507342,0.8410907383848312,0.752215408761475,0.8841133455738346,0.6580976262124236,0.9260614370793867,0.777930910465473,0.9836243259051825,0.8163514152695155,0.7901751055423152,0.8174862680805627,0.7541761526076999,0.9139704635473276,0.9140827360776209,0.7819783757720598,0.9140827360776209,0.7854297011879553,0.967216090606899,0.8982796549912178,0.7572095078496401,0.8963063030143585,0.9711572181901504,0.922433446216693,0.786854167645629,0.5613847798887219,0.9140827360776209,0.7451735446474828,0.997088271205218,0.7612585357069435,0.8441840455249721,0.9112976020672159,0.9140827360776209,0.8573241440795737,0.6424952945599147,0.8343218137839692,0.8752860258231276,0.8808112651450145,0.7729463078528018,0.7813359940592819,0.8070240566056872,0.7863458220905186,0.9112643219372452,0.9649840504564582,0.5780848646668888,0.9612020291560053,0.8653347025776119,0.9293199127017768,0.7961164254412035,0.8214693729867486,0.9984138550096489,0.7483213531818427,0.8446873209299344,0.9195505082342441,0.9956704741734163,0.8468446367617051,0.9198856874256713,0.942314539512358,0.9875129768195829,0.979958676545309,0.9362663130722395,0.8001722065934693,0.960686383215889,0.8343910021373346,0.6515768171195448,0.8731400424546569,0.9854156251232377,0.9765583745202523,0.9169426994374763,0.8465762652500729,0.9112976020672168,0.8842122443079046,0.8695865593628398,0.9198856874256711,0.9836243259051825,0.9362663130722397,0.9059247833199469,0.6196760792337657,0.9479380422502333,0.9368971868932459,0.9229213960709446,0.9085802966718612,0.6885667740099128,0.9327142329596736,0.8663399748929981,0.9636429384587802,0.8267708879490374,0.8752664522031017,0.9124411037053828,0.8101309200969331,0.8818669950401861,0.7004864058164684,0.9612305818481928,0.9177656153449205,0.9636207805173574,0.7829831333240977,0.9696485350828812,0.8818669950401858,0.8224513895925896,0.0,0.7581302671164094,0.8793226236885987,0.9772977427811167,0.944819223481967,0.922433446216693,0.7570115742507317,0.7171076612044485,0.7514805211366105,0.8059171329824784,0.7068671524885229,0.9674296094225581,0.8939724380988585,0.8984288710052624,0.9112976020672163,0.879648057740505,0.9387914367491343,0.77264667037425,0.881108050472782,0.979958676545309,0.8443091301970411,0.89356649526338,0.5369403697710828,0.9042047807293037,0.8572488974607257,0.9744968503307261,0.9112976020672168,0.8828620257158916,0.949003176525162,0.8001722065934693,0.8582982169801265,0.9007787887826316,0.9906061831285018,0.9085802966718615,0.8875850568726851,0.7034963315355375,0.7535939924503339,0.8922073230248908,0.9140827360776209,0.9605807414790561,0.6111034842549041,0.9053763157284518,0.9159755014032278,0.8169813158537989,0.9935398813830467,0.9140827360776209,0.8051601444119343,0.7171993523347875,0.9327142329596738,0.9140827360776209,0.775082390944749,0.8842122443079055,0.8079513928571604,0.7781951497190333,0.8391920312990694,0.9112976020672166,0.9140827360776209,0.8763589982367317,0.9140827360776214,0.7923258105392537,0.658757459937622,0.57285146943642,0.9140827360776209,0.7855875668486808,0.9140827360776209,0.6891850635921557,0.8687762325700652,0.6957865824069006,0.8232044555842626,0.9198856874256709,0.7400650369402717,0.9085802966718612,0.8341664144721782,0.8958248142311336,0.9177656153449203,0.877729361934272,0.9481297743766082,0.9229213960709446,0.8785918741646357,0.907653547455582,0.5160583942155254,0.9222863151447389,0.8566595864113675,0.9117649022044425,0.9839671309918707,0.8343910021373346,0.9085802966718617,0.9140827360776209,0.8354206684781547,0.9140827360776209,0.9909900319641314,0.8127085188301832,0.9836243259051825,0.8774549020235316,0.7400650369402717,0.9605807414790561,0.9092107431207779,0.8934110566484073,0.806634876842097,0.9559652186109171,0.8262466991162758,0.9649840504564586,0.9003051101948657,0.8158546725096447,0.8141469050599317,0.9112976020672159,0.9260614370793869,0.6485609483797127,0.9362663130722397,0.8130562387372962,0.7560954670484759,0.9195505082342441,0.8192817117138217,0.8480951988186949,0.9696485350828812,0.8417971563344091,0.80321369256,0.7334281661805685,0.9293199127017768,0.7860162093342455,0.9092107431207777,0.8886955627708657,0.8446888636768985,0.9293199127017768,0.8159426868885197,0.8335218714154911,0.9260614370793867,0.7362504086654448,0.8984288710052624,0.49383559317409487,0.8911843525479428,0.7654840177266877,0.9085802966718615,0.9649840504564584,0.8997208604511798,0.6831001433736068,0.979958676545309,0.7323294488613692,0.7744969269066901,0.7894593805860721,0.8947614178493933,0.929319912701777,0.9589591641085066,0.9139704635473276,0.8512615937915213,0.7032614918335647,0.7570115742507317,0.852180276182158,0.9448192234819673,0.5723740403384079,0.9143558464851282,0.7385132826744178,0.8993233378298993,0.8490535020405552,0.9273236845723133,0.9947724074634368,0.8778506089624711,0.8971937268061683,0.9327142329596736,0.8875850568726846,0.9327142329596736,0.8627116416336098,0.9668702179975168,0.8907618578973237,0.9198856874256709,0.9140827360776209,0.9229213960709446,0.8403188628686862,0.9493488602252984,0.9293199127017768,0.9260614370793867,0.9653389789590385,0.9140827360776209,0.9665852122032705,0.9293199127017768,0.9362663130722397,0.8752664522031015,0.9623869579501876,0.8886955627708657,0.9229213960709448,0.7940693148410227,0.7239506606845183,0.8265814810549479,0.9033258132980619,0.7679555164092564,0.9198856874256713,0.9766024852909412,0.7095571118411301,0.9007787887826317,0.8487835757946516,0.9362663130722397,0.7306731164482785,0.976602485290941,0.7878943865473782,0.9449459571559087,0.9112976020672161,0.8999441452391069,0.9409508901063448,0.7471112863343878,0.7675892118184322,0.711833576601458,0.9140827360776209,0.8521752855458467,0.9451391643182998,0.9223722925387856,0.8606789940362409,0.9327142329596736,0.8161562008720782,0.9140827360776209,0.9140827360776209,0.9139704635473276,0.9378679571093624,0.9151969873672334,0.9140827360776214,0.9327142329596736,0.9140827360776211,0.8689117123597327,0.7411480627811693,0.7717913125081068,0.9140827360776209,0.7403151586004091,0.967216090606899,0.6773240387516763,0.7174733784596516,0.9140827360776209,0.7829831333240976,0.8865088771202734,0.7856063370857855,0.7720177094467604,0.9009132970381386,0.906431488478534,0.9649840504564584,0.7462894188440763,0.9140827360776209,0.6856272554910328,0.9167311028995664,0.7818915322574536,0.5511366689626618,0.9169426994374763,0.6614105850811214,0.9795142794845892,0.9140827360776209,0.8720369070789851,0.779597692049715,0.9140827360776209,0.9308109257349264,0.981160575910826,0.8615367773171543,0.7199994637578899,0.7570115742507317,0.9140827360776209,0.9899064625934081,0.776346359958038,0.9768208473383789,0.914779433546371,0.9791929285892798,0.9203312082606381,0.8449165396552607,0.7937009888646542,0.9198856874256713,0.8521802761821577,0.8531312712965915,0.9940847844961915,0.790619483088717,0.8504330716658259,0.5459492707664008,0.8910355038772133,0.9229213960709446,0.659238051865918,0.9140827360776209,0.9187637957676269,0.4486716378862674,0.7944340711116755,0.898279654991218,0.9397627782604148,0.9085802966718615,0.9388496967708038,0.9605807414790561,0.9085802966718615,0.898279654991218,0.6204042312715132,0.9502768986869882,0.7252760914696259,0.8373021566360075,0.979958676545309,0.7986634867994142,0.9857418255557404,0.9007787887826326,0.9597350242898657,0.8097621950627563,0.7829144420779202,0.9327142329596736,0.9547677654582309,0.9422028158499836,0.8340602483605289,0.9527121293730552,0.4973493365748608,0.8853068944247944,0.9198856874256711,0.86271164163361,0.829822347888536,0.7980746927291406,0.7064498358792062,0.9750995470070672,0.9711572181901507,0.8731400424546576,0.886272290857833,0.9853012275106138,0.8819975810627934,0.9770116951721675,0.7780477836019284,0.8614104675884073,0.8984288710052626,0.9561713296625203,0.9597350242898657,0.7145739744970115,0.9924040002103831,0.7961753375569494,0.8886955627708657,0.9393175601009796,0.997082051807512,0.89972086045118,0.6780382571538506,0.9274812252481358,0.6888667644594435,0.8298223478885358,0.9293199127017768,0.7923258105392537,0.9100368987299776,0.6854677005916768,0.9422028158499836,0.5867999568125478,0.9059247833199471,0.9836243259051825,0.979958676545309,0.9034363238020657,0.8449947131431421,0.6883457889375775,0.9524187417251317,0.9524187417251317,0.7945966457429965,0.9765588403582132,0.9059247833199469,0.7947420630883415,0.9140827360776209,0.9260614370793872,0.9140827360776209,0.9140827360776209,0.7677598738939249,0.8910355038772133,0.8911843525479426,0.9140827360776209,0.7696896442189474,0.8212450940331923,0.8566595864113675,0.951667598069964,0.7389815511680645,0.6859587927341277,0.9127265069910235,0.8354206684781547,0.8061169085206568,0.9414200463913258,0.8757212105163071,0.9260614370793872,0.9169857742242804,0.7697389797584416,0.8363539429252544,0.8731400424546572,0.9414200463913256,0.9486066482612978,0.7464703441130434,0.9260614370793867,0.9369561763173802,0.9198856874256713,0.880811265145014,0.9672160906068992,0.7156716592388352,0.9597350242898657,0.7829819471393762,0.7403151586004091,0.8666490307048613,0.8910355038772135,0.8647606979879741,0.9899175865127545,0.9672160906068992,0.646676880146725,0.8819410116987974,0.7982600323216562,0.8478209407801427,0.9696485350828812,0.8807018460363633,0.9059247833199471,0.9717490664978536,0.7729463078528005,0.9112976020672168,0.7311440942426506,0.9060005536896045,0.7288789191009565,0.6676032144884978,0.8376698583940259,0.8603637814514744,0.7278052788775093,0.8958248142311334,0.8687762325700643,0.977687046935789,0.9140827360776209,0.9229213960709446,0.8586619077554181,0.9140827360776209,0.8484802427429659,0.9315204524190159,0.9313142969703938,0.8175686955121055,0.8505634902931872,0.9940847844961915,0.7612585357069428,0.6960926188678569,0.7842370006347021,0.898279654991218,0.8362317666706374,0.9085802966718615,0.9033258132980617,0.8112030654205007,0.8127085188301832,0.922433446216693,0.8625103199342192,0.8628946339906349,0.7306412122100229,0.8302279878806718,0.6817249837370652,0.7900459898038883,0.8484802427429659,0.8731400424546569,0.9327142329596736,0.9634129222225682,0.9169426994374765,0.6203908564183811,0.9102500073981143,0.8187997638878763,0.9112976020672161,0.7246278376156876,0.6523407787245559,0.8963063030143585,0.947938042250233,0.9198856874256713,0.9732925544123197,0.9978967545796937,0.5830251746835928,0.8582982169801265,0.8731400424546572,0.9984138550096489,0.7362504086654447,0.48226105781785034,0.9524187417251317,0.9229213960709446,0.9920754410433736,0.9140827360776209,0.9481297743766084,0.8358456055080878,0.7838567491189872,0.7319581401563453,0.9140827360776214,0.8470283752403776,0.6603915401005334,0.9177656153449203,0.8689117123597327,0.7101517412338936,0.8340602483605288,0.8430034183496213,0.9832505009542025,0.9086088401419732,0.8922073230248908,0.8262250724644753,0.46806487433756006,0.9260614370793872,0.8153757498953661,0.9112643219372452,0.8997208604511799,0.9117649022044421,0.9521154309854926,0.9086088401419732,0.5710771326654682,0.9362663130722397,0.9380148669152273,0.7409567718986104,0.9987214692868693,0.8229094476011647,0.7710824800623999,0.9187637957676267,0.9564021026822451,0.8958248142311334,0.6809098247156485,0.7387030905441514,0.9112976020672161,0.9368971868932461,0.9449459571559087,0.9112976020672161,0.9112976020672159,0.8911843525479426,0.9140827360776209,0.9449459571559087,0.9203312082606386,0.9140827360776209,0.8076634862166882,0.9538966273227563,0.9293199127017768,0.9198856874256713,0.9260614370793867,0.9169426994374763,0.9112976020672163,0.7246278376156876,0.8001722065934693,0.8910355038772135,0.7888546557993914,0.9140827360776209,0.8687762325700645,0.9649840504564584,0.8886955627708657,0.7601776919532441,0.8170266569691491,0.9293199127017768,0.952143174437784,0.9984138550096489,0.9944228758940543,0.7565796154807867,0.9987214692868693,0.8566595864113675,0.8416369481865441,0.9753785508082994,0.8041100907929974,0.8830876554119846,0.929319912701777,0.9139704635473276,0.9198856874256713,0.7703389375959164,0.8294445849549277,0.9140827360776209,0.9564021026822449,0.7790750425648352,0.9327142329596738,0.6236373574791394,0.9449459571559087,0.9347184365906842,0.8528212503900046,0.9085802966718615,0.7922061592382191,0.7992295470812905,0.9140827360776209,0.9140827360776209,0.9364804745427586,0.9829705239416331,0.815375749895366,0.7043143709797575,0.8161562008720782,0.7199994637578899,0.597887165275166,0.752741496894382,0.9195505082342441,0.8313734426980139,0.9140827360776209,0.9053763157284516,0.9229213960709446,0.9362663130722397,0.6803258756023278,0.9293199127017768,0.7900459898038881,0.9140827360776209,0.9140827360776209,0.7810072549332043,0.7896816976900098,0.7765521623672753,0.9672160906068992,0.6198583722022549,0.7312519156265725,0.9709167163788563,0.9019452575929183,0.7960790620619242,0.7006878732715736,0.9140827360776214,0.8678138346232583,0.7842762435933202,0.9605807414790561,0.9293199127017768,0.9209010889557385,0.8462077308901308,0.9923191657546491,0.9140938852116013,0.9169426994374763,0.7536441978337316,0.9140827360776209,0.7819783757720598,0.9451391643183,0.8785918741646355,0.8271829750299327,0.4852965437221327,0.9752509450478224,0.8391920312990695,0.9688853303180611,0.9282619895472617,0.8260178391724936,0.869034896105239,0.9449459571559087,0.9327142329596736,0.9574631882963214,0.8841133455738346,0.7574946995253371,0.9229213960709446,0.9524187417251313,0.8115868335393233,0.9112643219372452,0.730050545140571,0.9874049408179509,0.93626631307224,0.8127085188301832,0.9521154309854926,0.9362663130722397,0.8603637814514746,0.8647606979879741,0.8720369070789846,0.9564021026822451,0.961230581848193,0.8958248142311334,0.967216090606899,0.9994847261087236,0.4490722241164532,0.9112976020672168,0.9938868854725336,0.867745069248697,0.9169426994374763,0.792448739150497,0.8888323841302608,0.9436933890035103,0.9890013587499962,0.9140827360776209,0.8573241440795737,0.9140827360776209,0.7899886325658805,0.9857418255557404,0.9195505082342441,0.9561713296625203,0.9436182528616184,0.9140827360776209,0.7612585357069432,0.6676032144884976,0.8886955627708657,0.7633738598969679,0.8007616026381319,0.7759643853185064,0.9229213960709446,0.8112030654205002,0.8550643194854683,0.9429368881729505,0.8035848167913402,0.7998166542658522,0.9168309538733679,0.9521154309854925,0.9372156950911563,0.9140827360776209,0.9006001956118521,0.957615662424106,0.8041100907929972,0.8603637814514746,0.7306412122100229,0.9140827360776209,0.9112976020672161,0.8101309200969329,0.8078211104753712,0.8892044471664715,0.7311440942426506,0.7088703031833812,0.9140827360776209,0.7331952945431108,0.8626980448433854,0.6588137493117938,0.9140827360776209,0.8061169085206568,0.9795142794845892,0.9293199127017768,0.8910355038772133,0.9112976020672163,0.7332600540652472,0.9493488602252986,0.8373096690880518,0.9428805861339857,0.84491653965526,0.9715654552974826,0.6514753550932486,0.9140827360776209,0.9356214692658182,0.9140827360776209,0.9293199127017768,0.9591006745074232,0.8267085598113171,0.9362663130722397,0.9367150815560814,0.7303508819650195,0.8898848290514576,0.8689117123597327,0.9140827360776209,0.8489102445467831,0.8277525081896633,0.9569433609978804,0.9337326051494745,0.6473925714509614,0.8901700478813095,0.6118231746393931,0.9009132970381388,0.8865088771202729,0.8656204337966296,0.7453372585840627,0.8865088771202729,0.9574631882963214,0.46962579677388316,0.7669935698104401,0.8865088771202729,0.9362663130722397,0.9167311028995664,0.9169426994374763,0.8510876470038167,0.6363698616957185,0.9009132970381386,0.8886955627708657,0.9271158312367083,0.8842122443079048,0.9253852640835396,0.8819410116987967,0.9139704635473276,0.9112976020672166,0.8958248142311334,0.847672152496989,0.8063995425394423,0.7209334806173273,0.7750823909447488,0.8507339247788812,0.6870048095169985,0.7649948513812567,0.9169426994374763,0.9649840504564586,0.8582982169801265,0.9619891641435976,0.8774549020235316,0.9356214692658185,0.9963634819377992,0.9229213960709446,0.9260614370793872,0.8930194400775349,0.8752860258231279,0.9567911992246697,0.9169857742242802,0.9034363238020657,0.8699157658091232,0.7215786826937061,0.9009132970381382,0.9140827360776207,0.8191974565219036,0.5775569242418575,0.8503309402513616,0.856246214561577,0.8022928382345543,0.9260614370793867,0.9196570634622754,0.91900116026768,0.8841133455738344,0.9059247833199469,0.9674296094225581,0.8775604944548686,0.8885687955920856,0.9514750659282315,0.700893747414653,0.8723652404780666,0.6363698616957186,0.8248011549614334,0.9834774486762865,0.9649840504564584,0.9605807414790561,0.8079513928571604,0.8774549020235316,0.9899175865127545,0.8763902358970048,0.850699585699068,0.9862330830752133,0.948606648261298,0.9085802966718615,0.7920583585425982,0.9561713296625203,0.5160583942155257,0.9198856874256713,0.8222797296408288,0.922433446216693,0.9746202948705041,0.842210098842253,0.6825100381000242,0.9605807414790561,0.9327142329596736,0.9467200560154949,0.9293199127017768,0.9907912522530478,0.9260614370793872
p49_V,0.8933604934053044,0.9992550378442888,0.9008120729470666,0.8469861071467206,0.7693319769533162,0.8939283999593048,0.8475084419358778,0.842075571165475,0.8268032778860734,0.760827233676319,0.8475556844111887,0.875316989042498,0.7845470257867799,0.9338602041183082,0.9983516442258689,0.9424190040256839,0.9869887399367074,0.9271301412483195,0.9568868616159543,0.9270340353108137,0.8839520920898094,0.8582028597539867,0.9197483086230971,0.8492546100688054,0.868353976306378,0.9511300648769827,0.843431170571713,0.6820086756487808,0.927034035310814,0.9418095869242022,0.9449103012422462,0.7844663613441333,0.867135197250271,0.9181619802236738,0.8004702785962415,0.882367546706716,0.7529288879313043,0.8391057200608767,0.7364958146357469,0.9687425290701548,0.7347164777877544,0.8841179782180018,0.9828796715723793,0.7684064271366597,0.9268767184442956,0.6281024018604393,0.7683200278016402,0.9909352982477081,0.9367714172515003,0.722604775436946,0.7844663613441334,0.6922766940311731,0.9271301412483197,0.9185508043089184,0.9927174168027555,0.8694880662664033,0.9676707110837619,0.8938851835250172,0.9523008818228218,0.8281869892085901,0.9071650187800355,0.9839378326071059,0.879130293990994,0.9500221889089313,0.876944484906568,0.915637910506454,0.906100043689203,0.7873711354703572,0.8329383514417306,0.882367546706716,0.8212631090353082,0.8270134485526379,0.9504233082603579,0.7277639915916648,0.8938851835250172,0.8964544374225643,0.8528864588605989,0.9816127207020935,0.795924942792475,0.9349923761154104,0.9011784989275505,0.8395807850136316,0.973235589666094,0.9751299885056453,0.8938851835250172,0.8924193055680141,0.9316802810566214,0.9493268093940133,0.7611187859994438,0.9055736434610706,0.8938851835250172,0.8494598249994318,0.8586781554777043,0.9730036100516462,0.9363662488999994,0.9728605013801859,0.8077480309660348,0.8839520920898094,0.6990565102783755,0.8264751085472206,0.8229620026521651,0.8666662211060931,0.8570084033315832,0.8077756642829044,0.9463908385559952,0.707776221292472,0.9663065342367734,0.7377637372198014,0.9456143199989115,0.7466087313840508,0.7771268373740461,0.8230808827755756,0.8672651830046108,0.9846012745125968,0.7683200278016402,0.9149089376366395,0.9444589326130937,0.7822955362017104,0.8939283999593046,0.7923386540821602,0.9733538361359619,0.9418696623468306,0.9513718884110443,0.9659225090813893,0.855130370362331,0.9648153153556749,0.785037461977138,0.9084873974778007,0.8826297756089203,0.964169973065087,0.8121856950641795,0.8998492893872085,0.8876108929996871,0.9760563522715155,0.872142684444712,0.80786153471882,0.939706690107711,0.9404815542410547,0.7500848507922817,0.8576381060247249,0.6794502833991367,0.7218098922997103,0.777878405709396,0.7631338577974391,0.9508134628787963,0.9398938840932887,0.7848155372549577,0.6487641377091857,0.8742564753918105,0.716151450807323,0.8880166939342053,0.6250807582187597,0.9492660948497862,0.7140440355567783,0.906100043689203,0.8033919351330514,0.704506892685145,0.7581302671164094,0.0,0.8261583287193452,0.794771552184052,0.9330323576683235,0.9885254137948039,0.6407121995689511,0.9228855407164511,0.7852614552901729,0.9384041100060458,0.9423249555304802,0.8828374282321871,0.6052577287673627,0.9555787283612049,0.8148036802053529,0.8229620026521645,0.7970122042646411,0.7677898141999251,0.8001699121619759,0.9568868616159543,0.8226270552048839,0.9020926819883304,0.9795620543312238,0.8746594809017655,0.9889784053882098,0.8927510980735229,0.9733997388646385,0.8559920053780228,0.8957396596303051,0.7182857500756907,0.9961485886748129,0.945948856924516,0.9946831488786408,0.82818698920859,0.8638010933231242,0.8015433607503686,0.7482699840920577,0.9988068943662061,0.8938851835250172,0.8492546100688053,0.9362040762623298,0.7921125327049648,0.9999152506461377,0.9280137672274849,0.9733997388646385,0.8938851835250172,0.8295143985413496,0.8687751612396971,0.7608272336763192,0.8938851835250172,0.8963401106813791,0.9344647370592187,0.8209796650879928,0.8267618198037472,0.7696676593845878,0.8826297756089203,0.8938851835250172,0.918274392930681,0.8938851835250172,0.8511317575653562,0.7297692078989266,0.7053688712978324,0.8938851835250172,0.9568873961450972,0.8938851835250172,0.847508441935878,0.9094058344019367,0.8672198966841804,0.8719685131775909,0.8666662211060931,0.735733310947988,0.9165403396569944,0.8780571349867617,0.9107320745513348,0.8483619554001924,0.8743635483874101,0.8134118466352589,0.921992403551539,0.9141379037220685,0.8652863680575231,0.7444445598003699,0.9228855407164511,0.9344647370592186,0.9952839109846352,0.8407421768252988,0.8261583287193452,0.82818698920859,0.8938851835250172,0.9068489608298156,0.8938851835250172,0.7344118492847579,0.8628046831893927,0.9748630647929062,0.9335860472634876,0.7624505602076752,0.8492546100688053,0.7402476678179977,0.8683539763063779,0.8190056683368176,0.8843302430070015,0.8073038335038726,0.8346861643638703,0.7942028861584645,0.7942028861584642,0.724559879647303,0.9055736434610706,0.9801384080901828,0.7125467106524419,0.7364958146357469,0.8264878644182203,0.7845765166603249,0.8962811675271812,0.9917272697684494,0.8050790628852298,0.9404815542410545,0.7196005118092895,0.7108989266409576,0.8100734516373294,0.707776221292472,0.8020799680982565,0.8985844453347756,0.8644048898104937,0.8945813700134543,0.707776221292472,0.9811050972277463,0.7613432538759722,0.9484030384081925,0.7493190570513668,0.9772972526041017,0.8666662211060931,0.8343618733529421,0.7591169382649829,0.8281869892085902,0.8998492893872085,0.8998492893872083,0.7017321682610986,0.9196272041613351,0.666524787714111,0.7922297542070026,0.9088092813104063,0.7899580350826503,0.9196272041613351,0.8570084033315832,0.9923640424897411,0.8773018426300598,0.8717185331373516,0.7080684874839247,0.7340887636090154,0.8998492893872083,0.9451210156505687,0.9696679484266892,0.8069413730148816,0.8880675976881564,0.7172699980013837,0.9879319371682811,0.7637888950345315,0.7195643880697624,0.7978109490151393,0.927034035310814,0.7528076470119729,0.8880166939342056,0.8513877258818137,0.8128263892083853,0.8802515779331865,0.9342353692072157,0.8938851835250172,0.9404815542410541,0.9830332035797165,0.9271301412483195,0.707776221292472,0.9841323151590049,0.8826297756089203,0.8938851835250172,0.8168470805113559,0.9568868616159543,0.9007517192601687,0.9983516442258688,0.7501732347929873,0.8147566802167696,0.9404815542410545,0.7845765166603249,0.8096213749023025,0.8741115447185108,0.9086289852345719,0.6799863871677407,0.7019538912394099,0.9980379129055943,0.8095060644328038,0.9718569852286911,0.9398938840932887,0.8939283999593048,0.7642731224418913,0.8762619267883074,0.7299217038582673,0.8120306629523002,0.9055736434610706,0.92851820495502,0.809628138201133,0.7591169382649829,0.8226571314092347,0.7495870554535013,0.8938851835250172,0.7092732009530083,0.9832902586309832,0.923287791381308,0.8797148954634808,0.9949312819359692,0.7627135361247277,0.8938851835250172,0.8938851835250172,0.9131499038319142,0.9192978164786997,0.7668399239194044,0.8938851835250172,0.927034035310814,0.8570084033315835,0.8035490586609266,0.9228855407164513,0.7616594482195733,0.9192850066174332,0.7853321359751215,0.9369966819500085,0.7926973969163622,0.825518819007518,0.8938851835250172,0.8921123896764589,0.9081991173811839,0.7604904914836922,0.672617291264527,0.7966969052470274,0.6945871209345178,0.8666662211060936,0.7417809865461176,0.8938851835250172,0.7249400512033142,0.9031302176196567,0.7428236280581946,0.8827327483211256,0.9259853716103592,0.7473362202515696,0.97925310600785,0.8938851835250172,0.9059517772252392,0.7673028383113663,0.8938851835250172,0.9393214365774878,0.718951600635644,0.7543796151857052,0.7524520056884487,0.7215397450669192,0.8938851835250172,0.939940146640564,0.9345483712698381,0.8769444849065677,0.9752608598586536,0.8614307403413146,0.8629913662587156,0.9519630836665909,0.8481004438028412,0.7683200278016402,0.9987083850084226,0.771115094942797,0.9955712672694002,0.6705497064651131,0.8014360767879727,0.8370225405795602,0.852782815437994,0.7500848507922816,0.807130523105005,0.8938851835250172,0.882367546706716,0.7593968324993918,0.8062930457760683,0.9011784989275504,0.9059539647380764,0.8870892228408599,0.7823802164344762,0.8938767975645256,0.8576381060247248,0.9647644647815445,0.8570084033315835,0.9170608799974957,0.8679358585732757,0.8957131063360482,0.9313341660201883,0.6144925451154797,0.8880166939342058,0.8089585938465274,0.8944739890743292,0.7256200119817406,0.9054156736579473,0.927034035310814,0.9474972057695565,0.722987896345784,0.9280137672274845,0.9694814522787869,0.826621851461925,0.9646802309813052,0.9993984942305538,0.7924618199175761,0.9500221889089311,0.8541112747024349,0.963701308997942,0.8961957611286371,0.9379530575233637,0.9672020986613374,0.8322552150648943,0.9055682813937388,0.9375150279494882,0.9008541983177107,0.8565839842875073,0.9645869162882996,0.7837989807240324,0.9140530994042178,0.9286057740842968,0.7460020793028754,0.9379530575233637,0.8152693691754536,0.8892289946073562,0.9750108530094964,0.8613763036790832,0.8666662211060934,0.8508040276344653,0.9114144000004258,0.8509891603010133,0.9064406703436174,0.9685938234748075,0.9325786802857978,0.9108963512449397,0.9841323151590049,0.8262406759871768,0.8721426844447118,0.8721426844447122,0.8876108929996875,0.7822955362017104,0.944910301242246,0.7711043052127549,0.754843289674334,0.8148036802053529,0.8523731211903478,0.8646979461886173,0.9957596658733354,0.8981652045712966,0.7320648294364136,0.8938851835250172,0.7300334708344973,0.8938851835250172,0.8938851835250172,0.8127996944827276,0.7516855372429223,0.8134118466352585,0.8938851835250172,0.6560449296207074,0.6539713190066732,0.9750108530094963,0.8189257281788587,0.8921123896764589,0.7235572920013837,0.9932934473528006,0.9619078786250497,0.7150689219968539,0.8525700308557829,0.9373303287601162,0.8014920243361218,0.9545645234685156,0.8100734516373291,0.772653411890409,0.8544635219859333,0.880599508045177,0.6809314051279141,0.8843079239305205,0.9126737616573803,0.9586548727192218,0.7683200278016402,0.9548403111497257,0.7794090375579645,0.9329181680524057,0.8439253499767938,0.9071291095221627,0.9286877343347695,0.9071650187800359,0.9286057740842968,0.8647611146889171,0.9010523009261007,0.9369966819500086,0.8617682235186919,0.7201827852153739,0.8415254237288138,0.7190862493303316,0.8532293824478367,0.7598572702943802,0.8407421768252992,0.9264589698784327,0.9599453776979463,0.9431430844460658,0.8539940350780115,0.8150388071567574,0.8939283999593048,0.7505691108493666,0.6862441013271174,0.980260851223461,0.7297842122648008,0.9895258967473566,0.9957596658733353,0.7620905411357757,0.8938851835250172,0.7500848507922816,0.8877095070326824,0.9815616099032829,0.6691536972518413,0.8582028597539861,0.8281869892085902,0.9137667085415224,0.7334184783483026,0.9955712672694002,0.7268213594121347,0.8880166939342053,0.7272896774890669,0.9647644647815445,0.7515013090135036,0.8870892228408599,0.9927174168027555,0.9787145607495168,0.9033507991396703,0.8644048898104937,0.8502321115550711,0.9347897731226747,0.8193819512709184,0.8123740758549287,0.8134118466352587,0.7655428131340906,0.9084873974778007,0.8767553194050245,0.8880166939342056,0.8741115447185108,0.9134717581604724,0.8426887498720437,0.9252019334282271,0.9398420220233933,0.8753169890424981,0.7346837150910475,0.8359453704795139,0.8939283999593048,0.8435279644482045,0.9010523009261004,0.9832902586309831,0.9893528308763072,0.8841179782180015,0.967428064221276,0.9213389142432067,0.9713677678964227,0.8918272444553983,0.8307074284906386,0.912886430027493,0.7500848507922816,0.9349923761154104,0.8938851835250172,0.8932877793171796,0.6818369796497312,0.8131910606347967,0.8808975725953527,0.8938851835250172,0.8542905581013729,0.6710835751023714,0.9635818708922906,0.9772972526041017,0.9697087372101489,0.7981075770517971,0.8759243574837607,0.8403111176021039,0.8189717701217478,0.8295563380294411,0.6807383470210026,0.8625108868957936,0.7300334708344977,0.9619078786250495,0.9909337428908811,0.9330323576683235,0.822258567239115,0.9007517192601684,0.9794317581201835,0.8478507258139245,0.8596877431040635,0.8348667221507031,0.8927510980735227,0.8570084033315832,0.7970122042646411,0.9045811078989208,0.9941465190705734,0.9815616099032829,0.6743506079632696,0.8235080301128759,0.8293098057308768,0.9055736434610706,0.9404815542410545,0.9268767184442954,0.9055736434610706,0.9055736434610706,0.9561378594702286,0.8938851835250172,0.8694536906982978,0.8819582662036614,0.8938851835250172,0.9637013089979418,0.8625108868957936,0.8195551936563297,0.7683200278016402,0.9126737616573803,0.9580939456561928,0.9055736434610706,0.8286515891561717,0.8367703964860417,0.7011368981453869,0.8663147522889196,0.8938851835250172,0.8525051345670995,0.8998492893872083,0.8147566802167696,0.8704504439408849,0.9902307594941684,0.9313341660201885,0.8617682235186916,0.8168470805113561,0.9344647370592187,0.848358096821,0.7693319769533163,0.8330994471835244,0.8212631090353082,0.9003267064040636,0.5785985975157311,0.8575188357488206,0.9196272041613351,0.8270134485526379,0.7683200278016402,0.9094058344019365,0.7482401788933706,0.8938851835250172,0.888146704974508,0.9287746268813508,0.7218098922997108,0.6136325106468998,0.840742176825299,0.9816127207020934,0.7778784057093961,0.8870892228408599,0.7711052244810876,0.7372287168882806,0.8938851835250172,0.8938851835250172,0.9408964938442356,0.9282668649940384,0.854562395390837,0.7640750202733582,0.6482002216830077,0.6298509292039745,0.8322552150648943,0.7296837560209684,0.810917693466396,0.68398422495515,0.8938851835250172,0.8283167330770704,0.7500848507922816,0.7364958146357469,0.6499120269287018,0.707776221292472,0.7933782969406246,0.8938851835250172,0.8938851835250172,0.7548093274281928,0.9192850066174332,0.7583895388814228,0.8582028597539868,0.7155664585191797,0.7526586203811856,0.9517996755947725,0.9602670981239118,0.7801361701626338,0.724600674036096,0.8938851835250172,0.7817124512888372,0.7350268605073202,0.7529288879313037,0.9685938234748075,0.9373303287601162,0.9473040669401805,0.8034924437839349,0.7681288697670117,0.7850374619771382,0.8559920053780226,0.8938851835250172,0.7692257026882106,0.9545645234685156,0.9243828129370487,0.9226120229097572,0.7425267705939405,0.9444589326130934,0.6521914044474227,0.9103688129420342,0.9841323151590049,0.9829838956390193,0.7122707283878258,0.9582772260637087,0.927034035310814,0.914110126181414,0.8568705460937132,0.8062930457760682,0.8188478718959848,0.9055736434610706,0.6854369997391987,0.990933742890881,0.8019855092639758,0.9714202433229047,0.9418156954162737,0.801985509263976,0.9760563522715158,0.982879671572379,0.9435549060266383,0.7587855677240296,0.8532486817312562,0.7693319769533167,0.8880166939342053,0.8319382523553128,0.9632612893486825,0.8205848838583187,0.8671351972502714,0.7240337169496345,0.9444076792766425,0.8824710712086716,0.8171460360229716,0.5885621781588362,0.9418601133639821,0.7684157414340184,0.7929238329644324,0.8938851835250172,0.815224993034342,0.893885183525017,0.8821646253672126,0.760827233676319,0.8962811675271813,0.8892289946073559,0.9918630108304214,0.8938851835250172,0.8212781435103415,0.7370632014253751,0.7880576430334378,0.709194512190976,0.810687413784756,0.7655234388357619,0.7500848507922816,0.6903030827181165,0.748399371819513,0.8586163862412981,0.8339087546942558,0.8691996695255617,0.97155412180322,0.9349923761154102,0.8439253499767938,0.9873000884537921,0.9808948615829185,0.8270134485526377,0.7338629677287678,0.9068489608298159,0.751583613632762,0.9504233082603579,0.9055736434610706,0.7482401788933706,0.6242786284594739,0.8181132847352675,0.7738481405685949,0.8114859957537324,0.8938851835250172,0.7522128562947634,0.811054368893928,0.9121416798754114,0.8938851835250172,0.7716534048641354,0.9366584624239662,0.707776221292472,0.9286057740842971,0.8753169890424979,0.6823422040104727,0.8088706988363874,0.9228855407164511,0.8694880662664035,0.9519630836665909,0.9955712672694002,0.7452412778805646,0.8938851835250172,0.8877403364067917,0.8938851835250172,0.7822955362017104,0.7963100057607231,0.7501525105317921,0.7364958146357469,0.8828374282321871,0.8204374971112613,0.9878861415772227,0.914110126181414,0.8938851835250172,0.9284277336640723,0.6946923062775642,0.9276556424556235,0.8557431115658813,0.9438969150899483,0.906100043689203,0.967202098661337,0.9506862058493933,0.9483736101793037,0.9053916920748522,0.7444056523807863,0.9483736101793037,0.8469861071467206,0.8717185331373514,0.892279090792194,0.9483736101793037,0.7364958146357469,0.9768701642370288,0.881363184114639,0.9754793850621082,0.8523731211903478,0.9506862058493933,0.9885254137948039,0.9451311832100295,0.9750108530094964,0.9538800936330645,0.9408964938442356,0.6533132562164676,0.9055736434610707,0.8582028597539869,0.959727654525945,0.8706730776956206,0.7593968324993916,0.9382514584392742,0.8156442436023121,0.7610293476265768,0.9214995022309826,0.8492546100688053,0.7683200278016402,0.9961485886748132,0.9518152341853733,0.5850339887412064,0.9565089026918354,0.9729151080172478,0.7500848507922818,0.7300334708344973,0.9008837055528043,0.9506360493076176,0.943914107699956,0.7761395322959781,0.9436307116622982,0.9622780295257004,0.8483580968209998,0.939321436577488,0.800470278596241,0.8414470901338622,0.8001699121619759,0.887593997933911,0.8824865170425753,0.996023456284697,0.9484030384081925,0.8343618733529417,0.8909272973135463,0.9271301412483197,0.872142684444712,0.8233685471076151,0.9500221889089313,0.9106413444117942,0.92620568908909,0.8743670916693695,0.9958586920040942,0.9431430844460658,0.9197091071260532,0.9114144000004258,0.8666662211060931,0.7850374619771375,0.7378720481793333,0.9794317581201837,0.9010523009261004,0.9096407678809022,0.8123740758549288,0.9504774930964766,0.8773018426300596,0.8281869892085904,0.7471590685413549,0.8644048898104937,0.8362094227924257,0.9330323576683237,0.6833889070857829,0.9121781670177476,0.7300334708344974,0.7848155372549576,0.8841179782180018,0.8938767975645254,0.760827233676319,0.9914602339014673,0.7822955362017104,0.9000166101629223,0.7300334708344977
p50_F,0.8920818224323079,0.9176091589676258,0.966706187504379,0.9559937244223013,0.9551293872486744,0.7631666477878627,0.5824728982889947,0.6334157569419374,0.7829885471498907,0.9102521474185266,0.9243614595545964,0.8816859778305945,0.9155630897147409,0.5669165366769049,0.8307984782575719,0.9439163498098857,0.8361567121058334,0.926041904948103,0.8022487300267548,0.8276313301891116,0.8772468662135613,0.9036930397575281,0.9755486419654262,0.8892155845940946,0.9114911763347562,0.845426769507341,0.5468329689898153,0.8114788487242621,0.7402591560583245,0.5647555784390352,0.8307902358986599,0.8971901564492133,0.902436392171817,0.995464532754264,0.8854008763534218,0.8022487300267549,0.8892155845940946,0.7209623927712894,0.9149900225490741,0.7079531137264352,0.9457413102127116,0.8484619576906176,0.9149900225490741,0.8257632689305003,0.9388137099150415,0.7642551545812741,0.9302947288966976,0.7957286869230606,0.7079531137264354,0.7750496320948064,0.8971901564492133,0.8697070225157031,0.845426769507341,0.6415210651144816,0.9024363921718168,0.8915641191189616,0.7177362084758447,0.5567710364845593,0.863399433343242,0.8780615512279368,0.7880418755318432,0.9151167528270898,0.9127278241703741,0.7931008126567494,0.6585711958095642,0.7889985348813426,0.8718365977455127,0.9459833234723563,0.9892441740253768,0.9474427791084492,0.40906028820853435,0.8424305171733326,0.8854008763534218,0.6399299819423248,0.5567710364845593,0.7438395839048273,0.8610478913106772,0.9555600901459856,0.6167567342375304,0.809144266311157,0.9543810721294508,0.9261052221430762,0.4072345494762686,0.8454267695073416,0.5567710364845593,0.536404259841273,0.9625078069904767,0.5894694525679569,0.7801518379683501,0.5762802320230619,0.5567710364845593,0.3816615241030724,0.695305393398185,0.6890468584081042,0.7108796835335619,0.8804697943533626,0.41583859808483326,0.746238570044433,0.6549859370478786,0.6370041857613566,0.7437828533028576,0.7353220140715182,0.5567710364845584,0.7066700089374011,0.7894714001023626,0.9057246972976494,0.5510833567295234,0.5727997347341258,0.886663405916849,0.6295518119469028,0.4835389015790271,0.9304212583514109,0.8068428105815622,0.6638597708429772,0.8931410336709438,0.8104489660347425,0.9176091589676256,0.9057246972976494,0.9930547404043362,0.7295151798895017,0.8702463834573066,0.4997204204875867,0.6519756392296776,0.8447402387323254,0.899170193134516,0.4782112832942569,0.8892155845940946,0.9111482749631536,0.8811742389803805,0.8315069861698932,0.7303988639854304,0.8931410336709436,0.9873232206481497,0.9609676410723689,0.5789800515582617,0.8682011567653067,0.7450966758535351,0.9103321387130585,0.8971901564492131,0.5943354874184337,0.9421678670673337,0.9102521474185263,0.6347549727031718,0.6806665654793493,0.523858065584708,0.8201203923509601,0.8933135622993031,0.6755246526339982,0.8424305171733326,0.4848497680345286,0.7402591560583238,0.7880418755318432,0.7976739415591315,0.7862775763932401,0.8718365977455128,0.8688785388851112,0.6115965264818888,0.8793226236885987,0.8261583287193452,0.0,0.40607822533933224,0.9953978806517948,0.926105222143076,0.8252900141149702,0.8274958281473019,0.36263216649570496,0.7371385469439535,0.9538133524293886,0.8842601377233776,0.7311245494187171,0.9803110486563886,0.881685977830595,0.8394708294649362,0.46526462754082765,0.7521278677224781,0.6143078167857987,0.8022487300267548,0.9800094642901074,0.7294921034510358,0.6234059554421698,0.8229298898932673,0.7674655604089053,0.9782026567459742,0.9155630897147409,0.9982408383006672,0.641825016285745,0.7460979684534164,0.8391525395283423,0.6415210651144816,0.9018489880103142,0.9110367363125389,0.8037010012713977,0.909130199273938,0.6156528162072277,0.7880418755318435,0.5567710364845593,0.8892155845940946,0.7262362277568399,0.9007073892735861,0.8959527741587117,0.8325465987176779,0.9155630897147409,0.5567710364845593,0.8065706375796107,0.7505774285709641,0.9102521474185266,0.5567710364845593,0.9681486570390659,0.8769047782559865,0.7624500092181508,0.974930043383255,0.7968647097561838,0.5762802320230626,0.5567710364845593,0.9716225754647407,0.5567710364845593,0.8185329223264999,0.9840528504330195,0.9470037613931965,0.5567710364845593,0.7939105489321894,0.5567710364845593,0.5979732875517074,0.8330597247692193,0.5461630520023786,0.8616211489063588,0.6238609283942569,0.5286481980094775,0.5943354874184332,0.8623542432319442,0.8610478913106778,0.6855615218349045,0.8915622406290065,0.9954645327542638,0.9356856974167589,0.9055631752695523,0.7725128802850378,0.965420469600959,0.9859387858531448,0.8542058822129399,0.8088080901268466,0.8745195447781486,0.33314694699172454,0.8780615512279373,0.5567710364845593,0.8010280162855912,0.5567710364845593,0.4138323161309023,0.6237195087969897,0.9356856974167589,0.8622112935825186,0.5136911041106316,0.8892155845940946,0.8061560254525524,0.8578283462385063,0.3738071294541844,0.9844006847043052,0.7036420537922492,0.8931410336709438,0.4371597141433786,0.7105663061807244,0.6805403864420132,0.5762802320230618,0.9413830194575714,0.6251422729223377,0.9149900225490741,0.6396639613099095,0.6553060896779646,0.7144217721184828,0.7082009761299464,0.4189896786009023,0.8971901564492133,0.6905376128937402,0.572799734734126,0.7683683887447595,0.9057246972976494,0.6295518119469026,0.991651677566759,0.7037491178645137,0.8142030100411649,0.9057246972976494,0.714297852046305,0.6720346403031747,0.8985986666492831,0.8702667377832223,0.7128204820814281,0.5867072331685033,0.816880509953394,0.594936935637187,0.8780615512279368,0.8931410336709438,0.9953978806517948,0.7020066808274315,0.718812566405156,0.5605576091237594,0.9519052523220197,0.7414448669201525,0.9357603135724036,0.8856848936483535,0.661363802827437,0.760849157149992,0.6932610426722379,0.7563499748428761,0.5990419494516488,0.8303766218577662,0.9953978806517948,0.9217745823086678,0.8344202094125963,0.5321071454886046,0.817333549455568,0.7758712729626831,0.3995945933988515,0.8233353059077081,0.9116571206035209,0.4137270265958368,0.9150035043198985,0.8451259095144115,0.8276313301891116,0.9250939237696354,0.8315069861698934,0.8800292207185832,0.8931410336709438,0.5567710364845593,0.8971901564492129,0.829088963754831,0.5633955705937421,0.9057246972976494,0.9013784409842849,0.8811742389803806,0.5567710364845593,0.8866634059168488,0.947442779108449,0.9609676410723689,0.8855731041118602,0.9520306170934678,0.5091875266207717,0.9356856974167591,0.6396639613099095,0.8114687517050276,0.7961509376213881,0.8710529575837427,0.5808814052325275,0.8931410336709438,0.8403373796149369,0.7862986387923911,0.8676556569243747,0.8201203923509597,0.9930547404043362,0.5160389512094101,0.6201546181695787,0.5440119802620695,0.9325979598111729,0.5762802320230619,0.8653986781221553,0.7588347125922614,0.5798008017125889,0.5976550728720407,0.6586534837177339,0.5567710364845593,0.7029889123717934,0.8373631026438322,0.6108357109812409,0.9765259109804756,0.9102521474185263,0.6830436341608004,0.5567710364845593,0.5567710364845593,0.8688785388851108,0.8244134553929048,0.5525697872155155,0.5567710364845593,0.8276313301891115,0.5916352919321848,0.6641858336132538,0.7878850887208411,0.6756193105911106,0.9899936426963005,0.408489466030315,0.9331004233740025,0.785202169639458,0.705404783732021,0.5567710364845593,0.7319023863749186,0.5691044126907128,0.5409727478029922,0.7115811707140929,0.8279566795146676,0.3625747839429555,0.8931410336709438,0.5699798362740198,0.5567710364845593,0.7052945202601086,0.8589844005431999,0.6821446118120562,0.854602771557889,0.9251662135150305,0.7732209641531304,0.8151126965355124,0.5567710364845593,0.8049657314867165,0.8916389237709953,0.5567710364845593,0.8525874490132164,0.9972317036031839,0.9301056066562714,0.6693784487769094,0.5839587451407604,0.5567710364845593,0.9658796276855435,0.8397920137640962,0.9786078235958557,0.4877336379380294,0.6236213476808077,0.8118232793036575,0.793144848471405,0.624609544729308,0.8931410336709438,0.8303766218577662,0.7438395839048273,0.9961527583512033,0.7168332186312043,0.7058119140235809,0.9333823247154629,0.664264045448349,0.8971901564492131,0.5365238587801548,0.5567710364845593,0.9474427791084492,0.7530304599651954,0.8823172753644706,0.9243614595545961,0.8622112935825186,0.5943354874184339,0.9578517230892629,0.9970674713569025,0.5943354874184339,0.9555600901459858,0.6613638028274371,0.9903614764146604,0.8527839768011805,0.6784876456909277,0.9057246972976496,0.6855441026449836,0.9102521474185266,0.9290085666695178,0.9472500422820559,0.6414723895245396,0.786063505291631,0.7402591560583243,0.8494880861190499,0.8803029307892649,0.5541524239716883,0.7144217721184828,0.8610478913106778,0.801028016285591,0.8467830997487795,0.816880509953394,0.8252069053832315,0.7579628834486956,0.814927170003795,0.8533680150714889,0.8643222344048871,0.855749430157815,0.33165920220642886,0.5616671548810743,0.713339515879534,0.9968921249480657,0.7329701070781673,0.7512776798866521,0.8251503574709129,0.8793331866131817,0.69256264513172,0.6622512054669083,0.8943418469797417,0.6980127804133323,0.8793331866131817,0.9415040533996415,0.48987144026866414,0.7353220140715181,0.8201202415073896,0.8937529477195789,0.6291794653990352,0.7931008126567491,0.9057246972976496,0.6799071360167073,0.8133809431767207,0.778584931229424,0.9950097342309363,0.6432742166951547,0.86830379467428,0.9356856974167591,0.9057246972976494,0.7449034616957058,0.8064910965900689,0.9814541697743224,0.9833173134830338,0.98280557463282,0.8785644137865678,0.8118232793036579,0.611127134126707,0.6632732189553512,0.5567710364845593,0.9013784409842851,0.5567710364845593,0.5567710364845593,0.6216923959674236,0.6925626451317198,0.4794134002003212,0.5567710364845593,0.8430227089083463,0.665450006338371,0.8053106771413623,0.6135629496984831,0.7681525130538001,0.9248925312429062,0.6784876456909275,0.8907361337480943,0.6704951146555072,0.8710529575837427,0.7624500092181506,0.7785849312294251,0.8373631026438322,0.8281967643401433,0.9386649350395793,0.7698626559548608,0.9024363921718168,0.944011921397141,0.7523717446486449,0.7785849312294244,0.5656000905447587,0.9302947288966976,0.6578562502309029,0.8610478913106774,0.8510206065531402,0.9112569593010917,0.6743862331819506,0.7533202390100007,0.8090977396371732,0.8829583596177213,0.9430736098966669,0.8931410336709438,0.6684339708257332,0.6434262394337373,0.991651677566759,0.7104469950918597,0.9335343761627214,0.7948455158104213,0.9258888135074717,0.8683037946742796,0.8611684983443579,0.7566566192962083,0.8811742389803807,0.540972747802992,0.8589563765519364,0.8091442663111565,0.6819354029885112,0.7016115466129538,0.9654204696009592,0.7641720565034573,0.8154708889081048,0.8118232793036579,0.8618030259801417,0.5567710364845593,0.8971901564492131,0.8803029307892649,0.9202651318010482,0.8944000283873016,0.8904552749271515,0.8780615512279373,0.7867909670478861,0.695305393398185,0.9678541586678329,0.5894694525679569,0.9102521474185266,0.7150682304408063,0.8643222344048871,0.7328421658179995,0.5943354874184339,0.846496131123587,0.9986062913999072,0.6918161969261296,0.6481600917948731,0.8342999149536292,0.7475597006133519,0.5011892706913796,0.7253663503958827,0.8547233147850071,0.899533638676101,0.8776517818114493,0.8307902358986592,0.8276313301891116,0.7096457585863616,0.9251662135150307,0.9840528504330193,0.862675186278854,0.9331097594317861,0.5762802320230619,0.7536579315508503,0.7396275488050571,0.8551218848344512,0.8168882098186321,0.9302947288966976,0.6987608695673568,0.9591075443923952,0.8484619576906176,0.7779799894523736,0.7449034616957059,0.8866634059168488,0.9103376246267691,0.8643222344048866,0.8816859778305948,0.8971901564492131,0.8551218848344522,0.5567710364845593,0.8637942492764796,0.8789287375941878,0.5798008017125886,0.6108357109812415,0.5567710364845593,0.7549785667081081,0.6557246412772433,0.7880418755318432,0.37237794280420655,0.8037010012713977,0.6499807016764748,0.7319023863749186,0.7342476208464526,0.9837941251315401,0.8329525705722152,0.9715932448296034,0.8274711902591814,0.9013784409842851,0.6441474537750422,0.6916895636488318,0.958244185426041,0.5102250285817567,0.9930547404043363,0.8622112935825184,0.5283851172492289,0.9609676410723689,0.8676556569243747,0.7437828533028578,0.6613638028274371,0.8153134393214543,0.7574626852085014,0.9057246972976496,0.9202651318010482,0.9198626585436263,0.7617552787017403,0.5990419494516486,0.5762802320230619,0.9356856974167591,0.6111271341267067,0.5762802320230619,0.5762802320230619,0.7843527058003774,0.5567710364845593,0.9066666273465951,0.827157147781812,0.5567710364845593,0.6481600917948732,0.35126175043087005,0.9057246972976496,0.8931410336709438,0.9013784409842849,0.8892155845940946,0.5424031201389155,0.7386276597247359,0.712932391325587,0.8546597599343508,0.6730117199765857,0.5567710364845593,0.6360291385917661,0.8096294045230256,0.8793331866131817,0.5793151603531481,0.5641543834813625,0.8856848936483532,0.7872287551174811,0.8578283462385068,0.9415040533996415,0.6231405795513362,0.885400876353422,0.8280095731844086,0.6252205781676171,0.8447402387323256,0.9208372036465446,0.8655012524214222,0.9691210572699522,0.5492649834557651,0.8931410336709438,0.8059207023162507,0.7232585815131745,0.5567710364845593,0.9054135909608203,0.7525002818927506,0.9102521474185266,0.6406755835665054,0.9388137099150415,0.9543810721294508,0.6347549727031718,0.5943354874184339,0.7985434412151302,0.5589729464966093,0.5567710364845593,0.5567710364845593,0.8343910021373357,0.4148093386803826,0.5825002837817791,0.9541314485206069,0.6670166624081615,0.7303879169050451,0.9652120168972631,0.6235837171895109,0.5505031707968975,0.6236451302378614,0.5567710364845593,0.7957286869230606,0.8971901564492131,0.9149900225490741,0.6329729367942288,0.9057246972976494,0.6346206981092888,0.5567710364845593,0.5567710364845593,0.5348446672926268,0.8008208246179416,0.6577799090500169,0.9198626585436263,0.6614057652160763,0.873457082543069,0.9324625980362254,0.9739024199009687,0.6735221548202959,0.5899418657786242,0.5567710364845593,0.39673054836652355,0.6190566872220116,0.8892155845940946,0.9057246972976496,0.8467310592020538,0.961276017252531,0.6562579135618383,0.3276600473363078,0.9251662135150307,0.7320545423102578,0.5567710364845593,0.6399299819423248,0.6987608695673568,0.7730117451851697,0.6407956678701945,0.9172157921744066,0.8983321117969463,0.806390619329729,0.5107878020172525,0.9013784409842849,0.7034706070463592,0.7060716728324847,0.9388137099150415,0.9976243215493139,0.8251503574709129,0.7246258414752634,0.608429121701002,0.8971901564492133,0.5762802320230619,0.7200341327950912,0.8915641191189614,0.6918161969261296,0.8704054119278539,0.9149900225490741,0.6918161969261296,0.9149900225490741,0.9609676410723689,0.7674417937615681,0.7769546604389541,0.7656260953636835,0.885400876353422,0.9150035043198985,0.8448782725245797,0.8610478913106774,0.5666309913586609,0.8710529575837429,0.8816859778305945,0.8394708294649356,0.9286915537395336,0.8892155845940946,0.7894171586931148,0.791536075125119,0.8939648655247463,0.8374013084826174,0.5567710364845593,0.34333021302115785,0.885400876353422,0.8105439229548475,0.9102521474185266,0.8757817245775488,0.8515386735783612,0.6493645596459067,0.5567710364845593,0.8312050295303877,0.6819354029885111,0.8515386735783614,0.5922084755925674,0.6244556667025052,0.6084291217010017,0.8971901564492131,0.8755882789650342,0.9643629872811411,0.7434285008881756,0.49596579189506595,0.6076668460816095,0.3012348114728369,0.8091442663111565,0.7491598444984622,0.8705493355131941,0.8303766218577662,0.9746706257322244,0.6679746165006453,0.8907361337480942,0.6833755894788596,0.885400876353422,0.5762802320230619,0.6596133430076061,0.7436658092046334,0.6246095447293077,0.5110607445591278,0.5015251209404854,0.5567710364845593,0.6726715275983461,0.9710590142903269,0.6398685093791665,0.5567710364845593,0.6546562942882366,0.9024363921718168,0.9057246972976494,0.6925626451317197,0.5762802320230619,0.9127697981557635,0.872298481320929,0.8952289958674733,0.8740160774379222,0.799811331765348,0.9678541586678326,0.6764184770666062,0.5567710364845593,0.8622112935825186,0.5567710364845593,0.947442779108449,0.5938717486553928,0.7390540974543198,0.9149900225490741,0.8336526153804953,0.9032123082890443,0.7855093208605659,0.7857724547836904,0.5567710364845593,0.6995943386986623,0.6576494519478984,0.9634489937790228,0.6700258789182403,0.8280095731844092,0.9356856974167591,0.7698626559548625,0.8525874490132166,0.798518019574054,0.7583094792012615,0.7719105296655935,0.798518019574054,0.8251503574709129,0.6023678109726938,0.7414448669201525,0.798518019574054,0.9149900225490741,0.6977541296616772,0.9251662135150305,0.8143592037575487,0.610157343907209,0.8279566795146676,0.7315436308993339,0.9949625014137065,0.8542058822129399,0.8829583596177213,0.8061560254525524,0.868878538885111,0.9155630897147411,0.8904552749271517,0.9990816443437577,0.7371378063155163,0.8957664101424573,0.8117273733585153,0.8026343680659276,0.9645317199506662,0.7608491571499922,0.8892155845940946,0.8931410336709438,0.9411067896549576,0.9286915537395342,0.8365455300348619,0.9324625980362261,0.8969166615241781,0.8971901564492131,0.9013784409842851,0.8286066888762849,0.858956376551937,0.772663416458703,0.953332109591035,0.969536210028101,0.9075353636025228,0.6519756392296774,0.8279566795146684,0.8854008763534218,0.7573412017127708,0.7036208940517148,0.9073380439086617,0.8362038767635076,0.9182916739020747,0.8985986666492832,0.9954645327542638,0.8021096878293793,0.845426769507341,0.7397154644004942,0.93486766006626,0.8653850403263916,0.8372066841953301,0.8477899966508495,0.8054620272717132,0.9357603135724033,0.745665791443795,0.9886589763321657,0.7092259290672693,0.6610146236200108,0.9970674713569028,0.7438395839048275,0.8365455300348621,0.9953978806517948,0.9302826825894973,0.7422316079133151,0.7910421223911577,0.6932610426722385,0.9900377084336549,0.6527576576384913,0.990511238752463,0.7468927370971472,0.9210904902002872,0.6987812553114567,0.9538997351778964,0.9013784409842851,0.7583094792012615,0.8237008396662089,0.7512781261965452,0.9102521474185266,0.9809326772534112,0.9057246972976496,0.7045888530995327,0.9013784409842851
p50_L,0.7720475870648011,0.9217816768023916,0.8084098434803901,0.9960947146029893,0.8640713420057806,0.8799270736133202,0.5893015673520472,0.6192115355636165,0.702368020578073,0.8295688743724916,0.8697573482257854,0.8562018915429416,0.8284969009147188,0.7574517361887223,0.9470651711958429,0.9207067787756698,0.9483728016690773,0.8935728356439262,0.9199117165193278,0.8652957284464029,0.7257926528465417,0.9934608314488649,0.9901415714403683,0.8631222787530044,0.9492747164268422,0.7397414321423501,0.7117613803955094,0.7763907237592437,0.829568874372492,0.532646887538498,0.7355093993994395,0.8268966588916085,0.8342201252949566,0.864326476566885,0.8355590569639006,0.885794313904009,0.8722711465586108,0.7807952732501602,0.804725297579278,0.7894562450093554,0.8478207065909875,0.8083013896181899,0.8568667102675336,0.7783209147165513,0.9464665666537816,0.8812747880255425,0.8504636644420461,0.7709433916215213,0.8976033320700374,0.8397575161487002,0.8897655097007555,0.9451421318572495,0.7617173469282894,0.8214318125449964,0.9604547539291057,0.7723156123758673,0.7164563561696089,0.7367566674079002,0.7852791889775665,0.9025589271811552,0.7464391323418091,0.9405151499516361,0.7767884425669862,0.8478207065909875,0.8061744934456334,0.749355301141293,0.8897655097007555,0.8059951193112156,0.6393555503598721,0.8857943139040094,0.6312531754566089,0.7346965719236451,0.9210959120895406,0.7845586827768897,0.7367566674079002,0.7361141164291929,0.7900926895085648,0.9679585275817418,0.7696059585796613,0.8423261855962991,0.9338402930623015,0.9999313275242172,0.6178867821863492,0.7397414321423513,0.7367566674079002,0.7059086729897006,0.8491631787538181,0.678001626422046,0.8987611364860535,0.7282232490337206,0.7367566674079002,0.6116582121558787,0.9150271430053467,0.8384088096041324,0.7420485705662425,0.7656432387099039,0.6139594726974056,0.6339586239347766,0.7045474932995193,0.7622690258132298,0.8016610280786958,0.8153056432519317,0.7367566674078994,0.7526144620221631,0.7263563776619595,0.8412664651734412,0.7447367427482403,0.709751800884294,0.9021116016439341,0.8453571787663082,0.6318998460739462,0.8529860657001471,0.7002617801047103,0.7782440417344307,0.9112328812249596,0.8010893405538565,0.8214318125449949,0.783442106058053,0.9320684863015751,0.6371159804786847,0.9420249293569563,0.5877118324345101,0.8384912670500719,0.672547193007931,0.864692101710743,0.414525311234911,0.8722711465586106,0.5273135442400054,0.7836332302901654,0.8021404815820738,0.6880711183292518,0.8200790560505896,0.9843065652291842,0.9320684863015755,0.7380515383147948,0.9191801366943515,0.8135769605894505,0.9843065652291842,0.8583786401591238,0.7468650390901748,0.8648323544254847,0.8488894389623104,0.5096860733592632,0.8756759302257391,0.5548407873446293,0.6782403328594562,0.7981024899414122,0.7254028832956679,0.8759739146579011,0.8545434755779635,0.7938420202985812,0.7119998023480205,0.7386125217162656,0.6375347568500549,0.9527294722357857,0.7779554067479183,0.6317696971911457,0.9772977427811167,0.794771552184052,0.40607822533933224,0.0,0.9720020980078724,0.9772007380401098,0.9618392232659678,0.7390863922233304,0.6232367910843328,0.9248121080175166,0.8642497170666508,0.8854660642940761,0.9890709053050666,0.9563208848672782,0.8007919102864963,0.7297132764213232,0.3767412042619205,0.6456891510316514,0.7914249283325852,0.9199117165193278,0.9246773889091409,0.8185297553792765,0.8833917754424869,0.9929799254813274,0.7153283743836822,0.9507692039195983,0.9221581834312782,0.8549011230291705,0.7247261685113984,0.5693082518676676,0.6734362364811799,0.6959944822232511,0.9069515590596442,0.9356367495594589,0.7701233061273562,0.9658443899934058,0.7408673682565401,0.8575085727296294,0.7367566674079002,0.892523009273936,0.8277672007198686,0.7325422837335769,0.7092249148729911,0.7457144981437706,0.8667482021748332,0.7367566674079002,0.6834113638315737,0.8879906977712662,0.793842020298581,0.7367566674079002,0.9294686251071616,0.770902456707136,0.72089435210406,0.956993919293494,0.9683741933889731,0.7559282396619429,0.7367566674079002,0.5229882094124244,0.7367566674079002,0.8319174545100838,0.8142531826257192,0.8890289907308184,0.7367566674079002,0.828644435498368,0.7367566674079002,0.8047995233861787,0.7863449160268923,0.6795217115677477,0.6733537479415969,0.7849210348604752,0.8158172771137282,0.7468650390901743,0.9669987356018004,0.7048655260587722,0.8058495777389474,0.836910894384649,0.8643264765668841,0.8583786401591236,0.5278768953338118,0.9944936033980056,0.9158724902686362,0.8848593925171601,0.8265925082346303,0.7523391061979708,0.9483728016690773,0.5877118324345099,0.8216567655514624,0.7367566674079002,0.9830932644897137,0.7367566674079002,0.3968212333908717,0.6721970280179208,0.9527294722357857,0.9393772383623689,0.7913531995553991,0.9219237397948676,0.8206022119035864,0.8077853720781178,0.618315068310294,0.8847397033843232,0.6782686515334017,0.9064594684263017,0.7192072340459661,0.5837958466077725,0.9574183818228322,0.7282232490337206,0.9370388334140074,0.9133754675401449,0.804725297579278,0.61000980600349,0.968193248472983,0.8529860657001469,0.6645148020788414,0.6540487137759292,0.9527294722357857,0.8340328321422843,0.9434441481175131,0.9517739860821459,0.8412664651734412,0.8072623334462745,0.8389749432958872,0.8180866116513588,0.9569250203936144,0.8412664651734412,0.7296954799274731,0.7673180005816578,0.8061744934456332,0.7441451688447258,0.7773386510565776,0.7545364264690186,0.9026929321468596,0.8116679132385932,0.7946893783415643,0.8200790560505897,0.9368440768177579,0.8913866330860251,0.8175595086733716,0.62860995935064,0.8921507679271993,0.594936935637187,0.7157143728932505,0.9881465217499648,0.7652689524497791,0.8543444972457646,0.7468650390901759,0.7953195658982104,0.7667869718734676,0.8583238367543499,0.9672286852092145,0.8861024938085996,0.9609463139848211,0.8909038433764782,0.9550292589451808,0.8617332702577251,0.6558393003285867,0.9422014285850575,0.8761858424552594,0.6405567715224598,0.9917968552579539,0.7531844847400355,0.8652957284464029,0.9794258433068106,0.900845910271289,0.9742566541705192,0.9064594684263012,0.7367566674079002,0.8268966588916082,0.5629634256079794,0.7767884425669864,0.8412664651734412,0.9320968266176187,0.8390432115466104,0.7367566674079002,0.9563990540073419,0.885794313904009,0.9696693743185962,0.8745088783542996,0.991096250092096,0.7271642537149294,0.9842114535033006,0.9042319194605735,0.9469434329530648,0.909235939224434,0.7828888451009727,0.8770006339284395,0.8760748600348451,0.8259600209869098,0.8816362414244376,0.8524311286184667,0.8745088783542996,0.9696693743185965,0.8072278736395713,0.7520089676333608,0.8661497146279945,0.9464665666537814,0.7282232490337206,0.847314840754724,0.7542093056050898,0.7497756170531029,0.7919442003280932,0.99981084422805,0.7367566674079002,0.6322937322985245,0.9524938211045328,0.7797144720387534,0.9335257327880073,0.9724762906681352,0.8973219473044847,0.7367566674079002,0.7367566674079002,0.8110856624214917,0.8572226233515852,0.7868731792935546,0.7367566674079002,0.9010225825203138,0.7652689524497795,0.6779040767172999,0.6257073919947964,0.814429033013903,0.9496081971314205,0.6450892690881911,0.8972623963188338,0.9245503301724364,0.935464519857077,0.7367566674079002,0.637534756850055,0.7545682722123006,0.8365239041762352,0.9080094245588977,0.8513294040436298,0.4794754617643444,0.8200790560505897,0.7661942488695652,0.7367566674079002,0.908960685208875,0.9525957608544997,0.6280865045801505,0.9140671437703772,0.8337215482320728,0.8938128048974839,0.857792193541137,0.7367566674079002,0.9914466420731697,0.9251183935314891,0.7367566674079002,0.9319024163425387,0.9454057311254185,0.9075765466897805,0.996834515662737,0.7914573177698824,0.7367566674079002,0.9080094245588977,0.910997970789993,0.8716066634298203,0.5511287249286825,0.7287481397664561,0.9079163378259324,0.7568343697870101,0.7994334763407518,0.8808482728335029,0.9398800281183675,0.629575766153263,0.9867155927210637,0.7212127541513682,0.7620543186102056,0.7353437346671201,0.804998884731825,0.8898606214266386,0.7328366129951083,0.7367566674079002,0.988146521749965,0.9068975879384791,0.9365404744365742,0.8697573482257854,0.9766640415453467,0.7198976518802773,0.8298477346804694,0.8925230092739358,0.7738324263000724,0.9829408827402795,0.8222935225335393,0.9527809928758625,0.7020512840629218,0.7555896950276604,0.9881465217499652,0.6660987365360043,0.9010225825203138,0.9276935268115132,0.8744273922475281,0.7124531445572295,0.873212787536326,0.8652957284464029,0.9414690289783094,0.8514372844037966,0.7370489028291178,0.8753284037411255,0.7660430807260576,0.7312184450707053,0.9672286852092145,0.9026929321468598,0.6264509581877913,0.7070874340366973,0.9090089695877881,0.8313916961153245,0.9338402930623013,0.7355093993994395,0.5200692127031834,0.845466312672924,0.8488358672588769,0.9727567245730668,0.7548596146535649,0.9010260508205596,0.9243576259255886,0.9090089695877888,0.7587132130546896,0.9925950057737478,0.835639113706345,0.7030593393665905,0.7726254326831445,0.9877739866737223,0.5195314804054342,0.8153056432519319,0.7881101966935202,0.8652392116869965,0.7248767613062261,0.9135367484936399,0.9540291191346464,0.807621340360849,0.824083679814545,0.8716066634298205,0.8296148328568536,0.8169220120726508,0.9990468824923521,0.9213426026941541,0.8516769112886904,0.8358419261369328,0.9564479173551239,0.814699584636641,0.883906882171164,0.9116118727993865,0.8451736821570012,0.8142061266334057,0.7643416962340792,0.8614515033003052,0.7367566674079002,0.8666646566334322,0.7367566674079002,0.7367566674079002,0.7372248016070486,0.6661418697004178,0.7136425120533851,0.7367566674079002,0.8962039396466865,0.7060245430461023,0.78357713107291,0.6510418147200789,0.6523575880191474,0.9426489568610691,0.7386508736403394,0.5293530384974408,0.6509309668389108,0.8577921935411372,0.8883117596805203,0.9043227484219138,0.7629848541475832,0.9136735873470442,0.7627562560811025,0.9583129759836839,0.8342201252949566,0.881701975139664,0.7407840047851373,0.9043227484219141,0.7672611868659707,0.9112328812249595,0.8318451486625573,0.8972623963188338,0.8529860657001471,0.8015729060125197,0.6887367373671124,0.906951559059644,0.7292194673449153,0.9901415714403683,0.8767526803900609,0.9416174896164159,0.7529647436237878,0.8043208177111412,0.930838600257385,0.6595862462595166,0.8711340441480417,0.8897655097007555,0.90291979692368,0.7643416962340797,0.9569429407838953,0.9855913133289869,0.8944531928030555,0.87321734069364,0.7613042759141821,0.804725297579278,0.9955165308295298,0.6529586440135235,0.6133790062737878,0.981276972623566,0.9453616138838494,0.8663081645472799,0.7760781181658944,0.7367566674079002,0.8898606214266386,0.832675644242658,0.8793180926172992,0.9385089667110785,0.9584399509861194,0.9564937016009507,0.9282912531360834,0.9405151499516362,0.9635727568824958,0.8139158483322397,0.8846162930362216,0.9001450432526388,0.9925088224207315,0.897161718621976,0.7468650390901748,0.9604547539291057,0.8580965479703777,0.7464504300545798,0.7726254326831441,0.8152896423290965,0.8100840409956911,0.8999957873153683,0.995083017987604,0.9246580177432506,0.868324797951194,0.9248121080175168,0.9583129759836839,0.8652957284464029,0.8384912670500717,0.951324470315799,0.9434989184905224,0.8656599935128615,0.9400549757720786,0.7282232490337206,0.9142167590356884,0.9801930230018694,0.9551288496473618,0.8869666204906068,0.9112328812249596,0.8955895561549561,0.9640071253706259,0.87890587780811,0.8235185338465867,0.8970774510603083,0.8077853720781178,0.9622525422448112,0.7715561688698277,0.9221581834312782,0.8583786401591237,0.955128849647362,0.7367566674079002,0.7328257398433731,0.8777761021550393,0.7373971578160049,0.7603068303684917,0.7367566674079002,0.7213492418927312,0.9479046216603539,0.9702947773014304,0.6381302469815886,0.685429199190751,0.8467657571682019,0.9191685490628059,0.8457494421587939,0.8717156414299913,0.8230692427358415,0.7248356449705211,0.9899284711724202,0.833948571641339,0.8318465224922893,0.695155188192337,0.8760748600348449,0.7278870795454155,0.9927297376643827,0.7714597981778004,0.719897651880278,0.9696693743185963,0.7771687304254187,0.7803598601014239,0.8222935225335393,0.9102497899161072,0.6058033728038494,0.8753838677887605,0.9781204821733006,0.9694112226663572,0.9767125224469344,0.7914573177698825,0.7282232490337206,0.9843065652291844,0.7117613803955081,0.7282232490337206,0.7282232490337206,0.7136425120533846,0.7367566674079002,0.790631854153365,0.5884306290066171,0.7367566674079002,0.7953560221672513,0.6362013185177964,0.8753838677887599,0.8808482728335029,0.9043227484219138,0.8631222787530044,0.7282232490337206,0.9997400507849569,0.7591698919785148,0.847858577689656,0.9022986540547646,0.7367566674079002,0.7794714346908229,0.9368440768177579,0.7727627776347091,0.9034092468907396,0.787640289853174,0.988146521749965,0.8043208177111414,0.9964378312097502,0.9506472856553927,0.7441650374842559,0.8640713420057804,0.8207038320912388,0.8276728711821679,0.8154300844958076,0.6979320203473965,0.9583905879012904,0.9540291191346464,0.7461974101850828,0.8504636644420462,0.9184102024611538,0.6603408606549137,0.7367566674079002,0.9363426627010591,0.6568931647796215,0.8295688743724918,0.9586603101619502,0.9201764087344964,0.8452070533867961,0.7619694710245579,0.7198976518802773,0.9667233254988776,0.8919193581595564,0.7367566674079002,0.7367566674079002,0.756824966073518,0.481731024918428,0.7142101676054038,0.9831496283676496,0.6351820673028209,0.9532714216880254,0.8970402885373513,0.8429375532850888,0.7189320374542754,0.7996588793083559,0.7367566674079002,0.8649461036388844,0.8898606214266386,0.804725297579278,0.9787471603710698,0.8412664651734412,0.7153967562734587,0.7367566674079002,0.7367566674079002,0.7772608663885248,0.7937812374916593,0.8571440381106169,0.8141422982910729,0.8943022441895179,0.6999596123100196,0.9183875583392982,0.8564571048470759,0.8453783212493781,0.797057260463822,0.7367566674079002,0.672197028017921,0.807319027786296,0.9016718770795422,0.9777360756347163,0.7920731894916893,0.9478550325759328,0.6794262455210571,0.6110682314070726,0.8428704160376791,0.7233256258100123,0.7367566674079002,0.7465936023860203,0.6490044080401234,0.8313916961153245,0.7834019013412445,0.9055618921184196,0.9468691428667411,0.7583953468850927,0.8184940996432846,0.8666646566334317,0.5428845587199349,0.7379478647869959,0.922082643749792,0.9917968552579539,0.8249230515863106,0.8207402721388646,0.7374399724318932,0.8582835284332404,0.7559282396619431,0.5430887968195108,0.8229621960559677,0.8392671826004037,0.9258827190449477,0.8568667102675338,0.672197028017921,0.9320684863015756,0.9927297376643827,0.9326776838239055,0.9349756054008453,0.6858098920627479,0.8070467719220205,0.9917968552579539,0.9934608314488651,0.8381919070735804,0.7434865519666163,0.8598857653919493,0.828496900914719,0.9720703718968702,0.8670130892827218,0.7455193566692775,0.7174083081060523,0.7438448496227521,0.6940382350023214,0.7371042735786117,0.7367566674079002,0.5959843758217238,0.8355590569639005,0.8021687555543426,0.8295688743724916,0.9459328919310458,0.7954933671188169,0.9272837949821262,0.7367566674079002,0.8880508784650727,0.9831496283676495,0.8180866116513592,0.8066130297803865,0.8731438703555847,0.8369902234342335,0.8898606214266385,0.7646340333805872,0.8973219473044844,0.6211094928521832,0.900163358524931,0.7818560488932564,0.6306144192181988,0.8423261855962991,0.828141720570392,0.9078303776591792,0.9459413039720077,0.9841210017185829,0.6333091524149946,0.5629634256079796,0.9758429433725047,0.822293522533539,0.7282232490337206,0.6343160515986119,0.9659026840982025,0.799433476340752,0.8242927586704336,0.8826093321208017,0.7367566674079002,0.882852347473961,0.7980287134399658,0.7375648213208668,0.7367566674079002,0.754555944396149,0.9625483257799177,0.8412664651734412,0.7124275413775538,0.7559282396619431,0.8894803094181711,0.871596920857987,0.9045796070584198,0.6738540202150647,0.9845970399669175,0.940429921043928,0.9639092745610847,0.7367566674079002,0.9813565984085111,0.7367566674079002,0.8175595086733718,0.827130498687306,0.6660221722047611,0.804725297579278,0.9282912531360832,0.9394793931483721,0.6900877319536092,0.9364339699994226,0.7367566674079002,0.8967002986716689,0.7722245159031513,0.9697070446125318,0.8358419261369328,0.993662662817113,0.9843065652291844,0.9583129759836839,0.7256622813871001,0.6795217115677474,0.5930600104082266,0.9576903694649742,0.6795217115677474,0.7851492218505994,0.7638375846306955,0.594936935637187,0.6795217115677474,0.804725297579278,0.8427161869248037,0.9604733381214061,0.9661151805494643,0.7836332302901654,0.8263785467607356,0.9090089695877879,0.8554313524828547,0.7523391061979712,0.9901415714403683,0.7654840177266888,0.9726201634571446,0.977568164687723,0.897262396318834,0.9437847250673808,0.9364339699994224,0.9263443038777357,0.9038840935021977,0.9209289280958823,0.7918747805839192,0.8759739146579011,0.8631222787530046,0.8200790560505896,0.7762620065123282,0.9146351600877192,0.7877569213377067,0.9766640415453466,0.7212919591570308,0.8898606214266387,0.8666646566334322,0.805092581200382,0.7406106445175333,0.8657751886643243,0.895761472363263,0.8970774510603086,0.7846046724070044,0.8149097096586178,0.811042897894175,0.8355590569639004,0.6883302056208522,0.8644659235948728,0.9488390608827737,0.6716405266925409,0.9621476708511731,0.969754918406101,0.9630244733232263,0.8200603310280696,0.7617173469282894,0.7906318541533655,0.9475469584840228,0.8235990838957497,0.7192072340459656,0.6269343404385682,0.9583905879012906,0.9510587894976708,0.8390432115466104,0.754512256293224,0.744915722375667,0.7849210348604754,0.9016718770795422,0.7513338807543255,0.7247878812684927,0.9368440768177579,0.8970075891535969,0.8945765721071002,0.7908660290874032,0.8547345879297663,0.9295263143910527,0.84794345681991,0.97720073804011,0.9830932644897141,0.8456902516433886,0.8049591582927511,0.9317395590718951,0.8666646566334323,0.6403775056851158,0.8306437276591685,0.8337215482320728,0.8295688743724916,0.8825234802045532,0.8516769112886904,0.636669593238423,0.8666646566334322
p51_CSVWI,0.989614526894097,0.9931163690142988,0.9854707104323213,0.8770035649415358,0.9526370111116407,0.9428375253830148,0.963901885593254,0.9789433391238309,0.910310736217455,0.9629078616894173,0.995812608116145,0.9511016704226434,0.9511016704226434,0.9258186968412382,0.951968770631014,0.9582441854260408,0.9873274034062989,0.9361160018916064,0.9610366993022685,0.9629078616894173,0.9921682189593071,0.998394872319517,0.9464536062171711,0.9542136024350834,0.9991256173192247,0.9361160018916062,0.9481398354780852,0.922085571782991,0.9629078616894173,0.9993650955442763,0.9801704643354423,0.957509435301382,0.9467071200650463,0.9243180392978654,0.9526370111116407,0.9610366993022685,0.9542136024350834,0.927293285231599,0.9648659912110238,0.9879700133881204,0.9325036590333067,0.9373704232137268,0.942837525383015,0.9187969445925777,0.7937291200594518,0.9805584973345784,0.9695808922938259,0.9478374857144207,0.9348776724743584,0.8991086132420372,0.8879369722234247,0.8151548146181657,0.9361160018916062,0.945303040275778,0.9467071200650465,0.9094857206850573,0.9859410630732464,0.9526370111116407,0.9685432309175783,0.9180060542094436,0.912399240286141,0.936396648023593,0.9361160018916064,0.9728308952426489,0.9592404230051592,0.898223706714796,0.8106601759858283,0.9318413189001247,0.9443883262864892,0.8714717093867045,0.9769855193139068,0.8527529638705934,0.9773757151292214,0.8694583018704127,0.9526370111116407,0.956433337538824,0.8212957849062243,0.9439253608596803,0.8661586408023221,0.8505410419770532,0.995812608116145,0.9497673578995787,0.982045156274965,0.9361160018916064,0.9526370111116407,0.9371232414100348,0.8803288140439884,0.9694876603376774,0.9790460413412314,0.9511016704226434,0.9526370111116407,0.9854707104323212,0.9676785343596861,0.9636331722389386,0.9671595166054916,0.9884628791933071,0.9508521524601833,0.9545983707785916,0.8936195469287429,0.9846778189268361,0.9859410630732461,0.9695808922938259,0.9526370111116407,0.9342272501200426,0.9119673511039381,0.9610366993022685,0.9987120692432441,0.9317737429214277,0.9412414838519025,0.9339881298829691,0.9380673100517983,0.9922127245794845,0.8808482728335028,0.9155711502428494,0.9558359621451105,0.8880802730255812,0.869955187594452,0.9610366993022685,0.8505410419770532,0.9009385953642846,0.9919066722185295,0.958244185426041,0.9991256173192249,0.9801704643354423,0.848112535109635,0.9225560311372207,0.9542136024350834,0.9378370728938005,0.9511016704226432,0.9209817665727262,0.881356890785397,0.9558359621451105,0.8106601759858281,0.9428375253830147,0.9481398354780852,0.8868602695609338,0.9592905221803276,0.9652137684610214,0.957509435301382,0.9496037211238535,0.9395250925611622,0.9629078616894173,0.9291868988815262,0.945041918905464,0.9170285225978759,0.9166400151447351,0.9001110559421437,0.8846853407167914,0.9348776724743586,0.8348893064606532,0.7740029001505222,0.9123992402861405,0.9318413189001247,0.9983511487423209,0.8106601759858285,0.9348776724743586,0.980211523277863,0.944819223481967,0.9330323576683235,0.9953978806517948,0.9720020980078724,0.0,0.9386420076357269,0.8155856001785133,0.9041490253843172,0.922085571782991,0.9613005306740816,0.9868418685480091,0.8655688623664042,0.9522752511635897,0.9765510393593577,0.9808926695348984,0.9617723288059056,0.9236703803405708,0.96235090313909,0.9938250905646742,0.9552175050422179,0.9815110427139536,0.9730862985612765,0.9314897302747827,0.9938553535985173,0.9716886528383426,0.8049125044433605,0.9511016704226434,0.964383511143408,0.9952317766508609,0.9009385953642846,0.9082407355488129,0.9453030402757779,0.9227712134704179,0.9180060542094439,0.9934680088001508,0.949733554954169,0.9243545721229425,0.95466724533758,0.9526370111116407,0.9542136024350834,0.9496037211238535,0.9072120922355342,0.932663588360343,0.9375821720172512,0.8448813494499819,0.9526370111116407,0.984576606222296,0.8942600569458921,0.9629078616894173,0.9526370111116407,0.9702123541657188,0.9423194428466418,0.8941307528793181,0.8666662211060931,0.8790595554853518,0.9511016704226434,0.9526370111116407,0.9980012116979509,0.9526370111116407,0.8855169510901253,0.9599362530543547,0.901138337649273,0.9526370111116407,0.9378370728938006,0.9526370111116407,0.963901885593254,0.9586574227081353,0.8937024586467951,0.9380673100517982,0.969580892293826,0.9067495314528173,0.9496037211238535,0.9399319300513138,0.9425720985427191,0.8762607344566619,0.8967110403534027,0.9344184513464585,0.8879369722234248,0.9061873961293253,0.9745849270782072,0.9669745722372082,0.8970622991909271,0.9209817665727262,0.920981766572726,0.948139835478085,0.9210904902002872,0.9180060542094439,0.9526370111116407,0.9505241704836671,0.9526370111116407,0.9645881282356923,0.9423194428466415,0.957509435301382,0.932445449857132,0.8466991324467523,0.9542136024350834,0.9198856874256709,0.9991256173192247,0.8288787761631804,0.9439253608596803,0.9042162740830946,0.9558359621451105,0.8752103456145177,0.9799577055509366,0.8868482411505496,0.9511016704226434,0.9592404230051592,0.8478242765918376,0.9648659912110238,0.9702123541657188,0.9388120013913652,0.9922127245794845,0.9141734198710227,0.9044707632416327,0.9575094353013822,0.9235962072452191,0.9317737429214279,0.8830740720259549,0.9610366993022685,0.8716488174471997,0.9198856874256709,0.9386420076357269,0.9689601410010136,0.9610366993022685,0.974815081978509,0.9795820040904937,0.9604535056538152,0.894642818083918,0.9277359074596554,0.9558359621451105,0.9344184513464585,0.850463664442046,0.9496037211238535,0.8949977467327624,0.6712483100495719,0.8253049072689451,0.9610366993022685,0.9027950502828768,0.8976747065462736,0.9210904902002871,0.9831290436676912,0.9552175050422179,0.9526370111116407,0.9589376456981176,0.9496037211238535,0.957509435301382,0.876142312818307,0.9747191147870711,0.894997746732762,0.9879700133881204,0.9220855717829912,0.9579118988918691,0.9155711502428494,0.9291067501802863,0.9766135065676136,0.9828003406403463,0.9412354087953774,0.97839000510734,0.9629078616894176,0.9103107362174554,0.9629078616894176,0.9815062877983506,0.9878857063735189,0.997640187429148,0.9558359621451105,0.9526370111116407,0.957509435301382,0.9505241704836669,0.9559982666090147,0.9610366993022685,0.9604535056538152,0.8448813494499824,0.9526370111116407,0.8272219822788086,0.9610366993022685,0.9648659912110236,0.9081716992229303,0.9483501244687258,0.9386420076357269,0.957509435301382,0.9074116486170116,0.8478242765918376,0.9991256173192247,0.9467071200650465,0.8614601651570805,0.9558359621451105,0.8873306148945669,0.9314207822955339,0.945303040275778,0.9604370865528187,0.9648659912110236,0.9016050413298702,0.9714058757497575,0.9431244710320199,0.9481398354780852,0.9511016704226434,0.8805577584645795,0.9674484241224512,0.850463664442046,0.8516044549634423,0.9231105095237595,0.9526370111116407,0.9952317766508612,0.969757263765453,0.9316363198749,0.9231975163531971,0.9629078616894176,0.9201023553084944,0.9526370111116407,0.9526370111116407,0.9348776724743584,0.9233747186171537,0.8975899824661732,0.9526370111116407,0.8616993128705422,0.9526370111116407,0.9746338287409402,0.9368200342758781,0.9243545721229425,0.9073884413700835,0.9288957400617388,0.8803288140439887,0.9370352923869721,0.9354961779469573,0.9526370111116407,0.928879549085444,0.9858084434319019,0.941858769226817,0.9143598368914287,0.9783400888843532,0.9484191631673087,0.8949977467327623,0.8400240699667674,0.9526370111116407,0.8266980100945358,0.8481125351096351,0.9354261958407397,0.9086833737804829,0.9542136024350834,0.8446301476237548,0.9902930825832762,0.9526370111116407,0.9426205861955201,0.9998167427047309,0.9526370111116407,0.9783400888843532,0.9293059023668364,0.9236703803405708,0.8966760243125665,0.8458639564984103,0.9526370111116407,0.9054692267382083,0.9649212652990378,0.7998413629717638,0.9924939067857517,0.9272939616022178,0.9560815611946234,0.9575139843524121,0.9389225366571856,0.969580892293826,0.9852427368613523,0.9314897302747827,0.9399319300513138,0.9282894047452503,0.9879781590338745,0.9467391969089458,0.9399319300513138,0.957509435301382,0.9361160018916064,0.9526370111116407,0.787725913731191,0.9082407355488131,0.9911410415624384,0.9439253608596803,0.9324454498571317,0.9496037211238535,0.9461493705792463,0.901450230003132,0.9496037211238535,0.995812608116145,0.9526370111116407,0.8083745968845285,0.8965935723831847,0.9649533549085013,0.9610366993022685,0.8890106760597565,0.9629078616894176,0.945303040275778,0.9464536062171711,0.9657234466323916,0.9393618431817528,0.9629078616894173,0.9750651530996967,0.9397554510393483,0.9469971516571075,0.9373704232137268,0.9425720985427191,0.9257239435976461,0.9695808922938258,0.9344184513464587,0.9061873961293254,0.920962455500657,0.9497673578995788,0.9868418685480091,0.9439253608596805,0.9801704643354421,0.863117355928886,0.9380492034039252,0.8371419773342011,0.9481398354780852,0.9592563973027501,0.9363467946367827,0.9277359074596556,0.9944373248680742,0.9464536062171709,0.9245116191516206,0.995812608116145,0.8113600257998121,0.9386420076357269,0.9423194428466416,0.9513791125088928,0.9558359621451105,0.8879294594533991,0.9576605453602833,0.7508842517610108,0.9868418685480091,0.9610366993022685,0.9465377066282388,0.985470710432321,0.9592404230051592,0.8937024586467952,0.987327403406299,0.987327403406299,0.957509435301382,0.9610366993022685,0.9196222638329764,0.8215135236933708,0.9634451361870242,0.9808926695348984,0.9128870094924401,0.9279890523786396,0.9987120692432438,0.9481398354780852,0.8752103456145177,0.9526370111116407,0.9592404230051592,0.9526370111116407,0.9526370111116407,0.86172892352763,0.939931930051314,0.8873306148945663,0.9526370111116407,0.8527418007930998,0.8803545486957223,0.9878857063735189,0.9733561462382215,0.8561102469132088,0.7864057866094465,0.9103107362174552,0.9092735418441047,0.8825210710884406,0.9902930825832763,0.9190743601433595,0.9592404230051592,0.983682988822291,0.8530488725229224,0.9318413189001247,0.9300668284196516,0.9902930825832763,0.9496037211238535,0.9904666825446744,0.9592404230051592,0.9784081623729504,0.9558359621451105,0.9884628791933072,0.9983948723195168,0.8981026726889998,0.8328391424856558,0.8911735721146647,0.8733268646478037,0.912399240286141,0.9399319300513138,0.9730862985612763,0.9558359621451105,0.9425720985427191,0.9542136024350834,0.9899175865127545,0.9330323576683235,0.9267077491745545,0.9575094353013822,0.9674184374883311,0.9481398354780854,0.9744168156815498,0.9351202479906622,0.9128870094924401,0.8517897486998736,0.8147735352468605,0.9428375253830147,0.8167620273274685,0.921264816730714,0.9092735418441047,0.9105554318849857,0.9393618431817528,0.9560815611946234,0.9633200625490423,0.9526370111116407,0.957509435301382,0.9681385641755447,0.9773757151292214,0.9613005306740816,0.9425720985427188,0.918006054209444,0.982045156274965,0.9071939202959411,0.9967391619170713,0.8481713308694634,0.9629078616894173,0.8006907814269039,0.9439253608596803,0.9097206700803182,0.9496037211238535,0.9467071200650465,0.9576605453602833,0.9878857063735189,0.9497673578995788,0.8441193845389972,0.9244189161714622,0.932784712182982,0.9064110103549552,0.6989792690869984,0.8738328753514066,0.9378370728938006,0.9300668284196516,0.9629078616894176,0.9991256173192247,0.9542136024350834,0.864760892487307,0.9505241704836669,0.9001110559421437,0.9511016704226434,0.8582549451842301,0.8614601651570805,0.9428375253830147,0.9592905221803274,0.9558359621451105,0.8905634939977786,0.893702458646795,0.9922127245794843,0.9491737766988708,0.9300668284196518,0.9991256173192247,0.9747191147870711,0.9958126081161451,0.9128870094924402,0.957509435301382,0.9648659912110236,0.9526370111116407,0.9815062877983507,0.8526711329933012,0.9416174896164158,0.9254476077793647,0.9526370111116407,0.9646845944942746,0.8540707559513623,0.9123992402861407,0.9765510393593577,0.9649533549085013,0.9085235928818935,0.9619664976562032,0.9506846942222611,0.9129884941708223,0.9185287395081015,0.8933378821185829,0.9489388080389439,0.9604535056538154,0.9669745722372083,0.933654454952398,0.7458314556106351,0.9423194428466419,0.9648659912110236,0.9839674685144806,0.8518109418760929,0.9428375253830147,0.8083745968845283,0.9094857206850571,0.9773757151292214,0.9875518066547833,0.8491704243993171,0.9552175050422179,0.9526370111116407,0.9983948723195168,0.8140865069385361,0.8458639564984103,0.9511016704226434,0.57882978727304,0.948139835478085,0.9511016704226434,0.9511016704226434,0.9815062877983505,0.9526370111116407,0.948139835478085,0.9987120692432442,0.9526370111116407,0.9497673578995788,0.9745849270782074,0.9610366993022685,0.969580892293826,0.9604535056538153,0.9542136024350834,0.9511016704226434,0.9185991421540305,0.9009385953642843,0.9399319300513138,0.8836034327136277,0.9526370111116407,0.9160269146595147,0.9695808922938258,0.8939720406672313,0.9582078888419137,0.914508262091398,0.7877259137311908,0.901450230003132,0.9412414838519028,0.8967531793197644,0.9412414838519025,0.9073884413700835,0.9665480300996037,0.8805577584645793,0.9300668284196516,0.9131632661895819,0.9355505770919704,0.9610366993022685,0.9879700133881204,0.9558359621451105,0.9560815611946234,0.9485667670310041,0.9526370111116407,0.9773757151292214,0.9269715703160147,0.9629078616894173,0.8663911307177647,0.987327403406299,0.995812608116145,0.9911132832149867,0.9496037211238535,0.9557024613536875,0.9494280207369874,0.9526370111116407,0.9526370111116407,0.9448192234819671,0.9989604206957793,0.9669745722372083,0.9078307494815343,0.8557565635983038,0.9885298361815203,0.8631173559288862,0.8737730460944353,0.9529449740547578,0.9783140079913857,0.9526370111116407,0.9478374857144207,0.957509435301382,0.9648659912110238,0.875912033959848,0.9610366993022685,0.9051147616874999,0.9526370111116407,0.9526370111116407,0.9393212741601169,0.9526370111116407,0.9469110457563135,0.9425720985427188,0.8678692326449855,0.8921764228239648,0.9129884941708224,0.932503659033307,0.8456366655300409,0.911065657943749,0.9526370111116407,0.9209817665727262,0.8606154343794663,0.9542136024350834,0.9610366993022685,0.9190743601433595,0.9354961779469573,0.9957658420390977,0.969757263765453,0.9542136024350834,0.8307964537889383,0.9526370111116407,0.8694583018704127,0.9231975163531971,0.9061873961293252,0.9082634530537086,0.8867731294822644,0.945303040275778,0.953270131910047,0.971887349837368,0.9592404230051592,0.9809291820181094,0.9390494317392442,0.9481398354780852,0.9493957255905624,0.925818696841238,0.9361160018916064,0.8561342062066826,0.957509435301382,0.9511016704226434,0.8842921321245034,0.9617723288059055,0.9423194428466417,0.928771638889243,0.9648659912110236,0.9423194428466416,0.9648659912110238,0.9648659912110236,0.9669745722372083,0.9254476077793647,0.9031349604797552,0.9526370111116407,0.9493957255905623,0.9425720985427188,0.9425720985427188,0.937035292386972,0.9467071200650465,0.9808926695348984,0.9094857206850571,0.9400810957454313,0.9542136024350834,0.9156175946573154,0.9231975163531969,0.8661586408023221,0.8447043622091563,0.9526370111116407,0.9854707104323212,0.907388441370083,0.8942600569458921,0.9629078616894173,0.9373704232137268,0.9497673578995789,0.9689188419031359,0.9526370111116407,0.8481713308694636,0.8167620273274685,0.9386420076357269,0.8493193247742894,0.8694583018704127,0.8561342062066826,0.957509435301382,0.8650546456747354,0.8868602695609336,0.9707442876463777,0.9724659055822087,0.9967391619170713,0.8581033456900125,0.9428375253830148,0.832839142485656,0.9526370111116407,0.9852427368613523,0.852752963870594,0.881438146000566,0.9092735418441047,0.932784712182982,0.9526370111116407,0.9511016704226434,0.9485667670310041,0.8940589330526698,0.9784081623729504,0.8517897486998736,0.8596139117877515,0.9526370111116407,0.8328655804961274,0.958166233043909,0.8281884330418341,0.9526370111116407,0.9143162677112746,0.9902930825832764,0.9610366993022685,0.939931930051314,0.9511016704226434,0.8529561985725835,0.9900588676412959,0.9439067604692684,0.9617723288059052,0.914508262091398,0.8896463743514135,0.8995061902239111,0.9526370111116407,0.9129884941708224,0.9526370111116407,0.9610366993022685,0.8727858819625125,0.9291067501802863,0.9648659912110238,0.9820451562749648,0.9119091929424149,0.9951877100611972,0.9277359074596554,0.9526370111116407,0.968375620537216,0.9202873748309089,0.9436650679333606,0.9300668284196516,0.9209817665727262,0.8106601759858284,0.9300668284196516,0.9288957400617388,0.9681385641755447,0.9388267942128117,0.9500768485786423,0.9681385641755447,0.7305581692424299,0.9575094353013822,0.9210904902002871,0.9681385641755447,0.9648659912110238,0.9361160018916064,0.9014502300031317,0.9674484241224512,0.9511016704226434,0.9288957400617388,0.994437324868074,0.8991086132420374,0.9423194428466418,0.9967391619170713,0.9198856874256713,0.9589376456981176,0.9511016704226434,0.9425720985427191,0.9619311600645908,0.9277359074596556,0.9689601410010136,0.8760112958426578,0.9619299081647257,0.9564745711255596,0.9589376456981176,0.9542136024350834,0.9558359621451105,0.9491737766988708,0.9819890130629687,0.9324454498571317,0.9645105128281708,0.9072120922355342,0.957509435301382,0.9592404230051592,0.9879781590338745,0.9312498291554216,0.9191312302437674,0.969757263765453,0.9801704643354423,0.9938590374229357,0.942990249213453,0.9288957400617388,0.9526370111116407,0.9311887696428772,0.9579672831419932,0.9634451361870242,0.9072120922355345,0.9572754220823072,0.9592404230051592,0.8873306148945668,0.9735954216165379,0.9361160018916062,0.9481398354780852,0.9671595166054917,0.932503659033307,0.98512650780359,0.9866401524377002,0.9439253608596803,0.9847773554932616,0.9511016704226434,0.9646845944942746,0.9806021881826849,0.9558359621451105,0.9736183137840242,0.8941307528793181,0.9324454498571315,0.8204146011716987,0.9747191147870711,0.9064110103549552,0.9924108112436552,0.9842011665427952,0.9496037211238535,0.9376033950120521,0.7823814062025369,0.9505241704836671,0.9558359621451105,0.9020294315021224,0.994437324868074,0.9592404230051592,0.9388267942128117,0.8432603713232417,0.9542136024350834,0.9629078616894173,0.9674484241224515,0.9552175050422179,0.9539405950770345,0.9592404230051592
p51_F,0.8695571067984837,0.6613781165395904,0.9749571409386522,0.8812876779601599,0.9865548062843288,0.9107192181558882,0.9165944334053653,0.9163963865993237,0.8753928891101745,0.948467140918744,0.8074150985486043,0.9320645602494204,0.9320645602494204,0.5891406252078373,0.9169506775373653,0.990511238752463,0.7823903592443855,0.8062744182987227,0.9458674971126175,0.8547169780516901,0.920862119626535,0.9643765980294188,0.8709676073375178,0.9903766507571461,0.9616684643803335,0.9112446674143928,0.8789436985072654,0.9951080188590633,0.8547169780516889,0.8868216295829456,0.9028404281797042,0.9409669977890662,0.9730889887268286,0.8948535190071927,0.9341976401680094,0.9458674971126175,0.9363880304285925,0.8383915460579376,0.9511876099263499,0.6138580586640396,0.8696642492046922,0.9129874603663681,0.9797658041147691,0.9205840625096655,0.7341136896129461,0.8831355897297659,0.9386420076357269,0.8710878802609618,0.9095242312718104,0.8598295527538453,0.9409669977890662,0.7327677425847494,0.9112446674143928,0.9240084059312026,0.9730889887268284,0.9748290773761273,0.9078247903914518,0.9341976401680094,0.9755754232004549,0.9214557696516739,0.8782944901168632,0.9216639343831268,0.9515990837410908,0.9601701237080074,0.9433718940682516,0.9810353828167875,0.9409669977890662,0.9123763236844558,0.9039673337843948,0.8661829386665056,0.8855830288196835,0.9889605162825019,0.9865548062843288,0.8451940043473611,0.9341976401680094,0.9088098779355613,0.9643765980294186,0.8074150985486043,0.8173554210508893,0.979765804114769,0.9671761235857237,0.7095838587641865,0.905517221079318,0.9112446674143933,0.9341976401680094,0.6887295835214469,0.8589740229104698,0.8376807489713898,0.9792166697491576,0.9320645602494202,0.9341976401680094,0.7372238885993294,0.8677195137462373,0.8613619137682154,0.9424837518356481,0.931871230166406,0.6879935094902683,0.9948203747824236,0.8357562495103223,0.7651933449849073,0.9357136999653203,0.8939720406672315,0.9087308614830324,0.7107178406032189,0.9594485387656406,0.9458674971126173,0.8013272831316129,0.8277749361825713,0.9183656033219387,0.8716459884847005,0.7355005457500069,0.758794298964318,0.7954933671188167,0.9800906033782499,0.9386420076357269,0.8091874477205085,0.9700765701011145,0.9914826481470902,0.9511876099263499,0.8659295687789172,0.9539851747197046,0.7871326569689745,0.7785143692692987,0.8347834320678187,0.9273376672788166,0.8408986703131247,0.9363880304285923,0.8956703797577581,0.9661859802146437,0.9243062854435229,0.8351667251716828,0.9497673578995787,0.5965496002743872,0.9511876099263499,0.9279496229669748,0.9115795360026782,0.8702830404599118,0.943412151726797,0.9409669977890662,0.9299834289466347,0.9284369518269132,0.9484671409187437,0.8420548303228412,0.852747549109971,0.8084387788384795,0.8841862845276727,0.9649993106436969,0.7954151283114466,0.9095242312718106,0.7320136740951815,0.9203222717282118,0.878294490116863,0.9143949578657861,0.9277170029726367,0.7121704507585247,0.9095242312718106,0.8719083572005898,0.922433446216693,0.9885254137948039,0.926105222143076,0.9772007380401098,0.9386420076357269,0.0,0.7437893388895367,0.8668322994400732,0.891751906668637,0.8453672416657232,0.7984808776164862,0.829517707536801,0.8477364707151382,0.6621773883959177,0.9320645602494204,0.9078247903914518,0.9148886507689467,0.9679705354720314,0.8956172690589803,0.9288327934067981,0.9854612009140378,0.8184708185285978,0.9926541290559201,0.885680018846007,0.9970109446715538,0.8965983225545132,0.9320645602494204,0.8674566432772476,0.8203823300136894,0.8410264752131607,0.933760644847901,0.9240084059312025,0.6919065330743308,0.9795036960805319,0.9687072640073062,0.768515005635253,0.8402284569668983,0.9731560060618827,0.9341976401680094,0.9363880304285925,0.9299834289466349,0.8710878802609618,0.8356964626766115,0.9461752438924504,0.9320645602494204,0.9341976401680094,0.9122163413962998,0.7501741687694417,0.948467140918744,0.9341976401680094,0.8870186779833349,0.9243062854435231,0.8808617942287751,0.8644048898104938,0.9977262825967363,0.9829392900173883,0.9341976401680094,0.8628824041273822,0.9341976401680094,0.8246430405090703,0.7815951709705525,0.7177769681969033,0.9341976401680094,0.9962766559418282,0.9341976401680094,0.9165944334053653,0.9926774362356946,0.6603716071728494,0.9987152424808745,0.994437324868074,0.8158953503148911,0.9299834289466344,0.916546213700882,0.9202142532643911,0.9319824779930974,0.7985533442261599,0.8585630837657472,0.6543600255164554,0.9300014988735694,0.8870460761700745,0.9665301256886063,0.6870289466597685,0.9243062854435231,0.8902183677316946,0.9279496229669748,0.6759546048296934,0.9795036960805321,0.9341976401680094,0.9356707151118058,0.9341976401680094,0.7458195760421735,0.8029903728618502,0.9409669977890662,0.9061450951233825,0.7934336330108842,0.9903766507571461,0.922433446216693,0.9950286745612719,0.6753686062202882,0.8975786096948726,0.8453672416657232,0.9386420076357269,0.6176644562903597,0.8338083271305468,0.8222167588234872,0.9320645602494202,0.9965514935490281,0.7785858077977024,0.9511876099263499,0.8780766889292517,0.831095762311769,0.9950420205336963,0.8844754883439767,0.6593821693854013,0.9987774230311344,0.8280150438185903,0.8955322612105853,0.7573320209089756,0.9458674971126173,0.8250102279890208,0.9088771365541705,0.998234552332913,0.851886581566327,0.9458674971126173,0.8568104945519834,0.8278323222482422,0.9364748811663077,0.958102892901342,0.6621773883959179,0.9386420076357269,0.9642416825773449,0.7727627776347092,0.8224152353838798,0.9386420076357269,0.9497673578995786,0.7637499406653925,0.8661829386665056,0.7842340498562543,0.8366902973473977,0.9816942482127167,0.9857106085223284,0.9288327934067979,0.9087308614830323,0.7727306286854224,0.8719355025177772,0.9987774230311344,0.8570448528152359,0.9581028929013422,0.8939720406672317,0.8918850562014596,0.9262039440654459,0.9897584260282961,0.9476274985418003,0.9054558542462887,0.9002622727577274,0.9986384139521877,0.8577128516761463,0.6402196789804999,0.9859275654047339,0.9376024723749292,0.9859275654047339,0.8948535190071925,0.9243062854435229,0.9225200821124008,0.994437324868074,0.9341976401680094,0.940966997789066,0.9973895362654068,0.7255655856453281,0.9458674971126173,0.9433718940682516,0.8644365206787079,0.9341976401680094,0.9616684643803335,0.9458674971126175,0.5654862883614808,0.9192273574141718,0.9282417817212176,0.9564943253467844,0.9409669977890665,0.8310957623117692,0.6853142868063435,0.9183656033219387,0.9259591224230199,0.7768728900183863,0.9386420076357269,0.9300797186110583,0.764512773628972,0.9240084059312024,0.9169506775373653,0.7726260462381261,0.8087121139603812,0.5767534869348216,0.7797937382129825,0.9762262925984149,0.9320645602494202,0.9216516168774787,0.8427216830386155,0.7954933671188165,0.7743287291569785,0.7519246848938177,0.9341976401680094,0.8352451905835125,0.9977901694570488,0.6402793622206657,0.9629590308991038,0.948467140918744,0.8236680713869198,0.9341976401680094,0.9341976401680094,0.9095242312718104,0.906497680742552,0.6578479293711631,0.9341976401680094,0.9859275654047343,0.9341976401680094,0.9361204140696398,0.9560600502201053,0.8402284569668983,0.9087308614830324,0.975191603316105,0.5056752647902478,0.7952940605393667,0.8161222511407003,0.9341976401680094,0.9821553920876702,0.729275681966467,0.8005056606224614,0.8713908816405858,0.7658847249875673,0.9606299011878296,0.9386420076357269,0.7809667159518989,0.9341976401680094,0.7430953386400088,0.8062744182987238,0.8674566432772475,0.91651349120236,0.9556347289143003,0.9613268701331864,0.6498720808427025,0.9341976401680094,0.9245014781129608,0.8830588503991518,0.9341976401680094,0.9508302047706586,0.995093057309034,0.9656378267735527,0.7353798725148984,0.811742647244956,0.9341976401680094,0.9612475954705937,0.9123763236844558,0.696168431635426,0.9546344910500091,0.9439481424521621,0.8797557950282509,0.8812245968305712,0.8391863635455729,0.9386420076357269,0.9281505333988456,0.8808617942287751,0.36100077782967677,0.8092737986295462,0.6892870178089578,0.9625134747891679,0.916546213700882,0.9409669977890662,0.9112446674143933,0.9341976401680094,0.803533083926214,0.9643824696458685,0.9909564325495369,0.9877421208411417,0.9782247305062934,0.9299834289466347,0.8541531425610629,0.9903766507571461,0.9795036960805319,0.627088076256066,0.9610880275993517,0.8456507732192378,0.9780955040073549,0.7202448196689224,0.9458674971126175,0.800988953122342,0.948467140918744,0.9700765701011147,0.8709676073375177,0.9911791051837482,0.9472987124405255,0.9484671409187437,0.8296573525406707,0.9262039440654457,0.9461752438924504,0.9540147404500323,0.9202142532643911,0.9717510531577929,0.9386420076357271,0.9994678821812106,0.9601701237080076,0.8940058527473687,0.834804539722572,0.979492626623116,0.9671761235857239,0.9403227338586295,0.8030302144488972,0.7502927996907005,0.7155011099166342,0.9754970377701453,0.9193417583555592,0.8841077185494024,0.97263879566368,0.9147540983606557,0.9165462137008822,0.7540600954210073,0.9671761235857239,0.996453510700978,0.9147540983606557,0.9393420437091632,0.8164999142521172,0.8381767234348843,0.8718048700433565,0.8147003782300277,0.9673786919850063,0.9300014988735692,0.9458674971126177,0.8558114815982962,0.888611449800047,0.9433718940682516,0.9015358689505102,0.9754970377701453,0.8789436985072658,0.9987774230311344,0.9914826481470902,0.42247806959964107,0.6923669637427119,0.9539851747197043,0.9661859802146439,0.9320645602494204,0.7942278940301719,0.9288940518676674,0.927949622966975,0.69602548723023,0.9341976401680094,0.9433718940682516,0.9341976401680094,0.9341976401680094,0.7881877245144917,0.9165462137008822,0.788110684558016,0.9341976401680094,0.7531133294096686,0.7897927313248181,0.9924821208671799,0.969990632651502,0.9634062187972959,0.9335871057810122,0.7513496113012995,0.9048113045350052,0.7926104337466322,0.9259591224230195,0.9647060453491338,0.9965514935490281,0.8932967537832142,0.8921023247330179,0.8381354443488453,0.872265737746744,0.9259591224230197,0.9709760367855711,0.7844149039221471,0.7562450440181467,0.8391863635455731,0.9944373248680742,0.7034286704009298,0.9202142532643907,0.9229034192989756,0.916546213700882,0.8280150438185903,0.9382025073594866,0.8782944901168632,0.916546213700882,0.8964228513787131,0.9386420076357269,0.964376598029419,0.9016461085857465,0.8751392531083428,0.8147566802167694,0.9219594355678595,0.9987774230311344,0.986650481408334,0.9279496229669753,0.8938550600980881,0.8017315583434852,0.81356179091074,0.7555855066537775,0.905517221079318,0.9511876099263499,0.7519121637439459,0.8492473095446895,0.9048113045350052,0.801246918350909,0.5939999543203036,0.9754308715802917,0.9294987870150182,0.9341976401680094,0.9409669977890662,0.9262039440654459,0.9341976401680094,0.8705188107117408,0.9643765980294186,0.9299834289466349,0.981516734621835,0.9145231919397119,0.870967607337517,0.7696135968297468,0.8547169780516901,0.8164999142521172,0.9877421208411418,0.8526242193567077,0.9299834289466347,0.9326512786655545,0.8158166410117746,0.7007266197263641,0.91828499369483,0.9471234068969496,0.8717784212905579,0.7893605370211685,0.8482658157287162,0.9994678821812105,0.8514584170929147,0.8276623607360499,0.9403227338586295,0.9203222717282119,0.9950286745612719,0.9363880304285923,0.8527954320428578,0.9356707151118058,0.9191484075869396,0.9320645602494202,0.8127442721058258,0.8483916828562633,0.9511876099263499,0.8702830404599118,0.9944373248680742,0.7583918606373371,0.9606559814622546,0.9129874603663684,0.995004294443836,0.8347834320678186,0.9616684643803335,0.9880552524038384,0.9426603652680069,0.9320645602494204,0.9987774230311344,0.9511876099263499,0.9341976401680094,0.9653059182149237,0.9192262679261912,0.7727627776347092,0.6759176534822517,0.9341976401680094,0.931293212600949,0.8104937884422916,0.9099149954318697,0.8996020324755996,0.9064976807425518,0.5645325063221196,0.9277170029726365,0.8725406233968865,0.9396813390495188,0.9731560060618827,0.8065211384922872,0.8268961672292721,0.9433718940682516,0.75573517912019,0.9469401678022589,0.8381767234348843,0.80299037286185,0.5654862883614794,0.9061450951233825,0.970976036785571,0.7035794602792436,0.9240084059312026,0.9748290773761272,0.7516593631340741,0.8670992417859468,0.9883907806892529,0.9458674971126175,0.9341976401680094,0.9202142532643909,0.7449162556081335,0.7890915444598163,0.9320645602494202,0.9434121517267975,0.927949622966975,0.9320645602494202,0.9320645602494202,0.930079718611058,0.9341976401680094,0.9762262925984149,0.9116474872122647,0.9341976401680094,0.7095838587641852,0.9127134942094681,0.9914826481470901,0.9386420076357269,0.9433718940682516,0.9363880304285923,0.9320645602494202,0.7450294367821131,0.8659295687789172,0.9165462137008822,0.8178539505669791,0.9341976401680094,0.609977130027533,0.9497673578995787,0.9600252206809586,0.822766435368971,0.9455693733429784,0.5529336649650436,0.8476574882571929,0.9183656033219387,0.7007266197263651,0.9183656033219387,0.986554806284329,0.9924821208671799,0.9216516168774787,0.9403227338586295,0.9951959541874676,0.9220943680125893,0.866182938666506,0.9713213412121521,0.9386420076357269,0.6737605143955594,0.7954151283114463,0.9341976401680094,0.9610880275993517,0.961071428703486,0.948467140918744,0.9497019367329295,0.9272203681387055,0.672169831829201,0.7957279794915257,0.9299834289466347,0.7518333300629545,0.7884223143407343,0.9341976401680094,0.9341976401680094,0.922433446216693,0.9847287092299237,0.6940163579665887,0.7973308992532124,0.7995996720587015,0.7124747307268313,0.7792443702251051,0.8084755552232255,0.9639306993826395,0.8947908641640769,0.9341976401680094,0.9318712301664056,0.9409669977890662,0.9511876099263499,0.7507103182625506,0.9458674971126173,0.8046547388994403,0.9341976401680094,0.9341976401680094,0.7969846017459077,0.8563736953667129,0.8074641589920506,0.9472987124405254,0.8128817478302994,0.9794926266231159,0.9782247305062934,0.9601701237080076,0.78553989268708,0.8520542445135237,0.9341976401680094,0.9924821208671799,0.7866670785386733,0.9903766507571461,0.9288327934067981,0.9647060453491338,0.9791032390081396,0.8536985713947867,0.9325475534270612,0.9363880304285923,0.9076876279772628,0.9341976401680094,0.775478651203112,0.9977901694570488,0.8696642492046922,0.8238344375272355,0.9447378188006483,0.9240084059312026,0.9081986598432299,0.7219901930414616,0.9433718940682514,0.8297340049818103,0.8468159431132625,0.9279496229669748,0.9859275654047339,0.9361204140696398,0.9112446674143933,0.8033887015349683,0.9409669977890662,0.9320645602494202,0.8392447154194034,0.9469401678022589,0.9734299614209916,0.9340740308913413,0.9511876099263499,0.9924821208671799,0.9511876099263499,0.9797658041147691,0.7248757685433895,0.9676994339018856,0.8654234385275945,0.986554806284329,0.9203222717282118,0.9202142532643909,0.9202142532643907,0.7718485013831488,0.9259591224230201,0.9320645602494204,0.9469401678022586,0.8626186644435845,0.9363880304285925,0.8956043643228605,0.9629590308991038,0.8173554210508898,0.8101114348470417,0.9341976401680094,0.7084419915531277,0.9341976401680094,0.7726877408188058,0.948467140918744,0.881876139215311,0.9147540983606555,0.8896479980872494,0.9341976401680094,0.7696135968297468,0.7292027959893126,0.9147540983606557,0.7711911134087559,0.798717102251195,0.7805381608776912,0.9409669977890662,0.8158166410117746,0.9199416686997934,0.862028584427289,0.848490810977947,0.7859731357528772,0.7960169068916999,0.9107192181558881,0.9984593147144779,0.437516366436159,0.9581028929013422,0.852166913696114,0.8149366829530524,0.9048113045350052,0.7437610195286942,0.9341976401680094,0.9320645602494202,0.8432045372944466,0.9031170678741021,0.8391863635455725,0.7555855066537775,0.7920683034703102,0.9341976401680094,0.7710116930146547,0.974902263015138,0.6256590068018778,0.9341976401680094,0.8401821221942172,0.6498720808427022,0.9458674971126173,0.9165462137008822,0.9320645602494202,0.7405566608653534,0.9515990837410908,0.9844547825932068,0.8965983225545131,0.9777417615991821,0.7009786641682363,0.7396004853194877,0.9341976401680094,0.9832318780369318,0.9341976401680094,0.9458674971126175,0.7695663614396276,0.8501659032843123,0.9511876099263499,0.9424837518356481,0.7352352970522482,0.8768403073232187,0.9361204140696398,0.9341976401680094,0.9468047887422367,0.7912160328242333,0.778891826586197,0.9847126547835199,0.9243062854435231,0.8856017264847291,0.9028404281797042,0.9012134114028683,0.891751906668637,0.861222266702258,0.7695099974882298,0.891751906668637,0.9908428227422801,0.9409669977890665,0.9816942482127167,0.891751906668637,0.9511876099263499,0.9112446674143933,0.9363880304285925,0.6203655787600528,0.9829392900173883,0.9382025073594866,0.7095838587641858,0.8598295527538453,0.9393420437091633,0.9165462137008822,0.922433446216693,0.9492423737771563,0.9829392900173883,0.9914610572055534,0.8474677175014009,0.80825091477208,0.9743738807581963,0.8076052990030278,0.9187568665400383,0.8613962971197986,0.8124487711907676,0.9363880304285923,0.9386420076357269,0.9337606448479008,0.6126903116813358,0.9061450951233825,0.7855077732224196,0.9318712301664058,0.9409669977890662,0.9433718940682516,0.8892129940548337,0.9044839950643899,0.8656985012090525,0.9281278923411589,0.9028404281797042,0.8828523215358635,0.9517258135028771,0.987819300727277,0.9610880275993516,0.8356436707807,0.6751816881897448,0.7788059275999824,0.8710878802609618,0.9024238554172523,0.9364748811663077,0.929015482973479,0.8924015577732269,0.9112446674143928,0.927949622966975,0.9055172210793178,0.9493240017886775,0.8599286707771703,0.9960566146659293,0.9220943680125893,0.8702349169870334,0.9153112504466759,0.9312101330514947,0.8147003782300273,0.9386420076357269,0.9363880304285923,0.8529137105219888,0.9061450951233823,0.6149954545054965,0.9880552524038384,0.8735931051860006,0.9828275019633093,0.9795036960805319,0.970976036785571,0.876468111273583,0.7513240857503154,0.8791728214273922,0.9497673578995789,0.8174887035560277,0.8765447667087014,0.9433718940682516,0.861222266702258,0.9540147404500321,0.7936688679286391,0.948467140918744,0.8515386735783614,0.9458674971126175,0.9128853416009091,0.9965514935490281
p51_G,0.5379597888027836,0.846602818574427,0.5787109730034037,0.9360575421791804,0.8284086162176741,0.8532920118076435,0.8620018341771832,0.8753276535257755,0.9525229716633149,0.7988652819601516,0.863708651905885,0.7900616007208391,0.7900616007208391,0.6982490754523112,0.974699472014997,0.9032123082890444,0.8620437945748276,0.7332415752367154,0.9732945459124762,0.8807174319218227,0.7603431207652829,0.8081311165025298,0.8875470731379231,0.8396138091088566,0.8016420807864293,0.8646359779102974,0.783449123325719,0.764463880606461,0.880717431921823,0.9242212730598249,0.8300250099277162,0.8950795038997208,0.8286183577313588,0.7986740648847834,0.8568211965238023,0.8373021566360079,0.8381090821523731,0.7774665781182655,0.8094833764446487,0.7280707215884723,0.6082696266282193,0.6826509421229379,0.9593609816658519,0.7046765730873237,0.9406384658239362,0.5504377078014471,0.8458639564984105,0.9091661222432339,0.7280707215884723,0.5466235471120899,0.8323357203239441,0.4143437430623711,0.8427369107980336,0.7034019047473056,0.7621674053638962,0.7441896500402556,0.9352297684985353,0.7431708752992887,0.8848799209556204,0.7895618251049048,0.9773972206322301,0.9208874832795275,0.9601714851915929,0.902957702960173,0.8298015015479603,0.8665143245656951,0.8853172535850604,0.5402359933066598,0.591338674630717,0.9052983512742421,0.6934504484233752,0.7280707215884723,0.7999960359115463,0.590283211769681,0.7431708752992887,0.5579250762472645,0.8320966261016478,0.8147797622972599,0.7592260637026649,0.8532920118076435,0.7448602312251154,0.8117426472449563,0.9571376670427268,0.9522322463593524,0.7431708752992887,0.6792982568065473,0.9279586644981197,0.9726220648312478,0.7801656712142616,0.7348453828730819,0.7431708752992887,0.6099490258564229,0.6600310326575616,0.8420075281657871,0.7509249895884011,0.6617770914904386,0.601230825814858,0.5925694816009679,0.5266791058016091,0.5452386221597021,0.7654163298689529,0.8155856001785133,0.8022278398026619,0.7987171513467408,0.919908405685763,0.8373021566360079,0.6386002534074322,0.5144762389726569,0.751875115371715,0.6158344080549827,0.5456887927834817,0.9943498684057497,0.6781302454571962,0.7531532866627964,0.8458639564984105,0.5629981916381654,0.8716025561676644,0.8567149674919383,0.8532920118076432,0.714774446107167,0.7409280302755663,0.6895411753169773,0.754643890908339,0.992748716981732,0.8865350450225613,0.7049613262967437,0.8088111631761212,0.735061687571092,0.8234248743448613,0.8119977657595078,0.7409825880858246,0.8155856001785133,0.8225734700092835,0.8844221790552501,0.809647347075422,0.8025831300481507,0.6810428024191191,0.8225734700092837,0.8225734700092833,0.726722647879287,0.5348726883830457,0.8451155112420421,0.7910939685450606,0.5855510395158741,0.7298388227354071,0.989740125594192,0.6469533263815712,0.5905044705052331,0.6468696176183649,0.5113407329454001,0.8451155112420423,0.5421381940914042,0.9225882699637404,0.6407211540308213,0.9166891453729491,0.8358396286217762,0.7346063809247936,0.7570115742507317,0.6407121995689511,0.8252900141149702,0.9618392232659678,0.8155856001785133,0.7437893388895367,0.0,0.599758065280739,0.6746551444348232,0.885200270536642,0.6901274256093171,0.7954071200120822,0.47905306474029263,0.8766054254974633,0.7958167654209829,0.7229629702115583,0.9945546849134439,0.9381368098396714,0.787052708091847,0.8713002539551251,0.7413015915281351,0.8627518686398994,0.9219220905809844,0.9127999551136247,0.8883555203132698,0.8927764088411396,0.7624534917969606,0.9791100127950296,0.5643766752856123,0.7282885684001141,0.6187514411163315,0.7034019047473055,0.843601850697222,0.8610880720503438,0.8006066801327186,0.5206541019660578,0.4990495073294795,0.8166893856778987,0.7431708752992887,0.7517200521801013,0.9508003341101743,0.5298362750889483,0.6412627099354169,0.952718234201323,0.8452778185685962,0.7431708752992887,0.558275053528851,0.5845713384168355,0.8344672026399325,0.7431708752992887,0.8840013057268776,0.929024126787924,0.9264124867799657,0.7619535178159031,0.6468548021911562,0.7958167654209829,0.7431708752992887,0.5536653867249,0.7431708752992887,0.8658095911668434,0.6557976612005953,0.61566623590839,0.7431708752992887,0.841820487707815,0.7431708752992887,0.8221976065905672,0.7770531655858348,0.6746551444348232,0.531265523112594,0.8155856001785131,0.391604716172408,0.7267226478792868,0.8183613504774256,0.6885931819159937,0.8058027258906706,0.7814364145218553,0.8560225025122672,0.8225734700092835,0.7532395413192152,0.7579561022265849,0.8556063329356027,0.8257231146824269,0.8365319455548643,0.9969821282256277,0.7449828491796285,0.5688755408298725,0.8342149872161326,0.7431708752992887,0.6420008450779001,0.7431708752992887,0.9130340507927146,0.6700460193353561,0.8637076121118326,0.6336807201158878,0.35503692264654396,0.7810179711563527,0.6571169471386966,0.7546438909083386,0.5986141853266189,0.9615664311231347,0.721412725483316,0.7605174113429305,0.5997257249798382,0.6280750959077652,0.3426865523515218,0.7624534917969603,0.909385058694516,0.46043256396537213,0.8094833764446487,0.7692735134826445,0.7437784485394816,0.7939719872239416,0.9057921555696757,0.6419841666522812,0.8323357203239441,0.339367431878413,0.4041669586111225,0.8282823552758269,0.8373021566360079,0.6031805309593712,0.7753200579573121,0.8343937500300962,0.9325761371371128,0.8373021566360079,0.9270669023029237,0.643645902777728,0.974588418633897,0.6365148513838561,0.7378838199067892,0.8155856001785131,0.7413256272572986,0.4931026512340839,0.7895618251049048,0.8155856001785136,0.8155856001785131,0.22791420278135077,0.8373021566360079,0.6927886286538462,0.6679569377145284,0.5537923365189843,0.8768742760497967,0.939296448593359,0.8022278398026619,0.8573934100284375,0.7895618251049048,0.8853172535850606,0.5039735591206189,0.6320461741987606,0.8458639564984103,0.7496245029951332,0.8766400755982039,0.5418212298089871,0.5774120517685654,0.4601979604411398,0.9906614784861114,0.692732701078139,0.6676324913348614,0.6611658328952698,0.8451155112420421,0.8343658560284067,0.8451155112420423,0.9324870860155798,0.6455118395399995,0.6474530769414322,0.9669773817779976,0.7431708752992887,0.8853172535850597,0.9225920425338026,0.7332415752367158,0.8373021566360079,0.8441816987551354,0.85103298326874,0.7431708752992887,0.9191375554816545,0.7887187728537042,0.8907614131129444,0.9008391196171641,0.7387507998285607,0.7437893388895367,0.8009638285360556,0.48882779910785257,0.3338937930092567,0.9896348402987898,0.9923504136228155,0.4067742149268243,0.7907957676628274,0.8560225025122679,0.44056145787627154,0.9966012441338492,0.9213588684287803,0.8907614131129444,0.40023261380409647,0.7030933355056417,0.413847361982701,0.7834491233257193,0.7624534917969603,0.9674764171745478,0.659374766695201,0.4684323053376692,0.4872374769965562,0.29427729477158504,0.7431708752992887,0.7148002080744156,0.6780419465589944,0.6886938936200018,0.9439228789501477,0.7988652819601517,0.5182365450245596,0.7431708752992887,0.7431708752992887,0.668423399025025,0.6486903886021229,0.6141496480964308,0.7431708752992887,0.8451155112420423,0.8022278398026621,0.6982490754523112,0.599758065280739,0.5601365295347339,0.8022278398026619,0.7231649664338187,0.8560621357007658,0.3468519347656467,0.36447438495492,0.7431708752992887,0.5520951711597748,0.7120472094320709,0.40700428798631316,0.46943267364186303,0.8034562226094208,0.8438195413216565,0.8155856001785136,0.4343672259250474,0.7431708752992887,0.33340461058463955,0.9820705523038566,0.9124258967760259,0.705839831845315,0.8982096470613604,0.4187416933486139,0.7774665781182655,0.7431708752992887,0.7472507199209576,0.6771189167598237,0.7431708752992887,0.7549418684247668,0.844001792137208,0.5666469389389541,0.29322329040529027,0.46709744503862205,0.7431708752992887,0.9570566775972795,0.8491120419261797,0.8950048614873412,0.9933041081278662,0.8152789631530535,0.6691351857005545,0.9554295970305609,0.6275834520391181,0.8155856001785136,0.7295713707877449,0.8505797754604408,0.8414232580309249,0.6548757519111825,0.8946593642776817,0.49642090220313717,0.7434624060060921,0.8225734700092833,0.7551406423489795,0.7431708752992887,0.8373021566360079,0.6833136806112479,0.8974636560377428,0.7693246760294279,0.8643285330496473,0.7267226478792872,0.9270044142380987,0.9553007580573802,0.7804688175477105,0.8881730967101973,0.8590530004149179,0.8716025561676644,0.6022535694894002,0.7942832091190246,0.8907130648110556,0.6029824232890459,0.7988652819601523,0.8534003303067276,0.9567327957984204,0.7799175553548691,0.8320966261016478,0.880717431921823,0.7850121732289637,0.7457678481078371,0.921480181348305,0.7271793601633392,0.8800276452998836,0.671395631540554,0.9972557380978944,0.9324870860155796,0.9520723823488315,0.9556126702733909,0.924998161170655,0.9848155019412705,0.7937891208337405,0.8300250099277162,0.7510076394676355,0.6423025120155894,0.6468548021911562,0.9930349133233418,0.9788460466442103,0.7297700176379751,0.6477776410487995,0.7352352970522482,0.7665243135595915,0.30226094811878346,0.916111344855303,0.5951591602818133,0.689933091481969,0.7810366368150281,0.954830588697709,0.8155856001785136,0.9201335709009506,0.7336925166439656,0.7549052917047185,0.6222670629494587,0.8907130648110555,0.8121483958888884,0.9214801813483049,0.9276065414570318,0.7681353069279424,0.8096473470754217,0.7834491233257197,0.8950795038997205,0.8227168701728211,0.7079822296372038,0.33340820755476763,0.6609229261184333,0.7958167654209829,0.7958167654209827,0.6086191227620321,0.8768145539681584,0.7187846254299256,0.5430269831239811,0.7431708752992887,0.8624031815176507,0.7431708752992887,0.7431708752992887,0.5327602986858448,0.6742766833455953,0.6839771896298135,0.7431708752992887,0.49370059884002426,0.5393988557343059,0.7010071482798352,0.9857655850141627,0.5520951711597748,0.4905229102059212,0.8955607368060887,0.7592258368747491,0.5906932159518095,0.7365915155573495,0.8809128599882508,0.8115800187854458,0.9628246376746907,0.6454433876465075,0.6611005340708196,0.707982229637204,0.7621674053638962,0.8610880720503441,0.69819655721138,0.8298015015479603,0.6436133450657828,0.8155856001785136,0.7774744388032269,0.760489710713347,0.938857504533648,0.8183613504774256,0.6947561793233437,0.743237780477719,0.9024866330486784,0.7204004984525935,0.8278117313247267,0.7907957676628272,0.7365242011142299,0.8674070011286248,0.9400964113165364,0.6676547147349405,0.5961137230957401,0.8637076121118327,0.6991961788643088,0.7187846254299264,0.9448660774983942,0.5703698025145814,0.85103298326874,0.4313810367042131,0.7129220490303518,0.8907614131129442,0.3303153745888565,0.6684531376629628,0.5917615628792505,0.2961790555875563,0.7841656069034117,0.7383616417897563,0.671727993659164,0.7431708752992887,0.8225734700092833,0.9177035669169336,0.7999960359115466,0.6507350184789358,0.7365242011142283,0.8610880720503444,0.7129220490303521,0.3933428155266194,0.9971433890945817,0.46780418687589886,0.8451155112420425,0.3797892371185385,0.8427180104423653,0.4638027370792458,0.7535957327134988,0.982073696570638,0.7650406252903681,0.8180335093082518,0.7890915444598163,0.7556366787646206,0.9670518850172024,0.4605349390868727,0.43262118264608707,0.8560225025122667,0.5907020715935993,0.4869474734256096,0.7224847956737395,0.9163193526016034,0.8486402706645193,0.7517200521801013,0.5914007732610735,0.7424794094751991,0.8669961354666821,0.7348453828730819,0.3897383004730087,0.38090022166562765,0.8907614131129442,0.5932831744895501,0.9669773817779976,0.8116105678783474,0.8242234044238141,0.849800668452845,0.8181614063370239,0.7283226930189559,0.7518751153717149,0.9083675645342171,0.7903153174929474,0.845277818568596,0.8225734700092833,0.9657002157235461,0.7431708752992887,0.7425384340953405,0.545228961690388,0.7274709372500261,0.6886938936200016,0.7431708752992887,0.8127634595491479,0.44213241191182373,0.7480515877812748,0.9846729689118636,0.6254873296405825,0.6880441579889687,0.9013779344687761,0.8206273001841256,0.7806634085772366,0.9945566701063857,0.6418739439269227,0.698723115811585,0.8298015015479601,0.6211563493419043,0.9352297684985353,0.9064206691382037,0.7255413280751921,0.8907614131129444,0.7591784068245044,0.7895618251049048,0.8532920118076432,0.7716036057947147,0.8715497290124419,0.8306404201087898,0.8130180654091148,0.5496664093151278,0.8567149674919388,0.7431708752992903,0.808420729911583,0.4264423764009502,0.4793894830659544,0.7624534917969603,0.8539453617971724,0.7711810729293311,0.7624534917969603,0.7348453828730819,0.7043061423436838,0.7431708752992887,0.7449828491796286,0.6518285716782557,0.7431708752992887,0.7437893388895367,0.9315748795095116,0.8907130648110554,0.8155856001785136,0.8441816987551354,0.7810179711563532,0.7348453828730819,0.5122273081398785,0.7418026906930608,0.7434624060060929,0.610014041147703,0.7431708752992887,0.6386002534074322,0.9366990254581007,0.834393750030096,0.6414169729594694,0.6779326857616623,0.8373021566360079,0.8381090821523731,0.6813778305545802,0.9845194355277598,0.9896348402987898,0.8590530004149175,0.7380040207730592,0.8304634327989613,0.8503654733094677,0.854785990459035,0.8637086519058848,0.9927073567684068,0.771178284401794,0.8458639564984103,0.8635862356973367,0.6553389774710647,0.7431708752992887,0.9442907413333015,0.5562788688714451,0.8344672026399325,0.4838766744732479,0.7834491233257193,0.9615664311231344,0.6528233158405652,0.7267226478792872,0.5790708641316367,0.4477748925428542,0.7431708752992887,0.7431708752992887,0.6571169471386977,0.8505226163225217,0.7718741959378537,0.7246723853385553,0.6357869858773597,0.46724184798787816,0.4541276330881696,0.5031326528575557,0.7384796233518409,0.6370580561540574,0.7431708752992887,0.7277474996911846,0.8225734700092833,0.8094833764446487,0.3806433766156221,0.8373021566360079,0.7303958996145684,0.7431708752992887,0.7431708752992887,0.41763054164927027,0.8022278398026619,0.5074261961122362,0.7602000973042937,0.47018479995339924,0.6246411864244388,0.8219272501788121,0.8374714637752942,0.5972208151556226,0.5111301454052128,0.7431708752992887,0.6700460193353561,0.5014213422509605,0.8381090821523731,0.8907130648110554,0.7747470641409159,0.9070417425196724,0.8680182648425637,0.6792982568065469,0.810315890132605,0.6141496480964308,0.7431708752992887,0.5272293448809724,0.9250211202256047,0.9169551392814113,0.6754003943004818,0.5867619002576145,0.7284016423405424,0.6384233256384345,0.5109823703493177,0.7789783388157543,0.8943600046606217,0.7007965918140295,0.7449828491796289,0.8451155112420421,0.8261339910939507,0.6754836127321646,0.5874569895095458,0.7695919367481671,0.7348453828730819,0.9062269597228132,0.8525034332144854,0.8550303818014757,0.8172174645209593,0.8094833764446483,0.744039764321804,0.8844221790552503,0.846952777749949,0.7048884863396543,0.6537537563048295,0.8915197571609397,0.7715834556054183,0.8807174319218227,0.7841656069034117,0.6885931819159927,0.448637250016386,0.8286183577313591,0.8452778185685961,0.8525034332144859,0.8276212121890956,0.7517200521801015,0.5615899533699893,0.6402384291099095,0.7090237500557872,0.7676350921652655,0.7431708752992887,0.6099490258564229,0.9136463571360584,0.5112669117705305,0.7988652819601516,0.7939719872239424,0.811742647244956,0.7480061555266204,0.7431708752992887,0.43086629336697124,0.29334440483107205,0.9164441193333668,0.44964262340426264,0.5398401182587138,0.4634543228982668,0.8539453617971722,0.5144071962575353,0.6357869858773599,0.7616433550963391,0.6109997029114673,0.749175627816929,0.6232672675524444,0.8532920118076435,0.7952994429239268,0.8306404201087898,0.9615988400138036,0.8573934100284375,0.5843190611130412,0.7592258368747493,0.3244351409449189,0.7715834556054182,0.7624534917969603,0.6683058788642311,0.4596495492500554,0.8520019544124247,0.44356941106316294,0.40925571972679486,0.7431708752992887,0.38243975445362666,0.467833216978355,0.6982490754523112,0.7431708752992887,0.6165088686804586,0.9053460271509983,0.8373021566360079,0.6742766833455953,0.7348453828730819,0.6244631470987356,0.7849789482934835,0.9387056393832711,0.9564564483272331,0.9572757083961587,0.8183613504774261,0.29651901098894284,0.7431708752992887,0.7382621257064013,0.7431708752992887,0.7887187728537041,0.6698350577677707,0.8652534455408488,0.8094833764446487,0.7303037218429682,0.6847519310754602,0.9957842617236391,0.7577011921340284,0.7431708752992887,0.5462327618825595,0.59564171942319,0.6964105008638077,0.8503654733094679,0.9845194355277598,0.8853172535850606,0.9665703562547641,0.6345049841613637,0.8205519781023325,0.8827134789727613,0.43373907999354877,0.8205519781023325,0.7180664476795504,0.8225734700092839,0.5688755408298725,0.8205519781023325,0.8094833764446487,0.908434112134825,0.8103158901326049,0.6593747666952008,0.7958167654209829,0.7348690543808665,0.811742647244956,0.9535676072396229,0.6885444555819689,0.7665243135595915,0.921787927609955,0.7330847432450077,0.7624534917969603,0.7604897107133474,0.8410371286326688,0.6982490754523112,0.6500786864077999,0.7820210459542258,0.6615033083453006,0.643014807932351,0.8142858472151158,0.7810179711563532,0.8458639564984105,0.9325761371371122,0.9192825692784543,0.9474249368874276,0.8224959708134425,0.958893061355276,0.8853172535850602,0.8298015015479601,0.7193507786290989,0.8985134587392454,0.7719104502467538,0.8481577750798804,0.7283226930189561,0.601637431455678,0.8721393656035645,0.843601850697222,0.8306404201087894,0.9178606013499128,0.6705957834795406,0.8603059406537663,0.9586439283937928,0.9257562669922479,0.9928099013964127,0.8369063566364388,0.7187244540012832,0.8646359779102974,0.8620437945748276,0.85727092324838,0.9193292627563923,0.790762800069701,0.8465138832911396,0.765850872688635,0.7465845873428995,0.85103298326874,0.9172245874626137,0.9655473685166346,0.8155856001785133,0.8381090821523731,0.8354132331965359,0.8643285330496464,0.9064206691382042,0.9733843622602069,0.7349962227493649,0.9111844887098648,0.8433079947733282,0.843307994773328,0.6480180771332995,0.9476492639557947,0.6379027767414542,0.9724659055822086,0.6537177415081986,0.7664404416746766,0.8298015015479601,0.8827134789727613,0.916593295513447,0.9260028390811283,0.7988652819601516,0.9308724442911867,0.8227168701728211,0.907110002901559,0.8298015015479601
p51_M,0.7776801902462469,0.8812890045220128,0.39861084377084144,0.9732707772590499,0.8972062142375332,0.972947370281771,0.8008082416379247,0.8124861973382037,0.8053438099485697,0.919497451312518,0.7683410254227849,0.893874003041377,0.8938740030413768,0.8952057237832751,0.8424272240284696,0.8754236261542429,0.9906464665714076,0.6785683150328035,0.9154363928771068,0.9662454225678805,0.5667225768871849,0.7784845942513499,0.9301958712095211,0.9775686491148363,0.7572532287816438,0.8613500083222565,0.8874458144092716,0.8554484876704809,0.9662454225678805,0.6733029645644699,0.9016383298312334,0.9489746595216717,0.5783349193326142,0.8357444190687309,0.9345140465701829,0.9506375116316127,0.6377278719738118,0.8843363349468663,0.9237472579920247,0.9435675694381715,0.4727046440572198,0.8640725290007105,0.9237472579920247,0.8475621973127889,0.9218460317966501,0.6881544980524122,0.61875815359627,0.7986186992005437,0.83001867885316,0.7810313952077224,0.9077810309891676,0.5592117864154253,0.8901051131125655,0.8812890045220125,0.8843363349468663,0.5865481802844217,0.8838798249719384,0.8972062142375332,0.8265459098940686,0.7212270937874563,0.8549398419556224,0.7249833586705876,0.8901051131125661,0.5586929494234276,0.9115378627127524,0.7767529296214899,0.9489746595216719,0.7966520010646088,0.6494866078256933,0.9600784247075336,0.9177717604357047,0.5753032081809082,0.8972062142375332,0.6989384793145241,0.8972062142375332,0.2738619188075492,0.8414215893610528,0.8968355718577379,0.8896199006103993,0.9729473702817708,0.8782989718810938,0.9547121989998629,0.850788759349866,0.621058105452186,0.8972062142375332,0.9077707508606776,0.9068304302001382,0.9765059822327862,0.9445900544101202,0.8938740030413763,0.8972062142375332,0.8425582272843297,0.7747573908437807,0.8118238203488386,0.8778660184810032,0.9068987683438507,0.8577416402970965,0.28634168333813315,0.63551360954282,0.6659644727675504,0.9396242454712691,0.9836644955542195,0.9345140465701829,0.7659905267665321,0.9280972145738942,0.5935012569881961,0.8924172972222855,0.6702956838116092,0.8724740464567164,0.703632001596338,0.881446379628938,0.8933070922890567,0.6904953921253871,0.8825227806517107,0.6585158886812214,0.6255366210635049,0.9874049319751843,0.9154363928771065,0.7318519559797518,0.748245478509882,0.8713626278266884,0.7680797190076105,0.9341861672503229,0.9550554140410146,0.9948744677261986,0.965072180202524,0.5992575240826766,0.8266808111288457,0.9248684892532348,0.8285035731719173,0.7425041232185348,0.8175468290210263,0.9901682880541756,0.9237472579920247,0.8874458144092716,0.7813987583278197,0.8512854451683001,0.8450571978158099,0.5978954266207863,0.8906229438722484,0.58697419077015,0.613022836133859,0.9748180097071371,0.8687571572639489,0.8524884293326296,0.8190804967023388,0.8038450782900288,0.6804057859886821,0.8586624125474209,0.7356160711536648,0.919497451312518,0.8098765737128346,0.9553561375143156,0.6004309409252575,0.9077810309891681,0.8869641315110044,0.8084835733999576,0.7171076612044485,0.9228855407164511,0.8274958281473019,0.7390863922233304,0.9041490253843172,0.8668322994400732,0.599758065280739,0.0,0.8308992056894287,0.8446029140705367,0.5371958730818758,0.7701296128142121,0.7555438117541251,0.8691840392913504,0.5623534738424569,0.9953686659705989,0.7655383184510562,0.9627735504677538,0.9983830570104646,0.9600784247075336,0.7938674819676823,0.8635905304363203,0.8513910795802992,0.9664617103403201,0.8953918140723784,0.9396242454712691,0.8938740030413768,0.7860989438495034,0.9978288983914337,0.7127553819965817,0.8881312461549586,0.8812890045220123,0.8983937830153468,0.9259093040850026,0.9604928957239958,0.5042118234395043,0.6226894800973939,0.8324082078342281,0.8972062142375332,0.9006279533325656,0.8906229438722486,0.8202747130292047,0.5261588639936983,0.8015403392332585,0.8938740030413768,0.8972062142375332,0.34659817048520736,0.6387318413161176,0.9662454225678805,0.8972062142375332,0.6794913845714061,0.8285035731719175,0.7901425447676471,0.7283091399878282,0.7901880893127253,0.8938740030413768,0.8972062142375332,0.7790182081257525,0.8972062142375331,0.8630577372518524,0.6327989901849747,0.6101840520458175,0.8972062142375332,0.9224097476874835,0.8972062142375332,0.6684146251366403,0.9485085979047316,0.8554484876704809,0.323122910719275,0.9836644955542195,0.600976873662044,0.8906229438722482,0.7972661213634321,0.8753619326452879,0.8549398419556211,0.9329579903331779,0.8379435935133334,0.927444454880817,0.8393889130131171,0.7992446077919153,0.7131425355793004,0.8477397874247667,0.9043083694549344,0.828503573171917,0.8874458144092712,0.8473011978605325,0.8906229438722486,0.8972062142375332,0.8030927455898653,0.8972062142375332,0.7279280195848981,0.9256628667621531,0.9077810309891681,0.8533836626942162,0.600976873662044,0.9006279533325656,0.8982459135680179,0.6029729267976272,0.8244831199575433,0.961082845075214,0.719148193478701,0.9041490253843174,0.8148317561568916,0.5709584875423888,0.7360922140422574,0.8938740030413763,0.9543462946456165,0.7812880472485186,0.9237472579920247,0.846875972307072,0.9857394399572637,0.8933070922890567,0.8354187800877535,0.8221668883955393,0.9077810309891681,0.6934415191357757,0.8312337883070489,0.7908174933909364,0.5935012569881961,0.720247483891665,0.8501651104145755,0.8668322994400732,0.8663112358292615,0.5935012569881961,0.6901669316307937,0.7379434390048873,0.9115378627127522,0.39478807011337436,0.8431623547994249,0.9439067604692684,0.8379435935133335,0.6904953921253871,0.650654373361948,0.6187581535962698,0.8573045641059758,0.5380290349367678,0.9600784247075336,0.9949399704721877,0.7063431845071195,0.261457165044102,0.8045242368797136,0.9154363928771068,0.8972062142375334,0.9435675694381718,0.9259093040850028,0.9489746595216721,0.6481791472953868,0.7941789388239802,0.9439067604692684,0.6602083650716593,0.8308992056894287,0.5087807105838502,0.8167606965311027,0.7659352327632296,0.7414725045688013,0.8582997755160724,0.9528849700831623,0.8359593153398781,0.919497451312518,0.8053438099485697,0.9870066061767572,0.8630445156224058,0.8285035731719173,0.8593907404350047,0.9765777693608292,0.8972062142375332,0.9077810309891667,0.8470713563926688,0.8613500083222572,0.5935012569881961,0.9543462946456163,0.9301255045824546,0.8972062142375332,0.7572532287816436,0.9154363928771068,0.972947370281771,0.8307185934056975,0.6983840134857009,0.8965748830334175,0.9077810309891683,0.7129683021185396,0.49882484822795503,0.8724740464567164,0.8843363349468667,0.7272290726502021,0.9439067604692686,0.8608453411778028,0.5351726567644518,0.8812890045220123,0.9124674060068623,0.9237472579920247,0.621714084955999,0.8357444190687313,0.6147579680641693,0.7341517943295626,0.9301255045824539,0.8663694048251629,0.9859387858531448,0.6581013920600918,0.6767731687524572,0.5147871609465791,0.8972062142375332,0.7217283182191254,0.8333125033847859,0.8381959666424068,0.8936739225369431,0.919497451312518,0.7383935365719747,0.8972062142375332,0.8972062142375332,0.8586624125474207,0.8275079650593447,0.8573096550245742,0.8972062142375331,0.9662454225678805,0.8972062142375334,0.8691840392913502,0.1907414521705726,0.6387318413161174,0.9535624564318681,0.8456795858023058,0.8753619326452873,0.504156254841496,0.5612265564001409,0.8972062142375332,0.2707088269182786,0.8308992056894287,0.6120300836673545,0.6494866078256936,0.8380352309194489,0.7730604998282451,0.6585158886812215,0.6355652967184571,0.8972062142375332,0.5411076041607394,0.9476153226931836,0.9290582114502124,0.7946783148560324,0.9390983012237013,0.47460184055240096,0.9179193815543989,0.8972062142375332,0.8108183798177355,0.6531579622349599,0.8972062142375332,0.8720366844088263,0.6490862941719919,0.4682688893875747,0.5251020903064704,0.6481791472953868,0.8972062142375332,0.9343270989827941,0.7613844151868963,0.9543462946456163,0.9438773065621795,0.83520830503626,0.8576091094058842,0.8144538679399587,0.999745638157738,0.6585158886812212,0.8582078591710318,0.7702277461203109,0.8999138703842933,0.7020552403740377,0.8009415623115821,0.33495523386258896,0.960477872034748,0.6390890551532901,0.9476153226931838,0.8972062142375332,0.9506375116316125,0.7191085679824869,0.7028817629976432,0.8782989718810938,0.8170407335827641,0.8906229438722484,0.9084329271986311,0.9839610029940282,0.8906229438722484,0.9425462450985707,0.9345140465701831,0.9797685521491151,0.30365845784813417,0.8053438099485695,0.9154363928771068,0.7063065737533574,0.919497451312518,0.881289004522013,0.8696318695590659,0.8875927269768686,0.9672955795804573,0.919497451312518,0.6477398350581153,0.8799977696515331,0.863067171309865,0.8640725290007107,0.5582051113673951,0.5152387869666847,0.9041490253843172,0.7877417492951894,0.839388913013118,0.6782316684962635,0.8668322994400732,0.8608859893546703,0.9104226084898324,0.8482212456214522,0.760769088466402,0.8438256692728756,0.9863635759463225,0.9218460317966501,0.9498640144534811,0.9357705907751432,0.8431623547994254,0.8668322994400732,0.8696318695590659,0.5182535882324192,0.9610828450752141,0.4287699589114875,0.8668322994400732,0.8557287226598164,0.8392978284748267,0.9041490253843174,0.9700517853314718,0.5535768750112042,0.9325901666859748,0.7963947603300137,0.9154363928771065,0.94177374188857,0.7810313952077226,0.9115378627127524,0.9972558204432054,0.8874458144092716,0.906152881266457,0.9489746595216721,0.9154363928771065,0.9016383298312334,0.4933587856308723,0.5574270398397261,0.7073594800067693,0.70735948000677,0.6589020925042144,0.9939583421541553,0.8874458144092712,0.8873695741215468,0.8972062142375332,0.6175693860257454,0.8972062142375332,0.8972062142375332,0.6823494400932677,0.8696318695590657,0.9110471853959474,0.8972062142375332,0.6143236262488391,0.6716227047619487,0.8527933965694763,0.7370081786820986,0.25131340844728,0.502908346054928,0.8496721201701201,0.8910499671954715,0.6760244055494278,0.8843363349468663,0.8513910795802997,0.9115378627127524,0.8333125033847861,0.6147579680641693,0.7084830363703274,0.8312762491198606,0.8843363349468663,0.8906229438722486,0.9072192650096551,0.9115378627127524,0.9576487532633992,0.6585158886812214,0.7986186992005431,0.875361932645287,0.8933070922890565,0.6458561172372939,0.7452917271920134,0.8380352309194489,0.8098765737128351,0.8696318695590659,0.8889850942302335,0.9041490253843172,0.8753619326452884,0.9006279533325663,0.8613500706647734,0.7106203762852263,0.6460181311147762,0.9077810309891681,0.7764054763393151,0.8874458144092714,0.9536227451579524,0.6559845174138041,0.99737149233539,0.6120300836673545,0.6618205762896628,0.9237472579920247,0.5514539806307988,0.723500157780177,0.8690606617940704,0.5578023015899058,0.9382989277549898,0.9030588536553079,0.7811496992694233,0.8972062142375332,0.6390890551532901,0.8308992056894289,0.8972062142375332,0.5639676888536698,0.8753619326452873,0.8906229438722486,0.7701296128142121,0.5913289989990491,0.8999138703842935,0.6693253632348515,0.8000147211553106,0.662675900906085,0.9104226084898324,0.7845131893340225,0.8906229438722484,0.9515024281619318,0.6730373170321498,0.8527933965694763,0.8668322994400735,0.6113704916727376,0.7573871924904234,0.5384778189650723,0.7775436703015051,0.8859462632868753,0.6582821252725037,0.456435071203525,0.9283468719361239,0.919497451312518,0.9033301068535198,0.9006279533325665,0.5820642465163621,0.8470713563926691,0.8451211616250578,0.8938740030413763,0.576332509611768,0.47242048294338257,0.9778525174284827,0.8512854451683001,0.9041490253843172,0.8829513350353801,0.8008615645947872,0.5512362052323654,0.8226712151778663,0.8312762491198605,0.9033301068535198,0.8216475390937124,0.5755992057703505,0.9301255045824544,0.5978954266207863,0.9237472579920245,0.8972062142375332,0.860845341177803,0.5452051523753421,0.8524653924518641,0.8635905304363203,0.8972062142375331,0.7637940067492197,0.6950735234834494,0.8774714760770146,0.8431623547994256,0.24159752028809311,0.9245940033864735,0.8371019234157808,0.6308501566820497,0.7621114662955953,0.8098765737128346,0.6977551460134603,0.7115526818703477,0.6175693860257448,0.8670676733891094,0.856007614722273,0.9439067604692684,0.8770832199670355,0.9237472579920245,0.9357775636249703,0.9259093040850026,0.972947370281771,0.5606602255910765,0.8560076147222733,0.9345140465701829,0.7406929932671722,0.26882285017264773,0.915436392877107,0.8972062142375334,0.9068304302001386,0.6113704916727376,0.664319507966936,0.9301255045824539,0.9274444548808167,0.9562462491840285,0.9301255045824539,0.8938740030413763,0.8608453411778026,0.8972062142375332,0.8874458144092712,0.8576091094058845,0.8972062142375332,0.9263174666267615,0.8196280540559877,0.9154363928771065,0.6585158886812212,0.9115378627127524,0.9006279533325661,0.8938740030413763,0.7050022555170368,0.7837355750231825,0.8696318695590657,0.7291792693085828,0.8972062142375332,0.8576091094058844,0.9041490253843172,0.6870289466597688,0.6465134656545346,0.8875226134880515,0.9154363928771065,0.9390983012237013,0.8724740464567164,0.8527933965694763,0.9033301068535198,0.69240763010332,0.8527933965694763,0.9434729382409754,0.9016383298312336,0.8767651543517687,0.9932064816839525,0.9600784247075338,0.8869641315110044,0.6585158886812212,0.8576091094058844,0.731485305466107,0.8972062142375332,0.9718218789028326,0.30263551911981745,0.919497451312518,0.6533710246353832,0.6997515769421838,0.9104226084898324,0.7107312362596074,0.8906229438722484,0.6413364911775694,0.6442195185633666,0.8972062142375332,0.8972062142375332,0.8261247088378547,0.9084117505153191,0.8470713563926691,0.7456365189342833,0.6869427110255242,0.6883158875326761,0.45957982869743286,0.6753948141440862,0.8933070922890565,0.7028817629976432,0.8972062142375332,0.7986186992005431,0.6390890551532901,0.9237472579920247,0.6580302323971333,0.5935012569881961,0.7083080503210666,0.8972062142375332,0.8972062142375332,0.6225360728658937,0.9345140465701829,0.6228613217484549,0.6526106040319475,0.6525841304211,0.4082134150325638,0.8533836626942155,0.9241432472298107,0.7320643435571488,0.763538158354111,0.8972062142375331,0.8770832199670353,0.6799562575902209,0.5992575240826767,0.9154363928771065,0.8698017393569921,0.8206309052843614,0.8190804967023388,0.8581319192100829,0.9006279533325658,0.3593725220496413,0.8972062142375332,0.6658207115023305,0.8333125033847859,0.7963947603300132,0.9771303004174355,0.5815623784503966,0.8812890045220128,0.8746394085758458,0.9101905285822337,0.9115378627127522,0.7143519633255346,0.7392596376796217,0.8874458144092716,0.8467626924106707,0.8691840392913499,0.8901051131125659,0.7680116546849145,0.9077810309891676,0.8938740030413763,0.9572016853100607,0.9953686659705994,0.9013730433645943,0.8663694048251629,0.9237472579920247,0.9013730433645943,0.9237472579920247,0.9237472579920245,0.955024894994716,0.8381959666424068,0.789769937370566,0.8972062142375332,0.8467626924106705,0.7784845942513501,0.8753619326452875,0.9218177971039782,0.5447518727250827,0.893874003041377,0.9396242454712691,0.7853884327096379,0.9006279533325656,0.7642588396282409,0.8333125033847861,0.906099744046555,0.8553371505827156,0.8972062142375332,0.8220492832587936,0.9908702887645178,0.767070731065906,0.919497451312518,0.8640725290007103,0.8668322994400717,0.9212073119136903,0.8972062142375332,0.6531579622349599,0.5352721024388417,0.8668322994400723,0.6394521097713519,0.6989384793145246,0.6703168171540073,0.6390890551532901,0.6401272826510156,0.9098962883934767,0.7294546407423266,0.6416449831564492,0.9604778720347484,0.9419420934501516,0.972947370281771,0.990759872859976,0.8972062142375334,0.8856764594407631,0.971869288401755,0.673826179677318,0.8690606617940697,0.5222315314055108,0.8972062142375332,0.9301255045824539,0.7314853054661068,0.5998118947370515,0.8945034259218907,0.5960258411067729,0.5632760923731932,0.8972062142375332,0.620080184449771,0.3381378955367539,0.8691840392913499,0.8972062142375332,0.7268712152996124,0.9515024281619318,0.5935012569881961,0.8696318695590657,0.8938740030413763,0.6231436492006693,0.890105113112566,0.9113202714816242,0.9396242454712691,0.8373787539839572,0.8881121238391148,0.5155595367550981,0.8972062142375332,0.8533836626942157,0.8972062142375332,0.9154363928771065,0.9640451837220372,0.7659352327632296,0.9237472579920247,0.9320205367432779,0.7707678685288435,0.8076049081535595,0.7925340623136248,0.8972062142375332,0.7106400457050396,0.6706863335968964,0.7982934290400743,0.9016383298312334,0.6614101354793429,0.9489746595216721,0.6977335385954049,0.8456795858023052,0.8799977696515333,0.7832070366225143,0.5954245663917568,0.8799977696515333,0.688447324345925,0.9077810309891683,0.28126253475733265,0.8799977696515333,0.9237472579920247,0.8613500083222572,0.9006279533325661,0.8754236261542434,0.9301255045824546,0.8983937830153461,0.8965748830334173,0.7810313952077226,0.5156711950939892,0.8999138703842933,0.8261247088378547,0.8586624125474207,0.8938740030413768,0.9068304302001389,0.7492094334170973,0.8705991157893997,0.6536485370053933,0.6794913845714052,0.8449833193436886,0.5207244367840628,0.8586624125474207,0.9390983012237011,0.6585158886812212,0.8663112358292608,0.9100137463466735,0.8445053672263491,0.9907068309121403,0.8635867406865279,0.6390890551532902,0.6175693860257454,0.8760279929382102,0.8778660184810032,0.9304863473395246,0.8829513350353804,0.8579847912247512,0.8243905244522505,0.9033301068535196,0.8456795858023047,0.6924076301033198,0.8714895795795237,0.9028101767361295,0.914433497548216,0.7986186992005437,0.7498413012819696,0.9115378627127522,0.9634482040586927,0.881446379628938,0.8613500083222565,0.8874458144092716,0.7701296128142121,0.8178918366715657,0.8706690067296852,0.8606185527495529,0.7683410254227847,0.890064265426534,0.893874003041377,0.8421741408504806,0.7882224373661175,0.9041490253843172,0.6761982198649465,0.7901425447676469,0.8533836626942164,0.9041490253843174,0.9649227264161171,0.7594963553186129,0.8288387774405557,0.996482024510511,0.7212270937874569,0.677227122324042,0.8965748830334173,0.7571211463821036,0.9041490253843174,0.7148882326744324,0.8059992810331444,0.6175693860257454,0.7832070366225143,0.8640725290007105,0.9006279533325658,0.919497451312518,0.7878850887208404,0.9154363928771065,0.7970442113732894,0.617569386025745
p51_T,0.923159657455064,0.9443995409534847,0.8691607054841807,0.9164949062751404,0.9164419655193168,0.7770312045318656,0.6492295130169011,0.7206562513610713,0.8417697283979713,0.934561854210183,0.9010728262563201,0.913733309388403,0.913733309388403,0.6452171808592658,0.6873253311116845,0.8573615701009305,0.9719504864824021,0.9872201163229497,0.7067645644578285,0.7946878175844501,0.9762409920253641,0.8097047395623013,0.8955112082646185,0.9192233962368055,0.8534693254392713,0.8872955140291616,0.5336316937031143,0.8625429553264603,0.7946878175844501,0.6837392609663967,0.9384986992079645,0.9250379219402804,0.905980420499302,0.871839795050154,0.9596571364772952,0.8101859061354617,0.9192233962368055,0.6661129682981466,0.9380163966266191,0.7542758713644035,0.7670897636607661,0.9233721476659593,0.9380163966266191,0.8567411419143387,0.9085080245777923,0.611992654600209,0.9220855717829912,0.861388120972193,0.5247946919816242,0.8220068840377226,0.9250379219402804,0.845957911051546,0.8872955140291616,0.9035033355391051,0.9448810215177159,0.9475238565788602,0.5359080104130426,0.9164419655193166,0.9445038022867285,0.9110906193450523,0.8454542782771104,0.9300900620381656,0.7796224783248791,0.8593962429851332,0.47686740533709315,0.8450271693045464,0.7886646030085598,0.8651641418574885,0.85950845696865,0.9312607396704553,0.47456039562194674,0.9506768980005937,0.9164419655193168,0.7148952917141549,0.9164419655193166,0.8593611498612634,0.9351366270846038,0.8384564219662863,0.7475141384270301,0.8910121640684717,0.9010728262563201,0.9359879063473192,0.8076425707067559,0.8872955140291616,0.9164419655193166,0.6180073508895101,0.9555096729069269,0.7348183985081473,0.8496083480183549,0.913733309388403,0.9164419655193166,0.29900856306307855,0.5244606974532662,0.7612950419868552,0.8787105864554916,0.8363030843630054,0.3835504668413311,0.8613707440299998,0.7227253438649508,0.7587727771577899,0.6327645353520615,0.7555434814691347,0.5649759829849434,0.6374032682442397,0.9590047075991001,0.9312607396704551,0.6262273399505058,0.6852242865872802,0.9320797389103181,0.7185724959671098,0.39244091371167,0.8895085707332924,0.9452454852094878,0.5058751574736622,0.9220855717829912,0.8847091035901706,0.8303266983229273,0.9829714105092717,0.9380163966266188,0.7665073280695918,0.8843101430924514,0.2938080844307024,0.6390183897888612,0.937750963028122,0.9539119155583538,0.6162642042220312,0.9192233962368053,0.8962632355928388,0.8763087891966076,0.88873150110704,0.8123397874644109,0.922085571782991,0.9250379219402804,0.9380163966266188,0.37424304178337353,0.8372920266171273,0.8010551050442438,0.88409709469228,0.9250379219402802,0.9110906193450523,0.6659062605484554,0.934561854210183,0.7303137731952762,0.5426907677399088,0.4426795533501301,0.8529358756208605,0.8715871553037837,0.7402112962753109,0.885110846748371,0.6211075561134507,0.7946878175844496,0.8454542782771097,0.7058912128571115,0.8719206013775156,0.9727541677821403,0.8851108467483713,0.5914375382791067,0.7514805211366105,0.7852614552901729,0.36263216649570496,0.6232367910843328,0.922085571782991,0.891751906668637,0.6746551444348232,0.8308992056894287,0.0,0.8339835457159881,0.9589999745462268,0.9100752707392668,0.805122541654671,0.9767788452564458,0.955724889671401,0.8829528399528481,0.6681139725352028,0.779856447842131,0.47001625286299387,0.8101859061354617,0.8087102574521299,0.6902924696881556,0.7946171004168204,0.8548326693528032,0.9100550701129242,0.9798093648918664,0.913733309388403,0.7888626210814839,0.509538076607878,0.8281717491405745,0.8381178223146548,0.9035033355391051,0.8745574900762874,0.9110906193450523,0.8674433656039866,0.8922591610027578,0.7470869077331592,0.84545427827711,0.9164419655193166,0.9192233962368055,0.5984259640418201,0.861388120972193,0.9241357053368235,0.8695195625728145,0.913733309388403,0.9164419655193166,0.8902865748560675,0.9329120654253331,0.934561854210183,0.9164419655193166,0.7452506409694465,0.8605956163602337,0.8132249165650078,0.785261455290173,0.6904996549084417,0.4144014060836301,0.9164419655193166,0.7834603998983649,0.9164419655193166,0.9918040510987136,0.9712965447150965,0.9590685666003327,0.9164419655193166,0.8753779015253755,0.9164419655193166,0.7452952346712167,0.8999561688633484,0.5971649484536083,0.9847563445133288,0.6173845042914743,0.6421442870036256,0.9110906193450523,0.755203743500272,0.8986853937484476,0.684758267628512,0.7327504107892782,0.9590660346082052,0.9250379219402804,0.8593962429851335,0.8438537352691284,0.956291281646531,0.95364561559469,0.860595616360234,0.8605956163602335,0.9483551875577274,0.33969080580737065,0.9110906193450523,0.9164419655193166,0.8399399046211,0.9164419655193166,0.617944250394439,0.7173661124376682,0.9727541677821403,0.8808199067953637,0.6421442870036256,0.9192233962368055,0.8586619077554181,0.9678215615187198,0.4112364960834909,0.9128766367598276,0.7924637524647542,0.9220855717829912,0.4133336768314141,0.8536428080204495,0.7437573713597798,0.913733309388403,0.9280917395652362,0.5308184855286384,0.9380163966266191,0.7258618072515546,0.7258618072515544,0.9233721476659593,0.8301808931874113,0.39779549727347874,0.9250379219402804,0.7508076590000272,0.666582175093344,0.9870614071525806,0.9312607396704551,0.7378188810569624,0.9742562760554513,0.5225634575856127,0.8585821730786511,0.9312607396704551,0.8368062098372704,0.6942244279903331,0.972734784585152,0.9942488608628749,0.6150752113686129,0.4792255271138136,0.9246323126477256,0.7013441631146908,0.9110906193450525,0.9220855717829912,0.922085571782991,0.6038592912287091,0.7584752352966446,0.6872692000324525,0.7612950419868552,0.8573615701009305,0.9193554157059868,0.9136072478130949,0.5217608120269648,0.8198419226166266,0.6801732001440082,0.6455158654829797,0.6933511769334473,0.8574165634704995,0.9858084434319019,0.9834599236267052,0.8625429553264603,0.6421622375354441,0.8510501785307241,0.8097356591508627,0.5207410703151578,0.6534633690785279,0.7684080679196978,0.4082391276369912,0.7946878175844495,0.8931170028100022,0.7405377519433767,0.8136889686781195,0.8605956163602337,0.69343860113905,0.922085571782991,0.9164419655193166,0.9250379219402802,0.7270513661976159,0.5464650729727076,0.9312607396704551,0.9280917395652362,0.9183003694796051,0.9164419655193166,0.8963379163019165,0.9312607396704551,0.9380163966266188,0.8529358756208605,0.8516112101810753,0.31585123320475905,0.9250379219402804,0.7258618072515544,0.742528721517018,0.6747602123972631,0.9059804204993023,0.4941642101982937,0.9220855717829912,0.8664814862756913,0.7067671615317508,0.9035033355391051,0.8529358756208603,0.9380163966266188,0.6329411372931586,0.610161076375998,0.6533465318931659,0.8524089975425965,0.913733309388403,0.8615796728624059,0.66086985544405,0.6825825229535525,0.7033228234664022,0.5579698928237231,0.9164419655193166,0.7595534342549881,0.8645046537943692,0.5726302687891944,0.962999347766924,0.934561854210183,0.7455249696999711,0.9164419655193166,0.9164419655193166,0.885110846748371,0.841769728397971,0.40689647468153745,0.9164419655193166,0.7946878175844498,0.3921152991530301,0.49450733340600217,0.8799977696515331,0.7842519392715941,0.9164419655193168,0.17899721997722917,0.8986853937484474,0.6373443185298877,0.6957200807516382,0.9164419655193166,0.8494541037919074,0.45498281786941597,0.6511315617130489,0.6555492431819092,0.8745574900762874,0.4232811347291222,0.9681385641755447,0.6831702677637468,0.9164419655193166,0.606375476643138,0.8872955140291618,0.8301057443756881,0.662619317566023,0.9192233962368055,0.6403548016203803,0.8606159733902158,0.9164419655193166,0.8291101870432285,0.6973636896991849,0.9164419655193166,0.8745574900762874,0.965123709825871,0.8653388829316983,0.5665393807911387,0.693351176933447,0.9164419655193166,0.785341470137108,0.8855900773472691,0.9280917395652359,0.618177757769488,0.6799736659075966,0.8473098920648874,0.8491750256551862,0.46383321184812853,0.9220855717829912,0.8326941341927288,0.8132249165650078,0.8940275945888625,0.7578094987600381,0.685731491226589,0.8907008422539298,0.8940275945888625,0.9250379219402802,0.34661586838513214,0.9164419655193166,0.9312607396704553,0.5805571688558482,0.9752133492858162,0.9010728262563201,0.8808199067953635,0.9110906193450523,0.8365053071353656,0.9192233962368055,0.9110906193450523,0.9382829336530907,0.6081911539429217,0.9035033355391053,0.9567832542376515,0.6190838902757028,0.982971410509272,0.7472891252000984,0.9345618542101832,0.9035033355391053,0.8955112082646186,0.7100139298265031,0.7732535062261449,0.5780875550201561,0.9133167700855673,0.8625429553264603,0.8216480269490889,0.9233721476659593,0.8986853937484474,0.890882108054192,0.8015964738616884,0.8664814862756911,0.7172878978802193,0.8416717273147609,0.763727719363275,0.9340990416559534,0.9382829336530907,0.8766235303260079,0.497677290165756,0.7000257897792725,0.7681484276916442,0.971950486482402,0.7697555580912283,0.6367049217568165,0.8725113072902908,0.891751906668637,0.8940275945888627,0.5608512995015272,0.9382829336530907,0.8166204308597431,0.891751906668637,0.8299096514248946,0.6510360782094318,0.6634374966840282,0.6386334534347928,0.936196232170527,0.5605086847432745,0.8344953100948598,0.9312607396704551,0.8009636575847308,0.8457632233052685,0.6752143570363167,0.9478522336769759,0.5734788566830498,0.7727146715827269,0.9250379219402804,0.9312607396704551,0.9377509630281219,0.7699177660091656,0.8675688463045337,0.9602919497626032,0.918300369479605,0.7093356001992306,0.8473098920648876,0.9085080245777923,0.6504883434969879,0.9164419655193166,0.9280917395652364,0.9164419655193166,0.9164419655193166,0.7208140366012072,0.8940275945888627,0.4938594236319287,0.9164419655193166,0.7052939966250544,0.7526189653089987,0.8605956163602339,0.5539046676655861,0.8494541037919074,0.9632479262082517,0.6447575274817183,0.8399399046211002,0.7562824401099406,0.9059804204993023,0.8132249165650078,0.9280917395652364,0.8645046537943692,0.7645848236463044,0.763034464408584,0.6593127030593167,0.905980420499302,0.9519642373961463,0.6677179799328161,0.7743878328859292,0.5125957360625175,0.9220855717829912,0.5365710004073039,0.8986853937484474,0.8057192368727057,0.929104460779949,0.7708277232891028,0.7285460980106717,0.8454542782771104,0.8940275945888625,0.8684742769407379,0.9220855717829912,0.8986853937484476,0.6351590063362382,0.9143558464851285,0.7647718449416712,0.7529015929661758,0.9727541677821405,0.8254359480882931,0.9085080245777928,0.9893006839238485,0.6417161846042378,0.955724889671401,0.6511315617130486,0.8787105864554916,0.777031204531865,0.5883654477777838,0.7472891252000984,0.8399399046211,0.6310307451314752,0.8461559728984578,0.8473098920648876,0.9417406637775505,0.9164419655193166,0.9250379219402802,0.8909793814432989,0.9164419655193168,0.7092987285204408,0.9351366270846035,0.9110906193450523,0.7762778864229809,0.5824077495368234,0.999258193162122,0.697363689699185,0.9887119198512566,0.6324269178883944,0.9010728262563201,0.8014764813447879,0.9110906193450523,0.8606159733902153,0.8408936728223517,0.6329584581972489,0.62591956977604,0.9729956859904496,0.8251424950065194,0.6340865302482993,0.77516142635633,0.7555381423060845,0.7415433094883435,0.813098211648525,0.8766235303260079,0.7405377519433767,0.5675347445720574,0.9192233962368055,0.9321178078107539,0.8654110063376459,0.8237753987296021,0.913733309388403,0.6647649875290229,0.6712572667054372,0.8340216843001685,0.8900426188690482,0.9220855717829912,0.7042553501088636,0.8530927835051542,0.8895085707332926,0.8381178223146548,0.7830630408232299,0.8963379163019163,0.8326941341927289,0.9010728262563197,0.913733309388403,0.9250379219402802,0.7770312045318655,0.9164419655193166,0.8955568994617085,0.8634156265412213,0.6825825229535525,0.4843836181149729,0.9164419655193166,0.8079951197225061,0.5431680514460135,0.8715535812823532,0.5849332418779605,0.893117002810002,0.7266226698789058,0.8045211086206911,0.6468154348597622,0.8964863222730702,0.6847582676285127,0.7543140789719041,0.8728146231086596,0.9280917395652364,0.6761091627645239,0.5359080104130425,0.922085571782991,0.464143149716411,0.9950068763949222,0.8808199067953635,0.5984259640418201,0.9380163966266191,0.9035033355391053,0.7296210602910794,0.7810518377748348,0.8653388829316981,0.8553715264125035,0.982971410509272,0.916441965519317,0.8986853937484476,0.6375707316850994,0.6933511769334473,0.913733309388403,0.9250379219402804,0.9085080245777921,0.913733309388403,0.913733309388403,0.8955568994617082,0.9164419655193166,0.9085080245777921,0.8473098920648877,0.9164419655193166,0.6603716071728485,0.6130939516216322,0.9312607396704551,0.9220855717829912,0.9280917395652362,0.9192233962368055,0.913733309388403,0.6088737236969741,0.7665073280695918,0.8940275945888625,0.7384325449374187,0.9164419655193166,0.7051967551481968,0.7555434814691349,0.9262039440654459,0.6604249899121903,0.40728994124495255,0.9312607396704551,0.8134060453070213,0.8963379163019165,0.9450032706006533,0.7462438576140663,0.9164419655193168,0.8605956163602337,0.6829553910591168,0.7211878719412733,0.7348629285023351,0.7640362071727458,0.982971410509272,0.3936625894771789,0.9220855717829912,0.7841661703458875,0.7402112962753109,0.9164419655193166,0.8242670087328132,0.8514182268237762,0.934561854210183,0.5045883265641423,0.9085080245777923,0.9010728262563201,0.7303137731952762,0.9110906193450523,0.6748592951704696,0.6642421092994151,0.9164419655193166,0.9164419655193166,0.8586619077554183,0.5630920655089708,0.6761091627645237,0.9070155544436815,0.7455249696999708,0.566539380791139,0.851064786350952,0.6893051960971961,0.5009470444787028,0.6923036463066834,0.9164419655193166,0.8613881209721928,0.9250379219402802,0.9380163966266191,0.5244606974532662,0.9312607396704551,0.7415433094883432,0.9164419655193166,0.9164419655193166,0.6466638918783421,0.6946214958588781,0.7712058882557968,0.9555096729069269,0.6410294549517773,0.9911981596732264,0.9126333026427305,0.9662972267829532,0.7470982821298633,0.5210340806887903,0.9164419655193166,0.1265125327547334,0.7188967308975089,0.9192233962368055,0.9312607396704551,0.9285654998056467,0.8160022789255197,0.988153167758347,0.21551668786586065,0.9192233962368055,0.8094841827285861,0.9164419655193166,0.7340761166008651,0.589258017816392,0.83449531009486,0.6896967416281506,0.9055296718275332,0.9035033355391053,0.8436077083923401,0.4486290358464503,0.9280917395652362,0.7837905522090254,0.7734332188743889,0.9085080245777921,0.9345618542101832,0.8725113072902908,0.8872955140291616,0.7111642931719588,0.9250379219402804,0.913733309388403,0.795867570004575,0.8829528399528481,0.6610943429440554,0.8704839044326607,0.9380163966266188,0.6329584581972489,0.9380163966266191,0.9380163966266188,0.727051366197616,0.8684742769407379,0.8291101870432285,0.9164419655193168,0.9887119198512566,0.7368022728899881,0.8986853937484474,0.5212336973144042,0.9448810215177159,0.913733309388403,0.8829528399528481,0.8255485912247711,0.9192233962368053,0.6577399288706567,0.8645046537943695,0.7666034075409298,0.7286953991195018,0.9164419655193166,0.29900856306307855,0.9164419655193168,0.6727568446562899,0.934561854210183,0.9233721476659593,0.8917519066686372,0.5629096644286454,0.9164419655193166,0.697363689699185,0.5883654477777835,0.8917519066686372,0.699357843204327,0.7340761166008651,0.711164293171959,0.9250379219402802,0.7265306016045419,0.7653908270182042,0.9805197020271781,0.6896797506119654,0.7201268773091858,0.48701838166995925,0.9480026438367747,0.6499731449270125,0.9596571364772952,0.9315838513038124,0.9837570507471834,0.7544522969545062,0.8399399046211,0.5776303345578957,0.9164419655193168,0.913733309388403,0.7599337873149605,0.6470190386435902,0.9026959297776312,0.6511315617130489,0.6299738116686755,0.9164419655193166,0.6706441085897221,0.8067398777107783,0.7356430893312242,0.9164419655193166,0.7366498014329852,0.905980420499302,0.9312607396704551,0.8940275945888627,0.913733309388403,0.9862814096537198,0.9206037147937579,0.8499601285568918,0.8910486018561099,0.6728381673520458,0.9641813269710355,0.5721311259475717,0.9164419655193166,0.8808199067953635,0.9164419655193166,0.9312607396704551,0.5567513451864345,0.832553592781683,0.9380163966266191,0.8787105864554916,0.9140321405954518,0.8694906326534082,0.6150752113686132,0.9164419655193166,0.743399034987535,0.7055981959002167,0.9638768720072552,0.5355623652954042,0.9168673858538465,0.9250379219402804,0.8766235303260079,0.8745574900762874,0.8625429553264603,0.8237753987296021,0.6113543728821649,0.8625429553264603,0.932795246271596,0.45465088211553906,0.8573615701009305,0.8625429553264603,0.9380163966266191,0.47984867144351606,0.9192233962368055,0.8444007409507235,0.4563929863666275,0.8745574900762874,0.6948236445696578,0.8929170447517266,0.9731391553474598,0.8940275945888625,0.8865088771202732,0.885110846748371,0.913733309388403,0.8986853937484476,0.8222503582033496,0.6452171808592663,0.7574821715430863,0.9391389781483688,0.8548326693528032,0.9649412160698488,0.6887098201121805,0.9192233962368055,0.9220855717829912,0.9897678246180017,0.957913597632976,0.8808199067953637,0.8646729264257034,0.986813304018131,0.9250379219402804,0.9280917395652364,0.9446219998127121,0.8787105864554916,0.6701278554606536,0.9795019860868404,0.844938209705187,0.8995154056724097,0.639018389788861,0.8745574900762874,0.9164419655193168,0.9068306453752599,0.6692869309800129,0.8675688463045337,0.8864731575813807,0.8930802351117622,0.8239745708107344,0.8427643818641357,0.9494308298420426,0.8872955140291616,0.57347885668305,0.9958306764094075,0.8417925623315862,0.9398808686261126,0.9950055078658178,0.6896159923792047,0.8824756355091701,0.6243593074986196,0.8288413638669201,0.949440696611663,0.4331725347212605,0.9916530842778033,0.8132249165650078,0.8808199067953633,0.9220855717829912,0.7964694266407079,0.7751614263563298,0.9422624919479877,0.6392995820929143,0.9662885265016657,0.7240472647849545,0.891751906668637,0.5996958576148859,0.847649466254242,0.768241059434382,0.970439943744128,0.9776784774900422,0.8237753987296021,0.7379920830073717,0.8134060453070213,0.934561854210183,0.8444007409507238,0.9312607396704553,0.8995985578329665,0.9280917395652364
p52_I,0.9831626933046116,0.9230114979196562,0.843125088348402,0.9256748817505505,0.8612222667022575,0.980265590090454,0.8661763871906651,0.9052856497055342,0.7754811697235023,0.7133628952414195,0.8356963633835399,0.9486909276320881,0.8567235831170406,0.8542749023230833,0.9136916248431675,0.8776517818114496,0.9644061792743,0.8128142530789662,0.8858340936764977,0.9703808325082799,0.9128648413621816,0.8849533332175408,0.996750681705096,0.7437726155785191,0.8800187100542716,0.6522223995588009,0.8771354040135095,0.8755033389672218,0.9308487984769922,0.9950936456274602,0.6402639326744257,0.8754988991654498,0.8438471631147548,0.7547743140061599,0.8927713255769505,0.9613364213349977,0.8658418182833447,0.8438471631147553,0.7284947426457362,0.8570520663595729,0.8887302177310394,0.9115685570579003,0.9781287431575729,0.8828277077958357,0.9934964376945634,0.7289798529096143,0.9042162740830946,0.5942872991361925,0.8091858387065827,0.860468306704006,0.7413155487309188,0.7942110859899096,0.6522223995588009,0.8952520271259812,0.7869629153922738,0.9822691663649893,0.9351293596727117,0.8612222667022558,0.9694072127930826,0.8523344596018205,0.6850672658654597,0.784475348642248,0.8371307688681591,0.9294815397663647,0.880570845753591,0.9492716550188156,0.9451689995479284,0.9643196326600445,0.9521116671072133,0.9613364213349977,0.8283605920341541,0.9993492506814549,0.8863852623001999,0.7733732836894485,0.8612222667022558,0.8245200457260624,0.9913976286892221,0.8900265369300415,0.855629332311897,0.8970542565865081,0.7568273350176955,0.953420205966137,0.7985559379258658,0.8857638004465433,0.8612222667022558,0.795950284536453,0.9913976286892221,0.8638186748614923,0.8681849484390634,0.8567235831170401,0.8612222667022558,0.7217225598591728,0.9334979282922615,0.7869288904175159,0.995365126319036,0.8563158483371995,0.7670618730032237,0.8789931590261653,0.617957069807456,0.7885628254607329,0.8056017035197616,0.8705954752723886,0.8927713255769505,0.7922740910323496,0.9287778762699539,0.8858340936764979,0.7848381540876626,0.6419154601187076,0.9582982244538172,0.63841618201146,0.7570585140822959,0.9362905229479637,0.8149475768048062,0.889545951572877,0.8705954752723888,0.8606753330331809,0.9381911481119679,0.7744054318602515,0.978128743157573,0.7725532768898522,0.9360325628444313,0.921369259278326,0.8539255385877564,0.8209507889487279,0.8467545258723406,0.9349788509469907,0.8983739487948557,0.9699633699633696,0.9486909276320881,0.759099175321178,0.810233437140849,0.9949213294847876,0.9451689995479284,0.894917409653627,0.8480451455932461,0.9440473849942813,0.9568699326296605,0.9103339493566891,0.8754988991654495,0.9120136950985209,0.7807137836941633,0.8913167644457043,0.9213563064090532,0.8855918950020825,0.8789931590261653,0.6717060837158236,0.8469356966408101,0.6971567029210931,0.8318174538959873,0.6698235095776006,0.8913167644457047,0.8385904978041945,0.9643196326600447,0.7998115956948191,0.9451689995479287,0.6403525432840258,0.8192970581557693,0.8059171329824784,0.9384041100060458,0.7371385469439535,0.9248121080175166,0.9613005306740816,0.8453672416657232,0.885200270536642,0.8446029140705367,0.8339835457159881,0.0,0.725120799478703,0.798555937925866,0.9585503729088413,0.9643000102862664,0.9180351461270719,0.5815808094806287,0.9716818462513119,0.910216390383458,0.9091685990056662,0.8858340936764979,0.9928493745457202,0.8889284286167378,0.8245200457260624,0.9980731124321958,0.6911839859724307,0.9470211235965944,0.8060628203277849,0.6622929025116226,0.7636967042660898,0.8775949467017348,0.6968535034521672,0.9785304395070067,0.8808128963513502,0.8492693629146786,0.962117756001267,0.8481115674361042,0.6925702762340592,0.7803357131315283,0.8612222667022558,0.6787083545554967,0.9418533128468707,0.8506724969819424,0.7780759244775564,0.7059512344058866,0.8673743833378166,0.8612222667022558,0.7964015486292555,0.7468346348883859,0.7133628952414194,0.8612222667022558,0.889114085587337,0.7385586876940016,0.8218234851066025,0.867137258560363,0.9292123970868682,0.8567235831170406,0.8612222667022558,0.8269141776261262,0.8612222667022558,0.8815781658895088,0.9314755123250513,0.8917642494888605,0.8612222667022558,0.8481684981684983,0.8612222667022558,0.6838321801233549,0.7539514562934453,0.813223649090371,0.8531512826607781,0.8705954752723888,0.6370944569968306,0.8523344596018205,0.9264261500368134,0.9287691497070169,0.895751566163836,0.9757144982716834,0.988264565759186,0.9103339493566889,0.9250878662315587,0.9020974822841876,0.8085437732024461,0.8983692228956084,0.8207206382027004,0.697477712439653,0.6574204612622749,0.7538867935198055,0.9984674516564289,0.8612222667022558,0.9573043625686206,0.8612222667022558,0.7675197620976606,0.8095505845081643,0.8458206993046364,0.733435996587612,0.6100247702961998,0.6787083545554966,0.9278945297852623,0.958298224453817,0.7596737531136111,0.9715217972497943,0.7274725274725266,0.6587133413777284,0.7124581001985009,0.815358823064458,0.8468919863176367,0.8567235831170401,0.829824391934604,0.8557570070996647,0.7284947426457362,0.860804608016499,0.974042518299851,0.8906557158215922,0.7890802266664738,0.7856486949345276,0.7413155487309188,0.8146339987399249,0.900497808415119,0.9890003841050305,0.8858340936764979,0.8632280979620711,0.7671619782077763,0.9459735178497932,0.7864929970985284,0.8858340936764979,0.9335742424241611,0.7910132136762831,0.8660249872235792,0.9026143926461883,0.8322698807304465,0.8705954752723886,0.9268298881488042,0.623191555094939,0.9120136950985209,0.9378370728938006,0.9949213294847875,0.6538969965172723,0.8858340936764977,0.8149756054848036,0.7720624196603912,0.8711245195507697,0.9650338535695433,0.9235852575057477,0.8612222667022573,0.9527845216655542,0.852334459601821,0.9851609000695932,0.7214127254833154,0.8627549979229873,0.9378370728938006,0.8570520663595738,0.9376575914022263,0.7437657650036225,0.8952784516785114,0.8662316196988598,0.7455607137971159,0.8942432036222976,0.9770304932473386,0.8104244452564584,0.9900871334604325,0.9441675746147218,0.9703808325082801,0.9692826611948091,0.8823421010842231,0.9091073694591143,0.9276797318633756,0.8612222667022558,0.7413155487309185,0.9497202690775206,0.8371307688681591,0.8858340936764979,0.8298243919346041,0.9486909276320881,0.8612222667022558,0.9895154326131527,0.7744054318602516,0.9386599233384811,0.967850577602258,0.8099056387833821,0.8453672416657232,0.7413155487309189,0.7617214365185658,0.7011988148836201,0.9582982244538172,0.8437613648527316,0.7810512983832394,0.7595757378098462,0.75477431400616,0.6920616797919816,0.7161153817625661,0.7901638812703966,0.978128743157573,0.6246622114283011,0.7994715690107896,0.6455588454364534,0.8771354040135098,0.887379364622056,0.9542995302432179,0.8878727661266217,0.7464632833369964,0.6876063506131294,0.6849163308736763,0.8612222667022558,0.8361057300765368,0.5953880564409908,0.8030296199067855,0.9008919498851697,0.9110230653978574,0.7555085421050046,0.8612222667022558,0.8612222667022558,0.5924863156310332,0.8317099713539096,0.8559571208423316,0.8612222667022558,0.9900871334604326,0.8612222667022575,0.8542749023230835,0.8625250170122274,0.6247398279161507,0.9558694433263362,0.8139469110840571,0.9115644070854612,0.7112148406789442,0.6405940472381484,0.8612222667022558,0.8557553354127778,0.8339835457159879,0.5816362425644287,0.7230164998438562,0.7916582493282927,0.8935513016040975,0.9714578717045066,0.7002835266603762,0.8612222667022558,0.7456526623371595,0.983029863603313,0.782730396673134,0.662310911104111,0.8413690071130536,0.8065859029127911,0.8722463878449835,0.8612222667022558,0.98316850469706,0.8911623318956727,0.8612222667022558,0.8517231625794767,0.8265346744358049,0.7413086630668988,0.6885576076179099,0.6804658392199836,0.8612222667022558,0.8989887427453604,0.7970904362384366,0.9891726316205176,0.9043237580224677,0.9231922765071885,0.9385749506272927,0.727069858298268,0.8051740974998374,0.9042162740830948,0.8266579810874759,0.8218234851066022,0.9008184272841164,0.7224169389713626,0.9796658640170899,0.8190560274118979,0.8752107045314199,0.8754988991654495,0.8371307688681591,0.8612222667022558,0.9235852575057477,0.8603006398770003,0.9051967800440768,0.9443567104765436,0.8717349307086484,0.8523344596018207,0.8445581137472965,0.9714975291590988,0.882174077350171,0.9715217972497945,0.8612222667022575,0.9659506189056432,0.8969588834155711,0.9058889543708608,0.9631612510065021,0.7072750083573852,0.8714910313665701,0.9230114979196564,0.9455352361997017,0.6981025801975522,0.9647865548213017,0.9308487984769924,0.9882657252988649,0.9170231322184559,0.8604683067040062,0.9400996476017192,0.9115644070854612,0.9573043625686206,0.9378370728938008,0.9056035016258017,0.9476603640166243,0.9373458685393765,0.8705188107117408,0.7113356487632493,0.9198178556572019,0.6628497897087136,0.7632718375114125,0.7146033007329664,0.7780466128014063,0.9483230454649095,0.8047985118574609,0.8565832267077944,0.9036698601579138,0.9785717750121543,0.9264261500368136,0.6815333161587687,0.7839924217909471,0.904323758022468,0.9282686369201194,0.8711720473896869,0.802824951866428,0.9042162740830948,0.6788749292271643,0.8341965186736766,0.858915283745683,0.9113027155161051,0.8499077595187517,0.7883365533477737,0.6539215793390742,0.9167714410425667,0.8755033389672213,0.8771354040135093,0.9774133038851731,0.9154907996871146,0.7366542680310013,0.8402613555369549,0.7191339070336384,0.8828277077958362,0.8567235831170403,0.9486909276320881,0.8416932894408666,0.9076882528330772,0.9353159208540371,0.7911552796546744,0.8612222667022558,0.9167714410425667,0.8612222667022558,0.8612222667022558,0.7608512021099121,0.9455352361997017,0.8419243420567943,0.8612222667022558,0.8207576121897966,0.7155417554119088,0.9850445392200937,0.8637757890946802,0.8721569101219397,0.8253317216902354,0.9254246407379201,0.9758994362393922,0.7637481517216519,0.6449667917411296,0.8723458378447932,0.9167714410425667,0.742306387929194,0.8079769656402389,0.8865616604015062,0.8176754985026669,0.957358263773645,0.8194297451663287,0.750215515809302,0.9167714410425667,0.7161768939012261,0.8705954752723888,0.7464364778318782,0.7158805587636543,0.9153776817116561,0.9455352361997018,0.7561717344073047,0.8585242345955859,0.7612820236783147,0.9199275134470046,0.9748272373266904,0.9949213294847875,0.9647865548213022,0.8983739487948561,0.8262466991162756,0.7325120521832602,0.8922663859023954,0.8754988991654498,0.9234457537419227,0.8901425286243826,0.9531340482535152,0.7327940863205864,0.9180351461270724,0.6087039524376059,0.9588395546242758,0.8970542565865078,0.7432272954835626,0.7799730667560235,0.8195547533821181,0.6951852049208729,0.9115644070854612,0.8308198545632621,0.9920812805096402,0.8612222667022558,0.8754988991654495,0.730058625146058,0.7917380856761216,0.8936355311355311,0.9819912974428575,0.9984674516564291,0.8901465760392431,0.7219778859931438,0.9776415955422071,0.6587412471051393,0.8913167644457045,0.7213117034082113,0.8111575085641975,0.9746405217020622,0.8523344596018207,0.9574440620356695,0.7900971647407884,0.9327935102712095,0.9208219488037759,0.9900201018153889,0.7726486579595837,0.6474051882066436,0.8392694690103343,0.988264565759186,0.7421713401824245,0.7572344322344318,0.9757764977426822,0.9900871334604328,0.9061118815207867,0.8739011376245647,0.8027652671903274,0.9683153427482921,0.804016529250394,0.8873793646220562,0.7828760837501265,0.7235908264425868,0.9386599233384809,0.9081462046447379,0.9949213294847876,0.858915283745683,0.9791773846534599,0.9400996476017192,0.8629206997037291,0.8628472125712427,0.8590495752805768,0.9890945568472775,0.862861450156791,0.683439694307721,0.9103339493566889,0.980265590090454,0.8612222667022558,0.6061896083451416,0.8629006181508472,0.8971287289661777,0.8030296199067852,0.8612222667022558,0.7886400788370654,0.8274055561030866,0.9338589450702637,0.8102648591378103,0.8496601527404546,0.8778115250596104,0.7014021474398462,0.9706868658897392,0.941410649421073,0.9719663239766914,0.9818862136421056,0.873820318922653,0.9167714410425667,0.7713536258609024,0.9586992630188504,0.9714578717045066,0.8095505845081645,0.9386599233384809,0.9424631527248861,0.8523344596018207,0.9386599233384811,0.9507709687133314,0.9351293596727117,0.9558694433263362,0.741308663066899,0.8838962929440441,0.9235852575057477,0.8548362034255071,0.902158075839097,0.8745968531392725,0.7896575359222012,0.887379364622056,0.9800040497391678,0.8771354040135102,0.887379364622056,0.8567235831170401,0.8821326331441737,0.8612222667022558,0.6574204612622747,0.7731685558609009,0.8612222667022558,0.8202156726197056,0.839346134492936,0.8858340936764979,0.9042162740830948,0.8298243919346041,0.7763047460900308,0.887379364622056,0.8780835239376654,0.8926008995320035,0.9776415955422073,0.7018044541508903,0.8612222667022558,0.8232723532225701,0.9276797318633756,0.9962766559418281,0.8031943472521901,0.7882741497313808,0.9235852575057477,0.8983739487948561,0.806863232347546,0.9439635639657455,0.8800187100542716,0.8612222667022571,0.9439635639657455,0.9370305308954683,0.8628472125712427,0.9743789273699595,0.8900265369300415,0.9631612510065022,0.8570520663595731,0.8705954752723888,0.9001407514923851,0.7979449705642748,0.8612222667022558,0.9558694433263359,0.8595547863973891,0.7133628952414197,0.7707261375084158,0.8771354040135095,0.9469829424304527,0.8655256091895289,0.8523344596018207,0.9737169357963666,0.6130652935377907,0.8612222667022558,0.8612222667022558,0.889139375010561,0.83478857521934,0.8643289942147616,0.9420390707241917,0.7555085421050053,0.8403800404286201,0.820602747907405,0.7020729412722366,0.8412117840414657,0.836351089378411,0.8612222667022558,0.7407931264766208,0.8754988991654495,0.7284947426457362,0.7501805582996928,0.8858340936764979,0.8126780209487969,0.8612222667022558,0.8612222667022558,0.656759625354409,0.8927713255769505,0.7019392407709633,0.9381754809533815,0.7439454785724531,0.9069090419812991,0.9656883922956944,0.9250878662315587,0.6722594944149427,0.8270754954313706,0.8612222667022558,0.8711720473896869,0.6957886507859503,0.930906079306367,0.9631612510065022,0.9733905433211744,0.9481000738952863,0.953177557361359,0.8169386176061966,0.8658418182833447,0.9462852414634653,0.8612222667022558,0.8013790492667465,0.9941663847661137,0.6204415275119495,0.857842209956795,0.8321554315708541,0.6883559109688914,0.8914209510155027,0.7933409683888581,0.9529720363315421,0.8770611104667188,0.7223507522038638,0.773781494943328,0.9308487984769922,0.9696849249358238,0.8857638004465433,0.836351089378411,0.7064804985396792,0.887379364622056,0.9226322573227623,0.9470211235965944,0.9122530226440353,0.8456295913819036,0.9365230764056,0.8917125350168611,0.980265590090454,0.9365230764056,0.8085437732024463,0.8459790242617613,0.7854387659465489,0.9558694433263362,0.8913167644457045,0.8849533332175408,0.9913976286892221,0.7959809249845338,0.8722463878449838,0.9180351461270724,0.8644196496342953,0.7979260401191448,0.6461762240439857,0.8817136657791169,0.8892247194173971,0.9910741961067726,0.9473008325471091,0.8612222667022558,0.7564089965703809,0.9874185022010289,0.8960616211877844,0.7133628952414195,0.8868465911678372,0.6516013774139288,0.8599365378031301,0.8612222667022558,0.7954595322760413,0.66112286927689,0.9282686369201194,0.6683576500352825,0.6193415730143097,0.6573522936476794,0.8754988991654495,0.8596724085529244,0.8529107842018822,0.8051983603797374,0.6370860563911588,0.8239952590260253,0.7446649458854748,0.8970542565865078,0.9776415955422073,0.8927713255769505,0.7762748337218981,0.9514830230284642,0.753899444012289,0.8939350480652052,0.7023593413337068,0.6655418501773487,0.887379364622056,0.7979449705642752,0.8027014652014652,0.769575216060393,0.6763732271205486,0.6433365642696409,0.8612222667022558,0.6964224106689854,0.8097146008622056,0.8102648591378101,0.8612222667022558,0.7207499689246578,0.9574440620356695,0.8858340936764979,0.9967506817050955,0.887379364622056,0.7983781945318731,0.9830298636033131,0.8266808111288457,0.8879895529804344,0.827046629089009,0.9264261500368134,0.654190799695662,0.8612222667022558,0.919237913154078,0.8612222667022558,0.736654268031002,0.8844100938459587,0.7662827847560194,0.7284947426457362,0.8808768286773146,0.7735756772689295,0.6361859730924285,0.8542749023230833,0.8612222667022558,0.8932100992283061,0.6274881406437262,0.8417707485795647,0.8628472125712427,0.8711720473896871,0.9800040497391678,0.7950896414683781,0.8517231625794768,0.917023132218455,0.7865641405449544,0.792860061045028,0.917023132218455,0.9916899465284604,0.87549889916545,0.8878727661266217,0.917023132218455,0.7284947426457362,0.8371307688681591,0.9714975291590988,0.8208797798232137,0.8567235831170406,0.91858914784677,0.9208219488037759,0.8273537628951169,0.9327935102712095,0.8687120679416107,0.6655141475387897,0.9514830230284643,0.9593417278528642,0.7424916326315742,0.7990568456988296,0.8102648591378103,0.8418487291823824,0.7192572201623088,0.9382793825937712,0.9239778274830792,0.8091858387065822,0.6787083545554966,0.9378370728938006,0.7706611462306393,0.7805205099613388,0.9181854098502646,0.8717349307086484,0.7407931264766212,0.9451689995479284,0.8805708457535915,0.9637918097474125,0.6976955524505613,0.8357694080080247,0.9848452821641429,0.8402613555369547,0.9588782372193382,0.9322050529873018,0.6957025302891243,0.8927713255769503,0.7485359499962854,0.7313636898549296,0.9964124726310091,0.8323592685643894,0.9700702870329558,0.9167714410425665,0.988264565759186,0.8585704116037739,0.6522223995588009,0.9353159208540365,0.9130442355675874,0.8705513934807798,0.925534874303101,0.9405135411999146,0.8356963633835399,0.9216321243127388,0.8873793646220565,0.9543438540737573,0.8620266161985313,0.8705954752723888,0.930906079306367,0.6702564268920295,0.6637602778751867,0.9949213294847875,0.8484688673929213,0.7171769715746965,0.9288331779476213,0.882174077350171,0.852334459601821,0.8084440149227177,0.9962766559418281,0.7899486995316742,0.8940589330526697,0.6472382157414338,0.8202156726197056,0.8805708457535915,0.821468917955834,0.8906557158215926,0.9714975291590988,0.7528949292727071,0.8106587955080418,0.7366542680310026,0.809618635952368,0.8805708457535912
p52_L,0.7729686114332195,0.7832191601804572,0.5486249700412182,0.8992865236029117,0.9750767117923147,0.8750116732174087,0.8103572235845498,0.7429172903369146,0.8319650172278279,0.9212094218042226,0.6629399428369611,0.8961308828316208,0.9329016612088761,0.8103747847408735,0.9176525482557549,0.8935461500146493,0.9596253481255901,0.4940274310047884,0.9172347260035336,0.8417025656248469,0.7352418424056413,0.7708756350468662,0.8511537969570359,0.9417626114543682,0.7805354160359033,0.8642985447139284,0.9596253481255901,0.8593962429851334,0.7468673605964746,0.8633690115647088,0.8785401016887857,0.9933095589619414,0.5000501615933268,0.8646979598369935,0.9372344714402789,0.9172347260035336,0.6680233073997985,0.954924242646743,0.9253688519211307,0.9086749297455419,0.8285902503293809,0.9262698231600373,0.9253688519211307,0.8757923655942907,0.8659097723648843,0.8125790533523579,0.6502130055679127,0.8468337236578867,0.8225535671978907,0.8064907104924681,0.9097421633544902,0.6651114850669732,0.893465545817623,0.883813517405303,0.9889883423817387,0.9995729386747715,0.8590697626746646,0.8993922310882436,0.9437174690367085,0.6059656699262509,0.8139197462693823,0.7332057924360189,0.893465545817623,0.6541501976284587,0.9134191021410443,0.8196836815525543,0.9097421633544907,0.7862279856886556,0.8064869481319461,0.9469207829576383,0.9473887865940548,0.9477894660083728,0.8993922310882432,0.7239049522176395,0.8993922310882436,0.5784838630332678,0.9737702747191699,0.923610220689685,0.900765093268797,0.9748214106481392,0.9134708556523619,0.888986752119801,0.9363572562098184,0.6690294376269561,0.8993922310882436,0.810693606575931,0.9737702747191699,0.6950581033125338,0.8729530098980619,0.8961308828316217,0.8993922310882436,0.8398630498001975,0.7762832712669765,0.7482519591918038,0.9088921347045384,0.8248675029173149,0.8897289631914974,0.552415103538324,0.693192637199648,0.7240933893941968,0.9995729386747717,0.8115219504052806,0.8993922310882434,0.9211513945437232,0.9882421515016987,0.5846688068540971,0.722838214875685,0.6801711090646974,0.9690801727892031,0.728562114048732,0.9192130655608858,0.9254635393306819,0.6671015913586935,0.8039282865317193,0.6502130055679127,0.6682707437192401,0.8831093569047286,0.9172347260035332,0.9253688519211305,0.772861637937333,0.899933720255647,0.9457413102127116,0.8744295702264888,0.9589131610834035,0.9226325469213177,0.9390340829099755,0.6680233073997985,0.9250878662315586,0.8097028901503379,0.8814261386926305,0.7858975894293134,0.9061873961293252,0.7977719520194324,0.9752737206364959,0.9247323722236849,0.8193134627880124,0.8578657219941159,0.9097421633544904,0.6306371608045283,0.8929489608197003,0.7965732854916769,0.6046145530539153,0.9626722459988174,0.9346933980357166,0.8977544991765875,0.8229279382562937,0.8924856989260321,0.7044726886326846,0.8616681034607225,0.7655039672351776,0.9212094218042226,0.8139197462693821,0.8381579416424485,0.782881086930776,0.9649067432343335,0.861668103460723,0.9829574218951791,0.7068671524885229,0.9423249555304802,0.9538133524293886,0.8642497170666508,0.9868418685480091,0.7984808776164862,0.6901274256093171,0.5371958730818758,0.9589999745462268,0.725120799478703,0.0,0.8539618916939771,0.7457880219620745,0.8103747847408737,0.6993905550185731,0.8590697626746648,0.790824683744427,0.916155222045954,0.7971542133030112,0.7657947949058672,0.8190313752870151,0.9446701888736624,0.6794841825178403,0.8730257376938848,0.8814864939494691,0.91561268213489,0.9696724395861311,0.829297561710024,0.77392525918733,0.7368631711703983,0.8714840103823689,0.8838135174053031,0.8836921779986904,0.8929489608197008,0.8319650172278283,0.5009927486406254,0.6161540830549836,0.8596285136050663,0.8993922310882436,0.9027412033397848,0.8929489608197012,0.8687999443984584,0.49048118656463446,0.7856879905096843,0.9696724395861311,0.8993922310882436,0.6075384494720881,0.6812427093402298,0.9212094218042226,0.8993922310882436,0.8397070881245361,0.8321506231964102,0.7751140922654682,0.7347164777877544,0.8796911117473251,0.896130882831621,0.8993922310882436,0.8041143701014604,0.8993922310882436,0.8746525960609959,0.770314913550117,0.7461675529186462,0.8993922310882436,0.9476603640166243,0.8993922310882436,0.853155191352389,0.9763925012167987,0.8168916294413127,0.6118512805109232,0.9061873961293254,0.6766797768683908,0.8929489608197003,0.7897222592921718,0.9418510134399245,0.928191664608593,0.8980949037179651,0.855236816607858,0.8813393476268833,0.8225296442687751,0.8042393336636016,0.7912426601057813,0.9026461708882584,0.8475585260781596,0.8814261386926299,0.8898393963217797,0.9256522427411316,0.9287407729092758,0.8993922310882436,0.851888756266141,0.8993922310882436,0.918835508721347,0.9214717993224892,0.951525861158216,0.9400757463595382,0.660445099402286,0.9027412033397848,0.8298223478885358,0.780535416035903,0.8772439656561348,0.9786384251155433,0.7614784479792223,0.9061873961293254,0.9331534170286986,0.8198792585124832,0.7261780606412023,0.8961308828316217,0.9568407342490963,0.8163937316187826,0.9253688519211307,0.8566853133503851,0.8736635385762341,0.9551168668325382,0.8989506643551787,0.9418761286282693,0.9097421633544907,0.7700847046015389,0.8760632223715628,0.8200452216823612,0.5846688068540971,0.7454156012462314,0.9750995470070668,0.8696642492046922,0.9821468422331385,0.5846688068540971,0.9225135906204771,0.6814372300570675,0.9134191021410443,0.6169292624778571,0.9423469173118801,0.9465146323386673,0.9920003341802428,0.6835306018343572,0.6059656699262512,0.9728308952426489,0.9465146323386673,0.5985784316292109,0.7205132978929247,0.8460246750286615,0.7482519591918038,0.5439599607811109,0.8823556515563575,0.9172347260035336,0.9750767117923147,0.9086749297455424,0.8207165424637018,0.9097421633544907,0.673755865813098,0.8202046342072096,0.9465146323386673,0.5067752378565076,0.8842971758754068,0.7036574229355719,0.8910476415037063,0.8508368079409294,0.9552238459628386,0.9716082855843873,0.9811003229704085,0.9297207978142767,0.9686270243184087,0.8094833764446476,0.7942849631106608,0.8806972914765079,0.9060638964407408,0.9681720175895666,0.972830895242649,0.8993922310882436,0.9097421633544893,0.9919812383965745,0.9315324475602098,0.5846688068540971,0.9134191021410443,0.9696724395861311,0.8993922310882436,0.71793931324218,0.9922022799705811,0.7752019357866785,0.8218547742457251,0.6980531769232243,0.9794926266231158,0.9097421633544907,0.7378377367694413,0.5972983980512879,0.9683237244170737,0.8867960431767521,0.8324834675808126,0.9061873961293254,0.915618909574293,0.6634310064413134,0.883813517405303,0.8702902432560244,0.9752737206364959,0.649424163690862,0.8297763417392077,0.6739331244874185,0.6914448928553572,0.8961308828316217,0.9473887865940549,0.9739024199009685,0.6506725808830307,0.6859549950825508,0.5612607891767932,0.8993922310882436,0.7282698708074831,0.8368572865027597,0.9265381973231186,0.7099938617412704,0.9686270243184087,0.7457880219620745,0.8993922310882436,0.8993922310882436,0.9190823451591561,0.8319650172278283,0.9178948003750679,0.8993922310882436,0.7942849631106608,0.8993922310882434,0.995135770340283,0.49420172039877175,0.7463313356254766,0.9372344714402792,0.8756960152361009,0.8347141576053569,0.6205376259431867,0.6726896863793461,0.8993922310882436,0.5664754032502274,0.8168916294413127,0.6387925444874971,0.6765952976004885,0.6965496616257499,0.9102772842179987,0.9728308952426489,0.6613467603345353,0.8993922310882436,0.5852334660345575,0.9898664497675986,0.9376436922449856,0.8132623055818721,0.9807840195689514,0.7086265903984249,0.7044347600033003,0.8993922310882436,0.8796404838116745,0.6622601283966765,0.8993922310882436,0.9024306604322352,0.8707955451918714,0.7083337446074693,0.5546608765938112,0.6737558658130975,0.8993922310882436,0.9824391197544327,0.8398871389270697,0.9563160015347996,0.9932179366015166,0.9652391407494048,0.839204381444211,0.8183996995703318,0.9863902154792408,0.6502130055679127,0.8851507230512403,0.7751140922654682,0.7590064904597399,0.7261181528908662,0.9643350197645661,0.6169327039973735,0.9031200523835077,0.6306371608045289,0.8934655458176233,0.8993922310882436,0.9625162230164763,0.7301297949548573,0.8277077380726947,0.9134708556523619,0.7813438048343829,0.9645325849988502,0.876276878300275,0.902741203339785,0.8929489608197005,0.8584426512265037,0.9372344714402792,0.9504069818881509,0.5771873071659328,0.9207369341571854,0.992202279970581,0.7306040652433028,0.9686270243184087,0.8838135174053028,0.8818695657894682,0.9360968648083291,0.9099317521606791,0.9212094218042226,0.5628865571265246,0.8593962429851332,0.8064907104924683,0.8669631681563252,0.5793600673713917,0.8135469465825349,0.8518491866146229,0.8646979598369935,0.8661396574440055,0.6261643267534291,0.9794926266231156,0.8661396574440055,0.9460546403839525,0.8514489788174839,0.9923650074228723,0.8742026987929981,0.961654537608709,0.9247323722236849,0.7475775950256178,0.6788750524456191,0.8464976705745091,0.930001498873569,0.8724042835510759,0.5646051682139436,0.988777790152866,0.7104005526773591,0.9601701237080078,0.8475585260781598,0.9199994904187996,0.8518491866146228,0.9893311905020261,0.651209260544382,0.8620322227114252,0.8661396574440055,0.9625162230164763,0.9438802477791972,0.827293430475253,0.913419102141044,0.90919810876568,0.9247323722236849,0.9356957241686946,0.9933095589619414,0.9172347260035334,0.7421841781129886,0.5406120382150488,0.7379459598240059,0.6626197766413197,0.9935567820366139,0.7336060391821397,0.9533421115494247,0.8898393963217797,0.782121205673745,0.8993922310882436,0.6089429446703845,0.8993922310882436,0.8993922310882436,0.6908540488626147,0.8724042835510757,0.9920003341802428,0.8993922310882436,0.6883721186568389,0.7470735150213648,0.8321506231964104,0.8679326095089706,0.5468021592792685,0.7444227624803483,0.8982552933740047,0.8295844697893862,0.7344892377260073,0.8867960431767519,0.8357142839562117,0.9134191021410443,0.8620322227114241,0.6252290920891047,0.7146824480374374,0.7150930552416854,0.9208601429117473,0.8929489608197008,0.7278819201568751,0.869472737318695,0.8214602675191386,0.6502130055679127,0.8895716274552534,0.8780124908814333,0.866963168156325,0.9338358212159397,0.7350227544624501,0.8302228876064213,0.8596285136050661,0.9031200523835075,0.8673952205917315,0.9465146323386673,0.8780124908814337,0.9417626114543682,0.80440620504072,0.7885429055680486,0.7325675049004721,0.9097421633544909,0.8705563851567544,0.8898393963217799,0.9688515112962701,0.39648959584535837,0.9567860036593587,0.622559052596847,0.9363572562098184,0.9253688519211307,0.5966997142515862,0.7480439350661987,0.8741930427428961,0.5864656005149029,0.8985526801638487,0.839204381444211,0.8458170785440258,0.8993922310882436,0.6306371608045289,0.83449531009486,0.9870810478556497,0.8385874185150672,0.9099317521606789,0.9287407729092758,0.7889915287373772,0.7593691010498387,0.9433011034543322,0.6786591158546056,0.6520321555681026,0.7570446062872481,0.9134708556523616,0.809551967641869,0.9287407729092754,0.94288345814827,0.6477803505714197,0.9461095570705993,0.8696642492046922,0.7686334812992577,0.7821224652259056,0.5841416298937225,0.8025071950277414,0.8646979598369935,0.750119962653157,0.45683210925961304,0.8514489788174839,0.8417025656248469,0.9064840699954801,0.9807840195689514,0.6330842933065948,0.896497329219651,0.8087510315013653,0.8961308828316217,0.620832575644533,0.6257166351479304,0.9748214106481392,0.7994229319072239,0.9061873961293252,0.9365682876192551,0.7172878978802192,0.6289302643121228,0.9157491431226767,0.6880019323703842,0.8751860185986184,0.7684701364472628,0.4674372344474177,0.896130882831621,0.6306371608045285,0.825106804502044,0.8993922310882436,0.9410793844429433,0.860899683841503,0.8478207065909875,0.7719882607592561,0.8993922310882436,0.8681957648998053,0.7282863218233715,0.8367741299372242,0.8464976705745091,0.5160674000599315,0.8398630498001977,0.7843075457081257,0.8847959699826584,0.8649179394762062,0.8367741299372244,0.7218092549780515,0.6375242033343562,0.6089429446703842,0.6797212277220057,0.8873412224047774,0.932503659033307,0.9461095570705993,0.7752019357866782,0.8843596565983223,0.9287407729092758,0.8251068045020435,0.983703714129575,0.8873412224047772,0.7600276057434353,0.9328489318979987,0.5697145961161265,0.9172347260035336,0.9750767117923149,0.9099317521606789,0.6224840200589041,0.6901274256093173,0.8961308828316217,0.951525861158216,0.9596253481255899,0.8961308828316217,0.8961308828316217,0.8901584347056434,0.8993922310882436,0.9247323722236849,0.8853051607789587,0.8993922310882436,0.9493240017886776,0.9903181546642814,0.9625162230164761,0.6502130055679127,0.9134191021410443,0.9807840195689514,0.8961308828316217,0.6208325756445326,0.7548624045538657,0.8724042835510755,0.753982867553425,0.8993922310882436,0.9533421115494247,0.8921764228239644,0.9794926266231159,0.6889087876654734,0.9025610767133648,0.765794794905868,0.8241089398581319,0.8751860185986184,0.9214717993224893,0.8751860185986184,0.6843431250393639,0.9060638964407404,0.9995274441909644,0.9327223474313893,0.9933146714458406,0.8808870709207715,0.9172347260035336,0.9086749297455423,0.6502130055679127,0.9994428908841724,0.7562838856997303,0.8993922310882436,0.8357120864475067,0.5807610450298211,0.9212094218042226,0.8250044520205079,0.6216589410515467,0.9236102206896852,0.7024907194648318,0.9645325849988502,0.6675279864755753,0.6871353918743934,0.8993922310882436,0.8993922310882436,0.8298223478885363,0.9961674840897725,0.9027640924895544,0.7936637785566019,0.7109961407420815,0.7202125947513235,0.5262668891429778,0.7015124111707935,0.9559231506618935,0.6955820764499019,0.8993922310882436,0.89076616513903,0.6306371608045289,0.9253688519211307,0.7086265903984248,0.5846688068540971,0.7162916222188807,0.8993922310882436,0.8993922310882436,0.665876911626115,0.9870810478556493,0.7306118969352768,0.6751178512091287,0.7629035295961659,0.6323451910408435,0.8843596565983227,0.9158102766798417,0.7401498601324379,0.7141409036604475,0.8993922310882436,0.9553394119369607,0.7051068748435116,0.6290018992852153,0.9625162230164761,0.8357142839562117,0.9686998333969317,0.9876228417447834,0.9879069037547501,0.9417626114543682,0.6289717856151746,0.8993922310882436,0.707108874140822,0.9879069037547501,0.8007246376811596,0.7970093785279522,0.7871436491623482,0.9504069818881511,0.8570262045124728,0.8094827499019861,0.913419102141044,0.9246068119732453,0.7454446081464745,0.9705887000705997,0.9212094218042226,0.8728920970887104,0.8642985447139286,0.7120977841527512,0.9515258611582158,0.8961308828316217,0.9847363766110007,0.8590697626746646,0.8567883809445207,0.9995274441909643,0.9253688519211309,0.9799771696850708,0.9253688519211309,0.9748214106481392,0.7466340871522705,0.8931535433523752,0.8155906448111352,0.8993922310882434,0.9212094218042226,0.7708756350468662,0.8780124908814335,0.8577784032474602,0.5681783610633193,0.896130882831621,0.9995729386747716,0.7899523710739502,0.902741203339785,0.890351109139915,0.8872071589200894,0.9843446203121258,0.9330326773513427,0.8993922310882436,0.9230739297313348,0.8993922310882434,0.6812427093402296,0.9212094218042226,0.9254635393306819,0.8696642492046911,0.9812490169448848,0.8993922310882436,0.6786591158546054,0.5638723702007498,0.8696642492046918,0.6975123886554349,0.7071088741408225,0.6955820764499021,0.6306371608045291,0.7145432447508671,0.9371433686720367,0.9578004988107829,0.6058955031532394,0.9645515900483714,0.8432575799302784,0.9253688519211309,0.8511537969570359,0.7978698460954712,0.9416597066980109,0.9764965868575897,0.7322240880671149,0.8741930427428961,0.5841416298937228,0.8993922310882436,0.8961308828316217,0.75628388569973,0.7476932972637693,0.8001103211856256,0.622559052596847,0.607460808095317,0.8993922310882436,0.662402930347445,0.6483179090398791,0.9423469173118802,0.8993922310882436,0.7001058017664255,0.8747552586782785,0.5846688068540971,0.9031200523835077,0.8961308828316217,0.6415606211324434,0.9226325469213177,0.9241432472298104,0.9147585594844332,0.8416529682133564,0.8818695657894682,0.5446953692190364,0.8993922310882436,0.9122177014789303,0.8993922310882436,0.9625162230164763,0.9755328899313291,0.8108748358069338,0.9253688519211307,0.8539618916939773,0.7204964217267759,0.8116963900427685,0.8631636377692762,0.8993922310882436,0.7524688911812341,0.695525392673036,0.8199002489157293,0.8514489788174839,0.6997319795895012,0.951525861158216,0.7150930552416845,0.92916530562837,0.8593962429851334,0.7878173646451987,0.6074608080953169,0.8593962429851334,0.925680950117113,0.9097421633544907,0.5640490282526909,0.8593962429851334,0.9253688519211307,0.8642985447139289,0.9417626114543682,0.8252069053832312,0.9567860036593585,0.8756960152361015,0.8286495024509246,0.7856879905096841,0.7736452528338302,0.9645515900483717,0.8298223478885369,0.890375224309939,0.9696724395861311,0.8780124908814335,0.726179468293882,0.6256137991414645,0.7965274940653193,0.7208595115435923,0.8730257376938848,0.6002685843540376,0.9947962922931934,0.9027412033397848,0.6502130055679127,0.8272188776420608,0.9993634920335575,0.837059894595599,0.9206340292374221,0.8248675029173149,0.6306371608045291,0.608942944670385,0.8452600051075525,0.8539618916939782,0.9391080718620071,0.986918160036585,0.8505486695981964,0.7970253811999186,0.9064840699954799,0.8756960152361017,0.646500884687328,0.8301718401377354,0.6987479408077921,0.7138046051626503,0.8248675029173147,0.8760498265376336,0.9134191021410443,0.966539859311593,0.8502655956516418,0.8642985447139284,0.8898393963217797,0.5418054351898549,0.8879446640316206,0.8214192395195008,0.9877148082368065,0.7606912970317317,0.7955903232701602,0.9329016612088761,0.9727984881547205,0.9148319272892094,0.9061873961293254,0.6680233073997985,0.7751140922654678,0.8565016117177129,0.8921764228239651,0.8418533304885532,0.7475897054345033,0.8892564970818368,0.892300166642851,0.6775492941054015,0.7524688911812341,0.9493240017886775,0.6574169412452513,0.892176422823965,0.7570668080200509,0.6174691286098564,0.6089429446703849,0.7878173646451987,0.896616495658181,0.8631303479727153,0.9212094218042226,0.7931008126567498,0.9172347260035336,0.8570507515205235,0.6089429446703843
p52_V,0.9897005842887605,0.9593272108982547,0.9474363504294319,0.8797725351969929,0.9739353004390978,0.9453068780840739,0.9744548031329947,0.8850254890846809,0.8603806964337208,0.9422586572762626,0.9947922739901722,0.9834886668885247,0.9701956444682691,0.8875064656813965,0.9597183115335508,0.8120947282193267,0.9632197151594926,0.9005517611723415,0.9465829649206577,0.9422586572762626,0.8562170280320661,0.9106019687464653,0.9387522715750393,0.9778748351992479,0.9085306004621048,0.9005517611723408,0.9192692664872615,0.9728046393068173,0.9422586572762628,0.9396485145112712,0.9252584119301552,0.933854925314779,0.9170389579782947,0.8821858692988973,0.9783994202533962,0.9963814266559154,0.9287243013130126,0.9971482141805039,0.9453068780840739,0.8986240534007517,0.8164566502426576,0.9398552184521698,0.9453068780840739,0.9039991152692111,0.9049289388238141,0.8910797830157728,0.982045156274965,0.8832252198427537,0.8986240534007519,0.9215503362583839,0.933854925314779,0.7312295477766372,0.9005517611723408,0.9567930807361518,0.9971482141805039,0.6047383370411621,0.8967198703210437,0.9262700211315917,0.8890083039923193,0.9882866951437199,0.86363187133769,0.8401179909024565,0.9740280269133126,0.8713868932532187,0.9365495543873188,0.9806961724799361,0.9608853644890277,0.881023470294179,0.8433112534758137,0.9465829649206577,0.9513902666962701,0.48667502901954196,0.926270021131592,0.9176770250258659,0.9262700211315917,0.8085967097945839,0.6873498200453826,0.7999985225273294,0.8487983970512425,0.9453068780840739,0.9127085925971723,0.981516734621835,0.9621655518394647,0.9740280269133126,0.9262700211315917,0.9438611769441669,0.9285787467702742,0.849792909940636,0.9787541055293758,0.9238799558250632,0.9262700211315917,0.9215503362583839,0.9892510887603503,0.9860214269225274,0.9621655518394647,0.9784338630776168,0.9692647783532178,0.7026939192534005,0.8853068905384831,0.8625074231215517,0.9964497455422858,0.9820451562749648,0.9262700211315922,0.8393135246411974,0.9982829060475593,0.9393458182324887,0.9233367877012701,0.9319783545589047,0.9479529588566926,0.8790436222753693,0.9892540570511907,0.9025045192170258,0.8440788015007781,0.8981235706012942,0.9312498291554214,0.8286977146880734,0.9173873567154582,0.9465829649206577,0.8032566864413209,0.9073278767431969,0.9648149867446008,0.8842601377233776,0.9085306004621048,0.9935052137263447,0.9157575744752317,0.9036854008085595,0.9778748351992479,0.9359418950959316,0.9834886668885247,0.9390586815258848,0.9108285080080125,0.5607968996491417,0.9608853644890276,0.9453068780840737,0.9192692664872613,0.9835166844720726,0.9226059642386417,0.8029957991947378,0.9608853644890276,0.9215480977067743,0.829137094897159,0.9422586572762623,0.8506023909750837,0.7106214309374157,0.9646726783928248,0.8702334868194925,0.9972915455625416,0.8577812238906728,0.8986240534007519,0.7927482838407999,0.8188365372042737,0.9787794493663242,0.790906236123408,0.8255667761446863,0.9608853644890277,0.934782930905441,0.9010605643043956,0.9674296094225581,0.8828374282321871,0.8842601377233776,0.8854660642940761,0.8655688623664042,0.829517707536801,0.7954071200120822,0.7701296128142121,0.9100752707392668,0.798555937925866,0.8539618916939771,0.0,0.9069255356133903,0.9795101062491114,0.890857289602112,0.9964497455422855,0.8795346503658055,0.9445907438331094,0.8595966110423856,0.9393458182324887,0.9982829060475595,0.9862771939565296,0.8606368814689076,0.9173037124688752,0.9412221473859723,0.7827889772689449,0.923879955825063,0.9547159899124803,0.8550158291017749,0.8619849753418638,0.9407914522535386,0.9148532265533553,0.9566607558716711,0.9215480977067743,0.8564453484165355,0.8376570916690953,0.8793147311639431,0.9212056603520069,0.9262700211315917,0.9287243013130126,0.9666307012815274,0.8832252198427537,0.7878250223747296,0.9215503362583839,0.9834886668885245,0.9262700211315917,0.7444214402864633,0.8383226080395358,0.9422586572762626,0.9262700211315917,0.9291890936388462,0.9390586815258848,0.8351933115660992,0.8376383475152337,0.6812257613938326,0.923879955825063,0.9262700211315917,0.9035527788368717,0.9262700211315916,0.8306896126628702,0.7586066761590751,0.7878250223747296,0.9262700211315917,0.995365126319036,0.9262700211315917,0.9320715441706956,0.9523705671874025,0.9414399550230419,0.7445828254208205,0.9671595166054916,0.8519157031075455,0.9215480977067743,0.9064920176718159,0.9106019687464653,0.9499925548591655,0.862655629467032,0.7650499449422902,0.750365944096641,0.9363572562098182,0.9763180074296143,0.9164818738668177,0.7701296128142121,0.9080254870413738,0.9080254870413738,0.9632197151594926,0.93486766006626,0.9666307012815274,0.9262700211315917,0.9711421108889411,0.9262700211315917,0.9307170540351002,0.9390586815258848,0.9864847804128756,0.8948378117301918,0.8519157031075456,0.9778748351992479,0.9711413348444886,0.8549352491703697,0.9499732533316507,0.8820822039203281,0.8901465760392433,0.9312498291554214,0.9564638994905841,0.8057399079579857,0.9050418150758182,0.9238799558250632,0.936549554387319,0.8874451522233691,0.9453068780840739,0.9933453254058404,0.9211130322381667,0.9025045192170258,0.8596275693879698,0.9628847807117868,0.9864847804128756,0.8684441116940129,0.9525401487516011,0.8822491990500552,0.9393458182324887,0.9215002087301443,0.8752860258231274,0.981516734621835,0.9129137434283912,0.9393458182324887,0.8812788386063842,0.959289336074391,0.9540645211449862,0.7386038851386407,0.9207523226987693,0.9312498291554214,0.7329804735096709,0.8647724328974271,0.9882866951437199,0.6623875538882287,0.8655688623664046,0.8191720499149846,0.9393458182324887,0.9750732182935402,0.789371403725849,0.7108796835335619,0.9924720215011427,0.9963814266559154,0.9262700211315922,0.8986240534007519,0.9215480977067745,0.933854925314779,0.8778921909938127,0.961445514732078,0.8147735352468607,0.8986240534007521,0.9100752707392668,0.8719238159114557,0.9867855288772931,0.9579525796122139,0.8308680091747329,0.9732252851668585,0.9545293001176047,0.9585886436865689,0.9382889399640054,0.8603806964337215,0.9382889399640056,0.9895362449706256,0.8769922925568632,0.7767825823867107,0.9671595166054915,0.9262700211315917,0.9338549253147788,0.8868600994557605,0.9372898940428271,0.9393458182324887,0.936549554387319,0.8908572896021121,0.9262700211315917,0.9732023243541322,0.9393458182324887,0.991834013047275,0.9507968637523909,0.9195966234214434,0.9044839950643897,0.933854925314779,0.8864182724608496,0.7388470996316563,0.9479529588566924,0.9170389579782949,0.8401433753962446,0.9312498291554214,0.9783942835967552,0.7952832135311895,0.9148532265533551,0.9298900366288645,0.8032566864413211,0.8643676600597741,0.9142553407315159,0.9026980527302397,0.9632197151594926,0.9238799558250632,0.917264249846305,0.9854751824091426,0.8440788015007781,0.8666432963565711,0.8444196232194183,0.9262700211315917,0.9445907438331094,0.9755709899671716,0.9862771939565295,0.8804415508981578,0.9980151413438715,0.885013979630483,0.9262700211315917,0.9262700211315917,0.8986240534007519,0.9697149304764323,0.9997938512439112,0.9262700211315916,0.9422586572762626,0.9262700211315922,0.8875064656813964,0.7701296128142121,0.8793147311639431,0.8354035823308783,0.9229863666545894,0.9687835678910891,0.8166046992163082,0.8433637591649459,0.9262700211315917,0.7264467811299067,0.9100752707392668,0.9007283743508643,0.8842134420400924,0.9229863666545892,0.8815004286701447,0.6623875538882285,0.8478388087184401,0.9262700211315917,0.8007183209360424,0.9892338402162022,0.9770487718221068,0.8851893651205768,0.9729746309145171,0.7977016285855154,0.9170389579782947,0.9262700211315917,0.9625462746237226,0.9023373095376381,0.9262700211315917,0.9566607558716711,0.8254062902926009,0.7071502466066709,0.830218732848683,0.8778921909938127,0.9262700211315917,0.931726709420652,0.9260820873795645,0.7899856344434439,0.8515481001724026,0.8302187328486834,0.894303008215138,0.9547829507662422,0.9356543373145073,0.9312498291554214,0.9567497761417543,0.8860804513717158,0.9451809453601019,0.8086241367403575,0.9127627257334388,0.7614670317734429,0.9838698730483881,0.9338549253147788,0.9005517611723419,0.9262700211315917,0.604369314380097,0.9755754212710187,0.8325089095256681,0.9641658853133278,0.8948378117301918,0.9215480977067743,0.9426248889898698,0.9287243013130126,0.9666307012815272,0.9641658853133278,0.9262700211315922,0.7915677941670687,0.8320163936444086,0.973650278493619,0.9963814266559154,0.8429135209484417,0.9980151413438716,0.9148532265533558,0.9838698730483884,0.8553900575600106,0.8481691045286438,0.9422586572762628,0.7964643822804715,0.8787105864554916,0.9215503362583839,0.9398552184521698,0.910601968746465,0.6355418357562148,0.9312498291554214,0.47642470204871323,0.8814270131992576,0.8214022016228839,0.9424837518356481,0.9088921347045378,0.9947922739901722,0.925258411930155,0.8758965320044658,0.8130085806845471,0.8810633996109556,0.9928298361682764,0.9157471731122258,0.9195126963471607,0.9207523226987695,0.9044839950643897,0.9838698730483884,0.8466487030167306,0.9641658853133279,0.7031634644589086,0.9044839950643897,0.9988749295050934,0.8645692372246889,0.9312498291554214,0.8631024236475755,0.87970365086904,0.8024603188717954,0.8814270131992576,0.9393458182324887,0.9615175130004966,0.9477529989208207,0.936549554387319,0.8703719392743067,0.9488793874960454,0.8609784901515837,0.9864847804128756,0.9963814266559157,0.9382479844774667,0.7462887195817802,0.8527373988292303,0.9701956444682691,0.7982259123157001,0.8487983970512425,0.9814043466735347,0.9192692664872617,0.9246380042337008,0.9262700211315917,0.936549554387319,0.9262700211315917,0.9262700211315917,0.8834412055257683,0.9064920176718161,0.9574667735380061,0.9262700211315917,0.8270432063208971,0.8722680501511739,0.9390586815258848,0.853280753405103,0.6521067848688222,0.7649624355222835,0.9170154874636702,0.9149541032668209,0.8758965320044658,0.9170389579782949,0.7068224301833501,0.9912425166211665,0.9927191970098235,0.8822491990500552,0.9486113959222571,0.8911350110320613,0.9170389579782947,0.9666307012815272,0.8920352307212491,0.9540645211449862,0.9029940388302051,0.9312498291554214,0.9385615866746055,0.910601968746465,0.910741984607254,0.6679297777570367,0.8684441116940129,0.9566607558716713,0.9212056603520071,0.9064920176718159,0.883944268889507,0.9671595166054916,0.9508067898672803,0.9287243013130126,0.9674296094225581,0.8828374282321869,0.8425972883514732,0.9608853644890277,0.9958351300245707,0.9192692664872617,0.9726288979849312,0.8398327380849622,0.8908572896021122,0.8189389329324099,0.44972826086956463,0.9453068780840737,0.8063110583456288,0.8868472975146147,0.9149541032668207,0.8519166988830669,0.9508067898672805,0.9814043466735347,0.9535742709581216,0.9262700211315917,0.9338549253147788,0.9414399550230419,0.926270021131592,0.8350815096206265,0.9687835678910891,0.9882866951437199,0.9621655518394647,0.8190063568509288,0.9064920176718159,0.8610256794506839,0.9980151413438716,0.8275490149825355,0.9947922739901722,0.9460506870205918,0.9215480977067743,0.954241800259903,0.8469937143313189,0.9390586815258848,0.9044839950643897,0.8070148009406195,0.8506406171006058,0.859783194885084,0.9399526292268723,0.957466773538006,0.8401179909024563,0.9037744882056588,0.9593818128282503,0.9980151413438715,0.9479529588566924,0.9287243013130126,0.9314594402290505,0.9992361147000013,0.9499732533316505,0.9238799558250632,0.946672189591653,0.8835498911828263,0.9453068780840737,0.9226059642386419,0.9163641894859478,0.9438611769441669,0.9644659921256323,0.9480926838423982,0.9129137434283909,0.8911350110320613,0.9732023243541323,0.8796408056059104,0.9127085925971723,0.923879955825063,0.9338549253147788,0.9453068780840739,0.9262700211315917,0.978394283596755,0.7076127856531911,0.8647724328974271,0.8839442688895067,0.9262700211315916,0.9557537968420353,0.8330824155030772,0.9499925548591655,0.8875064656813965,0.8281279529015613,0.9474363504294318,0.9514132350720603,0.7916152288710598,0.7893575926490841,0.9787794493663242,0.8720196828265658,0.9976396685145794,0.936549554387319,0.9149541032668205,0.8967198703210437,0.9163641894859482,0.9700918760103958,0.9453068780840737,0.9998939897295667,0.9882866951437199,0.9453068780840737,0.4979888148874927,0.9608396174967289,0.926270021131592,0.9029310848828662,0.71486830659277,0.8895473564972312,0.9783994202533962,0.9106019687464653,0.8070148009406196,0.85727092324838,0.9238799558250632,0.6451062339004481,0.9192692664872617,0.9238799558250632,0.9238799558250632,0.9463248121641356,0.9262700211315917,0.9632197151594926,0.8943030082151381,0.9262700211315917,0.9804835086069064,0.8674280482355481,0.9963814266559157,0.9312498291554214,0.936549554387319,0.9287243013130126,0.9238799558250632,0.9877699899296339,0.861984975341864,0.9064920176718159,0.8994175298842655,0.9262700211315917,0.960528094354201,0.9312498291554214,0.7535181939942839,0.9671964864889473,0.8669149862082732,0.9465829649206576,0.9729746309145171,0.9873753172512802,0.9700918760103958,0.9085306004621048,0.93073414094589,0.9988749295050935,0.950100620710661,0.9593818128282503,0.7660482226484921,0.8820822039203281,0.9465829649206577,0.8986240534007519,0.9312498291554214,0.9233367877012701,0.8795346503658057,0.9262700211315917,0.9783994202533963,0.7226495344434962,0.9422586572762626,0.869011243678742,0.9928298361682764,0.9947922739901722,0.9349531092475738,0.9215480977067743,0.8812439311053275,0.9125027786200273,0.9262700211315917,0.9262700211315917,0.9674296094225581,0.8614227191678698,0.9430481070778807,0.8269853697573013,0.8631024236475755,0.8093661913172968,0.7343256807960641,0.8740965494302184,0.9025045192170258,0.9365230764056003,0.9262700211315917,0.9108934032586795,0.9338549253147788,0.9453068780840739,0.8190063568509289,0.9393458182324887,0.9040321756986966,0.9262700211315917,0.9262700211315917,0.8967785749727069,0.926270021131592,0.9085887718011605,0.9910116109880955,0.8911671681830463,0.7065961642215366,0.9998939897295667,0.9263171362637793,0.8025573226649727,0.9608278274479636,0.9262700211315916,0.8769922925568632,0.8815759135734631,0.9778748351992479,0.9465829649206579,0.8849274195030088,0.8226499774164824,0.8702334868194925,0.9438611769441669,0.9287243013130126,0.7041078187604556,0.9262700211315917,0.8542090792577641,0.8804415508981576,0.9088921347045378,0.8869484401687344,0.7308381679303197,0.9148532265533558,0.9761954302339548,0.9434406127527225,0.9912425166211665,0.9323614642024436,0.8919886900160552,0.9192692664872613,0.8188365372042747,0.9462642492317385,0.9005517611723417,0.9802655900904539,0.9338549253147788,0.9238799558250632,0.9166641159071933,0.9679401264121574,0.905775346051561,0.9842266375606263,0.9918340130472749,0.9390586815258848,0.9453068780840739,0.9918340130472749,0.9149541032668207,0.9488335374664889,0.9298859761394196,0.93073414094589,0.8188365372042745,0.9106019687464653,0.9285787467702739,0.9233273513952847,0.9599453718988955,0.923879955825063,0.9964497455422857,0.8460674815713256,0.9287243013130126,0.8657198727005984,0.9438611769441672,0.8277433989123961,0.8141796477901989,0.9262700211315917,0.8953476735959469,0.8830688616383844,0.981795038974961,0.9422586572762626,0.9772059176873138,0.9804835086069066,0.9711407044649496,0.9262700211315917,0.8610256794506839,0.8063110583456286,0.9044839950643897,0.8422256476559364,0.8753650611804646,0.8533117429016547,0.9338549253147788,0.8469937143313191,0.9835166844720726,0.8890083039923197,0.9603772619755434,0.9451809453601019,0.946772451029041,0.9289749041786237,0.9838698730483884,0.926270021131592,0.956749776141754,0.8121049265617377,0.8740812001922271,0.9149541032668209,0.8182699905084854,0.926270021131592,0.9238799558250632,0.9012880768409384,0.7892861905639388,0.9298859761394196,0.7984915725777966,0.8460051217150801,0.9262700211315917,0.856894915833124,0.7833557736607563,0.9795101062491114,0.9262700211315917,0.919205175026629,0.9971482141805039,0.9393458182324887,0.9064920176718161,0.9238799558250632,0.6738149368236546,0.9740280269133126,0.9049432776121404,0.9964497455422858,0.9840722722855646,0.7066187054453236,0.8138429230825618,0.9262700211315917,0.9297151907027391,0.9262700211315917,0.9393458182324887,0.8997276216491682,0.8572820830599013,0.9453068780840739,0.9967600334448159,0.8127887928246991,0.919098962171919,0.9207523226987695,0.9262700211315917,0.987360942702671,0.8871731765799364,0.8393538471538915,0.9593818128282501,0.8769922925568634,0.6977360889985449,0.8911350110320606,0.8893119774375078,0.9100752707392668,0.9236056527787468,0.88707869521412,0.9100752707392668,0.4475763939711439,0.933854925314779,0.710879683533562,0.9100752707392668,0.9453068780840739,0.9372898940428271,0.9778748351992477,0.9386135340765338,0.9701956444682691,0.9229863666545894,0.9044839950643895,0.8429423482710734,0.6885429846599858,0.9064920176718159,0.9367150815560807,0.9709418084101293,0.9834886668885245,0.9508067898672805,0.9345860498311866,0.8875064656813965,0.9198200036207239,0.8008766301048562,0.9020199101528918,0.8401917985984976,0.8986240534007519,0.9287243013130126,0.982045156274965,0.9129137434283909,0.9416339200957937,0.8948378117301918,0.9297151907027392,0.9385615866746053,0.933854925314779,0.936549554387319,0.9913052550564888,0.8929765886287624,0.9607001088217887,0.9121513639211625,0.8911350110320613,0.9904210882682871,0.9479529588566924,0.9229863666545899,0.9307341409458901,0.9995450065296554,0.8473491267717792,0.8735911795315163,0.8832252198427535,0.8862173869507363,0.9912425166211662,0.7329804735096698,0.9865492959008102,0.9005517611723408,0.9192692664872615,0.962165551839465,0.9363572562098186,0.99597686199913,0.9388460972504872,0.9127085925971725,0.9419553236798637,0.923879955825063,0.9557537968420351,0.9521101123311808,0.9820451562749648,0.9287243013130126,0.8860804513717158,0.8948378117301916,0.9671595166054916,0.8749450670155862,0.8246644637633853,0.936891233316494,0.9215480977067745,0.9666307012815272,0.9059164051183515,0.9044839950643897,0.9149541032668207,0.9312498291554214,0.8409905928034589,0.9044839950643897,0.9912425166211665,0.8708704516729389,0.9480926838423981,0.9287243013130126,0.9422586572762626,0.8336526153804951,0.9393458182324887,0.9881101175468499,0.9912425166211665
p53_I,0.7923491561692559,0.9010471309686272,0.7534619072780846,0.9534956790158264,0.7924069556780697,0.9250632826893763,0.9606654229987994,0.9776655472403325,0.8445387151090222,0.7428504253927599,0.8168555449761876,0.8663503378902107,0.8076791997491755,0.8903235986638645,0.8566207943671361,0.8913942669451076,0.9419702363716831,0.8611574509681621,0.9811187570828699,0.9166835378272546,0.7546993892925005,0.8124356772187871,0.8773273917878177,0.8070999688196363,0.8330592294891925,0.9076960674031369,0.9419702363716831,0.5989017387983258,0.8788539781850342,0.9243704273812205,0.9228846908561614,0.8387640413572673,0.880293387833335,0.8746899401018584,0.7622165788456627,0.9449933732356441,0.9127200248974268,0.9346457727814363,0.7564255978266244,0.8789147099104677,0.710996140742082,0.8023793742731765,0.9554950475041238,0.7066797583728079,0.9698077026919338,0.8004525449171709,0.855756563598304,0.9876110385585694,0.7873050390084448,0.4831073423082709,0.8054291866972145,0.6821552509454081,0.9309653756206249,0.8744831409853469,0.9618219652554874,0.8058647575691209,0.9911416000294788,0.8453085223330423,0.8670348083195429,0.8925106518208057,0.8667494278414475,0.7720687409823805,0.8596108504219836,0.9371433686720367,0.8668758171222235,0.7065588190286329,0.89455712136231,0.7537510091340972,0.8041340106657586,0.9449933732356441,0.8642160879780119,0.7873050390084448,0.9358796528302649,0.4692287354982554,0.8453085223330423,0.6864532447037703,0.8633657763496987,0.8168555449761876,0.7112842945887539,0.9250632826893765,0.871202012761985,0.8718048700433567,0.8411908676646682,0.9759573915094234,0.8453085223330423,0.8495789534850302,0.9652259746115222,0.849209050346576,0.9195639537908282,0.8402939714046163,0.8453085223330423,0.7534619072780842,0.8500977929873388,0.8017352681025608,0.9288370915962978,0.8999882557142624,0.778728162120824,0.7060799269307148,0.6190868424402668,0.5840808111286572,0.8509744558805432,0.9201023553084946,0.9660700296626721,0.7687696068819956,0.8311081856034911,0.8727426055411924,0.8092714200524824,0.6014261046608693,0.8673073586405288,0.5125854053488028,0.7600201396584207,0.8970085635904692,0.7356822206931878,0.8365622762061435,0.9201023553084948,0.6230889412536784,0.9541751109351875,0.76600355598655,0.9250632826893765,0.6999210827022073,0.9570580562743763,0.8433133516871907,0.9079675824567621,0.9258230387913632,0.9775039920556008,0.7833061545806643,0.9127200248974268,0.9150414091651622,0.9836926141722804,0.9239298958700635,0.7824891593954819,0.855756563598304,0.8612222667022571,0.8758672676331243,0.830620371090681,0.8619706498951782,0.6067595336293761,0.9612268306824161,0.8612222667022569,0.8925106518208061,0.719050571392783,0.878853978185034,0.7866982834688335,0.7448627614749652,0.9329707512857153,0.9699771249351568,0.6916156328946794,0.5440273342819868,0.7775490242069445,0.5155531931138984,0.878853978185034,0.5203199742221267,0.9392568578203683,0.6694992448301285,0.9278919760223632,0.8560122921849627,0.6972479565617551,0.8939724380988585,0.6052577287673627,0.7311245494187171,0.9890709053050666,0.9522752511635897,0.8477364707151382,0.47905306474029263,0.7555438117541251,0.805122541654671,0.9585503729088413,0.7457880219620745,0.9069255356133903,0.0,0.7639794379599407,0.840293971404616,0.7833099084134094,0.8497296582762437,0.952006454697794,0.875975891919976,0.9449933732356441,0.86890152426909,0.8798049357232041,0.8314929627204579,0.8491455367576926,0.9969960814921376,0.9637487016590986,0.9283006786161674,0.700600435042251,0.7108817409339427,0.6568419494252509,0.7170036306948266,0.8479191510020667,0.8744114737156556,0.8504983624441864,0.7189884198520011,0.5915955427894755,0.432916419950927,0.8485162987035884,0.8453085223330423,0.7448377452012054,0.9647165783264123,0.9175128122831238,0.7983563423348716,0.8482263968539271,0.9283006786161676,0.8453085223330423,0.6592491920303529,0.5367712729815625,0.7806799850349808,0.8453085223330423,0.9801119473952511,0.943585793190133,0.7978499801257842,0.8629126862612333,0.7104700363661218,0.8402939714046156,0.8453085223330423,0.9249871771521936,0.8453085223330432,0.7177290241834164,0.7281141886318521,0.7167621483407913,0.8453085223330423,0.7368868808854037,0.8453085223330423,0.8111534792839268,0.9196084313474926,0.8249883989729043,0.6680656726241985,0.8879294594533991,0.45343528445776815,0.8639560978502494,0.8038126664077956,0.6527982819066382,0.8597536350906678,0.8788555784485382,0.7731286525742258,0.8612222667022571,0.8888972252279981,0.8214479072679648,0.935005241301464,0.8069946373005754,0.8795111309292425,0.9828975878302721,0.7239801677853104,0.7792054646766342,0.7933892545030743,0.8453085223330423,0.7091094794724756,0.8453085223330423,0.8004649260870438,0.8598552336091729,0.9612268306824161,0.9983885175663375,0.45343528445776826,0.7137066333919899,0.6002220199270705,0.8580286804783823,0.7739591026453143,0.9988219696289204,0.7555085421050044,0.7259957902854575,0.7298011552770369,0.7298011552770374,0.3530031745616454,0.8402939714046163,0.9945578164232356,0.70756749171648,0.7564255978266244,0.8302558802376572,0.6135333975324104,0.8427611657869751,0.9811033306672006,0.7256921749825871,0.9945616853424688,0.5522323571983225,0.49723818019314825,0.7305914900838877,0.8727426055411924,0.5394766847603447,0.8550643194854683,0.847736470715138,0.9112335610699702,0.8727426055411924,0.9298313020987593,0.40522112321263903,0.9252746331959655,0.7075369095747743,0.7850367980772612,0.9522752511635897,0.7528163950686995,0.4866493346916083,0.8354015438796933,0.8557565635983042,0.9522752511635897,0.5168259782517668,0.8727426055411927,0.5578910454521733,0.830187739924825,0.6830436341608008,0.8929270235230339,0.9811187570828699,0.845308522333043,0.9247195453614794,0.8354015438796933,0.9721034599974787,0.4790530647402931,0.7052410351807132,0.8879294594533991,0.8331098744594567,0.9839152575187717,0.5167039397527768,0.5457109912678012,0.7146076915018468,0.8923371878341457,0.8872563905716788,0.820870752359421,0.7486287533265856,0.9166835378272546,0.7727956892478673,0.9166835378272546,0.9965634851350167,0.6880591280292303,0.7804053005219569,0.8546873737058384,0.8453085223330423,0.9278919760223627,0.8870521190855059,0.814618834533186,0.8727426055411924,0.9708005919631293,0.8989651095456501,0.8453085223330423,0.992154613586478,0.9811187570828699,0.9250632826893765,0.9166665444968229,0.8086241137728971,0.8236680713869196,0.9945616853424688,0.45099153550347404,0.6000023740703126,0.8330592294891925,0.9294732648483086,0.6257304354122442,0.7259957902854568,0.9762512276294906,0.6636923632262763,0.9541751109351875,0.8944062378898098,0.8852493927538767,0.44375664860271913,0.7731286525742256,0.41974454705213804,0.830620371090681,0.8402939714046163,0.9890040793133512,0.7631784929239953,0.473542340691525,0.48194796811835383,0.5540775873528088,0.8453085223330423,0.6224793445424673,0.9094075746483057,0.8181552978994138,0.9098323214516961,0.9545130974694751,0.4441090146750525,0.8453085223330423,0.8453085223330423,0.8462562773834622,0.7010526633867122,0.6573813962280275,0.8453085223330432,0.9166835378272546,0.845308522333043,0.7850367980772607,0.6869427110255244,0.562734986239221,0.9962604064950795,0.8317539034743855,0.8888308259151547,0.5702426624872199,0.5209505082385932,0.8453085223330423,0.7008897039294757,0.7852566843364377,0.475738415409666,0.5968800087648316,0.8744114737156556,0.8718232481781865,0.855756563598304,0.4756908572228754,0.8453085223330423,0.6171644618312209,0.8611574509681617,0.9104282156297356,0.8999349339489291,0.943851136706642,0.6341929552557501,0.8259410028852325,0.8453085223330423,0.7883495493497483,0.7837938415192061,0.8453085223330423,0.9810553993188316,0.6622726434743724,0.7532819070923265,0.5563268746789238,0.4659919046455373,0.8453085223330423,0.9725278872102623,0.6681329251250492,0.8668758171222235,0.8022324859395513,0.7016109694081297,0.5103170102949557,0.9081959994822846,0.7517622723226809,0.9201023553084948,0.8434109305323629,0.7011568347813255,0.8283175748678029,0.6139688278962009,0.7827906596168275,0.711112069552523,0.9508421171678401,0.9278919760223627,0.954234683838113,0.8453085223330423,0.9088679893884184,0.8415647093616656,0.686837292945904,0.8971972162838038,0.8238112539195654,0.8354015438796938,0.855661997740464,0.9938866396749274,0.8354015438796938,0.9208363590634636,0.9358796528302649,0.9276111209519073,0.7249429669254783,0.8505534249810682,0.9466304752226787,0.6052110184704358,0.9698277832460839,0.8067489792152911,0.9998519340878551,0.7968619919750121,0.8888308259151545,0.9166835378272546,0.8206129175654857,0.6584993107530264,0.9360214345509121,0.7954465711283287,0.8124356772187877,0.7570626016884328,0.9512060612711242,0.9831242573594567,0.9932728688879772,0.9128337206956465,0.8958732693715752,0.9545393092820331,0.9468315625852828,0.9661110538140114,0.6496130257099106,0.6435928969301188,0.8551257615930106,0.9976451690121844,0.7745866170524455,0.7496882049140345,0.688529198989722,0.7912375393615875,0.9018323002478255,0.5636746198005662,0.9231924198056227,0.633009615226904,0.8875111366744607,0.8795111309292423,0.7873578603671447,0.984448147018685,0.9868763102725366,0.5915955427894752,0.9500012334294734,0.9062931658379946,0.8021289398337759,0.8084660810665609,0.8814190381762596,0.9945578164232356,0.8845859709276045,0.9698077026919338,0.8306203710906812,0.8720988960173207,0.7298781721393243,0.8148187834615366,0.5490315597442574,0.7347840386159992,0.8402939714046158,0.8402939714046156,0.9246583353169089,0.7677700366499793,0.8306203710906808,0.6846163366832508,0.8453085223330423,0.9015174087358591,0.8453085223330423,0.8453085223330423,0.5443035064431863,0.9756431574521377,0.8137531675852785,0.8453085223330423,0.7267452666457486,0.6065404214725643,0.9974465148496587,0.9533857212213342,0.6694992448301282,0.6575186955139196,0.9940394767033784,0.8870521190855054,0.6646130357256403,0.7392399175299516,0.7978499801257839,0.9015174087358588,0.9500012334294734,0.7435434460435437,0.7822903704704465,0.7932056019826115,0.9566494573223597,0.7362801465619608,0.9403900351549089,0.9015174087358588,0.802860958803522,0.9201023553084948,0.8721925088905396,0.805588579299374,0.9373903551042684,0.8038126664077956,0.6641214501622599,0.9597266141981964,0.8667494278414473,0.926633340532123,0.9146962715308279,0.8868602695609339,0.9397609250460663,0.8504578012789961,0.9893032060609712,0.7627135361247276,0.7319058983376445,0.9278919760223627,0.7219765488875294,0.8631674993865631,0.7782272604281428,0.663956089506978,0.9283006786161674,0.5275424558602666,0.7754561997159459,0.9156811575686241,0.5265711250104048,0.5773841119784668,0.8158750632402936,0.571314599992673,0.8124356772187871,0.6942120291199729,0.6488048444890967,0.8453085223330423,0.9278919760223627,0.9839152575187717,0.9660700296626721,0.7658928567145236,0.8055885792993741,0.793389254503074,0.9288370915962978,0.5127464840317311,0.9508421171678403,0.4567177973823563,0.8788539781850344,0.5273484469261589,0.8712020127619848,0.4616572830499349,0.8354015438796938,0.9838256497964107,0.835825592013776,0.741919849688756,0.8718048700433567,0.7725195832430405,0.9278101804730198,0.4889399175033997,0.5399862187803468,0.8950021976073843,0.785562793340605,0.6208629775689252,0.5800121351285623,0.9923426571116956,0.9329370334459521,0.8693621924380661,0.755484688498901,0.7624922713563843,0.9409669977890662,0.8402939714046163,0.574190512439365,0.6394769096553139,0.9250632826893765,0.529050522065987,0.9190331654160292,0.929916777440585,0.7455249696999708,0.8900757604456215,0.8582617618767492,0.8364319649404615,0.8922768096297187,0.8111643310885122,0.8168555449761872,0.9836926141722804,0.8612222667022571,0.9648771726248762,0.8453085223330423,0.7393771672931395,0.604859196092431,0.761896208693354,0.8798049357232043,0.8453085223330432,0.7370460097948759,0.5588294236028686,0.6661850073249986,0.7850367980772612,0.7429388861893356,0.7534619072780842,0.8282534095803049,0.7961228068571852,0.7793611967910414,0.805054247677091,0.7235954025780539,0.8156672645783425,0.866875817122224,0.846033921494949,0.9911416000294788,0.984448147018685,0.7615757470088254,0.8852493927538769,0.6205630319738813,0.9496197597619187,0.9554950475041243,0.8213551610187866,0.9911416000294788,0.8754988991654504,0.6430559057392768,0.6955847482253075,0.8382543236810016,0.8829780861752915,0.7037283810375496,0.6559221707311713,0.5443588652140713,0.8402939714046163,0.9278919760223632,0.8584578374109313,0.8402939714046163,0.8402939714046163,0.854377682596332,0.8453085223330423,0.8353300330663125,0.8781070479449893,0.8453085223330423,0.8477364707151382,0.7496882049140345,0.8743797075282272,0.9201023553084948,0.9015174087358588,0.943851136706642,0.8402939714046163,0.6392671309556504,0.613762816148294,0.6325744390120335,0.659452903948115,0.8453085223330423,0.7908819181699809,0.8557565635983038,0.7995996720587015,0.5756190767024377,0.8506363483640345,0.9088679893884184,0.9127200248974268,0.6925212017162,0.825650409269717,0.8580286804783825,0.8453085223330428,0.9581347202095198,0.8850140865339018,0.8796583278983117,0.8750135632959383,0.8688459520198257,0.910505091375453,0.8331098744594563,0.9201023553084948,0.8276609219349842,0.6818098359732979,0.8453085223330423,0.9660700296626721,0.7201972102043004,0.7806799850349808,0.6150804374896737,0.9141327700514328,0.8428507484980066,0.47949700311473364,0.8354015438796938,0.6103334973513901,0.3984563403050223,0.8453085223330423,0.8453085223330423,0.9717886753256386,0.7556394264797687,0.9350052413014642,0.8277505371684886,0.5412578616352204,0.6487803895066004,0.7044749407950666,0.44907323222450757,0.8191038684576519,0.4364902401095987,0.8453085223330423,0.9247661785971237,0.9278919760223627,0.7564255978266244,0.5532286411064042,0.8727426055411924,0.7045984791912588,0.8453085223330423,0.8453085223330423,0.5099532348421065,0.9056892759978576,0.5107024627626389,0.8124356772187873,0.6790340559718844,0.6936002001320851,0.9127113681766141,0.8501636656220541,0.49985467606450085,0.7139089211436533,0.8453085223330432,0.7419198496887558,0.42998071491136647,0.9127200248974268,0.9449933732356441,0.9590052223665487,0.9539024856099192,0.9922374315421698,0.7491566735405868,0.8070999688196365,0.729413127585067,0.8453085223330423,0.5764274471450119,0.9901701454072507,0.8888972252279983,0.854505353679667,0.6489908818735821,0.8598769591818514,0.6024152688061581,0.668330320857969,0.89063304158233,0.9270847215663895,0.6481327480661858,0.9141327700514326,0.9923426571116956,0.878045440045608,0.9542346838381128,0.5814280075411443,0.7387594773771091,0.8696295404751335,0.8568362476989845,0.6528188626938127,0.8598552336091727,0.8654099307954197,0.8360533776976246,0.8991670282493116,0.8360533776976246,0.995308937439624,0.703679809804524,0.9968957886292149,0.7883495493497481,0.8225973325104771,0.878853978185034,0.8379007267842431,0.9074487775611981,0.6513582367412005,0.8531171953592842,0.7783436306786586,0.9009222034066343,0.9795863064544912,0.6825755215827741,0.7610907667094837,0.970085689418362,0.8446430700438506,0.8490659365839182,0.8453085223330423,0.7700582279392505,0.9131684630076987,0.7704446923004901,0.7428504253927599,0.9916377529077619,0.8718048700433565,0.8324282514888366,0.8453085223330423,0.6529634238644662,0.5527606391111077,0.8153059386898055,0.4520378250621805,0.5228280913216338,0.489194882811979,0.927891976022363,0.6893519288239107,0.9729979035639413,0.8670348083195432,0.48911528777401536,0.8773273917878179,0.6190132764675365,0.8852493927538767,0.8283175748678029,0.9056892759978576,0.983876700278074,0.9247195453614794,0.6286790644924976,0.9226406470081114,0.5283805533873762,0.8225973325104772,0.8402939714046163,0.7231445864806912,0.6788749292271647,0.7176964813354536,0.553444476085567,0.518245326547862,0.8453085223330423,0.5021838886204464,0.6275679716789673,0.8482088784292232,0.8453085223330423,0.47259633292759495,0.8802933878333343,0.8727426055411924,0.9998519340878551,0.8696295404751337,0.6295490530004186,0.7898029257695209,0.9784973891220774,0.9863035508148099,0.9619444955118872,0.9018323002478255,0.5489453878695858,0.8453085223330423,0.9094884033092889,0.8453085223330423,0.8021289398337758,0.7498443095209253,0.7146076915018464,0.7564255978266244,0.8082242366088138,0.8025831300481507,0.8917267192599345,0.7850367980772612,0.8453085223330423,0.6997171692269581,0.5345089973226709,0.742033704957568,0.8148187834615366,0.7419198496887551,0.8945571213623105,0.7715924205036861,0.7416703941129102,0.9044518282458383,0.8252219490096806,0.5572682803563269,0.9044518282458383,0.7850367980772612,0.9612268306824159,0.6990706059134395,0.9044518282458383,0.7564255978266244,0.9309653756206251,0.8382310806288511,0.7631784929239953,0.9576362476866849,0.6136976833891,0.847736470715138,0.8980153588374259,0.7615757470088251,0.8041087982320857,0.9698491467542761,0.6630369355794155,0.8956859069607279,0.932913827126654,0.9809539657112067,0.8271515183119025,0.7356211109752238,0.7625301043922678,0.9254370987641154,0.7207768433582067,0.9247195453614794,0.7759688570104208,0.8879294594533995,0.9651655741458478,0.9795863064544905,0.8428133176165025,0.7793611967910414,0.9700864819897078,0.927891976022363,0.9015174087358591,0.9741625060985154,0.9507486475792051,0.8886556660998206,0.7085630147594197,0.8364319649404615,0.8826738684452651,0.9329370334459521,0.8957402588362913,0.8453085223330428,0.8433919709176587,0.7986360656681148,0.9659024674482177,0.917512812283124,0.9345838053132112,0.9361590003494942,0.8340654250908051,0.9794422037446149,0.9076960674031369,0.9141327700514328,0.841190867664668,0.9893311905020263,0.9840283269623173,0.9044591381767229,0.8948411555416449,0.9270983601565033,0.9869718167572021,0.7846162980575265,0.8179639313556324,0.8557565635983038,0.8504578012789961,0.7656189316776311,0.9571614253051384,0.8879294594533995,0.8434109305323629,0.5837991561245935,0.8165894621006846,0.9210652057913622,0.8354015438796933,0.5645245454703243,0.895873269371575,0.7570626016884332,0.9512060612711245,0.5790822513873539,0.871804870043356,0.8668758171222237,0.7417180014378049,0.9679804555784387,0.8815889130882111,0.7806799850349806,0.9162820720232239,0.8021289398337758,0.9253324310838693,0.866875817122224
p53_M,0.963270423784758,0.4043158063046651,0.8600960853075243,0.9456563706563708,0.9225015741707872,0.815854081253247,0.9205684008254336,0.9754196246660425,0.8532445498042329,0.9393074128728371,0.8945436312571673,0.9909903972974269,0.9909903972974268,0.6709459459459477,0.9782627514963838,0.9953716271095243,0.9159086277875702,0.7867777182755422,0.9362456943690352,0.6589076603453446,0.9748902772283725,0.9833076730146284,0.689299765890317,0.9250812961986936,0.9796265153694581,0.8954688163631979,0.9996171864694428,0.9629372157622487,0.7163055070284614,0.8319401484710858,0.8855707623626503,0.9304741538905168,0.9127986978904696,0.8761642169182171,0.9225015741707872,0.9541300190655136,0.9723157551667552,0.8397987506959195,0.9425114327004687,0.6548169508502086,0.8464976705745091,0.9589001101087928,0.9970799457879603,0.8963527586425648,0.8314344420445829,0.9152760096032463,0.9277359074596558,0.9545326346798217,0.8934425806304627,0.8600960853075243,0.9810522968844484,0.6975441958916995,0.8954688163631979,0.9911110085568768,0.8810325092648545,0.9598848913568983,0.925662981663943,0.9225015741707872,0.7832489280769407,0.9175383063396301,0.8566618970084516,0.8037941781088711,0.8954688163631979,0.8992865236029117,0.9333065093925879,0.9841426259841167,0.930474153890517,0.8668232696277716,0.9581391175068812,0.7348814459346107,0.7730044939464991,0.9675603521328207,0.8026557942277549,0.7762334993076099,0.9225015741707872,0.8267698008899675,0.9007798745624749,0.8945436312571667,0.9327564544572138,0.8762627027648182,0.9476888747140071,0.84476929636612,0.9872440367335156,0.8954688163631979,0.9225015741707872,0.6380909553804,0.9833076730146284,0.9202978514453768,0.9657137598563996,0.9199893491338638,0.9225015741707872,0.7118238016013596,0.9505155556390591,0.9728718825468239,0.9872440367335156,0.9545326346798217,0.7205630129119165,0.9994799761556172,0.8863697661712902,0.864281472046126,0.9374493795642358,0.7305581692424301,0.9683086794376969,0.7590195831047363,0.9392192873892272,0.9362456943690349,0.7788919388116393,0.8686035105342411,0.9067169102590357,0.8001837518032735,0.584741184576531,0.5999538421934988,0.8249230515863106,0.9677368608399362,0.9277359074596558,0.866031133487718,0.8879743544154314,0.9362456943690349,0.9425114327004684,0.9141659482022881,0.9840203145777717,0.7371378063155161,0.8688313854685341,0.8848772518315144,0.8220836588712381,0.9028538097082639,0.9250812961986934,0.9916899465284603,0.8129498901600087,0.900528591305265,0.966512293952305,0.7793733011421315,0.7154788451519609,0.9425114327004687,0.9151430007264558,0.9745530391331472,0.9098072961938488,0.930474153890517,0.9810522968844484,0.9175383063396303,0.9004472787052864,0.9393074128728374,0.8739981632251432,0.8072372903694064,0.7781726858104153,0.8636009307043999,0.960727306532649,0.8844834814579883,0.9629411142488209,0.7889262056992293,0.9393074128728371,0.856661897008451,0.743458184420491,0.8425111710827857,0.930474153890517,0.928191847439642,0.9034440556198295,0.8984288710052624,0.9555787283612049,0.9803110486563886,0.9563208848672782,0.9765510393593577,0.6621773883959177,0.8766054254974633,0.8691840392913504,0.9767788452564458,0.9643000102862664,0.8103747847408737,0.9795101062491114,0.7639794379599407,0.0,0.9199893491338638,0.8914410719709878,0.926294271657448,0.9217191359172516,0.9546924721473813,0.789693589217336,0.9164608983913021,0.8413691387214933,0.9042616895323653,0.865360169409114,0.8794805910768588,0.8005617407924148,0.9019701437287178,0.9817736690619319,0.8356361923578172,0.7834401607250983,0.9626060136565602,0.9105012505384157,0.7927291158126466,0.9524863574623583,0.9348849767198617,0.6652043473437464,0.777738759032033,0.8566618970084512,0.9225015741707872,0.9250812961986934,0.9175383063396303,0.9545326346798217,0.817602597906244,0.9860020009225581,0.9464802705130723,0.9225015741707872,0.9070332051256152,0.8171328531473732,0.9393074128728371,0.9225015741707872,0.9923629538293707,0.8707051888795789,0.9001248489566038,0.8687046313896171,0.9804388689276406,0.9644994759182186,0.9225015741707872,0.9101253302890756,0.9225015741707872,0.8126753339921782,0.789095054969003,0.7763356532083403,0.9225015741707872,0.9256748817505505,0.9225015741707872,0.8391064044605026,0.8583829421286902,0.6150752113686129,0.9734447923819873,0.9277359074596554,0.8670691527427365,0.9175383063396301,0.9760740600631372,0.9446701888736628,0.8390267134917062,0.761988855667826,0.784823688193983,0.8166351311398243,0.8464976705745093,0.966504522233656,0.8515474244094854,0.7665123778217,0.8707051888795789,0.9005285913052652,0.9573800935979493,0.7371378063155161,0.9175383063396303,0.9225015741707872,0.9865413873777831,0.9225015741707872,0.9320935504473005,0.8608841892892483,0.8672132741337563,0.9419297756780973,0.8474174732241326,0.9250812961986934,0.868911712359733,0.9796265153694581,0.7580097776797337,0.9871307482212135,0.8982849455083568,0.9277359074596556,0.7158268936821196,0.9413841187405538,0.8673673306127481,0.9199893491338638,0.9090110235284591,0.955007445655888,0.9425114327004687,0.8843266909277847,0.9307077762079485,0.994794736900322,0.8709441203954518,0.7742404730452284,0.9177914171276885,0.9174247400641591,0.9278841620742223,0.759548936403789,0.9362456943690349,0.8409852188934133,0.9244681771215604,0.9908428227422801,0.8554422952177849,0.9362456943690349,0.9449250987515145,0.8164758144403543,0.9333065093925879,0.8931207173207166,0.7348455598455607,0.9277359074596554,0.908100813607729,0.8646968813220217,0.9958114695283622,0.9277359074596556,0.9765510393593577,0.8130192570984573,0.5704450160864339,0.7717401218444744,0.7786058683809314,0.9803110486563886,0.8595616759071827,0.899317875782788,0.9858842152953934,0.8980618185144615,0.5625603488683251,0.930474153890517,0.8171533088157461,0.9717363674692562,0.6817430373427276,0.8633125517052826,0.9026532767809434,0.9010732460673784,0.8902538431230815,0.9829744616877814,0.8721522076224949,0.9619992217007188,0.8935287892084292,0.7121998596190859,0.888499047077812,0.8804580254427763,0.7737033537115783,0.9069834982716531,0.9899987985823229,0.8825312832177465,0.9746338287409401,0.9225015741707872,0.9304741538905166,0.9594610274348983,0.8573895994669336,0.9362456943690349,0.9090110235284593,0.8574600169443631,0.9225015741707872,0.9038554657884541,0.9362456943690349,0.7554454597416759,0.9644063381076242,0.9934590369335653,0.9178060595541999,0.9810522968844484,0.9307077762079483,0.8734045114756085,0.9067169102590361,0.9127986978904699,0.7837406356930052,0.9277359074596556,0.9069834982716536,0.8877861904107731,0.9911110085568771,0.9930717933056203,0.5742195952069626,0.8586643310719655,0.5999080000733644,0.838155654478205,0.9996171864694428,0.9199893491338638,0.9307859145758749,0.8587244274859525,0.8646968813220217,0.8666700240013838,0.7735998582050239,0.9225015741707872,0.8630735051841625,0.9428273933582367,0.8101893197884852,0.8514064619648858,0.6589076603453443,0.7639794379599407,0.9225015741707872,0.9225015741707872,0.9675603521328204,0.9893119279969469,0.6903504863456468,0.9225015741707872,0.7163055070284614,0.9225015741707872,0.926544401544402,0.8431623547994256,0.8762239943203827,0.7568486889608452,0.916016184190124,0.5916800014347496,0.8456919212457588,0.874548340129403,0.9225015741707872,0.9431630082939244,0.6753591503499181,0.8360896531359454,0.8795237864134211,0.7927291158126466,0.959734549563164,0.9277359074596556,0.8468499430042016,0.9225015741707872,0.7954727974058654,0.9280014806583247,0.9599152794224373,0.9450486611366713,0.9332153268971218,0.947113500089245,0.42746116500656806,0.9225015741707872,0.9707210114575817,0.8805967059651959,0.9225015741707872,0.9483778175231496,0.8788400992380331,0.9471996667571778,0.7607958355031892,0.8567880532702243,0.9225015741707872,0.820562288093326,0.9317763606197278,0.9858673317522388,0.9235286289002835,0.9786889734490313,0.9141868065994085,0.8882603289449447,0.8742174652217714,0.9277359074596558,0.9455311507530763,0.8267698008899673,0.5033963358644576,0.8612045594090734,0.731570224203422,0.9619776763871524,0.9017126880527937,0.9304741538905168,0.9307747569588933,0.9225015741707872,0.9541300190655136,0.9626060136565603,0.974511888792829,0.9476888747140071,0.9419297756780972,0.9608634184056342,0.7932458941909779,0.8859808679290596,0.9175383063396303,0.6973342637211339,0.9225015741707874,0.7670597173877403,0.8626449186901584,0.7113398399790838,0.8993178757827877,0.8711683340946426,0.996705259555954,0.9685841124338929,0.8008418239058334,0.9142115541075304,0.9833076730146282,0.9393074128728371,0.8305827312097847,0.9767788452564459,0.8600960853075243,0.8975213827250901,0.9060327047326975,0.9324622348412386,0.7793733011421324,0.908100813607729,0.8992865236029117,0.8122738071647504,0.7717325331780394,0.9520753766313144,0.9734273782715801,0.8855707623626503,0.828049032740553,0.6923044810588932,0.7883916625943518,0.7047231634301026,0.8565064605162964,0.7913148563541548,0.881756756756757,0.9178060595541999,0.9017126880527935,0.7760269094343412,0.9871307482212135,0.9449250987515145,0.9908428227422802,0.930351993730951,0.8020915799692516,0.7305581692424303,0.9324383188985059,0.8470377565074618,0.9733010371560206,0.9784698031455157,0.9910578376517607,0.787940031878424,0.9356396346765445,0.9333065093925879,0.8562109672938352,0.9573800935979493,0.8314344420445834,0.96836956012162,0.9362456943690349,0.45856642104924783,0.7586935982596923,0.9840203145777717,0.9199893491338638,0.9644994759182186,0.9327564544572138,0.9420887388347681,0.915143000726456,0.7386794928539413,0.9225015741707872,0.9333065093925881,0.9225015741707872,0.9225015741707872,0.8843991759210621,0.9017126880527935,0.8464622509008558,0.9225015741707872,0.868641956627668,0.9181858841643602,0.8707051888795789,0.9671325136013079,0.9853950514983123,0.9783308953297635,0.8474072181717973,0.8515474244094852,0.9222291237660198,0.9540324564594047,0.9245765316454824,0.9090110235284593,0.9048043876528449,0.7988522954409967,0.8451722392971193,0.9176703926609199,0.9540324564594047,0.9608634184056342,0.8762179140093365,0.6987677340898549,0.8742174652217716,0.9277359074596558,0.6998029254390349,0.906032704732697,0.9334160095166193,0.9388933740579655,0.8749831080163901,0.8836545508570985,0.8843265687811641,0.9867452539316912,0.878012490881434,0.9765510393593577,0.9060327047326975,0.9723157551667552,0.8063995425394425,0.8904231556325144,0.8696693399894577,0.930474153890517,0.9772972526041017,0.9151430007264563,0.8991776191867862,0.844949299525896,0.8129498901600084,0.8360896531359454,0.8797725351969923,0.9425114327004687,0.7995157628847918,0.8711683340946428,0.9595425947841232,0.804060979990426,0.7848674221395789,0.9699906710701272,0.9160469470841606,0.9225015741707872,0.9304741538905168,0.932795246271596,0.9400771100284839,0.9863050318789031,0.9060327047326968,0.9175383063396305,0.9207523226987695,0.9095671779303811,0.7264804518954897,0.8607461332251054,0.9393074128728374,0.8020915799692516,0.9476888747140071,0.9082877919250114,0.9175383063396303,0.7573312335580489,0.9509251221995212,0.8310607868635619,0.8812876779601599,0.902191562117562,0.8407851316176385,0.8301756494077017,0.9687367361041053,0.9069834982716527,0.7628458004001928,0.7276296874168209,0.918363903192055,0.7737033537115784,0.9796265153694581,0.9723157551667554,0.892916495785868,0.9055450095968045,0.9860669976392635,0.9199893491338638,0.9359239730372082,0.9714552762147235,0.9970799457879603,0.8862261074420033,0.9746338287409401,0.7904591743693185,0.8562109672938351,0.9334160095166195,0.9570211975143579,0.8520841110021096,0.9446024350495377,0.9758531990983843,0.9082470012068002,0.8574600169443632,0.9304741538905168,0.755445459741676,0.9225015741707872,0.9069834982716529,0.915170633462076,0.8646968813220217,0.7166498629894611,0.9225015741707872,0.8219192676621396,0.7612210090272402,0.9396559123265897,0.881756756756757,0.8804580254427756,0.6614614353553456,0.913953111290549,0.8347503806121414,0.9082082945367815,0.8666913852644192,0.7934676793989763,0.9164503319823699,0.9333065093925883,0.8244670644666011,0.9598848913568985,0.8770035649415359,0.8907075917149339,0.634628216718533,0.8894628186153253,0.9175383063396303,0.755445459741676,0.9105012505384158,0.9032274698712808,0.7568486889608457,0.8217672961587986,0.9928390439716848,0.9362456943690352,0.940077110028484,0.9060327047326973,0.823564742593368,0.8766054254974633,0.9199893491338638,0.930474153890517,0.9573800935979495,0.9199893491338638,0.9199893491338638,0.9697393763146016,0.9225015741707872,0.9151430007264558,0.8862848743640493,0.9225015741707872,0.80825091477208,0.8663961417310839,0.9362456943690349,0.9277359074596558,0.8038893788091565,0.8859808679290602,0.9199893491338638,0.7976891923362872,0.8488030544636931,0.9388933740579652,0.9034016301041312,0.9225015741707872,0.6114803453994845,0.7793733011421324,0.8996020324755996,0.9020290748176603,0.9445553534795308,0.7348814459346097,0.7915119499929368,0.9038554657884541,0.8310607868635626,0.9796265153694581,0.9225015741707872,0.8907075917149333,0.9307859145758749,0.918363903192055,0.9202049107437751,0.8945436312571673,0.9362456943690352,0.8980618185144618,0.9277359074596558,0.7230880743409208,0.8635780863582583,0.9225015741707872,0.7110415836939357,0.9642783736947248,0.9393074128728371,0.9574967217655704,0.9581457206590638,0.6184505167067212,0.8739981632251432,0.9608634184056342,0.8388417059462357,0.8484070564751878,0.9225015741707872,0.9225015741707872,0.868911712359733,0.9061651223805665,0.6894731014983035,0.7995157628847918,0.8482088784292232,0.7808354655837876,0.828049032740553,0.8726082569541471,0.9230054833172634,0.8345688706245464,0.9225015741707872,0.9922882207230792,0.9304741538905168,0.9425114327004687,0.7457736670956682,0.9362456943690349,0.9061651223805667,0.9225015741707872,0.9225015741707872,0.8515896754424988,0.8942700047615747,0.9426228196489619,0.9060327047326973,0.9358286504243111,0.9423469173118802,0.9569057808979562,0.9784698031455157,0.850380920526141,0.8651480603316655,0.9225015741707872,0.9801777989919913,0.7618844351520107,0.9250812961986934,0.7348814459346105,0.9979315797121189,0.9462951427303724,0.8497445173156403,0.9428273933582367,0.9250812961986936,0.9963679412985734,0.9225015741707872,0.8982209465695057,0.8818801057626696,0.925680950117113,0.8728437828333909,0.9598105703842588,0.9105012505384158,0.9921258158818893,0.6634703052389481,0.9333065093925879,0.889776712753481,0.9444306460508445,0.9573800935979493,0.996705259555954,0.9584942084942087,0.9986133618497156,0.8745525901011986,0.9810522968844484,0.9199893491338638,0.8804313138469386,0.8914410719709878,0.801237384437876,0.9114326647947493,0.9425114327004687,0.9503543965663056,0.9425114327004687,0.9425114327004684,0.7704694792792821,0.9660884144535259,0.8673466625771513,0.9400771100284836,0.9393074128728371,0.9060327047326973,0.9780548428444064,0.7431297243227599,0.9540324564594047,0.919989349133864,0.9374493795642358,0.8381997656144691,0.9250812961986934,0.8619279793098553,0.9962253190461958,0.7911170953457263,0.7557960696422168,0.9225015741707872,0.7118238016013592,0.9858842152953933,0.8762239943203829,0.9393074128728371,0.7435323493596162,0.8996020324755993,0.9317763606197278,0.9225015741707872,0.8607461332251054,0.7796474148353505,0.8996020324755996,0.8627223202747059,0.8982209465695059,0.8745525901011986,0.9304741538905168,0.9105176979409177,0.9956103992504679,0.8825906683241469,0.9450382244573852,0.9123838819213477,0.8411612450010528,0.815854081253247,0.8380225099110048,0.7110415836939361,0.9234427656660249,0.9328110853236412,0.9202049107437751,0.8785462170031448,0.7902807877710444,0.8942700047615743,0.9199893491338638,0.8844834814579883,0.903669860157914,0.8742174652217715,0.7967891643188485,0.8196315453715797,0.9225015741707872,0.8348137785398619,0.9687367361041053,0.7348455598455612,0.9225015741707872,0.8389885092682108,0.5511624407133733,0.9362456943690349,0.9388933740579652,0.9199893491338638,0.7277314941831836,0.9986133618497157,0.9212274082751999,0.7663398310994596,0.8584120606494152,0.8380225099110051,0.7655939346089313,0.9225015741707872,0.9082082945367813,0.9225015741707872,0.9362456943690349,0.7404646098111333,0.8235335835879465,0.9425114327004687,0.9462642492317384,0.7270471299577559,0.8549492399295393,0.881756756756757,0.9225015741707872,0.949183684908242,0.7471222880427804,0.8864845765985003,0.9176703926609195,0.900528591305265,0.7154788451519625,0.8855707623626501,0.8898140158117229,0.8725113072902908,0.8365551646144356,0.7801591761272773,0.8725113072902908,0.926544401544402,0.930474153890517,0.9710543028754368,0.8725113072902908,0.9425114327004687,0.8954688163631979,0.9804497858651828,0.7857724547836907,0.8574600169443634,0.9807394508561751,0.7352141515839986,0.8600960853075241,0.9303519937309512,0.9760740600631372,0.8689117123597332,0.8934425806304627,0.9464802705130723,0.8621423904215101,0.8725830291115877,0.8306949806949816,0.9626060136565603,0.8896043244603336,0.9232378108709103,0.9428545974512954,0.8633125517052823,0.9332153268971211,0.9746338287409402,0.849857479075582,0.8557666482048991,0.8894628186153253,0.8407653322541501,0.8481743454856236,0.9304741538905168,0.9333065093925881,0.945756992128266,0.8875064656813965,0.9979017871215314,0.942827393358237,0.8855707623626501,0.9255781570301804,0.98248795984004,0.9545372824777739,0.8484628994946644,0.8748198271493186,0.7871467940319847,0.899089610841952,0.8481743454856236,0.9407302334988623,0.9333065093925879,0.7540044068405467,0.9734447923819873,0.8954688163631979,0.9996171864694428,0.7467891071275012,0.9520753766313144,0.9413841187405536,0.90922788118539,0.9082470012068007,0.9513891747604617,0.9464802705130724,0.8412537471731079,0.8268340443781603,0.9277359074596556,0.9250812961986934,0.8267698008899678,0.8894628186153248,0.6329279054430272,0.8448271155174853,0.7914666658764196,0.9007792228676448,0.865836133330351,0.9958114695283622,0.8261090486006426,0.8082509147720799,0.9594610274348983,0.8770035649415369,0.8287649415854688,0.7717325331780398,0.9333065093925881,0.8365551646144356,0.9334160095166193,0.7442774910248751,0.9393074128728371,0.898102330173175,0.9910578376517607,0.8138352659548962,0.9333065093925881
p53_S,0.7881804803953936,0.9394396415413289,0.6907398102034057,0.8574600169443632,0.9475597985845114,0.9610996995613952,0.8222267513114296,0.899513391676951,0.9006962362816697,0.9589316626844855,0.4576629560515961,0.9458598726114653,0.9458598726114653,0.9199893491338638,0.9077040005624184,0.9150513508645269,0.9425805352069325,0.9292677720165115,0.9568599156354454,0.9589316626844855,0.9105810526467774,0.4176611559730735,0.9852901633058908,0.9493053971730236,0.4844846382315783,0.9292677720165115,0.9425805352069325,0.913733309388403,0.9589316626844855,0.7680215914296751,0.9682551375725406,0.9765837058865925,0.9409942357230063,0.9162050927129206,0.9475597985845114,0.9568599156354454,0.32685519540335917,0.9409942357230057,0.9610996995613954,0.9278966962971924,0.8832444469048482,0.9306566646589698,0.9610996995613954,0.9100921482984174,0.9425805352069323,0.9805805193690228,0.3008360691103116,0.8972654241994793,0.5395918862952591,0.8882932693469463,0.9529545363721539,0.9774319815079454,0.9292677720165115,0.9394396415413286,0.9409942357230059,0.8350803794897144,0.9265423524364669,0.9475597985845114,0.7575776963663718,0.3918676141607509,0.9030086235821648,0.8256727870749787,0.9292677720165117,0.8961308828316215,0.9548710823073732,0.9316789370321412,0.9765837058865925,0.8512827582389368,0.7721894714790686,0.9568599156354454,0.9187169710212713,0.8300526594266484,0.9475597985845114,0.821071086461828,0.9475597985845114,0.5381252733230742,0.7944495116308199,0.9379142777971525,0.8441525854401173,0.9610996995613954,0.9379142777971525,0.9320645602494204,0.9238799558250632,0.9292677720165115,0.9475597985845114,0.9149644520716045,0.9364159486136476,0.9642414903403969,0.7186690805400406,0.9458598726114653,0.9475597985845114,0.9233738460510834,0.968288475355211,0.8501911138182774,0.9238799558250632,0.8972654241994794,0.9207387390588704,0.5680154094301468,0.8140574394939937,0.8409008752365557,0.9265423524364669,0.9511016704226432,0.9475597985845114,0.8534622933489195,0.7530625105039934,0.2031772652664633,0.6682466393247695,0.7907502491856577,0.9349426948340502,0.8517996688283258,0.8718884926994317,0.9306566646589698,0.8007919102864962,0.6582381949516648,0.3008360691103116,0.7762855815640268,0.995589441680881,0.9568599156354449,0.6181160048445471,0.8534622933489193,0.9100921482984174,0.9155630897147411,0.9349426948340502,0.9225701399051967,0.9784534179462063,0.8848266837424019,0.32685519540335917,0.8567235831170401,0.9458598726114653,0.9125111785873636,0.8686385996787729,0.9511016704226432,0.9529545363721539,0.9610996995613952,0.9425805352069325,0.954357045101763,0.8751441387186418,0.7651984326628318,0.27196612847404966,0.9442013463068037,0.7315605337936799,0.2414436519369626,0.8187487405659171,0.9414245688249913,0.883879561423246,0.9077040005624186,0.8894031717904967,0.8369591621743946,0.9278966962971924,0.9476060911812569,0.9589316626844853,0.9030086235821644,0.816928346386044,0.9568011828647874,0.9765837058865926,0.9278966962971926,0.8916319670140291,0.9112976020672163,0.8148036802053529,0.881685977830595,0.8007919102864963,0.9808926695348984,0.9320645602494204,0.7958167654209829,0.5623534738424569,0.955724889671401,0.9180351461270719,0.6993905550185731,0.890857289602112,0.840293971404616,0.9199893491338638,0.0,0.9265423524364671,0.8369591621743948,0.8211096899093244,0.9951598794226075,0.9568599156354451,0.9298843125247958,0.9174557485535395,0.8827817928509321,0.9088944096710683,0.9194335589833611,0.9265423524364669,0.9458598726114653,0.8545503661181644,0.7911285797118497,0.8534622933489195,0.8984043359066816,0.9394396415413286,0.9212735133449717,0.9442013463068035,0.9097446761129819,0.7051012987580608,0.7829632068236252,0.9030086235821646,0.9475597985845114,0.9493053971730236,0.9442013463068035,0.8972654241994793,0.6811124292996655,0.8882932693469463,0.9458598726114653,0.9475597985845114,0.6010040657659075,0.7829632068236254,0.9589316626844855,0.9475597985845114,0.827953563858303,0.9125111785873636,0.8827817928509321,0.8523731211903475,0.9070459249947542,0.9458598726114651,0.9475597985845114,0.8512827582389366,0.9475597985845114,0.8883010896853646,0.9928337245205828,0.99730786636936,0.9475597985845114,0.6527839128027035,0.9475597985845114,0.8656843391055978,0.9041731885624824,0.9137333093884032,0.5773984044890325,0.9511016704226432,0.7637779275925338,0.9442013463068037,0.49673579991218075,0.9364159486136476,0.9030086235821644,0.8130508058152968,0.9162050927129204,0.6947366749215779,0.8961308828316201,0.8871861256568154,0.9123884588666586,0.8938740030413765,0.6304632851667109,0.9125111785873636,0.9425805352069325,0.9155630897147411,0.9442013463068035,0.9475597985845114,0.8995478568587887,0.9475597985845114,0.8032473794919716,0.9125111785873636,0.9529545363721539,0.9252037445446057,0.7637779275925337,0.9493053971730236,0.9112976020672168,0.1678086380855599,0.8894031717904969,0.9379142777971528,0.8567235831170401,0.9511016704226434,0.8675560447816313,0.9414245688249914,0.8391846440543806,0.9458598726114653,0.9548710823073729,0.9939036943724282,0.9610996995613954,0.8279535638583031,0.8571037141749211,0.980662425002937,0.8664736771305535,0.9030548171550652,0.9529545363721539,0.8436093353026792,0.878907934345913,0.9280415955901626,0.2031772652664633,0.8233788637195052,0.9112976020672159,0.9320645602494204,0.8984043359066813,0.2031772652664633,0.9065235783645922,0.8080982554965415,0.9548710823073729,0.8859564064491339,0.9199893491338638,0.9511016704226432,0.9591402541866407,0.8007919102864962,0.39186761416075133,0.9511016704226434,0.9511016704226432,0.7396785942680697,0.9568599156354454,0.9049593844802227,0.850191113818277,0.5424031201389159,0.8391846440543806,0.9568599156354454,0.9475597985845114,0.9278966962971922,0.9442013463068035,0.9529545363721539,0.7958167654209829,0.8950004825334388,0.9511016704226432,0.9763068251524243,0.9137333093884032,0.7160993340227437,0.9065205555971321,0.8805919691825626,0.862529861839961,0.747498269904992,0.8302218952289886,0.9006096463746008,0.9589316626844853,0.9006962362816697,0.9589316626844853,0.6115081310761579,0.9125111785873636,0.9460879419108781,0.9511016704226432,0.9475597985845114,0.9529545363721537,0.8995478568587887,0.9292677720165115,0.2031772652664633,0.9548710823073729,0.9458598726114651,0.9475597985845114,0.48448463823157795,0.9568599156354454,0.9610996995613952,0.6130806925538255,0.7313974068186484,0.9320645602494204,0.9529545363721539,0.8279535638583029,0.6934674494305466,0.9349426948340502,0.9409942357230063,0.9898169887145652,0.9511016704226434,0.9162050927129208,0.7213830792377612,0.9394396415413286,0.9077040005624184,0.9610996995613952,0.7579944655912747,0.9162050927129204,0.7708083464141855,0.41016165887493017,0.9458598726114653,0.9187169710212715,0.9155630897147413,0.8007919102864962,0.8020222325849227,0.7106749817367279,0.9475597985845114,0.849098097918449,0.9149644520716045,0.9174557485535395,0.618045457419664,0.9589316626844853,0.840293971404616,0.9475597985845114,0.9475597985845114,0.9278966962971924,0.9006962362816697,0.9322891014946033,0.9475597985845114,0.9589316626844853,0.9475597985845114,0.9199893491338637,0.48985047076030175,0.7829632068236254,0.9475597985845114,0.9212735133449714,0.9364159486136479,0.687385991864256,0.7265343068798944,0.9475597985845114,0.5586905061569849,0.9137333093884032,0.769419102591262,0.7721894714790687,0.5828041027260324,0.8653913891389662,0.9808926695348984,0.789468503819452,0.9475597985845114,0.7412655108174009,0.9292677720165115,0.6277740552271274,0.824527512767756,0.9493053971730236,0.6894338727722298,0.9409942357230059,0.9475597985845114,0.8927512325175624,0.798315321686256,0.9475597985845114,0.9212735133449717,0.7881804803953936,0.6679351743368398,0.7160993340227436,0.7958167654209829,0.9475597985845114,0.9364711380159495,0.8512827582389364,0.9548710823073729,0.825204494803155,0.7160993340227435,0.9041731885624824,0.9053437280773233,0.9287546220071028,0.3008360691103116,0.8950004825334388,0.8827817928509321,0.9334927596276981,0.8480036211373803,0.8697214512947162,0.5945359220183863,0.9334927596276978,0.27196612847404966,0.9292677720165115,0.9475597985845114,0.9568599156354454,0.9523030345044685,0.8068927917851012,0.9379142777971528,0.5580350294343445,0.9442013463068037,0.9297598253076251,0.9493053971730236,0.9442013463068037,0.9379142777971528,0.9475597985845114,0.9394396415413291,0.5663789682525798,0.9006962362816695,0.9568599156354451,0.8414011380622552,0.9589316626844853,0.9394396415413291,0.9852901633058908,0.9019883808505957,0.8482764195819258,0.9589316626844853,0.7656459213576857,0.913733309388403,0.8882932693469463,0.9306566646589698,0.9364159486136476,0.4986483534626418,0.9511016704226434,0.8691190999184772,0.8961308828316212,0.7365072786124034,0.9320645602494204,0.8961308828316215,0.937914277797153,0.9225701399051964,0.892706361251836,0.7652011593459795,0.9070459249947543,0.9425805352069323,0.9475176528421183,0.7292888356097249,0.9199893491338638,0.9320645602494204,0.9334927596276981,0.7124992468950191,0.937914277797153,0.6761645354519017,0.9320645602494204,0.6304632851667112,0.9108358506914171,0.9511016704226434,0.840293971404616,0.7332476280865158,0.9149644520716045,0.896130882831621,0.9568599156354451,0.721383079237761,0.8882932693469463,0.9548710823073732,0.9557248896714008,0.9425805352069323,0.763211371193914,0.9529545363721539,0.9568599156354449,0.9225701399051967,0.6993688578599877,0.9915134859542967,0.37204945672536494,0.8061071562382913,0.81758187869548,0.9041731885624822,0.9425805352069327,0.9732611332238879,0.9475597985845114,0.23966622495314926,0.9475597985845114,0.9475597985845114,0.8128743662973859,0.9334927596276981,0.9162050927129204,0.9475597985845114,0.8032473794919714,0.832478477421303,0.9125111785873637,0.8480036211373803,0.5586905061569849,0.7298985716672585,0.9006962362816695,0.8995478568587885,0.83472400300589,0.9409942357230059,0.9468967560237762,0.9548710823073729,0.9149644520716045,0.7981856244137903,0.8512827582389364,0.5748948857540181,0.9409942357230059,0.9442013463068035,0.920938965663135,0.9548710823073729,0.7112114830974929,0.3008360691103116,0.8972654241994793,0.9364159486136476,0.9306566646589698,0.9334927596276978,0.8731726191489464,0.5828041027260322,0.9030086235821648,0.9334927596276981,0.9174557485535397,0.9511016704226434,0.9364159486136476,0.9493053971730236,0.6363698616957175,0.8523731211903476,0.9796798986207558,0.9529545363721539,0.912886430027493,0.942580535206933,0.8171063621787288,0.7326895651483438,0.9458598726114651,0.7694191025912622,0.8445416009589061,0.9610996995613952,0.7298985716672586,0.8414011380622552,0.8995478568587885,0.7332093884468578,0.9364159486136476,0.9041731885624822,0.9117531985549474,0.9475597985845114,0.27196612847404966,0.9137333093884032,0.9475597985845114,0.9593417278528642,0.9364159486136479,0.9442013463068035,0.5666474690996667,0.6894338727722296,0.9334927596276981,0.798315321686256,0.9589316626844855,0.7734367193080801,0.9379142777971528,0.8933548640036584,0.9442013463068037,0.9409942357230057,0.8445574319866591,0.9125111785873636,0.9320645602494204,0.7609046338028223,0.8762311904614675,0.7231144968593357,0.8588935204002319,0.9591402541866405,0.8256727870749787,0.6527839128027034,0.9225701399051967,0.9589316626844855,0.9877220281917203,0.9493053971730236,0.7035608972416705,0.8995478568587885,0.8894031717904967,0.9458598726114653,0.7428407227861755,0.6701933327639817,0.9610996995613952,0.8751441387186418,0.9511016704226434,0.9149644520716045,0.5823677272156198,0.8693202939651599,0.8984043359066816,0.5748948857540184,0.9349426948340502,0.8950004825334388,0.9379142777971523,0.9458598726114651,0.27196612847404966,0.9610996995613954,0.9475597985845114,0.9162050927129204,0.9523718036756335,0.8944531928030557,0.9174557485535395,0.9475597985845114,0.8794996237395187,0.9881440352652531,0.9030086235821648,0.9199893491338638,0.4548028658601442,0.8882932693469461,0.8773193685069602,0.7789783388157538,0.9252037445446057,0.9030086235821644,0.8458099300236448,0.9384843112825214,0.16644234379501466,0.6867120377371951,0.9265423524364669,0.9511016704226434,0.9540589546097205,0.9610996995613954,0.9252037445446055,0.9442013463068035,0.9610996995613952,0.7798113577609103,0.9265423524364669,0.9475597985845114,0.8660830247325574,0.5465955931279896,0.9568599156354454,0.9475597985845114,0.9364159486136474,0.7609046338028224,0.7958167654209829,0.9458598726114653,0.9529545363721539,0.9425805352069327,0.9458598726114653,0.9458598726114653,0.9162050927129204,0.9475597985845114,0.9425805352069325,0.9041731885624823,0.9475597985845114,0.9320645602494204,0.8871861256568154,0.9568599156354449,0.3008360691103116,0.9548710823073729,0.9493053971730236,0.9458598726114653,0.7428407227861757,0.8534622933489195,0.9334927596276981,0.8358428353123899,0.9475597985845114,0.9041731885624826,0.9511016704226434,0.9661859802146439,0.7868860602652394,0.663312734913333,0.9568599156354451,0.9493053971730236,0.9349426948340502,0.9125111785873636,0.9349426948340505,0.35047412290888946,0.9125111785873636,0.9187169710212715,0.9225701399051967,0.848197310881127,0.937914277797153,0.9568599156354454,0.9278966962971924,0.3008360691103116,0.9041731885624826,0.8369591621743948,0.9475597985845114,0.9475597985845114,0.5547364584621779,0.9589316626844855,0.9943316507196173,0.41016165887492995,0.9379142777971525,0.8187487405659171,0.9442013463068037,0.7842775465728771,0.7776356667761062,0.9475597985845114,0.9475597985845114,0.9112976020672161,0.8605726987085087,0.8995478568587885,0.9656310566424899,0.8402939714046163,0.9768055011456489,0.6724259519035646,0.7932953720006315,0.9306566646589698,0.8068927917851012,0.9475597985845114,0.8972654241994793,0.27196612847404966,0.9610996995613954,0.9968116130112576,0.2031772652664633,0.8256727870749787,0.9475597985845114,0.9475597985845114,0.7666156616807633,0.9475597985845114,0.7749279467915406,0.41766115597307374,0.9963436067167888,0.8832444469048482,0.9252037445446057,0.6993905550185731,0.8290892416048379,0.8755343989590985,0.9475597985845114,0.9540589546097202,0.8116870067162374,0.32685519540335917,0.9568599156354451,0.9509103733010487,0.8574861691184736,0.9077040005624186,0.9149644520716045,0.9493053971730236,0.6277740552271275,0.9475597985845114,0.821071086461828,0.9149644520716045,0.8961308828316215,0.7796798866671171,0.983466346049135,0.9394396415413291,0.9018497344665102,0.6412230287244758,0.9548710823073732,0.8643090749973121,0.8578089143655878,0.9425805352069323,0.7212184631640923,0.9199893491338638,0.9292677720165115,0.8068927917851012,0.9529545363721539,0.9458598726114653,0.7717677348931041,0.9265423524364669,0.9125111785873636,0.9187169710212713,0.9610996995613952,0.9125111785873636,0.9610996995613954,0.961099699561395,0.6867120377371949,0.9174557485535395,0.8927512325175624,0.9475597985845114,0.7212184631640921,0.47148806392417986,0.9364159486136476,0.6873859918642561,0.9409942357230066,0.9458598726114653,0.9265423524364669,0.8905160099774292,0.9493053971730236,0.9252103075978377,0.9149644520716045,0.81758187869548,0.7945589785686391,0.9475597985845114,0.8882932693469461,0.9475597985845114,0.7829632068236254,0.9589316626844855,0.9306566646589698,0.9320645602494202,0.6359525852723968,0.9475597985845114,0.798315321686256,0.7298985716672585,0.9320645602494204,0.7995563084478075,0.8210710864618278,0.8068927917851012,0.27196612847404966,0.8164111026582042,0.8370147688196926,0.9656310566424899,0.9004940364163532,0.9334927596276981,0.8116144209696268,0.9610996995613952,0.9334927596276981,0.9475597985845114,0.5208845547534241,0.9278966962971924,0.8336025791120698,0.8995478568587885,0.7231144968593354,0.9475597985845114,0.9458598726114653,0.8369591621743948,0.98999750935788,0.6752080936079524,0.7694191025912622,0.7444044463437751,0.9475597985845114,0.7816419778777748,0.6163172127736656,0.9199893491338638,0.9475597985845114,0.8347240030058898,0.9409942357230059,0.2031772652664633,0.9334927596276981,0.9458598726114653,0.9821409684876825,0.9292677720165116,0.707359480006769,0.9265423524364669,0.9053437280773231,0.9852901633058908,0.7196369421472577,0.9475597985845114,0.9252037445446057,0.9475597985845114,0.9568599156354449,0.8565847204007373,0.8805919691825623,0.9610996995613954,0.9238799558250632,0.9614654189642542,0.9018497344665102,0.5903992562382353,0.9475597985845114,0.8268147748355975,0.8152363204804094,0.6785985670091002,0.9225701399051967,0.9540589546097205,0.9529545363721539,0.9225701399051962,0.9212735133449717,0.9137333093884032,0.8894031717904967,0.7444044463437753,0.9137333093884032,0.8129498901600087,0.9529545363721539,0.5424031201389159,0.9137333093884032,0.9610996995613954,0.9292677720165115,0.9493053971730236,0.6101573439072084,0.9458598726114651,0.9212735133449717,0.9320645602494204,0.8882932693469463,0.38117662903257143,0.9334927596276981,0.9112976020672161,0.9278966962971924,0.9458598726114651,0.9364159486136474,0.8056825578273625,0.5903992562382355,0.8776567197100434,0.8279535638583029,0.9088944096710685,0.983769825715386,0.9278966962971924,0.9493053971730236,0.3008360691103116,0.8984043359066816,0.9318408493486935,0.558035029434345,0.792926495807552,0.8972654241994793,0.2719661284740498,0.23966622495314926,0.8697214512947165,0.9238799558250634,0.8933548640036584,0.9149644520716045,0.5292098880866741,0.8480036211373803,0.9349426948340502,0.9212735133449719,0.35047412290888935,0.9958229501328999,0.8740580870168317,0.6420904945942465,0.8972654241994793,0.8447105394237198,0.9548710823073729,0.8691190999184772,0.8718884926994317,0.9292677720165115,0.9425805352069325,0.5666474690996666,0.9329016612088761,0.8675560447816313,0.9166344704914768,0.4576629560515961,0.9855009794529512,0.9921318846009739,0.8794996237395187,0.8164111026582046,0.9511016704226434,0.2610516129103033,0.8827817928509321,0.9252037445446055,0.9511016704226434,0.922463591618705,0.8588935204002326,0.84818938914953,0.9442013463068035,0.3918676141607519,0.8268147748355972,0.9320645602494204,0.8995478568587885,0.9511016704226434,0.8545503661181644,0.5083134123029323,0.23966622495314926,0.8894031717904967,0.9306566646589698,0.9493053971730236,0.9589316626844855,0.881685977830595,0.9568599156354449,0.8128743662973856,0.23966622495314926
p53_T,0.7548814503435408,0.9178313446502835,0.9563233893016445,0.9598848913568985,0.92884882212975,0.9880755935910334,0.8024237696968233,0.7989583615880146,0.46431456587944975,0.9442782351269041,0.9157617220296761,0.9265423524364671,0.9265423524364671,0.8914410719709878,0.9054762298636501,0.9436574087729876,0.9673337013468153,0.904030091445724,0.941467276381333,0.9442782351269043,0.9214622648996273,0.9137287800621365,0.9495873612601233,0.98181078671843,0.9117298605520909,0.2640022013016081,0.9220929278982624,0.9152383482658544,0.9442782351269043,0.727344109053202,0.2971773034365205,0.9361684345174046,0.91994062730273,0.38745171472996454,0.92884882212975,0.941467276381333,0.9312172606999458,0.9199406273027304,0.9472198404849024,0.9393902601956408,0.9721556015951158,0.9059145492620324,0.9472198404849026,0.878012490881434,0.9220929278982626,0.8769921411614883,0.9859410630732466,0.48433976986819594,0.902169807736934,0.8754075788101026,0.9361684345174046,0.9488404033763636,0.2640022013016081,0.9178313446502835,0.9199406273027304,0.879734219269103,0.9369878183831672,0.9288488221297495,0.87700576996992,0.9242920540600268,0.45006159974585647,0.7321334680024767,0.904030091445724,0.9995729386747715,0.938768815466609,0.7249599525396403,0.9903434298372484,0.7982195598930497,0.6909053169517193,0.941467276381333,0.9235151033525317,0.8745074775108266,0.92884882212975,0.7418986894359176,0.9288488221297495,0.9981009867201975,0.96211568167946,0.9157617220296763,0.7490236834984906,0.9472198404849024,0.9157617220296759,0.9860555452130657,0.8967198703210442,0.9418468054117539,0.9288488221297495,0.884623261684109,0.9137287800621365,0.678304214891861,0.9060843180763316,0.9265423524364671,0.9288488221297495,0.8484356419795887,0.8073322099805087,0.6483784045112432,0.8967198703210442,0.8606091151654389,0.8454347944158875,0.9741390436599582,0.755991243291309,0.7367323075192928,0.9369878183831672,0.933654454952398,0.92884882212975,0.8011767661222204,0.8432075354874787,0.9414672763813332,0.8699816110295122,0.7971057242912432,0.9117298605520907,0.7370554953962059,0.8759915979459512,0.9059145492620324,0.7590586921241532,0.9035881831250774,0.9336544549523984,0.8190868235764762,0.9958263540139827,0.9414672763813332,0.9472198404849022,0.6620710071006375,0.878012490881434,0.8655174742919491,0.9117298605520907,0.9300679213294081,0.9418468054117539,0.7935493149400847,0.9675956872630854,0.8291716068659,0.9265423524364671,0.9132389320257912,0.6128653932390066,0.933654454952398,0.9554815748429075,0.9472198404849024,0.9220929278982626,0.8509744558805425,0.8558529824118855,0.9554815748429077,0.9361684345174046,0.9242920540600263,0.8751887159614388,0.9442782351269041,0.7466667374011988,0.942688033069913,0.8424470967591315,0.4190359446869869,0.8499415642309929,0.7061970054220825,0.902169807736934,0.8321099718720766,0.9442782351269046,0.8684015223223849,0.7982195598930497,0.4267361536255685,0.9361684345174046,0.2417597857128161,0.8529656068758622,0.879648057740505,0.8229620026521645,0.8394708294649362,0.7297132764213232,0.9617723288059056,0.9078247903914518,0.7229629702115583,0.9953686659705989,0.8829528399528481,0.5815808094806287,0.8590697626746648,0.9964497455422855,0.7833099084134094,0.8914410719709878,0.9265423524364671,0.0,0.7787852193714515,0.6745675112316565,0.9799502280441463,0.9414672763813332,0.8432075354874791,0.9214006317669097,0.8671481959671585,0.876387391972272,0.46731319214360156,0.9736434108527132,0.9265423524364671,0.6354386815222886,0.7952553997477141,0.6620710071006375,0.8621543973586856,0.9178313446502835,0.9278464566365252,0.924292054060027,0.865264061449212,0.8807484549284339,0.7881296683761471,0.8980335604933307,0.9288488221297495,0.9312172606999458,0.924292054060027,0.8606091151654387,0.8801481389793333,0.5312098109185877,0.9265423524364671,0.9288488221297495,0.9609870076823845,0.7881296683761472,0.9442782351269043,0.9288488221297495,0.727128722415596,0.4159310529700714,0.5566595247194699,0.665251297591211,0.9568526396305748,0.9265423524364671,0.9288488221297495,0.7982195598930498,0.9288488221297494,0.7716962724127067,0.9076766002309373,0.9243497724031112,0.9288488221297495,0.8291716068659,0.9288488221297495,0.7806099830956381,0.2932055910687664,0.8829528399528481,0.9994732652825372,0.933654454952398,0.8363758256949431,0.9242920540600263,0.909762579821223,0.9137287800621368,0.8684015223223849,0.784107194609778,0.9486384944783341,0.9361684345174048,0.8590697626746648,0.8469334628212701,0.921543543715257,0.9396242454712689,0.5756524851139093,0.38398676654130204,0.9220929278982624,0.8394708294649362,0.9706982209232329,0.9288488221297495,0.863705933402896,0.9288488221297495,0.7330448716760687,0.8812946455970228,0.9361684345174046,0.8985159947466634,0.8363758256949432,0.9312172606999456,0.8796480577405048,0.9117298605520909,0.8499415642309929,0.9574979597513363,0.6522905195190452,0.9336544549523982,0.8447770082758033,0.4698458181654266,0.7818047664520453,0.9265423524364671,0.9387688154666092,0.9992738163317496,0.9472198404849024,0.8371950066959246,0.7885796267509586,0.9059145492620324,0.5717481535273339,0.8247070619071957,0.9361684345174046,0.787808213912786,0.7160886907825749,0.8268369115302492,0.9414672763813332,0.7370554953962059,0.42479412993120713,0.9078247903914518,0.8908505574054,0.9414672763813332,0.9297917593953644,0.745844442129969,0.938768815466609,0.9740512052478836,0.8914410719709873,0.933654454952398,0.9486384944783341,0.7803598601014252,0.9242920540600268,0.8571991125642091,0.9094857206850571,0.8660761967134006,0.9414672763813332,0.6891534465521727,0.6714985372301107,0.9782026567459737,0.7818047664520453,0.941467276381333,0.92884882212975,0.9393902601956408,0.924292054060027,0.9361684345174046,0.7888233937283919,0.8856048231352789,0.933654454952398,0.902169807736934,0.9879051267951277,0.8915090155061811,0.8731665326144966,0.8379864720100321,0.7742309874643025,0.9624867111201387,0.9430453273255546,0.8217680690146961,0.9442782351269043,0.7849508745483511,0.9942420842964468,0.9193175573455779,0.8812946455970228,0.9948531346568201,0.933654454952398,0.9288488221297495,0.46790661696431035,0.863705933402896,0.9040300914457235,0.9414672763813332,0.938768815466609,0.9265423524364671,0.9288488221297495,0.9117298605520909,0.941467276381333,0.9472198404849024,0.9668842139954106,0.8391865814433324,0.9078247903914518,0.9361684345174044,0.9692745478323194,0.8914685499451074,0.9117298605520909,0.5942324127126722,0.9783345019146319,0.9336544549523982,0.4204627017739866,0.8860743074621018,0.564114847335313,0.7874838494775491,0.9472198404849026,0.822841265155438,0.8863065703015558,0.8268369115302492,0.9220929278982626,0.9265423524364671,0.8897147017633302,0.8394708294649362,0.7803598601014252,0.7782134868887015,0.8969454111778048,0.9288488221297495,0.6745675112316557,0.8846232616841092,0.8880034676011161,0.884623261684109,0.9442782351269043,0.9234770525623448,0.9288488221297495,0.9288488221297495,0.902169807736934,0.8652640614492122,0.8260659134387471,0.9288488221297494,0.9442782351269043,0.92884882212975,0.8914410719709874,0.9953686659705987,0.8092274661401347,0.9730218450575299,0.8931834336273665,0.9137287800621365,0.9188194897848982,0.8806359544597055,0.9288488221297495,0.9865912206924119,0.8829528399528479,0.828757200684135,0.8038584356952861,0.9278464566365252,0.8173622343980569,0.9094857206850572,0.7991500732584623,0.9288488221297495,0.8642469122818484,0.9040300914457235,0.658851525219635,0.9151501789838465,0.9312172606999458,0.9169832390321795,0.9199406273027304,0.9288488221297495,0.8544842329828617,0.784615421831552,0.9288488221297495,0.8931834336273663,0.8011844593328413,0.9355297596516798,0.8915090155061809,0.7888233937283919,0.9288488221297495,0.7196523944697883,0.6683934642270152,0.938768815466609,0.8381194610121918,0.8915090155061803,0.8998677823831447,0.46514744748475856,0.8821656806165816,0.9859410630732464,0.8856048231352787,0.5566595247194697,0.909762579821223,0.6776013468993962,0.8232372885419559,0.9894686132337756,0.909762579821223,0.9361684345174046,0.9040300914457235,0.9288488221297495,0.9411125326018258,0.8621543973586856,0.7480831877549756,0.9157617220296763,0.8985159947466634,0.9242920540600266,0.738998951932136,0.9818107867184303,0.9242920540600266,0.9157617220296759,0.92884882212975,0.9178313446502835,0.9925980620931466,0.8652640614492122,0.941467276381333,0.6951163447335439,0.9442782351269046,0.9178313446502835,0.9097625798212232,0.7697001132553879,0.9551139594816043,0.9442782351269046,0.8467085335713054,0.8829528399528483,0.8754075788101026,0.9059145492620324,0.9137287800621368,0.9627812356600217,0.933654454952398,0.9486384944783341,0.8590697626746648,0.9777757778837683,0.9078247903914518,0.6320439621833054,0.9157617220296759,0.2971773034365207,0.7980426047213922,0.7713371309543775,0.8962155056134604,0.9220929278982624,0.6600896106773906,0.8469334628212701,0.8914410719709878,0.907824790391452,0.9097625798212232,0.8951327579208925,0.9157617220296759,0.9527098339911576,0.907824790391452,0.9132389320257914,0.7319737850758523,0.933654454952398,0.8058647575691202,0.9023889491272756,0.884623261684109,0.8590697626746648,0.9998226281102459,0.7577382749151556,0.5312098109185879,0.938768815466609,0.9152383482658544,0.9220929278982624,0.9673337013468155,0.9361684345174044,0.9414672763813332,0.9300679213294081,0.9078452382719459,0.940613832770187,0.9265423524364671,0.9304312867192419,0.7490236834984905,0.8699816110295124,0.9220929278982624,0.9426880330699131,0.9288488221297495,0.9387688154666092,0.9288488221297495,0.9288488221297495,0.7582806770076986,0.9097625798212232,0.9523285443895997,0.9288488221297495,0.7760543090171459,0.7168544518191835,0.8812946455970228,0.7937704071271172,0.9879012738431525,0.8770057699699194,0.865264061449212,0.8637059334028967,0.7115760173463571,0.9199406273027304,0.9719104285695898,0.9387688154666094,0.3972798080455333,0.8268369115302492,0.6683934642270153,0.8949427042733138,0.9641067145740574,0.924292054060027,0.6982947471948514,0.9387688154666092,0.8544842329828617,0.9336544549523982,0.8606091151654387,0.9137287800621365,0.9059145492620324,0.8114639501064758,0.6894034147338308,0.8931834336273665,0.4796936379168024,0.9495873612601233,0.8880034676011159,0.9336544549523982,0.9137287800621368,0.9312172606999456,0.8796480577405048,0.665251297591211,0.9317829805210973,0.9361684345174048,0.892751098073522,0.9220929278982626,0.7828069253889114,0.8454347944158875,0.9265423524364671,0.8287572006841353,0.8540092333600584,0.9472198404849024,0.8770057699699195,0.695116344733544,0.863705933402896,0.8733700991776157,0.9964991389010722,0.959640125090411,0.8350243379239406,0.9288488221297495,0.9361684345174046,0.4713369937870284,0.92884882212975,0.947021123596594,0.9137287800621363,0.924292054060027,0.8967198703210442,0.9169832390321793,0.9097625798212232,0.7846154218315519,0.9442782351269041,0.8587420782026345,0.9157617220296759,0.8129560940834362,0.9242920540600266,0.9199406273027304,0.8162846262877754,0.9132389320257916,0.9078247903914518,0.8401505248191372,0.584161738752525,0.8628962010264036,0.8085458873603311,0.9816494815223561,0.7321334680024771,0.8291716068658999,0.8949427042733138,0.9442782351269043,0.9117298605520907,0.9312172606999458,0.9299175356920437,0.9504623488714368,0.6072240943532579,0.9265423524364671,0.862414924506992,0.933653630473779,0.9472198404849026,0.8558529824118857,0.9094857206850563,0.9172640312418525,0.9152383482658544,0.9059145492620324,0.8621543973586854,0.8949427042733138,0.9117298605520907,0.8575360288119113,0.9157617220296763,0.9265423524364669,0.9361684345174046,0.9472198404849024,0.9288488221297495,0.886306570301556,0.9788373911110271,0.7803598601014253,0.8880034676011161,0.9288488221297494,0.6480951227767138,0.8843179199522964,0.9572976368352231,0.8914410719709873,0.865264061449212,0.9897327370373274,0.554273680947747,0.7001164926217529,0.8486469728103475,0.8684015223223849,0.683567285235046,0.8469334628212701,0.9387688154666094,0.9215435437152564,0.9003322259136215,0.933654454952398,0.881294645597023,0.9472198404849022,0.8985159947466634,0.924292054060027,0.9472198404849026,0.8663129020103819,0.9003322259136215,0.92884882212975,0.9131376824687901,0.9806679510079599,0.941467276381333,0.9288488221297495,0.9137287800621365,0.8401505248191372,0.7888233937283919,0.9265423524364671,0.7929565888833761,0.9220929278982624,0.9265423524364671,0.9265423524364671,0.8863065703015557,0.9288488221297495,0.9220929278982624,0.8699816110295125,0.9288488221297495,0.9078247903914518,0.873740353724,0.9414672763813332,0.9859410630732464,0.9950674879125883,0.9312172606999456,0.9265423524364671,0.8624149245069916,0.6620710071006374,0.9495873612601233,0.731239833719822,0.9288488221297495,0.8998677823831451,0.9336544549523982,0.8965983225545132,0.8032091401259467,0.9017190217704449,0.941467276381333,0.9312172606999458,0.9117298605520907,0.8812946455970228,0.9117298605520909,0.9288488221297497,0.9132389320257912,0.9573155049417335,0.894942704273314,0.7142274969302593,0.8730044142720111,0.9414672763813332,0.902169807736934,0.9336544549523982,0.8998677823831449,0.7061970054220827,0.9288488221297495,0.97791348853611,0.9855162212167968,0.9442782351269043,0.9058639948742915,0.9220929278982624,0.9157617220296759,0.7466667374011995,0.9242920540600266,0.8072303958905116,0.8171309722976401,0.9288488221297495,0.9288488221297495,0.879648057740505,0.7854020041701744,0.8637059334028958,0.8557244891858335,0.6979285610052355,0.8915090155061809,0.9317829805210971,0.7929860856457894,0.9059145492620324,0.7694967637316332,0.9288488221297495,0.8606091151654387,0.9361684345174046,0.9472198404849024,0.9169832390321793,0.9414672763813332,0.7321334680024769,0.9288488221297495,0.9288488221297495,0.8325786005450289,0.92884882212975,0.8210351212662202,0.996499138901072,0.9160141298806415,0.943030019214546,0.8985159947466634,0.8590697626746648,0.724594058352541,0.8136478513745105,0.9288488221297494,0.881294645597023,0.7605542141491901,0.9312172606999458,0.9414672763813332,0.8671481959671585,0.8806359544597054,0.8747722377977696,0.8846232616841088,0.9312172606999458,0.9665429756228257,0.9288488221297495,0.7418986894359176,0.884623261684109,0.4906866635327418,0.8463492228297527,0.9549301435265565,0.9178313446502835,0.8668291346622674,0.8183065775312202,0.9387688154666087,0.531186569846182,0.6725979203673998,0.9220929278982624,0.994242084296447,0.9256629816639432,0.9040300914457233,0.7694967637316332,0.9361684345174046,0.9265423524364671,0.6009608276137017,0.9003322259136217,0.881294645597023,0.8897147017633302,0.9472198404849024,0.881294645597023,0.9472198404849026,0.9472198404849024,0.863705933402896,0.8880034676011159,0.5088424714415803,0.92884882212975,0.9442782351269043,0.9137287800621365,0.9137287800621365,0.8748771367494135,0.9641067145740574,0.9742178060512305,0.9003322259136215,0.5202707741456214,0.9312172606999458,0.8229760885681117,0.884623261684109,0.7490236834984902,0.7909102586400478,0.9288488221297495,0.8484356419795887,0.9730218450575299,0.8514230616681104,0.9442782351269041,0.9059145492620324,0.2707522839816011,0.8446010360565221,0.9288488221297495,0.784615421831552,0.8770057699699194,0.9078247903914525,0.7824937374847016,0.7418986894359176,0.7694967637316332,0.9361684345174046,0.7513631436912485,0.7833099084134094,0.6335247719961004,0.8503230491837451,0.909762579821223,0.9149666376534866,0.9472198404849024,0.9309382944231763,0.92884882212975,0.8575360288119114,0.902169807736934,0.7142274969302598,0.8637059334028967,0.8842621885312343,0.9288488221297497,0.9265423524364671,0.7061970054220827,0.947021123596594,0.8821656806165816,0.8287572006841353,0.8605800432777354,0.9288488221297495,0.811215821973976,0.9746879019618719,0.8914410719709875,0.9288488221297495,0.711576017346357,0.9199406273027306,0.9414672763813332,0.9097625798212232,0.9265423524364671,0.920482954351298,0.9040300914457237,0.856007614722273,0.9003322259136215,0.9017190217704449,0.9097625798212232,0.8664724446651941,0.9288488221297495,0.9346355708099476,0.9288488221297495,0.9414672763813332,0.8766326541752212,0.5661637750490842,0.9472198404849024,0.8967198703210442,0.8503230491837452,0.4572843334602913,0.925662981663943,0.9288488221297495,0.7869924306784442,0.7320767065301357,0.9050632810818651,0.894942704273314,0.9132389320257912,0.9361684345174046,0.8949427042733136,0.8931834336273665,0.8829528399528477,0.5257989431408949,0.8605800432777353,0.8829528399528477,0.9716712892571912,0.9361684345174046,0.9782026567459737,0.8829528399528477,0.9472198404849024,0.9040300914457238,0.9312172606999458,0.8655174742919491,0.9265423524364669,0.8931834336273665,0.907824790391452,0.5312098109185879,0.9771275048833286,0.9495873612601233,0.39317786573446745,0.902169807736934,0.9265423524364669,0.9137287800621365,0.7075282561392335,0.8914410719709878,0.8621543973586852,0.727128722415596,0.8763873919722716,0.9620174532699497,0.902169807736934,0.9312172606999456,0.9336544549523982,0.4778339215668945,0.8514514697165179,0.9346355708099476,0.8985159947466634,0.5128202531276029,0.9361684345174048,0.9387688154666092,0.8726115142741182,0.3198573126767086,0.9329396848942553,0.9172640312418525,0.8949427042733138,0.8397380806900288,0.9928893498778071,0.3442300601711483,0.92884882212975,0.6087258143746048,0.8291212617398853,0.8780124908814342,0.48433976986819594,0.8348846396992182,0.938768815466609,0.8863065703015558,0.8759915979459514,0.2640022013016081,0.9673337013468153,0.8967198703210442,0.8590697626746648,0.8692547644743311,0.7459091117219763,0.9157617220296761,0.8268032850217484,0.9265423524364671,0.8622743965026569,0.7941864781330641,0.933654454952398,0.9312172606999458,0.530468966568862,0.27073375579780223,0.9336544549523984,0.9417424117820137,0.6455589218060362,0.7991380888350763,0.9706982209232329,0.924292054060027,0.7296416859312258,0.9469401678022589,0.9793811540276174,0.9336544549523982,0.658851525219635,0.907824790391452,0.9387688154666092,0.5529406602116824,0.9059145492620324,0.9312172606999458,0.9442782351269041,0.5875029843407807,0.9414672763813332,0.7892035637357748,0.9387688154666094
p54_S,0.8888868827445189,0.9977691118281808,0.8448416754391175,0.9064625675447129,0.9619684272088397,0.9223798585420757,0.6292195428178566,0.6132169501907792,0.7721759464540285,0.8763243374738703,0.9162617337114642,0.9534546124070452,0.9243307498488829,0.8437463822455233,0.9215745389586789,0.9937508451618399,0.951823862302573,0.9024996128908569,0.9147265833077114,0.8763243374738707,0.8433822807873228,0.9386680839111539,0.824044157329912,0.9091481169388319,0.9728142023360637,0.7869927119133107,0.7583678639577924,0.8388237514735589,0.9514374462741437,0.5157426655613988,0.7882802647586377,0.924513032454822,0.849286560001923,0.9291460004795992,0.9319959257948537,0.842997228987133,0.8473352221942345,0.7460123964121119,0.8828532941996561,0.8078677539469965,0.928987875923214,0.9790678611982754,0.9590404484306645,0.8630922168972013,0.9241872911104614,0.9688718291761993,0.8846853407167915,0.8298036101328141,0.8306048913955286,0.8283651257343856,0.9245130324548217,0.9082622461764245,0.8100940921088199,0.7604185452621208,0.9078928138464979,0.8235693737372305,0.8405494685194217,0.6783615558233287,0.7066105393020066,0.8886615438957007,0.816523606799002,0.9974906540334723,0.9949051336728938,0.75628388569973,0.7575964152480574,0.6265514773596407,0.8438269625091803,0.9629782602445008,0.837289313575031,0.8788619061474223,0.687287162671919,0.7828637719794271,0.9780865699631884,0.6740128793215704,0.6783615558233287,0.7909950440377134,0.8590817120997248,0.9547002488699823,0.7022081808244854,0.7614076267185652,0.9162617337114642,0.9148886507689469,0.598383114231007,0.8562968524998387,0.6783615558233287,0.7376538507748565,0.8375429819165938,0.6913730005886798,0.8371632163900296,0.6679351743368398,0.6783615558233287,0.627908734009436,0.9974906540334718,0.7889571806739099,0.6853968201315381,0.8744289143320857,0.643120362408033,0.6824869826513951,0.7432178961739649,0.7392371358273624,0.8181573913365319,0.9236703803405708,0.7383065586513005,0.685720169495289,0.6724371092507003,0.8700853537305534,0.8321588758198861,0.7706673224609978,0.9776072906294301,0.6950387884648996,0.6859061278014631,0.9086081532995891,0.8815517376334787,0.8354959712867376,0.8846853407167915,0.8795716068724379,0.945024541480167,0.8700853537305534,0.9619064228844953,0.8153169914753732,0.9586965970808012,0.7516682008158861,0.7745001741980393,0.9599379068036854,0.8202838247630335,0.49760123546186374,0.8473352221942345,0.7259533508191449,0.9534546124070452,0.7561038991180002,0.7095228924572456,0.8527446275596849,0.9762041082440365,0.8799873197458246,0.6754581503814578,0.9573748393559205,0.9902574166855267,0.9907016053222495,0.8583244595873939,0.6861111987521118,0.9319568700598564,0.8763243374738702,0.5867709170740929,0.8007332636722264,0.7061108844320769,0.740810651153901,0.882485495965357,0.7415488883378794,0.9670277160867209,0.777202084285449,0.7481101185247643,0.7803205152046463,0.9520215372648386,0.6772980478165329,0.9762041082440365,0.8056009094279599,0.6376752362156712,0.9387914367491343,0.7970122042646411,0.46526462754082765,0.3767412042619205,0.9236703803405708,0.9148886507689467,0.9945546849134439,0.7655383184510562,0.6681139725352028,0.9716818462513119,0.790824683744427,0.8795346503658055,0.8497296582762437,0.926294271657448,0.8369591621743948,0.7787852193714515,0.0,0.7145422846478756,0.7035902141616646,0.941814708051132,0.9404799197278775,0.7997440411400569,0.7930251569309639,0.9528621045421746,0.7668963821908742,0.9301177772509812,0.9882976624766295,0.7801063126782641,0.7081184224991155,0.7440365858997532,0.9745261253509221,0.6285571193920864,0.855934176253855,0.8886615438957007,0.7899822656331823,0.896598849724724,0.7330474466726736,0.8757501146489806,0.6783615558233287,0.9709610116834292,0.7711566502225486,0.8048365671473563,0.7587378370502618,0.7954120263249198,0.9300499373603044,0.6783615558233287,0.7390958692095324,0.9134818300038917,0.9138808918740069,0.6783615558233287,0.9802148472539313,0.8341011293492996,0.7749958209980474,0.9756139873143648,0.8826917324229407,0.6679351743368405,0.6783615558233287,0.7111876302079669,0.6783615558233287,0.8590738069820218,0.9336683880341123,0.9612512164324174,0.6783615558233287,0.7115550268701194,0.6783615558233287,0.8157772668767116,0.7844485332580069,0.7864489187731001,0.7359184405414033,0.7320261013979326,0.7386736224390749,0.7144596825755909,0.9570032715279861,0.8338004366010847,0.6947346566772055,0.973498474913821,0.8283176520649274,0.8914187460211082,0.6219817494957285,0.9714043198659749,0.9448142398449231,0.9017503703908549,0.8341011293492996,0.7755589905589136,0.992902995313204,0.6243777238047494,0.8603130600722217,0.6783615558233287,0.9094825442717499,0.6783615558233287,0.5103360489258995,0.6975617603276143,0.8438269625091803,0.9163410296045973,0.7258151370856238,0.9400545643111305,0.7908172552389382,0.8040825160086579,0.6366868295979267,0.8514698349351395,0.7701053109649503,0.9485667670310041,0.7110157986196404,0.6161032134859608,0.8318296651162074,0.6679351743368398,0.8607711943559355,0.9178516281543239,0.8828532941996561,0.7508370805099807,0.8315215021808071,0.8330395844052292,0.7170209335512839,0.6468565120875678,0.8107326760754665,0.9039362114484784,0.8223853372900964,0.9012887876642917,0.8700853537305534,0.6950387884648996,0.7715035903809444,0.702796077367051,0.9027650023789868,0.8700853537305534,0.8469713184963961,0.6709276042417958,0.826379601319976,0.7352379199715767,0.7392194067468736,0.7000853882408264,0.9694773398454678,0.6863656697112153,0.8319645762487426,0.852744627559685,0.8597889540263581,0.8500196080850593,0.9864559376282895,0.5418894466397955,0.9850657123404503,0.6437020333812143,0.8245630457076485,0.9864559376282895,0.7383065586513005,0.7851306164984644,0.8845505855164653,0.7776383896417525,0.6314814459047853,0.8724106822324387,0.9875518066547833,0.9420237341191512,0.9245063560506468,0.8399978931376699,0.8857454954158741,0.814490225131222,0.6315640167043273,0.9992984890418363,0.8667449727207448,0.6898341427034502,0.9734494449255833,0.8255949039914903,0.8763243374738707,0.8893629723739915,0.9121573144031472,0.9841671890453445,0.9556110934976771,0.6783615558233287,0.8583244595873936,0.7548663477831055,0.7509796841765062,0.8700853537305534,0.9639459734638132,0.7553067620113285,0.6783615558233287,0.8736571882670514,0.9505912604680005,0.9985670127730846,0.9283744344246896,0.914042361395812,0.7744801908415513,0.9100155353766082,0.7642844841217852,0.9712460534482243,0.9480249488188106,0.8223064904295259,0.8938728926760822,0.8846853407167915,0.9291460004795993,0.9505376695093763,0.8967417474757922,0.8158361644622162,0.9223798585420756,0.7215530729590931,0.8490316330081227,0.77270393412978,0.9652664241210924,0.6679351743368398,0.9144141207232941,0.6562003430575336,0.6733532651830644,0.781525020749614,0.9974945767206229,0.6783615558233287,0.799030961650754,0.9769279965204984,0.7589408879343682,0.9632534670430913,0.9734494449255828,0.7257254067540639,0.6783615558233287,0.6783615558233287,0.9670277160867209,0.9146264998872594,0.7801063126782648,0.6783615558233287,0.9889940006742803,0.7083340572373147,0.6765032214476845,0.6974322924811568,0.7717119573865063,0.9319959257948536,0.5594861179769306,0.8881055329138738,0.9846725023480385,0.827722719892257,0.6783615558233287,0.7240439323560193,0.8456163918920485,0.7813440232482461,0.7640539640260658,0.8476177654692204,0.36719145298715206,0.852744627559685,0.6631848855718653,0.6783615558233287,0.8802360774425853,0.8895879653495606,0.6334961179282856,0.9400468075141819,0.9054131988273757,0.96231933718004,0.9572068382915144,0.6783615558233287,0.9171360191366464,0.8929909946097049,0.6783615558233287,0.940633621475834,0.9044926576399515,0.8099429704934299,0.9973458427433088,0.6703821500842844,0.6783615558233287,0.8283534353807276,0.7363110536027391,0.8607711943559351,0.5090224060547732,0.6826499435320315,0.8027053233019168,0.8070337959743416,0.6973063584368868,0.8527446275596853,0.956123364941484,0.6949997057997161,0.9456844746310795,0.6967123570927372,0.7287733684717324,0.8063685370436767,0.7867068273063507,0.8583244595873937,0.6354727831989608,0.6783615558233287,0.9505912604680005,0.9378246801704411,0.8370596373079701,0.8904541302277535,0.9954004231416071,0.686111198752112,0.9017720289595395,0.9054131988273757,0.7144596825755913,0.9936845441625964,0.7982515614792725,0.9977691118281806,0.8245868851083117,0.7648597548879708,0.9147265833077116,0.6328901928048323,0.8983363361253107,0.9977691118281806,0.9700125380913132,0.7441129688595425,0.8628242574152336,0.823223227325037,0.8565637634845161,0.9177137156321573,0.6279087340094369,0.762579876506543,0.8085191611024445,0.7328240664058852,0.8846853407167914,0.7476549733331901,0.6737929465627726,0.755026692591285,0.846164304316052,0.8944470778785172,0.9547002488699823,0.8097374700142683,0.4628682330353522,0.8072144941163701,0.8288373127724462,0.9241872911104614,0.7887954252065293,0.8975898652639593,0.8635780863582585,0.986572764243447,0.6407384465449506,0.9981730887514032,0.9288926453862718,0.8329711820735954,0.9387833552604469,0.8927022229622339,0.5963454976714637,0.9805074801881104,0.8333705878337403,0.9976436199821392,0.7376538507748565,0.9980694720126075,0.9505912604680007,0.8012032750592324,0.7954120263249194,0.7919880082840167,0.8258939008523996,0.7583678639577924,0.8547201393526468,0.9431098218103224,0.8700853537305534,0.975690477429421,0.9490814684341564,0.9013339689706412,0.8952068872907202,0.9534546124070453,0.9670009065386432,0.9670164336971054,0.703094721573569,0.920356550409008,0.6783615558233287,0.8984876543923499,0.6783615558233287,0.6783615558233287,0.7260737214547617,0.8110348907665847,0.7885346239593196,0.6783615558233287,0.9029416800380834,0.6717595243001756,0.6585336678006894,0.7697558985034094,0.7240439323560192,0.9406151453045026,0.907310308321202,0.8431955867160377,0.7609913788722824,0.9572068382915145,0.7589965979583806,0.860771194355936,0.80373736987933,0.9784396997849989,0.9063114585840603,0.8898616564068962,0.9302267687191168,0.9737069953661386,0.8202054619742591,0.8984876543923498,0.6973063584368866,0.8846853407167915,0.9092250879244501,0.9602068140942855,0.7860664458061035,0.8240441573299114,0.7234285773274305,0.8135844536428662,0.7079143320159371,0.9326752080677525,0.6977361581258359,0.9875518066547835,0.6858553289247526,0.7508809619658823,0.9260129092449019,0.8112230672909532,0.9380058533494887,0.8769212489428944,0.9614031242880525,0.9518238623025732,0.8154935411097953,0.9499375125990601,0.871802212243979,0.794201569580602,0.8142743709404071,0.8404607554034045,0.9406151453045025,0.7986467182315924,0.9978117832046823,0.9103336513377951,0.9639493594097941,0.8209621133458267,0.9470550549392766,0.6783615558233287,0.8583244595873937,0.9177137156321572,0.9481140685492024,0.9716818462513118,0.9854880895929257,0.9695960369869032,0.9029310848828664,0.9355259979890476,0.9083471446075191,0.6913730005886798,0.8763243374738705,0.8157585468023247,0.85146983493514,0.760760670897755,0.686111198752112,0.9572068382915143,0.8918860896890031,0.7951319916449242,0.7266907818585513,0.9225962147794151,0.9528765626962081,0.8579264025502873,0.8070461314345705,0.808700293642254,0.9037139668649998,0.8852919025571568,0.8526518805255295,0.9514374462741436,0.7745001741980391,0.9709610116834293,0.8385629765706462,0.9845223690087308,0.9848723869486524,0.6679351743368398,0.8716448659898344,0.9484619719677945,0.9195138840882444,0.8863054511770316,0.9875518066547835,0.797472387211267,0.9177137156321572,0.9320947225991513,0.9027650023789862,0.9813951120593167,0.9976034558533169,0.8189506026806226,0.8130313197766206,0.784430624569491,0.8914187460211078,0.8828532941996557,0.6783615558233287,0.8490316330081231,0.9948818417063778,0.7254028832956679,0.9017519241542784,0.6783615558233287,0.8260258628329105,0.8960817992137851,0.798422061001824,0.5301654557495765,0.7187569889165664,0.8750569795804257,0.7863717784086682,0.8159133400806577,0.8188833286340164,0.7128362024743828,0.8428027111211789,0.930341318981476,0.8640960613563904,0.949190673435558,0.8181573913365319,0.7639668145550393,0.8146460379083862,0.9223798585420757,0.9384056664180465,0.6577627149286318,0.9619064228844955,0.8176248919537714,0.7061970054220823,0.9619684272088397,0.7523349037110503,0.6720588799420226,0.8700853537305537,0.9780865699631884,0.9096442630970051,0.974509596834988,0.748183558443283,0.6679351743368398,0.9431098218103224,0.6754581503814574,0.6679351743368398,0.6679351743368398,0.7078719452275821,0.6783615558233287,0.9929029953132039,0.704361345512518,0.6783615558233287,0.7744801908415515,0.6355782355238284,0.9776793852114208,0.8527446275596853,0.8951627873918946,0.9054131988273757,0.6970590368950025,0.9862197803206846,0.6442440180938852,0.8727002842503788,0.7240035522819324,0.6783615558233287,0.7956452957320665,0.9805074801881104,0.8432045372944467,0.8615752044758206,0.7141117773114676,0.9505912604680005,0.9709610116834293,0.8288717695259117,0.7561038991180005,0.7249216671635335,0.9020234243808676,0.9317303154891576,0.8318224996137034,0.7396612196174768,0.8249764892187222,0.8772774384188502,0.8788619061474223,0.7623934790499325,0.8527446275596853,0.850415665863796,0.7552277047689896,0.6783615558233287,0.9619684272088397,0.7434606862205169,0.8763243374738705,0.9350809640648587,0.9099932817368693,0.9420693371951749,0.772413531739983,0.686111198752112,0.9920533384875053,0.793687322931535,0.6783615558233287,0.6783615558233287,0.649086463879214,0.43984922295569495,0.7901980433562787,0.9813833193613324,0.6843906562466704,0.9973458427433086,0.8699233631659476,0.7270917310693941,0.6451470300087307,0.6800867727402425,0.6783615558233287,0.7700403935549915,0.8583244595873937,0.8828532941996561,0.9489226675845439,0.8700853537305534,0.8099372796965274,0.6783615558233287,0.6783615558233287,0.7214558959445565,0.8881690657212304,0.6823999404094331,0.8590817120997247,0.8477162200775556,0.7044726886326846,0.850147119164252,0.7774153406968627,0.7278374210957209,0.780252783724535,0.6783615558233287,0.7365898528545385,0.6432360055185689,0.9400545643111305,0.9505912604680005,0.6970298186929669,0.9188982470758202,0.7340107556878896,0.6977748264839163,0.9400545643111305,0.776519915341322,0.6783615558233287,0.7272254237400437,0.956988484375028,0.7562838856997303,0.7649145133083632,0.9948818417063781,0.892279971132153,0.77623027645726,0.7785256533348488,0.8984876543923497,0.6504616571414747,0.7740695561780786,0.89655071991835,0.9514374462741438,0.9262942716574478,0.750979684176506,0.6800867727402424,0.9576073188885357,0.6970590368950025,0.6141972970346385,0.9131376824687898,0.7365898528545385,0.8524704048911012,0.9985670127730844,0.6975617603276145,0.9590404484306649,0.9223798585420756,0.8431955867160386,0.8813503475514344,0.7277545289637417,0.8420784215528956,0.9514374462741437,0.9386680839111541,0.8843629875983651,0.7028168510814141,0.8492865600019237,0.8660830247325575,0.8405494685194217,0.9372851520709585,0.9672260935719732,0.8711491205866169,0.7376538507748562,0.808125271110149,0.8995945793368099,0.6783615558233287,0.6443852837141688,0.8720509229668817,0.8619291490521153,0.8763243374738703,0.9555812918987133,0.8432045372944477,0.8103545331137374,0.6783615558233287,0.860225127539336,0.95361540119353,0.9178484177905517,0.6953776898027275,0.7006191515308071,0.6800867727402424,0.8583244595873937,0.8833791584380823,0.9022618386793957,0.7343784574698107,0.8109417941890609,0.738050700385884,0.5964116168190494,0.761407626718565,0.9326752080677525,0.9319959257948537,0.9581436586454772,0.9670277160867209,0.7842170271629507,0.7018688044233459,0.9854495816100627,0.6783615558233287,0.6679351743368398,0.6594759897512197,0.9284868744042343,0.6973063584368866,0.7684864769158904,0.8372317678406366,0.6783615558233287,0.8062105156635065,0.865041800442659,0.718314011647144,0.6783615558233287,0.6520593945786168,0.9841869078639119,0.8700853537305534,0.6407384465449506,0.6970590368950025,0.9505901998727889,0.958892105936088,0.979064084161821,0.9077257000680914,0.8982865568169254,0.9456844746310795,0.96672428198237,0.6783615558233287,0.9604703032314954,0.6783615558233287,0.9059500308908426,0.7650563894650606,0.7828388150891775,0.8828532941996561,0.923041503316071,0.9297201779476122,0.8121332228909224,0.8646517773452533,0.6783615558233287,0.961640706934509,0.866002548862512,0.89194004451099,0.8040328353843711,0.9512443617526196,0.9762041082440365,0.889861656406896,0.8476177654692202,0.6089464994162512,0.7498433788793667,0.9921971125522837,0.6089464994162512,0.8635780863582585,0.7114498167743248,0.6437020333812143,0.6089464994162512,0.8828532941996561,0.7740810643720153,0.9981325409442721,0.958515225958984,0.8426783496858166,0.8899674880802095,0.9656378267735528,0.9107478742580492,0.7950730368223761,0.9570032715279864,0.8101309200969335,0.8283380468764912,0.9825784749652079,0.9349255385956453,0.840402073285242,0.9890104569566377,0.9920559642466495,0.9122059238516333,0.7820444396913666,0.7149464062216138,0.7851306164984646,0.9981325409442718,0.8527446275596853,0.8342874141851023,0.9539721413511135,0.8409479654474652,0.960470303231495,0.8124055233366315,0.9245130324548216,0.8640960613563904,0.8192581812073512,0.7925209444652744,0.8141267189481447,0.9968675086659682,0.8469472458956335,0.896118680072743,0.8488679347497983,0.8264429041637258,0.8420784215528955,0.7897534243079052,0.8417972500064603,0.8500946425519988,0.7776093497442669,0.9525117267002214,0.9295543804278537,0.9901913207886635,0.8380575571849191,0.8100940921088199,0.786004435149904,0.9012880768409383,0.7946857397192111,0.7259687094617393,0.691353562806106,0.9030850419025609,0.7695858794394661,0.8135544871276539,0.9362221656804082,0.6407119552428047,0.7639668145550389,0.9091481169388318,0.7269981518790485,0.7747540550071175,0.8917296671834647,0.9581436586454772,0.7055537106704161,0.6657593633227137,0.8562021016929859,0.9453585115426592,0.6932067533472467,0.9178484177905524,0.9138589778623851,0.9556110934976771,0.7622175356000184,0.8670992417859471,0.8640960613563904,0.7332631142436173,0.8095530151056658,0.9400545643111305,0.8763243374738703,0.9903378452117682,0.9059500308908427,0.6947360461508061,0.8984876543923498
p55_I,0.7818356191103257,0.9516083401288558,0.9382005905972813,0.8845942410740211,0.9301806902251255,0.8915752582995886,0.6691154633968843,0.7058348267640271,0.635218704509962,0.8855324042412525,0.7214051812843971,0.9690225387083489,0.9710152408967009,0.9491564487435968,0.8972159722297333,0.9978226444759013,0.9893419785656056,0.9455399698608216,0.8797579337068853,0.9628564332129779,0.9758308583147581,0.8388940115651086,0.9648927942410519,0.8587016255621231,0.8751038050216223,0.6501769304120563,0.8968578570865051,0.8749923211764452,0.8855324042412525,0.6446003208072262,0.6635964291415073,0.8926485106781257,0.8633105822387184,0.7560946445249672,0.9610354185769059,0.879757933706885,0.7276882348418342,0.8910847978795922,0.8915752582995884,0.9669057621184364,0.8704998336661087,0.9517903183892789,0.9863547093778393,0.8962889549280922,0.9893419785656056,0.7891270796645866,0.7746021087667416,0.6236695398236436,0.943499367377416,0.9042775317045786,0.937009480858114,0.8681505047485953,0.6739582892195339,0.8312033287884488,0.9700441239160357,0.9742328224172294,0.7952553997477141,0.8538362113124116,0.8561842302781368,0.7761468133240332,0.7485769293251683,0.9204622101537612,0.8741958934383887,0.9238360697380932,0.8742145641840269,0.7953663056308441,0.8688726774726099,0.8479947636257619,0.8548573292326102,0.9725607158551891,0.900978131509031,0.9669057621184365,0.9610354185769059,0.800288958168747,0.8538362113124116,0.9808428735288965,0.9268772234043685,0.8808086125633341,0.7043133443232127,0.9863547093778393,0.9066534790647518,0.9336373275557406,0.8326221004189411,0.897977252245866,0.8538362113124116,0.968249158983246,0.9008518050676437,0.866856144024651,0.8585266679038813,0.849098097918449,0.8538362113124116,0.8752225854928526,0.8175088949572928,0.8505220425081081,0.8998032864674421,0.8390247132962393,0.8668061317317779,0.9592677405138987,0.6769537684110875,0.7356146798875773,0.9335624664487481,0.9294700296273191,0.853836211312412,0.8997529816660728,0.919091284410663,0.7141183525888175,0.9475920869101211,0.7713159750885838,0.9771794606706176,0.7777278573756616,0.7995515362307513,0.9998539100557252,0.7247261685113979,0.9881515506364342,0.7746021087667416,0.8288066083154008,0.8583518701737862,0.879757933706885,0.8915752582995882,0.7186787565993946,0.9947074065301608,0.8504057784238475,0.9462637975926365,0.8283614393477394,0.9455399698608216,0.7742047607081607,0.7913205640104564,0.7488745722047054,0.8490980979184484,0.9570313873101008,0.6550656457556497,0.9061256028138258,0.9267169123708775,0.9322652690737794,0.8399577749125604,0.8101683877778816,0.8267177539579669,0.8688726774726099,0.7563749039071171,0.8736582841643707,0.7988703704789865,0.7278474509001187,0.6588613623898316,0.8925277271984755,0.8088486102740682,0.504221650386208,0.9477637914124244,0.7221998686662614,0.8692494746944213,0.7930907015194026,0.8855324042412522,0.8417487121211473,0.9354969083907578,0.780519878436218,0.902941079165362,0.5924034462621112,0.8362815833194748,0.77264667037425,0.7677898141999251,0.7521278677224781,0.6456891510316514,0.96235090313909,0.9679705354720314,0.9381368098396714,0.9627735504677538,0.779856447842131,0.910216390383458,0.916155222045954,0.9445907438331094,0.952006454697794,0.9217191359172516,0.8211096899093244,0.6745675112316565,0.7145422846478756,0.0,0.6489687938012891,0.879757933706885,0.6278291708781285,0.9379454930668487,0.805045138925238,0.9994699898038693,0.7208797340480468,0.8874601108817368,0.9690225387083489,0.9784264911386897,0.9852851011649295,0.6893273518505844,0.8792401960074234,0.8312033287884479,0.998551181445207,0.8444753756217378,0.9981724938893013,0.9673553091688476,0.8486860515760837,0.8041985132541267,0.8538362113124116,0.8587016255621231,0.8736582841643716,0.9643960542349328,0.9033838284192436,0.7855468255801196,0.9710152408967007,0.8538362113124116,0.9524028841532033,0.7823484132604331,0.8855324042412525,0.8538362113124116,0.8981205790157369,0.7014652460146691,0.5855592042134505,0.7385315075764667,0.9963710231632967,0.8790792081159235,0.8538362113124116,0.7750763096549318,0.8538362113124117,0.7345587475549512,0.8858692905046197,0.8603453339080414,0.8538362113124116,0.9119180248799313,0.8538362113124116,0.8200110793502844,0.7408562130636961,0.962583570126414,0.9811665513266853,0.863708282603777,0.8112432212599922,0.8736582841643707,0.834754014272538,0.8488009683941944,0.9719077222868919,0.9203618425738626,0.97403527457787,0.9607853140636297,0.7460486161648112,0.7529908344710088,0.7563867436573588,0.8400798327348733,0.5809346460116473,0.6411999460131577,0.8684078159995325,0.8995447337745321,0.9903899183349034,0.8538362113124116,0.9564309173929377,0.8538362113124116,0.6395105453302286,0.876677653974753,0.9710778825508661,0.950523064545183,0.8377171592951376,0.8587016255621231,0.8297102537677672,0.8751038050216222,0.9136271970541074,0.8535190019717733,0.7471729377082319,0.8637082826037772,0.9079207701657213,0.830397499391104,0.995468948807872,0.849098097918449,0.9096184581084206,0.7688020989400559,0.8915752582995884,0.6627858081296742,0.9772904246328182,0.8792566610567856,0.7283282623657421,0.8893886909019684,0.9370094808581142,0.9642004558742757,0.9842772193176781,0.7519368011601131,0.7141183525888175,0.7227617914745366,0.7700637923890703,0.8598432248265695,0.9403015867395613,0.7141183525888175,0.9912481660502213,0.8338181258644163,0.9096184581084206,0.9015046933457749,0.9706771846334554,0.863708282603777,0.9947945115699595,0.8318895183764111,0.7761468133240333,0.9061256028138261,0.96235090313909,0.8864872856137119,0.9905189465353295,0.6207122134685736,0.7923648824377977,0.9530384001734141,0.8205960202513105,0.879757933706885,0.8846909396641924,0.9628750536585025,0.9903899183349034,0.8688726774726101,0.7948916654788569,0.9749362240782425,0.8965891561155479,0.9628750536585025,0.9968104026993008,0.859919614767604,0.8733660850947675,0.8929484223741214,0.8439100922340117,0.9336415554746441,0.9589769666951764,0.803902064246951,0.9241944187271149,0.6535491445899995,0.8855324042412525,0.9636870144458618,0.9369429539762639,0.9881515506364345,0.8965891561155479,0.8538362113124116,0.7563749039071169,0.7927584116092823,0.9455399698608216,0.7141183525888175,0.948765966194004,0.9390414285108737,0.8538362113124116,0.8240659771971249,0.9905189465353295,0.9049746878294584,0.9290078536910246,0.7777717754229738,0.8106471563404556,0.9370094808581142,0.8842773571989098,0.961183329593994,0.9462637975926367,0.8589472613525372,0.8655797850345932,0.9952317766508612,0.7145761705407885,0.9426204763544994,0.7072714676608232,0.9290078536910245,0.9322652690737794,0.8135600720293247,0.97403527457787,0.7916477082128306,0.8470917731307438,0.849098097918449,0.9009781315090308,0.9486836891252168,0.7783078434439046,0.7741220943676108,0.9256134830219467,0.8538362113124116,0.6958045020583343,0.906669891151924,0.9169434053420296,0.8470130375227883,0.9984815523011593,0.8919716716903021,0.8538362113124116,0.8538362113124116,0.9628750536585025,0.9065202934891172,0.8154464159472661,0.8538362113124117,0.9241944187271152,0.853836211312412,0.798511297514587,0.9101905285822337,0.782348413260433,0.8846909396641924,0.8023679780484718,0.8649194299018332,0.9732430734921482,0.9040748062163741,0.8538362113124116,0.9088447541043332,0.9016745293649862,0.8485257494633579,0.8671358632435195,0.7616693477365606,0.7316860956998958,0.906125602813826,0.7753976566645017,0.8538362113124116,0.9092421585677744,0.9455399698608216,0.5956190328697482,0.9101264456097182,0.9822175515163216,0.8726728728286499,0.9144956926342866,0.8538362113124116,0.979594586166818,0.7866305075055242,0.8538362113124116,0.9113586466022137,0.7395843435772005,0.8835196386536335,0.9139127530638755,0.8082402417129304,0.8538362113124116,0.9740031038856978,0.8165803481084193,0.9450223520328143,0.8759503735178138,0.873417899341672,0.9772312316911791,0.6950427592724484,0.9970022974523418,0.7746021087667416,0.9368072883674841,0.634969662877881,0.8848423121441406,0.6431581601797873,0.8387026020422426,0.9804096241017228,0.8396720495620451,0.7563749039071171,0.8266331758234333,0.8538362113124116,0.9166782713163666,0.7348736222050114,0.7572032348689453,0.9339430896563123,0.8904782399640951,0.8444753756217378,0.7000222312124154,0.9859662838993675,0.844475375621738,0.9339430896563121,0.9155456680159728,0.8855004115591232,0.9826765741287251,0.9615116137292277,0.9356403782457078,0.7026337148269375,0.9241944187271152,0.9787568815141926,0.8647161984978466,0.6256041824608194,0.9008518050676437,0.8855324042412525,0.917010203179955,0.7937802668278748,0.7904149382610952,0.8309008895017893,0.8748263867309192,0.8617107428474449,0.9952317766508609,0.932516800593691,0.7993848522367959,0.8505435533410755,0.9679705354720314,0.7561465138300024,0.9863551947042202,0.6856852174680619,0.7636116855314863,0.9132262081139088,0.9297095101937036,0.8399577749125602,0.7124809192345376,0.9721414405063178,0.9647606076969688,0.8598432248265697,0.8396720495620453,0.9217062428757548,0.98635519470422,0.9768359419836704,0.9582353617987978,0.9425264460207146,0.8311684748191934,0.8637082826037772,0.8810874212378381,0.9373830426500689,0.8450906233206021,0.8628189859739698,0.9356403782457076,0.8081118196501036,0.7855468255801196,0.9096184581084206,0.8407654886035587,0.8684078159995328,0.8684078159995328,0.8688726774726101,0.8797579337068853,0.9949282540398244,0.9629072251847968,0.906874141867771,0.7611474695143752,0.8790792081159235,0.7860893780474988,0.8080836985441053,0.8399577749125604,0.8463485982967385,0.8538362113124116,0.7363426026476418,0.8538362113124116,0.8538362113124116,0.7627164268548153,0.8146279006262445,0.8079613786411541,0.8538362113124116,0.7967634255562546,0.6853724287359022,0.8565892206409165,0.8365129896858936,0.9569665824798764,0.9097158802954959,0.83319853316897,0.7200150757054353,0.6616792826426101,0.8633105822387179,0.8709257504778116,0.8742145641840273,0.682801656639263,0.9965607875060084,0.7144945125492563,0.8844843124070512,0.9466332291613411,0.9320241012496377,0.8836803687981813,0.8742145641840269,0.8985514348345148,0.7746021087667416,0.9464858626722621,0.8488009683941939,0.8792566610567847,0.9599747589515445,0.7354979399637389,0.9578525511332965,0.5995020768516,0.8597981632083393,0.7909308789931144,0.9952317766508612,0.8227755500574696,0.9223339547307454,0.8495924075606662,0.6214982810826328,0.8336981528273282,0.902941079165362,0.8372230463833881,0.8399577749125609,0.800943766214027,0.950590187978037,0.999003648905824,0.8220537447497207,0.9893782011987766,0.9322652690737792,0.9230987927998356,0.7026337148269375,0.865501747513129,0.8886036040060692,0.9529026417410933,0.8456720392434547,0.9680967848066885,0.8538362113124116,0.7563749039071171,0.7125682124793032,0.9610354185769059,0.8081631004502423,0.8388940115651081,0.8736582841643719,0.9658343414355561,0.8864638672964893,0.9599747589515443,0.8000014469253789,0.9628564332129779,0.9108877827148381,0.8800862405182626,0.961703770253487,0.8444753756217378,0.8910847978795919,0.9646006564160927,0.916854520642427,0.9336373275557406,0.8984772856524234,0.8182544207091909,0.8983964920261451,0.9798435596124935,0.8079613786411541,0.7963432599432081,0.9546827865676106,0.9167165926539573,0.8855324042412525,0.8697070558558908,0.854952893179078,0.8858692905046197,0.8980824107993682,0.8303483452585145,0.8490980979184488,0.9186625258702721,0.9779715530258775,0.9729552798479699,0.8426015599507428,0.9390064763255968,0.9701715731854321,0.9968104026993009,0.8550787752792877,0.9694693046339311,0.9065731007336061,0.8952259697681393,0.8308995033023561,0.8800862405182621,0.999003648905824,0.7563749039071171,0.9322652690737792,0.8538362113124116,0.8909983266095121,0.8683251969274117,0.7247261685113981,0.9169434053420296,0.8538362113124117,0.6714307119086187,0.7951188646461176,0.9719077222868919,0.7985112975145874,0.8918448656304777,0.8752225854928526,0.8446823162702752,0.9670878412739878,0.9586205380315477,0.9532733657276959,0.6968019255990177,0.8372795290999735,0.7363426026476418,0.9928025853448612,0.8413577553147258,0.971887349837368,0.8967660873085901,0.904974687829458,0.8369525677660956,0.8736582841643716,0.9049746878294583,0.9516083401288556,0.8644089330982312,0.9155456680159728,0.7708680693164617,0.925531477265308,0.9166782713163666,0.9301806902251256,0.9789280600778181,0.8455158696570757,0.7414973605425623,0.849098097918449,0.9710778825508661,0.8399577749125602,0.849098097918449,0.849098097918449,0.9325168005936905,0.8538362113124116,0.8684078159995325,0.8080836985441057,0.8538362113124116,0.9336373275557406,0.7698485733968017,0.8987200406362263,0.7746021087667416,0.9804262459572082,0.9504013869320106,0.879079208115924,0.8122486763171497,0.7333544589738001,0.8597981632083396,0.8393918239882854,0.8538362113124116,0.9208487206421543,0.863708282603777,0.8695783984998033,0.783521537018524,0.9826442441884957,0.9356403782457078,0.8587016255621234,0.8952259697681395,0.977119820643938,0.8697070558558906,0.7450523201144429,0.7963239206394062,0.7946997966500464,0.78418386269463,0.5686611319774753,0.9332207176112415,0.9535986089258479,0.8224366852123799,0.7746021087667416,0.9772312316911793,0.6517926378305283,0.8538362113124116,0.8538362113124118,0.9197305364296527,0.8855324042412525,0.8261579367030447,0.8186417320437713,0.9870775667492906,0.727113834010338,0.8444753756217378,0.8446895127988214,0.8115910171827396,0.8538362113124116,0.8538362113124116,0.8521752855458464,0.7899269060216141,0.9200592494410142,0.8160354927651174,0.6792145713104322,0.778929907323197,0.9458365005006755,0.8030955330179421,0.9517903183892786,0.8110676646667864,0.8538362113124116,0.9106654795469209,0.7563749039071171,0.8915752582995884,0.8175088949572928,0.7141183525888175,0.6998062986683329,0.8538362113124116,0.8538362113124116,0.8298975882891473,0.9155456680159728,0.7930366556811941,0.8128685932283842,0.8518521996951174,0.9238360697380932,0.9505230645451834,0.9416148150954211,0.7828508239983869,0.8864146981765759,0.8538362113124117,0.7762354873055686,0.7941058167740472,0.7595043994261449,0.9905189465353295,0.8873959033659553,0.8370324938380374,0.9358328998028984,0.7629849328788398,0.9185852223476999,0.9626800537430118,0.8538362113124116,0.718120711001383,0.8450906233206024,0.7561465138300012,0.9796850197540901,0.8382566492785486,0.9397974943297966,0.8670119565380481,0.9417973197862837,0.9804262459572082,0.7090878981255644,0.8162631205264099,0.982207980347422,0.9241944187271152,0.8571569282476759,0.9931026874757771,0.6898726976216442,0.8688726774726097,0.8490980979184488,0.47995075145796784,0.8183065775312199,0.876677653974753,0.922233798480828,0.9729552798479701,0.8164123539732424,0.9322652690737794,0.9456646986036487,0.8798965768234065,0.9799496685164868,0.6722511881227056,0.8846909396641924,0.9241944187271152,0.8909448482385579,0.9789280600778181,0.8627089995564365,0.8633105822387188,0.7311663593168997,0.9105112886652424,0.8413485046889821,0.8905177901464341,0.5983892623917781,0.9271963137623647,0.8133480559555941,0.8790295722470538,0.8538362113124116,0.8582610560465014,0.8846909396641924,0.7160107749447824,0.8855324042412525,0.8789644811682346,0.6727941245553481,0.9063295268024258,0.8538362113124116,0.8534852046047969,0.9230987927998355,0.9336373275557408,0.7958600446090275,0.8139836660299741,0.7841354497678654,0.7563749039071171,0.749614399040657,0.8352364449223371,0.9163062571480862,0.9247882336055975,0.9398486453052506,0.8874232726894711,0.9456646986036488,0.8396720495620453,0.9610354185769059,0.9396336290565331,0.8692494746944208,0.6665659279422269,0.7563867436573588,0.9387050351416217,0.9772551247195334,0.849098097918449,0.7221998686662612,0.8229852325116265,0.9507745686910865,0.8220537447497207,0.8748928485877512,0.8538362113124116,0.8526736435043283,0.9649178733300221,0.9491564487435968,0.8538362113124116,0.8439040976117987,0.9422699082751611,0.7141183525888175,0.8396720495620453,0.879079208115924,0.8849971763351223,0.93555323610179,0.9846434276467262,0.9335624664487481,0.9257654800933683,0.8347540142725383,0.9196101863440072,0.8538362113124116,0.9278089651893655,0.8538362113124116,0.8797579337068848,0.9080743155486823,0.6322839832446252,0.8915752582995884,0.7878346430532739,0.9915311147759653,0.6637334232697996,0.9647606076969688,0.8538362113124116,0.9456095550082203,0.7675930277926482,0.883635852872027,0.8504502276742938,0.796323920639407,0.9370094808581142,0.7841838626946305,0.9331567803129617,0.8407654886035592,0.6938019678252484,0.9147745183637905,0.8407654886035592,0.992197920523314,0.8688726774726101,0.9694180519569756,0.8407654886035592,0.8915752582995884,0.9455399698608216,0.9504013869320107,0.9857977037405371,0.8790792081159235,0.82416611175922,0.9582353617987975,0.7007391783483627,0.8019074126838547,0.989936943176853,0.6507708696316747,0.9903121568594568,0.8510908001068,0.9268772234043687,0.976674329622863,0.9001984000273927,0.789011087380916,0.8842773571989095,0.9409921981641243,0.9636846561567867,0.9669057621184365,0.9541501193150563,0.7746021087667416,0.7778891912118466,0.9959519736230751,0.7087654451175565,0.8904782399640953,0.7848612638876782,0.7563749039071171,0.7363426026476418,0.7921285060340852,0.674715868558717,0.9918848465537152,0.9496451505749915,0.9286618890601608,0.7208843563227112,0.9207448836803878,0.6526786791828201,0.806761776818004,0.7458654877003895,0.9019022996554895,0.9159726452485054,0.6057593482609729,0.8108208720021717,0.9841698601183979,0.9117575636016013,0.7368995612471618,0.6739582892195339,0.9537579392604498,0.7866845119728871,0.9771723058100774,0.7385972975260193,0.7892475835824763,0.880808612563334,0.7498517775817652,0.9090603183133985,0.9396325536854904,0.7876861669369373,0.863708282603777,0.7276882348418339,0.7173204273185987,0.6179090476942841,0.8732447293020549,0.9368072883674841,0.8261225187153798,0.8125121326434226,0.8736582841643714,0.8053297218666666,0.8056887786364277,0.9433725012289744,0.8291300795612058,0.9294700296273191,0.6545124879880468,0.8695783984998033,0.7363426026476418,0.6596653734669308,0.9034345468342826,0.9223339547307454,0.8855324042412525,0.8220011859049231,0.9166782713163664,0.681697760316804,0.7363426026476418
p55_L,0.9563323694805039,0.9479426716226425,0.9638997741542822,0.904492582132273,0.9116607121466378,0.957368823799184,0.6655524283480148,0.6483931319874756,0.8689475888160607,0.9044659624194149,0.855574875783836,0.9721446121872523,0.9721446121872523,0.8340851092721,0.8567388284504024,0.9034015659782539,0.9163896305345967,0.9132645418968566,0.8185124336423447,0.9466283176716466,0.9991814490064828,0.8924754469755602,0.9545357253183209,0.9861632483507676,0.9287031357493718,0.9651334427679321,0.6681830628839369,0.8214657804987164,0.988790672923878,0.7890743204793541,0.9885014952058606,0.927714695159251,0.893028347593662,0.8779834820327725,0.9453089334118425,0.7379864491056369,0.9514665453515565,0.7737947606942115,0.9095092958001549,0.8358962373639192,0.8150782129360689,0.9441595731099779,0.9538832559337087,0.8123202394146443,0.9284812646837413,0.7444836546646443,0.9579672831419932,0.9368021808115146,0.7082685460280576,0.7586426076971269,0.8905618443793009,0.8298169350541259,0.9910678932034702,0.9479426716226425,0.9555276107190077,0.9446352888037229,0.6932536782966205,0.8780124908814328,0.882493946041875,0.9338500679275201,0.8963053282779105,0.9543359910826792,0.8792598546188405,0.8747077280551954,0.6416687929882536,0.8165513693675905,0.849368200161047,0.8289953870117288,0.8309869523987747,0.9801726050158863,0.6559402325927418,0.9379983904326088,0.987394624057748,0.7331176141676874,0.8780124908814328,0.9428602426138162,0.8640937667115332,0.9126446824437987,0.8729210499096258,0.868620903532077,0.8845474310053816,0.9760924645748439,0.8840177995578717,0.861395641025781,0.8780124908814328,0.7501150506947272,0.9776204877676404,0.837048394903205,0.9924160770271001,0.874058087016832,0.8780124908814328,0.5569619342030154,0.7889005120100775,0.9052015177941279,0.9206126923182381,0.8391435526537709,0.6071382857226434,0.9827558590699044,0.8634190716399788,0.8307034883985693,0.6681155172459102,0.9344592945899634,0.6845606326709062,0.7647208782116969,0.9067154584867191,0.8996466204791784,0.8129996186667867,0.8180565531849371,0.9599795903498833,0.7989390055282561,0.5635295507957045,0.9767397936492347,0.9959397150669906,0.8001945629180328,0.9579672831419932,0.9996072383195826,0.977549159067497,0.9399096127475324,0.8242469433985232,0.8671780214647624,0.9515560535047474,0.7036208940517148,0.7338979064230683,0.939232585423377,0.9651334427679326,0.7457115223535173,0.979140048650021,0.9253326816557331,0.9721446121872523,0.99364625631041,0.9135730128505233,0.9938250905646744,0.9648675459392013,0.9538832559337087,0.5751056000149396,0.9229405598251849,0.8134889102998599,0.700756797041246,0.8905618443793009,0.8701999879391749,0.6817619910193984,0.9044659624194147,0.771892264141314,0.586266608877116,0.674052994381451,0.8484688673929213,0.9847042248743985,0.7742943170913286,0.963523928699781,0.7525016789987711,0.8003975508149646,0.7946980566970592,0.9165397547736366,0.9595179939890843,0.9979796032808486,0.8833228416971846,0.7806691825156836,0.881108050472782,0.8001699121619759,0.6143078167857987,0.7914249283325852,0.9938250905646742,0.8956172690589803,0.787052708091847,0.9983830570104646,0.47001625286299387,0.9091685990056662,0.7971542133030112,0.8595966110423856,0.875975891919976,0.9546924721473813,0.9951598794226075,0.9799502280441463,0.7035902141616646,0.6489687938012891,0.0,0.8996466204791784,0.6893882348095954,0.8026557942277543,0.9608215528653137,0.9368700250687356,0.8414378847130253,0.869220805651592,0.7662913206916271,0.9506666751759558,0.7661224739108724,0.8031604387997988,0.9801419993899996,0.9928443534876485,0.9357231274242304,0.9975001479158656,0.9489076774831278,0.7889093993668289,0.726624072846753,0.8759838739617403,0.8780124908814328,0.8820731393531338,0.7160744921365795,0.9368021808115148,0.9385036127937123,0.9621115276727603,0.9297688626423273,0.8780124908814328,0.934215134351019,0.9291862804623825,0.9044659624194149,0.8780124908814328,0.8111335581068838,0.9498318987842802,0.8530536913563285,0.8001699121619759,0.7043418183449053,0.6028137787409259,0.8780124908814328,0.7812832260964849,0.8780124908814328,0.958697290939132,0.7922224829152106,0.8341474948166985,0.8780124908814328,0.880698326543464,0.8780124908814328,0.874988921190623,0.9154783044636308,0.8464164226395853,0.9051510184869359,0.6117390277858334,0.7536386828633834,0.8701999879391749,0.8815948563190393,0.8520894306481992,0.7379084940310248,0.8198279506283184,0.9685383417797505,0.9236739017209474,0.7971542133030113,0.9499022465090411,0.9361890485835055,0.9983830570104646,0.8622031837320205,0.9060175412581504,0.8974554437274087,0.5964452013326156,0.965675107921693,0.8780124908814328,0.984481655946599,0.8780124908814328,0.828288817712634,0.8091891348220055,0.927714695159251,0.8767458614841255,0.7680740866467468,0.8820731393531338,0.793658599994084,0.9843617726997445,0.6616372098134347,0.9126446824437987,0.9738249296059336,0.886251668296631,0.6366266551366185,0.9940663389603608,0.7802063279698628,0.874058087016832,0.9505428281988997,0.6465926316490805,0.9095092958001549,0.8262301029672126,0.7809404683862262,0.9177926953630489,0.906715458486719,0.637352234696197,0.9236739017209481,0.7764930234896477,0.7454808953206498,0.9432178376859846,0.8996466204791784,0.8139246369558957,0.9237519398073375,0.5947064926738812,0.8624209179295178,0.8996466204791784,0.9110632667879575,0.759429412350568,0.9505428281988996,0.9289924236939668,0.763677636411927,0.6117390277858337,0.9635455134100155,0.8141536972510612,0.8701999879391746,0.9703171020126445,0.9703171020126445,0.6994553697306869,0.9801726050158863,0.7486026884489865,0.8100677200877802,0.99271464324417,0.9653644330183686,0.8185124336423446,0.6845606326709062,0.8614217756310916,0.9388497720957889,0.7750624986011467,0.8016098236683855,0.8712442473861117,0.8986014871672825,0.9343739182315294,0.9985952721582887,0.751754832961647,0.803409098341118,0.8998956313853426,0.7464644269238168,0.8036395926226059,0.7566244988820408,0.6312720171112502,0.8003975508149647,0.8489575666492941,0.988790672923878,0.877983482032772,0.8622031837320205,0.7167427021304857,0.9579672831419932,0.8780124908814328,0.9648675459392015,0.9560213724509794,0.6717842511345372,0.8996466204791784,0.8950201541957774,0.9297688626423274,0.8780124908814328,0.8764916349243244,0.7782494413739907,0.9095092958001549,0.9830783873746923,0.8446762938648045,0.6483566230177907,0.8493682001610471,0.7356508338052399,0.6915495259319991,0.9287031357493718,0.9233171559311282,0.6158197820373204,0.886251668296631,0.963545513410015,0.6892547253918375,0.9479426716226425,0.9537518331631627,0.957368823799184,0.7403845292441722,0.9006221969695165,0.7699929922856232,0.947415451490929,0.874058087016832,0.9109212244775019,0.8107965867708141,0.7411127019887735,0.817285968064773,0.6520760245490645,0.8780124908814328,0.8070522349601641,0.9739632732117645,0.6881380310604798,0.9963480954634683,0.926884616571659,0.7212962394162539,0.8780124908814328,0.8780124908814328,0.963523928699781,0.8289675444825275,0.5836985313274867,0.8780124908814328,0.9044659624194151,0.583615968875292,0.8106159516520424,0.9442732148249351,0.741092801962155,0.7855052964665201,0.4462134475622782,0.9088527911762523,0.6645505093318789,0.7294188961307384,0.8780124908814328,0.994503748531155,0.7578516768097991,0.7667391660655347,0.7732390104570914,0.8881797870385773,0.6637820155979639,0.9938250905646744,0.7858717241544069,0.8780124908814328,0.7029441049107656,0.9570632059254539,0.9185539307968831,0.7926859402848379,0.9444433456508098,0.608425443930876,0.9233171559311282,0.8780124908814328,0.8074668986349149,0.7495593741618605,0.8780124908814328,0.9929618619972899,0.9711802398376845,0.857153587322549,0.6634325646459585,0.8161669392449238,0.8780124908814328,0.7732390104570914,0.7971872797348996,0.972238662998439,0.7274442879673662,0.6487121865933438,0.8385728496239446,0.9452176220266053,0.6989555409397287,0.9579672831419932,0.9747606157929415,0.8171310708533335,0.9272241555912144,0.8040444197467225,0.7951489992039951,0.8258048816029747,0.872601016137001,0.9648675459392011,0.5161775485213107,0.8780124908814328,0.9801726050158861,0.8033820119243368,0.9179221079687574,0.9714650966700187,0.9250896219463323,0.8701999879391749,0.8357514161048276,0.9861632483507676,0.9020250279333477,0.9705897928868902,0.7182088539361109,0.9336313785979395,0.9613266848236802,0.8711821230159715,0.9801726050158863,0.8016412466225944,0.8425599060671963,0.8887296967329334,0.9545357253183209,0.8275600409176562,0.7505670456554262,0.7160728403105014,0.9116043551329036,0.8214657804987164,0.8714139014380852,0.8914258176161196,0.9372344714402794,0.9163567247160314,0.922109475719312,0.9232609119062613,0.8538549703121608,0.841781585346502,0.8093070140495187,0.9701852424404367,0.8546995720007077,0.9644128554156066,0.7577270976204536,0.7280585977911156,0.6438828862230955,0.8543379886219319,0.877049596267794,0.8395983236342689,0.8138775264270355,0.8687922038870259,0.8726010161370013,0.6558850711062774,0.9705897928868902,0.9424973924614076,0.9434323399092921,0.8968178498742654,0.742297462288926,0.9703171020126445,0.8146648030725792,0.9373184665069725,0.6381909394362086,0.9522612428073793,0.8996466204791784,0.894616049198772,0.9066200040430421,0.7574965561922458,0.957122354926818,0.6681830628839371,0.9474154514909294,0.9608267525008984,0.8996466204791784,0.9644128554156064,0.8076098019244695,0.9086244703991823,0.9721446121872523,0.766291320691627,0.8431944545174606,0.8385728496239448,0.8974554437274085,0.7205600655691231,0.8780124908814328,0.8950201541957776,0.8780124908814328,0.8780124908814328,0.8454812166000656,0.8452894464098948,0.6968737625388144,0.8780124908814328,0.7325939945166874,0.8081657198037095,0.8622031837320209,0.7546150413013027,0.9770108712601198,0.9116830671376643,0.8711821230159715,0.7663260934043867,0.9059726211885706,0.8627395392561963,0.9608215528653138,0.9891520826002305,0.9364974377814206,0.8132992036357136,0.7971872797348996,0.7947007466818523,0.8627395392561961,0.9656751079216928,0.953773208536673,0.9336294085971082,0.6609880362916242,0.9579672831419932,0.8288171116099008,0.9656161517043058,0.8976391604084474,0.9089064260461458,0.7920810574603443,0.7077018196833712,0.9369482369102511,0.9818472950454276,0.8766944689038771,0.886251668296631,0.8520894306481994,0.7709598306547535,0.9678369436816177,0.8799380731296387,0.7882998504559969,0.927714695159251,0.8648038117738406,0.8664296227710766,0.9957692217761758,0.9360688778621163,0.9297688626423275,0.752304816461439,0.8595966110423857,0.7798729832649693,0.6781700983713495,0.8016412466225944,0.9249846843441771,0.7144735536107282,0.920857127239587,0.8795643239426822,0.9457144261488413,0.8780124908814328,0.9648675459392011,0.932171712785949,0.8528017389969296,0.751385665342929,0.9656161517043058,0.8701999879391749,0.810754234011413,0.6986629779704768,0.9818472950454276,0.8078853879894237,0.9466283176716463,0.6988290369539341,0.9424925414484728,0.8603410228295822,0.8701999879391749,0.9838947726060603,0.8252270260687973,0.6558388834805504,0.7556568837056095,0.8625450481229642,0.8513366513458887,0.795482623689985,0.8670792616512959,0.7647899073490486,0.7899909958051179,0.9291905744936646,0.8439696564643357,0.9466283176716466,0.6782392694726955,0.9514665453515565,0.8684859095675341,0.9844816559465988,0.8544089639699157,0.874058087016832,0.7499353372953428,0.6924243917636137,0.9129948636656304,0.8827764194926169,0.9703171020126446,0.7501150506947272,0.9543128992433956,0.9705264508569071,0.9211030933848183,0.9874098650038853,0.932150271874697,0.8519948552834934,0.8555748757838355,0.9624643710324674,0.8905618443793009,0.9095092958001549,0.8780124908814328,0.9409067984732709,0.7493628964698649,0.7118963038838586,0.7339451363273897,0.8780124908814328,0.8257269379272756,0.6624257363258477,0.916626782594081,0.7636776364119271,0.8889376109828273,0.7789280287218883,0.889546484904943,0.8204093820490415,0.9758281197688966,0.6363012224501728,0.7510309497930114,0.8395983236342689,0.8950201541957776,0.7775304576437136,0.7183918393473308,0.922109475719312,0.7434675985328104,0.9538832559337087,0.9003190573751396,0.6205993721540615,0.9573688237991839,0.8744184037082304,0.7183918393473308,0.9789571546770472,0.9185789365869026,0.988728194418725,0.9801726050158863,0.9453089334118425,0.9372344714402792,0.7325931910484831,0.8161669392449238,0.874058087016832,0.923673901720948,0.8974554437274085,0.874058087016832,0.874058087016832,0.9911770567164953,0.8780124908814328,0.947415451490929,0.9615472725801572,0.8780124908814328,0.6751816881897454,0.8579823107800644,0.9801726050158863,0.9579672831419932,0.8347150649949071,0.8403532366531759,0.874058087016832,0.7064172493062568,0.8031604387997988,0.8726010161370013,0.8785897937691438,0.8780124908814328,0.6695294585512055,0.9938250905646744,0.9970824702532014,0.7650603839145007,0.5585552278928351,0.97956440271576,0.9514665453515565,0.8764916349243246,0.99364625631041,0.7895565433734407,0.9116607121466378,0.99364625631041,0.7718406834494511,0.8669666660526146,0.7044389011794552,0.6808642406714338,0.97956440271576,0.7082685460280576,0.922109475719312,0.8539910929855242,0.8971450156200362,0.8780124908814328,0.9200981815273386,0.9808778800524294,0.9044659624194149,0.6287004284311978,0.9595070856400736,0.9995623481084358,0.757005895732555,0.8701999879391749,0.6718830880726996,0.7717033811584508,0.8780124908814328,0.8780124908814328,0.9454341631095466,0.7287421559836771,0.8568597531136095,0.8533048249460855,0.7677001351673707,0.6045510524355,0.8800181089626264,0.7953243414180147,0.6603372606860851,0.7270133677469002,0.8780124908814328,0.9563339064430632,0.9648675459392011,0.9095092958001549,0.6385046219440764,0.8996466204791784,0.8050305848117181,0.8780124908814328,0.8780124908814328,0.789074320479354,0.7518570752013156,0.7941507563208106,0.965616151704306,0.6254993288708524,0.9522612428073793,0.9994013156599106,0.9507968637523908,0.7839378820497411,0.7944513794316205,0.8780124908814328,0.5682101684282909,0.7685539523338543,0.9167698423523449,0.8587754259106983,0.942860242613816,0.9635102054210596,0.9116386468550661,0.5262668281776901,0.9167698423523452,0.9506666751759558,0.8780124908814328,0.8675288783087625,0.8396543397015421,0.8553193493671494,0.7661327489744284,0.9133172072771273,0.904024891153085,0.8522926794284886,0.6080390327519969,0.8950201541957774,0.8667768790855743,0.8638706248551886,0.8543379886219319,0.8003975508149647,0.8842849992872084,0.8354611905902429,0.8298103817125155,0.8905618443793009,0.874058087016832,0.8557139541292018,0.8542594227905955,0.6558388834805506,0.9109212244775017,0.9538832559337087,0.8310963135850704,0.9538832559337085,0.9129948636656303,0.8568597531136095,0.8995980215373323,0.8454344032830188,0.9537464027925433,0.8847222613194277,0.8640937667115334,0.9088527911762523,0.6042797635529953,0.9233171559311284,0.874058087016832,0.9194971277530126,0.876449971269849,0.8820731393531338,0.6898429997316016,0.8917277932780132,0.8283311568213778,0.7839227118226597,0.8780124908814328,0.5754591087462548,0.9789571546770472,0.712155343731351,0.9044659624194149,0.9441595731099779,0.9224423342309354,0.6620748965590024,0.8780124908814328,0.7933038845325329,0.6781700983713495,0.8687922038870259,0.8110202824523363,0.8376597084996347,0.8004398062937683,0.927714695159251,0.7807043059267542,0.752232169916998,0.8387102643981907,0.8344622869181564,0.7450370076835062,0.6840091279451679,0.8686209035320767,0.8542832865919328,0.9789571546770472,0.8904936394887302,0.9379983904326087,0.8874711251450311,0.7663260934043867,0.6489561051648447,0.8780124908814331,0.874058087016832,0.8971450156200362,0.7190575000427952,0.9647280734764592,0.7234361172532475,0.7243727192987062,0.8780124908814328,0.7523830241218601,0.7585494542019471,0.7871467940319848,0.8780124908814328,0.7531088570108546,0.9252388023815417,0.8996466204791784,0.8452894464098948,0.874058087016832,0.9812603917451672,0.9910678932034703,0.9410393288458639,0.8793975838413057,0.6826120154129749,0.9545357253183209,0.6708898361687806,0.8780124908814328,0.9003190573751396,0.8780124908814328,0.8996466204791784,0.6001011923402937,0.8821291187786655,0.9095092958001549,0.9206126923182381,0.8344622869181564,0.8925986341763616,0.7636776364119271,0.8780124908814328,0.7779450922134491,0.7776674254192044,0.841470448822176,0.601991628359819,0.8183888262058918,0.9979796032808487,0.8198810166740818,0.9357231274242304,0.932171712785949,0.8730225726705558,0.7243727192987062,0.932171712785949,0.9279617397523306,0.626451095481346,0.99271464324417,0.932171712785949,0.9095092958001549,0.6458498006989997,0.9514665453515565,0.7572087404112642,0.7662913206916269,0.8881797870385773,0.8897822095653826,0.9454025996110428,0.984446564926525,0.9272241555912142,0.9454341631095466,0.8322717651628402,0.9394491037971122,0.9776204877676407,0.9146912929805033,0.9044925821322731,0.8033820119243367,0.9017128272688564,0.8730978326915781,0.8625130970131787,0.7848451608295747,0.8820731393531338,0.9579672831419932,0.9411394592697591,0.9362158120115072,0.8260073636615612,0.9015164260553183,0.9655391910307416,0.8905618443793009,0.9336294085971082,0.9813818316380161,0.9694550693492106,0.8105231890365034,0.8693429710263092,0.9392325854233771,0.9459038786955714,0.6504099509975094,0.9594947976170571,0.9453089334118425,0.9418183080464932,0.7930208333333331,0.9944876366103126,0.917270455179966,0.9357327548858672,0.9119335737975687,0.9232609119062615,0.9563942386406208,0.9651334427679321,0.6681830628839371,0.8473491267717792,0.9120201063762988,0.9723602968666374,0.9438962066300458,0.8257270167791618,0.9574863565447539,0.798986829081767,0.9671102309323536,0.9076366530789438,0.6117390277858337,0.9167698423523449,0.8530536913563287,0.9498601865175249,0.8862516682966308,0.8015160868693763,0.7694171875260549,0.8821604406074484,0.8433746521132707,0.9706748120899618,0.79301277865817,0.8956172690589803,0.7180334860412917,0.922109475719312,0.7740465810910551,0.9224423342309347,0.9336294085971082,0.8357953552692752,0.7658047716738017,0.9514665453515565,0.9044659624194149,0.9001096640367301,0.8996466204791784,0.8294087629670182,0.8950201541957776
p55_M,0.9327938339181783,0.7716724398496746,0.9541896299485404,0.9541300190655136,0.9632002305182422,0.51282042709389,0.9282231289090204,0.9000012885687347,0.9675591368764067,0.9672758151492922,0.9818060040046752,0.9667798280829099,0.890419571801265,0.7348814459346098,0.8276555176058373,0.947442779108449,0.9008317218258524,0.9436389526644002,0.965625,0.5403739491423276,0.9918433141222975,0.9493347822888889,0.6702779736260043,0.9596053879391779,0.9481608601832734,0.9436389526644,0.9542468650366516,0.9653179186519114,0.5403739491423276,0.9151644941927575,0.9383021271292231,0.9507165296704021,0.9529828655437629,0.933230312818766,0.9632002305182422,0.965625,0.9596053879391779,0.9762777185243531,0.9690033562225548,0.9425464483602057,0.9625162230164761,0.9447456538980155,0.9273614004407347,0.9784926679114252,0.9732924283946003,0.87132413922708,0.9610366993022685,0.9181387543589392,0.942546448360206,0.9541896299485402,0.9625131050152522,0.8317072625075967,0.9436389526644,0.9517441295565183,0.9529828655437629,0.999822628110246,0.941467276381333,0.9582144552981327,0.9425385593306327,0.9555383641697375,0.9701757583840656,0.9984082365942544,0.9436389526644005,0.9625162230164763,0.964040252388596,0.8315215278234708,0.9625131050152524,0.8814987207179203,0.8859104594065099,0.965625,0.7940830295788788,0.9978387378693493,0.9582144552981327,0.9271847252697736,0.9582144552981327,0.9485464508185621,0.9843798933538863,0.9505286850464205,0.9240714630961304,0.9273614004407345,0.9505286850464205,0.7408832291859205,0.9393458182324887,0.9436389526644002,0.9582144552981327,0.8063598505269487,0.9843798933538865,0.9414582284814821,0.9127606676606757,0.9568599156354449,0.9582144552981327,0.8298099072732106,0.8579085866471164,0.8806288736252947,0.9963814266559157,0.9637550377043789,0.83470067666082,0.949657954348555,0.9555196979739178,0.9199207156261615,0.941467276381333,0.620234322420162,0.963200230518242,0.8177388530806119,0.9326468089069146,0.9656250000000002,0.7891506066595855,0.9010651289368146,0.9868438546677248,0.8942631579092644,0.8228326121025151,0.9447456538980157,0.9095012704040788,0.7821342117290752,0.9610366993022685,0.889211310110831,0.7025265822012227,0.965625,0.9690033562225546,0.9579918546133754,0.9283593797331273,0.8022487300267547,0.9868438546677248,0.6678852793677752,0.9436389526644002,0.9002689993697957,0.9596053879391779,0.8876589233480017,0.5849785466746836,0.9302869180633686,0.9346991012692376,0.9610366993022685,0.950716529670402,0.9690033562225546,0.9542468650366516,0.8743797075282271,0.9409672007288843,0.9625131050152524,0.9625131050152522,0.9555383641697377,0.9414582284814821,0.9672758151492922,0.9598760745814001,0.8944656454039726,0.8394152467827322,0.9751883374484268,0.998817981216154,0.9418147080511319,0.942546448360206,0.8688148119047064,0.967275815149292,0.9701757583840656,0.9327819448011692,0.9430998431724233,0.7771757990417101,0.9425464483602062,0.734031009721495,0.979958676545309,0.9568868616159543,0.8022487300267548,0.9199117165193278,0.9552175050422179,0.9288327934067981,0.8713002539551251,0.9600784247075336,0.8101859061354617,0.8858340936764979,0.7657947949058672,0.9393458182324887,0.9449933732356441,0.789693589217336,0.9568599156354451,0.9414672763813332,0.941814708051132,0.879757933706885,0.8996466204791784,0.0,0.8936031902522539,0.9052996122898688,0.8417106331832116,0.9274049943645877,0.9507776441281286,0.9414672763813328,0.9568599156354454,0.8841024249642825,0.8248793654172627,0.9579918546133752,0.9190462651000915,0.9517441295565182,0.992787606045791,0.9555383641697375,0.9208725034246266,0.8343397916505886,0.894643490961601,0.9227150661971699,0.9582144552981327,0.9596053879391779,0.9555383641697375,0.9637550377043789,0.8520976574509762,0.9109895373928902,0.9568599156354454,0.9582144552981327,0.9306102629156658,0.894643490961601,0.9672758151492922,0.9582144552981327,0.898167420955173,0.9302869180633686,0.9485464508185621,0.9196272041613349,0.9217916370027819,0.9568599156354451,0.9582144552981327,0.8814987207179201,0.9582144552981325,0.9136806902167052,0.9386559485878399,0.9936903555962455,0.9582144552981327,0.8858340936764977,0.9582144552981327,0.9631615764547767,0.9236430180495618,0.6550538936190113,0.9378106311870051,0.9610366993022685,0.8792005618832213,0.9555383641697375,0.9470055188469617,0.9493347822888889,0.9823635494290388,0.8967947636921048,0.7495338050235034,0.9625131050152524,0.9172347260035332,0.9959788276248618,0.9662757781656683,0.9600784247075338,0.9302869180633684,0.9302869180633684,0.9542468650366516,0.8022487300267548,0.9701343557301771,0.9582144552981327,0.9662757781656683,0.9582144552981327,0.9174803742093416,0.8650564954973854,0.9625131050152524,0.9404006431802039,0.8792005618832213,0.9596053879391779,0.979958676545309,0.9481608601832732,0.7403498738151295,0.9818060040046751,0.9235852575057477,0.9610366993022685,0.7918924118684401,0.933670888244921,0.9439313629298691,0.9568599156354449,0.964040252388596,0.8957434736985351,0.9690033562225548,0.9960587809365496,0.9334253536579322,0.9936745866415239,0.8936031902522539,0.785229742762062,0.9625131050152524,0.948195970795533,0.9010651289368146,0.884802559435011,0.9656250000000002,0.929262052641298,0.7162087403934966,0.9458674971126175,0.9650079910895766,0.9656250000000002,0.9147196413525656,0.8814260230164839,0.9457879562525046,0.7240108483900585,0.9910578376517607,0.9610366993022685,0.9861029598450541,0.9095012704040788,0.9555383641697375,0.9552175050422179,0.9610366993022685,0.8604151780400966,0.5642045454545457,0.9021266483320798,0.9546904346937624,0.947442779108449,0.8758869004661177,0.965625,0.9582144552981327,0.9382239240989045,0.6728252353298366,0.9625131050152524,0.939296448593359,0.9487953198046516,0.9610366993022685,0.9425464483602062,0.982971410509272,0.9112990802027559,0.9255134534695351,0.9463466002520926,0.8476084617550554,0.9002689993697955,0.9001151207948017,0.8290757896610101,0.967275815149292,0.9675591368764067,0.5403739491423283,0.933230312818766,0.9814510646731802,0.9770357682633344,0.9552175050422178,0.9582144552981327,0.9625131050152522,0.8021325739678644,0.9436389526644005,0.9656250000000002,0.964040252388596,0.8904195718012649,0.9582144552981327,0.9481608601832732,0.965625,0.9690033562225546,0.9264564493231808,0.9023626134564879,0.7408832291859202,0.9625131050152524,0.9334253536579322,0.9992598421053647,0.7268627140717183,0.9529828655437629,0.8087664788274311,0.9610366993022685,0.9861029598450544,0.9821979361118385,0.9517441295565183,0.9264564493231808,0.9690033562225546,0.8746365330600945,0.6437885109709267,0.8848025594350111,0.9542468650366516,0.9568599156354449,0.7940830295788788,0.969121057269952,0.9095012704040788,0.910548062587494,0.838485922532453,0.9582144552981327,0.9535986089258481,0.932241742150131,0.9587907869179462,0.7540801690623645,0.967275815149292,0.9088679893884184,0.9582144552981327,0.9582144552981327,0.942546448360206,0.9208725034246268,0.8534003303067277,0.9582144552981325,0.4419039020006532,0.9582144552981327,0.7348814459346105,0.9600784247075336,0.8350231408856075,0.9582144552981327,0.9372689456075765,0.9493347822888889,0.9323831431980896,0.910548062587494,0.9582144552981327,0.9430998431724231,0.7584752352966445,0.8836906543081366,0.8859104594065099,0.9372689456075765,0.7961722733052291,0.9552175050422179,0.9000012885687347,0.9582144552981327,0.8616345643826469,0.9957912204911729,0.9216020313541382,0.9653626570022469,0.9596053879391779,0.9664668509189611,0.6225806388649312,0.9582144552981327,0.9588782372193381,0.9074031733450509,0.9582144552981327,0.9927876060457907,0.8640532804828902,0.9059500308908428,0.8425402875730423,0.9052983512742421,0.9582144552981327,0.9455018712343599,0.8956380779049871,0.964040252388596,0.9881339422948303,0.9855627308526734,0.9236430180495618,0.9728647695971406,0.9588782372193381,0.9610366993022685,0.9937522140875704,0.9485464508185621,0.9254223119773604,0.9525107890657618,0.7874844074533436,0.9326468089069146,0.9470055188469617,0.9625131050152522,0.9436389526644005,0.9582144552981327,0.965625,0.8051833789629992,0.9490201150415454,0.9505286850464205,0.9404006431802037,0.9555383641697377,0.894337774272643,0.9596053879391779,0.9555383641697377,0.9818060040046752,0.963200230518242,0.9517441295565183,0.9409672007288843,0.7523210624129122,0.9403409090909088,0.9098414308144025,0.967275815149292,0.9791100127950296,0.6702779736260045,0.9382147673560624,0.9493347822888889,0.967275815149292,0.9270817937161987,0.9829714105092717,0.9594101849401602,0.9447456538980157,0.9493347822888889,0.9662757781656683,0.6202343224201621,0.9332303128187658,0.9172347260035334,0.9388575045336478,0.9458674971126175,0.9625162230164763,0.9505286850464205,0.9945610690582234,0.8460854022796798,0.8466183234571396,0.9370067185313314,0.9542468650366516,0.9501014147602176,0.7464067098904849,0.9362456943690349,0.99148264814709,0.9470055188469617,0.8398472656040804,0.9505286850464205,0.9147196413525657,0.9458674971126175,0.98145106467318,0.8652529232203945,0.6202343224201622,0.9088679893884184,0.992355755240514,0.932241742150131,0.9625162230164763,0.965625,0.8807675720978947,0.9541896299485402,0.964040252388596,0.9829714105092717,0.9542468650366516,0.6109888955508616,0.950716529670402,0.965625,0.6116263374387745,0.830095383375447,0.9283593797331275,0.9568599156354451,0.96677982808291,0.889358278406654,0.9715107472647038,0.9542468650366516,0.7918924118684401,0.9582144552981327,0.964040252388596,0.9582144552981327,0.9582144552981327,0.9199207156261613,0.9470055188469617,0.6966611579972151,0.9582144552981327,0.877408265565068,0.9020609159565012,0.9302869180633686,0.863426812582565,0.9430998431724231,0.9084530093995202,0.7523210624129117,0.9199574485923747,0.9397068954970855,0.9529828655437629,0.9065978676189169,0.964040252388596,0.932241742150131,0.8510887196233299,0.9186425876141022,0.9383021271292231,0.9529828655437629,0.970134355730177,0.9072276697024948,0.3145854167402129,0.9145417437978425,0.9610366993022685,0.7169309788775422,0.9493347822888889,0.9936745866415239,0.9470055188469617,0.911790166832309,0.992787606045791,0.9701757583840656,0.9470055188469617,0.9342268638258988,0.9610366993022685,0.9493347822888891,0.9596053879391779,0.9293199127017768,0.9196272041613349,0.774682834871935,0.9625131050152524,0.9941465190705734,0.9542468650366516,0.9455018712343599,0.7493433037664853,0.9568599156354451,0.8499792765287961,0.9963814266559157,0.9690033562225546,0.8529481410826931,0.9460580405236656,0.9199574485923747,0.8554669905576378,0.8518092446394379,0.9236430180495616,0.9031133691845501,0.9582144552981327,0.9625131050152522,0.9829714105092717,0.9582144552981327,0.8876589233480018,0.9493347822888889,0.9555383641697377,0.9963814266559154,0.8227836741603319,0.9470055188469617,0.9074031733450509,0.9672758151492922,0.8652529232203945,0.9818060040046751,0.9285879473948484,0.9555383641697377,0.6933200547968154,0.8537121927533955,0.9162206421071969,0.9288327934067981,0.954459395331956,0.9420305227777703,0.8478137801574763,0.9255780598322525,0.9332303128187658,0.9313419384321768,0.8121565956895014,0.9383021271292231,0.5403739491423285,0.9481608601832734,0.9596053879391779,0.9742785468640238,0.9662757781656683,0.9118739328932484,0.9568599156354449,0.8628472125712434,0.9876763021969064,0.9273614004407347,0.900512011166277,0.9552175050422179,0.9845214236147153,0.8101859061354616,0.9447456538980157,0.9190462651000915,0.6678852793677754,0.9481608601832734,0.9163339973465923,0.9505286850464207,0.9568599156354451,0.9625131050152522,0.5128204270938903,0.9582144552981327,0.933230312818766,0.9575438906654211,0.87538386778876,0.7983172630337141,0.9582144552981325,0.9039825606517029,0.8315215278234708,0.9701757583840656,0.9362456943690349,0.9675591368764067,0.743409722161911,0.9022452837148789,0.8385696706637016,0.77034148134542,0.9227150661971699,0.9503464385246945,0.9181496848802537,0.964040252388596,0.7558142443945715,0.941467276381333,0.9552175050422179,0.6603999090581403,0.9690033562225546,0.998252218275079,0.9555383641697375,0.9690033562225546,0.9791100127950297,0.9414672763813328,0.41310303123286274,0.9418147080511319,0.9463466002520926,0.965625,0.9582144552981327,0.9843798933538863,0.8769282987941893,0.9052983512742421,0.9568599156354449,0.9625131050152524,0.9542468650366516,0.9568599156354449,0.9568599156354449,0.9332303128187658,0.9582144552981327,0.9542468650366516,0.9236430180495617,0.9582144552981327,0.9458674971126175,0.746406709890485,0.9403409090909086,0.9610366993022685,0.964040252388596,0.9596053879391779,0.9568599156354449,0.8628472125712433,0.9206136392290398,0.9470055188469617,0.9407597684553037,0.9582144552981327,0.9327537943050122,0.6202343224201621,0.9458674971126175,0.8978662141860194,0.9245757305468909,0.9403409090909087,0.4731563323946123,0.9481608601832734,0.9673847887170085,0.9481608601832734,0.9582144552981327,0.98145106467318,0.685808975235128,0.9491799890127759,0.974278546864024,0.9505286850464205,0.965625,0.6997646690171253,0.9610366993022685,0.9806215235201542,0.9418147080511319,0.9582144552981327,0.5702736596001141,0.985237504395597,0.9672758151492922,0.8491179681128104,0.9732924283946004,0.9505286850464205,0.9251090083155453,0.9555383641697377,0.895720559153787,0.8903043654943787,0.9582144552981327,0.9582144552981327,0.9293199127017768,0.8579085866471166,0.7558142443945715,0.8870336910138055,0.9449933732356441,0.8425402875730426,0.8460854022796798,0.9031859539635605,0.9936745866415237,0.9147226721121786,0.9582144552981327,0.918138754358939,0.9625131050152522,0.9690033562225548,0.8227836741603319,0.9656250000000002,0.9313419384321768,0.9582144552981327,0.9582144552981327,0.8814543472273346,0.9582144552981327,0.9432421655540006,0.9493347822888889,0.9685938234748075,0.8110762919188101,0.9404006431802039,0.9172347260035334,0.9344686952739127,0.8300277862192768,0.9582144552981325,0.7115640556679511,0.8844151266713451,0.9596053879391779,0.965625,0.9485464508185621,0.9105480625874939,0.9756340559373771,0.7018004875977806,0.959360572108506,0.9216020313541384,0.9582144552981327,0.9271847252697736,0.7018004875977806,0.9172347260035332,0.7503340866377597,0.9275816772658132,0.9517441295565183,0.9688588518247441,0.8248793654172626,0.964040252388596,0.9693421397704964,0.9624618611870086,0.9542468650366518,0.967275815149292,0.9362456943690349,0.9957912204911729,0.9147226721121786,0.9625131050152522,0.9568599156354449,0.9378106311870051,0.9414672763813328,0.9302869180633686,0.9893688617336196,0.9690033562225546,0.8138923488875741,0.9273614004407348,0.9690033562225546,0.9662757781656683,0.9877180384539763,0.9145417437978427,0.9582144552981327,0.8357840905673557,0.9493347822888889,0.9493347822888889,0.8564736530148129,0.9529828655437631,0.9667798280829097,0.9998226281102461,0.9127606676606754,0.9596053879391779,0.8532920118076428,0.932241742150131,0.889358278406654,0.9042431527295784,0.9582144552981327,0.743409722161911,0.9582144552981327,0.894643490961601,0.9672758151492922,0.9447456538980155,0.9458674971126173,0.9929303214064669,0.9582144552981327,0.8733481182086196,0.8529481410826932,0.9914826481470901,0.9084530093995202,0.8923050495306926,0.8804252291828119,0.9625131050152522,0.9230339739969549,0.9449933732356441,0.9084530093995202,0.8567149674919383,0.9254223119773604,0.8414313916208946,0.9690033562225546,0.6064918890381653,0.884614916334616,0.9163339973465923,0.942546448360206,0.9386559485878399,0.9199574485923747,0.8478137801574764,0.9582144552981327,0.9568599156354449,0.9418147080511319,0.8121565956895016,0.9588782372193381,0.8836906543081366,0.8640532804828902,0.9582144552981327,0.893563448855724,0.9255780598322527,0.8993178757827877,0.9582144552981327,0.9040056117932131,0.9529828655437629,0.9656250000000002,0.9470055188469617,0.9568599156354449,0.9090755206392821,0.9352213936467462,0.9154363928771068,0.5888519595513024,0.9728647695971406,0.9470055188469617,0.8451952273822539,0.9582144552981327,0.9404006431802039,0.9582144552981327,0.965625,0.8197691174227543,0.9878402341692827,0.9690033562225548,0.9393458182324887,0.7887187728537041,0.9217916370027819,0.9362456943690349,0.9582144552981327,0.8971926092335732,0.9219964277740789,0.9869507344006991,0.9383021271292231,0.98145106467318,0.9625131050152524,0.9383021271292236,0.9372689456075765,0.9312607396704551,0.9553459570547012,0.8640532804828902,0.9312607396704551,0.9910578376517607,0.9625131050152524,0.947442779108449,0.9312607396704551,0.9690033562225548,0.9957912204911729,0.9596053879391779,0.969121057269952,0.7376990592379735,0.992787606045791,0.6155835197053354,0.9109895373928902,0.98145106467318,0.9892083965651994,0.9293199127017768,0.9978387378693493,0.9568599156354451,0.9493347822888889,0.8794220672691386,0.7348814459346101,0.9650079910895764,0.9334253536579322,0.9274049943645877,0.7374009961013606,0.942546448360206,0.9596053879391779,0.9610366993022685,0.9650079910895764,0.9559837914106133,0.9404006431802039,0.9404006431802039,0.9637550377043789,0.9625131050152522,0.964040252388596,0.9357316532939288,0.9393458182324887,0.9945424935407444,0.701800487597781,0.9383021271292231,0.9156983093954272,0.9481608601832734,0.9372689456075762,0.9582144552981327,0.9215564107896544,0.97956440271576,0.9784926679114252,0.9906286789501814,0.9492695548843346,0.964040252388596,0.8552790990760805,0.9777034239720852,0.9436389526644,0.9542468650366516,0.8325117480738033,0.9469207829576379,0.933670888244921,0.8935634488557236,0.9505286850464205,0.9439313629298689,0.9667798280829099,0.9309173228584977,0.9923557552405138,0.9610366993022685,0.9596053879391779,0.9904950340182073,0.9404006431802034,0.9610366993022685,0.9163339973465923,0.9983921185766227,0.9261467239192342,0.6728252353298365,0.9555383641697375,0.9323831431980896,0.8661829386665058,0.9662757781656683,0.703980118075676,0.9216020313541382,0.6782333744456275,0.964040252388596,0.9553459570547012,0.9936745866415236,0.554190372346928,0.9672758151492922,0.9057246972976496,0.965625,0.8854073782202492,0.964040252388596
p55_V,0.7913747637776186,0.9080590956512438,0.8141815211081282,0.9619776763871524,0.9335587141907045,0.9040598105946911,0.9452164268453696,0.9987675691244775,0.8713938810668465,0.6924326497355209,0.9030676093179741,0.879883781292478,0.9749997343838411,0.8481857313975261,0.9969772640803569,0.7201848313068192,0.9185582096194518,0.8255524180203793,0.9502223351291034,0.8987127601538669,0.8537363071580715,0.8707041703100613,0.9683947100959853,0.7549236295841958,0.8665350367911273,0.8255524180203793,0.918558209619452,0.9336421137244926,0.8987127601538667,0.760322522266206,0.8323930928014782,0.9920543208470207,0.8838450146253058,0.7933358049763426,0.9009295367383648,0.9326468089069146,0.8749714078758022,0.9425880247995206,0.7086694248546104,0.8716759040414968,0.8566337700013895,0.9823879636404584,0.9040598105946911,0.9303208748989644,0.9787306038515087,0.7472573546067105,0.8794015740660157,0.879206137318884,0.8221709206355943,0.9705746765709283,0.7917796682239775,0.829201361273685,0.8255524180203793,0.6325833294138403,0.9719595298866284,0.9861545404751743,0.9374008478930761,0.6072669396673073,0.7442704903649862,0.89324444919952,0.9184373414506293,0.7742326631011466,0.8507014378963609,0.9882421515016988,0.8886981112672732,0.9283020733847218,0.9920543208470207,0.7036197580861194,0.7498653476029529,0.9326468089069149,0.8444870269259996,0.9550566540378437,0.9359245759999373,0.9054494751530813,0.6072669396673073,0.9895811634299696,0.9807927095444529,0.8468773793429292,0.8671899205447995,0.9040598105946911,0.8159812408068025,0.9334358766172435,0.8088302066282662,0.9764465372762707,0.6072669396673073,0.811982893859045,0.9807927095444529,0.9459608074133452,0.9430320642249596,0.626241239715507,0.6072669396673073,0.760370570527892,0.9200737804187118,0.8457810690967056,0.7614670317734429,0.8745712235921324,0.7899238346879143,0.8887676257765074,0.985043087414579,0.9397353094771925,0.8919612280695783,0.914173419871023,0.9359245759999373,0.9334669096881463,0.7781369379958865,0.8936031902522537,0.8034114411854589,0.9389776541801309,0.9715459546976809,0.9415216254512698,0.8331112669780159,0.9409069832673276,0.9336647459143008,0.7694507368736443,0.8794015740660157,0.8824814310273923,0.9941886409515408,0.7159606232011387,0.9668499345550761,0.988934595268783,0.9447849532141614,0.9160606825165771,0.8935215382096593,0.9573749170745656,0.9764465372762705,0.9109027323870094,0.8749714078758022,0.8047547765033387,0.9615896302219167,0.8758750911172565,0.9539220456911877,0.9815110427139536,0.9199989838706863,0.8807897646549209,0.8583858153873951,0.8761067291226037,0.7368256910889623,0.9199989838706863,0.9199989838706863,0.6129761647399178,0.7995210033129084,0.8987127601538671,0.8994310104775964,0.8524134156215304,0.9413146037041611,0.7927883682840606,0.893718312882185,0.8958061179816813,0.9211808874473997,0.9417584211785244,0.9395982191649277,0.8450904835434577,0.9108203453823034,0.7652839715523998,0.9920543208470205,0.8469234123385463,0.9704446079610691,0.8443091301970411,0.8226270552048839,0.9800094642901074,0.9246773889091409,0.9815110427139536,0.9854612009140378,0.7413015915281351,0.7938674819676823,0.8087102574521299,0.9928493745457202,0.8190313752870151,0.9982829060475595,0.86890152426909,0.9164608983913021,0.9298843125247958,0.8432075354874791,0.9404799197278775,0.6278291708781285,0.6893882348095954,0.8936031902522539,0.0,0.9296797905424077,0.9233320965528575,0.7505815166464335,0.9805737591864032,0.9861545404751743,0.9298843125247958,0.8449105004427266,0.888432114565133,0.9578951972515546,0.9784372240819137,0.6900030262807051,0.9405947608950082,0.8290046461414143,0.8572214399093682,0.7486931685470561,0.9600277956123348,0.7268543960405003,0.6072669396673073,0.6539859125278309,0.9241056608283051,0.7041093965305276,0.801738189521106,0.975614372848836,0.9298843125247958,0.6072669396673073,0.8583251373602381,0.8856362593447298,0.7333181087465824,0.6072669396673073,0.6923526659308996,0.8904440437110421,0.8850770754093622,0.9309203656371061,0.9338148053070625,0.8664736771305537,0.6072669396673073,0.7344645498086455,0.6072669396673074,0.7910170237346361,0.8262644922831701,0.8458309057149567,0.6072669396673073,0.8204293263402038,0.6072669396673073,0.9677434321265539,0.8232864604180834,0.8301808931874113,0.8662388055868773,0.879401574066015,0.9806731463840086,0.6438373763687026,0.8624569788734151,0.881596616412558,0.8199072685314985,0.8266421735872975,0.903101287249819,0.9560266523588534,0.7297398881404957,0.618626666497788,0.7907172972604057,0.9421529771455082,0.8054691836486052,0.9116877587266512,0.7204074249882081,0.7774875449254901,0.8907270693989846,0.6072669396673073,0.9445708777308239,0.6072669396673073,0.9973413149588517,0.9820936661953026,0.9920543208470207,0.8635700326345708,0.9946713707754598,0.6539859125278309,0.9244095736166785,0.9985324561162128,0.781383641018307,0.8749724943304518,0.9601269759436841,0.6337925846638766,0.8035785344859692,0.8198568281978238,0.8430062780917459,0.5945359220183859,0.9989819949201276,0.7533108208788919,0.7086694248546104,0.9416637674472199,0.7509100365904007,0.6596551219292098,0.7355274757566845,0.7473233658026186,0.9199989838706863,0.7961858879171841,0.9389776541801309,0.9246802488182033,0.8936031902522537,0.9276922801187988,0.8653347025776126,0.8844754883439765,0.9402699576172797,0.8936031902522537,0.9729712779913686,0.902998986002348,0.926138075871473,0.927702868717962,0.8481857313975261,0.8794015740660153,0.8334615552938358,0.9105116023914854,0.9833107042853397,0.9489452656760311,0.9815110427139536,0.825108926600066,0.8936031902522541,0.9659579419172881,0.9389627484316476,0.8987390403176914,0.9477440994742465,0.989265953783764,0.870666221095258,0.8716759040414968,0.862383237570735,0.8839713153825193,0.9248128430372737,0.8856329311700688,0.9837171114810386,0.8469234123385463,0.847759570783367,0.9436348623121289,0.8259267493680116,0.8465574919854293,0.9962464550801925,0.7380116059475195,0.8161249367988568,0.7741044340744822,0.8987127601538667,0.8907785009971174,0.9395982191649279,0.9470074801592099,0.7271690860079918,0.8908374910011476,0.9489452656760307,0.6072669396673073,0.8839713153825188,0.8631121466811532,0.8758504577723429,0.8936031902522537,0.926138075871473,0.8981789948276746,0.6072669396673073,0.8665350367911271,0.8936031902522541,0.9040598105946911,0.8948828161822087,0.7230583261196462,0.8584628261955793,0.9199989838706863,0.9705001765635294,0.7533108208788919,0.9205080396281913,0.9399259548520491,0.7585637566042371,0.8076518136889156,0.8372419978857335,0.8479147125224915,0.8506393987843801,0.9969772640803569,0.9238198496049985,0.9665260395904454,0.8372419978857324,0.9633339560501861,0.8884720125034238,0.626241239715507,0.8894431789674793,0.9160606825165771,0.9246773889091413,0.9371129183328335,0.7391127693315838,0.6072669396673073,0.9650800391789578,0.8407068186897878,0.8408401366093423,0.8336897868247426,0.97863086281295,0.8839010387754608,0.6072669396673073,0.6072669396673073,0.8312941955230861,0.837836819979098,0.8281173699174167,0.6072669396673074,0.9804836781759889,0.870666221095258,0.9469887676211466,0.868010229556595,0.9600277956123348,0.966187891643044,0.8288878399988695,0.9257484399272571,0.7774306096387753,0.9654720791391446,0.6072669396673073,0.8670625812678876,0.8516515289226925,0.9912041750913803,0.9318622040900165,0.9210947996413184,0.9767814301199086,0.9837171114810388,0.9425007250144233,0.6072669396673073,0.7091339056390904,0.9512975174002887,0.8748276741516818,0.8583823376590758,0.9422632192467122,0.7596485513693898,0.8544735095381981,0.6072669396673073,0.7674703984056312,0.8045618133723744,0.6072669396673073,0.9902500193731549,0.9555736976611131,0.8212598042924089,0.7295163400318849,0.9530453432694489,0.6072669396673073,0.956139730379483,0.8491307619372503,0.9989819949201275,0.9424891417567622,0.9579094304641455,0.9580883280230452,0.8467481159195445,0.8459442725624486,0.9141734198710234,0.99763145123725,0.9721638154265353,0.9419102772903427,0.9621805061477255,0.8592854779107726,0.8652169654226658,0.6078543650137341,0.883971315382519,0.8507014378963613,0.6072669396673073,0.989265953783764,0.8066845249910601,0.9224729485477876,0.9283617007568916,0.9442669069485908,0.6129761647399181,0.9072779442972123,0.9567990636969238,0.6129761647399181,0.9030676093179744,0.8706662210952583,0.9941886409515408,0.8936341397073788,0.8326246412063059,0.9326468089069149,0.8949199758508423,0.9395982191649277,0.8335522684478647,0.9419102772903429,0.9446869483354496,0.9257484399272571,0.9395982191649279,0.960100201811019,0.9765833851950556,0.8450157918837125,0.7363601750214235,0.8707041703100611,0.9638025752896262,0.9489452656760307,0.9470074801592101,0.8049446775692437,0.8531084797742616,0.8584628261955796,0.8754349673585764,0.9311627243054967,0.8323930928014782,0.9629190452899544,0.977206972953145,0.8361016052920658,0.9787306038515087,0.8887417321687676,0.7930749403593429,0.7194048776418958,0.9885261369375651,0.7137920962363048,0.735916186383506,0.9030676093179744,0.9577302098740655,0.8844754883439767,0.8904440437110424,0.8537627874530492,0.9489452656760309,0.8311081856034908,0.978956313767608,0.898810465721837,0.9318385594301375,0.9326468089069146,0.8106991547503746,0.952637693044183,0.9635780404756729,0.8692302065186487,0.918558209619452,0.991183199032463,0.9920543208470207,0.7159606232011387,0.9491886428703427,0.7727252384193422,0.8615221719562451,0.8664736771305537,0.9932949479190378,0.8157205717198638,0.9183382895577962,0.660235030756153,0.8035785344859689,0.6072669396673073,0.8886981112672734,0.6072669396673073,0.6072669396673073,0.9540654909161645,0.50191663379116,0.9031012872498188,0.6072669396673073,0.6620039436398077,0.9261163333582086,0.833387661086038,0.8238322722265852,0.9179518861256315,0.8594578000049669,0.9153752997001792,0.55540498574032,0.9481404039200081,0.8518114395907253,0.8188280085322495,0.8117821718991276,0.8553966797904402,0.711365917004062,0.8732661125600129,0.832393092801478,0.8811829446778336,0.7981434345126295,0.9980105196080562,0.9635780404756726,0.772308971794464,0.9141734198710232,0.8792061373188833,0.6889416727523731,0.9823879636404584,0.9948791429016279,0.8259154391082904,0.8288878399988695,0.819907268531499,0.9683947100959853,0.5594921993424681,0.946739196908946,0.7164638075609724,0.9422632192467122,0.9494369920998957,0.9453158510117825,0.7850827274716052,0.755751999735811,0.9607863239306713,0.5699764394080682,0.7321435993184835,0.7367623586035865,0.9932949479190378,0.9388098142174416,0.974601318620148,0.9040598105946911,0.7037796283645912,0.9547061028635058,0.8438804491223509,0.8809594372828482,0.953270574735855,0.9382133087904208,0.9418470843862625,0.6072669396673073,0.883971315382519,0.8731221646579734,0.9359245759999371,0.8190560274118979,0.9916851556469493,0.8290046461414144,0.8359459819605584,0.8763214452234422,0.8889414116790577,0.945960807413345,0.9395982191649279,0.7835094966648917,0.9283617007568916,0.9729526952913966,0.6129761647399181,0.9399259548520488,0.7044318615541334,0.8267128986642147,0.8844754883439765,0.9315984376544129,0.9845487099291069,0.9156051850579336,0.8587064407231462,0.9250543837045142,0.7444916497508873,0.7406832782275719,0.9807340270883385,0.8987127601538667,0.9205080396281913,0.942263219246712,0.752310720351238,0.978502332033967,0.9117682043321573,0.5945359220183859,0.7761650544353054,0.743706832164007,0.9470898955447686,0.8040148127623546,0.9837171114810386,0.8553966797904409,0.9590047075991,0.8545462084867692,0.7543919106656489,0.879111312829024,0.890586450442085,0.8109672511252808,0.9311627243054961,0.9749997343838411,0.883971315382519,0.9470898955447686,0.6072669396673073,0.8115084588391405,0.8481199517705624,0.9761621054672682,0.818630223126076,0.6072669396673074,0.959874003670447,0.7406401644884086,0.977555385202107,0.8331968226315221,0.8713938810668462,0.8500554881616187,0.9009887845063838,0.9033760939481734,0.9116107977387802,0.8396132831153245,0.8179410695579881,0.7752477163247107,0.926138075871473,0.8099489948192078,0.9374008478930761,0.914173419871023,0.8054691836486054,0.9040598105946911,0.9116107977387804,0.89324444919952,0.9040598105946911,0.936768944084676,0.8919612280695786,0.9359245759999371,0.880914850732949,0.8950157602898945,0.7940478605104611,0.9009295367383648,0.7990302119867646,0.8475876134006488,0.8916759054535881,0.626241239715507,0.9199989838706863,0.6301488336401242,0.626241239715507,0.626241239715507,0.8115084588391404,0.6072669396673073,0.8407522134523208,0.699713077998924,0.6072669396673073,0.8324501640471824,0.9216894750865388,0.9326468089069146,0.9141734198710234,0.9635780404756726,0.9086173135612574,0.626241239715507,0.8605653206003867,0.9024275116709175,0.952151991487087,0.966560698767458,0.6072669396673073,0.8630364988833328,0.914173419871023,0.9854612009140378,0.9916799728130038,0.7665483157130137,0.9326468089069149,0.9759091249321667,0.6477079376752966,0.9116877587266514,0.9175729518606172,0.8706662210952576,0.620950510929946,0.8894431789674793,0.8405793670057005,0.937083437534646,0.9030676093179744,0.9716904275615754,0.8716759040414968,0.9141734198710234,0.8630364988833328,0.9701724767797297,0.6072669396673073,0.9032953985475973,0.8706110504679281,0.6924326497355213,0.7787057105955291,0.9486444067354804,0.8749724943304518,0.8994310104775967,0.6129761647399181,0.8302023198200654,0.973967437424566,0.6072669396673073,0.6072669396673073,0.7562049945721094,0.9486692139954793,0.8676440874956146,0.9019154831796148,0.8539020097627188,0.7295163400318849,0.7702593023399316,0.9319105898567981,0.8545462084867688,0.949362186704076,0.6072669396673073,0.9313918326126671,0.883971315382519,0.7086694248546104,0.7450644396376331,0.8936031902522537,0.9486692139954792,0.6072669396673073,0.6072669396673073,0.9737403469173103,0.870666221095258,0.9809185270676637,0.9807927095444529,0.7132587572284494,0.9130373620729506,0.8962261418443818,0.9929566511411142,0.9814765679110732,0.7565047898779342,0.6072669396673074,0.8479566136798238,0.9206192073019182,0.908617313561257,0.8936031902522539,0.8014106605288138,0.8360137952166815,0.6967393922251979,0.811982893859045,0.9567990636969238,0.8903977755631036,0.6072669396673073,0.9062807847190644,0.9709481764839752,0.9177518617123658,0.7577573784729636,0.9276144109165838,0.9771015106150269,0.9489293546749413,0.765795435183013,0.8492221365033285,0.793998142115024,0.8945562296738548,0.8884720125034236,0.9804836781759887,0.9925055456169973,0.7217652242119474,0.8797513269650763,0.6476689942713076,0.5945359220183859,0.8331112669780154,0.9374008478930755,0.9116877587266516,0.975688364908082,0.8377596797048432,0.9608499511796933,0.9238198496049985,0.9040598105946911,0.7714855997016032,0.759381420691865,0.9563972237144256,0.8356711818336857,0.8987127601538667,0.8982263051186592,0.8265523467953619,0.8650987590353227,0.8544735095381997,0.8981789948276746,0.9374008478930757,0.8340356090715592,0.8222154409551056,0.9703889340495293,0.7972930327583921,0.9166126878174718,0.8014184739932164,0.6072669396673073,0.7603705705278923,0.8356711818336858,0.9880888765292323,0.6924326497355209,0.9823879636404587,0.8324501640471824,0.8953979495210402,0.6072669396673073,0.846981511584666,0.7462373115392391,0.6993219172816707,0.9424063451800095,0.9633786259616517,0.949362186704076,0.883971315382519,0.8339548807406937,0.8539020097627188,0.8453052389467508,0.8352109049892378,0.8624569788734151,0.9290203556384022,0.9040598105946911,0.8624569788734151,0.9685537534522768,0.99763145123725,0.9459333791503508,0.9741720361470347,0.5169415906227156,0.730889575344956,0.8706662210952578,0.626241239715507,0.9850637440284618,0.834730577248763,0.9331498251335966,0.8828210056644994,0.8993400224252758,0.6072669396673073,0.8793690676664638,0.825612370477403,0.8481857313975263,0.6072669396673073,0.9036253447632618,0.8838450146253054,0.8936031902522537,0.6873076634306621,0.626241239715507,0.9851443286222332,0.9512975174002887,0.7938674819676823,0.916338074360628,0.9469978661777081,0.8624569788734151,0.7515864622169397,0.6072669396673073,0.9442669069485906,0.6072669396673073,0.7159606232011387,0.7952703407984674,0.9122442101382064,0.7086694248546104,0.85962756938797,0.7787459045248877,0.953357445310062,0.8937025093933768,0.6072669396673073,0.9011195092405508,0.9096098469694606,0.8476949628559511,0.9258295328565698,0.7909002310548201,0.9358903421766451,0.8172202569919268,0.9636465008056206,0.6115825776952687,0.9659178786820752,0.7165805779088039,0.6115825776952687,0.9697471566190721,0.8839713153825193,0.9160606825165771,0.6115825776952687,0.7086694248546104,0.8507014378963611,0.9567990636969239,0.8294524715221476,0.8664736771305537,0.894491281073784,0.8324501640471824,0.8321185046348736,0.9329314737422609,0.9683947100959853,0.8232835578164706,0.7322842287112805,0.9749997343838411,0.7990302119867647,0.8106991547503746,0.802668953401676,0.883019057920329,0.9709424527769697,0.6681270667188117,0.9068979660744425,0.8469234123385454,0.7212777238987409,0.9141734198710234,0.883019057920329,0.99753029180166,0.95965156284299,0.8875904151866758,0.8981463403257288,0.883971315382519,0.8886981112672734,0.697441457615692,0.8596275693879696,0.9951305208991641,0.9926550694496731,0.9573749170745655,0.7481932845220354,0.8935215382096593,0.8058361000882572,0.9685537534522766,0.9080733518947708,0.7729756285315657,0.9031535625852032,0.8413257313051941,0.7767254256221148,0.9635780404756729,0.9689605766139049,0.6865394231934896,0.8255524180203793,0.8583858153873951,0.8833091568153817,0.974155453783927,0.5778463044635833,0.7811948947768252,0.8468773793429294,0.7083433648856712,0.9298843125247958,0.9715752619549356,0.8339548807406938,0.8794015740660153,0.9086173135612572,0.975584140563161,0.8155292675303596,0.9489452656760311,0.8717036086843715,0.9534107973629814,0.8079761960583187,0.9241056608283051,0.8932444491995202,0.9527669084318702,0.9854612009140378,0.7907172972604055,0.9141734198710232,0.9694713117341006,0.8584628261955793,0.8886981112672734,0.9618825555180341,0.9312512615789827,0.9759091249321667,0.7333181087465821,0.8640957559199196,0.7550042418557994,0.8023214246213091,0.926138075871473
p56_I,0.9955194504865221,0.974332195096971,0.854261670360065,0.716649862989461,0.9905461600724843,0.9996437898601824,0.853671829236115,0.8199154045579735,0.8485974223311195,0.9373855340691761,0.9022017939490118,0.9087945075432594,0.96089318452934,0.9037287765875095,0.8050228159455146,0.8670761621516618,0.8814481532394801,0.9955239637156412,0.8518084376617914,0.8945707776353959,0.9610681668260275,0.7575859317124712,0.8836918523565206,0.968805048104574,0.8034091357224458,0.8921587537070723,0.9226673352539045,0.9567209276149589,0.9505853404005387,0.797580495564975,0.8819472699932516,0.9282725629505153,0.9100373996478224,0.9472979076308065,0.9458430027009459,0.7983172630337141,0.922708936151958,0.9290024883707132,0.9406910117203195,0.8725489602858045,0.8750215518018308,0.9656054081755227,0.9406910117203195,0.9484775881259131,0.9226673352539045,0.8683325787605126,0.9254476077793647,0.9471617281634868,0.6012544641739148,0.9034103072534105,0.9282725629505151,0.950125934149217,0.8921587537070723,0.974332195096971,0.9692425163660795,0.9881949600984963,0.5776419057461928,0.9200475251844384,0.859645633061279,0.9149270915494645,0.8521229825390562,0.846190384935614,0.8666557562729355,0.8416368978310873,0.6071583993937413,0.8818745365591065,0.6768537295504502,0.8155180978592678,0.9979139384708736,0.7983172630337141,0.8467654089795704,0.8900683556162927,0.9458430027009457,0.8462452225485726,0.9200475251844384,0.8451467284600855,0.9407634795537991,0.8252191394831927,0.8995968390691993,0.8824506538600926,0.90534156988644,0.9320611426402994,0.9862771939565296,0.9610688937127851,0.9200475251844384,0.8917348229536435,0.9084112260793359,0.8087363469529099,0.9824053326826938,0.9174557485535395,0.9200475251844384,0.605103323813136,0.7662673353495676,0.8347899871232638,0.9488335374664887,0.8433666659801876,0.688130351396386,0.8229580323820473,0.9524240522016283,0.9110292960161306,0.644436234077779,0.8839976290929884,0.9647506825559773,0.734378706753154,0.9592706420412609,0.9342268638258988,0.9010359947499023,0.8545252523370857,0.9377834594303425,0.9098978916086216,0.6506928782597647,0.9305758392712087,0.870947977896539,0.6436098058416431,0.9254476077793647,0.8316320984245247,0.9863342705377391,0.9342268638258988,0.9406910117203195,0.9466830294087347,0.8914410719709875,0.6108357109812408,0.9747559458370869,0.9580385873686085,0.9700209662815031,0.8074255797061027,0.922708936151958,0.8245043220842735,0.9174557485535397,0.9248202875667844,0.9117013364779587,0.9730862985612763,0.8742905832999676,0.9996437898601822,0.46925633309523496,0.8592550564486074,0.855665417471793,0.9730090101747263,0.9282725629505151,0.957208071575181,0.9200531976553472,0.9373855340691759,0.8620973345363772,0.7335905512138016,0.7690914550109832,0.8592817462285578,0.8966013750549167,0.9350354630229669,0.923980167630279,0.8118997264344406,0.7825416521051114,0.9871127585444956,0.9731894813497899,0.8361961589702158,0.8249313698625884,0.923980167630279,0.6140775645105429,0.89356649526338,0.9020926819883304,0.7294921034510358,0.8185297553792765,0.9730862985612765,0.8184708185285978,0.8627518686398994,0.8635905304363203,0.6902924696881556,0.8889284286167378,0.9446701888736624,0.9862771939565296,0.8798049357232041,0.8413691387214933,0.9174557485535395,0.9214006317669097,0.7997440411400569,0.9379454930668487,0.8026557942277543,0.9052996122898688,0.9296797905424077,0.0,0.8212843295402943,0.8610966926191235,0.8246349445732553,0.8880034676011164,0.9174557485535397,0.8209047503398821,0.7260211033360455,0.9041579275636535,0.9496841779691461,0.9076672018071592,0.8989575775530849,0.9149270915494647,0.9548279537744675,0.9961281200327701,0.8613203293378962,0.906118892941232,0.9200475251844384,0.968805048104574,0.9994890516008976,0.921212962617662,0.962647639870992,0.9279846257000832,0.9522319435190597,0.9200475251844384,0.9693807051549057,0.9272338243971455,0.9373855340691761,0.9200475251844384,0.8179166933767423,0.8666109663611836,0.892871526299668,0.8385073538093976,0.6677096374582387,0.4744201477852579,0.9200475251844384,0.8577765820174561,0.9200475251844382,0.9065048223856088,0.9489423931781804,0.9827838470415159,0.9200475251844384,0.8533751452534042,0.9200475251844384,0.8934212133336497,0.9083575213228525,0.8373702208118579,0.9910873550880803,0.7410815567472532,0.8316269264876788,0.9149270915494643,0.9562611207259675,0.9030571559620832,0.5539220030370111,0.8270143450665142,0.9323959366850338,0.9282725629505151,0.8673952205917308,0.9745430191365931,0.873194679779312,0.8824638316245463,0.8666109663611834,0.9248202875667846,0.9536751187028218,0.6108357109812408,0.9994890516008978,0.9200475251844384,0.9258909271026612,0.9200475251844384,0.8527139520887466,0.9248202875667844,0.8742905832999673,0.8859625712873518,0.8508050019634457,0.9850988399428099,0.9799838870895972,0.9008109730235982,0.7234983302588482,0.7867278122502831,0.8459790242617615,0.9730862985612765,0.6443831384184231,0.7980705316104619,0.9393074128728371,0.9174557485535395,0.9662171720188699,0.8711022574881679,0.9406910117203195,0.9783681396124781,0.8780859857151433,0.9293058851115359,0.8186302231260758,0.6321878303833739,0.8742905832999677,0.9479449625571821,0.9123772444993901,0.8699830774392123,0.9342268638258988,0.9098978916086216,0.9223722925387854,0.6046410709590799,0.9758294481296055,0.9342268638258988,0.9753972252852678,0.863682397155072,0.863628951268833,0.8654871162310529,0.49839113045840444,0.9254476077793647,0.9023193977639941,0.8903556195668003,0.9149270915494647,0.9730862985612763,0.9254476077793647,0.8153684323133428,0.7983172630337139,0.8372886942174107,0.7926601610352828,0.8433448836577029,0.9376972013776266,0.9587907869179463,0.49881142898556163,0.7708135242438463,0.8313870282962361,0.9282725629505153,0.8627518686398996,0.9554971734342828,0.8363589383110767,0.9578919796442651,0.897889827165478,0.8605035857516643,0.996064300017518,0.9696219508220778,0.7673634221547785,0.9036255995027824,0.9022390183594209,0.640377473854675,0.7825416521051115,0.8751550551919565,0.9373855340691761,0.7367621351835265,0.9539249481695848,0.9485009470377375,0.9254476077793647,0.9200475251844384,0.9282725629505146,0.9258909271026614,0.6254702662529452,0.9342268638258988,0.9149230616438514,0.7350447636400586,0.9200475251844384,0.900810973023598,0.9342268638258986,0.941403431999955,0.8592817462285574,0.9226841969302926,0.60464107095908,0.9282725629505153,0.9382552780535443,0.7516477933591441,0.900810973023598,0.9100373996478224,0.7210630555442874,0.9254476077793647,0.8722428588429538,0.7116250755949072,0.9863342705377389,0.8872563660473851,0.9996437898601822,0.8421261033092218,0.5863794405783262,0.8423457904242859,0.9226673352539047,0.9174557485535395,0.9376641311574454,0.6582982679691587,0.8903556195668003,0.8924204004759111,0.7748448051181546,0.9200475251844384,0.874939229892391,0.9512132853641729,0.4564258135686702,0.9595690210200329,0.7825416521051118,0.8592550564486072,0.9200475251844384,0.9200475251844384,0.9742843963277628,0.9813855866353045,0.7097999606982688,0.9200475251844382,0.9934000968343186,0.49881142898556186,0.6854700440564525,0.8381959666424068,0.9189873783192484,0.9647506825559773,0.6147220945791838,0.8329985788959035,0.7836110878356457,0.8161815026135049,0.9200475251844384,0.8826762887437762,0.5432147185644539,0.8402136872599661,0.8636527006101569,0.9621210182139516,0.7407060929383974,0.9254476077793647,0.87173412099619,0.9200475251844384,0.7983627946890883,0.9700209662815031,0.7782415422524409,0.7290329335087378,0.892906616037578,0.846190384935614,0.8485224323799814,0.9200475251844384,0.9113082686631264,0.8862250484934079,0.9200475251844384,0.9747155411251816,0.9852200055009948,0.8813503475514339,0.7627202034640761,0.8820916436421102,0.9200475251844384,0.7869319932611765,0.8789058240965504,0.931194607231093,0.6696288944075571,0.7627202034640761,0.9355870190267443,0.9106214968605921,0.6338799234762227,0.9254476077793647,0.9554971734342828,0.9167339252194593,0.8111225839870734,0.9148452373263045,0.5913278143663889,0.8186302231260758,0.9348849767198615,0.9282725629505151,0.8666557562729357,0.9200475251844384,0.9877180384539763,0.9718800115494757,0.9042179962609059,0.982324224352259,0.9517801630988365,0.9149270915494645,0.9337728257366459,0.9850988399428099,0.957208071575181,0.902201793949012,0.9647506825559773,0.9470007361724493,0.9247040689412098,0.6202499204521403,0.905299612289869,0.8818043295729845,0.9934000968343184,0.974332195096971,0.9562611207259676,0.8606986135686321,0.9838238732627683,0.5024688382793985,0.9358848189332207,0.9273053773902185,0.9982924189598988,0.894276316207222,0.9030571559620832,0.8995428034409865,0.9254476077793647,0.9624724756060739,0.6174383241953931,0.8747201324780256,0.9320611426402996,0.893153543352375,0.9053415698864398,0.9139500985208797,0.7442707804391484,0.757076138753096,0.7480320157454754,0.9124559366883973,0.8246164867293828,0.756793597316553,0.9091923098144419,0.9966622748365283,0.8986003425351381,0.7773374631356231,0.9791844484148312,0.8083506933760088,0.9676994339018856,0.7841331064052116,0.8051746103052677,0.9792750106568118,0.8324967544324409,0.8461374468406959,0.8917348229536436,0.9446701888736624,0.9342268638258986,0.8285529236693282,0.9982924189598988,0.9311946072310933,0.9861364778396993,0.9124559366883973,0.9536751187028221,0.8742905832999679,0.9877180384539761,0.7660216162028406,0.7397331444519293,0.9659676376416985,0.9956693794948598,0.9087945075432595,0.8995968390691993,0.9083575213228523,0.9124559366883973,0.8004961108103354,0.9200475251844384,0.9311946072310935,0.9200475251844384,0.9200475251844384,0.9110292960161306,0.8986003425351381,0.5863794405783262,0.9200475251844384,0.8555926981388665,0.9063516437096142,0.8957156269639841,0.8338659682161038,0.8594362238569959,0.8882905768981044,0.6733651861738149,0.8731946797793118,0.9307911325180804,0.9100373996478224,0.8451467284600854,0.9824887176061117,0.9000905586095038,0.803989639472752,0.9000350661756447,0.7340187876752129,0.9100373996478222,0.9994890516008976,0.8207443377829571,0.9662171720188699,0.6843214407829324,0.9254476077793647,0.4560166642825423,0.9784698031455155,0.9643354540158497,0.9348849767198615,0.8029791912170272,0.9431338207947484,0.906118892941232,0.9562611207259676,0.8741496598639458,0.9730862985612765,0.9407634795537996,0.968805048104574,0.8759871265333742,0.9656780101672631,0.9067398239605342,0.9776317763878946,0.8011757865099843,0.9124559366883975,0.7677518164239305,0.6881303513963862,0.8219196355916588,0.8402136872599661,0.9163889031779977,0.9406910117203193,0.8014770661288289,0.8818043295729845,0.9258909271026612,0.8448628605192957,0.7198796081207546,0.9083575213228521,0.9547657229216628,0.9200475251844384,0.9282725629505151,0.9273053773902182,0.9905461600724844,0.8748498474308923,0.9407634795537991,0.9572080715751812,0.8839442688895067,0.7862480977460791,0.9711696109045853,0.886225048493408,0.9373855340691761,0.824424521943762,0.982324224352259,0.9210004923552912,0.9149270915494645,0.9905174556385543,0.8975440993286865,0.7259237851996108,0.5333644884359078,0.8272952278323793,0.8344220368906714,0.8698495307881747,0.9794859015926842,0.8722428588429538,0.8341174167201995,0.8104257408984277,0.9139500985208795,0.9934000968343184,0.6185467036887232,0.968805048104574,0.9692062635115404,0.9785871744260106,0.9055665737495768,0.9174557485535395,0.8777311185165679,0.7821266326705043,0.8234978757202301,0.9247040689412098,0.9316363198749001,0.7727778981325851,0.897889827165478,0.9293058851115359,0.9758294481296055,0.8300272732580967,0.9882715677561686,0.9933554807558131,0.9438328971193495,0.9087945075432591,0.9282725629505151,0.9406910117203195,0.9200475251844384,0.9323959366850338,0.7761909904931465,0.8515403362262772,0.9432800147085861,0.9200475251844382,0.9101971944514591,0.7621358270317673,0.8521229825390564,0.6542902251234446,0.8751550551919565,0.9491437820665534,0.8826762887437765,0.7417405760002005,0.9188713671930941,0.6079179134391868,0.8690270549830581,0.9501190751777879,0.9311946072310935,0.9785871744260106,0.5442447415803989,0.836358938311077,0.522191160980007,0.9414034319999546,0.9188713671930944,0.9149270915494647,0.9406910117203195,0.9076672018071592,0.954797795932703,0.8564366879578689,0.8813503475514339,0.8415492364475508,0.8518084376617914,0.9011398453294074,0.9407634795537994,0.808112248105036,0.8627518686398994,0.9174557485535395,0.9776317763878946,0.9124559366883971,0.9174557485535395,0.9174557485535395,0.9773744465518461,0.9200475251844384,0.9536751187028218,0.8811280236189604,0.9200475251844384,0.818470818528598,0.7079457093989432,0.9342268638258986,0.9254476077793647,0.9149230616438515,0.8929066160375781,0.9174557485535395,0.8006434999051089,0.8191077238734903,0.8986003425351379,0.9329100074071468,0.9200475251844384,0.49259352919151866,0.9254476077793647,0.8964228513787131,0.8483269802018318,0.6773411140148375,0.9587907869179463,0.98509883994281,0.9512990813494242,0.9296564094192133,0.9377834594303425,0.9200475251844387,0.9248202875667844,0.9684599111378716,0.8620301017857245,0.8678869118447401,0.9022017939490121,0.9877180384539763,0.5673426521599287,0.9254476077793647,0.8738064970460098,0.9554370396258114,0.9200475251844384,0.9458430027009459,0.9080495116488716,0.9934000968343186,0.8307854227499225,0.9948943007172464,0.9823242243522592,0.8620973345363772,0.9149270915494645,0.8057164524390047,0.8721259349114914,0.9200475251844384,0.9200475251844384,0.9223722925387856,0.7662673353495675,0.9687165782506401,0.849511532276471,0.9414545735469946,0.8018335563791115,0.8901738716377341,0.8779536316727006,0.4051323057065003,0.8421512578379733,0.9200475251844384,0.9990592592551364,0.9282725629505151,0.9406910117203195,0.7462865729530559,0.9342268638258988,0.914040466306246,0.9200475251844384,0.9200475251844384,0.8359324451745875,0.8564366879578686,0.8487107974955326,0.903057155962083,0.6740051301521186,0.867395220591731,0.9517801630988367,0.8416368978310873,0.9001888495542352,0.7561714049540501,0.9200475251844382,0.6386098033912084,0.8501366804291368,0.922708936151958,0.8518084376617915,0.9639540801815839,0.8924204004759111,0.9728705348584787,0.6240817421062621,0.922708936151958,0.8422363543836024,0.9200475251844384,0.9057690018894178,0.7430386669273206,0.9446701888736624,0.6851695928214117,0.8752960679166459,0.9470007361724493,0.9574525972013226,0.6840169278864074,0.9662171720188699,0.9032829665001691,0.9556002963474546,0.9536751187028218,0.9934000968343186,0.9091923098144417,0.9955239637156408,0.9006814299690011,0.9282725629505151,0.9174557485535395,0.8954478193024809,0.8880034676011164,0.9248202875667844,0.9376641311574454,0.9414034319999551,0.9248202875667844,0.9406910117203195,0.9406910117203193,0.5734947233255202,0.9045780474351903,0.9121464207633891,0.9647506825559771,0.8945707776353962,0.7575859317124713,0.795292255304187,0.763592996743862,0.9502774276431882,0.9174557485535397,0.954797795932703,0.8330762331435033,0.9227089361519578,0.8274111370754448,0.9893082522252978,0.840357184402363,0.8606986135686321,0.9200475251844384,0.5805290053664633,0.9647506825559773,0.8420979796774455,0.9373855340691761,0.8955462703668948,0.8964228513787127,0.7618970605588467,0.9200475251844384,0.886225048493408,0.8014770661288287,0.8964228513787129,0.8882905768981044,0.8859277421091363,0.8616613152149826,0.9282725629505151,0.9172609034695032,0.9825543320961883,0.9464591438305545,0.8471515063269377,0.8111225839870733,0.7151855044072022,0.8824506538600924,0.8474072181717972,0.856436687957869,0.8654871162310527,0.9403725843137768,0.90841465251146,0.846846556117637,0.7335826364529744,0.9458430027009457,0.9174557485535395,0.8534291566115897,0.78895103872094,0.9878086967234538,0.8210370123082071,0.822174554374175,0.9200475251844384,0.878443001717699,0.8475162239405254,0.8725489576545014,0.9200475251844384,0.8901738716377341,0.9290024883707135,0.9342268638258988,0.8986003425351381,0.9174557485535395,0.9024061025647392,0.9266138237099294,0.8889850942302338,0.9450107115699176,0.6773411140148375,0.9562611207259676,0.7871576519988497,0.9200475251844384,0.8836758573724512,0.9200475251844384,0.9877180384539761,0.7207853986955173,0.8179456348562542,0.9406910117203195,0.8839442688895067,0.9825299313424137,0.9574525972013226,0.6542902251234446,0.9200475251844384,0.9161175457876023,0.8561173800231288,0.943572174985496,0.606007473564701,0.8666109663611836,0.9282725629505153,0.8819472699932516,0.9747155411251816,0.8978898271654778,0.9797535929478915,0.822174554374175,0.8978898271654778,0.9091923098144417,0.9282725629505153,0.8433448836577027,0.8978898271654778,0.9406910117203195,0.5910151962500894,0.9850988399428099,0.6820295464631175,0.96089318452934,0.8799703801338814,0.7115559447438389,0.8296873519133925,0.9248202875667846,0.9348849767198615,0.8647606979879741,0.9578919796442651,0.8653570715674588,0.9461175496710522,0.859639481465549,0.9403721287474498,0.7627178502658003,0.9783681396124781,0.8893380898814516,0.9380906561355631,0.9403725843137768,0.98509883994281,0.9254476077793647,0.9457347413890165,0.8433773845215847,0.8859625712873518,0.9846889590045791,0.9471617281634868,0.9282725629505151,0.9311946072310935,0.9588201954615949,0.8839442688895065,0.8166365942962276,0.9298297898147683,0.8620301017857245,0.9567267030692364,0.9882715677561686,0.993702738544385,0.9200475251844387,0.8639378370903932,0.6881380310604794,0.9944858957191614,0.8693154315260123,0.9708911112518701,0.8123348408938146,0.8871448297887263,0.986219679790032,0.8921587537070723,0.5929138791385085,0.9163889031779977,0.9265381973231185,0.9541835040023736,0.9168721960170703,0.9053415698864398,0.918808181914581,0.9522319435190598,0.7845725746833181,0.9447214675447797,0.550526793619607,0.922708936151958,0.964458723059042,0.8859625712873518,0.9316363198749005,0.8020551360045705,0.914611698667638,0.9235178106713189,0.7891060482705197,0.915948988347669,0.8560632725122519,0.8541091097901843,0.7579315889572432,0.9254476077793647,0.9062311665147638,0.9253856923133561,0.9311946072310935,0.9055665737495766,0.9993650229201636,0.8468105040849621,0.9373855340691761,0.9857325546214568,0.9342268638258988,0.9895607707325593,0.9311946072310935
p56_L,0.9341064491212476,0.8535050402979137,0.7022516426805052,0.9245765316454824,0.9215191722498273,0.8992960027516222,0.8082117541865299,0.8966267359430278,0.7849984898875131,0.911083384858506,0.8655788710295136,0.9168460830759904,0.9168460830759904,0.7086482280213343,0.9537377464642691,0.9025623351420251,0.9080064368535468,0.5046571741414281,0.841710633183212,0.8692793046054161,0.8373957982954756,0.8623348546394309,0.9698257117961528,0.8902416609981851,0.8591451287364844,0.8468584144181479,0.801071244024071,0.8362930332131355,0.869279304605416,0.795463834542169,0.8323574432143284,0.9368506101299683,0.6228433880160773,0.8185765480394149,0.9215191722498273,0.906597867618917,0.9263909248883351,0.8121843969645277,0.9157773781681393,0.730603643200126,0.8612847575900697,0.9322776343834582,0.9620090329381987,0.805341477875511,0.9950194567723258,0.7740611512494127,0.8941307528793183,0.8386187115461279,0.8438899131338642,0.8159596094081116,0.8981423730059304,0.6522722511393357,0.8468584144181479,0.6375833980398145,0.9669177592622797,0.8933387541177662,0.8409576378165506,0.5526275082095409,0.9461603918867618,0.8791909353978857,0.8323494193264065,0.7009120984855401,0.8468584144181488,0.8814848214869843,0.9022918659842716,0.7471610608155279,0.8981423730059306,0.959701677518136,0.8828044510104216,0.906597867618917,0.7412757670161763,0.8970782185921156,0.8864622842804519,0.7059618199338504,0.5526275082095409,0.9356625961103571,0.8919047203852764,0.9533082645638473,0.6205340313117769,0.8992960027516227,0.8655788710295136,0.9926541290559201,0.5287174408636917,0.5857177255714829,0.5526275082095409,0.6710266026144999,0.8919047203852764,0.624102478052428,0.8215104537311955,0.5721895635481327,0.5526275082095409,0.7986093922627826,0.6879885471855343,0.7582475000207012,0.7322660000861587,0.8764895205699688,0.8087476997809464,0.9126713098537944,0.7207589368778295,0.6256490857916395,0.8933387541177662,0.9190743601433595,0.7279119480564193,0.9828722051522387,0.9233320965528575,0.906597867618917,0.8231055329218933,0.6528152208121738,0.888139508331151,0.7112774650062166,0.8324687367247873,0.9872190633517801,0.8578722310302551,0.9280269605475133,0.8941307528793183,0.8015813038278501,0.9151969380859426,0.906597867618917,0.9157773781681391,0.7994536726795975,0.8053414778755112,0.8281206338887307,0.6189560385595201,0.9578429391348555,0.9008987820381835,0.815430429109443,0.8902416609981851,0.8386642693526665,0.8787681755736589,0.9247004559875522,0.7507174988746785,0.8941307528793181,0.9083164413738801,0.8992960027516225,0.8756817347288379,0.7333878832294781,0.8199111655166069,0.947024678497918,0.8981423730059304,0.5571336031459786,0.965714841404782,0.911083384858506,0.9642951683360697,0.9894323573955353,0.8185769204058971,0.822109042278079,0.8187265730970799,0.7109989288393819,0.9236723713212409,0.5654366923924026,0.9110833848585063,0.8323494193264054,0.874599630040908,0.9011103505707635,0.8981423730059306,0.8438899131338651,0.8636044498939384,0.5369403697710828,0.9795620543312238,0.6234059554421698,0.8833917754424869,0.9314897302747827,0.9926541290559201,0.9219220905809844,0.8513910795802992,0.7946171004168204,0.8245200457260624,0.6794841825178403,0.8606368814689076,0.8314929627204579,0.9042616895323653,0.8827817928509321,0.8671481959671585,0.7930251569309639,0.805045138925238,0.9608215528653137,0.8417106331832116,0.9233320965528575,0.8212843295402943,0.0,0.8027482668635852,0.7509702125404467,0.8409576378165504,0.8827817928509321,0.9862027247159201,0.9149622619763225,0.7661048485936626,0.8210433487797735,0.6375833980398145,0.9781512898388609,0.8791909353978857,0.7849984898875142,0.7635355643868138,0.6808405303171203,0.8958660261974012,0.5526275082095409,0.998689452668635,0.7560778836599109,0.8357906965865534,0.8306867918505172,0.7581449596587468,0.8827817928509321,0.5526275082095409,0.9999477997581008,0.6959149858629301,0.9110833848585063,0.5526275082095409,0.9578037571201251,0.8105788943203363,0.7462121212121213,0.962940530949492,0.8084925885349055,0.8827817928509318,0.5526275082095409,0.9905887147495771,0.5526275082095409,0.7015474986353398,0.7722896917955119,0.7675223264828315,0.5526275082095409,0.9228681905829836,0.5526275082095409,0.6835234961668708,0.7925264018514981,0.6792765171761816,0.9214495585221161,0.8941307528793181,0.6239157488511393,0.590290983231633,0.9163544660332102,0.8623348546394318,0.8111772170360736,0.8154304291094429,0.9365089176367314,0.9083164413738801,0.8814848214869841,0.8132087667185162,0.6802603936844858,0.9494609339463369,0.810578894320336,0.810578894320336,0.9726558411029649,0.8095102085754071,0.9455056955691956,0.5526275082095409,0.8238373352162471,0.5526275082095409,0.8159861558621531,0.7329348590107957,0.9368506101299683,0.8638670046962087,0.6088760137864693,0.998689452668635,0.8531312712965915,0.8591451287364844,0.7934162562185846,0.9259498258317265,0.7571569087418082,0.9937923149342885,0.8844956663331993,0.9544534603747566,0.7804268439729087,0.5721895635481327,0.9022918659842716,0.7266546168454538,0.9157773781681393,0.70614688516988,0.6904183306729894,0.7106030773224509,0.9581667925597266,0.8722368848618702,0.8981423730059306,0.7750845918991462,0.6679380214321463,0.5639385576566878,0.906597867618917,0.6800514695535314,0.9209010889557387,0.8808617942287751,0.8509004293918014,0.906597867618917,0.9384575154038082,0.6917418578578012,0.9425174783713439,0.7259518576420811,0.9490282143343611,0.6202025409796434,0.8657494958783414,0.6904548234537944,0.8791909353978857,0.8941307528793181,0.968848707670247,0.8147024572735735,0.8417106331832117,0.6405145377602057,0.9939611782622843,0.8839519098287014,0.9945118852839943,0.906597867618917,0.9215191722498273,0.9965451704913826,0.7892352637455657,0.7921917300017665,0.6792574143585046,0.8929982269723444,0.8941307528793181,0.5710387268253756,0.8362930332131355,0.6460525974254638,0.8845541940169055,0.8340224533901277,0.6928335332295353,0.8677152643308483,0.8148956755085959,0.8804526447349192,0.9110833848585063,0.8266522796722571,0.8692793046054161,0.8893359697978047,0.901876143654109,0.8980819733300556,0.9314897302747827,0.5526275082095409,0.8981423730059301,0.866223745346711,0.9910204827217465,0.906597867618917,0.9022918659842716,0.8827817928509321,0.5526275082095409,0.8881395083311507,0.906597867618917,0.8530643479815622,0.8659852770068088,0.9613563197957746,0.9926541290559201,0.8981423730059306,0.7533325486605511,0.9140105895615634,0.8509110753168513,0.8722472547880546,0.7648088848075948,0.8941307528793183,0.8421630219588783,0.8705351463758502,0.8997273685499729,0.8001709249137134,0.9157773781681391,0.6415823597788619,0.9219722388464884,0.6391372329800369,0.9403311389782558,0.5721895635481327,0.9344798755726246,0.9113334117247391,0.6600152948035287,0.6932371425631807,0.7584952849689596,0.5526275082095409,0.7391645273726641,0.8858563067542282,0.9644587230590418,0.932500211031204,0.9110833848585063,0.7509153416000762,0.5526275082095409,0.5526275082095409,0.9236723713212407,0.8683060694569997,0.91342588805264,0.5526275082095409,0.8692793046054161,0.8864622842804519,0.9490282143343612,0.8912206768749719,0.726063896954549,0.991632948188578,0.8732475513254477,0.9602459508854944,0.8098159014217886,0.7583178147935878,0.5526275082095409,0.9375607670084887,0.9330258003055869,0.6210808745696643,0.7023078552032858,0.9533844300329124,0.7536834423436111,0.8941307528793181,0.6499737445844751,0.5526275082095409,0.7876411562488457,0.873878598228166,0.7352742566373194,0.7855661830813474,0.8902416609981851,0.8760191177482799,0.8121843969645277,0.5526275082095409,0.8469108399167193,0.9127495495455025,0.5526275082095409,0.9038507104210154,0.9492108572520421,0.9669864974740421,0.7687457145896694,0.6640908720945995,0.5526275082095409,0.8765334212467293,0.7940029850771799,0.9425174783713437,0.8402072144327174,0.9527853903359793,0.8138801832529761,0.8166024519656596,0.8959686855171777,0.9314897302747827,0.9331087443813524,0.7649253731343284,0.998280667338812,0.7201803883898876,0.9648818011371023,0.7491586165185107,0.631804910606617,0.8981423730059304,0.8018791960516245,0.5526275082095409,0.906597867618917,0.5433477214276528,0.7502065446074102,0.8957643484306201,0.8896745771163437,0.5902909832316336,0.7390381510282638,0.9263909248883351,0.5902909832316336,0.9834937419649539,0.6928550600870438,0.8688814196559582,0.8552419450337846,0.9859056662964013,0.9485464508185621,0.7050879710420153,0.9550108469657219,0.9305733174439863,0.9732643771185285,0.7219038672282676,0.8715363536479566,0.9110833848585063,0.9326548765862543,0.8362930332131355,0.6444369929311393,0.7106030773224509,0.6349774276811928,0.8031747405871112,0.9190743601433596,0.8185765480394147,0.8357142839562122,0.9532263091487533,0.7558131175830033,0.8761144117500412,0.8655788710295138,0.8574545423984339,0.7048576186473887,0.8826441125915396,0.855560657202378,0.9726558411029651,0.7223779320355725,0.9472841345974499,0.9001248489566036,0.8808617942287751,0.6602598661492769,0.7619304454830494,0.8655788710295138,0.996042283948798,0.8529137105219888,0.8562275189872222,0.84247182477762,0.806997427956966,0.8461965527980135,0.7480733502050756,0.8576022197224039,0.8559143478531264,0.906597867618917,0.9163834344103655,0.7774165095752017,0.7356776225320782,0.8824292665093911,0.7040971376499439,0.9626947546476169,0.8981423730059306,0.906597867618917,0.8915744657605096,0.8928084083934653,0.8144629289295926,0.8827817928509321,0.9168460830759904,0.8683027121369316,0.9847104344648026,0.6071230312758182,0.7795589752708634,0.5526275082095409,0.9022918659842718,0.5526275082095409,0.5526275082095409,0.7026310394465645,0.6887148216919359,0.9836818654756581,0.5526275082095409,0.8637634108373531,0.6848719690489835,0.7785834836776822,0.951378861812427,0.919335558789626,0.947400724155582,0.9025980867269159,0.8868863399758472,0.7058680506670165,0.8722472547880544,0.7649253731343287,0.775903234919151,0.8392124024772527,0.8196140537560744,0.9740188455054817,0.9578429391348555,0.9353609244375378,0.9455056955691956,0.8491922841760395,0.856354459693295,0.9355256816042703,0.8941307528793183,0.9810645954880788,0.8623348546394305,0.820485935259093,0.9129158007108344,0.7426033527711424,0.8732475513254478,0.7900050147457427,0.8844608451681755,0.8685044845024187,0.9314897302747827,0.6349774276811928,0.7844149639904653,0.8757212105163075,0.746860726986976,0.8163419514797983,0.792191730001765,0.9795620543312238,0.8657206482734892,0.8376803020586381,0.7325918966260515,0.9168460830759904,0.6060422378169739,0.8860804513717158,0.8992960027516225,0.7801396207935505,0.7535566312133621,0.947812902991064,0.7563113837270219,0.9306760851396484,0.8565877460559328,0.8466508713340972,0.5526275082095409,0.8981423730059304,0.8362930332131355,0.8864622842804519,0.9060274063369204,0.9510444518769681,0.879190935397886,0.8849274195030088,0.9386959746025286,0.8878995104905509,0.6696783314460719,0.8253518424982006,0.9028561050307847,0.9533082645638474,0.7358208469515133,0.5902909832316336,0.9068549014387531,0.9117579377966596,0.8698807330114567,0.8808617942287751,0.8707888189359961,0.7682994646072605,0.537912880095154,0.7792840881078895,0.8747992910075617,0.9672887401160981,0.85550505359873,0.8574545423984332,0.8692793046054161,0.888139508331151,0.962540188778485,0.8040721552219028,0.9271503083619277,0.929166265958102,0.5721895635481327,0.8210601493642784,0.7807712098288546,0.9620090329381987,0.8199111655166065,0.968848707670247,0.9508900282763562,0.9747017331019021,0.710603077322451,0.8210433487797735,0.9578429391348557,0.9751226471151502,0.5053440118925379,0.6212680131516717,0.9849746635261072,0.8981423730059304,0.8068326932115029,0.5526275082095409,0.9129224437172683,0.9591790996590255,0.6295757661532635,0.6537428942242964,0.5526275082095409,0.8311698303203685,0.7565324077089484,0.811177217036074,0.7820032760879718,0.8609442969421726,0.7793378423463273,0.8072863179274339,0.9430893567264746,0.9812875607829841,0.8111772170360736,0.9600897404712461,0.5547216418522256,0.9022918659842718,0.7215855829427581,0.8409576378165506,0.8941307528793181,0.9247004559875522,0.8068326932115018,0.9154821495364778,0.722920503574256,0.853064347981562,0.8688814196559582,0.8185651062255476,0.9031963879032959,0.8090243799706309,0.9068333582708729,0.906597867618917,0.9733101638420467,0.9214745861311229,0.7982523979095625,0.6337577875667897,0.5721895635481327,0.8981423730059306,0.6071230312758179,0.5721895635481327,0.5721895635481327,0.8040398692491701,0.5526275082095409,0.8756817347288377,0.8444593143233716,0.5526275082095409,0.7837612012897897,0.7462578816792735,0.9485464508185621,0.9314897302747827,0.9425174783713439,0.8902416609981851,0.5721895635481327,0.7757201974170285,0.7160816124647602,0.8560058896255165,0.7084343894908185,0.5526275082095409,0.942002871661846,0.9190743601433595,0.8529137105219888,0.6291657230071868,0.9464385443462516,0.8836592163828572,0.929012019551065,0.9171338879258175,0.8698807330114566,0.6189560385595201,0.8864622842804517,0.8242321083445691,0.8137273077248445,0.9578429391348555,0.9788757040670516,0.9533082645638474,0.9485464508185621,0.9768606767794918,0.8941307528793183,0.7590441887174585,0.7429973749187146,0.5526275082095409,0.9382532758726713,0.9152180205282696,0.9110833848585063,0.77598986428596,0.8756817347288379,0.9834937419649539,0.7006323234896974,0.5902909832316336,0.8647257557649484,0.6540427339346002,0.5526275082095409,0.5526275082095409,0.8080196404076714,0.8133422608940313,0.7422481775718941,0.7497285110913632,0.7509153416000762,0.7840823542351955,0.6730049521238428,0.6584705527964609,0.8498654909309755,0.6737061432982436,0.5526275082095409,0.838618711546127,0.8981423730059304,0.9157773781681393,0.7193269756126585,0.906597867618917,0.685242884271978,0.5526275082095409,0.5526275082095409,0.5999686946121279,0.8330826119645452,0.7083012097584576,0.9214745861311227,0.7544935715610653,0.7400843742085835,0.9554799883628485,0.9367146034407847,0.7245195143404364,0.6806685909398966,0.5526275082095409,0.8698807330114567,0.6845404205415395,0.9263909248883351,0.906597867618917,0.8420963364993224,0.7887869838293222,0.6513761409771579,0.8576022197224039,0.9263909248883351,0.9803401462069333,0.5526275082095409,0.6748421916039078,0.9742119804148439,0.8155142200592971,0.8912241108329269,0.702951830135718,0.9614192663380003,0.8084925885349052,0.9149622619763226,0.9022918659842716,0.9827739201733012,0.742840359438659,0.8756817347288377,0.9550108469657219,0.9245765316454824,0.7208186446215717,0.6431059827745771,0.9857329156219559,0.5721895635481327,0.7582194830074998,0.8409576378165506,0.8698807330114567,0.9689180701491513,0.9455276575216821,0.8242321083445697,0.9620090329381987,0.9157773781681391,0.8858251191036555,0.7969172877430445,0.8073538438296277,0.9565760602192026,0.9550108469657219,0.8623348546394309,0.8919047203852764,0.9861037553906693,0.6228433880160784,0.9168460830759904,0.9719104285695896,0.8857242349953937,0.9263909248883351,0.9008759810409454,0.787636363306941,0.8529575219347685,0.8992279242294068,0.5526275082095409,0.7793378423463273,0.8864622842804519,0.8918829079584536,0.911083384858506,0.9872190633517801,0.8529137105219888,0.9265619390299451,0.5526275082095409,0.8975575984142881,0.7953451756446442,0.9088098779355613,0.6724604045670732,0.6904020057688793,0.6737061432982434,0.8981423730059304,0.9581445803418775,0.9765326807371455,0.930954837035668,0.6079150992379623,0.8025346438625733,0.7251415395906677,0.9620090329381987,0.8594445549478916,0.9382532758726714,0.8528877095633367,0.843889913133864,0.735082125095432,0.8248985560884389,0.7821701300218997,0.9565760602192026,0.5721895635481327,0.6949997057997157,0.8555050535987299,0.6190697129075269,0.6210808745696645,0.5674480825625401,0.5526275082095409,0.753261034942549,0.9832977281158709,0.7330999107102132,0.5526275082095409,0.7217943839287895,0.9699685710882368,0.906597867618917,0.6602598661492767,0.5381252733230741,0.6163507865591261,0.981959333468236,0.9907946701116539,0.9981009867201975,0.8381441795736673,0.9732643771185288,0.7907910475375913,0.5526275082095409,0.8896745771163432,0.5526275082095409,0.9065978676189168,0.9635534703954234,0.8155121542230561,0.9157773781681393,0.8860804513717158,0.7747470641409157,0.850485932817745,0.8512214835788463,0.5526275082095409,0.7192294604531151,0.7389264116917473,0.9764189072252853,0.8574545423984332,0.4362187986760314,0.9368506101299685,0.3394382837101837,0.8295501310031699,0.7946171004168203,0.8381194316312968,0.809118612655249,0.7946171004168203,0.8267698008899675,0.6373587815056148,0.9211727604553486,0.7946171004168203,0.9157773781681393,0.8468584144181486,0.962540188778485,0.8368917104714448,0.6062538537731914,0.9533844300329124,0.8676054524101486,0.950860458823299,0.810578894320336,0.9698257117961528,0.8079513928571616,0.8438899131338644,0.8827817928509323,0.891904720385277,0.9919199895206041,0.7086482280213348,0.8714039432560773,0.6432326671823181,0.7543051682235707,0.7525629958741797,0.7837919486583774,0.9651612834412151,0.8941307528793183,0.8005398349154971,0.9190988908223323,0.8380594322760748,0.9038648435225802,0.8589681235378355,0.8981423730059304,0.9022918659842718,0.8763668871594492,0.835193311566099,0.9930070224193046,0.9742119804148439,0.8574545423984334,0.9513788618124269,0.8509110753168513,0.8295501310031703,0.8864622842804517,0.8247448442039347,0.6979135523562336,0.7920984822710679,0.8182692995544205,0.6848409791735411,0.9425174783713437,0.9365089176367314,0.8680610654437186,0.8468584144181479,0.8756817347288379,0.9103709894058172,0.9771147312346138,0.8670062178228097,0.8248244395680682,0.8325663549594214,0.9623602751778375,0.7425110146734253,0.9232337284487997,0.7944599927502927,0.8941307528793181,0.8902416609981851,0.7649253731343286,0.838059432276075,0.9190743601433597,0.772666674745321,0.7453672047112836,0.7840680766279918,0.9218647840881851,0.879190935397886,0.656435508703102,0.9647060453491338,0.6182726097970762,0.9190743601433595,0.7018171275601726,0.9647060453491338,0.9022918659842718,0.7605479974944296,0.847956649743254,0.965161283441215,0.911083384858506,0.9485542623513865,0.9065978676189168,0.8046844571619147,0.9022918659842718
p56_S,0.94745146211377,0.8980906127480355,0.9944874731776496,0.8653601694091138,0.9117550006367756,0.9345395918631998,0.8115252142667548,0.7709304821267353,0.9206173094830336,0.6012112501096867,0.8955237705353789,0.9088944096710687,0.9088944096710687,0.894298990140012,0.9745066563137501,0.8246599999506801,0.9033760264581221,0.880973656757946,0.9274049943645875,0.930891276111959,0.9949533978074595,0.8930024213743273,0.9554368269703841,0.7002602842021479,0.9248384182046998,0.9271543321391977,0.9033760264581221,0.9640380930896717,0.9308912761119588,0.9276261364720974,0.9223781983297538,0.9208331242859091,0.9007066431763939,0.9985663074572886,0.9117550006367756,0.9770515787970699,0.9574754780088428,0.9007066431763933,0.5730196105622355,0.8786664463981002,0.9835323482333367,0.8833108489700485,0.9345395918631998,0.8487054187055112,0.9416326475614256,0.9075071777651167,0.9177151699279686,0.9320416501036443,0.8786664463981002,0.9716793934501753,0.666862465308014,0.950682813029996,0.9591330006563404,0.8980906127480353,0.9380544853452726,0.8446414267287857,0.8446414267287855,0.9117550006367756,0.8334152975089664,0.9061034849845075,0.9620730564657862,0.8179147934140112,0.8809736567579463,0.7205555057665769,0.9240582376582438,0.915264099145364,0.9208331242859094,0.9168770712444045,0.8849078701131325,0.9770515787970699,0.8918014287467981,0.8065889905750272,0.9117550006367756,0.8959624547038578,0.9117550006367756,0.7764524964692129,0.9979911521799527,0.8544024446820504,0.9496137656089725,0.9345395918631996,0.7472279654895205,0.885680018846007,0.8719071805898531,0.880973656757946,0.9117550006367756,0.8845061769360816,0.8930024213743271,0.8539342337456196,0.8377460045397604,0.908894409671068,0.9117550006367756,0.8348309150853281,0.9224597151030742,0.9043127811274354,0.8719071805898531,0.8512046835781089,0.8533666371503996,0.9726810601310467,0.8932195383253448,0.9219931288421894,0.8763873919722713,0.9177151699279686,0.9532451920987464,0.9902222605205018,0.9814415210887981,0.9274049943645879,0.8640175704156152,0.9225682046901196,0.9722161325225651,0.946128670437913,0.8054792518625158,0.7915703884801705,0.9349690771332269,0.8426952359231563,0.9177151699279686,0.8907101446432351,0.9345971140255249,0.6257757457430688,0.9345395918631998,0.9902222605205013,0.9281110842580627,0.9991349449712938,0.8905232684471216,0.8332701647360491,0.8809736567579463,0.9963314595112616,0.914692448285217,0.9382793825937715,0.9088944096710687,0.9041086014616291,0.9244531281210437,0.7727816624147317,0.9208331242859091,0.9345395918631998,0.9033760264581221,0.9791984487278558,0.7615678941112547,0.9208331242859094,0.9208331242859091,0.9061034849845075,0.9977728908826962,0.9308912761119588,0.9336198473017021,0.9951848377583483,0.9726810601310467,0.9745066563137506,0.9795446021971957,0.8577854270532119,0.9101409027007874,0.8310246849069429,0.9308912761119585,0.9627543788047244,0.9850698659683466,0.9661140296290596,0.9208331242859096,0.9101409027007878,0.9498442802180996,0.9042047807293037,0.8746594809017655,0.8229298898932673,0.9929799254813274,0.9938553535985173,0.885680018846007,0.9127999551136247,0.9664617103403201,0.8548326693528032,0.9980731124321958,0.8730257376938848,0.9173037124688752,0.8491455367576926,0.865360169409114,0.9088944096710683,0.876387391972272,0.9528621045421746,0.9994699898038693,0.9368700250687356,0.9274049943645877,0.7505815166464335,0.8610966926191235,0.8027482668635852,0.0,0.806446401563383,0.8763873919722711,0.9088944096710687,0.9532254612405754,0.960484795377373,0.9900433994324624,0.9283013075844857,0.8980906127480354,0.8393605113796824,0.740717577854946,0.9561384571158602,0.8923580093406838,0.937045241458153,0.6871216414632622,0.9117550006367756,0.700260284202147,0.9061034849845075,0.8838741686995899,0.9011913498509705,0.9716793934501746,0.9088944096710687,0.9117550006367756,0.9761531017641536,0.8845470095919208,0.6012112501096871,0.9117550006367756,0.8613723633219288,0.9878401545683244,0.9757784506799926,0.9482948071998746,0.9166669015101279,0.9088944096710687,0.9117550006367756,0.8776558461295052,0.9117550006367755,0.9081427018839825,0.9644874660449378,0.9759471514494363,0.9117550006367756,0.9781418691527212,0.9117550006367756,0.9037563705022724,0.984347895527907,0.8548326693528032,0.9950367620691121,0.9619299081647257,0.9881156196113682,0.9061034849845075,0.8880833554050742,0.7920313862087951,0.886900491736297,0.967954219848373,0.8618595067669816,0.96664472544214,0.9596253625545406,0.7138014607560432,0.8309617608579103,0.9193229677613223,0.8797889105982797,0.9311214124541408,0.7140577625088436,0.8229298898932673,0.9061034849845075,0.9117550006367756,0.8309617608579103,0.9117550006367756,0.8674439743132527,0.8770957904691181,0.96664472544214,0.9046783479507619,0.9703159367668563,0.7002602842021484,0.9353826514194292,0.8905232684471212,0.8368421998983127,0.8955237705353787,0.9382793825937714,0.6843521859412183,0.8185246646068354,0.9330880052134095,0.9281499907488782,0.949209851380796,0.9807269012238727,0.8321335875718177,0.5730196105622355,0.9358319945437406,0.768297824294664,0.9158227252250266,0.977331253947391,0.8245291739742624,0.96664472544214,0.8979722195312704,0.9879418363448997,0.99408469754412,0.9274049943645879,0.9430024585669525,0.9844110646549369,0.885680018846007,0.9261019611913717,0.9274049943645879,0.9669192634034349,0.8878298880205198,0.9240582376582436,0.9630699766697755,0.8653601694091138,0.9177151699279686,0.6385408095258124,0.9209289280958821,0.9061034849845075,0.684352185941218,0.9177151699279686,0.9917755148183518,0.9274049943645877,0.7947666296447908,0.9238636881933731,0.9788394231439529,0.9767205970026367,0.9274049943645875,0.9117550006367758,0.9416153590034746,0.9061034849845075,0.9208331242859094,0.9666492365639795,0.8443919405308984,0.9177151699279686,0.8786664463981007,0.8175510594365909,0.8969062951467852,0.9000524078049302,0.8723297378884345,0.7952205242015296,0.9249028182305308,0.967985997351714,0.8620939894877909,0.9308912761119585,0.9945638495236977,0.9308912761119588,0.8869069588367047,0.823070168484095,0.9257776434321217,0.9177151699279684,0.9117550006367756,0.9875436734016287,0.7044047225491685,0.8809736567579463,0.9274049943645879,0.9240582376582436,0.9492098513807965,0.9117550006367756,0.8905232684471212,0.9274049943645877,0.9345395918631998,0.8706506961888434,0.729686157915389,0.885680018846007,0.96664472544214,0.9172170867382876,0.906046168235241,0.9248384182047,0.9754023275141521,0.9315679709826996,0.6843521859412183,0.9985663074572881,0.9081427018839823,0.9923898834194965,0.8966146862200703,0.9345395918631998,0.9975785113288752,0.8589921216815588,0.9762850146996082,0.9033760264581219,0.908894409671068,0.9203838126931749,0.8246599999506806,0.9209289280958821,0.9192722399024509,0.8855495517734022,0.9117550006367756,0.9810374129828824,0.8670778671740895,0.8610966926191237,0.8569044040594338,0.9308912761119588,0.9063642082625096,0.9117550006367756,0.9117550006367756,0.8380634468777146,0.9452661561632552,0.7948380205309133,0.9117550006367755,0.9308912761119588,0.9117550006367758,0.8741904440128019,0.9428923390508211,0.9548860163531456,0.9532451920987464,0.867521127356121,0.8930024213743271,0.8943616699680017,0.9725460249060967,0.9117550006367756,0.9907465234756279,0.8548326693528032,0.9608543117520585,0.9739160359835839,0.8675211273561207,0.9993177233444124,0.6843521859412179,0.9428812266119274,0.9117550006367756,0.8447579020009306,0.9449309937922314,0.9730238913292835,0.9268509640693063,0.9146924482852168,0.9291828611924031,0.9007066431763935,0.9117550006367756,0.8761706654189815,0.9977728908826964,0.9117550006367756,0.8968329634825407,0.9631674174322622,0.933926857701713,0.8787552226433735,0.9307497155970764,0.9117550006367756,0.8302659991014226,0.9654592534108966,0.9240582376582436,0.7617601465284563,0.8787552226433735,0.9651072597866006,0.9553262295863926,0.969802897849175,0.9177151699279686,0.8470451655080209,0.909336465943066,0.8880833554050742,0.8281911838099557,0.8225226275155828,0.9814415210887983,0.8880833554050744,0.9208331242859091,0.9449309937922317,0.9117550006367756,0.9274049943645875,0.8533035955793005,0.8903684610222209,0.8955237705353789,0.8509734094293141,0.9061034849845078,0.8828551946166552,0.9146924482852168,0.9061034849845078,0.9312485969328885,0.9117550006367758,0.9345971140255251,0.9965154712535882,0.857543070394976,0.9274049943645877,0.8271017645060831,0.9308912761119588,0.8980906127480355,0.8880833554050744,0.8793805343588104,0.8930024213743271,0.9308912761119588,0.8280848498390784,0.9267564831734599,0.8348309150853277,0.9158227252250266,0.9279986649762024,0.9489486786507063,0.9177151699279686,0.9176891810772735,0.7444624914453732,0.9766681760133329,0.9518337142340696,0.9447466947302743,0.8955237705353787,0.9817835540588896,0.9292166664026174,0.8255650924775791,0.8845348599302496,0.9416326475614254,0.5615068767052154,0.8101597629135575,0.8741904440128023,0.9849105619281004,0.8880833554050744,0.8832835521140332,0.9312485969328885,0.8700190526648246,0.8856800188460068,0.8527760996057683,0.6949765039345386,0.9177151699279686,0.9826557702689327,0.874058318067837,0.9121079498127291,0.9686536804090708,0.9274049943645877,0.8719680847793996,0.8002398092750815,0.9716656682171856,0.8448524153708081,0.9033760264581221,0.9033760264581221,0.96664472544214,0.6257757457430688,0.8697030566182691,0.8808027006519333,0.9660146950052018,0.949209851380796,0.9895252930905241,0.8854405286208407,0.9085306284996674,0.9033760264581217,0.859922552970128,0.9117550006367756,0.9240582376582436,0.9117550006367756,0.9117550006367756,0.9402149173765824,0.808826022551031,0.8869069588367049,0.9117550006367756,0.753536307649485,0.8502614421559043,0.8797889105982796,0.8608383819650023,0.9691768000279717,0.9773827557975621,0.9206173094830339,0.7288591181593223,0.9857636094936881,0.7631627773036938,0.7321578399779285,0.9240582376582434,0.9949132684426722,0.8516872347880255,0.9850698659683463,0.899405734482837,0.9007066431763935,0.7407175778549463,0.9999461753619121,0.9240582376582436,0.8429326372904391,0.9177151699279686,0.8512046835781089,0.7220388990050443,0.8833108489700483,0.7751492867683757,0.9674811855079748,0.9261447996089607,0.9627543788047246,0.8880833554050742,0.8282479374952667,0.9054258771250032,0.8930024213743275,0.9146924482852168,0.8774693527540924,0.9730182097341877,0.9292166664026174,0.9666447254421398,0.8746594809017656,0.7523143836121475,0.848067632275513,0.8083010446683034,0.9088944096710687,0.8006688649242865,0.8570782533427974,0.9345395918631996,0.878649785913843,0.9991912544948497,0.948948678650706,0.9821983764113766,0.8930024213743273,0.8832582061569211,0.9905030343479797,0.9117550006367756,0.9208331242859091,0.9640380930896717,0.9117550006367756,0.998073112432196,0.9320163606162967,0.9845876932424067,0.8719071805898531,0.9410043930661396,0.9554368269703843,0.9258535623141579,0.930891276111959,0.9834290898439044,0.8955237705353787,0.9506489580978281,0.9061034849845078,0.9380544853452726,0.8331466215666066,0.8797889105982799,0.885680018846007,0.8682163903410045,0.8863306578824536,0.8697061299619167,0.8761814354577029,0.9148217959918505,0.9410043930661396,0.9582106258732463,0.9588110902119733,0.930891276111959,0.9591535679622782,0.9146924482852168,0.8140279621841304,0.9532337389086787,0.9745520983266813,0.9088944096710678,0.9965415312234278,0.9315679709826996,0.9345395918631998,0.8897211180070735,0.9938553535985173,0.8569044040594338,0.9094353812212375,0.8833108489700485,0.7341723326189624,0.8994057344828368,0.9248384182047,0.847045165508021,0.9312485969328892,0.9088944096710685,0.9208331242859089,0.9345395918631998,0.9117550006367756,0.889774343922128,0.9885785884602019,0.9209289280958821,0.8893380898814516,0.9117550006367755,0.9715588477935886,0.8969083509890257,0.9620730564657862,0.8653601694091138,0.9206173094830341,0.8576389948128025,0.96611402962906,0.9310304499370652,0.8509734094293142,0.8367854485833042,0.9917675856474317,0.8554967892307377,0.9240582376582436,0.8554161564680638,0.8446414267287854,0.9619299081647257,0.8797889105982799,0.9345395918631996,0.874134817623271,0.9061034849845075,0.9892552360381517,0.7368443744770706,0.8763873919722711,0.9117550006367756,0.9145911675745959,0.981865395635786,0.9236552523379649,0.9117550006367758,0.7920313862087949,0.9928460326185118,0.907702440051859,0.908894409671068,0.9666447254421402,0.9033760264581217,0.908894409671068,0.908894409671068,0.8589921216815586,0.9117550006367756,0.7523143836121469,0.9338030508424136,0.9117550006367756,0.9187568665400383,0.8328282760721477,0.9274049943645879,0.9177151699279686,0.9240582376582436,0.9146924482852168,0.9088944096710678,0.8961378595535705,0.9900433994324622,0.9554368269703841,0.8795162524974804,0.9117550006367756,0.8640175704156152,0.9619299081647257,0.8166283519077122,0.9476963780415091,0.8662097599854564,0.9274049943645877,0.9146924482852168,0.6976949344619385,0.8797889105982799,0.9248384182047,0.9117550006367756,0.9041086014616287,0.9203838126931747,0.8035674868714806,0.9644874660449376,0.9312485969328885,0.9733018367704473,0.8786664463981002,0.9177151699279686,0.8640175704156152,0.9717973513826359,0.9117550006367756,0.9117550006367756,0.9688237541354368,0.6012112501096871,0.9057684653022013,0.9033760264581219,0.9669734233303986,0.95197559545804,0.9061034849845078,0.9524935142304138,0.9644219142238494,0.9117550006367756,0.9117550006367756,0.8507339247788814,0.8920935052662725,0.855416156468064,0.9593868235114877,0.8491455367576927,0.8969062951467852,0.9103676853722604,0.9356198067586343,0.9158227252250266,0.9084762651148579,0.9117550006367756,0.9320416501036446,0.9208331242859091,0.5730196105622355,0.9106381832293378,0.9274049943645879,0.8668256812138782,0.9117550006367756,0.9117550006367756,0.9655874645929735,0.9117550006367758,0.9691731400885625,0.8930024213743273,0.9482948071998747,0.9596253625545405,0.9046783479507619,0.9596253625545408,0.839969475417034,0.9337903696750933,0.9117550006367755,0.8527760996057683,0.8983472858496694,0.9146924482852168,0.9274049943645877,0.8248955951092276,0.9905763141046722,0.921637383561343,0.8569044040594338,0.9146924482852168,0.9532254612405755,0.9117550006367756,0.9567159303527277,0.8946796400507372,0.8161834484817625,0.7997348508545379,0.8294728287747772,0.9711036153030144,0.9839339792100608,0.8045440176713865,0.9331194706649308,0.8602547051567759,0.8992747075036316,0.9416326475614256,0.9308912761119588,0.9899457269363948,0.880973656757946,0.9627996773927695,0.6668624653080131,0.9088944096710678,0.9839012923523774,0.8763873919722713,0.8797889105982799,0.9203838126931747,0.9345395918631996,0.8500829794766066,0.9013134756119446,0.9345395918631996,0.8309617608579103,0.9976963210692362,0.9365648697206324,0.9117550006367756,0.9308912761119585,0.8930024213743273,0.9979911521799527,0.9500996411272866,0.9007066431763942,0.8895283817802934,0.8763873919722711,0.9312601352566299,0.7002602842021468,0.886020624952077,0.8569044040594338,0.9312864649678405,0.9511236486934622,0.9117550006367756,0.8348309150853281,0.9532451920987464,0.9915916589618765,0.6012112501096867,0.9483346014800047,0.9849105619281002,0.7889637403938481,0.9117550006367756,0.9123279484066307,0.8606538536277686,0.518936722661434,0.9233949589393389,0.8775472528359312,0.9084762651148579,0.9208331242859091,0.947257083159226,0.9219797772230387,0.9326375827720659,0.8718029190849559,0.9217600911877293,0.7464936052180753,0.9345395918631996,0.8880833554050742,0.9117550006367756,0.9393343694420003,0.9101409027007874,0.9832949040275387,0.7288591181593223,0.8697061299619169,0.9532451920987461,0.908894409671068,0.9717973513826359,0.978141869152721,0.8195245791828911,0.8006688649242865,0.8401941175690085,0.9117550006367756,0.9394412584546742,0.9833251198584076,0.865360169409114,0.9117550006367756,0.8634445422634562,0.9007066431763933,0.9274049943645879,0.8880833554050744,0.908894409671068,0.9243245277323653,0.9591330006563403,0.8685526906331875,0.8763873919722713,0.8407149013528634,0.876179494116341,0.8742300857734957,0.9117550006367756,0.9352218782782524,0.9117550006367756,0.6257757457430688,0.9338636508180884,0.981865395635785,0.5730196105622355,0.9321326397159306,0.8718029190849557,0.9590841993901082,0.865360169409114,0.9117550006367756,0.8641071216750966,0.8906385688022915,0.8536265050929983,0.8697030566182691,0.8527760996057678,0.9208331242859094,0.86970305661827,0.8686723475061016,0.8721537713050256,0.9336413027210725,0.8401941175690084,0.8721537713050256,0.8452516232819042,0.9208331242859096,0.9788394231439529,0.8721537713050256,0.5730196105622355,0.9591330006563404,0.9146924482852168,0.8449555217780205,0.9088944096710687,0.8686723475061018,0.9187568665400383,0.9598963673674022,0.9311214124541402,0.8880833554050742,0.9844110646549369,0.6806911653642802,0.9088944096710685,0.7920313862087949,0.8567222869362291,0.865360169409114,0.8775697174499908,0.8055276399055699,0.9253246753246755,0.9553262295863932,0.8786664463981002,0.7002602842021484,0.9177151699279686,0.9503680830620622,0.8619619771955473,0.9963089389332338,0.9046783479507619,0.9475396463862187,0.9208331242859096,0.9240582376582436,0.9060896206008182,0.9775291715949529,0.907305869122877,0.9774849586806801,0.8629728426006172,0.9448050966443469,0.8905232684471216,0.9859196920117813,0.9117550006367756,0.9222047431586475,0.8093256403144207,0.848705418705511,0.9802091315076991,0.8373173312937539,0.9240582376582436,0.8869069588367049,0.8996535100383343,0.9591330006563404,0.9033760264581223,0.8719071805898531,0.8161834484817627,0.7260985633969472,0.9216076788714864,0.8955237705353789,0.966201755648272,0.9088944096710687,0.9848577198901054,0.9978438430222326,0.9177151699279686,0.9146924482852168,0.7764524964692129,0.9731475307392765,0.9177151699279686,0.9657232016468982,0.8561109433600043,0.9911129692937135,0.945345589113457,0.9061034849845075,0.9384244165541433,0.9187568665400383,0.8309617608579103,0.9177151699279686,0.8685886679610546,0.8856800188460068,0.9240582376582436,0.9565929524591339,0.8833108489700483,0.9146924482852168,0.6012112501096867,0.933058049317034,0.6257757457430688,0.9766584944453693,0.9240582376582436
p56_T,0.7791489194209427,0.8713396701567184,0.9576002774183834,0.9536751187028223,0.9240490045471226,0.9641171417560048,0.7799651758601793,0.7514479390450519,0.43155674968883506,0.9127504202483339,0.8986299605138686,0.9194335589833611,0.9194335589833611,0.8794805910768586,0.9741908346843383,0.9690067817126077,0.9434017467814262,0.8497295588315184,0.9083489988323228,0.9571805908603364,0.9246105994101457,0.8649158421061338,0.9738279174540478,0.9288624015119114,0.8911121111514899,0.5490235441416206,0.8780124908814337,0.8332917247782646,0.9571805908603364,0.72010503456361,0.5552760584786489,0.9000520303703365,0.9065603747321735,0.6293248950461168,0.9595070856400738,0.9507776441281286,0.8922994432827853,0.8746424016014711,0.9173564091624518,0.8737152097045737,0.9223489632231419,0.880465348755729,0.9641171417560046,0.7838420446861436,0.9107071188314297,0.8456209799365721,0.933902137070163,0.7037020519366335,0.8468167119003356,0.9059550597738315,0.9392032468761573,0.8512658857881676,0.5490235441416206,0.8713396701567182,0.9384783478628758,0.9441383125174629,0.8439394117608214,0.8885909234541711,0.8509901057553508,0.9820664053850721,0.45655049783187196,0.6571737134369089,0.9043883676521418,0.9427801978599781,0.9041237274088103,0.7418979085796977,0.9000520303703365,0.9354430296994742,0.8811415221162844,0.9083489988323228,0.8517413020385305,0.9379953056657588,0.9695767521740236,0.7348808826178199,0.8885909234541711,0.9402442875097057,0.9855428325999874,0.8680990387032135,0.6670598805111068,0.917356409162452,0.8680990387032135,0.8616494390833431,0.83828315682913,0.8497295588315184,0.8885909234541711,0.8429310413922657,0.9257263024824359,0.7216513923293872,0.9055888804579475,0.8849794349827056,0.8885909234541711,0.8016635199237716,0.8039761428506567,0.6666382463088532,0.8640179044683407,0.843487526699793,0.796494247083696,0.9626790839185237,0.7868651048112653,0.6344911306157606,0.9763908340868934,0.9339021370701628,0.8885909234541713,0.8236028893899265,0.8396403737770789,0.9083489988323226,0.8180143344982862,0.6797572286821826,0.9790906901804324,0.6803975141087695,0.799826722572992,0.8804653487557292,0.6843079570848588,0.845373426001758,0.8961156213019832,0.7446314613576572,0.9961354772721065,0.9507776441281286,0.9891221256504423,0.6367095902224654,0.9874255252046318,0.8051123686772608,0.8617859181418421,0.8608847680773006,0.9589646102962995,0.6818248765345721,0.8922994432827853,0.8148441895565426,0.9538876829840168,0.9064722785841235,0.5507397535072933,0.8961156213019827,0.9000520303703365,0.9173564091624518,0.8780124908814335,0.9541040647651198,0.8442655210318333,0.9000520303703365,0.9000520303703363,0.8814559000030182,0.8173743458011675,0.9127504202483339,0.6320884069600053,0.8601399393524181,0.8294393881392002,0.5525964433331824,0.9995851856768168,0.650540130012661,0.873715209704574,0.8133513098756651,0.9127504202483341,0.8634259643956042,0.734329079869132,0.6707537793434725,0.9824943201122008,0.5076193407979486,0.8293854287487183,0.8572488974607257,0.9889784053882098,0.7674655604089053,0.7153283743836822,0.9716886528383426,0.9970109446715538,0.8883555203132698,0.8953918140723784,0.9100550701129242,0.6911839859724307,0.8814864939494691,0.9412221473859723,0.9969960814921376,0.8794805910768588,0.9194335589833611,0.46731319214360156,0.7668963821908742,0.7208797340480468,0.8414378847130253,0.9507776441281286,0.9805737591864032,0.8246349445732553,0.7509702125404467,0.806446401563383,0.0,0.843939411760821,0.9538876829840168,0.7337271369422789,0.8959715849760754,0.6029791201982406,0.8048984234320922,0.8713396701567183,0.8828463627722689,0.9485295702577208,0.9581877277816352,0.8289141530872883,0.7139926660952644,0.9010145549622335,0.8885909234541711,0.8922994432827853,0.9485295702577212,0.8640698185799549,0.8309688115703742,0.4966210713504775,0.9194335589833613,0.8885909234541711,0.9214371346088601,0.7597335716464647,0.9571805908603364,0.8885909234541711,0.7450786549994608,0.5163898431784577,0.43515126509173996,0.5234811030054618,0.9401387219343333,0.8849794349827058,0.8885909234541711,0.8013670631459127,0.8885909234541712,0.902724154687869,0.919731658781257,0.8788843040370081,0.8885909234541711,0.7807771671792305,0.8885909234541711,0.7169075769075557,0.5556391602485935,0.8400587414468847,0.9258254956776857,0.896115621301983,0.7108369650808515,0.8814559000030182,0.8874861301845105,0.8948241071649097,0.879600056722037,0.8145630565747071,0.9633144801824758,0.9000520303703365,0.9223489632231421,0.954055398570143,0.8283877907234389,0.9961053380457427,0.6779884490849344,0.6087319036964438,0.91070711883143,0.8051123686772608,0.7831757487234707,0.8885909234541711,0.9955802595109053,0.8885909234541711,0.7362449784108371,0.8603012483251302,0.9783544633819783,0.9716101217633679,0.7412606664661783,0.8922994432827853,0.9714911966398838,0.9790906901804324,0.843496481781838,0.9792463522435126,0.5719494076518381,0.8961156213019832,0.8601399393524183,0.6799304917010454,0.918504619580139,0.8849794349827056,0.8924464890803961,0.9090189669212458,0.9173564091624518,0.7291701019837791,0.841298966592801,0.9916057126935203,0.6494761041141197,0.8509605796475981,0.9000520303703365,0.9872955334875176,0.953141966794189,0.8023838127539187,0.9083489988323226,0.6646058403022318,0.5715396066434831,0.8839392516754712,0.9047673743149588,0.9083489988323226,0.9231922765071887,0.756974595368916,0.9448096841109688,0.9999387167000454,0.8794805910768584,0.896115621301983,0.9633144801824757,0.7150958375223695,0.950859924360226,0.952738315625298,0.9905248313934777,0.7877500434448664,0.9083489988323228,0.753068677994681,0.5998043635276483,0.9556996017506816,0.7233872892439799,0.9932062894239344,0.8885909234541713,0.9006137075088121,0.8814559000030189,0.9783544633819783,0.6974615344977272,0.8580678773039798,0.896115621301983,0.8468167119003356,0.9567192892236172,0.7654899880700599,0.8233882902657537,0.89609499474898,0.9036585668614725,0.9412613958419134,0.8495945719854001,0.7564516785827375,0.9571805908603364,0.5368829453073947,0.9571805908603364,0.8696907272493437,0.8372157331956338,0.9992693761537885,0.8771652840889386,0.8885909234541711,0.6692845880656351,0.8492868493218722,0.8497295588315188,0.9083489988323226,0.944809684110969,0.9538876829840168,0.8885909234541711,0.9497644971707846,0.9083489988323228,0.9641171417560046,0.9370524513469969,0.769080758512535,0.8839392516754714,0.9000520303703365,0.9359812911876474,0.8300605978885565,0.9915831168099202,0.5508340820458861,0.8288435018938423,0.9716886528383426,0.6054684961078056,0.7881226547378111,0.7230739567182687,0.6191639788096797,0.9173564091624518,0.7226034530721039,0.8219779293727203,0.726324559290601,0.91070711883143,0.9194335589833611,0.8761681955304401,0.8051123686772605,0.6997018973036142,0.7117924902695595,0.7893231153169482,0.8885909234541711,0.5709519893183552,0.8193421914380188,0.8729059078549621,0.8901087413007593,0.9983892385276616,0.7850967152735864,0.8885909234541711,0.8885909234541711,0.8468167119003356,0.8311598809812448,0.8771126967189937,0.8885909234541712,0.9539590679156594,0.8885909234541711,0.9042121002855134,0.9961053380457427,0.6987456975781976,0.8885909234541713,0.8577960695407583,0.9247323722236853,0.8067279890635264,0.7643038892319152,0.8885909234541711,0.9605706488117691,0.8633908510022312,0.7445422881802687,0.7841610935259362,0.9579972424668017,0.7666608266396993,0.9149517998571183,0.7135324351349801,0.8885909234541711,0.8154791650978277,0.9317177720624539,0.5306870501568555,0.8328654312924404,0.9288624015119114,0.819824676489258,0.9065603747321735,0.8885909234541711,0.8321647952148616,0.6601881574134612,0.8885909234541711,0.9830475356983128,0.7472559002610406,0.8478079777181606,0.7810021411373678,0.7281417526598755,0.8885909234541711,0.6624529537594703,0.6120505831822529,0.8924464890803961,0.7410053571343382,0.7810021411373679,0.901209645905488,0.569237692184307,0.8121599508562438,0.8961156213019832,0.797213560448562,0.47300608008559186,0.9686108910329275,0.6252970908257471,0.8481098272306553,0.910107066481741,0.8587055344279981,0.9000520303703363,0.849729558831519,0.8885909234541711,0.921936419984454,0.8256365807358741,0.7138728918110342,0.9291608823245232,0.8671984584708654,0.9149927351303693,0.7112198303514576,0.9288624015119114,0.8814559000030182,0.8680990387032137,0.9240490045471226,0.9025386219355653,0.9537870065951404,0.8732903592286685,0.9507776441281286,0.6015928086230229,0.9571805908603364,0.8790687156125054,0.9162667259410229,0.7773480571422998,0.8948241071649095,0.9127504202483341,0.8059254278533428,0.7866275056675717,0.8211556146105978,0.9638206217090726,0.864915842106134,0.9626216232922278,0.9339021370701628,0.9174035251259667,0.8406240246757963,0.983283434917974,0.8556713284264508,0.6690263440401312,0.948715430432858,0.5806603703675208,0.7616317246062898,0.7839247776621023,0.7914800067380319,0.9760963747314226,0.6330278943937411,0.8571913025619731,0.9536751187028223,0.912207174924492,0.9162667259410231,0.7865507689897424,0.9902227259458327,0.9563171709386166,0.912207174924492,0.952643308843117,0.7304659335870836,0.9339021370701628,0.7911045522893105,0.7663574943431763,0.8665198913465126,0.9223489632231419,0.879507774688648,0.8654109523813913,0.7305262075923946,0.944809684110969,0.9567192892236172,0.8780124908814335,0.9258197414185888,0.9392032468761575,0.9083489988323228,0.8862690799661723,0.8216604431608848,0.8768521544497094,0.9194335589833611,0.908295821013361,0.8863385208908011,0.9044069559125094,0.8780124908814337,0.8778295381580541,0.8885909234541711,0.9041237274088108,0.8885909234541711,0.8885909234541711,0.7123540703545834,0.8587055344279979,0.8696907272493435,0.8885909234541711,0.7393205670018066,0.6502062248289082,0.9988143391021105,0.7933538797402464,0.9605706488117691,0.8663696738859961,0.8311598809812448,0.8074887321250055,0.6423502540080914,0.9065603747321735,0.9840460825025912,0.9448096841109692,0.6381142596143051,0.6806890072126108,0.6958480622782296,0.8355004561884285,0.8700138133529103,0.9149927351303697,0.832102676577648,0.944809684110969,0.7721502621390086,0.8961156213019832,0.9258166942204418,0.9855428325999874,0.9638206217090723,0.99739148678944,0.7244718825105371,0.8577960695407583,0.6492809819936392,0.9738279174540478,0.9935833160592291,0.9905248313934779,0.9546406372824612,0.9288624015119114,0.9599634238526213,0.7924689604434358,0.8905004859869645,0.9824943201122008,0.8376727355793487,0.9434017467814264,0.7537340585843196,0.777237413402937,0.9883418069846723,0.8205959872379509,0.9926916426643937,0.9173564091624518,0.7894718332327704,0.6015928086230228,0.786589673526572,0.7991631244579227,0.8948241071649097,0.969201421973177,0.906299456780163,0.8885909234541711,0.9000520303703363,0.6233027387801445,0.9595070856400738,0.8829782343111663,0.9257263024824358,0.7496389135961194,0.8640179044683405,0.8039761428506569,0.9162667259410231,0.7370172010583689,0.9095288973036573,0.7304659335870833,0.9902227259458327,0.9460355866400341,0.9149927351303693,0.938478347862876,0.8270242238200947,0.8372157331956336,0.8556713284264506,0.9297593601791201,0.5842729532659126,0.7853217881729573,0.8202872433971842,0.9633144801824758,0.7681134489071159,0.7978106783678864,0.9360407368117247,0.9571805908603364,0.8911121111514895,0.9654253597410376,0.8715123830219031,0.9835206818906611,0.783822478432466,0.8849794349827056,0.8125930391387628,0.7965535042460006,0.9641171417560046,0.9914522506232062,0.990524831393478,0.8901087413007596,0.9567192892236172,0.8804653487557299,0.9708036818623487,0.8608847680773004,0.920438304161137,0.878352649589119,0.9596918041351779,0.9538876829840168,0.9392032468761573,0.917356409162452,0.8885909234541711,0.9651163230025896,0.843042746016128,0.7304897777411251,0.921176871136669,0.8885909234541712,0.5296863809938721,0.8031770132815794,0.9866725479230198,0.8547490818682042,0.8943555983523803,0.8991239933579043,0.7629226723046616,0.8959652050888334,0.9761840465903812,0.9224290532024302,0.6504188300895146,0.7990728449570714,0.9041237274088108,0.8074887321250053,0.8439394117608212,0.896115621301983,0.8833867634546269,0.9173564091624513,0.9455072059402425,0.8814559000030189,0.9641171417560044,0.9961354772721065,0.89691998069125,0.9240490045471226,0.8963549350345327,0.9709835233022466,0.9507776441281286,0.8885909234541713,0.8649158421061338,0.7319547311547439,0.6667813163355788,0.9194335589833611,0.9041918871005591,0.9434017467814264,0.9194335589833611,0.8849794349827056,0.8935471261876557,0.8885909234541711,0.8780124908814337,0.8828088005589536,0.8885909234541711,0.8556713284264508,0.7990728449570714,0.9083489988323228,0.8961156213019832,0.9041237274088105,0.8922994432827851,0.8849794349827056,0.7820204890919071,0.5861138851861274,0.7095855292243165,0.8966915180995032,0.8885909234541711,0.7964161791447304,0.9339021370701628,0.8616494390833429,0.7351250026796221,0.798902987411837,0.9083489988323228,0.9654253597410378,0.8617859181418421,0.952643308843117,0.8617859181418421,0.8885909234541711,0.837215733195634,0.9738757694980786,0.9116533918550442,0.7105872270636986,0.9596918041351779,0.9932062894239346,0.8468167119003356,0.933902137070163,0.8828088005589536,0.6829047682235758,0.8885909234541711,0.9240490045471226,0.9825360994715715,0.9127504202483341,0.9167549929707808,0.8780124908814337,0.9291608823245232,0.6634625502799177,0.9149927351303693,0.7413786054768934,0.7263503624549118,0.8885909234541711,0.8885909234541711,0.8800973572965571,0.7088849410190508,0.911984025117172,0.8817492420166411,0.6546971052929403,0.7965142942046761,0.87439189081438,0.7192535934158848,0.8526802577712809,0.6829225412193521,0.8885909234541711,0.9052344023402792,0.9000520303703363,0.9173564091624518,0.8198246764892578,0.9083489988323226,0.6413251797983077,0.8885909234541711,0.8885909234541711,0.72010503456361,0.9240490045471226,0.7324574796103152,0.8360015073061088,0.7368022890401078,0.9959260982295128,0.9977130375864933,0.8814864939494691,0.709568573962734,0.804551892300974,0.8885909234541712,0.9295577937136201,0.731344331297237,0.9654253597410378,0.9507776441281286,0.9213168800127796,0.8721663993345522,0.8039173803939998,0.8429310413922657,0.9288624015119116,0.9786327401117054,0.8885909234541711,0.6719293561805877,0.8665198913465126,0.6894575786769672,0.8452732898532465,0.8775973526464318,0.9649365254932594,0.8899656035556076,0.7627024785496832,0.9041237274088101,0.7814706318185972,0.6867615016380125,0.8780124908814335,0.9127504202483341,0.8732043168365953,0.9043883676521418,0.7293480671068755,0.9392032468761573,0.8849794349827056,0.7141780097374737,0.8646674591218193,0.86030124832513,0.9005950890223497,0.9891221256504424,0.9064722785841237,0.917356409162452,0.9173564091624515,0.8283877907234387,0.9211768711366688,0.48767049659214456,0.8277444278022186,0.9127504202483341,0.8649158421061338,0.8649158421061336,0.7908498466907361,0.9384783478628762,0.8738416970127053,0.9971188814478922,0.620625943520531,0.9288624015119116,0.7507100852430428,0.8429310413922653,0.6983854005653485,0.7466917372230404,0.8885909234541711,0.7821714252369454,0.7213701845233651,0.8664623512659322,0.9127504202483339,0.8804653487557288,0.5507022833441195,0.9522025255186697,0.8885909234541711,0.7523830097873504,0.8356105376247056,0.8556713284264508,0.7491411228478758,0.7034051193992038,0.7448232424027168,0.9000520303703363,0.7019109063318696,0.8563043572796343,0.6876228503252952,0.765634647664676,0.8587055344279981,0.8181923707466539,0.9173564091624518,0.9398302952764153,0.9240490045471228,0.8783526495891187,0.9544107031172884,0.6462948593845608,0.8283877907234389,0.8007625722048461,0.9695767521740236,0.9194335589833611,0.6667224491181187,0.8659447231225104,0.8721744839320966,0.7597530279918051,0.7485943916584896,0.8885909234541711,0.7933050215586225,0.9060498189962789,0.8300175726595493,0.8885909234541711,0.6906760395258443,0.9384783478628758,0.9083489988323226,0.9162667259410229,0.8849794349827056,0.9081738071919225,0.9317177720624537,0.8148209948936871,0.9971188814478921,0.8860559971227138,0.9162667259410235,0.8063966740178907,0.8885909234541711,0.8933013742939915,0.8885909234541711,0.9083489988323228,0.8412989665928012,0.5235189089632075,0.9173564091624518,0.8897526521075512,0.8269950839889728,0.5926481731630053,0.904212100285513,0.8885909234541711,0.8226061314363167,0.6585649730662329,0.7880358535855343,0.9370377037439162,0.9757288239726141,0.9392032468761575,0.8355004561884278,0.8577960695407583,0.9100550701129242,0.7053633121617933,0.809703447183395,0.9100550701129242,0.9226673352539045,0.9000520303703365,0.9556996017506816,0.9100550701129242,0.9173564091624518,0.8770589632418304,0.8517598491133304,0.7862889645430828,0.8849794349827056,0.8327457763092474,0.8839392516754714,0.516113166037304,0.9550146306388964,0.9738279174540476,0.48014576730015723,0.9917923012742352,0.9538876829840168,0.8649158421061338,0.7326898998719928,0.8547490818682042,0.8878510526472205,0.8723470791249188,0.947144978888462,0.9614262358832523,0.9006137075088121,0.8922994432827853,0.8961156213019832,0.5314805428468793,0.9253299294588442,0.7934636358285029,0.9716101217633679,0.7037020519366333,0.9392032468761573,0.9041237274088108,0.9194734144366921,0.5698176474690281,0.8285189078377007,0.8032362092940315,0.8608847680773002,0.8597937688184183,0.9204383041611373,0.6161477725975105,0.9240490045471226,0.6220757486067643,0.8232710241522814,0.8316113810011563,0.6831197600564709,0.8512658857881672,0.9738184024847136,0.941259924064278,0.8538261967607177,0.5490235441416206,0.9107071188314297,0.9154873997467616,0.8814864939494691,0.8424503405467818,0.6885071220414509,0.8680990387032137,0.9510241746361656,0.9194335589833613,0.892985225104719,0.7976358237152326,0.9339021370701628,0.9288624015119116,0.7379897850425543,0.506331561774121,0.9339021370701628,0.8986374218742583,0.6479847878884303,0.8687967700017796,0.8814559000030187,0.9149927351303697,0.7328058821255516,0.946453208830405,0.8492868493218722,0.9905248313934779,0.6491271007816858,0.8839392516754714,0.9448096841109692,0.4896006049174433,0.8804653487557288,0.9654253597410378,0.9127504202483339,0.5737152948948794,0.9083489988323226,0.7737505273691834,0.9448096841109692
p56_V,0.9280227708538746,0.7799706006746479,0.8754075788101028,0.9374493795642358,0.9239571786511698,0.8586664617429048,0.9794383642913305,0.9260631990964183,0.8944128167827481,0.9442782351269043,0.999744732490999,0.9781067403340057,0.9781067403340058,0.9941068010498537,0.941003809806949,0.8915641191189616,0.851703204858973,0.9418468054117537,0.9998226281102465,0.9442782351269046,0.8951238755194624,0.9551139594816043,0.9309382944231761,0.9675956872630854,0.9117298605520905,0.9040300914457231,0.9874255252046317,0.9879051267951275,0.9442782351269043,0.935905518172954,0.9651931383855021,0.9013065795230635,0.9199406273027306,0.9816494815223562,0.97302184505753,0.8824024370934048,0.9312172606999454,0.9033950236119617,0.9472198404849024,0.986168834886946,0.9995729386747716,0.9443618136993994,0.9472198404849024,0.9406138327701863,0.7612216579618674,0.986986919165191,0.9617723288059055,0.8890895984248461,0.9861688348869458,0.956323389301645,0.9361684345174044,0.823248069269345,0.9418468054117537,0.9178313446502833,0.9917271981546154,0.9897009966777408,0.9897009966777409,0.9288488221297497,0.9834121738903498,0.9828956122135615,0.9276655986642772,0.9169832390321796,0.9825197666561853,0.9438841418650028,0.8923351671954539,0.9420278011552321,0.9013065795230635,0.9930637973713236,0.9722705181462858,0.8236923415849842,0.9412832902906616,0.9117279299695327,0.9779134885361098,0.8661136459347678,0.9288488221297497,0.8933387541177662,0.8793453228405241,0.9580084947693384,0.8608597253937624,0.9233710276669693,0.9157617220296757,0.8183675677328989,0.9679401264121574,0.9040300914457233,0.9288488221297497,0.984813660084917,0.796574964001588,0.917713198737315,0.9880335906160527,0.9265423524364669,0.9288488221297497,0.9088169265457853,0.9169832390321795,0.9720602625753867,0.9608396174967289,0.9745310482030679,0.8081620391109672,0.9205073988193802,0.8771807380071668,0.9831388891314286,0.879734219269103,0.9094857206850571,0.9779134885361096,0.9878731928273126,0.9374008478930755,0.9414672763813328,0.95070136084869,0.9065778327102123,0.9523096052149489,0.869617023200479,0.7254959643852121,0.9828090781367664,0.9001226202394987,0.9443035643220181,0.933654454952398,0.9070934795714582,0.9526552033461158,0.9414672763813328,0.9880755935910336,0.9645361394891758,0.9719145037145624,0.9521560119189612,0.9928893498778073,0.999681644558404,0.717802768893973,0.868575892699806,0.9675956872630854,0.9470211235965944,0.9265423524364667,0.9771275048833288,0.9200926842749222,0.7526258963225116,0.8471315842032192,0.9880755935910335,0.8969439783075258,0.9411938525033876,0.992598062093146,0.9903434298372484,0.9903434298372482,0.924292054060027,0.9547133529350562,0.9442782351269043,0.8843179199522953,0.8614899173418669,0.8941690094392148,0.9054762298636498,0.985650149584931,0.9355297596516796,0.9393902601956408,0.8303252639041241,0.809803042566501,0.983438286822885,0.9837454645469401,0.8845611988346691,0.9903434298372484,0.9861688348869461,0.8995680331711393,0.9744968503307261,0.8927510980735229,0.9782026567459742,0.9507692039195983,0.8049125044433605,0.8965983225545132,0.8927764088411396,0.9396242454712691,0.9798093648918664,0.9470211235965944,0.91561268213489,0.7827889772689449,0.9637487016590986,0.8005617407924148,0.9265423524364669,0.9736434108527132,0.9301177772509812,0.8874601108817368,0.869220805651592,0.9414672763813328,0.9861545404751743,0.8880034676011164,0.8409576378165504,0.8763873919722711,0.843939411760821,0.0,0.9742178060512305,0.986631336982482,0.9566136442322537,0.9878731928273126,0.9482428774988274,0.9178313446502834,0.9278464566365248,0.9706982209232327,0.9527103274498212,0.9244870972819852,0.8532077696360623,0.9869296750061689,0.9288488221297497,0.9312172606999456,0.9706982209232327,0.9460505649436606,0.8767428771898873,0.9897327370373272,0.8827558331044781,0.9288488221297497,0.8697375181604707,0.9586967584560002,0.9442782351269043,0.9288488221297497,0.9866989384555495,0.9909282086879027,0.8933387541177662,0.9160141298806421,0.8980798977281887,0.9304312867192419,0.9288488221297497,0.9373639883834674,0.9288488221297497,0.9074636462199257,0.8699140451580025,0.8546420604779981,0.9288488221297497,0.8644196496342953,0.9288488221297497,0.957624577690146,0.9805875322023232,0.9556196184821215,0.9496592105739327,0.80491250444336,0.8899845233005252,0.9242920540600268,0.9495873612601233,0.9551139594816045,0.8056460577972092,0.941369536597632,0.9853395314336217,0.9361684345174044,0.9721556015951156,0.9809679173349197,0.9793811540276174,0.921014703280405,0.9132389320257916,0.881294645597023,0.9220929278982624,0.8740160774379222,0.924292054060027,0.9288488221297497,0.9793811540276174,0.9288488221297497,0.946802420080376,0.9909282086879027,0.9361684345174044,0.9931252770634839,0.8899845233005252,0.9312172606999456,0.9938868854725336,0.9928893498778073,0.851499547990344,0.9152511870116735,0.9234512202504557,0.933654454952398,0.8859676735403943,0.9916435454669676,0.9617988407308564,0.9265423524364669,0.938768815466609,0.9118677093532351,0.9472198404849024,0.9692745478323191,0.9472612909762534,0.9059145492620324,0.916338074360628,0.9025401228808813,0.9361684345174044,0.969647647427007,0.9277432929243943,0.9205726413886451,0.9414672763813328,0.8914685499451074,0.9428805861339855,0.818367567732899,0.9656686423610311,0.9414672763813328,0.9297917593953646,0.9602315207614173,0.8360364947494751,0.9978800004287487,0.9032274698712806,0.933654454952398,0.88261652039029,0.8575202842849552,0.9828956122135615,0.933654454952398,0.7526258963225119,0.8374102321303154,0.9414672763813328,0.9084352783071552,0.8660988083925414,0.9521560119189613,0.970703381414589,0.8236923415849844,0.9779134885361098,0.9117279299695327,0.9706982209232327,0.9013065795230636,0.8290963693550466,0.9698112061053812,0.7003392882016635,0.9489483824282394,0.9798093648918664,0.9153082930371021,0.9644314841462391,0.99342553799461,0.9743994066142556,0.9836038856426457,0.9243497724031107,0.9078392390196821,0.8712827231431497,0.8652640614492118,0.9942420842964469,0.915627507434312,0.9909282086879027,0.974725214832599,0.9859410630732464,0.9288488221297497,0.9361684345174042,0.9917000408162021,0.8690696247580944,0.9414672763813328,0.938768815466609,0.8827558331044781,0.9288488221297497,0.8447916714707595,0.9414672763813328,0.9472198404849022,0.756779857411668,0.8573894032506422,0.8965983225545132,0.9903434298372484,0.9646856815994838,0.8026100756300922,0.9117298605520905,0.9199406273027306,0.9323037552036618,0.9859410630732464,0.9816494815223563,0.8572536274440052,0.9610024953181502,0.9361802219295299,0.5998481980466477,0.9033390379924964,0.915627507434312,0.9416218453120706,0.9673337013468153,0.9265423524364669,0.991115906530935,0.8479694326109093,0.8575202842849552,0.9019578643754296,0.8660225244497293,0.9288488221297497,0.9566136442322537,0.984813660084917,0.8782163832383312,0.9848136600849171,0.9442782351269043,0.9186390033476763,0.9288488221297497,0.9288488221297497,0.939390260195641,0.9306946512160321,0.9398056495877892,0.9288488221297497,0.9942420842964471,0.92395717865117,0.971671289257191,0.9117520352216038,0.9375989606920125,0.6786338466193698,0.9971725026548419,0.8793453228405241,0.8834399215554212,0.9274668562987736,0.9288488221297497,0.9113787574498459,0.8910486018561095,0.9186707982454534,0.8803689097090908,0.9971725026548421,0.9398542298017699,0.933654454952398,0.8412627368673318,0.9288488221297497,0.797105724291241,0.9447030526901549,0.9431301319254788,0.9097271974379975,0.9312172606999456,0.8637147028644799,0.9641067145740576,0.9288488221297497,0.9794270812148186,0.9972378357109326,0.9288488221297497,0.9335014513268405,0.9239991990382526,0.8853336228852015,0.8509140625515297,0.8503230491837441,0.9288488221297497,0.9435234406282151,0.9141732503017312,0.7797378223034958,0.9785359422214626,0.8723788060467208,0.8998677823831449,0.9620174532699495,0.9652100235177417,0.933654454952398,0.8898448222777811,0.8671481959671583,0.9707630758620763,0.885705754252941,0.9545786956633129,0.9374008478930755,0.9707630758620764,0.9361684345174044,0.9068863387241246,0.9288488221297497,0.8236923415849841,0.8621543973586858,0.9092995966185087,0.7885108687926855,0.9346355708099476,0.9706982209232327,0.9221283953178252,0.9170021612446013,0.924292054060027,0.9152511870116737,0.9288488221297497,0.6504571486710471,0.9063693009102085,0.8432483852154222,0.9998226281102465,0.9204829543512978,0.9442782351269046,0.9610024953181504,0.891113512984276,0.9121477059747176,0.9551139594816043,0.9442782351269043,0.8777638223005928,0.9798093648918664,0.956323389301645,0.9059145492620326,0.9137287800621365,0.8760248201914801,0.9859410630732461,0.849605533346268,0.9995729386747717,0.8776911857684926,0.9860555452130657,0.9721556015951156,0.9157617220296759,0.9300679213294079,0.9567667063124822,0.9550432012193397,0.9568526396305748,0.8064624314104198,0.8896975241965694,0.8581907372487002,0.9941068010498535,0.9469401678022586,0.9894121426990234,0.8681520353772896,0.9997447324909989,0.9556178676256695,0.9469401678022586,0.9771275048833288,0.9088493843982655,0.9617723288059055,0.9411938525033876,0.924487097281985,0.9195321209694299,0.9713014789446588,0.9411125326018256,0.9428109824753031,0.9293514524711308,0.938768815466609,0.7941920769170913,0.8969439783075257,0.9874255252046318,0.9554815748429076,0.9414672763813328,0.824055559277934,0.8095161731921925,0.8402814706191788,0.9742178060512305,0.9265423524364667,0.9258791572450538,0.959640125090411,0.9220929278982624,0.9349231859374494,0.9288488221297497,0.938768815466609,0.9288488221297497,0.9288488221297497,0.8753970416893984,0.9097625798212232,0.8165945463022457,0.9288488221297497,0.8824494688563943,0.9280570274217341,0.9909282086879028,0.9763912250583231,0.8858712519854102,0.8250562990528754,0.9527103274498214,0.8637059334028956,0.9094929178878131,0.9917271981546157,0.9719104285695896,0.938768815466609,0.984813660084917,0.920572641388645,0.9373639883834675,0.96455642750231,0.9199406273027306,0.9242920540600268,0.9435416541691632,0.8923351671954539,0.8963827383136587,0.933654454952398,0.9685079852781177,0.9137287800621363,0.9787436574258667,0.9707630758620763,0.8787279306698967,0.9971725026548419,0.927665598664277,0.909762579821223,0.9547977959327028,0.9094857206850571,0.9137287800621368,0.9818107867184303,0.9938868854725336,0.9858032253019999,0.8898965184126297,0.9361684345174044,0.9211446474695233,0.9220929278982626,0.9645749509345898,0.9786667815209427,0.7874049258749507,0.85552779797785,0.8183991053145016,0.9472198404849024,0.8676188606210475,0.9890698219039585,0.892624738559076,0.9141894691335394,0.9207305022599922,0.8699816110295118,0.9086050322771126,0.9288488221297497,0.9361684345174044,0.9556196184821214,0.9779134885361098,0.9115594563265729,0.9551139594816043,0.9364894453503562,0.9608396174967289,0.8856449086748139,0.9894121426990234,0.8539264745735007,0.9442782351269046,0.866593286689338,0.9574979597513362,0.908942966732091,0.9706982209232327,0.9475611108832886,0.9894085798785123,0.9771275048833288,0.8183675677328989,0.8861398485580012,0.8574509814384916,0.9448099114301204,0.9746879019618713,0.9523285443895997,0.9169832390321795,0.8879895529804339,0.894942704273314,0.8712827231431498,0.9665309054593343,0.9312172606999456,0.9366368515413204,0.9627812356600216,0.931366715443356,0.9265423524364669,0.9895197620153955,0.9769846266445151,0.9472198404849024,0.9316274601593699,0.9617723288059054,0.8868913514116863,0.9556196184821215,0.9828090781367662,0.9195467174521135,0.96455642750231,0.9259511607964758,0.8856048231352784,0.9157617220296754,0.9742178060512305,0.9903434298372482,0.9880755935910335,0.9288488221297497,0.9816494815223562,0.7820901330442653,0.8788214522622269,0.9214006317669097,0.9288488221297497,0.9653544977069997,0.8334938768474369,0.9572976368352228,0.9941068010498537,0.8652640614492115,0.854873052884757,0.9355762097635401,0.9626896527975259,0.9570057010001997,0.8945421723100471,0.8822094236550269,0.9922251917623502,0.938768815466609,0.9917000408162021,0.9897009966777409,0.752625896322512,0.8950953494015976,0.9472198404849024,0.9208861249369155,0.9364894453503559,0.9472198404849024,0.9958263540139827,0.769767441860465,0.9730218450575301,0.9803139140174593,0.9547614400105306,0.9998226281102465,0.9779134885361098,0.9207305022599923,0.8440306752314073,0.8927764088411396,0.9265423524364669,0.7929565888833757,0.9673337013468153,0.9265423524364669,0.9265423524364669,0.9193175573455775,0.9288488221297497,0.9673337013468153,0.9895262964440439,0.9288488221297497,0.9748290773761272,0.9654183008596202,0.9998226281102464,0.933654454952398,0.995067487912588,0.98181078671843,0.9265423524364669,0.9260631990964181,0.8945249794747658,0.909762579821223,0.9113131947533517,0.9288488221297497,0.7116119900196256,0.9859410630732464,0.9860555452130657,0.9299774332527292,0.9017190217704445,0.8236923415849838,0.815815109207632,0.9523096052149489,0.9589839222591343,0.9523096052149489,0.9730218450575299,0.9270396358303656,0.991115906530935,0.999681644558404,0.8409537938476193,0.873004414272011,0.941467276381333,0.8745074775108261,0.9859410630732461,0.929753953736778,0.9579218368345694,0.9288488221297497,0.8748925122448097,0.9855162212167967,0.9442782351269043,0.9831708423884951,0.8969439783075257,0.9152511870116736,0.9928518442600907,0.9706982209232327,0.9605915926762604,0.9511161109379,0.9288488221297497,0.9288488221297497,0.8990380928823124,0.951435526105816,0.87602482019148,0.8676188606210475,0.9186390033476766,0.936773036532293,0.8676064557793455,0.9102918360624044,0.9018491285511326,0.9307131725951661,0.9288488221297497,0.9745310482030678,0.9361684345174044,0.9472198404849024,0.8856449086748139,0.9414672763813328,0.8731228274115113,0.9288488221297497,0.9288488221297497,0.8938117215762234,0.9288488221297497,0.8841468026398107,0.9137287800621365,0.9444076792766426,0.9721556015951156,0.8985159947466639,0.801672720563982,0.8122201927020223,0.9121058595034282,0.9288488221297497,0.9909282086879025,0.8736131936752718,0.98181078671843,0.9998226281102464,0.9981009867201975,0.9914325860459474,0.9361802219295301,0.8868913514116865,0.8664086352261164,0.8695671184957501,0.9288488221297497,0.8878907384141739,0.949904800799596,0.9721556015951156,0.8095146237594562,0.9310228959420861,0.9178313446502835,0.9549882475158464,0.8589769334997011,0.9486338396414329,0.9126225864946287,0.9489818671196688,0.9874255252046317,0.9942420842964468,0.9374493795642359,0.9040300914457235,0.8878860206418513,0.9361684345174042,0.9265423524364669,0.9008986253002531,0.9369878183831672,0.7353739172577548,0.9074828887014601,0.9472198404849024,0.9909282086879028,0.9880755935910337,0.9472198404849024,0.9338624305038411,0.9784078757357106,0.8544842329828617,0.9288488221297497,0.9442782351269043,0.96211568167946,0.9207305022599921,0.8394975685199365,0.9641067145740576,0.9742178060512305,0.953045404208195,0.8514514697165168,0.9675956872630853,0.9454234581356229,0.984813660084917,0.8608597253937624,0.8485172698207379,0.9288488221297497,0.9088169265457853,0.9779134885361098,0.8954033651640374,0.9442782351269043,0.9443618136993994,0.9860555452130657,0.9234915831261145,0.9288488221297497,0.8539264745735007,0.8250562990528754,0.9078247903914518,0.8770057699699192,0.8007823684965487,0.866472444665194,0.9361684345174044,0.8807484549284339,0.9460319017180565,0.9621308931062638,0.977683128155931,0.9309382944231761,0.9054732798157585,0.8586664617429052,0.9097625798212232,0.97302184505753,0.913673617458646,0.8000665725934131,0.9076766002309375,0.9793811540276174,0.9020779364204593,0.9730218450575302,0.9265423524364669,0.9355297596516796,0.8644196496342952,0.9652100235177417,0.8344801312219823,0.8646036150933576,0.9288488221297497,0.8513555560800827,0.930373803980105,0.8690055601783253,0.9288488221297497,0.887202855254529,0.9917271981546155,0.9414672763813328,0.9894121426990234,0.9265423524364669,0.853398986286843,0.9418468054117539,0.9117520352216038,0.8797342192691028,0.7666396049822788,0.9309382944231763,0.8337374916616032,0.9288488221297497,0.8847665488736308,0.9288488221297497,0.9414672763813328,0.8151817498398594,0.8638929830074615,0.9472198404849024,0.8967198703210437,0.8525034332144861,0.8962155056134602,0.9941068010498535,0.9288488221297497,0.9847330193381247,0.9913825841281623,0.9050632810818648,0.9294312104462159,0.9132389320257916,0.5762566076040002,0.8949427042733136,0.9278464566365248,0.9475238565788602,0.9856501495849312,0.8857433336801966,0.9475238565788602,0.83478365048537,0.9361684345174044,0.9261093670919482,0.9475238565788602,0.9472198404849024,0.9825197666561853,0.9675956872630854,0.8740160774379222,0.9265423524364667,0.9278464566365248,0.9469401678022589,0.9023795156406169,0.9909282086879025,0.8512887315453758,0.8796480577405048,0.9766107126543475,0.9265423524364667,0.9137287800621365,0.9502423237355746,0.925662981663943,0.9369724823143173,0.9646856815994838,0.907384189894376,0.9620174532699495,0.9766107126543475,0.9312172606999456,0.9617723288059054,0.8908505574053998,0.9027007126643187,0.8985159947466637,0.9707551468732323,0.9460505649436606,0.9361684345174044,0.938768815466609,0.9960470786045248,0.9323299983666009,0.9710734424570895,0.9172640312418525,0.8949427042733138,0.9546572645973088,0.9665309054593341,0.9625094796456837,0.8748925122448097,0.9926401914468548,0.9446352888037228,0.9719145037145629,0.9745310482030678,0.9488404033763627,0.9387688154666087,0.8165945463022458,0.9994732652825374,0.9040300914457231,0.9421847517560789,0.9964497455422859,0.9438841418650028,0.9671657892684402,0.9377515552037037,0.9157617220296757,0.9932026406994406,0.9781067403340057,0.9653544977069997,0.9461275914808274,0.9617723288059055,0.98181078671843,0.9195293122683741,0.898515994746663,0.9094857206850573,0.9459824109245162,0.8322804608748362,0.9948109578214426,0.9828956122135616,0.924292054060027,0.9188194897848976,0.93571369996532,0.9793811540276174,0.9094857206850574,0.9431301319254788,0.9748290773761271,0.938768815466609,0.931366715443356,0.9018491285511323,0.9675956872630853,0.9442782351269043,0.8394708294649358,0.9414672763813328,0.9737643718917595,0.938768815466609
p59_F,0.7444044463437747,0.9394396415413291,0.8882932693469461,0.9199893491338638,0.9475597985845114,0.9610996995613954,0.8373126200526002,0.8253743886792997,0.9006962362816695,0.958931662684485,0.9379142777971528,0.8681153990258522,0.930123641813413,0.919989349133864,0.9077040005624184,0.8811742389803807,0.9425805352069323,0.9292677720165115,0.9568599156354454,0.9589316626844853,0.9181361257449083,0.9559302354841396,0.9629124330159166,0.9848910203339206,0.9877220281917205,0.9292677720165115,0.9425805352069323,0.913733309388403,0.9589316626844853,0.9034870578247522,0.9225701399051967,0.9529545363721539,0.9409942357230057,0.9162050927129204,0.9475597985845114,0.9568599156354454,0.9493053971730234,0.9409942357230057,0.9610996995613952,0.9278966962971924,0.896130882831621,0.7193030129332589,0.9610996995613952,0.9915134859542964,0.9425805352069323,0.8425062304790467,0.9511016704226434,0.84343608764169,0.9278966962971924,0.8882932693469463,0.9529545363721539,0.8447105394237191,0.9292677720165115,0.9482607581795672,0.5994549883785212,0.9265423524364669,0.9265423524364669,0.9475597985845114,0.9933101813416039,0.9442013463068033,0.9030086235821644,0.9968116130112576,0.9784534179462063,0.9935567820366137,0.9548710823073729,0.8469812896824731,0.9529545363721539,0.9677414806474164,0.844486639934876,0.9568599156354454,0.9187169710212715,0.9278966962971924,0.7333647111852177,0.9806609591297814,0.9475597985845114,0.8827817928509321,0.9364159486136479,0.9379142777971528,0.8159637907847501,0.9610996995613954,0.9928618019927209,0.9661859802146439,0.923879955825063,0.9292677720165115,0.9475597985845114,0.9149644520716045,0.9902428565647541,0.8536240445709697,0.6476118242704898,0.9458598726114653,0.9475597985845114,0.8882932693469461,0.8541959247310247,0.9693841148312672,0.8445416009589061,0.9916066523038791,0.8860815694795918,0.8838795614232458,0.7368993318512822,0.7947545085542376,0.9265423524364667,0.9511016704226432,0.9475597985845114,0.9340672020762658,0.8981789948276746,0.9568599156354451,0.9041731885624826,0.7687939955231033,0.7483813050199302,0.9208338903011105,0.8718884926994315,0.9193260543091283,0.8390432115466104,0.9065205555971325,0.9511016704226434,0.812785048278886,0.9955894416808808,0.9568599156354454,0.9610996995613952,0.9947730605262131,0.6013798257663074,0.8816859778305948,0.9349426948340502,0.8490048717580837,0.9292677720165115,0.9229135368852244,0.9493053971730234,0.6527839128027044,0.9458598726114651,0.5473677331219975,0.7796798866671167,0.9511016704226432,0.9529545363721539,0.9610996995613952,0.9425805352069325,0.8402939714046154,0.9277463696241426,0.9529545363721539,0.9529545363721537,0.9442013463068033,0.952795425332533,0.958931662684485,0.8706932191519672,0.8675560447816311,0.8838795614232455,0.9325575638096625,0.9340898362261592,0.9825784749652078,0.63641214400572,0.8104036875498972,0.9589316626844853,0.9030086235821644,0.9116080119434857,0.9236252931391372,0.9529545363721539,0.9763068251524245,0.9989195609871788,0.9112976020672168,0.9733997388646385,0.9155630897147409,0.9221581834312782,0.9511016704226434,0.9320645602494204,0.7624534917969606,0.8938740030413768,0.913733309388403,0.8060628203277849,0.9696724395861311,0.923879955825063,0.9283006786161674,0.9019701437287178,0.9458598726114653,0.9265423524364671,0.9882976624766295,0.9690225387083489,0.7662913206916271,0.9568599156354454,0.9298843125247958,0.9174557485535397,0.8827817928509321,0.9088944096710687,0.9538876829840168,0.9742178060512305,0.0,0.6277740552271274,0.8790792081159235,0.8534622933489193,0.579071460532343,0.7798113577609109,0.9212735133449714,0.9350839192327515,0.9476564936340515,0.7895402867434261,0.8652846490024411,0.9415490144516765,0.9475597985845114,0.9493053971730234,0.9442013463068035,0.6952655229795005,0.8302218952289881,0.9935349994593583,0.43405769951292605,0.9475597985845114,0.9272134113781105,0.8603105437348386,0.9589316626844853,0.9475597985845114,0.9429971838022233,0.9125111785873636,0.8827817928509321,0.8826297756089203,0.9400706025742575,0.9458598726114651,0.9475597985845114,0.8470909732383185,0.9475597985845114,0.9726005682749652,0.9203844272957435,0.9164570144298141,0.9475597985845114,0.8873793646220564,0.9475597985845114,0.8789701894174247,0.9819150380375277,0.913733309388403,0.8718884926994315,0.9511016704226432,0.7708083464141853,0.9442013463068033,0.9334927596276981,0.9364159486136479,0.9428298129397872,0.967223732044848,0.9549894228659186,0.9529545363721539,0.9329016612088757,0.6944229229975921,0.8995478568587885,0.9301255045824546,0.995606730632077,0.9628454933455661,0.9425805352069323,0.8816859778305945,0.8747265520025299,0.9475597985845114,0.6867120377371951,0.9475597985845114,0.9142876478434762,0.9125111785873636,0.906121948145339,0.3701218563357844,0.7708083464141853,0.9493053971730234,0.9112976020672168,0.9349426948340502,0.8894031717904969,0.9379142777971528,0.6527839128027048,0.9511016704226434,0.8993926091805273,0.9312291735794238,0.8681826851484777,0.9458598726114653,0.752233393060087,0.8802204739371464,0.9610996995613952,0.8857348707173551,0.9997405031129083,0.8193145336211939,0.9932949479190378,0.903054817155065,0.6947366749215783,0.8311945423883857,0.8238509649345083,0.9280415955901629,0.9568599156354451,0.8639922800834697,0.9524187417251317,0.9829392900173883,0.8984043359066813,0.9568599156354451,0.8848204785436553,0.8080982554965417,0.9548710823073732,0.9315076677030099,0.9644994759182184,0.9511016704226434,0.9162050927129204,0.755928239661943,0.9442013463068033,0.9511016704226434,0.9511016704226432,0.7920258334641647,0.9568599156354454,0.8746662285702409,0.9393133196061914,0.8816859778305948,0.9852357534673346,0.7376990592379751,0.9475597985845114,0.9763068251524243,0.9442013463068035,0.9529545363721539,0.8176697096447176,0.9954779619578477,0.9511016704226434,0.9278966962971926,0.540376146932623,0.8092990476011352,0.9065205555971325,0.7487646887830893,0.9493117100236348,0.8679821713502605,0.9164570144298141,0.8686385996787724,0.9589316626844853,0.9006962362816695,0.9589316626844853,0.9591402541866407,0.995606730632077,0.9065205555971323,0.9808926695348984,0.9475597985845114,0.9529545363721537,0.9876139325764797,0.9292677720165115,0.9568599156354451,0.9548710823073732,0.9458598726114651,0.9475597985845114,0.9349426948340505,0.2031772652664593,0.9610996995613952,0.9077040005624184,0.9303370573169482,0.9320645602494204,0.48335140169781754,0.9711093465704743,0.8233788637195056,0.9594986384506099,0.9409942357230059,0.8358428353123897,0.9511016704226434,0.9162050927129204,0.8056825578273621,0.9394396415413291,0.7728191281817444,0.9610996995613952,0.7762855815640267,0.9162050927129204,0.7637779275925343,0.9425805352069323,0.9458598726114653,0.7735497313582809,0.8816859778305948,0.9221581834312781,0.7542662751466702,0.8128743662973861,0.9475597985845114,0.9390414285108739,0.660499102011369,0.96089318452934,0.7454063911947744,0.7212184631640928,0.9576362476866846,0.9475597985845114,0.9475597985845114,0.49118175744002457,0.9097446761129818,0.9763563846251535,0.9475597985845114,0.9611058687776596,0.9475597985845114,0.9644994759182185,0.8938740030413768,0.8328700630085667,0.9475597985845114,0.9212735133449714,0.9364159486136479,0.8268147748355974,0.802022232584923,0.9475597985845114,0.8773193685069605,0.913733309388403,0.7925764380555543,0.789726084422582,0.9663573664294256,0.8653913891389662,0.9511016704226434,0.742840722786175,0.9475597985845114,0.7907502491856577,0.9784534179462063,0.945904879998406,0.824527512767756,0.5900695253755863,0.8256727870749783,0.9409942357230057,0.9475597985845114,0.9632352095242759,0.9365871288980401,0.9475597985845114,0.7631395150638494,0.9806455105616183,0.836959162174395,0.8092990476011352,0.7624534917969606,0.9475597985845114,0.7995697492352157,0.8814453850912114,0.9548710823073729,0.9146284704139054,0.9673590143395132,0.9430441133000051,0.9770171254655825,0.8927512325175624,0.9511016704226434,0.7399276657708489,0.8827817928509321,0.9111150293377238,0.9974712426570689,0.9055165253619162,0.8664736771305537,0.9334927596276981,0.9529545363721539,0.9292677720165115,0.9475597985845114,0.9568599156354454,0.8984043359066813,0.8068927917851012,0.7873481012250081,0.9338613756314728,0.9442013463068033,0.8746662285702409,0.8532838553478092,0.9442013463068033,0.937914277797153,0.9475597985845114,0.9394396415413293,0.875144138718642,0.9765198713238088,0.8904195718012649,0.9233216706709952,0.6412559946262384,0.995589441680881,0.9334927596276981,0.8744017771614353,0.9364159486136479,0.9589316626844853,0.9862585561563675,0.9557248896714008,0.9233738460510834,0.980662425002937,0.902103327533033,0.9371605937136991,0.9511016704226434,0.9162050927129204,0.9935567820366139,0.9055162293830299,0.9153112504466758,0.8097028901503379,0.34776790766046484,0.9682551375725408,0.8347240030058896,0.906295496139132,0.9018497344665104,0.8808946086335746,0.8359821349656571,0.9220520382689481,0.919989349133864,0.9829392900173883,0.9852901633058908,0.8116870067162374,0.7324005770294401,0.8767155864943421,0.45743868253496456,0.9540589546097202,0.7734367193080796,0.9511016704226434,0.9576362476866849,0.9571427493004796,0.9998717412550098,0.6626197766413174,0.9568599156354454,0.9169612314590974,0.9233738460510836,0.9548710823073732,0.955724889671401,0.9425805352069323,0.9425805352069325,0.9765837058865926,0.9568599156354454,0.9225701399051964,0.8199117795876248,0.9100921482984174,0.9458598726114651,0.9458598726114651,0.7595862014740162,0.9430441133000051,0.9985778460732369,0.8675560447816311,0.9475597985845114,0.9548710823073732,0.9475597985845114,0.9475597985845114,0.7667279996150679,0.9334927596276981,0.9162050927129204,0.9475597985845114,0.8913918825413909,0.8500067575037182,0.9125111785873636,0.877897145441318,0.8773193685069602,0.8272354331469209,0.9006962362816693,0.8995478568587885,0.7014171310265378,0.9409942357230059,0.9849746635261071,0.8254572742182226,0.9574180966633072,0.9280415955901629,0.9417706387957603,0.9225701399051967,0.9984380827103148,0.9442013463068035,0.8324402790598803,0.9548710823073732,0.9287546220071028,0.9511016704226434,0.8972654241994791,0.7406226036797138,0.9306566646589698,0.9111150293377238,0.9322991868414798,0.9212735133449714,0.865749031200763,0.755722818303145,0.96089318452934,0.9511016704226434,0.9364159486136479,0.9493053971730234,0.9653389789590384,0.7845470257867802,0.8637151821288627,0.9765837058865926,0.9733997388646385,0.9425805352069325,0.9540077509594633,0.8860815694795918,0.9458598726114651,0.8199517167651282,0.923879955825063,0.9610996995613952,0.7995563084478071,0.9296300847872865,0.6114865640273738,0.7970688433398971,0.9364159486136479,0.9792140372249503,0.9450975949913771,0.9475597985845114,0.9529545363721539,0.9137333093884028,0.2866590248628368,0.8873793646220565,0.7944495116308202,0.9442013463068035,0.923879955825063,0.8256727870749783,0.9334927596276981,0.7592148952360358,0.9589316626844853,0.7868860602652397,0.9521906738117116,0.7009032967458926,0.9954412864629744,0.9984380827103148,0.8727037613151145,0.7966543892561384,0.9320645602494204,0.8156731917344942,0.9092428552134855,0.8044674539676762,0.6780571265179115,0.9591402541866407,0.9461421116766492,0.8567235831170403,0.9682551375725403,0.9589316626844853,0.9349426948340502,0.655873107868642,0.8625298618399613,0.9123884588666584,0.9953073669805033,0.9921318846009738,0.8995133916769508,0.8358428353123897,0.9610996995613952,0.993449533509881,0.9511016704226434,0.9574180966633072,0.9977164699543988,0.980662425002937,0.8776567197100432,0.9225701399051964,0.90671930509294,0.8859564064491339,0.9379142777971528,0.6820906706631695,0.9529545363721537,0.9610996995613954,0.9475597985845114,0.6973784540235964,0.892155484456858,0.9947268446840543,0.9174557485535397,0.9475597985845114,0.9864310500681475,0.8469812896824731,0.9428298129397872,0.9199893491338638,0.9006962362816695,0.8882932693469461,0.9236252931391372,0.9469183646237909,0.9252037445446055,0.6345066859836899,0.8755343989590987,0.9569179508810806,0.9548710823073732,0.8995478568587885,0.9265423524364669,0.9511016704226434,0.9125111785873636,0.9547434413197933,0.9252037445446055,0.9442013463068035,0.9610996995613952,0.9394396415413291,0.9742178060512305,0.9475597985845114,0.9243307498488827,0.8805919691825623,0.9568599156354454,0.733364711185218,0.9364159486136479,0.7735626237779674,0.7348453828730823,0.9458598726114653,0.9529545363721539,0.9425805352069323,0.9458598726114653,0.9458598726114653,0.5256378081287163,0.9475597985845114,0.645528133754252,0.8237303382748609,0.9475597985845114,0.9320645602494204,0.8871861256568154,0.9568599156354454,0.9511016704226434,0.459337868427547,0.3268551954033636,0.9921318846009738,0.7894685038194516,0.9445210810238398,0.9852901633058908,0.7573634207505043,0.9475597985845114,0.9041731885624826,0.9511016704226434,0.9320645602494204,0.8833560244147495,0.9053437280773231,0.9568599156354454,0.9493053971730236,0.9349426948340505,0.9125111785873636,0.9877220281917203,0.9475597985845112,0.7966543892561386,0.9626788706813356,0.9225701399051964,0.83360257911207,0.9521906738117116,0.9568599156354454,0.9278966962971924,0.9511016704226434,0.9430441133000049,0.8135544871276539,0.9475597985845114,0.92481000532338,0.9117531985549472,0.9589316626844853,0.976803370637203,0.9425805352069323,0.9379142777971528,0.931678937032141,0.9442013463068033,0.8940878227503132,0.7839274349536989,0.9475597985845114,0.9475597985845114,0.7597332806694631,0.9461421116766493,0.9371605937136991,0.9933101813416039,0.9283006786161674,0.8836057875672563,0.8347240030058896,0.8483444288530017,0.9306566646589698,0.918297560271605,0.9475597985845114,0.621180240648406,0.9529545363721539,0.9610996995613952,0.8256727870749783,0.9568599156354451,0.8605726987085092,0.9475597985845114,0.9475597985845114,0.7680215914296747,0.9475597985845114,0.7868435260790484,0.9902428565647543,0.8523731211903478,0.896130882831621,0.7929264958075514,0.9329016612088759,0.9414119306921248,0.845809930023645,0.9475597985845114,0.9125111785873636,0.8804335103263402,0.9493053971730234,0.7376990592379749,0.8447038853486009,0.8374621799469963,0.9077040005624186,0.9149644520716045,0.9493053971730234,0.8545503661181635,0.9475597985845114,0.7257450177475631,0.9149644520716045,0.9329016612088761,0.8686385996787724,0.8610609420833562,0.4429125569236,0.9452667931025013,0.8490980979184484,0.9548710823073732,0.864309074997313,0.9500937170028239,0.35132004015509843,0.9589316626844853,0.919989349133864,0.9292677720165115,0.7474881342688842,0.9529545363721539,0.9458598726114653,0.9690731579014669,0.9742178060512305,0.995606730632077,0.5977021327180259,0.9610996995613952,0.995606730632077,0.9610996995613952,0.5339591457257353,0.8995478568587885,0.9522319435190596,0.8927512325175626,0.7971798092312719,0.9589316626844853,0.9364159486136479,0.9902428565647541,0.8553912003238415,0.998438082710315,0.9458598726114651,0.5967031114158955,0.9615732662469803,0.9493053971730234,0.9926368555046544,0.7454063911947744,0.9005301747508503,0.9019883808505957,0.9475597985845114,0.8882932693469461,0.9886251033694344,0.9151915051873829,0.958931662684485,0.6692972525892921,0.9320645602494202,0.8512827582389366,0.9475597985845114,0.7592148952360358,0.799556308447807,0.9320645602494204,0.757577696366371,0.7257450177475631,0.7474881342688842,0.9529545363721537,0.9021256040572457,0.9283006786161674,0.8129359457645987,0.8234248743448613,0.9334927596276981,0.8380730697098475,0.9610996995613952,0.9334927596276981,0.9475597985845112,0.9680148528725812,0.9278966962971924,0.7035608972416709,0.8995478568587885,0.8044674539676762,0.9475597985845114,0.9458598726114653,0.6970590368950033,0.8567235831170406,0.8927512325175624,0.8473269954747022,0.7881804803953935,0.9475597985845114,0.8343462291376365,0.8588935204002319,0.919989349133864,0.9475597985845114,0.9216975403748093,0.7717865293404476,0.9568599156354451,0.9334927596276981,0.9458598726114653,0.900220435878943,0.8739896442647095,0.893874003041377,0.9304312867192419,0.9378040766465512,0.9334927596276981,0.8068927917851014,0.9475597985845114,0.9338613756314728,0.9475597985845114,0.9568599156354454,0.9711093465704743,0.9509337844381883,0.9610996995613952,0.9371729782453183,0.9281021453402317,0.9400706025742573,0.9199893491338638,0.9475597985845114,0.801691693817232,0.955762005041495,0.9163943184927277,0.8946898694254274,0.9125111785873639,0.9529545363721539,0.9225701399051969,0.672971808894941,0.918300369479605,0.8894031717904969,0.8431704890143148,0.918300369479605,0.919989349133864,0.9529545363721539,0.8816859778305948,0.918300369479605,0.9610996995613952,0.9784534179462063,0.9190874378408649,0.8816859778305948,0.9458598726114651,0.9885587804861204,0.9829392900173883,0.958454422755221,0.9125111785873636,0.9111150293377235,0.9524187417251317,0.9278966962971924,0.7440989134507305,0.7406226036797152,0.9447808998670313,0.919989349133864,0.8984043359066813,0.9429971838022233,0.9895252930905241,0.9053437280773231,0.9278966962971924,0.9493053971730234,0.9511016704226434,0.9896261919016809,0.9971018943817556,0.9252037445446055,0.9721820378192461,0.9713507065305738,0.9529545363721539,0.9548710823073732,0.9376253858395402,0.9238799558250632,0.9557766854268046,0.9149644520716045,0.9225701399051967,0.9726352330389936,0.90671930509294,0.9212735133449719,0.9475597985845112,0.9753728101585559,0.9951598794226075,0.9100921482984174,0.8972654241994793,0.9774319815079453,0.9548710823073729,0.9979245843396389,0.9013472884958186,0.9292677720165115,0.9425805352069325,0.923879955825063,0.9200152252821037,0.9095880044260949,0.9714932980607038,0.937914277797153,0.897445952228192,0.9458598726114651,0.9864310500681475,0.9302719333857008,0.9511016704226434,0.9848910203339206,0.8827817928509321,0.9252037445446055,0.9511016704226434,0.8950004825334386,0.8897634772723555,0.8124792961076073,0.9442013463068035,0.9350839192327515,0.9731502467466953,0.9829392900173883,0.8995478568587885,0.9511016704226434,0.9931921107480989,0.9320645602494204,0.9548710823073732,0.8894031717904969,0.9693318146530953,0.9493053971730236,0.958931662684485,0.8816859778305948,0.9568599156354451,0.8227810174934072,0.9548710823073732
p59_G,0.9344457267600148,0.9200256376705418,0.7515783186539257,0.8943401105039527,0.8904561153277737,0.8954927753294003,0.9202745528953145,0.9171006467420112,0.7640965080240143,0.8896682568954877,0.8332042054706015,0.945904879998406,0.945904879998406,0.8069065519459742,0.830488708973971,0.8187560832059262,0.9035331210577763,0.8099750192678044,0.8841024249642828,0.8896682568954878,0.7721527027386216,0.8820463820882142,0.9485110385177798,0.92843760760392,0.8511402259456591,0.6586263979012221,0.8457402940353764,0.8507273060227901,0.9289368665380614,0.9107307843037149,0.6920052824592384,0.8736104662007036,0.8696886211206439,0.7401647047393793,0.8904561153277738,0.9966012441338498,0.8638069066950456,0.8414786365496391,0.8954927753294004,0.8300652029984736,0.775124496442544,0.9898358295255771,0.8954927753294003,0.8984065831574906,0.9230883978750235,0.649286621888211,0.8686326671635054,0.712073471388524,0.8062915690984294,0.8032612705870187,0.9082133906734641,0.7138241200560358,0.6344719168634507,0.6663569571567893,0.7917915640272957,0.8728916008334401,0.8026530697414007,0.6394614409405057,0.9404130573399171,0.9093762272332481,0.7495496958001726,0.9080422445286604,0.8341295003055758,0.829297561710024,0.878759344085582,0.9983245116137841,0.9774192396189841,0.9699722342167449,0.8724852266453977,0.9658991494762943,0.7816298672347343,0.9013861046986074,0.952849736761652,0.979955085735754,0.6394614409405057,0.8691027729459069,0.9857848720458375,0.9141564165985058,0.9225032903902051,0.8954927753294004,0.9141564165985058,0.9826395375590928,0.8405782952912813,0.8099750192678046,0.6394614409405057,0.7715485738634289,0.8536161261798889,0.9035399234938235,0.9501344156178242,0.6277740552271271,0.6394614409405057,0.7515783186539261,0.6297145143238718,0.7970039216090052,0.7041078187604555,0.857603047216581,0.7790521483111398,0.8057986788231707,0.8242004592161576,0.8558368762874637,0.8494787571360937,0.9020294315021224,0.859117285745659,0.934251658357691,0.7359197905627743,0.8841024249642824,0.7425574095970389,0.8591746297325917,0.9674246891075196,0.9441293668573514,0.83081942768848,0.8873780235023768,0.9093234780176629,0.748863705726081,0.9020294315021226,0.9552498412242687,0.997250881294925,0.9216020313541382,0.9781496244714993,0.8719708662403538,0.9216607243491473,0.7320545423102579,0.8252209280961138,0.9041583339342789,0.9484801703544814,0.9690711684228627,0.8638069066950456,0.6321835289712447,0.9154533753716585,0.7045482621298302,0.7719855790896892,0.9643835111434078,0.942816315146224,0.9781496244714993,0.8746367075465763,0.7150067813136589,0.9321048515712429,0.9428163151462243,0.908213390673464,0.6756528607103025,0.906329921453169,0.8896682568954875,0.9184874900106053,0.7692604180358559,0.772152702738621,0.7184489147306223,0.8935741931924129,0.9517348695739087,0.9797457258011706,0.8750954069139347,0.9682054761806351,0.7394287588496329,0.6745276594014673,0.8245257272644781,0.942816315146224,0.6231412173005064,0.9547406178963816,0.8828620257158916,0.8559920053780228,0.9982408383006672,0.8549011230291705,0.964383511143408,0.8674566432772476,0.9791100127950296,0.7860989438495034,0.7888626210814839,0.6622929025116226,0.829297561710024,0.9547159899124803,0.700600435042251,0.9817736690619319,0.8545503661181644,0.6354386815222886,0.7801063126782641,0.9784264911386897,0.9506666751759558,0.8841024249642825,0.8449105004427266,0.8209047503398821,0.9862027247159201,0.9532254612405754,0.7337271369422789,0.986631336982482,0.6277740552271274,0.0,0.8596165072859898,0.9912185434107881,0.9980065184745452,0.5836334761222556,0.8129793633441715,0.9093762272332482,0.8076885934511454,0.7970498520437135,0.9424738624411312,0.9388169348187638,0.6394614409405057,0.8961222571494827,0.9093762272332486,0.7302646683670315,0.6991640684171696,0.8349580658813329,0.7495800737341178,0.6394614409405057,0.7744729066364494,0.9497206087153551,0.9289368665380613,0.6394614409405057,0.520161696043165,0.7249518768252239,0.8632401944369199,0.6833889070857843,0.8301644070626621,0.8545503661181635,0.6394614409405057,0.7181596588629797,0.6394614409405002,0.9697869639846602,0.7376425662310496,0.7556294459923989,0.6394614409405057,0.8429491437538899,0.6394614409405057,0.9264623251890786,0.7229493269946641,0.8094841827285858,0.7671844624213064,0.868632667163505,0.9086088542017401,0.6756528607103023,0.8467627026932134,0.8820463820882144,0.9476227217700822,0.6723336828567057,0.9013912632842744,0.9082133906734637,0.6470294740376682,0.8236565323107639,0.8040159261379195,0.8039016216432708,0.7657591062160138,0.7045482621298291,0.8746367075465765,0.7320545423102578,0.9982985655310588,0.6394614409405057,0.9558589400840245,0.6394614409405057,0.9423804895634943,0.9893975174392511,0.9187719869627351,0.8087450518895547,0.8951642011976406,0.896122257149483,0.822279729640828,0.877059523795205,0.7895576320113761,0.9141564165985063,0.7375663363625673,0.8686326671635054,0.7223567527563477,0.8086065944485736,0.7547839811682974,0.6277740552271271,0.7616469542327662,0.8046425333208371,0.8954927753294004,0.9138533923136984,0.8330590886552446,0.6460346180038472,0.8449105004427266,0.7796127738015537,0.8495661380172144,0.841177314128386,0.8298904677599335,0.8628320447285661,0.8841024249642824,0.8743437835735148,0.7738382965254189,0.9424085528590771,0.8003749750204702,0.8841024249642824,0.8814780327751592,0.9911054701929702,0.9147187142537467,0.8254840109731727,0.8287649415854685,0.868632667163505,0.8877593061414037,0.8821123005234168,0.9093762272332482,0.8686326671635054,0.897589982466173,0.7524107767652677,0.8841024249642826,0.8335781913153139,0.6197950373520733,0.7986011163078603,0.927234056734785,0.9283995430864389,0.8591172857456589,0.8776124707985626,0.8500946683680415,0.9082133906734638,0.9248779675805581,0.825484010973172,0.9309867468047908,0.8300652029984738,0.6955983377409656,0.8715561254217059,0.8071569128822291,0.9605068342933856,0.8797009836652434,0.7072152109595107,0.8914619441624181,0.7569964888030927,0.9532573045342176,0.9875129768195836,0.8896682568954879,0.8381364341119781,0.8465722145714896,0.8848811890904268,0.9309867468047905,0.6394614409405057,0.7457573645989317,0.9928012683575715,0.8099750192678042,0.8841024249642824,0.914718714253747,0.9154533753716586,0.6394614409405057,0.9807367151933887,0.703401904747305,0.9805219509574512,0.8697115243040061,0.7175740528899373,0.8174887035560278,0.8495661380172146,0.8893007595510349,0.6790284834099309,0.9807367151933889,0.8482115331693054,0.6446015324088218,0.9020294315021226,0.634739989452219,0.5735917007179355,0.8042294255476787,0.7576717300606566,0.8978651018153521,0.896761668219475,0.8170514910545459,0.8628320447285662,0.8746367075465767,0.6277740552271271,0.8729435428235557,0.9150576208036644,0.9954374007524756,0.8917899042796873,0.5936238223124871,0.6394614409405057,0.8900863084612409,0.9157242877941183,0.8422363543836026,0.9591848568689005,0.913988694891644,0.9166956291133694,0.6394614409405057,0.6394614409405057,0.884651190200993,0.9193968278489302,0.7737417547664224,0.6394614409405002,0.9925259141767915,0.859117285745659,0.952651162019584,0.7504935882619679,0.9497206087153549,0.952849736761652,0.788498121206821,0.9877813787809729,0.6329656935695133,0.8358333528805901,0.6394614409405057,0.8170440752432142,0.7888626210814835,0.8935066289262894,0.7514700913082328,0.810638260953988,0.9795267590556507,0.8686326671635053,0.9306110780213781,0.6394614409405057,0.667663562103858,0.9790563865322041,0.8374446552814678,0.6684050916934894,0.877670289669457,0.6997513690431852,0.8696886211206439,0.6394614409405057,0.9875539756042884,0.6183446909143133,0.6394614409405057,0.879399782585673,0.9440320703887617,0.7050080166348036,0.6110648235117135,0.9113199562769403,0.6394614409405057,0.9128236050911189,0.9699722342167452,0.941443805073592,0.9282234504455538,0.9776331208409292,0.7807354998404885,0.7151002604461738,0.7649143632380797,0.9020294315021227,0.9235206156095963,0.8632401944369201,0.8976368706054967,0.90921244921361,0.8549890227739801,0.7658369642717302,0.771681037964663,0.8736104662007034,0.8341295003055755,0.6394614409405057,0.9283995430864387,0.7637170647468365,0.9325634596799819,0.9681245573504424,0.9240974349517947,0.6163713018450958,0.9499753698845639,0.9746163410327684,0.6163713018450958,0.887172346222538,0.859117285745659,0.8869529065822133,0.7452347876259061,0.7890705543848476,0.9966012441338499,0.8772586458777454,0.835451475606497,0.8924511439923639,0.8721997866493552,0.9287428669392519,0.9084801312614039,0.8896682568954878,0.8101898975802594,0.9125919909640965,0.9210963191031538,0.6951490767926654,0.9084801312614039,0.9333140750953339,0.9020294315021227,0.9013912632842749,0.9918167575124653,0.866497838755875,0.9424085528590771,0.7734332929951226,0.7350506685139087,0.6471345731696272,0.9314806880612605,0.8510636187157523,0.7550851666456221,0.8652955708526235,0.967814213070376,0.8167766023598498,0.8069065519459743,0.917424582998468,0.6699327021400974,0.5903051425483314,0.8429869500177809,0.9867768402237961,0.8327357183954329,0.9077830586576732,0.9787586045478252,0.8686326671635052,0.8446638977563306,0.9214507760687709,0.89663942920041,0.9720678656425479,0.959101637743994,0.9072558853463562,0.8694133671700623,0.8787593440855819,0.8605708309177826,0.8457402940353763,0.9035331210577763,0.9879778359082556,0.9216020313541382,0.7919815607102554,0.6828272794392536,0.8384290189930361,0.8545503661181639,0.9154533753716584,0.5348942754611259,0.8570916803273886,0.6630206762742252,0.7067221976631783,0.6394614409405057,0.8787593440855821,0.6394614409405057,0.6394614409405057,0.8833638413574663,0.7716810379646633,0.838136434111978,0.6394614409405057,0.6288298584318901,0.8688682777937067,0.7045482621298294,0.7384591172509335,0.8333363569474099,0.8013221029707227,0.8263066325174422,0.7896184628530598,0.7891084830912483,0.8414786365496392,0.7854599502530399,0.6897282138964358,0.6863910530096544,0.5804943316424755,0.7033471544304071,0.7919815607102549,0.9825285594046644,0.8797354478006449,0.725575914903819,0.8787593440855817,0.747233530298249,0.8686326671635054,0.7603818162347699,0.9593511228726479,0.9898358295255769,0.999385206430063,0.9555682461231854,0.8327784007011548,0.7306229718983133,0.9497406256576537,0.8377895849605925,0.9977802754820255,0.5892786344479961,0.863806906695046,0.8424738283325159,0.8022583490306066,0.7125887995137107,0.7457573645989346,0.9005680461073314,0.923088397875024,0.9935003619825624,0.6939535459036312,0.9627406061213513,0.8666192865728202,0.9092258310688717,0.9781496244714993,0.6382074673774416,0.8772586458777454,0.8819742835369297,0.7126302025984885,0.8820463820882143,0.9525369059360133,0.8534657138294351,0.6394614409405057,0.8736104662007034,0.8193277076235788,0.6708002705226188,0.7204649399106322,0.9877813787809728,0.9424198756037343,0.7955004339598503,0.7557808528186355,0.9230739545616382,0.9035399234938235,0.9289368665380613,0.7648361440150777,0.9779073018976214,0.9208629527114212,0.6163713018450958,0.869688621120644,0.732991101639404,0.9281866733530676,0.8424726734166375,0.916142416859745,0.6678329499345153,0.774927729037803,0.8937893395260226,0.922476206341707,0.7119390513145825,0.7505743134510098,0.8144169153550606,0.9289368665380614,0.8511402259456595,0.9099856401238942,0.7518484079744694,0.9702564033688809,0.6210151879627448,0.6277740552271271,0.7181177087150807,0.616062742313557,0.9368211999004498,0.874298931947047,0.9977802754820253,0.8132455256424225,0.9538351142583001,0.8873780235023768,0.9063617427904616,0.791981560710255,0.9807367151933889,0.8159511698593545,0.8332042054706008,0.8713860922411085,0.9082133906734636,0.9368211999004499,0.6394614409405057,0.8666743630839715,0.7947063488594974,0.8685067117762939,0.7782415422524411,0.6394614409405002,0.879310204933794,0.7348958500910177,0.9286959978682231,0.8433592138221095,0.7704525153185489,0.7860336199426543,0.7756488821518901,0.6619732021002116,0.8221273223112767,0.9766703826224818,0.7573579713290128,0.7996543706774986,0.8787593440855817,0.7486024337275978,0.8026530697414007,0.9309867468047908,0.8261685998760951,0.9368211999004498,0.9144092287610687,0.8797354478006449,0.9368211999004499,0.8373021566360082,0.943130131925479,0.8591172857456589,0.8373158316434794,0.8281297421527329,0.9216020313541385,0.9841885663437668,0.8556126329150247,0.6337325038714158,0.8842039336697045,0.6277740552271271,0.9187719869627349,0.6052278492518248,0.6277740552271271,0.6277740552271271,0.5082303311076244,0.6394614409405057,0.8941919843638235,0.6847712367512152,0.6394614409405057,0.8174887035560277,0.960634385769578,0.959101637743994,0.9020294315021227,0.7616469542327662,0.7484088878517086,0.6277740552271271,0.5695029646420438,0.9166887451792665,0.9485110385177798,0.8702390359716825,0.6394614409405057,0.8380026352056635,0.9020294315021224,0.8674566432772475,0.7358483663442605,0.7457021111721929,0.8841024249642825,0.9930683085127945,0.8511402259456596,0.8261685998760955,0.8896667955588831,0.9531337744920034,0.6841446474344357,0.8463973528488049,0.9612295381968934,0.85038802320979,0.8871723462225382,0.9591016377439943,0.8300652029984741,0.8686326671635054,0.8570916803273887,0.8659205911260863,0.6394614409405057,0.9531337744920034,0.771590547181128,0.9289368665380613,0.7200496185295444,0.9035331210577765,0.9681245573504426,0.9600814891984106,0.6163713018450958,0.6897596467586881,0.8572588203299722,0.6394614409405057,0.6394614409405057,0.6728678030669812,0.8940348735847977,0.8040159261379184,0.7605434440724019,0.9824599469867747,0.7481655087274992,0.7125887995137103,0.9190617986018819,0.8382635647135586,0.9716948344857765,0.6394614409405057,0.7302646683670311,0.8736104662007034,0.8954927753294004,0.6297145143238717,0.8841024249642824,0.7679685350900336,0.6394614409405057,0.6394614409405057,0.8741783301969559,0.8904561153277738,0.9052366191036543,0.9084801312614039,0.6479704819745791,0.775124496442544,0.6933926688273147,0.917894800375068,0.9660781019933502,0.6879434760312768,0.6394614409405002,0.8057649851807006,0.942362004647991,0.9284376076039201,0.8534003303067275,0.7461402426669062,0.9190275785636594,0.9145629913807993,0.7715485738634289,0.8961222571494832,0.8634679678322938,0.6394614409405057,0.826949775806781,0.7923970497529258,0.8276063582626021,0.7726970865399999,0.932137761611758,0.7766549318695013,0.8301644070626623,0.7271062332698188,0.8787593440855819,0.9938403525090029,0.8985891726700157,0.6630206762742232,0.9289368665380613,0.9817736690619318,0.7793988030900802,0.8622757421037859,0.908213390673464,0.6582255598538747,0.930549452559617,0.943130131925479,0.9281866733530676,0.7649977334667712,0.8954927753294004,0.8881807943883817,0.8954927753294003,0.7738798281022032,0.7301312695908244,0.7737947728294312,0.7930648132661495,0.9841885663437668,0.9289368665380612,0.8556126329150245,0.8556126329150244,0.8434687929604527,0.9261085902626541,0.9154533753716585,0.7759157437063646,0.5613304511326997,0.8638069066950451,0.7745514879625607,0.6863910530096526,0.7702283202394953,0.6577938601258426,0.6394614409405057,0.7171230173651979,0.9531337744920035,0.747585242133767,0.8896682568954877,0.9652786001311677,0.6078799896499425,0.7485901815643404,0.6394614409405057,0.6998290430798879,0.6382074673774415,0.9326715978378728,0.8996343984415966,0.8825880703264075,0.9033079017470323,0.8736104662007034,0.7329911016394042,0.9680536007153671,0.8996343984415969,0.7497297611326099,0.8213256187370719,0.8947091342257192,0.8954927753294003,0.9485110385177798,0.8904561153277738,0.9509816976817879,0.9321984580010818,0.8077704979795317,0.7342049704427396,0.6111638418310168,0.9844726040741183,0.6277740552271271,0.8087110721608717,0.735519626680821,0.9698731426644571,0.8262882730426162,0.7955049335705995,0.6394614409405057,0.8188230184797896,0.7421906822733864,0.8287649415854685,0.6394614409405057,0.9884295700492649,0.9328414868823205,0.8841024249642824,0.7462439540085217,0.6582255598538747,0.8916577382561125,0.9243256893167102,0.7504935882619677,0.986631336982482,0.9190156345805746,0.8721997866493552,0.6316609556295067,0.6394614409405057,0.9471679115642428,0.6394614409405057,0.9216020313541382,0.7627570000355064,0.7912861179428936,0.8954927753294004,0.9319709104906759,0.7361717498289926,0.7756695807478773,0.8506233312249635,0.6394614409405057,0.988128727526795,0.8752807597957302,0.8485141096901408,0.9490290432238879,0.8473735649975929,0.8495661380172146,0.8490527649728692,0.9877593789313244,0.5512474062112496,0.898392684445513,0.6064703958020308,0.5512474062112496,0.9963679412985733,0.8736104662007036,0.7986011163078605,0.5512474062112496,0.8954927753294004,0.8582839813433468,0.9746163410327684,0.7653278293090592,0.8850018707449109,0.8549185404483219,0.8424726734166378,0.8177304152369682,0.8261685998760956,0.999385206430063,0.6526737043752939,0.8538388368985182,0.9931921107480988,0.9857848720458375,0.593032055858951,0.7850481623064796,0.8003749750204701,0.8154304682460658,0.8091933776949314,0.7842162274851666,0.8300652029984741,0.8638069066950453,0.9354261958407397,0.7963880119695603,0.8280006323054551,0.8913387521486207,0.8451977989237242,0.7666470623240458,0.8736104662007036,0.878759344085582,0.892718554299279,0.7041078187604572,0.9208629527114213,0.9174879050899067,0.983664892841698,0.9532535034055423,0.9029788216447513,0.7022786646083345,0.9531337744920034,0.8306823524805078,0.7419338367119819,0.7584589334404308,0.8394118502380741,0.9758551470586697,0.8787593440855819,0.9857310355140037,0.882823228609237,0.6344719168634507,0.8746367075465764,0.9547159899124803,0.9540101772200547,0.7773374842622351,0.9804660936366352,0.8332042054706015,0.7853491506544024,0.8545503661181636,0.824410520651516,0.8712143505561336,0.9020294315021223,0.9284376076039204,0.879968758975493,0.6703221922148661,0.9977802754820255,0.7537710471396776,0.9242922717708126,0.7755877139842022,0.8797354478006448,0.9093762272332483,0.8898939478110228,0.9923764925802971,0.7301312695908251,0.8686326671635053,0.9122164995030275,0.8424726734166377,0.9147187142537467,0.8463844038549944,0.9364924822911954,0.8961222571494831,0.8896682568954877,0.8187560832059257,0.8841024249642824,0.8558368762874637,0.8787593440855817
p60_L,0.8350111788117118,0.7615685504314977,0.8194698844728214,0.9647606076969688,0.8846909396641922,0.8235946662810771,0.9193510385483888,0.9616218933824654,0.7232158926887489,0.8855324042412522,0.6682707041914178,0.8490980979184486,0.8490980979184486,0.577387361679514,0.9290078536910246,0.7521278677224779,0.9608919374786331,0.9117718772943123,0.8617997030267446,0.8051714798718451,0.9744797882826632,0.6567160832080354,0.9599747589515445,0.8905177901464343,0.6709524937236337,0.8028518170159549,0.6763915266089096,0.779856447842131,0.805171479871845,0.667152685688496,0.8504502276742942,0.902941079165362,0.8633105822387181,0.9117575636016018,0.9155456680159726,0.8987200406362263,0.7276882348418336,0.6923019675072906,0.8915752582995886,0.6158098410031307,0.9949510511674056,0.806723003724291,0.9729552798479701,0.8675067612269436,0.8470917731307437,0.8402086326706729,0.7088403617432,0.713653372357546,0.5924034462621115,0.6886457615829866,0.902941079165362,0.8022041069594693,0.8266331758234327,0.831203328788449,0.8910847978795919,0.9566136442322537,0.8589769334997016,0.8538362113124116,0.8493916946263871,0.7761468133240331,0.7296610870173426,0.8864638672964892,0.9693213286682993,0.728269870807484,0.8071503904964287,0.6995654043774087,0.8926485106781255,0.6729904740957695,0.9607646844797992,0.8248793654172634,0.5463745272242502,0.9160622641764617,0.9610354185769059,0.5286703566311084,0.8538362113124116,0.8820219562000351,0.9008518050676435,0.8808086125633339,0.7505130975148786,0.7422146447326956,0.9332207176112413,0.8695783984998033,0.853865698021388,0.8028518170159558,0.8538362113124116,0.49806385314529755,0.8388940115651083,0.7052737945400054,0.9181572103024287,0.8490980979184488,0.8538362113124116,0.39543164831403566,0.7411792820718505,0.6696813869118332,0.8774095577846084,0.7673839470455576,0.3958941733011432,0.9579166704818038,0.5631496644909326,0.5597398989642328,0.7206698667986677,0.7417212352549706,0.7450523201144434,0.527894625732128,0.7589874322112717,0.7141183525888184,0.4589436578185725,0.5631801366954945,0.8186692280313934,0.5214548023849925,0.4642877577120711,0.8547865953907363,0.752852500896664,0.610099319967732,0.7088403617432,0.720840322489068,0.924459798743519,0.8797579337068848,0.9863547093778392,0.6355903389267801,0.9659252128290119,0.4944081502336911,0.6199146658991364,0.9507506773867153,0.8879905184868349,0.4290124652449441,0.7276882348418334,0.9119180248799313,0.8510908001067999,0.9570313873101008,0.633863344533484,0.863708282603777,0.8585801089853736,0.8915752582995886,0.7332916087828544,0.7643174114623807,0.8426015599507428,0.9948537157563817,0.7563749039071174,0.844475375621738,0.7598886286658153,0.7278474509001187,0.5494099668122943,0.6764670697186472,0.5120635598906906,0.7427482619370736,0.8282857111583151,0.5455649306421169,0.79903029047136,0.649673136629132,0.8824955088435709,0.7296610870173428,0.5978249861959283,0.7222212283498353,0.8245117072926216,0.79903029047136,0.48935943744347976,0.949003176525162,0.8957396596303051,0.641825016285745,0.7247261685113984,0.9952317766508609,0.8203823300136894,0.5643766752856123,0.9978288983914337,0.509538076607878,0.7636967042660898,0.77392525918733,0.8550158291017749,0.7108817409339427,0.8356361923578172,0.7911285797118497,0.7952553997477141,0.7081184224991155,0.9852851011649295,0.7661224739108724,0.8248793654172627,0.888432114565133,0.7260211033360455,0.9149622619763225,0.960484795377373,0.8959715849760754,0.9566136442322537,0.8790792081159235,0.8596165072859898,0.0,0.5915632318035646,0.7168278004797095,0.8312033287884484,0.674476812893567,0.9028411927070046,0.7782072129288597,0.7087879783916209,0.5808102589093203,0.8976517817987358,0.8538362113124116,0.8587016255621231,0.8053297218666661,0.7494737554828867,0.8477906901433105,0.7395303499220409,0.8790792081159235,0.8538362113124116,0.8915741376462935,0.5940777865724503,0.9241944187271152,0.8538362113124116,0.9357607591823367,0.7963239206394062,0.7885749860370947,0.7494481265130133,0.8300522232165486,0.701185249119425,0.8538362113124116,0.8625784544199279,0.8538362113124117,0.8753661480023016,0.8903483187188035,0.9172821129882267,0.8538362113124116,0.6878844094626952,0.8538362113124116,0.8644799054744252,0.8644662095931295,0.5095380766078779,0.9498405638348906,0.8074829822785129,0.5004343898262347,0.8444753756217378,0.6594449717219285,0.8488009683941944,0.674039503088383,0.6812467704026897,0.9947945115699592,0.9607853140636295,0.9593935604527493,0.8709950069515597,0.9200592494410145,0.8926628546203936,0.9023495793530408,0.7561470539717319,0.8399577749125604,0.37975058774876147,0.9028411927070046,0.8538362113124116,0.8473159135371673,0.8538362113124116,0.568588604248403,0.5005809126762997,0.902941079165362,0.9050948658335487,0.5004343898262348,0.8587016255621231,0.77264667037425,0.7475092354603796,0.47191410449618765,0.9605103282028015,0.6599417798364002,0.8637082826037772,0.4301783822427183,0.7232042545587734,0.5800655951748568,0.8790792081159235,0.9841698601183979,0.6952787585239739,0.8915752582995886,0.6865827664794479,0.8250149846477193,0.8309008895017893,0.7198066804147181,0.346554740843783,0.8688726774726101,0.7213335847487357,0.7761413809245897,0.8641910973302827,0.7141183525888184,0.548937835335555,0.9317039007174432,0.8203823300136894,0.7237517260359425,0.7141183525888184,0.7030036847192023,0.5325320172906631,0.984169860118398,0.9368072883674841,0.5989080975693721,0.6759594882314288,0.9636870144458617,0.4983395449672585,0.7761468133240332,0.8965891561155481,0.971887349837368,0.4209282266100409,0.7141183525888191,0.6067897040117665,0.6987599669469879,0.9814429926923398,0.8822781605365998,0.9725607158551891,0.6524881350591021,0.8264673936723144,0.6302322706108685,0.7904433055998696,0.5510280990515388,0.7955969082806467,0.971887349837368,0.9903121568594568,0.9625835701264143,0.6676404251400212,0.7394497086294891,0.7649295012684161,0.638593129095155,0.6680472974590124,0.6240744962353271,0.46956886061368586,0.9211575233294337,0.8698594133290438,0.8824955088435708,0.797613118509146,0.7963239206394055,0.7631466073566207,0.8965891561155479,0.8538362113124116,0.8688726774726097,0.6980382370637894,0.6501769304120586,0.7141183525888184,0.9450223520328145,0.79112857971185,0.8538362113124116,0.8240659771971253,0.879757933706885,0.7829046555068865,0.8710824623312772,0.8542360728177372,0.6727941245553479,0.902941079165362,0.5619937701280036,0.6128296596722864,0.7219903215481309,0.8355363665978439,0.5865103460078961,0.8965891561155481,0.8494798526253335,0.6673044192027529,0.831203328788449,0.8006736532968208,0.9729552798479701,0.49766464567162805,0.5900207485882509,0.4935559648382506,0.6479414855219373,0.8790792081159238,0.9289765327165939,0.5926860609350608,0.551921219899765,0.4750040069950201,0.5323515776332923,0.8538362113124116,0.6373828501357617,0.804037778099721,0.6000085769871311,0.703328079249704,0.9241944187271149,0.6257789007819952,0.8538362113124116,0.8538362113124116,0.79903029047136,0.7415463327687861,0.4778321226331521,0.8538362113124117,0.7665094653859827,0.7450523201144434,0.5558666257896552,0.9846434276467262,0.6206128418987107,0.9918901469286862,0.543688010629078,0.7087669198814848,0.6122541492489324,0.5729951572326013,0.8538362113124116,0.9730071919383912,0.5298410901950203,0.44996612562525984,0.4709431664615522,0.5436880106290778,0.5507344975274162,0.9294700296273191,0.5063088588519236,0.8538362113124116,0.5184244975665335,0.816646442064402,0.8596165072859894,0.8558529664429817,0.8905177901464345,0.6722243097326541,0.6645277518664159,0.8538362113124116,0.8925560297391986,0.6919028551201509,0.8538362113124116,0.9578525511332963,0.901480628438444,0.905258668839168,0.5461558639734108,0.47093664164709703,0.8538362113124116,0.6562810381441313,0.7459089280665996,0.948765966194004,0.7060951285522092,0.7621284171584961,0.7704953578447549,0.7551291878079858,0.5852126316950856,0.7088403617432,0.7955969082806464,0.6897540687082335,0.8097098653367368,0.6341628813003246,0.6179329445292545,0.8662945266706268,0.8396720495620451,0.6882381005216132,0.6739582892195362,0.8538362113124116,0.9535986089258481,0.868118299838355,0.8253474341977849,0.9332207176112413,0.6179090476942857,0.8736582841643712,0.9137287275277557,0.9504013869320107,0.8444753756217382,0.8276741354703556,0.6524881350591024,0.9397974943297969,0.903257544164847,0.6352187045099622,0.8797579337068855,0.6148243119240591,0.9241944187271152,0.9397974943297969,0.8848423121441408,0.854206859556909,0.8649194299018331,0.7665094653859831,0.9363785157808484,0.820462475016416,0.9212390611509298,0.927612432611781,0.900851805067644,0.9344540787512918,0.906125602813826,0.7872021416490651,0.7383677684726739,0.9606393327501304,0.7957842957706323,0.8527210883087808,0.9870775667492907,0.7841838626946305,0.42338529383674817,0.5838057023269871,0.6452535566090501,0.9608919374786332,0.77520643055042,0.6064150863488575,0.9061149769638797,0.8352451905835128,0.8647161984978466,0.53698339455244,0.9597879561577307,0.8646295932842698,0.8598432248265697,0.661288379346996,0.517790510699708,0.7417212352549709,0.8919716716903021,0.9401376954028238,0.764907347081026,0.9238360697380932,0.9166782713163664,0.680755284873193,0.8073764677074466,0.8425542844208227,0.8140832804150168,0.6763915266089096,0.8470917731307439,0.9370094808581142,0.8797579337068848,0.5973300641618424,0.6405966217515804,0.906874141867771,0.7311663593168997,0.9710152408967008,0.6687370637905921,0.8644662095931297,0.8399577749125604,0.5995018548824191,0.8538362113124116,0.7363426026476416,0.8538362113124116,0.8538362113124116,0.491985531546137,0.8146279006262442,0.6730576965566089,0.8538362113124116,0.5858223520813224,0.5470324312395858,0.9570313873101006,0.5997974226685945,0.9628303702275511,0.688796744574309,0.7085404648301097,0.9018734154650527,0.5533522836439606,0.8355363665978435,0.7391645273726637,0.8742145641840271,0.7629849328788401,0.7318214071545567,0.6146557109191055,0.5752412758352887,0.9744074448022153,0.8736582841643716,0.546609613687888,0.8425542844208227,0.44595094141089464,0.7088403617432,0.5878491566983026,0.9008518050676437,0.8547865953907365,0.9148044963694493,0.6498640485266933,0.521889876918329,0.7296610870173428,0.8146279006262442,0.9990482437586942,0.8637082826037772,0.8227755500574698,0.7595043994261451,0.7501816385961712,0.6324149000191799,0.8298868041526303,0.9370094808581142,0.8701938873820292,0.8399577749125609,0.881334168044408,0.6137327195414171,0.7311663593169,0.5690901468366261,0.8102283717361076,0.7829046555068864,0.5415847070265709,0.6148243119240588,0.7200150757054353,0.48350011611074795,0.7868431748916589,0.8080836985441049,0.8706823872698599,0.8538362113124116,0.6882381005216132,0.9016745293649866,0.9155456680159728,0.9546827865676109,0.8488009683941939,0.8736582841643716,0.6523221398758849,0.4929413816507433,0.734577418529333,0.46459688498262497,0.8855324042412527,0.3849249975402994,0.9332207176112415,0.6459422378435458,0.8736582841643712,0.9700441239160356,0.869339008235009,0.7014652460146704,0.7219901930414616,0.9955998823568819,0.8625214522265598,0.6313371716266288,0.6216270888331823,0.7768538815170563,0.5692709945361865,0.6730622774013109,0.8062726510211846,0.8824955088435709,0.8495848911093742,0.8905177901464345,0.778457123330515,0.9200592494410142,0.6917393337250473,0.8490980979184488,0.45615610800513506,0.5443634330111646,0.9456646986036489,0.7314149180013134,0.96235090313909,0.703328079249704,0.6922651988921613,0.8550787752792877,0.9403015867395611,0.5973300641618429,0.8441881419436421,0.7426430157480828,0.8269517634252832,0.9090603183133987,0.7223065022143652,0.8235946662810771,0.8538362113124116,0.8702390896174228,0.9211949695305481,0.8198295945622971,0.558004401537493,0.8538362113124117,0.6965470946818095,0.6042593850934268,0.7296610870173428,0.8786776641375343,0.9285057457905513,0.6159315311166046,0.6901400094328065,0.7546002179662679,0.9959512632568182,0.7858456424435595,0.5846060464278675,0.8592811702357521,0.7363426026476418,0.44343656140032595,0.8128745779326901,0.939006476325597,0.6010230793454856,0.7829046555068864,0.8142384684102786,0.6885980876961344,0.7829046555068867,0.8583518701737862,0.8359257557161957,0.7450523201144433,0.8770957765048748,0.9767193580611309,0.8797579337068853,0.8538362113124123,0.8748263867309192,0.5719085543941042,0.5376795228174651,0.8790792081159238,0.9370094808581142,0.9253078981734775,0.8790792081159238,0.8490980979184488,0.8079613786411539,0.8538362113124116,0.8399577749125604,0.845672039243455,0.8538362113124116,0.5990000218261768,0.7412769977552014,0.9535986089258479,0.7088403617432,0.8742145641840269,0.8587016255621234,0.8490980979184486,0.5359664951699767,0.6062389341779695,0.814627900626244,0.5705513940574716,0.8538362113124116,0.5905028502662969,0.8403638557902837,0.9828333960418545,0.6052971024482003,0.467527702891939,0.7510386901982995,0.7913205640104563,0.8441881419436421,0.8822611460192039,0.8495848911093743,0.745052320114443,0.7963239206394057,0.6526528620832346,0.7077740057946147,0.8718828910810839,0.907375851109823,0.9725607158551891,0.6626226304851723,0.675959488231429,0.5717086799166222,0.6159721614778493,0.8538362113124116,0.8993259618733452,0.9680967848066884,0.8855324042412525,0.671416153462729,0.7048415676958819,0.8808086125633339,0.5903614497845977,0.8736582841643712,0.6376489640201773,0.4729591933811612,0.8538362113124116,0.8538362113124116,0.7925288241671493,0.5343143650542612,0.5525515652560955,0.8493916946263873,0.6115950940900041,0.7621284171584962,0.7317657499384516,0.503832956614946,0.6855413949482501,0.5964236075569587,0.8538362113124116,0.9639631795143848,0.6882381005216132,0.8915752582995886,0.6722243097326539,0.7141183525888184,0.7071809392145787,0.8538362113124116,0.8538362113124116,0.5215619755241296,0.6524881350591021,0.5580674460959734,0.7087669198814854,0.6800148943295496,0.8882785790234369,0.9732371639010007,0.7028102777580175,0.5513703052348,0.5818272011233184,0.8538362113124117,0.5005809126763003,0.4886579528183117,0.6640559056732114,0.8797579337068848,0.7721048331489508,0.7029478690813646,0.8903909261178597,0.5391166983661788,0.8587016255621231,0.9921267813021608,0.8538362113124116,0.5286703566311082,0.6828016566392634,0.7460486161648117,0.546859187756171,0.8159550527595286,0.8312033287884495,0.7449108435862053,0.4058859595340285,0.9096184581084206,0.6522102635518816,0.6334249296293593,0.8968578570865051,0.9598195378152966,0.9491564487435968,0.8504145346309111,0.4752286405118167,0.902941079165362,0.8490980979184486,0.8308775237225459,0.8413577553147256,0.8621727126853664,0.9647451324244216,0.8915752582995888,0.5809346460116478,0.8915752582995888,0.8915752582995886,0.49799406332821083,0.7909308789931146,0.7707020507405313,0.8846909396641924,0.9628564332129779,0.6827415015447604,0.8227755500574692,0.33591896440965363,0.8355363665978444,0.8490980979184484,0.9105112886652424,0.7120192517236374,0.8587016255621229,0.766073745664055,0.7835113554892807,0.5597023521582094,0.654134183409881,0.8538362113124116,0.39543164831403543,0.9155456680159728,0.5277401482567994,0.8855324042412522,0.9276124326117807,0.8106471563404558,0.5103228414309324,0.8538362113124116,0.4512259455627705,0.5014359695135513,0.9433725012289743,0.45469685514794134,0.5149756487698809,0.4752286405118168,0.7223065022143652,0.5427276430427224,0.9945578747737678,0.6822063677217196,0.5813144457336801,0.6594449717219291,0.43506951385989123,0.7829046555068864,0.7345774185293328,0.7450523201144432,0.7278180589262772,0.9903121568594568,0.5501957043397545,0.9382450834169762,0.5238477233186914,0.8538362113124118,0.8790792081159238,0.6159721614778493,0.8657499941993055,0.6026203429806092,0.635270158620719,0.5800576644730424,0.8538362113124116,0.43116881066928125,0.8708995775627936,0.555866625789656,0.8538362113124116,0.5673695771031289,0.8311730457116626,0.7141183525888184,0.8396720495620453,0.8790792081159238,0.9301477059099397,0.8741958934383889,0.7173861150019928,0.8820281112832069,0.9035982276212493,0.8597981632083396,0.5282794082281201,0.8538362113124116,0.8142384684102786,0.8538362113124116,0.8797579337068848,0.5935696990455388,0.6671803365948556,0.8915752582995886,0.8326221004189414,0.8883316991173726,0.7818705769077043,0.5989080975693725,0.8538362113124116,0.793625203346617,0.6209069101991362,0.5674553605638561,0.8182179474273878,0.8565892206409162,0.902941079165362,0.7841838626946303,0.7805698443377236,0.9765073891121583,0.6917393337250473,0.5268821047716569,0.9765073891121583,0.9491564487435968,0.6882381005216135,0.9650633409087783,0.9765073891121583,0.8915752582995886,0.8404278008718795,0.9223339547307454,0.5926860609350606,0.7011852491194247,0.8023679780484716,0.6727941245553479,0.8921841149392045,0.8822611460192038,0.8647161984978469,0.7527645165813512,0.8224366852123806,0.8790792081159238,0.8227755500574694,0.8350135509909828,0.4913044181200812,0.9222557650142597,0.7557988755635836,0.843529212097883,0.9636846561567869,0.6392162357441514,0.8587016255621231,0.774602108766742,0.915331839458027,0.9444174839783775,0.9586205380315475,0.7087654451175565,0.8569349048589097,0.7563749039071174,0.700938708723248,0.9784248900667145,0.7878346430532739,0.690074083551433,0.906669891151924,0.5089749108556249,0.9087808855378823,0.8240659771971257,0.8677623791807161,0.7759070484662236,0.7109851051347642,0.7345057856790972,0.6600846710831281,0.749473755482887,0.796488463815566,0.7717464965720348,0.9429277774537723,0.8778665049602381,0.8266331758234324,0.7901916909567992,0.6075346825102174,0.7205890231153456,0.9848859850019493,0.7996249364060772,0.5885689885519507,0.9813201002739631,0.7311663593169,0.963133262713037,0.6815703646255971,0.807482982278513,0.7276882348418334,0.6732839158200903,0.79152436905446,0.9061256028138261,0.9721098833891935,0.666404147680596,0.7089580274522045,0.8053297218666662,0.6885980876961346,0.6416408516850145,0.8203823300136894,0.8071532409195599,0.971887349837368,0.5945959592536469,0.5744019875831201,0.7363426026476417,0.7258759280833642,0.7580750522807442,0.8231367285947668,0.8855324042412522,0.9650633409087783,0.8797579337068848,0.8440216677565298,0.7009387087232484
p60_M,0.911196595212618,0.836085054273805,0.6976503581176488,0.9577412106946848,0.6733758960809252,0.9359056217993147,0.7688145803348669,0.7533682389188696,0.34089079968219627,0.8888428923892238,0.8588531668491859,0.7823025559513979,0.6912437682764767,0.8052277919712965,0.8002095962533045,0.7626807570173311,0.9886006759818051,0.8085534893437154,0.9672517146179539,0.9279843845372737,0.8030837593174676,0.8279010131824396,0.8960532224624076,0.927209562910801,0.8755842366061313,0.5173103933453216,0.8445863152939237,0.5140744261022736,0.9279843845372737,0.6937104209128684,0.5834181746480529,0.7479350083158044,0.8965301079123318,0.5963017978659946,0.7358506596736519,0.92061363922904,0.8949988213646449,0.8402927774016273,0.8947109826062527,0.8048424841938349,0.7728616379373332,0.9102236564997472,0.8993158214284374,0.5857304750009115,0.9021920595690764,0.6458870474463094,0.8676499406085267,0.5346405698761151,0.8759325110447236,0.5124430448849773,0.9416467981218897,0.5941978563413057,0.5413866832492846,0.8910555173288921,0.9246487731676827,0.8245138194603565,0.8711879261366298,0.8580633769736241,0.6607048255542147,0.8489732636249692,0.394709548741929,0.6480809856387677,0.9530112287674923,0.718863937786931,0.9853812680091014,0.42645805899103884,0.9071558877260779,0.8857642779700714,0.9463086202290989,0.8832354238447044,0.7799962942326113,0.8048424841938353,0.8893007587699873,0.36126746041430635,0.8580633769736241,0.6827327883788252,0.8542491929403544,0.8588531668491859,0.541652432541466,0.8947109826062525,0.91264660585082,0.8659295687789172,0.7939706232398647,0.9506836116166558,0.8580633769736241,0.7698395851967672,0.9332937322141,0.6389242327641067,0.9645345559063636,0.8534622933489195,0.8580633769736241,0.7663378882913325,0.7236277859169606,0.6253394089596425,0.8166420739405311,0.9032578277105614,0.7425579644381803,0.6857040501172031,0.39051178693976896,0.3678102274967274,0.8711879261366295,0.9009385953642843,0.8580633769736241,0.8410988419068135,0.6696320265417055,0.8832354238447049,0.7786860480936779,0.3670752245526323,0.8660618256060988,0.44856617441531854,0.716677542933347,0.8123127184484016,0.33220654463385724,0.8244576899860117,0.8676499406085267,0.4120284536108715,0.8360850542738052,0.8832354238447049,0.8947109826062527,0.28229643594577536,0.9643587329168055,0.7460979684534164,0.8239134490485773,0.8127881547112792,0.8326297792476778,0.5003230529507283,0.8627880798184886,0.7622621853718117,0.8838152225738927,0.9462375531880256,0.36961201786349196,0.8676499406085263,0.8726649773302662,0.8169265430423132,0.9309949317066526,0.6395322070511258,0.9359197386692388,0.9071558877260779,0.8726649773302662,0.878518092076586,0.562406760740282,0.8888428923892235,0.39881848958374977,0.7350258698232104,0.7527781696602109,0.46789490459423,0.6772664602630438,0.30080597938694154,0.9470225378956119,0.4931524576706372,0.9279843845372735,0.45130591579458856,0.7451218603361915,0.9585425601890805,0.9071558877260779,0.5790439497651335,0.7767097955674056,0.8001722065934693,0.7182857500756907,0.7460979684534164,0.5693082518676676,0.9009385953642846,0.8410264752131607,0.7282885684001141,0.7127553819965817,0.8281717491405745,0.8775949467017348,0.7368631711703983,0.8619849753418638,0.6568419494252509,0.7834401607250983,0.8534622933489195,0.6620710071006375,0.7440365858997532,0.6893273518505844,0.8031604387997988,0.9579918546133752,0.9578951972515546,0.9041579275636535,0.7661048485936626,0.9900433994324624,0.6029791201982406,0.9878731928273126,0.8534622933489193,0.9912185434107881,0.5915632318035646,0.0,0.7250173514537919,0.8360850542738055,0.8089843972083204,0.9376077489798191,0.7677195120009637,0.5168689603416894,0.3785537819670237,0.8695376795734715,0.8580633769736241,0.9916310460031135,0.9966974058830518,0.9213901374658298,0.8500264468253331,0.49527116234155555,0.8838152225738929,0.8580633769736241,0.6481296176702154,0.3919858505427659,0.8888428923892238,0.8580633769736241,0.8910563632283977,0.4843106101795488,0.3501513131290639,0.5405587804601644,0.7904699463920908,0.9141681517988665,0.8580633769736241,0.7155927514006926,0.8580633769736241,0.5182385609865066,0.6629013223275475,0.6952493189599824,0.8580633769736241,0.6572205155599298,0.8580633769736241,0.6715992232814902,0.7075781627668929,0.7665073280695918,0.6849630575464474,0.9342272501200426,0.433265767311785,0.8785180920765858,0.8453437407159918,0.8279010131824402,0.81294131252081,0.5451241968781657,0.836247615082794,0.8726649773302664,0.7728616379373332,0.9298765722749415,0.7281124483054631,0.8724608163064325,0.7690365284957583,0.484310610179548,0.9886006759818053,0.7460979684534161,0.8260336234072487,0.8580633769736241,0.9220715098355057,0.8580633769736241,0.589758501465181,0.7631994628418879,0.9071558877260779,0.8895368177727607,0.433265767311785,0.9916310460031135,0.49532231969543583,0.8239134490485776,0.7697743593917872,0.8319564473483689,0.39740445613313025,0.9991954403684408,0.7194419257776319,0.906543417128479,0.6760799678506404,0.8534622933489195,0.9787757668872883,0.7306296198039466,0.8947109826062527,0.48462419479831065,0.9471159726670298,0.812312718448402,0.6630209160878836,0.7134606560183219,0.8726649773302659,0.6563204740715752,0.8117550548872057,0.4812426258441129,0.8832354238447049,0.33727068888572653,0.656352142257971,0.9157357559104304,0.9461294530347051,0.8832354238447049,0.9182729844290515,0.3728831185202086,0.9136953378018808,0.7336745587483309,0.8705906857098913,0.8676499406085263,0.7731975498548822,0.427137364689281,0.8489732636249694,0.8676499406085267,0.8676499406085261,0.4910257361256929,0.8832354238447044,0.5111500587088442,0.5811805998316809,0.6797668141977584,0.9514877279840439,0.9579918546133752,0.8580633769736241,0.8522358354277606,0.8489732636249694,0.9071558877260779,0.4039496333693843,0.7480894974903116,0.8676499406085261,0.8522358354277613,0.884060952528172,0.5248386860056509,0.943124291555468,0.7624128456494985,0.9177787235423283,0.8498775811824004,0.7137834655541311,0.7696504725891353,0.8888428923892235,0.47079519038790774,0.8888428923892238,0.9413310571293148,0.7690365284957595,0.7857213535762579,0.9326181308569238,0.8580633769736241,0.6789531875241799,0.7465238189296217,0.8807823590556036,0.8832354238447049,0.871246871576457,0.8534622933489193,0.8580633769736241,0.8239134490485776,0.8832354238447044,0.8947109826062527,0.8283798660100805,0.6166471823239045,0.9157357559104304,0.9071558877260779,0.5266689018772854,0.5775983272007592,0.8497488428273543,0.5973339174913367,0.6410252582820011,0.999195440368441,0.5963017978659948,0.6919359816111843,0.6691807782304134,0.6829220580206888,0.8947109826062525,0.44812592813941265,0.8572643034920979,0.4678414948954205,0.8445863152939239,0.8534622933489195,0.844554119240595,0.7626807570173311,0.37289118180046743,0.3684254714592641,0.5483944298698189,0.8580633769736241,0.23438057824402558,0.9153064922068845,0.8616328257185719,0.8737445187754225,0.9279843845372735,0.5563239717790187,0.8580633769736241,0.8580633769736241,0.8759325110447234,0.953913936486795,0.7255682233094296,0.8580633769736241,0.8888428923892235,0.951775522362714,0.8488030544636932,0.7127553819965815,0.4054179191185078,0.8580633769736241,0.8531213357940415,0.8279010131824396,0.5732146855977462,0.5048701764238765,0.8580633769736241,0.6679479850410683,0.8487265561642354,0.41808522913941804,0.4639770094968423,0.8089843972083204,0.7438622173917724,0.8676499406085265,0.3982298947292965,0.8580633769736241,0.487537333676501,0.8807823590556036,0.5738516733142669,0.943158724078073,0.8627880798184884,0.6119315675268682,0.8402927774016278,0.8580633769736241,0.8320700073838906,0.4764830789005927,0.8580633769736241,0.9923993791559332,0.5100768203831663,0.6157318558636371,0.5385043732879624,0.39043551107643715,0.8580633769736241,0.7990419926071024,0.5461795252118331,0.8778523726982703,0.71695298436836,0.6068328096995228,0.7646599171157186,0.45002196309497156,0.72734004686522,0.8676499406085267,0.9446617520204823,0.2334304288282918,0.845343740715992,0.3139369280958604,0.8202727339604421,0.6385926285244761,0.9721174450820314,0.8726649773302662,0.8807823590556036,0.8580633769736241,0.8832354238447047,0.7250173514537916,0.5410872389034278,0.8183861991410075,0.8205494341553725,0.8489732636249694,0.6123827340512222,0.8627880798184884,0.8489732636249694,0.8588531668491859,0.8580633769736241,0.918540748856435,0.7103028064326549,0.8240095457810823,0.9672517146179538,0.29198777876706583,0.8888428923892235,0.779121704340588,0.9214079633356154,0.597299119788185,0.8542491929403546,0.9279843845372735,0.6429293661790569,0.5962936541969177,0.938056713725544,0.9102236564997479,0.8279010131824407,0.728112448305462,0.9326181308569241,0.8152309266734903,0.8448585714712018,0.8340595471317583,0.8659295687789172,0.7771575274759837,0.8319564473483689,0.5163299890213116,0.666186827861968,0.5367028914895986,0.8278880460652591,0.8733891874315001,0.5639706795918384,0.7970545503486539,0.8243824768433313,0.9904450366077004,0.8706984815892005,0.5451073214534625,0.8588531668491859,0.6439981781278429,0.8161233816474041,0.8445497252179492,0.5307884142445533,0.9009385953642846,0.9267264288975028,0.6133120221912891,0.8321825453439602,0.8491544610098538,0.9298734992336184,0.7736420634114225,0.6154743401455038,0.9853812680091014,0.8692813631878964,0.8445863152939237,0.8733891874315005,0.9416467981218895,0.8832354238447049,0.790425426169032,0.5679338108814109,0.7965076305047352,0.8838152225738931,0.8838152225738931,0.5416524325414662,0.8547950538921114,0.9021920595690762,0.6726900936408955,0.8580633769736241,0.8778523726982708,0.8580633769736241,0.8580633769736241,0.32665344233343163,0.819988999842785,0.8362476150827938,0.8580633769736241,0.4590461096574281,0.3372007861084234,0.864887290811964,0.8227261474105547,0.6679479850410681,0.5523137504025153,0.8240095457810825,0.7465238189296226,0.2836693449676043,0.9527674384230347,0.9828722051522386,0.8778523726982708,0.5028258797526481,0.6688584591258095,0.36900487159883966,0.8351508832535264,0.8785205700448546,0.9966974058830522,0.8541953199704249,0.9495383029054911,0.7978344381853624,0.8676499406085267,0.92139013746583,0.959641911972015,0.9591791255254207,0.8199889998427838,0.3958392865023661,0.8089843972083202,0.4890368271630322,0.7996898870590973,0.9682667669011018,0.7661748570781326,0.9069455524561849,0.8949988213646447,0.9985405152033607,0.36283181084463745,0.6661868278619676,0.9071558877260781,0.7633439218790219,0.9021920595690769,0.6918211980118194,0.7595225899151794,0.8534622933489191,0.4850859906375584,0.7939706232398644,0.8947109826062525,0.5523137504025153,0.29198777876706594,0.7649351895537813,0.5724654840783157,0.8542491929403546,0.9879858140393711,0.6762223025535002,0.8580633769736241,0.8726649773302662,0.616848461220578,0.8580633769736241,0.7172443268810051,0.750528110690918,0.7669439665040152,0.8619849753418638,0.5840075129293452,0.9214079633356154,0.38172573914687624,0.888842892389224,0.5307884142445531,0.9528697966450939,0.6550750463176833,0.8489732636249694,0.9808861036783865,0.835584767239569,0.8038745940299183,0.8908326623446738,0.7490391378651182,0.49472132793937507,0.5251755051770879,0.8077140393115867,0.8572643034920979,0.4805366580536292,0.6722264683901984,0.9188591027817561,0.9279843845372737,0.9789258117212394,0.9761582124507303,0.5921020442123313,0.7011350623455896,0.7636663321919754,0.8534622933489195,0.484034313092892,0.5983556486906707,0.8947109826062527,0.8233541848380226,0.8327521665896487,0.9360874789226157,0.8076169421169139,0.812312718448402,0.8346350832909588,0.8351508832535264,0.8402264318273216,0.7872851736201958,0.8588531668491861,0.9445210810238398,0.9071558877260779,0.9359056217993147,0.8580633769736241,0.836247615082794,0.6848252182198769,0.4813835475780949,0.7978451729509497,0.8580633769736241,0.4565969888623661,0.6061570117538386,0.753153206742117,0.8488030544636933,0.7312206952770028,0.7663378882913323,0.6337517299544266,0.9407773732934024,0.8665410232336315,0.850672223889251,0.2824306479134543,0.728787331004553,0.8778523726982708,0.7465238189296217,0.8711879261366295,0.8676499406085263,0.8445497252179492,0.8947109826062525,0.9724884149924614,0.8489732636249694,0.8947109826062527,0.836085054273805,0.8011767661222196,0.8893007587699875,0.7155244236695046,0.6768057292119654,0.7803606376962772,0.954512332248196,0.882269009480494,0.5345662113093119,0.4309778779552783,0.8534622933489195,0.8726649773302662,0.8445863152939237,0.8534622933489195,0.8534622933489195,0.773197549854882,0.8580633769736241,0.8445863152939237,0.7406315451944613,0.8580633769736241,0.8161233816474038,0.8141213551846791,0.8551170684649472,0.8676499406085267,0.8778523726982705,0.8627880798184886,0.8534622933489195,0.5917678834232829,0.356584971720979,0.5968519600734349,0.6051449722711646,0.8580633769736241,0.7977132995432865,0.9675159048758009,0.8410264752131607,0.47381330223787155,0.7629944921097787,0.8832354238447047,0.8949988213646447,0.9177326131636528,0.992749750029928,0.8239134490485773,0.8580633769736241,0.7631994628418886,0.8660733942432564,0.9246017974225142,0.4733474846668062,0.9395433253516376,0.92061363922904,0.8996291866616861,0.8676499406085267,0.8547950538921119,0.28654989827181776,0.8580633769736241,0.8893007587699875,0.7035407375802083,0.8888428923892238,0.6030973729140294,0.8445863152939239,0.9395433253516374,0.3573591354728157,0.8489732636249694,0.48196767782393946,0.4483088065807016,0.8580633769736241,0.8580633769736241,0.8605583900544203,0.6538176494231531,0.7465238189296213,0.5658626347964775,0.21169090556336767,0.5521700605702746,0.5668488982647655,0.39902554129599777,0.8857459219869108,0.40475612786145576,0.8580633769736241,0.8669932082000242,0.8726649773302662,0.8947109826062527,0.6258935948256297,0.8832354238447049,0.4246885488585831,0.8580633769736241,0.8580633769736241,0.42571715980305935,0.8580633769736241,0.4427788516484401,0.8279010131824398,0.6744804370712587,0.718863937786931,0.8435452286945018,0.8088601047042672,0.46558233522697723,0.6408636604663629,0.8580633769736241,0.844549725217949,0.3588455331496041,0.8627880798184886,0.92061363922904,0.9161745569803685,0.6949166936484069,0.7501881738550045,0.8529635320596913,0.6540507969891671,0.6510384250779075,0.8580633769736241,0.3474029138471304,0.8321825453439604,0.5971651936413138,0.7540006996882742,0.6696044926918323,0.8890626304507616,0.5921314090006267,0.6649417436755904,0.7637179762656258,0.6436643755415086,0.4061059143352661,0.9021920595690762,0.8888428923892238,0.8025948455971328,0.9530112287674921,0.40475612786145565,0.9761377085177014,0.8534622933489195,0.4111741089269132,0.9654527004964142,0.8648872908119645,0.9951890442592237,0.7757319038492514,0.7835370284359029,0.8169265430423134,0.8947109826062527,0.8569920426745785,0.9257416650560208,0.3738564638029648,0.8608001868591055,0.9671258766853237,0.9069455524561849,0.6978317511750878,0.629167132005171,0.8684114426569804,0.6608908390515033,0.9878731928273126,0.635467776116076,0.8627880798184886,0.5003056191895574,0.8114015586282297,0.47266059769436586,0.5027739511679066,0.8580633769736241,0.7663378882913325,0.892037568655469,0.5397386048759288,0.8888428923892238,0.9836568600382574,0.5862023727744355,0.8484737416104384,0.8580633769736241,0.4629463160786329,0.5252159816145903,0.9655419430419439,0.3773243824744478,0.4999129260860644,0.40475612786145576,0.8726649773302662,0.3258142974631133,0.9009570379946709,0.8515353362631362,0.5689770723666421,0.8706984815891998,0.6474611637766459,0.8947109826062525,0.845343740715992,0.8893007587699875,0.7336745587483309,0.8759325110447234,0.24678979469811158,0.7281124483054628,0.5387783187296566,0.951775522362714,0.8534622933489195,0.31506206050206564,0.6722264683901986,0.7097164490351853,0.444885533738674,0.46705758857682644,0.8580633769736241,0.40947072503509985,0.6634082649203061,0.7834401607250978,0.8580633769736241,0.39719840736440715,0.8402927774016278,0.8832354238447049,0.819988999842785,0.8534622933489195,0.6427102157731703,0.7580732923849518,0.8014806232798317,0.8011767661222198,0.9298899782140256,0.8453437407159923,0.5454943171153595,0.8580633769736241,0.9954842095315911,0.8580633769736241,0.9579918546133754,0.7725859801398067,0.28409927714898064,0.8947109826062527,0.8846564260425303,0.7581747844678999,0.4798771099811202,0.8705906857098915,0.8580633769736241,0.9788699220515769,0.3169504979729766,0.6408636604663631,0.8575136117957731,0.7631994628418897,0.8726649773302662,0.7904254261690324,0.7869159279154596,0.8692813631878971,0.27982704938995573,0.5343513774610371,0.8692813631878971,0.7834401607250983,0.8726649773302662,0.6963496027616731,0.8692813631878971,0.8947109826062527,0.9266073217126931,0.8795259878122612,0.7792635455812453,0.8534622933489193,0.9193267436726238,0.8908326623446738,0.4780992797981345,0.7631994628418886,0.9264635914251371,0.4550648640548015,0.8397073815517225,0.9037142728512921,0.8542491929403551,0.6271800033868253,0.8052277919712967,0.7980958393452369,0.6107583160352346,0.9308403792913533,0.7437997715050169,0.8522358354277606,0.9594203044569571,0.8676499406085267,0.6355458794960643,0.9659006322714523,0.7425304696011643,0.8205494341553721,0.5890374991419205,0.8726649773302662,0.8778523726982708,0.8359899664727521,0.5258858557401391,0.901872012374066,0.6275118000470308,0.7904254261690322,0.8373589766392586,0.9014196303849082,0.5951669318844373,0.8580633769736241,0.44129698423456065,0.7391428561348357,0.8562910396493493,0.35331747232343014,0.7683197224547686,0.9136953378018806,0.8152309266734901,0.8752499698678449,0.5413866832492846,0.959797803844229,0.7939706232398644,0.9348547383885382,0.8129455900511038,0.6238103794460457,0.8319564473483687,0.9228390892020963,0.9445210810238398,0.8871359430484007,0.7510878248335744,0.9675159048758009,0.8627880798184884,0.36682572517203127,0.48957672967074106,0.8676499406085265,0.9982723668923469,0.505498213158383,0.747877753174992,0.9080629205282025,0.8489732636249694,0.4476175022723188,0.8908326623446738,0.8017579308021003,0.9342272501200428,0.39498015755861327,0.8410264752131609,0.8778523726982708,0.3143869981615287,0.9102236564997475,0.9272095629108008,0.9279843845372737,0.5740077004260833,0.92061363922904,0.699302642135236,0.8778523726982708
p60_V,0.5865645216661419,0.8863565689237551,0.7903787812883167,0.9302302679046641,0.9015943008452876,0.927002353944838,0.7358979706039042,0.7492609931346141,0.8136533416420022,0.6438967509404699,0.8834941755373982,0.9730506507011065,0.8984043359066813,0.9034393382949701,0.8268036333064972,0.8957664101424573,0.9985019938186506,0.8672687335363689,0.9190462651000917,0.9229339640663332,0.843954053165622,0.9454800327660549,0.9999058090993416,0.6990540620282795,0.8779179059734528,0.8672687335363689,0.9276677015291237,0.8886678230824372,0.9710638846211326,0.9574889803577874,0.8547004147121713,0.9541290792408026,0.8892738141520422,0.8427562020241628,0.9400050159634596,0.9650079910895764,0.904869971893631,0.8892738141520418,0.6171066867295263,0.8938342322827073,0.8272188776420608,0.4980504478450667,0.9776569049810198,0.9047971029774384,0.9276677015291237,0.9174283829309979,0.9082407355488129,0.9698226627224718,0.864695866516187,0.8717776477143991,0.7065798644174257,0.7799634430920819,0.8672687335363689,0.920153492271677,0.730392183326811,0.8908505574053998,0.8795801622208903,0.9015943008452869,0.9570659021639838,0.8952920587572561,0.8875857319597995,0.8979240688803067,0.6886539497574811,0.8629251931757835,0.9153141563577833,0.9832633455125506,0.9117176971980812,0.6617999714097962,0.7188380184762608,0.9190462651000917,0.8739307694428695,0.864695866516187,0.8679414084456808,0.6879268558321787,0.9015943008452869,0.7800363210512202,0.8806825133605405,0.916567441315375,0.7654348544765668,0.927002353944838,0.7526999009048547,0.995004294443836,0.8571583257780957,0.8672687335363694,0.9015943008452869,0.8659812204023998,0.9454800327660549,0.9789796049021333,0.7349821949910493,0.8984043359066818,0.9015943008452869,0.7903787812883165,0.8617203087575698,0.828626027653326,0.9198200036207238,0.7245644372147035,0.8070888281595505,0.7820963185522336,0.7914705058772373,0.82819780235688,0.8621543973586858,0.9491737766988708,0.9400050159634596,0.8711743272366816,0.8639354246880118,0.9190462651000917,0.8435746106182995,0.7630200965116667,0.8361681332521107,0.6471685921734264,0.7985920787259391,0.8291370999095794,0.959695925514493,0.8960304489894682,0.9082407355488129,0.82618876273688,0.9784557376845573,0.6213364750050574,0.9776569049810195,0.9807920590738497,0.8746667926444817,0.9818884897056042,0.9414543417011054,0.6503339311169397,0.9560841968775993,0.9778743986084762,0.9048699718936308,0.6599496820629307,0.9149798771072559,0.7640495966126862,0.9770937479689272,0.9082407355488131,0.9541290792408026,0.9716885439827986,0.8922505553843603,0.9121937749526268,0.6410886687733595,0.9541290792408028,0.9541290792408024,0.9316215436119188,0.9544390479457723,0.922933964066333,0.9147765446344605,0.8472778797806719,0.9676695223923983,0.9229512180034354,0.9738089426972775,0.9378246801704411,0.4651217208538393,0.6257567835597049,0.922933964066333,0.8875857319597991,0.8070405934835655,0.9095673682359076,0.9117176971980814,0.9229725980492285,0.9042724333691474,0.8582982169801265,0.9961485886748129,0.8391525395283423,0.6734362364811799,0.9082407355488129,0.933760644847901,0.6187514411163315,0.8881312461549586,0.8381178223146548,0.6968535034521672,0.8714840103823689,0.9407914522535386,0.7170036306948266,0.9626060136565602,0.8984043359066816,0.8621543973586856,0.9745261253509221,0.8792401960074234,0.9801419993899996,0.9190462651000915,0.9784372240819137,0.9496841779691461,0.8210433487797735,0.9283013075844857,0.8048984234320922,0.9482428774988274,0.579071460532343,0.9980065184745452,0.7168278004797095,0.7250173514537919,0.0,0.9446588143366352,0.8522672538974265,0.7414130926961153,0.8896949118117659,0.9604358156345278,0.8457119966355477,0.9268326085823128,0.9015943008452869,0.7386616586360892,0.9316215436119188,0.6799720325769275,0.7160096542093326,0.8537244508503077,0.653717775326768,0.9015943008452869,0.7643029417481926,0.730095792303259,0.6438967509404707,0.9015943008452869,0.9701151044630052,0.8358244551518941,0.7800363210512202,0.7593968324993916,0.8618286868084276,0.8984043359066811,0.9015943008452869,0.5528695048544692,0.9015943008452886,0.8957874248358991,0.7922190660148032,0.7679151232632865,0.9015943008452869,0.804944907793146,0.9015943008452869,0.9054825321637725,0.8669712684968998,0.8633928226985459,0.7595946982394148,0.9491737766988708,0.6028717187104732,0.9316215436119188,0.9375514328635435,0.43894353288155896,0.957178854256507,0.8456202395006773,0.8944420978831518,0.9117176971980809,0.8629251931757835,0.7709924834343279,0.8715507769439588,0.9317712668063538,0.8608323269166078,0.9358559422107493,0.6827436908784779,0.8187616895030194,0.9957194866787556,0.9015943008452869,0.7130753510542636,0.9015943008452869,0.9849064062064097,0.8608323269166083,0.706579864417426,0.7162095209791204,0.6028717187104728,0.7386616586360887,0.9325514468158702,0.8779179059734528,0.813709685557596,0.9827139728713292,0.936728342482201,0.7233618941006664,0.7897899853994015,0.7897899853994019,0.4915427308216769,0.8984043359066818,0.9965380001026768,0.8054181557833537,0.6171066867295263,0.9528818284651912,0.6335195475872697,0.9601713942311845,0.863935424688012,0.7963840373875464,0.6641684823747047,0.7596421551693896,0.5973243887494397,0.8698144094807434,0.9190462651000917,0.7498085769315298,0.8582982169801265,0.9643824696458687,0.8318175648160713,0.9190462651000917,0.9284503343749947,0.8062546925236592,0.9965380001026768,0.8249389872384021,0.8766484086852759,0.9082407355488131,0.8427562020241623,0.55670556075253,0.8952920587572561,0.9082407355488131,0.9491737766988708,0.6428910760722965,0.9190462651000915,0.809949325658338,0.9179767203190776,0.7779799894523742,0.7557489413366293,0.9650079910895766,0.9015943008452878,0.9896123046512102,0.8952920587572559,0.9541290792408028,0.6686039324215053,0.8674263016742849,0.9491737766988708,0.8938342322827075,0.8333071726947596,0.6757513565723765,0.5562047123647331,0.7576066174953552,0.8096305822550816,0.994406168496951,0.9582351764611186,0.8497140571057781,0.9710638846211326,0.8136533416420026,0.9326762742692681,0.9978138896011304,0.8390732119068269,0.8245828613400163,0.8461610175508401,0.9015943008452869,0.9117176971980805,0.8715507769439588,0.8968738879834461,0.9190462651000917,0.9965380001026768,0.9730506507011063,0.9015943008452869,0.9414543417011054,0.5753747490155741,0.9270023539448378,0.8748774256549663,0.9860060566591133,0.9031388200499333,0.6217571003319835,0.6852193755807127,0.685671506898899,0.9096861238372793,0.8892738141520422,0.7269327021250831,0.7233618941006664,0.8427562020241628,0.685591672502482,0.9877473389675209,0.9087905087769226,0.9776569049810198,0.6131716086706442,0.868599149953657,0.5896789150823281,0.8922505553843605,0.8984043359066818,0.9143816449418602,0.8391525395283423,0.6901120472995583,0.6704455011698279,0.6825914900856267,0.9015943008452869,0.8251027308315186,0.5718501430597396,0.8712483674877678,0.9551469406991903,0.7882865126048699,0.7346608970925668,0.9015943008452869,0.9015943008452869,0.43598335508731756,0.43330760943294855,0.782046019883653,0.9015943008452886,0.9710638846211328,0.9015943008452878,0.876648408685276,0.8226712151778663,0.7631289935410559,0.9015943008452878,0.8522672538974265,0.9130812730632976,0.709413104877975,0.661872545576694,0.9015943008452869,0.7697859087313041,0.8633928226985459,0.5923472477818671,0.6364361981430229,0.8522672538974265,0.8424353142340986,0.9082407355488131,0.5836691909150546,0.9015943008452869,0.6736144970967612,0.9264790424305227,0.8370328852941036,0.7221314390882649,0.5802312722048528,0.6900377213560527,0.9238496325630552,0.9015943008452869,0.8328543179518313,0.8046310168535602,0.9015943008452869,0.9306426730284255,0.9666011731131918,0.9394664475594674,0.6757513565723763,0.5688989498111587,0.9015943008452869,0.9515547001907915,0.9159710600388917,0.9965380001026768,0.9638999414346565,0.8773977651671034,0.7118888896882923,0.9167848454135985,0.8420856305913897,0.9082407355488131,0.6476872223262036,0.7800363210512202,0.9375514328635435,0.9613501619729166,0.9874465149092773,0.7494336252941087,0.9375514328635433,0.9117176971980809,0.8968738879834461,0.9015943008452869,0.9650079910895764,0.9666078457988325,0.9097489118181392,0.9511394955727167,0.8879189920302848,0.8952920587572564,0.9757552645278429,0.8970920450673244,0.8952920587572564,0.9511394955727168,0.9015943008452878,0.9201534922716772,0.7657040211266832,0.9049308021177658,0.8051833789629992,0.9966842445843856,0.643896750940472,0.9201534922716772,0.9999058090993418,0.8707754427969728,0.9130812730632976,0.922933964066333,0.9398969435095088,0.9392178238502193,0.8326092276629771,0.8698750345772268,0.9778787924688122,0.8341377178323204,0.9082407355488129,0.8988143186808903,0.8850577595459375,0.8595697984695976,0.9950042944438358,0.9293228922862455,0.7196266351268779,0.8821985066105538,0.7422042837001102,0.8474226785262455,0.8388233021673761,0.966080860036586,0.9084260598528469,0.8932312685779094,0.9090241544371724,0.6681556327785216,0.9063742447456442,0.6971650556321334,0.686553369348901,0.7127172516571754,0.4231810343947813,0.8608323269166083,0.9367871361311328,0.9082407355488131,0.9818626266609313,0.8757285386295386,0.9681936997729199,0.8629251931757832,0.9650079910895764,0.8530400335671293,0.9351233172763899,0.9593880781275532,0.9392178238502193,0.9276677015291237,0.8922505553843605,0.8338140105455905,0.6672982009945427,0.882198506610554,0.7131201710050261,0.8312850681847443,0.8984043359066816,0.8984043359066813,0.9520720255541061,0.6183022581738902,0.9276677015291239,0.7706273539389779,0.9015943008452869,0.9153141563577836,0.9015943008452869,0.9015943008452869,0.6932431244099855,0.8442082503111624,0.868599149953657,0.9015943008452869,0.9013615977502485,0.8278870234741812,0.885840198681322,0.9793432651894631,0.8097234685897621,0.7571429987587599,0.9581530071685886,0.6225179648315802,0.8913462226392486,0.7649680017378248,0.8919074571203542,0.9593880781275532,0.89153434024503,0.9192500849628167,0.793547695813569,0.8821985066105542,0.9584254509740686,0.7414130926961158,0.8466242541407555,0.9153141563577833,0.820414960494271,0.9082407355488131,0.8295115164075357,0.6657348508008569,0.9300726076798653,0.9687286209814427,0.9019967901753074,0.8522672538974265,0.9964257308790208,0.8130310621932637,0.9496841779691461,0.9901068178489285,0.9454800327660551,0.9444775685014402,0.8582982169801263,0.9127930435654095,0.7422042837001099,0.9117176971980812,0.8868785473630802,0.7889951293127704,0.9495631154093238,0.8070888281595501,0.8984043359066811,0.592347247781867,0.8571583257780957,0.9270023539448378,0.6738417890065835,0.8971046222638392,0.2602884199408467,0.635824346231129,0.9130812730632978,0.59490560029529,0.9725323173618745,0.9015943008452869,0.9117176971980809,0.838117822314655,0.5990664026184787,0.823396818487764,0.9573236881256733,0.8952920587572561,0.9686691610786862,0.7072059800962043,0.8751970566277454,0.5628461852015427,0.9229339640663332,0.6331655069870721,0.9511394955727167,0.6199656573122274,0.8952920587572564,0.9378470937928912,0.920973996558488,0.939104698965682,0.933760644847901,0.9377040836924007,0.8273537037636274,0.6665300940347048,0.4100728649947307,0.8427562020241621,0.9837653625810651,0.7495891757092914,0.6228358392185573,0.9710638846211328,0.8779179059734528,0.7782692552438986,0.9140996796967527,0.9847475097223124,0.9738089426972776,0.9357274933038942,0.7374044199847536,0.7094432912124289,0.9776569049810195,0.5817679377633631,0.9491737766988708,0.9170874600876597,0.8886678230824372,0.9601713942311845,0.7188814985747238,0.882198506610554,0.9632410047074156,0.9992697492831331,0.883494175537398,0.7656872475184058,0.9117176971980809,0.927002353944838,0.9015943008452869,0.6403848393859448,0.7954244675051758,0.9068975879384789,0.8451030973273084,0.9015943008452886,0.8949230023994308,0.7108563249284829,0.7412509491244246,0.849857479075582,0.8136533416420015,0.8326092276629771,0.7909009328256542,0.9527974788072591,0.8596424572452426,0.9036349011500768,0.782222840104478,0.9561893150756149,0.9153141563577833,0.8341377178323206,0.8795801622208903,0.9689601410010136,0.8608323269166083,0.9776569049810198,0.6879329861940777,0.8952920587572559,0.927002353944838,0.8863565689237551,0.9482428774988274,0.9400050159634594,0.7291083808107388,0.7759270475683788,0.9650079910895764,0.7527092630911655,0.8277286493146435,0.7399108146486078,0.6686039324215054,0.8984043359066818,0.9117176971980814,0.8922505553843605,0.8984043359066818,0.8984043359066818,0.743756631103923,0.9015943008452869,0.5410751062994228,0.7586822054454934,0.9015943008452869,0.9031388200499335,0.8092872065809691,0.9190462651000915,0.9082407355488131,0.7320944694840577,0.5406236755970437,0.9357274933038944,0.7705227804286654,0.9095902090889822,0.9375514328635435,0.5035332177181259,0.9015943008452869,0.8435746106182995,0.9082407355488131,0.9031388200499333,0.7713843065612117,0.8695796763165993,0.9650079910895764,0.9048699718936313,0.7726316975244572,0.9608638139754633,0.9096861238372793,0.9015943008452871,0.8140653401421137,0.8474698212409608,0.8821985066105542,0.7399845172939676,0.8834941755373982,0.9890302829209386,0.8938342322827075,0.9082407355488129,0.8201779527396991,0.9553545190661688,0.9015943008452869,0.9784157310816313,0.7919004706091688,0.6438967509404704,0.7377626011823737,0.9276677015291237,0.8834941755373982,0.8813032356595615,0.8952920587572564,0.958665347824331,0.5760989376138423,0.9015943008452869,0.9015943008452869,0.8694399402888129,0.8960568262378732,0.8567770643879917,0.9570659021639838,0.9651655741458478,0.9446132346986793,0.724754307811508,0.6080518776487497,0.8999738211285457,0.7924022388005346,0.9015943008452869,0.8137492464902554,0.9117176971980809,0.6171066867295263,0.6900377213560527,0.9190462651000917,0.9150923276204583,0.9015943008452869,0.9015943008452869,0.6141154282594461,0.9015943008452878,0.5980656202843985,0.8806825133605405,0.7411851589474363,0.8050863112719073,0.9424217992594603,0.8936165767525226,0.6127682996223285,0.7643314923940239,0.9015943008452886,0.8358244551518945,0.6289635723627325,0.904869971893631,0.8511451049524841,0.8714039432560776,0.8540580383145344,0.9568643011253918,0.8659812204023998,0.9048699718936313,0.782046019883653,0.9015943008452869,0.7390720336104668,0.9295938208565603,0.8850577595459375,0.8304704798918565,0.7392764565136445,0.7418772742491042,0.9311228514221086,0.8070569091062172,0.9593880781275532,0.802165463602766,0.9150295995328445,0.6827436908784792,0.9710638846211326,0.8498574790755822,0.9560841968775995,0.6918193762140163,0.7065798644174256,0.8984043359066818,0.8375894592124642,0.678707041893894,0.9608638139754633,0.8085378521342246,0.9776569049810195,0.885840198681322,0.927002353944838,0.7184157888018894,0.8341377178323206,0.8712483674877678,0.8204149604942712,0.9831735538001967,0.922933964066333,0.8806825133605405,0.9573236881256729,0.7782144369848352,0.9238496325630559,0.9357274933038939,0.9082763222676034,0.8587045491090743,0.6594464654204695,0.8882557664314523,0.8273813414860405,0.8443237878158507,0.7971334979312718,0.9015943008452869,0.8114940044756469,0.9400050159634596,0.8622285972544461,0.6438967509404699,0.7087419537043023,0.8725169952519651,0.757237540295127,0.9015943008452869,0.712654216293755,0.6571815470561482,0.8518865815663267,0.5764473232238263,0.5344913224973142,0.5577088927653238,0.9541290792408026,0.9773772710355255,0.9298510413503671,0.9404056602135484,0.6500786864077999,0.8751970566277454,0.7312815419459706,0.9776569049810195,0.9063742447456442,0.9400050159634596,0.9113741175439004,0.9812493295822693,0.9291966741407405,0.8036327372769463,0.6832566494028687,0.7527092630911646,0.8984043359066818,0.9553545190661685,0.7680410864039098,0.7987442903971527,0.6747340233247914,0.6356127988756624,0.9015943008452869,0.6172786565595422,0.7537900452818436,0.8766484086852762,0.9015943008452869,0.7691963914190345,0.9724229122039046,0.9190462651000917,0.9687286209814427,0.8984043359066818,0.7554897780614716,0.9560841968775994,0.8718486402623692,0.9082763222676035,0.8459770917681,0.9375514328635435,0.6711558274047005,0.9015943008452869,0.9141452644744177,0.9015943008452869,0.6672982009945432,0.8322488964804924,0.8773327725545246,0.6171066867295263,0.5574097888938057,0.899341142933664,0.8618286868084277,0.8498574790755822,0.9015943008452869,0.5165719089198502,0.9747016694738193,0.9611363172090146,0.9646927823057021,0.8358244551518941,0.9117176971980814,0.8547004147121713,0.30650871294024973,0.9392178238502196,0.8349578227321084,0.6852610550112914,0.9392178238502196,0.8498574790755822,0.9117176971980814,0.7779799894523742,0.9392178238502196,0.6171066867295263,0.8968738879834459,0.8970920450673245,0.8391525395283423,0.8984043359066811,0.49646252688012926,0.9031388200499333,0.8326092276629775,0.8358244551518943,0.906562626546961,0.8582982169801265,0.7856437442855663,0.8030104049156184,0.600937331395343,0.8697848696735941,0.8498574790755822,0.831817564816071,0.8058523075654116,0.9746342049327525,0.8223745072196005,0.8938342322827073,0.6594464654204695,0.9082407355488129,0.8992127053074517,0.8373196409038179,0.8596424572452424,0.887918992030285,0.8964001233642,0.9117176971980809,0.9153141563577833,0.8386147312057779,0.9129137434283909,0.8164529473936291,0.8659812204023998,0.8547004147121713,0.6914536137247165,0.9950092225712419,0.8794035130316951,0.9015943008452874,0.8569005153706368,0.8620641873796373,0.9047971029774382,0.8295115164075357,0.8988758988830827,0.9153141563577833,0.9763431624693746,0.7724367359222868,0.8672687335363689,0.9630848476738874,0.8850360346032431,0.9378817094928307,0.7886321224712785,0.6833184139836479,0.8834941755373982,0.997658595516081,0.8984043359066811,0.6208938949677856,0.9943187264365234,0.9082407355488131,0.9444775685014399,0.9645679458297094,0.8596424572452421,0.9689601410010137,0.889400209609092,0.8188509977484055,0.9805113003783661,0.8952920587572559,0.8952920587572561,0.8433782364274356,0.9337606448479012,0.8114983712766497,0.9901068178489285,0.9063617427904612,0.8725169952519656,0.9153141563577833,0.8349578227321086,0.9601713942311847,0.984085165109249,0.6438967509404699,0.7983708394776965,0.6672982009945441,0.7944591328701565,0.9153141563577833
p61_V,0.7140945340084046,0.9322580645161284,0.875046477041949,0.9105012505384156,0.9413411539914583,0.9564866901437918,0.6593393049549168,0.7123453755976965,0.888920255323396,0.9540615556502022,0.9305518148343679,0.9394396415413291,0.939439641541329,0.9105012505384156,0.8967590384461326,0.6108446102419101,0.9357714224531067,0.9208799593226001,0.9517441295565183,0.9540615556502023,0.8701093676023475,0.9776172307537022,0.9256059689675477,0.9971196828020044,0.9272278453848011,0.9208799593225999,0.9357714224531068,0.9035033355391053,0.9540615556502023,0.7637276759536338,0.9133880855304561,0.9473756291574582,0.9339970109398135,0.906268236387799,0.9413411539914585,0.9517441295565183,0.9432937551644589,0.9339970109398129,0.956486690143792,0.9193462939797006,0.883813517405303,0.9677148480463277,0.9564866901437918,0.8994303857428696,0.9357714224531068,0.823829761818846,0.945303040275778,0.9186255087204844,0.9193462939797008,0.875046477041949,0.9473756291574581,0.8262954697194753,0.9208799593225999,0.25422427035330375,0.9339970109398129,0.9178313446502834,0.9178313446502834,0.13408370177867734,0.6978684737359203,0.9375844381576607,0.8915068580997112,0.9083133803641006,0.9208799593226007,0.8838135174053031,0.9495194495442562,0.7972549794048319,0.9473756291574582,0.702033495300044,0.7341634785193571,0.9517441295565183,0.9090779869018046,0.9193462939797007,0.9991271005058252,0.7998527217210255,0.13408370177867734,0.8688814196559596,0.9288758056186719,0.9305518148343678,0.9235775498860715,0.956486690143792,0.9305518148343679,0.9240084059312026,0.4141091065218996,0.9208799593226001,0.13408370177867734,0.904880473824603,0.9288758056186719,0.774398454465244,0.9616075055011326,0.16216355622584455,0.13408370177867734,0.875046477041949,0.8050001170467127,0.8596557135751435,0.4141091065218996,0.5782308434553621,0.8725725017627848,0.8701093676023475,0.91907558348427,0.9175770289712897,0.9178313446502834,0.945303040275778,0.9413411539914585,0.9735112119115221,0.690003026280705,0.9517441295565182,0.8928095235358379,0.8905744552184695,0.927227845384801,0.9311124252832371,0.8566963326642262,0.9224335544163885,0.9026060607471648,0.8954352541336303,0.945303040275778,0.8737914412600255,0.9322580645161285,0.9517441295565183,0.9564866901437918,0.8360850542738055,0.9162476745056898,0.8676556569243745,0.927227845384801,0.8797681649066349,0.9208799593226007,0.7175552400117464,0.9432937551644589,0.5773180277941903,0.9394396415413291,0.9097516894125137,0.8530610496352263,0.9453030402757782,0.9473756291574581,0.9564866901437918,0.9357714224531068,0.8213551610187865,0.8603380509136677,0.9473756291574583,0.9473756291574581,0.18793721391370033,0.8996065556926167,0.9540615556502022,0.7972549794048319,0.8518501194844418,0.8701093676023466,0.8967590384461327,0.8762879977600885,0.8176248919537719,0.8614716313674342,0.8452070513960559,0.9540615556502021,0.8915068580997114,0.8336470580240636,0.862771231293262,0.9473756291574582,0.9193462939797008,0.9759323240769463,0.9007787887826316,0.945948856924516,0.6415210651144816,0.6959944822232511,0.9453030402757779,0.9240084059312025,0.7034019047473055,0.8812890045220123,0.9035033355391051,0.9785304395070067,0.8838135174053031,0.9148532265533553,0.8479191510020667,0.9105012505384157,0.9394396415413286,0.9178313446502835,0.6285571193920864,0.8312033287884479,0.9928443534876485,0.9517441295565182,0.6900030262807051,0.9076672018071592,0.6375833980398145,0.8980906127480354,0.8713396701567183,0.9178313446502834,0.7798113577609109,0.5836334761222556,0.8312033287884484,0.8360850542738055,0.9446588143366352,0.0,0.9119376979332718,0.9375844381576608,0.8889202553233962,0.9220756705087446,0.7572258022380448,0.8915068580997112,0.13408370177867734,0.9432937551644589,0.9375844381576609,0.4105162941806433,0.8100886832131162,0.8750464770419492,0.8359611579004631,0.13408370177867734,0.848218106345062,0.8814655354773884,0.9540615556502023,0.13408370177867734,0.7776305711004287,0.9021362778138226,0.8688814196559584,0.7267644359997333,0.890210541603184,0.9394396415413291,0.13408370177867734,0.5927818607880695,0.13408370177867746,0.908595883904757,0.8138702669970947,0.8100886832131162,0.13408370177867734,0.7161153817625662,0.13408370177867734,0.787795320060775,0.8928095235358382,0.9035033355391051,0.8566963326642261,0.9453030402757778,0.8597190042261902,0.18793721391369944,0.9256059689675475,0.9288758056186721,0.8915068580997115,0.7175552400117466,0.9062682363877987,0.9473756291574583,0.5834387667319125,0.9683327815712592,0.887635694816231,0.8812890045220123,0.9021362778138224,0.9021362778138224,0.9357714224531067,0.8676556569243747,0.9375844381576609,0.13408370177867734,0.9420685862468299,0.13408370177867734,0.817887193694326,0.9021362778138222,0.9473756291574582,0.8709667178740068,0.8597190042261902,0.9432937551644589,0.9007787887826321,0.9272278453848011,0.8762879977600885,0.9305518148343679,0.9785304395070067,0.945303040275778,0.8518501194844418,0.8518501194844426,0.9526068784540556,0.16216355622584455,0.9495194495442564,0.8024341677705477,0.956486690143792,0.8075513607586299,0.8594036192762475,0.3530657475045875,0.936768944084677,0.8554840303456193,0.7336011703135803,0.9589146319184882,0.8905744552184696,0.8675831283886297,0.9517441295565182,0.9311124252832371,0.9007787887826316,0.9240084059312025,0.8863565689237553,0.9517441295565182,0.9637119587337404,0.7853415018296626,0.9495194495442563,0.88254906808533,0.9105012505384156,0.9453030402757779,0.9062682363877989,0.9026060607471649,0.9375844381576607,0.9453030402757783,0.9453030402757779,0.7673631244868351,0.9517441295565183,0.7673631244868351,0.7318979897663462,0.8676556569243736,0.9526068784540556,0.9517441295565183,0.9413411539914583,0.9193462939797007,0.9375844381576608,0.9473756291574582,0.8716025561676632,0.8825490680853297,0.9453030402757782,0.9193462939797008,0.9063752600766319,0.8088334336091791,0.8954352541336303,0.8969433269275072,0.6622441749760202,0.7601586395630477,0.7734432697047591,0.8530610496352258,0.9540615556502021,0.8889202553233962,0.9540615556502022,0.9062682363877989,0.9021362778138221,0.8954352541336303,0.945303040275778,0.13408370177867734,0.9473756291574584,0.887635694816231,0.9208799593226005,0.9517441295565182,0.9495194495442563,0.939439641541329,0.13408370177867734,0.9272278453848011,0.7025265822012212,0.9564866901437918,0.8967590384461326,0.7959497447008523,0.9240084059312025,0.797405810419372,0.8334774900174388,0.8024341677705478,0.9272278453848009,0.9339970109398135,0.8163761849746596,0.9453030402757782,0.906268236387799,0.7826393375786718,0.9322580645161282,0.8967590384461326,0.956486690143792,0.8533312651697589,0.9062682363877987,0.8675831283886294,0.9357714224531068,0.16216355622584455,0.9090779869018046,0.8676556569243745,0.9026060607471649,0.9041044255276219,0.7906839898526715,0.13408370177867734,0.8312033287884478,0.9029060758453815,0.9076672018071592,0.9029060758453815,0.9540615556502021,0.8213551610187866,0.13408370177867734,0.13408370177867734,0.861471631367434,0.8889202553233961,0.8373021566360083,0.13408370177867746,0.9540615556502022,0.9413411539914585,0.9105012505384156,0.8812890045220123,0.8814655354773884,0.9413411539914585,0.911937697933272,0.9288758056186719,0.8062775279335068,0.979440110219925,0.13408370177867734,0.8627712312932618,0.9035033355391052,0.8660200884684447,0.9325109310075916,0.9119376979332716,0.9218204442382036,0.9453030402757782,0.8890625545868663,0.13408370177867734,0.7659362744796997,0.9208799593226005,0.8373021566360082,0.8037190298767267,0.7587734346678572,0.8050001170467128,0.9339970109398132,0.13408370177867734,0.8800330897565914,0.8249356216071683,0.13408370177867734,0.8839402993770435,0.7630617685152523,0.8176248919537719,0.786684690399697,0.8966022937609004,0.13408370177867734,0.858130636324505,0.8336470580240638,0.9495194495442562,0.6044195771176946,0.6824328473619528,0.8928095235358379,0.9651353935154798,0.8800330897565913,0.9453030402757782,0.9521607173578848,0.8688814196559583,0.9256059689675475,0.8299790629918329,0.9996486372795454,0.8506393987843804,0.32393538656032783,0.9473756291574582,0.9208799593226005,0.13408370177867734,0.9517441295565183,0.8863565689237551,0.7839930876682061,0.9305518148343679,0.9163339973465924,0.18793721391370077,0.8085851429208177,0.9971196828020044,0.18793721391370077,0.9305518148343679,0.9413411539914585,0.9322580645161287,0.8603380509136676,0.8889202553233961,0.9517441295565183,0.8225936215266272,0.6838997519740098,0.9322580645161288,0.9256059689675477,0.8950979844282141,0.9288758056186719,0.9540615556502021,0.7687832118149225,0.9035033355391051,0.6166940317246867,0.3530657475045875,0.9288758056186721,0.887635694816231,0.9453030402757778,0.9062682363877989,0.883813517405303,0.8579093482290859,0.9240084059312025,0.9497028213875767,0.8206673486956737,0.9133880855304561,0.7648411251329688,0.8613019585486632,0.8902105416031841,0.9357714224531067,0.8105909555945463,0.9053798774659323,0.9105012505384156,0.9240084059312025,0.3239353865603287,0.7893558267078442,0.9201796832836571,0.8287530636873135,0.8456507732192371,0.902136277813822,0.7158310782765137,0.945303040275778,0.8213551610187865,0.7975661440390183,0.904880473824603,0.9497028213875769,0.9517441295565183,0.814299714177859,0.8750464770419492,0.9495194495442562,0.903503335539105,0.9357714224531067,0.9357714224531068,0.9473756291574582,0.9517441295565183,0.9133880855304555,0.7985559379258667,0.899430385742869,0.9394396415413288,0.939439641541329,0.6680134735212258,0.8928095235358383,0.15842856286928253,0.8518501194844419,0.13408370177867734,0.9495194495442565,0.13408370177867734,0.13408370177867734,0.9175770289712897,0.3239353865603283,0.9062682363877986,0.13408370177867734,0.8178871936943253,0.8126128632076947,0.4959052173104489,0.8299790629918335,0.8627712312932618,0.7757866041934975,0.8889202553233961,0.5674180045855661,0.9463853627621877,0.9339970109398132,0.868881419655958,0.5200341313811041,0.904880473824603,0.7357654281420156,0.7293464039280377,0.9133880855304556,0.933997010939813,0.9375844381576608,0.7512664934860493,0.9495194495442564,0.8800330897565914,0.9453030402757782,0.8850825988655405,0.8761584938412068,0.9224335544163885,0.9256059689675474,0.825063678818288,0.911937697933272,0.8915068580997112,0.8398757046349123,0.7776645232705195,0.9453030402757782,0.2912613922208478,0.943293755164459,0.900778788782632,0.9718569852286914,0.8151246754418041,0.5421872499962037,0.8348667221507038,0.637969747110368,0.8691416165041753,0.8725725017627854,0.9394396415413291,0.8660200884684448,0.9148532265533554,0.956486690143792,0.7757866041934975,0.8225936215266271,0.669595435947727,0.773004161930157,0.9288758056186719,0.8928095235358381,0.8639898558738692,0.13408370177867734,0.9473756291574582,0.9035033355391057,0.7697291134367075,0.8674925563323059,0.924899918976237,0.9375844381576608,0.9148532265533553,0.8050001170467127,0.9256059689675478,0.8996065556926165,0.9540615556502025,0.7616138489986313,0.9305518148343679,0.987106993987117,0.18793721391370077,0.9339970109398129,0.7975661440390183,0.9473740959672468,0.9240084059312025,0.8706957205867698,0.8615540111705795,0.8160989429517433,0.981927401819685,0.9062682363877987,0.6784335663663486,0.8397330855386307,0.9547568354430372,0.9540615556502023,0.9272278453848009,0.943293755164459,0.8138702669970947,0.9420685862468299,0.6122531701848197,0.16216355622584455,0.764502532769542,0.8163761849746596,0.9564866901437918,0.8900858663239481,0.9453030402757782,0.904880473824603,0.9795518972928103,0.9224335544163882,0.9784557376845573,0.9133880855304555,0.927227845384801,0.4232320307761711,0.9305518148343677,0.7798113577609107,0.9473756291574582,0.956486690143792,0.13408370177867734,0.899338193714716,0.8445847921458004,0.777168730425418,0.9076672018071592,0.13408370177867746,0.8652100330616364,0.7972549794048318,0.8915068580997111,0.44462068531389476,0.888920255323396,0.875046477041949,0.9870213532241647,0.7527683868862985,0.9163339973465925,0.93399736945619,0.741816412887522,0.8738080422252301,0.9495194495442565,0.887635694816231,0.9178313446502834,0.9453030402757782,0.902136277813822,0.9564866901437917,0.9163339973465924,0.937584438157661,0.9564866901437918,0.9322580645161282,0.9178313446502834,0.9413411539914583,0.7604185452621208,0.8664319147745586,0.9517441295565184,0.9413411539914586,0.928875805618672,0.7467104468736225,0.8966022937609004,0.16216355622584455,0.9473756291574582,0.21171091667384734,0.16216355622584455,0.16216355622584455,0.2772787700427659,0.13408370177867734,0.7978168085240658,0.36802281584671226,0.13408370177867734,0.9240084059312025,0.6210425939235344,0.9517441295565182,0.9453030402757782,0.7189515385340934,0.7587734346678572,0.16216355622584455,0.764502532769542,0.8360850542738055,0.9256059689675478,0.9479335069949791,0.13408370177867734,0.8928095235358378,0.9453030402757782,0.9240084059312025,0.88603172345693,0.8941188719993177,0.9517441295565182,0.9432937551644589,0.9272278453848011,0.9021362778138222,0.6904295644940754,0.9413411539914586,0.4959052173104488,0.9090779869018046,0.9133880855304556,0.7670212865813977,0.9305518148343679,0.9517441295565183,0.9193462939797008,0.9453030402757782,0.8928095235358376,0.9494863178238062,0.13408370177867734,0.9413411539914583,0.8639898558738679,0.9540615556502023,0.8126128632076948,0.9357714224531068,0.9305518148343678,0.7972549794048319,0.18793721391370077,0.8435617103629007,0.8753333871812243,0.13408370177867734,0.13408370177867734,0.3172635704328757,0.6526052505370017,0.887635694816231,0.9011068237341135,0.8213551610187866,0.9130852766469223,0.815124675441804,0.8935920130041927,0.9224335544163884,0.783993087668206,0.13408370177867734,0.9472028518597411,0.9473756291574582,0.956486690143792,0.8050001170467127,0.9517441295565182,0.8050001170467127,0.13408370177867734,0.13408370177867734,0.8628796750146144,0.9413411539914583,0.8722456070942706,0.928875805618672,0.8348667221507038,0.883813517405303,0.5306478622269655,0.883813517405303,0.8088217133555137,0.8275252320423417,0.13408370177867746,0.9021362778138219,0.9160792388483449,0.9432937551644589,0.9517441295565183,0.6375833980398145,0.6941052561134267,0.5246545780731426,0.904880473824603,0.9432937551644589,0.8373021566360082,0.13408370177867734,0.9280926541839383,0.904880473824603,0.8838135174053028,0.8530610496352258,0.8445847921458005,0.8135176651305682,0.8902105416031845,0.8312033287884484,0.9495194495442562,0.848218106345062,0.8409471212756858,0.7978168085240658,0.9540615556502022,0.9105012505384158,0.36650144301156784,0.9100923610047558,0.9473756291574581,0.16216355622584455,0.8566963326642261,0.9178313446502834,0.9021362778138218,0.8918797754295278,0.956486690143792,0.902136277813822,0.956486690143792,0.9564866901437918,0.887635694816231,0.46299624834820063,0.8800330897565913,0.9413411539914585,0.9540615556502022,0.9288758056186719,0.9288758056186719,0.8062775279335068,0.9339970109398136,0.939439641541329,0.8663129020103817,0.6077161827913189,0.9432937551644589,0.8565366772443028,0.48003648511934527,0.6680134735212258,0.7052177893356901,0.13408370177867734,0.875046477041949,0.9413411539914585,0.8452070513960561,0.9540615556502022,0.9224335544163886,0.9240084059312033,0.8336470580240634,0.13408370177867734,0.6997275203797988,0.7757866041934975,0.9240084059312028,0.9011068237341135,0.9280926541839383,0.9100923610047558,0.9473756291574582,0.7975661440390183,0.753620999248733,0.9011068237341134,0.8284005927134913,0.9256059689675479,0.7581750719242137,0.956486690143792,0.9256059689675477,0.9413411539914583,0.88254906808533,0.9193462939797009,0.9448416565038159,0.5674180045855661,0.7812801400877061,0.9413411539914586,0.16216355622584455,0.9494863178238062,0.8397330855386309,0.5983373891850428,0.8660200884684449,0.8385811286456291,0.13408370177867734,0.9213590764114841,0.8421603457990252,0.9105012505384158,0.13408370177867734,0.8151246754418041,0.933997010939813,0.9517441295565182,0.3239353865603283,0.16216355622584455,0.9643578114903837,0.9208799593226007,0.8812890045220123,0.9178313446502834,0.8941188719993176,0.9256059689675475,0.7839930876682064,0.13408370177867734,0.9163339973465925,0.13408370177867734,0.9517441295565183,0.9112558777938654,0.8664319147745587,0.956486690143792,0.9148532265533555,0.8966022937609004,0.890210541603184,0.9105012505384156,0.13408370177867734,0.8321540970432764,0.8951252660134043,0.8544413792342251,0.9133880855304554,0.4959052173104497,0.9473756291574582,0.42471191586823354,0.9527620984712085,0.3360110469238422,0.8762879977600885,0.7630617685152522,0.3360110469238422,0.9105012505384156,0.9473756291574582,0.8676556569243737,0.3360110469238422,0.956486690143792,0.9208799593226007,0.9971196828020044,0.8676556569243743,0.9394396415413291,0.9119376979332715,0.9240084059312025,0.8750464770419492,0.9021362778138226,0.9256059689675479,0.9007787887826317,0.9193462939797008,0.9955894416808808,0.928875805618672,0.7135344771169927,0.9105012505384155,0.8863565689237551,0.8334774900174388,0.5178053668121303,0.8941188719993178,0.9193462939797007,0.9432937551644589,0.945303040275778,0.8863565689237551,0.8775328023580432,0.9163339973465925,0.9163339973465925,0.8850825988655405,0.9473756291574583,0.9495194495442565,0.5642223859558517,0.9148532265533562,0.8457962327200852,0.904880473824603,0.9133880855304557,0.628636327583413,0.9272278453848009,0.9119376979332711,0.9413411539914585,0.8113523675198253,0.8887296967329333,0.8994303857428692,0.8850825988655407,0.6368585963603213,0.9495194495442562,0.9451469503672958,0.5566182760167753,0.9208799593225998,0.9357714224531068,0.9148532265533559,0.9171102496467269,0.5715759775096831,0.7226556740618741,0.9305518148343679,0.6499153369587587,0.9394396415413291,0.8652100330616366,0.6956177129654777,0.9453030402757779,0.9432937551644589,0.8688814196559593,0.9163339973465923,0.9453030402757782,0.8825490680853298,0.8421603457990252,0.6637183802472111,0.9375844381576608,0.9375844381576608,0.8321540970432764,0.9240084059312025,0.887635694816231,0.9453030402757782,0.8648766503141861,0.9240084059312026,0.9495194495442565,0.8762879977600885,0.9224335544163885,0.9432937551644589,0.9540615556502022,0.8676556569243742,0.9517441295565183,0.7017438536728533,0.9495194495442565
p62_L,0.8319221027381043,0.8022914983011694,0.9140817941555841,0.8574523824786973,0.9701429667321069,0.9434341193662401,0.8240075849967889,0.8338775878927994,0.8831642141197729,0.9984192168061299,0.8505787444421388,0.9212735133449714,0.9212735133449717,0.7603674824796209,0.9819299121585698,0.852587449013217,0.9123689706343678,0.8525262790214818,0.9372689456075767,0.885305397155866,0.9945069914855453,0.9466763852073139,0.9837299968616571,0.9741270364328649,0.943772438814358,0.8971465330611361,0.9979320111064158,0.9050879833003673,0.9434430901748686,0.7601441379700262,0.88740734199408,0.9315900378678905,0.9559635246111837,0.909368306308445,0.9237454173815309,0.9372689456075765,0.9301863608775064,0.9605059690638982,0.9434341193662401,0.7176782276174104,0.848961370039967,0.9355234569898137,0.9953786045233857,0.8988619793084114,0.6128983289822003,0.9424870447021076,0.9288957400617388,0.8775434408290577,0.8951528182413433,0.8375645041075974,0.9659497926039275,0.9456310475613557,0.8971465330611361,0.9119376979332718,0.9187407159014389,0.9625094796456837,0.9625094796456835,0.9237454173815312,0.9091055946642181,0.9933710628742858,0.8589624614952682,0.8916732038008094,0.8971465330611366,0.9291653056283693,0.9343769343025807,0.7980185625224963,0.9828201226319815,0.8276068277134256,0.8335857100202682,0.8406564126395666,0.9776934688917389,0.9303499958905477,0.9701429667321069,0.8015949998810021,0.9237454173815312,0.8732475513254477,0.9359170749054637,0.8106284733681067,0.7962263634151272,0.9341913284130116,0.9896201712617319,0.9382025073594864,0.990335145088753,0.9329075599064767,0.9237454173815312,0.8149878477204445,0.9359170749054636,0.9715715556130083,0.8924596950253894,0.9212735133449719,0.9237454173815312,0.8308605723511272,0.9746255914050477,0.8696125867945619,0.889311977437508,0.8775434408290578,0.8884744628017867,0.9307730433794739,0.8112369598540141,0.7890270787589329,0.9335014513268407,0.9288957400617388,0.9237454173815309,0.7275777476416032,0.8022843214313349,0.9372689456075765,0.9737022133993574,0.7957994183099588,0.9053985774691053,0.784498264835477,0.832993572669084,0.7736181343373175,0.8110428978941755,0.9216051545051005,0.9722155622930324,0.7941998735538551,0.9527620984712089,0.9372689456075765,0.9434341193662399,0.8310528665011812,0.958060361004107,0.9257356254998432,0.8259843931141266,0.9538390172168241,0.995570386402843,0.7726158729029091,0.9780296622223208,0.9408778096025343,0.9434749274016662,0.8553492612243431,0.8089841670456619,0.9288957400617388,0.6073391992552903,0.9434341193662401,0.9592864686575604,0.9383978290775612,0.8949342245403199,0.9659497926039277,0.9315900378678903,0.918861809581256,0.9882155593780421,0.940281523787128,0.798018562522496,0.9925873129002563,0.9197870263505639,0.8948250712530363,0.9931763272713579,0.7840931815527368,0.8951528182413433,0.9365307020635195,0.940281523787128,0.858962461495268,0.931161988468197,0.8216070858356983,0.8634896230757456,0.8951528182413435,0.8455615719621771,0.9906061831285018,0.9946831488786408,0.9018489880103142,0.9069515590596442,0.9227712134704179,0.6919065330743308,0.843601850697222,0.8983937830153468,0.8745574900762874,0.8808128963513502,0.8836921779986904,0.9566607558716711,0.8744114737156556,0.7927291158126466,0.9212735133449717,0.9278464566365252,0.855934176253855,0.998551181445207,0.9357231274242304,0.992787606045791,0.9405947608950082,0.8989575775530849,0.9781512898388609,0.8393605113796824,0.8828463627722689,0.9278464566365248,0.9212735133449714,0.8129793633441715,0.674476812893567,0.8089843972083204,0.8522672538974265,0.9119376979332718,0.0,0.918861809581256,0.8555999624260062,0.95999911008977,0.8240580430421782,0.6926973200647202,0.9237454173815312,0.9741270364328647,0.9188618095812564,0.8775434408290577,0.9751858689544985,0.8630702674569264,0.9212735133449714,0.9237454173815312,0.9170269213459412,0.7841561672264612,0.940281523787128,0.9237454173815312,0.7713943738630693,0.902988179609765,0.8790838506150669,0.8733260220336166,0.9128551938412922,0.9663573664294256,0.9237454173815312,0.8434415579887864,0.9237454173815312,0.7781181359006082,0.8844196654710746,0.9751858689544983,0.9237454173815312,0.7625685155564195,0.9237454173815312,0.7827515726978775,0.9737022133993578,0.850668070906991,0.9079223191452046,0.9288957400617388,0.8157435774934192,0.918861809581256,0.9032901911357232,0.9858118985030546,0.9448886929372265,0.9278452066839691,0.9718013773009624,0.7610294535475634,0.8569575328025574,0.8598491504016526,0.8812768771799535,0.8380352309194488,0.9029881796097647,0.8727803597140282,0.9592864686575602,0.9011048560012941,0.9933710628742857,0.9237454173815312,0.9359704800379012,0.9237454173815312,0.7209704909866692,0.6741023418499223,0.9315900378678905,0.9937053631834569,0.8356485630840453,0.9780296622223208,0.8710156683413508,0.9821463001596107,0.8784921003888381,0.9304792865902034,0.7916582493282924,0.9783400888843532,0.8453825360610054,0.87685149072973,0.7874306650856391,0.9663573664294258,0.9059081043309064,0.9882010927154998,0.9434341193662401,0.8955394924309648,0.9579893925008336,0.8991661559057054,0.8980430597307061,0.8595963477466205,0.9659497926039275,0.9015545876830076,0.9359038742696346,0.8856816386471902,0.9372689456075765,0.784498264835477,0.9009132970381386,0.9751916033161048,0.876370154759888,0.9372689456075765,0.8207291116074922,0.8020442338270835,0.9343769343025807,0.926946616820191,0.8250907491456718,0.9288957400617388,0.7472498032327078,0.7304698855952667,0.9188618095812562,0.9783400888843532,0.9227712134704178,0.7816861609337551,0.951693733515995,0.7376361401908973,0.847749246485038,0.9511105270074118,0.9147022959082679,0.9927876060457907,0.9370619345667413,0.7528754052666149,0.9494874991020569,0.9315900378678905,0.8034562226094211,0.9004036202971208,0.9722155622930323,0.9288612935126355,0.8506680709069908,0.9053785002635066,0.9791410610656588,0.9733553741252823,0.9683567858189088,0.9677837294057186,0.7949203622499021,0.8655866528402192,0.9984192168061299,0.91072846581354,0.940281523787128,0.909368306308445,0.9634038194012378,0.9057871258132251,0.9722155622930323,0.9237454173815312,0.9315900378678901,0.8179083071013352,0.8882873058668224,0.9372689456075765,0.9876152547580852,0.9885587804861202,0.9237454173815312,0.9794798384951365,0.9372689456075767,0.5670676717507671,0.9819299121585698,0.9601864332044748,0.9012134114028683,0.9315900378678905,0.812272959004473,0.9468737031793139,0.9411059771498841,0.9141982714487247,0.9429405795551468,0.9288957400617388,0.9969820872027789,0.9791622925756287,0.9119376979332718,0.9238600182215473,0.9953786045233856,0.8074384781790458,0.7784663387289664,0.7861567106940606,0.9592864686575604,0.9212735133449719,0.8944543787821236,0.7286894695114511,0.7707563917447211,0.732278541837549,0.9868257352945466,0.9237454173815312,0.8023679780484714,0.9384536186973255,0.7726306962313516,0.9998134958142342,0.9984192168061301,0.8317539034743853,0.9237454173815312,0.9237454173815312,0.9303499958905475,0.938292717507307,0.879399782585673,0.9237454173815312,0.9434430901748684,0.9237454173815309,0.7603674824796212,0.8456795858023052,0.7442542914107444,0.8442668358655899,0.8855218855218858,0.5054264286523142,0.960957115486309,0.7636497707234808,0.9237454173815312,0.9422117724949792,0.789607084458831,0.8040313875217082,0.7881781245722408,0.786690433749257,0.8054414612430527,0.9288957400617388,0.7338657319315713,0.9237454173815312,0.9239916697706894,0.8167652521761419,0.8549185404483222,0.9932457952540841,0.9262837350880504,0.9746255914050477,0.7516797032516032,0.9237454173815312,0.9203627110643426,0.9916779981174833,0.9237454173815312,0.8850267379679144,0.8918938425803833,0.8899674880802095,0.9525359424523359,0.743237780477719,0.9237454173815312,0.7881781245722409,0.8495369353332785,0.9876152547580852,0.9290904411508087,0.9053785002635065,0.8606558839862049,0.8623579941942761,0.8680092996687067,0.9722155622930324,0.8738606237740507,0.8543169908091184,0.7201104355222103,0.7789783388157538,0.8626092629624837,0.8980430597307061,0.9032901911357232,0.9659497926039275,0.9329075599064767,0.9237454173815312,0.9516937335159947,0.8522672538974265,0.9216935805184541,0.9496699001876994,0.6988893404807721,0.9933710628742858,0.7216014485743363,0.9780296622223209,0.962745373353485,0.7706782022940745,0.9237454173815309,0.9655891004529173,0.9856400485463763,0.8411932689425564,0.9372689456075767,0.812142797844865,0.9984192168061299,0.9119376979332721,0.833090247524831,0.9018349576828719,0.9858118985030546,0.940281523787128,0.8195585581273166,0.9727900438033125,0.8885760308062551,0.9917619408419694,0.9075408719115732,0.9819891156751775,0.9288957400617388,0.9405848418047036,0.8034882424102867,0.9099308683876863,0.8028738209441857,0.9291653056283693,0.9496699001876994,0.9206231796054523,0.6712152904430879,0.9173191647260968,0.7536773976207625,0.9979320111064158,0.9236841322241789,0.9105485287809455,0.9483778175231494,0.9751916033161048,0.9032901911357234,0.9889336557445273,0.9704295576642359,0.7674978361279063,0.9382025073594864,0.9157649010158165,0.9502624026349404,0.9722155622930323,0.954958245319263,0.9804632438769202,0.9689470530700142,0.9638961135870936,0.9927876060457907,0.8578025068137455,0.8885760308062549,0.9343769343025807,0.6980156047865925,0.9165049484215364,0.9165049484215364,0.9828201226319815,0.9516937335159947,0.7472184442808256,0.9329173736994583,0.8692627884605635,0.9212735133449717,0.9663573664294256,0.9806814419281435,0.9415130395407784,0.9165049484215362,0.8685297004951109,0.9237454173815312,0.9343769343025807,0.9237454173815312,0.9237454173815312,0.7278960280462456,0.9032901911357234,0.9969820872027787,0.9237454173815312,0.935913458484919,0.7983761198522137,0.9761805408072894,0.960208221426722,0.8939698978312669,0.8286078069287164,0.8687575206363238,0.8999487113882564,0.7596681204982016,0.955963524611184,0.9038507104210153,0.9876152547580852,0.8763477248373532,0.9948884478090538,0.7837466124737205,0.9465134699490588,0.9559635246111835,0.9494874991020567,0.8651122289269195,0.9343769343025807,0.9727161224599782,0.9722155622930324,0.8531334954793681,0.9466763852073139,0.9917619408419694,0.9409501284699298,0.8370715438632359,0.9505842741136858,0.8589624614952678,0.9032901911357234,0.8357941368922185,0.9783400888843532,0.9858118985030544,0.9780296622223209,0.9794961881747105,0.8513275505189928,0.9915304345591576,0.9828201226319815,0.9286877343347696,0.9165049484215366,0.8478996243734229,0.938870302819,0.8533072212327577,0.9234525794155062,0.9566607558716711,0.811816776192263,0.9292300415980934,0.8335254436197446,0.8812768771799535,0.7928563322485565,0.7402395084267586,0.9171790486927813,0.9444085189695841,0.9237454173815312,0.9659497926039275,0.8745574900762874,0.9834594839173173,0.9031015581071147,0.9075408719115727,0.9627453733534854,0.8893119774375076,0.9216839240896542,0.7577703728564176,0.7268318068198698,0.940281523787128,0.7304874123361762,0.9704295576642358,0.7995401424976345,0.9627453733534852,0.9141982714487245,0.9990726223359299,0.8251414413286069,0.9751916033161048,0.9907968532129023,0.8439537628190883,0.9379213704008385,0.8172579889167924,0.934549016210261,0.7672446223944525,0.9631664713582988,0.8874073419940796,0.9984192168061299,0.9821463001596105,0.9262837350880506,0.9895793431210863,0.9086236786089272,0.8391784404635925,0.9212735133449719,0.7860773594545309,0.9429405795551469,0.8730040523026371,0.866214321633072,0.9288957400617388,0.8458542904646649,0.9356184765244473,0.9917619408419694,0.8220976364913505,0.9870548548281963,0.9794798384951366,0.9269466168201911,0.9097196291136664,0.9885587804861202,0.9315900378678903,0.9953786045233857,0.9237454173815312,0.9345490162102613,0.9985656766383557,0.9117591632678115,0.8357941368922185,0.9237454173815312,0.8247774484253314,0.955659586184705,0.858962461495268,0.9160161841901238,0.9382927175073068,0.856366335700456,0.8698489604994102,0.9775422264544438,0.9595492191461488,0.9150049888002696,0.7973999783168806,0.9612479071602384,0.9343769343025807,0.8726019099592823,0.927846456636525,0.7744381670025752,0.993611639296974,0.6282549478611408,0.8912369310715329,0.9627453733534854,0.567067671750767,0.9119376979332718,0.9278464566365248,0.9370619345667415,0.8771090375593498,0.9733553741252823,0.9372689456075767,0.9701429667321069,0.907540871911573,0.8713363988392023,0.743237780477719,0.9212735133449719,0.8634896230757456,0.9592864686575602,0.9212735133449719,0.9212735133449719,0.9405848418047036,0.9237454173815312,0.9551504908703919,0.9132514571874899,0.9237454173815312,0.8028738209441856,0.986597596349885,0.9516937335159947,0.9722155622930324,0.9343769343025807,0.9262837350880504,0.9212735133449719,0.9260939578002522,0.8089843972083206,0.9032901911357234,0.7824210690195703,0.9237454173815312,0.8002051277743383,0.9783400888843532,0.9382025073594866,0.9498398745019849,0.9763993056378169,0.6741004313249234,0.9741270364328649,0.9437724388143582,0.7647258015371341,0.941105977149884,0.9701429667321069,0.9331959995055013,0.9457304308102046,0.7472184442808253,0.9683567858189088,0.9097196291136669,0.8961750730777805,0.9655471735397518,0.9783400888843532,0.715420380714474,0.7840931815527368,0.9237454173815312,0.9834594839173173,0.8959216145662436,0.940281523787128,0.9033093027593166,0.9123689706343678,0.7307279312200419,0.7774917415814295,0.9933710628742858,0.9657488674898416,0.7961936667320624,0.9237454173815312,0.9237454173815312,0.9009132970381386,0.8802077302875349,0.8999487113882563,0.9292300415980934,0.7890963332331151,0.952535942452336,0.9663127810661231,0.7795950173098771,0.9917619408419694,0.8204458272044244,0.9237454173815312,0.6915396572644223,0.9659497926039275,0.9434341193662401,0.9953636883061072,0.9372689456075765,0.9746255914050477,0.9237454173815312,0.9237454173815312,0.8198525538626726,0.7978692865150142,0.7722857787331368,0.907540871911573,0.9286877343347696,0.9024306604322354,0.8696700606673115,0.830222887606421,0.77233196780719,0.9216500077280878,0.9237454173815312,0.8727803597140285,0.7465192368593665,0.9262837350880504,0.8961750730777805,0.9038507104210154,0.89358148181802,0.8438604060303616,0.8763477248373535,0.9262837350880506,0.9679603415743415,0.9237454173815312,0.7398150798063188,0.9689470530700139,0.8756960152361013,0.9716987571027211,0.6594506532781463,0.9119376979332721,0.8572772924183016,0.936054417422548,0.9343769343025807,0.8484238679708538,0.8379676541650478,0.9123689706343678,0.8853053971558663,0.9807394508561751,0.8971465330611363,0.7596971752160062,0.9828201226319815,0.9663573664294258,0.8137099161685826,0.927846456636525,0.9634038194012378,0.926417416863658,0.9434341193662403,0.7345179816413969,0.9434341193662401,0.9953786045233856,0.8452551085303086,0.9431338207947482,0.8964003490509322,0.9701429667321066,0.9984192168061301,0.907540871911573,0.907540871911573,0.7739655512318296,0.9559635246111837,0.9212735133449714,0.9335014513268406,0.866628170390704,0.9262837350880504,0.9295628438712976,0.9689470530700139,0.7347413372441216,0.9218921360822357,0.9237454173815312,0.9328836257484426,0.9237454173815309,0.8041071051343203,0.9984192168061299,0.919047338673752,0.9012134114028683,0.9811175810523929,0.9237454173815312,0.7268318068198698,0.9292300415980935,0.7658847249875673,0.7487788074598989,0.7604083864978799,0.7394476245532001,0.9828201226319815,0.8148954182515795,0.9383978290775612,0.8091521482615254,0.9958156369515736,0.9460700595274507,0.9595379980389475,0.9953786045233856,0.9460700595274507,0.6586766384632863,0.8607094109952482,0.9640584711618396,0.7790693660488874,0.8179083071013351,0.9812604333461725,0.9237454173815309,0.9212735133449719,0.8476177654692205,0.9253902198628792,0.8941860053665245,0.9969332926552953,0.9918467423175148,0.9237454173815312,0.7821947040441048,0.8845911306628498,0.825090749145672,0.9237454173815312,0.8229032970602803,0.7099144500891441,0.9372689456075765,0.9409501284699298,0.9212735133449719,0.9740307444063399,0.9955703864028429,0.9247508816218675,0.9335014513268406,0.9193786499160461,0.7954303101906238,0.9568091155047099,0.9237454173815312,0.9379823487419271,0.9237454173815312,0.9372689456075765,0.8962941740028064,0.8263658547164228,0.9434341193662401,0.9566607558716713,0.9556700088637724,0.9128551938412919,0.916016184190124,0.9237454173815312,0.9194034345408688,0.8539357095503355,0.7055346123780641,0.9870548548281963,0.902988179609765,0.8634896230757457,0.8874073419940798,0.9183006535947718,0.8506680709069908,0.8391784404635929,0.9281909378927796,0.8506680709069908,0.9807394508561751,0.9315900378678905,0.9264797575088632,0.8506680709069908,0.9434341193662401,0.8971465330611363,0.9741270364328647,0.7533202390100001,0.9885587804861203,0.9510794216676575,0.839862916900804,0.8375645041075974,0.9331959995055013,0.9786100658041363,0.9009132970381386,0.9655471735397518,0.9212735133449714,0.9858118985030548,0.9601578145434304,0.954537282477774,0.9608122904345002,0.9996226592140791,0.9847684718618002,0.8623579941942761,0.8232697605650234,0.9741270364328649,0.9783400888843532,0.9065397721659634,0.7975620093583883,0.8912369310715329,0.8355139166300035,0.9314080535673726,0.9315900378678903,0.9876152547580852,0.9272844713112529,0.8893119774375082,0.7012298019851887,0.9380806103257937,0.7140026066694527,0.9093850586945158,0.9053985774691051,0.983858189740543,0.9701429667321069,0.8804190970592327,0.9216468514188099,0.8643444939088061,0.8506111344599003,0.7957420313772146,0.9343769343025807,0.9969820872027787,0.8843692184010488,0.9329075599064764,0.9979320111064158,0.9086416872600015,0.8034882424102867,0.9611183582315325,0.8588332480153082,0.9097196291136669,0.9147022959082679,0.9434749274016658,0.9953617559877295,0.7348936384311207,0.9288957400617388,0.9741270364328649,0.8543169908091184,0.8912369310715331,0.724993818179962,0.926946616820191,0.8397023694988113,0.7890002948676474,0.9933710628742857,0.9627453733534852,0.8728281607319321,0.7288956290309492,0.9546423142462039,0.9288957400617388,0.8327784007011552,0.9138411088140403,0.934376934302581,0.8648447549315539,0.955404639757861,0.9301863608775064,0.940281523787128,0.9511105270074123,0.9927876060457907,0.884940650773402,0.9343769343025807
p62_M,0.7633375347429148,0.9375844381576608,0.8848712502248584,0.9608634184056339,0.9919305345581159,0.9599080294518356,0.8443972183530593,0.8633554231637632,0.8976541691085207,0.3418241227800307,0.9360123464869743,0.8747265520025296,0.8747265520025296,0.9608634184056339,0.9048766089350637,0.7592114128414409,0.9980965995557116,0.9271009640247969,0.9555383641697375,0.9576735770276548,0.8803223329648364,0.9344681175525122,0.9314553797224698,0.4757826232079022,0.964301940744402,0.9271009640247971,0.940821549823033,0.9519642373961463,0.9644928340620884,0.8926935785276152,0.92019815694306,0.9799008321613358,0.9391866557097979,0.913638123172289,0.9919305345581159,0.9701343557301771,0.947752420917731,0.9391866557097979,0.3028451788013694,0.925687886831601,0.9287407729092756,0.9285324039439791,0.7124267297718091,0.9737816581441504,0.9408215498230332,0.8663821070003717,0.9842011665427951,0.9301746946212588,0.925687886831601,0.9190178597011771,0.2940426306563947,0.8688071243578377,0.9271009640247971,0.9531057683512587,0.9391866557097976,0.9242920540600268,0.6116462773079142,0.9459533477380775,0.8832775558062884,0.9424920127795524,0.9375517053100488,0.8480962071381711,0.9271009640247969,0.749132918284551,0.9534886050081051,0.840677197630187,0.9515133476881705,0.7715983355805618,0.8350194764363661,0.9555383641697375,0.9162269502513476,0.9256878868316012,0.8055821814466964,0.8811412034792876,0.9459533477380775,0.879190935397886,0.9344681175525122,0.9360123464869741,0.9766235540366277,0.9599080294518356,0.4756567281571499,0.9795036960805321,0.9215480977067743,0.9271009640247971,0.9459533477380775,0.9536828573969374,0.9344681175525122,0.8998093458317236,0.6632623989949445,0.9442013463068035,0.9459533477380775,0.8848712502248584,0.9297937743647984,0.978776890023786,0.9666307012815272,0.9977124314930521,0.8825917972400852,0.8803223329648366,0.836504608960178,0.9162633501146371,0.9706982209232327,0.9842011665427951,0.9459533477380777,0.9671525774314353,0.8932444491995201,0.9555383641697375,0.9012376341940858,0.7601350302337191,0.9643019407444021,0.8777261541236301,0.8994963539206025,0.5360488363029945,0.9834610888108481,0.9036569103682492,0.9496037211238535,0.9905742773885506,0.9375844381576608,0.3755161149294951,0.9581756603540752,0.9080629205282025,0.8549012313731065,0.8251617830106448,0.9843238957181939,0.6795835089380445,0.9271009640247969,0.9536387473697907,0.947752420917731,0.9120136950985207,0.9442013463068035,0.9098310498422768,0.926854212252672,0.9496037211238535,0.9515133476881703,0.8762593501599865,0.9408215498230332,0.7648347005325167,0.7449571903994117,0.9799008321613358,0.9515133476881703,0.9424920127795524,0.8459731339328608,0.9576735770276548,0.8956389981350417,0.8634987624252988,0.8195768504545652,0.9048766089350637,0.9765386381256519,0.7995051340460271,0.9256878868316012,0.8564442696037551,0.9576735770276548,0.9000373939808766,0.8009579281719535,0.8735611753844454,0.911315012010842,0.925687886831601,0.9579330415860179,0.9085802966718615,0.82818698920859,0.9110367363125389,0.9356367495594589,0.9180060542094439,0.9795036960805319,0.8610880720503438,0.9259093040850026,0.9110906193450523,0.8492693629146786,0.8929489608197008,0.9215480977067743,0.8504983624441864,0.9524863574623583,0.9442013463068035,0.924292054060027,0.8886615438957007,0.8444753756217378,0.9975001479158656,0.9555383641697375,0.8290046461414143,0.9149270915494647,0.8791909353978857,0.740717577854946,0.9485295702577208,0.9706982209232327,0.9350839192327515,0.9093762272332482,0.9028411927070046,0.9376077489798191,0.7414130926961153,0.9375844381576608,0.918861809581256,0.0,0.8976541691085209,0.8381840243077954,0.7963267771106675,0.6497908700690564,0.9459533477380775,0.475782623207902,0.9424920127795526,0.7813738098359857,0.8809804133269927,0.9873110786538148,0.9350839192327518,0.9459533477380775,0.9519967306429207,0.8297343501202494,0.3418241227800314,0.9459533477380775,0.7871523641444369,0.9502726792490608,0.879190935397886,0.8478507258139242,0.8988430035065227,0.9442013463068035,0.9459533477380775,0.7715983355805618,0.9459533477380775,0.8809668813683984,0.9692908559344788,0.9369399064928525,0.9459533477380775,0.8821740773501708,0.9459533477380775,0.8167808533529854,0.9012376341940858,0.9110906193450523,0.8679639303639388,0.9842011665427952,0.7904356987130697,0.9424920127795524,0.9314553797224698,0.5939872500536111,0.9000373939808766,0.8324856481619269,0.9191935655413226,0.9515133476881705,0.8929489608197007,0.6750802232781398,0.8964706102804105,0.9611956642977568,0.9098310498422768,0.9098310498422768,0.5437030025828595,0.9110367363125391,0.9424920127795526,0.9459533477380775,0.920472616230358,0.9459533477380775,0.9323250549948572,0.9502726792490606,0.9515133476881703,0.894177291242335,0.7904356987130696,0.4757826232079021,0.9085802966718615,0.9329497321807896,0.8860151533715295,0.9360123464869741,0.9984674516564293,0.45464026787598344,0.9564656546829655,0.8634987624252985,0.8524158205378936,0.9442013463068035,0.9039625825630313,0.8732965479503922,0.3028451788013694,0.98989647298154,0.8150212595036896,0.9741187306463792,0.862383237570735,0.9296299398867998,0.9515133476881703,0.7295384367300928,0.7601350302337193,0.8170840981467901,0.9555383641697375,0.8732965479503927,0.9085802966718615,0.9299834289466347,0.9679510284665813,0.9555383641697375,0.9582753654596401,0.8992238067179403,0.9534886050081051,0.8917839318880127,0.9608634184056339,0.9496037211238533,0.9136381231722888,0.8547345879297662,0.9424920127795524,0.9496037211238535,0.9842011665427952,0.8124681684833206,0.9555383641697375,0.919397765719613,0.9626826982918233,0.8780615512279373,0.8912265872652463,0.8958070756300918,0.9459533477380777,0.9728091693196088,0.9424920127795526,0.9515133476881705,0.8073419023819207,0.5041170450304865,0.9842011665427952,0.9256878868316012,0.9928378554472403,0.8306315975793841,0.7497174084566484,0.6638971220421825,0.8848194430340293,0.8324856481619269,0.7832626276778473,0.989093944243329,0.9576735770276548,0.9714591146969296,0.9576735770276548,0.955430200993886,0.5644277678695333,0.903656910368249,0.9842011665427951,0.9459533477380775,0.9515133476881701,0.7740271974389735,0.9271009640247969,0.9555383641697375,0.9039625825630314,0.9442013463068037,0.9459533477380775,0.9329497321807896,0.9555383641697375,0.9599080294518356,0.9785091597964404,0.9491852433491232,0.9795036960805321,0.9515133476881705,0.731414573425931,0.8179682595223974,0.9843238957181939,0.9391866557097981,0.8873802628159337,0.45464026787598344,0.955430200993886,0.8268088576336081,0.9375844381576606,0.9785091597964403,0.9599080294518358,0.7960982570121532,0.9136381231722888,0.8897835080822863,0.9408215498230332,0.9442013463068035,0.9553986077727084,0.9110367363125389,0.8277672007198686,0.9039319767184213,0.8344223133664421,0.9459533477380775,0.9612070097922705,0.6744067172269889,0.9149270915494647,0.9636703814083792,0.8866592451518314,0.879052916414743,0.9459533477380775,0.9459533477380775,0.6502205707763302,0.7702235757436391,0.998298565531059,0.9459533477380775,0.9576735770276548,0.9459533477380777,0.9175383063396302,0.9259093040850026,0.8764565355611856,0.9459533477380777,0.9188618095812562,0.9344681175525122,0.8493250476264829,0.8229510368893818,0.9459533477380775,0.8735611753844454,0.9110906193450525,0.7846547952584438,0.8350194764363663,0.9494874991020567,0.8612677948159462,0.9496037211238535,0.8152992487169168,0.9459533477380775,0.8111356819221287,0.9292705781907253,0.8500946683680415,0.874578629704112,0.9881959173184504,0.8758599594502998,0.9951011472655114,0.9459533477380775,0.9595554859827864,0.9805636636800179,0.9459533477380775,0.9933710628742856,0.8436265091195065,0.8319645762487426,0.8578060722285472,0.8073419023819208,0.9459533477380775,0.8451646916481849,0.876086553322736,0.9534886050081051,0.8712321677735528,0.8306315975793841,0.9390736794276016,0.9787821535244003,0.9245106322139445,0.9496037211238535,0.9628544051917185,0.9123483154835408,0.9677078677803634,0.8074807754229537,0.9907465466827752,0.862383237570735,0.9314553797224701,0.9515133476881703,0.9271009640247969,0.9459533477380775,0.9555383641697375,0.8952920587572559,0.9008161866122358,0.9894969760647814,0.9856324259650168,0.9424920127795524,0.9465352013818538,0.9881959173184506,0.9424920127795524,0.9894969760647812,0.9919305345581159,0.8984508716057181,0.8713193097015213,0.8976541691085209,0.9701343557301771,0.7913107724839367,0.9576735770276548,0.9922393349032013,0.9314553797224701,0.8895086670094998,0.9868619655962765,0.9576735770276548,0.8910496686756698,0.9928378554472403,0.9531644691774961,0.9254442979415586,0.9344681175525125,0.8964706102804105,0.9842011665427951,0.9136381231722888,0.7491329182845512,0.8690815696440013,0.9709760367855709,0.9645325849988502,0.9570183943574118,0.990864435474963,0.9707576097306716,0.9488806710239673,0.9732495942606136,0.9446283507116098,0.9263653201242561,0.9855431718151524,0.6492105730003317,0.9795036960805321,0.9818737559710531,0.8331621126794349,0.9894969760647812,0.9292609662309441,0.9299834289466349,0.9907143086558443,0.9140986247073861,0.9496037211238535,0.9210652057913622,0.8381840243077952,0.995006237994279,0.9280919787324253,0.9555383641697375,0.8809668813683986,0.8078092644882715,0.975236988777463,0.9928378554472403,0.940821549823033,0.9408215498230332,0.9799008321613358,0.3755161149294951,0.92019815694306,0.8419197259178683,0.9073379150848058,0.9442013463068035,0.9442013463068037,0.9491852433491232,0.7204019134707562,0.9408215498230332,0.8634987624252988,0.9459533477380775,0.9534886050081051,0.9459533477380775,0.9459533477380775,0.9162633501146371,0.6147792340402811,0.9136381231722888,0.9459533477380775,0.8785279636095873,0.8354954619978757,0.9688440619373717,0.9238713933864285,0.9381464391926995,0.9281269747398553,0.7702235757436391,0.7740271974389739,0.9425382768468591,0.4457539371773491,0.6897631234885993,0.9039625825630314,0.912359476799596,0.8631351086485664,0.9054461459141276,0.92019815694306,0.9391866557097979,0.47000354987575244,0.9357758588882916,0.9534886050081051,0.9245106322139445,0.9496037211238535,0.9301746946212588,0.5415934020098456,0.9772068366487998,0.9314553797224698,0.9826995014173219,0.918861809581256,0.9000373939808766,0.9314553797224701,0.9994890516008976,0.9496037211238535,0.9344681175525122,0.9881959173184505,0.9886329998507342,0.8773018426300594,0.9425382768468591,0.9515133476881703,0.8478507258139243,0.5437030025828611,0.9784212882796224,0.8825917972400854,0.9442013463068035,0.811301248630203,0.9215480977067743,0.9599080294518358,0.8473003449739172,0.9224226120671739,0.7740271974389734,0.8446423929470026,0.9344681175525122,0.5690577325366932,0.9071406350367375,0.9459533477380775,0.9515133476881703,0.9110906193450523,0.9459533477380777,0.9120136950985211,0.9344681175525122,0.9424920127795526,0.9666307012815272,0.8758599594503,0.91728949153178,0.8579277006233941,0.9576735770276548,0.8873504071891778,0.9570183943574118,0.9490607796022086,0.9424920127795524,0.9951011472655116,0.8878462163360936,0.9098310498422768,0.9795036960805321,0.8732468070952589,0.968837999655229,0.825526967529914,0.7848520371028179,0.9191935655413226,0.8742662697405406,0.8523344596018207,0.92019815694306,0.957673577027655,0.9843238957181939,0.947752420917731,0.9129765806675123,0.8964706102804105,0.9547382576229388,0.9442013463068035,0.8633554231637632,0.8308140518782612,0.9599080294518356,0.8089111070492554,0.9842011665427951,0.9536828573969374,0.9928378554472401,0.9285324039439793,0.7050836078414526,0.92019815694306,0.9643019407444021,0.9273191685398656,0.9360123464869741,0.995441286462974,0.9515133476881703,0.9581756603540754,0.9459533477380775,0.7102331764333376,0.8870713863070048,0.9295263143910528,0.9149270915494647,0.9459533477380775,0.8758082204608497,0.8956389981350414,0.9874196720316069,0.9175383063396301,0.8976541691085207,0.9531644691774961,0.9058538072885722,0.8009032908898461,0.9686400066736423,0.9123910493732625,0.8700195781003914,0.9176678508338107,0.9534886050081051,0.9330819649782569,0.65805244417112,0.9496037211238535,0.9502726792490606,0.9599080294518356,0.9399048586036761,0.9424920127795526,0.9599080294518356,0.9375844381576608,0.9706982209232327,0.9459533477380777,0.9170100277191798,0.8769340287666243,0.9701343557301771,0.9459533477380777,0.5415934020098465,0.9401666948359448,0.9776734189443859,0.9442013463068035,0.9515133476881705,0.940821549823033,0.9442013463068035,0.9442013463068035,0.9554302009938859,0.9459533477380775,0.5437030025828595,0.758237958704272,0.9459533477380775,0.9795036960805321,0.9516055113244815,0.970134355730177,0.9496037211238535,0.9039625825630313,0.947752420917731,0.9442013463068035,0.86885680340347,0.9671525774314353,0.9314553797224701,0.8015055770268694,0.9459533477380775,0.9012376341940858,0.9842011665427952,0.9795036960805321,0.8338539721527618,0.9024440319654481,0.9555383641697375,0.947752420917731,0.6046827959825728,0.9907143086558443,0.9329497321807898,0.9459533477380775,0.6048693972763175,0.9553986077727082,0.9201981569430604,0.8848194430340299,0.9570183943574118,0.9555383641697375,0.9256878868316012,0.9842011665427951,0.9852542301053671,0.8886615438957008,0.9459533477380775,0.9298144168543093,0.9395972874156602,0.3418241227800314,0.9116361072960726,0.940821549823033,0.8500491352017975,0.9231198983874689,0.9424920127795524,0.8845558582028527,0.8824303364090565,0.9459533477380775,0.9459533477380775,0.9085802966718615,0.8203324548260424,0.9330819649782569,0.8293931359623294,0.8790529164147427,0.8849805468777108,0.8296609453116082,0.8373851453596681,0.9285324039439791,0.8465967939923345,0.9459533477380775,0.9616559945502074,0.9515133476881703,0.3028451788013694,0.9036237117624286,0.9555383641697375,0.9313874640745574,0.9459533477380775,0.9459533477380775,0.7609151749640035,0.9459533477380777,0.8587257139579743,0.9344681175525122,0.8478507258139243,0.8929489608197005,0.9399048586036758,0.9645325849988504,0.8689868737850406,0.8410864781348428,0.9459533477380775,0.9098310498422768,0.9216429853334099,0.947752420917731,0.821479795530007,0.9550221641738399,0.7721442639654232,0.7452806972594479,0.9123594767995957,0.9881959173184506,0.9390170066658519,0.9459533477380775,0.9258694261363465,0.7157300978243293,0.7849247303741267,0.9890939442433289,0.8870713863070048,0.9375844381576608,0.9895471103623407,0.8736582841643714,0.9534886050081051,0.9213819287986169,0.7572929032155858,0.940821549823033,0.9644928340620883,0.9958114695283622,0.9271009640247971,0.9094159392181109,0.4312142709573821,0.9442013463068035,0.9310287774772665,0.9828956122135616,0.9502726792490606,0.9590184309099956,0.9599080294518358,0.9098310498422768,0.9581756603540753,0.9599080294518356,0.9570839709282044,0.9994890516008978,0.8894657784451023,0.9298144168543093,0.9644928340620881,0.9344681175525122,0.9868619655962765,0.8493250476264829,0.9391866557097983,0.9954412864629743,0.936489445350356,0.8871620821950168,0.4757826232079021,0.8465915930854306,0.9123594767995957,0.8943086219741141,0.8956741158401007,0.9459533477380775,0.8848712502248584,0.9298144168543093,0.9632839475377786,0.3418241227800307,0.9285324039439791,0.9299834289466344,0.9348057385055195,0.9459533477380775,0.8728912398822923,0.8742425548958965,0.5748138997143925,0.8563353458843087,0.8535712934243784,0.8737064903022851,0.9515133476881703,0.8929779761790178,0.9932711322969687,0.8742425548958965,0.9239272492759627,0.9314553797224698,0.8899436020594855,0.9581756603540753,0.9314553797224698,0.9459533477380777,0.9628544051917185,0.9800695481923836,0.9411337183009956,0.7740271974389737,0.825526967529914,0.9459533477380777,0.9442013463068035,0.969596036986903,0.882174077350171,0.8894657784451026,0.8379477020019617,0.8084546019152595,0.9459533477380775,0.8779582788912846,0.8846189616699074,0.9175383063396301,0.9459533477380775,0.8317070600826403,0.9489843611787745,0.9555383641697375,0.9314553797224701,0.9442013463068035,0.893795950522285,0.9292705781907253,0.9329452550639805,0.9242920540600268,0.9830487856961238,0.9314553797224698,0.8280868502882599,0.9459533477380775,0.9399048586036759,0.9459533477380775,0.3755161149294951,0.9062897869037814,0.9425295786510808,0.3028451788013694,0.8981214879942141,0.8970541644417511,0.9360462988835683,0.9175383063396301,0.9459533477380775,0.7056250093896075,0.8074273991606657,0.8700195781003912,0.9463957316839748,0.909831049842277,0.9515133476881705,0.92019815694306,0.5984189889242251,0.9110906193450525,0.9547382576229388,0.8887435762918519,0.9110906193450525,0.9175383063396303,0.9515133476881705,0.8780615512279373,0.9110906193450525,0.3028451788013694,0.9749771166196228,0.9881959173184504,0.944011921397141,0.9442013463068033,0.554535425151996,0.9299834289466347,0.8848712502248579,0.9098310498422768,0.9818737559710531,0.9085802966718612,0.6502205707763303,0.9442013463068033,0.4891995539660824,0.9080458932357938,0.9175383063396303,0.9316215436119186,0.81502125950369,0.9845876932424067,0.9024440319654483,0.9728091693196088,0.4757826232079021,0.9496037211238535,0.9957194866787558,0.9563275466273309,0.9229124393123014,0.9856324259650168,0.8941182576784141,0.9515133476881703,0.9534886050081051,0.759221367766084,0.9666307012815272,0.8883008446412397,0.995006237994279,0.92019815694306,0.7492854664412163,0.9329497321807896,0.9188618095812562,0.9459533477380775,0.8822599851269501,0.9338500679275201,0.9073379150848058,0.9301746946212588,0.8715094360820281,0.9752369887774633,0.955430200993886,0.7851794105127566,0.9271009640247971,0.9408215498230332,0.9215480977067743,0.9645325849988504,0.8266115967158121,0.9313565732561022,0.9360123464869741,0.9766791179975329,0.9442013463068035,0.8305669293430168,0.9477719280502401,0.9496037211238535,0.9477524209177308,0.7892352637455654,0.9229124393123012,0.9496037211238535,0.8917839318880125,0.8749963101648022,0.9795435310761682,0.9424920127795526,0.9400070997515086,0.7612562522625963,0.9795036960805319,0.8964706102804103,0.9496037211238537,0.883138316738527,0.9299834289466347,0.9534886050081051,0.8860151533715295,0.9285324039439791,0.9477524209177308,0.2639905338697751,0.9110367363125389,0.3011888348294096,0.9708240412800999,0.9534886050081051
p62_V,0.8842060613733781,0.9232502230992656,0.8165558862615871,0.9290476450874252,0.9011031204098299,0.9286491105644255,0.9271029476085211,0.864725754839093,0.9271708683473388,0.9246724996449085,0.9197173314687737,0.9765198713238088,0.9097446761129819,0.8532445498042331,0.9495451726341956,0.9901130883649605,0.9254399973981587,0.8702630231263386,0.9208725034246266,0.9735615243851738,0.9407101184880903,0.9821034579526184,0.9636429384587802,0.9472483006084296,0.9129412260730063,0.8702630231263384,0.8946812791236383,0.6704311646877339,0.9246724996449085,0.9259745669198833,0.8859100247525031,0.8278089777511932,0.9268928378647714,0.8725540131360714,0.90110312040983,0.9857542296718134,0.9070160137452734,0.926892837864771,0.9286491105644257,0.8677481975092116,0.9893365027100924,0.9951045446708902,0.9801025842096873,0.6670991173904618,0.9306570238192788,0.8553446938661144,0.9103107362174552,0.9248036389822767,0.897346133022701,0.690134315825824,0.9137092609592148,0.8964049030230725,0.8702630231263384,0.9919101586510035,0.9971351329787357,0.9598434065495688,0.8944128167827483,0.903814238682265,0.8523454860359134,0.8976541691085209,0.9187020853041776,0.901213918872994,0.9192323722404168,0.8769282987941893,0.9619936422826709,0.7455642704864853,0.9570498583959893,0.8486243618345873,0.9491216501344939,0.9208725034246266,0.8509107552317436,0.9546641894098516,0.9401196485914108,0.7394037182452793,0.903814238682265,0.9099598592417424,0.8862575327655299,0.8861224347761871,0.8175525529750239,0.9286491105644257,0.9197173314687737,0.9687072640073062,0.8603806964337215,0.9793765449927724,0.903814238682265,0.8440278889899995,0.9491937056321555,0.7274308857280448,0.9295177260723408,0.9006962362816697,0.903814238682265,0.8165558862615869,0.8720786106792688,0.8886885557651495,0.9453328829786445,0.8487177850680738,0.8334296988846719,0.9336231742732197,0.8262840145837936,0.7777575173438606,0.9235615721162849,0.9518893725088031,0.9038142386822656,0.9724717065876112,0.9101631209273876,0.9208725034246268,0.8242345650097711,0.6937385341169231,0.7966353836375039,0.8026641959931657,0.8442429032568111,0.8728105285248215,0.806406159189623,0.8769230748686261,0.9103107362174552,0.773856835387167,0.9919101586510035,0.9675591368764067,0.8140835212092647,0.8048350522025952,0.8164420477863376,0.8037010012713977,0.9129412260730063,0.9697053985844295,0.9304071958786946,0.7410605313220773,0.9070160137452734,0.9816534423683265,0.9097446761129822,0.906448948215731,0.7131716031707673,0.9518893725088031,0.9137092609592146,0.9801025842096873,0.9306570238192791,0.8326176685157793,0.9478142504113016,0.9139695648477242,0.95678955450748,0.9345566419027251,0.7822409793588179,0.9246724996449083,0.8146097523220854,0.989885327407523,0.8498453694474266,0.9495451726341954,0.7064415490417777,0.8538913507837402,0.836272447355894,0.7864594476203173,0.9735615243851736,0.6359391105477781,0.8563129293969087,0.9169654070089519,0.9998698480557453,0.9269440685361905,0.8449618676559307,0.8875850568726851,0.8638010933231242,0.8037010012713977,0.7701233061273562,0.9934680088001508,0.9687072640073062,0.8006066801327186,0.9604928957239958,0.8674433656039866,0.962117756001267,0.8319650172278283,0.8564453484165355,0.7189884198520011,0.9348849767198617,0.9097446761129819,0.865264061449212,0.7899822656331823,0.9981724938893013,0.9489076774831278,0.9208725034246266,0.8572214399093682,0.9548279537744675,0.7849984898875142,0.9561384571158602,0.9581877277816352,0.9527103274498212,0.9476564936340515,0.8076885934511454,0.7782072129288597,0.7677195120009637,0.8896949118117659,0.8889202553233962,0.8555999624260062,0.8976541691085209,0.0,0.8525566537855154,0.7773359490614893,0.8692256836285235,0.903814238682265,0.9472483006084296,0.9714591146969296,0.9021557813873116,0.8819149593488775,0.861720332491073,0.9855683111551213,0.903814238682265,0.9049546058661697,0.7102275485509979,0.9246724996449085,0.903814238682265,0.8594833999122522,0.9665395745874146,0.8609442969421733,0.9562956319157503,0.9930813109895489,0.938608053802739,0.903814238682265,0.8747543486949403,0.9038142386822652,0.9311934609622231,0.9070275927691092,0.917064373427584,0.903814238682265,0.9433748221244648,0.903814238682265,0.7953537098571342,0.8242345650097711,0.841769728397971,0.9234677961065929,0.9103107362174552,0.7302630362886743,0.9345566419027251,0.8780124908814333,0.88337420099123,0.939916427317623,0.8895042784520929,0.8725540131360712,0.8278089777511933,0.8544466580110088,0.8232169699833972,0.9767256838211877,0.9604928957239958,0.8649303928299303,0.9826558345338434,0.9254399973981589,0.8451259095144115,0.6226136845668244,0.903814238682265,0.9542850744905718,0.903814238682265,0.8597589905141506,0.8649303928299306,0.9570498583959893,0.9935786529621748,0.747001494291758,0.9472483006084296,0.6850102911155572,0.9257124459883883,0.7971434160526363,0.9533122281613602,0.681766500339492,0.9518893725088031,0.8543957596571321,0.8738606237740503,0.6150884137315945,0.90069623628167,0.9619936422826707,0.9540652225309976,0.9286491105644257,0.7904150221498887,0.7028896276654244,0.8728105285248215,0.8907785009971172,0.8221832493711043,0.9570498583959893,0.7807521162846507,0.7947239684924488,0.8177985976280637,0.9208725034246268,0.7157818454660813,0.862443606754346,0.9687072640073062,0.9581530071685886,0.9208725034246268,0.843411631792996,0.7212027978550601,0.9172245874626141,0.9636533573576247,0.9076715010813188,0.9103107362174552,0.8725540131360712,0.7555896950276604,0.9345566419027251,0.9103107362174554,0.9934680088001508,0.7869550332649647,0.9208725034246266,0.7919923993282009,0.9070738292390697,0.9279757260004395,0.9192447816479431,0.9675591368764067,0.9428307668638467,0.9269440685361907,0.8976541691085211,0.9137092609592148,0.7499679162891866,0.991705682662315,0.9934680088001508,0.8973461330227013,0.9271675367478894,0.8379743914201581,0.905353552229733,0.88940178109662,0.9954582444743532,0.9566743130386076,0.9774873843362967,0.7981512331969706,0.9735615243851738,0.8344537815126054,0.9286604261342954,0.925055097954939,0.8302420618976187,0.8527315889906659,0.8402174460344581,0.903814238682265,0.9137092609592143,0.8617436143407862,0.9003351095025167,0.9208725034246268,0.9932373028972723,0.9855683111551214,0.903814238682265,0.9129412260730061,0.9390675962200333,0.9286491105644255,0.8795427878825164,0.9583974000647958,0.9376024723749292,0.7416483906546629,0.860435337737461,0.8324299317930792,0.9129412260730063,0.8623802767933347,0.8410251327353993,0.9649533549085014,0.9250550979549395,0.9157261209694145,0.9575801908751342,0.6809691105890281,0.9801025842096873,0.7236590239537517,0.872554013136071,0.7173678496095608,0.894681279123638,0.9006962362816697,0.9853022040833037,0.8037010012713977,0.7217120522530187,0.6849179888917081,0.8109929410254912,0.903814238682265,0.7085404648301095,0.9997647479471943,0.8751550551919565,0.869984032149532,0.9775494508745609,0.790731445713156,0.903814238682265,0.903814238682265,0.9861399395631696,0.9735294117647061,0.8635427106500377,0.9038142386822652,0.9246724996449085,0.9428307668638467,0.8804580254427761,0.9383287406132206,0.7102275485509978,0.9818472950454276,0.9107284658135402,0.8833742009912295,0.839588392485503,0.7894672304251207,0.903814238682265,0.9169654070089519,0.893117002810002,0.7367045741196363,0.7649784375496949,0.938292717507307,0.7917136258358295,0.9103107362174554,0.6965222418854475,0.903814238682265,0.784503388276194,0.9003351095025167,0.8385686642892037,0.9392584276491529,0.9722871256652579,0.8372005383026937,0.8917716903077886,0.903814238682265,0.7564663847252742,0.9641410198240419,0.903814238682265,0.9658569692010741,0.9346373688541832,0.9502391382455673,0.8038365961051182,0.6993291524456546,0.903814238682265,0.9826022342408209,0.9223900390267132,0.9619936422826709,0.792096456276496,0.8379743914201581,0.5578580275041539,0.8983060995155132,0.8252968849462843,0.9103107362174554,0.7908213627520431,0.7776367173726881,0.9096814050133908,0.7487617826686745,0.8591999545931475,0.9101631209273875,0.9413503191453483,0.9137092609592146,0.9304071958786946,0.903814238682265,0.9390675962200331,0.9581530071685886,0.9455200203776393,0.777928598297947,0.8628087882864626,0.8976541691085209,0.9385339575314251,0.9320548388021017,0.8976541691085209,0.9869071248539465,0.9038142386822656,0.9575801908751347,0.8915021857388457,0.887394957983193,0.9390675962200333,0.7334893484396032,0.9735615243851738,0.7677800669179127,0.9953118525907374,0.9551587102827563,0.9191672850859928,0.9735615243851738,0.9073796744301683,0.6961048018937496,0.988141902926835,0.8728105285248215,0.9821034579526184,0.9767256838211875,0.8402174460344578,0.9699427324073249,0.8769282987941895,0.8748474407051274,0.9687072640073062,0.89940993957737,0.9533122281613602,0.8579782334751942,0.7145761397566917,0.978762420036537,0.9601822387561807,0.9614157420937994,0.806443767659212,0.878344938542309,0.8474072181717974,0.9379783610955623,0.9096814050133908,0.8086089323768617,0.9123081850682938,0.8649948386625976,0.9998120556396835,0.9157349837086728,0.7771181996320539,0.9518893725088031,0.9222964508422231,0.9041826209191484,0.9997647479471945,0.9881818565067271,0.8923809627682532,0.9141845256212942,0.968961592906853,0.9619936422826709,0.995811551634064,0.99739148678944,0.9614157420937997,0.8278089777511936,0.9208725034246268,0.9417736073071208,0.8425715828310383,0.8848720914219106,0.938608053802739,0.9476564936340515,0.8864910289627718,0.9668285821219422,0.894681279123638,0.8933254878909684,0.903814238682265,0.9172245874626141,0.903814238682265,0.903814238682265,0.6578097343682547,0.8780124908814335,0.925055097954939,0.903814238682265,0.7838186120686135,0.7072345174817737,0.8649303928299306,0.8674235253159315,0.9372491341528906,0.8692684930034038,0.8873949579831928,0.953729269925107,0.700492373294404,0.9268928378647712,0.6526753480184602,0.9172245874626139,0.9997647479471943,0.9851831776589017,0.9039486197286818,0.8859100247525031,0.8272591292363523,0.8976541691085209,0.9774760625705299,0.9619936422826707,0.8693218039282256,0.9103107362174552,0.9846049306378637,0.9520770374064558,0.9951045446708902,0.9730192332773053,0.889202003472368,0.8831642141197729,0.9870435897770229,0.805298367798994,0.8858262490605103,0.9649533549085013,0.88337420099123,0.9070160137452734,0.9112833421806057,0.7898054624490234,0.8563777123503651,0.95678955450748,0.9932934473528006,0.9666327685149196,0.982602234240821,0.8122403177666189,0.938608053802739,0.7869162810332528,0.9130801394464841,0.9286491105644255,0.7846534581659512,0.7874324949947343,0.9312886605944913,0.7967178434601243,0.8833742009912298,0.9668285821219422,0.8152874032981443,0.903814238682265,0.9137092609592146,0.9958115516340642,0.940119648591411,0.9808606898780692,0.9821034579526184,0.7333211029494358,0.9453328829786445,0.8372005383026937,0.9096814050133908,0.6936151522857597,0.9246724996449087,0.777118199632054,0.9459030817608802,0.5849735246974708,0.8976541691085209,0.9620139854217533,0.9385999323415704,0.9157349837086728,0.9376024723749292,0.9297917797970385,0.9848167773614599,0.7772773435488383,0.711474815901954,0.8988045555455051,0.9535310274378562,0.8496601527404541,0.6392495235332473,0.9246724996449085,0.9902509771638304,0.8918225519389452,0.8009108107228164,0.9082922466984112,0.9913927775374307,0.9006962362816697,0.7988672192536173,0.8410251327353993,0.9801025842096873,0.6264471227115957,0.9103107362174554,0.9997647479471945,0.8931170028100022,0.9951045446708899,0.9581530071685885,0.8859100247525031,0.9902509771638305,0.8520509574074738,0.9197173314687737,0.938608053802739,0.9137092609592146,0.9801025842096873,0.903814238682265,0.8988045555455053,0.9162588576915978,0.8064061591896232,0.8485974223311197,0.9038142386822652,0.8931419083462159,0.805640097582113,0.777320597925978,0.8804580254427761,0.9569327731092436,0.8165558862615871,0.9207647758395388,0.9361550527460222,0.8628087882864626,0.9870435897770229,0.7921299593375084,0.9636129646778213,0.9619936422826707,0.8387472004447059,0.8944128167827483,0.9934680088001508,0.8649303928299308,0.9286491105644255,0.9202538117870076,0.8976541691085211,0.9286491105644255,0.9050999380213892,0.8652640614492118,0.9038142386822656,0.843401223170644,0.9251890494530881,0.752321062412913,0.9818472950454273,0.9520770374064559,0.768838929158838,0.6993291524456549,0.9006962362816697,0.9998698480557453,0.8946812791236378,0.9006962362816697,0.9006962362816697,0.9513056403643733,0.903814238682265,0.9306570238192788,0.8480002345284663,0.903814238682265,0.875392889110175,0.8357109254745527,0.8456943293164721,0.9103107362174554,0.9619936422826709,0.9320548388021015,0.9006962362816697,0.7652265166628882,0.7862772821017797,0.615284883007249,0.8924960637640126,0.903814238682265,0.8717659040471615,0.9103107362174552,0.906497680742552,0.7356482768580597,0.8983060995155134,0.9208725034246266,0.9472483006084298,0.8289046492252253,0.9572535390944724,0.9129412260730063,0.9038142386822652,0.9411372791480437,0.9046673347723677,0.9417736073071206,0.8276804521151586,0.9197173314687734,0.9390675962200332,0.9269440685361907,0.9518893725088031,0.8242345650097711,0.7114407973505094,0.903814238682265,0.9428307668638465,0.9400715716602512,0.9246724996449085,0.8515645413711996,0.8946812791236383,0.9197173314687734,0.728302900027585,0.8976541691085209,0.8082207109873696,0.7209562538232173,0.903814238682265,0.903814238682265,0.9378679571093622,0.7674443935495439,0.8617436143407862,0.8015764651334418,0.7369241763172898,0.9574566750227977,0.838652515776156,0.7218335136954409,0.9033840325613385,0.7071250953823431,0.903814238682265,0.9248036389822765,0.9137092609592146,0.9286491105644257,0.8197615021144062,0.9208725034246268,0.7093845208018319,0.903814238682265,0.903814238682265,0.7251350722516976,0.9038142386822656,0.7262492084016929,0.8833742009912298,0.8587152908989979,0.966854861926912,0.8915313000367351,0.8544466580110088,0.7346828869070904,0.7535317980628822,0.9038142386822652,0.8649303928299308,0.6780163238366002,0.9472483006084296,0.9675591368764067,0.9724405439188561,0.8233778614369383,0.8307107766015771,0.869984032149532,0.8918225519389462,0.91939682784893,0.903814238682265,0.7394037182452794,0.869984032149532,0.944373221143731,0.7981512331969705,0.8782364734610337,0.8707699702455199,0.5257168084468455,0.924850733569154,0.7693920287969884,0.9049546058661695,0.8094235738011699,0.9614157420937997,0.8308823766537645,0.9290476450874249,0.9493044586165951,0.6900968864541076,0.9137092609592146,0.9006962362816697,0.9378886414062887,0.8140996298818861,0.9919418700267857,0.9340629266057604,0.9169904684997892,0.8903326882693017,0.8140835212092659,0.9169904684997888,0.8387472004447059,0.9548279537744677,0.844516222689156,0.7840535358650871,0.8797714013940298,0.9491937056321555,0.8533477804450669,0.892003241535156,0.9268928378647714,0.8718328585919123,0.9527103274498212,0.961871321087551,0.9070160137452734,0.8125926110576573,0.973808604787662,0.9209602669566456,0.9382922706277477,0.903814238682265,0.8165558862615871,0.7060204795019251,0.894775649954849,0.9246724996449085,0.7603074230369727,0.8753928891101748,0.9777142969208076,0.903814238682265,0.7612466191703302,0.8184994721009322,0.9998120556396835,0.7076563328093322,0.7394037182452793,0.6900968864541075,0.9137092609592146,0.7516442648566323,0.9700890103660439,0.8430403885492568,0.6930056814319605,0.9413503191453481,0.7386906216197298,0.9286491105644255,0.8780124908814333,0.9428307668638465,0.985973837347655,0.9546641894098515,0.7215636700688657,0.953729269925107,0.8112580761071855,0.9791361767729916,0.9006962362816697,0.6936344781713555,0.9058889543708606,0.8252968849462843,0.7701790453953806,0.7627747862609859,0.903814238682265,0.7632393659713665,0.8921736910811455,0.8532445498042334,0.903814238682265,0.8245687493138688,0.9971351329787357,0.9208725034246268,0.9413503191453483,0.9006962362816697,0.888908625674478,0.9493044586165948,0.8940004303916704,0.981859082783358,0.981819680184041,0.9413503191453481,0.8160850546270644,0.903814238682265,0.9935786529621748,0.903814238682265,0.9675591368764067,0.8594833999122522,0.8069977057853791,0.9286491105644257,0.9413975349614581,0.9630790885974649,0.9835504638833161,0.9076715010813188,0.903814238682265,0.8633941295664631,0.8405726934552351,0.9534406248067104,0.9417736073071206,0.8395280973905592,0.9998698480557453,0.857978233475194,0.938292717507307,0.918790640016018,0.9438574353009707,0.7795852220879211,0.918790640016018,0.929047645087425,0.913709260959215,0.9279757260004393,0.918790640016018,0.9286491105644257,0.9304071958786946,0.8113579782126333,0.9694006342434536,0.9006962362816693,0.938292717507307,0.9376024723749292,0.968961592906853,0.9826558345338434,0.9319740243268226,0.9881508573460396,0.9250662538963621,0.7580974060287027,0.9520770374064558,0.9482023963031523,0.8532445498042334,0.9809723722875295,0.9119986366029309,0.8713196161225917,0.8983060995155134,0.897346133022701,0.9070160137452734,0.9103107362174554,0.9809723722875294,0.8315381776794208,0.8212435824605389,0.964856141211902,0.9927472117671714,0.9137092609592146,0.9172245874626141,0.9837492786682908,0.8603806964337211,0.9570503230864866,0.8964106794146756,0.8859100247525031,0.9770848658917581,0.9902509771638305,0.8555999624260062,0.9428307668638463,0.8162294407746962,0.8289675444825273,0.8599816030225975,0.9619570730428988,0.9688995691950875,0.9484682480772154,0.8911911051790228,0.9378886414062888,0.8702630231263384,0.9666327685149194,0.8603806964337213,0.8994099395773703,0.9509555991736868,0.9181242917632635,0.8861224347761871,0.7940039242706232,0.9006962362816695,0.9634106997871459,0.9753567891023746,0.9518893725088031,0.9070160137452734,0.9932674388112273,0.9489763235372801,0.9103107362174554,0.9247442426922241,0.9865430941804076,0.9808829460239414,0.8976541691085209,0.9714591146969296,0.9158089786161162,0.875392889110175,0.8617436143407862,0.9103107362174554,0.894422781488096,0.875392889110175,0.9172245874626141,0.9222741729137713,0.964531040634373,0.9472483006084296,0.9246724996449085,0.9477495492705186,0.9208725034246268,0.9662468905912408,0.9619936422826707
p63_W,0.7060523657209861,0.7465919285022482,0.40746226576808786,0.9913325464581244,0.8511420268993706,0.7881119119846209,0.8865465995820314,0.9354488123388432,0.6632614409621946,0.8607374764874878,0.76158753912642,0.8445574319866596,0.8164111026582046,0.604593210955841,0.8501661719110105,0.8783756961652198,0.8742016127287793,0.6147249152447198,0.9383224635159269,0.8125986986748956,0.6473883059837806,0.8491224334005041,0.7788072202557932,0.9177021057109449,0.8852080508514842,0.7601473737062696,0.7940747374495472,0.7646516253438118,0.8125986986748952,0.9340433178234218,0.8203837409992218,0.8724525586652856,0.730747389984701,0.7158518944499066,0.8511420268993708,0.992355755240514,0.7537379895670704,0.7046728979089052,0.8680892785394447,0.6512046762044337,0.7012814311789677,0.9918396019515223,0.8680892785394447,0.7320811107167824,0.992253595139168,0.516887058401351,0.7645217555830743,0.8197688297844967,0.9972117617816116,0.6212030430021862,0.8404690714821106,0.2483327520318459,0.7601473737062696,0.7946401316668192,0.9393433265910527,0.6648011668958782,0.7725459839342219,0.8221755430097122,0.9987474051006786,0.7508613366580389,0.6711027345682941,0.5512744660913502,0.7824733633865932,0.7179721547238296,0.8469680690265142,0.7057557184228174,0.9044360458484604,0.632612583566718,0.6127715890611926,0.938322463515927,0.6370746630645772,0.6292307035785611,0.9380414785683449,0.49610592624319194,0.8221755430097122,0.5006779232972449,0.7758242809380289,0.911235815768306,0.7652786385105348,0.7881119119846207,0.8144090103882338,0.7916076919326402,0.9217502100689848,0.8379848120479377,0.8221755430097122,0.5560856599040824,0.9065503917245785,0.7679842569794824,0.9197065733461768,0.8164111026582044,0.8221755430097122,0.7259326563352106,0.6330636128314974,0.6148444713923917,0.9310868327312085,0.6684417001136995,0.74131230420556,0.3985964685857143,0.5860352996487308,0.6198896960354352,0.9677680856796699,0.8571276552686214,0.7433271986454172,0.9044726685607114,0.8926076343099012,0.7650180104070299,0.5133239249489021,0.4903636205505759,0.875219848466557,0.5945870914576534,0.699202897350427,0.8946691478784725,0.7394827388039851,0.9398253938962517,0.7645217555830743,0.6517428798814819,0.9504887906493299,0.8537121927533957,0.7881119119846208,0.6408671827197461,0.8983929196717115,0.8168666899477832,0.6695931602377218,0.8478242437694838,0.9496147604495458,0.8294541466160634,0.7238689073196174,0.8202814699112497,0.9302719333857008,0.9484936755810924,0.7141868656572685,0.7645217555830741,0.8077125695029684,0.868089278539445,0.8052908861542938,0.6494045661357659,0.6511731601562345,0.8396960566861427,0.7757290823197938,0.810787048372184,0.5290664438004598,0.7763027181373822,0.8082766207407623,0.6687616397213991,0.8495316738697108,0.7595320397884673,0.7852042495635063,0.5132278024121044,0.9532638165298672,0.5277791250895738,0.9333294375625139,0.6711027345682927,0.8060482328692119,0.7383562932953539,0.9676300054188413,0.7994460081487629,0.9941149000377199,0.7034963315355375,0.8015433607503686,0.909130199273938,0.9658443899934058,0.949733554954169,0.768515005635253,0.5206541019660578,0.5042118234395043,0.8922591610027578,0.8481115674361042,0.5009927486406254,0.8376570916690953,0.5915955427894755,0.6652043473437464,0.7051012987580608,0.8807484549284339,0.896598849724724,0.9673553091688476,0.7889093993668289,0.8343397916505886,0.7486931685470561,0.9961281200327701,0.7635355643868138,0.8923580093406838,0.8289141530872883,0.9244870972819852,0.7895402867434261,0.7970498520437135,0.7087879783916209,0.5168689603416894,0.9604358156345278,0.9220756705087446,0.95999911008977,0.8381840243077954,0.8525566537855154,0.0,0.2640293352858296,0.7235846539919928,0.8221755430097122,0.8280948589685844,0.860449240400483,0.8870253318604056,0.4797066334498674,0.7008206406439674,0.8458329454003359,0.8221755430097122,0.41793990608696785,0.4882298271749306,0.860737476487488,0.8221755430097122,0.6895083688440475,0.7410439773407809,0.679824725070568,0.6092690420627676,0.795009983858163,0.8445574319866596,0.8221755430097122,0.6873773819632127,0.8221755430097109,0.5936245590867111,0.40877222422623616,0.4014202006921914,0.8221755430097122,0.9849078474147692,0.8221755430097122,0.7786180218181604,0.9397118684684787,0.5872909710885975,0.4492272221755427,0.9576605453602833,0.4350831436107645,0.8107870483721837,0.7082727211273416,0.8088195217746126,0.9440298563245737,0.7466670914619353,0.7774389061377235,0.8077125695029682,0.6644710741162818,0.8706660166738589,0.7601541351552024,0.6687619953451737,0.9862118025338764,0.7787621042935644,0.8052908861542931,0.7399804321759875,0.9203749521146292,0.8221755430097122,0.8130233849328201,0.8221755430097122,0.8998419856034208,0.7686203722730276,0.9996134926020158,0.9764211474326004,0.42265624924877643,0.8280948589685848,0.6992106185642009,0.6456359501695257,0.7020356448193333,0.964057287030121,0.6950460310494042,0.8341860124462197,0.7265657242091899,0.7410167453311375,0.627354537759585,0.8164111026582044,0.9134425692262829,0.670080727666702,0.8680892785394447,0.8584569637939794,0.8454609180285999,0.9237448518495197,0.992260793079823,0.7939963202350968,0.9356465182356667,0.6709673022174065,0.6777965556591974,0.5459115187061998,0.7650180104070299,0.5945870914576534,0.9605263278955649,0.8620020136065494,0.8701496303554945,0.7650180104070299,0.8696847088727697,0.45051693548525407,0.9466798193261674,0.47778584346700415,0.9480563171539703,0.7336531223545578,0.7969277214997373,0.5508480294794678,0.696067384786817,0.7336531223545585,0.9576605453602833,0.34232058628513595,0.7996789010288086,0.6948835942231502,0.5875454392790904,0.3709263948713688,0.9594287570186237,0.9230339739969549,0.9670079624580028,0.9588402929666442,0.6960673847868172,0.8396960566861432,0.48305908761113336,0.7102314698482417,0.8879962884971373,0.7171265940820497,0.955256744040162,0.5188385641287616,0.7009718176395356,0.7786222160963072,0.9733820559887146,0.7546520121592397,0.672190345008643,0.7778908822549042,0.9940786013624601,0.7148874080958276,0.8851906597499213,0.9497176787940782,0.7410439773407804,0.6345030237016702,0.8650546456747354,0.8221755430097122,0.8404690714821097,0.9308831271199941,0.9719407501298676,0.7650180104070299,0.9134425692262831,0.9302719333857006,0.8221755430097122,0.957079681056072,0.7650180104070291,0.9027115151432656,0.7872972995988178,0.7612970343877727,0.9543727587960986,0.9036630310524921,0.494567682363356,0.36046717782432547,0.9091652609196803,0.799911752651006,0.4355738126651608,0.8341860124462195,0.7353407098119205,0.3709039597577797,0.8456143472035895,0.7957856926374844,0.8263117797041691,0.4156268065325168,0.7969277214997372,0.44649636381029234,0.7940747374495478,0.8164111026582044,0.9164427712637048,0.909130199273938,0.45024285117305807,0.5300646794628874,0.2478889243394763,0.8221755430097122,0.4882924155106747,0.98142837055861,0.9644382716855964,0.6909774010191304,0.9577826208249471,0.5117008174131854,0.8221755430097122,0.8221755430097122,0.9148923477148998,0.8009306866518824,0.6777018020727117,0.8221755430097109,0.8488946792124081,0.8221755430097129,0.8903139858116157,0.4219367374866696,0.6003300731194807,0.8012601664247331,0.9804632438769202,0.8246897159130124,0.32906356351902566,0.4251402196941816,0.8221755430097122,0.3769413035437099,0.9113196728723928,0.4169171362795083,0.4760607731755928,0.7553577722182705,0.9735418557775422,0.7336531223545584,0.49837954930289774,0.8221755430097122,0.3350566527687284,0.9496147604495458,0.9490954258521167,0.8066945353609813,0.8732143185568833,0.4388583935274125,0.7046728979089054,0.8221755430097122,0.7343743493661206,0.42906227342695347,0.8221755430097122,0.9376802209744797,0.843336015850525,0.6407119552428046,0.2653942050049851,0.5081224305144163,0.8221755430097122,0.8613367088531934,0.6326125835667176,0.9536084303741795,0.9102753876962763,0.6582329616468381,0.6926957751731018,0.7324189654618372,0.7263265833710788,0.7645217555830743,0.9587975984252077,0.602513654161871,0.7552957205463094,0.6067025050949248,0.9316622057815845,0.3158628039944493,0.797985784973499,0.7437455951366188,0.9049627810889025,0.8221755430097122,0.9923557552405138,0.6668521655435211,0.6232986565903789,0.9640572870301207,0.9337730589090519,0.8381840243077952,0.9049934678062674,0.9329524830517893,0.810787048372184,0.8364116774473629,0.8012601664247332,0.9759758984177156,0.48394531184161904,0.8893135105463198,0.9923557552405142,0.5422885437366773,0.9214866402874341,0.8965885627403591,0.8963647188032121,0.8543145763550999,0.8735551508879961,0.8607374764874878,0.6248477812597916,0.8027726490830818,0.9555969530976658,0.7875553516455136,0.7025261284755542,0.5040606472080175,0.980602188182685,0.7969277214997376,0.7646154153854527,0.8841906746477937,0.8147003782300277,0.9649040979237948,0.9611185746489358,0.7581727381433541,0.9419552317203568,0.6014299018722351,0.6388695445621948,0.9543284880080108,0.8555360460865207,0.8444645294787665,0.728684288777202,0.8158166410117746,0.7979857849734993,0.25376889284794857,0.9889986664704353,0.6126104096572254,0.9070711234195773,0.9760700705133396,0.824580440976189,0.7953903888115899,0.9644375945454982,0.5493669908908423,0.8836798883263419,0.9315226508340713,0.8883730833751751,0.9770336072634433,0.7326676797006799,0.8871339301744108,0.987561720350933,0.7673657790231366,0.7139478621703154,0.8724525586652856,0.8537121927533957,0.6404542342499255,0.378463877245482,0.6765880129990257,0.7613939574149713,0.8176866160718812,0.586145109336919,0.8691358418126567,0.8319998445807033,0.4953493862580274,0.8221755430097122,0.7874221798747583,0.8221755430097122,0.8221755430097122,0.5562817533598687,0.7744742852640154,0.9333494290338366,0.8221755430097122,0.4714199810351576,0.5760593531784679,0.7221849138643885,0.9730668694858629,0.42211817726266554,0.511260244737519,0.9730172437639926,0.6593672921645075,0.6501013660074393,0.7999117526510051,0.8962957236149203,0.8469680690265144,0.7309151370592357,0.44649636381029123,0.49570058757548097,0.8892982456733957,0.8259862447267996,0.8381840243077954,0.8460437143634103,0.7874221798747578,0.7590113753264,0.7645217555830743,0.9616475384687978,0.9309831092120702,0.9918396019515223,0.6612497217083743,0.4830991995160092,0.6325729694953701,0.7760665734156929,0.9860777826493692,0.7792432744837865,0.8341860124462195,0.7843868042871214,0.8134761540619768,0.8528195940106039,0.7054062014065681,0.5866496878058569,0.8724525586652858,0.7864402420619161,0.8052908861542933,0.8986214768219936,0.646924326280196,0.8458329454003358,0.4169171362795083,0.6484475752693442,0.8645116474237171,0.3102377421070348,0.4755414770245614,0.9325336793081733,0.3210689911211069,0.873555150887996,0.6750517685091464,0.7995810981801554,0.8221755430097122,0.7437455951366188,0.783712137213447,0.772293682535075,0.6926918234037982,0.9065503917245783,0.8107870483721848,0.6904941344692888,0.47769943738822973,0.919876218512696,0.5169309358294607,0.8125986986748958,0.48779749811994744,0.864291769268863,0.7025351924643879,0.8381840243077952,0.9393433265910527,0.6329705110390627,0.6743250548910674,0.9543727587960986,0.6118512805109244,0.595285008791977,0.3512027089928822,0.7316926287035272,0.8748829829477938,0.5512744660913504,0.4283058969176824,0.7581727381433543,0.8851906597499213,0.851262638398361,0.9628215652992425,0.44816360783757203,0.8300962841292987,0.6730379764597543,0.8445574319866593,0.39021575326284097,0.35643859148288104,0.9444890139785416,0.7108201620874159,0.9267919121317674,0.8644096395956207,0.720714554176042,0.7130831476064654,0.8926699940305365,0.7234022380577487,0.7793910081937734,0.8589205739516841,0.6867634008054773,0.9302719333857008,0.7757290823197933,0.9409113828628137,0.8221755430097122,0.9107400480700496,0.5537181273766227,0.550848029479468,0.609535797150896,0.8221755430097109,0.6978814341714032,0.44844683745413905,0.6885967077095263,0.728684288777202,0.45909711776604356,0.5348504219949366,0.7195212220771783,0.9099372053127739,0.6778845277677645,0.9335123316867928,0.5041268831652264,0.5121168333234963,0.754184929774874,0.5040606472080174,0.7941864781330643,0.980602188182685,0.9949291339897315,0.7881119119846206,0.7676903214261124,0.750861336658039,0.8263117797041692,0.6701306051970926,0.7730036378900889,0.743327198645417,0.9891366887312186,0.3954736909179698,0.8537121927533957,0.946092585873023,0.8332522392621042,0.425400197668116,0.5457174448693414,0.8164111026582044,0.9676300054188415,0.8319998445807031,0.8164111026582044,0.8164111026582044,0.9723270597578653,0.8221755430097122,0.992253595139168,0.8514918351487014,0.8221755430097122,0.7454223193378654,0.9972746628282478,0.8537121927533957,0.7645217555830743,0.8871339301744109,0.7537379895670702,0.8445574319866593,0.4526542194108334,0.5168689603416892,0.7744742852640152,0.6411819402082435,0.8221755430097122,0.7956280315721895,0.9188649217256533,0.7223296330404783,0.5517474426233662,0.7869999039779613,0.7650180104070297,0.8732143185568829,0.7793910081937736,0.9572110070369475,0.8852080508514846,0.8591931342040491,0.9484936755810924,0.776758717164141,0.9033317448070455,0.7114868751205987,0.8364116774473632,0.9576948646187344,0.953263816529867,0.7953903888115903,0.7603400182442787,0.6983034804250932,0.8221755430097122,0.8881596180937071,0.44364663964361073,0.860737476487488,0.5198901862466521,0.713947862170315,0.9112358157683065,0.4366383498382149,0.8381840243077952,0.33079160432794497,0.4574140082238902,0.8221755430097122,0.8221755430097122,0.848533881039266,0.917897934477488,0.6577167399763286,0.4107489934222772,0.5383323925386154,0.3794441666106848,0.2576630730702084,0.49926780638524804,0.9464431018835202,0.38310046651604956,0.8221755430097122,0.9374677084173377,0.7437455951366188,0.8680892785394447,0.36117630580577864,0.7650180104070299,0.5512744660913498,0.8221755430097122,0.8221755430097122,0.4446800230858705,0.830226650314391,0.5475903982647885,0.6536606935005707,0.5254965238430311,0.46761130155090136,0.8956345869967561,0.9516422843518957,0.5897226906502011,0.5783957544248179,0.8221755430097109,0.8629156896549875,0.5011820044980935,0.8433452363094306,0.992355755240514,0.8344468668879628,0.8657164670375863,0.9866923902684122,0.8836798883263419,0.828094858968585,0.5256562282643092,0.8221755430097122,0.5989588906545111,0.9607608832492265,0.7145432447508675,0.8359391396363702,0.5537181273766234,0.9250016828809453,0.6845218851552759,0.5318734889124651,0.8469680690265142,0.9747249192268963,0.5597199944590157,0.8742016127287793,0.8488946792124081,0.8094991372944087,0.8271253427472367,0.6232986565903786,0.8724525586652854,0.8164111026582044,0.7273234948954237,0.7941864781330643,0.7686203722730276,0.99626223074917,0.868089278539445,0.8817747531313795,0.868089278539445,0.9027115151432652,0.8625915303340774,0.7792432744837867,0.6526623694778175,0.8511420268993706,0.885190659749921,0.946853303350471,0.8821176742370869,0.5625452111186777,0.7307473899847018,0.8164111026582046,0.9456699375249609,0.6609941367370731,0.8280948589685844,0.5926240993597607,0.9236176243664469,0.7013023780913863,0.6289201972129765,0.8221755430097122,0.7259326563352106,0.9670079624580028,0.5255965758231138,0.8607374764874878,0.8719708978444717,0.7696312684169992,0.8471218316665831,0.8221755430097122,0.5169309358294603,0.2976738356926294,0.7696312684169995,0.5213189613532814,0.5989588906545111,0.5474465965669064,0.7757290823197933,0.5563146518449913,0.8179639313556324,0.9007413435840799,0.5645338820641019,0.7082727211273419,0.7010331360917046,0.7881119119846207,0.8493417193842445,0.7722936825350751,0.9252048749055415,0.9093158712781229,0.6458345691017058,0.676440191360987,0.28813313386120665,0.9090749946786867,0.8164111026582044,0.6322050239918828,0.5117961894922448,0.7263265833710788,0.4417691099971859,0.3579227470321533,0.8221755430097122,0.43385688703452185,0.5116450244120998,0.6247969230851427,0.8221755430097122,0.43954993257662434,0.8871943424394642,0.7650180104070299,0.7979857849734993,0.8164111026582044,0.4298066288967435,0.7824733633865935,0.8826772188225441,0.9028466030831426,0.8392147722529926,0.7552957205463097,0.2768464730692711,0.8221755430097122,0.8529864984732081,0.8221755430097122,0.8537121927533957,0.6736853886523615,0.6715605744129729,0.8680892785394447,0.7418773163314569,0.3389637959345524,0.6845218851552759,0.9884637414125739,0.8221755430097122,0.594326616993688,0.4500109726136272,0.4569649270470305,0.8411207419511779,0.8251975627022041,0.9356465182356668,0.9100352466253515,0.9172160871873296,0.802772649083082,0.6249667165581445,0.34544241520219554,0.802772649083082,0.6652043473437468,0.7437455951366193,0.3863036464257279,0.802772649083082,0.8680892785394447,0.7824733633865932,0.9177021057109449,0.755357683730347,0.7332476280865161,0.7535030168901291,0.8377930645274146,0.8282087968708169,0.5800297375091057,0.8685202841019504,0.7178760263735862,0.755498062897018,0.9584182627141556,0.9798485441870537,0.5809968580970093,0.5641857866972377,0.7176765317465144,0.5335558196594934,0.7825598617036009,0.48441178473635427,0.8489704298372832,0.9177021057109449,0.7645217555830746,0.7571383508225538,0.9519603648782343,0.9809307640438518,0.7205326162913126,0.802954704265519,0.8077125695029684,0.7541849297748742,0.8351438778648537,0.7629005959314292,0.8866209676026138,0.8272663807128411,0.9722462494812192,0.7288239598919044,0.7654220005105049,0.8353595520387289,0.7143607147557588,0.7942032620665804,0.6405003322266856,0.7320252826506685,0.6684417001136995,0.880731615080928,0.8469680690265142,0.7969277214997376,0.8743680097041804,0.7601473737062696,0.9121267198599359,0.7535639732692061,0.918260837262172,0.8254526210104338,0.9560656995585888,0.6618220213651618,0.8133161005446465,0.789540286743426,0.9413045171819385,0.9454222633935463,0.8341860124462195,0.783607071814524,0.6179758683436098,0.7463662771643378,0.8879962884971375,0.8262289965174925,0.5635454405070002,0.9303932280793389,0.942640168207316,0.8604492404004833,0.5164994011271367,0.8839784371221898,0.6918625383692862,0.949733554954169,0.6035373035602909,0.629958887850929,0.7874221798747583,0.6249667165581447,0.8265743977764695,0.8134761540619772,0.8607374764874878,0.7679475180845197,0.853712192753395,0.9857410593760514,0.7874221798747583
p63_Y,0.8149165593453982,0.8069216955337821,0.5677145589768611,0.9747092296087321,0.7866211206538798,0.8440565830183069,0.8899986675265623,0.874319136180142,0.5592336474023913,0.8107770727973276,0.848374544260414,0.7779891015560226,0.7505486208297507,0.7186476178590229,0.9458620647975153,0.7805606757629056,0.9260519438161889,0.7164488397748479,0.9622268329997987,0.8707511192158015,0.7164112166988115,0.7927444267338892,0.8479953711128707,0.8829040455084948,0.8559805319354532,0.6741002898710913,0.7958561640457558,0.6582725876518856,0.8707511192158015,0.821109125331638,0.744325668891884,0.8144187923946173,0.8142990563745895,0.803914599332366,0.8148611882522669,0.894643490961601,0.8258956469281091,0.7888784557376951,0.8207663324301318,0.7323753884960293,0.6324262396262956,0.9017899056410313,0.8580082307136385,0.6578110390233144,0.9520910997702756,0.5774109948018209,0.834071026591791,0.6905736725001512,0.7966441283324122,0.4853097070860479,0.7832373813705655,0.4299475011798779,0.6958663923837365,0.8566175888295198,0.9922432608328509,0.7688165785801124,0.9780098482520372,0.7897778653703145,0.6864151236446747,0.7763145111532375,0.5531109034631978,0.5502102643579283,0.913527417510187,0.8439642750533456,0.8514910516687033,0.4897195172050932,0.9673113304370216,0.7285667483984485,0.8348703828791924,0.894643490961601,0.7519705792660498,0.7323753884960298,0.8995813910474277,0.28839041859828607,0.7897778653703145,0.5300959748590248,0.8403844230888078,0.8726904482574114,0.5586860067024787,0.8440565830183067,0.7382550877906268,0.8402284569668985,0.6948501771041098,0.934109864901298,0.7897778653703145,0.6778967231627915,0.9833044121535635,0.6459150894510791,0.9672250659471978,0.8104036875498974,0.7897778653703145,0.6453355207749845,0.6672051697373145,0.4960545262825061,0.7973304849151284,0.8708907753213655,0.6506818656172095,0.549656248998613,0.39166073428753645,0.43547748896942495,0.7899143763440999,0.8942600569458918,0.8180179329687025,0.7617938291854791,0.731300314301794,0.827060148923404,0.6330512763459781,0.30388660858724603,0.7936732363445695,0.4000254842398743,0.5867768144666912,0.9875649574194907,0.5357762616293901,0.8178669823290337,0.834071026591791,0.41779212575480573,0.9311614287731254,0.801231469866508,0.8440565830183067,0.4860103305729604,0.8199521102416295,0.7355858049749937,0.7391984546954606,0.9524198987259382,0.9558759674139432,0.5537030396474718,0.7967756161717694,0.9547113925128164,0.975046571907529,0.980225201034707,0.5645281478974377,0.8039765114147401,0.8114042753167636,0.8207663324301319,0.8739736319080158,0.8141358955769724,0.7009430367098082,0.8737670973648668,0.8425856863408152,0.8297343501202494,0.4851959596446529,0.8353653627728155,0.6021631563977874,0.6240338690898,0.7315707592170115,0.6454338977517735,0.6935084601447818,0.339004296195349,0.8605892592068799,0.3728079829774753,0.9769083885447585,0.5701661658814692,0.8709976271173137,0.889912336766143,0.9673113304370213,0.7320517795341135,0.7238343030186072,0.7535939924503339,0.7482699840920577,0.6156528162072277,0.7408673682565401,0.9243545721229425,0.8402284569668983,0.4990495073294795,0.6226894800973939,0.7470869077331592,0.6925702762340592,0.6161540830549836,0.8793147311639431,0.432916419950927,0.777738759032033,0.7829632068236252,0.7881296683761471,0.7330474466726736,0.8486860515760837,0.726624072846753,0.894643490961601,0.9600277956123348,0.8613203293378962,0.6808405303171203,0.937045241458153,0.7139926660952644,0.8532077696360623,0.8652846490024411,0.9424738624411312,0.5808102589093203,0.3785537819670237,0.8457119966355477,0.7572258022380448,0.8240580430421782,0.7963267771106675,0.7773359490614893,0.2640293352858296,0.0,0.8089398397372916,0.7897778653703145,0.7664239224831357,0.909864108570767,0.965184585750257,0.662848310735197,0.5784548612437954,0.837844168276169,0.7897778653703145,0.5395536804404024,0.3764399442365558,0.8461628292403134,0.7897778653703145,0.8661406162941065,0.6520524137118109,0.550362236846593,0.6679331993269655,0.7080186714510874,0.8927251297287131,0.7897778653703145,0.9287845606405674,0.7897778653703146,0.5109435715476327,0.6017712134959607,0.6119661909829341,0.7897778653703145,0.6155591509232732,0.7897778653703145,0.6137815285363648,0.868104254265132,0.6727568446562897,0.5581054227024054,0.834071026591791,0.2144849362362803,0.8297343501202492,0.7563078409777635,0.7546756078943851,0.8158443870607015,0.8507325042098877,0.8920841471735501,0.8737670973648666,0.9904136841951489,0.8967968504676814,0.8636236954040453,0.7831130922846292,0.8726858448638999,0.6704385329744844,0.7354390287806852,0.6456360633991691,0.84974661607768,0.7897778653703145,0.7369023504255034,0.7897778653703145,0.7763525575866701,0.6676611735692473,0.9703258475148755,0.9256359157013889,0.2023696813038076,0.766423922483136,0.5913024854698293,0.73919845469546,0.650371215391522,0.9699540642454016,0.5433432899346604,0.7747002761065525,0.6662997321027997,0.9058062891764662,0.453288955705774,0.782963206823625,0.921682822237945,0.6566960259725945,0.8207663324301318,0.6887587506683954,0.7647795502222716,0.7884037109284305,0.8477834719447452,0.7104282892177385,0.9673113304370216,0.5279977842296211,0.48661913414314784,0.598220080381421,0.827060148923404,0.4000254842398743,0.8460649662786541,0.9302827451643554,0.956088795937672,0.827060148923404,0.9673614453654232,0.2885622561942247,0.9864902868360456,0.6113892418858113,0.7974358060897027,0.8039765114147404,0.721083442083128,0.327351544816862,0.7763145111532377,0.8039765114147404,0.9243545721229425,0.26379591713827266,0.8608518199425021,0.4562254485516054,0.6424339016160046,0.5406946982273744,0.9583335292562366,0.9960185040188976,0.8180179329687027,0.9037586947263836,0.7763145111532377,0.8737670973648668,0.2669188229495143,0.6293018452804241,0.8641655417688414,0.7323753884960307,0.9700770969637678,0.37141723841280383,0.6218213931659198,0.65857939904269,0.7809877034114425,0.8575624560467785,0.7520073121137831,0.7280651822657531,0.9415226321017729,0.6095649477852607,0.9415226321017729,0.9870845388904514,0.6336662944491365,0.6777890762027718,0.8348893064606532,0.7897778653703145,0.7832373813705646,0.8802684434944805,0.7599810448001385,0.827060148923404,0.8892790899388952,0.9476060911812572,0.7897778653703145,0.926049778279449,0.8270601489234033,0.8812984813018134,0.8950877291194452,0.7926464909374069,0.8177148849175342,0.93612991941297,0.33399501941697485,0.3925780488320856,0.9727626091754458,0.7281301321613112,0.48337012902235066,0.8047947912836029,0.7279142859588457,0.45493026397676983,0.7706632114524496,0.7161228782331253,0.8440565830183067,0.2122832944519799,0.7020833637397474,0.24687768733972038,0.7698170080916689,0.7829632068236254,0.9465149827327264,0.6906109341870814,0.2537898800594989,0.320986823864835,0.3242666292363334,0.7897778653703145,0.3710550557033989,0.890002440438677,0.8036532803565439,0.7718316875972548,0.9769083885447585,0.3420434235491213,0.7897778653703145,0.7897778653703145,0.9894503478415606,0.7437817488062436,0.6729600403323466,0.7897778653703146,0.8707511192158015,0.8744980681654766,0.758041711974363,0.5745623964412232,0.40072639225181717,0.8462580005670897,0.8041071051343196,0.8403844230888076,0.38161102647874445,0.2922527837040416,0.7897778653703145,0.5375608473504461,0.747086907733159,0.22834023856869934,0.3623236687553816,0.8240580430421782,0.7258845447901046,0.8039765114147404,0.2734638270314156,0.7897778653703145,0.3682570390398696,0.9788257250481218,0.7610609332392069,0.7753427901141128,0.8841357084407879,0.47787019411519593,0.7634578551008007,0.7897778653703145,0.776703426617528,0.6092014718072369,0.7897778653703145,0.9365307020635195,0.5959042178518292,0.6428302550070648,0.33435395937616175,0.2913536318316158,0.7897778653703145,0.8227538004657613,0.46160966540895765,0.8838947839677536,0.650101941768517,0.4826070755227293,0.5756781860026787,0.633281663230571,0.6815893871685597,0.834071026591791,0.8716344770358808,0.4599155035717357,0.8479953711128707,0.4319622837717383,0.8613859555739531,0.4787505860497179,0.9167610187142012,0.8114042753167636,0.7382149422874937,0.7897778653703145,0.9284351619806999,0.7248563872730946,0.5293050728278204,0.9084664157696104,0.8456819635796553,0.7763145111532377,0.7879776435700367,0.9714958007098065,0.8030244306367436,0.897006352254409,0.8462580005670897,0.9560093754209937,0.6448561308320628,0.786459447620317,0.9363981539429042,0.38638532165513884,0.9415226321017729,0.8203591047481879,0.9855266663155307,0.6760299519688351,0.8880244194437261,0.9061368756587873,0.6959133869426888,0.7140201349595376,0.8471500214501029,0.9211778752558044,0.7927444267338897,0.5973077259570769,0.9853618823459059,0.9110842255169307,0.9253250579099028,0.9619733950724784,0.8852556010656272,0.8468647500917352,0.9942699682423994,0.6634578202566356,0.5940311175325843,0.49965089174125965,0.7418463997498939,0.9520910997702756,0.7204426933137968,0.7791900093339685,0.6707439233532102,0.7545272461445455,0.8709172536466476,0.3317932485477424,0.9570982237636056,0.6237201063984448,0.975309889263084,0.8882946047213365,0.6320948499470755,0.8340710265917908,0.9569363184940949,0.4633186614094753,0.8657666520317187,0.8631369066630474,0.8350231408856073,0.7134618050956691,0.6095032459630442,0.9487022485658541,0.8028344550408111,0.8218953199998424,0.7958561640457558,0.9391444364908241,0.801231469866508,0.7300333149790079,0.39068594370029197,0.6395776523639873,0.8104036875498974,0.8652846490024408,0.720852882292508,0.8164996539835222,0.8218953199998424,0.5535907640681332,0.7897778653703145,0.8514910516687031,0.7897778653703145,0.7897778653703145,0.3486595772438278,0.9396829012479775,0.7970837554566488,0.7897778653703145,0.5602763196626066,0.3941991719730237,0.9646164411772706,0.9727431420201453,0.5522421594094336,0.576175644453913,0.9206762486412998,0.9699288236915999,0.46941874812903894,0.7281301321613106,0.7764790700337363,0.9487022485658541,0.6833455186828595,0.6224505902463657,0.5683924986047535,0.7704672392966316,0.7535507327982047,0.7963267771106679,0.7997873206411017,0.8514910516687033,0.6975219514689688,0.834071026591791,0.8504373385003927,0.8737755987816811,0.9654359300315951,0.7563078409777637,0.3055931226871733,0.7442542914107444,0.6724977403911083,0.8998639210155855,0.9958767769610515,0.8047947912836028,0.911844417621186,0.8841357084407875,0.9355671930280656,0.5875964145618733,0.6453489331127695,0.9361299194129695,0.6625935942972612,0.943752276413378,0.6894713939180195,0.589334576862359,0.8652846490024411,0.2767977193187965,0.7563383617907211,0.8440565830183067,0.38019434811478137,0.36035604336061733,0.9366393275107288,0.30876412183682866,0.8642044212662672,0.5928797194298827,0.6758609889885057,0.7897778653703145,0.8114042753167636,0.7140201349595379,0.8180179329687025,0.6698235095776006,0.8261356024267623,0.84974661607768,0.7973304849151284,0.4147585355744894,0.962604783781754,0.3032546581085537,0.8707511192158015,0.4253640451390259,0.8355187037786177,0.5581908853730553,0.7763145111532377,0.9922432608328509,0.7270684512132186,0.667661173569247,0.8177148849175344,0.6497027125522552,0.6050371650910991,0.24074484044783628,0.59574559548411,0.9300843038603108,0.5754549277742105,0.45276607496029264,0.6634578202566366,0.9415226321017729,0.9026933628314502,0.9702641377775143,0.6401747470492782,0.7701918466063737,0.7872399350681671,0.782963206823625,0.36298891410707523,0.39336099968516636,0.9557822778688272,0.5701028702181816,0.8950783368147543,0.7906186804841477,0.7842519392715939,0.7884037109284296,0.9778448015867346,0.7300333149790079,0.7469604054485726,0.7083222945879939,0.7754268322694218,0.9476060911812572,0.8114042753167636,0.9557822778688272,0.7897778653703145,0.8989149910492673,0.5531035228403092,0.46221459687202726,0.726763881714741,0.7897778653703146,0.593116965996864,0.46080651699643327,0.5701661658814695,0.7777387590320328,0.6019113462164656,0.6763839054942338,0.5668791170513241,0.8549911172930168,0.7833141124744869,0.9011206991520666,0.5526462650738518,0.6557564321155493,0.8190873193696526,0.6305972221379477,0.9991076460160249,0.8942600569458918,0.7963640084079662,0.8440565830183067,0.6969537949824359,0.8030244306367436,0.8812984813018137,0.7572258022380447,0.8532077696360623,0.8180179329687025,0.642830255007065,0.5511393497903907,0.8350231408856079,0.9843015938425885,0.7784956060718443,0.4800457696140392,0.3280058451547684,0.7829632068236254,0.9049485083889184,0.7698170080916689,0.7829632068236254,0.8104036875498974,0.7400835204265082,0.7897778653703145,0.9437522764133779,0.9254773446084315,0.7897778653703145,0.7276605967200775,0.7483316150293637,0.8350231408856071,0.834071026591791,0.9162985162668038,0.7967756161717692,0.7829632068236254,0.5577813796587194,0.33825757623979724,0.6935669782115954,0.47509566007594484,0.7897778653703145,0.6846558766275876,0.9845436024770435,0.8177148849175342,0.48017875293600576,0.7246597991832688,0.8270601489234033,0.8258956469281085,0.7236039900005744,0.9462303219145964,0.7625548701434592,0.8744980681654759,0.8515223661959883,0.8881516616927232,0.8917690122495028,0.7325675382465344,0.848374544260414,0.9026064829238055,0.8394899548900008,0.834071026591791,0.8394696774724157,0.5323268497645104,0.7897778653703145,0.9027381357638635,0.601100829248955,0.8461628292403134,0.532817886094116,0.7698170080916689,0.9699540642454019,0.27732597650778257,0.7763145111532377,0.4555530559072909,0.2786115518287168,0.7897778653703145,0.7897778653703145,0.9173698729702924,0.5914711794884671,0.7637552068614317,0.6251709685386957,0.3680071368067801,0.44554379648608755,0.45290712468707417,0.30378133471510615,0.8105327383163261,0.2335056501986137,0.7897778653703145,0.9815770496430947,0.8114042753167636,0.8207663324301318,0.4273808672826307,0.827060148923404,0.47447627410908044,0.7897778653703145,0.7897778653703145,0.23964058672055888,0.8462580005670894,0.3265944535237457,0.7451044303789707,0.5153094888945906,0.6161540830549839,0.9704176657899954,0.8602364316246569,0.40295136848011026,0.5528847053696289,0.7897778653703146,0.7228195313572696,0.29336303441651035,0.8550156776844486,0.9701898249620033,0.9974040967791205,0.8322302816418247,0.8067265035177567,0.7342577018234697,0.7664239224831364,0.6325329670160289,0.7897778653703145,0.4137324638536969,0.959701616466182,0.602782401522064,0.7705095824559616,0.5806240314802831,0.9942947312832688,0.5815990342739761,0.5542752035830598,0.7920678930417443,0.8480316895992341,0.42653013077895396,0.9000127878621023,0.8707511192158015,0.7889262056992291,0.8905776598760082,0.4183802893418681,0.8144187923946171,0.8104036875498974,0.5817528243690206,0.7459340728481734,0.8331362469333141,0.9659694230793943,0.8580082307136387,0.7595917698826178,0.8207663324301319,0.955782277868827,0.7637552068614317,0.9958767769610515,0.5217823978109797,0.7866211206538799,0.8707511192158013,0.8403844230888078,0.8261356024267624,0.48277833167362116,0.81429905637459,0.7505486208297507,0.9780098482520372,0.7785554455736763,0.7664239224831363,0.598959397292788,0.8657666520317182,0.683429757156347,0.7248615029243521,0.7897778653703145,0.660859713134609,0.9278214586458147,0.5221586323281254,0.8107770727973276,0.9654359300315953,0.7320136740951806,0.8042583563699406,0.7897778653703145,0.4868227463277631,0.33119902402999823,0.889608678440731,0.3091807326172732,0.3761298502770738,0.3074555058559141,0.8425856863408148,0.5402347079723018,0.9132451152176122,0.9803870681533724,0.43803630629909474,0.7333859584439868,0.48005413771281535,0.8440565830183067,0.8938391361804241,0.8180179329687025,0.8860328912086621,0.9891267388796452,0.4381404476710995,0.9967816801275289,0.35142311018290706,0.8431012558506533,0.7829632068236254,0.46788599857478985,0.49346434395103866,0.601926565666514,0.3252552000688935,0.2481973131543349,0.7897778653703145,0.30950891004625136,0.5026370772005104,0.6989505708013533,0.7897778653703145,0.25131803191325186,0.9414020595590618,0.827060148923404,0.916761018714201,0.8104036875498974,0.49435571168044823,0.7393985974090271,0.9916637881280348,0.9375989606920125,0.962987398747789,0.7792297235115406,0.31214718854112133,0.7897778653703145,0.8216894971927735,0.7897778653703145,0.801231469866508,0.6397241866056989,0.5243806960143442,0.8207663324301318,0.6492758529053739,0.5357755418275021,0.564685170124573,0.8171328531473727,0.7897778653703145,0.5561322689750421,0.3352591239281534,0.5397307490526215,0.9524198987259382,0.6492750543065737,0.8737670973648668,0.6895993906613842,0.8168250746163682,0.7842519392715934,0.5060455102980113,0.44287495003750754,0.7842519392715934,0.7186476178590231,0.8114042753167636,0.5556863218233452,0.7842519392715934,0.8207663324301318,0.9994081724392332,0.8829040455084953,0.705602557783052,0.8104036875498972,0.6771685092613586,0.7952013128681701,0.7026484001207911,0.6676611735692477,0.8081763908804787,0.6094998055276023,0.6892059529765253,0.9700724666399267,0.8975955969591405,0.7571640868989651,0.6792535237436832,0.6587899847975016,0.5367171515606441,0.9727267912481383,0.6205421984936224,0.8180670416112066,0.8537840147521548,0.834071026591791,0.7135791916843601,0.9384401238660409,0.8840573482979428,0.7833141124744871,0.7069661363929884,0.8737670973648666,0.8190873193696526,0.9892680362011421,0.6697719144675784,0.7788450786245928,0.7397064973435366,0.7502502771378197,0.8552828698752877,0.809267701039456,0.7370213229849333,0.7897778653703149,0.6563389794812985,0.63981169815434,0.8557657473217404,0.5594339613574495,0.8103656001908872,0.9216828222379452,0.7590835987698885,0.9881762991666916,0.6958663923837365,0.8739736319080158,0.7973304849151281,0.8927807447672798,0.9198949101807994,0.8529465574000459,0.7511109282724242,0.9510174447218855,0.8652846490024411,0.9194299895222864,0.7622526505949418,0.8942600569458918,0.7967756161717694,0.4749899591175457,0.6553752275789897,0.8942600569458921,0.9039454946032752,0.4181543037401726,0.7410689351866548,0.8564442696037551,0.883154189087261,0.3537976585852861,0.9077691731149911,0.6472419702283831,0.9853618823459059,0.43764434670866326,0.7276605967200775,0.8514910516687029,0.506045510298011,0.8547907930921175,0.855015677684448,0.8107770727973276,0.7247157455700599,0.801231469866508,0.7955638643181455,0.8514910516687031
p64_L,0.9693324604629858,0.9613051670773511,0.8652903420416287,0.8666913852644194,0.9060540201833016,0.9303105872741888,0.8225938868312197,0.8451253969967929,0.8456621023988233,0.5765774357238362,0.9912298756454649,0.9415490144516765,0.9030086235821644,0.8566618970084512,0.9667805942997311,0.9986005165851444,0.8971337307079472,0.8732840781850191,0.9227150661971701,0.9264265757108794,0.8345550690718768,0.8860899491808243,0.9130470727423967,0.6000267615321472,0.9818634913664557,0.8732840781850191,0.9337059488987844,0.84545427827711,0.9264265757108794,0.7520359684097608,0.8896802491260702,0.9157186269856046,0.929995346508117,0.8765682211155166,0.9457174376824433,0.9227150661971701,0.9909799053419361,0.8942918945731191,0.5989303185983939,0.87082781279363,0.8367741299372242,0.9688256924482024,0.9127697146833386,0.9586434598182526,0.9200051783378669,0.7728308648996429,0.9546672453375802,0.9310690449327772,0.8708278127936302,0.7998787575170994,0.6463357769741299,0.7770732938325191,0.9038547561156012,0.9264060125885312,0.8557839418818978,0.8980335604933309,0.8352780959681558,0.9060540201833014,0.7397632416975499,0.9750660166392209,0.8262411347517731,0.8827048352741212,0.8732840781850195,0.9346820333843547,0.9191520956010528,0.7454808318773631,0.9966922538063423,0.9772881646662255,0.7614417024573481,0.9349028572421433,0.8543824471730519,0.9009164784975772,0.8163020573227059,0.9435170072975412,0.9060540201833014,0.9771007600606078,0.9530007332467463,0.9570779796295694,0.7783223668983021,0.9303105872741888,0.5306435801320036,0.9731560060618827,0.8636318713376898,0.9649961119767652,0.9060540201833014,0.8476598553448089,0.9131776986214087,0.9652601091722732,0.8207394181940292,0.9415490144516767,0.9060540201833014,0.8434864805334525,0.993197951634618,0.9185202024822343,0.9212056603520069,0.8159522632614817,0.8389979212277103,0.8771384844196286,0.9667992866226256,0.8041227177047858,0.9572976368352228,0.95466724533758,0.9060540201833018,0.9418077635843227,0.8056784543758049,0.9227150661971699,0.8283274386785906,0.895789487666749,0.8834506330434522,0.9485539415039435,0.8711628406690779,0.7823432382377505,0.9186357823107485,0.9800881847521479,0.9607967445595412,0.8886803386071389,0.9339973694561905,0.6501387041207709,0.9303105872741886,0.850672223889251,0.8827339507600728,0.9986005165851441,0.8834506330434522,0.8831605748909077,0.8821504983703238,0.8549229124242879,0.9909799053419361,0.8565504709443839,0.9800894053211886,0.6919128304650979,0.7646676570615494,0.9123992402861405,0.9157186269856046,0.8604631486691808,0.9337059488987847,0.7755837821521524,0.7540531753051543,0.9966922538063423,0.9157186269856044,0.9375517053100486,0.9136955178539878,0.9264265757108792,0.7103857080912386,0.7627282731962668,0.995111269537116,0.8594736652769663,0.8896315752443991,0.9975390647707765,0.9911824756094174,0.815844387060702,0.9264265757108794,0.9220581849761185,0.8727344289401716,0.8008391771914982,0.9091031345982893,0.87082781279363,0.8607241877124752,0.8922073230248908,0.9988068943662061,0.7880418755318435,0.8575085727296294,0.95466724533758,0.9731560060618827,0.8166893856778987,0.8324082078342281,0.84545427827711,0.7803357131315283,0.8596285136050663,0.9212056603520069,0.8485162987035884,0.8566618970084512,0.9030086235821646,0.8980335604933307,0.8757501146489806,0.8041985132541267,0.8759838739617403,0.9227150661971699,0.7268543960405003,0.906118892941232,0.8958660261974012,0.6871216414632622,0.9010145549622335,0.9869296750061689,0.9415490144516765,0.9388169348187638,0.8976517817987358,0.8695376795734715,0.9268326085823128,0.8915068580997112,0.6926973200647202,0.6497908700690564,0.8692256836285235,0.7235846539919928,0.8089398397372916,0.0,0.9060540201833014,0.47732876159437243,0.9000373939808768,0.8617207480588903,0.8745055361994853,0.9525057880743348,0.9415490144516765,0.9060540201833014,0.8742034039561117,0.8158443870607017,0.6262770345803654,0.9060540201833014,0.7565644466728265,0.8690883083110759,0.8958660261974012,0.9800012769954543,0.8479206665400942,0.9030086235821644,0.9060540201833014,0.4977909129561655,0.9060540201833015,0.7383373848044079,0.9924497533844959,0.8923716297556016,0.9060540201833014,0.83749678149117,0.9060540201833014,0.6991554591399094,0.924966244456459,0.84545427827711,0.830893624674238,0.9123992402861407,0.8446456483763919,0.9000373939808759,0.8808530918450068,0.7793561304895654,0.9460124475322045,0.8207294858111711,0.9900029127487421,0.9595131865896311,0.7747013477094602,0.7903663183224652,0.8901742884406569,0.9000031101984083,0.9723821580107992,0.8432648458861449,0.5908552146203304,0.7880418755318435,0.9750660166392211,0.9060540201833014,0.969559561619243,0.9060540201833014,0.8176091066117395,0.9243239922894766,0.9595131865896311,0.7252143920641367,0.8106136891524247,0.47732876159437243,0.8410907383848321,0.9490592052587878,0.8018671341774823,0.8380106442750589,0.7814294294445534,0.4958486889937076,0.9012413976619382,0.8023034516150305,0.9425231190840477,0.9415490144516767,0.989825263732105,0.7719082427259902,0.5989303185983939,0.8163480896277338,0.8633363125976865,0.8757722623764219,0.8002012539476728,0.9489498034499546,0.9595131865896311,0.7105574359229863,0.7417998466743114,0.7765817299284576,0.9227150661971699,0.7012499632148093,0.8666490307048609,0.9731560060618827,0.8643880245275632,0.9227150661971699,0.7442635843287546,0.9335039857639236,0.8077799823984217,0.8345851988012261,0.8843265687811639,0.9123992402861405,0.8032025001587048,0.8841964523169603,0.9000373939808763,0.9123992402861407,0.9969352503890194,0.8499942782695433,0.9227150661971699,0.8499942782695431,0.9932805988187012,0.8512094678478335,0.924334928277948,0.9823635494290388,0.9060540201833018,0.9787288586866358,0.9000373939808768,0.9966922538063423,0.9602377711580738,0.6889132333858111,0.95466724533758,0.9310051442015237,0.8935526916704577,0.7277691665336472,0.7739860373732604,0.7741238218013317,0.8277566041887492,0.786587632993851,0.9459699104239503,0.9236370560669107,0.9761261745674079,0.9163528460879233,0.9264265757108794,0.9833113140241097,0.7952066801648221,0.8817178736023112,0.95466724533758,0.9060540201833014,0.9157186269856044,0.6188941867689927,0.8732840781850193,0.9227150661971699,0.8988026230652636,0.9030086235821644,0.9060540201833014,0.8541150780952051,0.9227150661971699,0.9826171532883463,0.7682140338159557,0.9413517627801622,0.878294490116863,0.9157186269856046,0.8633363125976867,0.7542436728481952,0.8541150780952049,0.8942918945731197,0.778153643375793,0.7071887142509042,0.9032539943426647,0.7210464433730364,0.8915068580997114,0.8594736652769661,0.9303105872741888,0.820571636350139,0.8765682211155166,0.9171306370558384,0.8971337307079472,0.9030086235821648,0.9270261243202824,0.8540084346775451,0.9952658927047815,0.8349260081645498,0.7170252157707238,0.9060540201833014,0.8041985132541272,0.6773832729358671,0.906118892941232,0.9532058268379922,0.9264265757108792,0.8302831695657293,0.9060540201833014,0.9060540201833014,0.7380195330550621,0.8715749228447776,0.928695997868223,0.9060540201833015,0.9761261745674079,0.9060540201833018,0.8666913852644189,0.8098765737128351,0.928326676665203,0.9352923098201315,0.8869837251477688,0.9530007332467463,0.7430246670080218,0.8693988733364956,0.9060540201833014,0.8626992638505051,0.84545427827711,0.9196554867072405,0.8982014161348166,0.888846165632225,0.8093690129872072,0.9123992402861405,0.9819192424779446,0.9060540201833014,0.8304511505689165,0.7598677866479953,0.7772822066533513,0.7564269296947415,0.9500805720293446,0.8649766619753698,0.8942918945731191,0.9060540201833014,0.8788509282641707,0.9144225110850615,0.9060540201833014,0.6646760564122194,0.9281326346203302,0.7803205152046468,0.7451210644495652,0.925918872209762,0.9060540201833014,0.7790765076420734,0.8835522856702238,0.9191520956010526,0.9480579133852232,0.9012881456928284,0.8283274386785906,0.8547967899854267,0.8526199908570811,0.9607967445595413,0.9707285038906439,0.811177217036074,0.9130470727423967,0.9320794511943338,0.8542126350536704,0.8396132831153245,0.8808530918450068,0.9966922538063424,0.9038547561156014,0.9060540201833014,0.9701757583840658,0.8179926096630914,0.8617772118582572,0.9229260836136746,0.7836118471054022,0.9375517053100484,0.8247002100191316,0.9272214280328809,0.9375517053100484,0.9746182283386399,0.9749557273192732,0.9339973694561903,0.9396699286301575,0.9422656665338773,0.9701757583840656,0.9352221471199849,0.9264265757108794,0.9613051670773511,0.8615950609758739,0.939392999016518,0.9195453412137851,0.9264265757108794,0.7535070486582951,0.84545427827711,0.9307019265661582,0.8755844653429765,0.9530007332467467,0.8901742884406569,0.9123992402861407,0.8765682211155166,0.5690118946988834,0.8735668348918968,0.878294490116863,0.9053372809407505,0.97461822833864,0.8896802491260705,0.9176892863379001,0.757064510670773,0.8954320014860393,0.8971337307079472,0.9854965386272494,0.9279179626711536,0.6453740110827159,0.9731560060618827,0.9903709845654335,0.7148282179284595,0.97461822833864,0.8110942431844057,0.9099149954318697,0.8726770674396156,0.9889575242809014,0.9123992402861407,0.9873855390556807,0.8285484928393927,0.8476598553448089,0.7289925803737761,0.8399814728683527,0.8420830333926381,0.9602787658929595,0.964663415934474,0.8413540856599713,0.8971337307079474,0.8971337307079474,0.9528976942023158,0.5552173197469797,0.8612853521281925,0.7652519975354892,0.8389311826932679,0.9030086235821646,0.9030086235821644,0.9184853020590704,0.7851173382099359,0.9702781670896214,0.8220910408244116,0.9060540201833014,0.964663415934474,0.9060540201833014,0.9060540201833014,0.7344447161575363,0.8294010800784841,0.9032539943426647,0.9060540201833014,0.9901480769218687,0.915174919754578,0.7693832177398916,0.7892217679625811,0.8420792349641695,0.8257811835770296,0.7537570166962778,0.7357826450524095,0.7039100716877231,0.4630459705969271,0.7865509394476202,0.9646634159344742,0.8476598553448089,0.8320507389959211,0.8085635824734232,0.8612853521281925,0.8200804899469006,0.6497908700690576,0.9896061324030183,0.919152095601053,0.8302425674505185,0.9969352503890194,0.9080456885985178,0.7459007384566037,0.9690134894816471,0.9130470727423967,0.9035746578822836,0.9430262524527704,0.8262411347517733,0.8808530918450068,0.7159097342435385,0.95466724533758,0.9195453412137857,0.9500805720293446,0.8666490307048613,0.8295563380294408,0.9357083645271562,0.9528976942023157,0.9988068943662061,0.7737163055745186,0.8301300398532492,0.7959165242401371,0.9813702038092993,0.749508116906195,0.8924187658448484,0.9650762806974961,0.79573987215326,0.8986638021868478,0.9461818699625596,0.9112270868115389,0.9530007332467465,0.7126382338765346,0.9686937130358202,0.9060540201833014,0.9966922538063424,0.975950793303326,0.9060540201833018,0.9338589450702637,0.9864561252797077,0.9750660166392209,0.8636318713376898,0.9536175284691273,0.8937890418732636,0.8793191236417977,0.9264265757108796,0.9547980900470543,0.7014030602114782,0.7530325774491335,0.9750660166392204,0.9299953465081165,0.8565599906184072,0.8432648458861445,0.9099149954318695,0.9177264968287155,0.9139609534822544,0.6669778984329424,0.9841752314600101,0.8298882733858526,0.9754697783358666,0.800483118897767,0.8612853521281925,0.924474627719535,0.9818634913664555,0.9500805720293446,0.8277566041887492,0.969559561619243,0.8018671341774826,0.9030086235821648,0.9838822961517677,0.76009384405395,0.9826171532883463,0.9378193129439666,0.9123992402861405,0.8476598553448089,0.9498514902980828,0.9999061014832775,0.5092738748020669,0.8896802491260702,0.8541150780952049,0.9480379530424075,0.9229260836136743,0.9428298129397872,0.9157186269856044,0.9826171532883465,0.9060540201833014,0.5897163143415185,0.8283979576305698,0.9702947773014303,0.906118892941232,0.9060540201833015,0.9924475235767904,0.8332186413426754,0.8262411347517731,0.8566618970084512,0.8692256836285233,0.9307019265661582,0.8214592060778343,0.8167158418228577,0.953599605208904,0.9699667100882907,0.7237703744277484,0.8629066429004497,0.9191520956010533,0.8901742884406567,0.8352780959681558,0.9607967445595411,0.972382158010799,0.9303105872741884,0.9296054847085656,0.9000373939808768,0.965076280697496,0.8915068580997116,0.9538062486519394,0.9457174376824435,0.911953206243336,0.8489097160956809,0.9227150661971701,0.9352923098201313,0.8128115225225263,0.9631311863913682,0.8744405237872945,0.9030086235821648,0.9966922538063424,0.9337059488987842,0.9030086235821648,0.9415490144516767,0.8765682211155165,0.9060540201833014,0.663999651002005,0.6643188309876011,0.9060540201833014,0.878294490116863,0.9279179626711536,0.8874421650552475,0.9607967445595413,0.964663415934474,0.9091812387167528,0.9030086235821648,0.8983861427260479,0.7563449454681486,0.8808530918450068,0.868452639985007,0.9060540201833014,0.9008065430119916,0.9185287395081014,0.9731560060618827,0.9085641730175569,0.8791691340598808,0.9227150661971699,0.9500805720293444,0.7557022197722023,0.8468536050146845,0.9818634913664555,0.9749557273192732,0.8985005298645464,0.9270261243202824,0.8547656778930306,0.7019010544900204,0.8887741875977795,0.9349028572421433,0.9610938099054707,0.9969352503890194,0.8575964425433373,0.7441174236102917,0.9060540201833014,0.9749557273192732,0.8650699031843847,0.6262770345803654,0.8434123598536585,0.9931496147195412,0.872162540290954,0.7805759556634884,0.9375517053100484,0.8865402736375573,0.9933623320791551,0.9060540201833014,0.9060540201833014,0.9800012153749618,0.9577416050371153,0.9461818699625596,0.8085775952011338,0.9691524099178217,0.7451210644495652,0.9021199317695396,0.8866919213593047,0.8757722623764215,0.9137088155755295,0.9060540201833014,0.47032369037648336,0.9966922538063424,0.5989303185983939,0.758607622182861,0.9227150661971699,0.9358893551703757,0.9060540201833014,0.9060540201833014,0.9076817162653255,0.9853808551815852,0.9032081081654186,0.9195453412137855,0.8483619554001927,0.8596285136050663,0.9296054847085656,0.6832838130380914,0.943438817521429,0.9085188207086441,0.9060540201833015,0.8432648458861445,0.9061865774055105,0.9500805720293444,0.9349028572421432,0.9593826330683966,0.8892910704598842,0.9171389541787874,0.8476598553448089,0.9091812387167528,0.9766703826224818,0.9060540201833014,0.6794510385897168,0.7829292444290503,0.9346820333843547,0.9173935449277273,0.9783380885610554,0.9688965239450098,0.8241649990671218,0.7669298001357348,0.9898252637321053,0.7764600394243582,0.9555804689134051,0.9931496147195411,0.9244746277195349,0.8666913852644192,0.9344254340461831,0.6886718661340159,0.5587466577660765,0.9415490144516767,0.7704898006819783,0.927665598664277,0.8690883083110754,0.9270261243202822,0.860463148669181,0.8468536050146835,0.9650762806974963,0.9650762806974961,0.9369296717540236,0.906118892941232,0.8526199908570808,0.9457174376824435,0.9761261745674079,0.8860899491808241,0.9864561252797077,0.9383988969983732,0.89429189457312,0.9030086235821644,0.8945421723100473,0.8259431120462306,0.4773287615943723,0.9858078207029534,0.8620887230489375,0.6732001655277258,0.8377079195886757,0.9060540201833014,0.821682619025276,0.9457174376824435,0.901120699152067,0.5765774357238362,0.8757722623764217,0.8782944901168632,0.9772881646662255,0.9060540201833014,0.7246253496869426,0.7613326954014681,0.5209159088980124,0.8989614024086354,0.9259126093836862,0.8963982810031053,0.9595131865896311,0.7585726002744593,0.9873855390556807,0.7613326954014683,0.8915999732614504,0.880853091845007,0.7643428930912919,0.9303105872741888,0.9130470727423967,0.9853808551815852,0.8023659876269933,0.9185515272787423,0.7738185114607223,0.548761111798943,0.7878823499106717,0.8559654748218471,0.9030086235821648,0.8165236067990016,0.8004831188977672,0.8078651440439557,0.7665228538862996,0.6888845231480674,0.9060540201833014,0.9838787185389832,0.8047698884883288,0.8566618970084512,0.9060540201833014,0.9741962445265637,0.9656987984431142,0.9227150661971699,0.8937890418732639,0.9030086235821648,0.8803846297202795,0.9738625321620704,0.9873387191946249,0.8945421723100475,0.9035414781343349,0.880853091845007,0.7059824007064401,0.9060540201833014,0.812810574626035,0.9060540201833014,0.6026780119338753,0.7985527786402571,0.8489097160956809,0.5989303185983939,0.9636467616193587,0.7371649279940478,0.9857896611490983,0.8843265687811641,0.9060540201833014,0.5642848812080052,0.8593558685492888,0.9436824222666392,0.9748649401197036,0.8432648458861456,0.9966922538063423,0.8612853521281925,0.860824901979724,0.8674533886652144,0.8896315752443993,0.9794000870786721,0.8674533886652144,0.8566618970084512,0.9157186269856046,0.8722653319531635,0.8674533886652144,0.5989303185983939,0.8732840781850193,0.9091812387167528,0.9775446524798141,0.9415490144516765,0.8047823746747228,0.9099149954318695,0.7998787575170994,0.8949117707360066,0.8615950609758738,0.8666490307048609,0.8583741958708497,0.9415490144516767,0.7124453464236429,0.9850075522936445,0.8566618970084514,0.8411903170953274,0.8277456906227333,0.9620730564657862,0.8304244459109726,0.9610938099054704,0.6000267615321473,0.95466724533758,0.9107834393920353,0.8921901376261823,0.8660034226470059,0.9588042122291982,0.9080456885985182,0.9966922538063423,0.964663415934474,0.8741694662353224,0.8636318713376898,0.9559865841633363,0.9940211874154163,0.8263707808951526,0.8635414428540704,0.8834506330434522,0.8869837251477688,0.9060540201833016,0.8948002472997427,0.8150195110132294,0.8827339507600727,0.8159522632614817,0.9060423770260404,0.8532913027318425,0.9299397675698131,0.9677602953515634,0.8732840781850191,0.9702781670896217,0.9924336561265173,0.8432644987129866,0.8415199426161002,0.8115406745499647,0.8887741875977793,0.8333939742474499,0.9030086235821644,0.9658879814885041,0.9090419100421071,0.9123992402861407,0.9091812387167528,0.9982729623509397,0.8660034226470052,0.9546672453375802,0.8799663004976988,0.9649884241825863,0.8656610616975322,0.9000373939808766,0.9000373939808763,0.9727946348241944,0.8371209620480778,0.8434189051272902,0.8339927294052226,0.9577436587206225,0.9415355007468762,0.9191520956010533,0.8018671341774826,0.9690134894816469,0.9909799053419359,0.5765774357238362,0.8512094678478335,0.6501387041207709,0.9608982211860977,0.9191520956010533
p64_T,0.7524297972473161,0.9413411539914585,0.8918007079504506,0.9225015741707872,0.9492063492063487,0.9623211158059548,0.7050163519970581,0.7509151724713103,0.9038142386822647,0.960221152322577,0.9398636845831869,0.9475597985845114,0.9475597985845114,0.9225015741707872,0.9106019687464653,0.5567710364845595,0.944383427890573,0.9314886672615048,0.9582144552981327,0.960221152322577,0.8875255844205965,0.938412400887346,0.935580996038617,0.9508971383859763,0.9369854052620163,0.9314886672615046,0.944383427890573,0.916441965519317,0.960221152322577,0.7739436107925906,0.9250013316406693,0.9544316996038,0.9428469360414609,0.9188361382271659,0.9492063492063489,0.9582144552981327,0.9508971383859763,0.9428469360414602,0.9623211158059548,0.930160641445072,0.8993922310882436,0.932833950574053,0.9623211158059548,0.912915131908919,0.9443834278905732,0.8474513194974065,0.9526370111116405,0.9004911494084333,0.930160641445072,0.8918007079504506,0.9544316996038,0.8495864161552136,0.9314886672615046,0.13408370177867746,0.9428469360414604,0.9288488221297497,0.9288488221297497,0.0,0.7383793872014479,0.9459533477380775,0.9060540201833016,0.831146423199498,0.931488667261505,0.8993922310882436,0.9562880686171875,0.8244397822834253,0.9544316996038,0.6473831763250288,0.7698078233874499,0.9582144552981327,0.92126914699118,0.9301606414450723,0.9492063492063487,0.8266892096935958,0.0,0.8864622842804517,0.938412400887346,0.9398636845831867,0.8233095582802461,0.9623211158059548,0.9398636845831869,0.9341976401680094,0.31108550994831163,0.9314886672615048,0.0,0.9176344520056336,0.938412400887346,0.8046479448175341,0.8939536575643376,0.03139863267861631,0.0,0.8918007079504506,0.831146423199498,0.8548949080074899,0.31108550994831163,0.48955645159511163,0.8896584524348263,0.8875255844205965,0.8198957816506434,0.8187498553347687,0.9288488221297497,0.9526370111116405,0.9492063492063489,0.8580633769736241,0.6072669396673074,0.9582144552981327,0.907182019415572,0.7973204052495684,0.9369854052620166,0.8289245259008584,0.8759110188590657,0.9328339505740528,0.8070467719220202,0.9094556823349389,0.9526370111116405,0.7833099084134079,0.9413411539914585,0.9582144552981327,0.9623211158059548,0.8580633769736241,0.9129151319089193,0.885400876353422,0.9369854052620166,0.9250013316406696,0.931488667261505,0.7554264789789613,0.9508971383859763,0.6339927913026551,0.9475597985845114,0.9152582079543838,0.8727631680356085,0.9526370111116405,0.9544316996038,0.9623211158059548,0.944383427890573,0.8453085223330421,0.879064442044788,0.9544316996038003,0.9544316996038,0.06018876900101988,0.8046479448175343,0.960221152322577,0.8244397822834253,0.8717146038820363,0.8875255844205967,0.9106019687464659,0.892875760974867,0.8420784215528956,0.9301606414450723,0.7583810530554915,0.9602211523225768,0.9060540201833014,0.8559522762859688,0.8811713725919912,0.9544316996038,0.9301606414450725,0.8950345750758599,0.9140827360776209,0.8938851835250172,0.5567710364845593,0.7367566674079002,0.9526370111116407,0.9341976401680094,0.7431708752992887,0.8972062142375332,0.9164419655193166,0.8612222667022558,0.8993922310882436,0.9262700211315917,0.8453085223330423,0.9225015741707872,0.9475597985845114,0.9288488221297495,0.6783615558233287,0.8538362113124116,0.8780124908814328,0.9582144552981327,0.6072669396673073,0.9200475251844384,0.5526275082095409,0.9117550006367756,0.8885909234541711,0.9288488221297497,0.9475597985845114,0.6394614409405057,0.8538362113124116,0.8580633769736241,0.9015943008452869,0.13408370177867734,0.9237454173815312,0.9459533477380775,0.903814238682265,0.8221755430097122,0.7897778653703145,0.9060540201833014,0.0,0.9508971383859763,0.9459533477380777,0.4895564515951115,0.8355526955775656,0.8918007079504506,0.9475597985845114,0.0,0.8685695845092951,0.7897778653703145,0.960221152322577,0.0,0.6951973979147161,0.9152582079543841,0.8864622842804517,0.6447787703816181,0.9049315186013059,0.9475597985845114,0.0,0.6473831763250286,0.0,0.8117838598171898,0.8388272306091986,0.8355526955775657,0.0,0.6339927913026551,0.0,0.7050163519970583,0.9071820194155717,0.9164419655193166,0.8759110188590655,0.9526370111116407,0.7711949776746383,0.06018876900101888,0.935580996038617,0.9384124008873462,0.9060540201833014,0.7554264789789611,0.9188361382271666,0.9544316996038,0.4951319232791844,0.8907283270583697,0.9027019168030599,0.897206214237533,0.9152582079543838,0.9152582079543838,0.944383427890573,0.885400876353422,0.9459533477380777,0.0,0.9027019168030597,0.0,0.7334713952978886,0.9152582079543841,0.9544316996038,0.9275522446953854,0.7711949776746383,0.9508971383859763,0.9140827360776205,0.9369854052620161,0.892875760974867,0.9398636845831869,0.8612222667022562,0.9526370111116405,0.8717146038820363,0.8717146038820349,0.8442340263447974,0.03139863267861631,0.9562880686171873,0.8289245259008584,0.9623211158059548,0.8333555867103808,0.8333555867103808,0.24376003609304187,0.8706662210952574,0.8748612665230131,0.9544316996038003,0.848519788337875,0.7973204052495684,0.7780046509581313,0.9582144552981327,0.8289245259008584,0.9140827360776214,0.9341976401680094,0.9015943008452874,0.9582144552981327,0.8517144868263773,0.8141237078825918,0.9562880686171873,0.8982973238138026,0.9225015741707867,0.9526370111116407,0.9188361382271666,0.8070467719220202,0.9459533477380775,0.9526370111116405,0.9526370111116407,0.7985559379258667,0.9582144552981327,0.7985559379258667,0.6499526646778642,0.885400876353422,0.8442340263447972,0.9582144552981327,0.9492063492063487,0.930160641445072,0.9459533477380777,0.9544316996038003,0.8022278398026612,0.8982973238138026,0.9526370111116405,0.9301606414450723,0.9164419655193172,0.7250134267509765,0.9094556823349389,0.8843412180810755,0.6848496741376313,0.7923174570100686,0.6911250629978627,0.8727631680356077,0.9602211523225768,0.903814238682265,0.9602211523225768,0.9188361382271668,0.9152582079543841,0.9094556823349389,0.9526370111116405,0.0,0.9544316996038,0.9027019168030597,0.931488667261505,0.9582144552981327,0.9562880686171873,0.9475597985845114,0.0,0.9369854052620163,0.9582144552981327,0.9623211158059548,0.9106019687464655,0.823309558280246,0.9341976401680094,0.9544316996038003,0.8333555867103808,0.8289245259008584,0.9369854052620166,0.9428469360414611,0.8409971458279799,0.9526370111116405,0.9188361382271659,0.8117838598171898,0.9413411539914587,0.9106019687464657,0.9623211158059548,0.7655931084723666,0.9188361382271666,0.7780046509581313,0.944383427890573,0.03139863267861631,0.92126914699118,0.885400876353422,0.8070467719220202,0.8082384637825222,0.8187498553347687,0.0,0.8538362113124116,0.9176344520056336,0.9200475251844387,0.9176344520056336,0.9602211523225768,0.8453085223330421,0.0,0.0,0.930160641445072,0.903814238682265,0.8591172857456586,0.0,0.9602211523225768,0.9492063492063489,0.922501574170787,0.8972062142375332,0.7897778653703145,0.9492063492063489,0.9237454173815309,0.938412400887346,0.8322525541058978,0.9634411459729271,0.0,0.8811713725919912,0.9164419655193168,0.7766590274917047,0.9952327064015152,0.9237454173815312,0.8704033497109469,0.9526370111116405,0.7960789049353036,0.0,0.7973204052495684,0.9314886672615053,0.8591172857456586,0.8300371089395653,0.9508971383859763,0.831146423199498,0.9428469360414606,0.0,0.8961186971729789,0.7399891659895361,0.0,0.9237454173815309,0.7948313236856197,0.8420784215528956,0.8152867967569688,0.8022278398026612,0.0,0.7698078233874488,0.8559522762859684,0.9562880686171873,0.6574604645689301,0.7250134267509767,0.907182019415572,0.908315805590151,0.8961186971729789,0.9526370111116405,0.8982973238138026,0.8864622842804517,0.935580996038617,0.8527760996057683,0.8738120195914167,0.8706662210952574,0.21151139151266862,0.9544316996038,0.9314886672615055,0.0,0.9582144552981327,0.9015943008452869,0.8129560940834346,0.9398636845831869,0.9275522446953854,0.06018876900102055,0.7478523304650295,0.9508971383859763,0.06018876900102055,0.9398636845831869,0.9492063492063489,0.9413411539914582,0.879064442044788,0.903814238682265,0.9582144552981327,0.8463809254714867,0.9602211523225768,0.9413411539914582,0.935580996038617,0.801009545737682,0.938412400887346,0.9602211523225768,0.7997856146881548,0.9164419655193166,0.5305546844946969,0.24376003609304187,0.938412400887346,0.9027019168030597,0.9526370111116405,0.9188361382271666,0.8993922310882436,0.8769613888066743,0.9341976401680094,0.8993922310882436,0.9398636845831869,0.9250013316406693,0.6827113291147924,0.7725735218970409,0.9049315186013058,0.9443834278905732,0.8141237078825918,0.8907283270583697,0.9225015741707872,0.9341976401680094,0.21151139151266984,0.8175997772209664,0.9398636845831869,0.8517144868263774,0.9341976401680094,0.9152582079543841,0.7539334992316542,0.9526370111116405,0.8453085223330421,0.7143607147557585,0.9176344520056336,0.8993922310882432,0.9582144552981327,0.7301312695908229,0.8918007079504506,0.9562880686171875,0.9164419655193166,0.944383427890573,0.944383427890573,0.9544316996038003,0.9582144552981327,0.9250013316406696,0.8255663034700989,0.9129151319089186,0.9475597985845114,0.9475597985845114,0.7125274559321444,0.9071820194155717,0.08671734220308636,0.8717146038820361,0.0,0.9562880686171873,0.0,0.0,0.8187498553347687,0.2115113915126693,0.9188361382271664,0.0,0.7334713952978882,0.8377384241745145,0.4006068367505189,0.8527760996057685,0.8811713725919912,0.8058499662916012,0.903814238682265,0.47795836130872293,0.8399134433261015,0.9428469360414604,0.8864622842804515,0.4408515443948542,0.9176344520056336,0.7711949776746385,0.6473831763250284,0.9250013316406696,0.9428469360414602,0.9459533477380775,0.7846176027958278,0.9562880686171873,0.8961186971729789,0.9526370111116405,0.9004911494084331,0.938412400887346,0.9328339505740528,0.935580996038617,0.848519788337875,0.9237454173815312,0.9060540201833016,0.9355809960386168,0.7223272158432528,0.9526370111116405,0.17526171623055564,0.9508971383859763,0.9140827360776205,0.8570084033315839,0.8399134433261015,0.4654487838138114,0.8570084033315841,0.5711669571562623,0.77934241058442,0.8896584524348263,0.9475597985845114,0.7766590274917051,0.9262700211315917,0.9623211158059548,0.8058499662916013,0.8463809254714865,0.7876282222528316,0.8034406041869142,0.938412400887346,0.9071820194155717,0.8822265994777512,0.0,0.9544316996038,0.9164419655193174,0.9492063492063487,0.8612222667022558,0.938412400887346,0.9459533477380777,0.9262700211315917,0.831146423199498,0.9355809960386168,0.8046479448175343,0.9602211523225772,0.7935775465776653,0.9398636845831869,0.8664724446651941,0.06018876900102055,0.9428469360414602,0.7143607147557588,0.9152582079543841,0.9341976401680094,0.7806724477786732,0.880117361849238,0.7318083230664854,0.8633240709217587,0.9188361382271666,0.6991852245234744,0.8612222667022558,0.9250013316406696,0.960221152322577,0.9369854052620166,0.9508971383859763,0.8388272306091986,0.9027019168030597,0.525843532183836,0.03139863267861631,0.7960789049353036,0.8409971458279799,0.9623211158059548,0.8790644420447877,0.9526370111116405,0.9176344520056336,0.9164419655193168,0.932833950574053,0.9015943008452869,0.9250013316406696,0.9369854052620166,0.500567215157067,0.9398636845831867,0.9475597985845112,0.9544316996038,0.9623211158059548,0.0,0.9188361382271668,0.8654234385275936,0.8070467719220202,0.9200475251844384,0.0,0.8832831707913575,0.8244397822834253,0.9060540201833016,0.34458474155865637,0.9038142386822647,0.8918007079504506,0.8811713725919912,0.7859181167692968,0.9275522446953854,0.9060540201833014,0.6598989712921809,0.8907283270583697,0.9562880686171873,0.9027019168030597,0.9288488221297497,0.9526370111116405,0.9152582079543841,0.9623211158059548,0.9275522446953854,0.9459533477380777,0.9623211158059548,0.9413411539914587,0.9288488221297497,0.9492063492063487,0.6783615558233285,0.8843412180810755,0.9582144552981327,0.9492063492063489,0.9384124008873462,0.7806724477786728,0.8022278398026612,0.03139863267861631,0.9544316996038003,0.08671734220308558,0.03139863267861631,0.03139863267861631,0.3741839079094693,0.0,0.944383427890573,0.4527606561376478,0.0,0.9341976401680094,0.535161772248302,0.9582144552981327,0.9526370111116405,0.9562880686171873,0.9508971383859763,0.03139863267861631,0.7960789049353036,0.8580633769736241,0.935580996038617,0.8409971458279799,0.0,0.9071820194155722,0.9526370111116405,0.9341976401680094,0.7935775465776653,0.9083158055901508,0.9582144552981327,0.9508971383859763,0.9369854052620166,0.9152582079543841,0.6284764518573093,0.9492063492063487,0.4006068367505189,0.92126914699118,0.9250013316406696,0.6848496741376318,0.9398636845831869,0.9582144552981327,0.930160641445072,0.9526370111116405,0.9071820194155722,0.8420784215528954,0.0,0.9492063492063487,0.8822265994777507,0.960221152322577,0.8377384241745145,0.944383427890573,0.9398636845831869,0.8244397822834253,0.06018876900102055,0.7569089328329721,0.7846176027958276,0.0,0.0,0.40880739824839063,0.6991852245234742,0.9027019168030597,0.8058499662916013,0.8453085223330421,0.8152867967569688,0.8399134433261015,0.7997856146881548,0.9328339505740528,0.8129560940834346,0.0,0.9004911494084331,0.9544316996038,0.9623211158059548,0.831146423199498,0.9582144552981327,0.831146423199498,0.0,0.0,0.7739436107925914,0.9492063492063487,0.7819949015164562,0.938412400887346,0.8570084033315841,0.8993922310882436,0.6856702229525599,0.8993922310882436,0.8344556057285131,0.8506512873935228,0.0,0.9152582079543841,0.8175997772209664,0.9508971383859763,0.9582144552981327,0.5526275082095407,0.7351207557283752,0.43182584581086747,0.9176344520056336,0.9508971383859763,0.8591172857456586,0.0,0.8266892096935958,0.9176344520056336,0.8993922310882436,0.8727631680356078,0.8654234385275936,0.9413411539914582,0.9049315186013054,0.8538362113124116,0.9562880686171875,0.8685695845092949,0.862273520033598,0.9443834278905732,0.9602211523225768,0.9225015741707872,0.2586095064370061,0.8129560940834346,0.9544316996038,0.03139863267861631,0.8759110188590655,0.9288488221297497,0.9152582079543841,0.92126914699118,0.9623211158059548,0.9152582079543841,0.9623211158059548,0.9623211158059548,0.9027019168030597,0.3647019568709454,0.8961186971729789,0.9492063492063487,0.9602211523225768,0.938412400887346,0.938412400887346,0.8322525541058978,0.9428469360414611,0.9475597985845114,0.9288488221297497,0.5210240199989242,0.9508971383859761,0.7684119013812074,0.3833143586062788,0.7125274559321442,0.7447432793600621,0.0,0.8918007079504506,0.9492063492063489,0.758381053055492,0.960221152322577,0.9328339505740528,0.9341976401680097,0.855952276285969,0.0,0.7399891659895361,0.8058499662916012,0.9341976401680094,0.8058499662916012,0.8266892096935958,0.8129560940834346,0.9544316996038,0.7143607147557588,0.6716454483484393,0.8058499662916012,0.7431708752992889,0.9355809960386166,0.6761489807685291,0.9623211158059548,0.9355809960386168,0.9492063492063489,0.8982973238138026,0.930160641445072,0.8388272306091984,0.4779583613087228,0.8106069085572598,0.9492063492063489,0.03139863267861631,0.8420784215528954,0.861222266702256,0.5110414539348817,0.7766590274917051,0.7524297972473162,0.0,0.9856724533720749,0.8633240709217587,0.9225015741707872,0.0,0.8399134433261015,0.9428469360414604,0.9582144552981327,0.2115113915126694,0.03139863267861631,0.9114861522954751,0.9314886672615051,0.897206214237533,0.9288488221297497,0.9083158055901508,0.9355809960386172,0.8129560940834346,0.0,0.9275522446953854,0.0,0.9582144552981327,0.8333555867103808,0.8843412180810759,0.9623211158059548,0.9262700211315917,0.8022278398026612,0.904931518601306,0.9225015741707869,0.0,0.8322525541058978,0.8210376473859937,0.8506512873935228,0.9250013316406696,0.40060683675051967,0.9544316996038003,0.3227392978460525,0.9237454173815312,0.392115299153029,0.8928757609748668,0.7948313236856197,0.392115299153029,0.9225015741707872,0.9544316996038003,0.885400876353422,0.392115299153029,0.9623211158059548,0.931488667261505,0.9508971383859763,0.885400876353422,0.9475597985845114,0.9237454173815312,0.9341976401680094,0.8918007079504506,0.9152582079543841,0.9355809960386168,0.9140827360776211,0.930160641445072,0.9475597985845114,0.9384124008873462,0.7301312695908225,0.9225015741707872,0.9015943008452869,0.8333555867103808,0.42440193597169273,0.9083158055901508,0.930160641445072,0.9508971383859763,0.9526370111116405,0.9015943008452867,0.8939536575643379,0.9275522446953854,0.9275522446953854,0.9004911494084333,0.9544316996038,0.9562880686171873,0.5974763156586966,0.9262700211315922,0.8664724446651935,0.9176344520056336,0.9250013316406696,0.6549904556417999,0.9369854052620166,0.9237454173815312,0.9492063492063487,0.8366469404145511,0.8780124908814328,0.9129151319089186,0.9004911494084333,0.6623067578386677,0.9562880686171875,0.9188361382271666,0.5906675167558797,0.9314886672615046,0.944383427890573,0.926270021131592,0.8993922310882434,0.6040574193889983,0.7598430279509716,0.9398636845831869,0.6739104850582693,0.9475597985845114,0.8832831707913573,0.7143607147557586,0.9526370111116407,0.9508971383859763,0.8864622842804517,0.9275522446953852,0.9526370111116405,0.8982973238138026,0.8633240709217587,0.708808264663793,0.9459533477380775,0.9459533477380775,0.8322525541058978,0.9341976401680094,0.9027019168030599,0.9526370111116405,0.8591172857456586,0.9341976401680094,0.9562880686171873,0.8928757609748668,0.9328339505740528,0.9508971383859763,0.960221152322577,0.8854008763534222,0.9582144552981327,0.7197593917099125,0.9562880686171873
p65_M,0.9357381179719895,0.9432937551644589,0.8954023823601893,0.838746408960998,0.9508971383859763,0.9635753483468392,0.9539734643292288,0.9196473178559331,0.9070160137452734,0.18988738395518112,0.9418654668890594,0.9493053971730234,0.9493053971730234,0.9250812961986934,0.8745277657564575,0.787228755117481,0.9462347596389562,0.9337692322192535,0.9596053879391779,0.9615452872130625,0.8912695666285131,0.9404624926714931,0.9926931063209248,0.2793248945147677,0.9390829980374291,0.9337692322192535,0.9462347596389562,0.9192233962368055,0.9615452872130623,0.8105182202120127,0.9274978432118415,0.9559485503920393,0.9447494136270194,0.9215378731313923,0.9508971383859763,0.9596053879391779,0.9525316455696202,0.9447494136270194,0.23265400517341905,0.9324854129452831,0.902741203339785,0.7995979460862801,0.9635753483468394,0.9158139617897607,0.9462347596389562,0.8525292702713729,0.9542136024350836,0.8996469044180135,0.9324854129452831,0.8954023823601893,0.37108084252019025,0.8545932950871287,0.9337692322192535,0.9971196828020042,0.8723711454784149,0.9312172606999456,0.5628474791152085,0.9508971383859763,0.8058346231513476,0.947752420917731,0.9091812387167524,0.8670360756633027,0.9337692322192535,0.7070447155143817,0.9577431256853024,0.8302837275767869,0.8945024258106784,0.8191648344660393,0.8936948969709921,0.9593605721085062,0.9238898933303421,0.9324854129452831,0.981381831638016,0.7767926535369007,0.9508971383859763,0.8902416609981851,0.9975839852098576,0.9418654668890594,0.8591052725560666,0.9635753483468392,0.4750275494830217,0.9363880304285923,0.9287243013130126,0.9096423096705528,0.9508971383859763,0.9203761879341785,0.9404624926714931,0.840497711631859,0.5746711203292185,0.9848910203339205,0.9508971383859763,0.8954023823601893,0.7091985698826023,0.8597250809841577,0.9287243013130126,0.9038035415131251,0.8933314369864678,0.8912695666285131,0.7571471671425037,0.8545251315798743,0.9312172606999456,0.9542136024350834,0.9508971383859763,0.8949988213646447,0.9086173135612573,0.9596053879391782,0.9102716897738727,0.7869450188228926,0.9390829980374291,0.7431358041037723,0.8800416198957273,0.5873320905808666,0.9310726076004743,0.9124696683389528,0.9736183137840243,0.9068112626286129,0.9432937551644589,0.31108825248997696,0.9635753483468394,0.9916310460031135,0.9158139617897607,0.7872287551174809,0.9390829980374291,0.636170995026695,0.9337692322192535,0.9093015752279445,0.9525316455696202,0.9634382098178784,0.9493053971730234,0.9496485824638997,0.8769985528794617,0.9542136024350834,0.9559485503920393,0.6791932532177181,0.9462347596389562,0.8070999688196361,0.6636996446798817,0.9559485503920393,0.9559485503920393,0.947752420917731,0.8111507091583434,0.9615452872130623,0.8602443068685643,0.8759848927128513,0.7815506747718318,0.9559566851226751,0.8964416496516883,0.8436003040827778,0.8620219128927745,0.7967756161717694,0.9615452872130623,0.9091812387167528,0.7231384604685938,0.8851268700668167,0.9692769377093196,0.9324854129452831,0.9364800516833367,0.9605807414790561,0.8492546100688053,0.8892155845940946,0.892523009273936,0.9542136024350834,0.9363880304285925,0.7517200521801013,0.9006279533325656,0.9192233962368055,0.6787083545554967,0.9027412033397848,0.9287243013130126,0.7448377452012054,0.9250812961986934,0.9493053971730236,0.9312172606999458,0.9709610116834292,0.8587016255621231,0.8820731393531338,0.9596053879391779,0.6539859125278309,0.968805048104574,0.998689452668635,0.700260284202147,0.8922994432827853,0.9312172606999456,0.9493053971730234,0.8961222571494827,0.8587016255621231,0.9916310460031135,0.7386616586360892,0.9432937551644589,0.9741270364328647,0.475782623207902,0.9472483006084296,0.8280948589685844,0.7664239224831357,0.47732876159437243,0.9508971383859763,0.0,0.947752420917731,0.6244775287216087,0.8715311586797312,0.9326301365954337,0.9493053971730234,0.9508971383859763,0.8729445628956358,0.9132557391971274,0.2747441168383574,0.9508971383859763,0.8268778248611142,0.9180790428976138,0.9263909248883351,0.9259853716103591,0.9080961023073577,0.9493053971730234,0.9508971383859763,0.6591208778036308,0.9508971383859763,0.9361387975584146,0.8748900904594732,0.8410267207478741,0.9508971383859763,0.8983739487948558,0.9508971383859763,0.8335403947084741,0.910271689773873,0.9192233962368055,0.8800416198957273,0.9542136024350834,0.78539430159798,0.947752420917731,0.9377253379624282,0.5454440744832265,0.9091812387167526,0.8283774467177323,0.9215378731313923,0.9559485503920393,0.9417626114543682,0.7726347410009535,0.9458556185436358,0.9006279533325658,0.9180790428976138,0.9180790428976136,0.17956129708708757,0.8892155845940946,0.947752420917731,0.9508971383859763,0.9059407181827082,0.9508971383859763,0.8452280645834543,0.9180790428976138,0.9559485503920393,0.929963842972795,0.8144472611771492,0.0698312236286921,0.9169426994374763,0.9390829980374293,0.8964416496516883,0.9998238347481486,0.8658418182833445,0.03543322463241827,0.8759848927128513,0.8759848927128513,0.7158195455115816,0.9493053971730236,0.9577431256853026,0.8346191856858272,0.23265400517341905,0.8389027479487043,0.8876449934411474,0.9350697345319545,0.8749714078758022,0.8790268110981543,0.9559485503920393,0.7072191268640756,0.7577315976258654,0.8144472611771492,0.9596053879391782,0.8346191856858272,0.9169426994374763,0.9363880304285923,0.9048699718936313,0.9596053879391782,0.8566505277931493,0.7654209908019572,0.9577431256853024,0.901682742694863,0.9250812961986934,0.9542136024350834,0.967100967856847,0.7749200871902093,0.947752420917731,0.9542136024350836,0.9542136024350834,0.8052614894098253,0.9596053879391779,0.9316428085275303,0.8916364199492739,0.8892155845940946,0.9953090053732515,0.9596053879391779,0.9508971383859763,0.9324854129452831,0.947752420917731,0.9559485503920393,0.781017971156353,0.5559337211717938,0.9542136024350834,0.9324854129452831,0.9192233962368055,0.8214354212503421,0.4996816984475785,0.6112078525332937,0.8441922549828875,0.8575242220571015,0.8844333378654105,0.9109264520435435,0.9615452872130625,0.9070160137452734,0.9615452872130625,0.9215378731313923,0.46464987545611725,0.9124696683389528,0.9542136024350831,0.9508971383859763,0.9559485503920393,0.7348251785689415,0.9337692322192535,0.9596053879391782,0.9577431256853024,0.9493053971730234,0.9508971383859763,0.9390829980374291,0.9596053879391779,0.9635753483468392,0.913577797842458,0.8291911258056227,0.9363880304285923,0.9559485503920393,0.7357270719910649,0.8346191856858272,0.9390829980374291,0.9447494136270194,0.8771251090843861,0.3962736435368833,0.9215378731313923,0.847571515401299,0.9432937551644589,0.9559566851226751,0.9635753483468394,0.790522960762716,0.9215378731313923,0.7788113047144827,0.9462347596389562,0.9493053971730236,0.9238898933303423,0.8892155845940946,0.7749200871902094,0.961768505940968,0.8247832035705711,0.9508971383859763,0.8905177901464341,0.44889433324015393,0.9227089361519578,0.9203761879341785,0.9615452872130623,0.7137066333919899,0.9508971383859763,0.9508971383859763,0.39966339602840406,0.5699642570336958,0.8961222571494829,0.9508971383859763,0.9615452872130625,0.9508971383859763,0.9250812961986933,0.9006279533325656,0.7955439532394754,0.9508971383859763,0.9262837350880504,0.9404624926714931,0.837836432444947,0.8146217090393438,0.9508971383859763,0.9203333571111532,0.9192233962368055,0.809194798685986,0.9227510399128598,0.9262837350880504,0.9584921919901567,0.9542136024350834,0.7884016635964685,0.9508971383859763,0.8332805056157588,0.9859653849226513,0.8638069066950458,0.8356947337145704,0.9525316455696202,0.8367671217737243,0.9447494136270194,0.9508971383859763,0.9759907361775702,0.9872327239994373,0.9508971383859763,0.8823430595326919,0.9065602264064593,0.8782416695665332,0.8214354212503419,0.7810179711563527,0.9508971383859763,0.7866875306684662,0.8607472522091426,0.9577431256853024,0.8882829779934609,0.8510619252935179,0.9102716897738725,0.9113677351409675,0.9759907361775702,0.9542136024350836,0.9046088515432297,0.8902416609981851,0.9926931063209248,0.825091019576323,0.985690916651915,0.8749714078758022,0.9377253379624282,0.9559485503920395,0.9337692322192535,0.9508971383859763,0.9596053879391779,0.904869971893631,0.9148147732156012,0.9418654668890594,0.9798175375448483,0.947752420917731,0.8344943451945636,0.9776371308016877,0.947752420917731,0.9418654668890594,0.9508971383859763,0.9432937551644589,0.9876770618313642,0.9070160137452734,0.9593605721085062,0.8364082345766711,0.9615452872130625,0.9375331207684675,0.9377253379624282,0.8117903099195525,0.9404624926714931,0.9615452872130623,0.7840019956468414,0.9192233962368055,0.9326301365954337,0.9350697345319545,0.9404624926714933,0.9059407181827082,0.9542136024350834,0.9215378731313923,0.5899804911706321,0.8810570257461647,0.9363880304285923,0.9417626114543682,0.9418654668890594,0.9274978432118415,0.9067735960486834,0.813144308372797,0.9080961023073577,0.9462347596389562,0.9133738338746559,0.8943656982526555,0.46087073721650473,0.9903766507571461,0.9377253379624282,0.8236714085807446,0.9418654668890594,0.888282977993461,0.9363880304285925,0.918079042897614,0.8004488158253994,0.9542136024350834,0.8815889130882111,0.9475711879583977,0.9203761879341787,0.9411731642018818,0.9596053879391779,0.847571515401299,0.7323200752873658,0.9577431256853024,0.9192233962368055,0.9462347596389562,0.9462347596389562,0.9559485503920393,0.23005421253765945,0.9274978432118415,0.8313727497886215,0.9158139617897609,0.9493053971730236,0.9493053971730234,0.8591052725560666,0.5534770339719254,0.9462347596389562,0.8759848927128513,0.9508971383859763,0.9577431256853028,0.9508971383859763,0.9508971383859763,0.9437509156077835,0.5675647468111022,0.9215378731313923,0.9508971383859763,0.86018015495147,0.8199114105132117,0.9621698344437761,0.8568142373956308,0.9203333571111534,0.8416859998638049,0.5297319701705393,0.6949102782080139,0.8452423104895888,0.4456524500577599,0.7482657001003146,0.9577431256853028,0.9203761879341785,0.8950231430311593,0.9887824175390698,0.9274978432118415,0.9942907727414589,0.41173096144408516,0.8883381588027088,0.9577431256853026,0.9377836865370688,0.9542136024350836,0.9038035415131251,0.5454440744832254,0.9881361984083077,0.9377253379624282,0.9790532298598122,0.9262837350880504,0.9091812387167528,0.9377253379624282,0.9390027279901942,0.9542136024350834,0.9404624926714933,0.9525316455696202,0.9169426994374763,0.9902025197020266,0.8452423104895885,0.9559485503920393,0.8617682235186914,0.4917769911135027,0.7866875306684662,0.893331436986468,0.9493053971730234,0.809194798685986,0.9287243013130126,0.9635753483468394,0.8123127184484012,0.8827042327454633,0.6949102782080135,0.9272710960053037,0.9404624926714933,0.5122269357985247,0.8861469711805039,0.9508971383859763,0.9559485503920395,0.9637851559795012,0.9508971383859763,0.8658418182833447,0.8881730297134129,0.947752420917731,0.9287243013130126,0.8367671217737243,0.9926931063209248,0.7779912562124376,0.9615452872130625,0.8296106003559924,0.8248917396597724,0.8709172314094928,0.947752420917731,0.9447494136270194,0.9030834008043364,0.9180790428976138,0.9363880304285923,0.9332752396350669,0.8841079446138815,0.8169113144171267,0.6734945323182016,0.9215378731313923,0.7394675237721807,0.8983739487948557,0.9274978432118415,0.9615452872130625,0.9390829980374291,0.95253164556962,0.844192254982888,0.9743145807345086,0.8964416496516878,0.9493053971730236,0.8028669104368944,0.8462899393398311,0.9471168020442999,0.7682866327265078,0.9542136024350834,0.9203761879341785,0.9192233962368053,0.9350697345319545,0.7386616586360888,0.9274978432118415,0.7808680068290851,0.9046088515432296,0.9998238347481484,0.7874802728547536,0.9559485503920393,0.9635753483468392,0.9508971383859763,0.4861418954376979,0.8699031439713583,0.8722711465586106,0.9227089361519578,0.9508971383859763,0.9938748544783449,0.8302837275767865,0.9091812387167528,0.9250812961986934,0.9070160137452734,0.8954023823601893,0.9203333571111532,0.7997231721817382,0.929963842972795,0.9091812387167526,0.8556227195178281,0.8943656982526555,0.9577431256853028,0.9059407181827082,0.5628474791152083,0.9542136024350834,0.918079042897614,0.9635753483468394,0.929963842972795,0.947752420917731,0.9635753483468394,0.9432937551644589,0.9312172606999456,0.981381831638016,0.8782416695665332,0.8881911996032124,0.9596053879391779,0.7782187417099928,0.5454440744832261,0.8051812588818612,0.8381090821523731,0.9493053971730236,0.9559485503920393,0.946234759638956,0.9493053971730236,0.9848910203339205,0.9215378731313922,0.9508971383859763,0.4293338523082184,0.6772273284921262,0.9508971383859763,0.9363880304285923,0.8943656982526555,0.9596053879391779,0.9542136024350836,0.9577431256853026,0.9525316455696202,0.9493053971730236,0.7884016635964683,0.8627880798184884,0.9377253379624282,0.8761935329591726,0.9508971383859763,0.9102716897738727,0.9542136024350834,0.9363880304285925,0.8296106003559922,0.9113677351409675,0.9596053879391779,0.9525316455696202,0.5008190116955968,0.9055577909177376,0.9390829980374291,0.9508971383859763,0.6851038331869266,0.9705425698260028,0.9274978432118415,0.8441922549828882,0.9418654668890594,0.9593605721085062,0.9324854129452831,0.9542136024350836,0.9659780157059267,0.9091481169388318,0.9508971383859763,0.9508971383859763,0.8861469711805039,0.2747441168383574,0.8737714100411207,0.9462347596389562,0.9418654668890594,0.8302837275767869,0.947752420917731,0.7980063102019073,0.8010995999443998,0.9508971383859763,0.9508971383859763,0.9605807414790561,0.8973050295528808,0.9059407181827079,0.8352079045667511,0.71370663339199,0.8214354212503419,0.8452423104895885,0.7840019956468417,0.9350697345319545,0.8852588926436555,0.9508971383859763,0.8996469044180135,0.9559485503920395,0.23265400517341905,0.8367671217737243,0.9596053879391782,0.836767121773724,0.9508971383859763,0.9508971383859763,0.8118346753749687,0.9508971383859763,0.803828482588346,0.9404624926714933,0.8617682235186914,0.902741203339785,0.9299638429727952,0.9027412033397848,0.7642719786855594,0.8556227195178279,0.9508971383859763,0.9180790428976138,0.7604982134870262,0.9525316455696202,0.9596053879391779,0.965161283441215,0.7733672596361085,0.6626333293553734,0.9203761879341787,0.9525316455696202,0.8638069066950456,0.9508971383859763,0.8324582773700502,0.6291027557617731,0.7070447155143816,0.9109264520435436,0.8699031439713583,0.8183599967013939,0.9080961023073577,0.8905177901464343,0.9645511776582261,0.8729445628956358,0.8393420809217594,0.9462347596389562,0.9615452872130625,0.8387464089609978,0.9337692322192535,0.8191823016368875,0.14675730682426613,0.9848910203339205,0.8800416198957275,0.9312172606999456,0.918079042897614,0.8894994006870154,0.6791932532177183,0.9180790428976138,0.9635753483468394,0.9471168020442997,0.9059407181827082,0.9227089361519578,0.8995766368965674,0.9508971383859763,0.9615452872130625,0.9404624926714931,0.9404624926714931,0.8681619357560897,0.9447494136270194,0.9493053971730234,0.8158151092076322,0.8974836658533198,0.4189873417721506,0.8460940724740426,0.9654282935645835,0.8291911258056228,0.836908520437807,0.9508971383859763,0.9326301365954337,0.9508971383859763,0.9132557391971272,0.18988738395518112,0.9350697345319545,0.9363880304285928,0.8607472522091426,0.9508971383859763,0.9578857215259216,0.8123127184484011,0.5237257662858705,0.7764613417359433,0.7467350328374354,0.7670353703558732,0.9559485503920395,0.9475711879583975,0.8815889130882111,0.9591791255254207,0.838109082152373,0.9377253379624282,0.84837823969012,0.9635753483468394,0.9377253379624282,0.9508971383859763,0.9404244238472441,0.9324854129452831,0.9362857614126447,0.6549953778470862,0.8464015114623487,0.9508971383859763,0.9493053971730236,0.8782416695665332,0.8658418182833447,0.8995766368965674,0.780143960767431,0.8016608579382383,0.9508971383859763,0.7678372320179733,0.8678736588799028,0.9250812961986934,0.9508971383859763,0.7240386905967507,0.9447494136270194,0.9596053879391782,0.9377253379624282,0.9493053971730236,0.9451236844516557,0.9096423096705528,0.9006279533325658,0.9312172606999456,0.9113677351409675,0.9377253379624282,0.8191823016368878,0.9508971383859763,0.9798175375448483,0.9508971383859763,0.23005421253766123,0.8389027479487041,0.9954628312882465,0.23265400517341905,0.9287243013130126,0.8088111631761212,0.8891026301175452,0.9723157551667552,0.9508971383859763,0.7982575278213404,0.7256246305616507,0.8556227195178279,0.9274978432118417,0.9180790428976138,0.9692769377093197,0.9274978432118415,0.5952832514638081,0.9637851559795012,0.9537099832869298,0.8016608579382383,0.9637851559795012,0.9250812961986934,0.9559485503920393,0.9251662135150307,0.9637851559795012,0.23265400517341905,0.9337692322192535,0.9525316455696202,0.8892155845940946,0.9493053971730234,0.4995966487741802,0.9363880304285925,0.8954023823601893,0.9180790428976138,0.9377253379624282,0.9169426994374763,0.6051560701903465,0.9848910203339206,0.48832258194486156,0.9361387975584141,0.9250812961986934,0.904869971893631,0.8268778248611142,0.9569584625439046,0.9113677351409675,0.9324854129452831,0.2094936708860765,0.9736183137840242,0.9048699718936308,0.93518689541171,0.929963842972795,0.9299638429727952,0.9431134523268976,0.9559485503920395,0.9577431256853028,0.7812460279519373,0.9287243013130129,0.9040384689315533,0.9444674951746067,0.9274978432118415,0.8250910195763217,0.9390829980374291,0.9262837350880506,0.9508971383859763,0.9949208478101401,0.8820731393531336,0.91137624814767,0.9038035415131251,0.8308340295784886,0.9577431256853024,0.9215378731313923,0.7761815505413792,0.9337692322192535,0.9462347596389562,0.9778748351992477,0.9027412033397848,0.7861632512209236,0.796945518458144,0.9418654668890594,0.8804734569104509,0.9493053971730234,0.7571433530010481,0.8579639412160383,0.9542136024350834,0.9525316455696202,0.7482657001003147,0.9299638429727948,0.9736183137840244,0.9404244238472441,0.6734945323182022,0.8613811475412916,0.947752420917731,0.947752420917731,0.8589085344436257,0.9556347289143003,0.9458556185436358,0.9542136024350836,0.8130395887605835,0.9363880304285925,0.9577431256853028,0.896441649651688,0.9350697345319547,0.9776371308016876,0.27474411683835653,0.9611168424359666,0.3110882524899772,0.8545251315798739,0.9577431256853028
p66_C,0.94226955920958,0.937584438157661,0.7736626550119535,0.9175383063396303,0.9919305345581159,0.9599080294518356,0.8242064016460567,0.86885680340347,0.9714591146969296,0.9576735770276548,0.9360123464869741,0.8747265520025297,0.9350839192327518,0.649210573000332,0.9437480193578958,0.9110367363125393,0.9980965995557116,0.9292705781907253,0.598497955229752,0.9576735770276548,0.9136668681404589,0.9344681175525125,0.9818737559710531,0.947752420917731,0.9329497321807898,0.9271009640247971,0.48642795285018214,0.9928378554472406,0.9576735770276548,0.8926935785276154,0.9201981569430604,0.911315012010842,0.9391866557097979,0.913638123172289,0.9919305345581159,0.9555383641697375,0.947752420917731,0.5016684287330653,0.9599080294518358,0.603099288288323,0.892948960819701,0.9285324039439793,0.9599080294518358,0.9341548492204688,0.9408215498230332,0.8753130888167002,0.9496037211238535,0.8941182576784144,0.9256878868316014,0.9785423118698662,0.9515133476881705,0.8138020050686654,0.9271009640247971,0.9531057683512588,0.9391866557097979,0.9706982209232327,0.924292054060027,0.9459533477380777,0.8203581350519381,0.9424920127795524,0.9874196720316067,0.9036237117624291,0.9271009640247971,0.892948960819701,0.9534886050081051,0.9506007986398965,0.9515133476881705,0.9348057385055197,0.8451646916481856,0.9555383641697375,0.5702752818448757,0.9256878868316014,0.9459533477380777,0.981009246246165,0.9459533477380777,0.879190935397886,0.9344681175525125,0.9360123464869741,0.949185243349123,0.7943430399658984,0.9360123464869741,0.9795036960805321,0.67270847012045,0.9271009640247969,0.9459533477380777,0.5917599560323061,0.9607441863599597,0.8190550279834297,0.9909102788434876,0.9442013463068033,0.9459533477380777,0.705369436059316,0.8465025174284118,0.9626826982918237,0.9215480977067745,0.9301746946212589,0.712594503660626,0.8803223329648369,0.9722693329685108,0.9708240412800999,0.9242920540600268,0.9496037211238535,0.370769357520052,0.9737577656653316,0.862383237570735,0.9555383641697377,0.6447298230037259,0.9451135843734262,0.9843238957181939,0.9562889805923847,0.7536469869560936,0.9285324039439793,0.719897651880278,0.9036569103682495,0.9496037211238535,0.750580878589344,0.937584438157661,0.9555383641697375,0.9599080294518358,0.9966974058830518,0.9469647240084869,0.7262362277568399,0.4505603053703613,0.9201981569430602,0.9271009640247971,0.9001698462527203,0.947752420917731,0.8821740773501708,0.9442013463068035,0.9502726792490606,0.9579740782480006,0.9496037211238535,0.9515133476881705,0.9599080294518358,0.9408215498230332,0.8219438084736305,0.9672501846762882,0.8427291918603484,0.9515133476881705,0.9987575434859778,0.8310095946739628,0.9576735770276548,0.9506007986398965,0.7646336685440346,0.752887780103321,0.9048766089350639,0.9421770859999474,0.9979445208103823,0.9256878868316014,0.9031664550446916,0.9576735770276548,0.9499053607024348,0.8009579281719542,0.8735611753844457,0.9515133476881705,0.9800695481923838,0.8883122254108777,0.6111034842549041,0.9362040762623298,0.7262362277568399,0.8277672007198686,0.9496037211238535,0.9299834289466349,0.9508003341101743,0.8906229438722486,0.5984259640418201,0.9418533128468707,0.8929489608197012,0.9666307012815274,0.9647165783264123,0.9175383063396303,0.9442013463068035,0.924292054060027,0.7711566502225486,0.8736582841643716,0.7160744921365795,0.9555383641697375,0.9241056608283051,0.9994890516008976,0.7560778836599109,0.9061034849845075,0.9485295702577212,0.9706982209232327,0.9442013463068035,0.9093762272332486,0.8053297218666661,0.9966974058830518,0.9316215436119188,0.9375844381576609,0.9188618095812564,0.9424920127795526,0.9714591146969296,0.860449240400483,0.909864108570767,0.9000373939808768,0.9459533477380777,0.947752420917731,0.0,0.8941182576784144,0.8250209201611329,0.8848712502248586,0.9442013463068035,0.9459533477380777,0.8601523251100112,0.9098641085707673,0.9576735770276548,0.9459533477380777,0.8784208915445284,0.9502726792490608,0.9786630756548504,0.9362040762623298,0.8988430035065228,0.9442013463068035,0.9459533477380777,0.8467269607313445,0.9459533477380776,0.9351249051031894,0.8054520429976553,0.8112423742607775,0.9459533477380777,0.8523344596018206,0.9459533477380777,0.8518227666461307,0.901237634194086,0.5984259640418201,0.8679639303639388,0.9496037211238535,0.9164319075160072,0.9424920127795526,0.6147792340402808,0.9344681175525127,0.9000373939808766,0.9928923515131387,0.955430200993886,0.9515133476881705,0.9645325849988505,0.9855431718151524,0.81063855213682,0.9611956642977568,0.9907143086558443,0.909831049842277,0.9408215498230332,0.7262362277568399,0.9424920127795526,0.9459533477380777,0.9204726162303583,0.9459533477380777,0.8785279636095875,0.6453110266831018,0.9515133476881705,0.9229124393123016,0.9164319075160072,0.947752420917731,0.8912879453809578,0.9329497321807898,0.7016462211200151,0.9360123464869741,0.9686278339080792,0.9496037211238535,0.7646336685440346,0.8634987624252988,0.9197107641760085,0.9442013463068033,0.8326881763485998,0.850062009909633,0.9599080294518358,0.9898964729815398,0.9341586822630343,0.9285324039439793,0.9241056608283051,0.7564551019262826,0.9515133476881705,0.9251470890468048,0.9183180038831669,0.9236776958816711,0.9555383641697377,0.9839531248063822,0.9486066482612978,0.9299834289466349,0.7050836078414535,0.9555383641697377,0.9836958360829685,0.9650686262504822,0.9534886050081051,0.8917839318880125,0.9175383063396303,0.25605493087593056,0.913638123172289,0.9564937016009507,0.9424920127795526,0.9496037211238535,0.9496037211238535,0.8925843591399061,0.9555383641697375,0.8929083882224402,0.9334124924496288,0.8780615512279375,0.7669632898056068,0.9555383641697375,0.9919305345581159,0.9256878868316012,0.8225062122825699,0.4998000911078794,0.9508003341101743,0.9273191685398654,0.9496037211238535,0.9256878868316012,0.9928378554472403,0.9519726052273096,0.9806848395182723,0.9918748714644632,0.8336091806311385,0.8199664945771147,0.8809804133269925,0.7619471277940435,0.9576735770276548,0.9916384125088662,0.9576735770276548,0.997222278815483,0.9907143086558443,0.7882313730316597,0.9180060542094438,0.9459533477380777,0.9515133476881703,0.7008044880432813,0.9749771166196228,0.9555383641697377,0.9534886050081051,0.9442013463068035,0.9459533477380777,0.9329497321807898,0.9555383641697375,0.9599080294518358,0.9048766089350639,0.8119936899116005,0.9299834289466349,0.9515133476881705,0.9898964729815398,0.9883827309796205,0.8101794501321897,0.9391866557097979,0.8297886824957056,0.9496037211238535,0.9136381231722892,0.8753220118250445,0.992239334903201,0.9826194297807276,0.9599080294518358,0.910576477788815,0.9609856433629199,0.923677695881671,0.9408215498230332,0.9442013463068035,0.9553986077727084,0.9769871064817433,0.9564937016009507,0.9579192699377803,0.8654938852235116,0.9459533477380777,0.9804271731224636,0.912359476799596,0.9149270915494647,0.9536828573969376,0.8866592451518311,0.9210652057913624,0.9459533477380777,0.9459533477380777,0.9256878868316014,0.9714591146969296,0.7942159784407169,0.9459533477380776,0.9576735770276548,0.9459533477380777,0.9175383063396303,0.8906229438722486,0.9365740280542731,0.9459533477380777,0.5545354251519958,0.9344681175525125,0.8447031165720803,0.8801188504041417,0.9459533477380777,0.8735611753844454,0.9110906193450525,0.9222342176522085,0.8984673303007602,0.9188618095812564,0.7391574535729535,0.9496037211238535,0.9436917551935937,0.9459533477380777,0.8941129326850169,0.9271009640247969,0.9093762272332486,0.7374356360160856,0.947752420917731,0.8465025174284119,0.9391866557097979,0.9459533477380777,0.9703548064795295,0.926727451781155,0.9459533477380777,0.9627453733534854,0.7633375347429148,0.8319645762487426,0.8704491812798201,0.9508003341101743,0.9459533477380777,0.8185133723218981,0.9054461459141279,0.9534886050081051,0.7805950414820988,0.843274706630657,0.9390736794276016,0.9830487856961238,0.6899959763287946,0.9496037211238535,0.9983896418435716,0.9786630756548504,0.9314553797224701,0.9597379886500972,0.8969845146010971,0.7672822228838444,0.9818737559710531,0.9515133476881705,0.49838520483729376,0.9459533477380777,0.9555383641697375,0.7050836078414535,0.9094159392181114,0.9570183943574119,0.9229124393123016,0.9424920127795526,0.7856547619036139,0.947752420917731,0.9424920127795526,0.9360123464869743,0.37076935752005236,0.9375844381576612,0.9032962680264436,0.8976541691085211,0.9701343557301771,0.951049273612063,0.9644928340620883,0.9375844381576612,0.9818737559710531,0.9225262679839006,0.6463810980973745,0.9644928340620882,0.8137954530863201,0.9928378554472408,0.6370762171066787,0.9285324039439793,0.9344681175525127,0.8964706102804108,0.9496037211238535,0.913638123172289,0.9287407729092758,0.9641122723804829,0.6243341668482915,0.9996756029115749,0.9360123464869743,0.9201981569430604,0.8317070600826404,0.8645941553737209,0.7663273381000674,0.8873533009789314,0.9379271128441666,0.8837301903431398,0.9608634184056342,0.9299834289466349,0.9314553797224698,0.8671552293362643,0.9894969760647812,0.8422177685448577,0.9299834289466349,0.9098310498422768,0.8986638526651574,0.8518109418760931,0.7933892545030741,0.8107870483721848,0.5917599560323064,0.9287407729092758,0.9555383641697375,0.8809668813683988,0.9873110786538151,0.4763161452764433,0.9110906193450525,0.37187785338482493,0.9408215498230332,0.9113150120108421,0.9555383641697375,0.9201981569430604,0.8419197259178689,0.9073379150848058,0.9954412864629741,0.9442013463068035,0.8943086219741141,0.9012376341940862,0.9408215498230332,0.857600560801701,0.9459533477380777,0.9534886050081053,0.9459533477380777,0.9459533477380777,0.9708240412800999,0.9314553797224698,0.9136381231722888,0.9459533477380777,0.9323250549948574,0.9678290918974175,0.9907143086558444,0.8074807754229543,0.8735611753844457,0.9102197657282681,0.9345566419027254,0.896470610280411,0.9989769426144843,0.9391866557097981,0.879190935397886,0.9534886050081051,0.9536828573969376,0.8703808970142306,0.9935249236883033,0.9201981569430604,0.9951011472655116,0.9424920127795526,0.8024120526902032,0.9534886050081053,0.7951305376353204,0.9496037211238535,0.9301746946212588,0.9868619655962767,0.6333977017126344,0.9818737559710531,0.9539232952320633,0.510651861379767,0.937551705310049,0.9818737559710531,0.9149270915494647,0.851810941876093,0.9607441863599598,0.475782623207902,0.948606648261298,0.9362040762623298,0.9143189439630466,0.9515133476881705,0.8773018426300598,0.9408215498230335,0.8083681571100788,0.8825917972400854,0.9442013463068037,0.9222342176522085,0.9215480977067745,0.7124267297718097,0.8832775558062886,0.9916974032981591,0.8964706102804108,0.8864069379392837,0.9344681175525125,0.9390736794276016,0.8332061459318807,0.9459533477380777,0.9515133476881705,0.9110906193450523,0.9459533477380777,0.8523344596018207,0.9344681175525125,0.9400070997515089,0.6727084701204498,0.9297937743647982,0.9172894915317802,0.9536455577305865,0.9576735770276548,0.8986638526651575,0.9360123464869741,0.9597993179563378,0.9424920127795526,0.9951011472655116,0.9203749521146292,0.7261942854966694,0.9299834289466349,0.8199363790756029,0.936705220483518,0.8769290927869089,0.9747632347318917,0.5848569429685465,0.9591512163866867,0.8523344596018207,0.9646668607340485,0.9576735770276548,0.9329497321807898,0.947752420917731,0.889923455898105,0.9204726162303584,0.8860151533715297,0.9442013463068035,0.8956355807467467,0.8297886824957056,0.9599080294518358,0.904841982024023,0.9496037211238533,0.9636703814083795,0.9928378554472403,0.9285324039439793,0.9316215436119186,0.9646668607340485,0.9643019407444021,0.8917839318880125,0.9360123464869741,0.9442013463068037,0.9515133476881705,0.9599080294518358,0.9459533477380777,0.913638123172289,0.8568046890338219,0.929526314391053,0.5777011481419373,0.9459533477380776,0.9084332038159759,0.8570328995931122,0.9874196720316069,0.9175383063396303,0.8976541691085209,0.7053694360593161,0.9704390710968263,0.8275838620297092,0.9856324259650168,0.9000373939808768,0.9568188779970368,0.7429555442594813,0.9534886050081053,0.6641931333454351,0.924292054060027,0.9496037211238535,0.9098310498422768,0.9581756603540752,0.9856324259650172,0.4112531061412845,0.9599080294518358,0.937584438157661,0.5652401104447096,0.9919305345581159,0.8319645762487429,0.8769340287666245,0.895807075630092,0.9459533477380777,0.9607441863599593,0.913511480826117,0.9508003341101745,0.9442013463068035,0.9515133476881705,0.9408215498230332,0.9442013463068035,0.9442013463068033,0.9136381231722889,0.9459533477380777,0.9408215498230332,0.9012376341940861,0.9459533477380777,0.6738544339821888,0.9805191676941768,0.9555383641697375,0.9496037211238535,0.9534886050081051,0.947752420917731,0.9442013463068035,0.8956355807467465,0.9966974058830518,0.9677078677803633,0.9439464737536059,0.9459533477380777,0.9012376341940862,0.9842011665427953,0.9299834289466349,0.9408468422255942,0.6395272386808399,0.9555383641697375,0.947752420917731,0.9643019407444021,0.9688440619373719,0.6046827959825738,0.9459533477380777,0.9098310498422768,0.6986497238208199,0.9019270278929864,0.8566623054005462,0.7430798760461843,0.9555383641697375,0.9256878868316014,0.9496037211238535,0.6447298230037258,0.9453585115426593,0.9459533477380777,0.9919305345581159,0.8746839826578152,0.9576735770276548,0.8354954619978758,0.9408215498230332,0.9360123464869741,0.978081698892324,0.9424920127795526,0.9379992301397138,0.9308603349136193,0.9459533477380777,0.9459533477380777,0.9886329998507342,0.7909750128041542,0.664193133345435,0.8832775558062886,0.9932711322969685,0.8704491812798201,0.8317070600826403,0.9479567613763247,0.9285324039439793,0.9636353318380122,0.9459533477380777,0.8941182576784144,0.9515133476881705,0.9599080294518358,0.8465025174284119,0.9555383641697377,0.9313874640745579,0.9459533477380777,0.9459533477380777,0.91933905902826,0.6813499460390835,0.9279936079124453,0.9607441863599594,0.8576381060247249,0.8929489608197012,0.9229124393123016,0.8565083545532761,0.9355479533623767,0.8985156221752215,0.9459533477380776,0.7261942854966694,0.9693815026722987,0.947752420917731,0.9555383641697375,0.9881795442594947,0.9309256233281007,0.9396377493736087,0.7570534784216717,0.9241442555546319,0.8500946683680415,0.9459533477380777,0.981009246246165,0.9636703814083795,0.8929489608197012,0.8646144802620153,0.7799949436879796,0.9531057683512586,0.9523438149852952,0.8053297218666662,0.9534886050081051,0.9213819287986174,0.9668912421084251,0.9408215498230332,0.9576735770276548,0.9175383063396303,0.9271009640247969,0.9636353318380122,0.9515133476881705,0.9442013463068035,0.9625612010339306,0.9828956122135615,0.6048693972763179,0.9162269502513476,0.876259350159987,0.7261942854966694,0.9599080294518358,0.9599080294518358,0.8964706102804108,0.9572080715751812,0.9595554859827866,0.9459533477380777,0.9576735770276548,0.9868619655962767,0.855956490272431,0.8168874951355859,0.9951011472655118,0.9442013463068037,0.9242920540600268,0.8871620821950175,0.947752420917731,0.926557235114915,0.912359476799596,0.949185243349123,0.9225262679839007,0.9459533477380777,0.7053694360593161,0.9919305345581159,0.9098641085707673,0.9576735770276548,0.9772068366488,0.9299834289466349,0.7715983355805625,0.9459533477380777,0.9536455577305865,0.8832775558062886,0.9299834289466349,0.9550691846618349,0.8982995160814371,0.9365256355280618,0.9515133476881705,0.9751689039858511,0.9210652057913624,0.7934159251299588,0.9685804113871908,0.6651976102888644,0.8259014235387183,0.9581756603540756,0.9172894915317803,0.9459533477380777,0.9983896418435716,0.9256878868316014,0.9692908559344788,0.8964706102804108,0.8498796437248017,0.9298144168543094,0.9442013463068035,0.9170100277191799,0.9418533128468707,0.7951305376353203,0.9222342176522085,0.8971524920372351,0.9459533477380777,0.9351476908318526,0.8545708706492463,0.5625603488683245,0.9459533477380777,0.9989769426144841,0.9391866557097979,0.9555383641697377,0.9314553797224698,0.9442013463068035,0.979675935156952,0.9271009640247969,0.6859407335747019,0.924292054060027,0.9787821535244001,0.9818737559710531,0.8465967939923351,0.9459533477380777,0.9686400066736425,0.9459533477380777,0.9555383641697375,0.7592834687851845,0.9425295786510808,0.9599080294518358,0.9215480977067745,0.8342149872161327,0.936046298883568,0.9608634184056342,0.9459533477380777,0.877140669062977,0.9737175591987517,0.8117163222785765,0.9201981569430604,0.9098310498422773,0.9515133476881705,0.9201981569430604,0.9188618095812564,0.9110906193450523,0.9765386381256519,0.8971524920372351,0.9110906193450523,0.9175383063396303,0.2254568105059046,0.8780615512279375,0.9110906193450523,0.9599080294518358,0.9271009640247969,0.9881959173184504,0.8780615512279375,0.452224981390974,0.9188618095812564,0.9299834289466349,0.7053694360593163,0.909831049842277,0.9677078677803636,0.9713406485598299,0.9256878868316014,0.9442013463068037,0.9344681175525125,0.9351249051031894,0.6492105730003324,0.8952920587572561,0.9341586822630341,0.9061034849845075,0.9024440319654483,0.6502205707763308,0.947752420917731,0.9496037211238535,0.8952920587572559,0.9909102788434876,0.9856324259650171,0.8484497238809947,0.8534866837216739,0.9515133476881705,0.9534886050081053,0.9594925359888824,0.9215480977067745,0.8078994805539153,0.995006237994279,0.9201981569430602,0.9306403341592286,0.553308632445169,0.9188618095812562,0.9459533477380777,0.9663720964715103,0.8115496121190979,0.7360208046020622,0.9977124314930521,0.9265145553712009,0.9534886050081051,0.9136381231722888,0.9625612010339306,0.9271009640247971,0.9408215498230332,0.9215480977067745,0.7849247303741268,0.9564656546829657,0.8779582788912847,0.5291413577349566,0.9197107641760085,0.4522249813909742,0.9084332038159759,0.8330522644648719,0.9496037211238535,0.947752420917731,0.95502216417384,0.9229124393123009,0.9496037211238535,0.8917839318880125,0.9747632347318917,0.8828326637655326,0.998757543485978,0.9424920127795526,0.9327719119359654,0.9299834289466349,0.7740271974389737,0.9842011665427953,0.9686577860984555,0.9299834289466349,0.9534886050081053,0.9421770859999474,0.5847232690078137,0.947752420917731,0.9576735770276548,0.7262362277568402,0.9555383641697377,0.8109331940580486,0.9534886050081053
p66_M,0.6956654330111373,0.8850825988655404,0.7880288772623985,0.9545326346798217,0.938613174345712,0.9261840328635951,0.7780274460281507,0.8078477950453129,0.9474514965772418,0.6480163263802967,0.9150128085700577,0.9343080653650264,0.9343080653650264,0.8481743454856236,0.9842880367112302,0.576905870550007,0.8910426583248505,0.8657807842755785,0.9181387543589392,0.9220700353609519,0.8819749320301613,0.9436554450509944,0.9975694426888291,0.6637874395353806,0.876549336484121,0.8951634300459377,0.8910426583248505,0.9868133040181308,0.9220700353609519,0.8187839972957639,0.8803629912326536,0.9528206548013269,0.8880325471109585,0.8409934614190606,0.9386131743457118,0.9181387543589392,0.9431134523268974,0.888032547110958,0.6213514278373327,0.8631790748003907,0.8029012821767436,0.743240316066768,0.9261840328635953,0.9266731033407898,0.9613445688403954,0.7011448553335611,0.9072120922355345,0.8187591924054027,0.8631790748003907,0.913768019961585,0.7104383584437226,0.7053276815529939,0.8951634300459375,0.578230843455362,0.6658600919802007,0.8606091151654387,0.8830665354998962,0.4895564515951115,0.7685595958855571,0.8941182576784141,0.838975619595741,0.8395944933297237,0.9245460758162978,0.9115378481958247,0.9143648077845039,0.8078540870239472,0.9107280314569579,0.6335305341210353,0.6798869939818561,0.9637550377043789,0.8457599214352891,0.8631790748003905,0.9470207508424532,0.9334435734222792,0.4895564515951115,0.777570475571006,0.9115001904163031,0.8821881173643273,0.9925214333720801,0.9261840328635951,0.8223896617840997,0.9318712301664058,0.701752028918355,0.9539287215866565,0.4895564515951115,0.8386392613801177,0.9115001904163034,0.7494514588091175,0.6347004103286245,0.5100523171517668,0.4895564515951115,0.7880288772623985,0.9077513902589425,0.8594375870573796,0.5357429284227999,0.7966305655836361,0.8252392017888606,0.7796535661369799,0.7492748529965406,0.9797673149108419,0.8890895984248461,0.9478374857144207,0.9004911494084338,0.8851255179552928,0.8935114265989774,0.9181387543589388,0.81816210455695,0.7885993114955252,0.9658034041649687,0.8427859405313198,0.7762518377762884,0.8627305872539737,0.9311480135915379,0.8226163932368094,0.9072120922355345,0.9846233815180863,0.952168418575428,0.6256984121866641,0.9261840328635953,0.9516836942472906,0.903087999305112,0.9576294462848491,0.876549336484121,0.7648485534083598,0.8951634300459381,0.8982337256218054,0.9038035415131251,0.6858534412239603,0.8972654241994793,0.7937172565597144,0.9990190874236322,0.907212092235534,0.9107280314569579,0.9229944540367138,0.8910426583248505,0.8897170654594009,0.9032981516857667,0.9107280314569579,0.9107280314569577,0.5289787512360715,0.7990121562996646,0.9220700353609514,0.9427791407392978,0.7486785825409101,0.9842962979233425,0.9365755610361588,0.8323118702853276,0.9440212615168149,0.8187079056263165,0.8832222662860683,0.9220700353609517,0.9998608860644457,0.9520410577184539,0.8464799418789064,0.9107280314569579,0.9210178056318985,0.8798199295220164,0.9053763157284518,0.7921125327049648,0.9007073892735861,0.7325422837335769,0.9072120922355342,0.8710878802609618,0.5298362750889483,0.8202747130292047,0.861388120972193,0.8506724969819424,0.8687999443984584,0.8832252198427537,0.9175128122831238,0.9545326346798217,0.8972654241994793,0.8606091151654387,0.8048365671473563,0.9643960542349328,0.9368021808115148,0.9637550377043789,0.7041093965305276,0.921212962617662,0.8357906965865534,0.8838741686995899,0.8640698185799549,0.9460505649436606,0.6952655229795005,0.7302646683670315,0.7494737554828867,0.9213901374658298,0.6799720325769275,0.4105162941806433,0.8775434408290577,0.7813738098359857,0.9021557813873116,0.8870253318604056,0.965184585750257,0.8617207480588903,0.4895564515951115,0.6244775287216087,0.8941182576784144,0.0,0.6778344932827056,0.7880288772623985,0.6952655229795005,0.4895564515951115,0.7800951882545644,0.9856380225712297,0.6480163263802972,0.4895564515951115,0.7620459765125471,0.8588039237011793,0.9403657715046638,0.8282621264400092,0.8137531923054393,0.8972654241994793,0.4895564515951115,0.5074001490287054,0.4895564515951114,0.9304111425645072,0.7188108778750546,0.7293498472553742,0.4895564515951115,0.9422386390697104,0.4895564515951115,0.950792243513968,0.8878245390380264,0.8363030843630053,0.7568996972756219,0.9072120922355342,0.8431232721783236,0.5289787512360709,0.9356837142274772,0.8312577725061684,0.8850223322642587,0.8490111681656207,0.8666421769503914,0.9107280314569579,0.7797405237523936,0.839162833553878,0.8093852229086018,0.8635867406865279,0.8836238393968296,0.9580835864837811,0.6519949233241091,0.7754910920028371,0.9662311315641035,0.4895564515951115,0.9891387591400913,0.4895564515951115,0.9583160981962873,0.8339840080055285,0.8788088518211973,0.8332268540558648,0.8267685644904574,0.6244775287216089,0.971798431354362,0.8765493364841208,0.7901349926747225,0.8821881173643271,0.9845084472600754,0.6052831860178287,0.7676971900349567,0.8057344050230484,0.7632357776364144,0.5100523171517668,0.9581074754130983,0.6988055604567411,0.6213514278373327,0.9642939782345645,0.9813977310628701,0.5938774770827616,0.9549669493462636,0.7933744480571812,0.7525309817880911,0.713962478050572,0.8543794552275874,0.9412515183055201,0.9181387543589388,0.9446544958673064,0.8316811639781396,0.8710878802609616,0.8964001233642,0.9181387543589388,0.9587915750679723,0.985657575139635,0.9143648077845039,0.8225650254528254,0.8747639177841731,0.9072120922355345,0.8666421769503914,0.7987441936862306,0.8941182576784141,0.9072120922355342,0.9478374857144207,0.6218108431466355,0.918138754358939,0.9673863432501897,0.8531421276360124,0.7754910920028373,0.95706238840473,0.9181387543589392,0.9004911494084336,0.8631790748003905,0.8941182576784144,0.9107280314569581,0.8761809181428614,0.7412598792993867,0.9072120922355342,0.8920984402161447,0.862676476326743,0.9383282548859335,0.8937412210693925,0.6227234312046768,0.9355760533415928,0.62594821896841,0.669637689730155,0.7889306938615588,0.9220700353609517,0.9700993541722065,0.9220700353609517,0.8409934614190604,0.8433570879510153,0.8462532587112923,0.9072120922355342,0.4895564515951115,0.9107280314569577,0.876046088686291,0.8657807842755789,0.9181387543589388,0.9981498569583073,0.8972654241994793,0.4895564515951115,0.9080787883543033,0.6713146955321029,0.9261840328635953,0.8487182984260193,0.7212071760476035,0.8710878802609618,0.836716228476829,0.8988759991389913,0.681827467900743,0.9973328560351505,0.8880325471109585,0.6885006095798505,0.6865339729756013,0.8666421769503914,0.6478884147221429,0.952168418575428,0.8964307741010904,0.9261840328635953,0.8536996331576125,0.8409934614190602,0.8297825740643547,0.8910426583248505,0.5100523171517668,0.9704055816334171,0.7957286869230606,0.8814965811270478,0.9449448555768921,0.6449163766852783,0.4895564515951115,0.839024713296239,0.5273340947074776,0.8693154315260123,0.933111146811416,0.8868572365240477,0.9175128122831238,0.4895564515951115,0.4895564515951115,0.4138367898057618,0.7581263546882138,0.7785730132132771,0.4895564515951114,0.9220700353609517,0.9004911494084338,0.8481743454856235,0.7986186992005433,0.8217133836428521,0.9004911494084338,0.8506111344599003,0.8793449357816121,0.6713692504914519,0.756856462175038,0.4895564515951115,0.7870238507267042,0.8363030843630053,0.8488164627142502,0.7616694924319987,0.8775434408290577,0.97093512061396,0.9072120922355342,0.8078477950453129,0.4895564515951115,0.6193793949159159,0.9245460758162976,0.9059113920628268,0.7010454953260259,0.7424072611629242,0.7032806994712861,0.8880325471109582,0.4895564515951115,0.9255349418668277,0.8375427287696571,0.4895564515951115,0.8262011891102102,0.9913160689347708,0.6906189157633547,0.6381319661689326,0.8102105099421162,0.4895564515951115,0.9602700128375136,0.8619479255096474,0.9143648077845039,0.8097203668608581,0.9115736007555659,0.81816210455695,0.9687900030637342,0.7964881657302827,0.9072120922355345,0.8503036531113334,0.9200163595129567,0.8737979857661253,0.8955503476570867,0.9637815853183909,0.7655649192778144,0.6001733223123837,0.9107280314569577,0.8951634300459383,0.4895564515951115,0.918138754358939,0.8518077187264237,0.9496844304459813,0.9536884266070209,0.8580690156021946,0.5289787512360719,0.983842319445597,0.9824233631406698,0.5289787512360719,0.9150128085700577,0.9004911494084338,0.952168418575428,0.8219523908720769,0.856860066197382,0.8537798289138623,0.9320071107545691,0.8390890544952989,0.8850825988655406,0.9047408499968015,0.8130468858891079,0.8793449357816119,0.9220700353609517,0.9535824101003161,0.9630166227634938,0.8557102184232406,0.5938774770827616,0.9436554450509946,0.831854414937538,0.9072120922355342,0.8409934614190604,0.8676054067146816,0.836720694254137,0.9926545800718496,0.9115378481958245,0.789564970578369,0.8530715715896546,0.9981163816765461,0.9058808370819109,0.8137531923054393,0.8910426583248505,0.9690002325825096,0.8275845711806054,0.7795716423346833,0.9014795552136838,0.6311161865430601,0.6426632810836252,0.7895649705783689,0.7451102906945868,0.7642120203063745,0.8588039237011791,0.9283351235557202,0.9072120922355342,0.8897170654594009,0.9448334129498205,0.8640003271366139,0.7138418615306794,0.918138754358939,0.9968870785274164,0.9975941150943757,0.9143648077845039,0.8363030843630053,0.8910426583248505,0.8910426583248507,0.9528206548013269,0.6713146955321039,0.8530715715896549,0.6582703472793455,0.8293937334241626,0.8972654241994793,0.8972654241994793,0.6894105492282165,0.8799673460250541,0.5113911022930203,0.7676971900349565,0.4895564515951115,0.9143648077845039,0.4895564515951115,0.4895564515951115,0.9365199505327669,0.352630408466977,0.8409934614190602,0.4895564515951115,0.660266180131039,0.8523107686389005,0.7440774251684135,0.8722973517067787,0.8068425477774381,0.669249532561681,0.9166613578529685,0.6288849763679925,0.9152894981757825,0.803123895336769,0.9607151834963713,0.7356938511867392,0.8640003271366139,0.7643637433128905,0.7956981720968861,0.8530715715896549,0.9566644487892413,0.7813738098359858,0.8399630914574915,0.9143648077845039,0.8179959617530401,0.9072120922355345,0.8271827784463164,0.6704814993327121,0.8684163025748142,0.9356837142274772,0.9151651445813109,0.8506111344599003,0.9998608860644455,0.8167733719271151,0.845248147469915,0.988462879193307,0.5740157354286406,0.9038035415131254,0.8316811639781394,0.846336923307531,0.7210151972039982,0.6683457350993528,0.7740923424745039,0.5113911022930216,0.8294180153172843,0.7838320262642453,0.8972654241994793,0.8488164627142503,0.8555570364268277,0.9261840328635953,0.6361794812938715,0.8571671624047967,0.4940698241943733,0.6809486930866837,0.8793449357816123,0.9264089690124382,0.9485466682353059,0.4895564515951115,0.9107280314569577,0.9115581941905684,0.6801665762815045,0.7830629346669851,0.7026367539674023,0.8941182576784144,0.8555570364268279,0.6862414752389814,0.8737979857661253,0.804502263775959,0.969838217389702,0.6448497022716349,0.986513117812751,0.9446287298796079,0.5289787512360719,0.888032547110958,0.8607627853549328,0.9426367507336174,0.9014795552136838,0.8811385791164462,0.8243020375470775,0.8945771388444068,0.6592004365817914,0.8666421769503911,0.5981111070042193,0.7464364778318779,0.9076544108756528,0.9220700353609519,0.876549336484121,0.8210270827904691,0.736091531314222,0.8760460886862911,0.788096231219223,0.47300967598621946,0.6826757772957608,0.68850060957985,0.9261840328635953,0.8836731904398984,0.9072120922355342,0.8386392613801177,0.9115581941905682,0.9281614381684171,0.8137492464902558,0.8530715715896549,0.9973328560351505,0.5885985959626605,0.8821881173643269,0.6582228818139546,0.9107280314569577,0.9764578705634923,0.4895564515951115,0.620383512422992,0.7735043561911938,0.8536957790623378,0.8433666659801875,0.4895564515951114,0.9683629740491423,0.7235259284518534,0.86199897593,0.7263924977375844,0.8115643510074522,0.8089854010455964,0.8861173359803742,0.8954211725448978,0.8580690156021946,0.9307908170616679,0.8664210646436706,0.8484128583846999,0.9143648077845041,0.8093852229086014,0.8830665354998961,0.9478374857144207,0.8588039237011791,0.9261840328635951,0.9141970393007293,0.8941182576784144,0.9261840328635953,0.8850825988655406,0.8890895984248461,0.9004911494084336,0.9266231747206326,0.7734151361490385,0.9637550377043789,0.7182886012187831,0.799102517871477,0.7993441294024,0.9916291324941652,0.5100523171517668,0.9107280314569581,0.51139110229302,0.5100523171517668,0.5100523171517668,0.36389635710968316,0.4895564515951115,0.5816930128085644,0.4387719276449056,0.4895564515951115,0.8710878802609618,0.8599911207579719,0.918138754358939,0.9072120922355345,0.7356938511867399,0.5851676179078362,0.5100523171517668,0.8305882885515781,0.8669932082000247,0.904740849996801,0.8081184731401809,0.4895564515951115,0.81816210455695,0.9072120922355342,0.9014795552136841,0.9403371305450043,0.8203832829382247,0.918138754358939,0.9431134523268976,0.8396855966842409,0.90844375509248,0.8396855966842411,0.9004911494084333,0.4462384368206075,0.8457599214352891,0.8803629912326538,0.9182953999024251,0.8821881173643273,0.918138754358939,0.8920984402161447,0.9072120922355345,0.9342661620254098,0.9440212615168149,0.4895564515951115,0.9386131743457118,0.7891917881032462,0.6480163263802972,0.6993599456137904,0.926193613582623,0.9150128085700577,0.8415853504527853,0.5289787512360719,0.96655653311489,0.8326437272843479,0.4895564515951115,0.4895564515951115,0.5787576220193662,0.9218563674180102,0.831854414937538,0.9668799939719671,0.9175128122831238,0.7715525389320446,0.7036963731744641,0.8488070142495826,0.8684163025748142,0.933046614739308,0.4895564515951115,0.7523733119400997,0.9107280314569577,0.6213514278373327,0.6692022510066766,0.9181387543589388,0.9929475114204662,0.4895564515951115,0.4895564515951115,0.8214518446638187,0.9004911494084336,0.8380618840875685,0.8793449357816123,0.7379427487394596,0.8029012821767434,0.7209708066587961,0.8468337236578865,0.8273324013197213,0.7074138500267377,0.4895564515951114,0.8339840080055283,0.8390115743304375,0.9431134523268974,0.9450123956047417,0.6729954006528946,0.6798793602452731,0.5787319934731208,0.8386392613801177,0.9431134523268976,0.76038181623477,0.4895564515951115,0.9503638324063235,0.9077500810549198,0.911537848195825,0.7698317489922795,0.7735043561911938,0.712402482875136,0.9964130244444009,0.7136533723575456,0.9581074754130985,0.9304069955601697,0.994170614738225,0.7222968338396536,0.9220700353609519,0.8859299315288812,0.5171836545468722,0.9837643067273246,0.5841604884106166,0.5100523171517668,0.8923646807802839,0.8606091151654389,0.9829035021794312,0.7865710847021232,0.9229944540367139,0.9084437550924798,0.9261840328635953,0.8727206163368164,0.8093852229086016,0.559811726465842,0.8179959617530399,0.9386131743457118,0.9220700353609517,0.8793449357816123,0.9598787910449323,0.6713692504914517,0.9566644487892417,0.8804787288072372,0.8261055689810816,0.8044938653838821,0.7424072611629235,0.840760291855797,0.5273340947074776,0.8241264977366005,0.8789659066834676,0.4895564515951115,0.7880288772623985,0.9004911494084336,0.7561435280715012,0.6480163263802967,0.832858019457172,0.8710878802609616,0.7898734197426018,0.4895564515951115,0.6888606362980165,0.6361794812938713,0.8553870451645402,0.8016296471533663,0.7642409835818375,0.7841105182472421,0.9107280314569577,0.7262497812031135,0.7773163597322332,0.8511348145346331,0.9094152552047171,0.8737979857661253,0.9891992780139867,0.9261840328635953,0.8737979857661253,0.9004911494084336,0.8661825349776042,0.9210178056318985,0.8664534395849219,0.6288849763679926,0.6455645291215135,0.9851427757797316,0.5100523171517668,0.9788174351091796,0.7281232494143244,0.8593870979055984,0.8324629493673276,0.8772836484325027,0.4895564515951115,0.7261433924174955,0.732240853067204,0.8481743454856236,0.4895564515951115,0.9845647942939195,0.9566644487892413,0.9181387543589388,0.6311161865430599,0.5100523171517668,0.9098735941149554,0.8110101122504683,0.8202747130292045,0.9460505649436606,0.8672336638266782,0.8737979857661253,0.6502037477258584,0.4895564515951115,0.9422610511499967,0.4895564515951115,0.6713146955321039,0.7932564499515096,0.9447828619493629,0.6213514278373327,0.8832252198427537,0.8599374490541583,0.9507480664096608,0.8481743454856236,0.4895564515951115,0.8847832557435504,0.9308637073029582,0.8672257570253348,0.962237250161651,0.7688973408640642,0.9107280314569581,0.7102657141223618,0.6915396572644227,0.6118261102348688,0.9588425031171437,0.6473331538252309,0.6118261102348688,0.8481743454856236,0.9107280314569579,0.7754910920028373,0.6118261102348688,0.6213514278373327,0.9285406953319056,0.9389568152317859,0.7957286869230606,0.8972654241994793,0.7992688827410528,0.9014795552136841,0.8928114961783871,0.8339840080055287,0.9666265784581531,0.9053763157284518,0.7319498093790547,0.8434360876416896,0.6383262446980216,0.8535420655560375,0.8481743454856239,0.8295115164075355,0.9159797519672968,0.6189530209772895,0.8203832829382254,0.8920984402161445,0.5458577070940647,0.9072120922355345,0.8741039210453114,0.8134708607417882,0.9703250629992639,0.886133027451462,0.8493114052680837,0.9107280314569575,0.9143648077845041,0.6525929663740042,0.8555570364268275,0.8502778881180042,0.933111146811416,0.8530715715896549,0.7169716548600594,0.9396082402244852,0.904475747198215,0.9004911494084336,0.9552926020176442,0.8586752782853195,0.9023532608616331,0.8935686589116187,0.7457194027635022,0.9581074754130983,0.969237039075715,0.6238318067030673,0.8657807842755783,0.9613445688403954,0.9108934032586795,0.955470289676968,0.6617445851436525,0.7753009505030755,0.8821881173643271,0.7807171422588426,0.8972654241994793,0.888272300322688,0.8775769108739101,0.9478374857144207,0.9038035415131251,0.9171883445533842,0.8580690156021942,0.988462879193307,0.9534175540271623,0.9358180321958844,0.8349531515981796,0.8941182576784144,0.8941182576784144,0.9359964281010502,0.9926545800718498,0.8093852229086016,0.9072120922355345,0.8576030472165805,0.8710878802609616,0.9581074754130985,0.9166656255065382,0.9580340059652186,0.9431134523268976,0.6480163263802967,0.8159662818432842,0.6713146955321038,0.919777403621489,0.9143648077845041
p66_S,0.7946038500791035,0.773443269704759,0.5534518207486114,0.9966961509531889,0.750290343175933,0.8489004959516886,0.7318694989320775,0.7734069655059351,0.7061678889553447,0.8712137408638365,0.7871440474002929,0.9685628266357511,0.8248376279677074,0.9001364873020513,0.9142053334971321,0.9941168007276243,0.9891221256504424,0.651786957145932,0.970911469867437,0.9063779890105812,0.5860100784443905,0.8750116732174096,0.8964090790416845,0.9020355966115885,0.8614779269973653,0.7781907026725832,0.9563236863237459,0.9630676146911048,0.869309943989651,0.8689610976649824,0.8207219031588322,0.853555566269626,0.6790827601851829,0.8168409025639307,0.8390382634430404,0.9355132953311196,0.7624155861379815,0.974738527625507,0.8780124908814337,0.9343708029079996,0.6268472486201067,0.7825461331442318,0.9269253568565107,0.9633959819659184,0.9072908436117249,0.6601030968427939,0.743512084093924,0.6950062779402622,0.8894880255578919,0.9098944481519371,0.8851338808206497,0.48384241843348785,0.7781907026725832,0.8100886832131162,0.8415928690911558,0.6778355267828845,0.8580473222674438,0.8355526955775656,0.948520310063232,0.7273031345119871,0.7673089748627882,0.6913305093222373,0.8693942771016203,0.746167552918646,0.9942571659500581,0.8896836736783595,0.9177976999343656,0.7154089723126074,0.6790799046777214,0.9228940065236108,0.9492055930103019,0.6875155274824063,0.8651353356666012,0.6489781294833725,0.8355526955775656,0.4990733486701667,0.7752019357866797,0.8890317123467906,0.7154380821839283,0.8879129264040995,0.9071929577602142,0.9064481593644367,0.8901178807406882,0.6745878507531913,0.8355526955775656,0.833699734957078,0.8505115488480834,0.9572419192263502,0.9531278541462298,0.8589669349625975,0.8355526955775656,0.878696506263431,0.7136608115467576,0.6974924105936791,0.8471769344894107,0.763693416570487,0.9073901977309811,0.42720759375913664,0.6901151960214436,0.6860285228909666,0.8988436939017764,0.869613086938203,0.8355526955775656,0.952984481346037,0.9193187660380405,0.7459031338420239,0.7779432019989965,0.6118012411369382,0.9427875749711636,0.6569331519507675,0.9211935431865933,0.8929188526819742,0.6578523217707544,0.8712722826615181,0.7119868333828546,0.5905440040191066,0.9816772932458203,0.8647169462584843,0.809888065499277,0.7656025588987778,0.8501629915988058,0.9627081078380061,0.9917211994790314,0.9689686377701761,0.9025967868257861,0.9466477971233129,0.701406710274267,0.7496538432247304,0.9110727471685338,0.8219447828202178,0.7659126587784355,0.8065625855160627,0.8535555662696257,0.9950497822386668,0.92904659231084,0.7528755906976875,0.7912116441923855,0.9188832044970568,0.7555641089284792,0.8530006667440633,0.7350858039023871,0.7581058089268596,0.9682099188664519,0.7954778118131758,0.9830162901575286,0.7475936571529058,0.9313774470820322,0.7317360531326409,0.773891144316301,0.6629636025473231,0.9453498309056978,0.9102377233117178,0.9070654206750388,0.7849223637827945,0.9515470236107724,0.7963325329913553,0.9916857738279918,0.9159755014032278,0.9999152506461377,0.8959527741587117,0.7092249148729911,0.932663588360343,0.8356964626766115,0.6412627099354169,0.5261588639936983,0.9241357053368235,0.7780759244775564,0.49048118656463446,0.7878250223747296,0.7983563423348716,0.817602597906244,0.6811124292996655,0.8801481389793333,0.7587378370502618,0.9033838284192436,0.9385036127937123,0.8520976574509762,0.801738189521106,0.962647639870992,0.8306867918505172,0.9011913498509705,0.8309688115703742,0.8767428771898873,0.8302218952289881,0.6991640684171696,0.8477906901433105,0.8500264468253331,0.7160096542093326,0.8100886832131162,0.9751858689544985,0.8809804133269927,0.8819149593488775,0.4797066334498674,0.662848310735197,0.8745055361994853,0.8355526955775656,0.8715311586797312,0.8250209201611329,0.6778344932827056,0.0,0.649698699740084,0.8302218952289881,0.8355526955775656,0.4486386275467815,0.6374072508590656,0.8712137408638367,0.8355526955775656,0.7126566236400675,0.8219447828202162,0.7429530669176057,0.6773168351694228,0.7585323979754404,0.9452020541634227,0.8355526955775656,0.6175319630871824,0.8355526955775657,0.829114162295244,0.583122447649636,0.5729871175523347,0.8355526955775656,0.9661253442470095,0.8355526955775656,0.8867160553431173,0.9337477020918798,0.8812047478917701,0.4556592580038845,0.964188839071413,0.5638204053386744,0.8250209201611329,0.92042070007614,0.8255591144904013,0.9825657153515844,0.8114401596960925,0.7054782471300536,0.7882279280421953,0.7595054721302658,0.8725049262998221,0.8442343271882827,0.7614293905396328,0.9854530051323704,0.72564367679651,0.8199382162592159,0.9155950685035784,0.9369399064928525,0.8355526955775656,0.9290968564069764,0.8355526955775656,0.7948009279750856,0.9760265524581471,0.8851338808206499,0.8743344902595092,0.5638204053386742,0.8715311586797312,0.9505873750541252,0.6902102412198285,0.8886119512073624,0.9399755448200391,0.763864883851143,0.846659656662168,0.957820364066986,0.7659609841306649,0.7398781676808301,0.8302218952289888,0.9263686634311039,0.802892791328484,0.8780124908814337,0.9781064075505828,0.978106407550583,0.8984514953491582,0.9781090542965074,0.9566401395938106,0.8851338808206501,0.7425523771554179,0.8159824534657468,0.7254706489297567,0.7459031338420239,0.6964580829303344,0.912462482613368,0.9520484472599131,0.9928388224970879,0.7459031338420239,0.775363043546891,0.6955147731370517,0.9942571659500583,0.516937050863892,0.9001364873020515,0.8781849073732375,0.8448018284693073,0.5936365803929589,0.7273031345119878,0.775037334804993,0.9412354087953771,0.5156729228859145,0.7813013083783414,0.8841457533396846,0.6277931121852895,0.3973516358248761,0.8755333220807755,0.9582921810599281,0.9538832559337085,0.9568121915830535,0.8112423742607773,0.8851338808206499,0.5900697618813633,0.9738732888432948,0.9011383376492731,0.6201913614572456,0.8073399772739791,0.6273864110372701,0.9453059590989745,0.7973665898419904,0.987765109736656,0.8702545203294407,0.894001610305958,0.8932099638841939,0.9805140790524415,0.7588920100734051,0.9063779890105812,0.8846085659948084,0.9760265524581471,0.7612192277178139,0.9412354087953771,0.8355526955775656,0.8524700617069332,0.8419165424051529,0.9253976804330456,0.7459031338420239,0.9942571659500581,0.9973078663693599,0.8355526955775656,0.910411551505233,0.8647169462584845,0.8489004959516879,0.7155464968490314,0.722662670274985,0.9992162450517965,0.8524700617069345,0.739201602031119,0.4603433895055705,0.9427875749711636,0.8149637373842853,0.6123070621496809,0.846659656662168,0.8168409025639314,0.47448513931560454,0.8100886832131158,0.7475936571529054,0.9269253568565108,0.5712836114045627,0.7850917221810554,0.5477934124968646,0.8254595615730081,0.8302218952289888,0.989964256558399,0.9155950685035785,0.5936365803929589,0.6234186598924936,0.43050229261470696,0.8355526955775656,0.7769556264941422,0.7923773594816284,0.8561264955942944,0.8140195820327999,0.871213740863837,0.6351679543467108,0.8355526955775656,0.8355526955775656,0.7738911443163008,0.7940414241521112,0.7644148446181525,0.8355526955775657,0.9063779890105812,0.9538832559337085,0.9554292062552849,0.42532863833115575,0.6501277807971311,0.8982035436211124,0.8785180963573926,0.8001543701443622,0.4700752733819613,0.5666751225681264,0.8355526955775656,0.4004403072484708,0.8422728385374885,0.5687980265452164,0.6283094176175357,0.766191533685771,0.8413680385137166,0.7435120840939231,0.5693537924604384,0.8355526955775656,0.4693833033834217,0.9253976804330456,0.9532582675057015,0.6791719129400795,0.8410267207478741,0.5285470002615564,0.7589701553057926,0.8355526955775656,0.9307187656535112,0.6495696423550876,0.8355526955775656,0.8785180963573926,0.832841266065502,0.5662175650092193,0.4332598140593108,0.5900697618813633,0.8355526955775656,0.9837028270388375,0.7433738320912995,0.9717985827904647,0.8653681128858435,0.899163646806413,0.7715738356429975,0.7940568396702152,0.9357610680076953,0.7119868333828544,0.9738732888432947,0.6955797178918419,0.7763509738694074,0.7589349362236042,0.9768860852472536,0.5221734955065229,0.9114979526826719,0.722900289814764,0.8693942771016201,0.8355526955775656,0.970911469867437,0.8860484163770189,0.7817625014056482,0.9145036285834144,0.8861115197063919,0.8250209201611334,0.8349183078722981,0.99354891040716,0.8250209201611334,0.8635597961101656,0.8651353356666012,0.9816772932458204,0.49302800955396575,0.8368897280214708,0.9355132953311196,0.7207835706107013,0.9082817858847676,0.9296187873605549,0.8723974580072293,0.8672879149636943,0.9748214106481394,0.9082817858847674,0.5875653539061185,0.8073399772739798,0.8936322138761961,0.8752704229081731,0.7502495014289986,0.6001294479831774,0.8065625855160641,0.824898459706557,0.7935969876441338,0.7496446267296778,0.9284645483639715,0.7765512298871997,0.8307772090503409,0.820721903158832,0.978967972827522,0.8347576682146243,0.8116863170200841,0.9563236863237459,0.8764798290922788,0.8204033393070636,0.9141622615573812,0.8341289527802047,0.8394630895793056,0.4357714509926063,0.8053052928137163,0.5542745244285752,0.7869611549883213,0.9084121203134058,0.9431566095970381,0.901138337649273,0.8935495686612982,0.5840885437934351,0.8907781241030217,0.8788257764288041,0.8647169462584845,0.8871670346573242,0.7797965739460115,0.9603129146905811,0.9396026119231919,0.9017694982979341,0.8254595615730084,0.8851338808206501,0.9001151207948017,0.7557159979516123,0.37185666779170834,0.583672056565633,0.7386025087668817,0.8535826677013162,0.6501009603768262,0.9157283835975596,0.8744924042850275,0.662652087241878,0.8355526955775656,0.7681330752336026,0.8355526955775656,0.8355526955775656,0.6470519412220992,0.7914398475103941,0.9642220410458108,0.8355526955775656,0.5760333686184732,0.6753822367306999,0.8219447828202177,0.9806578569877222,0.46195743629396213,0.5635855803402608,0.9346390804669371,0.6849919772018707,0.7236196738164922,0.8948511325048962,0.9956109283883482,0.8924244121716269,0.8120575124059055,0.5858671060181988,0.7154089723126069,0.8404284177295238,0.974738527625507,0.9928993996587125,0.858925632463704,0.9039100802715105,0.8356209432535998,0.743512084093924,0.8928708902783873,0.8006066801327185,0.8520893504671874,0.7523393528349518,0.8110753452814687,0.891588134847008,0.7494428813066718,0.9595211947515825,0.8015579825068027,0.9957140897824829,0.8505115488480841,0.8715311586797312,0.8016008240809576,0.7334209074262419,0.564092965784319,0.8851338808206501,0.7335904061339678,0.8199382162592161,0.8186987440932332,0.6021370287216199,0.8248376279677075,0.5434174178115923,0.7019431298721738,0.9560373517862557,0.42244284610850547,0.7753170641217548,0.6849919772018704,0.4835885785104884,0.9997738450058217,0.789593154137318,0.9433073128182254,0.8355526955775656,0.722900289814764,0.8073399772739782,0.8355526955775654,0.6676934910923369,0.8505115488480832,0.8809804133269927,0.8737069148772849,0.6211039059041564,0.8723974580072291,0.5982909295432106,0.7951738539477908,0.5855089271226136,0.9071929577602142,0.7991911138028327,0.8250209201611334,0.9187449455470129,0.6852380838015886,0.9952867736628883,0.9992162450517965,0.6564437421003175,0.7955110426386776,0.5181812457769275,0.7006072387805322,0.9561644839031866,0.6913305093222375,0.3976837191904876,0.7783656932698759,0.869309943989651,0.9672543872250974,0.9020355966115885,0.5831224476496362,0.9814050448080704,0.6859084447493895,0.8302218952289888,0.5634202220961992,0.491079260968186,0.9170249213338444,0.6846090394312043,0.901138337649273,0.8533798878813565,0.764409019828927,0.7306513455950763,0.8890278843891797,0.7768941028960898,0.9672543872250974,0.9569497244736873,0.6597844662171701,0.8302218952289881,0.7555641089284795,0.8489004959516886,0.8355526955775656,0.7770341650384309,0.5708330266071318,0.709224914872991,0.8762627027648181,0.8355526955775657,0.746423203829889,0.5606326100049935,0.9281038168678342,0.8316283721615738,0.43267146611634644,0.7648608663332439,0.6921820393305269,0.9041058336618857,0.6901128005875841,0.856639442643369,0.76450278360229,0.7234270021302903,0.7341888239741254,0.774490075986824,0.9022489556912219,0.964188839071413,0.9854530051323707,0.8489004959516883,0.8961121257171545,0.9369399064928525,0.8489004959516881,0.6693262579342278,0.9906522225387779,0.8686209035320765,0.8902389720206683,0.42164064394583856,0.8647169462584849,0.9538832559337085,0.9498689762904569,0.5041100229244356,0.61566623590839,0.8302218952289888,0.9515470236107724,0.8199382162592155,0.8302218952289888,0.8589669349625975,0.757130796275681,0.8355526955775656,0.8472153102721218,0.7715738356429979,0.8355526955775656,0.9300320582603783,0.98564398633939,0.8874958319872938,0.7119868333828544,0.8924244121716267,0.8410267207478741,0.8302218952289888,0.5634202220961989,0.6671080229844644,0.9595211947515827,0.6333866193876854,0.8355526955775656,0.7779432019989965,0.869613086938203,0.741360867092845,0.6501649162065524,0.9878081649084767,0.7813013083783414,0.9759466516609824,0.8449203259554283,0.8891518991086647,0.8449203259554281,0.83903826344304,0.8219447828202169,0.949205593010302,0.9266124278812204,0.9207162905782642,0.939975544820039,0.9936903555962455,0.9343708029079997,0.7750373348049937,0.9878056575748406,0.7857396209678826,0.8355526955775656,0.957368823799184,0.4229394270962178,0.8712137408638367,0.6823354441133047,0.7436282795342906,0.8380878798735414,0.7326311833021757,0.8250209201611334,0.6162167173605255,0.5694468636045422,0.8355526955775656,0.8355526955775656,0.7790253590707206,0.9161115658828392,0.9488507039904708,0.640572526284855,0.7847573100025249,0.6532699573009982,0.4431385083580426,0.5945917608694331,0.9856431424459154,0.6913860430958871,0.8355526955775656,0.7636934165704865,0.722900289814764,0.8780124908814337,0.502102170077956,0.7459031338420239,0.6119960187714364,0.8355526955775656,0.8355526955775656,0.5473062145196339,0.9573688237991842,0.6116161257816435,0.7252970670713155,0.6073562435561222,0.49048118656463413,0.8307792193442189,0.9677624037587893,0.5438319441853605,0.6705453472562339,0.8355526955775657,0.9760265524581471,0.6170662293140725,0.7929200240698387,0.9355132953311194,0.8061175322852914,0.9009221329812038,0.9512301504625156,0.9891788887244148,0.7929200240698386,0.5244369899234274,0.8355526955775656,0.6752383259216148,0.9498185828758576,0.7424597143733318,0.7153608974473047,0.7005629518975793,0.83611793615575,0.8693901687120538,0.7088078444534782,0.9263686634311037,0.8568847887592461,0.7537440977980561,0.8744924042850282,0.8322418989687209,0.8522618445105254,0.8921951707088795,0.7172078883272475,0.8524700617069341,0.8302218952289888,0.9286341067544681,0.7917448721317764,0.9182458888439236,0.8877597527973096,0.9560373517862557,0.9375061100486648,0.9560373517862557,0.9560373517862555,0.7396179503860945,0.8216941896773267,0.8138886201070668,0.9243006158446727,0.9063779890105814,0.850059238859727,0.9752737206364959,0.7085233906835458,0.7589701553057939,0.8589669349625968,0.8580473222674434,0.6896088685394721,0.8715311586797312,0.7976937641861104,0.8120575124059066,0.8722471745209752,0.8417113792157948,0.8355526955775656,0.878696506263431,0.9538832559337085,0.688289370611328,0.8712137408638365,0.898451495349158,0.7869611549883202,0.9490127103430781,0.8355526955775656,0.5213728603253949,0.48659863439566686,0.9756323461558549,0.602389171926635,0.5176771472921597,0.5751877395547655,0.7555641089284795,0.6852380838015888,0.9704601080152349,0.9356891524057998,0.6036413062672945,0.9924555631795065,0.8582121608890491,0.8879129264040995,0.8723974580072291,0.8686209035320767,0.9922795824174904,0.9568121915830534,0.7329795969347672,0.737300165602965,0.4666523256968511,0.8947179757556372,0.8302218952289888,0.7317360531326411,0.582427247333859,0.8690009848382984,0.5561077221784043,0.5298684674945193,0.8355526955775656,0.6077049507454884,0.498014534221048,0.9207699596510036,0.8355526955775656,0.6295439847071651,0.9187449455470124,0.7459031338420239,0.81545146854485,0.8589669349625975,0.543014266990077,0.9833987451379169,0.9696900076935862,0.9906522225387782,0.9150964997680406,0.7523393528349526,0.4823149095005841,0.8355526955775656,0.8743344902595094,0.8355526955775656,0.9001151207948017,0.7962612761254794,0.7505070238692597,0.8780124908814337,0.8686474076150494,0.5268518841862142,0.7099284115781228,0.8588695426041478,0.8355526955775656,0.7880861394575547,0.720258102809904,0.7256626027822317,0.8419000081033092,0.831371235494442,0.9831253381617966,0.8827846276184793,0.7531214951961573,0.8073399772739787,0.7840960456824464,0.47888524617932127,0.8073399772739787,0.7350687085104357,0.8524700617069345,0.3973516358248763,0.8073399772739787,0.8780124908814337,0.8921951707088795,0.9020355966115883,0.7428472576106779,0.9739470938970314,0.7949203622499024,0.882864260468495,0.682223168291566,0.6195088022422901,0.9924555631795065,0.740900466629963,0.8412153103414621,0.9739470938970316,0.8006066801327187,0.6743584515420982,0.8176025979062432,0.6784265401612017,0.7392016020311192,0.7516797466540373,0.5697160903509708,0.975863642391785,0.8410267207478741,0.743512084093924,0.7506133002453019,0.7998230968474337,0.9732220615369738,0.886111519706392,0.9182394784884933,0.7882279280421949,0.7341888239741248,0.8147289323320723,0.847176934489412,0.954846412833767,0.9694987358001361,0.9251408375074348,0.7727926187713616,0.9183207627172296,0.8367192293036483,0.7798729832649688,0.9117751975261679,0.7735211235128083,0.8667545324834133,0.9010676938309372,0.8823461283552242,0.8924244121716267,0.9443186722830602,0.8685651667308927,0.7781907026725832,0.9836007803366518,0.7234136029978124,0.8276885031580019,0.8060450144729274,0.8492975442395767,0.9145036285834149,0.8077057448808027,0.9973078663693599,0.9173364053951194,0.8548586881098874,0.9412354087953774,0.7624155861379813,0.8061175322852909,0.765446312971283,0.9326635883603431,0.9922795824174904,0.6433659368520737,0.8809533537218257,0.9511411071754272,0.8112423742607767,0.7880861394575551,0.9992162450517965,0.8093622015875532,0.9326635883603429,0.7273967572047839,0.6706091704050203,0.7681330752336026,0.7350022452159177,0.9448136402311287,0.9454422137291253,0.9082817858847672,0.6603875774865742,0.8647169462584843,0.7639816862287012,0.7681330752336026
p66_T,0.7651706112109449,0.9978886501497104,0.7695167286245366,0.9888168159544353,0.8918007079504509,0.9673483838836945,0.7295085968374384,0.7368190235169849,0.36841053457848216,0.9152641503417576,0.9340712946921954,0.9363038471323669,0.9584544227552207,0.9104584515535377,0.9419144237955961,0.8708779097995929,0.9853165951415538,0.8540589702876236,0.9973897225041903,0.9942598295392804,0.7797903006735185,0.8688077246092831,0.9799919051829566,0.9326301365954337,0.8956273847626326,0.3946305558992952,0.9481052266646683,0.8216480269490889,0.9605021604012389,0.7846360668678825,0.46192208987822747,0.9029316112204655,0.9107523671187097,0.46847843198320616,0.9640062838948074,0.9541896299485404,0.8954023823601893,0.9432506800820841,0.9197374370356892,0.8786176172006352,0.8064907104924688,0.8852149430495113,0.9673483838836943,0.8860940991822616,0.9481052266646686,0.758450665105439,0.8991086132420372,0.5832754092416701,0.8786176172006352,0.9129392013430873,0.9029316112204657,0.7466737510232848,0.3946305558992952,0.9703451316482044,0.9432506800820841,0.8754075788101026,0.8754075788101028,0.8918007079504506,0.7273595574544649,0.8848712502248579,0.3715745051721929,0.5851260519996189,0.9375379118224112,0.7856879905096843,0.94831171741693,0.6232757491437384,0.9427946840319119,0.8979239965635599,0.8397636986995127,0.9541896299485404,0.9069027048316118,0.9060051895977654,0.9637881401608364,0.6641246843727913,0.8918007079504506,0.7581449596587473,0.8688077246092827,0.8718992107694508,0.594951657269812,0.9197374370356894,0.9029852527308233,0.9749571409386522,0.8429423482710734,0.8540589702876238,0.8918007079504506,0.8725825827815012,0.8992597885323734,0.7121000824699293,0.8947027963825009,0.8882932693469465,0.8918007079504506,0.8290562417556062,0.753269441735612,0.5435469751069902,0.8953476735959471,0.8508984486119917,0.8629881815713285,0.8185509550085712,0.685037859145577,0.5140289910955415,0.8754075788101028,0.8991086132420372,0.9640062838948074,0.8178535359215962,0.8859294552151096,0.9109895373928902,0.8682541654104734,0.6374697456419717,0.9852056102861468,0.6247955782727508,0.8456315427800838,0.970085800496894,0.658679721158344,0.9638190095513937,0.8991086132420372,0.6711575326986603,0.9978886501497101,0.9109895373928902,0.9197374370356888,0.5811305750586614,0.9782208021038779,0.8133809431767207,0.8956273847626328,0.8919315298783144,0.9931905395122682,0.6974461891711335,0.8954023823601893,0.860468306704006,0.8882932693469461,0.9605168422040375,0.45710726187393924,0.9760557307924651,0.9427946840319121,0.9850406692683007,0.9148161375677795,0.8032508692615832,0.816728158427227,0.9029316112204655,0.9029316112204655,0.8848712502248577,0.6464469901288905,0.9152641503417573,0.5913311540282213,0.8167860163027103,0.8185509550085714,0.5578397618658937,0.8287645786367752,0.47961978666684335,0.9333927619948954,0.645335520774984,0.9152641503417578,0.829455596843901,0.7784744511280897,0.7839019570658026,0.9029316112204655,0.49146821766537474,0.8371023681334309,0.8169813158537989,0.9280137672274849,0.8325465987176779,0.7457144981437706,0.9375821720172512,0.9461752438924504,0.952718234201323,0.8015403392332585,0.8695195625728145,0.7059512344058866,0.7856879905096843,0.9215503362583839,0.8482263968539271,0.9860020009225581,0.8882932693469463,0.5312098109185877,0.7954120263249198,0.7855468255801196,0.9621115276727603,0.9109895373928902,0.975614372848836,0.9279846257000832,0.7581449596587468,0.9716793934501746,0.4966210713504775,0.9897327370373272,0.9935349994593583,0.8349580658813329,0.7395303499220409,0.49527116234155555,0.8537244508503077,0.8750464770419492,0.8630702674569264,0.9873110786538148,0.861720332491073,0.7008206406439674,0.5784548612437954,0.9525057880743348,0.8918007079504506,0.9326301365954337,0.8848712502248586,0.7880288772623985,0.649698699740084,0.0,0.9233738460510836,0.8918007079504506,0.7912054700027313,0.640551630682293,0.9152641503417578,0.8918007079504506,0.7556627037846377,0.4283463664433479,0.3939068440172242,0.46584353569877335,0.8407338233809278,0.9233738460510834,0.8918007079504506,0.8126028926810812,0.8918007079504507,0.8343393344909169,0.9021540755766921,0.8448455110489742,0.8918007079504506,0.8778115250596102,0.8918007079504506,0.7134575652048074,0.5819743866680323,0.8695195625728145,0.7723231362667502,0.9760557307924651,0.635530428638755,0.8848712502248577,0.8920802319381609,0.8688077246092833,0.8434864805334525,0.7431696044926754,0.9485576944387999,0.9029316112204655,0.8897015904236061,0.9842080333763163,0.7927381955186616,0.9245940033864735,0.733914762119654,0.4518516276492167,0.9481052266646683,0.8325465987176781,0.7395160455356349,0.8918007079504506,0.8991334456478843,0.8918007079504506,0.7667974259865632,0.8664957973805585,0.9029316112204655,0.9151285683178759,0.6200419926237886,0.9326301365954337,0.9565646901680671,0.9254867932704707,0.8516925067967558,0.9962433786149396,0.5151758324942391,0.937582172017251,0.8347972514092752,0.7509443411397404,0.9510339796146887,0.8882932693469463,0.9274111285758341,0.8767615719935222,0.9197374370356892,0.7394648978468681,0.9689745952732749,0.9417955146810999,0.6835829401430045,0.824658740258438,0.9029316112204655,0.9212755866950703,0.9887547396766293,0.7449321307625945,0.9109895373928902,0.6247955782727509,0.5083657082939,0.9173933468462485,0.9562385404637203,0.9109895373928902,0.8527620140822758,0.6387467951477386,0.8859854105734226,0.8246628372193083,0.8852772684305308,0.8991086132420374,0.8756872102415512,0.6273320484900342,0.9531644691774959,0.8991086132420372,0.8991086132420374,0.664395228062157,0.9109895373928905,0.6654781278593713,0.4584856355959068,0.794215287635764,0.7675239399888383,0.9594101849401601,0.9279034959226291,0.9607803343920254,0.8848712502248586,0.9774791703451948,0.640337705671145,0.9072772156967592,0.9375821720172512,0.8786176172006357,0.9407885803754521,0.7328824063021444,0.8295097627646058,0.9442521424638988,0.9021540755766921,0.8683691411071934,0.8136475691604672,0.8555746847642485,0.915264150341758,0.5828930554100435,0.9605021604012389,0.9971380172369659,0.9135063197922981,0.8071248883001412,0.9760557307924651,0.8918007079504506,0.578848442230732,0.8991334456478843,0.9097115979774826,0.9109895373928902,0.968836846578246,0.958454422755221,0.8918007079504506,0.9849349812060153,0.9109895373928905,0.9197374370356892,0.9903076946873968,0.7830941312036057,0.9173933468462485,0.9427946840319121,0.8042561215979475,0.7159735559503846,0.9254867932704707,0.47177968657718294,0.792804730583293,0.985470710432321,0.541348916180455,0.7249766678230338,0.5849278135226013,0.5578397618658928,0.9374297224202955,0.6469028839642051,0.8513970488424683,0.6210246426428667,0.9481052266646683,0.8882932693469465,0.882031676017458,0.8900435653405498,0.6273320484900342,0.5455849274158568,0.709040127344928,0.8918007079504506,0.4293547072067394,0.8966003305601593,0.8788359888067379,0.8485648350028439,0.9490218194797996,0.6822631902422651,0.8918007079504506,0.8918007079504506,0.8512300448035053,0.7951076341784313,0.854944222520112,0.8918007079504507,0.9605021604012389,0.9279034959226291,0.8852772684305308,0.7810313952077226,0.6250274383226687,0.9998909281330145,0.8630702674569264,0.8992597885323734,0.7073361950721981,0.6699601386874532,0.8918007079504506,0.7844122909378581,0.8932759018403602,0.6084659586083037,0.7110224414338502,0.8630702674569266,0.900908636236001,0.8991086132420372,0.656176648196568,0.8918007079504506,0.7395710632223655,0.937537911822411,0.5248603542827757,0.7345936568543674,0.8954023823601895,0.7371327464608615,0.9107523671187101,0.8918007079504506,0.9416634109462474,0.5712933423086959,0.8918007079504506,0.8885760308062551,0.5504076921062864,0.7130292778012555,0.7012940091910362,0.6403377056711446,0.8918007079504506,0.6955323083350007,0.47069983470609633,0.94831171741693,0.8358984246916981,0.7802650019688061,0.7798921079197672,0.5741397283888596,0.7990833720880768,0.8991086132420372,0.8040092425999465,0.3553637441843136,0.9799919051829566,0.5525734253399888,0.8946852565954908,0.7603705705278914,0.8627763408565623,0.9029316112204657,0.9097115979774826,0.8918007079504506,0.9973897225041903,0.8114940044756473,0.6421216579579548,0.9029852527308231,0.9254062818990603,0.8848712502248581,0.7423169308619795,0.8954023823601895,0.8848712502248579,0.9651573366535675,0.8918007079504511,0.9703451316482044,0.7609717433899217,0.966693650843679,0.9541896299485404,0.5119619904149675,0.915264150341758,0.8390575591392841,0.9907042037354449,0.8152166631112205,0.8992597885323734,0.9152641503417578,0.7918428012982617,0.8454043662166348,0.8290562417556062,0.8852149430495115,0.8688077246092836,0.8352962955703505,0.937582172017251,0.9242675330397168,0.8897015904236059,0.9859274872741232,0.9173933468462485,0.7358494498862775,0.965157336653568,0.4102303794587506,0.740995275838433,0.725579929163204,0.8839800124382804,0.9813943157615574,0.6229717541442965,0.8855827323868941,0.9104584515535377,0.9749571409386519,0.9506880141013583,0.706463088421386,0.9340712946921959,0.751580477738815,0.8598295527538451,0.9135063197922983,0.7934811230577729,0.9375821720172512,0.8364435105839156,0.7008206406439674,0.8966003305601591,0.8480961504580373,0.6570095370506117,0.8351476672445459,0.575548626933684,0.9068859994145182,0.8695195625728145,0.9148161375677797,0.9481052266646683,0.9427946840319121,0.9109895373928902,0.9436232402977913,0.7084149016827576,0.8375257920528889,0.8882932693469463,0.8882932693469461,0.7544270961227818,0.8462633074936137,0.8815270484708906,0.7807635460895814,0.8918007079504506,0.9483117174169302,0.8918007079504506,0.8918007079504506,0.593307652479167,0.8627763408565619,0.9728478558378828,0.8918007079504506,0.6207077565282968,0.5291408900333698,0.9840221034099074,0.7709474324311028,0.7844122909378579,0.7117003545249887,0.9023488945942109,0.8140172455445063,0.537339370672174,0.92675606806442,0.8949671418450595,0.968836846578246,0.4789382271947342,0.6984668227176967,0.573085159365071,0.9177773850880528,0.9267560680644201,0.8848712502248581,0.8512500207004096,0.968836846578246,0.8601891030272926,0.8991086132420372,0.9556810675279803,0.9297118524554642,0.9700858004968942,0.8627763408565621,0.653673216436462,0.8885760308062551,0.5023976742212513,0.9799919051829569,0.9245694636198807,0.8991086132420374,0.868807724609284,0.9326301365954339,0.857324144079574,0.6712525274893115,0.8230027023713191,0.9029316112204655,0.7638727450867082,0.9481052266646683,0.6180816428407527,0.8237742499674459,0.8882932693469461,0.654927873414942,0.8953476735959469,0.919737437035689,0.6960411515955125,0.41213260664363505,0.7927381955186614,0.6750851880022353,0.9601639163785549,0.9778098291715068,0.9113208014311949,0.8918007079504506,0.9029316112204657,0.5128156164709892,0.8918007079504511,0.8257818699927977,0.9906159803016454,0.8419558739645912,0.8953476735959471,0.7209960511861109,0.9213841230197595,0.6338741157136891,0.9152641503417578,0.6846559609301539,0.9726705794236881,0.9312913191588125,0.8848712502248581,0.959254381027794,0.7418561758635667,0.8664957973805585,0.9173933468462485,0.8116573882072695,0.4896533087906474,0.690889034973313,0.8835004097174899,0.8756872102415512,0.7464930047471234,0.7737522149259852,0.9013016284437785,0.9490218194797995,0.9553462017783088,0.9556866006988335,0.6894047007442037,0.9842496457512631,0.6490216891931373,0.8882932693469465,0.705690596425372,0.7106119762964649,0.9197374370356892,0.9230752380653491,0.9085235928818942,0.8966003305601591,0.8932759018403602,0.9135052288653056,0.8326092276629775,0.9436232402977911,0.9852056102861466,0.8040092425999458,0.9029852527308224,0.8882932693469461,0.9029316112204657,0.9197374370356894,0.8918007079504506,0.9485576944388001,0.8012857824856849,0.6273320484900342,0.8788359888067381,0.8918007079504507,0.4332562354012066,0.7218600509881523,0.9820826274011359,0.8600960853075241,0.7951076341784318,0.8885957548866767,0.5962124996760891,0.9471539337899009,0.8722512319713727,0.9088980650579819,0.5614035105279955,0.7869574313974728,0.9068859994145184,0.8352962955703505,0.8754075788101028,0.9375821720172512,0.9135063197922981,0.9197374370356886,0.9682836182455641,0.8848712502248586,0.9673483838836943,0.875046477041949,0.9832953261321589,0.9640062838948074,0.729505827505988,0.7917518049064642,0.9594101849401598,0.8918007079504511,0.8688077246092831,0.6567334207535078,0.5778615999651096,0.8882932693469465,0.9029316112204655,0.8815270484708904,0.8882932693469465,0.8882932693469465,0.8271068874433852,0.8918007079504506,0.8815270484708906,0.9122358812441934,0.8918007079504506,0.8886114498000468,0.8461326119911257,0.9109895373928902,0.8991086132420372,0.989737435419342,0.8954023823601893,0.8882932693469465,0.6901263828795656,0.49527116234155544,0.7269691840010574,0.7633543962678313,0.8918007079504506,0.9122358812441933,0.9760557307924651,0.8598295527538451,0.6157537111065842,0.8268811643733736,0.9541896299485404,0.9326301365954337,0.9553462017783088,0.9454621129724836,0.8956273847626328,0.8918007079504509,0.9135063197922979,0.9069027048316121,0.8660856746685763,0.6232511651816047,0.972670579423688,0.9973897225041901,0.8786176172006352,0.8991086132420372,0.8462633074936134,0.5620025351905067,0.8918007079504506,0.8915825642164801,0.8057150463232274,0.9152641503417578,0.7360051239070171,0.9481052266646683,0.9651573366535677,0.5274419637971856,0.8848712502248581,0.6219531164085608,0.606159138560997,0.8918007079504506,0.8918007079504506,0.9565646901680673,0.8016795275598645,0.9629705957254182,0.7586779633134175,0.5660889456141017,0.7328824063021446,0.7901997317581646,0.6467264201300067,0.9417955146810999,0.6263651095121032,0.8918007079504506,0.9347245437447826,0.9029316112204657,0.9197374370356892,0.7209960511861109,0.9109895373928902,0.5528526614501178,0.8918007079504506,0.8918007079504506,0.6762288904466087,0.8918007079504511,0.6741320845414838,0.8688077246092831,0.7467553291041633,0.827293430475253,0.8722512319713727,0.9313070303891744,0.6223063454289917,0.8332083545770184,0.8918007079504507,0.8664957973805585,0.6443209032615713,0.8954023823601893,0.9594101849401598,0.9508604588232981,0.7484056320771222,0.809566677308712,0.8966003305601591,0.8954023823601893,0.8204889212313824,0.8918007079504506,0.5840045276470733,0.8485648350028439,0.5902304100067871,0.8917493191517127,0.7309200098221507,0.9385789134461191,0.8132966641602513,0.7904149382610954,0.968836846578246,0.7461565987005379,0.5276455811680654,0.9148161375677795,0.915264150341758,0.9860020009225581,0.8540589702876238,0.6263651095121034,0.9029316112204657,0.8882932693469465,0.5312470018565962,0.9627608002068135,0.9135063197922981,0.8571606472033044,0.9850406692683006,0.8900010585864284,0.9850406692683008,0.919737437035689,0.8352962955703505,0.9771332625934286,0.3658049717426435,0.7471714123277674,0.915264150341758,0.8688077246092831,0.9297118524554642,0.7396698797955301,0.8782540541553363,0.8661426937240921,0.956323389301645,0.4821976613342459,0.9184588464635883,0.661601122449941,0.9446358261174748,0.658741832811,0.6903617827638127,0.8918007079504506,0.8489027461326297,0.8554797762443019,0.8268419389977836,0.9152641503417576,0.9417955146810999,0.4494049181373181,0.9320524381165516,0.8918007079504506,0.6338741157136887,0.6803819486660361,0.8598295527538455,0.6306131224370088,0.5679804963019299,0.6106085610662508,0.9029316112204657,0.6144680196367174,0.7534619072780846,0.6462723253664852,0.6568061051359495,0.8920802319381609,0.7319599378402666,0.9197374370356892,0.8920802319381609,0.9279034959226291,0.8246628372193086,0.8786176172006352,0.5414244825537251,0.8991334456478841,0.7066105668454448,0.9276853521886582,0.8882932693469465,0.5290494357810415,0.8084386516371938,0.7787147951083382,0.7323643980926722,0.6562853412841403,0.8918007079504506,0.6591212121199563,0.7787140934579508,0.8600960853075241,0.8918007079504506,0.553740855978751,0.9757489930454581,0.9109895373928902,0.9907042037354444,0.8882932693469465,0.7060411700429243,0.9375379118224111,0.822049283258794,0.9627608002068133,0.9378032212692564,0.8920802319381613,0.6961033073162528,0.8918007079504506,0.9151285683178758,0.8918007079504506,0.9541896299485402,0.7746009240200369,0.44574650730636645,0.9197374370356892,0.9739556615832576,0.6880441579889685,0.38083477358672146,0.8600960853075241,0.8918007079504506,0.8851714610505234,0.5385094608169494,0.7154939950141035,0.9694690955075296,0.8194852749688197,0.9826577568433585,0.840239819458837,0.9140817941555837,0.8695195625728145,0.5092216640703027,0.7340605340890007,0.8695195625728145,0.885277268430531,0.9029316112204657,0.794215287635764,0.8695195625728145,0.9197374370356892,0.8818852841325537,0.8812310922283445,0.8900435653405496,0.8882932693469461,0.8885760308062551,0.9173933468462487,0.4564696006715425,0.8664957973805585,0.9907042037354445,0.3920462296986763,0.9844445208137147,0.9935349994593583,0.9601639163785549,0.6769521924601839,0.8600960853075241,0.8748396740376378,0.7394648978468679,0.9142802079124529,0.8712499871317279,0.8512300448035053,0.8954023823601893,0.8991086132420372,0.5339340767171143,0.9751027373222751,0.8353959934263442,0.8456737070075291,0.6461449805912631,0.9826577568433585,0.9068859994145184,0.8220241204477214,0.44958575984313087,0.8215067965103922,0.8632221916532631,0.8402398194588376,0.8216833680982705,0.8956273847626326,0.4737798854605255,0.9640062838948071,0.6472541464740826,0.8511284804133239,0.9757158464353137,0.5413623616752745,0.796984344070061,0.9068859994145182,0.8999773716406338,0.8456315427800833,0.3946305558992952,0.9813943157615574,0.8691450109335102,0.8688988704408218,0.8167860163027103,0.7822332595650118,0.871899210769451,0.8834118554462096,0.8882932693469461,0.9030698019103247,0.7485911992290362,0.9375821720172512,0.8954023823601893,0.6251654430146873,0.3304230191133084,0.9375821720172512,0.8453164318386719,0.5576392368982981,0.7244126917611609,0.9531644691774961,0.9531644691774961,0.6459901104611638,0.9173933468462485,0.8565753455961946,0.8700500341066799,0.49040505299404735,0.8598295527538453,0.9068859994145184,0.4293359354286853,0.856924657233717,0.9698578908306781,0.9152641503417576,0.47748980180786205,0.9109895373928902,0.7724630564518284,0.9068859994145184
p67_N,0.8268894592721567,0.9394396415413291,0.8882932693469461,0.9464802705130722,0.9475597985845114,0.9610996995613954,0.8373126200526002,0.77035194475055,0.9006962362816695,0.958931662684485,0.9379142777971528,0.9458598726114651,0.9458598726114651,0.919989349133864,0.9875732183763779,0.9150513508645272,0.9425805352069323,0.9292677720165115,0.9568599156354454,0.9589316626844853,0.9523926900665713,0.9559302354841396,0.9629124330159166,0.9848910203339206,0.9349426948340505,0.9292677720165115,0.9425805352069323,0.913733309388403,0.9589316626844853,0.9596415460312588,0.9225701399051967,0.9529545363721539,0.9409942357230057,0.9162050927129202,0.9475597985845114,0.9568599156354454,0.9493053971730236,0.9409942357230057,0.9610996995613952,0.9278966962971924,0.896130882831621,0.7193030129332598,0.9610996995613952,0.950802817126357,0.9397362273534055,0.8425062304790467,0.9808926695348984,0.8434360876416902,0.9278966962971924,0.8882932693469463,0.9529545363721539,0.9039963657798309,0.9292677720165115,0.9394396415413291,0.6568988353658298,0.9265423524364669,0.9265423524364669,0.9475597985845114,0.9513315692601685,0.9350839192327514,0.9030086235821644,0.9968116130112576,0.9784534179462063,0.9935567820366137,0.9548710823073729,0.8469812896824731,0.906121948145339,0.9979041074996909,0.8171063621787289,0.8904195718012651,0.9187169710212715,0.9278966962971924,0.7971798092312721,0.9910150473833055,0.9475597985845114,0.8827817928509321,0.9364159486136479,0.9379142777971528,0.8723413800954836,0.9610996995613954,0.9928618019927209,0.9829392900173883,0.923879955825063,0.9292677720165115,0.9475597985845114,0.9149644520716045,0.9559302354841397,0.8536240445709697,0.7186690805400406,0.9458598726114653,0.9475597985845114,0.8882932693469461,0.8827190623870713,0.999454910056343,0.8908572896021122,0.9713507065305738,0.9553959086381489,0.8838795614232458,0.7930297354331228,0.7947545085542378,0.9265423524364667,0.9511016704226432,0.9475597985845114,0.9644201313012394,0.9932949479190378,0.9568599156354451,0.9041731885624826,0.7963224802288058,0.90671930509294,0.8924130851922901,0.9366782695007885,0.9306566646589698,0.8390432115466104,0.9065205555971325,0.9511016704226434,0.8675756309664975,0.8921109580400154,0.9568599156354454,0.9610996995613952,0.9340672020762658,0.8049331699060054,0.9494402015988872,0.9349426948340505,0.8946898694254276,0.972360936124099,0.9503792196527063,0.9493053971730236,0.744751257317753,0.9458598726114651,0.6304632851667114,0.8755930267546017,0.9808926695348984,0.9061219481453389,0.9547434413197933,0.9425805352069325,0.8696295404751329,0.9605979515670119,0.9529545363721539,0.9529545363721539,0.9442013463068033,0.952795425332533,0.958931662684485,0.9553908665016351,0.8993926091805273,0.9523926900665711,0.9724921727166423,0.9953073669805033,0.982578474965208,0.7332324017161841,0.8652846490024411,0.8811434002398045,0.9030086235821644,0.8814453850912112,0.9568011828647875,0.9765837058865926,0.9763068251524245,0.9989195609871788,0.9935398813830467,0.9733997388646385,0.9155630897147409,0.8667482021748332,0.8448813494499819,0.9320645602494204,0.8452778185685962,0.8938740030413768,0.913733309388403,0.8673743833378166,0.9696724395861311,0.9834886668885245,0.9283006786161676,0.9464802705130723,0.9458598726114653,0.9265423524364671,0.9300499373603044,0.9710152408967007,0.9297688626423273,0.9568599156354454,0.9298843125247958,0.9522319435190597,0.8827817928509321,0.9088944096710687,0.9194335589833613,0.8827558331044781,0.43405769951292605,0.7495800737341178,0.8790792081159235,0.8838152225738929,0.653717775326768,0.8359611579004631,0.9212735133449714,0.9350839192327518,0.9855683111551213,0.8458329454003359,0.837844168276169,0.9415490144516765,0.9475597985845114,0.9493053971730234,0.9442013463068035,0.6952655229795005,0.8302218952289881,0.9233738460510836,0.0,0.9475597985845114,0.864309074997313,0.8328700630085667,0.9589316626844853,0.9475597985845114,0.9997405031129083,0.9540589546097205,0.8827817928509321,0.8523731211903477,0.9400706025742575,0.9458598726114651,0.9475597985845114,0.7264404658292205,0.9475597985845114,0.9995797633171007,0.83360257911207,0.830221895228988,0.9475597985845114,0.9486909276320882,0.9475597985845114,0.9073419084704222,0.9819150380375277,0.9977164699543988,0.8718884926994315,0.9511016704226432,0.8255629024133946,0.9442013463068033,0.9629124330159164,0.9364159486136479,0.9813702038092993,0.9122923665098842,0.9162050927129202,0.9529545363721539,0.8961308828316203,0.8338865734461232,0.9747733305686097,0.9611199907943128,0.9540589546097205,0.995606730632077,0.9425805352069323,0.9155630897147409,0.9350839192327517,0.9475597985845114,0.8371629851568374,0.9475597985845114,0.9420477149313523,0.9125111785873636,0.8356601904040855,0.5580350294343481,0.8255629024133946,0.9493053971730234,0.9112976020672168,0.9349426948340502,0.9600059685838345,0.9379142777971528,0.8060628203277849,0.9511016704226434,0.8993926091805273,0.9312291735794238,0.8096561509890496,0.9458598726114653,0.9548710823073732,0.9086412790459668,0.9610996995613952,0.9429971838022233,0.9997405031129083,0.9193260543091284,0.9932949479190378,0.9998051353108643,0.5538131594390712,0.7720679746958522,0.7963224802288058,0.8185324835917438,0.9568599156354451,0.8355714749746495,0.9112976020672168,0.9320645602494204,0.9357274933038937,0.9568599156354451,0.9146284704139054,0.8917498939038877,0.971905036534492,0.9315076677030099,0.9199893491338638,0.9511016704226434,0.9162050927129204,0.8113382209183879,0.9442013463068033,0.9511016704226434,0.9128870094924402,0.847119430201549,0.9568599156354454,0.902213026938933,0.9393133196061914,0.881685977830595,0.8681826851484777,0.9568599156354454,0.9475597985845114,0.9278966962971924,0.9442013463068035,0.9529545363721539,0.8728859274924746,0.9589707767882764,0.9128870094924401,0.9278966962971926,0.6663508877816178,0.8092990476011352,0.9065205555971325,0.7487646887830892,0.9203844272957435,0.8405164885827785,0.9739470938970316,0.8686385996787724,0.9589316626844853,0.9386080538027393,0.9589316626844853,0.9162050927129204,0.9540589546097202,0.9065205555971323,0.9511016704226432,0.9475597985845114,0.9529545363721537,0.9747733305686097,0.9292677720165115,0.9568599156354451,0.9719050365344921,0.930123641813413,0.9475597985845114,0.9594986384506099,0.35589777782974974,0.9610996995613952,0.9476386094693983,0.9021482626615812,0.9320645602494204,0.5538131594390712,0.9711093465704743,0.8802204739371464,0.9877220281917203,0.9409942357230059,0.8358428353123897,0.9511016704226434,0.9979245843396392,0.8056825578273621,0.995589441680881,0.8926229549026828,0.9610996995613952,0.8310761642516384,0.9162050927129202,0.7911552055921389,0.9425805352069323,0.9458598726114653,0.773549731358281,0.8816859778305948,0.9221581834312781,0.809730211680221,0.8128743662973861,0.9475597985845114,0.9390414285108739,0.6180454574196654,0.9174557485535397,0.7454063911947743,0.8811434002398038,0.9869718167572021,0.9475597985845114,0.9475597985845114,0.4427716285847937,0.7580974060287027,0.8545503661181635,0.9475597985845114,0.9589316626844853,0.9475597985845112,0.9199893491338639,0.8938740030413768,0.7505486208297506,0.9475597985845114,0.9212735133449714,0.9364159486136479,0.8268147748355974,0.802022232584923,0.9475597985845114,0.8773193685069602,0.913733309388403,0.7652011593459803,0.8444866399348757,0.9885587804861201,0.8969686040184859,0.9511016704226434,0.7978631667149247,0.9475597985845114,0.8458072185970624,0.9292677720165115,0.885001870744911,0.909941326405804,0.45846236038947563,0.8256727870749783,0.9409942357230057,0.9475597985845114,0.8552250410556548,0.9804497867748898,0.9475597985845114,0.8533072212327577,0.9806455105616183,0.8952068872907202,0.8092990476011352,0.7900616007208391,0.9475597985845114,0.854330304747509,0.8814453850912114,0.8986811553763572,0.765588511062654,0.8277703030524182,0.9041731885624826,0.9378040766465513,0.9647580114966432,0.9511016704226434,0.6669132954317065,0.9168460830759904,0.9334927596276981,0.8829546601271805,0.9981568932052118,0.8664736771305537,0.9334927596276981,0.9529545363721539,0.9292677720165115,0.9475597985845114,0.8904195718012651,0.9730506507011063,0.8625951760283532,0.8422956254205758,0.9252037445446055,0.9442013463068033,0.9297598253076251,0.9190874378408649,0.9954412864629744,0.937914277797153,0.9475597985845114,0.9482607581795672,0.875144138718642,0.9006962362816693,0.7376990592379751,0.952731319579339,0.7212184631640942,0.995589441680881,0.9334927596276981,0.8744017771614351,0.9902428565647541,0.9589316626844853,0.9861752746785274,0.9977164699543988,0.9935349994593583,0.980662425002937,0.9559302354841398,0.9747733305686097,0.9511016704226434,0.9162050927129202,0.9935567820366139,0.8729729119280694,0.9661859802146437,0.8097028901503379,0.7324005770294403,0.9860598647601152,0.9216975403748093,0.906295496139132,0.9400706025742573,0.9425805352069323,0.9196337733730029,0.9569179508810808,0.919989349133864,0.9661859802146437,0.9629124330159167,0.8116870067162374,0.6774530528338725,0.936331570234843,0.45743868253496467,0.9125111785873636,0.8009165455847471,0.9511016704226434,0.9869718167572021,0.9289964199720244,0.9998717412550098,0.6626197766413175,0.9568599156354454,0.8891415630511634,0.8882932693469461,0.9548710823073732,0.9977164699543988,0.9425805352069323,0.9425805352069325,0.9765837058865926,0.9568599156354454,0.9225701399051964,0.8764669987114351,0.9100921482984174,0.9458598726114651,0.9458598726114651,0.7877749961293831,0.9819150380375274,0.9985778460732369,0.8675560447816311,0.9475597985845114,0.9548710823073732,0.9475597985845114,0.9475597985845114,0.8227810174934073,0.9334927596276981,0.9162050927129202,0.9475597985845114,0.9469120167171432,0.9077367147900778,0.995606730632077,0.877897145441318,0.9436711479582613,0.8825936825451484,0.9006962362816693,0.8995478568587885,0.7593994892724845,0.9409942357230059,0.882781792850932,0.9548710823073732,0.9576746141532876,0.9898265704110228,0.9116080119434857,0.9225701399051967,0.9409942357230057,0.9442013463068035,0.9146471974855417,0.9548710823073732,0.9647580114966434,0.9511016704226434,0.9343080653650264,0.7406226036797141,0.9693318146530956,0.9111150293377238,0.8436093353026795,0.9212735133449714,0.9042894220702752,0.755722818303145,0.9956693794948598,0.9511016704226434,0.9364159486136479,0.9848910203339206,0.9112976020672168,0.7240337169496347,0.8347240030058896,0.9529545363721539,0.9431430844460658,0.9425805352069325,0.9540077509594632,0.886081569479592,0.9458598726114651,0.8473269954747022,0.923879955825063,0.9610996995613952,0.8549145578460347,0.900220435878943,0.6490993008822844,0.7970688433398971,0.9364159486136479,0.9041731885624826,0.9117531985549474,0.9475597985845114,0.9529545363721539,0.9137333093884028,0.2866590248628371,0.8873793646220565,0.7944495116308202,0.8747265520025294,0.9238799558250628,0.8256727870749783,0.9852901633058908,0.8145236181207492,0.9589316626844853,0.841845712818575,0.9928618019927207,0.7633251181690387,0.9442013463068033,0.9409942357230057,0.8727037613151145,0.7966543892561384,0.9320645602494204,0.84305747070033,0.8762311904614675,0.8044674539676762,0.7089270833900354,0.9549894228659184,0.9746652493326958,0.8567235831170403,0.9682551375725403,0.9589316626844853,0.9349426948340502,0.655873107868642,0.978238992751526,0.950001195721569,0.9247045701871657,0.9458598726114653,0.872002169712576,0.8358428353123895,0.9610996995613952,0.9277463696241428,0.9808926695348984,0.9149644520716045,0.8763087891966074,0.9306566646589698,0.8403335623128303,0.9225701399051964,0.9349426948340505,0.8129420361099915,0.9379142777971528,0.5580741850880477,0.9529545363721537,0.9610996995613954,0.9475597985845114,0.7403136154973171,0.892155484456858,0.9947268446840543,0.9174557485535397,0.9475597985845114,0.9529137185200643,0.8752138387990291,0.9030086235821644,0.9199893491338638,0.9006962362816695,0.8882932693469461,0.923625293139137,0.9743286942798364,0.9252037445446055,0.6345066859836898,0.8755343989590987,0.9569179508810808,0.9548710823073732,0.8995478568587885,0.9265423524364669,0.9128870094924401,0.995606730632077,0.9547434413197933,0.9721820378192461,0.9442013463068035,0.9610996995613952,0.9394396415413291,0.9742178060512305,0.9475597985845114,0.9825784749652079,0.8805919691825623,0.9667798280829097,0.605734515093109,0.9902428565647541,0.8283311817096388,0.7900616007208391,0.9458598726114653,0.9061219481453391,0.9425805352069323,0.9458598726114653,0.9458598726114653,0.5256378081287161,0.9475597985845114,0.7043697524740822,0.8626012630123832,0.9475597985845114,0.9320645602494204,0.8871861256568154,0.9568599156354454,0.9511016704226434,0.5325617495856823,0.2610516129103061,0.9921318846009738,0.8169797257838263,0.8838152225738929,0.9334927596276981,0.7573634207505044,0.9475597985845114,0.9041731885624826,0.9511016704226434,0.9320645602494204,0.7734367193080793,0.9053437280773231,0.9568599156354454,0.9190874378408648,0.9349426948340505,0.9125111785873636,0.9594986384506098,0.9248100053233799,0.9212977173232095,0.9626788706813354,0.9225701399051964,0.8625298618399613,0.937914277797153,0.9568599156354454,0.9278966962971924,0.9808926695348984,0.9041731885624826,0.7553067620113287,0.9475597985845114,0.9475597985845112,0.8784088021185175,0.9611058687776596,0.8613434560644833,0.9425805352069323,0.9928618019927207,0.9034463879155852,0.9442013463068033,0.8666352537059542,0.783927434953699,0.9475597985845114,0.9475597985845114,0.7597332806694638,0.9461421116766491,0.9371605937136991,0.96563105664249,0.9283006786161674,0.9673590143395132,0.8927063612518358,0.8483444288530017,0.9306566646589698,0.890446368149979,0.9475597985845114,0.584137599482859,0.9529545363721539,0.9610996995613952,0.8256727870749783,0.9568599156354451,0.8890958363645558,0.9475597985845114,0.9475597985845114,0.7680215914296747,0.9475597985845114,0.7868435260790483,0.9364159486136479,0.8523731211903478,0.896130882831621,0.7929264958075514,0.9935567820366139,0.9414119306921249,0.845809930023645,0.9475597985845114,0.9125111785873636,0.8524444664211202,0.9493053971730236,0.8904195718012649,0.8106395951235421,0.8374621799469963,0.9077040005624186,0.9149644520716045,0.9493053971730234,0.9154533753716585,0.9475597985845114,0.7823930047213894,0.9149644520716045,0.9696724395861309,0.8686385996787724,0.9232500268303598,0.5552121572027031,0.9782914706820047,0.8490980979184484,0.9548710823073732,0.9586655795685093,0.9500937170028241,0.41016165887492884,0.9589316626844853,0.9464802705130722,0.9723609361240989,0.803190518512136,0.9529545363721539,0.9458598726114653,0.8718884926994315,0.9742178060512305,0.995606730632077,0.5537402330579619,0.9610996995613952,0.9540589546097202,0.9610996995613952,0.618116004844547,0.9371605937136991,0.9174557485535397,0.8927512325175626,0.9886251033694344,0.9589316626844853,0.9902428565647543,0.9021033275330336,0.8553912003238415,0.998438082710315,0.992131884600974,0.6443785650306593,0.9260446381122047,0.9493053971730234,0.8978260286320019,0.7454063911947741,0.9850965587169511,0.9847481919180774,0.9475597985845114,0.8882932693469461,0.9886251033694344,0.8877510244611109,0.958931662684485,0.6692972525892922,0.9661859802146439,0.8512827582389366,0.9475597985845114,0.8145236181207491,0.8825936825451484,0.9320645602494204,0.8129359457645989,0.8107169982083025,0.8310417106337618,0.9529545363721539,0.9302719333857007,0.9250214760312453,0.9513315692601684,0.8234248743448614,0.9334927596276981,0.8964584879299351,0.9610996995613952,0.9334927596276981,0.9475597985845112,0.9954779619578477,0.9752830459923438,0.7903427454253446,0.8995478568587885,0.8322567509778518,0.9248100053233804,0.9458598726114653,0.8426783496858165,0.8567235831170406,0.8927512325175624,0.8199517167651282,0.8431704890143148,0.9475597985845114,0.86177564292225,0.8588935204002319,0.9909903972974269,0.9475597985845114,0.8637151821288627,0.998438082710315,0.9568599156354451,0.9334927596276981,0.9458598726114653,0.95903973369563,0.9292677720165116,0.9301255045824546,0.9781067403340057,0.9053437280773229,0.9629124330159167,0.862595176028353,0.9475597985845114,0.8399047890821919,0.9475597985845114,0.9568599156354454,0.9711093465704743,0.9846286337140382,0.9610996995613952,0.923879955825063,0.8452778185685961,0.9400706025742573,0.9199893491338638,0.9475597985845114,0.8016916938172323,0.9318174473096362,0.9461187874281811,0.9682551375725406,0.9125111785873639,0.9061219481453391,0.9225701399051969,0.7180556619793953,0.9183003694796054,0.9247045701871657,0.7881804803953933,0.9183003694796054,0.9909903972974268,0.9529545363721539,0.8816859778305948,0.9183003694796054,0.9610996995613952,0.9292677720165115,0.7874802728547533,0.8816859778305948,0.9458598726114651,0.9212735133449717,0.9829392900173883,0.958454422755221,0.9125111785873636,0.9629124330159166,0.9112976020672166,0.9278966962971924,0.6200824278756087,0.8482764195819277,0.9995797633171007,0.919989349133864,0.8984043359066813,0.9997405031129083,0.9701592651997484,0.9053437280773231,0.9278966962971924,0.9848910203339206,0.9511016704226434,0.9896261919016809,0.9260446381122045,0.9252037445446055,0.9252037445446055,0.9713507065305738,0.9529545363721539,0.9548710823073732,0.9376253858395401,0.9238799558250632,0.9245657747152314,0.9149644520716045,0.9225701399051967,0.9726352330389935,0.9594986384506099,0.9212735133449719,0.9475597985845112,0.9753728101585559,0.9951598794226075,0.9100921482984174,0.8972654241994793,0.9774319815079453,0.9548710823073729,0.826183938444757,0.9337421768964974,0.9292677720165115,0.9397362273534057,0.9834886668885247,0.9935567820366138,0.9414245688249916,0.9440638842760902,0.937914277797153,0.897445952228192,0.9458598726114651,0.9864310500681475,0.9302719333857008,0.9511016704226434,0.9848910203339206,0.8827817928509321,0.9252037445446055,0.8448813494499824,0.8950004825334386,0.8588935204002319,0.8124792961076073,0.9442013463068035,0.9442013463068035,0.9731502467466954,0.9829392900173883,0.8995478568587885,0.9511016704226434,0.9931921107480989,0.9320645602494204,0.9548710823073732,0.8894031717904969,0.9193260543091282,0.9848910203339206,0.958931662684485,0.8816859778305948,0.9568599156354451,0.9068605443109162,0.9548710823073732
p68_E,0.7524297972473161,0.9413411539914585,0.8918007079504506,0.9225015741707872,0.9492063492063487,0.9623211158059548,0.7050163519970581,0.7509151724713103,0.9038142386822647,0.960221152322577,0.9398636845831869,0.9475597985845114,0.9475597985845114,0.9225015741707872,0.9106019687464653,0.5567710364845595,0.944383427890573,0.9314886672615048,0.9582144552981327,0.960221152322577,0.8875255844205965,0.938412400887346,0.935580996038617,0.9508971383859763,0.9369854052620163,0.9314886672615046,0.944383427890573,0.916441965519317,0.960221152322577,0.7739436107925906,0.9250013316406693,0.9544316996038,0.9428469360414609,0.9188361382271659,0.9492063492063489,0.9582144552981327,0.9508971383859763,0.9428469360414602,0.9623211158059548,0.930160641445072,0.8993922310882436,0.932833950574053,0.9623211158059548,0.912915131908919,0.9443834278905732,0.8474513194974065,0.9526370111116405,0.9004911494084333,0.930160641445072,0.8918007079504506,0.9544316996038,0.8495864161552136,0.9314886672615046,0.13408370177867746,0.9428469360414604,0.9288488221297497,0.9288488221297497,0.0,0.7383793872014479,0.9459533477380775,0.9060540201833016,0.831146423199498,0.931488667261505,0.8993922310882436,0.9562880686171875,0.8244397822834253,0.9544316996038,0.6473831763250288,0.7698078233874499,0.9582144552981327,0.92126914699118,0.9301606414450723,0.9492063492063487,0.8266892096935958,0.0,0.8864622842804517,0.938412400887346,0.9398636845831867,0.8233095582802461,0.9623211158059548,0.9398636845831869,0.9341976401680094,0.31108550994831163,0.9314886672615048,0.0,0.9176344520056336,0.938412400887346,0.8046479448175341,0.8939536575643376,0.03139863267861631,0.0,0.8918007079504506,0.831146423199498,0.8548949080074899,0.31108550994831163,0.48955645159511163,0.8896584524348263,0.8875255844205965,0.8198957816506434,0.8187498553347687,0.9288488221297497,0.9526370111116405,0.9492063492063489,0.8580633769736241,0.6072669396673074,0.9582144552981327,0.907182019415572,0.7973204052495684,0.9369854052620166,0.8289245259008584,0.8759110188590657,0.9328339505740528,0.8070467719220202,0.9094556823349389,0.9526370111116405,0.7833099084134079,0.9413411539914585,0.9582144552981327,0.9623211158059548,0.8580633769736241,0.9129151319089193,0.885400876353422,0.9369854052620166,0.9250013316406696,0.931488667261505,0.7554264789789613,0.9508971383859763,0.6339927913026551,0.9475597985845114,0.9152582079543838,0.8727631680356085,0.9526370111116405,0.9544316996038,0.9623211158059548,0.944383427890573,0.8453085223330421,0.879064442044788,0.9544316996038003,0.9544316996038,0.06018876900101988,0.8046479448175343,0.960221152322577,0.8244397822834253,0.8717146038820363,0.8875255844205967,0.9106019687464659,0.892875760974867,0.8420784215528956,0.9301606414450723,0.7583810530554915,0.9602211523225768,0.9060540201833014,0.8559522762859688,0.8811713725919912,0.9544316996038,0.9301606414450725,0.8950345750758599,0.9140827360776209,0.8938851835250172,0.5567710364845593,0.7367566674079002,0.9526370111116407,0.9341976401680094,0.7431708752992887,0.8972062142375332,0.9164419655193166,0.8612222667022558,0.8993922310882436,0.9262700211315917,0.8453085223330423,0.9225015741707872,0.9475597985845114,0.9288488221297495,0.6783615558233287,0.8538362113124116,0.8780124908814328,0.9582144552981327,0.6072669396673073,0.9200475251844384,0.5526275082095409,0.9117550006367756,0.8885909234541711,0.9288488221297497,0.9475597985845114,0.6394614409405057,0.8538362113124116,0.8580633769736241,0.9015943008452869,0.13408370177867734,0.9237454173815312,0.9459533477380775,0.903814238682265,0.8221755430097122,0.7897778653703145,0.9060540201833014,0.0,0.9508971383859763,0.9459533477380777,0.4895564515951115,0.8355526955775656,0.8918007079504506,0.9475597985845114,0.0,0.8685695845092951,0.7897778653703145,0.960221152322577,0.0,0.6951973979147161,0.9152582079543841,0.8864622842804517,0.6447787703816181,0.9049315186013059,0.9475597985845114,0.0,0.6473831763250286,0.0,0.8117838598171898,0.8388272306091986,0.8355526955775657,0.0,0.6339927913026551,0.0,0.7050163519970583,0.9071820194155717,0.9164419655193166,0.8759110188590655,0.9526370111116407,0.7711949776746383,0.06018876900101888,0.935580996038617,0.9384124008873462,0.9060540201833014,0.7554264789789611,0.9188361382271666,0.9544316996038,0.4951319232791844,0.8907283270583697,0.9027019168030599,0.897206214237533,0.9152582079543838,0.9152582079543838,0.944383427890573,0.885400876353422,0.9459533477380777,0.0,0.9027019168030597,0.0,0.7334713952978886,0.9152582079543841,0.9544316996038,0.9275522446953854,0.7711949776746383,0.9508971383859763,0.9140827360776205,0.9369854052620161,0.892875760974867,0.9398636845831869,0.8612222667022562,0.9526370111116405,0.8717146038820363,0.8717146038820349,0.8442340263447974,0.03139863267861631,0.9562880686171873,0.8289245259008584,0.9623211158059548,0.8333555867103808,0.8333555867103808,0.24376003609304187,0.8706662210952574,0.8748612665230131,0.9544316996038003,0.848519788337875,0.7973204052495684,0.7780046509581313,0.9582144552981327,0.8289245259008584,0.9140827360776214,0.9341976401680094,0.9015943008452874,0.9582144552981327,0.8517144868263773,0.8141237078825918,0.9562880686171873,0.8982973238138026,0.9225015741707867,0.9526370111116407,0.9188361382271666,0.8070467719220202,0.9459533477380775,0.9526370111116405,0.9526370111116407,0.7985559379258667,0.9582144552981327,0.7985559379258667,0.6499526646778642,0.885400876353422,0.8442340263447972,0.9582144552981327,0.9492063492063487,0.930160641445072,0.9459533477380777,0.9544316996038003,0.8022278398026612,0.8982973238138026,0.9526370111116405,0.9301606414450723,0.9164419655193172,0.7250134267509765,0.9094556823349389,0.8843412180810755,0.6848496741376313,0.7923174570100686,0.6911250629978627,0.8727631680356077,0.9602211523225768,0.903814238682265,0.9602211523225768,0.9188361382271668,0.9152582079543841,0.9094556823349389,0.9526370111116405,0.0,0.9544316996038,0.9027019168030597,0.931488667261505,0.9582144552981327,0.9562880686171873,0.9475597985845114,0.0,0.9369854052620163,0.9582144552981327,0.9623211158059548,0.9106019687464655,0.823309558280246,0.9341976401680094,0.9544316996038003,0.8333555867103808,0.8289245259008584,0.9369854052620166,0.9428469360414611,0.8409971458279799,0.9526370111116405,0.9188361382271659,0.8117838598171898,0.9413411539914587,0.9106019687464657,0.9623211158059548,0.7655931084723666,0.9188361382271666,0.7780046509581313,0.944383427890573,0.03139863267861631,0.92126914699118,0.885400876353422,0.8070467719220202,0.8082384637825222,0.8187498553347687,0.0,0.8538362113124116,0.9176344520056336,0.9200475251844387,0.9176344520056336,0.9602211523225768,0.8453085223330421,0.0,0.0,0.930160641445072,0.903814238682265,0.8591172857456586,0.0,0.9602211523225768,0.9492063492063489,0.922501574170787,0.8972062142375332,0.7897778653703145,0.9492063492063489,0.9237454173815309,0.938412400887346,0.8322525541058978,0.9634411459729271,0.0,0.8811713725919912,0.9164419655193168,0.7766590274917047,0.9952327064015152,0.9237454173815312,0.8704033497109469,0.9526370111116405,0.7960789049353036,0.0,0.7973204052495684,0.9314886672615053,0.8591172857456586,0.8300371089395653,0.9508971383859763,0.831146423199498,0.9428469360414606,0.0,0.8961186971729789,0.7399891659895361,0.0,0.9237454173815309,0.7948313236856197,0.8420784215528956,0.8152867967569688,0.8022278398026612,0.0,0.7698078233874488,0.8559522762859684,0.9562880686171873,0.6574604645689301,0.7250134267509767,0.907182019415572,0.908315805590151,0.8961186971729789,0.9526370111116405,0.8982973238138026,0.8864622842804517,0.935580996038617,0.8527760996057683,0.8738120195914167,0.8706662210952574,0.21151139151266862,0.9544316996038,0.9314886672615055,0.0,0.9582144552981327,0.9015943008452869,0.8129560940834346,0.9398636845831869,0.9275522446953854,0.06018876900102055,0.7478523304650295,0.9508971383859763,0.06018876900102055,0.9398636845831869,0.9492063492063489,0.9413411539914582,0.879064442044788,0.903814238682265,0.9582144552981327,0.8463809254714867,0.9602211523225768,0.9413411539914582,0.935580996038617,0.801009545737682,0.938412400887346,0.9602211523225768,0.7997856146881548,0.9164419655193166,0.5305546844946969,0.24376003609304187,0.938412400887346,0.9027019168030597,0.9526370111116405,0.9188361382271666,0.8993922310882436,0.8769613888066743,0.9341976401680094,0.8993922310882436,0.9398636845831869,0.9250013316406693,0.6827113291147924,0.7725735218970409,0.9049315186013058,0.9443834278905732,0.8141237078825918,0.8907283270583697,0.9225015741707872,0.9341976401680094,0.21151139151266984,0.8175997772209664,0.9398636845831869,0.8517144868263774,0.9341976401680094,0.9152582079543841,0.7539334992316542,0.9526370111116405,0.8453085223330421,0.7143607147557585,0.9176344520056336,0.8993922310882432,0.9582144552981327,0.7301312695908229,0.8918007079504506,0.9562880686171875,0.9164419655193166,0.944383427890573,0.944383427890573,0.9544316996038003,0.9582144552981327,0.9250013316406696,0.8255663034700989,0.9129151319089186,0.9475597985845114,0.9475597985845114,0.7125274559321444,0.9071820194155717,0.08671734220308636,0.8717146038820361,0.0,0.9562880686171873,0.0,0.0,0.8187498553347687,0.2115113915126693,0.9188361382271664,0.0,0.7334713952978882,0.8377384241745145,0.4006068367505189,0.8527760996057685,0.8811713725919912,0.8058499662916012,0.903814238682265,0.47795836130872293,0.8399134433261015,0.9428469360414604,0.8864622842804515,0.4408515443948542,0.9176344520056336,0.7711949776746385,0.6473831763250284,0.9250013316406696,0.9428469360414602,0.9459533477380775,0.7846176027958278,0.9562880686171873,0.8961186971729789,0.9526370111116405,0.9004911494084331,0.938412400887346,0.9328339505740528,0.935580996038617,0.848519788337875,0.9237454173815312,0.9060540201833016,0.9355809960386168,0.7223272158432528,0.9526370111116405,0.17526171623055564,0.9508971383859763,0.9140827360776205,0.8570084033315839,0.8399134433261015,0.4654487838138114,0.8570084033315841,0.5711669571562623,0.77934241058442,0.8896584524348263,0.9475597985845114,0.7766590274917051,0.9262700211315917,0.9623211158059548,0.8058499662916013,0.8463809254714865,0.7876282222528316,0.8034406041869142,0.938412400887346,0.9071820194155717,0.8822265994777512,0.0,0.9544316996038,0.9164419655193174,0.9492063492063487,0.8612222667022558,0.938412400887346,0.9459533477380777,0.9262700211315917,0.831146423199498,0.9355809960386168,0.8046479448175343,0.9602211523225772,0.7935775465776653,0.9398636845831869,0.8664724446651941,0.06018876900102055,0.9428469360414602,0.7143607147557588,0.9152582079543841,0.9341976401680094,0.7806724477786732,0.880117361849238,0.7318083230664854,0.8633240709217587,0.9188361382271666,0.6991852245234744,0.8612222667022558,0.9250013316406696,0.960221152322577,0.9369854052620166,0.9508971383859763,0.8388272306091986,0.9027019168030597,0.525843532183836,0.03139863267861631,0.7960789049353036,0.8409971458279799,0.9623211158059548,0.8790644420447877,0.9526370111116405,0.9176344520056336,0.9164419655193168,0.932833950574053,0.9015943008452869,0.9250013316406696,0.9369854052620166,0.500567215157067,0.9398636845831867,0.9475597985845112,0.9544316996038,0.9623211158059548,0.0,0.9188361382271668,0.8654234385275936,0.8070467719220202,0.9200475251844384,0.0,0.8832831707913575,0.8244397822834253,0.9060540201833016,0.34458474155865637,0.9038142386822647,0.8918007079504506,0.8811713725919912,0.7859181167692968,0.9275522446953854,0.9060540201833014,0.6598989712921809,0.8907283270583697,0.9562880686171873,0.9027019168030597,0.9288488221297497,0.9526370111116405,0.9152582079543841,0.9623211158059548,0.9275522446953854,0.9459533477380777,0.9623211158059548,0.9413411539914587,0.9288488221297497,0.9492063492063487,0.6783615558233285,0.8843412180810755,0.9582144552981327,0.9492063492063489,0.9384124008873462,0.7806724477786728,0.8022278398026612,0.03139863267861631,0.9544316996038003,0.08671734220308558,0.03139863267861631,0.03139863267861631,0.3741839079094693,0.0,0.944383427890573,0.4527606561376478,0.0,0.9341976401680094,0.535161772248302,0.9582144552981327,0.9526370111116405,0.9562880686171873,0.9508971383859763,0.03139863267861631,0.7960789049353036,0.8580633769736241,0.935580996038617,0.8409971458279799,0.0,0.9071820194155722,0.9526370111116405,0.9341976401680094,0.7935775465776653,0.9083158055901508,0.9582144552981327,0.9508971383859763,0.9369854052620166,0.9152582079543841,0.6284764518573093,0.9492063492063487,0.4006068367505189,0.92126914699118,0.9250013316406696,0.6848496741376318,0.9398636845831869,0.9582144552981327,0.930160641445072,0.9526370111116405,0.9071820194155722,0.8420784215528954,0.0,0.9492063492063487,0.8822265994777507,0.960221152322577,0.8377384241745145,0.944383427890573,0.9398636845831869,0.8244397822834253,0.06018876900102055,0.7569089328329721,0.7846176027958276,0.0,0.0,0.40880739824839063,0.6991852245234742,0.9027019168030597,0.8058499662916013,0.8453085223330421,0.8152867967569688,0.8399134433261015,0.7997856146881548,0.9328339505740528,0.8129560940834346,0.0,0.9004911494084331,0.9544316996038,0.9623211158059548,0.831146423199498,0.9582144552981327,0.831146423199498,0.0,0.0,0.7739436107925914,0.9492063492063487,0.7819949015164562,0.938412400887346,0.8570084033315841,0.8993922310882436,0.6856702229525599,0.8993922310882436,0.8344556057285131,0.8506512873935228,0.0,0.9152582079543841,0.8175997772209664,0.9508971383859763,0.9582144552981327,0.5526275082095407,0.7351207557283752,0.43182584581086747,0.9176344520056336,0.9508971383859763,0.8591172857456586,0.0,0.8266892096935958,0.9176344520056336,0.8993922310882436,0.8727631680356078,0.8654234385275936,0.9413411539914582,0.9049315186013054,0.8538362113124116,0.9562880686171875,0.8685695845092949,0.862273520033598,0.9443834278905732,0.9602211523225768,0.9225015741707872,0.2586095064370061,0.8129560940834346,0.9544316996038,0.03139863267861631,0.8759110188590655,0.9288488221297497,0.9152582079543841,0.92126914699118,0.9623211158059548,0.9152582079543841,0.9623211158059548,0.9623211158059548,0.9027019168030597,0.3647019568709454,0.8961186971729789,0.9492063492063487,0.9602211523225768,0.938412400887346,0.938412400887346,0.8322525541058978,0.9428469360414611,0.9475597985845114,0.9288488221297497,0.5210240199989242,0.9508971383859761,0.7684119013812074,0.3833143586062788,0.7125274559321442,0.7447432793600621,0.0,0.8918007079504506,0.9492063492063489,0.758381053055492,0.960221152322577,0.9328339505740528,0.9341976401680097,0.855952276285969,0.0,0.7399891659895361,0.8058499662916012,0.9341976401680094,0.8058499662916012,0.8266892096935958,0.8129560940834346,0.9544316996038,0.7143607147557588,0.6716454483484393,0.8058499662916012,0.7431708752992889,0.9355809960386166,0.6761489807685291,0.9623211158059548,0.9355809960386168,0.9492063492063489,0.8982973238138026,0.930160641445072,0.8388272306091984,0.4779583613087228,0.8106069085572598,0.9492063492063489,0.03139863267861631,0.8420784215528954,0.861222266702256,0.5110414539348817,0.7766590274917051,0.7524297972473162,0.0,0.9856724533720749,0.8633240709217587,0.9225015741707872,0.0,0.8399134433261015,0.9428469360414604,0.9582144552981327,0.2115113915126694,0.03139863267861631,0.9114861522954751,0.9314886672615051,0.897206214237533,0.9288488221297497,0.9083158055901508,0.9355809960386172,0.8129560940834346,0.0,0.9275522446953854,0.0,0.9582144552981327,0.8333555867103808,0.8843412180810759,0.9623211158059548,0.9262700211315917,0.8022278398026612,0.904931518601306,0.9225015741707869,0.0,0.8322525541058978,0.8210376473859937,0.8506512873935228,0.9250013316406696,0.40060683675051967,0.9544316996038003,0.3227392978460525,0.9237454173815312,0.392115299153029,0.8928757609748668,0.7948313236856197,0.392115299153029,0.9225015741707872,0.9544316996038003,0.885400876353422,0.392115299153029,0.9623211158059548,0.931488667261505,0.9508971383859763,0.885400876353422,0.9475597985845114,0.9237454173815312,0.9341976401680094,0.8918007079504506,0.9152582079543841,0.9355809960386168,0.9140827360776211,0.930160641445072,0.9475597985845114,0.9384124008873462,0.7301312695908225,0.9225015741707872,0.9015943008452869,0.8333555867103808,0.42440193597169273,0.9083158055901508,0.930160641445072,0.9508971383859763,0.9526370111116405,0.9015943008452867,0.8939536575643379,0.9275522446953854,0.9275522446953854,0.9004911494084333,0.9544316996038,0.9562880686171873,0.5974763156586966,0.9262700211315922,0.8664724446651935,0.9176344520056336,0.9250013316406696,0.6549904556417999,0.9369854052620166,0.9237454173815312,0.9492063492063487,0.8366469404145511,0.8780124908814328,0.9129151319089186,0.9004911494084333,0.6623067578386677,0.9562880686171875,0.9188361382271666,0.5906675167558797,0.9314886672615046,0.944383427890573,0.926270021131592,0.8993922310882434,0.6040574193889983,0.7598430279509716,0.9398636845831869,0.6739104850582693,0.9475597985845114,0.8832831707913573,0.7143607147557586,0.9526370111116407,0.9508971383859763,0.8864622842804517,0.9275522446953852,0.9526370111116405,0.8982973238138026,0.8633240709217587,0.708808264663793,0.9459533477380775,0.9459533477380775,0.8322525541058978,0.9341976401680094,0.9027019168030599,0.9526370111116405,0.8591172857456586,0.9341976401680094,0.9562880686171873,0.8928757609748668,0.9328339505740528,0.9508971383859763,0.960221152322577,0.8854008763534222,0.9582144552981327,0.7197593917099125,0.9562880686171873
p68_S,0.7340958328089449,0.9808981970570316,0.39028126693382337,0.9800834159183269,0.8685695845092942,0.987877546040212,0.7415296797639321,0.7932978731082994,0.7511158505688691,0.8970707874646666,0.6539306620746631,0.9272134113781105,0.9272134113781105,0.9123533885446924,0.8497027724894641,0.8153959171318022,0.9648340471167861,0.6783111848059944,0.8918783860608355,0.9781888097246554,0.561247764357736,0.8044291343552028,0.877683850385174,0.9730763478516942,0.8418002028850208,0.8227244392370432,0.9157820513002009,0.8476881657972504,0.9781888097246554,0.6824083245526951,0.9218012246979321,0.9178303757589166,0.6234198117272977,0.7899855610109627,0.9333068873774841,0.9144622296650116,0.6931510356281109,0.9439266994086691,0.9025045192170253,0.9666172643269233,0.495631968589327,0.8262054086487349,0.9025045192170253,0.8366132225424048,0.9157820513002009,0.5721550614122268,0.7086229121455405,0.7425172364281634,0.8369438822012838,0.7200304036493881,0.8820903683689052,0.42691936477202197,0.8476726580348914,0.9051793385443647,0.8521143720668201,0.5795509910339367,0.9126225864946287,0.8685695845092951,0.8284713496449108,0.6500108453811375,0.7569113665180072,0.6643588992052591,0.822724439237043,0.607538449472088,0.8868937905864729,0.789176181547828,0.9034695872910269,0.6884683113251018,0.6234721660337164,0.8757303528101809,0.9300726652711166,0.5177307453096205,0.998044190245674,0.5515520380385757,0.8685695845092951,0.2916427174293833,0.6679172057840765,0.9605093626552355,0.8001724766977065,0.987877546040212,0.9280074734972836,0.8864113760341109,0.8796985118815757,0.7282076224016911,0.8685695845092951,0.9591447572928362,0.9409410629263287,0.9293564678148369,0.9139781661750384,0.8643090749973119,0.8685695845092951,0.9335556027094167,0.7858698069027956,0.7465567237826389,0.856206008892078,0.7988841641677652,0.9605932908999835,0.1963558296904292,0.6051507405147489,0.6163032473742966,0.8939197287543486,0.984576606222296,0.9009382359433893,0.9252537072830185,0.964775625715423,0.6820709685360269,0.8655596597411311,0.5593381034376135,0.890489506496073,0.6149990396419855,0.9595913757866518,0.9455167749335319,0.59909528076459,0.9131732485694404,0.674128700385946,0.5643668590422817,0.9336599546440159,0.891878386060835,0.7560033734902266,0.6635254004264821,0.9192111963315823,0.8924873296906533,0.890489506496073,0.8754560239369928,0.8280004975930825,0.9920031827396486,0.6263965123240718,0.7342039598856311,0.9586655795685093,0.780727536533476,0.7032031446868952,0.6741287003859453,0.953570383148928,0.9025045192170251,0.945628026695954,0.7306809906931191,0.7537275067559137,0.8677295799010152,0.6890295429509585,0.8601523251100109,0.523590528598918,0.6973391012353878,0.8894180833236711,0.7506035819093062,0.8827264304349351,0.7686793485383445,0.7944352343956638,0.6209169197854549,0.8192881242230787,0.5974984318881756,0.9781888097246554,0.756911366518008,0.9638549287027047,0.6511946244117655,0.9178303757589168,0.8192881242230783,0.999506776305524,0.8051601444119343,0.8295143985413496,0.8065706375796107,0.6834113638315737,0.984576606222296,0.9122163413962998,0.558275053528851,0.34659817048520736,0.8902865748560675,0.7964015486292555,0.6075384494720881,0.7444214402864633,0.6592491920303529,0.9070332051256152,0.6010040657659075,0.9609870076823845,0.7390958692095324,0.9524028841532033,0.934215134351019,0.9306102629156658,0.8583251373602381,0.9693807051549057,0.9999477997581008,0.9761531017641536,0.9214371346088601,0.8697375181604707,0.9272134113781105,0.7744729066364494,0.8915741376462935,0.6481296176702154,0.7643029417481926,0.848218106345062,0.9170269213459412,0.9519967306429207,0.9049546058661697,0.41793990608696785,0.5395536804404024,0.8742034039561117,0.8685695845092951,0.8729445628956358,0.8601523251100112,0.7800951882545644,0.4486386275467815,0.7912054700027313,0.864309074997313,0.8685695845092951,0.0,0.4560425945367166,0.8970707874646666,0.8685695845092951,0.8011608197643062,0.8018016321802306,0.8271649990721222,0.7527796499925141,0.6643950636295779,0.9586655795685093,0.8685695845092951,0.6731690548041243,0.8685695845092951,0.7528683203815614,0.47799025741763745,0.4923792876766888,0.8685695845092951,0.8304129189090008,0.8685695845092951,0.7403992797090714,0.9641413004714939,0.9115857793854762,0.1873100896846166,0.9464349702585149,0.49127743563063486,0.8601523251100107,0.8776838503851744,0.8406398513598703,0.9303098669803813,0.7969650186108661,0.7744581776771857,0.8677295799010154,0.7769759056727246,0.8410497634157481,0.7748087466353804,0.8062904115356158,0.8820869331184662,0.7807275365334767,0.8560901005086945,0.9440373449572788,0.8601523251100112,0.8685695845092951,0.8436283925318104,0.8685695845092951,0.704009271876213,0.8650239191204903,0.8820903683689054,0.8840245820004136,0.49127743563063475,0.8729445628956358,0.7776859603768753,0.5205478541423346,0.9197756454233603,0.9605093626552351,0.6875557683279134,0.8774465467393262,0.9605317483890118,0.6052686974233543,0.5969498880876587,0.8643090749973119,0.9611758447846424,0.8372020825997437,0.9025045192170253,0.9173404643503871,0.9463853754969072,0.9962451785819171,0.9004486304702091,0.921570175146561,0.8820903683689054,0.6530252160535805,0.7687853862666632,0.6199893626869769,0.6820709685360269,0.557335999877957,0.8611167394191137,0.9845637971549444,0.9157530291664859,0.6820709685360269,0.8091578388277866,0.646329103510739,0.9240348176855577,0.4483946942867866,0.9973399082904616,0.8774465467393255,0.6655691123492231,0.5569372392310981,0.5887812416925313,0.6396344886263513,0.9155881827031068,0.41742095760042686,0.9693421397704964,0.8560120923393271,0.6702933379390523,0.17961239551008756,0.6711652791885625,0.9531941065198423,0.9695871583202312,0.8683978375910271,0.9867736656684732,0.9178303757589168,0.558275053528851,0.773875390903366,0.812105547424323,0.6896147420974397,0.7837905522090249,0.5008711620989095,0.7857828821199957,0.7690922634407902,0.7590315080946237,0.7850960582560281,0.8515108103747062,0.9302346117586893,0.8190161346253714,0.7895755393931945,0.9376297985946607,0.9486806822019268,0.8439498234737366,0.6924077444083601,0.8774465467393255,0.8685695845092951,0.882090368368905,0.8245502494901702,0.9225173144284353,0.6820709685360269,0.8868937905864731,0.9784300840506932,0.8685695845092951,0.8418002028850208,0.8918783860608352,0.9025045192170251,0.6844125397915989,0.6279043913259932,0.9845637971549444,0.9178303757589166,0.5978464417386657,0.33265048466449443,0.9172605355579635,0.8521143720668205,0.6302957536343705,0.8774465467393262,0.8117633740765555,0.4004807986071931,0.8482181063450618,0.8091910605139043,0.8413764003134145,0.4907328097756518,0.94243025247011,0.5088977124766794,0.6962202685550083,0.8643090749973119,0.863176862394641,0.9356792860872617,0.5709899197422623,0.5319427916599972,0.3601618288988434,0.8685695845092951,0.6522102635518809,0.8084097296614696,0.9253155460517482,0.8685866396998868,0.9781888097246554,0.644369440389462,0.8685695845092951,0.8685695845092951,0.8192881242230783,0.7511158505688698,0.8857198734435471,0.8685695845092951,0.8970707874646662,0.9333068873774844,0.8446233611710577,0.2178843429910925,0.5117166518058403,0.8077439011497568,0.8712915524292162,0.9682434486405538,0.31796112354767625,0.4130798888338685,0.8685695845092951,0.14636480666053364,0.9328849839148847,0.4498680096171561,0.5123683433969082,0.671354758403533,0.7266987098830038,0.639634488626351,0.5421187435915233,0.8685695845092951,0.42135178679434837,0.9724137520241316,0.91661143889082,0.7899240572788897,0.8729445628956358,0.40971050055567526,0.973063689197885,0.8685695845092951,0.7312033575271599,0.5786814655159638,0.8685695845092951,0.8941592368875788,0.580687961989323,0.3450172727538664,0.3734258198423419,0.5162644346373799,0.8685695845092951,0.9706716117737428,0.6578697982831458,0.964542101017188,0.8884546295877109,0.755761846612041,0.7598301054834911,0.7627638183722891,0.8852979844620206,0.674128700385946,0.8109101487514541,0.7062170385919371,0.8514108811947086,0.6190528127701567,0.9014941240087337,0.2571786780180686,0.8333134885197042,0.6532895355609476,0.872620876832739,0.8685695845092951,0.953194106519842,0.8570718397060746,0.6855391546344631,0.9001366825354133,0.7585465226749756,0.8601523251100109,0.8785115220617363,0.9601691288442668,0.8601523251100109,0.9883801536171055,0.9333068873774844,0.8669757326584286,0.3297985072447819,0.962644139102657,0.891878386060835,0.6323397211833273,0.8970707874646662,0.9621405707436668,0.9909513036624982,0.792942871000808,0.9771517799309961,0.9812521791453499,0.6371791879693973,0.8050897567384336,0.7556179368260592,0.8262054086487349,0.6133124343556273,0.355089599719288,0.9119407584989205,0.6873469254148155,0.8515802262612315,0.7241219386721115,0.8813439357061883,0.8515802262612313,0.9837490554210244,0.8059382227955858,0.806346246311707,0.6892345749004039,0.9551941053536871,0.8752961209295265,0.9009106187074303,0.8759921011388074,0.8672000369622694,0.8297340049818103,0.8333134885197042,0.36461994927090957,0.8722658915735435,0.3706959180302589,0.8555389703439993,0.8610128374717125,0.9397824347902494,0.9500823944627015,0.9717239764890624,0.4750460612808065,0.9591447572928362,0.8515802262612313,0.891878386060835,0.9649147192813565,0.808999236591067,0.8868937905864729,0.9754833929737019,0.945628026695954,0.7857581947422668,0.9178303757589168,0.891878386060835,0.9391631730192508,0.346932705565437,0.5232524805914698,0.695360570337104,0.7582649067179028,0.5999993805060049,0.917560730652071,0.8560901005086947,0.7021586204139894,0.8685695845092951,0.7045549113235949,0.8685695845092951,0.8685695845092951,0.5594401960561379,0.8333134885197042,0.9424302524701103,0.8685695845092951,0.5350418714583218,0.6094243939068784,0.8439498234737371,0.8464942250592598,0.21367544902736424,0.42132409080255173,0.847265072629682,0.7482376773236084,0.6151803591539373,0.8521143720668205,0.8963825198303119,0.9611758447846426,0.7868761542855607,0.6616487315158388,0.6578697982831463,0.869645371877842,0.9395253414344673,0.8601523251100109,0.9874445733956321,0.9983168718837272,0.9400835070349948,0.6396344886263514,0.9491959714733698,0.8406398513598701,0.8262054086487347,0.6412271276709832,0.6830157248631545,0.8771639185287955,0.7569113665180076,0.8333134885197047,0.8151526482938543,0.877446546739326,0.8406398513598705,0.9063218245476554,0.8260178391724926,0.6453510020241457,0.5025155462717352,0.9178303757589166,0.6947301604558734,0.8560901005086952,0.8456798113073332,0.6878266359974416,0.9155257476698957,0.5054097783579583,0.509496410391487,0.987877546040212,0.4213240908025522,0.6472570480144522,0.7482376773236081,0.41543500404712064,0.9955458343547788,0.8386954180677808,0.7967358394442587,0.8685695845092951,0.6532895355609476,0.9115857793854756,0.8685695845092944,0.5349743723767875,0.8406398513598698,0.8601523251100112,0.8853764582234488,0.49651649432808753,0.9384053652815669,0.5225734651481437,0.7378981123653838,0.5444941238644241,0.8722658915735431,0.7019855216502107,0.8601523251100109,0.997799321012899,0.6826381496100744,0.928246206060751,0.9896312374828667,0.48409743109767955,0.7065436829297522,0.48928505650587706,0.6933201687394654,0.9642080655357028,0.6643588992052591,0.4727767836331632,0.8059382227955845,0.9376297985946609,0.944031564619854,0.872944562895636,0.49266291577317123,0.8627065355734509,0.7765294613917073,0.8643090749973121,0.48107353050990476,0.42395955254340245,0.9267494271366014,0.7037380166104974,0.9809291820181096,0.8945440311651076,0.7902253572028035,0.6411463530432226,0.8968217682391992,0.8464727714973727,0.890489506496073,0.8742944095397971,0.5703182891890515,0.8643090749973128,0.6890295429509583,0.9451910326286188,0.8685695845092951,0.8117633740765549,0.4334487586134582,0.7396220858762284,0.9693807051549057,0.8685695845092951,0.7489935128967635,0.5664115927503239,0.7960087123307096,0.8672000369622694,0.287391928823006,0.9240942645838969,0.7261819336950524,0.6824101105873093,0.734717929653335,0.9719467684878655,0.6286317956381824,0.7698828003467639,0.6674138842245108,0.8511213188019419,0.9126225864946287,0.9809291820181094,0.9493203017075047,0.987877546040212,0.8601959889787731,0.9213819287986174,0.987877546040212,0.55368895556227,0.9609870076823843,0.9009382359433893,0.7586435957381377,0.1883634367231165,0.8918783860608355,0.8685695845092949,0.8406398513598703,0.4840974310976802,0.5722785931593413,0.8643090749973119,0.9034695872910271,0.8859360759044479,0.8643090749973119,0.8643090749973119,0.7899855610109623,0.8685695845092951,0.8560901005086945,0.8189790899217093,0.8685695845092951,0.9329538664305663,0.8941044138117689,0.9693421397704964,0.674128700385946,0.9611758447846424,0.8729445628956358,0.8643090749973121,0.5229367187627009,0.6789211831827491,0.8333134885197044,0.6180509423913816,0.8685695845092951,0.9049923160332758,0.9464349702585146,0.5251418609634648,0.5495052359343262,0.8991085235681542,0.9306102629156656,0.9935463904962862,0.8369474483722923,0.8439498234737368,0.8904895064960727,0.7106379468474713,0.9703943973542584,0.8854754633534663,0.9449738250784014,0.7883768248056899,0.8490261988077545,0.9693421397704967,0.9420624076429491,0.6741287003859457,0.9569933869442162,0.606144551107445,0.8685695845092951,0.9372185068861362,0.2223025330169952,0.8970707874646666,0.49747118223964404,0.6663742931592542,0.9558782644591541,0.6316531930429341,0.8601523251100109,0.5428845876181065,0.4843876813544039,0.8685695845092951,0.8685695845092951,0.7776859603768742,0.8379708867500839,0.900862821656732,0.6178779398988621,0.644369440389462,0.5716741300192241,0.3995800685713987,0.5658316094946381,0.9783906195938903,0.6149049663771391,0.8685695845092951,0.7988841641677649,0.6532895355609476,0.9025045192170253,0.510984159956823,0.6820709685360269,0.6354235679477882,0.8685695845092951,0.8685695845092951,0.5122654325154119,0.998044190245674,0.5331517114501279,0.6133124343556268,0.6179954119070372,0.38372548770656567,0.8601959889787727,0.924606811973245,0.6007497899176875,0.7532107284150222,0.8685695845092951,0.9493203017075047,0.5280328015240388,0.7265282972801301,0.9693421397704967,0.8444432791407197,0.7366062668157491,0.8294469165016842,0.8945440311651076,0.8729445628956358,0.26788856449808296,0.8685695845092951,0.5802853472544549,0.9977880919553447,0.7583248255255974,0.8103008544449751,0.6384840817157544,0.8482181063450631,0.7927800584854179,0.7699166446324737,0.8868937905864727,0.8455272797378051,0.6904369473751717,0.8560901005086943,0.7784571234953768,0.9349300643359038,0.8476726580348912,0.6290318040286038,0.8820903683689052,0.8643090749973121,0.8925249736831706,0.8400759547129952,0.9703943973542584,0.885475463353466,0.9025045192170253,0.8439498234737366,0.9025045192170253,0.9025045192170251,0.8701994618435822,0.9032829665001691,0.7677270392424753,0.9333068873774844,0.9001341568853601,0.7771267486409776,0.8406398513598698,0.7383072664090475,0.6525568015165144,0.864309074997313,0.8884403759007509,0.725601238938097,0.8729445628956358,0.6825021281669953,0.8084097296614701,0.8287686332965218,0.7789502393759141,0.8685695845092951,0.9157618361210809,0.998044190245674,0.6509017949786504,0.8970707874646666,0.8262054086487347,0.8297340049818103,0.8525539930455602,0.8685695845092951,0.522573465148144,0.39324496950307897,0.8297340049818103,0.5257088604672091,0.5802853472544549,0.5442707781198148,0.6890295429509583,0.5969789168193165,0.8973252182846077,0.7301944250967546,0.6155161082722183,0.9646783344720327,0.9023882009178471,0.8840629137250078,0.9909513036624982,0.9980441902456738,0.8372596516917095,0.8860535955692317,0.6123049245392902,0.7673158203652488,0.3624260707084135,0.8685695845092949,0.8643090749973119,0.6209169197854547,0.47277678363316367,0.9035598253196785,0.46375345180235694,0.4291339627203925,0.8685695845092951,0.48055701181489874,0.2732496918624743,0.9575067401271153,0.8685695845092951,0.6151803591539375,0.8856527198302375,0.6820709685360269,0.8333134885197042,0.8643090749973121,0.4875379957802909,0.8975690956305873,0.9350042390297303,0.864258165306873,0.978667972523344,0.8514108811947088,0.36796272271739383,0.8685695845092951,0.8601959889787727,0.8685695845092951,0.891878386060835,0.9374349799170126,0.7007287027958,0.9025045192170253,0.8562060088920782,0.6575267271636898,0.7927800584854168,0.8167265019607693,0.8685695845092951,0.652915561171035,0.5511840603382294,0.7381337168065635,0.9855083737801897,0.7134941679444358,0.9034695872910271,0.800127570736433,0.8484238679708536,0.8050897567384336,0.7228121423798373,0.41518779264588146,0.8050897567384336,0.5232297166750188,0.8820903683689054,0.16242905708787914,0.8050897567384336,0.9025045192170253,0.8975690956305873,0.8729445628956358,0.781029240287385,0.8643090749973128,0.8484238679708536,0.8555389703439993,0.7200304036493885,0.39738273324313445,0.8333134885197049,0.7776859603768735,0.8192881242230785,0.8643090749973128,0.9225470085025456,0.6682032322804372,0.9296098809168267,0.5731029257967775,0.6123688973119257,0.7921118845501984,0.4615315543146091,0.9420624076429496,0.8729445628956358,0.6741287003859461,0.8400279854573391,0.9860622851524113,0.9253466738264611,0.8538608947615389,0.7988841641677653,0.7247695503409697,0.6674138842245103,0.9014941240087333,0.8327135059025805,0.8919571968235958,0.8299433050373792,0.846472771497373,0.8161687034207126,0.9172605355579635,0.894159236887579,0.6459006439792816,0.825692240158654,0.834711141069316,0.9362423495373564,0.7425172364281631,0.7877748313423347,0.964542101017188,0.8833472430051489,0.8432304235064452,0.8227244392370432,0.945628026695954,0.8148989492549563,0.8515802262612313,0.8295400851312817,0.8562053356059841,0.8490261988077548,0.8789683742710936,0.9586655795685093,0.8169969073974153,0.8111269987962089,0.9119407584989201,0.7265282972801304,0.7234953186605351,0.8125388029354919,0.9119407584989205,0.9405318012197619,0.6620041039092208,0.8928815372674512,0.9519967306429205,0.7418552509140478,0.6384208665896083,0.9638262721206777,0.8129650327186612,0.9464349702585149,0.6354608621237201,0.7057766184987871,0.7045549113235949,0.740717915383794,0.8769338122971198,0.9063218245476554,0.8970707874646666,0.7206539454685681,0.891878386060835,0.829539689817393,0.7045549113235949
p68_T,0.8392512639557945,0.8069216955337819,0.5677145589768613,0.9944062766664019,0.8148611882522669,0.8440565830183069,0.8714501669819035,0.9308883982682139,0.5424565472747687,0.8353653627728157,0.7754268322694216,0.8328700630085669,0.8328700630085668,0.6989505708013533,0.8398285940754892,0.7355858049749935,0.9260519438161889,0.7164488397748481,0.9960185040188978,0.9061368756587873,0.761889844253411,0.9594844139761041,0.8938391361804241,0.8550156776844484,0.8793369473834518,0.6741002898710913,0.8218953199998424,0.6582725876518857,0.8707511192158015,0.784767341668446,0.744325668891884,0.8456002034186691,0.8142990563745895,0.6329138942419453,0.8431012558506539,0.9622268329997987,0.8550156776844486,0.7634578551008009,0.8440565830183069,0.7323753884960296,0.7951478053394114,0.7026286591499722,0.9697339255641593,0.7659050865021914,0.8739736319080156,0.70789323427999,0.8039765114147406,0.5594339613574498,0.9891267388796451,0.5008338994456725,0.8737670973648666,0.4299475011798779,0.6958663923837364,0.831769642181651,0.8552331353457827,0.7688165785801124,0.9991076460160248,0.7897778653703145,0.7231616167082622,0.7763145111532372,0.5701661658814708,0.4113646155683748,0.6958663923837374,0.7137870224828535,0.8244716253407948,0.5272007302693242,0.93612991941297,0.8220017274447706,0.8833367125329163,0.8270601489234033,0.7325161389193822,0.753798301774824,0.9874583385590245,0.3510614412259917,0.7897778653703145,0.5300959748590253,0.7927444267338892,0.9699540642454016,0.446416631293999,0.8440565830183069,0.8240586402634165,0.8402284569668983,0.69485017710411,0.934109864901298,0.7897778653703145,0.659109730275899,0.9356644157986449,0.6826287070949213,0.9698850605949614,0.7829632068236254,0.7897778653703145,0.8005774443712295,0.6419605063210319,0.5625906059795509,0.9203068542883504,0.9364606308927166,0.7120291543720596,0.5799753340350129,0.42891977893396116,0.29904934197205846,0.9797945562199877,0.8641655417688414,0.7897778653703156,0.8423862406399321,0.7453308547602429,0.827060148923404,0.6330512763459781,0.4378904606615739,0.770316820896571,0.37487139117887347,0.7444694691702629,0.7220166287647436,0.48673515179114835,0.9929643649868607,0.8039765114147406,0.41779212575480573,0.9560093754209937,0.8946434909616015,0.8440565830183067,0.3919858505427659,0.9280461577205061,0.7505774285709643,0.7391984546954606,0.8715520500906908,0.9123437623886534,0.5658574163034442,0.7967756161717694,0.9096277108513664,0.975046571907529,0.7807552485505294,0.45134308072354834,0.8340710265917908,0.8114042753167636,0.8207663324301319,0.8395956525970316,0.4895894798562397,0.8172454069245869,0.8737670973648668,0.8425856863408152,0.8297343501202494,0.6810019204118118,0.8353653627728155,0.5272007302693249,0.7790087001374661,0.7164112166988117,0.5924171623907595,0.7091303726320128,0.42922148786095804,0.6677830396977309,0.3970944309927371,0.9877058550122558,0.5701661658814693,0.7909105022204661,0.9486375850020927,0.8737670973648668,0.6892059529765258,0.8346161451075766,0.7171993523347875,0.8687751612396971,0.7505774285709641,0.8879906977712662,0.8942600569458921,0.7501741687694417,0.5845713384168355,0.6387318413161176,0.9329120654253331,0.7468346348883859,0.6812427093402298,0.8383226080395358,0.5367712729815625,0.8171328531473732,0.7829632068236254,0.7881296683761472,0.9134818300038917,0.7823484132604331,0.9291862804623825,0.894643490961601,0.8856362593447298,0.9272338243971455,0.6959149858629301,0.8845470095919208,0.7597335716464647,0.9586967584560002,0.8603105437348386,0.9497206087153551,0.5940777865724503,0.3919858505427659,0.730095792303259,0.8814655354773884,0.7841561672264612,0.8297343501202494,0.7102275485509979,0.4882298271749306,0.3764399442365558,0.8158443870607017,0.7897778653703145,0.9132557391971274,0.9098641085707673,0.9856380225712297,0.6374072508590656,0.640551630682293,0.8328700630085667,0.7897778653703145,0.4560425945367166,0.0,0.8353653627728159,0.7897778653703145,0.969147651339162,0.6704385329744851,0.5955856034840217,0.7081015917095119,0.8602434487957166,0.8877510244611106,0.7897778653703145,0.9777804603131103,0.7897778653703147,0.3632112623368321,0.4993617906871144,0.5229224814164741,0.7897778653703145,0.7512200475590909,0.7897778653703145,0.7267794490323547,0.79929812055632,0.6541743288870725,0.601112510348834,0.9251728519918048,0.2871764658311151,0.8297343501202492,0.8479953711128707,0.9214155951365997,0.9522864864068856,0.7291887376501653,0.6640832070529872,0.8114042753167636,0.9578693710525258,0.9430844419245886,0.8303341992231743,0.8151978147220762,0.9094580833892482,0.5968940559237881,0.995830588321551,0.7655690521669349,0.7963267771106681,0.7897778653703145,0.7369023504255037,0.7897778653703145,0.7517832567440508,0.6492750543065731,0.8144187923946173,0.8840573482979427,0.2992917207635877,0.9132557391971272,0.6094998055276026,0.73919845469546,0.7128588653404453,0.9570982237636055,0.4212484829624248,0.9243545721229425,0.6944769741114665,0.976249394198133,0.4014895122647011,0.7829632068236254,0.9811059808649045,0.7195812586250965,0.8440565830183069,0.6127379511145192,0.7901198167402305,0.7884037109284303,0.7636002291940532,0.7104282892177385,0.8456002034186693,0.6195761742765116,0.6571694913286561,0.3074539620020824,0.827060148923404,0.22394683281286865,0.8460649662786541,0.8896086784407308,0.9395721953187737,0.827060148923404,0.8618341038851308,0.43663554892093503,0.889279089938895,0.6598557682369026,0.9747092296087321,0.8039765114147404,0.721083442083128,0.27831043497862007,0.7763145111532375,0.8039765114147406,0.8942600569458918,0.3735083715077119,0.8608518199425021,0.4927962666747522,0.6424339016160048,0.5556863218233452,0.9324338075357002,0.9284351619806999,0.9874583385590245,0.9677038256008509,0.7763145111532377,0.8737670973648668,0.3157884407137176,0.8716344770358809,0.8641655417688414,0.7752212150536191,0.8069327138056241,0.44554379648608755,0.7794090375579639,0.7778671350678857,0.8961983040713952,0.942643092638584,0.9046536713705712,0.713917048869017,0.9061368756587873,0.6598962481681293,0.9415226321017729,0.8799149127058868,0.8726858448638999,0.7128085527343375,0.8047947912836027,0.7897778653703145,0.7832373813705648,0.7803999549518672,0.9558759674139432,0.827060148923404,0.9864902868360456,0.9201656104549851,0.7897778653703145,0.9260497782794488,0.8012314698665088,0.8440565830183067,0.7713820132770812,0.7926464909374074,0.9796629666381876,0.8144187923946177,0.4480262187477885,0.48061737454558884,0.8092677010394562,0.7281301321613112,0.5862377054077044,0.9243545721229425,0.7089142076154662,0.5780405216524365,0.7209673181567122,0.6631061428721117,0.8440565830183067,0.2850226526710887,0.8540839904867896,0.25899294227219294,0.7698170080916693,0.7829632068236254,0.8881516616927232,0.8405271701467887,0.351872099735983,0.16144801765594452,0.44829221741575775,0.7897778653703145,0.4373926940190497,0.9275764262124623,0.9766544273006006,0.8845536449186113,0.9169343421262846,0.4458982765797568,0.7897778653703145,0.7897778653703145,0.882012172485674,0.7773359490614892,0.6594843492269074,0.7897778653703147,0.8707511192158015,0.8431012558506538,0.9550121825510622,0.5745623964412234,0.3764399442365557,0.8462580005670897,0.9637146083971879,0.8403844230888078,0.508070157972341,0.4149749423262651,0.7897778653703145,0.5375608473504463,0.9514945811945503,0.28891208950632064,0.42290658082253685,0.7043524155950276,0.8656230565327123,0.8039765114147404,0.2856383561283936,0.7897778653703145,0.4657143860030166,0.7382149422874935,0.7341095510283279,0.8887372035756611,0.795543953239476,0.5157371892396196,0.7634578551008007,0.7897778653703145,0.7129731694158914,0.6459150894510794,0.7897778653703145,0.9764325778792365,0.6932430362934154,0.7588237871485619,0.44554379648608755,0.2669188229495141,0.7897778653703145,0.9075698773597782,0.5016532278573815,0.8514910516687033,0.8875384600991747,0.7049867497425806,0.5928797194298823,0.5812228628857475,0.7453196443701966,0.8340710265917912,0.6777683716315153,0.4749899591175455,0.7333859584439868,0.45841982040321005,0.9182224358527038,0.4927811265081665,0.8938391361804245,0.8114042753167636,0.9558759674139432,0.7897778653703145,0.8608518199425021,0.8074393903675865,0.541630048770704,0.8355187037786174,0.720946261369316,0.8297343501202494,0.6538846437851669,0.942375769953467,0.8030244306367436,0.8483745442604143,0.7897778653703156,0.7820737488859135,0.6157805382783681,0.9206762486412998,0.8012314698665086,0.477487795685963,0.810777072797328,0.8452070513960566,0.9396829012479775,0.7126536151854728,0.8880244194437263,0.9169343421262847,0.6593168523691935,0.6582725876518857,0.7850532520116054,0.7662746835405352,0.8165644249113491,0.6638867183188188,0.9845436024770435,0.9110842255169307,0.9904136841951487,0.9619733950724784,0.8627420290162628,0.7329596540925547,0.9570982237636058,0.6634578202566356,0.5940311175325843,0.5117652619287836,0.7756741280487005,0.8739736319080158,0.7698004575560342,0.8871943894000853,0.9661996292182583,0.7320136740951811,0.8479953711128712,0.4556530428752872,0.8355187037786179,0.45223817649296916,0.7095001020458168,0.9250668432466846,0.7415405701395721,0.8039765114147404,0.9392088284752708,0.6252412388849362,0.8845536449186113,0.8143204369491128,0.8012314698665085,0.8242610370037693,0.7802693619189107,0.9487022485658543,0.8585820023484632,0.8218953199998424,0.7698170080916693,0.9079630254667723,0.8270601489234037,0.6895993906613844,0.4907953698392531,0.783703049002489,0.8378441682761695,0.9201656104549849,0.6085835068840264,0.9885149882555532,0.7958561640457553,0.5676793850724666,0.7897778653703145,0.8514910516687031,0.7897778653703145,0.7897778653703145,0.18742631261057674,0.7333859584439868,0.9110842255169305,0.7897778653703145,0.5725609700839165,0.40697277842460566,0.8699084854586625,0.8801417638099942,0.5375608473504463,0.4781849962843472,0.8200136478755629,0.8802684434944803,0.2898063935983909,0.9159814589221673,0.9220318190500725,0.8190873193696526,0.6457715329090743,0.7436031395710898,0.6084360610531774,0.9119859744083145,0.9569155378933603,0.9365740280542727,0.7391556675141159,0.8514910516687033,0.8409150301726516,0.8039765114147406,0.965184585750257,0.9690555914915181,0.8990488478679086,0.8250734885790938,0.4625846484818431,0.7243033535028858,0.5531109034631976,0.7164888607453718,0.9958767769610515,0.7747002761065522,0.8642044212662674,0.8258956469281085,0.8991725529125192,0.3599755243941086,0.6453489331127693,0.8737670973648666,0.7830987714449009,0.8218953199998429,0.6773548115045884,0.7427027987494845,0.8652846490024411,0.37371268081899056,0.7358423002285175,0.8440565830183067,0.4169408411783685,0.39939996080239915,0.8367708389681158,0.4432655023622729,0.9118444176211855,0.9197088545467405,0.7496403952908054,0.7897778653703145,0.8114042753167636,0.7326026507287552,0.758381053055493,0.7919183165498362,0.7308556097169252,0.8230366965941741,0.7973304849151286,0.5031148575314783,0.8021516060453171,0.2543031679167641,0.8707511192158015,0.38888213840819397,0.8355187037786174,0.4338851286226135,0.8030244306367436,0.9159814589221675,0.8765354458059521,0.8699084854586625,0.975309889263084,0.8314780085574865,0.6926889910078579,0.37601828123514447,0.5547629896970476,0.7400835204265079,0.6385665863149168,0.5884269715961097,0.6432408580978247,0.9061368756587873,0.8637424826885646,0.7664239224831365,0.5761688577937494,0.7369023504255028,0.8028618475553981,0.8104036875498977,0.43603608868894206,0.5090870231186893,0.9557822778688272,0.6718674441561132,0.8649838216377038,0.9409146235792893,0.7099218761947244,0.8547907930921173,0.9560887959376718,0.7906842014554436,0.93381172903256,0.8214108560738737,0.7754268322694218,0.8328700630085669,0.8114042753167636,0.8812984813018137,0.7897778653703145,0.8989149910492671,0.6494253030802168,0.53577626162939,0.726763881714741,0.7897778653703147,0.5337873253558785,0.5107814677487412,0.6213319531362889,0.9747092296087323,0.6019113462164656,0.5677145589768622,0.4787912446974001,0.9156405236311662,0.7625248287727637,0.8942161518286569,0.5394923087568442,0.6403272349632467,0.8190873193696528,0.6139524740475122,0.9991076460160248,0.8942600569458921,0.9066807239840107,0.8812984813018134,0.6969537949824359,0.7763145111532377,0.8812984813018134,0.7572258022380447,0.8743055674000497,0.7897778653703156,0.6686065954829534,0.5660503167935405,0.8012314698665091,0.7866211206538798,0.9928755896689774,0.3709805920108997,0.2180492051853109,0.7829632068236254,0.8737670973648668,0.7958561640457558,0.7829632068236254,0.7829632068236254,0.9749153044227883,0.7897778653703145,0.9781302557243623,0.8910742777540256,0.7897778653703145,0.8402284569668987,0.7020440235724563,0.9026064829238051,0.8340710265917912,0.8568753576398451,0.7664239224831364,0.8104036875498977,0.41168703049498667,0.40541791911850766,0.7164888607453721,0.4108034248350987,0.7897778653703145,0.8566712108996191,0.8039765114147404,0.7501741687694417,0.2856085837049006,0.8634832667694652,0.8270601489234033,0.8258956469281087,0.9571681444805586,0.9830025604399447,0.8092677010394564,0.7897778653703149,0.7412056506199438,0.7130616985727145,0.9119859744083145,0.7325675382465344,0.8483745442604143,0.9622268329997989,0.9891267388796452,0.8039765114147406,0.7018574100547907,0.339004296195349,0.7897778653703145,0.8744980681654764,0.5568331854675752,0.8707511192158015,0.5583650989972795,0.7698170080916693,0.7754268322694216,0.30231345188393666,0.8297343501202494,0.4555530559072909,0.23010622932712865,0.7897778653703145,0.7897778653703145,0.955248886625295,0.768183823402445,0.6971762144996898,0.46593616526315096,0.44589827657975656,0.6555690443603917,0.44007767079202775,0.2793836449994428,0.9681769878047182,0.4430302412276351,0.7897778653703145,0.9200681669998787,0.8114042753167636,0.8440565830183069,0.5031148575314783,0.827060148923404,0.398742283860233,0.7897778653703145,0.7897778653703145,0.3365520098224055,0.8744980681654766,0.32659445352374583,0.7451044303789709,0.6090357377871991,0.6161540830549841,0.9704176657899954,0.7463313356254764,0.3775613643645991,0.6975782248567128,0.7897778653703147,0.9066807239840107,0.2685910755510015,0.8258956469281091,0.9701898249620035,0.9573725365834511,0.734052554744046,0.6300040523143806,0.9221276306923967,0.7955439532394759,0.5516788203833936,0.7897778653703145,0.2382536004961222,0.8281926662579331,0.7166874975212438,0.8271021160429064,0.49806250556036225,0.7209673181567131,0.6154267625727827,0.6604154248881011,0.8244716253407945,0.8619502039165151,0.5626593094308248,0.8135564966429447,0.8707511192158015,0.9268055351029183,0.9123437623886532,0.24583062614149742,0.93612991941297,0.7829632068236254,0.6247599120154494,0.7670318706121608,0.8699084854586623,0.7811228524139265,0.8580082307136387,0.7412056506199436,0.820766332430132,0.8952501289971455,0.8303341992231736,0.9574320776401499,0.5536475264117982,0.8713413234490406,0.8707511192158013,0.9594844139761041,0.8023156042493031,0.5712997237191388,0.8397196570114844,0.7505486208297508,0.8725208594320992,0.7628329772092154,0.9714958007098065,0.6231961034268187,0.9784886093530747,0.6335322569747999,0.6882378397077145,0.7897778653703145,0.7850532520116051,0.9560615262442016,0.5343018563357562,0.8353653627728157,0.7911447687015538,0.7320136740951806,0.7909105022204659,0.7897778653703145,0.32773040320444835,0.42918967219956405,0.8852556010656267,0.2479365775112946,0.3385272367004508,0.28280555397014706,0.842585686340815,0.4405900449104785,0.9829000317517533,0.799133973465104,0.40138409297594246,0.8021516060453169,0.5446473220759211,0.8440565830183067,0.9167610187142006,0.8462580005670894,0.8214108560738738,0.8180670416112066,0.29732749130893477,0.8469789473136089,0.44980379439185847,0.7583810530554921,0.7829632068236254,0.37766880690918136,0.6426913302504373,0.5859940013661049,0.3858270510065147,0.35770348390111983,0.7897778653703145,0.34592388972249943,0.6529066317530736,0.6792535237436834,0.7897778653703145,0.43093038644390025,0.8651402576483784,0.827060148923404,0.916761018714201,0.8104036875498977,0.4813410725331879,0.8046969049469621,0.815197814722076,0.9991076460160246,0.8935756649546907,0.8021516060453175,0.4230719720270737,0.7897778653703145,0.8216894971927738,0.7897778653703145,0.8946434909616012,0.7537553859365129,0.4498258609985978,0.8440565830183069,0.8542364685274102,0.6946017995611637,0.5985128984233796,0.9550121825510625,0.7897778653703145,0.7711127925141577,0.4471953101142383,0.592346574320652,0.9667122526388143,0.6676611735692479,0.8737670973648668,0.6895993906613842,0.8966288262478026,0.8585820023484629,0.5060455102980113,0.4550423023427057,0.8585820023484629,0.6989505708013533,0.8114042753167636,0.5406946982273744,0.8585820023484629,0.8440565830183069,0.7611646999216721,0.7664239224831366,0.7355858049749933,0.810403687549897,0.8766778883399441,0.9302827451643556,0.6560758230419178,0.6860472928319219,0.6935669782115952,0.6276971255853756,0.882012172485674,0.777989101556023,0.9594844139761041,0.7940971642016649,0.6792535237436834,0.8074393903675863,0.5873976845965607,0.9192044665631605,0.6205421984936224,0.860912868168795,0.9714958007098069,0.8039765114147406,0.680545990446563,0.9384401238660411,0.8840573482979428,0.741735545071041,0.7233586002858265,0.8737670973648666,0.8190873193696528,0.8755950756436408,0.6697719144675781,0.8755273338749361,0.7772804831173217,0.8513350879318791,0.9462856053886735,0.9026933628314504,0.7370213229849334,0.8180179329687018,0.5798586134178583,0.7700302601929598,0.8197343981621148,0.5594339613574496,0.7578941382583344,0.9811059808649043,0.9300843038603108,0.8878264279916916,0.6958663923837364,0.8395956525970316,0.7768344233529243,0.8765085881959682,0.8776290471677994,0.8408082308412966,0.751110928272424,0.9121678621410807,0.8652846490024411,0.8749327590415469,0.7373414848294866,0.8348893064606533,0.8550156776844489,0.6257345145756408,0.6553752275789893,0.8942600569458921,0.7908569331173951,0.5684238582927358,0.7660962917213949,0.9632839475377788,0.8564442696037555,0.5561322689750416,0.9302827451643556,0.7970447030423027,0.9845436024770435,0.47807142002498115,0.7501741687694419,0.8514910516687029,0.521667422785242,0.8990488478679084,0.8841357084407877,0.8353653627728157,0.6797408747821476,0.8608518199425026,0.8947843348616848,0.8190873193696528
p68_V,0.8061163702373836,0.9540615556502023,0.9152641503417578,0.9393074128728374,0.9602211523225768,0.9704919301607371,0.9017356045997866,0.8757769776139175,0.9246724996449085,0.10311526479750699,0.9529044812989522,0.9589316626844853,0.9589316626844853,0.9393074128728371,0.9299882837258,0.6528869819275366,0.9564441004788364,0.9463456194504825,0.967275815149292,0.9688473520249223,0.9119161041777393,0.9517679141853164,0.9495505106234361,0.27474411683835787,0.9506503681784946,0.9463456194504822,0.9564441004788364,0.9345618542101832,0.9688473520249221,0.8229648286294511,0.9412650880954541,0.9643133649175286,0.9552408029353749,0.9364368411420323,0.9602211523225768,0.9342541377090322,0.9615452872130625,0.9552408029353747,0.052790958159660284,0.992267340798816,0.9212094218042226,0.9473991727811977,0.9704919301607371,0.9842981000157078,0.9564441004788367,0.880532101349504,0.9629078616894173,0.9220700353609517,0.945305581259918,0.915264150341758,0.21791366653875988,0.8822041938925775,0.9463456194504822,0.9540615556502023,0.9552408029353747,0.9442782351269043,0.5024046396832551,0.960221152322577,0.7951128469173039,0.957673577027655,0.9264265757108796,0.9045448781262261,0.9463456194504827,0.6520321555681023,0.9657671730030435,0.862510706561856,0.9643133649175286,0.7238495225624404,0.8197259030030246,0.9672758151492922,0.9383422423783936,0.945305581259918,0.9602211523225768,0.8070018837678951,0.960221152322577,0.9110833848585063,0.9517679141853161,0.9529044812989522,0.8616255760827236,0.9704919301607371,0.40937938138094565,0.9859275654047338,0.9422586572762628,0.9463456194504825,0.960221152322577,0.9354957453078971,0.9517679141853161,0.8826723723783978,0.6707076395759348,0.9589316626844855,0.960221152322577,0.915264150341758,0.8011999848286613,0.8863615183906013,0.9980151413438714,0.9698382173897018,0.9135864513673662,0.911916104177739,0.8153256438808836,0.8580546626695638,0.9442782351269043,0.9629078616894176,0.9602211523225768,0.8888428923892238,0.9395982191649279,0.9672758151492922,0.9273099638694315,0.8037353107676908,0.9506503681784948,0.8041277175025954,0.9445948948871477,0.4722383669046841,0.8846162930362216,0.929090574034799,0.9629078616894173,0.8303000077421614,0.9540615556502023,0.14649376057562757,0.9704919301607371,0.8888428923892238,0.9317998283510542,0.6965730689929299,0.9506503681784948,0.5285188435298718,0.9902272378284808,0.8084632097395308,0.9615452872130623,0.9308487984769921,0.9611058687776596,0.9336347991328915,0.9003549758958833,0.9629078616894176,0.9643133649175286,0.9704919301607371,0.9564441004788364,0.7428504253927602,0.6710740137143515,0.9643133649175286,0.9643133649175286,0.957673577027655,0.8470108069580577,0.9688473520249223,0.862510706561856,0.8995337970065294,0.6463298122288006,0.9299882837258002,0.9161060738860443,0.7856666729249001,0.945305581259918,0.8707511192158015,0.9688473520249221,0.9264265757108794,0.7627456110866244,0.906939828196573,0.9643133649175286,0.945305581259918,0.9177967406513874,0.9327142329596738,0.7608272336763192,0.9102521474185266,0.793842020298581,0.9629078616894173,0.948467140918744,0.8344672026399325,0.9662454225678805,0.934561854210183,0.7133628952414194,0.9212094218042226,0.9422586572762626,0.7806799850349808,0.9393074128728371,0.9589316626844855,0.9442782351269043,0.9138808918740069,0.8855324042412525,0.9044659624194149,0.9672758151492922,0.7333181087465824,0.9373855340691761,0.9110833848585063,0.6012112501096871,0.9571805908603364,0.9442782351269043,0.9589316626844853,0.9289368665380613,0.9241944187271152,0.8888428923892238,0.6438967509404707,0.9540615556502023,0.940281523787128,0.3418241227800314,0.9246724996449085,0.860737476487488,0.8461628292403134,0.6262770345803654,0.960221152322577,0.2747441168383574,0.9576735770276548,0.6480163263802972,0.8712137408638367,0.9152641503417578,0.9589316626844853,0.960221152322577,0.8970707874646666,0.8353653627728159,0.0,0.960221152322577,0.7982162294178599,0.9336347991328915,0.9550108469657219,0.9270340353108136,0.9255474930154988,0.9589316626844853,0.960221152322577,0.7238495225624404,0.960221152322577,0.852599270700573,0.8737781800841435,0.908281785884767,0.960221152322577,0.8913167644457045,0.960221152322577,0.9017356045997866,0.9273099638694318,0.934561854210183,0.9028202028772292,0.9629078616894173,0.8614494698822022,0.957673577027655,0.9495505106234361,0.42352172215406136,0.9761261745674079,0.8373542339687656,0.9364368411420323,0.9643133649175286,0.9686270243184087,0.6809249625855597,0.9238013891436974,0.919497451312518,0.9336347991328915,0.9336347991328915,0.3606452433446067,0.9102521474185266,0.9576735770276548,0.960221152322577,0.9238013891436974,0.960221152322577,0.8865499284062763,0.9872125588573133,0.9643133649175286,0.9432628256129656,0.8614494698822024,0.27474411683835753,0.9327142329596734,0.9506503681784946,0.9161060738860443,0.952904481298952,0.8913167644457047,0.24782442383039827,0.8995337970065294,0.8995337970065294,0.7823606028903334,0.9589316626844855,0.9398072791970181,0.9026728454973323,0.052790958159660284,0.8694930837030936,0.79821622941786,0.9473991727811975,0.8987127601538671,0.9435860820088227,0.9643133649175286,0.7755222570269713,0.8392345523720044,0.8614494698822023,0.9672758151492922,0.9026728454973325,0.9327142329596738,0.948467140918744,0.9229339640663332,0.9672758151492922,0.922309554537388,0.8219504316646625,0.9657671730030435,0.9674296364846788,0.9393074128728371,0.9629078616894176,0.9364368411420323,0.8295688743724917,0.957673577027655,0.9629078616894176,0.9493957255905623,0.8777627336524755,0.9672758151492922,0.8380544030567044,0.8863615183906011,0.9102521474185268,0.9157488137956811,0.967275815149292,0.9602211523225768,0.945305581259918,0.9576735770276548,0.9448229719109481,0.8344672026399325,0.6559488674953633,0.9629078616894173,0.945305581259918,0.9345618542101832,0.8913437890181941,0.6116938173775173,0.6995182600133587,0.9110812357914193,0.8727724895979352,0.7951738539477904,0.9828112333420399,0.9688473520249221,0.9246724996449085,0.9688473520249223,0.9364368411420321,0.5841653633473128,0.929090574034799,0.9629078616894173,0.960221152322577,0.9643133649175284,0.6396684921237514,0.9463456194504827,0.9672758151492922,0.9398072791970181,0.9589316626844853,0.960221152322577,0.9506503681784946,0.967275815149292,0.9209839463193068,0.9299882837258,0.8616255760827236,0.948467140918744,0.9643133649175286,0.7982162294178599,0.8660229158723238,0.9506503681784948,0.9552408029353752,0.8754775406461837,0.16012801111037822,0.9364368411420323,0.8525992707005727,0.9540615556502023,0.9814857905852672,0.9704919301607371,0.8303000077421612,0.9364368411420321,0.8561165010554985,0.9564441004788367,0.9611058687776594,0.9383422423783938,0.9102521474185266,0.8295688743724917,0.8855843507261227,0.8580546626695638,0.960221152322577,0.9241944187271152,0.5717909861593466,0.9373855340691761,0.9354957453078971,0.9688473520249221,0.7806799850349809,0.960221152322577,0.960221152322577,0.4928507172686881,0.6353262776927049,0.8896682568954879,0.960221152322577,0.9280373831775701,0.9602211523225768,0.996705259555954,0.919497451312518,0.8107770727973278,0.9602211523225768,0.940281523787128,0.9517679141853161,0.8686292480608162,0.8498227077519458,0.960221152322577,0.9069398281965728,0.9345618542101832,0.8218918489040509,0.8197259030030244,0.940281523787128,0.8978917837274156,0.9629078616894173,0.8404071783150316,0.960221152322577,0.8767715147934856,0.9463456194504827,0.8896682568954877,0.9036092388764394,0.9615452872130625,0.8677629859955871,0.9552408029353749,0.960221152322577,0.9186457666042604,0.8826723723783978,0.960221152322577,0.9984192168061299,0.841572437337619,0.8763243374738707,0.855342581976174,0.8344672026399323,0.960221152322577,0.8625009993910636,0.8871895921957202,0.939807279197018,0.8838707840618654,0.8553425819761741,0.9273099638694315,0.9281978840490726,0.9186457666042602,0.9629078616894173,0.9203519494821841,0.9110833848585063,0.9495505106234361,0.768356201879887,0.9425822257685996,0.8987127601538671,0.9495505106234363,0.9643133649175286,0.9463456194504827,0.960221152322577,0.9342541377090323,0.9229339640663332,0.8232442102979091,0.9529044812989522,0.9432628256129656,0.957673577027655,0.8777627336524756,0.9615452872130625,0.957673577027655,0.952904481298952,0.9602211523225768,0.9540615556502023,0.9052897938321482,0.9246724996449085,0.967275815149292,0.741055283665051,0.9688473520249221,0.9540615556502021,0.9495505106234363,0.8356708927056608,0.9517679141853161,0.9688473520249221,0.8368665707797875,0.934561854210183,0.9605021604012389,0.9473991727811977,0.9517679141853164,0.9238013891436974,0.9629078616894173,0.9364368411420323,0.6046145530539162,0.903642795967075,0.948467140918744,0.9212094218042226,0.976238170109926,0.9412650880954541,0.8746288432976694,0.860393071985272,0.9255474930154988,0.9676769377237682,0.8219504316646626,0.9144243194673916,0.5441119669791129,0.948467140918744,0.9495505106234361,0.8571539835218496,0.976238170109926,0.922309554537388,0.948467140918744,0.9336347991328913,0.8737775624853946,0.9629078616894176,0.8788539781850342,0.8607374764874876,0.9354957453078969,0.9212094218042226,0.967275815149292,0.8884740070227128,0.677593759122914,0.9657671730030435,0.9887119198512566,0.9564441004788364,0.9564441004788369,0.9643133649175286,0.14649376057562757,0.9412650880954538,0.8998582096049103,0.9317998283510545,0.9589316626844855,0.9589316626844853,0.8616255760827236,0.6215574993952278,0.9564441004788367,0.94058850464954,0.960221152322577,0.9657671730030437,0.960221152322577,0.960221152322577,0.8580546626695638,0.4492933739654307,0.9364368411420321,0.960221152322577,0.8270670500682897,0.7920701087559869,0.9872125588573134,0.9611015442070802,0.9497216571784262,0.8479521653438946,0.5864372529524393,0.5911651455979134,0.8746288432976694,0.3780709567870302,0.6496419940693376,0.9657671730030437,0.9354957453078971,0.8208122474227109,0.8871895921957202,0.9412650880954541,0.9552408029353749,0.34182412278003227,0.8153105908663698,0.9657671730030435,0.9186457666042602,0.9629078616894173,0.9220700353609517,0.4235217221540598,0.9881161094061224,0.9495505106234361,0.881368868516049,0.940281523787128,0.9264265757108796,0.9495505106234361,0.9373855340691764,0.9629078616894176,0.9517679141853164,0.9615452872130625,0.9327142329596736,0.8880166939342051,0.8746288432976694,0.9643133649175286,0.8880166939342051,0.3606452433446088,0.8271928774348511,0.9135864513673666,0.9589316626844853,0.8571935243607931,0.9422586572762626,0.9704919301607369,0.8479521653438947,0.9176189154668899,0.6396684921237513,0.8460652828957045,0.9517679141853161,0.5714316619801896,0.9077662249784124,0.960221152322577,0.9643133649175286,0.9345618542101832,0.9602211523225768,0.8913167644457047,0.9517679141853159,0.957673577027655,0.9422586572762626,0.8677629859955871,0.9495505106234361,0.796373538838542,0.9688473520249223,0.8383410681534738,0.9762381701099259,0.8954284206508369,0.957673577027655,0.9552408029353749,0.7763027181373826,0.9336347991328913,0.948467140918744,0.8635477725273677,0.9061143838323409,0.8875131169682253,0.7487632090815707,0.9364368411420321,0.8011999848286613,0.8913167644457045,0.9412650880954538,0.9688473520249223,0.9506503681784946,0.9615452872130625,0.8737781800841435,0.9723047356695362,0.916106073886044,0.9589316626844855,0.8757769776139174,0.8754775406461837,0.9704919301607371,0.7134376329597014,0.9629078616894176,0.9354957453078971,0.9345618542101832,0.9473991727811977,0.6438967509404703,0.9412650880954538,0.9812882646010125,0.967429636484679,0.952904481298952,0.9611058687776595,0.944822971910948,0.9704919301607371,0.960221152322577,0.5098945909109301,0.8946068956234314,0.8488894389623107,0.9373855340691761,0.960221152322577,0.9085936746436278,0.8989178714642765,0.9264265757108794,0.9393074128728374,0.9246724996449083,0.915264150341758,0.9069398281965728,0.8141886315781514,0.9432628256129658,0.9264265757108794,0.8830381436111516,0.9144243194673916,0.9657671730030437,0.9238013891436974,0.502404639683255,0.9629078616894173,0.9336347991328913,0.9704919301607371,0.9432628256129656,0.9576735770276548,0.9704919301607371,0.9540615556502023,0.9442782351269043,0.9602211523225768,0.9138808918740069,0.9094222802137257,0.967275815149292,0.960221152322577,0.4235217221540608,0.8539459738780026,0.8451155112420423,0.9611058687776594,0.9643133649175286,0.9676769377237681,0.9611058687776594,0.9589316626844855,0.991803697936736,0.960221152322577,0.3606452433446069,0.57143166198019,0.960221152322577,0.948467140918744,0.9144243194673916,0.9672758151492922,0.9629078616894173,0.9657671730030437,0.9615452872130625,0.9589316626844855,0.8404071783150315,0.8888428923892238,0.9495505106234363,0.7872929989765257,0.960221152322577,0.9273099638694315,0.9629078616894173,0.948467140918744,0.8737775624853945,0.9281978840490723,0.9672758151492922,0.9615452872130625,0.4367973268370705,0.9336347991328915,0.9506503681784948,0.960221152322577,0.5841653633473131,0.9383422423783936,0.9412650880954538,0.9110812357914191,0.952904481298952,0.967275815149292,0.945305581259918,0.9629078616894173,0.9273099638694315,0.9138808918740069,0.960221152322577,0.9602211523225768,0.9077662249784124,0.10311526479750777,0.9101481973477736,0.9564441004788367,0.952904481298952,0.862510706561856,0.957673577027655,0.8363623635331235,0.8153105908663699,0.960221152322577,0.960221152322577,0.9327142329596738,0.9045448781262261,0.9238013891436971,0.8308063456911841,0.7806799850349809,0.855342581976174,0.8746288432976694,0.8013187333394386,0.9473991727811975,0.7873288227034386,0.960221152322577,0.9220700353609517,0.9643133649175286,0.052790958159660284,0.8677629859955871,0.9672758151492922,0.8677629859955869,0.960221152322577,0.960221152322577,0.859331692145932,0.957486356544754,0.8528522236896172,0.9517679141853164,0.9270340353108137,0.9212094218042226,0.9432628256129658,0.9212094218042226,0.796702537333468,0.9213692074375959,0.960221152322577,0.9336347991328913,0.8180076324411969,0.9535979799037622,0.9672758151492922,0.9550108469657217,0.7925608625062859,0.6065341545389953,0.9354957453078969,0.9615452872130625,0.9289368665380613,0.960221152322577,0.9007974233889857,0.5717909861593466,0.6520321555681022,0.9003549758958829,0.8946068956234317,0.9540615556502023,0.9255474930154988,0.8855324042412525,0.9657671730030435,0.8970707874646668,0.7508435140078354,0.9564441004788364,0.9688473520249221,0.996705259555954,0.990227237828481,0.8535173013518575,0.21791366653875943,0.9589316626844855,0.9028202028772292,0.9942420842964468,0.9336347991328913,0.9383422423783936,0.9704919301607371,0.9872125588573131,0.9704919301607371,0.9704919301607371,0.9238013891436971,0.9373855340691761,0.9186457666042602,0.9602211523225768,0.9688473520249221,0.9517679141853164,0.9517679141853161,0.8686292480608162,0.9552408029353752,0.9589316626844853,0.9942420842964468,0.9169502243571082,0.27474411683835753,0.8635477725273677,0.9354957453078974,0.8616255760827236,0.8441614090406866,0.960221152322577,0.915264150341758,0.9574863565447539,0.8353653627728159,0.10311526479750699,0.9473991727811977,0.9484671409187437,0.8871895921957202,0.960221152322577,0.8470108069580577,0.8479521653438946,0.4610852159925566,0.830806345691184,0.8070018837678951,0.8232442102979092,0.9643133649175286,0.860737476487488,0.9166835378272546,0.8479521653438946,0.8807174319218231,0.9495505106234361,0.8771692991060438,0.9704919301607369,0.9836543654419933,0.9602211523225768,0.9203519494821839,0.945305581259918,0.8737781800841438,0.6396684921237528,0.8875131169682251,0.960221152322577,0.9611058687776594,0.8763243374738705,0.8913167644457047,0.965073786007691,0.8571935243607931,0.8393229587602622,0.960221152322577,0.8472934977968186,0.932771007121397,0.9393074128728371,0.960221152322577,0.7889020793904014,0.9552408029353747,0.9672758151492922,0.9495505106234361,0.9589316626844855,0.8796938264815501,0.9463456194504828,0.919497451312518,0.9942420842964468,0.9281978840490723,0.9495505106234361,0.8535173013518575,0.960221152322577,0.9432628256129658,0.960221152322577,0.14649376057562757,0.9064142711340988,0.9094222802137255,0.052790958159660284,0.9422586572762628,0.8807174319218227,0.925547493015499,0.9393074128728374,0.960221152322577,0.7997152688655997,0.7777250516860362,0.8830381436111516,0.9412650880954538,0.9336347991328917,0.9643133649175286,0.9412650880954543,0.5364792390418555,0.9887119198512568,0.9161060738860443,0.8393229587602624,0.9887119198512568,0.9393074128728374,0.9643133649175288,0.9102521474185268,0.9887119198512568,0.052790958159660284,0.9463456194504827,0.9615452872130625,0.9102521474185266,0.9589316626844853,0.5364792390418555,0.948467140918744,0.915264150341758,0.9336347991328915,0.9495505106234361,0.9327142329596738,0.49285071726868823,0.9589316626844853,0.4235217221540608,0.8884740070227131,0.9393074128728374,0.9229339640663332,0.7982162294178599,0.9308912761119588,0.9281978840490723,0.945305581259918,0.27474411683835753,0.9629078616894173,0.9229339640663332,0.9169502243571086,0.9432628256129656,0.9432628256129658,0.9220700353609517,0.9643133649175284,0.9657671730030437,0.6847651610825083,0.942258657276263,0.8954284206508372,0.9354957453078971,0.9412650880954541,0.7298071334144478,0.9506503681784946,0.9402815237871285,0.9602211523225768,0.8720706944005916,0.9044659624194149,0.9317998283510545,0.9220700353609517,0.7355368666803934,0.9657671730030435,0.9364368411420323,0.6794328770235871,0.9463456194504822,0.9564441004788364,0.9422586572762628,0.9212094218042226,0.6899191265633621,0.811922012681876,0.9529044812989522,0.9157488137956811,0.9589316626844853,0.7024071207326097,0.8970334570250009,0.9629078616894173,0.9615452872130623,0.693569456176554,0.9432628256129654,0.9629078616894173,0.9203519494821839,0.7487632090815708,0.8998582096049104,0.9576735770276548,0.957673577027655,0.7997152688655997,0.948467140918744,0.9238013891436974,0.9629078616894173,0.7569142563213483,0.948467140918744,0.9657671730030437,0.9161060738860443,0.9473991727811977,0.9615452872130625,0.10311526479750699,0.9102521474185268,0.14649376057562757,0.8941961293283132,0.9657671730030437
p69_S,0.7524297972473161,0.9413411539914585,0.8918007079504506,0.9225015741707872,0.9492063492063487,0.9623211158059548,0.7050163519970581,0.7509151724713103,0.9038142386822647,0.960221152322577,0.9398636845831869,0.9475597985845114,0.9475597985845114,0.9225015741707872,0.9106019687464653,0.5567710364845595,0.944383427890573,0.9314886672615048,0.9582144552981327,0.960221152322577,0.8875255844205965,0.938412400887346,0.935580996038617,0.9508971383859763,0.9369854052620163,0.9314886672615046,0.944383427890573,0.916441965519317,0.960221152322577,0.7739436107925906,0.9250013316406693,0.9544316996038,0.9428469360414609,0.9188361382271659,0.9492063492063489,0.9582144552981327,0.9508971383859763,0.9428469360414602,0.9623211158059548,0.930160641445072,0.8993922310882436,0.932833950574053,0.9623211158059548,0.912915131908919,0.9443834278905732,0.8474513194974065,0.9526370111116405,0.9004911494084333,0.930160641445072,0.8918007079504506,0.9544316996038,0.8495864161552136,0.9314886672615046,0.13408370177867746,0.9428469360414604,0.9288488221297497,0.9288488221297497,0.0,0.7383793872014479,0.9459533477380775,0.9060540201833016,0.831146423199498,0.931488667261505,0.8993922310882436,0.9562880686171875,0.8244397822834253,0.9544316996038,0.6473831763250288,0.7698078233874499,0.9582144552981327,0.92126914699118,0.9301606414450723,0.9492063492063487,0.8266892096935958,0.0,0.8864622842804517,0.938412400887346,0.9398636845831867,0.8233095582802461,0.9623211158059548,0.9398636845831869,0.9341976401680094,0.31108550994831163,0.9314886672615048,0.0,0.9176344520056336,0.938412400887346,0.8046479448175341,0.8939536575643376,0.03139863267861631,0.0,0.8918007079504506,0.831146423199498,0.8548949080074899,0.31108550994831163,0.48955645159511163,0.8896584524348263,0.8875255844205965,0.8198957816506434,0.8187498553347687,0.9288488221297497,0.9526370111116405,0.9492063492063489,0.8580633769736241,0.6072669396673074,0.9582144552981327,0.907182019415572,0.7973204052495684,0.9369854052620166,0.8289245259008584,0.8759110188590657,0.9328339505740528,0.8070467719220202,0.9094556823349389,0.9526370111116405,0.7833099084134079,0.9413411539914585,0.9582144552981327,0.9623211158059548,0.8580633769736241,0.9129151319089193,0.885400876353422,0.9369854052620166,0.9250013316406696,0.931488667261505,0.7554264789789613,0.9508971383859763,0.6339927913026551,0.9475597985845114,0.9152582079543838,0.8727631680356085,0.9526370111116405,0.9544316996038,0.9623211158059548,0.944383427890573,0.8453085223330421,0.879064442044788,0.9544316996038003,0.9544316996038,0.06018876900101988,0.8046479448175343,0.960221152322577,0.8244397822834253,0.8717146038820363,0.8875255844205967,0.9106019687464659,0.892875760974867,0.8420784215528956,0.9301606414450723,0.7583810530554915,0.9602211523225768,0.9060540201833014,0.8559522762859688,0.8811713725919912,0.9544316996038,0.9301606414450725,0.8950345750758599,0.9140827360776209,0.8938851835250172,0.5567710364845593,0.7367566674079002,0.9526370111116407,0.9341976401680094,0.7431708752992887,0.8972062142375332,0.9164419655193166,0.8612222667022558,0.8993922310882436,0.9262700211315917,0.8453085223330423,0.9225015741707872,0.9475597985845114,0.9288488221297495,0.6783615558233287,0.8538362113124116,0.8780124908814328,0.9582144552981327,0.6072669396673073,0.9200475251844384,0.5526275082095409,0.9117550006367756,0.8885909234541711,0.9288488221297497,0.9475597985845114,0.6394614409405057,0.8538362113124116,0.8580633769736241,0.9015943008452869,0.13408370177867734,0.9237454173815312,0.9459533477380775,0.903814238682265,0.8221755430097122,0.7897778653703145,0.9060540201833014,0.0,0.9508971383859763,0.9459533477380777,0.4895564515951115,0.8355526955775656,0.8918007079504506,0.9475597985845114,0.0,0.8685695845092951,0.7897778653703145,0.960221152322577,0.0,0.6951973979147161,0.9152582079543841,0.8864622842804517,0.6447787703816181,0.9049315186013059,0.9475597985845114,0.0,0.6473831763250286,0.0,0.8117838598171898,0.8388272306091986,0.8355526955775657,0.0,0.6339927913026551,0.0,0.7050163519970583,0.9071820194155717,0.9164419655193166,0.8759110188590655,0.9526370111116407,0.7711949776746383,0.06018876900101888,0.935580996038617,0.9384124008873462,0.9060540201833014,0.7554264789789611,0.9188361382271666,0.9544316996038,0.4951319232791844,0.8907283270583697,0.9027019168030599,0.897206214237533,0.9152582079543838,0.9152582079543838,0.944383427890573,0.885400876353422,0.9459533477380777,0.0,0.9027019168030597,0.0,0.7334713952978886,0.9152582079543841,0.9544316996038,0.9275522446953854,0.7711949776746383,0.9508971383859763,0.9140827360776205,0.9369854052620161,0.892875760974867,0.9398636845831869,0.8612222667022562,0.9526370111116405,0.8717146038820363,0.8717146038820349,0.8442340263447974,0.03139863267861631,0.9562880686171873,0.8289245259008584,0.9623211158059548,0.8333555867103808,0.8333555867103808,0.24376003609304187,0.8706662210952574,0.8748612665230131,0.9544316996038003,0.848519788337875,0.7973204052495684,0.7780046509581313,0.9582144552981327,0.8289245259008584,0.9140827360776214,0.9341976401680094,0.9015943008452874,0.9582144552981327,0.8517144868263773,0.8141237078825918,0.9562880686171873,0.8982973238138026,0.9225015741707867,0.9526370111116407,0.9188361382271666,0.8070467719220202,0.9459533477380775,0.9526370111116405,0.9526370111116407,0.7985559379258667,0.9582144552981327,0.7985559379258667,0.6499526646778642,0.885400876353422,0.8442340263447972,0.9582144552981327,0.9492063492063487,0.930160641445072,0.9459533477380777,0.9544316996038003,0.8022278398026612,0.8982973238138026,0.9526370111116405,0.9301606414450723,0.9164419655193172,0.7250134267509765,0.9094556823349389,0.8843412180810755,0.6848496741376313,0.7923174570100686,0.6911250629978627,0.8727631680356077,0.9602211523225768,0.903814238682265,0.9602211523225768,0.9188361382271668,0.9152582079543841,0.9094556823349389,0.9526370111116405,0.0,0.9544316996038,0.9027019168030597,0.931488667261505,0.9582144552981327,0.9562880686171873,0.9475597985845114,0.0,0.9369854052620163,0.9582144552981327,0.9623211158059548,0.9106019687464655,0.823309558280246,0.9341976401680094,0.9544316996038003,0.8333555867103808,0.8289245259008584,0.9369854052620166,0.9428469360414611,0.8409971458279799,0.9526370111116405,0.9188361382271659,0.8117838598171898,0.9413411539914587,0.9106019687464657,0.9623211158059548,0.7655931084723666,0.9188361382271666,0.7780046509581313,0.944383427890573,0.03139863267861631,0.92126914699118,0.885400876353422,0.8070467719220202,0.8082384637825222,0.8187498553347687,0.0,0.8538362113124116,0.9176344520056336,0.9200475251844387,0.9176344520056336,0.9602211523225768,0.8453085223330421,0.0,0.0,0.930160641445072,0.903814238682265,0.8591172857456586,0.0,0.9602211523225768,0.9492063492063489,0.922501574170787,0.8972062142375332,0.7897778653703145,0.9492063492063489,0.9237454173815309,0.938412400887346,0.8322525541058978,0.9634411459729271,0.0,0.8811713725919912,0.9164419655193168,0.7766590274917047,0.9952327064015152,0.9237454173815312,0.8704033497109469,0.9526370111116405,0.7960789049353036,0.0,0.7973204052495684,0.9314886672615053,0.8591172857456586,0.8300371089395653,0.9508971383859763,0.831146423199498,0.9428469360414606,0.0,0.8961186971729789,0.7399891659895361,0.0,0.9237454173815309,0.7948313236856197,0.8420784215528956,0.8152867967569688,0.8022278398026612,0.0,0.7698078233874488,0.8559522762859684,0.9562880686171873,0.6574604645689301,0.7250134267509767,0.907182019415572,0.908315805590151,0.8961186971729789,0.9526370111116405,0.8982973238138026,0.8864622842804517,0.935580996038617,0.8527760996057683,0.8738120195914167,0.8706662210952574,0.21151139151266862,0.9544316996038,0.9314886672615055,0.0,0.9582144552981327,0.9015943008452869,0.8129560940834346,0.9398636845831869,0.9275522446953854,0.06018876900102055,0.7478523304650295,0.9508971383859763,0.06018876900102055,0.9398636845831869,0.9492063492063489,0.9413411539914582,0.879064442044788,0.903814238682265,0.9582144552981327,0.8463809254714867,0.9602211523225768,0.9413411539914582,0.935580996038617,0.801009545737682,0.938412400887346,0.9602211523225768,0.7997856146881548,0.9164419655193166,0.5305546844946969,0.24376003609304187,0.938412400887346,0.9027019168030597,0.9526370111116405,0.9188361382271666,0.8993922310882436,0.8769613888066743,0.9341976401680094,0.8993922310882436,0.9398636845831869,0.9250013316406693,0.6827113291147924,0.7725735218970409,0.9049315186013058,0.9443834278905732,0.8141237078825918,0.8907283270583697,0.9225015741707872,0.9341976401680094,0.21151139151266984,0.8175997772209664,0.9398636845831869,0.8517144868263774,0.9341976401680094,0.9152582079543841,0.7539334992316542,0.9526370111116405,0.8453085223330421,0.7143607147557585,0.9176344520056336,0.8993922310882432,0.9582144552981327,0.7301312695908229,0.8918007079504506,0.9562880686171875,0.9164419655193166,0.944383427890573,0.944383427890573,0.9544316996038003,0.9582144552981327,0.9250013316406696,0.8255663034700989,0.9129151319089186,0.9475597985845114,0.9475597985845114,0.7125274559321444,0.9071820194155717,0.08671734220308636,0.8717146038820361,0.0,0.9562880686171873,0.0,0.0,0.8187498553347687,0.2115113915126693,0.9188361382271664,0.0,0.7334713952978882,0.8377384241745145,0.4006068367505189,0.8527760996057685,0.8811713725919912,0.8058499662916012,0.903814238682265,0.47795836130872293,0.8399134433261015,0.9428469360414604,0.8864622842804515,0.4408515443948542,0.9176344520056336,0.7711949776746385,0.6473831763250284,0.9250013316406696,0.9428469360414602,0.9459533477380775,0.7846176027958278,0.9562880686171873,0.8961186971729789,0.9526370111116405,0.9004911494084331,0.938412400887346,0.9328339505740528,0.935580996038617,0.848519788337875,0.9237454173815312,0.9060540201833016,0.9355809960386168,0.7223272158432528,0.9526370111116405,0.17526171623055564,0.9508971383859763,0.9140827360776205,0.8570084033315839,0.8399134433261015,0.4654487838138114,0.8570084033315841,0.5711669571562623,0.77934241058442,0.8896584524348263,0.9475597985845114,0.7766590274917051,0.9262700211315917,0.9623211158059548,0.8058499662916013,0.8463809254714865,0.7876282222528316,0.8034406041869142,0.938412400887346,0.9071820194155717,0.8822265994777512,0.0,0.9544316996038,0.9164419655193174,0.9492063492063487,0.8612222667022558,0.938412400887346,0.9459533477380777,0.9262700211315917,0.831146423199498,0.9355809960386168,0.8046479448175343,0.9602211523225772,0.7935775465776653,0.9398636845831869,0.8664724446651941,0.06018876900102055,0.9428469360414602,0.7143607147557588,0.9152582079543841,0.9341976401680094,0.7806724477786732,0.880117361849238,0.7318083230664854,0.8633240709217587,0.9188361382271666,0.6991852245234744,0.8612222667022558,0.9250013316406696,0.960221152322577,0.9369854052620166,0.9508971383859763,0.8388272306091986,0.9027019168030597,0.525843532183836,0.03139863267861631,0.7960789049353036,0.8409971458279799,0.9623211158059548,0.8790644420447877,0.9526370111116405,0.9176344520056336,0.9164419655193168,0.932833950574053,0.9015943008452869,0.9250013316406696,0.9369854052620166,0.500567215157067,0.9398636845831867,0.9475597985845112,0.9544316996038,0.9623211158059548,0.0,0.9188361382271668,0.8654234385275936,0.8070467719220202,0.9200475251844384,0.0,0.8832831707913575,0.8244397822834253,0.9060540201833016,0.34458474155865637,0.9038142386822647,0.8918007079504506,0.8811713725919912,0.7859181167692968,0.9275522446953854,0.9060540201833014,0.6598989712921809,0.8907283270583697,0.9562880686171873,0.9027019168030597,0.9288488221297497,0.9526370111116405,0.9152582079543841,0.9623211158059548,0.9275522446953854,0.9459533477380777,0.9623211158059548,0.9413411539914587,0.9288488221297497,0.9492063492063487,0.6783615558233285,0.8843412180810755,0.9582144552981327,0.9492063492063489,0.9384124008873462,0.7806724477786728,0.8022278398026612,0.03139863267861631,0.9544316996038003,0.08671734220308558,0.03139863267861631,0.03139863267861631,0.3741839079094693,0.0,0.944383427890573,0.4527606561376478,0.0,0.9341976401680094,0.535161772248302,0.9582144552981327,0.9526370111116405,0.9562880686171873,0.9508971383859763,0.03139863267861631,0.7960789049353036,0.8580633769736241,0.935580996038617,0.8409971458279799,0.0,0.9071820194155722,0.9526370111116405,0.9341976401680094,0.7935775465776653,0.9083158055901508,0.9582144552981327,0.9508971383859763,0.9369854052620166,0.9152582079543841,0.6284764518573093,0.9492063492063487,0.4006068367505189,0.92126914699118,0.9250013316406696,0.6848496741376318,0.9398636845831869,0.9582144552981327,0.930160641445072,0.9526370111116405,0.9071820194155722,0.8420784215528954,0.0,0.9492063492063487,0.8822265994777507,0.960221152322577,0.8377384241745145,0.944383427890573,0.9398636845831869,0.8244397822834253,0.06018876900102055,0.7569089328329721,0.7846176027958276,0.0,0.0,0.40880739824839063,0.6991852245234742,0.9027019168030597,0.8058499662916013,0.8453085223330421,0.8152867967569688,0.8399134433261015,0.7997856146881548,0.9328339505740528,0.8129560940834346,0.0,0.9004911494084331,0.9544316996038,0.9623211158059548,0.831146423199498,0.9582144552981327,0.831146423199498,0.0,0.0,0.7739436107925914,0.9492063492063487,0.7819949015164562,0.938412400887346,0.8570084033315841,0.8993922310882436,0.6856702229525599,0.8993922310882436,0.8344556057285131,0.8506512873935228,0.0,0.9152582079543841,0.8175997772209664,0.9508971383859763,0.9582144552981327,0.5526275082095407,0.7351207557283752,0.43182584581086747,0.9176344520056336,0.9508971383859763,0.8591172857456586,0.0,0.8266892096935958,0.9176344520056336,0.8993922310882436,0.8727631680356078,0.8654234385275936,0.9413411539914582,0.9049315186013054,0.8538362113124116,0.9562880686171875,0.8685695845092949,0.862273520033598,0.9443834278905732,0.9602211523225768,0.9225015741707872,0.2586095064370061,0.8129560940834346,0.9544316996038,0.03139863267861631,0.8759110188590655,0.9288488221297497,0.9152582079543841,0.92126914699118,0.9623211158059548,0.9152582079543841,0.9623211158059548,0.9623211158059548,0.9027019168030597,0.3647019568709454,0.8961186971729789,0.9492063492063487,0.9602211523225768,0.938412400887346,0.938412400887346,0.8322525541058978,0.9428469360414611,0.9475597985845114,0.9288488221297497,0.5210240199989242,0.9508971383859761,0.7684119013812074,0.3833143586062788,0.7125274559321442,0.7447432793600621,0.0,0.8918007079504506,0.9492063492063489,0.758381053055492,0.960221152322577,0.9328339505740528,0.9341976401680097,0.855952276285969,0.0,0.7399891659895361,0.8058499662916012,0.9341976401680094,0.8058499662916012,0.8266892096935958,0.8129560940834346,0.9544316996038,0.7143607147557588,0.6716454483484393,0.8058499662916012,0.7431708752992889,0.9355809960386166,0.6761489807685291,0.9623211158059548,0.9355809960386168,0.9492063492063489,0.8982973238138026,0.930160641445072,0.8388272306091984,0.4779583613087228,0.8106069085572598,0.9492063492063489,0.03139863267861631,0.8420784215528954,0.861222266702256,0.5110414539348817,0.7766590274917051,0.7524297972473162,0.0,0.9856724533720749,0.8633240709217587,0.9225015741707872,0.0,0.8399134433261015,0.9428469360414604,0.9582144552981327,0.2115113915126694,0.03139863267861631,0.9114861522954751,0.9314886672615051,0.897206214237533,0.9288488221297497,0.9083158055901508,0.9355809960386172,0.8129560940834346,0.0,0.9275522446953854,0.0,0.9582144552981327,0.8333555867103808,0.8843412180810759,0.9623211158059548,0.9262700211315917,0.8022278398026612,0.904931518601306,0.9225015741707869,0.0,0.8322525541058978,0.8210376473859937,0.8506512873935228,0.9250013316406696,0.40060683675051967,0.9544316996038003,0.3227392978460525,0.9237454173815312,0.392115299153029,0.8928757609748668,0.7948313236856197,0.392115299153029,0.9225015741707872,0.9544316996038003,0.885400876353422,0.392115299153029,0.9623211158059548,0.931488667261505,0.9508971383859763,0.885400876353422,0.9475597985845114,0.9237454173815312,0.9341976401680094,0.8918007079504506,0.9152582079543841,0.9355809960386168,0.9140827360776211,0.930160641445072,0.9475597985845114,0.9384124008873462,0.7301312695908225,0.9225015741707872,0.9015943008452869,0.8333555867103808,0.42440193597169273,0.9083158055901508,0.930160641445072,0.9508971383859763,0.9526370111116405,0.9015943008452867,0.8939536575643379,0.9275522446953854,0.9275522446953854,0.9004911494084333,0.9544316996038,0.9562880686171873,0.5974763156586966,0.9262700211315922,0.8664724446651935,0.9176344520056336,0.9250013316406696,0.6549904556417999,0.9369854052620166,0.9237454173815312,0.9492063492063487,0.8366469404145511,0.8780124908814328,0.9129151319089186,0.9004911494084333,0.6623067578386677,0.9562880686171875,0.9188361382271666,0.5906675167558797,0.9314886672615046,0.944383427890573,0.926270021131592,0.8993922310882434,0.6040574193889983,0.7598430279509716,0.9398636845831869,0.6739104850582693,0.9475597985845114,0.8832831707913573,0.7143607147557586,0.9526370111116407,0.9508971383859763,0.8864622842804517,0.9275522446953852,0.9526370111116405,0.8982973238138026,0.8633240709217587,0.708808264663793,0.9459533477380775,0.9459533477380775,0.8322525541058978,0.9341976401680094,0.9027019168030599,0.9526370111116405,0.8591172857456586,0.9341976401680094,0.9562880686171873,0.8928757609748668,0.9328339505740528,0.9508971383859763,0.960221152322577,0.8854008763534222,0.9582144552981327,0.7197593917099125,0.9562880686171873
p70_S,0.9621825553065515,0.9890342655702924,0.7098097002689576,0.8896043244603334,0.9217519020931765,0.87638266886087,0.9066765200633571,0.8517879126577852,0.7378997854592102,0.7612950419868545,0.9803010659756758,0.9711093465704742,0.9424781900280399,0.8896043244603334,0.83577533365429,0.7972194174401082,0.84470151571415,0.8887800059829348,0.9334253536579322,0.906414271134099,0.7733486018923039,0.8227962496162919,0.9321523113665872,0.8268778248611142,0.8176308472588917,0.6115876704931473,0.8990395688839348,0.9391389781483688,0.869493083703094,0.9156089403683976,0.6554189023854775,0.8830333887596133,0.8655388112080702,0.7111969469568855,0.8922864636322446,0.862909488252414,0.8996699165287372,0.9185860740091777,0.7738965054378302,0.9049850794674029,0.686903061091894,0.8950869905994878,0.9540984079056032,0.9962518786235227,0.9651152981916034,0.6220460959363749,0.907411648617012,0.7620459765125474,0.7932226818260039,0.8231943418333463,0.791622507706202,0.7118273104036812,0.5888771103329691,0.6998521833240021,0.945109705409731,0.7885796267509584,0.9912878046883848,0.6951973979147161,0.9892660733909087,0.9341586822630341,0.6675878917354441,0.9086453506420721,0.797937765342223,0.9415764394796308,0.8903991455657344,0.9893665221703596,0.8830333887596133,0.9572932348230596,0.8768995534392127,0.9686832863606913,0.8025946580914949,0.8379276408825632,0.8719900286803044,0.8231496037997093,0.6951973979147161,0.8319753211450026,0.8973569801802843,0.929559064714576,0.9028741276230612,0.8763826688608701,0.8167309289799256,0.972038542164217,0.8355713898821748,0.7752272051820448,0.6951973979147161,0.8865915978606935,0.9535215586917305,0.9258555767090528,0.9870150224488665,0.685316774920314,0.6951973979147161,0.8069965358955764,0.7357638386820549,0.8512540609162242,0.7928005687041775,0.9330835047956023,0.8140155001790634,0.741713934899411,0.7744971027713472,0.9476115829745209,0.9206591678873522,0.9074116486170116,0.8628210251713135,0.9267499060960465,0.8680247779094025,0.8629094882524135,0.7672733814979331,0.7751999010875603,0.963850119501056,0.826390776301843,0.81725348297225,0.8047529831701912,0.9294686251071613,0.7212106334313053,0.9388120013913654,0.9393140863316412,0.8853297485350567,0.8197691174227546,0.8763826688608697,0.806966949070449,0.9849507247762663,0.8586537584626805,0.8907404833799738,0.9859796853199195,0.8887800059829346,0.9907664455285079,0.8996699165287373,0.8891140855873368,0.9424781900280399,0.9518953180592347,0.7531483960604111,0.9388120013913654,0.9806366198198687,0.9540984079056033,0.8447015157141502,0.8446603957044708,0.9113713303010063,0.8830333887596135,0.8830333887596133,0.7314145734259305,0.678308873140891,0.8694930837030934,0.8720438167833255,0.7702190116852003,0.9631566038496662,0.7770042946465827,0.9908406147297467,0.778503793076865,0.8379276408825634,0.855116452008348,0.9802566459961091,0.8697340225901636,0.83380125867102,0.9456221642217417,0.986828969826713,0.6479653299670043,0.9693692172013267,0.775082390944749,0.8963401106813791,0.9681486570390659,0.9294686251071616,0.9702123541657188,0.8870186779833349,0.8840013057268776,0.6794913845714061,0.7452506409694465,0.889114085587337,0.8397070881245361,0.9291890936388462,0.9801119473952511,0.9923629538293707,0.827953563858303,0.727128722415596,0.9802148472539313,0.8981205790157369,0.8111335581068838,0.898167420955173,0.6923526659308996,0.8179166933767423,0.9578037571201251,0.8613723633219288,0.7450786549994608,0.9866989384555495,0.9429971838022233,0.520161696043165,0.9357607591823367,0.8910563632283977,0.9701151044630052,0.7776305711004287,0.7713943738630693,0.7871523641444369,0.8594833999122522,0.6895083688440475,0.8661406162941065,0.7565644466728265,0.6951973979147161,0.8268778248611142,0.8784208915445284,0.7620459765125471,0.7126566236400675,0.7556627037846377,0.9997405031129083,0.6951973979147161,0.8011608197643062,0.969147651339162,0.7982162294178599,0.6951973979147161,0.0,0.4914813501828057,0.7276251529420694,0.6029606763761128,0.7410415280099101,0.8279535638583031,0.6951973979147161,0.7901688296183235,0.6951973979147161,0.9348425441051917,0.7383551927710972,0.6728391560534899,0.6951973979147161,0.9315783019435939,0.6951973979147161,0.749475136556849,0.6404449656833158,0.8421948095589077,0.6975915697453738,0.938812001391365,0.8152358946657339,0.7314145734259303,0.8125698569594537,0.9535215586917307,0.9409152665400702,0.768279927619985,0.8526637265686308,0.9868289698267128,0.7697937316809339,0.8755391402721739,0.7502512278759388,0.9138298074013377,0.7600561647773869,0.6833205034646506,0.8836082184369263,0.8117273733585153,0.9620275776222871,0.6951973979147161,0.9760220191469124,0.6951973979147161,0.9843554401208018,0.9518953180592344,0.9806366198198686,0.9990825408341073,0.8405177958090336,0.8268778248611142,0.8320431626335696,0.8907404833799742,0.8604424846457105,0.9041880640840263,0.7617214365185658,0.8413855291881587,0.9172184456477024,0.9504820637860454,0.8267554187286676,0.685316774920314,0.9405520062621227,0.793048607512131,0.7738965054378302,0.9782730250019971,0.8895279175653004,0.7123960520224006,0.9265821485689039,0.8574793503124825,0.9155677991130319,0.991917043939399,0.9324524472178024,0.9825088961878681,0.8629094882524135,0.9313730152497124,0.7122706638558702,0.8545862256205102,0.9954183435413666,0.8629094882524135,0.6786625774274189,0.8630830129382701,0.9580186848345917,0.7337587148610147,0.8896043244603334,0.8446109430683041,0.9490911250338765,0.8655072960947519,0.9341586822630342,0.8446109430683048,0.9983872930599276,0.720676630434901,0.8629094882524139,0.9877803230813454,0.5457921521717066,0.7335167315182394,0.745684792337323,0.9255429155310315,0.8628210251713135,0.9496900385239626,0.8505519961852757,0.8504989784061951,0.8075161108973885,0.9628239980582518,0.9983872930599273,0.8826325999391227,0.8669726846727102,0.7033627253350027,0.9769837327540795,0.9127155468851498,0.8719215579666038,0.7624945885112904,0.7564438085389016,0.7892284227247519,0.9064142711340988,0.8429302588405676,0.8694930837030939,0.7931901820493836,0.9518953180592344,0.8308276759982087,0.9388120013913653,0.6951973979147161,0.7265536869993645,0.9024090932456401,0.9342011263032906,0.8629094882524135,0.8903991455657344,0.9138470334856057,0.6951973979147161,0.8907404833799742,0.9686832863606912,0.89047011400493,0.9464097255683266,0.6936406187495021,0.7841148356942863,0.9155677991130318,0.9952871635114626,0.6880663685642614,0.9874101230848893,0.7631303491841834,0.6930037971699368,0.8413855291881585,0.6517234024376379,0.6394025728561294,0.7776305711004288,0.8138824252845942,0.9681858530496634,0.832999091479391,0.9121372710878786,0.8308174893280695,0.8447015157141504,0.7139479314627482,0.9446848032303601,0.8742958868307356,0.8143382328848241,0.9760926938481758,0.6124039056786557,0.6951973979147161,0.8565909135652552,0.9369887520228608,0.9382552780535443,0.9257959645532371,0.9459009791418809,0.925071966421203,0.6951973979147161,0.6951973979147161,0.9161950843063591,0.9995240310873955,0.8330590886552445,0.6951973979147161,0.9433354585651039,0.8628210251713135,0.9923629538293706,0.6962298433449723,0.8534704830351274,0.980682779015039,0.7914563256478502,0.8789608281277379,0.6607663406556663,0.8318364727476057,0.6951973979147161,0.7633291470893516,0.8809724769946922,0.9111379340035193,0.8389725464783504,0.9171108073594292,0.9513259399156335,0.8446109430683046,0.8052365760585851,0.6951973979147161,0.6401047955231661,0.9749566330559971,0.857611721417908,0.6921592781921004,0.9300535008187538,0.6172335684567636,0.9716333368102844,0.6951973979147161,0.991662939555408,0.6321711362751428,0.6951973979147161,0.9996226592140792,0.8987060127430047,0.6432578516155465,0.6131292258734302,0.8585062407837141,0.6951973979147161,0.9148265604000758,0.9015850997548143,0.9067422366276936,0.898875179645896,0.8193772246427387,0.8031692392445238,0.6489862551249923,0.8088000655869727,0.907411648617012,0.8517543265035216,0.7748108164327403,0.9482652342262796,0.7790721090449424,0.8676887241126259,0.6927949421443409,0.7808497980562916,0.9155677991130318,0.8206483255024004,0.6951973979147161,0.9608008482337906,0.7116159644957932,0.8549293435874163,0.954930065345126,0.9123171168597037,0.703545678066678,0.9995004534593004,0.9787957463111969,0.7314145734259307,0.9689569327632246,0.9217519020931764,0.9631081363114834,0.6942448375223952,0.9295037154998239,0.9686832863606913,0.7571304768817342,0.9802566459961088,0.9890342655702923,0.8843193296037338,0.8249060638428731,0.8725034033256202,0.9064142711340988,0.8649891349775904,0.9833056869800625,0.9986297928511856,0.7585745175962961,0.8476498264709564,0.8718201154833859,0.8446109430683045,0.8328392117288821,0.888641308261878,0.8367538381607407,0.9955290054729584,0.8207284073584811,0.9182149315021249,0.592136300215842,0.9629960192196343,0.8866216270117957,0.8822237462165726,0.9922843247764959,0.8244584197131857,0.7863883954964391,0.8637749650539772,0.8545862256205103,0.7808497980562923,0.6083539351744769,0.954930065345126,0.8988751796458965,0.9250576155467344,0.9713690206280267,0.9571817780153082,0.9074116486170115,0.776934619859081,0.8194688264978407,0.8277850478218781,0.9905106596169726,0.933425353657932,0.9880861590472267,0.6908714800335582,0.8565893759313057,0.9639168532621702,0.8990395688839348,0.8718705422990428,0.9806366198198687,0.7492532520172366,0.9859796853199195,0.6757924326025546,0.7706831194209965,0.8565847204007372,0.8279535638583031,0.6685923674522942,0.9826485279774786,0.7477630855124662,0.7996188984777006,0.6951973979147161,0.856589375931306,0.6951973979147161,0.6951973979147161,0.9605523038964863,0.6134343618863061,0.8526637265686305,0.6951973979147161,0.548553764674024,0.7460054496674902,0.7025044187928333,0.834450032636546,0.7326924430168352,0.7847809103630383,0.9820189521905026,0.7287392538064297,0.8559069032563467,0.9222721375875025,0.9106180936294543,0.7715031580899796,0.6625581851750559,0.6032803790383715,0.7066066270159537,0.8383202802574361,0.9487957689880555,0.8707590502221958,0.9006911999926974,0.9242089152001632,0.842047860853961,0.9388120013913656,0.9471902254062591,0.8789608281277379,0.9181762233864356,0.8364863478408802,0.9646164474490018,0.8539062257177189,0.7031785137103967,0.8843193296037337,0.841123983372319,0.9388120013913651,0.7049857901450896,0.9300535008187536,0.9079908582186631,0.8823696614287468,0.7157366328905045,0.791622507706202,0.7683691072554597,0.7205940589275741,0.9966770900245768,0.7340039724422165,0.9424781900280399,0.7973776870746341,0.8864182724608495,0.9681858530496634,0.6058563927136515,0.8521859980075814,0.9197760771895611,0.699590515160027,0.9470641338896126,0.9096638987827486,0.8753422946992031,0.6951973979147161,0.9155677991130318,0.7312508486474658,0.9898517825240296,0.6296247957084159,0.9222105570349484,0.9620275776222871,0.8008766301048562,0.7225938086570226,0.9960982159891327,0.8747800218509811,0.9433354585651037,0.7668572729535406,0.9295590647145762,0.8357313379598336,0.703545678066678,0.8655388112080707,0.6866814344177403,0.8562655286589183,0.7841148356942863,0.6218205043312164,0.6616712226834629,0.7507414829779192,0.8936791142371487,0.9121372710878786,0.5793946000162653,0.6720890120646726,0.8383202802574358,0.9064142711340987,0.8176308472588916,0.9908206693987865,0.6715720101733436,0.9586550352029916,0.6179649950181458,0.685316774920314,0.6993543520872825,0.6393382343831661,0.9540984079056033,0.9672797982600404,0.9669869402855737,0.8669894145144217,0.8228059758410147,0.8489085250255912,0.7713857555697832,0.7961318788110124,0.9882199982080834,0.9628239980582517,0.8534460628229261,0.9138470334856057,0.8504989784061949,0.8763826688608702,0.6951973979147161,0.8896175805146287,0.6876955737989612,0.8782995618972338,0.9181988472740772,0.6951973979147161,0.8567417407330191,0.6456295055144243,0.8875293335776402,0.8843266909277843,0.7194427687371086,0.8717877596466558,0.8230753479316752,0.8545109214784526,0.8056952552234847,0.9409152665400702,0.6939511282013349,0.8185857730422849,0.8565893759313059,0.854453131539465,0.9912878046883848,0.9702123541657188,0.8178976980025492,0.89047011400493,0.914152035191489,0.9341586822630342,0.8516122444825636,0.80755136075863,0.8546193973191551,0.8628210251713133,0.966767443642127,0.7605670413747728,0.9334253536579322,0.9806827790150388,0.9535215586917305,0.6850414200213011,0.8840013057268774,0.7139479314627482,0.9806366198198687,0.6934250323426814,0.7139479314627482,0.685316774920314,0.8103195211556317,0.6951973979147161,0.8564391918520338,0.694288752303202,0.6951973979147161,0.9720385421642171,0.9473752832256712,0.9334253536579321,0.907411648617012,0.9580186848345916,0.9300535008187536,0.685316774920314,0.7374627422299079,0.8630265585090815,0.9560688022480138,0.8240061377491248,0.6951973979147161,0.9288047413575922,0.876011295842658,0.9250576155467344,0.877870317597826,0.771624998464524,0.9255429155310315,0.9300535008187536,0.8655607295497516,0.933001189971657,0.938670365670834,0.8922864636322441,0.6449526728082795,0.883789026742275,0.9859796853199196,0.7407359829664235,0.8534460628229268,0.8902849828282724,0.8379276408825636,0.907411648617012,0.9288047413575922,0.8860830219713003,0.6951973979147161,0.980682779015039,0.7521730396109527,0.7982162294178599,0.7075519310296414,0.9533776220537196,0.9943279333937742,0.9372230975539002,0.703545678066678,0.7221682447483997,0.8715636766649211,0.6951973979147161,0.6951973979147161,0.9021399028186035,0.9333142890575403,0.9239210673151492,0.8103415557415221,0.8167107250685797,0.6904722254119211,0.6889643538996826,0.8549911785817415,0.825819292238644,0.8034902570608329,0.6951973979147161,0.9159797519672968,0.9155677991130318,0.7738965054378302,0.630403598481796,0.8629094882524135,0.6979248702415561,0.6951973979147161,0.6951973979147161,0.8315997407351292,0.9898517825240296,0.8679186450485419,0.8725034033256204,0.6985168609923006,0.7378377367694413,0.8255516928853004,0.9585546647054799,0.8013522132428301,0.674711638089619,0.6951973979147161,0.7411620366898102,0.8617857572044305,0.8996699165287373,0.9686832863606913,0.8849106979109715,0.9248738049403841,0.7216870986895649,0.7885806811293348,0.9300535008187535,0.7768174177594525,0.6951973979147161,0.9146961560776525,0.9761931187154043,0.6000114794224423,0.8187524989321608,0.8456261871042374,0.9371820070526745,0.8998715234924054,0.7142692101131023,0.9242089152001629,0.9955248022100527,0.6848603309194226,0.9533776220537193,0.9433354585651039,0.9718112279555632,0.7932721517745711,0.9578075166405822,0.8241569180596204,0.685316774920314,0.8985494731139221,0.9646856815994838,0.9330011899716568,0.9852819875557501,0.9929562774279699,0.9710792333874196,0.8763826688608701,0.9681858530496634,0.854453131539465,0.8010111218133855,0.7423546983086875,0.980682779015039,0.9064142711340986,0.7979426727616278,0.87250340332562,0.8322965916731367,0.839015179807517,0.9997405031129084,0.9912878046883848,0.5933025733412132,0.8876449934411477,0.6827494230778536,0.81937565194523,0.7597019408520365,0.6847924327334022,0.6951973979147161,0.8069965358955764,0.9806827790150391,0.8281302165171687,0.7612950419868545,0.9894668454657731,0.6521140448959204,0.7363120223015904,0.6951973979147161,0.7853978008493574,0.6825383288491034,0.7695663614396278,0.8701503770274308,0.8493057615934072,0.867789115219062,0.8830333887596135,0.6996774801831198,0.925071966421203,0.9125841372554572,0.8228054474267483,0.8125698569594539,0.8763253570848104,0.9540984079056033,0.8843193296037339,0.930920905602167,0.9628239980582518,0.9273375589956828,0.8743023481619325,0.6592713180307452,0.6352607485753108,0.9512173405541076,0.7139479314627482,0.8726356183594959,0.672089012064673,0.9252175722771216,0.7468175773284627,0.7585206574138423,0.6951973979147161,0.7946812234187559,0.6656210295874696,0.9101560503341408,0.6951973979147161,0.8023623452747028,0.9222721375875025,0.8629094882524135,0.7569333071748652,0.7139479314627482,0.9033855190973803,0.9796222466236468,0.7631836784392395,0.9206591678873522,0.8983662867418167,0.9560688022480139,0.6306797911467529,0.6951973979147161,0.9358433911850901,0.6951973979147161,0.8197691174227548,0.7308890486460577,0.788251770984167,0.7738965054378302,0.8436474512828531,0.7463202525972591,0.711877376439275,0.8073974209651041,0.6951973979147161,0.9433946185347881,0.7955432319354974,0.908031920112527,0.901602882427072,0.9518953180592349,0.9542945594732946,0.908549311064021,0.9171108073594294,0.6924731812116804,0.8298619564047025,0.6188722637740398,0.6924731812116804,0.8690525985865266,0.8504989784061951,0.7491588598862946,0.6924731812116804,0.7738965054378302,0.8433588856625787,0.9484121620211805,0.8430116300946254,0.8565847204007374,0.979560707429298,0.8780766889292516,0.8042561215979473,0.8178976980025496,0.860402838722307,0.6932837399595972,0.8714901252497997,0.9424781900280399,0.8541072512730739,0.7183366200806927,0.8279491468389115,0.7633157924892353,0.7535346273664032,0.8799872711273817,0.7716249984645243,0.9943949975805221,0.8876449934411474,0.8760112958426585,0.6679860995828983,0.9145568652742205,0.8707693232042872,0.9792261031722918,0.8304609878257692,0.8504989784061951,0.8903991455657347,0.74684382826153,0.6217172839921927,0.8789645161750168,0.8669894145144217,0.9929261139568686,0.8756915736245707,0.8907404833799737,0.6464945737233294,0.9217519020931756,0.9906378884624087,0.8262301029672122,0.8270753092216272,0.8133572349974636,0.9733701804993502,0.9405520062621224,0.8526637265686308,0.8686339948072037,0.5888771103329691,0.9262085954688271,0.9505745042278442,0.975532889931329,0.759382799634793,0.9719915496724801,0.8027040615618267,0.8354503046407298,0.8565847204007374,0.9111181622498268,0.9076142124291913,0.8760112958426578,0.8996699165287374,0.7276251529420699,0.6303294889428952,0.9355865875112201,0.801184778656733,0.7642337587883312,0.8541677361396323,0.8505519961852757,0.9341586822630342,0.7850590022109696,0.9574900679095588,0.7849851957637808,0.8446109430683049,0.7591887973502751,0.8780766889292516,0.856589375931306,0.7972624238836938,0.9181762233864355,0.8996699165287372,0.7982162294178596,0.8285036741762184,0.7845111847199957,0.882907978364694,0.8903991455657346
p70_T,0.8419325323046434,0.9021362778138222,0.8194852749688188,0.8707051888795789,0.9992249226337293,0.9371382816751244,0.8457943435928559,0.8072555667669614,0.373000743988942,0.9336347991328915,0.8996713357710029,0.9540589546097205,0.9540589546097205,0.8707051888795789,0.9043677125545333,0.8542058822129399,0.9072118677365058,0.885698841863535,0.930286918063369,0.9336347991328915,0.8123528553952015,0.8972500807670709,0.8925262950745887,0.9180790428976138,0.8948693468634783,0.22448456382846116,0.9072118677365055,0.9705890751589271,0.9336347991328915,0.7718639469746307,0.29863789815537756,0.9711878805915029,0.904648455366597,0.3586708582352369,0.9152582079543841,0.9302869180633688,0.9180790428976138,0.9046484553665961,0.9371382816751244,0.8834832246395516,0.8321506231964102,0.8879432507007243,0.9371382816751244,0.9543449980412201,0.9072118677365058,0.7454947939753194,0.9665480300996037,0.4958782682119087,0.8834832246395519,0.9840221034099068,0.9239759423528267,0.7887805491724922,0.22448456382846116,0.9021362778138227,0.9046484553665963,0.8812946455970225,0.881294645597023,0.9152582079543841,0.7317270668537128,0.909831049842277,0.30456089409113596,0.5936921505247552,0.8856988418635356,0.8321506231964102,0.9270730230791455,0.6497242453939748,0.9239759423528267,0.8607276799439829,0.7786312699297775,0.930286918063369,0.9275612046868085,0.8834832246395519,0.9580166426603274,0.6249100834477022,0.9152582079543841,0.8105788943203363,0.8972500807670711,0.8996713357710024,0.6337191230634511,0.9371382816751244,0.9364881737530406,0.8902183677316946,0.9390586815258848,0.8856988418635348,0.9152582079543841,0.9194760752462121,0.9693820495180774,0.7144452939198016,0.846882629081873,0.9125111785873636,0.9152582079543841,0.8664957973805583,0.794738609509096,0.6376308982861165,0.9390586815258846,0.8588039237011795,0.8623543604356521,0.8123528553952013,0.6235082158532337,0.5887957899219499,0.9132389320257916,0.920981766572726,0.9152582079543843,0.7835370284359033,0.8054691836486053,0.9302869180633684,0.897236612208085,0.6372280840596366,0.9302334181929384,0.599867456752337,0.7929756481234911,0.8879432507007243,0.6165069764904303,0.8489400226485824,0.9209817665727265,0.627282158383849,0.9021362778138222,0.9302869180633686,0.9371382816751241,0.5046481757735639,0.9638221193864545,0.8088080901268471,0.8948693468634783,0.9360968865539774,0.8856988418635354,0.7087210088939414,0.9180790428976138,0.7684696092538161,0.9125111785873636,0.8586206896551725,0.4625143729434995,0.9209817665727265,0.9239759423528267,0.9935264355112596,0.9072118677365055,0.8008875416489629,0.8642719355516495,0.9239759423528264,0.9239759423528264,0.909831049842277,0.7111424655216954,0.9336347991328915,0.5740569099235251,0.8286378524317448,0.8812122842911967,0.5069642255875741,0.965842178104528,0.5609634364833767,0.9159197701772377,0.7228195313572698,0.959209681418265,0.9759709171393396,0.8000975116775979,0.7092090817983497,0.9239759423528267,0.40291277353135857,0.8728049013896686,0.8842122443079055,0.9344647370592187,0.8769047782559865,0.770902456707136,0.9423194428466418,0.9243062854435231,0.929024126787924,0.8285035731719175,0.8605956163602337,0.7385586876940016,0.8321506231964102,0.9390586815258848,0.943585793190133,0.8707051888795789,0.9125111785873636,0.4159310529700714,0.8341011293492996,0.7014652460146691,0.9498318987842802,0.9302869180633686,0.8904440437110421,0.8666109663611836,0.8105788943203363,0.9878401545683244,0.5163898431784577,0.9909282086879027,0.9125111785873636,0.7249518768252239,0.7963239206394062,0.4843106101795488,0.8358244551518941,0.9021362778138226,0.902988179609765,0.9502726792490608,0.9665395745874146,0.7410439773407809,0.6520524137118109,0.8690883083110759,0.9152582079543841,0.9180790428976138,0.9502726792490608,0.8588039237011793,0.8219447828202162,0.4283463664433479,0.9540589546097205,0.9152582079543841,0.8018016321802306,0.6704385329744851,0.9336347991328915,0.9152582079543841,0.4914813501828057,0.0,0.39057017400914384,0.5087305195813023,0.8413921158471316,0.9125111785873636,0.9152582079543841,0.7798874555888029,0.9152582079543838,0.6988849261198375,0.7698714217829536,0.7641641192059927,0.9152582079543841,0.7684696092538161,0.9152582079543841,0.7507439296808172,0.45164008459276617,0.8605956163602337,0.7929756481234909,0.9878857063735191,0.6663207068634678,0.9098310498422768,0.8925262950745887,0.8972500807670709,0.9207352331609369,0.6655768025380864,0.8645899440480416,0.9239759423528267,0.8814261386926308,0.9345033063019546,0.837672350699731,0.8770832199670351,0.5567703952901613,0.38973927670311304,0.9072118677365055,0.8769047782559865,0.9284024325305881,0.9152582079543841,0.9888837538471675,0.9152582079543841,0.7564546836765978,0.9421362489486962,0.9239759423528267,0.9106086590743894,0.6846644780025133,0.9180790428976138,0.9668702179975168,0.8948693468634781,0.8922385033088467,0.8996713357710031,0.4920728361679091,0.9209817665727262,0.8713011625822469,0.6380707706869799,0.8969868288460321,0.9125111785873636,0.9748016543159645,0.9431012098818203,0.9371382816751244,0.7600561647773876,0.8370816133307344,0.8879432507007243,0.5572193658831186,0.8560505186143621,0.9239759423528267,0.9255536487261709,0.8647546175134773,0.6916473032699468,0.9302869180633684,0.5808244845287602,0.39941865038211644,0.8902183677316946,0.9641125707303957,0.9302869180633684,0.8524694551907273,0.6001453849366141,0.9748016543159652,0.8303239302316407,0.8707051888795787,0.9209817665727262,0.8645899440480416,0.6350703269995948,0.909831049842277,0.9209817665727265,0.9665480300996034,0.7192920548780481,0.9302869180633688,0.6900725548295993,0.5167397449174324,0.8088080901268471,0.7793421146931974,0.930286918063369,0.9152582079543843,0.9159197701772377,0.909831049842277,0.9239759423528267,0.6455118395399992,0.9281684931120009,0.9665480300996037,0.8834832246395521,0.9987249599057342,0.7105388846414336,0.8489400226485821,0.8973472988653552,0.8667830749506908,0.9663630865395749,0.8313712354944414,0.8305674447159643,0.9336347991328913,0.6524259938220232,0.9336347991328915,0.8645899440480416,0.9421362489486962,0.8489400226485824,0.9878857063735195,0.9152582079543841,0.509480798783056,0.8376723506997308,0.9186550120230907,0.9302869180633684,0.9270730230791455,0.9540589546097205,0.9152582079543841,0.9302334181929381,0.9302869180633688,0.9371382816751244,0.8776100733791745,0.7429928229128827,0.8902183677316946,0.9239759423528267,0.8559757414183105,0.7526714876460552,0.9655974895223984,0.5180095701152989,0.8126031162205221,0.9665480300996037,0.3874389766691899,0.7419094102126829,0.5335276238651809,0.640752421464365,0.9371382816751244,0.6751958937143581,0.8645899440480413,0.6549597609918576,0.9072118677365058,0.9125111785873636,0.8981051343567512,0.8088080901268471,0.6165069764904303,0.6324133511476132,0.7351681494695999,0.9152582079543841,0.5005809126762992,0.8910305906213418,0.9248202875667848,0.8910305906213418,0.9336347991328913,0.7470268199894408,0.9152582079543841,0.9152582079543841,0.8834832246395516,0.9157349837086723,0.8057649851807007,0.9152582079543838,0.9336347991328913,0.9152582079543843,0.8707051888795788,0.8285035731719175,0.6520524137118109,0.9152582079543843,0.8727803597140285,0.9945519661064193,0.7584323595356683,0.7358181476024261,0.9152582079543841,0.8017517804777674,0.88873150110704,0.6755994131501966,0.7076868596919467,0.9331959995055013,0.8459501681299313,0.9209817665727265,0.6397388793457004,0.9152582079543841,0.7171939364981026,0.9845673523422018,0.5617229592620674,0.8118256573316469,0.918079042897614,0.7565155320112122,0.9431379203344703,0.9152582079543841,0.8990599476138073,0.6403275854606392,0.9152582079543841,0.9331959995055013,0.6606558624864101,0.7560449442954522,0.7292447864734688,0.6455118395399991,0.9152582079543841,0.7076868596919468,0.5531806934809576,0.9748016543159652,0.752607266372999,0.6918329828093983,0.9493264764640172,0.3384624967612052,0.826689209693598,0.9209817665727265,0.85478507095173,0.39057017400914384,0.8925262950745887,0.5245506739833541,0.8325019809207146,0.7842254686329961,0.9272324378358678,0.9239759423528264,0.885698841863535,0.9152582079543841,0.9814510646731802,0.8358244551518939,0.6215869539528176,0.9733050117350788,0.8791314954080307,0.909831049842277,0.7562067667713191,0.9621698344437761,0.909831049842277,0.9364881737530408,0.9152582079543843,0.902136277813822,0.8202484281215614,0.9157349837086728,0.9302869180633688,0.5271862625850244,0.9336347991328913,0.9473740959672466,0.9272324378358678,0.7220136368694179,0.9333160651425743,0.9336347991328913,0.721382528473685,0.8861814209185077,0.8664957973805576,0.8879432507007243,0.8972500807670705,0.8376723506997308,0.9209817665727258,0.8645899440480416,0.8321506231964104,0.9872199098811125,0.9243062854435231,0.6258187063451697,0.8996713357710031,0.26802728954375177,0.7911943785011744,0.7191003459614518,0.9182202275367892,0.9072118677365055,0.6188285974699259,0.8176961639848572,0.960175396156637,0.8902183677316946,0.8925262950745889,0.733199206144167,0.8996713357710036,0.7725797041365448,0.8902183677316946,0.8864592094196804,0.7292641966099436,0.9209817665727262,0.8008875416489629,0.7033258503879969,0.9194760752462123,0.906063896440741,0.9302869180633686,0.8164701653683468,0.4753568888550873,0.9270730230791455,0.8605956163602335,0.9860639133827616,0.907211867736506,0.9711878805915029,0.9302869180633686,0.9360968865539772,0.7658239172803152,0.8547116092900202,0.9125111785873636,0.9125111785873636,0.7092691902178349,0.8451467479521528,0.9072118677365058,0.8286378524317447,0.9152582079543841,0.9270730230791457,0.9152582079543841,0.9152582079543841,0.6075745693832959,0.8925262950745887,0.9221261809159469,0.9152582079543841,0.6483371966885487,0.5744487073116306,0.9699747687132043,0.8344974027420733,0.8017517804777674,0.7502730862504172,0.8395280973905592,0.837672350699731,0.5483507411312665,0.9046484553665965,0.9018761436541095,0.9270730230791455,0.34094132450715287,0.7283348455480363,0.5936008056585476,0.8748756693307258,0.9798831497297819,0.9502726792490608,0.8426318593826958,0.9270730230791455,0.899059947613807,0.9209817665727265,0.9829035021794315,0.8972500807670709,0.9214489273204716,0.8925262950745887,0.6386599123863526,0.9331959995055013,0.43367820621579034,0.9272324378358678,0.9830296087723853,0.9878857063735196,0.9693820495180772,0.918079042897614,0.9780244662094083,0.6100958094569968,0.7523440914207298,0.9239759423528267,0.8019855092639763,0.907211867736506,0.6893410786070084,0.8159112343441137,0.995606730632077,0.6755994131501966,0.876992292556863,0.9935264355112596,0.7317270668537128,0.5074807290815797,0.8376723506997308,0.7090964754730236,0.8972500807670709,0.9493264764640177,0.9954101114841697,0.9152582079543841,0.9239759423528264,0.40787138022280345,0.9152582079543841,0.7890100968809903,0.9693820495180776,0.8879608031238043,0.9390586815258848,0.775627070760154,0.8925262950745887,0.6403275854606374,0.9336347991328919,0.7292641966099436,0.8996713357710029,0.9654407641398766,0.909831049842277,0.9046484553665961,0.712043181843852,0.8586206896551725,0.8902183677316946,0.7441747664095413,0.4479601720998809,0.7212649501647286,0.8340281415141291,0.8645899440480411,0.6128036892736972,0.7684696092538161,0.9667074951656032,0.9336347991328915,0.8948693468634783,0.9180790428976138,0.7504890911494058,0.9859143456282597,0.5873906618735303,0.9125111785873636,0.715087974452405,0.7736650317691671,0.9935264355112596,0.9816457884430444,0.8511869157928877,0.8910305906213416,0.860595616360234,0.8879432507007243,0.8608323269166074,0.8748756693307258,0.9655974895223984,0.8303239302316401,0.899671335771002,0.9125111785873636,0.9239759423528264,0.9371382816751244,0.9152582079543841,0.8933580624819943,0.8171475979100193,0.6536336775087579,0.8666109663611838,0.9152582079543838,0.5434479183191557,0.7449370708424394,0.9982056204357299,0.8707051888795785,0.8395280973905583,0.8664957973805583,0.5091476163658517,0.8081288797193122,0.8791314954080307,0.8949117707360061,0.532173449652944,0.8410575924482766,0.9270730230791457,0.8880761517488764,0.881294645597023,0.9665480300996037,0.8586206896551725,0.9371382816751241,0.9735629864071065,0.9688440619373718,0.9371382816751244,0.9021362778138224,0.9451832184545601,0.9152582079543841,0.775558990558914,0.8296169784489413,0.9814510646731802,0.9152582079543843,0.9333160651425743,0.6891293802870435,0.6270134032933872,0.9125111785873636,0.9711878805915029,0.9072118677365058,0.9125111785873636,0.9125111785873636,0.8645899440480416,0.9152582079543841,0.9072118677365055,0.8711916800801188,0.9152582079543841,0.9583942031553516,0.8176961639848572,0.9302869180633686,0.9209817665727265,0.9270730230791455,0.918079042897614,0.9125111785873636,0.6966544559894936,0.4843106101795487,0.8992368483577364,0.6617327436861986,0.9152582079543841,0.8972366122080848,0.9209817665727265,0.8902183677316946,0.6447114082078744,0.847038304686687,0.9673847887170086,0.9180790428976138,0.9302334181929384,0.9978132884777122,0.8948693468634783,0.9152582079543841,0.8586206896551725,0.9275612046868085,0.9054862779423514,0.6098939979435203,0.8996713357710033,0.9302869180633688,0.9159197701772372,0.9209817665727265,0.8711916800801187,0.5414493902199148,0.9152582079543841,0.9152582079543841,0.8035122725061365,0.9336347991328915,0.8066525844424262,0.9072118677365058,0.8996713357710029,0.5740569099235262,0.909831049842277,0.6496206948418117,0.6616335362123529,0.9152582079543841,0.9152582079543841,0.8842122443079052,0.7565155320112121,0.9384799527980219,0.7502730862504172,0.5504678467887418,0.7105388846414336,0.7523440914207298,0.6321557435807221,0.9214489273204716,0.5842643323075205,0.9152582079543841,0.8339840080055287,0.9239759423528264,0.9371382816751244,0.756515532011212,0.9302869180633684,0.5554690730268712,0.9152582079543841,0.9152582079543841,0.6801551377064803,0.9152582079543843,0.6663407190251999,0.8972500807670709,0.8019855092639763,0.8321506231964102,0.9420858227407478,0.8814261386926305,0.5842101624213688,0.8105828963996744,0.9152582079543838,0.8586206896551725,0.610422115406092,0.9180790428976138,0.9302869180633688,0.9018761436541096,0.7915624271244813,0.8508524342038157,0.9194760752462121,0.9937393740100617,0.8057649851807016,0.9152582079543841,0.5869538736100957,0.8625851059964713,0.4533544021083947,0.8734109709184206,0.775478651203112,0.9773810909232876,0.9950483392264469,0.7963239206394062,0.97613568438159,0.6081236897106694,0.4671550812438413,0.9072118677365055,0.9336347991328915,0.9303519937309512,0.9186550120230907,0.6215869539528182,0.9239759423528264,0.9125111785873636,0.5992632833964686,0.8631510629728294,0.9142977291841883,0.8981051343567512,0.9500854106526051,0.8864592094196804,0.9371382816751244,0.9371382816751241,0.8880761517488764,0.8957156269639837,0.4013562524908397,0.9564664879277862,0.9872125588573133,0.8972500807670709,0.9333160651425743,0.8158740901345864,0.9046484553665972,0.9628454933455662,0.9451832184545603,0.4627586844723285,0.9180790428976138,0.650325986242988,0.8625851059964711,0.5959440894862591,0.6480775290379788,0.9152582079543841,0.8664957973805583,0.9564664879277862,0.7623691292878554,0.9336347991328915,0.8879432507007243,0.2916716071844212,0.8607276799439829,0.9152582079543841,0.6403275854606383,0.7502730862504172,0.8902183677316946,0.6377082736583353,0.6249100834477022,0.640248264775467,0.9239759423528264,0.5988888009854957,0.8991670282493116,0.7489843900385622,0.7255413280751931,0.9272324378358678,0.7970114670522837,0.9500854106526051,0.8925262950745887,0.9152582079543841,0.8547850709517308,0.9159197701772372,0.5517470060428782,0.837672350699731,0.7212649501647284,0.9992249226337294,0.9125111785873636,0.5999915290103008,0.7890100968809906,0.874936368307071,0.6755994131501966,0.6945513159464388,0.9152582079543841,0.6728479636721086,0.7719761627955806,0.9303519937309512,0.9152582079543841,0.5872010282117109,0.9046484553665961,0.9302869180633684,0.9272324378358678,0.9125111785873636,0.8028255982978585,0.8856988418635349,0.8285035731719173,0.9132389320257914,0.925860807772374,0.9272324378358678,0.7252671672544806,0.9152582079543841,0.8791314954080305,0.9152582079543841,0.9302869180633686,0.8370816133307346,0.4479262704426522,0.9371382816751244,0.876992292556863,0.7995350730616411,0.4415455083827242,0.8707051888795787,0.9152582079543841,0.8158740901345863,0.5641455029993001,0.7707499476755912,0.9054862779423514,0.8586206896551727,0.9711878805915029,0.8748756693307267,0.8727803597140285,0.9450032706006539,0.4927777828157801,0.6945513159464387,0.9450032706006539,0.8707051888795789,0.9239759423528267,0.8088080901268471,0.9450032706006539,0.9371382816751244,0.8856988418635352,0.9496485824638997,0.8315069861698934,0.9125111785873636,0.902988179609765,0.8902183677316946,0.4518516276492176,0.8586206896551727,0.9272324378358678,0.34431333458904223,0.9867705932097048,0.9125111785873636,0.9333160651425743,0.6243241709641736,0.8707051888795787,0.8358244551518936,0.6833205034646526,0.9068017215907911,0.8470383046866881,0.9159197701772375,0.9180790428976138,0.9209817665727262,0.3889315201419854,0.8468826290818727,0.9949598499265351,0.8791314954080305,0.4958782682119084,0.9239759423528264,0.9270730230791457,0.9185583942932309,0.2540782618768266,0.8190536535586945,0.9763670444959531,0.9054862779423516,0.8745568979467342,0.9302334181929381,0.28140068320534817,0.9152582079543841,0.6742342279021212,0.8402960049689556,0.8547116092900202,0.4958782682119085,0.86822786533602,0.9761356843815903,0.8645899440480413,0.9232101627977853,0.22448456382846116,0.9072118677365058,0.876992292556863,0.8567883809445207,0.9139644727327492,0.7757909160400497,0.8996713357710031,0.9362017335636439,0.9125111785873636,0.8052750075161219,0.8541983581991326,0.9209817665727262,0.9621698344437759,0.5275160480098045,0.27098508560028434,0.9209817665727267,0.8792462116718205,0.545452071300371,0.8416120212942144,0.909831049842277,0.909831049842277,0.6480030909421799,0.9243062854435231,0.837672350699731,0.9209817665727265,0.541319344566673,0.8902183677316946,0.9270730230791457,0.4218181235224674,0.9214489273204716,0.9180790428976138,0.9336347991328915,0.4648272364956605,0.9302869180633686,0.8290620467763294,0.9270730230791457
p72_K,0.6924359190285405,0.9305733174439863,0.796688059491657,0.9001248489566038,0.8864622842804519,0.9157773781681393,0.7242072782397515,0.7708802831104741,0.1736567654939163,0.9110833848585063,0.8957643484306201,0.9168460830759904,0.9509103733010487,0.8512214835788461,0.7830048451633487,0.8555021357847687,0.995019456772326,0.9008987820381833,0.906597867618917,0.9550108469657219,0.7862266439129355,0.8623348546394312,0.9129158007108344,0.9263909248883351,0.8591451287364846,0.39657643890135463,0.940331138978256,0.7023446338243096,0.9110833848585063,0.648126921041559,0.4649237796307125,0.9368506101299683,0.935360924437538,0.5210021822156151,0.8864622842804519,0.9485464508185621,0.998689452668635,0.9669177592622797,0.9157773781681393,0.950266524050366,0.7751140922654685,0.8773362054151368,0.9620090329381987,0.7920984822710683,0.8756817347288379,0.7400014937379535,0.8941307528793183,0.469501280735824,0.8438899131338644,0.7600662924298718,0.8981423730059304,0.7614906442449785,0.4235966227113721,0.8997273685499723,0.8722472547880544,0.8409576378165506,0.8409576378165506,0.8864622842804517,0.6724604045670732,0.9455056955691956,0.3419346913506518,0.5939732619041624,0.9279189658482012,0.7751140922654685,0.9022918659842716,0.539398300188408,0.9368506101299683,0.9928414160063272,0.9128872169782782,0.9675563827821477,0.9206170430100393,0.8438899131338644,0.9565760602192026,0.562726914312496,0.8864622842804517,0.7836386250565355,0.8623348546394305,0.8655788710295136,0.512275585800182,0.9917593122917417,0.9259498258317267,0.9088098779355613,0.8351933115660992,0.8468584144181486,0.8864622842804517,0.909178258892716,0.9510444518769681,0.7226436233053508,0.9386165782405598,0.8827817928509321,0.8864622842804517,0.8352311593245665,0.7322505269126647,0.5809756420672596,0.8606368814689076,0.8386187115461277,0.8295122352333004,0.7862266439129355,0.5700293154827774,0.4967566425422141,0.9457198704189818,0.9314897302747827,0.9215191722498273,0.7661048485936623,0.7457382913818859,0.9065978676189168,0.8779415274574112,0.5305535457093118,0.9171338879258175,0.508072648676659,0.8472003048048291,0.9872190633517801,0.5028976673141631,0.7976086609556907,0.968848707670247,0.5663342062122021,0.8688814196559582,0.906597867618917,0.9157773781681391,0.4168489613009334,0.9618926044851746,0.7996708598447979,0.8591451287364846,0.8323574432143277,0.9819593334682359,0.6413907596453412,0.962540188778485,0.7739976929878719,0.9809610462488345,0.8334032066537789,0.45893280886017407,0.8941307528793181,0.8981423730059304,0.9620090329381987,0.8756817347288379,0.7509153416000762,0.8018641161027398,0.8981423730059306,0.8981423730059304,0.879190935397886,0.6544863803148575,0.911083384858506,0.5238887210797978,0.7832048119694046,0.8050455218025139,0.3661806152404139,0.9097734074238853,0.4730406961376411,0.9236723713212407,0.6356171636796919,0.9550108469657217,0.7230343325766251,0.7940029850771804,0.8464347259141753,0.8981423730059306,0.4912562686379991,0.863604449893939,0.8079513928571604,0.8209796650879928,0.7624500092181508,0.72089435210406,0.8941307528793181,0.8808617942287751,0.9264124867799657,0.7901425447676471,0.8132249165650078,0.8218234851066025,0.7751140922654682,0.8351933115660992,0.7978499801257842,0.9001248489566038,0.8827817928509321,0.5566595247194699,0.7749958209980474,0.5855592042134505,0.8530536913563285,0.9485464508185621,0.8850770754093622,0.892871526299668,0.7462121212121213,0.9757784506799926,0.43515126509173996,0.8933387541177662,0.8827817928509321,0.8632401944369199,0.7885749860370947,0.3501513131290639,0.7800363210512202,0.8688814196559584,0.8790838506150669,0.879190935397886,0.8609442969421733,0.679824725070568,0.550362236846593,0.8958660261974012,0.8864622842804517,0.9263909248883351,0.9786630756548504,0.9403657715046638,0.7429530669176057,0.3939068440172242,0.8827817928509321,0.8864622842804517,0.8271649990721222,0.5955856034840217,0.9550108469657219,0.8864622842804517,0.7276251529420694,0.39057017400914384,0.0,0.20598329996391174,0.8504859328177448,0.8827817928509321,0.8864622842804517,0.727723508100798,0.8864622842804516,0.702424756915961,0.7509733568086281,0.7113708342337631,0.8864622842804517,0.7403161244957448,0.8864622842804517,0.6618631492299227,0.5668601561041553,0.9054973831575188,0.7582194830075,0.8941307528793181,0.6090577628506978,0.8791909353978857,0.8844608451681755,0.8623348546394314,0.9170382284877328,0.6494591256734052,0.8185765480394147,0.9368506101299683,0.855914347853127,0.8898232626493359,0.8031747405871112,0.8698017393569921,0.6416376096770214,0.48186742334291677,0.9403311389782558,0.8182812851581214,0.7560778836599112,0.8864622842804517,0.9064877137327916,0.8864622842804517,0.6350131013370008,0.8562275189872222,0.8981423730059306,0.8896745771163432,0.6090577628506979,0.9263909248883351,0.7854297011879574,0.9171338879258173,0.8381194316312963,0.8655788710295136,0.5355301529235204,0.9314897302747827,0.8181837089901831,0.7795589752708633,0.9302086650716809,0.8827817928509321,0.9368056844674395,0.8049554513642714,0.9157773781681393,0.6175252714638374,0.8477038756418931,0.8498654909309764,0.5053157444704254,0.8442970666372771,0.8981423730059306,0.8838623972568233,0.9539919630685432,0.6239157488511398,0.9065978676189168,0.4768466532239741,0.5595303089907983,0.8529137105219888,0.8098934016632482,0.9065978676189168,0.8814169328158585,0.5117202135201406,0.9022918659842716,0.792721933449825,0.9001248489566036,0.8941307528793183,0.842163021958878,0.5485569602895615,0.8791909353978857,0.8941307528793183,0.968848707670247,0.655647399009267,0.9485464508185621,0.6482409835338943,0.4653396919326527,0.7810604345314747,0.7482752338667527,0.9485464508185621,0.8864622842804519,0.843889913133864,0.9786630756548504,0.9368506101299685,0.5624154724462476,0.9732192617903601,0.968848707670247,0.8970782185921162,0.9285654998056465,0.6484619788803492,0.8193450442209942,0.9808745549391589,0.909885673940581,0.9280684655803162,0.75173121014091,0.8034074783590217,0.9110833848585063,0.3402719246328896,0.9110833848585063,0.8185765480394149,0.8562275189872222,0.8410814274862977,0.9564333375388241,0.8864622842804517,0.598650544381574,0.7825121459579751,0.8738785982281663,0.9065978676189168,0.9770312968545117,0.9849746635261072,0.8864622842804517,0.8591451287364844,0.906597867618917,0.9620090329381987,0.8440471596424437,0.6824762015180659,0.8529137105219888,0.9368506101299685,0.79053937092963,0.7112774650062164,0.9171338879258173,0.49661604871711085,0.7722836895758591,0.9564333375388241,0.5681751300545421,0.7015474986353403,0.5758915002517858,0.585561788884063,0.9157773781681393,0.6059361045545317,0.912922443717268,0.5938362787217999,0.8756817347288377,0.9168460830759904,0.8723160158709273,0.7996708598447979,0.5181174316392958,0.5297990470255729,0.68723464871558,0.8864622842804517,0.37144721666758374,0.8392124024772518,0.8212843295402943,0.932500211031204,0.9110833848585063,0.5883481652127899,0.8864622842804517,0.8864622842804517,0.8438899131338642,0.8058253847798855,0.7854599502530402,0.8864622842804516,0.9550108469657219,0.8864622842804519,0.8512214835788461,0.7702277461203106,0.550362236846593,0.9565760602192026,0.8295501310031699,0.9806143176228139,0.7192294604531155,0.6627679735274461,0.8864622842804517,0.8255115261462969,0.8132249165650078,0.6119486510431025,0.5907471445520966,0.9970818503551906,0.7085603452920901,0.8941307528793181,0.549020437680781,0.8864622842804517,0.6528152208121742,0.927918965848201,0.36138325827972206,0.7139307343266812,0.8902416609981851,0.6539044558448539,0.9669177592622797,0.8864622842804517,0.807353843829627,0.5251482585995639,0.8864622842804517,0.9286175702269639,0.5372392663009519,0.6790004827600493,0.6791352581714007,0.5624154724462473,0.8864622842804517,0.6809954424556648,0.44378302969442274,0.9425174783713437,0.6849163308736774,0.6331253392348235,0.8444593143233716,0.3863536265380427,0.8469108399167196,0.968848707670247,0.8127771921543288,0.2058457711442787,0.9413707562534936,0.40945162464624496,0.8590475933348034,0.7457382913818866,0.8560058896255165,0.9755588472540062,0.8468584144181488,0.8864622842804517,0.9485464508185621,0.8005398349154973,0.5306896830864274,0.9259498258317265,0.8380594322760746,0.879190935397886,0.6859131215073913,0.9290120195510652,0.879190935397886,0.8957643484306201,0.8864622842804519,0.8997273685499723,0.7657700172750062,0.8891329643493708,0.9904950340182073,0.4224761458737385,0.9110833848585065,0.7301212447218584,0.9129158007108344,0.6870617274457049,0.8623348546394307,0.9110833848585063,0.6130400449500959,0.6100721672317987,0.8545027092410218,0.8498654909309762,0.8623348546394318,0.8238373352162471,0.8941307528793181,0.8185765480394147,0.8357142839562122,0.9174709011308254,0.8808617942287751,0.7400843742085841,0.9259498258317267,0.4649237796307125,0.689941717405244,0.6511581480750459,0.8924792771005843,0.9403311389782558,0.5576743247867978,0.7749015187531061,0.9490282143343614,0.8808617942287751,0.8844608451681761,0.6845404205415395,0.8957643484306201,0.7176664311973748,0.8808617942287751,0.8562275189872222,0.6744539331970609,0.9314897302747827,0.8798395353926876,0.7107491534340467,0.8158904503387638,0.9218849492808141,0.8836592163828572,0.7626785493480277,0.5866223431817768,0.9022918659842716,0.8593611498612634,0.8756817347288377,0.908006436853547,0.9368506101299685,0.906597867618917,0.93274583995075,0.7188332638727031,0.8053414778755117,0.8827817928509321,0.8827817928509321,0.7135876389706196,0.8138801832529765,0.8756817347288379,0.8356731575005726,0.8864622842804517,0.9022918659842718,0.8864622842804517,0.8864622842804517,0.5121530332731989,0.8560058896255169,0.8185765480394147,0.8864622842804517,0.5414857844617291,0.44299276134577814,0.9475247683209957,0.8187126133291938,0.7343854850519835,0.6724604045670735,0.8474791745646282,0.8238373352162474,0.4500362864590246,0.9038040896127963,0.9707711442786072,0.9022918659842718,0.4844509855065978,0.6088760137864702,0.4603528989385185,0.8323574432143277,0.9068549014387531,0.879190935397886,0.8948984827294416,0.9022918659842716,0.8666893379602658,0.9937923149342885,0.9607151834963714,0.9214745861311222,0.9048069198992972,0.8560058896255163,0.5103281472847924,0.8790838506150669,0.4266235005119794,0.998280667338812,0.9883211219788335,0.8817153827478952,0.9510444518769683,0.9263909248883351,0.898379397286536,0.5716568143620149,0.705868050667017,0.9368506101299683,0.6969961568417802,0.940331138978256,0.6208299105199526,0.7533564320784047,0.984974663526107,0.6420259245484843,0.8606368814689074,0.9917593122917417,0.6572548497159798,0.40631992581662313,0.7825121459579749,0.666888575723199,0.8919047203852766,0.9847104344648026,0.8236291327830262,0.8864622842804517,0.9755588472540062,0.5177997006392876,0.8864622842804519,0.740316124495745,0.8123966221562648,0.7560778836599105,0.8351933115660992,0.6539044558448539,0.9413707562534936,0.5403402097307783,0.9110833848585063,0.6593578631337698,0.9259498258317267,0.8183897822376477,0.879190935397886,0.9038040896127961,0.809922206932032,0.8105788943203351,0.9367579616423476,0.7955709136736229,0.4881659017169597,0.6377189014020799,0.9658269467892209,0.8893359697978047,0.6253116903312868,0.7403161244957448,0.8664773665764042,0.9110833848585065,0.8591451287364844,0.9651612834412151,0.7350821250954325,0.9075489346049833,0.6964519635475013,0.8827817928509323,0.6650870619002247,0.740359039533339,0.9157773781681391,0.9454771921031205,0.8443564053524308,0.839212402477252,0.8362930332131355,0.8773362054151379,0.8210433487797737,0.9076487407666443,0.9461282675204838,0.812777192154329,0.8957643484306199,0.9168460830759904,0.9368506101299683,0.9157773781681393,0.8864622842804517,0.842163021958878,0.7675118128494451,0.5333371959644289,0.869009127379877,0.8864622842804516,0.4323189846521769,0.7006323234896974,0.9982729623509399,0.8267698008899675,0.8266522796722566,0.8352311593245665,0.6641826437255482,0.9966790751726877,0.8638670046962087,0.895866026197401,0.4357310896293146,0.7749015187531063,0.9022918659842718,0.8444999298453832,0.8671481959671583,0.968848707670247,0.8334032066537786,0.9157773781681391,0.9670972943767466,0.9123483154835408,0.9917593122917417,0.8688814196559582,0.8409576378165506,0.8864622842804519,0.7429973749187144,0.7784915558889134,0.906597867618917,0.8864622842804519,0.8919047203852768,0.6150479410439273,0.5472489301823424,0.9168460830759904,0.8981423730059306,0.9080064368535468,0.9168460830759904,0.8827817928509321,0.842163021958878,0.8864622842804517,0.8756817347288377,0.856587746055933,0.8864622842804517,0.8529137105219888,0.8323623907012212,0.906597867618917,0.968848707670247,0.9022918659842718,0.8902416609981851,0.8827817928509321,0.6650870619002249,0.36682572517203116,0.6318049106066176,0.7328842347650741,0.8864622842804517,0.8992953088588895,0.9314897302747827,0.8808617942287751,0.5858386337016712,0.8381441795736675,0.906597867618917,0.9263909248883351,0.9171338879258175,0.9475247683209957,0.9171338879258173,0.8864622842804517,0.8105788943203358,0.8723160158709273,0.857454542398433,0.4862475209579964,0.9561353032328332,0.9904950340182073,0.8704840658629895,0.9314897302747827,0.8779415274574112,0.4410422500583089,0.8864622842804517,0.8864622842804519,0.8283330937850475,0.9110833848585063,0.7482999886566373,0.9403311389782558,0.8655788710295136,0.46185040464535765,0.879190935397886,0.5621925857680663,0.5932830510815201,0.8864622842804517,0.8864622842804517,0.8531312712965915,0.7165813126991027,0.9064877137327916,0.6876659594181673,0.3627308260757206,0.617788699589298,0.6740153841434711,0.538923808584424,0.9322776343834582,0.5000895225627608,0.8864622842804517,0.8182692995544196,0.9755588472540062,0.9157773781681393,0.685242884271978,0.9065978676189168,0.4686195481956641,0.8864622842804517,0.8864622842804517,0.6030126579807795,0.991632948188578,0.5995676105286367,0.8623348546394309,0.7967252971321719,0.7751140922654682,0.8380594322760742,0.8155142200592977,0.47174974275961334,0.7804689061768175,0.8864622842804516,0.8105788943203351,0.5159174970495322,0.9263909248883351,0.906597867618917,0.8772048846675717,0.769410065152518,0.8659852770068093,0.8158904503387638,0.9263909248883351,0.7687313857144664,0.8864622842804517,0.4849278434876394,0.909178258892716,0.6188839908270973,0.8385341313485837,0.6991845409765629,0.9768888358739715,0.7295806243538592,0.7391645273726639,0.982743090758416,0.6717648789385375,0.5812029915575361,0.8756817347288377,0.9989383090729373,0.7330999107102135,0.9549391496582185,0.5459897633482607,0.8981423730059304,0.8827817928509321,0.4587492851760089,0.8709462225267633,0.8562275189872217,0.8964665294404832,0.9917593122917417,0.8562275189872222,0.9157773781681393,0.9157773781681391,0.8444999298453832,0.8923668834222103,0.3817277363849694,0.8681394999339207,0.9110833848585063,0.8623348546394309,0.8919047203852766,0.7506264363281216,0.9038040896127966,0.6062538537731914,0.9195293122683741,0.49537048663084216,0.8902416609981851,0.5575551010699691,0.8158904503387645,0.5587322134548984,0.61128808573724,0.8864622842804517,0.8352311593245665,0.8330826119645454,0.7312557033963076,0.9110833848585063,0.8773362054151366,0.47633228051513843,0.8934222005417536,0.8864622842804517,0.5555321608619928,0.6724604045670737,0.8529137105219888,0.5520562980271454,0.5004876576526107,0.5306896830864274,0.9368506101299683,0.5006779232972458,0.9281861080649161,0.7649340659424572,0.6944239566224097,0.9129158007108344,0.7135619217451148,0.9455276575216821,0.8844608451681755,0.991632948188578,0.812777192154329,0.8438899131338642,0.4544650575316056,0.7825121459579751,0.7140492920041877,0.991632948188578,0.9168460830759904,0.5210383652566395,0.7234753402496816,0.84691083991672,0.5969100142904117,0.6320182865053628,0.8864622842804517,0.5987988009130418,0.7453672047112836,0.9245765316454824,0.8864622842804517,0.497815286244343,0.9984745940870214,0.9065978676189168,0.8844608451681759,0.8827817928509321,0.7374004111562467,0.9640002989117291,0.8100573434149834,0.9195293122683741,0.8596859071816754,0.8844608451681757,0.6737061432982436,0.8864622842804517,0.8380594322760744,0.8864622842804517,0.9485464508185621,0.7847896576543318,0.2959934857575177,0.9157773781681393,0.835193311566099,0.7550901256780302,0.47762055865681985,0.8267698008899671,0.8864622842804517,0.8134203880781347,0.489094333975293,0.7478105726687396,0.9076487407666443,0.8105788943203363,0.8981423730059306,0.8323574432143281,0.8295501310031699,0.9285654998056465,0.48313051967111953,0.6471226946361575,0.9285654998056465,0.8267698008899675,0.8981423730059306,0.7810604345314747,0.9285654998056465,0.9157773781681393,0.9640002989117291,0.8928627556609152,0.8555021357847683,0.8827817928509321,0.8295501310031699,0.8529137105219888,0.31682064435140267,0.8334032066537793,0.9129158007108344,0.3336309167936421,0.8635744068457544,0.9509103733010487,0.9510444518769681,0.5648798928124148,0.8267698008899675,0.8005398349154973,0.7276251529420701,0.9314837941887083,0.7950607243576513,0.9768606767794918,0.8902416609981851,0.8941307528793183,0.522844207563379,0.8800635159858776,0.6457891193212351,0.9154821495364778,0.6526459886611893,0.8981423730059304,0.9425174783713439,0.8766866279685201,0.47783030105807467,0.7529665919826991,0.6710266026145006,0.8825516415825392,0.8022905758393089,0.888139508331151,0.4522109346243207,0.8864622842804517,0.5264860015930057,0.7812084503503387,0.8500703711925581,0.44915186874411606,0.8103437362962855,0.982743090758416,0.8185765480394147,0.8472003048048291,0.4235966227113721,0.9950194567723258,0.835193311566099,0.997314795131528,0.8356731575005727,0.6628507794805396,0.8655788710295136,0.925109089450614,0.9168460830759904,0.8311698303203681,0.772598010161005,0.8941307528793183,0.8902416609981851,0.4678312980551774,0.36190582269975335,0.9314897302747827,0.9331087443813524,0.45758603546848275,0.8120392625288222,0.9123483154835408,0.879190935397886,0.5272431185467319,0.9367579616423476,0.8031747405871112,0.8941307528793183,0.44502608097258856,0.9647060453491338,0.9022918659842718,0.2698090757947348,0.9048069198992972,0.8902416609981851,0.9110833848585063,0.4559121276222553,0.906597867618917,0.7334238209085346,0.9022918659842718
p72_R,0.8383181331029109,0.9718569852286911,0.7296379131216182,0.9121416798754112,0.857008403331583,0.8939283999593048,0.8890400154843346,0.8957714992026893,0.34583167720441477,0.888016693934205,0.8575188357488202,0.912886430027493,0.9128864300274931,0.8035490586609266,0.8814361239607085,0.9589491945438962,0.9582772260637085,0.8551303703623313,0.882367546706716,0.9270340353108139,0.7167986651173421,0.8266218514619259,0.8691996695255616,0.8938767975645252,0.8483580968209999,0.5208716152924309,0.9008541983177106,0.8049463377397912,0.8880166939342053,0.8750237799613421,0.5869619529568402,0.906100043689203,0.8951646744396655,0.6418874587049879,0.8570084033315831,0.919627204161335,0.9580939456561927,0.9231941516290606,0.8939283999593045,0.8978779888113962,0.7167743351943231,0.8597178833007997,0.9349923761154103,0.8677294028010358,0.8434311705717132,0.6424897446589666,0.8666662211060936,0.5932897671622213,0.8033919351330514,0.8766615192798501,0.8717185331373516,0.6778125624952913,0.5448715389210939,0.6993663833841355,0.8671351972502712,0.7996989708450453,0.7996989708450457,0.6447787703816181,0.8721222956652896,0.9067529594461945,0.49344143662349804,0.6681186198112219,0.879130293990994,0.7347164777877544,0.876944484906568,0.7365505542702788,0.9404815542410546,0.8462420297901494,0.8997387931822323,0.9941465190705734,0.8856161665871355,0.8033919351330516,0.919285006617433,0.7415845619571799,0.6447787703816181,0.7136176802235112,0.8528864588605993,0.830707428490639,0.685888137358647,0.9760563522715157,0.8843302430070012,0.8892289946073557,0.8233685471076142,0.8071305231050053,0.6447787703816181,0.8717042329345136,0.9579448884552954,0.888747275009061,0.8574883176286964,0.6332637536939161,0.6447787703816181,0.7981075770517976,0.6359942850254356,0.6601735216024927,0.755569926032184,0.9186361107776194,0.773926398358943,0.7335140078145894,0.7538336865763449,0.6486947257088131,0.9392771616877613,0.8998492893872084,0.8881467049745081,0.704101598673847,0.9463908385559952,0.8823675467067157,0.833538234622154,0.7108989266409571,0.899864992616022,0.6911374946698454,0.7771268373740458,0.9329181680524055,0.6915242853027164,0.8609448425682984,0.9662154259494388,0.7544999676759057,0.9170608799974956,0.9196272041613349,0.8939283999593042,0.584990522864046,0.9534892410030869,0.726977185610072,0.8226046489234888,0.8111595167276993,0.9288703169797028,0.8441994631629886,0.925985371610359,0.9568873961450971,0.9963436067167888,0.9236238571148092,0.6093839499854261,0.8666662211060936,0.8717185331373516,0.9349923761154102,0.843431170571713,0.7792332061083898,0.7396975576939326,0.8717185331373515,0.8717185331373514,0.6514802883117781,0.5445120204016987,0.8880166939342048,0.6952227028311615,0.7320648294364133,0.7669446932090829,0.5112036431210365,0.991257318079524,0.5777098225776249,0.8742564753918104,0.7563198431898696,0.9660513766874225,0.7567200798140217,0.726943986391356,0.9621953205892575,0.8717185331373514,0.6060702293772948,0.844108275052627,0.7781951497190333,0.8267618198037472,0.974930043383255,0.956993919293494,0.8666662211060931,0.8644048898104938,0.7619535178159031,0.7283091399878282,0.785261455290173,0.867137258560363,0.7347164777877544,0.8376383475152337,0.8629126862612333,0.8687046313896171,0.8523731211903475,0.665251297591211,0.9756139873143648,0.7385315075764667,0.8001699121619759,0.9196272041613349,0.9309203656371061,0.8385073538093976,0.962940530949492,0.9482948071998746,0.5234811030054618,0.9160141298806421,0.8826297756089203,0.6833889070857843,0.7494481265130133,0.5405587804601644,0.7593968324993916,0.7267644359997333,0.8733260220336166,0.8478507258139242,0.9562956319157503,0.6092690420627676,0.6679331993269655,0.9800012769954543,0.6447787703816181,0.9259853716103591,0.9362040762623298,0.8282621264400092,0.6773168351694228,0.46584353569877335,0.8523731211903477,0.6447787703816181,0.7527796499925141,0.7081015917095119,0.9270340353108136,0.6447787703816181,0.6029606763761128,0.5087305195813023,0.20598329996391174,0.0,0.7883173670029098,0.8523731211903476,0.6447787703816181,0.9787015420096823,0.644778770381618,0.8918552189255773,0.7579990933922058,0.7193948893620372,0.6447787703816181,0.983279178798413,0.6447787703816181,0.7921330105379354,0.6922892667542051,0.8467302863356787,0.6822851615705006,0.8998492893872082,0.7090160616883008,0.6809314051279127,0.8439253499767936,0.8528864588606003,0.8671675727709441,0.5929265599378089,0.7715117931998932,0.9061000436892033,0.7629035295961656,0.8454982153303764,0.7811505049971929,0.7990641947982368,0.7114610993326911,0.6100958094569962,0.9295657121907097,0.7600375666464962,0.82818698920859,0.6447787703816181,0.8729153679892481,0.6447787703816181,0.8834113033300888,0.822258567239115,0.9404815542410546,0.9976453864514689,0.7090160616883008,0.8938767975645252,0.880701846036364,0.874111544718511,0.8017805033625467,0.9915758720397254,0.6876369833908922,0.8998492893872087,0.7786683719779514,0.8795723160507694,0.9958586920040942,0.6635204081124888,0.9801384080901827,0.7264145198309934,0.8939283999593045,0.7845765166603247,0.810280455013355,0.7986807878583737,0.652451853097106,0.7736064627949909,0.8717185331373515,0.9071291095221627,0.9929794377188216,0.8100734516373296,0.8823675467067157,0.6495340671341909,0.6599881374075018,0.8644048898104936,0.8763696964614986,0.8823675467067157,0.7861800072330538,0.7205257979853146,0.8729505778377458,0.749319057051367,0.8469861071467203,0.8666662211060931,0.8134118466352592,0.7455984076725297,0.8478507258139238,0.8666662211060937,0.9330323576683234,0.5538774132765723,0.919627204161335,0.7874968599741767,0.2933506532566308,0.7104469950918599,0.661448071334696,0.9568868616159542,0.8570084033315832,0.8978779888113964,0.9362040762623299,0.9748630647929062,0.7484822602329084,0.891827244455398,0.9330323576683236,0.8742564753918105,0.8672198966841805,0.7524520056884486,0.7644111657438593,0.9374636204293296,0.9455871089283621,0.7905924177440169,0.6494342977487375,0.7510105463046581,0.8880166939342056,0.49382293895261786,0.8880166939342055,0.8553119000706246,0.801985509263976,0.8030246364736346,0.9674184374883308,0.6447787703816181,0.681321829688579,0.8362094227924259,0.8311304467336682,0.8823675467067157,0.9841323151590049,0.9733997388646384,0.6447787703816181,0.9771253363085551,0.8823675467067159,0.9760563522715155,0.9042187555531644,0.6814002313968457,0.8147566802167696,0.906100043689203,0.8544287629234837,0.6154720464025816,0.925618440513533,0.6003047361512324,0.69416447655972,0.9993984942305539,0.6628374854226688,0.5923142705116271,0.6719683307685376,0.6670910034745814,0.9349923761154103,0.7108034657883127,0.8762619267883077,0.6898458299687364,0.8434311705717132,0.6332637536939161,0.8641651474031932,0.809628138201133,0.7050428158951696,0.6467451066176106,0.5854820866795878,0.6447787703816181,0.5044650545887985,0.7888439424005123,0.8385073538093974,0.8924193055680141,0.9270340353108136,0.6768285502934381,0.6447787703816181,0.6447787703816181,0.8033919351330514,0.7477218445878463,0.737122563433198,0.644778770381618,0.9660513766874224,0.8570084033315833,0.8252675829038232,0.7106203762852267,0.6679331993269657,0.9192850066174331,0.7853321359751215,0.9895258967473566,0.625372475264623,0.6766701826453752,0.6447787703816181,0.7626081321348737,0.7852614552901729,0.7471328423987897,0.672617291264527,0.9613199080921117,0.879482709358248,0.8666662211060936,0.741780986546118,0.6447787703816181,0.6577780247562034,0.9991299121343082,0.5348021046547533,0.6048840703990954,0.8617682235186919,0.5664055755091011,0.9231941516290608,0.6447787703816181,0.8129650468068528,0.40296952821828114,0.6447787703816181,0.9393214365774878,0.6652873259372867,0.6122709849225842,0.5753615618775407,0.7619535178159029,0.6447787703816181,0.5790966728278248,0.5371698346112397,0.9841323151590049,0.9607161788874538,0.8614307403413146,0.9388589660384983,0.5310186495632379,0.7953973483088586,0.9330323576683239,0.784946103902374,0.3888200571629632,0.8944739890743292,0.5830312095469385,0.8484382164183766,0.6668473384717828,0.7769598567916893,0.9404815542410545,0.807130523105005,0.6447787703816181,0.919627204161335,0.7593968324993914,0.7247538318954565,0.9111416502651823,0.7960489146933998,0.6514802883117783,0.8764696059700834,0.9134717581604723,0.6809314051279134,0.8843302430070014,0.8570084033315833,0.8622647747663007,0.6916081948641796,0.9697087372101489,0.9941465190705733,0.614492545115479,0.9270340353108141,0.7815605412309297,0.9955712672694004,0.8333061255540473,0.8528864588605993,0.8880166939342055,0.597776581042626,0.7024982859972824,0.9451311832100295,0.74988059802397,0.8266218514619268,0.7995034775956038,0.8666662211060934,0.7924618199175765,0.8603114759417743,0.9870950124613466,0.8395807850136314,0.8346720999698916,0.9647644647815445,0.5869619529568402,0.8605474564985351,0.7586341414598086,0.844266489857877,0.9582772260637085,0.7477374352457526,0.7944602006341236,0.9121416798754111,0.9140530994042176,0.675862578596619,0.5821164813482003,0.9111416502651826,0.6698225594634524,0.8644048898104938,0.8830777411645316,0.8881936289170864,0.8998492893872084,0.7792332061083896,0.815277240656626,0.8095590150340124,0.9782092407173433,0.7077762212924728,0.8773785000331716,0.7054873594544013,0.9126737616573803,0.8467302863356788,0.8721426844447118,0.8721426844447124,0.906100043689203,0.8823675467067158,0.9003267064040642,0.6331249299175836,0.7548432896743336,0.8523731211903476,0.8523731211903477,0.6583789360001895,0.7766375347873175,0.6971846074603067,0.778668371977951,0.6447787703816181,0.9126737616573806,0.6447787703816181,0.6447787703816181,0.7033963819667846,0.7769598567916898,0.7715117931998927,0.6447787703816181,0.5205908804885879,0.6258022355318116,0.6506419254072744,0.8043393120258294,0.6654799389786834,0.6830395637294089,0.7847196600248967,0.9435549060266384,0.630192197695931,0.9927174168027555,0.9629405309494921,0.837221301086934,0.6104189512279772,0.5295423344106129,0.4047103223917068,0.788867719308608,0.9086289852345717,0.8773018426300594,0.7680503139696395,0.8769444849065682,0.830532745304847,0.9662154259494389,0.9006159205471591,0.9054156736579474,0.9085180731352038,0.8186510304280258,0.6907499583150014,0.8513275505189929,0.5686639061065046,0.9450226281718648,0.8435660052959395,0.9342353692072158,0.6743506079632708,0.8938767975645256,0.960961376446859,0.7234165923282787,0.7190862493303317,0.7500848507922824,0.6122212310437118,0.8694536906982979,0.7527778213531289,0.6893723168412156,0.996343606716789,0.7738481405685951,0.8150388071567569,0.9828796715723791,0.5614863789134865,0.4996900551768588,0.8729153679892482,0.5814791650619286,0.8528864588605999,0.9283727343468821,0.8597120670251039,0.6447787703816181,0.9404815542410545,0.5590710135577706,0.888146704974508,0.7439454785724527,0.8582028597539861,0.8281869892085902,0.815038807156757,0.5664055755091011,0.9702969477206326,0.7403151857118793,0.9270340353108135,0.5797943886800486,0.9548013134439126,0.949481288149755,0.6514802883117783,0.8951646744396662,0.6765692028118597,0.7817124512888372,0.9140530994042178,0.6898876229019009,0.6126317866093229,0.7515836136327624,0.8562429555240654,0.8762619267883074,0.556776684585087,0.6691536972518416,0.9436307116622982,0.9660513766874222,0.8741115447185108,0.9776889062521399,0.6591944941657298,0.9619078786250497,0.5436632276151683,0.6635204081124888,0.6272918590166199,0.6516302083837817,0.8939283999593048,0.9641145842327825,0.8678692326449851,0.8095590150340126,0.8057510656386747,0.8841179782180014,0.8504552002591691,0.8557431115658819,0.899864992616022,0.9656645681405694,0.8575188357488197,0.8826297756089202,0.9061000436892029,0.893928399959305,0.6447787703816181,0.9600620336590393,0.6970094273857832,0.7050428158951694,0.8173122444164198,0.644778770381618,0.4781339012094614,0.6159797731835486,0.9423900422539511,0.8706730776956202,0.7662207523063712,0.7981075770517976,0.7841269664695796,0.9456928497108369,0.8189717701217479,0.8295563380294408,0.39065982070739036,0.7093968428070361,0.8769444849065684,0.7995034775956036,0.8229620026521648,0.9330323576683235,0.7817124512888373,0.8939283999593042,0.9517996755947726,0.9067529594461947,0.9760563522715155,0.8348667221507036,0.9625401934948806,0.8570084033315832,0.9391208345277624,0.7072860327164716,0.9196272041613351,0.8570084033315836,0.8528864588606002,0.5028190528065349,0.6272409419859566,0.6332637536939161,0.8717185331373515,0.6397615797143088,0.6332637536939161,0.6332637536939161,0.8513877258818137,0.6447787703816181,0.8434311705717131,0.7681568665339873,0.6447787703816181,0.8395807850136313,0.9503497258846119,0.8823675467067157,0.9330323576683239,0.8769444849065682,0.8617682235186916,0.6635204081124888,0.5467479669607991,0.5553693612614581,0.7264112176941546,0.8804928416808988,0.6447787703816181,0.8525051345670998,0.8998492893872087,0.8395807850136318,0.6961378298938636,0.7801631855403656,0.9196272041613349,0.9259853716103591,0.874111544718511,0.9750108530094963,0.9198608721014003,0.8570084033315833,0.9141916790840798,0.8641651474031931,0.8334513141467907,0.45156411279597397,0.9111416502651825,0.9941465190705733,0.8270134485526377,0.8998492893872089,0.8904389344569908,0.6345532746828733,0.6447787703816181,0.9192850066174333,0.7498018294175821,0.8880166939342051,0.6699706775966248,0.900854198317711,0.8307074284906392,0.5850150989935146,0.6514802883117783,0.46301188536767,0.7104870428806005,0.6447787703816181,0.6447787703816181,0.7603125504206207,0.9421846068973052,0.9830332035797164,0.710051382577392,0.562315235851718,0.5208721945511081,0.6625017664630501,0.7162329627622404,0.8841179782180018,0.6703943559750483,0.6447787703816181,0.9006159205471591,0.9404815542410545,0.8939283999593045,0.5942410593156351,0.8823675467067157,0.6402831360046881,0.6447787703816181,0.6447787703816181,0.7815236502133378,0.9504233082603579,0.798482986055679,0.8528864588606002,0.7155664585191797,0.716774335194323,0.9517996755947726,0.8782536185352056,0.6681532077834555,0.7826163792988178,0.644778770381618,0.7614393933136983,0.707712594181541,0.8938767975645251,0.8823675467067158,0.8542227118514572,0.9337723727254401,0.861950203916515,0.788843942400512,0.8938767975645252,0.7668399239194044,0.6447787703816181,0.6724817101296041,0.8717042329345137,0.7270192444093024,0.8758116201992755,0.6666645319136786,0.9718569852286912,0.8386884806306445,0.6763023599543677,0.9484030384081925,0.8175057581340099,0.74229070912971,0.843431170571713,0.9660513766874225,0.7837989807240331,0.7128710043217357,0.7383437008755585,0.906100043689203,0.6635204081124888,0.6222092158701684,0.9211446474695235,0.8425316252142537,0.8856161665871355,0.9760563522715157,0.822258567239115,0.9760563522715158,0.9349923761154102,0.7995034775956035,0.6316149113661642,0.519462410269369,0.9250234851679422,0.8880166939342055,0.8266218514619259,0.8528864588605994,0.6672037056775575,0.8951646744396661,0.693777062531062,0.8927510980735229,0.362389848883405,0.9455803322063061,0.4683038116689606,0.7761395322959772,0.5345875298871334,0.5640908416232808,0.6447787703816181,0.7981075770517976,0.8938851835250172,0.6813226634544818,0.888016693934205,0.8597178833007998,0.5894648046585429,0.8005326042910966,0.6447787703816181,0.5379077912157204,0.5749922883374776,0.8395807850136321,0.7497122404629497,0.6863022804951193,0.7247538318954565,0.906100043689203,0.47056100421800107,0.8915410148716634,0.9252890629748389,0.8204374971112616,0.8944739890743294,0.8575984705701292,0.9418156954162737,0.8439253499767938,0.9815616099032829,0.802759627327879,0.8033919351330516,0.6350583685022892,0.8334370704361702,0.6024272708288183,0.8627468818820916,0.6332637536939161,0.6629750007354975,0.6392369847235961,0.9235194757232335,0.7604904914836923,0.730989583706197,0.6447787703816181,0.6585244078670494,0.6604257467934709,0.890423155632514,0.6447787703816181,0.686776680563213,0.9512236288184555,0.8823675467067157,0.5747653004015489,0.6635204081124888,0.7971446939490916,0.9768701642370289,0.7459979036904307,0.9444076792766425,0.8184308613679432,0.8691996695255613,0.5821628501193403,0.6447787703816181,0.9335860472634875,0.6447787703816181,0.9196272041613349,0.7124873102449323,0.45420989775811704,0.8939283999593045,0.8150388071567569,0.6453111485323294,0.5775925739741308,0.8035490586609271,0.6447787703816181,0.8205848838583183,0.5849820643211239,0.6665849687733738,0.9003267064040639,0.8939186211089412,0.8717185331373515,0.8544635219859327,0.7853321359751214,0.7844567273912892,0.6297890524865215,0.6370771029840733,0.7844567273912892,0.8035490586609267,0.8717185331373516,0.7104469950918599,0.7844567273912892,0.8939283999593045,0.9991299121343082,0.9455803322063061,0.7765677571647085,0.8523731211903477,0.8073306074897453,0.8147566802167696,0.48296095168131803,0.7817124512888375,0.9538800936330645,0.4593393113812654,0.9367714172515005,0.912886430027493,0.905415673657948,0.5253440666835896,0.7818305344180304,0.7411851589474359,0.8264878644182194,0.638598531703952,0.741895509712788,0.9214995022309825,0.8617682235186914,0.8666662211060937,0.657829613838034,0.8228162361403453,0.7454939767396409,0.8877403364067918,0.7740377358374431,0.9404815542410546,0.9126737616573806,0.9165510854296053,0.5973731435228515,0.7154756702350509,0.7554244596624777,0.8334513141467907,0.979376305862182,0.8483580968209998,0.576712190100789,0.8881467049745082,0.6446784280236102,0.7204017511943132,0.9137600507373362,0.5932897671622213,0.9526310616770506,0.9484030384081925,0.7715117931998932,0.9699620271498337,0.5208716152924309,0.9582772260637086,0.860237887873711,0.9500221889089312,0.9727794011338451,0.8462652218721751,0.8307074284906393,0.9244642676996757,0.8826297756089203,0.7859074222628849,0.9251482799066832,0.8998492893872083,0.8617682235186914,0.6215213845072105,0.4933425670278164,0.9330323576683237,0.8562001976043899,0.6165568671243342,0.9642754306259935,0.8773018426300596,0.8478507258139241,0.6913840946574419,0.9388772042010796,0.7444445598003699,0.9342353692072158,0.5348021046547538,0.9388772042010801,0.9126737616573806,0.4403122377695443,0.9085180731352036,0.8938767975645253,0.888016693934205,0.5622246221068032,0.8823675467067158,0.8726657820339369,0.8769444849065684
p74_P,0.9210483347420546,0.9940400008298873,0.87816594774628,0.8158269777848213,0.9442661027800154,0.9813508256697674,0.9025751611267949,0.839032132566738,0.8199728879933695,0.9255474930154988,0.9551827331085333,0.9018497344665104,0.9018497344665104,0.9372551855009494,0.8473272551128168,0.7968647097561843,0.9590193028129266,0.9324044867801067,0.9217916370027819,0.925547493015499,0.6615190908818653,0.7834908212044724,0.9752107011246878,0.9486563558223772,0.8576833897058398,0.871770029122154,0.9590193028129266,0.8436077083923403,0.9255474930154989,0.9481064239187631,0.9441063970569614,0.9147116017278333,0.8930288547304033,0.9401949542071442,0.9442661027800154,0.8428722888874072,0.9080961023073577,0.9638437528988761,0.9294779121965995,0.9815195207917642,0.4403616712071059,0.8742879430656605,0.9294779121965993,0.8370066724312023,0.9684426716848203,0.649415152860719,0.9532701319100471,0.8365856713228098,0.6234489675473112,0.797487634323575,0.9147116017278333,0.7333809715233761,0.871770029122154,0.890210541603184,0.9284363038146396,0.4278979625090997,0.6336025591674523,0.9049315186013059,0.6468226566838191,0.8988430035065227,0.8241649990671217,0.9995750768290399,0.8553749114170581,0.8483300014344475,0.5853398566682777,0.8628337390384064,0.7812680616619965,0.8233502854441623,0.8401551959861209,0.9370067185313316,0.9034808731175377,0.41457447815471293,0.9049315186013057,0.7105378940954103,0.9049315186013059,0.7295806243538583,0.6839567403970843,0.6383921890537811,0.6866705519355043,0.9149033473838963,0.9213139766220595,0.935009577556714,0.8905507281409013,0.8717700291221542,0.9049315186013059,0.9766783042884537,0.9162029289476572,0.9735817449477773,0.8891142900152288,0.9018497344665103,0.9049315186013059,0.7268042860455461,0.6479511528595103,0.7840179390929678,0.8620024941098834,0.8365856713228099,0.7579175620573997,0.703749464390385,0.6802049396622263,0.7471366342125103,0.6336025591674521,0.920977133636502,0.9442661027800154,0.8540581067128075,0.9729000853130612,0.9217916370027818,0.9939920529863588,0.6545887789625549,0.8820580577672704,0.7148409938593125,0.7330604696642047,0.9667561449440303,0.6900877319536091,0.7304718110292687,0.9113525537588968,0.6113156756831313,0.9594301810876531,0.9217916370027819,0.7074116934912256,0.7530518467189222,0.8370066724312023,0.6924582174103713,0.947122695898993,0.8877874242285112,0.8856921402460345,0.863899912953414,0.9892166093373965,0.7780466128014065,0.9018497344665104,0.8926108569735699,0.7815622495338467,0.7533068210319,0.911562491637784,0.9294779121965993,0.48752213704828185,0.9821365475267401,0.793898844175256,0.8681310149791885,0.9581430783864289,0.898843003506523,0.6326678103557402,0.9255474930154988,0.7062149995195919,0.37667105146918267,0.8515557716702038,0.8572922564839237,0.8865365905029692,0.7223758568067653,0.8692844153563806,0.5815990342739761,0.8280147088658023,0.8241649990671217,0.9720842899414146,0.8134253435598484,0.9549939682963797,0.8692844153563808,0.6894605385517798,0.8391920312990694,0.7696676593845878,0.7968647097561838,0.9683741933889731,0.8790595554853518,0.9977262825967363,0.6468548021911562,0.7901880893127253,0.6904996549084417,0.9292123970868682,0.8796911117473251,0.6812257613938326,0.7104700363661218,0.9804388689276406,0.9070459249947542,0.9568526396305748,0.8826917324229407,0.9963710231632967,0.7043418183449053,0.9217916370027819,0.9338148053070625,0.6677096374582387,0.8084925885349055,0.9166669015101279,0.9401387219343333,0.8980798977281887,0.9400706025742575,0.8301644070626621,0.8300522232165486,0.7904699463920908,0.8618286868084276,0.890210541603184,0.9128551938412922,0.8988430035065227,0.9930813109895489,0.795009983858163,0.7080186714510874,0.8479206665400942,0.9049315186013059,0.9080961023073577,0.8988430035065228,0.8137531923054393,0.7585323979754404,0.8407338233809278,0.9400706025742575,0.9049315186013059,0.6643950636295779,0.8602434487957166,0.9255474930154988,0.9049315186013059,0.7410415280099101,0.8413921158471316,0.8504859328177448,0.7883173670029098,0.0,0.4483955077017885,0.9049315186013059,0.7489832831955361,0.904931518601306,0.8877894915376969,0.7667516042146318,0.7585323979754405,0.9049315186013059,0.7684560343422069,0.9049315186013059,0.8326237041484201,0.982048543862855,0.9989052539587463,0.5733190286858576,0.7113892428807502,0.6055044394923248,0.8988430035065229,0.8794294801784418,0.8847289094375663,0.6056989815815377,0.6112887404907723,0.7284786958388505,0.8246995383205924,0.8343612972776209,0.838462059299615,0.9966379876704434,0.7454984223645347,0.8413921158471316,0.8413921158471314,0.895904646182567,0.7133395158795335,0.9360462988835683,0.9049315186013059,0.8410748755049141,0.9049315186013059,0.9973635847428506,0.8413921158471315,0.9147116017278334,0.8933590343020352,0.5886295324713839,0.9080961023073577,0.8391920312990694,0.8576833897058407,0.808834533709522,0.8077359714861503,0.7591508897657239,0.9113525537588968,0.7887653563234449,0.7691418179970517,0.7264963443101278,0.9018497344665103,0.9633200991265265,0.7245791633340495,0.9294779121965995,0.9528148553199034,0.846928191664907,0.9051106770251173,0.8751868852980644,0.737256286763142,0.9147116017278334,0.7347027621550338,0.6715568873275588,0.871373442858508,0.9217916370027818,0.6798047536838976,0.8898848290514582,0.5273509947965678,0.8848340714494793,0.9217916370027818,0.9100769844438137,0.6692898117563961,0.9633200991265263,0.6727969531076428,0.5689091410705907,0.9113525537588966,0.7549432281348873,0.6900877319536091,0.9732495942606136,0.5856365084272992,0.920977133636502,0.5450445059992337,0.9370067185313316,0.8267178195135201,0.7469476449989945,0.692458217410372,0.8166833437456207,0.9840739333532937,0.6230534712541773,0.8323234569399083,0.9523438149852952,0.9147116017278334,0.6468548021911562,0.8546519604704221,0.9628947117876525,0.9516803080213927,0.8694906326534081,0.5369425513369428,0.8305317565246901,0.8042949548618118,0.9272243457953737,0.7115353284694688,0.727646384593004,0.7651898370568243,0.8280147088658016,0.8433411131205049,0.9748350526392388,0.834336825022997,0.8413921158471315,0.5841396668805883,0.9113525537588966,0.9049315186013059,0.9147116017278331,0.8410748755049141,0.6431543096142227,0.9217916370027818,0.9181860947060069,0.8306041887792597,0.9049315186013059,0.9145903768331316,0.9688588518247441,0.9813508256697672,0.9557524192850102,0.8442014069600564,0.5900676998365897,0.958143078386429,0.6880981961824122,0.47932548210614545,0.8820580577672703,0.8930288547304034,0.45582597402357283,0.9113525537588968,0.8745533197205991,0.5291924741895615,0.890210541603184,0.8572922564839238,0.9667762608570643,0.6119278573200657,0.7549432281348869,0.6182498375443946,0.9227502900618001,0.9018497344665103,0.9339347452127675,0.5880517250645585,0.6388570207549963,0.6581809959182876,0.5100348239395345,0.9049315186013059,0.7449108435862046,0.8720073716712091,0.6141613852667476,0.9243428379798313,0.9255474930154988,0.728552002019483,0.9049315186013059,0.9049315186013059,0.8991236281267515,0.8433411131205046,0.6442809100180571,0.904931518601306,0.9748350526392388,0.505049718718048,0.7060857170229411,0.6784639219422486,0.6234493507040707,0.9836006869587253,0.6425215947747809,0.916202928947657,0.46849229312433516,0.5384229855745057,0.9049315186013059,0.6702818074764592,0.6387338063863055,0.6157288222887889,0.6376341237235599,0.968433095264283,0.874221116344436,0.585636508427299,0.635286362744305,0.9049315186013059,0.5479101278822758,0.9627217156090833,0.9240134575839624,0.6863407118202798,0.9486563558223773,0.5248827794701749,0.999251201983113,0.9049315186013059,0.8499532476889176,0.6684586237305841,0.9049315186013059,0.8572772924183015,0.7176786755951297,0.5236622680863101,0.5197345109745906,0.6468548021911562,0.9049315186013059,0.890785464051761,0.7489832831955361,0.991545896452954,0.9284501437951085,0.6057747127863523,0.8262762309308546,0.828398293987237,0.550865418350339,0.953270131910047,0.8546519604704221,0.7874959163934856,0.8970810042803181,0.7428726876237934,0.7611880348485065,0.7535029546449477,0.8794294801784416,0.9147116017278332,0.8553749114170581,0.9049315186013059,0.9370067185313316,0.999860994654737,0.9760906459368257,0.9213139766220594,0.8644023815981577,0.898843003506523,0.9285941991601008,0.9296628836325647,0.898843003506523,0.989051489595007,0.9049315186013057,0.9248203613454188,0.6796225131925842,0.6892943843367914,0.9217916370027819,0.7306048384599253,0.9255474930154989,0.9713501794278787,0.9113565538271904,0.6785691774740595,0.8830249020118615,0.6801520299945822,0.8649933085671035,0.869490632653408,0.862356917909604,0.8742879430656607,0.9179069363733621,0.6256959606426884,0.9113525537588967,0.6490850989507404,0.7576703724950384,0.8298909715602121,0.8768403073232188,0.8570262045124728,0.9213139766220595,0.8877874242285113,0.8528854882724719,0.6924505153712225,0.8245551601423489,0.9321736589336937,0.9697796624968162,0.7961946961983486,0.8823845551200094,0.8768403073232188,0.8794294801784419,0.5132958360602127,0.9213139766220595,0.7998380283360457,0.90819865984323,0.8256860668310184,0.9628998967509308,0.9113525537588966,0.9459726162200177,0.6735674199612984,0.89248302993999,0.8343612972776204,0.9217916370027819,0.8549966698125644,0.9056031069669568,0.918186094706007,0.975211821780186,0.8959046461825673,0.8139432518084209,0.9147116017278334,0.9217916370027819,0.9432556572861386,0.48984757817058266,0.6611255003569643,0.9782914706820045,0.5248372439172819,0.6866705519355045,0.850235634081641,0.895904646182567,0.7298947413442648,0.9049315186013059,0.9181860947060071,0.9049315186013059,0.9049315186013059,0.6780363047382818,0.8794294801784418,0.6226205666547033,0.9049315186013059,0.6604193759957921,0.714093282339052,0.8413921158471316,0.9438873498862923,0.6702818074764592,0.7491884190635525,0.8762401853538728,0.8178909988156795,0.7182419681812949,0.8930288547304029,0.8135673129195374,0.918186094706007,0.8458396385168981,0.7194992796700395,0.7489832831955362,0.689820279558113,0.9284363038146395,0.9732495942606137,0.9977547592320265,0.9181860947060069,0.7284006284127809,0.9113525537588968,0.6839322693124157,0.8847289094375662,0.9359334109845735,0.48202904684658643,0.7164804368330409,0.8572772924183015,0.8479206665400941,0.8794294801784417,0.8503560928183399,0.9113525537588966,0.8847289094375661,0.9892166093373966,0.965924025680041,0.7510179517662654,0.5669704592416498,0.9147116017278334,0.5962422815924553,0.8959046461825674,0.7557714158767206,0.8220039019339662,0.8306041887792599,0.5988551475975696,0.5099363572077249,0.9294779121965993,0.5273959339074629,0.7306048384599253,0.8410748755049141,0.6185237750859502,0.8498468750760653,0.8262762309308546,0.800121092861785,0.9049315186013059,0.9147116017278332,0.9212564811755437,0.9442661027800154,0.5039159118426491,0.9510849633091586,0.8988430035065229,0.8905507281409013,0.5248827794701749,0.9752107011246876,0.6514129270009823,0.9255474930154991,0.5563851102535429,0.8874452201355857,0.7693196142478325,0.898843003506523,0.8930288547304029,0.8233133867516922,0.9281235490838953,0.5273509947965678,0.6509417623612033,0.7756203742597141,0.5836805148801916,0.7632167683786103,0.9666594865031803,0.7015445877968602,0.6172902500567448,0.8596279378142861,0.925547493015499,0.629957156244811,0.9486563558223773,0.8559031273150439,0.841074875504914,0.7994997688493948,0.9018497344665103,0.6355425178484317,0.509556192557389,0.863030433910728,0.7938988441752559,0.9951877100611971,0.7354766310141223,0.975211821780186,0.9975788789034867,0.8388233021673761,0.8869366844576885,0.8820580577672702,0.8321495277836637,0.9213139766220594,0.9018497344665104,0.9147116017278332,0.9294779121965993,0.9049315186013059,0.901017852016636,0.38940410185084806,0.6388570207549962,0.9306784711055769,0.904931518601306,0.7815456945275645,0.49328922071757897,0.8241649990671216,0.678650401832471,0.7360308345910624,0.9430352313323087,0.7980422013566694,0.9952019447882698,0.7012478278436836,0.6769659840004554,0.7571132342631193,0.9674067338297455,0.9633200991265265,0.8410748755049141,0.6042161882162589,0.8790595554853515,0.6464204728884835,0.9813508256697675,0.8644023815981577,0.8988430035065228,0.9294779121965993,0.4175930635521343,0.9256018765646534,0.9836006869587253,0.6672740538209625,0.6972501305573064,0.9217916370027819,0.9442661027800155,0.8847289094375662,0.5834248731524716,0.6468548021911562,0.9018497344665103,0.7812680616619969,0.8959046461825669,0.9018497344665103,0.9018497344665103,0.8745533197205997,0.9049315186013059,0.9321736589336936,0.8502356340816408,0.9049315186013059,0.9663679300767252,0.8176854752867038,0.9217916370027819,0.953270131910047,0.9633200991265265,0.9080961023073578,0.9400706025742573,0.6864149215280084,0.7343427968823377,0.8794294801784417,0.7203106751245749,0.9049315186013059,0.5986980934502748,0.9113525537588967,0.5900676998365888,0.6644615489597969,0.8090474633092013,0.9840739333532937,0.9080961023073578,0.8820580577672705,0.89261085697357,0.8820580577672704,0.9049315186013056,0.8670014864103508,0.9339347452127675,0.8587771980434633,0.7339998664230603,0.7061297020267292,0.9688588518247441,0.5936097547769394,0.9113525537588968,0.9460732466847862,0.7223758568067653,0.9049315186013059,0.9049315186013057,0.6655024315770224,0.9255474930154989,0.5030630560677825,0.9952883155640533,0.9213139766220594,0.7236170816883489,0.898843003506523,0.659682189643245,0.6306578936683696,0.9049315186013059,0.9049315186013059,0.8645384301752636,0.9468314882336104,0.9338103822618526,0.8686151418399086,0.764715933326205,0.5541505916992955,0.8171461096436197,0.6422579343742001,0.44761190982629406,0.6670842869164548,0.9049315186013059,0.8365856713228093,0.9147116017278332,0.9294779121965995,0.4897203870732221,0.9217916370027818,0.70154458779686,0.9049315186013059,0.9049315186013059,0.6106452513669082,0.9836006869587253,0.6257330321127108,0.9493809558834534,0.502993743500844,0.667010743555629,0.8644023815981579,0.8570262045124727,0.7432043069974756,0.6199497416705957,0.904931518601306,0.6464204728884835,0.6758606558640465,0.9486563558223772,0.9217916370027819,0.9134759492420041,0.9657612932911052,0.9557524192850102,0.6831411647054995,0.9080961023073578,0.7756695807478771,0.9049315186013059,0.6930794471102755,0.8663152967856786,0.8116963900427683,0.7651898370568242,0.7727274632304015,0.9248203613454188,0.8220640569395015,0.6637334232698,0.9181860947060069,0.9939673109169016,0.7422227563050003,0.9321736589336937,0.7787271492420624,0.8823845551200094,0.8717700291221543,0.770086406589912,0.9147116017278332,0.9018497344665103,0.7677475272784612,0.8668291346622674,0.9438295981000084,0.9068373482678184,0.9294779121965993,0.8413921158471315,0.9294779121965994,0.9813508256697673,0.6488798373319231,0.8503560928183399,0.805569445173307,0.9049315186013055,0.8280147088658025,0.7834908212044729,0.8847289094375662,0.6094046287077111,0.8930288547304035,0.9018497344665103,0.8962155056134604,0.8234164916769959,0.9080961023073577,0.6063724563427508,0.8720073716712092,0.7214207772025001,0.6785691774740592,0.9049315186013059,0.7268042860455461,0.9377301446838551,0.7418463997498939,0.9255474930154988,0.9051106770251172,0.8768403073232188,0.7118559505019246,0.9049315186013059,0.6514129270009823,0.5273959339074628,0.8768403073232188,0.6536779670546674,0.6930794471102755,0.6670842869164546,0.9147116017278332,0.684521885155276,0.8370437959396493,0.7321274586669302,0.7235092628015782,0.9290080779290668,0.7177511296573074,0.863030433910728,0.8970810042803181,0.9770647288625649,0.967164123904216,0.9516803080213929,0.7161695618029777,0.8178909988156795,0.5322939084508604,0.9049315186013059,0.9018497344665103,0.7223758568067653,0.42833301969991777,0.9165289514623336,0.5988551475975696,0.5874749889862094,0.9049315186013059,0.6210472823298746,0.45664600502904373,0.9921258158818894,0.9049315186013059,0.7003722788668685,0.9992512019831129,0.9217916370027818,0.8794294801784418,0.9018497344665103,0.7255663438753159,0.8717700291221542,0.8299497416276553,0.9862390105817678,0.7123663319215849,0.8332268569828207,0.5260657756414644,0.9049315186013059,0.9223156870059125,0.9049315186013059,0.9217916370027819,0.6059907127842781,0.7835260000876085,0.9294779121965995,0.8620024941098835,0.8426295748299797,0.8220640569395009,0.6237797714515307,0.9049315186013059,0.738875819219174,0.7170138350056436,0.8398098678116379,0.6335013067296629,0.9438295981000085,0.9984254449549754,0.859627937814286,0.8850662431297968,0.8436077083923406,0.799499768849395,0.5705275173906326,0.8436077083923406,0.5140385106896517,0.9147116017278334,0.692458217410372,0.8436077083923406,0.9294779121965995,0.6128370807852463,0.9080961023073579,0.7551021128178592,0.9018497344665104,0.8572772924183014,0.8722928725166916,0.8407338233809278,0.6208111023252638,0.9113565538271904,0.8391920312990688,0.8692844153563805,0.9782914706820046,0.8847289094375662,0.8706419022943808,0.8549492399295392,0.6550582357294901,0.8645759689407396,0.8596850801102968,0.8090474633092013,0.9516803080213929,0.9080961023073577,0.9113525537588969,0.9768556100136855,0.8480945166318412,0.8644023815981577,0.84603109136307,0.9050831083749202,0.9147116017278332,0.9181860947060071,0.961732684602665,0.8620024941098835,0.7689708910645336,0.872007371671209,0.9150961708719134,0.9087056089419833,0.9878126659692845,0.9128551938412919,0.9049315186013056,0.9428209744266492,0.8857186147103351,0.8871934551523856,0.83658567132281,0.9343664544805994,0.8110098787708762,0.8078722927269606,0.9873920086236879,0.871770029122154,0.6688672008039145,0.9190989621719192,0.9250209262170295,0.9561286454334408,0.823931794337657,0.8874452201355857,0.9790199427295077,0.9400706025742576,0.8879017335347159,0.9274070129490042,0.5856365084272994,0.9892166093373965,0.7874959163934858,0.8644023815981575,0.9951877100611972,0.6502945204208845,0.7441890311446504,0.9523970077070816,0.8407339288541584,0.9523438149852952,0.721261777271252,0.9977262825967363,0.8111669741565661,0.9113525537588968,0.736315356541362,0.9395570123632412,0.9181860947060071,0.7994997688493951,0.8742879430656604,0.970223137147584,0.9255474930154988,0.9107971116755416,0.9217916370027819,0.902612375529524,0.9633200991265265
p74_S,0.9368694765099995,0.995589441680881,0.8882932693469463,0.8574600169443629,0.9475597985845114,0.9610996995613954,0.7238257438406099,0.7428407227861751,0.9006962362816695,0.9589316626844853,0.9928618019927207,0.9458598726114651,0.9458598726114651,0.9644994759182186,0.6530153014608047,0.8816859778305948,0.9397362273534058,0.9292677720165115,0.9568599156354454,0.9589316626844853,0.8763244883251146,0.5791418798263949,0.9334927596276981,0.9493053971730234,0.6428226383045891,0.9292677720165115,0.9397362273534058,0.913733309388403,0.9589316626844853,0.7939899409095611,0.9225701399051967,0.9529545363721539,0.9409942357230059,0.7403136154973176,0.9475597985845114,0.7376990592379751,0.9493053971730234,0.9409942357230057,0.9610996995613952,0.9763068251524243,0.6626197766413183,0.9306566646589698,0.9610996995613954,0.9100921482984174,0.9985778460732367,0.8036672692170923,0.9511016704226434,0.8972654241994793,0.2975412420190968,0.8882932693469461,0.9529545363721539,0.8743534526017751,0.9292677720165115,0.9394396415413291,0.9409942357230057,0.9742178060512305,0.31065038972731407,0.9475597985845114,0.7298985716672577,0.9442013463068035,0.9030086235821644,0.7179570104282758,0.6772470605459311,0.896130882831621,0.3128901061112782,0.8469812896824731,0.6242749171803244,0.9417706387957603,0.9813880287156103,0.9568599156354454,0.9054354303384726,0.9278966962971924,0.9475597985845114,0.8210710864618274,0.9475597985845114,0.8827817928509321,0.9364159486136476,0.7324005770294397,0.8175818786954803,0.9547434413197933,0.9379142777971528,0.9320645602494204,0.923879955825063,0.9292677720165115,0.9475597985845114,0.9574180966633072,0.848276419581927,0.798315321686256,0.8905160099774292,0.9458598726114653,0.9475597985845114,0.5153369266827177,0.717957010428276,0.8501911138182778,0.923879955825063,0.8972654241994793,0.5940608868312294,0.8838795614232455,0.8140574394939937,0.8128743662973861,0.40600129695684195,0.91288700949244,0.9475597985845112,0.6608908390515033,0.911589098989599,0.9568599156354451,0.9430441133000049,0.7907502491856577,0.9349426948340502,0.8233788637195054,0.5773984044890329,0.9306566646589698,0.8007919102864964,0.42083387706918984,0.9511016704226434,0.7762855815640266,0.9394396415413291,0.9568599156354451,0.9610996995613952,0.8534622933489193,0.9100921482984174,0.5424031201389161,0.9349426948340502,0.9682551375725403,0.9292677720165115,0.7474982699049921,0.9493053971730234,0.8567235831170403,0.9458598726114651,0.9125111785873636,0.8686385996787724,0.9511016704226432,0.9765837058865925,0.9610996995613952,0.1159535652757756,0.8402939714046156,0.875144138718642,0.9529545363721539,0.9529545363721539,0.9442013463068033,0.759214895236036,0.9589316626844853,0.8187487405659171,0.6230589248360291,0.6365285380734742,0.9077040005624184,0.8894031717904969,0.836959162174395,0.9278966962971924,0.7505486208297509,0.7212184631640943,0.9030086235821644,0.8772536000905928,0.9104952582326109,0.9529545363721539,0.9278966962971926,0.5361675317958404,0.9112976020672166,0.8826297756089203,0.5762802320230626,0.7559282396619429,0.9511016704226434,0.9829392900173883,0.7958167654209829,0.8938740030413768,0.4144014060836301,0.8567235831170406,0.896130882831621,0.923879955825063,0.8402939714046156,0.9644994759182186,0.9458598726114651,0.9265423524364671,0.6679351743368405,0.8790792081159235,0.6028137787409259,0.9568599156354451,0.8664736771305537,0.4744201477852579,0.8827817928509318,0.9088944096710687,0.8849794349827058,0.9304312867192419,0.9458598726114651,0.8545503661181635,0.701185249119425,0.9141681517988665,0.8984043359066811,0.9394396415413291,0.9663573664294256,0.9442013463068035,0.938608053802739,0.8445574319866596,0.8927251297287131,0.9030086235821644,0.9475597985845114,0.9493053971730234,0.9442013463068035,0.8972654241994793,0.9452020541634227,0.9233738460510834,0.9458598726114651,0.9475597985845114,0.9586655795685093,0.8877510244611106,0.9589316626844853,0.9475597985845114,0.8279535638583031,0.9125111785873636,0.8827817928509321,0.8523731211903476,0.4483955077017885,0.0,0.9475597985845114,0.8512827582389367,0.9475597985845114,0.8326617528694967,0.8625298618399613,0.8589669349625968,0.9475597985845114,0.6834396943077208,0.9475597985845114,0.7521974628936079,0.9430441133000051,0.955724889671401,0.9013472884958185,0.43684738919523125,0.763777927592534,0.9442013463068033,0.9334927596276981,0.9364159486136479,0.44180473163612877,0.7855851230478148,0.9162050927129204,0.9529545363721539,0.8961308828316205,0.8871861256568154,0.8995478568587885,0.893874003041377,0.9125111785873636,0.9125111785873636,0.9425805352069323,0.5424031201389159,0.9442013463068035,0.9475597985845114,0.8995478568587885,0.9475597985845114,0.7248314800141338,0.9125111785873636,0.9529545363721539,0.9252037445446055,0.7637779275925342,0.9493053971730234,0.9112976020672168,0.9349426948340502,0.6869800474494778,0.787348101225008,0.8567235831170406,0.9511016704226434,0.5912223604371332,0.8675560447816313,0.8391846440543806,0.9458598726114653,0.9548710823073732,0.693467449430547,0.9610996995613952,0.8279535638583033,0.8279535638583033,0.9306566646589698,0.8664736771305537,0.5809434860140051,0.9529545363721539,0.8436093353026795,0.7907502491856577,0.7911552055921387,0.9568599156354451,0.8233788637195054,0.9524187417251315,0.2539397634630911,0.8984043359066813,0.9568599156354451,0.8469075946240916,0.8080982554965417,0.9548710823073732,0.8950004825334388,0.3233384955321069,0.9511016704226432,0.9162050927129204,0.8007919102864964,0.9442013463068035,0.9511016704226434,0.9511016704226432,0.7396785942680704,0.8904195718012649,0.7920258334641648,0.8501911138182776,0.8816859778305948,0.8684479111340946,0.8904195718012649,0.35047412290889146,0.6848222728609521,0.995441286462974,0.9529545363721539,0.7958167654209829,0.9315076677030099,0.9808926695348984,0.9268729171371121,0.913733309388403,0.7160993340227427,0.9065205555971323,0.8805919691825623,0.6746336145137798,0.802429635439956,0.8589669349625968,0.5878536064921485,0.7212184631640943,0.9386080538027393,0.9589316626844853,0.6115081310761561,0.9125111785873636,0.8956425128341385,0.9511016704226432,0.9475597985845114,0.9529545363721537,0.9371605937136991,0.4313188308974578,0.9568599156354451,0.9548710823073732,0.8681153990258522,0.9475597985845114,0.9349426948340502,0.9568599156354454,0.9610996995613954,0.9077040005624184,0.7313974068186488,0.25393976346309133,0.9529545363721539,0.8279535638583031,0.6934674494305472,0.9349426948340502,0.9409942357230059,0.6701933327639817,0.9511016704226434,0.9162050927129204,0.7213830792377609,0.9394396415413291,0.9077040005624184,0.9610996995613954,0.7579944655912745,0.6973784540235963,0.7708083464141855,0.8220529899137439,0.9458598726114653,0.9187169710212717,0.5424031201389163,0.8007919102864964,0.8020222325849231,0.7106749817367284,0.9475597985845114,0.8490980979184484,0.9149644520716045,0.34410783985785753,0.9149644520716045,0.9589316626844853,0.8402939714046156,0.9475597985845114,0.9475597985845114,0.9278966962971924,0.9006962362816695,0.6277740552271276,0.9475597985845114,0.9589316626844853,0.15902882877072877,0.45686887588517133,0.8938740030413768,0.782963206823625,0.9475597985845114,0.3573848373037617,0.9902428565647541,0.6873859918642565,0.7265343068798946,0.9475597985845114,0.8773193685069607,0.37240982580063187,0.7694191025912622,0.7995697492352152,0.9212735133449714,0.62937317278872,0.9511016704226434,0.7894685038194516,0.9475597985845114,0.7412655108174009,0.9784534179462063,0.8545503661181635,0.7199321478293198,0.9493053971730236,0.6894338727722293,0.9409942357230059,0.9475597985845114,0.8927512325175624,0.798315321686256,0.9475597985845114,0.9212735133449714,0.8156754847048542,0.6970590368950033,0.7160993340227427,0.7958167654209829,0.9475597985845114,0.7721894714790686,0.8512827582389366,0.9548710823073729,0.6761645354519028,0.7440170762801617,0.9041731885624824,0.9053437280773231,0.6392047041184119,0.9511016704226434,0.8950004825334386,0.8827817928509321,0.9852901633058908,0.8480036211373805,0.5844279205856768,0.8664736771305537,0.9334927596276981,0.9529545363721539,0.677247060545931,0.9475597985845114,0.9568599156354454,0.9523030345044685,0.8588929027553877,0.9379142777971528,0.9252037445446055,0.9442013463068035,0.8195726318328569,0.9493053971730236,0.9442013463068035,0.9928618019927207,0.9475597985845114,0.9394396415413291,0.9736988845472498,0.5685383184233541,0.9568599156354454,0.8414011380622555,0.9589316626844853,0.9394396415413291,0.9334927596276981,0.7945589785686384,0.9902428565647541,0.4013685890126739,0.9311262178261572,0.955724889671401,0.958454422755221,0.9306566646589698,0.9364159486136481,0.8995478568587885,0.9511016704226434,0.9162050927129204,0.47876588475504334,0.8729729119280694,0.9320645602494204,0.896130882831621,0.937914277797153,0.9225701399051967,0.6724259519035646,0.8473269954747025,0.9834876612102483,0.9425805352069325,0.8080982554965417,0.5549592725490622,0.919989349133864,0.9320645602494204,0.9334927596276981,0.7124992468950191,0.937914277797153,0.8469075946240918,0.9320645602494204,0.6720110611890684,0.745956893031412,0.9511016704226434,0.6903369234671064,0.8739792747287909,0.8303136803781797,0.8961308828316208,0.9568599156354451,0.7213830792377609,0.8882932693469461,0.9548710823073732,0.9602919497626032,0.9425805352069325,0.9425805352069325,0.9529545363721539,0.9568599156354451,0.9682551375725403,0.6993688578599868,0.7235118322501259,0.992131884600974,0.8681153990258522,0.8175818786954805,0.9041731885624826,0.9425805352069325,0.8777514400271986,0.9475597985845114,0.9548710823073732,0.9475597985845114,0.9475597985845114,0.8128743662973861,0.9334927596276981,0.35389716223383405,0.9475597985845114,0.8032473794919716,0.8324784774213034,0.9125111785873636,0.7334870386074928,0.8773193685069607,0.9933101813416039,0.7201855885076329,0.8995478568587885,0.8347240030058896,0.9409942357230059,0.882781792850932,0.9548710823073732,0.9149644520716045,0.8803174584126041,0.8512827582389368,0.3921548950846423,0.9409942357230059,0.995441286462974,0.7565251288118122,0.9548710823073732,0.5311945356497905,0.9511016704226434,0.473009675986218,0.9364159486136476,0.9306566646589698,0.9334927596276981,0.8436093353026795,0.9212735133449714,0.9030086235821644,0.9334927596276981,0.9174557485535397,0.9511016704226434,0.9364159486136479,0.9493053971730236,0.9524187417251315,0.8523731211903476,0.701417131026538,0.9529545363721539,0.6332637536939166,0.9425805352069325,0.7721894714790685,0.5940608868312296,0.9301236418134131,0.7694191025912622,0.923879955825063,0.9610996995613952,0.7298985716672579,0.8414011380622555,0.8995478568587885,0.8161014651903721,0.7406226036797148,0.9041731885624824,0.9117531985549474,0.9475597985845114,0.9529545363721539,0.9557248896714008,0.9475597985845112,0.6527839128027051,0.9364159486136476,0.9442013463068035,0.923879955825063,0.6894338727722293,0.9334927596276981,0.798315321686256,0.9589316626844853,0.745956893031412,0.9379142777971528,0.8621439532920854,0.9442013463068035,0.9409942357230057,0.9289964199720246,0.8382021652784959,0.3556892229990287,0.8430574707003302,0.8762311904614675,0.8064823878898638,0.8588935204002319,0.9162050927129204,0.8256727870749783,0.8060628203277846,0.9225701399051964,0.9589316626844853,0.37892597151623864,0.9493053971730236,0.9203844272957435,0.8995478568587885,0.8894031717904969,0.9458598726114653,0.8253743886792997,0.7573634207505046,0.7022728639633586,0.875144138718642,0.9511016704226434,0.6604991020113686,0.955724889671401,0.9306566646589698,0.8984043359066813,0.8033198740907395,0.9349426948340502,0.8950004825334387,0.9379142777971528,0.9458598726114651,0.9529545363721539,0.9610996995613954,0.9475597985845114,0.9162050927129204,0.7036154646876194,0.8007919102864962,0.9522319435190597,0.9475597985845114,0.879499623739519,0.7012979244526321,0.9030086235821644,0.3678486223164621,0.938608053802739,0.8882932693469461,0.8773193685069605,0.755046057031472,0.9252037445446055,0.4803451225056409,0.8458099300236455,0.9220520382689483,0.9548710823073732,0.8995478568587885,0.3106503897273134,0.9808926695348984,0.381176629032572,0.9610996995613952,0.9252037445446053,0.9442013463068037,0.9610996995613954,0.9394396415413291,0.9742178060512305,0.9475597985845114,0.6970590368950034,0.8805919691825623,0.9568599156354454,0.9475597985845114,0.9364159486136479,0.7609046338028223,0.7958167654209829,0.9458598726114653,0.9529545363721539,0.9425805352069323,0.9458598726114653,0.9458598726114653,0.9162050927129203,0.9475597985845114,0.9425805352069323,0.9041731885624826,0.9475597985845114,0.81356179091074,0.6944229229975926,0.9568599156354451,0.9511016704226434,0.9548710823073732,0.9493053971730236,0.9458598726114653,0.7428407227861752,0.8534622933489193,0.9334927596276981,0.8358428353123895,0.9475597985845114,0.4738920156371579,0.9511016704226434,0.9320645602494204,0.7868860602652394,0.5456735884562378,0.9568599156354451,0.9493053971730234,0.9349426948340505,0.9540589546097205,0.9349426948340502,0.9475597985845112,0.9125111785873636,0.9187169710212717,0.6662648810887066,0.8625298618399613,0.8972431496161436,0.9568599156354454,0.34595137087432914,0.9511016704226434,0.9819150380375274,0.836959162174395,0.9475597985845114,0.9475597985845114,0.8784088021185175,0.9589316626844853,0.705681864287819,0.9425805352069325,0.9928618019927207,0.8187487405659171,0.9442013463068035,0.7842775465728771,0.777635666776106,0.9475597985845114,0.9475597985845114,0.9112976020672166,0.6894338727722293,0.9371605937136991,0.8272354331469207,0.8402939714046156,0.7160993340227428,0.8637151821288627,0.7932953720006317,0.2692511698375524,0.8068927917851012,0.9475597985845114,0.8972654241994793,0.9529545363721539,0.9610996995613952,0.6894338727722293,0.9568599156354451,0.825672787074978,0.9475597985845114,0.9475597985845114,0.7666156616807633,0.9248100053233801,0.7749279467915411,0.9364159486136479,0.6332637536939165,0.896130882831621,0.9252037445446055,0.896130882831621,0.8290892416048379,0.6488740980736472,0.9475597985845114,0.4227244050549286,0.8116870067162376,0.9493053971730234,0.9568599156354451,0.9509103733010487,0.8852181373852496,0.9476386094693983,0.40577723446115266,0.9493053971730234,0.8545503661181635,0.9475597985845114,0.8210710864618274,0.7454063911947744,0.896130882831621,0.5878536064921485,0.8610609420833562,0.9394396415413291,0.9018497344665104,0.6412230287244749,0.9548710823073729,0.8643090749973128,0.8578089143655878,0.9425805352069323,0.9611058687776596,0.919989349133864,0.9292677720165115,0.8068927917851014,0.9529545363721539,0.9458598726114653,0.8718884926994313,0.9265423524364669,0.9628454933455661,0.9187169710212715,0.9610996995613952,0.9125111785873636,0.9610996995613954,0.9610996995613952,0.4610356166077314,0.9174557485535397,0.8927512325175626,0.9475597985845114,0.9589316626844853,0.5253149718752886,0.9364159486136479,0.6873859918642563,0.9409942357230059,0.9458598726114651,0.9265423524364667,0.8905160099774292,0.9493053971730236,0.7735626237779673,0.9149644520716045,0.9021482626615813,0.87731878963612,0.9475597985845114,0.5153369266827178,0.9475597985845112,0.7829632068236252,0.9589316626844853,0.9306566646589698,0.9320645602494202,0.6359525852723967,0.9475597985845114,0.7983153216862562,0.7298985716672577,0.9320645602494204,0.799556308447807,0.8210710864618274,0.8068927917851013,0.9529545363721539,0.8164111026582046,0.8402939714046154,0.8406150704637129,0.7348453828730819,0.9629124330159164,0.6656508754194068,0.9547434413197933,0.9111150293377236,0.9886251033694344,0.8950004825334388,0.8784627882818797,0.83360257911207,0.8995478568587885,0.7231144968593364,0.9475597985845114,0.9458598726114653,0.836959162174395,0.6527839128027053,0.9287546220071028,0.7694191025912622,0.7718994506532355,0.9475597985845114,0.781641977877775,0.6471871696457883,0.9644994759182186,0.9475597985845114,0.8347240030058896,0.9409942357230059,0.9568599156354451,0.9334927596276981,0.9458598726114653,0.8414011380622555,0.9292677720165116,0.8938740030413768,0.9265423524364667,0.42803444199914253,0.9334927596276981,0.7196369421472579,0.9475597985845114,0.9252037445446055,0.9475597985845114,0.9568599156354454,0.6853167749203161,0.8805919691825623,0.9610996995613952,0.923879955825063,0.85103298326874,0.9018497344665102,0.4123587491008168,0.9475597985845114,0.8268147748355975,0.815236320480409,0.8755343989590985,0.3464698974172984,0.9125111785873639,0.9529545363721539,0.9225701399051967,0.9212735133449717,0.913733309388403,0.8894031717904969,0.7444044463437748,0.913733309388403,0.919989349133864,0.9529545363721539,0.8816859778305948,0.913733309388403,0.9610996995613952,0.2837618931083724,0.9493053971730236,0.6779115676755021,0.9458598726114651,0.9212735133449714,0.7118123313748043,0.9233738460510834,0.995606730632077,0.9334927596276981,0.9112976020672166,0.9278966962971924,0.9458598726114651,0.9364159486136479,0.9169612314590974,0.919989349133864,0.6163946179295559,0.9143660272597892,0.9088944096710687,0.9053437280773231,0.8784627882818798,0.9493053971730234,0.9511016704226434,0.9523030345044686,0.8252549649443672,0.9252037445446055,0.9252037445446055,0.9343080653650264,0.9529545363721539,0.9548710823073732,0.9981568932052121,0.923879955825063,0.7945360288806117,0.9574180966633072,0.7119498787560505,0.9675777183531311,0.9349426948340502,0.9212735133449719,0.9475597985845112,0.8313516116158355,0.7009003039113462,0.9100921482984174,0.9343080653650264,0.9632821921359427,0.7522333930600867,0.912054261392198,0.9985319536978544,0.9292677720165115,0.3513200401550983,0.923879955825063,0.896130882831621,0.9949023023772161,0.8913596330162288,0.9379142777971528,0.9562377123732371,0.992131884600974,0.818844392327731,0.9571427493004796,0.3008360691103148,0.9848910203339206,0.8827817928509321,0.9252037445446055,0.9808926695348984,0.666913295431707,0.8588935204002319,0.9330222178352456,0.6936544503118633,0.9350839192327518,0.8553912003238413,0.9320645602494204,0.6867120377371951,0.9511016704226434,0.8545503661181635,0.9320645602494204,0.9548710823073732,0.8894031717904969,0.9306566646589698,0.9848910203339206,0.9589316626844853,0.915051350864527,0.9568599156354451,0.9810334199324049,0.9548710823073732
p75_R,0.7524297972473161,0.9413411539914585,0.8918007079504506,0.9225015741707872,0.9492063492063487,0.9623211158059548,0.7050163519970581,0.7509151724713103,0.9038142386822647,0.960221152322577,0.9398636845831869,0.9475597985845114,0.9475597985845114,0.9225015741707872,0.9106019687464653,0.5567710364845595,0.944383427890573,0.9314886672615048,0.9582144552981327,0.960221152322577,0.8875255844205965,0.938412400887346,0.935580996038617,0.9508971383859763,0.9369854052620163,0.9314886672615046,0.944383427890573,0.916441965519317,0.960221152322577,0.7739436107925906,0.9250013316406693,0.9544316996038,0.9428469360414609,0.9188361382271659,0.9492063492063489,0.9582144552981327,0.9508971383859763,0.9428469360414602,0.9623211158059548,0.930160641445072,0.8993922310882436,0.932833950574053,0.9623211158059548,0.912915131908919,0.9443834278905732,0.8474513194974065,0.9526370111116405,0.9004911494084333,0.930160641445072,0.8918007079504506,0.9544316996038,0.8495864161552136,0.9314886672615046,0.13408370177867746,0.9428469360414604,0.9288488221297497,0.9288488221297497,0.0,0.7383793872014479,0.9459533477380775,0.9060540201833016,0.831146423199498,0.931488667261505,0.8993922310882436,0.9562880686171875,0.8244397822834253,0.9544316996038,0.6473831763250288,0.7698078233874499,0.9582144552981327,0.92126914699118,0.9301606414450723,0.9492063492063487,0.8266892096935958,0.0,0.8864622842804517,0.938412400887346,0.9398636845831867,0.8233095582802461,0.9623211158059548,0.9398636845831869,0.9341976401680094,0.31108550994831163,0.9314886672615048,0.0,0.9176344520056336,0.938412400887346,0.8046479448175341,0.8939536575643376,0.03139863267861631,0.0,0.8918007079504506,0.831146423199498,0.8548949080074899,0.31108550994831163,0.48955645159511163,0.8896584524348263,0.8875255844205965,0.8198957816506434,0.8187498553347687,0.9288488221297497,0.9526370111116405,0.9492063492063489,0.8580633769736241,0.6072669396673074,0.9582144552981327,0.907182019415572,0.7973204052495684,0.9369854052620166,0.8289245259008584,0.8759110188590657,0.9328339505740528,0.8070467719220202,0.9094556823349389,0.9526370111116405,0.7833099084134079,0.9413411539914585,0.9582144552981327,0.9623211158059548,0.8580633769736241,0.9129151319089193,0.885400876353422,0.9369854052620166,0.9250013316406696,0.931488667261505,0.7554264789789613,0.9508971383859763,0.6339927913026551,0.9475597985845114,0.9152582079543838,0.8727631680356085,0.9526370111116405,0.9544316996038,0.9623211158059548,0.944383427890573,0.8453085223330421,0.879064442044788,0.9544316996038003,0.9544316996038,0.06018876900101988,0.8046479448175343,0.960221152322577,0.8244397822834253,0.8717146038820363,0.8875255844205967,0.9106019687464659,0.892875760974867,0.8420784215528956,0.9301606414450723,0.7583810530554915,0.9602211523225768,0.9060540201833014,0.8559522762859688,0.8811713725919912,0.9544316996038,0.9301606414450725,0.8950345750758599,0.9140827360776209,0.8938851835250172,0.5567710364845593,0.7367566674079002,0.9526370111116407,0.9341976401680094,0.7431708752992887,0.8972062142375332,0.9164419655193166,0.8612222667022558,0.8993922310882436,0.9262700211315917,0.8453085223330423,0.9225015741707872,0.9475597985845114,0.9288488221297495,0.6783615558233287,0.8538362113124116,0.8780124908814328,0.9582144552981327,0.6072669396673073,0.9200475251844384,0.5526275082095409,0.9117550006367756,0.8885909234541711,0.9288488221297497,0.9475597985845114,0.6394614409405057,0.8538362113124116,0.8580633769736241,0.9015943008452869,0.13408370177867734,0.9237454173815312,0.9459533477380775,0.903814238682265,0.8221755430097122,0.7897778653703145,0.9060540201833014,0.0,0.9508971383859763,0.9459533477380777,0.4895564515951115,0.8355526955775656,0.8918007079504506,0.9475597985845114,0.0,0.8685695845092951,0.7897778653703145,0.960221152322577,0.0,0.6951973979147161,0.9152582079543841,0.8864622842804517,0.6447787703816181,0.9049315186013059,0.9475597985845114,0.0,0.6473831763250286,0.0,0.8117838598171898,0.8388272306091986,0.8355526955775657,0.0,0.6339927913026551,0.0,0.7050163519970583,0.9071820194155717,0.9164419655193166,0.8759110188590655,0.9526370111116407,0.7711949776746383,0.06018876900101888,0.935580996038617,0.9384124008873462,0.9060540201833014,0.7554264789789611,0.9188361382271666,0.9544316996038,0.4951319232791844,0.8907283270583697,0.9027019168030599,0.897206214237533,0.9152582079543838,0.9152582079543838,0.944383427890573,0.885400876353422,0.9459533477380777,0.0,0.9027019168030597,0.0,0.7334713952978886,0.9152582079543841,0.9544316996038,0.9275522446953854,0.7711949776746383,0.9508971383859763,0.9140827360776205,0.9369854052620161,0.892875760974867,0.9398636845831869,0.8612222667022562,0.9526370111116405,0.8717146038820363,0.8717146038820349,0.8442340263447974,0.03139863267861631,0.9562880686171873,0.8289245259008584,0.9623211158059548,0.8333555867103808,0.8333555867103808,0.24376003609304187,0.8706662210952574,0.8748612665230131,0.9544316996038003,0.848519788337875,0.7973204052495684,0.7780046509581313,0.9582144552981327,0.8289245259008584,0.9140827360776214,0.9341976401680094,0.9015943008452874,0.9582144552981327,0.8517144868263773,0.8141237078825918,0.9562880686171873,0.8982973238138026,0.9225015741707867,0.9526370111116407,0.9188361382271666,0.8070467719220202,0.9459533477380775,0.9526370111116405,0.9526370111116407,0.7985559379258667,0.9582144552981327,0.7985559379258667,0.6499526646778642,0.885400876353422,0.8442340263447972,0.9582144552981327,0.9492063492063487,0.930160641445072,0.9459533477380777,0.9544316996038003,0.8022278398026612,0.8982973238138026,0.9526370111116405,0.9301606414450723,0.9164419655193172,0.7250134267509765,0.9094556823349389,0.8843412180810755,0.6848496741376313,0.7923174570100686,0.6911250629978627,0.8727631680356077,0.9602211523225768,0.903814238682265,0.9602211523225768,0.9188361382271668,0.9152582079543841,0.9094556823349389,0.9526370111116405,0.0,0.9544316996038,0.9027019168030597,0.931488667261505,0.9582144552981327,0.9562880686171873,0.9475597985845114,0.0,0.9369854052620163,0.9582144552981327,0.9623211158059548,0.9106019687464655,0.823309558280246,0.9341976401680094,0.9544316996038003,0.8333555867103808,0.8289245259008584,0.9369854052620166,0.9428469360414611,0.8409971458279799,0.9526370111116405,0.9188361382271659,0.8117838598171898,0.9413411539914587,0.9106019687464657,0.9623211158059548,0.7655931084723666,0.9188361382271666,0.7780046509581313,0.944383427890573,0.03139863267861631,0.92126914699118,0.885400876353422,0.8070467719220202,0.8082384637825222,0.8187498553347687,0.0,0.8538362113124116,0.9176344520056336,0.9200475251844387,0.9176344520056336,0.9602211523225768,0.8453085223330421,0.0,0.0,0.930160641445072,0.903814238682265,0.8591172857456586,0.0,0.9602211523225768,0.9492063492063489,0.922501574170787,0.8972062142375332,0.7897778653703145,0.9492063492063489,0.9237454173815309,0.938412400887346,0.8322525541058978,0.9634411459729271,0.0,0.8811713725919912,0.9164419655193168,0.7766590274917047,0.9952327064015152,0.9237454173815312,0.8704033497109469,0.9526370111116405,0.7960789049353036,0.0,0.7973204052495684,0.9314886672615053,0.8591172857456586,0.8300371089395653,0.9508971383859763,0.831146423199498,0.9428469360414606,0.0,0.8961186971729789,0.7399891659895361,0.0,0.9237454173815309,0.7948313236856197,0.8420784215528956,0.8152867967569688,0.8022278398026612,0.0,0.7698078233874488,0.8559522762859684,0.9562880686171873,0.6574604645689301,0.7250134267509767,0.907182019415572,0.908315805590151,0.8961186971729789,0.9526370111116405,0.8982973238138026,0.8864622842804517,0.935580996038617,0.8527760996057683,0.8738120195914167,0.8706662210952574,0.21151139151266862,0.9544316996038,0.9314886672615055,0.0,0.9582144552981327,0.9015943008452869,0.8129560940834346,0.9398636845831869,0.9275522446953854,0.06018876900102055,0.7478523304650295,0.9508971383859763,0.06018876900102055,0.9398636845831869,0.9492063492063489,0.9413411539914582,0.879064442044788,0.903814238682265,0.9582144552981327,0.8463809254714867,0.9602211523225768,0.9413411539914582,0.935580996038617,0.801009545737682,0.938412400887346,0.9602211523225768,0.7997856146881548,0.9164419655193166,0.5305546844946969,0.24376003609304187,0.938412400887346,0.9027019168030597,0.9526370111116405,0.9188361382271666,0.8993922310882436,0.8769613888066743,0.9341976401680094,0.8993922310882436,0.9398636845831869,0.9250013316406693,0.6827113291147924,0.7725735218970409,0.9049315186013058,0.9443834278905732,0.8141237078825918,0.8907283270583697,0.9225015741707872,0.9341976401680094,0.21151139151266984,0.8175997772209664,0.9398636845831869,0.8517144868263774,0.9341976401680094,0.9152582079543841,0.7539334992316542,0.9526370111116405,0.8453085223330421,0.7143607147557585,0.9176344520056336,0.8993922310882432,0.9582144552981327,0.7301312695908229,0.8918007079504506,0.9562880686171875,0.9164419655193166,0.944383427890573,0.944383427890573,0.9544316996038003,0.9582144552981327,0.9250013316406696,0.8255663034700989,0.9129151319089186,0.9475597985845114,0.9475597985845114,0.7125274559321444,0.9071820194155717,0.08671734220308636,0.8717146038820361,0.0,0.9562880686171873,0.0,0.0,0.8187498553347687,0.2115113915126693,0.9188361382271664,0.0,0.7334713952978882,0.8377384241745145,0.4006068367505189,0.8527760996057685,0.8811713725919912,0.8058499662916012,0.903814238682265,0.47795836130872293,0.8399134433261015,0.9428469360414604,0.8864622842804515,0.4408515443948542,0.9176344520056336,0.7711949776746385,0.6473831763250284,0.9250013316406696,0.9428469360414602,0.9459533477380775,0.7846176027958278,0.9562880686171873,0.8961186971729789,0.9526370111116405,0.9004911494084331,0.938412400887346,0.9328339505740528,0.935580996038617,0.848519788337875,0.9237454173815312,0.9060540201833016,0.9355809960386168,0.7223272158432528,0.9526370111116405,0.17526171623055564,0.9508971383859763,0.9140827360776205,0.8570084033315839,0.8399134433261015,0.4654487838138114,0.8570084033315841,0.5711669571562623,0.77934241058442,0.8896584524348263,0.9475597985845114,0.7766590274917051,0.9262700211315917,0.9623211158059548,0.8058499662916013,0.8463809254714865,0.7876282222528316,0.8034406041869142,0.938412400887346,0.9071820194155717,0.8822265994777512,0.0,0.9544316996038,0.9164419655193174,0.9492063492063487,0.8612222667022558,0.938412400887346,0.9459533477380777,0.9262700211315917,0.831146423199498,0.9355809960386168,0.8046479448175343,0.9602211523225772,0.7935775465776653,0.9398636845831869,0.8664724446651941,0.06018876900102055,0.9428469360414602,0.7143607147557588,0.9152582079543841,0.9341976401680094,0.7806724477786732,0.880117361849238,0.7318083230664854,0.8633240709217587,0.9188361382271666,0.6991852245234744,0.8612222667022558,0.9250013316406696,0.960221152322577,0.9369854052620166,0.9508971383859763,0.8388272306091986,0.9027019168030597,0.525843532183836,0.03139863267861631,0.7960789049353036,0.8409971458279799,0.9623211158059548,0.8790644420447877,0.9526370111116405,0.9176344520056336,0.9164419655193168,0.932833950574053,0.9015943008452869,0.9250013316406696,0.9369854052620166,0.500567215157067,0.9398636845831867,0.9475597985845112,0.9544316996038,0.9623211158059548,0.0,0.9188361382271668,0.8654234385275936,0.8070467719220202,0.9200475251844384,0.0,0.8832831707913575,0.8244397822834253,0.9060540201833016,0.34458474155865637,0.9038142386822647,0.8918007079504506,0.8811713725919912,0.7859181167692968,0.9275522446953854,0.9060540201833014,0.6598989712921809,0.8907283270583697,0.9562880686171873,0.9027019168030597,0.9288488221297497,0.9526370111116405,0.9152582079543841,0.9623211158059548,0.9275522446953854,0.9459533477380777,0.9623211158059548,0.9413411539914587,0.9288488221297497,0.9492063492063487,0.6783615558233285,0.8843412180810755,0.9582144552981327,0.9492063492063489,0.9384124008873462,0.7806724477786728,0.8022278398026612,0.03139863267861631,0.9544316996038003,0.08671734220308558,0.03139863267861631,0.03139863267861631,0.3741839079094693,0.0,0.944383427890573,0.4527606561376478,0.0,0.9341976401680094,0.535161772248302,0.9582144552981327,0.9526370111116405,0.9562880686171873,0.9508971383859763,0.03139863267861631,0.7960789049353036,0.8580633769736241,0.935580996038617,0.8409971458279799,0.0,0.9071820194155722,0.9526370111116405,0.9341976401680094,0.7935775465776653,0.9083158055901508,0.9582144552981327,0.9508971383859763,0.9369854052620166,0.9152582079543841,0.6284764518573093,0.9492063492063487,0.4006068367505189,0.92126914699118,0.9250013316406696,0.6848496741376318,0.9398636845831869,0.9582144552981327,0.930160641445072,0.9526370111116405,0.9071820194155722,0.8420784215528954,0.0,0.9492063492063487,0.8822265994777507,0.960221152322577,0.8377384241745145,0.944383427890573,0.9398636845831869,0.8244397822834253,0.06018876900102055,0.7569089328329721,0.7846176027958276,0.0,0.0,0.40880739824839063,0.6991852245234742,0.9027019168030597,0.8058499662916013,0.8453085223330421,0.8152867967569688,0.8399134433261015,0.7997856146881548,0.9328339505740528,0.8129560940834346,0.0,0.9004911494084331,0.9544316996038,0.9623211158059548,0.831146423199498,0.9582144552981327,0.831146423199498,0.0,0.0,0.7739436107925914,0.9492063492063487,0.7819949015164562,0.938412400887346,0.8570084033315841,0.8993922310882436,0.6856702229525599,0.8993922310882436,0.8344556057285131,0.8506512873935228,0.0,0.9152582079543841,0.8175997772209664,0.9508971383859763,0.9582144552981327,0.5526275082095407,0.7351207557283752,0.43182584581086747,0.9176344520056336,0.9508971383859763,0.8591172857456586,0.0,0.8266892096935958,0.9176344520056336,0.8993922310882436,0.8727631680356078,0.8654234385275936,0.9413411539914582,0.9049315186013054,0.8538362113124116,0.9562880686171875,0.8685695845092949,0.862273520033598,0.9443834278905732,0.9602211523225768,0.9225015741707872,0.2586095064370061,0.8129560940834346,0.9544316996038,0.03139863267861631,0.8759110188590655,0.9288488221297497,0.9152582079543841,0.92126914699118,0.9623211158059548,0.9152582079543841,0.9623211158059548,0.9623211158059548,0.9027019168030597,0.3647019568709454,0.8961186971729789,0.9492063492063487,0.9602211523225768,0.938412400887346,0.938412400887346,0.8322525541058978,0.9428469360414611,0.9475597985845114,0.9288488221297497,0.5210240199989242,0.9508971383859761,0.7684119013812074,0.3833143586062788,0.7125274559321442,0.7447432793600621,0.0,0.8918007079504506,0.9492063492063489,0.758381053055492,0.960221152322577,0.9328339505740528,0.9341976401680097,0.855952276285969,0.0,0.7399891659895361,0.8058499662916012,0.9341976401680094,0.8058499662916012,0.8266892096935958,0.8129560940834346,0.9544316996038,0.7143607147557588,0.6716454483484393,0.8058499662916012,0.7431708752992889,0.9355809960386166,0.6761489807685291,0.9623211158059548,0.9355809960386168,0.9492063492063489,0.8982973238138026,0.930160641445072,0.8388272306091984,0.4779583613087228,0.8106069085572598,0.9492063492063489,0.03139863267861631,0.8420784215528954,0.861222266702256,0.5110414539348817,0.7766590274917051,0.7524297972473162,0.0,0.9856724533720749,0.8633240709217587,0.9225015741707872,0.0,0.8399134433261015,0.9428469360414604,0.9582144552981327,0.2115113915126694,0.03139863267861631,0.9114861522954751,0.9314886672615051,0.897206214237533,0.9288488221297497,0.9083158055901508,0.9355809960386172,0.8129560940834346,0.0,0.9275522446953854,0.0,0.9582144552981327,0.8333555867103808,0.8843412180810759,0.9623211158059548,0.9262700211315917,0.8022278398026612,0.904931518601306,0.9225015741707869,0.0,0.8322525541058978,0.8210376473859937,0.8506512873935228,0.9250013316406696,0.40060683675051967,0.9544316996038003,0.3227392978460525,0.9237454173815312,0.392115299153029,0.8928757609748668,0.7948313236856197,0.392115299153029,0.9225015741707872,0.9544316996038003,0.885400876353422,0.392115299153029,0.9623211158059548,0.931488667261505,0.9508971383859763,0.885400876353422,0.9475597985845114,0.9237454173815312,0.9341976401680094,0.8918007079504506,0.9152582079543841,0.9355809960386168,0.9140827360776211,0.930160641445072,0.9475597985845114,0.9384124008873462,0.7301312695908225,0.9225015741707872,0.9015943008452869,0.8333555867103808,0.42440193597169273,0.9083158055901508,0.930160641445072,0.9508971383859763,0.9526370111116405,0.9015943008452867,0.8939536575643379,0.9275522446953854,0.9275522446953854,0.9004911494084333,0.9544316996038,0.9562880686171873,0.5974763156586966,0.9262700211315922,0.8664724446651935,0.9176344520056336,0.9250013316406696,0.6549904556417999,0.9369854052620166,0.9237454173815312,0.9492063492063487,0.8366469404145511,0.8780124908814328,0.9129151319089186,0.9004911494084333,0.6623067578386677,0.9562880686171875,0.9188361382271666,0.5906675167558797,0.9314886672615046,0.944383427890573,0.926270021131592,0.8993922310882434,0.6040574193889983,0.7598430279509716,0.9398636845831869,0.6739104850582693,0.9475597985845114,0.8832831707913573,0.7143607147557586,0.9526370111116407,0.9508971383859763,0.8864622842804517,0.9275522446953852,0.9526370111116405,0.8982973238138026,0.8633240709217587,0.708808264663793,0.9459533477380775,0.9459533477380775,0.8322525541058978,0.9341976401680094,0.9027019168030599,0.9526370111116405,0.8591172857456586,0.9341976401680094,0.9562880686171873,0.8928757609748668,0.9328339505740528,0.9508971383859763,0.960221152322577,0.8854008763534222,0.9582144552981327,0.7197593917099125,0.9562880686171873
p75_S,0.659014020482745,0.9155857839080439,0.6931533472456108,0.93831745739636,0.8559522762859697,0.8931449617140894,0.784481812437757,0.7619897503041122,0.7456644136087182,0.72384952256244,0.9363693895524039,0.8814453850912113,0.8512827582389368,0.7802191483051634,0.8824501367621993,0.797673941559131,0.8708970510157363,0.805706001136105,0.8814987207179206,0.8871895921957204,0.7810097373040275,0.877707262792547,0.9684862506912562,0.7551472518010756,0.8983146622607213,0.8057060011361049,0.8422747629288031,0.8038863353881459,0.8871895921957202,0.7717029487353924,0.7873083094059601,0.9050457185079469,0.8379173649093354,0.7907091145445486,0.8559522762859698,0.9186425876141026,0.8607472522091426,0.8379173649093344,0.7384277708626144,0.8254879058389588,0.7146824480374379,0.6066964347818111,0.9021732230507464,0.9510612035739803,0.9859915085495976,0.7251501112614622,0.8987613725012116,0.9700596841602158,0.8019398001857566,0.8808597757870643,0.7179329740628657,0.6311128945232534,0.805706001136105,0.7020334953000442,0.7429470709108976,0.8214102979747857,0.946682321207851,0.6473831763250286,0.7562254444882486,0.9054461459141276,0.7710692308750231,0.9928741288928464,0.8593392404058271,0.9812490169448846,0.8760356045203768,0.7493183430698283,0.99213028855682,0.6602393617021278,0.49369316606102065,0.969925811697351,0.7767240593109328,0.8019398001857565,0.8336323815959055,0.9769401757039481,0.6473831763250286,0.8271427235653713,0.9038902485724092,0.8561851304477552,0.9514078336459132,0.8931449617140896,0.6894374012925715,0.8381354443488453,0.8486248271935102,0.8774820208056908,0.6473831763250286,0.7664162840106339,0.9824392059119957,0.970617166419184,0.8686868646358592,0.6359525852723973,0.6473831763250286,0.7272817887986023,0.7708822854605779,0.9726897842168929,0.6683903588519691,0.6335305341210347,0.7545110926408041,0.7143561493018507,0.9397426361158749,0.922238838764541,0.8677917741382584,0.8656814261022981,0.8559522762859699,0.9518256228846846,0.7036197580861193,0.8814987207179201,0.7367738169237664,0.9320353113820581,0.9239880770522555,0.9321711982889371,0.7268802656648501,0.971560448479178,0.857091892714033,0.8779489429473541,0.8987613725012116,0.958492523373844,0.9751625815799818,0.7099187434240763,0.8931449617140893,0.7598864148039411,0.811304445076203,0.8562708339766766,0.8212944178861191,0.8126862952154754,0.9311152600754125,0.8140885763755009,0.8607472522091426,0.4242936688923117,0.9375788537951417,0.6542309739249366,0.7791289227807981,0.8656814261022979,0.9393203828196914,0.9431095860977792,0.8708970510157363,0.9677962191567175,0.6558271203540884,0.8707710541962026,0.9050457185079469,0.6541599652149932,0.9033577064243699,0.88718959219572,0.6531863670507603,0.6826490844114339,0.897653516307836,0.8047486794846919,0.7820603072492119,0.8354779565085098,0.6800018754437991,0.7909105022204661,0.9649817692440881,0.8085635824734224,0.9390070921985816,0.727560095402457,0.9735950471314356,0.8254879058389586,0.9671526746734143,0.8763589982367317,0.918274392930681,0.9716225754647407,0.5229882094124244,0.9980012116979509,0.8628824041273822,0.5536653867249,0.7790182081257525,0.7834603998983649,0.8269141776261262,0.8041143701014604,0.9035527788368717,0.9249871771521936,0.9101253302890756,0.8512827582389366,0.7982195598930498,0.7111876302079669,0.7750763096549318,0.7812832260964849,0.8814987207179201,0.7344645498086455,0.8577765820174561,0.9905887147495771,0.8776558461295052,0.8013670631459127,0.9373639883834674,0.8470909732383185,0.7181596588629797,0.8625784544199279,0.7155927514006926,0.5528695048544692,0.5927818607880695,0.8434415579887864,0.7715983355805618,0.8747543486949403,0.6873773819632127,0.9287845606405674,0.4977909129561655,0.6473831763250286,0.6591208778036308,0.8467269607313445,0.5074001490287054,0.6175319630871824,0.8126028926810812,0.7264404658292205,0.6473831763250286,0.6731690548041243,0.9777804603131103,0.7238495225624404,0.6473831763250286,0.7901688296183235,0.7798874555888029,0.727723508100798,0.9787015420096823,0.7489832831955361,0.8512827582389367,0.6473831763250286,0.0,0.6473831763250286,0.8316025602239883,0.7821320969911183,0.7014265424232606,0.6473831763250286,0.8567379190138164,0.6473831763250286,0.9395014722087802,0.7934976884069913,0.8038863353881457,0.6480911493454017,0.8656814261022985,0.7965821430793611,0.654159965214993,0.8677031490372049,0.5986330216102091,0.8835522856702239,0.9187091604038773,0.9160186407774474,0.8707710541962025,0.46254386897355027,0.8350134077903515,0.9831964801830027,0.8319195869423216,0.8405176238551879,0.8203075677663926,0.7283909157671982,0.7079614520634516,0.8760865533227362,0.6473831763250286,0.8185330409236751,0.6473831763250286,0.6087303646187431,0.9819880164767536,0.9921302885568197,0.6341669839109718,0.7699479220980592,0.6911296691361124,0.8363539429252542,0.8212944178861189,0.7648886723288331,0.9834463513429479,0.8002890550277497,0.6711993243129182,0.7600802749317163,0.7136215606195472,0.7869553873014461,0.6359525852723973,0.9828903308322395,0.7083862724466484,0.7384277708626144,0.7223849885345293,0.8319499309195075,0.7526420402607592,0.7257515950471449,0.8333628777946368,0.8550316313098425,0.7680881256537249,0.6910033978191421,0.9430703584765221,0.8814987207179201,0.9434063877349195,0.7563438323023005,0.8876293639059188,0.7935476958135695,0.8814987207179201,0.782463980440107,0.9204627675285612,0.9102549428558979,0.7648518520333935,0.8018701786358152,0.8656814261022984,0.9795567540284695,0.9542368340201064,0.8467269607313443,0.8656814261022981,0.998001211697951,0.6163107974512001,0.8814987207179203,0.8307039201245963,0.8995532031148823,0.6750038116382906,0.7300173438592004,0.8814987207179206,0.8559522762859698,0.9196803284517673,0.8467269607313443,0.9735950471314359,0.9431177958538597,0.8622266840113522,0.9318413189001247,0.8254879058389587,0.8284468257957971,0.7613446906521858,0.7371163273296752,0.8199062827145651,0.9650561138978926,0.798468141954597,0.9629951402324246,0.8257838854863218,0.926085680719904,0.8194300908008458,0.9961221422317277,0.8533638776609976,0.9573818152568612,0.7624685240304627,0.9027589491053096,0.6473831763250286,0.8707710541962022,0.8002371032281941,0.8057060011361057,0.8814987207179201,0.8034002165440355,0.9116080119434856,0.6473831763250286,0.9219714341985399,0.7842064772164408,0.975017687808155,0.9621469486827852,0.9651196896247729,0.8133884845703083,0.9235809599333311,0.8040958633853847,0.5424897204784578,0.9219714341985399,0.8379173649093353,0.5773455728626313,0.8035191099085706,0.8742487986998148,0.47976270426080525,0.8882728752800507,0.979576958359084,0.9340813247611223,0.7985820508626011,0.7907091145445477,0.8438558736730619,0.8422747629288032,0.6359525852723973,0.9025105918692702,0.9386649350395793,0.9272837949821262,0.9772591529725316,0.4859855443757808,0.6473831763250286,0.7021578556841015,0.6140628025880834,0.7943888557801736,0.9857753506288527,0.9572260537075437,0.8393690931431455,0.6473831763250286,0.6473831763250286,0.5858094528309907,0.6088859109601774,0.7634026859969149,0.6473831763250286,0.9260856807199043,0.8559522762859698,0.9967294516116836,0.7084830363703276,0.9554802689395165,0.8559522762859699,0.8056767200935726,0.9300732343522715,0.5242783819959609,0.7124790756652544,0.6473831763250286,0.6791469198002088,0.7834603998983649,0.7678325309140586,0.8532945468853594,0.8933971505729832,0.8628729759597054,0.865681426102298,0.9091946626776009,0.6473831763250286,0.5992915233567174,0.8832645802956887,0.6597151549688927,0.5872418176852541,0.6911296691361122,0.6182628931008944,0.8658597358546527,0.6473831763250286,0.8917997051140258,0.8545082375942988,0.6473831763250286,0.6899308046498192,0.7123903066472534,0.7929778552631795,0.5033245358492957,0.9431177958538595,0.6473831763250286,0.9598431041666453,0.987632978723404,0.9814914270638062,0.8260500334932868,0.9670551463974049,0.9985147828211844,0.8162866713596286,0.7754513195618227,0.8656814261022985,0.8799848489616022,0.6780139003685113,0.8425073736236921,0.8296803862237697,0.9673942132608957,0.6332172198795667,0.7291644443465926,0.8707710541962024,0.8057060011361059,0.6473831763250286,0.9327819448011689,0.8117027735727903,0.7946980566970594,0.909641303184188,0.9312380290574311,0.6248003726236018,0.7137106941944384,0.9471999997959666,0.6835195578063853,0.9898255622888361,0.9490768789214074,0.9751625815799818,0.7529139012445268,0.8747543486949403,0.8956380779049873,0.8075427489145157,0.8794338766591756,0.9155857839080437,0.9936820261047689,0.9858513368822951,0.9300732343522714,0.8871895921957201,0.9375732394692522,0.8243122708779267,0.8973053541184908,0.5580478996221627,0.9038902485724092,0.7789563297757477,0.8987613725012116,0.9995583249327139,0.7487260195784258,0.7143900290594493,0.9618702432415295,0.947205445403897,0.8230778331336515,0.809530831371436,0.8617051084659548,0.8326833297646112,0.7303915326333795,0.9281416271896027,0.7848274045813882,0.8936297622896798,0.8300623057430998,0.7659131991945651,0.6535771181060548,0.49633868371401835,0.6627093149243555,0.9564577520252651,0.6174314405233439,0.9213578482103687,0.7833820231525642,0.8656814261022983,0.9893947388387585,0.8516717771526965,0.9109711638042668,0.7487260195784256,0.8956380779049871,0.9533932795958597,0.8637955550105685,0.911653846624331,0.88972463226514,0.8708970510157363,0.8422747629288034,0.9050457185079471,0.7470626103202589,0.7873083094059599,0.5740918700692119,0.7530325774491325,0.8512827582389366,0.8512827582389368,0.8703380386289064,0.6392635967607612,0.6139017634194652,0.6981353225154903,0.6473831763250286,0.9116538466243312,0.6473831763250286,0.6473831763250286,0.9358717542141897,0.5527940164520047,0.7907091145445477,0.6473831763250286,0.9193065020556642,0.8346921834497829,0.6138108617473459,0.8649567983626172,0.7114223702017071,0.9475679289079514,0.9592728776227764,0.32454272314569566,0.7434344310480542,0.6311775871296272,0.9077393685290991,0.8390184586479903,0.828368375350762,0.7373189897478538,0.91427304964539,0.78730830940596,0.9664860384734406,0.830317520763346,0.8023963714003595,0.8760356045203769,0.7404251116329648,0.8656814261022985,0.7718547933008405,0.8080969078491063,0.979791016361173,0.8677031490372049,0.9874442615799786,0.8056767200935729,0.8085635824734234,0.9811221984817184,0.6985093343215627,0.8987613725012114,0.7295479505095195,0.9247648348741063,0.7563438323022995,0.8741212221908371,0.7716387496541965,0.7864823026863539,0.8152503278710447,0.6711463395933326,0.9069711992317475,0.6870780400798959,0.9116080119434856,0.687935703049793,0.790906236123408,0.9750176878081551,0.5840416144396516,0.7074027420056753,0.4160224116230977,0.6441751125366225,0.8515242770126848,0.6014476824386112,0.8444183641150144,0.6473831763250286,0.8707710541962024,0.8651641418574887,0.7715493131722806,0.7853771843339048,0.9390118367484175,0.9641653310969114,0.8584941617514863,0.7015098343879946,0.9055348722411802,0.9486714815870392,0.9260856807199045,0.7755072085579993,0.8498059195018675,0.9839466295043124,0.6541599652149936,0.8658597358546524,0.6965186360762219,0.9011477921215736,0.8876293639059187,0.8575388926916703,0.9811769110343415,0.6926906259129706,0.7419144438376906,0.9586718329896529,0.8961299493910193,0.6362584773954549,0.8571313391464273,0.9649817692440884,0.8726412474691871,0.9471999997959668,0.8384164098855105,0.9985075821215167,0.9088502641839717,0.6661152121246716,0.7428664535305163,0.5490775156020802,0.9840459491448121,0.8316068166355821,0.865681426102298,0.78706698112401,0.987719754796174,0.9068182136217003,0.6799550491690172,0.78730830940596,0.947644848990074,0.720161364409351,0.8561851304477548,0.696277838976946,0.9050457185079468,0.9750176878081551,0.6473831763250286,0.5618583332521372,0.6939754895934838,0.9946663925770765,0.7732596137010794,0.6473831763250286,0.8809476893050864,0.6669195064820561,0.9477231321369732,0.8733643664044033,0.7272229943106867,0.8126028926810811,0.9496854005825583,0.9395374173247857,0.8402457823683693,0.947723132136973,0.8367154309032099,0.7579513473296945,0.8760356045203771,0.7240685166893052,0.9698730592895872,0.9980012116979509,0.8809377360327786,0.9340813247611223,0.7941283159129116,0.8760865533227362,0.8931449617140894,0.8336470580240635,0.9605547264652037,0.8869938104977824,0.8528546343590677,0.6883888471605045,0.9186425876141028,0.8025908473840928,0.9390118367484179,0.7243337330333176,0.9699765826903397,0.6359525852723973,0.99213028855682,0.6425240515063981,0.6359525852723973,0.6359525852723973,0.5618583332521367,0.6473831763250286,0.6425240515063984,0.45018402515001255,0.6473831763250286,0.8133884845703084,0.902852615270344,0.9929303214064666,0.8656814261022985,0.8390184586479896,0.7551472518010762,0.6359525852723973,0.7830132478141951,0.8337091871426885,0.8173115982101795,0.8996953678171673,0.6473831763250286,0.7367738169237663,0.9689188419031363,0.9123763236844559,0.9036849599587744,0.7399891659895366,0.8814987207179201,0.956773626206588,0.9219714341985399,0.9978019274344512,0.9219714341985399,0.9801184131332199,0.6542309739249359,0.9477989120148245,0.9682439489738064,0.7821320969911185,0.8294570440795397,0.9557864545102847,0.8254879058389587,0.8987613725012116,0.9796068256601096,0.7788111548480693,0.6473831763250286,0.9180353447095946,0.682221446074289,0.7627456110866244,0.6381213797819092,0.8422747629288032,0.9032620922382995,0.8454503190888963,0.6248003726236018,0.8848189990416606,0.8643715057828429,0.6473831763250286,0.6473831763250286,0.6435803380255345,0.8961299493910193,0.8887319559486319,0.9879597416266512,0.7753495288161376,0.693444649914583,0.6588214752296273,0.9375732394692524,0.8338454108822264,0.8895315101725206,0.6473831763250286,0.39928839037813635,0.8707710541962024,0.7384277708626144,0.5766394224573441,0.8814987207179201,0.9096271876057458,0.6473831763250286,0.6473831763250286,0.8155118454450236,0.8869938104977824,0.938778830744998,0.8253412912328226,0.6386376449116682,0.7325688324502422,0.6341669839109727,0.8560443260552528,0.9810709608798249,0.7065857542474205,0.6473831763250286,0.7596773995000082,0.9590736619269455,0.8927560435416244,0.9699258116973513,0.6923310683558563,0.7344455927760163,0.729042576850262,0.766416284010634,0.8607472522091426,0.8226527037272128,0.6473831763250286,0.86671921047661,0.9651246535154767,0.947205445403897,0.8257838854863218,0.9359802390503916,0.8112851298120196,0.8419420360063189,0.6000720201249394,0.9472720887282853,0.7190668243670582,0.8039395033269515,0.7283909157671982,0.8871895921957202,0.8950153967350558,0.6918618611767919,0.889531510172521,0.6836583097511206,0.6359525852723973,0.6638489726092912,0.8075378927174328,0.9011477921215736,0.838357522105311,0.9431095860977792,0.9371717591680666,0.975017687808155,0.9021732230507462,0.8521400805576707,0.8675432709543174,0.775451319561822,0.8869938104977824,0.9649817692440883,0.8253412912328225,0.9913778083081421,0.7049837247105959,0.8938021067999713,0.8512827582389368,0.8075378927174328,0.993055806360465,0.6591208778036313,0.9959354316841408,0.552110711247956,0.8142892738573128,0.8919188083902516,0.6473831763250286,0.7102175680221066,0.9490768789214074,0.8353495815942453,0.72384952256244,0.9715604484791776,0.8628824041273825,0.7822251773049648,0.6473831763250286,0.867960129593262,0.5436498017209516,0.7164192796374915,0.9581845080817486,0.885283617761879,0.9343492190873371,0.9050457185079468,0.906436575549191,0.8536387738113203,0.7321449277415522,0.8554413028725403,0.8173115982101794,0.8676079018855186,0.8931449617140894,0.8425073736236922,0.8869938104977823,0.755677694309852,0.8683867206694147,0.7821320969911179,0.3794305362321371,0.5304802825410526,0.8646739158077179,0.6359525852723973,0.8921447581689503,0.6213466067016107,0.9968783289006002,0.7278841169819257,0.6588928025732104,0.6473831763250286,0.7992582933352941,0.6274113776127541,0.8235212089664674,0.6473831763250286,0.9549668205941205,0.8658597358546526,0.8814987207179201,0.6031855672790294,0.6661152121246716,0.8075427489145158,0.9253327005854157,0.833038347219409,0.8539193688809055,0.7590635423320593,0.8677031490372051,0.5237453324814546,0.6473831763250286,0.8626831724851713,0.6473831763250286,0.7470626103202584,0.7641660898357132,0.7703396588479936,0.7384277708626144,0.6909196673946607,0.7077179752719007,0.8977172876927887,0.8018701786358156,0.6473831763250286,0.5165932605186723,0.9846354307765333,0.9090096957119811,0.876198397267863,0.8967516469904768,0.9578556242450755,0.8571313391464268,0.5364200513108517,0.60376153540821,0.7648886723288334,0.6722671785917209,0.60376153540821,0.8451722392971192,0.8707710541962025,0.6914826318508711,0.60376153540821,0.7384277708626144,0.8296313410259677,0.956773626206588,0.8068343733389355,0.8512827582389367,0.6241404817902616,0.8628824041273822,0.7272817887986025,0.7798874555888033,0.9307306476546928,0.7763463599580398,0.9154829319758186,0.8772536000905926,0.8080969078491067,0.9112836988798387,0.7802191483051637,0.7390824625359056,0.7901688296183234,0.7207709456699074,0.739989165989537,0.8961322227985651,0.6911296691361122,0.8987613725012112,0.7935476958135688,0.7856698128549506,0.7945425446535294,0.9316522577980492,0.7718547933008413,0.9393203828196913,0.876035604520377,0.7174951588899892,0.7909062361234069,0.8945981560025998,0.8903204666908906,0.9904664709392821,0.5450528965007357,0.8469678326776531,0.8056767200935725,0.8869938104977819,0.7469089933593263,0.7335710651812408,0.9708640661864649,0.7177989139755572,0.9363116499519362,0.9814914270638062,0.9995583249327138,0.7531115666267931,0.8296313410259668,0.8995193391026696,0.9711407044649496,0.9812490169448846,0.6824151533222476,0.5991212303653619,0.8294570440795394,0.7157828329986395,0.8512827582389367,0.8418874980013769,0.7512834344727171,0.8987613725012116,0.9247648348741061,0.843712592809467,0.7945425446535288,0.9689188419031363,0.9601916664861462,0.9821712737613311,0.7244001641427458,0.8467269607313445,0.8467269607313445,0.975306822794282,0.9143949578657864,0.7423644543847863,0.9358388955042232,0.926340234755234,0.8381354443488452,0.9116538466243312,0.6962021326473186,0.9311424812015241,0.9887824175390698,0.72384952256244,0.7903555531263553,0.7099187434240755,0.7369382749942393,0.8760356045203771
p76_N,0.7524297972473162,0.9413411539914588,0.8918007079504506,0.922501574170787,0.9492063492063487,0.9623211158059548,0.7050163519970583,0.7509151724713103,0.903814238682265,0.960221152322577,0.9398636845831868,0.9475597985845114,0.9475597985845114,0.922501574170787,0.9106019687464652,0.5567710364845595,0.9443834278905731,0.9314886672615048,0.9582144552981327,0.960221152322577,0.8875255844205961,0.938412400887346,0.935580996038617,0.9508971383859763,0.9369854052620162,0.9314886672615046,0.9443834278905731,0.916441965519317,0.960221152322577,0.7739436107925906,0.9250013316406692,0.9544316996038,0.9428469360414609,0.918836138227166,0.9492063492063488,0.9582144552981327,0.9508971383859763,0.9428469360414602,0.9623211158059548,0.9301606414450722,0.8993922310882436,0.9328339505740529,0.9623211158059548,0.9129151319089189,0.9443834278905731,0.8474513194974065,0.9526370111116405,0.9004911494084332,0.9301606414450722,0.8918007079504506,0.9544316996038,0.8495864161552136,0.9314886672615046,0.13408370177867734,0.9428469360414604,0.9288488221297497,0.9288488221297497,0.0,0.7383793872014481,0.9459533477380775,0.9060540201833016,0.831146423199498,0.931488667261505,0.8993922310882436,0.9562880686171874,0.8244397822834254,0.9544316996038,0.6473831763250286,0.7698078233874499,0.9582144552981327,0.9212691469911799,0.9301606414450723,0.9492063492063487,0.8266892096935957,0.0,0.8864622842804517,0.9384124008873459,0.9398636845831868,0.8233095582802461,0.9623211158059548,0.9398636845831868,0.9341976401680094,0.31108550994831186,0.9314886672615048,0.0,0.9176344520056336,0.9384124008873459,0.8046479448175361,0.8939536575643378,0.03139863267861642,0.0,0.8918007079504506,0.8311464231994979,0.8548949080074899,0.31108550994831186,0.48955645159511174,0.8896584524348262,0.8875255844205963,0.8198957816506434,0.8187498553347689,0.9288488221297497,0.9526370111116406,0.9492063492063488,0.8580633769736241,0.6072669396673074,0.9582144552981325,0.9071820194155719,0.7973204052495683,0.9369854052620166,0.8289245259008584,0.8759110188590657,0.9328339505740529,0.8070467719220202,0.9094556823349389,0.9526370111116405,0.7833099084134079,0.9413411539914588,0.9582144552981325,0.9623211158059548,0.8580633769736241,0.9129151319089193,0.8854008763534221,0.9369854052620166,0.9250013316406693,0.9314886672615048,0.7554264789789614,0.9508971383859763,0.6339927913026551,0.9475597985845114,0.9152582079543838,0.8727631680356085,0.9526370111116403,0.9544316996038,0.9623211158059548,0.944383427890573,0.8453085223330432,0.8790644420447875,0.9544316996038001,0.9544316996038,0.06018876900101988,0.8046479448175361,0.960221152322577,0.8244397822834253,0.8717146038820363,0.8875255844205963,0.9106019687464658,0.8928757609748665,0.8420784215528954,0.9301606414450723,0.7583810530554915,0.9602211523225768,0.9060540201833015,0.8559522762859684,0.8811713725919912,0.9544316996038001,0.9301606414450724,0.8950345750758598,0.9140827360776214,0.8938851835250172,0.5567710364845593,0.7367566674079002,0.9526370111116407,0.9341976401680094,0.7431708752992887,0.8972062142375331,0.9164419655193166,0.8612222667022558,0.8993922310882436,0.9262700211315916,0.8453085223330432,0.9225015741707872,0.9475597985845114,0.9288488221297494,0.6783615558233287,0.8538362113124117,0.8780124908814328,0.9582144552981325,0.6072669396673074,0.9200475251844382,0.5526275082095409,0.9117550006367755,0.8885909234541712,0.9288488221297497,0.9475597985845114,0.6394614409405002,0.8538362113124117,0.8580633769736241,0.9015943008452886,0.13408370177867746,0.9237454173815312,0.9459533477380775,0.9038142386822652,0.8221755430097109,0.7897778653703146,0.9060540201833015,0.0,0.9508971383859763,0.9459533477380776,0.4895564515951114,0.8355526955775657,0.8918007079504507,0.9475597985845114,0.0,0.8685695845092951,0.7897778653703147,0.960221152322577,0.0,0.6951973979147161,0.9152582079543838,0.8864622842804516,0.644778770381618,0.904931518601306,0.9475597985845114,0.0,0.6473831763250286,0.0,0.8117838598171899,0.8388272306091985,0.8355526955775658,0.0,0.6339927913026551,0.0,0.7050163519970583,0.9071820194155715,0.9164419655193167,0.8759110188590656,0.9526370111116407,0.7711949776746394,0.060188769001018994,0.9355809960386169,0.9384124008873461,0.9060540201833015,0.7554264789789611,0.9188361382271667,0.9544316996038,0.49513192327918454,0.8907283270583697,0.9027019168030599,0.8972062142375331,0.915258207954384,0.9152582079543837,0.944383427890573,0.8854008763534221,0.9459533477380776,0.0,0.9027019168030598,0.0,0.7334713952978886,0.9152582079543838,0.9544316996038001,0.9275522446953854,0.7711949776746394,0.9508971383859763,0.9140827360776214,0.936985405262016,0.8928757609748665,0.9398636845831868,0.8612222667022561,0.9526370111116406,0.8717146038820363,0.8717146038820347,0.8442340263447973,0.03139863267861642,0.9562880686171873,0.8289245259008584,0.9623211158059548,0.8333555867103808,0.8333555867103808,0.24376003609304187,0.8706662210952575,0.8748612665230131,0.9544316996038001,0.8485197883378751,0.7973204052495684,0.7780046509581304,0.9582144552981325,0.8289245259008584,0.9140827360776214,0.9341976401680094,0.9015943008452882,0.9582144552981325,0.8517144868263773,0.8141237078825918,0.9562880686171873,0.8982973238138027,0.9225015741707868,0.9526370111116407,0.9188361382271666,0.8070467719220202,0.9459533477380775,0.9526370111116403,0.9526370111116407,0.7985559379258667,0.9582144552981325,0.7985559379258667,0.6499526646778642,0.8854008763534221,0.8442340263447973,0.9582144552981327,0.9492063492063487,0.9301606414450722,0.9459533477380776,0.9544316996038001,0.8022278398026612,0.8982973238138027,0.9526370111116403,0.9301606414450723,0.9164419655193171,0.7250134267509765,0.9094556823349389,0.8843412180810756,0.6848496741376313,0.7923174570100687,0.6911250629978629,0.8727631680356076,0.9602211523225768,0.9038142386822652,0.9602211523225769,0.9188361382271667,0.9152582079543838,0.9094556823349389,0.9526370111116405,0.0,0.9544316996037999,0.9027019168030598,0.931488667261505,0.9582144552981325,0.9562880686171873,0.9475597985845114,0.0,0.9369854052620161,0.9582144552981325,0.9623211158059548,0.9106019687464654,0.8233095582802461,0.9341976401680094,0.9544316996038001,0.8333555867103808,0.8289245259008584,0.9369854052620166,0.942846936041461,0.8409971458279799,0.9526370111116405,0.9188361382271659,0.8117838598171898,0.9413411539914588,0.9106019687464656,0.9623211158059548,0.7655931084723667,0.9188361382271665,0.77800465095813,0.9443834278905728,0.03139863267861642,0.92126914699118,0.8854008763534221,0.8070467719220202,0.8082384637825221,0.8187498553347689,0.0,0.8538362113124116,0.9176344520056336,0.9200475251844384,0.9176344520056336,0.9602211523225768,0.8453085223330433,0.0,0.0,0.930160641445072,0.9038142386822651,0.8591172857456586,0.0,0.9602211523225768,0.9492063492063489,0.9225015741707869,0.8972062142375331,0.7897778653703147,0.9492063492063488,0.9237454173815309,0.9384124008873459,0.8322525541058978,0.9634411459729272,0.0,0.8811713725919912,0.9164419655193168,0.7766590274917047,0.9952327064015152,0.923745417381531,0.8704033497109469,0.9526370111116403,0.7960789049353038,0.0,0.7973204052495684,0.9314886672615051,0.8591172857456586,0.8300371089395653,0.9508971383859763,0.831146423199498,0.9428469360414605,0.0,0.896118697172979,0.7399891659895362,0.0,0.923745417381531,0.7948313236856198,0.8420784215528955,0.8152867967569688,0.8022278398026612,0.0,0.7698078233874489,0.8559522762859681,0.9562880686171872,0.6574604645689301,0.7250134267509767,0.9071820194155717,0.9083158055901509,0.8961186971729789,0.9526370111116405,0.8982973238138026,0.8864622842804516,0.935580996038617,0.8527760996057683,0.8738120195914164,0.8706662210952575,0.21151139151266873,0.9544316996038,0.9314886672615054,0.0,0.9582144552981327,0.9015943008452887,0.8129560940834346,0.9398636845831868,0.9275522446953853,0.06018876900102055,0.7478523304650294,0.9508971383859763,0.06018876900102055,0.9398636845831868,0.9492063492063488,0.9413411539914588,0.8790644420447877,0.9038142386822651,0.9582144552981325,0.8463809254714867,0.9602211523225767,0.9413411539914589,0.9355809960386171,0.801009545737682,0.9384124008873459,0.9602211523225768,0.7997856146881548,0.9164419655193166,0.5305546844946969,0.24376003609304187,0.938412400887346,0.9027019168030598,0.9526370111116405,0.9188361382271665,0.8993922310882436,0.8769613888066743,0.9341976401680094,0.8993922310882436,0.9398636845831869,0.9250013316406692,0.6827113291147924,0.7725735218970409,0.9049315186013058,0.9443834278905731,0.8141237078825919,0.8907283270583696,0.9225015741707872,0.9341976401680095,0.21151139151267007,0.8175997772209664,0.9398636845831869,0.8517144868263775,0.9341976401680095,0.915258207954384,0.7539334992316543,0.9526370111116405,0.8453085223330434,0.7143607147557587,0.9176344520056336,0.8993922310882433,0.9582144552981325,0.7301312695908226,0.8918007079504507,0.9562880686171874,0.9164419655193166,0.9443834278905731,0.9443834278905728,0.9544316996038001,0.9582144552981325,0.9250013316406693,0.8255663034700989,0.9129151319089183,0.9475597985845114,0.9475597985845114,0.7125274559321444,0.9071820194155714,0.08671734220308647,0.8717146038820363,0.0,0.9562880686171872,0.0,0.0,0.8187498553347689,0.2115113915126694,0.9188361382271665,0.0,0.7334713952978883,0.8377384241745145,0.4006068367505189,0.8527760996057685,0.8811713725919912,0.8058499662916013,0.9038142386822652,0.47795836130872393,0.8399134433261015,0.9428469360414605,0.8864622842804515,0.4408515443948542,0.9176344520056336,0.7711949776746395,0.6473831763250282,0.9250013316406693,0.9428469360414603,0.9459533477380775,0.7846176027958274,0.9562880686171872,0.8961186971729789,0.9526370111116405,0.9004911494084332,0.9384124008873459,0.9328339505740529,0.935580996038617,0.8485197883378752,0.9237454173815312,0.9060540201833016,0.9355809960386168,0.7223272158432528,0.9526370111116405,0.17526171623055564,0.9508971383859763,0.9140827360776214,0.8570084033315839,0.8399134433261015,0.4654487838138117,0.8570084033315841,0.5711669571562623,0.77934241058442,0.8896584524348263,0.9475597985845113,0.7766590274917051,0.9262700211315916,0.9623211158059548,0.8058499662916014,0.8463809254714867,0.7876282222528317,0.8034406041869142,0.938412400887346,0.9071820194155714,0.8822265994777523,0.0,0.9544316996038,0.9164419655193174,0.9492063492063487,0.8612222667022559,0.9384124008873459,0.9459533477380776,0.9262700211315916,0.8311464231994979,0.9355809960386169,0.8046479448175361,0.9602211523225771,0.7935775465776653,0.9398636845831868,0.8664724446651941,0.06018876900102055,0.9428469360414603,0.7143607147557587,0.9152582079543838,0.9341976401680094,0.7806724477786733,0.8801173618492381,0.7318083230664854,0.8633240709217587,0.9188361382271666,0.6991852245234762,0.8612222667022558,0.9250013316406693,0.960221152322577,0.9369854052620166,0.9508971383859764,0.8388272306091985,0.9027019168030597,0.525843532183836,0.03139863267861642,0.7960789049353036,0.8409971458279799,0.9623211158059548,0.8790644420447873,0.9526370111116403,0.9176344520056336,0.9164419655193169,0.932833950574053,0.9015943008452886,0.9250013316406693,0.9369854052620166,0.500567215157067,0.9398636845831867,0.9475597985845113,0.9544316996038,0.9623211158059548,0.0,0.9188361382271668,0.8654234385275935,0.8070467719220202,0.9200475251844383,0.0,0.8832831707913574,0.8244397822834253,0.9060540201833015,0.3445847415586565,0.9038142386822648,0.8918007079504506,0.8811713725919912,0.7859181167692969,0.9275522446953854,0.9060540201833015,0.659898971292181,0.8907283270583696,0.9562880686171872,0.9027019168030598,0.9288488221297497,0.9526370111116406,0.915258207954384,0.9623211158059547,0.9275522446953854,0.9459533477380776,0.9623211158059548,0.9413411539914588,0.9288488221297497,0.9492063492063487,0.6783615558233285,0.8843412180810756,0.9582144552981327,0.9492063492063489,0.938412400887346,0.780672447778673,0.8022278398026612,0.03139863267861642,0.9544316996038001,0.08671734220308558,0.03139863267861642,0.03139863267861642,0.3741839079094692,0.0,0.944383427890573,0.45276065613764793,0.0,0.9341976401680094,0.535161772248302,0.9582144552981325,0.9526370111116405,0.9562880686171874,0.9508971383859763,0.03139863267861642,0.7960789049353035,0.8580633769736241,0.935580996038617,0.84099714582798,0.0,0.9071820194155721,0.9526370111116405,0.9341976401680094,0.7935775465776653,0.9083158055901508,0.9582144552981325,0.9508971383859763,0.9369854052620166,0.915258207954384,0.6284764518573094,0.9492063492063487,0.4006068367505189,0.9212691469911799,0.9250013316406693,0.6848496741376318,0.9398636845831869,0.9582144552981327,0.9301606414450722,0.9526370111116405,0.9071820194155722,0.8420784215528955,0.0,0.9492063492063487,0.8822265994777521,0.960221152322577,0.8377384241745146,0.944383427890573,0.9398636845831868,0.8244397822834255,0.06018876900102055,0.7569089328329721,0.7846176027958275,0.0,0.0,0.40880739824839063,0.6991852245234766,0.9027019168030597,0.8058499662916012,0.8453085223330433,0.8152867967569689,0.8399134433261014,0.7997856146881548,0.9328339505740529,0.8129560940834346,0.0,0.9004911494084332,0.9544316996038,0.9623211158059548,0.8311464231994979,0.9582144552981325,0.8311464231994979,0.0,0.0,0.7739436107925914,0.9492063492063487,0.7819949015164562,0.938412400887346,0.8570084033315841,0.8993922310882436,0.68567022295256,0.8993922310882436,0.834455605728513,0.8506512873935217,0.0,0.9152582079543838,0.8175997772209664,0.9508971383859763,0.9582144552981325,0.5526275082095407,0.7351207557283753,0.43182584581086747,0.9176344520056336,0.9508971383859763,0.8591172857456586,0.0,0.8266892096935957,0.9176344520056336,0.8993922310882436,0.8727631680356078,0.8654234385275936,0.9413411539914588,0.9049315186013054,0.8538362113124117,0.9562880686171875,0.8685695845092951,0.8622735200335979,0.9443834278905732,0.9602211523225768,0.922501574170787,0.2586095064370062,0.8129560940834346,0.9544316996038,0.03139863267861642,0.8759110188590656,0.9288488221297497,0.9152582079543838,0.92126914699118,0.9623211158059548,0.9152582079543838,0.9623211158059548,0.9623211158059548,0.9027019168030598,0.36470195687094553,0.8961186971729788,0.9492063492063487,0.9602211523225769,0.938412400887346,0.9384124008873459,0.8322525541058978,0.9428469360414611,0.9475597985845114,0.9288488221297497,0.5210240199989244,0.9508971383859761,0.7684119013812074,0.3833143586062788,0.7125274559321442,0.7447432793600621,0.0,0.8918007079504506,0.9492063492063488,0.758381053055492,0.960221152322577,0.9328339505740529,0.9341976401680095,0.855952276285969,0.0,0.7399891659895363,0.8058499662916013,0.9341976401680095,0.8058499662916012,0.8266892096935957,0.8129560940834346,0.9544316996038,0.7143607147557587,0.6716454483484393,0.8058499662916013,0.7431708752992889,0.9355809960386166,0.6761489807685293,0.9623211158059548,0.9355809960386169,0.9492063492063489,0.8982973238138027,0.930160641445072,0.8388272306091985,0.47795836130872393,0.8106069085572615,0.9492063492063489,0.03139863267861642,0.8420784215528955,0.8612222667022561,0.5110414539348818,0.776659027491705,0.7524297972473161,0.0,0.9856724533720751,0.8633240709217587,0.922501574170787,0.0,0.8399134433261015,0.9428469360414605,0.9582144552981325,0.21151139151266962,0.03139863267861642,0.9114861522954758,0.931488667261505,0.8972062142375331,0.9288488221297497,0.9083158055901508,0.9355809960386172,0.8129560940834347,0.0,0.9275522446953854,0.0,0.9582144552981325,0.8333555867103809,0.8843412180810759,0.9623211158059548,0.9262700211315917,0.8022278398026612,0.904931518601306,0.9225015741707869,0.0,0.8322525541058978,0.8210376473859937,0.8506512873935216,0.9250013316406693,0.4006068367505198,0.9544316996038001,0.3227392978460526,0.9237454173815312,0.392115299153029,0.8928757609748665,0.7948313236856197,0.392115299153029,0.9225015741707872,0.9544316996038001,0.8854008763534221,0.392115299153029,0.9623211158059548,0.9314886672615049,0.9508971383859763,0.8854008763534221,0.9475597985845113,0.9237454173815312,0.9341976401680094,0.8918007079504507,0.9152582079543841,0.9355809960386168,0.9140827360776215,0.9301606414450722,0.9475597985845113,0.938412400887346,0.7301312695908226,0.9225015741707872,0.9015943008452887,0.8333555867103808,0.4244019359716926,0.9083158055901509,0.9301606414450722,0.9508971383859762,0.9526370111116405,0.9015943008452886,0.8939536575643378,0.9275522446953854,0.9275522446953854,0.9004911494084332,0.9544316996038,0.9562880686171872,0.5974763156586969,0.9262700211315922,0.8664724446651934,0.9176344520056336,0.9250013316406693,0.6549904556418,0.9369854052620166,0.9237454173815312,0.9492063492063487,0.8366469404145512,0.8780124908814328,0.9129151319089184,0.9004911494084332,0.6623067578386679,0.9562880686171874,0.9188361382271666,0.5906675167558797,0.9314886672615046,0.9443834278905731,0.9262700211315917,0.8993922310882435,0.6040574193889983,0.7598430279509687,0.9398636845831868,0.6739104850582693,0.9475597985845114,0.8832831707913574,0.7143607147557585,0.9526370111116406,0.9508971383859763,0.8864622842804516,0.9275522446953852,0.9526370111116405,0.8982973238138026,0.8633240709217587,0.708808264663793,0.9459533477380775,0.9459533477380775,0.8322525541058978,0.9341976401680094,0.9027019168030598,0.9526370111116405,0.8591172857456586,0.9341976401680094,0.9562880686171872,0.8928757609748665,0.9328339505740529,0.9508971383859763,0.960221152322577,0.8854008763534221,0.9582144552981325,0.7197593917099125,0.9562880686171872
p77_L,0.9461114353451033,0.7826393375786724,0.8036702388384003,0.9724291876439375,0.7587615740028217,0.860380696433722,0.9125133911560326,0.9903793565874481,0.6250326248254965,0.8884740070227128,0.9023605438588362,0.860481421277431,0.7770224160536287,0.7727368705792379,0.9371029763423193,0.6665450612183823,0.9787053550194154,0.7902646531976727,0.9835434409405948,0.9602234796669928,0.8137608429104817,0.721080895687531,0.900726820402769,0.9066163701727092,0.7835967342056416,0.6359965055496788,0.8731094375876023,0.7256064607423469,0.924348743344853,0.7323339056338973,0.6835143529399398,0.7578937685581044,0.8397627738903011,0.6458236322967583,0.7587615740028218,0.9835434409405948,0.827681783355944,0.8655346503928814,0.860380696433722,0.8063667302240627,0.8086645392756111,0.8674922352565753,0.9508366667997827,0.8660778093317238,0.8731094375876021,0.7786718808990998,0.8398896489883634,0.6541142576673089,0.6940974911232051,0.5510424788355974,0.8627587161412211,0.5091373507903207,0.6359965055496789,0.7826393375786724,0.8913065268954619,0.7577382749151549,0.9000323049596543,0.8117838598171898,0.8518082662771135,0.9024010236924397,0.6391887236662097,0.5251669693443506,0.7242640195885488,0.709682454097535,0.8663112473270754,0.5612303688001198,0.9791798191501646,0.951880605337129,0.9685291674038722,0.9821979361118385,0.7871555001524744,0.7412098895302284,0.8976747730531871,0.4731224106571812,0.8117838598171898,0.7473957866698555,0.7717868275465858,0.9743798833618915,0.4659325948727231,0.8603806964337222,0.8757722251384739,0.8246430405090703,0.7891310377955436,0.9667996812754103,0.8117838598171898,0.751933834393758,0.9891292318748213,0.7933544019837796,0.8828839166434672,0.8056825578273628,0.8117838598171898,0.8981025240568403,0.732621296204651,0.6607660268319613,0.7891310377955438,0.8867800335374922,0.8554576475317246,0.7369157157643453,0.54675111234272,0.5525423297889458,0.9716316624933989,0.916027328859182,0.8404141642291887,0.9642895876119801,0.8621391347194555,0.777991703255195,0.9176509901412544,0.6024330339076056,0.8783134032673708,0.5118468772663166,0.8163297217952294,0.7959854875305834,0.670894676346375,0.85621661349057,0.8398896489883634,0.5738710949902566,0.8834045746395403,0.8794220672691386,0.8603806964337215,0.5318562412865462,0.969540564792382,0.8489304945481235,0.7901782550165781,0.906559021441278,0.8343984102171071,0.7479692108045792,0.8572042107416491,0.9533791937291328,0.9726005682749654,0.9842318644685906,0.6969201847303697,0.8550065733210683,0.8311464231994983,0.8375670847398857,0.8101028101169588,0.5057573983096024,0.8143637812087475,0.8627587161412211,0.7895060614998268,0.7997298457662125,0.884064060463601,0.7886533660780264,0.738559731348545,0.8817204232188738,0.8137608429104817,0.5966904274755772,0.8901403213651464,0.6052092839291867,0.7592543318170397,0.49186334127946996,0.9680270476887273,0.7775162551171841,0.9789452096419894,0.9169003725518663,0.925983302024667,0.6723785442252612,0.8998541171520613,0.7923258105392537,0.8511317575653562,0.8185329223264999,0.8319174545100838,0.8855169510901253,0.8246430405090703,0.8658095911668434,0.8630577372518524,0.9918040510987136,0.8815781658895088,0.8746525960609959,0.8306896126628702,0.7177290241834164,0.8126753339921782,0.8883010896853646,0.7716962724127067,0.8590738069820218,0.7345587475549512,0.958697290939132,0.9136806902167052,0.7910170237346361,0.9065048223856088,0.7015474986353398,0.9081427018839825,0.902724154687869,0.9074636462199257,0.9726005682749652,0.9697869639846602,0.8753661480023016,0.5182385609865066,0.8957874248358991,0.908595883904757,0.7781181359006082,0.8809668813683984,0.9311934609622231,0.5936245590867111,0.5109435715476327,0.7383373848044079,0.8117838598171898,0.9361387975584146,0.9351249051031894,0.9304111425645072,0.829114162295244,0.8343393344909169,0.9995797633171007,0.8117838598171898,0.7528683203815614,0.3632112623368321,0.852599270700573,0.8117838598171898,0.9348425441051917,0.6988849261198375,0.702424756915961,0.8918552189255773,0.8877894915376969,0.8326617528694967,0.8117838598171898,0.8316025602239883,0.8117838598171899,0.0,0.40277345527794806,0.5067064315595251,0.8117838598171898,0.8846114269035661,0.8117838598171898,0.9220119372590916,0.80332127075963,0.7468931613609655,0.830863516221664,0.9619311600645907,0.5458751724728519,0.8538878695010028,0.9133641417093474,0.9384233000157671,0.9804105648436121,0.8207491506682497,0.7377721470800509,0.8311464231994983,0.8911496102573422,0.8766565545557359,0.8588332480153076,0.8467936938468876,0.6988849261198374,0.642964359753089,0.9948956656226314,0.8793280667697472,0.8538878695010035,0.8117838598171898,0.7530474010061948,0.8117838598171898,0.7421824976887006,0.6859888438459347,0.9475675262084416,0.8580038305240791,0.5458751724728519,0.9361387975584146,0.617313208578238,0.9730300723290999,0.777266200328727,0.9743798833618913,0.620260651952357,0.946537706628239,0.796020591227879,0.9388536445462037,0.6187885650799752,0.8056825578273628,0.9365797231195259,0.8123584390123284,0.860380696433722,0.7954079169282737,0.8467887814933276,0.7735506690497278,0.7680258881594829,0.8112056982051903,0.8843429403249959,0.858349985793305,0.7012371001875368,0.3118364988976161,0.777991703255195,0.4098401325536597,0.8018010151040218,0.9242855125752889,0.8865297057800594,0.777991703255195,0.9209324875117265,0.4753000153055391,0.9365797231195259,0.6558977074619872,0.9676631172366529,0.8550065733210683,0.6992468832911016,0.4595898319603702,0.9024010236924397,0.8244961955520118,0.8550065733210683,0.6243097067942822,0.9136806902167052,0.5352970195549236,0.9036058696933307,0.7425389917724408,0.8944935577060383,0.8794220672691386,0.8160221828268204,0.9366804116117318,0.8809668813683988,0.8311464231994985,0.5066088844213135,0.8854971663887025,0.9465377066282388,0.7629288364281739,0.8951601536377106,0.7038237989078004,0.8029615210609302,0.8994787011220132,0.8699840321495327,0.8330714831975976,0.9903375084927543,0.8584269721924677,0.9680270476887273,0.7781130428938617,0.9602234796669928,0.8191873193470309,0.8107260588533334,0.7887494369784984,0.8398896489883634,0.8117838598171898,0.7578937685581036,0.6900857041116129,0.9669996831954379,0.777991703255195,0.9694312280450923,0.9726005682749652,0.8117838598171898,0.9493509050636675,0.9835434409405949,0.8603806964337217,0.8658160743137775,0.8764362578207456,0.924285512575289,0.9475675262084418,0.5385035941030031,0.7486042235669177,0.7664990877511457,0.8767465845813156,0.6976089949258268,0.9465377066282388,0.7036115279801831,0.7893288084464554,0.7387257863822076,0.8475207266405453,0.860380696433722,0.5534855278196089,0.9111358341303235,0.5206418923030147,0.836501789474912,0.8056825578273628,0.7674322276302095,0.8337317084373119,0.4471601352317818,0.4166261704122881,0.6930210176606229,0.8117838598171898,0.5596974938392368,0.9804930572626964,0.9454807717437492,0.9052273313028347,0.852599270700573,0.6650840358778585,0.8117838598171898,0.8117838598171898,0.9801183054076215,0.8291398489166482,0.7511964739064667,0.8117838598171899,0.852599270700573,0.8160221828268206,0.9724291876439375,0.798001563631993,0.6340538292232994,0.8117838598171896,0.958935661615315,0.8442342956559976,0.7502101359130706,0.6502388218870051,0.8117838598171898,0.7382901343354233,0.9705173504800945,0.538004959274297,0.5769622396659675,0.9993889235359422,0.8143744405013034,0.8244961955520118,0.4719832917762139,0.8117838598171898,0.6318354524229326,0.7681977746879558,0.6886653952681618,0.9577818973551999,0.91624906551306,0.7454180502469094,0.8397627738903011,0.8117838598171898,0.8518926486983512,0.8057613841973421,0.8117838598171898,0.9601578145434304,0.8597630229623952,0.9897364677353853,0.6912986522920443,0.4446777280858776,0.8117838598171898,0.9930971994541512,0.6541699579836643,0.8708767132683928,0.9854551331140633,0.8165501184495989,0.7510035696785462,0.548063601665357,0.8896636832642417,0.8398896489883634,0.7872246393567071,0.5954454181687584,0.8310109311948124,0.6335521279844395,0.9357629214168472,0.7056704905528526,0.9472040798747394,0.8211183544415497,0.9667996812754105,0.8117838598171898,0.8794220672691386,0.8195503613541997,0.6060020123420264,0.9023605438588364,0.9523071161715407,0.7997298457662128,0.6861033298568406,0.9656612249441194,0.8268088576336079,0.8511203105826195,0.8117838598171898,0.8330219561091066,0.8319077174533525,0.8646993149466271,0.9835434409405949,0.6060390587527891,0.8604028387223074,0.9337871931699739,0.8774881906667835,0.6482208658351972,0.9166817637654094,0.8245281024001674,0.6291269986491479,0.8198029567953268,0.8508863814476204,0.7511158505688715,0.7717868275465865,0.8419584936249382,0.9619311600645907,0.9303984660247984,0.9571376670427263,0.7843024496513735,0.870292394493732,0.8119041342084294,0.9497279688060369,0.642521690378063,0.7189601427976053,0.7619339666455625,0.853494313051065,0.8731094375876023,0.8756185514925117,0.9669193824478985,0.9277246538237129,0.8329868046059652,0.8310109311948122,0.7008290867218439,0.9990317979177459,0.6243788126706804,0.8558114815982965,0.9039270027979134,0.8268770541904142,0.8855169510901253,0.9546314715584276,0.7325292699734258,0.9423998534512066,0.9273832335828514,0.9835434409405948,0.9515837104072395,0.787123191881697,0.9365797231195259,0.8599289566245414,0.8731094375876023,0.7939124995137425,0.9475675262084418,0.8794220672691384,0.763084702474705,0.7215463958964853,0.7868943138191669,0.8048420844615622,0.9169612314590976,0.6556338873649914,0.9428351403091882,0.8203114788716959,0.6960374539050518,0.8117838598171898,0.8006082374759431,0.8117838598171898,0.8117838598171898,0.3765071108605115,0.7612950419868563,0.949661097919273,0.8117838598171898,0.7596412427372181,0.6170520647503608,0.7978299765794308,0.9104544673646189,0.7382901343354233,0.6034464239364774,0.8987171856284852,0.9094575111864158,0.5006355557427258,0.8655346503928816,0.7779613120261988,0.838025208342827,0.6195283027166623,0.8154259771106365,0.6406376558312348,0.8064923406255751,0.9170784033980421,0.9622039169705845,0.902651634047404,0.8708767132683932,0.9488090242123789,0.8398896489883634,0.9470301265552346,0.9166817637654094,0.9081595799348638,0.7845336717228413,0.4073940424037302,0.9601578145434304,0.6391887236662104,0.7506937335574491,0.8206635321074085,0.8093792712193065,0.8925326077289395,0.847571515401299,0.9768136170650374,0.4574716310832213,0.6409197126516379,0.8627587161412211,0.8095060644328034,0.793912499513743,0.6506663358168041,0.9890548039892401,0.8335022262352958,0.5625685057332495,0.7267931754945538,0.8981372237870209,0.6407007002875732,0.5532611283458975,0.9386696993002583,0.6435390196008135,0.9166817637654094,0.8556389718407149,0.912817439581761,0.8117838598171898,0.8211183544415497,0.7444457599529428,0.9878040092988161,0.7608294466175476,0.8418266758698838,0.9622039169705845,0.9199589381331699,0.7454180502469097,0.807772301458827,0.43355191779047353,0.852599270700573,0.6296182071578058,0.9743798833618913,0.5986200741910367,0.7997298457662128,0.9428502799006224,0.9896613082531446,0.8910309205240108,0.9699348665599509,0.8138569700901742,0.8221844162442687,0.6223584322825779,0.6339259277965954,0.7377721470800509,0.6659312638091959,0.8020901067128865,0.7654996780636969,0.852599270700573,0.9019925705328029,0.9656612249441194,0.7921156026709353,0.7192978922254557,0.7792758285964374,0.8056825578273628,0.5776239227365241,0.7497535235424202,0.9130801394464838,0.8585798438759853,0.8398896489883629,0.9423998534512068,0.9541254526775216,0.751115850568872,0.8530400335671295,0.970462990873088,0.8783134032673706,0.8196852525153117,0.7771645669150555,0.8604814212774308,0.8211183544415497,0.8981372237870209,0.8117838598171898,0.8918732022358489,0.6826810578559612,0.4968789221461358,0.8206635321074087,0.8117838598171899,0.7708504311966738,0.6154547336536216,0.604606840803467,0.9876323489431227,0.8306814442647676,0.6462830968076694,0.5026163532446938,0.932270876013974,0.7736975846110217,0.9504256694309011,0.6332474197461615,0.6733052726604603,0.8006082374759431,0.8757080024056774,0.9214216437174787,0.916027328859182,0.9842318644685908,0.9358937511403203,0.7626180628671608,0.8268088576336086,0.8603806964337217,0.7826393375786724,0.7791276136729792,0.869044468641188,0.7153448801533231,0.7377129398199558,0.9150261950454616,0.9591737048868169,0.9384233000157669,0.6295698028913141,0.4942226531542264,0.8056825578273628,0.8311464231994985,0.8203114788716954,0.8056825578273628,0.8056825578273628,0.8533479384468993,0.8117838598171898,0.952306375661462,0.778137120591698,0.8117838598171898,0.9159417484783943,0.7828021167579164,0.9150261950454613,0.8398896489883634,0.9320142571782084,0.9752939202844704,0.8056825578273628,0.6640232668717292,0.4773855200863868,0.9133641417093473,0.46807854720867625,0.8117838598171898,0.9350902238349492,0.8855169510901251,0.7561690095320774,0.5443603708931445,0.8295472151641541,0.8451634443215719,0.8475715154012993,0.9730300723290999,0.9096711093129268,0.8375365895474425,0.8732827916508182,0.685988843845935,0.7477089551079441,0.9885443465650341,0.636849247819351,0.8264683960267651,0.9479393131642719,0.9112869601026542,0.8398896489883634,0.7781371205916974,0.5268116874771687,0.8117838598171898,0.8404141642291889,0.7879868372618155,0.8884740070227131,0.6447911417928605,0.8892997481908187,0.8018164814709106,0.44723292144756166,0.7997298457662128,0.6041991862054004,0.49494731773239076,0.8117838598171898,0.8117838598171898,0.9030184944547239,0.8861823447117543,0.656336195330874,0.44201122641506474,0.546632812190353,0.7038237989078004,0.6018994975786547,0.4556842752690696,0.9123618722182874,0.4810491198300124,0.8117838598171898,0.830697238620143,0.8211183544415497,0.860380696433722,0.6174505098243239,0.777991703255195,0.653134509766937,0.8117838598171898,0.8117838598171898,0.5358327085500494,0.9549353818771855,0.5175731427773268,0.9625724560522374,0.7280591417123623,0.6271973831158058,0.9423100764371373,0.891149610257342,0.5709209078564453,0.6599591588111178,0.8117838598171899,0.9842318644685908,0.3950571413728792,0.798159355970239,0.8794220672691384,0.9002234134515732,0.6626806219896813,0.7045680248505848,0.9804930572626964,0.7391145011988289,0.6828869457570312,0.8117838598171898,0.43500018344810043,0.904306649639717,0.7129220490303522,0.9588324528873109,0.5571274479944803,0.8898736419735082,0.7349635451093528,0.9157187450136202,0.8991627522526418,0.8238062391128155,0.6822844760594473,0.9948956656226313,0.8525992707005727,0.8877861904107731,0.8785321672365414,0.44356325207640845,0.9259833020246668,0.8335022262352967,0.4279129680301309,0.8572536274440052,0.8164701653683466,0.936718684535814,0.9130801394464838,0.7232692214237668,0.9130801394464837,0.8981372237870207,0.8880454361291504,0.9570793548609002,0.6419071684179567,0.9263050774651862,0.8884740070227128,0.7452300517240017,0.9142741439792961,0.8271341039820186,0.8397627738903015,0.7492027476456946,0.9428109824753033,0.8988236467384556,0.8180490880155942,0.7192822063393804,0.7328872324880131,0.680927393030627,0.7224803641824866,0.8117838598171898,0.8981025240568403,0.8404141642291887,0.6340538292232993,0.8884740070227128,0.9754640353774322,0.6960387426519787,0.9127963731385695,0.8117838598171898,0.5079938110718472,0.6531187924046049,0.9159417484783938,0.44036048305207565,0.5366594560056488,0.4560585413276099,0.7895060614998268,0.5982025775724031,0.915147730329259,0.9246660756163148,0.6387411581496675,0.807772301458827,0.8248305151201456,0.8981372237870209,0.9472040798747399,0.8404141642291889,0.9998515520739699,0.9583993585096766,0.4940904604419225,0.7744594760634602,0.6722285136368431,0.987804009298816,0.8056825578273628,0.5660104857031778,0.6920616797919816,0.8412054955072277,0.5748502789627252,0.6221465027413573,0.8117838598171898,0.5161970781031542,0.8536373180286301,0.7727368705792381,0.8117838598171898,0.4876288173850647,0.8913065268954616,0.777991703255195,0.7845336717228417,0.8335022262352967,0.5231250895335045,0.8125315336274175,0.9417737418885702,0.8005169524308036,0.8119544893204793,0.8542495609307978,0.6942617895906944,0.8117838598171898,0.942310076437137,0.8117838598171898,0.8794220672691384,0.8063903826925563,0.5971384019069873,0.860380696433722,0.8160625009648528,0.6635136206838417,0.632078009649457,0.7480015684654839,0.8117838598171898,0.9292733304663152,0.6039714395061828,0.7266377834755253,0.9704629908730878,0.6859888438459354,0.8627587161412213,0.7220920399128279,0.9791622925756286,0.8787682558351375,0.4941957043340447,0.6098110152581131,0.8787682558351375,0.7128291754598282,0.8627587161412213,0.7577377778832528,0.8787682558351375,0.860380696433722,0.7463308980982657,0.9752939202844704,0.9553219973238067,0.8335022262352958,0.8578025068137466,0.9387664254707251,0.7084296208663285,0.9283112981018427,0.9366027714453327,0.6173132085782402,0.9764438007964886,0.9995797633171006,0.7717868275465862,0.8112745098039225,0.9524599559374674,0.8697848696735941,0.6284201070918478,0.8900553933316913,0.6602637353692788,0.8715235709178974,0.9066163701727092,0.8093792712193066,0.7618287359841818,0.9944620273083877,0.7415415013888952,0.7526210231327572,0.6873522256487636,0.8211183544415498,0.8006082374759431,0.8781410433381922,0.6290489140618826,0.8132703422722638,0.8480875255856,0.8679813344683927,0.9775123209897574,0.908574091343739,0.6757628281709231,0.8732827916508183,0.7523962686020975,0.812010631077037,0.9878051898897036,0.4879244177600356,0.7884191936859974,0.9648657621037748,0.8340853065524245,0.8889986939274062,0.6580633840593959,0.8892997481908186,0.9969239121321767,0.85815558186465,0.8674371178870413,0.9177241323170892,0.9270124584146906,0.8166726404952289,0.9447808998670315,0.9813736472622198,0.7577846719528287,0.8704000267574201,0.827681783355944,0.5801626554905867,0.6150821325193092,0.824496195552012,0.721709621335377,0.5923770017824243,0.7215463958964854,0.9892829288379796,0.8211639880902546,0.5959361355008772,0.8474677175014014,0.8250837392345682,0.8550065733210688,0.6613415840083878,0.9471101895676202,0.8006082374759431,0.5892224124215096,0.9081595799348638,0.8770939427870041,0.852599270700573,0.7407022804599537,0.8794220672691386,0.9067780692165779,0.8006082374759431
p77_M,0.7594331826908636,0.7932155644827403,0.5577898190793004,0.8929164957858678,0.8685974240625229,0.9982208564121748,0.8374539490540021,0.9048099402320252,0.6947940286765228,0.8737781800841438,0.988615979061509,0.9493117100236348,0.8914571445678523,0.7475664786422569,0.8094809835483938,0.9053197676906498,0.9019760248728739,0.6208108276666027,0.9188536583074237,0.9483842914986946,0.5898067303983154,0.8547983376541739,0.9386048295441269,0.9362857614126447,0.8985368145398756,0.7826074507426821,0.7921759038336897,0.7740416654066775,0.9856873472059702,0.985069172425432,0.8472720529865787,0.8554077319402791,0.6989884747625948,0.7424598513400253,0.8685974240625232,0.9544762565836077,0.9362857614126447,0.7793823544185217,0.8804415508981578,0.7021821604209392,0.6330842933065948,0.8102041942761287,0.9625193750831524,0.8376228572596895,0.874525994613078,0.562451238706728,0.9131632661895819,0.7015302244358868,0.778393506769121,0.6566740276930516,0.9211495461267729,0.2880136539051775,0.7826074507426821,0.9448416565038158,0.9526380467283799,0.6030228196247296,0.7964719229254078,0.8388272306091986,0.9520949893286206,0.9692908559344788,0.7019010544900206,0.5839687946940051,0.7826074507426823,0.7016996034283559,0.8612981558461015,0.7063454892058292,0.9868913603132672,0.6977056276495299,0.6957997278676304,0.9544762565836077,0.7371065870097794,0.5892638272013873,0.982551608670862,0.5161361694179514,0.8388272306091986,0.6133773746635591,0.6680996485041846,0.8575835747899004,0.6365995947812686,0.8054803010644624,0.9117157559872135,0.9239956931151625,0.953066035737797,0.8043744343099004,0.8388272306091986,0.667205464506432,0.9301302345765381,0.9090697058973973,0.8623977963570977,0.8336025791120698,0.8388272306091986,0.8196352034885155,0.684187733222158,0.806105167956203,0.8740812001922273,0.7533721847533897,0.81658567371394,0.47794022784804424,0.5594394507357563,0.6602193329572066,0.8921549806191085,0.9766135065676136,0.7741602544976014,0.9972621427194116,0.9002182642151026,0.8674107520354712,0.8411806880694256,0.5751975777540692,0.8985368145398756,0.5632303612556988,0.7741351649807521,0.8632032458559101,0.7754794618662781,0.8972794795245493,0.9131632661895819,0.746946363516779,0.9972302123065044,0.8674107520354715,0.8054803010644612,0.6204217554584175,0.9724590005246116,0.9053197676906499,0.6336464894493313,0.9325215478625359,0.8273198851403133,0.9670966931602389,0.9669835968892306,0.7598618521454189,0.9493117100236348,0.8667830749506908,0.6708398153508024,0.7378604117312428,0.7830122900340042,0.9197013194028298,0.8235236725291668,0.4918265651572524,0.7235391869610672,0.7830122900340036,0.888278639033526,0.8848194430340297,0.7039016526800357,0.8737781800841435,0.8380523226379029,0.6347579073852302,0.9094253091133756,0.7163320995816558,0.8741738347484,0.6619386409956374,0.8009771734130315,0.5149475147777351,0.9483842914986946,0.8277566041887492,0.9505174167605193,0.7425055472042368,0.9802377325934859,0.8235608400569425,0.9505544194050504,0.658757459937622,0.7297692078989266,0.9840528504330195,0.8142531826257192,0.9599362530543547,0.7815951709705525,0.6557976612005953,0.6327989901849747,0.9712965447150965,0.9314755123250513,0.770314913550117,0.7586066761590751,0.7281141886318521,0.789095054969003,0.9928337245205828,0.9076766002309373,0.9336683880341123,0.8858692905046197,0.7922224829152106,0.9386559485878399,0.8262644922831701,0.9489423931781804,0.7722896917955119,0.9644874660449378,0.919731658781257,0.8699140451580025,0.9203844272957435,0.7376425662310496,0.8903483187188035,0.6629013223275475,0.7922190660148032,0.8138702669970947,0.8844196654710746,0.9692908559344788,0.9070275927691092,0.40877222422623616,0.6017712134959607,0.9924497533844959,0.8388272306091986,0.8748900904594732,0.8054520429976553,0.7188108778750546,0.583122447649636,0.9021540755766921,0.83360257911207,0.8388272306091986,0.47799025741763745,0.4993617906871144,0.8737781800841435,0.8388272306091986,0.7383551927710972,0.7698714217829536,0.7509733568086281,0.7579990933922058,0.7667516042146318,0.8625298618399613,0.8388272306091986,0.7821320969911183,0.8388272306091985,0.40277345527794806,0.0,0.19423929653096383,0.8388272306091986,0.9684165192368299,0.8388272306091986,0.8978339089380016,0.9412165844423912,0.7558134917412122,0.5474485052131022,0.9766135065676136,0.5549585773251617,0.8285051677670632,0.986932538036146,0.8296877053467193,0.9715915181301531,0.7510187416548919,0.6766830323566164,0.7501413829407568,0.8008393981888762,0.8484535983370582,0.712150826119361,0.683533733853588,0.7892537524165004,0.7504890911494055,0.8509737027889623,0.8579080326007938,0.8566623054005462,0.8388272306091986,0.8667306034740474,0.8388272306091986,0.996048407910904,0.803717304278996,0.8554077319402791,0.8573161788496182,0.5805019639916036,0.8748900904594732,0.7657434872737556,0.8798658031392227,0.7964591371908679,0.9344837978641956,0.6740550220556023,0.881438146000566,0.7832777263723175,0.7090178168787733,0.6149528827626818,0.8336025791120698,0.9337451012300576,0.6810347915149615,0.8804415508981578,0.9119914675252561,0.8051383753688506,0.9735004742101092,0.9962464550801918,0.8404149519250472,0.8882786390335262,0.7675864708947975,0.6907776687094653,0.34667579601783016,0.8674107520354712,0.5101963368887277,0.8424766943122395,0.9573372050976623,0.8421390929393479,0.8674107520354712,0.8447693828795262,0.5662943191096268,0.8654261869221105,0.5222612389881943,0.996737936602733,0.7378604117312434,0.7367716995604121,0.5040634165501903,0.9743948687985546,0.706135291542227,0.9916613732433704,0.5083316480507507,0.9900988548597919,0.6692187019419129,0.6938792629830925,0.47861415188194545,0.9289378552913561,0.9900988548597918,0.8983676175158459,0.9054351602161331,0.8899234558981051,0.7501413829407572,0.514124507733646,0.8475969617536918,0.9282111328653387,0.6570148271331187,0.7740416654066775,0.6483961063930183,0.8049871552102872,0.8216310220562617,0.9743966079582518,0.877406149692326,0.7732088884298025,0.7922303064452492,0.9770095970867546,0.765538550040719,0.9483842914986946,0.9026962972168142,0.8280184136835951,0.5858835043155821,0.9131632661895819,0.8388272306091986,0.855407731940278,0.9578033255232065,0.9879380409531974,0.8674107520354712,0.967904558384031,0.9639064417926916,0.8388272306091986,0.9477806772778539,0.8674107520354717,0.8839998380738069,0.7434043734112641,0.7716381841918367,0.8861369440253573,0.8882786390335262,0.7116419197319952,0.4821572001388188,0.9291096658772006,0.8186482473018313,0.5014488191578386,0.8497130258115502,0.762489407074624,0.4551562457026238,0.813870266997095,0.809480983548394,0.805480301064462,0.5501483187876084,0.9570968126409958,0.49993611601648213,0.9333237935683505,0.8336025791120698,0.9627004867734829,0.8104962975109378,0.5169879901366707,0.5597066634710266,0.4245611767636124,0.8388272306091986,0.6620868997280429,0.8772812671166292,0.9894701338449006,0.8970861918286701,0.9024034856722037,0.6323174390971813,0.8388272306091986,0.8388272306091986,0.778393506769121,0.6947940286765233,0.6230945553150795,0.8388272306091985,0.9483842914986946,0.8388272306092,0.7956191817635372,0.5482410840706201,0.5377653242404317,0.7443900610442784,0.9475154720610817,0.8438740746563684,0.4124648140125601,0.4958807408299415,0.8388272306091986,0.479400174790623,0.9908859131672677,0.572275974110541,0.5169764294962746,0.9475154720610817,0.9865151328216977,0.7061352915422272,0.48128202868596004,0.8388272306091986,0.4231083006325017,0.781428983479489,0.8370834584349847,0.7423844294767615,0.8748900904594732,0.4446753241765382,0.8865741939597607,0.8388272306091986,0.8047420729572727,0.5865458380452568,0.8388272306091986,0.968547407591084,0.8748727040768038,0.7266694281677935,0.44001492683364263,0.4883657525578373,0.8388272306091986,0.9720998608712796,0.7258477840967261,0.9337451012300576,0.8910234855722572,0.8177058147850107,0.7598809782022387,0.7273710645744735,0.7081787062311005,0.9131632661895819,0.7794735239960577,0.6715171982426509,0.7211301413300406,0.5607365562024484,0.9060983515815761,0.4046162796247338,0.819756627995778,0.9211495461267731,0.8732107868011372,0.8388272306091986,0.9900988548597918,0.7376699954976752,0.6923341663345672,0.8860823482957816,0.8796953582226248,0.8566623054005467,0.8038994910221364,0.9669835968892309,0.8566623054005467,0.806316759407037,0.7741602544976014,0.7932155644827403,0.602139044306893,0.8630527127972561,0.9030333503116557,0.5811520636900858,0.9483842914986946,0.9186473786024711,0.841949412560089,0.7031885752442864,0.8187634423489135,0.9110812357914189,0.683671925932196,0.8328097707631912,0.9839807582045723,0.9735004742101092,0.7434315454265499,0.6419643977182625,0.9131632661895819,0.7568012552950109,0.8351470532497567,0.9653252099328204,0.7815951709705525,0.8523008807801964,0.9117157559872138,0.7620225581106217,0.9128869334955445,0.7125614294717237,0.659769776494137,0.8196259340934856,0.8654789284443862,0.956364071116507,0.7956191817635374,0.9573372050976623,0.868084336487797,0.4297485146910939,0.9117157559872138,0.58056225133131,0.8386701033104875,0.9443123974848822,0.9627420224154508,0.9599362530543547,0.984495562764134,0.6845119095055853,0.8454497869147994,0.9037623633715177,0.9188536583074237,0.8310498174102339,0.8366927294743882,0.831266729768137,0.9908859131672675,0.7372758433140978,0.8470759643532824,0.95402045322002,0.8674107520354715,0.7904175937906055,0.5509240945145712,0.6306063445363551,0.9203844272957435,0.7903427454253447,0.5971487800461419,0.8868159025703457,0.8784237330487583,0.5456460159929781,0.8388272306091986,0.8954576130000749,0.8388272306091986,0.8388272306091986,0.516399127341906,0.7955927737497692,0.9427554086860113,0.8388272306091986,0.47299063920672,0.5659238923515153,0.9249300668513343,0.92327846430507,0.5258305346283194,0.4410171841122177,0.9600859837922555,0.7088111395715757,0.5731786619580028,0.9669680736156904,0.8358546186482934,0.9637765273080219,0.7584517188443847,0.6276530493486931,0.6414213147551369,0.9112091741435469,0.9258400868430701,0.9129765806675127,0.9685243327866836,0.9979359844619955,0.9265245638363127,0.9131632661895819,0.943459372584234,0.8547983376541737,0.9331873658276161,0.7211301413300404,0.7124205489630506,0.8213238588810676,0.7198804187326959,0.7955927737497686,0.8678869118447401,0.8814381460005658,0.8296877053467195,0.787433719298082,0.9848735898511752,0.6027347231791704,0.4530508873224025,0.8882786390335264,0.733862967728768,0.8235236725291668,0.8618499334981753,0.9135925584021193,0.7903427454253446,0.5850467347608572,0.6073605075978469,0.8839998380738072,0.4022796632680159,0.7046303419946114,0.6912645324713007,0.47649819129124893,0.8940953392712783,0.8142816600742844,0.984068642581017,0.8388272306091986,0.9211495461267731,0.9111672445718766,0.8685974240625229,0.5679846454843541,0.8045770730392638,0.8848194430340295,0.9098528447203035,0.6575752433281998,0.7211301413300408,0.47043724561848665,0.7904943185503797,0.5396974390931721,0.9601172055556272,0.678225966949797,0.8285051677670636,0.9669680736156905,0.7771391811394919,0.8812466268131877,0.9810706254550972,0.7122739521746344,0.727402953421352,0.5379210608054374,0.6815235482470556,0.6967125880912144,0.5839687946940049,0.6537914755741703,0.7833349318296117,0.9770095970867545,0.9724026086468429,0.8748900904594734,0.5397912589693417,0.8842772105743217,0.7259586721210705,0.8336025791120698,0.49198364029327646,0.4878936654812527,0.9589610879075023,0.7541901764488872,0.9448883863785975,0.8256448622027585,0.951707176262925,0.6765789259313615,0.8792766472161957,0.953833921581525,0.9477806772778539,0.9480327249734062,0.6268829055670135,0.83360257911207,0.888278639033526,0.9982208564121748,0.8388272306091986,0.9026962972168142,0.46963904938814627,0.5169879901366712,0.7268356814880588,0.8388272306091985,0.7860078414164875,0.42438941014248377,0.7738185114607228,0.7540906054367915,0.5977607576815256,0.5577898190792998,0.7158069213559735,0.9600547613966461,0.7258219473857401,0.8816946969167756,0.5815699560469949,0.5009386331748272,0.8954576130000749,0.817430468721009,0.8187128583865138,0.9599362530543546,0.9443123974848822,0.8839998380738068,0.9235267687105844,0.777294905364172,0.8054803010644616,0.6360498970746753,0.6475046905469422,0.952781415217539,0.9304667384466501,0.502456927072271,0.9742785468640243,0.8388272306091997,0.8296877053467191,0.48232468417416163,0.5914007732610731,0.8336025791120698,0.9473668255002388,0.8509737027889621,0.8336025791120698,0.8336025791120698,0.742459851340026,0.8388272306091986,0.8235236725291664,0.8686823419463308,0.8388272306091986,0.7815951709705526,0.9726292653287099,0.9030333503116554,0.9131632661895819,0.9296170701540485,0.8441922549828877,0.8336025791120698,0.49198364029327635,0.6345816110814608,0.8197566279957782,0.5632455771577418,0.8388272306091986,0.8411806880694256,0.9599362530543547,0.639194648825943,0.5501157301225326,0.9616451487562709,0.7763632652026874,0.9669835968892309,0.8739148831708863,0.803717304278996,0.8798658031392225,0.8685974240625227,0.9443123974848817,0.8191407323783989,0.9538339215815252,0.6370270711024122,0.7550499440241731,0.9900988548597918,0.8913118399886728,0.9131632661895819,0.6779786424532884,0.594006204236019,0.8388272306091986,0.8634708348575704,0.5337140757783141,0.8737781800841438,0.531873123644695,0.9843261156522616,0.6781497209498776,0.6273213891465845,0.8566623054005467,0.5290883040129751,0.49553967467442916,0.8388272306091986,0.8388272306091986,0.8616599960718592,0.8900124284745193,0.6595110048185369,0.31189211463154454,0.6049469392301328,0.4660625742785649,0.3854279393557639,0.5061598932110205,0.9735004742101092,0.5234280573447285,0.8388272306091986,0.9607400260234018,0.9211495461267731,0.8804415508981578,0.37814409944164407,0.8674107520354712,0.5839687946940051,0.8388272306091986,0.8388272306091986,0.5381088689335178,0.8634708348575701,0.4743552608571593,0.9192059715787331,0.5080238837825327,0.47869984553263256,0.8796953582226248,0.9075455337936392,0.5416271844104537,0.5309628782441083,0.8388272306091985,0.9781582799809264,0.4734562239967288,0.8441922549828875,0.9900988548597917,0.8622119788009948,0.8063725531145554,0.9855914717247826,0.9840842598990851,0.8441922549828875,0.46683029613746585,0.8388272306091986,0.5293495122050691,0.9366960412527516,0.6979164330062346,0.9413774948352353,0.4406274026103376,0.8662588227997827,0.7874907802833078,0.750484324483443,0.9637765273080221,0.9181700080836417,0.6634351623731913,0.9333237935683505,0.7904943185503783,0.8786763344170292,0.805552901573094,0.5624063901885377,0.888278639033526,0.8336025791120698,0.6667044075923769,0.7964719229254078,0.7649526430119002,0.8732312224892784,0.9589610879075026,0.9393936187138308,0.9982208564121748,0.9197013194028298,0.9578033255232066,0.8881507821781003,0.7039670617548672,0.9579080044224919,0.9024034856722041,0.8296877053467191,0.9552408668839931,0.7457424164286606,0.7257864346479055,0.83360257911207,0.9076766002309375,0.6800798838884634,0.9716207321575974,0.6234281624906661,0.9366960412527519,0.741801767408272,0.6774498847559077,0.8388272306091986,0.8523658765396676,0.9876781978758149,0.6657771027514898,0.8737781800841438,0.9268443942289721,0.7912032625956167,0.8238777127481374,0.8388272306091986,0.4704372456184862,0.4410171841122176,0.7912032625956169,0.47433223225013,0.5293495122050689,0.4844497245009196,0.888278639033526,0.5145299570639201,0.823910938166523,0.9058674342426392,0.6100778162888503,0.7211301413300412,0.8984570497489749,0.8054803010644622,0.986932538036146,0.8039304479509247,0.9327512589507345,0.9054351602161335,0.5560583822570113,0.8316373892734983,0.421245932829458,0.982551608670862,0.8336025791120698,0.6483521536437138,0.5250812304394461,0.9265245638363125,0.48288064955832377,0.5222764620188411,0.8388272306091986,0.48243791716300377,0.5984238183497712,0.7060379023155108,0.8388272306091986,0.5867032515513304,0.8597762340744507,0.8674107520354712,0.9647397534718349,0.8336025791120698,0.4584613272747118,0.8514438032339186,0.8864727085280386,0.9588777870024265,0.9285958677134034,0.7694578498220603,0.4501425111016356,0.8388272306091986,0.9668947050695169,0.8388272306091986,0.9030333503116554,0.6739528003686706,0.6330044032084101,0.8804415508981578,0.9821141777359617,0.4812840404098052,0.7518301710431425,0.8163834699269104,0.8388272306091986,0.7610067319955126,0.6025827263341423,0.6834962973503247,0.9751462953005143,0.7843349736454477,0.9144959184069918,0.8756670886665621,0.8211332371088922,0.7544522969545062,0.7259586721210702,0.3298772597089409,0.7544522969545062,0.6229807496620188,0.7501413829407572,0.4944180635785641,0.7544522969545062,0.8804415508981578,0.7826074507426823,0.8748900904594734,0.8104962975109378,0.848197310881127,0.8211332371088922,0.9477291134725976,0.8203273929488122,0.7455703123783524,0.9889036077178446,0.7465601855141373,0.778393506769121,0.862529861839961,0.9301302345765385,0.7142471731923372,0.8929164957858681,0.6854354467768404,0.6315021006146913,0.7952205242015298,0.5409023785566889,0.7699331603526708,0.8748900904594734,0.9131632661895819,0.774807549774525,0.9221355798163346,0.7701168320027258,0.660074831653801,0.8570561053883956,0.9211495461267731,0.8954576130000746,0.8841955092516889,0.7876548181572374,0.8412904017436589,0.8178664929805071,0.8259596792675901,0.8675384359006806,0.8552438717702334,0.8211332371088922,0.9876781978758151,0.7907259841418774,0.6702010002714938,0.8015326725304828,0.7015302244358868,0.8549874071532015,0.9296170701540485,0.8970081454372003,0.9236159553290475,0.7826074507426821,0.8784237330487585,0.9605075822272147,0.95900701638496,0.8305707442612569,0.9558904738185677,0.9344837978641954,0.9152863347466311,0.8192700281532358,0.8641881995744813,0.8945992887660432,0.8497130258115502,0.874890090459473,0.6874084299558461,0.7701168320027247,0.9282111328653389,0.8646278211931007,0.5951172322386742,0.8807167034861649,0.9692908559344788,0.9129765806675123,0.6143645869324297,0.9239956931151627,0.6419643977182632,0.8647608924873071,0.6524075157705331,0.9336037847402276,0.8612981558461015,0.6930219693149977,0.9098593258370474,0.9716207321575975,0.9110812357914191,0.8418176451634509,0.9030333503116557,0.9740088724814979,0.8612981558461017
p78_L,0.7563664340927051,0.7734432697047589,0.5534518207486117,0.9207699596510037,0.8947179757556367,0.9659377873089219,0.876543943862176,0.9264468452900576,0.6885931819159914,0.8712137408638366,0.9836087064700876,0.9739470938970315,0.916457014429814,0.6525348191146285,0.7475936571529058,0.8841863756139603,0.7981824675601019,0.5833842763241548,0.9228940065236109,0.9805140790524414,0.6177705753814415,0.8505115488480837,0.8964090790416845,0.9325400345434457,0.8938539504632957,0.7781907026725832,0.7709053735471958,0.8073399772739794,0.9434460340315114,0.940691286743045,0.8630781130477875,0.8524700617069343,0.7057118918920531,0.7372274275129286,0.8947179757556367,0.9582921810599283,0.8715311586797313,0.6524536284783116,0.8780124908814337,0.5753085841071381,0.6438930063770409,0.8057272055852172,0.9170249213338446,0.8312908265376203,0.9345679376246308,0.5234175483735506,0.9097101580843076,0.6950062779402619,0.7738911443163006,0.714747636843047,0.8851338808206497,0.2502367953759186,0.8009915962798426,0.8881764420410153,0.8948511325048966,0.5894322599353288,0.7917448721317764,0.8355526955775657,0.948830428677309,0.9089601599099224,0.695844600638323,0.6252184338632363,0.7781907026725831,0.6950302796478438,0.8584801609121495,0.7849820134275701,0.9177976999343656,0.7293914022019534,0.742543013502954,0.8874958319872932,0.7046536117217193,0.5753085841071379,0.9243006158446727,0.5176771472921597,0.8355526955775657,0.6569845120893807,0.7252970670713148,0.8890317123467906,0.5847638385697225,0.770875635046866,0.9071929577602142,0.8592803615725533,0.8951773880029237,0.8113932123967476,0.8355526955775657,0.5975378998657352,0.9004164175634485,0.905963206414473,0.8048984247424282,0.8302218952289888,0.8355526955775657,0.7973853348847262,0.6343263209959569,0.7811315686837463,0.8686474076150494,0.7980369858855996,0.762796591358126,0.5224890845702885,0.586034150748078,0.6730363290013446,0.9651461440374438,0.9641888390714131,0.691125062997862,0.938913833358278,0.8752260498441902,0.8647169462584842,0.7599238835046762,0.5607559380547361,0.9593451760131009,0.5251833820188772,0.7259694881099736,0.8465567078000036,0.7477543596996683,0.8902794316271224,0.8466596566621681,0.6921406566950254,0.9816772932458204,0.9001151207948017,0.7708756350468662,0.5967547830456683,0.9988596879117109,0.8527776827243418,0.6412766167119608,0.9477905328256983,0.6973887443604514,0.9211833715253556,0.9020355966115885,0.7638648838511433,0.9164570144298142,0.8797254464344414,0.7066296366328049,0.7435120840939231,0.7882279280421951,0.9170249213338444,0.8199382162592164,0.5216920410477934,0.7912116441923858,0.7882279280421953,0.8851338808206498,0.880980413326993,0.6838070910905103,0.8712137408638365,0.8635082586156622,0.5888600180356014,0.8718545508778501,0.7105688401875223,0.9477420472375417,0.7047342692150202,0.7738911443163009,0.4848761834144051,0.9824178759266283,0.8745055361994853,0.9810751402101897,0.7387845169986755,0.918883204497057,0.7963325329913553,0.9088440263068989,0.57285146943642,0.7053688712978324,0.9470037613931965,0.8890289907308184,0.901138337649273,0.7177769681969033,0.61566623590839,0.6101840520458175,0.9590685666003327,0.8917642494888605,0.7461675529186462,0.7878250223747296,0.7167621483407913,0.7763356532083403,0.99730786636936,0.9243497724031112,0.9612512164324174,0.8603453339080414,0.8341474948166985,0.9936903555962455,0.8458309057149567,0.9827838470415159,0.7675223264828315,0.9759471514494363,0.8788843040370081,0.8546420604779981,0.9164570144298141,0.7556294459923989,0.9172821129882267,0.6952493189599824,0.7679151232632865,0.8100886832131162,0.9751858689544983,0.9369399064928525,0.917064373427584,0.4014202006921914,0.6119661909829341,0.8923716297556016,0.8355526955775657,0.8410267207478741,0.8112423742607775,0.7293498472553742,0.5729871175523347,0.8448455110489742,0.830221895228988,0.8355526955775657,0.4923792876766888,0.5229224814164741,0.908281785884767,0.8355526955775657,0.6728391560534899,0.7641641192059927,0.7113708342337631,0.7193948893620372,0.7585323979754405,0.8589669349625968,0.8355526955775657,0.7014265424232606,0.8355526955775658,0.5067064315595251,0.19423929653096383,0.0,0.8355526955775657,0.9628194526209255,0.8355526955775657,0.7946504994785091,0.9157283835975597,0.6476132917660826,0.5757971380510365,0.9727606595064471,0.5384379429911181,0.853000666744063,0.9835328157860381,0.800606680132719,0.9646996217954682,0.7987079468971139,0.7054782471300536,0.7555641089284797,0.8276885031580021,0.904830372025413,0.7221818875857302,0.6774042024875135,0.7641641192059934,0.821944782820216,0.8472153102721218,0.7899602969451054,0.8809804133269927,0.8355526955775657,0.7547362284033294,0.8355526955775657,0.9878311274073894,0.7735905718802178,0.9177976999343656,0.9732220615369735,0.5384379429911181,0.8410267207478741,0.8362126977318558,0.9348783637591671,0.7413305498077758,0.8890317123467903,0.6928096807190787,0.8466596566621679,0.7659609841306652,0.7069273287656441,0.6449195596008683,0.8302218952289888,0.9378543315309877,0.6447930674102158,0.8780124908814337,0.9250164507684798,0.8188365372042736,0.967994712672114,0.9928066263611243,0.8220890727708543,0.8851338808206501,0.7151431899049976,0.624562566907489,0.3954986384115293,0.8647169462584842,0.5647083129984445,0.874337590172612,0.9048806494680298,0.8341429473230648,0.8647169462584842,0.7753630435468912,0.6179583205848118,0.8360215777525561,0.5169370508638922,0.9620369043489074,0.7119868333828536,0.7452849846555547,0.5422639872907223,0.9791208537583576,0.7119868333828538,0.9011383376492732,0.4518238458886381,0.9582921810599281,0.70536833774731,0.6417329718669675,0.5072820609385393,0.9433608992807482,0.9582921810599281,0.9834658960227444,0.8894880255578916,0.8112423742607773,0.7555641089284797,0.5132803398002831,0.8230439387214156,0.8696130869382033,0.6426327501322993,0.8268059319511203,0.614444637905406,0.7618842008594675,0.7192673132207734,0.9183665434415955,0.8957189459273982,0.7740740740740739,0.7301816529837123,0.9805140790524414,0.7413173030340519,0.9082817858847676,0.8964543776149348,0.9182458888439238,0.614481821126208,0.8781849073732375,0.8355526955775657,0.8524700617069333,0.9139785783897414,0.9253976804330455,0.8647169462584842,0.9942571659500582,0.9398177869021425,0.8355526955775657,0.9672543872250974,0.8647169462584847,0.8489004959516884,0.7895961307797987,0.8402694895277713,0.8341289527802047,0.8524700617069345,0.7126566236400673,0.43399343551919256,0.9672543872250975,0.8149637373842854,0.45066999390768814,0.8781849073732377,0.757130796275679,0.3842109747096032,0.8100886832131159,0.784618474118289,0.809888065499277,0.5458844482355829,0.8448018284693073,0.5097197189755309,0.9017694982979337,0.8589669349625975,0.9692770798935039,0.7585516040554872,0.5037345424640449,0.6105630056458369,0.39152571094583966,0.8355526955775657,0.7213624882182095,0.7726972065573497,0.9366713242763893,0.8120575124059071,0.9805140790524414,0.6487669866790577,0.8355526955775657,0.8355526955775657,0.7738911443163008,0.6885931819159918,0.6232514006800798,0.8355526955775658,0.9824178759266283,0.8355526955775656,0.8109948998126217,0.5597689392145462,0.5610840712306713,0.8094556233540051,0.9542864354276259,0.8001543701443621,0.4038396852426325,0.5023968513348425,0.8355526955775657,0.5080952830780798,0.9825335693682455,0.5561077221784045,0.5775389305573495,0.9830152639917561,0.9976118968719658,0.7119868333828534,0.4800805292530337,0.8355526955775657,0.3800540229895679,0.8569949996112676,0.8120948235676275,0.6263784270753847,0.841026720747874,0.4624349248025561,0.8388575504264026,0.8355526955775657,0.8472686616917653,0.5854712513402416,0.8355526955775657,0.8994175298842654,0.9730451246822971,0.7282282685149437,0.407376267795583,0.5004821027867696,0.8355526955775657,0.996395448803884,0.6874441125339138,0.9039100802715103,0.9897304048898968,0.7568041423559092,0.8436511096202786,0.7031672582446703,0.6687207353301077,0.8781849073732377,0.806120374351808,0.7271619505756842,0.6562928686971303,0.6342157932937882,0.9620014436457769,0.41929049105420546,0.81545146854485,0.8524700617069341,0.8569949996112676,0.8355526955775657,0.9582921810599281,0.7130301861971715,0.7688515787899685,0.8562491252869651,0.9178897611747997,0.8250209201611334,0.7966088616739323,0.9454422137291254,0.8250209201611334,0.8380878798735416,0.7798729832649693,0.7994725226473915,0.6148595578524585,0.8896138491395305,0.900115120794802,0.6526167037218846,0.8712137408638374,0.9142056949836486,0.8243742159383187,0.6754638968544495,0.8001543701443623,0.9082817858847676,0.728132099804071,0.846271886628261,0.9925321461936174,0.8984514953491582,0.7502495014289987,0.6873097619850006,0.8781849073732377,0.785091722181056,0.8106427454010678,0.9155910884222396,0.7649447659887865,0.8447342609149361,0.9326648739968387,0.7571875883253991,0.9135169539046759,0.7205449289133175,0.634506586871272,0.8254595615730076,0.9540362816445185,0.9981932907978144,0.7903614274636702,0.9520484472599132,0.8394630895793056,0.3968469721011001,0.9581367902334631,0.6510007515428384,0.7869611549883213,0.8989856676391825,0.9804107747358786,0.9326635883603431,0.9976581726799281,0.701518192929949,0.7943394291085208,0.7254139566163974,0.9582921810599283,0.9322846361306732,0.8936322138761976,0.8020773264930792,0.9590685666003327,0.7436282795342901,0.8254595615730083,0.9831253381617966,0.8647169462584843,0.7133597880626565,0.5029426289296853,0.6402885517491894,0.9452020541634227,0.7960925882340986,0.6108986872925644,0.8796897466089192,0.8744924042850275,0.5150679488293237,0.8355526955775657,0.892424412171627,0.8355526955775657,0.8355526955775657,0.5561065839947421,0.7914398475103942,0.995971221428688,0.8355526955775657,0.5116899688077052,0.6084778284852836,0.8604652252297,0.9668001744399648,0.50809528307808,0.4737674767382347,0.9346390804669371,0.7024280400022354,0.6295439847071654,0.9720032089607527,0.7833134428247526,0.960312914690581,0.792377359481627,0.6239407995395327,0.6175319630871825,0.9054343229367425,0.9481093959186369,0.8809804133269928,0.9351426329879378,0.9717985827904647,0.9023810264229968,0.8781849073732377,0.9959015982237251,0.875463983205766,0.9160999251229596,0.6803044897315855,0.6329156281537371,0.8497892677932624,0.695844600638323,0.8634747106137607,0.8619666040183734,0.9097101580843074,0.8255591144904018,0.762415586137982,0.9541003938439834,0.6212127629126023,0.5103354291504187,0.9177976999343657,0.7616424422623778,0.8199382162592164,0.8186987440932333,0.8752582852036803,0.8535826677013163,0.5561077221784044,0.5731202911183417,0.9269253568565106,0.38394937313620847,0.7344169439884649,0.7198641028026,0.4579711666688957,0.8251068045020447,0.8076124726316383,0.9433073128182254,0.8355526955775657,0.8524700617069341,0.9241357053368235,0.8355526955775654,0.5966382879602721,0.8255591144904009,0.8809804133269928,0.9166478611285624,0.621103905904157,0.8483858369727737,0.5213728603253949,0.7581058089268606,0.5472926192890719,0.9909193772932878,0.6979124483002558,0.8250209201611334,0.998632340667623,0.8026677329381028,0.7735905718802178,0.9771998560522617,0.6564437421003175,0.7036921257678699,0.4666523256968511,0.7006072387805322,0.7651883534183048,0.5855511885878364,0.5966382879602719,0.7783656932698759,0.9824178759266283,0.9672543872250975,0.8715311586797312,0.47584433699620954,0.8593526052055175,0.7186376450604084,0.8302218952289888,0.47414695888879443,0.4372002382208551,0.9560373517862556,0.8216695312670088,0.9412354087953774,0.8140195820327996,0.9980004759546139,0.7074702731540912,0.8198205923172407,0.9689686377701761,0.9427875749711636,0.9569497244736872,0.6597844662171701,0.8589669349625969,0.9177976999343654,0.9560373517862556,0.8355526955775657,0.8964543776149348,0.4699319736034502,0.5551071355662816,0.7353092525711518,0.8355526955775658,0.7774983313872037,0.3643169970347637,0.8566394426433692,0.7490944827657664,0.6435679505885858,0.4884028836456489,0.7690784506373911,0.9803451508546379,0.7336680715028745,0.8209072555311365,0.6267096447872962,0.4324979905999726,0.892424412171627,0.7570540131864592,0.8138456888436655,0.9326635883603431,0.8989856676391825,0.8098880654992775,0.9396673966324447,0.6993233879290577,0.8879129264040997,0.6432970049915951,0.633633893359107,0.8982035436211124,0.94424253985591,0.5309796312155419,0.8874958319872934,0.8355526955775655,0.8505115488480839,0.49141554632644624,0.5900697618813633,0.8589669349625975,0.9515470236107724,0.8744924042850272,0.8589669349625975,0.8302218952289888,0.7770341650384314,0.8355526955775657,0.819938216259216,0.8436511096202786,0.8355526955775657,0.7177769681969033,0.9981932907978144,0.8647169462584843,0.8781849073732377,0.960312914690581,0.8410267207478741,0.8302218952289888,0.5379135754655118,0.6952493189599822,0.8154514685448496,0.6064471080140204,0.8355526955775657,0.7779432019989965,0.995714089782483,0.6941930693009617,0.5864710698173162,0.9878081649084769,0.7459031338420241,0.9935489104071601,0.9427875749711636,0.7928507930849595,0.9348783637591671,0.8355526955775654,0.9182458888439238,0.7861709388179137,0.9054343229367426,0.7061600692714107,0.7616721311636683,0.9355132953311196,0.8860980876915697,0.846659656662168,0.6878466095273952,0.6507307013797787,0.8355526955775657,0.8982035436211124,0.5465985997958389,0.8712137408638367,0.48162221937705696,0.9836007803366518,0.7871440474002926,0.6933680607081301,0.8250209201611334,0.5780383162724674,0.5440411967631308,0.8355526955775657,0.8355526955775657,0.836212697731856,0.8896667356992387,0.652437636384271,0.38394937313620836,0.635167954346711,0.48502690658676717,0.3356234350902403,0.543476580542905,0.967994712672114,0.6010095847861261,0.8355526955775657,0.849552339858268,0.8524700617069341,0.8780124908814337,0.303765943700955,0.8647169462584842,0.5987736036796361,0.8355526955775657,0.8355526955775657,0.4965468503617744,0.8390382634430409,0.45925457038457496,0.9249165419327745,0.410991990657251,0.49048118656463435,0.8090015838865734,0.899579372731053,0.5704290247692327,0.5051935806782413,0.8355526955775658,0.9469325627228884,0.5132676189367219,0.9020355966115885,0.970911469867437,0.8692819976529773,0.8494995159945766,0.9562078071240252,0.971460805427028,0.8715311586797313,0.48208795674200555,0.8355526955775657,0.5964577366068876,0.8907781241030217,0.7254139566163977,0.9228514749570089,0.4555175374600673,0.862147189098383,0.7808003036376479,0.681011275315512,0.9717985827904647,0.9443661090190607,0.6824436222654782,0.8744924042850282,0.8693099439896514,0.8316283721615736,0.8009915962798422,0.6139205074018064,0.8524700617069343,0.8302218952289888,0.6583238766483779,0.8138456888436653,0.6965496870612533,0.8266217574751642,0.8780124908814333,0.9469325627228882,0.8489004959516884,0.8780124908814333,0.9662867667908355,0.8821028111888972,0.6803684537682735,0.9243006158446727,0.832241898968721,0.8255591144904012,0.9748214106481392,0.7350176259392771,0.705711891892054,0.8302218952289881,0.9022489556912215,0.6896088685394717,0.9759466516609827,0.5818876620202795,0.8907781241030216,0.7677077796296105,0.6882521647283992,0.8355526955775657,0.7648608663332443,0.9869514638882197,0.6246867209209999,0.8712137408638366,0.9856431424459156,0.7869611549883204,0.8651181310069995,0.8355526955775657,0.5085531821224256,0.4352740037659375,0.7869611549883208,0.5125710683246087,0.5701975401686449,0.5364549717077249,0.8524700617069338,0.5808561734580209,0.7847573100025248,0.9100268370909352,0.6548342543213483,0.6803044897315855,0.8176137398287335,0.770875635046866,0.8964090790416845,0.8094556233540051,0.8738146318302381,0.9568121915830536,0.6257014862813403,0.7896083540040589,0.41512340561677474,0.98695146388822,0.8589669349625975,0.664231593338589,0.5540051660810335,0.8523109640459492,0.4165143741434726,0.47888524617932093,0.8355526955775657,0.49326635382723727,0.6124971380779656,0.5700009297188211,0.8355526955775657,0.6026652163902149,0.7855992870126627,0.8647169462584842,0.9355095737171273,0.8302218952289888,0.43394727996797067,0.914996064316139,0.9462848042542948,0.9209445106136656,0.9213022536659782,0.7283277318004973,0.43067121903786365,0.8355526955775657,0.9296667906216829,0.8355526955775657,0.9001151207948018,0.663536384170222,0.6411680365995567,0.8780124908814337,0.9330588269919661,0.46286069911864725,0.7453643576078854,0.8109948998126219,0.8355526955775657,0.7218505513182261,0.655114886283999,0.698103975019233,0.9477905328256983,0.8121110142897017,0.918883204497057,0.8827846276184794,0.8158197957767748,0.8073399772739783,0.7350022452159177,0.4024104142065239,0.8073399772739783,0.6319013467656762,0.7229002898147643,0.5229864073833483,0.8073399772739783,0.8780124908814337,0.8009915962798423,0.8715311586797312,0.8684820291691511,0.8248376279677077,0.8158197957767749,0.9300320582603783,0.8285832767732344,0.773590571880219,0.968443942145051,0.7409004666299631,0.7738911443163007,0.8302218952289881,0.9004164175634486,0.725943688459813,0.8588695426041479,0.6784265401612013,0.6330216884669129,0.7516797466540375,0.5333602577807528,0.7997224708576764,0.8715311586797313,0.9097101580843076,0.7333114772273172,0.882172779849546,0.7654463129712832,0.7118904360452296,0.8152087705431558,0.9177976999343654,0.85848016091215,0.8593828571365025,0.7827655151124959,0.8101626049729427,0.8317376653301859,0.778365693269876,0.8282233489623911,0.7636106779816298,0.8367192293036478,0.9538832559337084,0.8049533973658078,0.5916420096011348,0.7535215421163008,0.7293498472553743,0.8273800994005018,0.8584801609121496,0.9642220410458107,0.9586685767662559,0.7781907026725832,0.8199382162592164,0.954529300117605,0.9507166460018552,0.8650786698379498,0.951020741500245,0.9145036285834145,0.8755333220807755,0.7673475485004906,0.886261277837805,0.8972342748241382,0.8781849073732375,0.8715311586797311,0.6797886015499208,0.7654463129712831,0.901138337649273,0.8568910674606305,0.6147452858878445,0.961743492912603,0.9791208537583576,0.9089601599099225,0.6026264926674347,0.9064481593644367,0.6524376363842714,0.901138337649273,0.6568150352357476,0.9756323461558549,0.8924244121716272,0.6695438445938795,0.8929188526819742,0.9759466516609825,0.9082817858847672,0.8017266954898563,0.8647169462584843,0.9631822420892271,0.8584801609121498
p79_Q,0.7524297972473161,0.9413411539914585,0.8918007079504506,0.9225015741707872,0.9492063492063487,0.9623211158059548,0.7050163519970581,0.7509151724713103,0.9038142386822647,0.960221152322577,0.9398636845831869,0.9475597985845114,0.9475597985845114,0.9225015741707872,0.9106019687464653,0.5567710364845595,0.944383427890573,0.9314886672615048,0.9582144552981327,0.960221152322577,0.8875255844205965,0.938412400887346,0.935580996038617,0.9508971383859763,0.9369854052620163,0.9314886672615046,0.944383427890573,0.916441965519317,0.960221152322577,0.7739436107925906,0.9250013316406693,0.9544316996038,0.9428469360414609,0.9188361382271659,0.9492063492063489,0.9582144552981327,0.9508971383859763,0.9428469360414602,0.9623211158059548,0.930160641445072,0.8993922310882436,0.932833950574053,0.9623211158059548,0.912915131908919,0.9443834278905732,0.8474513194974065,0.9526370111116405,0.9004911494084333,0.930160641445072,0.8918007079504506,0.9544316996038,0.8495864161552136,0.9314886672615046,0.13408370177867746,0.9428469360414604,0.9288488221297497,0.9288488221297497,0.0,0.7383793872014479,0.9459533477380775,0.9060540201833016,0.831146423199498,0.931488667261505,0.8993922310882436,0.9562880686171875,0.8244397822834253,0.9544316996038,0.6473831763250288,0.7698078233874499,0.9582144552981327,0.92126914699118,0.9301606414450723,0.9492063492063487,0.8266892096935958,0.0,0.8864622842804517,0.938412400887346,0.9398636845831867,0.8233095582802461,0.9623211158059548,0.9398636845831869,0.9341976401680094,0.31108550994831163,0.9314886672615048,0.0,0.9176344520056336,0.938412400887346,0.8046479448175341,0.8939536575643376,0.03139863267861631,0.0,0.8918007079504506,0.831146423199498,0.8548949080074899,0.31108550994831163,0.48955645159511163,0.8896584524348263,0.8875255844205965,0.8198957816506434,0.8187498553347687,0.9288488221297497,0.9526370111116405,0.9492063492063489,0.8580633769736241,0.6072669396673074,0.9582144552981327,0.907182019415572,0.7973204052495684,0.9369854052620166,0.8289245259008584,0.8759110188590657,0.9328339505740528,0.8070467719220202,0.9094556823349389,0.9526370111116405,0.7833099084134079,0.9413411539914585,0.9582144552981327,0.9623211158059548,0.8580633769736241,0.9129151319089193,0.885400876353422,0.9369854052620166,0.9250013316406696,0.931488667261505,0.7554264789789613,0.9508971383859763,0.6339927913026551,0.9475597985845114,0.9152582079543838,0.8727631680356085,0.9526370111116405,0.9544316996038,0.9623211158059548,0.944383427890573,0.8453085223330421,0.879064442044788,0.9544316996038003,0.9544316996038,0.06018876900101988,0.8046479448175343,0.960221152322577,0.8244397822834253,0.8717146038820363,0.8875255844205967,0.9106019687464659,0.892875760974867,0.8420784215528956,0.9301606414450723,0.7583810530554915,0.9602211523225768,0.9060540201833014,0.8559522762859688,0.8811713725919912,0.9544316996038,0.9301606414450725,0.8950345750758599,0.9140827360776209,0.8938851835250172,0.5567710364845593,0.7367566674079002,0.9526370111116407,0.9341976401680094,0.7431708752992887,0.8972062142375332,0.9164419655193166,0.8612222667022558,0.8993922310882436,0.9262700211315917,0.8453085223330423,0.9225015741707872,0.9475597985845114,0.9288488221297495,0.6783615558233287,0.8538362113124116,0.8780124908814328,0.9582144552981327,0.6072669396673073,0.9200475251844384,0.5526275082095409,0.9117550006367756,0.8885909234541711,0.9288488221297497,0.9475597985845114,0.6394614409405057,0.8538362113124116,0.8580633769736241,0.9015943008452869,0.13408370177867734,0.9237454173815312,0.9459533477380775,0.903814238682265,0.8221755430097122,0.7897778653703145,0.9060540201833014,0.0,0.9508971383859763,0.9459533477380777,0.4895564515951115,0.8355526955775656,0.8918007079504506,0.9475597985845114,0.0,0.8685695845092951,0.7897778653703145,0.960221152322577,0.0,0.6951973979147161,0.9152582079543841,0.8864622842804517,0.6447787703816181,0.9049315186013059,0.9475597985845114,0.0,0.6473831763250286,0.0,0.8117838598171898,0.8388272306091986,0.8355526955775657,0.0,0.6339927913026551,0.0,0.7050163519970583,0.9071820194155717,0.9164419655193166,0.8759110188590655,0.9526370111116407,0.7711949776746383,0.06018876900101888,0.935580996038617,0.9384124008873462,0.9060540201833014,0.7554264789789611,0.9188361382271666,0.9544316996038,0.4951319232791844,0.8907283270583697,0.9027019168030599,0.897206214237533,0.9152582079543838,0.9152582079543838,0.944383427890573,0.885400876353422,0.9459533477380777,0.0,0.9027019168030597,0.0,0.7334713952978886,0.9152582079543841,0.9544316996038,0.9275522446953854,0.7711949776746383,0.9508971383859763,0.9140827360776205,0.9369854052620161,0.892875760974867,0.9398636845831869,0.8612222667022562,0.9526370111116405,0.8717146038820363,0.8717146038820349,0.8442340263447974,0.03139863267861631,0.9562880686171873,0.8289245259008584,0.9623211158059548,0.8333555867103808,0.8333555867103808,0.24376003609304187,0.8706662210952574,0.8748612665230131,0.9544316996038003,0.848519788337875,0.7973204052495684,0.7780046509581313,0.9582144552981327,0.8289245259008584,0.9140827360776214,0.9341976401680094,0.9015943008452874,0.9582144552981327,0.8517144868263773,0.8141237078825918,0.9562880686171873,0.8982973238138026,0.9225015741707867,0.9526370111116407,0.9188361382271666,0.8070467719220202,0.9459533477380775,0.9526370111116405,0.9526370111116407,0.7985559379258667,0.9582144552981327,0.7985559379258667,0.6499526646778642,0.885400876353422,0.8442340263447972,0.9582144552981327,0.9492063492063487,0.930160641445072,0.9459533477380777,0.9544316996038003,0.8022278398026612,0.8982973238138026,0.9526370111116405,0.9301606414450723,0.9164419655193172,0.7250134267509765,0.9094556823349389,0.8843412180810755,0.6848496741376313,0.7923174570100686,0.6911250629978627,0.8727631680356077,0.9602211523225768,0.903814238682265,0.9602211523225768,0.9188361382271668,0.9152582079543841,0.9094556823349389,0.9526370111116405,0.0,0.9544316996038,0.9027019168030597,0.931488667261505,0.9582144552981327,0.9562880686171873,0.9475597985845114,0.0,0.9369854052620163,0.9582144552981327,0.9623211158059548,0.9106019687464655,0.823309558280246,0.9341976401680094,0.9544316996038003,0.8333555867103808,0.8289245259008584,0.9369854052620166,0.9428469360414611,0.8409971458279799,0.9526370111116405,0.9188361382271659,0.8117838598171898,0.9413411539914587,0.9106019687464657,0.9623211158059548,0.7655931084723666,0.9188361382271666,0.7780046509581313,0.944383427890573,0.03139863267861631,0.92126914699118,0.885400876353422,0.8070467719220202,0.8082384637825222,0.8187498553347687,0.0,0.8538362113124116,0.9176344520056336,0.9200475251844387,0.9176344520056336,0.9602211523225768,0.8453085223330421,0.0,0.0,0.930160641445072,0.903814238682265,0.8591172857456586,0.0,0.9602211523225768,0.9492063492063489,0.922501574170787,0.8972062142375332,0.7897778653703145,0.9492063492063489,0.9237454173815309,0.938412400887346,0.8322525541058978,0.9634411459729271,0.0,0.8811713725919912,0.9164419655193168,0.7766590274917047,0.9952327064015152,0.9237454173815312,0.8704033497109469,0.9526370111116405,0.7960789049353036,0.0,0.7973204052495684,0.9314886672615053,0.8591172857456586,0.8300371089395653,0.9508971383859763,0.831146423199498,0.9428469360414606,0.0,0.8961186971729789,0.7399891659895361,0.0,0.9237454173815309,0.7948313236856197,0.8420784215528956,0.8152867967569688,0.8022278398026612,0.0,0.7698078233874488,0.8559522762859684,0.9562880686171873,0.6574604645689301,0.7250134267509767,0.907182019415572,0.908315805590151,0.8961186971729789,0.9526370111116405,0.8982973238138026,0.8864622842804517,0.935580996038617,0.8527760996057683,0.8738120195914167,0.8706662210952574,0.21151139151266862,0.9544316996038,0.9314886672615055,0.0,0.9582144552981327,0.9015943008452869,0.8129560940834346,0.9398636845831869,0.9275522446953854,0.06018876900102055,0.7478523304650295,0.9508971383859763,0.06018876900102055,0.9398636845831869,0.9492063492063489,0.9413411539914582,0.879064442044788,0.903814238682265,0.9582144552981327,0.8463809254714867,0.9602211523225768,0.9413411539914582,0.935580996038617,0.801009545737682,0.938412400887346,0.9602211523225768,0.7997856146881548,0.9164419655193166,0.5305546844946969,0.24376003609304187,0.938412400887346,0.9027019168030597,0.9526370111116405,0.9188361382271666,0.8993922310882436,0.8769613888066743,0.9341976401680094,0.8993922310882436,0.9398636845831869,0.9250013316406693,0.6827113291147924,0.7725735218970409,0.9049315186013058,0.9443834278905732,0.8141237078825918,0.8907283270583697,0.9225015741707872,0.9341976401680094,0.21151139151266984,0.8175997772209664,0.9398636845831869,0.8517144868263774,0.9341976401680094,0.9152582079543841,0.7539334992316542,0.9526370111116405,0.8453085223330421,0.7143607147557585,0.9176344520056336,0.8993922310882432,0.9582144552981327,0.7301312695908229,0.8918007079504506,0.9562880686171875,0.9164419655193166,0.944383427890573,0.944383427890573,0.9544316996038003,0.9582144552981327,0.9250013316406696,0.8255663034700989,0.9129151319089186,0.9475597985845114,0.9475597985845114,0.7125274559321444,0.9071820194155717,0.08671734220308636,0.8717146038820361,0.0,0.9562880686171873,0.0,0.0,0.8187498553347687,0.2115113915126693,0.9188361382271664,0.0,0.7334713952978882,0.8377384241745145,0.4006068367505189,0.8527760996057685,0.8811713725919912,0.8058499662916012,0.903814238682265,0.47795836130872293,0.8399134433261015,0.9428469360414604,0.8864622842804515,0.4408515443948542,0.9176344520056336,0.7711949776746385,0.6473831763250284,0.9250013316406696,0.9428469360414602,0.9459533477380775,0.7846176027958278,0.9562880686171873,0.8961186971729789,0.9526370111116405,0.9004911494084331,0.938412400887346,0.9328339505740528,0.935580996038617,0.848519788337875,0.9237454173815312,0.9060540201833016,0.9355809960386168,0.7223272158432528,0.9526370111116405,0.17526171623055564,0.9508971383859763,0.9140827360776205,0.8570084033315839,0.8399134433261015,0.4654487838138114,0.8570084033315841,0.5711669571562623,0.77934241058442,0.8896584524348263,0.9475597985845114,0.7766590274917051,0.9262700211315917,0.9623211158059548,0.8058499662916013,0.8463809254714865,0.7876282222528316,0.8034406041869142,0.938412400887346,0.9071820194155717,0.8822265994777512,0.0,0.9544316996038,0.9164419655193174,0.9492063492063487,0.8612222667022558,0.938412400887346,0.9459533477380777,0.9262700211315917,0.831146423199498,0.9355809960386168,0.8046479448175343,0.9602211523225772,0.7935775465776653,0.9398636845831869,0.8664724446651941,0.06018876900102055,0.9428469360414602,0.7143607147557588,0.9152582079543841,0.9341976401680094,0.7806724477786732,0.880117361849238,0.7318083230664854,0.8633240709217587,0.9188361382271666,0.6991852245234744,0.8612222667022558,0.9250013316406696,0.960221152322577,0.9369854052620166,0.9508971383859763,0.8388272306091986,0.9027019168030597,0.525843532183836,0.03139863267861631,0.7960789049353036,0.8409971458279799,0.9623211158059548,0.8790644420447877,0.9526370111116405,0.9176344520056336,0.9164419655193168,0.932833950574053,0.9015943008452869,0.9250013316406696,0.9369854052620166,0.500567215157067,0.9398636845831867,0.9475597985845112,0.9544316996038,0.9623211158059548,0.0,0.9188361382271668,0.8654234385275936,0.8070467719220202,0.9200475251844384,0.0,0.8832831707913575,0.8244397822834253,0.9060540201833016,0.34458474155865637,0.9038142386822647,0.8918007079504506,0.8811713725919912,0.7859181167692968,0.9275522446953854,0.9060540201833014,0.6598989712921809,0.8907283270583697,0.9562880686171873,0.9027019168030597,0.9288488221297497,0.9526370111116405,0.9152582079543841,0.9623211158059548,0.9275522446953854,0.9459533477380777,0.9623211158059548,0.9413411539914587,0.9288488221297497,0.9492063492063487,0.6783615558233285,0.8843412180810755,0.9582144552981327,0.9492063492063489,0.9384124008873462,0.7806724477786728,0.8022278398026612,0.03139863267861631,0.9544316996038003,0.08671734220308558,0.03139863267861631,0.03139863267861631,0.3741839079094693,0.0,0.944383427890573,0.4527606561376478,0.0,0.9341976401680094,0.535161772248302,0.9582144552981327,0.9526370111116405,0.9562880686171873,0.9508971383859763,0.03139863267861631,0.7960789049353036,0.8580633769736241,0.935580996038617,0.8409971458279799,0.0,0.9071820194155722,0.9526370111116405,0.9341976401680094,0.7935775465776653,0.9083158055901508,0.9582144552981327,0.9508971383859763,0.9369854052620166,0.9152582079543841,0.6284764518573093,0.9492063492063487,0.4006068367505189,0.92126914699118,0.9250013316406696,0.6848496741376318,0.9398636845831869,0.9582144552981327,0.930160641445072,0.9526370111116405,0.9071820194155722,0.8420784215528954,0.0,0.9492063492063487,0.8822265994777507,0.960221152322577,0.8377384241745145,0.944383427890573,0.9398636845831869,0.8244397822834253,0.06018876900102055,0.7569089328329721,0.7846176027958276,0.0,0.0,0.40880739824839063,0.6991852245234742,0.9027019168030597,0.8058499662916013,0.8453085223330421,0.8152867967569688,0.8399134433261015,0.7997856146881548,0.9328339505740528,0.8129560940834346,0.0,0.9004911494084331,0.9544316996038,0.9623211158059548,0.831146423199498,0.9582144552981327,0.831146423199498,0.0,0.0,0.7739436107925914,0.9492063492063487,0.7819949015164562,0.938412400887346,0.8570084033315841,0.8993922310882436,0.6856702229525599,0.8993922310882436,0.8344556057285131,0.8506512873935228,0.0,0.9152582079543841,0.8175997772209664,0.9508971383859763,0.9582144552981327,0.5526275082095407,0.7351207557283752,0.43182584581086747,0.9176344520056336,0.9508971383859763,0.8591172857456586,0.0,0.8266892096935958,0.9176344520056336,0.8993922310882436,0.8727631680356078,0.8654234385275936,0.9413411539914582,0.9049315186013054,0.8538362113124116,0.9562880686171875,0.8685695845092949,0.862273520033598,0.9443834278905732,0.9602211523225768,0.9225015741707872,0.2586095064370061,0.8129560940834346,0.9544316996038,0.03139863267861631,0.8759110188590655,0.9288488221297497,0.9152582079543841,0.92126914699118,0.9623211158059548,0.9152582079543841,0.9623211158059548,0.9623211158059548,0.9027019168030597,0.3647019568709454,0.8961186971729789,0.9492063492063487,0.9602211523225768,0.938412400887346,0.938412400887346,0.8322525541058978,0.9428469360414611,0.9475597985845114,0.9288488221297497,0.5210240199989242,0.9508971383859761,0.7684119013812074,0.3833143586062788,0.7125274559321442,0.7447432793600621,0.0,0.8918007079504506,0.9492063492063489,0.758381053055492,0.960221152322577,0.9328339505740528,0.9341976401680097,0.855952276285969,0.0,0.7399891659895361,0.8058499662916012,0.9341976401680094,0.8058499662916012,0.8266892096935958,0.8129560940834346,0.9544316996038,0.7143607147557588,0.6716454483484393,0.8058499662916012,0.7431708752992889,0.9355809960386166,0.6761489807685291,0.9623211158059548,0.9355809960386168,0.9492063492063489,0.8982973238138026,0.930160641445072,0.8388272306091984,0.4779583613087228,0.8106069085572598,0.9492063492063489,0.03139863267861631,0.8420784215528954,0.861222266702256,0.5110414539348817,0.7766590274917051,0.7524297972473162,0.0,0.9856724533720749,0.8633240709217587,0.9225015741707872,0.0,0.8399134433261015,0.9428469360414604,0.9582144552981327,0.2115113915126694,0.03139863267861631,0.9114861522954751,0.9314886672615051,0.897206214237533,0.9288488221297497,0.9083158055901508,0.9355809960386172,0.8129560940834346,0.0,0.9275522446953854,0.0,0.9582144552981327,0.8333555867103808,0.8843412180810759,0.9623211158059548,0.9262700211315917,0.8022278398026612,0.904931518601306,0.9225015741707869,0.0,0.8322525541058978,0.8210376473859937,0.8506512873935228,0.9250013316406696,0.40060683675051967,0.9544316996038003,0.3227392978460525,0.9237454173815312,0.392115299153029,0.8928757609748668,0.7948313236856197,0.392115299153029,0.9225015741707872,0.9544316996038003,0.885400876353422,0.392115299153029,0.9623211158059548,0.931488667261505,0.9508971383859763,0.885400876353422,0.9475597985845114,0.9237454173815312,0.9341976401680094,0.8918007079504506,0.9152582079543841,0.9355809960386168,0.9140827360776211,0.930160641445072,0.9475597985845114,0.9384124008873462,0.7301312695908225,0.9225015741707872,0.9015943008452869,0.8333555867103808,0.42440193597169273,0.9083158055901508,0.930160641445072,0.9508971383859763,0.9526370111116405,0.9015943008452867,0.8939536575643379,0.9275522446953854,0.9275522446953854,0.9004911494084333,0.9544316996038,0.9562880686171873,0.5974763156586966,0.9262700211315922,0.8664724446651935,0.9176344520056336,0.9250013316406696,0.6549904556417999,0.9369854052620166,0.9237454173815312,0.9492063492063487,0.8366469404145511,0.8780124908814328,0.9129151319089186,0.9004911494084333,0.6623067578386677,0.9562880686171875,0.9188361382271666,0.5906675167558797,0.9314886672615046,0.944383427890573,0.926270021131592,0.8993922310882434,0.6040574193889983,0.7598430279509716,0.9398636845831869,0.6739104850582693,0.9475597985845114,0.8832831707913573,0.7143607147557586,0.9526370111116407,0.9508971383859763,0.8864622842804517,0.9275522446953852,0.9526370111116405,0.8982973238138026,0.8633240709217587,0.708808264663793,0.9459533477380775,0.9459533477380775,0.8322525541058978,0.9341976401680094,0.9027019168030599,0.9526370111116405,0.8591172857456586,0.9341976401680094,0.9562880686171873,0.8928757609748668,0.9328339505740528,0.9508971383859763,0.960221152322577,0.8854008763534222,0.9582144552981327,0.7197593917099125,0.9562880686171873
p79_V,0.9287905126590165,0.8549127357309423,0.9992140535488396,0.8596598169726406,0.8612222667022573,0.8970542565865081,0.9374529282753081,0.9315015956872561,0.7559454833564446,0.8913167644457044,0.8111575085641973,0.9180351461270723,0.8567235831170403,0.8982849455083565,0.9678505776022579,0.8441552886597454,0.9644061792742998,0.9343968320249282,0.8858340936764977,0.9308487984769921,0.9177767469577367,0.6094362632919728,0.9776415955422073,0.930906079306367,0.7024905464814848,0.8128142530789662,0.9353159208540364,0.8132236490903707,0.9308487984769922,0.8154393030196299,0.8628472125712418,0.9103339493566889,0.8722463878449834,0.9480562746718069,0.9558694433263362,0.8121565956895018,0.6787083545554964,0.9006456125752123,0.8970542565865081,0.9767176354920497,0.874945067015586,0.8659337499315289,0.938659923338481,0.8023211614137322,0.9192327870446462,0.9794775124237698,0.7259549389991402,0.7464364778318777,0.5446200879780436,0.7217225598591726,0.8754988991654497,0.9554153536127022,0.8371307688681585,0.688355910968891,0.929044837305441,0.994160930288872,0.7937099395958789,0.6339927913026551,0.5452010107252737,0.7597505096696286,0.7433220505381262,0.862991247525889,0.9926536206074945,0.7432996237289626,0.7574232013566526,0.7017864873591556,0.7761505989221578,0.8897602791908198,0.9260613954994381,0.9613364213349977,0.8718285675786799,0.9036167953754735,0.955869443326336,0.5404854596667543,0.6339927913026551,0.7713011323684125,0.8223248542353354,0.8111575085641975,0.740225424428232,0.897054256586508,0.8628614501567906,0.9711250868958107,0.8350815096206279,0.8371307688681585,0.6339927913026551,0.8799036168154266,0.9819912974428575,0.8627447547967052,0.9912972349210976,0.6527839128027031,0.6339927913026551,0.8967266363175352,0.9617006005988104,0.781943457625851,0.7434908715072515,0.9788650959048174,0.9245280468530441,0.7992258587816798,0.5634214266013441,0.657204707522856,0.8172798429420176,0.9714578717045065,0.8612222667022575,0.8625889938714655,0.47558922992917096,0.698903104201752,0.9770091497622002,0.5415087031557817,0.8539255385877565,0.6028436016552279,0.7945085658847857,0.9895435793818463,0.5686937819849056,0.582295765498712,0.6923341401884342,0.502768471958652,0.9937100896993183,0.8858340936764979,0.8117060761496817,0.6572205155599297,0.842574434604784,0.9446447681148575,0.9843913959203322,0.8176754985026669,0.871071041661533,0.5626148320484621,0.7112404850670078,0.8335622710622699,0.9180351461270723,0.8823421010842232,0.6681711511554479,0.8940589330526696,0.9154907996871149,0.9802655900904539,0.6574204612622749,0.838407796287322,0.848235155430648,0.950325849878354,0.7064804985396791,0.6403920386762303,0.7544440467247701,0.713362895241419,0.5622097443103443,0.7996193871732236,0.9685842704617613,0.755747894770403,0.7771261418190507,0.6837153672707961,0.8570520663595733,0.7875329038791308,0.9110230653978575,0.8195368083509805,0.9611210138707305,0.7737474618669683,0.9451689995479284,0.8331189525330785,0.827095648019577,0.7855875668486808,0.9568873961450972,0.7939105489321894,0.828644435498368,0.9378370728938006,0.9962766559418282,0.841820487707815,0.9224097476874835,0.8753779015253755,0.8481684981684983,0.9476603640166243,0.995365126319036,0.7368868808854037,0.9256748817505505,0.6527839128027035,0.8291716068659,0.7115550268701194,0.9119180248799313,0.880698326543464,0.8858340936764977,0.8204293263402038,0.8533751452534042,0.9228681905829836,0.9781418691527212,0.7807771671792305,0.8644196496342953,0.8873793646220564,0.8429491437538899,0.6878844094626952,0.6572205155599298,0.804944907793146,0.7161153817625662,0.7625685155564195,0.8821740773501708,0.9433748221244648,0.9849078474147692,0.6155591509232732,0.83749678149117,0.6339927913026551,0.8983739487948558,0.8523344596018206,0.9422386390697104,0.9661253442470095,0.8778115250596102,0.9486909276320882,0.6339927913026551,0.8304129189090008,0.7512200475590909,0.8913167644457045,0.6339927913026551,0.9315783019435939,0.7684696092538161,0.7403161244957448,0.983279178798413,0.7684560343422069,0.6834396943077208,0.6339927913026551,0.8567379190138164,0.6339927913026551,0.8846114269035661,0.9684165192368299,0.9628194526209255,0.6339927913026551,0.0,0.6339927913026551,0.7410822437412818,0.8424894527900241,0.8547434423416049,0.7304467201657969,0.8604381342419636,0.5643497853345605,0.67023165642458,0.8687120679416105,0.8849533332175412,0.8756041603975977,0.8670861054058355,0.7994715690107898,0.7413155487309186,0.6567991760124697,0.9255315955672281,0.8643289942147615,0.9879797376040623,0.9850445392200939,0.7684696092538157,0.8771354040135096,0.9278965215390056,0.8523344596018209,0.6339927913026551,0.7899486995316742,0.6339927913026551,0.7384130870472884,0.9234230763385713,0.910333949356689,0.9889136318665026,0.5643497853345605,0.898373948794856,0.7652580007148833,0.5720246891489089,0.9865548062843289,0.8654876821106996,0.6359890109890098,0.9042162740830947,0.9255348743031011,0.8698524591108469,0.7046234780287157,0.6221281312976874,0.9529720363315421,0.9962644545687964,0.8970542565865081,0.6579342732792537,0.9740425182998509,0.76323676171752,0.7877069277381672,0.9592491676212607,0.9103339493566891,0.746899018765423,0.8000910514521937,0.9213261673534536,0.698903104201752,0.5606913674144884,0.7652580007148834,0.6516013774139275,0.8787525505716187,0.698903104201752,0.6832755768133256,0.6162189645330702,0.8298243919346036,0.9387114094817,0.7496347090094573,0.8705954752723886,0.8184534735751661,0.5549969232913436,0.7000712741729294,0.9042162740830947,0.9714578717045065,0.706026395639076,0.9235852575057475,0.7083716014401362,0.9603411067113545,0.7939105489321894,0.7769596934567231,0.9613364213349976,0.7917380856761214,0.783951226242996,0.8523344596018209,0.9451689995479284,0.5142453976011644,0.7943233421396538,0.9276797318633756,0.9514830230284641,0.9793028220953064,0.6489445037535386,0.8113002800279268,0.7506311796869263,0.8540074124504076,0.9699713052953924,0.8349200869832083,0.9524867312418579,0.7924269633039946,0.7559454833564441,0.8913167644457047,0.6910951544371513,0.8095505845081643,0.8561556159060366,0.9042162740830946,0.6339927913026551,0.8754988991654491,0.9683153427482922,0.7494884627155711,0.698903104201752,0.880570845753591,0.9486909276320882,0.6339927913026551,0.676397375014969,0.8858340936764977,0.8949174096536272,0.711192016234012,0.7580770322146868,0.7522076535979973,0.9103339493566892,0.7003984896355109,0.7508221399867658,0.8800187100542717,0.843847163114755,0.9172812239283359,0.8705954752723888,0.8206979555337932,0.8128103990639426,0.8397330855386307,0.7952338272885933,0.8533117429016539,0.5627128587740395,0.9670381792361835,0.5558853968949383,0.6574204612622752,0.6527839128027031,0.87182856757868,0.6599245763253732,0.5413000645977817,0.6131736553137105,0.7747070137853229,0.6339927913026551,0.6451196477750156,0.8799036168154266,0.7674763365434516,0.9102130524871401,0.8913167644457046,0.7078809050562842,0.6339927913026551,0.6339927913026551,0.8570520663595733,0.7746884172332464,0.8580038305240791,0.6339927913026551,0.8913167644457046,0.6970909090520427,0.7056246658241839,0.9224097476874835,0.574860881932528,0.7917380856761214,0.8517231625794768,0.9913976286892222,0.7236779306171282,0.5779247829153792,0.6339927913026551,0.8162131704039814,0.7715784183972914,0.5657308964304923,0.5730945285501279,0.740279853800655,0.7161682468114556,0.8705954752723886,0.5108548260714443,0.6339927913026551,0.7507922383487755,0.8371307688681588,0.9483319511452128,0.8875220198804148,0.8983739487948559,0.7703740124889737,0.9858432867658982,0.6339927913026551,0.9831685046970602,0.9857912114505165,0.6339927913026551,0.8808128963513503,0.6297435191082426,0.7547499987171975,0.773162857871392,0.5278943596889415,0.6339927913026551,0.8302847297138642,0.7108178308646796,0.880570845753591,0.6241067887313607,0.5385281889821136,0.7656210545202086,0.7882741497313805,0.9278342917043283,0.6923341401884344,0.8665173758106768,0.6897937717575546,0.9520338727895101,0.6568721531277004,0.9320437012080576,0.8517784260139338,0.7662811769308242,0.67164544834844,0.9197040732399178,0.6339927913026551,0.9613364213349977,0.8972044612662368,0.7781130428938606,0.9171916237032922,0.7334359965876107,0.6403920386762305,0.746882349331224,0.8983739487948561,0.6403920386762305,0.9198178556572021,0.8612222667022574,0.9381911481119678,0.8919049619830965,0.794224103600305,0.9235852575057477,0.6384424660548673,0.9308487984769923,0.867492556332306,0.9967506817050957,0.7154492178032323,0.9913976286892223,0.7924269633039951,0.8519834471909464,0.8132236490903708,0.9140698546731394,0.7385147958274567,0.8317311854817001,0.6893892376867163,0.9042162740830946,0.9670381792361835,0.7295144730135092,0.9695235528116284,0.9711250868958108,0.7432996237289626,0.8628614501567906,0.795089641468378,0.7064172413256602,0.6628393721839597,0.9007260955919865,0.9934964376945634,0.7678572445260263,0.5745927302018776,0.7882598375451735,0.9208219488037757,0.7150657314254307,0.7788123885266536,0.9443567104765432,0.8009453336986754,0.8705188107117405,0.6358562495581317,0.6945100159745671,0.9042162740830946,0.9979406633474794,0.6370316283540891,0.9428686160246565,0.8705513934807799,0.9254100871772519,0.4689715649361115,0.7217225598591728,0.9167714410425665,0.875377901525376,0.9062256624337729,0.919232787044646,0.9800040497391678,0.8858340936764979,0.9983623547769701,0.7496279399842725,0.9762858360354825,0.7447512573177528,0.8060628203277851,0.9492660674936823,0.8040552536551165,0.6865107196825391,0.9884926178680399,0.6339927913026551,0.6850220107787022,0.6339927913026551,0.6339927913026551,0.5602140257949839,0.766281176930824,0.8396798600981683,0.6339927913026551,0.8773124622876722,0.6137524381229591,0.759099175321178,0.922891113656674,0.8490163198223057,0.805198360379737,0.9066817068611182,0.7823646060405753,0.605611833922433,0.985843286765898,0.8918831827103171,0.8298243919346027,0.7959502845364524,0.9974647725446539,0.8748484084969748,0.5273346475029863,0.8438471631147552,0.9120136950985207,0.9788401477426526,0.9529720363315421,0.7142410030676605,0.6923341401884342,0.8872989538170493,0.8849533332175408,0.8164898181514023,0.9520338727895101,0.6445900561833366,0.8963004860910055,0.7623757399913398,0.8239952590260253,0.7889510387209391,0.9378370728938006,0.742491632631574,0.898373948794856,0.9704576395457505,0.6990704097800862,0.7780808793206493,0.8458206993046364,0.8372205460321176,0.9192327870446462,0.789675750582748,0.7703230067811775,0.9899975093578801,0.660467880986612,0.8808768286773148,0.9802655900904539,0.8051983603797372,0.7256801361332339,0.9015191415563053,0.7310894659171963,0.7691027064994953,0.7656210545202088,0.8265850234878402,0.6339927913026551,0.67164544834844,0.875503338967221,0.9243203844516433,0.8032509157509151,0.8317311854817,0.9120136950985209,0.9495698072623473,0.7139686678758754,0.9711429589523988,0.520949041869452,0.8913167644457045,0.70809555738427,0.9469829424304528,0.6814681705702046,0.6403920386762305,0.9574440620356695,0.9709927986523421,0.9850445392200939,0.8025107916900323,0.8952519702836514,0.8683028769052363,0.7068835125503599,0.6876221034265668,0.9056035016258016,0.8347885752193399,0.7577838827838816,0.7950896414683789,0.9703808325082798,0.7285837179480004,0.898373948794856,0.9112119658436191,0.8271388468732179,0.9959928050102314,0.6527839128027031,0.7682888410800459,0.8310905160173574,0.8949174096536268,0.7345464567991609,0.9378370728938005,0.889224719417397,0.8546180048997589,0.9857344547280904,0.936728342482201,0.820950788948728,0.8539255385877564,0.9349490315940102,0.862861450156791,0.9180351461270723,0.7413155487309184,0.938659923338481,0.6339927913026551,0.9692826611948091,0.875765295919213,0.7741466623883352,0.9963019395041789,0.6339927913026551,0.7805301055475365,0.9213563064090533,0.7623757399913393,0.5075794714904545,0.8504529052307115,0.8604683067040061,0.7409443124486436,0.8622773978395004,0.8485096911378402,0.9137115393040254,0.8564660017277593,0.9255315955672281,0.6850220107787024,0.8939350480652053,0.8172798429420176,0.9378370728938006,0.8823421010842232,0.8949174096536265,0.964635888991881,0.8523344596018207,0.8117060761496815,0.9937100896993183,0.9351293596727117,0.8612222667022572,0.7403516747681714,0.8162572022274404,0.8858340936764977,0.8927713255769505,0.8583422593496204,0.8410987522655158,0.5961391701278275,0.6527839128027031,0.9451689995479284,0.6574204612622754,0.6527839128027031,0.6527839128027031,0.8396798600981679,0.6339927913026551,0.8771354040135095,0.753951456293447,0.6339927913026551,0.953420205966137,0.7642007445653198,0.9235852575057478,0.6923341401884344,0.9529720363315421,0.9309060793063672,0.6527839128027031,0.8226930926157827,0.6272086098993919,0.8496029817787225,0.5943047645761182,0.6339927913026551,0.7155172571585395,0.9042162740830946,0.8956703797577582,0.775653869047022,0.7076836186194533,0.9254100871772517,0.9309060793063672,0.8278323671212415,0.9850445392200939,0.8068632323475464,0.791738085676122,0.759099175321178,0.8500945798064171,0.820950788948728,0.9541153808885272,0.9171916237032925,0.9235852575057478,0.8078843400694917,0.6587133413777286,0.9193578510598389,0.6261220714746926,0.6339927913026551,0.9810324389242782,0.8766871103262179,0.9308487984769921,0.941970173201641,0.6865107196825377,0.8654876821106996,0.618040441529869,0.6403920386762305,0.8769903391405616,0.574101697118073,0.6339927913026551,0.6339927913026551,0.7265028459401814,0.558853970189856,0.9573043625686205,0.9484883610002446,0.6353659654834842,0.9387873300285301,0.8354117897166413,0.5347463013234204,0.7879587276075832,0.5440376946305963,0.6339927913026551,0.9056121822346033,0.67164544834844,0.8970542565865081,0.9254887101749936,0.698903104201752,0.7219778859931435,0.6339927913026551,0.6339927913026551,0.5041720043684227,0.9494833800495852,0.45853249942965335,0.7957137803674152,0.9269706836168523,0.9614455147320778,0.919237913154078,0.6931568245129895,0.5760668633470327,0.8937146947529404,0.6339927913026551,0.8412611258298746,0.5569977095477119,0.7437726155785189,0.9235852575057478,0.8723458378447935,0.9285081624447442,0.8296498137885866,0.889224719417397,0.8658418182833446,0.8278944569837015,0.6339927913026551,0.5684912252440523,0.9941663847661135,0.7432996237289624,0.7312038293069545,0.9526282623691951,0.8674925563323059,0.7591508897657236,0.6730622774013111,0.9167714410425665,0.6564569739561009,0.6389135465116942,0.9644061792742998,0.8319589973352826,0.8982849455083565,0.7981214942939552,0.5440376946305963,0.8754988991654495,0.6527839128027031,0.8371358212310311,0.8056017035197612,0.9738744855255578,0.9587645186677308,0.9386599233384809,0.9850445392200939,0.980265590090454,0.938659923338481,0.6521990903451726,0.7889510387209391,0.7161768939012263,0.8612222667022573,0.9110230653978577,0.6094362632919725,0.8317311854817001,0.6247841655939412,0.9006456125752124,0.8567235831170403,0.9234512202504555,0.9912972349210976,0.9389653986475877,0.9900201018153889,0.721318054859452,0.7959695959123523,0.8791091811518512,0.6339927913026551,0.9314130730287435,0.9558694433263362,0.7376539578955092,0.8913167644457044,0.964821613491783,0.8202156726197053,0.7672666948507463,0.6339927913026551,0.7396982981428937,0.7915142893452918,0.9534202059661367,0.5379662299668804,0.568491225244052,0.5302685564974632,0.7064804985396791,0.7646212748615409,0.9730533608234009,0.9074361478969082,0.7760085738344246,0.9520338727895101,0.6636082748474115,0.8970542565865078,0.9008184272841163,0.8863852623001995,0.7364154389986974,0.9275499092019686,0.5882481919657854,0.6521990903451729,0.7893147422409561,0.9494833800495852,0.6527839128027031,0.6261220714746926,0.8487179487179481,0.6964415623479376,0.606332461240258,0.6226389970148222,0.6339927913026551,0.6255466711895448,0.6713922850363316,0.8982849455083565,0.6339927913026551,0.5912791063234349,0.9857574885038733,0.698903104201752,0.6126348404146422,0.6527839128027031,0.9689880185924842,0.8371307688681588,0.9700576346623715,0.994160930288872,0.8046148170135234,0.9776415955422071,0.7812745368458784,0.6339927913026551,0.964635888991881,0.6339927913026551,0.9235852575057478,0.997648004129311,0.6839986230583686,0.8970542565865081,0.8443512569825543,0.8145225635322606,0.7969423358370897,0.5735945362683643,0.6339927913026551,0.8242362864197301,0.6916723453942051,0.8937146947529409,0.7983649319144399,0.8412611258298752,0.8458206993046362,0.8435366459830158,0.8139469110840569,0.6677789352692072,0.7422213644081708,0.7585694486288108,0.6677789352692072,0.8596598169726406,0.87549889916545,0.8274070420838935,0.6677789352692072,0.8970542565865081,0.7981214942939558,0.898373948794856,0.626428083173669,0.8873793646220564,0.8139469110840568,0.8779654988280847,0.7390657782147769,0.6974777124396558,0.9711429589523988,0.7652580007148835,0.8331189525330779,0.8873793646220562,0.8849533332175407,0.9533791937291327,0.8596598169726408,0.8075649676198748,0.8702553550605394,0.8823394278909551,0.885205348125451,0.9514830230284639,0.8983739487948561,0.6923341401884346,0.8603006398769997,0.9560085838389627,0.9424631527248861,0.8960126735832696,0.8196893915020921,0.6716454483484402,0.6850220107787015,0.9320437012080571,0.8214535974542093,0.9327787358352457,0.8379269506759397,0.5273346475029865,0.982006438218668,0.8800187100542716,0.791658249328292,0.6655418501773489,0.8100145004591279,0.9738249296059338,0.7750194700802231,0.7647497062494312,0.9261054867721944,0.9384261778015308,0.7760007005291609,0.9706786416120037,0.8128142530789662,0.7737814949433286,0.7434908715072508,0.9432666904818183,0.831098258955693,0.7235436473946443,0.8654876821106994,0.8179575001464332,0.8567235831170404,0.979374635831566,0.9014175548402064,0.7595757378098458,0.7437726155785189,0.7234753402496821,0.8020592119962258,0.9613005306740816,0.9169005231762546,0.6723605412471116,0.8195276969556007,0.938788216159729,0.7597505096696289,0.6123210756557558,0.8956703797577581,0.9125301217359769,0.9276797318633758,0.720464939910632,0.8528139297820674,0.7212226060676772,0.7422213644081708,0.865933749931529,0.8983739487948557,0.8913167644457044,0.8208797798232136,0.8858340936764979,0.8578418838377846,0.7212226060676772
p82_M,0.7524297972473161,0.9413411539914585,0.8918007079504506,0.9225015741707872,0.9492063492063487,0.9623211158059548,0.7050163519970581,0.7509151724713103,0.9038142386822647,0.960221152322577,0.9398636845831869,0.9475597985845114,0.9475597985845114,0.9225015741707872,0.9106019687464653,0.5567710364845595,0.944383427890573,0.9314886672615048,0.9582144552981327,0.960221152322577,0.8875255844205965,0.938412400887346,0.935580996038617,0.9508971383859763,0.9369854052620163,0.9314886672615046,0.944383427890573,0.916441965519317,0.960221152322577,0.7739436107925906,0.9250013316406693,0.9544316996038,0.9428469360414609,0.9188361382271659,0.9492063492063489,0.9582144552981327,0.9508971383859763,0.9428469360414602,0.9623211158059548,0.930160641445072,0.8993922310882436,0.932833950574053,0.9623211158059548,0.912915131908919,0.9443834278905732,0.8474513194974065,0.9526370111116405,0.9004911494084333,0.930160641445072,0.8918007079504506,0.9544316996038,0.8495864161552136,0.9314886672615046,0.13408370177867746,0.9428469360414604,0.9288488221297497,0.9288488221297497,0.0,0.7383793872014479,0.9459533477380775,0.9060540201833016,0.831146423199498,0.931488667261505,0.8993922310882436,0.9562880686171875,0.8244397822834253,0.9544316996038,0.6473831763250288,0.7698078233874499,0.9582144552981327,0.92126914699118,0.9301606414450723,0.9492063492063487,0.8266892096935958,0.0,0.8864622842804517,0.938412400887346,0.9398636845831867,0.8233095582802461,0.9623211158059548,0.9398636845831869,0.9341976401680094,0.31108550994831163,0.9314886672615048,0.0,0.9176344520056336,0.938412400887346,0.8046479448175341,0.8939536575643376,0.03139863267861631,0.0,0.8918007079504506,0.831146423199498,0.8548949080074899,0.31108550994831163,0.48955645159511163,0.8896584524348263,0.8875255844205965,0.8198957816506434,0.8187498553347687,0.9288488221297497,0.9526370111116405,0.9492063492063489,0.8580633769736241,0.6072669396673074,0.9582144552981327,0.907182019415572,0.7973204052495684,0.9369854052620166,0.8289245259008584,0.8759110188590657,0.9328339505740528,0.8070467719220202,0.9094556823349389,0.9526370111116405,0.7833099084134079,0.9413411539914585,0.9582144552981327,0.9623211158059548,0.8580633769736241,0.9129151319089193,0.885400876353422,0.9369854052620166,0.9250013316406696,0.931488667261505,0.7554264789789613,0.9508971383859763,0.6339927913026551,0.9475597985845114,0.9152582079543838,0.8727631680356085,0.9526370111116405,0.9544316996038,0.9623211158059548,0.944383427890573,0.8453085223330421,0.879064442044788,0.9544316996038003,0.9544316996038,0.06018876900101988,0.8046479448175343,0.960221152322577,0.8244397822834253,0.8717146038820363,0.8875255844205967,0.9106019687464659,0.892875760974867,0.8420784215528956,0.9301606414450723,0.7583810530554915,0.9602211523225768,0.9060540201833014,0.8559522762859688,0.8811713725919912,0.9544316996038,0.9301606414450725,0.8950345750758599,0.9140827360776209,0.8938851835250172,0.5567710364845593,0.7367566674079002,0.9526370111116407,0.9341976401680094,0.7431708752992887,0.8972062142375332,0.9164419655193166,0.8612222667022558,0.8993922310882436,0.9262700211315917,0.8453085223330423,0.9225015741707872,0.9475597985845114,0.9288488221297495,0.6783615558233287,0.8538362113124116,0.8780124908814328,0.9582144552981327,0.6072669396673073,0.9200475251844384,0.5526275082095409,0.9117550006367756,0.8885909234541711,0.9288488221297497,0.9475597985845114,0.6394614409405057,0.8538362113124116,0.8580633769736241,0.9015943008452869,0.13408370177867734,0.9237454173815312,0.9459533477380775,0.903814238682265,0.8221755430097122,0.7897778653703145,0.9060540201833014,0.0,0.9508971383859763,0.9459533477380777,0.4895564515951115,0.8355526955775656,0.8918007079504506,0.9475597985845114,0.0,0.8685695845092951,0.7897778653703145,0.960221152322577,0.0,0.6951973979147161,0.9152582079543841,0.8864622842804517,0.6447787703816181,0.9049315186013059,0.9475597985845114,0.0,0.6473831763250286,0.0,0.8117838598171898,0.8388272306091986,0.8355526955775657,0.0,0.6339927913026551,0.0,0.7050163519970583,0.9071820194155717,0.9164419655193166,0.8759110188590655,0.9526370111116407,0.7711949776746383,0.06018876900101888,0.935580996038617,0.9384124008873462,0.9060540201833014,0.7554264789789611,0.9188361382271666,0.9544316996038,0.4951319232791844,0.8907283270583697,0.9027019168030599,0.897206214237533,0.9152582079543838,0.9152582079543838,0.944383427890573,0.885400876353422,0.9459533477380777,0.0,0.9027019168030597,0.0,0.7334713952978886,0.9152582079543841,0.9544316996038,0.9275522446953854,0.7711949776746383,0.9508971383859763,0.9140827360776205,0.9369854052620161,0.892875760974867,0.9398636845831869,0.8612222667022562,0.9526370111116405,0.8717146038820363,0.8717146038820349,0.8442340263447974,0.03139863267861631,0.9562880686171873,0.8289245259008584,0.9623211158059548,0.8333555867103808,0.8333555867103808,0.24376003609304187,0.8706662210952574,0.8748612665230131,0.9544316996038003,0.848519788337875,0.7973204052495684,0.7780046509581313,0.9582144552981327,0.8289245259008584,0.9140827360776214,0.9341976401680094,0.9015943008452874,0.9582144552981327,0.8517144868263773,0.8141237078825918,0.9562880686171873,0.8982973238138026,0.9225015741707867,0.9526370111116407,0.9188361382271666,0.8070467719220202,0.9459533477380775,0.9526370111116405,0.9526370111116407,0.7985559379258667,0.9582144552981327,0.7985559379258667,0.6499526646778642,0.885400876353422,0.8442340263447972,0.9582144552981327,0.9492063492063487,0.930160641445072,0.9459533477380777,0.9544316996038003,0.8022278398026612,0.8982973238138026,0.9526370111116405,0.9301606414450723,0.9164419655193172,0.7250134267509765,0.9094556823349389,0.8843412180810755,0.6848496741376313,0.7923174570100686,0.6911250629978627,0.8727631680356077,0.9602211523225768,0.903814238682265,0.9602211523225768,0.9188361382271668,0.9152582079543841,0.9094556823349389,0.9526370111116405,0.0,0.9544316996038,0.9027019168030597,0.931488667261505,0.9582144552981327,0.9562880686171873,0.9475597985845114,0.0,0.9369854052620163,0.9582144552981327,0.9623211158059548,0.9106019687464655,0.823309558280246,0.9341976401680094,0.9544316996038003,0.8333555867103808,0.8289245259008584,0.9369854052620166,0.9428469360414611,0.8409971458279799,0.9526370111116405,0.9188361382271659,0.8117838598171898,0.9413411539914587,0.9106019687464657,0.9623211158059548,0.7655931084723666,0.9188361382271666,0.7780046509581313,0.944383427890573,0.03139863267861631,0.92126914699118,0.885400876353422,0.8070467719220202,0.8082384637825222,0.8187498553347687,0.0,0.8538362113124116,0.9176344520056336,0.9200475251844387,0.9176344520056336,0.9602211523225768,0.8453085223330421,0.0,0.0,0.930160641445072,0.903814238682265,0.8591172857456586,0.0,0.9602211523225768,0.9492063492063489,0.922501574170787,0.8972062142375332,0.7897778653703145,0.9492063492063489,0.9237454173815309,0.938412400887346,0.8322525541058978,0.9634411459729271,0.0,0.8811713725919912,0.9164419655193168,0.7766590274917047,0.9952327064015152,0.9237454173815312,0.8704033497109469,0.9526370111116405,0.7960789049353036,0.0,0.7973204052495684,0.9314886672615053,0.8591172857456586,0.8300371089395653,0.9508971383859763,0.831146423199498,0.9428469360414606,0.0,0.8961186971729789,0.7399891659895361,0.0,0.9237454173815309,0.7948313236856197,0.8420784215528956,0.8152867967569688,0.8022278398026612,0.0,0.7698078233874488,0.8559522762859684,0.9562880686171873,0.6574604645689301,0.7250134267509767,0.907182019415572,0.908315805590151,0.8961186971729789,0.9526370111116405,0.8982973238138026,0.8864622842804517,0.935580996038617,0.8527760996057683,0.8738120195914167,0.8706662210952574,0.21151139151266862,0.9544316996038,0.9314886672615055,0.0,0.9582144552981327,0.9015943008452869,0.8129560940834346,0.9398636845831869,0.9275522446953854,0.06018876900102055,0.7478523304650295,0.9508971383859763,0.06018876900102055,0.9398636845831869,0.9492063492063489,0.9413411539914582,0.879064442044788,0.903814238682265,0.9582144552981327,0.8463809254714867,0.9602211523225768,0.9413411539914582,0.935580996038617,0.801009545737682,0.938412400887346,0.9602211523225768,0.7997856146881548,0.9164419655193166,0.5305546844946969,0.24376003609304187,0.938412400887346,0.9027019168030597,0.9526370111116405,0.9188361382271666,0.8993922310882436,0.8769613888066743,0.9341976401680094,0.8993922310882436,0.9398636845831869,0.9250013316406693,0.6827113291147924,0.7725735218970409,0.9049315186013058,0.9443834278905732,0.8141237078825918,0.8907283270583697,0.9225015741707872,0.9341976401680094,0.21151139151266984,0.8175997772209664,0.9398636845831869,0.8517144868263774,0.9341976401680094,0.9152582079543841,0.7539334992316542,0.9526370111116405,0.8453085223330421,0.7143607147557585,0.9176344520056336,0.8993922310882432,0.9582144552981327,0.7301312695908229,0.8918007079504506,0.9562880686171875,0.9164419655193166,0.944383427890573,0.944383427890573,0.9544316996038003,0.9582144552981327,0.9250013316406696,0.8255663034700989,0.9129151319089186,0.9475597985845114,0.9475597985845114,0.7125274559321444,0.9071820194155717,0.08671734220308636,0.8717146038820361,0.0,0.9562880686171873,0.0,0.0,0.8187498553347687,0.2115113915126693,0.9188361382271664,0.0,0.7334713952978882,0.8377384241745145,0.4006068367505189,0.8527760996057685,0.8811713725919912,0.8058499662916012,0.903814238682265,0.47795836130872293,0.8399134433261015,0.9428469360414604,0.8864622842804515,0.4408515443948542,0.9176344520056336,0.7711949776746385,0.6473831763250284,0.9250013316406696,0.9428469360414602,0.9459533477380775,0.7846176027958278,0.9562880686171873,0.8961186971729789,0.9526370111116405,0.9004911494084331,0.938412400887346,0.9328339505740528,0.935580996038617,0.848519788337875,0.9237454173815312,0.9060540201833016,0.9355809960386168,0.7223272158432528,0.9526370111116405,0.17526171623055564,0.9508971383859763,0.9140827360776205,0.8570084033315839,0.8399134433261015,0.4654487838138114,0.8570084033315841,0.5711669571562623,0.77934241058442,0.8896584524348263,0.9475597985845114,0.7766590274917051,0.9262700211315917,0.9623211158059548,0.8058499662916013,0.8463809254714865,0.7876282222528316,0.8034406041869142,0.938412400887346,0.9071820194155717,0.8822265994777512,0.0,0.9544316996038,0.9164419655193174,0.9492063492063487,0.8612222667022558,0.938412400887346,0.9459533477380777,0.9262700211315917,0.831146423199498,0.9355809960386168,0.8046479448175343,0.9602211523225772,0.7935775465776653,0.9398636845831869,0.8664724446651941,0.06018876900102055,0.9428469360414602,0.7143607147557588,0.9152582079543841,0.9341976401680094,0.7806724477786732,0.880117361849238,0.7318083230664854,0.8633240709217587,0.9188361382271666,0.6991852245234744,0.8612222667022558,0.9250013316406696,0.960221152322577,0.9369854052620166,0.9508971383859763,0.8388272306091986,0.9027019168030597,0.525843532183836,0.03139863267861631,0.7960789049353036,0.8409971458279799,0.9623211158059548,0.8790644420447877,0.9526370111116405,0.9176344520056336,0.9164419655193168,0.932833950574053,0.9015943008452869,0.9250013316406696,0.9369854052620166,0.500567215157067,0.9398636845831867,0.9475597985845112,0.9544316996038,0.9623211158059548,0.0,0.9188361382271668,0.8654234385275936,0.8070467719220202,0.9200475251844384,0.0,0.8832831707913575,0.8244397822834253,0.9060540201833016,0.34458474155865637,0.9038142386822647,0.8918007079504506,0.8811713725919912,0.7859181167692968,0.9275522446953854,0.9060540201833014,0.6598989712921809,0.8907283270583697,0.9562880686171873,0.9027019168030597,0.9288488221297497,0.9526370111116405,0.9152582079543841,0.9623211158059548,0.9275522446953854,0.9459533477380777,0.9623211158059548,0.9413411539914587,0.9288488221297497,0.9492063492063487,0.6783615558233285,0.8843412180810755,0.9582144552981327,0.9492063492063489,0.9384124008873462,0.7806724477786728,0.8022278398026612,0.03139863267861631,0.9544316996038003,0.08671734220308558,0.03139863267861631,0.03139863267861631,0.3741839079094693,0.0,0.944383427890573,0.4527606561376478,0.0,0.9341976401680094,0.535161772248302,0.9582144552981327,0.9526370111116405,0.9562880686171873,0.9508971383859763,0.03139863267861631,0.7960789049353036,0.8580633769736241,0.935580996038617,0.8409971458279799,0.0,0.9071820194155722,0.9526370111116405,0.9341976401680094,0.7935775465776653,0.9083158055901508,0.9582144552981327,0.9508971383859763,0.9369854052620166,0.9152582079543841,0.6284764518573093,0.9492063492063487,0.4006068367505189,0.92126914699118,0.9250013316406696,0.6848496741376318,0.9398636845831869,0.9582144552981327,0.930160641445072,0.9526370111116405,0.9071820194155722,0.8420784215528954,0.0,0.9492063492063487,0.8822265994777507,0.960221152322577,0.8377384241745145,0.944383427890573,0.9398636845831869,0.8244397822834253,0.06018876900102055,0.7569089328329721,0.7846176027958276,0.0,0.0,0.40880739824839063,0.6991852245234742,0.9027019168030597,0.8058499662916013,0.8453085223330421,0.8152867967569688,0.8399134433261015,0.7997856146881548,0.9328339505740528,0.8129560940834346,0.0,0.9004911494084331,0.9544316996038,0.9623211158059548,0.831146423199498,0.9582144552981327,0.831146423199498,0.0,0.0,0.7739436107925914,0.9492063492063487,0.7819949015164562,0.938412400887346,0.8570084033315841,0.8993922310882436,0.6856702229525599,0.8993922310882436,0.8344556057285131,0.8506512873935228,0.0,0.9152582079543841,0.8175997772209664,0.9508971383859763,0.9582144552981327,0.5526275082095407,0.7351207557283752,0.43182584581086747,0.9176344520056336,0.9508971383859763,0.8591172857456586,0.0,0.8266892096935958,0.9176344520056336,0.8993922310882436,0.8727631680356078,0.8654234385275936,0.9413411539914582,0.9049315186013054,0.8538362113124116,0.9562880686171875,0.8685695845092949,0.862273520033598,0.9443834278905732,0.9602211523225768,0.9225015741707872,0.2586095064370061,0.8129560940834346,0.9544316996038,0.03139863267861631,0.8759110188590655,0.9288488221297497,0.9152582079543841,0.92126914699118,0.9623211158059548,0.9152582079543841,0.9623211158059548,0.9623211158059548,0.9027019168030597,0.3647019568709454,0.8961186971729789,0.9492063492063487,0.9602211523225768,0.938412400887346,0.938412400887346,0.8322525541058978,0.9428469360414611,0.9475597985845114,0.9288488221297497,0.5210240199989242,0.9508971383859761,0.7684119013812074,0.3833143586062788,0.7125274559321442,0.7447432793600621,0.0,0.8918007079504506,0.9492063492063489,0.758381053055492,0.960221152322577,0.9328339505740528,0.9341976401680097,0.855952276285969,0.0,0.7399891659895361,0.8058499662916012,0.9341976401680094,0.8058499662916012,0.8266892096935958,0.8129560940834346,0.9544316996038,0.7143607147557588,0.6716454483484393,0.8058499662916012,0.7431708752992889,0.9355809960386166,0.6761489807685291,0.9623211158059548,0.9355809960386168,0.9492063492063489,0.8982973238138026,0.930160641445072,0.8388272306091984,0.4779583613087228,0.8106069085572598,0.9492063492063489,0.03139863267861631,0.8420784215528954,0.861222266702256,0.5110414539348817,0.7766590274917051,0.7524297972473162,0.0,0.9856724533720749,0.8633240709217587,0.9225015741707872,0.0,0.8399134433261015,0.9428469360414604,0.9582144552981327,0.2115113915126694,0.03139863267861631,0.9114861522954751,0.9314886672615051,0.897206214237533,0.9288488221297497,0.9083158055901508,0.9355809960386172,0.8129560940834346,0.0,0.9275522446953854,0.0,0.9582144552981327,0.8333555867103808,0.8843412180810759,0.9623211158059548,0.9262700211315917,0.8022278398026612,0.904931518601306,0.9225015741707869,0.0,0.8322525541058978,0.8210376473859937,0.8506512873935228,0.9250013316406696,0.40060683675051967,0.9544316996038003,0.3227392978460525,0.9237454173815312,0.392115299153029,0.8928757609748668,0.7948313236856197,0.392115299153029,0.9225015741707872,0.9544316996038003,0.885400876353422,0.392115299153029,0.9623211158059548,0.931488667261505,0.9508971383859763,0.885400876353422,0.9475597985845114,0.9237454173815312,0.9341976401680094,0.8918007079504506,0.9152582079543841,0.9355809960386168,0.9140827360776211,0.930160641445072,0.9475597985845114,0.9384124008873462,0.7301312695908225,0.9225015741707872,0.9015943008452869,0.8333555867103808,0.42440193597169273,0.9083158055901508,0.930160641445072,0.9508971383859763,0.9526370111116405,0.9015943008452867,0.8939536575643379,0.9275522446953854,0.9275522446953854,0.9004911494084333,0.9544316996038,0.9562880686171873,0.5974763156586966,0.9262700211315922,0.8664724446651935,0.9176344520056336,0.9250013316406696,0.6549904556417999,0.9369854052620166,0.9237454173815312,0.9492063492063487,0.8366469404145511,0.8780124908814328,0.9129151319089186,0.9004911494084333,0.6623067578386677,0.9562880686171875,0.9188361382271666,0.5906675167558797,0.9314886672615046,0.944383427890573,0.926270021131592,0.8993922310882434,0.6040574193889983,0.7598430279509716,0.9398636845831869,0.6739104850582693,0.9475597985845114,0.8832831707913573,0.7143607147557586,0.9526370111116407,0.9508971383859763,0.8864622842804517,0.9275522446953852,0.9526370111116405,0.8982973238138026,0.8633240709217587,0.708808264663793,0.9459533477380775,0.9459533477380775,0.8322525541058978,0.9341976401680094,0.9027019168030599,0.9526370111116405,0.8591172857456586,0.9341976401680094,0.9562880686171873,0.8928757609748668,0.9328339505740528,0.9508971383859763,0.960221152322577,0.8854008763534222,0.9582144552981327,0.7197593917099125,0.9562880686171873
p84_I,0.9784501087166729,0.9039102436851649,0.6123991062247499,0.9409338999166663,0.8278085882470863,0.9492794165942646,0.7139775668679891,0.7472193698326839,0.6912749564067542,0.8651489736914957,0.9021699614843177,0.9640853465764172,0.8222267513114294,0.9979696028096356,0.9924372762766964,0.9234814620686651,0.99991866212086,0.804664023620563,0.8621461858164418,0.9017356045997869,0.8327001027233147,0.7408440765635529,0.9238170383631188,0.8335403947084745,0.7547886064367306,0.7677453201141125,0.8654671479026472,0.8128024457189325,0.9017356045997869,0.9976917610749403,0.7666561912455558,0.8777622263784159,0.7732172839117297,0.8820120343228506,0.9446023531860508,0.8272077382706854,0.8352686638344538,0.8783504478125944,0.8722678885791348,0.9488075509959779,0.6680870195677051,0.9531339920790828,0.9107736525866998,0.8165430918257686,0.892227310139666,0.5997523127205102,0.7871715338102265,0.6965607024597027,0.6387084546761888,0.9221209764289937,0.8455226223395764,0.7910635908413101,0.7677453201141125,0.7877953200607751,0.8588166424352437,0.998747849107485,0.8703694312854079,0.7050163519970583,0.8729722316130848,0.8242064016460565,0.6991554591399098,0.8582560845889946,0.782159252238178,0.9204527083650015,0.7796467775134233,0.7536264313158627,0.8965605453497034,0.9638926774175078,0.8783556465428257,0.9282231289090204,0.8646058594701312,0.948807550995978,0.8278085882470867,0.6846242740859914,0.7050163519970583,0.7770396896816147,0.9636154905080612,0.8770288568657689,0.8008452727743585,0.9352032913830403,0.846418992330195,0.9165944334053657,0.6989636198780522,0.8496735663853339,0.7050163519970583,0.949003192552335,0.98824385991876,0.8059207832947601,0.8680854563735354,0.7238257438406104,0.7050163519970583,0.8210625174489325,0.7763245529550403,0.7557497972544782,0.8049217672837994,0.7949762154317681,0.8349115853349443,0.7229820551744675,0.5692196796938234,0.7189686381203606,0.9358107910889615,0.932786063018689,0.7926116757012817,0.9076936618396925,0.8291629054746008,0.7573308431791724,0.7810957820594363,0.4892507077198438,0.9554227427946571,0.6151090344473098,0.8129536680332372,0.8180658807553767,0.6501174113510138,0.7819320547612332,0.8182873563847913,0.7166639338445249,0.9296014467063363,0.8583462338175076,0.9877851806018296,0.6160475906795602,0.8537972247126828,0.9079810728059527,0.9238319860517548,0.8711714831233923,0.9847021946796474,0.7741003292816968,0.8352686638344538,0.9935588381421727,0.9073419084704222,0.7507439296808167,0.6564344390088639,0.7871715338102261,0.9422414344560961,0.9107736525866996,0.7577757959214532,0.9740878405115801,0.9207117633345963,0.9744810384949361,0.7676021291943427,0.7413573066458355,0.5361135917435318,0.7689847172255944,0.7536264313158634,0.7648197339672974,0.8483741095160076,0.7152110095728237,0.8306716732581458,0.6112240092282359,0.9931074218988051,0.595233027991706,0.8055713481338859,0.8049598257324613,0.8810876628114688,0.9766574340935279,0.9422414344560963,0.7853932235870613,0.9877895003072761,0.6891850635921557,0.847508441935878,0.5979732875517074,0.8047995233861787,0.963901885593254,0.9165944334053653,0.8221976065905672,0.6684146251366403,0.7452952346712167,0.6838321801233549,0.853155191352389,0.9320715441706956,0.8111534792839268,0.8391064044605026,0.8656843391055978,0.7806099830956381,0.8157772668767116,0.8200110793502844,0.874988921190623,0.9631615764547767,0.9677434321265539,0.8934212133336497,0.6835234961668708,0.9037563705022724,0.7169075769075557,0.957624577690146,0.8789701894174247,0.9264623251890786,0.8644799054744252,0.6715992232814902,0.9054825321637725,0.787795320060775,0.7827515726978775,0.8167808533529854,0.7953537098571342,0.7786180218181604,0.6137815285363648,0.6991554591399094,0.7050163519970583,0.8335403947084741,0.8518227666461307,0.950792243513968,0.8867160553431173,0.7134575652048074,0.9073419084704222,0.7050163519970583,0.7403992797090714,0.7267794490323547,0.9017356045997866,0.7050163519970583,0.749475136556849,0.7507439296808172,0.6618631492299227,0.7921330105379354,0.8326237041484201,0.7521974628936079,0.7050163519970583,0.9395014722087802,0.7050163519970583,0.9220119372590916,0.8978339089380016,0.7946504994785091,0.7050163519970583,0.7410822437412818,0.7050163519970583,0.0,0.6853453362150379,0.9374266779798476,0.6647316525173191,0.7871715338102268,0.5124541036723154,0.6861245766456878,0.7680858902802092,0.9132426624384453,0.8599930133911246,0.9242951355609585,0.901656911907929,0.8777622263784159,0.8026820535929298,0.8050479547208846,0.6758769133365898,0.950089310357578,0.9598548402873022,0.8457943435928557,0.8114587961537703,0.7994783479669667,0.8443972183530595,0.7050163519970583,0.9110923198276495,0.7050163519970583,0.7950483958518184,0.9260846630182511,0.8777622263784162,0.7758955777118348,0.5124541036723153,0.8636486621136628,0.8592579037041292,0.8513848233596012,0.8462869656377975,0.9721245154229385,0.6557792251899226,0.839438595294995,0.8959204099612009,0.9833208606238034,0.7531265344804337,0.7238257438406104,0.9523259679415814,0.7867129680529193,0.8722678885791348,0.710174790680222,0.9983773271088201,0.838733928496312,0.8661966009271316,0.8339843416493571,0.8777622263784159,0.6082187630064473,0.7537581083039124,0.8988048027027685,0.7573308431791724,0.7191399905342271,0.746368645528201,0.7807966685704253,0.9396367699954227,0.7573308431791724,0.9980634049850092,0.7781383622266751,0.9858293747597056,0.8603645334811147,0.9165076064447045,0.7871715338102266,0.9804738225815984,0.6627937617059634,0.796590036645983,0.880519001533921,0.963901885593254,0.6493735510167526,0.9282231289090204,0.8086557443374449,0.7832674341192731,0.7064760123906932,0.9673559091144863,0.9669615284537108,0.8510085581707634,0.9847426426497816,0.9272463133532802,0.8643209413108637,0.6453492934205061,0.7220411457947162,0.9116348241084864,0.815907938287497,0.8704418787115218,0.4893223649557201,0.9284045798049798,0.6541655853520152,0.7654778379340035,0.7992340405448088,0.9423050551940393,0.8315759772398734,0.8055713481338861,0.6912749564067553,0.8651489736914959,0.8233148019009684,0.8267842608104479,0.7819320547612333,0.8705544178695592,0.7050163519970583,0.8455226223395762,0.911092319827649,0.8496735663853346,0.7573308431791724,0.9188225611234571,0.9791712153175879,0.7050163519970583,0.8996829318210366,0.893284681363264,0.9492794165942646,0.9376213298734813,0.7219393203908853,0.8506294911913966,0.8777622263784162,0.6970746753880133,0.5916549253899523,0.9312736885639394,0.8062500604848117,0.7546282347496576,0.8705544178695597,0.7641427688123783,0.5942928688774247,0.8011454316004782,0.7517549738416331,0.9352032913830401,0.518722525425032,0.9804738225815984,0.5605918340246232,0.7577757959214532,0.6954540247876129,0.9342475493477027,0.9389818513313775,0.5994120099312186,0.6417648200534272,0.601387967689603,0.7050163519970583,0.6691154633968848,0.7790529573757667,0.8735465212848825,0.9538740038505584,0.9017356045997866,0.7306189742072411,0.7050163519970583,0.7050163519970583,0.7853932235870607,0.9167789222159104,0.9342075639785514,0.7050163519970583,0.9017356045997869,0.7634132344665409,0.9572386046271704,0.7181749813765248,0.48822828354082004,0.909405440640245,0.7015482735657301,0.9143587516866638,0.6011115120667152,0.5842248516104298,0.7050163519970583,0.7349311769363307,0.9374266779798476,0.5560072764325885,0.6904389648642733,0.9890316341924343,0.8207303552514549,0.911634824108486,0.5856329552725943,0.7050163519970583,0.6290579569999297,0.9027739484084254,0.8149982365231816,0.7163979611485647,0.8636486621136636,0.5544627971782043,0.8325333514600275,0.7050163519970583,0.8125730935790394,0.6793889323405844,0.7050163519970583,0.7827515726978773,0.6441417423531017,0.5226151290699399,0.6042856140146567,0.607453226312636,0.7050163519970583,0.953522319214247,0.7324889356936826,0.98066721842217,0.6025447762851105,0.5787382253348929,0.9589487426346119,0.7071307263199056,0.7755953475698054,0.8182873563847913,0.7888562371105832,0.7553793427446664,0.8290179394841424,0.6650407686619708,0.9101210162793334,0.6405759332471019,0.8154854397196966,0.7998417332331829,0.7596544808557926,0.7050163519970583,0.9669615284537108,0.7700522084355541,0.7991880264234466,0.8464189923301952,0.9661667910715347,0.7413573066458357,0.8888489786509448,0.8937569295188521,0.7413573066458357,0.9218423061858414,0.7926116757012818,0.967633741208977,0.7786650254827172,0.996488783242107,0.8583462338175076,0.6272479460213498,0.9017356045997869,0.8525278376428218,0.8527177142038864,0.6409732624186317,0.9871277706705412,0.8787446099504678,0.9771368587267129,0.8128024457189325,0.7408073592857845,0.8616139412128665,0.8147291847956495,0.8479730661848235,0.8394385952949945,0.7840250467308107,0.9449522576097737,0.8363886770601061,0.9864272560263367,0.726235327318784,0.8715600969487438,0.7875592496211232,0.7998651823624342,0.7801416752811157,0.9900144823497639,0.9462356618885429,0.7526219612179996,0.8280373553631925,0.798375406278037,0.9204623138123679,0.7917856649999531,0.5938346561455019,0.8464189923301952,0.8480390975471166,0.9670175288930156,0.8310342491062124,0.7064830893794563,0.963901885593254,0.759329160307087,0.6627134676874593,0.8518803889552284,0.6925865688124779,0.8583462338175076,0.8615981075914553,0.7776616917353274,0.8466535911496722,0.9857207446967,0.7846986339167515,0.9460729861302632,0.8777622263784162,0.893284681363264,0.933880658250094,0.685648892283329,0.6246449148705138,0.8373126200526004,0.9924570656294145,0.7234589905849389,0.9876953691928352,0.7577757959214529,0.9541873770696025,0.7050163519970583,0.7796467775134234,0.7050163519970583,0.7050163519970583,0.6676747970494146,0.8391852144394418,0.8036699243158894,0.7050163519970583,0.6968895860014052,0.5952083694898473,0.8880644974534355,0.8699171403587321,0.7045720833605262,0.8223141697623995,0.9861647578494965,0.8479730661848237,0.6032168943873577,0.8062500604848115,0.8333095040069523,0.846653591149672,0.7984775180951884,0.8486991777134139,0.8428956218350676,0.7107673493652631,0.8325333514600275,0.8443972183530593,0.827424531139274,0.9523259679415814,0.6932290357995742,0.7871715338102265,0.9983614482751788,0.8651020128652662,0.8387339284963122,0.9339843133184172,0.6623251944009885,0.7221762797151856,0.7167895202386685,0.8764174889236307,0.9277065582274444,0.963901885593254,0.7654724459742522,0.8954851986448294,0.9714082090319779,0.6398505741935949,0.8263948678402215,0.8320813372720232,0.8340828275259545,0.9731584998838414,0.8157167526499751,0.6763385578998513,0.9507994962645905,0.5059053105241889,0.9320715441706955,0.9877851806018296,0.6323464378223291,0.6003353209004132,0.9340211426089398,0.6928786130602131,0.9871277706705412,0.9343394810202825,0.829595702262508,0.7050163519970583,0.7998417332331829,0.8320155900497956,0.8570070294818277,0.7410822437412823,0.8404736434545672,0.954862678353354,0.7837301378026491,0.6849697123410492,0.9001172636433747,0.6287761919589141,0.9153312408587586,0.7442030702577013,0.9218423061858412,0.8186681619258718,0.7413573066458357,0.9113832243856761,0.9846705624949658,0.945094745800659,0.8273518836510727,0.7912741181100869,0.6691176788389845,0.49770286045198275,0.790906594836225,0.9998812998333229,0.753850552458718,0.6428969014742689,0.9756867750012284,0.9017356045997869,0.8272357691288839,0.8937569295188521,0.6331217669300058,0.7906250128338854,0.91143201353416,0.6954540247876129,0.7598070618118298,0.5817955770524532,0.9737090553906053,0.9357429238937307,0.9016702404441241,0.949003192552335,0.8797872449872582,0.8387339284963131,0.6834799862580478,0.8361856996186665,0.8346774716410692,0.7768456693362804,0.8016055430101222,0.8505984703644269,0.7676021291943427,0.9107736525866998,0.7050163519970583,0.8034325239825353,0.6879465252733238,0.7642045645455555,0.9927946735774864,0.7050163519970583,0.6656708898063606,0.729664230908441,0.9834314410824353,0.6110251200762129,0.6669060639825737,0.9702740713268825,0.9159392469419185,0.763378101806433,0.9263591959215365,0.9989344978188062,0.860914771055926,0.7961317301531117,0.7796467775134234,0.7963442203303529,0.8921832178865924,0.932786063018689,0.869054414671028,0.9492794165942646,0.9876615936729205,0.7689736716459097,0.9107736525866996,0.9933249442301486,0.8267418580830389,0.9154039119513095,0.6691961979733247,0.7137376010199965,0.897084633362198,0.8862054707165685,0.8404736434545679,0.7035668514544957,0.607453226312636,0.6954540247876129,0.9422414344560963,0.7308529579261542,0.6954540247876129,0.7238257438406104,0.8822494346562049,0.7050163519970583,0.8653044721443675,0.9767340386921295,0.7050163519970583,0.8506294911913966,0.7801789175480716,0.8583462338175076,0.8182873563847913,0.8518157474872081,0.8335403947084747,0.6954540247876129,0.7849824457701213,0.7827024884853493,0.8290179394841424,0.7135789723358656,0.7050163519970583,0.8166663741744715,0.8705544178695592,0.9864272560263367,0.6774238896092089,0.6469632464411517,0.9631615764547767,0.984081731734417,0.9554227427946573,0.8457943435928557,0.8272357691288837,0.792611675701282,0.8690544146710278,0.9450644959429976,0.9825071082476371,0.9036319845560012,0.9273110661028668,0.9981000240005331,0.9045076800931511,0.8182873563847913,0.9699100731353176,0.6378751126652151,0.7050163519970583,0.8570070294818275,0.7737314856388022,0.8651489736914957,0.7180224294908568,0.8654671479026472,0.9218423061858412,0.7148732309826857,0.7413573066458357,0.7940930458209121,0.6083718673066194,0.7050163519970583,0.7050163519970583,0.9149635799440132,0.684969712341049,0.9856499884634101,0.9616238398517845,0.5963947990794316,0.7831173347730028,0.7070112831901787,0.6239775365253344,0.8387339284963125,0.684498826023801,0.7050163519970583,0.7135094718633206,0.7998417332331829,0.8722678885791348,0.6849697123410492,0.7573308431791724,0.5711408712307344,0.7050163519970583,0.7050163519970583,0.5342654968912117,0.909405440640245,0.5742561777513906,0.8147291847956494,0.6679565333321278,0.8531551913523889,0.9693488011243081,0.9204527083650015,0.7275696714866442,0.703873782865599,0.7050163519970583,0.7359838351941737,0.6505925680748734,0.7750521290240768,0.893284681363264,0.9329000122061883,0.901442199289177,0.9376213298734817,0.7159084639192791,0.8335403947084747,0.8088104642294189,0.7050163519970583,0.710543421268496,0.9732985645699797,0.7094109480656314,0.8608325248828028,0.8444460709317022,0.9039102436851649,0.7126918254921422,0.7273020727895162,0.9471638116040455,0.8998291643694025,0.6316289601739185,0.8383816341490689,0.8651489736914959,0.8594719035517351,0.849673566385334,0.7354718039791988,0.8455226223395762,0.7238257438406104,0.7868468900737873,0.9576245776901459,0.7549939179765812,0.873903571993053,0.8722678885791346,0.9831149113654745,0.9352032913830404,0.9492794165942646,0.8307634508999996,0.9331705974311847,0.6972602571007163,0.8278085882470865,0.9749088664163685,0.7162157071528541,0.9636154905080612,0.8495379034919904,0.7206507019612982,0.8222267513114294,0.8242375562980089,0.9005975293000879,0.8335403947084741,0.7827191581341847,0.9101540711134922,0.9556178371531978,0.8934169164588499,0.7050163519970583,0.7889604541836732,0.8862054707165685,0.8774433430270079,0.8651489736914957,0.9324659443381467,0.8234840032440705,0.7844818124377567,0.7050163519970583,0.8185739683901776,0.632346437822329,0.8002063957037466,0.6204471498800626,0.6975838476772438,0.6462690925572525,0.7676021291943427,0.7448854778667275,0.9606654229987993,0.9370600364468449,0.5840973420528031,0.8391852144394412,0.6234199034396144,0.9492794165942646,0.9475168130828631,0.9446023531860508,0.8770683063100818,0.993107421898805,0.6124486283472053,0.9627211656821197,0.6248521057796008,0.857007029481827,0.6954540247876129,0.5978984575097461,0.7270557662745663,0.6602825110914815,0.5309562934783889,0.4752392434763739,0.7050163519970583,0.6720628215379751,0.587616598468834,0.8554111091710065,0.7050163519970583,0.7226004790373985,0.8325333514600275,0.7573308431791724,0.8391852144394416,0.7238257438406104,0.8344995515599193,0.8127548628788835,0.7679353376164095,0.8896789161015626,0.8981489237007407,0.9102845385986733,0.6146227270894757,0.7050163519970583,0.9908436037256938,0.7050163519970583,0.8583462338175076,0.9099218658457171,0.6387485898976741,0.8722678885791348,0.9831619379047061,0.9990459197606276,0.7476675539813284,0.6517561182586789,0.7050163519970583,0.7189846798220059,0.5862058729041546,0.9894812943545986,0.8988948747453681,0.6029132557173238,0.9288001493885438,0.5853489991118581,0.9890316341924343,0.9182135336489843,0.7499113329821319,0.7268446760965244,0.9182135336489843,0.8757766082622395,0.7998417332331836,0.7064760123906935,0.9182135336489843,0.8722678885791348,0.8496735663853345,0.8636486621136636,0.876980294280528,0.8940560581585955,0.9684036280429786,0.9670175288930156,0.8258147866332166,0.8120241663238046,0.8290179394841428,0.7463686455282013,0.8075431590384741,0.8789701894174244,0.8404736434545679,0.7947237283476485,0.8146801109885411,0.7188208516880796,0.7232749059724313,0.9671200107680025,0.7725560850709456,0.8823577446417376,0.8335403947084745,0.7560557112356617,0.8200969375846463,0.8680854563735356,0.9876615936729205,0.8618747881173792,0.8490996270922611,0.7998417332331829,0.7796467775134234,0.9723483422923579,0.771245643093208,0.9242832796050215,0.7596283966563455,0.8361856996186663,0.897272557475161,0.899682931821037,0.7414955603989659,0.7634132344665409,0.6043818280565145,0.7702706747693189,0.9226779779658298,0.7304582412669376,0.7368114226267399,0.9471638116040454,0.9998812998333229,0.9611756835491542,0.7677453201141125,0.8654671479026473,0.9108799146895459,0.9617766368629268,0.9833208606238034,0.8635775271006632,0.7010411245359279,0.8870198936267164,0.9224277772115929,0.9355990211794405,0.9638163023358328,0.7871715338102266,0.7750521290240769,0.6930352137348375,0.7544007751104467,0.932786063018689,0.9104758519680152,0.8050310677156549,0.9650156377261354,0.9346718616463516,0.8242064016460569,0.7059096065890968,0.846761610784394,0.6758769133365894,0.839438595294995,0.6060030702746273,0.8971847062720443,0.7796467775134234,0.7014551288165234,0.9073739666459745,0.9238651969240401,0.8651489736914957,0.8595130882533637,0.8583462338175076,0.8322102525088614,0.7796467775134234
p84_V,0.7974413248024379,0.892809523535838,0.9782084549947732,0.9420887388347676,0.9071820194155726,0.9633423340760359,0.8454130007326952,0.7998227605165992,0.4865610189480726,0.9273099638694315,0.8901096639134574,0.9041731885624829,0.9041731885624829,0.9141868065994085,0.9117392230564536,0.9604783975625826,0.9352547073163471,0.8748055425712833,0.971510747264704,0.9273099638694318,0.9018409861019707,0.8874576548572419,0.9878359798431867,0.9659780157059267,0.8848500287036507,0.29270720591052823,0.9721405797402527,0.8736330304641182,0.9273099638694318,0.7438437237259361,0.3065349334826134,0.9167305843279037,0.9675804311170673,0.3677905943108327,0.9471856021934966,0.9236430180495621,0.9927718861206729,0.8955611203771288,0.931147340525424,0.87237876929314,0.9083555504463323,0.9399577791589853,0.931147340525424,0.8408651185851417,0.9909735478358417,0.8875911926006819,0.9560815611946236,0.4852135506322879,0.9330721994137876,0.8242724495767535,0.960900739115506,0.966709292123964,0.26187434474318794,0.8928095235358382,0.9964099135129636,0.9208151894950571,0.9297539537367778,0.9071820194155717,0.9054861327953314,0.9095821396383358,0.49520092087633305,0.7542685806129334,0.9056384037386229,0.8841909425473035,0.9660244666247457,0.7898690145471712,0.9609007391155062,0.7745897312459165,0.7340908262969744,0.971510747264704,0.8836891281120094,0.9151942252845942,0.9471856021934963,0.7840388104848646,0.9071820194155717,0.972582002732241,0.9438307679586414,0.9589992496040738,0.757415927246071,0.9311473405254242,0.8901096639134576,0.8970023596836538,0.8652692287290058,0.8748055425712831,0.9071820194155717,0.849488987006966,0.9775730833954647,0.7502310709435669,0.9621178789266307,0.9041731885624822,0.9071820194155717,0.8902450233273334,0.8344864653765725,0.718497031988192,0.9233367877012701,0.8181621045569506,0.8852686842423085,0.9263645203078226,0.8013196480179021,0.7865724240620575,0.8909290181414238,0.9987120692432438,0.9071820194155726,0.835767802442503,0.8431614796507079,0.9236430180495616,0.8547555948174324,0.8354096598076186,0.9510212795701292,0.7425013230119933,0.9153965235917709,0.939957779158985,0.8142061266334053,0.908953952765386,0.9987120692432441,0.8636001276007429,0.9280079835652404,0.9236430180495616,0.931147340525424,0.7075781627668929,0.8919054729924267,0.8542961702347798,0.8848500287036507,0.8915893040116916,0.9056384037386231,0.7926637934080042,0.9247279175325266,0.8617065523574776,0.9819150380375274,0.9232815443360511,0.6312588532664385,0.9134510531460025,0.960900739115506,0.931147340525424,0.9909735478358417,0.8828294275824888,0.8613822234172748,0.9949291060968913,0.9167305843279034,0.901237634194086,0.937727981411596,0.9273099638694315,0.7013787395027867,0.9252355169232358,0.8159437393068671,0.5875869608627597,0.9965903520488111,0.7773885056881581,0.87237876929314,0.8738727443268217,0.9774358012844695,0.8283274386785908,0.7934976884069915,0.5100483053533584,0.960900739115506,0.4296467843194163,0.8978644228773436,0.8687762325700652,0.9094058344019367,0.8330597247692193,0.7863449160268923,0.9586574227081353,0.9926774362356946,0.7770531655858348,0.9485085979047316,0.8999561688633484,0.7539514562934453,0.9763925012167987,0.9523705671874025,0.9196084313474926,0.8583829421286902,0.9041731885624824,0.2932055910687664,0.7844485332580069,0.7408562130636961,0.9154783044636308,0.9236430180495618,0.8232864604180834,0.9083575213228525,0.7925264018514981,0.984347895527907,0.5556391602485935,0.9805875322023232,0.9819150380375277,0.7229493269946641,0.8644662095931295,0.7075781627668929,0.8669712684968998,0.8928095235358382,0.9737022133993578,0.9012376341940858,0.8242345650097711,0.9397118684684787,0.868104254265132,0.924966244456459,0.9071820194155717,0.910271689773873,0.901237634194086,0.8878245390380264,0.9337477020918798,0.5819743866680323,0.9819150380375277,0.9071820194155717,0.9641413004714939,0.79929812055632,0.9273099638694318,0.9071820194155717,0.6404449656833158,0.45164008459276617,0.5668601561041553,0.6922892667542051,0.982048543862855,0.9430441133000051,0.9071820194155717,0.7934976884069913,0.9071820194155715,0.80332127075963,0.9412165844423912,0.9157283835975597,0.9071820194155717,0.8424894527900241,0.9071820194155717,0.6853453362150379,0.0,0.847309892064888,0.94245245767156,0.9560815611946234,0.8517646183531484,0.9012376341940858,0.914753761965559,0.9211999702940654,0.9491259459009258,0.880206903215915,0.8791687232341987,0.9167305843279037,0.8392043814442114,0.8003219721549923,0.9165147019879722,0.9833167857211329,0.6339546094885228,0.3735052882088671,0.8983688348924415,0.8755326157003402,0.901237634194086,0.9071820194155717,0.8457801448839242,0.9071820194155717,0.7387616316363625,0.8451467479521526,0.9167305843279037,0.9265105940822267,0.8689265320730182,0.9102716897738727,0.8429987447247771,0.9510212795701289,0.9370217966662873,0.9721111647053096,0.6770830580236284,0.9134510531460027,0.9052782234567771,0.4760456790830029,0.7153604261056554,0.9041731885624822,0.9201228276565452,0.9562941208791262,0.931147340525424,0.8378721832895658,0.7313775237513427,0.9660013292083208,0.5804629626031743,0.8521933521560987,0.9167305843279037,0.7602565279438545,0.6986594341742304,0.8564828484090639,0.9236430180495616,0.7781334559898496,0.38367661991661606,0.9116474872122649,0.8669712684969002,0.9236430180495616,0.8598294126465456,0.8327567052705773,0.9660244666247457,0.9972344227469816,0.9420887388347676,0.913451053146003,0.9329979999629743,0.8315734726046974,0.9852542301053672,0.8733964066108945,0.9160269146595147,0.9254494565857864,0.9236430180495621,0.7637232952253518,0.6996466410491045,0.9545758205751748,0.7520487823981117,0.9715107472647042,0.9071820194155726,0.9634189144741112,0.901237634194086,0.9609007391155062,0.8248947119012578,0.8141532085971919,0.9560815611946234,0.9027254843534636,0.9947512775397298,0.8374707201311462,0.8841504617080544,0.8308948451441422,0.778014538826254,0.9835108937557294,0.9941750239308393,0.847659651037497,0.9273099638694315,0.8430460617284966,0.9774358012844697,0.9055141698506994,0.8451467479521526,0.9670285919479584,0.9560815611946232,0.9071820194155717,0.5090574034332587,0.9400928876893215,0.9056384037386231,0.9236430180495616,0.9201228276565452,0.9430441133000051,0.9071820194155717,0.9841069050033682,0.9806215235201541,0.931147340525424,0.9881260137273893,0.8538302836267027,0.9435391793962784,0.9167305843279037,0.9826485279774786,0.9902576796540905,0.8848500287036507,0.636313359813274,0.9644510971063793,0.913451053146003,0.36779059431083294,0.9176509901412551,0.579213576023128,0.8379238689031542,0.931147340525424,0.8788017870199062,0.9055141698506994,0.839320934689194,0.8983688348924415,0.9041731885624822,0.9388056615335194,0.9392419520970223,0.8663081645472799,0.8288884879378056,0.9323252525936638,0.9071820194155717,0.7408562130636973,0.8494889870069657,0.9083575213228525,0.9559401521793898,0.9273099638694315,0.951665055474996,0.9071820194155717,0.9071820194155717,0.9330721994137876,0.8480002345284661,0.9143588156925635,0.9071820194155715,0.9774358012844697,0.9871891849714203,0.9420887388347676,0.960591913596421,0.8509027208379292,0.9871891849714203,0.9171790486927813,0.9549422857308887,0.9442567118679259,0.8929633942348831,0.9071820194155717,0.9259857532324008,0.926279307262579,0.8761425445039137,0.8539781136607394,0.9171790486927818,0.8409246404292203,0.8733964066108943,0.8552596639029448,0.9071820194155717,0.922996537071858,0.8748055425712831,0.6656821916294875,0.9571331628052602,0.9515217879472728,0.9775281885106577,0.895561120377129,0.9071820194155717,0.8553107642121001,0.8022378955510396,0.9071820194155717,0.9454406310460695,0.8578444258896303,0.9670164336971054,0.9424749978863654,0.8422013259235581,0.9071820194155717,0.7509953486501681,0.6959874682439866,0.9421722554388532,0.8411437644733704,0.9249742849271624,0.8547555948174324,0.5038425277579446,0.9004494419178446,0.9987120692432438,0.8599235121346394,0.6095677189071118,0.9878359798431867,0.7443307443432939,0.8297938508874041,0.9779633472556702,0.8822836759018078,0.9949291060968913,0.9364712649059637,0.9071820194155717,0.9806215235201541,0.8201779527396988,0.7307306077997398,0.8901096639134574,0.8970614495800682,0.9390736794276016,0.7182312911265447,0.9102716897738727,0.901237634194086,0.924554456758766,0.9071820194155726,0.9632064435946428,0.9532756058287134,0.8717659040471615,0.9806215235201541,0.7460741665204069,0.9273099638694318,0.8928095235358378,0.9796939340930619,0.7410732095497612,0.9549422857308889,0.9724383613004928,0.8587816473915078,0.8736330304641184,0.8242724495767535,0.8772638514038558,0.921199970294065,0.8948598124012335,0.913451053146003,0.9862580849438627,0.9083555504463323,0.9392304259694947,0.8797557950282513,0.6536870458735631,0.9589992496040742,0.33517335357210276,0.7983332673215386,0.8321262281723181,0.9221138435339999,0.9352547073163471,0.6929208213288314,0.8440345562930198,0.8583829421286902,0.8797557950282513,0.8822836759018073,0.9298713688261908,0.9721111647053092,0.9906289498587706,0.9435391793962784,0.9753714085919833,0.7778288862539043,0.9560815611946234,0.7357134125224756,0.9397118684684787,0.9027145695931778,0.9314059401137063,0.9715107472647035,0.7432586532043088,0.6039652445848922,0.9201228276565452,0.8999561688633488,0.8983688348924415,0.9721405797402527,0.9949291060968913,0.9236430180495616,0.8629508839222024,0.9471424169402959,0.9429458273997116,0.97921403722495,0.8626012630123827,0.7574159272460715,0.9278563015312131,0.8983688348924415,0.9550207222780112,0.9071820194155717,0.9201228276565452,0.9071820194155717,0.9071820194155717,0.8217102144800921,0.8822836759018073,0.9055141698506994,0.9071820194155717,0.8087897070359111,0.7355797068382057,0.8451467479521526,0.8434054116150467,0.988376370414257,0.922837264267736,0.8717659040471615,0.8222019591825751,0.7473263534477854,0.895561120377129,0.9420028716618458,0.9201228276565452,0.4319656480791757,0.8393209346891941,0.7338033825661363,0.8915893040116918,0.8955611203771288,0.901237634194086,0.6923081316885872,0.9660244666247457,0.8553107642121003,0.9987120692432438,0.8878245390380257,0.9211999702940652,0.8772638514038553,0.8904257216519325,0.7579050039302244,0.9454406310460695,0.47104121943186605,0.914753761965559,0.8538985259150689,0.9560815611946232,0.8874576548572419,0.9102716897738727,0.8687762325700643,0.6543554668643139,0.9800694190138084,0.9167305843279037,0.9473396342918281,0.8983688348924419,0.8024867311554537,0.8635432463042103,0.9430441133000051,0.8933032049347235,0.9314943148680687,0.9633423340760361,0.9228372642677358,0.7276382264278985,0.8693583305852735,0.9006279647095821,0.988684601167712,0.95222320376914,0.8265913137152638,0.9071820194155717,0.9949291060968913,0.5472579247528173,0.9728072322506559,0.9385749506272927,0.9211999702940654,0.9390736794276016,0.8943030082151382,0.870246896160094,0.8822836759018076,0.8369091119560217,0.9223125238854549,0.8639598755370592,0.8901096639134576,0.7951280721761333,0.9390736794276016,0.9315707757470981,0.9014920715559221,0.8711916800801187,0.8797557950282513,0.9082043648365359,0.6189441876190895,0.8629541165308836,0.7889474133847747,0.9599126383273618,0.7542685806129337,0.8424894527900242,0.8629508839222024,0.9774358012844697,0.9179356541368899,0.9927718861206729,0.9593501450664064,0.9636710733906704,0.686780379385941,0.9041731885624822,0.886052154411713,0.9098070404912639,0.983902503224694,0.7996014998326038,0.8733964066108935,0.876101778300072,0.8999561688633486,0.9713047430365496,0.9605579000113016,0.9202277241011809,0.8848500287036507,0.9285789674408103,0.9721111647053094,0.9430441133000049,0.960900739115506,0.9311473405254242,0.9071820194155717,0.959343446579475,0.9100181374805536,0.848940818575989,0.9554949901576869,0.9071820194155715,0.6459883662090211,0.9269621053107975,0.9491259459009258,0.9420887388347678,0.9192972430845512,0.9998006870883669,0.634829539717068,0.7290750449032402,0.8084471053983466,0.9008065430119918,0.7511808351853844,0.8658908483620333,0.9201228276565452,0.8929365162866227,0.9297539537367778,0.9987120692432441,0.9232815443360514,0.931147340525424,0.8970614495800682,0.901237634194086,0.9105871713767663,0.8608012562583445,0.8998677823831449,0.9471856021934963,0.893989273521466,0.9367610534105075,0.9236430180495623,0.98718918497142,0.8874576548572419,0.9082043648365361,0.8422013259235581,0.9041731885624822,0.7740783321588789,0.9352547073163471,0.9041731885624822,0.9041731885624822,0.9324288082150871,0.9071820194155717,0.9352547073163471,0.9522232037691399,0.9071820194155717,0.9116474872122649,0.8440345562930196,0.9715107472647038,0.9987120692432438,0.9201228276565452,0.9927718861206731,0.9041731885624822,0.886052154411713,0.7266054142165014,0.914753761965559,0.7623286198180391,0.9071820194155717,0.9034893992932862,0.9560815611946236,0.8013272831316132,0.8259685630435827,0.9307859954902564,0.9236430180495618,0.9927718861206731,0.8848500287036507,0.8451467479521528,0.9510212795701292,0.9071820194155722,0.8972366122080848,0.9388056615335194,0.9202277241011811,0.7867800061973811,0.9376663718600012,0.971510747264704,0.9937656295344353,0.9560815611946234,0.8303886925795054,0.740874925600339,0.9071820194155717,0.9871891849714203,0.9852861529845794,0.9273099638694318,0.9568137209845324,0.9909735478358417,0.8901096639134576,0.7898690145471716,0.9390736794276016,0.8483414581342414,0.8267189832531945,0.9071820194155717,0.9071820194155717,0.8687762325700652,0.7987260345930514,0.8457801448839242,0.9054861327953313,0.7677700366499804,0.9599757108455687,0.9618958038445815,0.8128922085956234,0.9399577791589848,0.818025582156533,0.9071820194155717,0.8878245390380259,0.9949291060968913,0.931147340525424,0.9238875423353756,0.9236430180495616,0.7542685806129332,0.9071820194155717,0.9071820194155717,0.8468039270613524,0.972807232250656,0.8489504319537099,0.9438307679586416,0.9094058344019369,0.9763925012167987,0.8970614495800682,0.8622547711115849,0.7450303468340981,0.8947866472763542,0.9071820194155715,0.9232815443360511,0.8069474869727817,0.9515217879472728,0.971510747264704,0.8352339646544547,0.8929633942348831,0.8366381506443359,0.9293273608862838,0.9102716897738727,0.9901959586988125,0.9071820194155717,0.7840388104848646,0.9825529434724956,0.5384350975366943,0.9679092269673584,0.8905259931782392,0.9632064435946428,0.8262762309308549,0.7892895281944301,0.920122827656545,0.5895310656961139,0.7117388741541159,0.9909735478358417,0.9724383613004924,0.8862848743640495,0.8748055425712831,0.8005665872851739,0.9167305843279034,0.9041731885624822,0.6581504201982227,0.869981611029512,0.8451467479521528,0.9509612716234603,0.9311473405254242,0.9232815443360511,0.9311473405254242,0.9633423340760362,0.8457801448839242,0.9083575213228527,0.5578864256132235,0.9071820194155726,0.9273099638694318,0.9211999702940654,0.8874576548572422,0.8905158525328292,0.8955611203771294,0.9430441133000051,0.9805875322023231,0.5924475890916591,0.910271689773873,0.8343010992388324,0.9027145695931775,0.7397453004675609,0.7929526088469951,0.9071820194155717,0.8682541654104734,0.9871891849714203,0.9197088545467409,0.9273099638694315,0.939957779158985,0.3548435925554192,0.8124056455680664,0.9071820194155717,0.8369091119560217,0.9401883957401405,0.8797557950282513,0.8168957636461949,0.7840388104848646,0.8180255821565332,0.960900739115506,0.7779840249082339,0.7541029144049771,0.643384448922149,0.8981994637419374,0.914753761965559,0.8963924412353323,0.931147340525424,0.9228958077156839,0.972807232250656,0.8370383603659153,0.993765629534435,0.7505128849493488,0.8457801448839244,0.9152147011256733,0.9071820194155722,0.9041731885624822,0.7043613455125195,0.9653395515354386,0.8327414253592278,0.8761425445039136,0.9180913120602142,0.9071820194155717,0.8534563289807661,0.9788362780180855,0.8583829421286899,0.9071820194155717,0.7654999686170129,0.9675804311170673,0.9236430180495616,0.8822836759018073,0.9041731885624822,0.9405148519069519,0.9364712649059632,0.8348842372811727,0.8998677823831449,0.8816232583814045,0.8822836759018076,0.9375484896444446,0.9071820194155717,0.8970614495800682,0.9071820194155717,0.9236430180495616,0.8929088836110013,0.5776838057222404,0.931147340525424,0.8652692287290058,0.8981994637419375,0.47890107769634493,0.9141868065994085,0.9071820194155717,0.7292932745275391,0.7808638502519163,0.9506865184666058,0.9202277241011809,0.897236612208085,0.9609007391155062,0.8629508839222024,0.9171790486927813,0.8736330304641184,0.5761339605777764,0.883619887129421,0.8736330304641184,0.9742054644591546,0.9167305843279037,0.9333393751096142,0.8736330304641184,0.931147340525424,0.9364712649059634,0.9515217879472728,0.8542961702347798,0.9041731885624829,0.8606558839862053,0.9116474872122649,0.5819743866680325,0.9464937950241183,0.914753761965559,0.4352315956071907,0.9027254843534638,0.9819150380375274,0.8874576548572419,0.751003569678546,0.8862848743640495,0.8435746106182993,0.748132538923088,0.864017570415615,0.9799487325991088,0.902725484353464,0.9102716897738727,0.913451053146003,0.5013189687808839,0.8730309725302883,0.8970614495800682,0.8970614495800682,0.5548759851133638,0.9167305843279034,0.9660244666247457,0.9103057985205145,0.35081872514543,0.8733884392963869,0.9027145695931778,0.9202277241011811,0.8434054116150467,0.9841069050033682,0.3762813924750107,0.9071820194155722,0.630415992349687,0.859068586783313,0.8408651185851415,0.5316551736196717,0.8737984632287874,0.9201228276565452,0.9055141698506994,0.8747819468098652,0.29270720591052823,0.9540876754119361,0.8943030082151375,0.9083555504463323,0.8653636365238593,0.7682625606462914,0.8901096639134576,0.8437696731292526,0.9041731885624826,0.870760680222622,0.7985598151568354,0.9560815611946234,0.9102716897738727,0.6095677189071118,0.30781164886165324,0.9560815611946234,0.9285789674408105,0.6885658922716618,0.8585109073518351,0.9390736794276016,0.9390736794276016,0.7153845123431288,0.9926774362356946,0.9165147019879722,0.9987120692432441,0.6847712367512129,0.975430871580292,0.9201228276565452,0.5761339605777764,0.9399577791589846,0.951521787947273,0.9273099638694315,0.6360291385917682,0.9236430180495616,0.7917740909215247,0.9201228276565452
p85_C,0.774204147162977,0.6021810130618106,0.8929170447517265,0.8863529367844877,0.9596571364772952,0.663050244995259,0.9566398223107108,0.9069604641345661,0.8417697283979713,0.934561854210183,0.9128766367598273,0.913733309388403,0.913733309388403,0.2232296079901276,0.9307164569591608,0.8114788487242623,0.7727146715827263,0.7463142775602828,0.7584752352966451,0.6322376206612297,0.9309657142919867,0.9351366270846038,0.8604343420735323,0.9192233962368055,0.9320797389103181,0.8872955140291616,0.49378453072317907,0.8909793814432989,0.6863876863023031,0.6837392609663965,0.8766235303260079,0.9250379219402802,0.905980420499302,0.8664814862756911,0.9164419655193168,0.9312607396704553,0.9192233962368055,0.3938087611692498,0.9380163966266191,0.2953135125988451,0.83449531009486,0.8895085707332924,0.9380163966266191,0.8567411419143387,0.7328675086027917,0.751764579241271,0.9220855717829912,0.8363030843630055,0.885110846748371,0.8220068840377226,0.9250379219402804,0.5047001021881792,0.8872955140291616,0.9035033355391051,0.905980420499302,0.9475238565788602,0.8829528399528481,0.9164419655193166,0.7743343388904207,0.9928378554472403,0.8454542782771104,0.7994903615719007,0.8872955140291618,0.8344953100948598,0.9280917395652362,0.959740565413816,0.9795295863759995,0.8038863353881456,0.9336754438001921,0.6550538936190121,0.26616540018477575,0.885110846748371,0.9164419655193168,0.7148952917141549,0.9164419655193166,0.8132249165650078,0.8986853937484474,0.9500867441565978,0.7284248693131303,0.5490692854586517,0.9382829336530907,0.867083831553702,0.6821838335716555,0.8872955140291616,0.9164419655193166,0.15801802171962465,0.9555096729069269,0.6786363352947036,0.8255485912247713,0.913733309388403,0.9164419655193166,0.34652124159817044,0.6596704856482329,0.8020225374004382,0.8787105864554914,0.8864731575813805,0.2896720240184558,0.8149740971886754,0.7227253438649508,0.7777521474360813,0.9879051267951277,0.7094904890765812,0.4353304701110081,0.6168484612205786,0.8945928003932555,0.9312607396704553,0.3103496791597423,0.7038663980812165,0.8963379163019165,0.7185724959671098,0.3705033051634601,0.7379920830073724,0.9264838450483495,0.9345916001374048,0.9220855717829912,0.9218129312145298,0.7923024174460747,0.9312607396704551,0.9950068763949222,0.8076169421169135,0.8567411419143387,0.36263216649570484,0.3530838089216479,0.8140006252642082,0.812930679089475,0.5976646217937829,0.9192233962368053,0.9585429254696896,0.7923256286306115,0.8605956163602335,0.7906892017727831,0.922085571782991,0.597799619641118,0.9380163966266188,0.9085080245777923,0.6982310253894932,0.845548861956646,0.9318133405341398,0.9250379219402802,0.9110906193450523,0.9655439310201537,0.934561854210183,0.7111948738437315,0.7151668889512357,0.41948122992946746,0.8529358756208603,0.9911165467392382,0.7402112962753109,0.885110846748371,0.6025250403442335,0.9029879488665964,0.84545427827711,0.6037615354082071,0.8269876062062997,0.8363808488504199,0.885110846748371,0.7851827744246879,0.6957865824069006,0.8672198966841804,0.5461630520023786,0.6795217115677477,0.8937024586467951,0.6603716071728494,0.6746551444348232,0.8554484876704809,0.5971649484536083,0.813223649090371,0.8168916294413127,0.9414399550230419,0.8249883989729043,0.6150752113686129,0.9137333093884032,0.8829528399528481,0.7864489187731001,0.962583570126414,0.8464164226395853,0.6550538936190113,0.8301808931874113,0.8373702208118579,0.6792765171761816,0.8548326693528032,0.8400587414468847,0.9556196184821215,0.913733309388403,0.8094841827285858,0.5095380766078779,0.7665073280695918,0.8633928226985459,0.9035033355391051,0.850668070906991,0.9110906193450523,0.841769728397971,0.5872909710885975,0.6727568446562897,0.84545427827711,0.9164419655193166,0.9192233962368055,0.5984259640418201,0.8363030843630053,0.8812047478917701,0.8695195625728145,0.9977164699543988,0.9164419655193166,0.9115857793854762,0.6541743288870725,0.934561854210183,0.9164419655193166,0.8421948095589077,0.8605956163602337,0.9054973831575188,0.8467302863356787,0.9989052539587463,0.955724889671401,0.9164419655193166,0.8038863353881457,0.9164419655193167,0.7468931613609655,0.7558134917412122,0.6476132917660826,0.9164419655193166,0.8547434423416049,0.9164419655193166,0.9374266779798476,0.847309892064888,0.0,0.7958675700045752,0.922085571782991,0.6236045717114358,0.9110906193450523,0.7902806096913588,0.8986853937484476,0.8674533886652147,0.7885491580740229,0.9009152082361706,0.8363808488504202,0.8344953100948601,0.8438537352691284,0.8798779764968926,0.8254108465758394,0.8605956163602337,0.8605956163602333,0.9085080245777921,0.31674944511903635,0.9519642373961463,0.9164419655193166,0.8399399046211,0.9164419655193166,0.6367431879772307,0.4641431497164108,0.9250379219402804,0.8808199067953637,0.6236045717114358,0.9192233962368053,0.8586619077554183,0.8963379163019165,0.26780122636094594,0.975493041049861,0.7717038558391371,0.9220855717829912,0.4133336768314143,0.7889642625662019,0.7437573713597798,0.913733309388403,0.9776784774900422,0.6462967960677548,0.9380163966266191,0.8421948095589078,0.7258618072515541,0.8895085707332926,0.7872396217168485,0.3322768086345568,0.9250379219402804,0.7508076590000272,0.7411506210690892,0.6718862471853557,0.9312607396704553,0.7185724959671098,0.8907153679608859,0.891751906668637,0.5805571688558483,0.9312607396704553,0.7964346518822156,0.7697555580912283,0.977678477490042,0.9810287098593542,0.7356430893312234,0.4331725347212598,0.8664814862756911,0.6825825229535525,0.9110906193450523,0.9220855717829912,0.9397554510393485,0.5852047778408445,0.5516325519413776,0.6686146866445881,0.7612950419868552,0.8114788487242623,0.7013695720426595,0.9653179186519114,0.8674821796907912,0.8526249482427386,0.3531842557352558,0.6455158654829796,0.7120472094320709,0.8574165634704995,0.847649466254242,0.9181909994949607,0.8625429553264603,0.7934079510240546,0.8510501785307238,0.8097356591508629,0.5795091756716715,0.8208596109327629,0.7684080679196981,0.4082391276369908,0.934561854210183,0.9187906400160175,0.7405377519433767,0.8664814862756911,0.9168673858538465,0.8006177118049854,0.922085571782991,0.9164419655193166,0.9250379219402802,0.6506380610479777,0.7463142775602836,0.9312607396704553,0.9280917395652362,0.7083424680646154,0.9164419655193166,0.9678215615187198,0.9312607396704551,0.7770312045318655,0.9070227924758549,0.9193175604521278,0.9015358689505104,0.9250379219402804,0.7258618072515544,0.7232823364271653,0.7105020350056648,0.9059804204993023,0.5138412164768651,0.9220855717829912,0.9246323126477256,0.7256064607423469,0.9035033355391051,0.8529358756208603,0.9480026438367744,0.6143892234809789,0.4066331840738766,0.6718862471853557,0.9882023505376627,0.913733309388403,0.7722675319607613,0.7985180195740552,0.6825825229535525,0.684542914223216,0.5769492631020143,0.9164419655193166,0.8001594614292733,0.8645046537943692,0.7785391203623762,0.8480020154744526,0.934561854210183,0.7455249696999708,0.9164419655193166,0.9164419655193166,0.885110846748371,0.893117002810002,0.4687611596228436,0.9164419655193167,0.6863876863023033,0.916441965519317,0.9164949062751402,0.8308992056894287,0.8585820023484636,0.9971276925647266,0.6980156047865917,0.6274485728815189,0.7341031695427904,0.789619626967569,0.9164419655193166,0.8719206013775154,0.6824742268041246,0.6696699230989822,0.7297162300134514,0.8506680709069914,0.6585038734376767,0.9220855717829912,0.6645398464863974,0.9164419655193166,0.5877333651492016,0.8462388798540708,0.7682410594343818,0.778302680016623,0.9192233962368055,0.8914586939824608,0.43270936218766454,0.9164419655193166,0.8291101870432285,0.7722731073171095,0.9164419655193166,0.9050879833003673,0.6858321280282083,0.8191012604339094,0.585445094977215,0.6746551444348232,0.9164419655193166,0.8965919503844211,0.946867883816612,0.9231480466603461,0.799849768567235,0.8879365219544362,0.8736330304641178,0.8491750256551862,0.48821447395532336,0.9220855717829912,0.8821389927482703,0.8132249165650078,0.614896278735926,0.7780531997475197,0.7074754035183949,0.9336421137244926,0.9291044607799492,0.9250379219402802,0.6796978760310912,0.9164419655193166,0.9653179186519114,0.6563821700075214,0.8997707618247139,0.9382829336530905,0.9762600943374635,0.9110906193450523,0.9209860188224002,0.8579678050497166,0.9110906193450523,0.8012463145695163,0.521760812026965,0.9443995409534844,0.890042618869048,0.6704311646877337,0.9312607396704551,0.7472891252000984,0.934561854210183,0.9443995409534844,0.7902806096913592,0.8781471534634915,0.7732535062261449,0.9345618542101832,0.9879872947483577,0.8909793814432989,0.7266226698789056,0.8895085707332926,0.8986853937484476,0.8399399046211,0.8015964738616883,0.8664814862756911,0.90919810876568,0.8196336035726186,0.5914675323792313,0.9340990416559534,0.9010728262563201,0.8766235303260079,0.49767729016575646,0.6629490670074052,0.4834362608198991,0.9321033235024667,0.8075211231416759,0.8492036529734753,0.8725113072902908,0.891751906668637,0.9641813269710355,0.5798052987015524,0.9010728262563201,0.8166204308597431,0.891751906668637,0.860595616360234,0.6138177575673569,0.5252785195063678,0.9763530278447614,0.9743172559097968,0.6180073508895101,0.8344953100948598,0.9312607396704553,0.9328387520589027,0.9170322411079062,0.6752143570363165,0.93840206185567,0.5734788566830498,0.772714671582727,0.9727541677821405,0.9312607396704551,0.3499368586495347,0.7316189380227607,0.8567411419143387,0.955724889671401,0.913733309388403,0.7093356001992306,0.9789255840610391,0.9085080245777923,0.47801222228566154,0.9164419655193166,0.9280917395652364,0.9164419655193166,0.9164419655193166,0.701834666322916,0.8940275945888627,0.7846135554921012,0.9164419655193166,0.6864950590422626,0.7330717887793445,0.8887315011070401,0.6551231726029942,0.8719206013775154,0.925759678365205,0.6704311646877337,0.8399399046211002,0.7366498014329852,0.9059804204993023,0.8362930332131355,0.9280917395652364,0.9220033199406046,0.6904259624775454,0.8038863353881458,0.9686885474691003,0.905980420499302,0.9519642373961463,0.6306046515568291,0.6752143570363172,0.634502046598491,0.9681385641755447,0.6369111468440553,0.8986853937484471,0.7041285060747047,0.929104460779949,0.7508076590000274,0.6674851115625117,0.8454542782771104,0.8940275945888625,0.897889827165478,0.9220855717829912,0.8986853937484478,0.5014737271081509,0.8907153679608857,0.7647718449416712,0.9492279797357287,0.9250379219402804,0.8877095070326824,0.9085080245777928,0.9365323292446095,0.78253384883855,0.7923256286306116,0.6325932003271151,0.9100752707392668,0.7770312045318649,0.5696213238562602,0.7672051489045668,0.8399399046211,0.631030745131475,0.7368022728899879,0.8473098920648876,0.9417406637775505,0.9164419655193166,0.9250379219402802,0.9194158075601373,0.9164419655193168,0.8962632355928388,0.8986853937484471,0.9928378554472403,0.7135485178554305,0.7562489057874943,0.7552037435002726,0.6786363352947036,0.9345618542101832,0.5952085972463199,0.9010728262563201,0.7803406548170055,0.9110906193450523,0.8217153723718019,0.8599541846919871,0.5204149192100227,0.8326317941568926,0.8988178607857924,0.8251424950065194,0.615267798351498,0.7751614263563298,0.6683119027480326,0.7222276254604909,0.7508185217716746,0.8766235303260079,0.7405377519433767,0.9320797389103181,0.9192233962368057,0.7166347548368698,0.8908821080541922,0.8237753987296021,0.913733309388403,0.6275041449743239,0.6319032541482941,0.9380163966266188,0.8677957404128469,0.9858084434319019,0.6755060170357454,0.8246563573883156,0.8895085707332926,0.8381178223146548,0.7211878719412732,0.8963379163019165,0.8326941341927289,0.9010728262563197,0.913733309388403,0.9250379219402802,0.7770312045318652,0.9164419655193166,0.8664814862756911,0.9687007397570009,0.7201058032758287,0.36672141721601115,0.9164419655193167,0.8533905592738278,0.5622869507975585,0.84545427827711,0.8725113072902908,0.8674433656039866,0.29900856306307844,0.8045211086206911,0.6468154348597621,0.8964863222730702,0.9979499036914311,0.7543140789719041,0.5894829814864477,0.9280917395652364,0.39592704388251676,0.9475238565788602,0.7094904890765812,0.7173661124376681,0.6630502449952584,0.8808199067953635,0.4758051098885381,0.8340216843001688,0.9035033355391051,0.6650500436650673,0.47854564106898667,0.7993787693942598,0.8097356591508627,0.9312607396704553,0.916441965519317,0.9715878604207602,0.6190262753839348,0.6746551444348232,0.913733309388403,0.9795295863759996,0.9085080245777921,0.913733309388403,0.913733309388403,0.8664814862756911,0.9164419655193166,0.9085080245777923,0.8473098920648877,0.9164419655193166,0.5570154949824228,0.6603158918920007,0.9312607396704551,0.9220855717829912,0.9280917395652362,0.9192233962368055,0.913733309388403,0.6275041449743235,0.7665073280695918,0.8940275945888625,0.7384325449374185,0.9164419655193166,0.6788736167489666,0.7094904890765813,0.891751906668637,0.6976433105542652,0.752502635184174,0.655053893619012,0.5905972465935421,0.8963379163019165,0.717366112437668,0.7462438576140663,0.9971276925647266,0.8887315011070402,0.5341018228897094,0.9996261319100789,0.9111672445718759,0.7640362071727458,0.9653179186519115,0.8526249482427384,0.9220855717829912,0.4682885095551238,0.7796562783546102,0.9164419655193166,0.7810518377748348,0.8965794453006632,0.934561854210183,0.7000600918606847,0.971950486482402,0.8756665293630569,0.8067893706014562,0.9110906193450523,0.7492221027701064,0.6827987734874086,0.9164419655193166,0.9164419655193166,0.9143558464851285,0.6983018537039374,0.2940426370163318,0.6820860673854008,0.805122541654671,0.698879380093673,0.6351057609044437,0.6893051960971961,0.8734463907380392,0.7866068806330608,0.9164419655193166,0.836303084363005,0.9250379219402802,0.9380163966266191,0.563092065508971,0.9312607396704553,0.7222276254604909,0.9164419655193166,0.9164419655193166,0.6652015764223693,0.6514063249009001,0.78975373321963,0.9715878604207602,0.6205398446032752,0.9589999745462268,0.8808199067953637,0.891594428112133,0.7276713922215285,0.5814217340503992,0.9164419655193167,0.6329584581972487,0.6999427316974836,0.9192233962368055,0.9312607396704551,0.8593611498612634,0.7972223696823334,0.6873253311116849,0.6180073508895099,0.9192233962368055,0.8713488676698922,0.9164419655193166,0.7148952917141549,0.7617540162550991,0.83449531009486,0.7979496700862896,0.779187535968598,0.9035033355391053,0.8436077083923401,0.4689320494335927,0.9280917395652362,0.7837905522090249,0.7734332188743887,0.9085080245777923,0.9887119198512566,0.932795246271596,0.8872955140291614,0.6923036463066834,0.9250379219402802,0.913733309388403,0.795867570004575,0.8829528399528481,0.6892302276908617,0.9300253317004235,0.9380163966266188,0.6048225734504422,0.9380163966266191,0.9380163966266188,0.803464671347254,0.8684742769407376,0.8291101870432285,0.9164419655193168,0.95713801450767,0.8986853937484474,0.8986853937484474,0.5405854675169847,0.9059804204993025,0.913733309388403,0.9475238565788602,0.8255485912247711,0.9192233962368053,0.7504622103764781,0.8645046537943692,0.7093356001992306,0.6726509912405059,0.9164419655193166,0.29900856306307855,0.9164419655193168,0.6913393604255071,0.934561854210183,0.97503712153604,0.9606559814622546,0.7467430838366734,0.9164419655193166,0.6786363352947036,0.56962132385626,0.8917519066686372,0.6806137192828037,0.7148952917141549,0.6923036463066834,0.9250379219402802,0.7455911134741768,0.8845859709276045,0.6806137192828037,0.7083757831105892,0.5096656801626661,0.46724926819141155,0.7200407247635617,0.685050011118099,0.6514063249008999,0.9068614220260414,0.9506768980005937,0.7348629285023349,0.8399399046211002,0.5964490664546969,0.9164419655193168,0.913733309388403,0.7402112962753111,0.9168976947766094,0.6345020465984912,0.6325932003271153,0.592734934095654,0.9164419655193166,0.6520690872816961,0.7960663611529744,0.16294566900882235,0.9164419655193166,0.7366498014329852,0.7050135693165611,0.9312607396704553,0.8940275945888627,0.913733309388403,0.7348942584837231,0.8872955140291618,0.7763122826137351,0.7296210602910799,0.8757298482658951,0.7201268773091868,0.553270479082296,0.9164419655193166,0.944446698490097,0.9164419655193166,0.9312607396704551,0.5373625114685425,0.8097356591508624,0.9380163966266191,0.8787105864554916,0.61489562061747,0.8436077083923406,0.8725113072902908,0.9164419655193166,0.8014543455952765,0.7436634291646809,0.6216801696248051,0.9384986992079645,0.8605956163602342,0.9795295863759996,0.8766235303260079,0.8745574900762874,0.8625429553264601,0.8237753987296021,0.6485932504551866,0.8625429553264601,0.932795246271596,0.45465088211553883,0.8114788487242623,0.8625429553264601,0.9380163966266191,0.8872955140291618,0.9192233962368055,0.7755766588857207,0.4563929863666273,0.8745574900762874,0.660371607172849,0.9166733840192726,0.8605956163602342,0.8940275945888623,0.8586619077554183,0.885110846748371,0.913733309388403,0.935136627084604,0.8599289566245416,0.46436536391534977,0.9392178238502193,0.7452506409694464,0.8548326693528032,0.9383863934591393,0.557577717607735,0.9192233962368053,0.9220855717829912,0.8381178223146548,0.8376148136650582,0.8808199067953637,0.6737925513415032,0.9366432307997559,0.9250379219402802,0.9280917395652364,0.9011341752291004,0.8787105864554914,0.7123995085162182,0.9917486808400418,0.8766235303260079,0.8590280036974465,0.5675347445720573,0.9966794629726075,0.9164419655193168,0.8678185563420038,0.5807221851502266,0.5918788345234054,0.861388120972193,0.8930802351117624,0.9280917395652362,0.9299906214221879,0.9494308298420424,0.8872955140291616,0.9085080245777923,0.807642570706756,0.7172878978802193,0.8967618383232809,0.864980358709639,0.6896159923792047,0.8428418457522013,0.5403761469326235,0.9423299627452243,0.6825935304367725,0.922085571782991,0.9192233962368055,0.8132249165650078,0.8808199067953633,0.6634374966840285,0.8821389927482706,0.8169712959496189,0.865664835975178,0.8027940542972899,0.9519642373961463,0.782102575392696,0.7981797567600845,0.7779935696307081,0.847649466254242,0.7682410594343818,0.7292756819664667,0.9280917395652364,0.8237753987296019,0.6025377752767036,0.6797207660789336,0.934561854210183,0.9820489050807295,0.9312607396704553,0.8236810767198012,0.9280917395652364
p85_F,0.699871079103348,0.974033410928026,0.3479759855732635,0.9966981620157498,0.875911018859066,0.9958823419075238,0.801669091625379,0.8180187634359795,0.7650180104070297,0.9028202028772292,0.7737329690747576,0.8718884926994315,0.8718884926994317,0.8339245745794139,0.9276413603115543,0.7844113108154713,0.9870908251894734,0.7562373866524366,0.8979178384019251,0.9445948948871477,0.5231174188185579,0.728647757727944,0.9138316707351936,0.9487969858083063,0.7679165976578787,0.832626689688744,0.8948691662912509,0.8397427871009941,0.9028202028772294,0.6798884400653258,0.9122467407990313,0.925487806971186,0.5994393360160557,0.8017165382781779,0.9092498603831318,0.8627254048875944,0.6386708187162212,0.9203955946179487,0.907950417481102,0.8799640058421601,0.4197501648546963,0.8359132192646181,0.9079504174811017,0.7872515090888961,0.8641286133251769,0.5408555997735802,0.6893705290986214,0.7568996972756219,0.6900916662608548,0.7356689330100845,0.8886765593703843,0.4847409941132741,0.832626689688744,0.8566963326642261,0.8603749609471993,0.5262397455507943,0.9496592105739329,0.8759110188590655,0.7223696266033923,0.6275172927294359,0.7704898006819789,0.7216021680423451,0.8583226849174206,0.5734310573796778,0.9697201927784762,0.7628495065581307,0.8168334598231987,0.6796067958731811,0.5896713053773944,0.8979178384019251,0.8995282232105677,0.4371832380861562,0.875911018859066,0.5766014245122983,0.8759110188590655,0.2451953128624188,0.6442855859758605,0.831145301183807,0.7745178422072394,0.9079504174811017,0.8530868722164207,0.8949710728114781,0.8198775277151973,0.7048453961950845,0.8759110188590655,0.7987808166564554,0.9620242791810867,0.9995198738172921,0.9249702288317225,0.8718884926994317,0.8759110188590655,0.9189399492934154,0.6972468596514845,0.739767083414038,0.8198775277151973,0.7568996972756219,0.8752826115015715,0.1293919135846322,0.5746671355883906,0.630414836721074,0.8749381285110256,0.9908764668187224,0.8759110188590662,0.8593927271743953,0.9349959627599527,0.6632614409621944,0.9627597460625128,0.5048533819155614,0.846055230607236,0.641453688138788,0.9646691890786379,0.888162112408833,0.5720365637355305,0.7871059938158683,0.6538424175338822,0.4706257126987867,0.944699141362076,0.8979178384019255,0.7842878470264185,0.6532485721595473,0.7872515090888959,0.9324146569619929,0.846055230607236,0.8645124288918489,0.9618053484818471,0.9948413456308378,0.6042931357599317,0.6929966683633071,0.9366782695007883,0.7929756481234906,0.6891601884219123,0.6538424175338808,0.9622990545719885,0.9079504174811015,0.8899469629462303,0.8108590141818732,0.7217168229654849,0.8536447074240006,0.6695884694199903,0.8679639303639393,0.39368792690965826,0.6794328770235862,0.9250939534994769,0.7312696833196475,0.8147078678334696,0.7816004472818274,0.7567377547290823,0.6141972970346388,0.8293823202072206,0.6104242161333068,0.8883063370731794,0.7704898006819783,0.9002163215676355,0.5970170164821351,0.925487806971186,0.8293823202072206,0.9304030195117672,0.8232044555842626,0.8719685131775909,0.8616211489063588,0.6733537479415969,0.9380673100517982,0.9987152424808745,0.531265523112594,0.323122910719275,0.9847563445133288,0.8531512826607781,0.6118512805109232,0.7445828254208205,0.6680656726241985,0.9734447923819873,0.5773984044890325,0.9994732652825372,0.7359184405414033,0.9811665513266853,0.9051510184869359,0.9378106311870051,0.8662388055868773,0.9910873550880803,0.9214495585221161,0.9950367620691121,0.9258254956776857,0.9496592105739327,0.8718884926994315,0.7671844624213064,0.9498405638348906,0.6849630575464474,0.7595946982394148,0.8566963326642261,0.9079223191452046,0.8679639303639388,0.9234677961065929,0.4492272221755427,0.5581054227024054,0.830893624674238,0.8759110188590655,0.8800416198957273,0.8679639303639388,0.7568996972756219,0.4556592580038845,0.7723231362667502,0.8718884926994315,0.8759110188590655,0.1873100896846166,0.601112510348834,0.9028202028772292,0.8759110188590655,0.6975915697453738,0.7929756481234909,0.7582194830075,0.6822851615705006,0.5733190286858576,0.9013472884958185,0.8759110188590655,0.6480911493454017,0.8759110188590656,0.830863516221664,0.5474485052131022,0.5757971380510365,0.8759110188590655,0.7304467201657969,0.8759110188590655,0.6647316525173191,0.94245245767156,0.7958675700045752,0.0,0.8842921321245036,0.4410289149006865,0.8679639303639393,0.8597107656371841,0.8495413835116425,0.9677602953515634,0.8083061376433993,0.7945333369991232,0.8904559550248031,0.754215037823528,0.8241238792248222,0.7464500220727756,0.7965935712262909,0.9465553225279204,0.7929756481234906,0.8641286133251769,0.897017902934176,0.9310287774772668,0.8759110188590655,0.7623006060359168,0.8759110188590655,0.6794518474549591,0.7929756481234906,0.8886765593703843,0.8230100022103346,0.4553315918617157,0.8800416198957273,0.8115868335393228,0.49218218927581536,0.9227199417794862,0.9746761314564315,0.6769812069335601,0.8842921321245036,0.9527159259543359,0.5316816470716363,0.6347514153237486,0.8718884926994317,0.8932116722416492,0.7646324911377732,0.907950417481102,0.8621267004323281,0.9518731353524843,0.9665354521251555,0.8356133469333675,0.8627696708413564,0.888676559370384,0.6453782770392344,0.7205784572743925,0.7437184983206536,0.6632614409621944,0.5969101515845301,0.8760354295763377,0.8683926516345662,0.779093388482677,0.6632614409621944,0.7705048112870889,0.6333079215492963,0.9314659325100627,0.3711292893657473,0.9966981620157498,0.8842921321245036,0.6150888371223688,0.57203656373553,0.564452445616108,0.6183143059691418,0.9735954216165379,0.39839402464695306,0.8979178384019251,0.9108264901749585,0.6612178445029009,0.0941746072730405,0.6347514153237486,0.8979178384019251,0.9907336150446706,0.9305456914770995,0.8679639303639388,0.9254878069711863,0.531265523112594,0.7706125802606785,0.9380673100517983,0.7406733518957958,0.795867570004575,0.4594725813387093,0.7994712074340724,0.7174453857111875,0.7724915154839473,0.8042745842288443,0.853547931724999,0.9062939074512161,0.8047569530533425,0.7848242336194751,0.9445948948871477,0.8618250244529061,0.7929756481234906,0.621736874315845,0.8842921321245034,0.8759110188590655,0.8886765593703843,0.7819505809115692,0.9611066658321248,0.6632614409621944,0.8932116722416492,0.9690731579014669,0.8759110188590655,0.8506369201724969,0.8979178384019251,0.9079504174811015,0.67596187575061,0.5627835113201534,0.9215494939883898,0.888676559370384,0.6078451348252181,0.31919712559519386,0.846055230607236,0.8603749609471996,0.5990814953656518,0.8842921321245036,0.8017165382781775,0.3552439958979533,0.8566963326642261,0.7816004472818265,0.828253809239631,0.47027980121480306,0.8690082257319605,0.47196763606109937,0.6747630921837107,0.8718884926994317,0.8306273431332842,0.9082999499128306,0.5430887968195115,0.5460141960929126,0.33001353883631057,0.8759110188590655,0.6585845925176748,0.8209598208811348,0.986219679790032,0.9128921284227086,0.9028202028772292,0.6374141836127909,0.8759110188590655,0.8759110188590655,0.8293823202072206,0.7650180104070294,0.8987319699260303,0.8759110188590656,0.9028202028772294,0.9240559319965391,0.9501914227482252,0.1905511257773107,0.5150983350559768,0.7573617243762103,0.9978652778781733,0.8495413835116428,0.2901213591748968,0.38187547987120185,0.8759110188590655,0.14638401802127943,0.9933060469384616,0.4686792310021044,0.5038458406569626,0.8565466734132394,0.8134510883663686,0.6183143059691417,0.516193047531301,0.8759110188590655,0.40213956959969666,0.8326266896887444,0.8510057459756496,0.7458801807888178,0.8800416198957273,0.29491157113182787,0.8603749609471993,0.8759110188590655,0.7462177885231038,0.5372020077044903,0.8759110188590655,0.837263016912738,0.513136731703363,0.24466698258944175,0.3427923331431345,0.531265523112594,0.8759110188590655,0.975885896619335,0.6638489726092911,0.9920255469531101,0.9491892571115328,0.67824804670541,0.7935527932460542,0.776015346538792,0.8775981004206819,0.6183143059691427,0.8469021918494404,0.7404233186480342,0.9779265190687878,0.6559489803045961,0.8426938595494913,0.2061901133649955,0.8426242563237651,0.6327772218191885,0.8840186801460965,0.8759110188590655,0.9425109904577548,0.8504314968953357,0.77585561126382,0.8530868722164204,0.8824762687487987,0.8679639303639393,0.988434834903237,0.9144193028520167,0.8679639303639393,0.9392053703799945,0.8759110188590662,0.9672980499400738,0.21420131396346942,0.9036615728941475,0.8979178384019251,0.6400727678643532,0.9028202028772294,0.886030602230176,0.9508660665197834,0.7732825837544883,0.9901450030984478,0.9300810290830976,0.5962398405547661,0.8178051785527847,0.7906502378950839,0.8359132192646181,0.6442855859758625,0.3141505748084268,0.8842921321245036,0.6599499620915574,0.9078959303485099,0.6885272298537122,0.8392447154194034,0.8502655956516421,0.8530868722164204,0.816778116984666,0.8058039801677697,0.7447309829031821,0.9527049510094319,0.9821686218444525,0.9683567445504011,0.8115770220481203,0.8106712049456517,0.8392447154194036,0.8426242563237654,0.3343107153651754,0.8530868722164204,0.3344733621293905,0.8392447154194038,0.7294977980707632,0.8689721007263995,0.9198202436892431,0.9794422037446149,0.4639316736564175,0.9762128504538934,0.7926352609547735,0.8979178384019251,0.9075281841024987,0.7723231362667504,0.8932116722416492,0.9494308298420422,0.8948691662912509,0.7977253040480088,0.888676559370384,0.8979178384019255,0.8883795848454401,0.3181641338044048,0.4683536654187622,0.6745830696910684,0.5773984044890327,0.5683449299713152,0.9153965235917709,0.8641286133251764,0.6980050106116458,0.8759110188590655,0.6859914648058022,0.8759110188590655,0.8759110188590655,0.5718474212595184,0.8426242563237651,0.9291167119066894,0.8759110188590655,0.5489279346020784,0.618674570096684,0.7929756481234908,0.7652696348073742,0.16371605642362008,0.44762258989351755,0.8640491264692567,0.7623006060359176,0.6240540765924596,0.8603749609471996,0.9214495585221161,0.8932116722416492,0.7987808166564547,0.657902436554479,0.6638489726092913,0.7536130758506902,0.890385277782574,0.8994963539206025,0.9678652446531659,0.9920255469531103,0.9152165115263032,0.6538424175338822,0.9310689617816159,0.8495413835116423,0.8359132192646184,0.5891062401471376,0.6608229862892356,0.8800997741573948,0.7704898006819789,0.8426242563237647,0.8046759588149295,0.8842921321245036,0.8495413835116425,0.8800416198957275,0.9306187823126197,0.6506712696359855,0.43690475493510306,0.8886765593703845,0.5747883779683962,0.8641286133251769,0.8471476995386877,0.5996462427982482,0.9366782695007883,0.4686792310021044,0.4542230608448323,0.995882341907524,0.3753207381277608,0.640072767864353,0.762300606035917,0.4264350080273648,0.8692513773147479,0.7732455048551017,0.8342198666839964,0.8759110188590655,0.6327772218191885,0.8178051785527845,0.8759110188590662,0.44216841443035015,0.8495413835116428,0.8679639303639388,0.8897627077088145,0.4439246409539226,0.8426242563237649,0.5372020077044908,0.7212075690335051,0.5567778541287909,0.8530868722164207,0.7064028935705393,0.8679639303639393,0.9203955946179487,0.712619043414549,0.9015044103520695,0.9721368213039625,0.5057615267962998,0.72437273982101,0.4754685939756905,0.6661004570293758,0.9811610381549327,0.6321943261490883,0.4902147987195907,0.8406452729382574,0.9445948948871477,0.9609306835253212,0.9144193028520169,0.4869987292750617,0.7819505809115688,0.7567377547290828,0.8718884926994317,0.5495844984780296,0.4472809634119005,0.8282538092396305,0.7217168229654847,0.8842921321245034,0.9096758377798542,0.7873178675794424,0.6154734027211257,0.837589459212464,0.8729488556186467,0.846055230607236,0.8479393617955115,0.5440836406385613,0.8718884926994315,0.6695884694199903,0.9079504174811017,0.8759110188590655,0.8017165382781779,0.41906855182082736,0.7023015148576162,0.9910873550880803,0.8759110188590656,0.7849022439599755,0.5734232104999948,0.7704898006819785,0.9966981620157496,0.24467082897069492,0.9739212541784146,0.7963616394359436,0.6058770673168115,0.6615909719681494,0.9315666646613372,0.6661986578008465,0.7933620671117684,0.6477372045373879,0.9232997959536475,0.974566237928235,0.8842921321245036,0.9899668274193519,0.9079504174811017,0.8230100022103346,0.8679639303639388,0.995882341907524,0.5272840064508248,0.9507126800088579,0.9092498603831318,0.716336413678154,0.10314304246818162,0.8979178384019251,0.8759110188590662,0.8495413835116423,0.4485361889282009,0.531265523112594,0.8718884926994317,0.8904559550248031,0.8641286133251762,0.8718884926994317,0.8718884926994317,0.8017165382781777,0.8759110188590655,0.8641286133251769,0.8138600816370072,0.8759110188590655,0.8392447154194034,0.9151986539065871,0.8979178384019253,0.6183143059691427,0.9314659325100627,0.8800416198957273,0.8718884926994317,0.5064665390630753,0.6691058148529971,0.8426242563237649,0.6267357916702168,0.8759110188590655,0.9018378808896544,0.9198202436892431,0.602608439865447,0.5962033292826145,0.7732921288675316,0.8979178384019253,0.9144193028520167,0.8736286714454422,0.7929756481234909,0.9287755531218542,0.75736172437621,0.9449159152435009,0.8535943031590456,0.9684174794330119,0.787603959468457,0.9746761314564315,0.9378106311870051,0.9430000944355513,0.6893705290986212,0.813860081637007,0.6446275829113299,0.8759110188590655,0.9759275434312635,0.22509629112862295,0.9028202028772292,0.5519312302151584,0.6747630921837111,0.967911536434519,0.5858555644402987,0.8679639303639393,0.5038790699036041,0.48813616483205724,0.8759110188590655,0.8759110188590655,0.7901039681936519,0.9302204657932788,0.7819505809115685,0.6789885155439375,0.6374141836127909,0.5032276744120499,0.36117562844539,0.5252772521867521,0.9550912081585222,0.5576016614550079,0.8759110188590655,0.7568996972756221,0.6327772218191885,0.907950417481102,0.47372725491834156,0.6632614409621944,0.6023917121846691,0.8759110188590655,0.8759110188590655,0.4620449409169094,0.9907336150446706,0.4960310458409629,0.5880441381411395,0.6064022699029112,0.3044894954609584,0.8230100022103353,0.9576332886921313,0.6405360382508014,0.6971157462771993,0.8759110188590656,0.9248495700822046,0.5690182055280784,0.7418038675850898,0.8979178384019253,0.8472003048048289,0.7585628910189457,0.7816004472818272,0.998391854678573,0.8800416198957273,0.27829105857108116,0.8759110188590655,0.5913986928563411,0.9572501368720675,0.7542150378235282,0.8264645922050259,0.6140047444513663,0.8566963326642261,0.7877152074007543,0.7618846388841222,0.8932116722416492,0.8117077252564737,0.6796047038140105,0.8641286133251769,0.8047569530533426,0.8804313138469384,0.8326266896887446,0.6449032413785327,0.8886765593703843,0.8718884926994317,0.8999386440331318,0.8261775432373464,0.9449159152435009,0.8535943031590454,0.9079504174811017,0.8146814005692065,0.9079504174811017,0.9079504174811013,0.8643498713266903,0.8727548541805932,0.7650269940759142,0.9092498603831318,0.8465316450632607,0.6442855859758614,0.8495413835116428,0.7529248875760903,0.6294496528514313,0.8718884926994315,0.8510845705916488,0.7780509459760518,0.8800416198957268,0.6644710741162808,0.798780816656455,0.8923309349134803,0.8309307226269786,0.8759110188590655,0.9006128476650825,0.9907336150446706,0.6154482062309772,0.9028202028772292,0.8359132192646181,0.8392447154194045,0.8319006829462411,0.8759110188590655,0.5372020077044906,0.3753207381277607,0.839244715419404,0.5401514853858878,0.5913986928563411,0.5576016614550083,0.6695884694199902,0.5949834315675442,0.8059973731755319,0.6500677748376351,0.6177615663050744,0.9508660665197832,0.9256335585663207,0.9079504174811015,0.9408921232841982,0.9907336150446707,0.8670117646927024,0.9177092516180816,0.621367075638847,0.7623006060359172,0.35932517369369643,0.875911018859066,0.8718884926994317,0.6294124399729841,0.34607564585186856,0.9904533337375461,0.4686792310021044,0.4095497256044145,0.8759110188590655,0.4833005259759857,0.12434808313613621,0.8106712049456519,0.8759110188590655,0.6240540765924596,0.8603749609471993,0.6632614409621944,0.8426242563237651,0.9042833811001103,0.5456115971916631,0.8326266896887444,0.9761405117303412,0.8261775432373464,0.9166942957837011,0.9138316707351936,0.3656788528215209,0.8759110188590655,0.8475528129637404,0.8759110188590655,0.8979178384019255,0.9284649514206409,0.7174453857111873,0.907950417481102,0.8198775277151973,0.6898779146595093,0.7677475272784611,0.6777546631115794,0.8759110188590655,0.6051218310932238,0.5921605102875815,0.8213470820668481,0.968417479433012,0.6860862931793323,0.8536447074240011,0.7774802318042815,0.8137099161685826,0.8178051785527845,0.7382952895012602,0.4095497256044144,0.8178051785527845,0.4917277060414825,0.888676559370384,0.09417460727304028,0.8178051785527845,0.907950417481102,0.9618053484818471,0.8800416198957273,0.8198080648432882,0.9042833811001101,0.8372630169127382,0.9189799789501387,0.7356689330100841,0.33879425404788044,0.8696847088727695,0.7901039681936521,0.8293823202072206,0.8718884926994315,0.8776621074290034,0.7145931608101814,0.9102883594492021,0.557951143246401,0.652718352285296,0.7844173062840054,0.42502972349968826,0.8546731630246904,0.9144193028520167,0.6538424175338826,0.8765868396989882,0.9265403585721648,0.9070190795022042,0.9806475117624204,0.834308259278286,0.7063997170207924,0.6477372045373888,0.893017634506758,0.8198775277151971,0.9672905237132279,0.8209598208811351,0.7774802318042814,0.8121213438799926,0.9287755531218544,0.8137099161685828,0.6240063582799463,0.8717951086889968,0.9051510184869356,0.9787958314706541,0.7568996972756217,0.7634945723456452,0.9537712866846967,0.8618250244529062,0.8830146231721034,0.832626689688744,0.9821686218444525,0.8655660606608155,0.8118453725203965,0.8695542441843316,0.8845381233999124,0.831145301183807,0.8640709933355832,0.9042833811001099,0.8374334962343843,0.7420279463762998,0.973595421616538,0.7074261846288,0.7404233186480342,0.8230100022103335,0.8842921321245036,0.9994814150269646,0.6661004570293754,0.8397728114392751,0.9625612010339306,0.7536469869560927,0.6200509771706828,0.9455584001270507,0.7268000471971232,0.9553483552539828,0.6558232732037517,0.7886573881038301,0.6859914648058022,0.73829528950126,0.8881621124088332,0.9487969858083061,0.9028202028772292,0.7554308868229087,0.8979178384019255,0.8061170831057414,0.6859914648058022
p85_L,0.9500768485786423,0.9453030402757778,0.8991086132420372,0.8281884330418336,0.9526370111116407,0.9648659912110238,0.7871715338102266,0.8280828466993297,0.910310736217455,0.9629078616894173,0.9439253608596803,0.9511016704226432,0.9511016704226432,0.9746338287409402,0.7329834135905953,0.8931410336709438,0.9227946422906833,0.9361160018916062,0.9552175050422179,0.9629078616894173,0.917028522597876,0.7622627557684603,0.9967391619170713,0.9542136024350834,0.7693378488114864,0.9361160018916062,0.8582618811750676,0.9220855717829908,0.9493957255905625,0.8492555420838777,0.9300668284196516,0.957509435301382,0.9467071200650463,0.6518914326351071,0.9526370111116407,0.7877259137311909,0.9542136024350834,0.9467071200650463,0.9648659912110236,0.9348776724743584,0.6502130055679132,0.9373704232137268,0.9648659912110236,0.9187969445925777,0.9481398354780852,0.7541968808733645,0.9695808922938259,0.9072120922355345,0.5341989183880225,0.8991086132420372,0.957509435301382,0.9897853882679539,0.9361160018916062,0.9453030402757778,0.9467071200650463,0.933654454952398,0.5434794638391194,0.9526370111116407,0.8471182680454903,0.9496037211238533,0.912399240286141,0.8446301476237548,0.5783982063611892,0.9061873961293254,0.23769886358458503,0.8362973223813353,0.957509435301382,0.9649212652990378,0.914359836891429,0.9610366993022685,0.928771638889243,0.9348776724743584,0.9526370111116407,0.8383948208633001,0.9526370111116407,0.8941307528793181,0.9425720985427188,0.8752885460677956,0.8661586408023221,0.9648659912110236,0.9439253608596803,0.994437324868074,0.9671595166054916,0.9361160018916064,0.9526370111116407,0.8905634939977788,0.998394872319517,0.8178422485024102,0.9011161501496319,0.9511016704226432,0.9526370111116407,0.6007351226801825,0.8133482612876616,0.8976747065462736,0.9671595166054915,0.9478374857144208,0.6467785536624366,0.8951222364985463,0.8320602288053403,0.8309916996778286,0.5434794638391192,0.9695808922938258,0.9773757151292213,0.8327521665896493,0.9467391969089458,0.9610366993022685,0.9586574227081354,0.8110096194294094,0.9412414838519028,0.8404791612293148,0.6893705290986212,0.9922127245794845,0.850463664442046,0.650485538117137,0.9558359621451105,0.8880802730255812,0.9931163690142986,0.9610366993022685,0.9428375253830149,0.8676499406085261,0.9919066722185294,0.7353220140715184,0.9991256173192247,0.9196222638329763,0.9361160018916064,0.7719452573794068,0.9542136024350834,0.8705954752723886,0.9511016704226432,0.920981766572726,0.8813568907853968,0.9558359621451105,0.957509435301382,0.9648659912110236,0.40653255336575644,0.984448147018685,0.8872325694620835,0.8879369722234249,0.957509435301382,0.9496037211238535,0.8788669278270553,0.9629078616894173,0.8362973223813355,0.665715625741679,0.6540395853328665,0.9166400151447349,0.9388267942128115,0.852744627559685,0.9348776724743584,0.7747002761065518,0.8616993128705421,0.9123992402861407,0.8365990563074835,0.9255818465700858,0.9652137684610214,0.9879700133881206,0.5879968050127533,0.9198856874256709,0.8666662211060931,0.6238609283942569,0.7849210348604752,0.969580892293826,0.994437324868074,0.8155856001785131,0.9836644955542195,0.6173845042914743,0.8705954752723888,0.9061873961293254,0.9671595166054916,0.8879294594533991,0.9277359074596554,0.9511016704226432,0.933654454952398,0.7320261013979326,0.863708282603777,0.6117390277858334,0.9610366993022685,0.879401574066015,0.7410815567472532,0.8941307528793181,0.9619299081647257,0.896115621301983,0.80491250444336,0.9511016704226432,0.868632667163505,0.8074829822785129,0.9342272501200426,0.9491737766988708,0.9453030402757778,0.9288957400617388,0.9842011665427952,0.9103107362174552,0.9576605453602833,0.834071026591791,0.9123992402861407,0.9526370111116407,0.9542136024350834,0.9496037211238535,0.9072120922355342,0.964188839071413,0.9760557307924651,0.9511016704226432,0.9526370111116407,0.9464349702585149,0.9251728519918048,0.9629078616894173,0.9526370111116407,0.938812001391365,0.9878857063735191,0.8941307528793181,0.8998492893872082,0.7113892428807502,0.43684738919523125,0.9526370111116407,0.8656814261022985,0.9526370111116407,0.9619311600645907,0.9766135065676136,0.9727606595064471,0.9526370111116407,0.8604381342419636,0.9526370111116407,0.7871715338102268,0.9560815611946234,0.922085571782991,0.8842921321245036,0.0,0.7866487334406873,0.9496037211238533,0.9967391619170713,0.9425720985427191,0.6226527041480248,0.8665888856018398,0.9243180392978654,0.957509435301382,0.9061873961293253,0.8981086621953582,0.9092735418441047,0.9765777693608293,0.9665480300996034,0.9209817665727258,0.9481398354780852,0.586707233168503,0.9496037211238535,0.9526370111116407,0.9092735418441045,0.9526370111116407,0.7514730454359495,0.8967531793197643,0.957509435301382,0.9324454498571317,0.7866487334406873,0.9542136024350834,0.9198856874256709,0.9412414838519025,0.7514472996218442,0.8150265150436211,0.8705954752723888,0.9558359621451105,0.6307998390962057,0.8803791478671705,0.8547546403115025,0.9511016704226432,0.9592404230051592,0.7231456517202983,0.9648659912110236,0.8446109430683042,0.8760112958426578,0.9373704232137268,0.8794015740660148,0.6568854818443879,0.957509435301382,0.85875093698411,0.8110096194294094,0.9067495314528173,0.9610366993022685,0.8404791612293148,0.9198856874256709,0.5592001372731485,0.887094058700898,0.9610366993022685,0.8617298618427942,0.8878396061803597,0.799841362971764,0.9051664401581994,0.6329279054430248,0.9558359621451105,0.9243180392978654,0.8200790560505895,0.9496037211238533,0.9558359621451105,0.9695808922938258,0.7648826756137939,0.9552175050422179,0.8121617028001504,0.8646954736999413,0.8931410336709438,0.8868482411505496,0.7877259137311909,0.5574520725743927,0.6403836002155456,0.9496037211238535,0.957509435301382,0.8155856001785131,0.9452045885097757,0.8204146011716987,0.9058453047843559,0.922085571782991,0.8048222124436131,0.9155711502428494,0.8921529459435535,0.7378604117312431,0.8321895668825325,0.8781849073732375,0.6277572448391828,0.9493957255905624,0.9103107362174552,0.9629078616894176,0.6518914326351064,0.920981766572726,0.9589654814068507,0.9558359621451105,0.9526370111116407,0.957509435301382,0.9092735418441045,0.4705124748618099,0.9610366993022685,0.9592404230051592,0.91288700949244,0.9526370111116407,0.9412414838519025,0.9610366993022685,0.9648659912110236,0.9957658420390977,0.7937740955279327,0.5034048200408017,0.957509435301382,0.8446109430683042,0.7543153079381834,0.9412414838519025,0.9467071200650463,0.7021249138262726,0.9558359621451105,0.9243180392978654,0.7483585156811929,0.9453030402757778,0.9166400151447349,0.9648659912110236,0.7814252209615566,0.698979269086998,0.7929984735168571,0.9873274034062991,0.9511016704226432,0.9748006002614296,0.6981683188457646,0.8200790560505895,0.8211902596649276,0.7386871664249508,0.9526370111116407,0.863708282603777,0.9231975163531971,0.5028881028376951,0.9231975163531971,0.9629078616894173,0.8557565635983035,0.9526370111116407,0.9526370111116407,0.9348776724743584,0.9103107362174552,0.730606160773086,0.9526370111116407,0.9629078616894173,0.34749025129697886,0.5841127735433227,0.9439067604692684,0.8039765114147404,0.9773757151292213,0.576660771712117,0.9393618431817528,0.7489933234855085,0.753011006155871,0.9526370111116407,0.8891971954839684,0.5713315118989204,0.7917437350152448,0.8242743687062475,0.9288957400617388,0.6713683397738679,0.9558359621451105,0.8098519714818673,0.9526370111116407,0.7663159483485262,0.8481125351096355,0.868632667163505,0.8462333670063917,0.9542136024350834,0.7507844886154753,0.9902930825832763,0.9526370111116407,0.9031349604797552,0.8481713308694635,0.9526370111116407,0.9288957400617388,0.8991515901032061,0.7959075277121456,0.7435863378643104,0.8155856001785131,0.9526370111116407,0.8843313474963684,0.8656814261022983,0.8801474343127895,0.7786690145640726,0.8354401497332642,0.913451053146003,0.914508262091398,0.820465659509891,0.9558359621451105,0.9051664401581991,0.8941307528793181,0.9399319300513138,0.862719772067565,0.659877649834482,0.879401574066015,0.9399319300513138,0.957509435301382,0.5244553406114991,0.9526370111116407,0.9610366993022685,0.9280270998509558,0.9300511406700868,0.995812608116145,0.9324454498571317,0.9496037211238535,0.9632172819380277,0.9736183137840242,0.9496037211238535,0.8752885460677957,0.9526370111116407,0.9315357783043753,0.8872325694620837,0.5907456282863712,0.9610366993022685,0.8567565353887987,0.9629078616894173,0.9453030402757778,0.9967391619170713,0.8447043622091563,0.998394872319517,0.598610074710481,0.964470126577956,0.9681385641755447,0.9760557307924651,0.9373704232137268,0.9425720985427191,0.9092735418441045,0.9558359621451105,0.9243180392978654,0.6502130055679132,0.8852715588713493,0.9386420076357269,0.9061873961293254,0.9439253608596805,0.9300668284196516,0.7041413728147148,0.8780031897192964,0.920977133636502,0.9481398354780852,0.9184204054837377,0.7195100133903968,0.9277359074596554,0.9386420076357269,0.939931930051314,0.7403348078925525,0.9439253608596805,0.8617298618427944,0.9386420076357269,0.8056206522660097,0.8006907814269035,0.9558359621451105,0.822514477850743,0.8571276552686214,0.9371232414100349,0.9061873961293254,0.9610366993022685,0.8093792712193065,0.9760557307924651,0.9592404230051592,0.8476494662542414,0.9227946422906832,0.9481398354780854,0.957509435301382,0.9610366993022685,0.969725899748767,0.7594883020057124,0.724017522651851,0.9128870094924401,0.9511016704226432,0.8352434350141635,0.913451053146003,0.9481398354780852,0.979957705550937,0.9526370111116407,0.9592404230051592,0.9526370111116407,0.9526370111116407,0.8309916996778286,0.939931930051314,0.5577157597313214,0.9526370111116407,0.8222967889645649,0.848697758622408,0.920981766572726,0.7110776155274797,0.925581846570086,0.9685432309175783,0.7986388097431103,0.9092735418441047,0.8507258744656063,0.9467071200650463,0.8941307528793182,0.9592404230051592,0.9231975163531971,0.7929984735168571,0.8656814261022983,0.6190004483382323,0.9467071200650463,0.9496037211238535,0.81015079238966,0.9592404230051592,0.5835519052153015,0.9558359621451105,0.6865339729756015,0.9425720985427188,0.9373704232137268,0.9399319300513138,0.85875093698411,0.9227712134704179,0.9123992402861407,0.9399319300513138,0.9730862985612765,0.9558359621451105,0.9425720985427191,0.9542136024350834,0.8997208604511799,0.8666662211060929,0.831322159306052,0.957509435301382,0.7683200278016398,0.9481398354780854,0.8242743687062475,0.7608061532115915,0.8448813494499817,0.8217667418575592,0.9312498291554212,0.9648659912110236,0.7560495458914245,0.8567565353887987,0.9092735418441045,0.7590398124066347,0.9983948723195168,0.913451053146003,0.9267506068373947,0.9526370111116407,0.957509435301382,0.9858084434319018,0.9526370111116407,0.72595493899914,0.9425720985427188,0.9496037211238535,0.9671595166054916,0.7507844886154753,0.9967391619170713,0.8178422485024099,0.9629078616894173,0.7705531152105055,0.9439253608596803,0.8754910501451354,0.9496037211238535,0.9272932852315992,0.8959232789032512,0.8967531793197642,0.5592001372731488,0.9041851397399192,0.8882143738454911,0.7499222990259986,0.8725553212046713,0.9243180392978654,0.8425509890153136,0.7595757378098458,0.9300668284196516,0.9629078616894173,0.4799171814748766,0.9542136024350834,0.9131632661895819,0.9505241704836669,0.9001110559421437,0.9511016704226432,0.7677386497295289,0.7339919640924341,0.9648659912110236,0.9232615458212055,0.969580892293826,0.6112050095242427,0.9681385641755447,0.9373704232137268,0.9082407355488129,0.769311356085604,0.9412414838519028,0.9051664401581992,0.94392536085968,0.9511016704226432,0.957509435301382,0.9648659912110238,0.9526370111116407,0.9243180392978654,0.6821611505484855,0.8200790560505895,0.9730862985612765,0.9526370111116407,0.8911663603911604,0.7611811794511711,0.9123992402861407,0.5841127735433227,0.910310736217455,0.9469971516571073,0.8891971954839684,0.8088237225374943,0.932445449857132,0.6649207091994642,0.8607384721289719,0.9745849270782074,0.9592404230051592,0.9257239435976461,0.5434794638391192,0.9558359621451105,0.5777893346316229,0.9648659912110236,0.9839674685144806,0.9180060542094439,0.9428375253830149,0.9453030402757778,0.9617723288059054,0.9526370111116407,0.8278482408692518,0.8921529459435535,0.9610366993022685,0.9526370111116407,0.9425720985427188,0.8140865069385363,0.8458639564984101,0.9511016704226432,0.957509435301382,0.9481398354780852,0.9511016704226432,0.9511016704226432,0.9243180392978654,0.9526370111116407,0.9481398354780852,0.913451053146003,0.9526370111116407,0.5592001372731491,0.9107006755975193,0.9610366993022685,0.9558359621451105,0.9592404230051592,0.9542136024350834,0.9511016704226432,0.7979107482144292,0.9009385953642843,0.9399319300513138,0.8517363824474662,0.9526370111116407,0.532352342221929,0.9558359621451105,0.9944373248680742,0.8075195577599243,0.7414459598204888,0.8714717093867044,0.9542136024350834,0.9412414838519028,0.987885706373519,0.9412414838519028,0.9526370111116407,0.920981766572726,0.9287716388892431,0.9196222638329763,0.8497130258115502,0.8752885460677958,0.9552175050422179,0.5872912593017843,0.9558359621451105,0.9987120692432441,0.8846853407167914,0.9526370111116407,0.9526370111116407,0.8901811511257471,0.9629078616894173,0.7397639704245085,0.9481398354780852,0.995812608116145,0.8362973223813353,0.9496037211238535,0.8051635979868561,0.799164778941142,0.9526370111116407,0.9526370111116407,0.9198856874256709,0.7820663749515684,0.9669745722372083,0.9403880469283556,0.8557565635983035,0.8048222124436128,0.8825210710884404,0.8737730460944353,0.45936426176293843,0.8255892557605065,0.9526370111116407,0.9072120922355342,0.957509435301382,0.9648659912110236,0.7195026022793821,0.9610366993022685,0.8425509890153133,0.9526370111116407,0.9526370111116407,0.8192336313917978,0.9773757151292213,0.8267575835022261,0.9425720985427188,0.7019538912394095,0.9061873961293252,0.932445449857132,0.9465146323386673,0.8770986505728711,0.7154691980060809,0.9526370111116407,0.6233555981585,0.8299192991696218,0.9542136024350834,0.9610366993022685,0.968848707670247,0.8820186502619564,0.9166400151447349,0.5180855146997305,0.9542136024350834,0.9020294315021224,0.9526370111116407,0.8383948208633001,0.983682988822291,0.9061873961293252,0.6277572448391829,0.8745128950949936,0.9453030402757778,0.9113525537588967,0.6759594882314288,0.9592404230051592,0.8774465467393253,0.8715757257382066,0.9481398354780852,0.9493957255905624,0.9277359074596554,0.9361160018916064,0.8255892557605067,0.957509435301382,0.9511016704226432,0.8842921321245036,0.9859410630732461,0.8056206522660094,0.9265867198367659,0.9648659912110236,0.987885706373519,0.9648659912110236,0.9648659912110236,0.6369695431207093,0.925447607779365,0.903134960479755,0.9526370111116407,0.9629078616894173,0.8803288140439886,0.9425720985427188,0.7176529953352646,0.9467071200650465,0.9511016704226432,0.933654454952398,0.9011161501496316,0.9542136024350831,0.7954860842554714,0.9231975163531971,0.8352434350141635,0.8144495911033475,0.9526370111116407,0.6007351226801825,0.9526370111116407,0.8340710265917908,0.9629078616894173,0.9373704232137268,0.9386420076357269,0.7373592171107441,0.9526370111116407,0.8178422485024102,0.7560495458914245,0.9386420076357269,0.8189630840562674,0.8383948208633001,0.8255892557605066,0.957509435301382,0.8341860124462195,0.984448147018685,0.9078307494815344,0.7605174113429303,0.9464536062171711,0.6980222530635432,0.7582445585710912,0.9967391619170713,0.9526370111116407,0.9051664401581994,0.9879700133881204,0.8497130258115502,0.9092735418441045,0.7499222990259986,0.9526370111116407,0.9511016704226432,0.852744627559685,0.72595493899914,0.9821062119112849,0.7917437350152448,0.7993052872604904,0.9526370111116407,0.8027832026517654,0.7211764089919213,0.9746338287409402,0.9526370111116407,0.8507258744656063,0.9467071200650463,0.9610366993022685,0.939931930051314,0.9511016704226432,0.9535189574016714,0.9361160018916064,0.9836644955542195,0.933654454952398,0.6554345152984604,0.9967391619170713,0.7773263884392078,0.9526370111116407,0.932445449857132,0.9526370111116407,0.9610366993022685,0.7157841180907438,0.8921529459435535,0.9648659912110236,0.9312498291554212,0.9669773817779976,0.9113525537588967,0.632927905443025,0.9526370111116407,0.8435824105613202,0.8639484283036889,0.9259372921081943,0.5187931765066514,0.9209817665727262,0.957509435301382,0.9300668284196516,0.9288957400617388,0.9681385641755447,0.9001110559421437,0.8294595995241212,0.9681385641755447,0.9277359074596554,0.957509435301382,0.8931410336709438,0.9681385641755447,0.9648659912110236,0.5244553406114989,0.9542136024350834,0.6610146236200108,0.9511016704226432,0.9288957400617388,0.7265860889701896,0.9375821720172512,0.920981766572726,0.9399319300513138,0.9198856874256709,0.9348776724743584,0.9511016704226432,0.9425720985427191,0.8855169510901253,0.9277359074596554,0.6005627706504931,0.9669869402855739,0.9619299081647257,0.914508262091398,0.8527529638705934,0.9542136024350834,0.9558359621451105,0.9689601410010135,0.7871642850839692,0.9324454498571317,0.9839674685144806,0.9478374857144207,0.957509435301382,0.9592404230051592,0.9527637399207101,0.982045156274965,0.8506719903734017,0.9231975163531969,0.819414992001395,0.9282894047452503,0.9991256173192247,0.9288957400617388,0.9526370111116407,0.8792701714261304,0.7193124500538768,0.9187969445925777,0.9478374857144207,0.9247654558966603,0.9604535056538152,0.8873306148945664,0.9553483552539828,0.9361160018916062,0.40653255336575655,0.9312498291554214,0.9465146323386673,0.950210721158117,0.8629479583404894,0.9439253608596803,0.9189418419895967,0.9511016704226432,0.814760703196383,0.9267919121317674,0.372915727805317,0.9736183137840242,0.8941307528793181,0.9324454498571315,0.9558359621451105,0.6944520763260347,0.872555321204671,0.9303855895559969,0.653225604876038,0.9180060542094438,0.8435824105613203,0.9386420076357269,0.7194708003998341,0.9558359621451105,0.868632667163505,0.9386420076357269,0.9592404230051592,0.9001110559421437,0.9373704232137268,0.9542136024350834,0.9629078616894173,0.9210904902002871,0.9610366993022685,0.9846778189268361,0.9592404230051592
p85_S,0.6859911680000765,0.8101375737925205,0.5126055905381033,0.8867208322613405,0.8061796741685836,0.830271740571741,0.9634047285765062,0.9438179063375813,0.5796169142609195,0.8261452162494145,0.8261496131115469,0.7708083464141854,0.7708083464141855,0.6902040370753015,0.9675600948205305,0.8277900759863981,0.8793655559872964,0.7130998968707802,0.9466282415065834,0.8561165010554979,0.6597187605367683,0.7701028389685363,0.869901838481431,0.8435002207563184,0.809355004947091,0.7005689296405748,0.7494696517315873,0.690425962477546,0.8914207546882851,0.8096907280362939,0.7528974008782923,0.8319518115156922,0.7932724727362876,0.8158774734460299,0.8061796741685836,0.8117728822598589,0.8078642642936518,0.7425483722735078,0.8353231768642491,0.7067752744916533,0.546802357139553,0.7064485353366212,0.872479297149139,0.6373668520784874,0.8793655559872964,0.48206560053722436,0.8166739329437203,0.5650932414846004,0.6854017038809372,0.5271113765339912,0.8008422195759238,0.36171009377082197,0.7005689296405748,0.8597190042261902,0.8262967737928697,0.7215908919131213,0.9110337272239508,0.7711949776746383,0.6631391992013618,0.7565415109136846,0.5894059541966403,0.5768512751112012,0.9177286235252596,0.8552612289955435,0.8030952829801472,0.5567971921968834,0.8569522690866245,0.7033623696448044,0.7488404352917186,0.8792005618832215,0.6453490879488144,0.6854017038809372,0.8061796741685836,0.24253939644753164,0.7711949776746383,0.48855813326911113,0.7701028389685358,0.8261496131115467,0.42689880881009323,0.8302717405717412,0.8099519168626645,0.860818784922905,0.6678760199858849,0.9085436213669944,0.7711949776746383,0.6477199664432418,0.9684806827942497,0.7078528430863404,0.834559766214718,0.7911552055921387,0.7711949776746383,0.5745593345979674,0.5794003638153495,0.5251321345394291,0.9132622641480992,0.9085421029297882,0.5488600809703135,0.523597126004612,0.25002171920772864,0.3192061146073877,0.7426400958365467,0.8466991324467521,0.771194977674639,0.7492652448179653,0.6973676926126107,0.8117728822598584,0.5818922288911461,0.18710671227666587,0.7245926068511888,0.302501233654189,0.5125422997058324,0.9844586477467467,0.4257963185780722,0.7144200290895082,0.8166739329437203,0.31904538364815827,0.9588818650935282,0.8173748798116492,0.8302717405717406,0.40646350541439935,0.7272377505226477,0.6333478553014,0.7394471467168329,0.9747717691648858,0.9085436213669946,0.47677043444083944,0.7788113047144825,0.8942564806528228,0.9554188735897675,0.7947271048367864,0.4439071718300769,0.8166739329437196,0.8258426771468559,0.8353231768642488,0.7754488325827291,0.7176395341242314,0.6600031548075644,0.8258426771468561,0.8258426771468563,0.8098383097811253,0.46188854481610275,0.8208122474227111,0.5318672696235408,0.5486312891690992,0.7050926387141545,0.6092829154492483,0.6876692423920467,0.3097984614055376,0.6947647484082912,0.2711081972046654,0.8208122474227104,0.589405954196639,0.857172984163713,0.9041496111751932,0.9813906368456975,0.716138319019008,0.6534890728020952,0.7400650369402717,0.735733310947988,0.5286481980094775,0.8158172771137282,0.9067495314528173,0.8158953503148911,0.391604716172408,0.600976873662044,0.6421442870036256,0.6370944569968306,0.6766797768683908,0.8519157031075455,0.45343528445776815,0.8670691527427365,0.7637779275925338,0.8363758256949431,0.7386736224390749,0.8112432212599922,0.7536386828633834,0.8792005618832213,0.9806731463840086,0.8316269264876788,0.6239157488511393,0.9881156196113682,0.7108369650808515,0.8899845233005252,0.7708083464141853,0.9086088542017401,0.5004343898262347,0.433265767311785,0.6028717187104732,0.8597190042261902,0.8157435774934192,0.7904356987130697,0.7302630362886743,0.4350831436107645,0.2144849362362803,0.8446456483763919,0.7711949776746383,0.78539430159798,0.9164319075160072,0.8431232721783236,0.5638204053386744,0.635530428638755,0.8255629024133946,0.7711949776746383,0.49127743563063486,0.2871764658311151,0.8614494698822022,0.7711949776746383,0.8152358946657339,0.6663207068634678,0.6090577628506978,0.7090160616883008,0.6055044394923248,0.763777927592534,0.7711949776746383,0.7965821430793611,0.7711949776746394,0.5458751724728519,0.5549585773251617,0.5384379429911181,0.7711949776746383,0.5643497853345605,0.7711949776746383,0.5124541036723154,0.8517646183531484,0.6236045717114358,0.4410289149006865,0.7866487334406873,0.0,0.809838309781125,0.8012945764591584,0.7308293389422374,0.7980187797719538,0.7956466519612801,0.7860398882719668,0.8569522690866243,0.9689039712582768,0.7841167133077895,0.8274137366193686,0.7770363989888138,0.8681021893929677,0.6296331645853765,0.7569259120967176,0.5585623858071695,0.8703808970142309,0.7711949776746383,0.5913618851060345,0.7711949776746383,0.7053290698107342,0.6549597609918554,0.8008422195759242,0.7248474641061979,0.0725241016652054,0.8144472611771493,0.642651132235886,0.7161445273067473,0.5642060663860091,0.9474491031201431,0.40700212004146896,0.7929984735168573,0.5907998026562646,0.9000355682288135,0.3321396381054649,0.7637779275925334,0.9382719339501255,0.5305274894055922,0.8353231768642491,0.587698784376037,0.7141082900925353,0.8299122392884308,0.8406909024694953,0.5929264963941541,0.8630614034554609,0.4032131421969718,0.4058806850048089,0.5495179666958812,0.8117728822598584,0.28995315540752,0.8605160137031242,0.838357067618898,0.9192500849628169,0.8117728822598584,0.8914951620561669,0.35997573129890403,0.9706010318338414,0.5902251341087847,0.7491590756311128,0.7866487334406871,0.6912583077286336,0.1933875817739461,0.7565415109136848,0.7866487334406875,0.9067495314528171,0.15338628053081182,0.8117728822598591,0.47228565431116265,0.6180680957077835,0.49873401021178543,0.8618610274257886,0.9466282415065834,0.771194977674639,0.8777638393773839,0.7565415109136853,0.8569522690866245,0.17219795501722446,0.6360965451212057,0.8166739329437198,0.749522415713086,0.8016642542306837,0.22957096617484174,0.6392118497238735,0.5242626728165813,0.7209905906570353,0.7920563636665872,0.7635443424510906,0.5680045744354811,0.8561165010554979,0.6465707462732557,0.9267250083210727,0.8997777849239674,0.6663207068634688,0.6445423943666304,0.7929984735168571,0.7711949776746383,0.8008422195759229,0.910445790658597,0.7130998968707805,0.8117728822598584,0.8736137381826935,0.8459097615913485,0.7711949776746383,0.9724733408176929,0.817374879811649,0.867427860856631,0.8441393061492155,0.7019061642990694,0.7035867637948563,0.8319518115156928,0.28431597065644054,0.29211400271888177,0.949170721407607,0.7502106230987008,0.36072890539659985,0.8230236730198899,0.683183260685363,0.33640183929825107,0.7436295523044585,0.6445459979267663,0.830271740571741,0.048088663484543215,0.6343893594026324,0.06602395559450513,0.7754488325827293,0.7637779275925338,0.9753128250705112,0.6333478553013998,0.18115554299478176,0.18638769392513543,0.19591479430510406,0.7711949776746383,0.4141341507328147,0.7337372258826749,0.7165584736330783,0.9101320666686104,0.8261452162494148,0.3368676808208617,0.7711949776746383,0.7711949776746383,0.6947647484082907,0.6130938302670875,0.5401603726301762,0.7711949776746394,0.8914207546882851,0.771194977674639,0.6902040370753011,0.5369552280886736,0.25083070103369753,0.7993700008850908,0.6764086783590375,0.8651633765093409,0.25698182984807594,0.17292304835062977,0.7711949776746383,0.5086671896944446,0.6792237175880045,0.10848608540468307,0.3015594713565267,0.8555535486746715,0.6636309906264894,0.7866487334406873,0.1209025239863466,0.7711949776746383,0.2571672594343193,0.9519755601439313,0.8010516301689439,0.6994886551950636,0.7853943015979803,0.3149419222848655,0.7932724727362865,0.7711949776746383,0.6890460990986775,0.5613366174220655,0.7711949776746383,0.8060616962846863,0.588876546750859,0.5200793714304051,0.20491902454439836,0.14781942599998166,0.7711949776746383,0.9301705558059861,0.5435570437569923,0.8677534787475789,0.7136887731646979,0.5253942657401695,0.6286597399948389,0.599291162938397,0.579744002040544,0.7866487334406878,0.6844514401693316,0.5338590875273486,0.8470327511406734,0.38294961889111656,0.8568655457469745,0.431401429175037,0.8927709258221888,0.794733085207088,0.7348158662592486,0.7711949776746383,0.9129144016949025,0.7050288245404994,0.6251955323248515,0.8099519168626648,0.8188417259692602,0.8098383097811255,0.7371716533413011,0.9821820217686668,0.8098383097811255,0.9231892051184238,0.8557200473059945,0.9093004346598592,0.5277553807657072,0.767583223618812,0.8173748798116489,0.3545720245752315,0.8261452162494157,0.8675831283886297,0.9385091005037034,0.5444177372297802,0.9126936452797436,0.8561165010554979,0.7066518884118784,0.6904259624775457,0.8223743108374264,0.8740683559908073,0.8413982421241406,0.6281368069252218,0.9968251299619151,0.8808214688153004,0.9039652613938576,0.9917523870563565,0.9282039368349262,0.7064024794196284,0.7856920188609455,0.692386209527402,0.49647264882754305,0.46531074128940286,0.6730040675760884,0.9313239176895798,0.7662393927948399,0.6924988600584026,0.6809422183293732,0.7124085863009614,0.8470327511406739,0.20307506375399198,0.8099519168626648,0.5426018117604064,0.7124085863009614,0.8200537012432627,0.6889135944336671,0.7866487334406875,0.8989669175594188,0.44751003797275346,0.8164134594452641,0.6576984470213139,0.817374879811649,0.6311859241058726,0.6510188646537212,0.9324116745150108,0.8090017246333321,0.8014280134338707,0.749469651731588,0.8319518115156928,0.8510887196233303,0.7025018769637026,0.2641855902451471,0.6077176009905649,0.763777927592534,0.763777927592534,0.5638008844643685,0.8517646183531482,0.8274071942850132,0.43618191986999133,0.7711949776746383,0.835424380863864,0.7711949776746383,0.7711949776746383,0.2202141752015535,0.9156400131629461,0.672301991619966,0.7711949776746383,0.48575146035831596,0.3035745431966841,0.9851476414946702,0.9175405371157885,0.5086671896944446,0.5042711560364634,0.8345370556311476,0.9934778446978247,0.31313625593078975,0.7502106230987005,0.864733258950084,0.900082576631295,0.6775060615486667,0.5857800175284837,0.6234597067008982,0.6823314798467393,0.8009347235614801,0.8170840981467903,0.6831023202723137,0.8354243808638633,0.6115357367736214,0.7866487334406878,0.7643637433128905,0.7308293389422367,0.9844586477467467,0.7784254891184006,0.4162656365760392,0.6963136639496632,0.5894059541966398,0.7184545893849328,0.9658734548180461,0.7929984735168571,0.8413982421241406,0.8369172238728211,0.9034636980407,0.40176769520189726,0.5348723615772741,0.919171452966161,0.5829768329299876,0.9647593589058531,0.6642197123850617,0.5182570861555118,0.8459097615913487,0.19309135839740832,0.688324873666069,0.867427860856631,0.2231969258216432,0.36755668754645854,0.7076067607609541,0.2243718838598059,0.7701028389685363,0.6286597399948387,0.7502615170824165,0.7711949776746383,0.794733085207088,0.7460451083541155,0.7780046509581318,0.5778846286848767,0.7308293389422365,0.8437324975805104,0.7701202883868075,0.30234866316436637,0.9385091005037032,0.17062668231733102,0.8561165010554981,0.28853692328944147,0.8099519168626649,0.443973232241894,0.8098383097811255,0.9454447741246241,0.8317300890319299,0.8017099301042172,0.7485101984028704,0.7253533898606677,0.6946737728872165,0.1591293538850136,0.4162826862860829,0.8429088365979669,0.513884979508705,0.42900135183140664,0.6923862095274019,0.8914207546882855,0.8559602437672629,0.8144472611771495,0.5421868839919406,0.6910003499531083,0.7967707598619136,0.7911552055921387,0.312200534608286,0.309413582900244,0.9417401014264111,0.558472971754223,0.8830740720259549,0.7601822951112565,0.753382578756763,0.829912239288431,0.8006144206387673,0.6823314798467395,0.7711978456713607,0.8158813110000367,0.7533699191063874,0.7981856244137903,0.794733085207088,0.9045839811415213,0.7711949776746383,0.7021395767940299,0.434972254698369,0.45026039613640156,0.6590242472057779,0.7711949776746394,0.5786746786467105,0.346286214576063,0.5894059541966392,0.6705523575566974,0.5667217275818066,0.5745593345979674,0.5538929964252637,0.8388723188289566,0.7151347237136825,0.9977894648842438,0.5834923248059336,0.6617115408446488,0.8030952829801481,0.5783175745016851,0.8899845233005252,0.9367747309558498,0.7099910744089919,0.9045839811415208,0.7041060636550823,0.7831899103474056,0.904583981141521,0.7357654281420163,0.8689353193770999,0.7993700008850906,0.584371798197661,0.5087568270085241,0.8173748798116491,0.778004650958132,0.7783596077126396,0.3263688277444372,0.1600086905086031,0.7637779275925338,0.919171452966161,0.8014280134338714,0.7637779275925338,0.7911552055921387,0.9864843184240322,0.7711949776746383,0.7829050929478595,0.9375741869524976,0.7711949776746383,0.7260484810988634,0.5847432428102657,0.8173748798116491,0.7866487334406878,0.8412846402989775,0.7853943015979802,0.7911552055921387,0.39722595003338323,0.41986463636309246,0.7184545893849333,0.3307303709463134,0.7711949776746383,0.5990541426110161,0.8767243319497848,0.7934336330108842,0.3283436673032296,0.6216254108727797,0.8454867220715401,0.8369172238728213,0.7478952262612748,0.9414772739491488,0.7627497661269191,0.8557200473059943,0.9301163280775344,0.8200357723073597,0.8033538625485186,0.7936850626805662,0.8261496131115469,0.9859440788700544,0.7281488451023699,0.8166739329437203,0.8393209346891939,0.3869493735262447,0.7711949776746383,0.9402451169373498,0.5578094395072819,0.8261452162494147,0.43475109844485216,0.7754488325827293,0.9231892051184236,0.3074979664634597,0.8098383097811255,0.47464007814701015,0.11915603416868392,0.7711949776746383,0.7711949776746383,0.9512930476478076,0.5668071046948506,0.7609880933879862,0.6386979617913773,0.37572354869983027,0.43911247003361575,0.39407341482825986,0.19798082101276748,0.7195219475324903,0.28089106147409804,0.7711949776746383,0.7940591491147252,0.794733085207088,0.8353231768642491,0.30234866316436637,0.8117728822598584,0.38795238830371237,0.7711949776746383,0.7711949776746383,0.09661517696583899,0.771194977674639,0.1802205846716155,0.746337704583335,0.40931471274202114,0.5468023571395528,0.9115200681662383,0.8390265515294388,0.32714573834571836,0.45848054947162753,0.7711949776746394,0.618272218713765,0.21517117915471318,0.8659701834519902,0.8510887196233301,0.9399319342734334,0.8953160797366733,0.791244682432938,0.6289762449985727,0.7853943015979803,0.5939389846465748,0.7711949776746383,0.2675500662840188,0.8726446237792718,0.5765250596907905,0.6809289462908459,0.5036150586677008,0.7436295523044574,0.6013749305234533,0.4474865137559445,0.8412846402989776,0.8838320319364363,0.41164337821776764,0.8348634546501434,0.8208122474227104,0.7988522954409967,0.9302595907554625,0.2808910614740975,0.8008422195759236,0.7911552055921385,0.6292970826324205,0.7311298060778155,0.8200537012432627,0.772361964189368,0.835323176864249,0.709991074408991,0.8353231768642491,0.8353231768642488,0.6945624501566039,0.985051530293813,0.5777750275329074,0.8061796741685837,0.8914207546882849,0.7701028389685363,0.7308293389422367,0.3831496923219315,0.818634522967677,0.7708083464141853,0.7732282139246665,0.8345597662147175,0.7853943015979805,0.5371296922881212,0.9774056046633746,0.7007029601186427,0.7392940528449232,0.7711949776746383,0.5590708985830011,0.9188797670103911,0.45679003488573033,0.8261452162494145,0.7947607687413728,0.7573320209089748,0.6574163268039479,0.7711949776746383,0.3537719643976752,0.24763816323162757,0.914564042037025,0.16368140511938323,0.2550447313657752,0.1948149437614095,0.8258426771468561,0.4713501525342698,0.880849831126425,0.9702422396488708,0.3041439814051088,0.7326873144368853,0.3965978470970417,0.830271740571741,0.7784254891184006,0.8275450240955426,0.9125911010962884,0.9205109805988165,0.32113240935138765,0.9934778446978247,0.24501418029226185,0.7780046509581316,0.7637779275925338,0.3355154321124397,0.388396821780461,0.5797440020405438,0.19309135839740832,0.12435472169701245,0.7711949776746383,0.22094839248985265,0.3843297633570453,0.6705523575566974,0.7711949776746383,0.32593616018070015,0.9961688745874033,0.8117728822598584,0.9156400131629463,0.7637779275925338,0.48979297098556396,0.7440008684175128,0.9050796901355542,0.9837202531589218,0.9505717463747272,0.8012945764591586,0.23122176092085311,0.7711949776746383,0.7663302650084295,0.7711949776746383,0.8173748798116492,0.5906394284667225,0.4945094266573532,0.8353231768642491,0.7391072232887631,0.6332541231378865,0.5845000235025124,0.7295073961125094,0.7711949776746383,0.4939563316607538,0.31710871431318677,0.6159644605492884,0.843694656782445,0.6366159898528143,0.919171452966161,0.6621610827297761,0.6667267971503046,0.846081155217711,0.5318099317208077,0.3307232918515983,0.846081155217711,0.6902040370753015,0.794733085207088,0.49873401021178543,0.846081155217711,0.8353231768642491,0.9085436213669946,0.7853943015979804,0.6034336675037077,0.7637779275925343,0.7065367683315567,0.7934336330108844,0.7129726087135857,0.6366159898528121,0.7413236767256906,0.6244957254469525,0.6947647484082909,0.7708083464141857,0.7783596077126396,0.8160939168798376,0.6705523575566978,0.5896789150823281,0.5371349820894378,0.9525162539223444,0.5869994808199435,0.8350166981559515,0.8144472611771494,0.8166739329437203,0.7182216281686448,0.8987738930491658,0.9115200681662383,0.8395831264203752,0.7449950260511269,0.8569522690866243,0.8030952829801481,0.9730177420169341,0.6982095159283943,0.7430103895349818,0.7712246687720135,0.7025018769637019,0.8712866797919563,0.8326576243571768,0.7463467395128086,0.7993700008850904,0.629428942952775,0.6092846450297489,0.8234077572565499,0.5978026568603325,0.8066902464501982,0.9706010318338414,0.8239525204893003,0.9988333163808225,0.7222848990290431,0.8533863751361546,0.8519157031075457,0.887730583927753,0.9422040817159791,0.9071050565224128,0.7291100211046695,0.9960185998297344,0.8459097615913485,0.8894378693010735,0.8078899744704107,0.8166739329437198,0.8369172238728211,0.5188193524626786,0.683364663203965,0.9367747309558498,0.9745808104580851,0.4299120902674115,0.8384889633703974,0.8098383097811257,0.8364867092148458,0.38040525543428405,0.9731273714429403,0.5949239853095305,0.9968251299619149,0.3842673870418546,0.7260484810988637,0.835424380863864,0.5473958627879315,0.8961464143419948,0.8950231430311595,0.8261452162494144,0.76836838874476,0.8173748798116494,0.8888583701459427,0.8354243808638637
p86_N,0.7365745432840509,0.9375844381576608,0.8848712502248577,0.9175383063396301,0.9459533477380775,0.9599080294518356,0.7137409416457614,0.7617416940303645,0.8976541691085207,0.957673577027655,0.9360123464869743,0.9954412864629745,0.9442013463068033,0.9175383063396301,0.9048766089350635,0.5943354874184333,0.9980965995557116,0.9271009640247971,0.9555383641697375,0.957673577027655,0.8803223329648362,0.934468117552512,0.9314553797224701,0.947752420917731,0.9329497321807896,0.9271009640247971,0.940821549823033,0.9519642373961466,0.957673577027655,0.7861116565250368,0.9201981569430595,0.9515133476881701,0.9391866557097983,0.913638123172289,0.9459533477380775,0.9555383641697377,0.947752420917731,0.9391866557097976,0.9599080294518356,0.925687886831601,0.8929489608197003,0.9772068366488,0.9599080294518356,0.9469647240084873,0.940821549823033,0.8663821070003717,0.9496037211238537,0.8941182576784141,0.925687886831601,0.9531644691774956,0.9515133476881703,0.8399534088511564,0.9271009640247971,0.18793721391369933,0.9391866557097979,0.9242920540600268,0.924292054060027,0.06018876900101888,0.7755087161183689,0.9424920127795522,0.9000373939808759,0.8480962071381709,0.9749771166196228,0.8929489608197003,0.9534886050081051,0.8681580978826142,0.9515133476881703,0.6248003726236013,0.7550655184575039,0.9555383641697377,0.9162269502513478,0.925687886831601,0.9459533477380775,0.8707296060265275,0.06018876900101888,0.879190935397886,0.934468117552512,0.9360123464869741,0.8668703112866092,0.9599080294518356,0.9360123464869743,0.9299834289466344,0.3571302450971746,0.9271009640247971,0.06018876900101888,0.912359476799596,0.934468117552512,0.8459731339328602,0.8871620821950175,0.09008077800963876,0.06018876900101888,0.8848712502248577,0.8203324548260422,0.8748720807652381,0.3571302450971746,0.4568658773503822,0.882591797240085,0.8803223329648369,0.8356792914890028,0.8617026589491732,0.9242920540600268,0.9496037211238535,0.9459533477380777,0.8785180920765856,0.6438373763687026,0.9555383641697375,0.9012376341940858,0.8111356819221283,0.9843238957181939,0.8456324037363956,0.8679639303639384,0.9285324039439791,0.8216567655514617,0.9036569103682486,0.9496037211238537,0.8227641902120648,0.9375844381576608,0.9555383641697375,0.9599080294518354,0.8489732636249692,0.9469647240084869,0.8780615512279364,0.9329497321807896,0.9201981569430604,0.9271009640247974,0.7932320440185783,0.9477524209177308,0.6403920386762301,0.9442013463068033,0.9098310498422768,0.8957343462573439,0.9496037211238537,0.9515133476881701,0.9599080294518358,0.940821549823033,0.8354015438796936,0.9352732263513654,0.9515133476881701,0.9515133476881701,0.11750088746893372,0.819055027983429,0.957673577027655,0.840677197630187,0.8634987624252983,0.8803223329648371,0.9048766089350635,0.9203767054972338,0.8603130600722222,0.9728091693196088,0.7963267771106673,0.9576735770276548,0.9375517053100484,0.876086553322736,0.8735611753844448,0.9515133476881705,0.925687886831601,0.888312225410878,0.9085802966718612,0.9165403396569944,0.5943354874184332,0.7468650390901743,0.9496037211238535,0.9299834289466344,0.7267226478792868,0.8906229438722482,0.9110906193450523,0.8523344596018205,0.8929489608197003,0.9215480977067743,0.8639560978502494,0.9175383063396301,0.9442013463068037,0.9242920540600263,0.7144596825755909,0.8736582841643707,0.8701999879391749,0.9555383641697375,0.6438373763687026,0.9149270915494643,0.590290983231633,0.9061034849845075,0.8814559000030182,0.9242920540600268,0.9442013463068033,0.6756528607103023,0.8444753756217378,0.8785180920765858,0.9316215436119188,0.18793721391369944,0.918861809581256,0.9424920127795524,0.9345566419027251,0.8107870483721837,0.8297343501202492,0.9000373939808759,0.06018876900101888,0.947752420917731,0.9424920127795526,0.5289787512360709,0.8250209201611329,0.8848712502248577,0.9442013463068033,0.06018876900101888,0.8601523251100107,0.8297343501202492,0.957673577027655,0.06018876900101888,0.7314145734259303,0.9098310498422768,0.8791909353978857,0.6809314051279127,0.8988430035065229,0.9442013463068033,0.06018876900101888,0.654159965214993,0.060188769001018994,0.8538878695010028,0.8285051677670632,0.853000666744063,0.06018876900101888,0.67023165642458,0.06018876900101888,0.6861245766456878,0.9012376341940858,0.9110906193450523,0.8679639303639393,0.9496037211238533,0.809838309781125,0.0,0.9314553797224698,0.9868619655962765,0.9000373939808763,0.7664975934600435,0.9136381231722888,0.9515133476881701,0.4985902336575252,0.9176678508338107,0.9330819649782565,0.8906229438722484,0.9098310498422768,0.9502726792490606,0.940821549823033,0.8780615512279364,0.9424920127795526,0.06018876900101888,0.9330819649782567,0.06018876900101888,0.7434229768984775,0.9098310498422768,0.9515133476881703,0.9229124393123009,0.809838309781125,0.947752420917731,0.9486066482612976,0.9329497321807896,0.8860151533715293,0.9360123464869743,0.8821740773501707,0.9496037211238537,0.8634987624252983,0.8634987624252983,0.8912265872652463,0.09008077800963876,0.9534886050081051,0.8179682595223978,0.9599080294518356,0.850551996185275,0.878420891544528,0.2926766727788912,0.8623832375707348,0.8668469482494165,0.9515133476881705,0.8675946766762874,0.837931262412388,0.81708409814679,0.9555383641697375,0.8732965479503929,0.908580296671861,0.9299834289466347,0.8952920587572561,0.9555383641697375,0.8712321677735531,0.8565025726252204,0.9534886050081051,0.891783931888013,0.9175383063396301,0.9496037211238533,0.9136381231722888,0.8486241527613592,0.9424920127795522,0.9496037211238537,0.9496037211238533,0.7856547619036138,0.9555383641697375,0.8392815750630271,0.6860748316018364,0.878061551227937,0.8912265872652463,0.9555383641697377,0.9459533477380775,0.925687886831601,0.9424920127795526,0.9515133476881705,0.8433079947733282,0.8917839318880127,0.9496037211238537,0.925687886831601,0.9519642373961466,0.7617512826831672,0.9421708749432605,0.8769340287666247,0.69282349246372,0.8324856481619265,0.727303134511988,0.864614480262015,0.9576735770276548,0.8976541691085209,0.9576735770276548,0.9136381231722888,0.9502726792490606,0.9036569103682484,0.9496037211238535,0.06018876900101888,0.9515133476881699,0.8964706102804099,0.9271009640247971,0.9555383641697375,0.9534886050081051,0.9442013463068033,0.06018876900101888,0.9329497321807896,0.9555383641697375,0.9599080294518356,0.9048766089350635,0.8394320005991045,0.9299834289466344,0.9515133476881705,0.878420891544528,0.8179682595223978,0.9329497321807896,0.9391866557097983,0.8308140518782607,0.9496037211238537,0.913638123172289,0.8268088576336077,0.9375844381576606,0.9048766089350635,0.9599080294518358,0.8039127449891676,0.9136381231722885,0.81708409814679,0.940821549823033,0.09008077800963876,0.9162269502513478,0.8780615512279364,0.8486241527613592,0.8499446834990612,0.8071419677837102,0.06018876900101888,0.8736582841643703,0.9123594767995957,0.9149270915494645,0.9123594767995957,0.9576735770276548,0.8925106518208059,0.06018876900101888,0.06018876900101888,0.925687886831601,0.9345566419027251,0.8500946683680413,0.060188769001018994,0.9576735770276548,0.9459533477380777,0.9175383063396301,0.8906229438722484,0.8030244306367431,0.9459533477380775,0.9188618095812557,0.934468117552512,0.8215094261899889,0.9880934368428602,0.06018876900101888,0.8735611753844452,0.9110906193450523,0.8156484041651726,0.9682760730678028,0.9188618095812557,0.8928400503464531,0.9496037211238537,0.8365766458204862,0.06018876900101888,0.7843401014318689,0.9271009640247969,0.8500946683680413,0.8468653629698399,0.947752420917731,0.8203324548260422,0.9391866557097981,0.06018876900101888,0.9245106322139443,0.7771733827750993,0.06018876900101888,0.9188618095812557,0.8084546019152592,0.8603130600722217,0.8034571229302203,0.8433079947733282,0.06018876900101888,0.7817168377837918,0.8760865533227358,0.9534886050081048,0.6645374445673141,0.7345768080340038,0.9769097246611171,0.9024440319654483,0.8894657784451023,0.9496037211238537,0.8917839318880127,0.9123483154835406,0.9314553797224701,0.8724450251774913,0.8657305039072043,0.8623832375707348,0.26185060030019336,0.9515133476881701,0.9271009640247969,0.06018876900101888,0.9555383641697377,0.8952920587572564,0.8551965465982105,0.9360123464869743,0.9229124393123012,0.11750088746893428,0.7317039196616639,0.947752420917731,0.11750088746893428,0.9360123464869743,0.9459533477380777,0.9375844381576608,0.8713193097015215,0.8976541691085207,0.9555383641697377,0.8651692889773956,0.9576735770276548,0.9375844381576608,0.9818737559710535,0.7882655072649005,0.934468117552512,0.9576735770276548,0.7869631914283186,0.9110906193450521,0.568782998154042,0.2926766727788912,0.9344681175525118,0.8964706102804099,0.9496037211238535,0.9554302009938858,0.8929489608197003,0.9007584705561618,0.9299834289466347,0.8929489608197003,0.9360123464869743,0.9201981569430595,0.7188297285473886,0.8113012486302023,0.8988430035065229,0.940821549823033,0.8293610592189049,0.8837301903431398,0.9608634184056339,0.9795036960805319,0.26185060030019447,0.805918234680862,0.9360123464869743,0.8422177685448576,0.9795036960805319,0.9098310498422768,0.7649227650741162,0.9496037211238535,0.8639560978502496,0.750861336658039,0.912359476799596,0.8929489608197005,0.9555383641697375,0.7670059643554632,0.9190178597011764,0.9534886050081051,0.9110906193450523,0.940821549823033,0.9408215498230332,0.9515133476881705,0.9555383641697375,0.9201981569430604,0.8143949648862079,0.9073379150848064,0.9442013463068035,0.9442013463068033,0.7215550284008241,0.9390736794276016,0.14277765445410606,0.8634987624252982,0.06018876900101888,0.9534886050081051,0.06018876900101888,0.06018876900101888,0.8617026589491732,0.26185060030019414,0.9136381231722885,0.06018876900101888,0.7434229768984768,0.8554431226947272,0.4431028796491814,0.8724450251774911,0.873561175384445,0.7934159251299584,0.8976541691085207,0.4811363598562036,0.8578802781954207,0.9391866557097981,0.9123483154835406,0.47631614527644206,0.9536828573969369,0.7565415109136844,0.6835195578063844,0.9201981569430602,0.9391866557097979,0.9424920127795524,0.7974965287155302,0.9534886050081051,0.8894657784451023,0.9496037211238537,0.8941182576784139,0.934468117552512,0.9772068366488,0.9314553797224701,0.8675946766762876,0.918861809581256,0.9000373939808759,0.9818737559710531,0.7468250682448041,0.9496037211238535,0.22723031374726266,0.947752420917731,0.9085802966718612,0.8773018426300587,0.8296609453116077,0.4998000911078754,0.8478507258139234,0.6009780523155419,0.7918620529956097,0.8825917972400852,0.9442013463068033,0.8156484041651728,0.9215480977067743,0.9599080294518358,0.7934159251299584,0.8365426274325065,0.737415842741127,0.7908522591242595,0.9344681175525118,0.9390736794276013,0.8746839826578143,0.06018876900101888,0.9515133476881701,0.951964237396147,0.9459533477380775,0.8821740773501707,0.9344681175525122,0.9424920127795526,0.9215480977067743,0.8203324548260422,0.9314553797224701,0.8459731339328604,0.9576735770276552,0.7803575371163454,0.9894969760647814,0.8883008446412393,0.11750088746893428,0.9391866557097979,0.6960673847868168,0.9098310498422768,0.9299834289466347,0.793281165065774,0.8724396621400956,0.768731296538479,0.9146670526905689,0.9136381231722888,0.7076837558677659,0.8523344596018205,0.9646668607340485,0.957673577027655,0.9329497321807896,0.947752420917731,0.8566623054005464,0.8964706102804101,0.5642000126171929,0.09008077800963876,0.7830190911339322,0.8308140518782607,0.9599080294518358,0.9352732263513654,0.9496037211238535,0.912359476799596,0.9110906193450525,0.9285324039439788,0.8952920587572564,0.9201981569430604,0.9329497321807896,0.5396522816823406,0.9360123464869741,0.9442013463068035,0.9515133476881701,0.9599080294518356,0.06018876900101888,0.9136381231722888,0.8568046890338215,0.8486241527613594,0.9149270915494645,0.060188769001018994,0.8758082204608497,0.8131962973777598,0.9750660166392207,0.3892599006043077,0.8976541691085207,0.8848712502248575,0.9381464391926995,0.7722075708723508,0.9229124393123009,0.9000373939808763,0.6670508224508331,0.8837301903431398,0.9534886050081051,0.8964706102804101,0.9242920540600268,0.9496037211238535,0.9098310498422768,0.9599080294518354,0.9686400066736423,0.9424920127795526,0.9599080294518356,0.9375844381576606,0.9242920540600268,0.9459533477380775,0.7144596825755909,0.8769340287666241,0.970134355730177,0.9459533477380777,0.934468117552512,0.7666259510559454,0.8433079947733282,0.09008077800963876,0.9515133476881705,0.14277765445410528,0.09008077800963876,0.09008077800963876,0.4176886316821604,0.06018876900101888,0.940821549823033,0.49338564206966096,0.06018876900101888,0.9299834289466344,0.573267241806127,0.9555383641697375,0.9496037211238537,0.9534886050081051,0.947752420917731,0.09008077800963876,0.7830190911339323,0.9080629205282025,0.9314553797224701,0.8873802628159335,0.06018876900101888,0.9012376341940858,0.9496037211238535,0.9299834289466344,0.8338539721527616,0.9024440319654483,0.9555383641697375,0.947752420917731,0.9843238957181939,0.9098310498422768,0.6560569595199759,0.9459533477380775,0.4431028796491814,0.9162269502513478,0.9201981569430602,0.6928234924637202,0.9360123464869743,0.9555383641697377,0.925687886831601,0.9496037211238537,0.9012376341940858,0.8603130600722222,0.06018876900101888,0.9459533477380775,0.874683982657815,0.957673577027655,0.8273466303940549,0.940821549823033,0.9360123464869743,0.8681580978826142,0.11750088746893428,0.7413405382391165,0.8241692899551476,0.06018876900101888,0.06018876900101888,0.45099807789715696,0.7354475081798952,0.8964706102804101,0.7934159251299584,0.8639560978502501,0.8034571229302203,0.8296609453116077,0.8406277147443202,0.9285324039439791,0.8551965465982105,0.06018876900101888,0.8941182576784139,0.9515133476881701,0.9599080294518356,0.8203324548260422,0.9555383641697375,0.848096207138171,0.06018876900101888,0.06018876900101888,0.8127571370256814,0.9459533477380775,0.8213532688476552,0.934468117552512,0.8478507258139234,0.8929489608197003,0.7112670217969732,0.8929489608197003,0.879700761118781,0.8410864781348419,0.060188769001018994,0.9098310498422768,0.8604059906780077,0.947752420917731,0.9555383641697375,0.5902909832316333,0.772144263965423,0.4731808242996275,0.912359476799596,0.947752420917731,0.8500946683680415,0.06018876900101888,0.8707296060265275,0.9123594767995957,0.9287407729092751,0.864614480262015,0.8568046890338215,0.9375844381576608,0.8988430035065225,0.8444753756217376,0.9752369887774633,0.8601523251100105,0.8833956586824041,0.940821549823033,0.957673577027655,0.9175383063396301,0.3068805944579891,0.8551965465982105,0.9515133476881703,0.09008077800963876,0.867963930363939,0.9706982209232327,0.9502726792490606,0.9162269502513478,0.9599080294518356,0.9098310498422768,0.9581756603540756,0.9599080294518358,0.8964706102804099,0.4085772280390677,0.8894657784451021,0.9459533477380775,0.957673577027655,0.9344681175525118,0.9868619655962765,0.8215094261899889,0.9391866557097985,0.9442013463068033,0.9242920540600268,0.5595142023464719,0.9477524209177308,0.7802354107769771,0.4264664336429409,0.7215550284008235,0.7552479062905006,0.06018876900101888,0.8848712502248575,0.9459533477380775,0.7429069381436553,0.957673577027655,0.9772068366488,0.9299834289466342,0.8467269607313441,0.06018876900101888,0.7233371708762363,0.7934159251299584,0.9299834289466344,0.8473003449739174,0.8707296060265275,0.8551965465982104,0.9515133476881701,0.723464360722428,0.6791710386208464,0.7934159251299588,0.7804688175477099,0.9314553797224696,0.7122394337780016,0.9599080294518358,0.9314553797224701,0.9459533477380775,0.9273191685398656,0.925687886831601,0.8566623054005467,0.5177477145540498,0.798477518467807,0.9459533477380775,0.09008077800963876,0.8603130600722222,0.8523344596018205,0.549816561253426,0.8156484041651726,0.7901005262017786,0.06018876900101888,0.9580557204385116,0.854570870649245,0.9175383063396301,0.06018876900101888,0.8860996110792332,0.9391866557097979,0.9555383641697375,0.26185060030019414,0.09008077800963876,0.9344440802083811,0.9271009640247971,0.9259093040850024,0.9242920540600268,0.9024440319654483,0.9314553797224703,0.8009771539783095,0.06018876900101888,0.9686400066736418,0.06018876900101888,0.9555383641697375,0.822683100826022,0.8769340287666239,0.9599080294518356,0.9666307012815272,0.7895618251049048,0.8988430035065229,0.9175383063396301,0.06018876900101888,0.8771406690629772,0.8369331581733881,0.8410864781348419,0.9201981569430604,0.4431028796491827,0.9515133476881705,0.36830258240112845,0.962745373353485,0.4349314918374435,0.9203767054972338,0.7816916104563951,0.4349314918374435,0.9175383063396301,0.9515133476881705,0.8780615512279373,0.4349314918374435,0.9599080294518356,0.9271009640247971,0.947752420917731,0.8780615512279366,0.9442013463068033,0.9627453733534852,0.9299834289466344,0.8848712502248577,0.9098310498422768,0.9818737559710531,0.9085802966718612,0.925687886831601,0.9442013463068035,0.934468117552512,0.7670059643554631,0.9175383063396301,0.8952920587572564,0.850551996185275,0.46602284895230184,0.9024440319654483,0.9728091693196086,0.9477524209177308,0.9496037211238537,0.8952920587572561,0.8871620821950175,0.9229124393123009,0.9229124393123009,0.8941182576784141,0.9515133476881701,0.9534886050081051,0.6342053249905151,0.9215480977067743,0.8883008446412402,0.9123594767995957,0.9201981569430602,0.6619925029686099,0.9843238957181937,0.9188618095812566,0.9459533477380775,0.854222614678763,0.8701999879391744,0.9073379150848062,0.9301746946212588,0.698387143041937,0.9534886050081051,0.9136381231722888,0.627517292729435,0.9271009640247971,0.940821549823033,0.9215480977067743,0.9287407729092751,0.6406778122004781,0.77116169016165,0.9360123464869743,0.7099949359840809,0.9442013463068031,0.9410581871711017,0.750861336658039,0.9496037211238535,0.947752420917731,0.9123483154835408,0.9229124393123014,0.9496037211238537,0.9273191685398656,0.884618961669907,0.745208858607233,0.9424920127795526,0.9424920127795524,0.8771406690629775,0.9299834289466347,0.8964706102804099,0.9496037211238537,0.8797354478006449,0.9299834289466344,0.9534886050081051,0.8860151533715293,0.9772068366488,0.947752420917731,0.957673577027655,0.8780615512279368,0.9555383641697375,0.7290921573098537,0.9534886050081051
p88_F,0.8546321414574898,0.925605968967548,0.63905751075626,0.976074060063137,0.9355809960386168,0.9774873843362967,0.9813838627579049,0.9828510549999327,0.8780124908814335,0.9495505106234361,0.5713747934914905,0.9852901633058908,0.9852901633058908,0.8380225099110042,0.9199796380611351,0.9112569593010917,0.9294643302252341,0.9131105611405985,0.6064918890381656,0.9836543654419934,0.9145855552030098,0.583512322409476,0.9951633986928105,0.9377253379624282,0.5949478945425439,0.9131105611405983,0.7264700974208025,0.8940275945888625,0.9836543654419934,0.9665636680683805,0.9048830033154058,0.9400741852851487,0.9275156757582277,0.9329290708210041,0.9355809960386168,0.9470055188469617,0.45762921009410984,0.7845765883534517,0.9522137875062906,0.845942836075023,0.9031200523835075,0.9983594330401346,0.9522137875062904,0.8895546908938254,0.9294643302252341,0.9964282510843645,0.43518851942535797,0.9356837142274772,0.6033119656904027,0.8920802319381607,0.9422080421889416,0.9926687584133118,0.9131105611405983,0.9256059689675475,0.976515078945666,0.909762579821223,0.9495873612601233,0.935580996038617,0.9225334041887112,0.5139424815431113,0.8808530918450068,0.8335041150813925,0.9541968529441154,0.8724042835510755,0.9942714459947756,0.8245129483088542,0.9422080421889416,0.8677031490372049,0.8116375744019821,0.9470055188469617,0.7693457223189599,0.9114262935403585,0.9578055524052942,0.8038586472341172,0.935580996038617,0.8309895994052318,0.921891580360551,0.9237321696604077,0.9179768608022426,0.836889728021471,0.9237321696604077,0.9984593147144779,0.9000633438867532,0.9131105611405985,0.935580996038617,0.7852944502139066,0.921891580360551,0.7753454676351303,0.7486770726953058,0.9334927596276978,0.935580996038617,0.8148808572458528,0.9520595506460041,0.8159705917998175,0.9838698730483884,0.9047408499968016,0.8214883067456697,0.8564899004423033,0.8653579053493348,0.8637752999394082,0.9495873612601233,0.9399319300513138,0.6912719235150712,0.9721174450820311,0.7932453946532314,0.351347550686809,0.4683146028231636,0.8119379631046308,0.964170004482718,0.8542560104774402,0.8867712181861889,0.9148167155454525,0.9901415714403683,0.6851585474937099,0.43518851942535797,0.9769084564820001,0.9805867004734364,0.9470055188469617,0.9522137875062904,0.8960532224624074,0.8895546908938252,0.8623542432319442,0.7272125248349672,0.9430450953185581,0.9131105611405985,0.7815915804926306,0.45762921009410984,0.8496029817787224,0.9334927596276981,0.9272324378358676,0.8920448061418684,0.9967391619170713,0.9422080421889416,0.9522137875062904,0.978616554847229,0.9511382489921303,0.9015074681576025,0.9989330715481036,0.41034420891855095,0.9314553797224698,0.7626436581009881,0.382498250030858,0.8480964700748992,0.896757171001121,0.8851054684866393,0.8866210237012304,0.8936281262041486,0.8970283477106122,0.9114262935403585,0.9626047837817542,0.9495505106234361,0.9130470727423967,0.6787728935195659,0.8492956954242195,0.9989330715481036,0.9518647719377951,0.9266247878086924,0.8341664144721782,0.8780571349867617,0.8623542432319442,0.9669987356018004,0.9399319300513138,0.916546213700882,0.8183613504774256,0.7972661213634321,0.755203743500272,0.9264261500368134,0.7897222592921718,0.9064920176718159,0.8038126664077956,0.9760740600631372,0.49673579991218075,0.909762579821223,0.9570032715279861,0.834754014272538,0.8815948563190393,0.9470055188469617,0.8624569788734151,0.9562611207259675,0.9163544660332102,0.8880833554050742,0.8874861301845105,0.9495873612601233,0.9334927596276981,0.8467627026932134,0.6594449717219285,0.8453437407159918,0.9375514328635435,0.9256059689675475,0.9032901911357232,0.9314553797224698,0.8780124908814333,0.7082727211273416,0.7563078409777635,0.8808530918450068,0.935580996038617,0.9377253379624282,0.6147792340402808,0.9356837142274772,0.92042070007614,0.8920802319381609,0.9629124330159164,0.935580996038617,0.8776838503851744,0.8479953711128707,0.9495505106234361,0.935580996038617,0.8125698569594537,0.8925262950745887,0.8844608451681755,0.8439253499767936,0.8794294801784418,0.9334927596276981,0.935580996038617,0.8677031490372049,0.9355809960386169,0.9133641417093474,0.986932538036146,0.9835328157860381,0.935580996038617,0.8687120679416105,0.935580996038617,0.7680858902802092,0.914753761965559,0.7902806096913588,0.8597107656371841,0.9967391619170713,0.8012945764591584,0.9314553797224698,0.0,0.9218915803605507,0.8808530918450068,0.7366067933582976,0.8970640020677767,0.9422080421889416,0.8724042835510755,0.8905408702359403,0.8720455479999368,0.9604778720347487,0.7257061345513389,0.9272324378358676,0.9294643302252339,0.8340556435485738,0.9314553797224698,0.935580996038617,0.8766017896141822,0.935580996038617,0.9901920301894066,0.7951184200738988,0.8812152990221935,0.9081181966045127,0.8012945764591584,0.9377253379624282,0.9253852640835396,0.5949478945425433,0.8409767213353478,0.9237321696604077,0.8496029817787225,0.9399319300513138,0.8967571710011212,0.8373021566360073,0.900227987274776,0.9334927596276978,0.944562380594602,0.9795585447766093,0.9522137875062906,0.860402838722307,0.924348743344853,0.9565880742927937,0.8359725460677725,0.8623724660638419,0.9400741852851487,0.9066658543882111,0.9121172971286877,0.9156400131629461,0.351347550686809,0.8542560104774402,0.8910355038772133,0.916546213700882,0.8130310621932637,0.351347550686809,0.8866356388933214,0.7875548195067013,0.9331052725841531,0.8710156683413512,0.9388933740579655,0.6056102150226257,0.8970640020677767,0.8478585776896559,0.5139424815431114,0.9399319300513138,0.9399319300513138,0.7722567066352246,0.9470055188469617,0.9333315572842433,0.8159705917998177,0.8340556435485741,0.8797714013940301,0.9892083965651993,0.9355809960386168,0.9518647719377948,0.9172894915317803,0.7046386402333298,0.7952994429239266,0.9320068308827978,0.9967391619170713,0.9114262935403585,0.929104460779949,0.7445307302578106,0.8851672469450578,0.937754899504107,0.9386048295441269,0.7586486459141029,0.8394630895793052,0.8675975537210803,0.9495505106234361,0.8780124908814333,0.9836543654419934,0.7084202416467238,0.9272324378358678,0.8504178573249539,0.9399319300513138,0.935580996038617,0.9422080421889414,0.8720455479999367,0.9541968529441154,0.351347550686809,0.9331052725841534,0.9852901633058908,0.935580996038617,0.5949478945425437,0.9470055188469617,0.9522137875062902,0.7464342183398178,0.9415238331131339,0.9590434494932021,0.9422080421889416,0.8843193296037337,0.8608546556723584,0.8153889450299144,0.9275156757582279,0.9589356616153148,0.9399319300513138,0.8970640020677767,0.7971709930294198,0.9336830351939281,0.8866210237012304,0.9522137875062904,0.7942501990731501,0.9953407916725414,0.809930938747963,0.48070897431082515,0.9334927596276978,0.9001496633415411,0.9395555589844622,0.8478585776896559,0.8494600808920518,0.7382307295305034,0.935580996038617,0.8396720495620451,0.9980715070378494,0.9348849767198615,0.6789059218019351,0.9168592415074223,0.8528224833278102,0.935580996038617,0.935580996038617,0.9672582712673323,0.9953118525907373,0.8988664577453706,0.9355809960386169,0.9495505106234361,0.9888877218166614,0.9388933740579654,0.7972661213634322,0.8479953711128707,0.9355809960386168,0.7577703728564176,0.921891580360551,0.735330107303876,0.779893981592517,0.935580996038617,0.8458629862644367,0.9641813269710355,0.80821767266797,0.7887659812717751,0.6824504981880039,0.8752052964986368,0.9399319300513138,0.8333011459710062,0.935580996038617,0.7741449272453471,0.9131105611405985,0.8988664577453706,0.9539430195959561,0.8973713569620818,0.7376232163734007,0.975500298406281,0.935580996038617,0.9885516075855594,0.8446470987747128,0.935580996038617,0.9032901911357234,0.9616284363847218,0.9083471446075192,0.7445307302578105,0.8414232580309247,0.935580996038617,0.7430227950113609,0.8425073736236921,0.944562380594602,0.6153736042876923,0.697889622544261,0.8822836759018073,0.8837215992432155,0.8610746666533365,0.43518851942535797,0.9929979934242446,0.856005889625516,0.9183006535947711,0.9131673577818813,0.8936052514575548,0.6608232306250186,0.9183006535947711,0.41034420891855095,0.7171128126277483,0.935580996038617,0.9470055188469617,0.8130310621932637,0.8325766144955156,0.9696315366465988,0.6602151631852053,0.9314553797224701,0.8135508202672987,0.9377253379624282,0.9818737559710533,0.9696315366465988,0.6379651977370264,0.925605968967548,0.8515150466921428,0.9413503191453481,0.9254223119773604,0.8543063200473955,0.9495505106234361,0.925605968967548,0.9183006535947711,0.9067103191000406,0.6284756039758378,0.9836543654419934,0.9315454864295718,0.8940275945888625,0.8441847483274513,0.9148167155454525,0.9218915803605507,0.7777882996052308,0.9967391619170716,0.8970640020677767,0.9338358212159394,0.8570147736596392,0.7434758999605573,0.9338358212159394,0.9237321696604077,0.9048830033154058,0.9366401202067464,0.7344339818932564,0.8332268569828207,0.9294643302252341,0.8108470867287225,0.7890887989996378,0.9388933740579655,0.9590434494932021,0.9183006535947711,0.7403465248516533,0.9844690963672101,0.9141680583790837,0.9590434494932021,0.7257061345513387,0.7567906191652407,0.9967391619170716,0.9511382489921302,0.8963647188032118,0.8207572930178971,0.9645515900483714,0.9470055188469617,0.9366027714453329,0.8627763408565621,0.5661082321204185,0.929104460779949,0.6773178727988077,0.978616554847229,0.9989330715481036,0.9470055188469617,0.9430450953185581,0.9141502777442314,0.8895546908938254,0.444938396233988,0.9334927596276981,0.8701003883997356,0.8822836759018076,0.9294643302252339,0.8967571710011211,0.935580996038617,0.38260971188855086,0.935580996038617,0.935580996038617,0.8637752999394082,0.9183006535947711,0.9329290708210038,0.935580996038617,0.8278701298240867,0.8665473250740781,0.8925262950745886,0.937006727843502,0.8458629862644368,0.8069272580501333,0.9413503191453481,0.8766017896141824,0.8938392776212343,0.9275156757582277,0.856005889625516,0.9445623805946022,0.8955399645501798,0.7413236767256903,0.8425073736236921,0.6753339846499177,0.9275156757582277,0.9314553797224698,0.7924686635613793,0.9942714459947757,0.590401960283351,0.43518851942535797,0.9356837142274772,0.966854861926912,0.7510124144758185,0.9183006535947711,0.8325804774157837,0.38117099951435196,0.8808530918450068,0.9951633986928105,0.8986003425351379,0.9967391619170713,0.921891580360551,0.6225325151695981,0.6967673736468756,0.9197483086230973,0.8211875909760831,0.9422080421889416,0.8439253499767938,0.9294643302252341,0.7995453423845007,0.7635878947249123,0.9334927596276981,0.80821767266797,0.9064920176718159,0.9522137875062904,0.7606847995947024,0.8543063200473957,0.9394399552106525,0.7645900706382259,0.966854861926912,0.8822836759018076,0.8784875920032749,0.935580996038617,0.41034420891855095,0.8940275945888625,0.9888877218166614,0.8496029817787225,0.9218915803605507,0.9818737559710533,0.43579621162731885,0.7137969570097777,0.9183006535947711,0.8446470987747128,0.9495505106234363,0.779745368254578,0.9237321696604077,0.8827966714231752,0.9314553797224701,0.975500298406281,0.8214972846829829,0.7951184200738988,0.916546213700882,0.9350379476236055,0.8479589472056541,0.7527191745136712,0.9298073906738056,0.8160154479064048,0.8335041150813927,0.8431043451889134,0.9048830033154056,0.9836543654419934,0.964170004482718,0.9377253379624282,0.7211301413300408,0.9080208724124175,0.9231164764775377,0.9334927596276978,0.776022281092239,0.7162160900915504,0.9522137875062904,0.9289494109520751,0.9967391619170713,0.8955399645501794,0.6148962787359241,0.9565880742927937,0.9687286209814425,0.6371718926467653,0.964170004482718,0.9625024121535213,0.9237321696604075,0.9111150293377234,0.41034420891855095,0.9522137875062904,0.935580996038617,0.9329290708210041,0.8552976248635571,0.9207130639246641,0.7748379498023497,0.9355809960386169,0.8519739816754524,0.9632353557967394,0.9130470727423967,0.9388933740579655,0.7736294536670363,0.8734886394090499,0.8492956954242192,0.9509554146341784,0.9866030402791095,0.9774350345371767,0.8105886236035886,0.9055871010957909,0.38260971188855086,0.4950165544211136,0.9495873612601231,0.9399319300513138,0.9966447233584261,0.9774873843362966,0.9081181966045127,0.7156159865374475,0.9522137875062904,0.9256059689675478,0.7318143872286751,0.9888877218166616,0.8240441573299115,0.8370742997949028,0.9470055188469617,0.9578055524052942,0.9881818565067271,0.7977883348368817,0.8414232580309247,0.9334927596276978,0.9422080421889416,0.9294643302252339,0.9334927596276978,0.9334927596276978,0.9953407916725412,0.935580996038617,0.9294643302252341,0.8822836759018076,0.935580996038617,0.7009786641682372,0.8905408702359403,0.9470055188469617,0.43518851942535797,0.9331052725841534,0.8973713569620818,0.9334927596276978,0.776022281092239,0.8453437407159918,0.9183006535947711,0.8954325954704268,0.935580996038617,0.914753761965559,0.9967391619170713,0.916546213700882,0.8300238972266913,0.46116094287600684,0.9470055188469617,0.9926931063209248,0.9200817943852444,0.8925262950745887,0.6831243147374937,0.4780450204028919,0.8925262950745887,0.9162366620254039,0.9424686286719846,0.938604829544127,0.8008716284224459,0.9892083965651993,0.9518647719377948,0.43518851942535797,0.8579556355881811,0.8970283477106125,0.935580996038617,0.9888877218166616,0.8429763481150354,0.9836543654419931,0.964670006910987,0.5298611989328199,0.9237321696604077,0.8009294265428091,0.9314553797224701,0.7579325102782858,0.8184014363586074,0.935580996038617,0.935580996038617,0.9597350242898655,0.6661444382825328,0.8406264652017016,0.961860449672711,0.8528224833278102,0.9989431773176689,0.7186850602712933,0.8381857738162459,0.9565880742927935,0.7860466895568217,0.935580996038617,0.9666265784581531,0.41034420891855095,0.9522137875062906,0.9758858100096267,0.351347550686809,0.8573303744450151,0.935580996038617,0.935580996038617,0.8047705081843859,0.691271923515071,0.8379107984436645,0.4935857592767542,0.9955712672694002,0.8724042835510755,0.9473606184418111,0.6054276462975794,0.8379753320678034,0.9411136909025019,0.9355809960386169,0.7604122773126193,0.8154313028937346,0.45762921009410984,0.9254223119773604,0.9413707562534936,0.8262947097973374,0.8866210237012304,0.7498316074099162,0.9926931063209248,0.8988664577453706,0.935580996038617,0.8748383714675434,0.9271458214298686,0.9338358212159394,0.8141847448017359,0.9628827421694487,0.9256059689675478,0.9113565538271904,0.6594449717219285,0.944562380594602,0.8858594269006359,0.9024168610093493,0.9786165548472288,0.9495505106234361,0.9017126880527937,0.9952831447476325,0.8558415769648624,0.9422080421889416,0.9334927596276978,0.8326503130881793,0.909762579821223,0.8298245628351779,0.9368723982681522,0.9522137875062904,0.8298245628351778,0.9522137875062904,0.9522137875062902,0.7777882996052299,0.8986003425351379,0.8682526269766766,0.9355809960386168,0.9495505106234361,0.5385490408431151,0.9432185749403659,0.711459334965343,0.9275156757582279,0.9334927596276981,0.9495873612601233,0.8655068173538911,0.9377253379624282,0.9579128830880594,0.9664656501581601,0.7994594714670615,0.7937184145473293,0.935580996038617,0.8441847483274514,0.9355809960386168,0.8250734885790942,0.9495505106234361,0.9983594330401346,0.916546213700882,0.6535771181060535,0.935580996038617,0.8446470987747128,0.7606847995947024,0.916546213700882,0.8462543035341332,0.8275185553119258,0.8325766144955156,0.41034420891855095,0.8450087843924665,0.8286137066920931,0.7768906158509865,0.7665243135595916,0.7355555555555555,0.6868185156732421,0.9522137875062904,0.8653594771241829,0.9355809960386168,0.7935329376806904,0.9114262935403583,0.8680843364877968,0.8766017896141824,0.7295059149458962,0.9578055524052942,0.9334927596276978,0.8240441573299115,0.8752107045314195,0.5603272151311298,0.80821767266797,0.7778890142269332,0.935580996038617,0.8234134759086205,0.8638995688203523,0.8008418239058325,0.935580996038617,0.8211875909760828,0.9275156757582277,0.351347550686809,0.9183006535947711,0.9334927596276978,0.878873109687901,0.9131105611405985,0.5550101147616109,0.9495873612601233,0.9492333450312933,0.9183006535947711,0.7486540610562391,0.935580996038617,0.9866030402791095,0.935580996038617,0.9470055188469617,0.9243487433448528,0.8533158492412363,0.9522137875062906,0.9064920176718156,0.9510195739875835,0.8794294801784415,0.6521190798851433,0.935580996038617,0.8588667629410589,0.819985330936758,0.643156468309809,0.9430450953185581,0.8925262950745887,0.9422080421889416,0.9048830033154056,0.9786100658041363,0.929104460779949,0.8936281262041483,0.7778890142269334,0.929104460779949,0.9017126880527937,0.5869208677074206,0.8340556435485741,0.929104460779949,0.9522137875062906,0.9541968529441154,0.9926931063209248,0.7774584441818319,0.7557228183031452,0.9032901911357232,0.9590434494932021,0.9614003126538461,0.7257061345513394,0.9615686274509803,0.8910355038772135,0.9114262935403585,0.9629124330159161,0.9881818565067271,0.831010931194812,0.4290349638541133,0.9063742447456442,0.8843193296037335,0.8880833554050742,0.9164774721372544,0.845942836075023,0.9523391253205785,0.43518851942535797,0.9063742447456444,0.8951849796577995,0.6602151631852055,0.9349121160462935,0.9666265784581531,0.41034420891855095,0.38260971188855086,0.9204267760329921,0.9064920176718159,0.9868461318062302,0.8955399645501794,0.6753339846499176,0.8881963720527786,0.7713007349324407,0.9409501284699298,0.478045020402892,0.8650108403997214,0.9362179957732526,0.566335209546825,0.9356837142274774,0.883523029076803,0.944562380594602,0.9953407916725414,0.9238056139707786,0.9131105611405983,0.9722312205307764,0.6292408500687503,0.9125853346219002,0.9170843583448691,0.7412464025662193,0.2959785915743438,0.8757834749046431,0.7039254146249525,0.9079701097502242,0.9860777826493692,0.9967391619170713,0.45762921009410984,0.8844608451681757,0.9081181966045122,0.946453606217171,0.9320068308827978,0.8266608704208851,0.9913650736550723,0.9314553797224701,0.4635241052945285,0.8111252182639921,0.9590434494932021,0.934883713596407,0.9967391619170713,0.8976368706054967,0.6159841925835989,0.38260971188855086,0.8936281262041483,0.7927837732231597,0.9523391253205785,0.9495505106234361,0.9755486419654262,0.9470055188469617,0.9957562398735018,0.38260971188855086
p88_G,0.6998196790123896,0.9288758056186721,0.8688077246092836,0.9060327047326973,0.9384124008873462,0.9543141322095119,0.9132426624384449,0.9606786519927715,0.9162839533116927,0.4235217221540606,0.9270843653068206,0.9902428565647539,0.9364159486136479,0.9060327047326973,0.8916043634534068,0.8742856561410544,0.9325645805415599,0.9169296077473637,0.9493347822888891,0.9517679141853164,0.8636241122876704,0.9253246753246755,0.921891580360551,0.5454440744832267,0.9235944347702936,0.9169296077473637,0.9325645805415599,0.8986853937484478,0.9517679141853161,0.9872931479308098,0.909063675307336,0.9447481688519046,0.9307015751744636,0.9388586611030842,0.9938077685674775,0.9493347822888891,0.9404624926714933,0.9307015751744632,0.38820664002303085,0.9153193686659862,0.8780124908814337,0.6039509345643703,0.9726326202607709,0.9297484119999464,0.9836426671336507,0.9034185850057544,0.9425720985427191,0.8793449357816121,0.9153193686659862,0.7657675083136284,0.5047661957294451,0.8176226485360634,0.9169296077473637,0.9288758056186721,0.9805663112989256,0.9137287800621365,0.7138046051626523,0.9384124008873462,0.9808363472027924,0.934468117552512,0.8860899491808243,0.9076182318577206,0.6134130969236786,0.8027948963261125,0.9469990271543747,0.9187770545437476,0.9447481688519046,0.6248160073900714,0.744658375855066,0.9493347822888891,0.9045383795584439,0.9153193686659862,0.9384124008873462,0.6938145930766613,0.9384124008873462,0.8623348546394318,0.9253246753246755,0.9747821421515683,0.9206032360159119,0.9543141322095121,0.6436356430904486,0.9643765980294188,0.9106019687464653,0.9169296077473639,0.9384124008873462,0.9001312905981322,0.9812252964426879,0.9487975961727895,0.8510128142135613,0.9364159486136474,0.9384124008873462,0.9297118524554644,0.981897661627181,0.8888047999382598,0.9508067898672805,0.7669472632367864,0.8662102272482624,0.8933608835872628,0.9747544809699762,0.903493682301884,0.9551139594816045,0.9425720985427191,0.9384124008873465,0.8279010131824402,0.8707041703100611,0.9493347822888891,0.8874576548572419,0.9932137137459878,0.9694100907323095,0.7140104328606895,0.9057828313463652,0.6907669879810556,0.7900926895085654,0.8902144844650242,0.9425720985427191,0.9298072105017149,0.9288758056186721,0.45409729849609326,0.9543141322095119,0.8542491929403553,0.9297484119999464,0.8742856561410547,0.9235944347702933,0.734020236076791,0.9169296077473639,0.9627605757897475,0.9404624926714933,0.8489359281032565,0.9902428565647543,0.8972500807670707,0.8457245959495681,0.9425720985427191,0.9447481688519046,0.9726326202607709,0.9836426671336507,0.9583788766921102,0.5477746797587062,0.9447481688519046,0.9447481688519046,0.934468117552512,0.9728032557575013,0.9517679141853161,0.8116397691515891,0.8444532057713663,0.839008174716406,0.8916043634534072,0.9313987337345841,0.9386680839111541,0.6224284893742784,0.7927444267338897,0.9517679141853161,0.8860899491808243,0.6248160073900714,0.8559195932254962,0.9447481688519046,0.915319368665986,0.8727288074413173,0.8958248142311336,0.9107320745513348,0.8610478913106778,0.7048655260587722,0.9425720985427191,0.9202142532643911,0.6885931819159937,0.8753619326452879,0.8986853937484476,0.9287691497070169,0.9418510134399245,0.9106019687464653,0.6527982819066382,0.9446701888736628,0.9364159486136476,0.9137287800621368,0.8338004366010847,0.8488009683941944,0.8520894306481992,0.9493347822888889,0.881596616412558,0.9030571559620832,0.8623348546394318,0.7920313862087951,0.8948241071649097,0.9551139594816045,0.9364159486136479,0.8820463820882144,0.8488009683941944,0.8279010131824402,0.43894353288155896,0.9288758056186721,0.9858118985030546,0.5939872500536111,0.88337420099123,0.8088195217746126,0.7546756078943851,0.7793561304895654,0.9384124008873462,0.5454440744832265,0.9344681175525127,0.8312577725061684,0.8255591144904013,0.8688077246092833,0.9364159486136479,0.9384124008873462,0.8406398513598703,0.9214155951365997,0.42352172215406136,0.9384124008873462,0.9535215586917307,0.8972500807670709,0.8623348546394314,0.8528864588606003,0.8847289094375663,0.9364159486136479,0.9384124008873462,0.5986330216102091,0.9384124008873461,0.9384233000157671,0.8296877053467193,0.800606680132719,0.9384124008873462,0.8849533332175412,0.9384124008873462,0.9132426624384453,0.9211999702940654,0.8986853937484476,0.8495413835116425,0.9425720985427191,0.7308293389422374,0.9868619655962765,0.9218915803605507,0.0,0.8860899491808243,0.7481837001179072,0.9015883421806548,0.9447481688519046,0.7389563737676219,0.8601010410207596,0.7588230416072199,0.8753619326452875,0.8972500807670709,0.8972500807670707,0.6077326401296242,0.8610478913106778,0.9344681175525125,0.9384124008873462,0.6608726450084355,0.9384124008873462,0.917806690430639,0.8972500807670709,0.9447481688519046,0.9529366743750118,0.7308293389422373,0.5454440744832266,0.8958248142311334,0.9235944347702933,0.8701112326985445,0.9747821421515683,0.8317311854817004,0.5261306392174072,0.8444532057713663,0.8997253355509458,0.6554191271762597,0.9364159486136474,0.9469990271543745,0.7925699855750057,0.38820664002303085,0.8476498264709562,0.6801322132904253,0.9185607716438657,0.8707041703100611,0.8482685526552223,0.9447481688519046,0.9013807264280215,0.7200295947546955,0.9602239140501465,0.9493347822888891,0.8867072864081955,0.8958248142311336,0.9202142532643911,0.9130812730632978,0.9493347822888891,0.8202029466900853,0.7170732953618844,0.9469990271543747,0.908375355818029,0.9446701888736628,0.9425720985427191,0.9388586611030842,0.7289151348412797,0.934468117552512,0.9425720985427191,0.9425720985427191,0.7557478947704027,0.9493347822888889,0.7420940503786845,0.8240592260016002,0.8610478913106772,0.8586374236656281,0.9493347822888891,0.9384124008873465,0.9573422906623259,0.9344681175525127,0.9447481688519046,0.7125586915151118,0.8064106263992203,0.9425720985427191,0.915319368665986,0.8986853937484478,0.7760341591046291,0.354154018251712,0.8477452641460165,0.8547983376541741,0.9418719239116564,0.9748214106481393,0.9289830069398282,0.9517679141853164,0.88337420099123,0.9517679141853164,0.9015883421806548,0.7420900754778978,0.8902144844650242,0.9393618431817529,0.9384124008873462,0.9447481688519046,0.8241233060064103,0.9169296077473639,0.9493347822888891,0.9469990271543747,0.9364159486136479,0.9384124008873462,0.9694100907323093,0.9493347822888889,0.9543141322095121,0.8916043634534068,0.920603236015912,0.9202142532643911,0.9447481688519046,0.630425059581097,0.7925699855750057,0.9235944347702933,0.9307015751744634,0.8072081079523787,0.5261306392174072,0.9761289800255137,0.7717868275465865,0.9288758056186721,0.9262700211315928,0.9543141322095121,0.7372619946824676,0.9015883421806545,0.7225725701981341,0.9325645805415601,0.9364159486136474,0.9045383795584439,0.8904552749271522,0.7289151348412797,0.9436356618447445,0.7802331379151812,0.9384124008873462,0.8227755500574696,0.7681977112879721,0.9030571559620832,0.9001312905981322,0.9788198231857258,0.6527982819066382,0.9384124008873462,0.9384124008873462,0.7064743333669576,0.45843075259951327,0.829178883741835,0.9384124008873461,0.9517679141853164,0.9384124008873465,0.9060327047326973,0.8753619326452879,0.9833044121535635,0.9384124008873465,0.9075408719115732,0.981225296442688,0.7966052392676446,0.7915610410929516,0.9384124008873462,0.8559195932254962,0.935136627084604,0.7480074620231043,0.7446583758550657,0.907540871911573,0.8693218925956021,0.9425720985427191,0.7457459993073885,0.9384124008873462,0.7781461951214992,0.9596257255045417,0.8291788837418352,0.8433485724483498,0.9404624926714933,0.7952640490644389,0.9307015751744634,0.9384124008873462,0.9052964331108349,0.8111458079800908,0.9384124008873462,0.9858118985030548,0.9899050576655617,0.9133868084125141,0.8002684491786298,0.7365242011142297,0.9384124008873462,0.9938965022350058,0.8866458651886935,0.9469990271543747,0.8460780878403382,0.8002684491786297,0.7076345599008778,0.8888323772351054,0.8740433118343505,0.9425720985427191,0.9083753558180288,0.8623348546394314,0.921891580360551,0.9190159567987894,0.8748687689722259,0.8431820355014632,0.9218915803605507,0.9447481688519046,0.9169296077473639,0.9384124008873462,0.9493347822888891,0.8806825133605407,0.7190849004509701,0.9270843653068206,0.9121566723282291,0.9607441863599597,0.9333923569885569,0.9404624926714933,0.934468117552512,0.9270843653068208,0.9384124008873465,0.9288758056186721,0.8533649275956028,0.8833742009912298,0.9493347822888891,0.9309704742085616,0.9094075605567682,0.9288758056186721,0.921891580360551,0.9778618320947465,0.9253246753246755,0.9517679141853161,0.9795409781025776,0.9351366270846038,0.8688077246092833,0.9185607716438657,0.9253246753246758,0.9146756363968289,0.9425720985427191,0.6884381496726213,0.8347141576053578,0.9073141018667632,0.9202142532643911,0.8780124908814337,0.9747821421515686,0.9090636753073358,0.8562263088127959,0.7529611614876082,0.8847289094375663,0.9836426671336507,0.9833271417271932,0.8977731789942538,0.7462299379986141,0.5939999543203051,0.921891580360551,0.8031348456855891,0.9270843653068208,0.8202029466900854,0.593999954320305,0.8972500807670709,0.9878927564367226,0.9425720985427191,0.9329138271266542,0.8332522392621042,0.9001312905981322,0.9099317521606791,0.9843798933538865,0.8200851396195274,0.8571237000829006,0.9469990271543747,0.9715878604207604,0.9325645805415599,0.9325645805415603,0.9940867605460231,0.45409729849609326,0.9090636753073358,0.788498121206822,0.894409087337305,0.9364159486136476,0.9364159486136479,0.834700964368323,0.4376960364062943,0.9325645805415603,0.8444532057713664,0.9384124008873462,0.9469990271543747,0.9384124008873462,0.9384124008873462,0.9278223884390326,0.6734388855421992,0.9015883421806545,0.9384124008873462,0.9660015273969076,0.9211210766416281,0.8972500807670709,0.7114208489606424,0.8847182735650863,0.788619102479287,0.7875282758041418,0.4649718518108664,0.8310602105669127,0.6205157997053745,0.8715363536479561,0.9469990271543745,0.900131290598132,0.722572570198134,0.851524277012685,0.9090636753073358,0.9307015751744632,0.5939872500536114,0.952929324729379,0.9469990271543745,0.8740433118343505,0.9425720985427191,0.8793449357816123,0.6541501976284603,0.9185607716438655,0.9218915803605507,0.8757180066541809,0.9075408719115732,0.8860899491808245,0.921891580360551,0.9030571559620832,0.9393618431817529,0.9253246753246758,0.9404624926714935,0.8958248142311334,0.8791510662592734,0.8310602105669131,0.9447481688519048,0.8266218514619252,0.6077326401296256,0.9585680210540983,0.8662102272482624,0.9559302354841396,0.7717708609035466,0.9106019687464653,0.9543141322095121,0.7645919468888489,0.8647946830029145,0.46497185181086553,0.7856556945152353,0.9720496894409938,0.43769603640629384,0.8861440163693612,0.9384124008873462,0.9447481688519046,0.8986853937484476,0.9938077685674775,0.8317311854817004,0.9253246753246755,0.9868619655962765,0.9106019687464653,0.7952640490644389,0.966854861926912,0.7327466599103808,0.9517679141853164,0.7497115660996299,0.9747821421515683,0.8367874275468093,0.9868619655962763,0.9805663112989256,0.726958845963046,0.8972500807670709,0.9202142532643911,0.8053776931567698,0.9119538452706666,0.7703597672498947,0.6297805435888608,0.9015883421806548,0.9818976616271808,0.8583422593496204,0.6547055497177079,0.9517679141853164,0.9235944347702933,0.9404624926714935,0.919205971578733,0.9473257685964236,0.8701112326985445,0.9364159486136474,0.7527444777600509,0.8072081079523787,0.9543141322095121,0.5762918413132627,0.9983948723195168,0.9001312905981322,0.935136627084604,0.9619687983522078,0.7629311299091293,0.9090636753073358,0.9235944347702933,0.8766849093977233,0.9270843653068206,0.9364159486136479,0.9447481688519046,0.9543141322095121,0.9384124008873462,0.6884381496726215,0.8368251309284132,0.9694112226663572,0.9030571559620832,0.9384124008873461,0.8584801609121502,0.8116397691515889,0.7124453464236438,0.9060327047326973,0.8833742009912298,0.8688077246092833,0.8272949230390171,0.9783627148269409,0.9121566723282286,0.8860899491808243,0.8447164493374328,0.8675074564961305,0.9469990271543747,0.8820255041972338,0.7138046051626521,0.998394872319517,0.8972500807670709,0.9543141322095117,0.6392633051571592,0.9344681175525127,0.9543141322095121,0.9288758056186721,0.9137287800621368,0.9384124008873465,0.8338004366010849,0.859763049448478,0.9493347822888891,0.9938077685674775,0.6541501976284609,0.9717761746902622,0.9282482779071723,0.9364159486136474,0.9940867605460231,0.9836426671336511,0.9364159486136474,0.9364159486136474,0.901588342180655,0.9384124008873462,0.5566545535375335,0.7413768753377017,0.9384124008873462,0.9202142532643911,0.897773178994254,0.9843798933538865,0.9425720985427191,0.9469990271543745,0.9404624926714933,0.9364159486136474,0.9676771304454341,0.8559208297225789,0.966854861926912,0.6883324749111588,0.9384124008873462,0.8874576548572422,0.9425720985427191,0.9202142532643911,0.9163302989466371,0.8888323772351054,0.9493347822888891,0.9975839852098576,0.6640646615715633,0.8972500807670709,0.9235944347702933,0.9384124008873462,0.7781560598534011,0.9045383795584439,0.9487210184868771,0.8296877053467195,0.9270843653068208,0.9493347822888891,0.9153193686659862,0.9425720985427191,0.9211999702940652,0.8338004366010849,0.9384124008873462,0.9384124008873462,0.8571990620055048,0.42352172215406136,0.8032568888594931,0.9325645805415601,0.9270843653068206,0.9187770545437476,0.9607441863599597,0.9197250812697948,0.7140546306842726,0.9384124008873462,0.9384124008873462,0.9315204524190164,0.8200238589875922,0.9146756363968287,0.9470821860258929,0.9329138271266544,0.7760341591046296,0.8058941123210304,0.6923917379027141,0.9185607716438655,0.7190849004509701,0.9384124008873462,0.9436554450509946,0.9447481688519046,0.38820664002303085,0.7952640490644389,0.9493347822888891,0.8200238589875921,0.9384124008873462,0.9384124008873462,0.7275564768216031,0.9384124008873465,0.7412702399739741,0.9253246753246755,0.8266218514619252,0.8780124908814337,0.9937166764217946,0.9099317521606789,0.7026763640739601,0.8447164493374328,0.9384124008873461,0.8972500807670711,0.7109414699141875,0.9404624926714933,0.9843798933538865,0.891904720385277,0.9917817158560724,0.796404717442921,0.9001312905981322,0.9404624926714933,0.8556126329150247,0.9384124008873462,0.9150970596522616,0.7313453781642063,0.8347141576053578,0.8457245959495681,0.8638170757873311,0.9288758056186721,0.8847289094375663,0.8227755500574696,0.9469990271543745,0.8406398513598705,0.926667780289885,0.9836426671336507,0.9517679141853161,0.9446701888736628,0.9169296077473637,0.9124970646750549,0.44360112512737226,0.9364159486136474,0.8495413835116425,0.631034246323716,0.8972500807670711,0.9809768509989653,0.9543141322095121,0.8972500807670709,0.9543141322095121,0.9726326202607709,0.8820255041972336,0.9407634795537994,0.9052964331108346,0.9384124008873462,0.9517679141853164,0.9253246753246755,0.9253246753246755,0.7966052392676446,0.9307015751744636,0.9364159486136481,0.9964991389010722,0.8714181886270884,0.5454440744832267,0.734064058213844,0.9001312905981322,0.8102313844067466,0.7826697503680343,0.9384124008873462,0.8688077246092833,0.9384124008873465,0.945235593314059,0.4235217221540606,0.918560771643866,0.9202142532643915,0.8515242770126852,0.9384124008873462,0.9487975961727892,0.788619102479287,0.6823246438503602,0.7068106301215111,0.6938145930766615,0.7190849004509701,0.994086760546023,0.8088195217746128,0.8379007267842433,0.8126462580697251,0.7602000973042942,0.9218915803605512,0.8098273729111392,0.9543141322095121,0.921891580360551,0.9938077685674775,0.7747201799789147,0.9153193686659862,0.8296877053467193,0.7588230416072202,0.7703597672498947,0.9384124008873462,0.9364159486136474,0.8843629875983652,0.8317311854817004,0.8740433118343502,0.7242440631426621,0.7512317781870637,0.9384124008873462,0.7326186560660396,0.8342796354092277,0.9060327047326973,0.9384124008873462,0.6656178245154278,0.9307015751744632,0.9493347822888891,0.9668548619269117,0.9364159486136474,0.8392653276543487,0.9169296077473639,0.7784845942513501,0.9964991389010722,0.8888323772351054,0.921891580360551,0.7973846889888172,0.9384124008873462,0.9655033215314223,0.9384124008873462,0.45409729849609315,0.7979426727616281,0.8597630494484778,0.38820664002303085,0.647144998924567,0.7602000973042944,0.9179069363733625,0.9060327047326973,0.9384124008873462,0.6824673540077426,0.9486263410757941,0.8189138111500285,0.9090636753073358,0.933316065142574,0.9940867605460231,0.9090636753073358,0.30974886217361,0.8986853937484476,0.900754983216564,0.7750991061349135,0.8986853937484476,0.9060327047326973,0.9447481688519046,0.8610478913106772,0.8986853937484476,0.38820664002303085,0.9169296077473639,0.9404624926714933,0.8610478913106776,0.9364159486136481,0.3097488621736101,0.9202142532643911,0.8688077246092833,0.9333160651425743,0.988181856506727,0.8958248142311336,0.6644514113706186,0.9364159486136479,0.6541501976284609,0.7717868275465865,0.9060327047326973,0.8806825133605409,0.7049857901450891,0.9279986649762024,0.8888323772351054,0.9153193686659862,0.5454440744832266,0.9425720985427191,0.8806825133605412,0.8714181886270886,0.9121566723282288,0.9529366743750116,0.9115001904163031,0.9447481688519046,0.9469990271543747,0.8742793217197399,0.9508067898672803,0.8651900166347004,0.9001312905981322,0.9090636753073358,0.6335726835213376,0.9235944347702933,0.9075408719115727,0.9938077685674775,0.8519411054454569,0.8520894306481992,0.894409087337305,0.9115001904163029,0.9507907657814697,0.9469990271543747,0.9388586611030842,0.8973721012321094,0.9169296077473637,0.9325645805415599,0.9508067898672805,0.8780124908814335,0.906822210220528,0.7564290474682835,0.9270843653068206,0.8365351316003191,0.9364159486136481,0.5596183889253856,0.8332522392621042,0.9425720985427191,0.9404624926714933,0.8715363536479565,0.9121566723282288,0.9425720985427191,0.743029733558609,0.6029835525387643,0.8375914745592354,0.9344681175525125,0.9344681175525122,0.6824673540077426,0.9914610572055534,0.8820255041972338,0.9425720985427191,0.9064836245262686,0.964376598029419,0.9469990271543747,0.900754983216564,0.9185607716438657,0.9975839852098576,0.4235217221540606,0.8904552749271519,0.45409729849609315,0.9034936823018841,0.9469990271543747
p88_I,0.8838867063657491,0.8990982149673704,0.8434864805334523,0.8666913852644191,0.9457174376824433,0.9127697146833385,0.8070908300948485,0.7615922972448965,0.8220985211691232,0.9264265757108792,0.8380106442750589,0.9030086235821644,0.9030086235821644,0.8390267134917062,0.8426764939973715,0.8722653319531637,0.773716305574518,0.9955667899073477,0.9227150661971701,0.9244746277195348,0.9410136074412561,0.8128115225225254,0.8937890418732636,0.9500805720293444,0.7885065058798691,0.8732840781850184,0.956577396528704,0.8715535812823529,0.9741742265760636,0.7350218526435146,0.8612853521281925,0.9157186269856046,0.8942918945731195,0.9366313662944459,0.9060540201833016,0.6501387041207702,0.9091812387167526,0.8557839418818975,0.9303105872741888,0.858374195870849,0.8889732660486707,0.9379330804465718,0.9303105872741888,0.9907502008096276,0.9931496147195411,0.8239895977372563,0.95466724533758,0.8850223322642587,0.6176648702392744,0.8652903420416289,0.9595131865896311,0.9649885397804381,0.8732840781850184,0.8915068580997119,0.9985977496218883,0.927665598664277,0.6278538287715327,0.9060540201833014,0.9806134789600931,0.9000373939808763,0.8262411347517735,0.8691007385433576,0.8515798204397419,0.9510460482764351,0.5802233807313169,0.8858613270218627,0.8215140153902362,0.8648051098710234,0.9996915194428326,0.8399814728683517,0.8177304100669494,0.9009164784975772,0.8956288923209896,0.7850774260728466,0.9060540201833014,0.7900050147457418,0.9800884826873312,0.8721625402909539,0.8133631006884943,0.8081565826550231,0.9746182283386399,0.9636029833081041,0.9924336561265173,0.8732840781850191,0.9060540201833014,0.8357022301756417,0.7793561304895641,0.8105663352174177,0.892190137626182,0.9030086235821642,0.9060540201833014,0.5460053972376062,0.8159162186471031,0.8437598061457672,0.978779449366324,0.9080456885985176,0.6224846164276254,0.8771384844196284,0.8587652192835504,0.7692837169311608,0.6278538287715327,0.8762607344566619,0.9749557273192732,0.6965568396894555,0.9633265710464143,0.9227150661971699,0.8334367410988699,0.8304511505689167,0.9525279364182085,0.7189145330926046,0.5449335274057454,0.9066648743780518,0.8153177923293844,0.6756157262234239,0.9123992402861407,0.8205716363501387,0.9264060125885316,0.9227150661971699,0.9826171532883463,0.81294131252081,0.9586434598182525,0.6223939295189143,0.9818634913664555,0.996740162882419,0.8210091425091597,0.7524973539723272,0.9091812387167526,0.8195368083509806,0.9415490144516765,0.9207352331609371,0.8242811816885594,0.9185287395081015,0.9528976942023157,0.9303105872741888,0.48113856004781963,0.9873855390556807,0.857996089679574,0.9595131865896311,0.9595131865896311,0.9000373939808766,0.9144225110850612,0.9264265757108792,0.7630283937704254,0.6832192289410475,0.6970273621028533,0.8594736652769661,0.9993371265780444,0.7260158778131138,0.9610938099054707,0.6554424779728343,0.7753758311499496,0.8262411347517733,0.8539872531409711,0.8833192927368403,0.9091031345982892,0.9009164784975772,0.5717638114958781,0.9177656153449203,0.8483619554001924,0.6855615218349045,0.8058495777389474,0.8762607344566619,0.9319824779930974,0.8058027258906706,0.8549398419556211,0.684758267628512,0.895751566163836,0.928191664608593,0.9499925548591655,0.8597536350906678,0.8390267134917062,0.9030086235821644,0.8684015223223849,0.6947346566772055,0.9719077222868919,0.7379084940310248,0.9823635494290388,0.8199072685314985,0.5539220030370111,0.8111772170360736,0.886900491736297,0.879600056722037,0.8056460577972092,0.9428298129397872,0.9476227217700822,0.674039503088383,0.81294131252081,0.957178854256507,0.8915068580997115,0.9448886929372265,0.9000373939808766,0.939916427317623,0.9440298563245737,0.8158443870607015,0.9460124475322045,0.9060540201833014,0.9091812387167526,0.9000373939808766,0.8850223322642587,0.9825657153515844,0.8434864805334525,0.9813702038092993,0.9060540201833014,0.9303098669803813,0.9522864864068856,0.9761261745674079,0.9060540201833014,0.9409152665400702,0.9207352331609369,0.9170382284877328,0.8671675727709441,0.6056989815815377,0.44180473163612877,0.9060540201833014,0.8835522856702239,0.9060540201833015,0.9804105648436121,0.9715915181301531,0.9646996217954682,0.9060540201833014,0.8756041603975977,0.9060540201833014,0.8599930133911246,0.9491259459009258,0.8674533886652147,0.9677602953515634,0.6226527041480248,0.7980187797719538,0.9000373939808763,0.8808530918450068,0.8860899491808243,0.0,0.6158783689072498,0.8498824478883682,0.9157186269856044,0.8367741299372242,0.9279179626711536,0.8200412134706068,0.9648070850732315,0.9723821580107985,0.8949117707360059,0.9931496147195412,0.5381704730975942,0.9375517053100488,0.9060540201833014,0.9603073634107069,0.9060540201833014,0.7485935184876877,0.9982056204357297,0.9091031345982892,0.9880029397498309,0.7639868205479867,0.9091812387167526,0.8410907383848318,0.883450633043452,0.6276639988875605,0.8721625402909541,0.8766978767106222,0.9123992402861407,0.5051309260566132,0.881453808452556,0.7846540188244575,0.9030086235821644,0.9898252637321052,0.804142080206922,0.9303105872741888,0.9765058885150233,0.7985527786402569,0.937933080446572,0.780495239363846,0.4697562028562313,0.9528976942023157,0.9219493200820328,0.8475611106791877,0.9297255464363097,0.9227150661971699,0.7365791029703996,0.9433239076649498,0.48929540358300516,0.9500303160145489,0.9227150661971699,0.8183706130765613,0.8295188800372719,0.9898252637321052,0.8572757496494623,0.4793859804464373,0.95466724533758,0.9833113140241097,0.7464391323418083,0.9000373939808763,0.9123992402861407,0.960796744559541,0.7219721536892392,0.8874421650552473,0.6787808510530564,0.8624499052298837,0.8722653319531637,0.9301595452732547,0.8874421650552475,0.49899471732957124,0.6477535359432214,0.8373624267149189,0.9966922538063423,0.7543243774682031,0.8572757496494621,0.7071887142509036,0.9787288586866358,0.9237521872928394,0.8037295897365635,0.9063104513897702,0.911737459779512,0.7227592897443631,0.7354264275636672,0.7137106941944387,0.6193259217926723,0.7256762322934209,0.9163528460879231,0.9264265757108792,0.8032025001587045,0.9465586955858678,0.8969489263105562,0.9123992402861405,0.9060540201833014,0.9157186269856044,0.9836850550673903,0.5764437190645026,0.9227150661971699,0.9646634159344738,0.6345066859836899,0.9060540201833014,0.9490592052587878,0.9349028572421432,0.965076280697496,0.9419597742392591,0.7836684607242985,0.5525364142130185,0.9091031345982892,0.6917809127153969,0.6804900910623546,0.9197236503105407,0.8942918945731195,0.734231774934454,0.95466724533758,0.9032539943426647,0.7429343722544406,0.8915068580997116,0.8842944853374377,0.8604631486691809,0.7878033256721106,0.6430878607958146,0.8106136891524247,0.8834329601470297,0.9415490144516763,0.9816739814469486,0.6223939295189143,0.7808784623355964,0.7659802778206584,0.7255507718512779,0.9060540201833014,0.8228328698133232,0.8740463482181049,0.47292813743374773,0.9795923197112879,0.9264265757108792,0.8232873768149498,0.9060540201833014,0.9060540201833014,0.9610938099054707,0.939916427317623,0.6927695240945951,0.9060540201833015,0.8747750288630065,0.49899471732957257,0.6177093393100026,0.8098765737128346,0.8670101743155205,0.8559654748218479,0.6366547927597186,0.7793561304895641,0.7596591111983559,0.7858724749440471,0.9060540201833014,0.9451793793958458,0.5281624495970538,0.7230350367105634,0.7450408195012901,0.8608249019797242,0.7308634369981144,0.9123992402861405,0.810926935626505,0.9060540201833014,0.7246898865640405,0.7904384645785774,0.8340623783589278,0.8542624693476438,0.9909799053419359,0.7804598720496001,0.8914873938168952,0.9060540201833014,0.9421296844833309,0.7418135467930372,0.9060540201833014,0.888846165632225,0.8085085788841986,0.8757501146489808,0.734321998072891,0.7371649279940471,0.9060540201833014,0.7280229754308982,0.8085635824734225,0.9898252637321052,0.7740407288105018,0.8037295897365633,0.9249662444564586,0.830424445910972,0.7222089644182328,0.9123992402861407,0.9385092927164109,0.7900050147457418,0.8615950609758736,0.764860182688482,0.5349033361472353,0.8593192976991506,0.8808530918450068,0.9157186269856044,0.7598677866479954,0.9060540201833014,0.9823635494290388,0.9732280234467849,0.99973851156235,0.9229260836136746,0.9880029397498307,0.9000373939808766,0.9274282663490239,0.8454227614076977,0.9000373939808766,0.8038587482591635,0.9749557273192732,0.8990982149673707,0.919251468892512,0.5652483668586775,0.8874421650552474,0.7707095949208675,0.9264265757108794,0.9688965239450098,0.9581770036680435,0.82056183640446,0.9530007332467463,0.6759766334368932,0.9380920684996474,0.9759507933033258,0.9743096495825112,0.9068526714114966,0.9530007332467467,0.9369296717540234,0.9123992402861405,0.9566255407969615,0.6147206620345658,0.7926593865578568,0.9952234886231107,0.8824828972729086,0.8721625402909542,0.8896802491260702,0.7014603480668281,0.7324933799260902,0.7957443213653179,0.7737163055745179,0.760195476219504,0.682014118704626,0.9673205840993027,0.9415355007468762,0.9130470727423967,0.7284929181383004,0.9404663323227447,0.9110043990113197,0.9952234886231107,0.7952066801648225,0.6644428990593527,0.9607967445595409,0.8667494278414473,0.8390660174771736,0.8620887230489374,0.9967548156121191,0.9227150661971701,0.7775162551171841,0.9307019265661585,0.9191520956010528,0.8152547826547282,0.9702781670896217,0.9702781670896217,0.9091031345982893,0.9227150661971699,0.8263707808951523,0.6899053756180187,0.8321276113879524,0.9800894053211886,0.9428298129397871,0.7958427337933982,0.8766468415675246,0.8971337307079472,0.7821571749879555,0.9060540201833014,0.9191520956010533,0.9060540201833014,0.9060540201833014,0.7518642165443483,0.8808530918450068,0.536344767887221,0.9060540201833014,0.7510434676129372,0.807531079903199,0.9982056204357297,0.6963221743482191,0.8833192927368401,0.8773919487047175,0.8244477603853776,0.8434189051272902,0.8120245408232596,0.8942918945731191,0.8111772170360736,0.919152095601053,0.8476598553448089,0.7085178114805234,0.7335748792766212,0.6843962959057637,0.8914873938168952,0.9750660166392211,0.8533538482604044,0.9898252637321052,0.6326992707919825,0.9123992402861407,0.4933470467107427,0.9530007332467463,0.9379330804465718,0.9452410536397868,0.7933266846837896,0.9729099565897273,0.8981039224200322,0.8808530918450068,0.8791209377401443,0.95466724533758,0.8860899491808245,0.9909799053419359,0.9033263384148736,0.8671675727709443,0.7915557390131082,0.9966922538063423,0.7003032277017666,0.8971337307079474,0.6939872872901149,0.7301881088965589,0.8272086403312509,0.7570645106707725,0.9787794493663242,0.9650762806974958,0.7225596533216541,0.8072679398540046,0.8901742884406567,0.7968236539766131,0.8128115225225255,0.9008065430119916,0.9686937130358202,0.9060540201833014,0.9157186269856044,0.9759507933033258,0.9352923098201313,0.7993894025847421,0.9530007332467463,0.9000373939808768,0.9499925548591655,0.6918190055558425,0.9903709845654333,0.7590017438991326,0.9264265757108794,0.6815226161762763,0.9229260836136746,0.8694249128041454,0.9375517053100488,0.9985977496218882,0.9510063048280262,0.8468536050146844,0.4892954035830053,0.8439888696114521,0.7782696906383455,0.8148601666625007,0.8623303103206001,0.9299397675698129,0.7763357954816124,0.7612820236783144,0.9464700431218256,0.9761261745674079,0.6572893614491975,0.9681207613454724,0.9924497533844958,0.9603073634107069,0.8676904649776698,0.9030086235821644,0.7957907586151844,0.7884111728999822,0.8081565826550231,0.87841454941722,0.9969352503890196,0.7037697658091626,0.8976528842875962,0.9068526714114968,0.9339811468242711,0.8263707808951524,0.9525279364182087,0.8572757496494622,0.8887741875977788,0.9800894053211886,0.9966922538063423,0.9303105872741888,0.9060540201833014,0.9900029127487422,0.7270949486101681,0.7636587973387023,0.931893375852241,0.9060540201833015,0.8257895438379681,0.6579020637585136,0.8262411347517733,0.6453740110827157,0.8456621023988231,0.8948671813684301,0.7802191483051635,0.6463506175694635,0.8952021501676388,0.5749023013460702,0.7791949083120171,0.8987185179403039,0.919152095601053,0.9929372532759263,0.5982217906005867,0.7494567193023434,0.48532513106565167,0.9127697146833386,0.8660034226470059,0.9499053607024347,0.965076280697496,0.8915068580997119,0.8945421723100472,0.9352923098201313,0.8214454772574482,0.911737459779512,0.9227150661971701,0.9749557273192732,0.9195453412137853,0.7759075457372147,0.8229621753648266,0.9415490144516763,0.9966922538063423,0.9337059488987842,0.9415490144516763,0.9030086235821642,0.9833113140241097,0.9060540201833014,0.9337059488987844,0.9249662444564588,0.9060540201833014,0.8055004567330711,0.7470254384753292,0.9823635494290388,0.9123992402861407,0.919152095601053,0.9909799053419359,0.9415490144516763,0.7273938358746086,0.7374794897839279,0.8808530918450068,0.8142732420194787,0.9060540201833014,0.39856211509846196,0.9546672453375802,0.9731560060618827,0.8060858703160152,0.7065010166743967,0.8874421650552472,0.9909799053419359,0.91625491915112,0.8726770674396154,0.91625491915112,0.985380855181585,0.9759709171393394,0.9543500528836153,0.7979758838972747,0.8097772399460736,0.9063144363068494,0.9349028572421431,0.5273988731274342,0.9123992402861407,0.8575964425433371,0.8346251525961788,0.9060540201833014,0.985380855181585,0.8650699031843847,0.9264265757108794,0.6542497208399065,0.9931496147195411,0.9404663323227446,0.8156710794496131,0.9000373939808766,0.750038067636763,0.7549208348295811,0.9060540201833014,0.9060540201833014,0.8666490307048613,0.8336443919458547,0.8526711033358261,0.9677757559122191,0.768587989401373,0.716970100156973,0.9201390099587958,0.7667582446985044,0.37829792078177227,0.8271561427134089,0.9060540201833014,0.954092401267036,0.9157186269856044,0.9303105872741888,0.6918190055558426,0.9227150661971699,0.8827048352741214,0.9060540201833014,0.9060540201833014,0.7860641999422515,0.8956288923209897,0.8010674614154298,0.9195453412137853,0.6814976103310151,0.8139197462693823,0.9880029397498307,0.9739004319442772,0.8364573809476745,0.6850345974733847,0.9060540201833015,0.6402659056152367,0.7670168614222006,0.9500805720293444,0.9227150661971699,0.9593826330683966,0.9555810362663598,0.9667805942997311,0.6246102871892754,0.9091812387167526,0.9286959978682228,0.9060540201833014,0.8026818239867017,0.7565427515557542,0.8367741299372242,0.5199700474143212,0.82839795763057,0.9962043215661707,0.8954320014860393,0.5622333637332064,0.9191520956010528,0.756911366518008,0.8217442484613371,0.9931496147195411,0.9761261745674079,0.9220207288098453,0.9649961119767656,0.7579140044237123,0.9157186269856044,0.9030086235821644,0.7704898006819783,0.9869296750061689,0.7952066801648224,0.963678161426385,0.9303105872741888,0.9759709171393393,0.9303105872741888,0.9127697146833382,0.5721388034556255,0.8521229825390564,0.8526199908570808,0.9060540201833016,0.9244746277195349,0.7793561304895643,0.8860899491808238,0.5998074684789778,0.8942918945731197,0.9030086235821644,0.9834382868228851,0.8038607701862466,0.9091812387167526,0.7985841800487992,0.9268193339646964,0.7608020000032061,0.7348314204833806,0.9060540201833014,0.5460053972376062,0.9853808551815852,0.7987891246424286,0.9264265757108792,0.9377452834131271,0.878294490116863,0.7415041983457689,0.9060540201833014,0.7418135467930376,0.7053560649457582,0.878294490116863,0.744129107025572,0.7850774260728466,0.7579140044237126,0.9157186269856044,0.8110545196981593,0.9579150735307425,0.950572167536323,0.7652110372554313,0.7650131182837037,0.6913270134908263,0.7558500166408655,0.8615950609758737,0.9352923098201313,0.9480379530424075,0.8583741958708491,0.8097772399460734,0.8200412134706068,0.6766836506879521,0.974955727319273,0.9415490144516763,0.7803205152046462,0.7422283342251006,0.9459831984838567,0.7740792476508771,0.781351801449065,0.9060540201833014,0.7111045759909143,0.8114939659631963,0.8390267134917061,0.9060540201833014,0.7759863844447474,0.8914873938168952,0.9227150661971699,0.9452410536397868,0.9030086235821642,0.973381990547172,0.9038547561156012,0.945066378441195,0.9241742104809931,0.56026695222767,0.9903709845654333,0.7400804929759892,0.9060540201833014,0.8952021501676386,0.9060540201833014,0.9227150661971699,0.6319972697604904,0.8279671348677371,0.9303105872741888,0.9499925548591657,0.9539649814711467,0.8954320014860389,0.7007033546281414,0.9060540201833014,0.9028763097274001,0.7563399793966474,0.9252075776385495,0.570816707914253,0.8432648458861451,0.8653085749942627,0.8612853521281925,0.9430262524527702,0.8976528842875964,0.8018671341774823,0.7300843489907229,0.8976528842875964,0.9949852558720156,0.9595131865896311,0.8933211960584939,0.8976528842875964,0.9303105872741888,0.6070143969950845,0.9500805720293444,0.6645056577295746,0.9415490144516765,0.858962461495268,0.742259446103058,0.8652903420416289,0.8949117707360064,0.8808530918450068,0.8410907383848318,0.9310051442015239,0.9813702038092992,0.9195453412137853,0.8766649162553819,0.9396559123265897,0.6948555342599526,0.9053246445651169,0.886900491736297,0.8547967899854267,0.8583741958708492,0.9091812387167526,0.9969352503890196,0.9732280234467846,0.8649041019139969,0.8660034226470059,0.9004067571879331,0.8619989759299995,0.9157186269856044,0.919152095601053,0.9140831285986271,0.8636318713376898,0.8395942488083243,0.8740463482181047,0.8831605748909078,0.9750209551913045,0.9818634913664557,0.971047516105271,0.9853808551815852,0.7873829162649302,0.7582299483471948,0.9654470311235677,0.8389756195957403,0.9797389959937668,0.6712460213981588,0.9633171395215939,0.9677602953515633,0.8732840781850184,0.6639996510020062,0.9212056603520069,0.8661188823808286,0.9998206562911536,0.9668303346297289,0.9229260836136746,0.978899500696247,0.9428298129397868,0.8825589916190928,0.8215720443359404,0.5803846990965855,0.9681207613454723,0.7900050147457418,0.8660034226470052,0.9969352503890196,0.8704376401717018,0.785583081210905,0.9008121989134347,0.7998481153857467,0.9874196720316067,0.7430246670080214,0.7422594461030579,0.8760487949925095,0.9546672453375802,0.7962089305552098,0.9003619726780909,0.919152095601053,0.8238082444442114,0.9999061014832779,0.9272214280328809,0.9264265757108794,0.9354329242691541,0.9227150661971699,0.8823262753325901,0.919152095601053
p88_L,0.9527208237433253,0.809900174841639,0.8839075912831991,0.8014191303294622,0.8402244909810184,0.8459404597981652,0.9242951355609585,0.8608031075888711,0.5536541055195208,0.8373542339687656,0.7784558727705826,0.9672237320448482,0.8848266837424023,0.7619888556678256,0.9528663576333158,0.9365784174916305,0.9029130920795911,0.8661899480672874,0.9644401760048045,0.8727724895979359,0.9346303271772145,0.7958674502672041,0.8283785316724068,0.8575242220571018,0.7423490716619214,0.6701151105328296,0.8507869501142136,0.7092621163632731,0.9081907452271052,0.7966580885231949,0.6995849120780244,0.9366370005594443,0.7756935377502112,0.7993679470361441,0.8684904949817042,0.8967947636921045,0.8575242220571015,0.8680911962917619,0.8459404597981655,0.8216572613196977,0.9143820050551712,0.8361215673069284,0.8459404597981652,0.8151016409571136,0.9289761630622799,0.7027717669447282,0.8063445760987145,0.7505660532532512,0.7144443181609983,0.7897849550206899,0.813682608787891,0.7788938472767273,0.6701151105328296,0.7921675429296331,0.8680911962917621,0.7935493149400845,0.7301977913725637,0.7554264789789611,0.8314331507809104,0.8324856481619269,0.6500717955203685,0.8944628371170886,0.8070186560419506,0.8655207010435533,0.8212728377122547,0.7674257200750806,0.969732852945806,0.9209694816637497,0.9683800173953274,0.9306174698484544,0.7949230664552318,0.778772084056218,0.8488494650114393,0.7300586368377979,0.7554264789789611,0.9582450662050506,0.8197093253418526,0.7784558727705821,0.7984914995680216,0.8832165619961239,0.8027941091173925,0.8210875933174544,0.8911657424838039,0.7354733897109831,0.7554264789789611,0.7760533443325752,0.9389187007150983,0.8800623190523402,0.8496673595480104,0.7474982699049917,0.7554264789789611,0.6352923884671133,0.7012515826818999,0.8074516342931111,0.8911657424838039,0.9310487639259286,0.6869991614837987,0.8435895345923252,0.654896469555758,0.6114171230137222,0.7724321404175774,0.8665888856018398,0.877115469012125,0.8633219861143879,0.9811198647201047,0.8291493513794035,0.7065771346248255,0.6947240251131682,0.9995056040300532,0.704985644469114,0.664817516114601,0.7253748110361924,0.623141450652412,0.6648385545681428,0.8364667308502771,0.7210930035067323,0.9093832453988209,0.8291493513794035,0.8832165619961234,0.5451241968781655,0.9504794907572232,0.6214651794532624,0.8826162711354477,0.8552334293448844,0.8288047491013348,0.7347838870920318,0.799230671378363,0.9428142070789303,0.8130508058152965,0.868009863545373,0.5714440688258171,0.8364667308502767,0.9073127552826397,0.9577687663920409,0.772597737166147,0.7573185955829109,0.9711614707126257,0.969732852945806,0.813682608787891,0.7397631429015081,0.764713429353527,0.8373542339687656,0.4422902013886193,0.6305902421762932,0.691854880284176,0.6402986998070861,0.8438263573025758,0.6008012919739252,0.9288702044783974,0.7481730661430284,0.9436090008562756,0.6330008691117073,0.5312658787339752,0.8392895449426163,0.8761027064510569,0.7066057887820234,0.855951835653445,0.877729361934272,0.8743635483874101,0.8915622406290065,0.836910894384649,0.8967110403534027,0.7985533442261599,0.7814364145218553,0.9329579903331779,0.7327504107892782,0.9757144982716834,0.8980949037179651,0.862655629467032,0.8788555784485382,0.761988855667826,0.8130508058152968,0.784107194609778,0.973498474913821,0.9203618425738626,0.8198279506283184,0.8967947636921048,0.8266421735872975,0.8270143450665142,0.8154304291094429,0.967954219848373,0.8145630565747071,0.941369536597632,0.967223732044848,0.6723336828567057,0.6812467704026897,0.5451241968781657,0.8456202395006773,0.7175552400117466,0.9278452066839691,0.8324856481619269,0.8895042784520929,0.7466670914619353,0.8507325042098877,0.8207294858111711,0.7554264789789611,0.8283774467177323,0.9928923515131387,0.8490111681656207,0.8114401596960925,0.7431696044926754,0.9122923665098842,0.7554264789789611,0.7969650186108661,0.7291887376501653,0.8373542339687656,0.7554264789789611,0.768279927619985,0.6655768025380864,0.6494591256734052,0.5929265599378089,0.6112887404907723,0.7855851230478148,0.7554264789789611,0.9187091604038773,0.7554264789789611,0.8207491506682497,0.7510187416548919,0.7987079468971139,0.7554264789789611,0.8670861054058355,0.7554264789789611,0.9242951355609585,0.880206903215915,0.7885491580740229,0.8083061376433993,0.8665888856018398,0.7956466519612801,0.7664975934600435,0.7366067933582976,0.7481837001179072,0.6158783689072498,0.0,0.668141254891401,0.8136826087878912,0.8738856775611519,0.8290498509492901,0.9686932271796125,0.7402728511171011,0.904815874637607,0.6839798080842028,0.7986608081488362,0.6814867486034275,0.84670094513565,0.7554264789789611,0.9979867027125154,0.7554264789789611,0.7372162243079677,0.9479600809934581,0.9385228041142228,0.9118630069110325,0.7956466519612801,0.7992306713783632,0.6955890325024278,0.7891048048197633,0.7027221011812184,0.8514705818110111,0.5626148320484625,0.8063445760987145,0.6305902421762937,0.8476520246825534,0.8721446285949901,0.7474982699049917,0.9834403013011903,0.8292362438657113,0.8459404597981655,0.7682799276199846,0.9907664455285081,0.8980862176433039,0.5457736442549188,0.6026168580601532,0.9990570982226108,0.9253486690958413,0.9028952009410298,0.6707925447336072,0.8291493513794035,0.566511070730819,0.8413012960479029,0.7760190951348649,0.9778743986084761,0.8291493513794035,0.8009174153548693,0.6731335965669352,0.918573315865616,0.9237404508841043,0.6831283063445519,0.9268331951049655,0.934386653927628,0.7090422139419703,0.8057511976033918,0.8364667308502769,0.9870775046080911,0.6888072578826643,0.8629720575357545,0.7987310623121708,0.5810211946206626,0.8465460637663822,0.9334290562362888,0.8629720575357545,0.7923174570100684,0.7787720840562178,0.8057511976033924,0.9073127552826399,0.7202932884288314,0.9399107973013758,0.8967110403534027,0.8995890864676832,0.74646128121977,0.7764821158164799,0.8576225708110163,0.9505366954847506,0.9560256981529784,0.5766318729785347,0.50102034915906,0.6213716690734221,0.8373542339687647,0.7047866833391776,0.8373542339687652,0.8392990114146899,0.9847660920856918,0.6473127349096996,0.9268331951049655,0.7554264789789611,0.7805867564015274,0.868733016855995,0.7198742838044143,0.8291493513794035,0.886139823147829,0.8679821713502605,0.7554264789789611,0.8358605379776056,0.9002689993697954,0.8832165619961236,0.6875392211814035,0.664617731684628,0.7760190951348651,0.9054269517278617,0.8824158561285934,0.6655844749022715,0.7423490716619217,0.7248056426133498,0.6845037406188124,0.8967110403534027,0.7423153615283813,0.7233245457458841,0.8170383105689284,0.7818065059147717,0.9204926641940823,0.7813982097674348,0.7061763118965758,0.7314244542000972,0.7725977371661472,0.7749639526724739,0.892284605473187,0.7415083177535928,0.7090422139419703,0.6539841915364447,0.6189179989327696,0.7554264789789611,0.5219704555504148,0.9076830757332408,0.6923343173511627,0.8700745810473363,0.9436090008562754,0.8528680194507845,0.7554264789789611,0.7554264789789611,0.9288702044783974,0.858608091848478,0.5318703331249628,0.7554264789789611,0.837354233968765,0.7923174570100682,0.8605645423219165,0.8847867055291587,0.704879984338221,0.9336474770134962,0.7481218544360966,0.819709325341853,0.6558758616458507,0.7564084334239839,0.7554264789789611,0.8521197442552093,0.695551245932782,0.7733887603229045,0.6651872525590973,0.7481218544360966,0.8445407415485668,0.8364667308502769,0.7248827355227807,0.7554264789789611,0.6102546380713556,0.8288047491013351,0.7802382230625804,0.9482227123032343,0.9741113234145784,0.663349809538055,0.8172033011549011,0.7554264789789611,0.8506455853602272,0.5125889553342724,0.7554264789789611,0.9078759453230945,0.7915301068713472,0.7154983336336673,0.6033612942710282,0.6958360379916217,0.7554264789789611,0.7136980949328937,0.8140885763755008,0.9834403013011903,0.8954128357163829,0.7393847969138835,0.9490762302424576,0.5759056978042321,0.7187800908863375,0.8063445760987145,0.979237470612264,0.49857612254973405,0.7595497279368251,0.5691701317702116,0.6262705877872916,0.8363155912138507,0.7357057113355759,0.813682608787891,0.8505908421607193,0.7554264789789611,0.9306174698484544,0.9282790889430517,0.8765625052814143,0.8077941093336549,0.9326713840240484,0.7932320440185793,0.8596278178177194,0.9158177727358401,0.7932320440185792,0.7784558727705826,0.9053814730128105,0.9093832453988209,0.7965476927713895,0.6570979880889336,0.8629720575357545,0.5469028545553127,0.8792997209978729,0.9165213811261109,0.8513214662509343,0.8605324502902828,0.7958674502672034,0.8727724895979352,0.7308256055598585,0.74646128121977,0.9296310066047377,0.9202355688974512,0.7749787983891115,0.7021326663166332,0.9828003406403463,0.7251938403991645,0.7840851943575233,0.7535145798883263,0.7985533442261596,0.7273017655262989,0.9488235271982495,0.7198204420133465,0.8334130791672318,0.5718344375451186,0.712865130146737,0.9029130920795911,0.6854843704866092,0.614988911035355,0.959140228976008,0.8436218424087494,0.8045345150711576,0.6137343732185783,0.875808818157821,0.8690067705921442,0.9562930878652227,0.7271240144400568,0.6306905445725561,0.9268331951049651,0.9438244759429223,0.8090022035092885,0.8324660863614319,0.9878953869215931,0.9644401760048045,0.9081595336861001,0.789784955020691,0.9185733158656162,0.9559453999282579,0.9289761630622799,0.8247238791315255,0.969732852945806,0.8291493513794035,0.8147623694742399,0.6500141753169594,0.968511711394582,0.7855851230478148,0.8130508058152968,0.44888820829067866,0.775446461651369,0.7843300561281428,0.6869964835969584,0.7554264789789611,0.8212728377122549,0.7554264789789611,0.7554264789789611,0.6114171230137222,0.8963062533852664,0.7442113689017513,0.7554264789789611,0.43895626741917493,0.589478631738625,0.9048158746376069,0.596652037013838,0.8815093357601782,0.6965722635019156,0.6738904967355623,0.9813266676585791,0.4860013707234877,0.7917593535864715,0.7771854624566452,0.9192592205454486,0.6222107406929536,0.6344133990537129,0.4667256341886922,0.6933491898623059,0.979245118297655,0.8592200987204626,0.9568404847381751,0.886139823147829,0.7028328937102843,0.8063445760987145,0.7243933338807791,0.9627605757897473,0.9911670260859593,0.8283785316724068,0.781307600827669,0.7880603771578458,0.6159299427030485,0.7586486459141027,0.7497055678280954,0.8924338763856582,0.7511369233144625,0.7992306713783635,0.8854882098043302,0.5527212758735802,0.7050007112220849,0.9054269517278615,0.9514135540009321,0.9667715530069649,0.9198691750215306,0.8251573327595079,0.8679821713502602,0.7127612786440181,0.7600812011132143,0.9950448685899995,0.5862315375463749,0.5469028545553125,0.9353731570717398,0.6613856286267019,0.8435512004165022,0.7926637934080047,0.81692149424399,0.7554264789789611,0.813682608787891,0.7836604460762668,0.9250225029830753,0.7991933598646805,0.8941881737623578,0.8199664945771148,0.8011109724547416,0.663349809538055,0.8972073354079884,0.6840765250693707,0.9501362322562138,0.594175131923004,0.9001470545046306,0.7717923948658929,0.7932320440185793,0.9698669865654839,0.7671190345687104,0.8191390421706404,0.7985533442261596,0.7582165317290475,0.6567130323306416,0.7549008226249194,0.9435300349699733,0.7632288974043389,0.5912486519663294,0.731300614323525,0.9968821388921407,0.8373542339687652,0.8124826713986846,0.9384483505673139,0.6869540677492396,0.7814062470113449,0.6874637567797467,0.7749639526724739,0.6536460291446975,0.6845037406188124,0.8832165619961236,0.9851850848020653,0.9526781858887836,0.8888788283902884,0.7513499932175263,0.9202355688974513,0.9890620616145741,0.7338202497329507,0.905994137714369,0.7690229671877278,0.8321323456804631,0.9778449024201883,0.813682608787891,0.9204926641940823,0.7554264789789611,0.8012639544095146,0.8078452698681786,0.647684525878,0.7308143252698347,0.7554264789789611,0.6458481159643445,0.6323240915806831,0.9914903236935683,0.9985705036376447,0.9089856177883633,0.6974461891711343,0.7364259746752249,0.7195827474218546,0.7453959900069056,0.8378004122198313,0.3862080943469931,0.9547430009336275,0.8212728377122549,0.7521127714784415,0.7090806168500567,0.8967110403534027,0.70872100889394,0.845940459798165,0.9534797611370638,0.9126889998375329,0.845940459798165,0.760158639563048,0.814666489462591,0.8488494650114393,0.9491014827021329,0.8405180418683349,0.8326235870570962,0.9619134810141818,0.9627605757897473,0.5034973913908545,0.6591501623358075,0.7749639526724739,0.8761027064510567,0.784330056128143,0.7749639526724739,0.7474982699049917,0.8374030040413196,0.7554264789789611,0.9289761630622799,0.9662935619990936,0.7554264789789611,0.7760190951348649,0.9084128977656816,0.9982628821611546,0.8063445760987145,0.9516927132632356,0.9093015752279445,0.7749639526724738,0.4952317926873877,0.6392350314020778,0.7815915804926303,0.7363347134750025,0.7554264789789611,0.6893598028681898,0.8063445760987142,0.7760190951348649,0.5537985729207808,0.6946017274462557,0.8629720575357542,0.9449645480752094,0.9771165293910259,0.8375420477167577,0.9761277374511321,0.8488494650114395,0.9600248912759578,0.794923066455232,0.9361755490861736,0.5698957149451966,0.8027941091173922,0.8967947636921043,0.735886906792738,0.8364667308502771,0.7582291298947332,0.4718012213338485,0.7554264789789611,0.9053814730128107,0.8286121031906322,0.8373542339687656,0.6817570988798018,0.8247238791315252,0.7541176364237723,0.6423735975033642,0.7932320440185793,0.4924506235793866,0.7154478857844001,0.7554264789789611,0.7554264789789611,0.8048732301615343,0.9160282971636873,0.7187927013705688,0.6597920215167353,0.5670048704754937,0.6528243861411576,0.7306831848111142,0.6953021107200819,0.725374811036192,0.6791817770115987,0.7554264789789611,0.9212835637055172,0.813682608787891,0.8459404597981655,0.663349809538055,0.8291493513794035,0.578614727585048,0.7554264789789611,0.7554264789789611,0.772407981263666,0.7923174570100686,0.7388569255996583,0.7720255751925551,0.7503871336797887,0.9306691063923773,0.995096515363096,0.8492335997063474,0.7492833653126084,0.7053353355532708,0.7554264789789611,0.6903180033478229,0.642424324747189,0.8575242220571015,0.8967947636921045,0.9361368316083799,0.965227712083832,0.9882433091602376,0.7196406023037185,0.8510080245492062,0.7881436161139175,0.7554264789789611,0.5669643254523791,0.6820321076178137,0.7435888668635051,0.5930494142628691,0.9180284065916657,0.9165213811261108,0.7453941250214562,0.5882887800972187,0.854392235109874,0.631851786440556,0.6502259926207431,0.9667715530069648,0.9081907452271052,0.9817143590315371,0.7790455758297512,0.6421728904610084,0.813682608787891,0.7749639526724739,0.6464371005471661,0.941369536597632,0.8559450532628738,0.9519369320980849,0.9950448685899995,0.9295570754473412,0.967679029212042,0.9950448685899995,0.6188324910469527,0.7497055678280955,0.5635960361912685,0.8684904949817042,0.908190745227105,0.7720255751925551,0.8465044236130596,0.6052457517246492,0.7502495901817798,0.7749639526724744,0.941369536597632,0.5365932174302503,0.8283774467177323,0.5746619102423529,0.9042744508372368,0.31154405814600894,0.2740156610398907,0.7554264789789611,0.6819077389951291,0.9532885069837612,0.7170343609941932,0.8373542339687656,0.9690176748318122,0.6831589266740603,0.7183074629884107,0.7554264789789611,0.5370871795821437,0.5984916182081013,0.9310356666783037,0.6781636227500181,0.7426043530982149,0.6791817770115987,0.813682608787891,0.45544347433194643,0.8658617989496614,0.9111051553228269,0.7171899515153487,0.8513214662509339,0.7207636676471116,0.9204926641940823,0.7824926625153523,0.8205834610107543,0.8590590652150161,0.8002146726879578,0.5186439758206746,0.8980264923888986,0.5825765034083936,0.9619134810141818,0.7749639526724739,0.5879012849099174,0.7720362616482188,0.8941992598229223,0.6885102859724634,0.7578643899259331,0.7554264789789611,0.6619803244817358,0.7419814180120363,0.8408494049910982,0.7554264789789611,0.7556673434082968,0.8426472487233314,0.8291493513794035,0.873363318806739,0.7474982699049918,0.8278207234152257,0.9315482272454396,0.6599873764437358,0.7724321404175774,0.8682904357199486,0.8972073354079886,0.6423219695609101,0.7554264789789611,0.9742881382500801,0.7554264789789611,0.8629720575357536,0.6610404298369716,0.6072694782791062,0.8459404597981655,0.7600812011132143,0.8883907045758155,0.7623235232974496,0.7619888556678258,0.7554264789789611,0.909026411251859,0.6113424184027063,0.6921692983054484,0.7742913096035953,0.7207858191764376,0.9385228041142231,0.6388783222720588,0.7680911157969712,0.6534633690785288,0.6249187165706148,0.5264723747677795,0.6534633690785288,0.8014191303294622,0.9073127552826399,0.8315406714788409,0.6534633690785288,0.8459404597981655,0.8723769352201034,0.8510080245492062,0.6064597871657211,0.8954478541177424,0.7680911157969712,0.7985533442261599,0.6344004532606382,0.6903180033478242,0.9651350571208482,0.6591609666160589,0.9639168523629028,0.939758049277366,0.8673930754911512,0.5743025000812965,0.7619888556678263,0.9448108588315265,0.8824158561285932,0.7715254563263623,0.9725036606841646,0.8216572613196977,0.8283774467177323,0.8063445760987145,0.7576172831759247,0.8811411761132277,0.9008615990718252,0.7453959900069056,0.7341585341011894,0.813682608787891,0.8212728377122549,0.9960470101260555,0.6655020001054017,0.8687722739144648,0.84786170880838,0.9159400191508513,0.901193149997439,0.92937200429329,0.7526466115420346,0.8205834610107543,0.6982688035056497,0.906720056031951,0.7160606224715591,0.6357134191888201,0.892858321043136,0.8537063304300416,0.8012639544095144,0.9764609300634025,0.6701151105328295,0.8247238791315246,0.801110972454742,0.9878953869215932,0.86175358503772,0.8277417377340412,0.8271323454642021,0.8591828742504087,0.9229135368852242,0.6712343832343795,0.958606472422936,0.8063445760987145,0.8283774467177323,0.6645474259857722,0.6511610737156355,0.8967110403534027,0.7943776795459279,0.7384288086538926,0.9756686252274629,0.8859545492789977,0.7790167470448568,0.7492203467800302,0.7760190951348649,0.9520331921256762,0.8665888856018398,0.6453575478052362,0.7534848460435706,0.8212728377122549,0.5311011562569171,0.9911670260859593,0.8283774467177325,0.8373542339687656,0.7182975598949193,0.8291493513794035,0.9292667400833778,0.8212728377122549
p88_M,0.9577256621752981,0.8993381937147167,0.808540691570371,0.9686220609785254,0.9188361382271664,0.7688521133858539,0.9213017894930078,0.959887628262569,0.8463034707266366,0.9364368411420323,0.9039073680321512,0.997924584339639,0.997924584339639,0.9081008136077287,0.9769434565458,0.8312664451234641,0.992614642133717,0.8905248145511353,0.9332303128187658,0.8420957316791525,0.8002106857634848,0.9015883421806545,0.8160154479064053,0.967100967856847,0.9910569717673405,0.8905248145511351,0.9666428003039548,0.8664814862756911,0.8420957316791525,0.9230950333689715,0.9117913875450325,0.9271857963192041,0.9484490715653735,0.8703071672354956,0.9188361382271664,0.9332303128187658,0.9215378731313923,0.9484490715653735,0.9397924012017989,0.9889617959260069,0.8806972914765079,0.8926744609561268,0.8853943075507922,0.9172229042989672,0.8851576851792985,0.8558536978680557,0.9714058757497572,0.8666421769503914,0.8884027441326567,0.8271068874433853,0.9752372748615916,0.7066961895114787,0.8905248145511351,0.9840256643467928,0.9322267514286029,0.6185286240381147,0.9193175573455776,0.9188361382271666,0.8885979705995215,0.9609856433629198,0.8498824478883684,0.7894357495388351,0.8905248145511357,0.6515530176586581,0.9301521134798674,0.8367610421348026,0.9271857963192041,0.8742487986998142,0.8369921843903908,0.9610243931286574,0.8822876302735374,0.6088019969005924,0.904418873306992,0.7426761754075466,0.9188361382271666,0.7804533953297081,0.8002491064399091,0.8297689139421232,0.7762186091994818,0.9397924012017989,0.9058614048066169,0.7528844849541505,0.9463248121641357,0.8905248145511355,0.9188361382271666,0.9552409151070959,0.9761289800255135,0.9483404312822902,0.948049312813942,0.9162050927129204,0.9188361382271666,0.9971380172369659,0.8155698219961852,0.9138839613882261,0.9142553407315162,0.9435883235443842,0.9123493633976666,0.7527714726987168,0.8093722419279268,0.768595493150392,0.9486384944783341,0.7460671055388906,0.9927913675399127,0.932568812414861,0.8591950943404282,0.9332303128187656,0.9329979999629742,0.866745665837974,0.9910569717673405,0.7856727813802324,0.9964083993604729,0.9688274750145475,0.8643264765668839,0.9923023883964617,0.9243180392978652,0.8434358585110708,0.8604594797352196,0.9332303128187658,0.9397924012017986,0.7731975498548818,0.8854576196318018,0.9954645327542638,0.9723980610103105,0.9300447407182706,0.9245814746860737,0.934386653927628,0.9873359374176983,0.9692826611948091,0.8691190999184777,0.8933580624819937,0.8630978149114674,0.7460671055388914,0.9752372748615916,0.9397924012017989,0.9111295270090605,0.8003139398097185,0.8977425634929359,0.9271857963192041,0.9271857963192041,0.9136381231722888,0.8717477448520019,0.9364368411420323,0.8954065866934644,0.8743293741512146,0.9863128554450595,0.8571496764250637,0.9754830932266694,0.8081519823819929,0.888402744132657,0.7849145209889857,0.9364368411420321,0.8498824478883682,0.958671832989653,0.7993651586239545,0.9759742607288062,0.8884027441326574,0.9448644867741118,0.9481297743766082,0.8134118466352589,0.9954645327542638,0.8643264765668841,0.9344184513464585,0.8585630837657472,0.8560225025122672,0.8379435935133334,0.9590660346082052,0.988264565759186,0.855236816607858,0.7650499449422902,0.7731286525742258,0.784823688193983,0.9162050927129204,0.9486384944783341,0.8283176520649274,0.97403527457787,0.9685383417797505,0.7495338050235034,0.903101287249819,0.9323959366850338,0.9365089176367314,0.8618595067669816,0.9633144801824758,0.9853395314336217,0.9549894228659186,0.9013912632842744,0.9947945115699592,0.836247615082794,0.8944420978831518,0.9062682363877987,0.9718013773009624,0.9191935655413226,0.8725540131360712,0.7774389061377235,0.8920841471735501,0.9900029127487421,0.9188361382271666,0.9215378731313923,0.955430200993886,0.8666421769503914,0.7054782471300536,0.9485576944387999,0.9162050927129202,0.9188361382271666,0.7744581776771857,0.6640832070529872,0.9364368411420323,0.9188361382271666,0.8526637265686308,0.8645899440480416,0.8185765480394147,0.7715117931998932,0.7284786958388505,0.9162050927129204,0.9188361382271666,0.9160186407774474,0.9188361382271667,0.7377721470800509,0.6766830323566164,0.7054782471300536,0.9188361382271666,0.7994715690107898,0.9188361382271666,0.901656911907929,0.8791687232341987,0.9009152082361706,0.7945333369991232,0.9243180392978654,0.7860398882719668,0.9136381231722888,0.8970640020677767,0.9015883421806548,0.8498824478883682,0.668141254891401,0.0,0.9271857963192043,0.8901584347056434,0.9219594183766182,0.9486998997515481,0.6873380608589013,0.8645899440480411,0.8645899440480413,0.9111295270090605,0.972007663092721,0.955430200993886,0.9188361382271666,0.9486998997515483,0.9188361382271666,0.9777589663191002,0.9796624177838522,0.9271857963192041,0.8555391213641869,0.842908836597967,0.967100967856847,0.8627116416336098,0.8993081265656122,0.9267446640989643,0.8678151593743704,0.8419243420567943,0.9243180392978652,0.9404612933180636,0.8743293741512145,0.7510994433926008,0.9162050927129206,0.8670439353081685,0.938823104588144,0.9397924012017989,0.8896175805146287,0.8923127562481294,0.8649539269925532,0.8811481907951237,0.9319971112743631,0.9752372748615917,0.9012372277919498,0.9048676922922787,0.6642269445766962,0.9332303128187656,0.7463150508042862,0.8525612492230619,0.9300797186110581,0.8685991499536572,0.9332303128187656,0.8860781709917647,0.7222928504804447,0.9301521134798674,0.6316749190108102,0.9378027796250892,0.9714058757497572,0.6837614514100965,0.7492271098269578,0.9609856433629198,0.46354008682753944,0.9344184513464585,0.8069004594385392,0.7495338050235041,0.945141521153533,0.7889559462801308,0.7608958361388358,0.9652298287867674,0.855279099076081,0.9630223853436268,0.9219224280637734,0.7938173320765319,0.9271857963192041,0.7413256272572983,0.9350104408206926,0.9243180392978652,0.8884027441326572,0.8664814862756909,0.7732311662951259,0.9101117612748102,0.9318406132079879,0.9828145201552085,0.9134731180516706,0.8566476400894332,0.8269829248539164,0.9918036979367357,0.8725540131360712,0.7313620180897452,0.900035925992456,0.9221261809159464,0.7611257302385835,0.9714058757497572,0.9188361382271666,0.9271857963192043,0.974743355552526,0.9926947949559497,0.9332303128187656,0.8163429475051776,0.9591402541866407,0.9188361382271666,0.9358530937879612,0.933230312818766,0.9980634982842684,0.8939900230312315,0.9505263275674218,0.9290154829734791,0.9271857963192041,0.8724882414083801,0.8404287781482785,0.8083321356555951,0.9086743458966993,0.7712129034630796,0.9243180392978652,0.9000359259924564,0.8962378469249294,0.9062682363877987,0.940103109939632,0.9436654046332619,0.7961571554626206,0.8621340039518595,0.7210958929026965,0.9111295270090605,0.9162050927129202,0.7300892147287754,0.9016370541080928,0.7492271098269578,0.7511873691774584,0.7850699462602833,0.9188361382271666,0.8494798526253329,0.9846362664950943,0.9624724756060739,0.9846362664950943,0.8974625884738567,0.7528163950686992,0.9188361382271666,0.9188361382271666,0.8884027441326567,0.8463034707266368,0.7612496477968105,0.9188361382271667,0.7313620180897455,0.9188361382271664,0.9389200949611651,0.7124389829679731,0.7590835987698885,0.9188361382271666,0.9969820872027786,0.9761289800255133,0.8525269251020346,0.8839763903835203,0.9188361382271666,0.7763938225826291,0.9590660346082052,0.8516246880972889,0.8559505775621339,0.909368306308445,0.9665758769291668,0.4635400868275391,0.7312989043872806,0.9188361382271666,0.7901560960732832,0.802965244234422,0.7959665479971143,0.8575960234299169,0.9215378731313923,0.7168212148799404,0.8526773000912542,0.9188361382271666,0.8838649142528043,0.8027333378192716,0.9188361382271666,0.9345490162102612,0.9006121690325375,0.8691973026910573,0.7539006270326192,0.7413256272572983,0.9188361382271666,0.9165487043769498,0.9786734038938973,0.8163429475051772,0.866249412576539,0.9085449411326725,0.8785995314863113,0.8534965853888821,0.8917729453834493,0.9243180392978652,0.8374879178218959,0.842163021958878,0.7442853103999508,0.7647489378190455,0.8681497750507405,0.7895553623844448,0.8970640020677767,0.9271857963192041,0.9245814746860739,0.9188361382271666,0.8552790990760808,0.971970941671636,0.8168267677622878,0.9039073680321512,0.9818195492873296,0.913638123172289,0.9832889087547527,0.9215378731313923,0.913638123172289,0.9819538956711097,0.9188361382271666,0.8604594797352194,0.692815362105796,0.9699427324073248,0.9332303128187658,0.8156206560520562,0.9364368411420321,0.9062682363877987,0.8518805166596326,0.9112455261547359,0.9866007010520571,0.9364368411420321,0.7663991909330121,0.8664814862756911,0.9728478558378828,0.8995784429998845,0.9388586611030842,0.7127351748357413,0.7931549419907826,0.7432189689240174,0.8392374849683437,0.8709949476105303,0.9642416825773448,0.966539859311593,0.9439076502388632,0.9117913875450325,0.9546975005750381,0.7882316080987166,0.9274823843126729,0.9666428003039548,0.9881007648599057,0.9814744787548234,0.9069834982716529,0.9653059182149237,0.9329290708210041,0.7875821424408639,0.9799998588966439,0.6796844906320185,0.8948535190071925,0.9915694637821951,0.968326120207631,0.840242778442675,0.8543776825963316,0.9138606136718223,0.9846362664950942,0.9920003341802428,0.9332303128187658,0.9303984660247984,0.8513970488424683,0.9301521134798674,0.9537077258337427,0.9518720845713888,0.8444151276169706,0.9759742607288062,0.9861029598450541,0.8667791920235918,0.7304979384806414,0.8290806264691638,0.9979245843396389,0.8261839384447573,0.8738097032113021,0.9868272766917496,0.9926146421337172,0.7641095088731329,0.9188361382271666,0.9301521134798676,0.9188361382271666,0.9188361382271666,0.7685954931503918,0.8970640020677765,0.89186276270882,0.9188361382271666,0.7531419473172204,0.8006792799951266,0.9221261809159469,0.9454707798453504,0.753422486541304,0.8119366988083401,0.9174416475884568,0.8445260765476381,0.8044169201532767,0.9322267514286027,0.6861074996518539,0.8670439353081686,0.8683869765649121,0.8158774734460308,0.8533638776609975,0.9117913875450323,0.9720014770972774,0.913638123172289,0.883521303974882,0.8163429475051776,0.8589357875457215,0.9243180392978652,0.9794655298616233,0.9015883421806543,0.9619234929707896,0.5649599666338143,0.9626470166476755,0.9405848418047038,0.8498824478883684,0.8970640020677767,0.9023193977639938,0.9243180392978652,0.9761289800255137,0.9873359374176983,0.976602485290941,0.7715117931998927,0.6736643247580723,0.9759742607288062,0.8304376991641307,0.9111295270090607,0.9697009365925919,0.9676656874072451,0.9979245843396389,0.8326697563181311,0.6047025877791915,0.9980634982842684,0.6777794731737723,0.8359842072188128,0.8445260765476379,0.8357903475639031,0.938858661103084,0.9868272766917497,0.9965123849145676,0.9188361382271666,0.9271857963192041,0.8664814862756911,0.9188361382271666,0.7760007005291609,0.9388586611030838,0.955430200993886,0.9463248121641354,0.8155698219961852,0.8877455854128598,0.7452888229965555,0.8974625884738571,0.7399982607969429,0.9419536134643973,0.8514668044087847,0.913638123172289,0.852677300091254,0.8522736019840067,0.9508942993498992,0.9994678821812104,0.7816315533544322,0.9684412852077449,0.8023521201749919,0.8457277353047203,0.743218968924017,0.7894357495388351,0.8821326331441733,0.8801586131976928,0.7313620180897453,0.9358530937879612,0.9215378731313923,0.8970081454372003,0.8705695323486151,0.9021539112208945,0.9162050927129202,0.7924745875392021,0.8919278805412741,0.9980634982842684,0.8295022177593914,0.9243180392978652,0.9859683821169072,0.7846135554921013,0.8926744609561268,0.9719709416716358,0.9300447407182706,0.8814220701002933,0.9891556787268372,0.9439076502388628,0.9591402541866407,0.9271857963192043,0.6523099192209136,0.9188361382271666,0.9297646847494165,0.8059681138507988,0.8259600209869085,0.8269917519466465,0.9188361382271667,0.8831198614699158,0.694074601395904,0.9299397675698131,0.8761642169182167,0.8911911051790227,0.6385095617767902,0.8101221286735178,0.980562086758828,0.30255860157934045,0.9833113140241097,0.7613536716392537,0.921959418376618,0.9301521134798676,0.9992131886464962,0.9193175573455776,0.9815062877983507,0.9340332269142892,0.9397924012017986,0.8842347516782392,0.955430200993886,0.9397924012017989,0.5105510539197458,0.9523285443895997,0.7276738848411506,0.8490316330081229,0.7648606883783322,0.9332303128187658,0.9188361382271664,0.9015883421806548,0.6868257350967164,0.7413256272572983,0.9162050927129202,0.7312949528135808,0.9111295270090607,0.9162050927129202,0.9162050927129204,0.9297646847494164,0.9188361382271666,0.9518720845713888,0.8785995314863116,0.9188361382271666,0.8948535190071922,0.7883422730177065,0.9332303128187658,0.9243180392978652,0.9684459109141506,0.9215378731313923,0.9162050927129202,0.8305727081850833,0.8572643034920984,0.9329290708210041,0.7861655139168744,0.9188361382271666,0.9055141698506992,0.5577157597313229,0.5063010877270904,0.6891820906763351,0.9077996427643353,0.9861029598450541,0.8506466532413351,0.8993081265656124,0.9221261809159467,0.9723980610103105,0.9188361382271666,0.9221261809159467,0.6692098485108706,0.9750569362397112,0.7424598513400251,0.8297689139421239,0.9610243931286576,0.8769594683495257,0.9243180392978652,0.9329979999629742,0.7476549733331901,0.9188361382271666,0.7718601319576105,0.7264314726986876,0.9364368411420323,0.7196467425075354,0.9518720845713886,0.791722668509877,0.7781154975761411,0.913638123172289,0.7231428101384982,0.7507057829659265,0.9188361382271666,0.9188361382271666,0.8911843525479426,0.9276837995015779,0.9210828212435627,0.658614155225977,0.7528163950686995,0.7345700877701125,0.7338857195759936,0.7373360441125327,0.9619234929707896,0.7782578492694869,0.9188361382271666,0.9538168143302922,0.9271857963192041,0.9397924012017989,0.6970714934566917,0.9332303128187656,0.7894357495388351,0.9188361382271666,0.9188361382271666,0.8472780744564758,0.9188361382271666,0.8223283599571185,0.9120600632071981,0.8723377525994965,0.5751715930527079,0.9856521848429738,0.9920003341802428,0.7553377989813059,0.8887602184894803,0.9188361382271667,0.962801345348242,0.7085402163921226,0.967100967856847,0.8552790990760808,0.9365089176367314,0.826370668208938,0.9124519654347758,0.9552409151070957,0.9215378731313923,0.740164704739378,0.9188361382271666,0.7818998392068106,0.9846362664950943,0.8392374849683435,0.9598054649544662,0.6983171679651372,0.9062682363877987,0.9274823843126729,0.932516800593691,0.9808531012828583,0.8397916168739636,0.84382396532987,0.9666428003039549,0.9364368411420321,0.9378027796250892,0.8905248145511357,0.8939646047478893,0.9271857963192043,0.9162050927129202,0.8690082257319609,0.8863065703015556,0.9508942993498992,0.9046345879637958,0.9397924012017989,0.9052651084803365,0.9397924012017989,0.9397924012017986,0.9992131886464962,0.9624724756060739,0.8589357875457218,0.9486051204234524,0.9918036979367357,0.9015883421806545,0.9866007010520569,0.9712466359846285,0.9086743458966995,0.9162050927129204,0.9816494815223562,0.8551475116943823,0.9215378731313923,0.7443393553569863,0.9565730307289084,0.8152550468042101,0.7966379936081207,0.9188361382271666,0.9785718213639514,0.9486051204234524,0.9680844605470713,0.9364368411420323,0.8926744609561268,0.8948535190071931,0.9577884828550807,0.9188361382271666,0.7452888229965553,0.7927713808605444,0.8948535190071927,0.747260988392366,0.7818998392068106,0.7589733900230866,0.9271857963192041,0.7548295251739352,0.9356267126184374,0.907763288547317,0.6851899964678563,0.8970640020677767,0.9069942100991828,0.9980634982842684,0.7801503791531781,0.9927913675399127,0.8374879178218959,0.7093610486939426,0.8225780742784197,0.8445260765476379,0.8023521201749922,0.9188361382271666,0.9162050927129202,0.8888146611137304,0.7123215409601535,0.9087940409598871,0.7758049609806583,0.8328581963012462,0.9188361382271666,0.8139776103507093,0.8122773237885397,0.9378027796250892,0.9188361382271666,0.8244907184259171,0.9720014770972775,0.9332303128187656,0.8970640020677765,0.9162050927129202,0.7160176671125429,0.9732485449091122,0.9383472819496207,0.8496055333462679,0.9349511714520622,0.8518805166596329,0.7781995880633047,0.9188361382271666,0.9856521848429737,0.9188361382271666,0.9332303128187658,0.671547917277387,0.8151872676642642,0.9397924012017989,0.7971194163749094,0.8190030175986533,0.8480887874245631,0.9069834982716529,0.9188361382271666,0.9891801270545069,0.7918748088323502,0.8064340749903586,0.9616775150656097,0.9508942993498994,0.9759742607288062,0.8801586131976928,0.9718013773009626,0.8664814862756909,0.8288247292151196,0.6995933789681388,0.8664814862756909,0.6923658441336735,0.9759742607288062,0.7608958361388358,0.8664814862756909,0.9397924012017989,0.8905248145511357,0.9215378731313923,0.9810785975841936,0.8261839384447573,0.9405848418047038,0.929015482973479,0.851397048842468,0.732656397876621,0.8970640020677767,0.86271164163361,0.888402744132657,0.9591402541866407,0.9761289800255135,0.9689237298137476,0.9697393763146016,0.8427562020241626,0.8724882414083801,0.8869069588367049,0.6306243695443077,0.8884027441326567,0.9215378731313923,0.9243180392978654,0.8944420978831518,0.948049312813942,0.8842347516782392,0.9492912834176328,0.9179396080130531,0.9271857963192043,0.9301521134798676,0.9317576013507651,0.8821858692988973,0.8675932656444024,0.925845563719097,0.8801586131976928,0.9661693714407507,0.9179670373226423,0.8781517708121862,0.9188361382271666,0.8785864522911682,0.9911770567164951,0.9454114008802861,0.8409934614190604,0.8914217817832129,0.9808531012828583,0.9810490389797017,0.9515472743912841,0.8905248145511351,0.9111295270090605,0.9895362449706255,0.966539859311593,0.9272748683482384,0.8709548567793785,0.9419536134643978,0.9854920236310984,0.9162050927129204,0.9759508773150456,0.972327059757865,0.9243180392978652,0.9215378731313923,0.8185765480394149,0.8842347516782385,0.9714058757497572,0.9638777185760135,0.7816036838847062,0.9850342358287099,0.8774014877197258,0.9609856433629198,0.9298202716132096,0.9642416825773447,0.9992131886464962,0.8402427784426748,0.7748816049396821,0.9642416825773448,0.9301521134798676,0.8288247292151196,0.9272989769634581,0.8050835585158809,0.991803697936736,0.8637942492764792,0.9861029598450541,0.90443644637323,0.9808531012828585
p88_V,0.8471812314738492,0.7336011703135804,0.9427946840319121,0.8166351311398248,0.9544316996038,0.9661972965770262,0.8777622263784159,0.9953721207839972,0.9137092609592146,0.9643133649175284,0.9460501530640812,0.9529545363721539,0.9529545363721539,0.7660569881458926,0.9197987094973856,0.8718365977455129,0.9830316367629124,0.7820079396167258,0.9625131050152524,0.9643133649175286,0.6337830280646113,0.994086760546023,0.9989330715481036,0.9559485503920393,0.943467974097185,0.9385367079941811,0.9830316367629124,0.9250379219402804,0.9448229719109482,0.9850577543455339,0.9846299338167082,0.9591194968553456,0.9487265052554266,0.9271857963192043,0.9544316996038003,0.9625131050152524,0.9559485503920393,0.9859983918197511,0.9661972965770262,0.7325957302550345,0.8395556498231578,0.9397435965156078,0.9661972965770262,0.9218739081138492,0.7824413427816266,0.86881319137188,0.957509435301382,0.9107280314569581,0.9373453016197315,0.9029316112204655,0.9591194968553456,0.7307307401062815,0.9385367079941811,0.9473756291574584,0.9859983918197511,0.8471315842032191,0.9361684345174044,0.9544316996038,0.9830859188713985,0.9515133476881703,0.9157186269856046,0.8485170805722067,0.9385367079941818,0.9097421633544904,0.9607848936032954,0.9970923146931108,0.9608127721335266,0.9393203828196914,0.9801666370480175,0.9625131050152524,0.9793236882044447,0.7876055582759065,0.9544316996038,0.8767037709308809,0.9544316996038,0.8696082042498419,0.6882614075356617,0.679319091639643,0.8414864259682346,0.9661972965770262,0.991511387719873,0.9409669977890662,0.933854925314779,0.9385367079941813,0.9544316996038,0.7844444503394653,0.994086760546023,0.981866858237364,0.9452352847073289,0.9529545363721539,0.9544316996038,0.8180268790994084,0.8597779310791208,0.8698224617128842,0.933854925314779,0.9107280314569581,0.8626986033394783,0.8673433704742712,0.8703151381074823,0.8373957982954763,0.9361684345174044,0.957509435301382,0.973053360823401,0.9203895602948631,0.9560266523588534,0.9625131050152524,0.960900739115506,0.8494522957885744,0.9434679740971852,0.8788191408694399,0.890455955024803,0.7761414525822007,0.8583786401591234,0.9187703462526826,0.957509435301382,0.8678618255661661,0.9473756291574584,0.9625131050152524,0.5556533515851804,0.9416467981218897,0.9218739081138492,0.9103321387130584,0.7566586192708953,0.9327167510955896,0.9944277784720001,0.9990570982226108,0.9559485503920393,0.9103339493566888,0.9765837058865925,0.9239759423528264,0.8858525408230953,0.957509435301382,0.6405418480890155,0.9661972965770262,0.9501049319099921,0.8720988960173204,0.8915055770282612,0.6405418480890157,0.9591194968553456,0.9515133476881701,0.9867086919017329,0.9643133649175284,0.8425003792101686,0.7171432662723763,0.8673433704742712,0.9197987094973854,0.9440100680280117,0.858324459587394,0.9373453016197317,0.7832373813705654,0.9448229719109481,0.9157186269856046,0.9578556242450753,0.918110631128512,0.8807450411223987,0.9373453016197322,0.9464707947698456,0.9229213960709446,0.921992403551539,0.9356856974167589,0.8583786401591236,0.8879369722234248,0.6543600255164554,0.8225734700092835,0.927444454880817,0.9250379219402804,0.9103339493566889,0.8813393476268833,0.750365944096641,0.8612222667022571,0.8166351311398243,0.6947366749215779,0.9361684345174048,0.8914187460211082,0.9607853140636297,0.9236739017209474,0.9625131050152524,0.9560266523588534,0.9282725629505151,0.9083164413738801,0.96664472544214,0.9000520303703365,0.9361684345174044,0.9529545363721539,0.9082133906734637,0.9607853140636295,0.8726649773302664,0.9117176971980809,0.9473756291574583,0.7610294535475634,0.9515133476881705,0.8278089777511933,0.8077125695029682,0.8737670973648666,0.9595131865896311,0.9544316996038,0.9559485503920393,0.9515133476881705,0.9107280314569579,0.7882279280421953,0.9029316112204655,0.9529545363721539,0.9544316996038,0.8677295799010154,0.8114042753167636,0.9643133649175286,0.9544316996038,0.9868289698267128,0.9239759423528267,0.9368506101299683,0.9061000436892033,0.8246995383205924,0.9529545363721539,0.9544316996038,0.8707710541962025,0.9544316996038,0.8311464231994983,0.7501413829407568,0.7555641089284797,0.9544316996038,0.7413155487309186,0.9544316996038,0.8777622263784159,0.9167305843279037,0.8363808488504202,0.8904559550248031,0.957509435301382,0.8569522690866243,0.9515133476881701,0.9422080421889416,0.9447481688519046,0.9157186269856044,0.8136826087878912,0.9271857963192043,0.0,0.9097421633544903,0.901969550532447,0.8735864340900968,0.8038635692833056,0.9239759423528267,0.9239759423528264,0.9501049319099923,0.8718365977455126,0.9515133476881705,0.9544316996038,0.9554518077232717,0.9544316996038,0.950157679325002,0.7927524282151159,0.9591194968553456,0.9350052413014638,0.8258426771468561,0.9559485503920393,0.9229213960709446,0.756658619270896,0.8554199375701685,0.9460501530640815,0.8754988991654495,0.957509435301382,0.8256736899939876,0.9342041137155987,0.8602583085066602,0.9529545363721539,0.9607848936032954,0.7336362758241325,0.9661972965770262,0.8504989784061951,0.8830333887596133,0.9397435965156078,0.8839713153825188,0.8557381100082126,0.9591194968553456,0.8641031766521012,0.8807337082769497,0.8008422195759237,0.9625131050152524,0.8465237589272379,0.922921396070945,0.9987774230311344,0.8338140105455903,0.9625131050152524,0.9008409057897286,0.8649308193595577,0.9607848936032954,0.8838192602026871,0.8166351311398244,0.957509435301382,0.9271857963192043,0.8268966588916085,0.9515133476881703,0.957509435301382,0.9652137684610212,0.8050940143255407,0.9625131050152522,0.8192793116817598,0.869822461712884,0.8333410567779671,0.893511004325708,0.9507165296704019,0.9544316996038,0.787605558275907,0.9515133476881705,0.9591194968553458,0.8853172535850606,0.9087598936651085,0.957509435301382,0.7325957302550351,0.9250379219402804,0.9753685787546496,0.9187703462526828,0.9345279402530977,0.9802377325934858,0.9990570982226108,0.8524700617069343,0.859840090991435,0.9643133649175286,0.9137092609592146,0.9643133649175286,0.9271857963192041,0.9239759423528264,0.8564218327576676,0.957509435301382,0.9544316996038,0.9591194968553454,0.9127113681766137,0.7261168691389082,0.9625131050152524,0.9607848936032954,0.9529545363721539,0.9544316996038,0.943467974097185,0.9625131050152524,0.5556533515851809,0.9651775593373262,0.9022596399437826,0.9409669977890662,0.9591194968553458,0.8504989784061949,0.7336362758241325,0.943467974097185,0.9487265052554266,0.7464300233487048,0.957509435301382,0.9271857963192043,0.7895060614998273,0.9473756291574582,0.9197987094973854,0.9661972965770262,0.820837564201812,0.8288718816327852,0.8319518115156923,0.9830316367629124,0.9529545363721539,0.9707211351216224,0.9103321387130585,0.8268966588916085,0.8279657565412282,0.7804362199469098,0.9544316996038,0.8688726774726097,0.9743490353345139,0.8249313698625883,0.9261077324693099,0.9643133649175286,0.8612222667022571,0.9544316996038,0.9544316996038,0.9373453016197317,0.9137092609592146,0.7457573645989334,0.9544316996038,0.9643133649175286,0.9544316996038,0.9304741538905167,0.8450571978158095,0.8114042753167636,0.973053360823401,0.9315900378678905,0.6882614075356616,0.7608239662234484,0.7938826026075034,0.9544316996038,0.8804119091584668,0.8363808488504201,0.8307423459823844,0.8642683597030212,0.8122595383116543,0.8830308532373587,0.957509435301382,0.8170571011959713,0.9544316996038,0.8064521668392984,0.9496811510501818,0.9187719869627348,0.9907144738270934,0.9559485503920393,0.9570129271953453,0.7248979801204603,0.9544316996038,0.9068053912485843,0.8875935086546551,0.9544316996038,0.9828201226319815,0.9966019297918831,0.9431098218103222,0.7850261562127575,0.8539453617971722,0.9544316996038,0.9801666370480175,0.905045718507947,0.9607848936032954,0.8669692234537123,0.9753685787546496,0.9167305843279032,0.9177477332861095,0.8477244589101526,0.957509435301382,0.9087598936651085,0.8981423730059304,0.7634975264962841,0.867921623788791,0.857802926608185,0.8998626736884782,0.9422080421889416,0.9591194968553456,0.9385367079941818,0.9544316996038,0.9625131050152524,0.8762253925883119,0.9462651353245822,0.9460501530640812,0.935005241301464,0.9515133476881703,0.7737917914928159,0.9692769377093197,0.9799008321613359,0.7417575508556897,0.9544316996038,0.9250150906309568,0.9218434146367832,0.8278089777511932,0.9625131050152524,0.8621843473480633,0.9643133649175286,0.9888197307367493,0.9989330715481036,0.9782177806745418,0.8105915487398069,0.9643133649175286,0.8037267002889837,0.9250379219402804,0.9029316112204653,0.9397435965156078,0.9447481688519048,0.8308459945434383,0.9575094353013818,0.7800834172231834,0.9097421633544907,0.8896188734697235,0.7699808760005917,0.9097421633544907,0.9460501530640815,0.9327167510955896,0.945956712005275,0.79596981295267,0.5641106783690191,0.9830316367629125,0.9916718506621414,0.8603155866561237,0.9304741538905168,0.9409669977890662,0.9422080421889416,0.7819788560316006,0.9460501530640815,0.8959290001941735,0.9409669977890662,0.9239759423528264,0.9978302091488738,0.9652137684610214,0.89455712136231,0.8077125695029685,0.9743490353345137,0.9515258611582158,0.9625131050152524,0.8211183544415498,0.9029316112204655,0.9607848936032954,0.9727541677821405,0.9501049319099923,0.7155779114545318,0.9591194968553458,0.9625131050152524,0.7558041525777,0.7708970129778698,0.9681346172628937,0.9765837058865925,0.7651984326628315,0.8414864259682346,0.9167305843279034,0.9501049319099923,0.7171432662723765,0.9544316996038,0.9607848936032957,0.9544316996038,0.9544316996038,0.8373957982954763,0.9422080421889416,0.9271857963192036,0.9544316996038,0.829030356996278,0.854430935472339,0.9711878805915026,0.9358593744118062,0.8804119091584668,0.9540089029986335,0.8278089777511932,0.9127113681766137,0.8563822015167815,0.9487265052554263,0.7921917300017656,0.9607848936032957,0.9261077324693099,0.8630614034554605,0.8707710541962024,0.8077173352988185,0.9487265052554263,0.9799008321613358,0.9752589049756402,0.9607848936032954,0.8477244589101526,0.9652137684610215,0.8788088518211977,0.9447481688519046,0.9965665866960458,0.9989330715481036,0.8641031766521012,0.9315900378678905,0.9157186269856046,0.9422080421889416,0.9282725629505149,0.957509435301382,0.9447481688519048,0.9692769377093197,0.9836243259051825,0.8717185331373516,0.8141826543533127,0.9591194968553456,0.9404815542410547,0.9501049319099926,0.9576073616523981,0.9020805464024181,0.9765837058865925,0.7996350258936387,0.6977360889985451,0.9661972965770262,0.7967459576737135,0.8956033810680566,0.9127113681766137,0.7995678811777466,0.6882614075356619,0.9167305843279034,0.9322326314194607,0.9544316996038,0.9591194968553456,0.9250379219402802,0.9544316996038003,0.9154907996871146,0.9447481688519042,0.9515133476881705,0.933854925314779,0.9570129271953453,0.7634975264962841,0.824744608932849,0.9643133649175286,0.8104734860907538,0.9915113877198727,0.8802089698693754,0.9515133476881703,0.9859983918197511,0.8404690714821108,0.7927524282151159,0.9409669977890662,0.9478240520432699,0.9299622870581812,0.8225538587803669,0.8773844821970238,0.9752372748615917,0.8485170805722067,0.7761505989221578,0.9327167510955896,0.9643133649175286,0.936582663250047,0.9559485503920393,0.7830122900340037,0.9127113681766137,0.9038960691476479,0.9529545363721539,0.7765395464272926,0.7464300233487047,0.9661972965770262,0.8915055770282614,0.957509435301382,0.8326857532046695,0.9795295863759994,0.8329644427626378,0.9117176971980809,0.9846299338167082,0.943467974097185,0.9087598936651082,0.9460501530640812,0.9529545363721539,0.9591194968553456,0.9661972965770262,0.9544316996038,0.9271857963192041,0.8380631059829842,0.8268966588916085,0.824931369862588,0.9544316996038,0.8952903079111569,0.7725220861577022,0.9157186269856046,0.9304741538905168,0.8278089777511932,0.8578899519108548,0.8933957590212611,0.9740283587318568,0.9350052413014638,0.9157186269856046,0.8660153996906967,0.6622198676465988,0.9560086947472868,0.8308459945434379,0.9361684345174044,0.957509435301382,0.9711878805915026,0.5556533515851805,0.9350052413014638,0.9799008321613357,0.5556533515851811,0.6697965302077882,0.9361684345174044,0.9544316996038003,0.858324459587394,0.874029906246685,0.9625131050152524,0.9544316996038,0.9447481688519046,0.7922363153434719,0.8225734700092835,0.9529545363721539,0.9608127721335264,0.9501049319099926,0.9529545363721539,0.9529545363721539,0.9271857963192043,0.9544316996038,0.9501049319099923,0.9167305843279034,0.9544316996038,0.7699808760005917,0.9415886943343519,0.9507165296704019,0.957509435301382,0.9607848936032954,0.9559485503920393,0.9529545363721539,0.7765395464272924,0.8726649773302662,0.9422080421889416,0.8573544191143381,0.9544316996038,0.8624186417340839,0.9652137684610212,0.9987774230311344,0.8148130677930066,0.9177477332861093,0.6036350684130168,0.9692769377093197,0.9434679740971852,0.7927524282151158,0.9434679740971852,0.9730533608234009,0.9239759423528262,0.9793236882044447,0.9327167510955896,0.9802377325934858,0.9915113877198729,0.950716529670402,0.9373453016197315,0.9575094353013818,0.8182484869464818,0.858324459587394,0.9544316996038,0.9544316996038,0.8783163635116327,0.9643133649175286,0.8831681912334154,0.9501049319099923,0.7417575508556896,0.8425003792101688,0.9515133476881703,0.8125463805509153,0.8067748700378883,0.9544316996038,0.9544316996038,0.922921396070945,0.8809287459442813,0.8308459945434379,0.7967459576737135,0.8612222667022571,0.8167498933030728,0.7812391399403223,0.8517067209994396,0.9397435965156076,0.8954942934337515,0.9544316996038,0.9107280314569579,0.9591194968553456,0.9661972965770262,0.7625429349628964,0.9625131050152524,0.8485170805722067,0.9544316996038,0.9544316996038,0.8283051395552841,0.9005384212506019,0.8355452102620713,0.9447481688519046,0.7157033402404307,0.8395556498231578,0.9350052413014638,0.9933095589619414,0.8514858339733073,0.9313239634362825,0.9544316996038,0.9239759423528264,0.8363640334164015,0.9559485503920393,0.950716529670402,0.9368506101299683,0.8909910300164394,0.8533070413029099,0.9261077324693094,0.9559485503920393,0.8495661380172143,0.9544316996038,0.8445183988316076,0.9261077324693099,0.9097421633544904,0.9221821648495909,0.7320622254563549,0.9473756291574582,0.9147116017278334,0.6882381005216134,0.9607848936032954,0.8820903683689054,0.911397301574409,0.9501049319099923,0.672231982396376,0.9304741538905168,0.9385367079941813,0.832198064937085,0.9591194968553456,0.9529545363721539,0.8886765593703843,0.9361684345174044,0.9711878805915029,0.9293685115305119,0.9661972965770262,0.9711878805915029,0.9661972965770262,0.9381728330554157,0.8735864340900963,0.9282725629505149,0.9068053912485845,0.9730533608234009,0.6722319823963758,0.9447481688519046,0.9447481688519044,0.7283517483481249,0.9487265052554266,0.9529545363721539,0.9361684345174044,0.9048630781107276,0.9559485503920393,0.9899408532768106,0.9743490353345139,0.8414864259682346,0.8214805068326567,0.9544316996038,0.8578899519108548,0.9730533608234009,0.8425856863408152,0.9643133649175284,0.7761414525822008,0.940966997789066,0.8893062956215863,0.9544316996038,0.824744608932849,0.7967459576737134,0.9409669977890662,0.8258229735464786,0.8445183988316076,0.832198064937085,0.9591194968553456,0.8404690714821106,0.89455712136231,0.9854614920636177,0.9578232874754975,0.9989330715481036,0.9416724896733784,0.9661972965770262,0.9422080421889416,0.6104786629594077,0.8423350909762455,0.9373453016197315,0.8554077319402791,0.9127113681766137,0.7593982966903685,0.9544316996038,0.9529545363721539,0.858324459587394,0.9154907996871147,0.8886361505503628,0.8307423459823844,0.809141723310761,0.9544316996038,0.8102561836643378,0.9121449747116104,0.7660569881458926,0.9544316996038,0.8563822015167815,0.5943477742708143,0.9625131050152524,0.9422080421889416,0.9529545363721539,0.7033682142920217,0.9385367079941818,0.9489746595216721,0.9361684345174044,0.9177477332861093,0.7634975264962843,0.788024564082915,0.9544316996038,0.9883880331853732,0.9544316996038,0.9625131050152524,0.9217601491198758,0.8962395095530542,0.9661972965770262,0.933854925314779,0.7695919367481678,0.9147116017278332,0.9304741538905168,0.9544316996038,0.914453855023317,0.8394482358305895,0.7624400993754302,0.9634568834621733,0.9239759423528262,0.9591194968553458,0.9327167510955894,0.9315900378678903,0.9250379219402804,0.9038960691476476,0.8091417233107607,0.9250379219402804,0.7660569881458933,0.9591194968553458,0.8718365977455128,0.9250379219402804,0.9661972965770262,0.9385367079941818,0.9559485503920393,0.6793588929077845,0.9529545363721539,0.9315900378678903,0.7699808760005917,0.9029316112204655,0.7927524282151169,0.9422080421889416,0.9696485350828812,0.9373453016197315,0.9529545363721539,0.9329216899439505,0.8311464231994983,0.8166351311398244,0.8338140105455903,0.8504989784061951,0.9208331242859094,0.9931344261826373,0.7325957302550348,0.9559485503920395,0.9575094353013818,0.9117176971980809,0.570298236133452,0.9350052413014638,0.47778404797553486,0.9528206548013267,0.9591194968553456,0.9607848936032957,0.8867934927338037,0.933854925314779,0.8715300133035613,0.9261077324693099,0.9327167510955896,0.8679216237887912,0.9965573445764311,0.9828201226319813,0.9544316996038,0.917430634604545,0.8865210509409972,0.800561836991883,0.9107280314569579,0.8650600761076828,0.9607848936032954,0.7800834172231832,0.8886765593703838,0.9385367079941811,0.9501049319099921,0.8029957991947376,0.951525861158216,0.8849118467483819,0.966100360356904,0.9460501530640812,0.9402255165790534,0.9529545363721539,0.9142761312019918,0.9676300054188411,0.957509435301382,0.9559485503920393,0.8981423730059304,0.9350052413014638,0.5788297872730408,0.8423350909762457,0.8773844821970236,0.9636930012092049,0.9799008321613357,0.9515133476881703,0.8495094192726707,0.9409669977890662,0.8735864340900962,0.957509435301382,0.8736104662007036,0.9409669977890662,0.9607848936032957,0.9038960691476476,0.9397435965156076,0.9559485503920393,0.9643133649175284,0.8971901564492131,0.9625131050152524,0.9715202108257164,0.9607848936032957
p89_M,0.835723653532173,0.9837037141295752,0.7856879905096834,0.9520753766313144,0.8993922310882434,0.9253688519211308,0.7690332950866234,0.832915953650716,0.8769282987941891,0.9212094218042225,0.8808870709207711,0.9935567820366142,0.8961308828316202,0.8464976705745091,0.8702902432560244,0.8452959728548124,0.8898393963217797,0.8642985447139282,0.9172347260035336,0.9212094218042227,0.777220187281519,0.8780124908814333,0.8724042835510755,0.9417626114543683,0.8751860185986188,0.864298544713928,0.8898393963217797,0.9091981087656799,0.9212094218042227,0.7957401052286472,0.8785401016887855,0.9097421633544903,0.8867960431767521,0.8392374849683436,0.9750767117923147,0.992202279970581,0.9027412033397849,0.8867960431767518,0.9253688519211307,0.890375224309939,0.822529644268775,0.7475435743195451,0.9752737206364958,0.9482164295783596,0.9945183240274952,0.8901780867867963,0.9061873961293254,0.8468337236578869,0.8616681034607223,0.9022712097485504,0.9097421633544901,0.7196516856436013,0.8934655458176225,0.5834387667319125,0.954924242646743,0.8590697626746646,0.8590697626746647,0.4951319232791844,0.7772501065311839,0.8929489608197005,0.8824828972729081,0.92851080322122,0.8148644431454319,0.8225296442687751,0.9134191021410443,0.9201347919134596,0.9933095589619414,0.7129532507528167,0.6090006244764882,0.9625162230164762,0.8440565830183067,0.8616681034607224,0.8993922310882434,0.9422539672162609,0.4951319232791844,0.9569146673376988,0.9737702747191697,0.880887070920771,0.9174809986774627,0.925368851921131,0.880887070920771,0.9903387485424457,0.7065961642215379,0.8642985447139283,0.4951319232791844,0.8368572865027598,0.930471941443094,0.9769621475288917,0.8110207847631996,0.4787658847550451,0.4951319232791844,0.7856879905096841,0.6993774520017422,0.9486052576650936,0.5418054351898554,0.5381120956061076,0.8430997128293429,0.7975342693778874,0.7597630974336155,0.956768773115269,0.9156126821348902,0.9868418685480091,0.8993922310882434,0.9528539717720055,0.5417279145686253,0.9172347260035337,0.8161539917768373,0.7617928229425579,0.9690801727892032,0.9139504732212264,0.8310554840860195,0.8669631681563253,0.7492466437370087,0.9614378119570696,0.9465146323386673,0.8307243371930259,0.9164060891461527,0.9625162230164762,0.9253688519211305,0.7908608713208005,0.9240750749170032,0.7730117451851682,0.9064840699954801,0.851448978817484,0.8731984453528208,0.7924501708751215,0.9027412033397849,0.42047446075909367,0.9329016612088757,0.7243697373376099,0.8238151377968347,0.9061873961293252,0.9097421633544901,0.975273720636496,0.88983939632178,0.8675596062320503,0.7525156774266057,0.9097421633544905,0.90974216335449,0.49859023365752586,0.9441641726130343,0.9212094218042224,0.7527162746452845,0.7836611866807622,0.8584765156669927,0.822927938256294,0.8506183652136988,0.8771766788561685,0.8225535671978912,0.9253250579099028,0.9212094218042226,0.9053372809407507,0.9293190609910926,0.7646343017371664,0.9515258611582159,0.8616681034607233,0.9534212245029898,0.8785918741646357,0.9141379037220685,0.9055631752695523,0.5278768953338118,0.9061873961293253,0.9300014988735694,0.7532395413192152,0.8393889130131171,0.8593962429851335,0.9250878662315587,0.8225296442687751,0.9363572562098182,0.8888972252279981,0.8464976705745093,0.8961308828316201,0.8590697626746648,0.6219817494957285,0.7460486161648112,0.7971542133030113,0.9172347260035332,0.7297398881404957,0.8673952205917308,0.8814848214869841,0.9596253625545406,0.9223489632231421,0.9721556015951156,0.9329016612088757,0.6470294740376682,0.9593935604527493,0.7728616379373332,0.8629251931757835,0.5834387667319125,0.8569575328025574,0.8929489608197007,0.8544466580110088,0.6644710741162818,0.9904136841951489,0.7747013477094602,0.4951319232791844,0.9417626114543682,0.9645325849988505,0.7797405237523936,0.7595054721302658,0.8897015904236061,0.8961308828316203,0.4951319232791844,0.7769759056727246,0.9578693710525258,0.9686270243184087,0.4951319232791844,0.7697937316809339,0.8814261386926308,0.855914347853127,0.7629035295961656,0.8343612972776209,0.8961308828316205,0.4951319232791844,0.46254386897355027,0.49513192327918454,0.8911496102573422,0.8008393981888762,0.8276885031580021,0.4951319232791844,0.6567991760124697,0.4951319232791844,0.8026820535929298,0.8392043814442114,0.8344953100948601,0.754215037823528,0.9061873961293253,0.9689039712582768,0.4985902336575252,0.8724042835510755,0.7389563737676219,0.8367741299372242,0.8738856775611519,0.8901584347056434,0.9097421633544903,0.0,0.9683309962244562,0.8804598060127997,0.7963947603300139,0.9060638964407409,0.85678838094452,0.9247323722236848,0.8131898801283286,0.9287407729092757,0.4951319232791844,0.8581555195360442,0.4951319232791844,0.587314369711849,0.8968340415743796,0.9933095589619414,0.9763501189986379,0.9689039712582768,0.9417626114543682,0.9029766373026848,0.8751860185986191,0.8087510315013654,0.8584426512265031,0.8160149207300009,0.9061873961293254,0.7836611866807622,0.7647821602613931,0.986474045499795,0.4787658847550451,0.8260511052106427,0.7285621140487315,0.9253688519211307,0.7548159619952907,0.8377066325843305,0.6585835918139784,0.8190313752870146,0.7903842889297823,0.9515258611582159,0.8226776298101712,0.9933420354238603,0.9689039712582767,0.9172347260035337,0.9813644220112241,0.8298223478885365,0.9601701237080073,0.8272188776420611,0.9172347260035337,0.8123451119506255,0.9294635986891295,0.8260511052106425,0.8202046342072095,0.8992865236029117,0.9061873961293253,0.9061577663451579,0.8971077380179769,0.8929489608197007,0.9061873961293253,0.9325036590333071,0.8296894722833057,0.9172347260035334,0.8950302832647326,0.7881179018834512,0.7730117451851676,0.8920544948995281,0.992202279970581,0.8993922310882433,0.9477894660083727,0.8929489608197012,0.9649067432343337,0.886586143163953,0.8418533304885532,0.9061873961293253,0.9190823451591565,0.916495361002406,0.9652391407494045,0.8743184569850828,0.7709128636729372,0.9761608439154006,0.8492335997063475,0.9336708882449212,0.8427739119805953,0.9686270243184086,0.8769282987941893,0.9212094218042226,0.9410793844429433,0.8567883809445206,0.8441208612014638,0.972830895242649,0.4951319232791844,0.9097421633544895,0.7912426601057798,0.8642985447139286,0.9172347260035337,0.9568407342490962,0.9329016612088756,0.4951319232791844,0.8744295702264886,0.9172347260035333,0.9249165419327743,0.9650148532554859,0.9989394742792085,0.8998328740391308,0.9515258611582159,0.9735324343911236,0.6948551396537317,0.9377821213923416,0.8867960431767522,0.7022911594452048,0.9465146323386673,0.8901584347056433,0.6271973831158034,0.8838135174053029,0.9413337007556205,0.9752737206364959,0.9931779306668109,0.8901584347056433,0.982391996343409,0.8898393963217797,0.4787658847550451,0.9995274441909645,0.9256522427411313,0.8806787275423138,0.9851448415645756,0.6576147083310335,0.4951319232791844,0.8704998336661085,0.8620322227114247,0.893153543352375,0.8620322227114245,0.9686270243184086,0.9584809876679841,0.4951319232791844,0.4951319232791844,0.8616681034607223,0.9432185749403659,0.7751244964425451,0.49513192327918454,0.9686270243184087,0.8993922310882434,0.8895580642834773,0.796394760330013,0.7951478053394114,0.937234471440279,0.8756960152361004,0.9418510134399242,0.6846858119514417,0.932630117597206,0.4951319232791844,0.8039807896790845,0.8593962429851335,0.9634623823005005,0.9662026634380003,0.9024306604322343,0.8088442265905538,0.9061873961293253,0.8734301383407201,0.4951319232791844,0.8107658512692741,0.9226325469213177,0.8112398732875314,0.7477689432128818,0.902741203339785,0.7162916222188804,0.8867960431767519,0.4951319232791844,0.8855101065196795,0.7145783482020321,0.4951319232791844,0.9024306604322347,0.8218820783125453,0.9289878759232136,0.6672460480658836,0.886586143163953,0.4951319232791844,0.8200745565901093,0.9454762481192756,0.9563160015347993,0.834133158144178,0.9354298283560886,0.9072413322146768,0.8881595054994074,0.8155906448111349,0.9061873961293254,0.8635020267698967,0.8559143478531269,0.9031200523835076,0.7970253811999188,0.8643005026203404,0.7814289805726407,0.6361434151300116,0.9097421633544899,0.9226325469213177,0.4951319232791844,0.946920782957638,0.827218877642061,0.9102862765869405,0.9460546403839525,0.8927759843568144,0.5343820457471007,0.6149136343745673,0.9417626114543683,0.5343820457471007,0.8808870709207711,0.8993922310882434,0.950406981888151,0.7799420018782608,0.9893365027100925,0.9625162230164763,0.7654838048890945,0.9686270243184087,0.9171102496467267,0.9740168722867641,0.7530857978208922,0.9418510134399242,0.9212094218042226,0.8976726862915102,0.9091981087656799,0.8190603298174142,0.6289302643121224,0.8780124908814335,0.8518887562661412,0.9465146323386672,0.8806972914765079,0.8940052700922263,0.9106805596672262,0.8696642492046927,0.8443346508563904,0.923610220689685,0.8785401016887855,0.8357178127792182,0.8985284147379,0.8116963900427684,0.9945183240274952,0.8467881424784426,0.8869410318861259,0.899286523602912,0.7683122527820481,0.5747118774651481,0.6719119677097578,0.988777790152866,0.9714298904079637,0.8286495024509246,0.979977169685071,0.7896355831135584,0.9465146323386672,0.9236891064479911,0.948213374378933,0.8620322227114251,0.8661396574440058,0.8563577889317531,0.7954071200120834,0.7856879905096836,0.9568407342490962,0.8666934952218592,0.9247323722236849,0.8898393963217798,0.9515258611582159,0.9625162230164762,0.9056312245600876,0.7383393446604241,0.827509656271578,0.8961308828316201,0.8961308828316201,0.8819281364185483,0.8841909425473031,0.5518729892477361,0.8025402131001313,0.4951319232791844,0.9568407342490965,0.4951319232791844,0.4951319232791844,0.9235294325836871,0.636143415130012,0.8901584347056434,0.4951319232791844,0.8671627719330383,0.781307277658015,0.47799215985650734,0.9920202590498122,0.8039807896790845,0.9108901249858721,0.8769282987941893,0.36746121704743695,0.7860643916653801,0.9428834581482701,0.9367146034407845,0.6957862088864863,0.8368572865027593,0.6117410670039718,0.9097034792936665,0.851448978817484,0.9208601429117473,0.9287407729092757,0.882129621197304,0.9134191021410443,0.8155906448111349,0.9061873961293254,0.8468337236578865,0.9099317521606787,0.9855764781637496,0.8724042835510755,0.9804564054360673,0.848961370039966,0.8139197462693826,0.9031200523835075,0.6431966469560382,0.9325036590333067,0.4836022835336564,0.902741203339785,0.8298223478885361,0.7706007629746171,0.803256109645171,0.6724208586082561,0.896195761128637,0.8310167964629782,0.9201421423469731,0.7814447919110763,0.9696724395861309,0.9391366663555984,0.8814270131992576,0.9752737206364959,0.6482713725791804,0.9224426332951579,0.746634087152271,0.7909062361234077,0.8780124908814333,0.8380901632125548,0.9249097511545294,0.4951319232791844,0.9097421633544899,0.9340990416559537,0.8993922310882433,0.8523725692305202,0.9418510134399241,0.999675602911575,0.8539618916939775,0.8177766435217089,0.9645515900483717,0.9082449402656072,0.9686270243184089,0.8192726949707163,0.8258588664949131,0.9868598685836287,0.5343820457471007,0.9889883423817387,0.6512092605443822,0.8814261386926309,0.9300014988735689,0.760440476926266,0.9242396519963048,0.9050092457604719,0.9489538339430424,0.8901584347056433,0.9454249734383582,0.7614784479792219,0.8505486695981965,0.9365377706532192,0.9377821213923416,0.9807840195689514,0.8866085358410771,0.9411059021731607,0.8772439656561348,0.4787658847550451,0.889744244341196,0.7022911594452048,0.9253688519211308,0.9278440476872818,0.9465146323386672,0.8620322227114248,0.83449531009486,0.9559231506618936,0.8407926268056294,0.851448978817484,0.9377821213923416,0.8117675290099495,0.8808870709207709,0.9329016612088756,0.9515258611582155,0.9752737206364959,0.4951319232791844,0.8552368166078581,0.7334421254231442,0.9550311677010548,0.8416368978310875,0.49513192327918454,0.8880714832679898,0.702490719464832,0.820410115045145,0.7311915051982696,0.8094833764446472,0.8064907104924683,0.9402670386984475,0.7547617536629982,0.8565016117177142,0.8367741299372242,0.9609127092561045,0.8042393336636006,0.913419102141045,0.8295844697893859,0.8590697626746646,0.9868418685480091,0.8321506231964108,0.9253688519211305,0.5584794457895186,0.8929489608197012,0.9253688519211306,0.883813517405303,0.943030019214546,0.8993922310882434,0.7601449416745136,0.7709128636729377,0.9625162230164764,0.937234471440279,0.8780124908814334,0.6467686737393225,0.9988129382625097,0.4787658847550451,0.9933095589619413,0.4820870374439252,0.4787658847550451,0.4787658847550451,0.651553017658657,0.4951319232791844,0.9247323722236849,0.6075862665388158,0.4951319232791844,0.8696642492046925,0.8442784488906703,0.9172347260035332,0.9061873961293254,0.9134191021410445,0.902741203339785,0.5155366631323002,0.596090336332632,0.9931483280775926,0.9952673588808038,0.8918274225086792,0.4951319232791844,0.8161539917768376,0.9061873961293253,0.8696642492046925,0.8711130251793342,0.8183996995703311,0.9172347260035334,0.9807840195689517,0.8751860185986187,0.9953850725668192,0.8744295702264877,0.8993922310882436,0.7736452528338302,0.8701259118167616,0.9047309153408001,0.9761608439154001,0.8808870709207713,0.9469207829576383,0.8903752243099391,0.9465146323386673,0.8392043814442112,0.739013486677382,0.4951319232791844,0.9870810478556493,0.8062707422387736,0.9212094218042226,0.7128397523847146,0.9247323722236849,0.8808870709207711,0.9626722459988177,0.5343820457471007,0.6161817169312698,0.9878742259207556,0.4951319232791844,0.4951319232791844,0.5605585736602248,0.6917124201812873,0.9634101886499155,0.7959944208079446,0.7631839625720709,0.6672460480658835,0.837639545604753,0.8976726862915103,0.866963168156325,0.9763491073983369,0.4951319232791844,0.801706744492966,0.9097421633544899,0.9253688519211307,0.6655491115674659,0.9172347260035337,0.9361758350416752,0.4951319232791844,0.4951319232791844,0.8769046012302296,0.937234471440279,0.8605462679581153,0.8780124908814333,0.7526586203811858,0.8007246376811596,0.8370598945955992,0.8067852437417653,0.9272769090362738,0.8451951577758794,0.49513192327918454,0.8321506231964106,0.9042763176460235,0.9801945723164651,0.9625162230164761,0.6390840547240111,0.8700297843910698,0.7744924692459945,0.83685728650276,0.902741203339785,0.8834706269775048,0.4951319232791844,0.9590500452930777,0.8368572865027597,0.822529644268775,0.8996502345318771,0.9731492381303981,0.983703714129575,0.8116963900427685,0.7282698708074835,0.913419102141044,0.7396737453784709,0.8001693330026233,0.8898393963217797,0.9686270243184087,0.925680950117113,0.6398624365232617,0.9268019842897895,0.9097421633544901,0.5155366631323002,0.7542150378235278,0.7168583413736436,0.8814261386926308,0.9744032270105809,0.9253688519211309,0.8229207683300499,0.9748214106481392,0.974821410648139,0.8072801833126307,0.7462299379986133,0.8582905374781611,0.8993922310882434,0.9212094218042226,0.8780124908814333,0.8780124908814332,0.8880350496408189,0.9549242426467435,0.8961308828316205,0.9438841418650029,0.8729530098980613,0.863130347972715,0.9147829425396118,0.5337693082806174,0.9843446203121258,0.8543028286581237,0.4951319232791844,0.8064907104924683,0.937234471440279,0.863136906663047,0.9212094218042225,0.9262698231600373,0.8696642492046913,0.7862279856886558,0.4951319232791844,0.8457702478654618,0.6646850446045982,0.8286495024509253,0.8944764529604541,0.9422539672162608,0.9102862765869404,0.9515258611582155,0.9850237314416195,0.9584809876679841,0.6810987166300166,0.9193292627563923,0.9031200523835076,0.9990586040836651,0.9253688519211309,0.9031200523835076,0.8993922310882433,0.7251727438845759,0.9764965868575897,0.8008393981888761,0.45667836295445685,0.6413451815819925,0.7600276057434354,0.4787658847550451,0.7562838856997304,0.7432996237289629,0.8214602675191391,0.9878371420275491,0.8871000341516462,0.4951319232791844,0.9472228161853211,0.7475897054345035,0.8464976705745091,0.4951319232791844,0.9579815714632903,0.9208601429117474,0.9172347260035337,0.45184880213541945,0.5155366631323002,0.8701230238264701,0.9898664497675989,0.9456403235713626,0.8299441802940946,0.8183996995703312,0.8724042835510757,0.6790663687470532,0.4951319232791844,0.9484920741180298,0.4951319232791844,0.9172347260035335,0.7548159619952908,0.8708177940079278,0.9253688519211307,0.8164566502426576,0.6573843060168779,0.9023560189821777,0.8992865236029117,0.4951319232791844,0.7899953240176679,0.8955209508510915,0.8980748304035202,0.9056312245600876,0.7736452528338305,0.951525861158216,0.7150930552416848,0.8569575328025569,0.4682785689774849,0.8087510315013653,0.7240551445538936,0.4682785689774849,0.899286523602912,0.9097421633544907,0.7730117451851676,0.4682785689774849,0.9253688519211307,0.9226325469213178,0.902741203339785,0.7931008126567483,0.9329016612088756,0.8302228876064228,0.8696642492046922,0.8480961504580379,0.8321506231964104,0.9433011034543322,0.9517461635787844,0.8903752243099391,0.9329016612088755,0.9099317521606788,0.8613951767974672,0.8464976705745093,0.8050863112719076,0.8377066325843305,0.7444624914453728,0.8183996995703311,0.8616681034607221,0.902741203339785,0.9061873961293254,0.8272188776420615,0.8531576121416983,0.9400757463595385,0.8565016117177147,0.8468337236578869,0.9933095589619412,0.9134191021410448,0.9072135272262016,0.8814270131992583,0.9761241016391892,0.9627319675460853,0.9047309153408001,0.7775312489457671,0.8751860185986186,0.848961370039965,0.8993922310882436,0.8643335666126122,0.8165425919910572,0.9723577842397159,0.8248675029173153,0.9990971923955183,0.9568407342490963,0.9156189095742931,0.9192130655608857,0.8934655458176225,0.8898393963217798,0.9363572562098188,0.9376152832674569,0.7443631528350054,0.6869733138738291,0.880887070920771,0.8226422322705698,0.8961308828316206,0.933047051418352,0.8848793901724481,0.9465146323386673,0.9027412033397849,0.8357142839562117,0.856501611717713,0.9465146323386673,0.8767136178539803,0.9412111868704811,0.8759834880404089,0.892948960819701,0.9287407729092756,0.9763987918995964,0.8696642492046923,0.8072801833126309,0.8518491866146227,0.9195860038224922,0.869664249204692,0.9568407342490968,0.892485698926032,0.8966164956581811,0.902741203339785,0.9212094218042225,0.873457082543069,0.9172347260035336,0.7274574918347019,0.9568407342490969
p91_F,0.8075224748991753,0.9685235479473362,0.7869574313974723,0.883332907012486,0.8580985913882984,0.9189419416378726,0.9645760807712855,0.9480317266844397,0.9209789516100655,0.6809249625855593,0.9015254039971805,0.7641547482218575,0.79902066083399,0.858305811886843,0.9648599144432592,0.941761455817976,0.9873056066370913,0.8526125248565155,0.95304308387742,0.9144243194673916,0.8350822999687468,0.8977731789942538,0.9779145968080556,0.7356347898069093,0.8644375806981959,0.8526125248565148,0.8803528436582551,0.8964255932438441,0.9144243194673916,0.8215275101294393,0.8386564101621345,0.9395538742599333,0.8770474101603603,0.8253933155080593,0.8939804601816316,0.995978827624862,0.8943656982526555,0.9093468603483925,0.655181592999205,0.8497555614289232,0.8042393336636018,0.9960924775122677,0.9864188438370336,0.8897648306439209,0.9796090059367453,0.7381405152970124,0.8981086621953582,0.9108977199969839,0.8497555614289232,0.897441605436377,0.7414581552504091,0.7764228214062363,0.8526125248565148,0.9999046168119615,0.9291558887114455,0.90054724462673,0.9118045190541603,0.8907283270583697,0.9196440510519741,0.8837301903431398,0.9929292824418567,0.9414687429475941,0.8802685646935307,0.9683309962244563,0.9059631313150907,0.9808162413081132,0.9019695505324468,0.8180536059203535,0.7511163199895248,0.9101073401299777,0.8306274133484668,0.8769755445526377,0.929862328974965,0.8472838286938824,0.8907283270583697,0.9472841345974499,0.9811639310132525,0.8706295828816044,0.9204628989956557,0.9662615489004196,0.8204122059626302,0.8870460761700745,0.8413857241797422,0.9632366842045734,0.8907283270583697,0.8466789237325192,0.8675074564961303,0.8915765908967461,0.7686652491622565,0.8871861256568152,0.8907283270583697,0.7869574313974721,0.861278982664704,0.9909073906073518,0.9455550204029668,0.9317260072010788,0.7626237667696432,0.8543440355757848,0.7404566505856771,0.8383661185956788,0.8737403537239998,0.8981086621953585,0.8907283270583692,0.8616093529308391,0.9535199566710341,0.910107340129978,0.8003219721549926,0.7394811909460155,0.7497654019369484,0.8566590780955299,0.8241238792248227,0.8070873137034836,0.9010260508205598,0.8052132715009268,0.8981086621953582,0.9270297891786444,0.8738080422252299,0.6605352223956008,0.9189419416378728,0.9128097674389162,0.8668740897048604,0.9439482786232296,0.8941142743416466,0.8017157902665972,0.9355806443675592,0.9989268958984259,0.8943656982526555,0.8848603900693293,0.9220520382689481,0.7150752667467533,0.8063302406713213,0.9489388080389436,0.9415886943343517,0.9864188438370332,0.8803528436582551,0.8486567944104964,0.6875429168484841,0.9019695505324468,0.9415886943343519,0.917667850833811,0.9062804587690683,0.9144243194673913,0.8855688794028941,0.7956255005216162,0.9699144492180107,0.9199511564537566,0.7739227411014341,0.7338325966763777,0.9324845735813608,0.6557564321155487,0.9144243194673916,0.790366318322465,0.8427503566796857,0.837636106838652,0.9415886943343517,0.8769755445526375,0.9442915331930977,0.907653547455582,0.8652863680575231,0.7725128802850378,0.9944936033980056,0.9745849270782072,0.8870460761700745,0.7579561022265849,0.7992446077919153,0.8438537352691284,0.9020974822841876,0.8042393336636016,0.9763180074296143,0.8214479072679648,0.966504522233656,0.8871861256568154,0.8469334628212701,0.9714043198659749,0.7529908344710088,0.9499022465090411,0.9959788276248618,0.618626666497788,0.9745430191365931,0.8132087667185162,0.7138014607560432,0.954055398570143,0.9809679173349197,0.6944229229975921,0.8236565323107639,0.8709950069515597,0.9298765722749415,0.7709924834343279,0.9683327815712592,0.8598491504016526,0.6750802232781398,0.8232169699833972,0.8706660166738589,0.8967968504676814,0.7903663183224652,0.8907283270583697,0.7726347410009535,0.9855431718151524,0.839162833553878,0.8725049262998221,0.9842080333763163,0.8338865734461232,0.8907283270583697,0.8410497634157481,0.9430844419245886,0.6809249625855597,0.8907283270583697,0.8755391402721739,0.9345033063019546,0.8898232626493359,0.8454982153303764,0.838462059299615,0.8871861256568154,0.8907283270583697,0.8350134077903515,0.8907283270583697,0.8766565545557359,0.8484535983370582,0.904830372025413,0.8907283270583697,0.9255315955672281,0.8907283270583697,0.8050479547208846,0.8003219721549923,0.8438537352691284,0.8241238792248222,0.8981086621953582,0.7841167133077895,0.9176678508338107,0.8905408702359403,0.8601010410207596,0.9279179626711536,0.8290498509492901,0.9219594183766182,0.901969550532447,0.9683309962244562,0.0,0.7906839898526732,0.7788611615278427,0.817696163984857,0.9578647347653737,0.7887932820801115,0.7534645026919056,0.7090178837688109,0.8907283270583697,0.7863392130852676,0.8907283270583697,0.8085434784945783,0.9720509798443678,0.9812078381362568,0.8388771360177494,0.753329394094036,0.7356347898069093,0.9536172129428944,0.8644375806981959,0.8092435648391678,0.9324212251127573,0.678015283491028,0.7577481458318213,0.7598234580091285,0.8314275430341038,0.6604786149213672,0.9220520382689479,0.88817573419612,0.6958893677749218,0.655181592999205,0.8111443851804816,0.5696640535866333,0.9398581321453396,0.828729388428608,0.7670578807931518,0.8603155866561236,0.660965104730625,0.7549598708592933,0.8310417965202925,0.910107340129978,0.840678665448046,0.8382889276548209,0.9728634031502703,0.9561893150756149,0.910107340129978,0.9167550011741449,0.8511251979576762,0.9059631313150904,0.8427900854983303,0.8583058118868427,0.8981086621953585,0.8607668501691259,0.6985130202360936,0.8837301903431398,0.8981086621953585,0.8981086621953585,0.8144598339080604,0.9101073401299777,0.8602716428876339,0.9752762755840356,0.8487063906575674,0.9401985027453009,0.918149684880254,0.8907283270583692,0.8769755445526377,0.8837301903431398,0.9019695505324468,0.7424326513133899,0.7671928918977245,0.9489388080389437,0.8497555614289232,0.5186500710808948,0.6654192651087514,0.8610682650767477,0.7751677449992772,0.9785751520346813,0.7385358528165455,0.9012169536210417,0.7802070902963649,0.9057309170005868,0.9422959581439434,0.9144243194673916,0.9461009440937578,0.6449909813564951,0.9387006568698568,0.9871769404803684,0.8907283270583697,0.9019695505324468,0.8074880529383697,0.8526125248565162,0.910107340129978,0.9471353582128486,0.9220520382689481,0.8907283270583697,0.8644375806981959,0.7034709661430432,0.9864188438370332,0.897496777459005,0.7942378548972505,0.858440300510009,0.781077299052314,0.8916378290450971,0.72785019306989,0.8941142743416466,0.8968564385234133,0.6906152972201869,0.7577481458318222,0.8736763669423389,0.8140869293571895,0.9053798774659323,0.8105962956092267,0.8444600220493923,0.7802982364237112,0.8978178926594784,0.7694671580927854,0.9134382310844182,0.8871861256568152,0.9963407157204914,0.9989065885973732,0.7764026473839652,0.8355894278315887,0.7046313401377293,0.8907283270583697,0.876138909161545,0.6997762744583623,0.9256951312189832,0.9862256229693844,0.8158085352345757,0.8544374371001187,0.8907283270583697,0.8907283270583697,0.6330647592205016,0.801899963449519,0.7825321389951463,0.8907283270583697,0.959385510350397,0.8907283270583695,0.9164503319823694,0.7992446077919151,0.7733632732492616,0.9657441977682982,0.8359545793225898,0.9280389014923773,0.7355347458828869,0.8369555901791195,0.8907283270583697,0.8376361068386515,0.8438537352691284,0.7724136903744152,0.7665116662955362,0.8613042685122361,0.9148179790070858,0.8981086621953585,0.7271198310345721,0.8907283270583697,0.6878076522627179,0.9079246045305447,0.9195099924539596,0.9225193974751038,0.8466346433890406,0.749013318268658,0.87704741016036,0.8907283270583697,0.6566481306188335,0.9226755063327747,0.8907283270583697,0.9865975963498848,0.8384421841000357,0.7585198707021183,0.7125119185101703,0.7113857494869995,0.8907283270583697,0.740837251912098,0.8766699604196817,0.9471353582128483,0.8988806188228511,0.8694874298482331,0.8718336468098018,0.9350530374146737,0.7967655393741326,0.8981086621953585,0.787720103613721,0.9569477454890256,0.948790021284017,0.7620405136650106,0.8549124494191915,0.8109021643939753,0.948790021284017,0.9019695505324468,0.8526125248565162,0.8907283270583697,0.95304308387742,0.8092872065809691,0.9169208738405132,0.9130996693093604,0.8388771360177489,0.88373019034314,0.9848385841579349,0.9683656006407424,0.88373019034314,0.9942128673439101,0.8907283270583692,0.9999046168119617,0.7583047638633307,0.8357109254745527,0.9610854286276959,0.7186310918640246,0.8158085352345761,0.7157580996456415,0.9779145968080556,0.9907213018800465,0.8675074564961303,0.959385510350397,0.8727231294179042,0.9908694737845812,0.8855827323868941,0.883623786778412,0.9885703464886242,0.9175770289712906,0.9363467946367829,0.9461009440937578,0.8029275997794056,0.881696058197244,0.9156518518301395,0.9476555716688252,0.7895163848470543,0.9670949100090163,0.8186192399936734,0.7658102461637841,0.8814436174763252,0.854964056932438,0.8668037087677329,0.8825515280739158,0.7662877612285113,0.9985308211896643,0.8905408702359405,0.7020307983844449,0.9130996693093602,0.949161813369125,0.8841077185494026,0.8644190209116958,0.7876960580110577,0.8981086621953585,0.980614913739112,0.8073616935966639,0.9421620399028601,0.9903181546642814,0.910107340129978,0.9356345698486255,0.8777165452384925,0.9705201879916356,0.8255926828382909,0.8803528436582551,0.8803528436582553,0.9395538742599335,0.6605352223956008,0.8643441101315117,0.7360424979952223,0.9271092418435962,0.8871861256568154,0.8871861256568154,0.8253631502932914,0.9374025230168431,0.913438231084418,0.7956255005216161,0.8907283270583697,0.9059631313150907,0.8907283270583697,0.8907283270583697,0.8068487019566034,0.8764625255717525,0.8495348412251991,0.8907283270583697,0.6919719215582725,0.7485550740180082,0.8877804493751154,0.7673217314581902,0.8562902021654153,0.8157784622712905,0.9937530222544223,0.8286368927914729,0.7412504716065051,0.8322575381473485,0.7654115056619779,0.9293479610938779,0.9182912608602745,0.7694671580927854,0.8766699604196817,0.8386564101621352,0.8968564385234132,0.67508022327814,0.9240785149836026,0.9471353582128486,0.7967655393741326,0.8981086621953585,0.9942108688133633,0.5877095385376463,0.9960924775122679,0.9929608276679062,0.8403507729134434,0.8866539577018828,0.9279179626711533,0.8473379500477141,0.7079457093989432,0.9489388080389439,0.8977731789942542,0.8943656982526555,0.9304956730093071,0.8993117111883588,0.7860169964085015,0.9791730180618381,0.9673623974500296,0.7557078946539488,0.8332093297481669,0.8015977415708577,0.9220520382689481,0.7108435485795082,0.9455550204029668,0.9662615489004196,0.6757080281483125,0.950140949872212,0.765190373232164,0.8412590452106639,0.8977731789942536,0.8936899388788158,0.8783874137670074,0.8907283270583697,0.9019695505324468,0.8910756755394971,0.7863348538016321,0.8393461344929363,0.9811639310132524,0.8108308652408232,0.8934703722913544,0.8773169347212819,0.8905408702359403,0.7049830982805745,0.959385510350397,0.8031473783273153,0.9439954904249367,0.7607790826640819,0.88373019034314,0.9937547890875104,0.7653341256322734,0.9954124083077878,0.858440300510009,0.9637156345658666,0.8681049907653204,0.6550625987636249,0.6865158751259843,0.8253933155080595,0.8981517364866256,0.7703977656335024,0.9301542901134784,0.959385510350397,0.9534676616285476,0.9576344969711709,0.7508624330638409,0.9132322522038856,0.8489420118924442,0.8871861256568152,0.7778730188229692,0.6906152972201871,0.9189419416378726,0.7060146608247564,0.9489388080389439,0.9182912608602747,0.8910756755394971,0.883623786778412,0.6660624059381524,0.8643441101315115,0.9278255637976507,0.945426144078316,0.9015254039971803,0.9036183986703886,0.9019695505324468,0.9189419416378726,0.8907283270583697,0.7642007473005673,0.8153901077305217,0.8542922745318369,0.8279993553837639,0.8907283270583697,0.9562156008409528,0.7334416729762301,0.8770480780167362,0.8332787167611999,0.8143939189406748,0.826407551793241,0.9682147741259981,0.9673595681638002,0.8441441538596661,0.8987185179403041,0.9368827982743329,0.8433428097607203,0.9059631313150907,0.7906839898526727,0.9118045190541602,0.9745849270782074,0.8410575924482762,0.9662615489004198,0.9498037239005275,0.8837301903431398,0.9189419416378728,0.8738080422252299,0.9541610264321898,0.9266101958517023,0.9386528661484586,0.8459143506970603,0.7034709661430438,0.8939804601816318,0.7390381510282649,0.7899228278198134,0.8510968077057566,0.8871861256568152,0.9415886943343517,0.8803528436582546,0.8871861256568152,0.8871861256568152,0.8849083758862648,0.8907283270583697,0.5571955700969679,0.8281210626717748,0.8907283270583697,0.858440300510009,0.8041340914475241,0.9610854286276956,0.8981086621953585,0.7646590535028454,0.7726347410009538,0.9220520382689479,0.7933419922649212,0.9469433771109669,0.8764625255717525,0.737556084128866,0.8907283270583697,0.9096034325000613,0.8981086621953582,0.8584403005100092,0.7333130121849543,0.8027610705485606,0.95304308387742,0.8943656982526555,0.6607353210065964,0.9345033063019539,0.8644375806981961,0.8907283270583695,0.7384366952101732,0.8306274133484668,0.8274034902359735,0.9460447636102758,0.9324212251127573,0.95304308387742,0.8769755445526377,0.8981086621953585,0.8221782642240063,0.7829597772526522,0.8907283270583697,0.9657441977682982,0.8403799403797987,0.6809249625855597,0.7320797434544464,0.9465236185105819,0.9633170462283336,0.9490671206730401,0.88373019034314,0.8783774236909916,0.7391857262128292,0.8907283270583697,0.8907283270583697,0.999860292810069,0.9575066950041722,0.8118328297057757,0.9247221332558286,0.7884583774358108,0.8537898787144267,0.7534147528233297,0.7487241767683863,0.8836237867784118,0.8542803481940662,0.8907283270583697,0.7558496847374976,0.9019695505324468,0.655181592999205,0.7329753662120799,0.910107340129978,0.7377722159208451,0.8907283270583697,0.8907283270583697,0.7782811798585639,0.8907283270583692,0.7605724819308799,0.8675074564961305,0.7264095143724527,0.8042393336636016,0.9445367060586113,0.8649538734463,0.8722247347920777,0.7121350663695774,0.8907283270583697,0.8176961639848566,0.7786269981295633,0.8943656982526555,0.7893424536379271,0.9761013694717309,0.8823687109729159,0.9453225695777353,0.822808144689934,0.883634594583084,0.7825321389951463,0.8907283270583697,0.7835799185460253,0.9623548439267994,0.9063047225575628,0.8341370036484057,0.9552604924886272,0.778901770127046,0.8391762543750588,0.7698485733968017,0.8881757341961197,0.8587346468810888,0.7082049220484719,0.8218786695062749,0.9144243194673916,0.9584141923894149,0.9079246045305449,0.8072999539592312,0.7414581552504083,0.8871861256568152,0.8969836989702342,0.9654183008596202,0.9812261632287929,0.8233088447894499,0.8917796293119393,0.9253281229175288,0.7498208075242988,0.8917796293119394,0.8118328297057757,0.9256951312189832,0.9587170445614022,0.6428073786283003,0.959385510350397,0.897773178994254,0.7693038735263882,0.8801459778973657,0.909346860348393,0.9220520382689481,0.8313838463459702,0.9516568913589794,0.7726347410009535,0.9592963849296585,0.9660328189454452,0.9363128571127168,0.7921196724236703,0.8907283270583697,0.7869574313974719,0.750452985008299,0.9026235865523875,0.6809249625855593,0.863321659070412,0.8584403005100096,0.8257905548096875,0.8907283270583697,0.8760271331787318,0.6757080281483125,0.5694441862886834,0.7017567090828984,0.7517279634720961,0.7603195597243955,0.9019695505324468,0.8919427717866619,0.9641201488230351,0.9714122779634877,0.6055824103324139,0.861416294711902,0.6790010395072965,0.9189419416378728,0.8905408702359403,0.8907283270583692,0.9864805675103101,0.9858554770474959,0.7449165463578686,0.8286368927914728,0.7019385860946388,0.9266101958517023,0.8871861256568152,0.7502083235351358,0.8048719500632193,0.7765216012257237,0.6800584776820546,0.6513826140857675,0.8907283270583697,0.7455442191688652,0.792758571177298,0.8583058118868427,0.8907283270583697,0.839057202362021,0.961455338899478,0.910107340129978,0.8614162947119022,0.8871861256568152,0.78527635526129,0.8984831166103557,0.7788611615278427,0.9541610264321898,0.9106063345748624,0.8905408702359405,0.7072359722808068,0.8907283270583697,0.8917069210381804,0.8907283270583697,0.7034709661430429,0.9151779056798248,0.9974815124185252,0.655181592999205,0.9455550204029668,0.9470983304227063,0.8599528383879702,0.858305811886843,0.8907283270583697,0.7181561553957498,0.8002912060027667,0.9628365916239274,0.9414072100396405,0.8410575924482768,0.9395538742599335,0.864344110131511,0.7584503936430659,0.8255926828382909,0.972414976367814,0.651382614085767,0.8255926828382909,0.9584141923894149,0.9019695505324468,0.8487063906575674,0.8255926828382909,0.655181592999205,0.9079246045305447,0.8466346433890406,0.8106096354713028,0.9220520382689481,0.8091497720223589,0.9156518518301398,0.9053077925847788,0.817696163984857,0.9055871010957909,0.8614104675884084,0.7419446917153596,0.9036183986703883,0.6785067060320171,0.9356345698486255,0.8332787167612001,0.8932312685779096,0.8755391402721742,0.963155105500539,0.8248097316929133,0.8769755445526377,0.7356347898069092,0.9745849270782074,0.9561893150756149,0.9916108712845171,0.997366491079042,0.8441441538596661,0.9317260072010787,0.9019695505324468,0.9059631313150907,0.820113254956577,0.8934703722913555,0.958433244860071,0.9623548439267994,0.9301542901134784,0.8965084436298105,0.9831443552719978,0.8613042685122361,0.9624920646450354,0.9401090153188927,0.8846418691788009,0.8355462780873544,0.9108977199969839,0.8902256195192777,0.9059631313150907,0.9461009440937578,0.7751471121754148,0.8802685646935293,0.8803528436582551,0.8674280482355485,0.9476555716688246,0.6494428405348285,0.8226590914039003,0.8706295828816044,0.7921115033091005,0.9220520382689481,0.9495539952471836,0.9394210140945578,0.9363467946367827,0.9313656494466989,0.9377941215063208,0.8441441538596661,0.9363467946367827,0.863317297214327,0.9642361704309004,0.882359977723439,0.9176678508338107,0.9516055113244815,0.894903216746779,0.8870460761700742,0.790683989852673,0.9363467946367827,0.8921454590401711,0.8584403005100092,0.9471353582128486,0.9680373530522721,0.9757903498042683,0.8943656982526555,0.6809249625855593,0.9058515234369648,0.7034709661430429,0.8856422435542918,0.9059631313150907
p91_I,0.9071886829882025,0.8876356948162312,0.6752855538352218,0.9324622348412388,0.9027019168030599,0.9788715516976694,0.8996019120392932,0.8733048800750252,0.8157507865486253,0.9238013891436974,0.8848055194072817,0.8995478568587885,0.8995478568587885,0.9864598200285576,0.9256466293616719,0.9037732996076961,0.8934633408766894,0.6538796605316737,0.8021325739678647,0.9238013891436974,0.7583081247668162,0.9146756363968289,0.9080208724124175,0.9059407181827082,0.8792920141466947,0.8687627046182593,0.8923850346102591,0.8654110063376463,0.9238013891436971,0.8020491862887078,0.884047291409445,0.9554518077232719,0.5171305001443645,0.8445260765476388,0.9027019168030599,0.9199574485923752,0.9458556185436358,0.9004154029074704,0.9278239868212359,0.9575945522950665,0.7020255141987615,0.7950048733195015,0.9278239868212361,0.8578781883458777,0.9648472157143733,0.5768061896205465,0.9505241704836669,0.8093852229086023,0.8662187967802519,0.9519132041712033,0.9127113681766139,0.6588014374048994,0.8687627046182591,0.887635694816231,0.890520104676289,0.9338624305038412,0.8637059334028958,0.9027019168030599,0.8631477900199128,0.9570839709282045,0.8434189051272905,0.9706763736718753,0.7732190692441921,0.7689383736290263,0.9162673470024436,0.9548329367717479,0.9163268736367545,0.9802116444260358,0.8928744051923795,0.987405892261038,0.9374833512314645,0.9575945522950664,0.9027019168030599,0.908542798677987,0.9027019168030599,0.7215855829427582,0.9220737026051952,0.9181353909773775,0.8838221115371236,0.919033318549464,0.8848055194072819,0.9665301256886063,0.9992361147000017,0.6538796605316739,0.9027019168030599,0.951764788537374,0.9873739670043862,0.944507374685851,0.8615147734498487,0.9371605937136991,0.9027019168030599,0.9629705957254184,0.7698016927824238,0.9678729399187965,0.8587660956447005,0.8535768966573549,0.9801209811092051,0.6959704540897897,0.6890476598782609,0.8738080422252306,0.950462348871437,0.9505241704836669,0.8263369548708459,0.8569920426745787,0.8868757850544171,0.9199574485923747,0.9891725552066309,0.7119446589418912,0.8792920141466949,0.9481255825707531,0.9981003045437435,0.9016719843861538,0.7984392192917824,0.8505579307181195,0.9917747991232293,0.9172647376643142,0.94206858624683,0.9199574485923747,0.8169381887965974,0.7465238189296226,0.8331840572920646,0.98596952626538,0.8645904004850737,0.9117587329570798,0.9881021133307766,0.902053086963867,0.9743145807345087,0.9311251954067488,0.9747733305686097,0.9132780522734492,0.7562707214632041,0.9092735418441047,0.9590673131834123,0.9788715516976696,0.8934633408766892,0.6913152155111733,0.9327539191943888,0.9163268736367548,0.9127113681766139,0.9330819649782565,0.5858070989109228,0.9238013891436971,0.9890833329425415,0.9560682312404292,0.9868795839159128,0.8287530636873142,0.8376235103113385,0.732824066405886,0.8107723431911641,0.8034813427872457,0.9791919178046249,0.8434189051272902,0.9100127294010795,0.7446538073420663,0.9590673131834123,0.8662187967802528,0.8423182643483393,0.5160583942155254,0.7444445598003699,0.965420469600959,0.9158724902686362,0.9669745722372082,0.9665301256886063,0.8556063329356027,0.7131425355793004,0.956291281646531,0.8085437732024461,0.7912426601057813,0.9164818738668177,0.935005241301464,0.8515474244094854,0.9123884588666586,0.921543543715257,0.9448142398449231,0.7563867436573588,0.9361890485835055,0.9662757781656683,0.7907172972604057,0.873194679779312,0.6802603936844858,0.8309617608579103,0.8283877907234389,0.9793811540276174,0.8995478568587885,0.8040159261379195,0.9200592494410145,0.7281124483054631,0.8715507769439588,0.887635694816231,0.8812768771799535,0.8964706102804105,0.9767256838211877,0.7601541351552024,0.8636236954040453,0.8901742884406569,0.9027019168030599,0.9458556185436358,0.81063855213682,0.8093852229086018,0.8442343271882827,0.7927381955186616,0.9747733305686097,0.9027019168030599,0.7748087466353804,0.8303341992231743,0.9238013891436974,0.9027019168030599,0.7502512278759388,0.837672350699731,0.8031747405871112,0.7811505049971929,0.9966379876704434,0.8995478568587885,0.9027019168030599,0.9831964801830027,0.9027019168030599,0.8588332480153076,0.712150826119361,0.7221818875857302,0.9027019168030599,0.8643289942147615,0.9027019168030599,0.6758769133365898,0.9165147019879722,0.8798779764968926,0.7464500220727756,0.9092735418441047,0.8274137366193686,0.9330819649782565,0.8720455479999368,0.7588230416072199,0.8200412134706068,0.9686932271796125,0.9486998997515481,0.8735864340900968,0.8804598060127997,0.7906839898526732,0.0,0.8030927455898658,0.837672350699731,0.8376723506997308,0.8934633408766899,0.993481417070199,0.8964706102804108,0.9027019168030599,0.9354149434794599,0.9027019168030599,0.9272531711796208,0.960712445103687,0.9554518077232721,0.8897181908471419,0.7942009150036773,0.9059407181827082,0.8354206684781547,0.9286197968271317,0.969659532404788,0.9818749943123345,0.7341634785193585,0.9092735418441045,0.9473752252043395,0.8015777615520583,0.9323768471908325,0.8995478568587885,0.9162673470024438,0.7243260125973852,0.9278239868212359,0.7155172599880968,0.9239210673151494,0.8713396701567191,0.8823438442399556,0.995035586468803,0.9127113681766141,0.7277635600800747,0.9457184681298556,0.8404580472237195,0.9199574485923747,0.8964074133867748,0.8354206684781547,0.9356707151118058,0.9926131437220167,0.9199574485923747,0.9043518922323697,0.8976491005447789,0.9949008961315589,0.6633516435317719,0.8785462170031446,0.7607214290393964,0.8705695323486158,0.8488547999575919,0.9330819649782567,0.9092735418441049,0.8844733149580837,0.767635583426495,0.9199574485923749,0.8480519457123077,0.7767637729177435,0.7057946237683055,0.8723686727313094,0.9199574485923752,0.9027019168030599,0.8955832386010323,0.9936953256260506,0.8735864340900966,0.8556063329356027,0.8051828270994665,0.9917747991232295,0.6052212504457015,0.8399399046211002,0.7949984459259417,0.8854349978333953,0.7988876253130306,0.8667306034740476,0.9480065975507067,0.9662867667908355,0.9695924289517793,0.9723047356695362,0.8157507865486258,0.9791919178046249,0.8705695323486156,0.8628742512243035,0.9334362835513019,0.9505241704836671,0.9027019168030599,0.9127113681766135,0.9810449407223603,0.8687627046182607,0.9199574485923747,0.9162673470024438,0.9876139325764798,0.9027019168030599,0.9926491931691895,0.9199574485923749,0.9278239868212361,0.9740934121988503,0.6374154739346696,0.8739518939582049,0.9127113681766141,0.9239210673151494,0.7760441817813637,0.9606344949981607,0.8905201046762896,0.8110759016143854,0.9092735418441047,0.9226564439505713,0.8205464185676731,0.9216948386036188,0.8529764551059036,0.9278239868212363,0.8168578658977055,0.9226564439505707,0.8736708688394106,0.8934633408766901,0.8995478568587887,0.9908158531448287,0.8421261296144329,0.8320496064023224,0.8681718420071163,0.7691873592837539,0.9027019168030599,0.7927584116092823,0.8422241792803138,0.846846556117637,0.8937269373258916,0.9238013891436974,0.9350052413014642,0.9027019168030599,0.9027019168030599,0.8662187967802522,0.862299418906251,0.9743301042207979,0.9027019168030599,0.9238013891436974,0.9027019168030599,0.851547424409485,0.6691639247764971,0.6971762144996891,0.9414106494210732,0.8999487113882563,0.8820255041972334,0.7493147111654461,0.8122185644627196,0.9027019168030599,0.7044063836421726,0.8399399046211002,0.8544662246326642,0.826441483634867,0.9086236786089272,0.9609397415303773,0.9092735418441047,0.8263172749138328,0.9027019168030599,0.7370170765436217,0.8985975567963895,0.8594294185482387,0.7902033983995743,0.9458556185436358,0.7525002305460438,0.9253641867456626,0.9027019168030599,0.8883647716804242,0.709664611484239,0.9027019168030599,0.8539300757509798,0.773766116513046,0.57820786991724,0.7780642022527414,0.838859905536053,0.9027019168030599,0.7417445262412996,0.961915706730555,0.8616532608325632,0.9510015118974504,0.9982093700043444,0.8948598124012334,0.8243737901066766,0.9587635829197785,0.9505241704836669,0.8716160182705621,0.7825121459579751,0.9708590380088877,0.7361170787911082,0.8167092866285597,0.6131000784167246,0.8766017896141824,0.9554518077232719,0.8925584779567076,0.9027019168030599,0.8947692331144513,0.5545999251645681,0.8613273084436979,0.8848055194072817,0.8612222667022582,0.8964706102804101,0.8177632970170858,0.9059407181827082,0.8964706102804101,0.8848055194072819,0.7876282222528325,0.9557539823910066,0.7135569807760995,0.861743614340786,0.9199574485923752,0.7057340580846634,0.9723047356695362,0.921694838603619,0.9708590380088877,0.6857561701467363,0.6608726450084343,0.9238013891436971,0.9487761886411483,0.8399399046211002,0.9306341541453587,0.8713396701567191,0.5955723806092473,0.9810449407223601,0.9092735418441045,0.712735174835742,0.8072801833126311,0.8211471743082236,0.8791728214273921,0.8295844697893866,0.918135390977378,0.8563358498618108,0.9219549806673228,0.8710714227183547,0.8575347275350356,0.8934633408766894,0.7792531774106068,0.8329816695588792,0.8785462170031448,0.8174540002737913,0.9708590380088877,0.7551855685475916,0.918135390977378,0.7597052963621902,0.8174540002737909,0.9132780522734492,0.9953670317102621,0.9092735418441047,0.6735209515498701,0.8796644295305569,0.9002620304917958,0.851888756266141,0.9199574485923754,0.8082089848441987,0.7927381955186616,0.6839897471005683,0.9672954132038305,0.7853092223537339,0.9637689094479429,0.9554518077232721,0.9199574485923747,0.9117587329570798,0.8195615955997817,0.6976274526854798,0.9371605937136991,0.9500011957215692,0.6615395619347435,0.7533906981931375,0.8934633408766901,0.7822664528410119,0.9027019168030599,0.916267347002444,0.9027019168030599,0.9027019168030599,0.8738080422252306,0.8766017896141824,0.8966129881495928,0.9027019168030599,0.6517817879192336,0.7066876776711033,0.8880761517488764,0.8649633795349971,0.6842826717922258,0.7171146126542065,0.8387472004447059,0.9125999448580097,0.7109305989182477,0.8905201046762885,0.9478129029910639,0.9162673470024438,0.8937269373258918,0.8570644580315652,0.7789563297757478,0.856335849861811,0.9253641867456623,0.9330819649782567,0.9305508696833764,0.9606832254354425,0.95388119113748,0.9505241704836669,0.8318544149375382,0.8820255041972336,0.734340244860632,0.9394399552106525,0.9250198541593679,0.8999487113882563,0.8200412134706072,0.9080208724124175,0.8731946797793118,0.9092735418441049,0.9146756363968291,0.7747400789298702,0.8354206684781547,0.7260915872019589,0.8318499072920873,0.9127113681766139,0.8884959882314046,0.8934633408766903,0.9244350605244603,0.8539876535784734,0.8995478568587885,0.8046506303755925,0.9164818738668178,0.9788715516976696,0.7339041165472415,0.7592516552132214,0.9125999448580098,0.8066762515768933,0.9146756363968287,0.8948598124012335,0.8350762265985097,0.9027019168030599,0.9554518077232719,0.8399399046211005,0.9027019168030599,0.819554753382119,0.9146756363968283,0.9696933196761031,0.9726698814889383,0.8736104662007043,0.9080208724124175,0.8438604761708741,0.7366751851754321,0.8786867325002341,0.9514652625474738,0.9714021118610541,0.8964706102804101,0.9253641867456623,0.8471691833257777,0.9355105445791142,0.9356707151118058,0.9218144885981705,0.7703580916432244,0.8065341251558178,0.9816144383588516,0.816908998039652,0.7284559023625539,0.8567449007236625,0.838838293114211,0.9238013891436974,0.9113067123177236,0.9458556185436358,0.5015915409160676,0.8364350703060386,0.8162105150575765,0.8995478568587887,0.8065542478503267,0.7229503709412761,0.9788715516976696,0.9327539191943888,0.9092735418441049,0.8422241792803133,0.9672954132038307,0.5220140452545896,0.9020557574993333,0.9117587329570798,0.8792920141466947,0.818362422930994,0.5485866639010902,0.8995478568587885,0.9127113681766139,0.9278239868212363,0.9027019168030599,0.8966129881495932,0.8051197656874581,0.8992703806234004,0.8896722072656162,0.9027019168030599,0.8577456656075957,0.7882890919472988,0.899426486649193,0.8515474244094852,0.6783281077376087,0.9519132041712031,0.9660146376914792,0.7561787529431232,0.946710039136909,0.8901742884406569,0.7139141755418525,0.574850814554239,0.9606832254354425,0.9582299421009098,0.8637059334028958,0.9917747991232295,0.9132780522734492,0.9788715516976694,0.7683307194142526,0.8472499068346662,0.9788715516976696,0.8739502986720542,0.8471060150352997,0.9414106494210734,0.9138589778623851,0.7105883634762594,0.9199574485923752,0.9027019168030599,0.8820255041972338,0.8055398865968617,0.8723527603351526,0.8995478568587887,0.8735864340900966,0.8934633408766901,0.8995478568587887,0.9371605937136991,0.8445260765476382,0.9027019168030599,0.8934633408766899,0.8693583305852736,0.9027019168030599,0.8791728214273921,0.8118328297057764,0.9199574485923747,0.9505241704836669,0.9162673470024438,0.9059407181827082,0.8995478568587887,0.8232419059065015,0.9674602664195369,0.8766017896141824,0.9245475063662867,0.9027019168030599,0.8693583305852735,0.9092735418441047,0.9973895362654066,0.9046212832525706,0.9615548190290798,0.9199574485923752,0.9743145807345088,0.9113067123177236,0.8628742512243037,0.8325757023140449,0.9801193820390866,0.8376723506997308,0.9641496021881466,0.939470174504714,0.7088111395715757,0.8485555080319513,0.9410875626877445,0.8662187967802519,0.9092735418441045,0.9655943695052817,0.7151582186192997,0.9027019168030599,0.9027019168030599,0.6997275203797992,0.9238013891436974,0.7330302451228226,0.9291552782955317,0.8848055194072819,0.937707738686351,0.8964706102804101,0.8661796545620185,0.8699900228562989,0.9027019168030599,0.9027019168030599,0.9351931203714345,0.9360734491991147,0.9810449407223601,0.7842726282263475,0.7036798098045234,0.7611299585795412,0.6384108906887671,0.8338509708488548,0.8713396701567189,0.9457966880998185,0.9027019168030599,0.8093852229086016,0.9554518077232719,0.9278239868212359,0.7525002305460438,0.9199574485923747,0.7111544401261738,0.9027019168030599,0.9027019168030599,0.8326497935780861,0.8263369548708459,0.8482181063450642,0.9799759007960189,0.7049662622472905,0.6574169412452515,0.8612222667022578,0.9696769519198194,0.9091043718518446,0.7992714655125148,0.9027019168030599,0.9355105445791142,0.8713095729071674,0.9458556185436358,0.9199574485923749,0.9271503083619277,0.913147909788034,0.8287530636873144,0.926013409514585,0.9059407181827082,0.7342049704427387,0.9027019168030599,0.8741814665127359,0.9709810743942586,0.8295844697893862,0.8532351339580109,0.6165076090867225,0.8876356948162312,0.8410748755049142,0.9928025853448612,0.9162673470024436,0.9083557479268635,0.7548364743653668,0.8934633408766897,0.8336818782271096,0.9325438021904642,0.86876270461826,0.8613273084436979,0.9127113681766139,0.8995478568587887,0.7819505809115697,0.8181872098791186,0.960712445103687,0.9825178958984895,0.9278239868212363,0.9888837538471675,0.9278239868212361,0.9788715516976696,0.8136200716845883,0.8731946797793115,0.8010095457376831,0.9027019168030599,0.8336818782271094,0.8820255041972336,0.8820255041972334,0.9906785081653329,0.5519745822137392,0.9371605937136991,0.950462348871437,0.7968622910970988,0.945855618543636,0.6795297331116298,0.8679755583031026,0.9351180845222888,0.9032901469579643,0.9027019168030599,0.9944713042228923,0.9027019168030599,0.8469789473136093,0.9238013891436974,0.8713396701567193,0.9356707151118053,0.9802116444260358,0.9027019168030599,0.8438604761708741,0.7506936204402767,0.904811304535005,0.8463582861268775,0.8741814665127359,0.861327308443698,0.9554518077232719,0.7105859897539466,0.8104453935723428,0.9521676671567005,0.8764508286715991,0.8406264652017018,0.9474656449313414,0.9278239868212361,0.9977218791928772,0.9801193820390868,0.8183624229309931,0.9836765640633729,0.6912645324713012,0.9048800661703886,0.7896777933386494,0.9801193820390868,0.8995478568587887,0.697492370832713,0.7823646060405759,0.9975588041088508,0.788045432289902,0.7926105424426939,0.9027019168030599,0.8444268315012815,0.7936857129068683,0.8514658570602602,0.9027019168030599,0.8867842503758101,0.890520104676289,0.9199574485923747,0.9080208724124177,0.8995478568587887,0.7590899706297541,0.8985975567963894,0.7571211463821017,0.950462348871437,0.8243737901066757,0.9394399552106527,0.7332196692069244,0.9027019168030599,0.9467100391369092,0.9027019168030599,0.9199574485923749,0.9239210673151492,0.7784491248459171,0.9278239868212359,0.8041058586225764,0.792718691673848,0.8178909988156795,0.9055450095968043,0.9027019168030599,0.990678508165333,0.7594750664532848,0.9976032413792542,0.856335849861811,0.708693439857963,0.9590673131834123,0.7002810853760393,0.8179083071013352,0.8654110063376463,0.7947975198038115,0.8092883632520886,0.8654110063376463,0.9324622348412388,0.7453651154501229,0.7057946237683055,0.8654110063376463,0.9278239868212359,0.8687627046182607,0.9458556185436358,0.9037732996076961,0.874775722011748,0.8179083071013351,0.9048113045350052,0.9204124956737287,0.9607124451036871,0.9080208724124175,0.8354206684781547,0.8955832386010321,0.9371605937136991,0.8820255041972338,0.7575847216730904,0.9594610274348983,0.7130753510542641,0.8718201154833862,0.8554161564680638,0.6999120079727806,0.9575945522950665,0.9059407181827084,0.9092735418441045,0.8341377178323204,0.9477180832535159,0.8612222667022582,0.8823144159937883,0.8543236069664746,0.9127113681766139,0.9162673470024438,0.8556622408025227,0.8587660956447005,0.9146067060171064,0.8679755583031024,0.8840472914094453,0.989974968947223,0.9286197968271316,0.85393007575098,0.9027019168030599,0.8618077855610649,0.757698133776238,0.9813488436149442,0.8318544149375386,0.9105311204276186,0.9606832254354423,0.9731697328455186,0.8409005055385252,0.8687627046182593,0.9291552782955315,0.9430481070778809,0.9857144751266704,0.8508186816491081,0.9891928170509774,0.9152152511721431,0.8613752180716112,0.8747757220117481,0.979607755173455,0.8642420825222576,0.9092735418441047,0.9059407181827082,0.7825121459579754,0.8612222667022584,0.9669745722372083,0.7962180258739617,0.9816144383588514,0.8545403213235454,0.9330819649782569,0.9330819649782567,0.9733447227873848,0.9048113045350055,0.6844499586435084,0.9917747991232293,0.7486024337275987,0.9356707151118056,0.9162673470024438,0.7947975198038117,0.8556695017783704,0.9458556185436355,0.9238013891436974,0.9243223562721168,0.9199574485923752,0.9731899869929059,0.9606832254354425
p91_L,0.906274086320501,0.8560988684723824,0.8292986683070955,0.9486641692651753,0.9718218789028326,0.9778525174284829,0.9003289541176933,0.8929047885289976,0.8275079650593447,0.919497451312518,0.9610828450752141,0.9611199907943125,0.9301255045824546,0.7665123778216998,0.8657739513546008,0.8556182564410126,0.837352446491699,0.9373642581455807,0.9059954798011857,0.8935106636660324,0.7469674370258648,0.9068304302001386,0.8881121238391145,0.9775686491148365,0.8724740464567162,0.8613500083222565,0.9061528812664564,0.95364561559469,0.9402586349213954,0.9906202123909289,0.9016383298312332,0.9489746595216719,0.9179193815543991,0.8608453411778032,0.953562456431868,0.9952795434620394,0.9390983012237013,0.9141653854079373,0.9237472579920247,0.7451135219624092,0.8381549418636025,0.951776218865749,0.9778525174284827,0.9665643498822862,0.8717526638790778,0.7915822146302176,0.9836644955542195,0.8635867406865279,0.9152658504745881,0.9040850593609377,0.9489746595216721,0.6458615659002188,0.8613500083222565,0.8812890045220128,0.9477484320154701,0.6701648110334173,0.911752035221604,0.897206214237533,0.9883646918136382,0.9611956642977568,0.8549398419556216,0.8083599004181928,0.9763704274834926,0.8811490945467063,0.9971547265784804,0.8427746229833721,0.9077810309891681,0.8319195869423217,0.8895940846669504,0.8613534479707587,0.9280211727326703,0.6036049271444917,0.9535624564318681,0.8148506666572046,0.897206214237533,0.8513910795802998,0.809953091806201,0.6719701155965672,0.8237005268657753,0.9778525174284828,0.9425462450985707,0.8654844482198315,0.9596704267321732,0.8613500083222569,0.897206214237533,0.7695768434104568,0.969767425309841,0.9588244137676485,0.9723264031651904,0.8938740030413763,0.897206214237533,0.8292986683070955,0.7914326991933018,0.8645641382696967,0.9049432776121404,0.8635867406865274,0.8383372082722165,0.8070490570720907,0.8324046666482083,0.8625840806761584,0.9767591237797354,0.897062299190927,0.9908702887645178,0.9323436528704155,0.8680102295565948,0.9154363928771068,0.8924172972222855,0.8312337883070489,0.9341861672503231,0.8199403776636287,0.8723488769074137,0.8435818381158267,0.9172533925824555,0.9092888573979299,0.9041490253843174,0.8657757574402585,0.9141155203977136,0.9154363928771068,0.8794522928489904,0.8902058645630824,0.9665643498822862,0.8952289958674732,0.7881092891784474,0.9283468719361243,0.8798540485649632,0.9867565349934571,0.9006279533325661,0.7729145023037735,0.9663770061235322,0.8527933965694763,0.8546503537641468,0.7777890939360752,0.8038635692833056,0.9237472579920247,0.9562462491840291,0.9014506846028711,0.81287380439632,0.9274444548808166,0.9489746595216721,0.8906229438722484,0.9588244137676485,0.9194974513125178,0.8757854696643133,0.7012454055455699,0.9672667105286928,0.8657739513546008,0.9691364633673123,0.816617837928481,0.8869641315110046,0.7035313487162178,0.9870066061767572,0.9225347443198015,0.9741086907302591,0.9495484734032327,0.8862508263483131,0.9435675694381713,0.9966522524374002,0.9222863151447389,0.9228855407164511,0.9859387858531448,0.8848593925171601,0.8970622991909271,0.6870289466597685,0.8257231146824269,0.8477397874247667,0.95364561559469,0.8983692228956084,0.9026461708882584,0.7701296128142121,0.8069946373005754,0.7665123778217,0.8938740030413765,0.9396242454712689,0.9017503703908549,0.8400798327348733,0.9983830570104646,0.9600784247075338,0.9421529771455082,0.8824638316245463,0.9494609339463369,0.9193229677613223,0.9961053380457427,0.921014703280405,0.9301255045824546,0.8039016216432708,0.8926628546203936,0.8724608163064325,0.9317712668063538,0.8812890045220123,0.8380352309194488,0.9611956642977568,0.9604928957239958,0.6687619953451737,0.7831130922846292,0.9000031101984083,0.897206214237533,0.9006279533325658,0.9611956642977568,0.8635867406865279,0.7614293905396328,0.9245940033864735,0.9611199907943128,0.897206214237533,0.8062904115356158,0.8151978147220762,0.919497451312518,0.897206214237533,0.9138298074013377,0.8770832199670351,0.8698017393569921,0.7990641947982368,0.7454984223645347,0.893874003041377,0.897206214237533,0.8319195869423216,0.8972062142375331,0.8467936938468876,0.683533733853588,0.6774042024875135,0.897206214237533,0.9879797376040623,0.897206214237533,0.950089310357578,0.9833167857211329,0.8254108465758394,0.7965935712262909,0.9765777693608293,0.7770363989888138,0.8906229438722484,0.9604778720347487,0.8753619326452875,0.9648070850732315,0.7402728511171011,0.6873380608589013,0.8038635692833056,0.7963947603300139,0.7788611615278427,0.8030927455898658,0.0,0.8285035731719173,0.9013730433645939,0.8874458144092714,0.8358128867277826,0.9259093040850026,0.897206214237533,0.8690606617940706,0.897206214237533,0.963717198502942,0.928598192852493,0.9901682880541758,0.9907068309121403,0.7930418103821563,0.9006279533325661,0.9944075198749016,0.9958982880439295,0.8246701716947112,0.9610828450752141,0.808758708187155,0.9041490253843174,0.7570826561183629,0.9432068246943397,0.8729562597171698,0.8938740030413763,0.9971547265784804,0.8809809410204809,0.9237472579920247,0.9355240636365644,0.9473067249484706,0.9810107821540954,0.9050816033510514,0.8196036308612024,0.9901682880541758,0.9354091567315543,0.8795152196556804,0.7588066706042511,0.9154363928771068,0.836555859958956,0.9703671182981808,0.9560600502201051,0.8063886092852768,0.9154363928771068,0.8818580449582833,0.7868481871853314,0.9600368414886555,0.800304565644695,0.8966208002813247,0.9765777693608293,0.7124389829679735,0.820071392386569,0.9329452550639805,0.5790004185113182,0.9836644955542195,0.7473877566499951,0.9059954798011856,0.9305219022527336,0.8294039263224575,0.7962021473013219,0.9242802768452618,0.9952795434620394,0.9162546240992184,0.886622116780327,0.8623725346384723,0.9489746595216721,0.7934423933393284,0.9008938060690659,0.817546829021025,0.9998289926346612,0.9045470516325853,0.8678510644815008,0.8630247769645161,0.958281362361308,0.9782346416889942,0.8261855856467264,0.8184446691997718,0.8089109545990176,0.9662454225678805,0.960492895723996,0.9662454225678805,0.9361481075050193,0.8770832199670353,0.651202378484643,0.9439067604692684,0.897206214237533,0.9077810309891674,0.8690606617940708,0.7360785246134196,0.9154363928771068,0.9172284095557914,0.9663770061235324,0.897206214237533,0.8724740464567162,0.9154363928771068,0.7810520682694982,0.9941456846886136,0.9060997440465549,0.9560600502201053,0.9077810309891683,0.846875972307072,0.6815951534765545,0.9958982880439295,0.8843363349468665,0.6592801153950496,0.9836644955542195,0.8357444190687311,0.6815490474091337,0.9874049319751844,0.8657739513546006,0.9286524051387365,0.7818735092071691,0.8128426714042615,0.7588066706042511,0.9562462491840289,0.8938740030413763,0.9177717604357045,0.7962021473013228,0.8362683924192169,0.7902625713893052,0.6950218015294711,0.897206214237533,0.8093666880283255,0.9681321700128357,0.8062801402428065,0.9325901666859748,0.9870066061767572,0.8412951876648758,0.897206214237533,0.897206214237533,0.9435675694381718,0.9383287406132208,0.78663678910007,0.8972062142375331,0.9662454225678805,0.9718218789028326,0.9212274082751998,0.784159303367909,0.815197814722076,0.9162546240992184,0.9774650788349084,0.7784845942513505,0.7046337951274867,0.7719925898685702,0.897206214237533,0.8137805441062411,0.8499601285568917,0.7880767518337508,0.7775439288076975,0.8907494281324897,0.9576684490955119,0.5790004185113179,0.812486197338204,0.897206214237533,0.7503271400048099,0.8510989437746543,0.8751123328183419,0.8279682868289211,0.9839610029940284,0.8247833158923442,0.7798331989778067,0.897206214237533,0.9160605920535838,0.8471667742336563,0.897206214237533,0.9774650788349082,0.9705710343576288,0.8769050452069717,0.7046372672552956,0.8095827540108778,0.897206214237533,0.905601249789701,0.8671871728200342,0.9172284095557912,0.8915979120183182,0.9004938239267419,0.9485085979047316,0.8832285260719559,0.7050674438973648,0.9041490253843174,0.9435797529671,0.8698017393569921,0.6761381180625211,0.8942964010683725,0.8987127151819041,0.8354187800877533,0.9301958712095206,0.9077810309891678,0.9948744677261987,0.897206214237533,0.9506375116316126,0.8444912255035639,0.9877512514878167,0.9610828450752141,0.9632421972685556,0.8906229438722484,0.9567464783632216,0.9070203072117577,0.9259093040850026,0.8325882986402611,0.9345140465701829,0.9874049319751843,0.7838039674978885,0.840029708279026,0.9506375116316127,0.8266616619410949,0.919497451312518,0.9469420362734144,0.9486761254895695,0.9995127556435928,0.9068304302001386,0.9662454225678803,0.8250140936003965,0.9972558204432055,0.9040850593609377,0.951776218865749,0.9068304302001382,0.7571211463821023,0.9041490253843172,0.8128426714042616,0.9038801420377733,0.9032050964179545,0.8059992810331441,0.9253772183793254,0.8782989718810941,0.8482212456214522,0.9002521798657003,0.6677790011064799,0.7008087554163442,0.9218460317966504,0.9034217410051837,0.9561540370392155,0.9472490927671249,0.9263174666267613,0.8696318695590659,0.6982472963130519,0.9932064816839525,0.86443158011033,0.9263174666267613,0.9256628667621534,0.9999514641584037,0.9765777693608293,0.8584454628470262,0.8333121672508433,0.918493338362241,0.9898684474039816,0.9600784247075338,0.9743018286984999,0.9040850593609371,0.9115378627127522,0.948157256481101,0.9749533160412137,0.9405530986538352,0.9489746595216721,0.9154363928771068,0.7511506228051877,0.6917399866831375,0.9620343585760149,0.9611199907943124,0.7436109815478473,0.7907408399934637,0.9939583421541553,0.8874458144092712,0.757082656118363,0.897206214237533,0.9115378627127524,0.897206214237533,0.897206214237533,0.8134291786990064,0.8696318695590659,0.9863499517231633,0.897206214237533,0.776615616728923,0.8403742724126162,0.974242513557271,0.9642022776844936,0.7943851256352423,0.8427277880860256,0.9065221736113525,0.8250820509912675,0.8455137713833762,0.8843363349468663,0.9310502741696451,0.9115378627127524,0.9077707508606769,0.7267958478175661,0.8319195869423215,0.9915275017492041,0.8843363349468663,0.9611956642977568,0.9806404308836004,0.9971547265784804,0.91555186836906,0.9041490253843174,0.8981971071981958,0.9068304302001384,0.9810107821540954,0.6458561172372934,0.8317087406190777,0.9774650788349086,0.8774714760770148,0.990759872859976,0.8889850942302338,0.9836644955542195,0.8753619326452873,0.868549959320623,0.8853904722414936,0.8698192496086454,0.8324564335321208,0.9077810309891683,0.9179155859601309,0.8874458144092716,0.8735869195442001,0.9801670789398705,0.8161139846300026,0.7880767518337506,0.7159750945519374,0.9778525174284827,0.7132727625503696,0.8438552459679147,0.8910499671954724,0.7516450626631754,0.8728900869159036,0.8348842372811724,0.9654291909233454,0.897206214237533,0.9077810309891678,0.8554484876704809,0.9718218789028326,0.8507213359207201,0.9068304302001384,0.8906229438722486,0.9867476858633104,0.7747573908437809,0.8578301230138874,0.7824971702340913,0.9870066061767572,0.7430027187478733,0.9425462450985707,0.893993057838149,0.8906229438722484,0.9850854747694644,0.8046774545566842,0.8071490758646975,0.9858026338134493,0.9155510738594397,0.834584826987582,0.7171869821202543,0.8858275601988603,0.9383472819496208,0.808359900418193,0.7611108212122659,0.9283468719361241,0.9662454225678805,0.9732456515592671,0.9839610029940282,0.8695611273051677,0.9350285779982757,0.865759203292572,0.8938740030413763,0.7532534102315116,0.7272290726502011,0.9778525174284827,0.9281087267122605,0.9041490253843172,0.7447574275851596,0.9781948975757422,0.8640725290007105,0.9317712668063538,0.9283468719361243,0.9341861672503229,0.922236779518083,0.974669881707309,0.9973714923353904,0.9489746595216719,0.9237472579920245,0.897206214237533,0.8357444190687315,0.6906340566755582,0.771480392288626,0.83167470403672,0.8972062142375331,0.8813642079011113,0.7115789468239202,0.9000031101984081,0.8952057237832747,0.8843580185005766,0.7062450041538794,0.934079015770775,0.984556222948403,0.6522529317212551,0.9873387191946249,0.8020209580713493,0.9357705907751432,0.9115378627127524,0.889056978790511,0.9674964557209342,0.9836644955542195,0.9985323369548302,0.7318519559797516,0.9632421972685552,0.9329452550639807,0.8302521805592447,0.6591397732181785,0.9396242454712691,0.8789467917665686,0.9450110711768711,0.8203896599235767,0.9952795434620394,0.9908702887645178,0.9697674253098407,0.7714655349288969,0.841863475353976,0.8938740030413763,0.9274444548808167,0.8874458144092712,0.8938740030413763,0.8938740030413763,0.9110471853959474,0.897206214237533,0.8874458144092714,0.8121593651564609,0.897206214237533,0.8059992810331443,0.9826956241685669,0.9600784247075336,0.9041490253843174,0.9971547265784804,0.9839610029940284,0.8938740030413763,0.8175882831841459,0.8192256715364821,0.8999138703842935,0.8480899445050982,0.897206214237533,0.8015178087234383,0.9765777693608294,0.5978011958797367,0.7750363742013961,0.9290782981599541,0.6827853206490504,0.9390983012237013,0.9423895911624639,0.8557287226598165,0.9732456515592671,0.9345140465701829,0.8527933965694763,0.9280211727326704,0.9550554140410148,0.8767651543517687,0.8968355718577374,0.9600784247075336,0.9715272736710775,0.9439067604692684,0.8696924250975736,0.9017503703908549,0.897206214237533,0.9345140465701829,0.8484656017815458,0.919497451312518,0.7546219652257831,0.9562462491840289,0.8004646620315229,0.7932583529619603,0.8906229438722484,0.7215836328702989,0.7403397792262911,0.897206214237533,0.897206214237533,0.850165110414576,0.8417105171172349,0.8450783679877076,0.7456365189342837,0.8412951876648758,0.7536014064231573,0.7477117506151464,0.7882057059437189,0.960520091269212,0.816859073450368,0.897206214237533,0.9285547821725124,0.9077810309891678,0.9237472579920247,0.6747055407466545,0.9154363928771068,0.8583858254667558,0.897206214237533,0.897206214237533,0.8145799717485198,0.9162546240992183,0.7829856194668501,0.9043585844707545,0.7764054763393152,0.7736637128389465,0.9357775636249706,0.9038801420377738,0.8662348462539475,0.7809157936970927,0.8972062142375331,0.977177839647611,0.7781346438160188,0.9006279533325661,0.9506375116316123,0.9096313366516642,0.9665458515317364,0.924105502710221,0.9822289983365697,0.9775686491148365,0.8222421446876056,0.897206214237533,0.8148506666572046,0.9077707508606774,0.8608859893546699,0.9958213388417043,0.7451698957881401,0.9141155203977136,0.9640187424722273,0.8225521587730333,0.9971547265784804,0.9717796183137632,0.8651474100272596,0.9906464665714074,0.9662454225678805,0.9472490927671249,0.9476153226931836,0.8982714380594579,0.9077810309891681,0.8938740030413763,0.8814463796289378,0.9396242454712691,0.928598192852493,0.840668227019892,0.9237472579920247,0.9985323369548302,0.9237472579920247,0.972947370281771,0.8670676733891095,0.8889850942302338,0.8739637071592441,0.9718218789028326,0.9662454225678805,0.8753619326452875,0.9358270820256057,0.8382854886514818,0.9179193815543993,0.9301255045824546,0.9117520352216038,0.8269302039219841,0.9006279533325658,0.8763253699075532,0.932590166685975,0.7577811531211516,0.7424426332031766,0.897206214237533,0.8498076123326317,0.9535624564318681,0.9435367044718643,0.919497451312518,0.8143472748274805,0.8668322994400728,0.9906237233920283,0.897206214237533,0.7824971702340913,0.6809090061664553,0.8668322994400728,0.7689071353070069,0.7982917827511076,0.8005766005285502,0.9077810309891678,0.8375874889378179,0.9613471139399274,0.9721828136216811,0.7707678685288437,0.8578301230138871,0.8736750701180029,0.8302521805592439,0.9183941246643419,0.7670232947686196,0.9435797529671,0.9718692884017555,0.8429419919060268,0.8250820509912673,0.7009406945606924,0.9718218789028326,0.8938740030413763,0.8336443444209558,0.7969550270956477,0.9155518683690601,0.8040809943943321,0.7561669364845778,0.897206214237533,0.7483673142096552,0.8254154000748568,0.7925340623136249,0.897206214237533,0.8116158982165866,0.7798331989778062,0.9154363928771068,0.8999138703842935,0.9301255045824539,0.5887564811470303,0.8613500083222572,0.9960942502241007,0.911752035221604,0.9290782981599541,0.5550101147616109,0.7272316847387303,0.897206214237533,0.9818285354442747,0.897206214237533,0.9154363928771068,0.6844471820330688,0.8053328620311526,0.9237472579920247,0.9049432776121404,0.6577853438279986,0.896984242049941,0.9472490927671249,0.897206214237533,0.8944111243005305,0.8021338145488737,0.7461605230111292,0.9381104175394228,0.9256628667621534,0.990168288054176,0.8482212456214524,0.9247508816218675,0.8799977696515331,0.9070352866276008,0.7079442254567316,0.8799977696515331,0.6884473243459251,0.990168288054176,0.8160075170145524,0.8799977696515331,0.9237472579920247,0.9188602179028749,0.9775686491148365,0.8556182564410129,0.9973714923353901,0.8720366844088261,0.9249696154065192,0.8630671713098654,0.7585694290695796,0.9301958712095209,0.8982459135680179,0.9152658504745881,0.9973714923353901,0.967295579580457,0.8305296504419228,0.9486641692651753,0.9809486918908563,0.779922137212806,0.9156914332121853,0.7728981832680564,0.9432255547074943,0.9775686491148365,0.9041490253843174,0.9317712668063536,0.7784229695607422,0.9083129299813857,0.7895760999391797,0.9285547821725126,0.9077810309891678,0.9115378627127524,0.9323428159081817,0.9049432776121407,0.7958139814001579,0.9077707508606776,0.8482212456214522,0.9292493393764332,0.8189653495752505,0.9247508816218677,0.9345140465701829,0.9220085215737961,0.8836956006812631,0.9144334975482158,0.8852427545151891,0.9578007720454726,0.9971547265784804,0.888145437731477,0.9193240324694991,0.8613500083222565,0.9749533160412137,0.9596704267321731,0.9671373999129146,0.8892814235872821,0.9407980088494798,0.9425462450985707,0.941388282554626,0.9611199907943124,0.9226854568457346,0.8826772188225442,0.9836644955542195,0.9006279533325661,0.8698017393569923,0.880848296337801,0.8175468290210262,0.9649227264161171,0.7775436703015051,0.8901211877354022,0.9259093040850026,0.9611956642977568,0.7774658924670361,0.8357418646264876,0.9110462841919127,0.9439067604692684,0.8395069772308066,0.9858026338134493,0.9115378627127524,0.865759203292572,0.9810107821540954,0.9454906551028932,0.919497451312518,0.8473011978605325,0.9600784247075336,0.9407963114152327,0.9115378627127524
p91_T,0.805087228215092,0.9021362778138222,0.8984515905607443,0.8707051888795789,0.9580166426603274,0.9371382816751241,0.7697540124632247,0.715087974452405,0.6270236983826514,0.9336347991328915,0.584892932480469,0.9125111785873636,0.9540589546097202,0.8707051888795789,0.9043677125545331,0.8769047782559865,0.9072118677365053,0.885698841863535,0.9302869180633688,0.9336347991328915,0.8123528553952015,0.7060240911023945,0.9272324378358678,0.9180790428976138,0.680761797183002,0.5210900952644624,0.9466378905596333,0.9450032706006533,0.9872125588573135,0.6801551377064794,0.5741333756600109,0.9711878805915029,0.9431379203344707,0.6175839241408116,0.9152582079543841,0.9302869180633688,0.5528314585484423,0.9046484553665961,0.9371382816751241,0.8834832246395514,0.8321506231964102,0.9214489273204716,0.9371382816751241,0.9270673705171116,0.9072118677365055,0.7652511784017193,0.5777893346316239,0.6944375937771126,0.7597147744459039,0.9135063197922983,0.9239759423528264,0.7887805491724926,0.5210900952644624,0.9021362778138227,0.9431379203344703,0.8812946455970228,0.881294645597023,0.9152582079543838,0.9357332802174618,0.6048693972763173,0.6144424431903059,0.8230306155120632,0.8856988418635352,0.8567883809445203,0.9270730230791455,0.8388925840700928,0.9239759423528267,0.7798874555888031,0.7235939266749618,0.9302869180633688,0.8981051343567512,0.8834832246395516,0.9992249226337293,0.8336692375545377,0.9152582079543838,0.9155293576783434,0.8972500807670709,0.8996713357710027,0.6337191230634509,0.9371382816751241,0.9898781502828841,0.9243062854435231,0.9080254870413738,0.8856988418635345,0.9152582079543838,0.8910305906213418,0.8863540129799101,0.9553278464120762,0.8674517075612473,0.9125111785873636,0.9152582079543838,0.8664957973805585,0.7374039932622705,0.8391161539005897,0.9390586815258846,0.8339840080055289,0.8623543604356521,0.9351625719861468,0.7927505615561516,0.85169870238079,0.9132389320257919,0.920981766572726,0.9152582079543843,0.8445497252179488,0.9608499511796933,0.5069074692287098,0.8423140665122539,0.8216789353288514,0.9655974895223982,0.8664690678824117,0.8146814005692067,0.9214489273204716,0.802140481582074,0.8594325237265449,0.5322230711047464,0.8291964064606839,0.9021362778138222,0.9302869180633684,0.9371382816751241,0.8097116596837889,0.9270673705171115,0.8088080901268468,0.8948693468634783,0.9054862779423514,0.8856988418635352,0.8927510643551079,0.5528314585484423,0.8095505845081643,0.9540589546097205,0.8864592094196804,0.7409972932594676,0.9209817665727262,0.9239759423528264,0.9935264355112596,0.9072118677365055,0.8401993362891031,0.8862836892666928,0.9239759423528264,0.5566927370217335,0.909831049842277,0.9705544451287623,0.5305876036228901,0.8767262518053178,0.8499695075069953,0.8353059983605327,0.6942676998150832,0.9158917230732841,0.8341600841718481,0.9159197701772377,0.7412056506199438,0.9872125588573133,0.8432648458861445,0.9775918713456563,0.7981252886572372,0.9711878805915029,0.5650955012197919,0.9207292925564525,0.8566595864113675,0.9344647370592186,0.8542058822129399,0.8265925082346303,0.9209817665727262,0.9243062854435231,0.8365319455548643,0.9043083694549344,0.860595616360234,0.8207206382027004,0.8475585260781596,0.9080254870413738,0.8795111309292425,0.8707051888795789,0.6304632851667109,0.5756524851139093,0.8341011293492996,0.5809346460116473,0.8622031837320205,0.9302869180633684,0.8054691836486052,0.8666109663611834,0.810578894320336,0.8797889105982797,0.6779884490849344,0.9132389320257916,0.995606730632077,0.7657591062160138,0.9023495793530408,0.7690365284957583,0.8608323269166078,0.9021362778138224,0.9029881796097647,0.9098310498422768,0.8649303928299303,0.9862118025338764,0.8726858448638999,0.9723821580107992,0.9152582079543838,0.9180790428976138,0.9907143086558443,0.8836238393968296,0.9854530051323704,0.733914762119654,0.9540589546097205,0.9152582079543838,0.8820869331184662,0.9094580833892482,0.9336347991328915,0.9152582079543838,0.7600561647773869,0.5567703952901613,0.6416376096770214,0.7114610993326911,0.8413921158471316,0.9125111785873636,0.9152582079543838,0.8405176238551879,0.915258207954384,0.6988849261198374,0.7892537524165004,0.7641641192059934,0.9152582079543838,0.9850445392200939,0.9152582079543838,0.9598548402873022,0.6339546094885228,0.8605956163602337,0.9465553225279204,0.9665480300996034,0.8681021893929677,0.9098310498422768,0.7257061345513389,0.8972500807670709,0.9723821580107985,0.904815874637607,0.8645899440480411,0.9239759423528267,0.9060638964407409,0.817696163984857,0.837672350699731,0.8285035731719173,0.0,0.6124474348191765,0.9072118677365053,0.8542058822129399,0.9502726792490608,0.9152582079543838,0.9859143456282597,0.9152582079543838,0.7936551911537767,0.8864592094196804,0.981600181169821,0.942085822740748,0.8681021893929677,0.9180790428976138,0.9668702179975168,0.6807617971830013,0.8449320637799715,0.8996713357710029,0.7385586876940037,0.9209817665727262,0.8926328176574976,0.808724011288986,0.7793421146931976,0.9125111785873636,0.92573899301352,0.7526714876460543,0.9371382816751241,0.8367918260901258,0.9521851052998418,0.9214489273204716,0.7484128010236013,0.8992680046358101,0.9239759423528264,0.8859366997364009,0.9323494460903836,0.728334845548037,0.5069074692287098,0.8283831234352577,0.6198399135544232,0.8902183677316946,0.8608323269166085,0.5069074692287098,0.8524694551907273,0.8803935729362905,0.9761356843815903,0.8303239302316405,0.8707051888795787,0.9209817665727262,0.8933580624819941,0.876393883618733,0.6453110266831013,0.9209817665727265,0.920981766572726,0.9038656143444092,0.9302869180633688,0.7639019786161436,0.7182250005319053,0.918805157356595,0.7597346623343912,0.9814510646731802,0.9152582079543841,0.9159197701772375,0.909831049842277,0.9239759423528267,0.8674930744993435,0.8547850709517304,0.9209817665727265,0.8834832246395521,0.9731391553474595,0.8975979029617884,0.8754516093417524,0.8973472988653555,0.8086360830500476,0.904815874637607,0.9854530051323706,0.851989207817193,0.9336347991328913,0.804839766458248,0.9336347991328915,0.8189607531784778,0.8864592094196804,0.8754516093417528,0.942319442846642,0.9152582079543838,0.7455404899764377,0.8628742512243035,0.885698841863535,0.5069074692287098,0.9270730230791455,0.9540589546097205,0.9152582079543838,0.7161258685124613,0.9814510646731802,0.9371382816751241,0.7745406173411596,0.9925819420467747,0.8902183677316946,0.9711878805915029,0.9902631487156041,0.9621441821053973,0.9636743678186817,0.8259252898582852,0.8126031162205218,0.9209817665727265,0.6751201610087174,0.9283112981018427,0.6840172500841151,0.8815711740425951,0.9371382816751241,0.8771101417911927,0.8645899440480411,0.8567412435213532,0.659101881209087,0.9125111785873636,0.8981051343567512,0.8088080901268468,0.8207038320912388,0.8739718957431877,0.941734723544404,0.9152582079543838,0.7818189793500168,0.8625851059964713,0.9248202875667846,0.7676235938802121,0.9336347991328913,0.8649622039098555,0.9152582079543838,0.9152582079543838,0.9159197701772372,0.8395280973905592,0.8261685998760953,0.915258207954384,0.9872125588573135,0.9152582079543843,0.9005285913052647,0.9043083694549344,0.8359136063385517,0.9580166426603274,0.8727803597140285,0.9333160651425743,0.9690520383983674,0.9216324126759424,0.9152582079543838,0.9314995989455692,0.860595616360234,0.9323934547391941,0.9278362327112093,0.6438945219541875,0.8036344051847086,0.9209817665727265,0.824074063974813,0.9152582079543838,0.9016447877673202,0.9495203073386866,0.5413193445666731,0.7355185119433176,0.9621698344437761,0.9667424582495754,0.9046484553665963,0.9152582079543838,0.8749363683070703,0.9182689921824951,0.9152582079543838,0.993611639296974,0.900150339068497,0.9902134994569949,0.9350097066258589,0.8859915107459557,0.9152582079543838,0.9645277948810855,0.8159114226352971,0.9761356843815903,0.9922765195355472,0.9350097066258591,0.8711916800801187,0.6012041737134998,0.8266892096935976,0.5322230711047464,0.8792462116718203,0.6872862343439083,0.8925262950745887,0.7849373928136465,0.8755301876069728,0.9608499511796933,0.8925262950745887,0.5094807987830572,0.885698841863535,0.9152582079543838,0.9302869180633688,0.8358244551518941,0.882845305469896,0.9364881737530406,0.7116653769293061,0.909831049842277,0.7746641227179554,0.9621698344437761,0.909831049842277,0.9530613123008462,0.9992249226337293,0.902136277813822,0.9376222810129574,0.9157349837086723,0.9814510646731802,0.8030637316332492,0.9336347991328913,0.9397586843685548,0.9272324378358678,0.6665615559958391,0.9333160651425743,0.9336347991328915,0.9245562143994435,0.9731391553474598,0.8429905361746881,0.9214489273204716,0.9693820495180769,0.8851067435299687,0.9665480300996032,0.8645899440480413,0.9060638964407406,0.8345834727395528,0.8902183677316944,0.6997319795895006,0.9162444743188086,0.5741333756600109,0.7717692349609531,0.9208670929242359,0.89261085697357,0.9072118677365053,0.8617103604029791,0.9253281229175289,0.960175396156637,0.9243062854435231,0.9272324378358678,0.9394896479426567,0.9364881737530408,0.9677786049373616,0.9583942031553516,0.7794785534062244,0.987038947567314,0.920981766572726,0.859855233609172,0.9296346121047003,0.891030590621342,0.979977169685071,0.9302869180633686,0.9469514868907587,0.6869042397079146,0.9270730230791457,0.88873150110704,0.9466378905596333,0.9072118677365058,0.9239759423528267,0.9302869180633684,0.9054862779423514,0.9552941773150642,0.8547116092900202,0.6304632851667109,0.9125111785873636,0.9170318748923902,0.8451467479521528,0.9072118677365055,0.8286378524317444,0.9152582079543838,0.5332377025939612,0.9152582079543838,0.9152582079543838,0.8516987023807896,0.8925262950745887,0.8645899440480409,0.9152582079543838,0.8715402415516169,0.806535722903859,0.9743481917577799,0.874556897946734,0.9537286506602913,0.9913713384075755,0.8395280973905592,0.837672350699731,0.8008776071541598,0.9046484553665965,0.833403206653779,0.9270730230791455,0.5969506861309871,0.9117725569384891,0.7957013665465024,0.788407635941389,0.9029042197940338,0.909831049842277,0.9527951048060184,0.9270730230791455,0.8597042593188278,0.5322230711047464,0.8836238393968294,0.933316065142574,0.8879432507007241,0.8925262950745885,0.7773192338505488,0.7345179816413969,0.6402659056152366,0.9272324378358678,0.8666109663611834,0.9423194428466419,0.9945519661064196,0.9180790428976142,0.7851558609336452,0.8330994471835242,0.8300446655816194,0.981600181169821,0.7614393933136985,0.9072118677365058,0.7076868596919468,0.928651572152426,0.9540589546097205,0.8773661601129804,0.876992292556863,0.9935264355112594,0.9171872608207574,0.8030637316332491,0.8628742512243035,0.9127457223106934,0.8972500807670709,0.9493264764640172,0.892880101843778,0.9152582079543838,0.5094807987830572,0.5766866887036365,0.9580166426603274,0.8095505845081643,0.9693820495180772,0.9688440619373718,0.7506093736290069,0.9950344642525408,0.8925262950745887,0.8812101379529149,0.9336347991328917,0.9502139831448326,0.8996713357710029,0.9027034310336557,0.9502726792490608,0.9046484553665963,0.9006338166077716,0.8586206896551725,0.8902183677316946,0.927659386817866,0.7133883522741088,0.9074633386520639,0.813344148607946,0.9221261809159464,0.7848075380141794,0.9944149731527321,0.8748756693307256,0.9336347991328915,0.8948693468634783,0.9937393740100618,0.9830770587519777,0.9636818533225946,0.752963200224593,0.9125111785873636,0.9547237144702514,0.9878244962516158,0.9371382816751241,0.9082954429817363,0.9665480300996039,0.8625851059964713,0.829909651424894,0.9214489273204718,0.9358559422107491,0.7884076359413891,0.8948693468634783,0.8303239302316399,0.899671335771002,0.9125111785873636,0.5566927370217335,0.9371382816751241,0.9152582079543838,0.8933580624819939,0.7963131245565656,0.6165069764904282,0.8957156269639843,0.915258207954384,0.7231105594680487,0.763853904710051,0.8949117707360061,0.8707051888795787,0.8556443573369895,0.8429905361746886,0.7314381335130712,0.7897629627693667,0.8791314954080307,0.9207352331609369,0.8110040907215328,0.8410575924482764,0.5332377025939612,0.8347029424808232,0.881294645597023,0.9209817665727262,0.9699747687132043,0.9371382816751241,0.9735629864071067,0.9502726792490606,0.9935264355112596,0.9021362778138222,0.9132389320257914,0.9152582079543843,0.8145870830858378,0.9220385133575429,0.9302869180633688,0.9580166426603274,0.8972500807670707,0.8726140006953684,0.8119977657595072,0.9125111785873636,0.9239759423528267,0.9072118677365055,0.9125111785873636,0.9125111785873636,0.8933580624819941,0.9152582079543838,0.9072118677365055,0.8711916800801188,0.9152582079543838,0.9243062854435231,0.817696163984857,0.9673847887170086,0.5322230711047464,0.9270730230791455,0.9621698344437761,0.9125111785873636,0.9547237144702514,0.769036528495758,0.9686491338802947,0.8758922081686452,0.9152582079543838,0.897236612208085,0.9209817665727262,0.9924821208671799,0.9024861591652418,0.8376716829705627,0.98145106467318,0.918079042897614,0.8948693468634785,0.9142977291841883,0.9302334181929384,0.5288821408683504,0.8864592094196804,0.9275612046868082,0.8748756693307258,0.6680409898441619,0.8996713357710033,0.9302869180633686,0.8834832246395514,0.5322230711047464,0.9753714085919833,0.8341600841718481,0.9152582079543838,0.9152582079543841,0.9283842394809383,0.9336347991328915,0.8259931690751119,0.6196758583859588,0.8996713357710029,0.8578094179377049,0.909831049842277,0.9255339779679659,0.918681108866771,0.9152582079543838,0.9152582079543838,0.856659586411368,0.9476309195006334,0.9132780522734492,0.7502730862504171,0.8059945119496489,0.7479506883055045,0.9660206703631764,0.8722700996747992,0.8879432507007241,0.8641839946472473,0.9152582079543838,0.9332636707881306,0.5094807987830572,0.9371382816751241,0.7374039932622702,0.5069074692287098,0.7848075380141795,0.9152582079543838,0.9152582079543838,0.8635727562427844,0.9580166426603274,0.8682106828054005,0.6699581067268914,0.8019855092639763,0.8321506231964102,0.9735629864071065,0.8721962838262697,0.8340905634131067,0.7906664220376332,0.915258207954384,0.8586206896551725,0.8542199102588527,0.5969222500946044,0.9302869180633686,0.901876143654109,0.8287252801391839,0.8508524342038157,0.8910305906213418,0.9621698344437761,0.9901988678653544,0.9152582079543838,0.8336692375545377,0.9479215598710828,0.6997319795895005,0.8909496349680676,0.775478651203112,0.9473740959672464,0.89261085697357,0.9827033126883884,0.9761356843815903,0.8399387418249576,0.7763259380422896,0.9860639133827616,0.9872125588573131,0.960175396156637,0.9186550120230907,0.8641839946472473,0.9239759423528264,0.9125111785873636,0.555851778505037,0.9909282086879025,0.9142977291841883,0.9570172750168655,0.9371382816751241,0.8586206896551725,0.9371382816751244,0.9935264355112596,0.8599048430053958,0.8957156269639841,0.5943448869447282,0.9152582079543841,0.9336347991328913,0.7060240911023945,0.8972500807670709,0.9735062310027147,0.9431379203344707,0.9125111785873636,0.9132389320257916,0.7246188758828077,0.9180790428976138,0.650325986242988,0.8910305906213418,0.8792568413151983,0.9068539064480079,0.9152582079543838,0.8429905361746886,0.9152582079543843,0.8359136063385517,0.9336347991328915,0.9214489273204716,0.4961991134553917,0.8967516469904766,0.9152582079543838,0.8812101379529148,0.9171872608207574,0.8902183677316946,0.8788065258154935,0.852647342473341,0.8641839946472474,0.5094807987830572,0.8440566261785958,0.9239298958700635,0.9529906034023113,0.9969821282256279,0.9272324378358678,0.9730530506479886,0.9935264355112596,0.9272324378358678,0.9580166426603274,0.7782978182469158,0.8834832246395512,0.8037173042789947,0.837672350699731,0.9819426940469984,0.9564664879277861,0.9125111785873636,0.8927022229622338,0.7890100968809903,0.8838278386255645,0.8773661601129804,0.8972004884389703,0.9152582079543838,0.911771115796841,0.97981592233022,0.900528591305265,0.9152582079543838,0.8397278942346039,0.9046484553665961,0.5069074692287098,0.8925262950745887,0.9125111785873636,0.7831200647944137,0.9186550120230907,0.8557287226598165,0.881294645597023,0.925860807772374,0.9272324378358678,0.9305415863036159,0.9152582079543838,0.8791314954080307,0.9152582079543838,0.9814510646731798,0.7603459520179954,0.6962707786361666,0.9371382816751241,0.876992292556863,0.7625382005684167,0.6464204728884837,0.8012373844378764,0.9152582079543838,0.8350213336675589,0.8654489119688487,0.9305029368937817,0.9360968865539772,0.8586206896551727,0.9239759423528267,0.8748756693307267,0.902988179609765,0.8887315011070405,0.752963200224593,0.970891096618073,0.8887315011070405,0.8707051888795787,0.9239759423528267,0.918805157356595,0.8887315011070405,0.9371382816751241,0.885698841863535,0.9621698344437761,0.918805157356595,0.9125111785873636,0.8727803597140285,0.8902183677316946,0.6869042397079146,0.8351555929352406,0.9272324378358678,0.5647345977613452,0.8834832246395516,0.9540589546097205,0.8972500807670707,0.8852868140089974,0.8012373844378766,0.8608323269166078,0.8367918260901257,0.8527760996057681,0.8470383046866878,0.9483563157149231,0.9180790428976138,0.5777893346316239,0.6890259813185431,0.8230771571354665,0.6801882132629478,0.9949598499265349,0.7192575094727629,0.5566927370217336,0.4841750412915167,0.9185583942932309,0.5644102067219423,0.798141209189954,0.9763670444959536,0.7577970273297634,0.874556897946734,0.8948693468634783,0.5834788821627119,0.6143990102802366,0.8286333266161356,0.7964816474428265,0.845234487944786,0.6944375937771123,0.7887805491724926,0.9257389930135204,0.8645899440480411,0.8363871530149223,0.5210900952644624,0.9466378905596335,0.7195761791444961,0.9060638964407408,0.8286378524317444,0.9044418441072126,0.695343446426582,0.8577719241284207,0.9125111785873636,0.8277328376597328,0.8164802312463486,0.9209817665727262,0.5969222500946044,0.7101105466773519,0.5542795585975117,0.9209817665727265,0.8303239302316401,0.7936599861745675,0.8605590472976901,0.9502726792490608,0.6453110266831017,0.8203282827389337,0.9924821208671799,0.8376723506997308,0.9209817665727262,0.7861627209114079,0.7007266197263647,0.5332377025939612,0.6820035409312803,0.9549546039402188,0.918079042897614,0.9336347991328915,0.7145150929691748,0.9302869180633684,0.7727257083922909,0.5332377025939612
p92_C,0.8419325323046432,0.902136277813822,0.819485274968818,0.930351993730951,0.9152582079543841,0.9371382816751241,0.8457943435928557,0.8625561221556951,0.423805334867683,0.9336347991328915,0.8996713357710027,0.9628454933455661,0.9125111785873636,0.8707051888795789,0.8508524342038153,0.8996036742990328,0.9745100637941103,0.885698841863535,0.9814510646731802,0.9872125588573133,0.8353059983605324,0.8972500807670707,0.9966447233584261,0.9180790428976138,0.8948693468634781,0.22448456382845994,0.9072118677365053,0.9731391553474593,0.9336347991328915,0.7535221851209997,0.29863789815537667,0.9239759423528264,0.904648455366597,0.3586708582352359,0.9580166426603274,0.9302869180633686,0.9180790428976136,0.9046484553665959,0.9371382816751241,0.8834832246395514,0.83215062319641,0.9780340428202863,0.9935264355112596,0.9365444918623458,0.9072118677365055,0.7454947939753191,0.9209817665727265,0.3469587740380049,0.8834832246395516,0.9840221034099075,0.9239759423528264,0.7490568910907276,0.22448456382845994,0.9021362778138224,0.9413936847619079,0.8812946455970225,0.8812946455970228,0.9152582079543838,0.7131810474570079,0.9098310498422768,0.4078547437908585,0.6701383055205228,0.918655012023091,0.8814261386926299,0.9270730230791455,0.6308074115263611,0.9239759423528264,0.8809377360327779,0.8153228320996541,0.9302869180633688,0.8686490640266937,0.8834832246395519,0.9580166426603274,0.5679757686912918,0.9152582079543838,0.810578894320336,0.8972500807670709,0.8996713357710024,0.5581690559090666,0.9371382816751241,0.8996713357710029,0.8902183677316946,0.876992292556863,0.8856988418635345,0.9152582079543838,0.8625851059964709,0.8972500807670709,0.6588570125754283,0.8944935729746861,0.9125111785873636,0.9152582079543838,0.8194852749688186,0.7565155320112118,0.6376308982861161,0.9988749295050936,0.8836238393968298,0.8159112343441135,0.8123528553952004,0.5294846904627255,0.5512382309992565,0.881294645597023,0.920981766572726,0.9152582079543841,0.8242121596239331,0.7842254686329958,0.9302869180633684,0.8451467479521524,0.5818928286788703,0.822218082500842,0.6569963734230666,0.7929756481234909,0.8879432507007241,0.5608169249629351,0.8489400226485821,0.9209817665727265,0.6272821583838486,0.9397586843685546,0.9302869180633684,0.9371382816751241,0.5656608725556094,0.9270673705171115,0.8088080901268466,0.8948693468634781,0.8748756693307254,0.8856988418635352,0.6535119922555904,0.9180790428976136,0.8506315597625125,0.9125111785873636,0.9699747687132041,0.3768273205385856,0.9209817665727265,0.9239759423528264,0.9371382816751241,0.9072118677365055,0.7419198496887545,0.9743307041268681,0.9239759423528267,0.9239759423528264,0.9098310498422768,0.7296718926364851,0.9336347991328913,0.5362232421882999,0.8073061973564932,0.8123528553952004,0.45344894723685614,0.8712292990467776,0.50242129769299,0.8834832246395519,0.6492750543065728,0.9336347991328913,0.9501474547144086,0.7596773995000075,0.6425219266541834,0.9239759423528267,0.37047622799367186,0.8248805102228844,0.9117649022044425,0.9952839109846352,0.8088080901268466,0.7523391061979708,0.920981766572726,0.8902183677316946,0.9969821282256277,0.828503573171917,0.8605956163602335,0.697477712439653,0.8814261386926299,0.9080254870413738,0.9828975878302721,0.9005285913052652,0.9125111785873636,0.38398676654130204,0.7755589905589136,0.6411999460131577,0.9060175412581504,0.9302869180633684,0.9116877587266512,0.9248202875667846,0.810578894320336,0.9311214124541408,0.6087319036964438,0.881294645597023,0.9628454933455661,0.7045482621298291,0.7561470539717319,0.484310610179548,0.9358559422107493,0.9021362778138224,0.8727803597140282,0.9098310498422768,0.9826558345338434,0.7787621042935644,0.6704385329744844,0.8432648458861449,0.9152582079543838,0.9180790428976136,0.909831049842277,0.9580835864837811,0.72564367679651,0.4518516276492167,0.995606730632077,0.9152582079543838,0.7807275365334767,0.5968940559237881,0.9336347991328915,0.9152582079543838,0.6833205034646506,0.38973927670311304,0.48186742334291677,0.6100958094569962,0.8413921158471314,0.9125111785873636,0.9152582079543838,0.8203075677663926,0.9152582079543837,0.642964359753089,0.7504890911494055,0.821944782820216,0.9152582079543838,0.7684696092538157,0.9152582079543838,0.8457943435928557,0.3735052882088671,0.8605956163602333,0.7929756481234906,0.9209817665727258,0.6296331645853765,0.9502726792490606,0.9272324378358676,0.8972500807670707,0.8949117707360059,0.6839798080842028,0.8645899440480413,0.9239759423528264,0.85678838094452,0.9578647347653737,0.8376723506997308,0.9013730433645939,0.6124474348191765,0.0,0.9072118677365053,0.8088080901268466,0.909831049842277,0.9152582079543838,0.8376723506997306,0.9152582079543838,0.6820536687222407,0.8586206896551722,0.9816001811698214,0.9420858227407478,0.6296331645853763,0.9180790428976136,0.9229191504163332,0.8948693468634781,0.8212788440155339,0.8996713357710029,0.4715323485407342,0.9209817665727265,0.7859745422812421,0.5740758054612287,0.9362017335636432,0.9125111785873636,0.9761356843815903,0.924058237658244,0.9371382816751241,0.7216883341210172,0.8946333593152884,0.954954603940219,0.5997067959143365,0.7912242895821904,0.9239759423528267,0.9849790722108263,0.8831997026403997,0.6182722187137664,0.9302869180633684,0.5046525956344527,0.39941865038211555,0.8902183677316946,0.8858401986813222,0.9302869180633684,0.93235920624491,0.6188285974699252,0.9270730230791453,0.8303239302316405,0.9005285913052647,0.920981766572726,0.8645899440480413,0.5608169249629349,0.9098310498422768,0.9209817665727265,0.920981766572726,0.6639199870381389,0.9302869180633686,0.6347004869896893,0.5570367960403264,0.8088080901268468,0.8577719241284198,0.9302869180633688,0.9152582079543841,0.8834832246395514,0.909831049842277,0.9239759423528267,0.5900165308001627,0.87924621167182,0.9209817665727262,0.8834832246395521,0.7736378819312812,0.6918329828093979,0.8489400226485819,0.9650776192817683,0.8280184136835955,0.9479600809934579,0.8698916779039236,0.7877239185135075,0.933634799132891,0.7286328801401356,0.9336347991328913,0.8933580624819941,0.997813288477712,0.8489400226485824,0.9209817665727262,0.9152582079543838,0.4622688605443789,0.9132780522734492,0.885698841863535,0.9302869180633684,0.9748016543159652,0.9125111785873636,0.9152582079543838,0.8948693468634781,0.9673847887170084,0.9371382816751241,0.8508524342038155,0.7052177893356903,0.8902183677316946,0.9239759423528267,0.7984239954337561,0.7145855431989014,0.9302334181929381,0.5949885000510463,0.7736650317691678,0.9878857063735189,0.38743897666918914,0.7605495990015985,0.4206604042009814,0.8012982565165181,0.9371382816751241,0.6384842122458421,0.8645899440480411,0.6182722187137668,0.9072118677365055,0.9125111785873636,0.9570172750168655,0.8088080901268466,0.6165069764904287,0.5580876451182053,0.6976105905469074,0.9152582079543838,0.5005809126762985,0.8910305906213416,0.8666109663611836,0.9194760752462121,0.9592096814182646,0.7863386146295782,0.9152582079543838,0.9152582079543838,0.9807928612526091,0.8649303928299303,0.785361370485306,0.9152582079543837,0.9336347991328913,0.9152582079543841,0.8707051888795787,0.828503573171917,0.5968940559237881,0.9152582079543841,0.8727803597140282,0.8972500807670709,0.7201378724697227,0.6800738680803704,0.9152582079543838,0.801751780477767,0.8605956163602335,0.6205721185239822,0.615957954267254,0.8727803597140282,0.7824765237120972,0.9209817665727265,0.5844383239569658,0.9152582079543838,0.6618586811173368,0.8856988418635348,0.5617229592620667,0.8309024436787291,0.9937393740100616,0.7182924545133278,0.9046484553665961,0.9152582079543838,0.956198576545774,0.7144452939198014,0.9152582079543838,0.8727803597140282,0.6238105583968573,0.7560449442954518,0.6918329828093976,0.5715180945535506,0.9152582079543838,0.7994157651166385,0.6138108617473417,0.9270730230791455,0.8724418929542728,0.8040683938016102,0.9204488628961517,0.4172849998468917,0.8266892096935978,0.9209817665727265,0.9037073523919099,0.34492154934225605,0.8925262950745885,0.4844911787786922,0.810987877577585,0.7842254686329959,0.8925262950745885,0.9239759423528264,0.8856988418635348,0.9152582079543838,0.9302869180633688,0.8358244551518936,0.6029256431301685,0.936488173753041,0.87913149540803,0.9098310498422768,0.7377494108246827,0.918079042897614,0.9098310498422768,0.9364881737530408,0.9152582079543841,0.9021362778138218,0.7982366744065172,0.8649303928299303,0.9673847887170084,0.507480729081579,0.933634799132891,0.9021362778138218,0.961938580597147,0.6111094751222621,0.8972500807670709,0.933634799132891,0.7213825284736848,0.9705890751589275,0.8429905361746879,0.8879432507007241,0.8972500807670705,0.8376723506997306,0.920981766572726,0.8933580624819941,0.8814261386926303,0.8563886780454901,0.8902183677316944,0.6504564640932794,0.9898781502828837,0.26802728954375077,0.7329189478805076,0.6640730513352375,0.8670014864103506,0.9072118677365053,0.6001453849366136,0.817696163984857,0.960175396156637,0.9924821208671799,0.8925262950745887,0.6956918530898957,0.9898781502828837,0.7526072663729986,0.9583942031553514,0.8586206896551722,0.6924392321874617,0.9209817665727262,0.7812316443288929,0.7221849138643881,0.8625851059964713,0.9553394119369609,0.9673847887170087,0.6859888438459345,0.4048411052374773,0.97613568438159,0.9168673858538463,0.9072118677365053,0.9072118677365058,0.9239759423528267,0.9302869180633684,0.8748756693307254,0.7089828392698905,0.85471160929002,0.9125111785873636,0.9125111785873636,0.5392815391204708,0.8711916800801187,0.9072118677365055,0.7859745422812421,0.9152582079543838,0.9270730230791455,0.9152582079543838,0.9152582079543838,0.551238230999257,0.8925262950745887,0.8645899440480411,0.9152582079543838,0.5553359279956025,0.4777457841482011,0.8586206896551722,0.7543784123327506,0.8017517804777672,0.6760890086635989,0.839528097390559,0.8376723506997308,0.470650166970377,0.9046484553665961,0.924700455987553,0.9270730230791455,0.28405035525741096,0.7099910744089908,0.5531806934809573,0.8748756693307258,0.9046484553665961,0.909831049842277,0.7141080730554853,0.9270730230791453,0.8266892096935976,0.9209817665727265,0.8588039237011791,0.9945519661064194,0.9884602805599663,0.8925262950745885,0.6386599123863519,0.8727803597140282,0.3303843565160659,0.8992368483577363,0.8957156269639839,0.987885706373519,0.8972500807670707,0.918079042897614,0.8566595864113671,0.4276382876807462,0.7329189478805072,0.9711878805915029,0.7614393933136983,0.9072118677365058,0.7443784218618232,0.8159112343441135,0.9125111785873636,0.6389145500660536,0.8769922925568627,0.9371382816751241,0.6760890086635989,0.5665973295919129,0.9888837538471675,0.6720693396843564,0.8972500807670707,0.9753714085919838,0.9599059738470095,0.9152582079543838,0.9239759423528264,0.40787138022280256,0.9992249226337294,0.8300910721353385,0.9945519661064192,0.9907143086558445,0.876992292556863,0.7182924545133276,0.8925262950745885,0.5662098770014752,0.9336347991328917,0.6556142677649803,0.9898781502828838,0.9654407641398766,0.9098310498422768,0.9046484553665959,0.7120431818438514,0.8864592094196801,0.8902183677316946,0.7992201525320384,0.5585552471724731,0.6840252724672604,0.9798159223302202,0.8645899440480409,0.593692150524755,0.7684696092538157,0.9054862779423511,0.9336347991328915,0.9655974895223982,0.8614669993715756,0.7311067605158577,0.9888837538471673,0.5637374421090922,0.9540589546097202,0.6782209375265819,0.7347269473178126,0.9371382816751241,0.9523189504118241,0.8511869157928875,0.8625851059964709,0.8605956163602335,0.954954603940219,0.8608323269166074,0.8748756693307256,0.8948693468634781,0.8547850709517307,0.899671335771002,0.9540589546097202,0.9239759423528264,0.9371382816751241,0.9152582079543838,0.9508942993498994,0.7754786512031115,0.6165069764904285,0.8666109663611838,0.9152582079543837,0.5883635786063792,0.7260202369748268,0.8468536050146845,0.8707051888795787,0.8395280973905581,0.8194852749688186,0.4202314095069629,0.753031128869478,0.8791314954080303,0.869088308311075,0.5122569752909016,0.864419020911696,0.9270730230791455,0.8376723506997306,0.8812946455970228,0.920981766572726,0.8586206896551722,0.9371382816751241,0.9106086590743889,0.9098310498422768,0.9371382816751241,0.9021362778138222,0.9132389320257914,0.9152582079543841,0.7365308980319898,0.8070402049768035,0.7627282022777633,0.9564664879277861,0.8972500807670707,0.6340839941645453,0.5715180945535507,0.9125111785873636,0.9239759423528267,0.9072118677365055,0.9125111785873636,0.9125111785873636,0.9796624177838523,0.9152582079543838,0.9072118677365055,0.8451467479521525,0.9152582079543838,0.8902183677316946,0.817696163984857,0.9302869180633684,0.9209817665727265,0.9761356843815903,0.9496485824638995,0.9125111785873636,0.6597874190636706,0.5046481757735632,0.961938580597147,0.5254494481064589,0.9152582079543838,0.8451467479521524,0.9209817665727262,0.8902183677316946,0.6078864437853926,0.8470383046866867,0.9302869180633684,0.9180790428976138,0.857582153830302,0.8586206896551722,0.8948693468634781,0.9152582079543838,0.9142977291841883,0.8686490640266937,0.8748756693307256,0.571129336676425,0.9364881737530408,0.9302869180633688,0.8834832246395514,0.9209817665727265,0.8451467479521524,0.4829072514295282,0.9152582079543838,0.9152582079543841,0.8035122725061359,0.9336347991328915,0.7292902459116828,0.9072118677365055,0.8996713357710029,0.5740569099235252,0.9098310498422768,0.6496206948418115,0.6065519135006914,0.9152582079543838,0.9152582079543838,0.884212244307905,0.7374039932622698,0.8376723506997306,0.6760890086635988,0.5308119494686716,0.7292447864734686,0.7329189478805072,0.5952150734124019,0.8879432507007241,0.6215869539528165,0.9152582079543838,0.9332636707881303,0.9239759423528264,0.9371382816751241,0.7182924545133276,0.9302869180633684,0.49813445678004464,0.9152582079543838,0.9152582079543838,0.6251298521455892,0.9152582079543841,0.6112852743578714,0.8972500807670707,0.7614393933136983,0.83215062319641,0.8791314954080303,0.8321506231964102,0.4881023158860843,0.7508334733135484,0.9152582079543837,0.8586206896551722,0.5729147623518205,0.9180790428976136,0.9814510646731802,0.9247004559875527,0.7729810006171293,0.8508524342038155,0.8625851059964709,0.9180790428976136,0.7649577557899123,0.9152582079543838,0.511041453934882,0.8625851059964711,0.3794411288640639,0.7877239185135076,0.7754786512031115,0.9097516894125137,0.9182202275367892,0.7561470539717319,0.7785510091061864,0.6081236897106703,0.5496006430567602,0.9860639133827616,0.9336347991328913,0.9899987985823229,0.9186550120230907,0.5469417106622223,0.9239759423528264,0.9125111785873636,0.4907345211678892,0.8812946455970223,0.9421362489486962,0.9864733453469228,0.9371382816751241,0.8864592094196801,0.7809209491441991,0.950085410652605,0.8376723506997306,0.9248202875667846,0.449603411104312,0.9152582079543841,0.9336347991328913,0.8972500807670707,0.8502880286044063,0.7201378724697227,0.9046484553665972,0.995606730632077,0.9451832184545601,0.4865641564187342,0.9180790428976136,0.6136290621613227,0.9763670444959531,0.5770565726976626,0.6111094751222597,0.9152582079543838,0.8194852749688184,0.9152582079543841,0.6704385329744845,0.9336347991328915,0.810505659721549,0.2916716071844201,0.7596773995000077,0.9152582079543838,0.5662098770014758,0.6760890086635989,0.8902183677316944,0.5635241960715169,0.511041453934882,0.5469417106622223,0.9239759423528264,0.5234525470799275,0.8991670282493116,0.7118923512451528,0.6700460193353566,0.8925262950745885,0.7383309391870481,0.9371382816751241,0.8925262950745885,0.9152582079543841,0.8547850709517306,0.8834832246395514,0.4742176835086861,0.8376723506997308,0.6840252724672604,0.9580166426603274,0.9125111785873636,0.50242129769299,0.7684696092538159,0.8266892096935978,0.6205721185239822,0.6577060118568867,0.9152582079543838,0.5993331476337287,0.7719761627955801,0.8707051888795789,0.9152582079543838,0.5872010282117103,0.9046484553665961,0.9302869180633684,0.8925262950745887,0.9125111785873636,0.7437089977875242,0.9186550120230904,0.828503573171917,0.9132389320257914,0.8470383046866865,0.9272324378358678,0.6879445456091828,0.9152582079543838,0.9320055225938174,0.9152582079543838,0.9302869180633684,0.7603459520179954,0.4479262704426513,0.9371382816751241,0.8769922925568627,0.7625382005684167,0.33910802612984625,0.8707051888795787,0.9152582079543838,0.873315820733504,0.601808429120493,0.8304993707617168,0.8748756693307254,0.8586206896551727,0.9239759423528267,0.8748756693307267,0.9634038194012378,0.916867385853847,0.3508584642291539,0.6761286639016619,0.916867385853847,0.8707051888795789,0.9239759423528267,0.8088080901268468,0.916867385853847,0.9371382816751241,0.9186550120230905,0.918079042897614,0.8088080901268466,0.9125111785873636,0.8727803597140282,0.8902183677316946,0.49886215006095624,0.8586206896551725,0.9272324378358676,0.28920801879596625,0.8834832246395516,0.9212977173232094,0.9693820495180774,0.6616045485420052,0.8707051888795787,0.8358244551518934,0.6449526728082823,0.879788910598279,0.8470383046866878,0.9159197701772372,0.9621698344437759,0.9209817665727262,0.4889630072008395,0.8706881010282792,0.9735629864071067,0.8791314954080303,0.4958782682119076,0.9239759423528264,0.9270730230791455,0.8970442909501017,0.28511145636133617,0.9027034310336555,0.9194760752462121,0.8748756693307256,0.874556897946734,0.9302334181929381,0.28140068320534706,0.9152582079543838,0.5970346785451157,0.796481647442826,0.85471160929002,0.3965986054293057,0.8682278653360203,0.9270730230791455,0.9221261809159467,0.9015044103520695,0.22448456382845994,0.9860639133827613,0.9080254870413738,0.9553394119369609,0.8926328176574978,0.7574122120304546,0.8996713357710029,0.8381644717696148,0.9125111785873636,0.9624798185213994,0.7976211677699563,0.9209817665727262,0.9180790428976136,0.48186742334291677,0.20803075826756567,0.9665480300996037,0.8547850709517302,0.5868200571127374,0.8416120212942142,0.909831049842277,0.9098310498422768,0.609708603876234,0.8902183677316946,0.8376723506997308,0.9209817665727265,0.5005121151758831,0.8902183677316946,0.9270730230791455,0.49277778281577933,0.9549546039402188,0.9180790428976138,0.9336347991328915,0.5329239246247994,0.9302869180633684,0.8102832673149829,0.9270730230791455
p92_F,0.8854680645441781,0.9357714224531068,0.8815270484708906,0.8736715349160766,0.944383427890573,0.9587434581480645,0.9999186621208602,0.985566616070757,0.9306570238192786,0.28476628154721195,0.9341536654578784,0.9425805352069323,0.9425805352069323,0.9151430007264558,0.8705150677206018,0.8361567121058329,0.9391025641025641,0.9249834296604695,0.9542468650366518,0.9564441004788367,0.8768459965606676,0.9325645805415599,0.978616554847229,0.3668907135029359,0.9310020898787328,0.9249834296604695,0.9391025641025641,0.9483551875577274,0.9564441004788367,0.8044319414786048,0.9178801133263081,0.9501049319099923,0.991930496947756,0.9111295270090605,0.944383427890573,0.9542468650366516,0.946234759638956,0.9374201804111677,0.3225241548524257,0.9235293061149323,0.8898393963217794,0.7888310913314733,0.9587434581480645,0.9432779785053749,0.9391025641025641,0.83296662955302,0.9481398354780852,0.8980516101285151,0.9235293061149326,0.9853165951415537,0.44812418614614913,0.8353044563359768,0.9249834296604695,0.9890537762576723,0.8445385534424797,0.9220929278982624,0.6254993376162095,0.944383427890573,0.8711318569200492,0.940821549823033,0.8971337307079472,0.8151135627519485,0.92498342966047,0.6216589410515467,0.9521375655065456,0.8345608929679695,0.9830316367629123,0.8142577800279978,0.903842949892731,0.9732924283946003,0.9137935530290913,0.9235293061149328,0.934504168371135,0.759726074111385,0.944383427890573,0.8756817347288379,0.9325645805415597,0.9341536654578784,0.9670281084644332,0.9587434581480645,0.5444315801535504,0.9279496229669748,0.9192692664872615,0.9349950396117984,0.944383427890573,0.9098137391625776,0.9325645805415597,0.9173095916401801,0.644115943207977,0.9425805352069325,0.944383427890573,0.8815270484708906,0.8059551014641192,0.8981872883928088,0.9192692664872615,0.9964955240981678,0.8791813830875235,0.8768459965606679,0.6911978374568366,0.8813256961062454,0.9673337013468153,0.948139835478085,0.944383427890573,0.8445863152939237,0.8583858153873953,0.9542468650366516,0.8983688348924415,0.7255936288114714,0.868661872839342,0.7827780464831349,0.8641286133251769,0.6464748616587992,0.9464665666537815,0.9008583849785581,0.9481398354780852,0.9707051047990307,0.9357714224531068,0.3211460692758693,0.9587434581480645,0.9537935797430421,0.9819096433504795,0.836156712105833,0.9310020898787328,0.6919521954441414,0.92498342966047,0.9928346239896537,0.9462347596389562,0.9644061792743002,0.9425805352069323,0.9350840409709821,0.92135858193183,0.948139835478085,0.9501049319099923,0.7218199254077097,0.9391025641025641,0.8910049657068134,0.6959836034916942,0.9501049319099923,0.9501049319099923,0.940821549823033,0.812341134623496,0.9564441004788367,0.8613516681282445,0.919955226121286,0.8305895885702974,0.9779039859151866,0.9832000808774302,0.8689141487262382,0.754905180760383,0.7698170080916689,0.9564441004788364,0.9337059488987844,0.6997686276802648,0.8698884442909975,0.9830316367629124,0.923529306114933,0.8850679753655397,0.9839671309918707,0.8407421768252988,0.8745195447781486,0.9483728016690773,0.948139835478085,0.9279496229669748,0.7449828491796285,0.8874458144092712,0.9483551875577274,0.6574204612622749,0.8898393963217797,0.9632197151594926,0.7239801677853104,0.9573800935979493,0.9425805352069325,0.9220929278982624,0.992902995313204,0.8684078159995325,0.8974554437274087,0.9542468650366516,0.7204074249882081,0.9536751187028218,0.9726558411029649,0.7140577625088436,0.91070711883143,0.9220929278982624,0.9425805352069323,0.8746367075465765,0.8399577749125604,0.9886006759818053,0.6827436908784779,0.9357714224531067,0.9592864686575602,0.5437030025828595,0.9254399973981589,0.8052908861542931,0.7354390287806852,0.5908552146203304,0.944383427890573,0.17956129708708757,0.9408215498230332,0.6519949233241091,0.8199382162592159,0.9481052266646683,0.9425805352069323,0.944383427890573,0.8560901005086945,0.995830588321551,0.3606452433446067,0.944383427890573,0.8836082184369263,0.9072118677365055,0.9403311389782558,0.9295657121907097,0.895904646182567,0.9425805352069323,0.944383427890573,0.7283909157671982,0.944383427890573,0.9948956656226314,0.8509737027889623,0.8472153102721218,0.944383427890573,0.8771354040135096,0.944383427890573,0.8114587961537703,0.8983688348924415,0.9085080245777921,0.8641286133251769,0.9481398354780852,0.7569259120967176,0.940821549823033,0.9294643302252339,0.6077326401296242,0.9931496147195412,0.7986608081488362,0.9111295270090605,0.9501049319099923,0.9247323722236848,0.7887932820801115,0.8934633408766899,0.8874458144092714,0.9072118677365053,0.9072118677365053,0.0,0.8745195447781486,0.9408215498230332,0.944383427890573,0.8934633408766897,0.944383427890573,0.7913298192830454,0.9072118677365053,0.7824413427816266,0.9206732387984036,0.7569259120967176,0.1795612970870878,0.9449459571559087,0.9310020898787326,0.8827041791382022,0.9341536654578784,0.9644061792743,0.1484015089032905,0.8595337434443089,0.8897444847827976,0.6707167302641442,0.9425805352069325,0.9521375655065456,0.8126806934976472,0.3225241548524257,0.9262085954688271,0.8836082184369269,0.9264564493231813,0.9486444067354804,0.8629791856785536,0.849304774108722,0.6608995094481633,0.7517162945760394,0.8088842737990013,0.9542468650366516,0.866619528166876,0.9059247833199469,0.9279496229669748,0.8922505553843605,0.9542468650366516,0.979063407658666,0.7272470774549684,0.9521375655065456,0.8886405262183212,0.9151430007264556,0.9481398354780852,0.9111295270090607,0.7117613803955087,0.940821549823033,0.948139835478085,0.948139835478085,0.7794285697266239,0.9542468650366518,0.854610811624316,0.869652142294604,0.8745195447781486,0.948405296589159,0.9542468650366518,0.944383427890573,0.9845948329923003,0.9408215498230332,0.9501049319099923,0.7711810729293316,0.6263596603377893,0.948139835478085,0.9235293061149328,0.9085080245777923,0.8242400895340376,0.46084657185707645,0.6790029414573201,0.8509737027889623,0.9289761630622799,0.9072908436117252,0.8910202260104263,0.9564441004788364,0.9306570238192788,0.9564441004788364,0.9518720845713888,0.4619717670934457,0.9384051522235206,0.948139835478085,0.944383427890573,0.9501049319099926,0.7139253475160501,0.92498342966047,0.9542468650366516,0.9783779352946236,0.9397362273534058,0.944383427890573,0.9310020898787326,0.9542468650366518,0.9587434581480645,0.9021135127330808,0.8065325776074825,0.9279496229669748,0.849304774108722,0.774932112097357,0.8126806934976472,0.9810860991992141,0.9374201804111679,0.8258996239394496,0.406532553365755,0.9111295270090605,0.8203114788716956,0.9357714224531066,0.9779039859151868,0.9587434581480645,0.7627349104500594,0.9111295270090602,0.7494696517315873,0.9391025641025641,0.9425805352069325,0.9555104155252474,0.8745195447781486,0.738051538314794,0.9468119576597445,0.8015399251065849,0.944383427890573,0.9537579392604496,0.5261874312549448,0.9536751187028218,0.9098137391625774,0.9564441004788364,0.7518176341055607,0.944383427890573,0.944383427890573,0.4792775980820787,0.5656825504417513,0.8746367075465762,0.944383427890573,0.9564441004788364,0.944383427890573,0.9151430007264558,0.8874458144092712,0.7354390287806853,0.944383427890573,0.9165049484215362,0.9325645805415599,0.816324722185402,0.7900304636463149,0.944383427890573,0.8698884442909975,0.9085080245777923,0.750979090469565,0.8518788950592512,0.9165049484215362,0.977096516721121,0.948139835478085,0.7272642534026099,0.944383427890573,0.7780757216617362,0.92498342966047,0.9035331210577764,0.8138989177015223,0.9462347596389562,0.8151135627519484,0.9374201804111677,0.944383427890573,0.9770858602922439,0.9697938201485222,0.944383427890573,0.9123689706343678,0.9115589596824278,0.8270835681605351,0.7977480447415815,0.7187846254299257,0.944383427890573,0.7583906936896535,0.842274762928803,0.9521375655065456,0.8376345900059794,0.7977480447415815,0.9540876754119362,0.8996102754967263,0.9204198120960367,0.9481398354780852,0.8688595670597337,0.9080064368535468,0.9786165548472288,0.8775337156233758,0.9837068388556007,0.8583858153873953,0.9294643302252339,0.9501049319099923,0.9716572732363804,0.944383427890573,0.9542468650366518,0.9660808600365859,0.9405150288436287,0.9341536654578784,0.9652524543463294,0.9408215498230332,0.9101287906727167,0.9913221015557613,0.9408215498230332,0.9862951408967353,0.944383427890573,0.9357714224531068,0.9611032305582619,0.894681279123638,0.7559103086883567,0.8333122429664003,0.9564441004788364,0.9890537762576723,0.9294643302252341,0.7466841479826962,0.9325645805415597,0.9564441004788367,0.8791654592452369,0.9719504864824019,0.9148161375677795,0.9739085258807387,0.9325645805415601,0.8934633408766897,0.9481398354780852,0.9111295270090607,0.6565519169534519,0.8961601193025839,0.9762262925984146,0.9596253481255899,0.9862951408967355,0.9178801133263081,0.8522236861229036,0.8593616546238454,0.8959046461825673,0.8933873144399462,0.8860065452669361,0.8803528436582551,0.5357747919441285,0.9272203681387055,0.9786165548472288,0.8002806456228626,0.9862951408967355,0.8376345900059795,0.927949622966975,0.9072118677365053,0.800053966044274,0.9481398354780852,0.886295303731182,0.9922535951391678,0.9500993698470404,0.9705887000705997,0.9732924283946005,0.8731094375876021,0.7522929714633311,0.9521375655065456,0.9085080245777921,0.9391025641025641,0.9391025641025641,0.8493047741087221,0.3211460692758693,0.9178801133263084,0.8090036036042951,0.9046463136602703,0.9425805352069323,0.9425805352069323,0.940278853321608,0.6221148235967855,0.9391025641025641,0.8595337434443089,0.944383427890573,0.9521375655065456,0.944383427890573,0.944383427890573,0.9591027618944339,0.6281656481768114,0.9111295270090602,0.944383427890573,0.7871914327852265,0.7394139909377535,0.9072118677365054,0.9342675716466964,0.9013701145685413,0.7874151753009924,0.6016582951373918,0.7496172849348923,0.9622663405510676,0.462966337686362,0.7687465418993615,0.9521375655065456,0.9500993698470401,0.9313239176895798,0.9853862033634693,0.9178801133263084,0.9535591865156563,0.4864279528501805,0.9498009884578036,0.9521375655065456,0.8862550362254635,0.9481398354780852,0.926193613582623,0.6077326401296231,0.926456449323181,0.9294643302252341,0.9414350314992956,0.9165049484215362,0.9337059488987844,0.9294643302252341,0.9226673352539045,0.9873274034062989,0.9325645805415603,0.9462347596389562,0.9059247833199466,0.9268767184442956,0.8247130225158625,0.9830316367629124,0.9295657121907097,0.5583670715249676,0.7843727211063927,0.8791813830875237,0.9425805352069323,0.7509790904695649,0.9192692664872615,0.9587434581480645,0.7874151753009924,0.9434256525191982,0.7496172849348921,0.9158753101862855,0.9325645805415599,0.6221148235967853,0.9976101531931567,0.944383427890573,0.9501049319099923,0.9483551875577274,0.944383427890573,0.8480451455932461,0.8631230730900762,0.9408215498230332,0.9192692664872613,0.8151135627519484,0.9294643302252339,0.7153008088014252,0.9676769377237682,0.7739774738301901,0.8572804327866932,0.9722619882019135,0.9408215498230332,0.991930496947756,0.9276195295816007,0.9466378905596333,0.9279496229669748,0.9157619653567751,0.9000601858073434,0.7926237952447175,0.622370547385696,0.9111295270090602,0.7788885774795525,0.8480451455932463,0.9087120239050034,0.9564441004788364,0.9310020898787328,0.9462347596389562,0.8509737027889623,0.9994608468667848,0.9832000808774302,0.9425805352069325,0.7767163393241144,0.8258996239394494,0.9613973877408789,0.695983603491694,0.948139835478085,0.9098137391625774,0.9085080245777923,0.9264564493231813,0.7889951293127694,0.9178801133263084,0.6683258355574165,0.9381452546945752,0.9862951408967353,0.8220529899137445,0.9501049319099923,0.9587434581480645,0.944383427890573,0.5184746671183424,0.852645223991177,0.9201764087344964,0.9124559366883973,0.944383427890573,0.9994234620769813,0.8077701178076946,0.9337059488987844,0.9151430007264558,0.8946812791236376,0.8815270484708906,0.8698884442909975,0.740208880498811,0.9206732387984036,0.8971337307079472,0.8646769443713587,0.9796090059367453,0.9521375655065456,0.8934633408766897,0.6254993376162092,0.9227946422906829,0.9072118677365053,0.9587434581480645,0.9206732387984036,0.9408215498230332,0.9587434581480645,0.9357714224531066,0.9220929278982624,0.995060370240281,0.8823567105447581,0.8733592706140669,0.9732924283946005,0.8133917646328437,0.6077326401296238,0.8763514402953597,0.9144402420742332,0.9425805352069325,0.9501049319099923,0.9391025641025641,0.9425805352069325,0.9425805352069325,0.9518720845713888,0.944383427890573,0.5025303643724706,0.7327724408685024,0.944383427890573,0.9279496229669748,0.8803528436582548,0.9542468650366516,0.9481398354780852,0.9521375655065456,0.9462347596389562,0.9425805352069325,0.8577956763692615,0.8733891874315001,0.9294643302252341,0.815653525252632,0.944383427890573,0.8983688348924415,0.948139835478085,0.927949622966975,0.8261304582583577,0.9740313254644388,0.9542468650366516,0.9462347596389562,0.5681578169164545,0.816805972501598,0.9310020898787328,0.944383427890573,0.7379539268553428,0.9555104155252474,0.9612320790184805,0.8509737027889623,0.9341536654578786,0.9008317218258524,0.9235293061149326,0.9481398354780852,0.9909735478358417,0.9376298529289808,0.944383427890573,0.944383427890573,0.8710438663027387,0.3606452433446067,0.8497223904550522,0.9391025641025641,0.9341536654578784,0.9417239936090698,0.9408215498230332,0.9014640938384707,0.7417775415661961,0.944383427890573,0.944383427890573,0.9449459571559087,0.8421800867365151,0.8934633408766894,0.8711318569200492,0.7518176341055607,0.8772241791189497,0.8247130225158623,0.7222149046743018,0.926456449323181,0.8612283491680894,0.944383427890573,0.8980516101285151,0.9501049319099923,0.3225241548524257,0.8151135627519484,0.9542468650366516,0.9504461826747814,0.944383427890573,0.944383427890573,0.7539703597654187,0.944383427890573,0.7448840761234523,0.9325645805415599,0.843431170571713,0.8898393963217794,0.9652524543463294,0.8898393963217797,0.7184830315616327,0.8364704384437263,0.944383427890573,0.9072118677365053,0.6950849551494085,0.9462347596389562,0.9542468650366516,0.9626947546476168,0.8152331683127749,0.7189341213563905,0.9098137391625774,0.9462347596389562,0.8457402940353764,0.944383427890573,0.9446208795349662,0.6873299539927957,0.7612308446591676,0.8606818700890229,0.8821518367309957,0.8510991623286311,0.9590193028129265,0.9253078981734773,0.9783779352946236,0.8560901005086945,0.7713250234209028,0.9391025641025641,0.9564441004788364,0.8736715349160765,0.92498342966047,0.9273405050304726,0.24753389216486243,0.9985778460732367,0.8948691662912511,0.9220929278982624,0.9745100637941104,0.9193389969862841,0.7218199254077098,0.9466378905596333,0.9587434581480645,0.9587434581480645,0.8934633408766897,0.9124559366883973,0.9204198120960367,0.944383427890573,0.9564441004788364,0.9325645805415599,0.9325645805415597,0.8976759937598426,0.991930496947756,0.9985778460732369,0.851703204858973,0.8838844233706618,0.49177699111350104,0.9157619653567752,0.9500993698470401,0.8332818327503075,0.8082929674399175,0.944383427890573,0.8815270484708906,0.944383427890573,0.995830588321551,0.28476628154721195,0.8837352444465887,0.9279496229669753,0.842274762928803,0.944383427890573,0.9514798370889648,0.7874151753009924,0.637560350350066,0.7135381794836074,0.6790934251058441,0.7026549898170107,0.9501049319099923,0.954328488008011,0.9141327700514326,0.9712744656435086,0.783449123325719,0.9294643302252341,0.8282649465133354,0.9587434581480645,0.9294643302252341,0.944383427890573,0.8886405262183212,0.9235293061149326,0.9568760853924656,0.7496172849348923,0.8189939542051474,0.8739479665019888,0.9425805352069325,0.9099932817368694,0.8480451455932461,0.8862550362254638,0.750979090469565,0.7753502986585725,0.944383427890573,0.7370398200395534,0.8503465187788166,0.9151430007264558,0.944383427890573,0.6800950325573993,0.9374201804111677,0.9542468650366516,0.9786165548472288,0.9425805352069325,0.9155178894548981,0.8883211960358877,0.8874458144092714,0.9673337013468153,0.8996102754967261,0.9294643302252339,0.7951960389045736,0.944383427890573,0.9652524543463294,0.944383427890573,0.3211460692758693,0.8175324891292575,0.9667700908399994,0.3225241548524257,0.9488793874960455,0.7834491233257193,0.8502122645595467,0.9151430007264558,0.944383427890573,0.7498018294175814,0.7959070098575323,0.9210899562266235,0.9612320790184805,0.9072118677365058,0.9830316367629124,0.9178801133263081,0.6556798492182255,0.9085080245777921,0.949802651296418,0.7753502986585727,0.9085080245777921,0.9151430007264558,0.9501049319099923,0.9066666273465949,0.9085080245777921,0.3225241548524257,0.9716572732363804,0.9462347596389562,0.8745195447781486,0.9425805352069323,0.5701168087461785,0.9279496229669748,0.9148161375677795,0.9072118677365055,0.9294643302252339,0.9839671309918707,0.6630293198676147,0.9985778460732365,0.5566545535375329,0.9787053550194154,0.915143000726456,0.8922505553843605,0.8564391918520338,0.9435974891286646,0.8996102754967263,0.9235293061149326,0.30444757469765305,0.9873274034062991,0.8922505553843605,0.9175986829007592,0.9652524543463294,0.9206732387984036,0.926193613582623,0.9501049319099923,0.9521375655065456,0.7420709744259506,0.9192692664872615,0.883410872990624,0.9290437380995717,0.9178801133263081,0.7924329315883942,0.9310020898787328,0.9165049484215364,0.944383427890573,0.9851359856808266,0.8664296227710762,0.9408270269593112,0.926193613582623,0.7990170481086623,0.9521375655065456,0.9111295270090605,0.7362441981158586,0.9249834296604695,0.9391025641025641,0.9192692664872615,0.9247323722236849,0.7477266191553403,0.8151257825696745,0.9341536654578786,0.9405192768808353,0.9425805352069323,0.7461311345639527,0.9121267198599361,0.987327403406299,0.946234759638956,0.8010712440240708,0.9652524543463292,0.9481398354780852,0.9232833700357419,0.7395445326824712,0.916337741476924,0.9408215498230332,0.9408215498230332,0.9125043725664629,0.9754970377701453,0.9291552782955315,0.9481398354780852,0.836399157341423,0.927949622966975,0.9783779352946236,0.916202813051278,0.926456449323181,0.9913221015557613,0.360645243344606,0.9388137099150413,0.3936067758446171,0.9079209531061321,0.9521375655065456
p92_K,0.9126398268217804,0.7028739748596258,0.9949625014137061,0.858724427485952,0.920265131801048,0.7171890292645676,0.7529771801788299,0.7686882033769642,0.7829885471498907,0.9102521474185263,0.9855797027208402,0.8816859778305945,0.8816859778305945,0.3480606185701193,0.7871633370836384,0.7414448669201525,0.804009629537387,0.8321126887296125,0.8022487300267549,0.7402591560583245,0.9895396915013859,0.8448782725245798,0.9189514425986854,0.9251662135150305,0.8538210569780722,0.845426769507341,0.5468329689898153,0.8344202094125963,0.6965730689929297,0.5647555784390356,0.8307902358986596,0.8971901564492133,0.8710529575837425,0.9720076630927214,0.8854008763534218,0.7605306482159555,0.9251662135150305,0.5954286544189918,0.9149900225490741,0.4699209183204295,0.9055631752695515,0.8484619576906176,0.9149900225490741,0.8035217116670972,0.836156712105833,0.6514928080009299,0.9674484241224515,0.7754910920028371,0.6550570703028789,0.755883976553849,0.9356856974167589,0.6591735331747608,0.845426769507341,0.8676556569243747,0.8710529575837425,0.8915641191189614,0.6916895636488318,0.885400876353422,0.9853805413611496,0.944011921397141,0.7880418755318432,0.9913845622669759,0.8858561123567871,0.7730117451851695,0.6185666173362778,0.8044228910991595,0.7948455158104215,0.7903555531263544,0.9658796276855436,0.8022487300267549,0.33700685822217324,0.8424305171733326,0.9202651318010482,0.624455666702505,0.885400876353422,0.7624500092181508,0.8904552749271517,0.775442414696859,0.6475576377138881,0.7171890292645671,0.8943418469797417,0.8427216830386154,0.7614872058764448,0.8454267695073416,0.885400876353422,0.3044662459468678,0.8154708889081049,0.5592525054476531,0.7995622785211576,0.881685977830595,0.885400876353422,0.15167365761158513,0.5238911377373057,0.7219041576473437,0.9095638988948187,0.836203876763508,0.13182358040868813,0.7649540409257369,0.6396530080955218,0.6216923959674241,0.639596273994806,0.6238609283942569,0.5567710364845584,0.5242593347343396,0.9453661798923358,0.947442779108449,0.40242823847059894,0.5727997347341258,0.8578283462385066,0.6295518119469026,0.2180632463704001,0.7963810727792782,0.791706676656964,0.5990089358802944,0.9302947288966976,0.7954820308623902,0.8562562492224831,0.9057246972976496,0.993054740404336,0.712932391325587,0.8702463834573066,0.2591142921046744,0.4789652811596251,0.8197810444731706,0.9127278241703741,0.4482004987191739,0.9251662135150305,0.8376280263990656,0.8811742389803805,0.8315069861698934,0.7129320454258647,0.8931410336709436,0.7563499748428755,0.9149900225490741,0.5468329689898158,0.7560123544968333,0.7450966758535353,0.8718365977455129,0.9356856974167589,0.8780615512279366,0.8817339728267262,0.9539382344839202,0.6501793289209887,0.50673310023937,0.2992724150090583,0.7983028217639931,0.9125998598847376,0.643702033381214,0.8424305171733326,0.4698581444385579,0.6965730689929301,0.7880418755318432,0.5504916383704231,0.7681525130538001,0.8718365977455128,0.8688785388851112,0.4943671498242944,0.8343910021373346,0.8261583287193452,0.33314694699172454,0.5877118324345099,0.9210904902002872,0.6759546048296934,0.5688755408298725,0.8473011978605325,0.33969080580737065,0.7538867935198055,0.9256522427411316,0.93486766006626,0.7792054646766342,0.7371378063155161,0.9155630897147411,0.8394708294649362,0.6243777238047494,0.8995447337745321,0.5964452013326156,0.8022487300267548,0.7774875449254901,0.6108357109812408,0.8095102085754071,0.8229298898932673,0.8051123686772608,0.8740160774379222,0.8816859778305945,0.7320545423102578,0.37975058774876147,0.7460979684534161,0.8187616895030194,0.8676556569243747,0.9011048560012941,0.9110367363125391,0.8451259095144115,0.7399804321759875,0.6456360633991691,0.7880418755318435,0.885400876353422,0.8892155845940946,0.7262362277568399,0.7754910920028371,0.9155950685035784,0.8325465987176781,0.9155630897147409,0.885400876353422,0.9440373449572788,0.7655690521669349,0.9102521474185266,0.885400876353422,0.8117273733585153,0.8769047782559865,0.8182812851581214,0.7600375666464962,0.7133395158795335,0.5424031201389159,0.885400876353422,0.7079614520634516,0.8854008763534221,0.8793280667697472,0.8579080326007938,0.7899602969451054,0.885400876353422,0.9278965215390056,0.885400876353422,0.7994783479669667,0.8755326157003402,0.31674944511903635,0.897017902934176,0.586707233168503,0.5585623858071695,0.8780615512279364,0.8340556435485738,0.8610478913106778,0.5381704730975942,0.6814867486034275,0.972007663092721,0.8718365977455126,0.8131898801283286,0.7534645026919056,0.993481417070199,0.8358128867277826,0.8542058822129399,0.8088080901268466,0.8745195447781486,0.0,0.8780615512279373,0.885400876353422,0.7804789596211701,0.885400876353422,0.47449721204606576,0.48752613253871,0.8971901564492133,0.8365455300348617,0.48377691631293973,0.8892155845940946,0.8061560254525524,0.8866634059168486,0.16165785601440485,0.8955208649962766,0.7036420537922492,0.8931410336709438,0.1936528628074088,0.7105663061807239,0.6645529156092804,0.881685977830595,0.9413830194575714,0.454343000704872,0.9149900225490741,0.7022324747821298,0.6865903464140748,0.8484619576906176,0.7082009761299464,0.17231979043201306,0.8971901564492133,0.6582348534701603,0.6179188437969865,0.7982825765424513,0.947442779108449,0.6140246053816782,0.969185866791127,0.6481600917948731,0.5899036597626108,0.947442779108449,0.714297852046305,0.7025023736906708,0.8985986666492831,0.8702667377832223,0.3966952670382934,0.5867072331685033,0.8168805099533942,0.5798008017125891,0.9110367363125391,0.8931410336709438,0.8467830997487794,0.4461616385656004,0.6353764027835572,0.5906570258604456,0.6726182087884842,0.7784611943636774,0.8398354885760076,0.8439668118375541,0.5567710364845584,0.6286090485910996,0.5283851172492287,0.7178544338753307,0.614125153762537,0.8104315638950381,0.8467830997487794,0.8930892657088837,0.8114788487242621,0.6388737147128418,0.7957166044680071,0.7390540974543198,0.4470063284887076,0.6732813830322946,0.6760919239313832,0.22159202244061182,0.9150035043198985,0.8451259095144115,0.8276313301891116,0.8547233147850071,0.8315069861698934,0.77194449578078,0.8931410336709436,0.885400876353422,0.8971901564492129,0.7468927370971472,0.40216529971222004,0.947442779108449,0.9013784409842849,0.6779115676755016,0.885400876353422,0.9979963553697826,0.9057246972976496,0.809144266311157,0.907390674698827,0.8596279066643964,0.42580398751631143,0.9356856974167591,0.6240218329418545,0.5630334466614413,0.796150937621388,0.8710529575837427,0.37451141858823955,0.8931410336709438,0.910707988599565,0.5887144193518363,0.8676556569243747,0.7983028217639929,0.9930547404043362,0.5310058863817622,0.3621290518926067,0.5739261680597614,0.86830379467428,0.881685977830595,0.8173630581312477,0.5552449116528742,0.5646646677879907,0.5673533275070002,0.44428842660267454,0.885400876353422,0.7357482159389166,0.8141693012543918,0.42098548302956884,0.9306988834617622,0.9102521474185263,0.6670166624081613,0.885400876353422,0.885400876353422,0.8424305171733324,0.8451259095144117,0.3529300652227081,0.8854008763534221,0.7839452431237177,0.556771036484558,0.6155511851450794,0.8076904584340716,0.6756193105911106,0.9751421018560731,0.35922792703321704,0.5802118199763102,0.5822432183787181,0.6296504203194191,0.885400876353422,0.8225277030721225,0.31674944511903647,0.540972747802992,0.5919113086098804,0.8518433170041959,0.44883306134069934,0.8931410336709438,0.5399192926217915,0.885400876353422,0.4345798658829464,0.8589844005431998,0.6987812553114567,0.6368358819002471,0.8892155845940946,0.7108885075491741,0.5012783506547689,0.885400876353422,0.8049657314867165,0.7103372410491724,0.885400876353422,0.901848988010314,0.8920818224323085,0.9426039163325917,0.4558453103284358,0.5537923365189843,0.885400876353422,0.7714161017661987,0.8562708339766765,0.8985986666492829,0.6668694259007294,0.7913973850331804,0.8118232793036575,0.7931448484714048,0.4082415460526275,0.9302947288966976,0.830376621857766,0.7438395839048273,0.6642640454483502,0.7005014178587576,0.47776447501141517,0.9680256091132349,0.8829583596177211,0.9356856974167589,0.48278043515298086,0.885400876353422,0.9691210572699521,0.7326396099398722,0.9959546563406537,0.9543810721294508,0.990540111320803,0.8780615512279368,0.9969991518057082,0.8950806418802894,0.8780615512279366,0.8054620272717138,0.661363802827437,0.9176091589676255,0.9066276272750029,0.45065065035435026,0.9057246972976496,0.6694766586770136,0.9102521474185266,0.9903614764146604,0.8623542432319447,0.7620440319602795,0.7566561216751566,0.6965730689929295,0.9699704162148042,0.9032442914775991,0.8224716015450904,0.8484619576906176,0.861047891310678,0.8010280162855912,0.8467830997487796,0.816880509953394,0.7850287704400715,0.7757423520635385,0.6759546048296936,0.8935461500146487,0.8943418469797417,0.8307902358986599,0.3474980225737003,0.5766231565030064,0.5045265311879087,0.9325979598111727,0.7329701070781671,0.5798422815484591,0.8494676817050002,0.8515386735783614,0.8829583596177215,0.4481727054167992,0.8943418469797417,0.7794381385781964,0.8515386735783614,0.8507084692274554,0.48987144026866414,0.5867072331685033,0.8361472132600287,0.9398847023826564,0.5827918626201543,0.7931008126567491,0.9057246972976496,0.7255034943491432,0.8517122542586351,0.7785849312294241,0.9132248230157266,0.578980051558262,0.8361567121058334,0.9356856974167591,0.9057246972976496,0.4453931305858455,0.5593075094074837,0.9963042729622744,0.9489284627486735,0.98280557463282,0.6321571859757094,0.8967690611659003,0.8745195447781489,0.4545530606673758,0.885400876353422,0.9413830194575714,0.885400876353422,0.885400876353422,0.5910688163795583,0.8546597599343508,0.40904279121569254,0.885400876353422,0.5700306772901113,0.6339102604249565,0.8542058822129399,0.4829085435189101,0.8225277030721225,0.8936434384023635,0.5542129209618852,0.7804789596211701,0.6388174739209656,0.8710529575837425,0.7810604345314742,0.9013784409842851,0.837363102643832,0.6487116375539916,0.7079614520634521,0.5951482961407757,0.9024363921718168,0.9440119213971412,0.5128394633078632,0.7385803527561381,0.3689019099295947,0.9674484241224515,0.41500511118822003,0.8904552749271517,0.7690613058923466,0.8829583596177213,0.6743862331819506,0.7040587000129028,0.7880418755318435,0.8546597599343508,0.8670761621516618,0.8931410336709438,0.8610478913106778,0.6434262394337373,0.8343910021373346,0.7104469950918597,0.8226626335918259,0.8971901564492133,0.9093586229892594,0.8745195447781491,0.9060446966334377,0.5673132741787774,0.745665791443795,0.5110607445591275,0.8842601377233774,0.8091442663111565,0.4399833625155378,0.7016115466129538,0.7804789596211701,0.5377389218176458,0.6390265872092598,0.790586833838097,0.8618030259801417,0.885400876353422,0.9356856974167589,0.9491270128542677,0.9202651318010482,0.8609035352355976,0.8904552749271515,0.9110367363125393,0.7361834447050034,0.6173898226432397,0.7491598444984624,0.5592525054476531,0.9102521474185266,0.4598452015790454,0.8943418469797415,0.6987391025267378,0.8780615512279368,0.7837292619474381,0.7987020211932381,0.5329239246248033,0.5091875266207719,0.9839091024886776,0.7475597006133519,0.5467358503882498,0.7085010928784499,0.7843527058003784,0.634620698109289,0.6599245763253729,0.8307902358986592,0.7839452431237179,0.6808106989080194,0.8892155845940946,0.8104962975109378,0.8626751862788542,0.7583094792012612,0.881685977830595,0.528203854159139,0.5173829478035159,0.8551218848344512,0.7989403263273578,0.9953978806517947,0.5364042598412733,0.9132248230157267,0.8757817245775488,0.8391525395283426,0.6450666846590858,0.8866634059168488,0.7904865059323101,0.8643222344048866,0.9155630897147409,0.9741812383843045,0.7631666477878625,0.885400876353422,0.910707988599565,0.8109769141837193,0.6100730695617855,0.42098548302956884,0.8854008763534221,0.7549785667081084,0.4552080104456222,0.7880418755318435,0.7128204820814283,0.8244134553929046,0.43915849072594415,0.7500274497143595,0.5695209588617633,0.9581283615838829,0.6855615218349047,0.679283318568422,0.7322293022935193,0.9413830194575714,0.43865688713083206,0.6395962739948059,0.8467830997487795,0.4421283404526172,0.7171890292645675,0.8622112935825184,0.5283851172492289,0.7631666477878623,0.8676556569243747,0.7437828533028576,0.6264995473798107,0.9903378452117682,0.7942798607168646,0.9057246972976498,0.885400876353422,0.9198626585436263,0.4924587411386535,0.5688755408298727,0.881685977830595,0.9488276796806041,0.8745195447781486,0.881685977830595,0.881685977830595,0.8403373796149365,0.885400876353422,0.8745195447781486,0.8330597247692185,0.885400876353422,0.4258039875163111,0.5607939039553269,0.9057246972976496,0.9302947288966976,0.9013784409842851,0.8892155845940946,0.881685977830595,0.5432341259852529,0.696349602761672,0.8546597599343508,0.6412624912620799,0.885400876353422,0.40242823847059883,0.7724757092972719,0.8793331866131819,0.609341399042767,0.5213076656115471,0.677094484594357,0.6793768683546735,0.8578283462385068,0.782611781098316,0.8538210569780723,0.9551293872486746,0.8088080901268468,0.5771849581767102,0.8197810444731706,0.8102098217702138,0.7754424146968588,0.8856848936483535,0.4963689400322081,0.9674484241224515,0.5935562476606447,0.6914359622603903,0.885400876353422,0.870549335513194,0.8435859019655767,0.9102521474185266,0.5145165999128468,0.970960792483488,0.8955208649962769,0.7118767537922572,0.8780615512279368,0.6335629350217629,0.5889144816642069,0.885400876353422,0.885400876353422,0.8735534577794486,0.5550573660392837,0.3770097171375689,0.7726674181658764,0.6990706059134393,0.5931166136167401,0.790984992857284,0.6235837171895109,0.44122410324917305,0.7149411814590176,0.885400876353422,0.7754910920028371,0.9356856974167589,0.9149900225490741,0.4459755669823606,0.947442779108449,0.6346206981092886,0.885400876353422,0.885400876353422,0.5498001228658314,0.6613638028274368,0.7026708668192818,0.9492700421601004,0.4795736695157421,0.873457082543069,0.8878770571301755,0.9658303776842916,0.6578493242540187,0.3950685816045021,0.8854008763534221,0.3513327562804305,0.5884740443577103,0.9970674713569025,0.9057246972976496,0.874112561098092,0.7643146723797656,0.830798478257572,0.2812724445574267,0.8892155845940946,0.8485110468060619,0.885400876353422,0.6089813514626852,0.6291794653990352,0.7931008126567494,0.5010611193936665,0.9298926051520392,0.867655656924375,0.7855093208605666,0.29785232883095436,0.9013784409842849,0.7034706070463592,0.706071672832485,0.8745195447781486,0.9586895913852923,0.8737850059390877,0.8454267695073416,0.5779971046272832,0.8971901564492131,0.881685977830595,0.7377325098089995,0.8915641191189614,0.6918161969261296,0.942458841914215,0.9149900225490741,0.6237195087969898,0.9149900225490741,0.9149900225490739,0.520853113788516,0.8196136051637439,0.7656260953636835,0.885400876353422,0.9150035043198985,0.8154708889081057,0.8610478913106774,0.3792842671179767,0.8710529575837429,0.8816859778305945,0.9176107639459743,0.7607413974155426,0.8892155845940946,0.6547688899115716,0.8373631026438322,0.6629580894520666,0.626400934220072,0.885400876353422,0.0941766909887134,0.885400876353422,0.5556863218233448,0.9102521474185263,0.9850607921252732,0.8793331866131817,0.5834492787955847,0.885400876353422,0.5592525054476531,0.42486135998597707,0.8793331866131817,0.5619644705334457,0.6089813514626852,0.5779971046272832,0.9356856974167589,0.629552254095288,0.8753672951924687,0.7585505034177364,0.5562986091386184,0.4661738476647571,0.3012348114728369,0.6712114107412721,0.6925626451317207,0.6613638028274368,0.8702667377832223,0.9459853091324404,0.6363667931074077,0.821577072950012,0.4860070774590898,0.885400876353422,0.881685977830595,0.6596133430076061,0.6934210694770772,0.6836189989138566,0.5110607445591278,0.4865037093446465,0.885400876353422,0.5228157539262195,0.9373284992554612,0.37237794280420655,0.885400876353422,0.6546562942882366,0.7523458273593636,0.947442779108449,0.8546597599343508,0.881685977830595,0.848500022283883,0.8722984813209289,0.8160075170145522,0.8219227877838963,0.7783879728304403,0.8057570438652037,0.43296234047685467,0.885400876353422,0.8622112935825186,0.885400876353422,0.9057246972976496,0.35923982313456637,0.7390540974543196,0.9149900225490741,0.8336526153804951,0.7523802651801634,0.8063906193297286,0.6885031578473412,0.885400876353422,0.7152065657187192,0.6883589455536558,0.7848151499527449,0.6201074903999303,0.8088080901268473,0.9873232206481497,0.8307902358986596,0.8279566795146676,0.8344202094125963,0.7583094792012612,0.5616107673238426,0.8344202094125963,0.898102330173175,0.6023678109726938,0.7784611943636774,0.8344202094125963,0.9149900225490741,0.6708824178480899,0.9611168424359664,0.592261239096399,0.610157343907209,0.8279566795146676,0.5091875266207719,0.9858718430453364,0.8769047782559865,0.8829583596177213,0.8061560254525524,0.8953265605968894,0.9155630897147411,0.8904552749271517,0.788135350104876,0.5669165366769053,0.8345938600664876,0.7960852449904603,0.8669811536627741,0.9645317199506662,0.5492649834557648,0.8892155845940946,0.9302947288966976,0.9818884897056039,0.7539975887642643,0.8622112935825186,0.7528022532026275,0.8969166615241784,0.9356856974167589,0.9413830194575714,0.9082616507250616,0.8589563765519368,0.6362511632936554,0.9301383082015944,0.8946586272506356,0.8474876248107777,0.6519756392296772,0.9264797575088632,0.920265131801048,0.8045512696397337,0.5071321240666993,0.7294055858014361,0.815966281843284,0.8711748367569836,0.8185895097027105,0.9016370541080927,0.9324146569619931,0.845426769507341,0.7075683818320477,0.8627022505622095,0.7850287704400716,0.9018931179447005,0.937703460854125,0.7754424146968588,0.8244276239366066,0.6779115676755019,0.8238545397151997,0.770734935284706,0.6238609283942569,0.9970674713569025,0.7438395839048273,0.8365455300348619,0.735322014071518,0.8903925666640413,0.759096865430748,0.9146339159824495,0.6932610426722383,0.9240873382644512,0.6839821116786049,0.8705161960734358,0.6235983971106213,0.8839367949745333,0.6987812553114567,0.7871326569689746,0.9413830194575714,0.7968820743721303,0.7690613058923464,0.7153274972756092,0.9102521474185263,0.9624245135316486,0.9057246972976496,0.8423949612449271,0.981387597930858
p92_MVIDL,0.9690325506684441,0.937584438157661,0.9190178597011773,0.9958114695283622,0.9459533477380777,0.9599080294518358,0.9622882266464252,0.9972493098801469,0.807126048537844,0.9576735770276548,0.9894969760647812,0.9442013463068035,0.9442013463068035,0.9608634184056342,0.7841521076822805,0.9769871064817433,0.9980965995557116,0.9271009640247969,0.9555383641697375,0.9576735770276548,0.8803223329648371,0.9344681175525125,0.9818737559710533,0.947752420917731,0.9329497321807898,0.9271009640247971,0.9408215498230332,0.8027940542972901,0.957673577027655,0.9740790189691615,0.9201981569430604,0.9515133476881705,0.9391866557097979,0.9554302009938862,0.9459533477380777,0.9555383641697377,0.947752420917731,0.9951011472655116,0.9599080294518358,0.9256878868316012,0.9287407729092756,0.9741187306463797,0.9599080294518358,0.7756476135257445,0.9446283507116099,0.8663821070003721,0.9496037211238537,0.9662311315641035,0.9256878868316014,0.8078092644882721,0.9515133476881705,0.8976608398645194,0.9271009640247971,0.937584438157661,0.9489843611787752,0.9706982209232327,0.924292054060027,0.9459533477380777,0.9550691846618349,0.9424920127795526,0.7623338040565751,0.7354475081798966,0.9749771166196228,0.892948960819701,0.9534886050081051,0.8570328995931124,0.9515133476881705,0.9183962985375215,0.8883221150889407,0.9555383641697377,0.9162269502513478,0.9728091693196088,0.9459533477380777,0.8811412034792879,0.9459533477380777,0.8791909353978862,0.9868619655962767,0.9360123464869743,0.9136232032133542,0.9581756603540755,0.9360123464869743,0.9709760367855712,0.9215480977067745,0.9271009640247969,0.9459533477380777,0.9536828573969376,0.9344681175525125,0.9386820184716881,0.9909102788434876,0.9442013463068033,0.9459533477380777,0.9190178597011776,0.9591512163866867,0.920236478339396,0.98828669514372,0.8941182576784145,0.8825917972400854,0.8803223329648371,0.9184586338478831,0.7836528484753177,0.924292054060027,0.9496037211238535,0.9459533477380777,0.9376077489798189,0.9858280840858753,0.9555383641697377,0.9012376341940862,0.8673173521947575,0.9843238957181939,0.850062009909633,0.9310287774772668,0.9285324039439793,0.8547345879297663,0.9036569103682495,0.9496037211238537,0.8839105445889034,0.992239334903201,0.9555383641697377,0.9599080294518358,0.7964887949556321,0.9865915329321682,0.9440119213971414,0.9843238957181939,0.9201981569430604,0.9749771166196228,0.8859545492789977,0.947752420917731,0.9418533128468709,0.9442013463068035,0.9688440619373719,0.7308272617987146,0.9496037211238535,0.9799008321613358,0.9599080294518358,0.9408215498230332,0.8639560978502498,0.8713193097015213,0.9799008321613358,0.9515133476881705,0.9424920127795526,0.8459731339328611,0.9576735770276548,0.7745901988358304,0.863498762425299,0.9136668681404589,0.9396377493736088,0.7703693253714244,0.9128990693399448,0.8387057007283614,0.8831541890872614,0.9576735770276548,0.7623338040565747,0.8760865533227362,0.9704390710968263,0.9799008321613358,0.9256878868316012,0.9231226334984479,0.9085802966718617,0.82818698920859,0.8780615512279373,0.8216567655514624,0.9180060542094439,0.9795036960805321,0.8342149872161326,0.8906229438722486,0.9110906193450523,0.9984674516564289,0.9287407729092758,0.9666307012815274,0.7933892545030743,0.9175383063396303,0.9442013463068035,0.9706982209232329,0.8603130600722217,0.9903899183349034,0.965675107921693,0.9701343557301771,0.8907270693989846,0.9994890516008978,0.9455056955691956,0.9061034849845075,0.7831757487234707,0.924292054060027,0.8747265520025299,0.9982985655310588,0.9028411927070046,0.8260336234072487,0.9957194866787556,0.9375844381576609,0.9933710628742857,0.9424920127795526,0.6226136845668244,0.9203749521146292,0.84974661607768,0.9750660166392211,0.9459533477380777,0.947752420917731,0.9424920127795526,0.9662311315641035,0.9369399064928525,0.7395160455356349,0.9350839192327517,0.9459533477380777,0.8601523251100112,0.7963267771106681,0.9576735770276548,0.9459533477380777,0.9620275776222871,0.9284024325305881,0.7560778836599112,0.82818698920859,0.9360462988835683,0.9442013463068035,0.9459533477380777,0.8760865533227362,0.9459533477380776,0.8538878695010035,0.8566623054005462,0.8809804133269927,0.9459533477380777,0.8523344596018209,0.9459533477380777,0.8443972183530595,0.901237634194086,0.9519642373961463,0.9310287774772668,0.9496037211238535,0.8703808970142309,0.9424920127795526,0.9314553797224698,0.9344681175525125,0.9375517053100488,0.84670094513565,0.955430200993886,0.9515133476881705,0.9287407729092757,0.7090178837688109,0.8964706102804108,0.9259093040850026,0.9502726792490608,0.909831049842277,0.9408215498230332,0.8780615512279373,0.0,0.9459533477380777,0.8964706102804108,0.9459533477380777,0.9053040576526353,0.9098310498422768,0.9515133476881705,0.9399048586036758,0.8170840981467904,0.9881959173184504,0.9713406485598298,0.9329497321807898,0.9203767054972345,0.9894969760647812,0.7000712741729289,0.9496037211238535,0.8944877265111881,0.9254766905970768,0.7669632898056071,0.9442013463068033,0.9534886050081051,0.8732965479503925,0.9599080294518358,0.7592834687851848,0.870759050222196,0.9285324039439793,0.9858280840858755,0.8982384440681082,0.9799008321613358,0.8158670552858682,0.8673173521947573,0.8364867092148462,0.9555383641697377,0.7670695772676406,0.9486066482612978,0.9795036960805319,0.777742577550779,0.9555383641697377,0.9002465670022488,0.8449407799053097,0.9534886050081051,0.9628544051917185,0.9175383063396303,0.9496037211238535,0.955430200993886,0.8007998135099712,0.9424920127795526,0.9496037211238535,0.9842011665427953,0.8392815750630274,0.9555383641697375,0.812144139400786,0.7153450374440302,0.9110367363125391,0.8342582334437219,0.9701343557301773,0.9459533477380777,0.9728091693196088,0.9424920127795526,0.9515133476881705,0.807341902381921,0.9628544051917185,0.9496037211238535,0.9256878868316012,0.9662885265016654,0.8306315975793845,0.9421708749432609,0.9753273535933089,0.8054520429976554,0.8324856481619274,0.8392221208437075,0.8957343462573436,0.9644928340620883,0.6595161573610271,0.9576735770276548,0.955430200993886,0.9502726792490606,0.9036569103682495,0.9496037211238535,0.9459533477380777,0.9515133476881703,0.8964706102804108,0.9271009640247971,0.9555383641697377,0.9534886050081051,0.9954412864629739,0.9459533477380777,0.9329497321807898,0.8214797955300075,0.9581756603540755,0.9437480193578958,0.9766235540366276,0.9299834289466349,0.7741433717098549,0.9341586822630341,0.8456324037363951,0.9329497321807898,0.6694119034002077,0.8873802628159342,0.9496037211238537,0.9136381231722892,0.8809668813683991,0.9375844381576608,0.6675378764137867,0.9599080294518358,0.7960982570121538,0.9972222788154832,0.8364867092148461,0.9408215498230332,0.9442013463068033,0.9126071271140608,0.9110367363125393,0.8817019751396638,0.7991379105751032,0.8617026589491743,0.9459533477380777,0.8053297218666661,0.9223470008110382,0.9994890516008978,0.9123594767995962,0.9576735770276548,0.7648347005325178,0.9459533477380777,0.9459533477380777,0.9329482657043762,0.9916384125088662,0.9093762272332484,0.9459533477380776,0.9644928340620884,0.9459533477380777,0.960863418405634,0.8906229438722486,0.7963267771106681,0.9919305345581159,0.9188618095812564,0.9868619655962765,0.877140669062977,0.8769383301087417,0.9459533477380777,0.8735611753844459,0.9519642373961463,0.8379477020019622,0.7817168377837919,0.9188618095812562,0.8920043141706462,0.9496037211238535,0.8152992487169168,0.9459533477380777,0.864726842902648,0.9749771166196228,0.8238567578733205,0.9022918964383839,0.947752420917731,0.9036237117624288,0.9391866557097979,0.9459533477380777,0.889465778445103,0.9117639125222567,0.9459533477380777,0.9188618095812564,0.7901005262017791,0.860313060072222,0.8849805468777112,0.8073419023819209,0.9459533477380777,0.9416247537415157,0.859677113354738,0.9534886050081051,0.9002465670022488,0.8578060722285478,0.6447298230037255,0.9024440319654485,0.9245106322139447,0.9842011665427952,0.9660751215045752,0.6897631234886012,0.9314553797224701,0.749285466441217,0.8969845146010973,0.8932444491995202,0.9314553797224701,0.9515133476881705,0.9271009640247969,0.9459533477380777,0.9701343557301773,0.8952920587572559,0.846596793992335,0.8500491352017978,0.9229124393123014,0.9424920127795529,0.8660949816427339,0.9881959173184505,0.9424920127795529,0.9894969760647812,0.9459533477380777,0.9375844381576612,0.9032962680264436,0.9714591146969296,0.9555383641697377,0.7340574493941594,0.9576735770276548,0.5705214911324779,0.9818737559710531,0.9762305722715003,0.9344681175525125,0.9576735770276548,0.9983787153076736,0.7619204362461962,0.8848712502248586,0.9285324039439793,0.9083503383161956,0.8964706102804108,0.9496037211238535,0.955430200993886,0.892948960819701,0.9324353714683227,0.9299834289466349,0.9638837908220004,0.9894969760647814,0.9646668607340487,0.8860996110792341,0.842294857536932,0.9360462988835683,0.9408215498230332,0.8449407799053099,0.9176678508338107,0.9608634184056342,0.9299834289466349,0.9314553797224701,0.8604059906780077,0.9360123464869743,0.9002465670022487,0.9214557696516741,0.9907143086558443,0.9408468422255942,0.9496037211238535,0.9496197597619187,0.9477719280502401,0.912359476799596,0.9287407729092756,0.9701343557301771,0.9024010236924396,0.9785423118698662,0.9534886050081051,0.9110906193450523,0.9408215498230332,0.9408215498230332,0.9515133476881708,0.9701343557301771,0.9646668607340485,0.8969692479811888,0.9073379150848058,0.9442013463068035,0.9442013463068035,0.8943086219741141,0.9390736794276018,0.9408215498230332,0.8944877265111879,0.9459533477380777,0.9534886050081053,0.9459533477380777,0.9459533477380777,0.7836528484753176,0.9314553797224701,0.997222278815483,0.9459533477380777,0.797464971582921,0.7512059850958588,0.9502726792490607,0.843347370686623,0.9058538072885727,0.8473003449739174,0.9345566419027254,0.8964706102804105,0.7470490614312028,0.9391866557097981,0.7560778836599109,0.9752369887774633,0.9123594767995964,0.8897835080822869,0.977115483720305,0.9201981569430604,0.6694119034002071,0.9424920127795526,0.9091030976486743,0.9534886050081053,0.9245106322139447,0.9496037211238537,0.8534866837216744,0.9607441863599594,0.9772068366488,0.9172894915317802,0.9539232952320631,0.9627453733534854,0.9499053607024351,0.9314553797224701,0.7468250682448043,0.9496037211238535,0.9868619655962767,0.947752420917731,0.6511298358443399,0.9656551930784649,0.8860996110792341,0.9799008321613357,0.9656551930784649,0.94462835071161,0.9416247537415156,0.9163262721650263,0.995441286462974,0.9178870621172386,0.9666307012815274,0.9599080294518358,0.8473003449739174,0.8199374340288258,0.9936953256260508,0.844642392947003,0.9607441863599593,0.9769097246611174,0.8007494935529581,0.9459533477380777,0.9515133476881705,0.9519642373961463,0.867698299150503,0.852334459601821,0.9083503383161952,0.5875044373446927,0.9215480977067745,0.8758599594503,0.9314553797224701,0.8040914887245317,0.9576735770276548,0.833853972152762,0.9570183943574118,0.7471395455929457,0.9424920127795529,0.9391866557097979,0.8878462163360938,0.9688440619373718,0.9299834289466349,0.8602010528064612,0.7419669877993723,0.8525764165920211,0.9447151437112304,0.955430200993886,0.9591512163866867,0.852334459601821,0.7240522127290328,0.9644928340620884,0.9329497321807898,0.731989270263177,0.8566623054005464,0.9330819649782571,0.8860151533715297,0.9442013463068035,0.916912977850317,0.887380262815934,0.9599080294518358,0.6810032737495675,0.9496037211238535,0.9536828573969376,0.9110906193450523,0.9285324039439793,0.9316215436119188,0.9201981569430604,0.9843238957181939,0.9273191685398655,0.9360123464869743,0.9442013463068037,0.9515133476881705,0.9599080294518358,0.9459533477380777,0.955430200993886,0.9173380835801883,0.8007998135099712,0.9149270915494647,0.9459533477380776,0.7000669959225133,0.8681580978826144,0.937551705310049,0.9175383063396303,0.8976541691085209,0.9531644691774963,0.9704390710968263,0.8542644331695719,0.9686400066736423,0.9874196720316072,0.8117163222785768,0.9176678508338107,0.9534886050081053,0.9330819649782569,0.924292054060027,0.9180060542094443,0.9502726792490606,0.9599080294518358,0.9229124393123014,0.9424920127795526,0.9599080294518358,0.937584438157661,0.924292054060027,0.9919305345581159,0.9453585115426594,0.9097318037088529,0.9555383641697377,0.9298144168543095,0.9344681175525125,0.8465915930854309,0.8073419023819209,0.9442013463068033,0.9799008321613357,0.9408215498230332,0.9442013463068033,0.9442013463068033,0.9191935655413228,0.9459533477380777,0.9446283507116099,0.9769097246611174,0.9459533477380777,0.9299834289466349,0.9516055113244817,0.9555383641697375,0.9842011665427952,0.9752369887774633,0.8600925937908129,0.9442013463068033,0.8365766458204869,0.7669439665040155,0.564360857791699,0.972229579222442,0.9459533477380777,0.9769097246611174,0.9496037211238535,0.9299834289466349,0.8184192001105333,0.9024440319654483,0.9701343557301771,0.947752420917731,0.9843238957181939,0.8879608031238045,0.9329497321807898,0.9459533477380777,0.9284024325305882,0.9162269502513478,0.9201981569430602,0.8054520429976554,0.9360123464869743,0.9701343557301771,0.9728091693196088,0.9496037211238535,0.901237634194086,0.7428081663990691,0.9459533477380777,0.9919305345581159,0.9071406350367377,0.9576735770276548,0.8554431226947279,0.9980965995557116,0.9360123464869743,0.8570328995931125,0.9424920127795529,0.9016706540497026,0.8024120526902034,0.9459533477380777,0.9459533477380777,0.9886329998507339,0.9313874640745579,0.9330819649782569,0.8203581350519381,0.7648347005325177,0.9121550215268743,0.8860996110792339,0.8642174070176692,0.9772068366488,0.8737064903022854,0.9459533477380777,0.9616559945502076,0.9515133476881705,0.9599080294518358,0.8758599594503,0.9555383641697377,0.7632112604920255,0.9459533477380777,0.9459533477380777,0.8408516164659381,0.9459533477380777,0.832065629191777,0.9344681175525125,0.9067529594461949,0.9287407729092756,0.9686400066736425,0.892948960819701,0.7572924892978505,0.89895267806594,0.9459533477380776,0.9098310498422768,0.8126674733391188,0.947752420917731,0.8958070756300919,0.9455056955691956,0.8769383301087417,0.943748019357896,0.9123594767995962,0.947752420917731,0.8797354478006452,0.9459533477380777,0.7708615632596505,0.912359476799596,0.9645325849988506,0.926854212252672,0.887071386307005,0.8984508716057182,0.7291240427230219,0.8736582841643719,0.9752369887774635,0.8601523251100112,0.8171781428992553,0.8873533009789315,0.9644928340620883,0.9608634184056342,0.9271009640247969,0.7652677050624836,0.9515133476881705,0.9442013463068035,0.9940936245905945,0.7972709447607387,0.909831049842277,0.9553986077727086,0.9581756603540755,0.9502726792490606,0.9599080294518358,0.794343039965898,0.9330819649782569,0.9149270915494647,0.7600856838664785,0.49500159292766277,0.9576735770276548,0.9344681175525125,0.9868619655962767,0.8493250476264829,0.9391866557097981,0.9350839192327521,0.924292054060027,0.6632623989949449,0.947752420917731,0.8068906247868051,0.9223470008110382,0.9136232032133543,0.9163608191533001,0.9459533477380777,0.9190178597011773,0.5571177106314695,0.9632839475377788,0.9576735770276548,0.9254442979415589,0.9299834289466349,0.859677113354738,0.9459533477380777,0.8040914887245318,0.8473003449739174,0.9299834289466349,0.8024509260403502,0.7708615632596505,0.7923774013724341,0.9515133476881705,0.7782583125936504,0.8925106518208059,0.8024509260403504,0.8164349099391168,0.9314553797224698,0.8615281046193062,0.9599080294518358,0.9677078677803637,0.9459533477380777,0.8917839318880127,0.9728091693196088,0.7209806300972053,0.8964706102804105,0.8525764165920211,0.9459533477380777,0.9442013463068033,0.7711566502225484,0.9120136950985209,0.8894657784451028,0.8379477020019621,0.8352175933741239,0.9459533477380777,0.8779582788912849,0.8846189616699076,0.9608634184056342,0.9459533477380777,0.859926392966453,0.948984361178775,0.9555383641697377,0.9314553797224701,0.9954412864629744,0.8651692889773963,0.9749771166196228,0.8906229438722486,0.9828956122135617,0.9024440319654483,0.9314553797224703,0.8280868502882601,0.9459533477380777,0.9856324259650169,0.9459533477380777,0.9555383641697377,0.9620275776222871,0.762290446868867,0.9599080294518358,0.9215480977067745,0.9508003341101743,0.936046298883568,0.9175383063396303,0.9459533477380777,0.9605875333724597,0.8347842793657391,0.985751977962585,0.9201981569430604,0.9098310498422773,0.9515133476881705,0.9201981569430604,0.9627453733534854,0.9662885265016659,0.8860151533715297,0.8352175933741239,0.9662885265016659,0.9175383063396303,0.9515133476881705,0.9110367363125391,0.9662885265016659,0.9599080294518358,0.9271009640247971,0.7319892702631756,0.9110367363125393,0.9954412864629741,0.9188618095812562,0.9709760367855711,0.841955873964591,0.909831049842277,0.9172894915317806,0.9886329998507339,0.838705700728361,0.9350839192327521,0.9083503383161955,0.8753220118250445,0.9175383063396305,0.9316215436119188,0.8505519961852757,0.7407175778549465,0.9024440319654485,0.9256878868316014,0.947752420917731,0.9496037211238537,0.8504015472601045,0.9745069889403557,0.756994589158314,0.9229124393123016,0.9977124314930521,0.9515133476881703,0.9534886050081053,0.990746546682775,0.9215480977067745,0.9186808121217243,0.7570534784216714,0.9201981569430604,0.959737988650097,0.9643019407444016,0.9188618095812562,0.9459533477380777,0.8654036808393699,0.9338500679275203,0.9469647240084869,0.8941182576784144,0.9842219863845638,0.9534886050081051,0.955430200993886,0.9113091047394135,0.9271009640247971,0.9408215498230332,0.9215480977067745,0.9287407729092758,0.9505674530593676,0.9618468380142616,0.9360123464869743,0.7954474667163693,0.9442013463068035,0.9410581871711019,0.9974341200785378,0.9496037211238535,0.947752420917731,0.8791909353978862,0.9229124393123009,0.9496037211238537,0.9273191685398656,0.905044401185463,0.9795435310761682,0.998757543485978,0.9424920127795529,0.9003343594450689,0.970976036785571,0.8964706102804108,0.9496037211238537,0.8831383167385274,0.9299834289466349,0.9534886050081053,0.8390924296228337,0.9741187306463794,0.947752420917731,0.9576735770276548,0.8581369680952474,0.9555383641697377,0.9708240412800999,0.9534886050081053
p92_P,0.7524297972473161,0.9413411539914585,0.8918007079504506,0.9225015741707872,0.9492063492063487,0.9623211158059548,0.7050163519970581,0.7509151724713103,0.9038142386822647,0.960221152322577,0.9398636845831869,0.9475597985845114,0.9475597985845114,0.9225015741707872,0.9106019687464653,0.5567710364845595,0.944383427890573,0.9314886672615048,0.9582144552981327,0.960221152322577,0.8875255844205965,0.938412400887346,0.935580996038617,0.9508971383859763,0.9369854052620163,0.9314886672615046,0.944383427890573,0.916441965519317,0.960221152322577,0.7739436107925906,0.9250013316406693,0.9544316996038,0.9428469360414609,0.9188361382271659,0.9492063492063489,0.9582144552981327,0.9508971383859763,0.9428469360414602,0.9623211158059548,0.930160641445072,0.8993922310882436,0.932833950574053,0.9623211158059548,0.912915131908919,0.9443834278905732,0.8474513194974065,0.9526370111116405,0.9004911494084333,0.930160641445072,0.8918007079504506,0.9544316996038,0.8495864161552136,0.9314886672615046,0.13408370177867746,0.9428469360414604,0.9288488221297497,0.9288488221297497,0.0,0.7383793872014479,0.9459533477380775,0.9060540201833016,0.831146423199498,0.931488667261505,0.8993922310882436,0.9562880686171875,0.8244397822834253,0.9544316996038,0.6473831763250288,0.7698078233874499,0.9582144552981327,0.92126914699118,0.9301606414450723,0.9492063492063487,0.8266892096935958,0.0,0.8864622842804517,0.938412400887346,0.9398636845831867,0.8233095582802461,0.9623211158059548,0.9398636845831869,0.9341976401680094,0.31108550994831163,0.9314886672615048,0.0,0.9176344520056336,0.938412400887346,0.8046479448175341,0.8939536575643376,0.03139863267861631,0.0,0.8918007079504506,0.831146423199498,0.8548949080074899,0.31108550994831163,0.48955645159511163,0.8896584524348263,0.8875255844205965,0.8198957816506434,0.8187498553347687,0.9288488221297497,0.9526370111116405,0.9492063492063489,0.8580633769736241,0.6072669396673074,0.9582144552981327,0.907182019415572,0.7973204052495684,0.9369854052620166,0.8289245259008584,0.8759110188590657,0.9328339505740528,0.8070467719220202,0.9094556823349389,0.9526370111116405,0.7833099084134079,0.9413411539914585,0.9582144552981327,0.9623211158059548,0.8580633769736241,0.9129151319089193,0.885400876353422,0.9369854052620166,0.9250013316406696,0.931488667261505,0.7554264789789613,0.9508971383859763,0.6339927913026551,0.9475597985845114,0.9152582079543838,0.8727631680356085,0.9526370111116405,0.9544316996038,0.9623211158059548,0.944383427890573,0.8453085223330421,0.879064442044788,0.9544316996038003,0.9544316996038,0.06018876900101988,0.8046479448175343,0.960221152322577,0.8244397822834253,0.8717146038820363,0.8875255844205967,0.9106019687464659,0.892875760974867,0.8420784215528956,0.9301606414450723,0.7583810530554915,0.9602211523225768,0.9060540201833014,0.8559522762859688,0.8811713725919912,0.9544316996038,0.9301606414450725,0.8950345750758599,0.9140827360776209,0.8938851835250172,0.5567710364845593,0.7367566674079002,0.9526370111116407,0.9341976401680094,0.7431708752992887,0.8972062142375332,0.9164419655193166,0.8612222667022558,0.8993922310882436,0.9262700211315917,0.8453085223330423,0.9225015741707872,0.9475597985845114,0.9288488221297495,0.6783615558233287,0.8538362113124116,0.8780124908814328,0.9582144552981327,0.6072669396673073,0.9200475251844384,0.5526275082095409,0.9117550006367756,0.8885909234541711,0.9288488221297497,0.9475597985845114,0.6394614409405057,0.8538362113124116,0.8580633769736241,0.9015943008452869,0.13408370177867734,0.9237454173815312,0.9459533477380775,0.903814238682265,0.8221755430097122,0.7897778653703145,0.9060540201833014,0.0,0.9508971383859763,0.9459533477380777,0.4895564515951115,0.8355526955775656,0.8918007079504506,0.9475597985845114,0.0,0.8685695845092951,0.7897778653703145,0.960221152322577,0.0,0.6951973979147161,0.9152582079543841,0.8864622842804517,0.6447787703816181,0.9049315186013059,0.9475597985845114,0.0,0.6473831763250286,0.0,0.8117838598171898,0.8388272306091986,0.8355526955775657,0.0,0.6339927913026551,0.0,0.7050163519970583,0.9071820194155717,0.9164419655193166,0.8759110188590655,0.9526370111116407,0.7711949776746383,0.06018876900101888,0.935580996038617,0.9384124008873462,0.9060540201833014,0.7554264789789611,0.9188361382271666,0.9544316996038,0.4951319232791844,0.8907283270583697,0.9027019168030599,0.897206214237533,0.9152582079543838,0.9152582079543838,0.944383427890573,0.885400876353422,0.9459533477380777,0.0,0.9027019168030597,0.0,0.7334713952978886,0.9152582079543841,0.9544316996038,0.9275522446953854,0.7711949776746383,0.9508971383859763,0.9140827360776205,0.9369854052620161,0.892875760974867,0.9398636845831869,0.8612222667022562,0.9526370111116405,0.8717146038820363,0.8717146038820349,0.8442340263447974,0.03139863267861631,0.9562880686171873,0.8289245259008584,0.9623211158059548,0.8333555867103808,0.8333555867103808,0.24376003609304187,0.8706662210952574,0.8748612665230131,0.9544316996038003,0.848519788337875,0.7973204052495684,0.7780046509581313,0.9582144552981327,0.8289245259008584,0.9140827360776214,0.9341976401680094,0.9015943008452874,0.9582144552981327,0.8517144868263773,0.8141237078825918,0.9562880686171873,0.8982973238138026,0.9225015741707867,0.9526370111116407,0.9188361382271666,0.8070467719220202,0.9459533477380775,0.9526370111116405,0.9526370111116407,0.7985559379258667,0.9582144552981327,0.7985559379258667,0.6499526646778642,0.885400876353422,0.8442340263447972,0.9582144552981327,0.9492063492063487,0.930160641445072,0.9459533477380777,0.9544316996038003,0.8022278398026612,0.8982973238138026,0.9526370111116405,0.9301606414450723,0.9164419655193172,0.7250134267509765,0.9094556823349389,0.8843412180810755,0.6848496741376313,0.7923174570100686,0.6911250629978627,0.8727631680356077,0.9602211523225768,0.903814238682265,0.9602211523225768,0.9188361382271668,0.9152582079543841,0.9094556823349389,0.9526370111116405,0.0,0.9544316996038,0.9027019168030597,0.931488667261505,0.9582144552981327,0.9562880686171873,0.9475597985845114,0.0,0.9369854052620163,0.9582144552981327,0.9623211158059548,0.9106019687464655,0.823309558280246,0.9341976401680094,0.9544316996038003,0.8333555867103808,0.8289245259008584,0.9369854052620166,0.9428469360414611,0.8409971458279799,0.9526370111116405,0.9188361382271659,0.8117838598171898,0.9413411539914587,0.9106019687464657,0.9623211158059548,0.7655931084723666,0.9188361382271666,0.7780046509581313,0.944383427890573,0.03139863267861631,0.92126914699118,0.885400876353422,0.8070467719220202,0.8082384637825222,0.8187498553347687,0.0,0.8538362113124116,0.9176344520056336,0.9200475251844387,0.9176344520056336,0.9602211523225768,0.8453085223330421,0.0,0.0,0.930160641445072,0.903814238682265,0.8591172857456586,0.0,0.9602211523225768,0.9492063492063489,0.922501574170787,0.8972062142375332,0.7897778653703145,0.9492063492063489,0.9237454173815309,0.938412400887346,0.8322525541058978,0.9634411459729271,0.0,0.8811713725919912,0.9164419655193168,0.7766590274917047,0.9952327064015152,0.9237454173815312,0.8704033497109469,0.9526370111116405,0.7960789049353036,0.0,0.7973204052495684,0.9314886672615053,0.8591172857456586,0.8300371089395653,0.9508971383859763,0.831146423199498,0.9428469360414606,0.0,0.8961186971729789,0.7399891659895361,0.0,0.9237454173815309,0.7948313236856197,0.8420784215528956,0.8152867967569688,0.8022278398026612,0.0,0.7698078233874488,0.8559522762859684,0.9562880686171873,0.6574604645689301,0.7250134267509767,0.907182019415572,0.908315805590151,0.8961186971729789,0.9526370111116405,0.8982973238138026,0.8864622842804517,0.935580996038617,0.8527760996057683,0.8738120195914167,0.8706662210952574,0.21151139151266862,0.9544316996038,0.9314886672615055,0.0,0.9582144552981327,0.9015943008452869,0.8129560940834346,0.9398636845831869,0.9275522446953854,0.06018876900102055,0.7478523304650295,0.9508971383859763,0.06018876900102055,0.9398636845831869,0.9492063492063489,0.9413411539914582,0.879064442044788,0.903814238682265,0.9582144552981327,0.8463809254714867,0.9602211523225768,0.9413411539914582,0.935580996038617,0.801009545737682,0.938412400887346,0.9602211523225768,0.7997856146881548,0.9164419655193166,0.5305546844946969,0.24376003609304187,0.938412400887346,0.9027019168030597,0.9526370111116405,0.9188361382271666,0.8993922310882436,0.8769613888066743,0.9341976401680094,0.8993922310882436,0.9398636845831869,0.9250013316406693,0.6827113291147924,0.7725735218970409,0.9049315186013058,0.9443834278905732,0.8141237078825918,0.8907283270583697,0.9225015741707872,0.9341976401680094,0.21151139151266984,0.8175997772209664,0.9398636845831869,0.8517144868263774,0.9341976401680094,0.9152582079543841,0.7539334992316542,0.9526370111116405,0.8453085223330421,0.7143607147557585,0.9176344520056336,0.8993922310882432,0.9582144552981327,0.7301312695908229,0.8918007079504506,0.9562880686171875,0.9164419655193166,0.944383427890573,0.944383427890573,0.9544316996038003,0.9582144552981327,0.9250013316406696,0.8255663034700989,0.9129151319089186,0.9475597985845114,0.9475597985845114,0.7125274559321444,0.9071820194155717,0.08671734220308636,0.8717146038820361,0.0,0.9562880686171873,0.0,0.0,0.8187498553347687,0.2115113915126693,0.9188361382271664,0.0,0.7334713952978882,0.8377384241745145,0.4006068367505189,0.8527760996057685,0.8811713725919912,0.8058499662916012,0.903814238682265,0.47795836130872293,0.8399134433261015,0.9428469360414604,0.8864622842804515,0.4408515443948542,0.9176344520056336,0.7711949776746385,0.6473831763250284,0.9250013316406696,0.9428469360414602,0.9459533477380775,0.7846176027958278,0.9562880686171873,0.8961186971729789,0.9526370111116405,0.9004911494084331,0.938412400887346,0.9328339505740528,0.935580996038617,0.848519788337875,0.9237454173815312,0.9060540201833016,0.9355809960386168,0.7223272158432528,0.9526370111116405,0.17526171623055564,0.9508971383859763,0.9140827360776205,0.8570084033315839,0.8399134433261015,0.4654487838138114,0.8570084033315841,0.5711669571562623,0.77934241058442,0.8896584524348263,0.9475597985845114,0.7766590274917051,0.9262700211315917,0.9623211158059548,0.8058499662916013,0.8463809254714865,0.7876282222528316,0.8034406041869142,0.938412400887346,0.9071820194155717,0.8822265994777512,0.0,0.9544316996038,0.9164419655193174,0.9492063492063487,0.8612222667022558,0.938412400887346,0.9459533477380777,0.9262700211315917,0.831146423199498,0.9355809960386168,0.8046479448175343,0.9602211523225772,0.7935775465776653,0.9398636845831869,0.8664724446651941,0.06018876900102055,0.9428469360414602,0.7143607147557588,0.9152582079543841,0.9341976401680094,0.7806724477786732,0.880117361849238,0.7318083230664854,0.8633240709217587,0.9188361382271666,0.6991852245234744,0.8612222667022558,0.9250013316406696,0.960221152322577,0.9369854052620166,0.9508971383859763,0.8388272306091986,0.9027019168030597,0.525843532183836,0.03139863267861631,0.7960789049353036,0.8409971458279799,0.9623211158059548,0.8790644420447877,0.9526370111116405,0.9176344520056336,0.9164419655193168,0.932833950574053,0.9015943008452869,0.9250013316406696,0.9369854052620166,0.500567215157067,0.9398636845831867,0.9475597985845112,0.9544316996038,0.9623211158059548,0.0,0.9188361382271668,0.8654234385275936,0.8070467719220202,0.9200475251844384,0.0,0.8832831707913575,0.8244397822834253,0.9060540201833016,0.34458474155865637,0.9038142386822647,0.8918007079504506,0.8811713725919912,0.7859181167692968,0.9275522446953854,0.9060540201833014,0.6598989712921809,0.8907283270583697,0.9562880686171873,0.9027019168030597,0.9288488221297497,0.9526370111116405,0.9152582079543841,0.9623211158059548,0.9275522446953854,0.9459533477380777,0.9623211158059548,0.9413411539914587,0.9288488221297497,0.9492063492063487,0.6783615558233285,0.8843412180810755,0.9582144552981327,0.9492063492063489,0.9384124008873462,0.7806724477786728,0.8022278398026612,0.03139863267861631,0.9544316996038003,0.08671734220308558,0.03139863267861631,0.03139863267861631,0.3741839079094693,0.0,0.944383427890573,0.4527606561376478,0.0,0.9341976401680094,0.535161772248302,0.9582144552981327,0.9526370111116405,0.9562880686171873,0.9508971383859763,0.03139863267861631,0.7960789049353036,0.8580633769736241,0.935580996038617,0.8409971458279799,0.0,0.9071820194155722,0.9526370111116405,0.9341976401680094,0.7935775465776653,0.9083158055901508,0.9582144552981327,0.9508971383859763,0.9369854052620166,0.9152582079543841,0.6284764518573093,0.9492063492063487,0.4006068367505189,0.92126914699118,0.9250013316406696,0.6848496741376318,0.9398636845831869,0.9582144552981327,0.930160641445072,0.9526370111116405,0.9071820194155722,0.8420784215528954,0.0,0.9492063492063487,0.8822265994777507,0.960221152322577,0.8377384241745145,0.944383427890573,0.9398636845831869,0.8244397822834253,0.06018876900102055,0.7569089328329721,0.7846176027958276,0.0,0.0,0.40880739824839063,0.6991852245234742,0.9027019168030597,0.8058499662916013,0.8453085223330421,0.8152867967569688,0.8399134433261015,0.7997856146881548,0.9328339505740528,0.8129560940834346,0.0,0.9004911494084331,0.9544316996038,0.9623211158059548,0.831146423199498,0.9582144552981327,0.831146423199498,0.0,0.0,0.7739436107925914,0.9492063492063487,0.7819949015164562,0.938412400887346,0.8570084033315841,0.8993922310882436,0.6856702229525599,0.8993922310882436,0.8344556057285131,0.8506512873935228,0.0,0.9152582079543841,0.8175997772209664,0.9508971383859763,0.9582144552981327,0.5526275082095407,0.7351207557283752,0.43182584581086747,0.9176344520056336,0.9508971383859763,0.8591172857456586,0.0,0.8266892096935958,0.9176344520056336,0.8993922310882436,0.8727631680356078,0.8654234385275936,0.9413411539914582,0.9049315186013054,0.8538362113124116,0.9562880686171875,0.8685695845092949,0.862273520033598,0.9443834278905732,0.9602211523225768,0.9225015741707872,0.2586095064370061,0.8129560940834346,0.9544316996038,0.03139863267861631,0.8759110188590655,0.9288488221297497,0.9152582079543841,0.92126914699118,0.9623211158059548,0.9152582079543841,0.9623211158059548,0.9623211158059548,0.9027019168030597,0.3647019568709454,0.8961186971729789,0.9492063492063487,0.9602211523225768,0.938412400887346,0.938412400887346,0.8322525541058978,0.9428469360414611,0.9475597985845114,0.9288488221297497,0.5210240199989242,0.9508971383859761,0.7684119013812074,0.3833143586062788,0.7125274559321442,0.7447432793600621,0.0,0.8918007079504506,0.9492063492063489,0.758381053055492,0.960221152322577,0.9328339505740528,0.9341976401680097,0.855952276285969,0.0,0.7399891659895361,0.8058499662916012,0.9341976401680094,0.8058499662916012,0.8266892096935958,0.8129560940834346,0.9544316996038,0.7143607147557588,0.6716454483484393,0.8058499662916012,0.7431708752992889,0.9355809960386166,0.6761489807685291,0.9623211158059548,0.9355809960386168,0.9492063492063489,0.8982973238138026,0.930160641445072,0.8388272306091984,0.4779583613087228,0.8106069085572598,0.9492063492063489,0.03139863267861631,0.8420784215528954,0.861222266702256,0.5110414539348817,0.7766590274917051,0.7524297972473162,0.0,0.9856724533720749,0.8633240709217587,0.9225015741707872,0.0,0.8399134433261015,0.9428469360414604,0.9582144552981327,0.2115113915126694,0.03139863267861631,0.9114861522954751,0.9314886672615051,0.897206214237533,0.9288488221297497,0.9083158055901508,0.9355809960386172,0.8129560940834346,0.0,0.9275522446953854,0.0,0.9582144552981327,0.8333555867103808,0.8843412180810759,0.9623211158059548,0.9262700211315917,0.8022278398026612,0.904931518601306,0.9225015741707869,0.0,0.8322525541058978,0.8210376473859937,0.8506512873935228,0.9250013316406696,0.40060683675051967,0.9544316996038003,0.3227392978460525,0.9237454173815312,0.392115299153029,0.8928757609748668,0.7948313236856197,0.392115299153029,0.9225015741707872,0.9544316996038003,0.885400876353422,0.392115299153029,0.9623211158059548,0.931488667261505,0.9508971383859763,0.885400876353422,0.9475597985845114,0.9237454173815312,0.9341976401680094,0.8918007079504506,0.9152582079543841,0.9355809960386168,0.9140827360776211,0.930160641445072,0.9475597985845114,0.9384124008873462,0.7301312695908225,0.9225015741707872,0.9015943008452869,0.8333555867103808,0.42440193597169273,0.9083158055901508,0.930160641445072,0.9508971383859763,0.9526370111116405,0.9015943008452867,0.8939536575643379,0.9275522446953854,0.9275522446953854,0.9004911494084333,0.9544316996038,0.9562880686171873,0.5974763156586966,0.9262700211315922,0.8664724446651935,0.9176344520056336,0.9250013316406696,0.6549904556417999,0.9369854052620166,0.9237454173815312,0.9492063492063487,0.8366469404145511,0.8780124908814328,0.9129151319089186,0.9004911494084333,0.6623067578386677,0.9562880686171875,0.9188361382271666,0.5906675167558797,0.9314886672615046,0.944383427890573,0.926270021131592,0.8993922310882434,0.6040574193889983,0.7598430279509716,0.9398636845831869,0.6739104850582693,0.9475597985845114,0.8832831707913573,0.7143607147557586,0.9526370111116407,0.9508971383859763,0.8864622842804517,0.9275522446953852,0.9526370111116405,0.8982973238138026,0.8633240709217587,0.708808264663793,0.9459533477380775,0.9459533477380775,0.8322525541058978,0.9341976401680094,0.9027019168030599,0.9526370111116405,0.8591172857456586,0.9341976401680094,0.9562880686171873,0.8928757609748668,0.9328339505740528,0.9508971383859763,0.960221152322577,0.8854008763534222,0.9582144552981327,0.7197593917099125,0.9562880686171873
p92_T,0.5924766927299578,0.887635694816231,0.7927381955186616,0.8515474244094854,0.6327932917807777,0.9278239868212363,0.9340211426089395,0.9400555122997234,0.9307328560290269,0.9238013891436974,0.9847951341175696,0.7243247745921058,0.6114865640273737,0.8515474244094852,0.852976455105904,0.9037732996076959,0.9291552782955312,0.8687627046182602,0.9662757781656683,0.9238013891436974,0.9507827454070608,0.9473257685964236,0.9080208724124175,0.9458556185436358,0.9113067123177236,0.8687627046182598,0.8934633408766894,0.8034646713472551,0.9238013891436974,0.8850721454098909,0.8563358498618108,0.7026246759034633,0.8905201046762894,0.870569532348616,0.6715020243987914,0.9199574485923749,0.9059407181827079,0.890520104676289,0.9278239868212359,0.8662187967802515,0.8072801833126313,0.7343402448606323,0.8169381887965974,0.5988509284702279,0.9994608468667847,0.9224072635718981,0.9092735418441047,0.8543236069664746,0.8662187967802517,0.5901693537318441,0.9127113681766139,0.7118743550383029,0.8687627046182598,0.9761277300342177,0.9004154029074702,0.892624738559076,0.8637059334028958,0.9027019168030597,0.7959897744477721,0.8964706102804103,0.9836850550673903,0.8736104662007043,0.7732190692441919,0.851888756266141,0.9162673470024436,0.7882890919472985,0.9127113681766139,0.8368289786191557,0.8912185997457036,0.9199574485923752,0.8491866411150792,0.8662187967802517,0.710210757016805,0.730663213586876,0.9027019168030597,0.7825121459579751,0.8820255041972331,0.9514652625474738,0.7229087622432773,0.9278239868212363,0.9485451227422388,0.9356707151118058,0.8587660956447003,0.9223933301348367,0.9027019168030597,0.8422241792803131,0.8241233060064097,0.8709733113700242,0.9229769520409832,0.8995478568587887,0.9027019168030597,0.8565753455961953,0.6938529778897937,0.8037108267422858,0.9149541032668207,0.7412309365126748,0.7886345850844547,0.8053281804939991,0.732146909137608,0.6161853885018902,0.8926247385590762,0.9092735418441045,0.9027019168030599,0.9404828804596653,0.8099489948192078,0.9199574485923747,0.8222019591825747,0.7370170765436213,0.8645904004850737,0.7415654023253774,0.801600555787221,0.9623366128450224,0.764625748271212,0.8265572878591663,0.9092735418441047,0.5509804694597251,0.887635694816231,0.9199574485923747,0.9278239868212359,0.8668373979630266,0.7223215837392949,0.7804789596211701,0.8792920141466947,0.9948930575999828,0.8687627046182604,0.6854726312626968,0.9059407181827082,0.7451744586990316,0.9747733305686097,0.8599048430053959,0.8752645110565284,0.9092735418441047,0.9127113681766137,0.919033318549464,0.9291552782955312,0.8104453935723424,0.6936299863744364,0.9554518077232719,0.9127113681766137,0.9330819649782565,0.9612818577716803,0.9238013891436971,0.9252906766304744,0.7735734468049225,0.8261074040530079,0.9256466293616716,0.8197685656284419,0.8608614345026252,0.6345856922664816,0.7304657106805603,0.9238013891436974,0.8760487949925095,0.9985075821215168,0.812624531959105,0.9981922472699298,0.9249476804218126,0.9724745099859942,0.8354206684781547,0.9068489608298156,0.8010280162855912,0.9830932644897137,0.9505241704836671,0.9356707151118058,0.6420008450779001,0.8030927455898653,0.8399399046211,0.9573043625686206,0.851888756266141,0.9711421108889411,0.7091094794724756,0.9865413873777831,0.8995478568587887,0.863705933402896,0.9094825442717499,0.9564309173929377,0.984481655946599,0.9662757781656683,0.9445708777308239,0.9258909271026612,0.8238373352162471,0.8309617608579103,0.9955802595109053,0.9793811540276174,0.6867120377371951,0.9558589400840245,0.8473159135371673,0.9220715098355057,0.7130753510542636,0.9420685862468299,0.9359704800379012,0.920472616230358,0.9542850744905718,0.8130233849328201,0.7369023504255034,0.969559561619243,0.9027019168030597,0.9059407181827082,0.9204726162303583,0.9891387591400913,0.9290968564069764,0.8991334456478843,0.8371629851568374,0.9027019168030597,0.8436283925318104,0.7369023504255037,0.9238013891436974,0.9027019168030597,0.9760220191469124,0.9888837538471675,0.9064877137327916,0.8729153679892481,0.8410748755049141,0.8995478568587885,0.9027019168030597,0.8185330409236751,0.9027019168030598,0.7530474010061948,0.8667306034740474,0.7547362284033294,0.9027019168030597,0.7899486995316742,0.9027019168030597,0.9110923198276495,0.8457801448839242,0.8399399046211,0.7623006060359168,0.9092735418441045,0.5913618851060345,0.9330819649782567,0.8766017896141822,0.6608726450084355,0.9603073634107069,0.9979867027125154,0.9486998997515483,0.9554518077232717,0.8581555195360442,0.7863392130852676,0.9354149434794599,0.8690606617940706,0.9859143456282597,0.8376723506997306,0.8934633408766897,0.7804789596211701,0.8964706102804108,0.9027019168030597,0.0,0.9027019168030597,0.98855382064015,0.8376723506997308,0.9554518077232719,0.7398347952693687,0.5747554742981889,0.9059407181827079,0.8403188628686848,0.8792920141466944,0.7947975198038115,0.9181353909773777,0.6707941640159443,0.9092735418441047,0.870129990360154,0.792884755515969,0.6771141926534515,0.8995478568587887,0.772821503966566,0.7412529058348387,0.9278239868212359,0.8676751253577981,0.7982071895821142,0.9623366128450226,0.9253391801720217,0.916786973191366,0.8735864340900967,0.7880618999071158,0.6201301719496399,0.7775945041958314,0.9199574485923747,0.655368453685413,0.8603637814514744,0.9048113045350055,0.9020557574993335,0.9199574485923747,0.8320285942972797,0.8486453498819952,0.9162673470024436,0.8716160182705623,0.9055450095968043,0.9092735418441047,0.8966129881495928,0.7310153611606737,0.8964706102804103,0.9092735418441047,0.9092735418441047,0.6141226156228823,0.9199574485923749,0.9180187241982678,0.9774063556890336,0.7804789596211701,0.7481158217726726,0.8947692331144513,0.9027019168030599,0.9249476804218122,0.8964706102804108,0.9127113681766141,0.6252544176783497,0.7740736288169294,0.9505241704836669,0.8662187967802519,0.8034646713472539,0.6631057565316512,0.6454285692438627,0.7310268639433719,0.8842772105743217,0.9646666326046431,0.9465329192073411,0.8338422514590493,0.9238013891436971,0.9767256838211875,0.9238013891436974,0.974743355552526,0.8095010419562513,0.8505579307181192,0.7194708003998342,0.9027019168030597,0.9127113681766135,0.813620071684588,0.8687627046182604,0.9199574485923747,0.9606832254354423,0.8995478568587885,0.9027019168030597,0.9113067123177234,0.802132573967864,0.9278239868212363,0.9014232379430824,0.9864140575074537,0.8739518939582049,0.8735864340900965,0.6419043340868241,0.6895347366508604,0.9286197968271317,0.8905201046762894,0.6954211266162027,0.9505241704836671,0.9992131886464963,0.7069604585019822,0.8876356948162307,0.8805662392896145,0.9278239868212361,0.6015353293942131,0.8445260765476374,0.5949239853095305,0.8934633408766899,0.8995478568587887,0.9558516449418075,0.8010280162855912,0.5965738127185184,0.660824546474746,0.6528051955403154,0.9027019168030597,0.8798965768234064,0.9002620304917957,0.8995428034409865,0.9002620304917957,0.7851785317012692,0.8336693272015964,0.9027019168030597,0.9027019168030597,0.9282301104742862,0.7473173494258496,0.8224870902746919,0.9027019168030598,0.9723047356695362,0.9027019168030599,0.8785462170031447,0.8030927455898653,0.836770838968116,0.9414106494210732,0.8812768771799537,0.9473257685964234,0.6786703713622679,0.6494915938022652,0.9027019168030597,0.7723771082592115,0.8654110063376461,0.66398303088231,0.708528065462543,0.9546423142462038,0.7885538008177764,0.9092735418441047,0.5896146931200565,0.9027019168030597,0.628454012803332,0.8925584779567075,0.8224870902746917,0.9852865850158368,0.8146549792907976,0.6938529778897937,0.890520104676289,0.9027019168030597,0.7840531310342953,0.9212967606275129,0.9027019168030597,0.6538274985274923,0.9738999662257812,0.8918166964851633,0.6631057565316509,0.6420008450778998,0.9027019168030597,0.8928744051923793,0.9283086670965599,0.9162673470024436,0.8605973894785879,0.7816454622440524,0.8005470695958358,0.9377691089330529,0.8010095457376827,0.9092735418441047,0.7962180258739612,0.9064877137327916,0.9708590380088877,0.9556269117336096,0.9495729883276646,0.752253902142801,0.9977218791928772,0.9127113681766137,0.8687627046182604,0.9027019168030597,0.9199574485923749,0.8114983712766499,0.969733932244061,0.78189576489176,0.9962981125733235,0.9696933196761026,0.9347279620617983,0.9343996803735809,0.9330819649782565,0.9514652625474738,0.9811718853428998,0.921694838603619,0.7882681591823322,0.8847400282368665,0.9874058922610377,0.883964363929722,0.6881718386495923,0.9080094424594422,0.9394399552106525,0.9461094075573391,0.8820255041972331,0.9723047356695362,0.7836880076542398,0.981762383363077,0.9519132041712032,0.9623366128450228,0.947325768596424,0.8592500689274885,0.8844733149580832,0.8689959096416077,0.8741930427428961,0.9790672418079983,0.9665301256886063,0.9473726654430646,0.681906150181472,0.9671816160523483,0.7812720595012723,0.8212558284612829,0.9106265055726182,0.9637689094479429,0.8469079906301338,0.832981669558879,0.7974682718729413,0.7248757685433891,0.9708590380088877,0.6675796500643079,0.9485451227422389,0.8063549160272705,0.5397193050825858,0.8880761517488762,0.9286925750188175,0.9092735418441047,0.8336693272015969,0.744731788146904,0.9452296953714696,0.7243298006755152,0.9874058922610381,0.8588332480153076,0.8778543956220395,0.994900896131559,0.9927665149203766,0.8934633408766894,0.8934633408766899,0.8308459945434389,0.9199574485923747,0.8563358498618108,0.6658624837528402,0.8331840572920641,0.8995478568587885,0.8995478568587885,0.8938953388604948,0.8477034409985349,0.9291552782955319,0.7735734468049226,0.9027019168030597,0.9162673470024438,0.9027019168030597,0.9027019168030597,0.633185607477653,0.8766017896141824,0.8445260765476374,0.9027019168030597,0.9777689760877581,0.9081183942497211,0.9103086440545414,0.8105652602158294,0.7723771082592112,0.7624107666617019,0.8617436143407862,0.93541494347946,0.7615084467090623,0.8905201046762892,0.8651625244745194,0.9504850176985603,0.9194783163486806,0.8108073258115231,0.9466046047920407,0.8563358498618108,0.9352594849768436,0.9204726162303586,0.8035036537028575,0.9606832254354423,0.8446871587090532,0.9092735418441047,0.9217311830532826,0.9220737026051957,0.9623366128450224,0.9080208724124175,0.7163323384237368,0.8812768771799535,0.9369296717540236,0.7463692168069957,0.8995428034409865,0.8019720576789588,0.9799759007960187,0.9059407181827082,0.9601362333447545,0.8517900430345815,0.8516135200842976,0.9981922472699298,0.8912683405876598,0.8934633408766901,0.8746103693563253,0.7886345850844549,0.9876139325764797,0.6639830308823098,0.8587660956447001,0.9278239868212361,0.6448842394104553,0.8482859658440167,0.7757099531293092,0.6569997192723622,0.9146756363968285,0.729812512491788,0.9424386089128549,0.9027019168030597,0.9127113681766137,0.8908821080541924,0.7876282222528321,0.8085437732024461,0.9873739670043862,0.9204726162303585,0.9149541032668207,0.763058826835314,0.9394399552106525,0.6696795143400696,0.9238013891436976,0.7045979131782365,0.9818749943123346,0.5174392355434231,0.9696933196761026,0.9352594849768436,0.9666794777011314,0.9384799527980219,0.8739518939582049,0.8622469648279707,0.9906231570613016,0.6372069248776104,0.6438858137506794,0.9226564439505704,0.8563090039643237,0.7527585521901303,0.7557039684713078,0.9238013891436974,0.9433214104887524,0.9857705189045634,0.9018238176745963,0.6160049627791572,0.8804495008188655,0.8995478568587887,0.6761283524082613,0.6954211266162027,0.9278239868212361,0.7733379639810873,0.884473314958084,0.9967324534170481,0.9418243114872846,0.9016719843861534,0.8262720838326171,0.8840472914094453,0.8966050986561026,0.9380492094416577,0.8848055194072812,0.8747757220117479,0.9127113681766137,0.9278239868212361,0.9027019168030597,0.9471262770445408,0.798794705450997,0.8822621031580974,0.846846556117637,0.9027019168030598,0.8780764880099645,0.7150801635761932,0.548761111798943,0.8515474244094852,0.8157507865486253,0.814017245544506,0.7849012310419587,0.9944243596161282,0.8897181908471417,0.8059157200224595,0.9435127570519615,0.790683989852673,0.9162673470024438,0.813620071684588,0.8637059334028958,0.9505241704836669,0.9636818533225946,0.9788715516976692,0.6258510986898329,0.8964706102804108,0.9278239868212361,0.887635694816231,0.8637059334028956,0.9027019168030599,0.8388191531254041,0.7784491248459173,0.9410875626877445,0.9424631527248862,0.8241233060064105,0.6296977608253542,0.5582687080801505,0.8995478568587887,0.9554518077232719,0.9291552782955317,0.8995478568587887,0.8995478568587887,0.9731697328455184,0.9027019168030597,0.8566930971914171,0.9891725552066308,0.9027019168030597,0.8739518939582049,0.8329816695588788,0.5705409261013961,0.9092735418441047,0.7284056255335676,0.8545698796517253,0.9371605937136991,0.7095036685206102,0.8116032860905474,0.7777882996052302,0.7582005832105199,0.9027019168030597,0.8222019591825744,0.9505241704836669,0.9665301256886063,0.712000590771622,0.8243737901066757,0.9199574485923747,0.9458556185436358,0.9753361086597814,0.9384799527980219,0.9113067123177234,0.9811718853428997,0.9132780522734492,0.9025191430284432,0.9773955008523828,0.9018238176745963,0.9514652625474738,0.9199574485923749,0.9249476804218122,0.9092735418441047,0.9872492590920197,0.8431955867160383,0.9027019168030597,0.9811718853428998,0.835076226598509,0.9238013891436974,0.8642670118853113,0.8934633408766897,0.9514652625474735,0.7369134976911083,0.9696933196761026,0.78412665328031,0.6812269853579692,0.9027019168030597,0.9027019168030597,0.9650344277352858,0.8149632135444542,0.9048800661703891,0.8631477900199125,0.9226406470081117,0.7985797059172528,0.6933452337724906,0.6477984094734608,0.8713396701567189,0.7163257932756995,0.9027019168030597,0.8760460886862911,0.9127113681766137,0.9278239868212359,0.6765515156534136,0.9199574485923747,0.908213390673464,0.9027019168030597,0.9027019168030597,0.5695849007493934,0.9027019168030599,0.6367574191862526,0.9146756363968287,0.726091587201958,0.8295844697893859,0.7968266435591367,0.9411059021731607,0.9168849114504144,0.7319443369842829,0.9027019168030598,0.8376723506997306,0.7212305814071154,0.9059407181827079,0.8021325739678642,0.9282115292341193,0.9636125824506918,0.8287530636873144,0.8422241792803133,0.6549953778470863,0.8040159261379185,0.9027019168030597,0.6103985510084959,0.9194783163486806,0.896497329219651,0.8726280164569722,0.7799334897909236,0.8058320110972781,0.8111669741565661,0.7382009096813968,0.994900896131559,0.939019107740013,0.8533190403078154,0.7853092223537336,0.9238013891436974,0.959461027434898,0.9223933301348369,0.6318564136195781,0.9554518077232717,0.8995478568587887,0.982249720580604,0.644674378942035,0.8880761517488762,0.8308183474047367,0.8679857536730307,0.8880761517488762,0.9700808834258973,0.9190333185494638,0.8364350703060381,0.9785871744260106,0.8932471634627223,0.8650456874888592,0.9238013891436974,0.9146756363968285,0.9220737026051957,0.765339298252008,0.9602082688150362,0.9747733305686097,0.7025119892543966,0.7968622910970982,0.9059407181827084,0.971646460884446,0.9194783163486804,0.8938953388604945,0.8959092590624398,0.9027019168030597,0.7927381955186616,0.9414106494210734,0.6536786099733256,0.9238013891436974,0.9623366128450226,0.8739518939582045,0.888731955948632,0.9027019168030597,0.7703264128550465,0.6784632471965257,0.9408916425809927,0.6499565970820659,0.8165665440000036,0.7332196692069235,0.9554518077232719,0.913810227923515,0.8870521190855054,0.8631477900199125,0.7383813411387545,0.8766017896141822,0.699559126206122,0.9278239868212361,0.8766017896141824,0.9414106494210732,0.8183624229309924,0.8955832386010318,0.7823372545204593,0.8592500689274882,0.7214885839634546,0.9811718853428997,0.8995478568587887,0.7725321955696921,0.7341634785193591,0.8010095457376827,0.6307726347109288,0.6069879084190994,0.9027019168030597,0.67307014930027,0.7381896022300456,0.8515474244094854,0.9027019168030597,0.8142645421463316,0.9701035670462173,0.9199574485923747,0.9394399552106527,0.8995478568587887,0.8127692523417804,0.8328887736004504,0.8670676733891097,0.9793811540276176,0.7712691382608617,0.9080208724124175,0.6754946732002334,0.9027019168030597,0.9108103401386719,0.9027019168030597,0.9199574485923747,0.8544531315394652,0.9762888695487268,0.9278239868212359,0.6917298433783352,0.9728313247324523,0.9569942589510874,0.8785462170031446,0.9027019168030597,0.6106444281418608,0.899566676570429,0.840125305638868,0.9496840593047484,0.8628742512243037,0.9554518077232721,0.8563358498618108,0.6811742999564663,0.9418243114872844,0.9482465371510244,0.7570882957036509,0.9418243114872844,0.8515474244094852,0.9127113681766141,0.7804789596211701,0.9418243114872844,0.9278239868212359,0.8985975567963895,0.934399680373581,0.862675186278854,0.8995478568587885,0.70852110138544,0.8739518939582047,0.9204124956737292,0.8628742512243037,0.8720455479999367,0.9850793463180743,0.9543121222425925,0.8371629851568375,0.9873739670043862,0.8757080024056769,0.8515474244094854,0.8567770643879917,0.7982071895821141,0.9043249476883715,0.8243737901066761,0.9249476804218122,0.9059407181827082,0.9092735418441047,0.9473344506106749,0.922976952040983,0.9752059632817929,0.9678021884284395,0.9434536647730999,0.9127113681766137,0.9162673470024438,0.969049465414646,0.9430481070778811,0.9335385079650893,0.9775161675601628,0.8563358498618108,0.8105652602158294,0.9433214104887524,0.9086236786089272,0.9414106494210732,0.9841115903185182,0.9051523604767031,0.8331840572920641,0.9434536647730999,0.8557198881941424,0.8616532608325629,0.896612988149593,0.9195004050411344,0.8687627046182596,0.8934633408766897,0.9430481070778811,0.9188016156964058,0.9087526077822468,0.9775311126594743,0.8848055194072819,0.9611207091303356,0.9371605937136991,0.9389461103687184,0.9991747239059103,0.9092735418441045,0.9458556185436358,0.9488741238632555,0.8897181908471414,0.9092735418441049,0.8405068199880243,0.8873106498794838,0.9567818411057488,0.8964706102804105,0.9696933196761031,0.7666484965433942,0.9408916425809926,0.8136200716845883,0.9505241704836671,0.9743301042207981,0.9048113045350052,0.9162673470024438,0.9875144770876847,0.9623366128450224,0.9458556185436358,0.9238013891436974,0.9037732996076961,0.9199574485923747,0.8371882351868043,0.9162673470024438
p93_F,0.7524297972473161,0.9413411539914585,0.8918007079504506,0.9225015741707872,0.9492063492063487,0.9623211158059548,0.7050163519970581,0.7509151724713103,0.9038142386822647,0.960221152322577,0.9398636845831869,0.9475597985845114,0.9475597985845114,0.9225015741707872,0.9106019687464653,0.5567710364845595,0.944383427890573,0.9314886672615048,0.9582144552981327,0.960221152322577,0.8875255844205965,0.938412400887346,0.935580996038617,0.9508971383859763,0.9369854052620163,0.9314886672615046,0.944383427890573,0.916441965519317,0.960221152322577,0.7739436107925906,0.9250013316406693,0.9544316996038,0.9428469360414609,0.9188361382271659,0.9492063492063489,0.9582144552981327,0.9508971383859763,0.9428469360414602,0.9623211158059548,0.930160641445072,0.8993922310882436,0.932833950574053,0.9623211158059548,0.912915131908919,0.9443834278905732,0.8474513194974065,0.9526370111116405,0.9004911494084333,0.930160641445072,0.8918007079504506,0.9544316996038,0.8495864161552136,0.9314886672615046,0.13408370177867746,0.9428469360414604,0.9288488221297497,0.9288488221297497,0.0,0.7383793872014479,0.9459533477380775,0.9060540201833016,0.831146423199498,0.931488667261505,0.8993922310882436,0.9562880686171875,0.8244397822834253,0.9544316996038,0.6473831763250288,0.7698078233874499,0.9582144552981327,0.92126914699118,0.9301606414450723,0.9492063492063487,0.8266892096935958,0.0,0.8864622842804517,0.938412400887346,0.9398636845831867,0.8233095582802461,0.9623211158059548,0.9398636845831869,0.9341976401680094,0.31108550994831163,0.9314886672615048,0.0,0.9176344520056336,0.938412400887346,0.8046479448175341,0.8939536575643376,0.03139863267861631,0.0,0.8918007079504506,0.831146423199498,0.8548949080074899,0.31108550994831163,0.48955645159511163,0.8896584524348263,0.8875255844205965,0.8198957816506434,0.8187498553347687,0.9288488221297497,0.9526370111116405,0.9492063492063489,0.8580633769736241,0.6072669396673074,0.9582144552981327,0.907182019415572,0.7973204052495684,0.9369854052620166,0.8289245259008584,0.8759110188590657,0.9328339505740528,0.8070467719220202,0.9094556823349389,0.9526370111116405,0.7833099084134079,0.9413411539914585,0.9582144552981327,0.9623211158059548,0.8580633769736241,0.9129151319089193,0.885400876353422,0.9369854052620166,0.9250013316406696,0.931488667261505,0.7554264789789613,0.9508971383859763,0.6339927913026551,0.9475597985845114,0.9152582079543838,0.8727631680356085,0.9526370111116405,0.9544316996038,0.9623211158059548,0.944383427890573,0.8453085223330421,0.879064442044788,0.9544316996038003,0.9544316996038,0.06018876900101988,0.8046479448175343,0.960221152322577,0.8244397822834253,0.8717146038820363,0.8875255844205967,0.9106019687464659,0.892875760974867,0.8420784215528956,0.9301606414450723,0.7583810530554915,0.9602211523225768,0.9060540201833014,0.8559522762859688,0.8811713725919912,0.9544316996038,0.9301606414450725,0.8950345750758599,0.9140827360776209,0.8938851835250172,0.5567710364845593,0.7367566674079002,0.9526370111116407,0.9341976401680094,0.7431708752992887,0.8972062142375332,0.9164419655193166,0.8612222667022558,0.8993922310882436,0.9262700211315917,0.8453085223330423,0.9225015741707872,0.9475597985845114,0.9288488221297495,0.6783615558233287,0.8538362113124116,0.8780124908814328,0.9582144552981327,0.6072669396673073,0.9200475251844384,0.5526275082095409,0.9117550006367756,0.8885909234541711,0.9288488221297497,0.9475597985845114,0.6394614409405057,0.8538362113124116,0.8580633769736241,0.9015943008452869,0.13408370177867734,0.9237454173815312,0.9459533477380775,0.903814238682265,0.8221755430097122,0.7897778653703145,0.9060540201833014,0.0,0.9508971383859763,0.9459533477380777,0.4895564515951115,0.8355526955775656,0.8918007079504506,0.9475597985845114,0.0,0.8685695845092951,0.7897778653703145,0.960221152322577,0.0,0.6951973979147161,0.9152582079543841,0.8864622842804517,0.6447787703816181,0.9049315186013059,0.9475597985845114,0.0,0.6473831763250286,0.0,0.8117838598171898,0.8388272306091986,0.8355526955775657,0.0,0.6339927913026551,0.0,0.7050163519970583,0.9071820194155717,0.9164419655193166,0.8759110188590655,0.9526370111116407,0.7711949776746383,0.06018876900101888,0.935580996038617,0.9384124008873462,0.9060540201833014,0.7554264789789611,0.9188361382271666,0.9544316996038,0.4951319232791844,0.8907283270583697,0.9027019168030599,0.897206214237533,0.9152582079543838,0.9152582079543838,0.944383427890573,0.885400876353422,0.9459533477380777,0.0,0.9027019168030597,0.0,0.7334713952978886,0.9152582079543841,0.9544316996038,0.9275522446953854,0.7711949776746383,0.9508971383859763,0.9140827360776205,0.9369854052620161,0.892875760974867,0.9398636845831869,0.8612222667022562,0.9526370111116405,0.8717146038820363,0.8717146038820349,0.8442340263447974,0.03139863267861631,0.9562880686171873,0.8289245259008584,0.9623211158059548,0.8333555867103808,0.8333555867103808,0.24376003609304187,0.8706662210952574,0.8748612665230131,0.9544316996038003,0.848519788337875,0.7973204052495684,0.7780046509581313,0.9582144552981327,0.8289245259008584,0.9140827360776214,0.9341976401680094,0.9015943008452874,0.9582144552981327,0.8517144868263773,0.8141237078825918,0.9562880686171873,0.8982973238138026,0.9225015741707867,0.9526370111116407,0.9188361382271666,0.8070467719220202,0.9459533477380775,0.9526370111116405,0.9526370111116407,0.7985559379258667,0.9582144552981327,0.7985559379258667,0.6499526646778642,0.885400876353422,0.8442340263447972,0.9582144552981327,0.9492063492063487,0.930160641445072,0.9459533477380777,0.9544316996038003,0.8022278398026612,0.8982973238138026,0.9526370111116405,0.9301606414450723,0.9164419655193172,0.7250134267509765,0.9094556823349389,0.8843412180810755,0.6848496741376313,0.7923174570100686,0.6911250629978627,0.8727631680356077,0.9602211523225768,0.903814238682265,0.9602211523225768,0.9188361382271668,0.9152582079543841,0.9094556823349389,0.9526370111116405,0.0,0.9544316996038,0.9027019168030597,0.931488667261505,0.9582144552981327,0.9562880686171873,0.9475597985845114,0.0,0.9369854052620163,0.9582144552981327,0.9623211158059548,0.9106019687464655,0.823309558280246,0.9341976401680094,0.9544316996038003,0.8333555867103808,0.8289245259008584,0.9369854052620166,0.9428469360414611,0.8409971458279799,0.9526370111116405,0.9188361382271659,0.8117838598171898,0.9413411539914587,0.9106019687464657,0.9623211158059548,0.7655931084723666,0.9188361382271666,0.7780046509581313,0.944383427890573,0.03139863267861631,0.92126914699118,0.885400876353422,0.8070467719220202,0.8082384637825222,0.8187498553347687,0.0,0.8538362113124116,0.9176344520056336,0.9200475251844387,0.9176344520056336,0.9602211523225768,0.8453085223330421,0.0,0.0,0.930160641445072,0.903814238682265,0.8591172857456586,0.0,0.9602211523225768,0.9492063492063489,0.922501574170787,0.8972062142375332,0.7897778653703145,0.9492063492063489,0.9237454173815309,0.938412400887346,0.8322525541058978,0.9634411459729271,0.0,0.8811713725919912,0.9164419655193168,0.7766590274917047,0.9952327064015152,0.9237454173815312,0.8704033497109469,0.9526370111116405,0.7960789049353036,0.0,0.7973204052495684,0.9314886672615053,0.8591172857456586,0.8300371089395653,0.9508971383859763,0.831146423199498,0.9428469360414606,0.0,0.8961186971729789,0.7399891659895361,0.0,0.9237454173815309,0.7948313236856197,0.8420784215528956,0.8152867967569688,0.8022278398026612,0.0,0.7698078233874488,0.8559522762859684,0.9562880686171873,0.6574604645689301,0.7250134267509767,0.907182019415572,0.908315805590151,0.8961186971729789,0.9526370111116405,0.8982973238138026,0.8864622842804517,0.935580996038617,0.8527760996057683,0.8738120195914167,0.8706662210952574,0.21151139151266862,0.9544316996038,0.9314886672615055,0.0,0.9582144552981327,0.9015943008452869,0.8129560940834346,0.9398636845831869,0.9275522446953854,0.06018876900102055,0.7478523304650295,0.9508971383859763,0.06018876900102055,0.9398636845831869,0.9492063492063489,0.9413411539914582,0.879064442044788,0.903814238682265,0.9582144552981327,0.8463809254714867,0.9602211523225768,0.9413411539914582,0.935580996038617,0.801009545737682,0.938412400887346,0.9602211523225768,0.7997856146881548,0.9164419655193166,0.5305546844946969,0.24376003609304187,0.938412400887346,0.9027019168030597,0.9526370111116405,0.9188361382271666,0.8993922310882436,0.8769613888066743,0.9341976401680094,0.8993922310882436,0.9398636845831869,0.9250013316406693,0.6827113291147924,0.7725735218970409,0.9049315186013058,0.9443834278905732,0.8141237078825918,0.8907283270583697,0.9225015741707872,0.9341976401680094,0.21151139151266984,0.8175997772209664,0.9398636845831869,0.8517144868263774,0.9341976401680094,0.9152582079543841,0.7539334992316542,0.9526370111116405,0.8453085223330421,0.7143607147557585,0.9176344520056336,0.8993922310882432,0.9582144552981327,0.7301312695908229,0.8918007079504506,0.9562880686171875,0.9164419655193166,0.944383427890573,0.944383427890573,0.9544316996038003,0.9582144552981327,0.9250013316406696,0.8255663034700989,0.9129151319089186,0.9475597985845114,0.9475597985845114,0.7125274559321444,0.9071820194155717,0.08671734220308636,0.8717146038820361,0.0,0.9562880686171873,0.0,0.0,0.8187498553347687,0.2115113915126693,0.9188361382271664,0.0,0.7334713952978882,0.8377384241745145,0.4006068367505189,0.8527760996057685,0.8811713725919912,0.8058499662916012,0.903814238682265,0.47795836130872293,0.8399134433261015,0.9428469360414604,0.8864622842804515,0.4408515443948542,0.9176344520056336,0.7711949776746385,0.6473831763250284,0.9250013316406696,0.9428469360414602,0.9459533477380775,0.7846176027958278,0.9562880686171873,0.8961186971729789,0.9526370111116405,0.9004911494084331,0.938412400887346,0.9328339505740528,0.935580996038617,0.848519788337875,0.9237454173815312,0.9060540201833016,0.9355809960386168,0.7223272158432528,0.9526370111116405,0.17526171623055564,0.9508971383859763,0.9140827360776205,0.8570084033315839,0.8399134433261015,0.4654487838138114,0.8570084033315841,0.5711669571562623,0.77934241058442,0.8896584524348263,0.9475597985845114,0.7766590274917051,0.9262700211315917,0.9623211158059548,0.8058499662916013,0.8463809254714865,0.7876282222528316,0.8034406041869142,0.938412400887346,0.9071820194155717,0.8822265994777512,0.0,0.9544316996038,0.9164419655193174,0.9492063492063487,0.8612222667022558,0.938412400887346,0.9459533477380777,0.9262700211315917,0.831146423199498,0.9355809960386168,0.8046479448175343,0.9602211523225772,0.7935775465776653,0.9398636845831869,0.8664724446651941,0.06018876900102055,0.9428469360414602,0.7143607147557588,0.9152582079543841,0.9341976401680094,0.7806724477786732,0.880117361849238,0.7318083230664854,0.8633240709217587,0.9188361382271666,0.6991852245234744,0.8612222667022558,0.9250013316406696,0.960221152322577,0.9369854052620166,0.9508971383859763,0.8388272306091986,0.9027019168030597,0.525843532183836,0.03139863267861631,0.7960789049353036,0.8409971458279799,0.9623211158059548,0.8790644420447877,0.9526370111116405,0.9176344520056336,0.9164419655193168,0.932833950574053,0.9015943008452869,0.9250013316406696,0.9369854052620166,0.500567215157067,0.9398636845831867,0.9475597985845112,0.9544316996038,0.9623211158059548,0.0,0.9188361382271668,0.8654234385275936,0.8070467719220202,0.9200475251844384,0.0,0.8832831707913575,0.8244397822834253,0.9060540201833016,0.34458474155865637,0.9038142386822647,0.8918007079504506,0.8811713725919912,0.7859181167692968,0.9275522446953854,0.9060540201833014,0.6598989712921809,0.8907283270583697,0.9562880686171873,0.9027019168030597,0.9288488221297497,0.9526370111116405,0.9152582079543841,0.9623211158059548,0.9275522446953854,0.9459533477380777,0.9623211158059548,0.9413411539914587,0.9288488221297497,0.9492063492063487,0.6783615558233285,0.8843412180810755,0.9582144552981327,0.9492063492063489,0.9384124008873462,0.7806724477786728,0.8022278398026612,0.03139863267861631,0.9544316996038003,0.08671734220308558,0.03139863267861631,0.03139863267861631,0.3741839079094693,0.0,0.944383427890573,0.4527606561376478,0.0,0.9341976401680094,0.535161772248302,0.9582144552981327,0.9526370111116405,0.9562880686171873,0.9508971383859763,0.03139863267861631,0.7960789049353036,0.8580633769736241,0.935580996038617,0.8409971458279799,0.0,0.9071820194155722,0.9526370111116405,0.9341976401680094,0.7935775465776653,0.9083158055901508,0.9582144552981327,0.9508971383859763,0.9369854052620166,0.9152582079543841,0.6284764518573093,0.9492063492063487,0.4006068367505189,0.92126914699118,0.9250013316406696,0.6848496741376318,0.9398636845831869,0.9582144552981327,0.930160641445072,0.9526370111116405,0.9071820194155722,0.8420784215528954,0.0,0.9492063492063487,0.8822265994777507,0.960221152322577,0.8377384241745145,0.944383427890573,0.9398636845831869,0.8244397822834253,0.06018876900102055,0.7569089328329721,0.7846176027958276,0.0,0.0,0.40880739824839063,0.6991852245234742,0.9027019168030597,0.8058499662916013,0.8453085223330421,0.8152867967569688,0.8399134433261015,0.7997856146881548,0.9328339505740528,0.8129560940834346,0.0,0.9004911494084331,0.9544316996038,0.9623211158059548,0.831146423199498,0.9582144552981327,0.831146423199498,0.0,0.0,0.7739436107925914,0.9492063492063487,0.7819949015164562,0.938412400887346,0.8570084033315841,0.8993922310882436,0.6856702229525599,0.8993922310882436,0.8344556057285131,0.8506512873935228,0.0,0.9152582079543841,0.8175997772209664,0.9508971383859763,0.9582144552981327,0.5526275082095407,0.7351207557283752,0.43182584581086747,0.9176344520056336,0.9508971383859763,0.8591172857456586,0.0,0.8266892096935958,0.9176344520056336,0.8993922310882436,0.8727631680356078,0.8654234385275936,0.9413411539914582,0.9049315186013054,0.8538362113124116,0.9562880686171875,0.8685695845092949,0.862273520033598,0.9443834278905732,0.9602211523225768,0.9225015741707872,0.2586095064370061,0.8129560940834346,0.9544316996038,0.03139863267861631,0.8759110188590655,0.9288488221297497,0.9152582079543841,0.92126914699118,0.9623211158059548,0.9152582079543841,0.9623211158059548,0.9623211158059548,0.9027019168030597,0.3647019568709454,0.8961186971729789,0.9492063492063487,0.9602211523225768,0.938412400887346,0.938412400887346,0.8322525541058978,0.9428469360414611,0.9475597985845114,0.9288488221297497,0.5210240199989242,0.9508971383859761,0.7684119013812074,0.3833143586062788,0.7125274559321442,0.7447432793600621,0.0,0.8918007079504506,0.9492063492063489,0.758381053055492,0.960221152322577,0.9328339505740528,0.9341976401680097,0.855952276285969,0.0,0.7399891659895361,0.8058499662916012,0.9341976401680094,0.8058499662916012,0.8266892096935958,0.8129560940834346,0.9544316996038,0.7143607147557588,0.6716454483484393,0.8058499662916012,0.7431708752992889,0.9355809960386166,0.6761489807685291,0.9623211158059548,0.9355809960386168,0.9492063492063489,0.8982973238138026,0.930160641445072,0.8388272306091984,0.4779583613087228,0.8106069085572598,0.9492063492063489,0.03139863267861631,0.8420784215528954,0.861222266702256,0.5110414539348817,0.7766590274917051,0.7524297972473162,0.0,0.9856724533720749,0.8633240709217587,0.9225015741707872,0.0,0.8399134433261015,0.9428469360414604,0.9582144552981327,0.2115113915126694,0.03139863267861631,0.9114861522954751,0.9314886672615051,0.897206214237533,0.9288488221297497,0.9083158055901508,0.9355809960386172,0.8129560940834346,0.0,0.9275522446953854,0.0,0.9582144552981327,0.8333555867103808,0.8843412180810759,0.9623211158059548,0.9262700211315917,0.8022278398026612,0.904931518601306,0.9225015741707869,0.0,0.8322525541058978,0.8210376473859937,0.8506512873935228,0.9250013316406696,0.40060683675051967,0.9544316996038003,0.3227392978460525,0.9237454173815312,0.392115299153029,0.8928757609748668,0.7948313236856197,0.392115299153029,0.9225015741707872,0.9544316996038003,0.885400876353422,0.392115299153029,0.9623211158059548,0.931488667261505,0.9508971383859763,0.885400876353422,0.9475597985845114,0.9237454173815312,0.9341976401680094,0.8918007079504506,0.9152582079543841,0.9355809960386168,0.9140827360776211,0.930160641445072,0.9475597985845114,0.9384124008873462,0.7301312695908225,0.9225015741707872,0.9015943008452869,0.8333555867103808,0.42440193597169273,0.9083158055901508,0.930160641445072,0.9508971383859763,0.9526370111116405,0.9015943008452867,0.8939536575643379,0.9275522446953854,0.9275522446953854,0.9004911494084333,0.9544316996038,0.9562880686171873,0.5974763156586966,0.9262700211315922,0.8664724446651935,0.9176344520056336,0.9250013316406696,0.6549904556417999,0.9369854052620166,0.9237454173815312,0.9492063492063487,0.8366469404145511,0.8780124908814328,0.9129151319089186,0.9004911494084333,0.6623067578386677,0.9562880686171875,0.9188361382271666,0.5906675167558797,0.9314886672615046,0.944383427890573,0.926270021131592,0.8993922310882434,0.6040574193889983,0.7598430279509716,0.9398636845831869,0.6739104850582693,0.9475597985845114,0.8832831707913573,0.7143607147557586,0.9526370111116407,0.9508971383859763,0.8864622842804517,0.9275522446953852,0.9526370111116405,0.8982973238138026,0.8633240709217587,0.708808264663793,0.9459533477380775,0.9459533477380775,0.8322525541058978,0.9341976401680094,0.9027019168030599,0.9526370111116405,0.8591172857456586,0.9341976401680094,0.9562880686171873,0.8928757609748668,0.9328339505740528,0.9508971383859763,0.960221152322577,0.8854008763534222,0.9582144552981327,0.7197593917099125,0.9562880686171873
p93_M,0.8342925372930754,0.8178871936943242,0.7825024213066949,0.872314202569791,0.8665630754956405,0.839963909906706,0.6299282399541175,0.6566314140758425,0.6560890491328717,0.8507520507155969,0.995763901228382,0.8310074465798477,0.8310074465798478,0.6132703617672495,0.9599768988182336,0.8581889328871373,0.9189035415138915,0.9631454394484821,0.9174803742093418,0.8628649277589691,0.8233800369704116,0.9858036356368242,0.9866191269012619,0.8452280645834545,0.9292574601382564,0.7429494188247937,0.7345065892937606,0.7616908093734301,0.7912691723776106,0.5072448054630962,0.7186093085837715,0.8605749232360949,0.8112816526162139,0.8876914904990594,0.8094251427518592,0.8491099208008115,0.8157688865369468,0.8029684112946556,0.8586309929616845,0.7202228610530976,0.8859121672835599,0.9609753567511663,0.9529908213310594,0.8919685180523632,0.8135338545309598,0.8727437831146292,0.8831868126216347,0.6763986517425729,0.8719297721085557,0.7825024213066947,0.9552086219555463,0.9937054653634365,0.7429494188247937,0.8178871936943262,0.965581627051866,0.7970754133247795,0.861428364548761,0.7334713952978886,0.8982101081161924,0.8512620629681907,0.6820278794888863,0.9312153179228816,0.7065605296159836,0.6719104479379449,0.7706311734191853,0.7584032876725142,0.8555239806055506,0.8787965710856314,0.6511555278128864,0.9516656009136066,0.6656010878572487,0.7596391581853306,0.9905920926449061,0.6413921234025818,0.7334713952978886,0.7112632045037848,0.8894139617042871,0.8812405993500751,0.6147001028265805,0.9153151841896086,0.9796369988873095,0.9052500152165872,0.6131180160224052,0.7429494188247936,0.7334713952978886,0.6438279350045588,0.7973195980149672,0.737505570261217,0.6975537039398281,0.7248314800141329,0.7334713952978886,0.5107727892873741,0.8929073037318673,0.8729022014805876,0.7582614028222907,0.7431830761468385,0.4985840087687523,0.6240107555128261,0.4875955889057292,0.6210880126935296,0.8400848506658574,0.8123630690930186,0.7334713952978902,0.6085196707667326,0.6052281534062514,0.8432230388608029,0.7565840922673281,0.5846311679734923,0.7872013003755223,0.6126051670828638,0.5664099893950625,0.9718643819904421,0.6977548654116144,0.7374524316462931,0.8527418007931002,0.8247410693819897,0.8430245326798032,0.8774082655650679,0.933982267244587,0.5625814903543984,0.9622275246605103,0.641325675812765,0.6929730938997383,0.9132471386147594,0.9047369481773042,0.4758440662970639,0.8157688865369468,0.6697926494285313,0.8081116812777625,0.9645415102445627,0.5655534524625251,0.8527418007930998,0.8555239806055506,0.8963066301031357,0.7081641675480277,0.8449427184625504,0.9727629633449686,0.950157679325002,0.8605749232360952,0.7434229768984777,0.9777452001005165,0.8507520507155968,0.42978288206316817,0.8114423166608413,0.6091843158041501,0.718217923258738,0.7877222571761636,0.4987552266577143,0.9586194355688178,0.6216995717691554,0.7912691723776104,0.7165356735509114,0.7167568472054988,0.6135710159225782,0.8555239806055508,0.7596391581853308,0.5772991863418597,0.9909900319641314,0.7344118492847579,0.4138323161309023,0.3968212333908717,0.9645881282356923,0.7458195760421735,0.9130340507927146,0.7279280195848981,0.617944250394439,0.7675197620976606,0.918835508721347,0.9307170540351002,0.8004649260870438,0.9320935504473005,0.8032473794919716,0.7330448716760687,0.5103360489258995,0.6395105453302286,0.828288817712634,0.9174803742093416,0.9973413149588517,0.8527139520887466,0.8159861558621531,0.8674439743132527,0.7362449784108371,0.946802420080376,0.9142876478434762,0.9423804895634943,0.568588604248403,0.589758501465181,0.9849064062064097,0.817887193694326,0.7209704909866692,0.9323250549948572,0.8597589905141506,0.8998419856034208,0.7763525575866701,0.8176091066117395,0.7334713952978886,0.8452280645834543,0.8785279636095875,0.9583160981962873,0.7948009279750856,0.7667974259865632,0.9420477149313523,0.7334713952978886,0.704009271876213,0.7517832567440508,0.8865499284062763,0.7334713952978886,0.9843554401208018,0.7564546836765978,0.6350131013370008,0.8834113033300888,0.9973635847428506,0.7248314800141338,0.7334713952978886,0.6087303646187431,0.7334713952978886,0.7421824976887006,0.996048407910904,0.9878311274073894,0.7334713952978886,0.7384130870472884,0.7334713952978886,0.7950483958518184,0.7387616316363625,0.6367431879772307,0.6794518474549591,0.7514730454359495,0.7053290698107342,0.7434229768984775,0.9901920301894066,0.917806690430639,0.7485935184876877,0.7372162243079677,0.9777589663191002,0.950157679325002,0.587314369711849,0.8085434784945783,0.9272531711796208,0.963717198502942,0.7936551911537767,0.6820536687222407,0.7913298192830454,0.47449721204606576,0.9053040576526353,0.7334713952978886,0.98855382064015,0.7334713952978886,0.0,0.555335927995602,0.8921194894759121,0.872223084957999,0.7053290698107342,0.8452280645834542,0.7512803885407221,0.7872013003755218,0.532712040257111,0.8320423995814581,0.5479343617176373,0.8222967889645657,0.4693774076756214,0.5471859789918716,0.7430920679075832,0.7248314800141329,0.9671198400583634,0.7003244574893839,0.8586309929616845,0.5285720990857423,0.8746499001758296,0.8938150954927742,0.5289410455320038,0.42998883009366384,0.8921194894759124,0.749294820027768,0.8434361833388793,0.8044167060492962,0.8432230388608029,0.6380522180246326,0.8801451782882957,0.7230437990172569,0.8512347126765518,0.8432230388608029,0.5503976494324644,0.6271648102460348,0.8034122967344917,0.7491667217577289,0.6929761589372618,0.7514730454359493,0.9453555804341344,0.5241119254559272,0.8242410656259689,0.8222967889645656,0.9036981045786228,0.818555760551442,0.8149246940965462,0.5155028973739124,0.9267509967572922,0.6003631252476925,0.7459813421400194,0.8832951475050768,0.73347139529789,0.7202228610530974,0.7974649715829212,0.7608902818860994,0.6164013756090835,0.7981977149259518,0.9036981045786225,0.9330184851058549,0.9308812476185568,0.8431480656680228,0.9259879154029399,0.7772396926128458,0.5816398593197813,0.8570179880352513,0.7304575281643172,0.4325428442983694,0.9344606831403275,0.7748965149386183,0.82706705006829,0.9777589663191004,0.7192541761994203,0.9854437548731738,0.9645881282356923,0.7334713952978886,0.8290303569962779,0.7420285531831168,0.640501723428877,0.8432230388608029,0.9345367899957173,0.8913918825413909,0.7334713952978886,0.9528858967621081,0.9457787189735977,0.8022882727652547,0.9778549642584018,0.7290776697690167,0.6547164679425082,0.9552086219555467,0.7592906331458006,0.9802420178488382,0.7166015305235902,0.785564990210272,0.8030691635160658,0.8527418007931002,0.8300274005639854,0.9414530015183331,0.7799153825380117,0.8612424467800838,0.9906664584725107,0.6969465552801892,0.6509957900203474,0.6573404388073053,0.9757267715031767,0.7248314800141329,0.7443251560786217,0.6564918997915559,0.5985303282940786,0.6157306457522419,0.9272197863516984,0.7334713952978886,0.5858223520813222,0.900032957414628,0.6388054955889957,0.900032957414628,0.8865499284062762,0.8398640766926444,0.7334713952978886,0.7334713952978886,0.8029839899154618,0.9955389514350025,0.6288298584318892,0.7334713952978886,0.8270670500682897,0.7334713952978902,0.6132703617672496,0.6305528252968475,0.6412214029522639,0.9808389409832032,0.5998707084472292,0.7732221795318333,0.9846945471838471,0.8628332817487506,0.7334713952978886,0.5987187175331642,0.5991453128116471,0.6890223166286183,0.7359595449369299,0.9631700560655481,0.4289412314094747,0.8222967889645654,0.5797567393338263,0.7334713952978886,0.823814511191338,0.6625213254912459,0.5123140649902356,0.9868688025840593,0.933605598722977,0.9822926701775676,0.7772517488887134,0.7334713952978886,0.9003695455327125,0.87368998443604,0.7334713952978886,0.8824368677059216,0.7841266110831016,0.9420564981071514,0.9056396283351924,0.542243206813176,0.7334713952978886,0.9811135158370035,0.9591637050342365,0.9017556666804107,0.6355850388468482,0.818151440601155,0.9127803475316408,0.6735612091207588,0.7289136168038177,0.8222967889645657,0.8472287080941754,0.5892630394369303,0.9170525981732676,0.5413042536606656,0.5822244128033833,0.7276563113494545,0.8011083836266106,0.829030356996278,0.7065605296159838,0.7334713952978886,0.8832951475050768,0.9180705594414806,0.7969627850696992,0.9465657014597654,0.9563487117683467,0.7164019795562557,0.6459043014950516,0.948557689090993,0.7434229768984779,0.8320423995814581,0.73347139529789,0.8430245326798034,0.7080349627076513,0.5971211658024427,0.8432230388608027,0.5157935668073922,0.8865499284062764,0.8301900605089702,0.8242972265359421,0.6609514767461138,0.8455144349812358,0.8270670500682897,0.9769213628429367,0.7804897469562221,0.6992327331289561,0.6699475579648018,0.8894139617042875,0.6854589911913251,0.903698104578623,0.9453555804341343,0.7519310769007839,0.6403499488217804,0.7913711300920059,0.8200654844079862,0.9711648013440735,0.7390617281838533,0.3027483054766844,0.7104601162085706,0.809144213149104,0.9715883850053575,0.5647490466366061,0.707580815306621,0.8487155073351647,0.8824742381916715,0.7315418548986166,0.9200109288519396,0.9550378990030011,0.8840113017770086,0.9052500152165874,0.8715402415516167,0.359724727255332,0.7514730454359493,0.8186766180588168,0.9502445743761577,0.7198511196013613,0.9352971794402406,0.9516656009136069,0.6973692102904574,0.641157463425509,0.8689745433651044,0.7683357510567739,0.7345065892937606,0.9715883850053575,0.9236640557157296,0.8774082655650679,0.7291753622140233,0.9581971444959102,0.8372920340696903,0.914287647843476,0.9142876478434763,0.8166146343356279,0.9306028081626077,0.7345065892937588,0.7829369075787398,0.7334713952978886,0.8687764701124442,0.7334713952978886,0.7334713952978886,0.5708999903652218,0.8706749123546049,0.6317744267086556,0.7334713952978886,0.6578058121198471,0.45581577037124676,0.6669374504271374,0.48174860497333016,0.6432756127014041,0.8734271333360968,0.7329011267232939,0.6578355450028877,0.45127993402545974,0.9829850481362499,0.8637634108373526,0.8689745433651048,0.7479865882210256,0.9392366176877878,0.7161041192140383,0.8314374602144321,0.9829850481362499,0.9053040576526354,0.8021624265045846,0.8361934200497982,0.7289136168038175,0.8527418007931002,0.6934329385373585,0.8412191247380186,0.8266548342343831,0.8278701298240865,0.7889998030760016,0.9026201647958283,0.6820278794888857,0.7814924440054237,0.833267728770587,0.8527418007930996,0.7973195980149685,0.7423434427654405,0.9169636896447445,0.5718669903262148,0.9257341857256125,0.8239794143657333,0.9675892426245807,0.9979308067510906,0.8953096260219776,0.8709546392577707,0.8636318154535148,0.7625550799546765,0.7855736672352156,0.877639547048157,0.8486441585560008,0.5947908539445415,0.9104145695435752,0.9087026176190247,0.7973195980149679,0.9306028081626074,0.8566756942323871,0.7334713952978886,0.829030356996278,0.8368865597045974,0.9522699746113125,0.9854466624748135,0.7930242877717497,0.9053040576526354,0.8826700200793334,0.8290606134135101,0.7547306978079478,0.5270387483546723,0.8507520507155972,0.6795836114046683,0.9304387991186924,0.7644918744172104,0.7164019795562557,0.9058350609184236,0.9111483064988157,0.7413384653814927,0.7230437990172569,0.7778106361525059,0.8457827862339667,0.8148536898497563,0.7774191490117849,0.7278812432671129,0.6857045401669757,0.9871051624776837,0.9746043974150045,0.7912691723776106,0.7874868403951456,0.9041464206764697,0.970147873623959,0.8538450075517834,0.9299569391087343,0.7525915471020093,0.7305293347136159,0.9591676034510461,0.9153151841896083,0.913934518758898,0.8527418007930998,0.776868508048963,0.9375261893019002,0.8375438594736593,0.9849064062064095,0.8927947190146774,0.8817150468709293,0.9452906944306227,0.7743720022696059,0.8865275807555999,0.8921194894759121,0.8399639099067062,0.7334713952978886,0.9645769437458257,0.9405329120131292,0.7845763353894588,0.6776979422253142,0.7334713952978886,0.7421470428944781,0.7739445966526453,0.9235824379230667,0.5933439124747466,0.6560890491328715,0.6678227424886924,0.8363554917637759,0.7724461247025065,0.9384942547187188,0.7831013125497137,0.6791809941156872,0.9573231152801953,0.8359953467971377,0.742028553183117,0.861428364548761,0.9341431164071576,0.5925364354727798,0.8399639099067064,0.8722230849579988,0.7164019795562551,0.8776395470481568,0.7799153825380117,0.7760543090171461,0.7906093280416717,0.7450249573403063,0.6113087844302281,0.8432230388608026,0.8665630754956404,0.8171217062548846,0.9034426285130162,0.7152789340036273,0.7248314800141329,0.950157679325002,0.7345065892937583,0.7248314800141329,0.7248314800141329,0.8624307864489529,0.7334713952978886,0.8703570845202444,0.8435934502149673,0.7334713952978886,0.6547164679425082,0.5046651965780917,0.979963945677863,0.8222967889645657,0.8359953467971375,0.9041464206764696,0.7525915471020093,0.8783251759891637,0.7256435570190936,0.7583036010960924,0.6766027033673332,0.7334713952978886,0.7217803490882722,0.7514730454359491,0.8669922145342502,0.7791167384964558,0.7997877440180117,0.814924694096546,0.7718026208119477,0.7872013003755225,0.8343397340744385,0.7874868403951454,0.9522699746113128,0.9273410027673843,0.6459200708019055,0.749627781814105,0.7449462492196441,0.9957639012283819,0.9174803742093418,0.6768780293229666,0.8831868126216347,0.6521728627301604,0.5117934993474035,0.7334713952978886,0.9334541599011243,0.6178319172200282,0.8507520507155971,0.859298374088383,0.8440146627745115,0.7582450999285324,0.6699285630853822,0.7164019795562557,0.8796984851831398,0.6212622398745503,0.7334713952978886,0.7334713952978886,0.806897475181884,0.4970578237580532,0.539965333550567,0.9353845702863363,0.45900562083850527,0.8931413158017585,0.9704348342328994,0.5696710338177307,0.7371078192231939,0.6972146319833468,0.7334713952978886,0.809516592959477,0.829030356996278,0.8586309929616845,0.8418299514771816,0.8432230388608029,0.6729352021033042,0.7334713952978886,0.7334713952978886,0.6910700020124775,0.7906093280416715,0.648003146080412,0.8412191247380187,0.8456805984056739,0.7377571308135189,0.8091288648502384,0.7848544183385708,0.6357440465656881,0.7219970644498712,0.7334713952978886,0.629736942949958,0.5537192807550939,0.8746872426299618,0.9799639456778628,0.9074862796622942,0.864033537418436,0.7811962444165512,0.567804750407757,0.8452280645834545,0.8122320599856843,0.7334713952978886,0.5526308318657569,0.8338858964965645,0.6554487772190515,0.7331139552701011,0.9202619527417912,0.855327399494449,0.7459736358111313,0.7162311356828956,0.868776470112444,0.5491224881598131,0.5108010883759317,0.9715883850053575,0.9581456837876348,0.9483477537976807,0.8386781419901967,0.5725294406254064,0.8605749232360952,0.7525915471020093,0.5489279346020781,0.8400848506658574,0.8157394803358493,0.9407785710358854,0.8586309929616847,0.611136689211369,0.933982267244587,0.9529908213310594,0.7420285531831168,0.9304988453613832,0.6747158182592947,0.86656307549564,0.9702585608310068,0.9900989458800415,0.8653165432211528,0.6826824049984446,0.7855649902102725,0.8032473794919714,0.9037929827392981,0.9043262511191924,0.9925239548159921,0.7900701259730627,0.7388569157505607,0.576841128168634,0.6609514767461135,0.7334713952978886,0.5107727892873741,0.9237010082394219,0.8377758096932186,0.8507520507155969,0.9270908744848477,0.7986648834595017,0.7572667781755318,0.7334713952978886,0.7127447676839764,0.8610356459460489,0.9808710996588315,0.5193899845515557,0.5906713853815391,0.5475924023538186,0.8605749232360949,0.6226277473533679,0.9500071200774853,0.5565644467216999,0.654376631231158,0.7315418548986163,0.5167988692812964,0.9153151841896083,0.8242972265359418,0.7906093280416713,0.8258980041176676,0.8069125245133593,0.4600403720632473,0.6915127482749799,0.9143801675756686,0.9808389409832031,0.7248314800141329,0.6160996808649181,0.9991707499985649,0.7289136168038179,0.7257886982916475,0.8096744178334736,0.7334713952978886,0.6362464693827579,0.8050590896147105,0.6730497096447592,0.7334713952978886,0.6329841490980637,0.8801183985124816,0.8432230388608029,0.6851641690799537,0.7525915471020093,0.9970564958468535,0.8310278270742688,0.6553624165907814,0.7760543090171463,0.9226729882856322,0.9402414410825992,0.9037927556712453,0.7334713952978886,0.9805570681238925,0.7334713952978886,0.8774082655650678,0.6639130317040545,0.5962241564136265,0.8586309929616845,0.7997309419079703,0.9130340507927144,0.7117519318849956,0.9121671011547972,0.7334713952978886,0.8745803172009685,0.5927698695478858,0.8949900697531545,0.7291753622140233,0.9982579822782591,0.981702245564819,0.9541519778149228,0.9762800526647323,0.7871346886395656,0.5980760145994026,0.7973653581036728,0.7871346886395656,0.8287890580426615,0.7608902818860992,0.6003631252476925,0.7871346886395656,0.8586309929616845,0.8606977440525663,0.874687242629962,0.7626554676430919,0.7525915471020101,0.9833533531554546,0.7002680219923407,0.782502421306695,0.7564546836765988,0.9634302839919306,0.6960526215060481,0.8246564057805272,0.8587675136677237,0.9135113801874213,0.9289985950289811,0.8125348546922815,0.981675670411126,0.9259206855225088,0.8798762136619056,0.8140014882837534,0.741895276918163,0.8157688865369468,0.8222967889645657,0.8814219002637331,0.9366179433582194,0.7281801876928499,0.8301602715528253,0.8090656853678498,0.8921194894759122,0.8359953467971377,0.9272149808584689,0.7441041281495325,0.7464667857590546,0.8620213651162272,0.9132471386147594,0.7895538686913861,0.7874868403951454,0.7744470817656656,0.8665630754956399,0.6450123691790063,0.828288817712634,0.8346490620342748,0.6763986517425726,0.8337761745019661,0.8034122967344917,0.9200948763840262,0.9434790709700516,0.7649690208871627,0.8662186980224258,0.9448743287078558,0.7848544183385708,0.8969585439071464,0.7129296461074743,0.9550378990030008,0.8245854329019269,0.8358717483656384,0.8527137381090295,0.5331288907032894,0.7819180572644842,0.8746872426299618,0.5740130188035736,0.7281801876928493,0.8123630690930184,0.8749289972858909,0.7083192975044699,0.6796899223725936,0.8244859689251431,0.9323250549948575,0.741623858393983,0.8824742381916708,0.8767373662714832,0.8123630690930184,0.580477245671019,0.9963531233162521,0.8359953467971377,0.6296837216955297,0.8490415879871804,0.8012617988584556,0.8865499284062762,0.8885213808447193,0.911593492269333,0.5633566244714647,0.8687764701124442
p93_T,0.860355184349419,0.7592620631935819,0.9689673741783531,0.9303519937309508,0.9152582079543843,0.7809209491441991,0.945094745800659,0.9899757301410148,0.839528097390559,0.9336347991328913,0.8996713357710031,0.9125111785873636,0.9125111785873636,0.44335655532964424,0.9578829909052509,0.8315069861698934,0.9745100637941106,0.8506517968600196,0.7627282022777632,0.8520541619694206,0.950071713187193,0.8972500807670709,0.9966447233584261,0.918079042897614,0.9302334181929384,0.8856988418635352,0.659101881209086,0.8605956163602335,0.7448986425205775,0.6595414355628231,0.8748756693307256,0.9239759423528264,0.9046484553665963,0.8645899440480416,0.9152582079543843,0.8650564954973856,0.9180790428976138,0.6719674299867898,0.9371382816751241,0.5326589556821024,0.8814261386926308,0.8879432507007241,0.9371382816751241,0.8819892368141287,0.895658018147854,0.8791339019230815,0.9665480300996039,0.8339840080055287,0.8834832246395512,0.8194852749688186,0.9239759423528264,0.6749500667236942,0.8856988418635352,0.902136277813822,0.9046484553665961,0.8812946455970232,0.8812946455970232,0.9152582079543841,0.9171872608207575,0.9098310498422768,0.8432648458861451,0.7565155320112129,0.8856988418635348,0.8321506231964109,0.9270730230791457,0.8206044063128859,0.9711878805915029,0.8405176238551884,0.9828735759660243,0.9814510646731802,0.48331738871204755,0.8834832246395514,0.9152582079543843,0.7108562443941846,0.9152582079543841,0.984002294678674,0.933316065142574,0.9162444743188086,0.7241053061242864,0.7809209491441993,0.9364881737530408,0.9052541259973348,0.7816425681135177,0.8856988418635348,0.9152582079543841,0.3693868091320246,0.9693820495180774,0.8593778824400198,0.8230771571354669,0.9125111785873636,0.9152582079543841,0.5458726724726973,0.8039190767631206,0.7780618604319121,0.9988749295050935,0.8836238393968296,0.5106634373285817,0.8123528553952006,0.7183271064132095,0.7163893700082526,0.9771275048833288,0.8056206522660095,0.5288821408683531,0.6470111349316667,0.8971188061328657,0.9302869180633684,0.555819813104626,0.6803037662442581,0.8948693468634785,0.7145855431989003,0.577557530950753,0.8440113363412964,0.937972611289619,0.9814979561144339,0.9209817665727265,0.9505335047282237,0.9097516894125135,0.9302869180633686,0.950085410652605,0.8038745940299181,0.9365444918623458,0.6918161969261295,0.4332132978767821,0.8496288531646412,0.9845673523422018,0.5919647803536194,0.9180790428976138,0.9234230763385713,0.8382021652784958,0.890832632464256,0.7877239185135081,0.9209817665727262,0.8399643664537922,0.9371382816751241,0.9072118677365053,0.747026819989439,0.9816457884430447,0.887176304692469,0.9239759423528264,0.9098310498422768,0.9182689921824954,0.9336347991328913,0.7260202369748257,0.7660607011384843,0.5220059986101699,0.8508524342038157,0.8449320637799713,0.7365308980319902,0.8834832246395514,0.7623691292878553,0.9056319216938428,0.8432648458861445,0.7148611421913218,0.8017517804777672,0.981600181169821,0.9159197701772377,0.695875578109276,0.8127085188301832,0.8628046831893927,0.6237195087969897,0.6721970280179208,0.9423194428466415,0.8029903728618502,0.6700460193353561,0.9256628667621531,0.7173661124376682,0.8095505845081643,0.9214717993224892,0.9390586815258848,0.8598552336091729,0.8608841892892483,0.9125111785873636,0.8812946455970228,0.6975617603276143,0.876677653974753,0.8091891348220055,0.8650564954973854,0.9820936661953026,0.9248202875667844,0.7329348590107957,0.8770957904691181,0.8603012483251302,0.9909282086879027,0.9125111785873636,0.9893975174392511,0.5005809126762997,0.7631994628418879,0.8608323269166083,0.9021362778138222,0.6741023418499223,0.9502726792490606,0.8649303928299306,0.7686203722730276,0.6676611735692473,0.9243239922894766,0.9152582079543841,0.9180790428976138,0.6453110266831018,0.8339840080055285,0.9760265524581471,0.8664957973805585,0.9125111785873636,0.9152582079543841,0.8650239191204903,0.6492750543065731,0.9872125588573133,0.9152582079543841,0.9518953180592344,0.9421362489486962,0.8562275189872222,0.822258567239115,0.8413921158471315,0.9125111785873636,0.9152582079543841,0.9819880164767536,0.9152582079543838,0.6859888438459347,0.803717304278996,0.7735905718802178,0.9152582079543841,0.9234230763385713,0.9152582079543841,0.9260846630182511,0.8451467479521526,0.4641431497164108,0.7929756481234906,0.8967531793197643,0.6549597609918554,0.9098310498422768,0.7951184200738988,0.8972500807670709,0.9982056204357297,0.9479600809934581,0.9796624177838522,0.7927524282151159,0.8968340415743796,0.9720509798443678,0.960712445103687,0.928598192852493,0.8864592094196804,0.8586206896551722,0.9072118677365053,0.48752613253871,0.9098310498422768,0.9152582079543841,0.8376723506997308,0.9152582079543841,0.555335927995602,0.0,0.9239759423528267,0.8791314954080307,0.6182722187137653,0.9180790428976138,0.8566595864113671,0.8948693468634783,0.4927777828157781,0.8996713357710031,0.7684696092538159,0.9209817665727265,0.5527441503859734,0.7859745422812421,0.7401272099755851,0.9540589546097205,0.9748016543159651,0.6950823178702215,0.9371382816751241,0.7219781213616256,0.933001189971657,0.8879432507007241,0.7842254686329961,0.5821221631068194,0.9239759423528267,0.7472773782722046,0.6618586811173363,0.8130708759758318,0.9302869180633684,0.7336285154224771,0.9668702179975168,0.8902183677316946,0.5639866224949774,0.9302869180633684,0.79255214190009,0.8019918139974098,0.974801654315965,0.9281684931120009,0.8907075917149337,0.5322230711047451,0.8764969900463835,0.6780857041613113,0.9098310498422768,0.9209817665727265,0.8511869157928869,0.5793284191497814,0.813892348887574,0.6823773429847761,0.7579133348704645,0.8315069861698934,0.6716492192602381,0.9162206421071972,0.9152582079543843,0.8245878655212755,0.7666359149034532,0.6039046752604113,0.6885444555819684,0.85478507095173,0.9665480300996037,0.954334047672019,0.8861814209185068,0.9340489805498934,0.8489400226485824,0.8070402049768046,0.7261879817448048,0.9048158746376072,0.7256436767965113,0.5696231884496423,0.9336347991328913,0.8395280973905597,0.8520541619694211,0.8933580624819937,0.8586206896551725,0.8064093503402039,0.920981766572726,0.9152582079543841,0.9239759423528264,0.5322801361859506,0.8176956267004644,0.9302869180633684,0.9761356843815903,0.9212977173232094,0.9152582079543841,0.9302334181929381,0.9302869180633688,0.7245327953080636,0.9578829909052506,0.9129804740102454,0.9052541259973348,0.9711878805915029,0.7219781213616256,0.9235979845531423,0.7514899398419215,0.9046484553665963,0.7006708281375514,0.9665480300996039,0.8933580624819943,0.8666466252200813,0.9021362778138222,0.8776100733791741,0.9935264355112594,0.6639938398523642,0.7901926347445245,0.6479769357244238,0.9860639133827616,0.9540589546097205,0.8367902326727341,0.7599128850552691,0.6780857041613113,0.6986552945877211,0.7390260256127144,0.9152582079543841,0.796323920639405,0.8625851059964715,0.8714470882136129,0.9763670444959536,0.9336347991328913,0.741919849688756,0.9152582079543841,0.9152582079543841,0.8834832246395514,0.8649303928299306,0.6841446474344365,0.9152582079543838,0.852054161969421,0.9152582079543843,0.7415905795865032,0.8527933965694763,0.7595917698826178,0.9137080532218428,0.7647258015371339,0.7781560598534006,0.8586227698048787,0.7067390571770213,0.9152582079543841,0.801751780477767,0.829909651424894,0.6640730513352378,0.7052481455900226,0.9459727209115529,0.561629150636956,0.9209817665727262,0.6597874190636708,0.9152582079543841,0.7478985948211647,0.8506517968600197,0.7649577557899119,0.9210993338091966,0.918079042897614,0.9376998480057146,0.6334779650189165,0.9152582079543841,0.9561985765457736,0.9520250180139717,0.9152582079543841,0.9331959995055013,0.8448823829341697,0.775558990558914,0.7469899622295404,0.6700460193353563,0.9152582079543841,0.8336686131845918,0.9011477921215734,0.9257389930135203,0.9677786049373615,0.9537156084578947,0.8711916800801192,0.8470383046866872,0.7390863627851454,0.9209817665727265,0.87924621167182,0.8105788943203354,0.8992368483577363,0.7744081599350809,0.8663005722754792,0.9608499511796933,0.9272324378358678,0.9239759423528264,0.6858709460622414,0.9152582079543841,0.9673847887170084,0.7390417248479723,0.8372350321903723,0.9733050117350783,0.8060968679283815,0.909831049842277,0.8192740464560508,0.9496485824638997,0.909831049842277,0.8057939603726955,0.5288821408683531,0.9097516894125139,0.8422601818366053,0.8810466527763605,0.9302869180633688,0.7634145312909693,0.9336347991328913,0.9397586843685546,0.9686491338802947,0.8898217970155395,0.7781560598534002,0.9336347991328913,0.9092107698431184,0.9168673858538468,0.804430545737265,0.8879432507007241,0.8972500807670709,0.8376723506997308,0.8511869157928871,0.8645899440480413,0.89683404157438,0.794728037059518,0.5984628665908793,0.906063896440741,0.9364881737530408,0.8748756693307256,0.5289255975910467,0.7856540024026235,0.6464204728884835,0.8562319953247259,0.9738096356028502,0.9019666944541095,0.8707051888795789,0.8902183677316946,0.8925262950745887,0.74169785109604,0.9364881737530408,0.9922765195355471,0.8902183677316946,0.8864592094196804,0.7735987836865577,0.6689218616853776,0.8453063065897858,0.8730574216755245,0.7391781092553416,0.8567883809445207,0.9302869180633686,0.8666466252200813,0.8664957973805585,0.6804256865012974,0.7455019971844741,0.5408238127397016,0.8562319953247262,0.9239759423528267,0.9302869180633686,0.6047439842716347,0.9120766406606127,0.8547116092900202,0.9125111785873636,0.9125111785873636,0.8940929572216494,0.8711916800801189,0.9072118677365055,0.6380707706869777,0.9152582079543841,0.9270730230791457,0.9152582079543841,0.9152582079543841,0.6976105905469066,0.8925262950745887,0.8477288716124305,0.9152582079543841,0.8494559523695457,0.729290245911683,0.9142977291841883,0.7448778976089856,0.8239808321924891,0.8417144870220844,0.7794374710188767,0.9103086440545415,0.7329189478805092,0.9046484553665963,0.8790518313206654,0.9270730230791455,0.8625851059964711,0.8497584182539223,0.7596773995000079,0.941460678999519,0.9046484553665961,0.9098310498422768,0.6616335362123513,0.8276136704086307,0.6908392041716722,0.9665480300996037,0.8929969193423162,0.8972500807670709,0.7434943064820542,0.8925262950745885,0.7670858527670898,0.6741023418499243,0.8432648458861447,0.8925262950745887,0.813237767008013,0.9209817665727262,0.8972500807670707,0.6851038331869267,0.9504718083128708,0.7817124512888372,0.9854458139033986,0.9239759423528267,0.9750108530094963,0.9072118677365055,0.96208908077916,0.9518731351981948,0.8382021652784959,0.8108125036718086,0.908025487041374,0.8373091029803345,0.7675304094352664,0.7831200647944139,0.8376723506997308,0.60590151243663,0.814222044228904,0.8711916800801189,0.9152220591781886,0.9152582079543841,0.9239759423528264,0.9450032706006528,0.9152582079543843,0.9122530226440353,0.8972500807670709,0.909831049842277,0.7506093736290067,0.7465844605162948,0.7604122773126197,0.6926130384069058,0.9336347991328913,0.626298925996633,0.9733050117350786,0.7772287648212137,0.909831049842277,0.7874358248904112,0.9949291339897315,0.7238015138772083,0.9924821208671799,0.7441747664095408,0.9788165324483316,0.7759994009194655,0.7926601557017625,0.790192634744525,0.7374039932622707,0.9439635639657454,0.8748756693307256,0.8520541619694211,0.9302334181929384,0.9180790428976142,0.8618642961796398,0.9384799527980219,0.8212788440155339,0.9125111785873636,0.5844383239569662,0.7785469970402595,0.9935264355112594,0.8862836892666925,0.9665480300996037,0.7676235938802122,0.9424531904121207,0.8879432507007241,0.9140968272009687,0.9108500703878932,0.9655974895223984,0.8547850709517302,0.8996713357710024,0.9540589546097205,0.9711878805915029,0.8373091029803346,0.9152582079543841,0.9508942993498994,0.9213199646772892,0.8451558587437946,0.49308650037720725,0.9152582079543838,0.8052750075161217,0.7443084147320327,0.8432648458861445,0.8707051888795787,0.8395280973905588,0.4988621500609577,0.801751780477767,0.8245527812817983,0.9949598499265347,0.8690883083110752,0.7707499476755919,0.6683524098199148,0.9270730230791457,0.43147253408765873,0.9132389320257919,0.9665480300996037,0.9465096719932719,0.724532795308063,0.9106086590743894,0.44310287964918305,0.7245327953080636,0.9021362778138218,0.6714853444002172,0.7854327491040132,0.9511854069300709,0.8296169784489418,0.9302869180633688,0.9152582079543843,0.9693820495180774,0.8154621446104793,0.6885444555819684,0.9540589546097205,0.9711878805915029,0.9466378905596335,0.9540589546097205,0.9125111785873636,0.893358062481994,0.9152582079543841,0.9072118677365053,0.897236612208085,0.9152582079543841,0.4961991134553936,0.9019666944541097,0.9302869180633686,0.9209817665727265,0.9270730230791457,0.918079042897614,0.9125111785873636,0.8240740639748131,0.7835370284359029,0.8925262950745887,0.734726947317814,0.9152582079543841,0.8423140665122539,0.8511869157928872,0.9243062854435231,0.8581515720886295,0.8113975152753339,0.6603999090581395,0.7732854162792506,0.8948693468634785,0.7516400336417164,0.8222180825008417,0.9152582079543841,0.8586206896551725,0.6011416700322765,0.7271864187181385,0.8667830749506906,0.8794276363367709,0.916220642107197,0.9807928612526091,0.9665480300996039,0.6599995416164904,0.8145870830858377,0.9152582079543841,0.9137080532218428,0.8258542298405462,0.9336347991328913,0.7871951382711735,0.9072118677365053,0.8426107983547331,0.7260202369748257,0.909831049842277,0.835341176656033,0.6773869912477106,0.9152582079543841,0.9152582079543841,0.8566595864113673,0.6892498442694688,0.4062706335630858,0.748984390038562,0.741919849688756,0.8405194713897168,0.8008776071541576,0.7583231986420049,0.988460280559966,0.7625897888997779,0.9152582079543841,0.9426367507336171,0.9239759423528264,0.9371382816751241,0.7274729217673527,0.9302869180633684,0.8902963032538072,0.9152582079543841,0.9152582079543841,0.6411996737091925,0.6999158796921265,0.7464012045233082,0.9693820495180774,0.7722802732581078,0.9060638964407408,0.9106086590743896,0.7490074950857203,0.7430349118316437,0.6915052445492806,0.9152582079543838,0.7794785534062242,0.6956918530898961,0.9621698344437759,0.9302869180633686,0.901876143654109,0.7915624271244798,0.8815711740425954,0.682287140005601,0.918079042897614,0.8669758292668841,0.9152582079543841,0.7298343493129877,0.9098510170045648,0.8567883809445205,0.9123713980692957,0.7036595149605431,0.9021362778138218,0.8413921158471316,0.6612883793469966,0.9270730230791457,0.7807275365334763,0.7908348624398818,0.9072118677365053,0.9592096814182648,0.900528591305265,0.9186550120230905,0.6879445456091826,0.9239759423528264,0.9125111785873636,0.7929756481234906,0.9771275048833288,0.6681244743481923,0.898105134356751,0.9371382816751241,0.3340622371740969,0.9371382816751241,0.9371382816751241,0.960712445103687,0.8666109663611836,0.8266892096935974,0.9152582079543843,0.9592096814182647,0.8972500807670709,0.8972500807670709,0.513972386211371,0.9046484553665968,0.9125111785873636,0.9132389320257919,0.823077157135466,0.9180790428976138,0.780871690491206,0.8910305906213418,0.7052177893356906,0.8528537430998209,0.9152582079543841,0.5223674112668275,0.9580166426603276,0.6676611735692473,0.9336347991328913,0.9445283662005388,0.8902183677316946,0.8361214787240914,0.9152582079543841,0.6740836112921156,0.748984390038562,0.8029903728618508,0.6760890086635991,0.7108562443941846,0.6879445456091827,0.9239759423528264,0.7033258503879967,0.8401993362891031,0.6760890086635991,0.8119977657595081,0.5868815635062232,0.6748637821605993,0.8936972568164698,0.8298245628351779,0.74267431439807,0.8761423811272765,0.9483563157149231,0.7311067605158565,0.9103086440545415,0.757379562070732,0.9152582079543841,0.9540589546097205,0.73653089803199,0.9645040515929196,0.7390863627851457,0.7924700721297371,0.7896144267998426,0.9152582079543841,0.6471399879728876,0.8547121344203126,0.47317995775533006,0.9152582079543841,0.7329189478805092,0.8644147548261591,0.9302869180633684,0.8925262950745887,0.9125111785873636,0.9015913991504714,0.8856988418635351,0.782859252467139,0.8950953494015974,0.847038304686687,0.8298245628351781,0.7522161297113557,0.9152582079543841,0.8791314954080307,0.9152582079543841,0.9302869180633686,0.6641365881364643,0.807040204976804,0.9371382816751241,0.8769922925568632,0.7380040207730598,0.8413921158471316,0.8707051888795787,0.9152582079543841,0.9499047948653948,0.7579218268192156,0.6118393471011135,0.9667074951656032,0.8586206896551727,0.9711878805915029,0.8748756693307258,0.8727803597140285,0.8299096514248938,0.8212788440155339,0.8448823829341697,0.8299096514248938,0.8707051888795789,0.5566927370217352,0.8088080901268468,0.8299096514248938,0.9371382816751241,0.885698841863535,0.918079042897614,0.8961062613135484,0.6304632851667114,0.8727803597140285,0.7689024551500216,0.968967374178353,0.8586206896551727,0.8925262950745887,0.856659586411368,0.9159197701772372,0.9125111785873636,0.933316065142574,0.9842318644685908,0.5924735674580739,0.8858401986813222,0.8946333593152875,0.8797889105982801,0.9784091431628326,0.5650955012197885,0.9180790428976138,0.9209817665727265,0.8608323269166083,0.9388681234004667,0.8791314954080305,0.774619704262024,0.9332636707881306,0.9239759423528264,0.9270730230791457,0.9400724976363597,0.908025487041374,0.5953979041165783,0.9194760752462126,0.8190182445530149,0.8945866455490643,0.6807617971830018,0.8727803597140285,0.9152582079543841,0.8046688139380913,0.7653747772958752,0.7634016053724607,0.8588039237011791,0.8880896943769039,0.9270730230791457,0.979662417783852,0.9449159152435009,0.885698841863535,0.9072118677365053,0.9057753460515611,0.6011809485970597,0.8727189765147398,0.7463627797104888,0.7689771223906576,0.9461535522835213,0.7135588372114252,0.9926045211913787,0.6366069279382829,0.9209817665727262,0.9621698344437759,0.8105788943203356,0.8791314954080298,0.8056206522660101,0.85478507095173,0.8133441486079456,0.6847123286189165,0.8879608031238043,0.9098310498422768,0.7201378724697229,0.9924821208671799,0.8095010419562507,0.9423194428466419,0.7853613704853064,0.9734299614209916,0.9270730230791457,0.8449320637799715,0.7769999831018015,0.9055577909177377,0.9336347991328913,0.964202949442688,0.9302869180633686,0.6639109077673302,0.9270730230791457
p94_C,0.8091417233107615,0.9473756291574582,0.9029316112204657,0.930474153890517,0.973053360823401,0.9661972965770262,0.8965605453497035,0.8390631391006367,0.9137092609592146,0.9643133649175286,0.9460501530640815,0.9765837058865926,0.9765837058865926,0.930474153890517,0.9197987094973856,0.9741812383843045,0.9501049319099923,0.9385367079941815,0.9625131050152524,0.9643133649175286,0.976949734585955,0.9447481688519046,0.9989330715481036,0.9559485503920393,0.9965573445764311,0.9385367079941815,0.9501049319099923,0.9250379219402804,0.9448229719109481,0.9527298769547388,0.9327167510955896,0.9591194968553458,0.985998391819751,0.9271857963192043,0.9544316996038,0.9625131050152524,0.9559485503920393,0.9487265052554266,0.9661972965770262,0.9373453016197315,0.9097421633544907,0.7761414525822012,0.9661972965770262,0.9856046735880618,0.9501049319099923,0.863144625566961,0.957509435301382,0.8788088518211972,0.9373453016197317,0.8977530247223018,0.9591194968553456,0.865060076107683,0.9385367079941815,0.9473756291574582,0.7248979801204612,0.9361684345174044,0.9361684345174046,0.9544316996038,0.9201807407414307,0.9515133476881703,0.9595131865896311,0.9133404113163562,0.938536707994182,0.9231230454306082,0.9607848936032954,0.9387447628682011,0.9591194968553458,0.9235809599333311,0.9490536363982256,0.9625131050152524,0.9293685115305119,0.9373453016197315,0.8280234816778032,0.8979986243742073,0.9544316996038,0.8981423730059306,0.9447481688519044,0.9915113877198728,0.9022596399437831,0.9661972965770262,0.9290729285038272,0.9987774230311344,0.933854925314779,0.9385367079941818,0.9544316996038,0.9261077324693097,0.9329216899439506,0.9238597921799269,0.9452352847073289,0.9529545363721539,0.9544316996038,0.9029316112204655,0.8809287459442816,0.9723334018549192,0.9082555093909311,0.9629940985099357,0.9010097382828823,0.8990962871160681,0.7788805660896528,0.9715202108257165,0.9903434298372482,0.957509435301382,0.9544316996038,0.9071558877260779,0.9199989838706863,0.9625131050152524,0.9167305843279034,0.8064521668392982,0.6367092566181287,0.9919993313617504,0.888676559370384,0.9397435965156078,0.8897655097007555,0.9187703462526828,0.957509435301382,0.8830976862482165,0.9250150906309568,0.950716529670402,0.9661972965770262,0.8514077395032399,0.8930832552899728,0.8971901564492133,0.943467974097185,0.9327167510955896,0.9385367079941818,0.8136826087878908,0.9559485503920393,0.9851609000695929,0.9529545363721539,0.8871763046924687,0.896169715017931,0.9652137684610215,0.9591194968553456,0.8425429626878578,0.9501049319099923,0.8612222667022573,0.8845132129697924,0.9591194968553458,0.9591194968553456,0.9515133476881705,0.8875935086546555,0.9643133649175286,0.9650108534737667,0.9703809216228028,0.8990962871160681,0.9197987094973856,0.855419937570169,0.8769212489428946,0.8976252143176513,0.8425856863408152,0.9643133649175286,0.9595131865896311,0.99213028855682,0.9310944809913071,0.9608127721335267,0.937345301619732,0.9058327972212654,0.9836243259051825,0.9748630647929062,0.9356856974167589,0.9527294722357857,0.957509435301382,0.9409669977890662,0.8637076121118326,0.9077810309891681,0.9727541677821403,0.8458206993046364,0.951525861158216,0.9864847804128756,0.9612268306824161,0.8672132741337563,0.9529545363721539,0.9361684345174046,0.8438269625091803,0.9710778825508661,0.927714695159251,0.9625131050152524,0.9920543208470207,0.8742905832999673,0.9368506101299683,0.96664472544214,0.9783544633819783,0.9361684345174044,0.906121948145339,0.9187719869627351,0.902941079165362,0.9071558877260779,0.706579864417426,0.9473756291574582,0.9315900378678905,0.9515133476881703,0.9570498583959893,0.9996134926020158,0.9703258475148755,0.9595131865896311,0.9544316996038,0.9559485503920393,0.9515133476881705,0.8788088518211973,0.8851338808206499,0.9029316112204655,0.8356601904040855,0.9544316996038,0.8820903683689054,0.8144187923946173,0.9643133649175286,0.9544316996038,0.9806366198198686,0.9239759423528267,0.8981423730059306,0.9404815542410546,0.9147116017278334,0.9529545363721539,0.9544316996038,0.9921302885568197,0.9544316996038001,0.9475675262084416,0.8554077319402791,0.9177976999343656,0.9544316996038,0.910333949356689,0.9544316996038,0.8777622263784162,0.9167305843279037,0.9250379219402804,0.8886765593703843,0.957509435301382,0.8008422195759242,0.9515133476881703,0.8812152990221935,0.9447481688519046,0.9091031345982892,0.9385228041142228,0.9271857963192041,0.9591194968553456,0.9933095589619414,0.9812078381362568,0.9554518077232721,0.9901682880541758,0.981600181169821,0.9816001811698214,0.7824413427816266,0.8971901564492133,0.9515133476881705,0.9544316996038,0.9554518077232719,0.9544316996038,0.8921194894759121,0.9239759423528267,0.0,0.9350052413014638,0.8008422195759242,0.9559485503920393,0.9229213960709448,0.943467974097185,0.9038960691476476,0.9915113877198728,0.9503258498783538,0.957509435301382,0.9210886546555859,0.9210886546555859,0.8072147333028623,0.9529545363721539,0.956008694747287,0.8788191408694401,0.9661972965770262,0.8892257387664575,0.9542945594732946,0.9965665866960463,0.9920543208470207,0.8877347993463758,0.5604741170778892,0.7663670744235527,0.8377335793276732,0.919171452966161,0.9625131050152524,0.8951131855351436,0.9696485350828812,0.9409669977890665,0.9117176971980814,0.9625131050152524,0.7265705885140915,0.9766428915122126,0.9560086947472866,0.9087598936651087,0.9810522968844484,0.957509435301382,0.9271857963192043,0.7953195658982104,0.9515133476881703,0.957509435301382,0.957509435301382,0.8192793116817603,0.9625131050152524,0.8990006828237153,0.9723334018549192,0.8971901564492133,0.8737201249409579,0.9507165296704019,0.9544316996038003,0.8976252143176511,0.9515133476881705,0.9591194968553458,0.9578232874754974,0.9253034294291269,0.957509435301382,0.9373453016197317,0.9727541677821405,0.8342889987034596,0.8564218327576683,0.9123183369467285,0.9211495461267734,0.9073127552826399,0.9515470236107724,0.9221821648495909,0.9643133649175286,0.9137092609592148,0.9643133649175286,0.9759742607288062,0.8871763046924682,0.9637319104506126,0.957509435301382,0.9544316996038,0.9591194968553454,0.9590673131834124,0.938536707994182,0.9625131050152524,0.8728022830978683,0.906121948145339,0.9544316996038,0.943467974097185,0.9625131050152524,0.9661972965770262,0.9197987094973854,0.9055499094902301,0.9409669977890662,0.8006773101112713,0.9217601491198761,0.8465237589272379,0.8766079819236635,0.9487265052554268,0.8573544191143381,0.957509435301382,0.9271857963192043,0.8311464231994985,0.8612104505251645,0.9197987094973854,0.9661972965770262,0.8056017035197615,0.9271857963192041,0.7947330852070881,0.9501049319099926,0.9529545363721539,0.9207659584476899,0.8971901564492133,0.8582835284332406,0.7938826026075035,0.8373957982954765,0.9544316996038,0.9948537157563817,0.8326857532046694,0.9730090101747262,0.9261077324693099,0.6722319823963789,0.9612268306824159,0.9544316996038,0.9544316996038,0.8426153862967798,0.8278089777511934,0.9428163151462241,0.9544316996038001,0.9448229719109482,0.9544316996038003,0.9810522968844484,0.9077810309891681,0.7832373813705658,0.9544316996038,0.9315900378678905,0.9447481688519044,0.8495094192726707,0.8279657565412284,0.9544316996038,0.8933957590212616,0.9250379219402804,0.8270771330414153,0.855714634448849,0.9828201226319815,0.9189129547929049,0.957509435301382,0.7765395464272928,0.9544316996038,0.8181708833001993,0.9944277784720001,0.9774192396189842,0.9122273420708398,0.7449534020133965,0.8485170805722069,0.9487265052554266,0.9544316996038,0.7249893839895218,0.9818668582373643,0.9544316996038,0.9659497926039277,0.9653585620450295,0.858324459587394,0.8342889987034596,0.8009638285360559,0.9544316996038,0.8331553590532295,0.8707710541962024,0.9560086947472868,0.9975440472022225,0.9611839470647201,0.9065887965216868,0.9177477332861093,0.9068053912485843,0.957509435301382,0.6763984140704807,0.8981423730059306,0.9422080421889416,0.9622339996536715,0.9672616040330471,0.8839713153825193,0.9422080421889416,0.9591194968553456,0.9944277784719999,0.9544316996038,0.9625131050152524,0.8338140105455905,0.9904386361787514,0.9915113877198727,0.9350052413014638,0.9515133476881705,0.9616051284891651,0.9692769377093197,0.9799008321613358,0.9290729285038271,0.9544316996038,0.9473756291574582,0.8915055770282614,0.9998698480557453,0.6036350684130178,0.995860482228037,0.8539593087394242,0.9473756291574582,0.9422080421889416,0.8963924002519505,0.9329216899439506,0.9643133649175286,0.9456794242844153,0.9795295863759999,0.9774791703451949,0.9466104231235155,0.9447481688519046,0.9554518077232719,0.9652137684610215,0.9271857963192043,0.9933095589619414,0.9994413910600695,0.9434121517267969,0.9231230454306082,0.8041960100717365,0.9327167510955896,0.8563822015167815,0.9826137334851421,0.9147116017278334,0.849304774108722,0.9766428915122127,0.901969550532447,0.930474153890517,0.7699808760005926,0.9400741852851487,0.8363640334164018,0.8666344692877819,0.9008409057897289,0.9434121517267976,0.9711878805915029,0.9397175498317529,0.957509435301382,0.9387686053374259,0.9676300054188413,0.9743490353345139,0.8395556498231576,0.9625131050152524,0.9575955949663899,0.9774791703451949,0.9607848936032954,0.9727541677821405,0.9501049319099923,0.9501049319099926,0.6405418480890166,0.9625131050152524,0.9327167510955896,0.8435110105594605,0.9218739081138492,0.9529545363721539,0.9529545363721539,0.8702278981827851,0.960900739115506,0.9501049319099926,0.8849118467483819,0.9544316996038,0.9607848936032957,0.9544316996038,0.9544316996038,0.7804362199469097,0.9422080421889416,0.9271857963192041,0.9544316996038,0.8239794143657337,0.7847678637480736,0.9711878805915029,0.901890499100299,0.8933957590212613,0.8572755626114628,0.9137092609592148,0.9127113681766141,0.7482956255273319,0.9487265052554266,0.8981423730059305,0.9607848936032957,0.9743490353345139,0.9563901792747658,0.9050457185079468,0.9327167510955896,0.7901730830452838,0.9515133476881705,0.900188966460662,0.9607848936032954,0.9068053912485843,0.957509435301382,0.9528206548013269,0.8717566193418782,0.996566586696046,0.9422080421889416,0.9679287556550145,0.9315900378678905,0.9595131865896311,0.7046386402333293,0.9776317763878946,0.9652137684610214,0.9329216899439512,0.9559485503920393,0.9229213960709448,0.8532293824478362,0.889325715929772,0.8807450411223992,0.9907554246552421,0.9501049319099926,0.8642683597030214,0.9010097382828826,0.9529545363721539,0.8581844531301606,0.933854925314779,0.9661972965770262,0.8258229735464788,0.9038824166119825,0.916326873636754,0.8550590262373865,0.9447481688519046,0.960900739115506,0.8783163635116332,0.9544316996038,0.9591194968553456,0.9250379219402804,0.9005384212506021,0.87549889916545,0.9940867605460232,0.9799008321613357,0.933854925314779,0.8485170805722069,0.9422080421889416,0.798161992736315,0.9448229719109481,0.8148130677930066,0.9290729285038271,0.9069958728502843,0.9799008321613358,0.9859983918197512,0.9684030202148093,0.9343882429311449,0.9409669977890665,0.9899408532768108,0.9950134961659546,0.8300905497246422,0.8069097031659278,0.9759742607288062,0.9894245925674199,0.8754988991654498,0.9115437007410547,0.9643133649175286,0.943467974097185,0.8197279139120376,0.9211495461267734,0.9981922472699296,0.8955339364505321,0.9765837058865926,0.848318897532643,0.8573544191143383,0.9661972965770262,0.8471830113028012,0.9652137684610215,0.9261077324693099,0.9250379219402804,0.9466104231235153,0.8338140105455902,0.9327167510955896,0.8166333005972791,0.9253034294291276,0.9460501530640812,0.7651984326628318,0.9591194968553456,0.9661972965770262,0.9544316996038,0.9264488104519896,0.8792678792793371,0.8582835284332405,0.9282725629505153,0.9544316996038001,0.9714637322658977,0.8745818404295129,0.9966922538063423,0.9304741538905168,0.9137092609592146,0.9029316112204655,0.8933957590212616,0.818292611272519,0.9350052413014638,0.9966922538063423,0.9335689453150369,0.9395538742599338,0.9607848936032957,0.9127113681766139,0.9361684345174044,0.8879369722234247,0.9239759423528267,0.9661972965770262,0.9883880331853732,0.9515133476881705,0.9661972965770262,0.9473756291574582,0.9554815748429076,0.9544316996038003,0.924513032454822,0.8962395095530544,0.950716529670402,0.8280234816778044,0.994086760546023,0.8032355692370527,0.7695919367481677,0.9529545363721539,0.9591194968553458,0.9501049319099923,0.9529545363721539,0.9529545363721539,0.780083417223183,0.9544316996038,0.9501049319099923,0.9167305843279034,0.9544316996038,0.9409669977890662,0.901969550532447,0.9625131050152524,0.957509435301382,0.7895958714484503,0.7449534020133965,0.9529545363721539,0.8170571011959709,0.9416467981218895,0.9422080421889416,0.8124659496048643,0.9544316996038,0.9167305843279034,0.957509435301382,0.9409669977890662,0.9353779681295005,0.9931344261826374,0.9625131050152524,0.9559485503920393,0.9965573445764311,0.9343882429311452,0.9965573445764311,0.9544316996038,0.9239759423528267,0.9793236882044447,0.9846299338167082,0.9211495461267729,0.9460501530640815,0.8639461643560566,0.9373453016197315,0.957509435301382,0.960900739115506,0.8769212489428941,0.9544316996038,0.9544316996038,0.8943424304056793,0.9448229719109481,0.8872310446341196,0.9501049319099923,0.9460501530640812,0.9008479310350785,0.9515133476881705,0.9378924408160147,0.8195687442710177,0.9544316996038,0.9544316996038,0.9368971868932461,0.9457520766884308,0.9554518077232719,0.8887281516764467,0.9612268306824159,0.9294602099744049,0.8563822015167815,0.8350509347173096,0.9397435965156078,0.946265135324582,0.9544316996038,0.8367162284768284,0.9591194968553456,0.9661972965770262,0.8485170805722069,0.9625131050152524,0.7949546003349717,0.9544316996038,0.9544316996038,0.7984206482463508,0.9544316996038003,0.8220992211640019,0.994086760546023,0.8717185331373518,0.9097421633544907,0.9048463830468082,0.9097421633544907,0.8551297491874893,0.8660153996906965,0.9544316996038001,0.9239759423528267,0.9091978928822666,0.9559485503920393,0.7771757990417099,0.8696082042498418,0.9829584230331379,0.9197987094973856,0.9261077324693099,0.9692769377093197,0.908213390673464,0.9544316996038,0.7692571359771145,0.9261077324693099,0.8395556498231578,0.8858525408230953,0.9146015061215471,0.9473756291574582,0.9115624916377842,0.9948537157563818,0.9560086947472867,0.9893103905389391,0.8439156278033093,0.9161682054358171,0.9643133649175286,0.930474153890517,0.8937900805723632,0.7880245640829152,0.9591194968553456,0.9529545363721539,0.925487806971186,0.9903434298372484,0.8399643664537929,0.9207659584476898,0.9661972965770262,0.981600181169821,0.9661972965770262,0.9661972965770262,0.9127113681766139,0.9776317763878946,0.9477170828887949,0.973053360823401,0.9643133649175286,0.9940867605460231,0.8717566193418784,0.979398290773964,0.985998391819751,0.9765837058865926,0.9903434298372482,0.9452352847073291,0.9559485503920395,0.8544714100233914,0.8809270560698733,0.8735181677292321,0.915522871137788,0.9544316996038,0.9029316112204655,0.9544316996038,0.7832373813705658,0.9643133649175286,0.6056724820408861,0.9409669977890662,0.9050457185079468,0.9544316996038,0.7981619927363152,0.8258229735464786,0.9409669977890662,0.7967459576737137,0.8658132522749342,0.8196726783312485,0.9591194968553456,0.8077125695029685,0.8387640413572675,0.9516333298064146,0.8853172535850607,0.9422080421889416,0.8592923977687699,0.9661972965770262,0.9400741852851489,0.9544316996038003,0.9917282321179908,0.9373453016197315,0.8158831971272507,0.9554518077232719,0.8616683307696413,0.5379637233866096,0.9529545363721539,0.9576073188885355,0.87549889916545,0.9068053912485843,0.8270771330414153,0.8159378637269961,0.9544316996038,0.8157177922735033,0.8773844821970238,0.930474153890517,0.9544316996038,0.9789002264182658,0.9487265052554266,0.9625131050152524,0.9989330715481035,0.9529545363721539,0.8956033810680568,0.8378990100945458,0.9077810309891681,0.9554815748429075,0.9931344261826375,0.9989330715481036,0.832198064937085,0.9544316996038,0.7980807992789898,0.9544316996038,0.950716529670402,0.8830333887596136,0.9728163709531414,0.9661972965770262,0.8029957991947377,0.979432928948726,0.9984254449549754,0.930474153890517,0.9544316996038,0.7608239662234488,0.9352582729821668,0.8975471906241121,0.9115437007410547,0.9239759423528269,0.9591194968553458,0.9327167510955896,0.9147197078398365,0.9727541677821405,0.9038960691476476,0.8784245992207029,0.9727541677821405,0.930474153890517,0.9591194968553458,0.8971901564492133,0.9727541677821405,0.9661972965770262,0.9496811510501817,0.8197279139120375,0.8971901564492133,0.9529545363721539,0.9828201226319815,0.9409669977890662,0.9029316112204655,0.9239759423528267,0.9400741852851489,0.9836243259051826,0.9373453016197315,0.8356601904040853,0.8105915487398064,0.9791798191501645,0.930474153890517,0.9117176971980812,0.9868289698267129,0.96664472544214,0.9177477332861095,0.9923551296406041,0.8945024258106785,0.957509435301382,0.9117176971980812,0.9048630781107276,0.9350052413014638,0.9883880331853732,0.9528206548013267,0.9591194968553456,0.9607848936032957,0.8942891524164728,0.9338549253147792,0.9511406889628222,0.9743490353345139,0.9327167510955896,0.9282651243421642,0.943467974097185,0.9828201226319815,0.9544316996038,0.9828928141156721,0.9648675459392013,0.9218739081138494,0.9528206548013269,0.9665194306481356,0.9607848936032954,0.8776603460423872,0.9272672026256054,0.9385367079941815,0.9161682054358171,0.9864847804128756,0.9231230454306081,0.9342041137155991,0.9403931336275564,0.9460501530640815,0.8737201249409577,0.9529545363721539,0.9523628433793618,0.9356465182356667,0.9652137684610215,0.9559485503920393,0.8981423730059306,0.9350052413014636,0.887936972223425,0.9087598936651087,0.9475413298941462,0.9315603365039825,0.9799008321613357,0.9515133476881703,0.9144538550233172,0.9434121517267975,0.9127113681766139,0.957509435301382,0.9879778359082554,0.9409669977890662,0.9560086947472867,0.9440100680280117,0.9466104231235157,0.9692769377093196,0.9643133649175286,0.9356856974167589,0.9625131050152522,0.9078255471994475,0.9607848936032957
p94_F,0.792701001665733,0.9985862887416472,0.8456737070075293,0.9419297756780971,0.9275522446953857,0.946258035412129,0.9446719884701489,0.8739981892998827,0.8628087882864628,0.9432628256129656,0.9974846527946568,0.933861375631473,0.9808396689061133,0.8894628186153251,0.8724902307321463,0.98379412513154,0.9206732387984036,0.9022812459376925,0.9404006431802041,0.9432628256129658,0.9174357591301507,0.9937166764217946,0.9866030402791095,0.9798175375448483,0.990094017201337,0.9022812459376921,0.9206732387984038,0.8808199067953637,0.9432628256129656,0.8434853682894033,0.8930282606473356,0.9350052413014638,0.9184817171461355,0.8842347516782392,0.9275522446953857,0.9404006431802039,0.929963842972795,0.9184817171461355,0.9462580354121288,0.9003870625528827,0.8565016117177142,0.8684896660692434,0.8624668003020075,0.939152710725605,0.9901683301057446,0.7824175009197185,0.9839674685144806,0.9735469133022016,0.9003870625528829,0.8456737070075293,0.9582291749307172,0.7854628216989827,0.9022812459376921,0.9985862887416476,0.689836081851183,0.8985159947466637,0.8985159947466637,0.9275522446953854,0.9956919465631329,0.9229124393123012,0.8660034226470061,0.9383051485204812,0.9395449643646789,0.9400757463595382,0.9376530086096915,0.7709851615704779,0.9350052413014638,0.9773554955128889,0.7753917691296881,0.9982522182750793,0.8877049890176527,0.9003870625528829,0.6856702229525605,0.8815560588411535,0.9275522446953854,0.8380594322760746,0.9529366743750116,0.9142266602978066,0.9316730110197924,0.946258035412129,0.8359993622116431,0.944688486580157,0.8948378117301918,0.9022812459376928,0.9275522446953854,0.8825207683757945,0.9529366743750116,0.8680256563622739,0.7475008853864834,0.9252037445446057,0.9275522446953854,0.8722512319713729,0.8239901380012877,0.9107989982955752,0.8946257911893254,0.9422610511499967,0.8688749213726972,0.8655292753164372,0.8741589243497462,0.8338544992732518,0.970755146873232,0.9324454498571317,0.9275522446953857,0.9724884149924613,0.9442669069485907,0.9404006431802039,0.8676123050779097,0.8093979786088968,0.8899469472002199,0.9713123626186633,0.8475528129637406,0.9821448110590096,0.8764081982931557,0.9492839750428488,0.9324454498571317,0.8317022725749944,0.9560464317857672,0.9404006431802039,0.9462580354121286,0.9355284068510199,0.5690371931177992,0.8365455300348619,0.9101213268023749,0.9339138423549526,0.8368727250734078,0.9742881382500803,0.929963842972795,0.6869855174459953,0.9721820378192461,0.5542795585975131,0.9392628004332157,0.9324454498571317,0.9350052413014638,0.9462580354121288,0.9206732387984038,0.9094884033092889,0.9982705662093613,0.935005241301464,0.9350052413014638,0.968640006673642,0.9308796243393782,0.9432628256129656,0.9848788171014369,0.8170245918162768,0.8655292753164372,0.9935102554709552,0.9655791710424327,0.9954004231416074,0.7695273527363702,0.8248926798779332,0.9432628256129656,0.9827983327295364,0.954503876655469,0.9813199728731583,0.9883880331853732,0.9370632386318549,0.9857571363679154,0.8774549020235316,0.9335860472634876,0.8622112935825186,0.9393772383623689,0.932445449857132,0.9061450951233825,0.6336807201158878,0.8533836626942162,0.8808199067953637,0.733435996587612,0.9400757463595382,0.8948378117301918,0.9983885175663375,0.9419297756780973,0.9252037445446057,0.8985159947466634,0.9163410296045973,0.950523064545183,0.8767458614841255,0.9404006431802039,0.8635700326345708,0.8859625712873518,0.8638670046962087,0.9046783479507619,0.9716101217633679,0.9931252770634839,0.3701218563357844,0.8087450518895547,0.9050948658335487,0.8895368177727607,0.7162095209791204,0.8709667178740068,0.9937053631834569,0.894177291242335,0.9935786529621748,0.9764211474326004,0.9256359157013889,0.7252143920641367,0.9275522446953854,0.929963842972795,0.9229124393123016,0.8332268540558648,0.8743344902595092,0.9151285683178759,0.5580350294343481,0.9275522446953854,0.8840245820004136,0.8840573482979427,0.9432628256129656,0.9275522446953854,0.9990825408341073,0.9106086590743894,0.8896745771163432,0.9976453864514689,0.8933590343020352,0.9252037445446055,0.9275522446953854,0.6341669839109718,0.9275522446953854,0.8580038305240791,0.8573161788496182,0.9732220615369735,0.9275522446953854,0.9889136318665026,0.9275522446953854,0.7758955777118348,0.9265105940822267,0.8808199067953637,0.8230100022103346,0.9324454498571317,0.7248474641061979,0.9229124393123009,0.9081181966045127,0.9529366743750118,0.9880029397498309,0.9118630069110325,0.8555391213641869,0.9350052413014638,0.9763501189986379,0.8388771360177494,0.8897181908471419,0.9907068309121403,0.942085822740748,0.9420858227407478,0.9206732387984036,0.8365455300348617,0.9399048586036758,0.9275522446953854,0.7398347952693687,0.9275522446953854,0.872223084957999,0.8791314954080307,0.9350052413014638,0.0,0.6833646632039669,0.929963842972795,0.8774549020235312,0.9101213268023747,0.8472070714583104,0.8776283584600684,0.8263369548708454,0.9324454498571317,0.9135038592138274,0.8893840423644392,0.8896175993511685,0.9252037445446057,0.8404453338613613,0.7990564356667831,0.9462580354121288,0.9340084728533048,0.9990825408341074,0.9063747143991655,0.9116107977387804,0.9681114545040088,0.7980807992789891,0.6561198158889041,0.6842622382840275,0.9115200681662385,0.9404006431802039,0.9928443534876483,0.8774549020235316,0.9396813390495187,0.9444720616003699,0.9404006431802039,0.9691616615437042,0.7348818224750606,0.7294945050968882,0.9102566149674474,0.8894628186153251,0.932445449857132,0.916763017547936,0.9603669183854397,0.9229124393123012,0.9324454498571317,0.932445449857132,0.7126772758271861,0.9404006431802039,0.8587660956446996,0.8196708144555607,0.8365455300348619,0.9782986056976812,0.8860446315351705,0.9275522446953857,0.9895844092102013,0.9229124393123016,0.9582291749307174,0.9474249368874276,0.9237933266762686,0.9839674685144804,0.9370632386318549,0.7374193430362372,0.7788424809326608,0.900832058342713,0.7565230142236766,0.9892738844425235,0.8910546297980166,0.8743344902595094,0.9396286871775941,0.9432628256129658,0.9202538117870076,0.9432628256129658,0.9531239189732772,0.942085822740748,0.8708552650198254,0.9645105128281708,0.9275522446953854,0.9350052413014638,0.9393062642835555,0.902281245937693,0.9404006431802039,0.7849699194791249,0.9252037445446053,0.9275522446953854,0.8499606020007393,0.42323203077616856,0.9462580354121288,0.7947047012361299,0.9103167944452415,0.9061450951233825,0.6379324236272619,0.912317116859704,0.7559924539288123,0.8499606020007391,0.9184817171461355,0.773211815024138,0.9324454498571317,0.9167630175479358,0.731544461654493,0.9163339973465923,0.8552147136055339,0.9462580354121288,0.7324417276741813,0.8842347516782392,0.8188417259692594,0.9206732387984036,0.9252037445446057,0.7459275065139548,0.9905401113208032,0.9976537215684178,0.8322998988625588,0.7414801668228579,0.9275522446953854,0.9278089651893657,0.6993542244455814,0.8859625712873518,0.795844610717572,0.8144145328114433,0.953938460437813,0.9275522446953854,0.9275522446953854,0.6594988244994543,0.9935786529621748,0.9933088647891389,0.9275522446953854,0.9432628256129658,0.9275522446953857,0.8894628186153252,0.8533836626942162,0.8424787808944966,0.9275522446953857,0.9253930751088406,0.9529366743750116,0.7607392710856495,0.7474977281132698,0.9275522446953854,0.8305129246052401,0.9126333026427302,0.7378378186505827,0.8998538077760159,0.9937053631834567,0.9945793058675619,0.9324454498571317,0.8948410675316363,0.9275522446953854,0.8569067138581175,0.7996090066464221,0.8451977989237243,0.7575793480087789,0.721060295022832,0.8672091768155115,0.9184817171461352,0.9275522446953854,0.9572308554995302,0.9727822696574472,0.9275522446953854,0.6305770524061555,0.9573319001607061,0.7747540550071188,0.7365407537952497,0.9474249368874276,0.9275522446953854,0.9341968073622131,0.999792885629691,0.9376530086096915,0.8050089130351918,0.8827437019680537,0.8970614495800682,0.9880628110646263,0.8518325205937483,0.9324454498571317,0.8408182974981264,0.8380594322760744,0.974154537883592,0.9258987741380016,0.7907660389563298,0.8155292675303607,0.9081181966045127,0.9350052413014638,0.9022812459376932,0.9275522446953854,0.9404006431802041,0.8596424572452426,0.7332164371859557,0.8776283584600683,0.9965591397849463,0.968640006673642,0.9742752531352845,0.9204750733110448,0.9229124393123012,0.955855656546232,0.9275522446953857,0.9560464317857673,0.8772853936381584,0.878688605961084,0.9438962066300456,0.9814211538373907,0.6932532120236476,0.9588738543024724,0.8956696942089946,0.9076233138548375,0.9529366743750116,0.9432628256129658,0.9305321988271386,0.944446698490097,0.9519838068629043,0.8306046177393214,0.9655033215314223,0.9182141149920251,0.9324454498571317,0.916763017547936,0.976350118998638,0.8738186860860648,0.9396813390495186,0.920634029237422,0.5862253847210934,0.9276398400468777,0.9473790259104964,0.8888442376400891,0.8644023815981581,0.9010098990098929,0.7560070311319587,0.9181218135483957,0.9569057808979562,0.9011379475927439,0.9741545378835921,0.7398397929480112,0.7111123734663684,0.9465787190015937,0.5542474244817728,0.9634826862601762,0.6490316140347965,0.9324454498571317,0.8904863396123519,0.8529864984732081,0.946847692557121,0.6141955355507355,0.712489906250545,0.8158507075675501,0.8722512319713731,0.9931284229919284,0.944446698490097,0.9206732387984038,0.9206732387984038,0.9582291749307174,0.9404006431802039,0.8930282606473359,0.7726260742525232,0.8757895304704919,0.9252037445446055,0.9252037445446055,0.846248144721591,0.9265105940822267,0.9455891145578188,0.8411444086656643,0.9275522446953854,0.9931284229919284,0.9275522446953854,0.9275522446953854,0.9612540994444185,0.9081181966045122,0.8842347516782392,0.9275522446953854,0.9384942547187188,0.9872488790222196,0.8060968679283824,0.9608625104403852,0.8305129246052401,0.9623678861544245,0.8915313000367351,0.861222266702258,0.8988721758986083,0.7333563264070366,0.8780572711024459,0.8959207482435981,0.914684230466458,0.9847729295781842,0.8630974012257893,0.8930282606473356,0.9509575491863043,0.9686400066736423,0.7343175410400132,0.9376530086096915,0.8791091811518512,0.9324454498571317,0.886133027451462,0.8839433174378557,0.9042000439512239,0.9741545378835919,0.992083041806179,0.9253930751088408,0.9588042122291982,0.895669694208995,0.9494934491839361,0.932445449857132,0.9121566723282291,0.9703287678830984,0.9709167163788563,0.9288768201664249,0.920836289925879,0.9883880331853732,0.9976453864514688,0.9206732387984038,0.8998538077760158,0.8426181754406723,0.9721820378192461,0.7170979328889535,0.8948378117301918,0.9462580354121288,0.8489013610745821,0.9814211538373907,0.7968266435591363,0.7405777400304276,0.9121566723282286,0.9854088830865437,0.9658846209894822,0.9275522446953854,0.9350052413014638,0.9919265098151697,0.4439342652325272,0.9656883922956944,0.8839433174378557,0.9686400066736423,0.8948378117301918,0.8023806185941758,0.7779424286970992,0.9643637623654486,0.9432628256129658,0.892948352524592,0.7527413697147931,0.8594109967046707,0.9229124393123012,0.9944777937421576,0.9596067197820779,0.9320055225938175,0.9446884865801572,0.8564027191503285,0.9790701068242309,0.7298657582033237,0.8441304263382297,0.855539121364187,0.9752567738510713,0.8020592119962242,0.9276398400468782,0.9355758535992384,0.990094017201337,0.7709139895948853,0.8796953582226248,0.8823144159937879,0.9274415389579924,0.9252037445446057,0.9384159066143357,0.773211815024138,0.9462580354121288,0.9982705662093612,0.9324454498571317,0.914684230466458,0.8964863222730702,0.9799701406110684,0.8010391253342477,0.8930282606473359,0.8899469472002202,0.9791100127950296,0.9142266602978064,0.7929264958075513,0.9350052413014638,0.9899835764925833,0.9275522446953854,0.6278412602763099,0.9022820103908598,0.9346846814992047,0.8859625712873518,0.9275522446953854,0.9379362841850482,0.8993213548890531,0.9535996052089042,0.8894628186153251,0.8628087882864628,0.9785613318267481,0.9935455190821888,0.8484865419197842,0.9678494623655913,0.6668169370228716,0.8095013281374099,0.9498037239005273,0.9376530086096915,0.8612222667022578,0.8985159947466637,0.9324454498571317,0.9106086590743894,0.9899835764925834,0.8897849462365582,0.9229124393123016,0.9462580354121288,0.9163339973465923,0.884766548873631,0.9275522446953857,0.9954004231416075,0.8350341233526903,0.9404006431802041,0.8307117975845807,0.9121566723282286,0.7909033047077674,0.7382621257064018,0.9252037445446057,0.9350052413014638,0.9652524543463294,0.9252037445446057,0.9252037445446057,0.7254260578854002,0.9275522446953854,0.7672722523661146,0.7200996718918713,0.9275522446953854,0.9061450951233825,0.997366491079042,0.9404006431802039,0.9324454498571317,0.6185436763324144,0.5216455167346192,0.9721820378192463,0.8758872719190751,0.8665410232336315,0.9473606184418109,0.9185956778854971,0.9275522446953854,0.8676123050779097,0.8614664755134731,0.9832318780369318,0.8988607231842209,0.8692294415124868,0.9404006431802039,0.9798175375448483,0.950107672001856,0.9005283589274587,0.990094017201337,0.9275522446953854,0.9005283589274589,0.9124581903632238,0.9622514194464207,0.7701168320027254,0.997484652794657,0.998252218275079,0.9737394147108267,0.9839674685144806,0.9556928279091391,0.960470303231495,0.9275522446953854,0.8790589891285873,0.8572801817680791,0.9432628256129658,0.8997748677549584,0.9206732387984036,0.794370365963218,0.9207107204421492,0.968640006673642,0.8891587563525765,0.8504752166759653,0.9275522446953854,0.9275522446953854,0.7175439024367258,0.9599146679275932,0.882314415993788,0.8155773006658744,0.8460362824838277,0.9903511166197145,0.903450797855955,0.9931857197759593,0.9042000439512239,0.8387186585616409,0.9275522446953854,0.4122666763168533,0.9350052413014638,0.9462580354121288,0.8239901380012877,0.9404006431802039,0.9383051485204812,0.9275522446953854,0.9275522446953854,0.7832103179669065,0.9275522446953857,0.9581855572804572,0.9121566723282284,0.8418946255500956,0.8843596565983223,0.783010752688171,0.8370598945955987,0.9377529694593083,0.9220996502561909,0.9275522446953854,0.8791314954080307,0.9730935023487233,0.929963842972795,0.8281930564402953,0.9038648435225802,0.874320136164976,0.8724902307321463,0.8825207683757943,0.9299638429727952,0.9702383881766911,0.9275522446953854,0.9253161356239787,0.914684230466458,0.856501611717714,0.9877062053888919,0.9493973120086683,0.615727576138726,0.9802289924136669,0.7915243690544611,0.9931284229919284,0.8363673959571323,0.8734748599134134,0.41063852798270695,0.9432628256129658,0.9756512568194128,0.9768086827916644,0.9502768986869881,0.9883880331853732,0.9252037445446057,0.896638434470552,0.9346355708099479,0.9735629864071065,0.712621369744101,0.9462580354121288,0.9735629864071067,0.9262251883972956,0.6711916360161432,0.9962981125733233,0.9846889590045791,0.8791091811518512,0.8790589891285873,0.9961565139931365,0.9121566723282284,0.9247233194846387,0.804039053081631,0.962001961701989,0.9252037445446055,0.6680490924939257,0.9025784414470228,0.7709139895948844,0.8771494236292641,0.6350273002642541,0.9615459061074563,0.9251767784811904,0.9275522446953854,0.8456737070075291,0.9757533722166009,0.9256359157013891,0.9432628256129656,0.8306046177393213,0.9061450951233827,0.954503876655469,0.9275522446953854,0.9643637623654486,0.8069611937921393,0.9061450951233829,0.9623678861544243,0.9253161356239787,0.9502768986869881,0.9350052413014638,0.938282675520304,0.931713431873551,0.9956919465631329,0.9061610952858534,0.9081181966045127,0.820526544422405,0.9462580354121288,0.9081181966045127,0.9758994362393925,0.9932316441455897,0.9162320570522574,0.9011475893375777,0.9393062642835558,0.7509193098950355,0.7823646060405737,0.9252037445446057,0.8060178455373537,0.8020592119962242,0.8518325205937483,0.8622771332203583,0.7073648019871452,0.9275522446953854,0.9276121546275616,0.8050570472652661,0.8894628186153251,0.9275522446953854,0.8375584557741429,0.8639170600745966,0.9404006431802039,0.7779424286970988,0.9252037445446057,0.8922965439848736,0.9859275987813498,0.9543639018006898,0.7764078206837781,0.9822288465473384,0.9081181966045127,0.7543168814610928,0.9275522446953854,0.7474193548387081,0.9275522446953854,0.9404006431802039,0.9990825408341074,0.9371448389585988,0.9462580354121288,0.7893575926490839,0.9689099386401616,0.893359034302035,0.8894628186153251,0.9275522446953854,0.6763635629665927,0.9571570121103328,0.965302027625028,0.9339138423549527,0.9106086590743891,0.9350052413014638,0.8930282606473354,0.8013577725926948,0.9919265098151697,0.8472070714583104,0.9801763252959036,0.9919265098151697,0.8894628186153253,0.9350052413014638,0.8365455300348619,0.9919265098151697,0.9462580354121288,0.902281245937693,0.9703287678830984,0.9905401113208032,0.9252037445446055,0.9595492191461488,0.9832318780369318,0.8988287569352167,0.8791314954080309,0.6994575850225031,0.8774549020235316,0.9003870625528829,0.8399047890821917,0.843163315391073,0.9423100764371373,0.8894628186153253,0.887918992030285,0.9340084728533048,0.9731475307392758,0.869229441512487,0.9737394147108267,0.929963842972795,0.9324454498571317,0.9706983340445027,0.9564123911649454,0.8966666666666667,0.9678494623655916,0.9422610511499965,0.9582291749307171,0.9376530086096915,0.9853749356348119,0.8948378117301918,0.9514224988613698,0.9468476925571214,0.8930282606473356,0.9155670242717396,0.9699196375991819,0.8912369310715329,0.9758994362393925,0.8979419680083087,0.9498601865175251,0.9083097509249546,0.8580690156021946,0.9202100816944982,0.951396162625835,0.9818195492873296,0.9315618902556092,0.9022812459376921,0.9206732387984038,0.9650166107570195,0.94849207411803,0.9900168733886221,0.9483930538628411,0.9142266602978069,0.8452770961779121,0.9252037445446055,0.9350977706063666,0.8698009261237304,0.932445449857132,0.9798175375448483,0.8380594322760746,0.8966666666666667,0.9324454498571317,0.8549399288486859,0.8050570472652661,0.7774803425221101,0.9229124393123014,0.9856324259650169,0.9988880720635471,0.9396813390495187,0.861222266702258,0.7584224381987763,0.970238388176691,0.9446884865801572,0.9376530086096915,0.8472070714583102,0.9420850922811461,0.9703287678830983,0.9961565139931366,0.8878770571301755,0.998252218275079,0.9400208327492241,0.9376530086096915
p94_GAP,0.6981304956562289,0.8101375737925206,0.5126055905381032,0.9260241912985483,0.8061796741685836,0.830271740571741,0.9383519160818289,0.9438179063375813,0.5796169142609193,0.8261452162494145,0.826149613111547,0.7708083464141853,0.7708083464141855,0.6509006780380934,0.9851916360592898,0.8277900759863982,0.8793655559872963,0.6913839274823119,0.9466282415065835,0.856116501055498,0.6899680126550254,0.7701028389685363,0.8927709258221883,0.8435002207563183,0.809355004947091,0.7005689296405748,0.7494696517315873,0.690425962477546,0.8561165010554981,0.8096907280362939,0.7528974008782923,0.8319518115156921,0.7932724727362876,0.8158774734460299,0.8061796741685836,0.8117728822598589,0.8078642642936519,0.7425483722735078,0.8353231768642491,0.6854017038809372,0.5468023571395529,0.7064485353366212,0.8353231768642488,0.6373668520784874,0.9573030985407216,0.4690474301201707,0.8166739329437201,0.5650932414846004,0.6854017038809371,0.5271113765339912,0.8319518115156921,0.3486224422214286,0.7005689296405748,0.8597190042261902,0.7502106230987007,0.7215908919131213,0.9110337272239509,0.7711949776746383,0.6631391992013618,0.7565415109136846,0.5894059541966403,0.6146310524726988,0.9177286235252597,0.8714959064616481,0.8030952829801472,0.5567971921968835,0.8258426771468563,0.7166794801354552,0.7609291099926696,0.9129144016949025,0.6453490879488144,0.6854017038809371,0.8061796741685838,0.2550447313657753,0.7711949776746383,0.48855813326911113,0.7938679733537373,0.8018897151098274,0.4268988088100931,0.8302717405717412,0.7614321208592263,0.8158953503148914,0.6678760199858849,0.9085436213669944,0.7711949776746383,0.6289762449985727,0.9839890484353477,0.6834334721422946,0.8188735108772993,0.7637779275925334,0.7711949776746383,0.5590708985830011,0.554213845574351,0.49857900277704204,0.9132622641480992,0.9085421029297882,0.5488600809703135,0.5235971260046118,0.2500217192077283,0.3192061146073877,0.7426400958365467,0.8166739329437196,0.771194977674639,0.762666375766658,0.6693712438297079,0.8117728822598583,0.5818922288911461,0.16279849308465,0.7245926068511888,0.31504931190085816,0.48393694578377444,0.9623805893955588,0.3891002022405785,0.7144200290895082,0.7866487334406878,0.28275947358444076,0.9340911498766938,0.8173748798116494,0.8302717405717407,0.40646350541439924,0.6733152114561516,0.6183907614025539,0.716144527306747,0.9747717691648858,0.8868276519785262,0.4403912887609456,0.7788113047144825,0.9077913240031382,0.9554188735897675,0.8130708759758316,0.44390717183007666,0.8166739329437196,0.794733085207088,0.8353231768642488,0.7754488325827292,0.7176395341242314,0.6600031548075644,0.8258426771468561,0.8258426771468563,0.8098383097811253,0.4740982302881256,0.8208122474227111,0.5692621534835545,0.5486312891690991,0.6748433865958976,0.6092829154492483,0.6720833113249229,0.309798461405538,0.694764748408291,0.2347624324072478,0.8208122474227105,0.589405954196639,0.8438558736730619,0.9041496111751931,0.9502810449059294,0.716138319019008,0.6692785988073964,0.7400650369402717,0.7624505602076752,0.5136911041106316,0.7913531995553991,0.8466991324467523,0.7934336330108842,0.35503692264654396,0.600976873662044,0.6421442870036256,0.6100247702961998,0.660445099402286,0.8519157031075456,0.45343528445776826,0.8474174732241326,0.7637779275925337,0.8363758256949432,0.7258151370856238,0.8377171592951376,0.7680740866467468,0.8792005618832213,0.9946713707754598,0.8508050019634457,0.6088760137864693,0.9703159367668563,0.7412606664661783,0.8899845233005252,0.7708083464141853,0.8951642011976406,0.5004343898262348,0.433265767311785,0.6028717187104728,0.8597190042261902,0.8356485630840453,0.7904356987130696,0.747001494291758,0.42265624924877643,0.2023696813038076,0.8106136891524247,0.7711949776746383,0.8144472611771492,0.9164319075160072,0.8267685644904574,0.5638204053386742,0.6200419926237886,0.8255629024133946,0.7711949776746383,0.49127743563063475,0.2992917207635877,0.8614494698822024,0.7711949776746383,0.8405177958090336,0.6846644780025133,0.6090577628506979,0.7090160616883008,0.5886295324713839,0.7637779275925342,0.7711949776746383,0.7699479220980592,0.7711949776746394,0.5458751724728519,0.5805019639916036,0.5384379429911181,0.7711949776746383,0.5643497853345605,0.7711949776746383,0.5124541036723153,0.8689265320730182,0.6236045717114358,0.4553315918617157,0.7866487334406873,0.0725241016652054,0.809838309781125,0.8012945764591584,0.7308293389422373,0.7639868205479867,0.7956466519612801,0.842908836597967,0.8258426771468561,0.9689039712582768,0.753329394094036,0.7942009150036773,0.7930418103821563,0.8681021893929677,0.6296331645853763,0.7569259120967176,0.48377691631293973,0.8170840981467904,0.7711949776746383,0.5747554742981889,0.7711949776746383,0.7053290698107342,0.6182722187137653,0.8008422195759242,0.6833646632039669,0.0,0.7853943015979801,0.6244957254469494,0.7161445273067473,0.5330342042517616,0.9231892051184237,0.4070021200414691,0.7929984735168574,0.5626874603314875,0.9000355682288135,0.3321396381054649,0.7637779275925333,0.9059428360664095,0.5305274894055924,0.8353231768642491,0.5624168832327372,0.7267492406641853,0.829912239288431,0.8266926780780439,0.5929264963941541,0.8008422195759242,0.3379506703016357,0.35726424662077727,0.5374306164183469,0.8117728822598583,0.264856998914182,0.8605160137031242,0.8158953503148912,0.9192500849628168,0.8117728822598583,0.9046556975488047,0.35997573129890403,0.9706010318338414,0.5902251341087847,0.709855716593905,0.7866487334406871,0.6723019916199671,0.1933875817739461,0.7565415109136848,0.7866487334406875,0.8166739329437196,0.1168996947301566,0.8117728822598591,0.4722856543111629,0.5915149639453967,0.4837769163129395,0.8747810613116502,0.9803420813182645,0.7711949776746388,0.8350166981559513,0.7565415109136854,0.8569522690866245,0.1843872195258458,0.6038599484224552,0.8166739329437197,0.7281488451023697,0.8016642542306835,0.22957096617484196,0.6217424410431542,0.49450942665735376,0.7209905906570353,0.7678035998799911,0.7381618801035348,0.6244667603631635,0.8914207546882854,0.6298322882701719,0.9267250083210729,0.8808214688153005,0.6663207068634687,0.627072985685911,0.7929984735168571,0.7711949776746383,0.800842219575923,0.8938393798507511,0.691383927482312,0.8117728822598583,0.8412846402989773,0.8185324835917438,0.7711949776746383,0.9025654825874349,0.8173748798116489,0.904583981141521,0.861770847387975,0.7143518075403672,0.7035867637948564,0.8319518115156928,0.27167502008479083,0.25446976797887455,0.995775960227779,0.7502106230987007,0.3222424135243326,0.8230236730198899,0.740052209011363,0.3241191690979336,0.7436295523044587,0.6269144566880072,0.8674278608566311,0.07227927019368785,0.672301991619966,0.11437335670464366,0.7494696517315876,0.7637779275925338,0.985867911738701,0.6034336675037076,0.15669146543645285,0.17414374424062595,0.18354080187937494,0.7711949776746383,0.4538450577855322,0.6587623401039977,0.7165584736330783,0.9288757881132793,0.8261452162494147,0.3368676808208617,0.7711949776746383,0.7711949776746383,0.6947647484082908,0.6465707462732551,0.5536050256342759,0.7711949776746394,0.856116501055498,0.771194977674639,0.6705523575566974,0.5369552280886737,0.23871544610122508,0.7993700008850909,0.6764086783590375,0.8176331077389385,0.24436504360069033,0.16067909866612062,0.7711949776746383,0.47937219551068555,0.6421442870036256,0.08431315026390451,0.24111609785177102,0.8157435774934193,0.6218059935931941,0.7866487334406873,0.10875603606847539,0.7711949776746383,0.20855082105028744,0.982876531690664,0.7876069771648442,0.6492072169893595,0.7853943015979803,0.35272169964636335,0.7425483722735078,0.7711949776746383,0.7367337011982935,0.6101753593101573,0.7711949776746383,0.7463467395128083,0.5767372190947067,0.4815039153700512,0.20491902454439836,0.1356301614913602,0.7711949776746383,0.9059932064040837,0.5169228227756899,0.8677534787475789,0.7136887731646979,0.5253942657401693,0.6114978262749691,0.599291162938397,0.5479522673074666,0.7866487334406876,0.7005697385187069,0.5037796173980087,0.8012945764591582,0.3961479178343823,0.8710419384333155,0.43140142917503677,0.892770925822189,0.794733085207088,0.7348158662592487,0.7711949776746383,0.8792005618832213,0.7050288245404993,0.625195532324851,0.8099519168626648,0.7981003255181444,0.8098383097811254,0.7736582391419564,0.9887650186521642,0.8098383097811254,0.8989293071167045,0.8557200473059946,0.9093004346598591,0.5277553807657072,0.7675832236188121,0.8173748798116489,0.3545720245752315,0.8261452162494156,0.8675831283886297,0.9613781878444608,0.5200581977778873,0.8413982421241398,0.8561165010554979,0.6944811407388191,0.7275053930619251,0.8223743108374263,0.9403025310443712,0.8413982421241405,0.6447432177330675,0.996825129961915,0.8997777849239672,0.9201999388599624,0.9795111931084222,0.9057422195309193,0.7388718343518379,0.7856920188609455,0.6722158124104387,0.47087284032772214,0.45322427371901375,0.6561291605551476,0.9573030985407216,0.7662393927948399,0.6924988600584026,0.6809422183293732,0.7124085863009615,0.8699018384814311,0.19071761252671626,0.7856920188609455,0.5426018117604066,0.7124085863009613,0.8017099301042174,0.6889135944336671,0.7866487334406875,0.9119188735190751,0.4350831436107653,0.797669738000595,0.6089944146229997,0.8173748798116489,0.5943379135049199,0.6510188646537212,0.9324116745150108,0.8090017246333322,0.775448832582729,0.749469651731588,0.8319518115156928,0.8173748798116494,0.6621610827297761,0.23921587837013636,0.6077176009905649,0.7637779275925342,0.7637779275925342,0.5638008844643685,0.8174407909134085,0.8274071942850132,0.4642942621947683,0.7711949776746383,0.835424380863864,0.7711949776746383,0.7711949776746383,0.20784018277582406,0.9156400131629461,0.6533456755112992,0.7711949776746383,0.47349510475481693,0.2908303577587197,0.9965085873662846,0.9175405371157885,0.49401969260256506,0.4553886812164948,0.8680139716373151,0.9934778446978249,0.30033635168087924,0.7502106230987007,0.8346537888207443,0.9324116745150108,0.6775060615486668,0.5857800175284837,0.6234597067008982,0.662161082729776,0.8262967737928699,0.8170840981467902,0.6710039198121218,0.8354243808638633,0.579744002040544,0.7866487334406876,0.7643637433128901,0.7545944733274379,0.9182244726931829,0.7784254891184005,0.36405565905977055,0.6963136639496632,0.5894059541966397,0.7184545893849328,0.985051530293813,0.7929984735168571,0.8889285108945431,0.8369172238728212,0.9034636980407001,0.40176769520189737,0.5476722658271846,0.9502810449059291,0.6096940821896748,0.964759358905853,0.6642197123850617,0.5029555887481107,0.8732870395909533,0.1447454881158512,0.6678760199858844,0.867427860856631,0.21097630711665105,0.3935260134889125,0.707606760760954,0.19997341330220042,0.746337704583335,0.628659739994839,0.6766520443791926,0.7711949776746383,0.794733085207088,0.7460451083541155,0.8061796741685836,0.591419472035192,0.7545944733274377,0.8170840981467902,0.7701202883868074,0.3023486631643665,0.9385091005037033,0.1584169968453082,0.8561165010554981,0.26427167049282174,0.7856920188609458,0.4301932936279427,0.8098383097811254,0.9454447741246242,0.782022511583977,0.7833661589651719,0.7709719157068774,0.7374438311369169,0.6217988225163402,0.1468600929696925,0.4162826862860829,0.8618651527066334,0.513884979508705,0.4019316651307756,0.6722158124104387,0.9267250083210727,0.8559602437672629,0.7853943015979805,0.5294151906587197,0.6743939391452627,0.7967707598619136,0.7911552055921389,0.2879075587725439,0.28375592165206576,0.904583981141521,0.54396865988946,0.8830740720259549,0.7601822951112565,0.7904620093411424,0.807834180937243,0.8335715376268162,0.6823314798467393,0.7711978456713606,0.8158813110000365,0.7533699191063874,0.8255629024133948,0.794733085207088,0.9045839811415213,0.7711949776746383,0.7400522090113635,0.4761579370799678,0.4502603961364018,0.639846171730011,0.7711949776746394,0.5638764314726932,0.37121613714940505,0.5894059541966392,0.6509006780380934,0.5667217275818067,0.6210246426428659,0.5685404935171432,0.8267703759046054,0.7358761241647978,0.968178575891789,0.5834923248059336,0.6463178812377723,0.8030952829801481,0.5617111636938394,0.8899845233005254,0.9367747309558498,0.7099910744089917,0.8674278608566307,0.7041060636550824,0.7565415109136854,0.830271740571741,0.7357654281420163,0.8689353193770999,0.7993700008850907,0.5715133128442098,0.4790035808492964,0.8173748798116491,0.778004650958132,0.7783596077126396,0.3263688277444372,0.1600086905086031,0.7637779275925338,0.8569522690866245,0.8014280134338713,0.7637779275925338,0.7637779275925334,0.9864843184240321,0.7711949776746383,0.7569259120967178,0.9547361006723675,0.7711949776746383,0.7035867637948563,0.6463178812377726,0.8173748798116491,0.7866487334406876,0.8412846402989775,0.7853943015979803,0.7911552055921386,0.4215189258691253,0.39306237446570713,0.7184545893849332,0.3050727096981354,0.7711949776746383,0.5818922288911462,0.9367747309558498,0.7934336330108842,0.3768741728964691,0.6216254108727797,0.8117728822598588,0.8369172238728212,0.7245926068511888,0.9781648162272394,0.786052385537005,0.8557200473059943,0.9301163280775344,0.8200357723073598,0.8235242596654819,0.7936850626805663,0.8261496131115469,0.9466282415065833,0.7495224157130861,0.8166739329437201,0.8736447621289338,0.37409088817279357,0.7711949776746383,0.9402451169373498,0.543087544966637,0.826145216249415,0.4092627275689237,0.7754488325827295,0.9717090011218621,0.33242788903680176,0.8098383097811254,0.48676067019645164,0.14335283508906826,0.7711949776746383,0.7711949776746383,0.9876038612256808,0.5416205864538521,0.7443816825801406,0.6509185804963695,0.3627715927401738,0.43911247003361575,0.38127351057834946,0.19798082101276737,0.6974438891813025,0.3300774144527774,0.7711949776746383,0.7122856106753948,0.794733085207088,0.8353231768642491,0.289755404043867,0.8117728822598583,0.38795238830371237,0.7711949776746383,0.7711949776746383,0.07244312438717948,0.771194977674639,0.2164985364261991,0.746337704583335,0.39595608811217764,0.5630370346056575,0.8907786677151228,0.8390265515294388,0.3144799762547512,0.41910957170221197,0.7711949776746394,0.6182722187137653,0.20281372792743801,0.8078642642936518,0.8173748798116491,0.9700114044027732,0.8708281803676547,0.791244682432938,0.6289762449985726,0.7853943015979801,0.5670496786383756,0.7711949776746383,0.2550447313657753,0.8726446237792718,0.5765250596907905,0.6244667603631635,0.5448007410492999,0.7436295523044572,0.5845000235025124,0.40777560670322677,0.8089555424152615,0.8560591193838616,0.41164337821776753,0.756925912096718,0.8208122474227105,0.7988522954409967,0.9302595907554625,0.2562978849847579,0.8008422195759235,0.7911552055921387,0.6149944056713912,0.7521790100012409,0.8383974723823079,0.8111812273801557,0.8353231768642488,0.7283348455480361,0.8353231768642491,0.8724792971491386,0.6779560393487585,0.9850515302938129,0.5459832927998303,0.7780046509581318,0.8561165010554976,0.7701028389685363,0.7308293389422367,0.35791611982716043,0.8186345229676771,0.7708083464141853,0.8153266217715174,0.8031872555398802,0.7853943015979805,0.5371296922881211,0.9586618832187055,0.7007029601186427,0.7271142831189769,0.7711949776746383,0.5126055905381024,0.918879767010391,0.4083290151558405,0.8261452162494145,0.8168388270925608,0.7573320209089749,0.7106847687665518,0.7711949776746383,0.3415622789256523,0.1987556884116587,0.959487476645039,0.1514607864143911,0.24253939644753153,0.18251835551673956,0.825842677146856,0.4589232581722815,0.9067537430457375,0.9458010022388863,0.3041439814051088,0.7098182270961277,0.34504231983558586,0.830271740571741,0.7555564017776429,0.7993700008850908,0.8964728027469131,0.9632581218202491,0.2955890226849456,0.9602650230821335,0.23274491937694064,0.7780046509581315,0.7637779275925338,0.3226569467589886,0.3748619784301457,0.5320563999409278,0.1568319556862403,0.0879367387285559,0.7711949776746383,0.18461728619869655,0.3843297633570453,0.6509006780380935,0.7711949776746383,0.31313625593079,0.9454447741246241,0.8117728822598583,0.9156400131629463,0.7911552055921386,0.46382364504311,0.7222848990290447,0.9530959243155821,0.9952305429176528,0.933258781348309,0.778425489118401,0.1943319961868436,0.7711949776746383,0.7455888645573139,0.7711949776746383,0.8173748798116494,0.6032803790383723,0.4945094266573533,0.8353231768642491,0.6777606622482093,0.6332541231378865,0.6013749305234535,0.6705523575566974,0.7711949776746383,0.4939563316607538,0.3419261292848965,0.6290881198057602,0.8638650538994084,0.6366159898528143,0.8569522690866244,0.6621610827297759,0.6667267971503046,0.846081155217711,0.5318099317208076,0.35500194716390276,0.846081155217711,0.6705523575566977,0.794733085207088,0.49873401021178554,0.846081155217711,0.8353231768642491,0.9085436213669945,0.8435002207563185,0.6333478553013997,0.7911552055921389,0.686631782740931,0.7485101984028704,0.7129726087135855,0.6366159898528121,0.7641927640664483,0.6244957254469528,0.7375118896297235,0.7981856244137904,0.7783596077126396,0.779245906278885,0.6509006780380939,0.5896789150823283,0.524494031517788,0.9525162539223444,0.5869994808199435,0.7922695569345187,0.8144472611771494,0.8166739329437203,0.7676573036507182,0.9144601483865844,0.9115200681662383,0.8188417259692597,0.7122856106753948,0.8569522690866243,0.8030952829801481,0.9446649566442522,0.6982095159283943,0.7016705736931284,0.7524809473273442,0.6621610827297757,0.8052951850756267,0.8326576243571768,0.7463467395128087,0.7993700008850905,0.6548636800979553,0.6092846450297491,0.8054335775677179,0.5978026568603325,0.8197778979995916,0.9647407723987267,0.8429088365979669,0.9725613296971192,0.7005689296405748,0.8533863751361545,0.7905691420669921,0.9201999388599624,0.9562602528783676,0.8828843189949758,0.7291100211046695,0.9393812307409579,0.8459097615913486,0.9042361164750907,0.8575975519183638,0.8166739329437198,0.8078642642936519,0.5188193524626785,0.6833646632039654,0.8466991324467524,0.9745808104580851,0.4708003022113958,0.8884283871204193,0.8098383097811257,0.8098383097811257,0.36778846918689845,0.9506656541389332,0.5783175745016849,0.9968251299619149,0.3977120400459544,0.7260484810988637,0.835424380863864,0.5629817938550554,0.8961464143419947,0.8950231430311594,0.8261452162494145,0.7683683887447601,0.8173748798116494,0.8888583701459427,0.8030952829801481
p94_M,0.9357381179719895,0.9432937551644589,0.8954023823601893,0.7915119499929362,0.9508971383859763,0.9635753483468392,0.9539734643292286,0.9196473178559331,0.9070160137452734,0.18988738395518123,0.9418654668890594,0.9493053971730234,0.9493053971730236,0.9250812961986934,0.8321488784762406,0.787228755117481,0.9462347596389562,0.9337692322192535,0.9596053879391779,0.9615452872130625,0.8912695666285131,0.9404624926714933,0.9926931063209248,0.27932489451476783,0.9390829980374291,0.9337692322192535,0.9462347596389562,0.9192233962368053,0.9615452872130625,0.810518220212013,0.9274978432118415,0.9559485503920393,0.9447494136270194,0.9215378731313923,0.9508971383859763,0.9596053879391779,0.9525316455696202,0.9447494136270194,0.23265400517341916,0.9324854129452831,0.9027412033397848,0.7995979460862801,0.9635753483468394,0.9158139617897607,0.9913221015557613,0.8525292702713729,0.9542136024350836,0.8996469044180135,0.9324854129452831,0.8954023823601893,0.37108084252019036,0.8545932950871287,0.9337692322192535,0.9971196828020042,0.8723711454784149,0.9312172606999456,0.5628474791152085,0.9508971383859763,0.7764613417359436,0.947752420917731,0.9091812387167528,0.8670360756633027,0.9337692322192532,0.7070447155143817,0.9577431256853024,0.8302837275767865,0.9692769377093196,0.8511736257985208,0.8936948969709921,0.9593605721085062,0.9238898933303421,0.9324854129452831,0.981381831638016,0.7767926535369006,0.9508971383859763,0.8902416609981851,0.9975839852098576,0.9418654668890594,0.8591052725560666,0.9635753483468392,0.47502754948302184,0.9363880304285925,0.9287243013130126,0.9096423096705529,0.9508971383859763,0.9203761879341787,0.9404624926714931,0.8111507091583434,0.5369678907708291,0.9493053971730236,0.9508971383859763,0.8954023823601893,0.7091985698826025,0.8597250809841577,0.9287243013130126,0.9038035415131251,0.8933314369864678,0.8912695666285133,0.727364178007331,0.8545251315798741,0.9312172606999456,0.9542136024350834,0.9508971383859763,0.8627880798184884,0.9086173135612571,0.9596053879391782,0.9102716897738727,0.7869450188228927,0.9390829980374291,0.7431358041037723,0.8800416198957273,0.5873320905808666,0.9310726076004743,0.9124696683389528,0.9542136024350836,0.9068112626286129,0.9432937551644589,0.31108825248997707,0.9635753483468394,0.9916310460031135,0.9158139617897607,0.7872287551174811,0.9390829980374291,0.6361709950266952,0.9337692322192532,0.9093015752279443,0.9525316455696202,0.9634382098178784,0.9493053971730234,0.9496485824638997,0.8769985528794615,0.9542136024350831,0.9559485503920393,0.6791932532177182,0.9462347596389562,0.8382310806288515,0.6636996446798817,0.9559485503920393,0.9559485503920393,0.9477524209177308,0.840497711631859,0.9615452872130623,0.8302837275767865,0.8759848927128513,0.7815506747718316,0.9559566851226751,0.9339037414170339,0.8436003040827779,0.8620219128927745,0.8258956469281089,0.9615452872130625,0.9091812387167528,0.7231384604685938,0.8851268700668167,0.9692769377093196,0.9324854129452831,0.8985286024183268,0.9605807414790561,0.8492546100688053,0.8892155845940946,0.9219237397948676,0.9542136024350834,0.9903766507571461,0.7810179711563527,0.9006279533325656,0.9192233962368055,0.6787083545554966,0.9027412033397848,0.9778748351992479,0.7137066333919899,0.9250812961986934,0.9493053971730236,0.9312172606999456,0.9400545643111305,0.8587016255621231,0.8820731393531338,0.9596053879391779,0.6539859125278309,0.9850988399428099,0.998689452668635,0.7002602842021484,0.8922994432827853,0.9312172606999456,0.9493053971730234,0.896122257149483,0.8587016255621231,0.9916310460031135,0.7386616586360887,0.9432937551644589,0.9780296622223208,0.4757826232079021,0.9472483006084296,0.8280948589685848,0.766423922483136,0.47732876159437243,0.9508971383859763,0.0698312236286921,0.947752420917731,0.6244775287216089,0.8715311586797312,0.9326301365954337,0.9493053971730234,0.9508971383859763,0.8729445628956358,0.9132557391971272,0.27474411683835753,0.9508971383859763,0.8268778248611142,0.9180790428976138,0.9263909248883351,0.8938767975645252,0.9080961023073577,0.9493053971730234,0.9508971383859763,0.6911296691361124,0.9508971383859763,0.9361387975584146,0.8748900904594732,0.8410267207478741,0.9508971383859763,0.898373948794856,0.9508971383859763,0.8636486621136628,0.9102716897738727,0.9192233962368053,0.8800416198957273,0.9542136024350834,0.8144472611771493,0.947752420917731,0.9377253379624282,0.5454440744832266,0.9091812387167526,0.7992306713783632,0.967100967856847,0.9559485503920393,0.9417626114543682,0.7356347898069093,0.9059407181827082,0.9006279533325661,0.9180790428976138,0.9180790428976136,0.1795612970870878,0.8892155845940946,0.9881959173184504,0.9508971383859763,0.9059407181827079,0.9508971383859763,0.8452280645834542,0.9180790428976138,0.9559485503920393,0.929963842972795,0.7853943015979801,0.0,0.9169426994374763,0.9390829980374291,0.8964416496516885,0.9998238347481485,0.8658418182833447,0.03543322463241827,0.8759848927128511,0.8759848927128513,0.7158195455115818,0.9493053971730236,0.9577431256853026,0.8647795435579986,0.23265400517341916,0.8389027479487041,0.8876449934411474,0.9350697345319547,0.8749714078758022,0.8790268110981545,0.9692769377093197,0.7072191268640755,0.7577315976258656,0.8144472611771492,0.9596053879391782,0.8647795435579986,0.9169426994374763,0.9363880304285925,0.9048699718936313,0.9596053879391782,0.8566505277931493,0.7358304221874177,0.9577431256853024,0.9016827426948628,0.9250812961986934,0.9542136024350834,0.9215378731313923,0.7749200871902095,0.947752420917731,0.9542136024350834,0.9542136024350834,0.8052614894098253,0.9596053879391779,0.9316428085275305,0.8597250809841579,0.8892155845940946,0.9953090053732515,0.9593605721085062,0.9508971383859763,0.9324854129452831,0.947752420917731,0.9559485503920393,0.7810179711563529,0.5171920400194124,0.9542136024350834,0.9324854129452831,0.9192233962368053,0.8214354212503419,0.4576925103609023,0.6112078525332938,0.8441922549828873,0.8575242220571015,0.8539288999335531,0.9448543512076254,0.9535979799037622,0.9070160137452734,0.9615452872130625,0.9215378731313923,0.46464987545611736,0.9124696683389528,0.9542136024350831,0.9508971383859763,0.9559485503920393,0.7348251785689416,0.9337692322192535,0.9596053879391782,0.9577431256853024,0.9493053971730234,0.9508971383859763,0.9390829980374291,0.9596053879391779,0.9471168020442999,0.913577797842458,0.8591052725560666,0.9363880304285923,0.9559485503920393,0.7357270719910649,0.8346191856858272,0.9390829980374291,0.9447494136270194,0.8462899393398311,0.39627364353688344,0.9215378731313923,0.847571515401299,0.9432937551644589,0.9559566851226751,0.9635753483468394,0.790522960762716,0.967100967856847,0.8078642642936519,0.9462347596389562,0.9493053971730236,0.9705425698260028,0.8892155845940946,0.7749200871902095,0.961768505940968,0.8247832035705711,0.9508971383859763,0.8587016255621231,0.4038422276097492,0.968805048104574,0.9203761879341787,0.9615452872130623,0.7137066333919899,0.9508971383859763,0.9508971383859763,0.39966339602840406,0.5699642570336958,0.8638069066950458,0.9508971383859763,0.9615452872130625,0.9508971383859763,0.9250812961986934,0.9006279533325656,0.7955439532394755,0.9508971383859763,0.9262837350880504,0.9975839852098576,0.837836432444947,0.8440510684196687,0.9508971383859763,0.8851268700668165,0.9192233962368055,0.8091947986859862,0.8936948969709922,0.9262837350880504,0.9920021540663962,0.9542136024350834,0.7884016635964685,0.9508971383859763,0.8332805056157586,0.9337692322192535,0.8638069066950456,0.8659086465703909,0.9525316455696202,0.8670360756633027,0.9447494136270194,0.9508971383859763,0.9377836865370688,0.9578857215259216,0.9508971383859763,0.882343059532692,0.8773823348409291,0.8473352221942345,0.8510619252935181,0.7810179711563526,0.9508971383859763,0.7866875306684662,0.8607472522091426,0.9577431256853024,0.8882829779934611,0.8510619252935181,0.9102716897738725,0.9113677351409675,0.9377836865370688,0.9542136024350836,0.9433505326956113,0.9263909248883351,0.9926931063209248,0.8568142373956302,0.985690916651915,0.8749714078758022,0.9377253379624282,0.9559485503920393,0.9337692322192535,0.9508971383859763,0.9593605721085061,0.9048699718936313,0.9148147732156013,0.9418654668890594,0.9798175375448483,0.947752420917731,0.8637272009793018,0.9776371308016877,0.947752420917731,0.9418654668890594,0.9508971383859763,0.9432937551644589,0.9876770618313642,0.9472483006084296,0.9593605721085062,0.8364082345766712,0.9615452872130625,0.9971196828020042,0.9377253379624282,0.8117903099195526,0.9404624926714931,0.9615452872130625,0.8132554078567003,0.9192233962368055,0.9326301365954337,0.9350697345319547,0.9404624926714933,0.9059407181827079,0.9542136024350834,0.967100967856847,0.5899804911706322,0.8810570257461647,0.9363880304285923,0.9417626114543682,0.9418654668890594,0.9759790834075595,0.876007953269136,0.813144308372797,0.9080961023073577,0.9462347596389562,0.9133738338746559,0.8943656982526555,0.46087073721650473,0.9903766507571461,0.9377253379624282,0.8236714085807446,0.9418654668890594,0.8882829779934611,0.9363880304285923,0.9621698344437761,0.8296106003559922,0.9542136024350834,0.9127200248974268,0.9475711879583977,0.920376187934179,0.9411731642018818,0.9596053879391779,0.8180490880155942,0.732320075287366,0.9577431256853024,0.9192233962368055,0.9462347596389562,0.9462347596389562,0.9559485503920393,0.14902017258534372,0.9274978432118417,0.8613811475412915,0.9158139617897609,0.9493053971730236,0.9493053971730234,0.8591052725560666,0.5534770339719253,0.9462347596389562,0.8759848927128512,0.9508971383859763,0.9577431256853026,0.9508971383859763,0.9508971383859763,0.9437509156077832,0.5675647468111022,0.967100967856847,0.9508971383859763,0.86018015495147,0.8199114105132119,0.962169834443776,0.8885374552149389,0.9203333571111532,0.8123127184484014,0.48949968330738314,0.6949102782080139,0.845242310489589,0.4456524500577599,0.7121164362101648,0.9645511776582261,0.9203761879341785,0.8950231430311593,0.9887824175390698,0.9274978432118415,0.9447494136270194,0.41173096144408516,0.8883381588027088,0.9577431256853026,0.8995766368965674,0.9542136024350836,0.9431134523268976,0.5454440744832254,0.9350697345319547,0.9377253379624282,0.9790532298598125,0.9262837350880504,0.9091812387167528,0.9377253379624282,0.9390027279901941,0.9542136024350834,0.9975839852098576,0.9525316455696202,0.9169426994374763,0.9902025197020266,0.8452423104895888,0.9692769377093197,0.8617682235186914,0.4917769911135028,0.7866875306684662,0.893331436986468,0.9848910203339207,0.8091947986859862,0.9287243013130126,0.9635753483468394,0.8123127184484011,0.8514945068923672,0.6949102782080137,0.9272710960053039,0.9404624926714933,0.5122269357985247,0.8861469711805039,0.9508971383859763,0.9559485503920393,0.9637851559795012,0.9508971383859763,0.8658418182833447,0.8881730297134129,0.947752420917731,0.9287243013130126,0.8367671217737243,0.9377253379624282,0.7779912562124378,0.9615452872130625,0.8004488158253993,0.7665810412969808,0.8709172314094928,0.947752420917731,0.9447494136270194,0.9030834008043364,0.9180790428976138,0.9363880304285925,0.9623356286887417,0.8841079446138815,0.8169113144171267,0.6734945323182018,0.9215378731313923,0.7394675237721806,0.8658418182833445,0.9274978432118415,0.9535979799037622,0.9390829980374291,0.95253164556962,0.8441922549828875,0.9743145807345087,0.896441649651688,0.9493053971730236,0.8028669104368944,0.8462899393398311,0.9471168020442999,0.7682866327265077,0.9542136024350834,0.9203761879341787,0.9192233962368055,0.9350697345319545,0.738661658636088,0.9274978432118415,0.7248582078023876,0.8658671703908485,0.9998238347481484,0.7874802728547536,0.9559485503920393,0.9635753483468392,0.9508971383859763,0.4405788007122433,0.8699031439713583,0.8428704160376788,0.922708936151958,0.9508971383859763,0.9938748544783449,0.8302837275767865,0.9091812387167528,0.9250812961986934,0.9070160137452734,0.8954023823601893,0.8851268700668165,0.7997231721817382,0.9299638429727952,0.9091812387167526,0.8556227195178281,0.8943656982526555,0.9577431256853028,0.9059407181827079,0.5628474791152084,0.9736183137840242,0.918079042897614,0.9635753483468394,0.929963842972795,0.947752420917731,0.9635753483468394,0.9432937551644589,0.9312172606999456,0.981381831638016,0.8782416695665332,0.8881911996032124,0.9596053879391779,0.778218741709993,0.5454440744832262,0.7761208698281863,0.8088111631761212,0.9493053971730236,0.9692769377093197,0.946234759638956,0.9493053971730236,0.9493053971730236,0.967100967856847,0.9508971383859763,0.3668907135029359,0.6359772303187259,0.9508971383859763,0.9363880304285923,0.9313656494466989,0.9596053879391779,0.9542136024350836,0.9577431256853026,0.9525316455696202,0.9493053971730236,0.7884016635964683,0.8949988213646447,0.9377253379624282,0.8761935329591726,0.9508971383859763,0.9102716897738727,0.9542136024350834,0.9363880304285923,0.8004488158253997,0.9113677351409675,0.9596053879391779,0.9525316455696202,0.5008190116955971,0.9055577909177376,0.9390829980374291,0.9508971383859763,0.6851038331869268,0.9705425698260028,0.9274978432118417,0.8441922549828877,0.9418654668890594,0.9593605721085061,0.9324854129452831,0.9542136024350836,0.9659780157059267,0.9091481169388318,0.9508971383859763,0.9508971383859763,0.8861469711805039,0.27474411683835753,0.8737714100411207,0.9462347596389562,0.9418654668890594,0.8302837275767865,0.947752420917731,0.7980063102019074,0.7720200803249634,0.9508971383859763,0.9508971383859763,0.9605807414790561,0.897305029552881,0.9458556185436358,0.8058346231513471,0.7137066333919899,0.8510619252935181,0.876007953269136,0.7840019956468415,0.9350697345319547,0.9148147732156012,0.9508971383859763,0.8603369936042411,0.9559485503920393,0.23265400517341916,0.8367671217737243,0.9596053879391782,0.8367671217737245,0.9508971383859763,0.9508971383859763,0.8118346753749687,0.9508971383859763,0.803828482588346,0.9404624926714933,0.8617682235186914,0.9027412033397848,0.9798175375448483,0.9027412033397848,0.7642719786855594,0.8556227195178279,0.9508971383859763,0.918079042897614,0.7604982134870262,0.9525316455696202,0.9593605721085061,0.965161283441215,0.7733672596361088,0.6626333293553734,0.9203761879341787,0.9525316455696202,0.8638069066950456,0.9508971383859763,0.8324582773700502,0.629102755761773,0.7070447155143817,0.8769985528794617,0.9029008905962475,0.8183599967013939,0.9080961023073577,0.8587016255621231,0.9645511776582261,0.8729445628956358,0.8393420809217593,0.9462347596389562,0.9615452872130625,0.8387464089609978,0.9337692322192532,0.8487381822088333,0.14675730682426624,0.9848910203339205,0.8800416198957275,0.9312172606999456,0.918079042897614,0.8894994006870155,0.6791932532177183,0.9621698344437761,0.9635753483468394,0.9635753483468394,0.9059407181827082,0.9227089361519578,0.8995766368965674,0.9508971383859763,0.9615452872130623,0.9404624926714933,0.9404624926714931,0.837836432444947,0.9447494136270194,0.9493053971730234,0.8158151092076322,0.8974836658533198,0.4189873417721507,0.8460940724740424,0.9895196008050119,0.8291911258056228,0.836908520437807,0.9508971383859763,0.8954023823601893,0.9508971383859763,0.9132557391971272,0.18988738395518123,0.9350697345319545,0.9363880304285928,0.8607472522091426,0.9508971383859763,0.9578857215259216,0.8123127184484011,0.5777143866144243,0.7764613417359432,0.7467350328374356,0.7670353703558734,0.9559485503920393,0.9475711879583981,0.8504578012789958,0.9591791255254205,0.8088111631761212,0.9377253379624282,0.8483782396901203,0.9635753483468394,0.9377253379624282,0.9508971383859763,0.9016827426948626,0.9838585814857688,0.9669835968892306,0.6949102782080138,0.8464015114623487,0.9508971383859763,0.9493053971730236,0.8782416695665332,0.8658418182833447,0.8995766368965674,0.8091947986859862,0.8016608579382383,0.9508971383859763,0.7678372320179734,0.8678736588799028,0.9250812961986936,0.9508971383859763,0.6932730478172033,0.9447494136270194,0.9596053879391782,0.9377253379624282,0.9493053971730236,0.9451236844516557,0.8574461569671545,0.9006279533325661,0.98181078671843,0.9113677351409673,0.9377253379624282,0.819182301636888,0.9508971383859763,0.9703287678830983,0.9508971383859763,0.23005421253766134,0.8389027479487041,0.9954628312882465,0.23265400517341916,0.9287243013130126,0.8088111631761212,0.8891026301175452,0.9250812961986934,0.9508971383859763,0.7982575278213402,0.7554499991278552,0.8871665345934712,0.9274978432118417,0.9180790428976138,0.9692769377093197,0.9274978432118415,0.595283251463808,0.9192233962368055,0.9537099832869297,0.8016608579382383,0.9192233962368055,0.9250812961986934,0.9559485503920393,0.9251662135150307,0.9192233962368055,0.23265400517341916,0.9337692322192535,0.9525316455696202,0.8892155845940946,0.9848910203339206,0.4995966487741802,0.9363880304285925,0.8954023823601893,0.9180790428976138,0.9377253379624282,0.9169426994374763,0.6051560701903466,0.9848910203339206,0.48832258194486167,0.9066163701727092,0.9250812961986934,0.904869971893631,0.8268778248611143,0.9569584625439046,0.9113677351409675,0.9324854129452831,0.20949367088607662,0.9736183137840242,0.904869971893631,0.9728901249701001,0.929963842972795,0.9299638429727952,0.9824233631406698,0.9559485503920395,0.9577431256853026,0.781246027951937,0.9287243013130129,0.8709172314094931,0.9444674951746068,0.9274978432118415,0.8250910195763217,0.9390829980374289,0.9262837350880506,0.9508971383859763,0.9643535864493462,0.9167698423523449,0.9113762481476702,0.9038035415131251,0.8308340295784886,0.9577431256853024,0.967100967856847,0.7761815505413792,0.9337692322192535,0.9462347596389562,0.9287243013130126,0.9417626114543682,0.7861632512209237,0.8260538048983148,0.9418654668890594,0.8804734569104509,0.9493053971730234,0.7215745254981047,0.8579639412160385,0.9542136024350834,0.9525316455696202,0.7482657001003147,0.9299638429727948,0.9542136024350836,0.9791661049996256,0.7062539472326225,0.8613811475412916,0.947752420917731,0.947752420917731,0.8589085344436258,0.9556347289143003,0.9458556185436358,0.9542136024350836,0.8130395887605835,0.9363880304285923,0.9577431256853026,0.8964416496516883,0.9350697345319547,0.9776371308016876,0.27474411683835664,0.9251662135150307,0.3110882524899772,0.8545251315798739,0.9577431256853028
p94_S,0.8365046470857664,0.9007787887826324,0.8169813158537982,0.8689117123597327,0.6627235978761368,0.9362663130722397,0.9533322855174031,0.9104875116669086,0.8358589918255896,0.9327142329596734,0.898279654991218,0.7597332806694636,0.6774910013536329,0.8689117123597327,0.8863876601208494,0.8735534577794486,0.9770116951721673,0.8841133455738344,0.8681250319240946,0.9857418255557404,0.9687720895470728,0.8958248142311331,0.9253852640835396,0.9169426994374763,0.893411056648407,0.9167311028995666,0.9059247833199466,0.5008577968529137,0.9327142329596734,0.8740778004825034,0.9034363238020653,0.6565343528216283,0.9414200463913254,0.86271164163361,0.6627235978761368,0.9293199127017768,0.9605807414790561,0.9033258132980617,0.9362663130722397,0.8818669950401858,0.8298223478885358,0.8863888870954331,0.9920754410433736,0.6883457889375766,0.9839671309918707,0.7419644967636327,0.9198856874256711,0.9472333807709244,0.8818669950401858,0.4851018125748551,0.9229213960709446,0.7848917573101686,0.8841133455738346,0.9380148669152273,0.9033258132980615,0.9112643219372452,0.8796480577405048,0.9140827360776205,0.7817294381425977,0.9085802966718615,0.9033263384148736,0.9262246523780131,0.9819666175510304,0.8298223478885358,0.9260614370793867,0.6042237851571346,0.9229213960709448,0.8036005592714464,0.8829917647377146,0.929319912701777,0.8668270665506421,0.8818669950401861,0.9140827360776209,0.5981751376475655,0.9140827360776205,0.8079513928571602,0.8958248142311329,0.898279654991218,0.7567576995367282,0.93626631307224,0.898279654991218,0.922433446216693,0.8752860258231279,0.8875623531460417,0.9140827360776205,0.8606789940362405,0.9970882712052178,0.8719583374376287,0.9673277646852272,0.9112976020672166,0.9140827360776205,0.816981315853798,0.8089612803250947,0.8864953807887265,0.8752860258231279,0.8244081278537378,0.8133576989322113,0.8097499609329359,0.5974045003778328,0.6189038356184886,0.8796480577405048,0.9198856874256709,0.9140827360776209,0.9209445735153712,0.844309130197041,0.9293199127017768,0.8429987447247771,0.594348853357288,0.8615824138420284,0.6485609483797126,0.7901039681936515,0.8863888870954331,0.6465885777197201,0.873083987295802,0.9198856874256713,0.658003706661752,0.9380148669152273,0.979958676545309,0.9362663130722395,0.6362234144376548,0.90432599068929,0.8061560254525524,0.893411056648407,0.9640288864968831,0.9167311028995664,0.7397759462588545,0.9169426994374763,0.9482240959190599,0.9242178393011234,0.9944228758940543,0.7063775973080841,0.9198856874256709,0.9229213960709446,0.9362663130722397,0.9059247833199466,0.7577940229519928,0.7906332647256539,0.9229213960709448,0.969648535082881,0.9486066482612976,0.7245802230213987,0.9327142329596734,0.6229463701382676,0.8674561861707808,0.8097499609329362,0.8069390308954999,0.7129935370245899,0.5718318044472327,0.9139704635473276,0.6626073921614672,0.9327142329596734,0.3666021996942549,0.7763463599580378,0.7990018361935884,0.9229213960709448,0.9781774005616106,0.8224513895925898,0.9092107431207779,0.7402476678179977,0.8061560254525524,0.8206022119035864,0.9198856874256709,0.922433446216693,0.6571169471386966,0.8982459135680179,0.8586619077554181,0.9278945297852623,0.8298223478885358,0.9711413348444886,0.6002220199270705,0.868911712359733,0.9112976020672168,0.8796480577405048,0.7908172552389382,0.8297102537677672,0.793658599994084,0.979958676545309,0.9244095736166785,0.9799838870895972,0.8531312712965915,0.9353826514194292,0.9714911966398838,0.9938868854725336,0.9112976020672168,0.822279729640828,0.77264667037425,0.49532231969543583,0.9325514468158702,0.9007787887826321,0.8710156683413508,0.9085802966718615,0.6850102911155572,0.6992106185642009,0.5913024854698293,0.8410907383848321,0.9140827360776205,0.9169426994374763,0.8912879453809578,0.971798431354362,0.9505873750541252,0.9565646901680671,0.9112976020672168,0.9140827360776205,0.7776859603768753,0.6094998055276026,0.9327142329596734,0.9140827360776205,0.8320431626335696,0.9668702179975168,0.7854297011879574,0.880701846036364,0.8391920312990694,0.9112976020672168,0.9140827360776205,0.8363539429252542,0.9140827360776214,0.617313208578238,0.7657434872737556,0.8362126977318558,0.9140827360776205,0.7652580007148833,0.9140827360776205,0.8592579037041292,0.8429987447247771,0.8586619077554183,0.8115868335393228,0.9198856874256709,0.642651132235886,0.9486066482612976,0.9253852640835396,0.8958248142311334,0.8410907383848318,0.6955890325024278,0.8627116416336098,0.9229213960709446,0.9029766373026848,0.9536172129428944,0.8354206684781547,0.9944075198749016,0.9668702179975168,0.9229191504163332,0.9449459571559087,0.8061560254525524,0.9713406485598298,0.9140827360776205,0.8403188628686848,0.9140827360776205,0.7512803885407221,0.8566595864113671,0.9229213960709448,0.8774549020235312,0.6244957254469494,0.9169426994374763,0.0,0.893411056648407,0.8187997638878759,0.898279654991218,0.7671619782077763,0.9198856874256711,0.7830057484855615,0.783005748485561,0.5260452935345379,0.9112976020672166,0.8797031317561447,0.8048636374104468,0.9362663130722397,0.5983491204782294,0.8072052833372363,0.8863888870954333,0.8613328564749657,0.7883283161761143,0.9229213960709448,0.668076100373654,0.6673715750642835,0.6129771894177152,0.9293199127017768,0.4977815237701013,0.8546712802768168,0.8886955627708657,0.9931953233483859,0.9293199127017768,0.6182691935728124,0.537771800030797,0.9260614370793867,0.8279703164673111,0.8689117123597327,0.9198856874256709,0.8627116416336098,0.6282158463274208,0.9085802966718615,0.9198856874256711,0.9198856874256709,0.6592581478907414,0.9293199127017768,0.6648323181309488,0.9662618966250992,0.8061560254525524,0.8365430824312582,0.929319912701777,0.9140827360776209,0.8818669950401858,0.9085802966718619,0.9229213960709448,0.5838830123123753,0.7362504086654431,0.9198856874256709,0.8818669950401861,0.8907153679608858,0.7060721498297455,0.8907618578973234,0.614667884457732,0.88084329783148,0.8672741768611454,0.7444134854198226,0.7847793906970251,0.9327142329596736,0.7101517412338965,0.961230581848193,0.9664520928803934,0.7576032030371087,0.8468446367617048,0.7644257713588181,0.9140827360776205,0.9229213960709444,0.8354206684781547,0.8841133455738344,0.9293199127017768,0.9282619895472619,0.9112976020672168,0.9140827360776205,0.8934110566484068,0.9293199127017768,0.9362663130722397,0.8487835757946516,0.738515938902961,0.8886955627708657,0.9696485350828812,0.5034145009968625,0.7106264970294398,0.8934110566484068,0.9033258132980617,0.731047286957041,0.9448192234819672,0.9196570634622756,0.8845697138021456,0.975250945047822,0.9393534129377492,0.9362663130722397,0.6334695479196233,0.8627116416336096,0.6129771894177153,0.9059247833199469,0.9112976020672166,0.8668270665506421,0.8061560254525524,0.5547249207582214,0.5519577824776081,0.6934160811075509,0.9140827360776205,0.5314779468742802,0.91698577422428,0.8647606979879741,0.9451391643182998,0.9857418255557404,0.63913013854046,0.9140827360776205,0.9140827360776205,0.8818669950401858,0.9364247922989442,0.7616974335657651,0.9140827360776214,0.9327142329596736,0.9140827360776209,0.8689117123597327,0.8261247088378552,0.5913024854698293,0.9140827360776209,0.871015668341351,0.8958248142311329,0.7162558438703521,0.6756361029395184,0.9140827360776205,0.7990018361935887,0.8586619077554181,0.6153089916397294,0.6106308233044063,0.871015668341351,0.7794592081380458,0.9198856874256711,0.5786739773287257,0.9140827360776205,0.6571682491460089,0.8841133455738344,0.8344205926004827,0.9098736735240825,0.9957812164793639,0.7143848277190621,0.9033258132980615,0.9140827360776205,0.6743216659873825,0.7619233993809993,0.9140827360776205,0.9308109257349264,0.7088703031833811,0.7908172552389383,0.6875583309132176,0.5655745286057949,0.9140827360776205,0.973778745215484,0.8036005592714464,0.9260614370793865,0.808477675811641,0.7430997876628014,0.7445614497506294,0.7910222874787188,0.824285177928076,0.9198856874256711,0.7846703280951375,0.6047101874302317,0.8910355038772135,0.6146583965082406,0.7865535190482624,0.7812324130553281,0.8341664144721782,0.9229213960709446,0.8841133455738344,0.9140827360776205,0.929319912701777,0.9078003702039557,0.8361722130249403,0.628016184215719,0.8774549020235312,0.9085802966718615,0.8054007498319977,0.9957812164793639,0.9085802966718615,0.9711572181901507,0.9140827360776211,0.9007787887826326,0.7954379713195001,0.8373021566360077,0.979958676545309,0.5382281960921884,0.9327142329596736,0.9875129768195829,0.9940847844961915,0.7145880230401149,0.9315204524190159,0.9857418255557404,0.7710221679973439,0.5287047662177697,0.9798285858871123,0.8863888870954333,0.8958248142311336,0.8354206684781544,0.8546224974203928,0.9196570634622756,0.8298223478885358,0.7980746927291404,0.9561713296625203,0.9761309267168337,0.8982796549912182,0.8731400424546567,0.7292142083652791,0.7674522561380739,0.8645384301752637,0.9059247833199466,0.7781595138895695,0.83828892765482,0.776882383893913,0.9899092131083476,0.9253852640835396,0.6914707284248625,0.9195264370114506,0.7491756278169295,0.8886955627708657,0.8566595864113671,0.6508372181743509,0.9198856874256711,0.930941028140886,0.7178760263735844,0.9704006653996409,0.8044062050407192,0.969402559611159,0.9399160557598807,0.9503797269557533,0.9746202948705038,0.9422028158499836,0.9059247833199466,0.9059247833199469,0.9696485350828812,0.9293199127017768,0.8731400424546569,0.704946076772474,0.8526962823400324,0.9112976020672166,0.9112976020672168,0.7006769926966935,0.9203312082606383,0.9059247833199469,0.7830057484855615,0.9140827360776205,0.9260614370793869,0.9140827360776205,0.9140827360776205,0.5259740946355209,0.8910355038772135,0.8627116416336096,0.9140827360776205,0.6412141740778612,0.5662114041873108,0.9393175601009793,0.8302676244489204,0.7990018361935884,0.7450182816513373,0.8373021566360075,0.9351931203714343,0.540210140158633,0.9414200463913254,0.9209693365062515,0.9260614370793867,0.9422472753056208,0.939774511618573,0.5635702274025796,0.8731400424546569,0.9414200463913256,0.9085802966718617,0.9809495906035569,0.9260614370793867,0.8481610425035304,0.9198856874256711,0.8562462145615766,0.997088271205218,0.980964628349323,0.8910355038772135,0.6092608911786213,0.9009132970381386,0.8522097537748148,0.7311171338532003,0.89356649526338,0.5840323192356696,0.9970882712052179,0.9169426994374763,0.9637502059647389,0.6198583722022554,0.7292142083652791,0.9696485350828812,0.8785195627321514,0.9059247833199471,0.8285195764510529,0.8133576989322111,0.9112976020672168,0.6153089916397294,0.8752860258231279,0.9362663130722397,0.6715959686688167,0.557731381889494,0.9850793463180743,0.667520541984608,0.8958248142311331,0.9976636717964995,0.6021747440198321,0.9140827360776205,0.9229213960709446,0.9700497852148384,0.9140827360776209,0.846576265250073,0.6758275275142706,0.8912879453809573,0.9367150815560814,0.7143848277190619,0.8910355038772135,0.5601926796105132,0.9327142329596734,0.6508372181743511,0.9711572181901507,0.43934861396293834,0.9085802966718615,0.9442972543288831,0.9045301044674148,0.8566595864113669,0.8886955627708657,0.8287688381942118,0.9942459397767416,0.6796423181183284,0.5556240775674426,0.8627116416336096,0.6992411661235342,0.7652580007148833,0.8541934254186642,0.9327142329596736,0.9634129222225682,0.8212290483130444,0.7273768837545143,0.7405464109754052,0.9236865516139805,0.9112976020672163,0.655068256164725,0.731047286957041,0.9362663130722397,0.7470618158883016,0.9899175865127545,0.9985540554936605,0.8586619077554178,0.8863888870954333,0.9573025234277848,0.9034363238020657,0.8615824138420283,0.827970316467311,0.8982796549912175,0.9112976020672166,0.9229213960709446,0.93626631307224,0.9140827360776205,0.8627116416336098,0.7723642666134911,0.66496130911202,0.8647606979879741,0.9140827360776214,0.8195633205754583,0.7030405705409404,0.6221851228945495,0.8689117123597327,0.8373021566360073,0.816981315853798,0.8269847154801294,0.9440401982699431,0.9086088401419732,0.8666490307048615,0.5627041491112534,0.8151673877212327,0.9260614370793869,0.8354206684781547,0.8796480577405048,0.9198856874256709,0.8566595864113671,0.9362663130722395,0.8421596549104927,0.9085802966718619,0.9362663130722397,0.9007787887826324,0.8796480577405048,0.9140827360776209,0.7715035903809431,0.8043636175820787,0.6655699765499665,0.9589591641085065,0.7829144420779208,0.629008293453784,0.5655745286057949,0.9112976020672166,0.9229213960709448,0.9059247833199466,0.9112976020672166,0.9112976020672166,0.8627116416336097,0.9140827360776205,0.9059247833199466,0.8429987447247772,0.9140827360776205,0.8886955627708657,0.8151673877212327,0.8174862680805612,0.9198856874256711,0.9260614370793867,0.9169426994374763,0.9112976020672166,0.655068256164725,0.5959659587970211,0.6624176134405488,0.7101481475669067,0.9140827360776205,0.8429987447247771,0.9198856874256709,0.8886955627708657,0.5837794653733983,0.8449165396552598,0.9293199127017768,0.9169426994374763,0.721578682693706,0.8842122443079046,0.893411056648407,0.9140827360776207,0.8566595864113671,0.8668270665506421,0.9640288864968833,0.7354906669761059,0.9711572181901507,0.9293199127017768,0.8818669950401858,0.9198856874256711,0.8429987447247771,0.5718318044472327,0.9140827360776205,0.9140827360776207,0.8007867483907876,0.9327142329596734,0.7255351718801459,0.9059247833199469,0.898279654991218,0.5106108602514693,0.9085802966718615,0.5888123998054309,0.6010943092952299,0.9140827360776205,0.9140827360776205,0.9637502059647389,0.7900459898038881,0.8354206684781544,0.6715959686688165,0.5224057827002899,0.7616136065793293,0.7292142083652791,0.5708736722960355,0.8863888870954328,0.5406572403342331,0.9140827360776205,0.8316811639781392,0.9229213960709446,0.9362663130722397,0.7143848277190619,0.9293199127017768,0.6235800040387078,0.9140827360776205,0.9140827360776205,0.6199299465782883,0.9140827360776209,0.6058933276330487,0.8958248142311334,0.758130267116409,0.8298223478885358,0.908608840141973,0.8542071110265854,0.7283161573750598,0.7473772300871491,0.9140827360776214,0.8566595864113669,0.5289629441600956,0.9169426994374763,0.9293199127017768,0.966149214945683,0.877932942473128,0.8487835757946518,0.8606789940362405,0.6466768801467248,0.7616974335657654,0.9140827360776205,0.5793919107814935,0.8606789940362405,0.9750995470070671,0.7847793906970248,0.7723642666134913,0.8758047424217991,0.4511088001674902,0.752764516581351,0.6369088428005589,0.8468755339330516,0.7025705452253573,0.9059247833199466,0.9327142329596734,0.8063995425394426,0.9201801104717737,0.5406572403342329,0.9229213960709446,0.9112976020672166,0.5868929367818769,0.8990380928823123,0.9117649022044418,0.9542878621294864,0.9920754410433736,0.8566595864113671,0.7846880470720909,0.9362663130722397,0.8354206684781544,0.7607639374317513,0.793700988864654,0.9589591641085063,0.9327142329596736,0.9315204524190162,0.568740612950622,0.7541571012064754,0.9414200463913258,0.6774910013536337,0.8796480577405048,0.9384281404198724,0.9169426994374763,0.6809098247156478,0.8606789940362407,0.681983423750015,0.6962938006594559,0.9140827360776205,0.8169813158537982,0.9564021026822451,0.6458944456431492,0.9327142329596734,0.8814797649328898,0.8886955627708655,0.8363539429252542,0.9140827360776205,0.6335493049815993,0.6715959686688167,0.976352903445825,0.5758253232603474,0.6920912719779257,0.5406572403342325,0.9229213960709446,0.5915038846792396,0.6974923164605453,0.8367961728794882,0.6654691557178302,0.8910355038772135,0.7347012705834008,0.93626631307224,0.8910355038772135,0.9140827360776209,0.8279703164673109,0.9897191309312476,0.5436576493798981,0.9351931203714343,0.6796423181183284,0.9589591641085061,0.9112976020672166,0.5718318044472327,0.7652580007148835,0.824285177928076,0.6516171535351529,0.6529579773046919,0.9140827360776205,0.6119653913015233,0.7688131944254832,0.8689117123597327,0.9140827360776205,0.6363385153528553,0.9414200463913256,0.9293199127017768,0.8910355038772135,0.9524187417251315,0.7401539294074968,0.7244735665173818,0.8742055119912973,0.9428805861339855,0.9210441349308691,0.9253852640835396,0.7020856421458295,0.9140827360776205,0.8733135930289347,0.9140827360776205,0.9293199127017768,0.8700170104261165,0.7710824800623983,0.9362663130722397,0.9711413348444888,0.9584048950231165,0.9912704245562352,0.8984288710052624,0.9140827360776205,0.8478796967642306,0.6131047674962979,0.7670891906814803,0.8731400424546569,0.8566595864113677,0.9229213960709448,0.8731400424546569,0.871015668341351,0.9978967545796937,0.6895832020702133,0.6529579773046921,0.9978967545796937,0.868911712359733,0.9229213960709448,0.8061560254525524,0.9978967545796937,0.9362663130722397,0.8875623531460414,0.9605807414790561,0.8286218362281845,0.9112976020672166,0.9607085544317142,0.8886955627708657,0.9271158312367085,0.8566595864113673,0.9028659348848302,0.9271708683473389,0.7649948513812567,0.8419755599852934,0.8958248142311334,0.8755961377143353,0.868911712359733,0.8582982169801265,0.8641660550260566,0.9844110646549373,0.84491653965526,0.9139704635473276,0.9169426994374763,0.9198856874256711,0.9078003702039557,0.9202057172377769,0.8110057167920508,0.8774549020235314,0.922668330187487,0.9229213960709446,0.9260614370793869,0.9792214546873383,0.9060005536896041,0.9567911992246696,0.7733269347415019,0.8731400424546569,0.9714916687500657,0.9284119894354876,0.9009132970381386,0.9140827360776207,0.779666737631864,0.8153408232962929,0.8526962823400321,0.7261479255199883,0.998871602260876,0.9260614370793865,0.9196570634622754,0.973584513003963,0.8841133455738346,0.9449459571559087,0.8752860258231279,0.9263300207309678,0.984755547880085,0.8787151421331908,0.898279654991218,0.9917919768796184,0.9935398813830465,0.9973810828070125,0.9605263278955642,0.9198856874256709,0.9169426994374763,0.6047101874302311,0.9086088401419732,0.9198856874256711,0.8573002072396779,0.8831696426617814,0.9112232147278161,0.9486066482612978,0.9085802966718617,0.7341759247558608,0.8886955627708657,0.8354206684781547,0.9649840504564584,0.6728678030669814,0.8886955627708657,0.9260614370793869,0.7364038719789667,0.9478030072105119,0.9169426994374763,0.9327142329596734,0.9858825116576089,0.9293199127017768,0.9536193558598605,0.9260614370793869
p96_H,0.7454677742420683,0.9771865070849176,0.626622079111961,0.9067169102590352,0.9369854052620168,0.953255582527178,0.7863793631796336,0.8406820353876918,0.8806719604852848,0.9506503681784946,0.46660177364713296,0.9349426948340505,0.9349426948340502,0.9038554657884541,0.9570748126121906,0.82498599729973,0.9310020898787328,0.9150048519840792,0.9481608601832734,0.9506503681784948,0.8771134096626676,0.5266176936855154,0.947653575322335,0.9390829980374291,0.5840119435396276,0.9150048519840792,0.9810860991992141,0.96782156151872,0.9506503681784946,0.7212439119331118,0.9847277353330188,0.996557344576431,0.9779901913198823,0.8993081265656124,0.9913026731221013,0.9481608601832734,0.3327896146155028,0.9731155357061645,0.953255582527178,0.913357303376791,0.8431315188296264,0.91667381023818,0.953255582527178,0.8919625271106497,0.9310020898787328,0.8629895332841772,0.4220330480075589,0.8765493364841208,0.6333868655813946,0.8657679762547947,0.943467974097185,0.8585993915298347,0.9150048519840792,0.9272278453848011,0.9290959183459286,0.7230524374821851,0.9117298605520907,0.9369854052620161,0.7225525935791477,0.39918614183295487,0.8834506330434526,0.7905202806671943,0.915004851984079,0.8751860185986189,0.9457709851868579,0.9504142052501434,0.996557344576431,0.821294417886119,0.7262522312213645,0.9481608601832734,0.9023265168341346,0.6745919411306502,0.9369854052620168,0.7849906623320981,0.9369854052620161,0.5029785201808542,0.8015116294576088,0.9253948970823003,0.8832951608576607,0.9532555825271782,0.9253948970823003,0.9084229524444822,0.9085306004621045,0.915004851984079,0.9369854052620161,0.8978173148387736,0.9235944347702931,0.9363537013336558,0.7989125516244422,0.9349426948340498,0.9369854052620161,0.8956273847626326,0.9847437739421487,0.8199826469754623,0.9085306004621041,0.876549336484121,0.8926093130036505,0.46890089380374655,0.7765627366303722,0.8705619925440005,0.9928893498778073,0.9412414838519025,0.9369854052620168,0.8755842366061313,0.7826404447679567,0.3368910031777078,0.7512080915307178,0.7485557284168789,0.9218241042345277,0.8119546298801454,0.9563489939600605,0.9981997428137876,0.7606222572952099,0.741866534001401,0.3062647810729149,0.7311743083690241,0.9750206691499417,0.9481608601832732,0.5453239763407449,0.8239134490485776,0.8919625271106497,0.915498465595191,0.9218241042345277,0.9069566644903913,0.917534469484553,0.860227196496421,0.3327896146155028,0.8800187100542716,0.9594986384506097,0.8948693468634781,0.8421500073984989,0.9429902492134532,0.943467974097185,0.953255582527178,0.9310020898787328,0.9422157116080984,0.8499673668876726,0.8166333005972808,0.39681053131259414,0.9329497321807896,0.677430602513367,0.368735959616575,0.7822000230606594,0.8610704848897665,0.8604642587137392,0.8890928172755166,0.8671016868583241,0.804082516008658,0.913357303376791,0.9961190246234444,0.9506503681784946,0.8834506330434522,0.8449511898239374,0.9937722392326065,0.9965573445764311,0.913357303376791,0.8697799112734452,0.8934110566484073,0.8683539763063779,0.8578283462385063,0.8077853720781178,0.9991256173192247,0.9950286745612719,0.7546438909083386,0.6029729267976272,0.9678215615187198,0.958298224453817,0.780535416035903,0.8549352491703697,0.8580286804783823,0.9796265153694581,0.1678086380855599,0.9117298605520909,0.8040825160086579,0.8751038050216222,0.9843617726997445,0.9481608601832732,0.9985324561162128,0.9008109730235982,0.8591451287364844,0.8905232684471212,0.9790906901804324,0.9928893498778073,0.9349426948340502,0.877059523795205,0.7475092354603796,0.8239134490485776,0.8779179059734528,0.9272278453848011,0.9821463001596107,0.9329497321807896,0.9257124459883883,0.6456359501695257,0.73919845469546,0.9490592052587878,0.9369854052620161,0.9390829980374293,0.9329497321807898,0.8765493364841208,0.6902102412198285,0.9254867932704707,0.9349426948340502,0.9369854052620161,0.5205478541423346,0.73919845469546,0.9506503681784946,0.9369854052620161,0.8907404833799742,0.8948693468634781,0.9171338879258173,0.874111544718511,0.8576833897058407,0.9349426948340502,0.9369854052620161,0.8212944178861189,0.936985405262016,0.9730300723290999,0.8798658031392227,0.9348783637591671,0.9369854052620161,0.5720246891489089,0.9369854052620161,0.8513848233596012,0.9510212795701289,0.8963379163019165,0.49218218927581536,0.9412414838519025,0.7161445273067473,0.9329497321807896,0.5949478945425433,0.9235944347702933,0.883450633043452,0.7891048048197633,0.8993081265656122,0.756658619270896,0.8751860185986191,0.8644375806981959,0.9286197968271317,0.9958982880439295,0.6807617971830013,0.8948693468634781,0.9310020898787326,0.8866634059168486,0.9329497321807898,0.9369854052620161,0.8792920141466944,0.9369854052620161,0.7872013003755218,0.8948693468634783,0.943467974097185,0.9101213268023747,0.7161445273067473,0.9390829980374291,0.893411056648407,0.0,0.8671016868583239,0.9253948970823005,0.8278323671212413,0.9412414838519025,0.895045587288557,0.9152669132945838,0.8067567589554554,0.9349426948340498,0.9457709851868579,0.9703278584264823,0.953255582527178,0.7932609685518643,0.8899306082567793,0.9592370337121963,0.974481042465255,0.8722031149997889,0.943467974097185,0.8120736745722197,0.9234057708747359,0.980921420362135,0.3368910031777078,0.7877637952475485,0.8934110566484075,0.9183656033219387,0.8779179059734528,0.3368910031777078,0.9428948240228701,0.7694019028724448,0.9457709851868579,0.7843617363436839,0.9038554657884539,0.9412414838519025,0.9545120045449914,0.8077853720781176,0.2964378147581469,0.9412414838519025,0.9412414838519025,0.6871856430556247,0.9481608601832734,0.9919954659568128,0.8199826469754621,0.45013022148128046,0.8067567589554554,0.9481608601832734,0.9369854052620168,0.913357303376791,0.9329497321807898,0.943467974097185,0.7546438909083386,0.873827676815808,0.9991256173192244,0.9545623789260469,0.8963379163019165,0.7063769917649023,0.8876707345437711,0.8565137343618394,0.824671020432908,0.6965821304439734,0.7959867014475599,0.9237880504470877,0.9812882646010126,0.8806719604852851,0.9506503681784948,0.6986972339885479,0.8948693468634783,0.9102586846626868,0.9412414838519025,0.9369854052620161,0.943467974097185,0.8792920141466944,0.9150048519840792,0.3368910031777078,0.9457709851868579,0.9349426948340502,0.9369854052620161,0.5840119435396274,0.9481608601832734,0.953255582527178,0.5670512200310889,0.7393350300895323,0.9183656033219387,0.943467974097185,0.7932609685518643,0.6316561735701247,0.9218241042345274,0.9290959183459291,0.8757418277372286,0.9412414838519028,0.8993081265656124,0.6652008978784802,0.9272278453848011,0.8890928172755164,0.9034814342922286,0.7091948493048554,0.899308126565612,0.7245926068511879,0.5180738075959727,0.9349426948340498,0.9397454091117983,0.8866634059168488,0.7606222572952102,0.7621006700194146,0.6523335479021481,0.9369854052620161,0.8186692280313936,0.9339524310656602,0.9008109730235982,0.6324261742117003,0.9506503681784946,0.8080897785000023,0.9369854052620161,0.9369854052620161,0.913357303376791,0.8806719604852848,0.8119089020102451,0.936985405262016,0.9506503681784948,0.9369854052620168,0.903855465788454,0.5104047456072169,0.7391984546954598,0.8457455232976452,0.9053985774691051,0.9235944347702933,0.6243484101822678,0.671390853551995,0.9369854052620161,0.4697019050668889,0.8963379163019165,0.7229232266022432,0.7262522312213644,0.5957412250426073,0.8382480075840135,0.9991256173192244,0.7470155233332092,0.9369854052620161,0.6890925560830303,0.9150048519840792,0.5527159235147867,0.7891440655805741,0.9390829980374291,0.6268092395079438,0.9290959183459289,0.9369854052620161,0.8711248729670613,0.757646272787821,0.9369854052620161,0.9053985774691051,0.7454677742420686,0.6009753995772682,0.658851702901422,0.7546438909083384,0.9369854052620161,0.9359987855401801,0.8212944178861188,0.9457709851868579,0.9048758075333981,0.6588517029014223,0.8848500287036505,0.8862566036435153,0.9324146244726685,0.30626478107291477,0.8738276768158078,0.8591451287364844,0.920081794385244,0.817354053624211,0.8434512124644258,0.5127754305826379,0.9200817943852442,0.27686116865982624,0.9150048519840792,0.9369854052620161,0.9218485695187231,0.9950092225712419,0.7679533613871454,0.9253948970823005,0.6500288760033341,0.9329497321807896,0.9845576245892497,0.9390829980374291,0.9329497321807896,0.9721643839492673,0.9369854052620168,0.9771865070849177,0.5348650462181977,0.8806719604852848,0.9481608601832734,0.809420201655433,0.9506503681784948,0.9272278453848009,0.9476535753223351,0.9885788300443914,0.893142941381641,0.9506503681784946,0.8260447831101064,0.8963379163019165,0.8956273847626326,0.91667381023818,0.9235944347702931,0.3843699279196384,0.9412414838519025,0.844877102877944,0.8751860185986184,0.7371450006596979,0.9183656033219387,0.8751860185986184,0.9253948970823005,0.9069566644903915,0.8754255978825567,0.7178547490400888,0.890215708771701,0.9310020898787328,0.993259881489431,0.809118789223849,0.9038554657884541,0.9183656033219387,0.920081794385244,0.654525670101175,0.9253948970823007,0.6004170706459373,0.9183656033219387,0.574669583194623,0.9052390855470804,0.9412414838519025,0.8080897785000021,0.6935503703059177,0.8978173148387736,0.9377821213923416,0.9481608601832732,0.7362383996747773,0.8956273847626326,0.9457709851868579,0.9320797389103181,0.9810860991992141,0.6182418262369357,0.943467974097185,0.9481608601832732,0.9847277353330188,0.6628165329007827,0.9612656347199036,0.48448463823157784,0.7483813050199273,0.7807978673500404,0.8848500287036505,0.9310020898787328,0.9694633416994007,0.9369854052620161,0.3686462268456112,0.9369854052620161,0.9369854052620161,0.7751411006332307,0.9200817943852437,0.9723980610103102,0.9369854052620161,0.7635728637516694,0.7986983159818959,0.8948693468634782,0.8682427811077011,0.5261783109300997,0.6754335112162425,0.8806719604852848,0.8792920141466947,0.8013966443800902,0.9290959183459286,0.9958829732901835,0.9457709851868581,0.8978173148387731,0.9110135621318769,0.8212944178861188,0.665302445875158,0.9290959183459286,0.9329497321807898,0.9639923733842708,0.9295775988190449,0.7917814937520986,0.30626478107291477,0.8765493364841208,0.9235944347702929,0.9166738102381797,0.9917417854198085,0.8372369487294187,0.5957412250426075,0.8834506330434526,0.920081794385244,0.9008109730235985,0.9412414838519025,0.9235944347702931,0.9390829980374291,0.7215786826937066,0.8226046489234888,0.9024875416100442,0.9434679740971852,0.9513718884110443,0.9310020898787328,0.8309494874389135,0.8124005011391582,0.9594986384506099,0.7229232266022434,0.8155128907757817,0.9034814342922285,0.6754335112162426,0.809420201655433,0.8792920141466944,0.6794119432585854,0.9694100907323095,0.8848500287036505,0.8822719690573395,0.9369854052620161,0.27686116865982624,0.8963379163019165,0.9369854052620168,0.9112359182136072,0.9235944347702931,0.9329497321807898,0.6578234571974318,0.6753651128266823,0.9200817943852442,0.757646272787821,0.9506503681784948,0.7181198450762898,0.9253948970823005,0.8609114158299598,0.9329497321807896,0.9779901913198821,0.8033482182619691,0.8948693468634783,0.9183656033219387,0.7126918433193739,0.8512736190221857,0.7145880824455527,0.830439865086853,0.9910569717673405,0.7905202806671943,0.6763973750149685,0.9069566644903913,0.9506503681784948,0.9667480998914222,0.9390829980374291,0.6828903521873086,0.9113067123177234,0.8971490513732798,0.9349426948340498,0.7378186603671333,0.6531530753795627,0.953255582527178,0.8499673668876722,0.9412414838519023,0.970087547292547,0.567534744572058,0.8705100723917398,0.9096861238372789,0.6264169104538452,0.9218241042345277,0.873827676815808,0.9253948970823,0.9349426948340502,0.39681053131259414,0.9532555825271782,0.9369854052620161,0.8993081265656122,0.8758227300359213,0.9799806113987957,0.9747559458370869,0.936985405262016,0.8552011210699519,0.9534634049272944,0.8834506330434524,0.9038554657884541,0.4094041965848515,0.9254867932704705,0.9090576304377902,0.734410051222125,0.9101213268023747,0.8834506330434522,0.8147180119466229,0.9871789510845517,0.3063205188485627,0.7045169096299295,0.9117298605520907,0.9412414838519025,0.9302334181929384,0.953255582527178,0.9101213268023747,0.9329497321807898,0.9034814342922286,0.8338080357894954,0.9117298605520907,0.9369854052620166,0.8784502765604175,0.45516809279423254,0.9481608601832736,0.9369854052620168,0.9235944347702931,0.7126918433193737,0.7546438909083384,0.9349426948340498,0.943467974097185,0.9310020898787328,0.9349426948340498,0.9349426948340498,0.8993081265656122,0.9369854052620161,0.9310020898787328,0.951021279570129,0.9369854052620161,0.9183656033219387,0.8644375806981959,0.9481608601832732,0.30626478107291477,0.9457709851868579,0.9390829980374291,0.9349426948340498,0.6909854043398916,0.8239134490485773,0.920081794385244,0.8027410855239228,0.9369854052620161,0.9828074695633924,0.9412414838519025,0.9084229524444827,0.7906921486878846,0.6798446068866668,0.9481608601832732,0.9390829980374291,0.9218241042345277,0.8948693468634783,0.9883279044516831,0.46552464827705065,0.9655974895223982,0.9023265168341346,0.9069566644903913,0.9291096658772006,0.9253948970823007,0.9868438546677248,0.9133573033767912,0.3641489145402368,0.8848500287036505,0.8040825160086582,0.9369854052620161,0.9913026731221013,0.46495053672090303,0.9506503681784946,0.9801815819937928,0.36782177963452856,0.9721643839492673,0.7822000230606594,0.9329497321807896,0.7407778267118058,0.7327966338026524,0.9369854052620161,0.9369854052620161,0.8934110566484075,0.8938665427610049,0.8792920141466944,0.9345884642122209,0.8080897785000023,0.9202407916505639,0.6063717276001773,0.7516140668369249,0.9166738102381797,0.7679533613871454,0.9369854052620161,0.8765493364841208,0.27686116865982624,0.953255582527178,0.9424224160797434,0.3368910031777078,0.7905202806671943,0.9369854052620161,0.9369854052620161,0.7195544810963421,0.9543800590178142,0.729542911031082,0.3891707257994672,0.9971212157939338,0.7805354160359033,0.9101213268023749,0.7805354160359033,0.7946256519630464,0.9665208288913452,0.936985405262016,0.9636743678186818,0.7737143139162701,0.4448092126688974,0.9481608601832732,0.9751226471151502,0.9037277891265615,0.8890928172755166,0.8978173148387736,0.9390829980374291,0.5527159235147869,0.9369854052620161,0.7849906623320981,0.970087547292547,0.8751860185986187,0.8040851393909492,0.9552226199743181,0.9272278453848009,0.8820580577672703,0.6199146658991364,0.9457709851868579,0.8369474483722923,0.829136551829492,0.9310020898787328,0.6409814284985486,0.9038554657884539,0.915004851984079,0.7679533613871452,0.943467974097185,0.9349426948340498,0.8506369201724968,0.9117298605520905,0.9655974895223984,0.977164301389462,0.953255582527178,0.8948693468634783,0.953255582527178,0.953255582527178,0.7685463059719873,0.9882715677561684,0.8711248729670609,0.9369854052620168,0.7771041629395343,0.5724333496475315,0.9235944347702931,0.6243484101822676,0.9290959183459291,0.9349426948340502,0.9117298605520905,0.8684389251881863,0.9390829980374293,0.9690862056904914,0.8978173148387734,0.7807978673500402,0.7531324754936788,0.9369854052620161,0.8657679762547945,0.9369854052620168,0.7391984546954598,0.9506503681784946,0.9166738102381802,0.918365603321939,0.6138904567001311,0.9369854052620161,0.757646272787821,0.6754335112162424,0.9183656033219387,0.7591375004288963,0.7849906623320981,0.7679533613871452,0.3368358499862102,0.8033482182619691,0.9172462606189085,0.9947329122434214,0.939867874884075,0.9200817943852442,0.8218611598382524,0.953255582527178,0.9200817943852442,0.9543800590178143,0.5357722186414962,0.9133573033767912,0.8000490890639185,0.8792920141466947,0.6672814501418358,0.9369854052620163,0.9349426948340498,0.8040825160086582,0.8590495752805768,0.7611366179992951,0.7229232266022432,0.6928644475854284,0.9369854052620161,0.737610804298789,0.5389488466406569,0.9038554657884539,0.9369854052620161,0.8013966443800902,0.9290959183459289,0.3368910031777078,0.920081794385244,0.9349426948340498,0.9152222404983097,0.915004851984079,0.7881092891784469,0.9117298605520907,0.9530102635619484,0.9917417854198085,0.6631026580139316,0.9369854052620161,0.9101213268023747,0.9369854052620161,0.9481608601832732,0.8420007259659188,0.8565137343618388,0.953255582527178,0.9085306004621045,0.9868660647621651,0.8820580577672701,0.6036327119350171,0.9369854052620161,0.7918925464859508,0.7779793350719886,0.7298735372192087,0.9069566644903913,0.9636743678186817,0.9365826632500471,0.9069566644903913,0.9053985774691049,0.8963379163019165,0.8671016868583243,0.6928644475854286,0.8963379163019165,0.6794037615160239,0.943467974097185,0.45013022148128046,0.8963379163019165,0.953255582527178,0.9150048519840792,0.9390829980374291,0.5943055198729934,0.9349426948340502,0.9053985774691049,0.9183656033219387,0.8657679762547947,0.29175701255894093,0.9200817943852442,0.8934110566484077,0.913357303376791,0.9349426948340502,0.9235944347702933,0.7664990877511457,0.6794037615160226,0.7726316975244578,0.7932609685518639,0.8905232684471214,0.8801055866419675,0.9545623789260471,0.9390829980374291,0.4220330480075589,0.8779179059734525,0.9803572006357363,0.6500288760033346,0.8099742568012586,0.939608240224485,0.39681053131259414,0.3063205188485627,0.8707811959424188,0.9085306004621041,0.8609114158299598,0.8978173148387736,0.5486458396112175,0.8173540536242108,0.9218241042345274,0.9053985774691049,0.3568901125568814,0.982000967033176,0.848662316449138,0.7268703810384538,0.8765493364841213,0.8133969328652473,0.9457709851868579,0.7352422012108966,0.8460552306072358,0.9150048519840792,0.9688298914803046,0.5789787404082571,0.9064840699954801,0.8408491588837401,0.9121842611161273,0.5601407473810666,0.9312963087719359,0.9877220281917203,0.9407876012946768,0.7793910081937736,0.9412414838519025,0.38879941364220005,0.8591451287364844,0.9101213268023745,0.9412414838519028,0.9708038746203248,0.8304398650868532,0.9280112934163842,0.9329497321807898,0.5019344689077639,0.8405391334302661,0.9183656033219387,0.9113067123177236,0.9412414838519028,0.8252209280961131,0.5186972029189278,0.3686462268456112,0.8671016868583243,0.9981997428137879,0.9390829980374291,0.9506503681784946,0.8578283462385063,0.9481608601832732,0.8228515465886155,0.3686462268456112
p96_I,0.8960095367653353,0.6442193471882631,0.9685646037596052,0.9100479243194204,0.9292058051524483,0.6961799377177751,0.8301348975825946,0.8192460756133684,0.7971434160526358,0.916106073886044,0.967017160057684,0.8894031717904967,0.8894031717904969,0.3525747199739028,0.8475185892391149,0.7968820743721303,0.7823094817310382,0.8644762587454871,0.7838218979765824,0.8107573076511435,0.9578137115351308,0.9926862347706238,0.9589301224289049,0.9339037414170339,0.9826614905668988,0.8555090199358881,0.5143204104264307,0.8237753987296019,0.7652345379073414,0.6167505068430397,0.8418271742558863,0.9038960691476476,0.912166584917486,0.9510400325580777,0.8928757609748676,0.8707659462994879,0.8964416496516883,0.5972902138623996,0.9205349146293753,0.485852543217867,0.9762203663506988,0.8583462338175081,0.9205349146293753,0.8163372768230479,0.7823094817310381,0.7006381973085793,0.9388267942128117,0.790134992674723,0.7890122015407406,0.7718067781551381,0.9440100680280117,0.60844155655538,0.8555090199358881,0.8762879977600884,0.8794637048361449,0.9042249983725685,0.7972161138487692,0.892875760974867,0.9372069411911279,0.9765386381256518,0.801867134177483,0.9199369844461498,0.9764821472729374,0.8296846983575323,0.8003834697321844,0.8547617535541157,0.7751919398094411,0.7992319421695904,0.9710851654264195,0.827293922138035,0.290078578294129,0.8527082022594992,0.9292058051524483,0.6344860777611516,0.892875760974867,0.799333714562863,0.8701112326985441,0.8452925243966423,0.6594542221198869,0.6482692942611701,0.9044537215424593,0.8201839584319922,0.7863507411393101,0.8555090199358881,0.892875760974867,0.30362807488210364,0.8234512621212564,0.5880008637608496,0.8370268929082982,0.8894031717904964,0.892875760974867,0.20965018166423965,0.5929148878272972,0.7453301990621899,0.8972380522258427,0.8534003090906301,0.20673119722058364,0.8017951474918712,0.6521138150846952,0.6815640696788077,0.7157909626364065,0.674015823080508,0.5258435321838393,0.5390266651767525,0.9979823384179789,0.9118739328932484,0.42122897424633743,0.6038910474574348,0.8671016868583241,0.6877404170352177,0.3026965186519608,0.828501754846454,0.7981024899414122,0.6953915600298746,0.9001110559421439,0.8081339281642226,0.8360164092089225,0.9118739328932484,0.9684455580859812,0.7352144106202141,0.8626905832443756,0.29666193911244676,0.4718562938126559,0.7940531662815096,0.9484806751410749,0.5154648962046342,0.8964416496516883,0.8643880853462501,0.8634870394328219,0.8212788440155336,0.7316564454969656,0.9001110559421437,0.6548499431683494,0.9205349146293753,0.6818135799918104,0.7083164224090542,0.7823508089455846,0.8955339364505324,0.9038960691476474,0.8860151533715293,0.8767141813516648,0.916106073886044,0.6940333698243002,0.5636951787432564,0.37910739128101634,0.8114587961537705,0.9348512446873105,0.666942055700622,0.8527082022594994,0.5060455102980115,0.674188998419736,0.8018671341774823,0.6684473752986693,0.8249377824621846,0.8554199375701688,0.8802681711979428,0.5495038557943291,0.806634876842097,0.8190056683368176,0.3738071294541844,0.618315068310294,0.8288787761631804,0.6753686062202882,0.5986141853266189,0.8244831199575433,0.4112364960834909,0.7596737531136111,0.8772439656561348,0.9499732533316507,0.7739591026453143,0.7580097776797337,0.8894031717904969,0.8499415642309929,0.6366868295979267,0.9136271970541074,0.6616372098134347,0.7403498738151295,0.781383641018307,0.7234983302588482,0.7934162562185846,0.8368421998983127,0.843496481781838,0.851499547990344,0.8894031717904969,0.7895576320113761,0.47191410449618765,0.7697743593917872,0.813709685557596,0.8762879977600885,0.8784921003888381,0.8860151533715295,0.7971434160526363,0.7020356448193333,0.650371215391522,0.8018671341774823,0.892875760974867,0.8964416496516883,0.7016462211200151,0.7901349926747225,0.8886119512073624,0.8516925067967558,0.9600059685838345,0.892875760974867,0.9197756454233603,0.7128588653404453,0.9161060738860443,0.892875760974867,0.8604424846457105,0.8922385033088467,0.8381194316312963,0.8017805033625467,0.808834533709522,0.6869800474494778,0.892875760974867,0.7648886723288331,0.8928757609748665,0.777266200328727,0.7964591371908679,0.7413305498077758,0.892875760974867,0.9865548062843289,0.892875760974867,0.8462869656377975,0.9370217966662873,0.26780122636094594,0.9227199417794862,0.7514472996218442,0.5642060663860091,0.8860151533715293,0.8409767213353478,0.8701112326985445,0.6276639988875605,0.7027221011812184,0.9267446640989643,0.8554199375701685,0.8087510315013654,0.8092435648391678,0.969659532404788,0.8246701716947112,0.8449320637799715,0.8212788440155339,0.8827041791382022,0.16165785601440485,0.9203767054972345,0.892875760974867,0.7947975198038115,0.892875760974867,0.532712040257111,0.4927777828157781,0.9038960691476476,0.8472070714583104,0.5330342042517616,0.8964416496516885,0.8187997638878759,0.8671016868583239,0.0,0.873172002284847,0.7073165869972917,0.9001110559421439,0.21932758074078995,0.7294450148306262,0.6714882444341246,0.8894031717904964,0.9494976475473855,0.45471890294737993,0.9205349146293753,0.7137445883011697,0.6485455232591513,0.9152829631513328,0.7272339666683894,0.21739634483892445,0.9038960691476476,0.6973573806417621,0.6195630607602781,0.7655988977276662,0.9118739328932484,0.6392003785436666,0.9002762166596037,0.7912208879896512,0.633838747905076,0.9118739328932484,0.7212040800834099,0.7032313690777421,0.8837564306389943,0.9102098127053473,0.5552922488268177,0.557868608268504,0.877710850552303,0.5930600104082278,0.9547382576229388,0.9001110559421437,0.9063102527045162,0.4682184328386447,0.6534058254922243,0.5908352090159057,0.7110914890254656,0.816168371957565,0.8120632916679974,0.8707659462994877,0.7801538414269056,0.6236523879100819,0.5642000126171964,0.694963942048713,0.6300488723387776,0.8270754015318362,0.9063102527045164,0.8716921083560702,0.8237753987296019,0.7697105941875894,0.8090412684190862,0.7560746509446188,0.5000288119362081,0.734372536936595,0.718637645060408,0.2854802977023714,0.9018028471387467,0.8618932032142346,0.8107573076511431,0.9756307854361475,0.8449320637799713,0.762968901605016,0.9001110559421437,0.892875760974867,0.9038960691476474,0.7555295798671513,0.5004571210312758,0.9118739328932484,0.9078111670939806,0.6516786490528089,0.892875760974867,0.9872911449181456,0.9118739328932484,0.7440905811743811,0.9478678419966162,0.9072516980232548,0.5884793948932661,0.9038960691476476,0.6485455232591513,0.5841590055915161,0.7723299389622106,0.8794637048361451,0.4420689277054656,0.9001110559421439,0.9265969718894862,0.620897981783997,0.8762879977600884,0.8341936371275782,0.9357331550008063,0.5212300697634258,0.43788345072713186,0.5941536559893037,0.882805383470266,0.8894031717904967,0.8156578521547653,0.6052427004793988,0.6088325088338573,0.5955732986187436,0.48874788419821846,0.892875760974867,0.7429442252625225,0.8262903628126801,0.5256662790633428,0.9078513820385045,0.916106073886044,0.6904551550734381,0.892875760974867,0.892875760974867,0.8527082022594992,0.883476465601434,0.3609737850101544,0.8928757609748665,0.719711768163538,0.7074937530717438,0.6819907043598901,0.8244831199575433,0.7441026903149073,0.99813410649239,0.4678310689014651,0.6089450084951167,0.6379620395991665,0.6781852866824711,0.892875760974867,0.8627119636910092,0.45904825265767335,0.5757263790554803,0.64374474991997,0.9554910437927204,0.48399057768137743,0.9001110559421437,0.5699286861910755,0.892875760974867,0.4714601676747968,0.8084733144817625,0.7028771643605123,0.677685957099474,0.8964416496516887,0.722821055221045,0.5645873337810597,0.892875760974867,0.7809134539375333,0.7296939400545951,0.892875760974867,0.9418436983354361,0.8378902646801137,0.9653868191441013,0.49951908323962546,0.5828968418205394,0.892875760974867,0.8619716935909366,0.8850901167714837,0.7586969892787792,0.7187944794515458,0.8332850673518162,0.8263753778581191,0.8066372587257484,0.4607052770893084,0.9001110559421439,0.8478590043252137,0.7605479974944291,0.664046619695012,0.7065219835521928,0.571505614057449,0.9979823384179791,0.8936281262041483,0.9038960691476476,0.5844615374268638,0.892875760974867,0.9577099946223931,0.7825757081266641,0.9029495124433109,0.9357354408000715,0.9006967164580981,0.8860151533715295,0.9985786308789344,0.878785799756239,0.8860151533715295,0.7514473666238058,0.634833664716582,0.9319149402192523,0.913268040428731,0.5121921875569824,0.9118739328932484,0.6760160728460733,0.9161060738860443,0.9958472942261388,0.870465071608737,0.8159039574248788,0.7928075116032366,0.8562800773949444,0.9857763137795776,0.8954930335908746,0.8087931464763707,0.8583462338175083,0.8701112326985445,0.8590365055651024,0.8675945144338484,0.8288247292151198,0.8772439656561347,0.7775644608857419,0.6464055357779469,0.9343530326383656,0.9044537215424593,0.841827174255886,0.3968544210902649,0.6138643918137816,0.4824464525086193,0.916304017383342,0.7826030698172926,0.6746766234682442,0.8618948557210502,0.8612222667022578,0.9231164764775379,0.4923678274983819,0.9044537215424593,0.8230225238043272,0.8612222667022578,0.9658421781045281,0.5279766051172146,0.6740158230805084,0.8753243175528062,0.9904632042289859,0.5453173977446641,0.8087510315013657,0.9118739328932481,0.8426269673214142,0.8916353711175649,0.7586969892787796,0.96107169668658,0.6148163121656586,0.8158081156441144,0.9440100680280117,0.9118739328932484,0.4819506010278486,0.6112530469741477,0.9553971960870309,0.9693912346228278,0.9693912346228278,0.6434062932362998,0.9370217966662873,0.8827041791382022,0.4005736849526138,0.892875760974867,0.9078111670939808,0.892875760974867,0.892875760974867,0.6177419122847327,0.8641397759307596,0.5112126327329065,0.892875760974867,0.5980760145994033,0.657788964531437,0.868585283544409,0.5276484693227037,0.8438248730765974,0.8736997839121017,0.6416917618801796,0.7947975198038117,0.6623760983136726,0.8794637048361451,0.7799408560286458,0.9078111670939808,0.874628227385192,0.6409114491906754,0.7305454024880755,0.6900189778636221,0.8794637048361449,0.9547382576229388,0.5650330579561091,0.7170105088253749,0.44020848603597995,0.9388267942128117,0.49285808794498676,0.900754983216564,0.7430966608457164,0.8936281262041486,0.6805269527171021,0.6731615846451517,0.8018671341774828,0.8641397759307594,0.8561085609507002,0.9001110559421437,0.8701112326985447,0.6165511573988217,0.8768658817052271,0.7328798434654642,0.8424820697936628,0.9038960691476476,0.9226168570491226,0.8827041791382024,0.9243222489254981,0.6605300697453589,0.7575828442428153,0.5289720004517839,0.8972380522258427,0.7440905811743812,0.4639976883024328,0.7095019994309135,0.7947975198038115,0.5808448155986898,0.6089450084951171,0.8042460940964857,0.9224620983801772,0.892875760974867,0.9038960691476476,0.9433047901650564,0.9292058051524483,0.943635638893912,0.8701112326985438,0.9547382576229388,0.7336155400335024,0.690344513372608,0.7525116705151794,0.5880008637608496,0.9928483866263513,0.5123322931410254,0.8731720022848468,0.7183892567156183,0.8860151533715295,0.8262103744317857,0.8332755094651154,0.5164310025802155,0.6464055357779477,0.9427741727313974,0.7847536965491122,0.5767659333042979,0.7117493098686705,0.755643239418823,0.6763629205828727,0.7516593631340742,0.8418271742558863,0.7652345379073409,0.8023773034771658,0.8964416496516887,0.7635224343847948,0.8590365055651026,0.7740740740740746,0.8894031717904964,0.5686511060972426,0.5909471670789357,0.8399118680875938,0.8197557322264835,0.9837417292458526,0.5936552623171762,0.8893540618253073,0.8868145984844205,0.8562059599066212,0.7160275249680939,0.8971490513732794,0.8478590043252138,0.9357354408000715,0.9247045701871657,0.9440100680280115,0.8399118680875937,0.892875760974867,0.877710850552303,0.8589708817067149,0.6403775056851164,0.37729224066671296,0.8928757609748665,0.8301691163694656,0.48625187315364304,0.8018671341774826,0.8086891598929628,0.818726678439835,0.3694216389474747,0.7493894200045359,0.5932393932352535,0.8853447035427519,0.7593106604879353,0.7019444931199026,0.6945258469948821,0.9078111670939808,0.4985736368219875,0.742932679707194,0.7514472996218446,0.469124563051341,0.7920012246309863,0.8472070714583104,0.49547690836578706,0.7440905811743809,0.8762879977600884,0.7157909626364063,0.56217357636142,0.9488065545083523,0.8328047916310823,0.9118739328932484,0.8928757609748676,0.9313987337345839,0.5115787417486343,0.5828968418205396,0.8894031717904967,0.9356479353308964,0.882704179138202,0.8894031717904967,0.8894031717904964,0.8532677898837112,0.892875760974867,0.8827041791382022,0.8485046616197531,0.892875760974867,0.5884793948932654,0.5357320587817792,0.9118739328932484,0.9001110559421439,0.9078111670939806,0.8964416496516885,0.8894031717904967,0.5529889205024843,0.700654461848641,0.8641397759307594,0.6812036626507667,0.892875760974867,0.4876168255312382,0.7514472996218444,0.9191484075869396,0.6272305481685658,0.6129372960680388,0.6099338013307716,0.6540132491641666,0.8671016868583241,0.7766164199890281,0.8324246679921216,0.9655358493300292,0.8449320637799713,0.5653820074592243,0.8200617133859809,0.7918320777332168,0.7514473666238057,0.9577099946223933,0.5685324500331959,0.9001110559421439,0.5761339605777723,0.7166828496078688,0.892875760974867,0.816483885604486,0.8655130330632512,0.9161060738860443,0.569865601146144,0.9832000808774302,0.8765742436542546,0.7422518849432447,0.8860151533715295,0.6843550136575236,0.6081574215892378,0.892875760974867,0.892875760974867,0.889030768751006,0.5766766169030786,0.3486826700456416,0.7161220548314597,0.7238567341021886,0.6107744112770225,0.7599584311448851,0.6248265697926576,0.5153497435104164,0.6848014767408608,0.892875760974867,0.8112234314800251,0.9038960691476476,0.9205349146293753,0.4630087204335499,0.9118739328932484,0.6601246496586546,0.892875760974867,0.892875760974867,0.5699978352576758,0.707493753071744,0.7117458244259671,0.9926862347706236,0.5264380626408978,0.9343530326383656,0.9006967164580986,0.9400449662246345,0.6671972319331139,0.4181015815936069,0.8928757609748665,0.4218181235224653,0.6153163878178838,0.8964416496516883,0.9118739328932484,0.8769051486997297,0.8008154375553576,0.7565792253438847,0.3519659394546155,0.8964416496516885,0.8242298190717219,0.892875760974867,0.6344860777611516,0.6178241946034319,0.7878173646451987,0.5402966976136536,0.9120774097557222,0.8762879977600884,0.7994997688493952,0.38657261860039505,0.9078111670939804,0.722812142379837,0.7270463210178897,0.8827041791382022,0.9616288436298464,0.9125742379342789,0.8555090199358881,0.6055228208147398,0.9038960691476474,0.8894031717904967,0.7382952895012593,0.8770832813017808,0.65835032116684,0.9340663031496945,0.9205349146293753,0.6110438816379654,0.9205349146293753,0.9205349146293751,0.6270516083445692,0.8313795545512619,0.7809134539375331,0.8928757609748674,0.9018028471387468,0.8540950126392765,0.8701112326985438,0.45900735404127435,0.8794637048361456,0.8894031717904969,0.931366715443356,0.7763473670957515,0.8964416496516883,0.6621556716068426,0.8262903628126801,0.707598008770649,0.6745580525714547,0.892875760974867,0.16970731734343103,0.8928757609748676,0.5878835654425985,0.916106073886044,0.9993119428479293,0.9191484075869394,0.634104105457912,0.892875760974867,0.5880008637608496,0.4639976883024327,0.8612222667022582,0.590535937213716,0.6344860777611516,0.6055228208147401,0.9038960691476476,0.624966716558145,0.8741638397315654,0.7638714392024222,0.5840839523572536,0.4871165180546768,0.36685383930455584,0.6961799377177752,0.693534969968401,0.671163708894163,0.8686426071185915,0.8992520772945131,0.6600852665089245,0.794797519803812,0.5134839565335343,0.8928757609748672,0.8894031717904967,0.7001025849721199,0.7167545857231947,0.7271635607825806,0.5445567933196829,0.5248312075571109,0.892875760974867,0.5695563612645216,0.9894872653074225,0.3272350288672887,0.892875760974867,0.678880826043428,0.7935074943504447,0.9118739328932484,0.8641397759307594,0.8894031717904967,0.821695028381328,0.9115119641996129,0.8453082133622256,0.7972161138487694,0.8808259630862911,0.8114883710619581,0.4748447704422586,0.892875760974867,0.9006967164580983,0.892875760974867,0.9118739328932484,0.4223677998920896,0.7560746509446188,0.9205349146293753,0.8445028511200348,0.6941053568998091,0.8212589742627885,0.8593685421061916,0.892875760974867,0.7275622570592154,0.7185686993921176,0.7396232081405933,0.7680446191770374,0.8212788440155341,0.9757619342112603,0.8418271742558858,0.8391784404635929,0.8476812770166928,0.7740740740740746,0.6030959718378617,0.8476812770166928,0.9379139290408935,0.5746219454076213,0.816168371957565,0.8476812770166928,0.9205349146293753,0.7804718423499002,0.9339037414170341,0.7209604859920061,0.5810758522594712,0.8648447549315537,0.617442465335607,0.9885360359200094,0.9158917230732841,0.8641397759307594,0.8187997638878763,0.9078281401363852,0.8894031717904967,0.900754983216564,0.8406173390537035,0.5552922488268184,0.9525608055227648,0.8115431858641973,0.859793849636374,0.9701221854257087,0.6236523879100815,0.8964416496516883,0.9001110559421439,0.9199503714301593,0.7988959522164268,0.8472070714583104,0.751620591043283,0.9166656255065382,0.9038960691476476,0.9078111670939808,0.9532240308166848,0.8445028511200348,0.6597158784445875,0.9471350242439598,0.9458613626737735,0.893724761738329,0.6220931163874335,0.8905110693995144,0.8928757609748674,0.8358683468767987,0.5499555576095929,0.7433063121743402,0.8323118702853278,0.9359128953893376,0.9254429110923994,0.9756307854361475,0.9780473374629541,0.8835104920677506,0.8493067495571902,0.8654535427980224,0.7725756313753016,0.9288157294636339,0.9307440528645681,0.7827290858814179,0.8714037788462063,0.7222814458461465,0.8645272992085017,0.7340831514204058,0.7901630378925127,0.9713658331823793,0.7605479974944294,0.8472070714583098,0.6740158230805084,0.9858721733277643,0.7644722671905362,0.8849274001177065,0.7703693253714239,0.9890998097486434,0.7112936492812252,0.8201839584319923,0.69129059410586,0.867594514433849,0.720213257890685,0.8491470288743332,0.9078111670939808,0.7941712204007292,0.6861599315118916,0.7289374326948577,0.916106073886044,0.9909686521880895,0.9118739328932484,0.8557252892141494,0.9078111670939808
p96_L,0.8789149835251648,0.9699358505776486,0.9962433786149401,0.7367761372283408,0.9398636845831869,0.9553906988562064,0.9273110661028667,0.9732645673384563,0.9197173314687737,0.952904481298952,0.97381582818476,0.9928618019927207,0.9379142777971528,0.9871307482212135,0.8935171945284381,0.9543810721294506,0.9341536654578784,0.9939428696246878,0.9505286850464205,0.9053808215188042,0.8903153901509668,0.8344267504694405,0.938569729381019,0.9998238347481484,0.8875271554498323,0.9188871236697294,0.9341536654578784,0.9382829336530905,0.976238170109926,0.8293931832816235,0.9112065483416407,0.9460501530640815,0.9323345609629294,0.9058614048066167,0.9398636845831869,0.9818060040046752,0.9418654668890594,0.9658597103040236,0.9553906988562066,0.9968895860490862,0.8584426512265035,0.9204798499326441,0.9553906988562064,0.8968972890562259,0.9615633836644075,0.9193265337488044,0.9439253608596805,0.8821881173643273,0.8681962088300327,0.8718992107694512,0.9460501530640815,0.9942068542783298,0.9188871236697294,0.9305518148343679,0.9832374253294529,0.873004414272011,0.873004414272011,0.9398636845831869,0.8128954083199016,0.9360123464869741,0.8887741875977795,0.8207822179489626,0.9067728629191052,0.9236102206896849,0.7273216952472334,0.8171661217546866,0.9915113877198729,0.8561851304477557,0.9943558404043904,0.9141406930557708,0.9067878891240293,0.9110940012363836,0.9398636845831869,0.8450091399686623,0.9398636845831869,0.983493741964954,0.8344267504694396,0.8764342453662836,0.7908102298540951,0.9553906988562064,0.9774933804060018,0.9671761235857239,0.9947922739901722,0.9624721270225209,0.9398636845831869,0.9777237664759431,0.9775200810036837,0.8667378392683933,0.9374143102563937,0.9928618019927209,0.9398636845831869,0.8794124535395721,0.9218833442529991,0.9614387469881691,0.9537504332936724,0.9150128085700575,0.9156611479579944,0.9206712478934668,0.8365075239969437,0.9095878572781992,0.8307576415323483,0.995812608116145,0.9398636845831869,0.9528697966450939,0.8721714707818466,0.9505286850464207,0.9589992496040742,0.833222457063908,0.9253948970823007,0.8478271820431225,0.8885576332928573,0.9908966831572723,0.7961064637088178,0.7565789685207722,0.995812608116145,0.7920050164236105,0.870423515989665,0.9505286850464207,0.9553906988562064,0.8588531668491859,0.8968972890562259,0.9255404775711311,0.9253948970823007,0.9112065483416407,0.73243284950794,0.856470582027274,0.9998238347481485,0.9986868840230453,0.9379142777971528,0.8794276363367705,0.8776906116240739,0.9439253608596803,0.9460501530640812,0.9553906988562064,0.7529974819089796,0.9231924198056225,0.9150420303903186,0.9460501530640815,0.9460501530640812,0.9894969760647814,0.9617241460565329,0.952904481298952,0.8922194665655985,0.8697672352745364,0.8903153901509667,0.8941586572120019,0.9670171600576838,0.9678769406788856,0.9173148291382114,0.884150511772613,0.9762381701099258,0.9404663323227443,0.9898255622888363,0.9936940338037598,0.991511387719873,0.9173148291382116,0.9341300399149689,0.9559652186109171,0.8843302430070015,0.9844006847043052,0.8847397033843232,0.9439253608596803,0.8975786096948726,0.9615664311231347,0.961082845075214,0.9128766367598276,0.9715217972497943,0.9786384251155433,0.8820822039203281,0.9988219696289204,0.9871307482212135,0.9379142777971528,0.9574979597513363,0.8514698349351395,0.8535190019717733,0.9126446824437987,0.9818060040046751,0.8749724943304518,0.7867278122502831,0.9259498258317265,0.8955237705353787,0.9792463522435126,0.9152511870116735,0.9379142777971528,0.9141564165985063,0.9605103282028015,0.8319564473483689,0.9827139728713292,0.9305518148343679,0.9304792865902034,0.9360123464869741,0.9533122281613602,0.964057287030121,0.9699540642454016,0.8380106442750589,0.9398636845831869,0.9998238347481486,0.9360123464869741,0.8821881173643271,0.9399755448200391,0.9962433786149396,0.9379142777971528,0.9398636845831869,0.9605093626552351,0.9570982237636055,0.952904481298952,0.9398636845831869,0.9041880640840263,0.8996713357710031,0.8655788710295136,0.9915758720397254,0.8077359714861503,0.787348101225008,0.9398636845831869,0.9834463513429479,0.9398636845831868,0.9743798833618913,0.9344837978641956,0.8890317123467903,0.9398636845831869,0.8654876821106996,0.9398636845831869,0.9721245154229385,0.9721111647053096,0.975493041049861,0.9746761314564315,0.8150265150436211,0.9474491031201431,0.9360123464869743,0.9237321696604077,0.9747821421515683,0.8721625402909541,0.8514705818110111,0.8678151593743704,0.9460501530640815,0.8584426512265031,0.9324212251127573,0.9818749943123345,0.9610828450752141,0.8996713357710029,0.8996713357710029,0.9341536654578784,0.8955208649962766,0.9894969760647812,0.9398636845831869,0.9181353909773777,0.9398636845831869,0.8320423995814581,0.8996713357710031,0.9915113877198728,0.8776283584600684,0.9231892051184237,0.9998238347481485,0.898279654991218,0.9253948970823005,0.873172002284847,0.0,0.8356963633835399,0.9439253608596803,0.9544014861726944,0.982612903138747,0.9452390848153491,0.9379142777971528,0.9482479709168004,0.9506960069819718,0.9553906988562066,0.9041880640840263,0.9295590647145762,0.9647915833876861,0.9311627243054967,0.9195330073754174,0.9915113877198729,0.9516424160687378,0.9716264454129939,0.9312514068712607,0.9505286850464207,0.8478271820431227,0.9347184365906842,0.7172515874023342,0.9496407070933524,0.9505286850464207,0.9565089460656668,0.8293524200538187,0.7273216952472337,0.9586581956992332,0.7367761372283408,0.9439253608596803,0.9058614048066169,0.7961064637088178,0.9360123464869741,0.8752885460677959,0.9355505770919703,0.9211649139124605,0.9818060040046751,0.9079642774207208,0.9852678302689665,0.9855797027208402,0.8415145473268251,0.9818060040046752,0.6642958528578482,0.8681962088300323,0.9570183943574117,0.9290729285038277,0.7903153174929476,0.9119409794917464,0.9355505770919704,0.9602126215445626,0.9010728262563199,0.9218223360885692,0.9979873805056112,0.8630676692554227,0.9344837978641956,0.9731617635450589,0.907192957760214,0.9239952855998448,0.9762381701099259,0.8861224347761871,0.952904481298952,0.8297689139421238,0.9364881737530408,0.9318887192162125,0.995812608116145,0.9398636845831869,0.946050153064081,0.9485451227422383,0.8631878595663138,0.9505286850464207,0.9482479709168004,0.9521906738117114,0.9398636845831869,0.7472186948489323,0.9505286850464205,0.9700351664034113,0.8935171945284384,0.8345046298953933,0.8524968541217388,0.9460501530640815,0.9803010659756759,0.8751422028663822,0.9253948970823007,0.9323345609629294,0.8535237339488045,0.9439253608596803,0.9799998588966441,0.9270124584146908,0.9305518148343677,0.8941586572120017,0.9553906988562064,0.9652363814473877,0.7917226685098772,0.95551130487298,0.9341536654578784,0.9379142777971528,0.9763438961034466,0.8054620272717133,0.7961064637088178,0.9204122566558746,0.9165657238949023,0.9398636845831869,0.9332207176112415,0.9777237664759431,0.7867278122502832,0.9024846512059139,0.952904481298952,0.9988219696289207,0.9398636845831869,0.9398636845831869,0.9173148291382112,0.8861224347761869,0.9509232315216531,0.9398636845831868,0.952904481298952,0.7773931278746946,0.8945436312571668,0.961082845075214,0.8970063522544092,0.9398636845831869,0.8505787444421385,0.8821245273141876,0.8947318359984151,0.907568339119929,0.9398636845831869,0.9642957970297394,0.8384564219662863,0.92964410480043,0.7872811539420856,0.9704295576642357,0.8185845581425228,0.8752885460677958,0.7829495315328665,0.9398636845831869,0.7520814606995077,0.9624721270225209,0.8332042054706015,0.7975556596448317,0.9418654668890594,0.921883344252999,0.9658597103040233,0.9398636845831869,0.9953734704865862,0.9647595619398641,0.9398636845831869,0.9896201712617319,0.9032792026456331,0.8256622314514289,0.8723446941102067,0.7903153174929476,0.9398636845831869,0.9813816034118847,0.9630974759206201,0.9868659623160062,0.8057665591262987,0.7733894101534822,0.924554456758766,0.8914519915852102,0.8996621411778399,0.9439253608596803,0.9442911856940015,0.8957643484306201,0.892670362394828,0.8521862872722994,0.8364184224507218,0.9873529542805413,0.9237321696604077,0.9460501530640812,0.9067728629191052,0.9398636845831869,0.7788100711579627,0.9842127613506938,0.8525919608154584,0.9288025889967637,0.997484652794657,0.9894969760647814,0.9811946239922146,0.9418654668890594,0.9360123464869743,0.9288025889967637,0.9398636845831869,0.9305518148343681,0.9394036842017904,0.7107388049127736,0.9505286850464205,0.8441860472819296,0.976238170109926,0.9803079821283598,0.754972261436255,0.7888538815918715,0.9747821421515683,0.763666124336559,0.8950586313042617,0.9010728262563201,0.9340712946921954,0.9204798499326443,0.9747821421515686,0.9818749943123346,0.9439253608596803,0.9439076502388632,0.8584426512265038,0.8831681344805433,0.9220943680125893,0.988777790152866,0.97381582818476,0.951689513216182,0.9840116439758554,0.9733233897368299,0.9551827331085332,0.9341536654578784,0.8293524200538187,0.8513080270782072,0.9476888747140071,0.9671761235857239,0.9844690963672101,0.9183257279892616,0.9774933804060018,0.9642495556649884,0.9220943680125895,0.7321602844086202,0.8791289604932913,0.9355505770919704,0.9728267661071015,0.8862944363279921,0.9401042088409286,0.9134708556523619,0.7788100711579625,0.9990317979177459,0.9029852527308233,0.9868659623160062,0.950086744156598,0.9341536654578784,0.9341536654578786,0.9290729285038275,0.9818060040046751,0.9673445570347357,0.8306522664559604,0.8505773607781033,0.9379142777971528,0.8972431496161436,0.815789239204129,0.9721111647053092,0.9341536654578784,0.9544014861726944,0.9398636845831869,0.9482479709168004,0.9398636845831869,0.9398636845831869,0.8102470465199716,0.9237321696604077,0.8297689139421237,0.9398636845831869,0.823570202038223,0.8590494466041885,0.8794276363367706,0.9623863318992856,0.9642957970297393,0.8864775309093421,0.8787132883757073,0.8848055194072821,0.8361581574418966,0.8640539815709769,0.8929373097616344,0.9868659623160064,0.9024846512059139,0.9312514068712607,0.8829132168159719,0.9268615921601944,0.9832374253294529,0.9894969760647812,0.9878222819994916,0.9482479709168004,0.9315659176140887,0.9439253608596805,0.8552143529898294,0.9270843653068206,0.9908966831572723,0.892670362394828,0.846854460054022,0.9097196291136669,0.9229260836136746,0.9237321696604077,0.982324224352259,0.995812608116145,0.9775200810036838,0.9418654668890594,0.9711572181901504,0.8575188357488204,0.8041814453936074,0.9915113877198729,0.9279899061857315,0.9341536654578786,0.932856491044435,0.8849503008447888,0.9521906738117114,0.88112785206906,0.882082203920328,0.9553906988562064,0.8864775309093422,0.9733880161603293,0.8848055194072821,0.9388998151934461,0.9775200810036837,0.9589992496040742,0.9787543252495641,0.9398636845831869,0.9460501530640812,0.9754930410498608,0.9398636845831869,0.7568273350176958,0.9747821421515683,0.9894969760647812,0.9127085925971723,0.8966080626769899,0.9696315366465988,0.7932215472647903,0.952904481298952,0.8791289604932915,0.8277434539570455,0.8695692309057297,0.9894969760647814,0.9832374253294531,0.864291769268863,0.9733050117350786,0.8074150985486039,0.8714116539799703,0.9165723268260286,0.9287288477069136,0.8381847602503403,0.9439076502388632,0.8253638399869103,0.8926527688839507,0.9112065483416407,0.8345234729276818,0.7939881817158984,0.9998238347481484,0.988615979061509,0.9514652625474735,0.8731720022848473,0.9379142777971528,0.8269930266612504,0.8792718189530241,0.9700351664034113,0.8568203162271624,0.9439253608596803,0.9094175606190132,0.9010728262563199,0.9908966831572721,0.9842127613506938,0.9673445570347357,0.9810661291837658,0.9442911856940015,0.977493380406002,0.9379142777971528,0.9460501530640812,0.9553906988562064,0.9398636845831869,0.7917226685098773,0.8837908569331285,0.8206567585478068,0.982324224352259,0.9398636845831868,0.9896809911112329,0.8826204990016653,0.8887741875977795,0.8945436312571668,0.95331222816136,0.9726705794236883,0.888713019100158,0.9376993382402389,0.9608863509569181,0.9063144363068493,0.8495208449973668,0.9324212251127573,0.9482479709168004,0.9514652625474735,0.873004414272011,0.9355505770919704,0.9162444743188085,0.8954610316630288,0.8776283584600683,0.9360123464869741,0.9553906988562064,0.8704235159896652,0.8730044142720108,0.9398636845831869,0.8514698349351397,0.9876418120474258,0.9505286850464205,0.9398636845831869,0.9270843653068208,0.8956777557659622,0.9371019863188219,0.9379142777971528,0.6793190916396445,0.9341536654578784,0.9379142777971528,0.9928618019927209,0.9419536134643974,0.9398636845831869,0.9615633836644075,0.8687767861693851,0.9398636845831869,0.8074150985486037,0.9324212251127573,0.9818060040046751,0.9439253608596803,0.9482479709168004,0.9418654668890594,0.9379142777971528,0.9488859772255887,0.8588531668491859,0.9237321696604077,0.8374992460005586,0.9398636845831869,0.8687767861693853,0.9439253608596803,0.9426603652680072,0.9747664232800966,0.9348082077122006,0.9505286850464207,0.9418654668890594,0.9253948970823007,0.8426107983547333,0.9253948970823007,0.9398636845831869,0.8996713357710031,0.9763438961034467,0.9921724780907231,0.8860823482957816,0.9251250367755219,0.8464753821068668,0.8681962088300327,0.9439253608596805,0.958999249604074,0.8646465267440429,0.9398636845831869,0.9470390403999661,0.9621505626294753,0.952904481298952,0.8851685732751224,0.9341536654578784,0.9288025889967637,0.9172372481692359,0.9894969760647814,0.8985778553706721,0.9635402057454656,0.9398636845831869,0.9398636845831869,0.8466488738125182,0.8460574995249717,0.9485451227422386,0.9355322793023026,0.8428507484980068,0.8970835150993879,0.8298714737624997,0.8118140012840134,0.8579614827921467,0.9266315070523072,0.9398636845831869,0.9208637354012905,0.9460501530640812,0.9553906988562066,0.8966080626769899,0.9505286850464207,0.8506391215629192,0.9398636845831869,0.9398636845831869,0.8051359425884179,0.9470390403999658,0.7904374869548956,0.9775200810036838,0.9011784989275505,0.9561940054212755,0.955855656546232,0.8910264359580939,0.8294272097114594,0.8607411310128992,0.9398636845831868,0.9162444743188084,0.8088522312849598,0.9998238347481487,0.914140693055771,0.9533082645638473,0.9567167403268422,0.8941586572120017,0.9094175606190132,0.9418654668890594,0.8429869500177809,0.9398636845831869,0.8199103265291456,0.9401042088409286,0.9134708556523619,0.8390035272672387,0.911344744007007,0.9305518148343679,0.8874452201355858,0.9605103282028015,0.9868659623160063,0.9837490554210242,0.8641998344082782,0.9862951408967355,0.952904481298952,0.9476888747140071,0.9188871236697296,0.8525919608154582,0.9460501530640812,0.9379142777971528,0.8817930382709449,0.9157617220296759,0.8996713357710031,0.984700032305712,0.9553906988562064,0.9364881737530406,0.8954610316630298,0.9700351664034113,0.8818853796020467,0.9438328971193495,0.9089152002046674,0.9964123220916106,0.9762381701099259,0.9747821421515683,0.9270843653068206,0.92005433765868,0.9323345609629299,0.9379142777971528,0.999744732490999,0.905931235324579,0.766581041296981,0.9344595317320945,0.8717980029839987,0.815789239204129,0.8377446582222251,0.9398636845831869,0.8794124535395722,0.9470390403999658,0.7754268322694216,0.952904481298952,0.9204798499326441,0.9220943680125895,0.9834463513429477,0.9398636845831869,0.7932215472647903,0.9110049051058225,0.9671761235857237,0.8191939787328957,0.8199103265291454,0.803232263324226,0.9460501530640815,0.864291769268863,0.8948411555416447,0.9355322793023029,0.9650402344639282,0.9696315366465988,0.9011365786092649,0.9553906988562064,0.8467709954086369,0.9964123220916106,0.9119409794917464,0.9968895860490863,0.8604489406043498,0.8818853796020466,0.9287288477069136,0.7773931278746941,0.9379142777971528,0.8646465267440426,0.9198178556572019,0.9953734704865864,0.8083534729720048,0.9505354826315566,0.9398636845831869,0.871126282114518,0.8882664943097344,0.9871307482212135,0.9398636845831869,0.8618481858107894,0.9658597103040234,0.9505286850464207,0.846770995408637,0.9379142777971528,0.9733880161603295,0.9624721270225209,0.8782989718810936,0.7462640960530237,0.9348082077122006,0.9385697293810191,0.9006095517283794,0.9398636845831869,0.7943703659632182,0.9398636845831869,0.9505286850464205,0.8674729302410253,0.8630676692554227,0.9553906988562066,0.9947922739901722,0.9371019863188221,0.9213139766220597,0.815659884242754,0.9398636845831869,0.9706993409792102,0.987359457946525,0.9924402328264147,0.8863786272856532,0.9733050117350786,0.9290729285038275,0.951689513216182,0.9097196291136667,0.9382829336530905,0.8731720022848473,0.8287143870292146,0.9382829336530905,0.9339855047643736,0.9460501530640815,0.9855797027208402,0.9382829336530905,0.9553906988562066,0.8631878595663138,0.9418654668890594,0.925540477571131,0.9928618019927207,0.9496699001876994,0.8524968541217387,0.871899210769451,0.9898781502828838,0.7549722614362548,0.8982796549912178,0.9173148291382112,0.9928618019927209,0.9270843653068208,0.8757722251384739,0.9082470012068007,0.8519196982387858,0.9041880640840263,0.9312485969328885,0.9956958720067637,0.8681962088300326,0.9418654668890594,0.9439253608596803,0.9827139728713292,0.8736872401527209,0.9142266602978069,0.955855656546232,0.9806621909815185,0.9290729285038275,0.9482479709168004,0.9359599184055638,0.9127085925971725,0.9921457448463412,0.9777237664759431,0.8863786272856532,0.9051655389375608,0.9721643839492673,0.9896201712617319,0.9398636845831869,0.9597470577420526,0.8546995720007073,0.8505773607781034,0.8821881173643273,0.9269904922748406,0.9219798955488127,0.8678151593743701,0.91049920432547,0.9188871236697294,0.8051389573478367,0.9947922739901722,0.9460546403839527,0.9327528459630949,0.9926567682116534,0.9288025889967637,0.919307950443218,0.9521906738117116,0.9599801916139984,0.9141745281494917,0.7547644840194465,0.9418654668890594,0.8655788710295136,0.9142266602978062,0.995812608116145,0.8616075770924676,0.8928945093383254,0.8937129110881394,0.8500491352017981,0.9570183943574118,0.8773656490592001,0.9426603652680072,0.8818853796020466,0.7547644840194468,0.9951086277264103,0.9877421208411417,0.9482479709168004,0.9044537215424595,0.9204798499326441,0.9998238347481487,0.952904481298952,0.9555600901459856,0.9505286850464205,0.9344230599677563,0.9868659623160064
p96_P,0.8809068550814001,0.8397330855386309,0.7043793415035693,0.8322698807304469,0.7286399679267361,0.8970542565865081,0.9222822970575302,0.8916845868215998,0.4943371615714699,0.8913167644457045,0.8628614501567906,0.744751257317753,0.7140954758127369,0.7882598375451735,0.9136916248431675,0.8711245195507697,0.9353159208540363,0.8128142530789664,0.9613364213349977,0.8913167644457047,0.8112497943541317,0.884953333217541,0.9264261500368134,0.8983739487948559,0.8278323671212413,0.5306398206128394,0.8480451455932461,0.7300586251460579,0.8913167644457047,0.7920932334636288,0.5950922186058494,0.7761505989221579,0.8438471631147548,0.6274159948681469,0.7917380856761224,0.8858340936764979,0.8658418182833445,0.8438471631147553,0.8970542565865081,0.8091858387065822,0.725120799478703,0.9857344547280904,0.9781287431575729,0.6743862871025945,0.906225662433773,0.5977856673096373,0.8705954752723888,0.6126005275537456,0.8091858387065824,0.67126479769468,0.8754988991654498,0.5890420181063569,0.5306398206128394,0.9507709687133314,0.9005598143131879,0.8291716068658999,0.8056017035197613,0.8612222667022562,0.66112286927689,0.8523344596018205,0.3992619240672528,0.6434619871095029,0.8857638004465438,0.8523725692305202,0.880570845753591,0.6003297973967885,0.8754988991654498,0.9760328845645756,0.9656479934842519,0.8858340936764977,0.7848926164896286,0.8091858387065824,0.9179343211748925,0.46530986233917215,0.8612222667022562,0.6897937717575546,0.8317311854817002,0.8356963633835399,0.43754804618099674,0.8970542565865078,0.8628614501567908,0.8705188107117408,0.798555937925866,0.983029863603313,0.8612222667022562,0.7749619514667099,0.9115644070854612,0.6587412471051394,0.9735733109189427,0.8567235831170401,0.8612222667022562,0.7043793415035686,0.6232685329202221,0.6382641828462642,0.9359418950959315,0.9971783243223709,0.6985262996379498,0.692698906178074,0.3265833142919419,0.37288847519842316,0.8291716068659003,0.8705954752723886,0.8612222667022575,0.9273276665047703,0.7093341785538416,0.8858340936764979,0.746403954952755,0.3561139172647779,0.6242110320819403,0.5541117135299807,0.6609657455038134,0.8906557158215924,0.4040418159979473,0.7526160263692145,0.8705954752723888,0.4272753704744302,0.8674925563323059,0.9235852575057479,0.8970542565865081,0.39740445613313014,0.7750194700802238,0.686893807216397,0.8278323671212413,0.9080189266398189,0.8128142530789666,0.5276223777000593,0.8658418182833447,0.9845695970695971,0.8873793646220562,0.8207206382027005,0.2412202607368107,0.8705954752723886,0.8754988991654495,0.980265590090454,0.8480451455932461,0.6353659654834853,0.9243874473063786,0.87549889916545,0.8754988991654495,0.882174077350171,0.6439954985232624,0.8913167644457043,0.39096468282357044,0.7124581001985009,0.7096347473460831,0.6124771849385371,0.5945878647851164,0.423588547889603,0.8557505677224826,0.46633216462387495,0.8913167644457047,0.6850672658654591,0.6959059601708351,0.8490163198223054,0.9103339493566893,0.5446200879780447,0.8016166934645366,0.8262466991162758,0.8073038335038726,0.7036420537922492,0.6782686515334017,0.9042162740830946,0.8453672416657232,0.721412725483316,0.719148193478701,0.7924637524647542,0.7274725274725266,0.7614784479792223,0.8901465760392433,0.7555085421050044,0.8982849455083568,0.8567235831170401,0.6522905195190452,0.7701053109649503,0.7471729377082319,0.9738249296059336,0.9235852575057477,0.9601269759436841,0.8459790242617615,0.7571569087418082,0.9382793825937714,0.5719494076518381,0.9234512202504557,0.6527839128027048,0.7375663363625673,0.6599417798364002,0.39740445613313025,0.936728342482201,0.9785304395070067,0.7916582493282924,0.9984674516564293,0.681766500339492,0.6950460310494042,0.5433432899346604,0.7814294294445534,0.8612222667022562,0.8658418182833445,0.9686278339080792,0.9845084472600754,0.763864883851143,0.5151758324942391,0.8060628203277849,0.8612222667022562,0.6875557683279134,0.4212484829624248,0.8913167644457047,0.8612222667022562,0.7617214365185658,0.4920728361679091,0.5355301529235204,0.6876369833908922,0.7591508897657239,0.8567235831170406,0.8612222667022562,0.8002890550277497,0.8612222667022561,0.620260651952357,0.6740550220556023,0.6928096807190787,0.8612222667022562,0.6359890109890098,0.8612222667022562,0.6557792251899226,0.6770830580236284,0.7717038558391371,0.6769812069335601,0.8705954752723888,0.40700212004146896,0.8821740773501707,0.8496029817787225,0.8317311854817004,0.8766978767106222,0.5626148320484625,0.8419243420567943,0.8754988991654495,0.8160149207300009,0.678015283491028,0.7341634785193585,0.808758708187155,0.7385586876940037,0.4715323485407342,0.9644061792743,0.7036420537922492,0.7000712741729289,0.8612222667022562,0.6707941640159443,0.8612222667022562,0.5479343617176373,0.7684696092538159,0.9503258498783538,0.8263369548708454,0.4070021200414691,0.8658418182833447,0.7671619782077763,0.8278323671212413,0.7073165869972917,0.8356963633835399,0.0,0.8705954752723888,0.665239792524797,0.8468376948469285,0.7166867985472228,0.8567235831170401,0.8298243919346037,0.715249559630533,0.8970542565865081,0.49278139959560463,0.8608046080164988,0.9400996476017192,0.710707477482148,0.7059292769832108,0.8458206993046363,0.7415561683241492,0.846059419300085,0.5237452552836146,0.8858340936764979,0.3433505423262829,0.6655141475387893,0.8453672416657234,0.9894640147393268,0.8858340936764979,0.845154969940504,0.5428778464150823,0.8805708457535908,0.7582263253041426,0.8322698807304465,0.8705954752723886,0.7994715690107894,0.3629512399172615,0.8523344596018207,0.8705954752723888,0.8705954752723886,0.4496172280565327,0.8858340936764977,0.5698398833319167,0.5193324167892621,0.686893807216397,0.9505666104839416,0.9990875851642478,0.8612222667022575,0.8570520663595729,0.8523344596018207,0.87549889916545,0.3665397112011092,0.9529975400117661,0.8705954752723886,0.8091858387065831,0.6054992453923564,0.5091310961143436,0.9930855411096988,0.8662316196988598,0.945776650673354,0.8670861054058354,0.8098038973564667,0.6523652295886697,0.8913167644457047,0.6630235664626898,0.8913167644457047,0.9268298881488042,0.8001801505755264,0.7917388621416896,0.8940589330526695,0.8612222667022562,0.6716454483484404,0.8271388468732181,0.8128142530789668,0.8858340936764979,0.880570845753591,0.9180351461270724,0.8612222667022562,0.8278323671212413,0.6989031042017515,0.8970542565865083,0.7754908610294968,0.6008649957179314,0.8202156726197056,0.7064804985396798,0.7192572201623089,0.5325898779206621,0.9061118815207867,0.5881683422806752,0.6086698825612815,0.9378370728938006,0.5849632218221423,0.6232939129664155,0.6883559109688908,0.5532482861612487,0.8970542565865081,0.4079622301489252,0.778245182487787,0.38839682178046075,0.8480451455932465,0.8567235831170401,0.9804985064399936,0.686893807216397,0.4177386746915094,0.3174310596332205,0.5047907790933426,0.8612222667022562,0.31733110792808916,0.9731780516963704,0.8245043220842736,0.9731780516963704,0.8714910313665699,0.7265025662758848,0.8612222667022562,0.8612222667022562,0.9036167953754733,0.9816534423683264,0.7054102531404425,0.8612222667022561,0.8913167644457047,0.8612222667022575,0.7882598375451735,0.719148193478701,0.3941163036352615,0.8612222667022575,0.7916582493282927,0.8583422593496206,0.5416826720677657,0.47607169569152286,0.8612222667022562,0.6753380136119951,0.792463752464754,0.405696128388778,0.4387536459260407,0.8585242345955859,0.6749942487168086,0.8705954752723886,0.3330548287941535,0.8612222667022562,0.4598511194832309,0.8371307688681591,0.6622929025116229,0.8875220198804146,0.8739011376245651,0.5386605160005749,0.843847163114755,0.8612222667022562,0.7498398845071058,0.6040539330367785,0.8612222667022562,0.9854551331140632,0.568266816369227,0.597325423576641,0.4953290567679154,0.32559282493777764,0.8612222667022562,0.9666703746305543,0.6927073413815219,0.8805708457535908,0.7864313947109252,0.6747555682714816,0.7539514562934467,0.5138212218313134,0.7161768939012261,0.8705954752723888,0.7725124558342087,0.434485447447139,0.9008184272841164,0.41206148502089524,0.798097376207425,0.6466359792063807,0.9520338727895106,0.8754988991654495,0.8371307688681591,0.8612222667022562,0.8858340936764977,0.8049449077931463,0.7537362605796117,0.7024971614711937,0.8949601702794565,0.8523344596018207,0.6402783452865564,0.9309060793063673,0.8523344596018207,0.8628614501567906,0.8927713255769505,0.8397330855386309,0.6695814861525973,0.774688417233246,0.8121565956895023,0.34378471636419383,0.87149103136657,0.7438748525562418,0.9008184272841164,0.6435492590813463,0.8583422593496204,0.9308487984769922,0.6710285794313391,0.7923383150229083,0.9124979617708187,0.8659337499315289,0.9115644070854612,0.7527585521901305,0.9613005306740816,0.7782451824877872,0.7978360964797413,0.8856768679632377,0.9208219488037759,0.6567991760124701,0.783992421790947,0.4821629334344103,0.5912791063234355,0.5927986063036692,0.7969423358370891,0.9774133038851731,0.6807308282268608,0.7186864889889271,0.9036698601579138,0.9962766559418281,0.8496029817787232,0.501648551053909,0.9469829424304528,0.609592849743612,0.8528139297820672,0.7890100968809903,0.6805550791791027,0.8705954752723888,0.8239048083727627,0.6254707872372673,0.8799036168154266,0.9294815397663647,0.9990875851642478,0.8571043201733397,0.6192351426278646,0.9891726316205178,0.8547434423416047,0.8771354040135093,0.8480451455932465,0.8806557494958756,0.8858340936764979,0.795089641468379,0.5234145875139216,0.762067888222681,0.8567235831170403,0.8567235831170403,0.5351003462782066,0.8232723532225701,0.8771354040135104,0.6495003566335624,0.8612222667022562,0.8805708457535915,0.8612222667022562,0.8612222667022562,0.28975360514596127,0.823995259026026,0.7782451824877872,0.8612222667022562,0.43648316152475575,0.31597233879438436,0.9122530226440353,0.7012086465491971,0.6753380136119951,0.5105980878979901,0.7372025494796419,0.7341634785193585,0.17610632016272953,0.8438471631147553,0.9929278881866984,0.9891726316205178,0.5324230572317574,0.6590936887867691,0.5585005051369173,0.795089641468379,0.8437613648527309,0.9716929305952211,0.7908571662765086,0.9167714410425667,0.7695752160603928,0.8705954752723888,0.8929423051723073,0.9021580758390967,0.9648216134917829,0.9008184272841162,0.5807849414094441,0.8139469110840569,0.5326377502397492,0.7406734541781261,0.9822233583183334,0.7931965366205518,0.9115644070854618,0.8658418182833447,0.9297985072781558,0.40342821437256493,0.6199445615214316,0.9800040497391675,0.8037789036289429,0.9062256624337732,0.7500891525979339,0.6985262996379493,0.8567235831170406,0.4733654030717207,0.798555937925866,0.8970542565865078,0.4695458747946538,0.37286393972364884,0.986910416419064,0.49028330164875555,0.8317311854817002,0.9770091497622004,0.8437173474166693,0.8612222667022562,0.8754988991654495,0.6262591420179735,0.7601890268014292,0.711767399267399,0.928769149707017,0.7597505096696293,0.8443512569825544,0.566863188307124,0.8496029817787225,0.33061736269497666,0.930848798476992,0.4767719580335603,0.9986868840230452,0.5778858897282597,0.8523344596018207,0.9858432867658982,0.845757359790497,0.9327935102712095,0.8202156726197058,0.8475202441302049,0.5115225014976347,0.48254272882545335,0.7934847824719699,0.7994715690107894,0.5447526340365815,0.620833333333332,0.8661225030173032,0.8913167644457047,0.9061118815207867,0.8088368766015429,0.5882481919657858,0.7265793850282594,0.7516593631340747,0.8873793646220562,0.5108548260714434,0.5655745286057923,0.8970542565865081,0.7944575060132513,0.8268173354312575,0.9008919498851697,0.8132236490903708,0.8412117840414655,0.9341082826554727,0.8176754985026671,0.8590495752805768,0.8304203589751654,0.8356963633835401,0.9593417278528642,0.8754988991654495,0.9386599233384809,0.8612222667022562,0.9905090477178116,0.6476843120908966,0.568404120320691,0.7815549177292971,0.8612222667022561,0.6229363036003743,0.5482520700054638,0.6850672658654592,0.7882598375451735,0.7372025494796421,0.7043793415035686,0.5537879750573877,0.9706868658897392,0.8252844515670323,0.9518189182104531,0.45285710030711745,0.787634857848361,0.8805708457535912,0.7341634785193589,0.8056017035197613,0.9378370728938006,0.8095505845081645,0.9386599233384809,0.9878611285626893,0.8523344596018207,0.8970542565865081,0.8397330855386307,0.8291716068659003,0.8612222667022573,0.6837153672707957,0.6839986230583679,0.7744054318602522,0.8863852623001997,0.902158075839097,0.414294499985119,0.31194386285000075,0.8567235831170401,0.87549889916545,0.8480451455932467,0.8567235831170401,0.8567235831170401,0.9245854061901786,0.8612222667022562,0.9483230454649095,0.8809236519249313,0.8612222667022562,0.8202156726197058,0.7014493967740687,0.8499077595187514,0.8705954752723888,0.8298243919346036,0.7763047460900311,0.887379364622056,0.4700516374196404,0.4874401731147431,0.638242563167339,0.5006928023586067,0.8612222667022562,0.746403954952755,0.8705954752723886,0.8453672416657232,0.4499702705999168,0.788274149731381,0.8858340936764979,0.8658418182833445,0.9373290896801224,0.9738744855255579,0.8539255385877564,0.8612222667022571,0.9327935102712095,0.7848926164896286,0.9080189266398186,0.6108880605292619,0.8900265369300415,0.9990875851642478,0.8091858387065824,0.8705954752723888,0.7848381540876626,0.29400363234837135,0.8612222667022562,0.9558694433263362,0.7276757347591929,0.8913167644457047,0.6280227744307283,0.8480451455932461,0.8628614501567908,0.4049223571284517,0.8523344596018207,0.5258387606071517,0.3827626075569516,0.8612222667022562,0.8612222667022562,0.9888832281866549,0.7078765498398694,0.752758552190131,0.6063865851391084,0.40743683215557036,0.7023596469643385,0.5626136511254387,0.38862370162402615,0.8164898181514024,0.47835349791694837,0.8612222667022562,0.9788650959048172,0.8754988991654495,0.8970542565865081,0.5386605160005749,0.8858340936764979,0.37553660019728785,0.8612222667022562,0.8612222667022562,0.3996257699468867,0.8612222667022575,0.3769605595583011,0.8317311854817002,0.6093202721953512,0.725120799478703,0.9878611285626893,0.7978360964797413,0.5162517573466726,0.5919514450602641,0.8612222667022561,0.7684696092538161,0.3775309894465848,0.8983739487948557,0.9254100871772519,0.9902313275672381,0.8462469866714315,0.755747894770401,0.7749619514667099,0.711240485067008,0.6301368192894983,0.8612222667022562,0.24126373772079102,0.7749619514667097,0.602262703261689,0.7155889158557849,0.6476843120908968,0.7161153817625665,0.6739774191637933,0.6599417798364005,0.8298243919346039,0.7682153301653765,0.3421509300107439,0.8028717533635916,0.8913167644457045,0.9202899671009932,0.9587133478141208,0.2993547021862172,0.8754988991654498,0.8567235831170401,0.5542766444385785,0.9586992630188504,0.9327935102712095,0.8456295913819034,0.8949174096536271,0.8300910721353385,0.811706076149681,0.8533117429016541,0.7527585521901308,0.8674537264392492,0.3938510701126593,0.6970909090520432,0.8913167644457045,0.8583422593496206,0.7957137803674154,0.626448756373355,0.9290448373054407,0.9593417278528642,0.8644196496342952,0.6047140422393635,0.8658418182833449,0.5026411396521677,0.9428686160246564,0.4514840890520262,0.50716595629083,0.8612222667022562,0.7217225598591726,0.8548362034255073,0.5976076485889871,0.8913167644457045,0.7879587276075835,0.5761466702758771,0.785377184333905,0.8612222667022562,0.412648333797517,0.4832299458290992,0.9962766559418283,0.3262558741741469,0.4373040967618742,0.3682003928518829,0.8754988991654495,0.3448156043431192,0.9834376754329195,0.7230939341730646,0.5005964355133872,0.8239952590260253,0.5714766202463197,0.8970542565865078,0.8239952590260256,0.8612222667022575,0.794323342139654,0.8091858387065824,0.19615504842848253,0.7527585521901305,0.5100198053889846,0.9494833800495851,0.8567235831170401,0.26520698445031987,0.6208333333333325,0.7161768939012263,0.4327638382619552,0.45303393201005737,0.8612222667022562,0.42521004341239843,0.6265758547087472,0.7882598375451735,0.8612222667022562,0.5200917825386859,0.9858432867658979,0.8858340936764979,0.849602981778723,0.887379364622056,0.6093632426954123,0.8953875574507253,0.7370702964203917,0.8998813169043167,0.920932255086408,0.849602981778723,0.5027302802311968,0.8612222667022562,0.9889136318665026,0.8612222667022562,0.8858340936764979,0.7570174447771874,0.383145584141804,0.8970542565865081,0.9588395546242758,0.8554694497955921,0.5983945270210649,0.8322698807304469,0.8612222667022562,0.9073377799459041,0.474646617101221,0.7829897359867877,0.9080189266398186,0.7684696092538166,0.8754988991654502,0.7950896414683781,0.9922562051301724,0.9377830288440718,0.4898735325524779,0.4802200223328552,0.9377830288440718,0.7882598375451737,0.8754988991654502,0.6868938072163973,0.9377830288440718,0.8970542565865081,0.8857638004465436,0.8088368766015424,0.7036420537922492,0.8567235831170406,0.9031015581071147,0.8705188107117408,0.5498622692054476,0.7684696092538164,0.8943197906943077,0.46221848620081596,0.999349250681455,0.8060628203277849,0.9913976286892219,0.6890284187779236,0.7882598375451737,0.76804108640391,0.6909477425914707,0.9819956442883294,0.7495016703737525,0.8809851801860682,0.8658418182833449,0.8705954752723888,0.530786307200602,0.9911380379989225,0.8960126735832699,0.8485096911378405,0.5759740707186385,0.8754988991654495,0.8805708457535915,0.988586027443555,0.514514276223805,0.8203392842642425,0.8682363863476541,0.8176754985026669,0.9081122825161758,0.9582982244538172,0.5842592215103,0.8612222667022573,0.5776522533983809,0.7798559378051304,0.7620678882226806,0.502721157048424,0.8821406865114325,0.9891726316205178,0.8206979555337919,0.9972904355285022,0.5306398206128394,0.8771354040135095,0.8214535974542101,0.8523725692305204,0.9800285103494906,0.7611528548178387,0.8356963633835397,0.962629931002449,0.9180351461270722,0.8633819931658822,0.8620266161985313,0.9042162740830946,0.8983739487948557,0.5692117214156475,0.5011836008795316,0.8705954752723888,0.8123718505574098,0.6561307228568778,0.9288331779476213,0.8523344596018207,0.9120136950985209,0.5541457620059511,0.8705188107117408,0.7341634785193589,0.9042162740830948,0.49669134803954473,0.8202156726197056,0.9167714410425667,0.5073259212579176,0.9648216134917829,0.8658418182833447,0.8913167644457045,0.6264280831736697,0.8858340936764979,0.8927535060048299,0.8805708457535912
p96_T,0.9199225363150123,0.945303040275778,0.899108613242037,0.8281884330418342,0.9526370111116407,0.9648659912110238,0.9327860630186893,0.9003682669365681,0.910310736217455,0.16012801111037722,0.9439253608596805,0.9511016704226434,0.9511016704226434,0.9277359074596556,0.8643746278148468,0.7724757092972719,0.9481398354780852,0.9361160018916064,0.9610366993022688,0.9629078616894176,0.8951222364985463,0.9425720985427191,0.9967391619170713,0.2519374759750973,0.9412414838519028,0.9361160018916064,0.9481398354780852,0.9220855717829912,0.9629078616894176,0.8192336313917985,0.9300668284196516,0.957509435301382,0.9467071200650465,0.9243180392978652,0.9526370111116407,0.9610366993022688,0.9542136024350836,0.9467071200650465,0.20446565813531903,0.9348776724743586,0.9061873961293254,0.7884180699574849,0.9648659912110238,0.9187969445925779,0.9481398354780852,0.8577546337645545,0.9558359621451105,0.8896609403700341,0.9348776724743586,0.8991086132420372,0.3469993985602501,0.8597455235253666,0.9361160018916064,0.9931163690142985,0.864293487879922,0.933654454952398,0.5434794638391207,0.9526370111116405,0.7864057866094467,0.9496037211238537,0.912399240286141,0.8425509890153137,0.9361160018916066,0.6905402417772546,0.9592404230051592,0.836297322381335,0.9652137684610215,0.8365990563074837,0.9054692267382083,0.955217505042218,0.9265867198367661,0.9348776724743586,0.9773757151292214,0.7577799260442377,0.9526370111116405,0.8941307528793183,0.9425720985427188,0.9439253608596803,0.8661586408023221,0.9648659912110236,0.4534543288985704,0.9386420076357269,0.9312498291554214,0.9020554008593249,0.9526370111116405,0.9231975163531971,0.9425720985427188,0.8178422485024104,0.5533746115091687,0.9511016704226434,0.9526370111116405,0.8991086132420374,0.7195026022793825,0.864695473699941,0.9312498291554212,0.9072120922355345,0.8971110481409439,0.8951222364985463,0.7370245443308441,0.8617289235276302,0.933654454952398,0.9558359621451105,0.9526370111116409,0.8676499406085265,0.8794015740660157,0.9610366993022685,0.9134510531460027,0.7663159483485273,0.9412414838519028,0.7231456517202985,0.8842921321245039,0.5690488644944557,0.941617489616416,0.9155711502428496,0.9558359621451105,0.9181252281176597,0.9453030402757783,0.28525113979810734,0.9648659912110238,0.9991954403684409,0.9187969445925779,0.7724757092972724,0.9412414838519025,0.619000448338233,0.9361160018916066,0.922556031137221,0.9542136024350834,0.9714578717045065,0.9511016704226434,0.9423194428466417,0.881356890785397,0.9558359621451105,0.957509435301382,0.6659480751651299,0.9481398354780852,0.8225144778507437,0.6443907378693317,0.957509435301382,0.957509435301382,0.9496037211238537,0.8178422485024103,0.9629078616894173,0.8362973223813353,0.880379147867171,0.7667491298750133,0.9604370865528187,0.9001110559421439,0.8278482408692522,0.8527529638705941,0.8039765114147406,0.9629078616894176,0.9123992402861405,0.7042792707118313,0.889197195483969,0.9652137684610215,0.9348776724743588,0.9021240612426045,0.9649840504564586,0.8346861643638703,0.8931410336709438,0.9064594684263017,0.9558359621451105,0.9386420076357269,0.7605174113429305,0.9041490253843174,0.9220855717829912,0.6587133413777284,0.9061873961293254,0.9312498291554214,0.7259957902854575,0.9277359074596556,0.9511016704226434,0.9336544549523982,0.9485667670310041,0.8637082826037772,0.886251668296631,0.9610366993022685,0.6337925846638766,0.9730862985612765,0.9937923149342885,0.6843521859412183,0.8961156213019832,0.933654454952398,0.9511016704226434,0.8686326671635054,0.8637082826037772,0.9991954403684408,0.7233618941006664,0.945303040275778,0.9783400888843532,0.45464026787598344,0.9518893725088031,0.8341860124462197,0.7747002761065525,0.4958486889937076,0.9526370111116405,0.03543322463241827,0.9496037211238535,0.6052831860178287,0.846659656662168,0.937582172017251,0.9511016704226434,0.9526370111116405,0.8774465467393262,0.9243545721229425,0.24782442383039827,0.9526370111116405,0.8413855291881587,0.9209817665727262,0.9314897302747827,0.8998492893872087,0.9113525537588968,0.9511016704226434,0.9526370111116405,0.6711993243129182,0.9526370111116406,0.946537706628239,0.881438146000566,0.8466596566621679,0.9526370111116405,0.9042162740830947,0.9526370111116405,0.839438595294995,0.9134510531460027,0.9220855717829912,0.8842921321245036,0.9558359621451105,0.7929984735168573,0.9496037211238537,0.9399319300513138,0.5261306392174072,0.9123992402861407,0.8063445760987145,0.9243180392978652,0.957509435301382,0.9061873961293254,0.7577481458318213,0.9092735418441045,0.9041490253843174,0.9209817665727262,0.9209817665727265,0.1484015089032905,0.8931410336709438,0.9496037211238535,0.9526370111116405,0.9092735418441047,0.9526370111116405,0.8222967889645657,0.9209817665727265,0.957509435301382,0.9324454498571317,0.7929984735168574,0.03543322463241827,0.9198856874256711,0.9412414838519025,0.9001110559421439,0.9439253608596803,0.8705954752723888,0.0,0.880379147867171,0.8803791478671712,0.6959349479418371,0.9511016704226434,0.9592404230051594,0.840479161229315,0.20446565813531903,0.8446109430683046,0.8727858819625123,0.9373704232137268,0.8794015740660157,0.8833132812750144,0.957509435301382,0.6873321711881277,0.7663159483485271,0.7929984735168573,0.9610366993022685,0.840479161229315,0.9198856874256713,0.9386420076357269,0.9082407355488133,0.9610366993022685,0.8617298618427947,0.7451908021791043,0.9592404230051592,0.9051664401581994,0.9277359074596556,0.9558359621451105,0.9243180392978654,0.7545364264690191,0.9496037211238537,0.9558359621451105,0.9558359621451105,0.8121617028001502,0.9610366993022685,0.9159382547516715,0.864695473699941,0.8931410336709438,0.9847773554932617,0.9610366993022685,0.9526370111116407,0.9348776724743586,0.9496037211238535,0.9575094353013822,0.7605174113429305,0.5342994829197281,0.9558359621451105,0.9348776724743586,0.9220855717829912,0.8277625400805724,0.47690821346113266,0.5904937947421903,0.8497130258115502,0.8665888856018398,0.8696130869382032,0.9164201668122128,0.9629078616894173,0.9103107362174554,0.9629078616894176,0.9243180392978654,0.44109054405099146,0.9155711502428496,0.9558359621451105,0.9526370111116405,0.9575094353013818,0.719470800399834,0.9361160018916066,0.9610366993022685,0.9592404230051592,0.9511016704226434,0.9526370111116405,0.9412414838519025,0.9610366993022685,0.9648659912110238,0.9166400151447351,0.8352434350141633,0.9386420076357269,0.9575094353013822,0.7157841180907445,0.8404791612293152,0.9412414838519028,0.9467071200650465,0.8517363824474664,0.37291572780531923,0.9243180392978652,0.8550065733210686,0.945303040275778,0.9604370865528187,0.9648659912110238,0.7979454077493465,0.9243180392978652,0.7866487334406878,0.9481398354780852,0.9511016704226434,0.9265867198367661,0.8931410336709438,0.7545364264690191,0.9732612361574997,0.8309916996778286,0.9526370111116405,0.863708282603777,0.42496601987522087,0.9254476077793647,0.9231975163531971,0.9629078616894173,0.6938228944303618,0.9526370111116405,0.9526370111116405,0.37492189564673895,0.5491669919950237,0.8686326671635052,0.9526370111116406,0.9629078616894176,0.9526370111116409,0.9277359074596556,0.9041490253843174,0.7747002761065525,0.9526370111116407,0.9288957400617388,0.9425720985427191,0.8435824105613208,0.8211902596649284,0.9526370111116405,0.889197195483969,0.9220855717829912,0.7879341691923533,0.9054692267382083,0.9288957400617388,0.9830505160914887,0.9558359621451105,0.76773864972953,0.9526370111116405,0.811009619429409,0.9361160018916066,0.8686326671635054,0.8415165991231524,0.9542136024350834,0.8425509890153138,0.9467071200650465,0.9526370111116405,0.9426205861955201,0.9694876603376774,0.9526370111116405,0.8733268646478036,0.889768224051382,0.852744627559685,0.8277625400805724,0.7605174113429305,0.9526370111116405,0.794245879311188,0.8656814261022983,0.9592404230051592,0.8617298618427947,0.8277625400805725,0.9134510531460025,0.9145082620913982,0.9426205861955201,0.9558359621451105,0.9346809664354945,0.8941307528793183,0.9967391619170713,0.8422168808828505,0.9768074218529612,0.8794015740660157,0.939931930051314,0.957509435301382,0.9361160018916066,0.9526370111116405,0.9610366993022685,0.9082407355488133,0.899506190223911,0.9439253608596805,0.9839674685144804,0.9496037211238537,0.8423728186277255,0.9736183137840243,0.9496037211238537,0.9439253608596805,0.9526370111116409,0.945303040275778,0.9953194985394491,0.9103107362174552,0.955217505042218,0.8207020579016266,0.9629078616894176,0.9931163690142986,0.939931930051314,0.7922383845211372,0.9425720985427188,0.9629078616894176,0.7936709921326545,0.9220855717829912,0.9375821720172512,0.9373704232137268,0.9425720985427191,0.9092735418441047,0.9558359621451105,0.9243180392978654,0.5695585331492293,0.8852715588713493,0.9386420076357271,0.9465146323386673,0.9439253608596805,0.9300668284196516,0.8825210710884408,0.8217667418575592,0.9113525537588967,0.9481398354780852,0.8980947986959941,0.8981086621953582,0.4376673778442184,0.9944373248680742,0.9399319300513143,0.8299192991696218,0.9439253608596805,0.8617298618427948,0.9386420076357271,0.9209817665727265,0.8075195577599243,0.9558359621451105,0.8879294594533993,0.9576605453602833,0.9231975163531971,0.9325036590333071,0.9610366993022685,0.824496195552012,0.7161557990058247,0.9592404230051592,0.9220855717829912,0.9481398354780852,0.9481398354780852,0.9575094353013822,0.2015053441425939,0.9300668284196518,0.8373477570245094,0.9187969445925777,0.9511016704226434,0.9511016704226434,0.8661586408023221,0.5323523422219298,0.948139835478085,0.880379147867171,0.9526370111116405,0.9592404230051594,0.9526370111116405,0.9526370111116405,0.9539405950770345,0.5488029831568715,0.9243180392978652,0.9526370111116405,0.8428080809215535,0.8030775505711369,0.9209817665727266,0.8750016972216936,0.9255818465700862,0.8189630840562676,0.5075883557036758,0.6782201717602718,0.8507258744656068,0.4232949064181787,0.7322794731660371,0.9592404230051594,0.9231975163531971,0.9067495314528173,0.9980012116979509,0.9300668284196518,0.9467071200650465,0.3884451555426315,0.9003087374671672,0.9592404230051592,0.9031349604797554,0.9558359621451105,0.9072120922355342,0.5261306392174058,0.9373704232137268,0.939931930051314,0.9884414775063282,0.9288957400617388,0.9123992402861407,0.939931930051314,0.9316363198749003,0.9558359621451105,0.9425720985427193,0.9542136024350834,0.9198856874256713,0.9993984942305538,0.8507258744656065,0.957509435301382,0.8666662211060936,0.47106531448137323,0.7942458793111877,0.8971110481409439,0.9511016704226434,0.7879341691923534,0.9312498291554214,0.9648659912110238,0.8189630840562676,0.8567565353887991,0.6782201717602717,0.9379289486366635,0.9425720985427191,0.5323523422219295,0.8901811511257474,0.9526370111116405,0.957509435301382,0.9681385641755447,0.9526370111116407,0.8705954752723888,0.8803288140439884,0.9496037211238537,0.9312498291554214,0.8425509890153136,0.939931930051314,0.7575505983588419,0.9629078616894176,0.8075195577599243,0.8150265150436213,0.8754910501451354,0.9496037211238537,0.9467071200650465,0.8879962884971375,0.9209817665727265,0.9386420076357269,0.9456504722577765,0.8882143738454917,0.8233987369410409,0.6534650306913541,0.9243180392978652,0.7195026022793825,0.8705954752723888,0.9300668284196516,0.9629078616894176,0.9412414838519025,0.9542136024350834,0.8497130258115504,0.9669745722372084,0.9001110559421441,0.9511016704226434,0.8098519714818668,0.8517363824474664,0.9428375253830148,0.7524776669466975,0.9558359621451105,0.9231975163531971,0.9220855717829912,0.9373704232137268,0.7233618941006663,0.9300668284196518,0.7693378488114869,0.8946428180839181,0.9958126081161451,0.776875689407524,0.957509435301382,0.9648659912110238,0.9526370111116405,0.46354008682753955,0.8745128950949936,0.8504636644420462,0.9254476077793647,0.9526370111116406,0.9985562884541683,0.8362973223813353,0.9123992402861407,0.9277359074596556,0.9103107362174547,0.8991086132420374,0.8891971954839688,0.7787622746324638,0.932445449857132,0.9123992402861407,0.8607384721289719,0.8981086621953582,0.9592404230051594,0.9092735418441047,0.5434794638391205,0.9558359621451105,0.9209817665727265,0.9648659912110238,0.9324454498571317,0.9496037211238535,0.9648659912110238,0.9453030402757783,0.933654454952398,0.9773757151292214,0.8527446275596852,0.8921529459435535,0.9610366993022688,0.7674138938518081,0.5261306392174068,0.7840536293380751,0.8155856001785136,0.9511016704226434,0.9575094353013822,0.948139835478085,0.9511016704226434,0.9511016704226434,0.9243180392978653,0.9526370111116405,0.4065325533657549,0.6602438663677912,0.9526370111116405,0.9386420076357269,0.8981086621953585,0.9610366993022685,0.9558359621451105,0.9592404230051594,0.9542136024350834,0.9511016704226434,0.7677386497295298,0.8676499406085265,0.939931930051314,0.8614601651570806,0.9526370111116405,0.913451053146003,0.9558359621451105,0.9386420076357269,0.8075195577599243,0.9145082620913982,0.9610366993022685,0.9542136024350834,0.47991718147488027,0.8967531793197644,0.9412414838519028,0.9526370111116407,0.6689218616853783,0.9748006002614296,0.9300668284196516,0.8497130258115504,0.9439253608596805,0.9610366993022685,0.9348776724743586,0.9558359621451105,0.9586574227081355,0.9166260538738977,0.9526370111116405,0.9526370111116407,0.8901811511257476,0.24782442383039827,0.8803545486957223,0.9481398354780852,0.9439253608596803,0.8362973223813353,0.9496037211238537,0.805163597986856,0.7800981440304909,0.9526370111116405,0.9526370111116405,0.9649840504564586,0.8738328753514067,0.9092735418441047,0.8167620273274687,0.6938228944303619,0.8277625400805726,0.8507258744656065,0.7634386319714811,0.9373704232137268,0.899506190223911,0.9526370111116405,0.8896609403700338,0.957509435301382,0.20446565813531903,0.8425509890153136,0.9610366993022685,0.8425509890153136,0.9526370111116405,0.9526370111116405,0.7904815296111659,0.9526370111116407,0.7827436641719896,0.9425720985427191,0.8666662211060938,0.9061873961293254,0.932445449857132,0.9061873961293254,0.7453575289131646,0.8607384721289717,0.9526370111116406,0.9209817665727265,0.7403348078925531,0.9542136024350836,0.9610366993022685,0.9937923149342885,0.783425201454385,0.6453892707744288,0.9231975163531971,0.9542136024350834,0.8686326671635054,0.9526370111116405,0.8383948208633005,0.6112050095242446,0.6905402417772546,0.881356890785397,0.8745128950949936,0.8083745968845286,0.9113525537588967,0.8637082826037772,0.9604535056538153,0.877446546739326,0.8247925972571248,0.9481398354780852,0.9629078616894176,0.8281884330418341,0.9361160018916064,0.8255892557605071,0.11516900984745726,0.9808926695348984,0.8842921321245036,0.933654454952398,0.9209817665727262,0.8805577584645796,0.6659480751651301,0.9209817665727262,0.9648659912110238,0.9648659912110238,0.9092735418441047,0.9254476077793645,0.9031349604797554,0.9526370111116407,0.9629078616894176,0.9425720985427191,0.9425720985427188,0.8435824105613206,0.9467071200650465,0.9511016704226434,0.8049125044433603,0.9011161501496321,0.39627364353688355,0.8255189618559334,0.969757263765453,0.8352434350141633,0.8144495911033481,0.9526370111116405,0.8991086132420374,0.9526370111116407,0.9243545721229425,0.16012801111037722,0.9373704232137268,0.9386420076357267,0.8656814261022985,0.9526370111116405,0.9694876603376774,0.8189630840562676,0.5592001372731508,0.7560495458914247,0.7267164450371255,0.7467814379930322,0.9575094353013818,0.9576605453602833,0.855756563598304,0.9707442876463777,0.8155856001785136,0.9399319300513138,0.853750687582344,0.9648659912110236,0.939931930051314,0.9526370111116407,0.9051664401581994,0.9348776724743586,0.9448883863785977,0.6782201717602718,0.853875805800538,0.9526370111116407,0.9511016704226434,0.8846853407167914,0.8705954752723888,0.9031349604797554,0.7879341691923533,0.808688653312315,0.9526370111116405,0.776063507527166,0.8725553212046715,0.9277359074596556,0.9526370111116405,0.704141372814715,0.9467071200650465,0.9610366993022685,0.9399319300513145,0.9511016704226434,0.9535189574016716,0.9020554008593249,0.9041490253843174,0.933654454952398,0.914508262091398,0.9399319300513143,0.8255892557605071,0.9526370111116405,0.9839674685144806,0.9526370111116405,0.2015053441425939,0.8446109430683046,0.9969856413462482,0.20446565813531903,0.9312498291554212,0.8155856001785136,0.8790595554853519,0.9277359074596556,0.9526370111116405,0.8116739797859969,0.7353466346605647,0.8607384721289717,0.9300668284196518,0.9209817665727265,0.9652137684610215,0.9300668284196516,0.5766607717121188,0.9220855717829912,0.9450259909751846,0.8086886533123152,0.9220855717829912,0.9277359074596556,0.9575094353013822,0.9302947288966976,0.9220855717829912,0.20446565813531903,0.9361160018916066,0.9542136024350834,0.8931410336709438,0.9511016704226434,0.47777207406689015,0.9386420076357269,0.8991086132420372,0.9209817665727267,0.9399319300513138,0.9198856874256713,0.5872912593017849,0.9808926695348984,0.4670976100796427,0.9160273288591823,0.9277359074596556,0.9082407355488131,0.809985176413805,0.9496406153617603,0.9145082620913982,0.9348776724743586,0.1797693921942033,0.969580892293826,0.9082407355488131,0.9400810957454317,0.9324454498571317,0.932445449857132,0.9478374857144207,0.9575094353013818,0.9592404230051594,0.7655209071739764,0.9312498291554212,0.8754910501451354,0.9371232414100348,0.9300668284196516,0.8094320645440077,0.9412414838519028,0.9288957400617388,0.9526370111116405,0.9740407008916265,0.8862516682966308,0.9026102890296367,0.9072120922355342,0.8151548146181664,0.9592404230051592,0.9243180392978652,0.7604267522281002,0.9361160018916064,0.9481398354780852,0.9312498291554212,0.9061873961293254,0.7704629856780995,0.806145885371528,0.9439253608596803,0.8868482411505496,0.9511016704226434,0.7412424690932689,0.8650546456747359,0.9558359621451105,0.9542136024350836,0.7322794731660371,0.9324454498571313,0.9558359621451105,0.945204588509776,0.6873207198416379,0.8683603678683387,0.9496037211238535,0.9496037211238537,0.8743546360864842,0.9497673578995787,0.9505241704836669,0.9558359621451105,0.7973996894503207,0.9386420076357269,0.9592404230051594,0.9001110559421441,0.9373704232137268,0.9736183137840243,0.2478244238303975,0.9302947288966976,0.28525113979810734,0.8617289235276302,0.9592404230051594
p97_F,0.9053205898304859,0.6580620629605636,0.9850903975250794,0.8529424887130495,0.871714603882036,0.7494968044119236,0.8522201846298996,0.8511546970706123,0.7570714390725408,0.8995337970065291,0.8697672352745365,0.8675560447816311,0.8675560447816311,0.418743104448435,0.8567238689521184,0.8149263853247113,0.8081481018323179,0.8699959905033654,0.8310976547093887,0.7720285418493837,0.9973431772230066,0.9068222102205282,0.8701631037648345,0.9097700783194735,0.8610704848897668,0.8269664944023671,0.6268836538013871,0.8536428080204495,0.7309738342063736,0.6539418523183458,0.8340377649316193,0.8849118467483819,0.8851462416270441,0.9934067875150874,0.871714603882036,0.7918924118684403,0.8759848927128511,0.5544850334640974,0.9048375041252172,0.5301587202395039,0.9331534170286986,0.8303641671418636,0.9912539269909322,0.9054680068345093,0.8685695845092948,0.6434881190684358,0.950210721158117,0.767697190034957,0.7289983732370735,0.7267298407698883,0.9934422704699934,0.634136556835123,0.8269664944023671,0.8518501194844417,0.8851462416270444,0.8692547644743305,0.6901456239521738,0.8717146038820363,0.9644077322376352,0.9564656546829655,0.7627282731962666,0.9542968223665884,0.9205022430190771,0.8214192395195012,0.6592602688569671,0.8030217291918669,0.8256736899939876,0.7755665130357727,0.934722953819237,0.870302897550337,0.408854713884403,0.8981772773924832,0.9644641533901629,0.6059097357143952,0.8717146038820363,0.7832048119694044,0.9273614004407345,0.7851329843763785,0.6116386053889866,0.7062885929790661,0.9891756798952003,0.7482661745234773,0.829519527213129,0.852219620660223,0.8717146038820363,0.3797474564942156,0.7962779506613695,0.5918057852014884,0.8598563011459692,0.8675560447816315,0.8717146038820363,0.22861852304937036,0.6210131465558522,0.7107153083492461,0.9089046609802984,0.7867157975290031,0.28222522415205065,0.8214615093860438,0.6459909893647962,0.5997892482084288,0.6167123553565912,0.7006314123871523,0.6040574193890005,0.4390250957611149,0.9848036472599311,0.8944656454039726,0.515960266015917,0.6153128578805032,0.8408491588837403,0.6262963524180796,0.282196601761626,0.8358713203805138,0.8540599581910164,0.6598639516573805,0.880379147867171,0.8465551952058405,0.9175203193132072,0.8944656454039726,0.9912539269909322,0.6882740376864742,0.9900226754040431,0.36758632804738733,0.5358919144608658,0.8375809381824396,0.9710084955347882,0.5797223779343947,0.8759848927128511,0.7596764078722048,0.909588004426095,0.7859745422812419,0.6786482732722345,0.950210721158117,0.7894968820867839,0.9048375041252172,0.5966729124628984,0.6827962030037427,0.7114297030768224,0.8256736899939877,0.8849118467483819,0.8634987624252983,0.8828522067449838,0.8995337970065291,0.6290782672865967,0.5230617283950617,0.40465915213132087,0.7742146572980864,0.9106911190424514,0.6011503026438638,0.8236124075183946,0.40385128161120054,0.7720285418493837,0.7627282731962668,0.6204702009060218,0.8020841226580646,0.8618504979011915,0.8484673641430909,0.49392521036937675,0.9003051101948657,0.7942028861584645,0.4371597141433786,0.7192072340459661,0.8752103456145177,0.6176644562903597,0.5997257249798382,0.8148317561568916,0.4133336768314141,0.7124581001985009,0.9331534170286986,0.9564638994905841,0.7298011552770369,0.7158268936821196,0.8675560447816313,0.8447770082758033,0.7110157986196404,0.9079207701657213,0.6366266551366185,0.7918924118684401,0.8035785344859692,0.6443831384184231,0.8844956663331993,0.8185246646068354,0.8601399393524183,0.8859676735403943,0.8993926091805273,0.7223567527563477,0.4301783822427183,0.7194419257776319,0.7897899853994015,0.8518501194844418,0.8453825360610054,0.9564656546829655,0.8543957596571321,0.7265657242091899,0.6662997321027997,0.9012413976619382,0.8717146038820363,0.8759848927128513,0.7646336685440346,0.7676971900349567,0.957820364066986,0.8347972514092752,0.8993926091805273,0.8717146038820363,0.9605317483890118,0.6944769741114665,0.8995337970065294,0.8717146038820363,0.9172184456477024,0.8713011625822469,0.8181837089901831,0.7786683719779514,0.7887653563234449,0.5912223604371332,0.8717146038820363,0.7600802749317163,0.8717146038820363,0.796020591227879,0.7832777263723175,0.7659609841306652,0.8717146038820363,0.9255348743031011,0.8717146038820363,0.8959204099612009,0.9052782234567771,0.4133336768314143,0.9527159259543359,0.6307998390962057,0.5907998026562646,0.8634987624252983,0.8967571710011212,0.8444532057713663,0.5051309260566132,0.6305902421762937,0.9404612933180636,0.8256736899939876,0.7836611866807622,0.7598234580091285,0.9473752252043395,0.7570826561183629,0.8926328176574976,0.7859745422812421,0.8595337434443089,0.1936528628074088,0.8944877265111881,0.8717146038820363,0.870129990360154,0.8717146038820363,0.4693774076756214,0.5527441503859734,0.9210886546555859,0.9135038592138274,0.5626874603314875,0.8759848927128511,0.7830057484855615,0.895045587288557,0.21932758074078995,0.9544014861726944,0.665239792524797,0.880379147867171,0.0,0.6760000000000004,0.606594538493862,0.8675560447816315,0.8896003271096575,0.4835950775304224,0.9048375041252172,0.6820193513076995,0.6379195211189488,0.8817125536768826,0.7221870659266996,0.20666662818410453,0.8849118467483821,0.7540254246084437,0.6577142711477539,0.6923354680619186,0.8944656454039726,0.5679285773327354,0.9425303290374755,0.6699051435836065,0.6353310707878901,0.8944656454039726,0.6407914893799631,0.6307612641800739,0.9224249212097695,0.9118310358812909,0.48730090196389997,0.6307998390962062,0.9272748683482386,0.5126737119806024,0.9815564171452564,0.915294934512644,0.9450419189054637,0.49045998555209325,0.674276683345595,0.5478019309935263,0.741593487303261,0.8497130783727069,0.9276464398706836,0.8310976547093887,0.6368216679345606,0.6295785467382891,0.5786998840287014,0.7533200741795802,0.6139004104438028,0.8181125801224831,0.8402945589690446,0.9278380262346432,0.7889642625662021,0.7354985245363759,0.8119493229661165,0.8116886237716043,0.5159420521955613,0.6784333004205585,0.6437024622191174,0.25439456614938916,0.9362473724214274,0.8933254878909684,0.8541379571354055,0.918417320262447,0.8286378524317437,0.8426978181338627,0.8803791478671705,0.8717146038820363,0.8849118467483816,0.8015777615520585,0.4911990966355333,0.8944656454039726,0.9647902277818867,0.750405182431614,0.8717146038820363,0.895045587288557,0.8944656454039726,0.8359132272776383,0.9592409449937286,0.7226114965759654,0.48706273805724276,0.9210886546555859,0.5938196909301983,0.5857386839297741,0.6442847712704997,0.8556531508423677,0.4169644802457372,0.880379147867171,0.8390989761257732,0.6040805848351578,0.8518501194844417,0.7947180725064078,0.8791214387104958,0.5626971791368891,0.41140593998327,0.551773756438033,0.9289910671862719,0.8675560447816315,0.8828483560333842,0.6110931793833576,0.6264691273840741,0.5156834712711125,0.4648930975665386,0.8717146038820363,0.6462390397225457,0.8791630303287916,0.4659683128276665,0.924666216183181,0.8995337970065294,0.6846163366832512,0.8717146038820363,0.8717146038820363,0.8236124075183946,0.7960011673063776,0.3395699416534972,0.8717146038820363,0.7309738342063735,0.6040574193890007,0.6244164969948303,0.8334441730144893,0.7085655951157999,0.8661714077534824,0.45188074068121464,0.658097626212421,0.5873710344193399,0.6442581319310863,0.8717146038820363,0.8872507313426474,0.413333676831414,0.5062015786877889,0.5551647484077347,0.7759410427586891,0.5348818301445544,0.8803791478671708,0.583847650754763,0.8717146038820363,0.4942574635072342,0.6932241066983774,0.6910876425700092,0.7129866005984422,0.8759848927128513,0.694235565707156,0.5544850334640967,0.8717146038820363,0.7376354352524626,0.6627979484519652,0.8717146038820363,0.961118358231533,0.9817464920934451,0.9652152829353013,0.46315900600482285,0.5288522976600172,0.8717146038820363,0.7519727067692545,0.8220252273479425,0.8472350205375403,0.7317379613055153,0.8215004777568664,0.7855344626580238,0.7885736292223806,0.4859933048241091,0.880379147867171,0.8181125801224831,0.7132470179278474,0.6840046331108247,0.6588647071762557,0.46145763503690884,0.9848036472599311,0.8638962238722949,0.8849118467483819,0.5417053491512441,0.8717146038820363,0.9879186260731821,0.7886321224712791,0.9719194297564538,0.9327528459630949,0.9617434929126025,0.8634987624252985,0.9430426130600369,0.8199484368275464,0.8944877265111875,0.7851329843763786,0.6368216679345606,0.8598629290126197,0.8969646582414506,0.4254042680168981,0.8944656454039726,0.6271164277702557,0.8995337970065296,0.9671649000856171,0.8435690365285471,0.7948625074595195,0.8239140155511592,0.7309738342063736,0.9896951366591638,0.8752023231718653,0.8590117517791283,0.9073867469443921,0.8997253355509454,0.9087526077822465,0.8402945589690446,0.8611429491813896,0.8010002320931141,0.7393770088066189,0.6960254872302298,0.9158143716163474,0.9891756798952003,0.810581958011195,0.42192160637623777,0.5239934385665233,0.5140358197539374,0.9289910671862717,0.73097517432354,0.6315418192785844,0.9185315195687318,0.8860490144237936,0.8638962238722949,0.46912500413153935,0.9045414289970424,0.9009622049493993,0.8599286707771701,0.8300556663642379,0.4914004111984349,0.6307998390962064,0.8334122649830302,0.9288800199164572,0.6413084611449194,0.9535724244550858,0.8944656454039726,0.8040468594808123,0.8347972514092752,0.8096400702014259,0.9738810707682244,0.626883653801387,0.8383588431708066,0.9572654625627897,0.8944656454039726,0.4622880274556489,0.5984844411293371,0.9900226754040431,0.9414245688249915,0.9949023023772159,0.5971657815186597,0.9052782234567769,0.8595337434443089,0.44133333333333336,0.8717146038820363,0.8896003271096578,0.8717146038820363,0.8717146038820363,0.5422312387176575,0.8373021566360075,0.43344991303888636,0.8717146038820363,0.518680569909771,0.5901891239505228,0.9779594379585017,0.435598914740979,0.8361507661318981,0.8082139202720356,0.6200529091860789,0.7542621380938765,0.595682393071082,0.8851462416270444,0.8006942604797934,0.8896003271096578,0.7919760287785569,0.593942269925199,0.6361903700992642,0.6733902897394687,0.9736255139810746,0.9564656546829657,0.6294874379001207,0.6968552191930824,0.48599330482410874,0.915294934512644,0.43352129521509664,0.9273614004407342,0.8358713203805136,0.9170843583448693,0.6781328216492666,0.7527938783245842,0.7627282731962668,0.8373021566360077,0.8426742380081511,0.8803791478671708,0.8444532057713665,0.6510225087944341,0.8791925007735609,0.6854612868948755,0.7047325762323127,0.9572654625627897,0.8795723160507688,0.8595337434443093,0.8503766859500141,0.6558960200567163,0.7504051824316142,0.5343118680427361,0.9564638994905841,0.7927050158447807,0.49556869247283286,0.6573157090054025,0.7542621380938761,0.560139592974467,0.6028254964328422,0.8254490495909415,0.9251071772400472,0.8717146038820363,0.8849118467483819,0.9398808686261126,0.9044788524275964,0.8468376948469278,0.8444532057713654,0.863498762425299,0.8057399079579861,0.6063686627255919,0.7105987003471119,0.5066151893009165,0.9773020800644381,0.47729158921609205,0.9327528459630949,0.6627603044644688,0.8944877265111872,0.7904297597415114,0.782099557644591,0.5527441503859736,0.5393034253504894,0.994393084400738,0.7650181812629875,0.579468890178576,0.6706581115680035,0.786153481928749,0.6906961134218976,0.7366616436082845,0.8105819580111953,0.8130832494923947,0.6984811996753164,0.8759848927128513,0.8129816901697349,0.8894412990712002,0.7475696252518083,0.8675560447816315,0.4980311644614712,0.5959855906712119,0.8791214387104956,0.7957637736061987,0.98512650780359,0.5541214595946848,0.9092025253139772,0.8560383604093733,0.9430910370827901,0.7437577105007422,0.8679473730861487,0.836856271274245,0.9327528459630947,0.9312291735794236,0.9210886546555856,0.8359132272776386,0.8717146038820363,0.8611429491813896,0.781124355308282,0.5980202735332063,0.4213646064299773,0.8717146038820363,0.7740522949652393,0.47221384620284135,0.7627282731962668,0.7615320920257622,0.7960011673063772,0.4087308741150151,0.7509841574473157,0.5696425070627567,0.8935376059910717,0.6634316397316661,0.63806337023315,0.7747499893285337,0.8896003271096578,0.5119081308863641,0.6901456239521739,0.9101261322599906,0.4460858750097191,0.749496804411923,0.8411444086656643,0.5786998840287011,0.7927050158447809,0.8806788146347353,0.739101136349229,0.669585916480121,0.9652152829353013,0.8635879289602797,0.8944656454039728,0.871714603882036,0.8997253355509449,0.5275748841288546,0.6139004104438028,0.8675560447816315,0.9934422704699934,0.8595337434443087,0.8675560447816315,0.8675560447816315,0.8390989761257732,0.8717146038820363,0.8595337434443091,0.805491756124483,0.8717146038820363,0.48706273805724276,0.595739776766097,0.9879186260731821,0.880379147867171,0.8896003271096575,0.8759848927128513,0.8675560447816315,0.46978128185274015,0.657106149595317,0.8373021566360077,0.6133378382829453,0.8717146038820363,0.43613109215008183,0.770462985678099,0.9572289236964652,0.5350908720198895,0.5873049695839627,0.7134819261865433,0.7523780656143013,0.8679473730861487,0.8087240112889864,0.8881686990921753,0.9700073495187167,0.8713011625822462,0.5894237204173483,0.8375809381824394,0.7414588528690047,0.7851329843763786,0.9487133832322339,0.5301587202395045,0.950210721158117,0.496002972549458,0.6460090351701573,0.8717146038820363,0.8006429106623617,0.9079873399931242,0.8995337970065294,0.461331295777202,0.9501659674597744,0.8133444013424312,0.6290782672865969,0.8634987624252985,0.5568432953884711,0.4841642246593847,0.8717146038820363,0.8717146038820363,0.8041183579068665,0.6795910818768953,0.37672896990904003,0.6803135998087253,0.6544931242873937,0.5778282769654767,0.808926091442445,0.5651005600014654,0.5021068079028908,0.6562938202189952,0.8717146038820363,0.8818088349992346,0.8849118467483819,0.9048375041252172,0.43063485676246516,0.8944656454039726,0.6614071457613759,0.8717146038820363,0.8717146038820363,0.5836686947216418,0.7023501650256817,0.646274925887723,0.9897304048898969,0.5378130040794897,0.9724514508744551,0.9900168733886221,0.9913304772938245,0.6260843650285626,0.49204384074632,0.8717146038820363,0.4247542199344675,0.5393265798854903,0.8759848927128511,0.933670888244921,0.835673157500572,0.8146873074194823,0.8567238689521187,0.3579507061066569,0.8759848927128511,0.8943368587812097,0.8717146038820363,0.5622830208386309,0.6413084611449198,0.7836611866807621,0.517030174907144,0.9407714209604605,0.8518501194844417,0.7598932621695063,0.35321316740649045,0.8896003271096573,0.6842052006453323,0.6837429540900217,0.8897444847827976,0.9773020800644382,0.9642367179123754,0.8774727469180785,0.5275984067489583,0.8849118467483819,0.8675560447816315,0.6865985442903222,0.9182102768713853,0.6380707706869775,0.8688692599838164,0.9048375041252172,0.6807340808374797,0.9048375041252175,0.9480457155580746,0.5505307483084566,0.8426742380081509,0.7746054952488164,0.9044788524275964,0.9362473724214273,0.8791861453307386,0.8444532057713656,0.44065260321599,0.8851462416270444,0.8675560447816311,0.8692547644743303,0.7321673706525409,0.8759848927128513,0.6428989436136738,0.835569529553674,0.626111429259314,0.6107351335751452,0.8717146038820363,0.19259605283624137,0.9700073495187169,0.5817680060768002,0.8995337970065291,0.9587351334794105,0.8338083271305468,0.543039010385739,0.8717146038820363,0.5066151893009163,0.43872410560025077,0.8338083271305465,0.5096510372569782,0.5622830208386309,0.5275984067489584,0.8849118467483819,0.5797852619373245,0.9105404296521815,0.7938739716198886,0.507269090790418,0.5510342969293885,0.42188793194719554,0.7062885929790661,0.7105987003471117,0.735114413571242,0.9944505083599015,0.927838026234643,0.5929390338819178,0.7735734468049227,0.45105948302830723,0.8717146038820363,0.8675560447816315,0.6460090351701573,0.6737039000433457,0.7632687547967618,0.5764773020751575,0.544131434548677,0.8717146038820363,0.47990983116839425,0.9014081203429077,0.4415957036202567,0.8717146038820363,0.6105671809582436,0.7609366689568345,0.8944656454039726,0.8638962238722949,0.8675560447816315,0.7990972287619525,0.8774727469180786,0.7943074898335585,0.8614899173418664,0.7282356085631758,0.8967571710011214,0.485736756647426,0.8717146038820363,0.8411444086656643,0.8717146038820363,0.8944656454039726,0.42128410152103746,0.7078900133942543,0.9048375041252172,0.8375658032148694,0.7057146872859164,0.8187638771486865,0.784384691197584,0.8717146038820363,0.7523960251655856,0.6345885606906843,0.766746826752803,0.5795670620577714,0.8073061973564937,0.9934422704699934,0.810581958011195,0.8074099974274134,0.8105237777176177,0.7294450148306262,0.47354836075113405,0.8105237777176177,0.9413841187405536,0.6447896504579689,0.8497130783727069,0.8105237777176177,0.9048375041252172,0.7184772329562328,0.9097700783194735,0.5763064863353615,0.6548954892349252,0.8305571618615186,0.5654237689971131,0.9428646620486623,0.9566277828832506,0.8373021566360079,0.8041183579068667,0.8733223207677869,0.8675560447816311,0.9273614004407345,0.7103207592368843,0.6472690961666537,0.788632122471279,0.7555190682889501,0.8392236087884817,0.9496980412447956,0.5550136768642007,0.8759848927128513,0.880379147867171,0.9814163000036373,0.7205943558041933,0.8170245918162766,0.6764592543465826,0.8818088349992348,0.8849118467483819,0.8896003271096578,0.9780359582956881,0.8375658032148703,0.6802371247470315,0.9227565311039088,0.9783157797049854,0.9197819686577302,0.6984811996753163,0.9231458195979403,0.9372431009731566,0.7796869635461527,0.5359065626176128,0.8019059034334373,0.7867157975290031,0.8636231026232213,0.7720451198653109,0.8522854010955982,0.9028189168923333,0.8522196206602226,0.747726619155341,0.9246380042337008,0.7821212056737448,0.8558024691358026,0.9868956338350676,0.8415558183084837,0.9221087144404603,0.7185686180327177,0.8817751768870117,0.7121147030872422,0.6657156257416792,0.943555263926096,0.7307364664382368,0.817024591816276,0.8053787723235722,0.9569631260563783,0.7023569092042323,0.8452976429826492,0.7026557403722566,0.9564656546829657,0.6350212802029058,0.7221458308768536,0.6663986005747343,0.8752103456145182,0.6598185323836705,0.852747549109971,0.8896003271096578,0.765694235672991,0.7845229338454947,0.7861632512209238,0.8995337970065291,0.9763534563873142,0.9728761310858693,0.8390201592565515,0.8896003271096578
p97_L,0.6512215241593333,0.9095075097850289,0.6788994007134822,0.9413841187405536,0.8717146038820365,0.9480457155580746,0.7107775620570862,0.7250970637984198,0.6589826374199149,0.8995337970065291,0.8481185950649368,0.8675560447816315,0.8675560447816315,0.8042685237096219,0.7947180725064082,0.8372066841953307,0.9199552261212858,0.7689834854719453,0.8944656454039726,0.9405885046495401,0.6333053203193721,0.8720892706611558,0.9233512382374081,0.9097700783194735,0.8408491588837401,0.49119909663553196,0.8595337434443089,0.8105237777176175,0.8995337970065294,0.5589987825985729,0.4857438343760693,0.8849118467483819,0.6724573966028021,0.5657137513725844,0.9044788524275966,0.9728761310858693,0.9097700783194738,0.8556531508423675,0.9048375041252172,0.8484673641430904,0.5366938622219417,0.9073867469443915,0.904837504125217,0.800958689073062,0.8897444847827971,0.7797355717041158,0.9152949345126442,0.661744585143653,0.8236124075183944,0.762752310983017,0.8849118467483819,0.6645753653527993,0.49119909663553196,0.8518501194844426,0.9736255139810746,0.5677568429595359,0.8202992520772756,0.8717146038820349,0.8649297052106173,0.8634987624252983,0.6634316397316673,0.9871252423123691,0.8269664944023676,0.5744519150606819,0.8896003271096573,0.8780819239818048,0.9210886546555859,0.6826490844114339,0.5270493257846605,0.8944656454039728,0.8011558825339617,0.5301587202395045,0.8717146038820363,0.9869075921118051,0.8717146038820349,0.5696855931461917,0.6857336911022106,0.9261900692066417,0.9541766785011997,0.9048375041252172,0.8481185950649368,0.9382897017170408,0.8137861839597269,0.7437303592140896,0.8717146038820349,0.7919760287785569,0.8997253355509449,0.6698757169935524,0.8051324737916434,0.8675560447816315,0.8717146038820349,0.762752310983017,0.8846138555005438,0.8261120073405324,0.861345422470013,0.7486785825409095,0.7213193201021744,0.45742365248240957,0.9937748046580381,0.9253571734927085,0.9182102768713853,0.8803791478671708,0.8717146038820363,0.6415222055497369,0.7547436533504084,0.8944656454039726,0.7655771691915652,0.9403903595960907,0.9492420156933739,0.9910949467014807,0.819657235122329,0.8303641671418631,0.9894713456292104,0.7713195748602324,0.8803791478671712,0.9168822934983727,0.9095075097850294,0.933670888244921,0.792705015844781,0.8909594730829001,0.842762416177641,0.7627463457527179,0.8408491588837401,0.8105819580111953,0.9710084955347882,0.6305902421762918,0.9435552639260962,0.7281975360897373,0.8993926091805275,0.8713011625822467,0.8124952347596179,0.7355471990326262,0.9210886546555859,0.904837504125217,0.8897444847827973,0.9388435083685315,0.7620301453944485,0.9342041137155989,0.9210886546555856,0.8634987624252983,0.7834631781943164,0.8995337970065291,0.6896431735844291,0.9317037037037036,0.7335206754675623,0.7337033777021862,0.8925665086212684,0.9652152829353012,0.8236124075183944,0.8546871537498675,0.8995337970065294,0.7627282731962666,0.6516766082033207,0.2610831818115359,0.9210886546555859,0.6047235901135943,0.7532587236350972,0.8158546725096447,0.7942028861584642,0.7105663061807244,0.5837958466077725,0.9799577055509366,0.8338083271305468,0.6280750959077652,0.5709584875423888,0.8536428080204495,0.815358823064458,0.8198792585124832,0.8057399079579857,0.7298011552770374,0.9413841187405538,0.9414245688249914,0.4698458181654266,0.6161032134859608,0.830397499391104,0.9940663389603608,0.933670888244921,0.8198568281978238,0.7980705316104619,0.9544534603747566,0.9330880052134095,0.6799304917010454,0.9916435454669676,0.9312291735794238,0.8086065944485736,0.7232042545587734,0.906543417128479,0.7897899853994019,0.8518501194844426,0.87685149072973,0.8634987624252985,0.8738606237740503,0.7410167453311375,0.9058062891764662,0.8023034516150305,0.8717146038820349,0.8759848927128513,0.8634987624252988,0.8057344050230484,0.7659609841306649,0.7509443411397404,0.9312291735794238,0.8717146038820349,0.6052686974233543,0.976249394198133,0.8995337970065294,0.8717146038820349,0.9504820637860454,0.6380707706869799,0.7795589752708633,0.8795723160507694,0.7691418179970517,0.8675560447816313,0.8717146038820349,0.7136215606195472,0.8717146038820347,0.9388536445462037,0.7090178168787733,0.7069273287656441,0.8717146038820349,0.8698524591108469,0.8717146038820349,0.9833208606238034,0.4760456790830029,0.7889642625662019,0.5316816470716363,0.8803791478671705,0.9000355682288135,0.8634987624252983,0.8373021566360073,0.8997253355509458,0.881453808452556,0.8476520246825534,0.8743293741512145,0.9342041137155987,0.7647821602613931,0.8314275430341038,0.8015777615520583,0.9432068246943397,0.808724011288986,0.5740758054612287,0.8897444847827976,0.7105663061807239,0.9254766905970768,0.8717146038820349,0.792884755515969,0.8717146038820349,0.5471859789918716,0.7859745422812421,0.9210886546555859,0.8893840423644392,0.9000355682288135,0.8759848927128513,0.783005748485561,0.9152669132945838,0.7294450148306262,0.982612903138747,0.8468376948469285,0.8803791478671712,0.6760000000000004,0.0,0.6065945384938609,0.8675560447816315,0.8896003271096575,0.8338017280424871,0.9048375041252172,0.8475824600122944,0.7702190116852003,0.9587351334794105,0.4476199547687544,0.6839472701221503,0.8849118467483821,0.662954301057431,0.5446438357684196,0.9031780354977466,0.8944656454039726,0.9505372782131752,0.6258411877179041,0.9121693580704173,0.8089526168598249,0.8944656454039726,0.7776504405236505,0.9970156410013384,0.8896003271096573,0.4321397738070585,0.8271211228814439,0.880379147867171,0.7200215627619002,0.9963042274453557,0.9254766905970764,0.6657156257416805,0.9799577055509368,0.8440401632926744,0.8944656454039726,0.9006129917311675,0.8878683652485627,0.47194640719137326,0.6216190230627463,0.8944656454039728,0.8717146038820363,0.8484673641430907,0.8634987624252988,0.8849118467483821,0.9682675470429083,0.7618815066671993,0.9799577055509368,0.7538533298617707,0.9183213534746966,0.8071668188867844,0.7916344489131748,0.7597893185829292,0.6374949795780447,0.9831292510554506,0.9283035363844746,0.6950629988195935,0.9362473724214272,0.950955599173687,0.9405885046495401,0.8170550030701567,0.7859745422812419,0.7614383219220928,0.9502107211581172,0.8717146038820349,0.6447896504579702,0.8121960642270154,0.8269664944023676,0.8944656454039726,0.8896003271096575,0.8675560447816313,0.8717146038820349,0.8679473730861484,0.9728761310858693,0.904837504125217,0.9382419789646621,0.9975951501121814,0.8338083271305468,0.8849118467483821,0.8437187286664514,0.7754339529571428,0.8679473730861487,0.7609366689568341,0.819761978703054,0.8803791478671712,0.5877577244282011,0.8040468594808123,0.7157194532611528,0.918234114577084,0.9223296501433531,0.9143326705995498,0.7950110300145403,0.9172342066601351,0.8897444847827978,0.8675560447816315,0.8688692599838159,0.9366798109926964,0.925182092818186,0.971308364449581,0.7814621497657797,0.8717146038820349,0.9227557571945779,0.7919760287785567,0.8203723848093065,0.835569529553674,0.9405885046495401,0.8653556110583953,0.8717146038820349,0.8717146038820349,0.8733223207677869,0.7570714390725413,0.8317986384085332,0.8717146038820347,0.8995337970065294,0.8717146038820363,0.8042685237096227,0.49650882011199826,0.9198949101807994,0.9316999048446026,0.8074099974274132,0.8997253355509449,0.7340894656226897,0.800879188961185,0.8717146038820349,0.5165830078652809,0.8105237777176175,0.899745629657053,0.9206652425076998,0.8074099974274136,0.6869170870138994,0.6307998390962071,0.9369711833639032,0.8717146038820349,0.8334687696452391,0.852219620660223,0.652261043516883,0.9322544153435925,0.9097700783194735,0.7381690171979374,0.8556531508423673,0.8717146038820349,0.7746054952488155,0.946766601453872,0.8717146038820349,0.8537043262956239,0.9194372045899946,0.6960628877775432,0.7784995011466208,0.9540928615789439,0.8717146038820349,0.7138342633923345,0.9147087248830963,0.8896003271096571,0.6867039685980978,0.9921619569320705,0.8054917561244828,0.6879697117119707,0.9409707652324082,0.9152949345126442,0.8743436535777682,0.7795589752708633,0.8638962238722949,0.9420853634991362,0.6977827549619862,0.5615680107517295,0.8373021566360068,0.8849118467483819,0.8522196206602233,0.8717146038820349,0.9728761310858696,0.8461200168525489,0.9851820990868672,0.8481185950649368,0.8170245918162766,0.9254766905970764,0.9579549371726004,0.9097700783194733,0.8634987624252985,0.9045414289970422,0.871714603882036,0.9671649000856168,0.5801641044764145,0.757071439072541,0.9879186260731821,0.9349939943201134,0.9405885046495401,0.8518501194844417,0.8638962238722947,0.9785191862212514,0.9826335302203135,0.8995337970065294,0.8687733377882705,0.853642808020449,0.7267298407698883,0.8560383604093724,0.6580976262124212,0.6857099092857802,0.8803791478671705,0.7200215627619002,0.7836611866807623,0.8262008602210331,0.8338083271305468,0.8010002320931144,0.9327528459630949,0.532655448216918,0.6552215446197296,0.8294699062696829,0.8776344921278671,0.9894125498632487,0.7250064563262157,0.8314275430341038,0.8042685237096223,0.8599286707771703,0.837302156636007,0.7852708758942271,0.9327528459630949,0.6552171626086234,0.9121693580704173,0.8286378524317441,0.5491996940022306,0.880379147867171,0.8954788234542528,0.8132718509408758,0.8573662799412332,0.8025402131001318,0.9879186260731821,0.7246040645687171,0.7509443411397415,0.8896003271096575,0.961440383777528,0.8595337434443091,0.8685695845092952,0.9210886546555859,0.8944656454039726,0.8105819580111953,0.772705524790499,0.5510835408059644,0.8675560447816315,0.7185686180327171,0.9975951501121813,0.8853209299903182,0.8595337434443096,0.964395061728395,0.8717146038820349,0.8896003271096578,0.8717146038820349,0.8717146038820349,0.9883058122711346,0.837302156636007,0.8170550030701564,0.8717146038820349,0.9890198197644474,0.9207510924715863,0.7859745422812423,0.6588647071762566,0.4995496861283646,0.8082139202720355,0.7765363031894592,0.7542621380938768,0.9280043945397396,0.8556531508423673,0.9719429088851459,0.8896003271096575,0.6195117107573576,0.9453465489849121,0.9147087248830963,0.8105819580111953,0.8851462416270441,0.8634987624252988,0.6811305218683836,0.8896003271096575,0.7376354352524621,0.8803791478671712,0.7676971900349563,0.8444532057713663,0.8303641671418636,0.6574105658745377,0.9272256429630127,0.8074099974274136,0.6634316397316675,0.8638962238722947,0.7980705316104622,0.915294934512644,0.8444532057713674,0.8759848927128511,0.7830057484855617,0.8640378018702568,0.7047325762323122,0.9210886546555859,0.786365230967693,0.8595337434443098,0.966873067000003,0.9761852736892871,0.9949023023772161,0.8856904849795793,0.5917233346616995,0.9048375041252172,0.8224250669901809,0.9349939943201134,0.792884755515969,0.8013063580853194,0.9273614004407349,0.8853209299903182,0.7710286420177417,0.8717146038820349,0.8849118467483819,0.7151668889512357,0.9700073495187169,0.6422250282608755,0.8997253355509447,0.9254766905970764,0.8137861839597269,0.8260359201795019,0.8638962238722947,0.9609650341039673,0.8130832494923951,0.9569915366157576,0.8763300120309896,0.7108336633026524,0.8944877265111875,0.8556531508423673,0.9844138533518572,0.807306197356493,0.8338083271305468,0.8087701967585061,0.7773586951692038,0.836287704479113,0.6865075103861185,0.9272748683482386,0.9871252423123691,0.75240107949952,0.8105819580111953,0.8995337970065294,0.895045587288557,0.9435552639260965,0.8129816901697349,0.8894412990712002,0.8536889454821773,0.8675560447816315,0.9217794035924405,0.7750067010966856,0.9912539269909322,0.745163331288573,0.9450419189054635,0.8355695295536745,0.9398808686261126,0.6304777742404368,0.7706273539389785,0.8105819580111953,0.8408491588837401,0.9194757437528551,0.6440758995461143,0.8675560447816311,0.8849118467483819,0.9048375041252172,0.8717146038820349,0.905230895292622,0.5895478765256685,0.925182092818186,0.7980705316104619,0.8717146038820347,0.8817751768870116,0.7476243275528522,0.901241397661938,0.8042685237096221,0.5421934527184064,0.8528084865158394,0.7891161556559435,0.5156033474576174,0.7970583385935212,0.7627282731962668,0.9193595967564051,0.7926510105847772,0.9271952774457721,0.7735734468049229,0.8202992520772754,0.915294934512644,0.7859745422812421,0.9048375041252168,0.8170245918162768,0.863498762425299,0.904837504125217,0.571575977509682,0.9182102768713849,0.8717146038820363,0.8306390853564218,0.47902087198316523,0.9336708882449212,0.9372431009731561,0.8444532057713667,0.8790690249159189,0.9682675470429081,0.8675560447816315,0.8980273058083951,0.889744484782798,0.8675560447816315,0.8675560447816315,0.8611429491813893,0.8717146038820349,0.8897444847827973,0.8054917561244832,0.8717146038820349,0.8338083271305468,0.7419224367528852,0.933670888244921,0.9152949345126442,0.9271952774457721,0.943555263926096,0.8675560447816315,0.9500292862011717,0.906543417128479,0.8638962238722945,0.9540278115221594,0.8717146038820349,0.8653636365238593,0.880379147867171,0.6960254872302298,0.999318002562787,0.7684406807967785,0.8944656454039726,0.9097700783194735,0.8408491588837403,0.8073061973564932,0.8679473730861487,0.871714603882036,0.913964472732749,0.8462981341671982,0.8809493787724683,0.9763534910555306,0.9891756798952003,0.8944656454039726,0.8236124075183946,0.8803791478671712,0.8054917561244828,0.9203565504090089,0.8717146038820349,0.8717146038820363,0.5955373798461128,0.8995337970065294,0.7725511580540434,0.8897444847827976,0.9327528459630949,0.9914604795892425,0.9254766905970764,0.9233088089742132,0.9343729039942394,0.8717146038820349,0.8717146038820349,0.783005748485563,0.5735402427798131,0.7735734468049227,0.8082139202720353,0.9539051145664607,0.7641658422765392,0.704732576232312,0.975541984103907,0.8303641671418636,0.942283627930188,0.8717146038820349,0.8437716200111418,0.8849118467483819,0.9048375041252172,0.7381690171979373,0.8944656454039726,0.9578362746518482,0.8717146038820349,0.8717146038820349,0.9069252196664805,0.8717146038820365,0.9134592870566047,0.9897304048898969,0.8174342593287185,0.4611777565444646,0.8652642255150518,0.8402982659388702,0.9467805427316623,0.8735757657553243,0.8717146038820347,0.8713011625822458,0.9991751206312152,0.8759848927128513,0.933670888244921,0.8181837089901833,0.8720705785203204,0.7742146572980868,0.7919760287785569,0.8759848927128513,0.6053573782373741,0.8717146038820349,0.9723653538198838,0.8137727791661153,0.706605099996267,0.7443071754616724,0.6374419962213222,0.9095075097850294,0.7598932621695063,0.8463485982967383,0.8896003271096573,0.39534053094365096,0.9214128915790982,0.9501659674597742,0.8951926647784167,0.9413841187405536,0.8269664944023665,0.9147214682142161,0.9210886546555856,0.8675560447816315,0.8310637014436528,0.820299252077276,0.9139644727327483,0.8914403858004343,0.9048375041252172,0.8073061973564932,0.9048375041252172,0.9912539269909317,0.7542621380938765,0.8203723848093065,0.707813664802232,0.8717146038820363,0.8951926647784166,0.8444532057713665,0.8444532057713658,0.8550989270079303,0.6429643058181265,0.9312291735794236,0.9426880330699128,0.7570769073737427,0.8759848927128513,0.8959747249803602,0.8355695295536731,0.7660299681869465,0.8368827447717329,0.8717146038820349,0.7267298407698881,0.9700073495187167,0.9903380152024661,0.8995337970065291,0.9073867469443917,0.5393034253504925,0.8065389892438861,0.8717146038820349,0.9609650341039673,0.8082139202720353,0.8338083271305468,0.9786188789557808,0.9723653538198838,0.9851820990868672,0.8849118467483819,0.9866841044042475,0.6394315180894665,0.36766837200952274,0.9682675470429081,0.8638962238722949,0.7387695997026213,0.9048375041252172,0.9702724928174435,0.9044788524275966,0.8743436535777682,0.9230322340171799,0.9317975453594043,0.7928847555159693,0.8077522806679419,0.8717146038820356,0.8675560447816315,0.8904507287248136,0.6422250282608761,0.7746054952488155,0.9138007743345267,0.8546969592578675,0.8717146038820349,0.930563877983215,0.6002695427987337,0.8042685237096223,0.8717146038820349,0.9726587582012253,0.8556531508423673,0.8944656454039726,0.863896223872294,0.8675560447816315,0.6632004632037903,0.8522196206602233,0.7403820887265014,0.8937325206728579,0.8489724744991858,0.9233512382374084,0.8003255451297386,0.8717146038820349,0.8893840423644395,0.8717146038820349,0.8944656454039726,0.8878185588552019,0.7385173979265443,0.9048375041252172,0.8137861839597262,0.833286856461593,0.6514005880386916,0.8499737220532662,0.8717146038820349,0.6350212802029059,0.9953353586248987,0.928027633239993,0.857493571852044,0.7020657359127309,0.8980273058083952,0.7906693243415908,0.8537043262956248,0.7889642625662017,0.7630658933762653,0.8405803444983588,0.7889642625662017,0.6015638978230105,0.8849118467483821,0.4893397537153712,0.7889642625662017,0.9048375041252172,0.8522196206602233,0.8759848927128511,0.8149263853247113,0.8993926091805273,0.8305571618615193,0.8338083271305468,0.7509443411397414,0.7660607011384842,0.9170843583448691,0.5836159688752963,0.8236124075183944,0.9312291735794236,0.872089270661156,0.9754465234628017,0.8042685237096219,0.7119815966295835,0.9651820071822956,0.8185246646068354,0.5671720211583602,0.8236124075183946,0.9097700783194738,0.9502107211581172,0.7119815966295833,0.8598563011459692,0.8652642255150518,0.9900168733886221,0.6807631926376989,0.8849118467483819,0.8896003271096578,0.7966956502562346,0.5441640961514105,0.9351760045475057,0.8573662799412332,0.8340377649316195,0.7356050782002197,0.8950455872885568,0.5676165628517446,0.9700073495187169,0.7174935450217645,0.9772796568738598,0.7800568255207712,0.7188004076257919,0.9080858334942075,0.8896003271096573,0.9404612933180634,0.7863925624143273,0.49119909663553196,0.8897444847827976,0.8851250417251557,0.821419239519501,0.7740740740740744,0.5925733428720994,0.8481185950649368,0.7868883533204893,0.8993926091805275,0.8256781741874017,0.6664913886690111,0.9152949345126438,0.9097700783194735,0.7970484237812525,0.5076205364008666,0.8803791478671712,0.8930873447295296,0.8855587215247931,0.7772233424181658,0.9254766905970764,0.8634987624252985,0.9688389555480498,0.9382897017170408,0.8595116876851971,0.8803791478671712,0.8711448148212504,0.8599286707771703,0.9271952774457721,0.7630658933762656,0.8303641671418636,0.9097700783194738,0.8995337970065291,0.767633298099338,0.8944656454039726,0.6861262624445841,0.8896003271096578
p97_M,0.6170828340359507,0.8731113215366177,0.6681914410253773,0.9303837137235333,0.7040264530955788,0.8844523283713124,0.8719720599099736,0.9112746187073932,0.9729194348096519,0.7446242799760849,0.8155834129546942,0.7803928839093354,0.7218663497499074,0.7623400254281054,0.8972286563085539,0.8883775072675371,0.9682881335133366,0.7899002280072165,0.9839959424285257,0.9157488137956813,0.8167466059629396,0.8619374186614901,0.900227987274776,0.7779283143697304,0.8067567589554556,0.8131121854603571,0.8294438503508299,0.6022850976502386,0.9157488137956813,0.9568728892687317,0.7915658006826467,0.7407093416647668,0.8789504041754537,0.7510994433926017,0.7341424211328871,0.8718586682882639,0.8804734569104511,0.8247319789820515,0.7581058089268597,0.7858276474562267,0.6914719293267231,0.6631974918183368,0.9566846215389864,0.7291109618096492,0.8849815636158327,0.6991674426345758,0.8547546403115025,0.938049423860699,0.7858276474562269,0.38814981882174293,0.8404674291219099,0.5667137847251773,0.7899002280072158,0.873111321536618,0.9041758950509351,0.8043040257368961,0.9932026406994408,0.8442340263447974,0.8748606233805458,0.8342582334437214,0.9788995006962471,0.7909306857758924,0.7922845378362419,0.9344148485280763,0.8659511288161981,0.6989899844900376,0.893511004325708,0.5734377243930251,0.6429620013310824,0.9078950156090666,0.758560611729916,0.7858276474562267,0.9750701654313519,0.42203677419398533,0.8442340263447974,0.6518204035482831,0.8111328445391477,0.8415145473268251,0.6638478269808155,0.8844523283713124,0.8473118402076036,0.8702349169870334,0.7738965054378308,0.9779801974613704,0.8442340263447974,0.7474143012261998,0.8365351316003187,0.8551795288487675,0.7551328776804277,0.8391846440543809,0.8442340263447974,0.6681914410253773,0.7917846938674518,0.8205738375912713,0.9487569182884803,0.7981985068812714,0.6616219089875048,0.6712477091515323,0.49274065983097537,0.4977156175728812,0.7818047664520444,0.8547546403115025,0.8442340263447987,0.851217492247228,0.7679675282018228,0.8718586682882639,0.7153604261056554,0.49129476132164485,0.7947166816318089,0.41138976531461935,0.6194634434562931,0.9935833561100021,0.6895649932705374,0.8343700741665907,0.8547546403115025,0.5655856057287285,0.9526068784540556,0.7677778585037093,0.8844523283713124,0.6187826902867455,0.9212349636116766,0.7924526822711415,0.8067567589554561,0.8419156869552447,0.9291719727260648,0.7001174780338234,0.8494190724813766,0.8324247432320351,0.9852357534673346,0.789293933413073,0.7414080320146285,0.8868482411505494,0.8602583085066602,0.7581058089268594,0.8294438503508299,0.7609679450914606,0.5956912762984179,0.8602583085066606,0.8935110043257075,0.8342582334437214,0.6227886067237017,0.8780124908814326,0.7522846168162194,0.7117659304760615,0.8167466059629398,0.878382498545746,0.7454247801973034,0.5084443396655962,0.5516391871980817,0.3812235668700832,0.8780124908814331,0.4332537765132578,0.985292438929571,0.6982212533744789,0.926763700144756,0.900057503550312,0.7287403004137931,0.8141469050599317,0.724559879647303,0.6805403864420132,0.9574183818228322,0.8868482411505496,0.8222167588234872,0.3426865523515218,0.7360922140422574,0.7437573713597798,0.8468919863176367,0.7261780606412023,0.9050418150758182,0.3530031745616454,0.8673673306127481,0.8391846440543806,0.7818047664520453,0.8318296651162074,0.995468948807872,0.7802063279698628,0.9439313629298691,0.8430062780917459,0.9393074128728371,0.7804268439729087,0.9281499907488782,0.918504619580139,0.9617988407308564,0.8681826851484777,0.7547839811682974,0.5800655951748568,0.6760799678506404,0.4915427308216769,0.9526068784540556,0.7874306650856391,0.8524158205378936,0.6150884137315945,0.627354537759585,0.453288955705774,0.9425231190840477,0.8442340263447974,0.7158195455115816,0.9197107641760085,0.7632357776364144,0.7398781676808301,0.9510339796146887,0.8096561509890496,0.8442340263447974,0.5969498880876587,0.4014895122647011,0.7823606028903334,0.8442340263447974,0.8267554187286676,0.8969868288460321,0.9302086650716809,0.9958586920040942,0.7264963443101278,0.8391846440543806,0.8442340263447974,0.7869553873014461,0.8442340263447973,0.6187885650799752,0.6149528827626818,0.6449195596008683,0.8442340263447974,0.7046234780287157,0.8442340263447974,0.7531265344804337,0.7153604261056554,0.7437573713597798,0.6347514153237486,0.8547546403115025,0.3321396381054649,0.8912265872652463,0.900227987274776,0.6554191271762597,0.7846540188244575,0.8721446285949901,0.7510994433926008,0.8602583085066602,0.986474045499795,0.6604786149213672,0.9323768471908325,0.8729562597171698,0.7793421146931976,0.9362017335636432,0.6707167302641442,0.6645529156092804,0.7669632898056071,0.8442340263447974,0.6771141926534515,0.8442340263447974,0.7430920679075832,0.7401272099755851,0.8072147333028623,0.8896175993511685,0.3321396381054649,0.7158195455115818,0.5260452935345379,0.8067567589554554,0.6714882444341246,0.9452390848153491,0.7166867985472228,0.6959349479418371,0.606594538493862,0.6065945384938609,0.0,0.8391846440543809,0.8659511288161978,0.5826726692121218,0.7581058089268597,0.7408679071841615,0.4706324858796792,0.817624721437618,0.9175929873196806,0.6314638736106937,0.7739620374838146,0.29259575645848634,0.3224066630242164,0.6213376171397502,0.8718586682882639,0.4382147670605733,0.7559285696417968,0.8462258379052603,0.997658595516081,0.8718586682882639,0.751381193017349,0.4383325244178329,0.9267115984649307,0.7225715786639246,0.7833454864650338,0.8547546403115025,0.7510994433926013,0.3103989887411934,0.8342582334437214,0.8547546403115025,0.8547546403115025,0.3822430564499104,0.8718586682882641,0.4737538758581188,0.9624855693888563,0.6485654447765481,0.7043140854472629,0.8718586682882641,0.8442340263447985,0.8772115323314944,0.8342582334437219,0.9267637001447557,0.3817734589635903,0.5882816486363323,0.8547546403115025,0.7858276474562274,0.800454046435081,0.45990080641588804,0.5120799630336659,0.5119069554321318,0.8606802525677313,0.8426967758242188,0.8124598227993504,0.6701619107452581,0.9157488137956815,0.8476785774323319,0.9912214596241777,0.9537213918359091,0.5343970527485977,0.741005793766627,0.8884965529761202,0.8442340263447974,0.8602583085066595,0.9678776617504428,0.7899002280072174,0.8718586682882639,0.9612678105847426,0.8977111782138087,0.8442340263447974,0.9312963087719359,0.8038142058245121,0.8844523283713124,0.8200789772493244,0.7774257850095356,0.7982076797417141,0.7407093416647671,0.34902654629266194,0.47537266222830765,0.8067567589554561,0.9855035328410389,0.526107666824537,0.7280285487808842,0.8321482227699246,0.5934828845598448,0.9791053974265347,0.8595363407829376,0.8844523283713124,0.33548893276954306,0.7510994433926006,0.2983367699932108,0.8294438503508301,0.8391846440543809,0.883041044000006,0.7285027989402109,0.3496230581752636,0.3185842364345751,0.4441705839648993,0.8442340263447974,0.6558965839940548,0.631502100614691,0.7753135652067891,0.9477638490194609,0.971042217461574,0.3668473758170653,0.8442340263447974,0.8442340263447974,0.5973311296357153,0.4540644542464676,0.5679630659712693,0.8442340263447973,0.8780124908814333,0.8442340263447987,0.7623400254281054,0.684768196914165,0.41443937312496926,0.8442340263447987,0.7661544480137752,0.8365351316003189,0.4855785353169759,0.4119359027788928,0.8442340263447974,0.6355950683380844,0.7635742662382641,0.31548336281039135,0.46206170766917987,0.7874306650856391,0.778989835670584,0.8547546403115023,0.3140453280083523,0.8442340263447974,0.4564024723636113,0.7899002280072172,0.9559757359958663,0.881874070110878,0.7468739299406563,0.4821864271512242,0.8247319789820513,0.8442340263447974,0.5879574704481595,0.8029763424060143,0.8442340263447974,0.9359785129801321,0.7338631613708098,0.7356196241468871,0.43355062098198105,0.29057067686876337,0.8442340263447974,0.9693945122505545,0.7442518547197616,0.9005073409360098,0.7984700200492769,0.6707022898871429,0.4958399136065321,0.9850724936580617,0.6984240860698816,0.8547546403115025,0.553824310001345,0.8176780297001325,0.826894450164378,0.5486021561595612,0.8403213830942409,0.6033795231721801,0.9980060367553067,0.86025830850666,0.8131121854603587,0.8442340263447974,0.9078950156090666,0.8391348692071094,0.7455445921923727,0.7435873027190796,0.822169130022665,0.8342582334437214,0.8502443114148076,0.9953090053732516,0.8627424103544836,0.9193079504432182,0.8442340263447985,0.8201142835916595,0.6756443568543269,0.794490401489611,0.8398505531453151,0.5550701456876901,0.7823606028903336,0.7559094128486734,0.9735615243851741,0.7900469450811847,0.9381442798450033,0.8780124908814333,0.8803627400057581,0.6617357822856913,0.8999672719401197,0.7940257311310706,0.8873397057226615,0.7371223671129732,0.9526837546542146,0.9942457815245707,0.9961728888429654,0.9912770162205764,0.9182530751505797,0.9614667575284863,0.9769675120682582,0.8562455381583127,0.5501167692387785,0.6251512268463331,0.7806085439714234,0.9127504202483339,0.8331058845913124,0.7800816094307648,0.6495070655378989,0.6735925804592795,0.9246724996449087,0.45385244719875106,0.8732429745797347,0.5593284769909226,0.6735925804592795,0.7597346623343912,0.7300921221678973,0.8547546403115025,0.962148029800135,0.6672034440706696,0.8676240299021565,0.7532299696416116,0.839850553145315,0.8035438313225591,0.9179231466268685,0.9696197651756338,0.8626587406306858,0.8849815636158325,0.8294438503508303,0.9069728207600056,0.7677778585037093,0.7700058881907577,0.46507419424058816,0.7329418331446738,0.8391846440543806,0.8391846440543806,0.7569688916490902,0.7526584076537274,0.857212706983332,0.6065945384938619,0.8442340263447974,0.9005073409360098,0.8442340263447974,0.8442340263447974,0.35222497028432664,0.9775494508745608,0.7510994433926006,0.8442340263447974,0.6280752059971586,0.5031836724487013,0.896986828846032,0.9012047774504643,0.651251614597183,0.5482985478441265,0.955514360974737,0.8368678581716991,0.5195293389959171,0.7415206194707273,0.7694506145408977,0.8659511288161978,0.9477638490194609,0.8022180915418116,0.8581279416042531,0.7700058881907577,0.8770666824542336,0.7669632898056067,0.8955685121011753,0.9005073409360098,0.7324059167118797,0.8547546403115025,0.8346928360477306,0.7316259883597722,0.9828176535834503,0.8757834749046431,0.6692907290218254,0.7661544480137752,0.9243349282779483,0.635326277692704,0.9171979704193708,0.824309351298026,0.8619374186614905,0.8494190724813766,0.9499896877022465,0.5817710310384663,0.6185251436332859,0.893511004325708,0.7614002653608829,0.8650987266916547,0.8626266436348217,0.6616219089875046,0.8391846440543806,0.3800788146605918,0.7738965054378304,0.8844523283713124,0.4046112346081039,0.6244659527640141,0.5706117489746183,0.46242071470238133,0.8111328445391479,0.7343142295074991,0.6687818979964466,0.8442340263447974,0.86025830850666,0.9419263201446231,0.7943743572075035,0.7190907211143174,0.6808214142374296,0.8808999974486557,0.8831842634694869,0.48218642715122395,0.826894450164378,0.2809444779784849,0.8780124908814331,0.3929129674831713,0.8213807058354723,0.2900603667027758,0.8342582334437214,0.9873872545622597,0.8944585865073992,0.877379376487226,0.7982076797417141,0.8055642829512013,0.9283646361029496,0.41919907643585796,0.2245341604465766,0.7713616382369315,0.6967051263405188,0.5744182902583015,0.5400769120688014,0.9534851367099295,0.9312963087719359,0.7779283143697306,0.6832104854863066,0.7481158217726723,0.9713615460522476,0.8391846440543809,0.4785128451435863,0.5123950728669291,0.9638838534161631,0.45615980179575166,0.9526837546542144,0.8475890751228303,0.7833911611167483,0.8648227020507129,0.8085901834396199,0.7700058881907579,0.7947166816318085,0.9465442797913416,0.8415145473268246,0.751129616829622,0.86025830850666,0.9241680908937377,0.8442340263447974,0.7423456854991277,0.6019760882746534,0.663415613647824,0.754814334248533,0.8442340263447973,0.7410392290527231,0.47494321445413723,0.6333238753803536,0.7623400254281054,0.7050326462200962,0.6681914410253773,0.8320823588525701,0.7510183981309534,0.799998878436037,0.9483477360793546,0.7425847425784997,0.7307192762853647,0.8659511288161978,0.7016215525533627,0.9932026406994406,0.9189418419895969,0.7401272099755853,0.9241680908937375,0.6679150834848862,0.8342582334437219,0.8844523283713124,0.8201142835916595,0.9168003221611534,0.8743499943821069,0.6119210000434745,0.6453158515704152,0.8038142058245128,0.7341424211328866,0.6554191271762595,0.5212508509131784,0.4078313967049695,0.8391846440543809,0.8602583085066604,0.8294438503508303,0.8391846440543809,0.8391846440543809,0.9652298287867676,0.8442340263447974,0.6984855868966457,0.8810676546773244,0.8442340263447974,0.7982076797417144,0.6649028320914976,0.8758869004661173,0.8547546403115025,0.8230429621054949,0.7468739299406563,0.868447911134095,0.556412317843461,0.6331070096777194,0.7086598148031025,0.44544778635486193,0.8442340263447974,0.7153604261056556,0.8547546403115023,0.7982076797417141,0.4528968491729589,0.7558486135009483,0.8718586682882639,0.8494190724813768,0.6452692218520331,0.9265460999247148,0.856572578882048,0.8442340263447985,0.9754166382812552,0.7793073504415977,0.8778054506502011,0.920895418716669,0.8674456816989564,0.9799677102506719,0.7858276474562267,0.8547546403115025,0.77039296054434,0.5084443396655961,0.8442340263447974,0.9345819304567233,0.6703032097897736,0.7446242799760852,0.5296459735268568,0.8294438503508301,0.8155834129546942,0.499135113266854,0.8342582334437214,0.630237979912603,0.27679338851659563,0.8442340263447974,0.8442340263447974,0.8753553060433483,0.764863105457345,0.7903735889523895,0.7311733101445217,0.5052893883712672,0.6311770117362823,0.5774801189965812,0.3260774976605578,0.7940257311310703,0.48267087189173374,0.8442340263447974,0.8856053299934137,0.86025830850666,0.7581058089268597,0.4821864271512242,0.8718586682882639,0.6563227437253585,0.8442340263447974,0.8442340263447974,0.3755350482350325,0.8442340263447985,0.35012239223361186,0.8111328445391479,0.5614958773085099,0.6914719293267231,0.9773608911290623,0.8302964545846392,0.4787553142816232,0.612139539690224,0.8442340263447973,0.7401272099755851,0.3045258256451746,0.8804734569104511,0.9479595951077231,0.9623602751778377,0.948520173832994,0.914309766063365,0.7474143012261998,0.6847651610825072,0.6541881037545132,0.8442340263447974,0.43540358719997985,0.9477638490194609,0.8920544948995286,0.730513711487834,0.5873017827744207,0.7559094128486732,0.46182066077043715,0.6225121407765841,0.7539305378658713,0.9234976089316365,0.6529472486680357,0.8373298700591529,0.8780124908814331,0.8595616759071825,0.9988078450854883,0.43009612783160567,0.7407093416647669,0.868447911134095,0.8607455130502148,0.7232115292812218,0.8577719241284201,0.7642643979014054,0.7581058089268597,0.7597346623343908,0.7581058089268597,0.9169688590165609,0.7016215525533624,0.9786956632941387,0.9447666921891392,0.7943743572075033,0.8780124908814331,0.8365351316003189,0.7062237012986009,0.5530082457597456,0.8518411915787529,0.721866349749907,0.8807063442751829,0.9262967184578039,0.7158195455115816,0.7808889068116749,0.9720963318632349,0.8500899563173647,0.8681598651015605,0.8442340263447974,0.6847468575192874,0.9148382293567356,0.6604867294700664,0.7446242799760849,0.8047914336576222,0.7982076797417135,0.7006022217183419,0.8442340263447974,0.4767064271388084,0.40461123460810366,0.8176470549499176,0.28914046324622356,0.42203677419398555,0.32494663971134896,0.893511004325708,0.628799211100168,0.8652386210121935,0.9009855894234589,0.41956140493296257,0.8024499377942451,0.5190196590245404,0.8844523283713124,0.8513389625345107,0.8442340263447987,0.9120869411563546,0.8772115323314946,0.5250013229196452,0.9078694872909199,0.45854250484838244,0.7943743572075029,0.8391846440543809,0.6183986722019622,0.5744182902583019,0.6814331707488828,0.4188360857707115,0.38379658765470004,0.8442340263447974,0.3800261401065189,0.5808637726280026,0.7623400254281054,0.8442340263447974,0.4921659892381144,0.9060596167721557,0.8718586682882639,0.9491170120150414,0.868447911134095,0.5983010079811599,0.7690725803831002,0.9242802768452618,0.9842981000157078,0.9964218711390109,0.8757834749046436,0.4395468748756466,0.8442340263447974,0.7787663414180277,0.8442340263447974,0.7317415111829066,0.7321730212720989,0.8299360848651322,0.7581058089268597,0.7452373592228827,0.8625463465364103,0.9790199427295081,0.8043509475019626,0.8442340263447974,0.489489865952933,0.5142583117930664,0.7103336706493315,0.7915658006826463,0.7401272099755871,0.8935110043257084,0.770005888190759,0.6168352569021763,0.9617432150231073,0.7954036638003239,0.435698955359082,0.9617432150231073,0.7623400254281056,0.8602583085066606,0.6645529156092806,0.9617432150231073,0.7581058089268597,0.9755958876323472,0.715819545511582,0.6645529156092804,0.8391846440543806,0.5955590398303124,0.8462258379052603,0.9661889379157604,0.740127209975586,0.7086598148031023,0.8723652404780671,0.5973311296357156,0.751129616829622,0.7824305624821148,0.9732664127420565,0.7623400254281056,0.7158386376334649,0.7678914493146095,0.85204646095009,0.7188373430950927,0.8315195898938608,0.7158195455115817,0.8868482411505496,0.8919761113100995,0.9765973085412409,0.8896175993511685,0.777828626849409,0.9395810237823017,0.9267637001447555,0.8659511288161981,0.8717718446235575,0.861326711863156,0.7672693818387561,0.7717467840699737,0.7915658006826463,0.774322388524679,0.9312963087719359,0.8087068821575034,0.8442340263447985,0.9028335021824161,0.7493466437951115,0.9058534347664986,0.8856053299934137,0.9436626487552344,0.9005073409360098,0.8726726124585857,0.8301695693153038,0.7899002280072158,0.9127504202483341,0.8394691602568247,0.8997087172135974,0.8525240170262556,0.8201438351321446,0.8155834129546944,0.9390854472630175,0.9269744452935229,0.7884922730738795,0.893013913166816,0.8547546403115025,0.8804734569104511,0.8016022246470541,0.8443393816092928,0.9189418419895969,0.8294830190812421,0.6907203329052777,0.8921117383017645,0.8912265872652463,0.8342582334437216,0.6648071131041322,0.8702349169870336,0.7193719598331678,0.9526837546542146,0.6416407543489955,0.7982076797417141,0.8659511288161981,0.8787018031386914,0.9828176535834503,0.9115278413395256,0.7823606028903332,0.8723900364348043,0.8038142058245119,0.9606404044001026,0.8659511288161978
p97_S,0.7718994506532365,0.9394396415413289,0.8882932693469465,0.9199893491338635,0.9475597985845114,0.9610996995613952,0.7238257438406102,0.7703519447505509,0.90069623628167,0.9589316626844855,0.9379142777971525,0.9458598726114653,0.9458598726114653,0.9199893491338635,0.9077040005624184,0.576280232023062,0.9425805352069325,0.9292677720165115,0.9568599156354454,0.9589316626844855,0.8838795614232458,0.9364159486136474,0.9334927596276978,0.9493053971730236,0.93494269483405,0.9292677720165115,0.9425805352069323,0.9137333093884032,0.9589316626844855,0.7666156616807629,0.922570139905196,0.9529545363721539,0.9409942357230063,0.916205092712921,0.9475597985845114,0.9568599156354454,0.9493053971730236,0.9409942357230057,0.9610996995613954,0.9278966962971924,0.8961308828316217,0.9306566646589698,0.9610996995613954,0.9100921482984174,0.9425805352069323,0.8425062304790463,0.9511016704226434,0.8972654241994793,0.9278966962971924,0.8882932693469465,0.9529545363721539,0.8447105394237198,0.9292677720165115,0.16216355622584455,0.9409942357230059,0.9265423524364669,0.9265423524364669,0.03139863267861631,0.7298985716672586,0.9442013463068037,0.903008623582165,0.8256727870749789,0.9292677720165117,0.8961308828316217,0.9548710823073732,0.8187487405659168,0.9529545363721539,0.6661152121246716,0.7623458066664364,0.9568599156354454,0.9187169710212713,0.9278966962971924,0.9475597985845114,0.8210710864618282,0.03139863267861631,0.9168460830759908,0.9364159486136476,0.9379142777971523,0.8175818786954798,0.9610996995613952,0.9379142777971528,0.9320645602494202,0.3350690258836352,0.9292677720165115,0.03139863267861631,0.9149644520716045,0.9364159486136476,0.8259696831286127,0.8905160099774292,0.062008242787560564,0.03139863267861631,0.8882932693469463,0.8256727870749789,0.850191113818277,0.3350690258836352,0.510052317151767,0.886081569479592,0.8838795614232458,0.8140574394939937,0.8128743662973856,0.9265423524364669,0.9511016704226432,0.9475597985845114,0.8838152225738931,0.5945359220183861,0.9568599156354449,0.9041731885624824,0.7907502491856577,0.9349426948340502,0.8233788637195052,0.8718884926994317,0.9306566646589698,0.8007919102864962,0.9065205555971321,0.9511016704226434,0.7762855815640266,0.9394396415413289,0.9568599156354451,0.9610996995613954,0.8534622933489195,0.9100921482984174,0.881685977830595,0.9349426948340502,0.9225701399051969,0.9292677720165115,0.7474982699049919,0.9493053971730236,0.6221281312976874,0.9458598726114653,0.9540589546097205,0.8686385996787735,0.9511016704226432,0.9529545363721539,0.961099699561395,0.9425805352069325,0.8402939714046163,0.9079957206615112,0.9529545363721539,0.9529545363721537,0.09008077800963976,0.8259696831286127,0.9589316626844855,0.8187487405659168,0.8675560447816315,0.883879561423246,0.9077040005624186,0.8894031717904964,0.8369591621743946,0.9278966962971924,0.7779891015560231,0.9589316626844853,0.9030086235821644,0.8512827582389366,0.8773193685069614,0.9529545363721539,0.9278966962971922,0.9273944983384121,0.9112976020672159,0.9055736434610706,0.5762802320230618,0.7282232490337206,0.9511016704226434,0.9320645602494202,0.7624534917969603,0.8938740030413763,0.913733309388403,0.8567235831170401,0.8961308828316217,0.9238799558250632,0.8402939714046163,0.9199893491338638,0.9458598726114653,0.9265423524364671,0.6679351743368398,0.849098097918449,0.874058087016832,0.9568599156354449,0.5945359220183859,0.9174557485535395,0.5721895635481327,0.949209851380796,0.8849794349827056,0.9265423524364669,0.9458598726114653,0.6277740552271271,0.8790792081159235,0.8534622933489195,0.8984043359066818,0.16216355622584455,0.9663573664294258,0.9442013463068035,0.90069623628167,0.8164111026582044,0.782963206823625,0.9415490144516767,0.03139863267861631,0.9493053971730236,0.9442013463068033,0.5100523171517668,0.8302218952289888,0.8882932693469463,0.9458598726114653,0.03139863267861631,0.8643090749973119,0.7829632068236254,0.9589316626844855,0.03139863267861631,0.685316774920314,0.9125111785873636,0.8827817928509321,0.6635204081124888,0.9018497344665103,0.9458598726114653,0.03139863267861631,0.6359525852723973,0.03139863267861642,0.8056825578273628,0.8336025791120698,0.8302218952289888,0.03139863267861631,0.6221281312976874,0.03139863267861631,0.7238257438406104,0.9041731885624822,0.913733309388403,0.8718884926994317,0.9511016704226432,0.7637779275925334,0.09008077800963876,0.9334927596276978,0.9364159486136474,0.9030086235821644,0.7474982699049917,0.9162050927129206,0.9529545363721539,0.4787658847550451,0.9220520382689479,0.8995478568587885,0.8938740030413763,0.9125111785873636,0.9125111785873636,0.9425805352069325,0.881685977830595,0.9442013463068033,0.03139863267861631,0.8995478568587887,0.03139863267861631,0.7248314800141329,0.9540589546097205,0.9529545363721539,0.9252037445446057,0.7637779275925333,0.9493053971730236,0.9112976020672166,0.9349426948340498,0.8894031717904964,0.9379142777971528,0.8567235831170401,0.9511016704226434,0.8675560447816315,0.8675560447816315,0.8391846440543809,0.0,0.9548710823073729,0.8233788637195052,0.9610996995613954,0.8279535638583029,0.8565847204007371,0.2692511698375556,0.8664736771305535,0.8708047111031318,0.9529545363721539,0.8436093353026792,0.790750249185658,0.7981856244137906,0.9568599156354449,0.8233788637195052,0.9112976020672157,0.9320645602494202,0.8984043359066818,0.9568599156354449,0.8469075946240912,0.8080982554965415,0.9548710823073729,0.8950004825334388,0.9199893491338635,0.9511016704226432,0.9591402541866407,0.800791910286496,0.9442013463068037,0.9511016704226434,0.9511016704226432,0.8195726318328564,0.9568599156354451,0.7920258334641646,0.6686761625805101,0.8816859778305952,0.868447911134095,0.9568599156354454,0.9475597985845114,0.9278966962971922,0.9442013463068033,0.9529545363721539,0.7958167654209827,0.8950004825334388,0.9511016704226432,0.9278966962971924,0.9557248896714015,0.7440170762801631,0.9065205555971318,0.8805919691825626,0.70356089724167,0.785585123047815,0.7098574690332744,0.8686385996787727,0.9589316626844853,0.90069623628167,0.9589316626844855,0.9162050927129204,0.9125111785873636,0.9065205555971321,0.9511016704226432,0.03139863267861631,0.9529545363721537,0.9371605937136991,0.9292677720165115,0.9568599156354449,0.9548710823073729,0.9458598726114653,0.03139863267861631,0.93494269483405,0.9568599156354454,0.9610996995613952,0.9077040005624184,0.8175818786954796,0.9320645602494202,0.9529545363721539,0.8279535638583029,0.8233788637195052,0.9349426948340502,0.9409942357230066,0.8358428353123903,0.9511016704226434,0.916205092712921,0.8056825578273625,0.9394396415413284,0.9077040005624184,0.9610996995613952,0.7579944655912754,0.9162050927129202,0.7708083464141864,0.9425805352069327,0.062008242787560564,0.9187169710212713,0.9155630897147413,0.800791910286496,0.8020222325849224,0.8128743662973856,0.03139863267861631,0.849098097918449,0.9149644520716045,0.9174557485535395,0.9149644520716045,0.9589316626844853,0.8402939714046165,0.03139863267861631,0.03139863267861631,0.9278966962971924,0.9006962362816697,0.8545503661181642,0.03139863267861642,0.9589316626844853,0.9475597985845114,0.9644994759182184,0.8938740030413763,0.7829632068236254,0.9475597985845114,0.9212735133449717,0.9364159486136476,0.8268147748355974,0.9483900530140978,0.03139863267861631,0.8773193685069607,0.9137333093884032,0.7694191025912624,0.991231693528243,0.9212735133449719,0.8504136769453576,0.9511016704226434,0.7894685038194522,0.03139863267861631,0.7907502491856577,0.9292677720165115,0.8545503661181646,0.824527512767756,0.9493053971730236,0.8256727870749789,0.9409942357230061,0.03139863267861631,0.928754622007103,0.7315605337936808,0.03139863267861631,0.9212735133449719,0.7881804803953936,0.8369591621743948,0.8092990476011352,0.7958167654209827,0.03139863267861631,0.7897260844225815,0.8512827582389364,0.9548710823073729,0.6761645354519015,0.744017076280163,0.9041731885624822,0.9053437280773233,0.8927512325175624,0.9511016704226434,0.8950004825334388,0.8827817928509321,0.9334927596276978,0.8480036211373803,0.8697214512947165,0.8664736771305535,0.23774878152121726,0.9529545363721537,0.9292677720165115,0.03139863267861631,0.9568599156354454,0.898404335906682,0.8068927917851012,0.9379142777971528,0.9721820378192463,0.09008077800964032,0.7396785942680697,0.9493053971730236,0.09008077800964032,0.9379142777971528,0.9475597985845114,0.9394396415413291,0.8751441387186416,0.9006962362816697,0.9568599156354451,0.8414011380622552,0.9589316626844853,0.9394396415413291,0.9334927596276981,0.7945589785686391,0.9364159486136479,0.9589316626844853,0.8208615411657367,0.913733309388403,0.550417503386856,0.2692511698375556,0.9364159486136474,0.8995478568587887,0.9511016704226432,0.9162050927129208,0.9329016612088763,0.8729729119280702,0.9320645602494202,0.8961308828316217,0.937914277797153,0.9225701399051962,0.6724259519035649,0.792576438055554,0.9018497344665102,0.9425805352069323,0.8359821349656569,0.8871861256568152,0.9199893491338638,0.9320645602494204,0.23774878152121837,0.8116870067162374,0.937914277797153,0.8767155864943418,0.9320645602494204,0.9125111785873636,0.7734367193080807,0.9511016704226434,0.8696295404751333,0.7332476280865157,0.9149644520716045,0.8961308828316215,0.9568599156354451,0.7213830792377613,0.8882932693469465,0.9548710823073732,0.955724889671401,0.9425805352069323,0.942580535206933,0.9529545363721539,0.9568599156354449,0.9225701399051969,0.8199117795876252,0.9100921482984174,0.9458598726114653,0.9458598726114653,0.7032086121632808,0.9041731885624822,0.11595356527577638,0.8675560447816315,0.03139863267861631,0.9548710823073729,0.03139863267861631,0.03139863267861631,0.8128743662973856,0.23774878152121792,0.9162050927129202,0.03139863267861631,0.7248314800141333,0.8324784774213028,0.42272440505492703,0.8480036211373803,0.8773193685069609,0.8272354331469214,0.9006962362816697,0.46103561660773174,0.83472400300589,0.9409942357230059,0.8827817928509321,0.45933786842754687,0.9149644520716045,0.7637779275925336,0.6661152121246717,0.9225701399051964,0.9409942357230059,0.9442013463068035,0.8050379729179937,0.9548710823073729,0.8927512325175624,0.9511016704226434,0.8972654241994793,0.9364159486136474,0.9306566646589698,0.9334927596276978,0.8436093353026795,0.9212735133449719,0.903008623582165,0.9334927596276978,0.6916073276642576,0.9511016704226434,0.20235352416864938,0.9493053971730236,0.9112976020672163,0.8523731211903474,0.83472400300589,0.48335140169781754,0.8826297756089203,0.5866865150344243,0.7721894714790685,0.8860815694795923,0.9458598726114653,0.7967943813008362,0.9238799558250632,0.9610996995613952,0.7995563084478072,0.841401138062255,0.7995502483019271,0.8246995355877347,0.9364159486136476,0.9041731885624822,0.8784088021185175,0.03139863267861631,0.9529545363721537,0.9137333093884037,0.9475597985845114,0.8567235831170401,0.9364159486136479,0.9442013463068035,0.9238799558250632,0.8541959247310253,0.9334927596276981,0.798315321686256,0.9589316626844857,0.814365886541907,0.9379142777971528,0.8621439532920854,0.09008077800964032,0.9409942357230057,0.7051012987580605,0.9125111785873636,0.9320645602494202,0.7735626237779674,0.9092428552134855,0.7509037938695112,0.8588935204002321,0.9162050927129202,0.717957010428276,0.8567235831170401,0.9225701399051969,0.9589316626844855,0.9349426948340502,0.9493053971730236,0.8336025791120698,0.8995478568587885,0.5457744538628025,0.062008242787560564,0.816979725783827,0.8358428353123903,0.9610996995613952,0.8751441387186418,0.9511016704226434,0.9149644520716045,0.9137333093884032,0.93065666465897,0.9357274933038939,0.9225701399051967,0.9349426948340502,0.5208845547534251,0.9379142777971521,0.9458598726114653,0.9529545363721537,0.9610996995613952,0.03139863267861631,0.9162050927129202,0.8610609420833555,0.8284969009147185,0.9174557485535395,0.03139863267861642,0.8794996237395185,0.8187487405659168,0.9030086235821648,0.3678486223164621,0.9006962362816697,0.8882932693469463,0.8773193685069607,0.7789783388157538,0.9252037445446057,0.9030086235821646,0.6785985670091003,0.8871861256568154,0.9548710823073729,0.8995478568587887,0.9265423524364669,0.9511016704226432,0.9125111785873636,0.9610996995613954,0.9252037445446055,0.9442013463068035,0.9610996995613954,0.9394396415413286,0.9265423524364669,0.9475597985845114,0.6679351743368396,0.8805919691825623,0.9568599156354454,0.9475597985845114,0.9364159486136474,0.7735626237779671,0.7958167654209827,0.062008242787560564,0.9529545363721539,0.1159535652757756,0.062008242787560564,0.062008242787560564,0.3968323237075575,0.03139863267861631,0.9425805352069325,0.4738920156371562,0.03139863267861631,0.9320645602494202,0.5549592725490636,0.9568599156354449,0.9511016704226434,0.9548710823073732,0.9493053971730236,0.062008242787560564,0.7894685038194518,0.8534622933489195,0.9334927596276978,0.8358428353123903,0.03139863267861631,0.9041731885624826,0.9511016704226432,0.9320645602494202,0.814365886541907,0.9053437280773231,0.9568599156354451,0.9493053971730236,0.9349426948340502,0.9125111785873639,0.6428226383045876,0.9475597985845114,0.42272440505492737,0.9187169710212713,0.9682551375725406,0.7035608972416703,0.937914277797153,0.9568599156354454,0.9278966962971924,0.9511016704226434,0.9041731885624826,0.8369591621743946,0.03139863267861631,0.9475597985845114,0.878408802118517,0.9589316626844855,0.8324784774213028,0.9425805352069327,0.9379142777971525,0.8187487405659168,0.09008077800964032,0.7490287796730206,0.777635666776106,0.03139863267861631,0.03139863267861631,0.43076416340614276,0.6894338727722298,0.8995478568587885,0.7995563084478075,0.8402939714046165,0.8092990476011352,0.83472400300589,0.7932953720006317,0.9306566646589698,0.8068927917851012,0.03139863267861631,0.9343080653650264,0.9529545363721537,0.9610996995613954,0.8256727870749789,0.9568599156354449,0.8541959247310253,0.03139863267861631,0.03139863267861631,0.7666156616807631,0.9475597985845117,0.7749279467915413,0.9364159486136474,0.8523731211903476,0.8961308828316217,0.6989699092582711,0.9329016612088763,0.8290892416048379,0.8458099300236446,0.03139863267861642,0.9125111785873636,0.8116870067162374,0.9493053971730236,0.9568599156354451,0.5721895635481329,0.7542662751466696,0.45334225692590735,0.9149644520716045,0.9493053971730236,0.8545503661181646,0.03139863267861631,0.8210710864618282,0.9149644520716045,0.8961308828316217,0.8686385996787729,0.8921554844568576,0.9394396415413291,0.9018497344665102,0.8490980979184488,0.9548710823073732,0.8643090749973119,0.8578089143655878,0.9425805352069323,0.9589316626844855,0.9199893491338635,0.2837618931083741,0.8068927917851012,0.9529545363721539,0.062008242787560564,0.8718884926994317,0.9265423524364669,0.9125111785873636,0.918716971021271,0.9610996995613952,0.9540589546097205,0.9610996995613954,0.9610996995613952,0.8995478568587885,0.3875452758336596,0.8927512325175624,0.9475597985845114,0.9589316626844855,0.9364159486136474,0.9364159486136479,0.8553912003238413,0.9409942357230066,0.9458598726114653,0.9265423524364669,0.5410259398661625,0.9493053971730236,0.7882889127686583,0.4057772344611491,0.7313974068186476,0.7364687587156324,0.03139863267861631,0.8882932693469463,0.9475597985845114,0.777989101556023,0.9589316626844855,0.9306566646589698,0.9320645602494204,0.8512827582389368,0.03139863267861631,0.7592148952360375,0.7995563084478072,0.9829392900173883,0.7995563084478075,0.8210710864618282,0.8068927917851012,0.9529545363721537,0.7332476280865157,0.6903369234671075,0.7995563084478068,0.7624534917969605,0.9334927596276978,0.6948435845294495,0.9610996995613952,0.9334927596276978,0.9475597985845114,0.9315076677030101,0.9278966962971924,0.8336025791120698,0.4610356166077315,0.8044674539676764,0.9475597985845114,0.062008242787560564,0.8369591621743946,0.8567235831170401,0.5311945356497896,0.7967943813008362,0.7718994506532357,0.03139863267861631,0.9989227118453173,0.8588935204002328,0.9199893491338635,0.03139863267861631,0.83472400300589,0.9409942357230059,0.9568599156354449,0.23774878152121792,0.062008242787560564,0.9233216706709951,0.9292677720165116,0.8938740030413763,0.9265423524364669,0.9053437280773231,0.9334927596276981,0.8068927917851014,0.03139863267861631,0.9252037445446057,0.03139863267861631,0.9568599156354451,0.8279535638583029,0.8805919691825621,0.9610996995613954,0.9238799558250632,0.7958167654209829,0.9018497344665102,0.9199893491338635,0.03139863267861631,0.8553912003238413,0.8152363204804096,0.8755343989590982,0.9225701399051967,0.4227244050549279,0.9529545363721539,0.34646989741729717,0.9212735133449719,0.37240982580062965,0.8894031717904964,0.7881804803953933,0.37240982580062965,0.9199893491338638,0.9529545363721539,0.8816859778305952,0.37240982580062965,0.9610996995613954,0.9292677720165115,0.9493053971730236,0.881685977830595,0.9458598726114653,0.9212735133449719,0.9320645602494202,0.8882932693469465,0.9125111785873639,0.9334927596276978,0.9112976020672159,0.9278966962971924,0.9458598726114653,0.9364159486136476,0.7213830792377611,0.9199893491338638,0.898404335906682,0.8565847204007371,0.44605852297328985,0.9053437280773233,0.9278966962971924,0.9493053971730236,0.9511016704226434,0.8984043359066818,0.8905160099774292,0.9252037445446057,0.9252037445446057,0.8972654241994793,0.9529545363721539,0.9548710823073729,0.6165367810633013,0.9238799558250634,0.8933548640036584,0.9149644520716045,0.9682551375725406,0.673699989999619,0.9349426948340502,0.9212735133449719,0.9475597985845114,0.831351611615835,0.8740580870168317,0.9100921482984172,0.8972654241994793,0.6810028497273858,0.9548710823073732,0.9162050927129204,0.6097932928897107,0.9292677720165115,0.9425805352069325,0.9238799558250632,0.9329016612088763,0.5912223604371347,0.7520579877837945,0.9379142777971525,0.6633398155904807,0.9458598726114653,0.8794996237395185,0.705101298758061,0.9511016704226434,0.9493053971730236,0.8827817928509327,0.9252037445446049,0.9511016704226434,0.8950004825334388,0.858893520400233,0.6993688578599878,0.9442013463068035,0.9442013463068035,0.8268147748355972,0.9320645602494202,0.8995478568587885,0.9511016704226434,0.8545503661181646,0.9320645602494202,0.9548710823073729,0.8894031717904964,0.9306566646589698,0.9493053971730236,0.9589316626844855,0.8816859778305952,0.9568599156354451,0.7106749817367276,0.9548710823073729
p97_V,0.9492869580838095,0.9495194495442563,0.9068859994145182,0.9858673317522391,0.968354383009318,0.9675743567407267,0.9188225611234568,0.9544589344528496,0.9484682480772154,0.9657671730030435,0.9868659623160064,0.752233393060087,0.8986811553763574,0.9858673317522391,0.970223678284496,0.8985986666492833,0.9783779352946236,0.9410406098239261,0.9640402523885963,0.9657671730030437,0.9436595831253995,0.9469990271543745,0.944562380594602,0.9577431256853026,0.9457709851868579,0.9410406098239259,0.9783779352946236,0.9231480466603466,0.9657671730030437,0.9347629248164578,0.9354577472990953,0.9607848936032954,0.9508152934266847,0.9301521134798676,0.9562880686171875,0.9457879562525048,0.9577431256853026,0.9508152934266845,0.9675743567407267,0.9457697991278944,0.9134191021410443,0.9987511985291293,0.9675743567407264,0.8345726594959495,0.9783779352946236,0.9035385528962288,0.9592404230051594,0.9581074754130985,0.939897739160851,0.968836846578246,0.9607848936032954,0.8705572812086977,0.9410406098239259,0.8515631433027533,0.8456829831262226,0.9486338396414329,0.938768815466609,0.9562880686171873,0.9636607886920056,0.9534886050081051,0.9443139433986846,0.9894170690238606,0.9410406098239261,0.9134191021410443,0.9623824451410659,0.9843880512501987,0.9607848936032954,0.9814914270638063,0.9958973689151571,0.9457879562525048,0.9841593444361112,0.9398977391608507,0.817639286262329,0.9819123209501915,0.9562880686171873,0.9425174783713439,0.9469990271543745,0.9482479709168004,0.8857568514633036,0.9675743567407267,0.9868659623160063,0.9965514935490281,0.9912425166211662,0.9410406098239263,0.9562880686171873,0.9792503453259269,0.8623126901075593,0.995165683932139,0.9653967881313258,0.9548710823073729,0.9562880686171873,0.94831171741693,0.8883704299920676,0.9473253411290727,0.9540645211449862,0.9106645217011182,0.9868938756849308,0.903206919382465,0.8898622548988656,0.9243097028741775,0.938768815466609,0.9592404230051592,0.9562880686171875,0.9853812680091016,0.9635780404756727,0.964040252388596,0.9660244666247457,0.8493451933230107,0.804926182824948,0.9870215845382497,0.9314659325100629,0.880650259426776,0.9370388334140074,0.9220794934202008,0.9592404230051592,0.9276759113966682,0.9841747480714135,0.964040252388596,0.9675743567407264,0.9853812680091014,0.7864985157673798,0.9413830194575714,0.9919033068160935,0.9354577472990953,0.9991226281223797,0.918573315865616,0.9577431256853026,0.8660249872235797,0.971905036534492,0.9257389930135203,0.8829747595909117,0.9592404230051592,0.9560086947472867,0.9675743567407264,0.9521375655065456,0.936159000349494,0.7937260990946685,0.9607848936032954,0.9607848936032954,0.9752369887774633,0.9951656839321389,0.9657671730030435,0.9177099217510476,0.9271952774457721,0.9436595831253995,0.9230659630317124,0.8420699501855896,0.8607711943559354,0.939897739160851,0.8838947839677533,0.9657671730030435,0.9646634159344738,0.9116538466243311,0.936915144267404,0.9560086947472868,0.939897739160851,0.9941310364903486,0.9260614370793869,0.9801384080901828,0.9413830194575714,0.9370388334140074,0.9592404230051592,0.9965514935490281,0.909385058694516,0.9543462946456165,0.9280917395652362,0.829824391934604,0.9568407342490963,0.936549554387319,0.9945578164232356,0.9090110235284591,0.9548710823073729,0.9387688154666092,0.8607711943559355,0.9096184581084206,0.9505428281988997,0.964040252388596,0.9989819949201276,0.9662171720188699,0.9022918659842716,0.9807269012238727,0.8924464890803961,0.938768815466609,0.752233393060087,0.7616469542327662,0.9841698601183979,0.9787757668872883,0.9965380001026768,0.9495194495442564,0.9059081043309064,0.9039625825630313,0.9619936422826707,0.9134425692262829,0.921682822237945,0.989825263732105,0.9562880686171873,0.9577431256853026,0.8326881763485998,0.9581074754130983,0.9263686634311039,0.9274111285758341,0.9548710823073732,0.9562880686171873,0.9611758447846424,0.9811059808649045,0.9398072791970181,0.9562880686171873,0.9405520062621227,0.9748016543159645,0.9368056844674395,0.9801384080901827,0.9633200991265265,0.9548710823073732,0.9562880686171873,0.9828903308322395,0.9562880686171873,0.9365797231195259,0.9337451012300576,0.9378543315309877,0.9562880686171873,0.9529720363315421,0.9562880686171873,0.9523259679415814,0.9201228276565452,0.9776784774900422,0.8932116722416492,0.9592404230051592,0.9382719339501255,0.9534886050081051,0.944562380594602,0.9469990271543745,0.9898252637321052,0.9834403013011903,0.8670439353081685,0.9607848936032954,0.8260511052106427,0.88817573419612,0.9162673470024438,0.9971547265784804,0.92573899301352,0.9761356843815903,0.9521375655065456,0.9413830194575714,0.9534886050081051,0.9562880686171873,0.772821503966566,0.9562880686171873,0.9671198400583634,0.9748016543159651,0.956008694747287,0.8404453338613613,0.9059428360664095,0.9577431256853026,0.8797031317561447,0.9457709851868579,0.9494976475473855,0.9482479709168004,0.8298243919346037,0.9592404230051594,0.8896003271096575,0.8896003271096575,0.8659511288161978,0.9548710823073729,0.0,0.9198988420720091,0.9675743567407267,0.8391226973588364,0.9580186848345917,0.8806502594267761,0.9989819949201276,0.9934418502503,0.9607848936032954,0.9045498580054347,0.9468681548811924,0.9647407723987267,0.964040252388596,0.9458556729955101,0.9260614370793869,0.9433718940682516,0.9593880781275532,0.964040252388596,0.7756167155477298,0.9717481518550581,0.9623824451410659,0.955587210232753,0.9858673317522391,0.9592404230051592,0.9808531012828585,0.904322748421914,0.9534886050081051,0.9592404230051592,0.9604535056538152,0.924229381098876,0.964040252388596,0.859170821160427,0.9118155405460241,0.9013784409842849,0.9350635530558218,0.7654443735347067,0.968354383009318,0.9970639700164783,0.9534886050081051,0.9560086947472867,0.9093850586945161,0.958192065937577,0.9592404230051592,0.9398977391608507,0.9727347845851523,0.9399417142435165,0.968803565300479,0.9005867312146186,0.8954576130000749,0.9834403013011901,0.9942571659500581,0.9962360302792397,0.9657671730030435,0.9484682480772155,0.9657671730030435,0.9684459109141506,0.9748016543159651,0.968803565300479,0.7195352916307385,0.9562880686171873,0.9607848936032954,0.9949008961315589,0.99912262812238,0.964040252388596,0.9511494252873565,0.9548710823073732,0.9562880686171873,0.9457709851868579,0.964040252388596,0.8336684595774309,0.9230659630317124,0.8479439783560867,0.9433718940682516,0.9607848936032957,0.9067422366276935,0.8863374708388889,0.9295775988190449,0.9508152934266847,0.8974778163860966,0.9604535056538154,0.9301521134798676,0.9037282181939597,0.9495194495442563,0.7468300301988011,0.9675743567407267,0.9105722417945289,0.9808531012828583,0.9324116745150108,0.9521375655065456,0.9719050365344921,0.9120137844421632,0.9413830194575714,0.9370388334140074,0.8702944042895504,0.8771157527508109,0.9562880686171873,0.842554284420822,0.9792503453259269,0.9824887176061117,0.9291179679746995,0.5621050879972647,0.9708005919631293,0.9562880686171873,0.9562880686171873,0.939897739160851,0.9172245874626141,0.9054844349054272,0.9562880686171873,0.9398072791970182,0.9562880686171875,0.96157184588811,0.9115378627127524,0.9864902868360454,0.9562880686171875,0.9343769343025807,0.9894382119329368,0.8893852688139479,0.9004700005456048,0.9562880686171873,0.8977386203509137,0.9776784774900422,0.8689351026556003,0.8988994482663714,0.9343769343025807,0.9996620360295954,0.9592404230051592,0.9155919905807126,0.9562880686171873,0.8905935758551726,0.9427953535791664,0.9414438050735925,0.920975495434355,0.9577431256853026,0.9220526430026654,0.9508152934266845,0.9562880686171873,0.9618517021806038,0.9068654210599805,0.9562880686171873,0.9591464247864104,0.8843507225934458,0.8640960613563904,0.8740070788027339,0.909385058694516,0.9562880686171873,0.9717699908685811,0.9828903308322394,0.9511494252873565,0.9075881164980935,0.8740070788027338,0.9880738944070537,0.9399845276374329,0.9531174117707755,0.9592404230051592,0.9124768483179178,0.9368056844674395,0.8107729257629088,0.9854958810075533,0.9569286916414302,0.8886981112672732,0.944562380594602,0.9607848936032954,0.9410406098239261,0.9562880686171873,0.9457879562525048,0.9153141563577833,0.9705889298794652,0.9219798955488131,0.8404453338613616,0.9534886050081051,0.9567586610681005,0.9577431256853026,0.9534886050081051,0.9868659623160063,0.9562880686171875,0.9495194495442563,0.9347189984066653,0.9932373028972723,0.9640402523885963,0.8543687314766315,0.9657671730030437,0.9495194495442563,0.9942714459947756,0.9916344887433459,0.9469990271543745,0.9398072791970181,0.9579083924637419,0.9231480466603467,0.989737435419342,0.998751198529129,0.9469990271543745,0.9162673470024436,0.9592404230051594,0.9301521134798674,0.9563160015347995,0.8753071847132022,0.9364748811663077,0.9134191021410443,0.7273216952472331,0.9354577472990953,0.9649376594301959,0.9694312124673643,0.9633200991265265,0.7699244376981312,0.9717481518550581,0.9471353582128486,0.9333065093925881,0.9965514935490281,0.9445623805946022,0.8760817786212669,0.8570938287816197,0.9779870427101328,0.9433718940682516,0.9270730230791457,0.9846082159441185,0.9592404230051592,0.9945578164232357,0.9134425692262829,0.9706172773228458,0.9997376336428517,0.964040252388596,0.9320142571782082,0.989737435419342,0.9623824451410659,0.9727347845851518,0.9521375655065456,0.9521375655065456,0.8728022830978688,0.964040252388596,0.989405943369801,0.9166706359398538,0.9250566218612026,0.9548710823073732,0.9548710823073732,0.9810935634463918,0.9880738944070537,0.9521375655065456,0.9271952774457721,0.9562880686171873,0.9623824451410659,0.9562880686171873,0.9562880686171873,0.8912139454783419,0.944562380594602,0.9301521134798674,0.9562880686171873,0.901755666680411,0.9010376602777797,0.827613670408631,0.9086027207608334,0.936915144267404,0.8656041668745096,0.9484682480772155,0.994900896131559,0.8638877870505539,0.9508152934266845,0.9368056844674395,0.7782131661442013,0.9291179679746995,0.8677534787475794,0.8746367007519438,0.9354577472990953,0.9508152934266845,0.9534886050081051,0.9264842688269395,0.9623824451410659,0.9531174117707755,0.9592404230051592,0.9581074754130985,0.925875451020248,0.9987511985291292,0.944562380594602,0.8859871784573201,0.9591464247864105,0.9191520956010533,0.9942714459947757,0.9824887176061117,0.7998413629717641,0.8623126901075597,0.9645511776582261,0.8797031317561448,0.8769444849065682,0.896467838022496,0.9607848936032957,0.9484030384081927,0.9521375655065458,0.9635647286988951,0.9459681478708939,0.9548710823073732,0.9012618396310074,0.936549554387319,0.9675743567407264,0.8982897074803418,0.8543687314766315,0.9606832254354423,0.8961018767134863,0.9469990271543745,0.850368977502452,0.9044757289216432,0.9562880686171873,0.9607848936032954,0.9280917395652364,0.9562880686171875,0.880570845753591,0.9469990271543745,0.8326881763485999,0.936549554387319,0.9220526430026654,0.9942714459947756,0.8742091227240204,0.9657671730030437,0.9197078271225039,0.9219798955488131,0.8569180351783114,0.9534886050081051,0.9813507987576178,0.9799170694260517,0.9748016543159651,0.9433718940682516,0.8977123223576164,0.8692728686562259,0.9026436295204294,0.9718063493248191,0.9808531012828585,0.9894170690238606,0.9167714410425665,0.989405943369801,0.9657671730030435,0.9457709851868579,0.9645511776582263,0.8612981558461013,0.9060691392655615,0.9671293915458045,0.9719050365344921,0.9544589344528495,0.8974778163860966,0.9675743567407264,0.9101067715940969,0.9592404230051592,0.9706172773228456,0.9280917395652364,0.998751198529129,0.9593880781275532,0.9566458605594931,0.8049261828249478,0.9555872102327531,0.9482479709168001,0.9719050365344921,0.9560086947472866,0.9675743567407267,0.9562880686171873,0.9684459109141506,0.9576237171356043,0.9043227484219141,0.9311946072310933,0.9562880686171873,0.899555988792494,0.94893381925065,0.807779982398422,0.9333065093925879,0.9172245874626139,0.989737435419342,0.9455552839831255,0.9900255316441284,0.9376530086096915,0.9443139433986842,0.976776185955968,0.9471353582128483,0.9623824451410659,0.9162673470024436,0.938768815466609,0.9604535056538152,0.9761356843815903,0.9675743567407264,0.8959207482435987,0.9534886050081051,0.9675743567407264,0.9495194495442563,0.995067487912588,0.968354383009318,0.9672708404642685,0.9004665216997627,0.9457879562525048,0.9562880686171875,0.9469990271543745,0.8759261216754275,0.9093850586945161,0.9719050365344921,0.9607848936032957,0.9783779352946236,0.9719050365344921,0.9548710823073729,0.9684459109141506,0.9562880686171873,0.9521375655065456,0.9660244666247457,0.9562880686171873,0.9433718940682516,0.9883075851106065,0.964040252388596,0.9592404230051592,0.8646812957157788,0.9577431256853026,0.9548710823073732,0.8894843969696307,0.871246871576457,0.8107729257629093,0.9661023720508124,0.9562880686171873,0.9660244666247457,0.9604535056538154,0.9433718940682516,0.9829415896450739,0.921098539831031,0.9457879562525047,0.9577431256853024,0.9919033068160935,0.9748016543159651,0.9919033068160935,0.9562880686171873,0.9748016543159651,0.9841593444361112,0.989405943369801,0.9979359844619955,0.921979895548813,0.964040252388596,0.9970639700164783,0.9592404230051592,0.9660244666247457,0.9672708404642685,0.9562880686171873,0.8929968346358232,0.9380222350786751,0.9657671730030435,0.9967046879593018,0.9783779352946236,0.9868659623160063,0.8843708570014721,0.9534886050081051,0.8880550390243784,0.894125615877095,0.9562880686171873,0.9562880686171873,0.9746202948705038,0.9894170690238606,0.9162673470024436,0.8656041668745098,0.9945578164232356,0.9399417142435167,0.862232927318646,0.9118829898306376,0.9987511985291292,0.8978561483651695,0.9562880686171873,0.9544071893297128,0.9607848936032954,0.9675743567407267,0.8883704299920676,0.964040252388596,0.8421718659231514,0.9562880686171873,0.9562880686171873,0.9036092916075505,0.968354383009318,0.9288643395140765,0.9469990271543745,0.9484030384081927,0.9134191021410443,0.9931284229919284,0.9997376336428517,0.9730833157884573,0.9416753528574542,0.9562880686171873,0.9270730230791455,0.9752363264287462,0.964551177658226,0.7654443735347063,0.7759032349191506,0.9030423464559567,0.970223678284496,0.9291179679746995,0.9577431256853026,0.914718714253747,0.9562880686171873,0.8481241250733969,0.9291179679746995,0.9134191021410445,0.9282564559285413,0.9576237171356043,0.8515631433027541,0.9012778876119152,0.9096184581084206,0.9623824451410659,0.9611758447846426,0.864245586103371,0.9783779352946236,0.9657671730030437,0.9858673317522391,0.99912262812238,0.8978561483651696,0.9607848936032954,0.9548710823073732,0.9920255469531102,0.8360364947494752,0.9761356843815903,0.9322459088752486,0.9675743567407267,0.8766763317110755,0.9675743567407267,0.9675743567407264,0.9606832254354423,0.863628951268833,0.9618517021806039,0.817639286262329,0.9657671730030435,0.9894382119329369,0.9894382119329369,0.9906206863879108,0.9813507987576181,0.9548710823073732,0.8360364947494746,0.9087387818848152,0.9577431256853026,0.9623870526338896,0.9792503453259271,0.9523316440084558,0.9432129412342418,0.9562880686171873,0.9068859994145182,0.8929968346358236,0.9216828222379452,0.9657671730030435,0.9397007289779525,0.9433718940682516,0.9814914270638063,0.9562880686171873,0.9068654210599806,0.8656041668745098,0.9965514935490281,0.9055970488846664,0.8815711740425956,0.8978561483651697,0.9607848936032954,0.9203711802742951,0.936159000349494,0.9636607886920054,0.9276065414570316,0.9942714459947756,0.8994974596049312,0.9675743567407267,0.9942714459947756,0.968354383009318,0.955587210232753,0.9970639700164783,0.8654261869221106,0.9606832254354423,0.9026436295204296,0.8176392862623298,0.9719050365344921,0.963945973463813,0.9167714410425667,0.9531174117707755,0.9659153135818216,0.8559043354450988,0.9562880686171873,0.8904980283501738,0.9188331228609052,0.9333065093925879,0.9562880686171873,0.8981226977544042,0.8456829831262228,0.964040252388596,0.9445623805946022,0.9548710823073729,0.9025277748860163,0.8266313169822588,0.9543462946456163,0.9486338396414328,0.939984527637433,0.9942714459947757,0.8719227385629409,0.9562880686171873,0.895920748243598,0.9562880686171873,0.964040252388596,0.9580186848345917,0.9403760806317427,0.9675743567407267,0.8446785966772914,0.8950048614873412,0.991545896452954,0.9333065093925879,0.9562880686171873,0.9418890352294473,0.954879537211281,0.976776185955968,0.9026976644887872,0.9270730230791457,0.9607848936032957,0.9354577472990953,0.9059081043309062,0.9727347845851518,0.9494976475473857,0.9208405709354626,0.9727347845851518,0.9333065093925879,0.9607848936032957,0.9013784409842849,0.9727347845851518,0.9675743567407267,0.99912262812238,0.9577431256853026,0.9813875979308577,0.9548710823073732,0.9591464247864105,0.9433718940682516,0.968836846578246,0.9270730230791457,0.9942714459947756,0.8797031317561453,0.939897739160851,0.9548710823073729,0.8623126901075596,0.8991627522526419,0.9333065093925881,0.9153141563577833,0.9067422366276938,0.9716656682171856,0.9210985398310312,0.939897739160851,0.9577431256853026,0.9592404230051592,0.9153141563577831,0.9653967881313257,0.8959207482435988,0.9931284229919284,0.9581074754130983,0.9607848936032954,0.9623824451410659,0.9672383133230027,0.9365495543873186,0.9674864328965502,0.8703525226203911,0.989405943369801,0.9792036529152424,0.9457709851868579,0.9343769343025807,0.9562880686171875,0.9705073606843561,0.9891520826002305,0.9731307655897723,0.9143648077845039,0.9405663333654315,0.9623824451410659,0.9808531012828583,0.9697201927784762,0.9410406098239259,0.9521375655065456,0.9365495543873188,0.9128943694267472,0.9976148218819988,0.9799393170793435,0.9482479709168004,0.9958240227045544,0.9548710823073732,0.9787154357203143,0.9868456804740641,0.9592404230051592,0.9577431256853026,0.9368056844674395,0.9376530086096913,0.9592404230051592,0.955587210232753,0.9353528400533938,0.9834551867967747,0.9534886050081051,0.8326881763485999,0.9081438960381265,0.9965514935490281,0.9606832254354425,0.9592404230051592,0.9414438050735925,0.9433718940682516,0.9623824451410659,0.9254429110923992,0.942198331919694,0.9645511776582261,0.9657671730030435,0.8985986666492832,0.964040252388596,0.9574054602700126,0.9623824451410659
p98_I,0.7752573312180222,0.8630023626964598,0.7534259911072598,0.8326030443854686,0.858173483507684,0.7797528582489327,0.9167516631615648,0.9050289766374069,0.8498064018984959,0.8660229158723234,0.873011783414986,0.8233788637195054,0.8233788637195056,0.6285957089347698,0.8984178149529148,0.8935143235557133,0.8906557158215929,0.6897005163091405,0.8957434736985352,0.9140775063776232,0.64086642484642,0.936049244564626,0.9558177669557593,0.8949399014301702,0.9461370237938854,0.9721438786590073,0.7288392118139059,0.7955580363265204,0.8407776471276047,0.8910597380665377,0.9803892474692637,0.8788191408694401,0.7449053002842138,0.9191442393001709,0.858173483507684,0.8257456842344684,0.8346191856858272,0.8238915917771293,0.8730956945148616,0.747080681892075,0.5635914236562894,0.7967010924865674,0.9502404605673516,0.7813311225859185,0.8367168811523636,0.5677848766862441,0.9028184736650844,0.851608393460721,0.8358337105628656,0.6516583495331278,0.9111145228116424,0.5011986717559311,0.9721438786590073,0.8024341677705475,0.9128207699131587,0.8681646558639781,0.8244616023747209,0.8289245259008584,0.9931010370000521,0.9286248363783871,0.8955602318705576,0.9542238048123102,0.9376812933324992,0.9175146548037791,0.7444874455967883,0.8486674946115655,0.8305224216507391,0.7222109851106646,0.7211443264748854,0.929262052641298,0.640536075849147,0.9023984820659586,0.9166713987213371,0.6369747859078037,0.8289245259008584,0.8671715963825359,0.9113782654864107,0.8751422028663822,0.6374585468921603,0.895470007327668,0.8730117834149858,0.7785858077977024,0.9723583251329188,0.8475064653240049,0.8289245259008584,0.6547497998035585,0.8867072864081954,0.7476472697588843,0.773104075342145,0.8233788637195052,0.8289245259008584,0.5283227686468668,0.5359186424026273,0.8420619708397894,0.8578153290479822,0.8346303009047236,0.5138598449569571,0.8449810429795404,0.6120777472737247,0.6464536649611059,0.7807585488854636,0.8478242765918373,0.7030921523899178,0.7963645666952915,0.9712876449287761,0.8592642631772309,0.7603173895009223,0.6327998709168574,0.8119546298801457,0.6843368752459664,0.5716104994026556,0.9342186777459942,0.7818657698995852,0.7971697452841198,0.840479161229315,0.7473179942963113,0.8630023626964599,0.8942631579092644,0.7797528582489325,0.7306296198039464,0.8746275887164432,0.5785606532266654,0.6558470082027228,0.896632356015409,0.9827687073367456,0.7427514373068309,0.89493990143017,0.7714525386181856,0.8071506698658288,0.7526714876460534,0.7326495971472633,0.8716488174471995,0.7982270397085367,0.8730956945148611,0.7018697944792919,0.5932592435834287,0.713140516343441,0.7659316577663349,0.8788191408694399,0.817968259522398,0.7199995199509794,0.8660229158723232,0.8357274121306635,0.5857386839297742,0.6251653003746422,0.808724671705026,0.8495405453403884,0.6149471505240491,0.7869659175862753,0.43775662383137537,0.7674777878775869,0.701249963214809,0.8906970602968891,0.8223998260092016,0.9274085674773459,0.9422837177601582,0.763439379367487,0.6485609483797127,0.7125467106524419,0.6251422729223377,0.9133754675401449,0.8478242765918376,0.7785858077977024,0.46043256396537213,0.7812880472485186,0.5308184855286384,0.8557570070996647,0.8163937316187826,0.8874451522233691,0.70756749171648,0.955007445655888,0.9939036943724282,0.9992738163317496,0.9178516281543239,0.7688020989400559,0.6465926316490805,0.8957434736985351,0.7533108208788919,0.8711022574881679,0.7266546168454538,0.8321335875718177,0.9090189669212458,0.9118677093532351,0.8802204739371464,0.8046425333208371,0.6952787585239739,0.7306296198039466,0.8054181557833537,0.8024341677705477,0.9882010927154998,0.8732965479503922,0.9540652225309976,0.670080727666702,0.6566960259725945,0.7719082427259902,0.8289245259008584,0.8346191856858272,0.850062009909633,0.6988055604567411,0.802892791328484,0.8767615719935222,0.9086412790459668,0.8289245259008584,0.8372020825997437,0.7195812586250965,0.9026728454973323,0.8289245259008584,0.793048607512131,0.9431012098818203,0.8049554513642714,0.7264145198309934,0.7245791633340495,0.693467449430547,0.8289245259008584,0.7083862724466484,0.8289245259008584,0.8123584390123284,0.6810347915149615,0.6447930674102158,0.8289245259008584,0.9962644545687964,0.8289245259008584,0.7867129680529193,0.9562941208791262,0.6462967960677548,0.7646324911377732,0.7231456517202983,0.5305274894055922,0.8179682595223978,0.9795585447766093,0.7925699855750057,0.804142080206922,0.8292362438657113,0.938823104588144,0.7336362758241325,0.7285621140487315,0.6958893677749218,0.7243260125973852,0.8809809410204809,0.7526714876460543,0.924058237658244,0.8126806934976472,0.454343000704872,0.8732965479503925,0.8289245259008584,0.7412529058348387,0.8289245259008584,0.7003244574893839,0.6950823178702215,0.8788191408694401,0.7990564356667831,0.5305274894055924,0.8647795435579986,0.8048636374104468,0.9703278584264823,0.45471890294737993,0.9506960069819718,0.715249559630533,0.840479161229315,0.4835950775304224,0.8338017280424871,0.5826726692121218,0.8233788637195052,0.9198988420720091,0.0,0.8730956945148616,0.43873355106307166,0.6093296893533595,0.8425402875730432,0.985116990261247,0.51980265851437,0.9111145228116426,0.5846573881491262,0.5318608133219069,0.741683972287605,0.8592642631772309,0.6713105076741446,0.8747300852941294,0.8019036880455422,0.8695552258159851,0.8592642631772309,0.9787431500666026,0.706246764253244,0.9794170442286302,0.6899653230816489,0.751000110205189,0.7231456517202983,0.8840671078200977,0.6040898250727607,0.9562889805923847,0.9028184736650844,0.8166546203739525,0.45377307161821245,0.8607445789665018,0.5614163950744542,0.6766704992277781,0.8269959582702515,0.9984601962744015,0.8607445789665017,0.7615900676035706,0.769268939059773,0.850062009909633,0.7982270397085369,0.5996252120171,0.7578564972380724,0.9725029014633766,0.6805159103889822,0.7763116512366677,0.6112552682485068,0.7131776381854043,0.6567866304672503,0.8003613463406463,0.755340034919403,0.7886829218826572,0.5053641246773264,0.8774275767526136,0.8324299317930792,0.7674777878775871,0.9978597004520633,0.7336285154224771,0.815305027377841,0.9963274423187385,0.8289245259008584,0.9597039494195478,0.9484380790612901,0.622069395302772,0.8592642631772309,0.9534602133051293,0.9208338903011105,0.8289245259008584,0.8845271337779361,0.8592642631772311,0.7797528582489324,0.9185462392082979,0.6777799638883262,0.6153606460628236,0.8788191408694406,0.5962069094848759,0.5210547028728849,0.8493736852634981,0.9654782975751013,0.4168323222966748,0.8716488174471997,0.9978597004520633,0.5756010927117274,0.9053767737806993,0.9551534283760554,0.9888128435935966,0.5369709410570143,0.6633189905565204,0.5534627985875695,0.9985333851600511,0.8517996688283256,0.8621801313670564,0.8269959582702517,0.5913915432994161,0.5829295057269359,0.44150545471517755,0.8289245259008584,0.7275775495142118,0.8587960189218706,0.6521024065849579,0.8977123534238365,0.8660229158723238,0.6134480137760834,0.8289245259008584,0.8289245259008584,0.7869659175862751,0.8150534616876621,0.5254158671543331,0.8289245259008584,0.8041277175025962,0.7030921523899177,0.7510001102051893,0.7812880472485185,0.6692730725030946,0.9663327708513568,0.5955908921217321,0.8126943491735495,0.5302636519121937,0.6035891066770254,0.8289245259008584,0.868017253006838,0.5885576407981962,0.5614558430538978,0.6458476075597421,0.8878167386759421,0.7299525577637738,0.9339881298829691,0.5401543429563327,0.8289245259008584,0.4335138463298468,0.8700501723261287,0.8465138832911392,0.658978371273715,0.9251002593023416,0.5097721012341626,0.8238915917771299,0.8289245259008584,0.7326315587513783,0.6462466582750495,0.8289245259008584,0.9498078229802212,0.876073625802924,0.7042739269787229,0.43211414981807517,0.561663580730265,0.8289245259008584,0.8647237194918276,0.9019322497428719,0.8451715592961491,0.9256216629514912,0.8927627400677565,0.7942809482758868,0.8709319495356762,0.6733049793954468,0.8716488174471997,0.8247871856841666,0.8049554513642714,0.932076989134909,0.6959619924178435,0.7627535774797208,0.723544801401385,0.8542560104774404,0.8465237589272379,0.6671568093070187,0.8289245259008584,0.8257456842344684,0.5274219432889722,0.9189346132034755,0.898196384786849,0.8205884265357677,0.817968259522398,0.8830494579316646,0.89393759346463,0.8456324037363956,0.9003268042382456,0.7908390252103973,0.9144736657015357,0.7899730041163433,0.6984053753606643,0.8592642631772311,0.6713178299253668,0.8660229158723243,0.8281698192730857,0.9320769891349091,0.7343991725870143,0.7386814119389036,0.8041277175025958,0.9162524716302357,0.834050806506226,0.9624504119633397,0.8425402875730432,0.7880233700953357,0.9826043620267384,0.9101635890276071,0.9627825689719904,0.9343681420012785,0.9818395825535305,0.7552679275498626,0.8465365244312286,0.873011783414986,0.9777323068038088,0.6621849779554076,0.7609974146818941,0.707061043246342,0.9715639678254366,0.8340494995741907,0.7767570148581107,0.7593822847131335,0.8250102279890206,0.8779967882982906,0.4469415974071178,0.998934790274302,0.829986475969585,0.8016923477411808,0.9426409567767191,0.863965524205383,0.7854849641560682,0.8218351185815364,0.8764897608949531,0.6547497998035585,0.7791225756412306,0.8942631579092644,0.8943721699387815,0.8446039687848945,0.8451715592961493,0.9349925724155432,0.6749003771446771,0.7288392118139075,0.8788191408694404,0.8942631579092644,0.7709970188346265,0.5117600897628312,0.6962086670831449,0.9654828892636078,0.8355714749746495,0.6245385187936789,0.9368094801873079,0.8126806934976472,0.46900313375908653,0.8289245259008584,0.852776099605769,0.8289245259008584,0.8289245259008584,0.6079167263558785,0.7830336770148896,0.5846035294046281,0.8289245259008584,0.5108169633157892,0.6122545560438946,0.8288433765403603,0.7559831103203798,0.8071940170099892,0.7151111556743803,0.7331583155714978,0.775731685290824,0.620274237252548,0.8338344784202447,0.9610854286276962,0.8863374708388887,0.9560868551767852,0.6412993463142528,0.6945615597826325,0.7919362416980904,0.9128207699131585,0.90096069216439,0.657856619455885,0.8116101880630286,0.6898067422247017,0.8716488174471997,0.7239392926393359,0.8419119437314357,0.8365853468216276,0.9795585447766094,0.7608075220732644,0.8848826188750346,0.8602310921149672,0.8067744548357398,0.8103525048344353,0.8404791612293148,0.8419119437314362,0.7732961619759445,0.8991007777914537,0.7264145198309935,0.5957460164005892,0.9434099047538445,0.7466087313840509,0.8126806934976476,0.8717377643051716,0.577398795132375,0.8639922800834697,0.511267195478772,0.9511300319055311,0.8568976243014226,0.4360097747542724,0.6982770167162735,0.775731685290824,0.5475695011506171,0.7633523910171192,0.9011773472094529,0.832579120560605,0.8289245259008584,0.8465237589272379,0.911036346865636,0.8874224411145106,0.6103146925176337,0.792569985575005,0.9009606921643898,0.8449885657685943,0.627431536492254,0.8845954334932088,0.5701961996621729,0.8407776471276049,0.5616836009291764,0.898196384786849,0.6647141889407173,0.8456324037363956,0.9028778832700428,0.6848910434950131,0.7712542067645285,0.7086321670541829,0.835013141953024,0.82318754680201,0.5297728240061965,0.6528601338674709,0.7813921822843588,0.6273920402065014,0.6665176715052861,0.8311577467595634,0.8407776471276047,0.8009920159983039,0.8346191856858276,0.6677762854232188,0.8964074133867741,0.8010005068488366,0.8233788637195052,0.5141354063511778,0.496739249847303,0.8954700073276677,0.7583120144834603,0.9725029014633767,0.73258246880749,0.8772534171459853,0.7449069566486779,0.7540981634043018,0.8547539102884816,0.8603362991453394,0.9409554047545026,0.724034594635204,0.9370620841547874,0.9111145228116422,0.818325241275178,0.8289245259008584,0.8250305119561787,0.5553940722151043,0.6294863886194499,0.6521024065849579,0.8289245259008584,0.760515122088181,0.38786763901521215,0.8778956619927623,0.8734045114756084,0.8374171362039992,0.6087167766684358,0.903895612004979,0.9546812895016907,0.8994956921674262,0.9277940693514892,0.6604729608700821,0.5690116504408236,0.8863374708388891,0.7070866228693913,0.8463131291193493,0.9413332452454919,0.6379534011994913,0.8954700073276672,0.7990564356667826,0.6840771446256484,0.8568976243014226,0.9402093172040735,0.868164655863978,0.790839025210397,0.8778058091838987,0.8181286413215533,0.8942631579092648,0.8289245259008577,0.841911943731436,0.47102581710978697,0.5743174578258767,0.8517996688283256,0.8305224216507392,0.8396501108322616,0.8517996688283256,0.8233788637195052,0.8250305119561785,0.8289245259008584,0.8396501108322616,0.7586488152980316,0.8289245259008584,0.6619964065585036,0.7927374275055945,0.8942631579092644,0.8716488174471997,0.9198988420720091,0.8647795435579988,0.8233788637195052,0.5141354063511778,0.7723654268775431,0.8067744548357401,0.6908736533879782,0.8289245259008584,0.7068691900341391,0.8166546203739525,0.9651288497804209,0.6070411100612554,0.7696105434917438,0.7907467895024353,0.7732961619759443,0.8119546298801459,0.9807269012238725,0.9461370237938854,0.9166713987213368,0.7336285154224775,0.680834995034221,0.9385108017423363,0.7223324343566127,0.8499576014945192,0.9657412631626018,0.6583276532212848,0.8716488174471997,0.8137655889677051,0.6950387884648994,0.8289245259008584,0.9663327708513568,0.84647699279206,0.8660229158723236,0.40872916684438076,0.866619528166876,0.9255114056101086,0.6804464223598394,0.817968259522398,0.5730663580230371,0.5760108534767725,0.8289245259008584,0.8289245259008584,0.7671687812580439,0.8627504070084369,0.655368453685413,0.6263061708361641,0.6403392931876248,0.4449099439916775,0.6223216010225164,0.6162653132628793,0.7219873591054384,0.701924655304311,0.8289245259008584,0.7667179306807324,0.8465237589272379,0.8730956945148616,0.39211266597607175,0.8592642631772309,0.6666118519591984,0.8289245259008584,0.8289245259008584,0.5648454394585434,0.8200879828172238,0.6549092757459345,0.936049244564626,0.48312035699157363,0.6478588596437866,0.9067163900117081,0.9139504732212262,0.6659635993431523,0.4539743361501388,0.8289245259008584,0.5046525956344536,0.6037512888500602,0.89493990143017,0.929262052641298,0.851794444543299,0.9388276128002035,0.9551534283760554,0.5185426290466787,0.8346191856858274,0.8464295502599802,0.8289245259008584,0.5850468058453502,0.8493314723133869,0.8802434988262273,0.7984357701294069,0.6694088404481482,0.8024341677705478,0.7849134742101422,0.5578635937711611,0.9198988420720091,0.9813596820098153,0.6912222550115905,0.8935889455014907,0.8407776471276054,0.8613859524384828,0.7917942226420207,0.5998023221752926,0.8465237589272379,0.8233788637195052,0.7602364522834757,0.9351716034343645,0.7902971789881053,0.8557274343374224,0.8730956945148611,0.733168262317375,0.9116680775411066,0.9116680775411063,0.8450017406933337,0.7506252727699232,0.8316421357269073,0.858173483507684,0.804127717502596,0.9607202236428414,0.8172409646532204,0.5957521243311408,0.7449053002842145,0.851799668828326,0.8477654964558503,0.8219565586867348,0.8346191856858272,0.5876276531232218,0.800421517168922,0.8312589683693807,0.7976192746103843,0.8289245259008584,0.4961651654382391,0.9751693139349902,0.51834851413709,0.8660229158723234,0.9342186777459942,0.9649175094760598,0.6971510830006664,0.8289245259008584,0.5575211232266934,0.44869620115973163,0.801692347741181,0.5490761128089712,0.6369747859078037,0.5870370305341641,0.8465237589272379,0.5558853977273563,0.7075674917164798,0.8292889933235158,0.6158344080549827,0.6946692109264081,0.61840264787571,0.8954700073276679,0.7896323222098084,0.820087982817224,0.8917178741302609,0.8358337105628657,0.6295228917144131,0.792971075018817,0.4660882105634998,0.828924525900858,0.8517996688283256,0.7217360011118494,0.48385798979541506,0.9703367103220345,0.5238143573725536,0.5064265698645483,0.8289245259008584,0.53909091866852,0.6679922004369703,0.6693971760249096,0.8289245259008584,0.6734254064964029,0.955535410931985,0.8592642631772309,0.78303367701489,0.8233788637195052,0.6816616870928769,0.8368816366462676,0.9474428702017896,0.9118677093532352,0.9133935462807757,0.9083362113140592,0.45556609638128587,0.8289245259008584,0.8636524082737382,0.8289245259008584,0.8592642631772309,0.6426718581430721,0.7648923098048497,0.8730956945148616,0.9002719155027572,0.6664499164374289,0.872504074648679,0.8530037779305386,0.8289245259008584,0.6707769845766548,0.667761509352214,0.9444342947235554,0.7291185731076995,0.8664690678824124,0.9757052866960474,0.8966323560154085,0.7844982648354768,0.7763116512366663,0.8010005068488373,0.519028606687661,0.7763116512366663,0.9142059785657484,0.7336362758241326,0.8269959582702515,0.7763116512366663,0.8730956945148616,0.8249627583218822,0.9251002593023416,0.7804143385745794,0.7218882545393674,0.8258256543716627,0.6853142868063433,0.9946080151719673,0.9616839290002958,0.87799678829829,0.9179482058676551,0.8535306890893677,0.8233788637195054,0.841911943731436,0.7996075959232463,0.7714008437502594,0.561635271541673,0.7668030477751635,0.8136554424059619,0.679746166748598,0.7692689390597727,0.8346191856858272,0.840479161229315,0.9764847970468593,0.7546552523268166,0.7775244447977974,0.7703037469535159,0.9955887735352997,0.8465237589272379,0.852776099605769,0.8398942339775999,0.9639567951849193,0.8202992520772756,0.8587960189218709,0.9777323068038091,0.8055729718701987,0.776801181365707,0.9498078229802212,0.858173483507684,0.9382970840187572,0.5267075802279642,0.9574387722486126,0.8685864860167187,0.9689275341111949,0.94585567299551,0.7617133169963854,0.8493235253919915,0.9946875856611308,0.8097474638177498,0.9511300319055314,0.9343681420012785,0.8013996776741121,0.8282463233802261,0.9255114056101086,0.8509226866716568,0.8355714749746492,0.962963385160149,0.9409925837787817,0.7543153079381832,0.9251002593023416,0.7737294559115864,0.9713123626186633,0.8166546203739526,0.8907573884199321,0.7519025017814065,0.995731963251596,0.7947337214816378,0.9286248363783871,0.7100700680280225,0.9884467300282606,0.5346927255894636,0.9725029014633767,0.6790284834099312,0.9649175094760598,0.852776099605769,0.817180519679354,0.8136657492783896,0.8336168777202873,0.8660229158723234,0.9667408173572691,0.8942631579092646,0.9804404662064103,0.852776099605769
p98_S,0.8163516728240249,0.9564866901437921,0.9197374370356892,0.9425114327004687,0.9623211158059548,0.9720496894409938,0.8722678885791351,0.8487307132759605,0.9286491105644255,0.052790958159659174,0.9553906988562066,0.9610996995613952,0.9610996995613952,0.9425114327004687,0.9336842693103169,0.6712114107412733,0.9587434581480645,0.9491780856091547,0.9690033562225548,0.9704919301607371,0.9165661374366312,0.9543141322095119,0.9522137875062906,0.2326540051734195,0.953255582527178,0.949178085609155,0.9587434581480645,0.9380163966266193,0.9704919301607371,0.8323106849540625,0.9443657603723177,0.9661972965770262,0.9576036838348736,0.9397924012017989,0.962321115805955,0.9690033562225546,0.9635753483468394,0.9576036838348734,2.220446049250313e-16,0.9481929520311925,0.9253688519211307,0.9501760208500689,0.9720496894409938,0.9354001807590555,0.9587434581480645,0.8868389261885843,0.9648659912110238,0.9261840328635953,0.9481929520311925,0.919737437035689,0.17313387011495374,0.8884227473641775,0.949178085609155,0.9564866901437918,0.9576036838348734,0.9472198404849024,0.47043906619852216,0.9623211158059548,0.8059290360431437,0.9599080294518356,0.9303105872741886,0.8747439046690526,0.9491780856091547,0.6254873296405832,0.9675743567407267,0.8697688980991498,0.9661972965770262,0.7384277708626144,0.8292427453148619,0.9690033562225548,0.9415972144812144,0.9481929520311925,0.9623211158059548,0.782593546960169,0.9623211158059548,0.9157773781681393,0.9543141322095119,0.9553906988562064,0.8689304945061074,0.9720496894409938,0.373442088480355,0.9511876099263499,0.9453068780840739,0.949178085609155,0.9623211158059548,0.9389009867184679,0.9543141322095119,0.8550872530468148,0.6446941655068895,0.9610996995613954,0.9623211158059548,0.919737437035689,0.7768546873095724,0.8923606027185707,0.9453068780840739,0.9261840328635954,0.9181483053976589,0.9165661374366314,0.7907939939476721,0.8655480930335329,0.9472198404849024,0.9648659912110238,0.962321115805955,0.8947109826062527,0.9040598105946911,0.9690033562225546,0.931147340525424,0.814096311765173,0.9532555825271782,0.7797528582489333,0.9079504174811017,0.4390189014229985,0.8568667102675334,0.9328339505740528,0.9648659912110238,0.8392586329331393,0.9564866901437921,0.09827945374704128,0.9720496894409936,0.8947109826062527,0.9354001807590553,0.6712114107412732,0.9532555825271782,0.49760595730153656,0.949178085609155,0.8185746204202071,0.9635753483468394,0.8970542565865081,0.9610996995613952,0.9371382816751241,0.905615332194182,0.9648659912110238,0.9661972965770262,0.9720496894409938,0.9587434581480645,0.7564255978266243,0.6884383316939826,0.9661972965770262,0.966197296577026,0.9599080294518356,0.8550872530468148,0.9704919301607371,0.8697688980991498,0.9048375041252172,0.6650004003137481,0.9336842693103169,0.9205349146293753,0.7614076267185659,0.9481929520311925,0.8440565830183069,0.9704919301607371,0.9303105872741886,0.7384277708626144,0.9118525638325776,0.9661972965770262,0.9481929520311925,0.9221363294762477,0.9362663130722397,0.7364958146357469,0.9149900225490741,0.804725297579278,0.9648659912110238,0.9511876099263499,0.8094833764446487,0.9237472579920247,0.9380163966266191,0.7284947426457362,0.9253688519211307,0.9453068780840739,0.7564255978266244,0.9425114327004687,0.9610996995613954,0.9472198404849024,0.8828532941996561,0.8915752582995884,0.9095092958001549,0.9690033562225548,0.7086694248546104,0.9406910117203195,0.9157773781681393,0.5730196105622355,0.9173564091624518,0.9472198404849024,0.9610996995613952,0.8954927753294004,0.8915752582995886,0.8947109826062527,0.6171066867295263,0.956486690143792,0.9434341193662401,0.3028451788013694,0.9286491105644257,0.8680892785394447,0.8207663324301318,0.5989303185983939,0.9623211158059548,0.23265400517341905,0.9599080294518358,0.6213514278373327,0.8780124908814337,0.9197374370356892,0.9610996995613952,0.9623211158059548,0.9025045192170253,0.8440565830183069,0.052790958159660284,0.9623211158059548,0.7738965054378302,0.9371382816751244,0.9157773781681393,0.8939283999593045,0.9294779121965995,0.9610996995613952,0.9623211158059548,0.7384277708626144,0.9623211158059548,0.860380696433722,0.8804415508981578,0.8780124908814337,0.9623211158059548,0.8970542565865081,0.9623211158059548,0.8722678885791348,0.931147340525424,0.9380163966266191,0.907950417481102,0.9648659912110236,0.8353231768642491,0.9599080294518356,0.9522137875062906,0.38820664002303085,0.9303105872741888,0.8459404597981655,0.9397924012017989,0.9661972965770262,0.9253688519211307,0.655181592999205,0.9278239868212359,0.9237472579920247,0.9371382816751241,0.9371382816751241,0.3225241548524257,0.9149900225490741,0.9599080294518358,0.9623211158059548,0.9278239868212359,0.9623211158059548,0.8586309929616845,0.9371382816751241,0.9661972965770262,0.9462580354121288,0.8353231768642491,0.23265400517341916,0.9362663130722397,0.953255582527178,0.9205349146293753,0.9553906988562066,0.8970542565865081,0.20446565813531903,0.9048375041252172,0.9048375041252172,0.7581058089268597,0.9610996995613954,0.9675743567407267,0.8730956945148616,0.0,0.8763826688608698,0.7738965054378302,0.9501760208500689,0.9040598105946913,0.9071717080147699,0.9661972965770262,0.7512620045838893,0.8140963117651734,0.8353231768642491,0.9690033562225546,0.8730956945148616,0.9362663130722397,0.9511876099263499,0.9270023539448382,0.9690033562225546,0.8900013566415692,0.7972905325104861,0.9675743567407267,0.9245566463845687,0.9425114327004684,0.9648659912110236,0.9397924012017989,0.8047252975792779,0.9599080294518356,0.9648659912110238,0.9648659912110238,0.8505681838601363,0.9690033562225548,0.8129560940834343,0.8923606027185707,0.9149900225490741,0.8844523283713124,0.9690033562225548,0.962321115805955,0.9481929520311925,0.9599080294518358,0.9661972965770262,0.8094833764446488,0.6295192456385066,0.9648659912110238,0.9481929520311925,0.9380163966266193,0.8629791856785534,0.5838625198609824,0.6742237505107236,0.8804415508981578,0.8459404597981652,0.7708756350468666,0.9490060614215786,0.9704919301607371,0.9286491105644257,0.9704919301607371,0.9397924012017989,0.5553683337996577,0.9328339505740528,0.9648659912110238,0.9623211158059548,0.966197296577026,0.6127479292908626,0.949178085609155,0.9690033562225546,0.9675743567407267,0.9610996995613954,0.9623211158059548,0.953255582527178,0.9690033562225548,0.9720496894409938,0.9336842693103169,0.8689304945061069,0.9511876099263499,0.9661972965770262,0.7738965054378302,0.8730956945148616,0.953255582527178,0.9576036838348736,0.8820512005878682,0.20446565813531903,0.9397924012017989,0.8603806964337217,0.9564866901437918,0.9336842693103169,0.9720496894409938,0.8392586329331393,0.9397924012017989,0.830271740571741,0.9587434581480645,0.9610996995613954,0.9415972144812141,0.9149900225490741,0.8047252975792779,0.8577507109035436,0.8655480930335331,0.9623211158059548,0.8915752582995884,0.542540721071606,0.9406910117203195,0.9389009867184677,0.9704919301607371,0.7564255978266244,0.9623211158059548,0.9623211158059548,0.4604921211524192,0.6082696266282197,0.8954927753294006,0.9623211158059548,0.9704919301607371,0.962321115805955,0.9425114327004686,0.9237472579920245,0.8207663324301318,0.962321115805955,0.9434341193662401,0.9543141322095119,0.8755644359298407,0.8577507109035436,0.9623211158059548,0.9118525638325778,0.9380163966266191,0.8312943488564513,0.8292427453148619,0.9434341193662401,0.9032821743004193,0.9648659912110238,0.81522811957198,0.9623211158059548,0.8496516619740198,0.9491780856091547,0.8954927753294006,0.8739210119869605,0.9635753483468394,0.8747439046690526,0.9576036838348734,0.9623211158059548,0.9229405345355657,0.8550872530468148,0.9623211158059548,0.9434341193662401,0.8163516728240249,0.8828532941996561,0.8629791856785534,0.8094833764446488,0.9623211158059548,0.8363155310118788,0.8931449617140896,0.9675743567407267,0.8900013566415692,0.8629791856785535,0.931147340525424,0.9319883865480127,0.9229405345355657,0.9648659912110238,0.9245566463845687,0.9157773781681393,0.9522137875062906,0.7440708737294037,0.9063933734589966,0.9040598105946911,0.9522137875062906,0.966197296577026,0.9491780856091547,0.9623211158059548,0.9690033562225548,0.9270023539448382,0.7985559379258652,0.9553906988562066,0.9462580354121288,0.9599080294518356,0.8505681838601363,0.9635753483468394,0.9599080294518356,0.9553906988562066,0.962321115805955,0.9564866901437921,0.9102896363632478,0.9286491105644255,0.9690033562225548,0.7547252233507542,0.9704919301607371,0.9564866901437921,0.9522137875062906,0.8106497905453541,0.9543141322095119,0.9704919301607371,0.8118073077748235,0.9380163966266188,0.919737437035689,0.9501760208500689,0.9543141322095119,0.9278239868212359,0.9648659912110238,0.9397924012017989,0.6254873296405832,0.9087295850935582,0.9511876099263499,0.9253688519211307,0.9553906988562066,0.9443657603723177,0.8812473067855704,0.8343249892961567,0.9294779121965993,0.9587434581480645,0.7972905325104862,0.9189419416378726,0.5138109736953936,0.9511876099263499,0.9522137875062906,0.8646949616010218,0.9553906988562066,0.8900013566415693,0.9511876099263499,0.9371382816751241,0.846875198060719,0.9648659912110238,0.8852493927538772,0.8680892785394447,0.9389009867184679,0.9253688519211307,0.9690033562225548,0.860380696433722,0.6517640413322651,0.9675743567407267,0.9380163966266191,0.9587434581480645,0.9587434581480647,0.9661972965770262,0.09827945374704128,0.9443657603723179,0.870604554931679,0.9354001807590557,0.9610996995613954,0.9610996995613954,0.8689304945061074,0.594056195181146,0.9587434581480645,0.9048375041252172,0.9623211158059548,0.9675743567407267,0.9623211158059548,0.9623211158059548,0.8655480930335329,0.41509675907699617,0.9397924012017989,0.9623211158059548,0.8022882727652556,0.7677892378256611,0.9371382816751243,0.9469265748682146,0.9568784918748878,0.8559789162214919,0.6082696266282197,0.6127479292908633,0.8812473067855704,0.3407372836322805,0.6681377289013237,0.9675743567407267,0.9389009867184677,0.830271740571741,0.8931449617140896,0.9443657603723177,0.9576036838348734,0.3028451788013702,0.8250605217364744,0.9675743567407267,0.9229405345355657,0.9648659912110238,0.9261840328635953,0.3882066400230294,0.9501760208500687,0.9522137875062906,0.8876315196146518,0.9434341193662401,0.9303105872741886,0.9522137875062906,0.9406910117203198,0.9648659912110238,0.9543141322095119,0.9635753483468394,0.9362663130722397,0.8939283999593046,0.8812473067855704,0.9661972965770262,0.8939283999593046,0.322524154852428,0.8363155310118788,0.9181483053976591,0.9610996995613952,0.8312943488564515,0.9453068780840739,0.9720496894409938,0.8559789162214919,0.8860449046541112,0.6127479292908626,0.8541916441056754,0.9543141322095119,0.5940561951811458,0.9126353343364841,0.9623211158059548,0.966197296577026,0.9380163966266193,0.962321115805955,0.8970542565865081,0.9543141322095121,0.9599080294518358,0.9453068780840739,0.8747439046690526,0.9522137875062904,0.8071231748299155,0.9704919301607371,0.846875198060719,0.9553906988562066,0.9009488545209481,0.9599080294518356,0.9576036838348734,0.7881119119846212,0.9371382816751241,0.9511876099263499,0.8373021566360075,0.9110706954672416,0.8595076304199196,0.7243195312579486,0.9397924012017989,0.7768546873095722,0.8970542565865081,0.9443657603723179,0.9704919301607373,0.953255582527178,0.9635753483468394,0.8804415508981578,0.9278239868212359,0.9205349146293753,0.9610996995613954,0.8487307132759603,0.8820512005878682,0.9720496894409938,0.6884383316939817,0.9648659912110238,0.9389009867184679,0.9380163966266191,0.9501760208500687,0.6171066867295263,0.9443657603723179,0.953255582527178,0.9245566463845687,0.9553906988562064,0.9610996995613954,0.966197296577026,0.9720496894409938,0.9623211158059548,0.5357677250559745,0.9001706985868916,0.8568667102675338,0.9406910117203195,0.9623211158059548,0.9134191021410438,0.86976889809915,0.9303105872741886,0.9425114327004687,0.9286491105644255,0.919737437035689,0.9118525638325778,0.8239977917540982,0.9462580354121286,0.9303105872741886,0.8892126720780513,0.9189419416378726,0.9675743567407267,0.9278239868212359,0.47043906619852205,0.9648659912110238,0.9371382816751244,0.9720496894409936,0.946258035412129,0.9599080294518358,0.9720496894409938,0.9564866901437921,0.9472198404849024,0.962321115805955,0.8828532941996562,0.91420396482916,0.9690033562225548,0.962321115805955,0.3882066400230304,0.8282072461374005,0.8532920118076435,0.9610996995613954,0.9661972965770262,0.9587434581480645,0.9610996995613954,0.9610996995613954,0.9397924012017989,0.9623211158059548,0.3225241548524259,0.5940561951811463,0.9623211158059548,0.9511876099263499,0.9189419416378728,0.9690033562225546,0.9648659912110238,0.9675743567407267,0.9635753483468394,0.9610996995613954,0.8152281195719799,0.8947109826062527,0.9522137875062906,0.7630301393628995,0.9623211158059548,0.931147340525424,0.9648659912110238,0.9511876099263499,0.846875198060719,0.9319883865480127,0.9690033562225546,0.9635753483468394,0.4020609931601544,0.9371382816751241,0.9532555825271782,0.9623211158059548,0.5553683337996579,0.9415972144812141,0.9443657603723181,0.880441550898158,0.9553906988562066,0.9690033562225548,0.9481929520311925,0.9648659912110238,0.931147340525424,0.8828532941996561,0.9623211158059548,0.9623211158059548,0.9126353343364846,0.052790958159660284,0.8796338709830263,0.9587434581480645,0.9553906988562064,0.86976889809915,0.9599080294518356,0.845000951153192,0.8250605217364745,0.9623211158059548,0.9623211158059548,0.9362663130722397,0.8747439046690527,0.9278239868212361,0.8059290360431437,0.7564255978266246,0.8629791856785536,0.8812473067855704,0.8118073077748236,0.9501760208500687,0.7985559379258652,0.9623211158059548,0.9261840328635953,0.966197296577026,2.220446049250313e-16,0.8747439046690526,0.9690033562225546,0.8747439046690526,0.9623211158059548,0.9623211158059548,0.8333208615507239,0.962321115805955,0.827165123861132,0.9543141322095119,0.8939283999593046,0.9253688519211307,0.9462580354121288,0.9253688519211307,0.7723940797883342,0.8892126720780513,0.9623211158059548,0.9371382816751241,0.7934274222916354,0.9635753483468394,0.9690033562225548,0.9157773781681393,0.8035117733343915,0.5785266893944587,0.9389009867184679,0.9635753483468394,0.8954927753294006,0.9623211158059548,0.8714375301735617,0.542540721071606,0.6254873296405832,0.9056153321941816,0.9001706985868916,0.9564866901437921,0.9294779121965995,0.8915752582995886,0.9675743567407267,0.9025045192170253,0.7264223684273604,0.9587434581480645,0.9704919301607371,0.9425114327004687,0.949178085609155,0.8612502633673058,0.17313387011495318,0.9610996995613954,0.907950417481102,0.9472198404849024,0.9371382816751241,0.9415972144812144,0.9720496894409938,0.9371382816751241,0.9720496894409938,0.9720496894409938,0.9278239868212359,0.9406910117203195,0.9229405345355655,0.9623211158059548,0.9704919301607371,0.9543141322095119,0.9543141322095119,0.8755644359298407,0.9576036838348738,0.9610996995613952,0.9472198404849024,0.921334501588241,0.23265400517341916,0.837302156636007,0.9389009867184674,0.8689304945061074,0.852388277575679,0.9623211158059548,0.919737437035689,0.962321115805955,0.8440565830183071,0.052790958159659174,0.9501760208500689,0.9511876099263499,0.8931449617140896,0.9623211158059548,0.8550872530468148,0.8559789162214919,0.4273931164437189,0.8059290360431437,0.7825935469601689,0.7985559379258651,0.966197296577026,0.868089278539445,0.8852493927538769,0.8559789162214919,0.8532920118076435,0.9522137875062904,0.8836536494976579,0.9720496894409938,0.9522137875062906,0.962321115805955,0.9245566463845687,0.9481929520311925,0.8804415508981578,0.6127479292908631,0.8595076304199196,0.9623211158059548,0.9610996995613954,0.8828532941996561,0.8970542565865081,0.9229405345355657,0.8312943488564515,0.847805253721567,0.9623211158059548,0.8218508298411398,0.898613381330402,0.9425114327004687,0.9623211158059548,0.7646343017371665,0.9576036838348734,0.9690033562225546,0.9522137875062906,0.9610996995613954,0.8860449046541115,0.949178085609155,0.9237472579920247,0.9472198404849024,0.9319883865480127,0.9522137875062906,0.861250263367306,0.9623211158059548,0.9462580354121286,0.9623211158059548,0.09827945374704139,0.87638266886087,0.91420396482916,2.220446049250313e-16,0.9453068780840739,0.8532920118076437,0.9294779121965995,0.9425114327004687,0.9623211158059548,0.775383261466575,0.789459159182419,0.8892126720780513,0.9443657603723179,0.9371382816751244,0.9661972965770262,0.9443657603723177,0.5058803956403932,0.9380163966266193,0.9205349146293753,0.847805253721567,0.9380163966266193,0.9425114327004687,0.9661972965770262,0.9149900225490741,0.9380163966266193,2.220446049250313e-16,0.949178085609155,0.9635753483468394,0.9149900225490741,0.9610996995613952,0.5058803956403932,0.9511876099263499,0.919737437035689,0.9371382816751244,0.9522137875062904,0.9362663130722397,0.46049212115241933,0.9610996995613954,0.3882066400230304,0.860380696433722,0.9425114327004687,0.9270023539448382,0.7738965054378302,0.9345395918631998,0.9319883865480127,0.9481929520311925,0.23265400517341916,0.9648659912110238,0.9270023539448382,0.9213345015882415,0.9462580354121288,0.9462580354121288,0.9261840328635953,0.9661972965770262,0.9675743567407267,0.7014067102742694,0.9453068780840739,0.9009488545209483,0.9389009867184677,0.9443657603723177,0.7440708737294037,0.953255582527178,0.9434341193662403,0.9623211158059548,0.8788242050198838,0.9095092958001549,0.9354001807590557,0.9261840328635953,0.7494981288862403,0.9675743567407267,0.9397924012017989,0.6963559225999967,0.949178085609155,0.9587434581480645,0.9453068780840739,0.9253688519211307,0.7062885929790664,0.8218508298411398,0.9553906988562066,0.8844523283713124,0.9610996995613952,0.6771769379830352,0.868089278539445,0.9648659912110238,0.9635753483468392,0.6681377289013237,0.9462580354121288,0.9648659912110238,0.9245566463845687,0.7243195312579482,0.870604554931679,0.9599080294518358,0.9599080294518356,0.7753832614665751,0.9511876099263499,0.9278239868212359,0.9648659912110238,0.732551403531154,0.9511876099263497,0.9675743567407267,0.9205349146293753,0.9501760208500687,0.9635753483468394,0.052790958159659174,0.9149900225490744,0.09827945374704139,0.8655480930335329,0.9675743567407267
p98_V,0.9240966297684233,0.9112558777938657,0.8231943418333463,0.7868456950912961,0.783593713297511,0.8763826688608702,0.8280758283101028,0.877193506086202,0.6153642331809598,0.8694930837030934,0.8788170634534764,0.7712102445476184,0.7425790880051841,0.8073974209651036,0.998273078474655,0.9837907854071211,0.9805466486386119,0.8660694458227569,0.9686832863606913,0.9828221665728859,0.9315219368567726,0.7979426727616277,0.9243487433448528,0.8692863322387208,0.842000725965919,0.7932721517745704,0.8175324891292577,0.6149178463401108,0.906414271134099,0.7557623450661868,0.824172508171173,0.7916225077062018,0.8390151798075167,0.8697930656748796,0.783593713297511,0.9334253536579322,0.8996699165287372,0.945109705409731,0.8763826688608698,0.8826325999391234,0.8227288628986869,0.9643546889603312,0.929327983527297,0.7029897757731061,0.9533776220537196,0.7445757161568054,0.8446109430683049,0.7107347180276313,0.7708702022977243,0.626080256282479,0.8830333887596133,0.8213238353069745,0.7932721517745704,0.9112558777938653,0.8692248747863958,0.9692745478323193,0.7665663698948928,0.8333555867103808,0.6697580061598616,0.8505519961852752,0.6675878917354443,0.8823052905920077,0.8433588856625784,0.9925111151571782,0.8565893759313057,0.6504342621633723,0.8504989784061951,0.9294391672889368,0.9966770900245768,0.8902849828282725,0.8025946580914947,0.9385475638346387,0.9603863440630982,0.6008222625532749,0.8333555867103808,0.800518212151222,0.9783751355463948,0.9689569327632246,0.6295454074238318,0.9929562774279699,0.9041880640840263,0.8780766889292517,0.8008766301048564,0.9114905661431125,0.8333555867103808,0.8473872311681501,0.9719177107442769,0.6577089137041779,0.9801756067921625,0.8279535638583029,0.8333555867103808,0.7746009240200367,0.7357638386820555,0.7679462676222647,0.9291890936388458,0.9471902254062592,0.750006277989586,0.9157046033603256,0.54124254345046,0.5464492343935936,0.8986459110312868,0.9074116486170116,0.8333555867103821,0.8566753942977559,0.6781555994794659,0.8629094882524138,0.7852213103712282,0.5336953192528595,0.7193414573075876,0.7082857574854902,0.8022957438188909,0.9643546889603314,0.5584929168351858,0.7029411263368215,0.8446109430683049,0.5851345851488026,0.859403619276248,0.862909488252414,0.8763826688608696,0.4425794877193352,0.9473559315758452,0.717874603150185,0.8176308472588916,0.7539434773645888,0.9796222466236468,0.4834956521569125,0.8389027479487041,0.8136363999188634,0.8852158769431717,0.9713690206280263,0.47266967209002686,0.8099851764138042,0.8830333887596133,0.9929562774279699,0.84470151571415,0.655028223337379,0.9568771570906137,0.8504989784061951,0.8830333887596133,0.850551996185275,0.7038466505699275,0.8694930837030932,0.46793227600576326,0.8584186720627018,0.7417139348994106,0.611052706775529,0.6831640600601623,0.49610831722897253,0.9273375589956827,0.652394319864678,0.8694930837030939,0.596406647785537,0.722384988534529,0.8690304040404502,0.915567799113032,0.759727727608402,0.7547043012686054,0.8130562387372962,0.8264878644182203,0.6396639613099095,0.61000980600349,0.9702123541657188,0.8780766889292517,0.7692735134826445,0.846875972307072,0.7258618072515546,0.860804608016499,0.8566853133503851,0.9933453254058404,0.8302558802376572,0.8843266909277847,0.8279535638583031,0.8371950066959246,0.7508370805099807,0.6627858081296742,0.8262301029672126,0.9960587809365496,0.9416637674472199,0.9783681396124781,0.70614688516988,0.9358319945437406,0.7291701019837791,0.9692745478323191,0.8857348707173551,0.9138533923136984,0.6865827664794479,0.48462419479831065,0.9528818284651912,0.8075513607586299,0.8955394924309648,0.98989647298154,0.7904150221498887,0.8584569637939794,0.6887587506683954,0.8163480896277338,0.8333555867103808,0.8389027479487043,0.9898964729815398,0.9642939782345645,0.9781064075505828,0.7394648978468681,0.9429971838022233,0.8333555867103808,0.9173404643503871,0.6127379511145192,0.8694930837030936,0.8333555867103808,0.9782730250019971,0.7600561647773876,0.6175252714638374,0.7845765166603247,0.9528148553199034,0.8279535638583033,0.8333555867103808,0.7223849885345293,0.8333555867103808,0.7954079169282737,0.9119914675252561,0.9250164507684798,0.8333555867103808,0.6579342732792537,0.8333555867103808,0.710174790680222,0.8378721832895658,0.8421948095589078,0.8621267004323281,0.8446109430683042,0.587698784376037,0.850551996185275,0.860402838722307,0.8476498264709562,0.9765058885150233,0.7682799276199846,0.8896175805146287,0.8504989784061951,0.7548159619952907,0.8111443851804816,0.7155172599880968,0.9355240636365644,0.8367918260901258,0.7216883341210172,0.9262085954688271,0.7022324747821298,0.7592834687851848,0.8333555867103808,0.8676751253577981,0.8333555867103808,0.5285720990857423,0.7219781213616256,0.8892257387664575,0.9340084728533048,0.5624168832327372,0.8389027479487041,0.5983491204782294,0.7932609685518643,0.7137445883011697,0.9041880640840263,0.49278139959560463,0.8446109430683046,0.6820193513076995,0.8475824600122944,0.7408679071841615,0.8279535638583029,0.8391226973588364,0.43873355106307166,0.8763826688608698,0.0,0.8725137790558354,0.9412654561733835,0.7948280645850261,0.7234613530210956,0.9868289698267129,0.691610482545034,0.813332203482513,0.7296898847548705,0.8629094882524138,0.52456683932672,0.9021399028186036,0.8780766889292517,0.9092519635522961,0.8629094882524138,0.7432793417490793,0.6313354535877636,0.8565893759313057,0.9360369062481699,0.9101560503341408,0.8446109430683042,0.9292666101941274,0.5840774484401499,0.8505519961852754,0.8099851764138046,0.9074116486170114,0.6443612896787745,0.9334253536579322,0.5797660793006023,0.7401770031909449,0.8899380151987906,0.9213378161852361,0.9686832863606913,0.892286463632245,0.8602801204108435,0.9620275776222871,0.8504989784061954,0.590808058880504,0.7942588385689544,0.93558658751122,0.8379276408825633,0.828195017236925,0.6904722254119211,0.9769837327540793,0.7104619110460539,0.8452082849275024,0.8766305170198991,0.8095337653210049,0.7301802703099339,0.9802566459961091,0.6853845487685317,0.8694930837030941,0.8923127562481297,0.8176079107619414,0.9952532398485632,0.8727858819625121,0.8333555867103808,0.9217601491198759,0.7849851957637808,0.7752272051820446,0.8629094882524138,0.872932466993265,0.9716283403446574,0.8333555867103808,0.8420007259659192,0.9255429155310315,0.87638266886087,0.8726534642923023,0.6285623520354002,0.7841148356942864,0.8892257387664575,0.6742151929067822,0.7405574880381964,0.842000725965919,0.8161776119852899,0.746669359956708,0.9388120013913652,0.8103195211556318,0.8192355988338198,0.7776305711004288,0.7401261640085701,0.9681858530496634,0.5800137334916489,0.8526637265686308,0.6032803790383718,0.8447015157141502,0.8279535638583029,0.9852819875557499,0.8899380151987908,0.6352465116500775,0.5279274159049987,0.7029889521324137,0.8333555867103808,0.46898070269409353,0.9257959645532372,0.8179166933767426,0.9257959645532372,0.7612950419868552,0.7625301043922673,0.8333555867103808,0.8333555867103808,0.9720425180522423,0.9820189521905027,0.7768174177594538,0.8333555867103808,0.906414271134099,0.8333555867103823,0.766293969217489,0.8636144310806384,0.6127379511145193,0.980682779015039,0.7498230589346044,0.9719177107442767,0.7531287835112275,0.6781798060242304,0.8333555867103808,0.9318310194881925,0.8034171421231231,0.5698571932168628,0.6114105047131724,0.8955394924309648,0.6451418750772351,0.8099851764138044,0.563883438488625,0.8333555867103808,0.6528155629881498,0.9114905661431125,0.7029471264544844,0.9923347620553573,0.978795746311197,0.7489338687070879,0.9451097054097313,0.8333555867103808,0.7756024935756753,0.721553357276767,0.8333555867103808,0.9579893925008336,0.6447998424888167,0.7373896768981765,0.7033627253350028,0.539817928994178,0.8333555867103808,0.958750083063714,0.8180228971524461,0.9242089152001629,0.7337157279820385,0.7935962247965752,0.8199242544162708,0.7033039501009766,0.8919195537544433,0.8446109430683049,0.8279718704668136,0.538882498979386,0.9721817251077062,0.5306220572687561,0.8083860398624958,0.839188368793093,0.9082358204851604,0.8504989784061949,0.8433588856625787,0.8333555867103808,0.8629094882524142,0.746082516491422,0.7649109421658953,0.7913599283493761,0.8707693232042872,0.8784208915445282,0.7079574069755474,0.9300535008187536,0.8226831008260223,0.954930065345126,0.8628210251713138,0.9850396051708988,0.8307623178912182,0.7894630843246808,0.8197691174227544,0.4855432736650258,0.9802566459961091,0.7257783125828111,0.9321523113665873,0.7102676383896689,0.7979426727616274,0.906414271134099,0.8395327998466204,0.6536955137758962,0.8879855655844255,0.895086990599488,0.8973569801802848,0.9892440129652454,0.9983872930599273,0.9689156398736258,0.7378377367694415,0.9829308796297104,0.9015671522379931,0.7697937316809336,0.9803010659756759,0.7819841067247485,0.6488059354134499,0.8234214898290818,0.8822237462165725,0.8836082184369264,0.6570851824044865,0.7702897067235159,0.9254301426753996,0.972038542164217,0.8604028387223068,0.6988178901341757,0.9943279333937743,0.8162954538139675,0.972038542164217,0.817897698002549,0.6399742695790284,0.9074116486170116,0.871750706042627,0.8454609180285999,0.8277850478218785,0.803750182132632,0.9608008482337905,0.7935451665512925,0.7880583156601776,0.9242089152001629,0.9197501444304765,0.8175324891292577,0.8447015157141504,0.8566913284130392,0.862909488252414,0.8805086817038599,0.7280190805200886,0.9210622922226803,0.8565847204007375,0.9711093465704741,0.6425610607666525,0.8749609547377057,0.8718705422990425,0.7555190682889503,0.8333555867103808,0.8565893759313061,0.8333555867103808,0.8333555867103808,0.49468635070573197,0.7886533660780279,0.7337166375301352,0.8333555867103808,0.5613714610106948,0.42613659934385995,0.8562655286589187,0.7102250067484537,0.885875963379418,0.7336596196060707,0.7194427687371092,0.6807832921002552,0.37400588142155455,0.9185860740091778,0.9163678069047523,0.9580186848345917,0.7605691019064147,0.881381291614669,0.678752559481832,0.7539434773645888,0.8957485061869493,0.9341586822630341,0.7488611177644431,0.8903991455657345,0.7423044750529963,0.8446109430683049,0.8787752140930372,0.9470641338896126,0.9643546889603312,0.8765157615819996,0.6643098860546381,0.8122729590044733,0.6319972697604906,0.8047662889377194,0.9382552780535445,0.778584823639451,0.8973569801802848,0.8389027479487043,0.9211268267148764,0.5470788793655855,0.8228257488537913,0.8504989784061951,0.949984947539672,0.8718705422990429,0.8516148821319711,0.6859970558001081,0.9711093465704743,0.658337385272663,0.9211130322381665,0.8763826688608698,0.708098974227587,0.4855432736650257,0.8891870994273072,0.6740745953545282,0.8725034033256203,0.8390650969911146,0.6473768418338284,0.8333555867103808,0.8504989784061949,0.8088061835190344,0.930920905602167,0.7994816611334445,0.8541072512730737,0.7871523641444372,0.8008766301048564,0.7094237786319908,0.9799852931294406,0.5427889152735171,0.9064142711340988,0.678039170591382,0.9943279333937745,0.6454705234579721,0.8505519961852752,0.945109705409731,0.8816221208984322,0.8562655286589183,0.8545862256205103,0.9735656352522426,0.722641319480401,0.6480919412867112,0.7784873890789366,0.8724882414083801,0.7506049903416846,0.8277911387042824,0.908549311064021,0.8694930837030939,0.8907404833799737,0.7357270719910657,0.7116419197319954,0.9197760771895612,0.8135621901441985,0.8565847204007371,0.6104347750878231,0.7064201878666301,0.9540984079056032,0.8506968945815293,0.9983872930599273,0.9061937812069654,0.8228059758410153,0.8489085250255926,0.935648552467377,0.7961318788110123,0.8655607295497519,0.7506152308099442,0.8534460628229261,0.9138470334856059,0.8504989784061949,0.9152405383832365,0.8333555867103808,0.852663726568631,0.8599835155865347,0.6480387774525593,0.7978602625972757,0.8333555867103808,0.6555536566514863,0.7890239232096874,0.8633363125976867,0.7457422433436809,0.859483399912252,0.8555899537088858,0.8996671081129664,0.8923648472961477,0.9340084728533048,0.94091526654007,0.5704286259539135,0.850783150588132,0.8565893759313061,0.7155172599880968,0.7885796267509584,0.93558658751122,0.7603459520179952,0.9929562774279699,0.9990825408341074,0.8226831008260227,0.87638266886087,0.9072612173944726,0.8986459110312868,0.8628210251713135,0.8180740985690027,0.8850308172757546,0.8197691174227544,0.8719900286803046,0.9286679818370664,0.6471088706072501,0.5270703965225967,0.8279535638583029,0.915567799113032,0.8718705422990425,0.8279535638583029,0.8279535638583029,0.9319617859276279,0.8333555867103808,0.8990395688839348,0.7852213103712289,0.8333555867103808,0.8310957623117692,0.7863883954964392,0.8550270501255137,0.8446109430683049,0.9918284544690201,0.9180285777311642,0.8565847204007371,0.5977319783736146,0.6107583160352346,0.685183834530586,0.6764258400855045,0.8333555867103808,0.8749609547377057,0.9388120013913652,0.9574900679095588,0.5860394098364481,0.735413201813869,0.8981674209551731,0.8996699165287372,0.9143004869638071,0.9713690206280263,0.842000725965919,0.8333555867103815,0.9713690206280268,0.8228932502541897,0.9016028824270719,0.714022709927323,0.9943279333937743,0.9334253536579322,0.8155751613542839,0.8446109430683049,0.9108568124842966,0.4692135100053634,0.8333555867103808,0.980682779015039,0.8907384515852343,0.8694930837030936,0.7608634060835804,0.8990395688839348,0.9943279333937743,0.5200757006222229,0.8784208915445282,0.633438241038137,0.5805560190607676,0.8333555867103808,0.8333555867103808,0.851030086529843,0.5513834183316031,0.7502512278759386,0.6953186515383449,0.5187173113488643,0.7807057248734934,0.742508911881326,0.5749714921410731,0.8719977578125397,0.5977339109544989,0.8333555867103808,0.9642939782345645,0.8504989784061949,0.8763826688608698,0.788443958782185,0.8629094882524138,0.5135444498911037,0.8333555867103808,0.8333555867103808,0.5535292899490077,0.8922864636322452,0.6149887723905573,0.8227962496162919,0.7963100057607231,0.8736635385762344,0.8490779672106865,0.8736635385762344,0.6026644088009792,0.7158858055054262,0.8333555867103808,0.7219781213616254,0.6162407365995348,0.8692863322387205,0.8197691174227545,0.9735323116170154,0.8958600838823451,0.7804581376972719,0.7297741310905197,0.735727071991065,0.9033611772749826,0.8333555867103808,0.4438853157910859,0.788580681129335,0.8377066325843304,0.7744663846210473,0.8312688586219394,0.8813350881356639,0.5706951582326127,0.7142692101131023,0.872932466993265,0.7050756907448528,0.5002135449643943,0.9651152981916035,0.8694930837030939,0.904878416801592,0.9796222466236468,0.41769710811145877,0.8830333887596136,0.8279535638583029,0.6442679075068134,0.9866989384555496,0.933001189971657,0.953822235956165,0.9681858530496635,0.7603459520179949,0.8904701140049304,0.8904701140049301,0.8544531315394652,0.921349706490187,0.6426113125077229,0.7835937132975109,0.906414271134099,0.8227962496162919,0.6801322132904245,0.6871556100429697,0.8390151798075176,0.7712102445476186,0.9472612909762536,0.8229681686540117,0.8389027479487043,0.6321726905257865,0.9650003312457807,0.7076393274807546,0.74848044687407,0.8333555867103808,0.7422053121444969,0.8719900286803044,0.5240470183016639,0.8694930837030934,0.7816637503832424,0.7930568247483689,0.8059471911368972,0.8333555867103808,0.6194022475606242,0.6953186515383452,0.9250576155467343,0.5250816644178988,0.6531345781406711,0.5720143676912075,0.8504989784061949,0.4527526106409123,0.8167107250685792,0.8829306997166724,0.6315924603530261,0.860402838722307,0.6202207046996842,0.9929562774279699,0.9321523113665873,0.8628210251713135,0.7169021989120847,0.9943949975805222,0.40682006997765474,0.732884243932018,0.6865855194209143,0.8719900286803044,0.8279535638583029,0.4692135100053634,0.7853269223480255,0.7589283726864902,0.5951372480899486,0.6315675722867486,0.8333555867103808,0.5920408505573564,0.7939037022029138,0.8690525985865261,0.8333555867103808,0.6685009503205941,0.8957485061869491,0.8629094882524138,0.8364863478408802,0.8565847204007371,0.8490680784540379,0.7705615916143933,0.7631836784392396,0.9206591678873524,0.9386806283302352,0.9482652342262795,0.7206981925682729,0.8333555867103808,0.8472430488789013,0.8333555867103808,0.862909488252414,0.9556274462816521,0.5548821911698258,0.8763826688608698,0.9852692640051613,0.9987290979711113,0.8177640400942717,0.7662939692174884,0.8333555867103808,0.9301999838411366,0.6268418948345278,0.9354813650563987,0.8594144809806481,0.7795298673461806,0.9542945594732946,0.7539434773645892,0.9579893925008334,0.8421948095589065,0.6342647612786488,0.7077394233630048,0.8421948095589065,0.945981868549207,0.8504989784061954,0.8742958868307356,0.8421948095589065,0.8763826688608698,0.9796222466236468,0.8876449934411476,0.7960852449904605,0.8565847204007375,0.8747228590743419,0.8545862256205103,0.739464897846868,0.9330011899716573,0.900432252463426,0.7312575877521439,0.916195084306359,0.7712102445476179,0.9535215586917307,0.7825627007870101,0.7457422433436811,0.78054906848705,0.8460739675692948,0.9730618101546467,0.8802603884164895,0.8602801204108435,0.9300535008187536,0.9074116486170118,0.8230855835632259,0.996580292171648,0.8472430488789012,0.8490779672106865,0.8133572349974635,0.8504989784061951,0.8565893759313061,0.9269914083627553,0.7928005687041781,0.9798419320104435,0.7801712852526865,0.7539434773645888,0.9172667165619417,0.9151103620870011,0.750577740506447,0.9217519020931764,0.6980417673605164,0.7960370132465548,0.789480516021206,0.6765272123710202,0.9855686226619149,0.8903991455657343,0.8923127562481294,0.9967463528125622,0.8159827119347486,0.8990395688839348,0.8222620406938539,0.9415764394796309,0.9172184456477024,0.7493779376430953,0.8027040615618268,0.970568015292971,0.9711093465704743,0.8646901428463962,0.8974451010901177,0.8446109430683044,0.8692863322387205,0.6647109349545082,0.803860336891699,0.9074116486170118,0.9023238743503106,0.7927410193695414,0.9108123482314605,0.9062897869037814,0.8784208915445284,0.6663072899681066,0.9574900679095588,0.715517259988097,0.9074116486170118,0.6045242023868511,0.9015671522379931,0.8565893759313061,0.5853654624971356,0.9181762233864355,0.9300535008187536,0.9064142711340986,0.7972194174401085,0.8629094882524138,0.8841590450399293,0.8565893759313064
p99_I,0.7717529276159106,0.9371820070526746,0.9365789833977352,0.8690525985865258,0.7541282748365794,0.8763826688608702,0.9197766353555661,0.902599099514619,0.8594833999122529,0.7982162294178596,0.918214931502125,0.7712102445476186,0.7712102445476184,0.7662939692174884,0.8542143989732962,0.952506528671011,0.9922843247764959,0.775227205182045,0.9960587809365496,0.8694930837030936,0.8840699363674318,0.9286679818370664,0.9321523113665873,0.8876449934411474,0.9386703656708342,0.7752272051820452,0.8447015157141502,0.770028516083249,0.9433354585651037,0.894797570459247,0.7539434773645894,0.7265536869993652,0.8390151798075167,0.733716637530136,0.7541282748365796,0.9960587809365496,0.8268778248611144,0.8390151798075178,0.7738965054378302,0.7708702022977241,0.8397070881245359,0.8509314487440863,0.9681858530496635,0.8157741553743705,0.8990395688839348,0.8398765318838073,0.8413855291881586,0.8103602027798156,0.994394997580522,0.626080256282479,0.8241569180596205,0.7528885072424158,0.7752272051820452,0.8594036192762475,0.945109705409731,0.9646856815994838,0.9866989384555496,0.8333555867103808,0.9212716677843984,0.8707590502221957,0.9587105775275471,0.9613254707422012,0.8386932720949283,0.9925111151571782,0.8565893759313057,0.8329362483209811,0.9155677991130318,0.748387728317139,0.8010455395174876,0.862909488252414,0.7416988816034096,0.9720425180522423,0.892286463632245,0.692368814831218,0.8333555867103808,0.9320963614016428,0.9470641338896126,0.9803010659756757,0.7727175941948566,0.8763826688608702,0.918214931502125,0.9015671522379931,0.7581058089268597,0.9342011263032908,0.8333555867103808,0.7493763144367913,0.8227962496162917,0.6704778024186955,0.8721822247924682,0.8279535638583029,0.8333555867103808,0.661216282455648,0.7094237786319908,0.9067925897788632,0.9719599148168423,0.8304609878257694,0.6699947502527386,0.9893913956609933,0.9040829690607293,0.8182043737548668,0.8105928836070242,0.876011295842658,0.8333555867103823,0.9267499060960465,0.9265821485689039,0.7845111847199955,0.8749609547377055,0.8514645058774655,0.8411908508427246,0.7738996568279085,0.7125493088987347,0.9894668454657731,0.9934299541195712,0.986477253056953,0.8099851764138054,0.9140155505328671,0.9631081363114835,0.7845111847199956,0.9540984079056032,0.961130875026688,0.9661533281760557,0.7648009882543503,0.842000725965919,0.9296435117872327,0.9976671932161753,0.9273575963570586,0.8268778248611144,0.8183403916602421,0.9716283403446574,0.7600561647773877,0.9155308152011594,0.7785848236394506,0.8504989784061951,0.9681858530496634,0.8175324891292579,0.7633894646900032,0.6079991517036234,0.8830333887596136,0.7590880973527832,0.878420891544528,0.9719933135748039,0.7982162294178594,0.9715259093672957,0.8290187852702013,0.789165935388751,0.8726534642923023,0.8298619564047032,0.7650563894650608,0.8044326866649611,0.5256929872748839,0.8694930837030941,0.6675878917354434,0.9572932348230596,0.7480107950530943,0.915567799113032,0.860280120410843,0.8372677304734981,0.7560954670484759,0.7845765166603249,0.6553060896779646,0.968193248472983,0.9388120013913652,0.831095762311769,0.7437784485394816,0.9857394399572637,0.7258618072515544,0.974042518299851,0.8736635385762341,0.9211130322381667,0.6135333975324104,0.9307077762079485,0.8571037141749211,0.7885796267509586,0.8315215021808071,0.9772904246328182,0.7809404683862262,0.9334253536579322,0.7509100365904007,0.8780859857151433,0.6904183306729894,0.768297824294664,0.841298966592801,0.9472612909762534,0.9997405031129083,0.8330590886552446,0.8250149846477193,0.9471159726670298,0.6335195475872697,0.8594036192762475,0.9579893925008336,0.8150212595036896,0.7028896276654244,0.8454609180285999,0.7647795502222716,0.8633363125976865,0.8333555867103808,0.8876449934411474,0.9341586822630343,0.9813977310628701,0.978106407550583,0.9689745952732749,0.9997405031129083,0.8333555867103808,0.9463853754969072,0.7901198167402305,0.79821622941786,0.8333555867103808,0.8895279175653004,0.8370816133307344,0.8477038756418931,0.810280455013355,0.846928191664907,0.8279535638583033,0.8333555867103808,0.8319499309195075,0.8333555867103808,0.8467887814933276,0.8051383753688506,0.8188365372042736,0.8333555867103808,0.9740425182998509,0.8333555867103808,0.9983773271088201,0.7313775237513427,0.7258618072515541,0.9518731353524843,0.8760112958426578,0.7141082900925353,0.878420891544528,0.924348743344853,0.6801322132904253,0.7985527786402569,0.9907664455285081,0.8923127562481294,0.8830333887596133,0.8377066325843305,0.5696640535866333,0.9239210673151494,0.9473067249484706,0.9521851052998418,0.8946333593152884,0.8836082184369269,0.6865903464140748,0.870759050222196,0.8333555867103808,0.7982071895821142,0.8333555867103808,0.8746499001758296,0.933001189971657,0.9542945594732946,0.9990825408341074,0.7267492406641853,0.8876449934411474,0.8072052833372363,0.8899306082567793,0.6485455232591513,0.9295590647145762,0.8608046080164988,0.8727858819625123,0.6379195211189488,0.7702190116852003,0.4706324858796792,0.8565847204007371,0.9580186848345917,0.6093296893533595,0.7738965054378302,0.8725137790558354,0.0,0.7796408266647481,0.5756802008253397,0.589443355729709,0.9542945594732946,0.7462116755258281,0.6099599240427651,0.7044079836115709,0.7845111847199955,0.7476540970909413,0.737108543152202,0.9250576155467345,0.918415276469563,0.7845111847199955,0.8809122181356273,0.6957097756295711,0.9405520062621223,0.8348978105545921,0.7868456950912959,0.8446109430683042,0.8499685508351306,0.7247923722674509,0.8707590502221958,0.9355865875112196,0.9074116486170114,0.7842727477316739,0.862909488252414,0.5288891854631848,0.8988225592018981,0.9994329137751761,0.7814032203798336,0.8981674209551731,0.8333555867103821,0.8826325999391234,0.8226831008260227,0.915567799113032,0.7437784485394817,0.8616849023646733,0.9669869402855737,0.8155751613542837,0.7312508486474653,0.7291437251811663,0.6576261253562428,0.8349256869470361,0.7517118292906475,0.9907664455285079,0.9648339183550569,0.7006561941025248,0.982822166572886,0.894493557706038,0.9802566459961088,0.830144035995381,0.7025044187928331,0.9404447185651115,0.9041862347368662,0.8333555867103808,0.8830333887596131,0.8850421093017193,0.7752272051820448,0.7845111847199955,0.9580186848345915,0.8852158769431717,0.8333555867103808,0.8168209721356969,0.9608008482337906,0.87638266886087,0.8691996212416124,0.9930006456343745,0.831095762311769,0.921760149119876,0.6874350986500524,0.7536802679066801,0.8176308472588916,0.975319400388609,0.652754625079859,0.8099851764138049,0.8328392117288821,0.8577712472576104,0.8853297485350562,0.9613949478366429,0.929327983527297,0.719155680384907,0.7337166375301352,0.7044079836115709,0.8836082184369263,0.8279535638583029,0.90408761890497,0.9994329137751761,0.7503769038724147,0.7199982493092173,0.74181111489831,0.8333555867103808,0.8981205790157368,0.8781822019840453,0.7577474010383416,0.9369887520228606,0.9459009791418811,0.7218946388850338,0.8333555867103808,0.8333555867103808,0.8714901252498,0.6503743909747461,0.6221528227960298,0.8333555867103808,0.8694930837030941,0.8333555867103823,0.9307077762079484,0.9807836424956036,0.815460083258189,0.9603863440630983,0.7498230589346044,0.8227962496162917,0.7927126875921822,0.8190317505206577,0.8333555867103808,0.977786075596967,0.7646394746873386,0.7088974950188343,0.8010455395174871,0.9795607074292978,0.8346843914057671,0.9355865875112196,0.7290197957733351,0.8333555867103808,0.7545017027080236,0.8206483255024004,0.9736632658947206,0.9156426663501511,0.9484121620211804,0.788443958782185,0.8390151798075174,0.8333555867103808,0.5761157219737467,0.9897000202816426,0.8333555867103808,0.853906225717719,0.9621825553065514,0.966767443642127,0.7420342251042482,0.7055358511247373,0.8333555867103808,0.8196843908738827,0.9015850997548142,0.8565893759313055,0.8575853167299317,0.8967202241812298,0.6404449656833158,0.825942693440507,0.7921761679534787,0.8099851764138053,0.7268327747732354,0.9578037571201252,0.788653366078027,0.8342832316618728,0.7194320134873011,0.9416637674472192,0.9799852931294404,0.7916225077062019,0.7979377653422226,0.8333555867103808,0.9334253536579322,0.78054906848705,0.9963868315355195,0.7659889277188264,0.8038603368916993,0.8226831008260223,0.9369034292439276,0.9300535008187536,0.8226831008260223,0.9549300653451258,0.8333555867103823,0.9850396051708988,0.8914367536106946,0.8069681632215737,0.8902849828282727,0.8657653581684183,0.9828221665728863,0.9072612173944726,0.9721817251077061,0.9395444892960777,0.9222105570349484,0.906414271134099,0.8168066758852865,0.9445280195442783,0.855589953708886,0.7796408266647481,0.8725034033256205,0.9197760771895612,0.9041862347368662,0.7706704914761332,0.9395759839394253,0.9378520590773232,0.831095762311769,0.8397070881245356,0.9295590647145762,0.8383202802574363,0.6621920749088606,0.8107814623925389,0.7939848598374086,0.9922843247764959,0.8630830129382705,0.9956713495444405,0.8021197874325554,0.722585434822145,0.8604028387223073,0.7505115786825751,0.9435859321326747,0.9814549054778247,0.8400377513658517,0.9905529359562113,0.7668572729535402,0.8760112958426582,0.9259313267189391,0.8454609180285997,0.8473872311681501,0.9585546647054799,0.8902849828282727,0.9623957267646996,0.9851724012110448,0.9918284544690201,0.866972684672709,0.9262085954688271,0.8175324891292584,0.9868289698267129,0.8197691174227546,0.7961318788110125,0.7802457284376234,0.939859688822891,0.8857348707173552,0.8279535638583031,0.941921087651523,0.8378721832895661,0.8175324891292579,0.652619464515199,0.8333555867103808,0.7715031580899792,0.8333555867103808,0.8333555867103808,0.7535007691450397,0.996098215989133,0.7535411523698845,0.8333555867103808,0.830543084080763,0.8259726622483974,0.8562655286589187,0.8620555939450114,0.993104427633225,0.9637054280124249,0.8594833999122522,0.7287392538064301,0.869293042751758,0.7896539805847357,0.727625152942069,0.8565893759313061,0.8473872311681503,0.9319450939012686,0.861655326205143,0.9648854845967076,0.8957485061869492,0.81502125950369,0.9892587479591795,0.9242089152001631,0.842047860853961,0.8099851764138053,0.8103602027798151,0.8044000975637454,0.9412654561733835,0.9721817251077062,0.9646164474490024,0.9996226592140793,0.8163480896277344,0.7808497980562924,0.8010111218133855,0.9041862347368663,0.7979426727616283,0.8389027479487043,0.9211268267148766,0.9382514584392743,0.8094396093583804,0.8830333887596136,0.949984947539672,0.8836082184369266,0.927468896053697,0.7980131946316944,0.8565847204007375,0.6583373852726628,0.963883853416163,0.9152405383832365,0.6953186515383452,0.892924078490089,0.7113722698625088,0.8144121542847744,0.7979426727616277,0.8019763255429749,0.8783191951242967,0.8333555867103808,0.7916225077062019,0.9197501444304768,0.9898517825240297,0.8844100938459587,0.8973569801802841,0.9264968409407015,0.9211130322381663,0.8806341689574113,0.860402838722307,0.6960155798477312,0.8694930837030934,0.7922338736284427,0.8928439308715751,0.6598815828630333,0.8226831008260223,0.9487957689880557,0.8036458463061558,0.817897698002549,0.8545862256205103,0.9632134490576729,0.9970067550666156,0.6609231339981121,0.6074438255916759,0.8130146968891323,0.9991644391827019,0.8419458774897015,0.6765131031086897,0.9433354585651039,0.9394802407940286,0.9787957463111969,0.8452082849275024,0.9024090932456401,0.8441427183852062,0.8565847204007369,0.851787912657785,0.746669359956708,0.9152405383832365,0.6383363695633613,0.9669869402855739,0.8473872311681501,0.977916645584153,0.8719977578125402,0.7196859275763409,0.9859796853199196,0.9874101230848892,0.7506152308099442,0.8027040615618264,0.9711093465704743,0.8241569180596201,0.9540984079056032,0.8333555867103808,0.8896175805146286,0.7594822162104504,0.6992078406624871,0.7577474010383416,0.8333555867103808,0.9884981945888784,0.6195577932061942,0.6675878917354435,0.7457422433436807,0.9829708900157115,0.6936118943311875,0.914985460149225,0.9304481908460722,0.9358433911850899,0.8341434006152102,0.9821703001119865,0.7219936404047465,0.7715031580899797,0.9065540833712284,0.9646856815994838,0.876011295842658,0.7411620366898104,0.8763826688608696,0.6954035569236952,0.8226831008260227,0.9152405383832365,0.9850396051708987,0.9692745478323191,0.8333555867103821,0.7777318877335895,0.9939366211891136,0.7845111847199954,0.930920905602167,0.7049857901450891,0.7356181525733685,0.7310309160679003,0.8279535638583029,0.8504989784061951,0.8175324891292577,0.8279535638583029,0.8279535638583029,0.9121372710878788,0.8333555867103808,0.8564391918520341,0.963507685402635,0.8333555867103808,0.8076052990030278,0.6736975740859776,0.8902849828282725,0.8099851764138053,0.9580186848345917,0.9484121620211804,0.8279535638583029,0.6739487586588657,0.8630265585090809,0.8286827798191462,0.7569241842656607,0.8333555867103808,0.803169239244524,0.876011295842658,0.9955290054729584,0.6241043108488018,0.9345780833924722,0.8629094882524138,0.8692863322387208,0.7437113360146148,0.9713690206280268,0.8176308472588918,0.8719900286803045,0.9518953180592347,0.7619974737661046,0.9718319132336567,0.9921312866425605,0.8534460628229268,0.9334253536579322,0.7708702022977243,0.7785848236394517,0.7134295948780462,0.8860830219713005,0.8333555867103808,0.9217519020931759,0.983115392901422,0.79821622941786,0.6009289809217653,0.8564391918520341,0.9295590647145762,0.7416852552421769,0.8226831008260223,0.7601953891956554,0.6817760738796033,0.8333555867103808,0.8333555867103808,0.9780875984036965,0.9333142890575403,0.7849851957637808,0.823121878430764,0.8438010354067351,0.7162532252580847,0.8763703068354347,0.7277095029268921,0.7796408266647483,0.7263316272709577,0.8333555867103808,0.9330835047956022,0.7916225077062019,0.7738965054378302,0.643573628506829,0.7845111847199955,0.8427952005169104,0.8333555867103808,0.8333555867103808,0.7684019110110104,0.8628210251713138,0.7541002023524489,0.9535215586917307,0.6566055132344053,0.8227288628986869,0.8707693232042875,0.7867719569067826,0.80135221324283,0.7158858055054262,0.8333555867103808,0.7219781213616256,0.7196281136963334,0.8268778248611144,0.9960587809365496,0.9420752026232351,0.9470789727901366,0.8726534642923023,0.7297741310905197,0.7357270719910651,0.9736632658947206,0.8333555867103808,0.7839153671091615,0.925795964553237,0.9565542091652744,0.9368488037617961,0.8312688586219392,0.9890342655702924,0.7648207082667731,0.8111717628308921,0.872932466993265,0.9028180087771269,0.8126927211959799,0.9805466486386119,0.9802566459961093,0.9101560503341408,0.956911686463469,0.700612084007666,0.8566913284130389,0.8279535638583029,0.9583804297273598,0.7271287224155965,0.9521851052998418,0.953822235956165,0.9681858530496635,0.9330011899716573,0.7738965054378304,0.9681858530496633,0.8718201154833862,0.8379731241562096,0.9584151442884197,0.8719900286803045,0.8694930837030936,0.9286679818370664,0.7298393669997528,0.8586858610604395,0.8124915484069644,0.9997405031129083,0.876632654175221,0.7997240676178214,0.7053434877010484,0.9229889027001752,0.9846025145920523,0.9018910722346307,0.9840298937351188,0.8333555867103808,0.661216282455648,0.8425245902193734,0.9421614158479825,0.7982162294178596,0.8971099143179816,0.7841148356942871,0.8198742249039586,0.8333555867103808,0.8875489105654992,0.6953186515383452,0.6286235815871796,0.7040061820672858,0.7969934460060106,0.7134718556393118,0.7590880973527834,0.9725944412560882,0.911526811252125,0.8231218784307635,0.6443399928246073,0.8125698569594539,0.6471790891612765,0.9152405383832365,0.8125698569594537,0.8628210251713135,0.7605458066710946,0.994394997580522,0.8876589846814829,0.7808402056381931,0.712247904843716,0.8719900286803046,0.8279535638583029,0.8726356183594962,0.7711721835626064,0.825423963220467,0.7088974950188343,0.6696534978248768,0.8333555867103808,0.7693511768110808,0.9079327445277539,0.7457422433436811,0.8333555867103808,0.7755900662838817,0.8920624426086243,0.7845111847199955,0.9560688022480137,0.8279535638583029,0.6996951166848484,0.9976671932161751,0.8853086873158652,0.9646856815994838,0.9567865266555627,0.9799852931294406,0.7335579641999188,0.8333555867103808,0.890625760866103,0.8333555867103808,0.7845111847199956,0.8102084831056793,0.9628206772138683,0.7738965054378302,0.8141859792931758,0.8610480448414928,0.8645759689407393,0.9923629538293708,0.8333555867103808,0.5871394818061979,0.8474513356588724,0.9958950225839223,0.8172260795342241,0.7219781213616265,0.9868289698267129,0.7539434773645892,0.7505777405064469,0.977916645584153,0.9765598527492442,0.7585206574138423,0.977916645584153,0.9870853202968219,0.8504989784061951,0.9994329137751761,0.977916645584153,0.7738965054378302,0.8433588856625787,0.8572614091511311,0.8899380151987906,0.8279535638583033,0.7089444737932006,0.8310957623117692,0.7907987299578068,0.9135274874028652,0.7808497980562925,0.8130562387372955,0.7373752480801217,0.8857348707173547,0.8292536744184098,0.8449260311163467,0.9512595020817558,0.7805490684870497,0.8196341560827548,0.9897083742344475,0.8621544900911617,0.8155751613542839,0.8572614091511308,0.7785848236394515,0.8494821724783064,0.9473662360331916,0.8255516928853004,0.8056952552234848,0.895878966921343,0.7590880973527833,0.7715031580899792,0.9714684215503528,0.8436474512828513,0.9798419320104435,0.9565909353691324,0.8030783074479613,0.9170999155872681,0.8663706046729462,0.7706396922912264,0.7835937132975108,0.9162633457324438,0.6903611992242538,0.9849507247762664,0.9985014838911759,0.9992556882748265,0.8903991455657345,0.9319617859276279,0.9882959080340783,0.7752272051820452,0.9262085954688271,0.9852692640051613,0.9585546647054799,0.8622824034085445,0.7313561068995686,0.9435859321326748,0.984079786358195,0.9138470334856059,0.8412657342652089,0.8714530095593589,0.8446109430683044,0.857261409151131,0.947824915898533,0.8273866112170851,0.8760112958426585,0.9866064540949591,0.8925164314037763,0.8716423622933092,0.8784208915445284,0.8986279455814488,0.811448271598273,0.8076052990030278,0.680783292100255,0.93558658751122,0.8435513036939603,0.9574900679095588,0.8053129277244082,0.9419413159482333,0.9643546889603312,0.8692863322387208,0.7982162294178596,0.7804431166224053,0.7845111847199957,0.9605523038964859,0.8053129277244082
p99_L,0.7613220871167329,0.9224335544163886,0.9700858004968942,0.8975213827250901,0.932833950574053,0.9501760208500687,0.7472138776300958,0.8037437165269692,0.8728105285248218,0.9473991727811977,0.9204798499326445,0.9693318146530957,0.9693318146530957,0.8975213827250901,0.8817861584679043,0.49586363702303515,0.9264564493231813,0.909405299893773,0.9447456538980157,0.9473991727811977,0.9617746122600854,0.9185607716438657,0.918097849465183,0.9350697345319547,0.91667381023818,0.9094052998937725,0.9264564493231813,0.8895085707332926,0.9473991727811975,0.8335323337878822,0.9376689775178677,0.9397435965156078,0.9707495588862811,0.892674460956127,0.9328339505740533,0.9447456538980155,0.9350697345319545,0.9244246976009174,0.9501760208500689,0.9076492093936457,0.9262698231600373,0.9918372319688105,0.9501760208500689,0.8848449272091168,0.9264564493231813,0.8933930229124334,0.9373704232137268,0.9281614381684167,0.9076492093936457,0.8569246572337172,0.9397435965156076,0.9206291207216946,0.9094052998937725,0.26250316024470977,0.9366007185429918,0.9787436574258668,0.9059145492620324,0.24376003609304187,0.7656581909429558,0.9741187306463792,0.8757722623764221,0.7997217022760685,0.9094052998937732,0.9551168668325382,0.942198331919694,0.767851176748741,0.9397435965156078,0.7769663078405835,0.8501729535033846,0.9447456538980157,0.8958917053231716,0.9752315887262655,0.9127774219260276,0.8165087157698867,0.24376003609304187,0.9872190633517803,0.9946231749394502,0.9204798499326441,0.9027516197837715,0.9501760208500687,0.9204798499326443,0.9950420205336963,0.49988429302066817,0.909405299893773,0.24376003609304187,0.8910854332944247,0.9185607716438655,0.8085843310136369,0.9396671510274333,0.2692511698375556,0.24376003609304187,0.8569246572337175,0.8687280692572843,0.880873585205953,0.42518289455038005,0.5640049092859605,0.8540918850742609,0.9894003837489758,0.8976394556968519,0.8959369409652409,0.9828090781367664,0.9373704232137268,0.9328339505740533,0.8612681874740746,0.7363601750214235,0.9447456538980155,0.8772638514038555,0.8429903529773057,0.8705100723917396,0.8425402875730432,0.8359132192646188,0.9678362573099417,0.7895365256441962,0.880270387725502,0.9373704232137268,0.8239267698255528,0.9870038583237334,0.9447456538980155,0.9501760208500687,0.812312718448402,0.9510020620510797,0.8757817245775488,0.9166738102381802,0.9008268910150359,0.9490704397550973,0.875936866389156,0.9350697345319545,0.6396269322672032,0.9306566646589698,0.9884602805599663,0.960663940699372,0.9922127245794843,0.9397435965156076,0.9501760208500687,0.926456449323181,0.8664184631162983,0.9990395380803916,0.9397435965156078,0.9397435965156078,0.292676672778892,0.8977903661202703,0.9473991727811975,0.9499934238507661,0.9073867469443919,0.8512715263045254,0.881786158467905,0.9993119428479296,0.885121584000027,0.9076492093936457,0.8132737960894505,0.9473991727811975,0.8757722623764215,0.8095211433024025,0.9698509225339869,0.9397435965156078,0.9076492093936457,0.8900411413810627,0.9195505082342441,0.8962811675271812,0.7144217721184828,0.8529860657001469,0.9922127245794845,0.9950420205336963,0.7939719872239416,0.8933070922890567,0.9233721476659593,0.8906557158215922,0.9551168668325382,0.9025045192170258,0.8427611657869751,0.994794736900322,0.980662425002937,0.9059145492620324,0.8330395844052292,0.8792566610567856,0.9177926953630489,0.9936745866415239,0.6596551219292098,0.9293058851115359,0.7106030773224509,0.9158227252250266,0.9916057126935203,0.9059145492620324,0.8193145336211939,0.6460346180038472,0.8309008895017893,0.812312718448402,0.9601713942311845,0.3530657475045875,0.8991661559057054,0.9741187306463792,0.8728105285248215,0.9237448518495197,0.7884037109284305,0.8757722623764219,0.24376003609304187,0.9350697345319545,0.9285324039439793,0.5938774770827616,0.8984514953491582,0.9417955146810999,0.9193260543091284,0.24376003609304187,0.9962451785819171,0.7884037109284303,0.9473991727811975,0.24376003609304187,0.7123960520224006,0.8879432507007243,0.8498654909309764,0.7986807878583737,0.9051106770251173,0.9306566646589698,0.24376003609304187,0.7526420402607592,0.24376003609304187,0.7735506690497278,0.9735004742101092,0.967994712672114,0.24376003609304187,0.76323676171752,0.24376003609304187,0.838733928496312,0.9660013292083208,0.8895085707332926,0.9665354521251555,0.9373704232137268,0.8299122392884308,0.2926766727788912,0.9565880742927937,0.9185607716438657,0.937933080446572,0.8980862176433039,0.8649539269925532,0.9397435965156078,0.6585835918139784,0.9398581321453396,0.8713396701567191,0.9810107821540954,0.9214489273204716,0.954954603940219,0.9264564493231813,0.8484619576906176,0.9285324039439793,0.24376003609304187,0.9623366128450226,0.24376003609304187,0.8938150954927742,0.8879432507007241,0.9965665866960463,0.9063747143991655,0.829912239288431,0.9350697345319547,0.8863888870954333,0.9592370337121963,0.9152829631513328,0.9647915833876861,0.9400996476017192,0.9373704232137268,0.8817125536768826,0.9587351334794105,0.817624721437618,0.2692511698375556,0.8806502594267761,0.8425402875730432,0.9501760208500689,0.9412654561733835,0.7796408266647481,0.0,0.8289778574560314,0.8345250985805044,0.996566586696046,0.8712157346960703,0.8651903500574046,0.7726827103901858,0.9447456538980155,0.8196206900298053,0.9858737505118662,0.9129874603663681,0.8698750345772268,0.9447456538980155,0.9481470405930803,0.754209905600445,0.9987511985291293,0.9538376059860603,0.8975213827250901,0.937370423213727,0.9342029590072161,0.87890587780811,0.9741187306463792,0.9529449740547581,0.9373704232137268,0.8446979809809643,0.9447456538980157,0.7780536832774629,0.7553732478491241,0.9850607921252732,0.8176247214376178,0.8705150677206024,0.9328339505740533,0.9076492093936457,0.9285324039439793,0.9397435965156078,0.8720648774730457,0.9538376059860607,0.9373704232137268,0.9076492093936459,0.9572357245986263,0.8164878362825247,0.8802703877255023,0.9829246556733111,0.8398752058653417,0.8361215673069282,0.777013490477047,0.8575333614636653,0.9473991727811977,0.872810528524822,0.9473991727811977,0.9272989769634583,0.9549546039402188,0.9759962371526973,0.9922127245794845,0.24376003609304187,0.9397435965156071,0.9320042986155883,0.9094052998937732,0.9447456538980155,0.9421983319196943,0.93065666465897,0.24376003609304187,0.91667381023818,0.9320948271810627,0.9501760208500687,0.9461956754179022,0.811821637152214,0.9129874603663681,0.9397435965156078,0.8719977578125402,0.8883794826595188,0.91667381023818,0.9244246976009176,0.8600427127773942,0.9373704232137268,0.8926744609561272,0.8632899429731515,0.9224335544163886,0.9784004338929011,0.9501760208500689,0.8225918704307511,0.8926744609561268,0.838916885443749,0.9264564493231813,0.2692511698375556,0.9667967372944273,0.8757817245775488,0.834221201726153,0.8806122242555714,0.8733353185633346,0.24376003609304187,0.8792566610567851,0.9253216361240024,0.894276316207222,0.9595578389535804,0.8591466737807628,0.8191038684576517,0.24376003609304187,0.24376003609304187,0.9752315887262654,0.9033840325613389,0.9856069410800139,0.24376003609304187,0.9473991727811977,0.9328339505740533,0.8975213827250901,0.9897546545575586,0.7884037109284303,0.9328339505740533,0.8991661559057054,0.9185607716438655,0.8934077299130396,0.9628391190382366,0.24376003609304187,0.9766405271107834,0.8895085707332924,0.8371278512025717,0.9826558183040427,0.8991661559057054,0.9686879970853242,0.898102672689,0.8634651470510368,0.24376003609304187,0.8429903529773055,0.9094052998937732,0.8873780235023769,0.8670938798194787,0.9587973377153391,0.8917301915843563,0.9244246976009176,0.24376003609304187,0.9787723767171894,0.8122900197831739,0.24376003609304187,0.8991661559057054,0.8395639625721505,0.9086081532995891,0.8683174392301587,0.8720648774730455,0.24376003609304187,0.8722534309701604,0.8095211433024028,0.9397007289779525,0.7393553623089135,0.748946109606671,0.9086108152814203,0.878763092687959,0.9207034237699974,0.9373704232137268,0.9538376059860603,0.8498654909309764,0.8345551319705012,0.8294284377624634,0.8331376462086735,0.9568196126097208,0.41684154449709065,0.9397435965156073,0.9094052998937734,0.24376003609304187,0.9447456538980157,0.8999738211285457,0.7975864137387563,0.9204798499326445,0.9821448110590096,0.2926766727788924,0.8887248282050297,0.9350697345319547,0.24400224007407167,0.9204798499326445,0.9328339505740533,0.9224335544163886,0.9725467967978589,0.8728105285248215,0.9320948271810626,0.8917327959812249,0.9473991727811977,0.9224335544163886,0.9565880742927937,0.8703498329937045,0.9619687983522076,0.9473991727811975,0.9130932897858535,0.8895085707332926,0.662140483897781,0.4435916179337217,0.9185607716438657,0.9466664444666738,0.9373704232137268,0.8926744609561268,0.9559231506618933,0.8897904472339433,0.9950420205336963,0.9559231506618935,0.8579614827921472,0.9008268910150359,0.8142348490514512,0.7434196738641667,0.8742879430656607,0.931187321004146,0.8216697076288468,0.8836237867784118,0.8975213827250901,0.9950420205336963,0.41684154449709154,0.8716634679277209,0.9908966831572722,0.9241087638932337,0.9639306993826394,0.9214489273204713,0.7632615192371253,0.9373704232137268,0.8427611657869749,0.781177897708468,0.9937940417831581,0.9262698231600373,0.9447456538980155,0.8001877798140061,0.8852149430495113,0.9421983319196943,0.8895085707332926,0.9264564493231813,0.973908525880739,0.9466104231235157,0.9447456538980155,0.9008268910150359,0.88336140786961,0.983336733652999,0.9306566646589698,0.9693318146530957,0.7335284496899959,0.939957779158985,0.3143103257558938,0.9330609402119016,0.24376003609304187,0.942198331919694,0.24376003609304187,0.24376003609304187,0.8733353185633346,0.4168415444970912,0.8926744609561268,0.24376003609304187,0.7818813267287881,0.9018253693940927,0.575965923383317,0.8053211845171075,0.9766405271107834,0.8548766696141694,0.8728105285248215,0.6433433021723272,0.9285898982475354,0.9244246976009172,0.9597483488676191,0.40824650301736254,0.8910854332944247,0.8299122392884313,0.7283177726809349,0.9008268910150361,0.9244246976009174,0.9285324039439793,0.7151930505081454,0.9421983319196943,0.8626344708228051,0.9373704232137268,0.8684163025748142,0.9619687983522078,0.9111842105263159,0.9565880742927939,0.8950566697159812,0.8991661559057054,0.9379330804465724,0.9148167155454525,0.8254871325582673,0.9373704232137268,0.3869108010226576,0.9350697345319547,0.985873750511866,0.8841179782180015,0.8818307613928058,0.6056724820408879,0.9085180731352036,0.6939269382163601,0.8407003619617468,0.8540918850742609,0.9306566646589698,0.8371278512025715,0.9854433830775422,0.9501760208500687,0.8548766696141696,0.8917327959812249,0.8253371875489368,0.8514954052939794,0.9185607716438655,0.9713047430365496,0.8980448416283213,0.24376003609304187,0.9397435965156073,0.8895085707332926,0.9127774219260276,0.8906557158215924,0.9619687983522076,0.9772068366488,0.9025045192170258,0.8457259469302123,0.9148167155454525,0.8754888573436121,0.9236313915934429,0.7713625815030494,0.9204798499326443,0.9996197939155198,0.2926766727788924,0.9707495588862811,0.8492726478104706,0.8879432507007241,0.9129874603663681,0.9528969934766459,0.8414753995128559,0.7798236263663162,0.9686372096622344,0.9272989769634583,0.7862400958366353,0.8659337499315289,0.9008268910150361,0.9473991727811977,0.91667381023818,0.9587973377153394,0.9268443942289719,0.8713396701567193,0.6007548375111538,0.2692511698375556,0.8412790712895706,0.8600427127773942,0.9819567482913832,0.8400830903851959,0.9922127245794843,0.9253216361240024,0.9233721476659593,0.9111842105263157,0.9601713942311845,0.9008268910150359,0.9556365193397718,0.5456695402250415,0.9465849497022305,0.980662425002937,0.9397435965156076,0.9501760208500687,0.24376003609304187,0.9965480089781211,0.8972725574751617,0.8118788636851746,0.9643354540158497,0.24376003609304187,0.926750528514976,0.881690081187507,0.9690134894816471,0.5281645886104382,0.964531040634373,0.9135052288653058,0.8428691512227089,0.827436323429046,0.9821448110590096,0.9690134894816469,0.8139537907837333,0.9679753048288038,0.9421983319196943,0.8713396701567193,0.9059145492620324,0.9373704232137268,0.8879432507007241,0.9501760208500687,0.9042000439512241,0.9285324039439793,0.9501760208500689,0.9870038583237334,0.9443618136993994,0.9328339505740533,0.7625798765065432,0.9829246556733113,0.9447456538980157,0.9642402977593341,0.961968798352208,0.820394768327382,0.8720648774730455,0.2692511698375556,0.9397435965156078,0.3143103257558931,0.2692511698375556,0.2692511698375556,0.44945973490457725,0.24376003609304187,0.9264564493231813,0.6211847265551078,0.24376003609304187,0.9129874603663684,0.6946186229696295,0.9447456538980157,0.9373704232137268,0.8806502594267762,0.9057308738389862,0.2692511698375556,0.8412790712895706,0.8857459219869113,0.9565880742927937,0.9069075201326622,0.24376003609304187,0.8772638514038553,0.9373704232137268,0.9229034192989756,0.7935233386106602,0.8787630926879588,0.9447456538980155,0.9350697345319547,0.9166738102381804,0.8879432507007241,0.7002571784956738,0.932833950574053,0.4419432169043285,0.8958917053231716,0.9376689775178677,0.839875205865342,0.9908966831572722,0.9447456538980155,0.9076492093936457,0.9373704232137268,0.8772638514038553,0.861635014700465,0.24376003609304187,0.9642402977593341,0.978715337455474,0.9881161094061224,0.9716587563508736,0.9264564493231813,0.9204798499326443,0.836154519412001,0.2926766727788924,0.855663207544342,0.8477825023812873,0.24376003609304187,0.24376003609304187,0.5498635535447816,0.8322443404907793,0.8713396701567191,0.8548766696141695,0.8191038684576517,0.9583730747979635,0.9052103298201706,0.8686325153177201,0.9111842105263159,0.8200466541183984,0.24376003609304187,0.9580340059652181,0.9397435965156073,0.9501760208500689,0.8917301915843563,0.9447456538980155,0.9147323139114283,0.24376003609304187,0.24376003609304187,0.8335323337878826,0.9328339505740533,0.844251407259131,0.951215148231108,0.8597178833007997,0.9847701943343943,0.7548345210794776,0.896616495658181,0.8273645207312037,0.8504533195673067,0.24376003609304187,0.9214489273204716,0.8265206495261004,0.9350697345319545,0.8705150677206022,0.5457787904174849,0.672105899441021,0.602937705932113,0.8910854332944247,0.9350697345319545,0.9364924822911953,0.24376003609304187,0.9078748159280932,0.8910854332944247,0.8669631681563255,0.8833160062725918,0.8721967584517678,0.9870038583237333,0.9667561449440303,0.8309008895017891,0.9421983319196943,0.8515696104729278,0.8923018313924411,0.931187321004146,0.9473991727811977,0.8975213827250901,0.45595246232503917,0.8874273752573243,0.9397435965156076,0.2692511698375556,0.9142865589809408,0.9059145492620324,0.8879432507007241,0.997750746719945,0.9501760208500689,0.8879432507007241,0.9501760208500689,0.9140895174328346,0.8713396701567189,0.440161874610815,0.8626344708228049,0.9127774219260275,0.9473991727811977,0.961968798352208,0.9185607716438655,0.801227347421116,0.9244246976009178,0.9306566646589698,0.8634018641137656,0.6818026501819847,0.9350697345319545,0.8925170771825466,0.4926629157731771,0.7107959540321067,0.7292065718671006,0.24376003609304187,0.8569246572337172,0.9328339505740533,0.7911447687015544,0.9473991727811977,0.9918372319688107,0.9129874603663679,0.8338454108822266,0.24376003609304187,0.7676870022298581,0.8548766696141696,0.9129874603663679,0.8771981484049267,0.8850332908885414,0.8649671348776824,0.9397435965156073,0.781177897708468,0.8260366716024992,0.9888055423587134,0.8162361962441425,0.9148167155454525,0.8071824614767587,0.9501760208500687,0.9565880742927937,0.9328339505740533,0.8949560937756018,0.9857286773137053,0.903516354238403,0.6433433021723272,0.8840214858442499,0.932833950574053,0.2692511698375556,0.9086081532995891,0.8906557158215924,0.6147449526524661,0.7708985130552137,0.8056680815957458,0.24376003609304187,0.9699941810743937,0.9437425247658306,0.8975213827250901,0.24376003609304187,0.858451192965441,0.9366007185429917,0.9447456538980155,0.4168415444970912,0.2692511698375556,0.8948138613503898,0.9715992805222544,0.8640725290007105,0.9059145492620324,0.973631689189816,0.9565880742927937,0.8649671348776824,0.24376003609304187,0.9799701406110684,0.24376003609304187,0.9447456538980155,0.8489085250255921,0.9014063051136869,0.9501760208500689,0.9854433830775422,0.916593295513447,0.8742879430656609,0.8975213827250901,0.24376003609304187,0.8934077299130396,0.7860174572057299,0.9223660816349406,0.9886468494764689,0.5089545701438253,0.939743596515608,0.5096997249396567,0.9190473386737528,0.5348106214113686,0.8583462338175083,0.8395639625721505,0.5348106214113686,0.994794736900322,0.9397435965156078,0.9850607921252732,0.5348106214113686,0.9501760208500689,0.9094052998937732,0.9350697345319547,0.8484619576906176,0.9306566646589698,0.9718807580739222,0.9129874603663684,0.8569246572337172,0.9780340428202864,0.9148167155454523,0.8863888870954335,0.9076492093936457,0.9693318146530957,0.9946231749394501,0.822622598294863,0.8975213827250901,0.8999738211285455,0.8719977578125402,0.5964991309502996,0.9947454453095649,0.9076492093936457,0.9350697345319547,0.9373704232137268,0.8999738211285455,0.974378015357418,0.9042000439512241,0.9420850922811461,0.8982888703716154,0.9397435965156076,0.9421983319196943,0.6748804770948185,0.9025045192170256,0.8989412227451099,0.9253216361240024,0.9376689775178677,0.7366410038211224,0.91667381023818,0.8991661559057054,0.932833950574053,0.8536795281962999,0.9441595731099779,0.8848449272091168,0.868416302574814,0.6729833108533494,0.9421983319196943,0.8926744609561268,0.6677222958653406,0.9094052998937725,0.9264564493231813,0.9025045192170258,0.926269823160037,0.6818261607754563,0.859393668108072,0.9204798499326445,0.7575934530445267,0.980662425002937,0.8997209019134789,0.8038761477424692,0.9373704232137268,0.9881361984083077,0.8498654909309766,0.9042000439512237,0.9373704232137268,0.8655153376703726,0.8192691002838117,0.7289685638269627,0.9285324039439793,0.9741187306463792,0.8703626342900586,0.9950420205336963,0.9016719843861538,0.9373704232137268,0.8628207941079677,0.9129874603663681,0.9421983319196943,0.8583462338175083,0.9111842105263159,0.9350697345319545,0.9473991727811977,0.8484619576906178,0.9447456538980152,0.7650387230061639,0.9421983319196943
p99_V,0.6884637402908851,0.8793492472178119,0.8450157918837122,0.825427342399601,0.9032953985475973,0.9470898955447689,0.7356363893850177,0.677698077242711,0.4501444213736918,0.8987127601538671,0.8749724943304515,0.8981789948276746,0.8981789948276746,0.8026689534016755,0.9969772640803569,0.9333823247154631,0.918558209619452,0.7720632639639116,0.8936031902522543,0.9804836781759891,0.8835288032036603,0.8982263051186592,0.9154258444847001,0.9086173135612572,0.8395485353725951,0.47027502545212596,0.8583858153873953,0.9336421137244927,0.8987127601538669,0.5818329962403817,0.4901927167991089,0.8839713153825193,0.6168393988938643,0.5700243978374957,0.9032953985475973,0.8936031902522541,0.9759091249321665,0.8838450146253056,0.9040598105946913,0.8716759040414968,0.8425470722836177,0.9056829105482451,0.9470898955447689,0.9447849532141614,0.8884720125034238,0.9964473010739453,0.9141734198710232,0.5525877724757684,0.8221709206355945,0.9885116600976737,0.8839713153825193,0.9586053701317455,0.495424045328108,0.8506393987843803,0.9425880247995209,0.9861545404751741,0.8432075354874795,0.8706662210952574,0.7603898725974549,0.9241056608283051,0.5889122939537172,0.8465804318731829,0.8507014378963613,0.8049446775692438,0.8886981112672732,0.7974228289975889,0.9199989838706863,0.8337083660759868,0.7181438411271719,0.8936031902522541,0.8220089509052602,0.9798091457407953,0.9359245759999371,0.8040734612380835,0.8706662210952574,0.8536627045391187,0.9532705747358552,0.8749724943304511,0.7436547745072865,0.9040598105946913,0.874972494330452,0.9625134747891679,0.8122643945331463,0.7217652242119479,0.8706662210952574,0.7902760008933465,0.953270574735855,0.87526131039286,0.9479714806216397,0.8664736771305535,0.8706662210952574,0.7424335870011471,0.978410227345738,0.7544574491702358,0.8122643945331463,0.7655649192778148,0.7190418665754772,0.7959505066575708,0.6980437792537499,0.6876799731095324,0.916338074360628,0.8794015740660153,0.870666221095258,0.7317108225761608,0.7193162895484368,0.8936031902522537,0.7636614027202091,0.7841467405005881,0.9474945410467233,0.7235448014013848,0.7668561897602926,0.8545462084867692,0.7405221641796152,0.7896818625615616,0.9141734198710232,0.8233624390019214,0.8793492472178117,0.9326468089069144,0.9901199804948462,0.6475012170792693,0.9031535625852034,0.7255226183288324,0.8395485353725951,0.9024704228427967,0.900999477648325,0.6116207677479522,0.9422632192467117,0.7406832782275716,0.8981789948276746,0.8904440437110421,0.6864427310754013,0.9141734198710232,0.9560266523588534,0.9040598105946913,0.8884720125034238,0.9661038161608295,0.7592558963605949,0.9199989838706863,0.883971315382519,0.862383237570735,0.9883805056256363,0.8987127601538671,0.4654056055656469,0.787300240774115,0.7311266919935464,0.5333882755881607,0.9257827726180885,0.7320021782456281,0.9706858708533024,0.8575751784278325,0.8987127601538667,0.9830325856302405,0.6949068033246188,0.5731550652969277,0.8839713153825193,0.5837692784935744,0.7875878833837571,0.8192817117138217,0.9917272697684494,0.7082009761299464,0.6645148020788414,0.9141734198710227,0.8844754883439767,0.9057921555696757,0.8354187800877535,0.8301808931874113,0.7890802266664738,0.8989506643551787,0.8596275693879698,0.9811033306672006,0.8709441203954518,0.8664736771305535,0.5717481535273339,0.7170209335512839,0.7283282623657421,0.906715458486719,0.8936031902522539,0.7355274757566845,0.8186302231260758,0.9581667925597266,0.977331253947391,0.6494761041141197,0.916338074360628,0.9932949479190378,0.8449105004427266,0.7198066804147181,0.6630209160878836,0.863935424688012,0.936768944084677,0.8980430597307061,0.862383237570735,0.8907785009971172,0.992260793079823,0.8477834719447452,0.8002012539476728,0.8706662210952574,0.8749714078758022,0.9241056608283051,0.9549669493462636,0.9781090542965074,0.6835829401430045,0.9932949479190378,0.8706662210952574,0.9004486304702091,0.7636002291940532,0.8987127601538671,0.8706662210952574,0.9265821485689039,0.5572193658831186,0.5053157444704254,0.652451853097106,0.8751868852980644,0.8664736771305537,0.8706662210952574,0.7257515950471449,0.8706662210952575,0.7680258881594829,0.9962464550801918,0.9928066263611243,0.8706662210952574,0.7877069277381672,0.8706662210952574,0.8661966009271316,0.5804629626031743,0.7872396217168485,0.8356133469333675,0.8794015740660148,0.8406909024694953,0.8623832375707348,0.8359725460677725,0.8707041703100611,0.780495239363846,0.5457736442549188,0.8811481907951237,0.8839713153825188,0.8190313752870146,0.828729388428608,0.8823438442399556,0.9050816033510514,0.7484128010236013,0.5997067959143365,0.9486444067354804,0.7082009761299464,0.9858280840858755,0.8706662210952574,0.9253391801720217,0.8706662210952574,0.5289410455320038,0.7842254686329961,0.9920543208470207,0.9116107977387804,0.8266926780780439,0.8749714078758022,0.8613328564749657,0.974481042465255,0.7272339666683894,0.9311627243054967,0.710707477482148,0.8794015740660157,0.7221870659266996,0.4476199547687544,0.9175929873196806,0.8664736771305535,0.9989819949201276,0.985116990261247,0.9040598105946913,0.7948280645850261,0.5756802008253397,0.8289778574560314,0.0,0.6813644021438376,0.9719180106648122,0.931727067541158,0.8358137441041701,0.837349936527124,0.8936031902522537,0.6799494365914076,0.6510771326692578,0.8324501640471824,0.8830190579203292,0.8936031902522537,0.7526894958971744,0.7746837015001252,0.8886981112672729,0.7549679910916898,0.8254273423996008,0.8794015740660153,0.9470074801592101,0.7121905911443037,0.9858280840858753,0.9837171114810386,0.9489452656760307,0.8814485327269547,0.8936031902522541,0.7945987320434347,0.7544574491702354,0.8067930423012486,0.6781922527311086,0.8936031902522543,0.8706662210952578,0.8964283957444483,0.8623832375707352,0.8839713153825193,0.7977665919924855,0.9090364487067648,0.8794015740660155,0.7817892121171828,0.9590047075991,0.9008111578560802,0.850375239625313,0.8950157602898949,0.7523107203512376,0.8503590176804696,0.71324193234654,0.6923691560668893,0.9395982191649277,0.6439906206763961,0.9395982191649279,0.8152889014310376,0.8054691836486052,0.9110686166890651,0.9815110427139535,0.8706662210952574,0.6836966627594734,0.7907172972604055,0.8255524180203793,0.8936031902522537,0.9635780404756726,0.8664736771305537,0.8706662210952574,0.8665350367911269,0.9892659537837639,0.9040598105946913,0.8540450370229495,0.896016239429829,0.8324501640471824,0.9358903421766451,0.8973034632391533,0.9567558566587842,0.8665350367911273,0.7930684294165097,0.9368468498869977,0.9489452656760307,0.6358836872015794,0.933261245704275,0.6900030262807052,0.8396716192826053,0.9470898955447689,0.8264516919853566,0.7933358049763419,0.8093534877442213,0.8583858153873956,0.8664736771305535,0.8444870269260001,0.7601659027266043,0.7546879506972711,0.7367567323945945,0.939735309477193,0.8706662210952574,0.6516803377519147,0.8988104657218368,0.8186302231260758,0.8988104657218365,0.8987127601538669,0.8539020097627188,0.8706662210952574,0.8706662210952574,0.9211808874473997,0.7938554013457644,0.7502668628603082,0.8706662210952575,0.8987127601538667,0.8706662210952578,0.8026689534016757,0.8168830931905252,0.7916613101109505,0.9988170690953836,0.8058361000882572,0.8707041703100613,0.9819896248973858,0.9087537575265233,0.8706662210952574,0.8276015895856477,0.7872396217168487,0.8128349949733221,0.8198641385595171,0.8519395799094818,0.6841591597193573,0.9489452656760311,0.7737001926842599,0.8706662210952574,0.8780403569258639,0.8255524180203793,0.5490785736257119,0.9311702976510723,0.9759091249321667,0.978410227345738,0.8544735095381983,0.8706662210952574,0.7723089717944647,0.818701712776472,0.8706662210952574,0.9441465395519304,0.8616668578224154,0.9851537214740739,0.9436348623121291,0.7554178416442227,0.8706662210952574,0.6798665566463888,0.7498869456699089,0.9261380758714728,0.6833909837626082,0.7009672037278514,0.9425365758138311,0.45150363227331314,0.7907177969864605,0.9141734198710232,0.8343707686619775,0.5053157444704254,0.8624569788734151,0.6717692767985746,0.7443628315657818,0.8754040552453723,0.8359725460677725,0.9199989838706863,0.8758504577723429,0.8706662210952574,0.9326468089069149,0.9070609765241838,0.7784757003732261,0.9030676093179744,0.8155292675303605,0.8932444491995202,0.881448532726955,0.9422632192467122,0.862383237570735,0.8468773793429294,0.870666221095258,0.8793492472178117,0.8544066540173995,0.7550861614852238,0.9326468089069146,0.6543217017938012,0.9377454038018886,0.9367689440846763,0.8624569788734151,0.8014184739932164,0.8707041703100615,0.8987127601538667,0.8143829025552096,0.8048182993128038,0.7603705705278911,0.8545462084867694,0.6614195379437765,0.9445708777308239,0.879401574066015,0.8591950943404287,0.7438265858582667,0.6976206385496839,0.9104881504923739,0.6733362960689349,0.9873529542805415,0.5602700468404277,0.6072016258915269,0.6272769194972548,0.8165589652890664,0.8884720125034236,0.6748829246650621,0.739593268255446,0.8481857313975263,0.8324501640471824,0.8624569788734153,0.9362705400670084,0.9030676093179746,0.9508233814221154,0.936500812640771,0.8267128986642145,0.5727496243004169,0.8794015740660153,0.9288995822945738,0.978956313767608,0.8336897868247428,0.992956651141114,0.9892659537837639,0.691446068355889,0.7015199236697476,0.8886981112672732,0.8087102574521294,0.8583858153873953,0.991183199032463,0.9920543208470207,0.8936031902522537,0.8557522028152511,0.9462280931182414,0.8470580936410483,0.8981789948276746,0.9749997343838411,0.8013074122773485,0.9027865373485819,0.888472012503424,0.8849700030452379,0.8706662210952574,0.8886981112672732,0.8706662210952574,0.8706662210952574,0.7020101545485048,0.8359725460677727,0.8372419978857324,0.8706662210952574,0.7755555241069203,0.6752150707188851,0.8479566136798238,0.6556994552349731,0.8445646912048959,0.901915483179615,0.7744707814154941,0.7522539021428012,0.6219802672614765,0.8838450146253061,0.8154076833956245,0.8886981112672732,0.5368103171700132,0.7673588145698675,0.6573525705023302,0.8090339827877056,0.8544735095381983,0.8932444491995204,0.8719113262548573,0.9261380758714728,0.7723089717944642,0.9141734198710232,0.7655649192778144,0.9257484399272569,0.8289778574560311,0.9786364242927295,0.6601423656463544,0.8288878399988695,0.4706762064507607,0.9683947100959853,0.8186302231260765,0.9119673511039381,0.9532705747358552,0.8749714078758029,0.8443091301970413,0.6524518530971055,0.9925658955532999,0.9199989838706863,0.9463908385559952,0.858385815387396,0.8198641385595171,0.9797097689466667,0.9615896302219167,0.8268321971115574,0.930672331670205,0.9470898955447689,0.901915483179615,0.654321701793801,0.8291806923780101,0.9092150315886045,0.953270574735855,0.8829115181159575,0.9588963448540633,0.8706662210952574,0.9199989838706863,0.7189357563716756,0.9988170690953837,0.9458257250351249,0.7990302119867637,0.9833107042853396,0.8122643945331463,0.8617373334916858,0.8359725460677725,0.7480022157559862,0.7742035677576434,0.7694588385072605,0.8468773793429294,0.956994303386677,0.8932444491995202,0.8838450146253054,0.950173420615039,0.8904440437110421,0.8324501640471824,0.9596020457390008,0.6638452008339046,0.8871873989482446,0.904532667677266,0.8372419978857326,0.7444916497508871,0.9914760756174148,0.9491886428703427,0.8987127601538671,0.8665350367911271,0.956799063696924,0.9962464550801919,0.9592706344751648,0.7493191812824033,0.8664736771305535,0.8464986095728732,0.966560698767458,0.9470898955447689,0.9104314201257266,0.981511042713954,0.8553966797904404,0.9160634361285369,0.7363601750214237,0.8066845249910601,0.832393092801478,0.8935215382096593,0.848300091147675,0.6474105508816652,0.9932949479190378,0.883971315382519,0.9040598105946913,0.8706662210952574,0.9031012872498192,0.9133966707913739,0.8113510967678945,0.8408401366093421,0.8706662210952575,0.6630969572691565,0.9138665419311596,0.9578493706182811,0.8026689534016755,0.8184522000488279,0.7962445375813831,0.6579705733931672,0.6931492343744146,0.9596515628429902,0.8396132831153245,0.6811558100909636,0.9573439231558036,0.8886981112672732,0.7907172972604055,0.8188306891964299,0.9489452656760307,0.7842254686329961,0.9040598105946911,0.9116107977387802,0.8623832375707352,0.9470898955447689,0.9367689440846765,0.8432075354874797,0.8706662210952578,0.9850637440284618,0.8121005922888063,0.9326468089069149,0.870666221095258,0.8431820355014632,0.8475876134006488,0.7554178416442227,0.8664736771305535,0.9920543208470207,0.8583858153873953,0.8664736771305535,0.8664736771305535,0.9031012872498194,0.8706662210952574,0.9787306038515089,0.8630364988833324,0.8706662210952574,0.8324501640471824,0.739593268255446,0.9326468089069144,0.9141734198710232,0.9615420303159279,0.9904449693823784,0.8664736771305535,0.8746320316279002,0.6475012170792693,0.952151991487087,0.7511577368681706,0.8706662210952574,0.8034114411854585,0.8794015740660155,0.9885261369375651,0.7668694422908984,0.8066482158162789,0.8936031902522537,0.8749714078758024,0.8935215382096593,0.8479566136798238,0.920508039628191,0.8706662210952576,0.8267128986642145,0.7995308748845202,0.8557522028152509,0.7595943848980098,0.9030676093179744,0.9716904275615754,0.8221709206355943,0.8794015740660157,0.8034114411854585,0.6575458420019675,0.8706662210952574,0.9359245759999371,0.8566007820472585,0.8987127601538671,0.955812484223286,0.9185582096194524,0.8468773793429292,0.7396807031833379,0.8932444491995202,0.8302023198200654,0.7918241581366117,0.8706662210952574,0.8706662210952574,0.8653347025776128,0.6575597692470931,0.752253902142801,0.9726782884706949,0.6739078356862689,0.986458566768178,0.9925658955532999,0.7486781121543609,0.8289778574560311,0.792716240900797,0.8706662210952574,0.8602659343120391,0.9199989838706863,0.9040598105946913,0.9638261156139816,0.8936031902522537,0.7007393145556181,0.8706662210952574,0.8706662210952574,0.819776744865661,0.9032953985475973,0.8128661756547155,0.953270574735855,0.9607863239306713,0.7673422828548702,0.935631180290885,0.7626277832154535,0.7027831123913076,0.9844802223229758,0.8706662210952575,0.8479566136798238,0.7059538283553082,0.8749714078758022,0.9326468089069146,0.885077075409362,0.9778095992482343,0.7723694787044313,0.7902760008933467,0.9086173135612572,0.9227610074998354,0.8706662210952574,0.6737328719187999,0.8119828938590445,0.7109386907833091,0.708716211668408,0.9292955626205779,0.9483916621815944,0.929386714671942,0.7351362653374831,0.9635780404756726,0.46624141256501184,0.7687269805419783,0.9911831990324629,0.9395982191649277,0.9469887676211469,0.8255524180203788,0.7072729977353729,0.883971315382519,0.8664736771305535,0.6037205766713356,0.8919612280695786,0.8692003286954328,0.9119212549882194,0.9470898955447689,0.8267128986642145,0.9040598105946913,0.9040598105946911,0.752253902142801,0.9148508150747282,0.6017909716776626,0.9359245759999371,0.9395982191649277,0.8431820355014632,0.8431820355014632,0.7335965349405016,0.5580963887196512,0.8164731458982358,0.9650917669427266,0.670540926341459,0.8749714078758024,0.8443726976688835,0.8119828938590441,0.541870542312072,0.6039449135821788,0.8706662210952574,0.7244966034744018,0.8706662210952578,0.8618140124031941,0.8987127601538671,0.9312512615789827,0.5432459443912845,0.8028635743534613,0.8706662210952574,0.7480022157559865,0.901915483179615,0.8324501640471824,0.7301179293067703,0.6882151596209426,0.7357540787905144,0.883971315382519,0.7188233081304181,0.7711101275780072,0.5602871966081787,0.835210904989238,0.8624569788734151,0.6901968508486815,0.9040598105946911,0.8624569788734151,0.9032953985475973,0.7783715086283882,0.8469234123385454,0.6264775954205299,0.7714855997016035,0.9156051850579334,0.9988170690953838,0.8664736771305535,0.7022196437481639,0.9301511751982598,0.7539001466024688,0.8128349949733219,0.8712231848073567,0.8706662210952574,0.7952197766182021,0.9060586190430636,0.802668953401676,0.8706662210952574,0.7405676683148599,0.8544735095381983,0.8936031902522537,0.8359725460677727,0.8981789948276746,0.9998182792492016,0.9984044428477474,0.7382604212759971,0.8919612280695786,0.8266981658679113,0.9154258444847003,0.9224729485477872,0.8706662210952574,0.8635700326345708,0.8706662210952574,0.8936031902522537,0.7367129701389674,0.5709022944124427,0.9040598105946913,0.8596275693879698,0.9763734061501133,0.6167044746239527,0.8709441203954515,0.8706662210952574,0.7335965349405013,0.7515356168137487,0.7413064277149315,0.8557522028152509,0.7484128010236019,0.9920543208470207,0.793861146978154,0.8519395799094818,0.9160634361285378,0.6590697240325425,0.871223184807357,0.9160634361285378,0.9619776763871524,0.8839713153825193,0.8241146845001344,0.9160634361285378,0.9040598105946913,0.9984044428477477,0.975909124932167,0.7601659027266041,0.8981789948276746,0.8519395799094818,0.8324501640471824,0.5580240554557848,0.9754189037734791,0.9683947100959853,0.46184698124412127,0.9459333791503506,0.8981789948276746,0.8707041703100611,0.7822503103564469,0.8026689534016755,0.8498100768272339,0.8387460925796512,0.878373458679272,0.7522528830478008,0.8469234123385454,0.908617313561257,0.8794015740660155,0.6971410109686971,0.8026428737504381,0.9202465243964858,0.8635700326345708,0.6851691935236828,0.883971315382519,0.8886981112672732,0.8428679570043456,0.5246511574993247,0.7717130342330896,0.9492412835182771,0.8323930928014782,0.7626930660478175,0.920508039628191,0.5717669223252084,0.9032953985475973,0.664819244832193,0.959544711558128,0.7782593906983291,0.628348584503148,0.9889186942166841,0.8886981112672732,0.9470074801592097,0.8165474976735849,0.495424045328108,0.9185582096194522,0.8596275693879698,0.9130373620729506,0.80357853448597,0.6297600678853383,0.8468773793429292,0.7829300741136094,0.8664736771305537,0.8056348513275577,0.6911273822419184,0.914173419871023,0.8749714078758022,0.609819832491033,0.511900021010702,0.8794015740660157,0.946369288729159,0.7008658463234201,0.7871838096442514,0.9241056608283054,0.8623832375707352,0.784228643378487,0.8844754883439767,0.8631121466811532,0.9141734198710232,0.6736393849170863,0.8584628261955796,0.926138075871473,0.514670592432763,0.854546208486769,0.8749714078758024,0.8987127601538671,0.6508982625112759,0.8936031902522537,0.696122225014669,0.8886981112672732
p99_Y,0.9378317968611916,0.7356716452475427,0.9706202793328345,0.7973899164845191,0.9080511068923101,0.7426725695110277,0.833984341649357,0.7869731679213541,0.7630301393628982,0.9019980934674425,0.890955137677202,0.8708047111031321,0.8708047111031318,0.4038493780165814,0.8048522476222733,0.7529042682606857,0.8309891709989181,0.8618154073588145,0.824944242843491,0.765297998201516,0.9920336524655371,0.8717810065915925,0.9162514888111727,0.9132508500097023,0.8807450223035019,0.8312107660355976,0.5861638563408956,0.8159802390594648,0.7652979982015159,0.5996810620266622,0.8152281195719786,0.8877347993463758,0.8591937786248889,0.9989880522511065,0.8748612665230131,0.8249442428434909,0.9132508500097023,0.6030347682001675,0.9071717080147699,0.4922601648497129,0.9801246404056905,0.8345250985805042,0.9947106386333202,0.9124919384131027,0.7391796780021604,0.7317489666940669,0.9894212590166906,0.7741087980027945,0.6936826492658865,0.7334327783369405,0.9243815265814348,0.7230511820385628,0.8312107660355976,0.8554840303456193,0.991425262159849,0.8742984828548181,0.728970149564203,0.8748612665230131,0.9103636687142505,0.9610214357054914,0.7685482192001512,0.98453784145934,0.9129777117930791,0.7903842889297825,0.6506922343844002,0.802414971440323,0.8190913827731542,0.7863006871376612,0.9690240899197347,0.7455152426806335,0.3937157615397391,0.8279389502457002,0.8928098508919077,0.6172130154727724,0.8748612665230131,0.7379972984494576,0.8762635967305403,0.77664365888434,0.6526581821003681,0.6989031042017531,0.9481108770736328,0.8710592441254751,0.7962301686137317,0.8312107660355983,0.8748612665230131,0.3638860039317422,0.7598008302903176,0.6193972778461352,0.8126498178825814,0.8708047111031318,0.8748612665230131,0.1901008709893831,0.6149250255613028,0.7363469248365095,0.8906192655094427,0.8319057481659549,0.17232119240885213,0.7407169184222451,0.6584586267386654,0.6409181613236523,0.7041744390903917,0.6922548077582795,0.5941012875682351,0.4814343729838888,0.9888407795622607,0.9367687566679366,0.46044465824255143,0.7154255390284976,0.8447529080334879,0.6080896615941696,0.2779628267376276,0.8273749485191677,0.8848570338413655,0.6468660860558076,0.9186826071889065,0.8650948141475066,0.8524843093637815,0.8970542565865078,0.9509411733240449,0.7134606560183219,0.981641218073509,0.29565473451645763,0.551342538707891,0.852125068499719,0.8873965595759468,0.5545839044351473,0.9132508500097025,0.8494242292955804,0.8711944404814034,0.8344417756036386,0.7031585298622738,0.8833132812750142,0.7091512010679766,0.9071717080147697,0.586163856340896,0.7097896040481211,0.7533125549178175,0.8923848372432716,0.9243815265814346,0.8668469482494165,0.9347339549406204,0.9435860820088227,0.596844917029558,0.5709426615760822,0.33281839398873525,0.8005226029553727,0.9196817568450466,0.6260806738716496,0.8279389502457004,0.4903606876941148,0.6821220211187559,0.7685482192001503,0.6489530249786335,0.7590093454581801,0.7457979283030358,0.8531167607977221,0.47740538681411393,0.8480951988186949,0.8050790628852298,0.4189896786009023,0.6540487137759292,0.9044707632416327,0.6593821693854013,0.6419841666522812,0.8221668883955393,0.39779549727347874,0.7856486949345276,0.9418761286282693,0.9628847807117868,0.7256921749825871,0.7742404730452284,0.9030548171550652,0.8247070619071957,0.6468565120875678,0.8893886909019684,0.637352234696197,0.785229742762062,0.7473233658026186,0.6321878303833739,0.8722368848618702,0.8245291739742624,0.8509605796475981,0.9025401228808813,0.903054817155065,0.7796127738015537,0.346554740843783,0.7134606560183219,0.7963840373875464,0.8554840303456193,0.8595963477466205,0.9296299398867998,0.8221832493711043,0.7939963202350968,0.7104282892177385,0.9489498034499546,0.8748612665230131,0.8790268110981543,0.7564551019262826,0.7933744480571812,0.9566401395938106,0.824658740258438,0.9998051353108643,0.8748612665230131,0.921570175146561,0.7104282892177385,0.9435860820088227,0.8748612665230131,0.8574793503124825,0.8560505186143621,0.8442970666372771,0.7736064627949909,0.737256286763142,0.5809434860140051,0.8748612665230131,0.8333628777946368,0.8748612665230131,0.8112056982051903,0.8404149519250472,0.8220890727708543,0.8748612665230131,0.9592491676212607,0.8748612665230131,0.8339843416493571,0.8521933521560987,0.3322768086345568,0.8627696708413564,0.6568854818443879,0.5929264963941541,0.8668469482494165,0.8623724660638419,0.8482685526552223,0.4697562028562313,0.6026168580601532,0.9319971112743631,0.8557381100082126,0.7903842889297823,0.7670578807931518,0.995035586468803,0.8196036308612024,0.8992680046358101,0.7912242895821904,0.8629791856785536,0.17231979043201306,0.8982384440681082,0.8748612665230131,0.916786973191366,0.8748612665230131,0.42998883009366384,0.5821221631068194,0.8877347993463758,0.9681114545040088,0.5929264963941541,0.8790268110981545,0.7883283161761143,0.8722031149997889,0.21739634483892445,0.9195330073754174,0.7059292769832108,0.8833132812750144,0.20666662818410453,0.6839472701221503,0.6314638736106937,0.8708047111031318,0.9934418502503,0.51980265851437,0.9071717080147699,0.7234613530210956,0.589443355729709,0.8345250985805044,0.6813644021438376,0.0,0.9243815265814346,0.7805597490988652,0.7440603305109623,0.7663295707928822,0.9367687566679366,0.5933081754943146,0.9978031632325968,0.659382169385401,0.6600927075743732,0.9367687566679366,0.6811824656611054,0.6145735474709628,0.9172752689467667,0.8823484270123108,0.4501482648951618,0.6215161559304959,0.8223694384775777,0.5390363445543356,0.8982384440681079,0.8833132812750144,0.9044707632416328,0.5363877759220519,0.666086242517776,0.5180354667997438,0.7676261964777695,0.7529042682606859,0.8510681829850326,0.9043732430063484,0.5941012875682352,0.6936826492658867,0.568106127014132,0.7091512010679774,0.641984166652281,0.8443741016501212,0.8337321114138483,0.9202829442340821,0.837819801939105,0.7145600023067045,0.7769287881634224,0.8727754223410102,0.47933730398787144,0.6974312328257742,0.6845570155449723,0.23265299435542897,0.931649952367037,0.901054062715378,0.8484739752842765,0.9096667976154489,0.8344417756036391,0.811496121993171,0.8833132812750144,0.8748612665230131,0.887734799346376,0.8093428803376042,0.4525169718846984,0.9367687566679366,0.9684748590979333,0.6454436981178715,0.8748612665230131,0.9820039428649929,0.9367687566679366,0.786442034820303,0.9874503053133294,0.8342131567969495,0.5270839976728536,0.9243815265814348,0.6043342443176409,0.5937100890136464,0.6336931596067937,0.8591937786248891,0.4698856217692603,0.9186826071889065,0.8893603794543214,0.6679161123558303,0.8554840303456193,0.8212923476618121,0.9947106386333204,0.5649802781667843,0.3960695834604172,0.5954645220427581,0.8921954996634238,0.9030548171550652,0.7595447836299227,0.6128017335907436,0.6110823214891337,0.5564095358235797,0.5428025939247194,0.8748612665230131,0.7022727966356215,0.9074779663856256,0.4514554820544032,0.9158829961155546,0.9019980934674425,0.7104349257672007,0.8748612665230131,0.8748612665230131,0.8531167607977221,0.8419009527071726,0.34931700193819626,0.8748612665230131,0.7237100096601362,0.5941012875682345,0.6121943689701956,0.7656043388044989,0.767514790866892,0.9923793719997989,0.39063964849466637,0.6758156980643613,0.6701529861525837,0.7368523759173475,0.8748612665230131,0.7935184982392058,0.39779549727347785,0.6063766675308009,0.6130162344833539,0.7658050078962297,0.5164856198477343,0.8833132812750144,0.5977648797703328,0.8748612665230131,0.5400698824274226,0.6827473418388887,0.6687492907138852,0.7079610803706082,0.9474748889212501,0.7336026945922235,0.603034768200167,0.8748612665230131,0.7815211570165692,0.7056944585970859,0.8748612665230131,0.8830441827092179,0.9620683235886912,0.9896120808920408,0.554841694084591,0.5701901276130863,0.8748612665230131,0.7981403193102719,0.8804250684516122,0.8411086876432334,0.6831964445029698,0.8161989257207765,0.7915437648383319,0.7945149751124352,0.45074803559654786,0.9186826071889067,0.806399776287932,0.7202806704181541,0.7007353978218488,0.6839313826392164,0.3757066142314305,0.9122207749495692,0.8682324201995035,0.9243815265814346,0.5548415807532278,0.8748612665230131,0.9440877430877771,0.776561976511104,0.973742778455623,0.9375776441335051,0.9925445761687612,0.8668469482494165,0.937541551737048,0.9156289554325594,0.8982384440681084,0.7480657891861247,0.594101287568235,0.9108906414219016,0.8899998021615128,0.4482617271943604,0.8970542565865078,0.6674208096960499,0.9019980934674428,0.9985001395090816,0.808493443316511,0.7823582615666407,0.8437859625162737,0.723710009660136,0.9798589040283725,0.837819801939105,0.7921922196712706,0.9645635420037073,0.904258640805859,0.7994140532752108,0.904470763241633,0.8000391248186633,0.8080063374072957,0.7645759282796867,0.7123014380704192,0.9242540801507566,0.9947333835299361,0.8389886061382859,0.354009003161756,0.5963113348023801,0.5185934616441934,0.9534018283279292,0.6725824849665238,0.6164015242976604,0.9479662056832869,0.8378847781069219,0.9221114429468344,0.5468440962135301,0.9766887467718484,0.8517149531780608,0.8908040467919405,0.8846445652569521,0.4366499019339467,0.6568854818443877,0.8165903485558248,0.9842998483648475,0.6067646804926197,0.9433783360394672,0.8970542565865078,0.7981356597155751,0.8429039326427374,0.8030253969914667,0.8782658806255694,0.6779733493376541,0.8615923353311714,0.9610282538164934,0.8970542565865078,0.4957177700051105,0.6355682657900461,0.9760120445211358,0.9679447586372025,0.9998051353108643,0.6086757254344237,0.9330594685797866,0.8629791856785536,0.4715946524691801,0.8748612665230131,0.9303915684461666,0.8748612665230131,0.8748612665230131,0.5680360858993996,0.8412929088258385,0.48539083809607453,0.8748612665230131,0.5449245075273336,0.615253713738509,0.9926882803105708,0.44541207234674174,0.7935184982392056,0.8593044484670548,0.5665679472107716,0.7798518999558515,0.6206778766890872,0.8591937786248891,0.7734305545120639,0.8923082777944,0.8412383273235682,0.6381807842302893,0.6921763058237103,0.638280689402954,0.9786985459970985,0.9610214357054916,0.5615104642671103,0.7649421063397006,0.4320228939529651,0.9540519331027986,0.3974682496585735,0.904258640805859,0.7493518824652456,0.895171931573169,0.6883056554727742,0.6954615030084363,0.7885928396723514,0.8412929088258381,0.8482066681708338,0.8833132812750144,0.8762635967305408,0.6418366441401779,0.8480951988186944,0.6791886625242756,0.8063530267569723,0.9243815265814344,0.8959312362575045,0.8629791856785538,0.8693418903975481,0.6049207349777097,0.7744441223256037,0.5779012390427001,0.8665307604419943,0.8739809654388537,0.48501513888667525,0.6674208096960499,0.7798518999558515,0.6363946117285535,0.6478206539890431,0.8521933521560985,0.9006097185072175,0.8748612665230131,0.9243815265814346,0.9251780534576666,0.9412409472616072,0.8795297496699443,0.904258640805859,0.9610214357054916,0.7721416635462834,0.6149250255613026,0.7546144205691798,0.5474829605536764,0.9019980934674428,0.450941990725229,0.9375776441335051,0.6872649288141237,0.8668469482494165,0.8719204947876393,0.8107578905723443,0.5605134200960955,0.5535436320153632,0.9866181724651031,0.7733255388520541,0.6138723387536791,0.6793310506065839,0.6863636610263044,0.6581742516243081,0.7200909137673119,0.8152281195719788,0.8068859867428966,0.6885935735393952,0.9132508500097025,0.825370049927665,0.916786973191366,0.7360813529480195,0.8708047111031318,0.5437300704971371,0.5907832941105748,0.9177504307481291,0.8045702726342032,0.9894212590166909,0.5846848008052672,0.8564263177459289,0.8605327872651449,0.8740302166787013,0.6858016625355684,0.8722031149997889,0.7874126136068371,0.8518440350388581,0.9353049232069983,0.9976749810515522,0.8302115001295782,0.8748612665230131,0.8893603794543212,0.7978734238506288,0.6110823214891334,0.4740470255955246,0.8748612665230131,0.7473127040232905,0.46340626280694874,0.7685482192001505,0.7510910296059382,0.8024655460350352,0.4455335643695786,0.7072456162866392,0.47248700172318914,0.9585891805017341,0.5900239256894342,0.6475137477874815,0.779603446479504,0.9303915684461668,0.5354727338665746,0.6793787286165802,0.8337321114138484,0.34442598998885743,0.6989031042017514,0.8215127245154954,0.5994976228328238,0.7864420348203028,0.855484030345619,0.7785615705118253,0.6272911279375322,0.9497993512712273,0.750104033894951,0.8970542565865081,0.9080511068923101,0.904258640805859,0.5433827852079613,0.6132665510366033,0.9030548171550652,0.9656782917133889,0.8935823500108064,0.9030548171550652,0.8708047111031318,0.8670300657954068,0.8748612665230131,0.8935823500108064,0.8319768230501763,0.8748612665230131,0.5006243633303445,0.5620008835703789,0.9838022431692058,0.9186826071889067,0.8923082777943998,0.8790268110981545,0.903054817155065,0.48649640051496856,0.6503151680969264,0.8412929088258383,0.6233818356708833,0.8748612665230131,0.4402281291366297,0.7276241336721718,0.9172636811344497,0.5771959714675559,0.5732565869951187,0.6660862425177759,0.7102847219632731,0.8722031149997891,0.7982095932140576,0.8532948153372011,0.9259996912612046,0.8344417756036386,0.5537659587041943,0.8046040953671045,0.7834624981403944,0.8052215285825557,0.9440877430877771,0.4670823542976916,0.9540519331027986,0.5008777164543956,0.6866692417083813,0.8748612665230131,0.8596200105226105,0.8138986400303834,0.9019980934674425,0.5290338987929599,0.9853918430075652,0.77664365888434,0.6555792182897768,0.8668469482494165,0.5708861834625188,0.5548797309105837,0.8748612665230131,0.8748612665230131,0.8738757244126301,0.6000903169324376,0.41809981395041873,0.8017214777623809,0.6646631781210417,0.6419607712966526,0.8365092949966533,0.5784230385121472,0.4892749956188396,0.6840381007493281,0.8748612665230131,0.9282339984378885,0.9243815265814346,0.9071717080147699,0.5259167737881122,0.9367687566679366,0.6730089602531732,0.8748612665230131,0.8748612665230131,0.6566298397076227,0.6604809683068291,0.6908276014619388,0.9322536848811778,0.5182600351746425,0.8668813124846249,0.9925445761687612,0.9418761286282693,0.6369137870637702,0.4712939744208676,0.8748612665230131,0.4092522190210284,0.5651831889812866,0.9816989278327977,0.9367687566679366,0.8620136946685804,0.7727579301886023,0.8463917370351528,0.3418061242443897,0.8790268110981545,0.858800976007031,0.8748612665230131,0.6024818805025931,0.6288445601799721,0.7521357771523611,0.531956003169201,0.9110779868039992,0.884687196374679,0.7657827470574301,0.37774072322150754,0.9303915684461666,0.7089151427934763,0.6766864858583375,0.9853918430075652,0.9435860820088229,0.982585463998842,0.9079542226869952,0.5536709957814954,0.8877347993463758,0.8708047111031318,0.7111342292376472,0.8742984828548181,0.6901658781604382,0.9203548220411666,0.9071717080147697,0.6469483921389907,0.9071717080147697,0.9947106386333202,0.5159105805472155,0.8030235810885908,0.8002462986601517,0.9080511068923101,0.9732379409084171,0.8437859625162737,0.8482685526552218,0.44721663660828415,0.8591937786248893,0.8708047111031321,0.9734813247500631,0.7572151543418784,0.8790268110981547,0.7302550584685937,0.8412383273235684,0.6086757254344235,0.5527962924881556,0.8748612665230131,0.17185567860508355,0.9412409472616072,0.6533417875685852,0.9019980934674425,0.9905712306883478,0.8908040467919407,0.5234538498933659,0.8748612665230131,0.5331000970951847,0.48501513888667536,0.8378847781069221,0.5360743591338715,0.5877507455324138,0.5536709957814954,0.9243815265814346,0.605815629509536,0.9996773391404603,0.7088232712478928,0.525204980493059,0.5390983295798564,0.3843337266404878,0.7426725695110277,0.6737958864481834,0.6936708086761258,0.9393099150555948,0.9202829442340822,0.6179685761691882,0.7602897466364924,0.49824799780826967,0.8748612665230131,0.9030548171550652,0.6563749577900153,0.7838664481283648,0.7129000186067029,0.6063766675308009,0.5902687709739707,0.8748612665230131,0.5217270255257289,0.9835081768576976,0.38069993457729134,0.8748612665230131,0.6206778766890872,0.7524157274154294,0.9367687566679366,0.8682324201995038,0.8708047111031318,0.8431143044210211,0.856791918252731,0.7630410812701615,0.8033572809856367,0.7975957101182445,0.8084934433165107,0.5337592694436764,0.8748612665230131,0.9192452111745044,0.8748612665230131,0.8970542565865078,0.39797622029092306,0.7150550657675057,0.9071717080147699,0.8906192655094425,0.7836635210341599,0.8254180629989614,0.7510910296059381,0.8748612665230131,0.8245246215470048,0.6906518138414979,0.7650247336847513,0.6145202028366464,0.7912242895821913,0.9976749810515522,0.8152281195719786,0.8355817977396094,0.8378198019391048,0.7360813529480197,0.533068839802475,0.8378198019391048,0.9016673188047062,0.6358577465978599,0.7529042682606857,0.8378198019391048,0.9071717080147699,0.7083284940560208,0.9132508500097023,0.5599439004116961,0.6454436981178714,0.8121339627770114,0.5535436320153633,0.9706202793328345,0.8560505186143628,0.8412929088258381,0.8097151682352441,0.8531167607977221,0.9353049232069981,0.9322536848811778,0.8256745368007172,0.6121943689701961,0.8542081558022583,0.7681340187848911,0.8454969874813092,0.9372762352816966,0.5677935965057783,0.8790268110981545,0.9186826071889065,0.9900889695617784,0.7993075373325033,0.8459458461802478,0.7142579638542109,0.908968348383502,0.9243815265814344,0.9303915684461668,0.9730081653963001,0.8183537503070986,0.6796635588856608,0.9295578460729781,0.9709275013312554,0.9482378338041932,0.6885935735393951,0.9293731375899998,0.9080511068923101,0.7623421500807868,0.5693333026573478,0.7487341623440547,0.7933744480571812,0.8452701020403808,0.6887755250361669,0.9096667976154487,0.9470115828434171,0.8312107660355976,0.7391796780021598,0.8444071787486278,0.7697578256298744,0.8826432883359552,0.9789675397365556,0.8052215285825555,0.951076426889804,0.7099439102217378,0.8691798159220205,0.6768864567706347,0.656885481844388,0.9816989278327977,0.7202806704181546,0.8215127245154961,0.7276241336721719,0.9277799461767428,0.6953863254892374,0.8267594084754195,0.693672110288899,0.9448040768384333,0.6907628118204256,0.7916803410979472,0.6724078071020896,0.9044707632416326,0.6529116502727899,0.8181399754404562,0.9303915684461668,0.7544413933377223,0.7753595711498862,0.7445087608748205,0.9019980934674425,0.9995741564295746,0.8970542565865078,0.8343308956217288,0.9684748590979333
p100_TCGWA,0.8403850910576152,0.9473756291574584,0.9029316112204655,0.96836956012162,0.9544316996038,0.9661972965770262,0.7998417332331835,0.8078013427639648,0.9137092609592146,0.9643133649175286,0.9460501530640815,0.9529545363721539,0.9529545363721539,0.930474153890517,0.9651775593373264,0.9741812383843047,0.9501049319099923,0.9385367079941818,0.9625131050152524,0.9643133649175288,0.976949734585955,0.9940867605460231,0.9989330715481036,0.9692769377093197,0.9434679740971852,0.9385367079941815,0.9501049319099923,0.9250379219402804,0.9643133649175288,0.8905175082550112,0.9327167510955896,0.9591194968553458,0.9487265052554268,0.9271857963192043,0.9544316996038,0.9625131050152524,0.9559485503920393,0.9487265052554266,0.9661972965770262,0.9373453016197315,0.9097421633544907,0.889787432943077,0.9661972965770262,0.9218739081138496,0.9161682054358172,0.8631446255669613,0.957509435301382,0.9629940985099354,0.9373453016197317,0.9774791703451947,0.9591194968553458,0.865060076107683,0.9385367079941815,0.9473756291574582,0.8554481859701059,0.9361684345174046,0.9361684345174046,0.9544316996038003,0.9225563139336497,0.9515133476881703,0.9157186269856048,0.9570129271953451,0.938536707994182,0.9231230454306082,0.9607848936032954,0.8425003792101688,0.9591194968553458,0.9735950471314356,0.9179406357484332,0.9625131050152524,0.9293685115305119,0.9373453016197317,0.8280234816778033,0.9410745151294275,0.9544316996038003,0.8981423730059306,0.932921689943951,0.9460501530640812,0.8381961564217874,0.9661972965770262,0.9460501530640812,0.9409669977890665,0.933854925314779,0.9385367079941818,0.9544316996038003,0.9261077324693099,0.9447481688519044,0.981866858237364,0.8125314757130617,0.9529545363721539,0.9544316996038003,0.9029316112204655,0.9133404113163561,0.9723334018549192,0.9864847804128756,0.9629940985099357,0.9403916813458222,0.8990962871160681,0.7788805660896527,0.9078255471994474,0.9361684345174044,0.957509435301382,0.9544316996038,0.9203895602948635,0.9560266523588534,0.9625131050152524,0.9167305843279034,0.8377335793276733,0.8166333005972805,0.927408567477346,0.8886765593703843,0.9397435965156078,0.9212474909682706,0.9187703462526826,0.9575094353013822,0.8519676252250143,0.9888197307367494,0.9625131050152524,0.9661972965770262,0.954880470690675,0.8005618369918839,0.8971901564492133,0.943467974097185,0.8077173352988177,0.9385367079941818,0.9990570982226108,0.9559485503920393,0.9154907996871144,0.9529545363721539,0.7927524282151166,0.9585117888760866,0.9652137684610216,0.9591194968553456,0.9661972965770262,0.9501049319099923,0.89455712136231,0.9661659803622435,0.9591194968553458,0.9591194968553456,0.9515133476881705,0.9867086919017329,0.9643133649175286,0.8745818404295131,0.9934422704699934,0.8990962871160684,0.9197987094973858,0.9356479353308964,0.9576073188885357,0.6225760742132914,0.8425856863408152,0.9643133649175286,0.9157186269856046,0.9735950471314356,0.8933957590212618,0.9591194968553458,0.937345301619732,0.9722532101329933,0.9696485350828812,0.9404815542410545,0.8971901564492133,0.9527294722357857,0.9575094353013822,0.9987774230311344,0.8323357203239441,0.9077810309891681,0.9250379219402804,0.7413155487309188,0.9097421633544907,0.9864847804128756,0.9945616853424688,0.9177914171276885,0.9529545363721539,0.9361684345174046,0.8107326760754665,0.9370094808581142,0.9236739017209481,0.9625131050152524,0.9199989838706863,0.8742905832999677,0.8981423730059306,0.96664472544214,0.9000520303703365,0.9361684345174044,0.6947366749215783,0.8495661380172144,0.8688726774726101,0.8726649773302659,0.6641684823747047,0.7336011703135803,0.9659497926039275,0.9515133476881703,0.9570498583959893,0.9356465182356667,0.9673113304370216,0.9595131865896311,0.9544316996038003,0.9559485503920393,0.9515133476881705,0.7525309817880911,0.8851338808206501,0.9029316112204655,0.5538131594390712,0.9544316996038003,0.8820903683689054,0.8456002034186693,0.9643133649175286,0.9544316996038003,0.9155677991130319,0.9239759423528267,0.8981423730059306,0.8717185331373515,0.9147116017278334,0.9529545363721539,0.9544316996038003,0.8550316313098425,0.9544316996038001,0.8843429403249959,0.8882786390335262,0.8851338808206501,0.9544316996038003,0.9103339493566891,0.9544316996038003,0.8777622263784159,0.9167305843279037,0.9250379219402804,0.888676559370384,0.957509435301382,0.8630614034554609,0.9515133476881705,0.9400741852851487,0.9447481688519046,0.9528976942023157,0.9990570982226108,0.9752372748615917,0.9591194968553456,0.9515258611582159,0.8603155866561236,0.9127113681766141,0.9901682880541758,0.9239759423528264,0.9239759423528267,0.849304774108722,0.8971901564492133,0.9799008321613358,0.9544316996038003,0.8735864340900967,0.9544316996038003,0.8921194894759124,0.9239759423528267,0.5604741170778892,0.7980807992789891,0.8008422195759242,0.9692769377093197,0.9229213960709448,0.943467974097185,0.9038960691476476,0.9915113877198729,0.8458206993046363,0.957509435301382,0.8849118467483821,0.8849118467483821,0.7739620374838146,0.9529545363721539,0.9607848936032954,0.9111145228116426,0.9661972965770262,0.9868289698267129,0.9542945594732946,0.996566586696046,0.9719180106648122,0.9243815265814346,0.0,0.7327734608849761,0.775170754350923,0.919171452966161,0.9625131050152524,0.8951131855351437,0.9229213960709448,0.9409669977890665,0.9117176971980814,0.9625131050152524,0.7604422708501082,0.9599865928364955,0.9560086947472866,0.9087598936651085,0.9304741538905168,0.957509435301382,0.9271857963192043,0.8268015471657255,0.9515133476881705,0.957509435301382,0.957509435301382,0.8192793116817603,0.9625131050152524,0.9444882030126602,0.8698224617128845,0.8971901564492133,0.740709341664767,0.950716529670402,0.9544316996038003,0.9526350423385235,0.9515133476881705,0.9591194968553458,0.9578232874754975,0.9667875986555685,0.957509435301382,0.9373453016197317,0.8363808488504199,0.8660127357937746,0.9013833969555975,0.9506067676467717,0.9868913603132672,0.9073127552826399,0.9504615190480812,0.9585117888760865,0.9448229719109482,0.9137092609592148,0.9643133649175286,0.9759742607288062,0.9816001811698213,0.9187703462526826,0.957509435301382,0.9544316996038003,0.9591194968553456,0.9554518077232721,0.938536707994182,0.9625131050152524,0.9560086947472868,0.906121948145339,0.9544316996038003,0.943467974097185,0.6036350684130183,0.9381728330554158,0.9651775593373264,0.9055499094902302,0.9409669977890665,0.4804063860667618,0.9806366198198686,0.8465237589272381,0.9965573445764311,0.9487265052554268,0.8573544191143381,0.9575094353013822,0.9271857963192043,0.8311464231994985,0.9888197307367492,0.9197987094973856,0.9661972965770262,0.8367317645429638,0.9759742607288062,0.8569522690866245,0.9501049319099926,0.9529545363721539,0.9707211351216225,0.8971901564492133,0.8268015471657255,0.8253952393451095,0.8373957982954765,0.9544316996038003,0.9710778825508661,0.59147923887865,0.9776317763878946,0.8326857532046701,0.8539593087394243,0.8945571213623102,0.9544316996038003,0.9544316996038003,0.6225760742132903,0.8708892712994588,0.9082133906734637,0.9544316996038001,0.9643133649175286,0.9544316996038003,0.9304741538905169,0.9077810309891681,0.8456002034186693,0.9544316996038,0.9315900378678905,0.9940867605460231,0.8495094192726709,0.8594783932788338,0.9544316996038003,0.8933957590212618,0.9250379219402804,0.8270771330414153,0.8246016337990569,0.9315900378678905,0.9189129547929049,0.957509435301382,0.839063139100637,0.9544316996038003,0.8494522957885746,0.9944277784720001,0.8736104662007036,0.8798746140368177,0.4458553544188326,0.9133404113163561,0.9487265052554266,0.9544316996038003,0.8477244589101529,0.9190179585155585,0.9544316996038003,0.7610294535475637,0.9409113347144098,0.858324459587394,0.8660127357937746,0.832335720323944,0.9544316996038003,0.8331553590532293,0.905045718507947,0.9607848936032954,0.8281856355221409,0.8801973674837038,0.9507589513092889,0.9931344261826376,0.9068053912485843,0.9575094353013822,0.6349142448440399,0.9368506101299685,0.9422080421889416,0.9698282497233137,0.8942891524164726,0.8839713153825193,0.9422080421889416,0.9591194968553456,0.9944277784719999,0.9544316996038003,0.950716529670402,0.8762253925883119,0.863846179185418,0.9460501530640815,0.9350052413014638,0.9515133476881705,0.9616051284891651,0.9692769377093198,0.9799008321613357,0.9915113877198728,0.9544316996038003,0.9888197307367492,0.8915055770282616,0.95678955450748,0.6904054337273637,0.9290224147880504,0.5813683192248549,0.9473756291574582,0.9989330715481035,0.8650449454835736,0.9940867605460232,0.9643133649175286,0.9143551898560902,0.9795295863759999,0.9427946840319121,0.9965665866960463,0.9447481688519046,0.9554518077232719,0.957509435301382,0.9759742607288062,0.951525861158216,0.8896188734697232,0.885601726484729,0.8395556498231577,0.7417575508556911,0.9846299338167082,0.889325715929772,0.9862789464261124,0.9147116017278334,0.8493047741087221,0.9916718506621414,0.9812078381362566,0.930474153890517,0.827791301242661,0.9422080421889418,0.8363640334164018,0.7417575508556902,0.9347125881257451,0.6543600255164566,0.9711878805915029,0.9041518476198138,0.957509435301382,0.9612268306824159,0.9684030202148093,0.9261077324693099,0.7977719520194322,0.9625131050152524,0.9575955949663897,0.9427946840319119,0.9607848936032954,0.9250379219402804,0.9501049319099923,0.9501049319099926,0.7206095791001441,0.950716529670402,0.9327167510955896,0.8756436752646829,0.9218739081138494,0.9529545363721539,0.9529545363721539,0.7741326728997918,0.9167305843279034,0.9830316367629122,0.9210886546555858,0.9544316996038003,0.9607848936032957,0.9544316996038003,0.9544316996038003,0.8122835517600442,0.9422080421889416,0.9759742607288062,0.9544316996038003,0.9867531881953638,0.9815685187187575,0.9711878805915029,0.901890499100299,0.8933957590212618,0.8572755626114628,0.95678955450748,0.9127113681766141,0.7812391399403225,0.9487265052554266,0.9368506101299683,0.9560086947472867,0.9261077324693099,0.9502810449059291,0.8707710541962026,0.9327167510955896,0.8554481859701065,0.9515133476881705,0.8690509343197379,0.9607848936032954,0.9068053912485843,0.9575094353013822,0.9528206548013269,0.7494264781377333,0.9397435965156078,0.9422080421889416,0.9984776308064087,0.9315900378678905,0.9157186269856048,0.6457797539703751,0.9776317763878946,0.9652137684610214,0.932921689943951,0.9559485503920393,0.9229213960709448,0.7500848507922819,0.8563822015167815,0.9608127721335267,0.9748630647929062,0.9501049319099926,0.9887203623021901,0.9010097382828826,0.9765837058865925,0.8270771330414153,0.933854925314779,0.9661972965770262,0.8572755626114629,0.995860482228037,0.7881055549967804,0.8236614723660352,0.9447481688519046,0.960900739115506,0.9540967655391958,0.9544316996038003,0.9591194968553456,0.9250379219402804,0.5379637233866089,0.9451689995479287,0.871756619341878,0.9799008321613357,0.933854925314779,0.8485170805722071,0.9422080421889416,0.829586442597218,0.9643133649175288,0.8460391883026932,0.9915113877198729,0.8005982942101145,0.9515133476881705,0.9859983918197512,0.9364195330316347,0.8399643664537928,0.9987774230311346,0.8855889573633509,0.9299622870581818,0.8300905497246422,0.7367528554688061,0.9759742607288062,0.9894245925674198,0.8754988991654498,0.8596305180199365,0.9448229719109482,0.943467974097185,0.9692769377093197,0.9211495461267734,0.8735864340900967,0.9356479353308964,0.9529545363721539,0.848318897532643,0.8573544191143381,0.9661972965770262,0.9218434146367832,0.9652137684610216,0.9261077324693099,0.9318133405341394,0.9397435965156078,0.7914026285028689,0.9327167510955896,0.81663330059728,0.7178825832969222,0.9460501530640812,0.48335140169781765,0.9591194968553456,0.9381728330554158,0.9544316996038003,0.731294952813581,0.9146015061215471,0.9843065652291845,0.9282725629505153,0.9544316996038001,0.8952903079111572,0.9066633016488572,0.9157186269856046,0.930474153890517,0.9137092609592146,0.9427946840319121,0.9181106311285121,0.9740283587318568,0.935005241301464,0.8215140153902363,0.8660153996906967,0.9791730180618384,0.9607848936032957,0.9127113681766141,0.9361684345174044,0.8106601759858284,0.9239759423528267,0.9661972965770262,0.9350052413014638,0.9515133476881705,0.9661972965770262,0.9473756291574582,0.9903434298372484,0.9544316996038,0.8914187460211079,0.8962395095530546,0.9625131050152524,0.9005384212506022,0.9940867605460231,0.8654706639169722,0.8323357203239441,0.9529545363721539,0.9608127721335267,0.9501049319099923,0.9529545363721539,0.9529545363721539,0.6337180239943765,0.9544316996038003,0.648714480127436,0.8182484869464812,0.9544316996038003,0.9409669977890665,0.9812078381362568,0.9625131050152524,0.9575094353013822,0.4567702248507801,0.4458553544188324,0.9529545363721539,0.8483188975326428,0.9071558877260777,0.9422080421889416,0.7794479864767844,0.9544316996038003,0.9167305843279034,0.957509435301382,0.9409669977890665,0.9041518476198138,0.9931344261826374,0.9625131050152524,0.9559485503920393,0.9434679740971852,0.9343882429311452,0.9965573445764311,0.9544316996038,0.9239759423528267,0.9293685115305119,0.9634568834621733,0.8554077319402791,0.9460501530640815,0.7771757990417105,0.9373453016197317,0.9575094353013822,0.960900739115506,0.8438269625091803,0.9544316996038003,0.9544316996038,0.8943424304056795,0.9448229719109481,0.854430935472339,0.9501049319099923,0.9915113877198729,0.9387447628682011,0.9515133476881705,0.9061318225383166,0.8195687442710177,0.9544316996038003,0.9544316996038003,0.7967157698574366,0.9246012618232704,0.9554518077232719,0.9540089029986338,0.8945571213623102,0.8801973674837039,0.889325715929772,0.8350509347173097,0.9397435965156078,0.9271424076820844,0.9544316996038003,0.6683457350993536,0.9591194968553456,0.9661972965770262,0.8485170805722069,0.9625131050152524,0.9570129271953453,0.9544316996038003,0.9544316996038003,0.8295268325962147,0.9544316996038003,0.8532224546707223,0.9447481688519046,0.8717185331373516,0.9097421633544907,0.6379324236272617,0.9097421633544907,0.9855228233382468,0.8660153996906965,0.9544316996038001,0.9239759423528267,0.8773931336696001,0.9559485503920393,0.7771757990417099,0.9857329156219559,0.9199331495579266,0.9197987094973856,0.9261077324693099,0.9559485503920393,0.908213390673464,0.9544316996038003,0.8014425080763881,0.9261077324693099,0.9933095589619414,0.8858525408230953,0.9499351329637569,0.7336011703135803,0.9549939682963798,0.9710778825508661,0.9607848936032954,0.9893103905389391,0.9487815152128592,0.5818510488003407,0.9643133649175286,0.930474153890517,0.9496811510501814,0.7880245640829154,0.9591194968553456,0.9529545363721539,0.888676559370384,0.9361684345174046,0.8871763046924691,0.7709004284258918,0.9661972965770262,0.9711878805915029,0.9661972965770262,0.9661972965770262,0.9127113681766139,0.9282725629505153,0.9477170828887946,0.9544316996038,0.9643133649175286,0.9940867605460231,0.9329216899439512,0.9469260728986406,0.9487265052554268,0.9529545363721539,0.7387815935635317,0.9452352847073289,0.9559485503920395,0.9899408532768106,0.929168358935078,0.9983548652267767,0.9590873097887043,0.9544316996038003,0.9029316112204655,0.9544316996038003,0.9703258475148754,0.9643133649175286,0.7761414525822009,0.9409669977890662,0.905045718507947,0.9544316996038003,0.829586442597218,0.8258229735464786,0.9409669977890662,0.8281985467386976,0.833627880175661,0.851320792579582,0.9591194968553456,0.999613492602016,0.938768605337426,0.9854614920636178,0.8539453617971724,0.9422080421889416,0.8592923977687699,0.9661972965770262,0.9422080421889416,0.9544316996038003,0.9502440628915498,0.9526350423385237,0.7830122900340044,0.9127113681766139,0.8616683307696413,0.6829936025322063,0.9529545363721539,0.9762041082440366,0.87549889916545,0.9068053912485843,0.8270771330414153,0.815937863726996,0.9544316996038003,0.8157177922735034,0.877384482197024,0.930474153890517,0.9544316996038003,0.9881562591687436,0.9487265052554266,0.9625131050152524,0.9989330715481036,0.9529545363721539,0.8621843473480637,0.9944277784719999,0.9489746595216721,0.9903434298372482,0.9177477332861093,0.9422080421889416,0.832198064937085,0.9544316996038003,0.9048463830468083,0.9544316996038003,0.9625131050152524,0.9542945594732946,0.8962395095530546,0.9661972965770262,0.8556256542928344,0.926451395687609,0.9147116017278334,0.930474153890517,0.9544316996038003,0.8907128377247426,0.9991316310832183,0.9313239634362825,0.9634568834621733,0.9239759423528269,0.9591194968553458,0.9327167510955896,0.9147197078398366,0.8363808488504197,0.9038960691476476,0.8471812314738494,0.8363808488504197,0.930474153890517,0.9591194968553458,0.8971901564492133,0.8363808488504197,0.9661972965770262,0.9385367079941818,0.8945024258106786,0.9356856974167591,0.9765837058865926,0.9315900378678905,0.9409669977890662,0.9029316112204657,0.9239759423528267,0.9422080421889416,0.922921396070945,0.9373453016197317,0.8356601904040855,0.9329216899439512,0.8843429403249962,0.930474153890517,0.9117176971980812,0.9481022094664502,0.9666447254421402,0.9177477332861095,0.9373453016197317,0.9692769377093197,0.9575094353013822,0.9117176971980812,0.9452352847073291,0.9350052413014638,0.9350052413014638,0.9528206548013269,0.9591194968553456,0.9607848936032957,0.821316700799898,0.9338549253147792,0.8802089698693756,0.9261077324693099,0.9327167510955896,0.8263584984076425,0.943467974097185,0.9315900378678905,0.9544316996038,0.8534517371065102,0.9608267525008982,0.9218739081138494,0.9107280314569581,0.8654671347016268,0.9607848936032954,0.8776603460423873,0.7800222122223968,0.9385367079941815,0.9161682054358172,0.933854925314779,0.9933095589619414,0.8256736899939877,0.8468866276120166,0.9460501530640815,0.8072147333028624,0.9529545363721539,0.9714637322658977,0.8396960566861431,0.957509435301382,0.9559485503920393,0.8981423730059306,0.9350052413014636,0.9652137684610214,0.9502440628915498,0.877384482197024,0.8030296776830926,0.9515133476881705,0.9515133476881705,0.9469260728986406,0.9987774230311344,0.9127113681766141,0.957509435301382,0.9428163151462241,0.9409669977890665,0.9607848936032957,0.9038960691476476,0.9397435965156076,0.9692769377093196,0.9643133649175286,0.8971901564492133,0.9625131050152524,0.875978215386313,0.9607848936032957
p101_C,0.694264163185847,0.9053742506784084,0.6773208579170213,0.9976919958403027,0.8168082149013267,0.8876315196146514,0.9463839592223278,0.9952051998939155,0.9615019282641789,0.7373990487539733,0.9254454270650587,0.7720679746958521,0.8311945423883857,0.7688790278969668,0.8858212716520945,0.9166569288587998,0.9463507596802521,0.7956809360555228,0.9789924212780187,0.9194920767890469,0.8115618995075633,0.8676547956074154,0.9560561057031627,0.7699646555192983,0.9127267712010145,0.8191308702322293,0.8341365508597998,0.7086506051949357,0.9194920767890469,0.9392396052498642,0.7981149231751687,0.9007415285778606,0.8843286129915651,0.757947720461924,0.8472329418795812,0.8753843628690849,0.8849349368769786,0.829554322433923,0.7512620045838893,0.7917204089301273,0.6999608043233629,0.8903749151048208,0.7512620045838889,0.6386103918065953,0.9744043118853651,0.559116793160813,0.8911735721146647,0.8905683720353899,0.7917204089301277,0.6202229201541383,0.732773460884976,0.5514265826209375,0.7956809360555228,0.878604060058368,0.787025643662582,0.7878082139127864,0.9621625650051606,0.848519788337875,0.9092597722304112,0.8388184704910289,0.9954479688810289,0.9732132423349518,0.8660307385856432,0.9844816444248445,0.8696393640825606,0.9313160921257597,0.897696790190678,0.7393272300341605,0.6790154321825184,0.9481959707955332,0.7652036013995995,0.7917204089301277,0.7863834879230723,0.625604627155244,0.848519788337875,0.6614002549511353,0.8676547956074154,0.8468544600540218,0.7743318318769621,0.8876315196146514,0.629205759872399,0.8765255001424477,0.7801175416549022,0.9363805411157629,0.848519788337875,0.7543639716991355,0.9446429549289366,0.9761004270810978,0.6895242474240192,0.8436093353026792,0.848519788337875,0.6940460060581837,0.809205977612754,0.930958775493316,0.9990660332473207,0.879843965784348,0.7039786466251796,0.6809035884041399,0.46668108522766805,0.6319186211480408,0.8332680722913417,0.8587509369841102,0.8485197883378754,0.9240153904002539,0.7805675983513481,0.8753843628690847,0.7231920303957065,0.3838582634465151,0.734987390598203,0.6700920452487495,0.6453782770392347,0.9857386551844644,0.518739109313765,0.8242941816501141,0.8587509369841104,0.5490967081506304,0.9053742506784084,0.796963401461898,0.8876315196146511,0.6707916511587535,0.6386103918065951,0.80359727087627,0.8120736745722197,0.9187327021255977,0.9363805411157629,0.681812053809143,0.8535621725493674,0.907670245680129,0.9027359029952129,0.856553131830091,0.7849913245039053,0.8911735721146645,0.864103176652101,0.7512620045838886,0.8341365508598,0.9582528610844525,0.7968140926352908,0.8641031766521012,0.8641031766521008,0.8388184704910289,0.5624386524764369,0.8813688685160486,0.7832532688160446,0.7084898628329372,0.8442264772834192,0.9048606465050703,0.7304080699197946,0.5406556835636842,0.8389964593972764,0.5169704338528041,0.881368868516049,0.4900614895259984,0.9443029181506322,0.7088895949406444,0.9984776308064087,0.9071213875778141,0.840417626647006,0.8417971563344091,0.7196005118092895,0.6905376128937402,0.8340328321422843,0.9235962072452191,0.8280150438185903,0.339367431878413,0.6934415191357757,0.7508076590000272,0.8146339987399249,0.7700847046015389,0.8684441116940129,0.5522323571983225,0.9174247400641591,0.8436093353026792,0.787808213912786,0.9039362114484784,0.9642004558742757,0.7764930234896477,0.948195970795533,0.7961858879171841,0.9479449625571821,0.7750845918991462,0.8979722195312704,0.9872955334875176,0.969647647427007,0.8311945423883857,0.841177314128386,0.7213335847487357,0.6563204740715752,0.7596421551693896,0.9589146319184882,0.9015545876830076,0.7295384367300928,0.7807521162846507,0.6709673022174065,0.5279977842296211,0.7105574359229863,0.848519788337875,0.7072191268640756,0.9251470890468048,0.713962478050572,0.7425523771554179,0.9212755866950703,0.7720679746958522,0.848519788337875,0.6530252160535805,0.6195761742765116,0.7755222570269713,0.848519788337875,0.991917043939399,0.9255536487261709,0.8838623972568233,0.9071291095221627,0.7347027621550338,0.8436093353026795,0.848519788337875,0.7680881256537249,0.8485197883378751,0.858349985793305,0.7675864708947975,0.7151431899049976,0.848519788337875,0.746899018765423,0.848519788337875,0.6082187630064473,0.7602565279438545,0.7508076590000272,0.6453782770392344,0.85875093698411,0.4032131421969718,0.8675946766762874,0.9066658543882111,0.9013807264280215,0.9219493200820328,0.9253486690958413,0.9012372277919498,0.8641031766521012,0.8226776298101712,0.660965104730625,0.7277635600800747,0.9354091567315543,0.8859366997364009,0.9849790722108263,0.6608995094481633,0.6582348534701603,0.8158670552858682,0.848519788337875,0.7880618999071158,0.848519788337875,0.749294820027768,0.7472773782722046,0.7663670744235527,0.6561198158889041,0.3379506703016357,0.7072191268640755,0.668076100373654,0.8120736745722197,0.6973573806417621,0.9516424160687378,0.7415561683241492,0.6873321711881277,0.7540254246084437,0.662954301057431,0.29259575645848634,0.8436093353026792,0.9045498580054347,0.5846573881491262,0.7512620045838893,0.691610482545034,0.7462116755258281,0.8712157346960703,0.931727067541158,0.7805597490988652,0.7327734608849761,0.0,0.2526124208574152,0.8397421838171333,0.8753843628690847,0.6700920452487495,0.782981947139376,0.8765255001424477,0.9375854489267869,0.8753843628690847,0.8595607445584788,0.6902211356947563,0.9208976723801944,0.7489114089864357,0.7900998439208513,0.8587509369841102,0.7784176500804989,0.5055303734251126,0.8388184704910289,0.8587509369841102,0.8587509369841102,0.4123734039414666,0.8753843628690847,0.707694454209101,0.8162654489602548,0.6582348534701603,0.8785657137792349,0.911790166832309,0.8485197883378754,0.9071213875778137,0.8388184704910293,0.9312904037292549,0.5499681711050393,0.5200658491767971,0.8911735721146645,0.791720408930128,0.7687107980621617,0.5023766436285935,0.7606912970317314,0.41318528691087963,0.9468757171729771,0.7472852666583123,0.7914914395874367,0.7729722059979123,0.8813688685160492,0.7446021538887454,0.8813688685160492,0.9626470166476755,0.5990429633965824,0.7488369959559042,0.9884414775063279,0.848519788337875,0.8641031766521006,0.9853181939864083,0.7956809360555233,0.8753843628690847,0.7463452027658236,0.9027359029952129,0.848519788337875,0.9378900453582131,0.7969634014618981,0.927754461370369,0.9999424792300513,0.7552893038363531,0.8037598156566617,0.7999606879621299,0.514156605357455,0.4898073160361289,0.9362935838557931,0.9787356606143292,0.5396642680701307,0.7197548063186822,0.8193575093176497,0.6111136102189607,0.9856848225385284,0.9429393962110216,0.9277544613703692,0.40601669272700147,0.7784176500804987,0.4612198468241848,0.8341365508598,0.8436093353026792,0.9832831043067677,0.7551431317409001,0.46590416575915694,0.5538210030875387,0.45946373515817873,0.848519788337875,0.7069101254749215,0.5574637946693168,0.8029791912170272,0.9217902712977828,0.9280150901189621,0.5382462205778309,0.848519788337875,0.848519788337875,0.5851143063723663,0.7265271726907926,0.7105137457186816,0.8485197883378751,0.9194920767890469,0.8485197883378757,0.7900998439208515,0.6934415191357757,0.39717151273406326,0.8485197883378754,0.7940828479833879,0.8676547956074154,0.4997323836191856,0.4413375603565195,0.848519788337875,0.6456213453840811,0.7708277232891025,0.4131143834680885,0.587637960302299,0.9445432835628553,0.8068791930805206,0.8587509369841102,0.44079157771021094,0.848519788337875,0.4874274902872189,0.8760199854705846,0.9573227082703453,0.832477103146591,0.7699646555192984,0.5916251975604603,0.829554322433923,0.848519788337875,0.6746926084032805,0.7915160589041115,0.848519788337875,0.6255697576386668,0.7729158952989184,0.5429209432063844,0.4624461391536996,0.497317986298383,0.848519788337875,0.8902050575250191,0.8975121559417641,0.9394603519283087,0.898845953585991,0.7685800067945494,0.7393727551561511,0.955605577468674,0.7073633650916171,0.8587509369841104,0.6767135795703891,0.802659299436816,0.8325804774157841,0.6124362618766603,0.9323843043202048,0.614292182242558,0.9560561057031625,0.8641031766521008,0.81913087023223,0.848519788337875,0.8753843628690849,0.7954996104371195,0.8673359537499226,0.8649786609055097,0.8511341194324258,0.8675946766762876,0.8720394481911703,0.9582012414849653,0.8675946766762876,0.9516424160687378,0.9397939692726387,0.9589146319184885,0.7176501375767992,0.8758232409542457,0.7605575974986741,0.6168457331840566,0.7373990487539739,0.7466132712610718,0.9807512313606381,0.6859343621659698,0.9189802351550962,0.8813688685160492,0.9154667953267004,0.628570348038634,0.928198080034464,0.9618977201645535,0.8933175153812563,0.7815607311926092,0.9560188423757736,0.8193575093176493,0.8968267690771242,0.9278600731476716,0.9492911846282337,0.9318887192162124,0.786387693894473,0.863457778874992,0.6884425258136861,0.6993808156114418,0.7893697381210125,0.9744043118853651,0.8896314898080115,0.8403507729134434,0.5944964913864953,0.8324117619144089,0.9807512313606381,0.45603389553482465,0.8649786609055099,0.7425208759147652,0.8566669900763374,0.8859366997364011,0.8167389253454118,0.8587509369841102,0.8883221779819919,0.6441290018314927,0.7948446913245206,0.5111453175471562,0.7969634014618985,0.7172208910165074,0.9045504385539074,0.974370845851183,0.9109681733126311,0.8341365508597998,0.8341365508598002,0.8671479150392838,0.760557597498674,0.776333971275228,0.4797922012201776,0.7402897006833382,0.8436093353026792,0.8436093353026792,0.7205742473870551,0.9432274916709643,0.9182972074751392,0.6629543010574311,0.848519788337875,0.904549858005435,0.848519788337875,0.848519788337875,0.6051945728041059,0.9698585173244104,0.7579477204619234,0.848519788337875,0.6551304342487241,0.5343447344210268,0.935787029809632,0.9314949552989411,0.6614384077732218,0.684920905068954,0.9842731281419623,0.8891550734176783,0.5513505558694873,0.6227027719896563,0.7701780603088138,0.8696393640825608,0.9567675698260614,0.8397421838171333,0.8975121559417641,0.776333971275228,0.7048642078261191,0.7583146429153513,0.9063781855450479,0.9045498580054347,0.7416935887863447,0.8587509369841104,0.8975045551828293,0.6704162484634582,0.9857386551844644,0.8325804774157839,0.8033980582524269,0.7940828479833881,0.8943040579204768,0.7229072607496538,0.907089266102663,0.8170227117103455,0.8933175153812563,0.9163077012045902,0.9594275747244743,0.6041982978321367,0.7851961335994639,0.9648840172678317,0.7610895252935233,0.8572743748839564,0.9270399987145422,0.6709320807003685,0.8731726191489462,0.43921746584810273,0.780117541654902,0.9277544613703692,0.5001712497595188,0.6729315539982421,0.8418590710196503,0.49284734443624156,0.8163293560597349,0.9061629941228164,0.5404642721385415,0.848519788337875,0.8641031766521008,0.9710283661798578,0.7559587609448182,0.7907457170148884,0.6447535286896173,0.844643261471127,0.8242808266744575,0.5644276000539237,0.9451633916669347,0.514639506638632,0.8813688685160492,0.580913983057715,0.7601907048907939,0.5649218090072798,0.8675946766762874,0.9938771941068496,0.9130390418009285,0.8463197507466305,0.8522702719805191,0.8811958714662238,0.9483140830764051,0.43517929641166164,0.4656727305592192,0.9964131241151741,0.6876384685163146,0.5861277918507164,0.8533898464257746,0.9576152850620447,0.9378900453582131,0.7699646555192992,0.6296716660654287,0.7163323384237368,0.8993225157376834,0.8436093353026792,0.5492491635808995,0.5258110880293279,0.9277544613703692,0.6558520949549294,0.9467132522325631,0.7948446913245206,0.9309882376017067,0.8712157346960703,0.74184782579365,0.7763339712752282,0.734987390598203,0.9751803528882927,0.8468544600540213,0.7129414070033182,0.8641031766521008,0.967877403126087,0.848519788337875,0.6688942502179709,0.67278056340151,0.7697050911981543,0.7615603994055546,0.8485197883378751,0.7248665794800079,0.6244954379450949,0.9861773689192219,0.7688790278969668,0.7131484101726708,0.794396894905161,0.9303284683886182,0.5929890874663828,0.8511341194324262,0.9494280445197238,0.7793348379546209,0.8071051647563814,0.8696393640825608,0.7098311697092301,0.9848924941944381,0.9235962072452191,0.8265112762517457,0.9277544613703692,0.9248903966227244,0.8388184704910293,0.8876315196146514,0.8250636788182881,0.9469177182377293,0.8789445153161299,0.7511989825768226,0.6550746699260299,0.7969634014618984,0.7255340339665635,0.7474044077849795,0.6331350599293983,0.5236430787017112,0.8436093353026792,0.8641031766521012,0.8621901030649131,0.8436093353026792,0.8436093353026792,0.9350033352594485,0.848519788337875,0.7170066138583897,0.8690984965746689,0.848519788337875,0.8037598156566619,0.8071051647563814,0.9425866173147945,0.8587509369841104,0.8161661906115721,0.7385918911916871,0.8731726191489462,0.7459944737189947,0.8444457762048929,0.7969926377220812,0.6291449294817192,0.848519788337875,0.7231920303957067,0.9791358873631177,0.9007807283043763,0.6854084187138947,0.7639640053964214,0.8753843628690847,0.8849349368769788,0.6091710198122096,0.8961700808198613,0.887563497043816,0.909369242294384,0.9952124532942874,0.9538385721198241,0.9505815864747562,0.9565839194464647,0.8730514490577008,0.9846017747587572,0.837880800389202,0.8911735721146647,0.9802919892191119,0.5406556835636844,0.848519788337875,0.9397939692726385,0.6964605142052236,0.7373990487539737,0.6124251441315023,0.8341365508598,0.9173726389128676,0.7563327554870056,0.8675946766762876,0.8509267918736041,0.5057226043763218,0.848519788337875,0.848519788337875,0.8837318674221062,0.768409581352949,0.8891550734176783,0.935652580131759,0.5522323571983232,0.6221681570532738,0.5916889180279079,0.5325460692255728,0.7996929296363378,0.7079946801771047,0.848519788337875,0.6079989416596812,0.8641031766521008,0.7512620045838893,0.550828801300655,0.8753843628690847,0.6332432735032407,0.848519788337875,0.848519788337875,0.3951560963873527,0.8485197883378754,0.5402008167591963,0.8419920758335753,0.6024114810749381,0.7174917793929068,0.8129026546502995,0.9103325051578914,0.6320408021931774,0.6254600625585987,0.8485197883378751,0.7472773782722049,0.5431539393908424,0.8535621725493674,0.9425866173147947,0.9813061146408322,0.963690536419568,0.9428243546711244,0.7543639716991355,0.8013374198469099,0.7685864427896614,0.848519788337875,0.6121007731276087,0.9825113507358606,0.8617648189380362,0.8034574797564076,0.7320795688841821,0.7466132712610718,0.6092935262532225,0.6212762340378761,0.7114347088429492,0.9229397953397493,0.6921022609434232,0.7170066138583906,0.8813688685160492,0.6793797554820336,0.9598304752924693,0.6681593617839001,0.6991798473463988,0.8731726191489462,0.922169863960716,0.9923775766162846,0.9453621232210567,0.7317698100131349,0.7512620045838886,0.80670280175686,0.7512620045838891,0.9117537716067595,0.8353579023051438,0.9692174538198721,0.9321692861137403,0.8168082149013267,0.9194920767890469,0.8419920758335753,0.6447535286896175,0.5814776103866943,0.8569414677127445,0.7129414070033184,0.7803231314909405,0.9378229702686964,0.7072191268640757,0.6749058342047205,0.9217902712977829,0.868407604734299,0.856914174868378,0.848519788337875,0.6773208579170211,0.8472329418795808,0.6849893100242904,0.7373990487539733,0.7950111750251773,0.8037598156566614,0.8867811269115036,0.848519788337875,0.6596700816348355,0.48697484580884476,0.9294326745621233,0.5100984539399358,0.6121007731276081,0.5619318460686882,0.8641031766521008,0.6714943383277038,0.7060798600237369,0.8828669643290632,0.6207914181901246,0.8078853517583087,0.5740074831004414,0.8876315196146514,0.8572756030732598,0.8789445153161299,0.888153836002963,0.9532817790368882,0.5566309854412947,0.9853181939864083,0.5146728771165328,0.7863834879230718,0.8436093353026792,0.610081696687164,0.5861277918507168,0.6901982532442532,0.4131143834680885,0.3881322954949922,0.848519788337875,0.5322575332079893,0.5923959325153012,0.7688790278969668,0.848519788337875,0.6757480515940588,0.8569414677127443,0.8753843628690847,0.994553642981886,0.8731726191489462,0.6820815066386234,0.8291201171171714,0.9008423513607287,0.969647647427007,0.9696129779620182,0.8819707287307355,0.46874207303000426,0.848519788337875,0.7233124610723588,0.848519788337875,0.7241517935354498,0.857929675363418,0.8629908249896133,0.7512620045838893,0.91073946320821,0.8840423422234069,0.9737400326930795,0.7900998439208515,0.848519788337875,0.5465733040932159,0.4885515898577414,0.8238617623875257,0.8852387307749332,0.7670858527670912,0.8976967901906783,0.7763339712752275,0.8405132370379063,0.9710283661798575,0.780899353693775,0.6503047358718961,0.9710283661798575,0.7900998439208515,0.8641031766521015,0.6743862331819503,0.9710283661798575,0.7512620045838893,0.9832804094691758,0.7385918911916873,0.7874458911644799,0.8436093353026795,0.86200758497783,0.8280150438185903,0.9783735244579528,0.7472773782722055,0.7476023864071292,0.8810072957977635,0.6312746978314403,0.8311945423883857,0.7987298473326602,0.8716133958929985,0.768879027896967,0.7421166223099012,0.8827146579778119,0.8595303352567689,0.7265732831117675,0.9071213875778139,0.7072191268640757,0.8911735721146647,0.9378542454430359,0.954761733100846,0.8800952998337541,0.918326764615881,0.8621833763858655,0.9312904037292549,0.869639364082561,0.7639925478426842,0.8684441116940127,0.8101084646876164,0.7193866731708563,0.7763339712752277,0.7407056070460225,0.9127267712010145,0.815577195923312,0.8789445153161295,0.9241168453944101,0.7609049895189508,0.9343834217802336,0.9435501402308349,0.9680627340377367,0.9558081663030686,0.8807672981733745,0.7986121899607025,0.8191308702322293,0.918297207475139,0.8905257542037905,0.9494196942857566,0.8816900811875064,0.9768874615192735,0.8206574710503429,0.7390490572742953,0.9322991868414798,0.9805441711757227,0.9398773421868424,0.8587509369841102,0.8849349368769786,0.8513811581288204,0.8511341194324251,0.9235962072452191,0.9577750495112267,0.8630500133246564,0.8730842858598554,0.896370882861546,0.8388184704910291,0.7645605754732385,0.9536879027240519,0.7277635600800749,0.9467132522325634,0.6652047607682876,0.8280150438185903,0.869639364082561,0.8650514933170755,0.9665794747757139,0.9790532298598125,0.7373990487539733,0.9489596882823799,0.72415179353545,0.927134581177036,0.8696393640825608
p101_S,0.7078951998611307,0.8407191829229619,0.7862930025575394,0.973314752025809,0.8910425996126277,0.8496516619740198,0.9943300816160225,0.9587469015919087,0.9696433512979914,0.8037353107676908,0.8252631222706699,0.7963224802288058,0.8513794496402107,0.730281990274285,0.8957689386852334,0.8585540921322414,0.9086890504845765,0.7702941613031968,0.9688652165598257,0.9477699980021126,0.7032800594003916,0.9350971133791832,0.9499103329879716,0.8453718612169461,0.8999744493955653,0.7484582530296053,0.8041983874263046,0.7182281456067572,0.912270756397799,0.9298002655569446,0.7210180241550614,0.9002964043044233,0.8484511081753159,0.6761355335664501,0.9193732355342461,0.8332650413138042,0.7869450188228926,0.8229489814879899,0.8140963117651734,0.7643064205418846,0.6148737379624092,0.735209702500812,0.8140963117651729,0.6968465024068526,0.9870570477782805,0.6138231401464278,0.8266980100945365,0.9811701854422572,0.9577309861632967,0.5595998467500141,0.8064521668392981,0.5182509373896063,0.726622344756015,0.8656468190707155,0.8200212448894446,0.7584196112109391,0.9489087531385763,0.7973204052495684,0.9380025664507836,0.8137261912142382,0.9673308314510838,0.8633487412550384,0.9021672145929476,0.8923875651471349,0.8255782681497184,0.8983663571521538,0.9432965332537007,0.6776127359545359,0.6527803691361926,0.9633346958171636,0.6858438577882682,0.7428148021395056,0.7777200559261548,0.597581121382293,0.7973204052495684,0.7586748251519806,0.8737317589546051,0.8088285698735206,0.5662311231481791,0.8496516619740198,0.72768757350912,0.8277749361825717,0.7469222068246368,0.8576377943975589,0.7973204052495684,0.7090349884619689,0.9589935043374593,0.969214471362325,0.6029615304948739,0.8182787338913604,0.7973204052495684,0.6461271845520153,0.6807900047682083,0.7913625433031659,0.9114165603662082,0.870824491160603,0.6827972104642491,0.7641127012947677,0.6222245685865895,0.6407510738939712,0.8007505316393029,0.8412006503024139,0.7973204052495699,0.797465700273323,0.9202669697475576,0.7938344767596348,0.8539697361802796,0.47662826761187427,0.7593865205205432,0.6480093437191179,0.6199067554402721,0.9128096791416049,0.7367663240896611,0.9548912100430753,0.7663159483485269,0.5997895315089057,0.9902849998094856,0.8277345205711406,0.8870129982252206,0.8117550548872057,0.6787730500107194,0.738236467964614,0.7485557284168788,0.934191381054807,0.9895108476873085,0.768768276292429,0.8161584400199196,0.9141074056938775,0.9614933884630206,0.9323494460903834,0.8831930063144946,0.8412006503024136,0.8807337082769501,0.8140963117651729,0.7780757216617367,0.8515872918835933,0.6512517033573786,0.8807337082769501,0.8064521668392979,0.8111356819221287,0.7361346376766034,0.8037353107676903,0.9359677756871432,0.6577142711477539,0.7945290222419558,0.9801286106126527,0.7849004337316676,0.6733640181261895,0.6984031193986371,0.3926213757806568,0.912270756397799,0.6220301259024152,0.8784726639236322,0.6142139099130922,0.9941406417695489,0.8287812757490225,0.7399285656869882,0.80321369256,0.7108989266409576,0.572799734734126,0.9434441481175131,0.9317737429214279,0.8955322612105853,0.4041669586111225,0.8312337883070489,0.666582175093344,0.900497808415119,0.8760632223715628,0.9525401487516011,0.49723818019314825,0.9278841620742223,0.878907934345913,0.7160886907825749,0.8223853372900964,0.9842772193176781,0.7454808953206498,0.9010651289368146,0.9389776541801309,0.9123772444993901,0.6679380214321463,0.9879418363448997,0.953141966794189,0.9277432929243943,0.8238509649345083,0.8298904677599335,0.7761413809245897,0.8117550548872057,0.5973243887494397,0.8905744552184696,0.9359038742696346,0.7601350302337193,0.7947239684924488,0.6777965556591974,0.48661913414314784,0.7417998466743114,0.7973204052495684,0.7577315976258654,0.9183180038831669,0.8543794552275874,0.8159824534657468,0.9887547396766293,0.7963224802288058,0.7973204052495684,0.7687853862666632,0.6571694913286561,0.8392345523720044,0.7973204052495684,0.9324524472178024,0.8647546175134773,0.9539919630685432,0.9929794377188216,0.6715568873275588,0.7907502491856577,0.7973204052495684,0.6910033978191421,0.7973204052495684,0.7012371001875368,0.6907776687094653,0.624562566907489,0.7973204052495684,0.8000910514521937,0.7973204052495684,0.7537581083039124,0.6986594341742304,0.7411506210690892,0.7205784572743925,0.8110096194294094,0.4058806850048089,0.837931262412388,0.9121172971286877,0.7200295947546955,0.8475611106791877,0.9028952009410298,0.9048676922922787,0.8807337082769497,0.9933420354238603,0.7549598708592933,0.9457184681298556,0.8795152196556804,0.9323494460903836,0.8831997026403997,0.7517162945760394,0.6179188437969865,0.8673173521947573,0.7973204052495684,0.6201301719496399,0.7973204052495684,0.8434361833388793,0.6618586811173363,0.8377335793276732,0.6842622382840275,0.35726424662077727,0.7577315976258656,0.6673715750642835,0.9234057708747359,0.6195630607602781,0.9716264454129939,0.846059419300085,0.7663159483485271,0.6577142711477539,0.5446438357684196,0.3224066630242164,0.790750249185658,0.9468681548811924,0.5318608133219069,0.8140963117651734,0.813332203482513,0.6099599240427651,0.8651903500574046,0.8358137441041701,0.7440603305109623,0.775170754350923,0.2526124208574152,0.0,0.7068693144866126,0.7938344767596348,0.6480093437191179,0.6936796099995064,0.8729464862012474,0.97186677106877,0.7938344767596348,0.9168026127725313,0.6647194354693651,0.9468681548811921,0.6590097200381376,0.7698024246342722,0.8110096194294093,0.7142575600207548,0.5030739768564414,0.9209085131752761,0.8110096194294091,0.9015827120484232,0.4407742796433647,0.8671650851253094,0.6787112272581055,0.9382113698705681,0.7532761709855675,0.816079565739775,0.9972347396286687,0.8539816770928067,0.8502728941514013,0.8379312624123885,0.8807337082769502,0.5389894123863317,0.6116608399802528,0.9619647737944322,0.742814802139506,0.8860071490521839,0.4984342185459517,0.6762250264385925,0.5340631366788655,0.8063577596648609,0.9272819145135025,0.8905070538115907,0.7335822864287647,0.912270756397799,0.8283857799509573,0.9477699980021126,0.8854611622090451,0.6741182543134774,0.69140280752998,0.7965069792215314,0.7973204052495684,0.818170883300198,0.9123222096744321,0.7266223447560174,0.7938344767596348,0.8168375394702836,0.9559211574198722,0.7973204052495684,0.7828178419997123,0.8616345643826471,0.9243743344764215,0.860311095627486,0.9582223822085538,0.7374318361452198,0.8690149918160484,0.4574307144629546,0.5697129599200135,0.9828689432085823,0.9504596149246202,0.4558359385337185,0.796506979221532,0.7905016129293643,0.6071344358529507,0.9155020913662233,0.8603110956274864,0.8870129982252207,0.4029177274164266,0.7523795864750593,0.42732479377843013,0.9345749549280156,0.790750249185658,0.943336326451675,0.6329585468179401,0.46617518518803847,0.534019945675569,0.4758431489356001,0.7973204052495684,0.771315975088583,0.6501587023699291,0.7773892627873467,0.7820894130810092,0.8747337939763193,0.4972381801931487,0.7973204052495684,0.7973204052495684,0.6984031193986371,0.5927530997413974,0.6947013797132041,0.7973204052495684,0.8767715147934856,0.7973204052495702,0.710521773094291,0.782952356958417,0.5597121443655084,0.8823123130144251,0.7357546514700977,0.8737317589546052,0.5336285103962494,0.456430993462865,0.7973204052495684,0.7467694765069675,0.7225085095751527,0.39634101774711095,0.5676922797960087,0.8239170583709208,0.690022295383822,0.8110096194294089,0.4579903734199866,0.7973204052495684,0.5456727219022304,0.9240031228665375,0.9402880825606295,0.7136381889609343,0.7577315976258656,0.6048131291054161,0.8229489814879899,0.7973204052495684,0.7272153979879432,0.8955517486220573,0.7973204052495684,0.7238424469711522,0.9398163068013337,0.8223853372900966,0.48604017049359693,0.48996306555898284,0.7973204052495684,0.9096237428285745,0.8249100164652066,0.9881165374133535,0.9640983884044849,0.8206794679071716,0.6110725569099904,0.9823284446291876,0.6654054686950719,0.7965069792215316,0.7251120861996134,0.8935007605886534,0.9039195430268581,0.7646467992761532,0.9668826085715879,0.680982830424628,0.926914938007415,0.7751707543509228,0.7484582530296078,0.7973204052495684,0.9972347396286687,0.7564623509778752,0.9055665737495766,0.9472325582226064,0.8928218054921431,0.8111356819221288,0.9177196300717347,0.9622255460050528,0.8379312624123882,0.9551918930158444,0.8823123130144251,0.9653573636617317,0.8237091680521629,0.8181651997347028,0.8277345205711417,0.7512582446744607,0.8037353107676923,0.8102939110084835,0.9351126921092445,0.7162830853122157,0.9215245408711583,0.8412722731891721,0.9353716997966244,0.6995860341128208,0.8641629014494971,0.9539903383778008,0.825938977038052,0.8956240804467204,0.9015827120484231,0.9620507319737359,0.9903336218005676,0.9563954108039707,0.940703811229261,0.9576849362494234,0.7764753478898956,0.8021452229292102,0.6186258744971422,0.7650866633140327,0.790333645882584,0.9870570477782805,0.9391520938659963,0.9199878509618798,0.6966717115058969,0.6753380136119957,0.9499103329879718,0.4834136259675601,0.8252631222706706,0.8317661674900589,0.7205095636306713,0.9139043609634614,0.9814978333486011,0.8713916811754185,0.9167047446759191,0.6902920846664387,0.8598129435603461,0.617882151585702,0.8616345643826469,0.841794093267785,0.9731807598982378,0.9556088835606265,0.9462138475023891,0.8041983874263046,0.8041983874263048,0.9002964043044235,0.793834476759635,0.7615816235421354,0.5675951785778521,0.6525092113323518,0.9064364190516154,0.8182787338913602,0.9041194219736581,0.7318694584702521,0.8564437189554404,0.6011790534580865,0.7973204052495684,0.7843298856175567,0.7973204052495684,0.7973204052495684,0.5785393994453496,0.9499103329879717,0.7142575600207544,0.7973204052495684,0.8361385595420707,0.6863720487521081,0.9323494460903834,0.96992931847651,0.7614978727951759,0.7905451975540847,0.9023197283809744,0.9540927565038739,0.699232375533789,0.7180127381401398,0.7573955550089008,0.9556088835606267,0.89750743233494,0.8041021912546761,0.958816635111271,0.9238360210904328,0.7690169915147922,0.7869306107239791,0.9556392099177486,0.8580859220024456,0.8252420827258571,0.7965069792215316,0.8331648620451171,0.7678223766712475,0.957209673301803,0.765947173143517,0.7119728699192671,0.9759337188295419,0.9844407915613544,0.8201357172064607,0.9912027685634361,0.7965069792215314,0.9215245408711584,0.8624939268127865,0.8316726989050234,0.8049257636669123,0.6572376716652027,0.9432965332537007,0.6040484035985155,0.9345749549280158,0.7135575758077526,0.7597272539404611,0.8733357033027651,0.46926034982875064,0.7469222068246366,0.9617356707276222,0.5447829160595865,0.7643146228877105,0.703620818088198,0.4855434581030642,0.7542498041632225,0.6628426575786741,0.6409663841509226,0.7973204052495684,0.7751707543509228,0.8716454015266432,0.8343813277693912,0.6912142732221258,0.7200295947546942,0.7869306107239791,0.9652126744776133,0.5668246912740198,0.9959011229490851,0.5149610144640064,0.8412722731891724,0.6033091241653279,0.7764753478898949,0.4520373261673081,0.8111356819221288,0.9759617416119464,0.9848241611452839,0.7909742770057894,0.8051891611732336,0.9879896973505835,0.9466469365112271,0.41699170965499166,0.4078832894764557,0.9998272415719593,0.8633487412550382,0.6503854813858501,0.6502461853452861,0.9477699980021126,0.8891436572919007,0.8453718612169459,0.8320422243216155,0.82050772268218,0.9016593002114613,0.790750249185658,0.5527101440940201,0.5719331052678056,0.9243743344764214,0.5637451819256356,0.992155804667437,0.7278822328492661,0.9232913720400566,0.8429903529773057,0.8292983796165574,0.94411782078397,0.7359551990413724,0.8697048915883807,0.7844346826831332,0.796322480228806,0.8377335793276732,0.9243743344764215,0.7973204052495684,0.7329730563918262,0.5596359595420459,0.5768715601932477,0.7581052653999119,0.7973204052495684,0.8407707385917713,0.4749433339313578,0.7417998466743116,0.6907615559142976,0.8518270111932111,0.7084231036655815,0.91447740886424,0.8077258784036767,0.7734828869748714,0.9642293281078327,0.9493284087090605,0.7032863321759951,0.8168375394702836,0.8622278219912969,0.9277432929243944,0.9619647737944323,0.8094193621327112,0.9617356707276223,0.6842622382840271,0.7843401014318695,0.9243743344764215,0.7908639106274539,0.8854123724960306,0.8256510411711881,0.6543017890955258,0.7479150510567129,0.8616345643826471,0.8060506918477728,0.8395115495460774,0.6475876026876143,0.5022196522658202,0.790750249185658,0.9432965332537007,0.8041983874263043,0.790750249185658,0.8182787338913604,0.9811117452008884,0.7973204052495684,0.7778389603406075,0.9216931609220923,0.7973204052495684,0.7826033861638957,0.703286332175995,0.9633346958171634,0.7965069792215316,0.8168375394702836,0.8161584400199193,0.8182787338913604,0.723700178103945,0.7174290302707813,0.7971403222259039,0.6153867275935885,0.7973204052495684,0.6986594341742298,0.9619647737944323,0.8277749361825715,0.6647127290283366,0.8952855156449767,0.8332650413138041,0.8917073480098132,0.712523877562202,0.9139043609634618,0.8657123358127304,0.7493894200045361,0.9385349580211637,0.8810121818725085,0.8629906220098215,0.9753242907527253,0.8576163442542953,0.929434652005658,0.7643064205418848,0.7965069792215318,0.9575099375176465,0.750941040369838,0.7973204052495684,0.9389735848576618,0.8113150441869384,0.8037353107676908,0.5319390284425367,0.8823296233988795,0.996020332603381,0.6727578459422179,0.8111356819221288,0.8100070078018382,0.4725954120295712,0.7973204052495684,0.7973204052495684,0.922951101038767,0.8200809434833274,0.7954353050804499,0.765968969404635,0.7316610102455212,0.5851925549124342,0.6958494688332633,0.5383956933414509,0.7319903675768105,0.5840894905568783,0.7973204052495684,0.7392642036964785,0.7751707543509228,0.8140963117651734,0.41487093994843594,0.7938344767596348,0.7240578025399191,0.7973204052495684,0.7973204052495684,0.3950780205628761,0.9106429489360436,0.5201980812840961,0.9589935043374593,0.5234539718619826,0.6311980807379813,0.871965848771332,0.9117203215459997,0.6417069861646598,0.5096297617005836,0.7973204052495684,0.6618586811173361,0.5598072943896237,0.8453718612169463,0.8277345205711413,0.8935007605886531,0.9895481804545686,0.8382972383816649,0.671340499687375,0.8745852824139724,0.8839661029786238,0.7973204052495684,0.6353043297715486,0.9540491654968316,0.9933420354238605,0.8755173631905204,0.6838754212831435,0.7604386387129756,0.6157825613422903,0.6829708365743606,0.7843298856175567,0.7687853862666625,0.7847954723406836,0.8039616261051754,0.9477699980021125,0.7361921458658844,0.8794737026711493,0.6335475033557549,0.7751707543509228,0.8182787338913604,0.8623530636985344,0.7124438834345148,0.8463095323865545,0.7481680023674344,0.8140963117651732,0.7356390216250237,0.8140963117651729,0.8888189842675742,0.9457184681298556,0.9912027685634361,0.985078696756643,0.7777200559261548,0.9122707563977991,0.9589935043374596,0.743925985712971,0.6604932071901691,0.8229489814879903,0.7963224802288058,0.7547748038628777,0.813441477662918,0.7577315976258654,0.6959226433195166,0.97056185695398,0.983251145084515,0.989787967076966,0.7973204052495684,0.6149792249952322,0.9193732355342463,0.681533828069443,0.8037353107676908,0.8906096820615059,0.7826033861638945,0.9206674081072713,0.7973204052495684,0.6500093394878312,0.5202066879101367,0.9915388637427252,0.5213204142613213,0.572432315789456,0.5469959809577207,0.7751707543509228,0.7973912260366627,0.6925905385701256,0.7659689694046341,0.5785363447213845,0.7429517781629604,0.6203992152414115,0.8496516619740198,0.8349333580851876,0.882312313014425,0.8385633324189752,0.9563025402271867,0.6927951795284246,0.9874890149592974,0.5280249341108016,0.7493894200045355,0.790750249185658,0.7380115366625633,0.4870703140407482,0.8092584213227785,0.493566793855964,0.40103949452650767,0.7973204052495684,0.516625509759741,0.646493778445562,0.7698024246342723,0.7973204052495684,0.6091381821416482,0.9759617416119464,0.7938344767596348,0.9499103329879717,0.8182787338913604,0.608979222876298,0.8366594897721766,0.8147023818029855,0.9912396735669399,0.9126941014418188,0.9039195430268582,0.5133017758636222,0.7973204052495684,0.7051181950048391,0.7973204052495684,0.793834476759635,0.7163694003130712,0.96786798158862,0.8140963117651734,0.636223967394471,0.7378719719102692,0.9091104044376095,0.9674045964342096,0.7973204052495684,0.45145391525239364,0.6410625519279811,0.8791217428842413,0.8832724217033585,0.6803037662442581,0.9432965332537007,0.7007362244615241,0.6437827578513371,0.8902875130205796,0.9259485534572593,0.6451669755161962,0.8902875130205796,0.7895626418142663,0.8181708833001998,0.768315874006521,0.8902875130205796,0.8140963117651734,0.90130961094474,0.8161584400199193,0.9337526072370085,0.8182787338913601,0.6437827578513371,0.7600176111545576,0.8953108610062799,0.90164478776732,0.7971403222259041,0.8579807338402461,0.6984031193986371,0.8789079343459132,0.8156151585878009,0.997649299027328,0.9081239448942287,0.6901840678729843,0.8768860408074342,0.9404661964831158,0.6341567286923457,0.8502728941514012,0.7869450188228921,0.8266980100945365,0.8393102048589884,0.939624611034206,0.6842622382840275,0.8569067138581177,0.7838297542460706,0.775170754350923,0.7843298856175567,0.8763158021035116,0.7880457952100279,0.6888878081035481,0.7632421686937121,0.9643996204775072,0.7381044110514197,0.8422810143335601,0.7957994183099588,0.8627119636910103,0.9875600917702223,0.7019355006020771,0.9137279311604514,0.9318350776432105,0.886729134325575,0.9793758087339195,0.9048676922922787,0.9198797504608893,0.7484582530296053,0.9086890504845766,0.9035272918995241,0.9413605934738514,0.9889406182918248,0.8454114005640025,0.9716264454129939,0.8810365266234013,0.9283926727141698,0.9002906544880147,0.9526981938185091,0.8110096194294092,0.8453718612169463,0.9539919630685432,0.7734828869748713,0.9619647737944325,0.903392615972896,0.8190236947277525,0.98187093196739,0.8379312624123885,0.8405217717044979,0.6671238998020566,0.9915388637427252,0.6284540128033322,0.9776531644595585,0.8050989945139007,0.9011957637053736,0.8168375394702836,0.9572925800629464,0.9983903325379989,0.9209207692068399,0.8037353107676908,0.8735937951531949,0.793834476759635,0.9735365445245742,0.7843298856175567
p102_F,0.9376896746592069,0.7436295523044574,0.697484172698621,0.8774590135154127,0.7993700008850906,0.8353231768642491,0.9258255098344901,0.9802573700911945,0.5834601855848904,0.8261452162494142,0.9959688991235816,0.8459097615913487,0.8185324835917436,0.6612905388107694,0.8441393061492155,0.6786258253516838,0.9128009972035692,0.7005689296405755,0.9859440788700543,0.8614494698822028,0.7655454492163515,0.7701028389685363,0.8785382007702357,0.8144472611771493,0.8559602437672629,0.6913839274823115,0.8348634546501437,0.6792237175880043,0.8614494698822028,0.7310402729691761,0.763013068314591,0.794733085207088,0.8009347235614789,0.653345675511301,0.8275450240955424,0.9803420813182646,0.8659701834519902,0.7502106230987007,0.8353231768642491,0.7161383190190066,0.7875758667501518,0.8299122392884313,0.9839476580038088,0.7694852181900542,0.8868218163524274,0.6717533223542927,0.876724331949785,0.6825902048735597,0.6854017038809375,0.5590708985830015,0.8008422195759237,0.39496300903680437,0.71309989687078,0.7932109827381277,0.9784690751812071,0.7311298060778155,0.9320829311473764,0.7780046509581313,0.8846979087139255,0.8897835080822865,0.5768110448161679,0.4534677726103574,0.6913839274823121,0.6089944146229997,0.8030952829801472,0.5706555177361408,0.919171452966161,0.8571729841637128,0.8643219742778441,0.8848025594350112,0.7141330694031864,0.6947647484082907,0.8907047437999391,0.4819164418916191,0.7780046509581313,0.8045743186914045,0.7783596077126395,0.9312514068712606,0.4032107265079272,0.8353231768642488,0.7856920188609453,0.8022554555169897,0.6777606622482095,0.8525807153598548,0.7780046509581313,0.6400186186593286,0.992245817179451,0.6816628833125145,0.9301464037240028,0.7981856244137906,0.7780046509581313,0.8368800968333165,0.6146310524726988,0.6649973467077732,0.8618003453698705,0.9606202355672832,0.793175530511444,0.6596730668024527,0.5728260875451432,0.44339464281968954,0.9741813389942273,0.8530488725229224,0.7780046509581318,0.982712136208182,0.966674921992557,0.8117728822598584,0.8002788771935384,0.5731741089305245,0.8559602437672631,0.5054313329122548,0.7723238522427118,0.7064485353366214,0.6078726178679301,0.871644707215983,0.8466991324467528,0.5923773144403099,0.8923738436054642,0.8848025594350115,0.8353231768642488,0.5348471496388834,0.9672011947672068,0.7982825765424514,0.7245926068511885,0.853749386463107,0.7874328071944496,0.7471411243880881,0.8950231430311593,0.9297905557930769,0.9898265704110231,0.8383974723823078,0.49742684202587784,0.8230236730198895,0.8630614034554609,0.9788962217113011,0.7754488325827291,0.3757235486998306,0.7453200587371518,0.8319518115156928,0.8258426771468563,0.7904356987130698,0.9398368670547754,0.8208122474227111,0.6080504015961545,0.77667249503625,0.7957947013346076,0.6501923525228632,0.7979950323928664,0.5457963421373078,0.856390268766668,0.37198325035842217,0.9267250083210723,0.644874963264102,0.8098992535700122,0.9054329266303724,0.8630614034554609,0.7067752744916533,0.9692795929081155,0.7334281661805685,0.8100734516373294,0.7683683887447595,0.9517739860821459,0.8830740720259549,0.7573320209089756,0.8282823552758269,0.7908174933909364,0.9870614071525806,0.9890003841050305,0.8200452216823612,0.8822491990500552,0.7305914900838877,0.759548936403789,0.9280415955901626,0.8268369115302492,0.9012887876642917,0.7519368011601131,0.9432178376859846,0.884802559435011,0.9246802488182033,0.8699830774392123,0.5639385576566878,0.99408469754412,0.8023838127539187,0.9205726413886451,0.9280415955901629,0.8628320447285661,0.8641910973302827,0.4812426258441129,0.8698144094807434,0.8675831283886297,0.8856816386471902,0.8170840981467901,0.8177985976280637,0.5459115187061998,0.598220080381421,0.7765817299284576,0.7780046509581313,0.8144472611771492,0.9236776958816711,0.9412515183055201,0.7254706489297567,0.7449321307625945,0.8185324835917438,0.7780046509581313,0.6199893626869769,0.3074539620020824,0.8614494698822023,0.7780046509581313,0.9825088961878681,0.6916473032699468,0.6239157488511398,0.8100734516373296,0.871373442858508,0.7911552055921387,0.7780046509581313,0.9430703584765221,0.7780046509581304,0.3118364988976161,0.34667579601783016,0.3954986384115293,0.7780046509581313,0.9213261673534536,0.7780046509581313,0.8988048027027685,0.8564828484090639,0.6718862471853557,0.7437184983206536,0.9067495314528173,0.5495179666958812,0.81708409814679,0.9156400131629461,0.9602239140501465,0.9297255464363097,0.6707925447336072,0.6642269445766962,0.8008422195759237,0.9689039712582767,0.8310417965202925,0.8404580472237195,0.7588066706042511,0.728334845548037,0.6182722187137664,0.8088842737990013,0.7982825765424513,0.8364867092148462,0.7780046509581313,0.7775945041958314,0.7780046509581313,0.8044167060492962,0.8130708759758318,0.919171452966161,0.9115200681662385,0.5374306164183469,0.8144472611771492,0.6129771894177152,0.980921420362135,0.7655988977276662,0.9312514068712607,0.5237452552836146,0.7929984735168573,0.6923354680619186,0.9031780354977466,0.6213376171397502,0.7981856244137906,0.9647407723987267,0.741683972287605,0.8353231768642491,0.7296898847548705,0.7044079836115709,0.7726827103901858,0.837349936527124,0.7663295707928822,0.919171452966161,0.8397421838171333,0.7068693144866126,0.0,0.8117728822598584,0.2293736114855367,0.8671528844628276,0.9057422195309193,0.9159643300969387,0.8117728822598584,0.9505784120321787,0.5320324646212689,0.9059428360664095,0.6199782467718307,0.98497922985436,0.7929984735168571,0.834833789554698,0.43662407495962796,0.9430803069497276,0.7929984735168571,0.8830740720259549,0.6182319975137851,0.8510887196233299,0.5182521385373675,0.7844864396385136,0.663668731452838,0.9055783626287037,0.9522302390583732,0.912070093726898,0.8871268839047367,0.7637872992793495,0.8319518115156928,0.4747936845258085,0.9609459961444142,0.9130992715289874,0.7588854602404405,0.6792237175880045,0.5624838939334063,0.9415223419388605,0.8955490270784823,0.8958586093463341,0.9654159984674523,0.9064836470306807,0.7826802873961713,0.96202926195386,0.7006293916064772,0.9320579771477777,0.8049962043806336,0.98514764149467,0.7440283018081901,0.8466991324467523,0.7780046509581313,0.794733085207088,0.7906388148001824,0.9736915295323993,0.8117728822598584,0.9970698702824428,0.9076947364122088,0.7780046509581313,0.9724733408176929,0.8792005618832213,0.909635417434029,0.8032298690755991,0.8002681060490233,0.9057422195309193,0.9813906368456975,0.6159213296100217,0.6412993463142527,0.7711978456713606,0.7425483722735087,0.5744781528040059,0.9431244710320204,0.729170939945968,0.693267214876662,0.7357654281420154,0.7207185174779007,0.8353231768642488,0.536760844030463,0.8537901056633644,0.4834940111013708,0.853386375136155,0.7981856244137907,0.8694101221663375,0.9029822338343733,0.4855522300762858,0.3688262433027769,0.5666859631219714,0.7780046509581313,0.5004343898262344,0.9399181617740363,0.9466953793422797,0.9288757881132794,0.9267250083210725,0.6658317102856064,0.7780046509581313,0.7780046509581313,0.9939947369583184,0.884752429640399,0.6800497531320469,0.7780046509581304,0.8614494698822028,0.7711949776746392,0.8277657937055286,0.7267958478175662,0.5739895705164761,0.778004650958132,0.9749834622184277,0.7783596077126395,0.632740980381995,0.6516577819364864,0.7780046509581313,0.6564254760684199,0.9870614071525806,0.50157014400057,0.5016617332493067,0.9055866242378161,0.8484107106517322,0.792998473516857,0.4458119017048672,0.7780046509581313,0.5395758905608965,0.744000868417513,0.6342729436588737,0.91083019871073,0.8369172238728211,0.6398175707136973,0.7502106230987008,0.7780046509581313,0.7069109409728538,0.6938725687845373,0.7780046509581313,0.9055866242378162,0.7920177427853803,0.9141472730177426,0.5624838939334063,0.41384736198270144,0.7780046509581313,0.9785252546097907,0.6440992163132966,0.9382719339501254,0.9967794459972699,0.7966773394226228,0.6677017974904949,0.6043124458463616,0.8162130380309865,0.876724331949785,0.8319996093494122,0.48855813326911113,0.718454589384933,0.5215915688178114,0.8596066005262064,0.5887228634233714,0.9014072881109929,0.8569522690866247,0.9177286235252594,0.7780046509581313,0.9859440788700544,0.7347001866626696,0.5755262317716097,0.8504095111132657,0.9018073277737213,0.7904356987130701,0.6182319975137851,0.9016061399146568,0.7904356987130701,0.8342118148643838,0.778004650958132,0.7932109827381262,0.6745074666723276,0.8641707003133442,0.9129144016949025,0.5547162858416983,0.8208122474227104,0.8845097194430247,0.8099309387479632,0.700436539761542,0.825889876483042,0.8208122474227106,0.684810727935147,0.7533825787567632,0.8213916608183507,0.7285265936878096,0.7783596077126398,0.774032403992337,0.9731496705350525,0.9106590539893652,0.9201999388599624,0.8480702878802495,0.8022554555169898,0.8065571965972294,0.9717090011218621,0.682331479846739,0.7227331919279232,0.5919447882202489,0.7363741866909803,0.8088842737990016,0.7659418454825657,0.9849783925890598,0.9560657315898282,0.8832805022269119,0.8328000260887206,0.5735372647457068,0.8989293071167046,0.667766058681323,0.7709719157068773,0.9484600992165797,0.7772508440406969,0.7929984735168574,0.8342071377611375,0.5956190961541532,0.921174440329367,0.9689039712582768,0.9803420813182646,0.9628180195144467,0.8223743108374251,0.9059428360664096,0.9573194469708501,0.78290509294786,0.7569259120967181,0.956390179274766,0.8510887196233303,0.6722158124104385,0.6496319431918787,0.781160289589143,0.8732870395909531,0.8803174584126043,0.614786661609986,0.9375741869524975,0.7829050929478594,0.5798860987628105,0.7780046509581313,0.835424380863864,0.7780046509581313,0.7780046509581313,0.3320287109881257,0.7184545893849336,0.9675280023153654,0.7780046509581313,0.5827655137757421,0.5239603965106019,0.7763833336977415,0.7920968861323608,0.6710729731602996,0.5791824410891202,0.8139553263040931,0.993477844697825,0.3812735105783496,0.7755726733300903,0.849693523885414,0.8412846402989773,0.6289762449985732,0.6527169149868522,0.6707334372945988,0.8033538625485186,0.9784690751812071,0.8970292964479509,0.9734639313169202,0.8412846402989775,0.9453489514709335,0.876724331949785,0.9769749432551491,0.9922458171794512,0.9493071771996889,0.7641927640664479,0.5917447906148556,0.9055866242378162,0.6108430040401356,0.709818227096128,0.9850515302938132,0.8466991324467523,0.8734201452534448,0.7853943015979803,0.9216191048296365,0.5295423344106129,0.5435345324291772,0.894170995395229,0.8559609326165805,0.8088842737990017,0.6829918537635749,0.9461905045854541,0.8529401804129993,0.50157014400057,0.6777606622482091,0.8353231768642488,0.5302999662691512,0.5417316228704712,0.8938393798507513,0.6045015293751275,0.8734201452534448,0.9422924170084133,0.8669692248608205,0.7780046509581313,0.8569522690866247,0.8090017246333314,0.8557200473059945,0.7047686737484075,0.8413982421241397,0.8098383097811261,0.9950576788688374,0.7405636436776909,0.7641927640664485,0.38863043198396596,0.8614494698822027,0.5952614480660484,0.95551130487298,0.5087514330978107,0.7637872992793497,0.8770208742556489,0.8824513406423402,0.9231335028101035,0.9731273714429403,0.8514811654706045,0.6203016936265462,0.5035212063449813,0.6978060549275926,0.6831832606853633,0.7557059915023394,0.7183035170987225,0.7226722740806659,0.8614494698822033,0.8559602437672629,0.8369172238728213,0.6787398226815771,0.7942009150036771,0.8759246877284854,0.7981856244137903,0.582469064865448,0.6386223059244514,0.9788962217113013,0.7743286824666782,0.8767243319497846,0.9211744403293671,0.9499819765682012,0.750604652038998,0.9983571225670609,0.9848874366011877,0.957618800952049,0.7489246335668325,0.7371722228575075,0.9280415955901629,0.8258426771468561,0.835323176864249,0.7780046509581313,0.8917027378806981,0.6314856113187266,0.36323184228464167,0.7080992620939185,0.7780046509581304,0.6666147154784083,0.4944723857635277,0.6278589836521187,0.98497922985436,0.7637399522948424,0.5271113765339914,0.5526096809700829,0.9114839763750633,0.7041060636550827,0.8660826982198879,0.5765934827798735,0.568605478811514,0.835424380863864,0.7574259931844911,0.9320829311473764,0.8830740720259549,0.98514764149467,0.8353231768642488,0.8395831264203746,0.7637872992793495,0.8353231768642491,0.7436295523044576,0.7311298060778155,0.7780046509581318,0.8369963608970359,0.6581522805331047,0.8117728822598591,0.912070093726898,0.9839890484353477,0.4283157208018775,0.38946883296545876,0.7981856244137907,0.8941709953952294,0.808884273799001,0.7981856244137907,0.7981856244137906,0.986484318424032,0.7780046509581313,0.9387801780547109,0.7487931360339288,0.7780046509581313,0.8247171728209969,0.7533293940940362,0.9466282415065836,0.876724331949785,0.900082576631295,0.807864264293652,0.770808346414186,0.4610041856867372,0.4142369711006497,0.7326873144368853,0.5018460422615805,0.7780046509581313,0.8860884457928879,0.7929984735168571,0.7124085863009613,0.31280217608606153,0.9505717463747272,0.817374879811649,0.8725531803354876,0.9724733408176929,0.7580395625586961,0.7711978456713608,0.8557200473059943,0.7030082491415599,0.6559041746170047,0.8638650538994086,0.6188170439912666,0.8584717128661032,0.8848025594350112,0.9418845512095328,0.8767243319497853,0.6286597399948392,0.4043530032493443,0.7780046509581313,0.8061796741685834,0.6766520443791921,0.8614494698822022,0.5329698810800397,0.9573030985407218,0.737172222857507,0.4335409435827604,0.7904356987130701,0.49510959765044915,0.44113431106847467,0.7780046509581313,0.7780046509581313,0.9149822340699343,0.9798355669671766,0.6079682959138801,0.27366697346431357,0.536312150689044,0.5871358355638504,0.4795350111796247,0.4267246919315095,0.8961464143419948,0.5017467023035904,0.7780046509581313,0.9933296509430152,0.8569522690866247,0.8353231768642491,0.48869846126770633,0.8117728822598584,0.4282812543693588,0.7780046509581313,0.7780046509581313,0.5134917997612409,0.8907047437999391,0.47749520040881555,0.9922458171794512,0.6288643139092399,0.5602903822246854,0.9322614686173541,0.9661573188773043,0.5202699113762659,0.5966159840624046,0.7780046509581304,0.959821045088194,0.4007942833904057,0.8659701834519902,0.9859440788700543,0.985051139467443,0.6271698825674679,0.6092829154492482,0.9774056046633747,0.7788113047144827,0.5993818351074487,0.7780046509581313,0.319347087954452,0.8461995545506902,0.7416184867328104,0.8956046592515359,0.6040284897309947,0.8845097194430247,0.6730040675760884,0.7715323142072746,0.8677534787475789,0.8800982113666793,0.6240655995000464,0.9313239176895798,0.8261452162494155,0.9653275503357561,0.9177286235252595,0.34189105512288176,0.831951811515692,0.7708083464141862,0.483936945783773,0.7636892997599725,0.7947271048367864,0.9364935618797234,0.9788962217113013,0.9047897316710583,0.9045839811415213,0.9417401014264113,0.9602650230821339,0.9190580923273534,0.5797440020405431,0.8838950705164461,0.8614494698822031,0.7225725701981336,0.7938679733537373,0.7967592015980065,0.8262967737928698,0.763777927592534,0.9741813389942273,0.8203426163620728,0.7853943015979805,0.6286298596506728,0.827455833106021,0.6770148778164744,0.6029983819539708,0.7780046509581313,0.8213916608183504,0.9684201401478016,0.6709116099762555,0.8261452162494142,0.918224472693183,0.7035867637948574,0.9164361374952201,0.7780046509581313,0.4740982302881256,0.5425205849741437,0.928203936834926,0.4065062063965257,0.49442177680986266,0.42796717283557095,0.8258426771468563,0.571778981592634,0.9507747413980436,0.8953309545962147,0.5256866257672419,0.7641927640664482,0.714069307642848,0.8353231768642488,0.8785382007702359,0.8343546973790354,0.8964728027469129,0.9298740251261695,0.4144699506597309,0.857064458031565,0.5648675109215868,0.9752298134312947,0.7981856244137907,0.46864543001660053,0.6370944569968306,0.7367337011982931,0.45322427371901375,0.467483270189337,0.7780046509581313,0.4832421497922632,0.8115354017445968,0.7005938978479771,0.7780046509581313,0.5476722658271851,0.8009347235614804,0.8117728822598584,0.7413236767256912,0.7981856244137907,0.3805413505176857,0.8868276519785268,0.9508716073243623,0.8574250296183685,0.8466939562162175,0.8328000260887206,0.5883057675908422,0.7780046509581313,0.943290128675953,0.7780046509581313,0.8510887196233303,0.7393901912358349,0.5385100731677515,0.8353231768642491,0.9541599715084683,0.611011477327591,0.7236287886389121,0.7491590756311131,0.7780046509581313,0.8373539972278125,0.6157424419032802,0.7672235543965384,0.9243762452502982,0.6479769357244212,0.8630614034554611,0.6722158124104383,0.9351734910371758,0.9573194469708504,0.579791997453134,0.47962259784548944,0.9573194469708504,0.7005938978479772,0.8008422195759245,0.663668731452838,0.9573194469708504,0.8353231768642491,0.6913839274823121,0.8369172238728211,0.8880251399355273,0.7981856244137899,0.9749834622184277,0.8921023247330179,0.6984668227176973,0.8681021893929678,0.9385091005037032,0.6311325962066499,0.9205109805988165,0.8459097615913482,0.8734201452534447,0.7417299559087309,0.8774590135154127,0.8170929791327919,0.5400756261801218,0.9347165710778325,0.5992911629383972,0.8230061720725883,0.8435002207563184,0.8767243319497853,0.7544645000225723,0.9443635535766483,0.6736519228114517,0.6833646632039676,0.7152996202492925,0.8569522690866243,0.835424380863864,0.8170774224671833,0.6883248736660694,0.967610899572042,0.8726446237792718,0.7630130683145917,0.8844849787352225,0.8644083233117049,0.756028620721541,0.8838950705164461,0.72198525984513,0.7699929922856232,0.8171086489668081,0.5681072510584966,0.7221542977716404,0.9706010318338414,0.9106590539893652,0.8438372370478575,0.71309989687078,0.8014280134338709,0.9950576788688374,0.9986266738095138,0.9453465489849122,0.8749083057306533,0.9959688991235816,0.9393812307409578,0.8529401804129993,0.9033866702626847,0.7571687228600004,0.7866487334406873,0.8659701834519902,0.6539952189804796,0.6736519228114513,0.9431244710320201,0.7675264159519115,0.6296590350209508,0.7744805025669328,0.9769744947491117,0.8631351086485664,0.5597846997853291,0.7573320209089754,0.7906388148001826,0.8230236730198899,0.593938984646575,0.9819491939490458,0.8030952829801481,0.5486201353188862,0.905151060497313,0.8725531803354876,0.8261452162494142,0.7081333247956296,0.8173748798116494,0.925531743468119,0.835424380863864
p102_T,0.8312173911187126,0.9517441295565183,0.6138094444949616,0.9362456943690349,0.9582144552981327,0.9690033562225546,0.8583462338175076,0.8322437174658709,0.9208725034246266,0.9672758151492922,0.305152894515638,0.9568599156354454,0.9568599156354451,0.9362456943690349,0.9264564493231808,0.9057246972976492,0.9542468650366516,0.9436389526644002,0.965625,0.9672758151492922,0.9074725945748128,0.32152664978164625,0.9470055188469617,0.9596053879391779,0.33689100317770826,0.9436389526644,0.9542468650366516,0.9312607396704553,0.9672758151492922,0.8151543300838582,0.9383021271292233,0.950716529670402,0.9529828655437629,0.9332303128187658,0.9582144552981327,0.965625,0.1490201725853415,0.9529828655437629,0.9690033562225546,0.942546448360206,0.9172347260035334,0.9447456538980155,0.9690033562225546,0.9283593797331273,0.9542468650366518,0.87450538386682,0.11775954848708015,0.918138754358939,0.40169060016490543,0.9109895373928902,0.9625131050152524,0.876261827348312,0.9436389526644,0.9517441295565183,0.9529828655437629,0.941467276381333,0.941467276381333,0.9582144552981327,0.7847770412204684,0.2268615547293238,0.9227150661971699,0.861092113458608,0.9436389526644005,0.9172347260035334,0.964040252388596,0.8555748757838357,0.9625131050152522,0.8814987207179201,0.8184753916628578,0.965625,0.9352318345617441,0.942546448360206,0.9582144552981327,0.8574253737916122,0.9582144552981327,0.6319677171849858,0.9493347822888889,0.9505286850464207,0.7635098746985826,0.9690033562225546,0.9505286850464207,0.9458674971126173,0.9393458182324887,0.9436389526644002,0.9582144552981327,0.932241742150131,0.9493347822888889,0.839293063072188,0.6059690156007205,0.9568599156354449,0.9582144552981327,0.9541896299485404,0.861092113458608,0.8806288736252947,0.9393458182324887,0.9181387543589391,0.9519058911033429,0.6706738076877616,0.8518367404342477,0.8508940408143362,0.941467276381333,0.9610366993022685,0.9582144552981327,0.8832354238447049,0.6769170045464781,2.220446049250313e-16,0.5498119605838785,0.8332650413138045,0.9481608601832734,0.8592642631772309,0.8979178384019253,0.9447456538980155,0.8412664651734412,0.538507266061247,0.11775954848708015,0.8217392653025242,0.9517441295565183,0.9656250000000002,0.9690033562225546,0.8832354238447049,0.9283593797331275,0.9057246972976494,0.9481608601832734,0.9383021271292231,0.9436389526644002,0.7988008809007465,0.1490201725853415,0.8858340936764979,0.9568599156354454,0.9302869180633684,0.8953282497576125,0.9610366993022685,0.9625131050152524,0.9690033562225546,0.9542468650366516,0.9088679893884184,0.9005120111662777,0.9625131050152524,0.08301287652694123,0.9555383641697377,0.7861013304270679,0.04802371343395373,0.8555748757838357,0.8944656454039723,0.9074725945748126,0.9264564493231808,0.9118739328932484,0.8700853537305533,0.942546448360206,0.827060148923404,0.9672758151492922,0.9227150661971699,0.7099187434240761,0.9022452837148789,0.9625131050152524,0.9425464483602062,0.913649887598424,0.9293199127017768,0.707776221292472,0.9057246972976494,0.8412664651734412,0.9610366993022685,0.9458674971126173,0.8373021566360079,0.5935012569881961,0.9312607396704551,0.8858340936764979,0.5846688068540971,0.9393458182324887,0.8727426055411924,0.9362456943690349,0.2031772652664633,0.9414672763813332,0.8700853537305534,0.7141183525888175,0.8996466204791784,0.9656250000000002,0.8936031902522537,0.9342268638258988,0.906597867618917,0.9274049943645879,0.9083489988323226,0.9414672763813328,0.9568599156354451,0.8841024249642824,0.7141183525888184,0.8832354238447049,0.9190462651000917,0.9517441295565182,0.9372689456075765,0.9555383641697375,0.9208725034246268,0.7650180104070299,0.827060148923404,0.9227150661971699,0.9582144552981327,0.9596053879391782,0.9555383641697377,0.9181387543589388,0.7459031338420239,0.9109895373928902,0.9568599156354451,0.9582144552981327,0.6820709685360269,0.827060148923404,0.9672758151492922,0.9582144552981327,0.8629094882524135,0.9302869180633684,0.9065978676189168,0.8823675467067157,0.9217916370027818,0.9568599156354451,0.9582144552981327,0.8814987207179201,0.9582144552981325,0.777991703255195,0.8674107520354712,0.8647169462584842,0.9582144552981327,0.698903104201752,0.9582144552981327,0.7573308431791724,0.9236430180495616,0.9312607396704553,0.6632614409621944,0.9610366993022685,0.8117728822598584,0.9555383641697375,0.351347550686809,0.9493347822888891,0.9227150661971699,0.8291493513794035,0.9332303128187656,0.9625131050152524,0.9172347260035337,0.910107340129978,0.9199574485923747,0.9154363928771068,0.5069074692287098,0.9302869180633684,0.9542468650366516,0.947442779108449,0.9555383641697377,0.9582144552981327,0.9199574485923747,0.9582144552981327,0.8432230388608029,0.9302869180633684,0.9625131050152524,0.9404006431802039,0.8117728822598583,0.9596053879391782,0.9293199127017768,0.3368910031777078,0.9118739328932484,0.9505286850464207,0.8858340936764979,0.9610366993022685,0.8944656454039726,0.8944656454039726,0.8718586682882639,0.9568599156354449,0.964040252388596,0.8592642631772309,0.9690033562225546,0.8629094882524138,0.7845111847199955,0.9447456538980155,0.8936031902522537,0.9367687566679366,0.9625131050152524,0.8753843628690847,0.7938344767596348,0.8117728822598584,0.0,0.8592642631772309,0.9293199127017768,0.9458674971126175,0.9190462651000917,2.220446049250313e-16,0.8780124908814333,0.8470883271446172,0.964040252388596,0.9163339973465923,0.9362456943690349,0.9610366993022685,0.9332303128187656,0.8412664651734412,0.22686155472932423,0.9610366993022685,0.9610366993022685,0.7925699855750041,0.965625,0.7925699855750041,0.8806288736252947,0.6353764027835573,0.8718586682882639,0.965625,0.9582144552981327,0.942546448360206,0.9555383641697377,0.9625131050152524,0.8373021566360079,0.9163339973465923,0.9610366993022685,0.942546448360206,0.9312607396704553,0.7737814949433295,0.9255134534695351,0.9048529663349028,0.9030333503116557,0.7988008809007466,0.864716946258484,0.9346991012692377,0.967275815149292,0.9208725034246268,0.9672758151492922,0.4851705698920621,0.9302869180633684,0.9255134534695351,0.9610366993022685,0.9582144552981327,0.9625131050152524,0.9199574485923749,0.9436389526644005,2.220446049250313e-16,0.964040252388596,0.9568599156354451,0.9582144552981327,0.3368910031777078,0.965625,0.9690033562225546,0.5325898779206594,0.7635098746985824,0.9458674971126173,0.9625131050152522,0.8629094882524138,0.755747894770402,0.9481608601832734,0.9529828655437631,0.8691958391075136,0.9610366993022685,0.9332303128187658,0.7779917032551948,0.9517441295565183,0.9264564493231806,0.9690033562225546,0.8071644882517874,0.9332303128187658,0.8173748798116494,0.24868536270712194,0.9568599156354449,0.9352318345617441,0.9057246972976494,0.8412664651734412,0.842246813951878,0.7694592477206295,0.9582144552981327,0.8797579337068848,0.932241742150131,0.9342268638258988,0.49268176173944034,0.967275815149292,0.8727426055411924,0.9582144552981327,0.9582144552981327,0.942546448360206,0.9208725034246268,0.9216020313541384,0.9582144552981325,0.9672758151492922,0.9582144552981327,0.9362456943690349,0.5935012569881961,0.827060148923404,0.9582144552981327,0.9372689456075765,0.9493347822888889,0.7509020511212644,0.7820963185522347,0.9582144552981327,0.6483545622521333,0.9312607396704553,0.8162678987494558,0.8184753916628578,0.45202578957206085,0.8927407985750284,0.9610366993022685,0.8322437174658706,0.9582144552981327,0.7938344767596347,0.9436389526644002,0.703401904747305,0.8601795328531072,0.9596053879391779,0.752533849186763,0.9529828655437631,0.9582144552981327,0.9145417437978427,0.8392930630721879,0.9582144552981327,0.9372689456075765,0.8312173911187126,0.7354031975062649,0.7737814949433295,0.8373021566360079,0.9582144552981327,0.8184753916628578,0.8814987207179201,0.964040252388596,0.7182088539361106,0.7737814949433295,0.9236430180495616,0.9245757305468909,0.9145417437978427,0.11775954848708015,0.9163339973465923,0.906597867618917,0.9470055188469617,0.8788858297250928,0.8961910905435388,0.6769170045464781,0.9470055188469617,0.08301287652694123,0.9436389526644005,0.9582144552981327,0.965625,0.9190462651000917,0.8461277862534458,0.9505286850464207,0.4232320307761679,0.9555383641697377,0.8342814558669874,0.9596053879391779,0.9555383641697377,0.9505286850464207,0.9582144552981327,0.9517441295565183,0.6544809036450439,0.9208725034246268,0.965625,0.8736248211051396,0.9672758151492922,0.9517441295565183,0.9470055188469617,0.7900123156320648,0.9493347822888889,0.9672758151492922,0.7912959918600064,0.9312607396704551,0.9109895373928902,0.9447456538980155,0.9493347822888889,0.6168592556746881,0.9610366993022685,0.9332303128187656,0.9172347260035332,0.6603867331027351,0.9458674971126175,0.9172347260035334,0.9505286850464207,0.9383021271292233,0.9040056117932131,0.8129069456777991,0.9217916370027819,0.9542468650366516,0.8470883271446172,0.6175994786481587,0.9362456943690349,0.9458674971126175,0.9470055188469617,0.7709128636729368,0.9505286850464205,0.7549160044072432,0.9458674971126173,0.5069074692287099,0.797572676765083,0.9610366993022685,0.8727426055411924,0.7650180104070299,0.932241742150131,0.9172347260035332,0.9656250000000002,0.777991703255195,0.9109895373928902,0.964040252388596,0.9312607396704553,0.9542468650366518,0.9542468650366516,0.9625131050152524,0.9656250000000002,0.9383021271292231,0.7604502711739276,0.9283593797331273,0.2031772652664633,0.9568599156354451,0.8546450937171788,0.9236430180495616,0.9542468650366516,0.8944656454039724,0.9582144552981327,0.04407004266351722,0.9582144552981327,0.9582144552981327,0.8508940408143364,0.9470055188469617,0.9332303128187658,0.9582144552981327,0.8432230388608029,0.8665150422521173,0.9302869180633684,0.8788858297250928,0.6483545622521334,0.7847770412204684,0.9208725034246268,0.9199574485923749,0.8683043280893405,0.9529828655437629,0.9065978676189169,0.964040252388596,0.932241742150131,0.8173748798116494,0.8814987207179199,0.4428495116517701,0.9529828655437629,0.9555383641697377,0.8059936873009328,0.964040252388596,0.5977568285657049,0.11775954848708015,0.918138754358939,0.9493347822888889,0.9447456538980155,0.9470055188469617,0.8753843628690847,0.45202578957206097,0.9227150661971699,0.9470055188469617,0.934226863825899,0.9610366993022685,0.9493347822888891,0.9596053879391779,0.5136536850193718,0.8823675467067158,0.8683043280893405,0.9625131050152524,0.8823675467067158,0.9542468650366516,0.810631735747056,0.6213072444249826,0.9568599156354454,0.8162678987494556,0.9393458182324887,0.9690033562225546,0.7847770412204684,0.8736248211051396,0.9199574485923747,0.7874151753009926,0.9493347822888889,0.9236430180495616,0.9031133691845501,0.9582144552981327,0.08301287652694123,0.9312607396704553,0.9582144552981327,0.8858340936764979,0.9493347822888889,0.9555383641697377,0.43326248910981524,0.752533849186763,0.9470055188469617,0.8392930630721882,0.9672758151492922,0.7975726767650831,0.9505286850464207,0.8901531678626451,0.9555383641697377,0.9529828655437629,0.8537121927533946,0.9302869180633684,0.9458674971126175,0.809483376444649,0.9013781987087914,0.7793713361793848,0.8875631490366902,0.9332303128187658,0.861092113458608,0.698903104201752,0.9383021271292231,0.9672758151492922,0.9481608601832734,0.9596053879391779,0.7407406669265033,0.9199574485923747,0.9118739328932484,0.9568599156354449,0.7950896414683806,0.7372025494796415,0.9690033562225546,0.9005120111662772,0.9610366993022685,0.932241742150131,0.4999218811025572,0.9447456538980152,0.9190462651000915,0.4428495116517701,0.9481608601832734,0.9163339973465923,0.9505286850464207,0.9568599156354451,0.08301287652694123,0.9690033562225546,0.9582144552981327,0.9332303128187658,0.8892901999095577,0.7834421060580531,0.9342268638258988,0.9582144552981325,0.9039825606517027,0.8555748757838357,0.9227150661971699,0.9362456943690349,0.5655745286057905,0.9109895373928902,0.9022452837148789,0.8238849154998196,0.9404006431802039,0.9227150661971699,0.8771378467726847,0.910107340129978,0.04407004266351722,0.5705409261013937,0.941467276381333,0.9610366993022685,0.98145106467318,0.9690033562225546,0.9404006431802037,0.9555383641697375,0.9690033562225546,0.9517441295565183,0.9414672763813328,0.9582144552981327,0.8700853537305534,0.6387170605760057,0.965625,0.9582144552981327,0.9493347822888889,0.8094833764446474,0.8373021566360079,0.9568599156354449,0.9625131050152524,0.9542468650366516,0.9568599156354449,0.9568599156354449,0.9332303128187656,0.9582144552981327,0.9542468650366516,0.9236430180495617,0.9582144552981327,0.9458674971126173,0.910107340129978,0.9656250000000002,0.11775954848708015,0.964040252388596,0.9596053879391782,0.9568599156354449,0.7950896414683805,0.8832354238447049,0.9470055188469617,0.8691958391075136,0.9582144552981327,0.9236430180495618,0.9610366993022685,0.9458674971126173,0.8301859677307104,0.5442448399003639,0.9656250000000002,0.9596053879391779,0.9481608601832734,0.9302869180633684,0.9481608601832734,0.17734708868199078,0.9302869180633684,0.9352318345617441,0.9383021271292231,0.7407406669265031,0.9505286850464205,0.965625,0.942546448360206,0.11775954848708015,0.9236430180495618,0.8700853537305533,0.9582144552981327,0.9582144552981327,0.6452038871546906,0.9672758151492922,0.8665150422521173,0.24868536270712183,0.9505286850464207,0.8555748757838357,0.9555383641697377,0.8281074447167713,0.8228150438933353,0.9582144552981327,0.9582144552981327,0.9293199127017768,0.752533849186763,0.9199574485923747,0.8402819095372958,0.8727426055411924,0.8480451455932454,0.7389815511680626,0.8352930530354636,0.9447456538980155,0.8461277862534458,0.9582144552981327,0.9181387543589388,0.08301287652694123,0.9690033562225546,0.861092113458608,2.220446049250313e-16,0.861092113458608,0.9582144552981327,0.9582144552981327,0.8140340532964885,0.9582144552981327,0.8206574710503438,0.32152664978164647,0.8823675467067158,0.9172347260035336,0.9404006431802039,0.5846688068540971,0.863814422100184,0.8771378467726845,0.9582144552981325,0.9302869180633686,0.8499479257057734,0.1490201725853415,0.965625,0.9065978676189168,0.842246813951878,0.9264564493231808,0.932241742150131,0.9596053879391779,0.703401904747305,0.9582144552981327,0.8574253737916122,0.932241742150131,0.9172347260035336,0.671592383614509,0.8892901999095579,0.9517441295565183,0.9217916370027819,0.7141183525888184,0.964040252388596,0.891878386060835,0.8866989102900564,0.9542468650366518,0.9672758151492922,0.9362456943690349,0.9436389526644002,0.8461277862534455,0.9625131050152524,0.9568599156354449,0.6632614409621942,0.9414672763813328,0.9302869180633686,0.9352318345617441,0.9690033562225546,0.9302869180633686,0.9690033562225548,0.9690033562225546,0.5705409261013937,0.934226863825899,0.9145417437978427,0.9582144552981327,0.9672758151492922,0.32152664978164625,0.9493347822888889,0.7509020511212644,0.9529828655437631,0.9568599156354451,0.9414672763813328,0.9127606676606761,0.9596053879391782,0.809483376444649,0.932241742150131,0.8546450937171788,0.836299923476612,0.9582144552981327,0.9109895373928902,0.9582144552981327,0.827060148923404,0.9672758151492922,0.9447456538980155,0.9458674971126177,0.7099187434240761,0.9582144552981327,0.839293063072188,0.7847770412204684,0.9458674971126177,0.8402819095372958,0.8574253737916122,0.8461277862534455,0.08301287652694123,0.8537121927533953,0.7298781721393242,0.8402819095372958,0.788718772853704,0.9470055188469617,0.7335830161959275,0.9690033562225546,0.9470055188469617,0.9582144552981327,0.5891401655413022,0.942546448360206,0.8674107520354712,0.9199574485923749,0.7793713361793848,0.9582144552981327,0.9568599156354449,0.8700853537305533,0.8858340936764979,0.5977568285657053,0.8162678987494556,0.796335651949913,0.9582144552981327,0.8260073636615606,0.6942728322121243,0.9362456943690349,0.9582144552981327,0.8683043280893405,0.9529828655437629,2.220446049250313e-16,0.9470055188469617,0.9568599156354449,0.8736248211051396,0.9436389526644003,0.5935012569881961,0.9414672763813328,0.9245757305468909,0.9470055188469617,0.7766003415235199,0.9582144552981327,0.9404006431802039,0.9582144552981327,0.9656250000000002,0.8629094882524138,0.9048529663349028,0.9690033562225546,0.9393458182324887,0.8373021566360079,0.9217916370027819,0.46082072952098563,0.9582144552981327,0.8620020752690568,0.8527760996057681,0.7202148985912618,0.9383021271292231,0.9302869180633686,0.9625131050152524,0.9383021271292236,0.9372689456075762,0.9312607396704553,0.9118739328932484,0.7963356519499131,0.9312607396704553,0.9362456943690349,0.9625131050152524,0.6353764027835573,0.9312607396704553,0.9690033562225546,0.9436389526644002,0.9596053879391779,0.6353764027835573,0.9568599156354451,0.937268945607576,0.9458674971126175,0.9109895373928902,0.5069074692287105,0.9470055188469617,0.9293199127017768,0.942546448360206,0.9568599156354451,0.9493347822888889,0.8451634443215716,0.46082072952098607,0.9190462651000915,0.8629094882524135,0.9274049943645877,0.9245757305468911,0.942546448360206,0.9596053879391782,0.11775954848708015,0.9190462651000915,0.9127606676606757,0.42323203077616856,0.9404006431802039,0.9181387543589388,0.08301287652694123,0.04407004266351722,0.8961910905435388,0.9393458182324887,0.8901531678626451,0.932241742150131,0.44284951165177,0.8788858297250928,0.9481608601832734,0.9372689456075762,0.17734708868199078,0.8656171299593258,0.8996466204791784,0.5201744503055977,0.918138754358939,0.876261827348312,0.964040252388596,0.9332303128187656,0.8979178384019253,0.9436389526644,0.9542468650366516,0.43326248910981524,0.9172347260035334,0.8944656454039723,0.8024341677705487,0.305152894515638,0.8718586682882636,0.9568599156354451,0.9039825606517029,0.8537121927533957,0.9610366993022685,0.1490201725853415,0.9065978676189168,0.9404006431802034,0.9610366993022685,0.9163339973465923,0.8875631490366904,0.8565016117177142,0.9555383641697377,0.2268615547293249,0.8620020752690567,0.9458674971126175,0.9199574485923747,0.9610366993022685,0.8841024249642824,0.3649841007441661,0.04407004266351722,0.9118739328932484,0.9447456538980155,0.9596053879391782,0.9672758151492922,0.9057246972976492,0.9656250000000002,0.8508940408143366,0.04407004266351722
p102_Y,0.8340795272654817,0.8024341677705478,0.635579547928814,0.8001837518032733,0.7323411099967436,0.8730956945148611,0.9817710107158878,0.9814857932794944,0.455134793884828,0.8660229158723234,0.7974579792993961,0.7787298647570084,0.750309059648188,0.7389815511680635,0.9899357878723083,0.8003510841643688,0.9475277801707198,0.7692505156398977,0.9992598421053649,0.9026728454973327,0.778191969697777,0.841911943731436,0.9254783439399903,0.8647795435579988,0.7877637952475485,0.5995256883006481,0.8126806934976472,0.5693112557083437,0.9026728454973327,0.6321655178140848,0.6663009045173091,0.7659316577663348,0.8601632422512153,0.7223555864204425,0.7615900676035703,0.8942631579092646,0.8647795435579986,0.8075057145892737,0.8730956945148616,0.7869659175862751,0.6611481652587345,0.7449069566486769,0.972614773380158,0.6588900806309348,0.8935889455014907,0.6483811976215685,0.8404791612293152,0.5541583670793611,0.7647776604185779,0.41577115741667037,0.8465237589272379,0.5205727852295321,0.6220693953027718,0.8539054707756235,0.9555354109319851,0.804062442966593,0.7603593894773362,0.8289245259008584,0.5871353920253506,0.8179682595223978,0.4508506826510156,0.4966988306499305,0.8249627583218823,0.7117086268512329,0.8527760996057687,0.34904739157250575,0.8465237589272381,0.738625220992714,0.8898226257968753,0.8592642631772314,0.734830676782199,0.7647776604185779,0.9459203563281635,0.25955563776506163,0.8289245259008584,0.6175994786481616,0.8172409646532206,0.8226425806712592,0.31601917713085115,0.8730956945148611,0.8478271820431227,0.8716459884847003,0.7516738629110455,0.9270564646547605,0.8289245259008584,0.7225888481649909,0.9159248809660818,0.5678986027252261,0.9989176690497674,0.8233788637195052,0.8289245259008584,0.6516583495331281,0.5358791461168746,0.510154765346504,0.9427285019575318,0.8767421256433157,0.6283643276748951,0.6211807249799928,0.35885180069344225,0.2359751154872971,0.8040624429665932,0.8404791612293148,0.8289245259008577,0.786277362568742,0.666120091258939,0.8592642631772309,0.6873845493423212,0.3451921709342646,0.7768011813657075,0.29960645415190845,0.6117579971026166,0.7737814949433293,0.36734935128632784,0.7131776381854047,0.8404791612293152,0.32351325510975915,0.8796411222781615,0.9292620526412978,0.8730956945148618,0.3511826245769252,0.8641423061180883,0.6140246053816782,0.7877637952475489,0.9358538610768818,0.8143379296441442,0.4641669131011156,0.8346191856858272,0.9334818216966376,0.9492546954099309,0.9235979845531425,0.3295211374060768,0.8404791612293145,0.8465237589272379,0.9340423903539129,0.8126806934976472,0.5058828961299153,0.7749158380696707,0.8465237589272381,0.8788191408694399,0.8456324037363956,0.658921734710529,0.8660229158723232,0.4008077214961143,0.6408882961894156,0.6682840983953278,0.5323459232753434,0.6812390825746184,0.35721016256837035,0.7692689390597727,0.3422698627100842,0.8660229158723238,0.5215089621621967,0.7083862724466488,0.9744579160013234,0.8788191408694406,0.6139511388858913,0.6956454732243202,0.7860162093342455,0.8020799680982565,0.6295518119469026,0.8072623334462745,0.8716488174471997,0.8250102279890208,0.6031805309593712,0.720247483891665,0.7378188810569624,0.8632280979620711,0.7454156012462314,0.9215002087301443,0.5394766847603447,0.8409852188934133,0.8233788637195052,0.7370554953962059,0.6950387884648996,0.7227617914745366,0.8139246369558957,0.929262052641298,0.9276922801187988,0.9098978916086216,0.6800514695535314,0.9430024585669525,0.6646058403022318,0.8914685499451074,0.8639922800834697,0.8743437835735148,0.548937835335555,0.33727068888572653,0.7498085769315298,0.9311124252832371,0.784498264835477,0.8732965479503927,0.7157818454660813,0.5945870914576534,0.4000254842398743,0.7012499632148093,0.8289245259008584,0.8346191856858272,0.9839531248063822,0.9446544958673064,0.6964580829303344,0.6247955782727509,0.8355714749746495,0.8289245259008584,0.557335999877957,0.22394683281286865,0.9026728454973325,0.8289245259008584,0.9313730152497124,0.5808244845287602,0.4768466532239741,0.6495340671341909,0.6798047536838976,0.8233788637195054,0.8289245259008584,0.9434063877349195,0.8289245259008584,0.4098401325536597,0.5101963368887277,0.5647083129984445,0.8289245259008584,0.5606913674144884,0.8289245259008584,0.7191399905342271,0.7781334559898496,0.7185724959671098,0.5969101515845301,0.8404791612293148,0.28995315540752,0.8732965479503929,0.8542560104774402,0.8867072864081955,0.7365791029703996,0.566511070730819,0.7463150508042862,0.8465237589272379,0.9813644220112241,0.840678665448046,0.8964074133867748,0.836555859958956,0.8283831234352577,0.5046525956344527,0.866619528166876,0.6140246053816782,0.7670695772676406,0.8289245259008584,0.655368453685413,0.8289245259008584,0.6380522180246326,0.7336285154224771,0.8951131855351436,0.9928443534876483,0.264856998914182,0.8647795435579986,0.4977815237701013,0.7877637952475485,0.6392003785436666,0.8478271820431227,0.3433505423262829,0.840479161229315,0.5679285773327354,0.9505372782131752,0.4382147670605733,0.8233788637195052,0.9458556729955101,0.6713105076741446,0.8730956945148616,0.52456683932672,0.7476540970909413,0.8196206900298053,0.6799494365914076,0.5933081754943146,0.8951131855351437,0.6700920452487495,0.6480093437191179,0.2293736114855367,0.8592642631772309,0.0,0.7616455168369209,0.778374467493341,0.9893018747004394,0.8592642631772309,0.7889999672630537,0.3224524473075606,0.8527760996057687,0.7243911530150253,0.7797830182582033,0.8404791612293148,0.7266361855163135,0.20227168823284836,0.8179682595223978,0.840479161229315,0.8716488174471995,0.3341524258496862,0.8592642631772311,0.40326996734604226,0.6204157464211777,0.6140246053816782,0.8808272958688075,0.8942631579092648,0.8289245259008577,0.7647776604185776,0.8179682595223976,0.8788191408694404,0.23621809518663428,0.857292044196885,0.8404791612293145,0.7647776604185785,0.742528721517018,0.4034685803841205,0.8334403094715621,0.7563539674143536,0.8284004830905549,0.8670020367034281,0.7501928833557278,0.6447281035116385,0.9393227751223416,0.5767700846227467,0.9759727047473505,0.8643882425321248,0.8855120401059889,0.731312920279126,0.7854849641560677,0.8289245259008584,0.7336362758241324,0.7412529058348387,0.7692505156398974,0.8592642631772309,0.94585567299551,0.8233788637195056,0.8289245259008584,0.7877637952475482,0.8257456842344685,0.9502404605673516,0.6989031042017535,0.6374585468921607,0.778374467493341,0.9274085674773459,0.4195846003788509,0.4238095238095263,0.8361454645127424,0.6659190087913014,0.49110633451140817,0.9963274423187385,0.6633189905565244,0.531839891052521,0.6571171506761565,0.6055603016108559,0.8730956945148614,0.2701772845318632,0.7463150508042862,0.25446976797887466,0.8126806934976472,0.8517996688283258,0.9161758131150339,0.6140246053816785,0.2530648153262266,0.1332951794730638,0.38954074092625746,0.8289245259008584,0.3517408466419405,0.9855386430702665,0.7904434274795977,0.9560868551767852,0.8774275767526134,0.485694125937261,0.8289245259008584,0.8289245259008584,0.9467749964013539,0.8200406660985826,0.5534144334990256,0.8289245259008584,0.902672845497333,0.8289245259008577,0.7593822847131336,0.6537855547103564,0.34971729811787267,0.8289245259008577,0.7431708752992907,0.8419119437314362,0.43501848386844655,0.3795591588279271,0.8289245259008584,0.5997794320207364,0.7378188810569624,0.259110938930627,0.2623499681706827,0.7638345700673836,0.5898129767457849,0.8404791612293148,0.19889865612034918,0.8289245259008584,0.35521746253074293,0.7917942226420209,0.609158567094937,0.8451406985390921,0.8034565198481158,0.4443662520272478,0.8075057145892732,0.8289245259008584,0.7558137935417215,0.6185989084671437,0.8289245259008584,0.9911352125164072,0.5568347171569991,0.6683415758179496,0.39067278621051793,0.17294870970857612,0.8289245259008584,0.7894270005766846,0.46213096771239615,0.9198988420720091,0.719161928258572,0.5826096988145524,0.54652459163379,0.48204453791367696,0.6501227446051048,0.8404791612293152,0.7401633394162199,0.33632967368689315,0.7830336770148898,0.3586433098055919,0.7368769999109792,0.5643975733689928,0.9729598995816908,0.8465237589272376,0.7692505156398977,0.8289245259008584,0.9642609473733315,0.7540981634043025,0.5193925545869226,0.77440379737893,0.7559924539288121,0.8456324037363958,0.7002999318229246,0.955260617174513,0.8179682595223983,0.873011783414986,0.8289245259008577,0.802434167770548,0.5926831879700556,0.7107946410551604,0.8607445789665018,0.3716310389974512,0.7674777878775876,0.8372667111939223,0.8779967882982902,0.620755786774613,0.841911943731436,0.9026728454973327,0.5657266954134861,0.6462967960677548,0.8606827703892082,0.7967010924865674,0.8419119437314362,0.6895347366508602,0.9725029014633766,0.9978597004520633,0.728562114048732,0.8625125716397559,0.8716459884847005,0.681565834038786,0.9003268042382455,0.5825440130634548,0.4873963141429103,0.4987200335849904,0.7498772340347273,0.866619528166876,0.6547395591420224,0.6958893677749216,0.9550074456558882,0.8252215682933823,0.8542560104774406,0.3984956966894482,0.8247730001226562,0.5278915542947606,0.708632167054183,0.7336285154224771,0.6070411100612556,0.840479161229315,0.9966284347565589,0.49138257484352765,0.8587960189218709,0.8501007060137813,0.9307423684305683,0.7486042235669181,0.6891107846900056,0.9534602133051295,0.8725435766859311,0.8396501108322616,0.8126806934976474,0.9757052866960472,0.8942631579092644,0.7474008553057092,0.43842033903107913,0.7066939496814981,0.8233788637195054,0.8233788637195054,0.5227396267065513,0.9919262538569814,0.8396501108322618,0.5825205211040714,0.8289245259008584,0.852776099605769,0.8289245259008584,0.8289245259008584,0.10751865346987233,0.7830336770148896,0.7463150508042862,0.8289245259008584,0.45857747354258316,0.31611951900948865,0.8478863487639369,0.7370661097124771,0.5997794320207366,0.42221184875437756,0.7107946410551607,0.9653649722987458,0.18382445476071074,0.8338344784202449,0.9766984263540389,0.8863374708388887,0.5574589635486438,0.5932678806389378,0.5174298183684602,0.7474008553057092,0.9818641747629563,0.9286248363783876,0.764404097837595,0.8863374708388889,0.699628033092869,0.8404791612293152,0.8346303009047233,0.9607202236428414,0.9571382752892321,0.8305152326565899,0.3990918392116122,0.7638345700673839,0.4861798224066063,0.623446877463858,0.9298069689634594,0.7854849641560679,0.9405958600442976,0.8346191856858276,0.9367956339438566,0.35831007438461104,0.5006841064538741,0.9434099047538447,0.6432076647596845,0.8666195281668767,0.5760862969837794,0.628364327674896,0.8802204739371464,0.34694107218709913,0.7516738629110455,0.8730956945148611,0.34609329032162095,0.3716310389974511,0.7760441817813626,0.3759711258999223,0.7925699855750055,0.8493977219455602,0.7394956972429492,0.8289245259008584,0.8465237589272376,0.7232823364271659,0.8200879828172237,0.6028436016552283,0.7633523910171186,0.8223978656956358,0.8578153290479824,0.4312929814430153,0.8067744548357401,0.14962108035440747,0.9026728454973323,0.3047591867850479,0.9758806083538348,0.3482282396771036,0.8179682595223983,0.93914953374413,0.8248875025878905,0.8859722932110905,0.7783744674933413,0.7382430978859406,0.6018519991327569,0.374851824779435,0.5406520131190533,0.726636185516313,0.5620651835710924,0.5325898779206621,0.6244224587903809,0.9026728454973325,0.8603362991453392,0.7732961619759448,0.6295228917144131,0.6726078434134057,0.7459591338966873,0.8517996688283256,0.36362176282706726,0.46447069199453184,0.9116680775411063,0.6243441776029385,0.8478242765918371,0.8198796844199052,0.776311651236667,0.8196206900298055,0.942271468794158,0.7683400781691727,0.9703278584264824,0.8415198577956904,0.7974579792993954,0.8924130851922901,0.8788191408694401,0.8730956945148614,0.8289245259008584,0.9627825689719904,0.5609914739788118,0.40544419660636133,0.7307161954150858,0.8289245259008584,0.5481811460326438,0.4345848552227012,0.5038443922844014,0.7389815511680635,0.676041700844326,0.635579547928814,0.41184298303047084,0.919686439351405,0.7775244447977978,0.8955602318705576,0.38585489745938795,0.6799089551274378,0.852776099605769,0.6722953469228674,0.760359389477336,0.8716488174471995,0.7145855431989006,0.8730956945148616,0.7487717560845311,0.8179682595223976,0.8730956945148616,0.8024341677705478,0.7822109162219644,0.8289245259008577,0.6149471505240494,0.6104556250368496,0.7557478947704017,0.8493369404240504,0.936049244564626,0.2738454765342251,0.16029483261296495,0.8517996688283258,0.8788191408694404,0.8666195281668763,0.8517996688283258,0.8233788637195052,0.9388231045881441,0.8289245259008584,0.9985333851600512,0.8477291477426698,0.8289245259008584,0.7783744674933413,0.6639285424799539,0.8957434736985354,0.8404791612293152,0.8787329305292693,0.7732961619759438,0.8233788637195052,0.3131838827901343,0.22597520335613464,0.6471876552847082,0.31028975222917055,0.8289245259008584,0.6873845493423212,0.8404791612293148,0.778374467493341,0.2090213571069368,0.6912031960493867,0.8592642631772311,0.8647795435579988,0.8977553545286918,0.847886348763937,0.8119546298801459,0.828924525900858,0.7907574320932076,0.734830676782199,0.8520969696230272,0.5617082366892769,0.8478271820431229,0.8942631579092646,0.7647776604185776,0.8404791612293152,0.7052006158312489,0.21037549301014447,0.8289245259008584,0.8581734835076842,0.6338995716836835,0.8660229158723236,0.4667251094462057,0.8126806934976472,0.7974579792993963,0.23258664924438743,0.8456324037363958,0.36999632726523113,0.20571283298991372,0.8289245259008584,0.8289245259008584,0.955643062020058,0.6273920402065015,0.706774126378853,0.47295755437621534,0.35123772887955196,0.557018110467348,0.4741085218319463,0.18344251281403745,0.7737814949433293,0.3023825966877587,0.8289245259008584,0.9534769487967074,0.8465237589272376,0.8730956945148616,0.4312929814430153,0.8592642631772309,0.33981958363914144,0.8289245259008584,0.8289245259008584,0.26831110782824397,0.858173483507684,0.24037563291738984,0.7925699855750055,0.5322651913312726,0.6611481652587345,0.9928443534876483,0.7117086268512327,0.32159904264268535,0.5106101957504265,0.8289245259008584,0.7145855431989003,0.17754363269631812,0.8647795435579986,0.9657412631626018,0.9608495827405914,0.7735892059447579,0.6989031042017535,0.7225888481649909,0.7129754462316011,0.5673715501557925,0.8289245259008584,0.1037716975777021,0.7420470154159737,0.6141518852487868,0.6007673566938261,0.5894951660370724,0.8115310596913843,0.5493979624569756,0.5214548023849925,0.8116101880630291,0.7218760030716866,0.4487237445661483,0.8906557158215929,0.8660229158723238,0.9142059785657485,0.9946875856611308,0.1109032220708488,0.8788191408694401,0.8233788637195052,0.4825234262941396,0.6715009151623208,0.8288433765403604,0.9024790505521311,0.9340423903539131,0.8098004043167835,0.8568976243014228,0.934042390353913,0.6722953469228676,0.9905567216171918,0.44228029978587735,0.8200879828172234,0.8660229158723238,0.8172409646532208,0.7140104328606884,0.4743115673198144,0.886492006082187,0.693467449430547,0.9555707628424923,0.689518607867363,0.8346191856858272,0.5337822524275868,0.9171705206748191,0.49689957050958855,0.5322476439418946,0.8289245259008584,0.635579547928814,0.9078348556377036,0.4503336703618763,0.8660229158723234,0.8365853468216276,0.6619964065585036,0.6807368471186166,0.8289245259008584,0.2383466154027627,0.3587797167270803,0.9182817489803805,0.16959482023962302,0.27253763278067544,0.18749497191761288,0.8788191408694401,0.34756661324756,0.969737155345017,0.841975419728975,0.3592015472004797,0.7830336770148896,0.47174637737709624,0.8730956945148611,0.8542560104774402,0.8581734835076842,0.8749852020187376,0.8757189462570654,0.20372857221221963,0.7929710750188166,0.3875887474679738,0.9663327708513566,0.8517996688283258,0.26376991830404495,0.5325898779206626,0.6666245074343595,0.30929958650575373,0.3089819687628482,0.8289245259008584,0.2414275918951524,0.5538177659535359,0.7389815511680637,0.8289245259008584,0.3432779624922766,0.8601632422512162,0.8592642631772309,0.8067744548357401,0.8517996688283256,0.5095627091799266,0.8024190513197587,0.886402306844938,0.9351716034343647,0.9428234509301923,0.8542560104774404,0.3955576559172549,0.8289245259008584,0.8994956921674262,0.8289245259008584,0.8942631579092644,0.6749435886957782,0.38570592397115533,0.8730956945148616,0.8662168589959818,0.8020872455468853,0.601952322720098,0.7593822847131335,0.8289245259008584,0.792217541587982,0.4434022615386395,0.6604729608700817,0.7892793010326362,0.7336285154224784,0.8465237589272383,0.7474008553057094,0.8435552293388486,0.930282731955488,0.43853889011686387,0.3341860424090739,0.930282731955488,0.7389815511680637,0.8465237589272383,0.6140246053816782,0.930282731955488,0.8730956945148616,0.994687585661131,0.7732961619759444,0.6295518119469024,0.851799668828326,0.8848826188750347,0.801692347741181,0.5765591734598103,0.7145855431989012,0.8608546556723589,0.5166289518463032,0.8358337105628658,0.7787298647570082,0.9405958600442974,0.7286112097807134,0.738981551168064,0.6856715068988997,0.5770579588006542,0.9646068156037686,0.6912031960493874,0.8091541747539728,0.8949399014301702,0.8404791612293152,0.7327019128051799,0.9522298476056426,0.813367728691486,0.7559924539288128,0.6220707373033515,0.8465237589272379,0.852776099605769,0.8840444771490086,0.5902490470399449,0.8077660108801639,0.7714988033094557,0.7474008553057092,0.9836908134802764,0.8845271337779363,0.6575819764260106,0.8581734835076844,0.5732248215906306,0.7090252169624189,0.7066939496814983,0.4522898117433748,0.8194759511506406,0.8527760996057687,0.8840671078200979,0.9087149074643353,0.6220693953027716,0.9205583628361054,0.794130449365821,0.9476574476162252,0.8889513403021285,0.7905304010265255,0.7974579792993963,0.9313976919095175,0.9086412790459668,0.9168764697015374,0.7751949955323731,0.8716488174471997,0.8346191856858272,0.5080726486766591,0.5765158291326471,0.9028184736650846,0.8740247163084087,0.4699074646090978,0.7883601960997755,0.8732965479503925,0.8179682595223978,0.3861890125905105,0.8250102279890206,0.6722953469228676,0.8716488174471999,0.4137589339001949,0.8016923477411808,0.8863374708388889,0.4061788644558294,0.9342186777459942,0.8949399014301702,0.8660229158723234,0.6717238926180111,0.8592642631772309,0.916212235197698,0.852776099605769
p103_H,0.6894249327053736,0.9130408205543935,0.9100368987299783,0.9574631882963218,0.9140827360776207,0.7288789191009561,0.746368645528201,0.7098009537723358,0.45873724005051275,0.9327142329596736,0.934718436590684,0.9112976020672168,0.9112976020672166,0.8654338598305015,0.981197957836901,0.8735534577794486,0.8989693475002436,0.8841133455738344,0.9293199127017768,0.8021478040599921,0.8779023017675658,0.9315204524190164,0.9028659348848306,0.9605807414790561,0.9634129222225685,0.23520720663140027,0.9839671309918707,0.8865088771202734,0.802147804059992,0.8196175460744572,0.3088603611653049,0.9229213960709446,0.941420046391326,0.3685251636794007,0.9140827360776207,0.9293199127017768,0.9169426994374763,0.9414200463913254,0.9362663130722397,0.9781774005616108,0.8542071110265863,0.8863888870954333,0.9362663130722395,0.9066913327779609,0.9839671309918707,0.93749964230218,0.9198856874256713,0.5050624702690548,0.8818669950401858,0.8402452115728436,0.9229213960709446,0.9988716022608763,0.23520720663140027,0.9007787887826317,0.9033258132980615,0.9428805861339855,0.8796480577405048,0.9140827360776214,0.763373859896969,0.9886329998507339,0.4432770766543488,0.755987037687154,0.8841133455738348,0.9029766373026853,0.9260614370793867,0.6042237851571337,0.9229213960709448,0.7963488876137776,0.6993881250645453,0.9293199127017768,0.8999441452391072,0.9139704635473276,0.9140827360776207,0.7484409525761411,0.9140827360776214,0.8757212105163075,0.9315204524190162,0.8982796549912178,0.7754512684834047,0.9920754410433736,0.8982796549912178,0.7739256027708603,0.9060005536896043,0.8841133455738344,0.9140827360776214,0.9704006653996403,0.9613926330173348,0.7986017120665411,0.867745069248697,0.9112976020672157,0.9140827360776214,0.9969075183938428,0.9035377329311274,0.6671374622386994,0.8752860258231281,0.8316811639781398,0.9568111937261293,0.8779023017675656,0.783520576320483,0.7861773693878318,0.9744968503307261,0.8095241343896056,0.9589591641085066,0.9813307569763221,0.8232835578164709,0.9293199127017768,0.8992263768223521,0.8134170184782747,0.8934110566484073,0.7239506606845181,0.9950673783496342,0.8863888870954333,0.7751976974658189,0.9432405589655176,0.9198856874256711,0.8215098786814359,0.9130408205543935,0.9293199127017768,0.9362663130722395,0.6764808700782878,0.8796938075589968,0.969185866791127,0.9634129222225682,0.884489706766073,0.8841133455738348,0.830846110974777,0.9169426994374763,0.8669058313838703,0.883096699643208,0.856659586411368,0.6215704286422723,0.9198856874256713,0.9836243259051825,0.9362663130722395,0.9059247833199469,0.9328805567122487,0.7954379713195001,0.9696485350828812,0.9229213960709446,0.9085802966718612,0.7612585357069437,0.9327142329596736,0.7165592950439322,0.8041183579068665,0.9460546426021958,0.5685931432194478,0.9705072215227335,0.726341123311193,0.8818669950401858,0.8991725529125201,0.9327142329596736,0.8666490307048613,0.9563691088596871,0.6509783868559957,0.9696485350828812,0.4118566978027005,0.9878195061463846,0.9092107431207777,0.8985844453347756,0.991651677566759,0.8389749432958872,0.9198856874256709,0.9088771365541705,0.7753200579573121,0.8501651104145755,0.9742562760554513,0.7671619782077763,0.9750995470070668,0.8752860258231274,0.8550643194854683,0.9244681771215604,0.9112976020672159,0.42479412993120713,0.7715035903809444,0.7700637923890703,0.9237519398073375,0.7162087403934966,0.8653347025776126,0.9223722925387854,0.9209010889557387,0.9844110646549369,0.5715396066434831,0.9428805861339855,0.9524187417251317,0.7738382965254189,0.9317039007174432,0.656352142257971,0.8582982169801265,0.9007787887826316,0.9009132970381386,0.9085802966718615,0.862443606754346,0.9605263278955649,0.8460649662786541,0.8666490307048609,0.9140827360776214,0.9169426994374763,0.9486066482612978,0.8316811639781396,0.912462482613368,0.5083657082939,0.9112976020672168,0.9140827360776214,0.8611167394191137,0.8460649662786541,0.9327142329596738,0.9140827360776214,0.7122706638558702,0.39941865038211644,0.5595303089907983,0.6599881374075018,0.8898848290514582,0.9524187417251315,0.9140827360776214,0.7563438323023005,0.9140827360776214,0.8018010151040218,0.8424766943122395,0.874337590172612,0.9140827360776214,0.7652580007148834,0.9140827360776214,0.746368645528201,0.38367661991661606,0.8907153679608859,0.8760354295763377,0.9198856874256709,0.8605160137031242,0.908580296671861,0.8910355038772133,0.8958248142311336,0.9433239076649498,0.8413012960479029,0.8525612492230619,0.922921396070945,0.8298223478885365,0.8382889276548209,0.8354206684781547,0.9703671182981808,0.6198399135544232,0.39941865038211555,0.9059247833199469,0.969185866791127,0.9486066482612978,0.9140827360776214,0.8603637814514744,0.9140827360776214,0.8801451782882957,0.9668702179975168,0.9696485350828812,0.8774549020235316,0.8605160137031242,0.9169426994374763,0.8546712802768168,0.8934110566484075,0.9002762166596037,0.9347184365906842,0.6655141475387893,0.9198856874256713,0.9425303290374755,0.6258411877179041,0.7559285696417968,0.9112976020672157,0.9260614370793869,0.8747300852941294,0.9362663130722397,0.9021399028186036,0.737108543152202,0.9858737505118662,0.6510771326692578,0.9978031632325968,0.9229213960709448,0.782981947139376,0.6936796099995064,0.8671528844628276,0.9293199127017768,0.7616455168369209,0.0,0.8886955627708655,0.833547140368212,0.9293199127017768,0.7491756278169279,0.7966508764940904,0.9260614370793867,0.9732300747563931,0.9574631882963218,0.9649840504564584,0.9481297743766084,0.811943160250417,0.9886329998507339,0.9649840504564584,0.9198856874256709,0.8967398760452824,0.7668475042370299,0.8109749200722056,0.6870790911977924,0.8735534577794486,0.9111774640901567,0.979958676545309,0.9564021026822451,0.9781774005616106,0.8112352422020845,0.9696485350828812,0.8218933004979213,0.8521802761821584,0.9198856874256713,0.8818669950401856,0.9422028158499833,0.8541827011619683,0.8468446367617051,0.8043636175820787,0.9192099013507213,0.9505854937070101,0.954100393843983,0.9967973123615627,0.9327142329596734,0.7604346414705728,0.8021478040599918,0.86271164163361,0.8566595864113677,0.8730839872958023,0.9198856874256713,0.9140827360776214,0.5163529357858188,0.9899775407086059,0.9493488602252986,0.9293199127017768,0.9260614370793867,0.9524187417251317,0.9140827360776214,0.8934110566484073,0.9293199127017768,0.9362663130722395,0.9017493286115514,0.8693709215297092,0.9088771365541698,0.9229213960709448,0.9970745222999701,0.861405921639051,0.896583346629109,0.6014491564895066,0.9815458852738919,0.9198856874256713,0.4254705855080666,0.8292233718444104,0.5406800392284402,0.8069390308954998,0.9920754410433736,0.8696451297258305,0.852561249223062,0.848997477673891,0.9059247833199469,0.9112976020672157,0.9874049408179513,0.9184850793307127,0.7935704288581177,0.809426487338565,0.9350334076632665,0.9140827360776214,0.6905351772174715,0.8606789940362409,0.9511780898141913,0.9985540554936603,0.9327142329596736,0.930941028140886,0.9140827360776214,0.9140827360776214,0.8818669950401858,0.8373021566360073,0.9959733821339832,0.9140827360776214,0.6960926188678583,0.9140827360776209,0.9244681771215599,0.8982459135680176,0.7004864058164681,0.9140827360776209,0.9009132970381386,0.9672160906068992,0.8299596158787212,0.7859798335942156,0.9140827360776214,0.865004209427638,0.9185623373257409,0.869466124907693,0.8285195764510539,0.9009132970381386,0.9469841699425365,0.9649840504564584,0.8158490002950388,0.9140827360776214,0.8944920946937438,0.9819666175510304,0.6728678030669812,0.7880320068452471,0.9169426994374763,0.8467918613675076,0.9062030212356196,0.9140827360776214,0.8242851779280755,0.798601712066541,0.9140827360776214,0.960708554431714,0.6906368254830404,0.7908172552389394,0.9282379768280802,0.8218933004979212,0.9140827360776214,0.7014178037821759,0.5635702274025784,0.9282619895472617,0.8084776758116403,0.7616136065793289,0.8687762325700643,0.45296548410313353,0.895912771654439,0.9198856874256713,0.8521802761821584,0.5595303089907983,0.9028659348848305,0.6939546792286446,0.9994853611068069,0.8653347025776119,0.8910355038772131,0.9229213960709446,0.9167311028995666,0.9140827360776214,0.9293199127017768,0.9820536000396995,0.725354098265925,0.8982796549912178,0.9086088401419734,0.9085802966718612,0.8236685750746541,0.9605807414790561,0.9085802966718612,0.9347184365906842,0.9564021026822451,0.9007787887826324,0.8825808689942045,0.9364247922989445,0.9293199127017768,0.7137568682679383,0.9327142329596736,0.9380148669152275,0.868516174678504,0.7511764678014339,0.9315204524190164,0.9327142329596736,0.8441448524091892,0.8865088771202729,0.8635091072918883,0.9195505082342443,0.8958248142311336,0.9102500073981143,0.8546224974203929,0.86271164163361,0.8785918741646355,0.9645310406343728,0.9224334462166928,0.5849433367982748,0.9347184365906842,0.3088603611653049,0.9214709587537235,0.8582226608766321,0.9152312279276527,0.9449459571559087,0.7411767886805269,0.9770181672563438,0.8984288710052624,0.8886955627708655,0.9253852640835396,0.9327650678628516,0.898279654991218,0.8282450251432102,0.8886955627708655,0.9117649022044421,0.8695181657321371,0.8095241343896057,0.796702141565383,0.7925376576111183,0.9451391643183,0.8542071110265856,0.9293199127017768,0.8845697138021456,0.5548934997319899,0.9260614370793867,0.9143558464851282,0.9449459571559089,0.8209269998283203,0.9229213960709448,0.9293199127017768,0.8844897067660732,0.948728148901515,0.9066913327779602,0.9935398813830463,0.9524187417251317,0.794144837430083,0.894553720415352,0.9059247833199469,0.9636429384587806,0.9140827360776214,0.9260614370793872,0.9140827360776214,0.9140827360776214,0.7861773693878312,0.8910355038772135,0.8810339601373947,0.9140827360776214,0.8068974751818836,0.7384892640627956,0.8566595864113684,0.949212048529529,0.865004209427638,0.8000850163882292,0.9867076925356217,0.8354206684781547,0.7324668905470787,0.9033258132980619,0.8305413320768757,0.9260614370793872,0.37917947342522074,0.8308420708849544,0.6835853933370114,0.9034363238020655,0.9414200463913256,0.9486066482612976,0.8355735557857439,0.7340265583827943,0.84816104250353,0.9198856874256713,0.9717984313543615,0.9315204524190162,0.9527121293730552,0.9253852640835392,0.7268913095686851,0.9009132970381386,0.46883536897437816,0.8910355038772135,0.8935664952633797,0.9198856874256713,0.8958248142311336,0.9957812164793639,0.9092107431207781,0.7001179026127493,0.940696633792568,0.9696485350828812,0.8584546801295281,0.9059247833199471,0.7195751998777291,0.9972225848055387,0.9524187417251317,0.8876202058554047,0.936715081556081,0.9920754410433736,0.9102184858620092,0.6942536824706323,0.8354206684781544,0.8874020616711109,0.9970882712052179,0.9461086961059253,0.8892368976632892,0.9140827360776214,0.9229213960709446,0.5008577968529092,0.9140827360776207,0.8872353975176679,0.8958248142311331,0.9486066482612976,0.9674296094225578,0.9224530234523338,0.8910355038772135,0.8169408684093126,0.9612305818481927,0.851294753435655,0.8982796549912178,0.7948363598496992,0.9486066482612976,0.8681087881423561,0.8154887783918361,0.9393175601009793,0.9899092131083476,0.7561286401067828,0.5898082585672519,0.9192146339224361,0.7688131944254832,0.9196570634622756,0.7370717471659476,0.9685536620528574,0.9034363238020653,0.7491202114639256,0.893411056648407,0.9169426994374765,0.8232933925526191,0.9351931203714345,0.6427625321614598,0.9112976020672157,0.8922432791310378,0.8273929016942925,0.9920754410433734,0.817223695738176,0.8997208604511806,0.9169857742242804,0.9978967545796937,0.8863888870954331,0.9078003702039557,0.8541934254186643,0.8934110566484073,0.876390235897006,0.9711572181901502,0.9112976020672166,0.9696485350828812,0.7846880470720905,0.9140827360776214,0.86271164163361,0.8548463987984214,0.7935704288581171,0.8759871265333741,0.9140827360776214,0.5972911177860138,0.9089890053334049,0.94332390766495,0.8689117123597325,0.8875850568726842,0.9271158312367084,0.6069768046999593,0.8560092245964592,0.8421596549104928,0.8410907383848318,0.7006878732715717,0.9076535474555825,0.9260614370793872,0.9650344277352859,0.8796480577405048,0.9899175865127545,0.8953664925197957,0.9362663130722395,0.8774549020235318,0.9486066482612978,0.9362663130722395,0.9380148669152271,0.9112643219372452,0.7050429644807608,0.7715035903809446,0.8713984442697933,0.9293199127017768,0.9140827360776211,0.8958248142311334,0.8650889372379253,0.803584816791341,0.9112976020672157,0.9229213960709448,0.9059247833199466,0.9112976020672157,0.9112976020672157,0.8627116416336098,0.9140827360776214,0.9059247833199469,0.8429987447247782,0.9140827360776214,0.922433446216693,0.9767387528764816,0.9293199127017766,0.9198856874256713,0.9260614370793867,0.9169426994374763,0.9112976020672157,0.892243279131038,0.6764808700782878,0.9253852640835394,0.7486863934618072,0.9140827360776214,0.9203312082606381,0.7644257713588184,0.9561713296625203,0.8389072375241483,0.8969252786361199,0.979958676545309,0.7775910062714644,0.8934110566484075,0.884212244307905,0.9284119894354881,0.9140827360776209,0.8566595864113682,0.899944145239107,0.9337326051494741,0.7163073652164846,0.898279654991218,0.9293199127017768,0.893408725409823,0.9198856874256713,0.9461086961059253,0.7263411233111932,0.9140827360776214,0.8320010642946336,0.8671243603451642,0.9327142329596738,0.9552389850474574,0.9449459571559087,0.934718436590684,0.7727270499873315,0.9085802966718612,0.8436871107874571,0.8555023702264033,0.9140827360776214,0.9140827360776214,0.8546712802768162,0.9035377329311274,0.8902050888153259,0.9285740641076388,0.7169463757672432,0.9282379768280802,0.9599223088314126,0.8268030677375002,0.9195505082342441,0.7807631556454329,0.9140827360776214,0.8316811639781396,0.9229213960709446,0.9362663130722397,0.9413683139735407,0.9293199127017768,0.755987037687154,0.9140827360776214,0.9140827360776214,0.8559243823464879,0.9140827360776207,0.7512002711623852,0.9970882712052179,0.8584546801295274,0.9750995470070669,0.9086088401419734,0.8542071110265861,0.747340348597582,0.9444968360304629,0.9140827360776214,0.9229191504163331,0.7888183866317772,0.9169426994374763,0.9293199127017768,0.8079513928571607,0.7675892118184329,0.9017493286115514,0.914093885211601,0.9169426994374763,0.8222797296408288,0.9140827360776214,0.767224179442213,0.9422472753056208,0.4874042842460762,0.9820008954719834,0.813605332705956,0.9007787887826324,0.8645384301752639,0.9515860545103423,0.9260614370793865,0.638298586327458,0.6617710634473191,0.9059247833199469,0.9857418255557404,0.868911712359733,0.8841133455738341,0.799232841438602,0.9229213960709446,0.9112976020672157,0.6298586674732249,0.9112643219372452,0.8842122443079046,0.8668270665506417,0.9362663130722397,0.9780244662094083,0.9362663130722397,0.9362663130722395,0.8853068944247944,0.8647606979879741,0.5310664785346566,0.9564021026822451,0.9857418255557402,0.8958248142311334,0.8958248142311334,0.905762130550968,0.9033258132980628,0.9112976020672166,0.8796480577405048,0.5196683139344496,0.9169426994374763,0.862510319934219,0.8606789940362412,0.7380641305900484,0.7694706901820927,0.9140827360776214,0.9503797269557533,0.9564021026822451,0.9006569264519748,0.9327142329596736,0.8863888870954333,0.30159523452928116,0.8363539429252544,0.9140827360776214,0.8169408684093125,0.910218485862009,0.8886955627708659,0.814447840453538,0.767224179442213,0.7992328414386018,0.9229213960709446,0.7781579627730697,0.777248082258688,0.7593811057166477,0.9217879276099546,0.9940847844961918,0.9282944792185299,0.9521154309854923,0.9028659348848301,0.9589591641085066,0.8521802761821589,0.9460739320544693,0.7354906669761068,0.8354206684781547,0.9192146339224361,0.9140827360776209,0.9112976020672157,0.7263411233111933,0.9685536620528574,0.8959127716544386,0.8513120439599814,0.889993187409122,0.9140827360776214,0.8484351436354048,0.8302279878806718,0.9869803469418512,0.9140827360776214,0.7324668905470784,0.9033258132980617,0.9293199127017768,0.8910355038772135,0.9112976020672157,0.9546889731778605,0.8841133455738348,0.874205511991297,0.8990380928823124,0.8969252786361199,0.8910355038772133,0.92372187166386,0.9140827360776214,0.8774549020235316,0.9140827360776214,0.9293199127017768,0.9269777821149365,0.5699779999992516,0.9362663130722397,0.8752860258231279,0.9034794439033749,0.4764551990436887,0.8689117123597325,0.9140827360776214,0.7352064725384131,0.7808475847905095,0.8459370330588054,0.9337326051494743,0.8842122443079061,0.9229213960709448,0.8731400424546583,0.8710156683413501,0.858661907755419,0.5491211923439531,0.9082266651094628,0.858661907755419,0.8984288710052626,0.9696485350828812,0.8960192685550807,0.858661907755419,0.9362663130722397,0.8841133455738348,0.9169426994374763,0.8735534577794486,0.8830966996432081,0.8710156683413506,0.8751392531083426,0.5083657082939,0.9393175601009796,0.8910355038772138,0.4090459713297038,0.9139704635473276,0.9112976020672166,0.8958248142311334,0.7649034537988653,0.9244681771215604,0.8582982169801265,0.750244511648417,0.8774693527540922,0.9470485044212993,0.8818669950401858,0.9169426994374763,0.9198856874256711,0.4486716378862674,0.9619891641435976,0.9086088401419734,0.9397627782604152,0.4804974196856173,0.922921396070945,0.9260614370793872,0.8291398874599711,0.2954217217820021,0.8362317666706378,0.9422472753056207,0.8731400424546574,0.7906194830887161,0.9634129222225682,0.32174835684537917,0.9140827360776209,0.6459548023497879,0.9237519398073375,0.9066913327779607,0.5050624702690547,0.8242075101154325,0.9260614370793867,0.9949248037947259,0.8330696988849948,0.23520720663140027,0.9059247833199469,0.9981441372890343,0.9029766373026848,0.8041183579068669,0.6968153326455907,0.934718436590684,0.7947407932538868,0.9524187417251315,0.8914828157982664,0.8298684732298844,0.9198856874256711,0.9169426994374763,0.5821202482105139,0.2813887687785397,0.9899175865127544,0.8279703164673116,0.6375104688410276,0.761203478033023,0.9313142969703935,0.9085802966718615,0.7341759247558611,0.9426150199999976,0.8853068944247944,0.854622497420393,0.6728678030669811,0.90887713655417,0.9260614370793872,0.5257108573895763,0.9527121293730554,0.7775910062714644,0.9327142329596736,0.5648012728297471,0.9293199127017768,0.7677598738939233,0.9260614370793872
p103_M,0.9274181393627929,0.9700765701011145,0.8598295527538453,0.8082509147720796,0.9341976401680094,0.9511876099263499,0.7109638459494537,0.7450294367821131,0.8753928891101745,0.948467140918744,0.9671761235857237,0.9320645602494204,0.9320645602494204,0.8996020324755996,0.7226409993560161,0.8515386735783614,0.9754970377701452,0.911244667414393,0.9458674971126175,0.948467140918744,0.9489679548235488,0.7264869886153865,0.9590434494932021,0.9363880304285923,0.7785143692692988,0.911244667414393,0.9754970377701453,0.891751906668637,0.9484671409187437,0.774525344786648,0.9028404281797042,0.9409669977890662,0.9259591224230199,0.8233368841618821,0.9341976401680094,0.6782333744456288,0.9363880304285923,0.9259591224230197,0.9511876099263499,0.9095242312718104,0.7381436279476095,0.9540147404500323,0.9797658041147692,0.9205840625096655,0.9279496229669748,0.8589441452022816,0.9386420076357269,0.9014795552136838,0.4152673461373093,0.8598295527538451,0.9987774230311344,0.8781032952840524,0.911244667414393,0.9240084059312026,0.9797811449693631,0.9078247903914518,0.4272137936248287,0.9341976401680094,0.7746215314985794,0.9299834289466347,0.8782944901168632,0.7507103182625507,0.7255655856453289,0.8696642492046922,0.395785369721825,0.8420548303228412,0.7121704507585241,0.9371232834629926,0.9488956906993988,0.9458674971126175,0.9937887929930687,0.9492423737771563,0.9341976401680094,0.8684324553954448,0.9341976401680094,0.8529137105219888,0.9031363676754977,0.7172515874023353,0.7942278940301717,0.9511876099263499,0.9220943680125893,0.9564943253467844,0.9044839950643895,0.9112446674143933,0.9341976401680094,0.8932967537832142,0.814811678145442,0.8376807489713896,0.9209176670963708,0.9320645602494202,0.9341976401680094,0.6220963004145228,0.8209158355527626,0.9847199958723034,0.9424837518356481,0.901479555213684,0.7164280217035722,0.9386087043883957,0.8127301243887279,0.8341764835736609,0.5836753032680566,0.8939720406672313,0.9341976401680094,0.7605240277347323,0.8814105523204492,0.9458674971126175,0.9116474872122646,0.8503607111919094,0.9183656033219387,0.8250102279890206,0.6026084398654481,0.9129874603663681,0.8182239566029239,0.5004997192385574,0.9386420076357269,0.786710951348796,0.9838552657289735,0.9458674971126175,0.9511876099263499,0.8659295687789172,0.9205840625096655,0.6759546048296934,0.9183656033219387,0.9028404281797042,0.8466288346254212,0.7507616739479452,0.9363880304285923,0.9208219488037758,0.9320645602494204,0.9734299614209916,0.8613974049640734,0.8939720406672313,0.9409669977890662,0.9511876099263499,0.2513469932985467,0.9199416686997932,0.8702830404599118,0.9987774230311344,0.9987774230311344,0.9795036960805319,0.7992944396065151,0.9484671409187437,0.7957279794915257,0.69602548723023,0.724121273247438,0.9169506775373655,0.9191484075869398,0.8432045372944466,0.9492423737771563,0.7545272461445452,0.7235063906986448,0.9099149954318695,0.9886358372013968,0.8732786138576025,0.9434121517267974,0.9095242312718106,0.6371770975930902,0.8886955627708657,0.8644048898104937,0.7037491178645137,0.8180866116513588,0.9386420076357269,0.998234552332913,0.8343937500300962,0.8668322994400732,0.5225634575856127,0.9459735178497932,0.8696642492046922,0.981516734621835,0.847736470715138,0.9908428227422801,0.9320645602494204,0.9078247903914518,0.702796077367051,0.8598432248265695,0.5947064926738812,0.9458674971126175,0.8844754883439765,0.6046410709590799,0.8808617942287751,0.885680018846007,0.8839392516754712,0.818367567732899,0.9829392900173883,0.9424085528590771,0.8203823300136894,0.9157357559104304,0.9643824696458687,0.9240084059312025,0.9751916033161048,0.9299834289466347,0.9687072640073062,0.8620020136065494,0.9302827451643554,0.9731560060618827,0.9341976401680094,0.9363880304285923,0.9299834289466349,0.8710878802609616,0.9520484472599131,0.9173933468462485,0.9320645602494204,0.9341976401680094,0.9845637971549444,0.8896086784407308,0.948467140918744,0.9341976401680094,0.8545862256205102,0.8902183677316946,0.8529137105219888,0.8644048898104936,0.5273509947965678,0.2539397634630911,0.9341976401680094,0.8876293639059188,0.9341976401680094,0.9242855125752889,0.9573372050976623,0.9048806494680298,0.9341976401680094,0.6516013774139275,0.9341976401680094,0.7807966685704253,0.9116474872122649,0.891751906668637,0.8683926516345662,0.5592001372731485,0.838357067618898,0.9299834289466347,0.916546213700882,0.9202142532643911,0.48929540358300516,0.7760190951348649,0.9300797186110581,0.9987774230311344,0.9601701237080073,0.9728634031502703,0.9356707151118058,0.9560600502201051,0.8902183677316946,0.8902183677316946,0.9279496229669748,0.6481600917948731,0.9795036960805319,0.9341976401680094,0.9048113045350055,0.9341976401680094,0.7230437990172569,0.8902183677316946,0.9409669977890665,0.9396813390495187,0.8158953503148912,0.9363880304285925,0.8886955627708657,0.9183656033219387,0.7912208879896512,0.7172515874023342,0.8453672416657234,0.9386420076357269,0.6699051435836065,0.9121693580704173,0.8462258379052603,0.9320645602494202,0.9433718940682516,0.8019036880455422,0.9511876099263499,0.8780766889292517,0.9250576155467345,0.9129874603663681,0.8324501640471824,0.659382169385401,0.9409669977890665,0.8765255001424477,0.8729464862012474,0.9057422195309193,0.9458674971126175,0.778374467493341,0.8886955627708655,0.0,0.872516995251966,0.9458674971126175,0.8078984963029705,0.8278323222482422,0.8763982687835876,0.8682458143938527,0.479585480425718,0.9386420076357269,0.9994678821812105,0.7727627776347095,0.9299834289466347,0.9386420076357271,0.9944373248680742,0.78635074113931,0.9914826481470902,0.7842340498562543,0.9107051466098506,0.9349222126828223,0.8462258379052603,0.9288327934067979,0.48987353255247823,0.7330124861800761,0.9299834289466349,0.9987774230311344,0.811742647244956,0.8981981738963492,0.8381767234348843,0.9316031987068063,0.9262039440654457,0.7811901560910328,0.9151643937053509,0.9331008297272769,0.7815951709705526,0.8859671684957142,0.8577128516761463,0.6926810385652815,0.657901097022123,0.906497680742552,0.948467140918744,0.647205886142553,0.8902183677316946,0.8251307676030526,0.9386420076357269,0.9341976401680094,0.9409669977890658,0.9048113045350052,0.523793504011841,0.9458674971126175,0.9965514935490281,0.8644365206787079,0.9341976401680094,0.951725813502877,0.99148264814709,0.9511876099263499,0.9192273574141717,0.6275839304518893,0.3756620428751575,0.9987774230311344,0.8310957623117692,0.7086321670541829,0.9616684643803335,0.9259591224230199,0.8007124876310122,0.9386420076357271,0.9300797186110581,0.787337450621303,0.9240084059312024,0.9169506775373653,0.841672632197007,0.8311886103320938,0.7881106845580157,0.8247171728209968,0.8306670288758257,0.9320645602494202,0.9577202049352735,0.5925710657252325,0.7727627776347092,0.8198341757905696,0.7749190644234021,0.9341976401680094,0.8598432248265695,0.9977901694570488,0.4977261971743214,0.9281278923411589,0.9484671409187437,0.8718048700433567,0.9341976401680094,0.9341976401680094,0.9492423737771563,0.906497680742552,0.7327998389529929,0.9341976401680094,0.948467140918744,0.28044486808720137,0.5526222436137989,0.8668322994400732,0.8177148849175342,0.856373695366713,0.4329828613780029,0.9202142532643907,0.7484029422269308,0.7933695278239044,0.9341976401680094,0.9277170029726363,0.5225634575856126,0.8454258145911455,0.7590699893530761,0.9382025073594866,0.6507566980121199,0.9386420076357269,0.7809667159518989,0.9341976401680094,0.7430953386400088,0.9515990837410908,0.8924406131378573,0.7997170651160581,0.9363880304285923,0.7507103182625507,0.9259591224230197,0.9341976401680094,0.9245014781129608,0.8376807489713897,0.9341976401680094,0.9382025073594866,0.7793238828701625,0.702796077367051,0.7811901560910328,0.7890915444598163,0.9341976401680094,0.7815341678105783,0.8628824041273819,0.9965514935490281,0.7274375203314072,0.7353798725148986,0.8797557950282509,0.881224596830571,0.7505693041675238,0.9386420076357269,0.9880552524038384,0.8529137105219888,0.9590434494932021,0.8337999729316519,0.6365995192919316,0.9104881504923736,0.916546213700882,0.9409669977890662,0.7255655856453291,0.9341976401680094,0.9914826481470902,0.9950042944438362,0.9224048105777053,0.9671761235857237,0.9061450951233825,0.9299834289466349,0.9198388526997605,0.9363880304285923,0.9795036960805321,0.9426603652680072,0.9341976401680094,0.8917189373891496,0.9511423881204941,0.5958256531394137,0.9458674971126177,0.8251181313335156,0.948467140918744,0.9240084059312026,0.9559620789221579,0.7874779760549531,0.9643765980294186,0.5266905096690784,0.9427408188644533,0.891751906668637,0.9461752438924504,0.9540147404500321,0.9643765980294188,0.9665301256886061,0.9386420076357269,0.9994678821812105,0.5873005037754171,0.840605452837748,0.9564943253467844,0.9300014988735692,0.9877421208411418,0.9028404281797042,0.7554585260013131,0.8176730306437259,0.9663679300767252,0.9272203681387052,0.7592002451677544,0.5122326349685529,0.9361204140696398,0.998234552332913,0.9165462137008822,0.7770237367230229,0.9220943680125895,0.9546344910500092,0.9564943253467844,0.6325507843027067,0.7714082079547531,0.9386420076357269,0.7671691400333684,0.8608857508248025,0.8977164148691165,0.9601701237080074,0.9914826481470902,0.7645127736289719,0.8598295527538453,0.9965514935490282,0.90153586895051,0.9279496229669748,0.927949622966975,0.9409669977890665,0.9458674971126175,0.9403227338586295,0.7155673590494245,0.7120037031799051,0.9829392900173883,0.8644365206787079,0.7942278940301715,0.9116474872122646,0.927949622966975,0.9311085800498415,0.9341976401680094,0.9433718940682516,0.9341976401680094,0.9341976401680094,0.7881877245144917,0.9165462137008822,0.5063010877270895,0.9341976401680094,0.775889106434585,0.8134750342286592,0.9924821208671799,0.7737812382346563,0.9549361975301534,0.9562964735356455,0.7513496113012995,0.8739518939582049,0.8163962779704248,0.9730889887268284,0.9088098779355613,0.9433718940682516,0.8932967537832139,0.8696406074290107,0.8381354443488451,0.5349249866364175,0.9259591224230197,0.921455769651674,0.8518616589332715,0.9433718940682516,0.6619522447894741,0.9386420076357269,0.612253645542763,0.9202142532643907,0.9950420205336963,0.9590434494932021,0.8280150438185905,0.9012134114028683,0.9099149954318697,0.916546213700882,0.9320611426402994,0.9386420076357269,0.9202142532643911,0.9903766507571461,0.9561713296625203,0.8395807850136316,0.7078868375537279,0.9409669977890665,0.6639371190491274,0.9279496229669753,0.80399834626808,0.687993509490268,0.9661859802146437,0.8005056606224614,0.9435169778505765,0.9511876099263499,0.7519121637439459,0.8733764877558636,0.9048113045350052,0.8692558122439302,0.814811678145442,0.8797557950282509,0.961071428703486,0.9341976401680094,0.9409669977890662,0.9262039440654459,0.9865548062843288,0.6264498083679103,0.9643765980294186,0.9299834289466349,0.9044839950643895,0.7507103182625506,0.9590434494932021,0.7696135968297466,0.948467140918744,0.7714082079547532,0.8975786096948726,0.8270171939535951,0.9299834289466349,0.9730889887268284,0.9774654450934861,0.9052541259973347,0.4591424968474147,0.8347861006253849,0.8717784212905582,0.9033593307523543,0.848265815728716,0.9653059182149235,0.8046547388994403,0.8276623607360496,0.9028404281797042,0.9859275654047341,0.43209148080213944,0.9363880304285923,0.9336037847402272,0.9048113045350052,0.8612222667022582,0.9320645602494202,0.8578874956549678,0.8722312804688888,0.7726260462381258,0.8702830404599118,0.9386420076357271,0.7583918606373363,0.9606559814622546,0.9540147404500323,0.9643824696458685,0.9097480434256693,0.9183656033219387,0.8682458143938525,0.922094368012589,0.9320645602494204,0.9409669977890662,0.9511876099263499,0.9341976401680094,0.9994678821812106,0.6896223100560799,0.7727627776347092,0.9966622748365281,0.9341976401680094,0.9037938817314377,0.7641669376109765,0.878294490116863,0.47958548042571814,0.8753928891101745,0.888611449800047,0.8732786138576023,0.8050741196831905,0.9061450951233825,0.4892954035830053,0.8309086111347292,0.9156518518301395,0.9433718940682516,0.8739518939582047,0.4272137936248285,0.9386420076357269,0.496199113455393,0.9511876099263499,0.9832318780369318,0.9299834289466349,0.9511876099263499,0.9240084059312026,0.8965983225545131,0.9341976401680094,0.7266907818585511,0.9331008297272765,0.9458674971126177,0.9341976401680094,0.9202142532643909,0.7898511781167592,0.8343937500300962,0.9320645602494202,0.9987774230311346,0.9279496229669748,0.9320645602494202,0.9320645602494202,0.930079718611058,0.9341976401680094,0.9279496229669748,0.9435391793962782,0.9341976401680094,0.91828499369483,0.7696846159091411,0.9914826481470901,0.9386420076357269,0.9433718940682516,0.9903766507571461,0.9320645602494202,0.7676010485566842,0.8161233816474041,0.9165462137008822,0.8178539505669791,0.9341976401680094,0.5143020534754914,0.9386420076357269,0.9564943253467844,0.8904039948150171,0.6683619675825756,0.9458674971126175,0.9363880304285925,0.9183656033219387,0.9924821208671799,0.9183656033219387,0.9865548062843288,0.9734299614209916,0.9340740308913413,0.7598188207099681,0.7912032625956171,0.9426603652680072,0.9288327934067979,0.45498548864265564,0.9386420076357269,0.943539179396278,0.8193098328029464,0.9341976401680094,0.9865548062843288,0.9021413409446439,0.948467140918744,0.7839258164060414,0.9762262925984149,0.9426603652680073,0.8188914049071836,0.9299834289466349,0.7743568199859494,0.8109045660111087,0.9341976401680094,0.9341976401680094,0.976352903445825,0.7273084791658133,0.9048113045350052,0.884737952181922,0.8236680713869198,0.7582850143029656,0.9353254990893862,0.7406254754289556,0.38954877821134326,0.8262392421922455,0.9341976401680094,0.9622629051191278,0.9409669977890662,0.9511876099263499,0.7507103182625506,0.9458674971126175,0.8280565779961775,0.9341976401680094,0.9341976401680094,0.7969846017459075,0.9610880275993516,0.7849925922171452,0.9202142532643909,0.7632335382365755,0.8696642492046922,0.9446884865801572,0.9191553769542392,0.8326130329527139,0.7301168813013127,0.9341976401680094,0.5302870311672212,0.7637034372366571,0.9903766507571459,0.9288327934067977,0.9647060453491338,0.9335977923745479,0.8841862845276727,0.5145738907317217,0.9363880304285925,0.9673925227196871,0.9341976401680094,0.7987171022511952,0.7932229991952818,0.8696642492046922,0.6139889991881087,0.902192875952611,0.9700765701011145,0.8768403073232187,0.6727941245553475,0.9433718940682514,0.8297340049818103,0.8468159431132625,0.9754970377701452,0.948467140918744,0.99084282274228,0.9112446674143933,0.7805381608776911,0.9409669977890662,0.9320645602494202,0.8392447154194034,0.9078247903914518,0.8711662082855063,0.9701426189491364,0.9511876099263499,0.8902183677316944,0.9511876099263499,0.9107192181558881,0.5705787156593869,0.8964228513787131,0.8654234385275945,0.9865548062843288,0.985927565404734,0.638162299085331,0.9202142532643907,0.7249573830707129,0.9259591224230201,0.9320645602494204,0.9469401678022586,0.8917681657699772,0.9556347289143002,0.8282019805599219,0.9673786919850063,0.8404829480716067,0.8101114348470418,0.9341976401680094,0.6508781974607245,0.9610880275993517,0.7726877408188058,0.948467140918744,0.9540147404500321,0.9147540983606555,0.7164192796374913,0.9341976401680094,0.7696135968297466,0.7519121637439461,0.9147540983606557,0.7711911134087557,0.7987171022511952,0.7805381608776911,0.9409669977890662,0.7927239547143874,0.9199416686997932,0.8881683702717457,0.848490810977947,0.9984593147144779,0.7720657171723505,0.9511876099263499,0.9559620789221579,0.9865548062843288,0.8981981738963489,0.7727306286854222,0.8149366829530522,0.9356707151118058,0.7665607782749312,0.9610880275993516,0.9320645602494202,0.8193098328029464,0.6767529464599451,0.8949624583202778,0.7780455836381195,0.837184915434471,0.9341976401680094,0.748507200849527,0.670515684582881,0.8996020324755996,0.9341976401680094,0.7926104337466324,0.979781144969363,0.9458674971126175,0.9984593147144779,0.9320645602494202,0.9457640223893853,0.9112446674143933,0.8965748830334173,0.9748290773761273,0.47532763804535294,0.9165462137008822,0.7624510259767646,0.9341976401680094,0.9832318780369318,0.9341976401680094,0.9458674971126175,0.6756045082046622,0.8778108787653005,0.9511876099263499,0.9044839950643895,0.8796959556003754,0.8768403073232187,0.47958548042571914,0.9341976401680094,0.9233592295860189,0.8373338126942222,0.8552960837771713,0.42247806959964096,0.8902183677316948,0.8277913012426611,0.9028404281797042,0.9012134114028683,0.891751906668637,0.861222266702258,0.724393385524069,0.891751906668637,0.9543244411482399,0.9409669977890665,0.9349222126828223,0.891751906668637,0.9511876099263499,0.40273025503174886,0.9363880304285923,0.7037491178645138,0.9320645602494204,0.9012134114028683,0.7930643127364436,0.888611449800047,0.9583942031553514,0.9559620789221578,0.922433446216693,0.9095242312718104,0.9829392900173883,0.9914610572055536,0.8931170714860632,0.8996020324755998,0.6987774575764889,0.9809805312183002,0.885680018846007,0.8812245968305712,0.8918850562014599,0.9363880304285923,0.9944373248680742,0.9131302311622613,0.9041853249452692,0.9061450951233827,0.9446884865801572,0.9622629051191278,0.9409669977890662,0.9433718940682516,0.9790682596526012,0.9044839950643899,0.8400914758059399,0.9281278923411589,0.7973011263888934,0.9809570187442864,0.9950286745612719,0.9382025073594864,0.9865548062843288,0.8829086099393348,0.8361320792214733,0.9539851747197046,0.9014795552136838,0.9510649756836522,0.6961684316354255,0.8937892833696128,0.9747063363422138,0.911244667414393,0.49273034145574623,0.9044839950643897,0.8998328740391306,0.9572289236964653,0.9510476303356745,0.9220943680125893,0.9857106085223284,0.9320645602494204,0.8487121404429607,0.9774654450934861,0.3918141855761076,0.9903766507571459,0.8529137105219888,0.906145095123382,0.9386420076357269,0.7124211525711972,0.8229385262714315,0.9828275019633093,0.7728949682499828,0.9214557696516739,0.8061314338049297,0.9564943253467844,0.7557351791201897,0.9497673578995789,0.8674566432772475,0.9147540983606557,0.9433718940682516,0.8612222667022582,0.9129874603663681,0.9903766507571459,0.948467140918744,0.9816942482127167,0.99148264814709,0.9951371402807525,0.9965514935490281
p103_N,0.9169529169775625,0.8432680442928704,0.9984689868383808,0.9570211975143579,0.9784157310816315,0.9776569049810195,0.9408233975938031,0.9148527953541725,0.9125142769307066,0.9229339640663332,0.9496407070933521,0.9896261919016811,0.9523030345044686,0.6143239287305398,0.932827404951157,0.8187616895030196,0.966080860036586,0.8070745675457878,0.7592216529735147,0.9808061948240677,0.947050277521269,0.8806825133605407,0.9999058090993418,0.9048699718936313,0.9096861238372793,0.8672687335363696,0.7181608370232422,0.8080321723108685,0.9326762742692688,0.8586284592694569,0.8821985066105542,0.9541290792408026,0.8892738141520424,0.8944420978831522,0.9400050159634596,0.9430685569314539,0.9048699718936315,0.5920889096827586,0.9270023539448382,0.5525368181534017,0.8714840103823689,0.8698750345772266,0.927002353944838,0.9236748158396106,0.8952465677470591,0.9583388659333671,0.9901068178489287,0.8964001233642003,0.8938342322827075,0.8928928709017296,0.9117176971980812,0.7739800874289803,0.8672687335363696,0.8863565689237551,0.9238496325630552,0.8621543973586858,0.8908505574054,0.9015943008452874,0.740482756808325,0.8952920587572559,0.9964257308790208,0.9818981199386315,0.9264790424305227,0.8050863112719071,0.9593880781275534,0.9657565995609549,0.9541290792408028,0.9750984734057815,0.9166023872760292,0.8051833789629995,0.6233112147208637,0.864695866516187,0.9400050159634596,0.9370085071270431,0.9015943008452874,0.7800363210512204,0.9130812730632978,0.9511394955727168,0.9800599122358795,0.7184157888018903,0.9496407070933521,0.9337606448479012,0.8083091683201337,0.8672687335363694,0.9015943008452874,0.4440845438465909,0.9454800327660549,0.8379216904296074,0.901474365519588,0.8984043359066818,0.9015943008452874,0.5972797462791063,0.8807558101401551,0.8998769166028209,0.9407914522535386,0.8741039210453121,0.5879603915410465,0.782096318552234,0.8875696339812911,0.9525008459794162,0.9369724823143174,0.9689601410010137,0.6374771177366503,0.8365117211975374,0.8830190579203288,0.9190462651000917,0.6650955739310918,0.9387276295163245,0.9950092225712418,0.908058140541457,0.6749432847059751,0.768939526806941,0.8235185338465866,0.8483987238898338,0.9082407355488133,0.7932099610549701,0.9201534922716772,0.9190462651000917,0.9716885439827988,0.9278598310618438,0.9971868506323037,0.7734213099905187,0.5184859546138473,0.9371946904073194,0.9254951853340941,0.8733396723952502,0.9048699718936313,0.8049449077931464,0.9896261919016811,0.8608323269166085,0.965175520389308,0.9082407355488131,0.8762253925883118,0.927002353944838,0.9276677015291237,0.8582617618767494,0.8447983291400114,0.9186367746310331,0.9117176971980812,0.8952920587572561,0.8379216904296074,0.922933964066333,0.9997433028452847,0.7694694910108557,0.640564825056144,0.9809011972996264,0.9738089426972777,0.9920559642466493,0.8938342322827075,0.8457119966355479,0.9326762742692682,0.8108440714211329,0.7707304379651232,0.8097234685897621,0.9610481566737545,0.9812493295822693,0.990375217485485,0.8446888636768985,0.8945813700134543,0.8142030100411649,0.9569250203936144,0.9689601410010136,0.851886581566327,0.9325761371371128,0.8663112358292615,0.8585821730786511,0.7864929970985284,0.9821468422331385,0.9129137434283912,0.9112335610699702,0.8554422952177849,0.8984043359066813,0.8908505574054,0.9027650023789868,0.9403015867395613,0.8624209179295178,0.9650079910895766,0.9402699576172797,0.9758294481296055,0.8509004293918014,0.9261019611913717,0.9047673743149588,0.9656686423610311,0.8984043359066813,0.8003749750204702,0.7237517260359425,0.9461294530347051,0.8318175648160713,0.8863565689237553,0.876370154759888,0.9679510284665813,0.9581530071685886,0.8701496303554945,0.956088795937672,0.8643880245275632,0.9015943008452874,0.9048699718936313,0.7050836078414535,0.8964001233642,0.9928388224970879,0.9562385404637203,0.9357274933038937,0.9015943008452874,0.9157530291664859,0.9395721953187737,0.9229339640663332,0.9015943008452874,0.9954183435413666,0.9641125707303957,0.8098934016632482,0.8763696964614986,0.8848340714494793,0.8984043359066813,0.9015943008452874,0.7935476958135695,0.9015943008452882,0.8865297057800594,0.8421390929393479,0.8341429473230648,0.9015943008452874,0.8787525505716187,0.9015943008452874,0.9396367699954227,0.8669712684969002,0.5805571688558483,0.779093388482677,0.887094058700898,0.9192500849628169,0.8952920587572561,0.8130310621932637,0.9130812730632978,0.9500303160145489,0.9778743986084761,0.8685991499536572,0.8338140105455903,0.8272188776420611,0.9561893150756149,0.9926131437220167,0.8063886092852768,0.8608323269166085,0.8858401986813222,0.8922505553843605,0.5899036597626108,0.777742577550779,0.9015943008452874,0.9020557574993335,0.9015943008452874,0.8512347126765518,0.5639866224949774,0.9117176971980814,0.9444720616003699,0.9192500849628168,0.9048699718936313,0.9931953233483859,0.8779179059734528,0.633838747905076,0.9496407070933524,0.9894640147393268,0.9082407355488133,0.6353310707878901,0.8089526168598249,0.997658595516081,0.8984043359066818,0.9593880781275532,0.8695552258159851,0.9270023539448382,0.9092519635522961,0.918415276469563,0.8698750345772268,0.8830190579203292,0.6600927075743732,0.9117176971980814,0.9375854489267869,0.97186677106877,0.9159643300969387,0.9190462651000917,0.9893018747004394,0.833547140368212,0.872516995251966,0.0,0.9190462651000917,0.7127172516571758,0.9405225737582447,0.9524640783329069,0.8249389872384021,0.8822332248274786,0.6005627706504939,0.8427562020241626,0.9430201146961146,0.8952920587572559,0.9082407355488133,0.9280270998509559,0.8762717012061403,0.9430685569314539,0.9247611721504545,0.991524261099638,0.7983708394776967,0.9847276571162555,0.8971068309419691,0.9831735538001968,0.8730588415851276,0.7414130926961162,0.7914026285028692,0.9658111313405613,0.9128346189776342,0.887094058700898,0.931335573118169,0.9392178238502193,0.9950248368473606,0.8245828613400166,0.9584573525434403,0.6332008980560055,0.8733396723952501,0.9236315304251492,0.6691965125461805,0.922933964066333,0.775598086217062,0.9229339640663332,0.8685991499536572,0.9358559422107497,0.8658109255123594,0.9901068178489285,0.9015943008452874,0.9541290792408024,0.8941901234996292,0.8366797219928648,0.9190462651000917,0.9153141563577836,0.8776567197100433,0.9015943008452874,0.9096861238372791,0.9190462651000917,0.8197248908742533,0.9469881141776699,0.7934227411583403,0.933760644847901,0.9541290792408028,0.8839487244739348,0.9379818823213875,0.8679363511159369,0.8686954569708648,0.8008532032332508,0.9082407355488133,0.9202850458126468,0.8957874248358992,0.9201534922716772,0.9087905087769224,0.927002353944838,0.9251251677826113,0.8212854748924066,0.9159643300969387,0.9630848476738871,0.8984043359066816,0.9673035413456778,0.9569389602184266,0.959695925514493,0.9456373757094223,0.8450671371002421,0.9015943008452874,0.9222557650142597,0.8659812204024,0.867298930907639,0.9426405799302899,0.9710638846211326,0.9995198930586716,0.9015943008452874,0.9015943008452874,0.864695866516187,0.904930802117766,0.7597301016959273,0.9015943008452882,0.9229339640663332,0.9400050159634599,0.8766484086852763,0.8226712151778666,0.9230555946998753,0.9447628386820248,0.8220976364913514,0.6333360910981,0.8605785694541507,0.8707500871458715,0.9015943008452874,0.829692248518991,0.883857173462542,0.9298094540691699,0.9350743361241445,0.8220976364913511,0.8914733031714457,0.9082407355488131,0.9361145826482247,0.9015943008452874,0.8624375211690032,0.8662848764399411,0.9980065184745455,0.8665796009931911,0.9048699718936315,0.9990663786787832,0.6958163649157987,0.9015943008452874,0.8637563006885083,0.9956249416901568,0.9015943008452874,0.9065397721659634,0.6693116152255254,0.7816978974979214,0.853740356706594,0.949193634238837,0.9015943008452874,0.9185939720574968,0.9522812155573342,0.9965380001026767,0.9463919550733862,0.9614171020815729,0.8756654948384953,0.9403874299620978,0.7028302973691198,0.9082407355488133,0.8688868031080181,0.8919074571203546,0.813031062193263,0.9253639555398234,0.9159208440435314,0.9784372240819139,0.9063742447456444,0.9117176971980812,0.718259104204558,0.9015943008452874,0.9650079910895766,0.9210669200488663,0.8762212909559665,0.9842127613506938,0.9444720616003699,0.9316215436119188,0.9413417660374049,0.8574844484595161,0.8952920587572561,0.884992964016763,0.6758878328548223,0.9784557376845573,0.8645719061433432,0.9125142769307067,0.9650079910895766,0.9612805335337941,0.9710638846211326,0.6742834275532613,0.9687286209814427,0.9631790275671499,0.7953298896118869,0.9710638846211326,0.8609960169740352,0.7827571719269774,0.8506624245270693,0.9300726076798653,0.8806825133605407,0.834137717832321,0.949173776698871,0.8685991499536572,0.8714840103823689,0.8987458597477798,0.6069119831825869,0.8936165767525228,0.8834941755373984,0.8821985066105542,0.751746415530433,0.8724622846278105,0.6090474664473876,0.9306637138918227,0.974089544066891,0.9981613460740852,0.9302302679046641,0.9031388200499335,0.8751970566277456,0.8479717682644007,0.9496407070933524,0.7665421137523505,0.9031388200499333,0.8608323269166085,0.8540857213461726,0.8461610175508403,0.9995198930586716,0.875728538629539,0.8018282216434105,0.9957205913967074,0.8971068309419691,0.9869987224188477,0.9170701204122984,0.6880205477142878,0.9596821746142158,0.6119093985889519,0.9276677015291239,0.9117176971980816,0.9190462651000917,0.7053301149137062,0.9975317741904,0.8312850681847448,0.9357274933038937,0.8984043359066813,0.8612908033683548,0.9371612421327016,0.8922505553843607,0.7311442280900087,0.9015943008452874,0.9153141563577836,0.9015943008452874,0.9015943008452874,0.9693701807227779,0.8751970566277456,0.9719709416716356,0.9015943008452874,0.9315487853374294,0.9983728263884415,0.910848070446036,0.8174053362405438,0.7897546886605331,0.9762931300342749,0.9581530071685886,0.8114983712766499,0.9785961020822586,0.8892738141520422,0.9850714596939859,0.9153141563577833,0.8404281005597702,0.8994857716029142,0.9206332401281179,0.9803110338975328,0.903271275381878,0.9679510284665815,0.7740224147265524,0.9153141563577836,0.7028302973691196,0.949173776698871,0.8360454488091439,0.9778787924688122,0.8592358864608994,0.8751970566277454,0.9556485748187757,0.7135525999542776,0.9803765616887432,0.9375514328635435,0.9457347413890165,0.949173776698871,0.8806825133605409,0.6594464654204721,0.6714313273934969,0.9415135680189468,0.846904139031722,0.9117176971980814,0.7958201796033031,0.9630848476738874,0.8836416591427343,0.9531114303007859,0.7656872475184059,0.8803773887434152,0.8850360346032435,0.8703794419104351,0.8596714363812277,0.9435786780084983,0.8114983712766499,0.8652429493090354,0.9249249284229157,0.8669712684969002,0.8468358358854193,0.9015943008452874,0.9117176971980812,0.9596821746142157,0.9400050159634596,0.8233968184877645,0.9573236881256734,0.8504015472601048,0.8361868771452814,0.9647298611984798,0.6571451216037687,0.9377937111577486,0.9229339640663334,0.8871662872601567,0.9827139728713292,0.9393284479789084,0.8952920587572561,0.9724229122039046,0.9773772710355253,0.7390417248479728,0.9743738807581963,0.8882557664314525,0.9739469775498658,0.8985794663930375,0.9024366390104523,0.7954425269629117,0.8445520500174182,0.989464014739327,0.8703186663040025,0.9229339640663332,0.9096861238372793,0.9840851651092493,0.8595506091796264,0.9394688166109708,0.8349578227321088,0.8984043359066818,0.8651752546883049,0.8008532032332507,0.9776569049810195,0.937692323823338,0.9280270998509558,0.8273813414860405,0.9644928242341106,0.8698750345772266,0.8767476584769915,0.9371946904073194,0.9414543417011056,0.8029650793035938,0.8834941755373982,0.8984043359066813,0.9117176971980812,0.9776569049810195,0.9015943008452874,0.9202850458126464,0.9451524968159262,0.9430201146961146,0.6581367696239637,0.9015943008452882,0.9638569259993405,0.8473165323752321,0.9339811468242711,0.8766484086852762,0.8136533416420022,0.5972797462791062,0.8296922485189913,0.6558253338586312,0.887918992030285,0.9339811468242711,0.9494069442387174,0.7709924834343286,0.9153141563577836,0.5998786182759096,0.9195467174521137,0.9689601410010136,0.8858401986813222,0.6677612377657074,0.9161955268153275,0.5234361835681396,0.7690703398380716,0.8863565689237551,0.736099361987321,0.9400050159634596,0.8167575752893762,0.7962081925656088,0.9190462651000917,0.9015943008452878,0.9778787924688122,0.9139509645247549,0.9824286284422854,0.8984043359066816,0.9541290792408028,0.9276677015291239,0.8984043359066816,0.8984043359066818,0.8427562020241625,0.9015943008452874,0.8922505553843605,0.8669712684969002,0.9015943008452874,0.4844246839907167,0.9808526384266797,0.9190462651000917,0.9082407355488133,0.9153141563577836,0.9048699718936315,0.8984043359066816,0.8982936151322167,0.9095902090889826,0.7818538740753651,0.831869167601009,0.9015943008452874,0.8054755212026945,0.9901068178489285,0.9031388200499335,0.9474308831699225,0.870791893649906,0.7132599269840298,0.9763072382829421,0.9096861238372793,0.7140338530832588,0.8043999153882844,0.9015943008452876,0.8358244551518947,0.7291550075284987,0.9646927823057021,0.8943736416601833,0.8188464324608091,0.9890302829209386,0.8938342322827075,0.9901068178489287,0.618302258173891,0.920294841274714,0.9015943008452874,0.9015943008452878,0.8320408809986592,0.9229339640663332,0.8800090685153941,0.8922505553843605,0.8519196982387859,0.9492766422282211,0.9316215436119188,0.9917630222113705,0.9290923696043845,0.9015943008452874,0.9015943008452874,0.8582982169801268,0.9647298611984799,0.531960578608897,0.8596714363812277,0.9112335610699702,0.9881712957697453,0.9436961503050547,0.9896737033886229,0.9495322461148573,0.9600403431113982,0.9015943008452874,0.8741039210453121,0.9117176971980812,0.9270023539448382,0.8292510339197001,0.9190462651000917,0.9818981199386316,0.9015943008452874,0.9015943008452874,0.9410122268430656,0.675887832854822,0.9403324179802615,0.9454800327660551,0.8035230022536772,0.8050863112719071,0.9989748688295452,0.9735880250265535,0.9728212695814675,0.8241675102655417,0.9015943008452882,0.9140968272009683,0.9667136044341875,0.9048699718936313,0.9190462651000917,0.8620503765083265,0.745332789733379,0.884753612602688,0.8529344613286705,0.9763072382829421,0.8553618404309205,0.9015943008452874,0.9881536849053312,0.9807000605418204,0.893616576752523,0.9844190976032297,0.8864034702094805,0.8863565689237554,0.8160959282168512,0.7598433694865456,0.9153141563577836,0.8210967245300529,0.9738767761565754,0.9276677015291237,0.9808061948240678,0.9090241544371725,0.8968738879834461,0.9561406047331698,0.9541290792408026,0.8984043359066816,0.9545816006720382,0.9082763222676036,0.7390417248479724,0.9003917176447784,0.9210339929466169,0.7390417248479726,0.927002353944838,0.9270023539448378,0.8941901234996297,0.9758294481296057,0.9628783385345432,0.8295306933275091,0.9710638846211326,0.8806825133605405,0.9130812730632978,0.7917772373472909,0.8892738141520427,0.8030104049156181,0.9482428774988274,0.9656290901353581,0.904869971893631,0.9633992817857031,0.8659812204023998,0.9800599122358795,0.9465744746035618,0.9015943008452874,0.6183949694664365,0.8295306933275091,0.8404725916053835,0.9229339640663332,0.9796310326661767,0.8725169952519654,0.7888855157243442,0.9015943008452874,0.9377937111577486,0.8263509524803571,0.8725169952519658,0.9404056602135484,0.9370085071270431,0.9226129838709971,0.9117176971980809,0.9887398181624789,0.964205360263191,0.807123724610066,0.9178663889473688,0.5947907453679709,0.7767226719527369,0.71841578880189,0.9377398146648602,0.8295306933275091,0.8688868031080181,0.9521109638157488,0.981431222861576,0.8567770643879915,0.8818529110248737,0.9015943008452876,0.8984043359066816,0.972884357961896,0.8603006398770008,0.7028302973691196,0.9298094540691699,0.9010034771917963,0.9015943008452874,0.9039331021156884,0.7909516937139958,0.4535783510723762,0.9015943008452874,0.9865039461405374,0.7303921833268117,0.9190462651000917,0.9063742447456444,0.9357274933038942,0.9081749669579067,0.9560841968775993,0.8063886092852767,0.9769390375455413,0.9167848454135985,0.8130310621932633,0.8426936700937936,0.9015943008452874,0.887918992030285,0.9015943008452874,0.9190462651000917,0.6679860995828992,0.9604180674676437,0.9270023539448382,0.8850360346032435,0.7516914179301267,0.907839456090531,0.8766484086852762,0.9015943008452874,0.8298154360649804,0.9576316848359518,0.8420588579759954,0.9646927823057021,0.860832326916608,0.9541290792408028,0.8547004147121715,0.8522672538974265,0.9392178238502196,0.9199503714301593,0.9175528959036728,0.9392178238502196,0.8498574790755824,0.6217571003319837,0.7779799894523738,0.9392178238502196,0.9270023539448382,0.985689351324676,0.8574844484595161,0.8957664101424574,0.765687247518406,0.8522672538974265,0.9437520559602294,0.7873167549650785,0.8358244551518947,0.9689170027827593,0.9078003702039559,0.9021972073516483,0.9357274933038937,0.9130812730632978,0.9869987224188477,0.7750695063887034,0.9216777521379123,0.8494821724783066,0.9525674294551763,0.8223745072196007,0.6108135496864431,0.9048699718936313,0.9082407355488133,0.9441427989683724,0.8419067360173321,0.8575921949043329,0.7727625905492058,0.8964001233642,0.9117176971980809,0.9153141563577836,0.9681199866998389,0.9407914522535388,0.9017563549592988,0.8273813414860407,0.8821985066105542,0.9306912187278038,0.7090952617968052,0.9608122904345002,0.9400050159634596,0.9262503388147356,0.7443431059191559,0.7766507462542243,0.9409925280019762,0.922701513325342,0.9153141563577836,0.8944420978831518,0.9545816006720382,0.8672687335363696,0.9630848476738874,0.9755754212710188,0.8186600604354755,0.9430910370827901,0.9474774436800726,0.8188464324608089,0.9847276571162555,0.6537177753267682,0.955445890228529,0.7685008979495085,0.9491737766988708,0.9444775685014404,0.9030574042368795,0.9161955268153275,0.8461610175508403,0.9348085269124424,0.986078415693091,0.8273270360700622,0.9957194866787558,0.9316215436119186,0.9502177672519851,0.8825084063642944,0.8941901234996297,0.9082407355488133,0.9796775633377287,0.9437520559602289,0.9153141563577836,0.8888163939992272,0.82913709990958,0.9444775685014402,0.9229339640663332,0.8549847100918111,0.9190462651000917,0.7944591328701565,0.9153141563577836
p103_V,0.8312173911187126,0.9517441295565183,0.6138094444949616,0.9362456943690349,0.9582144552981327,0.9690033562225546,0.8583462338175076,0.8322437174658709,0.9208725034246266,0.9672758151492922,0.305152894515638,0.9568599156354454,0.9568599156354451,0.9362456943690349,0.9264564493231808,0.9057246972976492,0.9542468650366516,0.9436389526644002,0.965625,0.9672758151492922,0.9074725945748128,0.32152664978164625,0.9470055188469617,0.9596053879391779,0.33689100317770826,0.9436389526644,0.9542468650366516,0.9312607396704553,0.9672758151492922,0.8151543300838582,0.9383021271292233,0.950716529670402,0.9529828655437629,0.9332303128187658,0.9582144552981327,0.965625,0.1490201725853415,0.9529828655437629,0.9690033562225546,0.942546448360206,0.9172347260035334,0.9447456538980155,0.9690033562225546,0.9283593797331273,0.9542468650366518,0.87450538386682,0.11775954848708015,0.918138754358939,0.40169060016490543,0.9109895373928902,0.9625131050152524,0.876261827348312,0.9436389526644,0.9517441295565183,0.9529828655437629,0.941467276381333,0.941467276381333,0.9582144552981327,0.7847770412204684,0.2268615547293238,0.9227150661971699,0.861092113458608,0.9436389526644005,0.9172347260035334,0.964040252388596,0.8555748757838357,0.9625131050152522,0.8814987207179201,0.8184753916628578,0.965625,0.9352318345617441,0.942546448360206,0.9582144552981327,0.8574253737916122,0.9582144552981327,0.6319677171849858,0.9493347822888889,0.9505286850464207,0.7635098746985826,0.9690033562225546,0.9505286850464207,0.9458674971126173,0.9393458182324887,0.9436389526644002,0.9582144552981327,0.932241742150131,0.9493347822888889,0.839293063072188,0.6059690156007205,0.9568599156354449,0.9582144552981327,0.9541896299485404,0.861092113458608,0.8806288736252947,0.9393458182324887,0.9181387543589391,0.9519058911033429,0.6706738076877616,0.8518367404342477,0.8508940408143362,0.941467276381333,0.9610366993022685,0.9582144552981327,0.8832354238447049,0.6769170045464781,2.220446049250313e-16,0.5498119605838785,0.8332650413138045,0.9481608601832734,0.8592642631772309,0.8979178384019253,0.9447456538980155,0.8412664651734412,0.538507266061247,0.11775954848708015,0.8217392653025242,0.9517441295565183,0.9656250000000002,0.9690033562225546,0.8832354238447049,0.9283593797331275,0.9057246972976494,0.9481608601832734,0.9383021271292231,0.9436389526644002,0.7988008809007465,0.1490201725853415,0.8858340936764979,0.9568599156354454,0.9302869180633684,0.8953282497576125,0.9610366993022685,0.9625131050152524,0.9690033562225546,0.9542468650366516,0.9088679893884184,0.9005120111662777,0.9625131050152524,0.08301287652694123,0.9555383641697377,0.7861013304270679,0.04802371343395373,0.8555748757838357,0.8944656454039723,0.9074725945748126,0.9264564493231808,0.9118739328932484,0.8700853537305533,0.942546448360206,0.827060148923404,0.9672758151492922,0.9227150661971699,0.7099187434240761,0.9022452837148789,0.9625131050152524,0.9425464483602062,0.913649887598424,0.9293199127017768,0.707776221292472,0.9057246972976494,0.8412664651734412,0.9610366993022685,0.9458674971126173,0.8373021566360079,0.5935012569881961,0.9312607396704551,0.8858340936764979,0.5846688068540971,0.9393458182324887,0.8727426055411924,0.9362456943690349,0.2031772652664633,0.9414672763813332,0.8700853537305534,0.7141183525888175,0.8996466204791784,0.9656250000000002,0.8936031902522537,0.9342268638258988,0.906597867618917,0.9274049943645879,0.9083489988323226,0.9414672763813328,0.9568599156354451,0.8841024249642824,0.7141183525888184,0.8832354238447049,0.9190462651000917,0.9517441295565182,0.9372689456075765,0.9555383641697375,0.9208725034246268,0.7650180104070299,0.827060148923404,0.9227150661971699,0.9582144552981327,0.9596053879391782,0.9555383641697377,0.9181387543589388,0.7459031338420239,0.9109895373928902,0.9568599156354451,0.9582144552981327,0.6820709685360269,0.827060148923404,0.9672758151492922,0.9582144552981327,0.8629094882524135,0.9302869180633684,0.9065978676189168,0.8823675467067157,0.9217916370027818,0.9568599156354451,0.9582144552981327,0.8814987207179201,0.9582144552981325,0.777991703255195,0.8674107520354712,0.8647169462584842,0.9582144552981327,0.698903104201752,0.9582144552981327,0.7573308431791724,0.9236430180495616,0.9312607396704553,0.6632614409621944,0.9610366993022685,0.8117728822598584,0.9555383641697375,0.351347550686809,0.9493347822888891,0.9227150661971699,0.8291493513794035,0.9332303128187656,0.9625131050152524,0.9172347260035337,0.910107340129978,0.9199574485923747,0.9154363928771068,0.5069074692287098,0.9302869180633684,0.9542468650366516,0.947442779108449,0.9555383641697377,0.9582144552981327,0.9199574485923747,0.9582144552981327,0.8432230388608029,0.9302869180633684,0.9625131050152524,0.9404006431802039,0.8117728822598583,0.9596053879391782,0.9293199127017768,0.3368910031777078,0.9118739328932484,0.9505286850464207,0.8858340936764979,0.9610366993022685,0.8944656454039726,0.8944656454039726,0.8718586682882639,0.9568599156354449,0.964040252388596,0.8592642631772309,0.9690033562225546,0.8629094882524138,0.7845111847199955,0.9447456538980155,0.8936031902522537,0.9367687566679366,0.9625131050152524,0.8753843628690847,0.7938344767596348,0.8117728822598584,2.220446049250313e-16,0.8592642631772309,0.9293199127017768,0.9458674971126175,0.9190462651000917,0.0,0.8780124908814333,0.8470883271446172,0.964040252388596,0.9163339973465923,0.9362456943690349,0.9610366993022685,0.9332303128187656,0.8412664651734412,0.22686155472932423,0.9610366993022685,0.9610366993022685,0.7925699855750041,0.965625,0.7925699855750041,0.8806288736252947,0.6353764027835573,0.8718586682882639,0.965625,0.9582144552981327,0.942546448360206,0.9555383641697377,0.9625131050152524,0.8373021566360079,0.9163339973465923,0.9610366993022685,0.942546448360206,0.9312607396704553,0.7737814949433295,0.9255134534695351,0.9048529663349028,0.9030333503116557,0.7988008809007466,0.864716946258484,0.9346991012692377,0.967275815149292,0.9208725034246268,0.9672758151492922,0.4851705698920621,0.9302869180633684,0.9255134534695351,0.9610366993022685,0.9582144552981327,0.9625131050152524,0.9199574485923749,0.9436389526644005,2.220446049250313e-16,0.964040252388596,0.9568599156354451,0.9582144552981327,0.3368910031777078,0.965625,0.9690033562225546,0.5325898779206594,0.7635098746985824,0.9458674971126173,0.9625131050152522,0.8629094882524138,0.755747894770402,0.9481608601832734,0.9529828655437631,0.8691958391075136,0.9610366993022685,0.9332303128187658,0.7779917032551948,0.9517441295565183,0.9264564493231806,0.9690033562225546,0.8071644882517874,0.9332303128187658,0.8173748798116494,0.24868536270712194,0.9568599156354449,0.9352318345617441,0.9057246972976494,0.8412664651734412,0.842246813951878,0.7694592477206295,0.9582144552981327,0.8797579337068848,0.932241742150131,0.9342268638258988,0.49268176173944034,0.967275815149292,0.8727426055411924,0.9582144552981327,0.9582144552981327,0.942546448360206,0.9208725034246268,0.9216020313541384,0.9582144552981325,0.9672758151492922,0.9582144552981327,0.9362456943690349,0.5935012569881961,0.827060148923404,0.9582144552981327,0.9372689456075765,0.9493347822888889,0.7509020511212644,0.7820963185522347,0.9582144552981327,0.6483545622521333,0.9312607396704553,0.8162678987494558,0.8184753916628578,0.45202578957206085,0.8927407985750284,0.9610366993022685,0.8322437174658706,0.9582144552981327,0.7938344767596347,0.9436389526644002,0.703401904747305,0.8601795328531072,0.9596053879391779,0.752533849186763,0.9529828655437631,0.9582144552981327,0.9145417437978427,0.8392930630721879,0.9582144552981327,0.9372689456075765,0.8312173911187126,0.7354031975062649,0.7737814949433295,0.8373021566360079,0.9582144552981327,0.8184753916628578,0.8814987207179201,0.964040252388596,0.7182088539361106,0.7737814949433295,0.9236430180495616,0.9245757305468909,0.9145417437978427,0.11775954848708015,0.9163339973465923,0.906597867618917,0.9470055188469617,0.8788858297250928,0.8961910905435388,0.6769170045464781,0.9470055188469617,0.08301287652694123,0.9436389526644005,0.9582144552981327,0.965625,0.9190462651000917,0.8461277862534458,0.9505286850464207,0.4232320307761679,0.9555383641697377,0.8342814558669874,0.9596053879391779,0.9555383641697377,0.9505286850464207,0.9582144552981327,0.9517441295565183,0.6544809036450439,0.9208725034246268,0.965625,0.8736248211051396,0.9672758151492922,0.9517441295565183,0.9470055188469617,0.7900123156320648,0.9493347822888889,0.9672758151492922,0.7912959918600064,0.9312607396704551,0.9109895373928902,0.9447456538980155,0.9493347822888889,0.6168592556746881,0.9610366993022685,0.9332303128187656,0.9172347260035332,0.6603867331027351,0.9458674971126175,0.9172347260035334,0.9505286850464207,0.9383021271292233,0.9040056117932131,0.8129069456777991,0.9217916370027819,0.9542468650366516,0.8470883271446172,0.6175994786481587,0.9362456943690349,0.9458674971126175,0.9470055188469617,0.7709128636729368,0.9505286850464205,0.7549160044072432,0.9458674971126173,0.5069074692287099,0.797572676765083,0.9610366993022685,0.8727426055411924,0.7650180104070299,0.932241742150131,0.9172347260035332,0.9656250000000002,0.777991703255195,0.9109895373928902,0.964040252388596,0.9312607396704553,0.9542468650366518,0.9542468650366516,0.9625131050152524,0.9656250000000002,0.9383021271292231,0.7604502711739276,0.9283593797331273,0.2031772652664633,0.9568599156354451,0.8546450937171788,0.9236430180495616,0.9542468650366516,0.8944656454039724,0.9582144552981327,0.04407004266351722,0.9582144552981327,0.9582144552981327,0.8508940408143364,0.9470055188469617,0.9332303128187658,0.9582144552981327,0.8432230388608029,0.8665150422521173,0.9302869180633684,0.8788858297250928,0.6483545622521334,0.7847770412204684,0.9208725034246268,0.9199574485923749,0.8683043280893405,0.9529828655437629,0.9065978676189169,0.964040252388596,0.932241742150131,0.8173748798116494,0.8814987207179199,0.4428495116517701,0.9529828655437629,0.9555383641697377,0.8059936873009328,0.964040252388596,0.5977568285657049,0.11775954848708015,0.918138754358939,0.9493347822888889,0.9447456538980155,0.9470055188469617,0.8753843628690847,0.45202578957206097,0.9227150661971699,0.9470055188469617,0.934226863825899,0.9610366993022685,0.9493347822888891,0.9596053879391779,0.5136536850193718,0.8823675467067158,0.8683043280893405,0.9625131050152524,0.8823675467067158,0.9542468650366516,0.810631735747056,0.6213072444249826,0.9568599156354454,0.8162678987494556,0.9393458182324887,0.9690033562225546,0.7847770412204684,0.8736248211051396,0.9199574485923747,0.7874151753009926,0.9493347822888889,0.9236430180495616,0.9031133691845501,0.9582144552981327,0.08301287652694123,0.9312607396704553,0.9582144552981327,0.8858340936764979,0.9493347822888889,0.9555383641697377,0.43326248910981524,0.752533849186763,0.9470055188469617,0.8392930630721882,0.9672758151492922,0.7975726767650831,0.9505286850464207,0.8901531678626451,0.9555383641697377,0.9529828655437629,0.8537121927533946,0.9302869180633684,0.9458674971126175,0.809483376444649,0.9013781987087914,0.7793713361793848,0.8875631490366902,0.9332303128187658,0.861092113458608,0.698903104201752,0.9383021271292231,0.9672758151492922,0.9481608601832734,0.9596053879391779,0.7407406669265033,0.9199574485923747,0.9118739328932484,0.9568599156354449,0.7950896414683806,0.7372025494796415,0.9690033562225546,0.9005120111662772,0.9610366993022685,0.932241742150131,0.4999218811025572,0.9447456538980152,0.9190462651000915,0.4428495116517701,0.9481608601832734,0.9163339973465923,0.9505286850464207,0.9568599156354451,0.08301287652694123,0.9690033562225546,0.9582144552981327,0.9332303128187658,0.8892901999095577,0.7834421060580531,0.9342268638258988,0.9582144552981325,0.9039825606517027,0.8555748757838357,0.9227150661971699,0.9362456943690349,0.5655745286057905,0.9109895373928902,0.9022452837148789,0.8238849154998196,0.9404006431802039,0.9227150661971699,0.8771378467726847,0.910107340129978,0.04407004266351722,0.5705409261013937,0.941467276381333,0.9610366993022685,0.98145106467318,0.9690033562225546,0.9404006431802037,0.9555383641697375,0.9690033562225546,0.9517441295565183,0.9414672763813328,0.9582144552981327,0.8700853537305534,0.6387170605760057,0.965625,0.9582144552981327,0.9493347822888889,0.8094833764446474,0.8373021566360079,0.9568599156354449,0.9625131050152524,0.9542468650366516,0.9568599156354449,0.9568599156354449,0.9332303128187656,0.9582144552981327,0.9542468650366516,0.9236430180495617,0.9582144552981327,0.9458674971126173,0.910107340129978,0.9656250000000002,0.11775954848708015,0.964040252388596,0.9596053879391782,0.9568599156354449,0.7950896414683805,0.8832354238447049,0.9470055188469617,0.8691958391075136,0.9582144552981327,0.9236430180495618,0.9610366993022685,0.9458674971126173,0.8301859677307104,0.5442448399003639,0.9656250000000002,0.9596053879391779,0.9481608601832734,0.9302869180633684,0.9481608601832734,0.17734708868199078,0.9302869180633684,0.9352318345617441,0.9383021271292231,0.7407406669265031,0.9505286850464205,0.965625,0.942546448360206,0.11775954848708015,0.9236430180495618,0.8700853537305533,0.9582144552981327,0.9582144552981327,0.6452038871546906,0.9672758151492922,0.8665150422521173,0.24868536270712183,0.9505286850464207,0.8555748757838357,0.9555383641697377,0.8281074447167713,0.8228150438933353,0.9582144552981327,0.9582144552981327,0.9293199127017768,0.752533849186763,0.9199574485923747,0.8402819095372958,0.8727426055411924,0.8480451455932454,0.7389815511680626,0.8352930530354636,0.9447456538980155,0.8461277862534458,0.9582144552981327,0.9181387543589388,0.08301287652694123,0.9690033562225546,0.861092113458608,2.220446049250313e-16,0.861092113458608,0.9582144552981327,0.9582144552981327,0.8140340532964885,0.9582144552981327,0.8206574710503438,0.32152664978164647,0.8823675467067158,0.9172347260035336,0.9404006431802039,0.5846688068540971,0.863814422100184,0.8771378467726845,0.9582144552981325,0.9302869180633686,0.8499479257057734,0.1490201725853415,0.965625,0.9065978676189168,0.842246813951878,0.9264564493231808,0.932241742150131,0.9596053879391779,0.703401904747305,0.9582144552981327,0.8574253737916122,0.932241742150131,0.9172347260035336,0.671592383614509,0.8892901999095579,0.9517441295565183,0.9217916370027819,0.7141183525888184,0.964040252388596,0.891878386060835,0.8866989102900564,0.9542468650366518,0.9672758151492922,0.9362456943690349,0.9436389526644002,0.8461277862534455,0.9625131050152524,0.9568599156354449,0.6632614409621942,0.9414672763813328,0.9302869180633686,0.9352318345617441,0.9690033562225546,0.9302869180633686,0.9690033562225548,0.9690033562225546,0.5705409261013937,0.934226863825899,0.9145417437978427,0.9582144552981327,0.9672758151492922,0.32152664978164625,0.9493347822888889,0.7509020511212644,0.9529828655437631,0.9568599156354451,0.9414672763813328,0.9127606676606761,0.9596053879391782,0.809483376444649,0.932241742150131,0.8546450937171788,0.836299923476612,0.9582144552981327,0.9109895373928902,0.9582144552981327,0.827060148923404,0.9672758151492922,0.9447456538980155,0.9458674971126177,0.7099187434240761,0.9582144552981327,0.839293063072188,0.7847770412204684,0.9458674971126177,0.8402819095372958,0.8574253737916122,0.8461277862534455,0.08301287652694123,0.8537121927533953,0.7298781721393242,0.8402819095372958,0.788718772853704,0.9470055188469617,0.7335830161959275,0.9690033562225546,0.9470055188469617,0.9582144552981327,0.5891401655413022,0.942546448360206,0.8674107520354712,0.9199574485923749,0.7793713361793848,0.9582144552981327,0.9568599156354449,0.8700853537305533,0.8858340936764979,0.5977568285657053,0.8162678987494556,0.796335651949913,0.9582144552981327,0.8260073636615606,0.6942728322121243,0.9362456943690349,0.9582144552981327,0.8683043280893405,0.9529828655437629,2.220446049250313e-16,0.9470055188469617,0.9568599156354449,0.8736248211051396,0.9436389526644003,0.5935012569881961,0.9414672763813328,0.9245757305468909,0.9470055188469617,0.7766003415235199,0.9582144552981327,0.9404006431802039,0.9582144552981327,0.9656250000000002,0.8629094882524138,0.9048529663349028,0.9690033562225546,0.9393458182324887,0.8373021566360079,0.9217916370027819,0.46082072952098563,0.9582144552981327,0.8620020752690568,0.8527760996057681,0.7202148985912618,0.9383021271292231,0.9302869180633686,0.9625131050152524,0.9383021271292236,0.9372689456075762,0.9312607396704553,0.9118739328932484,0.7963356519499131,0.9312607396704553,0.9362456943690349,0.9625131050152524,0.6353764027835573,0.9312607396704553,0.9690033562225546,0.9436389526644002,0.9596053879391779,0.6353764027835573,0.9568599156354451,0.937268945607576,0.9458674971126175,0.9109895373928902,0.5069074692287105,0.9470055188469617,0.9293199127017768,0.942546448360206,0.9568599156354451,0.9493347822888889,0.8451634443215716,0.46082072952098607,0.9190462651000915,0.8629094882524135,0.9274049943645877,0.9245757305468911,0.942546448360206,0.9596053879391782,0.11775954848708015,0.9190462651000915,0.9127606676606757,0.42323203077616856,0.9404006431802039,0.9181387543589388,0.08301287652694123,0.04407004266351722,0.8961910905435388,0.9393458182324887,0.8901531678626451,0.932241742150131,0.44284951165177,0.8788858297250928,0.9481608601832734,0.9372689456075762,0.17734708868199078,0.8656171299593258,0.8996466204791784,0.5201744503055977,0.918138754358939,0.876261827348312,0.964040252388596,0.9332303128187656,0.8979178384019253,0.9436389526644,0.9542468650366516,0.43326248910981524,0.9172347260035334,0.8944656454039723,0.8024341677705487,0.305152894515638,0.8718586682882636,0.9568599156354451,0.9039825606517029,0.8537121927533957,0.9610366993022685,0.1490201725853415,0.9065978676189168,0.9404006431802034,0.9610366993022685,0.9163339973465923,0.8875631490366904,0.8565016117177142,0.9555383641697377,0.2268615547293249,0.8620020752690567,0.9458674971126175,0.9199574485923747,0.9610366993022685,0.8841024249642824,0.3649841007441661,0.04407004266351722,0.9118739328932484,0.9447456538980155,0.9596053879391782,0.9672758151492922,0.9057246972976492,0.9656250000000002,0.8508940408143366,0.04407004266351722
p103_Y,0.8852385949190803,0.8287530636873144,0.7593754299344592,0.8379427494953595,0.7188135956445156,0.9304564132545028,0.9473823014012113,0.9072257617234831,0.8832194342591231,0.8838707840618651,0.8508536150398738,0.7953965029329043,0.7655885110626541,0.8165462796441287,0.8541958081886141,0.9111455003953207,0.979063407658666,0.7980613313855602,0.9751589072340373,0.9607483250129105,0.6696554207626729,0.8719532289905914,0.9613342524161694,0.9199154281937727,0.8160370169864275,0.8236340386243199,0.8942061170670543,0.7998497685672344,0.922309554537388,0.7914422752937225,0.8469347861468033,0.7604422708501077,0.6698018713909613,0.7630525723966652,0.7494901611823089,0.9147196413525658,0.9199154281937727,0.8607628406648586,0.8900013566415692,0.8891979609120881,0.7104005526773585,0.9481470405930799,0.9886334735196286,0.862832405257265,0.8942061170670543,0.9350822269793176,0.8944208730785339,0.9231780276724082,0.7961129991402645,0.7593754299344584,0.8669692234537123,0.8548774384388513,0.7999899992499375,0.9367201797244553,0.9988320430013828,0.6806009724761513,0.7922833118206054,0.8517144868263773,0.9122069196244701,0.8422177685448571,0.9480579133852229,0.849837804367561,0.894566156747467,0.6750483796868391,0.8723886533920735,0.9696584954033353,0.9008409057897286,0.9855443241130155,0.8559737688007152,0.8780124908814335,0.8124212907368669,0.7384621920006141,0.9335495544090702,0.9204863589561311,0.8517144868263773,0.741956913461626,0.9727959241078911,0.9642495556649884,0.8924955284469466,0.890001356641569,0.877267447796322,0.9301784919255027,0.8292836784039674,0.6325530557648833,0.8517144868263773,0.8003602004056383,0.9237035112910972,0.85244358751725,0.9978328796525182,0.8469075946240912,0.8517144868263773,0.7178532989576607,0.9719144914099879,0.9666784839794007,0.8960769437092713,0.9521745564431168,0.7111921880363272,0.7190578555793394,0.7837735299458217,0.8285597988050283,0.8610375356079851,0.8617298618427942,0.88239105236417,0.8190897131050849,0.744355256231821,0.8780124908814333,0.76640117178067,0.8241700581324328,0.7780180004969558,0.9119594933826474,0.7000284290214194,0.8760322104935401,0.8707624116592799,0.7356675411172184,0.8617298618427947,0.9214622648996279,0.9637119587337406,0.951426791823698,0.9886334735196288,0.9182729844290514,0.843262373421125,0.7468679953122508,0.8667801398010047,0.9787022394248479,0.9418542354962318,0.6709612821603514,0.9199154281937727,0.9337968488503534,0.9742444541544061,0.9677786049373615,0.8642808999536788,0.8767420482712902,0.934712588125745,0.9481784169066947,0.8376345900059798,0.957353450759477,0.8792930963303969,0.934712588125745,0.8669692234537121,0.8712321677735533,0.9189122491010693,0.8838707840618651,0.6846533623608811,0.9766045171355723,0.7045804048928854,0.9309836960001792,0.7866734419321575,0.8450256802019889,0.9944458368731314,0.9271112131542842,0.8838707840618651,0.7925674859974536,0.6519686517512386,0.8206212819252164,0.9685842704617613,0.8426554800261774,0.7795240377132577,0.8159426868885197,0.9811050972277463,0.714297852046305,0.7296954799274731,0.974815081978509,0.8568104945519834,0.9270669023029237,0.6901669316307937,0.8368062098372704,0.9335742424241611,0.9225135906204771,0.8812788386063842,0.9298313020987593,0.9449250987515145,0.9065235783645922,0.9297917593953644,0.8469713184963961,0.9912481660502213,0.9110632667879575,0.9147196413525656,0.9729712779913686,0.9753972252852678,0.9384575154038082,0.9669192634034349,0.9231922765071887,0.9297917593953646,0.8848204785436553,0.8814780327751592,0.7030036847192023,0.9182729844290515,0.9284503343749947,0.9637119587337404,0.8207291116074922,0.9582753654596401,0.843411631792996,0.8696847088727697,0.9673614453654232,0.7442635843287546,0.8517144868263773,0.8566505277931493,0.9836958360829685,0.9587915750679723,0.775363043546891,0.8527620140822758,0.9146284704139054,0.8517144868263773,0.8091578388277866,0.8618341038851308,0.922309554537388,0.8517144868263773,0.6786625774274189,0.8524694551907273,0.8814169328158585,0.7861800072330538,0.9100769844438137,0.8469075946240916,0.8517144868263773,0.782463980440107,0.8517144868263773,0.9209324875117265,0.8447693828795262,0.7753630435468912,0.8517144868263773,0.6832755768133256,0.8517144868263773,0.9980634049850092,0.8598294126465456,0.7964346518822156,0.7705048112870889,0.8617298618427942,0.8914951620561669,0.8712321677735531,0.8866356388933214,0.8202029466900853,0.8183706130765613,0.8009174153548693,0.8860781709917647,0.9008409057897286,0.8123451119506255,0.9167550011741449,0.9043518922323697,0.8818580449582833,0.8524694551907273,0.93235920624491,0.979063407658666,0.714297852046305,0.9002465670022488,0.8517144868263773,0.8320285942972797,0.8517144868263773,0.5503976494324644,0.79255214190009,0.7265705885140915,0.9691616615437042,0.9046556975488047,0.8566505277931493,0.6182691935728124,0.9428948240228701,0.7212040800834099,0.9565089460656668,0.845154969940504,0.8617298618427947,0.6407914893799631,0.7776504405236505,0.751381193017349,0.8469075946240912,0.7756167155477298,0.9787431500666026,0.8900013566415692,0.7432793417490793,0.8809122181356273,0.9481470405930803,0.7526894958971744,0.6811824656611054,0.7604422708501082,0.8595607445584788,0.9168026127725313,0.9505784120321787,0.8780124908814333,0.7889999672630537,0.7491756278169279,0.8078984963029705,0.7127172516571758,0.8780124908814333,0.0,0.9662671139554112,0.9075881164980935,0.5949328650462448,0.8165462796441285,0.8944208730785337,0.9067175390277398,0.804172060257072,0.9002465670022484,0.745978003328333,0.974815081978509,0.9548330907410993,0.8780124908814333,0.8465365244312282,0.7932144451408416,0.7157246407996485,0.9201869881173643,0.9881339422948303,0.8823910523641698,0.8659267204691321,0.8422177685448573,0.934712588125745,0.8739809092567834,0.8230747343794924,0.8617298618427942,0.808275913329482,0.9411502214099274,0.9890123482710542,0.9600053496994748,0.8193323018322626,0.7241558235418046,0.8822098031542633,0.8168171408815759,0.7053925111892213,0.9607483250129103,0.9378932210486992,0.999187095488433,0.9694462527564123,0.8479439783560871,0.883923572403648,0.8113600257998116,0.8517144868263773,0.8669692234537123,0.788274091543498,0.8236340386243199,0.8780124908814333,0.9164145679718081,0.9065235783645926,0.8517144868263773,0.8160370169864275,0.9384517567629049,0.9709114698674368,0.8158018642828313,0.8364916757871683,0.8078984963029705,0.8620573178581572,0.8258590675810081,0.9802703412268661,0.8667801398010047,0.8331490001975546,0.9753136207465075,0.9748150819785091,0.8456100445405652,0.8540665022444331,0.9637119587337404,0.9885746118588534,0.8900013566415688,0.8678306200590495,0.7836919404326399,0.8716151990763514,0.8376345900059796,0.8767155864943414,0.896953016762867,0.8282933534771146,0.8441262710983968,0.77329179192888,0.990231327567238,0.8517144868263773,0.8358051451511672,0.9955608197743071,0.8292315098646661,0.9432154862796764,0.7701802816584306,0.957353450759477,0.8517144868263773,0.8517144868263773,0.9944458368731314,0.9743424122417499,0.793647948107796,0.8517144868263773,0.9223095545373878,0.8517144868263766,0.7951498097928976,0.67274046678284,0.8750250215701674,0.9130676179019632,0.799056845698829,0.8719532289905914,0.9402379210697039,0.9734184726724214,0.8517144868263773,0.7568293338373804,0.7964346518822156,0.8756002769177591,0.8939486585840718,0.7990568456988287,0.6952637571612348,0.7132869920925934,0.8282757639481182,0.8517144868263773,0.9640983884044849,0.8236340386243199,0.9400314225534014,0.6886854230360032,0.7953925200034222,0.9444917676834569,0.8331490001975539,0.8517144868263773,0.7148234416988535,0.9348566954145289,0.8517144868263773,0.9941072388767986,0.9693730001054051,0.8870260894703914,0.9975673095803077,0.807623417949108,0.8517144868263773,0.9992444786325825,0.8549613852672562,0.942787579604113,0.767705627705628,0.9036249145398406,0.8972571611021793,0.9962413676564397,0.9217254661208625,0.8944208730785339,0.6826797378667251,0.9960422839487977,0.9115351767342708,0.9555872102327531,0.8013960718418001,0.7831716321317806,0.9888666719019322,0.8669692234537123,0.8709221173730848,0.8517144868263773,0.9751589072340373,0.8208006101846471,0.8555999624260051,0.832180391882747,0.8788298913752621,0.8422177685448577,0.9680751163962774,0.9831803285943961,0.8712321677735533,0.9300951133092186,0.8823910523641698,0.8287530636873144,0.7529563845054521,0.7556472650834452,0.8650374558206402,0.8829704045476999,0.8086190521339539,0.9367201797244553,0.9364347145752199,0.9974359085482798,0.9495786524413501,0.9223095545373878,0.961687220888958,0.84022132652229,0.9033527822540055,0.8279556570938473,0.7140445126053641,0.9224327167161422,0.9421240707427695,0.9273569070637144,0.776992938960106,0.7177953309248148,0.9301784919255027,0.9932179366015165,0.8585942246391954,0.8469347861468033,0.6162660673462497,0.9138465324642964,0.851071943989353,0.9360793017497223,0.8456305382929499,0.7312766370019386,0.9908854916947928,0.9719975115764716,0.886635638893321,0.994309225195011,0.8585942246391954,0.8597402597402597,0.9790904901745157,0.7725797041365445,0.5823139082162085,0.8944208730785337,0.887525584420597,0.9373358402452808,0.9840312822436874,0.9401896771157371,0.951426791823698,0.7982303743656427,0.9876707292068891,0.9075881164980935,0.8973635467698529,0.9224918805975915,0.979063407658666,0.828185635522141,0.8780124908814333,0.8030123017207882,0.9790966555470171,0.7062721505681437,0.8469075946240916,0.9146284704139055,0.9060461682352408,0.9158863571660703,0.8659203535365165,0.9162663646887776,0.8517144868263773,0.8723886533920737,0.8517144868263773,0.8517144868263773,0.7477240344239233,0.8119370253704727,0.7836919404326399,0.8517144868263773,0.9558541450976104,0.849295772127669,0.8924143307178187,0.6564195325337312,0.7249333597934617,0.9946536265155926,0.7738718606799706,0.8063549160272705,0.7147889335312155,0.8607628406648589,0.8729573147564142,0.9779870427101329,0.9432154862796771,0.8783346265635292,0.9710448431475855,0.7810510595077809,0.9988320430013828,0.9002465670022486,0.937639238259762,0.9075881164980935,0.765960712329312,0.8617298618427947,0.7807238380901504,0.9469207829576382,0.97973812930738,0.7398712934924392,0.9306175980453995,0.8207291116074924,0.873950884637416,0.6153736042876925,0.8083506933760087,0.7786690145640724,0.9495786524413503,0.8882829779934613,0.8480123744747821,0.8356582875157457,0.8959615374602349,0.9008409057897286,0.7920242446021457,0.8376345900059798,0.8954597013189067,0.9777530406260118,0.9065235783645926,0.9282385745722452,0.8590144168379501,0.930456413254503,0.9654294646872914,0.8405578540790379,0.9871631608649953,0.9840290724795471,0.8719532289905911,0.91588635716607,0.8469255676698743,0.8517144868263773,0.8669692234537123,0.7964346518822158,0.9335495544090702,0.800945333698675,0.8951705006571321,0.9836958360829687,0.9183413654777057,0.9595286992736847,0.8617361010523721,0.7859749259334309,0.8470578226094765,0.8465105380278557,0.9906633884214366,0.684656600161632,0.8422177685448577,0.9988320430013828,0.7108782766176598,0.9123867684813642,0.8078984963029705,0.7978088449580265,0.8404466068285821,0.9947937793334392,0.7163906716781088,0.9075281486484881,0.944491767683457,0.9777838786659893,0.9993365183621447,0.8838707840618654,0.9428948240228701,0.9535547710049807,0.9883629550900213,0.8320285942972796,0.9927199300058553,0.8767155864943417,0.9469005328727429,0.9194422256497141,0.970911469867437,0.9108772742866329,0.9748150819785091,0.9636233842616819,0.8973635467698529,0.7633936390087607,0.9818415621330479,0.8249735439337957,0.8287611233115326,0.8055253598153973,0.7001112281005049,0.855012486673405,0.9008409057897286,0.930456413254503,0.8517144868263773,0.9488068847204376,0.8099278898005222,0.9960568855363043,0.7874698768873514,0.8517144868263773,0.8848299708736553,0.9560868224013136,0.7925674859974539,0.7737533399416665,0.7158394626173172,0.8190348353011214,0.9641531651228474,0.8493668051184564,0.8501747981194121,0.9480579133852232,0.9644721243288734,0.9167550011741448,0.9075881164980937,0.7521124425759529,0.7922833118206054,0.9598028955500122,0.7725797041365445,0.890001356641569,0.9856724533720749,0.8712321677735531,0.8900013566415688,0.7663702511734077,0.8610375356079851,0.88239105236417,0.901026225893192,0.7221475649522165,0.7549160044072434,0.9642261199468635,0.8951705006571327,0.8994214336937147,0.8076234179491081,0.8767155864943414,0.9636723648662061,0.8659203535365165,0.8767155864943414,0.8469075946240912,0.9892750111716382,0.8517144868263773,0.979063407658666,0.8411437644733701,0.8517144868263773,0.8078984963029707,0.7145162388198472,0.86503745582064,0.8944208730785339,0.7404172524417102,0.8586574204040455,0.8469075946240912,0.8411011431413833,0.9766368294214657,0.9141680583790844,0.8356351330045241,0.8517144868263773,0.76640117178067,0.8617298618427944,0.7518935194559135,0.9025026636510793,0.7888901500367258,0.9147196413525658,0.8566505277931493,0.9048758075333985,0.9123867684813645,0.8667801398010047,0.8517144868263764,0.7925521419000903,0.833554222243367,0.9128185127858255,0.9188347625773325,0.9378357229085401,0.9881339422948303,0.8193842395832205,0.8617298618427947,0.76640117178067,0.8030252709335868,0.8517144868263773,0.9437441834397564,0.7347226383092597,0.922309554537388,0.8770471487205721,0.865920353536517,0.8244397822834255,0.8339417653831189,0.8422177685448577,0.9501634113962532,0.8384271265696448,0.8517144868263773,0.8517144868263773,0.9666164704642057,0.712724185734906,0.7340316180921804,0.9813479902498872,0.9439332079914797,0.814547900338759,0.9238342457570071,0.8159225095584415,0.8279556570938464,0.8900213719429442,0.8517144868263773,0.9053712539746255,0.8669692234537123,0.8900013566415692,0.9444917676834569,0.8780124908814333,0.8622235965038642,0.8517144868263773,0.8517144868263773,0.8967150269182405,0.8823910523641698,0.8596256940858951,0.975453793591603,0.9374710543141456,0.6396962066963193,0.969161661543704,0.7416407659695863,0.9868346360913473,0.9501832703226244,0.8517144868263773,0.8324970174271815,0.8732176670231312,0.9199154281937727,0.8650374558206402,0.9057074150801112,0.6933055596977125,0.7774079203770485,0.7595444044416273,0.7637600698031106,0.8257550183336296,0.8517144868263773,0.7570987840848183,0.7595444044416275,0.9184016309221845,0.7053925111892214,0.8248753520186327,0.8743373672105484,0.7263453909308655,0.7606525809854061,0.8108161786537489,0.6277253198770862,0.8549403842657062,0.9643650652802598,0.9223095545373878,0.9663215686027453,0.987213646380621,0.689196109602642,0.8669692234537123,0.8469075946240912,0.9418028805990424,0.975627908586951,0.93235920624491,0.9339835311851329,0.970911469867437,0.8324970174271815,0.8672683036808265,0.8900013566415685,0.7340316180921804,0.9828411417374174,0.9736470507180457,0.9642261199468632,0.9223095545373878,0.8719532289905911,0.7399196537556147,0.7712855437605144,0.6698018713909621,0.8848204785436551,0.909781718434083,0.7587272679803587,0.8566505277931493,0.9520770374064556,0.8411759963696495,0.7840904101405924,0.7985185013952893,0.8517144868263773,0.7178532989576607,0.9744207489775498,0.8354522685150578,0.8838707840618651,0.8595467458081462,0.807898496302971,0.7534650185092471,0.8517144868263773,0.8790310521507777,0.9654294646872914,0.9790904901745157,0.7950690825300128,0.9204863589561311,0.8230796178295101,0.8669692234537123,0.8832149351472717,0.9721370197769208,0.768457809998602,0.9004036202971208,0.8617361010523721,0.6964836693389995,0.8900013566415688,0.9862337902571188,0.8823910523641698,0.7908390252103981,0.8659267204691323,0.7613355518642999,0.824435740511043,0.9784890262381627,0.8415198577956897,0.8767155864943414,0.8730259530475902,0.8304184245265608,0.7313463225978567,0.9677172978131098,0.9429387446553116,0.8517144868263773,0.8526877937409478,0.8202671834899677,0.7951498097928977,0.8517144868263773,0.9656433082021658,0.9159905215994684,0.8780124908814333,0.8368365632114219,0.8469075946240912,0.8829704045477008,0.7744172920111789,0.7521861932346883,0.9068736847995713,0.9849085216508587,0.8643689826971861,0.9894834706528739,0.8517144868263773,0.8501747981194121,0.8517144868263773,0.9147196413525656,0.9126384672845507,0.986298224407647,0.8900013566415692,0.9480721039116876,0.7279944283798996,0.887818262691942,0.8593392193465907,0.8517144868263773,0.8990269874740213,0.9415092491228023,0.9212170436211344,0.9128185127858255,0.8079991028289962,0.9008409057897289,0.8456078228710924,0.950762707059472,0.9175493257473806,0.9224313668933799,0.9429387446553112,0.9175493257473806,0.862506672587407,0.9008409057897289,0.7320097124326213,0.9175493257473806,0.8900013566415692,0.9654982748706142,0.9219223208046687,0.698012780413332,0.9065235783645924,0.9941072388767986,0.8323544954274771,0.8358984246916981,0.9478061671738158,0.9390675962200334,0.9468491211326353,0.9944458368731315,0.8550124866734043,0.9986710652581439,0.9453355419536875,0.795149809792898,0.8746254722798215,0.8713486043685867,0.9168004837102326,0.6644566398749359,0.8659267204691323,0.9515478783940845,0.8617298618427947,0.7665421137523492,0.9807539073902214,0.9917446040858144,0.8788298913752621,0.94098480137019,0.8669692234537121,0.8723886533920737,0.9979482101810375,0.8070192566355348,0.9397144283764512,0.9955608197743071,0.8249735439337957,0.9581920659375764,0.9175232626155816,0.8207291116074917,0.8517144868263762,0.9368750630661332,0.9632002305182426,0.7849070216922116,0.9521745564431165,0.7266305945080707,0.9075881164980932,0.9892750111716385,0.9885205358659387,0.7999899992499375,0.9224918805975915,0.8738125219408366,0.953753803912704,0.9927871633856706,0.830857861607373,0.8508536150398738,0.9391415159659562,0.9661395621050932,0.9653905787367578,0.9003014444606914,0.8944208730785337,0.8882829779934609,0.9548325655656568,0.8336640062910399,0.9271118843142732,0.9663327708513567,0.8384242776996376,0.9393433403594171,0.9582753654596401,0.9292609662309443,0.963603233873702,0.88126649367649,0.9043518922323697,0.8944208730785337,0.9985848123316436,0.8078984963029707,0.9075881164980937,0.9418107081453975,0.9962235939927733,0.9199154281937727,0.8838707840618651,0.8445784251100876,0.8780124908814333,0.9154602806548064,0.8723886533920742
p104_E,0.8853252119129368,0.8610898631243122,0.6040512366869975,0.9365677526681817,0.8128232674060247,0.899960076676072,0.931236768278733,0.9218106973598208,0.49957627636426594,0.7859928922387949,0.7799347919154231,0.88517907034319,0.8294113114049594,0.7964604914023827,0.878201606623587,0.7939055738531597,0.9389263678709251,0.7492869227063883,0.9844391106320844,0.8903892529283981,0.7116426723259277,0.7746239070316188,0.9040161556168071,0.8246021280310369,0.7931357244362576,0.6314143565161077,0.8229344304111244,0.6448781836268327,0.9263467923542656,0.7193692399621048,0.6786875521368283,0.8499018602096287,0.8425145421826263,0.7564156571321854,0.8128232674060248,0.9812231934960488,0.8499016172090268,0.8425145421826261,0.7972905325104861,0.8097343229079637,0.6649021388149303,0.8860044835814116,0.9378037505277519,0.7511715643420191,0.9816938982230914,0.6804204937250213,0.826678007573604,0.6645382311607282,0.7444270925753016,0.4494463031064234,0.8815871180352746,0.6361882285698108,0.6314143565161078,0.8610898631243122,0.8683459032022252,0.7825039848808459,0.9754523556491486,0.8141237078825918,0.6629223334669794,0.8565025726252202,0.5292396346483758,0.668763955306781,0.8747102825358416,0.8467881424784425,0.8400388316300482,0.38558576021810653,0.9916718506621414,0.7404488251035071,0.9333049015866473,0.9844391106320844,0.7909643911516206,0.7661961693528558,0.8715164809151128,0.23317903319960553,0.8141237078825918,0.5998336353244866,0.9198532777763313,0.8046436059846207,0.5311049958391261,0.8999600766760718,0.8988506251850066,0.8507096812750714,0.7301896029165216,0.9925828487261219,0.8141237078825918,0.7749505149401783,0.9682630680245692,0.6329801756272311,0.9726806319975226,0.8080982554965415,0.8141237078825918,0.651376359697325,0.7027478124892741,0.4897907153660612,0.7718440998543159,0.831111656731985,0.7053042846301947,0.6500246765479307,0.4096642808542592,0.4281832367785846,0.7610652770177011,0.9184204054837377,0.8715164809151128,0.685328187626757,0.7120551604909848,0.8470883271446172,0.7127766719187458,0.3923811118874253,0.8745907736703692,0.3224524473075606,0.7352793024626756,0.9984374869620813,0.5848459311575034,0.7042438882971611,0.826678007573604,0.4748184096442599,0.9620876781838457,0.8095347141367151,0.9378037505277521,0.41383045303555777,0.955919923712067,0.7482039737719153,0.8168695460000701,0.9662985012189105,0.9483472258134429,0.6105215160919706,0.8203110485944873,0.9057102263378046,0.9754015323112335,0.8767246641306561,0.5455036869734458,0.9490012047871157,0.9283013350108493,0.8351342063621663,0.79647451910913,0.6581735174078538,0.6743756366501343,0.8966160771852034,0.8966160771852036,0.8293610592189051,0.571140209313629,0.8544317135025303,0.5760200382952079,0.6737100828129878,0.8502831628264214,0.6088345584659516,0.7252923855974953,0.3730334034886983,0.8201913718736169,0.440475314568181,0.962304331780133,0.5639013365572594,0.9204627675285613,0.923198810242392,0.9283013350108495,0.6460387576531836,0.6641304852821732,0.8335218714154911,0.7613432538759722,0.6720346403031747,0.7673180005816578,0.9795820040904937,0.8278323222482422,0.643645902777728,0.7379434390048873,0.6942244279903331,0.7910132136762831,0.6814372300570675,0.959289336074391,0.40522112321263903,0.8164758144403543,0.8080982554965415,0.745844442129969,0.6709276042417958,0.8338181258644163,0.759429412350568,0.8814260230164839,0.902998986002348,0.863682397155072,0.6917418578578012,0.8878298880205198,0.756974595368916,0.9602315207614173,0.8080982554965417,0.9911054701929702,0.5325320172906631,0.3728831185202086,0.8062546925236592,0.7853415018296626,0.8020442338270835,0.8992238067179403,0.7212027978550601,0.45051693548525407,0.2885622561942247,0.9335039857639236,0.8141237078825918,0.7654209908019572,0.9650686262504822,0.985657575139635,0.6955147731370517,0.6387467951477386,0.8917498939038877,0.8141237078825918,0.646329103510739,0.43663554892093503,0.8219504316646625,0.8141237078825918,0.8630830129382701,0.6001453849366141,0.5117202135201406,0.7205257979853146,0.6692898117563961,0.8080982554965417,0.8141237078825918,0.9204627675285612,0.8141237078825918,0.4753000153055391,0.5662943191096268,0.6179583205848118,0.8141237078825918,0.6162189645330702,0.8141237078825918,0.7781383622266751,0.8327567052705773,0.7697555580912283,0.6333079215492963,0.8878396061803597,0.35997573129890403,0.8565025726252204,0.7875548195067013,0.7170732953618844,0.8295188800372719,0.6731335965669352,0.7222928504804447,0.8649308193595577,0.9294635986891295,0.8511251979576762,0.8976491005447789,0.7868481871853314,0.8803935729362905,0.6188285974699252,0.7272470774549684,0.7025023736906708,0.8449407799053097,0.8141237078825918,0.8486453498819952,0.8141237078825918,0.6271648102460348,0.8019918139974098,0.9766428915122126,0.7348818224750606,0.35997573129890403,0.7358304221874177,0.537771800030797,0.7694019028724448,0.7032313690777421,0.8293524200538187,0.5428778464150823,0.7451908021791043,0.6307612641800739,0.9970156410013384,0.4383325244178329,0.8080982554965415,0.9717481518550581,0.706246764253244,0.7972905325104861,0.6313354535877636,0.6957097756295711,0.754209905600445,0.7746837015001252,0.6145735474709628,0.9599865928364955,0.6902211356947563,0.6647194354693651,0.5320324646212689,0.8470883271446172,0.3224524473075606,0.7966508764940904,0.8278323222482422,0.9405225737582447,0.8470883271446172,0.9662671139554112,0.0,0.8400388316300482,0.6278252094005716,0.7163991992504974,0.8266780075736038,0.7995212197230179,0.27338628295517575,0.8022195458125896,0.857258806876982,0.95925639730275,0.43624914199218323,0.8470883271446175,0.38696210800411357,0.77375778538692,0.6568007736094263,0.8989014446202258,0.9844391106320844,0.8141237078825923,0.8750415532406259,0.8022195458125896,0.833245561533912,0.28361611862483993,0.7483455640323153,0.9592563973027501,0.7661961693528565,0.9774661658686905,0.48725593730735484,0.5662566220773864,0.7414105089165255,0.73539866351623,0.8698877684051256,0.7098857572957749,0.6637752332627526,0.9657805893681323,0.6189136340900778,0.962304331780133,0.876749588965591,0.6375118100032382,0.7398292292544999,0.8980947986959938,0.8141237078825918,0.7548460867326887,0.8469079906301338,0.7935225456190673,0.8470883271446172,0.9388208217988057,0.9475176528421183,0.8141237078825918,0.8643371891276947,0.8470883271446172,0.8999600766760718,0.7806001323767426,0.6956624797397535,0.8049549632214128,0.9916718506621414,0.41246275864561976,0.514542661271824,0.7931357244362576,0.6925209594645929,0.5226684432839606,0.775771601482482,0.6791872878896124,0.5989633697620893,0.7349188766375516,0.7165813777290053,0.9865089017688875,0.3425460425459429,0.7415999427910878,0.29812308375997054,0.8229344304111246,0.8080982554965415,0.8700395757559789,0.6415669069156786,0.24846951109898952,0.34245336145584493,0.4627557245269571,0.8141237078825918,0.36195121119266593,0.9577815932691467,0.746484665878004,0.7558599512408448,0.9263467923542654,0.3920294984326458,0.8141237078825918,0.8141237078825918,0.9725749093164954,0.6530100220117385,0.5118351082653467,0.8141237078825918,0.8544317135025308,0.8141237078825925,0.7163991992504977,0.6401339426439976,0.42429610786037586,0.956305199987326,0.7209509682290196,0.8714434875280936,0.4889403937855099,0.43543594920161843,0.8141237078825918,0.6546650728152645,0.7319899930407805,0.32777813549703283,0.3546235596923196,0.7817709174275673,0.6506714864164551,0.8266780075736038,0.28642917494918874,0.8141237078825918,0.45637052024346847,0.8377581685317461,0.6528651180893659,0.8261349326437242,0.9090827544381064,0.5103534556921476,0.8425145421826261,0.8141237078825918,0.8296869469531022,0.6329801756272313,0.8141237078825918,0.8831374994251471,0.5762262309942238,0.7364097269999812,0.4621478250577411,0.2587864783384337,0.8141237078825918,0.8224935807983722,0.496305171798596,0.9388208217988057,0.6182069032072224,0.5249181056817755,0.5356054518943655,0.5772794900604659,0.716992726901392,0.826678007573604,0.7975952398139297,0.3891759168090543,0.7875548195067015,0.3826997029726039,0.6826099102812517,0.626511637489503,0.9506006900608492,0.8332455615339118,0.8377581685317461,0.8141237078825918,0.9812231934960487,0.7573746934639396,0.5072076522246245,0.8741418111158089,0.7771322397888571,0.8022195458125898,0.7211558919930794,0.9978544602817252,0.8022195458125898,0.9281876763306096,0.8141237078825925,0.9369145067566209,0.6460798791989544,0.6650622195550455,0.9844391106320844,0.3454655038985931,0.9982618712060003,0.861166145461971,0.8574316211727648,0.611730058829898,0.8714434875280936,0.8903892529283981,0.663998310950215,0.6448781836268327,0.8564518927420834,0.754209905600445,0.7746239070316192,0.7454257708008434,0.95925639730275,0.9687936725492625,0.8798583249627172,0.894157095898263,0.8735870403019008,0.8721153064052196,0.8293524200538189,0.65814391291668,0.5445405252886184,0.5396907321187736,0.7380384833272127,0.9653862791729197,0.6144026062580494,0.7412335209808416,0.7231717556863057,0.8518846513761477,0.8574316211727648,0.4709647294702517,0.9528964903998074,0.6048028392447271,0.9879738354360472,0.7459421763974747,0.4917521995566132,0.8878396061803597,0.9088143882277215,0.5644285603418597,0.870403333436848,0.9956039636576794,0.9812231934960488,0.7741027293438889,0.5598715901305233,0.9058934917425534,0.9585833833434667,0.8758542530151134,0.8229344304111248,0.9449576336865668,0.7751970182648482,0.8077214673594546,0.5269768978777282,0.7545453217492524,0.8080982554965415,0.8080982554965417,0.6958922551419888,0.8152772197778587,0.7964745191091303,0.6021287184247979,0.8141237078825918,0.8400388316300484,0.8141237078825918,0.8141237078825918,0.3021535732905777,0.9738929572828705,0.7995212197230175,0.8141237078825918,0.4865313465000769,0.334725490908627,0.8393582390640332,0.8645188295471451,0.7143392366879593,0.5135612790862165,0.9378333229283313,0.9163001631015221,0.438592238625387,0.9250032086409831,0.8946711407422843,0.8729661616863009,0.5759703192824694,0.6305206249839204,0.49630517179859635,0.7460905496990098,0.9250032086409831,0.872082293311625,0.840257157820318,0.8400388316300482,0.7008027152533387,0.857258806876982,0.7857694644541289,0.8865075612307172,0.9790759123617847,0.8108470867287223,0.37116456911354956,0.7817709174275675,0.5985630384661436,0.8630611721629813,0.9808801284321398,0.7757716014824818,0.9198532777763317,0.849901617209027,0.9444700470426168,0.4892268812715883,0.5184670064146184,0.8966160771852034,0.6944240009152571,0.9124664565689311,0.6747451530806714,0.5962117822317539,0.8917498939038877,0.389328740517913,0.8551530937299048,0.8999600766760718,0.4388807518958353,0.38514031494905665,0.8824727564917585,0.4546524384948525,0.8230336972798562,0.6754413358361124,0.6962631941060835,0.8141237078825918,0.8332455615339118,0.7204093137277279,0.8141237078825923,0.657574859076604,0.8380977709824794,0.7906577530926787,0.7926713483232133,0.4718745843327221,0.8341393539507438,0.24747598708296115,0.8544317135025308,0.41760939570171596,0.9976858814617973,0.5061909946233003,0.8022195458125898,0.950834569660582,0.7394448433122154,0.708575751330851,0.804954963221413,0.6899508213812525,0.696468649140755,0.36940892414331294,0.5284446913876297,0.7609070351017311,0.5533273412285056,0.6024336663518923,0.617056634476383,0.8903892529283983,0.8168695460000699,0.9725549711037352,0.6833665575449674,0.7640768333575862,0.7729154060412249,0.8080982554965415,0.34036185358674853,0.48346978005049857,0.9756474243794322,0.5414212810553902,0.9286755979993719,0.8322222060381801,0.7697555580912283,0.7542099056004459,0.9587765153158163,0.7871778281393067,0.803389308978932,0.7263245609637987,0.8046436059846203,0.9196337733730031,0.8332455615339118,0.9378037505277521,0.8141237078825918,0.9881007648599058,0.6193860171065371,0.4478036859484794,0.7269517106651595,0.8141237078825918,0.5680095811783639,0.4591129527808051,0.6158938894205854,0.7163991992504981,0.6480140255942144,0.6829264417042109,0.5397337149033496,0.956133263306957,0.7771322397888567,0.7255337743106203,0.4504791394919291,0.7569120317908995,0.8400388316300482,0.7454257708008434,0.9540136477860037,0.9592563973027501,0.7459421763974747,0.8621164028243917,0.7581131697593824,0.883644086031536,0.899960076676072,0.7853415018296623,0.84682010847028,0.8428200943988524,0.5661562078286988,0.6676651256388704,0.8095347141367152,0.956305199987326,0.7654830856101222,0.5544949707272016,0.4201791402000731,0.8080982554965415,0.9599865928364955,0.8229344304111246,0.8080982554965415,0.8080982554965415,0.7222928504804447,0.8141237078825918,0.9124664565689306,0.8875715268459291,0.8141237078825918,0.8278323222482422,0.6628409669305559,0.9812231934960488,0.826678007573604,0.8400388316300482,0.8203110485944873,0.8080982554965415,0.5259306335143243,0.2773393379843939,0.6767230343868111,0.41896764941255493,0.8141237078825918,0.7652151283969011,0.8572588068769817,0.7820776041945836,0.3961057426199346,0.7350205650360122,0.8814260230164841,0.9682638916671855,0.6847202011598706,0.951457514263903,0.7694019028724453,0.8715164809151126,0.951457514263903,0.7909643911516206,0.8077214673594546,0.6532240913214338,0.8293524200538189,0.9468854976241821,0.7661961693528556,0.857258806876982,0.7302561574114643,0.43851552624688295,0.8141237078825918,0.900212867431373,0.6139983112569631,0.8219504316646625,0.48409363739427747,0.8493943417131191,0.878770048192214,0.25862957483337157,0.8022195458125898,0.419044869902347,0.26021678867522147,0.8141237078825918,0.8141237078825918,0.852013234020012,0.5616586175047147,0.7454257708008432,0.6131353153400583,0.2864965001927009,0.5249181056817758,0.5445405252886182,0.23276118997291906,0.7991831069527124,0.18158027622993012,0.8141237078825918,0.7357974367827524,0.8332455615339118,0.7972905325104861,0.49752716523900586,0.8470883271446172,0.5276747603222218,0.8141237078825918,0.8141237078825918,0.32545975012359496,0.8141237078825925,0.2828570016961415,0.7746239070316185,0.5447599959828451,0.6483670475727927,0.8405078657595508,0.813717959994168,0.31578619045684075,0.5202999484145079,0.8141237078825918,0.6898925387975394,0.1823205306208775,0.8794921858235665,0.8814260230164841,0.9674665254577439,0.834492500823671,0.8703891484292874,0.6985882601428428,0.795011559416497,0.6624629362997427,0.8141237078825918,0.3732831650803884,0.8894938971361819,0.5248783903203349,0.6781519801675491,0.5774382163281566,0.9621639605215043,0.5572876330719159,0.6538692239205417,0.7977605377511743,0.8162210310740238,0.38353819333280204,0.8229344304111244,0.9263467923542654,0.78321772480022,0.8819937914444249,0.3694422239191769,0.7865313445583364,0.8359821349656567,0.536353691013179,0.6815283185405359,0.8954078766639679,0.991578851186394,0.7972905325104862,0.8019918139974096,0.9486652279172072,0.8999600766760718,0.6439435509715536,0.9808801284321398,0.5058867139920247,0.8702160404385453,0.8903892529283981,0.7988288021557373,0.8380977709824795,0.5917424172780632,0.8425145421826268,0.7178757935284983,0.9540136477860037,0.7490093399065678,0.9133738338746558,0.6327699253484931,0.7558599512408448,0.6451884830488002,0.6985661064834812,0.8141237078825918,0.667151400700768,0.9276088134710657,0.5600299595265275,0.7859928922387949,0.9790759123617845,0.6459884201346826,0.7170097231078025,0.8141237078825918,0.40913903389184847,0.4637742609592954,0.9205167284566356,0.2542100222724908,0.3223362080328309,0.2442009254596793,0.8649308193595577,0.48630789918642603,0.9856526135323339,0.9636750305811134,0.3755833059092324,0.8341393539507436,0.544190276815046,0.8999600766760718,0.8108470867287225,0.8428200943988524,0.8248239125270276,0.9508058325389414,0.41907961445075126,0.948390210459424,0.44438670517973633,0.9850015865035862,0.8080982554965415,0.5170940735567049,0.602433666351893,0.6522326803091774,0.40163886152208905,0.422293070829147,0.8141237078825918,0.3185115216435145,0.597013966519365,0.7964604914023825,0.8141237078825918,0.19089380932238842,0.8683459032022252,0.8470883271446172,0.7875548195067021,0.8359821349656567,0.6229894087893499,0.8304746596231629,0.917260848999851,0.8253814006071354,0.9818872119244557,0.9040161556168071,0.5033860899453448,0.8141237078825918,0.948240047671467,0.8141237078825918,0.7751970182648482,0.6734218683607156,0.4989800000161754,0.7972905325104861,0.8324381792366369,0.6735389893461055,0.5916619688573223,0.7764451683644116,0.8141237078825918,0.7785951888300491,0.36579287557276274,0.5737659698219655,0.7871778281393063,0.6898925387975414,0.9132723758609209,0.7255469104788617,0.8330360709816307,0.8264039056668997,0.45542860308302346,0.3481093154086563,0.8264039056668997,0.8565064605162964,0.833245561533912,0.6720346403031745,0.8264039056668997,0.7972905325104861,0.9041116029007643,0.8541926966455766,0.7177362403844187,0.8359821349656571,0.7113961725845357,0.804954963221413,0.6387467951477376,0.6898925387975408,0.9795225082730872,0.5932458878443565,0.6460387576531836,0.9688307087505359,0.9591222466030742,0.725499100422397,0.7163991992504983,0.7238077231552935,0.6313354535877636,0.9784751689414376,0.6644872373536004,0.8532724764630719,0.8246021280310368,0.9184204054837379,0.7391207519063658,0.9634132845479189,0.8426140043869758,0.7560070311319584,0.6811955737178539,0.833245561533912,0.8400388316300484,0.9858230100111882,0.6033384460787663,0.763992707888828,0.7668759562758074,0.7666341889191584,0.9338432773777878,0.8643371891276947,0.7113961725845347,0.8715164809151126,0.613375706205916,0.6712142744126486,0.7728521037458715,0.531279490703724,0.8894550240673154,0.8729661616863007,0.8574424966549477,0.9974914248113669,0.6535321679724471,0.8493943417131189,0.8134985967921105,0.8633232337205796,0.9743518132433857,0.879748287420365,0.7799347919154231,0.8642345392756869,0.8638660144347723,0.899595354326794,0.7163107268173354,0.8266780075736038,0.8499016172090268,0.4198119909868252,0.6102367091610951,0.9184204054837379,0.8796780327832869,0.32022056231786666,0.6795674738242605,0.9107855994378513,0.8022195458125898,0.38023734779640694,0.8507096812750714,0.6777709575813171,0.857258806876982,0.4200766565816638,0.7820776041945838,0.8400388316300484,0.4395542629351141,0.9565893116856505,0.849901617209027,0.8219504316646623,0.7033768252531528,0.8438724100085818,0.8786536140373784,0.8400388316300482
p104_K,0.9857768064258265,0.9178689456870838,0.906885999414518,0.8564502011688075,0.9562880686171875,0.9675743567407267,0.9471638116040455,0.9805665280639315,0.9172245874626139,0.9657671730030435,0.9482479709168004,0.9719050365344922,0.9548710823073729,0.9333065093925879,0.970223678284496,0.9013784409842849,0.9521375655065456,0.9410406098239259,0.9457879562525047,0.9657671730030435,0.903206919382465,0.9469990271543745,0.9942714459947755,0.9577431256853024,0.9457709851868579,0.9410406098239259,0.9783779352946236,0.9280917395652362,0.9657671730030435,0.8054606979556642,0.9354577472990953,0.9607848936032954,0.9508152934266847,0.9808531012828585,0.9562880686171875,0.9457879562525047,0.9577431256853024,0.9508152934266845,0.9675743567407267,0.9398977391608507,0.9997376336428517,0.9421983319196943,0.9675743567407267,0.9250566218612026,0.9521375655065456,0.9383572431812324,0.9604535056538153,0.9143648077845039,0.9457697991278943,0.906885999414518,0.9607848936032954,0.9405663333654315,0.9410406098239259,0.9495194495442563,0.9508152934266845,0.938768815466609,0.9486338396414329,0.9562880686171873,0.8402259676730024,0.9534886050081051,0.919152095601053,0.8084896529125538,0.9427953535791664,0.9134191021410443,0.8646812957157787,0.8489166250019227,0.9607848936032954,0.8760356045203768,0.8988994482663717,0.964040252388596,0.963927220003026,0.9398977391608507,0.9562880686171875,0.8508524342038148,0.9562880686171873,0.9022918659842716,0.9469990271543745,0.9868659623160063,0.8479439783560869,0.9675743567407267,0.9482479709168004,0.9433718940682516,0.9540645211449861,0.9410406098239259,0.9562880686171873,0.9706172773228455,0.9469990271543745,0.8318841922523379,0.9506935918794348,0.9548710823073732,0.9562880686171873,0.927411128575834,0.9894170690238606,0.9828351417121214,0.8446785966772912,0.9143648077845038,0.9721803965010323,0.9436595831253995,0.9112890525821773,0.9764030249383169,0.9486338396414331,0.9592404230051592,0.9562880686171875,0.9136953378018808,0.7743422072949295,0.964040252388596,0.9421722554388531,0.8580859220024453,0.9457709851868581,0.9198988420720091,0.9697201927784764,0.942198331919694,0.8339485716413382,0.7041279315375735,0.9592404230051592,0.8782218724327684,0.7852573409184235,0.964040252388596,0.9675743567407264,0.8778523726982703,0.9787950906816582,0.9813875979308577,0.9457709851868579,0.9026976644887871,0.7104672803853513,0.8219587423920871,0.9577431256853024,0.8660249872235792,0.9548710823073729,0.7294883478037415,0.8905026990324321,0.9604535056538153,0.9607848936032954,0.9675743567407264,0.9088934360957929,0.82134985835506,0.9347189984066653,0.9560086947472867,0.9607848936032954,0.9752369887774631,0.9298530872602185,0.9657671730030435,0.8489166250019227,0.9224249212097695,0.9754350893887316,0.9230659630317124,0.9911841280007907,0.8951627873918945,0.9398977391608507,0.9811059808649043,0.7509561835971414,0.8988026230652635,0.8760356045203768,0.8977386203509137,0.8728022830978683,0.9398977391608507,0.8791759033991322,0.9260614370793867,0.9484030384081925,0.8985986666492831,0.8061744934456332,0.9604535056538152,0.9364748811663077,0.974588418633897,0.9115378627127522,0.972734784585152,0.8660249872235792,0.9134191021410443,0.9540645211449862,0.9252746331959655,0.9333065093925879,0.9548710823073729,0.938768815466609,0.826379601319976,0.9096184581084206,0.9505428281988996,0.9457879562525046,0.926138075871473,0.863628951268833,0.9425174783713439,0.9240582376582436,0.9448096841109688,0.8360364947494751,0.9548710823073732,0.9147187142537467,0.984169860118398,0.9136953378018808,0.9965380001026768,0.9495194495442563,0.9343769343025807,0.9534886050081051,0.9172245874626141,0.9466798193261674,0.9864902868360456,0.8077799823984217,0.9562880686171873,0.9577431256853024,0.9534886050081051,0.9143648077845039,0.9942571659500583,0.8859854105734226,0.971905036534492,0.9562880686171873,0.9240348176855577,0.889279089938895,0.9657671730030435,0.9562880686171873,0.9580186848345917,0.9748016543159652,0.9022918659842716,0.8729505778377458,0.9633200991265263,0.9548710823073732,0.9562880686171873,0.9102549428558979,0.9562880686171873,0.9365797231195259,0.8654261869221105,0.8360215777525561,0.9562880686171873,0.8298243919346036,0.9562880686171873,0.9858293747597056,0.9660244666247457,0.977678477490042,0.9314659325100627,0.799841362971764,0.9706010318338414,0.9534886050081051,0.9331052725841531,0.9469990271543747,0.9898252637321052,0.918573315865616,0.9301521134798674,0.9607848936032954,0.8260511052106425,0.9059631313150904,0.9949008961315589,0.9600368414886555,0.9761356843815903,0.9270730230791453,0.9521375655065456,0.8985986666492831,0.9534886050081051,0.9562880686171873,0.9162673470024436,0.9562880686171873,0.8034122967344917,0.974801654315965,0.9560086947472866,0.7294945050968882,0.9706010318338414,0.9577431256853024,0.9260614370793867,0.9457709851868579,0.8837564306389943,0.7273216952472337,0.8805708457535908,0.9592404230051592,0.9224249212097695,0.8896003271096573,0.9267115984649307,0.9548710823073729,0.9623824451410659,0.9794170442286302,0.9675743567407267,0.8565893759313057,0.9405520062621223,0.9987511985291293,0.8886981112672729,0.9172752689467667,0.9560086947472866,0.9208976723801944,0.9468681548811921,0.9059428360664095,0.964040252388596,0.8527760996057687,0.9260614370793867,0.8763982687835876,0.9524640783329069,0.964040252388596,0.9075881164980935,0.8400388316300482,0.0,0.912476848317918,0.9333065093925876,0.9592404230051592,0.9301521134798674,0.8666646566334317,0.9534886050081051,0.9592404230051592,0.9592404230051592,0.9892879410373249,0.964040252388596,0.9567586610681005,0.9118155405460241,0.9013784409842849,0.9350635530558216,0.9457879562525047,0.9562880686171875,0.8314373374166395,0.9534886050081051,0.8728022830978682,0.8950048614873414,0.9124768483179178,0.9604535056538153,0.9970639700164783,0.9280917395652362,0.9069743965231252,0.9220794934202008,0.9004665216997629,0.9337451012300576,0.9510068085834029,0.8924244121716265,0.9207285164870209,0.9657671730030435,0.9172245874626139,0.9657671730030435,0.8670439353081684,0.9270730230791455,0.968803565300479,0.9592404230051592,0.9562880686171873,0.9607848936032954,0.8172373823995642,0.8847133352807127,0.964040252388596,0.9623824451410659,0.9719050365344921,0.9562880686171873,0.6802747668308493,0.964040252388596,0.9675743567407267,0.746830030198801,0.852469455190727,0.9965514935490281,0.9607848936032954,0.9067422366276936,0.9794170442286302,0.9457709851868579,0.9508152934266847,0.9652730722844716,0.9592404230051592,0.9301521134798676,0.9977172670293413,0.9495194495442563,0.9230659630317122,0.9675743567407264,0.9752729805180502,0.9177449231111594,0.9647407723987268,0.9521375655065456,0.9548710823073732,0.9841593444361112,0.7785849312294232,0.8666646566334317,0.935790288622363,0.9905012176658479,0.9562880686171873,0.9804262459572082,0.9792503453259269,0.863628951268833,0.9792503453259269,0.9657671730030435,0.8906330415823303,0.9562880686171873,0.9562880686171873,0.9970639700164783,0.9619936422826707,0.9774031752417572,0.9562880686171873,0.9657671730030435,0.8929968346358235,0.96157184588811,0.9115378627127522,0.9216828222379453,0.9562880686171875,0.9591464247864105,0.9258754510202483,0.9906206863879108,0.9659658848784175,0.9562880686171873,0.8977386203509137,0.9231480466603461,0.9659153135818215,0.8424394300035336,0.9343769343025807,0.7020284327599284,0.9592404230051592,0.8569971282280211,0.9562880686171873,0.8168375394702834,0.9427953535791664,0.8787593440855819,0.9545964607444173,0.9645511776582261,0.9894170690238606,0.9813507987576179,0.9562880686171873,0.9193362591562935,0.9395217193959406,0.9562880686171873,0.9343769343025807,0.8843507225934453,0.9672708404642683,0.9941236503157006,0.8624031815176507,0.9562880686171873,0.9312320884826333,0.910254942855898,0.8646812957157786,0.7756167155477296,0.8292870617137438,0.920122827656545,0.9210985398310307,0.9956328547950859,0.9592404230051592,0.955587210232753,0.9022918659842716,0.9942714459947755,0.9086027207608334,0.8431791990880795,0.8886981112672732,0.9445623805946022,0.9607848936032954,0.9427953535791664,0.9562880686171873,0.9640402523885963,0.9593880781275532,0.9377001994406238,0.9868659623160062,0.9376530086096915,0.9534886050081051,0.9456534990242262,0.9577431256853026,0.9752369887774635,0.9868659623160063,0.9562880686171875,0.9495194495442563,0.895925440906856,0.5903158095167618,0.964040252388596,0.9025277748860163,0.9657671730030435,0.9495194495442563,0.6884405789416634,0.8287530636873146,0.8623126901075594,0.9398072791970182,0.8793308354042323,0.9280917395652362,0.989737435419342,0.942198331919694,0.9469990271543747,0.9606832254354423,0.9592404230051592,0.9301521134798674,0.8260511052106427,0.970974670557077,0.9433718940682516,0.9134191021410443,0.9482479709168006,0.9354577472990953,0.966592519162104,0.9982420505572285,0.901277887611915,0.9521375655065456,0.9058934917425532,0.8470035072983613,0.9333065093925879,0.8763982687835874,0.9331052725841537,0.9917121576354273,0.9868659623160063,0.8723886533920735,0.9965514935490281,0.9257389930135203,0.7882404231802294,0.9592404230051592,0.9015174087358586,0.9134425692262831,0.9204848999716182,0.913419102141044,0.5851007908169086,0.9694312280450923,0.989737435419342,0.9511494252873564,0.977678477490042,0.9088934360957928,0.9521375655065456,0.8728022830978688,0.964040252388596,0.9026976644887871,0.949760262346304,0.9250566218612026,0.971905036534492,0.9719050365344921,0.8812313746286631,0.9201228276565452,0.9521375655065456,0.9224249212097695,0.9562880686171873,0.9511494252873566,0.9562880686171873,0.9562880686171873,0.8771157527508109,0.944562380594602,0.9684459109141504,0.9562880686171873,0.8359953467971375,0.8603611522754102,0.8276136704086317,0.9148949488531445,0.8977386203509137,0.9055970488846664,0.9484682480772156,0.9162673470024438,0.8964678380224962,0.7100151674948276,0.8965800720803672,0.9623824451410659,0.9291179679746995,0.9382719339501254,0.8760356045203768,0.935457747299095,0.9508152934266845,0.9039625825630317,0.9764397723235272,0.9511494252873565,0.9193362591562934,0.9592404230051592,0.9544071893297126,0.989438211932937,0.942198331919694,0.944562380594602,0.8696393640825606,0.9591464247864104,0.9191520956010528,0.9445623805946022,0.9149230616438514,0.9592404230051592,0.9469990271543747,0.9577431256853026,0.8797031317561448,0.9126737616573803,0.8981226977544037,0.9607848936032954,0.9841323151590049,0.9521375655065458,0.9958973689151571,0.9721803965010323,0.8986811553763572,0.9659153135818215,0.9365495543873188,0.9675743567407264,0.9709681300963304,0.8890978019962532,0.9162673470024436,0.9939869207585603,0.989438211932937,0.920122827656545,0.9832267469214837,0.9562880686171873,0.9607848936032954,0.8239745708107342,0.968354383009318,0.8298243919346033,0.9469990271543745,0.9752369887774635,0.9540645211449861,0.9769007179655417,0.944562380594602,0.8645404905882981,0.9657671730030435,0.9829415896450739,0.7273216952472331,0.921945169385211,0.9534886050081051,0.981350798757618,0.9536084303741794,0.9748016543159648,0.8763982687835877,0.9947244177720262,0.8968315612097786,0.998909450025178,0.918833122860905,0.9808531012828583,0.9220526430026654,0.9891726316205178,0.935457747299095,0.84538173139708,0.8049261828249477,0.9645511776582264,0.9637765273080219,0.994900896131559,0.9078111670939806,0.9548710823073729,0.8181301843558837,0.9652730722844716,0.9675743567407267,0.8959254409068558,0.8801474343127896,0.9706172773228456,0.9280917395652359,0.9397007289779526,0.908390156563137,0.989405943369801,0.9457709851868579,0.955587210232753,0.9482479709168001,0.971905036534492,0.9607848936032954,0.9675743567407267,0.9562880686171873,0.7149409718991955,0.9322201339524983,0.8339485716413382,0.9311946072310933,0.9562880686171873,0.8629656704240454,0.951048986500623,0.919152095601053,0.96157184588811,0.9172245874626139,0.968836846578246,0.8977386203509135,0.7958167654209823,0.9376530086096915,0.9898252637321052,0.871473686660426,0.9883075851106065,0.9623824451410659,0.9504850176985602,0.9486338396414329,0.9592404230051592,0.9257389930135203,0.9675743567407264,0.729494505096888,0.9039625825630317,0.9675743567407267,0.9495194495442563,0.5545431325195787,0.9683543830093179,0.932879247428309,0.9004665216997629,0.9640402523885963,0.9562880686171875,0.989438211932937,0.9729382170898375,0.9419867386642066,0.9548710823073732,0.9607848936032954,0.9521375655065456,0.9548710823073732,0.9548710823073732,0.9808531012828584,0.9562880686171873,0.9521375655065456,0.8044673385342516,0.9562880686171873,0.8763982687835876,0.9883075851106065,0.964040252388596,0.9592404230051592,0.9511494252873565,0.964551177658226,0.9548710823073732,0.9869462031944589,0.8778523726982703,0.9445623805946022,0.8974778163860966,0.9562880686171873,0.8503689775024519,0.9592404230051592,0.9433718940682516,0.9504913952342665,0.9862901718146118,0.8556161648936055,0.9645511776582261,0.9457709851868581,0.6804256865012963,0.9919033068160935,0.9562880686171875,0.9270730230791455,0.9120137844421631,0.9354577472990953,0.8612981558461015,0.9482479709168006,0.964040252388596,0.9457697991278943,0.9592404230051592,0.9880738944070536,0.932879247428309,0.9562880686171873,0.892996834635824,0.8986467260787543,0.939807279197018,0.9692094281197254,0.9521375655065456,0.9482479709168004,0.9843880512501988,0.9534886050081051,0.9822729326888996,0.9588429217767838,0.9562880686171873,0.9562880686171873,0.7340265583827938,0.7748074399019556,0.7284056255335661,0.8729115082788346,0.9015174087358586,0.972909031963908,0.8638877870505536,0.8928040836109319,0.9397007289779525,0.8719227385629407,0.9562880686171873,0.8231791864439286,0.9607848936032954,0.9675743567407267,0.9769007179655417,0.964040252388596,0.9220526430026654,0.9562880686171873,0.9562880686171873,0.8701118113860609,0.9683543830093179,0.8447327410547636,0.9469990271543747,0.9444091313393704,0.9134191021410443,0.9931284229919284,0.7826294731025905,0.8914121598918372,0.7424171492559191,0.9562880686171873,0.9257389930135203,0.8760817786212669,0.9577431256853024,0.964040252388596,0.9770312968545116,0.9332179427120111,0.9230659630317122,0.8202201452691633,0.9577431256853024,0.9414438050735922,0.9562880686171873,0.8842994831730135,0.9204848999716182,0.9134191021410443,0.6942059751103646,0.8841862845276727,0.9495194495442563,0.918186094706007,0.9487659661940041,0.9623824451410659,0.8868937905864729,0.881475531925336,0.9783779352946236,0.9657671730030435,0.9333065093925879,0.9410406098239259,0.8719227385629407,0.9607848936032954,0.9548710823073732,0.8932116722416492,0.938768815466609,0.974801654315965,0.9841593444361112,0.9675743567407267,0.9761356843815903,0.8336684595774307,0.9675743567407264,0.9504850176985603,0.9311946072310933,0.910601968746465,0.9562880686171875,0.8453817313970797,0.9894382119329369,0.9469990271543745,0.9756341744207683,0.9508152934266847,0.9548710823073732,0.995067487912588,0.9087387818848152,0.5760226943758671,0.9947244177720262,0.770087767917936,0.8479439783560867,0.8613293486985207,0.9562880686171873,0.885985410573422,0.9562880686171875,0.8514910516687033,0.9657671730030435,0.942198331919694,0.9433718940682516,0.9814914270638063,0.9562880686171873,0.8645404905882981,0.9963463292978374,0.9433718940682516,0.8656041668745096,0.8508524342038148,0.8390340081240993,0.9607848936032954,0.8469680690265142,0.9945578164232356,0.8656041668745096,0.9928099013964127,0.8719390991735309,0.9626109720188293,0.8336684595774306,0.9942714459947755,0.9683543830093179,0.912476848317918,0.939897739160851,0.8612981558461013,0.8172373823995648,0.9660938098737137,0.5915666411418452,0.9548710823073732,0.8640960613563902,0.9891726316205178,0.9956328547950859,0.8401242645657359,0.9857768064258265,0.9562880686171873,0.8827673261514815,0.9552866321323306,0.9090110235284592,0.9562880686171873,0.8622329273186462,0.9508152934266845,0.964040252388596,0.6884405789416636,0.9548710823073732,0.937256845405638,0.941040609823926,0.9115378627127522,0.6671404774115369,0.9862901718146118,0.9942714459947757,0.9705889298794652,0.9562880686171873,0.7849699194791246,0.9562880686171873,0.964040252388596,0.9067422366276938,0.9004665216997629,0.9675743567407267,0.9912425166211665,0.9602082214267222,0.9633200991265265,0.96157184588811,0.9562880686171873,0.9418890352294473,0.8885023230643213,0.941675352857454,0.9566458605594931,0.9270730230791457,0.9607848936032954,0.9354577472990953,0.9343769343025807,0.9727347845851518,0.9078111670939806,0.8518826048482633,0.9727347845851518,0.9333065093925879,0.9607848936032954,0.9013784409842851,0.9727347845851518,0.9675743567407267,0.9427953535791664,0.9577431256853024,0.9786078235958559,0.9548710823073729,0.9343769343025807,0.9364748811663077,0.9068859994145182,0.9270730230791457,0.688440578941663,0.9260614370793869,0.939897739160851,0.9548710823073732,0.9469990271543745,0.9365797231195259,0.9858673317522388,0.9965380001026769,0.9405520062621222,0.9716656682171856,0.9674041840082097,0.9398977391608507,0.9577431256853024,0.9592404230051592,0.9965380001026769,0.9506935918794348,0.9376530086096915,0.9376530086096915,0.9581074754130983,0.8728022830978681,0.9623824451410659,0.9948451891592138,0.9365495543873188,0.9588013019579573,0.9792503453259269,0.935457747299095,0.9792036529152421,0.9295775988190449,0.9343769343025807,0.9562880686171875,0.9614643214516851,0.9891520826002302,0.786498515767379,0.9143648077845037,0.9755708594437984,0.9511494252873565,0.9301521134798674,0.9920255469531102,0.9410406098239259,0.9783779352946236,0.9912425166211662,0.9997376336428517,0.9600198715458841,0.8904980283501738,0.9482479709168004,0.9696197651756335,0.9548710823073729,0.9787154357203143,0.9799170694260517,0.8801474343127896,0.9577431256853024,0.9022918659842716,0.9376530086096913,0.9592404230051592,0.9986975721475879,0.9188331228609052,0.9500629113683143,0.9534886050081051,0.9752369887774632,0.8556401296226266,0.9965514935490281,0.994900896131559,0.5589231489486892,0.905484434905427,0.9965514935490281,0.9623824451410659,0.9078111670939806,0.9421983319196943,0.9645511776582261,0.9657671730030435,0.9013784409842851,0.964040252388596,0.9905012176658479,0.9623824451410659
p104_Q,0.7510727135211088,0.9191026744465277,0.5144221349610925,0.9979415841854361,0.9358682901281234,0.8277077380726955,0.7888562371105836,0.7860605058201848,0.8074099974274125,0.9203519494821841,0.9766413918962566,0.9315076677030099,0.9315076677030101,0.9758531990983843,0.9385578401876065,0.710887044999489,0.9232833700357419,0.6738516292774803,0.9163339973465925,0.8442596155053426,0.4588028465257199,0.9400658022383344,0.8240285189514143,0.9404244238472441,0.8738276768158082,0.8628217153184259,0.8886405262183212,0.9068614220260416,0.8913373025078373,0.7596153396147529,0.930523064809206,0.9502440628915494,0.5733173956568666,0.8374879178218961,0.9734392564424441,0.9612908916295111,0.9404244238472443,0.9870237809502926,0.9245566463845687,0.9171653119248928,0.37879360338307455,0.8949560937756018,0.9741037694931158,0.8735690482386773,0.9232833700357419,0.5069053526582935,0.945204588509776,0.8007562706904359,0.860162647158031,0.8040092425999463,0.9087598936651082,0.39365520633488693,0.8628217153184259,0.8825490680853301,0.9193839619667783,0.412675318780533,0.8575360288119112,0.8982973238138026,0.916156783533919,0.9273191685398656,0.8345851988012263,0.7290809865541845,0.8628217153184268,0.4870370847897929,0.912476848317918,0.8978083441010594,0.9502440628915496,0.7648518520333936,0.6065438046079452,0.9163339973465923,0.971771709177341,0.37030137848933486,0.9358682901281239,0.6696604293046027,0.8982973238138026,0.40506771837001876,0.7113392871383025,0.8939577832947229,0.7126020816193175,0.9741037694931156,0.8795907732894914,0.7723258715761906,0.8523725692305204,0.644893713314725,0.8982973238138026,0.9600541577705046,0.9083753558180288,0.935267786987258,0.8713359722462144,0.8950004825334388,0.8982973238138026,0.9279308103161219,0.6159951286944998,0.7625725168644146,0.9069090419812991,0.8225650254528254,0.8810878450509367,0.3176236296151237,0.6724290910814819,0.7525917314685762,0.969811206105381,0.8946428180839175,0.8982973238138034,0.8945064033639241,0.8717036086843721,0.9163339973465923,0.9285789674408109,0.6428023991496572,0.9049013665285817,0.7076584809035018,0.9804090121297742,0.8655153376703726,0.7115226922991189,0.9351816571057281,0.9051664401581994,0.6145143298162776,0.8860446315351704,0.9163339973465923,0.7286134918556018,0.7694149686629073,0.8256324559901116,0.9500469696341345,0.9049013665285817,0.9843169023487448,0.9634307889050399,0.8267183723804721,0.9791661049996259,0.8845658842284327,0.8129420361099914,0.8547850709517304,0.7828830600508727,0.7344902246776099,0.9917282321179905,0.9245566463845685,0.8886405262183215,0.6706985613428014,0.8352193064763827,0.8838192602026871,0.9087598936651082,0.8917839318880132,0.6259206079316855,0.9203519494821839,0.9692169606555031,0.807013596842286,0.9361433667145862,0.8445122684053996,0.8062917987384588,0.7009447294063613,0.8886639795414621,0.5646798101456361,0.9203519494821839,0.8118946479529896,0.8358845118343949,0.5152351999823042,0.9917282321179908,0.8886639795414621,0.937216382656578,0.7362504086654448,0.7493190570513668,0.8702667377832223,0.7441451688447258,0.894642818083918,0.958102892901342,0.6365148513838561,0.39478807011337436,0.9942488608628749,0.9026143926461883,0.6169292624778571,0.7386038851386407,0.7075369095747743,0.8931207173207166,0.8859564064491339,0.9740512052478836,0.7352379199715767,0.9015046933457749,0.9289924236939668,0.7240108483900585,0.927702868717962,0.8654871162310529,0.7259518576420811,0.9630699766697755,0.9999387167000454,0.9978800004287487,0.9315076677030099,0.8254840109731727,0.9368072883674841,0.7336745587483309,0.8249389872384021,0.88254906808533,0.926946616820191,0.8917839318880127,0.9636533573576247,0.47778584346700415,0.6113892418858113,0.8345851988012261,0.8982973238138026,0.901682742694863,0.8917839318880125,0.8225650254528254,0.516937050863892,0.8246628372193083,0.9315076677030099,0.8982973238138026,0.4483946942867866,0.6598557682369026,0.9674296364846788,0.8982973238138026,0.7337587148610147,0.8303239302316407,0.792721933449825,0.749319057051367,0.6727969531076428,0.8950004825334388,0.8982973238138026,0.7648518520333935,0.8982973238138027,0.6558977074619872,0.5222612389881943,0.5169370508638922,0.8982973238138026,0.9387114094817,0.8982973238138026,0.8603645334811147,0.9972344227469816,0.9810287098593542,0.3711292893657473,0.9051664401581994,0.5902251341087847,0.891783931888013,0.8710156683413512,0.908375355818029,0.8572757496494623,0.9237404508841043,0.6316749190108102,0.8838192602026871,0.8202046342072095,0.8427900854983303,0.6633516435317719,0.800304565644695,0.8303239302316405,0.8303239302316405,0.8886405262183212,0.8702667377832223,0.9628544051917185,0.8982973238138026,0.8716160182705623,0.8982973238138026,0.7491667217577289,0.9281684931120009,0.9087598936651087,0.9102566149674474,0.5902251341087847,0.9016827426948628,0.8279703164673111,0.7843617363436839,0.9102098127053473,0.9586581956992332,0.7582263253041426,0.9051664401581994,0.9118310358812909,0.4321397738070585,0.7225715786639246,0.8950004825334388,0.955587210232753,0.6899653230816489,0.9245566463845687,0.9360369062481699,0.8348978105545921,0.9538376059860603,0.7549679910916898,0.8823484270123108,0.9087598936651085,0.7489114089864357,0.6590097200381376,0.6199782467718307,0.9163339973465923,0.7243911530150253,0.9732300747563931,0.8682458143938527,0.8249389872384021,0.9163339973465923,0.5949328650462448,0.6278252094005716,0.912476848317918,0.0,0.8448271155174853,0.9051664401581994,0.6822308393124581,0.6789002157535116,0.9305398848527221,0.574337631271304,0.8946428180839179,0.5437862323032339,0.8588815312388145,0.8399258533921874,0.7271643182080152,0.31198588574492936,0.8259435945688864,0.9163339973465925,0.8982973238138034,0.8886639795414617,0.9305398848527222,0.9502440628915498,0.6365148513838557,0.8393506493506497,0.945204588509776,0.6553147023236466,0.8821389927482706,0.5480212100238422,0.8420008905563077,0.8080952271679027,0.7965043834354664,0.8498746992740884,0.9415088893086678,0.914643130732415,0.9674296364846788,0.8074099974274132,0.7971819285028477,0.8627658779727194,0.8547850709517304,0.7386856599713,0.9852427368613523,0.8982973238138026,0.9087598936651073,0.9159048123846258,0.8628217153184266,0.9163339973465923,0.955587210232753,0.9315076677030099,0.8982973238138026,0.873827676815808,0.9163339973465923,0.9741037694931158,0.9855806260787099,0.772919544252249,0.9819923880936652,0.9087598936651089,0.716902198912085,0.5895692904125072,0.9708038746203249,0.8855640524750217,0.5485495716004459,0.945204588509776,0.8880438381235429,0.6070583397980485,0.8825490680853301,0.891535054296503,0.976349107398337,0.6274271983030273,0.9891556787268367,0.6038599484224556,0.8886405262183212,0.9315076677030101,0.971771709177341,0.9899370855595906,0.6462777392079044,0.6650227170903129,0.5048843596505967,0.8982973238138026,0.7426430157480823,0.8850707526024728,0.891060789136005,0.9850486261598486,0.9674296364846788,0.6902656726558183,0.8982973238138026,0.8982973238138026,0.8886639795414619,0.8297304774174434,0.9235206156095964,0.8982973238138027,0.750104241500353,0.8982973238138037,0.9717363674692558,0.30941617631730567,0.724477803371691,0.9514188109289152,0.8473176272509808,0.9083753558180288,0.5451341397369047,0.6002568251067408,0.8982973238138026,0.35897747746899233,0.9942488608628749,0.6011621137603249,0.6387839335037908,0.8473176272509808,0.850485675131992,0.5342994829197273,0.6240889308578814,0.8982973238138026,0.5306242355378525,0.9207375472439379,0.9330534567234139,0.7368660220202419,0.9016827426948628,0.5488234482071853,0.9453364000661931,0.8982973238138026,0.8131983326178946,0.6576964510975146,0.8982973238138026,0.926946616820191,0.702509885333773,0.5274584828762923,0.5151482195861122,0.6365148513838557,0.8982973238138026,0.8131338752668247,0.8003681819338937,0.9986975721475881,0.7381909015181107,0.9096241048388698,0.8141532085971916,0.8395099326667375,0.9536357877323811,0.945204588509776,0.8393506493506497,0.772666674745321,0.9320068308827978,0.7404172524417096,0.8985694489337492,0.40030601087895135,0.8710156683413515,0.908759893665108,0.8917796312811823,0.8982973238138026,0.8588815312388145,0.6476872223262029,0.7238712136794467,0.9119409794917464,0.854939928848685,0.9273191685398661,0.8194939834394916,0.9791661049996256,0.8917839318880132,0.9119409794917464,0.8982973238138034,0.9486651539080437,0.39112949414322873,0.9413328773675946,0.9612908916295111,0.7270426172754045,0.9674296364846791,0.9156071109966866,0.9155152627635849,0.6990163268086338,0.9648628585007484,0.9203519494821839,0.6380966920059754,0.9068614220260414,0.824662837219309,0.8655153376703726,0.5528870550367753,0.5747740553036433,0.8946428180839179,0.6569528791616341,0.8202046342072098,0.8631608948656097,0.8981981738963494,0.8635020267698967,0.9119409794917466,0.8767292272696674,0.850148042748943,0.8669728842379694,0.9896665565909748,0.9579262138531626,0.9289277085649011,0.9454261440783158,0.8448271155174856,0.9281505333988458,0.8710156683413519,0.5083341149519589,0.9119409794917466,0.47208724309757355,0.9281505333988458,0.9281684931120009,0.7970089712816708,0.8946428180839175,0.9815808258840135,0.6434965958516478,0.8850707526024728,0.8202046342072098,0.9612908916295109,0.9179577795473075,0.8453164318386717,0.912476848317918,0.9810287098593542,0.9232833700357421,0.5917168165203701,0.9087598936651087,0.9163339973465923,0.9349923413419474,0.48354857000764406,0.50325525252997,0.9315076677030101,0.6304061102621357,0.6794099284497406,0.9514641192095348,0.8886405262183212,0.7132951410834785,0.8982973238138026,0.9124768483179182,0.8982973238138026,0.8982973238138026,0.6700890749262618,0.8710156683413521,0.9602884009715162,0.8982973238138026,0.6347610710318752,0.6921024594126708,0.8547850709517307,0.8108161786537491,0.33944526215482884,0.6065325977704537,0.9413328773675946,0.8273272241564977,0.7136002165958808,0.8855640524750208,0.8462834098691046,0.912476848317918,0.8600762842131291,0.7166880368680824,0.7115773571826429,0.8498323084998982,0.9193839619667785,0.9273191685398656,0.9882048515670595,0.7426402563634014,0.8131983326178946,0.9051664401581994,0.9316087992647728,0.8766849093977229,0.9243968498808315,0.5800638687856261,0.7141008022323043,0.8738606237740509,0.8345851988012258,0.8710156683413512,0.8399134433261002,0.9051664401581994,0.8766849093977234,0.9016827426948628,0.8279703164673111,0.7315055336258629,0.41590739167834656,0.9087598936651087,0.6628346699069991,0.8886405262183215,0.8322247068788668,0.7516344881857058,0.9954779619578477,0.5689278712147672,0.5204579941355256,0.9245566463845685,0.5413485586623559,0.7270426172754045,0.8273272241564986,0.5313880129662902,0.9965533049210542,0.8370383603659155,0.8034485304154142,0.8982973238138026,0.908759893665108,0.832694134192729,0.9734392564424443,0.42959079589685023,0.8766849093977227,0.8917839318880127,0.8796408056059102,0.5824092884508425,0.9015112496120745,0.6576964510975143,0.7501042415003538,0.7014521542471566,0.9766413918962566,0.7693922683174483,0.8917839318880132,0.9115164905744362,0.6936603946097764,0.85478507095173,0.8682458143938527,0.649154705935284,0.7793979460939551,0.5120900858046227,0.744512294610038,0.989155678726837,0.7122880664323561,0.5920273716566512,0.849832308499898,0.8442596155053426,0.9359750562413549,0.9016827426948626,0.6925698333822796,0.8937604153275938,0.8062917987384597,0.8950004825334388,0.5984475093230652,0.5827636739015919,0.9763491073983368,0.7965367465073634,0.9452045885097757,0.9350596893811607,0.8706367144740204,0.5456695402250417,0.8469128951732099,0.9843169023487448,0.9049013665285814,0.7522727272727288,0.5057553088676604,0.9680148528725812,0.9502440628915494,0.8277077380726952,0.8982973238138026,0.8880438381235429,0.40903790366014947,0.6136552626622971,0.9933554807558131,0.8982973238138027,0.7860344648731097,0.5038055273034743,0.8345851988012263,0.8448271155174858,0.38905272293149706,0.9068404327289781,0.8597339099644488,0.7004520193204224,0.5365765238449394,0.8345851988012261,0.7184635391954572,0.7261384684657313,0.9555872102327532,0.9380492094416575,0.8575360288119112,0.945204588509776,0.9770907745521813,0.9245566463845687,0.8549399288486854,0.8917839318880125,0.9245566463845687,0.4562900736875283,0.8856048231352784,0.8762768783002747,0.6817778404197614,0.31904371364200623,0.9163339973465925,0.8982973238138034,0.9083753558180288,0.6007874454873785,0.6527690508153532,0.9315076677030101,0.8838192602026866,0.9579262138531626,0.9315076677030101,0.8950004825334388,0.8880438381235429,0.8982973238138026,0.8886405262183212,0.8599235121346391,0.8982973238138026,0.8682458143938527,0.9248989323623187,0.9612908916295109,0.945204588509776,0.9986975721475881,0.9404244238472441,0.8950004825334388,0.6794332968042156,0.715804353791043,0.8710156683413515,0.7158472289249287,0.8982973238138026,0.9056938156720871,0.8946428180839173,0.5626593550587151,0.6837582576914056,0.8164233562706871,0.9612908916295109,0.8658671703908487,0.873827676815808,0.8792462116718203,0.9359750562413549,0.8982973238138028,0.903707352391911,0.9764633918625475,0.9574199835789754,0.7283809456778325,0.9586581956992329,0.9163339973465923,0.9688293585413835,0.9051664401581994,0.8599235121346396,0.7523845152541846,0.8982973238138026,0.838705911985954,0.3720316958474359,0.9203519494821841,0.4751828147600998,0.9579262138531626,0.9119409794917464,0.6651026274250429,0.9273191685398661,0.6139525100731811,0.6332781123576661,0.8982973238138026,0.8982973238138026,0.8279703164673118,0.7794597469196707,0.9380492094416575,0.5576445684393803,0.724808146493731,0.5151482195861125,0.4500443482166121,0.6640344849783155,0.8949560937756023,0.658281957653539,0.8982973238138026,0.8443737802152147,0.908759893665108,0.9245566463845687,0.4648588475980424,0.9163339973465923,0.695495146310527,0.8982973238138026,0.8982973238138026,0.5957233471382002,0.9358682901281239,0.6924975479261322,0.9014819656601372,0.627207623055992,0.11900924800695178,0.8825982719080667,0.7985559379258662,0.7192039929272918,0.6165288356403085,0.8982973238138027,0.9495258032875477,0.6512637176223639,0.9404244238472443,0.9163339973465923,0.8929982269723444,0.7308737953828206,0.8445122684053998,0.9600541577705046,0.9404244238472443,0.42152986877513154,0.8982973238138026,0.7030117783667276,0.9850486261598486,0.798555937925866,0.914643130732415,0.5005720421199022,0.8825490680853296,0.8321495277836635,0.9749362240782427,0.9124768483179178,0.6891206202993564,0.7423450122753865,0.9232833700357419,0.8442596155053432,0.8972375489498452,0.8917796312811821,0.7566658416924006,0.9502440628915494,0.8950004825334388,0.7515401773634882,0.8856048231352784,0.9281684931120007,0.8941243607371745,0.9245566463845685,0.9984480847277286,0.9741037694931156,0.9245566463845685,0.8273272241564984,0.8910607891360043,0.8131983326178949,0.8982973238138034,0.844259615505343,0.8766849093977231,0.8766849093977229,0.9489171762694814,0.5394974861651107,0.8950004825334388,0.969811206105381,0.8085838211855529,0.901682742694863,0.5930915470475343,0.8600762842131289,0.9117550006367761,0.8776732479188004,0.8982973238138026,0.9072772156967592,0.9889897772432356,0.7567888209390854,0.9203519494821841,0.894956093775602,0.8682458143938514,0.942433501535896,0.8982973238138026,0.6251335901442965,0.5250525488853313,0.8981981738963489,0.6438509524864182,0.6696604293046027,0.6418846436470618,0.908759893665108,0.677089319371313,0.7420793834126869,0.622828607547478,0.7295713707877454,0.9015112496120745,0.9437653771312211,0.9245566463845685,0.7630373564099675,0.9358682901281241,0.9683116883116885,0.8886639795414617,0.7113500862384239,0.827327224156498,0.5120900858046225,0.8982973238138032,0.9315076677030101,0.7352379199715768,0.37544527064358346,0.8555921289178445,0.6011621137603251,0.5690476918561911,0.8982973238138026,0.6088138154361296,0.41945594044958745,0.8710323322336653,0.8982973238138026,0.6794632600576151,0.8855640524750212,0.9163339973465923,0.9015112496120752,0.8950004825334388,0.40721482157241906,0.8917796312811823,0.7941789388239804,0.889844822277781,0.885683085458836,0.8545241002221379,0.5218523420226087,0.8982973238138026,0.9102566149674474,0.8982973238138026,0.9163339973465923,0.9122544502114628,0.7882574758226732,0.9245566463845687,0.8523725692305206,0.5345209776097761,0.8096470950969048,0.897237548949845,0.8982973238138026,0.714596959953372,0.6913092629328221,0.9490326482224264,0.8767292272696674,0.5581475517661063,0.9667875986555683,0.6929200724140242,0.8738606237740509,0.8574165634704998,0.8062917987384588,0.5528600824604127,0.8574165634704998,0.5262476832942002,0.9087598936651087,0.33193094370765686,0.8574165634704998,0.9245566463845687,0.8628217153184266,0.9404244238472441,0.9101568537086784,0.9224635916187052,0.9004036202971211,0.9819923880936651,0.8040092425999461,0.607069833206286,0.9929979934242448,0.827970316467312,0.860162647158031,0.8950004825334388,0.9083753558180288,0.7377914799886498,0.9496479823822044,0.5597915905869697,0.7000456829631554,0.8470451655080211,0.2601135878873275,0.860162647158031,0.9404244238472443,0.9051664401581994,0.8249389872384023,0.9759228906806523,0.8549399288486854,0.951451669735649,0.8661825349776042,0.908759893665108,0.9124768483179182,0.8607614394709915,0.8523725692305197,0.9917283216127346,0.9850486261598486,0.8767292272696672,0.8108161786537491,0.9670487459541286,0.847317627250981,0.9889897772432357,0.9951327802764522,0.8592642631772318,0.8496007521143938,0.8225650254528252,0.7426989049490647,0.912476848317918,0.7833426799157517,0.8850469976438213,0.8628217153184259,0.8886405262183212,0.9567497761417542,0.8202046342072098,0.8555999624260067,0.7218567674983005,0.8795907732894914,0.8948582718388609,0.9680148528725812,0.9241671327162426,0.7930868460405642,0.9051664401581994,0.9404244238472443,0.792721933449825,0.8549399288486841,0.9051664401581994,0.9683116883116885,0.7263376910243777,0.883813517405303,0.859469411549016,0.891783931888013,0.6809483735756574,0.9880552524038386,0.7297848347028673,0.894642818083918,0.7179145652229306,0.9819923880936651,0.9124768483179182,0.7855081959450814,0.894956093775602,0.9046088515432298,0.9203519494821841,0.8104315638950381,0.9163339973465923,0.8020933253939646,0.9124768483179184
p104_R,0.9830066084069091,0.726754838378509,0.8600960853075241,0.8306949806949812,0.9683086794376969,0.876262702764818,0.8961421073534717,0.8766804955939562,0.8804580254427758,0.9393074128728371,0.9734273782715801,0.9909903972974269,0.9644994759182186,0.7348455598455607,0.7924136069196481,0.8251503574709125,0.9159086277875701,0.7867777182755418,0.9362456943690349,0.8311012003946947,0.8765314815193934,0.7462299379986126,0.986745253931691,0.9723157551667552,0.7930603358875297,0.8954688163631976,0.9581457206590638,0.932795246271596,0.8311012003946949,0.6943934596711927,0.8855707623626499,0.9810522968844484,0.9127986978904696,0.846462250900856,0.9683086794376969,0.8445057325000616,0.9250812961986934,0.9222662678337896,0.9425114327004684,0.7243154844685653,0.8367692112550748,0.9334160095166193,0.9970799457879603,0.8963527586425646,0.8314344420445827,0.7882859379595077,0.9277359074596556,0.8747639177841731,0.5505691504226694,0.8600960853075241,0.9304741538905168,0.9316019180507477,0.8954688163631976,0.9105012505384156,0.9952662150283398,0.925662981663943,0.5610083729417279,0.9225015741707867,0.9187258511814396,0.9175383063396301,0.8843265687811641,0.8481446113673636,0.8220836588712381,0.8728920970887102,0.5410852670109018,0.8537325616836087,0.7660569881458925,0.9317763606197276,0.8060148892127386,0.7348814459346102,0.8361170621982491,0.8934425806304624,0.9225015741707872,0.7965647405179257,0.9225015741707867,0.8267698008899669,0.9060327047326968,0.6184505167067202,0.7911170953457258,0.876262702764818,0.9082470012068005,0.9543244411482399,0.9872440367335156,0.8954688163631976,0.9225015741707867,0.7295118867737505,0.7848674221395784,0.7416426967845624,0.8381997656144693,0.9199893491338635,0.9225015741707867,0.3844684210022721,0.6843511005326504,0.8217760937511294,0.9207523226987693,0.8747639177841731,0.42203592503836196,0.8529818302809147,0.7654968982635142,0.7838106565463812,0.5610083729417279,0.7793733011421315,0.9683086794376969,0.5629309018889509,0.9697471566190721,0.9362456943690349,0.8625977355177169,0.7500422074542783,0.941740990578956,0.7593822847131333,0.4219675971401956,0.707637722568087,0.7453753921148882,0.5701108319363852,0.9277359074596556,0.7087142560932513,0.9685841124338928,0.9362456943690349,0.9425114327004684,0.805227791971296,0.8963527586425646,0.42101259127238067,0.9067169102590357,0.9504635334903245,0.892695540062629,0.6859872990692619,0.9250812961986934,0.8322698807304465,0.919989349133864,0.930351993730951,0.8288175026257589,0.9277359074596554,0.766056988145892,0.9970799457879603,0.36682642045815395,0.9324383188985057,0.8626449186901579,0.9810522968844484,0.9304741538905166,0.9175383063396301,0.9010469938938088,0.9393074128728369,0.752404553975937,0.5787112986511874,0.556865395465213,0.8636009307043997,0.9632536201475079,0.8008619010590683,0.8934425806304627,0.6707439233532094,0.8311012003946948,0.8566618970084507,0.7434581844204908,0.8425111710827855,0.9683695601216199,0.8934425806304631,0.5697249964488453,0.8984288710052624,0.9772972526041017,0.7128204820814281,0.7773386510565776,0.9277359074596554,0.6621773883959179,0.7378838199067892,0.8431623547994249,0.6150752113686129,0.8322698807304465,0.9423469173118801,0.9207523226987693,0.7850367980772612,0.7348455598455607,0.9199893491338638,0.8914410719709873,0.7392194067468736,0.9706771846334554,0.763677636411927,0.9910578376517607,0.8481857313975261,0.49839113045840444,0.9490282143343611,0.8653601694091138,0.8794805910768584,0.9032274698712806,0.9644994759182184,0.8287649415854685,0.5989080975693721,0.8705906857098913,0.8766484086852759,0.9105012505384156,0.8250907491456718,0.9608634184056339,0.9076715010813188,0.9480563171539703,0.7974358060897027,0.8843265687811639,0.9225015741707867,0.9250812961986934,0.9175383063396303,0.8747639177841731,0.9001364873020515,0.8852772684305308,0.9199893491338638,0.9225015741707867,0.9973399082904616,0.9747092296087321,0.9393074128728371,0.9225015741707867,0.8896043244603334,0.8707051888795787,0.9001248489566036,0.8469861071467203,0.5689091410705907,0.3233384955321069,0.9225015741707867,0.8018701786358152,0.9225015741707868,0.9676631172366529,0.996737936602733,0.9620369043489074,0.9225015741707867,0.7496347090094573,0.9225015741707867,0.9165076064447045,0.9420887388347676,0.7356430893312234,0.9966981620157498,0.6329279054430248,0.7491590756311128,0.9175383063396301,0.9388933740579655,0.9446701888736628,0.4793859804464373,0.6831283063445519,0.9378027796250892,0.8166351311398244,0.8992865236029117,0.8583058118868427,0.8785462170031446,0.8966208002813247,0.8707051888795787,0.9005285913052647,0.9151430007264556,0.3966952670382934,0.9175383063396303,0.9225015741707867,0.9055450095968043,0.9225015741707867,0.6929761589372618,0.8907075917149337,0.9810522968844484,0.8894628186153251,0.709855716593905,0.9250812961986934,0.8689117123597327,0.9038554657884539,0.5552922488268177,0.7367761372283408,0.8322698807304465,0.9277359074596556,0.48730090196389997,0.8271211228814439,0.7833454864650338,0.9199893491338635,0.9858673317522391,0.751000110205189,0.9425114327004684,0.9101560503341408,0.7868456950912959,0.8975213827250901,0.8254273423996008,0.4501482648951618,0.9304741538905168,0.7900998439208513,0.7698024246342722,0.98497922985436,0.9362456943690349,0.7797830182582033,0.9574631882963218,0.479585480425718,0.8822332248274786,0.9362456943690349,0.8165462796441285,0.7163991992504974,0.9333065093925876,0.8448271155174853,0.0,0.9277359074596554,0.9069834982716529,0.7453753921148882,0.9175383063396301,0.9277359074596556,0.9765510393593575,0.6746057167461013,0.789693589217336,0.7124200331220356,0.8217760937511294,0.849467681705,0.9513891747604617,0.9541300190655135,0.4820060573593866,0.5853184172318484,0.7791859091983431,0.9683695601216199,0.7378838199067892,0.9234427656660245,0.8770035649415355,0.7590647512777449,0.932795246271596,0.800875095664386,0.8902538431230813,0.8235335835879467,0.5814521733352722,0.8437083977158087,0.7903614274636699,0.4827085407415086,0.8311012003946948,0.8804580254427758,0.996705259555954,0.7848236881939831,0.930351993730951,0.8541294240103499,0.9746338287409401,0.9225015741707867,0.9304741538905164,0.9595425947841232,0.43371831231858804,0.9362456943690349,0.9333065093925879,0.6349093830225896,0.9225015741707867,0.9796265153694579,0.9362456943690349,0.7554454597416753,0.8636009307043995,0.8649016039549471,0.44306709883167794,0.930474153890517,0.7868456950912956,0.6285957089347697,0.9796265153694581,0.9127986978904696,0.5960259951712862,0.9277359074596556,0.9686220609785259,0.6681246416396038,0.9105012505384156,0.8636009307043995,0.9970799457879603,0.7210120633518062,0.47663087465961795,0.7398972568851847,0.8314344420445828,0.9199893491338635,0.9745452330464994,0.46964723974055544,0.7056015623791769,0.7472323459079004,0.652893634955407,0.9225015741707867,0.8200320334044451,0.8743307438550612,0.34249203579336485,0.9733010371560203,0.9967052595559542,0.785036798077261,0.9225015741707867,0.9225015741707867,0.8934425806304627,0.8532445498042331,0.5154833692296876,0.9225015741707868,0.9393074128728371,0.43619895209247594,0.6709459459459466,0.8431623547994251,0.7777387590320328,0.9225015741707872,0.5338360491484414,0.6303174855757152,0.6815924061689593,0.7352043823536725,0.9225015741707867,0.8901391312212943,0.3437974859527376,0.7378384310932025,0.7616007897732302,0.7603674824796206,0.768268224016575,0.9277359074596556,0.7283629881176978,0.9225015741707867,0.6769114943259025,0.9660806975545886,0.8069065519459737,0.6462121666439624,0.9250812961986936,0.8890929890760418,0.5923961992823077,0.9225015741707867,0.8931902497972586,0.8011944150048338,0.9225015741707867,0.9807394508561751,0.9435342391626067,0.8437463822455231,0.6405580550195984,0.7378838199067892,0.9225015741707867,0.741946956999865,0.8451722392971195,0.9858673317522388,0.8197137328849452,0.9010732460673783,0.886284874364049,0.860112816677651,0.5899380058005862,0.9277359074596556,0.8972375489498445,0.8267698008899669,0.5777577078748013,0.7968309617879663,0.4319454965114191,0.8026689534016755,0.9017126880527935,0.9304741538905166,0.8220836588712382,0.9225015741707867,0.9910578376517607,0.9893969432662542,0.8455613735622358,0.9476888747140071,0.9906272620392718,0.9608634184056339,0.9514327974508132,0.9332153268971212,0.9175383063396301,0.8156598842427532,0.9683086794376969,0.950806129547646,0.9333884849456937,0.43920508359365584,0.9910578376517607,0.786726192679448,0.9393074128728371,0.9282792334246622,0.9867452539316911,0.874607682991202,0.9833076730146282,0.6015098136622281,0.991331861688574,0.9026532767809434,0.9860020009225581,0.8975213827250901,0.9060327047326973,0.8515474244094852,0.9765510393593577,0.8761642169182164,0.6784026521698665,0.8589936341034474,0.9178060595542,0.8728920970887102,0.9871307482212135,0.9183639031920552,0.5991373428715783,0.7512552142845377,0.7060857170229413,0.9573800935979491,0.736414522288469,0.5910980953490091,0.9137065637065638,0.8996020324755996,0.9388933740579657,0.6554820428046928,0.9082470012068007,0.8165462796441284,0.8996020324755993,0.8012373844378748,0.6837398418840164,0.8770035649415356,0.8991028001629288,0.7662229079902547,0.9428273933582367,0.8992865236029115,0.9362456943690349,0.7280323367590137,0.9104584515535374,0.9858673317522391,0.9466368757657933,0.9151430007264556,0.9581457206590638,0.96836956012162,0.9362456943690349,0.6225321251962737,0.6166079736517389,0.8698670921968825,0.9909903972974269,0.9464802705130722,0.730414512869374,0.9742054644591542,0.9151430007264558,0.692974294510297,0.9225015741707867,0.9333065093925881,0.9225015741707867,0.9225015741707867,0.7636929526714449,0.9017126880527935,0.47663087465961806,0.9225015741707867,0.7490832608726483,0.7938684900942903,0.8707051888795787,0.7525538548642839,0.8425111710827853,0.9981992433792047,0.6569128887019977,0.8515474244094849,0.797368202019306,0.9127986978904696,0.8267698008899667,0.9333065093925879,0.8743307438550609,0.8381556544782045,0.8018701786358151,0.45856642104924694,0.9127986978904694,0.9958114695283622,0.6795214643554244,0.9090110235284591,0.5124072441402634,0.9277359074596556,0.3275489132593392,0.9446701888736626,0.9334160095166193,0.9017126880527935,0.7900998439208513,0.8836545508570981,0.856661897008451,0.9388933740579655,0.8780124908814337,0.9765510393593577,0.9060327047326973,0.9250812961986936,0.8949510184760308,0.8035490586609266,0.7448084182427436,0.9304741538905168,0.8055175049669295,0.915143000726456,0.7419469569998651,0.5464222116523427,0.7684397633756535,0.6592374534590084,0.9207523226987693,0.9425114327004684,0.6604373265387016,0.7867261926794478,0.8785462170031446,0.7247266489529103,0.5144050331528176,0.8583829421286899,0.8681770753957145,0.9225015741707867,0.9304741538905166,0.9629372157622487,0.9225015741707872,0.8596598169726405,0.9446701888736624,0.9608634184056339,0.9872440367335156,0.7867220448043462,0.800841823905833,0.7416426967845626,0.9393074128728371,0.6837398418840162,0.9871307482212135,0.7962702979293608,0.9608634184056339,0.9952662150283398,0.8701102736823141,0.6521203723094444,0.44306709883167794,0.9021915621175618,0.8881773271523161,0.7304384953160576,0.7914666658764191,0.9069834982716527,0.7833199892545315,0.6396096010462738,0.8855707623626496,0.9458968937609291,0.5278616623540134,0.9723157551667552,0.9552093602759869,0.8515474244094852,0.8365551646144354,0.9644994759182184,0.738445714893035,0.700311906572241,0.8158540812532468,0.8154825411864672,0.9258186968412377,0.6076173115826162,0.932795246271596,0.9693106363081487,0.8766484086852759,0.786497829343299,0.9038554657884539,0.8448271155174855,0.9082470012068002,0.9199893491338638,0.9810522968844484,0.9425114327004684,0.9225015741707867,0.9686220609785254,0.8035707911566194,0.7056015623791769,0.7166498629894605,0.9225015741707868,0.8219192676621394,0.6193617982364994,0.9119912405538768,0.6070463320463328,0.8804580254427756,0.8125485340933876,0.8186971910135308,0.6773471460297493,0.9569057808979562,0.5623799957645765,0.7934676793989759,0.991531617359299,0.9333065093925881,0.8784646496539198,0.4925645535558174,0.8770035649415356,0.5030033601810157,0.6346282167185323,0.9231842997566406,0.9175383063396303,0.7554454597416754,0.9105012505384156,0.9598848913568983,0.8942700047615741,0.8437463822455231,0.8235335835879467,0.9362456943690349,0.9225015741707872,0.9446701888736626,0.6859678084260277,0.7378838199067892,0.9199893491338635,0.9683695601216199,0.9151430007264558,0.9199893491338635,0.9199893491338635,0.9069834982716527,0.9225015741707867,0.9573800935979491,0.8862848743640491,0.9225015741707867,0.6621773883959172,0.6912064758515818,0.9541300190655133,0.9277359074596556,0.9333065093925879,0.9250812961986934,0.9199893491338635,0.6989500632642005,0.7834401607250976,0.9017126880527935,0.7782585364229853,0.9225015741707867,0.3603629552812486,0.9746338287409402,0.8996020324755996,0.7442267573706798,0.7176744993129484,0.789693589217335,0.9332153268971211,0.9038554657884541,0.8310607868635619,0.9038554657884541,0.9225015741707869,0.8707051888795787,0.9429889489206242,0.7537046885138938,0.940969198907148,0.8551017577499604,0.9541300190655133,0.5505691504226697,0.9277359074596556,0.7509900065762795,0.7799565059593383,0.9225015741707867,0.9858842152953933,0.9639168187726064,0.9393074128728371,0.7503010649821212,0.9151430007264558,0.815659884242753,0.8334669601420743,0.9608634184056339,0.7994302576035714,0.750058831648232,0.9225015741707867,0.9225015741707867,0.927946029650792,0.7867220448043464,0.7974682718729412,0.9819324085713539,0.8482088784292228,0.7207165753419922,0.9945302617361712,0.7340973847639813,0.38458608144432127,0.7945851511478941,0.9225015741707867,0.9013534900827225,0.9304741538905166,0.9425114327004684,0.6229285339696329,0.9362456943690349,0.7833199892545315,0.9225015741707867,0.9225015741707867,0.7336925136140193,0.8026557942277552,0.7656801485664124,0.906032704732697,0.5883322625379608,0.8464976705745089,0.8894628186153251,0.8992865236029115,0.7886047267974332,0.5877733488628114,0.9225015741707868,0.5626501650323873,0.7217028129421279,0.9723157551667554,0.9541300190655133,0.9490282143343611,0.8268574646368891,0.8497445173156402,0.5466700239870497,0.9723157551667552,0.8506233312249631,0.9225015741707867,0.7762334993076097,0.7295118867737508,0.8464976705745089,0.6204033320680551,0.9732295242324676,0.9105012505384156,0.8549492399295391,0.5558666257896555,0.9333065093925879,0.7994700095886342,0.8119447673677433,0.9573800935979491,0.9967052595559542,0.9137065637065638,0.8954688163631976,0.7745932914095679,0.9304741538905168,0.9199893491338635,0.8106712049456517,0.8914410719709878,0.9899987985823229,0.9745452330464994,0.9425114327004684,0.9601753961566368,0.9970799457879603,0.9425114327004684,0.3924863829680467,0.9091923098144419,0.8415030753570434,0.9225015741707872,0.996705259555954,0.7075924538576468,0.9060327047326968,0.6200550880151592,0.9127986978904699,0.9199893491338638,0.9941068010498537,0.8381997656144693,0.9250812961986936,0.7833011597856606,0.9048043876528451,0.7911170953457258,0.7755980052003808,0.9225015741707867,0.3844684210022721,0.9225015741707869,0.7186476178590229,0.9393074128728371,0.887110856525734,0.8996020324755991,0.7434581844204908,0.9225015741707867,0.7217921240444722,0.6604373265387016,0.9361204140696395,0.7633805800274991,0.7559022580972936,0.7346095719329159,0.9304741538905166,0.8094991372944089,0.8482088784292228,0.9783308953297635,0.7270471299577554,0.8380225099110044,0.5687486651842052,0.8158540812532467,0.8752031959161762,0.6652344784270259,0.8448271155174853,0.9328110853236411,0.7956191817635372,0.8785462170031446,0.670596202861071,0.9225015741707869,0.9199893491338635,0.8217672961587983,0.7716397306020939,0.8483738780016634,0.718188186684654,0.7209506222608231,0.9225015741707867,0.7363682630495734,0.8318344348897483,0.7348455598455604,0.9225015741707867,0.7557478947704015,0.6748637164201778,0.9362456943690349,0.9017126880527935,0.9199893491338635,0.959947383074968,0.9660806975545887,0.9212274082751999,0.869005560178325,0.6332319625110678,0.8380225099110048,0.6456427761789743,0.9225015741707867,0.9231842997566406,0.9225015741707867,0.9362456943690349,0.5966025286944805,0.8719065722690145,0.9425114327004684,0.887506465681396,0.9648555966846242,0.8823845551200091,0.6070463320463322,0.9225015741707867,0.8261090486006422,0.7874705756580318,0.9078210928653352,0.5897389843668681,0.8707051888795787,0.9683695601216199,0.8855707623626496,0.8836545508570981,0.8725113072902908,0.8618948557210497,0.6814782530165209,0.8725113072902908,0.9137065637065638,0.930474153890517,0.849467681705,0.8725113072902908,0.9425114327004684,0.4690242529142835,0.9250812961986934,0.5669165366769047,0.9199893491338638,0.9160161841901238,0.5526222436137974,0.8600960853075239,0.960175396156637,0.9760740600631372,0.8984288710052624,0.8934425806304627,0.9644994759182186,0.9446701888736626,0.812675333992178,0.8626447876447881,0.7482785767790086,0.9512595020817558,0.894298990140012,0.9445553534795312,0.7243154844685655,0.9250812961986934,0.9277359074596556,0.9838121271240519,0.7537554528113548,0.8894628186153251,0.8070438511128343,0.8747639177841731,0.9304741538905166,0.9333065093925881,0.9457569921282662,0.887506465681396,0.7556597260880376,0.9352780314506286,0.8520841110021091,0.9041202911564779,0.941740990578956,0.9868989158107995,0.9225015741707869,0.8541438604758775,0.6228626906915812,0.9283121294870212,0.9013534900827227,0.9194522587571303,0.8038893788091565,0.8772815322542922,0.9269380531144631,0.8954688163631976,0.5780118848156217,0.9462642492317384,0.9687413438260817,0.9185315195687316,0.9332592940301493,0.9082470012068005,0.8883727916496762,0.9464802705130723,0.745017465697464,0.8874451807660652,0.5352976416436208,0.9723157551667552,0.8512214835788459,0.8894628186153248,0.7793733011421328,0.788299850455997,0.8357841834333406,0.9819710083579035,0.8225110212643469,0.9524863574623583,0.8261090486006422,0.8812876779601598,0.6894731014983032,0.9746338287409402,0.8069065519459737,0.8812876779601597,0.9333065093925881,0.8365551646144354,0.8975213827250899,0.8859808679290593,0.9393074128728371,0.971054302875437,0.9362456943690349,0.9546591930794488,0.9858673317522388
p104_T,0.8991515901032061,0.945303040275778,0.6776822402306103,0.9277359074596554,0.9526370111116407,0.9648659912110236,0.7249398886610967,0.7677386497295293,0.9103107362174552,0.9629078616894176,0.9439253608596803,0.9511016704226432,0.9511016704226434,0.535297641643621,0.9166400151447349,0.8931410336709438,0.9227946422906832,0.9020554008593247,0.53648852676465,0.9629078616894176,0.8951222364985463,0.9425720985427188,0.9399319300513138,0.9542136024350834,0.9412414838519025,0.9361160018916062,0.341999792250141,0.922085571782991,0.9629078616894176,0.7892117206997183,0.9300668284196516,0.957509435301382,0.9467071200650465,0.9243180392978652,0.9526370111116407,0.9610366993022685,0.9542136024350834,0.36029510906650253,0.9648659912110236,0.48110657747425967,0.9061873961293254,0.9373704232137268,0.9648659912110236,0.9187969445925779,0.9481398354780852,0.7865342546535383,0.9558359621451105,0.9072120922355345,0.9348776724743584,0.8991086132420374,0.957509435301382,0.6851149498755781,0.9361160018916062,0.945303040275778,0.9467071200650463,0.933654454952398,0.933654454952398,0.9526370111116407,0.8189630840562676,0.9496037211238533,0.9123992402861407,0.8425509890153134,0.9361160018916064,0.9061873961293254,0.9592404230051592,0.8362973223813353,0.957509435301382,0.8656814261022983,0.7942458793111873,0.9610366993022688,0.39841895421794327,0.9348776724743584,0.9526370111116407,0.8383948208633001,0.9526370111116407,0.8941307528793183,0.9425720985427188,0.9439253608596803,0.8352434350141635,0.6659480751651295,0.9439253608596803,0.9386420076357269,0.5607968996491429,0.9361160018916064,0.9526370111116407,0.4249660198752192,0.9425720985427188,0.8178422485024099,0.9011161501496316,0.9511016704226432,0.9526370111116407,0.5622615639049684,0.7507844886154752,0.864695473699941,0.9312498291554214,0.9072120922355345,0.5707601539630002,0.8951222364985463,0.8320602288053403,0.8309916996778286,0.9859410630732464,0.9558359621451105,0.20751570377870343,0.8660408213454077,0.8794015740660153,0.9610366993022685,0.4897218341733086,0.8110096194294092,0.9412414838519028,0.8404791612293148,0.6183143059691423,0.9373704232137268,0.7849210348604753,0.9155711502428494,0.9558359621451105,0.7814252209615563,0.945303040275778,0.9610366993022685,0.9648659912110236,0.9009385953642843,0.9187969445925779,0.6238609283942567,0.24838064760558898,0.9300668284196516,0.9361160018916064,0.771945257379407,0.9542136024350834,0.9042162740830946,0.9808926695348984,0.9209817665727262,0.881356890785397,0.9558359621451105,0.957509435301382,0.9648659912110236,0.9481398354780852,0.6938228944303617,0.8872325694620835,0.8106601759858285,0.957509435301382,0.9496037211238533,0.787879680725895,0.9629078616894173,0.8362973223813355,0.7006314123871522,0.616469737152151,0.9166400151447349,0.9388267942128117,0.852744627559685,0.9348776724743586,0.7747002761065521,0.9629078616894176,0.9123992402861405,0.7042792707118309,0.925581846570086,0.957509435301382,0.9348776724743586,0.9021240612426042,0.49383559317409487,0.8666662211060931,0.5867072331685033,0.7545364264690186,0.9558359621451105,0.9386420076357269,0.8155856001785131,0.9439067604692684,0.4792255271138136,0.8705954752723886,0.9465146323386673,0.9312498291554214,0.9522752511635897,0.9277359074596554,0.9511016704226432,0.933654454952398,0.7000853882408264,0.863708282603777,0.6117390277858337,0.9610366993022685,0.8794015740660153,0.9254476077793647,0.6202025409796434,0.9177151699279686,0.896115621301983,0.933654454952398,0.9511016704226434,0.868632667163505,0.6759594882314288,0.8676499406085263,0.9082407355488131,0.9453030402757779,0.9288957400617388,0.9496037211238533,0.9103107362174552,0.7336531223545578,0.8039765114147404,0.9123992402861405,0.9526370111116407,0.9542136024350834,0.25605493087593056,0.9072120922355345,0.8781849073732375,0.8991086132420374,0.9511016704226434,0.9526370111116407,0.8774465467393255,0.8039765114147404,0.9629078616894176,0.9526370111116407,0.8446109430683041,0.9209817665727262,0.8941307528793183,0.8666662211060931,0.9113525537588966,0.9511016704226432,0.9526370111116407,0.8656814261022984,0.9526370111116407,0.8550065733210683,0.7378604117312434,0.7119868333828536,0.9526370111116407,0.8705954752723886,0.9526370111116407,0.7871715338102266,0.913451053146003,0.4331725347212598,0.8842921321245036,0.9558359621451105,0.7866487334406871,0.9496037211238533,0.6056102150226257,0.9425720985427191,0.95466724533758,0.9268331951049655,0.9714058757497572,0.957509435301382,0.9061873961293253,0.8981086621953585,0.7607214290393964,0.9765777693608293,0.9209817665727262,0.920981766572726,0.9481398354780852,0.5867072331685033,0.9496037211238535,0.9526370111116407,0.9092735418441047,0.9526370111116407,0.7514730454359493,0.5322230711047451,0.957509435301382,0.932445449857132,0.7866487334406871,0.9542136024350834,0.9198856874256709,0.9412414838519025,0.557868608268504,0.9439253608596803,0.8705954752723886,0.9558359621451105,0.6307998390962062,0.880379147867171,0.8547546403115025,0.9511016704226432,0.9592404230051592,0.7231456517202983,0.9648659912110236,0.8446109430683042,0.8446109430683042,0.937370423213727,0.8794015740660153,0.6215161559304959,0.957509435301382,0.8587509369841102,0.8110096194294093,0.7929984735168571,0.9610366993022685,0.8404791612293148,0.9649840504564584,0.9386420076357269,0.6005627706504939,0.9610366993022685,0.8944208730785337,0.8266780075736038,0.9592404230051592,0.9051664401581994,0.9277359074596554,0.0,0.9243180392978654,0.8200790560505895,0.9496037211238533,0.9558359621451105,0.9558359621451105,0.7648826756137941,0.9552175050422179,0.8121617028001504,0.864695473699941,0.8931410336709438,0.7601221496199314,0.9610366993022685,0.9073884413700835,0.9348776724743584,0.6532256048760392,0.42427619479784706,0.8155856001785131,0.9051664401581991,0.9558359621451105,0.9348776724743584,0.922085571782991,0.8354401497332642,0.9155711502428494,0.8921529459435535,0.7061352915422273,0.8020674121309699,0.8466596566621676,0.627757244839183,0.9629078616894173,0.9934680088001508,0.9629078616894176,0.9243180392978654,0.9209817665727262,0.7372742004451398,0.9558359621451105,0.9526370111116407,0.957509435301382,0.595718914481147,0.9559982666090147,0.9610366993022685,0.9592404230051592,0.9511016704226432,0.9526370111116407,0.9412414838519025,0.9610366993022685,0.9648659912110236,0.9604370865528187,0.8661586408023221,0.9386420076357269,0.957509435301382,0.8446109430683042,0.8789939328097223,0.7693378488114866,0.9467071200650465,0.7021249138262728,0.9558359621451105,0.9243180392978652,0.8093792712193066,0.945303040275778,0.9166400151447349,0.9648659912110236,0.7814252209615564,0.9344184513464584,0.7929984735168571,0.9873274034062991,0.9511016704226432,0.9287716388892431,0.958244185426041,0.8200790560505895,0.8211902596649279,0.7386871664249507,0.9526370111116407,0.8637082826037767,0.9231975163531969,0.9254476077793647,0.9231975163531969,0.9629078616894173,0.8557565635983038,0.9526370111116407,0.9526370111116407,0.9348776724743584,0.9103107362174552,0.6638126320958512,0.9526370111116407,0.9629078616894176,0.9526370111116407,0.9277359074596554,0.9041490253843172,0.8039765114147404,0.9773757151292213,0.4283277252442742,0.9425720985427188,0.7489933234855086,0.7834252014543854,0.9526370111116407,0.8891971954839684,0.922085571782991,0.7917437350152445,0.7942458793111871,0.9288957400617388,0.636736986849688,0.9558359621451105,0.809851971481867,0.9526370111116407,0.7663159483485266,0.9900588676412958,0.868632667163505,0.752558356845255,0.9542136024350834,0.7195026022793821,0.9467071200650465,0.9526370111116407,0.9031349604797552,0.81784224850241,0.9526370111116407,0.9288957400617388,0.7691509749968606,0.852744627559685,0.7435863378643104,0.8155856001785131,0.9526370111116407,0.7942458793111871,0.8656814261022983,0.9592404230051592,0.7132869920925937,0.7742042751539617,0.9134510531460027,0.914508262091398,0.5835519052153018,0.9558359621451105,0.9051664401581991,0.8941307528793181,0.9399319300513138,0.8627197720675648,0.8823349016943813,0.6685644304688838,0.9967391619170713,0.957509435301382,0.36262674336243106,0.9526370111116407,0.9610366993022685,0.6005627706504932,0.8561342062066823,0.9439253608596803,0.9839674685144806,0.9496037211238533,0.8121617028001504,0.9542136024350834,0.9496037211238533,0.9439253608596805,0.207515703778703,0.945303040275778,0.9592905221803274,0.9103107362174552,0.9610366993022685,0.8567565353887989,0.9629078616894176,0.945303040275778,0.9399319300513138,0.8447043622091563,0.5851636683551674,0.9629078616894176,0.8133083257720879,0.922085571782991,0.5622615639049684,0.937370423213727,0.9425720985427191,0.9092735418441045,0.9558359621451105,0.9243180392978654,0.9061873961293254,0.8852715588713493,0.5034048200408014,0.9728308952426489,0.9439253608596805,0.9300668284196516,0.7041413728147151,0.7879341691923529,0.6275540865784495,0.8582618811750675,0.9490012047871157,0.8981086621953585,0.9277359074596554,0.9386420076357269,0.9399319300513138,0.7403348078925522,0.9439253608596805,0.8617298618427944,0.9386420076357271,0.9209817665727262,0.7705531152105061,0.8204146011716988,0.725995790285457,0.8341860124462195,0.4715257672874751,0.9061873961293254,0.9610366993022685,0.916027328859182,0.8991086132420374,0.3983110062666375,0.9681385641755444,0.2129342700189092,0.9481398354780852,0.957509435301382,0.9610366993022685,0.9801704643354423,0.9303855895559969,0.9187969445925777,0.9808926695348984,0.9511016704226432,0.8352434350141635,0.9560815611946234,0.948139835478085,0.7355471990326252,0.9526370111116407,0.9592404230051592,0.9526370111116407,0.9526370111116407,0.8309916996778286,0.9399319300513138,0.9714058757497572,0.9526370111116407,0.822296788964565,0.848697758622408,0.9209817665727263,0.6782927991886372,0.8891971954839686,0.8471182680454904,0.9649533549085013,0.9092735418441047,0.8507258744656063,0.9467071200650465,0.8941307528793181,0.9592404230051592,0.9231975163531969,0.7929984735168573,0.8656814261022983,0.9300668284196516,0.9467071200650465,0.9496037211238535,0.7800981440304908,0.9592404230051592,0.7020087823625962,0.9558359621451105,0.9072120922355345,0.9425720985427188,0.5690488644944536,0.9967391619170713,0.8587509369841102,0.4283277252442741,0.9123992402861407,0.9399319300513138,0.9730862985612765,0.9558359621451105,0.9425720985427191,0.32410555975599153,0.9649840504564582,0.8666662211060931,0.9461114643341089,0.957509435301382,0.8666662211060934,0.9481398354780852,0.8153837585530269,0.8971110481409439,0.9808926695348984,0.7917437350152445,0.9312498291554214,0.5736515917591671,0.7560495458914245,0.8567565353887989,0.9092735418441047,0.7590398124066347,0.9425720985427188,0.913451053146003,0.9269715703160148,0.9526370111116407,0.957509435301382,0.922085571782991,0.9526370111116407,0.8705954752723886,0.9425720985427188,0.9496037211238535,0.5100015725295994,0.8133482612876615,0.8896463743514136,0.8178422485024099,0.9629078616894176,0.770553115210506,0.9439253608596803,0.8754910501451354,0.9496037211238533,0.9467071200650463,0.9267919121317674,0.6233555981584997,0.9386420076357271,0.7954860842554717,0.8882143738454913,0.7499222990259986,0.8725553212046713,0.463540086827538,0.8425509890153133,0.9042162740830946,0.9300668284196516,0.9629078616894176,0.9412414838519025,0.9542136024350834,0.7695855319202595,0.9505241704836669,0.9001110559421437,0.9511016704226432,0.7677386497295293,0.7021249138262728,0.9648659912110236,0.9953194985394493,0.9558359621451105,0.8440037465855227,0.9858084434319019,0.9373704232137268,0.9082407355488131,0.9300668284196518,0.9412414838519025,0.9051664401581992,0.94392536085968,0.9511016704226434,0.957509435301382,0.9648659912110236,0.9526370111116407,0.9243180392978654,0.9086148915839567,0.8200790560505895,0.45524941205578406,0.9526370111116407,0.8911663603911604,0.7302179872844411,0.9123992402861407,0.9277359074596554,0.9103107362174552,0.5622615639049684,0.8891971954839684,0.7787622746324641,0.9839674685144806,0.9123992402861407,0.8607384721289717,0.6047956160661232,0.9592404230051592,0.5132176572020222,0.933654454952398,0.9558359621451105,0.9209817665727262,0.9428375253830149,0.932445449857132,0.18985981854257927,0.9648659912110236,0.945303040275778,0.43890624759742236,0.9073884413700833,0.852744627559685,0.8921529459435533,0.9610366993022685,0.9526370111116407,0.998394872319517,0.7840536293380754,0.8155856001785131,0.9511016704226432,0.957509435301382,0.948139835478085,0.9511016704226432,0.9511016704226432,0.9243180392978653,0.9526370111116407,0.9481398354780852,0.913451053146003,0.9526370111116407,0.6149954545054954,0.872462543156095,0.9610366993022685,0.9558359621451105,0.9592404230051592,0.9542136024350834,0.9511016704226432,0.7677386497295292,0.8676499406085261,0.9399319300513138,0.8517363824474662,0.9526370111116407,0.9560815611946234,0.969580892293826,0.9386420076357269,0.8075195577599243,0.526417348515418,0.9610366993022685,0.9542136024350834,0.9412414838519028,0.8967531793197644,0.4799171814748767,0.9526370111116407,0.9209817665727262,0.5430605954919342,0.9196222638329762,0.8497130258115502,0.6945024529952721,0.9610366993022685,0.9348776724743584,0.9558359621451105,0.5323523422219287,0.8846853407167914,0.9526370111116407,0.9526370111116407,0.8901811511257471,0.9629078616894176,0.7081071803511942,0.9481398354780852,0.9439253608596803,0.8362973223813355,0.9496037211238533,0.8051635979868559,0.7991647789411422,0.9526370111116407,0.9526370111116407,0.9198856874256711,0.719502602279382,0.5132176572020223,0.7560495458914245,0.8557565635983038,0.7742042751539617,0.704141372814715,0.8133083257720879,0.9373704232137268,0.8255892557605067,0.9526370111116407,0.9072120922355342,0.957509435301382,0.9648659912110236,0.719502602279382,0.9610366993022685,0.8425509890153133,0.9526370111116407,0.9526370111116407,0.789211720699718,0.6274393463335317,0.7967192179387041,0.9393618431817529,0.7351369595205248,0.9061873961293254,0.932445449857132,0.7711947141959391,0.8456366655300409,0.7806680179853036,0.9526370111116407,0.6233555981585,0.8299192991696218,0.9542136024350834,0.9610366993022685,0.8941307528793181,0.8820186502619565,0.8643746278148466,0.6577647569364989,0.9542136024350834,0.868632667163505,0.9526370111116407,0.8383948208633001,0.937123241410035,0.9061873961293252,0.9164201668122127,0.6821611505484857,0.945303040275778,0.9113525537588965,0.6759594882314288,0.9592404230051592,0.8774465467393255,0.8715757257382066,0.9481398354780852,0.9629078616894176,0.9277359074596554,0.9361160018916064,0.8255892557605067,0.957509435301382,0.9511016704226432,0.8842921321245036,0.933654454952398,0.44109054405099046,0.9265867198367659,0.9648659912110236,0.5777893346316225,0.9648659912110236,0.9648659912110236,0.9092735418441045,0.9254476077793647,0.9031349604797552,0.9526370111116407,0.9629078616894173,0.9425720985427188,0.9425720985427188,0.7176529953352646,0.9467071200650468,0.9511016704226432,0.933654454952398,0.9011161501496316,0.9542136024350834,0.7954860842554717,0.9231975163531969,0.8352434350141635,0.8144495911033474,0.9526370111116407,0.5622615639049684,0.9526370111116407,0.8039765114147404,0.9629078616894176,0.9373704232137268,0.9386420076357271,0.704279270711831,0.9526370111116407,0.8178422485024099,0.7560495458914244,0.9386420076357271,0.8189630840562674,0.8383948208633001,0.8255892557605067,0.957509435301382,0.8341860124462197,0.8557565635983038,0.8189630840562676,0.8513524803026211,0.49199575129111117,0.6980222530635435,0.8505410419770529,0.8896463743514136,0.9526370111116407,0.9747191147870711,0.9348776724743584,0.8497130258115502,0.9092735418441047,0.7499222990259986,0.9526370111116407,0.9511016704226432,0.852744627559685,0.9714578717045064,0.6625231566468319,0.7917437350152445,0.7691509749968606,0.9526370111116407,0.8027832026517654,0.8725553212046713,0.3888522459445144,0.9526370111116407,0.8507258744656063,0.9467071200650463,0.9610366993022685,0.9399319300513138,0.9511016704226432,0.949718620585456,0.9361160018916065,0.5790004185113178,0.933654454952398,0.914508262091398,0.9967391619170713,0.7467814379930318,0.9526370111116407,0.932445449857132,0.9526370111116407,0.9610366993022685,0.7157841180907439,0.8921529459435535,0.9648659912110236,0.9312498291554214,0.7605174113429305,0.9113525537588965,0.9277359074596554,0.9526370111116407,0.8435824105613203,0.8331249716086315,0.6828697880164694,0.9300668284196518,0.9209817665727265,0.9575094353013822,0.9300668284196516,0.9288957400617388,0.922085571782991,0.9001110559421437,0.7691509749968606,0.922085571782991,0.9277359074596554,0.03789221360986461,0.8931410336709438,0.922085571782991,0.9648659912110236,0.9361160018916064,0.9542136024350834,0.8931410336709438,0.3008360691103146,0.9288957400617388,0.9386420076357269,0.6776822402306103,0.9209817665727265,0.9399319300513138,0.9198856874256711,0.9348776724743584,0.9511016704226434,0.9425720985427188,0.916027328859182,0.5352976416436215,0.9082407355488129,0.8446109430683042,0.9177151699279686,0.914508262091398,0.587291259301784,0.9542136024350834,0.9558359621451105,0.9082407355488131,0.9790460413412314,0.932445449857132,0.7584224381987762,0.9302863338489198,0.957509435301382,0.9592404230051594,0.9879781590338745,0.9312498291554214,0.747983130567853,0.9231975163531969,0.9300668284196516,0.961074221084093,0.42203304800755437,0.9288957400617388,0.9526370111116407,0.8476799949376317,0.7193124500538766,0.6347211394629579,0.9478374857144207,0.957275422082307,0.9592404230051592,0.9243180392978652,0.9908764668187224,0.9361160018916062,0.9481398354780852,0.9312498291554214,0.690540241777255,0.98512650780359,0.7760635075271658,0.3931922978743978,0.951035442828644,0.36884172915277325,0.8911663603911604,0.7336531223545579,0.9558359621451105,0.9542136024350834,0.8941307528793181,0.9324454498571317,0.9558359621451105,0.9051664401581991,0.872555321204671,0.7905009128495416,0.9842011665427952,0.9496037211238535,0.8435824105613203,0.9386420076357271,0.7194708003998341,0.9558359621451105,0.868632667163505,0.9386420076357269,0.9592404230051592,0.9001110559421437,0.4593642617629382,0.9542136024350834,0.9629078616894176,0.7724757092972717,0.9610366993022685,0.7386871664249506,0.9592404230051592
p105_R,0.8244608448421895,0.9382169076942132,0.8085406915703713,0.9069834982716529,0.9188361382271668,0.9397924012017989,0.8427222791526929,0.8455932663249252,0.8725540131360705,0.9364368411420323,0.9819538956711095,0.9162050927129204,0.9162050927129204,0.8761642169182167,0.8571496764250635,0.7608958361388358,0.9666428003039548,0.8905248145511353,0.933230312818766,0.9918036979367357,0.8476498988282525,0.9015883421806548,0.8160154479064055,0.967100967856847,0.8993081265656122,0.8905248145511351,0.9111295270090605,0.9246323126477254,0.9364368411420321,0.9442252885341609,0.943424161892372,0.9271857963192043,0.9484490715653737,0.9000359259924564,0.9630223853436268,0.9610243931286576,0.967100967856847,0.988223797234048,0.9397924012017989,0.9554421119948902,0.8297763417392083,0.892674460956127,0.9397924012017989,0.8890344077176486,0.9518720845713886,0.8150214976064614,0.9243180392978654,0.8409934614190606,0.888402744132657,0.8271068874433856,0.9271857963192043,0.7066961895114782,0.8905248145511351,0.9062682363877987,0.9484490715653735,0.5525066499500714,0.9193175573455776,0.9188361382271666,0.7544407449649537,0.997222278815483,0.8498824478883686,0.7499363066923375,0.8905248145511357,0.7533949171332582,0.9301521134798674,0.8758580718405773,0.9752372748615915,0.8115940355833646,0.8938673639056199,0.933230312818766,0.9046345879637958,0.44120357724500914,0.9188361382271668,0.7230643435079145,0.9188361382271666,0.544588656135075,0.6138975118277616,0.7917226685098764,0.7567003903971179,0.9397924012017989,0.9039073680321512,0.929015482973479,0.8821858692988971,0.9245814746860734,0.9188361382271666,0.8683869765649124,0.9388586611030838,0.661117857168708,0.9043483055673012,0.9591402541866407,0.9188361382271666,0.8513970488424685,0.9933173148054264,0.893062625536877,0.8821858692988971,0.8409934614190605,0.8236837483731398,0.5867342269720291,0.731641674731307,0.7880013436107973,0.9853395314336217,0.9243180392978654,0.9188361382271666,0.9115521240055564,0.855414651748531,0.9332303128187656,0.8516848931219239,0.6951965467936023,0.8993081265656124,0.7659939160922598,0.9739778368758785,0.8926744609561268,0.7492271098269581,0.8827148855675935,0.9714058757497572,0.6916855486052571,0.9770956216737102,0.9332303128187658,0.9397924012017989,0.7731975498548822,0.8890344077176486,0.8872511189380223,0.8993081265656124,0.9117913875450325,0.9051352246392365,0.9895432320620214,0.9215378731313923,0.969282661194809,0.9162050927129204,0.8764969900463834,0.7966865448611933,0.4635400868275392,0.9759742607288064,0.9397924012017989,0.9518720845713888,0.955938970123964,0.9885235269511563,0.9752372748615916,0.9759742607288064,0.9136381231722888,0.6419696855611359,0.9364368411420323,0.8367610421348026,0.8302414280399821,0.8202756097183714,0.8571496764250635,0.877710850552303,0.7476549733331903,0.8884027441326572,0.8229146776757461,0.9364368411420321,0.8498824478883684,0.7698241935057315,0.8453078307066049,0.9271857963192043,0.8884027441326576,0.870577424856463,0.8911843525479428,0.8343618733529421,0.816880509953394,0.9026929321468596,0.9344184513464585,0.9642416825773449,0.7413256272572986,0.8379435935133335,0.9246323126477256,0.9268298881488042,0.9920003341802428,0.7329804735096709,0.7528163950686995,0.908100813607729,0.9591402541866407,0.9486384944783341,0.9694773398454678,0.9947945115699595,0.9635455134100155,0.9861029598450541,0.8334615552938358,0.9023193977639941,0.8657494958783414,0.6385408095258124,0.9633144801824757,0.88261652039029,0.9162050927129204,0.8877593061414037,0.9636870144458617,0.7731975498548822,0.8427562020241623,0.9062682363877989,0.7472498032327078,0.9136381231722888,0.8725540131360712,0.7969277214997373,0.721083442083128,0.8032025001587048,0.9188361382271666,0.967100967856847,0.913638123172289,0.8666421769503914,0.8448018284693073,0.8756872102415512,0.9162050927129204,0.9188361382271666,0.6655691123492231,0.721083442083128,0.9364368411420323,0.9188361382271666,0.9490911250338765,0.8645899440480416,0.842163021958878,0.8134118466352592,0.7549432281348873,0.9162050927129204,0.9188361382271666,0.9795567540284695,0.9188361382271666,0.6992468832911016,0.7367716995604121,0.7452849846555547,0.9188361382271666,0.8184534735751661,0.9188361382271666,0.9804738225815984,0.9329979999629743,0.8664814862756911,0.6150888371223688,0.9243180392978654,0.6912583077286336,0.9136381231722888,0.8970640020677767,0.9388586611030842,0.9833113140241097,0.934386653927628,0.6837614514100965,0.9271857963192043,0.9061577663451579,0.8607668501691259,0.8705695323486158,0.7124389829679735,0.8933580624819941,0.8645899440480413,0.9111295270090607,0.8168805099533942,0.955430200993886,0.9188361382271666,0.8966129881495928,0.9188361382271666,0.9453555804341344,0.8764969900463835,0.9271857963192043,0.916763017547936,0.6723019916199671,0.9215378731313923,0.8627116416336098,0.9545120045449914,0.877710850552303,0.9058614048066169,0.7994715690107894,0.9243180392978654,0.9272748683482386,0.7200215627619002,0.7510994433926013,0.9591402541866407,0.9808531012828585,0.8840671078200977,0.9397924012017989,0.9292666101941274,0.8499685508351306,0.9342029590072161,0.9470074801592101,0.8223694384775777,0.9271857963192043,0.7784176500804989,0.7142575600207548,0.834833789554698,0.9332303128187656,0.7266361855163135,0.9481297743766084,0.9994678821812105,0.8427562020241626,0.9332303128187656,0.9067175390277398,0.7995212197230179,0.9301521134798674,0.6822308393124581,0.9069834982716529,0.9243180392978654,0.0,0.6916774264569951,0.9191935655413227,0.4164522503756479,0.9815062877983506,0.6543109090336605,0.933230312818766,0.9451415211535332,0.8097772821314799,0.5732408788464933,0.9334591969915784,0.933230312818766,0.9188361382271666,0.9554421119948902,0.913638123172289,0.9271857963192041,0.6839771896298144,0.8627658779727194,0.8402427784426746,0.8884027441326574,0.8718397950501526,0.831222784082646,0.8827148855675935,0.8151872676642649,0.7825189628092226,0.9705257035594337,0.7372274275129285,0.8630978149114679,0.8420957316791531,0.8463034707266373,0.9364368411420321,0.900035925992456,0.8645899440480411,0.6241413517024984,0.9714058757497572,0.9188361382271666,0.9271857963192045,0.9210828212435623,0.8905248145511357,0.9332303128187656,0.9301521134798674,0.9162050927129206,0.9188361382271666,0.9358530937879614,0.933230312818766,0.9397924012017989,0.8939900230312315,0.9714007972231222,0.8948535190071925,0.9271857963192041,0.753541152369885,0.8010710475723324,0.9358530937879614,0.9086743458966993,0.831570392002177,0.9243180392978654,0.9000359259924564,0.799924687452556,0.9062682363877987,0.8571496764250637,0.7105810163033837,0.7202820005097135,0.8703071672354952,0.7021395767940297,0.9518720845713888,0.9162050927129206,0.8741949048548436,0.6905252271542065,0.7108606542469829,0.6935816470028762,0.7850699462602834,0.9188361382271666,0.7872021416490647,0.8977823279529109,0.872242858842954,0.8683869765649121,0.9364368411420321,0.7934409100797526,0.9188361382271666,0.9188361382271666,0.888402744132657,0.8463034707266368,0.9646460924565714,0.9188361382271666,0.9364368411420321,0.9188361382271664,0.8464622509008555,0.7375399050770453,0.6830832853963675,0.6834876377246899,0.8781517708121864,0.9388586611030838,0.7535938326998727,0.6343515942936653,0.9188361382271666,0.5926231342520278,0.8664814862756913,0.6620753703057136,0.6663666458447035,0.9405848418047038,0.9678309329338026,0.4164522503756476,0.6932007837413994,0.9188361382271666,0.8092171093004354,0.9586381348210118,0.9646460924565712,0.9167374490819841,0.9215378731313923,0.7563206577264386,0.908674345896699,0.9188361382271666,0.9167020720905319,0.8984741958571326,0.9188361382271666,0.9405848418047038,0.6721581964614942,0.7078719452275826,0.7732311662951261,0.6839771896298144,0.9188361382271666,0.7801170048751609,0.7698241935057315,0.9684459109141506,0.804331308468615,0.8505533233451528,0.8516848931219239,0.8534965853888823,0.8419146919692835,0.9714058757497572,0.989155678726837,0.8185765480394147,0.9953407916725414,0.7854475294144458,0.8205950326849352,0.6358836872015774,0.8970640020677765,0.9271857963192043,0.9245814746860739,0.9188361382271666,0.8552790990760809,0.8427562020241628,0.7782578492694872,0.9039073680321512,0.82301085549449,0.955430200993886,0.9785637036440276,0.967100967856847,0.913638123172289,0.9799998588966441,0.9188361382271666,0.8604594797352193,0.7383089259281594,0.8725540131360712,0.933230312818766,0.7748935537185433,0.9364368411420321,0.9451469503672958,0.9329290708210041,0.7966379936081207,0.9015883421806545,0.9364368411420321,0.6709636592110013,0.8955568994617082,0.8513970488424683,0.892674460956127,0.9388586611030845,0.5304309842288976,0.9243180392978652,0.654032692653136,0.9061577663451578,0.9160616202658491,0.8948535190071925,0.941079384442943,0.9419536134643975,0.8801586131976928,0.994845097120319,0.8830062669945049,0.9010178520166363,0.9259002427416265,0.7564156571321861,0.946100944093758,0.9069834982716529,0.8948535190071925,0.8970640020677765,0.7875821424408641,0.9039073680321512,0.4939301783082475,0.9300797186110581,0.979662417783852,0.7652913771465648,0.9243180392978654,0.9965634851350169,0.8359053522237656,0.9271776793409099,0.8901584347056435,0.9332303128187658,0.9347631107138786,0.8756872102415512,0.9301521134798674,0.7264627291200676,0.9518720845713886,0.9259002427416265,0.9759742607288062,0.9332303128187658,0.9750569362397112,0.7892370840225031,0.7445151367252081,0.9162050927129204,0.7832487769710372,0.8933279220136663,0.959343446579475,0.9111295270090605,0.9845492394292961,0.9188361382271666,0.9301521134798676,0.9188361382271666,0.9188361382271666,0.7103779417691758,0.8970640020677765,0.9892222022633375,0.9188361382271666,0.8876914904990604,0.760706448537015,0.9221261809159469,0.8268447126052467,0.5926231342520281,0.6011182013825915,0.872554013136071,0.9210828212435624,0.7441955253353556,0.9086743458966993,0.9219722388464884,0.9301521134798676,0.8683869765649119,0.9296153700980321,0.7698241935057315,0.8801586131976928,0.9720014770972775,0.913638123172289,0.8835213039748822,0.9684459109141506,0.8589357875457215,0.9243180392978654,0.8409934614190604,0.9015883421806545,0.9272989769634583,0.5649599666338145,0.7988875796990742,0.8781517708121864,0.8498824478883686,0.8970640020677767,0.8570682908676869,0.9714058757497572,0.9015883421806554,0.9215378731313923,0.8627116416336098,0.7924618199175761,0.7338857195759938,0.9759742607288064,0.6837875121403503,0.9111295270090607,0.8180337912186477,0.8236837483731401,0.9591402541866407,0.8326697563181313,0.4122857591834751,0.9397924012017989,0.8119366988083401,0.7952571048852999,0.8445260765476381,0.6444725194880576,0.9120600632071982,0.8785995314863118,0.9272483493178816,0.9188361382271666,0.9271857963192043,0.8955568994617085,0.9188361382271666,0.7760007005291613,0.9015883421806543,0.955430200993886,0.8821858692988969,0.5983228863404476,0.9329290708210041,0.6878443081738392,0.9528294452685607,0.682916295944271,0.9039073680321512,0.80824527672466,0.955430200993886,0.9484490715653735,0.9918158751198792,0.8933580624819937,0.8948535190071925,0.8385150443090623,0.9629858399810753,0.8600769274297666,0.7816036838847067,0.9810490389797019,0.7894357495388353,0.8396798600981688,0.8801586131976931,0.9364368411420323,0.9358530937879614,0.9215378731313926,0.9170377011717988,0.8966129881495928,0.8532677898837113,0.9162050927129208,0.773425527216262,0.91204704338764,0.9436654046332619,0.8295022177593914,0.9243180392978652,0.9565730307289084,0.9827831390197601,0.9272989769634583,0.8729713707513957,0.8801586131976928,0.8993081265656124,0.9133217982743667,0.9819538956711097,0.9162050927129206,0.9271857963192043,0.9397924012017989,0.9188361382271666,0.900035925992456,0.6983171679651372,0.9026929321468598,0.9323959366850338,0.9188361382271666,0.8599121075086342,0.8113656905132273,0.8498824478883684,0.8761642169182169,0.8386900203601549,0.9542816599648682,0.9249788088801436,0.6768948639704919,0.5627847285369154,0.8765682211155166,0.781935207514034,0.9219594183766182,0.9301521134798676,0.896612988149593,0.8863065703015556,0.9714058757497572,0.8933580624819939,0.9397924012017986,0.8842347516782392,0.913638123172289,0.9397924012017989,0.5883084818787405,0.9816494815223562,0.9188361382271666,0.7078719452275823,0.5782153355083754,0.933230312818766,0.9188361382271664,0.9015883421806548,0.8385150443090622,0.7222094813814706,0.9162050927129206,0.8776603460423874,0.9111295270090605,0.9162050927129206,0.9591402541866407,0.8703071672354955,0.9188361382271666,0.9518720845713888,0.8785995314863118,0.9188361382271666,0.8948535190071925,0.8495348412251993,0.9861029598450541,0.9714058757497572,0.9808531012828583,0.9215378731313923,0.9162050927129206,0.9448670701227275,0.7731975498548822,0.8970640020677767,0.7459271882241432,0.9188361382271666,0.959912638327362,0.9243180392978652,0.5415272873309567,0.9936192365572543,0.8806481140766085,0.9332303128187658,0.9215378731313923,0.8993081265656124,0.8645899440480411,0.9358530937879614,0.9188361382271666,0.9340332269142895,0.9350742710727482,0.7718808689815729,0.7424598513400253,0.9819538956711097,0.9861029598450541,0.888402744132657,0.9243180392978654,0.9324288082150871,0.7476549733331903,0.9188361382271666,0.9927913675399127,0.726431472698688,0.9364368411420323,0.8595516526109253,0.9926146421337172,0.9439076502388632,0.7194699530174791,0.955430200993886,0.8562019490949595,0.6748111995322379,0.9188361382271666,0.9188361382271666,0.86271164163361,0.9474335209248269,0.8705695323486151,0.8119366988083401,0.7528163950686997,0.7925617055576328,0.7338857195759936,0.6991618314237289,0.8926744609561266,0.7204044715302862,0.9188361382271666,0.8768706677362998,0.9271857963192043,0.9397924012017989,0.7563206577264385,0.9332303128187656,0.9276837995015779,0.9188361382271666,0.9188361382271666,0.6766899169033604,0.9188361382271666,0.6706113322778053,0.8747897442847686,0.9770878861879118,0.6260925427900086,0.8842347516782392,0.7788553920019081,0.7553377989813062,0.9505048261138214,0.9188361382271666,0.9221261809159464,0.7085402163921231,0.9215378731313923,0.9861029598450541,0.9365089176367316,0.8071687608174107,0.8571496764250635,0.8683869765649124,0.9215378731313923,0.6769098755670817,0.9188361382271666,0.7230643435079145,0.8683869765649121,0.8392374849683437,0.9516461749785006,0.655256789610873,0.906268236387799,0.8480887874245631,0.9947945115699595,0.9301521134798674,0.9486806822019268,0.7799249944079749,0.9518720845713888,0.9918036979367357,0.9994413423319619,0.9245814746860734,0.8361112270086883,0.9271857963192043,0.9162050927129206,0.8017165382781781,0.8863065703015558,0.9052651084803366,0.9046345879637958,0.9397924012017989,0.8764969900463835,0.9397924012017989,0.9980634982842684,0.8445260765476379,0.9624724756060739,0.8340066608386394,0.9188361382271668,0.9364368411420321,0.9015883421806548,0.9015883421806545,0.8327403066216024,0.948449071565374,0.9162050927129204,0.9523285443895997,0.8551475116943823,0.9215378731313923,0.6874558644023564,0.8683869765649121,0.7567003903971172,0.911245526154736,0.9188361382271666,0.8513970488424685,0.9486051204234524,0.8350839121434095,0.9364368411420323,0.8926744609561268,0.8948535190071931,0.936903561816264,0.9188361382271666,0.6878443081738392,0.8119366988083401,0.7528844849541513,0.7089303524967754,0.7230643435079147,0.7011200122838858,0.9271857963192043,0.7158518944499066,0.8137531675852787,0.8311020167561356,0.9528160387294513,0.9329290708210041,0.8706590525213851,0.9397924012017989,0.9236106541660869,0.9188361382271666,0.8086206400665753,0.9104791522806428,0.7424598513400253,0.8689959096416066,0.7831105177567342,0.9188361382271668,0.9162050927129206,0.7678206430161245,0.7335479274831563,0.9087940409598871,0.8705796198764466,0.8328581963012462,0.9188361382271666,0.7000231174933707,0.6626545371418417,0.8761642169182164,0.9188361382271666,0.7441955253353556,0.9086743458966988,0.9332303128187656,0.8970640020677765,0.9162050927129204,0.7363812182792999,0.8905248145511357,0.8357444190687313,0.9193175573455776,0.9292911851093033,0.7801503791531786,0.8167685065561054,0.9188361382271666,0.9492912834176328,0.9188361382271666,0.9332303128187658,0.889617580514629,0.8151872676642642,0.9397924012017989,0.8821858692988966,0.838119163474482,0.8480887874245626,0.9378027796250892,0.9188361382271666,0.9693935085740747,0.7724145155339062,0.7446894673660184,0.9434241618923718,0.9508942993498999,0.6825064884039789,0.8801586131976924,0.8781517708121862,0.8427643818641354,0.8288247292151198,0.8138203652536595,0.8427643818641354,0.4458115933061829,0.9271857963192041,0.5966977485080363,0.8427643818641354,0.9397924012017989,0.8905248145511357,0.9215378731313923,0.934164858261108,0.9591402541866407,0.909368306308445,0.8948535190071925,0.8271068874433853,0.6463520425747626,0.9687941395742314,0.86271164163361,0.888402744132657,0.9162050927129206,0.9388586611030842,0.9925510063973028,0.8761642169182169,0.9763431624693746,0.9121372710878788,0.858992121681559,0.7120789556074878,0.9219224280637734,0.967100967856847,0.9815062877983507,0.9202850458126466,0.8797479086308417,0.8842347516782392,0.9856521848429739,0.8666421769503914,0.9271857963192043,0.9301521134798676,0.9539901150839312,0.8821858692988973,0.7163179187499653,0.8977823279529109,0.8035136433289135,0.9096390789868476,0.9723980610103105,0.8781517708121864,0.9044188733069921,0.9184751711910426,0.8503519387262919,0.8608459111363296,0.8409934614190604,0.9324719133991543,0.9808531012828583,0.9215915214657806,0.9138693507011497,0.8905248145511351,0.9111295270090607,0.9142553407315162,0.9061577663451577,0.8963733472068309,0.9581134039346137,0.9039073680321512,0.9247054390981058,0.9591402541866407,0.8599121075086338,0.972327059757865,0.9243180392978654,0.967100967856847,0.8421630219588783,0.8842347516782387,0.9714058757497572,0.8880438381235429,0.802978367691378,0.9262950902868479,0.955430200993886,0.913638123172289,0.7517407052893186,0.8937892833696133,0.974743355552526,0.9243180392978652,0.7748816049396825,0.8948535190071927,0.9301521134798676,0.8288247292151198,0.8926744609561268,0.9215378731313923,0.9364368411420323,0.8637942492764794,0.9332303128187658,0.920910899483121,0.9301521134798676
p105_T,0.7843322254043563,0.7771687304254187,0.6203238074705315,0.8448099664541662,0.8793180926172992,0.8568667102675338,0.982268428355464,0.975156282162284,0.5184461956051689,0.7938420202985806,0.7715561688698285,0.7559282396619429,0.8390432115466104,0.7056015623791771,0.9649077662408286,0.9430680159029463,0.9201764087344964,0.7397414321423508,0.9777360756347164,0.8846162930362216,0.6951813098759532,0.8141422982910729,0.9172870852053598,0.8337215482320727,0.7606222572952102,0.6449329538513504,0.78872561913807,0.698283351728886,0.8846162930362216,0.7579725737964227,0.7133708762901814,0.9212474909682704,0.8342201252949566,0.771192195423348,0.9078303776591792,0.8412664651734416,0.8428704160376788,0.7828888451009721,0.8047252975792779,0.7346965719236447,0.6506725808830305,0.6519050233313397,0.9927297376643828,0.8033243812024138,0.8413059349766405,0.6049391706139904,0.8200790560505895,0.500835598899289,0.7346965719236449,0.5019413578167947,0.8897655097007554,0.48159114539936465,0.6669088686372897,0.9026060607471649,0.8321265534441448,0.8149179483304112,0.9427249561940425,0.8070467719220202,0.6829440051615839,0.7946893783415641,0.5131152727917474,0.6091710596498732,0.8646921017107427,0.897107738017977,0.8339485716413382,0.5064086757460904,0.8583786401591238,0.6712299241213151,0.8473229943161134,0.8753838677887602,0.7009198590764898,0.7779554067479175,0.9363426627010593,0.2030391734665956,0.8070467719220202,0.5991362375029978,0.766043080726057,0.7961064637088175,0.3361759790884844,0.8568667102675338,0.9092899982233125,0.8636851355711386,0.7199170131208843,0.8715969208579875,0.8070467719220202,0.687112500881482,0.8622415158560883,0.6671389407379309,0.7837583914806328,0.800791910286496,0.8070467719220202,0.588976134802222,0.6771647458540255,0.5435586696806004,0.9061596956907252,0.9145975361033745,0.5808382059341686,0.603347280964188,0.22960351631478704,0.2860504543518879,0.7510144443985958,0.8200790560505897,0.8070467719220207,0.6778006176452944,0.5936858694905622,0.8412664651734412,0.6474061482565616,0.2570820324004204,0.6734203653098938,0.2403665335528824,0.5286149133615028,0.9870400939460185,0.4703814510097223,0.6737217849122441,0.8200790560505895,0.36658473960717863,0.8775185946828152,0.7834421060580531,0.9320684863015756,0.38645272752267057,0.8578923860825488,0.7008898731093749,0.7606222572952102,0.9174892927014335,0.8056691765001693,0.4933078412264146,0.8134696855167469,0.9656130224339878,0.9670218540558317,0.9320839351462277,0.3977200508305252,0.8504636644420462,0.8268966588916085,0.804725297579278,0.7887256191380703,0.5958610853025714,0.6667976407871397,0.8268966588916087,0.8583786401591236,0.8216567655514619,0.579154919578269,0.8488894389623105,0.4811803359795608,0.6549179812349419,0.7257926528465415,0.5366854851611715,0.7287225572897009,0.3116791816211657,0.6380503231244012,0.25045626987411973,0.8488894389623107,0.6508725927669012,0.857091892714033,0.9932827049082664,0.8898606214266391,0.6596797405365372,0.6491964328117525,0.7654840177266877,0.7591169382649829,0.594936935637187,0.8116679132385932,0.850463664442046,0.7727627776347092,0.4931026512340839,0.6904953921253871,0.7013441631146908,0.623191555094939,0.6835306018343572,0.8647724328974271,0.4866493346916083,0.8646968813220217,0.8007919102864962,0.7803598601014252,0.6863656697112153,0.8318895183764111,0.8141536972510612,0.9095012704040788,0.9105116023914854,0.8903556195668003,0.6904548234537944,0.9209289280958821,0.7150958375223695,0.8575202842849552,0.755928239661943,0.8821123005234168,0.4983395449672585,0.427137364689281,0.55670556075253,0.9026060607471649,0.7304698855952667,0.8547345879297662,0.7555896950276604,0.5508480294794678,0.327351544816862,0.8841964523169603,0.8070467719220202,0.7749200871902093,0.9564937016009507,0.7987441936862306,0.5936365803929589,0.6273320484900342,0.8113382209183879,0.8070467719220202,0.5569372392310981,0.27831043497862007,0.8295688743724917,0.8070467719220202,0.8655072960947519,0.6350703269995948,0.5485569602895615,0.7455984076725297,0.6900877319536091,0.8007919102864964,0.8070467719220202,0.9542368340201064,0.8070467719220202,0.4595898319603702,0.5040634165501903,0.5422639872907223,0.8070467719220202,0.5549969232913436,0.8070467719220202,0.6627937617059634,0.8315734726046974,0.6825825229535525,0.57203656373553,0.8200790560505895,0.1933875817739461,0.8486241527613592,0.8478585776896559,0.7289151348412797,0.7464391323418083,0.7090422139419703,0.7492271098269578,0.8268966588916085,0.8971077380179769,0.6985130202360936,0.8488547999575919,0.820071392386569,0.876393883618733,0.5608169249629349,0.7117613803955087,0.5798008017125891,0.8007998135099712,0.8070467719220202,0.7310153611606737,0.8070467719220202,0.5241119254559272,0.6780857041613113,0.7953195658982104,0.9603669183854397,0.1933875817739461,0.7749200871902095,0.6282158463274208,0.8077853720781176,0.5930600104082278,0.7961064637088178,0.3629512399172615,0.7545364264690191,0.5126737119806024,0.9963042274453557,0.3103989887411934,0.800791910286496,0.904322748421914,0.6040898250727607,0.8047252975792779,0.5840774484401499,0.7247923722674509,0.87890587780811,0.7121905911443037,0.5390363445543356,0.8268015471657255,0.5055303734251126,0.5030739768564414,0.43662407495962796,0.8412664651734412,0.20227168823284836,0.811943160250417,0.7727627776347095,0.9430201146961146,0.8412664651734412,0.804172060257072,0.27338628295517575,0.8666646566334317,0.6789002157535116,0.7453753921148882,0.8200790560505895,0.6916774264569951,0.0,0.8486241527613598,0.8200790560505897,0.8200790560505895,0.25937656891730343,0.8412664651734414,0.3990754458415776,0.6779135654882675,0.5949369356371867,0.9118347200636009,0.9436186730193978,0.8070467719220207,0.7779554067479175,0.794689378341565,0.8268966588916089,0.14771780868427553,0.7175839681527578,0.8200790560505895,0.7346965719236456,0.7545682722123006,0.3482117012226489,0.6721729114079804,0.6113522349842966,0.7496303146933174,0.8614539696102372,0.7513628575535263,0.5737950144742242,0.8846162930362216,0.6370179453164144,0.9560700011840431,0.8643264765668843,0.6721970280179208,0.7267573500754689,0.8153056432519314,0.8070467719220202,0.7638375846306947,0.8656599935128615,0.7397414321423517,0.8412664651734412,0.9975289966018057,0.8562018915429415,0.8070467719220202,0.7606222572952102,0.7834421060580531,0.8568667102675336,0.6603977378144705,0.5680920290400884,0.750032188150602,0.7953195658982105,0.35381666399547596,0.3755207531525584,0.8077853720781181,0.7037983529591838,0.4608972300211742,0.7849210348604756,0.7711921954233476,0.4838859461096048,0.6959944822232511,0.5902132702961281,0.8568667102675336,0.2013250747875438,0.6916774264569945,0.1552871830388447,0.7887256191380703,0.800791910286496,0.8973395548020491,0.5646646677879905,0.16091997008227288,0.142471705850299,0.3365172143081514,0.8070467719220202,0.41663153764948513,0.7248767613062267,0.735094486204708,0.9147295606797885,0.8295688743724917,0.35557939469077704,0.8070467719220202,0.8070467719220202,0.6380503231244008,0.5692626597671318,0.5600585608445348,0.8070467719220202,0.8488894389623107,0.8070467719220205,0.7056015623791769,0.6419043920274441,0.29057071243818056,0.8070467719220207,0.7103266325205397,0.7900926895085649,0.38830221670475207,0.2963236915738581,0.8070467719220202,0.5782434321736867,0.7013441631146906,0.1727533098538384,0.247887420559891,0.7304698855952665,0.6034687373725611,0.8200790560505897,0.09066051017614984,0.8070467719220202,0.26696630086345685,0.7397414321423514,0.650817291822323,0.6978130373284781,0.7749200871902095,0.3840526659716974,0.7828888451009721,0.8070467719220202,0.7511750421285802,0.6547831023824588,0.8070467719220202,0.9923321755667203,0.5632087352923544,0.6343160515986119,0.3232646698980295,0.06137159804682324,0.8070467719220202,0.8840231314848619,0.5364647289314153,0.8666646566334317,0.6631051285252658,0.5353144361572891,0.5363285910927426,0.5423574142748102,0.6214653131131851,0.8200790560505895,0.7012727298799544,0.426798845688499,0.8478585776896559,0.3304909562714542,0.707140442777624,0.5370227234199387,0.940429921043928,0.8268966588916087,0.761717346928291,0.8070467719220202,0.8753838677887604,0.7762620065123285,0.5159331450505504,0.8847397033843232,0.8297362813838487,0.7946893783415643,0.6655332983939737,0.9604733381214061,0.8216567655514619,0.8697573482257854,0.8070467719220207,0.7771687304254189,0.6139836921815354,0.6515515564161098,0.7834421060580528,0.2958339541880465,0.8295688743724922,0.821431812544995,0.8478585776896559,0.5849896783333736,0.8622415158560883,0.8846162930362216,0.6828239052836067,0.6795217115677479,0.7613883344779255,0.7671941876032178,0.838191907073581,0.6976080579601667,0.8808482728335028,0.9218761599368475,0.8971077380179768,0.9875683479052768,0.9091463145393535,0.7085960105661067,0.8601894085453344,0.6317235097256815,0.4307278895297806,0.5062829755195934,0.7071646356864798,0.9464665666537815,0.6346794748698757,0.6316361862922113,0.8171124807922893,0.7726254326831443,0.8247157418510882,0.3446202303938968,0.8601894085453341,0.47665214459908434,0.7044336642308222,0.6780857041613111,0.5596292546416517,0.8200790560505897,0.9104289413045676,0.5634236767677689,0.8578252957302119,0.8728861153227392,0.988146521749965,0.7449095774099637,0.5646367031534145,0.9320968266176188,0.7951523639203817,0.8413059349766403,0.841305934976641,0.8897655097007556,0.8175595086733718,0.7150975577583134,0.3626356914950607,0.6691849049562806,0.8007919102864962,0.8562018915429417,0.5628791498205035,0.814206126633406,0.8150157770573558,0.5126737119806024,0.8070467719220202,0.8339485716413388,0.8070467719220202,0.8070467719220202,0.11074088490861966,0.9635727568824959,0.6916774264569947,0.8070467719220202,0.38441816625117964,0.22354633450268013,0.7894658072163006,0.721212754151368,0.5930662633427788,0.3614045411527005,0.8717562344512806,0.9326776838239056,0.22214740222612328,0.9347891138321136,0.9138313040927526,0.9320968266176186,0.6110682314070714,0.5467124239721086,0.5634177679693948,0.7150975577583139,0.9347891138321135,0.8277672007198682,0.7694871458077869,0.8666646566334317,0.6536376025879664,0.8200790560505895,0.7709433916215207,0.7529647436237868,0.9235905538900671,0.8710014135282238,0.41306922220454834,0.7304698855952667,0.513115272791748,0.7587132130546882,0.9679861862478469,0.7849210348604752,0.8862911246385965,0.8134696855167478,0.9492113316496849,0.3670795510838323,0.4566341339190898,0.8898606214266385,0.619030654482156,0.9220826437497923,0.6760556875286202,0.580838205934169,0.8562018915429417,0.2461401828886477,0.7199170131208841,0.8568667102675336,0.28720312638141954,0.4272348794128502,0.6301841998290569,0.3520788215469859,0.7660430807260572,0.6579000128917823,0.7620801874622953,0.8070467719220202,0.8268966588916087,0.7545682722123006,0.7937812374916592,0.5686937819849058,0.7048655260587708,0.8277672007198685,0.823385170104129,0.3840526659716974,0.7784300701739517,0.04934702296432547,0.8846162930362216,0.25268283299068006,0.9583905879012904,0.3777041154302374,0.7946893783415643,0.9625483257799177,0.7952183115288719,0.8451558587437946,0.7500321881506022,0.7663489752175746,0.7031839035833638,0.30537208908701885,0.3330405585558278,0.6916774264569945,0.4944750283915721,0.5002094885170956,0.6113116680845556,0.8488894389623107,0.8313669294695718,0.7749200871902098,0.5945354316555536,0.7814309418264812,0.7129500588640724,0.8284969009147185,0.2991026450387816,0.42195004554762217,0.9320684863015753,0.5053403890045967,0.8456902516433883,0.7250486775145328,0.7576290835981054,0.7895365256441966,0.9930475471512499,0.7355093993994388,0.7913281522671637,0.8583238367543506,0.7961064637088169,0.8113382209183879,0.8268966588916087,0.8944675982845547,0.8070467719220202,0.8479251065832998,0.530453727612783,0.40848915482423276,0.6962792028641851,0.8070467719220202,0.5748076270998378,0.3835443745266156,0.5819939327793249,0.7056015623791771,0.6684903778034303,0.588976134802222,0.4730953730044184,0.980464309297156,0.7457775612915647,0.9186357823107485,0.5181614553005219,0.6783699625809343,0.8339485716413391,0.6303872837390894,0.9427249561940425,0.8808482728335028,0.6780857041613113,0.894467598284554,0.7924494782008715,0.794689378341565,0.8568667102675334,0.7771687304254187,0.7723156123758677,0.8355590569639006,0.543229219901556,0.5907486729536213,0.7834421060580531,0.7367566674078996,0.8251135699713106,0.3748236383253962,0.23406401932172727,0.800791910286496,0.8268966588916089,0.7887256191380703,0.800791910286496,0.800791910286496,0.9630244733232263,0.8070467719220202,0.7643416962340795,0.9426510297685153,0.8070467719220202,0.7500321881506018,0.5849024100034885,0.9436186730193976,0.8200790560505895,0.8061744934456334,0.7455193566692776,0.8284969009147185,0.42202148815214535,0.2915219074672468,0.7587132130546889,0.1889337082290159,0.8070467719220202,0.6474061482565618,0.8200790560505897,0.7954933671188165,0.34764148428088915,0.6867535481931917,0.8412664651734412,0.8134696855167474,0.697001922701348,0.9379726112896185,0.8077853720781183,0.8070467719220202,0.9750993123079483,0.7205618286490456,0.8171567659639392,0.7204621682609884,0.8697573482257857,0.9436186730193976,0.7346965719236449,0.8200790560505895,0.6995081861704358,0.29866677709301515,0.8070467719220202,0.8925836270476606,0.6270969264330528,0.7938420202985809,0.4738832875747536,0.7887256191380703,0.7715561688698287,0.30458195761385576,0.7946893783415643,0.46905546519812513,0.12862294302629484,0.8070467719220202,0.8070467719220202,0.9675840630419843,0.5752127180688682,0.6303872837390894,0.5469080780809021,0.2900444246903613,0.5602614674819077,0.41777476733512553,0.11016551747444048,0.7448518495622387,0.2795012989199904,0.8070467719220202,0.9973499235441915,0.8268966588916087,0.8047252975792779,0.3840526659716974,0.8412664651734412,0.32880298324069224,0.8070467719220202,0.8070467719220202,0.18312972349885803,0.8070467719220207,0.1393889542285056,0.8141422982910729,0.4568082873727146,0.6506725808830305,0.9346846814992045,0.6835306018343565,0.19331860462485317,0.4592205924340451,0.8070467719220202,0.7152124051796409,0.10471352969644188,0.842870416037679,0.8857943139040092,0.9442708327430183,0.8786777893600848,0.8388236882643281,0.6871125008814822,0.8631222787530042,0.505636205856042,0.8070467719220202,0.1650740930757263,0.8767933840467375,0.5114478848581485,0.5595105014923458,0.5304537276127834,0.69599448222325,0.5756054075329426,0.5385258011666383,0.8061744934456335,0.8528501793000178,0.3824272845788286,0.8432121699919362,0.8488894389623105,0.8966601402637113,0.8496210060720479,0.17995104791764938,0.79531956589821,0.8284969009147185,0.5740043122419086,0.7377575241468807,0.8265925082346297,0.8080309016096121,0.8047252975792782,0.7337757556888058,0.8799270736133202,0.8799270736133199,0.6303872837390894,0.9737908887413688,0.5903135947546724,0.7652689524497791,0.8488894389623105,0.8141422982910729,0.7529647436237868,0.4776769022826999,0.8598857653919492,0.7282232490337205,0.8442633640332391,0.7361363206756357,0.9219237397948673,0.6463630194441594,0.9147295606797885,0.6006630116091731,0.6466175008868298,0.8070467719220202,0.6046499711363769,0.9363426627010594,0.48673515179114846,0.7938420202985806,0.7636167135362328,0.7044336642308222,0.6414675804101917,0.8070467719220202,0.185261244874518,0.2872031263814194,0.9772007380401101,0.05563194372663294,0.10179895909094439,0.08040079691530844,0.8583786401591236,0.3676463037266332,0.9366429293047338,0.7976460914394464,0.27338005394516607,0.7552872343353838,0.4302777120820056,0.8568667102675336,0.8015729060125198,0.8070467719220205,0.8420125984815465,0.8212142415721901,0.2293283719747341,0.9160755741786692,0.342620469880657,0.9078303776591791,0.800791910286496,0.3507163952056187,0.5002094885170962,0.6053791683757945,0.2461401828886478,0.2574659841102994,0.8070467719220202,0.161231693955472,0.5083851374385631,0.7056015623791771,0.8070467719220202,0.19624115783681328,0.9368826856829253,0.8412664651734412,0.7784300701739515,0.8284969009147185,0.5084176262662392,0.8207402721388641,0.8362683924192169,0.857520284284955,0.896996012974645,0.824715741851088,0.3267951870472383,0.8070467719220202,0.8973978783162266,0.8070467719220202,0.7834421060580531,0.5972175402010076,0.4608052364820173,0.8047252975792779,0.7834358333595403,0.6681055882878082,0.5756054075329438,0.7851492218505993,0.8070467719220202,0.692415303064932,0.3989974651794993,0.6318703765827545,0.8171567659639392,0.7152124051796418,0.858378640159124,0.7150975577583141,0.6048027629387369,0.8889605647260728,0.4448175856283699,0.25746598411029975,0.8889605647260728,0.7453753921148885,0.8268966588916089,0.6100730695617851,0.8889605647260728,0.8047252975792779,0.9595005800017435,0.7749200871902095,0.5798008017125886,0.8007919102864964,0.6450892690881913,0.7954933671188162,0.6273320484900341,0.7152124051796416,0.8744273922475282,0.5730976521505247,0.6813091579486736,0.866748202174833,0.777014352406295,0.7454728567179061,0.7056015623791776,0.6762071416020579,0.5584929168351865,0.9389416774422433,0.6867535481931926,0.7779554067479175,0.7749200871902091,0.8504636644420462,0.7401394797546939,0.8670130892827221,0.8554185182700846,0.7247878812684938,0.7159918062454131,0.8268966588916087,0.8339485716413388,0.9772456315610852,0.6385804135829992,0.6740435137149643,0.7628129379392777,0.7355093993994388,0.9048112443252391,0.8785300442524799,0.7055190283123733,0.8070467719220202,0.6167114729304346,0.6680717067264856,0.741942244796461,0.5835879863401059,0.9318978179584532,0.8666646566334315,0.8643264765668841,0.935851398692145,0.6669088686372896,0.893886250815211,0.80269153870748,0.8806787275423138,0.9610224917783425,0.9318736786827081,0.7715561688698287,0.9312690022001189,0.8839068821711642,0.8144137993576862,0.7520583860922863,0.8504636644420462,0.8428704160376788,0.4876779029890308,0.6245320380162998,0.8808482728335028,0.9296300656992041,0.36062566103215254,0.8048362852206397,0.84862415276136,0.8486241527613598,0.39875562188024916,0.8182239566029239,0.6471924772943582,0.8504636644420462,0.41952228312122974,0.7500321881506018,0.8666646566334322,0.4763625824796286,0.9235905538900671,0.8722711465586108,0.8295688743724916,0.7390731716804926,0.8516769112886904,0.9250564831534065,0.8339485716413391
p106_I,0.7816916104563956,0.9531057683512588,0.5687829981540422,0.9175383063396301,0.9459533477380777,0.9599080294518358,0.8167808533529854,0.783019091133933,0.8976541691085207,0.957673577027655,0.36868746900153604,0.9442013463068033,0.9442013463068033,0.9175383063396301,0.9048766089350637,0.8911121531798493,0.940821549823033,0.9271009640247971,0.9555383641697375,0.957673577027655,0.986299526332675,0.48919955396608206,0.9677078677803637,0.947752420917731,0.5019344689077636,0.9271009640247971,0.940821549823033,0.9928378554472403,0.9576735770276548,0.7609151749640035,0.9201981569430602,0.9799008321613358,0.9951011472655118,0.913638123172289,0.9459533477380777,0.9555383641697375,0.34767929968026734,0.9489843611787747,0.9599080294518356,0.925687886831601,0.9645325849988506,0.9285324039439791,0.9599080294518356,0.9073379150848058,0.940821549823033,0.9614146902110094,0.3222500432092781,0.8941182576784144,0.555978005800315,0.8848712502248579,0.9515133476881703,0.9580705826020731,0.9271009640247971,0.9375844381576608,0.9391866557097979,0.9364894453503558,0.9242920540600268,0.9459533477380775,0.7485665061963906,0.23500177493787344,0.9000373939808761,0.8203324548260423,0.9271009640247971,0.9996756029115749,0.9534886050081051,0.8681580978826144,0.9515133476881703,0.8467269607313443,0.7652107336693228,0.9555383641697377,0.9162269502513476,0.8858269832163685,0.9459533477380777,0.8155897859167087,0.9459533477380775,0.6234483633172887,0.9344681175525122,0.9360123464869741,0.8861848925258495,0.9599080294518356,0.9360123464869743,0.7233747011160856,0.9215480977067743,0.9271009640247971,0.9459533477380775,0.9123594767995957,0.9344681175525122,0.8998093458317236,0.6286796667787875,0.9442013463068037,0.9459533477380775,0.9190178597011771,0.9036237117624286,0.8456018749230434,0.9215480977067743,0.8941182576784142,0.916326272165026,0.5528205690495869,0.8083612831931013,0.8617026589491736,0.936489445350356,0.9496037211238535,0.9459533477380777,0.996697405883052,0.7364210112550589,0.22686155472932423,0.6825658682372402,0.7843401014318689,0.9329497321807898,0.9009606921643898,0.9310287774772665,0.9285324039439791,0.7946893783415643,0.6726894793066254,0.3222500432092781,0.7694323238122411,0.9375844381576608,0.9555383641697375,0.8762593501599859,0.8489732636249694,0.9073379150848058,0.878061551227937,0.9329497321807898,0.9201981569430604,0.9771467307855513,0.8734353956941852,0.34767929968026734,0.8523344596018205,0.9442013463068035,0.9098310498422768,0.864614480262015,0.9180060542094436,0.9515133476881703,0.9599080294518358,0.9408215498230332,0.9932711322969685,0.871319309701521,0.9515133476881705,0.2940426306563939,0.9424920127795522,0.7233371708762368,0.2639905338697759,0.8956389981350417,0.9874546187688547,0.8803223329648371,0.9048766089350637,0.8860151533715295,0.8319645762487429,0.9256878868316012,0.9632839475377788,0.9576735770276548,0.9000373939808766,0.8303175207633455,0.9704390710968265,0.9515133476881705,0.925687886831601,0.8883122254108777,0.9085802966718615,0.8281869892085902,0.8780615512279368,0.7946893783415643,0.9496037211238535,0.8224152353838798,0.7895618251049048,0.650654373361948,0.9110906193450525,0.9120136950985209,0.6059656699262512,0.9882866951437199,0.8354015438796933,0.9958114695283622,0.39186761416075133,0.9242920540600268,0.8319645762487426,0.7761468133240333,0.8701999879391746,0.9555383641697375,0.9833107042853397,0.9149270915494647,0.8791909353978857,0.9061034849845075,0.950859924360226,0.9828956122135615,0.9442013463068033,0.9093762272332482,0.7761468133240332,0.8489732636249694,0.8952920587572561,0.9375844381576607,0.9188618095812562,0.9424920127795524,0.9345566419027251,0.696067384786817,0.7763145111532377,0.9000373939808763,0.9459533477380775,0.947752420917731,0.9424920127795526,0.8941182576784141,0.7273031345119878,0.9531644691774959,0.9442013463068033,0.9459533477380775,0.5887812416925313,0.7763145111532375,0.957673577027655,0.9459533477380775,0.9341586822630342,0.909831049842277,0.8791909353978857,0.8478507258139238,0.9732495942606136,0.9442013463068035,0.9459533477380775,0.8467269607313443,0.9459533477380775,0.9024010236924397,0.9743948687985546,0.9791208537583576,0.9459533477380775,0.7000712741729294,0.9459533477380775,0.796590036645983,0.9852542301053672,0.9110906193450523,0.564452445616108,0.9496037211238533,0.7565415109136848,0.9424920127795522,0.5139424815431114,0.934468117552512,0.9000373939808763,0.8057511976033918,0.9609856433629198,0.9515133476881703,0.8929489608197007,0.8837301903431398,0.9330819649782567,0.9329452550639805,0.6453110266831013,0.9098310498422768,0.940821549823033,0.9110367363125391,0.9424920127795526,0.9459533477380775,0.8964706102804103,0.9459533477380775,0.8242410656259689,0.9098310498422768,0.9515133476881703,0.9229124393123012,0.7565415109136848,0.947752420917731,0.9085802966718615,0.2964378147581469,0.9547382576229388,0.9360123464869741,0.8523344596018207,0.9496037211238537,0.9815564171452564,0.9254766905970764,0.8342582334437214,0.9442013463068037,0.9534886050081051,0.9562889805923847,0.9599080294518356,0.8505519961852754,0.8707590502221958,0.9741187306463792,0.9858280840858753,0.8982384440681079,0.9515133476881705,0.8388184704910289,0.9209085131752761,0.9430803069497276,0.22686155472932423,0.8179682595223978,0.9886329998507339,0.9299834289466347,0.8952920587572559,0.22686155472932423,0.9002465670022484,0.8022195458125896,0.9534886050081051,0.9305398848527221,0.9175383063396301,0.9496037211238533,0.9191935655413227,0.8486241527613598,0.0,0.9496037211238537,0.9496037211238533,0.7317039196616646,0.9555383641697377,0.8657709525601991,0.8456018749230434,0.5283851172492297,0.8342582334437216,0.9555383641697375,0.9459533477380777,0.925687886831601,0.9424920127795526,0.9515133476881705,0.7895618251049048,0.8917839318880127,0.9842011665427951,0.925687886831601,0.9110906193450523,0.7889257573323306,0.9421708749432607,0.8769340287666247,0.856662305400546,0.7664975934600439,0.8250209201611332,0.9579740782480004,0.9576735770276548,0.8976541691085209,0.9576735770276548,0.6266490207901454,0.9098310498422768,0.9806848395182723,0.9496037211238535,0.9459533477380775,0.9515133476881699,0.8964706102804103,0.9271009640247971,0.22686155472932423,0.9534886050081051,0.9442013463068035,0.9459533477380775,0.5019344689077634,0.9555383641697375,0.9599080294518358,0.47318082429962716,0.7489933390883277,0.9299834289466347,0.9515133476881705,0.8226831008260223,0.6840771446256486,0.9329497321807898,0.9391866557097981,0.9439464737536061,0.9496037211238537,0.913638123172289,0.7128479406206732,0.9375844381576606,0.9048766089350637,0.8762593501599867,0.7505808785893437,0.9136381231722888,0.7637872992793495,0.42915290311750054,0.9442013463068037,0.9162269502513476,0.878061551227937,0.7946893783415643,0.7959573902797019,0.7018118117271226,0.9459533477380775,0.8444753756217378,0.9536828573969374,0.9149270915494647,0.6330833366296482,0.9576735770276548,0.8354015438796933,0.9459533477380775,0.9459533477380775,0.925687886831601,0.8976541691085209,0.9127790961711307,0.9459533477380775,0.9576735770276548,0.9459533477380777,0.9175383063396302,0.5447952927236853,0.7763145111532375,0.9298144168543094,0.9188618095812562,0.9344681175525122,0.6778093879531129,0.718156970746064,0.9459533477380775,0.5451714503412677,0.9110906193450525,0.7623554974216553,0.7652107336693228,0.5984189889242251,0.8612677948159464,0.9496037211238535,0.783019091133933,0.9459533477380775,0.7333394497434595,0.9271009640247969,0.7052936401429061,0.9022918964383839,0.947752420917731,0.6799200035556381,0.9391866557097979,0.9459533477380775,0.8894657784451026,0.792136922033998,0.9459533477380775,0.918861809581256,0.7816916104563953,0.6577627149286323,0.7074023333848406,0.7895618251049048,0.9459533477380775,0.89846733030076,0.8467269607313441,0.8326881763485994,0.8386238399394897,0.7889257573323305,0.9012376341940858,0.9024440319654485,0.8894657784451026,0.3222500432092781,0.8917839318880125,0.8791909353978857,0.9172894915317802,0.8433473706866228,0.8657305039072043,0.5821149531111328,0.9314553797224701,0.2940426306563939,0.9271009640247969,0.9459533477380775,0.8958070756300918,0.8952920587572564,0.8823062429081607,0.9360123464869743,0.5740843197129466,0.9424920127795524,0.8392815750630273,0.947752420917731,0.9424920127795524,0.9360123464869741,0.9459533477380777,0.9531057683512587,0.6170493570997237,0.8976541691085209,0.9555383641697375,0.836542627432507,0.9576735770276548,0.937584438157661,0.9314553797224701,0.8358043627219004,0.9344681175525122,0.9576735770276548,0.7837206220436663,0.9110906193450521,0.8848712502248579,0.9285324039439793,0.934468117552512,0.48113635985620373,0.9496037211238535,0.997222278815483,0.8929489608197008,0.782472520322233,0.9299834289466349,0.9645325849988504,0.9360123464869743,0.9201981569430602,0.8578802781954209,0.7580083418866845,0.8988430035065227,0.940821549823033,0.9922101396567975,0.7429555442594815,0.9175383063396303,0.9299834289466347,0.9314553797224701,0.7036919613448266,0.9360123464869741,0.6645374445673153,0.9299834289466347,0.5644277678695335,0.8719156351469493,0.9496037211238535,0.8354015438796936,0.696067384786817,0.912359476799596,0.892948960819701,0.9555383641697375,0.794084976222859,0.8848712502248579,0.9534886050081051,0.9110906193450523,0.9980965995557116,0.8873533009789314,0.9515133476881705,0.9555383641697375,0.9908644354749631,0.6901593365439136,0.9865915329321684,0.3315102469305289,0.9350839192327514,0.8119936899116005,0.9852542301053672,0.9408215498230332,0.9564656546829656,0.9459533477380775,0.26249292663314894,0.9459533477380775,0.9459533477380775,0.8071419677837104,0.9314553797224701,0.997222278815483,0.9459533477380775,0.7972200682837467,0.8273466303940549,0.9098310498422769,0.8433473706866228,0.5451714503412677,0.7216242962744108,0.8976541691085209,0.8964706102804103,0.8296609453116082,0.9391866557097981,0.8791909353978857,0.9534886050081051,0.9123594767995957,0.8703808970142307,0.8467269607313441,0.5906461013560692,0.9391866557097979,0.9424920127795526,0.8824303364090562,0.9039625825630316,0.725040830097636,0.3222500432092781,0.8941182576784141,0.934468117552512,0.9285324039439791,0.9677078677803634,0.8388184704910293,0.5984189889242251,0.9000373939808763,0.9314553797224698,0.9149270915494647,0.9496037211238535,0.9344681175525122,0.947752420917731,0.6511298358443386,0.8478507258139241,0.9728037245017032,0.9515133476881703,0.9951063098946,0.9408215498230332,0.8883221150889408,0.7463289785855665,0.9350839192327516,0.7623554974216555,0.943204091568967,0.9599080294518358,0.7216242962744108,0.836542627432507,0.8964706102804101,0.7250365364710567,0.9868619655962765,0.9012376341940858,0.9395972874156606,0.9459533477380775,0.2940426306563939,0.9110906193450525,0.9459533477380777,0.9120136950985209,0.9344681175525125,0.9424920127795526,0.5825432629709406,0.7632112604920249,0.9314553797224701,0.792136922033998,0.8088256562415745,0.8184192001105327,0.9360123464869743,0.8579208771607549,0.9424920127795524,0.9951011472655114,0.810787048372184,0.9098310498422768,0.9299834289466347,0.7535801967671494,0.8724396621400958,0.7146323984142656,0.8545708706492459,0.9136381231722888,0.9036237117624288,0.7597505096696291,0.9201981569430604,0.957673577027655,0.9329497321807896,0.947752420917731,0.7209806300972044,0.9330819649782569,0.920376705497234,0.9442013463068037,0.78852047137364,0.8015055770268694,0.9599080294518358,0.8713193097015208,0.9496037211238535,0.9536828573969374,0.5166787279396317,0.9285324039439793,0.9957194866787559,0.5906461013560693,0.9329497321807898,0.9983896418435716,0.9035337647796042,0.9442013463068035,0.2940426306563939,0.9599080294518356,0.9459533477380775,0.9136381231722888,0.977871478126555,0.9086693623495614,0.9582299683733857,0.9459533477380775,0.9736831705262277,0.9231198983874689,0.9000373939808761,0.9175383063396301,0.6226136845668238,0.9443957023935474,0.9381464391926995,0.772207570872351,0.939904858603676,0.9000373939808763,0.8410864781348424,0.8837301903431398,0.26249292663314894,0.700804488043281,0.9242920540600268,0.9496037211238535,0.9502726792490606,0.9599080294518356,0.9229124393123012,0.9424920127795526,0.9599080294518358,0.9375844381576608,0.9706982209232327,0.9459533477380777,0.8886615438957008,0.5327060222732698,0.9555383641697375,0.9459533477380777,0.934468117552512,0.7535801967671492,0.789561825104905,0.9442013463068037,0.9515133476881705,0.940821549823033,0.9442013463068037,0.9442013463068037,0.9136381231722888,0.9459533477380775,0.940821549823033,0.901237634194086,0.9459533477380775,0.9299834289466347,0.8837301903431398,0.9555383641697375,0.3222500432092781,0.9534886050081051,0.947752420917731,0.9442013463068037,0.7349629166870872,0.8489732636249692,0.9314553797224701,0.8308140518782612,0.9459533477380775,0.9769097246611171,0.9496037211238535,0.82241523538388,0.8338539721527618,0.6776962994603152,0.9555383641697375,0.947752420917731,0.9329497321807898,0.9098310498422768,0.9329497321807898,0.37076935752005236,0.9907143086558443,0.9162269502513476,0.9201981569430602,0.8617663182646211,0.9360123464869741,0.9555383641697375,0.925687886831601,0.3222500432092781,0.9012376341940858,0.8319645762487426,0.9459533477380775,0.9919305345581159,0.5410962745215746,0.957673577027655,0.9678290918974175,0.37187785338482193,0.9894969760647812,0.8131962973777598,0.9424920127795524,0.7776691143291308,0.7708237674759126,0.9459533477380775,0.9459533477380775,0.9085802966718615,0.8742662697405406,0.8964706102804105,0.9820113945838143,0.8354015438796936,0.9936784454743641,0.6623910627797638,0.7869631914283186,0.9285324039439791,0.8009771539783097,0.9459533477380775,0.8941182576784141,0.2940426306563939,0.9599080294518356,0.9853212789890557,0.22686155472932423,0.8203324548260422,0.9459533477380775,0.9459533477380775,0.7594661760243921,0.9459533477380777,0.76803309931526,0.22723031374726166,0.8478507258139243,0.8565083545532761,0.9229124393123014,0.7133411061949764,0.8238535688751862,0.8989526780659398,0.9459533477380775,0.9907143086558443,0.805918234680862,0.34767929968026734,0.9555383641697375,0.9123483154835406,0.9039319767184211,0.9048766089350637,0.9123594767995957,0.947752420917731,0.6163713018450955,0.9459533477380775,0.8155897859167087,0.9123594767995957,0.8929489608197008,0.6997073958033871,0.9173380835801881,0.9375844381576608,0.8988430035065225,0.7177809962387671,0.9534886050081051,0.8601523251100107,0.8534530388405703,0.940821549823033,0.9576735770276548,0.9175383063396301,0.9271009640247971,0.8009771539783097,0.9515133476881703,0.9442013463068037,0.7851794105127564,0.924292054060027,0.9907143086558443,0.9162269502513478,0.9599080294518356,0.9098310498422768,0.9599080294518356,0.9599080294518358,0.700804488043281,0.9994890516008976,0.8894657784451023,0.9459533477380777,0.9576735770276548,0.48919955396608206,0.9344681175525122,0.7612562522625963,0.9391866557097983,0.9442013463068033,0.9242920540600268,0.8871620821950172,0.9477524209177308,0.9401666948359446,0.9123594767995955,0.8668703112866096,0.8419698115525006,0.9459533477380775,0.8848712502248581,0.9459533477380777,0.7763145111532375,0.957673577027655,0.9285324039439791,0.9299834289466344,0.7128791503977775,0.9459533477380775,0.792136922033998,0.7216242962744107,0.9299834289466344,0.7934159251299586,0.8155897859167085,0.8009771539783096,0.2940426306563939,0.8107870483721842,0.8504983624441863,0.9550691846618347,0.834214987216132,0.9314553797224698,0.7974859260985395,0.9599080294518358,0.9314553797224698,0.9459533477380777,0.6462579916378983,0.9329482657043761,0.8285051677670632,0.8964706102804103,0.7146323984142657,0.9459533477380777,0.9442013463068037,0.8319645762487426,0.938788216159729,0.7250408300976361,0.7623554974216555,0.7365745432840503,0.9459533477380775,0.7749528077373982,0.6045634909788484,0.9175383063396301,0.9459533477380775,0.8296609453116082,0.9391866557097979,0.22686155472932423,0.9314553797224701,0.9442013463068035,0.9630707417532701,0.9271009640247971,0.7212270937874563,0.924292054060027,0.9787821535244001,0.9314553797224703,0.7110483124425815,0.9459533477380775,0.9229124393123012,0.9459533477380775,0.9555383641697375,0.8505519961852752,0.8769340287666243,0.9599080294518356,0.9215480977067743,0.9239272492759627,0.8988430035065229,0.5192352368023199,0.9459533477380775,0.8215094261899887,0.8095762779683153,0.7827832223130279,0.9201981569430602,0.9688440619373718,0.911315012010842,0.9201981569430597,0.918861809581256,0.9110906193450523,0.8860151533715293,0.7365745432840506,0.9110906193450523,0.9091612453963546,0.9515133476881705,0.5283851172492295,0.9110906193450523,0.9599080294518356,0.9271009640247969,0.947752420917731,0.6932610426722381,0.9442013463068035,0.9188618095812562,0.9299834289466347,0.8848712502248579,0.3622196208356152,0.9314553797224698,0.9085802966718612,0.9256878868316012,0.9442013463068035,0.934468117552512,0.7997298457662128,0.6058854609343279,0.959390001824093,0.8226831008260225,0.9061034849845075,0.8303725425782195,0.9256878868316012,0.947752420917731,0.3222500432092781,0.8952920587572561,0.9909102788434876,0.5740843197129472,0.9229124393123014,0.9662311315641035,0.2940426306563939,0.26249292663314894,0.8657305039072045,0.9215480977067743,0.8579208771607554,0.912359476799596,0.5906461013560697,0.8433473706866228,0.9329497321807896,0.9188618095812562,0.2465371221124394,0.8822599851269501,0.965675107921693,0.6567671867546985,0.8941182576784141,0.9265145553712006,0.9534886050081051,0.9191935655413226,0.8679639303639384,0.9271009640247971,0.940821549823033,0.4923780558214348,0.8929489608197008,0.8634987624252985,0.8779582788912845,0.4756567281571502,0.8342582334437214,0.9442013463068035,0.9410581871711017,0.8107870483721844,0.9496037211238535,0.34767929968026734,0.879190935397886,0.9229124393123007,0.9496037211238537,0.8917839318880125,0.8545708706492454,0.8694444869495286,0.9424920127795524,0.41125310614128263,0.8215094261899889,0.9709760367855709,0.9330819649782567,0.984201166542795,0.8500946683680415,0.5252936325804933,0.26249292663314894,0.8860151533715293,0.9285324039439791,0.947752420917731,0.957673577027655,0.8780615512279368,0.9555383641697375,0.8617026589491736,0.26249292663314894
p106_L,0.8991515901032063,0.9453030402757783,0.7161557990058252,0.9765510393593577,0.9526370111116407,0.9648659912110238,0.9327860630186893,0.9305403654214683,0.910310736217455,0.9629078616894176,0.9439253608596803,0.9511016704226434,0.9511016704226434,0.9277359074596556,0.9166400151447349,0.735322014071518,0.9873274034062989,0.9361160018916064,0.9610366993022688,0.9629078616894176,0.7291792816942984,0.9425720985427191,0.8896463743514134,0.9736183137840244,0.9412414838519025,0.9361160018916064,0.9481398354780852,0.9220855717829912,0.9629078616894176,0.8805472616874046,0.9300668284196516,0.957509435301382,0.9467071200650465,0.9243180392978652,0.9526370111116407,0.9610366993022685,0.9542136024350834,0.9467071200650465,0.9648659912110238,0.9879700133881206,0.6905402417772541,0.9373704232137268,0.9648659912110238,0.9187969445925777,0.9481398354780852,0.7865342546535391,0.9558359621451105,0.9072120922355342,0.9348776724743586,0.8991086132420372,0.957509435301382,0.6851149498755789,0.9361160018916064,0.9453030402757783,0.9467071200650465,0.38661963947657485,0.9859410630732464,0.9526370111116405,0.7560495458914247,0.9496037211238535,0.912399240286141,0.8425509890153133,0.9361160018916066,0.5695585331492286,0.9592404230051592,0.836297322381335,0.9652137684610214,0.8987613725012111,0.8242743687062484,0.9610366993022685,0.9748006002614296,0.37492189564673706,0.9526370111116407,0.8383948208633003,0.9526370111116405,0.5828435635841787,0.7032297266306959,0.6342404219710973,0.8352434350141633,0.9648659912110236,0.9439253608596803,0.9386420076357271,0.9312498291554212,0.9900588676412958,0.9526370111116405,0.9231975163531971,0.9425720985427188,0.7575505983588415,0.9011161501496319,0.9511016704226434,0.9526370111116405,0.8991086132420374,0.8133482612876617,0.8646954736999408,0.931249829155421,0.9072120922355342,0.8971110481409439,0.6164697371521514,0.8320602288053405,0.8309916996778286,0.933654454952398,0.9558359621451105,0.9526370111116407,0.8676499406085265,0.8794015740660156,0.9610366993022685,0.9134510531460027,0.811009619429409,0.9412414838519025,0.840479161229315,0.9198202436892433,0.9373704232137268,0.8504636644420465,0.9589654814068509,0.9558359621451105,0.7979454077493464,0.9931163690142987,0.9610366993022685,0.9648659912110238,0.8676499406085265,0.9187969445925779,0.8931410336709438,0.9412414838519025,0.9801704643354423,0.9361160018916064,0.8665888856018398,0.9542136024350834,0.8705954752723886,0.9511016704226434,0.9209817665727265,0.881356890785397,0.5220820189274481,0.9652137684610212,0.9648659912110236,0.9481398354780852,0.9844481470186852,0.8872325694620833,0.9652137684610214,0.957509435301382,0.9496037211238537,0.7575505983588418,0.9629078616894173,0.8982237067147956,0.7355471990326266,0.8951222364985463,0.9166400151447351,0.9001110559421437,0.852744627559685,0.9348776724743586,0.8047947912836029,0.9629078616894176,0.9123992402861405,0.8656814261022983,0.710571642568739,0.957509435301382,0.9348776724743588,0.9413455330691154,0.9649840504564584,0.8998492893872085,0.8931410336709438,0.8200790560505897,0.8949977467327624,0.9386420076357269,0.8155856001785136,0.6187581535962698,0.9220855717829912,0.9378370728938006,0.9728308952426489,0.6623875538882287,0.8557565635983042,0.9277359074596556,0.9511016704226434,0.8571991125642091,0.852744627559685,0.9061256028138261,0.9703171020126445,0.9552175050422179,0.9489452656760311,0.9730862985612763,0.8941307528793181,0.684352185941218,0.952738315625298,0.933654454952398,0.9511016704226434,0.8686326671635054,0.8965891561155481,0.8676499406085267,0.9082407355488131,0.9453030402757783,0.9783400888843532,0.9496037211238535,0.9103107362174554,0.7336531223545585,0.8039765114147404,0.9123992402861407,0.9526370111116405,0.9542136024350836,0.9496037211238535,0.9072120922355342,0.775037334804993,0.8991086132420372,0.9511016704226434,0.9526370111116405,0.6396344886263513,0.8039765114147406,0.9629078616894176,0.9526370111116405,0.8446109430683048,0.9209817665727265,0.8941307528793183,0.8666662211060937,0.5856365084272992,0.9511016704226434,0.9526370111116405,0.8656814261022981,0.9526370111116403,0.8244961955520118,0.706135291542227,0.7119868333828538,0.9526370111116405,0.9042162740830947,0.9526370111116405,0.880519001533921,0.8733964066108945,0.9220855717829912,0.6183143059691418,0.9558359621451105,0.7866487334406875,0.9496037211238537,0.9399319300513138,0.9425720985427191,0.9123992402861407,0.8364667308502769,0.46354008682753944,0.957509435301382,0.9061873961293253,0.8981086621953585,0.9092735418441049,0.5790004185113182,0.9209817665727265,0.9209817665727265,0.948139835478085,0.8931410336709438,0.9496037211238535,0.9526370111116405,0.9092735418441047,0.9526370111116405,0.8222967889645656,0.9209817665727265,0.957509435301382,0.9324454498571317,0.7866487334406875,0.9542136024350834,0.9198856874256711,0.9412414838519025,0.9001110559421437,0.8752885460677959,0.8705954752723888,0.9558359621451105,0.915294934512644,0.6657156257416805,0.8547546403115025,0.9511016704226434,0.9592404230051592,0.9028184736650844,0.9648659912110238,0.8099851764138046,0.9355865875112196,0.9529449740547581,0.9837171114810386,0.8833132812750144,0.957509435301382,0.8587509369841102,0.8110096194294091,0.7929984735168571,0.9610366993022685,0.840479161229315,0.9649840504564584,0.9386420076357271,0.9082407355488133,0.9610366993022685,0.745978003328333,0.857258806876982,0.9592404230051592,0.574337631271304,0.9277359074596556,0.9558359621451105,0.4164522503756479,0.8200790560505897,0.9496037211238537,0.0,0.9558359621451105,0.7648826756137952,0.9610366993022685,0.8253049072689455,0.8646954736999408,0.5867072331685041,0.8547546403115023,0.9610366993022688,0.9526370111116409,0.9879700133881206,0.9496037211238535,0.9575094353013822,0.8155856001785136,0.9051664401581994,0.9558359621451105,0.9348776724743586,0.9220855717829912,0.7435863378643106,0.9155711502428496,0.8921529459435535,0.8497130258115502,0.8623117216340956,0.846659656662168,0.9164201668122128,0.9629078616894173,0.9103107362174554,0.9629078616894176,0.9243180392978652,0.9209817665727265,0.5203025446251337,0.9558359621451105,0.9526370111116405,0.9575094353013816,0.9092735418441047,0.9361160018916066,0.9610366993022685,0.9592404230051592,0.9511016704226434,0.9526370111116405,0.9412414838519023,0.9610366993022685,0.9648659912110238,0.9166400151447349,0.8661586408023221,0.9386420076357271,0.9575094353013822,0.8446109430683046,0.7231456517202985,0.9412414838519025,0.9467071200650465,0.7021249138262726,0.9558359621451105,0.9243180392978652,0.7483585156811928,0.9453030402757783,0.9166400151447349,0.9648659912110236,0.7814252209615562,0.9243180392978652,0.7929984735168571,0.9481398354780852,0.9511016704226434,0.9265867198367661,0.8096294045230257,0.8200790560505897,0.8211902596649283,0.7386871664249512,0.9526370111116405,0.8637082826037767,0.9231975163531971,0.9254476077793647,0.9231975163531971,0.9629078616894173,0.8557565635983042,0.9526370111116405,0.9526370111116405,0.9348776724743586,0.9103107362174554,0.9020294315021224,0.9526370111116403,0.9629078616894176,0.9526370111116409,0.9277359074596556,0.5790004185113193,0.8039765114147404,0.9773757151292215,0.9288957400617388,0.9425720985427191,0.717652995335265,0.7530110061558706,0.9526370111116405,0.6014176893103869,0.9220855717829912,0.7917437350152448,0.7942458793111877,0.9783400888843532,0.8784240722117911,0.07458314556106416,0.809851971481867,0.9526370111116405,0.7663159483485273,0.9361160018916064,0.8686326671635054,0.7213333534582096,0.9542136024350834,0.7195026022793823,0.9467071200650465,0.9526370111116405,0.9031349604797554,0.8178422485024102,0.9526370111116405,0.9288957400617388,0.8086886533123152,0.7000853882408263,0.7435863378643104,0.8155856001785136,0.9526370111116405,0.8843313474963692,0.865681426102298,0.9592404230051592,0.8944208730785337,0.7435863378643106,0.9134510531460025,0.9145082620913982,0.702008782362597,0.9558359621451105,0.9051664401581991,0.8941307528793183,0.9967391619170716,0.862719772067565,0.8823349016943813,0.6337925846638767,0.939931930051314,0.9575094353013818,0.9361160018916066,0.9526370111116405,0.8714717093867046,0.9082407355488133,0.8255892557605069,0.9439253608596803,0.9324454498571315,0.9496037211238537,0.8121617028001499,0.9542136024350834,0.9496037211238537,0.9439253608596803,0.9526370111116409,0.945303040275778,0.6083617615102096,0.9103107362174552,0.9610366993022685,0.8567565353887991,0.9629078616894176,0.945303040275778,0.939931930051314,0.9052139044207741,0.9425720985427188,0.9629078616894176,0.7936709921326546,0.9220855717829912,0.9375821720172512,0.9373704232137268,0.9983948723195168,0.5544682858415846,0.9558359621451105,0.6048035961832158,0.9061873961293254,0.9923442487592722,0.9386420076357271,0.9465146323386673,0.9439253608596805,0.9300668284196516,0.8507258744656068,0.7879341691923534,0.953270131910047,0.9481398354780852,0.80635240078586,0.9363467946367829,0.9277359074596556,0.9386420076357271,0.9399319300513143,0.7403348078925528,0.9439253608596805,0.6805959808568542,0.9386420076357271,0.9665480300996037,0.8376572239763223,0.9558359621451105,0.8879294594533995,0.7645217555830746,0.969757263765453,0.9061873961293254,0.9610366993022685,0.8550065733210683,0.8991086132420372,0.9592404230051592,0.9220855717829912,0.9481398354780852,0.987327403406299,0.9575094353013822,0.9610366993022685,0.9801704643354423,0.7284756911618846,0.7686657142462978,0.9511016704226434,0.6408643693226075,0.8352434350141633,0.9134510531460025,0.948139835478085,0.9450419189054637,0.9526370111116405,0.9592404230051594,0.9526370111116405,0.9526370111116405,0.8309916996778284,0.9399319300513145,0.9714058757497572,0.9526370111116405,0.8222967889645656,0.848697758622408,0.9209817665727266,0.8627197720675652,0.6014176893103871,0.7560495458914247,0.9103107362174552,0.9092735418441045,0.8507258744656065,0.9467071200650463,0.6949204957705726,0.9592404230051592,0.9231975163531969,0.7929984735168573,0.865681426102298,0.9300668284196516,0.9467071200650465,0.9496037211238537,0.7991647789411427,0.9592404230051592,0.9031349604797552,0.9558359621451105,0.9072120922355342,0.9425720985427188,0.9373704232137268,0.3215740556938411,0.8587509369841102,0.9288957400617388,0.9123992402861407,0.939931930051314,0.9254476077793645,0.9558359621451105,0.9425720985427193,0.9542136024350834,0.9198856874256711,0.8666662211060936,0.7041413728147148,0.957509435301382,0.8678692326449855,0.9481398354780852,0.9443883262864894,0.8971110481409439,0.9511016704226434,0.7917437350152448,0.4084109182905139,0.9648659912110236,0.7560495458914247,0.8567565353887991,0.9092735418441047,0.7590398124066348,0.9983948723195168,0.9134510531460025,0.8901811511257471,0.9526370111116405,0.9575094353013818,0.9220855717829912,0.9526370111116407,0.6587133413777284,0.9425720985427188,0.9496037211238535,0.9312498291554214,0.7195026022793825,0.9399319300513138,0.8178422485024102,0.9629078616894176,0.7705531152105065,0.9439253608596803,0.8754910501451354,0.9496037211238537,0.9467071200650465,0.8650546456747357,0.9665480300996037,0.9386420076357271,0.7840536293380747,0.888214373845492,0.7803993678854956,0.8725553212046715,0.8873306148945664,0.8425509890153136,0.7931965366205516,0.9300668284196516,0.9629078616894176,0.9412414838519025,0.9542136024350834,0.896486012676323,0.9092735418441047,0.9001110559421444,0.9511016704226434,0.76773864972953,0.7021249138262724,0.9428375253830151,0.8872325694620835,0.9558359621451105,0.969757263765453,0.9681385641755447,0.9373704232137268,0.9082407355488131,0.9300668284196516,0.9412414838519025,0.9452045885097758,0.9958126081161451,0.9511016704226434,0.957509435301382,0.9648659912110238,0.9526370111116405,0.9243180392978652,0.648059154059523,0.8200790560505897,0.9254476077793647,0.9526370111116403,0.8911663603911606,0.7611811794511724,0.9123992402861405,0.9277359074596556,0.6739029008690659,0.985470710432321,0.889197195483969,0.8003774546971085,0.39776830759733683,0.9123992402861407,0.8607384721289719,0.9363467946367829,0.9592404230051594,0.9505241704836671,0.933654454952398,0.9558359621451105,0.9209817665727265,0.9648659912110238,0.9324454498571317,0.9496037211238535,0.9648659912110238,0.25414928049521424,0.933654454952398,0.9526370111116407,0.7000853882408267,0.590493794742189,0.9610366993022688,0.9526370111116407,0.9425720985427191,0.7840536293380748,0.8155856001785136,0.9511016704226434,0.8106601759858286,0.948139835478085,0.9511016704226434,0.9511016704226434,0.9243180392978652,0.9526370111116405,0.948139835478085,0.9134510531460027,0.9526370111116405,0.9386420076357271,0.9363467946367829,0.9610366993022685,0.9558359621451105,0.9592404230051594,0.9542136024350834,0.9511016704226434,0.9789433391238309,0.8676499406085265,0.939931930051314,0.8517363824474662,0.9526370111116405,0.913451053146003,0.9558359621451105,0.39181418557610836,0.8075195577599243,0.9575139843524121,0.9610366993022685,0.9542136024350834,0.9412414838519025,0.9209817665727265,0.9412414838519025,0.9526370111116405,0.9665480300996039,0.9769855193139068,0.9697258997487671,0.8497130258115504,0.8752885460677959,0.9610366993022685,0.9348776724743586,0.9558359621451105,0.9560815611946234,0.852744627559685,0.9526370111116405,0.9773757151292214,0.6709853803344822,0.9629078616894176,0.7397639704245083,0.948139835478085,0.9439253608596803,0.8362973223813353,0.9496037211238537,0.8051635979868559,0.7991647789411425,0.9526370111116405,0.9526370111116405,0.9198856874256713,0.8738328753514066,0.9092735418441047,0.7560495458914247,0.8557565635983042,0.7435863378643106,0.704141372814715,0.8133083257720881,0.9373704232137268,0.8255892557605069,0.9526370111116405,0.9072120922355342,0.9575094353013818,0.9648659912110238,0.7195026022793822,0.9610366993022685,0.8425509890153133,0.9526370111116405,0.9526370111116405,0.7892117206997185,0.9526370111116409,0.7967192179387048,0.9393618431817528,0.7683200278016402,0.5695585331492286,0.932445449857132,0.9061873961293254,0.8770986505728717,0.8458668379645262,0.9526370111116403,0.9209817665727262,0.8299192991696218,0.9542136024350834,0.9610366993022685,0.9314897302747827,0.7530110061558704,0.9166400151447351,0.9231975163531971,0.9542136024350834,0.6638126320958511,0.9526370111116405,0.8383948208633003,0.9231975163531971,0.9061873961293254,0.881356890785397,0.6480591540595233,0.945303040275778,0.9113525537588967,0.8965891561155481,0.9592404230051592,0.7086229121455403,0.8715757257382066,0.9481398354780852,0.9629078616894176,0.9277359074596556,0.9361160018916064,0.9911410415624385,0.957509435301382,0.9511016704226434,0.8842921321245036,0.933654454952398,0.9209817665727262,0.9265867198367661,0.9648659912110238,0.9209817665727262,0.9648659912110238,0.9648659912110238,0.9092735418441047,0.9254476077793645,0.9031349604797554,0.9526370111116407,0.9629078616894176,0.9425720985427191,0.9425720985427188,0.9689437231622964,0.9902930825832765,0.9511016704226434,0.933654454952398,0.9011161501496323,0.9542136024350836,0.7954860842554725,0.9231975163531971,0.8352434350141633,0.8144495911033482,0.9526370111116405,0.8991086132420374,0.9073884413700836,0.9853618823459059,0.9629078616894176,0.9373704232137268,0.9386420076357267,0.8987613725012116,0.9526370111116405,0.8178422485024102,0.7560495458914247,0.9386420076357267,0.8189630840562674,0.8383948208633003,0.8255892557605068,0.9575094353013818,0.8341860124462197,0.855756563598304,0.7560495458914246,0.7605174113429303,0.9399319300513138,0.9818155616835189,0.9648659912110236,0.8328391424856559,0.9526370111116409,0.9051664401581994,0.9348776724743586,0.8497130258115502,0.9092735418441047,0.7499222990259984,0.9526370111116407,0.9511016704226434,0.852744627559685,0.72595493899914,0.9821062119112849,0.7917437350152448,0.769150974996861,0.9526370111116405,0.8027832026517656,0.6534650306913536,0.9277359074596556,0.9526370111116405,0.8507258744656065,0.9467071200650465,0.9610366993022685,0.9399319300513143,0.9511016704226434,0.7239396358887542,0.9361160018916065,0.9041490253843174,0.933654454952398,0.9575139843524121,0.6624174468883834,0.7467814379930318,0.9526370111116405,0.932445449857132,0.9526370111116405,0.9610366993022685,0.7471844708650972,0.8921529459435535,0.9648659912110238,0.9312498291554214,0.7907957676628272,0.9113525537588967,0.9765510393593577,0.9526370111116405,0.8435824105613208,0.8331249716086317,0.7154691980060808,0.9300668284196518,0.9665480300996039,0.9575094353013822,0.9300668284196516,0.9288957400617388,0.9220855717829912,0.9001110559421439,0.7691509749968611,0.9220855717829912,0.3888522459445164,0.9575094353013822,0.5867072331685041,0.9220855717829912,0.9648659912110238,0.9361160018916066,0.9542136024350834,0.9302947288966976,0.9511016704226434,0.9288957400617388,0.9386420076357269,0.8991086132420372,0.6233555981585014,0.9399319300513138,0.9198856874256713,0.9348776724743586,0.9511016704226434,0.9425720985427191,0.9160273288591823,0.9277359074596556,0.9082407355488131,0.8446109430683046,0.9177151699279686,0.655434515298461,0.9348776724743586,0.9542136024350834,0.9558359621451105,0.9901068178489287,0.9011161501496316,0.9324454498571317,0.932445449857132,0.9478374857144207,0.9575094353013818,0.9592404230051594,0.9879781590338745,0.9312498291554212,0.7822127505030366,0.969757263765453,0.9300668284196516,0.961074221084093,0.942990249213453,0.9288957400617388,0.9526370111116405,0.9424505244031278,0.8862516682966308,0.9187969445925774,0.9072120922355342,0.7826448484325199,0.9592404230051592,0.9243180392978652,0.9908764668187222,0.9361160018916064,0.9481398354780852,0.9312498291554212,0.9061873961293254,0.9851265078035902,0.8930303361848517,0.9439253608596803,0.9510354428286436,0.9511016704226434,0.9279254774427177,0.9267919121317676,0.9558359621451105,0.9542136024350834,0.9314897302747827,0.9324454498571311,0.9558359621451105,0.9852427368613523,0.8725553212046713,0.9303855895559969,0.9496037211238535,0.9496037211238537,0.8435824105613208,0.9386420076357271,0.9257239435976461,0.9558359621451105,0.8686326671635054,0.9386420076357269,0.9592404230051594,0.9001110559421439,0.9373704232137268,0.9542136024350834,0.9629078616894176,0.8931410336709438,0.9610366993022685,0.923203371227233,0.9592404230051594
p106_P,0.919922536315012,0.945303040275778,0.9760557307924651,0.9746338287409401,0.9526370111116407,0.9428375253830149,0.9738664692576162,0.9185991421540305,0.9103107362174552,0.9629078616894173,0.9439253608596803,0.9511016704226432,0.9511016704226432,0.925818696841238,0.951968770631014,0.9953978806517948,0.9227946422906833,0.9361160018916062,0.9610366993022685,0.9493957255905623,0.9702619328599775,0.9425720985427188,0.9399319300513138,0.9736183137840242,0.9412414838519025,0.9361160018916062,0.987327403406299,0.922085571782991,0.9493957255905625,0.9706129937636438,0.9697258997487671,0.957509435301382,0.9467071200650465,0.9243180392978652,0.9773757151292213,0.7877259137311909,0.9736183137840242,0.9902930825832764,0.9648659912110238,0.9058453047843554,0.932503659033307,0.9373704232137268,0.9648659912110236,0.9634451361870242,0.7291963589438358,0.9871041288852482,0.9695808922938258,0.9072120922355345,0.9348776724743584,0.8991086132420374,0.9652137684610214,0.8476647808038124,0.9900588676412958,0.945303040275778,0.9467071200650463,0.9094857206850571,0.933654454952398,0.9526370111116407,0.8471182680454905,0.9180060542094436,0.9123992402861407,0.9676785343596862,0.9361160018916064,0.9868418685480091,0.9592404230051592,0.9291868988815264,0.8106601759858281,0.9649212652990378,0.9655262055283296,0.7877259137311909,0.9748006002614296,0.8527529638705935,0.9773757151292213,0.8694583018704125,0.9526370111116407,0.968848707670247,0.9393618431817528,0.9439253608596803,0.8352434350141635,0.9648659912110236,0.995812608116145,0.6707907717378426,0.9312498291554212,0.9361160018916064,0.9526370111116407,0.9836829888222908,0.7032297266306957,0.9088294956035703,0.9790460413412314,0.9511016704226432,0.9526370111116407,0.9375821720172512,0.9051147616874997,0.9044498963757315,0.9671595166054915,0.8896609403700337,0.8748337527607466,0.9921682189593071,0.8628398878670416,0.9232033712272332,0.909485720685057,0.8204146011716987,0.9773757151292213,0.9675159048758009,0.7381081220788992,0.9610366993022685,0.9560815611946234,0.9619647737944323,0.9412414838519025,0.8716488174471995,0.7604267522281004,0.9373704232137268,0.9720020980078723,0.9155711502428494,0.9558359621451105,0.888080273025581,0.7467940061746049,0.9610366993022685,0.9428375253830149,0.9342272501200426,0.9634451361870242,0.9953978806517947,0.9429902492134531,0.9300668284196518,0.6862839378605672,0.8020674121309699,0.9014502300031315,0.9276797318633756,0.9128870094924402,0.9665480300996034,0.881356890785397,0.9558359621451105,0.810660175985828,0.9648659912110236,0.9481398354780852,0.9512060612711244,0.9326225487423067,0.8879369722234249,0.957509435301382,0.9496037211238533,0.9698541749282157,0.9629078616894173,0.9291868988815264,0.9502107211581168,0.8418888262364448,0.9166400151447349,0.9388267942128115,0.852744627559685,0.9348776724743586,0.7747002761065519,0.7740029001505221,0.9123992402861405,0.9649212652990378,0.9983511487423209,0.9652137684610214,0.9348776724743586,0.980211523277863,0.8997208604511798,0.8998492893872083,0.9953978806517948,0.9368440768177579,0.6712483100495719,0.9497673578995786,0.8155856001785131,0.8573045641059758,0.922085571782991,0.9949213294847875,0.9465146323386673,0.8655688623664046,0.9522752511635897,0.9765510393593577,0.9511016704226432,0.9094857206850571,0.8597889540263581,0.96235090313909,0.9703171020126445,0.9610366993022685,0.9815110427139536,0.9254476077793647,0.968848707670247,0.9177151699279686,0.9905248313934777,0.7526258963225119,0.9511016704226432,0.897589982466173,0.971887349837368,0.8676499406085261,0.9491737766988708,0.9453030402757779,0.9227712134704178,0.9842011665427952,0.9934680088001508,0.9576605453602833,0.9243545721229425,0.9969352503890194,0.9526370111116407,0.9542136024350834,0.9496037211238535,0.9478374857144207,0.9412354087953771,0.8991086132420374,0.9128870094924402,0.9526370111116407,0.9155881827031068,0.8942600569458918,0.9493957255905623,0.9526370111116407,0.9983872930599276,0.9665480300996034,0.968848707670247,0.9330323576683234,0.920977133636502,0.9511016704226432,0.9526370111116407,0.998001211697951,0.9526370111116407,0.8550065733210683,0.9916613732433704,0.9011383376492732,0.9526370111116407,0.9714578717045065,0.9526370111116407,0.963901885593254,0.9160269146595147,0.9397554510393485,0.9735954216165379,0.9695808922938258,0.9067495314528171,0.9496037211238533,0.9399319300513138,0.9425720985427191,0.960796744559541,0.9870775046080911,0.9344184513464585,0.9652137684610212,0.9325036590333071,0.8981086621953585,0.8844733149580837,0.9836644955542195,0.920981766572726,0.920981766572726,0.948139835478085,0.8467830997487794,0.9842011665427953,0.9526370111116407,0.9092735418441047,0.9526370111116407,0.9036981045786228,0.8511869157928869,0.957509435301382,0.932445449857132,0.8166739329437196,0.9542136024350834,0.9198856874256709,0.9412414838519025,0.9063102527045162,0.9355505770919703,0.8705954752723886,0.9558359621451105,0.9450419189054637,0.9799577055509368,0.8547546403115025,0.9511016704226432,0.9604535056538152,0.8166546203739525,0.9648659912110238,0.9074116486170114,0.9074116486170114,0.9373704232137268,0.9489452656760307,0.9044707632416328,0.957509435301382,0.8587509369841102,0.9015827120484232,0.8830740720259549,0.9610366993022685,0.8716488174471995,0.9198856874256709,0.9944373248680742,0.9280270998509559,0.9610366993022685,0.974815081978509,0.95925639730275,0.9592404230051592,0.8946428180839179,0.9765510393593575,0.9558359621451105,0.9815062877983506,0.8200790560505895,0.9496037211238533,0.9558359621451105,0.0,0.7648826756137941,0.9610366993022685,0.9027950502828765,0.864695473699941,0.958244185426041,0.9526837546542144,0.8714717093867044,0.9526370111116407,0.9589376456981176,0.9496037211238535,0.9652137684610215,0.8761423128183068,0.9452045885097757,0.8204146011716984,0.9879700133881204,0.922085571782991,0.8660580870229153,0.9155711502428494,0.8921529459435535,0.8814381460005658,0.9870775046080908,0.9727606595064471,0.9865467188658442,0.9629078616894173,0.9103107362174554,0.9493957255905625,0.9344184513464585,0.9209817665727262,0.9589654814068507,0.9558359621451105,0.9526370111116407,0.957509435301382,0.9669745722372084,0.9900588676412958,0.9610366993022685,0.9604535056538153,0.8448813494499825,0.9526370111116407,0.711453715344164,0.9610366993022685,0.9428375253830147,0.9519687706310139,0.9174349186805673,0.9497673578995787,0.9652137684610215,0.8446109430683042,0.910163589027607,0.9991256173192249,0.9467071200650465,0.9570613159555649,0.969580892293826,0.793154941990783,0.9924415378336475,0.945303040275778,0.9604370865528187,0.9648659912110236,0.9917399066061052,0.9714058757497572,0.9731496705350524,0.9481398354780852,0.9808926695348984,0.7841299976152523,0.9953978806517948,0.8200790560505895,0.8516044549634421,0.9538477333735609,0.9526370111116407,0.9718873498373679,0.9231975163531969,0.9254476077793647,0.9231975163531969,0.9629078616894173,0.8879294594533991,0.9526370111116407,0.9526370111116407,0.9348776724743584,0.9233747186171536,0.9354261958407397,0.9526370111116407,0.8616993128705421,0.9526370111116407,0.9746338287409402,0.9765777693608293,0.8942600569458918,0.8374011676109454,0.9783400888843532,0.8803288140439884,0.937035292386972,0.9354961779469575,0.9526370111116407,0.9288795490854439,0.9681385641755444,0.941858769226817,0.9955546949233898,0.9722155622930323,0.947686778060151,0.9558359621451105,0.809851971481867,0.9526370111116407,0.7663159483485265,0.9559982666090144,0.9020294315021222,0.8462333670063917,0.9542136024350834,0.9384758066320342,0.9272932852315992,0.9526370111116407,0.9426205861955199,0.9091960101941088,0.9526370111116407,0.9722155622930323,0.8991515901032061,0.8917296671834645,0.9579118988918691,0.8155856001785131,0.9526370111116407,0.9354977161332689,0.9318413189001247,0.7195352916307385,0.9598028955500122,0.9808522265288284,0.9134510531460027,0.9145082620913978,0.9389225366571855,0.969580892293826,0.9452045885097757,0.8941307528793181,0.9967391619170713,0.8627197720675648,0.9768074218529612,0.9119673511039381,0.9399319300513138,0.957509435301382,0.9020554008593251,0.9526370111116407,0.6202343224201636,0.9491737766988708,0.9477690575452098,0.995812608116145,0.9324454498571317,0.9496037211238533,0.9461493705792463,0.8292821462222394,0.9496037211238533,0.9439253608596803,0.9526370111116407,0.623632824754758,0.8965935723831846,0.9103107362174552,0.9610366993022685,0.8890106760597563,0.9629078616894176,0.9931163690142987,0.9399319300513138,0.9959782177382006,0.8803288140439884,0.9629078616894173,0.964470126577956,0.8937024586467948,0.9469971516571073,0.9373704232137268,0.9425720985427191,0.9257239435976459,0.969580892293826,0.9815062877983506,0.9868418685480091,0.9209624555006568,0.9944373248680742,0.9728308952426489,0.9355505770919704,0.9300668284196516,0.9267077491745545,0.9680722102462396,0.953270131910047,0.8582618811750674,0.9184204054837377,0.9871769404803682,0.9765510393593577,0.9386420076357269,0.9464536062171709,0.9552077543614652,0.8752885460677958,0.7786690145640727,0.9386420076357269,0.8511869157928869,0.8911037800760973,0.8949977467327623,0.8879294594533991,0.9885291785887991,0.8905634939977785,0.9465146323386673,0.9610366993022685,0.9924415378336475,0.9375821720172512,0.9592404230051592,0.7555434814691344,0.9873274034062991,0.987327403406299,0.9652137684610215,0.9610366993022685,0.9196222638329763,0.7905009128495415,0.9919066722185296,0.9511016704226432,0.9808926695348984,0.9279890523786394,0.9160269146595149,0.948139835478085,0.9101261322599905,0.9526370111116407,0.9592404230051592,0.9526370111116407,0.9526370111116407,0.8309916996778286,0.9399319300513138,0.9344184513464584,0.9526370111116407,0.8222967889645649,0.848697758622408,0.9665480300996036,0.9938590374229357,0.7833409447409734,0.8471182680454904,0.9649533549085013,0.9505241704836671,0.8507258744656063,0.9467071200650463,0.9190743601433595,0.9592404230051592,0.983682988822291,0.9968251299619151,0.9649212652990378,0.9300668284196516,0.9902930825832763,0.9496037211238535,0.9904666825446744,0.9592404230051592,0.9426205861955199,0.9695808922938259,0.9072120922355342,0.9983948723195168,0.7884180699574841,0.8896463743514134,0.8911735721146645,0.9783400888843532,0.912399240286141,0.9399319300513138,0.9730862985612765,0.9558359621451105,0.9425720985427191,0.9736183137840243,0.9198856874256709,0.9330323576683235,0.9585029457973886,0.957509435301382,0.9993984942305538,0.9481398354780852,0.9655262055283292,0.8971110481409439,0.9808926695348984,0.8217667418575592,0.763978208127317,0.9428375253830147,0.8471182680454905,0.9535189574016714,0.9092735418441045,0.9408585557806558,0.8803288140439886,0.9560815611946234,0.8901811511257471,0.9526370111116407,0.957509435301382,0.9681385641755447,0.9773757151292214,0.9613005306740816,0.998394872319517,0.918006054209444,0.9312498291554212,0.9989604206957794,0.9967391619170713,0.8481713308694634,0.9629078616894176,0.8308284476433015,0.9355505770919703,0.8754910501451352,0.9496037211238533,0.8642934878799218,0.8650546456747354,0.9209817665727262,0.9944373248680742,0.8441193845389974,0.9244189161714622,0.9937388499019764,0.9064110103549552,0.7931549419907822,0.8738328753514066,0.9042162740830946,0.9300668284196516,0.9629078616894176,0.9991256173192247,0.9542136024350834,0.9282111328653387,0.9669745722372084,0.9001110559421435,0.9511016704226432,0.9185991421540303,0.9570613159555649,0.8505410419770528,0.9592905221803274,0.9558359621451105,0.969757263765453,0.8937024586467951,0.9922127245794843,0.9280270998509558,0.9801704643354423,0.9429902492134531,0.9852427368613524,0.94392536085968,0.91288700949244,0.9652137684610214,0.9428375253830147,0.9526370111116407,0.8402427784426746,0.9208751259712274,0.9112328812249593,0.9254476077793647,0.9526370111116407,0.9646845944942746,0.9159971402848224,0.9123992402861405,0.9765510393593577,0.9103107362174552,0.9085235928818935,0.9619664976562032,0.9206232463172304,0.8614664755134737,0.9185287395081014,0.8933378821185829,0.9871769404803682,0.9592404230051592,0.925723943597646,0.933654454952398,0.7458314556106349,0.987885706373519,0.9648659912110236,0.9645105128281708,0.9180060542094441,0.9428375253830147,0.9315357783043752,0.933654454952398,0.9526370111116407,0.8917296671834645,0.8861242286360499,0.9610366993022685,0.9526370111116407,0.9425720985427191,0.8441193845389973,0.8458639564984101,0.9808926695348984,0.5015529910354435,0.9227946422906832,0.9808926695348984,0.9511016704226432,0.9815062877983505,0.9526370111116407,0.948139835478085,0.9160269146595148,0.9526370111116407,0.994437324868074,0.9745849270782074,0.9610366993022685,0.969580892293826,0.9604535056538153,0.9542136024350834,0.9511016704226432,0.9607124639063684,0.9009385953642843,0.9399319300513138,0.8517363824474662,0.9526370111116407,0.9560815611946234,0.9695808922938259,0.8939720406672316,0.9883455550583113,0.914508262091398,0.9610366993022685,0.684945978660454,0.9412414838519028,0.9665480300996037,0.9991256173192247,0.9073884413700833,0.920981766572726,0.9287716388892431,0.9300668284196516,0.9131632661895819,0.9355505770919704,0.8714717093867045,0.9879700133881204,0.969580892293826,0.9560815611946234,0.8846853407167914,0.9526370111116407,0.9773757151292213,0.9269715703160148,0.9629078616894176,0.8347343406444506,0.9873274034062991,0.9439253608596803,0.9911132832149869,0.9496037211238533,0.9557024613536876,0.9904666825446744,0.9526370111116407,0.9526370111116407,0.8997208604511798,0.9697576929681273,0.9669745722372083,0.9685432309175783,0.8557565635983038,0.9808522265288284,0.8949125525517202,0.964470126577956,0.9922127245794845,0.899506190223911,0.9526370111116407,0.9072120922355342,0.957509435301382,0.9648659912110238,0.9697576929681274,0.9610366993022685,0.8738328753514066,0.9526370111116407,0.9526370111116407,0.9693431848521965,0.9773757151292213,0.9769494113198351,0.9425720985427188,0.9342353692072158,0.932503659033307,0.9645105128281708,0.8921764228239649,0.8770986505728711,0.911065657943749,0.9526370111116407,0.9209817665727262,0.8299192991696218,0.8292821462222388,0.9610366993022685,0.881715382747895,0.844253592051414,0.9166400151447349,0.9231975163531971,0.9542136024350834,0.6638126320958511,0.9526370111116407,0.8694583018704125,0.9231975163531969,0.9465146323386671,0.9082634530537086,0.9208751259712274,0.945303040275778,0.9113525537588965,0.96235090313909,0.9592404230051592,0.9464349702585149,0.9390494317392442,0.9481398354780852,0.774002900150522,0.8770035649415359,0.9900588676412958,0.8255892557605065,0.957509435301382,0.9511016704226432,0.8842921321245034,0.9094857206850568,0.987885706373519,0.7841299976152519,0.9648659912110236,0.8511869157928867,0.9648659912110236,0.9648659912110236,0.9092735418441045,0.9254476077793647,0.903134960479755,0.9526370111116407,0.9493957255905623,0.9425720985427188,0.9425720985427188,0.968375620537216,0.9467071200650468,0.9511016704226432,0.7003392882016632,0.9400810957454313,0.9542136024350834,0.9756833498582371,0.969757263765453,0.8352434350141635,0.8447043622091562,0.9526370111116407,0.9375821720172512,0.9773757151292213,0.9544490872999929,0.9629078616894173,0.9373704232137268,0.9497673578995789,0.9980012116979509,0.9526370111116407,0.8178422485024099,0.7864057866094464,0.9386420076357269,0.8189630840562674,0.8383948208633001,0.8255892557605066,0.957509435301382,0.8341860124462197,0.919033165416029,0.9403880469283556,0.9724659055822085,0.9464536062171711,0.8260871271647187,0.9428375253830149,0.8896463743514135,0.9773757151292214,0.9051664401581991,0.7465682820430697,0.8497130258115502,0.9505241704836669,0.9632617810424792,0.9526370111116407,0.9808926695348984,0.8846853407167914,0.8940589330526697,0.9784081623729504,0.7917437350152445,0.8596139117877513,0.9526370111116407,0.8027832026517652,0.924310543893625,0.9258186968412379,0.9526370111116407,0.8825210710884406,0.8642934878799218,0.9610366993022685,0.9399319300513138,0.9511016704226432,0.820702057901626,0.9559982666090145,0.9765777693608293,0.9094857206850568,0.914508262091398,0.9464536062171708,0.8384162893315594,0.9526370111116407,0.9129884941708224,0.9526370111116407,0.9610366993022685,0.8413855291881589,0.8921529459435535,0.9648659912110238,0.9312498291554212,0.9119091929424148,0.9532701319100467,0.9765510393593575,0.9526370111116407,0.968375620537216,0.9202873748309089,0.8933378821185829,0.8695186279171856,0.9665480300996037,0.6561065835106359,0.9300668284196516,0.9288957400617388,0.9858084434319018,0.9001110559421435,0.989614526894097,0.9858084434319018,0.8770035649415358,0.957509435301382,0.9953978806517948,0.9858084434319018,0.9648659912110238,0.9361160018916064,0.9736183137840242,0.9953978806517948,0.9808926695348984,0.9783400888843532,0.9386420076357269,0.8991086132420374,0.9665480300996037,0.9967391619170713,0.9198856874256711,0.9589376456981176,0.9808926695348984,0.9393618431817528,0.9924415378336475,0.9277359074596554,0.9491737766988708,0.8446109430683042,0.9938553535985172,0.9575139843524121,0.9589376456981177,0.9736183137840242,0.9558359621451105,0.9689601410010136,0.9819890130629687,0.9324454498571317,0.9839674685144806,0.9072120922355342,0.957509435301382,0.9592404230051592,0.9527637399207101,0.982045156274965,0.8849016103085844,0.969757263765453,0.9801704643354423,0.9282894047452503,0.9991256173192247,0.9288957400617388,0.9526370111116407,0.8995985931543785,0.9579672831419932,0.9634451361870242,0.9072120922355345,0.9247654558966603,0.9604535056538152,0.8873306148945664,0.9553483552539828,0.9361160018916062,0.9481398354780852,0.9163641894859481,0.9868418685480091,0.950210721158117,0.9231127140292136,0.9439253608596803,0.951035442828644,0.9511016704226432,0.9279254774427175,0.9267919121317674,0.9558359621451105,0.9736183137840242,0.8941307528793181,0.9324454498571315,0.7458314556106351,0.9747191147870711,0.9402666995052391,0.961398200399826,0.8518109418760925,0.9842011665427953,0.9689437231622959,0.8381767234348843,0.9505241704836669,0.9558359621451105,0.9020294315021222,0.9386420076357269,0.9592404230051592,0.9775425324834794,0.9529449740547574,0.9542136024350834,0.9629078616894173,0.9674484241224515,0.9610366993022685,0.9539405950770348,0.9604535056538154
p106_W,0.5893937154396557,0.7586967037923062,0.4628817005798338,0.8921127087283751,0.8269054211514353,0.8129560940834346,0.9220914732167986,0.9367868615143216,0.6185340063022313,0.8422398757411221,0.799114336293304,0.7920258334641648,0.7920258334641648,0.6152856280236634,0.9465098656189639,0.981949443437365,0.8546108116243158,0.6598989712921832,0.9282603705051893,0.8380544030567041,0.6394969277021323,0.7420940503786846,0.8642994784346638,0.8929600567640401,0.780973280871375,0.7282888520649473,0.7239105906782228,0.7245782268081811,0.8380544030567036,0.918254017056841,0.8040369953383271,0.850581534514485,0.7673213881166006,0.8497730521504842,0.8552549043770041,0.7925699855750044,0.7854785296038391,0.7162832035351505,0.8505681838601363,0.6533064423153545,0.5005672151570704,0.7336241514751283,0.850568183860136,0.6727129875051598,0.9068909000027532,0.3999097112691219,0.7950937914413705,0.6053548669512283,0.6533064423153547,0.5708891847023696,0.8505815345144849,0.2796606989931698,0.7501392869450497,0.7673631244868351,0.7733349506503648,0.6891534465521731,0.8797693137240703,0.7985559379258667,0.7616897484795307,0.7317039196616646,0.627416822888111,0.6597906931324693,0.9467932008659743,0.8272712700642053,0.7830070991781042,0.6423783707219066,0.8363962371582656,0.5493129466157641,0.6600826797791923,0.8604151780400968,0.6091676657123517,0.6533064423153547,0.8269054211514353,0.32524431031069934,0.7985559379258667,0.4363809260470304,0.7899186270311527,0.7747042207694723,0.4996213899488753,0.812956094083435,0.7859136998015647,0.7637499406653925,0.9632003621690175,0.8784033200932071,0.7985559379258667,0.5911244682702295,0.9333923569885567,0.7535148116128416,0.8635285581726746,0.7920258334641648,0.7985559379258667,0.5096347222597277,0.503907684517122,0.5848286606250364,0.7898939596812151,0.7040907241236725,0.4830396961969965,0.4720958709189995,0.3106548851066304,0.3932301295817108,0.7103329873490507,0.7648826756137943,0.7478523304650293,0.6864435001568316,0.8368534366386013,0.7925699855750041,0.5392369493111735,0.25733376024783705,0.7500885300498739,0.38465553012185716,0.4127852639214984,0.933154360007364,0.4686088234961937,0.6735668255555147,0.7950937914413705,0.3718560253226093,0.8834178016135845,0.8342814558669873,0.8129560940834339,0.47754162524507804,0.708883939470366,0.5665593055123446,0.6871856430556249,0.9930100805596276,0.8347024503330016,0.5425002224095883,0.7562456738191012,0.7628462063630006,0.9325061828489147,0.8484935465045012,0.49538763455933854,0.7950937914413703,0.7737917914928159,0.8505681838601356,0.7500506348674418,0.6621482822179265,0.7246957638642726,0.8050940143255407,0.8050940143255407,0.785654761903614,0.37422974307973433,0.8025315451453516,0.617294081827851,0.47631677844247,0.60906037192338,0.6454536684062578,0.7162947234352999,0.37369407879773486,0.7230219946758534,0.33432272147445086,0.8025315451453512,0.6274168228881103,0.7941081151969618,0.8522618445105261,0.9303029056564405,0.7445279106416736,0.6219207796182491,0.6831001433736068,0.7017321682610986,0.7020066808274315,0.8913866330860251,0.8253049072689451,0.7637499406653925,0.22791420278135077,0.5380290349367678,0.6038592912287091,0.6538969965172723,0.5985784316292109,0.8191720499149846,0.5168259782517668,0.8130192570984573,0.7396785942680697,0.8660761967134006,0.8500196080850593,0.8864872856137119,0.6994553697306869,0.8604151780400966,0.825108926600066,0.8153684323133428,0.8147024572735735,0.9917755148183518,0.7877500434448664,0.8374102321303154,0.7920258334641647,0.7524107767652677,0.4209282266100409,0.4910257361256929,0.6428910760722965,0.7673631244868351,0.7816861609337551,0.8124681684833206,0.7869550332649647,0.34232058628513595,0.26379591713827266,0.8499942782695433,0.7985559379258667,0.8052614894098253,0.8925843591399061,0.6218108431466355,0.5156729228859145,0.664395228062157,0.847119430201549,0.7985559379258667,0.41742095760042686,0.3735083715077119,0.8777627336524755,0.7985559379258667,0.720676630434901,0.7192920548780481,0.655647399009267,0.5538774132765723,0.5450445059992337,0.7396785942680704,0.7985559379258667,0.6163107974512001,0.7985559379258667,0.6243097067942822,0.5083316480507507,0.4518238458886381,0.7985559379258667,0.706026395639076,0.7985559379258667,0.6493735510167526,0.9254494565857864,0.5852047778408445,0.39839402464695306,0.7648826756137939,0.15338628053081182,0.7856547619036138,0.7722567066352246,0.7557478947704027,0.7219721536892392,0.6888072578826643,0.8069004594385392,0.8050940143255407,0.8296894722833057,0.8144598339080604,0.767635583426495,0.7473877566499951,0.9038656143444092,0.6639199870381389,0.7794285697266239,0.4461616385656004,0.8392815750630274,0.7985559379258667,0.6141226156228823,0.7985559379258667,0.818555760551442,0.5793284191497814,0.8192793116817603,0.7126772758271861,0.1168996947301566,0.8052614894098253,0.6592581478907414,0.6871856430556247,0.4682184328386447,0.9211649139124605,0.4496172280565327,0.8121617028001502,0.49045998555209325,0.8440401632926744,0.3822430564499104,0.8195726318328564,0.924229381098876,0.45377307161821245,0.8505681838601363,0.6443612896787745,0.7842727477316739,0.8446979809809643,0.8814485327269547,0.5363877759220519,0.8192793116817603,0.4123734039414666,0.4407742796433647,0.6182319975137851,0.7925699855750041,0.3341524258496862,0.8967398760452824,0.78635074113931,0.8762717012061403,0.7925699855750041,0.9548330907410993,0.43624914199218323,0.9892879410373249,0.5437862323032339,0.6746057167461013,0.7648826756137941,0.6543109090336605,0.25937656891730343,0.7317039196616646,0.7648826756137952,0.7648826756137941,0.0,0.7925699855750044,0.5437370600414071,0.4378821410698466,0.43111193019725746,0.9412445554357598,0.9621829667377355,0.7478523304650293,0.8038478540760974,0.7317039196616659,0.8363962371582656,0.25244368388509597,0.6453086172960032,0.7950937914413696,0.6748123582811758,0.8365053071353654,0.34350277431431664,0.6584851561977425,0.5413053702529556,0.8681533699289596,0.6889178452110638,0.6287494453505783,0.553014709966378,0.8735772609680563,0.6690603143910516,0.909100118879409,0.8450478470397589,0.7008346989314118,0.5856789284177852,0.8121617028001504,0.7985559379258667,0.8192793116817589,0.8344725348806163,0.6598989712921828,0.7925699855750041,0.859170821160427,0.7947721910054546,0.7985559379258667,0.8513140092331875,0.8342814558669873,0.8503422854230378,0.8223248542353359,0.636311841946057,0.6733467387697221,0.8505815345144851,0.339099926654266,0.16338022205322966,0.9685485565028753,0.7733349506503651,0.2752261639845437,0.8423728186277255,0.7925519707486549,0.23868762885464267,0.7673631244868347,0.6809351002301521,0.8129560940834346,0.15555006635356972,0.6161635214324404,0.19255516317280397,0.723910590678223,0.8195726318328564,0.9802341739151024,0.5364598887756586,0.24706878923619213,0.25180694036103435,0.10024578138953166,0.7985559379258667,0.48691931189664617,0.6922037872903826,0.6802906481864139,0.8740212094963042,0.8422398757411225,0.3995365868902945,0.7985559379258667,0.7985559379258667,0.7230219946758532,0.6859024170873248,0.503554589859311,0.7985559379258667,0.8380544030567036,0.7478523304650293,0.6350589909311426,0.4897154837721771,0.32474728067685,0.7762018136905984,0.6414884987617782,0.7899186270311529,0.16727530130737756,0.1712632242602109,0.7985559379258667,0.42485420299652077,0.622513804616573,0.1750518786048958,0.2586862593714233,0.7816861609337551,0.7034626457288995,0.7648826756137947,0.19126321714263006,0.7985559379258667,0.11616030111182196,0.9876554944937186,0.8471060937403212,0.5736679293184666,0.8052614894098254,0.2631541871738228,0.7162832035351503,0.7985559379258667,0.7479569748830315,0.49552376440923696,0.7985559379258667,0.7977208525503161,0.6748951768691807,0.43600024108921476,0.1202614940999851,0.21564946222947767,0.7985559379258667,0.8182085423640717,0.5761120869499384,0.8155363791473282,0.8597785500864064,0.6411578146000909,0.6491585693067975,0.6363869054235554,0.5163054675190093,0.7648826756137952,0.7263991323360799,0.5497173702658349,0.7722567066352244,0.4294003437567878,0.815772387391533,0.3579667845600476,0.7675294343675794,0.7737917914928159,0.6817494061722851,0.7985559379258667,0.860415178040097,0.6607239806757839,0.7283606632558285,0.8347339308492272,0.7864467705127653,0.7856547619036145,0.8566252587991716,0.9608756643122687,0.7856547619036142,0.8723446828647978,0.8329007801417365,0.8584735820493288,0.4726274874408338,0.724623988543107,0.8342814558669873,0.4038225721729032,0.8422398757411234,0.8671400027438586,0.9333315572842433,0.627494150514373,0.8377432036836208,0.8380544030567036,0.6306558708614818,0.7618872535839091,0.9760820392614448,0.7336241514751284,0.8138309153573864,0.5671247290641312,0.9763604864068216,0.8641215408403686,0.8599416755549181,0.9530469294177939,0.8767539430349807,0.7806838640472342,0.8347339308492273,0.7025605332873054,0.617438324195392,0.5236882623361641,0.6129620924302872,0.9068909000027532,0.8326411419934314,0.643425960751431,0.7321933960295155,0.7390324489084189,0.7905401273174396,0.10697058147407512,0.8347339308492273,0.4757598060862406,0.7390324489084188,0.7269872667228698,0.7687903454848992,0.7648826756137945,0.8445984465579952,0.554885897082007,0.7608625130058744,0.6663374448297383,0.8342814558669873,0.7206778887425984,0.695563909182086,0.9131242190550017,0.7717499117194857,0.7761906790566602,0.7239105906782237,0.8818837573472104,0.8342814558669873,0.6276948171759495,0.15920802635014009,0.5676970212255135,0.7396785942680704,0.7396785942680708,0.4495305628123498,0.8736449152209762,0.7794285697266239,0.3914575357847302,0.7985559379258667,0.8155363791473291,0.7985559379258667,0.7985559379258667,0.28117461882750516,0.7445187414177201,0.6161635214324401,0.7985559379258667,0.35518368539297906,0.35648195311604636,0.7192920548780477,0.8667584405580293,0.4248542029965203,0.38050479277391336,0.8256766047207476,0.7812149942581863,0.365107926759177,0.7733349506503645,0.882640317745192,0.8266415411912026,0.7110635700387882,0.47228565431116243,0.4689155256132407,0.62769481717595,0.7988540429410893,0.8392815750630274,0.5759935479315045,0.8155363791473287,0.5482940569797898,0.7648826756137952,0.7199501090370706,0.7796601830966358,0.9109395941061968,0.7492460136853647,0.4255067194914578,0.6615167362149177,0.627416822888111,0.7445187414177196,0.8951791731289519,0.8121617028001503,0.7557478947704037,0.8147113853885777,0.8657783958001757,0.4732293651031957,0.4757675490118509,0.8192793116817604,0.5455527154540452,0.7794285697266244,0.7695544307994934,0.4522472073435153,0.8498657877428388,0.23585841407494024,0.6339927913026573,0.8129560940834346,0.12228272600559154,0.4430177645611647,0.6141226156228818,0.11017166283228197,0.7181817620524507,0.6491585693067976,0.7403016781028049,0.7985559379258667,0.7737917914928159,0.7805417669717747,0.8269054211514352,0.5289839296397696,0.7796601830966354,0.8392815750630274,0.7368701571983949,0.2251404770669856,0.9333315572842431,0.23753271720563396,0.8380544030567043,0.17061051033090102,0.810323815325396,0.4843043303251051,0.7856547619036145,0.9204359418609442,0.6573720687884081,0.7454446226695062,0.7411491401914747,0.6411418671439929,0.685871476309533,0.25734662991019897,0.47166663378817064,0.8259741532391489,0.38102348568233324,0.33832281240974593,0.7025605332873068,0.909100118879409,0.8278670997792499,0.8052614894098257,0.4569285449252922,0.7310872806675949,0.5908352090159041,0.7920258334641644,0.19547250323338028,0.21068482965010338,0.8877284767626414,0.607942782235924,0.9027950502828765,0.7042831647606596,0.7530953983316211,0.777650998699194,0.8915999843765535,0.6479901095861544,0.7969823489577488,0.9696706774563097,0.7258839897218095,0.8471194302015489,0.7737917914928159,0.9251146681022449,0.7985559379258667,0.7734782769480447,0.41482219654548036,0.5301477219017499,0.603103342971026,0.7985559379258667,0.6115586191100961,0.26645506238666794,0.6274168228881107,0.9316594345433338,0.5225187561878244,0.556387743939621,0.5876867631607805,0.9302864521917993,0.7029674449027579,0.9274282663490239,0.4341033065437462,0.5814700515696589,0.7830070991781048,0.5169970154735402,0.8585897729271927,0.8857271389240955,0.6716151988829617,0.8503422854230369,0.7544169386321904,0.7317039196616659,0.8129560940834344,0.708808264663795,0.8374102321303154,0.7762018136905979,0.7077004506802376,0.42585161990846165,0.8342814558669874,0.7985559379258661,0.8035724714228701,0.2153561779657036,0.22791420278135055,0.8195726318328564,0.8363962371582656,0.831708658105061,0.8195726318328564,0.7920258334641648,0.7162571955462151,0.7985559379258667,0.7794285697266239,0.7354994715814818,0.7985559379258667,0.6733467387697218,0.8447826655921906,0.8342814558669873,0.7648826756137952,0.8591708211604271,0.8052614894098256,0.7920258334641643,0.32991119320204687,0.45057340348384967,0.7445187414177198,0.38231408185908944,0.7985559379258667,0.5392369493111733,0.915938254751671,0.7637499406653925,0.4377057915557159,0.5797055763080785,0.7925699855750041,0.7854785296038393,0.750088530049874,0.9853902499757745,0.9451016470489375,0.8329007801417352,0.8115788346112283,0.7849360117031285,0.7900571564575845,0.6563679261605477,0.7991143362933042,0.9961055629702815,0.6963182742469955,0.7950937914413703,0.8155278365901615,0.43838460489083464,0.7985559379258667,0.8895997465928742,0.4746065312643335,0.8422398757411227,0.3355620960744883,0.723910590678223,0.9455750294362917,0.4040776262283784,0.7856547619036145,0.39084421871452313,0.23102169257523053,0.7985559379258667,0.7985559379258667,0.7323294488613692,0.681304998349027,0.7007986319723734,0.5649491261798572,0.4256008960817327,0.355905067659557,0.2954592896873438,0.27944042280859904,0.6665771691933577,0.3942969846425538,0.7985559379258667,0.7699146289053014,0.7737917914928159,0.8505681838601363,0.21246924036470682,0.7925699855750041,0.45705090589600617,0.7985559379258667,0.7985559379258667,0.17644136914433728,0.7478523304650291,0.2935849149758364,0.7181817620524507,0.31704991229614254,0.5169024179024271,0.7544169386321904,0.7619304590827782,0.3816950908836457,0.3510439540040253,0.7985559379258667,0.579328419149781,0.2766134895657367,0.7854785296038391,0.8342814558669873,0.7615774277526983,0.9966874349662784,0.9825272707332489,0.5911244682702297,0.8052614894098256,0.49002668743430267,0.7985559379258667,0.3252443103106992,0.8363016439994941,0.6173318365936684,0.5814206101297892,0.47007646924365387,0.7673631244868355,0.6229650602203592,0.36765249678109857,0.8266415411912025,0.9119018577285769,0.48111774688621456,0.7794285697266241,0.802531545145351,0.8508335734743921,0.7501392869450512,0.33243334045491013,0.8192793116817598,0.7920258334641643,0.6661754225077192,0.7813580335258906,0.8008166905094141,0.8635272963153184,0.8505681838601358,0.6900725548295981,0.8505681838601362,0.8505681838601356,0.6339616805182524,0.7408045626981752,0.5880140275791259,0.7985559379258663,0.8380544030567032,0.7420940503786844,0.7557478947704017,0.2942243964009934,0.7928404804073248,0.7920258334641648,0.8660761967134003,0.5952110168860357,0.805261489409825,0.42212961666376736,0.6922037872903828,0.5622349238695326,0.6029837765595489,0.7985559379258667,0.49405038169976323,0.9403033540537112,0.31255700796913455,0.8422398757411221,0.8446979809809643,0.7842340498562533,0.6333132731919151,0.7985559379258667,0.22524742924355734,0.09769014821813249,0.9424396531736782,0.230014562234642,0.3126615422381833,0.25819696742973797,0.8050940143255407,0.33227218168730854,0.7383726063789919,0.9584303707792041,0.4352290770645172,0.6802139348357852,0.4678135502914349,0.8129560940834348,0.7262353207355048,0.7762018136905979,0.8681482924635373,0.9113774339051994,0.36080008318916035,0.7812149942581862,0.14623953923635802,0.7985559379258664,0.8195726318328564,0.3995702892349742,0.3110855099483145,0.7402255937444746,0.23585841407494024,0.1891568355671357,0.7985559379258667,0.17338371602570113,0.3215191965899544,0.6152856280236632,0.7985559379258667,0.3779870881394988,0.8949168495702202,0.7925699855750041,0.7445187414177202,0.7920258334641643,0.48564697682634517,0.7938401567052569,0.9084329271986309,0.9644874769115801,0.9106887506880552,0.7492460136853647,0.09623009717894804,0.7985559379258667,0.775286770034692,0.7985559379258667,0.8342814558669873,0.51616996200383,0.5413053702529549,0.8505681838601363,0.7075920669646241,0.5333470014795001,0.6399444568281223,0.6746057167461013,0.7985559379258667,0.5378439287377441,0.41510326511471407,0.5623226913000636,0.8306477412779931,0.8931034702425942,0.8363962371582656,0.9524194957392189,0.6975796652846182,0.892468847298958,0.5751527697134814,0.2624438025067284,0.892468847298958,0.6152856280236636,0.7737917914928159,0.4461616385656004,0.892468847298958,0.8505681838601363,0.8784033200932064,0.8344943451945637,0.5816090138806878,0.7672253926367625,0.7376361401908972,0.7411491401914749,0.7579012714219439,0.5977857750964171,0.7675294343675794,0.6592581478907411,0.7660338266074941,0.8195726318328569,0.8035724714228704,0.6613858806318174,0.6152856280236638,0.5446598234671309,0.593484395841356,0.7037562080952362,0.5448652421628188,0.7608360221444568,0.8344943451945636,0.7950937914413705,0.7921164210548519,0.8523705157591197,0.9422454212547074,0.7864467705127658,0.7534586527098943,0.8363962371582656,0.7830070991781048,0.784830767308988,0.7281675401437735,0.656049293826614,0.805362483780812,0.647990109586154,0.6684407566310011,0.8044201903253123,0.7776926150971757,0.7762018136905975,0.7232405295558488,0.5542074903042846,0.7666372570341466,0.6382668193420427,0.9644326005136361,0.9781827789934507,0.8069004594385389,0.7956965759786108,0.7501392869450497,0.8284707674350975,0.7780211035566891,0.8762768783002746,0.8730956945148609,0.9898025870374596,0.7014738741979789,0.8242442416945354,0.8223189893741465,0.9540258145605697,0.9675126768641709,0.7950937914413694,0.7854785296038393,0.5648502315148973,0.712677275827186,0.8555160230965209,0.9654569105116291,0.5128080259343706,0.9991271005058252,0.7853307328210792,0.7853307328210788,0.43628465266285066,0.921955543982816,0.5337062533370704,0.9763604864068216,0.45479692341509914,0.6959475392436398,0.8155363791473291,0.6065176483183297,0.8665100623038624,0.8731770969580539,0.8422398757411221,0.8164026513855915,0.8342814558669873,0.990859520270805,0.7830070991781048
p106_Y,0.9327938339181783,0.6333807245527696,0.9541896299485402,0.9910578376517607,0.9582144552981327,0.6164556704306015,0.9981000240005329,0.99836235477697,0.9208725034246263,0.967275815149292,0.914140693055771,0.9568599156354454,0.9568599156354454,0.6800693026518849,0.8276555176058376,0.9057246972976496,0.9732924283946004,0.9957912204911729,0.965625,0.5403739491423276,0.9496579543485548,0.9180945689966624,0.7340640582138435,0.9596053879391779,0.9218485695187227,0.9436389526644,0.9732924283946004,0.9312607396704551,0.5403739491423275,0.8140340532964888,0.9383021271292231,0.9625131050152524,0.9529828655437629,0.9332303128187662,0.9582144552981327,0.940340909090909,0.9596053879391779,0.9762777185243533,0.9690033562225548,0.87860911032846,0.9625162230164763,0.9447456538980155,0.9690033562225546,0.9283593797331273,0.9732924283946004,0.8713241392270801,0.9610366993022685,0.918138754358939,0.9978387378693494,0.9109895373928905,0.9625131050152524,0.7586995349715739,0.9436389526644002,0.9517441295565183,0.9529828655437629,0.9998226281102465,0.9998226281102465,0.9582144552981327,0.9084530093995202,0.9555383641697375,0.9227150661971701,0.9313419384321767,0.9436389526644005,0.9172347260035334,0.9457879562525047,0.9358227266210354,0.9625131050152524,0.8814987207179203,0.919627993278336,0.7522727272727266,0.5775349208913769,0.942546448360206,0.9582144552981327,0.857425373791612,0.9582144552981327,0.906597867618917,0.9493347822888889,0.9505286850464205,0.8893582784066545,0.8237261571040233,0.9505286850464205,0.8035330839262125,0.9465829649206576,0.9436389526644002,0.9582144552981327,0.5972411246686116,0.9843798933538866,0.8392930630721884,0.9127606676606757,0.9568599156354451,0.9582144552981327,0.6138094444949617,0.822783674160332,0.8806288736252947,0.9393458182324887,0.918138754358939,0.6639859308721501,0.9074725945748123,0.8518367404342475,0.8508940408143366,0.8824024370934049,0.4527427311091352,0.9582144552981327,0.7056042069276058,0.9716904275615754,0.965625,0.5976796897990184,0.8332650413138039,0.9481608601832736,0.8592642631772311,0.6632614409621943,0.8705150677206019,0.8412664651734414,0.7334088225955098,0.9610366993022685,0.8554752877066778,0.7025265822012228,0.965625,0.9690033562225546,0.9206136392290398,0.9283593797331273,0.6770944845943567,0.9868438546677247,0.6678852793677742,0.9352213936467461,0.7988008809007459,0.9596053879391779,0.8876589233480017,0.5849785466746837,0.9302869180633686,0.8953282497576123,0.9610366993022685,0.9507165296704019,0.9690033562225546,0.9732924283946004,0.8382543236810014,0.9005120111662772,0.9625131050152524,0.9625131050152524,0.9555383641697377,0.9074031733450508,0.967275815149292,0.855574875783836,0.9095081403912854,0.6706738076877626,0.926456449323181,0.9553459570547012,0.8700853537305535,0.942546448360206,0.8012314698665087,0.9672758151492922,0.9227150661971701,0.7470626103202587,0.9022452837148791,0.9625131050152524,0.942546448360206,0.7340310097214948,0.979958676545309,0.9196272041613351,0.718812566405156,0.8175595086733716,0.9610366993022685,0.8661829386665056,0.8373021566360079,0.9600784247075336,0.7584752352966446,0.8858340936764977,0.7205132978929247,0.9393458182324887,0.8727426055411927,0.5704450160864339,0.9568599156354454,0.9414672763813332,0.9864559376282895,0.9905189465353295,0.9801726050158863,0.5642045454545457,0.8936031902522541,0.7983172630337139,0.8417106331832117,0.9274049943645877,0.9083489988323228,0.9414672763813328,0.9568599156354454,0.8841024249642826,0.7141183525888191,0.8832354238447044,0.9190462651000915,0.9517441295565183,0.951693733515995,0.9555383641697375,0.9208725034246266,0.7996789010288086,0.8608518199425021,0.9227150661971699,0.9582144552981327,0.9596053879391779,0.9555383641697375,0.918138754358939,0.7813013083783414,0.9109895373928905,0.9568599156354454,0.9582144552981327,0.9693421397704964,0.8608518199425021,0.9672758151492922,0.9582144552981327,0.8629094882524139,0.9302869180633688,0.9485464508185621,0.919627204161335,0.9370067185313316,0.8904195718012649,0.9582144552981327,0.8814987207179203,0.9582144552981325,0.9136806902167052,0.9900988548597919,0.9582921810599281,0.9582144552981327,0.9235852575057475,0.9582144552981327,0.9282231289090204,0.9236430180495621,0.5516325519413776,0.8979178384019251,0.9552175050422179,0.8117728822598591,0.9555383641697375,0.9470055188469617,0.9493347822888889,0.8874421650552473,0.8629720575357545,0.7495338050235041,0.9625131050152522,0.9172347260035334,0.9101073401299777,0.9199574485923749,0.9059954798011856,0.9302869180633688,0.9302869180633686,0.9542468650366518,0.6353764027835572,0.9555383641697375,0.9582144552981327,0.9199574485923749,0.9582144552981327,0.8149246940965462,0.813892348887574,0.9625131050152524,0.9404006431802039,0.8117728822598591,0.9596053879391779,0.9293199127017768,0.9481608601832734,0.6534058254922243,0.9818060040046751,0.8858340936764977,0.9610366993022685,0.674276683345595,0.8944656454039726,0.8718586682882641,0.9568599156354451,0.964040252388596,0.8607445789665018,0.9690033562225548,0.9334253536579322,0.862909488252414,0.9447456538980157,0.8936031902522541,0.666086242517776,0.9625131050152524,0.8753843628690847,0.8671650851253094,0.8510887196233299,0.965625,0.8592642631772311,0.7668475042370299,0.9914826481470902,0.9430685569314539,0.965625,0.8780124908814333,0.8470883271446175,0.964040252388596,0.8588815312388145,0.789693589217336,0.9552175050422179,0.933230312818766,0.8412664651734414,0.9555383641697377,0.9610366993022685,0.9610366993022685,0.7925699855750044,0.0,0.8342814558669873,0.8806288736252947,0.9057246972976496,0.8038142058245124,0.965625,0.8846149163346169,0.9978387378693494,0.30118883482941117,0.9625131050152524,0.8373021566360079,0.9163339973465923,0.7877259137311909,0.9425464483602062,0.9312607396704551,0.8081608912581851,0.9255134534695353,0.9048529663349025,0.7407406669265033,0.8664462932134456,0.8647169462584845,0.6715923836145086,0.9342541377090322,0.9675591368764067,0.5403739491423286,0.9332303128187658,0.98145106467318,0.9742388426031001,0.9610366993022685,0.9582144552981327,0.9625131050152522,0.7558142443945712,0.9352213936467461,0.965625,0.964040252388596,0.890419571801265,0.9582144552981327,0.9481608601832734,0.965625,0.9690033562225546,0.9756340559373771,0.9023626134564882,0.6782333744456281,0.9625131050152524,0.862909488252414,0.9307423684305683,0.7268627140717181,0.9529828655437629,0.7372025494796417,0.9610366993022685,0.933230312818766,0.9492848179930281,0.9517441295565183,0.926456449323181,0.9273614004407343,0.8071644882517874,0.5909158639446384,0.8173748798116489,0.9542468650366518,0.9568599156354451,0.7940830295788788,0.9274029754591526,0.8412664651734414,0.8422468139518782,0.7694592477206286,0.9582144552981327,0.879757933706885,0.932241742150131,0.8518084376617913,0.7540801690623646,0.967275815149292,0.8727426055411927,0.9582144552981327,0.9582144552981327,0.942546448360206,0.9208725034246266,0.7034019047473049,0.9582144552981325,0.5403739491423285,0.963200230518242,0.7348814459346107,0.9154363928771068,0.9960185040188978,0.9632002305182419,0.9516937335159948,0.8518092446394375,0.9620452549083616,0.9870000644590822,0.9582144552981327,0.9430998431724231,0.655053893619011,0.8162678987494558,0.8859104594065099,0.9516937335159951,0.835058139320197,0.9610366993022685,0.8322437174658712,0.9582144552981327,0.7938344767596358,0.8746515668023194,0.8841024249642828,0.9653626570022469,0.9596053879391779,0.9664668509189611,0.4811018070011629,0.9582144552981327,0.9145417437978427,0.8733481182086197,0.9582144552981327,0.9372689456075765,0.8640532804828904,0.9418147080511321,0.7737814949433284,0.8373021566360079,0.9582144552981327,0.979219405106186,0.8956380779049871,0.964040252388596,0.951426791823698,0.9168039382229597,0.9236430180495621,0.9245757305468907,0.9524487759376711,0.9610366993022685,0.9163339973465923,0.906597867618917,0.7978501428016824,0.8788858297250923,0.7084032819525651,0.8936031902522541,0.9892083965651993,0.9625131050152524,0.9436389526644005,0.9582144552981327,0.965625,0.8511451049524842,0.9490201150415454,0.9505286850464205,0.9438962066300457,0.9555383641697377,0.894337774272643,0.9593605721085062,0.9555383641697377,0.9818060040046753,0.9632002305182419,0.9791100127950296,0.9409672007288845,0.7056344289611322,0.965625,0.8736248211051394,0.9672758151492922,0.9791100127950296,0.6702779736260047,0.9042431527295787,0.9843798933538866,0.9672758151492922,0.9270817937161987,0.9829714105092717,0.9541896299485404,0.9447456538980155,0.9493347822888891,0.9199574485923752,0.6202343224201623,0.933230312818766,0.9922022799705809,0.8987819282972862,0.9458674971126177,0.9172347260035336,0.9505286850464205,0.9383021271292229,0.7389815511680626,0.8129069456777995,0.8899395037093693,0.9542468650366516,0.8814260230164841,0.8322781973853695,0.9362456943690349,0.9458674971126175,0.9470055188469617,0.7709128636729369,0.9505286850464205,0.8780124908814334,0.9458674971126175,0.9814510646731802,0.7975726767650841,0.5364885267646491,0.9088679893884184,0.9576948646187344,0.9631988949207005,0.9172347260035336,0.965625,0.8122503262027616,0.9541896299485404,0.9640402523885963,0.9136072478130948,0.9542468650366516,0.6834496021196093,0.9625131050152524,0.965625,0.4991084535807734,0.7604502711739274,0.9283593797331275,0.9667798280829097,0.9568599156354454,0.8546450937171783,0.9806215235201544,0.9542468650366518,0.7134819261865433,0.9582144552981327,0.964040252388596,0.9582144552981327,0.9582144552981327,0.8508940408143366,0.9470055188469617,0.6437885109709269,0.9582144552981327,0.8432230388608027,0.8665150422521171,0.9302869180633688,0.7529893735715614,0.9022452837148789,0.9425385593306326,0.7056344289611322,0.9199574485923749,0.8683043280893408,0.9529828655437629,0.9065978676189169,0.964040252388596,0.932241742150131,0.8173748798116489,0.8814987207179203,0.9945610690582234,0.9529828655437629,0.9701343557301771,0.8059936873009319,0.5851007908169092,0.9081122825161756,0.9610366993022685,0.6256984121866636,0.9493347822888889,0.9447456538980155,0.9470055188469617,0.8753843628690849,0.9372689456075765,0.9227150661971699,0.9470055188469617,0.9877180384539763,0.9610366993022685,0.9493347822888891,0.9596053879391779,0.8174862680805624,0.882367546706716,0.9174879696874249,0.9625131050152524,0.9941465190705734,0.9542468650366518,0.9870630610219882,0.8347006766608202,0.6613388029563294,0.8162678987494558,0.9393458182324887,0.9690033562225546,0.7847770412204689,0.8736248211051392,0.9199574485923749,0.7874151753009924,0.9493347822888889,0.9236430180495621,0.9852375043955974,0.9582144552981327,0.9625131050152524,0.9312607396704549,0.9582144552981327,0.8876589233480019,0.9493347822888889,0.9555383641697377,0.9963814266559157,0.7876587616735475,0.9892083965651993,0.8392930630721884,0.967275815149292,0.7975726767650843,0.9505286850464205,0.8901531678626451,0.9555383641697377,0.6933200547968155,0.9230339739969551,0.9673847887170086,0.8661829386665059,0.954459395331956,0.9013781987087914,0.7793713361793849,0.8875631490366904,0.9332303128187658,0.8610921134586078,0.6989031042017518,0.9383021271292231,0.5403739491423287,0.9218485695187226,0.9596053879391779,0.974278546864024,0.9199574485923749,0.9118739328932484,0.9568599156354451,0.7950896414683801,0.9161123728491165,0.9690033562225546,0.900512011166277,0.9610366993022685,0.8063598505269484,0.8101859061354616,0.9447456538980157,0.9190462651000915,0.724144221296775,0.9481608601832734,0.9163339973465923,0.9505286850464205,0.9568599156354454,0.9625131050152524,0.5128204270938904,0.9582144552981327,0.933230312818766,0.957543890665421,0.8412664651734414,0.6913349137775593,0.9582144552981325,0.9039825606517029,0.7619873952917613,0.9227150661971701,0.9910578376517607,0.9675591368764067,0.7002096296062614,0.9022452837148787,0.8048151292800536,0.7703414813454201,0.9349028572421432,0.8771378467726849,0.9959788276248618,0.964040252388596,0.755814244394571,0.8824024370934049,0.9552175050422179,0.6603999090581412,0.9273614004407346,0.9404006431802039,0.9701343557301771,0.9690033562225546,0.9517441295565183,0.9998226281102465,0.491688345416489,0.9418147080511319,0.9048529663349028,0.965625,0.9582144552981327,0.9843798933538866,0.8094833764446476,0.8373021566360079,0.9568599156354451,0.9625131050152524,0.9542468650366518,0.9568599156354451,0.9568599156354451,0.9332303128187658,0.9582144552981327,0.9542468650366518,0.923643018049562,0.9582144552981327,0.9288327934067977,0.7034709661430432,0.965625,0.9610366993022685,0.964040252388596,0.9596053879391779,0.9568599156354451,0.7950896414683799,0.8832354238447044,0.9470055188469617,0.8691958391075141,0.9582144552981327,0.7891506066595858,0.6202343224201623,0.9458674971126177,0.8301859677307095,0.9305571523023599,0.965625,0.6352244122992436,0.9481608601832736,0.8650564954973858,0.9481608601832736,0.9582144552981327,0.9302869180633688,0.7399460024070034,0.9945610690582234,0.9386559485878399,0.9818060040046752,0.965625,0.6997646690171255,0.9610366993022685,0.8848860650898703,0.9059500308908428,0.9582144552981327,0.6488589737837395,0.9852375043955972,0.9672758151492922,0.8135720944084264,0.9542468650366518,0.9141406930557711,0.8903419420496907,0.9555383641697377,0.8619140019352793,0.8228150438933364,0.9582144552981327,0.9582144552981327,0.9293199127017768,0.8227836741603323,0.6631775852479835,0.8529481410826933,0.9088679893884184,0.8425402875730423,0.8460854022796797,0.8352930530354641,0.8705150677206017,0.8804252291828121,0.9582144552981327,0.918138754358939,0.9625131050152524,0.9690033562225548,0.7525338491867631,0.965625,0.861092113458608,0.9582144552981327,0.9582144552981327,0.8140340532964885,0.9632002305182422,0.9893005877615262,0.9493347822888889,0.8940745085655692,0.8563577889317531,0.9404006431802041,0.9172347260035336,0.8638144221001838,0.7568191944672672,0.9582144552981325,0.7627282022777632,0.8499479257057736,0.9596053879391779,0.965625,0.906597867618917,0.876397438269686,0.9260107308342306,0.7018004875977801,0.9596053879391779,0.9216020313541384,0.9582144552981327,0.857425373791612,0.7540801690623642,0.9172347260035334,0.710963235126134,0.9275816772658134,0.9517441295565185,0.9217916370027819,0.7141183525888191,0.9640402523885963,0.8918783860608352,0.8866989102900567,0.9542468650366516,0.9342541377090322,0.9362456943690349,0.9436389526644002,0.8461277862534453,0.9625131050152524,0.9568599156354451,0.8979178384019249,0.9414672763813328,0.98145106467318,0.9352318345617441,0.9690033562225546,0.7627282022777628,0.9690033562225548,0.9690033562225546,0.8484509035411576,0.9342268638258986,0.9145417437978425,0.9582144552981327,0.967275815149292,0.9493347822888889,0.9493347822888889,0.7509020511212642,0.9529828655437629,0.9568599156354454,0.9414672763813328,0.9127606676606754,0.9596053879391779,0.8195695506328722,0.932241742150131,0.8546450937171783,0.8362999234766109,0.9582144552981327,0.6138094444949617,0.9582144552981327,0.8270601489234033,0.967275815149292,0.9447456538980155,0.9458674971126175,0.969925811697351,0.9582144552981327,0.8392930630721884,0.7847770412204687,0.9458674971126175,0.8402819095372955,0.857425373791612,0.8461277862534454,0.9625131050152524,0.8883730833751751,0.9088679893884184,0.8743674594684079,0.8227168701728214,0.8616362273895215,0.7335830161959271,0.8237261571040231,0.6702779736260045,0.9632002305182419,0.9163339973465923,0.9978387378693494,0.8674107520354715,0.9199574485923749,0.779371336179385,0.9582144552981327,0.9568599156354451,0.8700853537305535,0.8499077595187521,0.9081122825161755,0.8162678987494558,0.7963356519499132,0.9582144552981327,0.8260073636615617,0.963592970627815,0.8445057325000621,0.9582144552981327,0.8683043280893408,0.9055383025924691,0.965625,0.9470055188469617,0.9568599156354451,0.8004256915114929,0.9436389526644005,0.9952795434620394,0.7649822460765642,0.9788461913526096,0.9254223119773605,0.7766003415235208,0.9582144552981327,0.9404006431802039,0.9582144552981327,0.965625,0.7492532520172366,0.9048529663349028,0.9690033562225548,0.9393458182324887,0.7887187728537042,0.9217916370027819,0.9362456943690349,0.9582144552981327,0.8971926092335734,0.8527760996057681,0.9398406738472914,0.9945610690582234,0.9302869180633686,0.9625131050152524,0.9383021271292231,0.9372689456075765,0.9312607396704551,0.9118739328932484,0.7963356519499132,0.9312607396704551,0.9362456943690349,0.9625131050152524,0.9057246972976496,0.9312607396704551,0.9690033562225548,0.9957912204911729,0.9596053879391779,0.9274029754591527,0.7376990592379737,0.9372689456075765,0.6782333744456281,0.9109895373928905,0.9302869180633688,0.9470055188469617,0.9293199127017768,0.942546448360206,0.9568599156354451,0.9493347822888891,0.9479393131642719,0.8445057325000618,0.9430685569314539,0.9334253536579322,0.9274049943645875,0.8339790742018602,0.9425464483602057,0.9596053879391779,0.9610366993022685,0.9650079910895764,0.9997356383868505,0.9404006431802039,0.9982522182750793,0.918138754358939,0.9625131050152522,0.964040252388596,0.9851872212052921,0.9393458182324887,0.9670227269270519,0.8063598505269487,0.9945610690582234,0.9893232687360964,0.9868438546677247,0.9927876060457905,0.9582144552981327,0.9924985638733276,0.939301410447406,0.9784926679114252,0.9181387543589392,0.9857734186523461,0.9457879562525047,0.8552790990760807,0.9824037832428347,0.9436389526644,0.9732924283946004,0.8325117480738036,0.9625162230164763,0.9879186260731821,0.9611195340498856,0.9505286850464205,0.9799677102506716,0.890419571801265,0.8896422937360478,0.938322463515927,0.9552175050422179,0.9596053879391779,0.906597867618917,0.9404006431802034,0.955217505042218,0.9612908916295111,0.8875631490366904,0.9957918361207541,0.747152515429922,0.970134355730177,0.8971926092335734,0.9914826481470902,0.9874058922610379,0.7039801180756761,0.8841024249642826,0.7408832291859209,0.964040252388596,0.9118739328932484,0.9447456538980155,0.7162584522515594,0.967275815149292,0.9474427791084492,0.965625,0.9765392721561018,0.964040252388596
p107_V,0.9342409994529941,0.792307344051091,0.929329017581551,0.7915134847519538,0.7762018136905978,0.8879543751997392,0.8086557443374445,0.7412396761053528,0.6067292696691922,0.8380544030567039,0.9699851449601231,0.8498657877428386,0.7947721910054545,0.6926466702145564,0.9293051229974081,0.9518500267006789,0.9101287906727167,0.728288852064948,0.969971840797172,0.9132855915638285,0.858299901948472,0.9812169336410247,0.8595722061670186,0.9024099527427921,0.9919954659568129,0.659898971292183,0.7794285697266239,0.7344408849437576,0.8777627336524754,0.6196331858829094,0.7088759868167687,0.8050940143255407,0.8498922275225385,0.7878267656379296,0.804551296916167,0.8682040520995336,0.8147113853885773,0.7733349506503644,0.8129560940834343,0.7660338266074938,0.7806838640472349,0.9109395941061967,0.9998870507814513,0.8570646369471617,0.8578487022942798,0.7224720921346848,0.8253049072689457,0.7034941328416634,0.9595870702998781,0.525219062819692,0.8990006828237154,0.6536753774845658,0.6817494061722855,0.8172515636153466,0.9009304121039858,0.993153441494665,0.9296148191040328,0.7985559379258667,0.8694215847085813,0.8657709525601991,0.5850014119160499,0.7446611818604214,0.9658050596136162,0.9579528920270578,0.8266415411912025,0.580008673562366,0.88188375734721,0.807507685364049,0.9641708770578066,0.8342814558669875,0.7072887665457397,0.997401097768481,0.883604387602573,0.39131334629266934,0.7985559379258667,0.9280389014923773,0.8992216247278053,0.9567845084683833,0.4985620673206118,0.8505681838601358,0.969985144960123,0.8746372517519252,0.7075920669646254,0.903092331105769,0.7985559379258667,0.6733440045419774,0.8035724714228696,0.607650214359186,0.8365871309775528,0.7920258334641646,0.7985559379258667,0.5864735252623337,0.685133166537027,0.6670799670939955,0.8927713255769503,0.966789751968181,0.5931856381985734,0.9343912913953503,0.5173717853052431,0.4737641505702149,0.8237171151196454,0.8121617028001502,0.7985559379258662,0.6798032884542933,0.7969391235366217,0.7925699855750041,0.8218403738561657,0.5686469156207885,0.8513140092331876,0.45377307161821334,0.5510455083113728,0.9335570445856329,0.6452310394638011,0.9221488476109299,0.8555160230965211,0.6058473771633321,0.817251563615347,0.8264925818075504,0.850568183860136,0.4976659478282297,0.9259096512616021,0.6809552760705038,0.7735354395038114,0.9461040422097593,0.8156905915853596,0.5667925722147675,0.8439442411733156,0.8445581137472964,0.8746662285702409,0.9407803262376815,0.5388117598846712,0.9763604864068218,0.88188375734721,0.9625008594418482,0.7794285697266241,0.6601796788046768,0.8374805550294215,0.8505815345144854,0.8363962371582656,0.812468168483321,0.7043736597645358,0.8025315451453515,0.567466529115338,0.7458068305282515,0.7213354009440907,0.6094362632919746,0.7661847795847028,0.3971859254333543,0.8683656019735588,0.3856986442154273,0.8422398757411229,0.5850014119160498,0.9245009112942064,0.9112146226503888,0.8505815345144854,0.6963182742469964,0.615489065065608,0.7323294488613692,0.666524787714111,0.5605576091237594,0.62860995935064,0.9027950502828768,0.7842340498562543,0.6927886286538462,0.9949399704721877,0.6872692000324525,0.8149756054848036,0.8460246750286615,0.9750732182935402,0.5578910454521733,0.7717401218444744,0.9049593844802227,0.6891534465521727,0.5418894466397955,0.6207122134685736,0.7486026884489865,0.9021266483320798,0.9659579419172881,0.8372886942174107,0.6405145377602057,0.7947666296447908,0.753068677994681,0.9084352783071552,0.8746662285702409,0.8335781913153139,0.6067897040117665,0.5111500587088442,0.809949325658338,0.7673631244868351,0.7376361401908973,0.919397765719613,0.7919923993282009,0.6948835942231502,0.4562254485516054,0.8499942782695431,0.7985559379258667,0.9316428085275303,0.8929083882224402,0.9673863432501897,0.8841457533396846,0.6654781278593713,0.902213026938933,0.7985559379258667,0.8560120923393271,0.4927962666747522,0.8380544030567044,0.7985559379258667,0.9877803230813454,0.6900725548295993,0.6482409835338943,0.7874968599741767,0.8267178195135201,0.7920258334641648,0.7985559379258667,0.8307039201245963,0.7985559379258667,0.5352970195549236,0.6692187019419129,0.70536833774731,0.7985559379258667,0.7083716014401362,0.7985559379258667,0.8086557443374449,0.7637232952253518,0.6686146866445881,0.9108264901749585,0.8121617028001504,0.47228565431116265,0.8392815750630271,0.9333315572842433,0.7420940503786845,0.6787808510530564,0.7987310623121708,0.945141521153533,0.8192793116817598,0.8950302832647326,0.8602716428876339,0.8480519457123077,0.9305219022527336,0.7639019786161436,0.6347004869896893,0.854610811624316,0.5906570258604456,0.812144139400786,0.7985559379258667,0.9180187241982678,0.7985559379258667,0.5155028973739124,0.6823773429847761,0.8990006828237153,0.8587660956446996,0.4722856543111629,0.9316428085275305,0.6648323181309488,0.9919954659568128,0.5908352090159057,0.9079642774207208,0.5698398833319167,0.9159382547516715,0.5478019309935263,0.9006129917311675,0.4737538758581188,0.7920258334641646,0.859170821160427,0.5614163950744542,0.8129560940834343,0.5797660793006023,0.5288891854631848,0.7780536832774629,0.7945987320434347,0.5180354667997438,0.9444882030126602,0.707694454209101,0.6787112272581055,0.5182521385373675,0.7925699855750041,0.40326996734604226,0.8109749200722056,0.7842340498562543,0.9247611721504545,0.7925699855750041,0.8465365244312282,0.38696210800411357,0.9567586610681005,0.8399258533921874,0.7124200331220356,0.8121617028001504,0.9451415211535332,0.3990754458415776,0.8657709525601991,0.8253049072689455,0.9027950502828765,0.5437370600414071,0.8342814558669873,0.0,0.7605913886291161,0.9518500267006789,0.9022444508553518,0.8682040520995336,0.7985559379258662,0.8090456585391348,0.785654761903614,0.8818837573472103,0.4474938176163904,0.8194939834394914,0.81216170280015,0.7230219946758532,0.9582950455981284,0.6147045846854684,0.6911444049830608,0.7851013624610115,0.6692187019419127,0.9694410349188258,0.7966088616739321,0.5806053350495721,0.8422398757411229,0.7246239885431076,0.8777627336524758,0.9022689284415883,0.7454446226695065,0.8694161093282922,0.9330061661104521,0.7985559379258667,0.7737917914928155,0.881470421439368,0.7282888520649495,0.7925699855750041,0.989287941037325,0.8471194302015488,0.7985559379258667,0.8982078281410626,0.9360492445646258,0.850568183860136,0.9647865548213019,0.7625982324156357,0.7616332493823366,0.9303029056564401,0.5288891854631845,0.6497968275507535,0.7735354395038114,0.716283203535151,0.5888463517292992,0.7950937914413705,0.7496793780367104,0.7478969529193986,0.7088082646637949,0.8400655701472821,0.8505681838601358,0.4570474084487809,0.678109807944995,0.4331167716691713,0.9330309441919717,0.7920258334641643,0.824467663872924,0.7110546928071901,0.4359987848849113,0.41765851103814233,0.6297917633961445,0.7985559379258667,0.4475660915245113,0.9939603112648612,0.7215077363943285,0.9562407457680513,0.9843313073865332,0.5187945816650161,0.7985559379258667,0.7985559379258667,0.9758951818026608,0.7751502966319272,0.5089085331151302,0.7985559379258667,0.8422398757411231,0.7985559379258658,0.6926466702145564,0.994939970472188,0.5293670847978984,0.8836043876025732,0.6975796652846187,0.7796601830966361,0.6901828428500825,0.5844405775112398,0.7985559379258667,0.9266652374649893,0.7059237134203162,0.45072041977211175,0.5249609515141214,0.9779749896285717,0.5811097313683651,0.8555160230965206,0.4154630868184712,0.7985559379258667,0.599756063119488,0.7282888520649495,0.6388336141093873,0.9077560617885434,0.863727200979302,0.6851331665370266,0.7733349506503651,0.7985559379258667,0.8201970673964268,0.7919295337903309,0.7985559379258667,0.7776926150971766,0.6533076261845547,0.9041563927611587,0.6147045846854686,0.386170114857026,0.7985559379258667,0.9141938440307475,0.6065141328577405,0.924229381098876,0.7164766289478921,0.7015206381021535,0.6083096711309199,0.66680641167123,0.7319626801526407,0.8555160230965211,0.9168026014875831,0.5120452322923388,0.7905401273174391,0.4152376606845155,0.5851323446592473,0.881448532726955,0.9286042850165979,0.8363962371582656,0.7938401567052571,0.7985559379258667,0.9021266483320796,0.7092134516200994,0.5787665218425659,0.8235244518171353,0.9631152526572095,0.7856547619036143,0.5926870748299307,0.863727200979302,0.7856547619036145,0.810323815325396,0.7985559379258662,0.7923073440510913,0.9144193590103389,0.6859024170873245,0.9282603705051893,0.42032165617924167,0.9843313073865332,0.8834178016135845,0.8825828991168785,0.6004290699086666,0.8513970480753374,0.8777627336524754,0.8917458758029344,0.7717499117194865,0.7734856119819071,0.755838917376296,0.827484759749104,0.9514371999253285,0.9763604864068216,0.8831952346409785,0.8133542695379483,0.8518466833350298,0.7842340498562543,0.7946008645734921,0.8591440463730584,0.6682854019963589,0.4037454109001424,0.6493428552712401,0.7248414398669392,0.8839887464834981,0.5356091080045817,0.8144598339080602,0.8327926200059367,0.8315523420871453,0.8365615132171589,0.6371985814107015,0.932374392944552,0.7694447315686052,0.9671571449306512,0.8854082583977734,0.5475755571962452,0.8423728186277255,0.8556619977404636,0.7574028032810538,0.805362483780812,0.9440358915008022,0.8943377742726429,0.7355382283068872,0.6187251061794781,0.924229381098876,0.761887253583909,0.831708658105061,0.8055686139158429,0.9616051284891651,0.8604151780400966,0.7431511181077155,0.6599487187910662,0.8173967953659838,0.877412586111531,0.9297598253076249,0.7490162030032391,0.9018687388648456,0.7794285697266243,0.6326611736512656,0.7985559379258667,0.7830070991781048,0.7985559379258667,0.7985559379258667,0.4115110890401008,0.951614977966458,0.697183501745605,0.7985559379258667,0.5595785719668573,0.39967758385926533,0.7931214786645921,0.7082808254433701,0.9414034319999551,0.6480883846214485,0.7869550332649644,0.9817258486205502,0.45000922625120654,0.8693977572794953,0.7995695960245119,0.8266415411912025,0.6477038165154441,0.7858204344088409,0.6869115538602635,0.9258087497995553,0.9459550341516685,0.8657709525601992,0.7544741890875816,0.859170821160427,0.7959398590742026,0.8555160230965211,0.7534586527098941,0.9094800686623228,0.9113422786844656,0.9103208643343834,0.5632279831591938,0.9379185147222926,0.6021227546376986,0.8642994784346638,0.933772825736646,0.8857271389240955,0.8035724714228709,0.8052614894098256,0.9205818715281466,0.5455527154540449,0.6613286385065811,0.88188375734721,0.7689388750722466,0.9330309441919719,0.6952503419901459,0.7317518380392376,0.8195726318328567,0.5115269552421551,0.9837758353481649,0.8505681838601356,0.5620143623653414,0.4595168485675032,0.9013094863347375,0.5887023926848438,0.80357247142287,0.8500641975000351,0.8153067422936889,0.7985559379258667,0.8363962371582656,0.734440884943756,0.883604387602573,0.7492275551322849,0.9094800686623227,0.9462111722993197,0.9837758353481649,0.6471194564301901,0.7905401273174393,0.3742297430797348,0.9488084494751812,0.49874455024489794,0.9699851449601228,0.6283187655734437,0.7856547619036143,0.9519685966854341,0.7924588915020409,0.7377494108246845,0.7616332493823366,0.7384275571962113,0.7568494586723151,0.5698563018659266,0.6369365363774897,0.7734782769480444,0.6559625249444692,0.7083716014401367,0.7088759868167674,0.9132855915638283,0.8907699867734991,0.9316428085275306,0.7720249081928303,0.8846002484712071,0.8289145367943993,0.792025833464165,0.6068009861366868,0.6921124866644046,0.887954375199739,0.6623510825868993,0.8857271389240962,0.786502701032407,0.8924688472989581,0.8002684491786303,0.9923358584147933,0.9461040422097595,0.9919954659568129,0.6777448233120333,0.8347339308492272,0.8471194302015488,0.8363962371582656,0.9253405665393422,0.7985559379258667,0.9642152149541428,0.6596687357601192,0.46061434424713354,0.7215077363943285,0.7985559379258667,0.5843879654844445,0.45424620401648963,0.6877294682459418,0.6926466702145564,0.9385339575314249,0.6643952280621559,0.6606653155559714,0.9059326956487759,0.9325355903302803,0.7472662219396513,0.549117770219063,0.6285921063627415,0.8155363791473291,0.831342707848777,0.9084352783071552,0.8725839344553015,0.6823773429847766,0.8505681838601358,0.807316601915268,0.7856547619036138,0.850568183860136,0.9333062407420959,0.8237171151196454,0.7985559379258662,0.6583323936073766,0.9454613306245749,0.7925699855750046,0.9746481962695819,0.7660063387049185,0.5924438923350832,0.4474938176163905,0.7920258334641643,0.9444882030126602,0.7794285697266237,0.7920258334641643,0.7920258334641646,0.7925519707486544,0.7985559379258667,0.9591709883811903,0.8736449152209762,0.7985559379258667,0.739032448908419,0.5976141517718556,0.9282603705051891,0.8555160230965211,0.859170821160427,0.9514257683335166,0.7920258334641643,0.5456924906963845,0.4572136151863866,0.7952673995850844,0.43012536638720167,0.7985559379258667,0.631890388851861,0.8121617028001502,0.9445563444567334,0.5124275589903289,0.8802692444403803,0.8342814558669873,0.8344943451945637,0.7340794619635002,0.9038656143444093,0.7735354395038114,0.8895997465928738,0.9038656143444095,0.7268185827669371,0.8040369953383288,0.572585526957573,0.9079642774207208,0.936049244564626,0.7230219946758532,0.8253049072689458,0.6664267497617347,0.4748145567450751,0.7985559379258667,0.883604387602573,0.9328713625976577,0.8380544030567044,0.5616515140273357,0.9330309441919717,0.7615035842777333,0.37933436240991947,0.7856547619036143,0.5481348514071795,0.4055671537181812,0.7985559379258667,0.7985559379258667,0.878472050802626,0.6471194564301903,0.6976688049405342,0.6234958068339893,0.4145373448992633,0.5526931179592656,0.7643619295491553,0.41022590778351986,0.7336241514751283,0.3808028604421071,0.7985559379258667,0.7699146289053012,0.8363962371582656,0.8129560940834343,0.5330783261096799,0.7925699855750041,0.5799351047307953,0.7985559379258667,0.7985559379258667,0.49802455507758137,0.7985559379258664,0.4653271888600482,0.885567780336089,0.5807600960010322,0.862359877774018,0.7752867700346924,0.8786950805193754,0.4203511796035435,0.592562359515775,0.7985559379258667,0.6639199870381405,0.368083923844567,0.8439442411733156,0.969971840797172,0.822108872748945,0.7815568069335846,0.8051201116137809,0.6733440045419774,0.7562456738191009,0.8876898010153444,0.7985559379258667,0.39131334629267,0.8430820492776219,0.549572823393141,0.7794466361934516,0.6734823039346629,0.91702844187237,0.6639002822535778,0.6600654338407084,0.8480656591165527,0.682897343199363,0.45296070546167533,0.8839887464834981,0.8777627336524756,0.9694737509192688,0.903092331105769,0.3684301316045784,0.8990006828237153,0.7920258334641646,0.4559589817451274,0.8585897729271927,0.7746641227179567,0.9416465612001081,0.9625008594418482,0.7008346989314123,0.8503422854230382,0.9998870507814515,0.7979242321217164,0.9530696520404933,0.6122712359013519,0.8612502633673055,0.8422398757411227,0.9573046453147906,0.7899186270311529,0.58862356677519,0.8243731352318142,0.7672253926367625,0.8237171151196454,0.7576702070697174,0.8147113853885771,0.5803153401185237,0.861941832026027,0.7490162030032393,0.796512061547261,0.7985559379258667,0.5864735252623337,0.8895997465928744,0.6146989937519072,0.8380544030567039,0.9109395941061968,0.7185483397175579,0.7369069289549854,0.7985559379258667,0.55850906251088,0.5743106512590708,0.8993547435088981,0.36820850388018345,0.466809954727766,0.3931755892796358,0.8050940143255407,0.554885897082007,0.9227913741323103,0.9338377929917451,0.5835916787856608,0.7905401273174393,0.5854720873211647,0.8505681838601356,0.8595722061670183,0.798555937925866,0.9696706774563097,0.8305515745049554,0.48263009648802113,0.9148888971664291,0.5945467664601132,0.9179492298184433,0.7920258334641643,0.5524431880567959,0.6675156477479889,0.779945564343812,0.5115269552421552,0.540535737479927,0.7985559379258667,0.4862270927609652,0.8282253657219067,0.6926466702145566,0.7985559379258667,0.4113717421102411,0.8243731352318133,0.7925699855750041,0.8595722061670188,0.8195726318328562,0.5997985341142114,0.900253754973309,0.9627309363624608,0.8660761967134003,0.9151095785856409,0.9746256709163177,0.617006103718071,0.7985559379258667,0.9325355903302806,0.7985559379258667,0.8264925818075504,0.682518960056838,0.5755390126386907,0.8129560940834343,0.8808984694524276,0.7307685654081337,0.7148384720768686,0.969473750919269,0.7985559379258667,0.8274105957941784,0.5236256375037875,0.8566607811358247,0.7634464105179197,0.7008346989314138,0.8505815345144854,0.7025605332873057,0.8417708732931735,0.7805417669717742,0.546630629350767,0.5771792209497235,0.7805417669717742,0.9299270251043101,0.8192793116817605,0.9368003183323359,0.7805417669717742,0.8129560940834343,0.9249427659858718,0.8439442411733158,0.7411541095438761,0.8195726318328569,0.7816861609337546,0.7842340498562543,0.7433998306591936,0.9115608261892302,0.8182780925349441,0.683100143373607,0.7393301061786366,0.9325061828489148,0.885567780336089,0.9307762071552972,0.9101536621968307,0.6263104821853462,0.6688006435160836,0.9365848905730805,0.8454289102951198,0.766033826607494,0.8439442411733156,0.8555160230965212,0.7602075439974855,0.8950953277358087,0.7238372763052598,0.7126772758271864,0.719950109037071,0.8050940143255406,0.8155363791473291,0.9132083247266776,0.6545682644818039,0.8448011976163201,0.911740774993114,0.9461040422097595,0.9738812841924953,0.8907699867734993,0.721601448574337,0.8895997465928738,0.6881381969446901,0.6324043849078653,0.9259096512616021,0.5553903470829973,0.9433865665893779,0.859170821160427,0.7734782769480444,0.954000207998589,0.6817494061722857,0.8578487022942798,0.9750732182935402,0.7970190667925916,0.9296685229533537,0.9166904493349143,0.9699851449601229,0.798244171974263,0.8746662285702409,0.941745038997982,0.6073567015420858,0.842372818627726,0.8731770969580539,0.496912371043277,0.6612277820977526,0.872583934455301,0.9330207044955984,0.5135123599388893,0.6097000696481392,0.8929083882224407,0.9193977657196127,0.5354276770788637,0.8068348503301721,0.6809595670770039,0.9934283977656029,0.46297088258428765,0.9876412541215134,0.7830070991781048,0.5466306293507659,0.8891275127832985,0.8344943451945637,0.8380544030567039,0.8224043477741756,0.8604151780400966,0.7169460495383038,0.8155363791473291
p108_F,0.9738966472032808,0.9141152197962772,0.6909009692932591,0.9297016571766252,0.9167889614218212,0.8923606027185702,0.9346144368756457,0.937766436138687,0.4474419923910704,0.8863615183906011,0.9347920356167374,0.9994549100563429,0.9404034994935053,0.7786058683809316,0.9770062671589685,0.9330942003406423,0.9267224344910141,0.8042798049713862,0.8806288736252945,0.925139185826386,0.7119133112756482,0.8240592260016,0.8913277886422017,0.8597250809841579,0.8199826469754623,0.5517027491631035,0.8411169961963989,0.8517937515841065,0.8863615183906015,0.8492813609851473,0.5939167304410533,0.9381630884742409,0.8645849121197555,0.6488679857334374,0.9167889614218212,0.8806288736252947,0.8597250809841577,0.8367276131213965,0.8923606027185707,0.800485958589978,0.7125881023514389,0.9293740074652759,0.9035807460778028,0.7947011113098221,0.869652142294604,0.5785045305079193,0.8976747065462736,0.6196131458243905,0.800485958589978,0.9348291368579736,0.9039927750935624,0.5703050168733159,0.5517027491631035,0.7046682366557788,0.9682712938900857,0.8198585429548066,0.7967384102359392,0.6499526646778642,0.8748948996129541,0.8456018749230434,0.4460164286577949,0.6109418888578788,0.8758372989564429,0.7660838876119862,0.8751256559556833,0.7485097418081639,0.9039927750935628,0.8849258868944803,0.8867958484703684,0.9176596541595285,0.7750851240265346,0.8004859585899782,0.9903699584566826,0.6709662866226167,0.6499526646778642,0.6756503927816968,0.8762657667398073,0.854851901502441,0.7118952138975594,0.8923606027185702,0.9880854583596015,0.836690297347398,0.8512571253115544,0.8042798049713862,0.6499526646778642,0.7647016855061364,0.9806788482162221,0.8607045270541065,0.852117369444803,0.6386053673554343,0.6499526646778642,0.6909009692932591,0.6282844362396152,0.6853907833289257,0.671571389830256,0.9609247346259902,0.7015880042416134,0.6953006468213347,0.6570729725670597,0.620754511136745,0.7967384102359389,0.8646954736999408,0.8548949080074908,0.7858764693342042,0.9543381900367653,0.8806288736252947,0.7348416307782746,0.6178139300871444,0.9735541517463953,0.6893288595928484,0.6455079967206729,0.8081229518169688,0.5973006280036675,0.8564657651001004,0.8976747065462736,0.6890597277268051,0.9413449729068444,0.8806288736252947,0.8923606027185704,0.5959002028743345,0.9131565421461653,0.672618208788484,0.8199826469754625,0.7857470667779494,0.9712472909365182,0.7530069239897833,0.8597250809841577,0.9058606564745177,0.8802619090433539,0.9197102561463771,0.5262520985221166,0.8646954736999406,0.8698224617128842,0.9852042065592536,0.8411169961963989,0.7857038904746081,0.829761085097092,0.8698224617128842,0.8698224617128842,0.6275344199174464,0.5223923690848771,0.8863615183906008,0.6389791162009297,0.6798371293952323,0.6786879823670215,0.5388381622060865,0.8951633455522054,0.5613586367423751,0.917868019924349,0.7055125173529608,0.8863615183906015,0.8385085094242481,0.6323726778322505,0.8728952539977223,0.9381630884742409,0.6595565592719153,0.8041972242529902,0.7744969269066901,0.7922297542070026,0.9519052523220197,0.8921507679271993,0.8976747065462736,0.8366902973473977,0.6679569377145284,0.7063431845071195,0.7612950419868552,0.7720624196603912,0.7482519591918038,0.789371403725849,0.830187739924825,0.7786058683809314,0.850191113818277,0.6714985372301107,0.9850657123404503,0.7923648824377977,0.8100677200877802,0.9546904346937624,0.9389627484316476,0.7926601610352828,0.9939611782622843,0.9238636881933731,0.5998043635276483,0.8660988083925414,0.9393133196061914,0.6197950373520733,0.6987599669469879,0.5811805998316809,0.9179767203190776,0.7318979897663462,0.847749246485038,0.9626826982918233,0.9070738292390697,0.5875454392790904,0.6424339016160046,0.9932805988187012,0.6499526646778642,0.8916364199492739,0.9334124924496288,0.8531421276360124,0.6277931121852895,0.4584856355959068,0.9393133196061914,0.6499526646778642,0.6702933379390523,0.6424339016160048,0.8863615183906011,0.6499526646778642,0.5457921521717066,0.5167397449174324,0.4653396919326527,0.2933506532566308,0.7469476449989945,0.8501911138182776,0.6499526646778642,0.8995532031148823,0.6499526646778642,0.9036058696933307,0.6938792629830925,0.6417329718669675,0.6499526646778642,0.9603411067113545,0.6499526646778642,0.7832674341192731,0.6996466410491045,0.7612950419868552,0.6612178445029009,0.8646954736999413,0.6180680957077835,0.6860748316018364,0.8159705917998177,0.8240592260016002,0.8624499052298837,0.5810211946206626,0.7889559462801308,0.869822461712884,0.7881179018834512,0.9752762755840356,0.7767637729177435,0.8294039263224575,0.7182250005319053,0.5570367960403264,0.869652142294604,0.6726182087884842,0.7153450374440302,0.6499526646778642,0.9774063556890336,0.6499526646778642,0.9267509967572922,0.7579133348704645,0.9723334018549192,0.8196708144555607,0.5915149639453967,0.8597250809841579,0.9662618966250992,0.8199826469754621,0.7110914890254656,0.9852678302689665,0.5193324167892621,0.864695473699941,0.741593487303261,0.8878683652485627,0.9624855693888563,0.6686761625805101,0.9118155405460241,0.6766704992277781,0.8923606027185707,0.7401770031909449,0.8988225592018981,0.7553732478491241,0.7544574491702354,0.7676261964777695,0.8698224617128845,0.8162654489602548,0.9382113698705681,0.7844864396385136,0.8806288736252947,0.6204157464211777,0.6870790911977924,0.9107051466098506,0.991524261099638,0.8806288736252947,0.7932144451408416,0.77375778538692,0.9118155405460241,0.7271643182080152,0.8217760937511294,0.864695473699941,0.8097772821314799,0.6779135654882675,0.8456018749230434,0.8646954736999408,0.864695473699941,0.4378821410698466,0.8806288736252947,0.7605913886291161,0.0,0.6726182087884833,0.5550145424993553,0.8806288736252947,0.8548949080074908,0.8709151953906005,0.8456018749230432,0.9381630884742409,0.6411799237989504,0.8865012121618132,0.8976747065462736,0.8239623708568529,0.9332487424112726,0.7160152926515635,0.7989013485994536,0.9709232201740835,0.9974994983408558,0.7663263616175744,0.7030936230941713,0.6675239663150063,0.8863615183906017,0.5025978128128308,0.8863615183906015,0.8722412896855278,0.838507437116254,0.7605250709323563,0.9374291292220641,0.6499526646778642,0.6859634643382961,0.8679649469046933,0.8042798049713866,0.8806288736252947,0.9816550577048297,0.8501911138182776,0.6499526646778642,0.9735541517463953,0.8971864431693024,0.9331723329592954,0.9576400443335706,0.7413004042222344,0.8120186809265804,0.9593259713837244,0.8651386931318837,0.5112790276157668,0.9752553466632938,0.6061264069114092,0.588040553665689,0.9636331722389384,0.6488679857334378,0.48929452315324884,0.677438483545211,0.6356692763330742,0.9331723329592954,0.6201045982876232,0.7889559462801305,0.625167649064193,0.8411169961963991,0.6686761625805101,0.9904031166895628,0.7547614568865832,0.6913490550690342,0.5929673784781814,0.4822124713549554,0.6499526646778642,0.5451969521389817,0.9088164607327507,0.7926601610352828,0.9088164607327507,0.9639168532621705,0.6736991449023718,0.6499526646778642,0.6499526646778642,0.9413444321912237,0.7987617951782122,0.6713694256202043,0.6499526646778642,0.8863615183906015,0.8548949080074908,0.7786058683809313,0.7063431845071186,0.5625906059795511,0.8548949080074908,0.7821592255564658,0.8501624963707037,0.5207863938180519,0.5597725639659709,0.6499526646778642,0.6766241395207799,0.7612950419868549,0.6423610499583703,0.661069498131164,0.9352026077231335,0.8878565447379279,0.8646954736999408,0.6219633449124009,0.6499526646778642,0.5277928971570587,0.9712472909365182,0.6197950373520736,0.6111070790598971,0.9554590978795059,0.531458695797479,0.8367276131213963,0.6499526646778642,0.9302136108222188,0.4986092269617717,0.6499526646778642,0.9570659480326571,0.7194292403871135,0.5771036428748728,0.47231935625778787,0.6679569377145287,0.6499526646778642,0.6743475187393522,0.6216341949272437,0.946145257121781,0.9899555063109596,0.8784792502474139,0.8504497685618017,0.5963487974842036,0.7206961975084261,0.8646954736999413,0.9219094108182129,0.432300849037051,0.8159705917998175,0.5362770958535457,0.8263653350659064,0.6305248866250568,0.7821243583741352,0.869822461712884,0.8042798049713866,0.6499526646778642,0.8806288736252947,0.7188788794402519,0.7509682880058619,0.9880854583596015,0.8385984961443846,0.6860748316018368,0.8386453762203652,0.9235477589143899,0.6860748316018368,0.8814986128738731,0.9477359881289869,0.8324259604645756,0.6704478794627615,0.9090734360217312,0.97124800423777,0.5973848018856238,0.9639168532621705,0.8135872490980495,0.9666849854845856,0.8192949037146101,0.8501624963707037,0.925139185826386,0.6953996204634405,0.8110662561705239,0.9518414047601905,0.706872825589801,0.9545755778471186,0.7585235381203532,0.8646954736999413,0.7681346104287816,0.8374116012927162,0.988509303329159,0.8613619137682154,0.7524540450430859,0.9319744075261024,0.5052972729009111,0.837915404920339,0.7469615189175015,0.7840179390929678,0.869652142294604,0.8008022682460495,0.7892864396366654,0.9512867698617247,0.9353767630306684,0.6565290303034956,0.4789269782294463,0.9852678302689666,0.6775717525818028,0.9847199958723034,0.8586559626777017,0.9033742852016011,0.864695473699941,0.7572514186523442,0.7786386640722007,0.7647016855061364,0.9307733292449109,0.7490633210323672,0.8940275945888625,0.7647064578358072,0.9816550577048297,0.8427500328140214,0.8411169961963989,0.8411169961963991,0.9934962847644027,0.8806288736252947,0.7857470667779494,0.5153985840526176,0.7512197371508631,0.8501911138182772,0.8501911138182776,0.6708848852565448,0.8479439764127994,0.7023206662323176,0.6489589504412177,0.6499526646778642,0.910635456538732,0.6499526646778642,0.6499526646778642,0.6479373298491176,0.7821243583741351,0.7681346104287814,0.6499526646778642,0.4943744540181334,0.5956643319946261,0.5167397449174316,0.7388821350093351,0.6605355464321552,0.6332818726742109,0.7436059747564525,0.9861131747161864,0.543478713858438,0.9961285928884455,0.9564805573943129,0.8407959393799272,0.6176635635226598,0.6384442149453864,0.47536103272322294,0.7857470667779491,0.884699396895007,0.9334124924496285,0.7036338148042465,0.910635456538732,0.7556157663940581,0.8646954736999413,0.8953651227207058,0.9545755778471186,0.9536242185949373,0.8913277886422015,0.7445821198770914,0.8258859061755139,0.5207768249942624,0.9666849854845854,0.7860415780849046,0.9636331722389386,0.627772096247224,0.9235477589143899,0.9938548454567144,0.7335380952716644,0.7254416083346629,0.7884744044803343,0.6942182301087922,0.8735315428215504,0.807127724821238,0.6847810669273326,0.8501911138182776,0.6821878389447263,0.789371403725849,0.9331723329592956,0.47220652138171537,0.5260739978531644,0.9956465904864236,0.451877127353141,0.8240592260016,0.9421959311082364,0.8836812433698427,0.6499526646778642,0.869822461712884,0.6074287791026076,0.9594229317495175,0.7670769868687253,0.9671146110455704,0.8324258608128108,0.834292837596174,0.586787690335842,0.9415659198704573,0.6863623455281678,0.8863615183906011,0.5435642797210614,0.878680984783238,0.9122496391436867,0.6860748316018368,0.8645849121197562,0.6890302097184164,0.8183589115548069,0.8366902973473977,0.6655937316103806,0.5420278827014806,0.6745720363802881,0.8790161768798272,0.8722412896855278,0.5694451429541059,0.6184122792974707,0.9040848318315532,0.9639168532621705,0.896768399360929,0.7573388514344502,0.5535968817667054,0.9861131747161864,0.5698956002033233,0.6386053673554343,0.6042283914804193,0.5457675630477319,0.8923606027185702,0.9631317475782787,0.9044498963757316,0.7852895105385098,0.7816587896936467,0.8808735852059528,0.8817771128865637,0.8079019311629849,0.8455778977706181,0.9927258081310119,0.8282051901310086,0.8501911138182776,0.869822461712884,0.8923606027185702,0.6499526646778642,0.976347968942274,0.6457060276896218,0.6913490550690342,0.7715952479912922,0.6499526646778642,0.536976998169711,0.5532325199457193,0.9745904997345844,0.8760323286574813,0.7252207012825329,0.7249255050976924,0.7120093231114719,0.9201239579498273,0.7930344042243778,0.9372103015663511,0.38878498256241856,0.7385619389237461,0.875125655955683,0.722043068525573,0.7967384102359392,0.864695473699941,0.8385074371162542,0.9331723329592958,0.8880169523355715,0.8456018749230434,0.8923606027185702,0.8324259604645761,0.9585793392680111,0.8548949080074906,0.9866871492863446,0.6695910231326634,0.991721215227996,0.9903699584566829,0.8762657667398075,0.3999945118456196,0.507294854221058,0.6686761625805101,0.8698224617128845,0.7023206662323174,0.6686761625805101,0.6386053673554343,0.7529746649901858,0.6499526646778642,0.898187288392809,0.8127489866836279,0.6499526646778642,0.8120186809265801,0.9752762755840356,0.9712480042377699,0.8646954736999413,0.875125655955683,0.9807182241902621,0.6386053673554343,0.5108377389761056,0.5959002028743348,0.7318862271458788,0.791955583937608,0.6499526646778642,0.7348416307782744,0.8976747065462736,0.9107051466098508,0.6435316338229069,0.7380805818005263,0.8806288736252947,0.8597250809841579,0.9735541517463955,0.9801558328307194,0.9496600958681387,0.916788961421821,0.798819102777694,0.8177236257145168,0.8300567955480207,0.4503982115969477,0.8282051901310088,0.9546904346937621,0.8239623708568522,0.8976747065462738,0.8479439764127994,0.5754822059289779,0.6499526646778642,0.9167889614218212,0.6958906929765931,0.8863615183906011,0.6064483080788616,0.8411169961963989,0.9347920356167372,0.6252877880000256,0.6860748316018368,0.5185572645081042,0.67179713302963,0.6499526646778642,0.6499526646778642,0.7269623491159793,0.9049294089314363,0.8679649469046933,0.6198589267331694,0.6167942012578433,0.5535513350557129,0.6270270363221955,0.7431373092213579,0.8081229518169688,0.7104491187431754,0.6499526646778642,0.9249971989626641,0.869822461712884,0.8923606027185707,0.5176264471628875,0.8806288736252947,0.5002838997811501,0.6499526646778642,0.6499526646778642,0.6634297981339421,0.8548949080074906,0.7195851209428125,0.8240592260016002,0.5915078269719509,0.7125881023514389,0.8880169523355719,0.8730754581330811,0.5686475108627502,0.6598360882646994,0.6499526646778642,0.7579133348704645,0.6931053360407013,0.8597250809841577,0.9546904346937624,0.7626892779930704,0.9829759764007144,0.9261626187140415,0.7647016855061364,0.9235477589143899,0.7156716466844373,0.6499526646778642,0.6022879166340218,0.8058773355708833,0.6989582597825383,0.8380713372148463,0.660785274807371,0.8952765084297515,0.9194197081552451,0.596984936823945,0.9816550577048297,0.8568736698307052,0.6624794199462625,0.9306018350179603,0.8863615183906015,0.9192025540276801,0.7425227331232552,0.6564235597262593,0.8698224617128842,0.6686761625805101,0.6946783964257706,0.9489401298565192,0.8183589115548069,0.9882776324664455,0.9331723329592956,0.7982103859933596,0.9035807460778036,0.8219572855963522,0.776763772917743,0.7649766650409142,0.47615371812203333,0.8356348249208566,0.8863615183906015,0.8501624963707037,0.902369037108911,0.5762187557422962,0.8645849121197562,0.7889593434808125,0.9123390738302761,0.32086424468368124,0.9488068852251461,0.37824907723647727,0.6382513885550334,0.5615240088805034,0.5784894991813179,0.6499526646778642,0.7079132371954757,0.8356348249208567,0.6025122537977782,0.8863615183906011,0.9493749368864169,0.5958625249737981,0.8371551049178803,0.6499526646778642,0.49860922696177157,0.4990524132637977,0.8860335301890332,0.6821478843326841,0.6434949386271788,0.6834363392347171,0.8698224617128838,0.4023903725287499,0.9439976272138818,0.8432232356251794,0.7697257700583267,0.8159705917998175,0.7784500508750836,0.8923606027185702,0.8410896574139457,0.8548949080074908,0.8865012121618128,0.8239623708568522,0.5626241165700578,0.8401912963370657,0.4993791766961122,0.8356348249208567,0.6686761625805101,0.5896057751155805,0.6035458085403462,0.9825929641506668,0.6423610499583701,0.6272215636098148,0.6499526646778642,0.619872537432593,0.609550151403196,0.7786058683809312,0.6499526646778642,0.7403078578833724,0.8924422111181161,0.8806288736252947,0.6062908990752396,0.6386053673554343,0.7322936402092644,0.9950997889315368,0.8118238203488377,0.9816994719868783,0.8141457955965565,0.8662087230280737,0.4656611062488545,0.6499526646778642,0.9980728178644103,0.6499526646778642,0.8806288736252947,0.6766684437513402,0.4316945851342031,0.8923606027185707,0.8792142714664986,0.6492292074382222,0.5487167672155125,0.8001909810660306,0.6499526646778642,0.9365291082498839,0.5844431532034983,0.7319102495656753,0.8300567955480203,0.9197102561463771,0.8698224617128845,0.8597751030614814,0.8696125867945612,0.7907025084637319,0.6726117303134964,0.6005542494872409,0.7907025084637319,0.8001909810660308,0.8698224617128845,0.6726182087884833,0.7907025084637319,0.8923606027185707,0.9235422949464807,0.9168955462600301,0.7383328072669628,0.8501911138182778,0.8696125867945617,0.8366902973473977,0.5435469751069901,0.7579133348704641,0.8826006208306466,0.48766280160686115,0.9882972567249719,0.999454910056343,0.9545755778471186,0.5663283101636515,0.7786058683809318,0.7369786831565088,0.8512540609162241,0.626465449290061,0.7380805818005265,0.8943916076574747,0.8597250809841577,0.8646954736999413,0.575228775625729,0.8004287203278335,0.8424528604155644,0.9069446340243958,0.7273957528143702,0.9381630884742409,0.875125655955683,0.8777830237066442,0.6041892390247683,0.7093583670647594,0.7823661637816473,0.7857470667779491,0.956684741953075,0.8711731485657734,0.6275305860863909,0.8548949080074904,0.6425143664274038,0.6673670235282576,0.869675167987205,0.6555406814877174,0.9296870651220839,0.9473253411290726,0.8305986179828291,0.9460359609414121,0.5278502511680845,0.898187288392809,0.8792142714664983,0.8909073865532637,0.9496247231565925,0.8613553498406222,0.8282051901310088,0.8205738375912712,0.8802619090433537,0.8128560123050981,0.9697318888653121,0.8646954736999413,0.8916364199492739,0.6966115922018663,0.5007221710155043,0.8976747065462733,0.7625725168644153,0.6569034459104204,0.9635005687398782,0.8456018749230434,0.8456018749230436,0.7031605392425292,0.9353767630306682,0.7220430685255732,0.9374291292220642,0.5459580022450188,0.8120186809265801,0.875125655955683,0.5185375351482363,0.8566233740762916,0.8597250809841579,0.8863615183906011,0.5552352590893919,0.9176596541595285,0.9171375707529181,0.875125655955683
p108_G,0.6422544180966727,0.9789620687127683,0.28583324639828744,0.971054302875437,0.885400876353422,0.9609676410723689,0.7045091956262406,0.7353128263612737,0.7829885471498916,0.9102521474185268,0.7454228021220048,0.8816859778305948,0.881685977830595,0.849467681705,0.8637555335248934,0.7403265488704986,0.9709607924834878,0.697754129661676,0.9057246972976498,0.9539382344839205,0.48642712382210096,0.7860635052916318,0.8906528429153149,0.9251662135150307,0.8249859972997307,0.8454267695073412,0.9066666273465951,0.8573615701009305,0.9539382344839202,0.597738909461512,0.9306270129352796,0.9356856974167589,0.5640452198309196,0.8168805099533945,0.9202651318010482,0.9891608609192486,0.607475610512801,0.9338198267598912,0.9149900225490741,0.9217745823086676,0.443514623423211,0.8484619576906176,0.9149900225490741,0.8035217116670972,0.8745195447781486,0.5387304614205866,0.6610146236200117,0.7754910920028371,0.8666412439971052,0.7558839765538492,0.8971901564492133,0.4162502762429031,0.8454267695073412,0.8676556569243741,0.8710529575837425,0.48331640503272855,0.8655174742919487,0.885400876353422,0.7877894206954374,0.5943354874184328,0.7880418755318441,0.6190375839583007,0.8454267695073421,0.523870893309531,0.9013784409842849,0.7889985348813431,0.9741812383843047,0.6914826318508713,0.5320763775577754,0.9057246972976498,0.8463876019323999,0.39057685318509516,0.885400876353422,0.6089813514626867,0.885400876353422,0.17675574792240267,0.6096192035927849,0.8955208649962769,0.8169626068338529,0.9149900225490744,0.8643222344048869,0.898310709108256,0.8336526153804957,0.6708824178480892,0.885400876353422,0.8373631026438322,0.8610478913106774,0.9421678670673338,0.9092811131867262,0.8816859778305952,0.885400876353422,0.7942152876357638,0.7732209641531294,0.771190106506203,0.8336526153804957,0.7754910920028375,0.7889193524219582,0.05597129355210295,0.5936542212384521,0.6676277653492217,0.9782026567459742,0.8931410336709438,0.885400876353422,0.7792635455812458,0.9973311064889934,0.6353764027835573,0.9758122660407357,0.5427203286922193,0.8578283462385068,0.6761334316425749,0.9324146569619929,0.9304212583514109,0.6100730695617851,0.944880055681265,0.6238609283942584,0.5111102625876998,0.9596850215420891,0.9057246972976494,0.763166647787863,0.6797668141977582,0.8035217116670972,0.8154775218072023,0.8866634059168488,0.8557494301578144,0.9395995359839612,0.9215730252040889,0.5715249815918649,0.7203903003681011,0.9494402015988872,0.8088080901268468,0.712932045425865,0.623860928394257,0.9873232206481497,0.9149900225490739,0.8745195447781489,0.7880662980021116,0.7450966758535351,0.8718365977455129,0.6408633519402385,0.8780615512279373,0.42847976602216997,0.6528869819275365,0.9586664532773301,0.8024199911473345,0.7649540409257372,0.7983028217639936,0.7775957767866957,0.643702033381214,0.8424305171733328,0.664749251186177,0.9102521474185266,0.7880418755318432,0.905707294614418,0.5430950800474514,0.9356856974167591,0.8424305171733326,0.7827183607872086,0.7894593805860721,0.9088092813104063,0.7414448669201525,0.594936935637187,0.9210904902002871,0.9816942482127167,0.5537923365189843,0.261457165044102,0.8573615701009305,0.8711245195507697,0.5439599607811109,0.7108796835335619,0.6830436341608008,0.9803110486563886,0.5424031201389159,0.9782026567459737,0.6437020333812143,0.9530384001734141,0.99271464324417,0.947442779108449,0.8987390403176914,0.8433448836577029,0.8839519098287014,0.9788394231439529,0.9556996017506816,0.9521560119189613,0.8816859778305948,0.7986011163078603,0.9814429926923398,0.6797668141977584,0.7779799894523742,0.8676556569243736,0.9511105270074118,0.8780615512279373,0.9279757260004395,0.3709263948713688,0.5406946982273744,0.8512094678478335,0.885400876353422,0.8892155845940946,0.8780615512279375,0.7754910920028373,0.3973516358248761,0.794215287635764,0.881685977830595,0.885400876353422,0.17961239551008756,0.5556863218233452,0.9102521474185268,0.885400876353422,0.7335167315182394,0.8088080901268471,0.7810604345314747,0.7104469950918599,0.692458217410372,0.8816859778305948,0.885400876353422,0.6750038116382906,0.8854008763534221,0.7425389917724408,0.47861415188194545,0.5072820609385393,0.885400876353422,0.7939105489321894,0.885400876353422,0.7064760123906932,0.9545758205751748,0.8114788487242623,0.0941746072730405,0.8931410336709438,0.49873401021178543,0.878061551227937,0.8340556435485741,0.8610478913106772,0.8722653319531637,0.8465460637663822,0.7608958361388358,0.8333410567779671,0.7730117451851676,0.8487063906575674,0.7057946237683055,0.7962021473013219,0.918805157356595,0.8088080901268468,0.8745195447781486,0.7784611943636774,0.9110367363125391,0.885400876353422,0.7804789596211701,0.885400876353422,0.6003631252476925,0.8315069861698934,0.8971901564492133,0.8365455300348619,0.4837769163129395,0.8892155845940946,0.8061560254525524,0.45013022148128046,0.816168371957565,0.9855797027208402,0.686893807216397,0.8931410336709438,0.8497130783727069,0.47194640719137326,0.6485654447765481,0.8816859778305952,0.9013784409842849,0.8269959582702515,0.9149900225490741,0.8899380151987906,0.9994329137751761,0.9850607921252732,0.8067930423012486,0.7529042682606859,0.8971901564492133,0.6582348534701603,0.7532761709855675,0.663668731452838,0.6353764027835573,0.6140246053816782,0.8735534577794486,0.9349222126828223,0.7983708394776967,0.6353764027835573,0.7157246407996485,0.6568007736094263,0.9013784409842849,0.31198588574492936,0.849467681705,0.8931410336709438,0.5732408788464933,0.5949369356371867,0.5283851172492297,0.5867072331685041,0.958244185426041,0.43111193019725746,0.9057246972976496,0.9518500267006789,0.6726182087884833,0.0,0.6485654447765479,0.9057246972976498,0.885400876353422,0.8953265605968894,0.8780615512279375,0.8971901564492135,0.5537923365189845,0.7904865059323101,0.9210904902002871,0.6815050920146597,0.8114788487242621,0.4863500443925035,0.8173335494555678,0.73905409745432,0.667974616500645,0.8533460904827911,0.8802484277139027,0.8002661382236945,0.9150035043198986,0.7829885471498907,0.9539382344839202,0.9016370541080929,0.8088080901268468,0.6638597708429772,0.8931410336709438,0.885400876353422,0.8971901564492129,0.7804789596211701,0.8722984813209289,0.6353764027835573,0.9013784409842849,0.8816859778305948,0.885400876353422,0.8249859972997305,0.9057246972976496,0.9609676410723689,0.6344403429748711,0.6286211305917186,0.8515386735783614,0.8971901564492133,0.6240218329418541,0.36117976131352625,0.8578283462385066,0.8710529575837431,0.6602544770187915,0.8931410336709438,0.8168805099533947,0.3911301999112816,0.8676556569243741,0.7983028217639934,0.8091442663111565,0.5010720160370583,0.8168805099533938,0.4991406985655322,0.7075683818320471,0.8816859778305952,0.8463876019323997,0.9820509953030641,0.5646646677879903,0.5673533275069991,0.36772947763301045,0.885400876353422,0.6702296088046704,0.8373631026438322,0.8433448836577029,0.8843112806828813,0.9102521474185266,0.650989690655523,0.885400876353422,0.885400876353422,0.8424305171733326,0.7829885471498912,0.9851225181999319,0.8854008763534221,0.9102521474185266,0.885400876353422,0.8251503574709125,0.12281957705148838,0.5257030746314035,0.7310923137226893,0.8279566795146676,0.8904552749271517,0.3168353590377492,0.40238733008161387,0.885400876353422,0.07184343322199482,0.8344202094125963,0.4961047429371954,0.5171176447947488,0.8025817780070981,0.705835820161409,0.5867072331685038,0.5399192926217926,0.885400876353422,0.4345798658829465,0.8454267695073419,0.8187560832059261,0.7923836602271337,0.8892155845940946,0.33689376792543824,0.9024363921718168,0.885400876353422,0.7656260953636838,0.5592525054476531,0.885400876353422,0.8279566795146676,0.552125948521637,0.290240221650514,0.37958347516826774,0.5537923365189843,0.885400876353422,0.9742854412623503,0.6750038116382908,0.9786078235958557,0.8608634967430602,0.7303879169050449,0.7905868338380972,0.7931448484714048,0.9786662698366029,0.5867072331685047,0.8702667377832223,0.7438395839048275,0.9961527583512033,0.6678378163138643,0.7328405437926264,0.13124899654469557,0.8546597599343506,0.602367810972693,0.8722984813209291,0.885400876353422,0.9274029754591527,0.8142030100411632,0.6997251729221585,0.8643222344048871,0.8811310709409116,0.878061551227937,0.9277523063525766,0.9251662135150305,0.8780615512279368,0.9844006847043054,0.885400876353422,0.9482856138401969,0.19597819816128814,0.8244134553929048,0.9057246972976496,0.6534092147090431,0.9102521474185266,0.867655656924375,0.9395555589844622,0.8374013084826173,0.9919151906069509,0.9102521474185266,0.548100263402178,0.8344202094125963,0.7942152876357633,0.8484619576906178,0.6096192035927841,0.25371537715104353,0.8931410336709438,0.6201546181695787,0.7730117451851697,0.6730941208763335,0.8793331866131819,0.873457082543069,0.8643222344048873,0.8307902358986599,0.7180115757573198,0.7860071792100569,0.9847963959786461,0.9968921249480657,0.9928202924343666,0.9227130782248434,0.8251503574709127,0.8515386735783614,0.8546597599343508,0.37171609825604646,0.8643222344048873,0.25974263507640893,0.8515386735783614,0.8053106771413624,0.804511950525291,0.8931410336709438,0.939475182203025,0.4324354010888053,0.8837507054227132,0.813189880128329,0.9057246972976496,0.9838828582329459,0.794215287635764,0.9013784409842849,0.9720683735426019,0.9066666273465951,0.8040096295373867,0.8971901564492135,0.9057246972976494,0.9306270129352789,0.35847084482163494,0.4402653413771954,0.6779115676755018,0.6779115676755018,0.6013562824993512,0.9392419520970219,0.8745195447781491,0.7850266446233367,0.885400876353422,0.658571195809565,0.885400876353422,0.885400876353422,0.5910688163795574,0.8546597599343508,0.910707988599565,0.885400876353422,0.570030677290111,0.6339102604249558,0.808808090126847,0.7005014178587579,0.08996849656143513,0.40973935745641643,0.782988547149891,0.7804789596211703,0.6388174739209658,0.8710529575837427,0.9025623351420251,0.9013784409842847,0.8141693012543916,0.6187974497563,0.6750038116382906,0.8696994329914802,0.9024363921718168,0.8780615512279373,0.9631836712591774,0.981387597930858,0.9983360878981193,0.6238609283942584,0.7957286869230606,0.8610478913106774,0.8484619576906176,0.5510696467148676,0.6743862331819508,0.8518433170041958,0.7880418755318437,0.8546597599343506,0.8196136051637433,0.8931410336709438,0.8610478913106769,0.8892155845940948,0.9242542452398629,0.6773866140554354,0.4900474058791373,0.8971901564492133,0.6448755746978643,0.8745195447781495,0.8761272311073844,0.6998536157609786,0.9494402015988872,0.4961047429371954,0.40723454947626847,0.9930547404043361,0.40973935745641654,0.6534092147090431,0.7804789596211701,0.41697458331854553,0.9919151906069512,0.7905868338380968,0.8435859019655767,0.885400876353422,0.602367810972693,0.8114788487242626,0.885400876353422,0.5091903571427052,0.8610478913106774,0.8780615512279373,0.8880060117336507,0.5083080235863158,0.8829583596177213,0.5592525054476531,0.6965730689929316,0.5949632756823309,0.8643222344048869,0.7157906341723688,0.878061551227937,0.9024363921718168,0.6910612603127237,0.8769047782559865,0.8515386735783614,0.49245874113865407,0.7295243586973188,0.4708248842267997,0.691635835361017,0.9954645327542637,0.6657869264112679,0.4589456174151484,0.8307902358986596,0.9102521474185266,0.915498465595191,0.8892155845940948,0.447006328488708,0.801028016285591,0.777595776786695,0.8816859778305952,0.543234125985252,0.43800987601725094,0.9930547404043363,0.7450966758535351,0.8931410336709436,0.9069445068121538,0.7526352981973861,0.5778229376838271,0.8595433895536655,0.86969943299148,0.8578283462385066,0.8106123348131291,0.5052659015231683,0.8816859778305948,0.6793588929077842,0.9149900225490744,0.885400876353422,0.816880509953394,0.4372418854261434,0.7311621409585709,0.9620012761274979,0.8854008763534221,0.7916017748452113,0.6248759288416099,0.7880418755318435,0.8251503574709123,0.18138874677475825,0.9949625014137061,0.8044026397326807,0.5319699757672041,0.6501391990120002,0.7880418755318437,0.6792833185684208,0.73222930229352,0.6185666173362778,0.8907361337480943,0.8394708294649358,0.8931410336709438,0.8315069861698934,0.9609676410723689,0.8365455300348619,0.8780615512279375,0.9470771218810413,0.4881387907516249,0.9697040536000001,0.885400876353422,0.7834908200686699,0.027570523015510995,0.9057246972976498,0.885400876353422,0.8610478913106772,0.4774978223851486,0.5537923365189843,0.8816859778305952,0.8718365977455129,0.8745195447781486,0.8816859778305952,0.8816859778305952,0.8168805099533937,0.885400876353422,0.8745195447781486,0.8330597247692189,0.885400876353422,0.8793331866131817,0.7725128802850376,0.9057246972976494,0.5867072331685047,0.9413830194575712,0.8892155845940948,0.8816859778305952,0.5432341259852522,0.6797668141977584,0.8546597599343506,0.6412624912620808,0.885400876353422,0.9970487115062967,0.8931410336709438,0.5647765526904125,0.6243545183875763,0.9069281264398866,0.9474427791084492,0.8892155845940948,0.857828346238507,0.8315069861698934,0.9443335252735334,0.7310923137226891,0.9677003624281724,0.8704054119278537,0.8807086244169691,0.8260137334668323,0.9555600901459856,0.9474427791084492,0.8424305171733326,0.6610146236200114,0.8542961702347789,0.6596133430076065,0.885400876353422,0.9551293872486746,0.15447227723334245,0.9102521474185268,0.6249057106097993,0.6432742166951542,0.9855797027208401,0.6039062602675376,0.878061551227937,0.5285753401714377,0.5140606437452133,0.885400876353422,0.885400876353422,0.8061560254525522,0.8372011820721452,0.8010280162855912,0.606325390340706,0.6509896906555233,0.5473595125206384,0.2841427411046159,0.5482822608796649,0.8484619576906176,0.5779971046272834,0.885400876353422,0.7754910920028371,0.602367810972693,0.9149900225490741,0.5238911377373046,0.6353764027835573,0.6190375839583004,0.885400876353422,0.885400876353422,0.48997830057301295,0.9551293872486741,0.5081433831524682,0.5508044363598357,0.6614057652160766,0.24262394870741377,0.8365455300348617,0.9256522427411317,0.6421764936877414,0.7685757096049018,0.8854008763534221,0.899603674299033,0.5884740443577103,0.715327497275609,0.9057246972976496,0.8368917104714448,0.7205556564145419,0.8201203923509601,0.8141693012543916,0.8892155845940948,0.20320027372810112,0.885400876353422,0.6089813514626865,0.8605569040332726,0.7730117451851704,0.9377315833828164,0.5391696205418468,0.867655656924375,0.7855093208605664,0.8383808376884841,0.9013784409842851,0.7638459018651765,0.6892656137044064,0.8745195447781486,0.7839452431237174,0.898102330173175,0.8454267695073414,0.6692931558484396,0.8971901564492133,0.8816859778305952,0.9147162799480846,0.839470829464936,0.9677003624281724,0.8704054119278537,0.9149900225490741,0.8088080901268468,0.9149900225490744,0.9149900225490737,0.972932360405778,0.8908074406456203,0.7656260953636833,0.885400876353422,0.8713174172545042,0.8154708889081062,0.8610478913106772,0.8164266236795719,0.5954286544189951,0.8816859778305948,0.8655174742919487,0.7801518379683505,0.8892155845940946,0.7146125649255912,0.8141693012543916,0.8785644137865678,0.8223298531781496,0.885400876353422,0.7750496320948062,0.9751421018560732,0.6456360633991698,0.9102521474185268,0.8757817245775488,0.8515386735783614,0.9295045032597761,0.885400876353422,0.5592525054476531,0.40973935745641643,0.8515386735783614,0.5619644705334461,0.6089813514626865,0.5779971046272834,0.6408633519402385,0.614175002540928,0.8433133516871905,0.6516913979293892,0.6618810393148353,0.9112569593010917,0.9970125884920227,0.9149900225490741,0.9961527583512033,0.9899936426963005,0.830557392775857,0.9724333308442188,0.6363667931074075,0.7804789596211703,0.3949139180653488,0.885400876353422,0.8816859778305952,0.6437020333812142,0.4254491242634445,0.9393266337135698,0.49610474293719564,0.4414394745571286,0.885400876353422,0.5228157539262197,0.17839191097098617,0.8494676817050002,0.885400876353422,0.638817473920966,0.9024363921718168,0.6353764027835573,0.8546597599343508,0.8816859778305952,0.4789488110205712,0.8454267695073419,0.9859387858531448,0.8394708294649358,0.9431083610157585,0.8623542432319448,0.402530323403136,0.885400876353422,0.8622112935825186,0.885400876353422,0.9057246972976494,0.9837907854071211,0.73905409745432,0.9149900225490741,0.8336526153804953,0.6317146306930588,0.7855093208605659,0.8344071032518652,0.885400876353422,0.6371454306184342,0.6115852115392624,0.7523362692570583,0.8557494301578144,0.6464184048400374,0.8333410567779673,0.7449034616957073,0.827956679514668,0.8114788487242621,0.7583094792012606,0.44143947455712884,0.8114788487242621,0.4453299155064693,0.8971901564492135,0.03701632744352479,0.8114788487242621,0.9149900225490741,0.8454267695073419,0.8892155845940946,0.8328673674793108,0.9155630897147411,0.852587449013217,0.8793331866131817,0.7558839765538496,0.32863386023738306,0.8829583596177213,0.8061560254525517,0.8424305171733326,0.8816859778305948,0.8904552749271515,0.6817438473291948,0.8830417517200402,0.5899036597626113,0.6240218329418541,0.8009042580085137,0.37134415306719304,0.8953265605968894,0.9251662135150307,0.6238609283942591,0.8187616895030196,0.974256243496427,0.8811310709409119,0.932462598036226,0.8362038767635076,0.6793588929077843,0.6185666173362787,0.838093207952088,0.833652615380496,0.9545120772112019,0.8373631026438322,0.81978104447317,0.7658286209485441,0.915498465595191,0.8279566795146684,0.5916352919321852,0.8832347161846721,0.90010966403673,0.9295796011720647,0.7754910920028371,0.7887326035384183,0.9013784409842849,0.8547233147850071,0.8262243948785422,0.8454267695073412,0.9388137099150413,0.8120947282193268,0.7931008126567494,0.8149263853247117,0.8824696107393232,0.8054620272717139,0.8244276239366068,0.9155630897147411,0.8282249829823161,0.7064385118670835,0.8931410336709438,0.679376868354673,0.7624500092181512,0.8365455300348621,0.9302947288966976,0.9500469696341343,0.6916358353610179,0.8227335226360537,0.9440119213971412,0.7592114128414416,0.652757657638491,0.9627167257176428,0.7468927370971474,0.9302947288966976,0.6821446118120573,0.7871326569689748,0.6585711958095651,0.7583094792012606,0.9031014914644797,0.8892155845940948,0.9102521474185268,0.759953030641916,0.9057246972976492,0.7594985041128193,0.6585711958095651
p108_L,0.746838753296905,0.967897564628507,0.8171901894705687,0.985594442128753,0.8244903252448113,0.8375373339717103,0.7514680366783186,0.7295091824076856,0.7050326462200962,0.9157488137956811,0.8415145473268251,0.9267092193079063,0.8681826851484779,0.8175507538333258,0.9520020815889811,0.7125153281074785,0.9960569901458383,0.9059600152729226,0.76777785850371,0.8955695716330779,0.832913150053096,0.8873397057226611,0.9531049385044281,0.9953090053732515,0.9312963087719359,0.7899002280072158,0.8650987266916544,0.9815601099015916,0.8578332487188297,0.7589174995592367,0.7915658006826471,0.8072147333028621,0.8518411915787523,0.7510994433926017,0.7943743572075032,0.9439313629298691,0.8494190724813766,0.8770666824542336,0.8844523283713124,0.871482784261519,0.6914719293267229,0.7103954724314316,0.956684621538986,0.9404473637918791,0.9206364399566574,0.9635520084913607,0.8547546403115025,0.887136929915016,0.7858276474562269,0.7854798146755873,0.9267637001447557,0.9584126379408482,0.8131121854603571,0.873111321536618,0.904175895050935,0.8268032850217475,0.8268032850217475,0.8442340263447972,0.8356731743161755,0.8912265872652461,0.8028422096305574,0.8994710475078791,0.8851323676488065,0.79559032327016,0.8659511288161978,0.8988448557132203,0.9600163959638037,0.9293004959070604,0.8497051940875429,0.8398505531453152,0.7227709204780419,0.7858276474562269,0.9449541973940438,0.9166088554157756,0.8442340263447972,0.7965026490259872,0.8365351316003187,0.8415145473268248,0.9698170394622899,0.8375373339717103,0.9711702191874798,0.8896742921952369,0.9706144698948116,0.9779801974613707,0.8442340263447972,0.7917817388492996,0.9602465719103122,0.9073827152915204,0.9430635818189494,0.8391846440543809,0.8442340263447972,0.884812313639048,0.9263926359179862,0.9949409110718686,0.8831842634694869,0.7457544130139859,0.8149988941660656,0.6550811650613757,0.9695492342140387,0.9474139819193249,0.9168003221611534,0.824309351298026,0.7642583891701946,0.7906745229784301,0.9926317372096041,0.8718586682882639,0.7893467639461833,0.9200107031535768,0.8943483214849928,0.9478898002336913,0.8760334849176707,0.9120206826638078,0.9118347200636009,0.9090614984865613,0.8547546403115025,0.7724421631878774,0.8089064507936314,0.9078950156090664,0.8844523283713124,0.9944606861569651,0.9212349636116764,0.919772842739671,0.8694404115216965,0.777235949479578,0.9988078450854883,0.9239916459733155,0.8494190724813766,0.6877523123760194,0.7803928839093353,0.7892939334130731,0.911569113715561,0.8868482411505494,0.9932690917828515,0.8772530964941355,0.8294438503508299,0.9483038285447147,0.6266982706323434,0.9734782123981011,0.8935110043257075,0.8342582334437214,0.98568749495565,0.8780124908814326,0.8080346664927767,0.9671821681471171,0.8922556004142445,0.7635405039609005,0.8620421752710178,0.8730625398173446,0.6658690432921661,0.8603684187000076,0.9534851367099297,0.9607113098901473,0.7015483221380776,0.6355950683380851,0.9402255165790533,0.900057503550312,0.8662057421589838,0.8947614178493933,0.7899580350826503,0.9357603135724036,0.7157143728932505,0.9831290436676912,0.9857106085223284,0.8768742760497967,0.8045242368797136,0.9193554157059868,0.9650338535695433,0.8823556515563575,0.9924720215011427,0.8929270235230339,0.8595616759071827,0.8391846440543806,0.7818047664520453,0.8245630457076485,0.8205960202513105,0.9653644330183686,0.8758869004661177,0.9477440994742465,0.9376972013776266,0.9945118852839943,0.9767205970026367,0.7233872892439799,0.970703381414589,0.9852357534673346,0.927234056734785,0.8822781605365998,0.9514877279840439,0.7557489413366293,0.9526068784540556,0.9147022959082679,0.8912265872652463,0.9192447816479431,0.9594287570186237,0.9583335292562366,0.924334928277948,0.8442340263447972,0.9953090053732515,0.7669632898056068,0.95706238840473,0.8755333220807755,0.7675239399888383,0.8681826851484777,0.8442340263447972,0.6711652791885625,0.9324338075357002,0.9157488137956811,0.8442340263447972,0.745684792337323,0.7793421146931974,0.7482752338667527,0.661448071334696,0.8166833437456207,0.8684479111340946,0.8442340263447972,0.7300173438592004,0.8442340263447973,0.8944935577060383,0.9289378552913561,0.9433608992807482,0.8442340263447972,0.7769596934567231,0.8442340263447972,0.9673559091144863,0.7520487823981117,0.7013695720426595,0.6347514153237486,0.8868482411505496,0.8618610274257886,0.8912265872652463,0.8797714013940301,0.8586374236656281,0.9301595452732547,0.9334290562362888,0.9652298287867674,0.893511004325708,0.8920544948995281,0.9401985027453009,0.8723686727313094,0.9242802768452618,0.7597346623343912,0.8577719241284198,0.948405296589159,0.8398354885760076,0.8342582334437219,0.8442340263447972,0.7481158217726726,0.8442340263447972,0.7459813421400194,0.6716492192602381,0.8737201249409579,0.9782986056976812,0.8747810613116502,0.9953090053732515,0.8365430824312582,0.8067567589554554,0.8120632916679974,0.8415145473268251,0.9505666104839416,0.9847773554932617,0.9276464398706836,0.6216190230627463,0.7043140854472629,0.868447911134095,0.9350635530558218,0.9984601962744015,0.8844523283713124,0.9213378161852361,0.7814032203798336,0.8176247214376178,0.6781922527311086,0.8510681829850326,0.740709341664767,0.8785657137792349,0.816079565739775,0.9055783626287037,0.8718586682882639,0.8808272958688075,0.9111774640901567,0.8462258379052603,0.9847276571162555,0.8718586682882639,0.9201869881173643,0.8989014446202258,0.9350635530558216,0.8259435945688864,0.9513891747604617,0.7601221496199314,0.9334591969915784,0.9118347200636009,0.8342582334437216,0.8547546403115023,0.9526837546542144,0.9412445554357598,0.8038142058245124,0.9022444508553518,0.5550145424993553,0.6485654447765479,0.0,0.8718586682882639,0.8442340263447985,0.9229034747691283,0.7669632898056066,0.7739620374838149,0.9289901515325556,0.8639403577162291,0.951035442828644,0.8543655611126781,0.8004540464350812,0.8156283097736303,0.6988085238335924,0.8935419107517326,0.9072438981719441,0.9239916459733156,0.8077057448808029,0.801759832757204,0.9157488137956815,0.7229241972739995,0.7823606028903335,0.8929348073029166,0.8285088381306852,0.8717157863265761,0.9526837546542144,0.8442340263447972,0.8602583085066597,0.7481158217726726,0.8363241429134998,0.8718586682882639,0.8230429621054951,0.838919418068764,0.8442340263447972,0.9312963087719357,0.9479595951077231,0.924168090893738,0.8389251350121325,0.8838498589161354,0.9662712333141255,0.9069728207600057,0.7949149914450576,0.7704476814337962,0.8445325015584007,0.8247319789820515,0.92377289159517,0.9189418419895969,0.9131970021472477,0.842930258840568,0.8996098405090971,0.8954636083005569,0.9638838534161631,0.865558861258612,0.9247054390981058,0.8668182609711191,0.8572127069833315,0.868447911134095,0.847251352748132,0.9997101969033342,0.8726106506295308,0.8551685074886763,0.8145104134266756,0.8442340263447972,0.9337868085225829,0.8318516484079519,0.8163120271233009,0.871921557966604,0.9333058945473258,0.982475165178184,0.8442340263447972,0.8442340263447972,0.894328755480336,0.6687630668933031,0.9721700658514304,0.8442340263447973,0.8578332487188298,0.8442340263447985,0.9015725979810396,0.684768196914165,0.9194839466754319,0.9345819304567233,0.935978512980132,0.9856488589714834,0.7148395508223917,0.79147111889033,0.8442340263447972,0.6982212533744783,0.9617432150231073,0.8193278872419489,0.8497051940875429,0.8512593163012303,0.8186537091222481,0.8547546403115023,0.9112746187073932,0.8442340263447972,0.8461442376653692,0.9083443251019471,0.5967047452323506,0.9300174903337298,0.7779283143697304,0.7917846938674518,0.8499574698575323,0.8442340263447972,0.604948385769158,0.9987382915663385,0.8442340263447972,0.7444925593333579,0.9803994079666231,0.7631082072809785,0.8156283097736305,0.8768742760497967,0.8442340263447972,0.8531014663250454,0.9720040284887448,0.9612678105847426,0.9905227360757042,0.8683286806414442,0.8443792983848678,0.8483767895155874,0.9957394381521362,0.8547546403115025,0.6571963259063061,0.7482752338667522,0.9531049385044281,0.8306672048363646,0.8414658685938521,0.7829300741136085,0.9775494508745607,0.86025830850666,0.8851323676488059,0.8442340263447972,0.9119232477869204,0.8438176781749475,0.8207137693115731,0.8473118402076032,0.9339581025244248,0.8627424103544836,0.8247548170817918,0.9021458520860284,0.8912265872652461,0.9769675120682583,0.764258389170195,0.8884020077110693,0.7221548483552152,0.9376228099208341,0.9119232477869206,0.8758842362864541,0.8200969258045815,0.9526068784540553,0.9042159137641628,0.9886331148610834,0.7824305624821143,0.8780124908814331,0.8673535635740584,0.9419263201446231,0.8020352311694972,0.9120206826638078,0.8111328445391479,0.7548727743927783,0.7280285487808839,0.9854920236310983,0.9864740454997949,0.868412861710399,0.8656652131134634,0.9517679141853159,0.9769675120682583,0.7700058881907588,0.779481161695046,0.999804847577492,0.9668678576091966,0.9206364399566573,0.8773936512814691,0.895260386770032,0.9015725979810394,0.721610738622826,0.8757834749046436,0.8236972169899228,0.8473118402076038,0.8828729175992845,0.7456198177045987,0.8381644717696144,0.8808550070420345,0.8243093512980261,0.837550218501353,0.6937693816113923,0.831851648407952,0.8747014292422886,0.9078950156090664,0.9742183505672648,0.8999672719401197,0.8575991742253068,0.84008783619205,0.8095610134266517,0.9484052965891591,0.9069728207600057,0.9078950156090664,0.8850355119390221,0.7453175825307348,0.7329418331446735,0.8684479111340948,0.8391846440543804,0.850089956317365,0.8627234765310959,0.9127504202483343,0.9727198935773405,0.8442340263447972,0.8659511288161978,0.8442340263447972,0.8442340263447972,0.8416026020731028,0.8024499377942453,0.9449676339424365,0.8442340263447972,0.9265016130186999,0.9110652680717064,0.7989495670520027,0.6473547578193,0.6982212533744785,0.966298004530743,0.9550278837557487,0.8191174508918937,0.9742486904847258,0.9602780419655585,0.9090332843975355,0.8659511288161976,0.9277288942401347,0.9652212985126809,0.8856508629056408,0.8131257131745351,0.9583943202443376,0.9197107641760085,0.923385653658962,0.8230429621054948,0.9532878158848668,0.8547546403115025,0.95706238840473,0.9889488539673454,0.7103954724314319,0.8024499377942451,0.878565713779235,0.9785309471238596,0.7846540188244577,0.757548839543367,0.9376972013776268,0.8884965529761202,0.8365351316003191,0.8710914676569539,0.8917713522841115,0.8959064979779078,0.782705242180104,0.8602583085066602,0.9470257685523709,0.8294438503508308,0.9272338913712156,0.8251779080020145,0.9267092193079062,0.7805706161318295,0.7957540570441617,0.9566846215389861,0.8879231064020024,0.931400881947513,0.8013670436120881,0.9318472692682924,0.9381442798450033,0.8443792983848675,0.9677672063788705,0.8442340263447972,0.86025830850666,0.8428418457522013,0.8847222613194277,0.7335579641999186,0.960246571910312,0.9948367050917049,0.8982402204672012,0.8860102533028258,0.8553268890238976,0.8682303254594556,0.8780124908814331,0.997570868279055,0.9510363776961273,0.7761247151110482,0.8342582334437214,0.7957390446641298,0.9741563991295684,0.926546099924715,0.9857106085223284,0.896027647690572,0.9283646361029494,0.7995188844235925,0.676152015015943,0.843656659720782,0.8994710475078793,0.8348286657991295,0.8203557744633553,0.8578332487188298,0.9063883988086396,0.9115278413395254,0.975501500895569,0.8368678581716984,0.8880634067138802,0.8391846440543809,0.919943190442878,0.8003595459766975,0.9964003840614115,0.8127402366358987,0.9526837546542144,0.9921312866425608,0.8995385208275024,0.817624721437618,0.8085901834396201,0.9497152494146884,0.7199929517419206,0.9810016184263288,0.8415145473268244,0.6926030826701934,0.9267637001447553,0.7978215714492852,0.8442340263447972,0.9652298287867676,0.763393448777214,0.8987600302522442,0.8352010465863464,0.8442340263447973,0.8160656934164845,0.9412712473082328,0.7424530202169513,0.7623400254281054,0.7229241972739988,0.8020352311694974,0.9103650901480622,0.8545034525571396,0.9995311427156905,0.9970876915023467,0.822555534602597,0.9731067248422339,0.8659511288161978,0.9078694872909197,0.8493025443065989,0.8243093512980261,0.9461535522835212,0.9241680908937375,0.8674473477645402,0.8239316436271313,0.9241680908937377,0.8201142835916593,0.9032056035600345,0.7642583891701951,0.7768524988480241,0.6612173080420651,0.8758869004661181,0.8244903252448113,0.9094419977879702,0.9218743233303921,0.9420191204032452,0.868447911134095,0.9932690917828513,0.9127504202483345,0.868447911134095,0.8391846440543809,0.9942457815245708,0.8442340263447972,0.996056990145838,0.8988022075679377,0.8442340263447972,0.9617015294405553,0.9237443916968341,0.9119232477869199,0.8547546403115025,0.8230429621054949,0.8400370832278793,0.8391846440543809,0.8939766995429197,0.9371634085930702,0.9491170120150412,0.8842507929983178,0.8442340263447972,0.8988022075679374,0.7922157504589786,0.7982076797417141,0.8030444328840205,0.9850724936580612,0.9078950156090664,0.7468739299406559,0.9690720513748802,0.946153552283521,0.9441641414115842,0.9345819304567231,0.7401272099755858,0.7435176591897235,0.7987958619714663,0.6832104854863059,0.8991741089518656,0.9119232477869205,0.991441388425579,0.8547546403115025,0.7710025857999552,0.9894945445121979,0.8442340263447972,0.8847222613194272,0.7489835541009378,0.9157488137956811,0.8838210327470744,0.8849815636158327,0.9510363776961273,0.8988448557132203,0.8627424103544836,0.8893492928139017,0.845794581841878,0.8442340263447972,0.8442340263447972,0.9723858650735734,0.8313130683910526,0.7658662290524774,0.98145206338343,0.9547867626673436,0.9210290515092581,0.8647952914535135,0.8724629077919466,0.9592186632769029,0.9426998824178515,0.8442340263447972,0.763235777636414,0.86025830850666,0.8844523283713124,0.8994710475078793,0.8718586682882639,0.9533142243280928,0.8442340263447972,0.8442340263447972,0.8276867023723543,0.9449541973940438,0.776670469966592,0.8619374186614901,0.8899102291088363,0.79559032327016,0.9561283541110531,0.8920544948995285,0.9390981373952714,0.9207496655617045,0.8442340263447973,0.9265460999247153,0.8725017221101863,0.9736366101976741,0.9839959424285256,0.973336504609849,0.7914711188903297,0.8954636083005569,0.8719215579666041,0.8089826987988049,0.7404131415377566,0.8442340263447972,0.9166088554157756,0.9320264223045823,0.8823556515563573,0.9266570639012053,0.9871433577188292,0.8884020077110693,0.9307930578349992,0.9671712517400539,0.8230429621054949,0.8047529831701901,0.969606020893081,0.892867583324156,0.9157488137956813,0.985594442128753,0.9988078450854883,0.9164125103877876,0.9932690917828513,0.868447911134095,0.8487830214681273,0.8357078257054796,0.8481162904894912,0.805757875324769,0.8772530964941357,0.6520417669014323,0.9566846215389861,0.9638838534161631,0.8791256253514164,0.7958127961650447,0.8683332392798715,0.9345819304567233,0.971042217461574,0.8365351316003189,0.6808214142374298,0.9210400127866544,0.8518411915787525,0.8391846440543804,0.8357078257054797,0.6915606314017646,0.8494190724813768,0.8184876207711115,0.9076939394608086,0.7907287942478611,0.8584449148271238,0.8442340263447972,0.8517014806512277,0.9044659624194151,0.9065340858151636,0.9157488137956811,0.9463853754969072,0.846225837905259,0.956823417208448,0.8442340263447972,0.933484308512897,0.8487356573376321,0.8656652131134636,0.8900146822332329,0.9700761074397529,0.8769814523426918,0.893511004325708,0.8797309443964543,0.8652386210121934,0.6397359289943232,0.8364884087950308,0.8064378642836322,0.9850161887546584,0.9566846215389863,0.9286604261342954,0.9750701654313522,0.8811690270337231,0.871482784261519,0.9835439374702561,0.9966215236899463,0.8519767889736249,0.9750701654313519,0.868447911134095,0.9967611639207565,0.8058941796279264,0.9362969005638679,0.7934897065018697,0.7860399373636588,0.8442340263447972,0.897811663666078,0.6245687262960051,0.7965452927963972,0.8442340263447972,0.9573429351207662,0.9873872545622597,0.8718586682882639,0.8513389625345109,0.8391846440543809,0.8620050748711892,0.9779801974613707,0.716451603258093,0.8132085664206283,0.9409049655302271,0.900227987274776,0.886432199386733,0.8442340263447972,0.8452770961779121,0.8442340263447972,0.9439313629298689,0.9030091599668504,0.7725275033436161,0.8844523283713124,0.6796647044038892,0.902932213791176,0.8527581435198182,0.8253564085388909,0.8442340263447972,0.637835228927025,0.96846405637528,0.8828620725200811,0.8562455381583125,0.7597346623343928,0.973478212398101,0.770005888190759,0.8508736446926765,0.9391723105844711,0.9880211739199207,0.8249667131419451,0.9391723105844711,0.8253564085388911,0.7739620374838149,0.6805403864420132,0.9391723105844711,0.8844523283713124,0.7899002280072174,0.9642546209441771,0.8883775072675373,0.7803928839093356,0.8508736446926765,0.9136833712770096,0.833745605964479,0.7401272099755858,0.9980060367553065,0.7753346814478419,0.9685954172067621,0.8096561509890497,0.9381442798450035,0.9873471597399346,0.880567136944111,0.7510661323687917,0.9030091599668504,0.8815911847541515,0.8668824247185152,0.9171747266991531,0.9953090053732514,0.8868482411505496,0.7686798797364554,0.9731021013753223,0.7778286268494088,0.9330203879558061,0.9920251176495869,0.86025830850666,0.8659511288161978,0.9463922991982099,0.8176116086504934,0.8350416058272022,0.9878337585781132,0.9928350743984661,0.8589674756615985,0.8694404115216963,0.8725355333730946,0.8743499943821067,0.8932646966069737,0.9653644330183686,0.9980845643324875,0.9395810237823015,0.9024556589100381,0.9350635530558216,0.9652298287867674,0.9677613161224046,0.7899002280072158,0.8849815636158327,0.9924720215011427,0.7705830352988513,0.9276464398706836,0.7942545589541667,0.9510363776961273,0.8976552069425902,0.8096561509890495,0.8833983611161921,0.7084970237223368,0.8547546403115025,0.8804734569104511,0.8768816742913788,0.7778286268494081,0.9526837546542146,0.9500837043036967,0.9450717198613614,0.8409897966600004,0.9378683512701801,0.8627424103544841,0.961497839052316,0.9617015294405555,0.8791256253514166,0.9205901538151675,0.8410090189515409,0.9617015294405553,0.8659511288161978,0.771446011640166,0.7811924433510744,0.7468739299406559,0.9157488137956811,0.856402565602072,0.9078950156090664,0.7490176447076584,0.9005073409360098
p108_MSV,0.9317709090158676,0.9791100127950296,0.9109895373928905,0.9541300190655136,0.9582144552981327,0.9273614004407345,0.9320230809079545,0.9306047836741067,0.9208725034246266,0.967275815149292,0.9505286850464205,0.8904195718012651,0.8904195718012652,0.9541300190655136,0.8768331242200345,0.9891608609192486,0.9732924283946004,0.9436389526644002,0.9403409090909091,0.9672758151492922,0.949657954348555,0.9493347822888889,0.9892083965651994,0.9596053879391779,0.9868438546677247,0.9436389526644002,0.9008317218258527,0.9312607396704551,0.9672758151492922,0.8477442002619116,0.9383021271292231,0.9625131050152524,0.9529828655437629,0.908151746102369,0.9582144552981327,0.940340909090909,0.9596053879391779,0.9055383025924691,0.9690033562225548,0.9382239240989046,0.9016392859446953,0.9447456538980157,0.9690033562225546,0.9784926679114252,0.9008317218258527,0.9439442754859662,0.9610366993022685,0.9181387543589392,0.8786091103284602,0.9109895373928907,0.9625131050152524,0.9857734186523459,0.9436389526644002,0.9099641551465778,0.9762777185243531,0.941467276381333,0.8824024370934052,0.9582144552981327,0.9552047908760306,0.9555383641697375,0.9227150661971699,0.9984082365942544,0.8746515668023194,0.9172347260035336,0.7654443735347071,0.8903419420496905,0.9507165296704019,0.9327819448011689,0.9117843373625338,0.965625,0.9564941110945048,0.942546448360206,0.8060296021509912,0.8923050495306928,0.9582144552981327,0.906597867618917,0.9180945689966623,0.9505286850464205,0.9587846477856068,0.9273614004407345,0.9818060040046752,0.9914826481470902,0.9393458182324887,0.9436389526644002,0.9582144552981327,0.9631988949207007,0.9180945689966622,0.8392930630721884,0.9122319444343765,0.9568599156354454,0.9582144552981327,0.8730099998288604,0.9632833241074701,0.9712480042377701,0.9963814266559157,0.9450123956047418,0.8347006766608198,0.9074725945748126,0.9900806838204748,0.9544340530320736,0.8236923415849844,0.9552175050422179,0.963200230518242,0.9672517146179539,0.989265953783764,0.965625,0.9806215235201541,0.9688652165598257,0.8568532843697213,0.8592642631772314,0.8627254048875949,0.808935308260141,0.909501270404079,0.9283103791297699,0.9610366993022685,0.9758446002725548,0.9517441295565185,0.965625,0.9273614004407343,0.9206136392290398,0.8209741793753843,0.969121057269952,0.9868438546677247,0.9383021271292231,0.9352213936467461,0.9340917055261457,0.9596053879391779,0.9631612510065022,0.9667798280829099,0.9302869180633688,0.9865591957075116,0.9610366993022685,0.9625131050152524,0.9690033562225546,0.828371015257105,0.9449933732356441,0.9781224201459012,0.9507165296704021,0.9625131050152524,0.9555383641697377,0.9755132836179136,0.967275815149292,0.9598760745814001,0.9879186260731821,0.881600606556475,0.926456449323181,0.8707659462994877,0.9776793852114212,0.942546448360206,0.9026064829238056,0.9342541377090323,0.9227150661971701,0.9699258116973509,0.9430998431724233,0.8639461643560564,0.9425464483602062,0.8661506732265255,0.929319912701777,0.9196272041613351,0.8856848936483535,0.9881465217499648,0.9552175050422179,0.9288327934067979,0.939296448593359,0.9154363928771068,0.9136072478130949,0.9235852575057477,0.9172347260035336,0.9963814266559154,0.9811187570828699,0.899317875782788,0.9568599156354454,0.941467276381333,0.9864559376282895,0.879757933706885,0.8185124336423446,0.965625,0.989265953783764,0.9587907869179463,0.906597867618917,0.9274049943645875,0.9932062894239344,0.8236923415849844,0.7376990592379751,0.9283995430864389,0.9725607158551891,0.9579918546133752,0.9650079910895766,0.9517441295565183,0.9927876060457907,0.8958070756300918,0.9675591368764067,0.9230339739969549,0.9960185040188976,0.9823635494290388,0.9582144552981327,0.9596053879391779,0.9555383641697375,0.9181387543589392,0.9582921810599281,0.9594101849401601,0.9568599156354454,0.9582144552981327,0.9531941065198423,0.9284351619806999,0.967275815149292,0.9582144552981327,0.9255429155310315,0.930286918063369,0.9485464508185621,0.9568868616159542,0.9840739333532937,0.8904195718012649,0.9582144552981327,0.8814987207179206,0.9582144552981327,0.8794220672691386,0.9900988548597918,0.9582921810599281,0.9582144552981327,0.9613364213349976,0.9582144552981327,0.9669615284537108,0.9715107472647042,0.9653179186519114,0.8979178384019251,0.7877259137311909,0.9466282415065834,0.9555383641697377,0.9892083965651993,0.9493347822888891,0.8874421650552475,0.8629720575357545,0.855279099076081,0.9507165296704019,0.992202279970581,0.918149684880254,0.9199574485923752,0.9952795434620394,0.9814510646731802,0.9302869180633688,0.9542468650366518,0.8439668118375541,0.9701343557301773,0.9582144552981327,0.8947692331144513,0.9582144552981327,0.8832951475050768,0.9162206421071972,0.9507165296704019,0.8860446315351705,0.9803420813182645,0.9593605721085062,0.929319912701777,0.9481608601832734,0.8707659462994877,0.9818060040046752,0.9990875851642478,0.9610366993022685,0.8310976547093887,0.8944656454039728,0.8718586682882641,0.9568599156354454,0.7654443735347067,0.8607445789665017,0.9690033562225548,0.9686832863606913,0.8981674209551731,0.8705150677206024,0.8936031902522543,0.9043732430063484,0.950716529670402,0.911790166832309,0.9972347396286687,0.9522302390583732,0.965625,0.8942631579092648,0.979958676545309,0.9288327934067979,0.8971068309419691,0.965625,0.9881339422948303,0.9844391106320844,0.9457879562525047,0.9163339973465925,0.9541300190655135,0.9610366993022685,0.933230312818766,0.9436186730193978,0.9555383641697375,0.9610366993022688,0.8714717093867044,0.9621829667377355,0.965625,0.8682040520995336,0.8806288736252947,0.9057246972976498,0.8718586682882639,0.0,0.9582144552981327,0.8189942965580153,0.9555383641697375,0.9625131050152524,0.973294545912476,0.903838425521733,0.9552175050422179,0.9382239240989048,0.9312607396704551,0.9800578728324697,0.9742388426031001,0.970666131913527,0.9900988548597918,0.9982628821611541,0.9936903555962455,0.868446641172635,0.9342541377090323,0.9208725034246266,0.9672758151492922,0.9081517461023693,0.9673847887170087,0.9255134534695353,0.9552175050422179,0.9582144552981327,0.9625131050152522,0.9662757781656683,0.753511913113466,0.965625,0.9640402523885963,0.9568599156354454,0.9582144552981327,0.9481608601832734,0.965625,0.9273614004407343,0.9756340559373771,0.9023626134564884,0.8661829386665058,0.9507165296704019,0.9686832863606913,0.9657412631626018,0.9868438546677247,0.9529828655437629,0.9518943375230113,0.9610366993022688,0.9332303128187662,0.9835434409405949,0.9517441295565183,0.9260107308342307,0.9690033562225546,0.9904193773232918,0.8024064520497924,0.9522302390583735,0.9542468650366518,0.9568599156354454,0.9023570839226293,0.9691210572699521,0.9777360756347164,0.944698686905302,0.9420259347501897,0.9582144552981327,0.9905189465353295,0.9845214236147153,0.7448260884056366,0.932241742150131,0.7373140434256802,0.8727426055411927,0.9582144552981327,0.9582144552981327,0.942546448360206,0.9208725034246266,0.815900723916872,0.9582144552981327,0.9342541377090323,0.806029602150991,0.844505732500062,0.9154363928771068,0.8608518199425021,0.8846149163346164,0.8961750730777805,0.9180945689966621,0.9620452549083617,0.9528494401412744,0.9582144552981327,0.9022452837148789,0.8618965769742782,0.917402032087477,0.9870630610219882,0.9516937335159947,0.9517157373651004,0.9610366993022685,0.9677588596715982,0.9582144552981327,0.9294346520056579,0.8746515668023194,0.9216020313541384,0.9995763016147065,0.9596053879391779,0.9281584116206856,0.9529828655437629,0.9582144552981327,0.9588782372193381,0.9904316612456552,0.9582144552981327,0.992787606045791,0.9656297232823561,0.9864559376282896,0.911299080202756,0.939296448593359,0.9582144552981327,0.8859104594065101,0.9557864545102848,0.964040252388596,0.9384517567629049,0.9800578728324696,0.9806215235201541,0.9245757305468907,0.9967852693591664,0.9610366993022685,0.9612908916295111,0.9485464508185621,0.8616362273895215,0.915698309395427,0.9061060957045128,0.9326468089069149,0.9470055188469617,0.9625131050152524,0.8140817399578928,0.9582144552981327,0.940340909090909,0.9650079910895766,0.9490201150415456,0.9818060040046753,0.8860446315351704,0.9555383641697377,0.9961055629702817,0.797292492203875,0.9555383641697377,0.9505286850464205,0.9582144552981327,0.9099641551465778,0.9409672007288843,0.845694329316473,0.965625,0.9822746502329287,0.9672758151492922,0.9791100127950296,0.9470055188469617,0.9382147673560626,0.9843798933538865,0.9342541377090323,0.994974694644295,0.9312607396704551,0.9541896299485404,0.9936745866415236,0.9493347822888891,0.9199574485923749,0.9552175050422179,0.9861029598450541,0.9016392859446953,0.8987819282972862,0.8661829386665059,0.9172347260035336,0.7788100711579629,0.9945610690582234,0.9888905370951696,0.9477524567951612,0.9840739333532937,0.683449602119609,0.8814260230164843,0.918149684880254,0.9362456943690352,0.9914826481470902,0.9892083965651993,0.9432488685007958,0.9505286850464205,0.9514267918236982,0.9458674971126175,0.9673847887170085,0.7975726767650844,0.8714717093867045,0.9466304752226786,0.9729833541377065,0.9109192134561165,0.9922022799705809,0.965625,0.9492848179930281,0.9541896299485404,0.9640402523885963,0.8101859061354615,0.9732924283946005,0.9732924283946004,0.9507165296704019,0.9403409090909088,0.8929210470837757,0.8997404955769666,0.9713740439102772,0.9667798280829099,0.9568599156354454,0.9934978324750832,0.9236430180495621,0.9542468650366518,0.9487133832322336,0.9582144552981327,0.9640402523885963,0.9582144552981327,0.9582144552981327,0.9544340530320736,0.9470055188469617,0.8552790990760808,0.9582144552981327,0.9457787189735977,0.973152663365269,0.9673847887170084,0.8634268125825652,0.9022452837148789,0.9766241092617447,0.8923809627682533,0.9199574485923752,0.9754081792009579,0.9529828655437629,0.8417106331832123,0.6752725821758082,0.932241742150131,0.9466282415065834,0.9929303214064669,0.9491799890127762,0.9762777185243532,0.9555383641697375,0.974716991303537,0.9640402523885963,0.8637757890946802,0.955217505042218,0.8993961122593022,0.9843798933538866,0.9447456538980155,0.9470055188469617,0.9789924212780187,0.9927876060457907,0.9227150661971701,0.9470055188469617,0.9342268638258988,0.9610366993022685,0.9843798933538866,0.9593605721085062,0.8174862680805626,0.9196272041613351,0.9754081792009581,0.8639461643560563,0.9685938234748075,0.954246865036652,0.9533455271501621,0.962736736002322,0.8140593155196199,0.917402032087477,0.9963814266559154,0.9690033562225546,0.989290340807143,0.9822746502329287,0.9199574485923752,0.9575447134426063,0.9843798933538865,0.8848860650898704,0.9852375043955974,0.9582144552981327,0.9625131050152524,0.9829714105092717,0.9582144552981327,0.9254100871772521,0.9493347822888889,0.9555383641697377,0.9393458182324887,0.9984082365942545,0.9892083965651993,0.9414582284814823,0.967275815149292,0.999386583868985,0.9141406930557711,0.9945424935407445,0.970134355730177,0.834798886660585,0.9230339739969549,0.916220642107197,0.8035330839262136,0.8432058376194189,0.9420305227777706,0.981080109897295,0.9603772077810604,0.9610243931286575,0.8962170259453923,0.9631612510065022,0.9383021271292231,0.9342541377090323,0.856853284369721,0.9596053879391779,0.9386559485878401,0.9662757781656686,0.9577099946223931,0.9568599156354454,0.9644835692255385,0.9161123728491165,0.9690033562225546,0.900512011166277,0.9610366993022685,0.8586395319915323,0.982971410509272,0.9447456538980157,0.9890302829209386,0.9945610690582234,0.7918579992207192,0.961290891629511,0.9505286850464205,0.9568599156354454,0.9625131050152524,0.9273614004407342,0.9582144552981327,0.9610243931286576,0.919252413309166,0.9777360756347164,0.9342268638258988,0.9582144552981327,0.9452575897741526,0.9705897928868902,0.9349028572421434,0.8993178757827878,0.9208725034246266,0.9973897225041903,0.9022452837148787,0.9060787534309976,0.9404006431802041,0.7925207806814567,0.8771378467726851,0.9959788276248618,0.9640402523885963,0.9410875626877446,0.882402437093405,0.9552175050422179,0.916220642107197,0.9690033562225546,0.9404006431802039,0.8958070756300921,0.9690033562225546,0.9517441295565185,0.9998226281102464,0.9582144552981327,0.9505912604680007,0.9048529663349028,0.965625,0.9582144552981327,0.9843798933538865,0.9443732211437315,0.973294545912476,0.9568599156354454,0.950716529670402,0.9542468650366518,0.9568599156354454,0.9568599156354454,0.9861029598450541,0.9582144552981327,0.9732924283946004,0.971510747264704,0.9582144552981327,0.9288327934067979,0.8752139411328119,0.965625,0.9610366993022685,0.8556161648936056,0.9596053879391779,0.9568599156354454,0.99836235477697,0.9672517146179539,0.9892083965651993,0.940759768455304,0.9582144552981327,0.8848860650898702,0.9552175050422179,0.9458674971126175,0.8301859677307097,0.9728647695971406,0.9403409090909088,0.8783265321561905,0.9481608601832736,0.98145106467318,0.9481608601832736,0.9582144552981327,0.9673847887170087,0.9023570839226293,0.9945610690582234,0.9030333503116559,0.7788100711579629,0.8463068181818179,0.8786091103284602,0.955217505042218,0.971510747264704,0.9059500308908428,0.9582144552981327,0.8846149163346169,0.9441754367900737,0.967275815149292,0.7780262207040427,0.9542468650366518,0.9505286850464205,0.9598760745814003,0.9555383641697377,0.929527116372295,0.9577936870954209,0.9582144552981327,0.9582144552981327,0.9293199127017768,0.9632833241074701,0.8484509035411576,0.989290340807143,0.8727426055411927,0.9112990802027561,0.9397068954970855,0.994974694644295,0.8705150677206017,0.9480875561703543,0.9582144552981327,0.9637550377043786,0.9625131050152524,0.9690033562225548,0.96328332410747,0.965625,0.9664668509189611,0.9582144552981327,0.9582144552981327,0.9488746411581803,0.963200230518242,0.921843341077053,0.9843798933538866,0.9313341660201884,0.9172347260035336,0.9438962066300456,0.9922022799705809,0.8638144221001838,0.9032363779712868,0.9582144552981327,0.916220642107197,0.8499479257057736,0.9596053879391779,0.6582386363636354,0.9256077995825025,0.9528494401412742,0.9756340559373771,0.9109192134561164,0.9596053879391779,0.9591016377439943,0.9582144552981327,0.9620644010088546,0.9845214236147153,0.992202279970581,0.9078174926842606,0.9275816772658134,0.9517441295565185,0.9370067185313316,0.9356403782457077,0.9640402523885963,0.8918783860608352,0.9996566633645153,0.9542468650366518,0.9342541377090322,0.9362456943690349,0.9436389526644002,0.9833175579709124,0.9625131050152524,0.9568599156354454,0.982403783242835,0.9998226281102465,0.8650564954973857,0.9893688617336196,0.9690033562225546,0.8138923488875742,0.9690033562225546,0.9690033562225546,0.987405892261038,0.9052996122898687,0.9145417437978425,0.806029602150991,0.967275815149292,0.9180945689966622,0.9493347822888889,0.9268547209438454,0.9529828655437629,0.9568599156354454,0.8824024370934047,0.9127606676606754,0.9596053879391779,0.8870144729824142,0.9631988949207005,0.9587846477856068,0.9598703887644857,0.9582144552981327,0.8730099998288604,0.9582144552981327,0.9622268329997987,0.967275815149292,0.9447456538980157,0.9458674971126175,0.895638077904987,0.9582144552981327,0.9414582284814823,0.9552047908760306,0.9458674971126175,0.9425385593306324,0.9620644010088546,0.9490201150415456,0.9625131050152524,0.9230339739969549,0.9449933732356441,0.9892903408071431,0.9247111621301727,0.9254223119773605,0.9492797670458614,0.9690033562225546,0.9892083965651994,0.963200230518242,0.9612908916295111,0.9382239240989048,0.9900988548597918,0.9662757781656686,0.9846986681136594,0.9582144552981327,0.9568599156354454,0.9776793852114212,0.9631612510065023,0.9588782372193381,0.8499792765287963,0.9994885375488447,0.9582144552981327,0.9611195340498857,0.9983921185766227,0.9541300190655136,0.9582144552981327,0.9888905370951696,0.764059470728701,0.965625,0.9470055188469617,0.9568599156354454,0.9822746502329287,0.8140817399578928,0.9952795434620394,0.9998226281102464,0.7374009961013609,0.9892083965651993,0.9480875561703543,0.9582144552981327,0.8860446315351705,0.9582144552981327,0.965625,0.9255429155310315,0.9048529663349028,0.9690033562225548,0.8895473564972312,0.939296448593359,0.9217916370027821,0.8993178757827878,0.9582144552981327,0.9268547209438454,0.8527760996057683,0.9503464385246945,0.5553673955097738,0.930286918063369,0.9625131050152524,0.9383021271292231,0.8961750730777808,0.9312607396704551,0.9118739328932484,0.9656297232823561,0.9312607396704551,0.9362456943690352,0.9625131050152524,0.9057246972976498,0.9312607396704551,0.9690033562225548,0.8746515668023194,0.9596053879391779,0.8439668118375541,0.9667798280829097,0.9516937335159951,0.9458674971126175,0.9109895373928907,0.9302869180633688,0.9470055188469617,0.9293199127017768,0.942546448360206,0.9568599156354454,0.851809244639438,0.8794220672691386,0.9362456943690352,0.9430685569314539,0.9608008482337905,0.9274049943645875,0.9245757305468909,0.9382239240989048,0.9596053879391779,0.9610366993022685,0.9650079910895764,0.7809764035056654,0.9404006431802039,0.9982522182750793,0.9637550377043789,0.9625131050152524,0.9640402523885963,0.9752722160443184,0.939345818232489,0.9176729344763376,0.932241742150131,0.9383021271292231,0.9525107890657616,0.856853284369721,0.9372689456075767,0.9582144552981327,0.8656171299593263,0.7379864491056369,0.9784926679114252,0.9181387543589392,0.9127656911163231,0.9640402523885963,0.9610243931286576,0.9378106311870051,0.9436389526644002,0.828371015257105,0.9393458182324887,0.946920782957638,0.933670888244921,0.9273414914528046,0.9505286850464205,0.9439313629298691,0.9568599156354454,0.9721923519809479,0.9923557552405138,0.787725913731191,0.9596053879391779,0.906597867618917,0.9404006431802034,0.955217505042218,0.903838425521733,0.8875631490366904,0.9957918361207541,0.9701343557301771,0.8214797955300069,0.9675736771626058,0.9288327934067979,0.9410875626877445,0.9610366993022685,0.8841024249642828,0.9914826481470901,0.9640402523885963,0.9553459570547012,0.9320948271810628,0.9596053879391779,0.967275815149292,0.9057246972976498,0.965625,0.9075125973442775,0.9640402523885963
p108_T,0.9363122233940779,0.9413411539914585,0.9998909281330145,0.7568486889608451,0.9851190476190474,0.962321115805955,0.7926116757012818,0.8358537829575714,0.9038142386822652,0.9602211523225768,0.8904904028915425,0.9475597985845114,0.9475597985845114,0.8484628994946645,0.7606119385322014,0.885400876353422,0.8133917646328435,0.9672736044508085,0.9582144552981327,0.8751938654120851,0.8656910624567931,0.6738200253517332,0.9578055524052937,0.9508971383859763,0.7371109875774774,0.931488667261505,0.7528355627636977,0.959657136477295,0.9574863565447541,0.8021155478511961,0.9250013316406696,0.9544316996038,0.9428469360414604,0.8160463790740714,0.9492063492063489,0.8060296021509907,0.9508971383859763,0.820682261830082,0.962321115805955,0.8207356119850867,0.7600276057434354,0.9328339505740533,0.9623211158059548,0.9129151319089193,0.944383427890573,0.7277226075164045,0.9526370111116407,0.9004911494084336,0.5218111161012781,0.8918007079504509,0.9544316996038,0.9716131226567439,0.931488667261505,0.9413411539914585,0.9428469360414604,0.9779134885361098,0.5314398474002897,0.9492063492063487,0.8523220488281857,0.9459533477380777,0.9060540201833018,0.7872480405754181,0.7647981478754367,0.8993922310882434,0.4408515443948572,0.8534949983155187,0.8280234816778032,0.8869938104977824,0.9484110728449683,0.884614916334617,0.9430021428738233,0.9301606414450718,0.9492063492063489,0.8266892096935965,0.9492063492063487,0.8864622842804519,0.9384124008873462,0.8904904028915422,0.8233095582802454,0.962321115805955,0.9398636845831869,0.9341976401680094,0.8354035823308783,0.9314886672615053,0.9492063492063487,0.86391205131059,0.8400061283921276,0.804647944817535,0.8939536575643379,0.9475597985845114,0.9492063492063487,0.5305546844946982,0.6991852245234758,0.8548949080074908,0.926270021131592,0.9004911494084337,0.611002942665747,0.8875255844205971,0.8198957816506438,0.818749855334769,0.5805045138066496,0.9526370111116407,0.9194444444444443,0.6733758960809256,0.9335587141907045,0.9582144552981327,0.8928000666948084,0.7973204052495697,0.936985405262017,0.8289245259008577,0.6240063582799471,0.964240297759334,0.8640713420057806,0.64262059399864,0.9526370111116407,0.839697031302687,0.9413411539914587,0.9582144552981327,0.9623211158059548,0.8580633769736241,0.9129151319089193,0.5567710364845584,0.9000627911577299,0.92500133164067,0.9672736044508087,0.7554264789789615,0.9508971383859763,0.8612222667022574,0.9475597985845114,0.9152582079543843,0.8727631680356078,0.9526370111116407,0.9730533608234009,0.9623211158059548,0.38949835154882206,0.9056892759978574,0.8790644420447884,0.9544316996038003,0.9544316996038,0.9459533477380777,0.8253697077132105,0.9602211523225768,0.8244397822834255,0.702350165025681,0.6189077093341833,0.9106019687464653,0.9655358493300292,0.8420784215528958,0.930160641445072,0.7583810530554929,0.957486356544754,0.9060540201833018,0.8646739158077179,0.9494565734115241,0.973053360823401,0.9301606414450723,0.6633100564933316,0.9589591641085066,0.8570084033315832,0.661363802827437,0.7652689524497791,0.9526370111116407,0.9087308614830323,0.8022278398026619,0.8972062142375334,0.5217608120269648,0.8612222667022573,0.9750767117923147,0.9262700211315922,0.845308522333043,0.9858842152953934,0.9475597985845114,0.92884882212975,0.7383065586513005,0.8846909396641924,0.6845606326709062,0.9582144552981327,0.870666221095258,0.49881142898556163,0.9215191722498273,0.9117550006367758,0.8885909234541713,0.9779134885361098,0.9475597985845114,0.8591172857456589,0.6524881350591021,0.8580633769736241,0.9015943008452878,0.9413411539914583,0.9370619345667413,0.9459533477380777,0.9428307668638467,0.9670079624580028,0.8180179329687027,0.9060540201833018,0.9492063492063487,0.9508971383859763,0.9919305345581159,0.9004911494084336,0.9538832559337085,0.9279034959226291,0.9475597985845114,0.9492063492063487,0.9695871583202312,0.9874583385590245,0.9602211523225768,0.9492063492063487,0.8628210251713135,0.9152582079543843,0.8864622842804519,0.8570084033315832,0.6230534712541773,0.35047412290889146,0.9492063492063487,0.8559522762859698,0.9492063492063487,0.8160221828268204,0.8983676175158459,0.9834658960227444,0.9492063492063487,0.7917380856761214,0.9492063492063487,0.8510085581707634,0.9071820194155726,0.8674821796907912,0.9907336150446706,0.5574520725743927,0.771194977674639,0.9459533477380775,0.9355809960386168,0.9384124008873465,0.49899471732957124,0.7923174570100684,0.9630223853436268,0.9544316996038,0.8993922310882433,0.8907283270583692,0.9027019168030599,0.9162546240992184,0.9152582079543841,0.9152582079543841,0.944383427890573,0.5567710364845584,0.9459533477380777,0.9492063492063487,0.9027019168030599,0.9492063492063487,0.73347139529789,0.9152582079543843,0.9544316996038003,0.9275522446953857,0.7711949776746388,0.9508971383859763,0.9140827360776209,0.9369854052620168,0.7801538414269056,0.6642958528578482,0.8612222667022575,0.9526370111116407,0.6368216679345606,0.8717146038820363,0.8442340263447985,0.9475597985845114,0.968354383009318,0.7615900676035706,0.962321115805955,0.892286463632245,0.8333555867103821,0.9328339505740533,0.8706662210952578,0.5941012875682352,0.9544316996038003,0.8485197883378754,0.8539816770928067,0.912070093726898,0.9582144552981327,0.8289245259008577,0.9564021026822451,0.48987353255247823,0.9831735538001968,0.9582144552981327,0.8823910523641698,0.8141237078825923,0.9562880686171875,0.8982973238138034,0.4820060573593866,0.9073884413700835,0.9188361382271666,0.8070467719220207,0.9459533477380777,0.9526370111116409,0.9526370111116407,0.7478523304650293,0.8846149163346169,0.7985559379258662,0.8548949080074908,0.885400876353422,0.8442340263447985,0.9582144552981327,0.0,0.8705563612990552,0.8055821814466967,0.9544316996038003,0.8022278398026619,0.9358682901281237,0.8374011676109451,0.97998139075904,0.9164419655193168,0.7250134267509784,0.9094556823349393,0.8843412180810761,0.7146198675909553,0.8119584869803327,0.865135335666601,0.6007944397117193,0.7106088831467463,0.9818472950454276,0.9602211523225768,0.8160463790740713,0.9580166426603276,0.8462222865742861,0.9526370111116407,0.9492063492063487,0.9544316996038,0.9414106494210732,0.3598472347246927,0.9582144552981327,0.9562880686171875,0.9886251033694344,0.9492063492063487,0.9369854052620168,0.9582144552981327,0.9510697823313443,0.9106019687464653,0.8575783889907729,0.48987353255247834,0.9544316996038,0.8333555867103821,0.7030921523899176,0.9369854052620168,0.9428469360414606,0.6805488111634861,0.9526370111116409,0.9188361382271668,0.7301312695908229,0.9413411539914582,0.9106019687464653,0.9623211158059548,0.7655931084723673,0.6393013906082303,0.7780046509581318,0.7528355627636971,0.9475597985845114,0.9665120503695124,0.6613638028274371,0.8070467719220207,0.8082384637825226,0.719759391709912,0.9492063492063487,0.8538362113124118,0.9176344520056336,0.45410827161402334,0.9176344520056336,0.9602211523225768,0.845308522333043,0.9492063492063487,0.9492063492063487,0.930160641445072,0.9038142386822656,0.6394614409405046,0.9492063492063487,0.9602211523225768,0.39404761904761876,0.6194273731601159,0.8972062142375334,0.7897778653703154,0.9492063492063492,0.4730864410609821,0.8954014960722597,0.6972016442759021,0.735120755728377,0.9492063492063487,0.8811713725919916,0.4785456410689861,0.7766590274917056,0.7793424105844196,0.9834594839173172,0.6754192985942369,0.9526370111116409,0.7960789049353043,0.9492063492063487,0.7493894200045359,0.9821075314053485,0.859117285745659,0.7304494774588413,0.9508971383859763,0.7578937685581042,0.9389176628943102,0.9492063492063487,0.8961186971729784,0.8046479448175349,0.9492063492063487,0.9237454173815309,0.8797198635106949,0.7682790600652865,0.7250134267509782,0.8022278398026619,0.9492063492063487,0.8075205209611779,0.8559522762859697,0.9562880686171875,0.6881370301067233,0.7537446627817315,0.9071820194155724,0.908315805590151,0.6221989256021574,0.9526370111116407,0.8982973238138032,0.8864622842804519,0.9044988266272495,0.8527760996057685,0.6635652737524331,0.9359245759999371,0.9355809960386168,0.9544316996038,0.6635604195877507,0.9492063492063487,0.9582144552981327,0.9063521235638531,0.9577419323669981,0.9964123220916106,0.9757533722166009,0.9459533477380777,0.9119538708281419,0.9508971383859763,0.9459533477380777,0.947039040399966,0.9492063492063492,0.9413411539914587,0.9804909699582385,0.5889708949571814,0.9582144552981327,0.8463809254714862,0.9602211523225768,0.9413411539914587,0.9578055524052939,0.8010095457376825,0.9384124008873462,0.4637314097487384,0.913263288554971,0.9164419655193168,0.9637881401608364,0.9328339505740533,0.9384124008873462,0.9027019168030599,0.9526370111116407,0.9188361382271666,0.6086586443352924,0.876961388806675,0.9610880275993517,0.8993922310882434,0.9398636845831871,0.9250013316406696,0.682711329114793,0.8007464875602457,0.8983955605051452,0.944383427890573,0.8141237078825923,0.6786892474216333,0.9225015741707874,0.9341976401680097,0.935580996038617,0.7215263774365888,0.9398636845831871,0.8517144868263767,0.9341976401680097,0.7854327491040133,0.7822140588685709,0.9073884413700835,0.7622165788456624,0.9171261019833652,0.7765306526370798,0.8993922310882434,0.9582144552981327,0.758761574002822,0.8918007079504511,0.9562880686171875,0.9971276925647266,0.9345041683711353,0.944383427890573,0.9544316996038003,0.9582144552981327,0.9339500363880905,0.7088082646637948,0.7938063224994615,0.9248100053233803,0.9475597985845114,0.8233095582802454,0.9871891849714203,0.9443834278905732,0.8661714077534821,0.9492063492063487,0.9562880686171875,0.9492063492063487,0.9492063492063487,0.818749855334769,0.935580996038617,0.5951151434917694,0.9492063492063487,0.8094251427518588,0.8377384241745152,0.9152582079543843,0.7472842265328812,0.9153139730017579,0.9197926279183388,0.6279874231387628,0.9027019168030601,0.8399134433261006,0.9428469360414606,0.8864622842804519,0.9562880686171875,0.9176344520056339,0.8907047437999391,0.8559522762859699,0.6048365617885306,0.9428469360414604,0.9459533477380777,0.7641699068587244,0.9562880686171875,0.6592514161579158,0.9526370111116407,0.5658005014696694,0.9384124008873462,0.9328339505740533,0.9888877218166614,0.8485197883378757,0.9834594839173173,0.9060540201833018,0.9355809960386168,0.9200475251844389,0.9526370111116407,0.9384124008873462,0.8459397716860008,0.9987214692868693,0.8570084033315832,0.8318910877270137,0.9544316996038003,0.8004702785962421,0.9443834278905732,0.863876741714694,0.6466699858728489,0.9886251033694343,0.7766590274917053,0.926270021131592,0.8644606804686435,0.7383793872014479,0.846380925471486,0.9027019168030599,0.74158624886112,0.8954014960722597,0.9071820194155724,0.9508586339370195,0.9492063492063487,0.9544316996038,0.959657136477295,0.9492063492063489,0.7917380856761215,0.9384124008873462,0.9459533477380777,0.9783994202533962,0.6991852245234759,0.9355809960386168,0.804647944817535,0.9602211523225768,0.7539334992316536,0.9398636845831869,0.8664724446651941,0.9459533477380777,0.9428469360414604,0.8221755430097126,0.6999158796921268,0.48987353255247823,0.8529585859137299,0.8801173618492377,0.7318083230664858,0.8633240709217584,0.9927913675399129,0.8311464231994985,0.7917380856761208,0.92500133164067,0.9602211523225768,0.4655246482770541,0.9508971383859763,0.9281378109691689,0.9414106494210732,0.8928757609748674,0.9475597985845117,0.7509151724713119,0.6805488111634861,0.7778515786059421,0.8790644420447884,0.9526370111116407,0.6891492539635686,0.9596571364772952,0.9328339505740533,0.9015943008452876,0.7929014044168501,0.9369854052620168,0.8982973238138034,0.9398636845831869,0.9475597985845114,0.9544316996038,0.962321115805955,0.9492063492063487,0.9188361382271666,0.7505693041675244,0.8070467719220207,0.9011398453294076,0.9492063492063487,0.8832831707913575,0.7106767612030847,0.9060540201833018,0.5736202678932063,0.9038142386822652,0.9276853521886583,0.8811713725919914,0.7627372759099207,0.9758994362393925,0.6576483873261387,0.8506512873935237,0.9624920646450354,0.9562880686171875,0.9424631527248862,0.5314398474002895,0.9773757151292214,0.5716405755742966,0.8644606804686434,0.9275522446953857,0.9298144168543094,0.9623211158059548,0.9413411539914585,0.9779134885361098,0.9194444444444441,0.7982515614792725,0.8843412180810764,0.9582144552981327,0.9492063492063492,0.9384124008873465,0.7684119013812076,0.8022278398026619,0.9475597985845114,0.9544316996038003,0.9443834278905732,0.9475597985845114,0.9475597985845114,0.9188361382271666,0.9492063492063487,0.944383427890573,0.9071820194155725,0.9492063492063487,0.7516593631340742,0.7504529850082992,0.9582144552981327,0.9526370111116407,0.9562880686171875,0.9508971383859763,0.9475597985845114,0.7509151724713119,0.8580633769736241,0.935580996038617,0.8409971458279795,0.9492063492063487,0.5327678216934948,0.9773757151292214,0.9341976401680094,0.7935775465776655,0.6074160824471873,0.963200230518242,0.9508971383859763,0.936985405262017,0.9564664879277861,0.9543800590178144,0.9492063492063489,0.9152582079543843,0.9882450462521555,0.79290140441685,0.9281378109691689,0.9964123220916106,0.9582144552981327,0.521811116101278,0.9526370111116407,0.8928000666948086,0.8420784215528956,0.9492063492063487,0.9492063492063489,0.8822265994777514,0.9602211523225768,0.7166704674330449,0.9950603702402812,0.9398636845831869,0.8244397822834255,0.9459533477380777,0.7910509366485661,0.7846176027958289,0.9492063492063487,0.9492063492063487,0.9140827360776209,0.7578937685581042,0.9801193820390868,0.86282129710497,0.845308522333043,0.7250134267509785,0.9592572502158769,0.7997856146881548,0.44961153942626875,0.8702815874708265,0.9492063492063487,0.9004911494084336,0.9544316996038,0.962321115805955,0.699185224523476,0.9582144552981327,0.8311464231994983,0.9492063492063487,0.9492063492063487,0.7739436107925921,0.9194444444444437,0.7819949015164565,0.9384124008873465,0.6447787703816177,0.8993922310882434,0.9275522446953857,0.9750767117923149,0.8344556057285122,0.7210801889564689,0.9492063492063487,0.5288821408683528,0.8175997772209662,0.9508971383859763,0.9582144552981327,0.8864622842804519,0.8653185613436601,0.9661032464830348,0.6017678552900585,0.9508971383859763,0.9217949449098888,0.9492063492063487,0.8266892096935965,0.8639120513105903,0.8993922310882434,0.7324050377748876,0.9934258576292214,0.9413411539914585,0.9049315186013056,0.652488135059102,0.9562880686171875,0.8685695845092942,0.8622735200335971,0.944383427890573,0.9602211523225768,0.9225015741707872,0.9314886672615053,0.8129560940834348,0.9544316996038,0.9475597985845114,0.875911018859066,0.9288488221297497,0.956466487927786,0.9212691469911802,0.962321115805955,0.9580166426603276,0.962321115805955,0.9623211158059548,0.5553758265447509,0.9200475251844389,0.8961186971729784,0.9492063492063489,0.9602211523225768,0.7846107607119966,0.9384124008873462,0.6972016442759021,0.9428469360414606,0.9475597985845114,0.9288488221297497,0.8939536575643379,0.9508971383859763,0.7806724477786736,0.9176344520056336,0.8233095582802454,0.8010095457376825,0.9492063492063487,0.5666574724668765,0.9492063492063492,0.7897778653703156,0.9602211523225768,0.9328339505740533,0.9341976401680097,0.7405077789604679,0.9492063492063487,0.804647944817535,0.7383793872014479,0.9341976401680097,0.8058499662916012,0.8266892096935965,0.8129560940834349,0.9544316996038,0.880108510789029,0.845308522333043,0.8808077142348701,0.7999960359115466,0.9044988266272496,0.6761489807685312,0.8644606804686437,0.9578055524052939,0.9194444444444442,0.8982973238138034,0.8705563612990559,0.8388272306091997,0.9027019168030599,0.7318083230664856,0.9492063492063489,0.9475597985845114,0.8420784215528958,0.7601890268014285,0.9556713406039865,0.7766590274917056,0.7524297972473153,0.9492063492063487,0.7884981212068207,0.7872117031134395,0.8942700047615741,0.9492063492063487,0.8399134433261009,0.9389176628943102,0.9582144552981327,0.935580996038617,0.9475597985845114,0.9977140018671353,0.9314886672615055,0.9718218789028326,0.9288488221297497,0.6477717584440755,0.9044988266272493,0.7284399588174314,0.9492063492063487,0.9275522446953857,0.9492063492063487,0.9582144552981327,0.6951973979147167,0.8843412180810764,0.962321115805955,0.926270021131592,0.9727033216394299,0.9049315186013056,0.6194273731601161,0.9492063492063487,0.8322525541058985,0.8210376473859946,0.9963956684457594,0.557820351131451,0.9152582079543843,0.9544316996038003,0.9250013316406696,0.9237454173815309,0.9164419655193168,0.8928757609748676,0.7524297972473154,0.9164419655193168,0.9225015741707872,0.9005384212506022,0.885400876353422,0.9164419655193168,0.962321115805955,0.5117038271562213,0.9508971383859763,0.6962280582750631,0.9248100053233801,0.9237454173815309,0.7516593631340742,0.9998909281330146,0.9580166426603276,0.9355809960386168,0.9140827360776207,0.930160641445072,0.9475597985845114,0.9384124008873462,0.8976747730531871,0.9858842152953933,0.6758878328548223,0.980682779015039,0.9117550006367758,0.908315805590151,0.8705563612990557,0.9508971383859763,0.9526370111116407,0.9831735538001967,0.7404073909127016,0.9275522446953857,0.9274061806725942,0.9386131743457118,0.9544316996038,0.9562880686171875,0.9399009776851528,0.9262700211315917,0.7802035517199599,0.9176344520056336,0.7458851937597699,0.9143052801998222,0.9543800590178144,0.9834594839173174,0.9492063492063489,0.8366469404145516,0.6509124114057014,0.8776001926684954,0.9386131743457118,0.9105997694059793,0.8176392862623293,0.9044188733069917,0.9425887019071979,0.931488667261505,0.5106107552871139,0.926270021131592,0.9750767117923149,0.9372431009731566,0.957870190272649,0.9470390403999658,0.9044659624194151,0.8609949072773261,0.9097528802726034,0.9750590697626811,0.48746479881525484,0.981381831638016,0.8864622842804519,0.9275522446953854,0.9526370111116409,0.7259930130429926,0.8633240709217587,0.9419726614366257,0.6813499460390833,0.867698299150503,0.8322525541058985,0.9610880275993516,0.7102107570168052,0.9526370111116407,0.859117285745659,0.9610880275993516,0.9562880686171875,0.8928757609748676,0.964240297759334,0.9136608016620084,0.9602211523225768,0.9054135909608203,0.9582144552981327,0.9793479402472789,0.9562880686171875
p110_FTKVSMGYWI,0.9969520315268063,0.8176352164368612,0.8512300448035053,0.7590647512777449,0.97998139075904,0.9861053894336533,0.9709574864473914,0.9988320044006882,0.8973461330227008,0.9453055812599178,0.9968895860490864,0.9763068251524243,0.9278966962971924,0.724315484468566,0.9670332374157118,0.8424305171733324,0.7549051807603824,0.9022031707790968,0.9978387378693494,0.992267340798816,0.9674382549942214,0.9586118653449947,0.9923032503352311,0.9324854129452831,0.9218223944261853,0.9057994954598185,0.8927189720995334,0.8851108467483708,0.8674131849162848,0.7532946593597486,0.8968796530895522,0.9373453016197315,0.9214166876382088,0.9104791522806427,0.9301606414450718,0.8189942965580148,0.9324854129452831,0.9662633710722655,0.9481929520311925,0.7936743548755418,0.9086749297455423,0.9076492093936457,0.9481929520311925,0.9120445952292815,0.7549051807603835,0.9104951687217739,0.9348776724743586,0.8631790748003907,0.7558803379767072,0.9060051895977652,0.9373453016197317,0.9522470279701332,0.9057994954598185,0.9193462939797008,0.9662633710722657,0.9393902601956408,0.7256256676759998,0.930160641445072,0.8995921868852623,0.925687886831601,0.8708278127936302,0.9204132329939232,0.9022031707790972,0.9477894660083728,0.7171048757053845,0.8467764459898988,0.8426153862967786,0.8961322227985651,0.8758776317462356,0.942546448360206,0.8680031172917523,0.9039735099337751,0.97998139075904,0.8059295364969021,0.930160641445072,0.8704840658629898,0.915319368665986,0.6537072467982759,0.8230786677459694,0.9861053894336532,0.9173148291382112,0.9316031987068059,0.9347829309054405,0.9441989622120353,0.930160641445072,0.814955676419399,0.8745660213523151,0.7961679478198787,0.8541902695104424,0.9278966962971922,0.930160641445072,0.6557936520481542,0.8090724896337732,0.9413444321912234,0.8986240534007519,0.9499371710476525,0.6917461962839176,0.8988404348703849,0.8180953847313233,0.8383095843689294,0.8745074775108261,0.9058453047843557,0.9203771106130237,0.7923140303177967,0.9550566540378436,0.942546448360206,0.993765629534435,0.8072896573466428,0.995767454475303,0.7869659175862751,0.6395099806259146,0.8581123868461766,0.7779554067479175,0.6920287869823342,0.9348776724743586,0.808997446349967,0.8614716313674343,0.942546448360206,0.9861053894336533,0.8522358354277604,0.9120445952292815,0.6815050920146569,0.7157970166799064,0.996120864693024,0.9790021042835307,0.7494909660455029,0.9324854129452831,0.8809851801860682,0.9278966962971924,0.9807928612526089,0.8250541437737118,0.9348776724743584,0.5675662461924174,0.9481929520311925,0.6170913894212313,0.9476219630869851,0.8593655440582149,0.897625214317651,0.9373453016197315,0.9728091693196086,0.9688870755552262,0.9453055812599178,0.7806525915213935,0.7538533298617699,0.8337169448588283,0.8770810709357255,0.9543720151713992,0.851075184325023,0.9795615437314455,0.7748976060917023,0.8674131849162843,0.9610938099054707,0.8212905093630105,0.8366151086510358,0.8426153862967793,0.9417675268326104,0.7534438231938123,0.9139704635473276,0.9923640424897411,0.760849157149992,0.8543444972457646,0.9589376456981176,0.7727306286854224,0.8573934100284375,0.9435675694381718,0.8198419226166266,0.9527845216655542,0.9086749297455424,0.8986240534007519,0.9247195453614794,0.8980618185144615,0.9278966962971922,0.9393902601956408,0.7851306164984644,0.9628750536585025,0.8614217756310916,0.9382239240989045,0.8716759040414968,0.7708135242438463,0.9965451704913826,0.9416153590034746,0.9006137075088121,0.9117279299695327,0.9763068251524243,0.8776124707985626,0.8264673936723144,0.8522358354277606,0.9896123046512102,0.9193462939797007,0.7528754052666149,0.9728091693196088,0.9269440685361907,0.9588402929666442,0.9037586947263836,0.9787288586866358,0.930160641445072,0.9324854129452831,0.9256878868316012,0.8631790748003905,0.9568121915830535,0.9607803343920254,0.9278966962971924,0.930160641445072,0.8683978375910271,0.9677038256008509,0.945305581259918,0.930160641445072,0.9496900385239626,0.9159197701772377,0.843889913133864,0.8978779888113964,0.8323234569399083,0.6848222728609521,0.930160641445072,0.9196803284517673,0.9301606414450722,0.9366804116117318,0.9054351602161331,0.8894880255578916,0.930160641445072,0.783951226242996,0.930160641445072,0.9847426426497816,0.9634189144741112,0.8526249482427386,0.9305456914770995,0.6403836002155456,0.8777638393773839,0.925687886831601,0.9518647719377948,0.9573422906623259,0.6477535359432214,0.7787720840562178,0.9219224280637734,0.787605558275907,0.9477894660083727,0.8769755445526377,0.8955832386010323,0.886622116780327,0.9159197701772375,0.8834832246395514,0.9845948329923003,0.6286090485910996,0.9728091693196088,0.930160641445072,0.9249476804218122,0.930160641445072,0.7202228610530974,0.8245878655212755,0.8976252143176511,0.9895844092102013,0.8350166981559513,0.9324854129452831,0.8818669950401858,0.913357303376791,0.6236523879100819,0.8681962088300323,0.8570520663595729,0.9348776724743586,0.6295785467382891,0.8484673641430907,0.8772115323314944,0.9278966962971922,0.9970639700164783,0.769268939059773,0.9481929520311925,0.8602801204108435,0.8826325999391234,0.9076492093936457,0.8964283957444483,0.6936826492658867,0.9526350423385235,0.9071213875778137,0.8502728941514013,0.8871268839047367,0.942546448360206,0.7647776604185776,0.9781774005616106,0.7330124861800761,0.8730588415851276,0.942546448360206,0.8659267204691321,0.8750415532406259,0.8314373374166395,0.8886639795414617,0.5853184172318484,0.9348776724743584,0.9554421119948902,0.7779554067479175,0.925687886831601,0.9879700133881206,0.9589376456981176,0.8038478540760974,0.9978387378693494,0.8090456585391348,0.8709151953906005,0.8953265605968894,0.9229034747691283,0.8189942965580153,0.8705563612990552,0.0,0.9256878868316014,0.9373453016197317,0.7280707215884727,0.9171653119248928,0.9058453047843557,0.793674354875542,0.8851108467483708,0.9270409997359792,0.9681763079881744,0.8409735269221554,0.792516826996581,0.9424742637311628,0.8187739216664083,0.7007068519990782,0.9922673407988161,0.8677481975092118,0.945305581259918,0.7764004165561755,0.9483563157149231,0.9082619083647379,0.9879700133881204,0.930160641445072,0.9373453016197317,0.9543121222425925,0.5950074367613627,0.942546448360206,0.939897739160851,0.7332324017161842,0.930160641445072,0.8806173188769295,0.9425464483602057,0.6575970967578815,0.9982103757454243,0.868821575145734,0.7330124861800765,0.9526350423385236,0.8602801204108435,0.7914571962274703,0.995767454475303,0.921416687638209,0.7422442373622176,0.9348776724743586,0.9554421119948906,0.8026922256129296,0.9193462939797006,0.8770810709357257,0.9861053894336532,0.848800414228323,0.6758413647628252,0.8657533132940207,0.9694672365613162,0.9278966962971924,0.9709669071812181,0.6021610268793212,0.7995848241600538,0.8445874983020087,0.7897231348640896,0.930160641445072,0.8692494746944208,0.8867504707956384,0.4995190281319575,0.8867504707956384,0.945305581259918,0.8789147099104677,0.930160641445072,0.930160641445072,0.9039735099337751,0.9269440685361905,0.7657830207007712,0.9301606414450722,0.8674131849162846,0.6712733640431825,0.7243154844685658,0.8869641315110042,0.8823357814475892,0.9701978599269916,0.7880725829158184,0.7064743333669571,0.8067611620624278,0.8090048379805828,0.930160641445072,0.8625156829022367,0.5575777176077352,0.842518635064315,0.7607318551611875,0.8584669382142276,0.7108733168544832,0.9348776724743586,0.7840505914161155,0.930160641445072,0.7413863562033953,0.8638037040268806,0.8062915690984296,0.8558224227695859,0.9324854129452831,0.8981450843218932,0.7646565283233949,0.930160641445072,0.9133831509246992,0.860937620720634,0.930160641445072,0.9992556488110439,0.9969520315268061,0.9897648535352529,0.7744724044185276,0.771178284401794,0.930160641445072,0.8462355053006173,0.872584117145363,0.9970639700164783,0.8082759133294827,0.8834499725024216,0.9330721994137876,0.8739376826205691,0.6931046151390801,0.9348776724743586,0.9456666443083235,0.843889913133864,0.8055043576775873,0.7975726767650841,0.6470853960780085,0.8469234123385456,0.9114262935403585,0.9373453016197315,0.8254042372746635,0.930160641445072,0.9978387378693495,0.9812493295822691,0.9092814106943902,0.9602126215445623,0.9003870625528827,0.9728091693196086,0.9328833498710201,0.9647682499737456,0.925687886831601,0.6537072467982759,0.97998139075904,0.992980876159153,0.9619550865744262,0.5994889632479783,0.9978387378693495,0.834700057382509,0.945305581259918,0.919346293979701,0.8863813144724596,0.941765534772181,0.9993652126586656,0.8674131849162847,0.909429585795174,0.9834599236267052,0.9333927619948952,0.9466889433536754,0.915319368665986,0.8955832386010321,0.9348776724743586,0.8884027441326567,0.7938464463486743,0.8816399835277959,0.8124487711907676,0.8903752243099388,0.9602126215445623,0.8968796530895522,0.7448084235113268,0.858273228358414,0.6831273930880535,0.9845948329923002,0.8097343229079639,0.6875047254679305,0.8934425806304624,0.949242373777156,0.9672582712673323,0.7919186807136336,0.9173148291382112,0.8659267204691327,0.9095242312718104,0.824587865521275,0.7689359732262784,0.9348776724743584,0.9607683660109915,0.7830485119596666,0.9530379936367415,0.9190823451591557,0.938223924098905,0.8244111725108743,0.9060051895977652,0.9970639700164783,0.9181909994949607,0.9235293061149326,0.9694672365613162,0.8976252143176511,0.942546448360206,0.7464554061857032,0.7541575670880103,0.9926063688129417,0.9752830459923437,0.926872917137112,0.8010715422382337,0.9027254843534638,0.9235293061149328,0.8532731563605549,0.930160641445072,0.9398977391608507,0.930160641445072,0.930160641445072,0.794548727808108,0.9114262935403585,0.6758413647628252,0.930160641445072,0.8029839899154615,0.8445015155411197,0.9483563157149231,0.9223711310060461,0.9143168314046379,0.9212014106440257,0.8066745118424044,0.8662187967802519,0.825154110106769,0.9888899454936779,0.897078218592115,0.9398977391608507,0.8867504707956384,0.7802590308511556,0.8019398001857563,0.6037894298958055,0.9888899454936778,0.9728091693196088,0.9110667080509813,0.9970639700164783,0.6931046151390802,0.9348776724743586,0.6451917131317926,0.9573422906623257,0.9857286773137051,0.9518647719377948,0.8378808003892022,0.9655471735397518,0.8708278127936304,0.9114262935403583,0.9918037916582512,0.9879700133881204,0.9153193686659862,0.9647682499737457,0.9781774005616106,0.8742564753918103,0.7674419743735322,0.9923551296406039,0.8422853635731559,0.9235293061149328,0.8676114178354748,0.6917461962839171,0.9752830459923438,0.8211466253087958,0.9347829309054405,0.9861053894336532,0.7699368443326817,0.9724615706172288,0.8662187967802517,0.9035477636686567,0.5383826453815986,0.87237876929314,0.9942587753431791,0.930160641445072,0.9373453016197315,0.9178938723744823,0.9301606414450718,0.8318174538959872,0.915319368665986,0.9728091693196088,0.9347829309054403,0.8981450843218931,0.8459428360750242,0.7745780568529601,0.945305581259918,0.7903896037626323,0.9968895860490863,0.86513764750457,0.9800695481923838,0.9440432620596214,0.9093158712781231,0.6948416833705316,0.7727306286854221,0.9977393768264728,0.8609382465769508,0.8915893654997623,0.8602763835208993,0.9554421119948899,0.7901008342696876,0.7839512262429963,0.9682126412345016,0.945305581259918,0.7982071677784177,0.9838585814857688,0.9506024935039543,0.9249476804218122,0.9078281401363852,0.9278966962971924,0.8078647239131962,0.8329830381419102,0.9204037308984989,0.9106603153163204,0.9348776724743584,0.6492368693166419,0.8851108467483706,0.9466889433536754,0.9812493295822691,0.8891213824756008,0.9630274699754412,0.860162647158031,0.9173148291382112,0.9278966962971924,0.9373453016197315,0.9481929520311925,0.930160641445072,0.9439988362117594,0.893729829939846,0.7995848241600538,0.8047253362578327,0.9301606414450722,0.9441873097085216,0.8005629968447399,0.8708278127936302,0.793814018086924,0.8677481975092114,0.8475066588280649,0.8366151086510356,0.7593701789864705,0.9370632386318547,0.8583741958708491,0.8178571736187801,0.823604641086503,0.9398977391608507,0.8695012268327248,0.7628461201347063,0.6934759411293079,0.6624051378328462,0.7232987552930354,0.9529082331312292,0.9728091693196088,0.6575970967578816,0.919346293979701,0.9861688348869461,0.8705563612990557,0.9442905786381888,0.8935849837824916,0.942546448360206,0.930160641445072,0.915319368665986,0.8312283327878145,0.8789471914350984,0.9278966962971924,0.9526350423385237,0.9235293061149328,0.9278966962971924,0.9278966962971922,0.8884027441326569,0.930160641445072,0.9694672365613162,0.9758876554052414,0.930160641445072,0.7330124861800765,0.8236046410865029,0.9978387378693493,0.9348776724743586,0.9398977391608507,0.9324854129452831,0.9278966962971924,0.8508210065101107,0.8285391598107978,0.9114262935403585,0.8267464589342426,0.930160641445072,0.5813803596210334,0.9348776724743584,0.949242373777156,0.8448986771193507,0.8199241878666526,0.5805350414762365,0.9838585814857688,0.9133573033767912,0.6948416833705322,0.9133573033767912,0.930160641445072,0.9483563157149231,0.9947118295222932,0.8891213824756008,0.9364791732764937,0.9968895860490864,0.8786091103284602,0.6424982872802014,0.9348776724743586,0.8848475102242704,0.7828637719794269,0.930160641445072,0.9203771106130231,0.8640981341508664,0.945305581259918,0.9301482289602403,0.9386569025459166,0.8252984164236818,0.8688177308127336,0.9728091693196086,0.8412970044370273,0.853609079749617,0.930160641445072,0.930160641445072,0.9781774005616108,0.8313406383058033,0.7814079013703836,0.9212014106440258,0.7873050390084446,0.7744724044185277,0.993777482995587,0.8107969093065008,0.5457945151659391,0.8515394555896607,0.930160641445072,0.9499371710476525,0.9373453016197315,0.9481929520311925,0.7868043409617431,0.942546448360206,0.8346371316137471,0.930160641445072,0.930160641445072,0.7960371182720352,0.8207356119850872,0.7857829644946788,0.9573422906623257,0.7241777964752253,0.890375224309939,0.9737394147108267,0.9764965868575897,0.8395717452464113,0.6484040514619622,0.9301606414450722,0.7921513199835895,0.7929089154183595,0.9324854129452831,0.9978387378693493,0.969951017762257,0.8878884562666846,0.9046789607562872,0.748668153578296,0.9324854129452831,0.9251597385986519,0.930160641445072,0.8059295364969021,0.9143869606810531,0.890375224309939,0.7007068519990783,0.9606162309714958,0.919346293979701,0.9289628408971224,0.6626226304851719,0.9398977391608507,0.8192881242230785,0.8826784550193056,0.969467236561316,0.9922673407988161,0.8934425806304624,0.9057994954598185,0.8080523403685791,0.9373453016197315,0.9278966962971924,0.8293823202072204,0.986168834886946,0.9867705932097052,0.9260693029293159,0.9481929520311925,0.9807928612526089,0.9861053894336533,0.9481929520311922,0.6639501340872622,0.923980167630279,0.8571671175052393,0.9301606414450718,0.92984026285755,0.8325430993559755,0.915319368665986,0.7175221591223006,0.9662633710722657,0.9278966962971924,0.939390260195641,0.854190269510442,0.9133950814332601,0.9336022679318307,0.9861817550572929,0.8230786677459689,0.8125435817638582,0.930160641445072,0.6557936520481544,0.9301606414450718,0.7966441283324124,0.9453055812599178,0.819072652886147,0.9095242312718106,0.8212905093630105,0.930160641445072,0.7745780568529601,0.7915460680914451,0.9095242312718106,0.7978786804920488,0.8059295364969021,0.7863087827580382,0.9373453016197317,0.7994460081487622,0.9934267985379968,0.8843155755271028,0.79774608746499,0.9268197928698962,0.7142532385123799,0.9861053894336532,0.8863813144724594,0.6712733640431823,0.8886639795414619,0.9795615437314455,0.8235608400569416,0.9836765640633729,0.8048084222843361,0.8207356119850873,0.9278966962971924,0.805600909427959,0.8078843400694918,0.9741847822363809,0.7784026057977571,0.8527896077840544,0.930160641445072,0.7948499682073038,0.8987204009784109,0.828563284896103,0.930160641445072,0.825154110106769,0.8543498951915085,0.942546448360206,0.926819792869896,0.9278966962971924,0.9724615706172288,0.9057994954598185,0.9152658504745881,0.8000665725934131,0.7893103749153748,0.8459428360750237,0.7788200650311458,0.930160641445072,0.9895844092102012,0.930160641445072,0.942546448360206,0.7373752480801216,0.8409735269221552,0.9481929520311925,0.992899314085182,0.991730120124937,0.8991236281267514,0.7938140180869239,0.930160641445072,0.9255218291171896,0.8636425667886616,0.9268764557676623,0.6751224180407545,0.8834832246395519,0.9526350423385237,0.8968796530895524,0.8951528182413431,0.8851108467483708,0.8527082022594992,0.7669276873902606,0.8851108467483708,0.9281918474396418,0.9373453016197315,0.8688785388851108,0.8851108467483708,0.9481929520311925,0.7486053037702295,0.9324854129452831,0.655057070302878,0.9278966962971924,0.8951528182413431,0.6932943436747305,0.8786176172006352,0.9483563157149231,0.9268197928698957,0.8818669950401856,0.9417675268326104,0.9278966962971924,0.915319368665986,0.8715235709178974,0.8980618185144617,0.843920475818607,0.9496900385239624,0.9101409027007872,0.9045514955718472,0.8314683717743772,0.9324854129452831,0.9348776724743586,0.9896123046512102,0.7574865746915066,0.9003870625528829,0.7695273527363693,0.8920984402161445,0.9526350423385233,0.9398977391608507,0.9769015119750628,0.9347829309054407,0.7693647650828699,0.9198942322161898,0.9604543706205496,0.9376007728795193,0.9957674544753028,0.8951528182413431,0.9301606414450718,0.8653461152959996,0.7082685460280576,0.7701252849114621,0.8920984402161445,0.8857564329475807,0.9457697991278943,0.9554421119948902,0.9811273771120392,0.9057994954598185,0.7549051807603826,0.8844226815711149,0.9764965868575897,0.9478871906418758,0.9481787526124408,0.9173148291382112,0.9229034747691283,0.9278966962971922,0.898809853295903,0.8929183750890276,0.7465682820430694,0.9647682499737457,0.8704840658629898,0.9003870625528827,0.7465682820430699,0.9118266937745217,0.8602763835208993,0.9749222043475562,0.9329482657043761,0.9329482657043762,0.769353573971967,0.8521669136961141,0.7520434595496034,0.9058453047843559,0.9013861046986074,0.949242373777156,0.9398977391608507,0.8527082022594992,0.9857286773137051,0.91339508143326,0.9453055812599178,0.9217745823086678,0.942546448360206,0.9428861328269642,0.9398977391608507
p110_H,0.8619805848329878,0.6251763878780183,0.9102490929172288,0.9608634184056342,0.9459533477380777,0.7124267297718094,0.9622882266464251,0.9224143580900233,0.8976541691085209,0.9576735770276548,0.9035337647796047,0.9442013463068035,0.9442013463068037,0.5192352368023208,0.9396377493736083,0.8780615512279373,0.8873533009789314,0.8813944255958992,0.8214797955300069,0.5753248895108022,0.8803223329648366,0.9868619655962767,0.7660343627860313,0.947752420917731,0.9843238957181939,0.9271009640247971,0.7155281517808962,0.9519642373961463,0.6531584784210591,0.7594661760243924,0.9201981569430604,0.9515133476881705,0.9391866557097979,0.913638123172289,0.9459533477380777,0.9555383641697375,0.947752420917731,0.5575829202887794,0.9599080294518358,0.5559780058003154,0.8929489608197012,0.9285324039439793,0.9599080294518358,0.9073379150848058,0.9980965995557116,0.760510953624288,0.9496037211238535,0.8941182576784144,0.9256878868316012,0.8848712502248586,0.9515133476881705,0.640679712028576,0.9271009640247971,0.9375844381576608,0.9391866557097979,0.9706982209232327,0.924292054060027,0.9459533477380777,0.820358135051938,0.9424920127795526,0.900037393980877,0.8758599594503003,0.9271009640247971,0.8929489608197012,0.9534886050081051,0.994437400855249,0.9515133476881705,0.8467269607313443,0.9251186496270477,0.598497955229752,0.39910935921028345,0.9256878868316012,0.9459533477380777,0.8155897859167089,0.9459533477380777,0.879190935397886,0.9344681175525125,0.9360123464869743,0.8394320005991052,0.7124267297718101,0.9360123464869741,0.8719355025177771,0.7177910736952031,0.9271009640247969,0.9459533477380777,0.38514305304559837,0.9344681175525125,0.7921369220339984,0.8871620821950175,0.9442013463068033,0.9459533477380777,0.5004897792014031,0.7909750128041543,0.8456018749230434,0.9215480977067745,0.8941182576784144,0.5101876541109815,0.8803223329648369,0.8083612831931015,0.8071419677837113,0.8900832784871504,0.5870304925426879,0.7434660637428904,0.7078543096007821,0.8932444491995203,0.9555383641697377,0.4177135516026318,0.7843401014318694,0.9329497321807898,0.8179682595223976,0.5644524456161095,0.7794209998270962,0.929526314391053,0.8652593021816826,0.9496037211238535,0.9294279230117135,0.789141078114638,0.9555383641697377,0.9599080294518358,0.8785180920765858,0.9073379150848058,0.5613603023338308,0.7588052865947857,0.7685209165200217,0.8335182730010736,0.7397631429015088,0.947752420917731,0.9686278339080789,0.6936544503118635,0.9098310498422768,0.8646144802620153,0.9496037211238535,0.9799008321613356,0.9599080294518358,0.9408215498230332,0.7362801465619613,0.8713193097015215,0.9515133476881705,0.9515133476881705,0.9424920127795526,0.9536455577305866,0.9576735770276548,0.81319629737776,0.8266115967158121,0.6195096394008326,0.9048766089350639,0.9890998097486436,0.8319645762487424,0.9256878868316014,0.7429069381436562,0.9576735770276548,0.9000373939808768,0.654159965214995,0.9058538072885727,0.9515133476881705,0.9256878868316012,0.7983941018009909,0.8512615937915213,0.8773018426300598,0.6932610426722379,0.7468650390901759,0.9496037211238535,0.8719355025177772,0.7895618251049048,0.9259093040850028,0.6801732001440082,0.852334459601821,0.8207165424637018,0.9215480977067745,0.8354015438796933,0.5625603488683251,0.9442013463068035,0.924292054060027,0.8845505855164653,0.9903899183349034,0.9388497720957889,0.6728252353298366,0.862383237570735,0.8313870282962361,0.7892352637455657,0.9061034849845075,0.8814559000030189,0.9706982209232327,0.9442013463068035,0.8500946683680415,0.6302322706108685,0.8489732636249694,0.8952920587572559,0.9375844381576608,0.9494874991020569,0.9424920127795526,0.8976541691085211,0.6960673847868172,0.7763145111532377,0.9000373939808768,0.9459533477380777,0.947752420917731,0.8225062122825699,0.8941182576784144,0.8112423742607773,0.8848712502248586,0.9442013463068035,0.9459533477380777,0.9867736656684732,0.7763145111532377,0.9576735770276548,0.9459533477380777,0.8505519961852757,0.909831049842277,0.9786630756548504,0.9362040762623299,0.9523438149852952,0.995441286462974,0.9459533477380777,0.8467269607313443,0.9459533477380776,0.8809668813683988,0.8899234558981051,0.8112423742607773,0.9459533477380777,0.8523344596018209,0.9459533477380777,0.9272463133532802,0.901237634194086,0.3531842557352558,0.8679639303639388,0.9496037211238535,0.7565415109136853,0.9424920127795526,0.9172894915317803,0.9344681175525127,0.8373624267149189,0.8057511976033924,0.7938173320765319,0.9515133476881705,0.8929489608197012,0.8837301903431398,0.9936953256260506,0.8623725346384723,0.909831049842277,0.909831049842277,0.9408215498230332,0.5283851172492287,0.9424920127795526,0.9459533477380777,0.8964706102804108,0.9459533477380777,0.7974649715829212,0.7666359149034532,0.9515133476881705,0.9229124393123016,0.7565415109136854,0.947752420917731,0.9085802966718619,0.9329497321807898,0.5642000126171964,0.9570183943574117,0.8523344596018207,0.9496037211238535,0.5786998840287014,0.8634987624252988,0.8342582334437219,0.9442013463068033,0.9534886050081051,0.850062009909633,0.9599080294518358,0.9620275776222871,0.8226831008260227,0.9285324039439793,0.8623832375707352,0.568106127014132,0.9515133476881705,0.8388184704910293,0.8379312624123885,0.7637872992793495,0.9555383641697377,0.8179682595223976,0.8112352422020845,0.9299834289466349,0.7414130926961162,0.9555383641697377,0.8422177685448573,0.8022195458125896,0.9534886050081051,0.9305398848527222,0.7791859091983431,0.6532256048760392,0.913638123172289,0.794689378341565,0.9424920127795526,0.9496037211238535,0.9496037211238535,0.7317039196616659,0.30118883482941117,0.785654761903614,0.8456018749230432,0.8780615512279375,0.7669632898056066,0.9555383641697375,0.8055821814466967,0.9256878868316014,0.0,0.9515133476881705,0.7895618251049048,0.8917839318880125,0.8518109418760926,0.9800695481923838,0.9110906193450523,0.7345768080340043,0.9036569103682495,0.8769340287666245,0.664666354830239,0.7932320440185795,0.8250209201611327,0.5752279318220728,0.9576735770276548,0.9916384125088662,0.6531584784210593,0.913638123172289,0.9502726792490608,0.9808011959067163,0.9496037211238535,0.9459533477380777,0.9515133476881703,0.7008044880432813,0.9292705781907256,0.9555383641697377,0.9534886050081051,0.8143691847723075,0.9459533477380777,0.9329497321807898,0.9555383641697375,0.9599080294518358,0.9437480193578958,0.9766235540366277,0.8224152353838801,0.9515133476881705,0.8226831008260227,0.8223978656956354,0.8101794501321893,0.9391866557097979,0.6600900496826891,0.9496037211238535,0.9136381231722892,0.8482429999576494,0.9375844381576608,0.9048766089350639,0.9581756603540755,0.7505808785893437,0.5430648651469494,0.7637872992793495,0.9980965995557116,0.9442013463068033,0.8698156464554118,0.8911121531798492,0.794689378341565,0.7959573902797028,0.701811811727123,0.9459533477380777,0.8444753756217387,0.912359476799596,0.9159489883476695,0.7570534784216713,0.9576735770276548,0.8354015438796933,0.9459533477380777,0.9459533477380777,0.9256878868316014,0.8976541691085211,0.6163713018450961,0.9459533477380776,0.6531584784210592,0.9459533477380777,0.8658361333303508,0.8906229438722486,0.909864108570767,0.9919305345581159,0.8178368077853696,0.7511687941849032,0.8447031165720802,0.8801188504041417,0.9459533477380777,0.9704390710968265,0.7619204362461958,0.7623554974216558,0.818513372321898,0.8617203715575987,0.8006304922823533,0.9496037211238535,0.7830190911339334,0.9459533477380777,0.7333394497434598,0.9292705781907256,0.8500946683680415,0.903715236421715,0.947752420917731,0.9853212789890557,0.4457539371773517,0.9459533477380777,0.8894657784451028,0.8190550279834297,0.9459533477380777,0.9188618095812564,0.7901005262017788,0.8886615438957008,0.7074023333848409,0.7895618251049048,0.9459533477380777,0.9251186496270477,0.977115483720305,0.9534886050081051,0.9546814368542729,0.9936784454743639,0.901237634194086,0.9024440319654485,0.7600856838664785,0.9496037211238535,0.8917839318880125,0.879190935397886,0.7156159865374476,0.8433473706866228,0.7592213677660844,0.9833107042853397,0.9818737559710531,0.9515133476881705,0.833518273001074,0.9459533477380777,0.9555383641697375,0.7777425775507789,0.9365256355280616,0.9360123464869743,0.9399048586036762,0.9424920127795529,0.9193977657196128,0.8600925937908134,0.9424920127795529,0.9894969760647812,0.8055821814466966,0.9922393349032013,0.967250184676288,0.733321102949436,0.9555383641697375,0.8365426274325074,0.9576735770276548,0.8984508716057186,0.7156159865374478,0.8419698115525012,0.855956490272431,0.9576735770276548,0.9983787153076737,0.9519642373961463,0.9102490929172286,0.9285324039439793,0.9344681175525127,0.8964706102804108,0.7194207172093906,0.913638123172289,0.9645325849988504,0.8690815696440015,0.8224152353838798,0.8929489608197012,0.9360123464869743,0.9201981569430604,0.6623910627797649,0.7580083418866854,0.6547174519689312,0.9408215498230332,0.8293610592189051,0.9465815072035062,0.9175383063396303,0.9299834289466349,0.9314553797224698,0.7036919613448273,0.9360123464869743,0.8422177685448575,0.9299834289466349,0.9098310498422768,0.7381745475559089,0.5870304925426886,0.9781743137324748,0.9751689039858511,0.8397002396163551,0.892948960819701,0.9555383641697375,0.8753220118250447,0.9873110786538151,0.8326881763486005,0.9254149084505717,0.7728032015135744,0.772803201513576,0.9515133476881705,0.9555383641697377,0.5017086937740922,0.7727336196388934,0.9073379150848058,0.9954412864629741,0.9442013463068035,0.8119936899116005,0.9852542301053672,0.9408215498230332,0.5786998840287012,0.9459533477380777,0.9534886050081053,0.9459533477380777,0.9459533477380777,0.8071419677837113,0.9314553797224701,0.7938173320765315,0.9459533477380777,0.7972200682837468,0.8273466303940555,0.909831049842277,0.69109015745948,0.8735611753844457,0.9371619756502474,0.8071260485378442,0.896470610280411,0.8296609453116086,0.9391866557097979,0.879190935397886,0.9534886050081051,0.9123594767995962,0.7637872992793495,0.8467269607313443,0.9201981569430602,0.9391866557097979,0.998757543485978,0.7490665302109676,0.6901393639197373,0.7951305376353202,0.9496037211238535,0.6732044990074517,0.9344681175525125,0.9254442979415586,0.9818737559710531,0.8388184704910291,0.8617203715575985,0.900037393980877,0.9314553797224701,0.9572080715751814,0.9496037211238535,0.9344681175525127,0.7319892702631761,0.771208890612649,0.8478507258139245,0.9707576097306716,0.9515133476881705,0.9067529594461949,0.9408215498230335,0.968276073067803,0.8812668782853297,0.6936544503118629,0.7623554974216558,0.9215480977067745,0.876259350159987,0.7216242962744119,0.8365426274325074,0.8964706102804108,0.7250365364710563,0.9344681175525125,0.901237634194086,0.9395972874156604,0.9459533477380777,0.9515133476881705,0.9928378554472401,0.9459533477380777,0.998467451656429,0.9344681175525125,0.9424920127795526,0.9432040915689671,0.7632112604920255,0.9172894915317804,0.7921369220339984,0.9576735770276548,0.738174547555909,0.9360123464869741,0.8579208771607552,0.9424920127795529,0.781240886511634,0.9203749521146292,0.766635914903453,0.871935502517777,0.926557235114915,0.872439662140096,0.7146323984142664,0.8545708706492463,0.8774014877197256,0.8203324548260427,0.7597505096696289,0.9201981569430602,0.6531584784210595,0.9843238957181939,0.947752420917731,0.889923455898105,0.8964706102804108,0.8860151533715297,0.9442013463068035,0.734962916687087,0.8015055770268695,0.9599080294518358,0.967250184676288,0.9180060542094439,0.8810236202136965,0.8845412903994782,0.9285324039439793,0.8952920587572559,0.7685209165200217,0.9329497321807898,0.8917839318880126,0.9360123464869743,0.9442013463068037,0.9515133476881705,0.6305104195777212,0.9459533477380777,0.913638123172289,0.9918618246002618,0.794689378341565,0.535420168116221,0.9459533477380776,0.8758082204608499,0.6921474980785483,0.9000373939808768,0.9175383063396303,0.9345566419027251,0.5346363886777225,0.8735611753844457,0.7475421486101214,0.8027221565196545,0.9499053607024347,0.8410864781348433,0.912643846712835,0.9534886050081053,0.6275817786475894,0.9828956122135617,0.8518109418760929,0.807077544310237,0.8762593501599861,0.9229124393123014,0.7050053248136313,0.9599080294518358,0.937584438157661,0.8436771116239447,0.5571177106314704,0.8603130600722217,0.8769340287666245,0.9555383641697375,0.9459533477380777,0.9868619655962767,0.7535801967671492,0.7895618251049048,0.9442013463068033,0.9515133476881705,0.9408215498230332,0.9442013463068033,0.9442013463068033,0.9136381231722889,0.9459533477380777,0.9408215498230332,0.9012376341940861,0.9459533477380777,0.7728949682499832,0.7090178837688106,0.9555383641697375,0.9496037211238535,0.9534886050081051,0.947752420917731,0.9442013463068035,0.734962916687087,0.8489732636249694,0.9314553797224701,0.8308140518782616,0.9459533477380777,0.7960740039377887,0.653225604876039,0.9299834289466349,0.7803575371163458,0.8303725425782199,0.9555383641697375,0.7319892702631758,0.9329497321807898,0.8879608031238043,0.8101794501321898,0.9459533477380777,0.909831049842277,0.6130667625035235,0.9201981569430602,0.9129765806675125,0.7430798760461843,0.9555383641697375,0.8387057007283609,0.9496037211238535,0.6447298230037262,0.8603130600722217,0.9459533477380777,0.7434660637428889,0.9954894078264941,0.9576735770276548,0.7231094927951862,0.9408215498230332,0.9570183943574119,0.8956389981350419,0.9424920127795529,0.8578341722344222,0.7708237674759129,0.9459533477380777,0.9459533477380777,0.9085802966718617,0.818738765116283,0.5177477145540502,0.7755087161183711,0.9210652057913622,0.8161002319814937,0.7752683943150152,0.7869631914283193,0.8767698652367379,0.8551965465982105,0.9459533477380777,0.8941182576784144,0.9515133476881705,0.9599080294518358,0.679920003555639,0.9555383641697377,0.8203324548260427,0.9459533477380777,0.9459533477380777,0.7594661760243924,0.8676982991505031,0.9013335231462478,0.9344681175525125,0.76928475557632,0.9280919787324257,0.9229124393123016,0.9280919787324254,0.8238535688751862,0.6959839224163828,0.9459533477380776,0.6857526560898857,0.805918234680862,0.947752420917731,0.9555383641697375,0.879190935397886,0.8769383301087414,0.823023518105113,0.7157300978243298,0.947752420917731,0.9093762272332486,0.9459533477380777,0.8155897859167089,0.798376859019013,0.8929489608197012,0.7930669937893718,0.9313284300538957,0.937584438157661,0.8988430035065229,0.6302322706108685,0.9534886050081051,0.8601523251100112,0.8534530388405703,0.9408215498230332,0.9644928340620883,0.9175383063396303,0.9271009640247969,0.8009771539783097,0.9515133476881705,0.9442013463068035,0.8679639303639386,0.924292054060027,0.8475191737170207,0.9162269502513476,0.9599080294518358,0.6857526560898857,0.9599080294518358,0.9599080294518358,0.847249906834666,0.9149270915494647,0.8894657784451026,0.9459533477380777,0.9576735770276548,0.9344681175525125,0.9344681175525125,0.6778093879531143,0.9391866557097981,0.9442013463068035,0.9242920540600268,0.8871620821950175,0.947752420917731,0.766625951055947,0.912359476799596,0.8119936899116005,0.7882655072649013,0.9459533477380777,0.5004897792014033,0.9459533477380777,0.7763145111532377,0.9576735770276548,0.9285324039439793,0.9299834289466347,0.9183962985375215,0.9459533477380777,0.7921369220339982,0.7216242962744119,0.9299834289466349,0.7934159251299586,0.8155897859167089,0.8009771539783097,0.9515133476881705,0.865581000243407,0.9210652057913622,0.7934159251299586,0.7804688175477095,0.6651976102888639,0.6554084388976413,0.5485941093836327,0.5643608577916981,0.9919305345581159,0.8917839318880125,0.9256878868316014,0.828505167767063,0.896470610280411,0.7146323984142663,0.9459533477380777,0.9442013463068033,0.8319645762487426,0.9686278339080789,0.6899959763287947,0.7623554974216558,0.7365745432840505,0.9459533477380777,0.7749528077373986,0.8846189616699076,0.5625603488683245,0.9459533477380777,0.8296609453116086,0.7812408865116336,0.9555383641697377,0.9314553797224698,0.9442013463068033,0.6768041263043811,0.927100964024797,0.8623725346384723,0.7508647778975326,0.9406130927449241,0.9172894915317802,0.7110483124425828,0.9459533477380777,0.9229124393123016,0.9459533477380777,0.9555383641697377,0.6756767827074259,0.8769340287666245,0.9599080294518358,0.9215480977067745,0.7267226478792865,0.8988430035065225,0.9175383063396303,0.9459533477380777,0.8493250476264828,0.8095762779683153,0.7827832223130281,0.9201981569430604,0.9098310498422773,0.9515133476881705,0.9201981569430604,0.9188618095812562,0.9110906193450523,0.8860151533715297,0.7365745432840505,0.9110906193450523,0.9175383063396303,0.7055575515593613,0.8780615512279375,0.9110906193450523,0.9599080294518358,0.9271009640247969,0.947752420917731,0.9240873382644511,0.5125823486211969,0.9188618095812562,0.8224152353838801,0.9443957023935474,0.909831049842277,0.9314553797224701,0.9085802966718615,0.9256878868316014,0.9442013463068037,0.9344681175525125,0.8809668813683991,0.692535685066336,0.9957194866787559,0.8505519961852757,0.9061034849845075,0.9067106641371718,0.8387057007283609,0.947752420917731,0.9496037211238535,0.8952920587572559,0.939924256724199,0.9229124393123014,0.7112670217969727,0.8941182576784144,0.9515133476881705,0.9534886050081053,0.9594925359888824,0.9215480977067745,0.9597993179563378,0.8810236202136958,0.9201981569430602,0.9306403341592284,0.7588052865947855,0.9056039353298276,0.9459533477380777,0.9383347260233237,0.7797245721249252,0.8549012313731063,0.9301746946212588,0.9842219863845638,0.9534886050081051,0.9191935655413228,0.9625612010339306,0.9271009640247971,0.9408215498230332,0.8981214879942143,0.8565083545532762,0.9564656546829657,0.9847548676209203,0.7965645056239908,0.9197107641760085,0.633297083081641,0.8958168960532688,0.8056552885292609,0.9496037211238535,0.947752420917731,0.879190935397886,0.9229124393123009,0.9842011665427953,0.8917839318880125,0.8545708706492463,0.8828326637655325,0.8225062122825697,0.9424920127795526,0.8493250476264829,0.8719355025177773,0.9570839709282045,0.7856158295427421,0.8500946683680415,0.6738544339821881,0.9534886050081053,0.8860151533715297,0.8280954325319172,0.7960409320269943,0.9576735770276548,0.9769871064817433,0.9555383641697377,0.8927742308062429,0.9534886050081053
p110_N,0.9096679669675563,0.9888197307367491,0.8578899519108554,0.9177914171276885,0.9544316996038,0.8425429626878579,0.8643209413108639,0.9015867317739812,0.9137092609592146,0.9643133649175286,0.9460501530640815,0.9529545363721539,0.9529545363721539,0.6649007021580307,0.9651775593373264,0.9356856974167589,0.9830316367629125,0.8937900805723632,0.7771757990417102,0.9448229719109482,0.8990962871160681,0.9447481688519046,0.9422080421889416,0.9692769377093197,0.9434679740971852,0.9385367079941818,0.6487144801274362,0.9250379219402804,0.9448229719109482,0.7971989552054204,0.9327167510955896,0.9591194968553458,0.9487265052554268,0.9271857963192043,0.9544316996038,0.950716529670402,0.9559485503920393,0.6596228771956387,0.9661972965770262,0.6775859022341624,0.9097421633544907,0.9397435965156078,0.9661972965770262,0.968134617262894,0.9501049319099923,0.8688131913718801,0.957509435301382,0.9107280314569581,0.9373453016197317,0.9029316112204655,0.9591194968553458,0.8317830360527907,0.9385367079941818,0.9473756291574582,0.9487265052554266,0.9361684345174046,0.9361684345174046,0.9544316996038003,0.9201807407414305,0.9515133476881703,0.9157186269856048,0.9457520766884309,0.938536707994182,0.9097421633544907,0.9607848936032954,0.906663301648857,0.9591194968553458,0.9735950471314356,0.9576073616523981,0.9625131050152524,0.621034898404093,0.9373453016197317,0.9544316996038,0.8445183988316081,0.9544316996038003,0.8981423730059306,0.9447481688519044,0.9460501530640815,0.8414864259682346,0.7469130923202993,0.9460501530640815,0.8856017264847293,0.802995799194738,0.9385367079941818,0.9544316996038003,0.6397205417438536,0.9940867605460231,0.8561690587937525,0.9048630781107276,0.9529545363721539,0.9544316996038003,0.6984376606650693,0.8273662657070467,0.9039927750935628,0.9608853644890278,0.952820654801327,0.7051708310877193,0.8990962871160684,0.8384238384890401,0.93293779373488,0.9361684345174044,0.9652137684610214,0.5379637233866088,0.9203895602948635,0.9358903421766454,0.9625131050152524,0.641567867796071,0.8494522957885748,0.9434679740971852,0.8465237589272383,0.706399717020793,0.9397435965156078,0.8897655097007555,0.901383396955598,0.9575094353013822,0.9453578082946209,0.9888197307367492,0.9625131050152524,0.9661972965770262,0.8726649773302662,0.9218739081138494,0.7178544338753305,0.5767345752917445,0.9634568834621734,0.8937900805723633,0.780586756401529,0.9559485503920393,0.9800040497391677,0.9765837058865925,0.9816001811698214,0.8858525408230953,0.957509435301382,0.9591194968553458,0.9661972965770262,0.9501049319099923,0.7054246227170566,0.9288357786952528,0.7206095791001441,0.9591194968553458,0.9515133476881705,0.8924353423190239,0.9643133649175286,0.8425003792101688,0.8256736899939877,0.7116364755344979,0.9197987094973856,0.9038960691476476,0.9245130324548216,0.9373453016197317,0.8456002034186691,0.9643133649175286,0.9595131865896311,0.7864823026863538,0.8933957590212618,0.9591194968553458,0.9373453016197317,0.9871087923184261,0.7032614918335647,0.8717185331373516,0.7563499748428761,0.7953195658982104,0.957509435301382,0.9987774230311344,0.8853172535850606,0.9489746595216721,0.6455158654829797,0.9851609000695932,0.9097421633544907,0.933854925314779,0.9721034599974787,0.930474153890517,0.9529545363721539,0.9361684345174046,0.7776383896417525,0.8688726774726101,0.7750624986011467,0.9625131050152524,0.8839713153825193,0.9282725629505153,0.7921917300017665,0.9208331242859094,0.9783544633819783,0.9013065795230636,0.9529545363721539,0.9082133906734638,0.7904433055998696,0.9071558877260779,0.9541290792408028,0.9473756291574582,0.9315900378678905,0.9515133476881705,0.9137092609592148,0.8396960566861432,0.8737670973648668,0.9966922538063423,0.9544316996038003,0.9559485503920393,0.4998000911078794,0.9107280314569581,0.8851338808206499,0.9774791703451948,0.9529545363721539,0.9544316996038003,0.9178303757589168,0.8737670973648668,0.9448229719109481,0.9544316996038003,0.8504989784061951,0.9239759423528267,0.9368506101299685,0.9748630647929062,0.9147116017278334,0.9529545363721539,0.9544316996038003,0.9735950471314359,0.9544316996038001,0.8311464231994985,0.7501413829407572,0.7555641089284797,0.9544316996038003,0.9451689995479284,0.9544316996038003,0.8643209413108637,0.9609007391155062,0.6455158654829796,0.9254878069711863,0.957509435301382,0.8569522690866245,0.9515133476881705,0.7046386402333298,0.9447481688519046,0.9966922538063423,0.9073127552826399,0.9271857963192041,0.9591194968553458,0.9649067432343337,0.9019695505324468,0.8735864340900966,0.9489746595216721,0.9239759423528267,0.9239759423528267,0.9501049319099923,0.7178544338753307,0.9515133476881705,0.9544316996038003,0.9127113681766141,0.9544316996038003,0.7608902818860994,0.6039046752604113,0.9591194968553458,0.9582291749307174,0.8569522690866245,0.9559485503920393,0.9229213960709448,0.943467974097185,0.694963942048713,0.9290729285038277,0.87549889916545,0.9575094353013822,0.7533200741795802,0.8849118467483821,0.9267637001447557,0.9529545363721539,0.9560086947472867,0.7982270397085369,0.9661972965770262,0.8504989784061954,0.915567799113032,0.9397435965156078,0.8839713153825193,0.7091512010679774,0.9591194968553458,0.9312904037292549,0.8807337082769502,0.8319518115156928,0.9625131050152524,0.8788191408694404,0.9696485350828812,0.9987774230311344,0.7914026285028692,0.9625131050152524,0.934712588125745,0.833245561533912,0.8728022830978682,0.9502440628915498,0.9683695601216199,0.42427619479784706,0.9271857963192041,0.8268966588916089,0.9515133476881705,0.9575094353013822,0.9652137684610215,0.8363962371582656,0.9625131050152524,0.8818837573472103,0.9381630884742409,0.8971901564492135,0.7739620374838149,0.9625131050152524,0.9544316996038003,0.9373453016197317,0.9515133476881705,0.0,0.8225734700092842,0.9087598936651087,0.957509435301382,0.9373453016197317,0.9250379219402804,0.9436448416643345,0.9187703462526826,0.8962395095530549,0.783012290034004,0.8430068540646953,0.8524700617069345,0.7145215948854526,0.9643133649175286,0.9137092609592148,0.9448229719109483,0.975237274861592,0.9239759423528267,0.8564218327576678,0.957509435301382,0.9544316996038003,0.9591194968553456,0.6171437968101489,0.938536707994182,0.9625131050152524,0.9560086947472867,0.9765837058865926,0.9544316996038003,0.9365826632500476,0.9625131050152524,0.9381728330554158,0.9894435908227327,0.9696133930122258,0.9434121517267975,0.9591194968553458,0.915567799113032,0.9757052866960472,0.6966839379445118,0.9487265052554268,0.8124659496048641,0.9652137684610215,0.9271857963192043,0.9159552332667188,0.9473756291574582,0.9651775593373264,0.9661972965770262,0.8830976862482167,0.9264488104519895,0.8630614034554611,0.9830316367629125,0.9765837058865926,0.9207659584476899,0.9103321387130585,0.8268966588916089,0.9225036667540454,0.8441308835731787,0.9544316996038003,0.9710778825508661,0.9261077324693099,0.9282725629505153,0.9743490353345139,0.9643133649175286,0.9278919760223632,0.9544316996038003,0.9544316996038003,0.9373453016197315,0.9137092609592148,0.7803602890716937,0.9544316996038001,0.9448229719109482,0.9544316996038003,0.9810522968844485,0.9077810309891683,0.9673113304370213,0.9544316996038,0.658569284019382,0.9447481688519044,0.8907128377247426,0.9199331495579264,0.9544316996038003,0.8933957590212618,0.9795295863759995,0.8929569861598758,0.8642683597030216,0.9315900378678905,0.7222660296516343,0.9575094353013822,0.8170571011959711,0.9544316996038003,0.7751707543509229,0.938536707994182,0.8736104662007038,0.8289508336569822,0.9559485503920393,0.892189596451196,0.9859983918197512,0.9544316996038003,0.9886287745290052,0.9504424083764612,0.9544316996038003,0.9659497926039275,0.8403850910576152,0.858324459587394,0.8484736303933887,0.8225734700092839,0.9544316996038003,0.9576073616523982,0.99213028855682,0.9560086947472867,0.7943139531861247,0.8484736303933889,0.9167305843279034,0.9177477332861093,0.7659010756297324,0.9575094353013822,0.9087598936651087,0.8981423730059306,0.9989330715481036,0.8679216237887917,0.9307753782247601,0.827807336712144,0.9422080421889416,0.9591194968553458,0.6143347281832732,0.9544316996038003,0.950716529670402,0.7065798644174264,0.832198064937085,0.9460501530640815,0.9883880331853732,0.9515133476881705,0.9757904258453851,0.9559485503920393,0.9515133476881705,0.9460501530640815,0.4654487838138104,0.9473756291574582,0.8915055770282616,0.913969564847724,0.9625131050152524,0.8956033810680568,0.9643133649175286,0.9473756291574584,0.8812152990221936,0.8528279616010341,0.7494264781377338,0.9643133649175286,0.9143551898560902,0.9250379219402804,0.7383007334765158,0.9397435965156078,0.9447481688519046,0.9127113681766141,0.9652137684610215,0.9271857963192041,0.9649067432343336,0.9265987852931254,0.7699808760005928,0.9649067432343335,0.991511387719873,0.9327167510955896,0.8141826543533132,0.8581844531301606,0.8681310149791885,0.7155779114545313,0.9283013350108495,0.9395538742599336,0.930474153890517,0.9987774230311344,0.9422080421889418,0.8455883744569337,0.9290729285038275,0.9347125881257451,0.9409669977890665,0.9239759423528267,0.779247365581067,0.6561065835106368,0.8720988960173204,0.8724525586652856,0.6879618446090578,0.9097421633544907,0.8639461643560556,0.894371009082944,0.9029316112204655,0.623183048149615,0.9727541677821405,0.5149876174732455,0.9161682054358175,0.9591194968553458,0.9625131050152524,0.9846299338167082,0.9399090046751278,0.9218739081138494,0.9765837058865926,0.9529545363721539,0.8414864259682344,0.9167305843279034,0.9501049319099926,0.8256736899939876,0.9544316996038003,0.9607848936032957,0.9544316996038003,0.9544316996038003,0.8373957982954765,0.9422080421889418,0.9752372748615915,0.9544316996038003,0.8290303569962783,0.854430935472339,0.934388242931145,0.792389623096135,0.8933957590212618,0.8596511358036816,0.9570498583959893,0.9554518077232719,0.8563822015167815,0.9207232888949289,0.9857329156219559,0.9607848936032957,0.9261077324693099,0.8941709953952295,0.8707710541962026,0.9327167510955896,0.9487265052554266,0.9515133476881705,0.8507067764119423,0.8728022830978691,0.8477244589101532,0.9575094353013822,0.9949132781456955,0.9447481688519044,0.6624954722213241,0.9422080421889416,0.8641031766521015,0.658569284019382,0.9157186269856048,0.9422080421889416,0.9776317763878943,0.9575094353013822,0.9447481688519048,0.6701788901147556,0.9229213960709448,0.8717185331373516,0.9130131975922845,0.9591194968553458,0.8717185331373516,0.9501049319099926,0.824601633799057,0.979773624408762,0.9529545363721539,0.8618496660711303,0.933854925314779,0.7469130923202993,0.859651135803682,0.9624414485080435,0.9127113681766141,0.8623629889204502,0.9329216899439506,0.960900739115506,0.9540967655391956,0.9544316996038003,0.9591194968553458,0.9727541677821405,0.9544316996038,0.9451689995479284,0.9447481688519044,0.9515133476881705,0.5398465237042555,0.9246012618232706,0.8812152990221939,0.8561690587937525,0.9643133649175288,0.8729257271101272,0.8666344692877818,0.8802089698693756,0.9515133476881705,0.9207232888949289,0.999613492602016,0.8399643664537925,0.9409669977890665,0.8343531165770126,0.8924501786702499,0.8225538587803674,0.8773844821970243,0.6825064884039787,0.8485170805722071,0.9451689995479284,0.9327167510955896,0.6722319823963796,0.943467974097185,0.9559485503920393,0.9144959184069918,0.9981922472699298,0.9038960691476476,0.9529545363721539,0.7765395464272931,0.8785018758610237,0.9661972965770262,0.8915055770282616,0.957509435301382,0.9291683589350782,0.9318133405341397,0.996566586696046,0.9117176971980814,0.9634568834621734,0.9965573445764311,0.9502440628915497,0.9460501530640812,0.9765837058865926,0.8807450411223988,0.9661972965770262,0.9544316996038003,0.9264488104519897,0.8792678792793374,0.8268966588916089,0.5781353026756926,0.9544316996038001,0.9714637322658977,0.8046035473770462,0.9157186269856046,0.930474153890517,0.9137092609592146,0.6984376606650693,0.8933957590212618,0.7871454617806513,0.9582291749307174,0.9157186269856046,0.8660153996906965,0.7810772990523138,0.9607848936032957,0.6598842363568069,0.9361684345174044,0.957509435301382,0.981600181169821,0.9381728330554158,0.9582291749307174,0.5683859112583732,0.9661972965770262,0.9473756291574582,0.5220816122841563,0.9005384212506021,0.8914187460211079,0.8962395095530546,0.9625131050152524,0.9544316996038003,0.9447481688519046,0.885588957363351,0.8853172535850606,0.9765837058865926,0.9591194968553458,0.9830316367629124,0.9765837058865926,0.9529545363721539,0.9759742607288062,0.9544316996038003,0.9501049319099923,0.9507589513092889,0.9544316996038003,0.7699808760005928,0.8999347304580287,0.9625131050152524,0.9575094353013822,0.9607848936032957,0.9559485503920393,0.9529545363721539,0.870324935437309,0.8726649773302662,0.9422080421889416,0.8573544191143383,0.9544316996038003,0.9167305843279034,0.8879369722234249,0.9409669977890662,0.9084914293220665,0.7257809045888781,0.9625131050152524,0.8945024258106786,0.9434679740971852,0.8399643664537926,0.7566586192708958,0.9544316996038,0.9239759423528267,0.8208556050998244,0.8077173352988181,0.8882786390335262,0.866634469287782,0.9507165296704021,0.9923551296406039,0.9575094353013822,0.7299081773712761,0.8914187460211078,0.9544316996038003,0.8280234816778032,0.8943424304056795,0.9643133649175286,0.7847678637480737,0.9501049319099923,0.9460501530640812,0.906663301648857,0.9515133476881705,0.8749366752091828,0.9001889664606622,0.9544316996038003,0.9544316996038003,0.9836243259051821,0.7301312695908226,0.5744033572634908,0.7967459576737139,0.8612222667022575,0.8484736303933889,0.7482956255273319,0.8517067209994402,0.9397435965156078,0.8638461791854182,0.9544316996038003,0.9949132781456955,0.9591194968553458,0.9661972965770262,0.8273662657070466,0.9625131050152524,0.8485170805722071,0.9544316996038003,0.9544316996038003,0.7971989552054204,0.6104786629594073,0.8666684437687922,0.9329216899439509,0.887610892999688,0.9097421633544907,0.935005241301464,0.8813393476268829,0.8514858339733073,0.7962168721876016,0.9544316996038001,0.7455404899764402,0.836364033416402,0.9692769377093197,0.9625131050152524,0.9755588472540062,0.8909910300164398,0.9440647409827919,0.7362031474742619,0.9559485503920393,0.9774192396189845,0.9544316996038003,0.8767037709308811,0.8326857532046698,0.9097421633544907,0.968828963070922,0.8380631059829844,0.9473756291574582,0.9147116017278334,0.7904433055998696,0.9607848936032954,0.8820903683689054,0.8764420057712261,0.9501049319099923,0.9643133649175286,0.9810522968844486,0.9944277784719999,0.832198064937085,0.9591194968553458,0.9529545363721539,0.888676559370384,0.9903434298372482,0.6983285517377639,0.9293685115305119,0.9661972965770262,0.6511166134990874,0.9381728330554159,0.9661972965770262,0.9127113681766141,0.9282725629505153,0.9068053912485843,0.9544316996038,0.9643133649175286,0.9447481688519046,0.9447481688519044,0.825768401974096,0.9487265052554268,0.9529545363721539,0.9903434298372482,0.9048630781107274,0.8945024258106785,0.8965882112569317,0.9774096618002823,0.8414864259682344,0.8214805068326573,0.9544316996038003,0.6984376606650693,0.973053360823401,0.8114042753167638,0.9643133649175286,0.9397435965156078,0.9409669977890662,0.8207569669980981,0.9544316996038003,0.8247446089328494,0.8596511358036819,0.9409669977890662,0.8258229735464786,0.8445183988316083,0.8321980649370849,0.9591194968553458,0.840469071482111,0.8945571213623102,0.8258229735464786,0.9264513956876093,0.7046386402333294,0.808982414634811,0.9661972965770262,0.9400741852851486,0.973053360823401,0.9667875986555684,0.9373453016197317,0.8554077319402793,0.9981922472699298,0.8225538587803674,0.900538421250602,0.9765837058865926,0.8583244595873938,0.9503258498783539,0.8477244589101532,0.7996350258936396,0.8716284588044687,0.9544316996038003,0.8102561836643378,0.9124629060455849,0.6649007021580305,0.9544316996038003,0.8563822015167815,0.9487265052554266,0.9625131050152524,0.9400741852851484,0.9529545363721539,0.895603381068057,0.9385367079941818,0.7214763122182981,0.8471315842032199,0.9177477332861093,0.9422080421889418,0.8513207925795823,0.9544316996038003,0.9582291749307174,0.9544316996038003,0.9625131050152524,0.7916225077062025,0.8962395095530546,0.9661972965770262,0.933854925314779,0.8323357203239441,0.9147116017278334,0.930474153890517,0.9544316996038003,0.9144538550233174,0.9352582729821668,0.8299936449997718,0.9327167510955896,0.9239759423528269,0.9591194968553458,0.9327167510955896,0.9315900378678905,0.9727541677821405,0.9038960691476476,0.8091417233107615,0.9727541677821405,0.930474153890517,0.4003386550556356,0.9356856974167591,0.9727541677821405,0.9661972965770262,0.938536707994182,0.9559485503920393,0.9356856974167591,0.6242749171803248,0.9315900378678905,0.9434121517267975,0.8578899519108554,0.9239759423528267,0.9400741852851483,0.9229213960709448,0.9373453016197317,0.9529545363721539,0.9447481688519046,0.9259833020246668,0.6649007021580311,0.9117176971980814,0.8830333887596136,0.96664472544214,0.962306653551736,0.7325957302550348,0.9559485503920393,0.9575094353013822,0.9117176971980814,0.9048630781107276,0.9350052413014638,0.9883880331853732,0.9209014751655663,0.9591194968553458,0.9607848936032957,0.9962521701586655,0.9338549253147792,0.8715300133035613,0.9261077324693099,0.9327167510955896,0.9698282497233137,0.6966839379445118,0.9315900378678905,0.9544316996038,0.9516450063732009,0.8865210509409978,0.7080404186937947,0.9107280314569581,0.9661123720541918,0.9607848936032954,0.9752372748615916,0.9991103021727903,0.9385367079941818,0.9501049319099923,0.933854925314779,0.7559882542157068,0.9934422704699934,0.8157177922735033,0.6793190916396445,0.9600163959638035,0.6242749171803248,0.9333770200885276,0.8396960566861431,0.957509435301382,0.9559485503920393,0.8981423730059306,0.9350052413014636,0.957509435301382,0.9502440628915496,0.877384482197024,0.9315603365039824,0.9799008321613358,0.9515133476881705,0.8495094192726709,0.9409669977890665,0.8308459945434385,0.7333833797482334,0.9428163151462241,0.9987774230311344,0.9607848936032957,0.9038960691476479,0.7193184624017623,0.8945024258106786,0.9643133649175286,0.8718365977455129,0.9625131050152524,0.875978215386313,0.9607848936032957
p110_P,0.7460683510701926,0.7716036057947151,0.5787109730034037,0.8766054254974631,0.7999960359115464,0.8532920118076435,0.9864138973913377,0.9286899342072337,0.5474128609150594,0.7988652819601515,0.8392442071015727,0.7624534917969605,0.7624534917969608,0.7378838199067894,0.9924796732104025,0.8705396270476344,0.9406384658239362,0.7332415752367154,0.9732945459124762,0.8807174319218227,0.684082375690594,0.7841656069034117,0.8875470731379227,0.8396138091088566,0.7546438909083388,0.6535845456198999,0.809647347075422,0.6522876856147177,0.8451155112420423,0.7345167049374846,0.7428252590554913,0.8009638285360555,0.803042467924812,0.7807707258469966,0.7999960359115466,0.8373021566360079,0.8381090821523731,0.803042467924812,0.8094833764446488,0.749624502995133,0.6082696266282197,0.7271793601633395,0.921891580360551,0.7046765730873239,0.8620437945748278,0.5766935734772691,0.8458639564984105,0.5628214791893209,0.7280707215884723,0.5153854942590722,0.8323357203239441,0.453937742459094,0.6754836127321635,0.8966022937609004,0.8900468543966291,0.7654163298689536,0.9352297684985353,0.8022278398026612,0.6384067892370582,0.7895618251049048,0.5249787446172502,0.5780026326826029,0.8725752167425384,0.8538430235715144,0.8298015015479603,0.46427242578897987,0.8539453617971722,0.6879593209072998,0.8351506766084256,0.8713002539551251,0.7130237319056019,0.7280707215884723,0.9136463571360584,0.18673846368194413,0.8022278398026612,0.5579250762472645,0.7841656069034117,0.8147797622972601,0.4078098681745215,0.8532920118076435,0.8671824552466779,0.8343937500300962,0.7129220490303521,0.9522322463593522,0.8022278398026612,0.6982000155310901,0.9758896836963558,0.6894315479294664,0.8434397258473743,0.7958167654209827,0.8022278398026612,0.6255680522829321,0.6473315937465642,0.5608488820522162,0.85727092324838,0.8926735201930476,0.5858003141647199,0.5620651835710921,0.25177698811516236,0.35806377005184586,0.7654163298689531,0.8155856001785133,0.83064042010879,0.7581747844678999,0.6375834033640131,0.8373021566360079,0.6559068674297326,0.2570879181290753,0.7518751153717151,0.2615258493778575,0.5456887927834817,0.9943498684057496,0.44376195944125474,0.6650697785616597,0.8155856001785138,0.34344706808476344,0.8716025561676641,0.7887187728537042,0.8532920118076435,0.39043551107643715,0.8134309446520516,0.6895411753169773,0.754643890908339,0.9258894294912602,0.7989387765735068,0.4848460723618583,0.8088111631761212,0.9261471567999731,0.9833183631879888,0.9044899469925682,0.3993531143607354,0.8458639564984101,0.8225734700092835,0.8469527777499488,0.7834491233257193,0.6719715291005945,0.6225363837994067,0.8539453617971724,0.8539453617971717,0.8164349099391168,0.5225600572134033,0.8451155112420421,0.48941254446252436,0.5855510395158743,0.7450909717503451,0.5657548445206715,0.6626706698876506,0.33116644264190476,0.733084743245008,0.3158622618885869,0.8807174319218227,0.6107759919880278,0.8151531226178206,0.9804540883698294,0.9794329289487256,0.6899771804316868,0.718683725874242,0.7570115742507317,0.7080684874839247,0.5990419494516488,0.7667869718734676,0.876142312818307,0.8570448528152359,0.5039735591206189,0.6481791472953868,0.6933511769334473,0.7214127254833154,0.673755865813098,0.8778921909938127,0.4790530647402931,0.8171533088157461,0.7958167654209829,0.7888233937283919,0.6314814459047853,0.7948916654788569,0.8016098236683855,0.939296448593359,0.9248128430372737,0.8627518686398996,0.6792574143585046,0.9666492365639795,0.6974615344977272,0.8290963693550466,0.8176697096447176,0.9248779675805581,0.5510280990515388,0.4039496333693843,0.6686039324215053,0.8716025561676632,0.8034562226094211,0.8073419023819207,0.7499679162891866,0.48305908761113336,0.2669188229495143,0.9602377711580738,0.8022278398026612,0.781017971156353,0.9508003341101743,0.8761809181428614,0.5900697618813633,0.640337705671145,0.8728859274924746,0.8022278398026612,0.558275053528851,0.3157884407137176,0.8344672026399325,0.8022278398026612,0.8075161108973885,0.6455118395399992,0.5624154724462476,0.7484822602329084,0.6468548021911562,0.7958167654209829,0.8022278398026612,0.9431177958538597,0.8022278398026612,0.5066088844213135,0.514124507733646,0.5132803398002831,0.8022278398026612,0.5142453976011644,0.8022278398026612,0.6453492934205061,0.8248947119012578,0.7120472094320709,0.531265523112594,0.8155856001785131,0.17219795501722446,0.8433079947733282,0.7952994429239266,0.7125586915151118,0.7543243774682031,0.7202932884288314,0.7413256272572983,0.8853172535850606,0.886586143163953,0.7424326513133899,0.8556063329356027,0.7934423933393284,0.8674930744993435,0.5900165308001627,0.7711810729293316,0.614125153762537,0.807341902381921,0.8022278398026612,0.6252544176783497,0.8022278398026612,0.6164013756090835,0.6885444555819684,0.9578232874754974,0.9474249368874276,0.1843872195258458,0.7810179711563529,0.5838830123123753,0.7546438909083386,0.6300488723387776,0.7903153174929476,0.3665397112011092,0.7605174113429305,0.6139004104438028,0.9682675470429083,0.3817734589635903,0.7958167654209827,0.9093850586945161,0.5996252120171,0.8094833764446488,0.590808058880504,0.7437784485394817,0.8720648774730457,0.7977665919924855,0.641984166652281,0.9578232874754975,0.5499681711050393,0.5389894123863317,0.4747936845258085,0.8373021566360079,0.23621809518663428,0.8218933004979213,0.811742647244956,0.9658111313405613,0.8373021566360079,0.8739809092567834,0.28361611862483993,0.8950048614873414,0.6365148513838557,0.7378838199067892,0.8155856001785131,0.6839771896298144,0.14771780868427553,0.7895618251049048,0.8155856001785136,0.8761423128183068,0.25244368388509597,0.8373021566360079,0.4474938176163904,0.6411799237989504,0.5537923365189845,0.9289901515325556,0.973294545912476,0.8022278398026619,0.7280707215884727,0.7895618251049048,0.8225734700092842,0.0,0.6970629719247503,0.8155856001785133,0.7280707215884723,0.7831599131050847,0.3180830843456608,0.6478788582494746,0.5502102904632975,0.7459533043159265,0.8272475784827913,0.7444219134159417,0.5899930258692098,0.8807174319218227,0.5811720368107474,0.951921273281384,0.8560225025122674,0.6455118395399995,0.6826864801818873,0.7907957676628271,0.8022278398026612,0.7695919367481674,0.8723527603351529,0.7551406423489795,0.8373021566360079,0.9602082214267222,0.8234248743448613,0.8022278398026612,0.7781429858473838,0.8227168701728215,0.8532920118076435,0.7408173088585142,0.650896750946526,0.7437893388895369,0.8950795038997208,0.36135247439203755,0.3845093013917029,0.8956384605426095,0.7110156257508036,0.44558520481861974,0.7907957676628274,0.7043061423436842,0.4653339204104463,0.7534013799337801,0.6013152469114813,0.8532920118076435,0.19287877489254823,0.7222094813814699,0.170062071810274,0.7834491233257195,0.7958167654209827,0.9283298502100945,0.5839587451407606,0.17238815458069046,0.21559942283454092,0.3192339417193,0.8022278398026612,0.4344801071588702,0.7725507401817087,0.7273734436244235,0.9439228789501477,0.8700691233197133,0.36150262388749177,0.8022278398026612,0.8022278398026612,0.7330847432450076,0.6318108006542789,0.5599176028819588,0.8022278398026612,0.8807174319218227,0.8022278398026623,0.7180664476795503,0.5997580652807395,0.29135363183161567,0.83064042010879,0.7030921523899183,0.8560621357007658,0.3595750991719888,0.2780440949942793,0.8022278398026612,0.552095171159775,0.7120472094320709,0.1998019238841635,0.2743830720596977,0.8034562226094208,0.6188721088602727,0.8155856001785136,0.1036469052245017,0.8022278398026612,0.27212167705045376,0.842736910798034,0.7079497867226711,0.7438688706394299,0.8396138091088569,0.35524449879362807,0.803042467924812,0.8022278398026612,0.7793105059742869,0.6155557609116107,0.8022278398026612,0.9355971948198719,0.5624431490695376,0.5925807417252866,0.305653187375476,0.09833630421865669,0.8022278398026612,0.9204848773006233,0.5402359933066601,0.8624031815176505,0.6482451533279536,0.492101641928248,0.5999087296113537,0.5538740019934707,0.6275834520391181,0.8155856001785138,0.7295713707877454,0.4562496765989126,0.8644851655844239,0.34875540929203297,0.7802919992130244,0.49642090220313717,0.9336708882449205,0.8225734700092833,0.7332415752367158,0.8022278398026612,0.8713002539551251,0.7497836690181443,0.5626564561872908,0.7937891208337403,0.8643285330496475,0.8164349099391168,0.6449153815450239,0.9553007580573802,0.8433079947733284,0.863708651905885,0.8874655807210459,0.846602818574427,0.5730003601795441,0.676126093484116,0.8567149674919385,0.31491128004381164,0.8344672026399329,0.8034008551202538,0.8644851655844239,0.5711156811316079,0.8320966261016478,0.880717431921823,0.6868252526891734,0.7083757831105895,0.8286153958275506,0.8275364594326442,0.8800276452998839,0.6713956315405545,0.9669773817779976,0.9324870860155796,0.886586143163953,0.9429618435564383,0.8796959556003754,0.7204964217267751,0.8427180104423657,0.6411229421467326,0.5057589385454682,0.49604201970818973,0.7149235519216712,0.9406384658239362,0.6933051833505399,0.698723115811585,0.687412385503278,0.7805375026225276,0.8183613504774256,0.3271842337360802,0.8916469000509908,0.5155301707126034,0.7352352970522484,0.7255413280751923,0.612252762225011,0.8458639564984103,0.9201335709009508,0.4955907590627746,0.8683158440519763,0.8023542207078742,0.9587092594492898,0.7130585457521905,0.6090996528181275,0.9276065414570318,0.8242234044238141,0.8358455708251247,0.8096473470754226,0.926451395687609,0.8227168701728212,0.7486631564007076,0.3459983292836907,0.6609229261184333,0.7958167654209829,0.7958167654209829,0.6086191227620324,0.8248947119012576,0.8096473470754224,0.5288522976600172,0.8022278398026612,0.8298015015479603,0.8022278398026612,0.8022278398026612,0.18336724141784622,0.9567327957984202,0.7030933355056417,0.8022278398026612,0.4442618196427519,0.2823661005257687,0.8920272542947005,0.89259852421703,0.552095171159775,0.40425731410442545,0.9124403247539328,0.9434365382697985,0.29381320957234314,0.9411986340097224,0.8960794022521559,0.9276065414570318,0.6591401878344518,0.5966863296120226,0.5402359933066601,0.707982229637204,0.9411986340097224,0.8073419023819214,0.7713990043753024,0.8950048614873412,0.6436133450657828,0.8458639564984105,0.8104596429035993,0.7365242011142288,0.9611217135538488,0.8183613504774256,0.4183427090883983,0.7432377804777193,0.5592976435655609,0.7665243135595918,0.9401109686487434,0.7907957676628273,0.8800276452998841,0.8967049201048767,0.9584048950231168,0.42517207824103675,0.4670354594524948,0.8853172535850611,0.618368633366341,0.9283704154275496,0.6766728753229143,0.5858003141647194,0.85103298326874,0.2729321700378633,0.7335433167757845,0.8532920118076435,0.2810207482451442,0.4327585659168619,0.7089865546760994,0.3576895199167849,0.8081311165025298,0.634521957655955,0.7904961686544549,0.8022278398026612,0.8225734700092833,0.7644638806064611,0.7999960359115466,0.5551922838644958,0.7604897107133464,0.8342149872161329,0.816028387757515,0.39334281552661965,0.8414232580309253,0.12305051412590551,0.8807174319218227,0.2941447805003645,0.8916469000509906,0.42211436547884607,0.7895618251049052,0.982073696570638,0.8402306540002179,0.8365319455548637,0.7664404416746766,0.7434442971955957,0.6583964305085466,0.2749443052569349,0.43262118264608684,0.7795579190089543,0.4764071213946236,0.47329851133783274,0.6818038689102357,0.8451155112420423,0.8486402706645193,0.7810179711563532,0.5914007732610733,0.7089865546760993,0.8041267614423651,0.8234248743448613,0.34074269740626106,0.4197112115574231,0.9282308144182454,0.5640299651796941,0.8513524803026208,0.7927088091538046,0.7681353069279424,0.7830080413922436,0.9178663889473686,0.7690036197824599,0.845871495127895,0.7990568456988297,0.7903153174929474,0.9004940364163532,0.8225734700092833,0.8907614131129444,0.8022278398026612,0.838119163474482,0.5313846488346465,0.4807674782858766,0.6886938936200018,0.8022278398026612,0.6187642219955689,0.3792821152279622,0.5249787446172491,0.7180664476795502,0.6254873296405825,0.6099490258564231,0.5025610115490675,0.930463121921328,0.7388308463410311,0.9430783216839178,0.5095308328850684,0.667676213985195,0.8298015015479603,0.6546492041410048,0.9352297684985353,0.8155856001785131,0.7625382005684163,0.8907614131129444,0.801010969060709,0.8164349099391166,0.8907614131129444,0.7716036057947147,0.7654163298689531,0.8590530004149177,0.5666469389389526,0.5646684643188209,0.7887187728537047,0.7999960359115466,0.7365242011142294,0.37767285012485097,0.23354872251931058,0.7958167654209827,0.8539453617971724,0.8096473470754222,0.7958167654209827,0.7958167654209827,0.9707193777672362,0.8022278398026612,0.7973792966790345,0.9501193058088383,0.8022278398026612,0.7437893388895369,0.6211058612456093,0.8227168701728211,0.8155856001785138,0.909385058694516,0.8689117280851086,0.8234248743448613,0.47548060583981777,0.33637902190464875,0.6973385908990943,0.29952612201334494,0.8022278398026612,0.6559068674297326,0.8458639564984103,0.8117426472449565,0.38448360310494756,0.6604737468470065,0.8373021566360079,0.8967049201048767,0.7048769254936254,0.9105256905413117,0.7781429858473843,0.8874655807210454,0.9845194355277598,0.7913168658345082,0.8096845465459637,0.7002334594041819,0.8637086519058848,0.939296448593359,0.7280707215884725,0.8458639564984105,0.7943597796081354,0.34413334403507123,0.8022278398026612,0.8874655807210456,0.5859709126202679,0.7988652819601518,0.509579949994102,0.7834491233257195,0.8392442071015724,0.3134317137477113,0.8164349099391168,0.4690657851113844,0.17936591960847026,0.8022278398026612,0.8022278398026612,0.9584048950231168,0.583834399191578,0.6881420589401039,0.5644648497214901,0.29619682341371323,0.5169614358686181,0.38958850126654676,0.14720506590081606,0.7384796233518409,0.2650500563202205,0.8022278398026612,0.9751365304439789,0.8225734700092833,0.8094833764446488,0.36794393770462475,0.8373021566360079,0.3748116101066453,0.8022278398026612,0.8022278398026612,0.1616840251472519,0.8022278398026619,0.15378252045639185,0.7602000973042939,0.4701847999533997,0.6082696266282195,0.9474249368874276,0.7064989854055379,0.29067953862719365,0.45819290098847176,0.8022278398026612,0.6885444555819682,0.15249534360880257,0.8381090821523731,0.9247111621301727,0.9870786558355857,0.883056124718769,0.8297183148355423,0.6982000155310899,0.7810179711563527,0.5328015802747226,0.8022278398026612,0.237181557192911,0.9439228789501477,0.5567808237645808,0.6326967100848457,0.517540335978905,0.7284016423405424,0.6043889507731768,0.49763379411524467,0.8115800187854447,0.8395727423600616,0.3857868356918077,0.9021721916778465,0.8451155112420421,0.8459513633211898,0.8865350450225611,0.2526497896590927,0.7695919367481672,0.8234248743448613,0.5456452179506396,0.7463700340709962,0.8180335093082518,0.8172174645209597,0.8094833764446483,0.7440397643218042,0.8844221790552503,0.8469527777499489,0.6713956315405545,0.9787905186531649,0.4907724314943225,0.7431708752992903,0.8807174319218225,0.8081311165025298,0.8084207299115825,0.4359140856100434,0.8286183577313593,0.7624534917969606,0.8312767533857883,0.7485286438977041,0.927507566037612,0.6347442427841385,0.8683158440519765,0.5960685443503126,0.64481046026923,0.8022278398026612,0.6255680522829321,0.9136463571360584,0.47461469844737836,0.7988652819601515,0.8830288233047456,0.7125841942671096,0.6942885818536606,0.8022278398026612,0.30773998167054506,0.3303153745888565,0.8937930165482264,0.1292275521701315,0.2119600104374274,0.15344765637006974,0.853945361797172,0.426685496096044,0.9985005314694844,0.868646947325818,0.3282828282828285,0.772237535370428,0.4283039554196417,0.8532920118076435,0.7952994429239268,0.8874655807210456,0.9128362417193112,0.8142858472151158,0.3009727541791417,0.9225920425338028,0.36155326771090657,0.9727033216394299,0.7958167654209827,0.3181995412487385,0.47329851133783274,0.6115535590124532,0.22417867260206348,0.25011387799289386,0.8022278398026612,0.23589002955756988,0.46783321697835545,0.7378838199067896,0.8022278398026612,0.25508973047936934,0.9923504136228154,0.8373021566360079,0.7722375353704285,0.8234248743448613,0.5328041469752525,0.7630798811812198,0.9225652787117218,0.8715497290124423,0.9398167694815027,0.8183613504774259,0.3213195443111987,0.8022278398026612,0.9055923746512222,0.8022278398026612,0.8227168701728212,0.6315924603530265,0.43019385043375435,0.8094833764446488,0.8334100605701313,0.7093360071301238,0.5363202010426608,0.7378838199067892,0.8022278398026612,0.6480180771332995,0.3829150884578093,0.6170046342386961,0.8503654733094679,0.6885444555819695,0.8539453617971724,0.7079822296372045,0.6746506122491649,0.8616154694210616,0.4583452043086188,0.2990805985264018,0.8616154694210616,0.7180664476795504,0.8225734700092842,0.5688755408298725,0.8616154694210616,0.8094833764446488,0.9303331792470888,0.8396138091088567,0.6442915623843128,0.7958167654209829,0.6545777982052642,0.8117426472449563,0.6715757585241641,0.670046019335357,0.9048957588805856,0.5655745286057967,0.6899771804316862,0.8176697096447177,0.7844552203124654,0.8038784348314069,0.7180664476795504,0.6334611893060753,0.5908080588805038,0.9127999551136247,0.6604737468470074,0.8358396286217766,0.8396138091088564,0.8458639564984105,0.7018389266249537,0.9509195965950101,0.8637598124150168,0.8015796896953398,0.6782696935406247,0.8225734700092833,0.8298015015479603,0.9623814293914968,0.6478186508612371,0.7858065741135538,0.8103542576307945,0.7283226930189561,0.8944481939609523,0.8721393656035643,0.7147962403369661,0.8306404201087894,0.6228949211975006,0.6560386679030019,0.7515515690890389,0.5463288771391346,0.8762737360241379,0.9602082214267222,0.817790210760611,0.9927665777481351,0.6754836127321635,0.8620437945748276,0.7954071200120822,0.886586143163953,0.9824422325068725,0.8603866669167471,0.7658508726886353,0.9407201597605479,0.8786410921926187,0.8724555326425569,0.7838192024505326,0.8458639564984103,0.8381090821523731,0.456249676598912,0.6336807201158868,0.8761423128183072,0.9571301628287096,0.37764390262731007,0.7992427115249117,0.843307994773328,0.843307994773328,0.380831624600107,0.924998161170655,0.6379027767414549,0.8458639564984105,0.42323154934669394,0.7890915444598166,0.8624031815176507,0.4897798913207776,0.8943290864932463,0.8967049201048769,0.8344672026399322,0.7372970608692759,0.8227168701728212,0.9181934684644408,0.8298015015479603
p111_F,0.7956742233970903,0.8825490680853296,0.8040092425999461,0.9455311507530764,0.6508510804143512,0.9741037694931158,0.8556713284264503,0.8832434507975664,0.9636533573576247,0.608871180492868,0.8795907732894912,0.8129420361099913,0.6304061102621362,0.871032332233665,0.8968624091935312,0.9302826825894972,0.9925690576705832,0.8628217153184261,0.9937522140875702,0.9854926765128265,0.9563118262732424,0.8766849093977229,0.9625024121535213,0.6721587646289402,0.9670487459541284,0.8917796312811817,0.9232833700357419,0.7964694266407082,0.9854926765128262,0.9825201350864283,0.8767292272696672,0.7593667525233624,0.9193839619667785,0.8627658779727194,0.725993013042993,0.9163339973465923,0.9404244238472441,0.8855640524750212,0.6295192456385066,0.8601626471580306,0.8418533304885532,0.8989586134877937,0.6790663687470532,0.838811398269929,0.972788098511996,0.7639942657905032,0.945204588509776,0.8503036531113335,0.8886639795414617,0.7829188650128037,0.6349142448440392,0.7337355471296667,0.8628217153184259,0.985218760269242,0.843876671590922,0.8856048231352784,0.8056384393076785,0.8982973238138026,0.9697711480269093,0.8917839318880127,0.9253474021941712,0.8466314274069852,0.9207375472439379,0.9633084029793544,0.955587210232753,0.9525951237500735,0.9502440628915496,0.826710354110852,0.9098542619543635,0.9612908916295111,0.8423594617770633,0.8886639795414617,0.7635639793573137,0.7133396130460864,0.8982973238138026,0.772666674745321,0.9083753558180285,0.8795907732894912,0.9554763866849187,0.9245566463845682,0.6351561336766816,0.958102892901342,0.8523725692305208,0.8475991250540167,0.8982973238138026,0.8350818158237849,0.9083753558180285,0.9841120784170854,0.6475642029553718,0.8950004825334388,0.8982973238138026,0.8040092425999463,0.9809747883816142,0.9895700925407885,0.9887137511074671,0.9811561816856698,0.8198749005903767,0.7747956902453341,0.5840218860076171,0.8348949858198524,0.8856048231352784,0.9051664401581991,0.9358682901281239,0.9481170182357885,0.7970379286395841,0.9163339973465923,0.837038360365916,0.5792461982032922,0.846509115769231,0.7401633394162197,0.8087573860550596,0.7811955890668765,0.7665176829711684,0.8652960821936626,0.9051664401581994,0.7725873312163521,0.9156071109966866,0.6790539541071395,0.9245566463845685,0.7480894974903114,0.9107162866427775,0.9901178564776814,0.873827676815808,0.8811985038024087,0.8917796312811821,0.8105480259632002,0.9016827426948626,0.9206629010639439,0.9315076677030099,0.9984480847277286,0.8971281968653817,0.9051664401581991,0.9087598936651085,0.6790663687470526,0.9232833700357419,0.9988520628029696,0.7392725338644043,0.9502440628915494,0.9087598936651085,0.891783931888013,0.7228221730039507,0.9203519494821839,0.869485939222925,0.7806251978189602,0.9966487453905557,0.8968624091935314,0.8403869537741199,0.6131914592893304,0.9741679766917546,0.6921667858042968,0.9203519494821841,0.7796754367787563,0.968775673712853,0.8011372640219567,0.8838192602026864,0.9171653119248928,0.8740511019858399,0.852180276182158,0.7340887636090154,0.8303766218577662,0.8583238367543499,0.9747191147870711,0.9581028929013422,0.6320461741987606,0.7941789388239802,0.8574165634704995,0.8627549979229873,0.8202046342072096,0.961445514732078,0.7052410351807132,0.9717363674692562,0.8950004825334388,0.8856048231352789,0.8724106822324387,0.9749362240782425,0.8712442473861117,0.9487953198046516,0.8856329311700688,0.9554971734342828,0.8929982269723444,0.8443919405308984,0.8580678773039798,0.9698112061053812,0.9954779619578477,0.825484010973172,0.7955969082806467,0.7480894974903116,0.8674263016742849,0.8825490680853297,0.9004036202971208,0.5041170450304865,0.991705682662315,0.7102314698482417,0.6293018452804241,0.6889132333858111,0.8982973238138026,0.5559337211717938,0.9273191685398654,0.7412598792993867,0.9738732888432948,0.9072772156967592,0.9589707767882764,0.8982973238138026,0.773875390903366,0.8716344770358809,0.6559488674953633,0.8982973238138026,0.9628239980582518,0.9281684931120009,0.9732192617903601,0.891827244455398,0.8546519604704221,0.9315076677030099,0.8982973238138026,0.8622266840113522,0.8982973238138027,0.8854971663887025,0.8475969617536918,0.8230439387214156,0.8982973238138026,0.7943233421396538,0.8982973238138026,0.7220411457947162,0.8141532085971919,0.8574165634704995,0.7706125802606785,0.9452045885097757,0.6360965451212057,0.8917839318880127,0.9320068308827978,0.8064106263992203,0.8572757496494621,0.9399107973013758,0.9350104408206926,0.9087598936651085,0.8418533304885532,0.7671928918977245,0.8051828270994665,0.9008938060690659,0.8547850709517304,0.87924621167182,0.6263596603377893,0.8104315638950381,0.9628544051917185,0.8982973238138026,0.7740736288169294,0.8982973238138026,0.7981977149259518,0.85478507095173,0.9253034294291269,0.9237933266762686,0.6038599484224552,0.5171920400194124,0.7362504086654431,0.873827676815808,0.8270754015318362,0.9119409794917464,0.9529975400117661,0.5342994829197281,0.8181125801224831,0.7618815066671993,0.5882816486363323,0.8950004825334388,0.958192065937577,0.7578564972380724,0.6295192456385066,0.7942588385689544,0.8616849023646733,0.9538376059860607,0.9090364487067648,0.8443741016501212,0.9667875986555685,0.5200658491767971,0.6116608399802528,0.9609459961444142,0.9163339973465923,0.857292044196885,0.8521802761821584,0.8981981738963492,0.9128346189776342,0.9163339973465923,0.8230747343794924,0.7483455640323153,0.9124768483179178,0.8393506493506497,0.9234427656660245,0.9051664401581991,0.8627658779727194,0.7175839681527578,0.8917839318880127,0.9051664401581994,0.9452045885097757,0.6453086172960032,0.9163339973465923,0.8194939834394914,0.8865012121618132,0.7904865059323101,0.8639403577162291,0.903838425521733,0.9358682901281237,0.9171653119248928,0.8917839318880125,0.9087598936651087,0.6970629719247503,0.0,0.9051664401581991,0.860162647158031,0.9563062805815832,0.679463514689508,0.5756193185098137,0.3785569676776941,0.8305661023142834,0.6973556010422965,0.6523255658207521,0.9334659979726352,0.9674296364846788,0.9470647226822544,0.9203519494821841,0.9855663611223396,0.5092252703259237,0.8420008905563074,0.9747191147870711,0.8982973238138026,0.908759893665108,0.995517599387247,0.8917796312811821,0.9163339973465923,0.7426402563634014,0.9315076677030099,0.8982973238138026,0.8738276768158078,0.9163339973465923,0.9741037694931156,0.9620692331331582,0.7955824645432583,0.8981981738963492,0.9087598936651089,0.4908415514882192,0.6909258087919781,0.9359750562413549,0.8855640524750215,0.7500613312260738,0.6544139279744576,0.93859975842519,0.7705489889993138,0.9817231968194007,0.9620692331331582,0.9245566463845685,0.6145143298162772,0.9133217982743664,0.7191715209037859,0.8886405262183212,0.8950004825334388,0.9976541586573966,0.8303766218577662,0.6360277767887403,0.7961822805208605,0.686589606234725,0.8982973238138026,0.8513771415022595,0.6150398796106475,0.916634462040957,0.9350596893811607,0.7501042415003524,0.8088684566944505,0.8982973238138026,0.8982973238138026,0.683816034707075,0.7238599227819525,0.9330534567234143,0.8982973238138027,0.9203519494821841,0.9358682901281239,0.871032332233665,0.7941789388239802,0.6939238804152125,0.9358682901281237,0.9004036202971208,0.9083753558180285,0.6977726667645141,0.6650227170903124,0.8982973238138026,0.7620728333936286,0.8574165634704995,0.6090989438735066,0.7164134885792852,0.926946616820191,0.8876676747798586,0.9051664401581991,0.647038981811755,0.8982973238138026,0.6590097200381373,0.9923887048677954,0.8971969748066664,0.9781734517880531,0.9433505326956116,0.813045587163328,0.8855640524750212,0.8982973238138026,0.7840606025325813,0.7887349126977763,0.8982973238138026,0.8341664144721782,0.7632990046055332,0.7180913246889689,0.7123365051272375,0.6320461741987605,0.8982973238138026,0.8322247068788668,0.9601916664861463,0.9124768483179178,0.8610365234667814,0.778082486002697,0.9285789674408109,0.9065377269767175,0.8131983326178944,0.945204588509776,0.6877922077922076,0.9932745204948641,0.9929979934242448,0.7139910694149845,0.9930894725906441,0.7597050886171903,0.9929979934242448,0.9087598936651085,0.8917796312811821,0.8982973238138026,0.9612908916295111,0.8469128951732101,0.915387878178058,0.7969071646879574,0.9655733010862089,0.891783931888013,0.8723620594082179,0.9791661049996256,0.891783931888013,0.9442911856940017,0.9734392564424443,0.985218760269242,0.8545605864608923,0.8520509574074737,0.8588815312388145,0.6842524411411148,0.9854926765128262,0.952160717357885,0.871015668341351,0.7325298332953796,0.9400658022383341,0.9203519494821841,0.9626868422458403,0.8953591437517912,0.9274940273483409,0.9578401256982522,0.8766849093977234,0.8051828270994665,0.8145665213807642,0.8627658779727194,0.87671361785398,0.9452412041213476,0.9880552524038386,0.9933942044579585,0.9910084019014881,0.9574199835789752,0.8672165210180758,0.7623333264881147,0.8996568258439397,0.9925690576705835,0.8796780327832869,0.8427900854983301,0.5786581167265599,0.9520400285911689,0.932006830882798,0.6842206653645473,0.9766413918962569,0.8434871489026856,0.8981981738963492,0.952629633832091,0.8131876446517081,0.9051664401581994,0.9297671151271446,0.8262289965174927,0.9350596893811607,0.6385779587592003,0.9612908916295111,0.8196852525153118,0.9068404327289781,0.955587210232753,0.9315838513038122,0.8886405262183212,0.9232833700357421,0.9667875986555683,0.5891401655413022,0.8767292272696674,0.7173298561981822,0.849600752114394,0.8950004825334388,0.8950004825334388,0.7895156208370369,0.8196843631032282,0.9579262138531626,0.7806251978189602,0.8982973238138026,0.912476848317918,0.8982973238138026,0.8982973238138026,0.7853933918944638,0.854524100222138,0.93859975842519,0.8982973238138026,0.7441796821706279,0.6621187736192736,0.9281684931120007,0.9075881164980933,0.8011372640219563,0.75792302092559,0.8354623227321034,0.9733732023302153,0.7914139135992683,0.6409572146403799,0.8663386685736083,0.9150817040227419,0.9850486261598483,0.8964728027469133,0.8089521891606017,0.8767292272696674,0.9791563095579501,0.6462579916378983,0.9720718179666326,0.9986975721475881,0.8343952307678695,0.9051664401581994,0.9098000445023833,0.8064106263992199,0.9243968498808313,0.9015112496120745,0.7289294897015867,0.8473176272509808,0.9707285038906441,0.7935329376806909,0.9677818078508611,0.8546046697323413,0.908375355818029,0.9404244238472441,0.9006001956118517,0.7519022870345201,0.850148042748943,0.9502440628915498,0.8918272444553983,0.7995738794248922,0.9611852224622515,0.8198749005903769,0.9315076677030099,0.6574503076918436,0.87964080560591,0.9245566463845685,0.725331001371541,0.8400861021485067,0.9069400111591198,0.7365746984267767,0.9400658022383344,0.6823734524908851,0.8824486986371005,0.8982973238138026,0.9087598936651085,0.8821389927482706,0.9358682901281239,0.7582263253041426,0.8381010728195253,0.9273191685398656,0.9069090419812993,0.7290809865541847,0.9460108440343082,0.6584834688849037,0.9203519494821841,0.7322942778015189,0.8616075770924676,0.8079749292513368,0.891783931888013,0.9791563095579502,0.9422265231867433,0.87924621167182,0.958102892901342,0.8994175298842654,0.9737532291466588,0.6698662428415643,0.5648527691348697,0.9602884009715161,0.7503384896691285,0.7582263253041424,0.9036261460394368,0.9674296364846791,0.9359750562413549,0.9820922138479927,0.7965043834354666,0.7740736288169291,0.9933442238788577,0.8950004825334388,0.6726804033465721,0.7329542800755011,0.9741037694931156,0.8940027737404814,0.894642818083918,0.9899569054508075,0.9563062805815834,0.8949560937756018,0.7355828540654353,0.9036261460394368,0.66006697749259,0.9887012987012989,0.9119409794917461,0.8129420361099919,0.9087598936651085,0.9741037694931158,0.8982973238138026,0.8086206400665751,0.8037685055859809,0.9622525422448113,0.8399134433261006,0.8982973238138027,0.9574334377039285,0.7814554857630511,0.8704376401717024,0.871032332233665,0.8074099974274125,0.9072772156967592,0.82066947933612,0.6378999263497358,0.9379149580268282,0.9611998435646473,0.8965320462357764,0.8427900854983297,0.912476848317918,0.84947162121353,0.8337072336310454,0.9452045885097757,0.9037073523919106,0.9245566463845685,0.9514516697356489,0.8917839318880125,0.9245566463845685,0.8825490680853296,0.8856048231352784,0.9734392564424441,0.8209708963846154,0.7882574758226728,0.9937522140875702,0.6884220467286719,0.5845775014570803,0.9316623701828688,0.8596049662397247,0.8950004825334388,0.9502440628915496,0.888640526218321,0.8950004825334388,0.8950004825334388,0.9638777185760137,0.8982973238138026,0.730288191790051,0.9341101219468471,0.8982973238138026,0.8682458143938527,0.9454261440783158,0.768967742672977,0.945204588509776,0.8719713421079067,0.9820922138479926,0.8950004825334388,0.9804263957749482,0.9625319569777703,0.8240285189514143,0.8051553388590363,0.8982973238138026,0.8828086639033632,0.934680966435494,0.8682458143938527,0.9603109281677622,0.8395099326667366,0.9163339973465923,0.9404244238472441,0.7222143569181372,0.9984480847277284,0.8738276768158082,0.898297323813803,0.8761423811272766,0.950580942382492,0.9574199835789754,0.9991253032916316,0.9442911856940017,0.9612908916295111,0.9171653119248926,0.945204588509776,0.9798804254842943,0.8018040073980148,0.8982973238138026,0.9889897772432354,0.8623427999680677,0.6559488674953633,0.794067527881311,0.8886405262183212,0.8939577832947226,0.8861077761283547,0.891783931888013,0.9658192204719487,0.6891344764244003,0.8982973238138026,0.8982973238138026,0.9006001956118519,0.7626668267978419,0.8716160182705619,0.9697711480269093,0.6534273244238442,0.7452094955649675,0.7306686948650132,0.670555707029962,0.894956093775602,0.767812052119765,0.8982973238138026,0.8503036531113333,0.9087598936651085,0.6295192456385066,0.7794597469196707,0.9163339973465923,0.9182676908874141,0.8982973238138026,0.8982973238138026,0.6145665441341672,0.8982973238138034,0.7108639016067152,0.8766849093977229,0.8027596273278783,0.8418533304885532,0.9791100127950296,0.9067994193325841,0.8416663619940729,0.75346394051989,0.8982973238138027,0.87924621167182,0.7555112230183341,0.9016827426948626,0.7240108483900582,0.8663386685736083,0.8614907656589008,0.9438851950846348,0.8850707526024728,0.6721587646289403,0.8075557700147984,0.8982973238138026,0.830069334763524,0.8899790318934315,0.8334162252912932,0.8769973962519741,0.8220753332779314,0.952160717357885,0.7403042511679195,0.7602943132589373,0.9150817040227418,0.9113291673878858,0.7505523276626649,0.9579262138531628,0.9674296364846788,0.7358894170236372,0.8765570410167721,0.84979862215215,0.593430075617598,0.9315076677030101,0.8479393617955114,0.8856048231352782,0.8792462116718203,0.9246984929024363,0.7781606149641472,0.8792462116718203,0.9763491073983368,0.9741037694931158,0.9601936064986893,0.8276288089095227,0.9403797215177441,0.9138478446145947,0.9854926765128263,0.9083753558180288,0.7747201799789141,0.7314212531422288,0.8855640524750217,0.77643485094042,0.8337072336310454,0.8295012048724393,0.7496421269337042,0.9232358484734153,0.9899569054508075,0.9554763866849186,0.9436698309710323,0.8982973238138026,0.824662837219309,0.9734392564424443,0.7747014243336982,0.608871180492868,0.9832783620912897,0.8682458143938521,0.8891590066851454,0.8982973238138026,0.9027049260340398,0.692738981817492,0.6824687930687002,0.655420627101527,0.7967179857013991,0.7022227960938563,0.9087598936651085,0.8092073482362905,0.7743259828565379,0.8394030698107127,0.7665484468358345,0.9015112496120743,0.7718940920936785,0.9245566463845682,0.9320068308827978,0.9358682901281239,0.8608441558441562,0.9688293585413836,0.7436624117005044,0.9733732023302153,0.7025879896957166,0.9889897772432359,0.8950004825334388,0.7846574121154072,0.7762748337218983,0.7920014344679196,0.6896845502374014,0.6377594477506576,0.8982973238138026,0.6321835064321497,0.762686898195698,0.8710323322336648,0.8982973238138026,0.7231400005227371,0.9870237809502926,0.9163339973465923,0.8710156683413515,0.8950004825334388,0.7963020221675783,0.5001041335009482,0.9435797529671,0.913673617458646,0.8603645741846176,0.9320068308827978,0.6582819576535388,0.8982973238138026,0.8408182974981264,0.8982973238138026,0.5891401655413022,0.8348978105545919,0.8546629999631983,0.6295192456385066,0.9022133033909757,0.9615988400138036,0.9896665565909746,0.871032332233665,0.8982973238138026,0.578782726114619,0.663364627787793,0.8584651444931901,0.9843169023487448,0.8303239302316407,0.9502440628915496,0.8498323084998982,0.7279944283798983,0.8574165634704998,0.8403869537741204,0.7348851041253295,0.8574165634704998,0.8448271155174853,0.9087598936651087,0.8104315638950381,0.8574165634704998,0.6295192456385066,0.8765570410167729,0.9433505326956113,0.8902117957459501,0.9315076677030099,0.7014514318568281,0.9281505333988453,0.9072772156967592,0.8303239302316403,0.9765064253050318,0.8763902358970053,0.598312037556783,0.7764348509404211,0.6479583942976916,0.9834727975686375,0.8710323322336653,0.8469128951732099,0.7099762588243055,0.9894588088746739,0.839509932666737,0.8886639795414617,0.5559337211717941,0.945204588509776,0.8908607110428264,0.9194901908849105,0.9932316441455897,0.8825982719080667,0.9593474269232801,0.908759893665108,0.912476848317918,0.9312945084838402,0.9341772783566888,0.9898963391511255,0.8149956267253997,0.849832308499898,0.9075881164980932,0.9049013665285814,0.9004036202971211,0.8982973238138032,0.9031167105554843,0.9289924236939666,0.9454739366115257,0.828494898348944,0.9606139512288836,0.955587210232753,0.9638777185760135,0.9051565704870831,0.8628217153184259,0.972788098511996,0.87964080560591,0.9633084029793543,0.97570681720814,0.9640916647743815,0.8795907732894912,0.9637729491088354,0.9315076677030099,0.9377001994406237,0.9090843727098146,0.9051664401581991,0.9404244238472441,0.6858413402330732,0.8549399288486845,0.9852427368613523,0.8812337662337665,0.8738210300910956,0.900461883526015,0.9273191685398656,0.9628544051917185,0.679728485247763,0.9520400285911688,0.8273272241564982,0.9051664401581994,0.744238206025859,0.8981981738963489,0.912476848317918,0.97256062108548,0.9832783620912897,0.9433505326956113,0.6088711804928679,0.8503216798204942,0.6340970598242208,0.835094388010891,0.912476848317918
p111_I,0.9594602146304667,0.8699551875944519,0.937582172017251,0.828188433041834,0.9526370111116407,0.9648659912110238,0.9950177081678189,0.8884270436691302,0.9103107362174552,0.9629078616894173,0.8752885460677958,0.9511016704226434,0.9511016704226434,0.9258186968412379,0.9519687706310139,0.9302947288966976,0.8582618811750675,0.9559982666090145,0.9552175050422179,0.8616993128705427,0.9326920846792617,0.9983948723195168,0.7192246787541408,0.9542136024350834,0.9991256173192249,0.9361160018916062,0.987327403406299,0.9858084434319018,0.8616993128705424,0.9693431848521966,0.9300668284196516,0.957509435301382,0.9467071200650465,0.9714058757497572,0.9526370111116407,0.7039801180756776,0.9542136024350834,0.8642934878799222,0.9648659912110238,0.9589376456981175,0.972830895242649,0.9373704232137268,0.9648659912110238,0.9634451361870242,0.9227946422906829,0.8835463759940585,0.9558359621451105,0.9072120922355342,0.9589376456981176,0.8991086132420372,0.957509435301382,0.7826448484325189,0.9361160018916062,0.9453030402757783,0.9467071200650463,0.933654454952398,0.9617723288059054,0.9526370111116405,0.9707442876463777,0.9180060542094436,0.9123992402861405,0.9676785343596863,0.9900588676412958,0.9061873961293252,0.8801474343127895,0.9911132832149869,0.8879369722234246,0.8656814261022983,0.9744168156815496,0.6202343224201641,0.9748006002614296,0.9589376456981176,0.9773757151292214,0.8383948208633001,0.9526370111116405,0.8941307528793181,0.8212957849062241,0.9439253608596803,0.8661586408023221,0.9648659912110236,0.995812608116145,0.9497673578995786,0.9671595166054917,0.9361160018916064,0.9526370111116405,0.8905634939977788,0.8803288140439884,0.9998167427047309,0.9011161501496316,0.9511016704226432,0.9526370111116405,0.9085235928818935,0.9697576929681274,0.9044498963757317,0.9312498291554214,0.9709117273278065,0.8748337527607468,0.917028522597876,0.8628398878670416,0.9232033712272332,0.9617723288059054,0.8949977467327623,0.9526370111116407,0.9659067856126827,0.8771955052989304,0.9610366993022685,0.9586574227081355,0.9015827120484232,0.9412414838519025,0.8404791612293148,0.6538424175338815,0.8981026726890001,0.8808482728335028,0.997640187429148,0.9558359621451105,0.8580353179335027,0.9315357783043754,0.9610366993022685,0.9428375253830148,0.8676499406085263,0.963445136187024,0.8467830997487795,0.9991256173192249,0.9300668284196516,0.6323410721108769,0.8623117216340954,0.9542136024350834,0.9378370728938005,0.9511016704226434,0.9209817665727262,0.881356890785397,0.6712483100495716,0.8879369722234245,0.9648659912110236,0.9227946422906832,0.9201023553084946,0.9592905221803274,0.8879369722234249,0.9652137684610214,0.9496037211238537,0.8788669278270553,0.9629078616894173,0.8362973223813353,0.8402945589690445,0.9170285225978759,0.9166400151447351,0.9775425324834794,0.852744627559685,0.9348776724743586,0.774700276106552,0.8616993128705424,0.9123992402861405,0.968918841903136,0.8891971954839688,0.9652137684610214,0.9348776724743586,0.9409900514513521,0.9448192234819673,0.8998492893872083,0.9953978806517948,0.9672286852092145,0.894997746732762,0.8939720406672317,0.8458639564984103,0.9439067604692684,0.9858084434319019,0.9378370728938006,0.9465146323386673,0.8147735352468607,0.8879294594533991,0.6817430373427276,0.9511016704226432,0.933654454952398,0.9875518066547833,0.8965891561155479,0.8986014871672825,0.9610366993022685,0.9837171114810386,0.8363589383110767,0.8941307528793181,0.9177151699279686,0.896115621301983,0.7003392882016635,0.9511016704226434,0.9309867468047908,0.971887349837368,0.8676499406085261,0.9491737766988708,0.9453030402757782,0.9722155622930323,0.9842011665427952,0.9934680088001508,0.8879962884971373,0.8641655417688414,0.95466724533758,0.9526370111116405,0.9542136024350834,0.9496037211238535,0.9072120922355342,0.9011383376492731,0.9375821720172512,0.9128870094924401,0.9526370111116405,0.812105547424323,0.8641655417688414,0.9629078616894173,0.9526370111116405,0.9983872930599273,0.9665480300996037,0.968848707670247,0.9330323576683236,0.9628947117876525,0.9808926695348984,0.9526370111116405,0.9318413189001247,0.9526370111116403,0.9465377066282388,0.9282111328653387,0.8696130869382033,0.9526370111116405,0.9276797318633756,0.9526370111116405,0.9116348241084864,0.9560815611946234,0.847649466254242,0.9380673100517983,0.8204146011716987,0.8166739329437198,0.9496037211238537,0.9967391619170713,0.9425720985427191,0.7071887142509036,0.8967110403534027,0.9243180392978652,0.957509435301382,0.9061873961293253,0.9489388080389437,0.9917747991232295,0.817546829021025,0.9209817665727265,0.9209817665727262,0.948139835478085,0.8467830997487794,0.9496037211238535,0.9526370111116405,0.9505241704836669,0.9526370111116405,0.9036981045786225,0.9665480300996037,0.957509435301382,0.9839674685144804,0.8166739329437197,0.9542136024350834,0.9198856874256709,0.9991256173192244,0.9063102527045164,0.9355505770919704,0.8705954752723886,0.9558359621451105,0.8402945589690446,0.9799577055509368,0.8547546403115025,0.9511016704226432,0.9592404230051592,0.9725029014633766,0.9648659912110238,0.93558658751122,0.9669869402855737,0.9373704232137268,0.8794015740660155,0.8337321114138483,0.957509435301382,0.8911735721146645,0.9619647737944322,0.9130992715289874,0.9610366993022685,0.8404791612293145,0.9198856874256713,0.8381767234348843,0.887094058700898,0.9610366993022685,0.8617298618427942,0.9592563973027501,0.9604535056538153,0.945204588509776,0.8770035649415355,0.9558359621451105,0.8402427784426746,0.8200790560505895,0.9842011665427951,0.9558359621451105,0.8204146011716984,0.7950937914413696,0.7877259137311909,0.81216170280015,0.8976747065462736,0.9210904902002871,0.951035442828644,0.9552175050422179,0.8374011676109451,0.9058453047843557,0.8518109418760926,0.957509435301382,0.8155856001785133,0.9051664401581991,0.0,0.9348776724743586,0.922085571782991,0.8660580870229153,0.9155711502428494,0.9291067501802863,0.9916613732433704,0.9526781858887836,0.9097101580843074,0.8732001770268929,0.6863064874305016,0.9103107362174554,0.9629078616894176,0.9714058757497572,0.9665480300996037,0.8674571939371439,0.9558359621451105,0.9526370111116405,0.9575094353013818,0.9505241704836671,0.9559982666090147,0.9610366993022685,0.9592404230051592,0.776875689407524,0.9526370111116405,0.9429902492134529,0.9610366993022685,0.9648659912110236,0.8643746278148465,0.9174349186805673,0.9497673578995789,0.957509435301382,0.8446109430683044,0.7854849641560677,0.9991256173192249,0.9467071200650465,0.9251942656894034,0.9558359621451105,0.9815062877983509,0.8398896489883634,0.9453030402757783,0.9166400151447349,0.5736515917591678,0.8114701760536349,0.8873306148945663,0.8830740720259549,0.9873274034062991,0.9511016704226432,0.9769855193139066,0.8839367949745333,0.8504636644420462,0.8211902596649279,0.8308988379743552,0.9526370111116405,0.9294700296273191,0.969757263765453,0.8839976290929884,0.969757263765453,0.9629078616894173,0.8879294594533993,0.9526370111116405,0.9526370111116405,0.9348776724743586,0.9934680088001508,0.9309867468047907,0.9526370111116403,0.9629078616894176,0.9073884413700835,0.9746338287409402,0.9439067604692684,0.8942600569458918,0.6974266200926695,0.9722155622930323,0.8803288140439884,0.8116739797859962,0.844253592051414,0.9526370111116405,0.8924948979993265,0.893702458646795,0.8517897486998736,0.8843313474963683,0.8733268646478034,0.9476867780601508,0.9558359621451105,0.8400240699667674,0.9526370111116405,0.7965069792215311,0.9559982666090145,0.964383511143408,0.9399083771675286,0.9542136024350834,0.9384758066320342,0.8012936905282451,0.9526370111116405,0.9031349604797552,0.9088294956035704,0.9526370111116405,0.9783400888843532,0.8689972778395758,0.7959075277121457,0.8354401497332641,0.8155856001785131,0.9526370111116405,0.8843313474963684,0.865681426102298,0.8801474343127894,0.9421240707427695,0.8354401497332642,0.9134510531460027,0.914508262091398,0.8204656595098911,0.9558359621451105,0.9346809664354945,0.8941307528793181,0.8896463743514132,0.8627197720675648,0.8711641645134682,0.9467391969089458,0.9399319300513138,0.957509435301382,0.9900588676412958,0.9526370111116405,0.787725913731191,0.9082407355488131,0.9172241070990339,0.9439253608596803,0.964510512828171,0.9496037211238537,0.9159382547516708,0.8292821462222395,0.9496037211238537,0.9355505770919704,0.9526370111116407,0.5620522340448343,0.9232615458212055,0.8817960823258058,0.9610366993022685,0.8567565353887991,0.9629078616894176,0.9931163690142986,0.9464536062171708,0.9354686755265829,0.998394872319517,0.9493957255905624,0.9750651530996967,0.9681385641755447,0.9854707104323213,0.9373704232137268,0.9425720985427191,0.8844733149580837,0.9558359621451105,0.8402427784426746,0.932503659033307,0.8852715588713491,0.9386420076357269,0.9061873961293252,0.9439253608596805,0.9300668284196516,0.8949125525517202,0.8479801828769817,0.920977133636502,0.7937291200594516,0.8572588068769817,0.8724625431560951,0.9765510393593577,0.9386420076357269,0.946453606217171,0.8324232135220864,0.9439253608596805,0.9094330595070304,0.9386420076357271,0.987885706373519,0.9212414462924949,0.8949977467327619,0.8879294594533991,0.8571276552686214,0.9371232414100348,0.9465146323386673,0.9610366993022685,0.8704000267574201,0.9375821720172512,0.9592404230051592,0.6173845042914745,0.987327403406299,0.9481398354780852,0.9652137684610214,0.9610366993022685,0.8695186279171856,0.7594883020057128,0.9026102890296365,0.9128870094924401,0.9511016704226434,0.8352434350141635,0.9160269146595146,0.948139835478085,0.9450419189054637,0.9526370111116405,0.9592404230051592,0.9526370111116405,0.9526370111116405,0.8309916996778284,0.939931930051314,0.9815062877983506,0.9526370111116405,0.8222967889645653,0.848697758622408,0.9665480300996037,0.9938590374229357,0.8197255958270911,0.8167620273274685,0.9934680088001508,0.9092735418441047,0.8507258744656063,0.9467071200650463,0.8941307528793181,0.9592404230051592,0.983682988822291,0.8830740720259551,0.9318413189001247,0.9801704643354423,0.9467071200650463,0.9496037211238535,0.9604140341855054,0.9604535056538153,0.9784081623729504,0.9558359621451105,0.8490355468911472,0.9425720985427188,0.9529449740547578,0.9967391619170713,0.8587509369841102,0.9288957400617388,0.9123992402861407,0.9399319300513138,0.9730862985612763,0.9558359621451105,0.9425720985427191,0.9542136024350834,0.8997208604511799,0.8666662211060934,0.8949125525517203,0.957509435301382,0.9010523009261007,0.9481398354780852,0.9143598368914287,0.9888613523099014,0.9128870094924401,0.8517897486998736,0.8147735352468608,0.9648659912110236,0.7864057866094465,0.8567565353887989,0.9092735418441047,0.8499491840936453,0.9425720985427188,0.9134510531460027,0.9635410260276625,0.9526370111116405,0.957509435301382,0.9220855717829912,0.9526370111116407,0.8940589330526697,0.9425720985427188,0.9180060542094438,0.9312498291554214,0.8133482612876616,0.9967391619170713,0.8178422485024099,0.9629078616894176,0.7705531152105058,0.9439253608596803,0.8754910501451354,0.9496037211238537,0.9902930825832765,0.9885291785887991,0.9423194428466415,0.9497673578995788,0.8441193845389972,0.8882143738454915,0.9023076433234847,0.8725553212046713,0.9815062877983506,0.8738328753514066,0.8268173354312577,0.9300668284196516,0.9629078616894176,0.942990249213453,0.9542136024350834,0.8647608924873071,0.9505241704836671,0.9001110559421437,0.9511016704226432,0.9908845623912688,0.9889283662217264,0.9648659912110236,0.9232615458212055,0.9558359621451105,0.9371232414100349,0.8937024586467949,0.9373704232137268,0.9491737766988708,0.9300668284196516,0.9412414838519025,0.9051664401581992,0.94392536085968,0.9511016704226434,0.957509435301382,0.9648659912110236,0.9526370111116405,0.9243180392978652,0.818569136504338,0.8808482728335028,0.979275010656812,0.9526370111116403,0.9646845944942746,0.8231075637846319,0.9123992402861405,0.9746338287409401,0.910310736217455,0.8700500341066798,0.9255818465700858,0.9807461421272916,0.932445449857132,0.8339927294052223,0.8933378821185829,0.9871769404803682,0.9592404230051592,0.9669745722372084,0.9094857206850571,0.894997746732762,0.8967531793197643,0.8505410419770535,0.9839674685144806,0.9496037211238535,0.9648659912110236,0.945303040275778,0.8571991125642087,0.9526370111116407,0.9236703803405708,0.9230780328727827,0.9610366993022688,0.9526370111116407,0.9425720985427191,0.8441193845389973,0.876142312818307,0.9511016704226432,0.8879369722234247,0.948139835478085,0.9511016704226432,0.9511016704226432,0.9243180392978653,0.9526370111116405,0.948139835478085,0.9134510531460027,0.9526370111116405,0.8381767234348844,0.9745849270782072,0.9610366993022685,0.9558359621451105,0.9592404230051592,0.9542136024350834,0.9511016704226432,0.8884270436691302,0.9009385953642843,0.9399319300513138,0.8517363824474662,0.9526370111116405,0.6602438663677906,0.9558359621451105,0.994437324868074,0.9815167787252908,0.9994802933865738,0.9610366993022685,0.9014502300031322,0.9991256173192249,0.987885706373519,0.9412414838519025,0.9073884413700833,0.8511869157928871,0.9265867198367659,0.9697258997487671,0.9131632661895819,0.995812608116145,0.9610366993022685,0.9058453047843558,0.9558359621451105,0.9586574227081355,0.852744627559685,0.9526370111116405,0.9526370111116407,0.99988951826069,0.9629078616894176,0.9297047108643931,0.9873274034062991,0.815026515043621,0.9291868988815264,0.9496037211238537,0.8954869160069548,0.8592700756594802,0.9526370111116405,0.9526370111116405,0.9899175865127545,0.9676785343596862,0.9917747991232293,0.9381869901995563,0.8879294594533995,0.8966760243125667,0.863117355928886,0.8435406859332615,0.898102672689,0.9783140079913857,0.9526370111116405,0.9072120922355342,0.957509435301382,0.9648659912110238,0.8133482612876617,0.9610366993022685,0.8738328753514064,0.9526370111116405,0.9526370111116405,0.9092993634680371,0.8374011676109453,0.8868343146292696,0.9425720985427191,0.9674184374883311,0.9465146323386673,0.932445449857132,0.851849186614623,0.9085606356157014,0.9585367020978055,0.9526370111116403,0.987885706373519,0.8299192991696216,0.9542136024350834,0.9610366993022685,0.9937923149342884,0.9354961779469575,0.9604370865528187,0.983682988822291,0.9542136024350834,0.7640029251117031,0.9526370111116405,0.8383948208632999,0.983682988822291,0.9061873961293252,0.8381369010000772,0.9549771224601906,0.945303040275778,0.9113525537588965,0.7746021087667417,0.9592404230051592,0.877446546739326,0.8715757257382066,0.9481398354780852,0.9493957255905625,0.7793733011421318,0.9900588676412958,0.8255892557605067,0.957509435301382,0.9511016704226432,0.8842921321245034,0.9617723288059051,0.8511869157928869,0.9769855193139065,0.9648659912110236,0.9665480300996037,0.9648659912110238,0.9648659912110236,0.9257239435976461,0.9730862985612765,0.9031349604797552,0.9526370111116407,0.9629078616894173,0.9425720985427188,0.9425720985427188,0.8116739797859962,0.9467071200650468,0.9511016704226434,0.9094857206850572,0.9011161501496316,0.9542136024350834,0.8855847170568544,0.9231975163531969,0.8352434350141633,0.8144495911033476,0.9526370111116405,0.9085235928818935,0.9773757151292213,0.9243545721229425,0.9629078616894173,0.9373704232137268,0.9497673578995788,0.9649212652990378,0.9526370111116405,0.8178422485024099,0.7560495458914246,0.9386420076357269,0.8189630840562674,0.8383948208633001,0.8255892557605067,0.957509435301382,0.8959232789032516,0.919033165416029,0.9707442876463777,0.9669773817779975,0.9967391619170713,0.8901195642153064,0.8505410419770532,0.8896463743514132,0.9526370111116407,0.9852427368613523,0.6934759411293078,0.8497130258115502,0.9092735418441047,0.8413535056044903,0.9526370111116407,0.9511016704226432,0.852744627559685,0.8604381342419637,0.9784081623729504,0.8217667418575592,0.7993052872604909,0.9526370111116405,0.8027832026517654,0.8565991655930572,0.8281884330418336,0.9526370111116405,0.8507258744656063,0.8642934878799222,0.9610366993022685,0.9967391619170718,0.9511016704226432,0.7561937765597111,0.9361160018916065,0.9836644955542195,0.933654454952398,0.7414459598204886,0.8328391424856558,0.7773263884392076,0.9526370111116405,0.964510512828171,0.9526370111116405,0.9610366993022685,0.8099851764138049,0.8921529459435535,0.9648659912110238,0.9312498291554212,0.881630836622518,0.9113525537588965,0.9765510393593577,0.9526370111116405,0.9376033950120523,0.8947718849987465,0.9585367020978055,0.8695186279171858,0.9209817665727267,0.5015529910354438,0.9300668284196516,0.9288957400617388,0.922085571782991,0.9001110559421437,0.8294595995241212,0.922085571782991,0.7305581692424298,0.957509435301382,0.9210904902002871,0.922085571782991,0.9648659912110238,0.9559982666090147,0.9542136024350834,0.7724757092972716,0.9511016704226434,0.9288957400617388,0.994437324868074,0.8991086132420372,0.9665480300996037,0.9399319300513138,0.9198856874256716,0.9348776724743586,0.9511016704226434,0.9983948723195168,0.9770480843972957,0.9277359074596556,0.764294935250724,0.9074116486170116,0.9619299081647257,0.9575139843524123,0.9348776724743584,0.9542136024350834,0.8949977467327622,0.9280270998509558,0.9790460413412314,0.9324454498571317,0.9839674685144806,0.9072120922355342,0.957509435301382,0.9592404230051592,0.9879781590338743,0.982045156274965,0.9097206700803182,0.9231975163531969,0.9801704643354423,0.961074221084093,0.9991256173192247,0.9722155622930323,0.837401167610945,0.9424505244031278,0.9703171020126445,0.9919066722185295,0.9072120922355342,0.9572754220823072,0.8801474343127896,0.8402427784426744,0.9908764668187224,0.9361160018916062,0.9227946422906832,0.9671595166054915,0.9868418685480091,0.98512650780359,0.9866401524377002,0.9439253608596803,0.9831290436676912,0.9128870094924402,0.8911663603911604,0.980602188182685,0.8949977467327623,0.9542136024350834,0.8941307528793181,0.9324454498571313,0.8949977467327621,0.9852427368613523,0.872555321204671,0.9924108112436552,0.9496037211238535,0.9180060542094439,0.9062630668618084,0.9497673578995788,0.9917747991232293,0.9558359621451105,0.8686326671635052,0.9497673578995789,0.9592404230051592,0.9001110559421437,0.9529449740547579,0.9542136024350834,0.9629078616894173,0.9302947288966976,0.9610366993022685,0.830898837974355,0.9592404230051592
p111_V,0.8037627106407697,0.7737988015062884,0.7105687968424175,0.9629411142488209,0.9301606414450723,0.9481929520311925,0.8518430299413013,0.8484850153114877,0.8677481975092114,0.945305581259918,0.9173148291382114,0.9278966962971926,0.9278966962971926,0.932811085323641,0.9706124859248633,0.868878538885111,0.9235293061149328,0.2110127692391971,0.942546448360206,0.945305581259918,0.5662743245880426,0.9573422906623259,0.9114262935403588,0.9838585814857688,0.9133573033767912,0.9057994954598185,0.9694672365613162,0.885110846748371,0.9922673407988161,0.9261368987981033,0.9325461471620269,0.937345301619732,0.36103637741689165,0.9889617959260075,0.9799813907590402,0.942546448360206,0.9324854129452831,0.9888899454936778,0.9481929520311925,0.8314683717743773,0.5641894795549383,0.9076492093936457,0.9481929520311925,0.880261583243356,0.8467810416531494,0.6803001481072208,0.9348776724743586,0.8631790748003907,0.9826444393697191,0.8512300448035055,0.937345301619732,0.6513963125316033,0.9441989622120355,0.9193462939797008,0.9214166876382093,0.902169807736934,0.9861688348869461,0.9301606414450723,0.8410971280095757,0.925687886831601,0.8708278127936295,0.8569052802857777,0.9790021042835308,0.6790179629518054,0.888603568272267,0.8026938763442295,0.9923551296406039,0.8490360114921607,0.9317391554400475,0.87860911032846,0.9603905662258043,0.9039735099337756,0.930160641445072,0.7617041847450774,0.9301606414450723,0.7040094904709999,0.9573422906623259,0.8681962088300326,0.7570572912227629,0.9204037308984991,0.9173148291382114,0.9492423737771563,0.8986240534007526,0.4798090365047093,0.9301606414450723,0.881243199260502,0.9573422906623259,0.7529881658860427,0.8541902695104426,0.9278966962971924,0.9301606414450723,0.8748942312251947,0.6977317462736228,0.8474387831237271,0.8986240534007526,0.8631790748003908,0.8540882949792611,0.6999956347234355,0.7523634768121836,0.7507878712472877,0.9117279299695329,0.9879700133881204,0.930160641445072,0.9344940840195742,0.8964283957444485,0.942546448360206,0.9330721994137876,0.7643064205418855,0.9133573033767914,0.8091541747539734,0.892418408800612,0.8190726528861472,0.7346965719236453,0.9990667538999465,0.9348776724743586,0.7020592777806827,0.992980876159153,0.942546448360206,0.9861053894336534,0.8285391598107985,0.8802615832433562,0.8930892657088837,0.8806173188769298,0.8968796530895526,0.940602637531314,0.9717553817418775,0.9324854129452831,0.8570520663595736,0.9278966962971926,0.9159197701772375,0.8250541437737124,0.9348776724743586,0.7876055582759075,0.9481929520311925,0.9386569025459168,0.7546466064814382,0.8593655440582151,0.937345301619732,0.937345301619732,0.9728091693196088,0.8152140147755889,0.9453055812599178,0.88872813613608,0.9029830696099471,0.8872054689129858,0.8770810709357255,0.8802681711979425,0.8056009094279597,0.9039735099337758,0.6892059529765251,0.945305581259918,0.9009164784975774,0.9861272489354247,0.7230751290785535,0.9923551296406039,0.9039735099337762,0.9952763784121978,0.5723740403384079,0.9451210156505687,0.9217745823086678,0.8861024938085996,0.9879700133881204,0.8918850562014596,0.7496245029951332,0.6602083650716593,0.9834599236267052,0.8570520663595738,0.5067752378565076,0.8986240534007521,0.8331098744594567,0.8633125517052826,0.9763068251524243,0.902169807736934,0.9420237341191512,0.9628750536585025,0.9343739182315294,0.9425464483602062,0.8469234123385463,0.9578919796442651,0.5710387268253756,0.8786664463981007,0.8468167119003356,0.9489483824282394,0.9278966962971926,0.8300652029984738,0.9903121568594568,0.8522358354277613,0.8938342322827075,0.9193462939797008,0.9288612935126355,0.9256878868316012,0.8973461330227013,0.7171265940820497,0.7323753884960307,0.9310051442015237,0.9301606414450723,0.9324854129452831,0.9256878868316012,0.8920984402161447,0.6201913614572456,0.8786176172006357,0.9278966962971926,0.9301606414450723,0.6896147420974397,0.7752212150536191,0.945305581259918,0.9301606414450723,0.8826325999391227,0.8834832246395521,0.8970782185921162,0.8742564753918105,0.9516803080213927,0.9268729171371121,0.9301606414450723,0.8254879058389587,0.9301606414450723,0.7629288364281739,0.6570148271331187,0.6426327501322993,0.9301606414450723,0.9514830230284641,0.9301606414450723,0.815907938287497,0.9027254843534636,0.9181909994949607,0.7406733518957958,0.9058453047843559,0.749522415713086,0.925687886831601,0.9114262935403585,0.915319368665986,0.9787288586866358,0.8995890864676832,0.8884027441326572,0.7325957302550351,0.9190823451591565,0.8497555614289232,0.6052212504457015,0.9998289926346612,0.8834832246395521,0.8834832246395521,0.9235293061149328,0.8930892657088837,0.9256878868316012,0.9301606414450723,0.8662187967802519,0.9301606414450723,0.9330184851058549,0.954334047672019,0.9373453016197317,0.9370632386318549,0.7281488451023697,0.9324854129452831,0.8818669950401861,0.9545623789260469,0.8716921083560702,0.9602126215445626,0.8091858387065831,0.9348776724743586,0.9278380262346432,0.7538533298617707,0.7858276474562274,0.9278966962971924,0.9398977391608507,0.6805159103889822,0.9481929520311925,0.8379276408825633,0.8155751613542837,0.9076492093936459,0.7817892121171828,0.9202829442340821,0.9373453016197317,0.791720408930128,0.742814802139506,0.7588854602404405,0.942546448360206,0.7647776604185785,0.8818669950401856,0.9316031987068063,0.931335573118169,0.942546448360206,0.808275913329482,0.7661961693528565,0.9970639700164783,0.6553147023236466,0.7590647512777449,0.9348776724743584,0.8884027441326574,0.7346965719236456,0.925687886831601,0.9348776724743586,0.9879700133881204,0.6748123582811758,0.9425464483602062,0.7230219946758532,0.8239623708568529,0.6815050920146597,0.8543655611126781,0.9382239240989048,0.97998139075904,0.793674354875542,0.9800695481923838,0.9373453016197317,0.7280707215884723,0.860162647158031,0.9348776724743586,0.0,0.885110846748371,0.7526768908017489,0.8755049702528588,0.8409735269221554,0.9731861601478647,0.8430998499514377,0.8221638595327299,0.9253463803172304,0.945305581259918,0.8677481975092116,0.9453055812599183,0.9775185201428763,0.8834832246395516,0.9700428001882816,0.9348776724743586,0.9301606414450723,0.9373453016197322,0.8955832386010321,0.7870047705224475,0.942546448360206,0.939897739160851,0.9752830459923437,0.9301606414450723,0.9957674544753028,0.942546448360206,0.7232987552930363,0.9394353475951507,0.780793073114793,0.9713213412121521,0.9373453016197317,0.793222681826004,0.6139511388858898,0.9133573033767914,0.9214166876382093,0.7422442373622173,0.9348776724743586,0.9219224280637743,0.6723785442252604,0.9193462939797008,0.8770810709357255,0.9481929520311925,0.7204746119451828,0.8434397844184089,0.7375118896297241,0.9845948329923001,0.9278966962971924,0.9260693029293159,0.8666412439971053,0.7346965719236453,0.7579855823726573,0.6584405651816261,0.9301606414450723,0.79903029047136,0.8867504707956384,0.8386371482718188,0.9530379936367415,0.945305581259918,0.810207456733951,0.9301606414450723,0.9301606414450723,0.9039735099337756,0.8677481975092118,0.9321984580010819,0.9301606414450723,0.9453055812599183,0.9203771106130237,0.9976903810580005,0.6602083650716593,0.7323753884960307,0.930160641445072,0.9992556488110438,0.7905201773596358,0.6282831561821732,0.6791019640865545,0.9301606414450723,0.6453734063249512,0.8526249482427383,0.7142865765311992,0.7179800300914723,0.8584669382142271,0.9193394647484303,0.9348776724743586,0.7196161675207442,0.9301606414450723,0.6554198825938784,0.9057994954598185,0.8300652029984736,0.6335458598293582,0.9324854129452833,0.7645361922897128,0.764656528323395,0.9301606414450723,0.8571671175052398,0.7745780568529612,0.9301606414450723,0.8951528182413435,0.9110901111330121,0.762393479049932,0.665494836334634,0.7280707215884723,0.9301606414450723,0.9186294568159501,0.8254879058389586,0.939897739160851,0.9124692013550448,0.8767993777130122,0.87237876929314,0.8739376826205696,0.9460767655266511,0.9348776724743586,0.860162647158031,0.8438899131338653,0.8055043576775878,0.7975726767650841,0.9228283301724232,0.7322842287112798,0.9114262935403588,0.937345301619732,0.9406026375313141,0.9301606414450723,0.942546448360206,0.6690902812194865,0.9820008012529056,0.9173148291382116,0.9003870625528829,0.9256878868316012,0.7178241902128166,0.9647682499737457,0.9256878868316012,0.825298416423682,0.930160641445072,0.9631827089102742,0.7302762858769425,0.8066745118424046,0.942546448360206,0.7887795529709354,0.9453055812599183,0.9929808761591529,0.9518647719377948,0.8556175660999659,0.9153193686659862,0.945305581259918,0.7372612750885121,0.885110846748371,0.8786176172006355,0.9076492093936459,0.4123138793925838,0.9249476804218122,0.9348776724743586,0.9219224280637739,0.9477894660083728,0.7372591852241528,0.8918850562014597,0.8616681034607225,0.9173148291382114,0.8968796530895524,0.9711439321333816,0.9066346643308734,0.8920018824806507,0.9235293061149328,0.7661961693528567,0.9324845735813609,0.8934425806304631,0.9095242312718106,0.9114262935403588,0.6608116058079472,0.9602126215445626,0.7850046728865261,0.9095242312718106,0.9807928612526091,0.9736204603374744,0.9348776724743586,0.777549024206944,0.6512046762044339,0.8867504707956388,0.8616681034607221,0.9425464483602062,0.9583993585096766,0.9060051895977657,0.9970639700164783,0.9834599236267052,0.9235293061149326,0.9235293061149332,0.9923551296406041,0.942546448360206,0.8534548884031268,0.6216987847322835,0.48407817703813205,0.9278966962971926,0.9278966962971926,0.7790644167304983,0.963418914474111,0.923529306114933,0.8035632431111628,0.9301606414450723,0.939897739160851,0.9301606414450723,0.9301606414450723,0.7507878712472877,0.9114262935403588,0.9889617959260069,0.9301606414450723,0.7379667423202654,0.7768964388915287,0.883483224639552,0.9376007728795195,0.6971745548273525,0.7483276205739188,0.9842621249233409,0.8662187967802528,0.7798870083823577,0.9214166876382088,0.8704840658629899,0.9398977391608507,0.8867504707956382,0.7375118896297241,0.8019398001857565,0.8177883943306525,0.9214166876382093,0.9728091693196088,0.7185287162514711,0.939897739160851,0.8617527153974611,0.9348776724743586,0.8476272710420703,0.9153193686659862,0.9076492093936459,0.9114262935403585,0.7917204089301286,0.8951528182413435,0.8708278127936302,0.9114262935403585,0.9239801676302792,0.9348776724743586,0.9153193686659855,0.9324854129452833,0.9781774005616108,0.8033919351330521,0.6316406692003,0.937345301619732,0.7241777964752277,0.9235293061149332,0.7393559426263296,0.5023470811393522,0.9752830459923437,0.7142865765311994,0.9347829309054407,0.9481929520311925,0.6618907255388649,0.8347000573825085,0.8662187967802522,0.6878336405222061,0.8745660213523159,0.87237876929314,0.8640981341508671,0.9301606414450723,0.937345301619732,0.9506768980005937,0.930160641445072,0.6882187709370142,0.9153193686659862,0.9256878868316012,0.8986240534007521,0.9204132329939232,0.8055043576775879,0.7313982749191243,0.6801319510924899,0.8118432342989866,0.9602126215445626,0.8164046358495625,0.9256878868316012,0.9662633710722657,0.7994460081487627,0.8570244110589613,0.8521669136961143,0.7884702601913869,0.8351658835405413,0.6746370074611969,0.8120757404207617,0.9219224280637734,0.7678326855976587,0.5446200879780432,0.8968796530895524,0.9453055812599183,0.9218223944261854,0.9324854129452831,0.7021821604209391,0.9249476804218122,0.8527082022595005,0.9278966962971924,0.6789958761224528,0.6061360361926784,0.9481929520311925,0.8593655440582151,0.9589376456981175,0.8812431992605019,0.9178938723744825,0.46771504724588153,0.9229725980492285,0.9682126412345013,0.9133573033767914,0.6838160347070774,0.3963204923601643,0.9278966962971926,0.937345301619732,0.9481929520311925,0.9301606414450723,0.9219224280637737,0.6509732647920828,0.7563259893357819,0.9403725843137768,0.9301606414450723,0.8656858912107348,0.624232718262059,0.8708278127936304,0.9976903810580007,0.629086898761468,0.9570569484165847,0.8366151086510358,0.9624379564726331,0.9003870625528831,0.9787288586866358,0.7946511399266389,0.5514048098493591,0.9970639700164783,0.9869589941158469,0.9861688348869461,0.9058453047843557,0.9807928612526089,0.723298755293036,0.9737394147108269,0.9256878868316014,0.7232987552930363,0.9631827089102738,0.9393902601956408,0.930160641445072,0.762393479049932,0.7118290897649862,0.942546448360206,0.930160641445072,0.9153193686659862,0.7029541149985307,0.7496245029951332,0.9278966962971924,0.9373453016197317,0.9694672365613166,0.9278966962971924,0.9278966962971924,0.8884027441326574,0.9301606414450723,0.9235293061149328,0.9330721994137876,0.9301606414450723,0.8918850562014595,0.9858554770474957,0.9425464483602062,0.9348776724743586,0.939897739160851,0.9324854129452831,0.9278966962971924,0.7004740174209101,0.8048424841938357,0.9114262935403588,0.7813770585443973,0.9301606414450723,0.8241540801036231,0.9348776724743586,0.9492423737771563,0.737630524437582,0.8739376826205694,0.7593794827875704,0.9838585814857688,0.9133573033767914,0.9218975021343327,0.9133573033767912,0.9301606414450723,0.8834832246395519,0.891748039632827,0.9325461471620269,0.891311839988673,0.8681962088300329,0.942546448360206,0.982644439369719,0.9348776724743586,0.8848475102242703,0.7828637719794278,0.9301606414450723,0.9799813907590404,0.6412914293183496,0.945305581259918,0.7273329990114636,0.9694672365613164,0.8681962088300327,0.8467764459898994,0.9256878868316012,0.7984323030650616,0.7466435287498894,0.9301606414450723,0.9301606414450723,0.9139704635473276,0.8569052802857778,0.9282301104742863,0.7267183968151554,0.8331098744594567,0.7090858635681913,0.6769077709247109,0.7247127539531708,0.8971521208062061,0.7863087827580382,0.9301606414450723,0.8631790748003905,0.937345301619732,0.9481929520311925,0.630927300257533,0.942546448360206,0.7678326855976583,0.9301606414450723,0.9301606414450723,0.7105522004474638,0.9701978599269916,0.7002511927790451,0.9153193686659862,0.5352056891185372,0.6503108421025884,0.9003870625528831,0.9190823451591561,0.7723826870556434,0.5787859503855366,0.9301606414450723,0.9807928612526089,0.749206557116465,0.9838585814857688,0.942546448360206,0.8970782185921156,0.8739562749275969,0.9046789607562873,0.9861817550572931,0.9324854129452831,0.7657830207007719,0.9301606414450723,0.7617041847450774,0.9530379936367415,0.8616681034607234,0.9997737769100525,0.6509732647920832,0.919346293979701,0.8692844153563806,0.9434993673774161,0.939897739160851,0.7878341688333362,0.8346469999931954,0.9235293061149328,0.9453055812599183,0.8934425806304629,0.9057994954598187,0.7428216675369566,0.937345301619732,0.9278966962971924,0.8293823202072206,0.902169807736934,0.9807928612526089,0.9260693029293157,0.9481929520311925,0.8834832246395516,0.9481929520311925,0.9481929520311922,0.8401367850119452,0.8900683556162932,0.8571671175052407,0.930160641445072,0.9453055812599183,0.9993652126586656,0.9153193686659862,0.985239167942683,0.36103637741689343,0.9278966962971926,0.9393902601956408,0.8541902695104422,0.9838585814857685,0.8480861227389748,0.9198942322161898,0.8908287006534702,0.9290125122194963,0.9301606414450723,0.8748942312251947,0.930160641445072,0.7323753884960307,0.945305581259918,0.8971521208062063,0.9095242312718117,0.9432284341049693,0.9301606414450723,0.7313982749191243,0.6618907255388647,0.9095242312718113,0.7330510092157585,0.7617041847450774,0.7428216675369566,0.937345301619732,0.7554980628970187,0.8560122921849622,0.8347645156089728,0.7115309618383474,0.9923032503352311,0.96495298756694,0.9204037308984991,0.9114262935403585,0.8207356119850878,0.8886639795414621,0.9417675268326104,0.7783935067691217,0.8955832386010325,0.6746370074611969,0.9799813907590402,0.9278966962971924,0.7828637719794276,0.7121518847635095,0.9460767655266511,0.6929145667756802,0.7025312470949157,0.9301606414450723,0.7306071484122403,0.705917828577862,0.8633125517052824,0.9301606414450723,0.7798870083823577,0.7198098448893385,0.942546448360206,0.9518647719377951,0.9278966962971924,0.6372141418844,0.9441989622120356,0.8586624125474209,0.9861688348869461,0.9657791214744027,0.8863813144724596,0.6483587193679015,0.9301606414450723,0.9003870625528831,0.9301606414450723,0.942546448360206,0.9609000433629185,0.8409735269221552,0.9481929520311925,0.8986240534007521,0.754638524651669,0.8692844153563808,0.9976903810580005,0.9301606414450723,0.7916633247069992,0.7978171262544578,0.9802994094637709,0.9961208646930242,0.5975320467574783,0.9373453016197317,0.5324564417508575,0.8951528182413435,0.9178938723744825,0.8527082022595005,0.6810657669964673,0.9178938723744825,0.9281918474396422,0.9373453016197317,0.707953113726438,0.9178938723744825,0.9481929520311925,0.9790021042835307,0.9324854129452833,0.8930892657088837,0.9278966962971926,0.8951528182413435,0.8918850562014597,0.8512300448035057,0.9159197701772379,0.9518647719377948,0.8818669950401858,0.9039735099337753,0.9278966962971926,0.915319368665986,0.7629288364281741,0.9328110853236412,0.5525368181534032,0.8379276408825633,0.8786664463981007,0.6056274972077111,0.8314683717743774,0.9324854129452831,0.9348776724743586,0.8646958665161872,0.9239107843192428,0.9003870625528831,0.8062035288153424,0.8631790748003905,0.937345301619732,0.939897739160851,0.8264962751962921,0.8986240534007528,0.9886633175304059,0.9530379936367415,0.8968796530895524,0.7975726767650844,0.9133573033767914,0.9655471735397518,0.9301606414450723,0.8428585089201039,0.50406423989068,0.9290403448410907,0.8631790748003905,0.790250488887848,0.939897739160851,0.9219224280637739,0.8293823202072206,0.9057994954598185,0.9386569025459167,0.8844226815711154,0.9477894660083728,0.8484673641430909,0.8376785147373466,0.9173148291382114,0.8315195898938612,0.9278966962971926,0.8988098532959033,0.9093158712781231,0.9058453047843559,0.9324854129452831,0.8438899131338653,0.9003870625528829,0.7996606229568319,0.9973306909248143,0.8361760619708305,0.9146954770226712,0.9728091693196088,0.9256878868316012,0.7916633247069997,0.9889605162825021,0.4290345995210241,0.9879700133881206,0.8300652029984736,0.9889605162825021,0.939897739160851,0.8527082022595005,0.9076492093936459,0.9324854129452831,0.945305581259918,0.8424305171733328,0.942546448360206,0.86019001264934,0.939897739160851
p112_F,0.8347876383202951,0.9035033355391051,0.8220068840377226,0.9026532767809434,0.8242670087328126,0.9380163966266191,0.9950661109724369,0.9998874294786867,0.9444642772220333,0.9345618542101832,0.9010728262563199,0.7083424680646155,0.8343172089136093,0.8725113072902908,0.8529358756208603,0.9491270128542677,0.9483551875577274,0.8872955140291616,0.982971410509272,0.9345618542101832,0.8613707440299998,0.9715878604207602,0.999258193162122,0.9637851559795012,0.8963379163019165,0.9872201163229499,0.9085080245777921,0.9099656357388316,0.9345618542101832,0.9618045291268077,0.9694362836489427,0.8363808488504199,0.9059804204993023,0.9537077258337427,0.8674821796907909,0.9312607396704553,0.9192233962368055,0.905980420499302,0.9380163966266193,0.8851108467483708,0.83449531009486,0.8734463907380395,0.8910121640684718,0.8951378474826466,0.9085080245777921,0.7690173934179416,0.9220855717829912,0.8877615129359306,0.885110846748371,0.8929170447517265,0.9250379219402802,0.7525623138150825,0.9872201163229499,0.9035033355391053,0.8217153723718015,0.8829528399528479,0.8829528399528481,0.9164419655193172,0.9819920501297752,0.9110906193450523,0.9457512976809443,0.9880371141217226,0.9206037147937578,0.90919810876568,0.9280917395652362,0.9637838371800039,0.9250379219402804,0.9305765032447022,0.7511148621657548,0.9312607396704551,0.8704839044326604,0.885110846748371,0.9539125216067482,0.8631265607782185,0.9164419655193172,0.9791620336018424,0.8986853937484471,0.9010728262563201,0.7943434028393762,0.9380163966266191,0.9382829336530905,0.9606559814622546,0.8787105864554916,0.8872955140291614,0.9164419655193172,0.8645046537943692,0.8986853937484471,0.853179804593267,0.8616745704586414,0.9137333093884035,0.9164419655193172,0.8220068840377224,0.7608589935161956,0.9242050236411872,0.933101307841857,0.9366432307997559,0.8184827691642289,0.8149740971886754,0.7261130441573437,0.7857223361632186,0.8829528399528481,0.922085571782991,0.9164419655193168,0.7401773033625444,0.9980540209303372,0.9312607396704553,0.8473098920648876,0.7741544800885658,0.6747602123972627,0.9542389575053958,0.7958675700045754,0.8895085707332924,0.7545682722123007,0.8510501785307238,0.9220855717829912,0.8184602754149548,0.9415276164159578,0.9312607396704553,0.9380163966266188,0.863506145504511,0.7848618427701956,0.8114788487242621,0.8963379163019165,0.9686885474691005,0.8872955140291618,0.9187462350717612,0.9192233962368053,0.7300586251460579,0.955724889671401,0.49227903446321686,0.7979496700862894,0.922085571782991,0.9250379219402804,0.9950068763949225,0.9085080245777923,0.7653908270182042,0.6872666904631296,0.9250379219402804,0.9250379219402802,0.9110906193450525,0.9842712854246352,0.934561854210183,0.8490704410707339,0.8105237777176177,0.8381724206093377,0.8766295401041663,0.9371658183994892,0.8850613739713477,0.8198419226166272,0.6541743288870723,0.934561854210183,0.8674533886652149,0.7834603998983649,0.9932804131088364,0.9727541677821403,0.9181909994949614,0.8578372379792808,0.9143558464851282,0.9696679484266892,0.8344202094125963,0.9609463139848211,0.9220855717829912,0.9262039440654459,0.8766400755982039,0.8308992056894287,0.8625429553264603,0.9376575914022263,0.8842971758754068,0.9100752707392668,0.9839152575187717,0.9026532767809434,0.9137333093884032,0.9879051267951277,0.9245063560506468,0.9968104026993008,0.9985952721582887,0.982971410509272,0.847759570783367,0.897889827165478,0.8362930332131355,0.8175510594365909,0.9567192892236172,0.9798093648918664,0.540376146932623,0.6955983377409656,0.9625835701264143,0.884060952528172,0.8333071726947596,0.9063752600766319,0.8506680709069908,0.9928378554472403,0.9271675367478894,0.955256744040162,0.9700770969637678,0.8935526916704577,0.9164419655193172,0.9192233962368055,0.9928378554472403,0.862676476326743,0.8073399772739791,0.9407885803754521,0.6663508877816178,0.9164419655193172,0.7837905522090249,0.8069327138056241,0.9345618542101832,0.9164419655193172,0.8669726846727102,0.9987249599057342,0.9285654998056465,0.8672198966841805,0.8694906326534081,0.913733309388403,0.9164419655193172,0.8284468257957971,0.9164419655193171,0.8951601536377106,0.7740416654066775,0.8268059319511203,0.9164419655193172,0.9793028220953064,0.9164419655193172,0.8704418787115218,0.9947512775397298,0.8625429553264603,0.795867570004575,0.922085571782991,0.8016642542306837,0.9519642373961466,0.929104460779949,0.8986853937484478,0.9237521872928394,0.74646128121977,0.8664814862756909,0.9250379219402804,0.916495361002406,0.5186500710808948,0.8399399046211002,0.9045470516325853,0.9731391553474595,0.7736378819312812,0.9085080245777923,0.8114788487242621,0.9662885265016654,0.9164419655193172,0.8034646713472539,0.9164419655193172,0.9308812476185568,0.8861814209185068,0.9727541677821405,0.7374193430362372,0.8016642542306835,0.9192233962368053,0.8907153679608858,0.8963379163019165,0.8237753987296019,0.9010728262563199,0.6054992453923564,0.9220855717829912,0.7889642625662021,0.9183213534746966,0.800454046435081,0.9557248896714015,0.9727347845851523,0.7763116512366677,0.9380163966266193,0.828195017236925,0.7312508486474653,0.9572357245986263,0.9590047075991,0.837819801939105,0.8363808488504199,0.7687107980621617,0.8860071490521839,0.6792237175880045,0.9312607396704553,0.742528721517018,0.9422028158499833,0.9262039440654457,0.9392178238502193,0.9312607396704553,0.9411502214099274,0.9774661658686905,0.9280917395652362,0.8821389927482706,0.932795246271596,0.922085571782991,0.8718397950501526,0.7545682722123006,0.9110906193450523,0.9220855717829912,0.922085571782991,0.8365053071353654,0.9312607396704551,0.9582950455981284,0.9332487424112726,0.8114788487242621,0.8004540464350812,0.9312607396704551,0.9164419655193168,0.8851108467483708,0.9110906193450523,0.9250379219402804,0.7831599131050847,0.9563062805815832,0.922085571782991,0.885110846748371,0.0,0.6961377659518857,0.8510501785307238,0.8936312036484716,0.9503459814762187,0.918746235071761,0.8462718866282608,0.7906892017727831,0.9345618542101832,0.9444642772220331,0.9345618542101832,0.8955568994617082,0.8299096514248945,0.8778449561972077,0.9858084434319022,0.9164419655193172,0.9795295863759999,0.854406874780346,0.8872955140291618,0.9312607396704553,0.9280917395652362,0.913733309388403,0.9164419655193172,0.8963379163019165,0.49992188110256097,0.9380163966266188,0.8799793340483577,0.7856926766548296,0.891751906668637,0.6932321113248399,0.9445280195442782,0.7185724959671096,0.9320797389103181,0.9837816225361293,0.7581095512159899,0.9681385641755447,0.9881414477942227,0.7657324605715616,0.9443995409534841,0.9577599153866582,0.9380163966266188,0.8105014483414519,0.8664814862756909,0.8090017246333325,0.9085080245777923,0.9137333093884035,0.8913503864962872,0.9820489050807295,0.8858997533402682,0.7520598084811968,0.701834666322916,0.9164419655193172,0.9155983483507305,0.8192526824013345,0.897889827165478,0.7905033493282169,0.9887119198512566,0.956487170526528,0.9164419655193172,0.9164419655193172,0.7214928457382926,0.901493899541874,0.8094841827285861,0.9164419655193171,0.9345618542101832,0.916441965519317,0.8562109672938338,0.8308992056894287,0.7697676822671895,0.9164419655193168,0.8745574900762874,0.8986853937484471,0.7240472647849545,0.8535620974118923,0.9164419655193172,0.8045211086206914,0.8625429553264603,0.7927175967089409,0.8067401022894108,0.9050879833003673,0.9779700758309207,0.9220855717829912,0.7579170939157702,0.9164419655193172,0.6665821750933436,0.8872955140291618,0.8919704293169941,0.9710500346737421,0.7242825258216297,0.7222276254604909,0.905980420499302,0.9164419655193172,0.5613582602769086,0.8719071589977481,0.9164419655193172,0.8811985641310718,0.9837431486123818,0.7599337873149601,0.6961377659518855,0.7457678481078369,0.9164419655193172,0.7482579767213364,0.8855900773472694,0.9280917395652362,0.9781066626799626,0.9041006219987248,0.9421050007412697,0.9914960386805578,0.8291101870432285,0.9220855717829912,0.7964694266407076,0.9560939169537147,0.8940275945888625,0.8373164814903286,0.9446219998127121,0.7872396217168485,0.9641813269710355,0.9250379219402802,0.8872955140291618,0.9164419655193172,0.9312607396704553,0.838117822314655,0.9563527024205405,0.8012463145695161,0.8328595305783378,0.9110906193450528,0.985741414238279,0.9916530842778032,0.9110906193450528,0.9010728262563199,0.9596571364772952,0.9035033355391051,0.8010551050442438,0.8674433656039866,0.8101859061354618,0.8743064244150015,0.7946878175844498,0.9063752600766317,0.9641813269710355,0.8976752150205235,0.8986853937484471,0.9345618542101832,0.9879872947483577,0.9762886597938145,0.9883012589105438,0.9233721476659593,0.9919609062430833,0.8654110063376463,0.922085571782991,0.8955568994617082,0.8915944281121327,0.9739004697676137,0.9262039440654457,0.8168916294413127,0.7640362071727458,0.9068133785871433,0.9329761882025391,0.7438233686427167,0.9212564811755435,0.9085080245777921,0.9092371389799665,0.8438537352691284,0.9164949062751406,0.9704399437441277,0.9291044607799492,0.6999427316974836,0.8756665293630569,0.9377351047249077,0.6948236445696578,0.8887315011070402,0.9023440740856743,0.922085571782991,0.9839152575187717,0.783712137213447,0.8645046537943692,0.8417925623315861,0.9829714105092722,0.9541254526775216,0.9641860625543643,0.923148046660346,0.7962199312714774,0.9085080245777921,0.9085080245777926,0.9727541677821405,0.9312607396704553,0.8766235303260079,0.7130480561743684,0.8567411419143385,0.913733309388403,0.913733309388403,0.6034507117003789,0.9262793072625788,0.9483551875577279,0.7889642625662021,0.9164419655193172,0.9280917395652364,0.9164419655193172,0.9164419655193172,0.747763595606636,0.8940275945888627,0.8664814862756911,0.9164419655193172,0.7307378758911902,0.8368903275682634,0.88873150110704,0.7780531997475197,0.8045211086206914,0.8680549584980377,0.841769728397971,0.9308201799299844,0.6743710382583541,0.9059804204993023,0.9285654998056466,0.9280917395652364,0.9629993477669243,0.8275414399255219,0.9468678838166122,0.8766235303260079,0.9448810215177157,0.9254149084505715,0.9611487363073126,0.9776784774900422,0.8534914491504229,0.9220855717829912,0.8613881209721928,0.8461559728984573,0.9411735446033731,0.999258193162122,0.9309882376017067,0.8745574900762874,0.8413540856599716,0.7552037435002723,0.8079546705871165,0.9397554510393483,0.898685393748448,0.9192233962368055,0.8586619077554181,0.6820086756487805,0.775915078786896,0.9727541677821405,0.9278839998308013,0.9085080245777928,0.9336754438001922,0.8184827691642289,0.913733309388403,0.6814874283933388,0.8787105864554914,0.9380163966266188,0.6806137192828037,0.9738865429373436,0.7779935696307076,0.8637634588274636,0.8986853937484476,0.8999561688633484,0.9905175085071188,0.9164419655193172,0.9250379219402802,0.9668384879725086,0.5649759829849436,0.8755033389672215,0.8826072062346138,0.9928378554472403,0.9414399550230419,0.9153844657390153,0.8940275945888625,0.7595430325708611,0.934561854210183,0.8465165931225627,0.8756665293630572,0.8180786411551303,0.9110906193450528,0.9448810215177157,0.8731986491331225,0.9424531904121208,0.891751906668637,0.9544512296892853,0.817172937034627,0.6884391214668555,0.764930008117489,0.8955568994617082,0.8141959578710513,0.7717038558391367,0.9075611147669862,0.934561854210183,0.9964366158728782,0.8134060453070211,0.7544522969545064,0.8544068747803463,0.9433047901650564,0.955724889671401,0.9067353230919394,0.7384325449374185,0.9380163966266188,0.8874885965689405,0.9397554510393488,0.8645046537943692,0.9194158075601373,0.9233721476659595,0.8080321723108681,0.8766235303260079,0.9964366158728782,0.9810287098593542,0.9010728262563201,0.8343172089136089,0.9250379219402802,0.9380163966266188,0.9164419655193172,0.8718397950501537,0.7996720111682833,0.8296148328568537,0.8684742769407376,0.9164419655193171,0.9895768779277929,0.7303137731952762,0.8152547826547285,0.8725113072902908,0.8417697283979713,0.8220068840377224,0.8360149300095796,0.9262563189648441,0.9126333026427302,0.8935526916704579,0.9034892186456466,0.8674647054043128,0.9280917395652364,0.8399399046211,0.8829528399528481,0.922085571782991,0.8887315011070402,0.9950068763949222,0.9126333026427302,0.9110906193450523,0.9380163966266188,0.9035033355391051,0.9152383482658542,0.9164419655193168,0.9966036797907554,0.8097356591508627,0.7584752352966448,0.8674821796907912,0.9190584395707704,0.6391954725694926,0.7457678481078369,0.9137333093884035,0.9250379219402804,0.9085080245777926,0.9137333093884035,0.9137333093884035,0.7555381423060841,0.9164419655193172,0.8125618345626611,0.9684281391405001,0.9164419655193172,0.891751906668637,0.8202427651339441,0.9653179186519116,0.9220855717829912,0.7743878328859287,0.5905972465935423,0.9557248896714012,0.6831702677637466,0.945725373599155,0.929104460779949,0.7106112792625799,0.9164419655193172,0.8473098920648876,0.922085571782991,0.891751906668637,0.6324269178883941,0.8491750256551858,0.9312607396704551,0.9192233962368055,0.8892111480476732,0.9168673858538468,0.9320797389103181,0.9164419655193168,0.9705890751589275,0.8704839044326604,0.7830630408232291,0.9503459814762187,0.9382829336530907,0.9312607396704553,0.8851108467483708,0.9220855717829912,0.8736330304641178,0.6878364635748526,0.9164419655193172,0.9164419655193168,0.851418226823776,0.9345618542101832,0.7526189653089987,0.9085080245777923,0.9382829336530905,0.944664937828459,0.9110906193450528,0.84178245543189,0.797614629248771,0.9164419655193172,0.9164419655193172,0.8350214292311755,0.8914586939824605,0.8399399046210998,0.8118225867334672,0.8571578839353609,0.8851949078126484,0.7366498014329848,0.8253363935946665,0.8895085707332921,0.9870653569836327,0.9164419655193172,0.5867410736256804,0.9250379219402802,0.9380163966266193,0.7222276254604907,0.9312607396704553,0.6596704856482335,0.9164419655193172,0.9164419655193172,0.7972055718008367,0.9164419655193168,0.8021936775760379,0.8986853937484474,0.7647718449416712,0.83449531009486,0.8964863222730699,0.9164953610024061,0.8643639197034376,0.7543140789719034,0.9164419655193171,0.8605956163602335,0.8072532891018568,0.9192233962368053,0.9653179186519115,0.99776984975003,0.9474616436278234,0.8529358756208603,0.8645046537943692,0.7688442855643254,0.7888626210814835,0.9164419655193172,0.7096799616845368,0.8645046537943692,0.9662972267829529,0.8556409588476663,0.9681281923135314,0.6021810130618115,0.9989052539587464,0.7595534342549883,0.7248010949611222,0.8689873703266588,0.9140934288232057,0.6133260196629852,0.934561854210183,0.9026532767809434,0.8872955140291612,0.7418769477350508,0.9250379219402802,0.9137333093884035,0.9713684383902519,0.8829528399528481,0.9731391553474598,0.6531846774252354,0.8910121640684715,0.8299096514248936,0.6630502449952589,0.7200407247635616,0.8654110063376461,0.8684742769407376,0.9510164975792013,0.959657136477295,0.934561854210183,0.8986853937484474,0.7368022728899881,0.9175649668107597,0.9448810215177161,0.9557248896714008,0.7619065686040853,0.9458473751926895,0.9192233962368055,0.9157375762025646,0.9055006816206885,0.8707004792949753,0.7108605220905351,0.9164419655193172,0.8220068840377224,0.959657136477295,0.8998452926517108,0.9345618542101832,0.7041285060747052,0.9951080188590637,0.7834603998983649,0.9164419655193172,0.7969977413798235,0.6993578432043268,0.7292756819664674,0.7570625630714944,0.8439457358915081,0.8173195351961531,0.9250379219402802,0.8160171135242178,0.9763530278447615,0.9992638259487014,0.693351176933447,0.8940275945888623,0.7419861926666924,0.9380163966266188,0.8940275945888625,0.9164419655193168,0.8953591437517909,0.8851108467483708,0.6774560179325269,0.9308201799299843,0.6884391214668553,0.916441965519317,0.9137333093884035,0.6483914814955536,0.7717038558391369,0.8291101870432283,0.6258723442355377,0.6624875144439113,0.9164419655193172,0.8278303160935876,0.7751614263563293,0.8725113072902908,0.9164419655193172,0.9884932570896393,0.9837816225361298,0.9312607396704553,0.8940275945888627,0.9137333093884035,0.7672051489045666,0.9872201163229498,0.8554484876704809,0.9798093648918664,0.9649412160698488,0.8940275945888627,0.7111642931719588,0.9164419655193172,0.9282997181204365,0.9164419655193172,0.9312607396704553,0.9391389781483688,0.9392670709101125,0.9380163966266193,0.8787105864554914,0.9888162705899471,0.9989052539587469,0.9026532767809434,0.9164419655193172,0.7341031695427902,0.8756842381906773,0.8833600008584431,0.8766235303260079,0.8605956163602346,0.9250379219402804,0.8766235303260084,0.9422595505792324,0.7393470790378004,0.8176364269640346,0.6997263920169332,0.7393470790378004,0.8725113072902908,0.9250379219402804,0.8114788487242623,0.7393470790378004,0.9380163966266193,0.9539119155583538,0.9916530842778032,0.8344202094125963,0.913733309388403,0.9661489697485275,0.9262039440654459,0.964544919642998,0.860595616360234,0.7902806096913587,0.9742562760554511,0.9178938723744825,0.8343172089136093,0.9555096729069268,0.8951601536377107,0.8725113072902908,0.838117822314655,0.7894173498011414,0.9367367371554547,0.8491750256551862,0.9506768980005937,0.919223396236805,0.922085571782991,0.9596821746142157,0.9699071319862731,0.9126333026427302,0.9126333026427302,0.9881016593726815,0.9250379219402802,0.9280917395652364,0.9881098243963238,0.9644659921256323,0.90262194726626,0.9507526530137225,0.8449382097051857,0.9602465086348548,0.9249529706560747,0.9966794629726075,0.9164419655193168,0.9956391320415997,0.9100305263285022,0.8567411419143385,0.9379315861543058,0.953302201381768,0.977678477490042,0.9246323126477254,0.9847563445133287,0.9872201163229499,0.9483551875577274,0.8787105864554916,0.7919906965510392,0.8014049495568987,0.9392804439417415,0.9010728262563201,0.8202709413135656,0.997716469954399,0.9441814383764713,0.8731986491331225,0.922085571782991,0.9637851559795012,0.9560939169537146,0.9919265098151703,0.9220855717829912,0.9068614220260414,0.9633058395261311,0.7890671800023679,0.9110906193450525,0.9110906193450525,0.9469726417711765,0.9262039440654457,0.8399399046211002,0.9681385641755447,0.9224355158590879,0.891751906668637,0.9280917395652364,0.9849775749736709,0.991099301531293,0.9192233962368055,0.9345618542101832,0.8803029307892649,0.9312607396704553,0.8426604469980924,0.9280917395652364
p112_G,0.8480864241843196,0.8846737853575157,0.556378658697936,0.9411525062285752,0.8440180327877229,0.8717933901085884,0.8853068894920577,0.8621418717220872,0.667285414844959,0.8553425819761742,0.7981282311426632,0.8092990476011352,0.8092990476011352,0.8409543558255833,0.9834870032835391,0.7913973850331801,0.9373315073338575,0.8062508472758368,0.9112990802027561,0.8566477616876667,0.6841271393382335,0.7150457493413599,0.8378129456849096,0.8806884293366943,0.7539022806283829,0.7508557165936525,0.8313633281640331,0.7717606226961908,0.8926489687296868,0.9050892503381474,0.8301071927096679,0.8660127357937748,0.7681730410097543,0.8788191269797554,0.8727492688184761,0.8081608912581857,0.8230465302315402,0.8198985033796716,0.8629791856785534,0.8180634316520853,0.4884401893308067,0.7557478947704017,0.9008688177089619,0.7199703185613264,0.983192358288774,0.5192865655303466,0.8048222124436134,0.6381319661689333,0.6436993227178556,0.6223230164132663,0.8342889987034598,0.5193417008760126,0.7730003884001779,0.808833433609179,0.8697487224008298,0.6791961145900027,0.8723788060467208,0.7250134267509765,0.7090849831545378,0.8976236559289834,0.6583615748699749,0.6941618205671343,0.9501577628523821,0.8360987974615818,0.7963197439933525,0.6666329101055792,0.8801973674837038,0.8020847150947472,0.7153170856090656,0.9112990802027561,0.7123166794222887,0.6219038091010767,0.8440180327877229,0.39525258664798457,0.7250134267509765,0.6000426784888867,0.7392800394153596,0.8970835150993879,0.535136648500508,0.8339037580781801,0.8307894540196186,0.8728107232433013,0.705103483660366,0.8726848626954136,0.7250134267509765,0.8025682677755006,0.9699084796966337,0.7378201635534836,0.8383010311678312,0.7440170762801631,0.7250134267509765,0.6985264456979186,0.599535495610042,0.6347833138536378,0.892776357442842,0.9550058264813224,0.6522902451860335,0.5144718678130092,0.3955863605051777,0.4292042850927058,0.8079845755611483,0.8048222124436128,0.8686696069047444,0.9148681354195545,0.7423246383435125,0.7737814949433295,0.6725093170111651,0.3497056419176956,0.7708448307368139,0.40346858038412003,0.6199079226076234,0.9133452570140608,0.5477879518195987,0.6879541223883472,0.8354401497332644,0.4216769319740057,0.9099539026069615,0.8480451455932454,0.7960141260477718,0.5111729987233391,0.7749573610111193,0.745640283937079,0.8727155027870835,0.953518719878139,0.8948295345019395,0.6299607817419739,0.7934200261883638,0.8403800404286197,0.995276756596932,0.710538884641434,0.5516922261612764,0.7742042751539615,0.9929076841550353,0.8629791856785536,0.7518871937866647,0.7436679416258118,0.6045848017160853,0.9119211045740191,0.7850261562127574,0.7617512826831674,0.5773901775499843,0.7846453476036259,0.6412108373593397,0.6064955947056401,0.7920895848542848,0.6928799887010877,0.7216936204985958,0.4388240045031526,0.7460262960123405,0.3190135689591843,0.9993474101442534,0.6757134727858924,0.8719950893647617,0.8645321799972694,0.9753685787546494,0.7678218096291194,0.8503704197335058,0.7385132826744178,0.8069413730148816,0.5321071454886046,0.8909038433764782,0.9579118988918691,0.9897584260282961,0.5418212298089871,0.5087807105838502,0.6421622375354441,0.7437657650036225,0.7036574229355719,0.8719238159114557,0.5167039397527768,0.9010732460673784,0.7160993340227437,0.8915090155061811,0.8399978931376699,0.859919614767604,0.751754832961647,0.9112990802027559,0.9436348623121289,0.8605035857516643,0.6460525974254638,0.8969062951467852,0.7654899880700599,0.9153082930371021,0.8092990476011352,0.8715561254217059,0.6676404251400212,0.5248386860056509,0.6757513565723765,0.8088334336091791,0.9053785002635066,0.8306315975793841,0.8379743914201581,0.5188385641287616,0.37141723841280383,0.7277691665336472,0.7250134267509765,0.8214354212503421,0.9519726052273096,0.9383282548859335,0.6273864110372701,0.7328824063021444,0.8092990476011352,0.7250134267509765,0.5008711620989095,0.44554379648608755,0.8913437890181941,0.7250134267509765,0.7033627253350027,0.7105388846414336,0.6484619788803492,0.7524520056884486,0.5369425513369428,0.7160993340227427,0.7250134267509765,0.7613446906521858,0.7250134267509765,0.7038237989078004,0.6483961063930183,0.614444637905406,0.7250134267509765,0.6489445037535386,0.7250134267509765,0.4893223649557201,0.8374707201311462,0.7934079510240546,0.4594725813387093,0.8048222124436131,0.22957096617484174,0.7617512826831672,0.7445307302578106,0.7760341591046291,0.8037295897365635,0.7764821158164799,0.7732311662951259,0.9753685787546496,0.9652391407494045,0.6654192651087514,0.7949984459259417,0.8678510644815008,0.8975979029617884,0.6918329828093979,0.8242400895340376,0.6388737147128418,0.8306315975793845,0.7250134267509765,0.6631057565316512,0.7250134267509765,0.8431480656680228,0.9340489805498934,0.8342889987034596,0.7788424809326608,0.22957096617484196,0.8214354212503419,0.7060721498297455,0.7063769917649023,0.7697105941875894,0.9218223360885692,0.5091310961143436,0.8277625400805724,0.7354985245363759,0.8071668188867844,0.45990080641588804,0.7440170762801631,0.9399417142435165,0.6112552682485068,0.8629791856785534,0.6904722254119211,0.7291437251811663,0.8164878362825247,0.9008111578560802,0.7145600023067045,0.8660127357937746,0.5023766436285935,0.4984342185459517,0.5624838939334063,0.7737814949433295,0.4034685803841205,0.8541827011619683,0.7811901560910328,0.9950248368473606,0.7737814949433295,0.9890123482710542,0.48725593730735484,0.9069743965231252,0.5480212100238422,0.800875095664386,0.8354401497332642,0.831222784082646,0.3482117012226489,0.7889257573323306,0.7435863378643106,0.8660580870229153,0.34350277431431664,0.8081608912581851,0.6147045846854684,0.7160152926515635,0.4863500443925035,0.8156283097736303,0.9800578728324697,0.7250134267509784,0.9270409997359792,0.7345768080340043,0.9436448416643345,0.3180830843456608,0.679463514689508,0.8660580870229153,0.7526768908017489,0.6961377659518857,0.0,0.6707318593949472,0.6097426909213288,0.7656105198951668,0.7536185114172961,0.8549426636881712,0.6854148379135385,0.8566477616876668,0.7184921078175184,0.8926489687296867,0.831222784082646,0.7105388846414342,0.687954122388347,0.8277625400805719,0.7250134267509765,0.8342889987034598,0.967922142649255,0.8062508472758375,0.7737814949433295,0.9399417142435167,0.9394412720820942,0.7250134267509765,0.8964781472188237,0.8480451455932458,0.9387584497393702,0.8756093339450806,0.6906917967216752,0.6895695889387643,0.8660127357937748,0.40688122710412156,0.40652256147087107,0.8727155027870835,0.7921605288459559,0.44007868706054387,0.8889984146598748,0.762835891404716,0.4319410846050723,0.7866846903996969,0.7108596002574965,0.8339037580781802,0.2585764120803329,0.7925617055576325,0.25433462355285963,0.7253951489942084,0.7160993340227442,0.9709984596798609,0.8066497520652144,0.3107911542357207,0.3276225985184038,0.2963502767809475,0.7250134267509765,0.5359607849899757,0.7769292829531331,0.8213902328366292,0.9172507539404188,0.855342581976174,0.45066571487586526,0.7250134267509765,0.7250134267509765,0.74602629601234,0.6672854148449592,0.689721681887779,0.7250134267509765,0.8926489687296868,0.7537446627817315,0.840954355825583,0.5087807105838502,0.34670838572170926,0.8112071348432379,0.6683648278840206,0.9941427697706342,0.34916635718457145,0.34889726075883143,0.7250134267509765,0.4911157207958744,0.7366908084658257,0.27408684909217085,0.4071340509956456,0.9119400689425763,0.7632951760269753,0.7435863378643104,0.2708188144344694,0.7250134267509765,0.3365252645327157,0.9944471064654332,0.8852661939432849,0.7079624646875513,0.8214354212503414,0.3426981560381064,0.8457612345646299,0.7250134267509765,0.654650709817473,0.6008622317741771,0.7250134267509765,0.8038888164891083,0.6128859125386246,0.48596500652498265,0.3142325510746561,0.29322329040529116,0.7250134267509765,0.9741908346843384,0.6255446091769803,0.9399417142435167,0.6937648210010161,0.4902027796764643,0.6974650164575209,0.666586650662315,0.6969623642017184,0.8048222124436132,0.7452094955649673,0.6024520599437717,0.9777362688255565,0.5049907755352327,0.8950938928828037,0.42828413899915563,0.8378129456849086,0.8167498933030726,0.7398168318562611,0.7250134267509765,0.9112990802027561,0.7025055502605486,0.6207512781157192,0.8307894540196183,0.9461962926741693,0.7617512826831676,0.8519968014691823,0.9695679414662237,0.7617512826831676,0.9544835589655245,0.9261320789662508,0.9099539026069614,0.47839511701117166,0.871854348402003,0.8480451455932456,0.48108090108641965,0.855342581976174,0.8372449248985874,0.9989431773176689,0.5868683855811945,0.787748619563361,0.8206465546456468,0.7972617647308072,0.7906663368822671,0.8248800341423486,0.8164878362825244,0.8119829096373627,0.6256560091939384,0.9579118988918691,0.831222784082646,0.9983494843809071,0.9199681005954765,0.9415261486075026,0.7003563916973858,0.8307894540196186,0.727264253402609,0.6423747647653058,0.49340608268268626,0.7950631567722277,0.9567003134963179,0.7006748914290735,0.7223762406728028,0.7382134124818511,0.7607070081476259,0.8144923918281347,0.3023542995576318,0.880267095997981,0.6132427681091888,0.7607070081476259,0.7844017658936111,0.7361482128811117,0.8966760243125667,0.9549902612319298,0.4681496923040048,0.898137006246266,0.683801219881635,0.8824245419081023,0.6448685770729148,0.6697056120799278,0.8952216971545265,0.9257479503265886,0.8578553729564892,0.7783792385791211,0.8977364728840898,0.8480451455932454,0.820226813646332,0.34847162127310227,0.5835271437412963,0.7719348185375804,0.7440170762801616,0.6112846702819323,0.8374707201311469,0.7783792385791205,0.5921619358355581,0.7250134267509765,0.7963197439933528,0.7250134267509765,0.7250134267509765,0.3534946551050022,0.8611334995416843,0.6379173914575792,0.7250134267509765,0.519437995126847,0.4229248689277689,0.9340489805498933,0.9431963293430855,0.4612424040597628,0.584466281749273,0.9059921437170428,0.9340536553028547,0.4308912344352076,0.8180232600309143,0.9245214924998142,0.8952216971545268,0.7195880398706749,0.599461806379072,0.7206046662096246,0.6968152864778616,0.8697487224008298,0.8306315975793841,0.7962678273188297,0.8622543794341352,0.7131720373512387,0.8354401497332644,0.8448633143740104,0.7760341591046289,0.9515712896342317,0.7445307302578104,0.5289969799451901,0.7901524484132982,0.6757134727858931,0.7657376387499226,0.9243729732156418,0.8277625400805722,0.8119829096373624,0.8230465302315412,0.9236514718396964,0.5072498527194997,0.5771118069625248,0.9119211045740185,0.6754096373840064,0.9903155969187697,0.7646263711472132,0.5586688280140525,0.9115235298246752,0.24943670772766824,0.6425458590662065,0.9766480817697785,0.31030513865769116,0.5208038940883608,0.7816454622440525,0.4210296229452565,0.9089200699333636,0.679964303498318,0.7518624723194889,0.7250134267509765,0.8167498933030726,0.7717606226961908,0.8152867967569699,0.49712207094282956,0.8002684491786296,0.8306315975793845,0.830218732848683,0.35554002301670296,0.9289815157473449,0.3144956471447167,0.9286501757717067,0.42684469419449955,0.8307894540196181,0.5425254914187754,0.7617512826831676,0.9492121593044628,0.7715172303246696,0.8405194713897168,0.7582850143029657,0.6756434995709921,0.6086300084302525,0.21238200952708974,0.5307692878457617,0.9085449411326725,0.6042687517169567,0.40050779551783244,0.7478328412640212,0.9286501757717067,0.8251902139236031,0.8214354212503414,0.6353722826705572,0.7477769748976519,0.8806298034091631,0.7440170762801631,0.49055359436061163,0.3877503311396121,0.8717933901085883,0.6637473876046491,0.8889984146598746,0.917250753940419,0.7366908084658255,0.7939739273905736,0.6925552239552701,0.6968152864778616,0.8183701196002942,0.8110051335256803,0.7981282311426644,0.8372167898585541,0.7850261562127574,0.8339037580781801,0.7250134267509765,0.7821664306672218,0.4254250503674989,0.4729468578457423,0.840946909294147,0.7250134267509765,0.5906448276105303,0.39275039828355474,0.6583615748699749,0.6205184249389999,0.5304763952516036,0.7617032399201334,0.642558093856886,0.8508658424109157,0.7346876569871175,0.9772485688957449,0.7111592756995413,0.7380737918066085,0.7633524262729615,0.7272614712331406,0.8723788060467207,0.9579118988918691,0.7469899622295404,0.9766480817697787,0.7788424809326606,0.8704491812798201,0.9008688177089619,0.6824328473619541,0.936773036532293,0.8399383708739914,0.5646389813278025,0.4800388524371664,0.8480451455932461,0.8152867967569701,0.8245027392526305,0.3920736743796708,0.305653187375476,0.7160993340227442,0.9119211045740192,0.725395148994208,0.7160993340227442,0.7440170762801631,0.9665365589201924,0.7250134267509765,0.7977480447415815,0.994977136763975,0.7250134267509765,0.8040952978791001,0.6438884850037712,0.8480451455932456,0.8048222124436132,0.8740070788027339,0.8214354212503419,0.7440170762801631,0.4781673184485624,0.5111729987233389,0.7657376387499226,0.4348616606394242,0.7250134267509765,0.7250114558887746,0.8966760243125667,0.8040952978791001,0.3854297940489073,0.6448782466980773,0.9511833345378164,0.9119260423610707,0.7708448307368139,0.841480197465682,0.753902280628383,0.8686696069047447,0.8779312750537875,0.8706591098712138,0.9436383408148024,0.8566985921534656,0.7981282311426632,0.9855627308526733,0.7090858635681918,0.8048222124436132,0.9525207243584155,0.47816099190456196,0.7250134267509765,0.9261320789662509,0.5275363506035669,0.8553425819761742,0.4594386716150144,0.7783792385791206,0.9712999780669317,0.43783425538942167,0.7617512826831676,0.5120652388877878,0.29077647607440404,0.7250134267509765,0.7250134267509765,0.9977067475058078,0.7022704314388162,0.896603907965143,0.7090849831545376,0.47708100482662985,0.515341383762437,0.47269107447807623,0.32155619956338466,0.7039182918227671,0.43266118680061894,0.7250134267509765,0.6881646809550994,0.8167498933030726,0.8629791856785534,0.39406562395249334,0.7737814949433295,0.398798880059408,0.7250134267509765,0.7250134267509765,0.26420897447317837,0.8399383708739914,0.3428606133210337,0.7635143294893609,0.49831919357310006,0.5215505329623087,0.9692002530510093,0.9519850001718395,0.4367383954143813,0.5126419245915825,0.7250134267509765,0.597342747573258,0.3492954809298272,0.734167018102011,0.8480451455932456,0.9681220299815051,0.8233524055462376,0.8935889455014905,0.6496582862222766,0.8214354212503416,0.5526209966719927,0.7250134267509765,0.39525258664798435,0.8981370062462659,0.6506908762501329,0.7142032505899606,0.6634179279223085,0.7866846903996971,0.6714875919948513,0.5056610102512076,0.8740070788027339,0.975186875290766,0.5407010288450407,0.8772241791189497,0.8566477616876669,0.8183719328042443,0.8726848626954137,0.40758250795860596,0.8342889987034598,0.7440170762801631,0.7237656812922779,0.8056500415254173,0.8592253732217521,0.7928632254248198,0.8629791856785536,0.8966371768858228,0.8629791856785536,0.8629791856785534,0.761129958579541,0.9387302915817349,0.654650709817473,0.8152867967569697,0.9286501757717066,0.71504574934136,0.7760341591046291,0.5550200941859148,0.7681730410097547,0.8372167898585543,0.8271147850206082,0.90228472355689,0.8214354212503421,0.6339256217023095,0.974591997022878,0.8270373986626351,0.7483311773018227,0.7250134267509765,0.6827322471423649,0.9589429769107363,0.6061513389782023,0.8553425819761742,0.7557478947704019,0.7607070081476273,0.6411349508569135,0.7250134267509765,0.5012564632074086,0.3227670087982173,0.7836121499356938,0.3064272757438731,0.38250037961355,0.3323464714325658,0.8167498933030726,0.5941061789380282,0.9657638689157764,0.9333986456840142,0.3394880428743776,0.7911718379713597,0.4400387356625446,0.9096830221389965,0.7445307302578107,0.9589429769107363,0.975320428629076,0.9270409997359792,0.4269124093122547,0.950987898976055,0.33749673566162675,0.8152867967569692,0.7160993340227442,0.4388240045031524,0.4281118742106892,0.5834946521550767,0.24943670772766824,0.1987325549357566,0.7250134267509765,0.36670858713986476,0.3573533736446889,0.9010732460673784,0.7250134267509765,0.4308912344352074,0.9214741847707462,0.7737814949433295,0.8611334995416842,0.7440170762801631,0.5258442738650455,0.7730003884001786,0.9168152036493625,0.9797025235226746,0.8743899475779474,0.9077746072552331,0.30086553167771424,0.7250134267509765,0.7576916173639556,0.7250134267509765,0.8480451455932456,0.6392217785878255,0.5945723833106369,0.8629791856785534,0.7944355195863635,0.7248148489501071,0.6714875919948504,0.6405580550195986,0.7250134267509765,0.5057722307454497,0.45042540983962853,0.8204448968899299,0.8202268136463319,0.5973427475732596,0.8801973674837041,0.614540935032213,0.7226970694695898,0.9635593786987412,0.6263319107522556,0.38441716939288506,0.9635593786987412,0.660597685100197,0.848473630393389,0.501602411424537,0.9635593786987412,0.8629791856785534,0.872684862695414,0.8510619252935179,0.6541260817448755,0.8277703030524183,0.7429950062244695,0.8957158650313685,0.7644708034132515,0.6347545512373295,0.8123787464634717,0.706072149829746,0.7678218096291187,0.8372167898585541,0.8002684491786296,0.8040249718338435,0.7808354655837877,0.5512707438145037,0.53578622633494,0.9578851248259209,0.591914008033491,0.948836513352758,0.8510619252935183,0.774204275153962,0.8101822956355282,0.9857438147622564,0.9903511166197145,0.8615928383993483,0.7548749673366562,0.8167498933030727,0.7963197439933528,0.989256077289413,0.7527304365235898,0.8953955837839517,0.8724980214238978,0.820226813646332,0.9222151596516264,0.8964781472188237,0.8038888164891085,0.7537446627817312,0.7301705334446282,0.7223140768564178,0.9134493984400539,0.6881646809550999,0.7862620884442368,0.9611563325953092,0.8312227840826458,0.9699486671943425,0.7508557165936525,0.8578553729564892,0.8719238159114556,0.9321287971179024,0.9778282980619883,0.996530216719925,0.7486505891643007,0.9605543296601184,0.8836057875672563,0.9075429012578409,0.9623661925953672,0.8048222124436132,0.7637935221451874,0.6024520599437715,0.757691617363953,0.8889984146598748,0.9424970952765995,0.5724646880398694,0.9723064860568295,0.843274706630657,0.7617512826831675,0.48004051362028055,0.9873364321836368,0.642590252867139,0.9808522265288284,0.5150943438606634,0.7582850143029651,0.7963197439933528,0.6422255290433123,0.9808869836899143,0.9119260423610706,0.8553425819761742,0.8272934391659739,0.8480451455932454,0.9844082383358657,0.7633524262729615
p112_M,0.699039759411751,0.8954352541336303,0.8295097627646062,0.9393350016325397,0.7240612710288985,0.932833950574053,0.926763737478127,0.9948555190872848,0.8527315889906659,0.5606698608677743,0.927863480227435,0.9352098991478845,0.7769403538929012,0.8618519839156851,0.993533211359531,0.9881139456563864,0.9008583849785581,0.8778722974583606,0.9770357682633349,0.9290905740347992,0.9087994561795325,0.8902144844650239,0.9182191089113063,0.6256492627076076,0.8876707345437711,0.8778722974583606,0.9008583849785581,0.9881811554703727,0.9801145305445416,0.9987862465592804,0.8663080297186971,0.8114602685597382,0.9347742988036449,0.8827148855675937,0.7647816095440267,0.9255134534695351,0.9124696683389528,0.8981194480464401,0.5838625198609824,0.8755049702528586,0.8206574710503429,0.6091917486627905,0.9597652650781773,0.9214398579667289,0.9489545460415916,0.9538443272854444,0.9155711502428496,0.964437586083708,0.8755049702528586,0.6332532500882414,0.631614011768019,0.7507891687567432,0.8778722974583606,0.9970773828795113,0.9552611489247411,0.9035881831250774,0.8226169622796946,0.9094556823349389,0.9365021151789259,0.9421708749432605,0.8571252958148523,0.9356106356060632,0.7768893757139149,0.8273916766828403,0.9220794934202008,0.8805883606271018,0.9637319104506126,0.7948565367881206,0.9041452500168559,0.9742388426031001,0.8596550700040875,0.8755049702528586,0.9908963593651976,0.5679285238212404,0.9094556823349389,0.7976086609556912,0.9589082569453207,0.927863480227435,0.9732093426177226,0.9328339505740533,0.6864550682425963,0.9476274985418003,0.8685695845092944,0.8082746781527986,0.9094556823349389,0.853175894511782,0.9245613707051723,0.8717850519923986,0.8036340981650468,0.9065205555971318,0.9094556823349389,0.829509762764606,0.9902123767189404,0.9132765688973146,0.8981235706012942,0.7282831627480113,0.8033061223540905,0.843222236763367,0.7479842992419234,0.8044681396069852,0.9035881831250774,0.9155711502428494,0.9094556823349396,0.8825621946006417,0.7896818625615614,0.9255134534695351,0.8345434795933919,0.799186280944703,0.910258684662687,0.6339522064406282,0.7994712074340726,0.8325520639929127,0.9919351758915942,0.8385964912280697,0.9155711502428496,0.7919191609702241,0.8954352541336303,0.6359580443283792,0.9328339505740528,0.9043879551457144,0.9486729941161247,0.990269109356053,0.8876707345437713,0.871328083938745,0.9092575998972448,0.8225709314941302,0.9124696683389528,0.8757170337922737,0.9065205555971325,0.9389672838060552,0.9975962936711515,0.9155711502428494,0.9187703462526826,0.7449636963826369,0.9384051522235204,0.9488762275745168,0.5028517793444218,0.9187703462526826,0.9187703462526826,0.94217087494326,0.8811679338424353,0.929090574034799,0.9392600776936397,0.8322641970190587,0.9962357487344196,0.8661220780264809,0.740443121079969,0.8354959712867376,0.5684670033352459,0.6952988144685546,0.929090574034799,0.896948926310556,0.7371163273296745,0.8093466240123628,0.9913065253514575,0.9372858620764022,0.8128895515545944,0.8993233378298993,0.8880675976881564,0.817333549455568,0.9550292589451808,0.9155711502428494,0.9476274985418003,0.5774120517685654,0.8167606965311027,0.8510501785307241,0.8952784516785114,0.8910476415037063,0.9867855288772931,0.5457109912678012,0.8902538431230815,0.9065205555971321,0.8731665326144966,0.8857454954158741,0.8733660850947675,0.803409098341118,0.9255134534695351,0.8259267493680116,0.996064300017518,0.8845541940169055,0.9000524078049302,0.8233882902657537,0.9644314841462391,0.9065205555971325,0.8071569128822291,0.7394497086294891,0.943124291555468,0.5562047123647331,0.8954352541336303,0.9791410610656588,0.7497174084566484,0.905353552229733,0.7009718176395356,0.6218213931659198,0.7739860373732604,0.9094556823349389,0.4996816984475785,0.9806848395182723,0.8937412210693925,0.9453059590989745,0.8295097627646058,0.9065205555971325,0.9094556823349389,0.7857828821199957,0.7794090375579639,0.6116938173775173,0.9094556823349389,0.9769837327540795,0.8489400226485821,0.8193450442209942,0.7644111657438593,0.8305317565246901,0.9065205555971323,0.9094556823349389,0.7371163273296752,0.9094556823349389,0.8029615210609302,0.8049871552102872,0.7618842008594675,0.9094556823349389,0.8113002800279268,0.9094556823349389,0.9284045798049798,0.8841504617080544,0.8510501785307238,0.7994712074340724,0.9155711502428494,0.6392118497238735,0.9421708749432605,0.8851672469450578,0.354154018251712,0.9063104513897702,0.8576225708110163,0.9101117612748102,0.9187703462526828,0.8743184569850828,0.8610682650767477,0.8854349978333953,0.8630247769645161,0.8754516093417524,0.8489400226485819,0.46084657185707645,0.7957166044680071,0.9421708749432609,0.9094556823349389,0.6454285692438627,0.9094556823349389,0.9259879154029399,0.8489400226485824,0.8564218327576683,0.900832058342713,0.6217424410431542,0.4576925103609023,0.8907618578973234,0.8876707345437711,0.8090412684190862,0.9979873805056112,0.9930855411096988,0.47690821346113266,0.8119493229661165,0.7916344489131748,0.5120799630336659,0.9065205555971318,0.968803565300479,0.7131776381854043,0.5838625198609824,0.9769837327540793,0.6576261253562428,0.8802703877255023,0.850375239625313,0.7769287881634224,0.9013833969555975,0.7606912970317314,0.6762250264385925,0.9415223419388605,0.9255134534695351,0.8334403094715621,0.8468446367617051,0.9151643937053509,0.8245828613400166,0.9255134534695351,0.9600053496994748,0.5662566220773864,0.9220794934202008,0.8420008905563077,0.8902538431230813,0.9155711502428494,0.8827148855675935,0.6721729114079804,0.9421708749432607,0.9155711502428496,0.9155711502428494,0.6584851561977425,0.9255134534695353,0.6911444049830608,0.7989013485994536,0.8173335494555678,0.6988085238335924,0.9742388426031001,0.9094556823349393,0.9681763079881744,0.9036569103682495,0.9187703462526826,0.6478788582494746,0.5756193185098137,0.9155711502428494,0.8755049702528588,0.8510501785307238,0.6707318593949472,0.0,0.625654960410083,0.7680702254845824,0.945251669103232,0.8896144584854689,0.8751921713867115,0.9801145305445413,0.8527315889906659,0.929090574034799,0.9803007358963212,0.5147818967153308,0.8385964912280697,0.9589654814068507,0.9094556823349389,0.9187703462526828,0.9334362835513016,0.8778722974583608,0.9255134534695351,0.968803565300479,0.9856553282246239,0.9094556823349389,0.9213491646760281,0.9255134534695351,0.986534342747938,0.8916043046930904,0.9548417113901166,0.8827012888689014,0.9463449611535275,0.5662785898838234,0.7131776381854043,0.9213491646760283,0.8981194480464403,0.7165629027870095,0.693879869281139,0.9375086369820276,0.8065011344550457,0.8954352541336303,0.8661220780264802,0.932833950574053,0.6312110408769229,0.8827148855675933,0.6445423943666306,0.9008583849785583,0.9065205555971318,0.8877071061324975,0.817333549455568,0.5837803028026053,0.7578731453509697,0.6947887595025859,0.9094556823349389,0.9927175384399548,0.6592109391009249,0.8851947941280291,0.907355135221481,0.968861512945716,0.6954629264256339,0.9094556823349389,0.9094556823349389,0.7229192328941063,0.44571532054849117,0.7877258438301797,0.9094556823349389,0.929090574034799,0.9094556823349393,0.8618519839156851,0.8398927367478095,0.8144285140895293,0.9094556823349396,0.864069247944542,0.9589082569453209,0.7192094533367572,0.6935590349197955,0.9094556823349389,0.809346624012363,0.8510501785307238,0.6295278150708579,0.7294320217986794,0.8640692479445422,0.9086277204503814,0.9155711502428496,0.6086481994337776,0.9094556823349389,0.6738369140291067,0.8778722974583606,0.748863705726081,0.9941271273816645,0.9124696683389528,0.7354042515255135,0.8981194480464401,0.9094556823349389,0.8175983785111764,0.9517527950324828,0.9094556823349389,0.905787125813225,0.9797522346064267,0.9414972020753518,0.7241746942463396,0.6126454550090201,0.9094556823349389,0.8861988761213326,0.9680771651634577,0.968803565300479,0.7737084297651315,0.706360415962542,0.7437971724319774,0.9366517570269985,0.8377958183335688,0.9155711502428496,0.7153904683339447,0.8410814274862977,0.9512709708775551,0.9381646552602884,0.8979901649103519,0.7896818625615616,0.9826253051899481,0.9187703462526826,0.9092575998972448,0.9094556823349389,0.9742388426031001,0.8960304489894682,0.8891275127832983,0.7916409186598596,0.9008320583427127,0.9421708749432602,0.9924591653211132,0.9544588564256291,0.9036569103682486,0.927863480227435,0.9094556823349396,0.8954352541336303,0.8682715542721524,0.8769230748686261,0.92831037912977,0.8422159892212935,0.9178375564359735,0.9670934961248692,0.9182191089113063,0.8618352270520764,0.9245613707051723,0.9801145305445413,0.9875116740821628,0.9314345115301756,0.9414341350869291,0.9121790042012339,0.8902144844650239,0.8505579307181195,0.8240628627731423,0.843316357360235,0.8508550668339616,0.9675651188505645,0.9476274985418003,0.8910476415037065,0.9629254303665231,0.895459572645648,0.7701288154159183,0.7590875321650238,0.8305317565246901,0.9865013132865541,0.9889266159558732,0.827461169062415,0.5985126911437829,0.6303521385843558,0.8851672469450576,0.7105745097025071,0.9278634802274353,0.7927288740890882,0.7926676627666032,0.901963196034923,0.8599861198875876,0.9155711502428496,0.9200908291623813,0.8805732118716418,0.9073551352214813,0.9212452372873247,0.9255134534695351,0.8065011344550455,0.8571019947328895,0.9220794934202008,0.8778449561972077,0.9008583849785579,0.9008583849785583,0.7664987043618083,0.5385072660612483,0.8663080297186969,0.7251438365270393,0.8447632757824064,0.9460879419108781,0.9065205555971323,0.9908161843861969,0.5453692439733279,0.9008583849785585,0.7916344489131741,0.9094556823349389,0.922079493420201,0.9094556823349389,0.9094556823349389,0.7508170930830109,0.817365995358706,0.8827148855675933,0.9094556823349389,0.8437344273149567,0.7735222223273697,0.901963196034923,0.76648945304258,0.8305161199707354,0.6892338813462733,0.7843961228399325,0.6694292121028168,0.9708818655073411,0.7353320443815137,0.9632911231259671,0.968803565300479,0.9615343759311801,0.8891141158967022,0.9295836921911602,0.8663080297186969,0.9919159996819459,0.7112034438816373,0.8608565299931625,0.9220794934202008,0.8148220981232184,0.9155711502428496,0.8698901241857755,0.7663166531334917,0.8802703877255018,0.8851672469450578,0.6852341113375218,0.8928372012248216,0.9063104513897708,0.9165215812574512,0.9683469235451458,0.8240628627731426,0.9589082569453209,0.9544588564256291,0.8730839872958023,0.8687608623232682,0.7331303412620982,0.9637319104506128,0.9188650486629628,0.7612207098167787,0.9560841674086034,0.8033061223540905,0.9856553282246239,0.6469959480069754,0.8685695845092947,0.932833950574053,0.6715718646439408,0.9360472999790223,0.6694292121028169,0.7377705001885548,0.9245613707051723,0.49576226185866534,0.9546175950360456,0.9094556823349389,0.9187703462526826,0.8778449561972075,0.9094556823349393,0.7721774442554519,0.9723979705743823,0.9421708749432607,0.8685695845092947,0.6990030907835951,0.9182191089113065,0.6070918225297202,0.9801145305445413,0.6495679845086602,0.9318887192162125,0.7003026325667813,0.9421708749432602,0.9552611489247411,0.9039051150498303,0.8489400226485824,0.8827012888689014,0.7837673835320973,0.9126864829050028,0.6801218491438954,0.4951101643028655,0.8827148855675933,0.8459823999424277,0.7721774442554517,0.6964188263770392,0.9801145305445416,0.8876707345437711,0.9544588564256291,0.9341964092502544,0.8134330692565356,0.8991443905192751,0.9065205555971318,0.6540469175913438,0.7165629027870095,0.986534342747938,0.6495896681672213,0.9542458562651465,0.9886239962860297,0.8510501785307238,0.9121790042012337,0.7705474753130884,0.8954595726456478,0.6408312436046304,0.9817720403804383,0.9629254303665231,0.9352098991478845,0.9187703462526826,0.932833950574053,0.9094556823349389,0.7337288545313669,0.7799463891987286,0.9550292589451809,0.8851947941280291,0.9094556823349389,0.9416531881217942,0.705063047510603,0.7002083040108842,0.8618519839156851,0.8285401031127058,0.829509762764606,0.9366194244871692,0.8918865233936687,0.9008320583427132,0.8817178736023112,0.980345220802771,0.8719569641853921,0.9220794934202008,0.8265572878591665,0.8226169622796946,0.9108515251011452,0.8489400226485824,0.9328339505740526,0.7094696284597467,0.9036569103682495,0.932833950574053,0.8954352541336303,0.9035881831250774,0.9501760208500685,0.755658179877092,0.815328310332442,0.9770357682633349,0.7647816095440279,0.5945822219327503,0.9060845154549804,0.8416625760719747,0.9065205555971318,0.9913065253514577,0.9008583849785583,0.9065205555971318,0.9065205555971318,0.8827148855675934,0.9094556823349389,0.6485804080818899,0.8678146277186343,0.9094556823349389,0.8827012888689014,0.8274611690624152,0.7821342117290753,0.9155711502428496,0.9220794934202008,0.9124696683389528,0.9065205555971318,0.9173700900823725,0.9431242915554676,0.9165215812574512,0.7086647544259367,0.9094556823349389,0.8345434795933919,0.9155711502428494,0.9476274985418003,0.8945260555036647,0.8866081569695672,0.9255134534695351,0.9124696683389528,0.6745096737368876,0.9654788704992254,0.8876707345437713,0.9094556823349391,0.912455697112885,0.8877071061324977,0.9537626584995493,0.878821014661697,0.8928015300883472,0.8795849899962052,0.8755049702528588,0.9155711502428496,0.9089539527653856,0.9655832868255187,0.9094556823349389,0.9501760208500685,0.8113351861625975,0.6116938173775173,0.7475913514685386,0.9008583849785581,0.927863480227435,0.8085277359553987,0.9421708749432602,0.8644646704581582,0.6145820967464357,0.9094556823349389,0.9094556823349389,0.9518020388980937,0.7900059926383904,0.8505579307181192,0.9541641318812584,0.751619902109821,0.7776175290977319,0.7516295783390081,0.600532996066459,0.8802703877255018,0.675865760132093,0.9094556823349389,0.9882886829673255,0.9187703462526826,0.5838625198609824,0.7172036711545542,0.9255134534695351,0.9174100552351045,0.9094556823349389,0.9094556823349389,0.6343963548997502,0.9094556823349393,0.6545770829442537,0.9245613707051723,0.7451044303789698,0.8441208612014641,0.9607856449884882,0.8441208612014641,0.7459370008954656,0.7527394395450664,0.9094556823349389,0.8489400226485824,0.5750344590635623,0.9124696683389528,0.9770357682633349,0.9932361103434251,0.9702219787945441,0.9045378819740283,0.853175894511782,0.7516168269676368,0.7682947747781301,0.9094556823349389,0.8028841110823549,0.8759279019397226,0.8273916766828402,0.793589423197085,0.7997877798757163,0.9612482618838919,0.901192645869396,0.8159733523239341,0.9377482909389646,0.9463396124189631,0.7940443732548783,0.9865013132865542,0.929090574034799,0.9677368608399362,0.9652011903472191,0.8002684491786292,0.5416908833721588,0.9460879419108779,0.9938173931908977,0.792195311769113,0.9284747827280935,0.9439806770970423,0.7986640885565222,0.8754516093417528,0.932833950574053,0.9865343427479378,0.8505579307181195,0.9683469235451458,0.9986118598060212,0.9683833021196732,0.929090574034799,0.9245613707051723,0.9037041980940853,0.773913203157554,0.8981194480464405,0.9065205555971325,0.9443035643220181,0.8336334930041498,0.7096276388809599,0.9410322674329472,0.907355135221481,0.9008800018959962,0.8741200856167297,0.9094556823349389,0.8071248883001414,0.9501760208500685,0.8144285140895293,0.5606698608677743,0.992095146371571,0.8827012888689021,0.8009619970027597,0.9094556823349389,0.836492621397375,0.6892338813462733,0.6952783482572558,0.5866234338581008,0.7125165775203879,0.6047785092483577,0.9637319104506126,0.9398253938962522,0.9949667967412966,0.8128679982625999,0.7003031818021139,0.885167246945058,0.720413670829471,0.932833950574053,0.9182191089113063,0.9094556823349393,0.9017520014327859,0.9372858620764026,0.9181358718469264,0.9094356406923487,0.7155864841910802,0.9683833021196733,0.9065205555971318,0.9786650065150035,0.7721774442554523,0.8148220981232182,0.6644640809430931,0.6518126417005625,0.9094556823349389,0.6069036349576866,0.776060767123018,0.8618519839156851,0.9094556823349389,0.5823978868922295,0.8981194480464401,0.9255134534695351,0.9182191089113063,0.9065205555971318,0.8387575542024286,0.808274678152799,0.9056548208684178,0.9340098336356584,0.9882828428868551,0.9512709708775549,0.6843489819142907,0.9094556823349389,0.9193071817199612,0.9094556823349389,0.5385072660612485,0.7577496476202727,0.9658328143633006,0.5838625198609824,0.658566638018712,0.8588534963841605,0.9987474086351825,0.8618519839156851,0.9094556823349389,0.5696417989928886,0.8348026506087807,0.8665423301739184,0.8663080297186967,0.8754516093417528,0.9913065253514577,0.8663080297186969,0.5318037331695973,0.8510501785307241,0.9431751458053944,0.6693571714002298,0.8510501785307241,0.8618519839156851,0.9187703462526826,0.8389504944431287,0.8510501785307241,0.5838625198609824,0.8778722974583608,0.9964480445123054,0.8173335494555678,0.9460879419108783,0.4454998733287612,0.8827012888689014,0.8071248883001414,0.901963196034923,0.9495734432236993,0.8468446367617053,0.7538096788058789,0.8560751265203924,0.7663166531334921,0.824252831931592,0.8618519839156851,0.8483987238898336,0.7307041537341783,0.9198709428047303,0.8615863569408522,0.9372858620764026,0.5836600746209311,0.9589654814068509,0.8483987238898334,0.9623295270285233,0.8708552650198258,0.9308088516656006,0.8937412210693929,0.9187703462526826,0.922079493420201,0.8766349506470452,0.9276775566932935,0.9013844639182802,0.9886239962860297,0.8663080297186969,0.7283394081053114,0.8876707345437713,0.8640692479445418,0.9094556823349391,0.9787325639523707,0.8242720635380048,0.9486729941161243,0.9410149520183594,0.9654842141547977,0.9220794934202008,0.9375086369820274,0.9111328334408857,0.8778722974583606,0.9008583849785581,0.8685695845092944,0.8675842513525853,0.9239573143456326,0.8519411054454562,0.892801530088347,0.8903886424065688,0.9460879419108781,0.673374159419344,0.8266927936020096,0.9155711502428494,0.9124696683389528,0.7894000570035359,0.8708552650198258,0.9155711502428496,0.808571234883365,0.7117890765816568,0.833407291635587,0.9806848395182721,0.903656910368249,0.7155184651816773,0.9874462917853005,0.8505579307181197,0.9589654814068509,0.843083844180882,0.8827012888689016,0.9220794934202008,0.8991443905192749,0.9440876206769653,0.9544588564256291,0.6116938173775167,0.8605674394306895,0.587232655194813,0.9988113564717753,0.9220794934202008
p114_E,0.7201459595475399,0.8664319147745596,0.7536267205171054,0.9587879673472472,0.7342152810431978,0.91420396482916,0.9162545080758144,0.9243496760420532,0.9663910871087085,0.6560672089274788,0.9526419804737134,0.816154387334789,0.6813749902313895,0.8235335835879469,0.9431599262182494,0.9295913229704111,0.9373075260324406,0.8439974845602785,0.9291724979963372,0.9528733312996052,0.9672694812248981,0.8890122180890285,0.9778060502330219,0.718479484218329,0.8565137343618394,0.8707246235926529,0.8733592706140672,0.8023594691251899,0.9528733312996052,0.9792379243849678,0.8540505230455013,0.7591646141465549,0.9010752173319365,0.8151872676642644,0.7688919629409907,0.9048529663349028,0.9239484101648903,0.8698606290925379,0.6742237505107236,0.8409735269221554,0.7709128636729372,0.7996930761676878,0.9486052736174679,0.7779790454991234,0.9987442185491859,0.652641731897829,0.9291067501802863,0.7837531465770202,0.8409735269221554,0.7698097246159112,0.7208761834465116,0.6575034158851545,0.843997484560278,0.9810110244607033,0.6307059590770858,0.8638929830074615,0.9029484180156709,0.8843412180810755,0.8587269978861186,0.8769340287666245,0.8907948785515685,0.8635033612614549,0.9241789016574025,0.9493533313890893,0.9004665216997632,0.9395151366292912,0.9345279402530979,0.8035161203770673,0.8626795670648639,0.9878402341692827,0.8207273071307541,0.8409735269221557,0.6995385991454046,0.6250811764698095,0.8843412180810755,0.7414709575547707,0.918261386729579,0.9227838767342831,0.8815315868636329,0.9142039648291602,0.6592026709136922,0.9054558542462887,0.8321144589218235,0.8887311251159747,0.8843412180810755,0.8124509893605874,0.9939911073487692,0.9308567740684632,0.5464545752390255,0.8805919691825626,0.8843412180810755,0.7917518049064638,0.8945019118085962,0.9872634818419584,0.983120203750292,0.9948309947860086,0.7864136669758908,0.7438921262855445,0.4493256427343244,0.7121595372770955,0.8638929830074615,0.8921529459435535,0.8843412180810764,0.9242092991260251,0.7571881615034008,0.9048529663349028,0.7886504630631694,0.45926919790132115,0.8853669508216874,0.632804619599955,0.7350485434995551,0.8268658596875627,0.6264069348345245,0.7938276668994626,0.8921529459435538,0.6299984693746261,0.8664319147745596,0.7217043284103863,0.9142039648291602,0.6304642750286666,0.8222228359505326,0.9047313872419542,0.8565137343618396,0.9225252776495383,0.8707246235926533,0.6912714256919674,0.8881911996032121,0.9661804546416983,0.9142868184584121,0.8091546459968546,0.7685370178684147,0.8921529459435535,0.8962395095530544,0.7656842582129719,0.8733592706140674,0.9346959213088937,0.7219831892449395,0.9345279402530979,0.8962395095530544,0.9097318037088531,0.6152858197348372,0.9094222802137255,0.7554186789216624,0.7251897817904791,0.9300399220683393,0.8129587883514019,0.7835445049366001,0.5999586890909628,0.9222749172063311,0.6256941848061377,0.9094222802137257,0.6694109156616126,0.9506314445604678,0.8556162203675433,0.9123183369467285,0.972502169072996,0.8192896751389938,0.8490535020405552,0.7172699980013837,0.7758712729626831,0.8617332702577251,0.9291067501802863,0.9054558542462887,0.4601979604411398,0.7659352327632296,0.8097356591508627,0.8662316196988598,0.8508368079409294,0.9579525796122139,0.7146076915018468,0.9829744616877814,0.8805919691825626,0.8379864720100321,0.814490225131222,0.8929484223741214,0.8998956313853426,0.9463466002520926,0.8465574919854293,0.9696219508220778,0.8340224533901277,0.8723297378884345,0.89609499474898,0.99342553799461,0.7487646887830893,0.9605068342933856,0.7649295012684161,0.7624128456494985,0.7576066174953552,0.8969433269275072,0.9733553741252823,0.6638971220421825,0.88940178109662,0.7786222160963072,0.65857939904269,0.7741238218013317,0.8843412180810755,0.6112078525332937,0.9918748714644632,0.6227234312046768,0.7973665898419904,0.9442521424638988,0.7487646887830892,0.8843412180810755,0.7690922634407902,0.7778671350678857,0.6995182600133587,0.8843412180810755,0.9127155468851498,0.8973472988653552,0.9808745549391589,0.9374636204293296,0.8042949548618118,0.8805919691825623,0.8843412180810755,0.8199062827145651,0.8843412180810756,0.8994787011220132,0.8216310220562617,0.7192673132207734,0.8843412180810755,0.7506311796869263,0.8843412180810755,0.6541655853520152,0.8308948451441422,0.8097356591508629,0.7174453857111875,0.8921529459435535,0.5242626728165813,0.8769340287666247,0.937754899504107,0.8477452641460165,0.911737459779512,0.9505366954847506,0.9318406132079879,0.9345279402530977,0.7709128636729372,0.7751677449992772,0.7988876253130306,0.958281362361308,0.8973472988653555,0.9650776192817683,0.6790029414573201,0.7390540974543198,0.9753273535933089,0.8843412180810755,0.7310268639433719,0.8843412180810755,0.7772396926128458,0.8070402049768046,0.9123183369467285,0.7565230142236766,0.49450942665735376,0.6112078525332938,0.614667884457732,0.8565137343618394,0.7560746509446188,0.8630676692554227,0.8662316196988598,0.5904937947421903,0.8116886237716043,0.7597893185829292,0.5119069554321318,0.8805919691825626,0.9005867312146186,0.6567866304672503,0.6742237505107236,0.7104619110460539,0.8349256869470361,0.9829246556733111,0.8950157602898949,0.8727754223410102,0.9506067676467717,0.41318528691087963,0.5340631366788655,0.8955490270784823,0.9048529663349028,0.7563539674143536,0.8043636175820787,0.9331008297272769,0.9584573525434403,0.9048529663349028,0.8193323018322626,0.7414105089165255,0.9004665216997629,0.8080952271679027,0.8235335835879467,0.8921529459435535,0.8151872676642649,0.6113522349842966,0.8769340287666247,0.8921529459435535,0.8921529459435535,0.5413053702529556,0.9048529663349025,0.7851013624610115,0.9709232201740835,0.73905409745432,0.8935419107517326,0.970666131913527,0.8843412180810761,0.8409735269221554,0.8769340287666245,0.8962395095530549,0.5502102904632975,0.3785569676776941,0.9291067501802863,0.8409735269221554,0.8936312036484716,0.6097426909213288,0.625654960410083,0.0,0.6330044032084103,0.7061960873096038,0.6871781844579774,0.7971418535286672,0.9094222802137257,0.8688007622688099,0.9094222802137257,0.9981673794657782,0.5608101378033401,0.7938276668994624,0.9660605544170189,0.8843412180810755,0.896239509553054,0.9967273700158401,0.8439974845602787,0.9048529663349028,0.9005867312146187,0.8805919691825623,0.8843412180810755,0.8565137343618394,0.8046915962447666,0.9142039648291602,0.9266389359149032,0.7814813098320599,0.8501659032843127,0.9123183369467288,0.5393242191822036,0.6258992935136505,0.9427267985586811,0.8698606290925381,0.6379453701826279,0.6644014032156549,0.8851792749904985,0.7074789098984533,0.9504996123077558,0.9648601158627239,0.9142039648291602,0.5363624918904865,0.8151872676642646,0.5533866962473657,0.8733592706140672,0.8805919691825626,0.9403867776529803,0.7390540974543198,0.5661881354336127,0.6831792403256004,0.5872875718311301,0.8843412180810755,0.8277823125917475,0.5185475416213058,0.8179456348562546,0.9568588489090313,0.6995182600133591,0.6986669466296075,0.8843412180810755,0.8843412180810755,0.5276889907538092,0.6421895551628978,0.7950354691175712,0.8843412180810756,0.9094222802137257,0.8843412180810764,0.8235335835879469,0.7659352327632296,0.5542026300206438,0.9190178999788696,0.826365854716423,0.8890122180890283,0.6180336526519681,0.5784221533862712,0.8843412180810755,0.7294233809075648,0.8325535927816832,0.541644717245074,0.6841405295465788,0.9733553741252823,0.8403865035367111,0.8921529459435535,0.49262343919786467,0.8843412180810755,0.5534508102350981,0.9689125422130989,0.9274125612582227,0.8914686578582982,0.8615083264650418,0.6465135074314659,0.8698606290925379,0.8843412180810755,0.7278772797926543,0.7986538365027143,0.8843412180810755,0.7571638402918086,0.7799083385086782,0.6404074698999791,0.5794020756999452,0.5202061804559113,0.8843412180810755,0.8099988641516134,0.9998019315729607,0.9402558711168867,0.8243236629409052,0.7311051518068623,0.9365058003465743,0.8891463858106634,0.7830229135792424,0.8921529459435538,0.6562854865109045,0.9623642557720874,0.9659012495917307,0.6692322829633366,0.9743818796129142,0.7055028119584659,0.9778060502330218,0.8962395095530544,0.8439974845602787,0.8843412180810755,0.9048529663349025,0.7962081925656088,0.9718806676499427,0.6293445671742617,0.988200196761553,0.9097318037088531,0.7508677200752769,0.9954628312882463,0.9097318037088531,0.9526419804737132,0.9883712637744559,0.9274547390804546,0.7960311196361514,0.8221839553140371,0.8461852301619568,0.5827076213961198,0.9167735154427569,0.9579661512334019,0.9377548995041072,0.628637379131556,0.8890122180890285,0.9528733312996052,0.9465995982754586,0.80235946912519,0.9442521424638985,0.9829246556733111,0.9939911073487694,0.8193261257801434,0.8861242286360498,0.8851792749904985,0.9093913592550933,0.9497266823740862,0.9563192683487715,0.9093913592550932,0.8682093970897047,0.8788754340793861,0.7615065907128717,0.8038316688670213,0.8458328644102184,0.9987442185491859,0.9383852973980606,0.8269684554818773,0.5234310692176354,0.9839642438297592,0.8814621993288603,0.584668806854096,0.8383512933502744,0.7757312945008832,0.8733843419058074,0.85219375192108,0.8286163545548939,0.8921529459435535,0.9058966299687157,0.7939167363367834,0.9047270540527397,0.4698096657811355,0.9878402341692829,0.7225959248592044,0.8841849777839873,0.9004665216997632,0.878189460043324,0.8733592706140674,0.8733592706140674,0.9506067676467721,0.6802106944931963,0.8292256120116164,0.6028088441954383,0.801704945212492,0.8805919691825623,0.8805919691825623,0.6977204396067382,0.9156388623700212,0.8733592706140669,0.725189781790479,0.8843412180810755,0.9004665216997632,0.8843412180810755,0.8843412180810755,0.6817007159339749,0.8933669999701506,0.8151872676642644,0.8843412180810755,0.6193751867230959,0.5224832621799884,0.9671920603018178,0.9778670266493271,0.7474509294018474,0.678239264082215,0.8894017810966202,0.9828341295170471,0.6556099960882735,0.8179934885134774,0.9993848541062302,0.9801654300488659,0.9739341025718546,0.9848087655561648,0.770735795702072,0.8292256120116166,0.9740664297104696,0.762290446868867,0.8520424649538003,0.9004665216997632,0.8025869058443666,0.8921529459435538,0.8740587082567517,0.789246926864915,0.9829246556733111,0.9377548995041072,0.7987328909783659,0.8753623611860428,0.8788367279410505,0.6963425493567854,0.9359636428127365,0.88612422863605,0.9182613867295792,0.9597056207265682,0.9160883287282691,0.6021812041449552,0.714245773426478,0.8962395095530546,0.871698595368513,0.8388735800032527,0.981705592077054,0.7487487355795239,0.9479816677342621,0.5267691805658034,0.8321144589218232,0.9142039648291602,0.587995397180263,0.7904606128496079,0.792342365344711,0.6274995460797006,0.859763049448478,0.7677835250866171,0.7970768727297641,0.8843412180810755,0.8962395095530544,0.8553715264125035,0.7688919629409912,0.7506311796869263,0.6722502523027123,0.8769340287666247,0.8321144589218232,0.6775120579786071,0.9659012495917307,0.5582188236770933,0.9094222802137257,0.6344958422226241,0.8682093970897046,0.6595744365531335,0.876934028766625,0.9740664297104696,0.9009783780201184,0.8973472988653559,0.8778108787653007,0.8428339152959642,0.8346532231267401,0.5687458192537591,0.3718423491634124,0.9318406132079879,0.6560191052578548,0.6839986230583677,0.9285252561471544,0.9094222802137257,0.8851936582303366,0.7542366947800082,0.6801610579203734,0.7310268639433719,0.9945523918243748,0.8805919691825626,0.6552603446143233,0.6379453701826279,0.9599342186802842,0.7933884768181112,0.9660605544170191,0.9508650863988162,0.878189460043324,0.8742335215938111,0.6967631825036681,0.8540505230455011,0.7132874076107054,0.9667972379297373,0.892925772994853,0.8161543873347887,0.8962395095530544,0.9599342186802842,0.8843412180810755,0.7648606883783323,0.7780476207298301,0.8973915321386275,0.8179456348562546,0.8843412180810756,0.865080102946675,0.6462678335285448,0.9416644716248816,0.8235335835879467,0.7809819176584165,0.7917518049064638,0.8736437688618253,0.6533747015770413,0.8605618022541677,0.8369515654851628,0.8878138677815146,0.8080225602666942,0.9004665216997632,0.7784491248459176,0.902948418015671,0.8921529459435535,0.8973472988653557,0.9599342186802844,0.98627212433697,0.8769340287666247,0.9142039648291602,0.8664319147745596,0.8379864720100318,0.9190178999788696,0.7986645201101998,0.7366412213740456,0.8876788640791472,0.5955085534520255,0.6137519150216124,0.7535513511591749,0.6702267304928412,0.8805919691825626,0.8962395095530546,0.9053333983232537,0.8805919691825626,0.8805919691825626,0.9281753721395445,0.8843412180810755,0.7109770691665067,0.9156388623700213,0.8843412180810755,0.8501659032843127,0.8080225602666942,0.7631979623275763,0.8921529459435538,0.860797381797495,0.7542366947800069,0.9142868184584123,0.8645520468358909,0.9438421302531429,0.8933669999701503,0.6515403068753753,0.8843412180810755,0.7886504630631694,0.9291067501802863,0.9331008297272767,0.8279396620880141,0.7912321307688628,0.9048529663349028,0.9239484101648903,0.627247636005215,0.9199240723374935,0.9138735820988337,0.9883712637744562,0.8091546459968546,0.8923930816956338,0.9781750782149234,0.96310098619215,0.9825000842131437,0.9463466002520926,0.8672792553523236,0.9291067501802863,0.9998723734680333,0.663261509175051,0.8843412180810755,0.9883712637744559,0.7499452804503812,0.6995182600133587,0.7716904194882588,0.8733592706140672,0.9876418120474261,0.8781496507267483,0.9097318037088531,0.9536700099355946,0.5970192766969113,0.8843412180810755,0.8843412180810755,0.9831231554159834,0.7395091590728897,0.8397646262472565,0.8737676423697772,0.6189632222684124,0.7159348441961708,0.6354777446158222,0.5870972327671906,0.8470607380739359,0.7448684967263111,0.8843412180810755,0.7434957177339343,0.8962395095530544,0.6742237505107236,0.6155149568843243,0.9048529663349028,0.7645140321728494,0.8843412180810755,0.8843412180810755,0.48836313662956965,0.8843412180810764,0.558766415565298,0.859763049448478,0.6744035201860632,0.7709128636729372,0.9352167665340159,0.8308558218739313,0.7222325495188279,0.6599281620571438,0.8843412180810756,0.8070402049768046,0.6244604666908434,0.8881911996032121,0.7631979623275764,0.9068333582708733,0.8941502706936373,0.9865603055071984,0.8124509893605871,0.7184794842183293,0.7784883325999892,0.8843412180810755,0.7020364850326848,0.8876518003899165,0.8494484010540989,0.7797690083845505,0.761151061958343,0.7674311393900726,0.634943266234697,0.6997633914860424,0.9403760806317423,0.8719990431730138,0.7452758563542174,0.7429511968756927,0.9094222802137257,0.644363540920306,0.8887311251159745,0.744868496726311,0.6060108913463819,0.9142868184584123,0.7720630384261525,0.8897994940048912,0.8973472988653557,0.820943820044847,0.8114145120640961,0.85219375192108,0.9142039648291602,0.7656842582129719,0.8397646262472565,0.7807931380917066,0.9626451869741437,0.8729220086343707,0.9094222802137257,0.8890122180890283,0.7014994209432632,0.6646183471885185,0.9010752173319367,0.7150698395072393,0.8252288850233821,0.855059107441998,0.789993905341686,0.7553945460884846,0.9107208165629549,0.9121667780731153,0.9434351325043069,0.8843412180810755,0.7536267205171052,0.9883712637744559,0.6585793990426902,0.6560672089274788,0.7725202926478125,0.8501659032843123,0.803119983522989,0.8843412180810755,0.7535722715979106,0.6331173306312388,0.7904494154628428,0.5546878672511935,0.6866454233201096,0.5481246152591641,0.8962395095530544,0.6860695754870201,0.6667854568851295,0.7985644199514841,0.6846849043483638,0.853315849241236,0.6428642337041466,0.9142039648291602,0.9096085494164834,0.9190178999788694,0.9271217352392784,0.8935849837824918,0.6439268912081597,0.9762888695487272,0.6442483760225128,0.9769520543277509,0.8805919691825626,0.726564329259139,0.6839986230583679,0.7634589213141181,0.5565202539243446,0.5328243034382314,0.8843412180810755,0.6171093113535895,0.6887844990893512,0.8235335835879469,0.8843412180810755,0.7343780248989296,0.9428518414710712,0.9048529663349028,0.9096085494164838,0.8805919691825626,0.8100144035859929,0.6214597347922286,0.9038269352009607,0.9157060050023209,0.9104544847053618,0.9096085494164836,0.6043632799592777,0.8843412180810755,0.8075783720266305,0.8843412180810755,0.638717060576006,0.8072409573376409,0.8422391857506362,0.6742237505107236,0.9917121721116299,0.9697239494185292,0.9257086330735442,0.8477200779284808,0.8843412180810755,0.5434418456901207,0.6744404966251085,0.8699050767749099,0.9970000107511922,0.829616978448942,0.9345279402530982,0.8292256120116168,0.6591708273525693,0.878189460043324,0.802727040108216,0.6672896561007926,0.878189460043324,0.8235335835879469,0.8962395095530549,0.7574626852085016,0.878189460043324,0.6742237505107236,0.9689125422130987,0.8615083264650416,0.8495056239794094,0.8805919691825623,0.8061603467614287,0.8778108787653007,0.9251896002692193,0.8070402049768046,0.8933669999701508,0.9160883287282695,0.6592176329046497,0.6476801409555395,0.5552535777405098,0.9191171193489711,0.8235335835879469,0.7962081925656086,0.772693798996545,0.9599582640863158,0.791232130768863,0.8935849837824918,0.6112078525332936,0.9291067501802865,0.9381762075462114,0.9132687697248496,0.9862721243369699,0.9371448389585988,0.9447828619493629,0.8962395095530544,0.9004665216997632,0.8860362628047751,0.8572820830599008,0.9673101280133805,0.8645827842168786,0.8292256120116166,0.8966473572582768,0.9425535059673309,0.8998606144208527,0.9190178999788694,0.8710954141531027,0.8288295809586366,0.8901925261153096,0.8642680042631916,0.9957662400088105,0.9403760806317423,0.9318406132079877,0.9128883007330933,0.843997484560278,0.9692816537416273,0.9327849554741356,0.9693343174560874,0.9461146186812446,0.9506470428370615,0.8630676692554224,0.9730491931099828,0.9479816677342621,0.883293188560317,0.9621564589820237,0.8921529459435535,0.9239484101648903,0.6661994690989455,0.8605618022541672,0.9660605544170191,0.9935272593798042,0.891852486737775,0.9976788735635546,0.9425295786510808,0.9425295786510806,0.7608370868606896,0.9286742928677832,0.7988876253130306,0.9291067501802863,0.6920032988374045,0.8778108787653007,0.9004665216997632,0.956187321481143,0.9829246556733111,0.9954628312882463,0.6995182600133583,0.8679142117335912,0.6802106944931963,0.9223346066054567,0.9004665216997632
p114_Q,0.8557684126893357,0.819409842384085,0.8694234025255401,0.996737936602733,0.8983676175158462,0.8054803010644618,0.6198861598296057,0.6459937899463908,0.8716553320870115,0.8737781800841438,0.9629825713700773,0.9493117100236348,0.8914571445678523,0.6229807496620186,0.8179234805846542,0.9366411153431633,0.9294260551326696,0.9420471392923732,0.8832310600312396,0.8277973742576541,0.8508607568503288,0.9192059715787328,0.986932538036146,0.9055879259360589,0.8798658031392226,0.7826074507426817,0.7647258735738939,0.9699353499283898,0.8277973742576541,0.49979798577706847,0.7620225581106219,0.8554077319402791,0.8186482473018311,0.9627849644206095,0.8983676175158459,0.8832310600312396,0.8748900904594732,0.7257864346479018,0.8804415508981578,0.679598493777029,0.9209161909019579,0.8335322342666973,0.9625193750831527,0.9534671863030418,0.9568760853924658,0.9338419956331192,0.9131632661895819,0.7360915313142222,0.7925168269965812,0.9185194121022682,0.9211495461267731,0.9517878040492063,0.7826074507426817,0.7670212865813977,0.8990421269577602,0.7964719229254078,0.8031912387746843,0.6848496741376313,0.9704299689829756,0.856662305400546,0.8637153326741001,0.9636188771087133,0.9649925901227854,0.7322240880671151,0.7287883583062164,0.8248816392946958,0.9473668255002387,0.8942331038661272,0.7805034697591122,0.9188536583074237,0.5935468326146953,0.778393506769121,0.8983676175158459,0.687909625650486,0.6848496741376313,0.6556259665294553,0.8045770730392641,0.8575835747899001,0.7681023105650229,0.7662205325597902,0.9373491636786453,0.9951959541874676,0.564147316580353,0.7826074507426819,0.6848496741376313,0.5483759162341866,0.9803514991914477,0.6768525210438563,0.7795260179622636,0.70356089724167,0.6848496741376313,0.4105017903491156,0.7773314478510094,0.707907501104732,0.7802132716678232,0.9874180136590958,0.49322939142000766,0.675070538557045,0.7558286702632273,0.7909649744256613,0.758709367852472,0.8013106521092748,0.7443900610442784,0.6574256077663709,0.8927111743754874,0.9030333503116557,0.6598450818292734,0.7806732950081063,0.9537315972461897,0.682556916081384,0.5323360612285923,0.9098593258370475,0.969348065663483,0.7520096880812543,0.881438146000566,0.9130876204266509,0.9765755097921511,0.9030333503116554,0.9197013194028298,0.7478604560658078,0.8964917436383323,0.5418297986684198,0.7075122835562988,0.8543547149475728,0.9661710573859785,0.5827086497263272,0.8748900904594732,0.9743789273699591,0.9639064417926917,0.8474007443171427,0.8498164414187852,0.84971302581155,0.9144959184069915,0.9197013194028298,0.6549257525347102,0.9297545630300361,0.7541901764488872,0.9802377325934858,0.888278639033526,0.6928234924637203,0.9477725700396541,0.9110812357914191,0.7590282225786589,0.7387217806761914,0.557844872526809,0.7535916531683511,0.9611426512212339,0.7706305398110271,0.9138955066325833,0.6301581154376878,0.8651004299649284,0.9564910248991448,0.7816644780773431,0.6538997749057127,0.9802377325934858,0.800977173413032,0.6824091709186775,0.9273236845723133,0.9879319371682811,0.3995945933988515,0.6558393003285867,0.9766135065676136,0.9002622727577274,0.9906614784861114,0.7414725045688013,0.5207410703151578,0.7455607137971159,0.9552238459628386,0.8308680091747329,0.8923371878341457,0.8721522076224949,0.862529861839961,0.7742309874643025,0.6315640167043273,0.8439100922340117,0.7464644269238168,0.8476084617550554,0.9962464550801925,0.7673634221547785,0.6928335332295353,0.7952205242015296,0.9036585668614725,0.9743994066142556,0.9493117100236348,0.8797009836652434,0.638593129095155,0.9177787235423283,0.8096305822550816,0.6622441749760202,0.9683567858189088,0.8848194430340293,0.9954582444743532,0.9733820559887146,0.7809877034114425,0.8277566041887492,0.6848496741376313,0.8441922549828875,0.8336091806311385,0.9355760533415928,0.987765109736656,0.9021540755766921,0.9203844272957435,0.6848496741376313,0.7590315080946237,0.8961983040713952,0.9110812357914193,0.6848496741376313,0.8719215579666038,0.8667830749506908,0.909885673940581,0.9455871089283621,0.9272243457953737,0.6746336145137798,0.6848496741376313,0.9650561138978926,0.6848496741376313,0.8699840321495327,0.9743966079582518,0.9183665434415955,0.6848496741376313,0.8540074124504076,0.6848496741376313,0.7654778379340035,0.778014538826254,0.5795091756716715,0.7724915154839473,0.7378604117312431,0.7209905906570353,0.69282349246372,0.9386048295441269,0.8547983376541741,0.7227592897443631,0.9560256981529784,0.9828145201552085,0.9802377325934858,0.9761608439154006,0.9785751520346813,0.8667306034740476,0.9782346416889942,0.8086360830500476,0.8280184136835955,0.8509737027889623,0.4470063284887076,0.8054520429976554,0.6848496741376313,0.8842772105743217,0.6848496741376313,0.5816398593197813,0.7261879817448048,0.9211495461267734,0.9892738844425235,0.7209905906570353,0.8441922549828873,0.88084329783148,0.824671020432908,0.5000288119362081,0.9344837978641956,0.945776650673354,0.8497130258115502,0.5159420521955613,0.6374949795780447,0.8606802525677313,0.70356089724167,0.8954576130000749,0.8003613463406463,0.8804415508981578,0.8452082849275024,0.7517118292906475,0.8398752058653417,0.7523107203512376,0.47933730398787144,0.9868913603132672,0.9468757171729771,0.8063577596648609,0.8958586093463341,0.9030333503116557,0.8284004830905549,0.9192099013507213,0.7815951709705526,0.6332008980560055,0.9030333503116557,0.7241558235418046,0.73539866351623,0.9337451012300576,0.7965043834354664,0.5814521733352722,0.7061352915422273,0.7825189628092226,0.7496303146933174,0.856662305400546,0.8497130258115502,0.8814381460005658,0.8681533699289596,0.7407406669265033,0.6692187019419127,0.9974994983408558,0.667974616500645,0.9072438981719441,0.9900988548597918,0.7146198675909553,0.792516826996581,0.664666354830239,0.783012290034004,0.7459533043159265,0.8305661023142834,0.9916613732433704,0.9731861601478647,0.9503459814762187,0.7656105198951668,0.7680702254845824,0.6330044032084103,0.0,0.877406149692326,0.9073065267465859,0.44919177314828196,0.9770095970867546,0.9777721141333044,0.902403485672204,0.9971559241101929,0.9249300668513343,0.9181358718469264,0.9131632661895819,0.6848496741376313,0.8554077319402784,0.922710111322657,0.6437562784970169,0.9030333503116557,0.9337451012300574,0.8192700281532358,0.6848496741376313,0.8739148831708863,0.9900988548597917,0.8839998380738069,0.8840000907217844,0.9522061126622788,0.6391946488259428,0.9868913603132672,0.7383551927710967,0.9064293950745886,0.8552438717702335,0.9937660335010001,0.6912209706300395,0.881438146000566,0.7624894070746242,0.8574764646753767,0.8138702669970947,0.9212596443084795,0.9197013194028298,0.7162895756974803,0.5965648094182215,0.6915115160147978,0.9568760853924656,0.6746336145137789,0.9421919504313281,0.7630845624210817,0.7367057411068372,0.766701204994102,0.8037235370221294,0.6848496741376313,0.8439100922340117,0.8772812671166295,0.6052524594878971,0.9642793351870442,0.8737781800841435,0.8102256882329988,0.6848496741376313,0.6848496741376313,0.8687281733447625,0.7301662893586212,0.5662711883414021,0.6848496741376313,0.8651004299649291,0.6848496741376326,0.7683307668056298,0.690737760900189,0.8449935926669718,0.9281378109691689,0.5479086969910367,0.8187634423489139,0.9057156655883882,0.8839955061857085,0.6848496741376313,0.6848533481308432,0.5599198072195006,0.7382958625646585,0.8618499334981755,0.9895793431210863,0.5887783078299906,0.84971302581155,0.712297253165632,0.6848496741376313,0.8469019674689522,0.8961562376315493,0.7518484079744687,0.7955126250176909,0.9669835968892309,0.9370063872147557,0.6989884747625932,0.6848496741376313,0.8215379081576737,0.8961687511833113,0.6848496741376313,0.9475154720610817,0.919901480125969,0.8249764892187221,0.7916581673400884,0.7201945491401176,0.6848496741376313,0.8873961189797976,0.8665585663327064,0.9637765273080219,0.5666566128287718,0.7395628724502448,0.9137149305654864,0.7456642284961941,0.6913828710306996,0.881438146000566,0.8305661023142834,0.9257769056537763,0.8661132668060985,0.8396473559281139,0.591539142831474,0.7966829835103972,0.7936217040680686,0.888278639033526,0.6667017293274287,0.6848496741376313,0.9030333503116559,0.8943736416601835,0.969853615685755,0.8604489406043496,0.9016110634666044,0.6928234924637204,0.9324072488357829,0.9976814323658167,0.7209806300972037,0.908850390172764,0.7741602544976014,0.97103593440516,0.7541901764488872,0.6331330183636221,0.9030333503116559,0.8281086202991372,0.9024034856722037,0.819409842384085,0.8902771210521079,0.7160579204884758,0.8940953392712782,0.7904943185503781,0.7633561411020633,0.9895247183805611,0.6396165017071795,0.7232350059124985,0.8045770730392645,0.7088111395715753,0.928211132865339,0.7424598513400256,0.9418531888545197,0.8069494822847099,0.8290620116854224,0.8694547083106368,0.9601172055556273,0.7620225581106219,0.426001708135747,0.7253321901220406,0.7132606903543844,0.9607738238281465,0.7874307694874927,0.7937121289944773,0.8786763344170292,0.8861369440253575,0.793621704068069,0.8084040215726783,0.9117157559872138,0.6546276310291166,0.9098703643827926,0.9781582799809263,0.55251697192112,0.7695855319202589,0.9981808126976586,0.9602515947849365,0.7860350127786769,0.8694547083106372,0.9386559485878399,0.6757834625586496,0.8694234025255403,0.76294781546019,0.9895247183805609,0.7372758433140979,0.9568760853924657,0.9540204532200203,0.8674107520354712,0.7051680989146494,0.9071001122038926,0.8945982999243993,0.9782389927515258,0.9493117100236348,0.8864547547704018,0.8142816600742848,0.6549257525347096,0.6941658349800655,0.6848496741376313,0.8954576130000749,0.6848496741376313,0.6848496741376313,0.7778904102788158,0.8177855583140786,0.6566534766220173,0.6848496741376313,0.9003494549413152,0.7948410673972537,0.8812466268131869,0.6722587445519714,0.6384229882931469,0.8875324545882843,0.7746220610920118,0.9895568531759698,0.8571950434178841,0.9258400868430703,0.957559369080167,0.8654261869221102,0.7782566435564253,0.9724887693456599,0.9228428792270986,0.7691052200716164,0.9133721538450705,0.9692908559344791,0.6863247004827522,0.8312667297681369,0.607403695028695,0.881438146000566,0.503559717362402,0.9803514991914477,0.8865312858464787,0.8197566279957778,0.7262120294459873,0.8423557944110699,0.7917978757033985,0.9647397534718349,0.8686827738215788,0.9766135065676136,0.7685421777340049,0.848829390251254,0.7546739687357265,0.7579990933922061,0.9534607022755278,0.7830122900340046,0.9414933490985207,0.9019760248728742,0.8363037480165532,0.7842500454845465,0.8481973108811269,0.6872128199633916,0.7660482226484915,0.9232596065784799,0.789654871710034,0.84182842899964,0.9369170318751456,0.8889754030626611,0.7685421777340042,0.7780145388262543,0.9537097726911549,0.6848496741376313,0.888278639033526,0.950345981476219,0.9579080044224919,0.9970187959334353,0.9552408668839929,0.8336091806311383,0.8882462492115565,0.8970876523738192,0.7694578498220601,0.7413572946142848,0.9110812357914195,0.8089076284800767,0.9117157559872135,0.9111877275832725,0.6928234924637204,0.9133721538450705,0.8945992887660431,0.6486586592106138,0.6629280691833777,0.9939019831580942,0.9584055709777586,0.6545961887814165,0.7247267062512461,0.8970081454372002,0.8767061835275403,0.8969108274953163,0.9751462953005141,0.8651004299649292,0.7567561462942765,0.936285761412645,0.9743966079582518,0.9895568531759695,0.9235788889575096,0.70356089724167,0.8770090144260625,0.8403276610724834,0.9625193750831524,0.9840725976075375,0.9766135065676136,0.7464251633545953,0.9517071762629251,0.8102041942761287,0.792219066014803,0.8543547149475728,0.8985368145398756,0.9480327249734064,0.809182125221485,0.9928337245205829,0.95402045322002,0.8447400695691346,0.6848496741376313,0.9026962972168144,0.9646338384445738,0.7496303146933174,0.6052524594878981,0.6848496741376313,0.8329160563112838,0.7009737603498378,0.8816946969167758,0.5399235970085261,0.7301662893586205,0.6396165017071795,0.8086676410313658,0.6307576493512026,0.9892738844425235,0.8126561109577408,0.9469631121701537,0.9238336826921011,0.8954576130000751,0.694604219019086,0.7809503033135783,0.9916613732433704,0.6486586592106145,0.8054803010644609,0.7920325372467056,0.7209806300972055,0.8839998380738068,0.8138702669970941,0.8254321742357902,0.7741602544976015,0.9304667384466501,0.6487232881123977,0.9188536583074236,0.8685974240625229,0.8547983376541739,0.8527985048415907,0.7459533043159265,0.6746336145137789,0.8882786390335262,0.7098258130543014,0.6746336145137789,0.70356089724167,0.7968603667642076,0.6848496741376313,0.9607738238281465,0.8774478093174567,0.6848496741376313,0.6154612284685075,0.46840824475042053,0.9030333503116557,0.881438146000566,0.9979359844619955,0.9669835968892309,0.70356089724167,0.8128381187372646,0.8469794454271109,0.9144409752981175,0.6852419602470139,0.6848496741376313,0.6235779605812428,0.7695855319202591,0.8149366829530524,0.7295891897138016,0.7055408538521771,0.8119858634788716,0.8795272257278394,0.9477806772778539,0.8230996349125441,0.7567561462942773,0.8685974240625227,0.9393936187138308,0.6960895143254696,0.9396042098235292,0.8771607958251795,0.883216982481332,0.9742785468640243,0.6570148271331187,0.881438146000566,0.6779786424532888,0.9064954133302647,0.6848496741376313,0.9230112217642162,0.7196269074877466,0.8737781800841438,0.8281188795862373,0.8784237330487585,0.8575835747899003,0.8117109559514886,0.6928234924637204,0.9132928181162664,0.7128569500233024,0.6848496741376313,0.6848496741376313,0.8314071757742084,0.5777377736463265,0.6419643977182622,0.9446049550868412,0.851281438033572,0.8567772859523933,0.9653917601645059,0.750496328707511,0.6532508859407917,0.7572980544075822,0.6848496741376313,0.8916174122667309,0.888278639033526,0.8804415508981578,0.7108002231161153,0.9030333503116557,0.7835624688986882,0.6848496741376313,0.6848496741376313,0.7168929903302836,0.7443900610442786,0.7682330165371505,0.8799089699616287,0.7197480249821283,0.7836855706584358,0.8792318840935981,0.9723776734932787,0.7423699761015621,0.6973629718145263,0.6848496741376313,0.5517470060428751,0.7737692122131583,0.9362857614126447,0.9030333503116557,0.9788757040670515,0.831386999220063,0.6688852662378741,0.508766066810105,0.9055879259360589,0.6524075157705338,0.6848496741376313,0.820043053521667,0.7860350127786768,0.7836855706584358,0.7773155876062503,0.9356221916667646,0.9710359344051598,0.9301332172439671,0.6246067296716191,0.8654261869221106,0.5976322661837572,0.8212907045346256,0.9882238540879424,0.9110812357914193,0.8579120462536562,0.8043744343099007,0.7702908320221851,0.8554077319402791,0.70356089724167,0.7271541835304172,0.9299175356920437,0.7649526430119002,0.9347568315157431,0.9982208564121748,0.803717304278996,0.9232596065784802,0.9197013194028298,0.6595110048185373,0.9092105144882998,0.8719254137588763,0.8932410283108934,0.9770095970867545,0.919205971578733,0.9945378685010975,0.7324113123320164,0.8454462071871414,0.9203844272957435,0.9521584711531497,0.8889868684584007,0.8748900904594736,0.9555771051580154,0.8850596363388809,0.9820425294458438,0.9348367896396939,0.6848496741376313,0.37777111729796364,0.893241028310893,0.8065900591136543,0.8737781800841438,0.9968285142006781,0.7912032625956171,0.6409536958413633,0.6848496741376313,0.9348716153255681,0.8542174064503703,0.8149366829530522,0.7454948781595441,0.7804030251603125,0.7313124991783763,0.888278639033526,0.9609656379923923,0.9434398129635609,0.8229699198479481,0.6229571938767546,0.672802432838022,0.43542448810998136,0.8054803010644622,0.7936217040680696,0.8634708348575706,0.779473523996058,0.9816465065643145,0.8529435746901499,0.9753499326234807,0.8101630260827221,0.8685974240625227,0.6746336145137789,0.9200819006821885,0.9684165192368299,0.6074036950286944,0.7382958625646585,0.6890224373540883,0.6848496741376313,0.8279303233711177,0.8831382855999441,0.6022164614986457,0.6848496741376313,0.7489983266712625,0.9133721538450703,0.9030333503116557,0.793621704068069,0.6746336145137789,0.9790265160046694,0.8055529015730947,0.9372074521966514,0.8921549806191087,0.870179329147666,0.938604829544127,0.8399258395397251,0.6848496741376313,0.9454424739545639,0.6848496741376313,0.8674107520354712,0.5537430716927138,0.8059121371522742,0.8804415508981578,0.8956877957009737,0.9578210111622705,0.769660475663225,0.851387919459122,0.6848496741376313,0.7076823156089368,0.8385851300519911,0.9330964377059522,0.8117299675095946,0.9587759493473791,0.8882786390335262,0.896979462385551,0.7790693660488874,0.7754028601933831,0.77536372633018,0.8301151857146822,0.7754028601933831,0.7540906054367915,0.7172704758475099,0.667974616500645,0.7754028601933831,0.8804415508981578,0.7814289834794891,0.9409228966810117,0.8104962975109378,0.7324881799695621,0.7790693660488874,0.6154612284685075,0.9996539052698518,0.8086360830500481,0.9647397534718349,0.8041100907929988,0.9138955066325833,0.8914571445678523,0.8045770730392643,0.9093887509944417,0.7268021904788841,0.9640197066212977,0.738355192771097,0.8098232781638529,0.8554232120265195,0.6795984937770287,0.8441922549828875,0.881438146000566,0.9140996796967527,0.9221355798163345,0.9673581791985437,0.879231884093598,0.839775451949228,0.8882786390335258,0.8954576130000749,0.7862662720577273,0.8308680091747327,0.8558505117832512,0.9444744104750034,0.9751462953005143,0.8256596844010875,0.7813780776632658,0.8421651726388943,0.8685974240625227,0.7907259841418772,0.7312117415933521,0.8774999294167622,0.7706528381925575,0.9103019196652042,0.8995856440760839,0.9828145201552085,0.7439102770117321,0.7826074507426817,0.8196259340934857,0.9962792267552912,0.8732378787327587,0.8129816901697349,0.8265772704207677,0.8832169824813318,0.7570771721799696,0.7903427454253444,0.9638150124779314,0.5925986810791355,0.7061352915422272,0.9055879259360589,0.6556259665294553,0.7920325372467047,0.9599362530543548,0.98384383726896,0.7967319695915633,0.6960328424620725,0.8054520429976549,0.9411337183009956,0.7476756278988688,0.9714625338300326,0.8174304687210091,0.9282111328653387,0.7802600914613071,0.9002622727577275,0.9296170701540485,0.8741738347483996,0.86320324585591,0.8488293902512534,0.9110812357914191,0.9527315027805058,0.9030333503116557,0.7252761521410569,0.8954576130000751
p115_I,0.9161852424025643,0.9662629164047017,0.7897849550206901,0.9225689470390822,0.9336474770134964,0.8558507226181659,0.899768885597257,0.8832969719800903,0.875400600495106,0.8727724895979354,0.710441163946417,0.9778449024201883,0.9229135368852244,0.8042781230541722,0.9410027877859193,0.9515838097791718,0.9667715530069648,0.8941630282794868,0.9340917055261457,0.8792997209978722,0.9743288802378962,0.7272950482398134,0.9192491879637937,0.8866709973964708,0.7667157301807367,0.9595213074576399,0.8625192690762095,0.9373458175000093,0.8792997209978723,0.9542837857101327,0.9766466089568184,0.9697328529458062,0.8426472487233314,0.9895432320620213,0.9336474770134962,0.8664462932134458,0.7927144738704672,0.7502495901817803,0.8459404597981652,0.8352613205724629,0.8575985762239458,0.9423849201515986,0.9950448685899995,0.968511711394582,0.8768500210969024,0.6311576367183491,0.8020674121309703,0.8556534870972712,0.7066057887820234,0.9926767425152361,0.8448926576194737,0.7746891016382863,0.9595213074576399,0.7850294072023434,0.8680911962917621,0.7629900200872709,0.9319274162673268,0.7923174570100686,0.9969257199549144,0.8199664945771146,0.9231550442631316,0.944998534642215,0.7790455758297512,0.9143820050551712,0.854392235109874,0.9550039039326544,0.9054269517278616,0.9053490472428463,0.7890657707356891,0.9340917055261457,0.7182692384549928,0.7923761433089831,0.9619134810141818,0.8810241590892791,0.7923174570100686,0.9059602309836456,0.9418719239116563,0.880808818374083,0.9358356497126925,0.8558507226181661,0.92448529085144,0.885967168495714,0.9937401708376222,0.7416603768637979,0.7923174570100686,0.7350362247506663,0.9895556740609545,0.9168096554241469,0.8968780843958362,0.785585123047815,0.7923174570100686,0.649938903436642,0.8060253664481172,0.8995207378954855,0.8421407437962687,0.9869136403137636,0.7143154296547927,0.8681146222221918,0.7608423896105199,0.8671969918532563,0.7841071946097783,0.8623117216340954,0.8402244909810185,0.8409011053818893,0.96270642941342,0.7988008809007466,0.6391642586230128,0.7443815627199561,0.977116529391026,0.8166476462531389,0.7181814113115652,0.9468683235776647,0.8982685824486194,0.7392835770447916,0.8020674121309703,0.9755479801970282,0.9911336840439974,0.862972057535754,0.8185746204202069,0.7960999614544508,0.968511711394582,0.7633137367575428,0.8368493299174997,0.9968821388921407,0.9969065064235919,0.8880843869450161,0.7927144738704675,0.8399290071893737,0.8024296354399562,0.7271240144400568,0.7913051979367403,0.9225560311372211,0.9697328529458058,0.9577687663920409,0.8103931271108319,0.9438244759429223,0.9420591743890863,0.8742169028962785,0.8117968052331115,0.7790167470448564,0.7453220856890486,0.8084632097395303,0.7073553651237123,0.6361286193550597,0.7922472950681174,0.9174894061063943,0.8590847017040479,0.7154983336336673,0.9210316750994231,0.814269374241971,0.9147179766270431,0.7695167065851909,0.6404071052820967,0.9549833145226005,0.9990570982226108,0.9931979703736173,0.8589189406997862,0.9947724074634368,0.7637888950345315,0.8233353059077081,0.9422014285850575,0.9828003406403463,0.9986384139521877,0.692732701078139,0.8582997755160724,0.6534633690785279,0.8942432036222976,0.9716082855843873,0.9732252851668585,0.8872563905716788,0.9619992217007188,0.747498269904992,0.9624867111201387,0.9992984890418363,0.9336415554746441,0.8036395926226059,0.9002689993697955,0.7380116059475195,0.9036255995027824,0.8677152643308483,0.9249028182305308,0.9412613958419134,0.9836038856426457,0.8679821713502605,0.7072152109595107,0.6680472974590124,0.8498775811824004,0.994406168496951,0.7601586395630477,0.9677837294057186,0.8324856481619269,0.9566743130386076,0.7546520121592397,0.8575624560467785,0.786587632993851,0.7923174570100686,0.8575242220571015,0.8199664945771147,0.62594821896841,0.8702545203294407,0.8683691411071934,0.8405164885827785,0.7923174570100686,0.7850960582560281,0.942643092638584,0.8727724895979352,0.7923174570100686,0.7624945885112904,0.9663630865395749,0.9280684655803162,0.7905924177440169,0.7115353284694688,0.802429635439956,0.7923174570100686,0.798468141954597,0.7923174570100687,0.8330714831975976,0.877406149692326,0.8957189459273982,0.7923174570100686,0.9699713052953924,0.7923174570100686,0.7992340405448088,0.9835108937557294,0.8208596109327629,0.8042745842288443,0.8321895668825325,0.7920563636665872,0.8324856481619265,0.7586486459141029,0.9418719239116564,0.7354264275636672,0.5766318729785347,0.9134731180516706,0.9990570982226108,0.8492335997063475,0.7385358528165455,0.9480065975507067,0.8261855856467264,0.904815874637607,0.9479600809934579,0.9289761630622799,0.6732813830322946,0.8324856481619274,0.7923174570100686,0.9646666326046431,0.7923174570100686,0.8570179880352513,0.9048158746376072,0.9073127552826399,0.8910546297980166,0.7678035998799911,0.8575242220571015,0.8672741768611454,0.6965821304439734,0.734372536936595,0.9731617635450589,0.8670861054058354,0.8665888856018398,0.6784333004205585,0.9831292510554506,0.8426967758242188,0.785585123047815,0.9834403013011901,0.755340034919403,0.8459404597981652,0.8766305170198991,0.9907664455285079,0.8361215673069282,0.8503590176804696,0.6974312328257742,0.9073127552826399,0.7472852666583123,0.9272819145135025,0.9654159984674523,0.7988008809007466,0.8670020367034281,0.9505854937070101,0.8859671684957142,0.8733396723952501,0.7988008809007466,0.8822098031542633,0.8698877684051256,0.9510068085834029,0.8498746992740884,0.8437083977158087,0.8020674121309699,0.9705257035594337,0.8614539696102372,0.7664975934600439,0.8623117216340956,0.9870775046080908,0.6889178452110638,0.8664462932134456,0.9694410349188258,0.7663263616175744,0.8533460904827911,0.9239916459733156,0.9982628821611541,0.8119584869803327,0.9424742637311628,0.7932320440185795,0.8430068540646953,0.8272475784827913,0.6973556010422965,0.9526781858887836,0.8430998499514377,0.918746235071761,0.7536185114172961,0.945251669103232,0.7061960873096038,0.877406149692326,0.0,0.3276160733349007,0.6988942154733051,0.9501362322562135,0.9761556523748782,0.8084632097395318,0.9134731180516709,0.9295570754473412,0.7743352163616782,0.8623117216340954,0.7923174570100686,0.8742169028962776,0.9520331921256759,0.8661899480672873,0.7988008809007466,0.9510068085834031,0.85736100097492,0.7923174570100686,0.9771165293910259,0.8967947636921045,0.9577687663920409,0.9056258362589976,0.786005667736688,0.7282274248566506,0.9990570982226108,0.7751763583455802,0.7301628396942585,0.8368493299174997,0.9792451182976554,0.6462429174451514,0.8665888856018398,0.9724217109328035,0.6975258253747728,0.8099001748416388,0.8879373604955367,0.9204926641940823,0.7938991674178297,0.8374030040413198,0.783520270067982,0.7843300561281432,0.813050805815297,0.990881547705267,0.8833568750578734,0.849182431997443,0.8423928422839211,0.6114171230137218,0.7923174570100686,0.8140438994105053,0.8136618390184793,0.8266655836654386,0.8666659561513321,0.8727724895979354,0.8222874930772948,0.7923174570100686,0.7923174570100686,0.8002146726879578,0.9902593303318644,0.6588456153309707,0.7923174570100687,0.9147179766270429,0.8119584869803327,0.9028538097082639,0.8422426805813996,0.7846361961109449,0.9815545109844468,0.7326773501811601,0.9418719239116561,0.6479601269376268,0.7399686003963821,0.7923174570100686,0.853984340695101,0.7278616987915214,0.753716882581779,0.7648103495487906,0.832523656985534,0.8897122412182006,0.8321895668825329,0.8364316865954389,0.7923174570100686,0.6703373115406952,0.9533343203048237,0.9960473034743317,0.8878349264317307,0.9158177727358401,0.6923200470165827,0.8774693280239333,0.7923174570100686,0.8782520626468691,0.5932258596184277,0.7923174570100686,0.9078759453230945,0.8431140797210421,0.6653013272939636,0.6299607817419738,0.8027903280455819,0.7923174570100686,0.8375766131094857,0.9454293867259393,0.9834403013011901,0.9197447084139444,0.8030816032874248,0.914641566729186,0.8682904357199486,0.6592792192475885,0.8020674121309703,0.8428887187977441,0.8375386637061137,0.9651350571208483,0.8085067243067776,0.890175629154325,0.770468467720822,0.7824926625153521,0.7805867564015283,0.7354733897109826,0.7923174570100686,0.9982628821611543,0.8733396723952501,0.9877382440330873,0.9001470545046304,0.9216699761848408,0.8057511976033918,0.9938439720524052,0.9093015752279446,0.7790167470448566,0.9781617637613219,0.8402244909810184,0.9093832453988206,0.8105713068608295,0.8391267525122069,0.9679144116824959,0.749661170661543,0.9081907452271052,0.9839955483167071,0.8963062533852665,0.8584282548605706,0.8226625485384104,0.8438814653687023,0.9383964315862634,0.9187462350717612,0.9615998421632252,0.7918228647986338,0.8673930754911514,0.7480861769034726,0.9828003406403463,0.818385475538732,0.9632433090667889,0.9697336807460047,0.885967168495714,0.8980949037179651,0.9001470545046304,0.9968821388921407,0.8712384745589294,0.6036318116220223,0.7623235232974499,0.9667715530069648,0.931641638003496,0.7827197477813436,0.8802796796527348,0.8634329194044192,0.7824926625153525,0.6052322596454773,0.9488235271982495,0.9725568386624224,0.9310356666783038,0.8128008469070223,0.7607192446015756,0.8020674121309699,0.9957995939384297,0.9291903258918284,0.7914489667795234,0.8329464983691413,0.9644401760048043,0.9316501434323793,0.9149844916352097,0.821958742392087,0.9931445647847543,0.7322039141627654,0.7843300561281434,0.969732852945806,0.862972057535754,0.8817046814959253,0.7112020960124381,0.9954238473307006,0.8024296354399558,0.8024296354399559,0.6895893953472956,0.9835108937557294,0.7986608081488362,0.7489411021963901,0.7923174570100686,0.8219587423920875,0.7923174570100686,0.7923174570100686,0.867196991853256,0.7366067933582978,0.7993679470361444,0.7923174570100686,0.6019609617557069,0.732898451117105,0.8559450532628744,0.7148202292841075,0.8980687279525545,0.7639841873821054,0.9734668216852363,0.902053086963867,0.7563656584001435,0.8426472487233325,0.9733333665174174,0.8212728377122547,0.9452915704191451,0.759267506281386,0.678227123505317,0.7805270318193135,0.9444230389970536,0.9661579009546035,0.9460597731944396,0.8543922351098743,0.6752264164236417,0.8020674121309703,0.8161961298614975,0.7720255751925547,0.9423849201515987,0.8963062533852663,0.9960834754851555,0.6727695660985358,0.9060841178544714,0.8283785316724064,0.7308143252698347,0.9870775046080908,0.795867450267205,0.8510080245492062,0.914157427820641,0.8173959404535032,0.8327147641753851,0.8761027064510567,0.9815776392253533,0.7725977371661472,0.895613753834632,0.8524736009305027,0.884826683742402,0.7658423789175564,0.8911657424838039,0.855850722618166,0.6536434614265647,0.749661170661543,0.9686932271796123,0.6899670775316538,0.9657137989863054,0.9662935619990934,0.8433815366308566,0.7923174570100686,0.7805867564015283,0.969656270358749,0.9053814730128105,0.8070287159966202,0.7720255751925542,0.8592200987204626,0.6860168857761662,0.6544182738727378,0.942192122542321,0.8259589899732049,0.9081907452271052,0.675516615085954,0.9731617635450591,0.8964211455467448,0.7790167470448566,0.9029132755923637,0.8713373155566415,0.9600248912759577,0.8634329194044192,0.9021579478200294,0.8168930020602894,0.7158173397814647,0.8923889839771622,0.9324906465542583,0.7517872802070262,0.820607265104851,0.9019402114312476,0.914717976627043,0.8602271964964205,0.8283774467177327,0.8133414757866738,0.9353731570717398,0.8434484416517649,0.785585123047815,0.7248827355227805,0.6848536871722306,0.8185746204202073,0.9851850848020653,0.922556031137221,0.8854702034942846,0.8394591933610114,0.8361215673069284,0.7629613900583034,0.7805270318193135,0.9527498708722109,0.713525947459569,0.8758088181578214,0.8679821713502607,0.7805867564015283,0.8931268248161247,0.7923174570100686,0.7822464259069268,0.8478324278709246,0.9473547328997958,0.730465563868759,0.7923174570100687,0.7157724811127222,0.7549205078179086,0.8719938388329479,0.9985705036376447,0.8223342438655776,0.8053234051966951,0.8980687279525545,0.9866852239783039,0.8176280906197626,0.9402775444675879,0.7316674100489153,0.9834835281757774,0.7895252496743005,0.6981060717416638,0.9108102417448197,0.9526781858887836,0.7759948358147888,0.9676790292120419,0.9632867304108729,0.7932320440185795,0.9950448685899995,0.8170383105689285,0.9530445907898335,0.8967564989823896,0.9347984537217978,0.8609887257789302,0.9644401760048043,0.8771154690121252,0.8435512004165022,0.7323451875945679,0.8639334541386059,0.813050805815297,0.9073127552826399,0.8247238791315248,0.813050805815297,0.785585123047815,0.7442113689017511,0.7923174570100686,0.8247238791315248,0.741011798138097,0.7923174570100686,0.7732959230392402,0.9525967927304798,0.9644401760048043,0.8020674121309703,0.8537063304300416,0.8575242220571015,0.813050805815297,0.7370684460194966,0.9708772255702871,0.8513214662509339,0.9032981024055937,0.7923174570100686,0.8285549079460071,0.8924338763856581,0.7732959230392401,0.7889239993872819,0.6106434394589713,0.9679144116824957,0.9384483505673138,0.8826162711354477,0.9968309023681914,0.9069829296542627,0.8402244909810175,0.7271240144400573,0.8935200086873119,0.9221757413665699,0.853522219903935,0.9294852910677028,0.9340917055261456,0.7494909660455034,0.8020674121309702,0.8974242349725501,0.7928983760177135,0.7923174570100686,0.953288506983761,0.8612297945646628,0.8373542339687652,0.6534053220352543,0.8103931271108318,0.9244852908514398,0.907438761238458,0.8057511976033918,0.765805784982527,0.7747784683618275,0.7923174570100686,0.7923174570100686,0.7215619133156703,0.9323646102609335,0.8313863521731533,0.9478853973080072,0.7962999340795411,0.7165211925146995,0.8070322905863555,0.8407160428679554,0.7651901101184196,0.876711584381316,0.7923174570100686,0.7900234104890249,0.7805867564015283,0.8459404597981652,0.7049539713978641,0.7988008809007466,0.8275908264947158,0.7923174570100686,0.7923174570100686,0.7910900880648142,0.8119584869803327,0.8850603956042846,0.798820673463761,0.7671494575494671,0.9064598802355635,0.8910546297980166,0.979530410403995,0.9203434363839629,0.7680231745338381,0.7923174570100687,0.6655768025380875,0.8368867638288477,0.8218612492098365,0.8967947636921041,0.8526269640184807,0.817825868323939,0.8821124545794725,0.7162319774077143,0.9449645480752094,0.9151188983199249,0.7923174570100686,0.8433870103080285,0.8290574614654278,0.865520701043553,0.727216470283858,0.9717884566848474,0.9093832453988206,0.8483003163546885,0.5750893071535412,0.9834403013011903,0.7969650186108659,0.7911317743389019,0.9029130920795911,0.8438814653687023,0.8802796796527348,0.7852325629825663,0.9013841754150429,0.8448926576194737,0.813050805815297,0.8943993105606787,0.8474587181772987,0.8128008469070227,0.9117569132767778,0.9577687663920409,0.8864128690914903,0.9304029270140832,0.9577687663920409,0.7480861769034726,0.7308143252698347,0.8782520626468691,0.7923174570100684,0.9147179766270432,0.7749787983891114,0.8912349505658002,0.622645071977026,0.8172033011549018,0.8679821713502605,0.9202523620751251,0.7552459098523585,0.7992306713783628,0.7703460146022946,0.7760533443325752,0.6521318998532943,0.5896080597874737,0.7923174570100686,0.6810158037886527,0.8488494650114395,0.8818712093587229,0.8727724895979354,0.9468683235776647,0.9562930878652227,0.693847557926221,0.7923174570100686,0.7892116536013982,0.6291233001031109,0.7985533442261599,0.8069129894574567,0.8559327265684453,0.8026938112801352,0.7805867564015283,0.7217330466429939,0.9002501700705556,0.978554118721632,0.7814364145218553,0.7586486459141031,0.7490857634719359,0.8185746204202075,0.8274774496496846,0.9901794850148675,0.7851933136050007,0.9853594409946428,0.7510187416548915,0.7521127714784419,0.6050374202851263,0.9336474770134962,0.813050805815297,0.7928983760177135,0.7662930686719275,0.8825399797123334,0.7779678752533337,0.7306374713034121,0.7923174570100686,0.7548448894791522,0.7521022237416314,0.8437083977158089,0.7923174570100686,0.8976192631398054,0.9698669865654841,0.7988008809007466,0.8054355970938796,0.785585123047815,0.9377006183237262,0.7634464699231828,0.6495575413653232,0.9530445907898335,0.9059142435242502,0.9192491879637937,0.6298365949441447,0.7923174570100686,0.8494378755719849,0.7923174570100686,0.862972057535754,0.7302346181171151,0.8106687186330608,0.8459404597981652,0.8911657424838038,0.8914940414892984,0.9329473077346582,0.745132711061717,0.7923174570100686,0.8583963013306573,0.6915260804856773,0.7548571372860156,0.8817046814959253,0.8007360366245255,0.969732852945806,0.7135847197976279,0.9877529907665934,0.7141508283610296,0.92162974191318,0.6575663086218901,0.7141508283610296,0.8831386723774455,0.7805867564015292,0.853346090482791,0.7141508283610296,0.8459404597981652,0.9097621341860556,0.8575242220571018,0.73330295218246,0.774963952672474,0.9723084865116571,0.8408986703131246,0.9917848073087584,0.6655768025380873,0.9889790737220971,0.940130308633883,0.8002146726879578,0.8405164885827787,0.8435512004165024,0.7233245457458841,0.7451327110617172,0.889871442283725,0.8766305170198991,0.7999026959892523,0.940651985178989,0.8138187319407232,0.8283774467177323,0.832189566882533,0.9944061684969512,0.9772266493432945,0.9632867304108726,0.838436467732778,0.9540986020096405,0.8430068540646949,0.7895252496743005,0.8680474793164832,0.9937401708376219,0.9653344962918541,0.9264873230761927,0.8209980916899582,0.9276749859090567,0.8134714633385787,0.9877529907665934,0.8119584869803317,0.8934612893318366,0.9339777507280551,0.8691983028691895,0.9212835637055174,0.8445434136127548,0.8543922351098742,0.8564205325439079,0.8513527241020391,0.9595213074576396,0.8625192690762095,0.8501359711422761,0.9632433090667891,0.7998089664382895,0.9900161416287363,0.7104411639464168,0.8167732671350558,0.7749639526724741,0.9130767032344098,0.9835405172418772,0.8321895668825326,0.7927144738704672,0.8224503633937468,0.995096515363096,0.8665888856018398,0.8013636600222724,0.9197358141526397,0.9756686252274631,0.8467009451356498,0.8199664945771149,0.8330812463700565,0.9310356666783035,0.9313465624967708,0.9870775046080908,0.7341913460109795,0.7282274248566503,0.8219587423920875,0.874720961756331,0.8759368663891565,0.9093015752279445,0.8373542339687654,0.9583838364955801,0.862972057535754,0.9465937634563786,0.8219587423920875
p115_L,0.9249884326873067,0.8361179361557494,0.9098944481519369,0.8728953168594773,0.8390382634430407,0.8780124908814331,0.8633917215958036,0.8244202587673091,0.7314414857853511,0.7951738539477902,0.8053052928137154,0.9685628266357511,0.8248376279677077,0.7490944827657664,0.9747202156067168,0.8841863756139605,0.9017694982979341,0.8569949996112667,0.9936903555962455,0.9082817858847674,0.9671360416890029,0.8006066801327187,0.8394630895793052,0.8539288999335531,0.8204535137014941,0.8341941060040072,0.847215310272122,0.7838749745060669,0.9082817858847672,0.818201733507123,0.8616065226740016,0.8862193853833414,0.7323410235989231,0.9244153035203098,0.8390382634430408,0.8647169462584845,0.8715311586797314,0.8149637373842857,0.7708756350468666,0.7738911443163006,0.9640545652134744,0.8752704229081729,0.9950497822386668,0.8856266975445984,0.9836007803366518,0.7384804898925308,0.878184907373238,0.8070119669906057,0.7963325329913546,0.829909803436208,0.8208917471559104,0.7603746834390808,0.8341941060040072,0.6953555108768606,0.9481093959186369,0.7696440554198876,0.9872469607493329,0.6911250629978627,0.8846746403901471,0.8809804133269927,0.7860386862343056,0.9954460564336399,0.8465933834943611,0.8654878572171846,0.8924244121716267,0.900913005820061,0.9177976999343656,0.7952059815602673,0.9274488206058371,0.970911469867437,0.74510443037897,0.773891144316301,0.9573688237991841,0.7470373524370509,0.6911250629978627,0.8850731139948984,0.8255591144904009,0.8053052928137152,0.905606611334874,0.8780124908814333,0.8890317123467901,0.8341289527802047,0.8951773880029235,0.6973887443604505,0.6911250629978627,0.7333369007087924,0.9253688519211307,0.9444222410233809,0.9480525262512358,0.7098574690332745,0.6911250629978627,0.6659609340158239,0.8764443206074388,0.8564320795926286,0.8307659686260067,0.8070119669906057,0.7230928082050561,0.8899417220942676,0.7114187936567027,0.7682993337448905,0.7917448721317764,0.9097101580843074,0.8355526955775654,0.6952493189599824,0.9340163381026569,0.864716946258484,0.6994965616657167,0.6480418641711299,0.9672543872250974,0.6974929753829715,0.6733411116542725,0.9392809975639448,0.828421747206881,0.7435420250355165,0.8466596566621682,0.8887731510168093,0.9402349479262813,0.7813013083783413,0.8780124908814337,0.6856421695786128,0.9256516518435476,0.8174310419346658,0.7959867014475601,0.9477905328256981,0.8921951707088795,0.7605113085001776,0.8410267207478741,0.9628194526209255,0.8302218952289879,0.8604652252297003,0.6412571197652679,0.8466596566621676,0.9177976999343656,0.9170249213338444,0.847215310272122,0.9343466656583383,0.9891879101774372,0.8524700617069345,0.8524700617069341,0.6993233879290583,0.6752089987610261,0.8712137408638363,0.5606326100049932,0.6289440483778619,0.8581812251572165,0.808108539262491,0.8231535505853238,0.5797184569680294,0.8187739216664085,0.8409357298681157,0.9453498309056978,0.6788421248976076,0.7014265424232604,0.9233359041351508,0.9831253381617966,0.8670466368828381,0.70990362657668,0.8778506089624711,0.7195643880697624,0.9116571206035209,0.8761858424552594,0.9412354087953774,0.8577128516761463,0.6676324913348614,0.9528849700831623,0.7684080679196978,0.9770304932473386,0.9811003229704085,0.9545293001176047,0.820870752359421,0.8935287892084292,0.8302218952289886,0.9430453273255546,0.8667449727207448,0.9589769666951764,0.7566244988820408,0.9001151207948017,0.8161249367988568,0.9022390183594209,0.8148956755085959,0.967985997351714,0.8495945719854001,0.9243497724031107,0.9164570144298141,0.8914619441624181,0.6240744962353271,0.7137834655541311,0.9582351764611186,0.7734432697047591,0.7949203622499021,0.7832626276778473,0.9774873843362967,0.672190345008643,0.7520073121137831,0.9459699104239503,0.6911250629978627,0.8844333378654105,0.8809804133269925,0.669637689730155,0.894001610305958,0.8136475691604672,0.9739470938970316,0.6911250629978627,0.8515108103747062,0.9046536713705712,0.7951738539477904,0.6911250629978627,0.7564438085389016,0.8313712354944414,0.75173121014091,0.6494342977487375,0.727646384593004,0.8589669349625968,0.6911250629978627,0.9629951402324246,0.6911250629978629,0.9903375084927543,0.7732088884298025,0.7740740740740739,0.6911250629978627,0.8349200869832083,0.6911250629978627,0.9423050551940393,0.9941750239308393,0.7684080679196981,0.853547931724999,0.8781849073732375,0.7635443424510906,0.727303134511988,0.8394630895793052,0.9748214106481393,0.7137106941944387,0.50102034915906,0.8566476400894332,0.8524700617069343,0.9336708882449212,0.9012169536210417,0.9662867667908355,0.8184446691997718,0.9854530051323706,0.8698916779039236,0.9072908436117252,0.6760919239313832,0.8392221208437075,0.6911250629978627,0.9465329192073411,0.6911250629978627,0.7304575281643172,0.7256436767965113,0.9515470236107724,0.8743344902595094,0.7381618801035348,0.8539288999335531,0.7444134854198226,0.7959867014475599,0.718637645060408,0.907192957760214,0.8098038973564667,0.8696130869382032,0.6437024622191174,0.9283035363844746,0.8124598227993504,0.7098574690332744,0.9942571659500581,0.7886829218826572,0.7708756350468666,0.8095337653210049,0.9648339183550569,0.777013490477047,0.71324193234654,0.6845570155449723,0.9504615190480812,0.7914914395874367,0.8905070538115907,0.9064836470306807,0.864716946258484,0.7501928833557278,0.954100393843983,0.8577128516761463,0.9236315304251492,0.864716946258484,0.8168171408815759,0.7098857572957749,0.8924244121716265,0.9415088893086678,0.7903614274636699,0.8466596566621676,0.7372274275129285,0.7513628575535263,0.8250209201611332,0.846659656662168,0.9727606595064471,0.6287494453505783,0.8647169462584845,0.7966088616739321,0.7030936230941713,0.8802484277139027,0.8077057448808029,0.9936903555962455,0.865135335666601,0.8187739216664083,0.8250209201611327,0.8524700617069345,0.7444219134159417,0.6523255658207521,0.9097101580843074,0.8221638595327299,0.8462718866282608,0.8549426636881712,0.8896144584854689,0.6871781844579774,0.9073065267465859,0.3276160733349007,0.0,0.6769881255599897,0.9082817858847674,0.8193150209821175,0.871213740863837,0.9163577463776849,0.889151899108665,0.7251998492115657,0.9097101580843074,0.6911250629978627,0.9504615190480805,0.8767886680058823,0.8009915962798424,0.864716946258484,0.9717985827904647,0.9164570144298141,0.6911250629978627,0.9183207627172294,0.8647169462584845,0.9560373517862557,0.7661060656355971,0.7415729309067696,0.8105450538842629,0.8851338808206501,0.7033538517567987,0.7228080369167125,0.8449203259554279,0.9187449455470127,0.6737958864481837,0.7750373348049933,0.8647051972320581,0.7130473792303846,0.7213847638194936,0.9697425589452073,0.9170249213338444,0.7556385646174746,0.7969375338011808,0.7414976417715664,0.8199382162592157,0.7098574690332745,0.8877597527973093,0.6603875774865742,0.6743039679001717,0.7980768990079491,0.6340597473324772,0.6911250629978627,0.6532147061775451,0.9321004995784707,0.8015579825068027,0.8514178182544643,0.8693099439896506,0.7392765583653408,0.6911250629978627,0.6911250629978627,0.9568121915830535,0.9599126772969435,0.6426986908419403,0.6911250629978629,0.871213740863837,0.8651353356666012,0.7697279551147183,0.9360799324727385,0.7392867821757174,0.8355526955775654,0.7949203622499021,0.8505115488480834,0.6821091984346288,0.7134082396190914,0.6911250629978627,0.8767334264670017,0.7489421132425569,0.7205449289133173,0.648211141774814,0.815819795776775,0.7535389123604517,0.8466596566621678,0.7164601018803223,0.6911250629978627,0.6500852184485899,0.8237924898871016,0.8773455997686106,0.9644720574732302,0.9630444724753029,0.7177753395058375,0.8149637373842853,0.6911250629978627,0.9807888280305588,0.5427906308578478,0.6911250629978627,0.8785180963573926,0.7592929634129122,0.758737837050262,0.647874293578347,0.6932289653618879,0.6911250629978627,0.686289007069953,0.8371532712283065,0.9942571659500581,0.8930041777756332,0.7514084786332591,0.9761557054365191,0.75149525320206,0.697058474560623,0.846659656662168,0.9922795824174904,0.6885667447732243,0.8874863316482162,0.6313270316750708,0.6807671579187808,0.8311333336503395,0.680304489731586,0.8524700617069341,0.8237924898871016,0.6911250629978627,0.9936903555962454,0.9928388224970881,0.8696425879709875,0.8635597961101659,0.8307792193442192,0.7273031345119886,0.8841457533396848,0.8715311586797312,0.7273031345119886,0.8307772090503405,0.8651353356666012,0.9142056949836486,0.8673563618789439,0.7413173030340514,0.9709114698674368,0.5702810137456034,0.9453498309056978,0.9296187873605548,0.81545146854485,0.8513701918094131,0.8754639832057658,0.871213740863837,0.8757252526653367,0.8422728385374886,0.927483209090653,0.7770134904770472,0.8001543701443633,0.7198641028026,0.9326635883603429,0.7969375338011804,0.8788257764288041,0.9306771303942906,0.8812967505720881,0.8825336149741188,0.9836087064700878,0.8827846276184794,0.7908165946088686,0.6703204614797114,0.7099284115781228,0.92904659231084,0.839146511549508,0.6785522519462772,0.7969691255572917,0.8812967505720881,0.7763509738694081,0.630041055611241,0.9326648739968386,0.8515500804409488,0.8105450538842629,0.8412050040249586,0.7138587625957881,0.8466596566621678,0.9432620433505413,0.9200973820746174,0.8710979711787432,0.9677624037587893,0.9001151207948019,0.8678030899835301,0.764860866333244,0.8924244121716267,0.8268059319511205,0.8199382162592164,0.8199382162592159,0.9831253381617966,0.7813013083783413,0.7783656932698757,0.723650200356255,0.9611153577893399,0.8302218952289886,0.8302218952289884,0.6834603971907229,0.9878056575748406,0.7436282795342908,0.7027361175841395,0.6911250629978627,0.8584801609121497,0.6911250629978627,0.6911250629978627,0.7682993337448905,0.6082696266282184,0.7969375338011808,0.6911250629978627,0.48455299414431097,0.5619075092715553,0.8698916779039236,0.7173618885803319,0.9382505555124934,0.6922072755286617,0.8643402523095243,0.879106452789012,0.6716080390521207,0.9187449455470125,0.9885979552697304,0.7341888239741252,0.7943394291085213,0.7161151794240102,0.48759252399464537,0.7783656932698764,0.9720032089607527,0.8951816140095669,0.9886403664878283,0.8584801609121495,0.6970584745606228,0.846659656662168,0.8323805552007117,0.8999641075750919,0.9679947126721138,0.7914398475103941,0.8326052204630672,0.7531214951961567,0.7860386862343056,0.8723974580072292,0.9366713242763893,0.964188839071413,0.7252970670713161,0.8715311586797312,0.9887122674948818,0.8037204964549926,0.7504984421334429,0.8208917471559107,0.8736810880682926,0.6617969974955742,0.978219307666023,0.9158842833688627,0.8589669349625968,0.8093770594810006,0.7827655151124946,0.9170249213338444,0.6408826448989322,0.6657146273899468,0.9662867667908355,0.5941845951921687,0.8006066801327185,0.9581363869421988,0.8712039281323442,0.6911250629978627,0.8524700617069341,0.9590685666003324,0.865135335666601,0.8207090463567954,0.8251068045020442,0.8951816140095674,0.7612950419868558,0.6119960187714364,0.8634747106137608,0.7094464474964486,0.8693099439896514,0.5609935312616217,0.8817210415235894,0.8390993665451076,0.7273031345119886,0.9747385276255067,0.8580910584453002,0.764164119205994,0.8577128516761463,0.7849992875881202,0.85251644268989,0.8119427931820768,0.8843933222381435,0.8566476400894334,0.6343263209959566,0.8064980057303821,0.990146742714654,0.9082817858847672,0.8204535137014939,0.9454422137291255,0.7597991245981242,0.9488507039904708,0.6431429488747173,0.7098574690332745,0.5948604390911254,0.714205153508682,0.8780124908814335,0.9346673721360046,0.9727606595064473,0.8907781241030217,0.8073399772739793,0.8233756353590183,0.937953885430973,0.7783656932698761,0.9348783637591669,0.7030962589295742,0.7871440474002926,0.9452020541634227,0.8524700617069341,0.8780124908814333,0.6911250629978627,0.995971221428688,0.8093462192273995,0.8541080437579992,0.7411493609952318,0.6911250629978629,0.694224500138449,0.6933680607081292,0.981702097536183,0.9001364873020513,0.9697884945456436,0.6659609340158239,0.9536298377738666,0.9803451508546381,0.7654463129712832,0.9102377233117178,0.5051935806782415,0.9209930948882081,0.8584801609121497,0.6849919772018704,0.9906522225387779,0.9727606595064473,0.8026845616154763,0.8780124908814335,0.9396673966324454,0.8250209201611327,0.8780124908814335,0.8100886832131162,0.8138456888436654,0.8355526955775654,0.9442425398559102,0.8754658664632076,0.9936903555962455,0.9869514638882199,0.7752019357866801,0.7088324280001796,0.7956148614699949,0.7098574690332745,0.9831253381617966,0.7163511855213847,0.7098574690332745,0.7098574690332745,0.8248984597065552,0.6911250629978627,0.9072908436117252,0.7959625204933167,0.6911250629978627,0.7869611549883211,0.9533185406137992,0.9582921810599283,0.846659656662168,0.9942571659500581,0.9325400345434456,0.7098574690332745,0.7096403489292169,0.7841367054929271,0.7283277318004966,0.8143533974521722,0.6911250629978627,0.7175158801600368,0.8781849073732375,0.7869611549883211,0.8657618512352533,0.7213451745297788,0.8647169462584843,0.9325400345434456,0.8370111147434317,0.8219447828202175,0.9917211994790314,0.8947179757556367,0.7350701294707366,0.8062424257011154,0.841900008103309,0.6769907944713847,0.9071929577602142,0.9355132953311196,0.8187739216664083,0.878184907373238,0.7535545171486773,0.7147273765561333,0.6911250629978627,0.9538832559337083,0.9278499162307727,0.7951738539477904,0.7422866449761163,0.8472153102721216,0.8817210415235897,0.7307728079125275,0.7273031345119886,0.6456675282703463,0.706491631415237,0.6911250629978627,0.6911250629978627,0.8206632703013365,0.810332245148438,0.7198641028025998,0.7820253791306883,0.6168852673742204,0.6737578398420749,0.7773772104503933,0.728132099804071,0.8057272055852169,0.6630678261201053,0.6911250629978627,0.832380555200712,0.8524700617069341,0.7708756350468666,0.691330509322237,0.864716946258484,0.8062177171893585,0.6911250629978627,0.6911250629978627,0.729372846230869,0.8355526955775654,0.753544060063907,0.8006066801327187,0.7895249796830623,0.9470088074565404,0.9514444260793283,0.793596987644134,0.7779425009258842,0.7645027836022893,0.6911250629978629,0.7449038980012528,0.7341924558274875,0.9020355966115887,0.8874958319872933,0.830686791850517,0.8237882075012628,0.8081085392624909,0.7530170536330711,0.8539288999335537,0.8403275123552425,0.6911250629978627,0.7339072542179299,0.9104582770273004,0.7291217951617118,0.6473466144871745,0.8958328360876975,0.8621471890983827,0.7053784789307969,0.5545830733904109,0.9717985827904646,0.6381814881097116,0.6045516224087406,0.847215310272122,0.871213740863837,0.8795030149530995,0.651786957145933,0.7792661296612264,0.8535555662696257,0.7098574690332745,0.6809177830922915,0.9243497724031107,0.7834243404107353,0.8877597527973096,0.9950497822386668,0.7641641192059938,0.8780124908814335,0.8780124908814335,0.7547362284033292,0.614492009548009,0.718790797707155,0.7502903431759329,0.871213740863837,0.8255591144904011,0.8999641075750919,0.49664955164450886,0.7323410235989238,0.8535826677013163,0.9243497724031107,0.6021838576423635,0.8539288999335531,0.6564437421003171,0.853379887881357,0.44824675868514996,0.49329869133882287,0.6911250629978627,0.6659609340158239,0.8982035436211123,0.7392867821757174,0.7951738539477902,0.9448136402311287,0.8356964626766117,0.7293914022019532,0.6911250629978627,0.6709874128875409,0.6665449602137969,0.9064481593644366,0.704728314572017,0.7601674506561724,0.6888896713514654,0.8524700617069341,0.557993066207543,0.8072717200270741,0.9613514677206645,0.8332362651381171,0.7914398475103943,0.7899348565882163,0.8780124908814333,0.8154514685448497,0.8355526955775652,0.7384261168733783,0.9085394763666235,0.6769907944713845,0.8616703899886473,0.6187093428817891,0.9834658960227447,0.7098574690332745,0.7417291604737541,0.7922869651039697,0.9474087864458605,0.8220673638478124,0.7946038500791031,0.6911250629978627,0.6420864694570823,0.8007795171553342,0.7903614274636697,0.6911250629978627,0.7119261915275465,0.9214802642117665,0.864716946258484,0.8003625949038633,0.6811124292996658,0.9116507978993886,0.7657914251822298,0.7176144435372289,0.8580473222674436,0.9394801699510873,0.9114979526826716,0.6784751204802069,0.6911250629978627,0.973222061536974,0.6911250629978627,0.7813013083783413,0.6462941776624382,0.7340377504307072,0.7708756350468666,0.8901178807406882,0.858832739165144,0.9179941551093714,0.8109948998126224,0.6911250629978627,0.9734657432408611,0.6543670185414063,0.5991510170242966,0.8842562179922648,0.658029244651773,0.9504615190480812,0.5651130534513138,0.9333870019007532,0.8422728385374881,0.8231535505853238,0.5906709648183108,0.8422728385374881,0.8316283721615736,0.8524700617069345,0.8802484277139024,0.8422728385374881,0.7708756350468666,0.9833987451379169,0.8844333378654108,0.6603875774865744,0.8589669349625968,0.9542864354276257,0.7869611549883209,0.829909803436208,0.7256436767965113,0.9114979526826716,0.839725716521714,0.687515527482407,0.8535826677013167,0.8500592388597271,0.783996560821894,0.7490944827657671,0.9928388224970879,0.862623722103108,0.7624075429559327,0.9940139188064141,0.8187739216664083,0.8234244620016957,0.846659656662168,0.868746593359034,0.95312785414623,0.929666790621683,0.7872239484289285,0.8585273209632747,0.8524700617069338,0.8584801609121497,0.8578089524354395,0.8737069148772851,0.7557859714445854,0.8533798878813563,0.7571875883253987,0.9223383651779762,0.7959867014475601,0.8706887013201354,0.8355526955775656,0.8345230270929774,0.953660205619685,0.7369300012316922,0.7383248283603805,0.7724140704457794,0.9263686634311039,0.876551008852184,0.8911590731748056,0.8341941060040072,0.92904659231084,0.8471769344894107,0.8958715341857382,0.898786708701964,0.8238667449244095,0.8053052928137154,0.9481149771992958,0.8589669349625966,0.9017988416164617,0.8287632105239955,0.8781849073732375,0.8715311586797314,0.6411933957474596,0.8643338842487462,0.9727606595064473,0.9245853249390605,0.7842210438633412,0.8285189692666353,0.8809804133269927,0.9089601599099226,0.6820291554278138,0.8341289527802045,0.9639689820077058,0.9097101580843077,0.6373677450738868,0.7869611549883211,0.8924244121716267,0.7249659496522659,0.9448136402311285,0.8715311586797312,0.7951738539477902,0.8998907220587694,0.7813013083783409,0.8159504617871915,0.8924244121716267
p116_Y,0.9538736667747857,0.6547809303037129,0.9640985879266407,0.8728437828333908,0.9385684670671918,0.7472588339866415,0.7876911557754793,0.7590330941684392,0.75905706010639,0.9415831046189614,0.9523258717107133,0.8686385996787724,0.9006096463746005,0.43681027696599406,0.8327293769633926,0.7827993196641285,0.8359345706969412,0.8673015947761982,0.8290757896610101,0.7698199943194903,0.9991462254130037,0.8767473674162307,0.8675975537210803,0.9448543512076254,0.8040851393909492,0.8283808154149447,0.5932277233257128,0.8556409588476663,0.6873637368733334,0.5748743705682726,0.8121302010293371,0.8858525408230951,0.8864506701274831,0.995920355012017,0.8727631680356078,0.789704938149385,0.9109264520435435,0.5804311995490696,0.9490060614215786,0.5010272712718324,0.9676383461817981,0.8833160062725918,0.9642124801236271,0.8658151955980165,0.835934570696941,0.6676106347508983,0.9514834428390286,0.7698317489922796,0.7007068519990793,0.7832254159893205,0.9948414129025822,0.719583477112232,0.8283808154149447,0.8530610496352257,0.9753036918480579,0.9200926842749222,0.6866088546841744,0.8727631680356077,0.9703366478736737,0.8957343462573435,0.7646676570615499,0.9593909406002221,0.8673015947761991,0.8238151377968346,0.6564522182142554,0.8222433576581554,0.8961697150179306,0.8724388481918455,0.9978248587613865,0.8290757896610099,0.4038923945155988,0.8999339865464294,0.9056658175513997,0.6388791147932417,0.8727631680356077,0.7507174988746785,0.9289830069398282,0.7823423550455002,0.6300646338658606,0.7472588339866411,0.9239952855998446,0.8500651173196263,0.8026106779206494,0.828380815414945,0.8727631680356077,0.37454837356306125,0.932252974743071,0.6960072760485122,0.8076298680349817,0.8686385996787727,0.8727631680356077,0.2219721383554183,0.5847123870790785,0.7450454985422065,0.9108285080080124,0.846227528469397,0.24000018081382501,0.7889042333651193,0.6356648254409084,0.6037740383594825,0.6866088546841742,0.6978837968928144,0.6007944397117198,0.5104599739712445,0.9806897319027379,0.9346991012692377,0.4709260853599533,0.6342277326955351,0.8693626884146953,0.6154209389664302,0.3086841852889939,0.8072922560202884,0.8452007611299153,0.6555920265229358,0.9164201668122128,0.852692063071099,0.9442856479866899,0.9346991012692377,0.9923967906489756,0.6914016080848293,0.9707659759785849,0.34385975235757327,0.559171010245183,0.8345464838610641,0.9687407913791506,0.55728294142054,0.9109264520435436,0.8104244452564584,0.8755930267546017,0.7877239185135081,0.6812749003984062,0.9514834428390285,0.8235104669649393,0.9490060614215785,0.593227723325713,0.7219882449080068,0.7817497450324143,0.859840090991435,0.9221821648495907,0.8646144802620153,0.8477236390578846,0.9415831046189613,0.5747825396330289,0.5006154493597843,0.39862252528435027,0.7760601551016036,0.9318693311415452,0.6344425218523326,0.8749740389555237,0.5503800145007012,0.7698199943194897,0.7646676570615487,0.5521499451066922,0.7365477896446287,0.8598400909914352,0.8500140913646183,0.5253786364442372,0.8971937268061683,0.7978109490151393,0.4137270265958368,0.6405567715224598,0.97839000510734,0.6402196789804999,0.6611658328952698,0.8359593153398781,0.4082391276369912,0.8104244452564584,0.9297207978142767,0.9585886436865689,0.7486287533265856,0.7121998596190859,0.9006096463746008,0.8217680690146961,0.6898341427034502,0.803902064246951,0.6312720171112502,0.8290757896610101,0.7741044340744822,0.640377473854675,0.8804526447349192,0.8620939894877909,0.7564516785827375,0.9078392390196821,0.8686385996787724,0.7569964888030927,0.46956886061368586,0.7696504725891353,0.8497140571057781,0.8530610496352258,0.8655866528402192,0.989093944243329,0.7981512331969706,0.7778908822549042,0.7280651822657531,0.9236370560669107,0.8727631680356077,0.9109264520435435,0.7619471277940435,0.7889306938615588,0.8932099638841939,0.8555746847642485,0.8686385996787724,0.8727631680356077,0.9302346117586893,0.713917048869017,0.9828112333420399,0.8727631680356077,0.7892284227247519,0.8305674447159643,0.8034074783590217,0.7510105463046581,0.7651898370568243,0.5878536064921485,0.8727631680356077,0.8257838854863218,0.8727631680356076,0.8584269721924677,0.7922303064452492,0.7301816529837123,0.8727631680356077,0.9524867312418579,0.8727631680356077,0.8315759772398734,0.847659651037497,0.4082391276369908,0.9062939074512161,0.6277572448391828,0.5680045744354811,0.864614480262015,0.8675975537210803,0.9289830069398282,0.6193259217926723,0.6213716690734221,0.8269829248539164,0.859840090991435,0.8427739119805953,0.7802070902963649,0.9695924289517793,0.8089109545990176,0.851989207817193,0.7877239185135075,0.8910202260104263,0.22159202244061182,0.8957343462573436,0.8727631680356077,0.8338422514590493,0.8727631680356077,0.4325428442983694,0.5696231884496423,0.9221821648495909,0.9396286871775941,0.6244667603631635,0.9448543512076254,0.7847793906970251,0.9237880504470877,0.2854802977023714,0.9239952855998448,0.6523652295886697,0.9164201668122128,0.25439456614938916,0.6950629988195935,0.6701619107452581,0.8686385996787727,0.9962360302792397,0.5053641246773264,0.9490060614215786,0.7301802703099339,0.7006561941025248,0.8575333614636653,0.6923691560668893,0.23265299435542897,0.9585117888760865,0.7729722059979123,0.7335822864287647,0.7826802873961713,0.9346991012692377,0.6447281035116385,0.9967973123615627,0.6926810385652815,0.6691965125461805,0.9346991012692377,0.7053925111892213,0.6637752332627526,0.9207285164870209,0.914643130732415,0.4827085407415086,0.627757244839183,0.8630978149114679,0.5737950144742242,0.9579740782480004,0.9164201668122128,0.9865467188658442,0.553014709966378,0.6715923836145086,0.5806053350495721,0.6675239663150063,0.8002661382236945,0.801759832757204,0.868446641172635,0.6007944397117193,0.7007068519990782,0.5752279318220728,0.7145215948854526,0.5899930258692098,0.9334659979726352,0.8732001770268929,0.9253463803172304,0.7906892017727831,0.6854148379135385,0.8751921713867115,0.7971418535286672,0.44919177314828196,0.6988942154733051,0.6769881255599897,0.0,0.893504380488725,0.817698319742261,0.8522762517656466,0.9155312849209496,0.8519892078171929,0.7983968358547824,0.8813568907853968,0.8727631680356077,0.8858525408230951,0.8170858635596439,0.4615448083643918,0.9346991012692377,0.8829747595909117,0.7796798866671177,0.8727631680356077,0.8693626884146951,0.8953282497576123,0.7038681047592441,0.9974495739886571,0.8031109576563226,0.5090662800185457,0.8858525408230952,0.7006561941025249,0.6372463651307632,0.776872458374753,0.8568329962206254,0.42450436911121603,0.9514834428390285,0.7966865448611935,0.6395456243333164,0.8530610496352256,0.8172402043579198,0.8774310216688326,0.5681897410824012,0.38424112451875114,0.5144849042396804,0.8966112825397485,0.9006096463746007,0.7665559072835926,0.6233288493106286,0.5880795274561028,0.5768358109264996,0.51475853199269,0.8727631680356077,0.6647794753904777,0.9687869351154329,0.4612089979877283,0.9436577727083666,0.9003549758958829,0.673002610217242,0.8727631680356077,0.8727631680356077,0.8500140913646179,0.8176983197422608,0.28526704924556157,0.8727631680356076,0.8110481230425681,0.6007944397117195,0.666301595843571,0.7985772384913407,0.6431763818853361,0.92982093486964,0.4239327655424865,0.6547249381088696,0.6393107661777646,0.6939446427535987,0.8727631680356077,0.8220741545206858,0.4298897133286186,0.624025122106065,0.715482996023705,0.9353214771503877,0.5613965678320936,0.9164201668122127,0.5459211569996069,0.8727631680356077,0.5425488220862811,0.6644232015702953,0.6941940978554642,0.7358115084358956,0.8769985528794618,0.6582441084211268,0.5804311995490705,0.8727631680356077,0.7583430334832887,0.6389736404368118,0.8727631680356077,0.9353214771503877,0.9327163700122454,0.9901556251231021,0.49829015551679445,0.5757584644639975,0.8727631680356077,0.8143026479818938,0.88799050242702,0.9207285164870207,0.7105928325047144,0.8005684886192271,0.8276180550491858,0.7703333732535169,0.48056931448647466,0.9164201668122128,0.8205287945313131,0.7331541723798976,0.7340655314227189,0.6774465112083357,0.42212129227108264,0.9539220456911874,0.8653384016821962,0.9221821648495907,0.5629840049673434,0.8727631680356077,0.9471883441958859,0.7846579758297103,0.994663846214243,0.9060211977349429,0.939628687177594,0.864614480262015,0.922291412090728,0.8855061529719657,0.8957343462573436,0.8106729411563698,0.6995023882590958,0.7995332891452014,0.8833781169821505,0.49815365117257215,0.8953282497576122,0.6606783100335158,0.900354975895883,0.9688629367084169,0.8408911492614084,0.786003330026108,0.82124176008939,0.7285918655964114,0.9959207581083275,0.8339903731560386,0.8188536057485749,0.9864465855082984,0.8457245959495676,0.8532351339580108,0.8381369010000774,0.9073719949449842,0.7780506043441915,0.792466075976408,0.7189117183576721,0.8238151377968346,0.9060211977349429,0.8356850887033104,0.38457173148108215,0.6137910322008211,0.5484190958610584,0.926949638461152,0.7356589677867346,0.6265638628311847,0.8517666345135168,0.9400894443412462,0.8653384016821966,0.5188950363742182,0.9343517838458117,0.8744493853830817,0.8876280847564645,0.8266843456643822,0.4969568930746836,0.6628205208659992,0.8278648452610882,0.9810597830900354,0.6591030731357144,0.8996502345318773,0.8953282497576123,0.7973256654252132,0.8555746847642486,0.8074672457986927,0.949503769927684,0.6539044351685199,0.8359345706969412,0.9221821648495909,0.9740699527808631,0.5047780564254376,0.6350657346234257,0.9707659759785848,0.9715061668420866,0.9715061668420868,0.6445985930575995,0.9478676309790478,0.9213585819318298,0.4677859982650656,0.8727631680356077,0.9282564559285416,0.8727631680356077,0.8727631680356077,0.5893237526275509,0.8653384016821964,0.45065239456902617,0.8727631680356077,0.5512405424162523,0.6233039786325645,0.9162544971208779,0.4440178062404412,0.8049688815454743,0.9154939387098842,0.5372478242631531,0.8338422514590497,0.6139348204015094,0.9950786342450839,0.8912241108329266,0.9282564559285417,0.8155651738070818,0.7121025549865685,0.6391640346642262,0.6461073824692773,0.975303691848058,0.9890939442433291,0.5364075394045903,0.6942059751103649,0.44344308755817075,0.9514834428390286,0.4662104562365448,0.8734773996129876,0.8330749008292149,0.8920448061418683,0.7729722059979125,0.749361945656605,0.7646676570615496,0.8653384016821961,0.8669092175112225,0.881356890785397,0.901230203276408,0.6819387579874752,0.8547901424732607,0.6730098751205212,0.7732109800042555,0.9221821648495911,0.9057865004851433,0.8910202260104267,0.899005206803198,0.6331184279592803,0.7477088399712895,0.6099106064450812,0.9108285080080125,0.8340402924414354,0.47308746172117,0.6758417337379721,0.8144493689600878,0.6233578795114718,0.65472493810887,0.9278260349907375,0.9456707159499202,0.8727631680356077,0.9221821648495907,0.8989421302309218,0.8727631680356077,0.9050689665415215,0.8457245959495674,0.8957343462573437,0.7787306100813709,0.6582441084211266,0.653946318043702,0.5819400048251117,0.900354975895883,0.48278847336805697,0.9343517838458117,0.7137932225360121,0.864614480262015,0.8173725908039344,0.8883316378016661,0.59104495155087,0.5352969598109363,0.9846438181013665,0.8528823698195396,0.5860901738704853,0.721295592857651,0.7162974747701247,0.6064386781583891,0.731203829306954,0.8592399763772837,0.7698199943194899,0.695234415326164,0.8769985528794619,0.7922303064452489,0.8920208989559335,0.7498576169192002,0.8686385996787729,0.6030024158592244,0.6192631343266655,0.9208217508962295,0.8495019929989053,0.9865467188658443,0.5496589579154632,0.8412508414695452,0.8317507166547388,0.7919833254640133,0.6932171578172239,0.9510007314632841,0.8205287945313133,0.8776906116240736,0.9325806930704289,0.9948414129025823,0.7906495632140387,0.8727631680356077,0.8630978149114679,0.7599537620635277,0.6452175793836166,0.4836050574710966,0.8727631680356076,0.7249085638199247,0.39170463214438467,0.8044100068128894,0.7810472552823597,0.817698319742261,0.3485833587115428,0.7707583355950511,0.532856066353828,0.9150410979553778,0.7981664956737051,0.641210932190884,0.7524003273192803,0.9282564559285414,0.5261926260752223,0.6620277008691178,0.9082634530537086,0.5053578991459573,0.7472588339866415,0.891185282221918,0.6063477978174014,0.8340402924414356,0.8820115214035236,0.7603523161293433,0.6665997387433034,0.9948283007559151,0.7797690083845503,0.8953282497576123,0.872763168035608,0.9289830069398282,0.4904733533911738,0.5615239030587855,0.9006096463746007,0.9221821648495908,0.8910202260104263,0.9006096463746007,0.8686385996787727,0.8630978149114674,0.8727631680356077,0.92135858193183,0.8276180550491861,0.8727631680356077,0.4828356002261549,0.5007273983430893,0.9346991012692376,0.9164201668122128,0.890502699032432,0.8769985528794618,0.8686385996787728,0.4753409517880489,0.7227011538865517,0.8386319972225239,0.6766090222020957,0.8727631680356077,0.43084289338333237,0.6277572448391833,0.8876280847564645,0.5679274062879391,0.5826908526776649,0.7109632351261344,0.7837224554797211,0.8693626884146953,0.8052625825631543,0.8585105014233418,0.9385684670671918,0.851989207817193,0.5398912118035966,0.8345464838610637,0.7603281283847934,0.8106729411563693,0.9471883441958859,0.5259872188627386,0.9164201668122128,0.4909676813482631,0.6794907442152804,0.8727631680356077,0.8640156358380553,0.8425177923137266,0.9415831046189614,0.6028010679446263,0.982035293774637,0.6973505967128948,0.6475651331698307,0.864614480262015,0.5756683553988027,0.5452431566905904,0.8727631680356077,0.8727631680356077,0.7847793906970253,0.6582441084211267,0.4680139785783375,0.7299686419081652,0.6881278388391108,0.6422322188989054,0.8330016336232053,0.6121714445727765,0.5236831631220944,0.660698709281256,0.8727631680356077,0.9226233079465145,0.9221821648495907,0.9490060614215786,0.4376489443949816,0.9346991012692377,0.5770259896215697,0.8727631680356077,0.8727631680356077,0.6172163715738603,0.6665997387433031,0.6374852202402559,0.9289830069398279,0.5001830103276357,0.9186090087156379,0.9154069846997561,0.9486795719980377,0.6592704739070409,0.5005474674852324,0.8727631680356076,0.4196708467410437,0.6008158543762889,0.9448543512076254,0.9740699527808631,0.8385341313485835,0.7341184581719689,0.8327293769633923,0.3526595505190113,0.9109264520435436,0.8669006729614445,0.8727631680356077,0.6242754479632555,0.6591030731357139,0.7669388152455526,0.6099103585657364,0.8721787687824152,0.8530610496352259,0.7815622495338463,0.34590433718570934,0.9282564559285412,0.719419678049166,0.6867195557339161,0.982035293774637,0.9828112333420398,0.8747157664012744,0.853740614565683,0.5888992416761516,0.9221821648495907,0.8686385996787729,0.7058627821933972,0.9200926842749222,0.6553102408545557,0.8481141104004133,0.9056153321941814,0.6553102408545555,0.9056153321941816,0.9490060614215785,0.5067997435762608,0.8669092175112222,0.7583430334832887,0.9056658175513997,0.9347325092118033,0.8489945637528105,0.928983006939828,0.43303729838407823,0.8568329962206255,0.8686385996787724,0.8463492228297524,0.7526748792429033,0.9109264520435432,0.6482581223996342,0.8812316429392323,0.6009967154823828,0.5726512283352709,0.8727631680356077,0.20388482116168638,0.9385684670671919,0.6290282484885998,0.9415831046189614,0.9606639406993717,0.8351667251716831,0.5210466366363435,0.8727631680356077,0.5534231870192614,0.5587145217835017,0.8613974049640738,0.5707437009161258,0.6096717811332694,0.5888992416761516,0.9221821648495907,0.5980903508943367,0.8998810395452734,0.7419978210407892,0.541698728412856,0.5471207002050122,0.4145348155576394,0.7038681047592441,0.7073591269630466,0.6995023882590949,0.9146431307324149,0.875426485135419,0.6260956588338058,0.7756636039621649,0.5144502698499516,0.8727631680356078,0.9006096463746007,0.6794907442152804,0.7470097508737332,0.7590160164487558,0.6099106064450814,0.60666272577496,0.8727631680356077,0.6116173273590171,0.9285447292937319,0.45975940885375133,0.8727631680356077,0.6737254740204592,0.7877549168970759,0.9346991012692377,0.8386319972225242,0.8686385996787727,0.8844189788328016,0.9044602128671593,0.7154557624776745,0.858676931389569,0.7848707820741707,0.8675975537210803,0.5495071470625961,0.8727631680356077,0.891185282221918,0.8727631680356077,0.9740699527808631,0.3693354053640958,0.7102776278080832,0.9490060614215786,0.9697711527955966,0.7694517108962489,0.76185581851605,0.7810472552823597,0.8727631680356077,0.8008041069536591,0.6676303640487579,0.7764108390179092,0.6461073824692776,0.7877239185135089,0.9585117888760866,0.8121302010293372,0.87871899135583,0.8339903731560383,0.7316564454969657,0.5216052533652338,0.8339903731560383,0.8976648982890321,0.6418623468324611,0.8002661382236945,0.8339903731560383,0.9490060614215786,0.7151427998717712,0.9109264520435436,0.5359947565127992,0.6198246531879763,0.9019639327925527,0.5615276396033277,0.9460112707329087,0.8948327340196496,0.8653384016821959,0.8059811828634789,0.8500140913646179,0.8686385996787725,0.928983006939828,0.8440833320932042,0.6204033320680558,0.8423887074714753,0.8778006513469785,0.8413076099433731,0.9725133026500219,0.6258270092263616,0.9109264520435436,0.9164201668122128,0.8882012115336216,0.7710485512257539,0.8427418772662418,0.7939325855661878,0.9226233079465148,0.9221821648495907,0.9282564559285416,0.9322290419791689,0.8391883044901779,0.6907975021792145,0.9687869351154329,0.9758758099049036,0.9988824478517395,0.695234415326164,0.9252088742292754,0.9714711165829838,0.7541687136866516,0.5806992426625583,0.7563619950319367,0.8080296387308383,0.8677568052773644,0.9207285164870209,0.9155312849209496,0.9934905299198744,0.8537406145656827,0.7449195029327309,0.9458910849563182,0.7780506043441915,0.9084544309352692,0.921682569972396,0.8106729411563696,0.9417450140868492,0.7157377932754609,0.8257771640666329,0.705330560528072,0.6628205208659987,0.9448543512076254,0.7331541723798976,0.8185201747884032,0.8381369010000779,0.8971281968653817,0.7372119418507699,0.8391822567423206,0.6997073958033866,0.9797861897613425,0.7713364686974182,0.9287571566967989,0.6619428035679524,0.9082634530537093,0.6627929023816495,0.8238344375272357,0.9282564559285416,0.7316564454969657,0.8330749008292149,0.7158666571515571,0.9828112333420399,0.9726652205019484,0.9740699527808631,0.8182145323632533,0.9282564559285414
p117_S,0.9833967057385605,0.901122967399483,0.9605021604012389,0.9458968937609291,0.9602211523225768,0.9704919301607371,0.8787446099504677,0.8404071783150318,0.9246724996449085,0.9688473520249221,0.952904481298952,0.9589316626844853,0.9589316626844853,0.9393074128728371,0.9155191956957988,0.9539382344839202,0.8917979759263731,0.9463456194504827,0.9672758151492922,0.9688473520249221,0.9555576707442226,0.9094075605567675,0.8500641175728522,0.9615452872130625,0.9132268973805198,0.9463456194504825,0.9564441004788364,0.9887119198512566,0.9688473520249223,0.9641663749515034,0.999822015418471,0.9448229719109482,0.9552408029353747,0.9364368411420321,0.957486356544754,0.6388439962840045,0.9615452872130625,0.9552408029353747,0.9704919301607371,0.945305581259918,0.9365377706532191,0.9473991727811975,0.9704919301607371,0.984298100015708,0.9676769377237683,0.9293531176249471,0.9629078616894176,0.9220700353609517,0.804986106975019,0.9152641503417578,0.9643133649175286,0.9648922303366112,0.9463456194504825,0.9540615556502021,0.9552408029353747,0.9327624037197982,0.8098030425665006,0.9602211523225768,0.9021933432389448,0.9576735770276548,0.9264265757108796,0.9115456612205781,0.9902272378284809,0.9212094218042226,0.9398072791970181,0.9554534689260413,0.7630956455679013,0.926085680719904,0.9962665127840864,0.967275815149292,0.9383422423783938,0.9922673407988161,0.9602211523225768,0.9007974233889862,0.9602211523225768,0.9550108469657219,0.7011707726698932,0.952904481298952,0.8979763176038493,0.9704919301607371,0.952904481298952,0.948467140918744,0.9422586572762626,0.9463456194504827,0.9602211523225768,0.9354957453078971,0.7705830352988514,0.974681365940242,0.9627660172534371,0.9589316626844853,0.9602211523225768,0.903783809420319,0.9115456612205781,0.9585278118662608,0.9422586572762628,0.9698382173897017,0.9523375270823129,0.9113822623848766,0.895143453215967,0.8941961293283132,0.8098030425665005,0.9629078616894173,0.9602211523225768,0.9545911390185762,0.8968599447908274,0.967275815149292,0.9273099638694313,0.8767715147934856,0.9506503681784946,0.9026728454973332,0.8047569530533429,0.9473991727811975,0.8488894389623105,0.8668135999262306,0.9629078616894176,0.8303000077421618,0.9735307058746404,0.967275815149292,0.9704919301607371,0.8888428923892235,0.9317998283510545,0.8713174172545051,0.9506503681784946,0.9998220154184709,0.7999458096653719,0.8084632097395319,0.9615452872130623,0.9308487984769922,0.9611058687776596,0.9336347991328913,0.9003549758958829,0.774002900150522,0.9643133649175286,0.9704919301607371,0.740040052331582,0.9166835378272546,0.905289793832148,0.9643133649175286,0.9643133649175286,0.9576735770276548,0.8320351042588818,0.9688473520249221,0.862510706561856,0.8541379571354056,0.9113822623848765,0.9299882837258,0.9616288436298464,0.8763243374738712,0.945305581259918,0.8461628292403134,0.9688473520249221,0.9264265757108792,0.926085680719904,0.9069398281965728,0.9643133649175286,0.945305581259918,0.8977335722679969,0.9327142329596736,0.927034035310814,0.9150035043198985,0.9917968552579539,0.9629078616894176,0.9859275654047339,0.8451155112420421,0.919497451312518,0.7946878175844495,0.9900871334604325,0.9686270243184087,0.9382889399640054,0.9166835378272546,0.888499047077812,0.9589316626844853,0.9442782351269043,0.9734494449255833,0.9241944187271149,0.8003975508149647,0.967275815149292,0.8987127601538667,0.7825416521051115,0.9110833848585063,0.9308912761119585,0.9571805908603364,0.8712827231431497,0.9589316626844853,0.9532573045342176,0.9211575233294337,0.8888428923892235,0.9710638846211326,0.9540615556502021,0.9984192168061299,0.9576735770276548,0.9735615243851738,0.9940786013624601,0.9415226321017729,0.9761261745674079,0.9602211523225768,0.9615452872130625,0.9576735770276548,0.9220700353609517,0.9805140790524415,0.915264150341758,0.9589316626844853,0.9602211523225768,0.8190161346253714,0.9061368756587873,0.9688473520249221,0.9602211523225768,0.9064142711340988,0.9336347991328913,0.9110833848585063,0.8880166939342056,0.8280147088658016,0.7212184631640943,0.9602211523225768,0.926085680719904,0.9602211523225768,0.9680270476887273,0.9770095970867546,0.9805140790524414,0.9602211523225768,0.7924269633039946,0.9602211523225768,0.8055713481338861,0.9273099638694315,0.934561854210183,0.8047569530533425,0.9493957255905624,0.8561165010554979,0.9576735770276548,0.9495505106234361,0.9517679141853164,0.7256762322934209,0.8373542339687647,0.9918036979367357,0.9643133649175286,0.9686270243184086,0.9057309170005868,0.9723047356695362,0.9662454225678805,0.9336347991328913,0.933634799132891,0.9564441004788364,0.9150035043198985,0.9644928340620883,0.9602211523225768,0.9238013891436971,0.9602211523225768,0.9344606831403275,0.9336347991328913,0.9643133649175286,0.9432628256129658,0.8914207546882854,0.9535979799037622,0.9327142329596736,0.9812882646010126,0.9018028471387467,0.9762381701099259,0.8913167644457047,0.9629078616894173,0.9362473724214274,0.9362473724214272,0.9157488137956815,0.9589316626844853,0.9657671730030435,0.8774275767526136,0.9704919301607371,0.9802566459961091,0.982822166572886,0.9473991727811977,0.9395982191649277,0.931649952367037,0.9448229719109482,0.8813688685160492,0.912270756397799,0.96202926195386,0.967275815149292,0.9393227751223416,0.9327142329596734,0.657901097022123,0.922933964066333,0.967275815149292,0.9607483250129103,0.9657805893681323,0.9657671730030435,0.9674296364846788,0.8311012003946948,0.9629078616894173,0.8420957316791531,0.8846162930362216,0.9576735770276548,0.9629078616894173,0.9629078616894173,0.8735772609680563,0.9342541377090322,0.8422398757411229,0.8863615183906017,0.9150035043198986,0.9157488137956815,0.9342541377090323,0.7106088831467463,0.9922673407988161,0.9576735770276548,0.9643133649175286,0.8807174319218227,0.9674296364846788,0.6863064874305016,0.945305581259918,0.9345618542101832,0.8566477616876668,0.9801145305445413,0.9094222802137257,0.9770095970867546,0.9501362322562135,0.9082817858847674,0.893504380488725,0.0,0.9246724996449085,0.9280373831775702,0.9364368411420321,0.9336347991328913,0.662717773887261,0.9493957255905624,0.9602211523225768,0.9643133649175286,0.9238013891436971,0.7999458096653719,0.967275815149292,0.9657671730030435,0.9589316626844853,0.9602211523225768,0.9506503681784946,0.967275815149292,0.9209839463193068,0.9155191956957984,0.8112177502271443,0.789111684375167,0.9643133649175286,0.9064142711340992,0.8407776471276049,0.9506503681784946,0.9552408029353749,0.9371727591442106,0.9629078616894176,0.9364368411420321,0.8604028387223073,0.9540615556502021,0.9814857905852672,0.7039356992793946,0.8870801309378662,0.9918036979367357,0.8614494698822026,0.8159190141289774,0.9589316626844853,0.9950331250804816,0.8276313301891114,0.8846162930362216,0.8855843507261227,0.8528136040604399,0.9602211523225768,0.8855324042412522,0.9902416640337588,0.7825416521051115,0.9354957453078969,0.9688473520249221,0.9166835378272546,0.9602211523225768,0.9602211523225768,0.945305581259918,0.9735615243851738,0.9139886948916436,0.9602211523225768,0.9688473520249221,0.7929013742794156,0.8884990470778118,0.9662454225678805,0.8707511192158017,0.7929013742794155,0.827167704136864,0.9788198231857258,0.8365658780959979,0.8283225054804622,0.9602211523225768,0.9219328558760138,0.8488378832255229,0.8603930719852717,0.8978091213472763,0.940281523787128,0.9392271580257151,0.9629078616894176,0.875776977613917,0.9602211523225768,0.8392345523720055,0.9463456194504827,0.9532573045342176,0.9495307292160872,0.9535979799037623,0.8011999848286611,0.9552408029353747,0.9602211523225768,0.965073786007691,0.8470108069580577,0.9602211523225768,0.940281523787128,0.8747790258604977,0.7856666729249011,0.8206465546456468,0.8807174319218227,0.9602211523225768,0.8978091213472763,0.926085680719904,0.9657671730030435,0.9239353635605216,0.820646554645647,0.9774358012844695,0.9281978840490726,0.8492141363785854,0.9629078616894176,0.8913373025078368,0.9550108469657219,0.9495505106234361,0.8847021819311651,0.933200236515103,0.9377454038018888,0.9495505106234361,0.9643133649175286,0.9463456194504827,0.9602211523225768,0.8357840905673566,0.9229339640663332,0.9971788517297395,0.952904481298952,0.9432628256129656,0.9576735770276548,0.9801458347021141,0.9615452872130625,0.9576735770276548,0.9053808215188037,0.9602211523225768,0.8287152289243254,0.9476534130774978,0.8308823766537645,0.967275815149292,0.8796938264815506,0.9688473520249221,0.9540615556502021,0.9836543654419935,0.8441614090406864,0.9517679141853161,0.7218068535825548,0.9498464045781176,0.9345618542101832,0.9152641503417578,0.9473991727811975,0.9517679141853161,0.8821852247529473,0.9629078616894173,0.8420957316791531,0.8891201681390329,0.9875749921115438,0.9484671409187437,0.9212094218042226,0.952904481298952,0.9998220154184712,0.9384438915290363,0.8571935243607935,0.9255474930154988,0.8159190141289774,0.8903892529283981,0.7258861534685651,0.9393074128728371,0.948467140918744,0.9495505106234363,0.8541007862230803,0.976238170109926,0.9239353635605216,0.948467140918744,0.9592096814182648,0.9844764601869229,0.9629078616894173,0.9319982236038633,0.969625418100027,0.8455205797886557,0.9212094218042226,0.9672758151492922,0.8604028387223073,0.9605021604012389,0.9657671730030435,0.9029879488665963,0.9676769377237682,0.9676769377237684,0.9643133649175286,0.9342541377090322,0.9412650880954538,0.8448848835244378,0.9107053566549849,0.9611058687776597,0.9589316626844853,0.8616255760827236,0.9774358012844695,0.9564441004788364,0.9773020800644383,0.9602211523225768,0.9657671730030435,0.9602211523225768,0.9602211523225768,0.8941961293283132,0.9495505106234361,0.786728874884449,0.9602211523225768,0.850752050715597,0.8729254856107445,0.9872125588573132,0.96110154420708,0.9219328558760138,0.9735803407867051,0.8308823766537645,0.9723047356695362,0.8746288432976699,0.9552408029353749,0.9989383090729373,0.9398072791970182,0.9354957453078969,0.9973335155866474,0.88718959219572,0.8230833259602459,0.9552408029353747,0.9576735770276548,0.9919932337080797,0.9657671730030435,0.9420701751854474,0.9629078616894176,0.839089054495298,0.9517679141853161,0.9473991727811975,0.9495505106234361,0.9194920767890471,0.940281523787128,0.9264265757108796,0.9495505106234361,0.9373855340691761,0.9629078616894173,0.9788198231857259,0.9615452872130625,0.9327142329596736,0.8880166939342056,0.82628753242506,0.9448229719109481,0.7998445750529276,0.9564441004788367,0.862500999391064,0.9523375270823129,0.8811434002398041,0.8603930719852717,0.8785627385841395,0.9704919301607371,0.8664998444650647,0.8796938264815506,0.9723047356695362,0.8688863738230547,0.9094075605567674,0.9774358012844695,0.8772381445135209,0.9602211523225768,0.9643133649175286,0.9887119198512568,0.9602211523225768,0.7924269633039949,0.9517679141853161,0.9576735770276548,0.9980151413438714,0.8379818769593,0.9495505106234361,0.8826723723783978,0.9688473520249221,0.8781669771911613,0.9762381701099259,0.9356763192142938,0.9576735770276548,0.9552408029353747,0.969625418100027,0.9056319216938427,0.789111684375167,0.818632692178674,0.9061143838323409,0.9333090279619121,0.9327710071213973,0.9364368411420321,0.9045448781262266,0.9110230653978574,0.9412650880954538,0.9280373831775702,0.7771041629395341,0.9615452872130625,0.9770095970867547,0.9238013891436971,0.9616288436298464,0.9589316626844853,0.9823151003505575,0.9371727591442106,0.5954115757594372,0.9052897938321478,0.9629078616894173,0.9550124172403793,0.9345618542101832,0.9473991727811977,0.922933964066333,0.9412650880954538,0.9812882646010126,0.967429636484679,0.9529044812989518,0.9589316626844853,0.9643133649175286,0.9704919301607371,0.9602211523225768,0.9918036979367357,0.7846104142740942,0.8846162930362216,0.9373855340691761,0.9602211523225768,0.9085936746436276,0.8462319742187794,0.9761261745674079,0.8311012003946949,0.9735615243851738,0.9152641503417578,0.9497216571784262,0.9737301168782904,0.9432628256129658,0.8747750288630066,0.8830381436111523,0.9956532987665977,0.9657671730030437,0.9238013891436971,0.8098030425665005,0.9493957255905624,0.8520541619694213,0.9704919301607369,0.9432628256129658,0.9576735770276548,0.9704919301607371,0.9540615556502021,0.8712827231431497,0.9602211523225768,0.9358928905254469,0.9167735154427568,0.967275815149292,0.9602211523225768,0.9517679141853161,0.8539459738780028,0.8807174319218227,0.9589316626844853,0.9448229719109482,0.9564441004788364,0.9589316626844853,0.9589316626844853,0.9918036979367356,0.9602211523225768,0.9676769377237683,0.9774358012844695,0.9602211523225768,0.9484671409187437,0.8607697261175814,0.967275815149292,0.9629078616894176,0.9657671730030435,0.9615452872130625,0.9589316626844853,0.8758841588239132,0.9671258766853237,0.9495505106234361,0.9129474806881046,0.9602211523225768,0.7218091742253034,0.9629078616894173,0.948467140918744,0.9800870454811565,0.8695340276125693,0.967275815149292,0.9615452872130625,0.9506503681784948,0.9336347991328913,0.9506503681784946,0.9602211523225768,0.9056319216938428,0.9383422423783936,0.8230833259602459,0.8737781800841435,0.952904481298952,0.9342541377090322,0.804986106975019,0.9629078616894176,0.9273099638694313,0.876324337473871,0.9602211523225768,0.9602211523225768,0.9507653510800258,0.9688473520249221,0.9409609557041068,0.9564441004788364,0.8345234729276817,0.8989178714642767,0.9576735770276548,0.8717637084158267,0.9019971805868943,0.9602211523225768,0.9602211523225768,0.9327142329596736,0.9483275533512172,0.972304735669536,0.9735803407867052,0.878853978185034,0.784645347603627,0.9384438915290361,0.8787507296974193,0.7946619559680822,0.889432688946328,0.9602211523225768,0.9698382173897018,0.9643133649175286,0.9704919301607371,0.8379818769593,0.967275815149292,0.9045448781262266,0.9602211523225768,0.9602211523225768,0.8582652152099643,0.9602211523225768,0.8645898998275021,0.978819823185726,0.955913940559361,0.9686270243184087,0.9961565139931364,0.9365377706532191,0.9073482152003538,0.9253065372566266,0.9602211523225768,0.7984764022449994,0.8932471373037334,0.9615452872130625,0.9342541377090322,0.9571342288198471,0.9356074344029928,0.9299882837258,0.8455205797886558,0.9615452872130625,0.9532573045342176,0.9602211523225768,0.8642723367835963,0.8455205797886557,0.9212094218042226,0.8110481230425679,0.9748025681490504,0.9540615556502021,0.9748350526392386,0.8051714798718452,0.9657671730030435,0.8970707874646662,0.8921400493540415,0.9564441004788364,0.9688473520249221,0.888499047077812,0.9463456194504827,0.9253480765407986,0.9643133649175286,0.9589316626844853,0.9445948948871474,0.9442782351269043,0.9056319216938427,0.9383422423783936,0.9704919301607371,0.9872125588573133,0.9704919301607371,0.9704919301607369,0.8821852247529474,0.9373855340691761,0.9186457666042602,0.9602211523225768,0.9688473520249221,0.8399952979278096,0.9517679141853161,0.8365658780959979,0.9552408029353749,0.9589316626844853,0.9442782351269043,0.9169502243571084,0.9615452872130625,0.8635477725273677,0.9902416640337588,0.8616255760827236,0.8797355977355368,0.9602211523225768,0.903783809420319,0.9602211523225768,0.8707511192158017,0.9688473520249221,0.9473991727811977,0.948467140918744,0.9183299651833599,0.9602211523225768,0.8826723723783978,0.8664998444650647,0.9484671409187437,0.8836456641177746,0.9007974233889862,0.889432688946328,0.9643133649175286,0.8607374764874878,0.878853978185034,0.8308063456911845,0.9875231939611645,0.9495505106234361,0.9346040249870142,0.9704919301607371,0.9495505106234361,0.9602211523225768,0.9674296364846788,0.5552777952099537,0.9110812357914191,0.9723047356695362,0.8616378859339668,0.9602211523225768,0.9589316626844853,0.876324337473871,0.7924269633039948,0.9186457666042602,0.8250913965285298,0.8770285044378543,0.9602211523225768,0.9051061063985824,0.788571432056201,0.9393074128728371,0.9602211523225768,0.9120142963323286,0.9552408029353747,0.967275815149292,0.9495505106234363,0.9589316626844853,0.9686058175770903,0.9902272378284807,0.9662454225678803,0.9942420842964468,0.7178329613588004,0.9836543654419934,0.8591595978923791,0.9602211523225768,0.9961565139931364,0.9602211523225768,0.967275815149292,0.8720586042798709,0.9094222802137255,0.9704919301607371,0.9422586572762626,0.9412729646792745,0.9255474930154988,0.8884990470778119,0.9602211523225768,0.9423304665216126,0.8598463380089294,0.9213692074375961,0.8230833259602459,0.9872125588573131,0.7630956455679019,0.9412650880954538,0.9984192168061301,0.934561854210183,0.9161060738860443,0.8770285044378544,0.934561854210183,0.831101200394695,0.9643133649175286,0.9150035043198985,0.934561854210183,0.9704919301607371,0.7999458096653719,0.9615452872130625,0.9150035043198985,0.9611058687776597,0.9984192168061301,0.9859275654047339,0.9152641503417578,0.9592096814182648,0.9495505106234361,0.9327142329596734,0.9922673407988162,0.9589316626844853,0.9517679141853161,0.9602234796669928,0.9393074128728371,0.8364164331596694,0.9433354585651039,0.9828798843095534,0.9787649061336618,0.945305581259918,0.9615452872130623,0.8616993128705426,0.9808061948240677,0.9627660172534371,0.9432628256129658,0.9961565139931365,0.9698382173897018,0.9643133649175286,0.9657671730030435,0.9746060824205354,0.9422586572762628,0.9759242177777507,0.9354957453078969,0.9409091189323958,0.9996506126725186,0.9506503681784946,0.940281523787128,0.8751938654120847,0.9092150805000689,0.9690469718238905,0.9317998283510542,0.9220700353609517,0.9968818757206859,0.8453817313970797,0.8420957316791527,0.9718557210930159,0.9463456194504825,0.8917979759263726,0.9422586572762628,0.9686270243184085,0.9773020800644381,0.9534079531416462,0.952904481298952,0.991221459624178,0.9589316626844853,0.9185177899680338,0.9940786013624601,0.8616993128705422,0.9615452872130625,0.9110833848585063,0.9432628256129656,0.9629078616894173,0.9384149895103318,0.8929627841467682,0.9907459731648102,0.9644928340620883,0.9644928340620883,0.9423304665216126,0.9484671409187437,0.979191917804625,0.9629078616894173,0.8896682568954879,0.9484671409187437,0.9657671730030435,0.9161060738860443,0.9473991727811975,0.9615452872130625,0.9688473520249221,0.9976243215493139,0.9672758151492922,0.925096537377939,0.9657671730030437
p118_C,0.7627747862609864,0.9232502230992654,0.8380041383447434,0.9620984523584042,0.9038142386822654,0.9286491105644257,0.8127001687655313,0.8325079218443465,0.34768907563024976,0.9246724996449085,0.9794979784534669,0.9006962362816695,0.938608053802739,0.9348849767198617,0.7786331331509072,0.8865508177574255,0.8894642527025183,0.8702630231263386,0.9208725034246266,0.9735615243851741,0.8079564670345303,0.9162839533116927,0.9096814050133908,0.9070160137452734,0.9129412260730063,0.7087277676071719,0.9666327685149194,0.619083890275703,0.9246724996449087,0.7251350722516978,0.7509766886424835,0.9137092609592146,0.9268928378647714,0.7861889355412882,0.9038142386822656,0.9208725034246268,0.9472483006084298,0.9620139854217533,0.9286491105644257,0.9565420040496802,0.8094833764446476,0.8728105285248215,0.9169904684997892,0.6919896057897743,0.9306570238192791,0.7471799958307617,0.9518893725088029,0.690182781903319,0.8677481975092118,0.690134315825824,0.95678955450748,0.7695392372220455,0.7387998539833496,0.8889202553233961,0.8917716903077886,0.8944128167827483,0.8652640614492118,0.903814238682265,0.7338844372634803,0.8976541691085209,0.5416847856289779,0.6570674122369691,0.9604792822548722,0.8094833764446476,0.9172245874626139,0.6247346772741851,0.9137092609592148,0.9777142969208078,0.9839171816528518,0.9208725034246266,0.9315456245426796,0.8677481975092116,0.9401196485914108,0.6528173206736956,0.903814238682265,0.7849984898875144,0.9162839533116924,0.8861224347761874,0.6452063630056547,0.9801025842096873,0.9533122281613602,0.875392889110175,0.91701548746367,0.8702630231263384,0.903814238682265,0.9218963184685969,0.9520770374064558,0.8457859527760433,0.9512399166403622,0.90069623628167,0.903814238682265,0.859452390427899,0.8023224659261183,0.6680652740781099,0.8603806964337213,0.8342122086024174,0.8546190800027247,0.787012015828082,0.6718525253104792,0.6064035416644237,0.8944128167827483,0.9103107362174552,0.9818472950454276,0.8611250859827146,0.7938554013457658,0.9208725034246268,0.8955315735658567,0.5927530997413976,0.9129412260730065,0.6115230248335803,0.8244366800443657,0.8728105285248215,0.5353850169924896,0.8527315889906659,0.9103107362174554,0.5896126504788368,0.8889202553233964,0.9208725034246268,0.9286491105644255,0.5821418109928038,0.9160040013835883,0.8451259095144115,0.9452104916607273,0.8859100247525031,0.9003351095025167,0.6906830053821915,0.9070160137452734,0.755945483356444,0.9006962362816695,0.8649303928299308,0.5958890838990243,0.9103107362174552,0.95678955450748,0.9286491105644255,0.8946812791236383,0.8505534249810687,0.8312458492951509,0.9137092609592148,0.9137092609592146,0.8976541691085209,0.7146095124742475,0.9246724996449085,0.6074733068152849,0.7765363031894597,0.8289009182409786,0.5100570711057402,0.8791076481393729,0.5867965630964325,0.9269440685361907,0.7361281472374488,0.9246724996449085,0.6595026917774784,0.7825472522047825,0.9613322301274161,0.9998698480557453,0.7474786408154264,0.8668270665506419,0.8875850568726846,0.7528076470119729,0.8451259095144115,0.7531844847400355,0.9103107362174554,0.9376024723749292,0.8343658560284067,0.8053438099485697,0.8931170028100022,0.9441675746147218,0.8094833764446476,0.8603806964337215,0.7727956892478673,0.8804580254427763,0.9006962362816697,0.7849508745483511,0.8255949039914903,0.6535491445899995,0.8489575666492941,0.9675591368764067,0.8907785009971174,0.8751550551919565,0.8266522796722571,0.9945638495236977,0.5368829453073947,0.8652640614492118,0.9006962362816695,0.9875129768195836,0.8698594133290438,0.47079519038790774,0.8136533416420026,0.8889202553233962,0.91072846581354,0.9714591146969296,0.8344537815126054,0.7148874080958276,0.6095649477852607,0.9163528460879233,0.903814238682265,0.9070160137452734,0.9916384125088662,0.9700993541722065,0.7588920100734051,0.5828930554100435,0.9386080538027393,0.903814238682265,0.7895755393931945,0.6598962481681293,0.9246724996449085,0.903814238682265,0.8429302588405676,0.6524259938220232,0.3402719246328896,0.49382293895261786,0.8433411131205049,0.9386080538027393,0.903814238682265,0.8194300908008458,0.9038142386822652,0.7781130428938617,0.765538550040719,0.7413173030340519,0.903814238682265,0.7559454833564441,0.903814238682265,0.6912749564067553,0.8430460617284966,0.9187906400160175,0.7848242336194751,0.9103107362174552,0.6465707462732557,0.8976541691085209,0.8780124908814333,0.88337420099123,0.9163528460879231,0.7047866833391776,0.8725540131360712,0.9137092609592146,0.8769282987941893,0.9422959581439434,0.8157507865486258,0.960492895723996,0.804839766458248,0.7286328801401356,0.9306570238192788,0.8451259095144115,0.6595161573610271,0.903814238682265,0.9767256838211875,0.903814238682265,0.7748965149386183,0.8395280973905597,0.9137092609592148,0.9202538117870076,0.6298322882701719,0.9070160137452734,0.7101517412338965,0.8806719604852851,0.8618932032142346,0.8861224347761871,0.6630235664626898,0.9103107362174554,0.8933254878909684,0.950955599173687,0.8476785774323319,0.90069623628167,0.9484682480772155,0.8324299317930792,0.9286491105644257,0.6853845487685317,0.894493557706038,0.872810528524822,0.6439906206763961,0.901054062715378,0.9137092609592148,0.7446021538887454,0.8283857799509573,0.7006293916064772,0.9208725034246268,0.5767700846227467,0.7604346414705728,0.906497680742552,0.775598086217062,0.9208725034246268,0.9378932210486992,0.6189136340900778,0.9172245874626139,0.8074099974274132,0.8804580254427758,0.9934680088001508,0.8463034707266373,0.6370179453164144,0.8976541691085209,0.9103107362174554,0.9103107362174554,0.6690603143910516,0.9675591368764067,0.7246239885431076,0.5025978128128308,0.7829885471498907,0.7229241972739995,0.9208725034246266,0.9818472950454276,0.8677481975092118,0.9916384125088662,0.9137092609592148,0.5811720368107474,0.9470647226822544,0.9103107362174554,0.8677481975092116,0.9444642772220331,0.7184921078175184,0.8527315889906659,0.8688007622688099,0.9777721141333044,0.9761556523748782,0.8193150209821175,0.817698319742261,0.9246724996449085,0.0,0.9246724996449085,0.8463034707266373,0.8395280973905597,0.828540103112706,0.9233747186171544,0.903814238682265,0.6554878035581284,0.8387472004447059,0.9304071958786946,0.9208725034246268,0.9484682480772155,0.9006962362816695,0.903814238682265,0.8806719604852848,0.9208725034246266,0.9286491105644255,0.9527908048039258,0.7515819721015533,0.875392889110175,0.95678955450748,0.8604353377374611,0.7281711111605778,0.9902509771638305,0.5111688012235116,0.7699641184685755,0.9649533549085014,0.8124394779507222,0.7286278322191935,0.9394299057972586,0.5833050880271484,0.9286491105644255,0.6399116671772384,0.8988045555455051,0.6671524756003095,0.9306570238192786,0.90069623628167,0.8509107552317439,0.8451259095144115,0.5523238383798105,0.6340520423739822,0.7081805556178293,0.903814238682265,0.4885751838696678,0.869984032149532,0.8751550551919567,0.9218963184685969,0.9246724996449083,0.7010526633867122,0.903814238682265,0.903814238682265,0.8677481975092118,0.8178571428571424,0.8263066325174429,0.9038142386822652,0.9246724996449085,0.9038142386822656,0.8532445498042333,0.8053438099485697,0.5927878476576379,0.9038142386822656,0.91072846581354,0.9162839533116927,0.7347586943861968,0.6877353373896682,0.903814238682265,0.7749793170013812,0.8674433656039866,0.653018395930276,0.6812769772838776,0.9658569692010741,0.8110199237491145,0.9103107362174554,0.5787797828178961,0.903814238682265,0.666687048171414,0.9604792822548722,0.48482592202955344,0.7303705268893572,0.9472483006084296,0.7325663211729685,0.8917716903077888,0.903814238682265,0.803284425455314,0.6259836854011884,0.903814238682265,0.9382927175073073,0.6152390881424175,0.7009506697374133,0.7014232101599984,0.6149312127064351,0.903814238682265,0.7817187296028585,0.5720030723641145,0.9172245874626141,0.792096456276496,0.7184921078175186,0.7479833836537157,0.5742473311625278,0.8693218039282258,0.9103107362174554,0.8297304774174434,0.31944502974051836,0.909681405013391,0.49288532132507923,0.8395686087508274,0.793855401345765,0.8780124908814335,0.9137092609592146,0.9304071958786946,0.903814238682265,0.9208725034246266,0.8364727067609434,0.6219840507411665,0.9533122281613602,0.9202538117870076,0.8976541691085209,0.6859024170873248,0.9070160137452734,0.8976541691085209,0.95331222816136,0.9791361767729916,0.8889202553233966,0.8111604038139193,0.8642156862745094,0.9208725034246266,0.49973571336736866,0.9246724996449085,0.8021100346937822,0.8780124908814335,0.7358949947676448,0.9162839533116927,0.9246724996449085,0.721986268492973,0.4907157042456257,0.838004138344743,0.964531040634373,0.9491937056321555,0.8157507865486255,0.910310736217455,0.846303470726637,0.8319650172278283,0.8947444133884138,0.9998120556396835,0.8532920118076438,0.9533122281613602,0.7509766886424835,0.8032021226277379,0.7277038854684545,0.8667093382476401,0.8946812791236383,0.618913634090078,0.835710925474553,0.9893119279969469,0.906497680742552,0.909681405013391,0.7059339836195542,0.9197173314687737,0.7920964562764965,0.875392889110175,0.8903326882693019,0.7435158876658543,0.9103107362174552,0.9940394767033787,0.6804700966734054,0.9218963184685969,0.8757736525908243,0.8456943293164729,0.8987171856284855,0.840272080407916,0.9172245874626141,0.9187906400160177,0.9666327685149194,0.8946812791236383,0.9137092609592148,0.9208725034246268,0.8859100247525031,0.721549140037248,0.8350911146232853,0.938608053802739,0.9006962362816693,0.8520217909688975,0.8480002345284661,0.8946812791236378,0.8154660314232959,0.903814238682265,0.9172245874626141,0.903814238682265,0.903814238682265,0.6064035416644235,0.8780124908814335,0.872554013136071,0.903814238682265,0.6310661560326556,0.5484021786688427,0.9572535390944725,0.8674235253159313,0.7749793170013812,0.7508074442309705,0.8410364145658258,0.8157507865486258,0.5409656041265215,0.9268928378647712,0.9859056662964014,0.9172245874626139,0.7406738204574792,0.700629391606477,0.5904444916621465,0.8579782334751942,0.8272591292363524,0.9345566419027254,0.9942298227708775,0.9172245874626139,0.8693218039282256,0.9103107362174554,0.9927472117671714,0.9821034579526184,0.9339575365978556,0.9096814050133908,0.6361522667010285,0.9107284658135402,0.6359391105477785,0.96364293845878,0.9654991476430217,0.8817960823258066,0.9821034579526184,0.9320548388021017,0.8610004419439286,0.7343087392934478,0.7323013363309012,0.9137092609592148,0.7477218445878466,0.9666327685149196,0.6477963931775503,0.7910509366485656,0.938608053802739,0.6864928672060202,0.8603806964337213,0.968443942145051,0.6831154163610085,0.5177167622190788,0.8157507865486255,0.6784640757717257,0.8833742009912298,0.9856400788406675,0.6929668907773416,0.903814238682265,0.9137092609592146,0.7987993507178112,0.9038142386822656,0.7746884172332462,0.754618523483678,0.6964186301552322,0.91701548746367,0.7848834297378309,0.9413503191453481,0.6428915521223315,0.9246724996449087,0.7267147316827547,0.9197173314687737,0.7185499024271498,0.8976541691085209,0.8917716903077886,0.9065221662575308,0.8903326882693017,0.906497680742552,0.7855816675501788,0.6215170163959175,0.6923255121529703,0.9945830251997401,0.9775561827738073,0.7617016293666945,0.7559454833564443,0.778908479919791,0.9246724996449087,0.8806719604852851,0.8918225519389456,0.7301662893586212,0.9082922466984114,0.857524385752174,0.9006962362816697,0.714765462776795,0.7521988649018696,0.9286491105644255,0.887557913967607,0.9649533549085019,0.8959401753090643,0.8674433656039868,0.872810528524822,0.8821114369988252,0.8859100247525031,0.8806719604852853,0.8074099974274129,0.8861224347761874,0.9006962362816695,0.9137092609592146,0.9286491105644257,0.903814238682265,0.8463034707266373,0.7831805128846234,0.6031403025417728,0.9017126880527937,0.9038142386822652,0.5242771864034322,0.719333245287612,0.9870435897770229,0.8532445498042334,0.8410364145658249,0.838004138344743,0.7990624129759063,0.9026377211979392,0.8915313000367353,0.9399164273176233,0.5195270137777417,0.8357109254745532,0.9172245874626141,0.8617436143407862,0.8652640614492118,0.9518893725088031,0.9411372791480437,0.9286491105644255,0.9935786529621748,0.9714591146969296,0.9286491105644255,0.8889202553233964,0.9235615721162846,0.9428307668638465,0.8255949039914904,0.7809819176584167,0.9208725034246266,0.9038142386822656,0.8833742009912298,0.6348970220281165,0.5642924488629032,0.90069623628167,0.9137092609592148,0.8946812791236378,0.90069623628167,0.90069623628167,0.846303470726637,0.903814238682265,0.8946812791236383,0.824234565009771,0.903814238682265,0.906497680742552,0.835710925474553,0.9857542296718133,0.9103107362174554,0.9172245874626141,0.9070160137452734,0.9006962362816697,0.7484061653675242,0.4707951903879076,0.5519470547433349,0.8569655566306015,0.903814238682265,0.8480002345284663,0.9518893725088031,0.9687072640073062,0.6684436529256623,0.8983060995155132,0.9208725034246268,0.9070160137452734,0.9452104916607273,0.9919418700267857,0.9452104916607273,0.9818472950454273,0.8649303928299301,0.9315456245426796,0.8579782334751942,0.5623884969994275,0.8861224347761871,0.9675591368764067,0.8677481975092118,0.9518893725088031,0.9668285821219422,0.5689902439172787,0.903814238682265,0.9038142386822654,0.7769775549658486,0.9246724996449085,0.7633243531417939,0.8946812791236383,0.9794979784534669,0.5902119363563848,0.8976541691085209,0.6739447836194568,0.6874487334225228,0.903814238682265,0.903814238682265,0.8373021566360075,0.7325663211729684,0.9077364421329468,0.7338844372634798,0.5216950987338258,0.7355610054750383,0.7500265329051106,0.6544177297182792,0.8728105285248213,0.6219840507411665,0.903814238682265,0.9248036389822765,0.9137092609592146,0.9286491105644257,0.7325663211729685,0.9208725034246268,0.5175551227306685,0.903814238682265,0.903814238682265,0.6247153249176054,0.9038142386822656,0.6592660171105902,0.8833742009912298,0.7847196600248969,0.8094833764446474,0.9935786529621748,0.8544466580110088,0.5592885101670204,0.7717053277668664,0.9038142386822652,0.8903326882693017,0.6095663579983949,0.9070160137452734,0.9208725034246266,0.8891329643493711,0.8572884924487559,0.903958793522986,0.8440278889899995,0.9070160137452734,0.7518344762522529,0.903814238682265,0.5835482026164283,0.8959401753090646,0.8308103710244636,0.8372454062875516,0.8021917049999054,0.9737598735731277,0.642557934082522,0.7782072129288597,0.9619936422826709,0.8258275723635565,0.7153854147793857,0.9306570238192791,0.9735615243851738,0.6841263643405411,0.9003351095025163,0.6219840507411667,0.9137092609592146,0.9006962362816697,0.6011828467947153,0.872397140548959,0.9157349837086728,0.8509107552317439,0.9801025842096873,0.8649303928299308,0.9286491105644257,0.9286491105644255,0.9077364421329468,0.8592686161996737,0.49231687083362696,0.7840535358650871,0.9246724996449085,0.8833742009912298,0.8833742009912295,0.7697019270859657,0.9268928378647714,0.5306265009022848,0.8652640614492115,0.6577606531352471,0.9070160137452736,0.6116797503615756,0.8440278889899995,0.6452063630056544,0.6852956758026185,0.903814238682265,0.859452390427899,0.7840535358650873,0.7605588489338665,0.9246724996449085,0.9033840325613385,0.7513496113012997,0.9592728776227764,0.903814238682265,0.6428915521223314,0.7338844372634798,0.875392889110175,0.6399643049393695,0.5835482026164283,0.6219840507411667,0.9137092609592146,0.5967663634557335,0.9761037202380898,0.8599633955167474,0.7605240332233367,0.9413503191453481,0.7565390335561455,0.9169904684997892,0.8780124908814335,0.9038142386822656,0.9190123973775646,0.8677481975092118,0.5447023666583792,0.8157507865486258,0.7263062447113178,0.9791361767729917,0.90069623628167,0.6224092014547402,0.7372025494796421,0.8693218039282256,0.6195439246545317,0.6619121712993761,0.903814238682265,0.6961580307576043,0.741182646122327,0.9348849767198615,0.903814238682265,0.6118663904233583,0.8917716903077888,0.9208725034246268,0.8780124908814337,0.9386080538027395,0.7810223325642163,0.9192323722404168,0.9604928957239958,0.8652640614492118,0.8503564113953352,0.909681405013391,0.6968875921294164,0.903814238682265,0.8628087882864626,0.903814238682265,0.9208725034246268,0.8594833999122526,0.43617936688479575,0.9286491105644257,0.8603806964337215,0.8280423850147127,0.6659261592096579,0.8532445498042331,0.903814238682265,0.892003241535156,0.5828206332159785,0.844399446582804,0.8579782334751942,0.839528097390559,0.913709260959215,0.8579782334751942,0.8555999624260062,0.9701379144280489,0.7064415490417787,0.729153914607116,0.9701379144280489,0.8532445498042334,0.9998698480557455,0.7829885471498907,0.9701379144280489,0.9286491105644257,0.9192323722404168,0.8515902650757896,0.8451259095144117,0.9765198713238088,0.8555999624260062,0.906497680742552,0.4327552908279514,0.8395280973905597,0.9096814050133908,0.5593030405238654,0.8066745118424046,0.938608053802739,0.8833742009912298,0.6420415601664278,0.9076715010813188,0.8364727067609437,0.8604353377374603,0.8713196161225919,0.8263815673352466,0.9269440685361907,0.9070160137452734,0.9103107362174554,0.7299593559791808,0.9512399166403622,0.5627409767080856,0.9648561412119023,0.8940135002580029,0.9137092609592146,0.9172245874626141,0.976988029647069,0.7714931618716133,0.8234739453568076,0.5589808183407524,0.8579782334751942,0.922254195603845,0.9452104916607273,0.7860647655550218,0.9038142386822652,0.657731323828495,0.8289675444825273,0.8848720914219104,0.6675349243083534,0.8239102368510567,0.9484682480772156,0.8988045555455051,0.8838553496817023,0.7387998539833496,0.9666327685149196,0.91701548746367,0.9893365027100927,0.87386062377405,0.7336506199254176,0.9533122281613602,0.9550278837557489,0.9765198713238088,0.8404557924728844,0.9041826209191484,0.9103107362174554,0.9070160137452734,0.6735022429108313,0.6489085119589016,0.9518893725088031,0.9859738373476548,0.5982315321828411,0.8944383440283767,0.8976541691085211,0.8976541691085211,0.6362631170179656,0.9687072640073064,0.8387472004447059,0.9103107362174554,0.5779161173610404,0.875392889110175,0.9172245874626141,0.4474424003953833,0.9339575365978556,0.9070160137452734,0.9246724996449085,0.6163502833264064,0.9675591368764067,0.862399133729322,0.9172245874626141
p118_I,0.9811472271612041,0.756307490449169,0.9605021604012389,0.9967052595559542,0.9602211523225768,0.3783633287195267,0.9885045026753405,0.9822079191405612,0.9246724996449085,0.9688473520249221,0.952904481298952,0.9589316626844853,0.9589316626844853,0.7737033537115781,0.7610266751173977,0.9102521474185266,0.9564441004788364,0.9463456194504827,0.9672758151492922,0.5155763239875379,0.956091512537085,0.9517679141853161,0.716473869703712,0.9615452872130625,0.9506503681784948,0.9463456194504827,0.9564441004788364,0.9887119198512568,0.5155763239875379,0.9288659883709902,0.999822015418471,0.9448229719109482,0.9552408029353749,0.9364368411420323,0.9602211523225768,0.9672758151492922,0.9615452872130625,0.9552408029353749,0.9704919301607371,0.945305581259918,0.9686270243184087,0.9473991727811977,0.9704919301607371,0.984298100015708,0.9564441004788364,0.929353117624947,0.9493957255905625,0.9220700353609519,0.9453055812599183,0.915264150341758,0.9643133649175286,0.8884404424512053,0.9463456194504827,0.9540615556502021,0.9552408029353749,0.9327624037197983,0.9442782351269046,0.9602211523225768,0.9193391628916546,0.9576735770276548,0.9264265757108796,0.9781086623875048,0.8633729523864082,0.9686270243184087,0.9657671730030435,0.8098248093163588,0.9643133649175286,0.9572260537075437,0.9684253652597011,0.9672758151492922,0.7215124614090789,0.9922673407988162,0.9602211523225768,0.9738475965997659,0.9602211523225768,0.9550108469657219,0.9517679141853161,0.9529044812989522,0.970677800646101,0.9704919301607371,0.952904481298952,0.6579010970221222,0.9422586572762626,0.9463456194504827,0.9602211523225768,0.7907746610627939,0.9517679141853161,0.9539955032190779,0.9627660172534371,0.9589316626844853,0.9602211523225768,0.8133077893013573,0.8747637690899392,0.9973054793020452,0.9422586572762626,0.9346254185527985,0.8182615055319923,0.956091512537085,0.8589520903530736,0.8941961293283134,0.9442782351269046,0.5986100747104803,0.9602211523225768,0.8763081547224759,0.9395982191649279,0.9672758151492922,0.7719350116403417,0.9477699980021124,0.9506503681784948,0.9759727047473505,0.8465316450632611,0.9473991727811977,0.8846162930362216,0.7137417303970031,0.9629078616894176,0.8303000077421621,0.46667653654853924,0.9342541377090322,0.9704919301607371,0.8888428923892238,0.9317998283510545,0.8276313301891115,0.9506503681784948,0.5874317400159468,0.9902272378284808,0.8084632097395317,0.9535979799037623,0.7924269633039951,0.40136858901267414,0.9336347991328913,0.9003549758958831,0.9629078616894176,0.9448229719109482,0.9704919301607371,0.9564441004788367,0.8941686639616426,0.9476534130774978,0.9643133649175286,0.944822971910948,0.957673577027655,0.918333937798738,0.9688473520249221,0.862510706561856,0.9405885046495404,0.823031445666184,0.9299882837258,0.9161060738860443,0.876324337473871,0.9453055812599183,0.9169343421262848,0.9688473520249221,0.9264265757108794,0.8794338766591757,0.9497216571784262,0.9643133649175286,0.945305581259918,0.8054987287276891,0.9327142329596736,0.8880166939342056,0.8276313301891116,0.8652957284464029,0.9629078616894176,0.9859275654047339,0.8451155112420423,0.9870066061767572,0.7405377519433767,0.9703808325082801,0.7942849631106608,0.9382889399640056,0.9166835378272546,0.7737033537115783,0.9589316626844853,0.9942420842964468,0.8763243374738707,0.8855324042412525,0.988790672923878,0.5403739491423283,0.9395982191649279,0.9373855340691761,0.8692793046054161,0.9308912761119588,0.9571805908603364,0.9942420842964469,0.9589316626844853,0.8896682568954879,0.8824955088435708,0.8888428923892238,0.9326762742692681,0.9540615556502022,0.940281523787128,0.9576735770276548,0.9286604261342954,0.8851906597499213,0.9415226321017729,0.9264265757108794,0.9602211523225768,0.9615452872130625,0.9576735770276548,0.9220700353609517,0.9063779890105812,0.9605021604012389,0.9589316626844853,0.9602211523225768,0.9376297985946607,0.9415226321017729,0.9688473520249223,0.9602211523225768,0.8694930837030939,0.9336347991328915,0.9110833848585063,0.8880166939342055,0.9748350526392388,0.9589316626844853,0.9602211523225768,0.9961221422317277,0.9602211523225769,0.9602234796669928,0.9483842914986946,0.9082817858847676,0.9602211523225768,0.8913167644457047,0.9602211523225768,0.8651489736914959,0.9774358012844697,0.7405377519433767,0.9445948948871477,0.9629078616894176,0.9267250083210727,0.9576735770276548,0.9836543654419934,0.9517679141853164,0.9264265757108792,0.8373542339687652,0.7313620180897452,0.9643133649175286,0.9212094218042226,0.9144243194673916,0.9791919178046249,0.9662454225678805,0.9336347991328915,0.9336347991328913,0.9564441004788364,0.8276313301891116,0.9576735770276548,0.9602211523225768,0.9238013891436974,0.9602211523225768,0.82706705006829,0.8520541619694211,0.9643133649175286,0.9432628256129658,0.9267250083210729,0.9615452872130625,0.961230581848193,0.9506503681784948,0.8107573076511431,0.952904481298952,0.8913167644457047,0.9629078616894176,0.8541379571354055,0.9405885046495401,0.9912214596241777,0.9589316626844855,0.9657671730030435,0.7674777878775871,0.9704919301607371,0.8694930837030941,0.9802566459961088,0.9473991727811977,0.9395982191649279,0.8484739752842765,0.9643133649175286,0.8813688685160492,0.9477699980021126,0.9320579771477777,0.9672758151492922,0.9759727047473505,0.8021478040599918,0.948467140918744,0.9229339640663332,0.9672758151492922,0.999187095488433,0.962304331780133,0.9657671730030435,0.7971819285028477,0.996705259555954,0.9629078616894176,0.9364368411420321,0.9560700011840431,0.9576735770276548,0.9629078616894176,0.9493957255905625,0.909100118879409,0.5403739491423286,0.8777627336524758,0.8863615183906015,0.9539382344839202,0.7823606028903335,0.9672758151492922,0.9602211523225768,0.945305581259918,0.6531584784210593,0.9448229719109483,0.951921273281384,0.9203519494821841,0.9629078616894176,0.9453055812599183,0.9345618542101832,0.8926489687296867,0.929090574034799,0.9094222802137257,0.902403485672204,0.8084632097395318,0.871213740863837,0.8522762517656466,0.9280373831775702,0.9246724996449085,0.0,0.9364368411420321,0.9336347991328913,0.929090574034799,0.774002900150522,0.9602211523225768,0.9643133649175286,0.8336818782271087,0.9463456194504829,0.9672758151492922,0.9657671730030435,0.9611058687776597,0.9602211523225768,0.9506503681784948,0.967275815149292,0.9704919301607371,0.9814857905852672,0.7748670087060185,0.6579010970221222,0.9643133649175288,0.9802566459961088,0.902672845497333,0.6409814284985489,0.9552408029353749,0.8622328790603682,0.9629078616894176,0.9364368411420323,0.924348743344853,0.9540615556502021,0.9155191956957985,0.9704919301607371,0.9224076136028627,0.7867288748844489,0.9320579771477777,0.9676769377237683,0.9589316626844853,0.7782033441111665,0.9102521474185266,0.9560700011840431,0.9571076366744766,0.8889550707191896,0.9602211523225768,0.8855324042412525,0.9354957453078971,0.9373855340691761,0.7360287423369323,0.9688473520249221,0.9923426571116956,0.9602211523225768,0.9602211523225768,0.945305581259918,0.9286604261342954,0.8747200852490702,0.9602211523225769,0.5155763239875379,0.9602211523225768,0.7737033537115781,0.9662454225678805,0.8461628292403135,0.9602211523225768,0.940281523787128,0.9517679141853161,0.9054798572912144,0.8855843507261231,0.9602211523225768,0.9497216571784259,0.7405377519433765,0.9309964228987553,0.9331172433034887,0.940281523787128,0.8577866289022806,0.9629078616894176,0.94673093863168,0.9602211523225768,0.9102330355806327,0.9463456194504829,0.8896682568954879,0.9403242468533077,0.7838845141374117,0.9045448781262266,0.6003003702128973,0.9602211523225768,0.9420701751854474,0.8470108069580579,0.9602211523225768,0.940281523787128,0.9479406386383253,0.9734494449255834,0.8926489687296866,0.951921273281384,0.9602211523225768,0.8197259030030244,0.7627456110866239,0.9657671730030435,0.8838707840618654,0.8913437890181938,0.9774358012844695,0.9281978840490726,0.9186457666042602,0.9629078616894176,0.9384149895103315,0.9110833848585063,0.9495505106234363,0.8847021819311653,0.8503885447042383,0.9395982191649277,0.9495505106234363,0.9643133649175286,0.9463456194504829,0.9602211523225768,0.9342541377090323,0.7401565920500708,0.8894326889463282,0.952904481298952,0.9432628256129658,0.957673577027655,0.8735772609680563,0.9615452872130625,0.957673577027655,0.9053808215188038,0.9602211523225768,0.9540615556502021,0.9476534130774978,0.7819933519134993,0.9672758151492922,0.8796938264815506,0.9688473520249221,0.9540615556502021,0.6496787457691418,0.8797355977355368,0.9094075605567677,0.9688473520249223,0.8724144082201368,0.9345618542101832,0.915264150341758,0.9473991727811977,0.9517679141853161,0.9723047356695362,0.5109136619904602,0.9918036979367357,0.9212094218042226,0.9456088940393093,0.9859275654047339,0.9212094218042226,0.952904481298952,0.9412650880954538,0.9010584384943777,0.8571935243607938,0.925547493015499,0.9564441004788364,0.8903892529283981,0.7258861534685652,0.9393074128728371,0.948467140918744,0.9495505106234363,0.8901939400049642,0.8345234729276818,0.9607483250129104,0.948467140918744,0.9336347991328913,0.9490399658550022,0.5109136619904604,0.9166835378272546,0.8970334570250011,0.9550124172403796,0.9212094218042226,0.9672758151492922,0.8604028387223074,0.915264150341758,0.9657671730030435,0.95713801450767,0.9676769377237683,0.5882821287367914,0.9643133649175288,0.9672758151492922,0.7052575329880962,0.8813501559345314,0.9842981000157078,0.9589316626844853,0.9589316626844853,0.8979763176038495,0.9724383613004927,0.9564441004788367,0.8130832494923947,0.9602211523225768,0.9657671730030437,0.9602211523225768,0.9602211523225768,0.9664790626458124,0.9495505106234363,0.7313620180897455,0.9602211523225768,0.8507520507155972,0.8729254856107442,0.9336347991328914,0.8840034072762032,0.9497216571784262,0.9907261604394149,0.7819933519134993,0.9306885712787861,0.8746288432976699,0.9552408029353749,0.9132067667126316,0.9657671730030437,0.9354957453078971,0.8261452162494154,0.8871895921957202,0.9412650880954538,0.9552408029353747,0.9576735770276548,0.9213201765713959,0.46767954019732727,0.9186457666042602,0.9629078616894176,0.7913208724665481,0.9517679141853161,0.9473991727811977,0.9836543654419934,0.9957384933350424,0.940281523787128,0.9264265757108796,0.9495505106234361,0.9373855340691761,0.9629078616894176,0.9517679141853164,0.9615452872130625,0.9327142329596736,0.8880166939342056,0.8636729854597189,0.9643133649175286,0.927034035310814,0.9564441004788369,0.855034024959237,0.8182615055319924,0.9589316626844853,0.9309964228987557,0.9980151413438714,0.9704919301607371,0.9021933432389448,0.8796938264815506,0.930688571278786,0.90451741673321,0.9788198231857259,0.9724383613004925,0.9507653510800258,0.9602211523225768,0.9643133649175286,0.9345618542101832,0.9602211523225768,0.8319589973352823,0.9517679141853161,0.957673577027655,0.9382889399640058,0.8747637690899392,0.9495505106234363,0.9539955032190779,0.9688473520249221,0.9136034715230821,0.952904481298952,0.9838278836587923,0.957673577027655,0.6003003702128972,0.8607374764874882,0.9336347991328913,0.948467140918744,0.9694876176253535,0.9061143838323409,0.8974734569479393,0.9876125469293452,0.9364368411420321,0.9045448781262264,0.87149103136657,0.940909118932396,0.4124610591900306,0.9506503681784946,0.9615452872130625,0.9110812357914193,0.9238013891436974,0.947325616882549,0.9589316626844855,0.9113611393327947,0.9129474806881046,0.9209839463193069,0.9900170323228479,0.9629078616894176,0.9354957453078971,0.6863876863023031,0.9473991727811977,0.9229339640663332,0.7052575329880963,0.9506503681784948,0.9203519494821841,0.952904481298952,0.9589316626844853,0.9643133649175286,0.4868874522394835,0.9602211523225768,0.9364368411420321,0.9347047318862409,0.9560700011840431,0.7265270893399697,0.9602211523225769,0.9085936746436276,0.8826391391211998,0.924474627719535,0.9393074128728371,0.9246724996449085,0.7680697792418765,0.9647146848578673,0.95557613260719,0.6326725516297497,0.9264265757108794,0.8830381436111521,0.9144243194673916,0.9657671730030437,0.7851785317012702,0.9442782351269046,0.9629078616894176,0.744898642520578,0.9704919301607371,0.9961565139931364,0.9576735770276548,0.9704919301607371,0.9735307058746405,0.9442782351269046,0.5460239008814078,0.9138808918740073,0.9528733312996052,0.9672758151492922,0.960221152322577,0.9517679141853164,0.9245725372766602,0.951921273281384,0.9589316626844853,0.9448229719109483,0.9564441004788367,0.9589316626844853,0.9589316626844853,0.9364368411420322,0.9602211523225768,0.9564441004788364,0.9273099638694317,0.9602211523225768,0.948467140918744,0.8158085352345761,0.9672758151492922,0.9629078616894176,0.9657671730030435,0.9615452872130625,0.9589316626844853,0.9113611393327946,0.9937326311666262,0.9495505106234363,0.9878873607719469,0.9602211523225768,0.9273099638694315,0.5109136619904602,0.985927565404734,0.944650551149236,0.9281978840490723,0.9672758151492922,0.5293143154878844,0.9506503681784948,0.9336347991328913,0.9506503681784948,0.9602211523225768,0.9336347991328913,0.7782033441111667,0.9998220154184708,0.8737781800841438,0.976238170109926,0.9342541377090323,0.7425590290337536,0.9629078616894176,0.9273099638694315,0.8763243374738707,0.9602211523225768,0.5460239008814076,0.9507653510800258,0.9688473520249221,0.8665155322300471,0.9564441004788364,0.952904481298952,0.9717322012691176,0.957673577027655,0.9425663981812337,0.9373337091552363,0.9602211523225768,0.9602211523225768,0.9327142329596736,0.9115456612205783,0.7851785317012702,0.9021933432389448,0.8788539781850342,0.7846453476036269,0.8636729854597188,0.9498464045781176,0.9473991727811977,0.9612634641352691,0.9602211523225768,0.9220700353609517,0.9643133649175286,0.9704919301607371,0.8747637690899392,0.9672758151492922,0.9781086623875046,0.9602211523225768,0.9602211523225768,0.9288659883709904,0.9602211523225768,0.8528522236896181,0.9517679141853161,0.927034035310814,0.7942849631106608,0.9961565139931364,0.9686270243184087,0.907348215200354,0.8869754734301825,0.9602211523225769,0.7448986425205779,0.965433444867501,0.9615452872130625,0.9672758151492922,0.9571342288198471,0.9928692796486535,0.9299882837258,0.7360287423369322,0.9615452872130625,0.9289368665380615,0.9602211523225768,0.8642723367835963,0.7360287423369323,0.9212094218042226,0.8522762517656468,0.9347047318862409,0.9540615556502021,0.9265898281132818,0.8824955088435708,0.9657671730030435,0.9376297985946609,0.8921400493540417,0.9564441004788364,0.9688473520249221,0.9393074128728371,0.9463456194504825,0.9612634641352691,0.9643133649175286,0.9589316626844855,0.9445948948871474,0.9327624037197982,0.9336347991328913,0.9383422423783936,0.9704919301607371,0.7448986425205779,0.9704919301607371,0.9704919301607369,0.9238013891436974,0.9373855340691761,0.9186457666042602,0.9602211523225768,0.9688473520249221,0.9517679141853161,0.9517679141853161,0.8734164873263963,0.9552408029353749,0.9589316626844853,0.9442782351269046,0.9169502243571086,0.9615452872130625,0.828234490828039,0.9354957453078971,0.8616255760827238,0.8441614090406866,0.9602211523225768,0.8133077893013572,0.9602211523225768,0.8707511192158017,0.9688473520249221,0.9473991727811977,0.9484671409187442,0.926085680719904,0.9602211523225768,0.9539955032190779,0.9021933432389448,0.948467140918744,0.9193391628916545,0.9738475965997659,0.9612634641352691,0.9643133649175286,0.860737476487488,0.8788539781850342,0.9907261604394146,0.9056710439994935,0.9495505106234361,0.8593133546242379,0.9704919301607371,0.6496787457691412,0.9602211523225768,0.9203519494821841,0.9298402628575502,0.8737781800841438,0.9306885712787861,0.8974734569479393,0.9602211523225768,0.9589316626844853,0.9514374462741437,0.8319589973352827,0.9186457666042602,0.8603930719852719,0.9124845715380898,0.9602211523225768,0.9404775915135253,0.932771007121397,0.9393074128728371,0.9602211523225768,0.9493997493669875,0.9706827259226706,0.9672758151492922,0.9495505106234363,0.9589316626844855,0.8927556396064105,0.9463456194504828,0.9402586349213948,0.6868436814132027,0.9281978840490723,0.9495505106234363,0.8950749854868496,0.9602211523225768,0.9432628256129658,0.9602211523225768,0.9672758151492922,0.8720586042798707,0.9094222802137257,0.9704919301607371,0.9382889399640056,0.8700691233197133,0.925547493015499,0.9393074128728371,0.9602211523225768,0.9791810757520109,0.8598463380089296,0.9213692074375961,0.9412650880954538,0.9872125588573133,0.9643133649175286,0.9412650880954541,0.9984192168061301,0.9345618542101832,0.9161060738860443,0.9124845715380898,0.9345618542101832,0.9393074128728371,0.9643133649175286,0.9539382344839202,0.9345618542101832,0.9704919301607371,0.9463456194504829,0.9615452872130625,0.9976243215493139,0.7212184631640948,0.9434430901748682,0.7235063906986443,0.915264150341758,0.9872125588573133,0.9495505106234361,0.9327142329596736,0.9298402628575503,0.9589316626844853,0.9517679141853161,0.924348743344853,0.7737033537115783,0.9229339640663332,0.8694930837030939,0.9651315074928518,0.7683999834433903,0.945305581259918,0.9615452872130625,0.9629078616894176,0.9229339640663332,0.9169502243571088,0.9432628256129658,0.9432628256129658,0.9220700353609517,0.9643133649175286,0.9657671730030437,0.9839880716740321,0.9422586572762628,0.9759242177777507,0.8455205797886557,0.9412650880954538,0.9996506126725186,0.9506503681784946,0.9402815237871283,0.9602211523225768,0.9050629890025441,0.9044659624194151,0.9317998283510542,0.9220700353609519,0.9586559817779832,0.9657671730030435,0.7313620180897453,0.9863695868970659,0.9463456194504827,0.9564441004788367,0.8188365372042741,0.9686270243184087,0.9816432122925511,0.9887794382565891,0.952904481298952,0.9534851367099297,0.9589316626844853,0.8320735222738641,0.9940786013624601,0.9629078616894176,0.9615452872130625,0.9110833848585063,0.9432628256129656,0.9629078616894176,0.9384149895103316,0.8929627841467682,0.9363234820150037,0.6531584784210592,0.9576735770276548,0.9423304665216126,0.948467140918744,0.9723047356695362,0.5986100747104809,0.8896682568954879,0.7891116843751665,0.9657671730030437,0.9161060738860443,0.9881161094061225,0.6141710483710598,0.9688473520249221,0.9102521474185266,0.9672758151492922,0.9973794706954381,0.9657671730030437
p118_L,0.9661230136343545,0.9451469503672958,0.8814111757676197,0.9697393763146017,0.9927913675399127,0.9397924012017989,0.9804738225815984,0.959887628262569,0.8463034707266366,0.9364368411420321,0.6775839322131376,0.869119099918478,0.9591402541866407,0.9378027796250892,0.9216411675360876,0.8403373796149367,0.992614642133717,0.8905248145511353,0.855279099076081,0.9364368411420321,0.9151540358479076,0.5020865550604733,0.8970640020677767,0.9215378731313923,0.5525173650991517,0.8905248145511351,0.992614642133717,0.9246323126477256,0.9918036979367357,0.9610035128252196,0.8801586131976931,0.9759742607288062,0.908674345896699,0.8918627627088201,0.904418873306992,0.9610243931286574,0.5772680848886073,0.908674345896699,0.9397924012017989,0.8884027441326567,0.8806972914765075,0.8926744609561268,0.9397924012017989,0.9454114008802861,0.9666428003039548,0.9808175010855649,0.5577157597313234,0.8409934614190606,0.3741642093827756,0.972847855837883,0.9759742607288064,0.800702231097228,0.8905248145511351,0.9840256643467928,0.9484490715653735,0.9523285443895997,0.7505725722142025,0.9188361382271668,0.7544407449649542,0.6266490207901451,0.8765682211155168,0.9340681505356794,0.8370219043693605,0.8646979598369935,0.6642399840962044,0.85630955698769,0.9264488104519895,0.8742487986998142,0.874908970733877,0.9332303128187658,0.9655139541817006,0.9219224280637734,0.9927913675399128,0.879958998704971,0.9188361382271668,0.9219722388464885,0.9015883421806543,0.8678151593743701,0.9310081087650578,0.9397924012017989,0.9039073680321512,0.9994678821812105,0.8821858692988966,0.9586381348210113,0.9188361382271668,0.8977823279529111,0.938858661103084,0.8218815094268441,0.8250473281316444,0.9162050927129204,0.9188361382271668,0.8814111757676197,0.9474335209248268,0.976347968942274,0.9463248121641354,0.943588323544384,0.8883523735586492,0.9425283249577885,0.8871028091245468,0.9432481472940408,0.8496055333462684,0.9344184513464584,0.9188361382271666,0.9833644339479224,0.7895553623844451,0.4851705698920621,0.8522540848698109,0.866745665837974,0.9723980610103105,0.9037459731080713,0.9066861494220956,0.9272989769634583,0.8451432487768966,0.43236322175197883,0.5577157597313236,0.8434358585110711,0.9840256643467928,0.9332303128187658,0.9980634982842684,0.9203143687200104,0.9172229042989672,0.9016370541080925,0.9358530937879614,0.8801586131976931,0.9391918847741745,0.780350418533557,0.5772680848886073,0.9056035016258017,0.9162050927129204,0.9915694637821951,0.9073719949449841,0.9243180392978652,0.9271857963192043,0.9397924012017989,0.6407023398053291,0.8950021976073845,0.8522489996705729,0.9752372748615916,0.5361410951751719,0.997222278815483,0.8717477448520017,0.5098945909109289,0.8954065866934644,0.9625052663736797,0.9899675380225565,0.8571496764250637,0.9511877247675559,0.9896430095284023,0.9219224280637737,0.9300843038603108,0.8974625884738571,0.9099455930672975,0.8124773857179364,0.8790361367974935,0.9271857963192041,0.9554421119948908,0.8705774248564633,0.8627116416336098,0.8513877258818137,0.9250939237696354,0.9794258433068106,0.9815062877983506,0.8948535190071925,0.9324870860155798,0.8630445156224058,0.8136889686781195,0.9692826611948091,0.8806972914765079,0.9895362449706256,0.9965634851350167,0.9069834982716531,0.6115081310761579,0.9193175573455779,0.8893629723739915,0.9636870144458618,0.877983482032772,0.933230312818766,0.9470074801592099,0.7367621351835265,0.8893359697978047,0.8869069588367047,0.8696907272493437,0.915627507434312,0.9591402541866407,0.8381364341119781,0.797613118509146,0.9413310571293148,0.9978138896011304,0.9062682363877989,0.909368306308445,0.955430200993886,0.925055097954939,0.9497176787940782,0.9870845388904514,0.9833113140241097,0.9188361382271668,0.9215378731313923,0.997222278815483,0.8409934614190604,0.8846085659948084,0.9971380172369659,0.9162050927129204,0.9188361382271668,0.9486806822019268,0.8799149127058868,0.9364368411420321,0.9188361382271668,0.7931901820493836,0.8645899440480416,0.8185765480394149,0.8553119000706246,0.834336825022997,0.6115081310761561,0.9188361382271668,0.8533638776609976,0.9188361382271667,0.8191873193470309,0.9026962972168142,0.8964543776149348,0.9188361382271668,0.6910951544371513,0.9188361382271668,0.8233148019009684,0.9055141698506994,0.8664814862756911,0.8618250244529061,0.6518914326351064,0.8997777849239674,0.9136381231722888,0.7084202416467238,0.9015883421806548,0.8032025001587045,0.8392990114146899,0.900035925992456,0.9271857963192041,0.9410793844429433,0.9461009440937578,0.8705695323486156,0.9361481075050193,0.8189607531784778,0.8933580624819941,0.9518720845713888,0.8547233147850071,0.955430200993886,0.9188361382271668,0.974743355552526,0.9188361382271668,0.9777589663191004,0.8933580624819937,0.9759742607288062,0.9531239189732772,0.8808214688153005,0.9215378731313923,0.9664520928803934,0.6986972339885479,0.9756307854361475,0.8297689139421238,0.9268298881488042,0.9243180392978654,0.918417320262447,0.8170550030701567,0.9537213918359091,0.9162050927129204,0.9684459109141506,0.9978597004520633,0.9397924012017989,0.8923127562481297,0.830144035995381,0.9272989769634583,0.8152889014310376,0.9096667976154489,0.9759742607288062,0.9626470166476755,0.8854611622090451,0.8049962043806336,0.4851705698920621,0.8643882425321248,0.86271164163361,0.647205886142553,0.8685991499536572,0.4851705698920621,0.9694462527564123,0.876749588965591,0.8670439353081684,0.8627658779727194,0.7848236881939831,0.9243180392978654,0.900035925992456,0.8643264765668843,0.6266490207901454,0.9243180392978652,0.9344184513464585,0.8450478470397589,0.9332303128187658,0.9022689284415883,0.8722412896855278,0.9016370541080929,0.8929348073029166,0.9081517461023693,0.8160463790740713,0.7764004165561755,0.913638123172289,0.975237274861592,0.8560225025122674,0.9855663611223396,0.9714058757497572,0.9775185201428763,0.8955568994617082,0.831222784082646,0.9803007358963212,0.9981673794657782,0.9971559241101929,0.9134731180516709,0.9163577463776849,0.9155312849209496,0.9364368411420321,0.8463034707266373,0.9364368411420321,0.0,0.8645899440480411,0.8553180098603763,0.9714058757497572,0.9188361382271668,0.9271857963192043,0.9747433555525262,0.8370219043693605,0.4851705698920621,0.9808531012828585,0.9549894228659187,0.9188361382271668,0.5159723978768025,0.933230312818766,0.9397924012017989,0.700432011497238,0.7358259207414186,0.6824320857464188,0.9759742607288064,0.9716108156071264,0.8207499128603053,0.8993081265656124,0.908674345896699,0.9925236947731028,0.9243180392978654,0.9000359259924562,0.7228741598746573,0.9062682363877987,0.8848008209299199,0.9397924012017989,0.8910010991537545,0.9215915214657806,0.9106590539893649,0.5999597822429991,0.9162050927129202,0.9046345879637958,0.8078095754619213,0.8643264765668843,0.9432064430927332,0.8238816471810944,0.9188361382271668,0.9947945115699592,0.8977823279529111,0.7969152130256065,0.8082641581671031,0.897462588473857,0.9559389701239638,0.9188361382271668,0.9188361382271668,0.8884027441326567,0.9513056403643732,0.9299291922562677,0.9188361382271667,0.9918036979367357,0.6393013906082308,0.7848236881939834,0.8630445156224058,0.8920841471735503,0.9630223853436268,0.7784663387289676,0.938858661103084,0.7931670696607376,0.8455725756004657,0.9188361382271668,0.9142218388305803,0.8136889686781194,0.8895345516556041,0.8369921843903907,0.7784663387289669,0.8366445526597424,0.9243180392978652,0.845593266324925,0.9188361382271668,0.7710950828461308,0.9245814746860739,0.9720990783711323,0.877309831980606,0.9215378731313923,0.7958201005729364,0.9484490715653733,0.9188361382271668,0.89177294538345,0.9367705390722767,0.9188361382271668,0.9405848418047038,0.9006121690325375,0.7885346239593198,0.8312227840826459,0.8560225025122674,0.9188361382271668,0.8749089707338769,0.9995583249327138,0.9301521134798674,0.6796844906320187,0.7732311662951257,0.9862580849438625,0.9621027001397895,0.9665603255046984,0.5106279232794315,0.989155678726837,0.8893359697978047,0.9329290708210041,0.8268447126052465,0.8459172613175742,0.943227037567313,0.9953407916725413,0.5361410951751719,0.8029652442344228,0.9188361382271668,0.933230312818766,0.9719709416716358,0.9325335232406899,0.9819538956711097,0.7254260578853988,0.913638123172289,0.849773052150484,0.9873359374176983,0.913638123172289,0.9419536134643975,0.9188361382271666,0.9840256643467928,0.8520428354840669,0.8386900203601547,0.933230312818766,0.9174384118858392,0.9918036979367357,0.906268236387799,0.9594757229193142,0.9359444304497768,0.938858661103084,0.731362018089746,0.8427476163106207,0.9827831390197601,0.8513970488424685,0.892674460956127,0.9015883421806548,0.8950393654425844,0.9243180392978652,0.9297646847494165,0.7533949171332582,0.926205025440535,0.9300797186110579,0.8646979598369935,0.9419536134643978,0.8801586131976931,0.9546975005750381,0.9019611987736627,0.9539469166087096,0.992614642133717,0.7802141274123746,0.5469270158463106,0.9069834982716529,0.9994678821812105,0.8970640020677769,0.8263419609921728,0.9819538956711096,0.9892750111716384,0.8948535190071922,0.5025114504049988,0.7590255824145002,0.9243180392978652,0.9762512276294903,0.7774389061377233,0.9565730307289084,0.8392374849683437,0.908151746102369,0.7806620555580815,0.9971380172369657,0.9808531012828583,0.9537077258337427,0.9111295270090605,0.9111295270090607,0.8776603460423872,0.9332303128187658,0.8801586131976928,0.7892370840225034,0.9136461162131204,0.6115081310761583,0.9549894228659186,0.8933279220136661,0.8516848931219239,0.9111295270090607,0.8611429491813896,0.9188361382271668,0.4614360328842416,0.9188361382271668,0.9188361382271668,0.8850305959128246,0.8970640020677765,0.7729477276809775,0.9188361382271668,0.8492487638756773,0.9006113586404056,0.9508942993498993,0.9717348537730486,0.8912505027892551,0.8502673347039309,0.9775561827738073,0.8445260765476381,0.9248597097891194,0.9720014770972776,0.9129224437172682,0.9808531012828585,0.9565730307289084,0.7779648412286971,0.9369035618162642,0.4555531255081775,0.9484490715653733,0.955430200993886,0.869821299865629,0.9301521134798674,0.6175525516055388,0.5577157597313234,0.8512219522049689,0.9761289800255135,0.9619234929707896,0.9329290708210041,0.8602973685547997,0.7160332677364496,0.903253994342665,0.9329290708210038,0.9773744465518462,0.9344184513464586,0.901588342180655,0.9215378731313923,0.7671431164800645,0.9391120069413565,0.9145499040297573,0.9271857963192041,0.9770878861879118,0.9111295270090607,0.8975903112052068,0.648382475168473,0.9162050927129204,0.9084894834347617,0.9142553407315162,0.9397924012017989,0.8119366988083403,0.9807438322803783,0.8445260765476379,0.8931856959866573,0.912060063207198,0.9055141698506992,0.9803996032198704,0.9188361382271668,0.5361410951751719,0.9246323126477254,0.9630223853436268,0.8821326331441735,0.9388586611030838,0.913638123172289,0.7650499449422886,0.7958201005729365,0.8970640020677767,0.8601778526419883,0.9364368411420321,0.854162190502287,0.9439076502388635,0.9811313874611598,0.913638123172289,0.8526773000912536,0.8327847866219926,0.9508942993498992,0.7881106845580159,0.9143596989152349,0.8312955355853857,0.8985601322662826,0.9526011543380766,0.9297646847494163,0.8289351923853332,0.8184534735751661,0.9434241618923718,0.9528294452685611,0.771787168433246,0.9215378731313923,0.9370672569063977,0.9731697328455183,0.9021539112208945,0.9162050927129202,0.8305727081850836,0.8315703920021769,0.9980634982842684,0.9204893454041174,0.9815062877983508,0.8670548609430997,0.7846135554921023,0.9965480089781211,0.9202850458126466,0.5820842228975353,0.9179670373226424,0.8627658779727198,0.9039073680321512,0.9591402541866407,0.5361410951751719,0.9397924012017989,0.9188361382271668,0.9810490389797019,0.9997398164449895,0.9438412455332386,0.9624724756060741,0.9188361382271667,0.9991586312763281,0.9931491609579006,0.903253994342665,0.7540044068405469,0.8649405627695893,0.8756872102415514,0.9020074728388185,0.9814795103926298,0.916763017547936,0.7765167269315564,0.8848428868879361,0.8736763669423389,0.5121370206872325,0.8169089980396524,0.7505725722142025,0.9714058757497572,0.7901926347445257,0.9397924012017986,0.855539121364187,0.913638123172289,0.9980634982842684,0.9062682363877987,0.9816494815223562,0.9188361382271666,0.9694773398454678,0.8815140339220556,0.8552790990760811,0.9486051204234525,0.9015883421806548,0.8953985352636918,0.9516032318914078,0.9162050927129202,0.9759742607288062,0.9111295270090607,0.9162050927129202,0.9162050927129204,0.900035925992456,0.9188361382271668,0.9111295270090607,0.9862580849438625,0.9188361382271668,0.929015482973479,0.9943839955280371,0.933230312818766,0.5106279232794315,0.9808531012828585,0.9215378731313923,0.9162050927129202,0.8877198891539055,0.8362476150827942,0.9329290708210041,0.9068804909950687,0.9188361382271668,0.8522540848698109,0.9243180392978652,0.9300797186110581,0.9175099500870245,0.6306243695443072,0.933230312818766,0.9215378731313923,0.9179670373226425,0.991569463782195,0.8993081265656124,0.5951151434917712,0.8645899440480411,0.9046345879637958,0.8984119663709309,0.997155924110193,0.9058614048066169,0.9861029598450539,0.7764004165561761,0.5577157597313234,0.8785995314863115,0.8888146611137304,0.9188361382271668,0.9927913675399128,0.888047555757622,0.9364368411420321,0.9594837312562041,0.6407023398053273,0.903907368032151,0.9931491609579008,0.913638123172289,0.9322357427843659,0.9214685956917266,0.9188361382271668,0.9188361382271668,0.9949248037947263,0.7365709363031898,0.9226564439505707,0.8047569422357522,0.8950021976073848,0.9561412840297812,0.9346237023023978,0.8900328948677496,0.7264558629632276,0.9132490639942896,0.9188361382271668,0.9179396080130531,0.5361410951751719,0.9397924012017989,0.9869329637713249,0.4851705698920621,0.9276837995015779,0.9188361382271668,0.9188361382271668,0.8662323141845998,0.9927913675399127,0.8602576168769469,0.6884381496726211,0.9770878861879118,0.8646979598369935,0.916763017547936,0.7533949171332572,0.8546549298829342,0.8887602184894803,0.9188361382271667,0.8189607531784784,0.8635794905973577,0.5772680848886073,0.9861029598450541,0.9455587127659518,0.9048026283096784,0.8571496764250635,0.8082641581671024,0.967100967856847,0.8666743630839715,0.9188361382271668,0.8995708306046031,0.9565730307289084,0.9156189095742933,0.5613378446528179,0.7849582917836873,0.906268236387799,0.993124018799217,0.7353354075328776,0.9684459109141506,0.8553190002077402,0.9503222501996949,0.9111295270090605,0.9528294452685607,0.9069834982716527,0.8905248145511355,0.8746801455014888,0.9271857963192043,0.9162050927129202,0.7945333369991232,0.9193175573455776,0.9508942993498992,0.9046345879637958,0.9980634982842684,0.8933580624819939,0.9980634982842684,0.9397924012017989,0.5825178958308534,0.9323959366850341,0.9337231676669702,0.9486051204234525,0.9364368411420321,0.4275459172156145,0.837519425362339,0.7931670696607375,0.9086743458966995,0.9162050927129204,0.9523285443895997,0.8551475116943823,0.8962097479667889,0.9143596989152349,0.985968382116907,0.8933279220136663,0.8730430153058641,0.9188361382271668,0.9057013371667025,0.9630223853436268,0.8350839121434095,0.9364368411420321,0.9688274750145475,0.8948535190071931,0.7498226226014864,0.9188361382271668,0.8601778526419883,0.8311020167561356,0.8948535190071927,0.8622528960791385,0.8603471668053388,0.8553956862550885,0.5361410951751719,0.8912512327080351,0.8206261973152451,0.8814182140269338,0.8763514552261382,0.8970640020677767,0.7655008317668166,0.9980634982842684,0.923610654166087,0.9188361382271664,0.8844545205190459,0.8884027441326567,0.902696297216814,0.9486998997515483,0.8215937225932503,0.8602326261905313,0.9162050927129202,0.9089803307966648,0.9458117927131809,0.8668438186763665,0.7758049609806588,0.8709338583964201,0.9188361382271668,0.8519624413031555,0.7054039047551843,0.8761642169182164,0.9188361382271668,0.9449335080617598,0.988223797234048,0.4851705698920621,0.9594757229193139,0.9162050927129202,0.8156206560520565,0.9586381348210117,0.8630445156224049,0.9816494815223562,0.8206850703583954,0.9329290708210041,0.8553374250489062,0.9188361382271668,0.855539121364187,0.9188361382271668,0.9332303128187658,0.9689156398736257,0.8151872676642644,0.9397924012017989,0.9783942835967552,0.7795579190089548,0.95394691660871,0.4458115933061827,0.9188361382271668,0.9693935085740746,0.9475571552199027,0.9710863619886017,0.7086153202868939,0.8645899440480416,0.9271857963192041,0.8801586131976931,0.909368306308445,0.8664814862756909,0.9754830932266694,0.794782534206073,0.8664814862756909,0.9069834982716529,0.9271857963192041,0.9016370541080929,0.8664814862756909,0.9397924012017989,0.734851923964547,0.9873359374176983,0.6905252271542069,0.9162050927129204,0.8781517708121864,0.9642416825773445,0.8513970488424683,0.7901926347445258,0.8877455854128599,0.86271164163361,0.9775185201428763,0.9591402541866407,0.9015883421806548,0.8340853065524247,0.7848236881939832,0.8988143186808908,0.9121372710878788,0.9427366331469968,0.8534965853888821,0.9775185201428762,0.9215378731313923,0.5577157597313236,0.9461279937421412,0.9234489158774826,0.7579543237550956,0.9167630175479362,0.9179396080130533,0.5361410951751722,0.5121370206872325,0.9317576013507651,0.9463248121641359,0.9324255571705902,0.9271776793409097,0.6137169972448747,0.9303376705822479,0.8993081265656122,0.878151770812186,0.595115143491771,0.8985308117411055,0.9911770567164954,0.7163266401438877,0.9179396080130533,0.9238526259450519,0.9808531012828583,0.9892222022633377,0.9362999131857439,0.8905248145511351,0.7221874549299854,0.7650499449422897,0.9410793844429433,0.9493188414038549,0.9201285729821675,0.6775839322131376,0.8726726124585857,0.9162050927129204,0.8383870909946948,0.8327847866219928,0.6989792690869987,0.5317049901631526,0.9365089176367314,0.8842347516782387,0.9714058757497572,0.8844545205190458,0.8457277353047203,0.8583280427263247,0.8774014877197257,0.6266490207901457,0.8308871792110479,0.9653059182149237,0.9471262770445406,0.8873306148945661,0.9646460924565716,0.7176582853502851,0.5121370206872325,0.9265969718894862,0.9619234929707896,0.9215378731313923,0.9364368411420321,0.934164858261108,0.9332303128187658,0.8462188949920137,0.5121370206872325
p118_M,0.7159238186207395,0.9021362778138218,0.8429905361746888,0.9503543965663052,0.571640575574295,0.9371382816751241,0.9218346747224866,0.8625561221556949,0.839528097390559,0.5305876036228903,0.9733050117350786,0.7135588372114252,0.5058199570996407,0.930351993730951,0.9846406300806096,0.9415040533996415,0.9860639133827616,0.9186550120230905,0.9302869180633688,0.9872125588573133,0.950071713187193,0.8972500807670709,0.9966447233584261,0.596922250094603,0.8948693468634783,0.885698841863535,0.9072118677365053,0.8299096514248943,0.9592096814182649,0.8796425778063885,0.8748756693307258,0.6039046752604107,0.9431379203344703,0.8645899440480416,0.699915879692125,0.9302869180633686,0.9180790428976138,0.9816273853023441,0.5553683337996577,0.915919770177237,0.8321506231964104,0.9445283662005389,0.9500854106526051,0.7906792328965696,0.9466378905596333,0.7652511784017189,0.9209817665727265,0.9829035021794312,0.8834832246395514,0.7104095009137856,0.6511166134990864,0.7887805491724935,0.885698841863535,0.9849965025219797,0.9798831497297819,0.881294645597023,0.799262490115292,0.9152582079543841,0.9542792996141665,0.9098310498422768,0.9465586955858678,0.8520732257559231,0.885698841863535,0.8721962838262695,0.9270730230791457,0.914559919540543,0.9711878805915029,0.7552812543689118,0.8727988894563936,0.9673847887170086,0.8686490640266937,0.8834832246395514,0.9137080532218428,0.6438881883665049,0.9152582079543841,0.8105788943203354,0.8972500807670709,0.9364881737530406,0.9925819420467747,0.9935264355112594,0.695343446426582,0.9583942031553514,0.908025487041374,0.8506517968600198,0.9152582079543841,0.9194760752462126,0.933316065142574,0.9923867006416571,0.7246188758828073,0.9125111785873636,0.9152582079543841,0.8664957973805585,0.9759229255035987,0.8788044882391493,0.908025487041374,0.8681770036466658,0.839132797389883,0.8123528553952006,0.5670941006189311,0.8329199229194445,0.8812946455970232,0.9209817665727262,0.9152582079543843,0.9520746188418975,0.7842254686329961,0.9302869180633684,0.8711916800801192,0.6187829989327123,0.5746695831946222,0.8283831234352584,0.8363871530149223,0.7099886298623066,0.8578305331095684,0.8489400226485821,0.9209817665727265,0.8291964064606836,0.9021362778138218,0.6092357624483302,0.9371382816751241,0.8097116596837901,0.9270673705171115,0.9415040533996414,0.9302334181929384,0.849628853164641,0.9186550120230905,0.8559450532628738,0.9180790428976138,0.9738744855255578,0.9125111785873636,0.9186711522287638,0.9123713980692958,0.9209817665727262,0.9711878805915029,0.5553683337996573,0.9072118677365053,0.9384788228894505,0.4533636992819957,0.9239759423528267,0.9239759423528264,0.9098310498422768,0.6740836112921157,0.9336347991328913,0.9145599195405433,0.8926328176574974,0.9122094290208146,0.9043677125545333,0.7056567606957165,0.619505575273766,0.9218975021343332,0.6860472928319212,0.9336347991328913,0.7693832177398914,0.9169617030792715,0.8239808321924891,0.9343882429311448,0.9159197701772377,0.8488427058062766,0.9668702179975168,0.8128263892083853,0.8315069861698934,0.900845910271289,0.9878857063735189,0.9243062854435229,0.6455118395399995,0.8285035731719173,0.8605956163602337,0.8823421010842231,0.9060638964407408,0.8769922925568632,0.6880591280292303,0.9899987985823229,0.9125111785873636,0.8812946455970228,0.9121573144031472,0.9369429539762639,0.8622031837320205,0.9814510646731802,0.7271690860079918,0.9539249481695848,0.901876143654109,0.823070168484095,0.8372157331956338,0.9909282086879027,0.995606730632077,0.8465722145714896,0.7963239206394055,0.7690365284957595,0.8390732119068269,0.9021362778138221,0.9634038194012378,0.5644277678695333,0.8302420618976187,0.7410439773407804,0.6336662944491365,0.7952066801648221,0.9152582079543841,0.46464987545611725,0.9907143086558443,0.8433570879510153,0.9760265524581471,0.9135063197922981,0.9540589546097202,0.9152582079543841,0.8439498234737366,0.8726858448638999,0.5841653633473128,0.9152582079543841,0.9518953180592344,0.9421362489486962,0.8562275189872222,0.801985509263976,0.8413921158471315,0.9125111785873636,0.9152582079543841,0.9573818152568612,0.9152582079543838,0.8107260588533334,0.8280184136835951,0.9182458888439238,0.9152582079543841,0.8095505845081643,0.9152582079543841,0.8267842608104479,0.8451467479521526,0.9168673858538465,0.7929756481234906,0.920981766572726,0.6663207068634688,0.9502726792490606,0.9272324378358678,0.7420900754778978,0.9465586955858678,0.9847660920856918,0.9221261809159464,0.9239759423528264,0.8567883809445206,0.6449909813564951,0.8628742512243035,0.8770832199670353,0.8864592094196804,0.997813288477712,0.4619717670934457,0.8315069861698934,0.9502726792490606,0.9152582079543841,0.8095010419562513,0.9152582079543841,0.7192541761994203,0.8586206896551725,0.8871763046924682,0.942085822740748,0.6663207068634687,0.46464987545611736,0.7576032030371087,0.8948693468634783,0.8449320637799713,0.9364881737530408,0.8001801505755264,0.44109054405099146,0.8286378524317437,0.7859745422812419,0.5343970527485977,0.9125111785873636,0.9748016543159651,0.7336285154224771,0.5553683337996577,0.8176079107619414,0.7025044187928331,0.9549546039402188,0.8054691836486052,0.8344417756036391,0.9816001811698213,0.5990429633965824,0.6741182543134774,0.98514764149467,0.9302869180633684,0.8855120401059889,0.8566595864113677,0.8902183677316946,0.9358559422107497,0.9302869180633684,0.8479439783560871,0.6375118100032382,0.9270730230791455,0.8547850709517304,0.930351993730951,0.9209817665727262,0.8645899440480411,0.6721970280179208,0.9098310498422768,0.9209817665727265,0.9209817665727262,0.7008346989314118,0.98145106467318,0.7454446226695065,0.838507437116254,0.8088080901268468,0.8285088381306852,0.9673847887170087,0.9580166426603276,0.9483563157149231,0.9502726792490608,0.9239759423528267,0.6455118395399995,0.5092252703259237,0.9665480300996037,0.8834832246395516,0.8299096514248945,0.7105388846414342,0.5147818967153308,0.5608101378033401,0.9249300668513343,0.9295570754473412,0.889151899108665,0.8519892078171929,0.9336347991328913,0.8395280973905597,0.9336347991328913,0.8645899440480411,0.0,0.8489400226485824,0.9665480300996037,0.9152582079543841,0.9239759423528264,0.9355105445791142,0.885698841863535,0.9302869180633684,0.9270730230791455,0.9212977173232093,0.9152582079543841,0.8948693468634783,0.9302869180633688,0.9371382816751241,0.8508524342038153,0.742992822912882,0.8902183677316946,0.9816001811698213,0.5874009268237261,0.7526714876460536,0.8948693468634785,0.9046484553665963,0.7736650317691678,0.6233555981585011,0.9508942993498997,0.8351103541572626,0.9773810909232876,0.9846406300806096,0.9371382816751241,0.6751958937143577,0.9221261809159464,0.6549597609918558,0.9072118677365053,0.9125111785873636,0.9275612046868082,0.8315069861698934,0.6350703269995917,0.762483336699077,0.7351681494695987,0.9152582079543841,0.8019074126838555,0.7107326246304704,0.9248202875667846,0.9763670444959536,0.9592096814182647,0.8059945119496472,0.9152582079543841,0.9152582079543841,0.6948416833705326,0.6270236983826512,0.8465722145714896,0.9152582079543838,0.9872125588573131,0.9152582079543843,0.9005285913052647,0.8285035731719173,0.6520524137118104,0.9152582079543843,0.8727803597140285,0.933316065142574,0.7584323595356681,0.7172367210950732,0.9152582079543841,0.801751780477767,0.9168673858538465,0.6572569816081248,0.7443784218618241,0.9331959995055013,0.8882659310751531,0.9209817665727262,0.6213053608827888,0.9152582079543841,0.6987488513711804,0.9186550120230907,0.7853613704853062,0.8829457611150318,0.918079042897614,0.7374039932622707,0.9431379203344701,0.9152582079543841,0.5943448869447265,0.955327846412076,0.9152582079543841,0.9459727209115529,0.7896144267998426,0.775558990558914,0.7292447864734695,0.6085149670467753,0.9152582079543841,0.6685565834201461,0.7596773995000081,0.9761356843815903,0.8324970174271815,0.7666565901375404,0.9204488628961518,0.8733124723819163,0.8749363683070699,0.9209817665727265,0.7049143960866455,0.9475247683209957,0.9686491338802947,0.7248481500066547,0.9400724976363597,0.7842254686329961,0.9966447233584261,0.9239759423528264,0.885698841863535,0.9152582079543841,0.9302869180633688,0.885840198681322,0.9015066162925456,0.7689771223906574,0.9949598499265346,0.9098310498422768,0.8669509024511367,0.9621698344437764,0.9098310498422768,0.9733050117350786,0.9152582079543843,0.9021362778138218,0.8862836892666928,0.8649303928299306,0.8138923488875749,0.6848305306125808,0.9592096814182647,0.9097516894125137,0.9686491338802947,0.8514018255744299,0.933316065142574,0.9336347991328913,0.9799672196519233,0.9705890751589273,0.8984515905607443,0.8879432507007241,0.8972500807670709,0.8376723506997306,0.8056206522660095,0.8645899440480411,0.8475585260781597,0.8999990886573643,0.9583942031553514,0.9553394119369607,0.989878150282884,0.9360968865539774,0.7911943785011759,0.8291549352138796,0.9438295981000084,0.9350840409709826,0.917759998002915,0.8410575924482762,0.3837097504782735,0.8711662082855063,0.961938580597147,0.7331992061441666,0.8996713357710033,0.7526072663729988,0.8902183677316946,0.8586206896551725,0.7292641966099442,0.9665480300996037,0.9777906175295892,0.8541983581991324,0.9194760752462126,0.8721962838262696,0.9302869180633686,0.8537505429461787,0.7809252845313955,0.9257389930135204,0.945003270600653,0.9072118677365051,0.9072118677365055,0.9343882429311445,0.5580716158385197,0.9360968865539772,0.7468768912768413,0.8547116092900202,0.9125111785873636,0.9125111785873636,0.8414818077380072,0.7641792701283544,0.9072118677365055,0.828637852431744,0.9152582079543841,0.9270730230791457,0.9152582079543841,0.9152582079543841,0.7578048050740605,0.795118420073899,0.8645899440480407,0.9152582079543841,0.6855377041657258,0.6131298765770019,0.9142977291841884,0.9852348688369525,0.8239808321924889,0.7131810474570082,0.8048397664582477,0.9103086440545415,0.7814524636139355,0.7104568949546636,0.8014077960111257,0.9748016543159651,0.9479215598710826,0.98514764149467,0.8967516469904764,0.8748756693307258,0.9413936847619078,0.564427767869534,0.9711556457099052,0.9270730230791455,0.8508127890003336,0.9209817665727265,0.9332636707881303,0.7060240911023941,0.9884602805599663,0.8925262950745885,0.836744657335206,0.9029881796097647,0.9207352331609373,0.7604122773126192,0.9878657306248142,0.851186915792887,0.933316065142574,0.918079042897614,0.9393175601009793,0.7317341573078299,0.7717692349609533,0.9711878805915029,0.9438969150899481,0.7379539268553436,0.8153228320996533,0.8623543604356523,0.9125111785873636,0.6755994131501961,0.8769922925568632,0.9371382816751241,0.7131810474570083,0.822769265136693,0.8599048430053958,0.8016643149446911,0.933316065142574,0.738134338000388,0.9283842394809381,0.9152582079543841,0.9239759423528264,0.9731391553474595,0.9152582079543843,0.8300910721353387,0.9584859817309164,0.9907143086558443,0.908025487041374,0.7565155320112127,0.8925262950745887,0.6032687312310583,0.9336347991328915,0.6924392321874626,0.8057939603726957,0.8254347921727205,0.9098310498422768,0.9798831497297819,0.9194928800841635,0.9142977291841883,0.8902183677316946,0.9276593868178659,0.9105883924790756,0.7212649501647281,0.5247680783941846,0.8645899440480407,0.6510267667715843,0.7890100968809901,0.9360968865539774,0.9336347991328913,0.9990384391481416,0.9937393740100617,0.7504890911494047,0.8095010419562505,0.9631981626021593,0.9125111785873636,0.6966544559894932,0.7736650317691678,0.9935264355112594,0.6734812364324327,0.987885706373519,0.9667419862543057,0.8605956163602337,0.8879432507007241,0.7640495966126849,0.8748756693307256,0.6453977258535419,0.9526296338320909,0.9364881737530404,0.9212977173232094,0.9239759423528264,0.9371382816751241,0.9152582079543841,0.7614245163105731,0.796313124556566,0.9877739866737221,0.8957156269639839,0.9152582079543838,0.9175641582341771,0.7449370708424374,0.6660893680401676,0.8707051888795787,0.8395280973905588,0.8664957973805585,0.9351260907660988,0.7327231965320744,0.9106086590743894,0.9207352331609369,0.8906699881696984,0.9111418778385345,0.9270730230791457,0.8628742512243035,0.7992624901152919,0.987885706373519,0.8864592094196804,0.9935264355112596,0.9735629864071065,0.9098310498422768,0.9371382816751241,0.902136277813822,0.8812946455970232,0.9992249226337293,0.7755589905589139,0.8070402049768042,0.7627282022777634,0.8709496185158996,0.41749621609836973,0.9276593868178657,0.8674930744993442,0.9125111785873636,0.9239759423528267,0.9072118677365053,0.9125111785873636,0.9125111785873636,0.864589944048041,0.9152582079543841,0.6985279040322147,0.8944039307681861,0.9152582079543841,0.9243062854435231,0.8410575924482762,0.7627282022777622,0.9209817665727265,0.974801654315965,0.918079042897614,0.9125111785873636,0.9547237144702512,0.8910619220598515,0.8992368483577362,0.7201398703632286,0.9152582079543841,0.8972366122080853,0.9209817665727262,0.8902183677316946,0.957723605798964,0.8995866400771453,0.9814510646731802,0.918079042897614,0.5393055118651636,0.890832632464256,0.8948693468634785,0.9152582079543841,0.8073170731707322,0.898105134356751,0.9054862779423514,0.9587759493473786,0.9733050117350786,0.9814510646731802,0.915919770177237,0.9209817665727265,0.9493264764640175,0.7951319916449242,0.9152582079543841,0.956466487927786,0.8258542298405465,0.5841653633473128,0.8066525844424257,0.9466378905596333,0.8996713357710029,0.8199757502024818,0.9098310498422768,0.8887455402178122,0.6432729953084644,0.9152582079543841,0.9152582079543841,0.9780244662094082,0.852073225755923,0.8376723506997306,0.9171872608207575,0.6094355387489527,0.8040683938016115,0.7523440914207309,0.6136854084965615,0.9214489273204713,0.6589095755981124,0.9152582079543841,0.9580835864837807,0.9239759423528264,0.5553683337996577,0.7565155320112127,0.9302869180633684,0.9568113867546566,0.9152582079543841,0.9152582079543841,0.6618133758528493,0.9580166426603274,0.6479889041360911,0.8972500807670709,0.801985509263976,0.8321506231964104,0.942085822740748,0.8814261386926305,0.8340905634131078,0.7707499476755915,0.9152582079543838,0.8586206896551725,0.6291757919332273,0.9180790428976138,0.9162206421071967,0.9840022946786741,0.9668790282799469,0.8548135348672365,0.8625851059964715,0.5087406670022796,0.8057649851807005,0.9152582079543841,0.814691132635734,0.8529600477548238,0.7736452528338296,0.8305674447159646,0.796313124556566,0.8721292828577809,0.7744673257045799,0.856589220640916,0.7294883478037413,0.9493203017075047,0.5908234239632206,0.9466378905596333,0.9336347991328913,0.9801777989919911,0.9495203073386865,0.8455226838245993,0.5094807987830574,0.9540589546097205,0.9682610749736361,0.9132389320257914,0.9699747687132043,0.8073341623426769,0.6681446414719284,0.8586206896551725,0.724532795308064,0.9935264355112596,0.8880761517488762,0.9830296087723853,0.9473071062272793,0.9992249226337292,0.9336347991328913,0.8972500807670709,0.7781560598534003,0.8158740901345862,0.9046484553665968,0.995606730632077,0.799262490115292,0.823077157135466,0.6851038331869251,0.9622498409371392,0.8910305906213418,0.9170318748923911,0.9438219603637266,0.9152582079543841,0.8664957973805585,0.9152582079543843,0.8175274870758776,0.5305876036228903,0.9445283662005388,0.8902183677316946,0.7798874555888033,0.9152582079543841,0.8626807108381243,0.7131810474570082,0.6325507843027062,0.6006162348649259,0.8146911326357341,0.6402482647754637,0.9239759423528264,0.7686203722730277,0.8256504092697164,0.8430031832339395,0.7070428918285804,0.8925262950745885,0.7774512910972045,0.9371382816751241,0.9686491338802947,0.9152582079543843,0.8303239302316401,0.8834832246395512,0.7455703123783524,0.8851067435299687,0.7398847890134617,0.9564664879277861,0.9125111785873636,0.8341600841718481,0.7890100968809903,0.8508127890003339,0.7122842762343387,0.6945513159464378,0.9152582079543841,0.6360905556529195,0.7719761627955792,0.930351993730951,0.9152582079543841,0.6649016023726025,0.9798831497297817,0.9302869180633684,0.9272324378358678,0.9125111785873636,0.8225311318013033,0.6858709460622416,0.8285035731719175,0.9132389320257916,0.758849179884876,0.9272324378358678,0.7439284780771289,0.9152582079543841,0.8375740315947418,0.9152582079543841,0.5069074692287081,0.8754494439871032,0.9671920603018179,0.5553683337996577,0.9678417350205826,0.9475225630345359,0.9793422902103338,0.9005285913052647,0.9152582079543841,0.6671503344751524,0.6394713552416864,0.830499370761717,0.9360968865539774,0.8586206896551727,0.9711878805915029,0.874875669330726,0.764725801537133,0.88873150110704,0.7766164199890278,0.6945513159464378,0.88873150110704,0.8707051888795789,0.9239759423528267,0.8315069861698934,0.88873150110704,0.5553683337996577,0.9186550120230905,0.9496485824638996,0.8542058822129399,0.9125111785873636,0.6438945219541864,0.9243062854435229,0.8194852749688188,0.8586206896551727,0.8645307055964572,0.884212244307905,0.7597147744459045,0.8382021652784951,0.6699581067268915,0.8910309205240106,0.8707051888795789,0.9108480704460358,0.7984239954337568,0.9608273435758143,0.8470383046866876,0.9159197701772372,0.5528314585484417,0.9665480300996039,0.8608323269166083,0.8674517075612469,0.8791314954080305,0.8791314954080307,0.9178168350379667,0.9239759423528264,0.9270730230791457,0.8232723655892213,0.9700918760103956,0.9654407641398766,0.9951874708791759,0.8748756693307258,0.8850861308252996,0.9655974895223984,0.9331959995055013,0.9152582079543841,0.9637325379908935,0.9498318987842802,0.9816226255653286,0.8681770036466658,0.8934301861733953,0.9270730230791457,0.8645899440480409,0.7946150554079102,0.885698841863535,0.9072118677365053,0.8769922925568632,0.8567883809445207,0.8300556663642377,0.9117711157968402,0.8996713357710031,0.9362017335636437,0.9628454933455661,0.9476888609041565,0.9296346121047006,0.9209817665727262,0.9180790428976138,0.7329348590107957,0.8791314954080298,0.9209817665727265,0.952629633832091,0.8763959577993026,0.879506073301165,0.9688440619373719,0.9907143086558443,0.801181039205961,0.9734299614209916,0.8628742512243035,0.9665480300996039,0.7861627209114087,0.9243062854435229,0.9270730230791457,0.9631981626021593,0.988460280559966,0.9621698344437761,0.5841653633473123,0.8315069861698934,0.6092357624483302,0.9417347235444038,0.9270730230791457
p118_V,0.8623469980965686,0.8537608988970333,0.7004078734816358,0.9470575615378745,0.9908963593651974,0.932833950574053,0.9267637374781269,0.959745762755148,0.8285401031127058,0.929090574034799,0.927863480227435,0.9460879419108783,0.9460879419108783,0.7973257055955574,0.993533211359531,0.9016461657061432,0.9865013132865542,0.965201190347219,0.7821342117290755,0.929090574034799,0.7195963004621957,0.9932551431854693,0.9165215812574511,0.9544588564256291,0.9887060249405424,0.8778722974583606,0.7987674770617408,0.8778449561972077,0.9801145305445413,0.9289162658848098,0.9246111155725989,0.9637319104506128,0.9347742988036447,0.8553180098603765,0.9908963593651976,0.7821342117290752,0.9964480445123052,0.8819514474103315,0.9328339505740528,0.7538096788058786,0.7570015062294773,0.9121790042012337,0.986534342747938,0.8447632757824071,0.9489545460415911,0.6886765770226346,0.9155711502428496,0.8462532587112925,0.9391523542765099,0.829509762764606,0.9187703462526826,0.5682669502309559,0.8778722974583606,0.8954352541336303,0.9347742988036447,0.5488221076844646,0.9443035643220181,0.9094556823349389,0.8515536843930858,0.9806848395182723,0.8571252958148525,0.8264071533803091,0.9092575998972448,0.8273916766828404,0.9377482909389647,0.8131539845181583,0.9463449611535275,0.7817152605166113,0.7813709391904268,0.9255134534695353,0.8878766048402222,0.5375765574234729,0.9094556823349393,0.7091312076830198,0.9094556823349389,0.7676636737382317,0.7319697668933431,0.6513931181035093,0.7749693464097145,0.906064872904292,0.892801530088347,0.9476274985418005,0.9541064989387078,0.8778722974583606,0.9094556823349389,0.7675694205203242,0.9723979705743823,0.9070774825874224,0.8563042685560753,0.9065205555971321,0.9094556823349389,0.7451776224105655,0.6639765962328369,0.8180894874330027,0.8981235706012942,0.8226163932368092,0.82074399669702,0.6758781541847521,0.7147645396314777,0.7484398060265607,0.8530386127902753,0.9155711502428494,0.805501948059157,0.9043879551457146,0.890837491001148,0.9255134534695351,0.9174216098332961,0.6738369140291067,0.9550275948082854,0.6950423560916834,0.7044214340658566,0.8963692969443755,0.8505070021229941,0.9900839054157131,0.997640187429148,0.7710582646715538,0.9312643751292498,0.9742388426031001,0.959765265078177,0.7663531853713812,0.8707407053658365,0.7287106058056588,0.6408312436046303,0.8663080297186967,0.9024305854694509,0.8269126753370075,0.9615627674010185,0.8308616979141648,0.9747772854616302,0.8754516093417526,0.8139901102444913,0.6070912069531355,0.8114602685597381,0.932833950574053,0.8738610115516663,0.9762478048465677,0.8263464431799239,0.9187703462526826,0.9637319104506128,0.9036569103682486,0.6600304684222562,0.929090574034799,0.7591085160143807,0.47703008518089807,0.7851735198783617,0.8661220780264804,0.8315670489441334,0.7370742776572667,0.8755049702528588,0.6568408696974852,0.968861512945716,0.8325327180273927,0.948830428677309,0.9366194244871693,0.9637319104506124,0.8755049702528588,0.9954497827570388,0.8907618578973237,0.8802515779331865,0.8800292207185832,0.9742566541705192,0.997640187429148,0.9225200821124008,0.6474530769414322,0.8593907404350047,0.69343860113905,0.9091073694591143,0.9681720175895666,0.7767825823867107,0.7804053005219569,0.8825312832177465,0.9460879419108781,0.9948531346568201,0.9841671890453445,0.9881515506364345,0.7167427021304857,0.9770357682633344,0.8908374910011476,0.9485009470377375,0.8980819733300556,0.9257776434321217,0.9992693761537885,0.974725214832599,0.9065205555971323,0.8848811890904268,0.7631466073566207,0.7857213535762579,0.8245828613400163,0.8954352541336303,0.9057871258132251,0.903656910368249,0.8527315889906659,0.6345030237016702,0.6777890762027718,0.8817178736023112,0.9094556823349389,0.9124696683389528,0.7882313730316597,0.8462532587112923,0.7612192277178139,0.8071248883001412,0.9065205555971323,0.9094556823349389,0.6924077444083601,0.7128085527343375,0.929090574034799,0.9094556823349389,0.8308276759982087,0.8489400226485824,0.8410814274862977,0.8030246364736346,0.5841396668805883,0.8956425128341385,0.9094556823349389,0.7624685240304627,0.9094556823349389,0.7887494369784984,0.5858835043155821,0.614481821126208,0.9094556823349389,0.8561556159060366,0.9094556823349389,0.7819320547612333,0.9670285919479584,0.8006177118049854,0.621736874315845,0.9589654814068507,0.6445423943666304,0.9036569103682484,0.8504178573249539,0.8902144844650242,0.8969489263105562,0.6473127349096996,0.7611257302385835,0.8564218327576676,0.8441208612014638,0.9387006568698568,0.9334362835513019,0.651202378484643,0.8754516093417528,0.8489400226485824,0.9384051522235206,0.77194449578078,0.9036569103682495,0.9094556823349389,0.8505579307181192,0.9094556823349389,0.9854437548731738,0.8064093503402039,0.9637319104506126,0.8708552650198254,0.627072985685911,0.9124696683389528,0.8468446367617048,0.9102586846626868,0.762968901605016,0.9318887192162125,0.7917388621416896,0.9155711502428496,0.8426978181338627,0.7614383219220928,0.741005793766627,0.9065205555971321,0.968803565300479,0.815305027377841,0.9328339505740528,0.9952532398485632,0.9404447185651115,0.9759962371526973,0.9110686166890651,0.811496121993171,0.9187703462526826,0.7488369959559042,0.69140280752998,0.7440283018081901,0.9255134534695351,0.731312920279126,0.8730839872958023,0.8251307676030526,0.8658109255123594,0.9255134534695351,0.883923572403648,0.7398292292544999,0.968803565300479,0.7386856599713,0.8541294240103499,0.7372742004451398,0.6241413517024984,0.7267573500754689,0.9806848395182723,0.5203025446251337,0.9589654814068507,0.5856789284177852,0.9742388426031001,0.8694161093282922,0.7605250709323563,0.6638597708429772,0.8717157863265761,0.9255134534695353,0.8462222865742861,0.9082619083647379,0.9808011959067163,0.8564218327576678,0.6826864801818873,0.8420008905563074,0.8674571939371439,0.9700428001882816,0.8778449561972077,0.687954122388347,0.8385964912280697,0.7938276668994624,0.9181358718469264,0.7743352163616782,0.7251998492115657,0.7983968358547824,0.662717773887261,0.828540103112706,0.929090574034799,0.8553180098603763,0.8489400226485824,0.0,0.9589654814068507,0.9094556823349389,0.9187703462526828,0.9574369264102552,0.7455040732750307,0.9255134534695351,0.9220794934202008,0.9065205555971323,0.9094556823349389,0.8876707345437711,0.9255134534695351,0.7449636963826372,0.980984561973859,0.9188672383940361,0.9225200821124012,0.9187703462526826,0.7212106334313051,0.5976816422531859,0.9102586846626869,0.8981194480464401,0.5417953645845339,0.9155711502428496,0.8827148855675935,0.5899411513423714,0.8954352541336303,0.8406398513598701,0.8523644807304072,0.6171101312269358,0.8981101087746698,0.6392118497238735,0.9114077787966289,0.9065205555971321,0.9438111783893177,0.6854767158305383,0.6737217849122441,0.693559034919796,0.5362129069871135,0.9094556823349389,0.7585806195531004,0.853175894511782,0.7544793117311319,0.907355135221481,0.929090574034799,0.7242483248377702,0.9094556823349389,0.9094556823349389,0.8755049702528586,0.8285401031127058,0.707066360816537,0.9094556823349389,0.929090574034799,0.8869426250894151,0.9961387200473326,0.7668625795681778,0.6602793379369896,0.8462222865742861,0.7331794061315502,0.9037041980940855,0.4967034658984917,0.5632200480276941,0.9094556823349389,0.703754968945075,0.827412489471469,0.6368106016122004,0.6416003566158859,0.934555079093504,0.9301772120963278,0.4769082134611321,0.671601795757413,0.9094556823349389,0.5883955589342275,0.9092575998972448,0.962605465298624,0.6852798916491951,0.9124696683389528,0.5911742747490003,0.9186062981675365,0.9094556823349389,0.8377958183335688,0.6870595655698051,0.9094556823349389,0.8640692479445422,0.9149805871955703,0.7239925579677824,0.5454398961179683,0.682686480181887,0.9094556823349389,0.7638996163686089,0.7432217875443141,0.9220794934202008,0.998046238347388,0.6523255658207523,0.8345434795933919,0.8365645569121365,0.47299257535592076,0.997640187429148,0.9351816571057279,0.79760866095569,0.8834697192912029,0.7566349852415639,0.9790780799391374,0.5831532411130056,0.8851672469450576,0.9913065253514575,0.839659980591683,0.9094556823349389,0.9770357682633349,0.9610743757116282,0.8798389218445626,0.927863480227435,0.8708552650198254,0.9036569103682488,0.9397264270384756,0.912469668338953,0.9036569103682488,0.7916409186598593,0.764781609544028,0.961248261883892,0.7963275569900206,0.8811620663517729,0.9770357682633349,0.7261599812931536,0.929090574034799,0.9312643751292498,0.9843228328438036,0.8037081689950782,0.8350104256137885,0.9178375564359738,0.8995619745331388,0.8510501785307238,0.9466414925907476,0.9121790042012339,0.9245613707051723,0.6214279263849098,0.9155711502428494,0.7337288545313666,0.9849012021081911,0.9052675618266006,0.6952783482572539,0.8675842513525855,0.9278634802274353,0.895459572645648,0.878385680122791,0.6295278150708576,0.7304718110292693,0.9489545460415916,0.9533412749985342,0.8165724699537711,0.8618519839156851,0.9151643937053509,0.8851672469450578,0.5393149075018653,0.927863480227435,0.8078417951078218,0.8827012888689016,0.9919904571923958,0.9822002785782178,0.9155711502428494,0.9762478048465678,0.8320645573569878,0.7133901798106248,0.8675842513525853,0.9255134534695351,0.9804784958263959,0.8295097627646058,0.7041279315375741,0.9881811554703727,0.7987674770617408,0.9114077787966289,0.9187703462526826,0.9255134534695351,0.9587827127195977,0.6794071603759455,0.7915527100495825,0.9460879419108781,0.7373729675791553,0.6850331639195137,0.8593469706507233,0.9008583849785583,0.6598639516573805,0.9094556823349389,0.9220794934202008,0.9094556823349389,0.9094556823349389,0.7126724416772441,0.8851672469450576,0.9923023883964617,0.9094556823349389,0.6779965921760587,0.7291726427683813,0.8489400226485825,0.9572396777289227,0.7249244649034472,0.7632436008814238,0.905353552229733,0.8265572878591669,0.7516295783390083,0.8981194480464403,0.9415547398606634,0.9220794934202008,0.8531758945117818,0.813905936531068,0.7432217875443141,0.842176541011794,0.8981194480464401,0.9806848395182723,0.9832541837539227,0.968803565300479,0.7946246583008258,0.997640187429148,0.8701043555949091,0.8902144844650239,0.8325520639929123,0.5860029615949642,0.7488369959559045,0.8482512192526668,0.8325327180273934,0.8851672469450578,0.857477417655657,0.9155711502428494,0.8902144844650242,0.709627638880961,0.899323337829899,0.7451044303789698,0.6748940722767808,0.9637319104506126,0.8108406562286042,0.9008583849785585,0.8687275532995151,0.9534321899730982,0.9747772854616302,0.6193424686760827,0.6290126519267124,0.9597652650781769,0.5689614171557682,0.7449262434446997,0.8265572878591665,0.5569850193110321,0.8693573118539373,0.8345434795933919,0.8964432657267272,0.9094556823349389,0.9913065253514575,0.8778449561972073,0.9094556823349396,0.6996642728161371,0.9245613707051723,0.9036569103682495,0.9541064989387075,0.6275754354909183,0.9495734432236999,0.6870595655698053,0.9801145305445413,0.6139685416650971,0.927863480227435,0.7818905928637985,0.9036569103682488,0.8981194480464398,0.7907725147555889,0.6738514168743527,0.9225200821124011,0.8492812206992524,0.828427666116536,0.6283177674359981,0.7563626841885822,0.7611257302385841,0.7354042515255135,0.7387871085886126,0.8663080297186967,0.929090574034799,0.9102586846626866,0.912469668338953,0.6966342934926968,0.8745585735770725,0.8090412684190864,0.9065205555971318,0.6613128339319829,0.5417953645845338,0.852364480730407,0.8682715542721524,0.9589654814068509,0.848838281584873,0.9613863778038887,0.9121790042012341,0.8483987238898336,0.9246111155725985,0.8876707345437713,0.8420008905563078,0.927863480227435,0.9065205555971323,0.9187703462526826,0.9328339505740533,0.9094556823349389,0.8827148855675933,0.6644946718456246,0.6560432631911692,0.7267619352587598,0.9094556823349389,0.7919416010544589,0.556315549604437,0.8817178736023112,0.9677368608399362,0.7843961228399322,0.7675624968750305,0.7881771280539909,0.9968295168150638,0.7394464217826346,0.9800881847521479,0.7717065879832086,0.7943245723922829,0.9220794934202008,0.8134330692565358,0.9443035643220181,0.9589654814068507,0.9654788704992254,0.7449636963826367,0.8708552650198254,0.8267453376066711,0.6912633042087521,0.6029570519276978,0.7617736612585327,0.9501760208500687,0.7983281668470861,0.6901568907090222,0.9742388426031001,0.9094556823349396,0.9245613707051725,0.6221208328424686,0.6826864801818873,0.9065205555971321,0.9013833969555977,0.9008583849785583,0.9065205555971321,0.9065205555971321,0.8827148855675933,0.9094556823349389,0.9008583849785581,0.8841504617080546,0.9094556823349389,0.695278348257254,0.9609485544313452,0.9742388426031001,0.997640187429148,0.9220794934202008,0.9124696683389528,0.9065205555971321,0.7139774684301882,0.7469850171665045,0.8851672469450578,0.7351039461027213,0.9094556823349389,0.7189936813746465,0.9155711502428494,0.5978890337479069,0.7197073629683028,0.7630866426284154,0.782134211729075,0.9124696683389528,0.8876707345437715,0.9654788704992256,0.7755449641336588,0.9094556823349391,0.9549863694212639,0.9439806770970421,0.8130249980848431,0.8419040849359922,0.7565789685207722,0.9742388426031001,0.9082619083647379,0.9589654814068509,0.843011136661303,0.7370742776572667,0.9094556823349389,0.9094556823349393,0.7844014359077857,0.929090574034799,0.6998473875267406,0.9489545460415916,0.8267028687989474,0.723078203678529,0.9036569103682488,0.662564130746277,0.6510319806890013,0.9094556823349389,0.9094556823349389,0.8468446367617051,0.9915870429101004,0.8614343549744419,0.6749335173697619,0.742967316732499,0.5454398961179687,0.6008971239691403,0.6782794676315458,0.8963692969443756,0.6843489819142909,0.9094556823349389,0.8462532587112923,0.9913065253514575,0.9328339505740528,0.5365725336361229,0.9255134534695351,0.7354042515255135,0.9094556823349389,0.9094556823349389,0.6319688480183101,0.6833409325137694,0.6463401561541744,0.8350104256137887,0.6563867733095002,0.7804648963805985,0.900832058342713,0.9447086274384456,0.7598181094664793,0.6023775135581027,0.9094556823349389,0.6738514168743523,0.692714733921659,0.9124696683389528,0.9255134534695351,0.8845541940169055,0.9171347704336503,0.9935332113595308,0.7675694205203241,0.9544588564256291,0.784790637024734,0.9094556823349389,0.7272047143954135,0.8488382815848725,0.8206574710503429,0.9616023322340352,0.6049704998146628,0.8954352541336303,0.8305317565246906,0.7248847855093982,0.9220794934202008,0.9733820224315535,0.7741189224669833,0.9008583849785581,0.9688615129457162,0.9470575615378742,0.8778722974583606,0.8087516709608273,0.9187703462526826,0.9065205555971321,0.7788000674965696,0.8731665326144966,0.8064093503402037,0.9438111783893177,0.932833950574053,0.9654788704992254,0.9865343427479383,0.932833950574053,0.8854349978333952,0.8851947941280291,0.8148220981232182,0.9094556823349393,0.9801145305445413,0.9723979705743823,0.8902144844650239,0.6608147153608812,0.9347742988036452,0.9065205555971323,0.9035881831250774,0.8109627174522247,0.9124696683389528,0.74881963155413,0.853175894511782,0.6850331639195135,0.6628843357517753,0.9094556823349389,0.7675624968750302,0.9683833021196733,0.7828475057974684,0.929090574034799,0.9282779134201073,0.8827012888689021,0.8910902192188632,0.9094556823349389,0.6694133502722932,0.568961417155768,0.9151643937053511,0.6892338813462735,0.7091312076830198,0.6843489819142908,0.9637319104506126,0.7368920964859569,0.742967316732499,0.8515536843930858,0.7183456647303836,0.7182104094599598,0.7580070017243807,0.932833950574053,0.8834697192912024,0.7240612710288983,0.8420008905563077,0.8773714624529659,0.7496117606217301,0.8265572878591667,0.557388497341628,0.9094556823349391,0.9065205555971321,0.7556581798770927,0.6801028549298997,0.8405720987215265,0.6368106016122002,0.5937725812137473,0.9094556823349389,0.6579839535790051,0.65269482777835,0.7689238463881607,0.9094556823349389,0.7146311041851883,0.9186062981675365,0.9255134534695351,0.8851672469450576,0.9065205555971321,0.692085892008928,0.9406429023361288,0.9981829817352436,0.9035881831250774,0.8881956427719931,0.6190548235612126,0.5514630710855565,0.9094556823349389,0.8708552650198254,0.9094556823349389,0.9255134534695351,0.6028176040727914,0.8368289537654217,0.9328339505740528,0.8685695845092947,0.683112261489929,0.8549204472161367,0.9393350016325397,0.9094556823349389,0.7374440366103561,0.6989171300206605,0.7161804041869559,0.929631169792647,0.9814979561144341,0.9013833969555977,0.8663080297186969,0.8640692479445422,0.8510501785307236,0.8315670489441331,0.5937725812137473,0.8510501785307236,0.5417089727289908,0.7215371401638783,0.6854767158305378,0.8510501785307236,0.9328339505740528,0.9024305854694511,0.9124696683389528,0.9016461657061436,0.8560751265203929,0.8928372012248216,0.8575938724395015,0.9414341350869289,0.7268745902606937,0.9182191089113065,0.8730839872958025,0.8755049702528586,0.9065205555971323,0.8902144844650239,0.8597562268846852,0.8257275648029537,0.9372585131618109,0.8125581689037247,0.8426952359231563,0.8131302426858462,0.7538096788058788,0.9124696683389528,0.997640187429148,0.9436621740891027,0.9696581463157012,0.8708552650198256,0.7694232151055229,0.964437586083708,0.9187703462526826,0.968803565300479,0.999566705797556,0.8685695845092942,0.7003026325667812,0.9073551352214813,0.9587827127195979,0.9283101874592719,0.8092233942659156,0.8640692479445422,0.9908963593651976,0.8742278259846485,0.9045093889024668,0.8694849987998701,0.8698901241857753,0.9276539985430032,0.8910242190586865,0.9923023883964617,0.9855114668715994,0.8778722974583606,0.9114077787966289,0.9245525128467084,0.9681720175895667,0.9744683153896554,0.921951811299105,0.8968267690771244,0.9090614984865615,0.7769403538929012,0.9514099639729665,0.9218652544730414,0.8674571939371439,0.9544588564256291,0.8193450442209942,0.8708552650198254,0.8674571939371439,0.9817720403804382,0.7563626841885824,0.8057145246692523,0.9421708749432607,0.9808011959067163,0.7556786198839551,0.8827012888689014,0.7414311406796759,0.9155711502428496,0.7488637057260812,0.9476274985418003,0.968803565300479,0.8090412684190862,0.8644606804686439,0.9964480445123052,0.929090574034799,0.9686521643684922,0.9255134534695351,0.8760028683056177,0.9220794934202008
p119_C,0.8897682240513817,0.945303040275778,0.8991086132420372,0.9277359074596554,0.9073884413700826,0.9648659912110238,0.9427506466830513,0.9487712406389306,0.8817960823258063,0.9629078616894173,0.9439253608596803,0.9128870094924407,0.9128870094924407,0.9277359074596554,0.9604370865528187,0.9674484241224512,0.9227946422906831,0.9361160018916062,0.9610366993022685,0.9629078616894176,0.895122236498546,0.9425720985427188,0.9967391619170713,0.9542136024350834,0.9412414838519025,0.9361160018916062,0.9481398354780852,0.7094904890765816,0.9629078616894173,0.9405910830715642,0.9300668284196516,0.8106601759858287,0.9467071200650465,0.9714058757497572,0.9073884413700826,0.9610366993022685,0.9542136024350831,0.9467071200650463,0.9648659912110238,0.9348776724743584,0.9061873961293252,0.9373704232137268,0.8505410419770532,0.8133139058407439,0.987327403406299,0.8900920075447281,0.9558359621451105,0.907212092235534,0.9348776724743584,0.8700500341066802,0.957509435301382,0.9247654558966603,0.9361160018916062,0.945303040275778,0.927293285231599,0.9859410630732461,0.933654454952398,0.9526370111116405,0.9100318062103336,0.9496037211238533,0.7917247243537826,0.7820663749515684,0.8481125351096356,0.9465146323386671,0.9592404230051592,0.823107563784632,0.957509435301382,0.8365990563074834,0.9054692267382085,0.9610366993022685,0.9265867198367659,0.9348776724743584,0.9773757151292213,0.8199068880584627,0.9526370111116405,0.8941307528793181,0.9425720985427188,0.9958126081161451,0.7628588897397741,0.9648659912110236,0.9439253608596803,0.9386420076357269,0.9312498291554214,0.9361160018916064,0.9526370111116405,0.9231975163531969,0.76226275576846,0.9395250925611623,0.9400810957454315,0.9511016704226432,0.9526370111116405,0.9760557307924651,0.8425509890153133,0.8384914306830664,0.982045156274965,0.8490355468911475,0.8971110481409439,0.9326920846792617,0.9524821577627511,0.9538477333735611,0.9859410630732461,0.9558359621451105,0.9526370111116407,0.9342272501200426,0.9837171114810386,0.9610366993022685,0.9134510531460027,0.8266980100945358,0.942990249213453,0.8478242765918376,0.9553483552539828,0.9922127245794845,0.9976132936006709,0.9589654814068509,0.9558359621451105,0.8715600862377915,0.9315357783043752,0.9552175050422179,0.9648659912110236,0.9326181308569239,0.9026102890296366,0.8931410336709438,0.9412414838519025,0.8695186279171856,0.9900588676412958,0.9569553498565281,0.9542136024350831,0.8604381342419636,0.5728587092801483,0.920981766572726,0.9433267290805243,0.9558359621451105,0.957509435301382,0.942837525383015,0.987327403406299,0.8557565635983035,0.7885066433058188,0.957509435301382,0.9652137684610214,0.9496037211238535,0.9088294956035703,0.9629078616894173,0.9911132832149869,0.98512650780359,0.9326920846792619,0.9957658420390977,0.9450259909751842,0.9236703803405709,0.9348776724743584,0.8641655417688414,0.9629078616894173,0.95466724533758,0.8987613725012114,0.9255818465700862,0.957509435301382,0.9348776724743586,0.9021240612426042,0.9198856874256709,0.9342353692072157,0.8931410336709438,0.9064594684263012,0.9558359621451105,0.994437324868074,0.9669773817779976,0.9765777693608292,0.922085571782991,0.9276797318633756,0.972830895242649,0.9671595166054915,0.8546873737058384,0.9746338287409401,0.9511016704226432,0.933654454952398,0.9556110934976771,0.8965891561155479,0.9579672831419932,0.9552175050422178,0.9489452656760307,0.9254476077793647,0.9314897302747827,0.9177151699279684,0.8771652840889386,0.9859410630732464,0.9808926695348984,0.9309867468047905,0.8965891561155479,0.9326181308569238,0.8461610175508401,0.945303040275778,0.9722155622930323,0.9842011665427951,0.8402174460344581,0.8650546456747354,0.8348893064606532,0.95466724533758,0.9526370111116405,0.9542136024350831,0.9180060542094438,0.9072120922355342,0.9412354087953771,0.9760557307924651,0.9511016704226432,0.9526370111116405,0.8774465467393255,0.8047947912836027,0.9629078616894173,0.9526370111116405,0.9388120013913653,0.9878857063735195,0.9564333375388241,0.9674184374883308,0.9113525537588966,0.9511016704226432,0.9526370111116405,0.9027589491053096,0.9526370111116405,0.8398896489883634,0.9131632661895819,0.8781849073732375,0.9526370111116405,0.9042162740830946,0.9526370111116405,0.8705544178695592,0.9560815611946232,0.922085571782991,0.8842921321245034,0.9558359621451105,0.7929984735168571,0.9496037211238535,0.9399319300513138,0.9393618431817529,0.9123992402861405,0.9268331951049655,0.9714058757497572,0.957509435301382,0.972830895242649,0.9871769404803684,0.9505241704836671,0.9439067604692684,0.942319442846642,0.9209817665727262,0.948139835478085,0.8931410336709436,0.9496037211238535,0.9526370111116405,0.7194708003998342,0.9526370111116405,0.9645881282356923,0.920981766572726,0.957509435301382,0.9645105128281708,0.7929984735168571,0.9542136024350831,0.7644257713588181,0.9412414838519025,0.9001110559421437,0.995812608116145,0.8940589330526695,0.9558359621451105,0.8803791478671705,0.9502107211581172,0.8884965529761202,0.9511016704226432,0.7195352916307385,0.9963274423187385,0.9648659912110238,0.8727858819625121,0.9041862347368662,0.9922127245794845,0.9815110427139535,0.8833132812750144,0.957509435301382,0.9884414775063279,0.7965069792215314,0.8466991324467523,0.9610366993022685,0.7854849641560677,0.9198856874256713,0.9386420076357269,0.9901068178489285,0.9610366993022685,0.8113600257998116,0.8980947986959938,0.9592404230051592,0.9852427368613523,0.9746338287409401,0.9558359621451105,0.9714058757497572,0.8153056432519314,0.9496037211238535,0.9558359621451105,0.9558359621451105,0.8121617028001504,0.9610366993022685,0.9330061661104521,0.9374291292220641,0.8931410336709438,0.9526837546542144,0.9552175050422179,0.9526370111116407,0.9879700133881204,0.9496037211238535,0.957509435301382,0.7907957676628271,0.9747191147870711,0.9558359621451105,0.9348776724743586,0.9858084434319022,0.8277625400805719,0.9589654814068507,0.9660605544170189,0.9131632661895819,0.8623117216340954,0.9097101580843074,0.8813568907853968,0.9493957255905624,0.9233747186171544,0.774002900150522,0.9714058757497572,0.9665480300996037,0.9589654814068507,0.0,0.9526370111116405,0.9575094353013818,0.9092735418441047,0.9361160018916064,0.9610366993022685,0.9592404230051592,0.9511016704226432,0.9526370111116405,0.9991256173192247,0.9610366993022685,0.9648659912110236,0.9166400151447349,0.9589042581667981,0.9386420076357269,0.957509435301382,0.7157841180907438,0.8404791612293145,0.9412414838519025,0.9467071200650465,0.851736382447466,0.9558359621451105,0.887330614894567,0.8244961955520116,0.945303040275778,0.601592199366344,0.9648659912110236,0.7979454077493457,0.9243180392978652,0.7866487334406869,0.948139835478085,0.9511016704226432,0.9748006002614296,0.9302947288966976,0.8456902516433881,0.8138393967528994,0.8309916996778286,0.9526370111116405,0.9061256028138257,0.9231975163531969,0.9730862985612763,0.969757263765453,0.8616993128705419,0.8225144778507427,0.9526370111116405,0.9526370111116405,0.9348776724743584,0.9649533549085013,0.9020294315021224,0.9526370111116405,0.9629078616894176,0.9526370111116407,0.9277359074596554,0.9041490253843172,0.8649838216377037,0.9526370111116407,0.9288957400617388,0.9393618431817528,0.8435824105613203,0.8516044549634422,0.9526370111116405,0.8891971954839684,0.9681385641755447,0.8179571760346672,0.8153837585530267,0.9288957400617388,0.9130554251359708,0.9558359621451105,0.8280828466993297,0.9526370111116405,0.8412006503024139,0.9900588676412958,0.8975899824661729,0.9351916092842889,0.8292821462222392,0.8425509890153136,0.9467071200650463,0.9526370111116405,0.859951285225656,0.939525092561162,0.9526370111116405,0.9722155622930323,0.9802311608422725,0.9485667670310041,0.8583804773702233,0.821074123982724,0.9526370111116405,0.9655262055283291,0.8696790027063968,0.9592404230051592,0.8944208730785335,0.8583804773702233,0.8307658985622732,0.9564745711255596,0.9031349604797552,0.9558359621451105,0.8145665213807645,0.9564333375388241,0.9967391619170713,0.9405713298993785,0.9175493208075456,0.879401574066015,0.9464536062171711,0.957509435301382,0.9361160018916064,0.9526370111116405,0.9552175050422179,0.9689601410010136,0.9605960911162628,0.9439253608596803,0.9839674685144806,0.9180060542094439,0.9763604864068216,0.9014502300031317,0.9496037211238535,0.9355505770919704,0.9526370111116407,0.945303040275778,0.8872325694620835,0.9103107362174552,0.8714717093867045,0.9497186205854558,0.9493957255905624,0.9315357783043753,0.9967391619170713,0.9737670111559904,0.998394872319517,0.9629078616894173,0.9644701265779558,0.847649466254242,0.9760557307924649,0.9373704232137268,0.9425720985427191,0.9505241704836671,0.9558359621451105,0.9714058757497572,0.9061873961293252,0.9362739579821125,0.9944373248680742,0.9061873961293252,0.995812608116145,0.9697258997487671,0.8825210710884404,0.9080261965616105,0.9951877100611974,0.9227946422906833,0.9795820040904937,0.9871769404803682,0.9277359074596554,0.8939720406672315,0.9967391619170713,0.8299192991696218,0.7547644840194465,0.8617298618427943,0.9944373248680742,0.920981766572726,0.8677948901927199,0.9558359621451105,0.9522752511635897,0.8959232789032514,0.8905634939977788,0.9465146323386673,0.8714717093867044,0.9009104045264771,0.9375821720172512,0.9604535056538152,0.8937024586467948,0.987327403406299,0.9481398354780852,0.8106601759858286,0.9610366993022685,0.9300668284196516,0.8373477570245095,0.9187969445925777,0.9511016704226432,0.9511016704226432,0.9589042581667984,0.7881353905136526,0.948139835478085,0.8803791478671705,0.9526370111116405,0.9592404230051592,0.9526370111116405,0.9526370111116405,0.8001616141245538,0.939931930051314,0.9243180392978652,0.9526370111116405,0.9950331400642272,0.9613615009377072,0.9423194428466419,0.9282894047452503,0.8891971954839684,0.9988994716356004,0.9518893725088031,0.8844733149580837,0.9267077491745545,0.9467071200650463,0.881715382747895,0.9604535056538155,0.9231975163531969,0.9367747309558498,0.9689188419031362,0.9300668284196516,0.9467071200650463,0.9180060542094446,0.9604140341855054,0.9604535056538152,0.903134960479755,0.9558359621451105,0.9072120922355342,0.9425720985427188,0.9922127245794845,0.9399319300513138,0.7846000765797909,0.9288957400617388,0.9123992402861407,0.9967391619170713,0.9254476077793647,0.7458314556106347,0.8803288140439889,0.9542136024350834,0.9649840504564582,0.9330323576683235,0.9461114643341086,0.9575094353013822,0.8666662211060931,0.9481398354780852,0.8454122479480872,0.8971110481409439,0.9128870094924401,0.9080261965616105,0.9312498291554212,0.9648659912110236,0.8189630840562674,0.9174644799144983,0.8844733149580836,0.8773227008453233,0.998394872319517,0.8307658985622732,0.9998895182606902,0.9526370111116405,0.957509435301382,0.9681385641755447,0.9773757151292213,0.9042162740830946,0.9425720985427186,0.7856158295427424,0.8147735352468606,0.8425509890153133,0.9967391619170713,0.8182087630929484,0.9629078616894176,0.8075195577599243,0.8752885460677957,0.7822127505030358,0.9842011665427951,0.9902930825832763,0.8650546456747354,0.920981766572726,0.9386420076357269,0.93421801734038,0.8945583721986815,0.8233987369410403,0.8904548547433411,0.9243180392978652,0.9697576929681275,0.9042162740830946,0.819414992001395,0.9629078616894176,0.9991256173192249,0.9542136024350834,0.8497130258115502,0.9257239435976459,0.8675945144338484,0.9511016704226432,0.809851971481867,0.851736382447466,0.9428375253830147,0.8605645960240629,0.8949977467327621,0.969757263765453,0.9681385641755447,0.9922127245794843,0.949173776698871,0.9300668284196516,0.9991256173192247,0.9051664401581992,0.94392536085968,0.9511016704226432,0.957509435301382,0.9648659912110236,0.9526370111116405,0.9815062877983506,0.8745128950949936,0.8760748600348447,0.9254476077793647,0.9526370111116405,0.9279254774427175,0.8672605145480656,0.6649207091994646,0.9277359074596554,0.910310736217455,0.8991086132420372,0.8197255958270908,0.8905617984121998,0.932445449857132,0.95466724533758,0.9762644779229716,0.8981086621953582,0.9592404230051592,0.9092735418441047,0.9336544549523977,0.9695808922938259,0.9209817665727262,0.9648659912110236,0.8099444568561252,0.9496037211238535,0.9648659912110236,0.9453030402757778,0.9336544549523977,0.9526370111116407,0.9485667670310041,0.8921529459435535,0.9610366993022688,0.9526370111116407,0.9393618431817528,0.8255189618559324,0.7907957676628271,0.9511016704226432,0.9652137684610215,0.9873274034062992,0.9511016704226432,0.9511016704226432,0.9243180392978654,0.9526370111116405,0.987327403406299,0.998712069243244,0.9526370111116405,0.9386420076357269,0.9363467946367829,0.7877259137311897,0.9558359621451105,0.9592404230051592,0.9542136024350831,0.9511016704226432,0.809851971481867,0.7994635118338909,0.7760319106198981,0.9251942656894035,0.9526370111116405,0.913451053146003,0.9558359621451105,0.9386420076357271,0.8006907814269035,0.914508262091398,0.9610366993022685,0.9736183137840242,0.9412414838519025,0.9423194428466417,0.9412414838519025,0.9526370111116407,0.920981766572726,0.9265867198367659,0.969725899748767,0.9766135065676136,0.9439253608596805,0.9610366993022685,0.9348776724743584,0.9558359621451105,0.9560815611946234,0.9805074801881102,0.9526370111116405,0.9526370111116407,0.9998895182606897,0.9629078616894173,0.8803545486957223,0.9481398354780852,0.9439253608596803,0.7921443716179016,0.9180060542094439,0.7733275845860155,0.7800981440304909,0.9526370111116405,0.9526370111116405,0.9198856874256709,0.8425509890153134,0.9505241704836669,0.8796755654923115,0.9512060612711243,0.9808522265288282,0.8507258744656063,0.7634386319714811,0.9373704232137268,0.8078713388853834,0.9526370111116405,0.9884628791933072,0.957509435301382,0.9648659912110238,0.8425509890153133,0.9610366993022685,0.7820663749515683,0.9526370111116405,0.9526370111116405,0.7904815296111652,0.9526370111116407,0.8127820297355114,0.9425720985427188,0.8666662211060931,0.9061873961293252,0.9645105128281708,0.9728308952426489,0.8712054690844855,0.8933378821185829,0.9526370111116405,0.920981766572726,0.8938154839417759,0.9542136024350831,0.7877259137311906,0.7696384505615015,0.9050819826484426,0.9166400151447349,0.9231975163531971,0.9014502300031312,0.9020294315021222,0.9526370111116405,0.9441608120869127,0.969757263765453,0.9061873961293252,0.9514834428390284,0.9086148915839567,0.869955187594452,0.795224399183051,0.863708282603777,0.9592404230051592,0.877446546739326,0.926003156258681,0.9873274034062989,0.9629078616894173,0.9746338287409402,0.9361160018916064,0.7773263884392076,0.9652137684610214,0.9511016704226432,0.9908764668187222,0.7003392882016636,0.920981766572726,0.8805577584645797,0.9648659912110236,0.9209817665727262,0.8505410419770532,0.9648659912110236,0.9092735418441045,0.9792750106568118,0.8994369109414204,0.9773757151292212,0.9629078616894173,0.9425720985427188,0.9425720985427188,0.9062630668618084,0.9902930825832765,0.9808926695348984,0.8049125044433603,0.9011161501496316,0.9542136024350834,0.9156175946573151,0.9231975163531969,0.9898194639549569,0.9737670111559906,0.9526370111116405,0.8991086132420372,0.9526370111116407,0.8649838216377038,0.9629078616894173,0.9373704232137268,0.9386420076357269,0.9649212652990378,0.9526370111116405,0.8788669278270553,0.8493193247742894,0.9497673578995782,0.8167620273274685,0.8509703690655753,0.8689612397777351,0.957509435301382,0.9497335549541691,0.8879294594533991,0.8774745087635124,0.8155856001785131,0.9399319300513138,0.853750687582344,0.9648659912110236,0.9399319300513138,0.9773757151292213,0.9051664401581991,0.8527529638705935,0.9282111328653387,0.8019720576789588,0.8233987369410403,0.8374011676109444,0.9511016704226432,0.8278482408692517,0.8705954752723888,0.9031349604797552,0.8780031897192961,0.8086886533123151,0.9526370111116405,0.8061458853715278,0.872555321204671,0.9277359074596554,0.9526370111116405,0.863117355928886,0.9272932852315989,0.9610366993022685,0.9967391619170713,0.9511016704226432,0.8890106760597565,0.9020554008593247,0.9765777693608293,0.8571991125642086,0.9564745711255596,0.9399319300513138,0.8561342062066823,0.9526370111116405,0.9645105128281708,0.9526370111116405,0.9610366993022685,0.8446109430683042,0.8861242286360498,0.9648659912110238,0.8147735352468609,0.9064206691382037,0.9532701319100467,0.9277359074596554,0.9526370111116405,0.874354636086484,0.9511108315259662,0.8607384721289715,0.9801704643354423,0.9665480300996039,0.9652137684610214,0.9300668284196516,0.9722155622930323,0.922085571782991,0.9837417292458523,0.8388429655759453,0.922085571782991,0.9277359074596556,0.957509435301382,0.8931410336709438,0.922085571782991,0.9648659912110238,0.9900588676412958,0.9542136024350834,0.9302947288966974,0.9511016704226432,0.8238825158251893,0.9386420076357269,0.9469971516571078,0.9665480300996034,0.7760319106198984,0.8997208604511805,0.9589376456981176,0.9511016704226432,0.9425720985427188,0.9619311600645907,0.9277359074596556,0.9082407355488131,0.9669869402855737,0.9054258771250031,0.914508262091398,0.9348776724743584,0.9542136024350831,0.9558359621451105,0.9082407355488131,0.9400810957454315,0.861466475513474,0.9839674685144806,0.907212092235534,0.9575094353013818,0.9592404230051592,0.9768074218529611,0.9312498291554212,0.9097206700803182,0.7974439991732666,0.9300668284196516,0.9733561462382215,0.9412414838519025,0.9288957400617388,0.9773757151292213,0.9311887696428772,0.8862516682966308,0.9187969445925777,0.9709117273278065,0.9572754220823072,0.9592404230051592,0.9344184513464586,0.9908764668187224,0.9361160018916062,0.9481398354780852,0.982045156274965,0.9061873961293254,0.98512650780359,0.9832774697179376,0.9439253608596803,0.9831290436676912,0.9808926695348984,0.9617971714026113,0.9188649217256533,0.9558359621451105,0.9542136024350834,0.9190743601433596,0.9839674685144804,0.9558359621451105,0.9852427368613523,0.9581662330439089,0.9765765779125157,0.9496037211238535,0.9496037211238533,0.9056949642367277,0.9497673578995787,0.9092735418441047,0.9558359621451105,0.9977802754820253,0.9944373248680742,0.9592404230051592,0.9450259909751839,0.9922127245794845,0.9736183137840242,0.9629078616894173,0.9210904902002871,0.9610366993022685,0.9231105095237593,0.9592404230051592
p119_E,0.7524297972473161,0.9413411539914585,0.8918007079504506,0.9225015741707872,0.9492063492063487,0.9623211158059548,0.7050163519970581,0.7509151724713103,0.9038142386822647,0.960221152322577,0.9398636845831869,0.9475597985845114,0.9475597985845114,0.9225015741707872,0.9106019687464653,0.5567710364845595,0.944383427890573,0.9314886672615048,0.9582144552981327,0.960221152322577,0.8875255844205965,0.938412400887346,0.935580996038617,0.9508971383859763,0.9369854052620163,0.9314886672615046,0.944383427890573,0.916441965519317,0.960221152322577,0.7739436107925906,0.9250013316406693,0.9544316996038,0.9428469360414609,0.9188361382271659,0.9492063492063489,0.9582144552981327,0.9508971383859763,0.9428469360414602,0.9623211158059548,0.930160641445072,0.8993922310882436,0.932833950574053,0.9623211158059548,0.912915131908919,0.9443834278905732,0.8474513194974065,0.9526370111116405,0.9004911494084333,0.930160641445072,0.8918007079504506,0.9544316996038,0.8495864161552136,0.9314886672615046,0.13408370177867746,0.9428469360414604,0.9288488221297497,0.9288488221297497,0.0,0.7383793872014479,0.9459533477380775,0.9060540201833016,0.831146423199498,0.931488667261505,0.8993922310882436,0.9562880686171875,0.8244397822834253,0.9544316996038,0.6473831763250288,0.7698078233874499,0.9582144552981327,0.92126914699118,0.9301606414450723,0.9492063492063487,0.8266892096935958,0.0,0.8864622842804517,0.938412400887346,0.9398636845831867,0.8233095582802461,0.9623211158059548,0.9398636845831869,0.9341976401680094,0.31108550994831163,0.9314886672615048,0.0,0.9176344520056336,0.938412400887346,0.8046479448175341,0.8939536575643376,0.03139863267861631,0.0,0.8918007079504506,0.831146423199498,0.8548949080074899,0.31108550994831163,0.48955645159511163,0.8896584524348263,0.8875255844205965,0.8198957816506434,0.8187498553347687,0.9288488221297497,0.9526370111116405,0.9492063492063489,0.8580633769736241,0.6072669396673074,0.9582144552981327,0.907182019415572,0.7973204052495684,0.9369854052620166,0.8289245259008584,0.8759110188590657,0.9328339505740528,0.8070467719220202,0.9094556823349389,0.9526370111116405,0.7833099084134079,0.9413411539914585,0.9582144552981327,0.9623211158059548,0.8580633769736241,0.9129151319089193,0.885400876353422,0.9369854052620166,0.9250013316406696,0.931488667261505,0.7554264789789613,0.9508971383859763,0.6339927913026551,0.9475597985845114,0.9152582079543838,0.8727631680356085,0.9526370111116405,0.9544316996038,0.9623211158059548,0.944383427890573,0.8453085223330421,0.879064442044788,0.9544316996038003,0.9544316996038,0.06018876900101988,0.8046479448175343,0.960221152322577,0.8244397822834253,0.8717146038820363,0.8875255844205967,0.9106019687464659,0.892875760974867,0.8420784215528956,0.9301606414450723,0.7583810530554915,0.9602211523225768,0.9060540201833014,0.8559522762859688,0.8811713725919912,0.9544316996038,0.9301606414450725,0.8950345750758599,0.9140827360776209,0.8938851835250172,0.5567710364845593,0.7367566674079002,0.9526370111116407,0.9341976401680094,0.7431708752992887,0.8972062142375332,0.9164419655193166,0.8612222667022558,0.8993922310882436,0.9262700211315917,0.8453085223330423,0.9225015741707872,0.9475597985845114,0.9288488221297495,0.6783615558233287,0.8538362113124116,0.8780124908814328,0.9582144552981327,0.6072669396673073,0.9200475251844384,0.5526275082095409,0.9117550006367756,0.8885909234541711,0.9288488221297497,0.9475597985845114,0.6394614409405057,0.8538362113124116,0.8580633769736241,0.9015943008452869,0.13408370177867734,0.9237454173815312,0.9459533477380775,0.903814238682265,0.8221755430097122,0.7897778653703145,0.9060540201833014,0.0,0.9508971383859763,0.9459533477380777,0.4895564515951115,0.8355526955775656,0.8918007079504506,0.9475597985845114,0.0,0.8685695845092951,0.7897778653703145,0.960221152322577,0.0,0.6951973979147161,0.9152582079543841,0.8864622842804517,0.6447787703816181,0.9049315186013059,0.9475597985845114,0.0,0.6473831763250286,0.0,0.8117838598171898,0.8388272306091986,0.8355526955775657,0.0,0.6339927913026551,0.0,0.7050163519970583,0.9071820194155717,0.9164419655193166,0.8759110188590655,0.9526370111116407,0.7711949776746383,0.06018876900101888,0.935580996038617,0.9384124008873462,0.9060540201833014,0.7554264789789611,0.9188361382271666,0.9544316996038,0.4951319232791844,0.8907283270583697,0.9027019168030599,0.897206214237533,0.9152582079543838,0.9152582079543838,0.944383427890573,0.885400876353422,0.9459533477380777,0.0,0.9027019168030597,0.0,0.7334713952978886,0.9152582079543841,0.9544316996038,0.9275522446953854,0.7711949776746383,0.9508971383859763,0.9140827360776205,0.9369854052620161,0.892875760974867,0.9398636845831869,0.8612222667022562,0.9526370111116405,0.8717146038820363,0.8717146038820349,0.8442340263447974,0.03139863267861631,0.9562880686171873,0.8289245259008584,0.9623211158059548,0.8333555867103808,0.8333555867103808,0.24376003609304187,0.8706662210952574,0.8748612665230131,0.9544316996038003,0.848519788337875,0.7973204052495684,0.7780046509581313,0.9582144552981327,0.8289245259008584,0.9140827360776214,0.9341976401680094,0.9015943008452874,0.9582144552981327,0.8517144868263773,0.8141237078825918,0.9562880686171873,0.8982973238138026,0.9225015741707867,0.9526370111116407,0.9188361382271666,0.8070467719220202,0.9459533477380775,0.9526370111116405,0.9526370111116407,0.7985559379258667,0.9582144552981327,0.7985559379258667,0.6499526646778642,0.885400876353422,0.8442340263447972,0.9582144552981327,0.9492063492063487,0.930160641445072,0.9459533477380777,0.9544316996038003,0.8022278398026612,0.8982973238138026,0.9526370111116405,0.9301606414450723,0.9164419655193172,0.7250134267509765,0.9094556823349389,0.8843412180810755,0.6848496741376313,0.7923174570100686,0.6911250629978627,0.8727631680356077,0.9602211523225768,0.903814238682265,0.9602211523225768,0.9188361382271668,0.9152582079543841,0.9094556823349389,0.9526370111116405,0.0,0.9544316996038,0.9027019168030597,0.931488667261505,0.9582144552981327,0.9562880686171873,0.9475597985845114,0.0,0.9369854052620163,0.9582144552981327,0.9623211158059548,0.9106019687464655,0.823309558280246,0.9341976401680094,0.9544316996038003,0.8333555867103808,0.8289245259008584,0.9369854052620166,0.9428469360414611,0.8409971458279799,0.9526370111116405,0.9188361382271659,0.8117838598171898,0.9413411539914587,0.9106019687464657,0.9623211158059548,0.7655931084723666,0.9188361382271666,0.7780046509581313,0.944383427890573,0.03139863267861631,0.92126914699118,0.885400876353422,0.8070467719220202,0.8082384637825222,0.8187498553347687,0.0,0.8538362113124116,0.9176344520056336,0.9200475251844387,0.9176344520056336,0.9602211523225768,0.8453085223330421,0.0,0.0,0.930160641445072,0.903814238682265,0.8591172857456586,0.0,0.9602211523225768,0.9492063492063489,0.922501574170787,0.8972062142375332,0.7897778653703145,0.9492063492063489,0.9237454173815309,0.938412400887346,0.8322525541058978,0.9634411459729271,0.0,0.8811713725919912,0.9164419655193168,0.7766590274917047,0.9952327064015152,0.9237454173815312,0.8704033497109469,0.9526370111116405,0.7960789049353036,0.0,0.7973204052495684,0.9314886672615053,0.8591172857456586,0.8300371089395653,0.9508971383859763,0.831146423199498,0.9428469360414606,0.0,0.8961186971729789,0.7399891659895361,0.0,0.9237454173815309,0.7948313236856197,0.8420784215528956,0.8152867967569688,0.8022278398026612,0.0,0.7698078233874488,0.8559522762859684,0.9562880686171873,0.6574604645689301,0.7250134267509767,0.907182019415572,0.908315805590151,0.8961186971729789,0.9526370111116405,0.8982973238138026,0.8864622842804517,0.935580996038617,0.8527760996057683,0.8738120195914167,0.8706662210952574,0.21151139151266862,0.9544316996038,0.9314886672615055,0.0,0.9582144552981327,0.9015943008452869,0.8129560940834346,0.9398636845831869,0.9275522446953854,0.06018876900102055,0.7478523304650295,0.9508971383859763,0.06018876900102055,0.9398636845831869,0.9492063492063489,0.9413411539914582,0.879064442044788,0.903814238682265,0.9582144552981327,0.8463809254714867,0.9602211523225768,0.9413411539914582,0.935580996038617,0.801009545737682,0.938412400887346,0.9602211523225768,0.7997856146881548,0.9164419655193166,0.5305546844946969,0.24376003609304187,0.938412400887346,0.9027019168030597,0.9526370111116405,0.9188361382271666,0.8993922310882436,0.8769613888066743,0.9341976401680094,0.8993922310882436,0.9398636845831869,0.9250013316406693,0.6827113291147924,0.7725735218970409,0.9049315186013058,0.9443834278905732,0.8141237078825918,0.8907283270583697,0.9225015741707872,0.9341976401680094,0.21151139151266984,0.8175997772209664,0.9398636845831869,0.8517144868263774,0.9341976401680094,0.9152582079543841,0.7539334992316542,0.9526370111116405,0.8453085223330421,0.7143607147557585,0.9176344520056336,0.8993922310882432,0.9582144552981327,0.7301312695908229,0.8918007079504506,0.9562880686171875,0.9164419655193166,0.944383427890573,0.944383427890573,0.9544316996038003,0.9582144552981327,0.9250013316406696,0.8255663034700989,0.9129151319089186,0.9475597985845114,0.9475597985845114,0.7125274559321444,0.9071820194155717,0.08671734220308636,0.8717146038820361,0.0,0.9562880686171873,0.0,0.0,0.8187498553347687,0.2115113915126693,0.9188361382271664,0.0,0.7334713952978882,0.8377384241745145,0.4006068367505189,0.8527760996057685,0.8811713725919912,0.8058499662916012,0.903814238682265,0.47795836130872293,0.8399134433261015,0.9428469360414604,0.8864622842804515,0.4408515443948542,0.9176344520056336,0.7711949776746385,0.6473831763250284,0.9250013316406696,0.9428469360414602,0.9459533477380775,0.7846176027958278,0.9562880686171873,0.8961186971729789,0.9526370111116405,0.9004911494084331,0.938412400887346,0.9328339505740528,0.935580996038617,0.848519788337875,0.9237454173815312,0.9060540201833016,0.9355809960386168,0.7223272158432528,0.9526370111116405,0.17526171623055564,0.9508971383859763,0.9140827360776205,0.8570084033315839,0.8399134433261015,0.4654487838138114,0.8570084033315841,0.5711669571562623,0.77934241058442,0.8896584524348263,0.9475597985845114,0.7766590274917051,0.9262700211315917,0.9623211158059548,0.8058499662916013,0.8463809254714865,0.7876282222528316,0.8034406041869142,0.938412400887346,0.9071820194155717,0.8822265994777512,0.0,0.9544316996038,0.9164419655193174,0.9492063492063487,0.8612222667022558,0.938412400887346,0.9459533477380777,0.9262700211315917,0.831146423199498,0.9355809960386168,0.8046479448175343,0.9602211523225772,0.7935775465776653,0.9398636845831869,0.8664724446651941,0.06018876900102055,0.9428469360414602,0.7143607147557588,0.9152582079543841,0.9341976401680094,0.7806724477786732,0.880117361849238,0.7318083230664854,0.8633240709217587,0.9188361382271666,0.6991852245234744,0.8612222667022558,0.9250013316406696,0.960221152322577,0.9369854052620166,0.9508971383859763,0.8388272306091986,0.9027019168030597,0.525843532183836,0.03139863267861631,0.7960789049353036,0.8409971458279799,0.9623211158059548,0.8790644420447877,0.9526370111116405,0.9176344520056336,0.9164419655193168,0.932833950574053,0.9015943008452869,0.9250013316406696,0.9369854052620166,0.500567215157067,0.9398636845831867,0.9475597985845112,0.9544316996038,0.9623211158059548,0.0,0.9188361382271668,0.8654234385275936,0.8070467719220202,0.9200475251844384,0.0,0.8832831707913575,0.8244397822834253,0.9060540201833016,0.34458474155865637,0.9038142386822647,0.8918007079504506,0.8811713725919912,0.7859181167692968,0.9275522446953854,0.9060540201833014,0.6598989712921809,0.8907283270583697,0.9562880686171873,0.9027019168030597,0.9288488221297497,0.9526370111116405,0.9152582079543841,0.9623211158059548,0.9275522446953854,0.9459533477380777,0.9623211158059548,0.9413411539914587,0.9288488221297497,0.9492063492063487,0.6783615558233285,0.8843412180810755,0.9582144552981327,0.9492063492063489,0.9384124008873462,0.7806724477786728,0.8022278398026612,0.03139863267861631,0.9544316996038003,0.08671734220308558,0.03139863267861631,0.03139863267861631,0.3741839079094693,0.0,0.944383427890573,0.4527606561376478,0.0,0.9341976401680094,0.535161772248302,0.9582144552981327,0.9526370111116405,0.9562880686171873,0.9508971383859763,0.03139863267861631,0.7960789049353036,0.8580633769736241,0.935580996038617,0.8409971458279799,0.0,0.9071820194155722,0.9526370111116405,0.9341976401680094,0.7935775465776653,0.9083158055901508,0.9582144552981327,0.9508971383859763,0.9369854052620166,0.9152582079543841,0.6284764518573093,0.9492063492063487,0.4006068367505189,0.92126914699118,0.9250013316406696,0.6848496741376318,0.9398636845831869,0.9582144552981327,0.930160641445072,0.9526370111116405,0.9071820194155722,0.8420784215528954,0.0,0.9492063492063487,0.8822265994777507,0.960221152322577,0.8377384241745145,0.944383427890573,0.9398636845831869,0.8244397822834253,0.06018876900102055,0.7569089328329721,0.7846176027958276,0.0,0.0,0.40880739824839063,0.6991852245234742,0.9027019168030597,0.8058499662916013,0.8453085223330421,0.8152867967569688,0.8399134433261015,0.7997856146881548,0.9328339505740528,0.8129560940834346,0.0,0.9004911494084331,0.9544316996038,0.9623211158059548,0.831146423199498,0.9582144552981327,0.831146423199498,0.0,0.0,0.7739436107925914,0.9492063492063487,0.7819949015164562,0.938412400887346,0.8570084033315841,0.8993922310882436,0.6856702229525599,0.8993922310882436,0.8344556057285131,0.8506512873935228,0.0,0.9152582079543841,0.8175997772209664,0.9508971383859763,0.9582144552981327,0.5526275082095407,0.7351207557283752,0.43182584581086747,0.9176344520056336,0.9508971383859763,0.8591172857456586,0.0,0.8266892096935958,0.9176344520056336,0.8993922310882436,0.8727631680356078,0.8654234385275936,0.9413411539914582,0.9049315186013054,0.8538362113124116,0.9562880686171875,0.8685695845092949,0.862273520033598,0.9443834278905732,0.9602211523225768,0.9225015741707872,0.2586095064370061,0.8129560940834346,0.9544316996038,0.03139863267861631,0.8759110188590655,0.9288488221297497,0.9152582079543841,0.92126914699118,0.9623211158059548,0.9152582079543841,0.9623211158059548,0.9623211158059548,0.9027019168030597,0.3647019568709454,0.8961186971729789,0.9492063492063487,0.9602211523225768,0.938412400887346,0.938412400887346,0.8322525541058978,0.9428469360414611,0.9475597985845114,0.9288488221297497,0.5210240199989242,0.9508971383859761,0.7684119013812074,0.3833143586062788,0.7125274559321442,0.7447432793600621,0.0,0.8918007079504506,0.9492063492063489,0.758381053055492,0.960221152322577,0.9328339505740528,0.9341976401680097,0.855952276285969,0.0,0.7399891659895361,0.8058499662916012,0.9341976401680094,0.8058499662916012,0.8266892096935958,0.8129560940834346,0.9544316996038,0.7143607147557588,0.6716454483484393,0.8058499662916012,0.7431708752992889,0.9355809960386166,0.6761489807685291,0.9623211158059548,0.9355809960386168,0.9492063492063489,0.8982973238138026,0.930160641445072,0.8388272306091984,0.4779583613087228,0.8106069085572598,0.9492063492063489,0.03139863267861631,0.8420784215528954,0.861222266702256,0.5110414539348817,0.7766590274917051,0.7524297972473162,0.0,0.9856724533720749,0.8633240709217587,0.9225015741707872,0.0,0.8399134433261015,0.9428469360414604,0.9582144552981327,0.2115113915126694,0.03139863267861631,0.9114861522954751,0.9314886672615051,0.897206214237533,0.9288488221297497,0.9083158055901508,0.9355809960386172,0.8129560940834346,0.0,0.9275522446953854,0.0,0.9582144552981327,0.8333555867103808,0.8843412180810759,0.9623211158059548,0.9262700211315917,0.8022278398026612,0.904931518601306,0.9225015741707869,0.0,0.8322525541058978,0.8210376473859937,0.8506512873935228,0.9250013316406696,0.40060683675051967,0.9544316996038003,0.3227392978460525,0.9237454173815312,0.392115299153029,0.8928757609748668,0.7948313236856197,0.392115299153029,0.9225015741707872,0.9544316996038003,0.885400876353422,0.392115299153029,0.9623211158059548,0.931488667261505,0.9508971383859763,0.885400876353422,0.9475597985845114,0.9237454173815312,0.9341976401680094,0.8918007079504506,0.9152582079543841,0.9355809960386168,0.9140827360776211,0.930160641445072,0.9475597985845114,0.9384124008873462,0.7301312695908225,0.9225015741707872,0.9015943008452869,0.8333555867103808,0.42440193597169273,0.9083158055901508,0.930160641445072,0.9508971383859763,0.9526370111116405,0.9015943008452867,0.8939536575643379,0.9275522446953854,0.9275522446953854,0.9004911494084333,0.9544316996038,0.9562880686171873,0.5974763156586966,0.9262700211315922,0.8664724446651935,0.9176344520056336,0.9250013316406696,0.6549904556417999,0.9369854052620166,0.9237454173815312,0.9492063492063487,0.8366469404145511,0.8780124908814328,0.9129151319089186,0.9004911494084333,0.6623067578386677,0.9562880686171875,0.9188361382271666,0.5906675167558797,0.9314886672615046,0.944383427890573,0.926270021131592,0.8993922310882434,0.6040574193889983,0.7598430279509716,0.9398636845831869,0.6739104850582693,0.9475597985845114,0.8832831707913573,0.7143607147557586,0.9526370111116407,0.9508971383859763,0.8864622842804517,0.9275522446953852,0.9526370111116405,0.8982973238138026,0.8633240709217587,0.708808264663793,0.9459533477380775,0.9459533477380775,0.8322525541058978,0.9341976401680094,0.9027019168030599,0.9526370111116405,0.8591172857456586,0.9341976401680094,0.9562880686171873,0.8928757609748668,0.9328339505740528,0.9508971383859763,0.960221152322577,0.8854008763534222,0.9582144552981327,0.7197593917099125,0.9562880686171873
p119_G,0.8159378637269961,0.9473756291574582,0.902931611220466,0.9810522968844482,0.9544316996038,0.966197296577026,0.8455226223395755,0.8483188975326428,0.5262469229133289,0.9643133649175284,0.946050153064081,0.9529545363721537,0.9529545363721537,0.9304741538905164,0.919798709497385,0.9356856974167587,0.9501049319099926,0.9385367079941809,0.9625131050152522,0.9643133649175286,0.8990962871160677,0.9447481688519046,0.9422080421889414,0.9559485503920393,0.943467974097185,0.3907704462720022,0.9501049319099923,0.9727541677821403,0.9643133649175286,0.7984206482463496,0.4443250562509822,0.9591194968553454,0.9487265052554261,0.48735263076556934,0.9544316996038,0.9625131050152522,0.9559485503920393,0.9487265052554263,0.966197296577026,0.9373453016197317,0.9097421633544893,0.9397435965156073,0.966197296577026,0.921873908113849,0.9501049319099926,0.8631446255669608,0.9575094353013818,0.5420678650662485,0.937345301619732,0.9427946840319119,0.9591194968553454,0.8650600761076825,0.3907704462720022,0.9473756291574584,0.9487265052554263,0.9361684345174048,0.9361684345174046,0.9544316996038,0.8258229735464779,0.9515133476881699,0.5149520981620495,0.7301312695908198,0.9385367079941813,0.9097421633544893,0.9607848936032954,0.740440624938358,0.9591194968553454,0.8707710541962024,0.8020423584034357,0.9625131050152522,0.9293685115305113,0.9373453016197322,0.9544316996038,0.7370717638778395,0.9544316996038,0.8981423730059301,0.9447481688519046,0.946050153064081,0.7421009311387936,0.966197296577026,0.9460501530640808,0.940966997789066,0.9338549253147788,0.9385367079941811,0.9544316996038,0.9261077324693099,0.9447481688519046,0.7667375428754116,0.9048630781107279,0.9529545363721537,0.9544316996038,0.9029316112204655,0.8485170805722069,0.6859634643382957,0.9338549253147788,0.9107280314569571,0.9010097382828823,0.8990962871160679,0.7469892664712108,0.7485888881337752,0.9361684345174044,0.9575094353013818,0.9544316996038,0.8726649773302662,0.8839713153825188,0.9625131050152524,0.9167305843279032,0.775170754350923,0.943467974097185,0.7336362758241322,0.8886765593703843,0.9397435965156073,0.7638375846306948,0.9187703462526828,0.9575094353013818,0.7897075031786096,0.947375629157458,0.9625131050152522,0.9661972965770258,0.6789531875241799,0.921873908113849,0.8971901564492129,0.943467974097185,0.9327167510955894,0.9385367079941813,0.8136826087878907,0.9559485503920393,0.9103339493566887,0.9529545363721537,0.9711878805915026,0.6418623468324618,0.9575094353013816,0.9591194968553454,0.966197296577026,0.9501049319099926,0.8612222667022567,0.8915055770282607,0.9591194968553454,0.9591194968553454,0.9515133476881699,0.8247446089328484,0.9643133649175284,0.7404406249383579,0.8849118467483816,0.8990962871160679,0.5810339422632643,0.9841240669083757,0.7114498167743233,0.937345301619732,0.8114042753167634,0.9643133649175286,0.9157186269856044,0.8707710541962024,0.6919182993082406,0.9591194968553456,0.45754659015067056,0.9058327972212656,0.9229213960709446,0.9404815542410541,0.8971901564492129,0.8268966588916082,0.957509435301382,0.940966997789066,0.8853172535850597,0.9077810309891667,0.9250379219402802,0.7413155487309185,0.9097421633544893,0.9338549253147788,0.9278919760223627,0.9304741538905166,0.9529545363721537,0.46790661696431035,0.8583244595873936,0.7563749039071169,0.9648675459392015,0.9625131050152522,0.8839713153825188,0.9282725629505146,0.8981423730059301,0.9875436734016287,0.6692845880656351,0.9361684345174042,0.9529545363721537,0.7457573645989317,0.8688726774726097,0.6789531875241799,0.9117176971980805,0.9473756291574584,0.9315900378678901,0.9515133476881701,0.9137092609592143,0.8404690714821097,0.7832373813705646,0.9157186269856044,0.9544316996038,0.9559485503920393,0.9515133476881703,0.9107280314569577,0.8524700617069332,0.578848442230732,0.9529545363721537,0.9544316996038,0.882090368368905,0.7832373813705648,0.9643133649175284,0.9544316996038,0.7265536869993645,0.509480798783056,0.598650544381574,0.681321829688579,0.9147116017278331,0.9529545363721537,0.9544316996038,0.8707710541962022,0.9544316996037999,0.7578937685581036,0.855407731940278,0.8524700617069333,0.9544316996038,0.8754988991654491,0.9544316996038,0.8455226223395762,0.5090574034332587,0.9250379219402802,0.8886765593703843,0.957509435301382,0.8008422195759229,0.9515133476881699,0.9422080421889414,0.9447481688519046,0.9157186269856044,0.7805867564015274,0.9271857963192043,0.9591194968553454,0.9097421633544895,0.9019695505324468,0.9127113681766135,0.9077810309891674,0.7455404899764377,0.4622688605443789,0.9501049319099926,0.8971901564492129,0.9515133476881703,0.9544316996038,0.9127113681766135,0.9544316996038,0.8290303569962779,0.9239759423528264,0.9591194968553454,0.9350052413014638,0.800842219575923,0.9559485503920393,0.9229213960709444,0.943467974097185,0.9038960691476474,0.946050153064081,0.6716454483484404,0.9575094353013818,0.8849118467483816,0.6447896504579702,0.8602583085066595,0.9529545363721537,0.9607848936032954,0.9597039494195478,0.966197296577026,0.9217601491198759,0.8830333887596131,0.9397435965156071,0.6836966627594734,0.887734799346376,0.9591194968553456,0.8641031766521006,0.818170883300198,0.794733085207088,0.9625131050152524,0.7336362758241324,0.5163529357858188,0.9409669977890658,0.9541290792408024,0.9625131050152524,0.8669692234537123,0.7548460867326887,0.9607848936032954,0.9087598936651073,0.9304741538905164,0.957509435301382,0.9271857963192045,0.7638375846306947,0.9515133476881699,0.9575094353013816,0.957509435301382,0.8192793116817589,0.9625131050152522,0.7737917914928155,0.6859634643382961,0.8971901564492129,0.8602583085066597,0.9625131050152522,0.9544316996038,0.9373453016197317,0.9515133476881703,0.9591194968553456,0.7695919367481674,0.908759893665108,0.9575094353013818,0.9373453016197322,0.9795295863759999,0.8342889987034598,0.9187703462526828,0.896239509553054,0.8554077319402784,0.8742169028962776,0.9504615190480805,0.8858525408230951,0.9643133649175286,0.6554878035581284,0.9643133649175286,0.9271857963192043,0.9239759423528264,0.9187703462526828,0.9575094353013818,0.9544316996038,0.0,0.9127113681766135,0.9385367079941815,0.9625131050152524,0.9607848936032954,0.9529545363721537,0.9544316996038,0.943467974097185,0.962513105015252,0.966197296577026,0.9197987094973847,0.8414864259682336,0.940966997789066,0.9591194968553454,0.9155677991130315,0.8465237589272379,0.943467974097185,0.3332473625715304,0.8573544191143372,0.9575094353013818,0.4385641663559675,0.8311464231994983,0.8612104505251645,0.6264127921032048,0.966197296577026,0.8056017035197607,0.9271857963192043,0.7947330852070879,0.9501049319099926,0.9529545363721537,0.9293685115305113,0.8971901564492129,0.7638375846306945,0.7623699658698968,0.8373957982954752,0.9544316996038,0.6882381005216123,0.9261077324693099,0.9282725629505144,0.9261077324693099,0.9643133649175284,0.9945616853424681,0.9544316996038,0.9544316996038,0.9373453016197317,0.9137092609592143,0.873610466200704,0.9544316996037999,0.9643133649175286,0.9544316996038,0.9304741538905164,0.9077810309891667,0.7832373813705646,0.9544316996038,0.9315900378678901,0.9447481688519046,0.8495094192726713,0.8279657565412281,0.9544316996038,0.8933957590212604,0.9250379219402802,0.7959698129526696,0.7934886331492644,0.9315900378678901,0.8830308532373585,0.9575094353013816,0.7765395464272915,0.9544316996038,0.8181708833001979,0.9385367079941815,0.6765515156534094,0.8475218860027953,0.9559485503920393,0.8485170805722069,0.9487265052554266,0.9544316996038,0.9068053912485845,0.7667375428754115,0.9544316996038,0.9315900378678901,0.7778983555639063,0.8583244595873933,0.8342889987034598,0.769591936748167,0.9544316996038,0.7934886331492645,0.6836583097511215,0.9607848936032954,0.9008409057897282,0.8660127357937746,0.9609007391155058,0.5475452235263745,0.9068053912485845,0.9575094353013818,0.908759893665108,0.598650544381574,0.9422080421889414,0.690482997161612,0.8867934927338035,0.8839713153825188,0.9422080421889414,0.9591194968553454,0.9385367079941818,0.9544316996038,0.9625131050152522,0.9117176971980805,0.7563764498345805,0.9460501530640812,0.935005241301464,0.9515133476881701,0.819279311681759,0.9559485503920391,0.9515133476881701,0.946050153064081,0.9544316996038,0.947375629157458,0.8915055770282607,0.9137092609592143,0.9625131050152522,0.7033682142920206,0.9643133649175286,0.947375629157458,0.9422080421889414,0.7710025811784422,0.9447481688519046,0.9643133649175286,0.8203824865711136,0.9250379219402802,0.9029316112204657,0.9397435965156071,0.9447481688519046,0.9127113681766135,0.9575094353013818,0.9271857963192045,0.90974216335449,0.8885016555898605,0.940966997789066,0.797771952019432,0.946050153064081,0.3924118735298634,0.8563822015167808,0.7996350258936379,0.914711601727833,0.9501049319099923,0.7548460867326895,0.9019695505324468,0.9304741538905164,0.940966997789066,0.9422080421889416,0.8363640334164002,0.9460501530640812,0.8669692234537124,0.940966997789066,0.9239759423528264,0.8148130677930066,0.9575094353013818,0.8612222667022567,0.8404690714821097,0.9261077324693097,0.9097421633544904,0.9507165296704021,0.8311464231994983,0.6187115150421785,0.9607848936032954,0.9250379219402802,0.9501049319099923,0.9501049319099926,0.9591194968553456,0.9625131050152524,0.9327167510955894,0.8435110105594601,0.9218739081138492,0.9529545363721537,0.9529545363721537,0.7421009311387935,0.9167305843279032,0.9501049319099921,0.8849118467483816,0.9544316996038,0.9607848936032954,0.9544316996038,0.9544316996038,0.7485888881337752,0.9422080421889416,0.9271857963192043,0.9544316996038,0.7608902818860983,0.7191676454245115,0.9239759423528263,0.867921623788791,0.8933957590212607,0.8258229735464779,0.9137092609592143,0.9127113681766135,0.7153521111143417,0.9487265052554263,0.89814237300593,0.9607848936032954,0.49499663314824327,0.794733085207088,0.6836583097511215,0.9327167510955894,0.9487265052554266,0.9515133476881701,0.8067748700378877,0.9607848936032954,0.9068053912485843,0.9575094353013818,0.9107280314569579,0.9447481688519046,0.9397435965156078,0.9422080421889414,0.699179847346399,0.9315900378678901,0.558746657766076,0.9989330715481036,0.9282725629505144,0.9575094353013818,0.9447481688519048,0.9559485503920391,0.9229213960709444,0.6813218296885792,0.8563822015167806,0.9591194968553454,0.8717185331373509,0.9501049319099926,0.7934886331492644,0.9010097382828823,0.9529545363721537,0.7959698129526696,0.9338549253147788,0.966197296577026,0.8258229735464779,0.7033682142920205,0.9127113681766135,0.823661472366034,0.9447481688519046,0.9507589513092887,0.8943424304056788,0.9544316996038,0.9591194968553454,0.5977996196411143,0.9544316996038,0.8754988991654493,0.9447481688519044,0.9515133476881701,0.9338549253147788,0.8485170805722069,0.9422080421889414,0.7667375428754112,0.9643133649175284,0.8148130677930066,0.9460501530640808,0.8802089698693747,0.9515133476881701,0.9487265052554263,0.839696056686143,0.9239759423528264,0.940966997789066,0.8032355692370519,0.6198924122866383,0.830090549724642,0.8773844821970229,0.9271857963192041,0.7301312695908196,0.8754988991654491,0.9327167510955894,0.9643133649175286,0.943467974097185,0.9559485503920393,0.8554077319402777,0.9590673131834122,0.694963942048713,0.9529545363721537,0.8170571011959711,0.8573544191143372,0.966197296577026,0.8915055770282607,0.8106601759858272,0.9261077324693099,0.9250379219402802,0.9397435965156071,0.9117176971980805,0.9327167510955894,0.943467974097185,0.9087598936651075,0.9460501530640815,0.9529545363721537,0.9591194968553454,0.966197296577026,0.9544316996038,0.9271857963192043,0.8792678792793365,0.7638375846306947,0.9282725629505144,0.9544316996037999,0.7238425703151397,0.8425003792101677,0.9528976942023156,0.9304741538905164,0.9137092609592141,0.9029316112204653,0.6165208553681498,0.8079415948250697,0.9350052413014638,0.9157186269856044,0.694886553751089,0.9019695505324468,0.9607848936032954,0.9127113681766135,0.9361684345174046,0.9575094353013818,0.9239759423528264,0.9661972965770258,0.935005241301464,0.9515133476881703,0.966197296577026,0.947375629157458,0.9361684345174044,0.9544316996038,0.8583244595873933,0.896239509553054,0.9625131050152522,0.9544316996038,0.9447481688519046,0.8032355692370516,0.7695919367481674,0.9529545363721537,0.9591194968553456,0.9501049319099921,0.9529545363721537,0.9529545363721537,0.9271857963192043,0.9544316996038,0.9501049319099926,0.9167305843279033,0.9544316996038,0.940966997789066,0.9019695505324468,0.9625131050152522,0.9575094353013818,0.9607848936032954,0.9559485503920393,0.9529545363721537,0.8170571011959711,0.6789531875241799,0.9989330715481036,0.7464300233487045,0.9544316996038,0.9167305843279032,0.9575094353013818,0.940966997789066,0.7792473655810658,0.9177477332861093,0.9625131050152522,0.9559485503920393,0.943467974097185,0.9239759423528264,0.943467974097185,0.9544316996038,0.9239759423528262,0.9293685115305115,0.9327167510955894,0.7172704758475081,0.946050153064081,0.9625131050152522,0.9373453016197317,0.9575094353013818,0.9167305843279032,0.7114498167743233,0.9544316996038,0.9544316996038,0.8943424304056784,0.9643133649175284,0.8544309354723381,0.9501049319099926,0.9460501530640808,0.7404406249383582,0.9515133476881701,0.7819167041703448,0.7884307121300924,0.9544316996038,0.9544316996038,0.9229213960709446,0.8485170805722069,0.9127113681766135,0.8258229735464779,0.7054246227170566,0.8342889987034598,0.8563822015167806,0.7724024658606593,0.9397435965156078,0.7563764498345805,0.9544316996038,0.9107280314569577,0.9591194968553454,0.966197296577026,0.8485170805722069,0.9625131050152524,0.7301312695908194,0.9544316996038,0.9544316996038,0.7984206482463496,0.9544316996038,0.7909759876572806,0.9447481688519046,0.8717185331373514,0.9097421633544893,0.9350052413014638,0.9097421633544898,0.7247366750367308,0.8660153996906963,0.9544316996037999,0.9239759423528264,0.7501740968189332,0.9559485503920393,0.9625131050152522,0.8981423730059301,0.8279657565412281,0.9197987094973854,0.9261077324693099,0.9559485503920393,0.8736104662007036,0.9544316996038,0.7370717638778392,0.9261077324693099,0.547069765197074,0.8858525408230951,0.8792678792793367,0.947375629157458,0.9147116017278332,0.8688726774726097,0.9607848936032954,0.6890295429509581,0.7040944445905759,0.9501049319099923,0.9643133649175286,0.9810522968844482,0.9385367079941811,0.7563764498345805,0.9591194968553454,0.9529545363721537,0.6327772218191898,0.9361684345174046,0.9239759423528262,0.9293685115305113,0.966197296577026,0.9239759423528262,0.966197296577026,0.966197296577026,0.9127113681766135,0.9282725629505144,0.5613426174286822,0.9544316996038,0.9643133649175286,0.9447481688519046,0.9447481688519044,0.8495094192726709,0.9487265052554259,0.9765837058865925,0.9361684345174044,0.6106704427300518,0.9559485503920393,0.7922363153434717,0.9261077324693099,0.7421009311387932,0.7710025811784422,0.9544316996038,0.9029316112204653,0.9544316996038,0.8456002034186682,0.9643133649175284,0.9397435965156076,0.423118324548181,0.8707710541962024,0.9544316996038,0.7667375428754115,0.8258229735464779,0.940966997789066,0.7652933686087289,0.7370717638778392,0.7563764498345804,0.9591194968553454,0.7437455951366179,0.8612222667022567,0.765293368608729,0.8225734700092826,0.9422080421889414,0.8592923977687692,0.9661972965770262,0.9422080421889414,0.9544316996038,0.9087598936651073,0.9373453016197315,0.7172704758475072,0.9127113681766135,0.830090549724642,0.9544316996038,0.9529545363721537,0.7114498167743233,0.8754988991654493,0.906805391248585,0.7959698129526696,0.815937863726996,0.9544316996038,0.784548956934989,0.8773844821970229,0.9304741538905164,0.9544316996038,0.7153521111143415,0.9487265052554266,0.9625131050152524,0.9422080421889416,0.9529545363721537,0.8621843473480633,0.9385367079941814,0.9077810309891674,0.9361684345174046,0.9177477332861093,0.9422080421889416,0.832198064937085,0.9544316996038,0.9350052413014638,0.9544316996038,0.9625131050152522,0.8504989784061947,0.6060108913463822,0.966197296577026,0.9338549253147788,0.8225734700092828,0.5206792017104241,0.9304741538905164,0.9544316996038,0.849509419272671,0.7453749365125747,0.8660153996906963,0.9327167510955894,0.9239759423528255,0.9591194968553456,0.9327167510955894,0.9315900378678901,0.92503792194028,0.5746219454076213,0.8159378637269961,0.92503792194028,0.9304741538905164,0.9591194968553456,0.8971901564492129,0.92503792194028,0.966197296577026,0.9385367079941815,0.9559485503920393,0.8971901564492129,0.9529545363721537,0.9315900378678901,0.940966997789066,0.5788484422307318,0.9239759423528264,0.9422080421889414,0.4696257967738827,0.9373453016197317,0.9529545363721537,0.9447481688519046,0.7578937685581038,0.9304741538905166,0.9117176971980805,0.7265536869993646,0.9208331242859087,0.9177477332861095,0.9373453016197317,0.9559485503920393,0.9575094353013818,0.5793457182892607,0.9048630781107279,0.9883880331853732,0.9350052413014638,0.5841604884106172,0.9591194968553454,0.9607848936032954,0.8867934927338035,0.43458681350806605,0.8802089698693747,0.9743490353345139,0.9327167510955894,0.867921623788791,0.943467974097185,0.4536489449630161,0.9544316996038,0.7210440960711653,0.8905618443793013,0.9218739081138487,0.5420678650662483,0.8650600761076825,0.9607848936032954,0.9271857963192043,0.8886765593703843,0.3907704462720022,0.9830316367629125,0.9338549253147788,0.9097421633544902,0.8849118467483816,0.8102561836643374,0.946050153064081,0.8602583085066597,0.9529545363721537,0.8952903079111565,0.8404690714821101,0.9575094353013818,0.9559485503920393,0.598650544381574,0.37101846420771345,0.9575094353013816,0.9087598936651078,0.6665960077716795,0.8435110105594599,0.9515133476881701,0.9515133476881701,0.7283517483481246,0.940966997789066,0.9127113681766135,0.9575094353013816,0.6765515156534094,0.940966997789066,0.9607848936032954,0.6147359442879855,0.9397435965156078,0.9559485503920393,0.9643133649175284,0.6408633519402385,0.9625131050152524,0.8373957982954752,0.9607848936032954
p119_I,0.9905777870351757,0.8739502986720536,0.9842496457512628,0.9595425947841236,0.9027019168030597,0.8169381887965974,0.98564998846341,0.9765061974194038,0.8157507865486253,0.639668492123751,0.9514652625474738,0.9747733305686097,0.8995478568587885,0.6894731014983027,0.9256466293616719,0.993481417070199,0.9648472157143733,0.9881021133307768,0.8021325739678646,0.8336818782271087,0.7845489569349902,0.9146756363968285,0.903464630798172,0.6549953778470862,0.9113067123177236,0.8687627046182596,0.7853092223537337,0.8654110063376461,0.8821852247529477,0.6167900998630105,0.884047291409445,0.9127113681766139,0.8905201046762894,0.8445260765476386,0.9414106494210732,0.9662757781656683,0.9059407181827079,0.7610390746299768,0.6127479292908626,0.8107723431911643,0.8295844697893859,0.9926689270744571,0.9278239868212361,0.8331840572920646,0.963768909447943,0.9760629650155648,0.9092735418441047,0.8992619910243471,0.8662187967802517,0.8140172455445058,0.6598842363568057,0.9105311204276181,0.8985975567963886,0.887635694816231,0.9701035670462174,0.892624738559076,0.8760248201914796,0.9027019168030597,0.9185886593706296,0.8964706102804101,0.820041213470607,0.8149632135444544,0.8687627046182607,0.9027640924895548,0.9162673470024436,0.8007061540031772,0.9554518077232719,0.961915706730555,0.8912185997457034,0.9874058922610381,0.6708208416646445,0.8662187967802517,0.9414106494210732,0.8913621325953613,0.9027019168030597,0.9684754976202001,0.9146756363968285,0.8848055194072815,0.7470328502433512,0.8169381887965974,0.8152256364618544,0.9100322320041924,0.8883878700557574,0.8687627046182602,0.9027019168030597,0.6942509983094831,0.9873739670043861,0.8270859930850443,0.9660786069428169,0.8995478568587887,0.9027019168030597,0.781680803964446,0.8390075417279437,0.7950040077151332,0.9726698814889383,0.8318544149375383,0.7488765473028642,0.8053281804939989,0.9103556187839577,0.7548065093948915,0.9793811540276174,0.8019720576789586,0.7102107570168052,0.830014656714707,0.8631121466811533,0.9199574485923749,0.7062343267904393,0.8622278219912967,0.9606344949981607,0.844689244202796,0.8053999466997337,0.8253371875489366,0.8992703806233999,0.8854349978333953,0.9092735418441047,0.8507953885548198,0.8058320110972779,0.6168592556746892,0.9278239868212359,0.783346560177941,0.9566547125611313,0.6441474537750421,0.7045169096299293,0.6725696438284047,0.9223933301348367,0.6148058964719827,0.9059407181827079,0.8009596797113467,0.874775722011748,0.7086934398579614,0.8338422514590496,0.9092735418441047,0.9554518077232719,0.9278239868212361,0.8934633408766897,0.6913152155111726,0.7932649583827501,0.9163268736367545,0.9127113681766137,0.8964706102804101,0.9380712437133425,0.9238013891436971,0.7493305597469875,0.9946908486625219,0.5920743362947455,0.8287530636873146,0.880449500818866,0.9624800876315094,0.8955832386010321,0.9967816801275291,0.9238013891436974,0.8901742884406569,0.7087574147507902,0.8126245319591048,0.9554518077232719,0.8662187967802524,0.8322911215575224,0.8403188628686862,0.9830332035797165,0.829088963754831,0.5629634256079794,0.9505241704836669,0.9973895362654068,0.9225920425338026,0.8470713563926688,0.7270513661976159,0.9497202690775206,0.9919812383965745,0.8868600994557605,0.8870521190855059,0.9594610274348983,0.8995478568587887,0.863705933402896,0.7548663477831055,0.7927584116092823,0.9560213724509794,0.8021325739678644,0.8631121466811532,0.9258909271026614,0.866223745346711,0.7044047225491685,0.8492868493218722,0.9917000408162021,0.9876139325764797,0.9928012683575715,0.6980382370637894,0.7465238189296217,0.8715507769439588,0.887635694816231,0.8179083071013352,0.7740271974389735,0.8617436143407862,0.9308831271199941,0.8802684434944805,0.6188941867689927,0.9027019168030597,0.7348251785689415,0.7008044880432813,0.876046088686291,0.8419165424051529,0.8991334456478843,0.9747733305686097,0.9027019168030597,0.8245502494901702,0.7803999549518672,0.6396684921237514,0.9027019168030597,0.9024090932456401,0.8376723506997308,0.7825121459579751,0.8362094227924259,0.8410748755049141,0.9371605937136991,0.9027019168030597,0.8002371032281941,0.9027019168030598,0.6900857041116129,0.9578033255232065,0.9139785783897414,0.9027019168030597,0.9683153427482922,0.9027019168030597,0.911092319827649,0.9400928876893215,0.6506380610479777,0.7819505809115692,0.9092735418441045,0.910445790658597,0.8964706102804099,0.8720455479999367,0.8241233060064103,0.9836850550673903,0.868733016855995,0.974743355552526,0.9127113681766137,0.7912426601057798,0.8074880529383697,0.9810449407223603,0.8690606617940708,0.8628742512243035,0.9132780522734492,0.7139253475160501,0.7468927370971472,0.8964706102804108,0.9027019168030597,0.813620071684588,0.9027019168030597,0.7420285531831168,0.5322801361859506,0.9590673131834124,0.9393062642835555,0.8938393798507511,0.7348251785689416,0.8354206684781547,0.8792920141466944,0.7555295798671513,0.9485451227422383,0.8271388468732181,0.719470800399834,0.8015777615520585,0.8121960642270154,0.9678776617504428,0.9371605937136991,0.9949008961315589,0.9484380790612901,0.6127479292908626,0.7849851957637808,0.8850421093017193,0.9320042986155883,0.7907172972604055,0.8093428803376042,0.9554518077232721,0.9853181939864083,0.9123222096744321,0.7906388148001824,0.9199574485923749,0.7412529058348387,0.9899775407086059,0.9048113045350052,0.8941901234996292,0.9199574485923749,0.788274091543498,0.8469079906301338,0.8172373823995642,0.9159048123846258,0.9595425947841232,0.595718914481147,0.9210828212435623,0.8656599935128615,0.8964706102804103,0.9092735418441047,0.9669745722372084,0.8344725348806163,0.7558142443945712,0.881470421439368,0.8679649469046933,0.7804789596211701,0.7481158217726726,0.9662757781656683,0.9414106494210732,0.9543121222425925,0.7008044880432813,0.6171437968101489,0.8723527603351529,0.995517599387247,0.9505241704836671,0.8955832386010321,0.854406874780346,0.967922142649255,0.9334362835513016,0.9967273700158401,0.922710111322657,0.9520331921256759,0.8767886680058823,0.8170858635596439,0.9238013891436971,0.8387472004447059,0.8336818782271087,0.9747433555525262,0.9355105445791142,0.9574369264102552,0.9092735418441047,0.9027019168030597,0.9127113681766135,0.0,0.8687627046182604,0.9199574485923749,0.9162673470024436,0.8995478568587885,0.9027019168030597,0.8966050986561025,0.987405892261038,0.9278239868212361,0.97409341219885,0.9009207691988453,0.9100322320041923,0.9981922472699298,0.9239210673151494,0.8964074133867741,0.736531607800958,0.8905201046762894,0.9344516445567388,0.719470800399834,0.8966129881495937,0.8757080024056769,0.8876356948162307,0.8287530636873146,0.9278239868212361,0.8999445522845744,0.868995909641607,0.9234901012629471,0.8934633408766899,0.8995478568587887,0.8041520964480546,0.7879908504259894,0.7984392192917837,0.8008856117902388,0.9731899869929058,0.9027019168030597,0.7927584116092821,0.9260134095145846,0.9258909271026612,0.9517647885373739,0.972304735669536,0.97059376922407,0.9027019168030597,0.9027019168030597,0.8107723431911643,0.9542850744905718,0.8635031194001558,0.9027019168030598,0.7851785317012698,0.9027019168030599,0.7434706866856229,0.8030927455898653,0.9699288236915999,0.9801193820390868,0.8452551085303086,0.9799759007960187,0.9213433666535404,0.9804341400049108,0.9027019168030597,0.812624531959105,0.9308201799299848,0.887676620804045,0.8596579444136232,0.9086236786089272,0.6176724033943758,0.9092735418441047,0.8430049329700071,0.9027019168030597,0.9039983688207388,0.9284324089745186,0.7855447620011453,0.9334765811886236,0.9458556185436358,0.953374911435495,0.8655713208380975,0.9027019168030597,0.8714083569770366,0.9277328916000213,0.9027019168030597,0.9086236786089275,0.7759327216332992,0.7328240664058854,0.9812751263311442,0.8556063329356027,0.9027019168030597,0.7766167924667319,0.9436197690350743,0.9162673470024436,0.9043518922323698,0.9982093700043444,0.8457801448839237,0.8243737901066761,0.9150859699484077,0.9092735418441047,0.8716160182705619,0.7825121459579751,0.9977218791928772,0.8811787303088878,0.9885259425016268,0.9977340295927692,0.9080208724124175,0.9127113681766137,0.7135493648879339,0.9027019168030597,0.9199574485923749,0.7809933907212754,0.8275395565812498,0.9514652625474738,0.7968266435591356,0.8964706102804101,0.9848556756523892,0.9059407181827082,0.8964706102804101,0.8848055194072819,0.6327932917807784,0.9898131261783945,0.7683411647806693,0.8393030050101705,0.9410875626877445,0.8841260485131919,0.9238013891436974,0.8876356948162312,0.7777882996052315,0.9032901469579646,0.7914731738068147,0.9238013891436974,0.8484502622519186,0.8908821080541922,0.9093551041195139,0.901671984386154,0.882025504197234,0.8364350703060379,0.8432226863185215,0.8445260765476377,0.6351126547684957,0.8630126906922277,0.8483134108505914,0.9188016156964056,0.9818749943123345,0.8563358498618105,0.743923081563306,0.9707026112324978,0.950270234291974,0.8923850346102593,0.9670412730161674,0.9555299319100917,0.9054634422475794,0.935670715111806,0.9394399552106527,0.9758929849606888,0.9152152511721428,0.9148398629299053,0.9356707151118056,0.9132780522734492,0.8620181183273727,0.6369695431207096,0.9226406470081114,0.7447317881469036,0.7972565144006394,0.8964973292196508,0.8484509035411583,0.9892939624713671,0.9944713042228925,0.7284056255335671,0.8544068747803473,0.6782334100972081,0.8923850346102594,0.9590673131834124,0.6631775852479829,0.8665497346618454,0.8545403213235455,0.8331840572920641,0.9371605937136991,0.8995478568587885,0.9180194268605668,0.8948598124012336,0.8934633408766901,0.8788229963962437,0.9027019168030597,0.9606832254354423,0.9027019168030597,0.9027019168030597,0.7208060714433662,0.8406264652017018,0.9210828212435627,0.9027019168030597,0.9777689760877584,0.9343022715360703,0.9636818533225947,0.8105652602158295,0.812624531959105,0.8850096515845597,0.7703137633219297,0.7757099531293095,0.7812720595012725,0.6216627463524839,0.9075489346049832,0.9162673470024438,0.8422241792803136,0.9899157444943294,0.7240685166893053,0.8563358498618108,0.890520104676289,0.7374158427411275,0.71447016993469,0.772821503966566,0.9806023894054638,0.9092735418441047,0.9659228568020359,0.7588230416072197,0.8556695017783704,0.8766017896141822,0.7456959504509193,0.8179083071013349,0.8667965967839737,0.9080208724124175,0.8106278362805933,0.9092735418441047,0.882025504197234,0.77474007892987,0.9102500073981143,0.8178564501940147,0.9747110761045923,0.9554518077232719,0.964680230981305,0.7853092223537348,0.9925237875286486,0.9568123551254295,0.9876139325764797,0.9794817945104304,0.8587660956447001,0.9190333185494638,0.9974638211641942,0.8306084513846335,0.9125999448580098,0.8234363774878546,0.9473257685964234,0.9655943695052815,0.9362058468206162,0.9027019168030597,0.9127113681766137,0.9418243114872846,0.9811718853428998,0.938709288897849,0.9473257685964234,0.8964706102804108,0.8602938662446971,0.856309003964324,0.9977218791928772,0.8606349592567033,0.9723047356695365,0.8453495041545117,0.915215251172143,0.8010158943292127,0.8964706102804101,0.8655713208380973,0.8967373287270356,0.8599048430053958,0.9665301256886063,0.7625830202554214,0.9906231570613016,0.9911898930381564,0.9816144383588516,0.8169089980396517,0.9014705247263548,0.9387092888978488,0.8840472914094453,0.6881718386495925,0.9433214104887524,0.9343996803735811,0.9544636389754206,0.8820650675489385,0.8162105150575749,0.9371605937136991,0.756491273681803,0.995047930904774,0.9278239868212361,0.9327539191943888,0.9092735418441047,0.9709810743942586,0.9817623833630771,0.9926689270744571,0.6677966579429218,0.921972617757114,0.9113067123177234,0.8273272241564982,0.8848055194072812,0.9371605937136991,0.9554518077232717,0.7658906239201642,0.9027019168030597,0.634604807432809,0.798794705450997,0.8152444128470531,0.6788872179722193,0.9027019168030598,0.8984073104123333,0.9252906766304744,0.8667965967839737,0.8785462170031446,0.8387472004447054,0.781680803964446,0.7723771082592115,0.711774553849948,0.9678021884284396,0.84341890512729,0.7139141755418523,0.8286368927914733,0.9162673470024438,0.7072649572649583,0.8760248201914795,0.9669745722372083,0.960712445103687,0.9700808834258973,0.9678021884284397,0.7008044880432813,0.9788715516976696,0.887635694816231,0.6157555737858553,0.7876282222528321,0.8918166964851633,0.7988876253130304,0.9662757781656686,0.9801193820390868,0.7914731738068151,0.8719825163118956,0.7886206233374036,0.8995478568587887,0.9554518077232719,0.9291552782955319,0.8995478568587887,0.8995478568587887,0.974743355552526,0.9027019168030597,0.7853092223537341,0.8005470695958363,0.9027019168030597,0.8174540002737911,0.9555299319100916,0.9199574485923749,0.9092735418441047,0.9162673470024436,0.9857705189045636,0.8995478568587887,0.8899925381311995,0.7281124483054622,0.8766017896141824,0.9069224002316647,0.9027019168030597,0.9165147019879718,0.843222686318521,0.8739518939582047,0.9046212832525706,0.8901976887409982,0.9199574485923749,0.7348251785689419,0.8325757023140449,0.8599048430053959,0.8645904004850739,0.9027019168030599,0.8851067435299687,0.7241533435780085,0.7557039684713079,0.743904353772125,0.9152152511721429,0.9662757781656686,0.928230110474286,0.9505241704836671,0.847703440998535,0.7504899141924712,0.9027019168030597,0.7489194896348184,0.7946243785096658,0.6396684921237514,0.925627209162411,0.9291552782955315,0.9181353909773777,0.8178313520885738,0.8964706102804101,0.8994838157198924,0.9364763920097403,0.9027019168030597,0.9027019168030597,0.9899775407086058,0.7005958438369033,0.5931899641577068,0.7506936204402774,0.863828185456252,0.9474066389847438,0.8318499072920877,0.867292946311931,0.8713396701567189,0.8782211843749224,0.9027019168030597,0.7861693205705471,0.9127113681766137,0.6127479292908626,0.9601177773826044,0.9199574485923749,0.9533749114354952,0.9027019168030597,0.9027019168030597,0.8492543854023227,0.8263369548708457,0.9312865699690451,0.9473257685964238,0.9830332035797162,0.9188016156964056,0.9182141149920253,0.7243298006755161,0.9091043718518446,0.8533619498398071,0.9027019168030598,0.7842991414316778,0.8713095729071672,0.9458556185436358,0.9199574485923749,0.9064877137327916,0.9186365146697737,0.856342847871026,0.7457537563550609,0.9059407181827079,0.8963717468217862,0.9027019168030597,0.7539168039343551,0.6684996192866945,0.9696769519198195,0.9334431585534132,0.8428421970076049,0.9557539823910066,0.8410748755049142,0.8798965768234067,0.9162673470024436,0.7482376773236084,0.9414290864257571,0.9648472157143733,0.9791919178046249,0.8515474244094854,0.8687627046182602,0.7261763009939051,0.7026246759034634,0.8995478568587887,0.7623006060359165,0.8637059334028956,0.8095010419562505,0.9825178958984895,0.9278239868212363,0.4314725340876593,0.9700808834258974,0.970080883425897,0.8592500689274885,0.846846556117637,0.8010095457376827,0.9027019168030599,0.9723047356695362,0.8820255041972334,0.8820255041972331,0.766648496543394,0.925364186745663,0.8995478568587885,0.9793811540276174,0.7968622910970984,0.5352506767643028,0.7791936776841791,0.9260134095145849,0.6957368772581862,0.8196232327997999,0.9027019168030597,0.7604017539386013,0.9027019168030599,0.6971762144996898,0.639668492123751,0.9769987586961084,0.8739518939582045,0.9831964801830024,0.9027019168030597,0.7096646114842384,0.9689571710497354,0.5705787156593859,0.8631477900199123,0.908542798677987,0.8782211843749221,0.9127113681766137,0.761804687343383,0.7392683377271299,0.6952527510895607,0.9225920425338026,0.714950134008761,0.8931658787453034,0.9788715516976696,0.8092073824034662,0.9801193820390868,0.9069400111591195,0.9249476804218122,0.7789975679726742,0.6388199614006069,0.9911898930381564,0.865045687488859,0.8995478568587887,0.7858216097656447,0.938709288897849,0.9369247764340931,0.9540974131468072,0.9927443921554298,0.9027019168030597,0.8277887963565074,0.7381896022300454,0.7434706866856222,0.9027019168030597,0.8867842503758101,0.9950523508844094,0.9199574485923749,0.9663027963946421,0.8995478568587887,0.9198044465988977,0.9881021133307762,0.9110462841919128,0.7603495995667576,0.8481595002027027,0.9394399552106527,0.9697339322440609,0.9027019168030597,0.9962981125733231,0.9027019168030597,0.6631775852479829,0.9197760771895613,0.860203126714369,0.6127479292908626,0.9149541032668207,0.976929393068898,0.9106265055726182,0.8515474244094852,0.9027019168030597,0.8359836380551868,0.9299541949414272,0.7812413040700836,0.9117587329570798,0.837672350699731,0.9127113681766141,0.8563358498618108,0.8452551085303087,0.9053490782134382,0.7947975198038113,0.9260331089178511,0.9053490782134382,0.8785462170031448,0.6171437968101491,0.8010280162855912,0.9053490782134382,0.6127479292908626,0.9284324089745184,0.9458556185436358,0.862675186278854,0.6114865640273738,0.8999487113882563,0.9100322320041924,0.9842496457512628,0.837672350699731,0.9663027963946421,0.8853068944247944,0.8401367850119444,0.9747733305686097,0.7914731738068149,0.8925827567960467,0.7434706866856224,0.8567770643879915,0.8503081414138771,0.879870552078218,0.9433023405868113,0.8695012268327253,0.7348251785689416,0.9092735418441047,0.8341377178323204,0.8830656009007654,0.8612222667022578,0.9752059632817929,0.8992619910243471,0.9981922472699296,0.9162673470024438,0.9690494654146458,0.8587660956447005,0.7824844628151767,0.9967324534170479,0.8942611762094798,0.9718422625075005,0.8325757023140447,0.8812768771799535,0.9027019168030599,0.8967517297774803,0.9560213724509794,0.8210981079545486,0.8318544149375382,0.9636040380610225,0.9162673470024436,0.9731697328455182,0.9625997457049518,0.8687627046182593,0.8934633408766897,0.9726698814889384,0.6351126547684955,0.8015777615520582,0.7562603250241404,0.8152256364618549,0.967877661750443,0.6867120377371949,0.8372919983568757,0.8625915303340776,0.9505241704836669,0.9059407181827079,0.9684754976201999,0.861222266702258,0.9917747991232295,0.8273272241564982,0.9628894509643282,0.9224767797292569,0.9204726162303584,0.8964706102804105,0.9213433666535404,0.9665301256886063,0.9961400606561899,0.6782201717602716,0.955858940084024,0.9100322320041924,0.9606832254354425,0.8376235103113385,0.8556695017783705,0.8545698796517252,0.639668492123751,0.965420469600959,0.6631775852479829,0.9051891110898551,0.9162673470024438
p119_M,0.8977398394976785,0.7673494041985991,0.9097115979774821,0.8220836588712388,0.9821075314053485,0.9840677331869968,0.827168795002949,0.8604301216710666,0.8702630231263386,0.9463456194504827,0.9624721270225209,0.9292677720165115,0.9292677720165115,0.6808598964884567,0.7404625210046393,0.8454267695073419,0.7949735088840671,0.8973361621876467,0.9957912204911727,0.9463456194504827,0.79846231678776,0.78419756795239,0.9541968529441154,0.9337692322192535,0.8338041302188691,0.9075907590759071,0.6549519781563353,0.8872955140291618,0.9902272378284809,0.7385185116412762,0.8988405313927084,0.9385367079941818,0.9229109835440807,0.802965244234423,0.9314886672615055,0.8140817399578927,0.9337692322192532,0.8948285561208531,0.949178085609155,0.633406903513579,0.7565304409380423,0.9094052998937732,0.9491780856091547,0.8825384613814427,0.841647352459978,0.7379948684824328,0.9900588676412958,0.8657807842755789,0.5182085032569277,0.8540589702876249,0.9385367079941818,0.9207232134989223,0.9075907590759071,0.9208799593226005,0.9229109835440807,0.9418468054117539,0.5287191990638203,0.931488667261505,0.9105864773021777,0.9271009640247969,0.8732840781850195,0.8883793766163806,0.7022630834512018,0.8642985447139286,0.3619751705946306,0.8303845584221972,0.8937900805723635,0.9014073606955537,0.9935697940021135,0.9957912204911729,0.8272248575326699,0.9057994954598185,0.9314886672615055,0.7662354834447609,0.931488667261505,0.8468584144181488,0.9169296077473637,0.6888478461551486,0.7616769526263933,0.9840677331869968,0.9624721270225209,0.951599083741091,0.9157575744752315,0.9075907590759074,0.931488667261505,0.7069994547107255,0.869589803466746,0.7365058536917068,0.8851446183863341,0.9292677720165115,0.931488667261505,0.39463055589930196,0.6395057148039137,0.8042798049713866,0.9372898940428274,0.8657807842755789,0.4615689780573198,0.8482926115779146,0.7570723931408849,0.7555267484019457,0.5665359130298512,0.9559982666090144,0.8660358761631226,0.6136155529611745,0.9984044428477474,0.9436389526644005,0.8476987069226548,0.7266223447560172,0.9150048519840792,0.7692505156398977,0.4992774343656785,0.8129387210769572,0.78369326171423,0.6513481659583786,0.9361160018916066,0.7946457814751036,0.9208799593226003,0.9436389526644005,0.9840677331869967,0.8326297792476778,0.9148306285598002,0.48278043515298097,0.7082086213203433,0.9713162545723915,0.9856199905704857,0.6701151105328302,0.9337692322192535,0.837130768868159,0.9784534179462063,0.885698841863535,0.8283808154149455,0.9361160018916064,0.6702257986610909,0.9491780856091547,0.374908916700873,0.9309653756206253,0.8368800800587333,0.9944277784720001,0.9385367079941818,0.9271009640247971,0.8905863089650421,0.9463456194504825,0.7632014178211766,0.5922116016669554,0.499562640789484,0.8794184279003856,0.9675149084633379,0.7869927119133115,0.9057994954598187,0.6741002898710923,0.7999458096653717,0.8732840781850193,0.8114885606261029,0.8923529322982768,0.8937900805723635,0.905799495459819,0.57423417453176,0.9493488602252984,0.9271301412483195,0.5633955705937421,0.7767884425669864,0.9559982666090147,0.7255655856453281,0.7332415752367158,0.8613500083222572,0.5464650729727076,0.8371307688681591,0.9315324475602098,0.9372898940428271,0.814618834533186,0.8573895994669336,0.9292677720165115,0.9040300914457235,0.7509796841765062,0.9455399698608216,0.6717842511345372,0.9436389526644005,0.8758504577723429,0.6254702662529452,0.9910204827217465,0.8809736567579463,0.8497295588315188,0.8690696247580944,0.9292677720165115,0.8099750192678042,0.6501769304120586,0.8807823590556036,0.8968738879834461,0.9208799593226005,0.8882873058668224,0.9271009640247969,0.9003351095025167,0.9719407501298676,0.7599810448001385,0.8732840781850193,0.931488667261505,0.9337692322192535,0.9749771166196228,0.8657807842755789,0.9253976804330456,0.9097115979774826,0.9292677720165115,0.931488667261505,0.9225173144284353,0.9558759674139432,0.9463456194504827,0.931488667261505,0.9342011263032906,0.9186550120230907,0.8738785982281663,0.8311304467336682,0.6431543096142227,0.4313188308974578,0.931488667261505,0.8057060011361057,0.931488667261505,0.9669996831954379,0.9879380409531974,0.9253976804330455,0.931488667261505,0.7494884627155711,0.931488667261505,0.8496735663853346,0.9056384037386231,0.7463142775602836,0.9611066658321248,0.4705124748618099,0.7130998968707805,0.9271009640247971,0.9541968529441154,0.9169296077473639,0.5764437190645026,0.7198742838044143,0.9926947949559497,0.7261168691389082,0.8642985447139286,0.8526125248565162,0.8687627046182607,0.7360785246134196,0.885698841863535,0.885698841863535,0.92498342966047,0.40216529971222004,0.9271009640247971,0.931488667261505,0.8687627046182604,0.931488667261505,0.640501723428877,0.8176956267004644,0.938536707994182,0.902281245937693,0.691383927482312,0.9337692322192535,0.8841133455738344,0.9150048519840792,0.5004571210312758,0.8631878595663138,0.8128142530789668,0.9361160018916066,0.4911990966355333,0.8269664944023676,0.7899002280072174,0.9292677720165115,0.99912262812238,0.622069395302772,0.949178085609155,0.7752272051820446,0.7752272051820448,0.9094052998937732,0.8255524180203793,0.4525169718846984,0.938536707994182,0.7956809360555233,0.7266223447560174,0.9736915295323993,0.9436389526644005,0.7692505156398974,0.9493488602252986,0.523793504011841,0.8366797219928648,0.9436389526644005,0.8236340386243199,0.7935225456190673,0.8847133352807127,0.8628217153184266,0.43371831231858804,0.9559982666090147,0.8905248145511357,0.7397414321423517,0.9271009640247971,0.9361160018916066,0.9900588676412958,0.6598989712921828,0.9352213936467461,0.7282888520649495,0.8042798049713866,0.8722984813209289,0.8363241429134998,0.753511913113466,0.3598472347246927,0.5950074367613627,0.9292705781907256,0.938536707994182,0.7551406423489795,0.8917796312811821,0.9559982666090147,0.7870047705224475,0.8872955140291618,0.8062508472758375,0.8778722974583608,0.8439974845602787,0.6437562784970169,0.8661899480672873,0.8009915962798424,0.4615448083643918,0.7999458096653719,0.9304071958786946,0.9463456194504829,0.8370219043693605,0.885698841863535,0.7455040732750307,0.9361160018916064,0.931488667261505,0.9385367079941815,0.8687627046182604,0.0,0.9436389526644005,0.9410406098239261,0.9292677720165117,0.931488667261505,0.9150048519840792,0.9436389526644005,0.6502968271677556,0.9427716030828814,0.8582085951141722,0.5237935040118409,0.9385367079941818,0.7752272051820446,0.5995256883006488,0.9150048519840792,0.922910983544081,0.5691188494995563,0.9361160018916066,0.8905248145511357,0.6359965055496799,0.9208799593226005,0.8794184279003854,0.9173135519831482,0.6838280318363479,0.4623986428850424,0.7005689296405766,0.7949735088840669,0.9292677720165115,0.9635486589672584,0.509652146966568,0.7397414321423517,0.7413488062196423,0.6220067417599323,0.931488667261505,0.8028518170159558,0.8889039599111501,0.24646449622153133,0.8889039599111501,0.9463456194504827,0.791349526315698,0.931488667261505,0.931488667261505,0.9057994954598185,0.8702630231263389,0.5136995116745948,0.931488667261505,0.9902272378284811,0.3598472347246926,0.5749420747013698,0.8613500083222572,0.7164488397748485,0.9821075314053485,0.4591549837227412,0.6988053324380337,0.614247618486427,0.6647237223479168,0.931488667261505,0.8397219435105803,0.3466158683851326,0.6987539300174235,0.7458100200427333,0.9240483327121626,0.6498660018519149,0.9361160018916064,0.7249477881963577,0.931488667261505,0.6619722235834544,0.8583215464403577,0.8099750192678044,0.7324065931778949,0.9337692322192535,0.752630106536853,0.8036983259533208,0.931488667261505,0.8598831469664705,0.8023131191052217,0.931488667261505,0.8971465330611363,0.9932134042965599,0.8664865851540517,0.6290934728236337,0.7332415752367158,0.931488667261505,0.8326834153611178,0.8774820208056917,0.9427953535791662,0.750773252636797,0.8283955190823629,0.9056384037386234,0.8763348124829184,0.5403925639719147,0.9361160018916066,0.8917796312811821,0.8468584144181488,0.7581991044312648,0.8251338051460986,0.5334766105335089,0.8758504577723429,0.9131105611405985,0.9385367079941818,0.6242338519566235,0.931488667261505,0.9436389526644005,0.9551003397811708,0.8104503048912546,0.9624721270225209,0.9022812459376928,0.9271009640247971,0.9904940706261791,0.9618384623739507,0.9271009640247971,0.6888478461551489,0.9314886672615055,0.9900427159691708,0.9150548293356047,0.43807899022157215,0.9436389526644005,0.792796001753074,0.9463456194504829,0.9654186216767147,0.9952831447476325,0.8847723820598259,0.9596257255045415,0.5462372387812251,0.9639313389449126,0.8872955140291618,0.9931905395122682,0.9094052998937732,0.9169296077473639,0.8687627046182604,0.9361160018916064,0.8905248145511357,0.6690294376269588,0.8340434463867707,0.7659200019720258,0.8934655458176233,0.9188871236697298,0.8988405313927084,0.5950318243597379,0.7583864817626682,0.7037887672721752,0.9716572732363806,0.7935225456190673,0.5666106385661844,0.8954688163631979,0.9112446674143933,0.9131105611405987,0.6243900819052655,0.9188871236697298,0.7999899992499379,0.9112446674143935,0.8506517968600197,0.6898986661254143,0.9900588676412958,0.8130722339870082,0.8826367914085809,0.7406741701589029,0.8642985447139289,0.9436389526644005,0.7021971410788314,0.881885284132554,0.9410406098239261,0.9794716829124543,0.9349950396117984,0.9716572732363806,0.9385367079941818,0.9436389526644005,0.7025429911190355,0.6072356769281084,0.8268320340133396,0.9231752901944043,0.9784534179462063,0.7616769526263936,0.8748055425712833,0.92498342966047,0.7184772329562334,0.931488667261505,0.9410406098239263,0.931488667261505,0.931488667261505,0.7555267484019457,0.9131105611405987,0.5645686232898568,0.931488667261505,0.7429494188247934,0.7811388502627223,0.9186550120230906,0.7006285013132103,0.8660374379044287,0.8918149439761511,0.4982231629739279,0.8687627046182607,0.7840725527723569,0.9229109835440807,0.8738785982281662,0.9410406098239261,0.8889039599111501,0.8091487765829183,0.8057060011361057,0.44887795999014535,0.9229109835440807,0.9749771166196228,0.6819083935000065,0.9410406098239261,0.4261593660554158,0.9900588676412958,0.48780100877651456,0.9169296077473637,0.9490704397550973,0.9541968529441154,0.7956809360555233,0.9598093595575028,0.8732840781850195,0.9131105611405985,0.8921587537070734,0.9361160018916064,0.9169296077473639,0.8052500042637565,0.9201801104717734,0.807130523105005,0.8249931661626662,0.938536707994182,0.7848707752077251,0.9249834296604704,0.7892467177019258,0.5715308279805202,0.8739896442647098,0.6987539300174235,0.9372898940428271,0.9173135519831483,0.6471217056732832,0.8161240709434594,0.8687627046182604,0.6733641552206737,0.656109214680856,0.8748055425712831,0.9204927188491177,0.931488667261505,0.9385367079941818,0.9539119155583538,0.9314886672615055,0.7981214942939561,0.9169296077473634,0.9271009640247971,0.9524957073457169,0.7300052281902651,0.881457979841816,0.7365058536917068,0.9463456194504827,0.6681013542731123,0.9188871236697298,0.8198957816506443,0.9271009640247971,0.9684760986278473,0.8047993530669151,0.5540462654240189,0.44308467135844587,0.9048452935938178,0.864485505316996,0.6603013311286527,0.8156492020535615,0.9926947949559497,0.7722474481848005,0.6765389153479942,0.8988405313927086,0.9463456194504829,0.41515243389044965,0.9337692322192535,0.9891165082163906,0.9284324089745184,0.8555090199358881,0.9292677720165115,0.6640301842398464,0.5691188494995562,0.8505593707793003,0.836880080058733,0.9361160018916064,0.40392701567713396,0.9539119155583538,0.909405299893773,0.8672687335363696,0.8112565758885595,0.9150048519840792,0.8628217153184266,0.9188871236697294,0.9292677720165115,0.9385367079941818,0.9491780856091547,0.931488667261505,0.890524814551136,0.6882282171572314,0.7397414321423519,0.8322006862700796,0.931488667261505,0.8425703725337486,0.6097559365692997,0.8732840781850195,0.5749420747013705,0.8702630231263386,0.7841989497283037,0.83972194351058,0.6799760367173898,0.9395449643646787,0.6375850749256669,0.7985559379258662,0.8431710369363272,0.9410406098239261,0.8328887736004501,0.4909024850977898,0.9559982666090144,0.521090095264463,0.7170510083716037,0.902281245937693,0.8335182730010737,0.7170510083716042,0.9208799593226003,0.9825197666561853,0.8660358761631226,0.8664865851540515,0.8439974845602787,0.9436389526644005,0.9314886672615055,0.9596257255045417,0.6876300672459117,0.7332415752367158,0.9292677720165115,0.9385367079941818,0.92498342966047,0.9292677720165115,0.9292677720165115,0.890524814551136,0.931488667261505,0.92498342966047,0.8748055425712833,0.931488667261505,0.6045023366652356,0.704890837751256,0.9436389526644002,0.9361160018916066,0.9410406098239261,0.9337692322192535,0.9292677720165115,0.6640301842398464,0.8085534893437152,0.9131105611405985,0.7855342689816798,0.931488667261505,0.3543729282452107,0.9559982666090147,0.9112446674143933,0.7215739138624444,0.6571016191110701,0.5112326057357576,0.9859653849226513,0.9150048519840792,0.8176956267004646,0.9987351912497631,0.9314886672615053,0.885698841863535,0.9318380992827058,0.8474944374784016,0.9202801557251545,0.9503578662718964,0.9957912204911729,0.47980903650471174,0.9361160018916066,0.8476987069226545,0.83319547230433,0.931488667261505,0.9314886672615053,0.867594407168832,0.9463456194504827,0.7609405393514435,0.9816688831877088,0.8196028562135227,0.7632014178211768,0.9271009640247971,0.718165979783122,0.7094885905953818,0.931488667261505,0.931488667261505,0.8841133455738344,0.7300052281902651,0.7732190692441923,0.9984080678451426,0.791349526315698,0.6955274882432101,0.9910377603949916,0.7518132608352319,0.3766221826023929,0.7698039090034989,0.931488667261505,0.8657807842755789,0.9385367079941818,0.949178085609155,0.6168808364573259,0.9436389526644005,0.7722474481848007,0.931488667261505,0.931488667261505,0.6950913301828023,0.9166547403069657,0.7059510468823944,0.9169296077473637,0.5208716152924329,0.8642985447139286,0.9022812459376932,0.9809665491287067,0.7994660655825332,0.5412659972569218,0.931488667261505,0.5540462654240186,0.7539755036479487,0.9337692322192535,0.9436389526644005,0.8468584144181488,0.8073407474899136,0.8038156961871353,0.5386258774698416,0.9337692322192535,0.8341295003055758,0.931488667261505,0.7662354834447607,0.8753730319516106,0.8642985447139286,0.6390634024195574,0.9911326859086307,0.9208799593226005,0.8717700291221542,0.5312701363746702,0.9410406098239261,0.8227244392370432,0.814232201299866,0.92498342966047,0.9463456194504827,0.8954688163631976,0.9075907590759074,0.7477120255242755,0.9385367079941818,0.9292677720165115,0.8326266896887442,0.9040300914457235,0.8506517968600196,0.893806497800568,0.9491780856091547,0.9824764774982423,0.9491780856091547,0.9491780856091547,0.44503569528477227,0.8921587537070734,0.8598831469664707,0.9314886672615055,0.990227237828481,0.78419756795239,0.9169296077473634,0.591580471623123,0.9229109835440812,0.9292677720165115,0.9040300914457235,0.856962905032647,0.9337692322192535,0.8127749121539052,0.8889039599111501,0.7616769526263936,0.7315983196574264,0.931488667261505,0.39463055589930196,0.9314886672615055,0.7164488397748487,0.9463456194504827,0.8922690007996057,0.9112446674143935,0.6918618611767927,0.931488667261505,0.7365058536917068,0.6471217056732832,0.9112446674143933,0.7381271605259623,0.7662354834447609,0.7477120255242755,0.9385367079941818,0.7601473737062716,0.8611574509681617,0.9764526702094013,0.6535845456199016,0.8403716880382992,0.5631842840672301,0.8505593707792999,0.9541968529441154,0.5623226913000636,0.8628217153184266,0.9406026375313143,0.7826074507426823,0.8687627046182604,0.638258543558291,0.9314886672615053,0.9292677720165115,0.7869927119133118,0.7494884627155713,0.8830921577214085,0.6987539300174235,0.6878824869204272,0.931488667261505,0.7147226992664311,0.7925683637873943,0.716165837084152,0.931488667261505,0.7840725527723569,0.8036983259533207,0.9436389526644005,0.9131105611405987,0.9292677720165115,0.9272671679623037,0.9075907590759075,0.9763704274834926,0.9418468054117537,0.6571016191110699,0.7992853962347819,0.65580712053669,0.931488667261505,0.902281245937693,0.931488667261505,0.9436389526644005,0.5888771103329691,0.8439974845602787,0.949178085609155,0.9005517611723417,0.9601714851915931,0.8717700291221542,0.6102480152970655,0.931488667261505,0.8190737099309676,0.7809058762859376,0.9656661817822727,0.48511582157998734,0.8856988418635352,0.9385367079941818,0.8988405313927084,0.8971465330611363,0.9206037147937578,0.8555090199358881,0.70969183816158,0.9206037147937578,0.8954688163631979,0.9496811510501819,0.8454267695073419,0.9206037147937578,0.949178085609155,0.507190004714756,0.9337692322192535,0.5365238587801553,0.972360936124099,0.8971465330611363,0.6045023366652359,0.937537911822411,0.9186550120230905,0.9131105611405985,0.884113345573835,0.9057994954598185,0.9292677720165115,0.9596257255045417,0.8564652887268245,0.8573895994669336,0.7478642586516344,0.9796222466236468,0.8809736567579463,0.9074390503766525,0.6718063702657966,0.9337692322192535,0.9361160018916066,0.9847054942282473,0.6639479679546786,0.902281245937693,0.7623452882194368,0.9245460758162973,0.9385367079941815,0.9410406098239263,0.9062028679268261,0.9005517611723417,0.6106966542739221,0.8889039599111501,0.8474944374784016,0.8725575745001677,0.7500737909531854,0.8971465330611366,0.9314886672615053,0.8025144902643524,0.5421119989568484,0.7945398668349822,0.8951634300459381,0.8676589128570722,0.826631316982259,0.9732485449091124,0.9354106706034486,0.9075907590759071,0.5149304474286045,0.9157575744752318,0.9898664497675986,0.902725873175934,0.9975679124131007,0.9939428696246877,0.8595361003666411,0.9784534179462063,0.7586346782979146,0.9272887707692241,0.4165696091121207,0.9859653849226513,0.8468584144181488,0.9022812459376923,0.6862839378605677,0.7317674612029945,0.8156492020535613,0.9661176394865519,0.7377659678114223,0.8813944255958998,0.7737394162043594,0.9919535000677886,0.5345402518191595,0.9361160018916066,0.8099750192678044,0.9515990837410908,0.9410406098239263,0.8555090199358883,0.9715992805222544,0.9096423096705524,0.9463456194504827,0.9933429596111354,0.9436389526644005,0.91100904989906,0.9410406098239261
p119_N,0.8312173911187126,0.9517441295565183,0.6138094444949616,0.9362456943690349,0.9582144552981327,0.9690033562225546,0.8583462338175076,0.8322437174658709,0.9208725034246266,0.9672758151492922,0.305152894515638,0.9568599156354454,0.9568599156354451,0.9362456943690349,0.9264564493231808,0.9057246972976492,0.9542468650366516,0.9436389526644002,0.965625,0.9672758151492922,0.9074725945748128,0.32152664978164625,0.9470055188469617,0.9596053879391779,0.33689100317770826,0.9436389526644,0.9542468650366516,0.9312607396704553,0.9672758151492922,0.8151543300838582,0.9383021271292233,0.950716529670402,0.9529828655437629,0.9332303128187658,0.9582144552981327,0.965625,0.1490201725853415,0.9529828655437629,0.9690033562225546,0.942546448360206,0.9172347260035334,0.9447456538980155,0.9690033562225546,0.9283593797331273,0.9542468650366518,0.87450538386682,0.11775954848708015,0.918138754358939,0.40169060016490543,0.9109895373928902,0.9625131050152524,0.876261827348312,0.9436389526644,0.9517441295565183,0.9529828655437629,0.941467276381333,0.941467276381333,0.9582144552981327,0.7847770412204684,0.2268615547293238,0.9227150661971699,0.861092113458608,0.9436389526644005,0.9172347260035334,0.964040252388596,0.8555748757838357,0.9625131050152522,0.8814987207179201,0.8184753916628578,0.965625,0.9352318345617441,0.942546448360206,0.9582144552981327,0.8574253737916122,0.9582144552981327,0.6319677171849858,0.9493347822888889,0.9505286850464207,0.7635098746985826,0.9690033562225546,0.9505286850464207,0.9458674971126173,0.9393458182324887,0.9436389526644002,0.9582144552981327,0.932241742150131,0.9493347822888889,0.839293063072188,0.6059690156007205,0.9568599156354449,0.9582144552981327,0.9541896299485404,0.861092113458608,0.8806288736252947,0.9393458182324887,0.9181387543589391,0.9519058911033429,0.6706738076877616,0.8518367404342477,0.8508940408143362,0.941467276381333,0.9610366993022685,0.9582144552981327,0.8832354238447049,0.6769170045464781,2.220446049250313e-16,0.5498119605838785,0.8332650413138045,0.9481608601832734,0.8592642631772309,0.8979178384019253,0.9447456538980155,0.8412664651734412,0.538507266061247,0.11775954848708015,0.8217392653025242,0.9517441295565183,0.9656250000000002,0.9690033562225546,0.8832354238447049,0.9283593797331275,0.9057246972976494,0.9481608601832734,0.9383021271292231,0.9436389526644002,0.7988008809007465,0.1490201725853415,0.8858340936764979,0.9568599156354454,0.9302869180633684,0.8953282497576125,0.9610366993022685,0.9625131050152524,0.9690033562225546,0.9542468650366516,0.9088679893884184,0.9005120111662777,0.9625131050152524,0.08301287652694123,0.9555383641697377,0.7861013304270679,0.04802371343395373,0.8555748757838357,0.8944656454039723,0.9074725945748126,0.9264564493231808,0.9118739328932484,0.8700853537305533,0.942546448360206,0.827060148923404,0.9672758151492922,0.9227150661971699,0.7099187434240761,0.9022452837148789,0.9625131050152524,0.9425464483602062,0.913649887598424,0.9293199127017768,0.707776221292472,0.9057246972976494,0.8412664651734412,0.9610366993022685,0.9458674971126173,0.8373021566360079,0.5935012569881961,0.9312607396704551,0.8858340936764979,0.5846688068540971,0.9393458182324887,0.8727426055411924,0.9362456943690349,0.2031772652664633,0.9414672763813332,0.8700853537305534,0.7141183525888175,0.8996466204791784,0.9656250000000002,0.8936031902522537,0.9342268638258988,0.906597867618917,0.9274049943645879,0.9083489988323226,0.9414672763813328,0.9568599156354451,0.8841024249642824,0.7141183525888184,0.8832354238447049,0.9190462651000917,0.9517441295565182,0.9372689456075765,0.9555383641697375,0.9208725034246268,0.7650180104070299,0.827060148923404,0.9227150661971699,0.9582144552981327,0.9596053879391782,0.9555383641697377,0.9181387543589388,0.7459031338420239,0.9109895373928902,0.9568599156354451,0.9582144552981327,0.6820709685360269,0.827060148923404,0.9672758151492922,0.9582144552981327,0.8629094882524135,0.9302869180633684,0.9065978676189168,0.8823675467067157,0.9217916370027818,0.9568599156354451,0.9582144552981327,0.8814987207179201,0.9582144552981325,0.777991703255195,0.8674107520354712,0.8647169462584842,0.9582144552981327,0.698903104201752,0.9582144552981327,0.7573308431791724,0.9236430180495616,0.9312607396704553,0.6632614409621944,0.9610366993022685,0.8117728822598584,0.9555383641697375,0.351347550686809,0.9493347822888891,0.9227150661971699,0.8291493513794035,0.9332303128187656,0.9625131050152524,0.9172347260035337,0.910107340129978,0.9199574485923747,0.9154363928771068,0.5069074692287098,0.9302869180633684,0.9542468650366516,0.947442779108449,0.9555383641697377,0.9582144552981327,0.9199574485923747,0.9582144552981327,0.8432230388608029,0.9302869180633684,0.9625131050152524,0.9404006431802039,0.8117728822598583,0.9596053879391782,0.9293199127017768,0.3368910031777078,0.9118739328932484,0.9505286850464207,0.8858340936764979,0.9610366993022685,0.8944656454039726,0.8944656454039726,0.8718586682882639,0.9568599156354449,0.964040252388596,0.8592642631772309,0.9690033562225546,0.8629094882524138,0.7845111847199955,0.9447456538980155,0.8936031902522537,0.9367687566679366,0.9625131050152524,0.8753843628690847,0.7938344767596348,0.8117728822598584,2.220446049250313e-16,0.8592642631772309,0.9293199127017768,0.9458674971126175,0.9190462651000917,2.220446049250313e-16,0.8780124908814333,0.8470883271446172,0.964040252388596,0.9163339973465923,0.9362456943690349,0.9610366993022685,0.9332303128187656,0.8412664651734412,0.22686155472932423,0.9610366993022685,0.9610366993022685,0.7925699855750041,0.965625,0.7925699855750041,0.8806288736252947,0.6353764027835573,0.8718586682882639,0.965625,0.9582144552981327,0.942546448360206,0.9555383641697377,0.9625131050152524,0.8373021566360079,0.9163339973465923,0.9610366993022685,0.942546448360206,0.9312607396704553,0.7737814949433295,0.9255134534695351,0.9048529663349028,0.9030333503116557,0.7988008809007466,0.864716946258484,0.9346991012692377,0.967275815149292,0.9208725034246268,0.9672758151492922,0.4851705698920621,0.9302869180633684,0.9255134534695351,0.9610366993022685,0.9582144552981327,0.9625131050152524,0.9199574485923749,0.9436389526644005,0.0,0.964040252388596,0.9568599156354451,0.9582144552981327,0.3368910031777078,0.965625,0.9690033562225546,0.5325898779206594,0.7635098746985824,0.9458674971126173,0.9625131050152522,0.8629094882524138,0.755747894770402,0.9481608601832734,0.9529828655437631,0.8691958391075136,0.9610366993022685,0.9332303128187658,0.7779917032551948,0.9517441295565183,0.9264564493231806,0.9690033562225546,0.8071644882517874,0.9332303128187658,0.8173748798116494,0.24868536270712194,0.9568599156354449,0.9352318345617441,0.9057246972976494,0.8412664651734412,0.842246813951878,0.7694592477206295,0.9582144552981327,0.8797579337068848,0.932241742150131,0.9342268638258988,0.49268176173944034,0.967275815149292,0.8727426055411924,0.9582144552981327,0.9582144552981327,0.942546448360206,0.9208725034246268,0.9216020313541384,0.9582144552981325,0.9672758151492922,0.9582144552981327,0.9362456943690349,0.5935012569881961,0.827060148923404,0.9582144552981327,0.9372689456075765,0.9493347822888889,0.7509020511212644,0.7820963185522347,0.9582144552981327,0.6483545622521333,0.9312607396704553,0.8162678987494558,0.8184753916628578,0.45202578957206085,0.8927407985750284,0.9610366993022685,0.8322437174658706,0.9582144552981327,0.7938344767596347,0.9436389526644002,0.703401904747305,0.8601795328531072,0.9596053879391779,0.752533849186763,0.9529828655437631,0.9582144552981327,0.9145417437978427,0.8392930630721879,0.9582144552981327,0.9372689456075765,0.8312173911187126,0.7354031975062649,0.7737814949433295,0.8373021566360079,0.9582144552981327,0.8184753916628578,0.8814987207179201,0.964040252388596,0.7182088539361106,0.7737814949433295,0.9236430180495616,0.9245757305468909,0.9145417437978427,0.11775954848708015,0.9163339973465923,0.906597867618917,0.9470055188469617,0.8788858297250928,0.8961910905435388,0.6769170045464781,0.9470055188469617,0.08301287652694123,0.9436389526644005,0.9582144552981327,0.965625,0.9190462651000917,0.8461277862534458,0.9505286850464207,0.4232320307761679,0.9555383641697377,0.8342814558669874,0.9596053879391779,0.9555383641697377,0.9505286850464207,0.9582144552981327,0.9517441295565183,0.6544809036450439,0.9208725034246268,0.965625,0.8736248211051396,0.9672758151492922,0.9517441295565183,0.9470055188469617,0.7900123156320648,0.9493347822888889,0.9672758151492922,0.7912959918600064,0.9312607396704551,0.9109895373928902,0.9447456538980155,0.9493347822888889,0.6168592556746881,0.9610366993022685,0.9332303128187656,0.9172347260035332,0.6603867331027351,0.9458674971126175,0.9172347260035334,0.9505286850464207,0.9383021271292233,0.9040056117932131,0.8129069456777991,0.9217916370027819,0.9542468650366516,0.8470883271446172,0.6175994786481587,0.9362456943690349,0.9458674971126175,0.9470055188469617,0.7709128636729368,0.9505286850464205,0.7549160044072432,0.9458674971126173,0.5069074692287099,0.797572676765083,0.9610366993022685,0.8727426055411924,0.7650180104070299,0.932241742150131,0.9172347260035332,0.9656250000000002,0.777991703255195,0.9109895373928902,0.964040252388596,0.9312607396704553,0.9542468650366518,0.9542468650366516,0.9625131050152524,0.9656250000000002,0.9383021271292231,0.7604502711739276,0.9283593797331273,0.2031772652664633,0.9568599156354451,0.8546450937171788,0.9236430180495616,0.9542468650366516,0.8944656454039724,0.9582144552981327,0.04407004266351722,0.9582144552981327,0.9582144552981327,0.8508940408143364,0.9470055188469617,0.9332303128187658,0.9582144552981327,0.8432230388608029,0.8665150422521173,0.9302869180633684,0.8788858297250928,0.6483545622521334,0.7847770412204684,0.9208725034246268,0.9199574485923749,0.8683043280893405,0.9529828655437629,0.9065978676189169,0.964040252388596,0.932241742150131,0.8173748798116494,0.8814987207179199,0.4428495116517701,0.9529828655437629,0.9555383641697377,0.8059936873009328,0.964040252388596,0.5977568285657049,0.11775954848708015,0.918138754358939,0.9493347822888889,0.9447456538980155,0.9470055188469617,0.8753843628690847,0.45202578957206097,0.9227150661971699,0.9470055188469617,0.934226863825899,0.9610366993022685,0.9493347822888891,0.9596053879391779,0.5136536850193718,0.8823675467067158,0.8683043280893405,0.9625131050152524,0.8823675467067158,0.9542468650366516,0.810631735747056,0.6213072444249826,0.9568599156354454,0.8162678987494556,0.9393458182324887,0.9690033562225546,0.7847770412204684,0.8736248211051396,0.9199574485923747,0.7874151753009926,0.9493347822888889,0.9236430180495616,0.9031133691845501,0.9582144552981327,0.08301287652694123,0.9312607396704553,0.9582144552981327,0.8858340936764979,0.9493347822888889,0.9555383641697377,0.43326248910981524,0.752533849186763,0.9470055188469617,0.8392930630721882,0.9672758151492922,0.7975726767650831,0.9505286850464207,0.8901531678626451,0.9555383641697377,0.9529828655437629,0.8537121927533946,0.9302869180633684,0.9458674971126175,0.809483376444649,0.9013781987087914,0.7793713361793848,0.8875631490366902,0.9332303128187658,0.861092113458608,0.698903104201752,0.9383021271292231,0.9672758151492922,0.9481608601832734,0.9596053879391779,0.7407406669265033,0.9199574485923747,0.9118739328932484,0.9568599156354449,0.7950896414683806,0.7372025494796415,0.9690033562225546,0.9005120111662772,0.9610366993022685,0.932241742150131,0.4999218811025572,0.9447456538980152,0.9190462651000915,0.4428495116517701,0.9481608601832734,0.9163339973465923,0.9505286850464207,0.9568599156354451,0.08301287652694123,0.9690033562225546,0.9582144552981327,0.9332303128187658,0.8892901999095577,0.7834421060580531,0.9342268638258988,0.9582144552981325,0.9039825606517027,0.8555748757838357,0.9227150661971699,0.9362456943690349,0.5655745286057905,0.9109895373928902,0.9022452837148789,0.8238849154998196,0.9404006431802039,0.9227150661971699,0.8771378467726847,0.910107340129978,0.04407004266351722,0.5705409261013937,0.941467276381333,0.9610366993022685,0.98145106467318,0.9690033562225546,0.9404006431802037,0.9555383641697375,0.9690033562225546,0.9517441295565183,0.9414672763813328,0.9582144552981327,0.8700853537305534,0.6387170605760057,0.965625,0.9582144552981327,0.9493347822888889,0.8094833764446474,0.8373021566360079,0.9568599156354449,0.9625131050152524,0.9542468650366516,0.9568599156354449,0.9568599156354449,0.9332303128187656,0.9582144552981327,0.9542468650366516,0.9236430180495617,0.9582144552981327,0.9458674971126173,0.910107340129978,0.9656250000000002,0.11775954848708015,0.964040252388596,0.9596053879391782,0.9568599156354449,0.7950896414683805,0.8832354238447049,0.9470055188469617,0.8691958391075136,0.9582144552981327,0.9236430180495618,0.9610366993022685,0.9458674971126173,0.8301859677307104,0.5442448399003639,0.9656250000000002,0.9596053879391779,0.9481608601832734,0.9302869180633684,0.9481608601832734,0.17734708868199078,0.9302869180633684,0.9352318345617441,0.9383021271292231,0.7407406669265031,0.9505286850464205,0.965625,0.942546448360206,0.11775954848708015,0.9236430180495618,0.8700853537305533,0.9582144552981327,0.9582144552981327,0.6452038871546906,0.9672758151492922,0.8665150422521173,0.24868536270712183,0.9505286850464207,0.8555748757838357,0.9555383641697377,0.8281074447167713,0.8228150438933353,0.9582144552981327,0.9582144552981327,0.9293199127017768,0.752533849186763,0.9199574485923747,0.8402819095372958,0.8727426055411924,0.8480451455932454,0.7389815511680626,0.8352930530354636,0.9447456538980155,0.8461277862534458,0.9582144552981327,0.9181387543589388,0.08301287652694123,0.9690033562225546,0.861092113458608,2.220446049250313e-16,0.861092113458608,0.9582144552981327,0.9582144552981327,0.8140340532964885,0.9582144552981327,0.8206574710503438,0.32152664978164647,0.8823675467067158,0.9172347260035336,0.9404006431802039,0.5846688068540971,0.863814422100184,0.8771378467726845,0.9582144552981325,0.9302869180633686,0.8499479257057734,0.1490201725853415,0.965625,0.9065978676189168,0.842246813951878,0.9264564493231808,0.932241742150131,0.9596053879391779,0.703401904747305,0.9582144552981327,0.8574253737916122,0.932241742150131,0.9172347260035336,0.671592383614509,0.8892901999095579,0.9517441295565183,0.9217916370027819,0.7141183525888184,0.964040252388596,0.891878386060835,0.8866989102900564,0.9542468650366518,0.9672758151492922,0.9362456943690349,0.9436389526644002,0.8461277862534455,0.9625131050152524,0.9568599156354449,0.6632614409621942,0.9414672763813328,0.9302869180633686,0.9352318345617441,0.9690033562225546,0.9302869180633686,0.9690033562225548,0.9690033562225546,0.5705409261013937,0.934226863825899,0.9145417437978427,0.9582144552981327,0.9672758151492922,0.32152664978164625,0.9493347822888889,0.7509020511212644,0.9529828655437631,0.9568599156354451,0.9414672763813328,0.9127606676606761,0.9596053879391782,0.809483376444649,0.932241742150131,0.8546450937171788,0.836299923476612,0.9582144552981327,0.9109895373928902,0.9582144552981327,0.827060148923404,0.9672758151492922,0.9447456538980155,0.9458674971126177,0.7099187434240761,0.9582144552981327,0.839293063072188,0.7847770412204684,0.9458674971126177,0.8402819095372958,0.8574253737916122,0.8461277862534455,0.08301287652694123,0.8537121927533953,0.7298781721393242,0.8402819095372958,0.788718772853704,0.9470055188469617,0.7335830161959275,0.9690033562225546,0.9470055188469617,0.9582144552981327,0.5891401655413022,0.942546448360206,0.8674107520354712,0.9199574485923749,0.7793713361793848,0.9582144552981327,0.9568599156354449,0.8700853537305533,0.8858340936764979,0.5977568285657053,0.8162678987494556,0.796335651949913,0.9582144552981327,0.8260073636615606,0.6942728322121243,0.9362456943690349,0.9582144552981327,0.8683043280893405,0.9529828655437629,2.220446049250313e-16,0.9470055188469617,0.9568599156354449,0.8736248211051396,0.9436389526644003,0.5935012569881961,0.9414672763813328,0.9245757305468909,0.9470055188469617,0.7766003415235199,0.9582144552981327,0.9404006431802039,0.9582144552981327,0.9656250000000002,0.8629094882524138,0.9048529663349028,0.9690033562225546,0.9393458182324887,0.8373021566360079,0.9217916370027819,0.46082072952098563,0.9582144552981327,0.8620020752690568,0.8527760996057681,0.7202148985912618,0.9383021271292231,0.9302869180633686,0.9625131050152524,0.9383021271292236,0.9372689456075762,0.9312607396704553,0.9118739328932484,0.7963356519499131,0.9312607396704553,0.9362456943690349,0.9625131050152524,0.6353764027835573,0.9312607396704553,0.9690033562225546,0.9436389526644002,0.9596053879391779,0.6353764027835573,0.9568599156354451,0.937268945607576,0.9458674971126175,0.9109895373928902,0.5069074692287105,0.9470055188469617,0.9293199127017768,0.942546448360206,0.9568599156354451,0.9493347822888889,0.8451634443215716,0.46082072952098607,0.9190462651000915,0.8629094882524135,0.9274049943645877,0.9245757305468911,0.942546448360206,0.9596053879391782,0.11775954848708015,0.9190462651000915,0.9127606676606757,0.42323203077616856,0.9404006431802039,0.9181387543589388,0.08301287652694123,0.04407004266351722,0.8961910905435388,0.9393458182324887,0.8901531678626451,0.932241742150131,0.44284951165177,0.8788858297250928,0.9481608601832734,0.9372689456075762,0.17734708868199078,0.8656171299593258,0.8996466204791784,0.5201744503055977,0.918138754358939,0.876261827348312,0.964040252388596,0.9332303128187656,0.8979178384019253,0.9436389526644,0.9542468650366516,0.43326248910981524,0.9172347260035334,0.8944656454039723,0.8024341677705487,0.305152894515638,0.8718586682882636,0.9568599156354451,0.9039825606517029,0.8537121927533957,0.9610366993022685,0.1490201725853415,0.9065978676189168,0.9404006431802034,0.9610366993022685,0.9163339973465923,0.8875631490366904,0.8565016117177142,0.9555383641697377,0.2268615547293249,0.8620020752690567,0.9458674971126175,0.9199574485923747,0.9610366993022685,0.8841024249642824,0.3649841007441661,0.04407004266351722,0.9118739328932484,0.9447456538980155,0.9596053879391782,0.9672758151492922,0.9057246972976492,0.9656250000000002,0.8508940408143366,0.04407004266351722
p119_T,0.9168188403386275,0.9495194495442563,0.9068859994145182,0.9858673317522388,0.9562880686171875,0.9675743567407267,0.9188225611234568,0.883104721839103,0.9619936422826707,0.9657671730030435,0.9868659623160063,0.971905036534492,0.9548710823073732,0.9333065093925879,0.970223678284496,0.9786078235958559,0.9783779352946236,0.9410406098239259,0.9457879562525049,0.9398072791970183,0.9754350893887316,0.9469990271543745,0.9942714459947758,0.9577431256853024,0.8672518908219964,0.9410406098239257,0.9521375655065456,0.972734784585152,0.9657671730030435,0.9682604050379471,0.9354577472990953,0.9607848936032954,0.9813507987576178,0.9301521134798676,0.9683543830093181,0.9457879562525048,0.9577431256853024,0.9508152934266845,0.9675743567407267,0.9970639700164783,0.9134191021410443,0.9397007289779522,0.5355326840546669,0.7864985157673797,0.9783779352946236,0.8687198626112251,0.9592404230051592,0.9106645217011186,0.939897739160851,0.968836846578246,0.7895958714484506,0.8705572812086977,0.9410406098239257,0.9495194495442563,0.8456829831262227,0.938768815466609,0.995067487912588,0.9562880686171873,0.9636607886920056,0.9534886050081051,0.964663415934474,0.955734856013263,0.9410406098239263,0.9568407342490961,0.9623824451410659,0.94893381925065,0.9607848936032954,0.9458731849598521,0.9635647286988953,0.9640402523885963,0.9322459088752486,0.9398977391608507,0.8176392862623295,0.9846406300806099,0.9562880686171873,0.9022918659842716,0.9894382119329368,0.9482479709168004,0.9856190402810321,0.9675743567407267,0.7922077620144267,0.9965514935490281,0.936549554387319,0.9410406098239261,0.9562880686171873,0.9291179679746995,0.9469990271543745,0.8415528243880602,0.9506935918794348,0.9548710823073729,0.9562880686171873,0.9068859994145182,0.8883704299920678,0.9473253411290726,0.8446785966772911,0.9581074754130985,0.9050424200568572,0.903206919382465,0.9561451524051848,0.9574054602700126,0.995067487912588,0.9592404230051592,0.9562880686171875,0.9136953378018808,0.9635780404756727,0.964040252388596,0.9201228276565452,0.8168375394702836,0.9457709851868581,0.9794170442286303,0.9314659325100629,0.9421983319196943,0.8061744934456334,0.9220794934202008,0.9592404230051592,0.8629751726731472,0.9495194495442563,0.964040252388596,0.9675743567407264,0.9787757668872882,0.7864985157673794,0.9013784409842849,0.9457709851868581,0.9354577472990953,0.9427953535791664,0.9185733158656161,0.9577431256853026,0.9167714410425666,0.971905036534492,0.9270730230791455,0.9584822733831303,0.9592404230051592,0.9607848936032954,0.9675743567407267,0.9521375655065456,0.8906330415823303,0.987693886593716,0.9607848936032954,0.9607848936032954,0.9534886050081051,0.9298530872602185,0.9657671730030435,0.9510489865006231,0.8896003271096575,0.9436595831253995,0.9826186064627201,0.9911841280007905,0.9639459734638129,0.939897739160851,0.9487022485658541,0.9657671730030435,0.9898252637321052,0.9814914270638063,0.8977386203509137,0.9607848936032957,0.9398977391608507,0.951900016453509,0.9260614370793867,0.9841323151590049,0.9013784409842849,0.9320968266176187,0.9604535056538152,0.9433718940682516,0.8441816987551354,0.9543462946456163,0.9280917395652362,0.8298243919346041,0.9134191021410443,0.936549554387319,0.9708005919631293,0.9090110235284593,0.9548710823073729,0.938768815466609,0.9639459734638132,0.948765966194004,0.8950201541957774,0.964040252388596,0.926138075871473,0.9149230616438514,0.9022918659842716,0.9240582376582436,0.944809684110969,0.938768815466609,0.9548710823073732,0.914718714253747,0.9450223520328145,0.871246871576457,0.9965380001026768,0.9495194495442563,0.9876152547580852,0.9039625825630314,0.9932373028972723,0.9134425692262831,0.8892790899388952,0.8988026230652636,0.9562880686171873,0.9577431256853024,0.9534886050081051,0.9981498569583073,0.9942571659500581,0.968836846578246,0.9719050365344921,0.9562880686171873,0.8868937905864731,0.9864902868360456,0.9398072791970181,0.9562880686171873,0.8903991455657344,0.9270730230791455,0.9770312968545117,0.9841323151590049,0.9181860947060069,0.9548710823073732,0.9562880686171873,0.8034002165440355,0.9562880686171873,0.9694312280450923,0.967904558384031,0.9942571659500582,0.9562880686171873,0.880570845753591,0.9562880686171873,0.9188225611234571,0.9201228276565452,0.9280917395652362,0.8932116722416492,0.9592404230051592,0.8736137381826935,0.9534886050081051,0.9331052725841534,0.9469990271543747,0.9646634159344738,0.886139823147829,0.8163429475051776,0.9607848936032954,0.9568407342490962,0.9471353582128486,0.9162673470024438,0.9172284095557914,0.9270730230791455,0.9748016543159652,0.9783779352946236,0.9013784409842849,0.9534886050081051,0.9562880686171873,0.9606832254354423,0.9562880686171873,0.9345367899957173,0.9761356843815903,0.8728022830978683,0.7849699194791249,0.8412846402989773,0.9577431256853024,0.9282619895472619,0.9457709851868579,0.9078111670939806,0.9482479709168004,0.880570845753591,0.9592404230051592,0.9647902277818867,0.8896003271096575,0.9612678105847426,0.9548710823073729,0.9511494252873565,0.9534602133051293,0.9675743567407267,0.872932466993265,0.9580186848345915,0.9421983319196943,0.9635780404756726,0.9684748590979333,0.9560086947472868,0.7463452027658236,0.8168375394702836,0.9970698702824428,0.964040252388596,0.94585567299551,0.9260614370793867,0.9965514935490281,0.9153141563577836,0.964040252388596,0.9164145679718081,0.9388208217988057,0.9623824451410659,0.955587210232753,0.9333065093925879,0.9592404230051592,0.9301521134798674,0.9975289966018057,0.9534886050081051,0.9592404230051592,0.9604535056538153,0.859170821160427,0.964040252388596,0.989287941037325,0.9816550577048297,0.9013784409842849,0.8230429621054951,0.9640402523885963,0.9562880686171875,0.939897739160851,0.9534886050081051,0.9560086947472867,0.9602082214267222,0.7426402563634014,0.9592404230051592,0.939897739160851,0.9280917395652362,0.9399417142435167,0.968803565300479,0.9005867312146187,0.9337451012300574,0.9510068085834031,0.9717985827904647,0.8829747595909117,0.9657671730030435,0.9484682480772155,0.9657671730030435,0.9808531012828585,0.9270730230791455,0.9220794934202008,0.9592404230051592,0.9562880686171873,0.9607848936032954,0.9162673470024436,0.9410406098239261,0.964040252388596,0.0,0.9548710823073729,0.9562880686171873,0.9457709851868579,0.9640402523885963,0.9330470514183521,0.888303175957153,0.9856190402810321,0.9433718940682516,0.9607848936032954,0.8391226973588365,0.8527760996057687,0.929577598819045,0.9508152934266847,0.8974778163860964,0.7998413629717644,0.9301521134798676,0.870876713268393,0.8515631433027535,0.9826186064627201,0.9675743567407267,0.8458715030710082,0.9301521134798674,0.9706010318338414,0.9521375655065456,0.971905036534492,0.8601003488813003,0.9413830194575714,0.969754918406101,0.9685382307887697,0.8440199953549756,0.9562880686171873,0.9841698601183979,0.8202201452691635,0.9311946072310933,0.9792503453259269,0.8453817313970798,0.9708005919631293,0.9562880686171873,0.9562880686171873,0.9457697991278944,0.9932373028972723,0.905484434905427,0.9562880686171873,0.9398072791970182,0.9562880686171875,0.9858673317522388,0.9115378627127524,0.9540865545369953,0.9562880686171875,0.9876152547580852,0.9469990271543745,0.8556401296226268,0.8349741162127923,0.9562880686171873,0.8977386203509137,0.9280917395652362,0.804281628704786,0.8665668080501098,0.9343769343025807,0.9623733446282858,0.9592404230051592,0.9805665280639315,0.9562880686171873,0.8580859220024457,0.7685492986838054,0.9506780844219123,0.920975495434355,0.8868454810017546,0.9769007179655418,0.9508152934266845,0.9562880686171873,0.9618517021806038,0.9395217193959406,0.9562880686171873,0.7994314634198971,0.9857768064258265,0.8640960613563904,0.8740070788027339,0.9928099013964127,0.9562880686171873,0.9635647286988953,0.9828903308322394,0.9511494252873565,0.9868134941838476,0.9729090319639081,0.9421722554388531,0.921098539831031,0.910601968746465,0.9592404230051592,0.9986975721475881,0.9770312968545117,0.944562380594602,0.9501954149303489,0.8810956966058633,0.8886981112672732,0.9445623805946022,0.9607848936032954,0.9410406098239261,0.9562880686171873,0.9457879562525048,0.9153141563577833,0.9965223396816936,0.9482479709168006,0.9376530086096915,0.9534886050081051,0.9131242190550017,0.9577431256853026,0.9534886050081051,0.9219798955488128,0.9562880686171875,0.7852573409184237,0.9347189984066653,0.9619936422826709,0.9457879562525047,0.9585559430354967,0.9657671730030435,0.9495194495442563,0.9445623805946022,0.8454840862006231,0.9894382119329368,0.9657671730030435,0.9579083924637419,0.9231480466603461,0.8859854105734224,0.7625493203244222,0.9469990271543747,0.9162673470024436,0.9604535056538152,0.9808531012828585,0.9568407342490961,0.970974670557077,0.9965514935490281,0.9997376336428514,0.9868659623160062,0.9354577472990953,0.9323576084582541,0.9694312124673644,0.918186094706007,0.9783779352946236,0.9953245180886893,0.9883075851106065,0.9615718458881101,0.9364748811663077,0.9331052725841533,0.8430302626854405,0.8570938287816194,0.8812151048657888,0.9433718940682516,0.9257389930135203,0.9829415896450739,0.9592404230051592,0.936159000349494,0.9134425692262829,0.9291179679746995,0.7392078409945386,0.8556161648936054,0.870876713268393,0.9483117174169302,0.9623824451410659,0.9727347845851521,0.9521375655065456,0.9521375655065456,0.9607848936032957,0.964040252388596,0.9354577472990953,0.8832783605113932,0.9250566218612026,0.9548710823073729,0.9548710823073732,0.8524694551907274,0.9660244666247457,0.9088934360957929,0.9647902277818867,0.9562880686171873,0.9623824451410659,0.9562880686171873,0.9562880686171873,0.990501217665848,0.9445623805946022,0.9301521134798674,0.9562880686171873,0.9999009633736698,0.9692094281197254,0.974801654315965,0.9148949488531446,0.8977386203509137,0.9709681300963305,0.9619936422826707,0.9606832254354425,0.966592519162104,0.7100151674948274,0.856354459693295,0.9623824451410659,0.9706172773228455,0.9970698702824428,0.9828903308322394,0.9354577472990953,0.9135168909419202,0.9534886050081051,0.9440811193736828,0.9623824451410659,0.910601968746465,0.9592404230051592,0.9143648077845039,0.9469990271543745,0.9397007289779524,0.9445623805946022,0.8510766845344462,0.9343769343025807,0.9898252637321052,0.8719390991735311,0.9824887176061117,0.9592404230051592,0.9469990271543747,0.9645511776582261,0.9260614370793867,0.9444091313393704,0.966592519162104,0.9607848936032957,0.9841323151590049,0.9521375655065458,0.9958973689151571,0.9050424200568572,0.9548710823073732,0.8366083656801931,0.936549554387319,0.9675743567407264,0.9636607886920054,0.9932850135551184,0.9949008961315589,0.8308451806834369,0.9469990271543745,0.9421722554388531,0.8257247109218018,0.9562880686171873,0.9607848936032954,0.9280917395652364,0.9562880686171875,0.9167714410425667,0.9469990271543745,0.9752369887774632,0.936549554387319,0.8546882169814702,0.6884405789416634,0.9721780177319008,0.9657671730030437,0.982941589645074,0.9868659623160063,0.9956574345307037,0.9534886050081051,0.9813507987576178,0.8871339301744107,0.9270730230791457,0.9965514935490281,0.9300496874957529,0.8302902736338936,0.8698279893689653,0.971806349324819,0.7656419597021864,0.9220526430026654,0.880570845753591,0.989405943369801,0.9657671730030437,0.9457709851868579,0.9645511776582263,0.9979359844619955,0.9504850176985602,0.9911841280007907,0.9548710823073729,0.8894843969696307,0.8631655385537387,0.9675743567407267,0.987693886593716,0.9592404230051592,0.9291179679746995,0.8735613087355404,0.9987511985291293,0.9524640783329065,0.9354577472990953,0.867251890821996,0.9150817040227417,0.9482479709168001,0.7522333930600869,0.9560086947472866,0.9330470514183522,0.9562880686171873,0.9808531012828585,0.9576237171356043,0.8716066634298205,0.9311946072310933,0.9562880686171873,0.9787154357203143,0.9510489865006232,0.964663415934474,0.9333065093925879,0.9172245874626137,0.9274111285758341,0.9847318078996157,0.8929211485325553,0.9513961626258348,0.9443139433986846,0.976776185955968,0.9883075851106065,0.9623824451410659,0.9162673470024436,0.938768815466609,0.9592404230051592,0.9270730230791457,0.9675743567407264,0.9931284229919284,0.9534886050081051,0.9675743567407267,0.9495194495442563,0.995067487912588,0.9562880686171875,0.9639459734638129,0.9004665216997629,0.9457879562525049,0.8929968346358241,0.9469990271543745,0.9729382170898373,0.9745884186338969,0.971905036534492,0.9607848936032954,0.9783779352946236,0.971905036534492,0.9548710823073729,0.8670439353081685,0.9562880686171873,0.9521375655065456,0.9660244666247457,0.9562880686171873,0.9433718940682516,0.8881757341961193,0.964040252388596,0.9592404230051592,0.9511494252873566,0.8868454810017546,0.9548710823073732,0.9805665280639315,0.9495383029054911,0.9942714459947758,0.9995853501168295,0.9562880686171873,0.9201228276565452,0.71953529163074,0.9965514935490281,0.982941589645074,0.921098539831031,0.964040252388596,0.9577431256853026,0.929577598819045,0.9761356843815903,0.9457709851868581,0.9562880686171875,0.9270730230791457,0.8081869133204377,0.9354577472990953,0.9637765273080219,0.9868659623160062,0.9457879562525047,0.9970639700164783,0.9592404230051592,0.8962706164706526,0.9295543804278538,0.9562880686171873,0.9562880686171875,0.9380222350786749,0.9657671730030435,0.8944470361963832,0.9521375655065456,0.66243562848004,0.94893381925065,0.9534886050081051,0.9174369185455388,0.9912015747266284,0.9562880686171873,0.9562880686171873,0.9260614370793869,0.8883704299920678,0.9162673470024436,0.9709681300963304,0.9708005919631293,0.8740070788027339,0.862232927318646,0.9769872986834479,0.942198331919694,0.9705889298794652,0.9562880686171873,0.7356938511867396,0.9607848936032954,0.9675743567407267,0.9894170690238606,0.964040252388596,0.9432185049549442,0.9562880686171873,0.9562880686171873,0.838958178177154,0.968354383009318,0.9741058378725691,0.9469990271543745,0.9841323151590049,0.9568407342490961,0.9513961626258348,0.9563160015347995,0.9730833157884573,0.9065745197589401,0.9562880686171873,0.9270730230791457,0.9421848104929198,0.9645511776582261,0.8556161648936063,0.8965800720803672,0.935790288622363,0.9230659630317124,0.9291179679746995,0.9577431256853026,0.9774031752417573,0.9562880686171873,0.948465271980993,0.9291179679746995,0.9997376336428514,0.9282564559285413,0.9322201339524984,0.9841747480714136,0.991545896452954,0.8742145641840269,0.9511494252873565,0.9983168718837272,0.9732222498053537,0.9088934360957929,0.9657671730030435,0.9090110235284592,0.8847133352807126,0.9965223396816935,0.9607848936032954,0.9548710823073732,0.9920255469531102,0.9950674879125878,0.974801654315965,0.9322459088752486,0.9675743567407267,0.974801654315965,0.9675743567407267,0.9675743567407264,0.8616532608325631,0.9824887176061117,0.9956328547950859,0.9562880686171875,0.9398072791970182,0.9469990271543745,0.6716244073694944,0.8893852688139479,0.9508152934266849,0.971905036534492,0.9950674879125878,0.9506935918794346,0.9577431256853026,0.8653749572194798,0.870352522620391,0.8812313746286631,0.9264819187209332,0.9562880686171873,0.9068859994145182,0.8929968346358237,0.8568753576398451,0.9657671730030435,0.8215997898755991,0.9433718940682516,0.9102549428558981,0.9562880686171873,0.995165683932139,0.8656041668745096,0.9433718940682516,0.9963463292978374,0.9819123209501915,0.9965223396816933,0.9607848936032954,0.986845680474064,0.7867082667414249,0.8982897074803415,0.9419867386642065,0.9445623805946022,0.968443243793051,0.9675743567407267,0.9942714459947755,0.9562880686171875,0.955587210232753,0.7742711065610122,0.9679045583840311,0.9162673470024438,0.8698279893689655,0.8929968346358241,0.971905036534492,0.8951627873918946,0.8805708457535912,0.9531174117707755,0.836608365680193,0.8234362176999168,0.9562880686171873,0.9228886919927944,0.9188331228609052,0.9333065093925879,0.9562880686171873,0.9649376594301962,0.9508152934266845,0.964040252388596,0.9445623805946022,0.9548710823073732,0.9025277748860163,0.9410406098239261,0.8316115456900633,0.995067487912588,0.921098539831031,0.9942714459947758,0.8390340081240995,0.9562880686171873,0.8404453338613613,0.9562880686171873,0.964040252388596,0.9405520062621223,0.9800452205340104,0.9675743567407267,0.7899856344434444,0.9602082214267222,0.9464118920324345,0.9333065093925879,0.9562880686171873,0.8406536176554844,0.954879537211281,0.9179213147484899,0.9354577472990953,0.9270730230791457,0.9607848936032957,0.9354577472990953,0.9591464247864107,0.9776784774900422,0.9671293915458045,0.9817550758289915,0.9776784774900422,0.9333065093925879,0.9607848936032954,0.9013784409842849,0.9776784774900422,0.9675743567407267,0.9410406098239261,0.9645511776582262,0.9386032451225697,0.9548710823073732,0.9343769343025807,0.9965514935490281,0.94831171741693,0.9270730230791457,0.944562380594602,0.9768208473383792,0.9970639700164783,0.8986811553763567,0.9258754510202484,0.899162752252642,0.9333065093925881,0.9153141563577833,0.9067422366276936,0.9716656682171856,0.9210985398310312,0.9970639700164783,0.8868454810017546,0.9592404230051592,0.9153141563577833,0.9926484018740545,0.9513961626258348,0.9931284229919284,0.9581074754130985,0.9607848936032954,0.9623824451410659,0.9672383133230027,0.936549554387319,0.9306303003238039,0.9706172773228456,0.9354577472990953,0.8442940166987357,0.9457709851868579,0.9876152547580852,0.9562880686171875,0.9614643214516851,0.9336294085971082,0.9731307655897723,0.998149856958307,0.9405663333654313,0.9623824451410659,0.9177449231111596,0.9537712866846967,0.9410406098239257,0.9088934360957929,0.9912425166211662,0.9563160015347995,0.9271952774457721,0.9799393170793436,0.9482479709168004,0.8921553863451188,0.9548710823073732,0.9421251173518654,0.9203711802742952,0.9592404230051592,0.9577431256853024,0.982743090758416,0.9931284229919284,0.8801474343127897,0.955587210232753,0.9552866321323306,0.9163679869178436,0.9534886050081051,0.9534886050081051,0.8743987568468056,0.9364748811663082,0.9162673470024436,0.9592404230051592,0.9414438050735923,0.9433718940682516,0.9623824451410659,0.9911841280007907,0.9987511985291292,0.8868454810017548,0.9398072791970181,0.9786078235958557,0.8556161648936054,0.9102115101466461,0.9623824451410659
p119_V,0.9643644808194604,0.948260758179567,0.9233738460510836,0.8574600169443631,0.9475597985845114,0.8705865822009817,0.9507994962645905,0.8803968326080496,0.9006962362816693,0.9589316626844853,0.9521906738117115,0.9458598726114651,0.9458598726114651,0.857460016944363,0.9325575638096625,0.8816859778305948,0.9397362273534058,0.923175290194404,0.9568599156354454,0.8011809317019498,0.8838795614232453,0.9902428565647543,0.9629124330159162,0.9493053971730234,0.9594986384506098,0.9292677720165115,0.9425805352069325,0.913733309388403,0.8011809317019499,0.821364220138359,0.9225701399051964,0.9529545363721539,0.9409942357230059,0.9162050927129204,0.9475597985845114,0.8904195718012649,0.9493053971730234,0.8292303763277579,0.9610996995613954,0.9268729171371118,0.9329016612088761,0.9306566646589698,0.9610996995613954,0.9100921482984174,0.8808946086335748,0.9510949776770343,0.9511016704226434,0.8972654241994793,0.9268729171371118,0.958454422755221,0.9529545363721539,0.8588603287957214,0.9292677720165115,0.9394396415413291,0.9409942357230057,0.9265423524364669,0.9304312867192419,0.9475597985845114,0.96563105664249,0.9350839192327516,0.9030086235821644,0.9968116130112576,0.9292677720165117,0.9696724395861309,0.9548710823073729,0.931678937032141,0.6947366749215782,0.9116080119434857,0.8718669176910225,0.584978546674685,0.6856259320381535,0.9278966962971924,0.9886251033694343,0.8777190734356535,0.9475597985845114,0.8827817928509323,0.9364159486136476,0.8972431496161436,0.9303370573169483,0.7864297230821704,0.9379142777971528,0.9153112504466758,0.9834886668885245,0.9292677720165115,0.9475597985845114,0.7454063911947744,0.848276419581927,0.8536240445709697,0.8905160099774292,0.9458598726114653,0.9475597985845114,0.7258203869075424,0.946142111676649,0.9704742947185812,0.9701956444682691,0.9175213699727844,0.6287180564105079,0.8838795614232453,0.8701878430758341,0.9530069109932351,0.9304312867192419,0.7768756894075235,0.9248100053233805,0.8126554851763714,0.974999734383841,0.9568599156354451,0.784859413537338,0.9283926727141698,0.9594986384506099,0.8233788637195056,0.6745830696910686,0.8193145336211938,0.8007919102864964,0.8956425128341384,0.9511016704226434,0.8584714555954442,0.7798113577609113,0.9568599156354451,0.9610996995613954,0.9141681517988662,0.950802817126357,0.7117886795596482,0.9877220281917201,0.8946898694254276,0.7264327064756255,0.802429635439956,0.9493053971730234,0.9486909276320882,0.9458598726114651,0.9540589546097202,0.8686385996787727,0.9511016704226432,0.8356601904040852,0.9610996995613952,0.8808946086335748,0.9250214760312456,0.9736988845472498,0.9529545363721539,0.9529545363721539,0.9442013463068035,0.9804497867748898,0.9589316626844853,0.8187487405659171,0.7822417468305104,0.8078113596817887,0.9077040005624186,0.9340898362261592,0.8369591621743948,0.9752830459923439,0.8054295822822948,0.5612935260883833,0.9030086235821644,0.9074162269428674,0.8773193685069609,0.8356601904040855,0.9763068251524245,0.7507427197421388,0.9653389789590385,0.8826297756089203,0.8811742389803806,0.8390432115466104,0.8448813494499824,0.8644365206787079,0.85103298326874,0.9301255045824546,0.9183003694796051,0.9486909276320881,0.9696724395861311,0.8908572896021121,0.8989651095456501,0.8574600169443631,0.9458598726114651,0.9265423524364671,0.7553067620113285,0.9390414285108737,0.9297688626423274,0.8904195718012649,0.8981789948276746,0.7350447636400586,0.8827817928509321,0.9492098513807965,0.9538876829840168,0.8827558331044781,0.9458598726114651,0.9154533753716586,0.79112857971185,0.8534622933489193,0.9730506507011063,0.939439641541329,0.9885587804861202,0.9442013463068037,0.9855683111551214,0.9302719333857006,0.9476060911812572,0.9030086235821644,0.9475597985845114,0.9493053971730234,0.9442013463068035,0.8972654241994793,0.9973078663693599,0.958454422755221,0.930123641813413,0.9475597985845114,0.9784300840506932,0.9201656104549851,0.9589316626844853,0.9475597985845114,0.9138470334856057,0.9540589546097205,0.9849746635261072,0.9733997388646384,0.8306041887792597,0.8681153990258522,0.9475597985845114,0.9116080119434856,0.9475597985845114,0.9726005682749652,0.9639064417926916,0.9398177869021425,0.9475597985845114,0.9486909276320882,0.9475597985845114,0.9791712153175879,0.9430441133000051,0.7083424680646154,0.9690731579014669,0.91288700949244,0.8459097615913485,0.9442013463068033,0.9852901633058908,0.9364159486136479,0.6345066859836899,0.8679821713502605,0.9591402541866407,0.9529545363721539,0.9329016612088756,0.9220520382689481,0.9876139325764798,0.9663770061235324,0.9540589546097205,0.9125111785873636,0.9397362273534058,0.6779115676755016,0.9954412864629739,0.9475597985845114,0.8995478568587885,0.9475597985845114,0.8913918825413909,0.9212977173232094,0.906121948145339,0.9252037445446053,0.8185324835917438,0.9493053971730234,0.9112976020672168,0.9349426948340502,0.6516786490528089,0.9521906738117114,0.9180351461270724,0.9511016704226434,0.750405182431614,0.8675560447816313,0.8977111782138087,0.9458598726114653,0.9548710823073732,0.9208338903011105,0.9610996995613954,0.9716283403446574,0.8852158769431717,0.93065666465897,0.8664736771305537,0.6454436981178715,0.906121948145339,0.9027359029952129,0.9559211574198722,0.9076947364122088,0.9568599156354451,0.8233788637195056,0.9524187417251317,0.8644365206787079,0.8776567197100433,0.9568599156354451,0.9065235783645926,0.9475176528421183,0.9719050365344921,0.9315076677030099,0.6349093830225896,0.9511016704226432,0.9162050927129206,0.8562018915429415,0.9442013463068035,0.9511016704226434,0.8448813494499825,0.7947721910054546,0.890419571801265,0.8471194302015488,0.8501911138182776,0.8816859778305948,0.838919418068764,0.9568599156354454,0.9886251033694344,0.7332324017161842,0.8143691847723075,0.9765837058865926,0.8234248743448613,0.9315076677030099,0.776875689407524,0.9752830459923437,0.913733309388403,0.9394412720820942,0.9856553282246239,0.8805919691825623,0.8192700281532358,0.85736100097492,0.9164570144298141,0.7796798866671177,0.9589316626844853,0.9006962362816695,0.9611058687776597,0.9549894228659187,0.9212977173232093,0.9065205555971323,0.9511016704226432,0.9475597985845114,0.9529545363721537,0.8995478568587885,0.9292677720165117,0.9568599156354451,0.9548710823073729,0.0,0.9475597985845114,0.9067193050929399,0.9568599156354451,0.9610996995613954,0.9476386094693983,0.9850965587169509,0.864436520678708,0.906121948145339,0.8279535638583033,0.7787298647570084,0.9877220281917203,0.9409942357230059,0.8154768127415196,0.9511016704226434,0.9549894228659189,0.8604814212774308,0.9394396415413291,0.9077040005624184,0.9610996995613954,0.8401803396226917,0.8261839384447571,0.9076947364122088,0.9985778460732369,0.9458598726114653,0.9054354303384726,0.8472971270962342,0.8562018915429415,0.8574861691184741,0.850807526432577,0.9475597985845114,0.999003648905824,0.9149644520716045,0.821919635591659,0.9152209695615848,0.9589316626844853,0.8402939714046156,0.9475597985845114,0.9475597985845114,0.9278966962971924,0.9476564936340517,0.810483082987613,0.9475597985845114,0.9611058687776597,0.9248100053233805,0.9464802705130722,0.893874003041377,0.9750465719075292,0.9886251033694343,0.8983910743172119,0.7944495116308204,0.9159973957702077,0.9206580847473222,0.9475597985845114,0.9768470376839118,0.8343172089136094,0.9062954961391321,0.8817105825036557,0.8533072212327577,0.8819908918248771,0.9511016704226434,0.8444909477482012,0.9475597985845114,0.7963224802288057,0.9231752901944043,0.8545503661181635,0.8622885038927338,0.9493053971730234,0.9746652493326958,0.771786529340448,0.9475597985845114,0.9992385990138163,0.8812784060133264,0.9475597985845114,0.9663573664294254,0.9531505062521577,0.9300499373603042,0.8556880453098372,0.85103298326874,0.9475597985845114,0.9364711380159495,0.8814453850912112,0.7522333930600863,0.8848204785436554,0.9394412720820942,0.9819150380375274,0.9053437280773231,0.7832182620765743,0.9511016704226434,0.9954779619578475,0.8827817928509321,0.8075202219813382,0.8480036211373803,0.7449722229737967,0.8664736771305537,0.9334927596276981,0.9529545363721539,0.9784534179462063,0.9475597985845114,0.8140593155196202,0.9523030345044686,0.9702976712418914,0.9928618019927207,0.9721820378192461,0.9442013463068035,0.8774125861115307,0.8532838553478092,0.9442013463068035,0.8422956254205758,0.9886251033694343,0.8921109580400148,0.9605979515670119,0.8718328585919122,0.890419571801265,0.8414011380622555,0.9589316626844853,0.8921109580400152,0.9629124330159164,0.9600786007036015,0.9902428565647543,0.9611058687776597,0.9586923869912622,0.997716469954399,0.9363038471323668,0.9306566646589698,0.9364159486136479,0.8995478568587887,0.9808926695348984,0.9162050927129206,0.9935567820366139,0.8729729119280696,0.9320645602494204,0.9329016612088759,0.9928618019927209,0.9225701399051964,0.7593994892724845,0.8199517167651282,0.6777207163482712,0.9397362273534058,0.9196337733730031,0.9384843112825213,0.9644994759182186,0.9661859802146437,0.9629124330159166,0.8524444664211202,0.937914277797153,0.9661395621050933,0.9320645602494204,0.9212977173232094,0.8009165455847471,0.9128870094924406,0.9576362476866849,0.8739792747287909,0.9576746141532875,0.8961308828316208,0.9568599156354451,0.9439404265012326,0.9363038471323668,0.9548710823073732,0.8763087891966074,0.9985778460732366,0.9397362273534059,0.906121948145339,0.9568599156354451,0.6662648810887069,0.7842016865457022,0.9100921482984174,0.9458598726114651,0.8681153990258522,0.8739594680062142,0.9403431124874277,0.9425805352069325,0.750405182431614,0.9475597985845114,0.9548710823073732,0.9475597985845114,0.9475597985845114,0.8689273841757257,0.9334927596276981,0.7832487769710377,0.9475597985845114,0.8587675136677237,0.8902084347076633,0.9125111785873636,0.9427417087350559,0.9768470376839118,0.8406150704637128,0.9765198713238088,0.8995478568587885,0.892706361251836,0.9409942357230059,0.8827817928509322,0.9548710823073732,0.9998717412550098,0.8529401804129993,0.9417706387957601,0.8946898694254275,0.9441180703023763,0.9442013463068037,0.8387320472374735,0.8986811553763567,0.8192216515661145,0.9511016704226434,0.7323081641450482,0.9364159486136476,0.9193260543091281,0.9334927596276981,0.9027359029952129,0.9434749274016662,0.9030086235821646,0.9334927596276981,0.9174557485535397,0.9808926695348984,0.9364159486136481,0.9493053971730234,0.8419755599852936,0.912886430027493,0.9913289222562708,0.9529545363721539,0.9055736434610708,0.9425805352069327,0.881710582503656,0.8713182434654577,0.8061071562382913,0.8241696600104098,0.9701956444682691,0.9610996995613954,0.7852568210654853,0.9002204358789427,0.8995478568587885,0.9542549264295613,0.7406226036797143,0.9041731885624824,0.9450975949913771,0.9475597985845114,0.9529545363721539,0.9602919497626031,0.9475597985845114,0.9793467091371042,0.9902428565647541,0.9350839192327518,0.9834886668885247,0.9461421116766492,0.859317625659531,0.8536240445709695,0.9589316626844853,0.8009165455847471,0.9379142777971528,0.9245657747152314,0.9442013463068035,0.8866742233150663,0.9584182627141555,0.9628454933455661,0.8644365206787079,0.9926368555046544,0.8762311904614675,0.9454288729407425,0.9206334341444793,0.9549894228659185,0.825672787074978,0.9286859463478483,0.9860598647601155,0.9611058687776598,0.9349426948340502,0.9493053971730236,0.8192700281532358,0.8995478568587885,0.9600059685838347,0.9458598726114653,0.9629304985011746,0.9317035967235502,0.9547434413197934,0.9736988845472496,0.8448813494499817,0.99987174125501,0.9602919497626032,0.9306566646589698,0.9357274933038937,0.8946898694254275,0.9594986384506098,0.8950004825334387,0.9379142777971528,0.9458598726114651,0.9529545363721539,0.9610996995613952,0.9475597985845114,0.9591402541866407,0.9523718036756333,0.9116118727993867,0.8219196355916589,0.9475597985845114,0.9465342868356856,0.8706932191519672,0.9030086235821644,0.9464802705130723,0.9006962362816693,0.7959815403158172,0.8773193685069609,0.8372770459996086,0.9721820378192461,0.7501278585922265,0.8458099300236452,0.9733502238946539,0.9548710823073732,0.9123884588666586,0.8827558331044781,0.6408643693226077,0.713558837211425,0.9547434413197935,0.9252037445446053,0.995441286462974,0.9547434413197934,0.9394396415413291,0.9742178060512305,0.8609949072773261,0.9591737999184669,0.8805919691825621,0.9568599156354454,0.9475597985845114,0.9364159486136479,0.8156731917344942,0.85103298326874,0.9458598726114653,0.8356601904040855,0.9425805352069325,0.9458598726114653,0.9458598726114653,0.9162050927129204,0.9475597985845114,0.9425805352069325,0.9041731885624826,0.9475597985845114,0.9153112504466758,0.7990206608339901,0.9568599156354451,0.9511016704226434,0.9548710823073732,0.9493053971730236,0.9458598726114653,0.8803968326080497,0.8534622933489193,0.9334927596276981,0.8939562273034045,0.9475597985845114,0.7071175640622933,0.9808926695348984,0.9320645602494204,0.8693255390952424,0.8593779790084883,0.890419571801265,0.787480272854754,0.9349426948340502,0.8797499413008527,0.9349426948340502,0.9248100053233799,0.9540589546097205,0.9054354303384726,0.9403748670927715,0.8914571445678525,0.8972431496161436,0.737699059237974,0.8784627882818802,0.9511016704226434,0.862601263012383,0.8660830247325575,0.9475597985845114,0.92481000532338,0.9882136121357635,0.9589316626844853,0.8788717361468981,0.9985778460732365,0.9928618019927209,0.983623415618191,0.9442013463068035,0.97644552988339,0.9146471974855417,0.9475597985845114,0.9475597985845114,0.9653389789590384,0.8890958363645556,0.8371629851568374,0.9933101813416039,0.9283006786161676,0.8836057875672564,0.9913289222562709,0.875993879495947,0.6692972525892921,0.9739999445148568,0.9475597985845114,0.8972654241994791,0.9529545363721539,0.9610996995613954,0.8320495610524624,0.9568599156354451,0.8827190623870711,0.9475597985845114,0.9475597985845114,0.9034870578247525,0.8609949072773262,0.9392636444650704,0.9364159486136479,0.8148036802053529,0.896130882831621,0.9252037445446055,0.9935567820366139,0.8864639485305972,0.8272209116863678,0.9475597985845114,0.8797499413008523,0.867665094526678,0.9848910203339206,0.9568599156354454,0.9128324657987177,0.968414042185576,0.9325575638096626,0.8303136803781797,0.9493053971730234,0.9763563846251535,0.9475597985845114,0.8777190734356533,0.7878600357864769,0.896130882831621,0.7796798866671171,0.9854391115773633,0.9394396415413291,0.9782914706820045,0.7311663593169,0.9548710823073729,0.8643090749973128,0.9193321161237451,0.9425805352069325,0.9589316626844853,0.9464802705130723,0.9292677720165115,0.8625951760283532,0.9529545363721539,0.9458598726114653,0.8718884926994313,0.9265423524364669,0.9212977173232093,0.9493973299985368,0.9610996995613952,0.995606730632077,0.9610996995613954,0.9610996995613952,0.7619375114470163,0.9174557485535397,0.8927512325175626,0.9475597985845112,0.9611058687776597,0.9021033275330331,0.9364159486136476,0.7731152683289882,0.9409942357230061,0.9458598726114651,0.9304312867192419,0.8905160099774294,0.9493053971730236,0.8830997396413108,0.9149644520716045,0.9021482626615813,0.8773187896361201,0.9475597985845114,0.690739810203405,0.9475597985845114,0.8927251297287131,0.9589316626844853,0.9693318146530953,0.9661859802146439,0.8772536000905927,0.9475597985845114,0.8536240445709697,0.7852568210654853,0.9320645602494204,0.8549145578460347,0.8777190734356533,0.8625951760283532,0.9529545363721539,0.9008500906435697,0.8663503378902107,0.7995563084478068,0.9004940364163532,0.807520221981338,0.7240362936394947,0.7022728639633585,0.7557228183031449,0.9886251033694344,0.8950004825334388,0.9268729171371122,0.8914571445678523,0.8995478568587885,0.8620609819102153,0.9248100053233804,0.9458598726114653,0.8369591621743948,0.9286859463478484,0.891228430545195,0.8241696600104098,0.8268894592721565,0.9475597985845114,0.8365008054470018,0.9823733478887269,0.6794195098069447,0.9475597985845114,0.892706361251836,0.8292303763277573,0.9568599156354451,0.9852901633058908,0.9458598726114653,0.9233216706709952,0.9292677720165116,0.9663770061235324,0.7874049258749507,0.9770171254655827,0.8593176256595308,0.7753393263905098,0.9475597985845114,0.9808396689061133,0.9475597985845114,0.9568599156354451,0.7998414010900526,0.8805919691825621,0.9610996995613954,0.9834886668885245,0.9557102542641102,0.9018497344665102,0.9019701437287176,0.9475597985845114,0.9696969022768169,0.8995517312170607,0.8272209116863675,0.9403748670927714,0.9125111785873639,0.8356601904040855,0.9225701399051964,0.9212735133449714,0.9137333093884032,0.8894031717904967,0.9093744722005388,0.9137333093884032,0.9464802705130724,0.9529545363721539,0.8816859778305948,0.9137333093884032,0.9610996995613954,0.9231752901944043,0.9493053971730234,0.8472971270962342,0.9458598726114651,0.9212735133449714,0.8644365206787079,0.8882932693469461,0.9540589546097205,0.9334927596276983,0.9112976020672166,0.9278966962971924,0.992131884600974,0.9364159486136479,0.9717600949091668,0.9909903972974269,0.9523030345044685,0.8565847204007375,0.9088944096710685,0.983769825715386,0.9752830459923437,0.9493053971730234,0.9511016704226434,0.9730506507011063,0.9971018943817556,0.9252037445446053,0.9808396689061133,0.8972654241994793,0.9529545363721539,0.9548710823073732,0.9376253858395402,0.923879955825063,0.9869875961383774,0.9149644520716045,0.9682551375725403,0.9726352330389936,0.9349426948340502,0.943474927401666,0.9475597985845112,0.917764330741468,0.8970733542521874,0.9915134859542967,0.8972654241994793,0.9181461551518334,0.8986811553763568,0.9549894228659187,0.9013472884958187,0.9292677720165115,0.9985778460732367,0.9834886668885245,0.9567860036593587,0.9414245688249915,0.9714932980607038,0.9379142777971528,0.9852357534673346,0.992131884600974,0.9864310500681475,0.8458329454003359,0.9808926695348984,0.9493053971730234,0.8827817928509323,0.9252037445446051,0.9128870094924401,0.9954779619578477,0.8897634772723557,0.9538673439171336,0.9350839192327518,0.9954412864629741,0.9125440513003291,0.81356179091074,0.9371605937136991,0.9808926695348984,0.8545503661181637,0.864436520678708,0.9548710823073732,0.8894031717904967,0.9193260543091278,0.9190874378408648,0.9589316626844853,0.8816859778305948,0.9568599156354451,0.9629135621892557,0.9719050365344921
p120_S,0.7524297972473161,0.9413411539914585,0.8918007079504506,0.9225015741707872,0.9492063492063487,0.9623211158059548,0.7050163519970581,0.7509151724713103,0.9038142386822647,0.960221152322577,0.9398636845831869,0.9475597985845114,0.9475597985845114,0.9225015741707872,0.9106019687464653,0.5567710364845595,0.944383427890573,0.9314886672615048,0.9582144552981327,0.960221152322577,0.8875255844205965,0.938412400887346,0.935580996038617,0.9508971383859763,0.9369854052620163,0.9314886672615046,0.944383427890573,0.916441965519317,0.960221152322577,0.7739436107925906,0.9250013316406693,0.9544316996038,0.9428469360414609,0.9188361382271659,0.9492063492063489,0.9582144552981327,0.9508971383859763,0.9428469360414602,0.9623211158059548,0.930160641445072,0.8993922310882436,0.932833950574053,0.9623211158059548,0.912915131908919,0.9443834278905732,0.8474513194974065,0.9526370111116405,0.9004911494084333,0.930160641445072,0.8918007079504506,0.9544316996038,0.8495864161552136,0.9314886672615046,0.13408370177867746,0.9428469360414604,0.9288488221297497,0.9288488221297497,0.0,0.7383793872014479,0.9459533477380775,0.9060540201833016,0.831146423199498,0.931488667261505,0.8993922310882436,0.9562880686171875,0.8244397822834253,0.9544316996038,0.6473831763250288,0.7698078233874499,0.9582144552981327,0.92126914699118,0.9301606414450723,0.9492063492063487,0.8266892096935958,0.0,0.8864622842804517,0.938412400887346,0.9398636845831867,0.8233095582802461,0.9623211158059548,0.9398636845831869,0.9341976401680094,0.31108550994831163,0.9314886672615048,0.0,0.9176344520056336,0.938412400887346,0.8046479448175341,0.8939536575643376,0.03139863267861631,0.0,0.8918007079504506,0.831146423199498,0.8548949080074899,0.31108550994831163,0.48955645159511163,0.8896584524348263,0.8875255844205965,0.8198957816506434,0.8187498553347687,0.9288488221297497,0.9526370111116405,0.9492063492063489,0.8580633769736241,0.6072669396673074,0.9582144552981327,0.907182019415572,0.7973204052495684,0.9369854052620166,0.8289245259008584,0.8759110188590657,0.9328339505740528,0.8070467719220202,0.9094556823349389,0.9526370111116405,0.7833099084134079,0.9413411539914585,0.9582144552981327,0.9623211158059548,0.8580633769736241,0.9129151319089193,0.885400876353422,0.9369854052620166,0.9250013316406696,0.931488667261505,0.7554264789789613,0.9508971383859763,0.6339927913026551,0.9475597985845114,0.9152582079543838,0.8727631680356085,0.9526370111116405,0.9544316996038,0.9623211158059548,0.944383427890573,0.8453085223330421,0.879064442044788,0.9544316996038003,0.9544316996038,0.06018876900101988,0.8046479448175343,0.960221152322577,0.8244397822834253,0.8717146038820363,0.8875255844205967,0.9106019687464659,0.892875760974867,0.8420784215528956,0.9301606414450723,0.7583810530554915,0.9602211523225768,0.9060540201833014,0.8559522762859688,0.8811713725919912,0.9544316996038,0.9301606414450725,0.8950345750758599,0.9140827360776209,0.8938851835250172,0.5567710364845593,0.7367566674079002,0.9526370111116407,0.9341976401680094,0.7431708752992887,0.8972062142375332,0.9164419655193166,0.8612222667022558,0.8993922310882436,0.9262700211315917,0.8453085223330423,0.9225015741707872,0.9475597985845114,0.9288488221297495,0.6783615558233287,0.8538362113124116,0.8780124908814328,0.9582144552981327,0.6072669396673073,0.9200475251844384,0.5526275082095409,0.9117550006367756,0.8885909234541711,0.9288488221297497,0.9475597985845114,0.6394614409405057,0.8538362113124116,0.8580633769736241,0.9015943008452869,0.13408370177867734,0.9237454173815312,0.9459533477380775,0.903814238682265,0.8221755430097122,0.7897778653703145,0.9060540201833014,0.0,0.9508971383859763,0.9459533477380777,0.4895564515951115,0.8355526955775656,0.8918007079504506,0.9475597985845114,0.0,0.8685695845092951,0.7897778653703145,0.960221152322577,0.0,0.6951973979147161,0.9152582079543841,0.8864622842804517,0.6447787703816181,0.9049315186013059,0.9475597985845114,0.0,0.6473831763250286,0.0,0.8117838598171898,0.8388272306091986,0.8355526955775657,0.0,0.6339927913026551,0.0,0.7050163519970583,0.9071820194155717,0.9164419655193166,0.8759110188590655,0.9526370111116407,0.7711949776746383,0.06018876900101888,0.935580996038617,0.9384124008873462,0.9060540201833014,0.7554264789789611,0.9188361382271666,0.9544316996038,0.4951319232791844,0.8907283270583697,0.9027019168030599,0.897206214237533,0.9152582079543838,0.9152582079543838,0.944383427890573,0.885400876353422,0.9459533477380777,0.0,0.9027019168030597,0.0,0.7334713952978886,0.9152582079543841,0.9544316996038,0.9275522446953854,0.7711949776746383,0.9508971383859763,0.9140827360776205,0.9369854052620161,0.892875760974867,0.9398636845831869,0.8612222667022562,0.9526370111116405,0.8717146038820363,0.8717146038820349,0.8442340263447974,0.03139863267861631,0.9562880686171873,0.8289245259008584,0.9623211158059548,0.8333555867103808,0.8333555867103808,0.24376003609304187,0.8706662210952574,0.8748612665230131,0.9544316996038003,0.848519788337875,0.7973204052495684,0.7780046509581313,0.9582144552981327,0.8289245259008584,0.9140827360776214,0.9341976401680094,0.9015943008452874,0.9582144552981327,0.8517144868263773,0.8141237078825918,0.9562880686171873,0.8982973238138026,0.9225015741707867,0.9526370111116407,0.9188361382271666,0.8070467719220202,0.9459533477380775,0.9526370111116405,0.9526370111116407,0.7985559379258667,0.9582144552981327,0.7985559379258667,0.6499526646778642,0.885400876353422,0.8442340263447972,0.9582144552981327,0.9492063492063487,0.930160641445072,0.9459533477380777,0.9544316996038003,0.8022278398026612,0.8982973238138026,0.9526370111116405,0.9301606414450723,0.9164419655193172,0.7250134267509765,0.9094556823349389,0.8843412180810755,0.6848496741376313,0.7923174570100686,0.6911250629978627,0.8727631680356077,0.9602211523225768,0.903814238682265,0.9602211523225768,0.9188361382271668,0.9152582079543841,0.9094556823349389,0.9526370111116405,0.0,0.9544316996038,0.9027019168030597,0.931488667261505,0.9582144552981327,0.9562880686171873,0.9475597985845114,0.0,0.9369854052620163,0.9582144552981327,0.9623211158059548,0.9106019687464655,0.823309558280246,0.9341976401680094,0.9544316996038003,0.8333555867103808,0.8289245259008584,0.9369854052620166,0.9428469360414611,0.8409971458279799,0.9526370111116405,0.9188361382271659,0.8117838598171898,0.9413411539914587,0.9106019687464657,0.9623211158059548,0.7655931084723666,0.9188361382271666,0.7780046509581313,0.944383427890573,0.03139863267861631,0.92126914699118,0.885400876353422,0.8070467719220202,0.8082384637825222,0.8187498553347687,0.0,0.8538362113124116,0.9176344520056336,0.9200475251844387,0.9176344520056336,0.9602211523225768,0.8453085223330421,0.0,0.0,0.930160641445072,0.903814238682265,0.8591172857456586,0.0,0.9602211523225768,0.9492063492063489,0.922501574170787,0.8972062142375332,0.7897778653703145,0.9492063492063489,0.9237454173815309,0.938412400887346,0.8322525541058978,0.9634411459729271,0.0,0.8811713725919912,0.9164419655193168,0.7766590274917047,0.9952327064015152,0.9237454173815312,0.8704033497109469,0.9526370111116405,0.7960789049353036,0.0,0.7973204052495684,0.9314886672615053,0.8591172857456586,0.8300371089395653,0.9508971383859763,0.831146423199498,0.9428469360414606,0.0,0.8961186971729789,0.7399891659895361,0.0,0.9237454173815309,0.7948313236856197,0.8420784215528956,0.8152867967569688,0.8022278398026612,0.0,0.7698078233874488,0.8559522762859684,0.9562880686171873,0.6574604645689301,0.7250134267509767,0.907182019415572,0.908315805590151,0.8961186971729789,0.9526370111116405,0.8982973238138026,0.8864622842804517,0.935580996038617,0.8527760996057683,0.8738120195914167,0.8706662210952574,0.21151139151266862,0.9544316996038,0.9314886672615055,0.0,0.9582144552981327,0.9015943008452869,0.8129560940834346,0.9398636845831869,0.9275522446953854,0.06018876900102055,0.7478523304650295,0.9508971383859763,0.06018876900102055,0.9398636845831869,0.9492063492063489,0.9413411539914582,0.879064442044788,0.903814238682265,0.9582144552981327,0.8463809254714867,0.9602211523225768,0.9413411539914582,0.935580996038617,0.801009545737682,0.938412400887346,0.9602211523225768,0.7997856146881548,0.9164419655193166,0.5305546844946969,0.24376003609304187,0.938412400887346,0.9027019168030597,0.9526370111116405,0.9188361382271666,0.8993922310882436,0.8769613888066743,0.9341976401680094,0.8993922310882436,0.9398636845831869,0.9250013316406693,0.6827113291147924,0.7725735218970409,0.9049315186013058,0.9443834278905732,0.8141237078825918,0.8907283270583697,0.9225015741707872,0.9341976401680094,0.21151139151266984,0.8175997772209664,0.9398636845831869,0.8517144868263774,0.9341976401680094,0.9152582079543841,0.7539334992316542,0.9526370111116405,0.8453085223330421,0.7143607147557585,0.9176344520056336,0.8993922310882432,0.9582144552981327,0.7301312695908229,0.8918007079504506,0.9562880686171875,0.9164419655193166,0.944383427890573,0.944383427890573,0.9544316996038003,0.9582144552981327,0.9250013316406696,0.8255663034700989,0.9129151319089186,0.9475597985845114,0.9475597985845114,0.7125274559321444,0.9071820194155717,0.08671734220308636,0.8717146038820361,0.0,0.9562880686171873,0.0,0.0,0.8187498553347687,0.2115113915126693,0.9188361382271664,0.0,0.7334713952978882,0.8377384241745145,0.4006068367505189,0.8527760996057685,0.8811713725919912,0.8058499662916012,0.903814238682265,0.47795836130872293,0.8399134433261015,0.9428469360414604,0.8864622842804515,0.4408515443948542,0.9176344520056336,0.7711949776746385,0.6473831763250284,0.9250013316406696,0.9428469360414602,0.9459533477380775,0.7846176027958278,0.9562880686171873,0.8961186971729789,0.9526370111116405,0.9004911494084331,0.938412400887346,0.9328339505740528,0.935580996038617,0.848519788337875,0.9237454173815312,0.9060540201833016,0.9355809960386168,0.7223272158432528,0.9526370111116405,0.17526171623055564,0.9508971383859763,0.9140827360776205,0.8570084033315839,0.8399134433261015,0.4654487838138114,0.8570084033315841,0.5711669571562623,0.77934241058442,0.8896584524348263,0.9475597985845114,0.7766590274917051,0.9262700211315917,0.9623211158059548,0.8058499662916013,0.8463809254714865,0.7876282222528316,0.8034406041869142,0.938412400887346,0.9071820194155717,0.8822265994777512,0.0,0.9544316996038,0.9164419655193174,0.9492063492063487,0.8612222667022558,0.938412400887346,0.9459533477380777,0.9262700211315917,0.831146423199498,0.9355809960386168,0.8046479448175343,0.9602211523225772,0.7935775465776653,0.9398636845831869,0.8664724446651941,0.06018876900102055,0.9428469360414602,0.7143607147557588,0.9152582079543841,0.9341976401680094,0.7806724477786732,0.880117361849238,0.7318083230664854,0.8633240709217587,0.9188361382271666,0.6991852245234744,0.8612222667022558,0.9250013316406696,0.960221152322577,0.9369854052620166,0.9508971383859763,0.8388272306091986,0.9027019168030597,0.525843532183836,0.03139863267861631,0.7960789049353036,0.8409971458279799,0.9623211158059548,0.8790644420447877,0.9526370111116405,0.9176344520056336,0.9164419655193168,0.932833950574053,0.9015943008452869,0.9250013316406696,0.9369854052620166,0.500567215157067,0.9398636845831867,0.9475597985845112,0.9544316996038,0.9623211158059548,0.0,0.9188361382271668,0.8654234385275936,0.8070467719220202,0.9200475251844384,0.0,0.8832831707913575,0.8244397822834253,0.9060540201833016,0.34458474155865637,0.9038142386822647,0.8918007079504506,0.8811713725919912,0.7859181167692968,0.9275522446953854,0.9060540201833014,0.6598989712921809,0.8907283270583697,0.9562880686171873,0.9027019168030597,0.9288488221297497,0.9526370111116405,0.9152582079543841,0.9623211158059548,0.9275522446953854,0.9459533477380777,0.9623211158059548,0.9413411539914587,0.9288488221297497,0.9492063492063487,0.6783615558233285,0.8843412180810755,0.9582144552981327,0.9492063492063489,0.9384124008873462,0.7806724477786728,0.8022278398026612,0.03139863267861631,0.9544316996038003,0.08671734220308558,0.03139863267861631,0.03139863267861631,0.3741839079094693,0.0,0.944383427890573,0.4527606561376478,0.0,0.9341976401680094,0.535161772248302,0.9582144552981327,0.9526370111116405,0.9562880686171873,0.9508971383859763,0.03139863267861631,0.7960789049353036,0.8580633769736241,0.935580996038617,0.8409971458279799,0.0,0.9071820194155722,0.9526370111116405,0.9341976401680094,0.7935775465776653,0.9083158055901508,0.9582144552981327,0.9508971383859763,0.9369854052620166,0.9152582079543841,0.6284764518573093,0.9492063492063487,0.4006068367505189,0.92126914699118,0.9250013316406696,0.6848496741376318,0.9398636845831869,0.9582144552981327,0.930160641445072,0.9526370111116405,0.9071820194155722,0.8420784215528954,0.0,0.9492063492063487,0.8822265994777507,0.960221152322577,0.8377384241745145,0.944383427890573,0.9398636845831869,0.8244397822834253,0.06018876900102055,0.7569089328329721,0.7846176027958276,0.0,0.0,0.40880739824839063,0.6991852245234742,0.9027019168030597,0.8058499662916013,0.8453085223330421,0.8152867967569688,0.8399134433261015,0.7997856146881548,0.9328339505740528,0.8129560940834346,0.0,0.9004911494084331,0.9544316996038,0.9623211158059548,0.831146423199498,0.9582144552981327,0.831146423199498,0.0,0.0,0.7739436107925914,0.9492063492063487,0.7819949015164562,0.938412400887346,0.8570084033315841,0.8993922310882436,0.6856702229525599,0.8993922310882436,0.8344556057285131,0.8506512873935228,0.0,0.9152582079543841,0.8175997772209664,0.9508971383859763,0.9582144552981327,0.5526275082095407,0.7351207557283752,0.43182584581086747,0.9176344520056336,0.9508971383859763,0.8591172857456586,0.0,0.8266892096935958,0.9176344520056336,0.8993922310882436,0.8727631680356078,0.8654234385275936,0.9413411539914582,0.9049315186013054,0.8538362113124116,0.9562880686171875,0.8685695845092949,0.862273520033598,0.9443834278905732,0.9602211523225768,0.9225015741707872,0.2586095064370061,0.8129560940834346,0.9544316996038,0.03139863267861631,0.8759110188590655,0.9288488221297497,0.9152582079543841,0.92126914699118,0.9623211158059548,0.9152582079543841,0.9623211158059548,0.9623211158059548,0.9027019168030597,0.3647019568709454,0.8961186971729789,0.9492063492063487,0.9602211523225768,0.938412400887346,0.938412400887346,0.8322525541058978,0.9428469360414611,0.9475597985845114,0.9288488221297497,0.5210240199989242,0.9508971383859761,0.7684119013812074,0.3833143586062788,0.7125274559321442,0.7447432793600621,0.0,0.8918007079504506,0.9492063492063489,0.758381053055492,0.960221152322577,0.9328339505740528,0.9341976401680097,0.855952276285969,0.0,0.7399891659895361,0.8058499662916012,0.9341976401680094,0.8058499662916012,0.8266892096935958,0.8129560940834346,0.9544316996038,0.7143607147557588,0.6716454483484393,0.8058499662916012,0.7431708752992889,0.9355809960386166,0.6761489807685291,0.9623211158059548,0.9355809960386168,0.9492063492063489,0.8982973238138026,0.930160641445072,0.8388272306091984,0.4779583613087228,0.8106069085572598,0.9492063492063489,0.03139863267861631,0.8420784215528954,0.861222266702256,0.5110414539348817,0.7766590274917051,0.7524297972473162,0.0,0.9856724533720749,0.8633240709217587,0.9225015741707872,0.0,0.8399134433261015,0.9428469360414604,0.9582144552981327,0.2115113915126694,0.03139863267861631,0.9114861522954751,0.9314886672615051,0.897206214237533,0.9288488221297497,0.9083158055901508,0.9355809960386172,0.8129560940834346,0.0,0.9275522446953854,0.0,0.9582144552981327,0.8333555867103808,0.8843412180810759,0.9623211158059548,0.9262700211315917,0.8022278398026612,0.904931518601306,0.9225015741707869,0.0,0.8322525541058978,0.8210376473859937,0.8506512873935228,0.9250013316406696,0.40060683675051967,0.9544316996038003,0.3227392978460525,0.9237454173815312,0.392115299153029,0.8928757609748668,0.7948313236856197,0.392115299153029,0.9225015741707872,0.9544316996038003,0.885400876353422,0.392115299153029,0.9623211158059548,0.931488667261505,0.9508971383859763,0.885400876353422,0.9475597985845114,0.9237454173815312,0.9341976401680094,0.8918007079504506,0.9152582079543841,0.9355809960386168,0.9140827360776211,0.930160641445072,0.9475597985845114,0.9384124008873462,0.7301312695908225,0.9225015741707872,0.9015943008452869,0.8333555867103808,0.42440193597169273,0.9083158055901508,0.930160641445072,0.9508971383859763,0.9526370111116405,0.9015943008452867,0.8939536575643379,0.9275522446953854,0.9275522446953854,0.9004911494084333,0.9544316996038,0.9562880686171873,0.5974763156586966,0.9262700211315922,0.8664724446651935,0.9176344520056336,0.9250013316406696,0.6549904556417999,0.9369854052620166,0.9237454173815312,0.9492063492063487,0.8366469404145511,0.8780124908814328,0.9129151319089186,0.9004911494084333,0.6623067578386677,0.9562880686171875,0.9188361382271666,0.5906675167558797,0.9314886672615046,0.944383427890573,0.926270021131592,0.8993922310882434,0.6040574193889983,0.7598430279509716,0.9398636845831869,0.6739104850582693,0.9475597985845114,0.8832831707913573,0.7143607147557586,0.9526370111116407,0.9508971383859763,0.8864622842804517,0.9275522446953852,0.9526370111116405,0.8982973238138026,0.8633240709217587,0.708808264663793,0.9459533477380775,0.9459533477380775,0.8322525541058978,0.9341976401680094,0.9027019168030599,0.9526370111116405,0.8591172857456586,0.9341976401680094,0.9562880686171873,0.8928757609748668,0.9328339505740528,0.9508971383859763,0.960221152322577,0.8854008763534222,0.9582144552981327,0.7197593917099125,0.9562880686171873
p121_G,0.8858847187851939,0.9771865070849174,0.8057785301589869,0.9067169102590357,0.9369854052620168,0.953255582527178,0.8588265258717867,0.8640986634013126,0.9129412260730059,0.9506503681784946,0.5601407473810666,0.9877220281917203,0.9349426948340502,0.941740990578956,0.9570748126121906,0.8578283462385059,0.9310020898787328,0.915004851984079,0.9481608601832736,0.9506503681784948,0.8604642587137392,0.5724333496475309,0.9200817943852442,0.9950927970641263,0.5840119435396279,0.9150048519840788,0.9310020898787328,0.8963379163019165,0.9506503681784946,0.9542445815041722,0.9458421999117053,0.996557344576431,0.9290959183459289,0.9358530937879614,0.9913026731221013,0.9481608601832734,0.4448092126688975,0.9290959183459286,0.953255582527178,0.913357303376791,0.8751860185986187,0.9166738102381802,0.953255582527178,0.8919625271106497,0.8185778635188606,0.8107481323062018,0.4220330480075587,0.876549336484121,0.6333868655813945,0.8657679762547947,0.996557344576431,0.8638590368044659,0.956870021616921,0.9272278453848011,0.9779901913198821,0.9117298605520907,0.9117298605520907,0.9369854052620163,0.7225525935791477,0.39918614183295487,0.8834506330434524,0.990978289398482,0.9150048519840792,0.9064840699954799,0.9457709851868579,0.8062306205163001,0.9365826632500471,0.821294417886119,0.994085696353548,0.8568532843697213,0.9023265168341346,0.913357303376791,0.9913026731221013,0.8090990941641019,0.9369854052620163,0.8219166957221848,0.9235944347702931,0.9721643839492673,0.9552752262417247,0.953255582527178,0.9253948970823005,0.951725813502877,0.9085306004621045,0.915004851984079,0.9369854052620163,0.8978173148387736,0.8015116294576092,0.757646272787821,0.7989125516244425,0.93494269483405,0.9369854052620163,0.9254867932704707,0.8147982173265638,0.9752553466632938,0.98737531725128,0.971137692094667,0.9893946126534725,0.7896392991214698,0.8004508936637529,0.9421276614770782,0.9117298605520907,0.9429902492134532,0.9369854052620168,0.8497488428273543,0.5397619320011682,0.3368910031777078,0.7512080915307178,0.8657123358127303,0.9218241042345277,0.8361454645127424,0.9839224347982667,0.9166738102381797,0.7606222572952097,0.5397959532078591,0.4220330480075587,0.7544922601326123,0.7382223882592143,0.9481608601832732,0.953255582527178,0.8497488428273545,0.8919625271106497,0.915498465595191,0.9218241042345274,0.9069566644903913,0.666343451687501,0.7199599970228945,0.4448092126688975,0.9112359182136069,0.9349426948340505,0.8575821538303012,0.8421500073984989,0.9412414838519023,0.936582663250047,0.953255582527178,0.9810860991992141,0.9422157116080982,0.9338538560095986,0.943467974097185,0.3968105313125939,0.9843238957181937,0.9128152378045387,0.368735959616575,0.8302612179719406,0.8408491588837401,0.9770964061020024,0.8890928172755166,0.8971490513732796,0.952818037112177,0.9133573033767912,0.9026933628314502,0.91322689738052,0.9853322225258763,0.8706246046154715,0.8525812245745796,0.9965573445764311,0.913357303376791,0.8697799112734452,0.9665852122032705,0.8168470805113559,0.8866634059168488,0.9563990540073419,0.8272219822788086,0.9616684643803335,0.9191375554816545,0.7572532287816436,0.8963379163019165,0.9895154326131527,0.71793931324218,0.9732023243541322,0.992154613586478,0.9038554657884541,0.48448463823157795,0.9117298605520909,0.8736571882670514,0.8240659771971249,0.8764916349243244,0.9481608601832732,0.8665350367911271,0.900810973023598,0.8881395083311507,0.8905232684471212,0.9497644971707846,0.8447916714707595,0.9349426948340505,0.9807367151933887,0.8240659771971253,0.8239134490485776,0.9414543417011054,0.9272278453848011,0.9794798384951365,0.9329497321807896,0.9129412260730061,0.957079681056072,0.926049778279449,0.8541150780952051,0.9369854052620163,0.9390829980374291,0.9329497321807898,0.9080787883543033,0.910411551505233,0.9849349812060153,0.9594986384506099,0.9369854052620163,0.8418002028850208,0.9260497782794488,0.9506503681784946,0.9369854052620163,0.8907404833799742,0.9302334181929381,0.8591451287364844,0.9771253363085551,0.9145903768331316,0.9349426948340502,0.9369854052620163,0.9219714341985399,0.9369854052620161,0.9493509050636675,0.9477806772778539,0.9672543872250974,0.9369854052620163,0.676397375014969,0.9369854052620163,0.8996829318210366,0.9841069050033682,0.9678215615187198,0.8506369201724969,0.9412414838519025,0.9724733408176929,0.9329497321807896,0.5949478945425437,0.9694100907323093,0.9490592052587878,0.8358605379776056,0.9358530937879612,0.943467974097185,0.8744295702264886,0.8644375806981959,0.9926491931691895,0.8724740464567162,0.7161258685124613,0.8948693468634781,0.9310020898787326,0.9979963553697826,0.9329497321807898,0.9369854052620163,0.9113067123177234,0.9369854052620163,0.9528858967621081,0.9302334181929381,0.943467974097185,0.8499606020007393,0.9025654825874349,0.9390829980374291,0.8934110566484068,0.5840119435396274,0.9872911449181456,0.7472186948489323,0.8278323671212413,0.9412414838519025,0.895045587288557,0.8679473730861484,0.9312963087719359,0.93494269483405,0.9457709851868579,0.8845271337779361,0.953255582527178,0.8420007259659192,0.8168209721356969,0.91667381023818,0.8665350367911269,0.9820039428649929,0.943467974097185,0.9378900453582131,0.7828178419997123,0.9724733408176929,0.3368910031777078,0.7877637952475482,0.8934110566484073,0.951725813502877,0.9096861238372791,0.3368910031777078,0.8160370169864275,0.8643371891276947,0.6802747668308493,0.873827676815808,0.9796265153694579,0.9412414838519025,0.9358530937879614,0.7606222572952102,0.5019344689077634,0.9412414838519023,0.711453715344164,0.8513140092331875,0.9481608601832734,0.8982078281410626,0.9735541517463953,0.8249859972997305,0.9312963087719357,0.9481608601832734,0.9369854052620168,0.8806173188769295,0.9329497321807898,0.9365826632500476,0.7781429858473838,0.8738276768158078,0.9429902492134529,0.9957674544753028,0.8963379163019165,0.8964781472188237,0.9213491646760281,0.8565137343618394,0.8739148831708863,0.9771165293910259,0.9183207627172294,0.8693626884146951,0.9506503681784946,0.8806719604852848,0.9506503681784948,0.5159723978768025,0.8948693468634783,0.8876707345437711,0.9991256173192247,0.9369854052620163,0.943467974097185,0.8966050986561025,0.9150048519840792,0.3368910031777078,0.9457709851868579,0.9067193050929399,0.9369854052620163,0.0,0.9481608601832734,0.953255582527178,0.5330602223627514,0.7633283852175534,0.9183656033219387,0.943467974097185,0.9638501195010558,0.825182850630901,0.9667480998914222,0.9290959183459291,0.8027410855239232,0.9412414838519028,0.8448771028779444,0.9730300723290997,0.9272278453848011,0.8890928172755164,0.953255582527178,0.9423743669407394,0.8993081265656122,0.9724733408176929,0.5180738075959727,0.93494269483405,0.9105790217775471,0.9114911763347564,0.7606222572952102,0.9037277891265614,0.9624514466121519,0.9369854052620163,0.9973016254171336,0.8978173148387734,0.9008109730235982,0.7046964066654735,0.9506503681784946,0.9921546135864782,0.9369854052620163,0.9369854052620163,0.913357303376791,0.9902509771638304,0.8511402259456595,0.9369854052620161,0.9812882646010125,0.9369854052620168,0.941740990578956,0.7881092891784469,0.926049778279449,0.9369854052620168,0.943772438814358,0.9389585973436582,0.9405512253203157,0.9546450917662912,0.9369854052620163,0.7803221373145499,0.8963379163019165,0.9792333210995077,0.7961677493276365,0.6341150863878606,0.9198548109866574,0.9412414838519025,0.7470155233332094,0.9369854052620163,0.7125238775622009,0.9150048519840792,0.8896667955588826,0.9587805933756468,0.9390829980374289,0.8938665427610049,0.9779901913198821,0.9369854052620163,0.993704375978276,0.9363537013336558,0.9369854052620163,0.9821463001596107,0.9092875428757148,0.8488679347497984,0.9440034360823041,0.7546438909083386,0.9369854052620163,0.9593039582422708,0.9989916785731423,0.8672518908219962,0.6765317548678021,0.7539022806283828,0.8848500287036505,0.8862566036435153,0.9324146244726688,0.4220330480075587,0.8738276768158078,0.8591451287364844,0.964170004482718,0.817354053624211,0.9527711463763984,0.8366134476050209,0.9200817943852442,0.3968105313125939,0.956870021616921,0.9369854052620163,0.7918579992207196,0.8779179059734528,0.8153653597703889,0.9253948970823003,0.6500288760033341,0.9843238957181939,0.9142168962274368,0.9390829980374291,0.9329497321807896,0.9253948970823005,0.9369854052620168,0.8816008595546362,0.7865245135839781,0.9257124459883883,0.9481608601832734,0.8344527069141838,0.9506503681784948,0.9272278453848009,0.8594771551273883,0.9181364588275017,0.938958597343658,0.9506503681784946,0.8260447831101065,0.96782156151872,0.9553462017783088,0.91667381023818,0.9235944347702933,0.7685463059719866,0.9412414838519025,0.8993081265656122,0.9690801727892031,0.7925445579864343,0.9616684643803335,0.9377821213923414,0.9721643839492675,0.9069566644903915,0.949454551385023,0.9508639258557838,0.8820580577672701,0.9310020898787328,0.7694019028724448,0.6904120146500452,0.941740990578956,0.9950286745612719,0.9035653652248619,0.9642290120917262,0.934296642316799,0.7780180004969555,0.9183656033219387,0.5039414405357032,0.7181198450762898,0.9412414838519025,0.8080897785000023,0.933122470987876,0.9937773364805663,0.9064840699954799,0.7268627140717182,0.9019925705328029,0.8657679762547947,0.9919033068160935,0.9964366158728784,0.9310020898787328,0.9310020898787328,0.9365826632500471,0.9481608601832732,0.945842199911705,0.8312991926525373,0.8919625271106497,0.48448463823157806,0.9349426948340502,0.8287845776060832,0.9828074695633925,0.9310020898787328,0.8408491588837401,0.9369854052620163,0.3063205188485628,0.9369854052620163,0.9369854052620163,0.7751411006332307,0.920081794385244,0.9723980610103105,0.9369854052620163,0.7872013003755214,0.8232672162068193,0.9283102964892211,0.9191315085911913,0.7238457314513385,0.698993052397695,0.9129412260730061,0.8792920141466947,0.80139664438009,0.8264327167843049,0.9958829732901835,0.9457709851868581,0.9700875472925472,0.9110135621318769,0.8983146622607212,0.6653024458751577,0.9290959183459286,0.9843238957181939,0.8940206058120219,0.9457709851868579,0.7917814937520987,0.4220330480075587,0.8765493364841208,0.9694100907323093,0.9130732958657555,0.9200817943852442,0.8120736745722201,0.6341150863878606,0.8834506330434524,0.9200817943852442,0.9882715677561686,0.9991256173192247,0.9235944347702933,0.9390829980374291,0.7215786826937066,0.874111544718511,0.9741308692191786,0.9434679740971852,0.8226046489234888,0.9310020898787328,0.7377287966305516,0.812400501139158,0.9877220281917203,0.86272873269166,0.9479529588566924,0.9751129258825253,0.8403502994864105,0.965287251015811,0.8792920141466944,0.961631748528288,0.9694100907323093,0.8848500287036505,0.9390352294244491,0.9369854052620163,0.3968105313125939,0.9964366158728782,0.9913026731221013,0.9843913959203323,0.9694100907323095,0.9129277772069977,0.657823457197432,0.9424224160797433,0.9200817943852442,0.7576462727878208,0.9506503681784948,0.8350693703705339,0.8407576685828648,0.8343457370300271,0.9843238957181939,0.9779901913198821,0.875219848466557,0.8948693468634783,0.9616684643803335,0.8292347353062457,0.8793720391726747,0.9747745601159941,0.830439865086853,0.9179670373226423,0.8147982173265638,0.8329564038140613,0.9069566644903913,0.9132268973805199,0.9883279044516831,0.9950927970641263,0.8552438717702334,0.9433214104887524,0.8671016868583243,0.93494269483405,0.8080685444079962,0.9004739113325246,0.9751129258825254,0.8779295299283143,0.9412414838519023,0.8978173148387736,0.6390183897888616,0.9130732958657555,0.9314727868435894,0.6653024458751581,0.9667480998914222,0.9049013665285812,0.9253948970823,0.9877220281917203,0.3968105313125939,0.953255582527178,0.9369854052620163,0.735242201210897,0.8330443401899563,0.9092359392244339,0.9008109730235982,0.9369854052620161,0.9165682649974483,0.8542918154275814,0.8834506330434524,0.9417409905789562,0.7643661180497823,0.8657679762547945,0.8525812245745794,0.9210560661806741,0.9101213268023747,0.9853322225258766,0.8400184814374101,0.8941142743416461,0.3686462268456113,0.768546305971987,0.9117298605520907,0.7693378488114864,0.9990384391481416,0.953255582527178,0.8099742568012582,0.9843238957181939,0.9751129258825254,0.9272278453848011,0.8447916714707591,0.9369854052620168,0.9280287835949238,0.7706472553476997,0.9481608601832736,0.9369854052620168,0.9235944347702931,0.8525433137036198,0.8956384605426095,0.93494269483405,0.6966839379445116,0.9810860991992141,0.93494269483405,0.93494269483405,0.9358530937879613,0.9369854052620163,0.9810860991992141,0.7842937169639572,0.9369854052620163,0.9183656033219387,0.8644375806981959,0.986843854667725,0.4220330480075587,0.9457709851868579,0.9390829980374291,0.93494269483405,0.9954015685169627,0.8239134490485776,0.9200817943852442,0.802741085523923,0.9369854052620163,0.8848500287036505,0.9412414838519025,0.9183656033219387,0.9754088007236272,0.7465982668051004,0.9481608601832732,0.8928876048824791,0.9218241042345277,0.8575821538303015,0.9218241042345277,0.35689011255688163,0.8948693468634783,0.977164301389462,0.9069566644903913,0.9291096658772008,0.9253948970823007,0.9868438546677248,0.9545623789260471,0.4220330480075587,0.8848500287036505,0.804082516008658,0.9369854052620163,0.9000627911577295,0.7771484687400034,0.9506503681784946,0.8478361164317427,0.46798979827549125,0.9253948970823005,0.9774940023829348,0.9843238957181939,0.9978115775130898,0.9639923733842708,0.9369854052620163,0.9369854052620163,0.7565796154807866,0.6996430494860515,0.9286197968271314,0.9711733710619688,0.8080897785000023,0.7708448307368134,0.680400681102644,0.7985408612872549,0.959237033712196,0.9338953557284986,0.9369854052620163,0.9342739522947868,0.3968105313125939,0.953255582527178,0.7905202806671945,0.3368910031777078,0.8390761539859333,0.9369854052620163,0.9369854052620163,0.8826549497960849,0.9369854052620168,0.8461070991153423,0.5724333496475311,0.848358096821,0.8751860185986187,0.990094017201337,0.43625685067042774,0.7946256519630464,0.9575777626362936,0.9369854052620161,0.8948693468634783,0.7737143139162699,0.33278961461550294,0.986843854667725,0.9378942141008505,0.9273323089777527,0.8890928172755166,0.8978173148387736,0.9390829980374291,0.6045545192138775,0.9369854052620163,0.7849906623320979,0.8978173148387736,0.8751860185986189,0.6135963722775757,0.9124442301283535,0.9272278453848011,0.8820580577672703,0.9006227189338711,0.9457709851868579,0.8369474483722923,0.8815030345558235,0.9810860991992141,0.9506503681784946,0.9824879598400399,0.915004851984079,0.7916593605787672,0.943467974097185,0.93494269483405,0.8506369201724968,0.9523096052149489,0.8948693468634783,0.8731601294998835,0.953255582527178,0.9655974895223982,0.9034814342922285,0.953255582527178,0.7685463059719875,0.9377834594303427,0.8711248729670611,0.9369854052620168,0.9812882646010125,0.5724333496475311,0.9235944347702931,0.9162279318481581,0.9290959183459291,0.9349426948340502,0.8447916714707591,0.8684389251881861,0.7248582078023881,0.7826175785114966,0.8853719877999064,0.7807978673500404,0.753132475493679,0.9369854052620163,0.8657679762547945,0.9369854052620168,0.8092677010394558,0.9506503681784946,0.9166738102381802,0.9950286745612719,0.8449511898239374,0.9369854052620163,0.757646272787821,0.8403502994864105,0.9183656033219387,0.7826970416103487,0.7849906623320979,0.7679533613871452,0.3968105313125939,0.7793910081937734,0.7674295546837693,0.7826970416103489,0.9868660647621652,0.9200817943852442,0.7721654530590376,0.953255582527178,0.9641700044827177,0.9369854052620168,0.7843617363436834,0.8806173188769295,0.8000490890639185,0.8966050986561026,0.974774560115994,0.7371109875774766,0.93494269483405,0.8536610230431643,0.8539255385877567,0.7304917422464915,0.7462241442838129,0.9034898644001179,0.9369854052620163,0.7843047955768001,0.8805299611215884,0.9796265153694581,0.9369854052620163,0.8260729622142455,0.9731155357061645,0.3368910031777078,0.815388945029915,0.93494269483405,0.9095502226904357,0.9987351912497628,0.788109289178447,0.7230524374821841,0.8862566036435151,0.9917417854198085,0.8527506515469052,0.9369854052620163,0.7699879116017769,0.9369854052620163,0.9481608601832732,0.8907404833799737,0.8565137343618388,0.953255582527178,0.9479529588566924,0.7781429858473836,0.9471226958989929,0.6415182367255197,0.9369854052620163,0.9648745187924734,0.9110327348546934,0.9069768236547195,0.9069566644903913,0.8948693468634783,0.7566586192708953,0.9069566644903913,0.9053985774691049,0.9320797389103184,0.8671016868583241,0.856684216219076,0.9320797389103184,0.9446024350495378,0.943467974097185,0.8249859972997305,0.9320797389103184,0.953255582527178,0.9150048519840792,0.9950927970641261,0.8249859972997304,0.9349426948340502,0.9053985774691051,0.9183656033219387,0.8657679762547947,0.6807617971830027,0.7713007349324409,0.8934110566484075,0.9957674544753028,0.9877220281917201,0.9235944347702931,0.8375365895474427,0.6794037615160227,0.8779179059734528,0.8907404833799739,0.9591535679622782,0.8862566036435156,0.9545623789260471,0.9390829980374291,0.4220330480075587,0.9414543417011052,0.8986797000234015,0.6500288760033345,0.950107672001856,0.876549336484121,0.27686116865982613,0.3686462268456113,0.8707811959424188,0.9085306004621043,0.8874770946298924,0.9700875472925468,0.6264169104538444,0.842798417365956,0.9218241042345274,0.9053985774691049,0.46552464827705076,0.9689646303987689,0.8764916349243244,0.5189610582106907,0.876549336484121,0.8133969328652473,0.9919033068160935,0.9910569717673405,0.8460552306072358,0.9150048519840788,0.9310020898787328,0.5001340236190819,0.9064840699954799,0.8679473730861487,0.8187962785601046,0.5601407473810666,0.8565725788820475,0.9349426948340502,0.9122587745531014,0.8033482182619691,0.9412414838519025,0.38879941364220016,0.8591451287364844,0.9101213268023745,0.8851061157461311,0.9359750562413547,0.8829908057762275,0.8076665364508455,0.9329497321807898,0.45056030537035985,0.8891857203745814,0.9517258135028771,0.8792920141466947,0.7114537153441645,0.9933439869570654,0.6053029250357178,0.3686462268456113,0.8971490513732796,0.9981997428137876,0.9390829980374291,0.9506503681784946,0.8866634059168486,0.9481608601832732,0.798996323610923,0.3063205188485628
p121_N,0.7963356519499134,0.9517441295565183,0.9109895373928905,0.9362456943690349,0.9582144552981327,0.9690033562225546,0.7922692907249289,0.7950896414683801,0.9208725034246266,0.967275815149292,0.9505286850464205,0.9568599156354454,0.9568599156354454,0.9362456943690349,0.9264564493231808,0.8856848936483532,0.9542468650366518,0.9436389526644002,0.965625,0.967275815149292,0.9074725945748123,0.9843798933538866,0.9254223119773604,0.9593605721085062,0.9481608601832734,0.9436389526644,0.9542468650366518,0.9312607396704551,0.9672758151492922,0.9825847881236034,0.9383021271292229,0.9625131050152524,0.9529828655437629,0.9332303128187662,0.9582144552981327,0.965625,0.9596053879391779,0.9529828655437629,0.9690033562225548,0.9425464483602057,0.9172347260035334,0.7473555487996801,0.9690033562225546,0.9283593797331275,0.9542468650366518,0.8745053838668202,0.9610366993022685,0.8081635455684225,0.942546448360206,0.9109895373928905,0.9625131050152522,0.8762618273483116,0.9436389526644,0.9517441295565183,0.6933200547968162,0.9414672763813328,0.941467276381333,0.9582144552981327,0.9552047908760306,0.9555383641697375,0.9227150661971699,0.9281584116206856,0.9957912204911729,0.9469207829576383,0.964040252388596,0.8903419420496905,0.9625131050152524,0.9699258116973511,0.810631735747056,0.965625,0.9352318345617441,0.942546448360206,0.9632002305182419,0.9681762475129838,0.9582144552981327,0.906597867618917,0.9493347822888889,0.9505286850464205,0.8676494287670122,0.9690033562225546,0.9818060040046752,0.99148264814709,0.9393458182324887,0.9436389526644002,0.9582144552981327,0.932241742150131,0.9493347822888889,0.8733481182086196,0.6934727095531915,0.9568599156354454,0.9582144552981327,0.9109895373928905,0.8962170259453923,0.9176596541595285,0.8325117480738042,0.9181387543589391,0.9092272046561756,0.9074725945748123,0.7679924152536273,0.8039725851265408,0.941467276381333,0.9610366993022685,0.9582144552981327,0.8551170684649475,0.9326468089069148,0.965625,0.9236430180495621,0.8277345205711413,0.9218485695187231,0.8607445789665018,0.8979178384019251,0.9447456538980155,0.8175595086733717,0.9255134534695351,0.9610366993022685,0.840900510655941,0.9517441295565183,0.965625,0.9690033562225546,0.9672517146179538,0.7207076030187888,0.9057246972976496,0.9481608601832736,0.7804031632257749,0.9436389526644005,0.9982628821611542,0.9596053879391779,0.6989031042017513,0.9568599156354454,0.5069074692287063,0.8684466411726351,0.9610366993022685,0.9625131050152522,0.9690033562225546,0.9542468650366518,0.8727426055411927,0.9814223902914916,0.9625131050152524,0.9625131050152522,0.9555383641697377,0.9223215509727927,0.967275815149292,0.9358227266210354,0.8944656454039726,0.9074725945748126,0.8768331242200346,0.998817981216154,0.9059500308908428,0.5805350414762356,0.8270601489234033,0.967275815149292,0.9227150661971699,0.8814987207179206,0.8934819189973995,0.9625131050152524,0.9425464483602062,0.9542304488965455,0.9293199127017768,0.9568868616159543,0.947442779108449,0.885794313904009,0.9610366993022685,0.9458674971126175,0.7887187728537042,0.9154363928771068,0.9312607396704551,0.7744054318602516,0.9922022799705811,0.9393458182324887,0.9811187570828699,0.9362456943690349,0.9568599156354454,0.941467276381333,0.9505912604680005,0.9905189465353295,0.7782494413739907,0.965625,0.8936031902522541,0.9342268638258986,0.906597867618917,0.9274049943645877,0.9083489988323228,0.9414672763813328,0.2031772652664593,0.703401904747305,0.879757933706885,0.8832354238447044,0.5753747490155741,0.7025265822012212,0.9372689456075767,0.9555383641697375,0.9390675962200333,0.7650180104070291,0.8270601489234033,0.9227150661971699,0.9582144552981327,0.9596053879391779,0.9555383641697375,0.6713146955321029,0.8647169462584845,0.9109895373928905,0.35589777782974974,0.9582144552981327,0.8918783860608352,0.8012314698665088,0.967275815149292,0.9582144552981327,0.9686832863606912,0.9302869180633688,0.906597867618917,0.8823675467067159,0.9688588518247441,0.9568599156354454,0.9582144552981327,0.7842064772164408,0.9582144552981325,0.9835434409405949,0.8674107520354717,0.8647169462584847,0.9582144552981327,0.8858340936764977,0.9582144552981327,0.893284681363264,0.9806215235201541,0.9312607396704551,0.8979178384019251,0.9610366993022685,0.817374879811649,0.9555383641697375,0.9470055188469617,0.9493347822888889,0.9349028572421432,0.9002689993697954,0.933230312818766,0.9625131050152524,0.9172347260035333,0.7034709661430432,0.9199574485923749,0.9154363928771068,0.9814510646731802,0.9673847887170084,0.9542468650366518,0.9057246972976496,0.8214797955300075,0.9582144552981327,0.802132573967864,0.9582144552981327,0.9457787189735977,0.9302869180633688,0.9625131050152524,0.42323203077616856,0.8173748798116489,0.9596053879391779,0.9293199127017768,0.9481608601832734,0.9118739328932484,0.9505286850464205,0.6989031042017515,0.9610366993022685,0.8944656454039726,0.9728761310858693,0.8038142058245121,0.9568599156354454,0.964040252388596,0.8592642631772311,0.9690033562225548,0.9255429155310315,0.9608008482337906,0.9320948271810627,0.9892659537837639,0.9367687566679366,0.6036350684130183,0.7969634014618981,0.8616345643826471,0.8792005618832213,0.965625,0.8257456842344685,0.9293199127017768,0.99148264814709,0.9190462651000917,0.965625,0.9384517567629049,0.8470883271446172,0.964040252388596,0.9163339973465923,0.9362456943690349,0.9610366993022685,0.933230312818766,0.7834421060580531,0.9555383641697375,0.9610366993022685,0.9610366993022685,0.8342814558669873,0.965625,0.9360492445646258,0.8971864431693024,0.9057246972976496,0.9479595951077231,0.965625,0.9582144552981327,0.9425464483602057,0.9555383641697375,0.9625131050152524,0.8227168701728215,0.9163339973465923,0.9610366993022685,0.942546448360206,0.49992188110256097,0.8480451455932458,0.9255134534695351,0.8046915962447666,0.9900988548597917,0.8967947636921045,0.8647169462584845,0.8953282497576123,0.967275815149292,0.9208725034246266,0.967275815149292,0.933230312818766,0.9302869180633688,0.9255134534695351,0.9610366993022685,0.9582144552981327,0.962513105015252,0.987405892261038,0.9436389526644005,0.965625,0.9640402523885963,0.9568599156354451,0.9582144552981327,0.9481608601832734,0.0,0.9690033562225546,0.926456449323181,0.9587846477856068,0.9458674971126175,0.3433239724699806,0.8981674209551731,0.8592642631772311,0.9481608601832734,0.9529828655437629,0.8691958391075139,0.9610366993022685,0.9332303128187662,0.8451634443215719,0.9517441295565183,0.8768331242200347,0.9690033562225546,0.8217392653025242,0.9332303128187658,0.8117728822598591,0.9542468650366518,0.9568599156354454,0.7399460024070028,0.9057246972976496,0.9881465217499649,0.7820963185522344,0.8508940408143368,0.9582144552981327,0.879757933706885,0.5972411246686125,0.9342268638258986,0.7018004875977799,0.9672758151492922,0.9827558590699044,0.9582144552981327,0.9582144552981327,0.401690600164902,0.8923809627682533,0.8841024249642828,0.9582144552981325,0.967275815149292,0.9582144552981327,0.9362456943690349,0.9154363928771068,0.8012314698665088,0.9582144552981327,0.9372689456075765,0.9493347822888889,0.8620020752690569,0.8422468139518781,0.9582144552981327,0.9022452837148789,0.9312607396704551,0.8129069456777993,0.810631735747056,0.9372689456075765,0.8927407985750284,0.9610366993022685,0.7950896414683802,0.9582144552981327,0.8332650413138039,0.9436389526644005,0.9216020313541384,0.860179532853107,0.4731563323946123,0.861092113458608,0.9529828655437629,0.9582144552981327,0.9524487759376711,0.8733481182086196,0.9582144552981327,0.7851377522013521,0.9327938339181783,0.8700853537305535,0.8480451455932458,0.7887187728537042,0.9582144552981327,0.852192925534684,0.9186425876141027,0.964040252388596,0.8283303053495079,0.8769196838878992,0.9236430180495621,0.9788461913526098,0.9145417437978427,0.9610366993022685,0.6340970598242208,0.906597867618917,0.9470055188469617,0.9738642515935688,0.906106095704513,0.8936031902522541,0.9470055188469617,0.9625131050152522,0.9436389526644005,0.9582144552981327,0.965625,0.9190462651000917,0.8461277862534453,0.8464753821068667,0.9404006431802039,0.9555383641697377,0.8682040520995337,0.9593605721085063,0.9555383641697377,0.9505286850464205,0.9582144552981327,0.9517441295565185,0.900512011166277,0.9208725034246266,0.8463068181818177,0.9815087400578082,0.5403739491423286,0.9791100127950296,0.9470055188469617,0.82398393025855,0.9493347822888889,0.967275815149292,0.9610282441802468,0.9312607396704551,0.9109895373928905,0.9447456538980157,0.8518092446394382,0.9662757781656686,0.9610366993022685,0.933230312818766,0.9922022799705809,0.8987819282972862,0.9458674971126175,0.7205132978929253,0.5081488273623462,0.9945610690582234,0.8683043280893408,0.8499792765287961,0.9217916370027819,0.9542468650366518,0.8814260230164841,0.9530430838774198,0.9362456943690349,0.9458674971126175,0.9470055188469617,0.8499479257057734,0.6434794492601545,0.8780124908814334,0.3649841007441669,0.9302869180633688,0.7975726767650841,0.9610366993022685,0.9088679893884184,0.9923557552405138,0.932241742150131,0.6752318008799815,0.965625,0.9136806902167052,0.9109895373928905,0.9640402523885963,0.9312607396704551,0.9542468650366518,0.9542468650366518,0.9625131050152524,0.965625,0.9383021271292231,0.8565016117177144,0.9283593797331275,0.9568599156354454,0.9568599156354454,0.7635098746985837,0.9236430180495621,0.9732924283946004,0.8944656454039727,0.9582144552981327,0.964040252388596,0.9582144552981327,0.9582144552981327,0.8039725851265408,0.9470055188469617,0.9332303128187658,0.9582144552981327,0.9516656009136069,0.9202097155215788,0.9302869180633688,0.8788858297250925,0.9022452837148789,0.8402819095372958,0.9208725034246266,0.9199574485923749,0.7389815511680625,0.9529828655437629,0.906597867618917,0.964040252388596,0.932241742150131,0.9859440788700544,0.8814987207179203,0.9383021271292231,0.9529828655437629,0.9555383641697377,0.8228150438933366,0.9640402523885963,0.9145417437978425,0.9610366993022685,0.918138754358939,0.7855239202822131,0.9447456538980155,0.8616362273895214,0.8753843628690849,0.9372689456075767,0.8399814728683523,0.7340640582138435,0.9877180384539763,0.9610366993022685,0.9493347822888891,0.9596053879391779,0.9293199127017768,0.7077762212924728,0.8683043280893408,0.9625131050152524,0.9685938234748075,0.9542468650366518,0.9455018712343598,0.9092272046561756,0.9568599156354454,0.8129069456777993,0.9393458182324887,0.9690033562225546,0.8402819095372956,0.8736248211051394,0.5705409261013967,0.8382998407874567,0.9493347822888889,0.9236430180495621,0.9031133691845503,0.9582144552981327,0.9625131050152522,0.9312607396704551,0.1773470886819868,0.9235852575057477,0.7192385959249885,0.9555383641697377,0.9393458182324887,0.861092113458608,0.9470055188469617,0.7861013304270676,0.967275815149292,0.8301859677307095,0.9818060040046752,0.7254990368153201,0.9555383641697377,0.9529828655437627,0.8883730833751753,0.7627282022777627,0.9458674971126175,0.8094833764446481,0.9013781987087917,0.8441952219411115,0.6942728322121249,0.9332303128187658,0.9281584116206856,0.8858340936764977,0.9945610690582236,0.967275815149292,0.9481608601832734,0.6352244122992435,0.8674107520354717,0.8484509035411572,0.9118739328932484,0.9568599156354454,0.9338800741201665,0.8691958391075139,0.9690033562225546,0.9781224201459011,0.9610366993022685,0.932241742150131,0.9653179186519115,0.9447456538980157,0.8511451049524841,0.9383021271292231,0.9481608601832736,0.8588815312388145,0.9505286850464205,0.6613388029563303,0.9625131050152522,0.9690033562225546,0.9582144552981327,0.6437885109709276,0.8892901999095582,0.9436186730193978,0.9342268638258986,0.9582144552981325,0.9721923519809479,0.8903419420496905,0.9227150661971699,0.9362456943690349,0.9208725034246266,0.9109895373928905,0.8934819189973993,0.9735878361982936,0.9404006431802039,0.6975993963076661,0.9137421426486896,0.9959788276248618,0.964040252388596,0.9199574485923749,0.941467276381333,0.9610366993022685,0.9302869180633688,0.927361400440734,0.9404006431802039,0.9555383641697375,0.9690033562225546,0.9517441295565183,0.9414672763813328,0.9582144552981327,0.941814708051132,0.9048529663349028,0.965625,0.6488589737837398,0.9493347822888889,0.8195695506328724,0.7887187728537043,0.9568599156354454,0.9625131050152524,0.9542468650366518,0.9568599156354454,0.9568599156354454,0.4851705698920621,0.9582144552981327,0.5385281889821132,0.7412828774444438,0.9582144552981327,0.9458674971126175,0.9101073401299777,0.965625,0.9610366993022685,0.5851007908169094,0.23005421253766434,0.9667798280829097,0.8322437174658712,0.8832354238447044,0.9470055188469617,0.7372025494796415,0.9582144552981327,0.9236430180495621,0.9610366993022685,0.9458674971126175,0.7975726767650843,0.9245757305468909,0.965625,0.9596053879391779,0.9481608601832736,0.9302869180633688,0.9481608601832736,0.9582144552981327,0.8138923488875743,0.9352318345617441,0.9383021271292231,0.8674107520354717,0.9505286850464205,0.965625,0.942546448360206,0.9610366993022685,0.9236430180495621,0.7354031975062657,0.9582144552981327,0.9582144552981327,0.9031133691845501,0.967275815149292,0.902060915956501,0.9542468650366518,0.9505286850464205,0.855574875783836,0.9555383641697377,0.8281074447167714,0.8059936873009318,0.9582144552981327,0.9582144552981327,0.7162087403934978,0.8930334991339011,0.9199574485923749,0.989290340807143,0.9449933732356441,0.8425402875730423,0.8683043280893405,0.8591888927881025,0.9447456538980155,0.8461277862534451,0.9582144552981327,0.5800821288412235,0.9625131050152522,0.9690033562225548,0.861092113458608,0.965625,0.9281584116206855,0.9582144552981327,0.9582144552981327,0.8151543300838585,0.9582144552981327,0.8083276721850543,0.9493347822888889,0.882367546706716,0.9172347260035334,0.7703414813454202,0.9172347260035334,0.9242227583786288,0.8771378467726849,0.9582144552981325,0.9302869180633688,0.8053800646385088,0.9596053879391779,0.9403409090909088,0.9256077995825025,0.8503975671878503,0.926456449323181,0.932241742150131,0.9596053879391779,0.8841024249642828,0.9582144552981327,0.7588981930784982,0.932241742150131,0.9172347260035334,0.8953282497576123,0.8892901999095582,0.2876514363105108,0.9217916370027819,0.8797579337068853,0.964040252388596,0.8918783860608352,0.8866989102900567,0.24868536270712205,0.967275815149292,0.9362456943690349,0.9436389526644002,0.7766003415235206,0.9625131050152522,0.9568599156354454,0.8979178384019249,0.9414672763813328,0.9302869180633688,0.4692608665476258,0.9690033562225546,0.9302869180633688,0.9690033562225546,0.40918518375717816,0.9199574485923749,0.9342268638258986,0.9145417437978425,0.963200230518242,0.967275815149292,0.9493347822888889,0.9843798933538864,0.8971926092335734,0.9529828655437629,0.9568599156354454,0.6475620550597221,0.9997356383868503,0.9596053879391779,0.9780956823185021,0.7540801690623641,0.9023626134564886,0.9258987741380018,0.9582144552981327,0.9109895373928905,0.9632002305182421,0.9960185040188976,0.967275815149292,0.6857757893392193,0.9458674971126173,0.8814987207179203,0.9582144552981327,0.7861013304270676,0.8402819095372958,0.9458674971126175,0.7847770412204685,0.7588981930784982,0.7766003415235205,0.9625131050152522,0.938322463515927,0.9449933732356441,0.8529481410826935,0.8373021566360079,0.9470055188469617,0.8709729405791935,0.9690033562225546,0.9470055188469617,0.9582144552981327,0.9612908916295111,0.9425464483602057,0.7407406669265032,0.9199574485923749,0.8441952219411115,0.9582144552981327,0.9568599156354454,0.7354031975062657,0.8858340936764977,0.9145417437978427,0.8129069456777993,0.8312173911187126,0.9582144552981327,0.8699902529647096,0.8875631490366904,0.9362456943690349,0.9582144552981327,0.8683043280893408,0.9055383025924691,0.965625,0.9470055188469617,0.9568599156354454,0.9098414308144025,0.9436389526644005,0.9154363928771068,0.9998226281102465,0.9245757305468909,0.9470055188469617,0.8461277862534455,0.9582144552981327,0.9982522182750793,0.9582144552981327,0.965625,0.9608008482337905,0.9291724979963367,0.9690033562225548,0.9393458182324887,0.8567149674919385,0.9217916370027819,0.9362456943690349,0.9582144552981327,0.8916641869793291,0.974173079973455,0.9032363779712866,0.9383021271292231,0.9302869180633688,0.9625131050152524,0.9383021271292231,0.7851377522013518,0.8618965769742782,0.9118739328932484,0.8312173911187126,0.8618965769742782,0.9362456943690349,0.9625131050152524,0.9057246972976496,0.8618965769742782,0.9690033562225548,0.9436389526644005,0.9593605721085062,0.9057246972976496,0.9568599156354454,0.9372689456075765,0.9914826481470901,0.9541896299485404,0.9302869180633688,0.9254223119773604,0.9293199127017768,0.942546448360206,0.6613388029563301,0.8518092446394382,0.9821979361118385,0.9362456943690349,0.9190462651000917,0.9960587809365496,0.9733018367704473,0.9245757305468909,0.942546448360206,0.9596053879391779,0.9610366993022685,0.9430685569314539,0.9127606676606757,0.9404006431802039,0.9404006431802041,0.9906286789501814,0.9625131050152522,0.964040252388596,0.9456466584549026,0.9393458182324887,0.9670227269270519,0.932241742150131,0.9383021271292231,0.9738642515935688,0.9218485695187224,0.9372689456075767,0.9582144552981327,0.9924985638733276,0.9399096127475324,0.9283593797331273,0.9181387543589392,0.9412188538116313,0.964040252388596,0.9861029598450544,0.8627254048875949,0.9436389526644,0.9542468650366518,0.9393458182324887,0.946920782957638,0.8703028975503369,0.9037682955617905,0.9505286850464205,0.9119232477869204,0.9568599156354454,0.9721923519809479,0.9383224635159271,0.9610366993022685,0.9593605721085062,0.906597867618917,0.9404006431802034,0.9610366993022685,0.9163339973465923,0.8875631490366904,0.7952728272746873,0.9555383641697375,0.9555383641697375,0.9972357888728779,0.9458674971126175,0.9199574485923749,0.9610366993022685,0.9658991494762945,0.9458674971126175,0.964040252388596,0.9118739328932484,0.9936745866415236,0.9596053879391779,0.967275815149292,0.9057246972976496,0.965625,0.9075125973442776,0.964040252388596
p121_TVC,0.8851211507720569,0.5862782126370081,0.919737437035689,0.9366713242763891,0.9510697823313443,0.9720496894409938,0.9492794165942648,0.9234065281986407,0.9286491105644255,0.9704919301607371,0.9700351664034113,0.9610996995613952,0.9610996995613952,0.6950368382301044,0.987883051676453,0.9609676410723687,0.961397387740879,0.7170510083716035,0.9690033562225546,0.9704919301607371,0.8509708279802457,0.9543141322095121,0.9522137875062904,0.9635753483468394,0.953255582527178,0.9491780856091547,0.961397387740879,0.9380163966266188,0.920983946319307,0.8323106849540621,0.9443657603723179,0.9661972965770262,0.9576036838348734,0.9397924012017989,0.9623211158059548,0.9273614004407342,0.9635753483468394,0.9576036838348732,0.9720496894409938,0.591895438222727,0.9253688519211309,0.9501760208500687,0.9720496894409938,0.9906522225387782,0.6419607712966543,0.9668737882218721,0.9648659912110238,0.9261840328635953,0.9481929520311925,0.9197374370356892,0.9661972965770262,0.9104221838860547,0.949178085609155,0.9564866901437918,0.9576036838348732,0.9880755935910335,0.9472198404849024,0.9623211158059548,0.9937579514516801,0.9599080294518356,0.9303105872741888,0.9521664397849136,0.9491780856091547,0.9253688519211307,0.9675743567407267,0.9080857823028665,0.9661972965770262,0.9340813247611222,0.8664029368341128,0.9690033562225546,0.9987382114239769,0.9481929520311922,0.9623211158059548,0.8714375301735617,0.9623211158059548,0.9157773781681391,0.9726326202607707,0.6717386274418837,0.8689304945061072,0.9720496894409938,0.9553906988562064,0.979765804114769,0.991834013047275,0.9491780856091547,0.9623211158059548,0.7153934851415806,0.9543141322095121,0.892619427727178,0.9695535385776712,0.9610996995613952,0.9623211158059548,0.7945968818762805,0.8542772224254337,0.9331723329592954,0.991834013047275,0.9732682917366107,0.7996338725880193,0.9165661374366314,0.9044879070278156,0.8655480930335329,0.9472198404849022,0.9648659912110236,0.962321115805955,0.816926543042313,0.9668499345550761,0.9690033562225546,0.983902503224694,0.8870129982252206,0.953255582527178,0.8730956945148614,0.8282538092396303,0.7104878248571902,0.8944675982845542,0.932833950574053,0.9648659912110238,0.8392586329331391,0.9564866901437918,0.9690033562225546,0.9720496894409938,0.8947109826062527,0.9354001807590553,0.809144266311157,0.6169554679310423,0.9443657603723177,0.9840677331869968,0.8185746204202076,0.9635753483468394,0.9386599233384813,0.9547434413197932,0.9371382816751241,0.9056153321941813,0.9648659912110236,0.46002348121762293,0.9720496894409938,0.9587434581480645,0.9648771726248762,0.9548754176902221,0.9661972965770262,0.9661972965770262,0.9599080294518358,0.8926194277271782,0.9704919301607371,0.8697688980991498,0.8359132272776384,0.8044782210636212,0.9336842693103169,0.9836437984574125,0.8828532941996559,0.9481929520311925,0.8580082307136385,0.9704919301607371,0.9303105872741888,0.902173223050746,0.9118525638325781,0.9381728330554158,0.9481929520311922,0.9807906952191872,0.9362663130722397,0.9007517192601687,0.9609676410723689,0.9696693743185962,0.9648659912110236,0.5654862883614808,0.8907614131129444,0.972947370281771,0.9380163966266188,0.9386599233384811,0.7752019357866785,0.991834013047275,0.9250632826893765,0.7554454597416759,0.9610996995613952,0.9472198404849024,0.9985670127730846,0.9049746878294584,0.9095092958001549,0.9690033562225546,0.9040598105946911,0.941403431999955,0.8530643479815622,0.9345395918631998,0.9641171417560046,0.9472198404849022,0.9610996995613952,0.9805219509574512,0.7829046555068865,0.8947109826062527,0.9270023539448378,0.9564866901437918,0.5670676717507671,0.9599080294518356,0.9286491105644255,0.9027115151432656,0.8812984813018134,0.9826171532883463,0.9623211158059548,0.9635753483468392,0.9599080294518358,0.9261840328635953,0.8489004959516879,0.9197374370356892,0.9610996995613952,0.9623211158059548,0.9025045192170251,0.8440565830183067,0.9209839463193068,0.9623211158059548,0.89047011400493,0.9371382816751244,0.9620090329381987,0.9760563522715155,0.9813508256697672,0.9610996995613954,0.9623211158059548,0.975017687808155,0.9623211158059548,0.8603806964337217,0.8839998380738069,0.8489004959516884,0.9623211158059548,0.8949174096536272,0.9623211158059548,0.9492794165942646,0.931147340525424,0.7770312045318655,0.9079504174811015,0.9648659912110236,0.867427860856631,0.9599080294518356,0.9522137875062902,0.9543141322095121,0.965076280697496,0.8832165619961236,0.9980634982842684,0.5556533515851809,0.9249165419327743,0.9864188438370332,0.9278239868212361,0.7810520682694982,0.9371382816751241,0.9371382816751241,0.9587434581480645,0.809144266311157,0.9581756603540755,0.9623211158059548,0.9278239868212363,0.9623211158059548,0.8022882727652547,0.7245327953080636,0.9661972965770262,0.9462580354121288,0.904583981141521,0.9471168020442999,0.9362663130722397,0.953255582527178,0.7440905811743811,0.9700351664034113,0.8970542565865083,0.9648659912110238,0.8359132272776383,0.904837504125217,0.8844523283713124,0.9610996995613952,0.8336684595774309,0.7797528582489324,0.9720496894409938,0.87638266886087,0.87638266886087,0.9501760208500687,0.9040598105946913,0.786442034820303,0.9381728330554158,0.927754461370369,0.9243743344764215,0.909635417434029,0.9690033562225546,0.9502404605673516,0.9362663130722395,0.9511876099263499,0.8197248908742533,0.9690033562225546,0.9709114698674368,0.8999600766760718,0.9675743567407267,0.9741037694931158,0.7554454597416753,0.9648659912110236,0.9397924012017989,0.8568667102675336,0.9599080294518358,0.9648659912110238,0.9428375253830147,0.8503422854230378,0.9690033562225546,0.850568183860136,0.9331723329592954,0.9609676410723689,0.924168090893738,0.9273614004407343,0.9510697823313443,0.6575970967578815,0.9599080294518358,0.9381728330554158,0.8532920118076435,0.9741037694931156,0.9648659912110236,0.7232987552930363,0.9380163966266188,0.9387584497393702,0.986534342747938,0.9142039648291602,0.8839998380738069,0.9577687663920409,0.9560373517862557,0.7038681047592441,0.9209839463193068,0.9286491105644255,0.9704919301607371,0.9397924012017989,0.9371382816751241,0.7449636963826372,0.9648659912110236,0.9623211158059548,0.966197296577026,0.9278239868212361,0.6502968271677556,0.9690033562225546,0.9330470514183521,0.9610996995613954,0.9623211158059548,0.953255582527178,0.9690033562225546,0.0,0.9336842693103169,0.9454454968314662,0.9511876099263499,0.9661972965770262,0.87638266886087,0.8954700073276676,0.953255582527178,0.9576036838348734,0.88133635937931,0.9428375253830147,0.9397924012017989,0.9130801394464839,0.9564866901437918,0.957918165957411,0.9137336093857831,0.9004773925777512,0.6523099192209141,0.8353231768642488,0.9613973877408789,0.9547434413197933,0.9390736373291679,0.8551218848344515,0.8944675982845542,0.8953882126548842,0.9062284136028748,0.9623211158059548,0.9322652690737794,0.9965185747417931,0.6466395413006412,0.9965185747417933,0.9704919301607369,0.8852493927538767,0.9623211158059548,0.9623211158059548,0.9481929520311925,0.9286491105644255,0.8565366772443023,0.9623211158059548,0.9209839463193069,0.962321115805955,0.9970799457879602,0.9237472579920245,0.8812984813018137,0.9623211158059548,0.9434341193662401,0.46125988755274794,0.8917340290011032,0.8787867768370727,0.9623211158059548,0.9118525638325781,0.7200407247635622,0.8714783961680888,0.947796105569632,0.7506295000818894,0.9461383996104074,0.9648659912110238,0.8487307132759605,0.9623211158059548,0.8140963117651729,0.9173135519831486,0.8954927753294002,0.8555928628035838,0.9635753483468394,0.9521664397849134,0.6525857425357655,0.9623211158059548,0.9229405345355655,0.9301516024075411,0.9623211158059548,0.9341913284130114,0.8909834669250036,0.8828532941996556,0.8717933901085885,0.8532920118076435,0.9623211158059548,0.9477961055696319,0.8931449617140892,0.8336684595774306,0.9709114698674368,0.9387584497393702,0.931147340525424,0.9319883865480127,0.7838792003066442,0.9648659912110238,0.9741037694931156,0.9620090329381987,0.6259932435492322,0.8907888642207369,0.7885622472224321,0.9040598105946911,0.9522137875062904,0.966197296577026,0.9491780856091547,0.9623211158059548,0.8237261571040233,0.9270023539448378,0.9119538708281419,0.9700351664034113,0.9462580354121286,0.9599080294518358,0.8129560940834346,0.9471168020443,0.9599080294518358,0.5971644927015017,0.962321115805955,0.9564866901437921,0.9102896363632473,0.7111765739187423,0.9690033562225546,0.9259593348757931,0.9704919301607371,0.9564866901437921,0.9522137875062904,0.9229704345050095,0.9543141322095121,0.9704919301607371,0.9240447512460551,0.9380163966266188,0.9673483838836943,0.9501760208500687,0.9543141322095119,0.9788715516976696,0.9648659912110238,0.9980634982842684,0.924916541932774,0.9087295850935584,0.7035794602792436,0.9253688519211307,0.8954610316630294,0.9936310971469995,0.8826737655629209,0.8684477557283841,0.7592846069643925,0.8815382336298226,0.8621164028243917,0.7971404147868458,0.9970799457879603,0.9511876099263499,0.9522137875062904,0.9073866276607498,0.9700351664034114,0.9886334735196289,0.9511876099263499,0.9500854106526051,0.8547624211186655,0.9648659912110236,0.9250632826893763,0.9027115151432656,0.9389009867184677,0.9752737206364961,0.9690033562225546,0.9130801394464838,0.919737437035689,0.9675743567407267,0.995006876394922,0.9587434581480645,0.9587434581480645,0.9661972965770262,0.9273614004407342,0.6836153847435859,0.8223711273793308,0.9354001807590553,0.9610996995613952,0.9610996995613952,0.8689304945061072,0.983902503224694,0.9587434581480645,0.7927050158447808,0.9623211158059548,0.9675743567407267,0.9623211158059548,0.9623211158059548,0.8655480930335329,0.9522137875062906,0.9980634982842684,0.9623211158059548,0.8586309929616847,0.8796338709830263,0.8936972568164698,0.9313600044484991,0.9568784918748878,0.8935446993031984,0.7111765739187418,0.9788715516976694,0.8812473067855704,0.9576036838348734,0.9917593122917416,0.9330470514183522,0.9389009867184677,0.9096354174340289,0.8931449617140894,0.7456185272242686,0.9576036838348732,0.9599080294518358,0.8250605217364748,0.9675743567407264,0.783879200306644,0.9648659912110238,0.7218991032371249,0.9543141322095121,0.9140895174328345,0.9522137875062904,0.8876315196146511,0.9434341193662401,0.9303105872741888,0.9522137875062904,0.9406910117203193,0.9648659912110236,0.9726326202607709,0.9471168020442999,0.9920754410433736,0.9349923761154104,0.9613667414467572,0.9381728330554158,0.8939283999593048,0.9587434581480647,0.87347572253113,0.7996338725880194,0.9547434413197933,0.8343249892961564,0.9453068780840737,0.9137336093857831,0.9186263852882657,0.9259593348757931,0.9278239868212361,0.9208080491296565,0.6804196301419014,0.9633423340760361,0.9578899577083524,0.9623211158059548,0.966197296577026,0.9380163966266188,0.9623211158059548,0.8970542565865083,0.9543141322095119,0.9599080294518358,0.9453068780840737,0.9134551722269828,0.6259932435492324,0.892619427727178,0.9704919301607371,0.8920577187212425,0.895461031663029,0.9009488545209479,0.9599080294518358,0.9576036838348732,0.906289146258993,0.7245327953080635,0.9511876099263499,0.9116334004641395,0.9558737393033803,0.8764852160382741,0.8986133813304025,0.9397924012017986,0.8747439046690524,0.8533117429016543,0.9443657603723177,0.9209839463193069,0.953255582527178,0.9635753483468394,0.9232596065784796,0.9700808834258969,0.9205349146293751,0.9610996995613952,0.8899039344946593,0.8813363593793101,0.9720496894409938,0.9102896363632476,0.9648659912110236,0.6577758971182552,0.9380163966266188,0.9501760208500687,0.927002353944838,0.9936310971469994,0.9034814342922287,0.9763491073983366,0.9553906988562064,0.9547434413197933,0.9381728330554157,0.9720496894409938,0.9623211158059548,0.9436654046332619,0.9423718464384099,0.8944675982845542,0.7645450975803668,0.9623211158059548,0.9134191021410438,0.8236960282711154,0.9303105872741888,0.9425114327004684,0.9286491105644255,0.7469859350282753,0.9118525638325781,0.8983997469640514,0.9462580354121288,0.9303105872741888,0.8892126720780515,0.7971404147868459,0.9675743567407267,0.8169381887965972,0.9472198404849022,0.8505410419770532,0.9935264355112594,0.4568668046928924,0.9462580354121288,0.9599080294518358,0.4568668046928933,0.9564866901437918,0.9472198404849022,0.9510697823313443,0.9985670127730844,0.9142039648291602,0.9690033562225546,0.9623211158059548,0.9543141322095121,0.8653728680514656,0.8532920118076435,0.9547434413197933,0.9381728330554158,0.9613973877408789,0.9547434413197933,0.9610996995613952,0.9436654046332618,0.9623211158059548,0.9613973877408789,0.9633423340760361,0.9623211158059548,0.7035794602792436,0.9864188438370332,0.9690033562225546,0.9648659912110238,0.9675743567407264,0.9635753483468394,0.9610996995613952,0.9272418419559992,0.9359056217993147,0.9522137875062904,0.9214866072600054,0.9623211158059548,0.7523216832789551,0.9648659912110236,0.9511876099263499,0.8841704956632956,0.9319883865480125,0.4091851837571786,0.9635753483468394,0.953255582527178,0.7245327953080637,0.953255582527178,0.9623211158059548,0.9371382816751241,0.9415972144812139,0.9443657603723179,0.8447400695691345,0.9553906988562064,0.9273614004407342,0.9861053894336533,0.9648659912110238,0.7523216832789551,0.9223798585420755,0.9623211158059548,0.9623211158059548,0.9126353343364841,0.9704919301607371,0.9188090811153944,0.9613973877408789,0.6717386274418837,0.8697688980991498,0.9599080294518358,0.882259255560086,0.9146088609632119,0.9623211158059548,0.9623211158059548,0.9362663130722395,0.9704110250992255,0.7658906239201638,0.8810606022065584,0.8852493927538767,0.8717933901085885,0.8826737655629211,0.8888928429685594,0.981956748291383,0.8990495743347309,0.9623211158059548,0.9732682917366106,0.966197296577026,0.9720496894409938,0.8929884899833642,0.9690033562225546,0.8747439046690524,0.9623211158059548,0.9623211158059548,0.832310684954062,0.7778515786059427,0.8382831568291294,0.9543141322095121,0.8186237669479579,0.9253688519211307,0.9899835764925831,0.9752737206364961,0.8771986663044031,0.8283954260570918,0.9623211158059548,0.9371382816751241,0.8646949616010216,0.9471168020442999,0.9273614004407342,0.9917593122917417,0.9706632161575653,0.6869242541267304,0.9389009867184677,0.9635753483468394,0.9368211999004497,0.9623211158059548,0.9098785216031471,0.9389009867184677,0.9253688519211307,0.9490060614215785,0.80442126645248,0.9564866901437918,0.9294779121965993,0.8642846770552679,0.9675743567407264,0.9025045192170251,0.8978340794956947,0.9587434581480645,0.9704919301607371,0.9366713242763891,0.9840677331869966,0.8990495743347311,0.9661972965770262,0.9610996995613952,0.9079504174811015,0.9880755935910334,0.9371382816751241,0.9987382114239769,0.9720496894409938,0.9500854106526051,0.9720496894409938,0.9720496894409938,0.7658906239201639,0.9406910117203193,0.9229405345355652,0.9623211158059548,0.9704919301607371,0.9543141322095121,0.9543141322095121,0.8917340290011031,0.9576036838348736,0.9610996995613952,0.9880755935910335,0.9213345015882413,0.9635753483468392,0.9025384899655311,0.9965185747417931,0.8689304945061072,0.9272687068821159,0.9623211158059548,0.8422078287242856,0.9510697823313443,0.8440565830183067,0.9704919301607371,0.7104878248571902,0.9511876099263497,0.9340813247611222,0.9623211158059548,0.8550872530468148,0.9186263852882656,0.9511876099263497,0.8559789162214915,0.8714375301735617,0.8612502633673056,0.966197296577026,0.8680892785394447,0.9250632826893763,0.8935446993031986,0.88442217905525,0.9071885561788842,0.8786263380561994,0.9720496894409938,0.9774873843362968,0.5180242730178405,0.9741037694931158,0.9861053894336533,0.9197013194028298,0.9278239868212361,0.8764852160382741,0.9623211158059548,0.9547434413197933,0.9223798585420755,0.9386599233384811,0.7838792003066442,0.8714783961680885,0.9282993639754935,0.9623211158059548,0.9175610216373451,0.9405097243761413,0.7554454597416755,0.9623211158059548,0.9205937947274885,0.6525857425357655,0.9690033562225546,0.9522137875062904,0.9610996995613952,0.8744685140157991,0.9173135519831483,0.9237472579920245,0.9233710276669693,0.9319883865480125,0.6259932435492326,0.9119538708281419,0.9623211158059548,0.9899835764925832,0.9623211158059548,0.9690033562225546,0.8127543749601968,0.9142039648291602,0.9720496894409938,0.9453068780840737,0.846952777749949,0.929477912196599,0.9425114327004684,0.9623211158059548,0.9143480251080163,0.9435331078267024,0.8283954260570918,0.9443657603723177,0.9371382816751244,0.9661972965770262,0.9443657603723177,0.9434341193662401,0.995006876394922,0.9205349146293751,0.9282993639754935,0.995006876394922,0.9970799457879603,0.9661972965770262,0.9149900225490739,0.995006876394922,0.9720496894409938,0.9491780856091547,0.9635753483468394,0.809144266311157,0.9547434413197933,0.9953786045233858,0.7035794602792436,0.919737437035689,0.9371382816751241,0.9522137875062904,0.9362663130722395,0.9481929520311925,0.9610996995613952,0.9543141322095119,0.93589375114032,0.755445459741676,0.927002353944838,0.8763826688608698,0.9892552360381517,0.9319883865480127,0.7232987552930359,0.9635753483468394,0.9648659912110238,0.927002353944838,0.6929132024963197,0.9462580354121288,0.6711916360161436,0.9764578705634923,0.9661972965770262,0.9675743567407267,0.9935489104071602,0.9453068780840737,0.8448966559165227,0.9389009867184677,0.9443657603723179,0.9719311446762611,0.953255582527178,0.9434341193662399,0.9623211158059548,0.9179169809832546,0.7798729832649696,0.7330875685626072,0.9261840328635953,0.9286537611141308,0.9675743567407264,0.9980634982842684,0.9519163796943126,0.9840677331869965,0.9587434581480645,0.7403975775726684,0.974821410648139,0.9480457155580746,0.8963045865615722,0.9553906988562064,0.9638838534161633,0.9610996995613952,0.813644924608342,0.8263117797041691,0.9648659912110236,0.9635753483468394,0.9157773781681391,0.9462580354121284,0.5736515917591665,0.9763491073983369,0.8986133813304022,0.8607491670904543,0.9599080294518358,0.9581756603540753,0.9531316142861923,0.9511876099263499,0.7658906239201639,0.9648659912110238,0.8954927753294002,0.9511876099263499,0.9675743567407267,0.9205349146293751,0.981956748291383,0.9471168020442999,0.9704919301607371,0.9609676410723689,0.9690033562225546,0.9062284136028746,0.9675743567407267
p122_I,0.8690939317892032,0.8501094187810518,0.7837660335892476,0.9357408829096282,0.9106019687464653,0.9579181659574109,0.8065709202448481,0.8182720711512782,0.8307107766015767,0.9299882837258,0.5396436140958357,0.9476386094693983,0.9077040005624184,0.9209318411003915,0.9455322455322457,0.9510258158727605,0.9779039859151868,0.8794184279003852,0.926456449323181,0.9299882837258,0.9123520879799727,0.6924077444083602,0.9465859044992464,0.913577797842458,0.6350332153677629,0.8794184279003852,0.9400087493241338,0.9070227924758549,0.9299882837258,0.9042355325634441,0.8974226598846062,0.9651775593373264,0.9733993351591583,0.8571496764250637,0.910601968746465,0.9260107308342307,0.5354966675147219,0.9896056225621922,0.9336842693103169,0.9082582092654381,0.8939713957558897,0.8817861584679045,0.9037193835912751,0.9959602877527965,0.9400087493241338,0.9783716953392732,0.4702009851420942,0.8248620605884833,0.7799704074374372,0.809566677308712,0.9894435908227328,0.9020089799881683,0.8794184279003852,0.8967590384461326,0.9364042928805087,0.9975882060612904,0.8747722377977694,0.9106019687464655,0.8604083737160457,0.4731808242996267,0.8346528452164943,0.8681391862112806,0.8794184279003856,0.9650148532554859,0.923065963031712,0.8546510329535575,0.9651775593373262,0.7853233151653145,0.8232390818889996,0.9264564493231808,0.9746813713361655,0.9358560990859993,0.9250049848928681,0.7132101404787461,0.9106019687464655,0.8049429625277136,0.8657360327992916,0.8941586572120015,0.9794874276596606,0.9579181659574111,0.9642919106149581,0.8864629644044792,0.9000617617241786,0.8794184279003854,0.9106019687464655,0.9643988302810584,0.9609356788097783,0.9233255769726774,0.797663991511634,0.9077040005624184,0.9106019687464655,0.9225298131703901,0.7946611906488801,0.9963724899843664,0.9597183115335508,0.8248620605884834,0.9397159213641022,0.6464089937138835,0.737236035742582,0.7892933999399472,0.8488918336093084,0.9604370865528187,0.951700230336632,0.9847632503202344,0.737577171384457,0.5325898779206594,0.7878564872950752,0.8028393953239179,0.8890928172755166,0.7904210771211471,0.968043701810068,0.9893948076321001,0.8209810932193424,0.7261622953077579,0.5139980565501778,0.7950517166213,0.922432716716142,0.9264564493231808,0.9579181659574111,0.7697360968937732,0.9173047139984243,0.8201203923509599,0.9230838149438536,0.9268447565728173,0.7404625210046392,0.8171834574416934,0.45073889295428815,0.9334345911022632,0.9724921727166423,0.9886017307440313,0.7760601551016035,0.8205775564067628,0.9651775593373262,0.9336842693103169,0.902113512733081,0.8188353508444625,0.8294647625428611,0.9651775593373264,0.5356550924233242,0.9437480193578955,0.8451445687911348,0.5550366476795245,0.7637392640715233,0.9792488093813054,0.8902901420646658,0.8426573426573427,0.8569284781013857,0.8345925427892951,0.8770810709357257,0.9812065550381907,0.9814857905852672,0.9339361254583816,0.9038708557246543,0.9190546075915587,0.8986858911428514,0.9082582092654381,0.907385641226381,0.8752664522031015,0.9983516442258688,0.8855731041118602,0.8745088783542996,0.9081716992229303,0.9192273574141718,0.9008391196171641,0.8307185934056975,0.8529358756208605,0.967850577602258,0.8218547742457251,0.9507968637523909,0.9166665444968229,0.9644063381076242,0.6130806925538255,0.9668842139954106,0.9283744344246896,0.9290078536910246,0.9830783873746923,0.9264564493231808,0.8948828161822087,0.8592817462285574,0.8659852770068088,0.8706506961888434,0.9370524513469969,0.756779857411668,0.9077040005624184,0.8697115243040061,0.8710824623312772,0.8283798660100805,0.8748774256549663,0.8967590384461326,0.9819299121585698,0.9785091597964404,0.8795427878825164,0.7872972995988178,0.8950877291194452,0.7682140338159557,0.9106019687464655,0.913577797842458,0.9048766089350639,0.8487182984260193,0.7155464968490314,0.9903076946873968,0.9476386094693983,0.9106019687464655,0.6844125397915989,0.7713820132770812,0.9299882837258,0.9106019687464655,0.9464097255683266,0.8776100733791745,0.8440471596424437,0.9042187555531644,0.9557524192850102,0.9077040005624184,0.9106019687464655,0.9621469486827852,0.9106019687464654,0.8658160743137775,0.7434043734112641,0.7895961307797987,0.9106019687464655,0.711192016234012,0.9106019687464655,0.9376213298734813,0.9881260137273893,0.9070227924758549,0.67596187575061,0.9957658420390977,0.8441393061492155,0.9048766089350635,0.7464342183398178,0.8916043634534068,0.9419597742392591,0.6875392211814035,0.8939900230312315,0.9651775593373262,0.9650148532554859,0.897496777459005,0.9740934121988503,0.9941456846886136,0.7745406173411596,0.8508524342038155,0.9021135127330808,0.907390674698827,0.9437480193578958,0.9106019687464655,0.9014232379430824,0.9106019687464655,0.9778549642584018,0.9578829909052506,0.9197987094973854,0.7947047012361299,0.861770847387975,0.913577797842458,0.8487835757946516,0.5670512200310889,0.9478678419966162,0.8935171945284384,0.7754908610294968,0.9166400151447351,0.9592409449937286,0.9382419789646621,0.8200789772493244,0.9077040005624184,0.9230659630317124,0.9185462392082979,0.9336842693103169,0.8726534642923023,0.8691996212416124,0.9461956754179022,0.8540450370229495,0.9874503053133294,0.9651775593373264,0.9999424792300513,0.860311095627486,0.8032298690755991,0.5325898779206594,0.6989031042017535,0.9017493286115514,0.9192273574141717,0.9469881141776699,0.5325898779206594,0.8158018642828313,0.7806001323767426,0.746830030198801,0.9855806260787099,0.8636009307043995,0.9604370865528187,0.8939900230312315,0.6603977378144705,0.47318082429962716,0.9166400151447349,0.9519687706310139,0.8223248542353359,0.9756340559373771,0.9647865548213019,0.9576400443335706,0.6344403429748711,0.8389251350121325,0.9756340559373771,0.9106019687464653,0.9982103757454243,0.9437480193578958,0.9894435908227327,0.7408173088585142,0.9620692331331582,0.8643746278148465,0.9394353475951507,0.8799793340483577,0.8756093339450806,0.8916043046930904,0.9266389359149032,0.8840000907217844,0.9056258362589976,0.7661060656355971,0.9974495739886571,0.9155191956957984,0.9527908048039258,0.9814857905852672,0.700432011497238,0.8508524342038153,0.980984561973859,0.9166400151447349,0.9106019687464655,0.9197987094973847,0.97409341219885,0.9427716030828814,0.5325898779206594,0.888303175957153,0.9476386094693983,0.9106019687464655,0.5330602223627514,0.926456449323181,0.9336842693103169,0.0,0.4940414977549965,0.8841862845276727,0.9197987094973856,0.8910925296113086,0.7702926528657634,0.9409521943827981,0.8994092506018594,0.9447086617050038,0.9166400151447351,0.8571496764250635,0.7937713768194806,0.8967590384461326,0.8426573426573427,0.741123036492867,0.85208543917402,0.8571496764250632,0.7503352453593215,0.6431436481742865,0.9077040005624186,0.9686938578007993,0.9728433864597272,0.7496107130393992,0.7696549590403148,0.7775147701229256,0.9106019687464655,0.8006736532968206,0.9370577927474861,0.9152309858662124,0.7075087193160738,0.9299882837258,0.8788811009741493,0.9106019687464655,0.9106019687464655,0.8770810709357255,0.8307107766015767,0.8753401760507638,0.9106019687464654,0.9299882837258,0.9106019687464653,0.8636009307043995,0.7840251387534356,0.8243987486380944,0.5962188921715348,0.8657901242845245,0.9262700211315924,0.7983364180999392,0.8374257183388305,0.9106019687464655,0.6749919850267138,0.8799793340483577,0.8361078837054332,0.6998047698747782,0.6406157772507832,0.9942247113723301,0.9166400151447349,0.7296830513443169,0.9106019687464655,0.7184797233964983,0.8038156961871351,0.855728768385746,0.8108778516423465,0.9559566851226751,0.6726233415237138,0.8994092506018594,0.9106019687464655,0.886727254733962,0.8164656442482829,0.9106019687464655,0.9309652469358959,0.8159718534347606,0.7902798906691263,0.7857112761630316,0.6874767052722972,0.9106019687464655,0.9290399207583325,0.9018755010815762,0.8883031759571525,0.8386526405651256,0.7317724414938023,0.8616718414483746,0.8638876671162126,0.8171664408507362,0.4702009851420942,0.9855806260787099,0.8001709249137132,0.9866968667809444,0.779386553434267,0.9739484861306698,0.6967393922251977,0.9199796380611349,0.4902762425833834,0.9110950154916335,0.9106019687464655,0.9751883374484267,0.8268036333064972,0.7784187963465417,0.9295460152552617,0.7039396826820236,0.9048766089350637,0.9465098656189639,0.9983355724028917,0.9048766089350637,0.8581298364851782,0.9250049848928681,0.7054628229108715,0.7685501893432158,0.9739611782746651,0.9264564493231808,0.7485672125969285,0.9299882837258,0.8967590384461326,0.8131514470596277,0.923835490638761,0.9609356788097785,0.9299882837258,0.7132671912989967,0.8529358756208603,0.9451224403427256,0.8927805322071034,0.9609356788097785,0.5898855422665433,0.9166400151447349,0.8939900230312315,0.8939713957558895,0.9231307706776086,0.9824794635567504,0.9413337007556204,0.9649333732985219,0.8680005631963954,0.9609659161055639,0.8112870432136339,0.9950174993144465,0.9463055409027076,0.8883469516397962,0.6758700216407174,0.9495972962983876,0.9824794635567504,0.9533382524210396,0.7802627829359114,0.9996792686582182,0.6274859490833209,0.8841862845276725,0.560479503938289,0.7615905462344099,0.9166400151447349,0.784417492167466,0.8416777788723434,0.909716755213914,0.9402605367450524,0.8276555176058376,0.9371029763423195,0.8547519316533834,0.970223678284496,0.876629540104166,0.9779039859151868,0.9400087493241338,0.9197987094973856,0.9264564493231808,0.9848889533625502,0.7606662375525144,0.9173047139984242,0.6130806925538255,0.9077040005624184,0.7616373278312432,0.9367729138604928,0.9779039859151868,0.9387375297854066,0.9106019687464655,0.5110414539348822,0.9106019687464655,0.9106019687464655,0.6809954424556652,0.8866210237012304,0.9492923120409436,0.9106019687464655,0.6645837269382331,0.7144157744080148,0.8548135348672365,0.9510846536879037,0.6963579538362787,0.5573674473658096,0.8551267822420465,0.8287530636873146,0.7182438597504208,0.8046304111689457,0.9585097840782699,0.9230659630317124,0.8550346801467701,0.8208614103143586,0.7464725865265607,0.778934276545075,0.8786204957262435,0.9437480193578958,0.9209320857616192,0.9826186064627201,0.8582164276942112,0.5139980565501778,0.8725745362635549,0.9262700211315922,0.9139909169429032,0.979944518859151,0.8285881055532704,0.6696507242192946,0.8346528452164943,0.8866210237012304,0.9711802255038668,0.9166400151447349,0.9262700211315926,0.9983355724028917,0.7539732780786002,0.7483313951996176,0.796312027539293,0.9197987094973854,0.9983516442258689,0.902113512733081,0.9122588209376677,0.9486843581186598,0.9724921727166423,0.8537381373594799,0.8016554892289601,0.9579181659574111,0.7178008789629935,0.8432693662501105,0.8287530636873146,0.8121068431199913,0.9609356788097783,0.936772913860493,0.9066411115779025,0.9106019687464655,0.4902762425833834,0.9611097093308496,0.910601968746465,0.888878712565875,0.8916043634534061,0.9048766089350639,0.7419989394195887,0.801209833757915,0.9132272901393417,0.6561757451616914,0.9155191956957985,0.7261953772743694,0.8935171945284385,0.7649883326259899,0.9048766089350637,0.9896056225621922,0.9408003040335535,0.8508524342038151,0.9824794635567504,0.8040320485532622,0.8953047332149628,0.8680171939857557,0.7594471200941939,0.8110365895166631,0.8130306895394801,0.8888787125658748,0.8680005631963956,0.9670167025552655,0.9910658102805276,0.9559566851226751,0.7061448198245688,0.9498700207802611,0.834193637127578,0.9077040005624184,0.7565006337753057,0.886873243427109,0.9336842693103169,0.8506218703383306,0.9166400151447349,0.9643988302810584,0.6602818726841868,0.9784004338929009,0.9087905087769224,0.7495121798568647,0.9570748126121906,0.891535054296503,0.9996792686582181,0.9077040005624184,0.5810339422632651,0.9579181659574109,0.9106019687464655,0.9769434565457998,0.9364748811663078,0.9458792585342426,0.9728705348584785,0.9106019687464654,0.9888483902408456,0.9998901368351878,0.8346528452164943,0.8636009307043997,0.8274651444318472,0.8063586607615824,0.8763226699724294,0.9409616927220796,0.9157247259749381,0.9587569455188534,0.7562859016598518,0.964859914443259,0.5110414539348822,0.7352258907780788,0.8747722377977694,0.9166400151447349,0.9846406300806096,0.9336842693103167,0.9459797321596404,0.9785091597964404,0.9037193835912748,0.9947560146512322,0.7260758653457879,0.951700230336632,0.890861677770532,0.639357271195605,0.926456449323181,0.9106019687464653,0.9609356788097785,0.786395998545413,0.8474985160309476,0.9077040005624186,0.9894435908227328,0.9021135127330808,0.9077040005624186,0.9077040005624184,0.8571496764250633,0.9106019687464655,0.9021135127330808,0.9630923229233499,0.9106019687464655,0.9824794635567504,0.9199511564537564,0.9751883374484267,0.4702009851420942,0.9702236782844962,0.9135777978424582,0.9077040005624186,0.6679116139683443,0.750188173855004,0.8866210237012304,0.7201512018811544,0.9106019687464655,0.837923868903153,0.9957658420390977,0.820934178385094,0.8490625952051447,0.8078099963372983,0.9751883374484267,0.913577797842458,0.8890928172755166,0.8815711740425954,0.9570748126121906,0.5551206305813674,0.9618440915686723,0.9120690869377643,0.8974226598846062,0.9212596443084795,0.9649333732985219,0.9260107308342306,0.8770810709357255,0.5139980565501778,0.9881260137273893,0.7783234078080583,0.9106019687464655,0.9661032464830344,0.7133706955880286,0.9299882837258,0.9374915942804565,0.5294579384011286,0.6811930462688773,0.7819216178479302,0.9048766089350637,0.7206448392408213,0.7268078270010361,0.9106019687464655,0.9106019687464655,0.992319165754649,0.893057328210916,0.9290130221267929,0.7891046263395194,0.727739326883456,0.9985333851600511,0.6282736808318862,0.6476179287007864,0.9139909169429032,0.6887350369808107,0.9106019687464655,0.8411506096860151,0.4902762425833834,0.9336842693103169,0.9297963259921169,0.5325898779206594,0.7762916917582801,0.9106019687464655,0.9106019687464655,0.7784314880222072,0.9927984919267985,0.6515843965131856,0.6230764290519881,0.9821624357299379,0.9639416892449179,0.9459797321596405,0.5850432492470705,0.7086379360079413,0.9860040788328628,0.9106019687464654,0.8508524342038151,0.6789712776721679,0.6202544420751559,0.9264564493231808,0.931799629099904,0.9267255643890249,0.8683760683760684,0.909716755213914,0.913577797842458,0.5419462457454638,0.9106019687464655,0.6949688946098886,0.9643988302810584,0.8229279382562933,0.52387900754102,0.9233463566073445,0.8967590384461326,0.8326772157836522,0.8324655347581122,0.9230659630317122,0.8294469165016842,0.7575981255906319,0.9779039859151866,0.9155191956957984,0.9644063381076242,0.8794184279003854,0.6707982851076646,0.9197987094973854,0.9077040005624186,0.9889066893857436,0.8747722377977696,0.8280558956918775,0.9180566004731305,0.9336842693103169,0.9311253517298919,0.9579181659574107,0.9336842693103169,0.7352258907780785,0.9432056056850397,0.886727254733962,0.910601968746465,0.981485790585267,0.7270734020865469,0.9956013364879643,0.8167402354721254,0.8994092506018598,0.9077040005624184,0.8747722377977694,0.8591182831228936,0.832148878476241,0.9274843986082084,0.9262370195846522,0.7253289778598404,0.6853047791508489,0.9106019687464655,0.8999371859980543,0.9927984919267985,0.771382013277081,0.9299882837258,0.8817861584679045,0.8841862845276722,0.7484679411696388,0.9106019687464655,0.6561757451616914,0.7534527526512564,0.8841862845276725,0.6582913314924024,0.6949688946098886,0.6707982851076646,0.5356550924233242,0.7051515605149417,0.8377280726057992,0.8543766367778496,0.7968974600609413,0.9866968667809444,0.9188331585431463,0.987883051676453,0.9199796380611351,0.9927984919267985,0.7322826585746689,0.779970407437437,0.7163320995816558,0.9740934121988503,0.7606358532465961,0.8428084617125348,0.9077040005624186,0.7970797861351373,0.9283646450840665,0.8582164276942112,0.7655868690892471,0.8298809575356219,0.9106019687464655,0.6807470255384926,0.7037685883407154,0.9495972962983876,0.9106019687464655,0.7182438597504208,0.8994092506018594,0.5325898779206594,0.9132272901393417,0.9077040005624186,0.9294454649822513,0.8794184279003856,0.6906382294489118,0.9410038098069491,0.9901577965571702,0.9533382524210396,0.8269726624442423,0.9106019687464655,0.9157247259749387,0.9106019687464655,0.9264564493231808,0.9613949478366429,0.7964377980480559,0.9336842693103169,0.980625138657077,0.9569192708195915,0.9065223378844669,0.8210790621176446,0.9106019687464655,0.9992215908060104,0.8660249872235797,0.7651345625630419,0.8974226598846067,0.9043677125545333,0.8079281914629697,0.8680005631963958,0.8657901242845245,0.8799793340483575,0.8114587961537705,0.6173926441178512,0.8799793340483575,0.9357408829096282,0.9197987094973856,0.6344403429748712,0.8799793340483575,0.9336842693103169,0.8794184279003854,0.913577797842458,0.6780754841488048,0.9077040005624184,0.8657901242845245,0.9497150705470578,0.8095666773087118,0.6407524214643655,0.8798686757794368,0.8487835757946516,0.8770810709357257,0.9077040005624184,0.8916043634534068,0.8658160743137777,0.8210790621176445,0.9710250103519045,0.8542143989732962,0.8706506961888438,0.9845881775546385,0.9982103757454244,0.913577797842458,0.5139980565501778,0.8748774256549663,0.9277618281959881,0.7947047012361305,0.9762347383443426,0.8248620605884833,0.4902762425833834,0.5110414539348822,0.9946272657247904,0.870233486819493,0.8654907381825758,0.882375717680342,0.7495121798568641,0.989588766956165,0.9230838149438534,0.8657901242845247,0.47292410740103397,0.8052474096193312,0.9116386468550659,0.6813379927353074,0.8248620605884831,0.887993784071232,0.9354608912099363,0.9492923120409436,0.9693673354629055,0.8794184279003852,0.9779039859151868,0.7121706645149026,0.8702902432560242,0.8972351485480177,0.8422947944610912,0.7165804043121363,0.9914594451225944,0.9077040005624184,0.8377473387089105,0.9770539568825707,0.9166400151447349,0.6202544420751558,0.8001709249137134,0.8724902307321456,0.9166400151447349,0.8680236613509511,0.7594471200941935,0.9974140949804525,0.9826194297807278,0.667537876413786,0.8335872344563324,0.8864629644044791,0.8771998465244935,0.7767804849986795,0.8697115243040063,0.6571122133366307,0.5581991691876659,0.8114587961537703,0.9784004338929011,0.9559566851226748,0.981485790585267,0.7983028217639931,0.9756340559373771,0.9517403361663699,0.5581991691876659
p122_L,0.961256376051858,0.897743522854622,0.8022697277786728,0.8446674097961633,0.8233095582802452,0.8250094961924574,0.9798935943556191,0.9589664781017498,0.6826434961138045,0.8616255760827234,0.759567601845291,0.8457706733508474,0.8175818786954803,0.9529906486159975,0.911587522426131,0.8323630585720314,0.9794733812499168,0.8805682687764924,0.8546450937171783,0.9202699747905216,0.8461994768355618,0.7248465963232997,0.9650708054240253,0.8591052725560666,0.6673549647054684,0.7616769526263909,0.9135295981787832,0.7666034075409299,0.9202699747905216,0.9028143087030329,0.7806467270291256,0.9055499094902304,0.7287632843716416,0.8933279220136653,0.8233095582802452,0.7982230593880595,0.7520108196881634,0.9317569054629057,0.8689304945061069,0.8450857932537046,0.6813372715145587,0.938120910611002,0.9780395008431748,0.8821368804079501,0.9402788533216082,0.6057750066464518,0.731943683951616,0.7043676824840557,0.6267431945606441,0.8149892189741984,0.937581651251228,0.8090210932954269,0.7616769526263909,0.7959497447008524,0.9317569054629058,0.9692254451459146,0.8357162593002117,0.823309558280246,0.8952315175367229,0.7489933390883277,0.6907205324228218,0.964978567640058,0.7016908794779355,0.9320758526445456,0.7858946626455747,0.8770064437675549,0.8702278981827851,0.8828485537516128,0.8921134052483821,0.8546450937171783,0.9740980279309959,0.9788572026844111,0.9683604913388733,0.6675186588875213,0.823309558280246,0.7600442666253358,0.8471944961311819,0.9593996766455641,0.7954316686024002,0.9837029979941456,0.9656632953043337,0.8357316736383469,0.7645784044958563,0.8358489214518534,0.823309558280246,0.9450756443739079,0.8961336560543351,0.785599068002492,0.9974138518759135,0.8175818786954797,0.823309558280246,0.8501123594345648,0.8742127300807896,0.9463520474273119,0.8909083933289359,0.9401205923737281,0.911181421410564,0.6281781784739817,0.5393495460901458,0.6625424892650962,0.7273505395480595,0.8246893013160916,0.8813299315036965,0.9142083407158108,0.8301337311623795,0.7635098746985824,0.8987809414741528,0.5577621761931693,0.7807978673500406,0.6891386592860862,0.7836830601443556,0.8572866284679929,0.5806866496363117,0.5415156666647578,0.7628588897397748,0.6571998068627968,0.8211668397434895,0.8893582784066545,0.8632669973551361,0.6028488153544842,0.956164760075822,0.9982319723080038,0.876771287862126,0.990902109673691,0.9029279424388117,0.873406490556024,0.7220966729377196,0.9910741961067722,0.8441525854401168,0.9129804740102454,0.6009967154823829,0.9792653302568846,0.9375816512512277,0.9071879956687866,0.7119808298216672,0.7112842945887539,0.8033281312553338,0.8702278981827849,0.7421009311387936,0.8394320005991047,0.623535511433248,0.7748670087060179,0.7358275225057862,0.9686495023715271,0.9552101260163521,0.7434831528455419,0.7557417954214108,0.5433325453959907,0.9348429516689407,0.6834297571563472,0.8839192332693957,0.7432816331081102,0.8154906147134664,0.9307427481514259,0.9022596399437828,0.7790644167304982,0.7961174426319941,0.9623869579501876,0.7501732347929873,0.9520306170934678,0.991096250092096,0.9483501244687258,0.9282417817212176,0.7387507998285607,0.6983840134857009,0.8516112101810753,0.8099056387833821,0.6980531769232243,0.9195966234214434,0.8086241137728971,0.9934590369335653,0.7313974068186484,0.8391865814433324,0.914042361395812,0.7777717754229738,0.8446762938648045,0.9023626134564879,0.7230583261196462,0.9226841969302926,0.9613563197957746,0.729686157915389,0.769080758512535,0.8573894032506422,0.9303370573169482,0.7175740528899373,0.8542360728177372,0.6166471823239045,0.9860060566591133,0.7959497447008523,0.9601864332044748,0.9491852433491232,0.9583974000647958,0.7612970343877727,0.7926464909374069,0.9413517627801622,0.823309558280246,0.8291911258056227,0.8119936899116005,0.7212071760476035,0.722662670274985,0.7830941312036057,0.9021482626615812,0.823309558280246,0.6279043913259932,0.7926464909374074,0.8616255760827236,0.823309558280246,0.6936406187495021,0.7429928229128827,0.6824762015180659,0.6814002313968457,0.8442014069600564,0.7313974068186488,0.823309558280246,0.9651196896247729,0.8233095582802461,0.8764362578207456,0.7716381841918367,0.8402694895277713,0.823309558280246,0.7580770322146868,0.823309558280246,0.7219393203908853,0.8538302836267027,0.9193175604521278,0.5627835113201534,0.7937740955279327,0.7019061642990694,0.8394320005991045,0.9415238331131339,0.920603236015912,0.7836684607242985,0.664617731684628,0.9505263275674218,0.9022596399437826,0.9989394742792085,0.7942378548972505,0.6374154739346696,0.9060997440465549,0.9925819420467747,0.7052177893356903,0.8065325776074825,0.8596279066643964,0.9766235540366276,0.823309558280246,0.9864140575074537,0.823309558280246,0.7290776697690167,0.9129804740102454,0.9055499094902301,0.9103167944452415,0.7143518075403672,0.8591052725560666,0.738515938902961,0.7393350300895323,0.9072516980232548,0.8345046298953933,0.6008649957179314,0.8352434350141633,0.7226114965759654,0.9975951501121814,0.7774257850095356,0.8175818786954796,0.8479439783560867,0.6777799638883262,0.8689304945061069,0.6285623520354002,0.9930006456343745,0.811821637152214,0.896016239429829,0.8342131567969495,0.9055499094902302,0.7552893038363531,0.9582223822085538,0.8002681060490233,0.7635098746985824,0.6374585468921607,0.8693709215297092,0.6275839304518893,0.7934227411583403,0.7635098746985824,0.8364916757871683,0.6956624797397535,0.852469455190727,0.772919544252249,0.8649016039549471,0.8661586408023221,0.9714007972231222,0.5680920290400884,0.7489933390883277,0.8661586408023221,0.9174349186805673,0.636311841946057,0.9023626134564882,0.7625982324156357,0.7413004042222344,0.6286211305917186,0.8838498589161354,0.9023626134564884,0.8575783889907729,0.868821575145734,0.9766235540366277,0.9696133930122258,0.650896750946526,0.7955824645432583,0.9174349186805673,0.780793073114793,0.7856926766548296,0.6906917967216752,0.9548417113901166,0.7814813098320599,0.9522061126622788,0.786005667736688,0.7415729309067696,0.8031109576563226,0.8112177502271443,0.7515819721015533,0.7748670087060185,0.7358259207414186,0.742992822912882,0.9188672383940361,0.9589042581667981,0.823309558280246,0.8414864259682336,0.9009207691988453,0.8582085951141722,0.7635098746985824,0.9856190402810321,0.9850965587169509,0.823309558280246,0.7633283852175534,0.9587846477856068,0.9454454968314662,0.4940414977549965,0.0,0.6275839304518893,0.9696133930122256,0.7717345388064261,0.6260998514944007,0.8832951608576607,0.8011877477069629,0.7605600749571932,0.8352434350141633,0.7567003903971172,0.6809273930306274,0.8214753057378965,0.8160998527883475,0.8632669973551363,0.7325624220371814,0.8919716711603296,0.6384747439121546,0.7387300849644922,0.8175818786954796,0.8541881991919704,0.9212297136171106,0.6184705114249816,0.6355048783055042,0.5730105889606156,0.823309558280246,0.559702352158209,0.8871776771374856,0.8436979907078443,0.8233324866804046,0.8616255760827235,0.8352958688639165,0.823309558280246,0.823309558280246,0.8230786677459693,0.958397400064796,0.7979146784487152,0.8233095582802461,0.8839192332693959,0.7415376425438704,0.8244332156373793,0.6983840134857011,0.6429539903927661,0.7125274559321448,0.8963485057298464,0.9325792842146289,0.6481894657305911,0.7341508934767418,0.823309558280246,0.6743542243672616,0.7561648646115766,0.6586533433962158,0.6058322460137826,0.7938734621115047,0.9080590956512438,0.8352434350141633,0.6158113713983349,0.823309558280246,0.5412023602722171,0.813489247789533,0.8836922021452559,0.9829121515677357,0.9488477128073982,0.5630155727347259,0.9899015998835281,0.823309558280246,0.785942690512381,0.5467385788382169,0.823309558280246,0.9783285406245199,0.5737823747537252,0.4372154606045031,0.5510870901223963,0.5755932804762098,0.823309558280246,0.9211814909029657,0.9239841216881929,0.9190442477358796,0.9060461682352408,0.8683705142116662,0.9068421639622342,0.6988941521173632,0.9168791089746622,0.731943683951616,0.9117550006367757,0.6205340313117771,0.9171943330215183,0.5694050958840084,0.7529160114330595,0.7148284556222559,0.7994594714670618,0.7421009311387936,0.9700069634257706,0.823309558280246,0.9717889828354409,0.7993688855815739,0.8304715353889637,0.9157052766042653,0.9103167944452419,0.8394320005991047,0.698925375866714,0.9614098469412704,0.8394320005991047,0.93442066729553,0.9393503047271476,0.7956412787064457,0.7038416732186308,0.714144838993402,0.8546450937171783,0.5458390760622056,0.8979763176038495,0.8214753057378958,0.8002419992477865,0.7341804588237613,0.9695423959390648,0.84756849174827,0.6939433574890179,0.7475141384270301,0.8468843067447923,0.9482166110995505,0.6759074364001476,0.791303392890164,0.9174349186805673,0.7943805771485102,0.9487917580532113,0.8954132258404994,0.8636104750923244,0.8339014716341334,0.9656632953043338,0.7598784394566545,0.976985963076862,0.8560020162140661,0.9832023080280385,0.9794733812499168,0.5942549355533773,0.5242139460691362,0.8720538719808619,0.9051142547004993,0.8701003883997359,0.5657011077211138,0.9406842859542996,0.6350333724693557,0.9051142547004996,0.5959440894862593,0.7061865399459981,0.8865197128924087,0.8313071924983411,0.7229112781362832,0.9450756443739078,0.9843446203121257,0.9717889828354409,0.8706286855228955,0.6714613240065268,0.8812313746286631,0.947057555750574,0.9402788533216082,0.8457271055357922,0.9375816512512278,0.8893582784066545,0.907828959383806,0.5141146489802544,0.65518887166785,0.759586201474016,0.9287189694062175,0.5135114208284942,0.916451568252663,0.8600310878931324,0.7660299681869467,0.823309558280246,0.7526072663729984,0.823309558280246,0.823309558280246,0.5988385791172388,0.77591249915617,0.6187166079272339,0.823309558280246,0.40016591309821625,0.501167748059439,0.9548069084695828,0.7103502051355535,0.6592725464976048,0.5932428293334304,0.9209602669566457,0.9009207691988453,0.4958412880263461,0.9637877683323395,0.9767015099979366,0.881231374628663,0.7134837754282192,0.6758116736360482,0.5126284423223901,0.7001460836590945,0.9637877683323395,0.8943086219741139,0.9270643303743197,0.8191820589181511,0.8539821587163461,0.731943683951616,0.8409659913001482,0.8347009643683225,0.9027516197837718,0.987835249954192,0.7687286999588295,0.916843514453515,0.7082408993179184,0.7994594714670614,0.8403571844023628,0.8661586408023222,0.8591705443298998,0.9189335660569544,0.9810805268968665,0.5851180266422468,0.4893511703473292,0.9375816512512283,0.727151939396333,0.8065325776074831,0.9667954467878429,0.5488149483122904,0.9569077640615842,0.6710980777651829,0.8353766308660566,0.9837029979941456,0.5680771053164899,0.5993172922925185,0.9522167421840103,0.6788825735660267,0.8227249161696055,0.987134075366704,0.8783215964654956,0.823309558280246,0.7421009311387936,0.8429604839965288,0.910340118115422,0.5211643034071767,0.8102313844067459,0.8394320005991049,0.9195966234214437,0.6278483138484894,0.9886177777349165,0.5467385788382164,0.8112177502271443,0.6187407098952435,0.93442066729553,0.7625264230639234,0.8668703112866094,0.8593324421275848,0.7780738905943638,0.9318679907988411,0.7663490925761947,0.6923522792688431,0.7180402799578298,0.7366164325385158,0.7911947829435306,0.9700445463697858,0.5682256963408474,0.6465886892464465,0.9909021096736907,0.7748670087060185,0.7633283852175539,0.9488477128073983,0.6269851968297067,0.781230165566794,0.691550079887062,0.8175818786954797,0.596276996793,0.7341418698941369,0.9015244985178157,0.8779993730017029,0.8352434350141632,0.9584277435653887,0.7561648646115766,0.6880634583742173,0.9461258811308724,0.7001460836590945,0.8527779327341045,0.988668539854495,0.7096095831452198,0.8457706733508473,0.7741326728997917,0.7867519950297781,0.823309558280246,0.9128461408160302,0.6482779503104923,0.8199844409645545,0.9621773000415166,0.8233095582802461,0.776832404391848,0.6994567924471362,0.9184853020590702,0.9256041864312989,0.7141448389934015,0.9139025349757532,0.8882771174126947,0.9157116717706182,0.9103167944452417,0.8362295614095865,0.4939892735784932,0.8412131084103522,0.7526072663729988,0.8255007082136072,0.8790625472010725,0.9279890523786395,0.6714941566406434,0.8689304945061069,0.8248919281470399,0.9217469326616186,0.9837029979941456,0.9998457670027974,0.9440819790523638,0.8865885756024983,0.8608838217471542,0.6364500571877738,0.8546450937171785,0.8813299315036967,0.8347009643683229,0.605210498225556,0.7262002214168414,0.8175818786954796,0.9663231234657788,0.8065325776074822,0.8175818786954796,0.8175818786954797,0.8152550468042099,0.823309558280246,0.8867803430359579,0.8715009104052136,0.823309558280246,0.9561205831751944,0.8729130246444736,0.9934978324750827,0.731943683951616,0.8812313746286633,0.9189335660569543,0.8175818786954796,0.5462508614400685,0.7408324850486854,0.7759124991561703,0.6978667212501515,0.823309558280246,0.7750865540245808,0.8246893013160919,0.9744968357626529,0.6941849111345435,0.8019734926373709,0.9587846477856065,0.8716674066899388,0.8287845776060834,0.9318679907988412,0.8527779327341047,0.7705478291555952,0.9318679907988416,0.9141431135614833,0.990902109673691,0.6234493232028927,0.9406842859542996,0.8676494287670122,0.714771696591586,0.731943683951616,0.9598540442977651,0.5565721816816986,0.823309558280246,0.8285682023790473,0.6820882659629166,0.8616255760827236,0.6852714576685917,0.7654793401073172,0.8844626485954616,0.6588208381811855,0.8394320005991047,0.5601882543553318,0.599568872643324,0.823309558280246,0.823309558280246,0.8693709215297082,0.861246181858037,0.928092654183938,0.756820035443547,0.4885630526806647,0.7033831336852463,0.6475029950163671,0.5541658804788053,0.8017259366636651,0.6405552838560687,0.823309558280246,0.9756819398085319,0.7421009311387936,0.8689304945061069,0.6408148620712422,0.7635098746985824,0.5811922445635995,0.823309558280246,0.823309558280246,0.6616358910357044,0.9393503047271476,0.6400841960213586,0.8471944961311821,0.7409065400755612,0.7147690823318902,0.961545906107456,0.8150645147838851,0.6719212232531213,0.7087631688349301,0.8233095582802461,0.8225942909494108,0.5818076076206404,0.7819249664386072,0.993497832475083,0.8528171695853594,0.9610748156351333,0.7434831528455419,0.7654345194439824,0.8291911258056228,0.5625806336703463,0.823309558280246,0.5902625522478365,0.8812304539168263,0.7001742283648078,0.5124317738215447,0.9592590049291174,0.8725264278119832,0.7214207772025001,0.7043133443232124,0.8479439783560867,0.8430667115959293,0.5488739172427994,0.9670281084644332,0.8112177502271443,0.9529906486159975,0.8063962999510318,0.6025720335494896,0.8414864259682341,0.8175818786954797,0.7450645690306787,0.900735691151503,0.9359193916809871,0.9459620862429872,0.8689304945061072,0.950755507587437,0.9454454968314663,0.9780395008431748,0.7058101045815555,0.8008640812911393,0.6877403766656691,0.8813299315036967,0.84756849174827,0.7003770163617231,0.8836401242914758,0.7910879658728174,0.7548771159228309,0.8457706733508472,0.839186581443332,0.6957128358150221,0.9913239936917142,0.6852064275648198,0.983674289198189,0.6672861014324423,0.633854041344474,0.823309558280246,0.8660599033198622,0.9683604913388731,0.6304796153473796,0.8616255760827234,0.8345541328101034,0.7711003670094538,0.719507622861447,0.823309558280246,0.5467385788382166,0.5680771053164899,0.7942278940301716,0.5511225540905746,0.6160145877943983,0.5772498666784369,0.7421009311387936,0.4581925884986233,0.9153111341369746,0.9833115515960165,0.6211697011737509,0.9878352499541921,0.8820450540224796,0.9454454968314662,0.9415238331131339,0.9973706779505989,0.6899391613283083,0.7807930731147923,0.4919466074191372,0.8838221115371245,0.5723881336272321,0.9736191354376758,0.8175818786954796,0.6095307268245301,0.5490363891492367,0.900512056666877,0.6337638746582819,0.6762679453144048,0.823309558280246,0.5385965987513601,0.50713489374996,0.8518196778220779,0.823309558280246,0.6276344752505439,0.9317569054629058,0.7635098746985824,0.9407413053324096,0.8175818786954796,0.825791883231616,0.8287559736133523,0.6983840134857011,0.8790625472010725,0.8197996481818448,0.823006443777953,0.6124407934478744,0.823309558280246,0.9829021226820064,0.823309558280246,0.8546450937171783,0.9028741276230614,0.6283053537846462,0.8689304945061069,0.8353766308660564,0.9098330046432979,0.7214207772025,0.6625596623671082,0.823309558280246,0.9750781248035392,0.5818872179666538,0.9925292486538817,0.7209143712315655,0.9359193916809867,0.8702278981827853,0.907828959383806,0.9988235493481883,0.7284248693131303,0.6273583643527126,0.4762813639992389,0.7284248693131303,0.9660725747488668,0.8414864259682344,0.6286211305917186,0.7284248693131303,0.8689304945061069,0.8582085951141725,0.8890194193065105,0.6132206788535393,0.986714646627682,0.9578335319008515,0.7894766195969121,0.639566236235933,0.784819257372219,0.9650708054240253,0.7198223699562847,0.8010715422382337,0.8739594680062142,0.9570488641762055,0.5855609426659314,0.9053699922725154,0.5957646989515308,0.8107814988348877,0.821322661121049,0.7663211815484232,0.9771285463001179,0.8591052725560666,0.7628588897397748,0.9121918500258652,0.9812626249122784,0.9829021226820066,0.9530292275943426,0.7548861631746994,0.7421009311387936,0.7526072663729984,0.8821687636175504,0.7645784044958581,0.8902220522503083,0.8292797099010637,0.8039875215214503,0.9957301802032739,0.9007646429901472,0.7552363459677893,0.7415376425438696,0.7722139283758405,0.829812996168722,0.93279342042237,0.67068869535696,0.9214669982875466,0.7526072663729984,0.7553441395437819,0.8481510251486397,0.7840366262887106,0.818977850392967,0.856431629004903,0.8506173770427994,0.7708396679625852,0.9874929842248081,0.9344206672955302,0.9237588866311102,0.8175818786954804,0.933666562444029,0.8676406551811714,0.7937740955279331,0.811839113189051,0.6205340313117771,0.7479837403619535,0.866158640802322,0.7729195442522485,0.7069943441467488,0.8559936950218832,0.7764316497758317,0.8038699604633364,0.7542349882200977,0.9282417817212179,0.808402050551885,0.7628588897397746,0.6068286200530573,0.7663490925761944,0.785894662645575,0.6434062932363,0.9709491067574404,0.9015815534403826,0.8979763176038492,0.7399603481429593,0.9240714630961303,0.9300989118860972,0.7526072663729988
p122_Y,0.9725347513269537,0.8917189373891501,0.8598295527538453,0.8447692963661197,0.9341976401680094,0.634532874320363,0.7807966685704253,0.8353158838803967,0.8753928891101745,0.948467140918744,0.9220943680125893,0.9320645602494204,0.9320645602494204,0.8447692963661199,0.558819034307553,0.8515386735783614,0.9272203681387052,0.911244667414393,0.9458674971126175,0.7235063906986443,0.9489679548235488,0.7264869886153866,0.9134648431298371,0.9903766507571461,0.7785143692692988,0.911244667414393,0.9754970377701453,0.891751906668637,0.6579010970221212,0.7520660878273886,0.9028404281797042,0.9409669977890662,0.9259591224230199,0.8233368841618821,0.9341976401680094,0.6155835197053362,0.9363880304285923,0.9259591224230197,0.9511876099263499,0.9095242312718104,0.6778063782787327,0.9129874603663684,0.9511876099263499,0.8871829502996265,0.9762262925984149,0.7137954780373752,0.9386420076357269,0.8710878802609618,0.41526734613730953,0.8598295527538451,0.9409669977890662,0.9997060959500519,0.911244667414393,0.9240084059312026,0.9259591224230197,0.9078247903914518,0.4272137936248288,0.9341976401680094,0.8200402670078459,0.9299834289466347,0.8782944901168632,0.8209158355527626,0.7255655856453289,0.8696642492046922,0.3957853697218253,0.9347085319854722,0.6543600255164561,0.9618702432415296,0.9837117739280953,0.9458674971126175,0.777377264646299,0.9095242312718104,0.9341976401680094,0.775478651203112,0.9341976401680094,0.8529137105219888,0.9643765980294188,0.7623333429754698,0.7711003670094543,0.9511876099263499,0.9220943680125893,0.7930643127364433,0.9044839950643895,0.9112446674143933,0.9341976401680094,0.8977164148691164,0.8148116781454421,0.7469245461158656,0.8917681657699779,0.9320645602494202,0.9341976401680094,0.4494049181373132,0.6571029618756012,0.8366902973473977,0.9424837518356481,0.9014795552136841,0.5173864362104423,0.8542911987973543,0.7666778741455396,0.7881877245144919,0.5445599258572497,0.5592001372731488,0.9341976401680094,0.6111054663401924,0.9074232144688463,0.9458674971126173,0.8651106674996404,0.7374318361452197,0.9183656033219387,0.778374467493341,0.4697163339808895,0.9129874603663681,0.7954933671188165,0.3381841950563099,0.9386420076357269,0.7642344549770836,0.799582609049326,0.9458674971126175,0.9797658041147691,0.8161233816474041,0.9205840625096655,0.48139301358595166,0.9950286745612719,0.8347834320678187,0.9112446674143933,0.6831589266740612,0.9363880304285923,0.9459735178497931,0.8135617909107402,0.8902183677316944,0.8351667251716826,0.9386420076357269,0.9409669977890662,0.9511876099263499,0.2513469932985468,0.9921468666844484,0.843329924573051,0.9434121517267975,0.9409669977890662,0.9299834289466347,0.8446725410342772,0.9484671409187437,0.7725645540758679,0.7221458308768536,0.555486262065355,0.8841862845276727,0.861222266702258,0.7954151283114466,0.9095242312718104,0.6869865299964527,0.7235063906986448,0.878294490116863,0.765913199194565,0.8732786138576027,0.9409669977890665,0.9095242312718106,0.37310443053465103,0.8886955627708657,0.8147566802167696,0.5091875266207717,0.7271642537149294,0.9386420076357269,0.9564943253467844,0.7437893388895367,0.8965748830334175,0.31585123320475905,0.8453672416657232,0.9794926266231158,0.9044839950643897,0.8236680713869196,0.9178060595541999,0.9320645602494204,0.9078247903914518,0.7744801908415513,0.8106471563404556,0.6483566230177907,0.7408832291859202,0.8584628261955793,0.60464107095908,0.9926541290559201,0.885680018846007,0.8839392516754714,0.8965983225545132,0.9320645602494204,0.8174887035560278,0.6727941245553479,0.9157357559104304,0.9031388200499333,0.9240084059312025,0.9012134114028683,0.9795036960805321,0.9376024723749292,0.9543727587960986,0.8177148849175342,0.878294490116863,0.9341976401680094,0.9363880304285923,0.9299834289466349,0.8710878802609618,0.9992162450517965,0.9173933468462485,0.9320645602494204,0.9341976401680094,0.9845637971549444,0.9796629666381876,0.948467140918744,0.9341976401680094,0.7841148356942863,0.8902183677316946,0.8529137105219888,0.8147566802167696,0.5900676998365897,0.25393976346309133,0.9341976401680094,0.8133884845703083,0.9341976401680094,0.924285512575289,0.8861369440253573,0.8341289527802047,0.9341976401680094,0.7522076535979973,0.9341976401680094,0.8506294911913966,0.9435391793962784,0.9015358689505104,0.9215494939883898,0.5034048200408017,0.7035867637948563,0.9299834289466344,0.9590434494932021,0.9202142532643911,0.5525364142130185,0.7760190951348651,0.9290154829734791,0.9409669977890662,0.8998328740391308,0.858440300510009,0.8739518939582049,0.9560600502201053,0.8902183677316946,0.8902183677316946,0.9279496229669748,0.42580398751631143,0.9299834289466349,0.9341976401680094,0.8739518939582049,0.9341976401680094,0.6547164679425082,0.9052541259973348,0.9409669977890662,0.9061450951233825,0.7035867637948564,0.9363880304285923,0.8886955627708657,0.9183656033219387,0.5884793948932661,0.8524968541217388,0.8202156726197056,0.9386420076357269,0.48706273805724276,0.8338083271305468,0.7982076797417141,0.9320645602494202,0.9433718940682516,0.6153606460628236,0.9511876099263499,0.7841148356942864,0.831095762311769,0.9129874603663681,0.8324501640471824,0.5270839976728536,0.9409669977890665,0.8037598156566617,0.7374318361452198,0.9057422195309193,0.9458674971126173,0.778374467493341,0.9088771365541698,0.3756620428751575,0.933760644847901,0.9458674971126173,0.8078984963029705,0.8049549632214128,0.9965514935490281,0.9819923880936652,0.44306709883167794,0.9386420076357269,0.8948535190071925,0.750032188150602,0.9299834289466347,0.9386420076357271,0.9497673578995787,0.6733467387697221,0.6782333744456281,0.7616332493823366,0.8120186809265804,0.8515386735783614,0.9662712333141255,0.8661829386665058,0.48987353255247834,0.7330124861800765,0.8224152353838801,0.9434121517267975,0.7437893388895369,0.8981981738963492,0.9497673578995789,0.9713213412121521,0.891751906668637,0.6895695889387643,0.8827012888689014,0.8501659032843127,0.6391946488259428,0.7282274248566506,0.8105450538842629,0.5090662800185457,0.789111684375167,0.875392889110175,0.6579010970221222,0.6824320857464188,0.8902183677316946,0.9225200821124012,0.9386420076357269,0.9341976401680094,0.940966997789066,0.9100322320041923,0.5237935040118409,0.9458674971126173,0.9433718940682516,0.864436520678708,0.9341976401680094,0.9183656033219387,0.9458674971126175,0.9511876099263499,0.8841862845276727,0.6275839304518893,0.0,0.9987774230311344,0.7841148356942864,0.8019036880455424,0.8218172303276936,0.9259591224230199,0.609995706730008,0.9386420076357271,0.8948535190071927,0.7873374506213029,0.9240084059312024,0.8841862845276727,0.9511876099263499,0.7188061284735321,0.5767534869348212,0.7124085863009615,0.8306670288758258,0.9320645602494202,0.8855830288196838,0.6203655787600529,0.750032188150602,0.7515760058401828,0.6369527872458953,0.9341976401680094,0.8106471563404556,0.8932967537832142,0.49772619717432154,0.8977164148691166,0.948467140918744,0.7995996720587013,0.9341976401680094,0.9341976401680094,0.9095242312718104,0.875392889110175,0.5828960197893327,0.9341976401680094,0.7235063906986443,0.2804448680872016,0.3700303356435981,0.8965748830334173,0.885255601065627,0.9865548062843288,0.46997195733462127,0.9202142532643907,0.7718485013831489,0.8161222511406998,0.9341976401680094,0.8460594193000852,0.24694715841114034,0.7106653526850937,0.7590699893530761,0.9382025073594864,0.5730340178521098,0.9386420076357269,0.7358234924027574,0.9341976401680094,0.6753380136119953,0.951599083741091,0.8174887035560277,0.7997170651160581,0.9363880304285923,0.7975139964560254,0.7441318134503205,0.9341976401680094,0.8654234385275945,0.7923026475436278,0.9341976401680094,0.9382025073594866,0.8921154127805642,0.7744801908415513,0.64375930536263,0.7437893388895367,0.9341976401680094,0.8938550600980879,0.9866172030200664,0.9433718940682514,0.7763495185804201,0.8499055814552341,0.8797557950282509,0.881224596830571,0.7210302843748406,0.9386420076357269,0.8682458143938525,0.8529137105219888,0.9590434494932021,0.8092737986295462,0.5048807729993666,0.8584628261955793,0.916546213700882,0.9409669977890662,0.6852111693186317,0.9341976401680094,0.9458674971126175,0.8212647567683593,0.9452553512349824,0.9671761235857237,0.944688486580157,0.9299834289466349,0.9650404536475957,0.9903766507571461,0.9299834289466349,0.9671761235857237,0.9341976401680094,0.9838552657289735,0.9241892722336336,0.47140648660990503,0.9458674971126177,0.8009889531223418,0.948467140918744,0.9240084059312026,0.8284703715451973,0.8101114348470415,0.9202142532643907,0.5266905096690786,0.9653575121292097,0.9262039440654457,0.9173933468462487,0.9129874603663681,0.9202142532643911,0.8739518939582047,0.6707907717378425,0.8948535190071925,0.5873005037754171,0.8673056527925582,0.9147540983606557,0.8696642492046924,0.9220943680125895,0.9028404281797042,0.6127434606585593,0.7727528766750424,0.9977262825967365,0.9754970377701452,0.7592002451677544,0.3978095323282902,0.8996020324755996,0.9147540983606557,0.9165462137008822,0.6392418889109275,0.9220943680125895,0.8323544954274771,0.9147540983606557,0.7348145374381927,0.703770648508707,0.6149954545054955,0.7912375393615867,0.9070711234195771,0.8977164148691166,0.8998328740391308,0.9458674971126177,0.696038742651979,0.8598295527538451,0.9433718940682516,0.9951080188590635,0.9762262925984149,0.7341136896129463,0.9409669977890665,0.9458674971126175,0.8347834320678187,0.6227657778225735,0.8122070398100222,0.9661859802146437,0.8644365206787079,0.7942278940301717,0.8797557950282511,0.927949622966975,0.7482661745234771,0.9341976401680094,0.9433718940682516,0.9341976401680094,0.9341976401680094,0.7651933449849071,0.9165462137008822,0.2949438901038951,0.9341976401680094,0.7531133294096688,0.7897927313248179,0.8902183677316946,0.651150366724128,0.8732786138576023,0.9301566876911886,0.5647208615070366,0.8739518939582049,0.7926104337466326,0.9259591224230197,0.8808617942287751,0.9433718940682516,0.8932967537832139,0.8471788901250037,0.8133884845703083,0.5349249866364174,0.9259591224230197,0.9795036960805319,0.739450400581398,0.6360918192527062,0.6619522447894742,0.9386420076357269,0.39951192087371035,0.9202142532643909,0.9129874603663681,0.916546213700882,0.8280150438185903,0.9012134114028683,0.8782944901168632,0.9165462137008822,0.9320611426402994,0.9386420076357271,0.9202142532643913,0.9363880304285925,0.922433446216693,0.8395807850136316,0.6365293048823515,0.9409669977890665,0.7384094334397135,0.9279496229669753,0.8938550600980877,0.48895192399713805,0.9661859802146437,0.7331254296694356,0.9044839950643897,0.9511876099263499,0.6837840604800465,0.8009889531223418,0.8739518939582047,0.733238024457888,0.7264869886153867,0.8797557950282511,0.8747838948742701,0.9341976401680094,0.9409669977890662,0.9606559814622548,0.9341976401680094,0.5761466702758755,0.9202142532643907,0.9299834289466349,0.9804835086069064,0.6337011227788636,0.9590434494932021,0.7469245461158658,0.948467140918744,0.703770648508707,0.9671761235857237,0.8270171939535951,0.9299834289466349,0.6498720808427029,0.8389093273091621,0.9052541259973347,0.4591424968474149,0.9471234068969496,0.8446939652900312,0.7437610195286939,0.848265815728716,0.8948535190071922,0.8046547388994405,0.7270560845519799,0.9028404281797042,0.5922958033456006,0.4753943418605342,0.9363880304285923,0.8624035236679224,0.9048113045350052,0.861222266702258,0.9320645602494202,0.7450294367821133,0.8483916828562632,0.7726260462381259,0.843329924573051,0.9386420076357271,0.723560722079391,0.8670838315537017,0.9129874603663684,0.9031388200499333,0.6473719036731931,0.9183656033219387,0.8682458143938526,0.922094368012589,0.9320645602494204,0.9987774230311344,0.6345328743203631,0.9341976401680094,0.9300797186110581,0.7916685135539072,0.7500321881506018,0.7471942360054256,0.9341976401680094,0.8487952199924149,0.6483498105326877,0.878294490116863,0.47958548042571814,0.8753928891101748,0.9099152708765403,0.846059419300085,0.7376076159694951,0.8240511646791945,0.5841569195280252,0.8065211384922872,0.8870460761700742,0.9433718940682516,0.8483134108505916,0.4272137936248286,0.9386420076357269,0.2916716071844224,0.9511876099263497,0.944688486580157,0.9299834289466349,0.9511876099263499,0.9240084059312026,0.9078247903914518,0.6993021970177551,0.7983748953330516,0.8501659032843125,0.9458674971126177,0.9341976401680094,0.9202142532643909,0.7224487943538207,0.7664404416746766,0.9320645602494202,0.9409669977890665,0.9279496229669748,0.9320645602494202,0.9320645602494202,0.8948535190071923,0.9341976401680094,0.9279496229669748,0.8797557950282511,0.9341976401680094,0.8765447667087011,0.5408384106286188,0.9458674971126175,0.9386420076357269,0.9433718940682516,0.9363880304285923,0.9320645602494202,0.7224578250075422,0.8410264752131607,0.9165462137008822,0.7940143529543535,0.9341976401680094,0.6099771300275323,0.6707907717378425,0.9564943253467844,0.7325830227742436,0.6683619675825756,0.9458674971126175,0.6317030069429781,0.9183656033219387,0.8902183677316946,0.9183656033219387,0.9341976401680094,0.8902183677316946,0.9216516168774788,0.6848542093521175,0.8149366829530522,0.9426603652680072,0.9914826481470902,0.21667663361057898,0.994437324868074,0.9116474872122644,0.7954151283114466,0.9341976401680094,0.6993021970177549,0.8474264488038958,0.948467140918744,0.5944673931753127,0.9279496229669748,0.9220943680125893,0.7725645540758679,0.9299834289466349,0.7293098401399599,0.7209755593296101,0.9341976401680094,0.9341976401680094,0.8886955627708657,0.6571029618756015,0.8791728214273917,0.9528660554458218,0.7995996720587013,0.6666644471506973,0.9591113433131788,0.7858588619584688,0.3895487782113435,0.7805381608776911,0.9341976401680094,0.8710878802609616,0.9409669977890662,0.9511876099263499,0.6337011227788638,0.9458674971126173,0.7812528998027031,0.9341976401680094,0.9341976401680094,0.7296068308681292,0.9610880275993517,0.8973504260916716,0.9202142532643909,0.7632335382365756,0.9794926266231156,0.9061450951233825,0.8696642492046922,0.8326130329527142,0.5837920454466599,0.9341976401680094,0.291671607184422,0.7637034372366573,0.9363880304285923,0.9458674971126175,0.9367579616423476,0.8425868991073653,0.8841862845276727,0.2707559208261082,0.9363880304285925,0.8674566432772477,0.9341976401680094,0.775478651203112,0.5494050292896663,0.8998328740391308,0.5090662800185455,0.8256582233292404,0.9240084059312026,0.8768403073232187,0.5744019875831197,0.9433718940682514,0.8297340049818103,0.8215775544475032,0.9279496229669748,0.9203222717282119,0.8996020324755996,0.911244667414393,0.7576876202204141,0.9409669977890662,0.9320645602494202,0.8392447154194034,0.9469401678022586,0.9924821208671799,0.9340740308913413,0.9511876099263499,0.8370782905736782,0.9511876099263499,0.9511876099263499,0.6014381262361874,0.8964228513787131,0.8654234385275945,0.9341976401680094,0.985927565404734,0.638162299085331,0.9202142532643907,0.6077295872896239,0.9259591224230201,0.9320645602494204,0.9078247903914516,0.8626186644435843,0.9363880304285925,0.7383321355426702,0.9281278923411591,0.8404829480716067,0.8327448936391303,0.9341976401680094,0.4494049181373132,0.9341976401680094,0.7501741687694419,0.948467140918744,0.9129874603663684,0.9147540983606555,0.7164192796374913,0.9341976401680094,0.7469245461158658,0.6610746927254132,0.9147540983606557,0.7484817456541228,0.775478651203112,0.7576876202204141,0.9409669977890662,0.7696312684169999,0.8236680713869198,0.9562964735356454,0.6672819886968291,0.9134648431298378,0.6044073891369017,0.9797658041147691,0.7009786641682367,0.9610880275993517,0.8682458143938525,0.89188505620146,0.7912032625956174,0.9048113045350052,0.6753617432899826,0.9341976401680094,0.9320645602494202,0.7954151283114466,0.5258435321838406,0.8654234385275947,0.7106653526850937,0.7018350795419885,0.9341976401680094,0.7260027086843999,0.72117026349745,0.8996020324755996,0.9341976401680094,0.7926104337466324,0.9259591224230197,0.9458674971126173,0.9165462137008822,0.9320645602494202,0.9698932006005594,0.9112446674143933,0.9560600502201053,0.8574829451437058,0.5718448028139645,0.9165462137008822,0.6481983226903785,0.9341976401680094,0.9061450951233825,0.9341976401680094,0.9458674971126175,0.6051331182784383,0.8501659032843125,0.9511876099263499,0.9044839950643897,0.9703003667409347,0.8768403073232187,0.5161038620197589,0.9341976401680094,0.782685874648712,0.7681571428892382,0.8309086111347292,0.38499576392071555,0.8902183677316948,0.9409669977890665,0.9028404281797042,0.9012134114028683,0.891751906668637,0.861222266702258,0.6792767735599083,0.891751906668637,0.8996020324755996,0.9409669977890665,0.8793331866131817,0.891751906668637,0.9511876099263499,0.4027302550317491,0.9363880304285923,0.7037491178645139,0.864436520678708,0.9012134114028683,0.5426229508196717,0.888611449800047,0.9583942031553516,0.9165462137008822,0.8886955627708657,0.9095242312718104,0.9320645602494204,0.9202142532643909,0.8702923944937322,0.88128767796016,0.6987774575764889,0.9955290054729584,0.9187568665400383,0.95791346188841,0.9316031987068059,0.9363880304285923,0.9386420076357269,0.9437520559602287,0.9041853249452693,0.9061450951233827,0.9446884865801572,0.931871230166406,0.9409669977890662,0.9433718940682516,0.9682442418303725,0.9424837518356481,0.814484450402827,0.9673786919850064,0.7973011263888933,0.931904670140075,0.9616684643803335,0.9012134114028683,0.9341976401680094,0.9774384882566036,0.8093070140495187,0.8871829502996262,0.9014795552136838,0.9267444155504523,0.7562450440181465,0.7176582853502846,0.9721368213039625,0.911244667414393,0.49273034145574635,0.9435169778505764,0.9903387485424457,0.9644100453636641,0.8835341538402918,0.9220943680125893,0.9182530751505795,0.9320645602494204,0.7662141478344269,0.9312800724987114,0.3918141855761078,0.9903766507571459,0.8529137105219888,0.9061450951233823,0.9386420076357269,0.7124211525711974,0.8229385262714315,0.9364267113498836,0.574813899714393,0.9709760367855709,0.782685874648712,0.9147540983606557,0.7557351791201897,0.7265860889701897,0.8174887035560279,0.8765447667087006,0.9433718940682516,0.8901853371445989,0.9129874603663681,0.6856916272715317,0.948467140918744,0.9816942482127167,0.9458674971126175,0.9491483812215835,0.9433718940682516
p123_C,0.7778983555639081,0.9473756291574582,0.9029316112204657,0.930474153890517,0.9544316996038,0.9661972965770262,0.7676021291943436,0.7765395464272928,0.9137092609592146,0.9643133649175286,0.9460501530640812,0.9529545363721539,0.9529545363721539,0.930474153890517,0.9197987094973856,0.9873232206481497,0.9501049319099923,0.9385367079941818,0.9625131050152524,0.9643133649175288,0.8990962871160681,0.9940867605460231,0.9422080421889416,0.9692769377093197,0.943467974097185,0.9385367079941815,0.9501049319099923,0.9250379219402804,0.9643133649175286,0.8905175082550113,0.9327167510955896,0.9591194968553458,0.9487265052554268,0.9271857963192041,0.9544316996038,0.9507165296704019,0.9559485503920393,0.9487265052554266,0.9661972965770262,0.9373453016197315,0.951525861158216,0.8897874329430773,0.9661972965770262,0.9218739081138494,0.9830316367629124,0.8631446255669613,0.957509435301382,0.9209014751655666,0.9373453016197317,0.9774791703451948,0.9591194968553458,0.8987441747565192,0.9385367079941815,0.9473756291574582,0.8554481859701064,0.9361684345174044,0.9361684345174046,0.9544316996038003,0.9540089029986336,0.9515133476881705,0.9157186269856048,0.9570129271953451,0.9944277784719999,0.9231230454306081,0.9607848936032954,0.8745818404295129,0.9608127721335267,0.9235809599333311,0.8557146344488489,0.9625131050152524,0.9293685115305119,0.9373453016197315,0.9005384212506021,0.9945547406720264,0.9544316996038003,0.8981423730059306,0.9940867605460231,0.9460501530640812,0.9022596399437831,0.9661972965770262,0.991511387719873,0.9987774230311344,0.933854925314779,0.9385367079941818,0.9544316996038003,0.9261077324693099,0.9940867605460231,0.9504424083764611,0.8529036823096633,0.9529545363721539,0.9544316996038003,0.9029316112204655,0.9133404113163563,0.9381630884742409,0.9082555093909311,0.9629940985099354,0.9403916813458222,0.8990962871160681,0.7788805660896525,0.8759782153863132,0.9903434298372484,0.9575094353013822,0.9544316996038,0.8858986498990518,0.9560266523588534,0.9625131050152522,0.9167305843279034,0.8377335793276732,0.8766079819236638,0.8951131855351439,0.9254878069711863,0.9397435965156078,0.8897655097007556,0.9187703462526826,0.957509435301382,0.8208375642018124,0.9473756291574582,0.9625131050152524,0.9661972965770262,0.8858986498990516,0.8005618369918841,0.8971901564492133,0.9965573445764311,0.8596305180199362,0.9385367079941818,0.969732852945806,0.9559485503920393,0.8458206993046364,0.9529545363721539,0.6983285517377636,0.9324993390444263,0.9575094353013822,0.9591194968553456,0.9661972965770262,0.9501049319099923,0.8612222667022575,0.9288357786952528,0.9591194968553458,0.9591194968553456,0.9515133476881705,0.9504424083764613,0.9643133649175286,0.9970923146931109,0.9572654625627897,0.9380230108510117,0.8986858911428512,0.9757619342112605,0.891418746021108,0.4575465901506729,0.8425856863408152,0.9643133649175286,0.9157186269856046,0.9921302885568201,0.9935080750686025,0.9591194968553458,0.9373453016197317,0.9316152125844132,0.9229213960709448,0.9404815542410545,0.9356856974167591,0.9842114535033006,0.957509435301382,0.9409669977890665,0.8009638285360556,0.9077810309891683,0.9250379219402804,0.7413155487309189,0.9097421633544907,0.933854925314779,0.9945616853424688,0.9810522968844484,0.9529545363721539,0.9361684345174044,0.9100155353766082,0.9370094808581142,0.8493682001610471,0.9625131050152524,0.9199989838706863,0.9282725629505153,0.8981423730059306,0.96664472544214,0.9000520303703365,0.9903434298372484,0.48335140169781754,0.8495661380172146,0.902941079165362,0.9071558877260779,0.6217571003319835,0.797405810419372,0.9315900378678905,0.9515133476881705,0.7416483906546629,0.9036630310524921,0.93612991941297,0.9157186269856046,0.9544316996038003,0.9559485503920393,0.9515133476881705,0.836716228476829,0.8524700617069345,0.9427946840319121,0.5538131594390712,0.9544316996038003,0.9178303757589166,0.8144187923946177,0.9643133649175286,0.9544316996038003,0.9155677991130318,0.9239759423528267,0.9368506101299685,0.906100043689203,0.958143078386429,0.9529545363721539,0.9544316996038003,0.9235809599333311,0.9544316996038001,0.9475675262084418,0.8882786390335262,0.8524700617069345,0.9544316996038003,0.9103339493566892,0.9544316996038003,0.8777622263784162,0.9167305843279037,0.9250379219402804,0.888676559370384,0.957509435301382,0.8319518115156928,0.9515133476881705,0.9422080421889416,0.9447481688519046,0.9091031345982892,0.9054269517278617,0.9271857963192041,0.9591194968553458,0.9515258611582159,0.781077299052314,0.9127113681766141,0.9077810309891683,0.9711878805915029,0.9239759423528267,0.849304774108722,0.9356856974167591,0.7741433717098549,0.9544316996038003,0.8735864340900965,0.9544316996038003,0.9552086219555467,0.9711878805915029,0.8006773101112713,0.6379324236272619,0.8319518115156928,0.9559485503920393,0.9696485350828812,0.943467974097185,0.9038960691476476,0.9460501530640815,0.7064804985396798,0.9575094353013822,0.9210886546555859,0.8849118467483821,0.7407093416647671,0.9529545363721539,0.9607848936032957,0.8788191408694406,0.9661972965770262,0.8892257387664575,0.921760149119876,0.9397435965156078,0.9358903421766451,0.9243815265814348,0.4804063860667618,0.7999606879621299,0.8690149918160484,0.9813906368456975,0.9625131050152522,0.9274085674773459,0.9229213960709448,0.9987774230311344,0.9541290792408028,0.9625131050152522,0.8620573178581572,0.9916718506621414,0.9607848936032954,0.9087598936651089,0.930474153890517,0.957509435301382,0.9271857963192041,0.7953195658982105,0.9515133476881705,0.9575094353013822,0.9652137684610215,0.8505815345144851,0.9625131050152524,0.9303029056564401,0.9593259713837244,0.8971901564492133,0.9069728207600057,0.9507165296704019,0.9544316996038,0.9526350423385236,0.9515133476881705,0.9591194968553458,0.8950795038997208,0.9087598936651089,0.957509435301382,0.9373453016197317,0.6932321113248399,0.8660127357937748,0.9463449611535275,0.9123183369467288,0.9868913603132672,0.9990570982226108,0.8851338808206501,0.8858525408230952,0.9643133649175286,0.95678955450748,0.9643133649175288,0.9759742607288064,0.9816001811698213,0.9187703462526826,0.957509435301382,0.9544316996038003,0.9591194968553454,0.9981922472699298,0.9385367079941818,0.9625131050152522,0.9607848936032954,0.906121948145339,0.9544316996038003,0.943467974097185,0.3433239724699806,0.9661972965770262,0.9197987094973856,0.9696133930122256,0.9987774230311344,0.0,0.8504989784061951,0.8465237589272381,0.9434679740971852,0.9487265052554268,0.8573544191143381,0.957509435301382,0.9271857963192043,0.8311464231994985,0.9473756291574582,0.8986858911428512,0.9661972965770262,0.8056017035197616,0.9271857963192041,0.8258426771468562,0.9501049319099923,0.9529545363721539,0.8208556050998246,0.8971901564492135,0.9212474909682706,0.7938826026075039,0.869243130108611,0.9544316996038003,0.9948537157563818,0.6879618446090574,0.9282725629505153,0.8809270560698739,0.9643133649175286,0.9721034599974785,0.9544316996038003,0.9544316996038003,0.6225760742132903,0.8278089777511936,0.8736104662007036,0.9544316996038001,0.9643133649175286,0.9544316996038003,0.9304741538905169,0.9077810309891681,0.8144187923946176,0.9730533608234011,0.9315900378678905,0.9447481688519044,0.881981637147994,0.859478393278834,0.9544316996038003,0.8933957590212618,0.9727541677821405,0.8270771330414151,0.8246016337990569,0.9828201226319815,0.883030853237359,0.957509435301382,0.8078013427639651,0.9544316996038003,0.8494522957885748,0.938536707994182,0.908213390673464,0.8475218860027953,0.6701788901147555,0.8809287459442816,0.9487265052554266,0.9544316996038003,0.929547842190574,0.8875935086546552,0.9544316996038003,0.8634896230757457,0.9096679669675563,0.8914187460211078,0.8660127357937748,0.8009638285360556,0.9544316996038003,0.8642683597030216,0.9393203828196914,0.9607848936032954,0.9636723648662062,0.9929076841550353,0.9065887965216862,0.962306653551736,0.9068053912485843,0.9575094353013822,0.6763984140704808,0.9368506101299685,0.9422080421889416,0.9622339996536715,0.9672616040330473,0.9199989838706863,0.9422080421889416,0.9591194968553456,0.9496811510501818,0.9544316996038003,0.9625131050152524,0.9610481566737545,0.8638461791854182,0.8041960100717365,0.9350052413014638,0.9515133476881705,0.975790425845385,0.9692769377093198,0.9515133476881705,0.9915113877198728,0.9544316996038,0.9888197307367493,0.8915055770282616,0.9137092609592148,0.8639461643560556,0.9373014503319761,0.6722319823963787,0.9250150906309571,0.9422080421889416,0.8336974907151965,0.9447481688519044,0.9643133649175286,0.9770036587127402,0.9318133405341399,0.9029316112204655,0.9397435965156078,0.8717566193418789,0.9554518077232719,0.9652137684610215,0.9271857963192041,0.9097421633544907,0.8896188734697232,0.9987774230311344,0.7977719520194324,0.7417575508556905,0.9846299338167082,0.8563822015167815,0.9862789464261125,0.9147116017278334,0.7824413427816267,0.9599865928364955,0.9812078381362566,0.930474153890517,0.943412151726797,0.9422080421889418,0.8681687926290682,0.8666344692877817,0.8669692234537125,0.5965496002743882,0.9239759423528267,0.8729257271101274,0.9652137684610215,0.9278919760223627,0.9036630310524921,0.9261077324693097,0.7977719520194322,0.9625131050152524,0.9575955949663897,0.9826577568433585,0.9607848936032954,0.9250379219402804,0.9830316367629124,0.9501049319099926,0.8006773101112714,0.9625131050152524,0.9846299338167082,0.875643675264683,0.9218739081138494,0.9529545363721539,0.9529545363721539,0.7741326728997917,0.9167305843279034,0.9830316367629123,0.9210886546555858,0.9544316996038003,0.9607848936032957,0.9544316996038003,0.9544316996038003,0.7804362199469097,0.9422080421889416,0.9271857963192041,0.9544316996038003,0.9186131130851851,0.8831681912334156,0.9239759423528267,0.901890499100299,0.8933957590212618,0.8258229735464786,0.95678955450748,0.9127113681766141,0.7482956255273319,0.9487265052554266,0.9755588472540062,0.9607848936032957,0.9261077324693097,0.9874997712145344,0.905045718507947,0.9327167510955896,0.9207232888949288,0.9515133476881705,0.8379129021788132,0.9607848936032954,0.9477170828887946,0.9575094353013822,0.9107280314569581,0.8105915487398058,0.9397435965156078,0.881215299022194,0.9679287556550142,0.9315900378678905,0.9091031345982893,0.8223564127592391,0.9730090101747265,0.9652137684610214,0.9447481688519048,0.9559485503920393,0.9696485350828812,0.7157033402404305,0.8563822015167815,0.9591194968553458,0.8532293824478363,0.9501049319099926,0.9576073616523981,0.9010097382828826,0.9765837058865925,0.8270771330414151,0.9338549253147788,0.9661972965770262,0.8258229735464787,0.995860482228037,0.7453651154501224,0.8550590262373865,0.9447481688519044,0.9167305843279034,0.9540967655391956,0.9544316996038003,0.9591194968553456,0.9727541677821405,0.46544878381381005,0.9451689995479287,0.749426478137733,0.9515133476881705,0.9338549253147788,0.8485170805722069,0.9989330715481036,0.7981619927363149,0.9643133649175288,0.8148130677930066,0.9290729285038272,0.7296665751166677,0.9515133476881705,0.9207232888949288,0.9044360458484604,0.7927524282151166,0.9987774230311346,0.9167065047033107,0.9299622870581816,0.8300905497246422,0.7016744316202448,0.9271857963192041,0.9246012618232705,0.87549889916545,0.8596305180199366,0.9643133649175288,0.943467974097185,0.7449534020133968,0.8554077319402793,0.8735864340900966,0.9757619342112605,0.9529545363721539,0.9421042865426588,0.8903723822424179,0.9661972965770262,0.8471830113028014,0.9575094353013822,0.9261077324693099,0.9795295863759996,0.939743596515608,0.8762253925883117,0.9327167510955896,0.8766079819236637,0.9253034294291274,0.9460501530640812,0.7651984326628319,0.9591194968553456,0.9381728330554158,0.9544316996038003,0.780083417223183,0.8792678792793374,0.9527294722357857,0.9282725629505153,0.9544316996038001,0.990449555556732,0.8425003792101686,0.9157186269856046,0.930474153890517,0.9137092609592146,0.9029316112204655,0.9558093530985573,0.9428812092399893,0.9350052413014638,0.7777194557862097,0.9335689453150369,0.9791730180618383,0.9607848936032957,0.9554518077232719,0.9361684345174044,0.8879369722234248,0.9239759423528267,0.9381728330554157,0.935005241301464,0.9515133476881705,0.9661972965770262,0.9473756291574582,0.9361684345174044,0.9544316996038003,0.9245130324548216,0.8962395095530546,0.9625131050152524,0.8280234816778034,0.9447481688519046,0.8343531165770126,0.8009638285360557,0.9529545363721539,0.9591194968553458,0.9501049319099923,0.9529545363721539,0.9529545363721539,0.6825064884039787,0.9544316996038003,0.648714480127436,0.8182484869464814,0.9544316996038003,0.9409669977890665,0.9415886943343519,0.9625131050152524,0.9575094353013822,0.7063894597990332,0.5206298663174734,0.9765837058865926,0.8170571011959711,0.9071558877260779,0.9989330715481036,0.7794479864767846,0.9544316996038003,0.9167305843279034,0.957509435301382,0.9409669977890665,0.8729257271101273,0.9931344261826375,0.9625131050152524,0.9692769377093197,0.9434679740971852,0.9343882429311452,0.9434679740971852,0.9544316996038,0.9343882429311452,0.9293685115305119,0.9846299338167082,0.9211495461267734,0.9460501530640815,0.8639461643560565,0.9373453016197315,0.9652137684610216,0.9167305843279034,0.8107326760754665,0.9544316996038003,0.9544316996038003,0.8943424304056795,0.9643133649175286,0.9200311537959003,0.9501049319099923,0.9460501530640812,0.9708262240875449,0.9515133476881705,0.9373269698674503,0.8195687442710176,0.9544316996038003,0.9544316996038003,0.7967157698574373,0.9570129271953454,0.9554518077232719,0.9830859188713984,0.9612268306824159,0.8484736303933889,0.8563822015167815,0.8350509347173094,0.9397435965156076,0.9904386361787514,0.9544316996038003,0.752530981788091,0.9591194968553456,0.9661972965770262,0.8485170805722069,0.9625131050152522,0.8921895964511959,0.9544316996038003,0.9544316996038003,0.8295268325962148,0.9544316996038,0.8220992211640017,0.9447481688519046,0.8717185331373516,0.9097421633544907,0.8514635911628986,0.9097421633544907,0.887728017725179,0.8997921725028668,0.9544316996038001,0.9239759423528267,0.8137836152442673,0.9559485503920393,0.9507165296704021,0.9755588472540062,0.9514457862955321,0.9197987094973856,0.9261077324693099,0.9559485503920393,0.9082133906734637,0.9544316996038003,0.7692571359771149,0.9261077324693099,0.951525861158216,0.8858525408230953,0.8792678792793374,0.5421872499962037,0.9115624916377842,0.9710778825508661,0.9560086947472866,0.8820903683689054,0.9837368110160417,0.5149876174732453,0.9448229719109481,0.930474153890517,0.9385367079941818,0.7880245640829157,0.9591194968553456,0.9529545363721539,0.925487806971186,0.9361684345174044,0.9816001811698213,0.6210348984040934,0.9661972965770262,0.9711878805915029,0.9661972965770262,0.6512832219527407,0.9127113681766141,0.9282725629505153,0.9477170828887946,0.973053360823401,0.9643133649175286,0.9447481688519044,0.9940867605460232,0.9881294913507126,0.9487265052554268,0.9529545363721539,0.8471315842032195,0.9740203020994681,0.9559485503920393,0.9167065047033103,0.83268575320467,0.9696133930122255,0.978217780674542,0.9544316996038003,0.9029316112204655,0.9730533608234011,0.9703258475148753,0.9643133649175286,0.6624954722213245,0.9409669977890662,0.9050457185079468,0.9544316996038003,0.798161992736315,0.8572755626114625,0.9409669977890662,0.7967459576737136,0.7692571359771148,0.7880245640829155,0.9591194968553456,0.9036630310524925,0.9721034599974786,0.9540089029986337,0.8539453617971723,0.9989330715481036,0.8592923977687696,0.9661972965770262,0.9422080421889416,0.9544316996038,0.9087598936651087,0.9923551296406039,0.7501413829407567,0.9554518077232719,0.830090549724642,0.8280234816778032,0.9529545363721539,0.8769212489428944,0.9103339493566893,0.9068053912485843,0.8270771330414151,0.8471812314738494,0.9544316996038003,0.87805546295053,0.8773844821970243,0.930474153890517,0.9544316996038003,0.955212744755753,0.9207232888949289,0.9625131050152522,0.9989330715481035,0.9529545363721539,0.8956033810680568,0.9385367079941819,0.9489746595216719,0.9903434298372484,0.9177477332861093,0.9422080421889418,0.8638461791854182,0.9544316996038003,0.9883880331853732,0.9544316996038003,0.9625131050152524,0.9542945594732946,0.9728163709531412,0.9661972965770262,0.908255509390931,0.9264513956876093,0.9147116017278334,0.930474153890517,0.9544316996038003,0.8907128377247424,0.9991316310832183,0.897547190624112,0.9846299338167082,0.9239759423528269,0.9591194968553458,0.9327167510955896,0.9147197078398366,0.8840970946922794,0.9038960691476476,0.8471812314738494,0.8840970946922794,0.930474153890517,0.9591194968553458,0.8971901564492133,0.8840970946922794,0.9661972965770262,0.9385367079941818,0.9692769377093198,0.9356856974167591,0.9529545363721539,0.9315900378678905,0.9987774230311344,0.9427946840319121,0.9239759423528267,0.9400741852851483,0.9229213960709448,0.9373453016197315,0.8356601904040855,0.8717566193418789,0.9475675262084418,0.930474153890517,0.9117176971980814,0.9155677991130318,0.9875436734016291,0.9177477332861095,0.9373453016197315,0.9559485503920393,0.9575094353013822,0.9610481566737545,0.9452352847073291,0.9350052413014638,0.9350052413014638,0.9949132781456955,0.9591194968553456,0.9607848936032957,0.8578029266081851,0.9338549253147792,0.915674829416099,0.9261077324693099,0.9327167510955896,0.8942962490306567,0.9365826632500478,0.9315900378678905,0.9544316996038,0.9189139166176374,0.9648675459392011,0.9218739081138494,0.9107280314569581,0.8654671347016268,0.9607848936032954,0.9752372748615916,0.7800222122223968,0.9385367079941815,0.9501049319099923,0.933854925314779,0.951525861158216,0.7894968820867839,0.8157177922735035,0.9460501530640812,0.8404674291219101,0.9529545363721539,0.9333770200885276,0.8396960566861431,0.957509435301382,0.9692769377093197,0.8981423730059306,0.9350052413014636,0.957509435301382,0.9087598936651087,0.877384482197024,0.77089701297787,0.9515133476881705,0.9515133476881705,0.9144538550233172,0.9409669977890665,0.9127113681766141,0.957509435301382,0.9428163151462239,0.9409669977890662,0.9607848936032957,0.9440100680280117,0.996566586696046,0.9559485503920393,0.9643133649175286,0.8971901564492133,0.9625131050152524,0.8441308835731787,0.9607848936032957
p123_F,0.7336670020777825,0.8594036192762482,0.6450184765178784,0.9307077762079483,0.7541282748365794,0.8763826688608702,0.9459768659399841,0.9280046929430359,0.7554048643561024,0.7612950419868546,0.8027040615618268,0.7425790880051844,0.71394793146275,0.7457422433436809,0.983287856206339,0.8899380151987908,0.9533776220537196,0.775227205182045,0.9960587809365495,0.9064142711340988,0.7891659353887512,0.8227962496162919,0.9082358204851604,0.8268778248611146,0.8663706046729465,0.8614038322551054,0.8175324891292577,0.7118620149295728,0.906414271134099,0.8695184385696,0.9085493110640215,0.7590880973527835,0.8655388112080702,0.9292666101941276,0.783593713297511,0.8629094882524142,0.8692863322387208,0.8124915484069641,0.7738965054378302,0.7708702022977243,0.669924835866045,0.758574517596295,0.8516122444825633,0.7405845689735275,0.8990395688839348,0.6628893026765184,0.8446109430683049,0.7620459765125471,0.7708702022977243,0.5288934206558598,0.791622507706202,0.5338954574358292,0.8841143924152836,0.9371820070526742,0.948795768988056,0.810592883607024,0.9912878046883848,0.8333555867103808,0.7720005876737963,0.822683100826022,0.7743597576603034,0.7374349603166528,0.8386932720949282,0.8736635385762339,0.8565893759313057,0.5982908375469124,0.8830333887596136,0.6787525594818322,0.8010455395174871,0.8981674209551731,0.7416988816034096,0.7708702022977241,0.9309209056021673,0.3784949213068406,0.8333555867103808,0.6275041126854282,0.7979426727616274,0.8534460628229266,0.5904984473953703,0.8763826688608702,0.8167309289799259,0.8310957623117692,0.75810580892686,0.9976671932161749,0.8333555867103808,0.7297741310905197,0.9470641338896126,0.785397800849356,0.8393728540334973,0.8279535638583029,0.8333555867103808,0.6774140883934177,0.7094237786319906,0.6290999454656658,0.9078036830498477,0.8304609878257694,0.6379901391579998,0.6626272674171765,0.43757385041895447,0.4688049088618014,0.810592883607024,0.8446109430683042,0.8333555867103823,0.7445561754204906,0.7513523128038421,0.8629094882524138,0.6954816660047511,0.44471994699797,0.8168209721356972,0.40646182051036794,0.6228028739785785,0.9432883798918772,0.6480387774525593,0.8308276759982083,0.8446109430683049,0.5092389777524802,0.9631081363114835,0.7845111847199955,0.8763826688608698,0.5967434136755763,0.8909637417752132,0.7648009882543503,0.7932609685518643,0.9507377125104446,0.9342011263032906,0.610313350499812,0.8389027479487043,0.9032688243727558,0.9716283403446574,0.9327114027310499,0.6645761674381846,0.876011295842658,0.8504989784061951,0.7738965054378302,0.84470151571415,0.7904797750281591,0.5776619338438851,0.8504989784061951,0.8830333887596133,0.878420891544528,0.6016955408537843,0.8694930837030932,0.6895418306257171,0.6673194079114493,0.8049832688851979,0.7401261640085706,0.7972624238836941,0.36163428111092877,0.8267851661932408,0.37365138816713195,0.8694930837030941,0.5786113367980603,0.9591445625745723,0.8246025552343852,0.9481022094664504,0.8491376457215205,0.6721408720637125,0.7940693148410227,0.7845765166603249,0.6396639613099095,0.9042319194605735,0.9074116486170116,0.8310957623117692,0.48882779910785257,0.7129683021185396,0.7258618072515544,0.7617214365185658,0.7378377367694413,0.8864182724608496,0.45099153550347404,0.9307077762079483,0.8279535638583029,0.9692745478323194,0.7642844841217852,0.8842773571989098,0.7356508338052399,0.9334253536579322,0.9705001765635294,0.9382552780535443,0.7533325486605511,0.9172170867382876,0.9359812911876474,0.9646856815994838,0.9711093465704743,0.8893007595510349,0.5619937701280036,0.5266689018772854,0.6852193755807127,0.8334774900174388,0.812272959004473,0.731414573425931,0.860435337737461,0.494567682363356,0.33399501941697485,0.8633363125976867,0.8333555867103808,0.7357270719910649,0.9898964729815398,0.8988759991389913,0.739201602031119,0.8042561215979475,0.9711093465704743,0.8333555867103808,0.5978464417386657,0.4480262187477885,0.7982162294178599,0.8333555867103808,0.9952871635114626,0.8559757414183105,0.79053937092963,0.8544287629234837,0.6880981961824122,0.8279535638583031,0.8333555867103808,0.8040958633853847,0.8333555867103808,0.5385035941030031,0.7116419197319952,0.7126566236400673,0.8333555867103808,0.7003984896355109,0.8333555867103808,0.6970746753880133,0.9826485279774786,0.7258618072515544,0.6078451348252181,0.8446109430683042,0.28431597065644054,0.878420891544528,0.8843193296037337,0.630425059581097,0.6917809127153969,0.8824158561285934,0.8724882414083801,0.8504989784061949,0.9735324343911236,0.8916378290450971,0.9239210673151494,0.846875972307072,0.9902631487156041,0.7984239954337561,0.774932112097357,0.6240218329418545,0.9341586822630341,0.8333555867103808,0.6419043340868241,0.8333555867103808,0.7592906331458006,0.7219781213616256,0.9217601491198761,0.912317116859704,0.27167502008479083,0.7357270719910649,0.5034145009968625,0.7932609685518643,0.6485455232591513,0.9803010659756759,0.7192572201623089,0.7157841180907445,0.5938196909301983,0.8437187286664514,0.34902654629266194,0.8279535638583029,0.9067422366276935,0.5962069094848759,0.7738965054378302,0.6742151929067822,0.6874350986500524,0.8719977578125402,0.8973034632391533,0.6043342443176409,0.9806366198198686,0.514156605357455,0.4574307144629546,0.6159213296100217,0.8629094882524138,0.4195846003788509,0.9970745222999701,0.8310957623117692,0.8839487244739348,0.8629094882524138,0.8258590675810081,0.41246275864561976,0.9067422366276936,0.716902198912085,0.7868456950912956,0.8446109430683042,0.753541152369885,0.35381666399547596,0.8226831008260223,0.8446109430683046,0.8446109430683042,0.339099926654266,0.862909488252414,0.5288891854631845,0.8651386931318837,0.6240218329418541,0.7949149914450576,0.9686832863606913,0.8333555867103821,0.8602801204108435,0.8226831008260227,0.915567799113032,0.36135247439203755,0.4908415514882192,0.8446109430683044,0.793222681826004,0.9445280195442782,0.40688122710412156,0.5662785898838234,0.5393242191822036,0.7383551927710967,0.7751763583455802,0.7033538517567987,0.7006561941025249,0.9064142711340992,0.8604353377374611,0.9802566459961088,0.9716108156071264,0.5874009268237261,0.7212106334313051,0.7157841180907438,0.8333555867103808,0.9155677991130315,0.9239210673151494,0.7752272051820446,0.8629094882524138,0.8391226973588365,0.8279535638583033,0.8333555867103808,0.9638501195010558,0.8981674209551731,0.87638266886087,0.8910925296113086,0.7717345388064261,0.7841148356942864,0.8504989784061951,0.0,0.438733551063071,0.7932609685518641,0.8124915484069637,0.5185907181129319,0.7471844708650976,0.889617580514629,0.5623312760085479,0.7257783125828111,0.8876386865606185,0.87638266886087,0.28908057180574365,0.7337166375301352,0.31253851589042425,0.8175324891292579,0.8279535638583029,0.86349043457958,0.73351673151824,0.3154398665880299,0.335856582500779,0.4053523709272093,0.8333555867103808,0.5658832554118838,0.7997734685989584,0.7577474010383416,0.8669894145144219,0.7982162294178602,0.3697206044890058,0.8333555867103808,0.8333555867103808,0.8044326866649607,0.6153642331809603,0.650273658243925,0.8333555867103808,0.8694930837030941,0.8333555867103823,0.7457422433436818,0.6627529257978395,0.4606963520067673,0.8333555867103823,0.7498230589346044,0.847649826470956,0.4496521855572433,0.3836711948044276,0.8333555867103808,0.6101456267267693,0.7452506409694464,0.2664965347398338,0.43441780556247844,0.7914563256478502,0.7617834235871008,0.8446109430683046,0.33523309763287157,0.8333555867103808,0.4240217486184339,0.8887800059829345,0.9138533923136983,0.8367661764120156,0.8876449934411474,0.4987032982314745,0.8124915484069639,0.8333555867103808,0.6924830054082048,0.6704778024186957,0.8333555867103808,0.9171108073594293,0.6321045339761071,0.6836000624509593,0.4197717270272032,0.31036234450571165,0.8333555867103808,0.914826560400076,0.6369714581806476,0.8903991455657343,0.7474790156206934,0.6131292258734302,0.6763408234299062,0.703303950100977,0.6758088845190198,0.8446109430683049,0.7774023226200245,0.6647109349545077,0.8843193296037337,0.5306220572687563,0.8380373819875606,0.5756802008253392,0.9799852931294404,0.8504989784061949,0.7752272051820446,0.8333555867103808,0.8981674209551731,0.7633157924892358,0.6620327691127279,0.8421019296104755,0.8490779672106863,0.8784208915445282,0.8097111946503829,0.96043708510877,0.8505519961852752,0.9041880640840263,0.8628210251713138,0.911255877793866,0.648739010732788,0.7894630843246806,0.9255429155310315,0.4855432736650259,0.908979791710876,0.9631081363114835,0.996098215989133,0.6720548299052671,0.9222105570349484,0.906414271134099,0.7886201295846806,0.7312508486474646,0.9041833715221954,0.8719977578125402,0.7979426727616281,0.7155172599880968,0.9355865875112199,0.9914353304468757,0.9755328899313291,0.9378520590773233,0.9250576155467345,0.8886413082618783,0.954930065345126,0.8663609096175968,0.5818752379363954,0.5706209410982257,0.7586893052857433,0.9262085954688271,0.7987086908964628,0.7702897067235159,0.6993611580635184,0.6756045082046622,0.9082358204851604,0.4145026031179806,0.9435859321326748,0.5685562763181806,0.8635282146745935,0.817897698002549,0.678039170591382,0.8446109430683044,0.9927977422665929,0.5595479111902528,0.8865915978606937,0.7867719569067828,0.7845111847199956,0.6650930051386568,0.7070692859713283,0.9580186848345915,0.8809724769946923,0.84470151571415,0.8175324891292581,0.9217601491198761,0.7845111847199955,0.7539434773645888,0.44077251697364717,0.7142909296203641,0.8279535638583031,0.8279535638583031,0.6685923674522931,0.7481325389230885,0.8718705422990425,0.5791197475339479,0.8333555867103808,0.890399145565735,0.8333555867103808,0.8333555867103808,0.3782198624080434,0.996098215989133,0.7337166375301352,0.8333555867103808,0.5998245500207045,0.46612020563431444,0.933001189971657,0.9586750585246393,0.6254639787630276,0.5802957473351682,0.9470087943967169,0.8676751253577982,0.5346395553664852,0.6570358235819689,0.8219964799234105,0.9580186848345917,0.7801712852526864,0.6664851318966212,0.6091173906465249,0.753943477364589,0.9185860740091778,0.7871523641444371,0.7741661314691521,0.8903991455657345,0.692432782152514,0.8446109430683049,0.7419451914665931,0.878960828127738,0.9412654561733833,0.7886533660780268,0.4322548158862649,0.7706396922912273,0.7743597576603036,0.7569333071748661,0.898142416494611,0.7471844708650974,0.9222105570349488,0.8389027479487043,0.8510300865298428,0.5610493286182172,0.6488059354134497,0.8830333887596136,0.6566055132344055,0.9379462716067113,0.7125491899421403,0.6379901391579987,0.8852158769431717,0.30441661704946266,0.7581058089268597,0.8763826688608698,0.4141515523750232,0.5127019939866966,0.7461062377503508,0.4316733572022846,0.8227962496162919,0.5866011790634296,0.8013384106941406,0.8333555867103808,0.8504989784061949,0.8281950172369253,0.9806827790150392,0.7003984896355111,0.8292536744184095,0.9543657362999544,0.865032861871851,0.4591932081563779,0.9082358204851606,0.3129489184121961,0.8694930837030934,0.3988965631674555,0.8167309289799257,0.5157709888124231,0.8505519961852752,0.9981569682108378,0.8426339836022938,0.7411620366898104,0.831095762311769,0.7229739694353519,0.8598240372735089,0.37863689434728887,0.39363937123260173,0.8526637265686308,0.5925646300412977,0.5588511017813202,0.7819841067247497,0.9433354585651041,0.9151103620870011,0.9180285777311643,0.6982852832124447,0.7461062377503507,0.8461617226652078,0.8279535638583029,0.4198928243746959,0.47834154602285395,0.9540984079056032,0.6535049784932302,0.9041862347368661,0.8473872311681501,0.8034171421231231,0.8719977578125402,0.8575521355588538,0.7750376780878006,0.7680812147216421,0.8686108424524517,0.8280750621923763,0.8571037141749204,0.8504989784061949,0.9152405383832367,0.8333555867103808,0.8103195211556316,0.57283694594058,0.5840774484401499,0.7376909702588748,0.8333555867103808,0.7174576825227267,0.5022350878191606,0.5430207148231072,0.7457422433436807,0.684432610943323,0.6936118943311875,0.6545734755328345,0.9050210588574176,0.8056952552234846,0.8697340225901635,0.6665016832574637,0.6897962628589003,0.8565893759313061,0.6807832921002548,0.9866989384555493,0.876011295842658,0.7411620366898104,0.8763826688608696,0.6086381329492925,0.8226831008260227,0.8763826688608698,0.80755136075863,0.942672424743418,0.8628210251713138,0.5894682371683289,0.6205452934861677,0.7845111847199953,0.8425245902193732,0.6801322132904251,0.5206670392270811,0.3995950718067821,0.8279535638583029,0.8830333887596136,0.8447015157141502,0.8279535638583029,0.8279535638583029,0.8724882414083801,0.8333555867103808,0.8564391918520339,0.963507685402635,0.8333555867103808,0.7841148356942864,0.7219936404047469,0.8550270501255136,0.8446109430683049,0.9067422366276939,0.9787957463111969,0.8279535638583029,0.5723263849451978,0.48462419479831065,0.8286827798191461,0.4080980261516496,0.8333555867103808,0.6954816660047511,0.9388120013913654,0.7841148356942864,0.47184470679938706,0.6992014051632136,0.862909488252414,0.8692863322387208,0.6462318211865055,0.9710792333874196,0.842000725965919,0.8333555867103815,0.9521851052998418,0.8431918424168847,0.8594144809806481,0.83423243860328,0.9041880640840265,0.862909488252414,0.7708702022977243,0.8446109430683049,0.8570130258644102,0.5633453352879945,0.8333555867103808,0.980682779015039,0.6751922551807967,0.7612950419868549,0.5209617683408578,0.8175324891292577,0.9295590647145762,0.41578885138930355,0.8784208915445282,0.5320325225121221,0.28954836145661234,0.8333555867103808,0.8333555867103808,0.9970745222999698,0.6435736285068291,0.784985195763781,0.7208792969168288,0.4374463803343962,0.5100052264887758,0.5551029589455734,0.3076799732658886,0.7796408266647483,0.4048373364798128,0.8333555867103808,0.9330835047956023,0.8504989784061949,0.7738965054378302,0.4987032982314743,0.8629094882524138,0.6189046900913617,0.8333555867103808,0.8333555867103808,0.3260171029421811,0.8333555867103821,0.387351886998373,0.7979426727616277,0.5588123684659829,0.669924835866045,0.9358433911850901,0.8906417638020836,0.47020587250641177,0.6060880257299401,0.8333555867103808,0.7219781213616254,0.3577722938575387,0.8389027479487041,0.8550270501255135,0.9163678069047523,0.9214695283362409,0.8910925296113086,0.7297741310905197,0.7357270719910651,0.6924549114157679,0.8333555867103808,0.4569633946879351,0.9453981478995088,0.65094615509999,0.7301802703099338,0.6159089313874737,0.9072612173944726,0.6412862673359441,0.5343073264943492,0.8053129277244074,0.8648227020507124,0.5570279406428645,0.9533776220537193,0.8694930837030939,0.8226715133063622,0.9796222466236468,0.44341665137474984,0.726553686999365,0.8565847204007369,0.6293101683534539,0.8151817498398597,0.8178976980025487,0.9335236437934699,0.812754374960197,0.7411620366898104,0.7738965054378304,0.9152405383832365,0.7676182118198598,0.90129327571072,0.7589785959421813,0.9603863440630983,0.906414271134099,0.847649826470956,0.6552786364357602,0.4892360896381973,0.8655388112080706,0.71394793146275,0.9032347772641222,0.9801756067921625,0.7053434877010485,0.7586145219059555,0.9846025145920523,0.785733247537677,0.812168461014739,0.8333555867103808,0.6450184765178781,0.8922864636322452,0.5113768850426845,0.7612950419868546,0.9663776126788252,0.9105091412920763,0.6806038872333451,0.8333555867103808,0.5044822491299634,0.3885909069965394,0.8635282146745935,0.30781617870078726,0.43080723689423683,0.34053847832158435,0.8830333887596133,0.6087051598254645,0.911526811252125,0.9253644599446991,0.4276319408077225,0.788653366078027,0.5258663590841111,0.8763826688608698,0.8364863478408804,0.8628210251713135,0.8854673584013808,0.9496900385239626,0.5403864351731625,0.9024090932456402,0.41713047248149215,0.7835937132975106,0.8279535638583029,0.5230031244525808,0.5446963629959021,0.6591849868855255,0.4181768639783483,0.3268801679817246,0.8333555867103808,0.3387403844806073,0.5515919872626291,0.7457422433436811,0.8333555867103808,0.3740058814215548,0.918586074009178,0.8629094882524138,0.9560688022480139,0.8565847204007369,0.5639015150764939,0.7251404712940372,0.9807836424956036,0.9912878046883848,0.9888957783684547,0.860402838722307,0.41206367340877414,0.8333555867103808,0.6954035569236952,0.8333555867103808,0.7492532520172365,0.6647895199297071,0.6949039390584308,0.7738965054378302,0.6858735157591864,0.708077655182515,0.7471729309909405,0.7662939692174884,0.8333555867103808,0.5607502124188943,0.44516353180271573,0.6198127482018758,0.8383202802574361,0.7411620366898113,0.915567799113032,0.7539434773645892,0.6464945737233313,0.8421948095589065,0.5853654624971354,0.47922387013423684,0.8421948095589065,0.7457422433436811,0.8504989784061951,0.6396639613099091,0.8421948095589065,0.7738965054378302,0.9569116864634688,0.9180285777311642,0.6865903464140746,0.8279535638583033,0.5840446736534624,0.8076052990030278,0.8690473453490268,0.7411620366898108,0.7330168162934393,0.7882183594409637,0.7373752480801218,0.8857348707173551,0.8292536744184099,0.8981696460583819,0.7457422433436809,0.6943826884979794,0.5420161354740796,0.9897083742344475,0.6992014051632143,0.8379276408825638,0.7357270719910649,0.8760112958426585,0.9954183435413666,0.9473662360331916,0.9556998288469056,0.8056952552234848,0.8475647406540745,0.9155677991130318,0.8565893759313061,0.9840545652620497,0.8569568004711714,0.7924981597446512,0.7997734685989584,0.7539434773645888,0.8342832316618727,0.8663706046729465,0.8962941740028065,0.8628210251713131,0.7778407094792144,0.720554288944911,0.9210622922226803,0.6594234595427145,0.9034462289844443,0.8903991455657343,0.8526637265686308,0.9583804297273596,0.8841143924152836,0.8990395688839348,0.8222620406938546,0.8736635385762344,0.9907181626289536,0.9846565729763177,0.8027040615618268,0.8943142740547882,0.9138470334856059,0.8257897277973987,0.8194688264978409,0.8446109430683044,0.8389027479487043,0.5388824989793862,0.8472430488789008,0.9074116486170121,0.8785414183136032,0.5646829347198605,0.7933023904170069,0.8784208915445284,0.8784208915445284,0.5079716736442881,0.9250576155467345,0.6981502760441758,0.93558658751122,0.5201616960431658,0.8076052990030278,0.8565893759313061,0.699463826320667,0.9181762233864355,0.96043708510877,0.7612950419868546,0.9067143160164937,0.7845111847199956,0.9359219287277907,0.8565893759313061
p123_S,0.636634926163782,0.837266711193922,0.4318499590209839,0.8530037779305386,0.858173483507684,0.9726147733801582,0.9402057722189252,0.9814857932794944,0.6760417008443258,0.8660229158723236,0.7492191960070671,0.8233788637195056,0.8233788637195056,0.7305993766601194,0.9716321932884296,0.9822680239224932,0.8367168811523638,0.5995256883006477,0.9992598421053649,0.9759727047473508,0.5466596780157493,0.6893394537824736,0.9083362113140591,0.9251002593023416,0.7284195121005133,0.7692505156398974,0.7558086291485204,0.7763116512366675,0.9759727047473505,0.9583798164220805,0.8520969696230276,0.8788191408694401,0.7185765364532426,0.9037459731080717,0.8874224411145104,0.8607445789665018,0.7732961619759438,0.7449053002842154,0.8730956945148616,0.7027041675566795,0.4624705004712918,0.773781494943329,0.8730956945148614,0.7066939496814988,0.8906557158215929,0.4191267183653121,0.7543153079381835,0.6648493753447458,0.5917628817181924,0.635579547928814,0.8788191408694404,0.3381605812535097,0.7917942226420207,0.8024341677705478,0.8338344784202447,0.6496493884176917,0.8244616023747209,0.8289245259008584,0.7912297141071369,0.6840771446256484,0.6835853933370146,0.7450514754645927,0.9946875856611308,0.7489797828287843,0.7444874455967884,0.667506339878938,0.8305224216507392,0.6116132837985369,0.6458476075597425,0.8257456842344686,0.7614328334043701,0.6361393960535868,0.858173483507684,0.4422448606736049,0.8289245259008584,0.47684665322397446,0.7880233700953342,0.6988499932633409,0.6116184906951978,0.8954700073276679,0.8226425806712594,0.8951752090369014,0.9511300319055314,0.8249627583218815,0.8289245259008584,0.73258246880749,0.8867072864081954,0.7349721933234052,0.9359456864907791,0.8233788637195052,0.8289245259008584,0.5765591734598084,0.522845371818395,0.621540008690441,0.794130449365821,0.7157836530127393,0.5773987951323758,0.38964843329796595,0.41912703751756775,0.4794602643384547,0.6933524419069489,0.9101635890276071,0.8200879828172241,0.8798361808424847,0.9705852019912542,0.755747894770402,0.653420990567356,0.38045222692948033,0.7877637952475489,0.4889413616686369,0.541914808366484,0.882424541908103,0.48980528911265964,0.7064933348155134,0.7543153079381834,0.4334096326091743,0.9825837282883128,0.8592642631772309,0.8183252412751776,0.577598327200759,0.7440125361337089,0.6561966860527861,0.8009920159983044,0.9358538610768816,0.8249627583218822,0.704985644469114,0.7129754462316009,0.6449958358959673,0.9370620841547872,0.7336285154224773,0.5714601921486175,0.7543153079381828,0.7336362758241323,0.8730956945148614,0.7018697944792917,0.7277156406411391,0.6529118521567483,0.7982270397085376,0.7659316577663342,0.817968259522398,0.42847276193495354,0.7674777878775858,0.7063265873216433,0.45441118998775054,0.7193720472053131,0.6989031042017539,0.7848204940183199,0.46811248096582414,0.7647776604185781,0.36229434464837296,0.7674777878775871,0.6835853933370137,0.8768723476328734,0.776782399011565,0.8628178035929416,0.786965917586276,0.8290048517806013,0.7239506606845183,0.8096213749023025,0.8114687517050276,0.9469434329530648,0.8478242765918376,0.6853142868063435,0.3338937930092567,0.49882484822795503,0.742528721517018,0.7011988148836201,0.5972983980512879,0.7388470996316563,0.6000023740703126,0.8734045114756085,0.6934674494305466,0.8914685499451074,0.9712460534482243,0.961183329593994,0.6915495259319991,0.9992598421053647,0.7533108208788919,0.7516477933591441,0.9140105895615634,0.906046168235241,0.8300605978885565,0.8026100756300922,0.8233788637195056,0.6790284834099309,0.6128296596722864,0.5775983272007592,0.685671506898899,0.8024341677705478,0.9468737031793139,0.8179682595223974,0.8324299317930792,0.36046717782432547,0.3925780488320856,0.7542436728481952,0.8289245259008584,0.8346191856858272,0.9883827309796205,0.681827467900743,0.4603433895055705,0.7159735559503846,0.8802204739371464,0.8289245259008584,0.33265048466449443,0.48061737454558884,0.8660229158723238,0.8289245259008584,0.6880663685642614,0.7526714876460552,0.7112774650062164,0.6154720464025816,0.47932548210614545,0.6934674494305472,0.8289245259008584,0.5424897204784578,0.8289245259008584,0.7486042235669177,0.4821572001388188,0.43399343551919256,0.8289245259008584,0.7508221399867658,0.8289245259008584,0.5916549253899523,0.9902576796540905,0.7232823364271653,0.31919712559519386,0.7543153079381834,0.29211400271888177,0.8179682595223978,0.8608546556723584,0.7925699855750057,0.6804900910623546,0.6655844749022715,0.8404287781482785,0.7336362758241325,0.6948551396537317,0.72785019306989,0.7760441817813637,0.6815951534765545,0.9621441821053973,0.7145855431989014,0.8126806934976472,0.5630334466614413,0.8456324037363951,0.8289245259008584,0.6895347366508604,0.8289245259008584,0.9802420178488382,0.9235979845531423,0.8465237589272379,0.7559924539288123,0.25446976797887455,0.8346191856858272,0.7106264970294398,0.6316561735701247,0.5841590055915161,0.8751422028663822,0.5325898779206621,0.8404791612293152,0.5857386839297741,0.7754339529571428,0.47537266222830765,0.8233788637195052,0.8863374708388889,0.5210547028728849,0.8730956945148616,0.7405574880381964,0.7536802679066801,0.8883794826595188,0.9567558566587842,0.5937100890136464,0.8465237589272381,0.4898073160361289,0.5697129599200135,0.6412993463142527,0.755747894770402,0.4238095238095263,0.861405921639051,0.7086321670541829,0.9379818823213875,0.755747894770402,0.9802703412268661,0.514542661271824,0.9794170442286302,0.5895692904125072,0.6285957089347697,0.8789939328097223,0.8010710475723324,0.3755207531525584,0.6840771446256486,0.7231456517202985,0.910163589027607,0.16338022205322966,0.9307423684305683,0.6497968275507535,0.5112790276157668,0.36117976131352625,0.7704476814337962,0.9657412631626018,0.7030921523899176,0.7914571962274703,0.8223978656956354,0.9757052866960472,0.3845093013917029,0.6909258087919781,0.7854849641560677,0.6139511388858898,0.7185724959671096,0.40652256147087107,0.7131776381854043,0.6258992935136505,0.9064293950745886,0.7301628396942585,0.7228080369167125,0.6372463651307632,0.8407776471276049,0.7281711111605778,0.902672845497333,0.8207499128603053,0.7526714876460536,0.5976816422531859,0.8404791612293145,0.8289245259008584,0.8465237589272379,0.8964074133867741,0.5995256883006488,0.755747894770402,0.8527760996057687,0.7787298647570084,0.8289245259008584,0.825182850630901,0.8592642631772311,0.8954700073276676,0.7702926528657634,0.6260998514944007,0.8019036880455424,0.8465237589272381,0.438733551063071,0.0,0.7877637952475489,0.807505714589273,0.3236075734876086,0.8404791612293152,0.8250305119561796,0.1675741138610991,0.8024341677705475,0.6989031042017531,0.8183252412751776,0.2481752483048465,0.7026767211324667,0.3275973901475271,0.7018697944792928,0.8233788637195052,0.9564747323001084,0.6251422729223378,0.35012418960586933,0.3541378654655509,0.133209945873358,0.8289245259008584,0.548937835335555,0.7615051826669565,0.6122842518752835,0.946622308568301,0.8660229158723238,0.4924372564241444,0.8289245259008584,0.8289245259008584,0.7647776604185779,0.7281711111605778,0.5533301004678676,0.8289245259008584,0.9759727047473508,0.7030921523899177,0.8734045114756086,0.41574743675131887,0.3674239557710848,0.7908390252103975,0.6782456711941045,0.7880233700953344,0.13733281739851277,0.24769099960375707,0.8289245259008584,0.3358139380344115,0.6847895662474597,0.2979654432844856,0.35721018505169244,0.7402367554983839,0.9036294425698442,0.7231456517202982,0.31318388279013476,0.8289245259008584,0.1685488201431008,0.9602250003346223,0.9302565832317429,0.554582385971148,0.8346191856858276,0.2221601483810507,0.8765491194390718,0.8289245259008584,0.6666245074343593,0.4687955881783369,0.8289245259008584,0.8258256543716629,0.6618389998100076,0.343861556244895,0.150606677998826,0.3465476701048682,0.8289245259008584,0.8591883111526478,0.5839638584705047,0.8451715592961491,0.829986475969585,0.5728678857277001,0.7052006158312485,0.6912031960493872,0.5247891139321526,0.7543153079381834,0.7578564972380724,0.6175994786481613,0.7184099887472584,0.5178441508077656,0.8216205683749325,0.36025009465157476,0.8067744548357403,0.7336362758241322,0.7798753443176354,0.8289245259008584,0.8957434736985351,0.7669152410578801,0.8295775717155844,0.8478271820431227,0.921027683036411,0.8179682595223983,0.9588041143399209,0.9854209750466845,0.8456324037363956,0.8247730001226562,0.9370838132445304,0.8372667111939222,0.4135438529495157,0.7505347856769149,0.8592642631772311,0.48260352238902104,0.866022915872324,0.9053767737806993,0.9795585447766094,0.6964671113729923,0.9360492445646259,0.8041277175025962,0.6761940368456203,0.7570652661468154,0.9571555800150913,0.7737814949433293,0.7633523910171204,0.5174533358614706,0.840479161229315,0.8010710475723323,0.984928603593777,0.8625125716397561,0.9651288497804207,0.8296830372337292,0.8226425806712596,0.7474008553057094,0.7817751087540812,0.5476956624876059,0.619470442807805,0.9445945504908221,0.8212692260420962,0.6808745389732086,0.7593822847131335,0.7783744674933413,0.8305152326565903,0.1390582091662027,0.8478271820431229,0.5430809150238662,0.7783744674933408,0.714125290093798,0.8135852036593485,0.9413332452454919,0.9159545965219331,0.4378705652849195,0.8104151378114213,0.7117086268512327,0.8592642631772309,0.7923654252261243,0.7481311591590125,0.9534602133051293,0.9349925724155432,0.890655715821593,0.836716881152364,0.9111145228116426,0.8592642631772309,0.7081793502442355,0.16182023269413648,0.49095644159599094,0.693467449430547,0.7218882545393674,0.4307380973164565,0.9011773472094529,0.8126806934976472,0.4981870213017585,0.8289245259008584,0.7780488168299087,0.8289245259008584,0.8289245259008584,0.38954074092625746,0.7830336770148898,0.7026767211324668,0.8289245259008584,0.3581346576651768,0.4534951597555068,0.752671487646054,0.9341009519304572,0.366225556032836,0.44869620115973174,0.8721700764148334,0.6722953469228676,0.4608207295209823,0.8075057145892743,0.9454724309013538,0.852776099605769,0.7615051826669561,0.4907224073542241,0.5563144331424728,0.5616047901999908,0.8075057145892734,0.90096069216439,0.6704161690799397,0.9794170442286301,0.5082873511028978,0.7231456517202988,0.7409173851953338,0.8172409646532204,0.9800578728324698,0.7184099887472579,0.5033573263379856,0.6989093659621977,0.6835853933370146,0.7830336770148896,0.7506252727699232,0.840479161229315,0.7925699855750055,0.9240979513368014,0.7804929449131224,0.5322651913312726,0.462868093290951,0.8465237589272379,0.5801950212414335,0.8126806934976476,0.7462432327799331,0.45032089478153836,0.8071506698658288,0.2477767957093593,0.6114773402673316,0.8568976243014228,0.14422196742870552,0.5230423025753801,0.6722953469228674,0.2436280311413589,0.7386814119389042,0.6873845493423212,0.8172960783393035,0.8289245259008584,0.7336362758241322,0.8148044214163719,0.858173483507684,0.5260102240361546,0.8172409646532204,0.8732965479503925,0.8025319793138193,0.37903939539183895,0.9320769891349091,0.34204482382354273,0.8041277175025953,0.3097819981990051,0.8226425806712594,0.5645779135831046,0.8179682595223983,0.9128207699131587,0.646189349764716,0.7712542067645287,0.7086321670541831,0.5212309653640268,0.6113600110937669,0.2877712929239512,0.5396688562515446,0.8797865087242246,0.47051279319571293,0.30119830808554326,0.747400855305709,0.9026728454973327,0.7768011813657071,0.8346191856858276,0.40260616358836243,0.7584922955628315,0.6553803913741829,0.8233788637195052,0.32499335621268033,0.16379371838635148,0.934042390353913,0.6679690182034212,0.9339881298829689,0.6742079670545413,0.8387606469662808,0.72198735910544,0.7883114916570031,0.7081793502442357,0.7877637952475487,0.97442074897755,0.6736653918914776,0.851799668828326,0.7659316577663344,0.8730956945148611,0.8289245259008584,0.7659939160922595,0.3273645357490178,0.5279001344326932,0.7516477933591441,0.8289245259008584,0.6837035963238285,0.3102271441297997,0.6835853933370144,0.8734045114756084,0.4377583237794105,0.6891107846900046,0.6301910500191605,0.944812893580786,0.813367728691486,0.8571357898403079,0.5106101957504268,0.5849920630883071,0.7444874455967885,0.672607843413406,0.8026100756300922,0.8789939328097224,0.6950823178702215,0.8568976243014226,0.7775244447977974,0.8223978656956354,0.7797528582489325,0.6571171506761567,0.8900161826086066,0.9078348556377036,0.7443197459491482,0.37026225549435576,0.8592642631772314,0.8289245259008577,0.8419119437314362,0.22000007583858938,0.3338937930092567,0.8233788637195052,0.8305224216507393,0.8396501108322618,0.8233788637195052,0.8233788637195052,0.7463150508042864,0.8289245259008584,0.8126806934976472,0.7586488152980319,0.8289245259008584,0.7552679275498629,0.8726394907430138,0.8942631579092644,0.7543153079381834,0.8527760996057687,0.8346191856858274,0.8233788637195052,0.3123838862034467,0.5219505844359635,0.7830336770148898,0.46447069199453184,0.8289245259008584,0.47526032567807963,0.9339881298829691,0.731950047302023,0.43070998815013417,0.5898817900054532,0.755747894770402,0.9542583092089727,0.7877637952475489,0.9235979845531425,0.9570996376757273,0.7615900676035702,0.866929320987514,0.8621801313670565,0.9986715296672726,0.7355909404483552,0.8247730001226562,0.9992598421053647,0.7470806818920752,0.7854849641560682,0.8493977219455602,0.5215069062597237,0.8289245259008584,0.9751693139349904,0.3879857261530115,0.8660229158723238,0.40872916684438143,0.6749003771446775,0.9003268042382455,0.4992852676272117,0.8179682595223983,0.3843275518245136,0.337379410619731,0.8289245259008584,0.8289245259008584,0.7860162093342455,0.8366038658399719,0.8450017406933334,0.600933318025245,0.5193285358356867,0.3809309731236661,0.32999017018131205,0.36357222401591605,0.6303089689324874,0.4849146974051459,0.8289245259008584,0.6648493753447453,0.7336362758241322,0.8730956945148616,0.2483066895495155,0.755747894770402,0.44436625202724755,0.8289245259008584,0.8289245259008584,0.3139113636062405,0.8785858980308769,0.3410697611616489,0.7140104328606892,0.2612354101347508,0.5467379364587892,0.7775244447977978,0.8838076804087802,0.4687355425871482,0.4403504484119889,0.8289245259008584,0.7141252900937981,0.3856672221794102,0.7732961619759442,0.8942631579092646,0.789342453637929,0.9340659203879154,0.9716321932884298,0.7325824688074898,0.8346191856858274,0.4416731672137296,0.8289245259008584,0.4162808706423784,0.946622308568301,0.6611481652587348,0.6079392005855553,0.5838977642733667,0.802434167770548,0.6798047536838978,0.4067069125430667,0.8527760996057685,0.9957754419508226,0.5643290418345357,0.8126806934976469,0.8774275767526143,0.8613859524384828,0.7692505156398974,0.446618822481764,0.8465237589272379,0.8233788637195052,0.7453886067653896,0.760359389477336,0.8474260956588355,0.8758768939299595,0.8730956945148614,0.9811871543289741,0.8730956945148616,0.9116680775411063,0.5519321153174563,0.790443427479598,0.6501227446051048,0.8581734835076842,0.840777647127605,0.6893394537824737,0.792569985575005,0.4385797905256684,0.7449053002842145,0.8233788637195054,0.869617023200479,0.6428307864232372,0.8346191856858272,0.5374225048689825,0.7420470154159735,0.6762186311876046,0.5953149481356003,0.8289245259008584,0.5765591734598084,0.9459203563281635,0.43030918842358723,0.8660229158723236,0.8883794826595186,0.8250102279890208,0.614202807016571,0.8289245259008584,0.34204482382354273,0.13153554102324583,0.7783744674933413,0.3460932903216205,0.4162808706423786,0.37002707263499923,0.7659316577663344,0.4397803165364653,0.8151326093626474,0.8546618461344345,0.46398788290764315,0.7896323222098085,0.511361356728982,0.8183252412751776,0.8608546556723589,0.7323411099967441,0.9576880768660264,0.9023984820659586,0.4571623125217572,0.6722953469228674,0.160402066038559,0.8289245259008582,0.8233788637195052,0.4814610872892988,0.3433505423262835,0.7558137935417213,0.26032395760314087,0.2039776861098419,0.8289245259008584,0.28765143631051426,0.2576738190792358,0.6489964424798398,0.8289245259008584,0.4741085218319463,0.8238915917771293,0.755747894770402,0.7830336770148898,0.8233788637195052,0.45250859937017096,0.8143379296441443,0.9474428702017896,0.913320076689736,0.8415020448862598,0.6946692109264088,0.12366851371197551,0.8289245259008584,0.8205884265357679,0.8289245259008584,0.8592642631772309,0.6033035185376215,0.6104556250368494,0.8730956945148616,0.7516738629110458,0.5905266538637596,0.6973228737716055,0.6081949753897002,0.8289245259008584,0.5136046507711827,0.4745362421545736,0.6447087644842446,0.8128754645615541,0.828383123435259,0.8628178035929417,0.8966323560154085,0.7431708752992905,0.7570652661468138,0.6392003785436655,0.2669878702254057,0.7570652661468138,0.5673935082995607,0.8951131855351439,0.36117976131352636,0.7570652661468138,0.8730956945148616,0.824962758321882,0.8647795435579988,0.516451826965769,0.9492546954099309,0.7431708752992905,0.8019036880455425,0.7802887623676402,0.5236955678580308,0.7830336770148898,0.7294739251056415,0.7869659175862753,0.851799668828326,0.841911943731436,0.6083449495870148,0.71019864311505,0.47610195090992025,0.5830841296163913,0.721264716576683,0.5539360393081944,0.7914571962274703,0.8346191856858272,0.7543153079381835,0.8396314840360557,0.8035077356714069,0.9928443534876488,0.7703037469535161,0.8006741157927282,0.7982270397085366,0.7444874455967885,0.795743990806191,0.7516738629110475,0.7773837054954419,0.7809633499179394,0.7919362416980903,0.6959619924178435,0.8251828506309011,0.8464893491397554,0.7323411099967434,0.7270633134714646,0.5117219488003244,0.7521865467614592,0.6988055604567411,0.908793898011988,0.94585567299551,0.8797865087242246,0.8196278343558197,0.7692505156398974,0.7827780464831353,0.8025319793138181,0.9645109348137246,0.7722157901314404,0.9162501422055285,0.7240345946352038,0.75703518056082,0.8639922800834696,0.9755873942283686,0.9429023350303272,0.7543153079381834,0.7732961619759442,0.633212476374504,0.7559924539288101,0.8166546203739526,0.9074900605314556,0.5821155853575177,0.8920460796756857,0.8777261541236304,0.7394054330536431,0.526702345254972,0.9418109695325809,0.500213946133478,0.9028184736650844,0.5255002001854905,0.731950047302023,0.7780488168299087,0.6553803913741827,0.9053441394513408,0.9844186670811442,0.8660229158723236,0.8003510841643688,0.8592642631772307,0.9033665889959555,0.7444874455967885
p123_T,0.9502955125811595,0.8816008595546367,0.9553462017783088,0.9446024350495377,0.9369854052620168,0.688586959521339,0.9795717970253748,0.971984940503342,0.8806719604852851,0.9506503681784946,0.8875271554498322,0.9877220281917203,0.9349426948340505,0.7930603358875299,0.9409521943827983,0.8578283462385066,0.9310020898787328,0.915004851984079,0.8568532843697212,0.7090427957190417,0.9479383692549368,0.9235944347702933,0.8594771551273883,0.9390829980374291,0.9667480998914222,0.9150048519840785,0.9187458821598233,0.8963379163019165,0.7090427957190417,0.836054815881873,0.9069566644903915,0.943467974097185,0.9290959183459289,0.8993081265656124,0.9369854052620168,0.9481608601832734,0.9390829980374291,0.9242212627322113,0.953255582527178,0.9630274699754412,0.8751860185986184,0.9981997428137878,0.9034814342922286,0.9001281500615892,0.9187458821598233,0.9884750465186468,0.9991256173192249,0.939608240224485,0.9133573033767912,0.8657679762547947,0.996557344576431,0.9342925474386617,0.9150048519840785,0.9272278453848009,0.8264327167843046,0.9117298605520907,0.9117298605520907,0.9369854052620166,0.8062565827918013,0.9329497321807896,0.8834506330434522,0.8633540906453024,0.9150048519840792,0.9377821213923416,0.9457709851868579,0.9744448027057842,0.943467974097185,0.8983146622607214,0.9359987855401801,0.9868438546677247,0.6860656681115646,0.9133573033767912,0.7914282554375611,0.85731595782811,0.9369854052620166,0.8591451287364844,0.9847742533056743,0.9253948970823005,0.8767712878621261,0.8318499427019324,0.8407576685828654,0.8218172303276937,0.98737531725128,0.9150048519840792,0.9369854052620166,0.7408315228923603,0.9389585973436582,0.9224155174916413,0.9289204748586171,0.9349426948340502,0.9369854052620166,0.8057785301589873,0.8938665427610049,0.9479589009512399,0.9479529588566924,0.876549336484121,0.7534024639677193,0.8604642587137392,0.9437798358640372,0.8467067695663082,0.9523096052149489,0.7693378488114864,0.8457455232976454,0.7368848567122136,0.9205080396281913,0.9481608601832734,0.751208091530718,0.9702684138330768,0.9883279044516831,0.7877637952475487,0.8506369201724969,0.91667381023818,0.8384912670500718,0.9102586846626867,0.9412414838519028,0.9190564151771511,0.7382223882592147,0.9868438546677248,0.953255582527178,0.8239134490485776,0.6922188272338278,0.8249859972997301,0.8535559174809991,0.8597301229817257,0.956870021616921,0.9537386628121047,0.9390829980374291,0.9895154326131526,0.801160638377599,0.9655974895223984,0.8965753694308916,0.9412414838519025,0.943467974097185,0.953255582527178,0.9310020898787328,0.6925212017161994,0.9058916929689564,0.943467974097185,0.943467974097185,0.9329497321807896,0.9459539810207583,0.9506503681784946,0.8542918154275816,0.9763402298957824,0.8187973359685361,0.8890928172755166,0.9271964158882349,0.8288717695259114,0.9133573033767914,0.8170296517925677,0.9506503681784946,0.883450633043452,0.7936043602408694,0.8525812245745796,0.9965573445764312,0.9133573033767912,0.825821434994284,0.8265814810549479,0.8741115447185108,0.7961509376213881,0.909235939224434,0.9991256173192247,0.9183656033219387,0.9896348402987898,0.8724740464567164,0.6747602123972631,0.9582982244538172,0.9683237244170737,0.9479529588566924,0.8330592294891925,0.9067169102590361,0.9349426948340502,0.9117298605520909,0.9480249488188106,0.9462637975926367,0.9287031357493718,0.7268627140717183,0.9205080396281913,0.900810973023598,0.8509110753168513,0.9248384182047,0.9915831168099202,0.9117298605520905,0.9594986384506099,0.9807367151933889,0.7219903215481309,0.8497488428273543,0.9096861238372793,0.9272278453848009,0.9411059771498841,0.9843238957181939,0.9129412260730063,0.9091652609196803,0.9727626091754458,0.8541150780952049,0.9369854052620166,0.9390829980374291,0.8101794501321897,0.9973328560351505,0.9427875749711636,0.9254867932704707,0.9877220281917203,0.9369854052620166,0.9172605355579635,0.8092677010394562,0.9506503681784948,0.9369854052620166,0.9874101230848893,0.9655974895223984,0.9171338879258173,0.925618440513533,0.8820580577672703,0.9349426948340502,0.9369854052620166,0.9219714341985399,0.9369854052620166,0.7664990877511457,0.9291096658772006,0.9672543872250975,0.9369854052620166,0.8800187100542717,0.9369854052620166,0.9312736885639394,0.8848500287036507,0.7105020350056648,0.846055230607236,0.9412414838519025,0.949170721407607,0.9329497321807896,0.8153889450299144,0.9235944347702933,0.9197236503105407,0.7423490716619217,0.8083321356555951,0.943467974097185,0.9377821213923416,0.8941142743416466,0.9606344949981607,0.9958982880439295,0.9636743678186817,0.9302334181929381,0.9810860991992141,0.796150937621388,0.9329497321807898,0.9369854052620166,0.9286197968271317,0.9369854052620166,0.7166015305235902,0.7514899398419215,0.8766079819236635,0.8499606020007391,0.995775960227779,0.9390829980374291,0.8934110566484068,0.9218241042345274,0.7723299389622106,0.9253948970823007,0.9061118815207867,0.9412414838519028,0.6442847712704997,0.8679473730861487,0.8067567589554561,0.9349426948340502,0.9295775988190449,0.8493736852634981,0.953255582527178,0.842000725965919,0.8176308472588916,0.91667381023818,0.8665350367911273,0.6336931596067937,0.9965573445764311,0.9362935838557931,0.9828689432085823,0.7711978456713606,0.9481608601832734,0.8361454645127424,0.896583346629109,0.9616684643803335,0.8679363511159369,0.9481608601832734,0.8667801398010047,0.7931357244362576,0.9457709851868579,0.9708038746203249,0.9796265153694581,0.7693378488114866,0.9358530937879614,0.8077853720781181,0.9329497321807898,0.9412414838519025,0.9991256173192249,0.9685485565028753,0.7268627140717181,0.7735354395038114,0.9752553466632938,0.8578283462385066,0.8445325015584007,0.9868438546677247,0.9369854052620168,0.995767454475303,0.8101794501321893,0.6966839379445118,0.8956384605426095,0.9359750562413549,0.9991256173192249,0.9133573033767914,0.9320797389103181,0.8727155027870835,0.9213491646760283,0.9427267985586811,0.8552438717702335,0.8368493299174997,0.8449203259554279,0.776872458374753,0.9506503681784946,0.9902509771638305,0.6409814284985489,0.8993081265656124,0.8948693468634785,0.9102586846626869,0.9412414838519025,0.9369854052620166,0.943467974097185,0.736531607800958,0.9150048519840792,0.9481608601832734,0.929577598819045,0.9877220281917203,0.9369854052620166,0.9667480998914222,0.9481608601832734,0.953255582527178,0.9409521943827981,0.8832951608576607,0.8218172303276936,0.9434679740971852,0.7932609685518641,0.7877637952475489,0.0,0.9290959183459291,0.9252059949278209,0.9412414838519025,0.9358530937879614,0.8612157568128747,0.9272278453848009,0.8890928172755164,0.953255582527178,0.9423743669407394,0.844877102877944,0.9110135621318771,0.9810860991992141,0.9349426948340502,0.6860656681115647,0.9154984655951908,0.9256931590353881,0.8093097097217967,0.9624514466121518,0.9369854052620166,0.8441881419436419,0.9576422202536798,0.9747559458370869,0.8131017553461335,0.9812882646010127,0.9079675824567623,0.9369854052620166,0.9369854052620166,0.9133573033767912,0.9129412260730063,0.7341510084616072,0.9369854052620166,0.6409814284985488,0.9369854052620168,0.8688313854685339,0.8724740464567164,0.9104553135845616,0.9369854052620168,0.8643582544593789,0.9694100907323093,0.9135090138467388,0.9037277891265615,0.9369854052620166,0.8525812245745796,0.8892111480476732,0.9093305680547992,0.8194729220297272,0.8643582544593789,0.785467487970364,0.9412414838519025,0.9577651754557959,0.9369854052620166,0.9702684138330768,0.7500737909531853,0.8770595237952055,0.958780593375647,0.9390829980374291,0.9847437739421487,0.7286441708363984,0.9369854052620166,0.8711248729670615,0.8282616633751726,0.9369854052620166,0.7876105317688735,0.9502955125811596,0.8040825160086582,0.9677660805140442,0.8251411757254743,0.9369854052620166,0.9359987855401801,0.9476448489900741,0.9457709851868579,0.9682663854301587,0.9134206973272548,0.8848500287036507,0.9196334336027319,0.9756507482689204,0.9412414838519028,0.9049013665285817,0.8591451287364846,0.9200817943852442,0.842798417365956,0.7465990353656766,0.9744810424652552,0.9200817943852442,0.943467974097185,0.8756692998517113,0.9369854052620166,0.9868438546677247,0.7408634796606315,0.7679533613871459,0.9810661291837659,0.990094017201337,0.9329497321807898,0.8513140092331875,0.9488974039091764,0.9329497321807898,0.9810661291837657,0.6827937197173928,0.9750206691499415,0.9338538560095988,0.7643661180497834,0.9868438546677247,0.8344527069141836,0.9506503681784946,0.9272278453848009,0.8153889450299148,0.9879403795499786,0.8015116294576096,0.9506503681784946,0.986248039088574,0.9320797389103181,0.8953567556825013,0.785383625443707,0.9847742533056744,0.8792920141466944,0.7114537153441645,0.8993081265656124,0.9377821213923416,0.9027578767165136,0.7352115082109041,0.9690801727892031,0.7939881817158987,0.9069566644903915,0.7791059524392672,0.857660255129506,0.9552803469034233,0.9310020898787328,0.7694019028724453,0.86847217651075,0.9446024350495377,0.9616684643803335,0.9917417854198087,0.9642290120917261,0.8875271554498324,0.9302473689406869,0.9616684643803335,0.9990384391481416,0.7648996551939877,0.7114537153441645,0.9671851625972882,0.7793910081937734,0.8853719877999066,0.8118334674327656,0.9481608601832734,0.9322532586091712,0.8657679762547947,0.7426004748278991,0.96782156151872,0.8185778635188607,0.7684938541983797,0.9965573445764311,0.9481608601832734,0.8597301229817256,0.9520802448094923,0.8919625271106497,0.9349426948340502,0.9349426948340502,0.804791222478062,0.9841069050033684,0.9310020898787328,0.8068740564849499,0.9369854052620166,0.9457709851868581,0.9369854052620166,0.9369854052620166,0.8228515465886157,0.9200817943852442,0.844877102877944,0.9369854052620166,0.810829736999374,0.847836116431743,0.8575821538303017,0.6228699440573988,0.8525812245745796,0.8874693818493159,0.8934431804006671,0.8792920141466947,0.8507492800484013,0.9290959183459289,0.8591451287364844,0.9457709851868581,0.8978173148387738,0.8178030844915328,0.8212944178861188,0.9069566644903913,0.8264327167843047,0.9329497321807898,0.9639923733842708,0.6802747668308495,0.9630595002254723,0.9412414838519028,0.808156144814058,0.9389585973436582,0.8279468489177231,0.9200817943852442,0.9378900453582133,0.8643582544593789,0.8834506330434522,0.964170004482718,0.9377834594303427,0.9412414838519025,0.9694100907323095,0.6688484087756911,0.893411056648407,0.8226046489234886,0.8778112237758888,0.8766079819236635,0.899864992616022,0.931002089878733,0.9241701782472762,0.9598955940677533,0.9349426948340502,0.9326314857363687,0.9085306004621048,0.9751129258825254,0.887469381849316,0.8344527069141836,0.9113067123177234,0.9616317485282881,0.9694100907323093,0.9510212795701292,0.9758198800248867,0.9369854052620166,0.943467974097185,0.9320797389103184,0.9369854052620168,0.9373290896801221,0.9694100907323095,0.9843238957181939,0.8549352491703692,0.8453106694422665,0.9035653652248617,0.8047231998460553,0.9812882646010125,0.7882895602528365,0.9810661291837659,0.8343457370300271,0.9843238957181939,0.7775384438103518,0.8991770585347527,0.8575821538303017,0.9616684643803335,0.8677537455278882,0.9801358600748811,0.9747745601159941,0.830439865086853,0.6986972339885477,0.9361879006234102,0.9843913959203323,0.9069566644903913,0.6409814284985489,0.9218241042345277,0.9950927970641263,0.9970245400158322,0.9926491931691896,0.8671016868583241,0.9877220281917205,0.8314851724216172,0.926401503500403,0.9751129258825254,0.9618160190502407,0.9412414838519025,0.8978173148387736,0.710502035005665,0.959237033712196,0.9632410047074156,0.8597301229817257,0.9667480998914222,0.8738276768158082,0.9253948970823003,0.9349426948340502,0.943467974097185,0.616955467931043,0.9369854052620166,0.9910569717673405,0.9389108601078193,0.854948486861026,0.6924916765022124,0.9369854052620166,0.8837299478115268,0.8573410151047325,0.9490592052587876,0.9038554657884541,0.8806719604852851,0.7162003046354732,0.8808194275061849,0.7523134076418645,0.8099742568012587,0.9197236503105406,0.8400184814374103,0.9871789510845517,0.9457709851868581,0.7685463059719868,0.9117298605520907,0.9991256173192249,0.7868540111713818,0.9751129258825251,0.9101213268023749,0.8101794501321897,0.953255582527178,0.9272278453848009,0.8447916714707591,0.737110987577477,0.9480249488188106,0.8851936582303366,0.9868438546677247,0.9369854052620168,0.9235944347702933,0.9224690488957425,0.9661357453597448,0.9349426948340502,0.9965573445764311,0.9310020898787328,0.9349426948340502,0.9349426948340502,0.9723980610103105,0.9369854052620166,0.9310020898787328,0.9179356541368899,0.9369854052620166,0.8651200913860877,0.8684721765107501,0.921848569518723,0.9412414838519028,0.9457709851868579,0.9390829980374291,0.9349426948340502,0.8080685444079965,0.8239134490485773,0.9200817943852442,0.802741085523923,0.9369854052620166,0.8848500287036507,0.5956854484095205,0.9084229524444823,0.7673022436290358,0.9468592465604012,0.9481608601832734,0.7248582078023884,0.9667480998914222,0.9302334181929386,0.8086319218241044,0.9543800590178142,0.8948693468634783,0.6860656681115644,0.8597301229817258,0.8000490890639189,0.9342966423167991,0.9218485695187231,0.7982071677784179,0.9991256173192249,0.7512080915307179,0.8040825160086582,0.9369854052620166,0.737110987577477,0.8538903388737848,0.9506503681784948,0.783630380194405,0.9310020898787328,0.8407576685828654,0.8542918154275816,0.9329497321807898,0.810877940566702,0.8027684013749006,0.9369854052620166,0.9369854052620166,0.9284119894354876,0.9181444794203741,0.6084728151168426,0.7461121347606006,0.8080897785000025,0.9440034360823041,0.9271638594441997,0.7750774640620901,0.959237033712196,0.8390713589620113,0.9369854052620166,0.808156144814058,0.943467974097185,0.953255582527178,0.9424224160797435,0.9481608601832734,0.9604658372827795,0.9369854052620166,0.9369854052620166,0.9991552845816154,0.7914282554375612,0.9907030375666934,0.9389585973436583,0.899864992616022,0.9370256730202122,0.7300015664022961,0.9996217758139353,0.8434610752390754,0.8816763541639325,0.9369854052620166,0.7161258685124615,0.7975376479155432,0.9390829980374291,0.9481608601832734,0.9461282675204838,0.9509368288289439,0.8890928172755164,0.7046964066654737,0.9390829980374291,0.9029788216447514,0.9369854052620166,0.833207525996106,0.7046964066654736,0.9064840699954801,0.885723182439538,0.9022893600153867,0.9272278453848009,0.8820580577672703,0.9006227189338715,0.9919033068160935,0.890489506496073,0.8553197931926579,0.8686618728393419,0.9506503681784946,0.9067169102590356,0.9987351912497628,0.8153653597703896,0.943467974097185,0.9349426948340502,0.846055230607236,0.9665309054593343,0.751489939841922,0.9023265168341348,0.9532555825271782,0.6100336545240821,0.9532555825271782,0.953255582527178,0.9433214104887524,0.900810973023598,0.9630595002254725,0.9369854052620168,0.9812882646010125,0.9235944347702933,0.9235944347702933,0.8919046383760006,0.9779901913198823,0.9349426948340502,0.9523096052149489,0.8986797000234013,0.9390829980374291,0.9842966375147598,0.9339524310656604,0.7807978673500406,0.7766132658993089,0.9369854052620166,0.8057785301589873,0.9913026731221013,0.9961190246234446,0.9506503681784946,0.9981997428137878,0.918365603321939,0.8449511898239377,0.9369854052620166,0.8047231998460556,0.8874693818493158,0.9183656033219387,0.8062565827918013,0.833207525996106,0.8153653597703895,0.943467974097185,0.8273054283301651,0.9172462606189085,0.8062565827918013,0.7518751153717149,0.8594771551273881,0.8964047200070748,0.953255582527178,0.815388945029915,0.9369854052620168,0.908656495194778,0.9218223944261854,0.8492929518018972,0.8792920141466947,0.9038146116604189,0.9369854052620168,0.9349426948340502,0.8536610230431645,0.9895154326131527,0.9756507482689203,0.9974657612189229,0.9971011607622013,0.9369854052620166,0.8309987868548112,0.830439865086853,0.9067169102590357,0.9369854052620166,0.8013966443800904,0.9290959183459286,0.9481608601832734,0.964170004482718,0.9349426948340502,0.965287251015811,0.9987351912497631,0.7572532287816438,0.7230524374821845,0.9863870935211654,0.9200817943852444,0.9475746483133923,0.9369854052620166,0.9101213268023749,0.9369854052620166,0.9481608601832734,0.816820972135697,0.9138735820988337,0.953255582527178,0.9732023243541322,0.91636877994503,0.9878126659692845,0.9038554657884541,0.9369854052620166,0.8919046383760008,0.8497457804735238,0.9069768236547195,0.8986156584030397,0.8948693468634785,0.9965573445764311,0.9069566644903915,0.9053985774691053,0.8963379163019165,0.8671016868583241,0.7630729198569922,0.8963379163019165,0.9038554657884541,0.7566586192708957,0.8578283462385066,0.8963379163019165,0.953255582527178,0.9987351912497628,0.9390829980374291,0.9691612956914407,0.6956019716622592,0.9053985774691053,0.8651200913860881,0.9553462017783088,0.8948693468634785,0.9200817943852442,0.9634129222225682,0.9545623789260471,0.9349426948340502,0.9847742533056743,0.9085740913437392,0.7930603358875302,0.9096861238372793,0.8663706046729465,0.9248384182047,0.9468592465604011,0.8394122433276737,0.9390829980374291,0.9412414838519028,0.9732225595649318,0.9289204748586173,0.9101213268023749,0.8499606020007389,0.971137692094667,0.943467974097185,0.9457709851868581,0.9105789362336357,0.9085306004621048,0.9531288325705116,0.9215071040267933,0.945842199911705,0.8773135814748487,0.9434039087947884,0.9053985774691053,0.9369854052620168,0.9689646303987689,0.932150271874697,0.9959171885245304,0.8765493364841208,0.8890900887740749,0.8049261828249474,0.8083321356555949,0.9563489939600605,0.9150048519840785,0.9310020898787328,0.854935249170369,0.7805354160359039,0.9221438014909655,0.9243867694108336,0.9342966423167991,0.8694404115216965,0.9067193050929399,0.9736259184805982,0.8372936307150929,0.9991256173192247,0.9950927970641263,0.8591451287364846,0.9101213268023747,0.9412414838519025,0.9049013665285817,0.8829908057762272,0.8312991926525372,0.8615536136695934,0.9329497321807898,0.8891857203745812,0.8218172303276932,0.9753361086597814,0.7693378488114867,0.8770595237952055,0.9084229524444828,0.9919033068160935,0.8671016868583241,0.9130732958657555,0.7808680068290856,0.9506503681784946,0.9979963553697828,0.986843854667725,0.9624514466121517,0.9457709851868581
p123_Y,0.7946151219475484,0.9339970109398132,0.8782540541553361,0.9540324564594047,0.9428469360414604,0.9576036838348734,0.8325333514600279,0.8215200600799613,0.4409265061095482,0.9552408029353749,0.9323345609629297,0.9409942357230057,0.9409942357230059,0.9127986978904696,0.8786204957262438,0.902436392171817,0.9374201804111679,0.9229109835440807,0.9529828655437629,0.9552408029353749,0.8734436811123554,0.9307015751744632,0.9275156757582279,0.9447494136270194,0.9290959183459291,0.530307635450721,0.9374201804111679,0.8217153723718025,0.9552408029353749,0.7725326913665937,0.5765227991259863,0.9487265052554266,0.9356913183279751,0.6140289460792039,0.9428469360414606,0.9529828655437629,0.9447494136270194,0.9356913183279745,0.9576036838348736,0.9214166876382093,0.8867960431767521,0.9244246976009176,0.9576036838348734,0.8717041151207321,0.9374201804111677,0.8283520802831261,0.9467071200650465,0.6658600919801996,0.9214166876382093,0.8942577551010464,0.9487265052554266,0.8307544930637534,0.530307635450721,0.9339970109398135,0.9356913183279745,0.9199406273027306,0.9199406273027306,0.9428469360414611,0.8071838764186429,0.9391866557097981,0.42734251866193285,0.6615229298573582,0.922910983544081,0.8867960431767521,0.9508152934266847,0.7006075830764318,0.9487265052554268,0.949686848690606,0.8785400173833843,0.9529828655437629,0.9114119696612573,0.9214166876382093,0.9428469360414604,0.6964669745029233,0.9428469360414611,0.8722472547880546,0.930701575174463,0.9323345609629299,0.7026494528204534,0.9576036838348734,0.9323345609629297,0.9259591224230199,0.9170389579782947,0.9229109835440803,0.9428469360414611,0.9073222074226135,0.9307015751744632,0.7330543011236224,0.8806765550990441,0.9409942357230066,0.9428469360414611,0.8782540541553363,0.836429359263613,0.6896983039064879,0.9170389579782952,0.8880325471109587,0.8758435862211178,0.8734436811123556,0.8386627288471935,0.6846730022527641,0.9199406273027306,0.9467071200650465,0.9428469360414604,0.8402927774016284,0.8544735095381987,0.9529828655437631,0.895561120377129,0.7180127381401398,0.9290959183459291,0.6659190087913015,0.8603749609471998,0.9244246976009176,0.703798352959184,0.8981194480464401,0.9467071200650465,0.7362451437439139,0.9339970109398132,0.9529828655437631,0.9576036838348736,0.5973339174913366,0.9020120239820866,0.8710529575837427,0.9290959183459291,0.9156114273620617,0.922910983544081,0.7663154060180417,0.9447494136270194,0.8722463878449835,0.9409942357230057,0.9431379203344703,0.550813525642214,0.9467071200650465,0.9487265052554266,0.9576036838348734,0.9374201804111679,0.825941002885233,0.8639231957010689,0.9487265052554266,0.9487265052554266,0.9391866557097983,0.7801896825720749,0.9552408029353749,0.6744532178081023,0.8556531508423675,0.8734436811123552,0.6936452843329985,0.8262103744317861,0.6380921181225206,0.9214166876382093,0.7634578551008009,0.9552408029353749,0.8557839418818978,0.8379173649093352,0.7956339645834604,0.9487265052554268,0.5852697945871719,0.8818928045062968,0.9033258132980619,0.9086289852345719,0.8710529575837427,0.7828888451009727,0.9467071200650465,0.9259591224230199,0.9923504136228155,0.8843363349468667,0.9059804204993023,0.8437613648527316,0.8867960431767521,0.9170389579782949,0.9294732648483086,0.9127986978904699,0.9409942357230063,0.5942324127126722,0.8223064904295259,0.8589472613525372,0.9233171559311282,0.9529828655437629,0.9399259548520491,0.9100373996478224,0.8722472547880546,0.9754023275141521,0.5508340820458861,0.9199406273027306,0.9409942357230059,0.8482115331693054,0.8355363665978439,0.5973339174913367,0.8892738141520422,0.9339970109398135,0.9141982714487247,0.9391866557097981,0.8623802767933347,0.799911752651006,0.7281301321613112,0.8942918945731197,0.9428469360414611,0.9447494136270194,0.9391866557097979,0.8880325471109585,0.8149637373842853,0.47177968657718294,0.9409942357230059,0.9428469360414611,0.8521143720668205,0.7281301321613112,0.9552408029353752,0.9428469360414611,0.7631303491841834,0.5180095701152989,0.49661604871711085,0.6003047361512324,0.8930288547304034,0.9409942357230059,0.9428469360414611,0.8379173649093353,0.942846936041461,0.8767465845813156,0.8186482473018313,0.8149637373842854,0.9428469360414611,0.843847163114755,0.9428469360414611,0.8062500604848117,0.636313359813274,0.9059804204993023,0.8603749609471996,0.9467071200650463,0.7502106230987008,0.9391866557097983,0.9275156757582279,0.9307015751744634,0.8942918945731195,0.7248056426133498,0.9086743458966993,0.9487265052554266,0.8867960431767522,0.8968564385234133,0.8905201046762896,0.8843363349468665,0.8259252898582852,0.5949885000510463,0.9374201804111679,0.8710529575837427,0.6694119034002077,0.9428469360414611,0.8905201046762894,0.9428469360414611,0.785564990210272,0.9046484553665963,0.9487265052554268,0.9184817171461355,0.7502106230987007,0.9447494136270194,0.9033258132980617,0.9290959183459291,0.8794637048361451,0.9323345609629294,0.5881683422806752,0.9467071200650465,0.8556531508423677,0.7609366689568341,0.9855035328410389,0.9409942357230066,0.9508152934266847,0.9654782975751013,0.9576036838348736,0.8161776119852899,0.975319400388609,0.9244246976009176,0.7930684294165097,0.8591937786248891,0.9487265052554268,0.9787356606143292,0.9504596149246202,0.7425483722735087,0.9529828655437631,0.6659190087913014,0.6014491564895066,0.9259591224230199,0.8686954569708648,0.9529828655437631,0.8331490001975546,0.6925209594645929,0.9508152934266847,0.8855640524750217,0.9127986978904696,0.9467071200650465,0.9086743458966993,0.7037983529591838,0.9391866557097981,0.9467071200650465,0.9467071200650465,0.7733349506503651,0.9529828655437629,0.716283203535151,0.6061264069114092,0.8710529575837431,0.8247319789820515,0.9529828655437629,0.9428469360414606,0.921416687638209,0.9391866557097979,0.9487265052554268,0.7110156257508036,0.8855640524750215,0.9467071200650465,0.9214166876382093,0.9837816225361293,0.7921605288459559,0.8981194480464403,0.8698606290925381,0.9937660335010001,0.9792451182976554,0.9187449455470127,0.8568329962206254,0.9552408029353749,0.5111688012235116,0.9552408029353749,0.908674345896699,0.9046484553665963,0.8981194480464401,0.9467071200650465,0.9428469360414611,0.3332473625715304,0.8905201046762894,0.922910983544081,0.9529828655437631,0.9508152934266847,0.9409942357230059,0.9428469360414611,0.9290959183459291,0.9529828655437629,0.9576036838348734,0.8994092506018594,0.8011877477069629,0.9259591224230199,0.9487265052554268,0.8124915484069637,0.807505714589273,0.9290959183459291,0.0,0.8210898379602254,0.9467071200650468,0.5742542204105296,0.7882190208851407,0.9099530649250314,0.47167503066110306,0.9576036838348734,0.75618010380978,0.908674345896699,0.7425483722735087,0.9374201804111681,0.9409942357230066,0.9114119696612573,0.8710529575837427,0.7037983529591838,0.7019576235886953,0.7960571656361162,0.9428469360414611,0.608979320584667,0.9073222074226135,0.9100373996478224,0.9073222074226135,0.9552408029353749,0.8751208799002067,0.9428469360414611,0.9428469360414611,0.921416687638209,0.891771690307789,0.8414786365496392,0.942846936041461,0.9552408029353749,0.9428469360414606,0.9127986978904697,0.8843363349468667,0.7281301321613112,0.9428469360414604,0.9141982714487247,0.930701575174463,0.8112504150761775,0.7842297379105647,0.9428469360414611,0.8662939159473795,0.9059804204993023,0.7440995115376006,0.7409875449563674,0.9141982714487249,0.8532939550526104,0.9467071200650465,0.7197295162601614,0.9428469360414611,0.7719447281133391,0.922910983544081,0.5943216720302588,0.8087575940776925,0.9447494136270196,0.8100057955331379,0.9356913183279747,0.9428469360414611,0.8831126597162946,0.707435563423396,0.9428469360414611,0.9141982714487247,0.7214337734919927,0.8223064904295256,0.7921605288459559,0.7110156257508033,0.9428469360414611,0.7409875449563674,0.6032352161843109,0.9508152934266845,0.8607628406648591,0.8180232600309139,0.8163616366631179,0.6672439919225887,0.8831126597162944,0.9467071200650465,0.8855640524750215,0.49661604871711085,0.9275156757582279,0.6117949340732267,0.8580131649841523,0.8544735095381988,0.9275156757582279,0.9487265052554266,0.922910983544081,0.9428469360414611,0.9529828655437629,0.8892738141520424,0.6944403845798977,0.9323345609629297,0.9184817171461352,0.9391866557097985,0.773334950650365,0.9447494136270196,0.9391866557097985,0.9323345609629297,0.9428469360414604,0.9339970109398132,0.8639231957010691,0.891771690307789,0.9529828655437629,0.6279559414483287,0.9552408029353749,0.7018864994114885,0.9275156757582279,0.8916766692185039,0.930701575174463,0.9552408029353749,0.8513296957448535,0.938417175427043,0.8782540541553365,0.9244246976009176,0.9307015751744636,0.8905201046762894,0.9467071200650463,0.9086743458966993,0.8867960431767521,0.9575562411870289,0.9259591224230199,0.8747552586782787,0.9323345609629297,0.5342006513333233,0.8198704548791864,0.7486965263003996,0.8930288547304033,0.9374201804111677,0.6925209594645929,0.8770474101603603,0.9540324564594049,0.9259591224230199,0.9275156757582281,0.7947630966537049,0.9323345609629294,0.8331490001975548,0.9259591224230199,0.9046484553665963,0.7677332599924074,0.9467071200650465,0.853117195359284,0.7999117526510058,0.9073222074226133,0.8867960431767521,0.9762777185243534,0.9686221564032027,0.7317661902841746,0.9508152934266847,0.905980420499302,0.9374201804111677,0.9374201804111681,0.9487265052554268,0.9529828655437631,0.9156114273620617,0.8037270395310108,0.902012023982087,0.9409942357230061,0.9409942357230059,0.8593324421275852,0.895561120377129,0.9374201804111684,0.8556531508423675,0.9428469360414611,0.9508152934266847,0.9428469360414611,0.9428469360414611,0.684673002252764,0.9275156757582279,0.908674345896699,0.9428469360414611,0.700101761670888,0.6477720392657282,0.9046484553665965,0.8343435279019369,0.8662939159473795,0.7815421982726285,0.891771690307789,0.8905201046762896,0.6429864871479395,0.9356913183279747,0.9068549014387532,0.9508152934266847,0.6207339565294632,0.7425483722735087,0.770889441856217,0.9156114273620619,0.7450160771704193,0.9391866557097981,0.9353481752191316,0.9508152934266847,0.8831126597162944,0.9467071200650465,0.9747036495324756,0.9695689525766124,0.9707495588862811,0.9275156757582279,0.8144127889414043,0.9141982714487247,0.6772666822069151,0.975500298406281,0.8082824043846156,0.9467071200650465,0.9307015751744636,0.9447494136270196,0.830014555049092,0.7965110764769944,0.819870454879186,0.9487265052554268,0.8391057200608769,0.9535591865156563,0.7917172033110672,0.8758435862211182,0.9409942357230059,0.820180105861902,0.9170389579782949,0.9576036838348734,0.7815421982726286,0.6279559414483288,0.8905201046762894,0.7788311817515328,0.9307015751744632,0.9964099135129636,0.9162892173518786,0.9428469360414611,0.9487265052554266,0.705013569316562,0.9428469360414604,0.843847163114755,0.930701575174463,0.6694119034002077,0.9170389579782947,0.8100057955331379,0.9275156757582279,0.707435563423396,0.9552408029353752,0.7677332599924074,0.9323345609629297,0.9478508936002092,0.9391866557097985,0.9356913183279745,0.7568218820604942,0.9046484553665963,0.9259591224230199,0.9307921816266719,0.5232582061910784,0.7868947142132687,0.8462121152122815,0.908674345896699,0.8464878759706846,0.843847163114755,0.7881335380892968,0.9552408029353749,0.9290959183459291,0.9447494136270196,0.8186482473018313,0.9950523508844094,0.7935074943504451,0.9409942357230063,0.7705477907844199,0.8210898379602254,0.9576036838348734,0.9230430505417533,0.8642934878799228,0.9073222074226135,0.9059804204993023,0.9244246976009174,0.8892738141520424,0.9156114273620619,0.9290959183459291,0.8855640524750213,0.9323345609629299,0.9409942357230059,0.9487265052554266,0.9576036838348734,0.9428469360414611,0.908674345896699,0.8485743256298055,0.7037983529591838,0.9100373996478224,0.942846936041461,0.6034775491690824,0.8024594768253057,0.9985977496218881,0.9127986978904699,0.891771690307789,0.8782540541553363,0.734166306498159,0.9368635451242555,0.9184817171461355,0.8942918945731195,0.6173180005298466,0.8770474101603605,0.9508152934266847,0.8905201046762894,0.9199406273027306,0.9467071200650465,0.9046484553665963,0.9576036838348736,0.9184817171461352,0.9391866557097979,0.9576036838348734,0.9339970109398132,0.9199406273027306,0.9428469360414604,0.8223064904295255,0.8698606290925381,0.9529828655437629,0.9428469360414606,0.9307015751744634,0.7532124306067356,0.7110156257508033,0.9409942357230066,0.9487265052554268,0.9374201804111684,0.9409942357230066,0.9409942357230066,0.908674345896699,0.9428469360414611,0.9374201804111679,0.8955611203771291,0.9428469360414611,0.9259591224230199,0.8770474101603605,0.9529828655437629,0.9467071200650465,0.9508152934266847,0.9447494136270194,0.9409942357230063,0.7705477907844198,0.5973339174913366,0.6886073430573452,0.8558959967570533,0.9428469360414611,0.895561120377129,0.9467071200650465,0.9259591224230199,0.7231257403883005,0.8968368576541013,0.9529828655437629,0.9447494136270196,0.9290959183459291,0.9816273853023441,0.9290959183459291,0.9428469360414606,0.9046484553665965,0.9114119696612573,0.9156114273620619,0.6453925549919745,0.9323345609629297,0.9529828655437629,0.9214166876382093,0.9467071200650465,0.895561120377129,0.6380921181225203,0.9428469360414611,0.9428469360414606,0.8674812582382021,0.9552408029353752,0.8174231212707674,0.9374201804111679,0.9323345609629297,0.6744532178081022,0.9391866557097985,0.7264737010932976,0.7346437559409216,0.9428469360414611,0.9428469360414611,0.9033258132980622,0.8100057955331379,0.8905201046762894,0.7815421982726285,0.6305351476337477,0.7921605288459559,0.8198704548791858,0.714540671642948,0.9244246976009176,0.6944403845798974,0.9428469360414611,0.8880325471109585,0.9487265052554266,0.9576036838348736,0.8100057955331379,0.9529828655437631,0.6615229298573582,0.9428469360414611,0.9428469360414611,0.7471734191679891,0.9428469360414604,0.7378361132097379,0.9307015751744632,0.8391057200608771,0.8867960431767521,0.9184817171461355,0.8867960431767521,0.6547568752777597,0.8319526871891938,0.942846936041461,0.9046484553665963,0.6866612162651988,0.9447494136270194,0.9529828655437629,0.8722472547880546,0.7842297379105649,0.8994092506018598,0.9073222074226133,0.9447494136270196,0.8414786365496392,0.9428469360414611,0.6702278960386943,0.9073222074226135,0.6703706602683053,0.8568329962206254,0.8485743256298055,0.933997010939813,0.8591190016799408,0.8355363665978439,0.9508152934266847,0.7982417504625892,0.6135221245748779,0.9374201804111677,0.9552408029353749,0.9540324564594047,0.9229109835440805,0.6944403845798974,0.9487265052554266,0.9409942357230063,0.7494909201929286,0.8150628490693085,0.9046484553665963,0.911411969661257,0.9576036838348734,0.9046484553665961,0.9576036838348734,0.9576036838348732,0.8905201046762894,0.9100373996478226,0.4831765790386823,0.6433291602337392,0.9552408029353749,0.9307015751744632,0.930701575174463,0.8112504150761775,0.9356913183279751,0.9984380827103152,0.9199406273027306,0.49396915741586356,0.9447494136270191,0.7394168521934454,0.9073222074226137,0.6765356212692648,0.7127848962885515,0.9428469360414611,0.8782540541553363,0.6433291602337393,0.9569155378933608,0.9552408029353749,0.9244246976009176,0.5556123482350821,0.9664860384734403,0.9428469360414611,0.707435563423396,0.7815421982726285,0.9259591224230199,0.7056242388070868,0.6702278960386943,0.6944403845798974,0.9487265052554266,0.678598405833112,0.825941002885233,0.7056242388070869,0.7774665781182669,0.9275156757582279,0.823520506144555,0.9576036838348732,0.9275156757582279,0.9428469360414606,0.8855640524750217,0.9214166876382093,0.6453925549919752,0.8905201046762894,0.7868947142132683,0.9428469360414606,0.9409942357230066,0.6380921181225203,0.843847163114755,0.8831126597162944,0.7440995115376006,0.7691440111812083,0.9428469360414611,0.7297751476977308,0.8462121152122812,0.9127986978904696,0.9428469360414611,0.6698436400465833,0.9356913183279745,0.9529828655437631,0.9275156757582279,0.9409942357230063,0.8271476719118342,0.922910983544081,0.8843363349468665,0.9199406273027306,0.8968368576541013,0.9275156757582279,0.7895380199912552,0.9428469360414611,0.9184817171461355,0.9428469360414611,0.9529828655437631,0.8390151798075178,0.5370621943588884,0.9576036838348736,0.9170389579782949,0.8030424679248125,0.646674307174518,0.9127986978904699,0.9428469360414611,0.8112504150761773,0.6806419723269378,0.8319526871891936,0.9156114273620617,0.9046484553665972,0.9487265052554268,0.9156114273620626,0.9141982714487249,0.9448810215177164,0.6953988541064267,0.7691440111812082,0.9448810215177164,0.9127986978904699,0.9487265052554268,0.8710529575837429,0.9448810215177164,0.9576036838348736,0.922910983544081,0.8114113318468937,0.8710529575837429,0.9409942357230059,0.9141982714487249,0.9259591224230199,0.5042779995405569,0.9046484553665965,0.9275156757582279,0.6014491564895068,0.8543498951915084,0.9984380827103148,0.9307015751744634,0.6963434490632531,0.9127986978904699,0.8892738141520424,0.8427012433858438,0.8752063038103308,0.8968368576541013,0.9214166876382093,0.9447494136270194,0.9467071200650465,0.557513091271749,0.9465033222027381,0.7768765709628898,0.9184817171461355,0.7001760428193413,0.9487265052554266,0.9508152934266847,0.8877585082691177,0.5680840749744993,0.8497546683289103,0.8173772215494315,0.9156114273620619,0.8620366048031785,0.9290959183459291,0.5846186906017629,0.9428469360414604,0.6768095112664314,0.8627395392561963,0.9020120239820868,0.6658600919801995,0.8582154061989975,0.9508152934266845,0.908674345896699,0.8903852777825743,0.530307635450721,0.9919304969477563,0.9170389579782952,0.8867960431767521,0.8851462416270441,0.7874282340838109,0.9323345609629297,0.985503532841039,0.9409942357230059,0.8686701132805104,0.8259862447268,0.9467071200650465,0.9447494136270196,0.7175138924903028,0.515755103627767,0.9467071200650465,0.8855640524750215,0.610432824433806,0.8299231483677993,0.9391866557097981,0.9391866557097981,0.685763932556906,0.9259591224230199,0.8905201046762894,0.9467071200650465,0.6225316566012635,0.9259591224230199,0.9508152934266847,0.5318844536997217,0.9244246976009176,0.9447494136270194,0.9552408029353749,0.56404521983092,0.9529828655437631,0.822020657241672,0.9508152934266847
p125_I,0.7056143040635205,0.7626403845603166,0.64828454026627,0.8463121825335778,0.8709005235160128,0.7630301393628991,0.9673453519154479,0.9550936248997393,0.734433611335163,0.8754775406461834,0.9919877560258774,0.8358428353123895,0.8358428353123897,0.5334544483307135,0.8868732434271092,0.9618721498065981,0.8432263599301646,0.7074074669678618,0.8803304081752216,0.7872929989765258,0.6297273304441153,0.9405621834793894,0.8375758758534326,0.9079602788289414,0.9499380785231168,0.8316304748044481,0.6502165171874391,0.7974635637731329,0.7872929989765257,0.8695943005107144,0.8936728356456716,0.8573544191143379,0.8828138438639468,0.9672379795341659,0.8709005235160128,0.8803304081752215,0.9387954485734966,0.6405532199019054,0.8820512005878682,0.5834513359977553,0.48787208019267625,0.7897455017444923,0.9214866072600054,0.727392255423259,0.9810905333178255,0.35837682069809973,0.9154704829797893,0.7405744975743298,0.8102983379469871,0.6612963237243663,0.8903723822424179,0.3040484881513752,0.8316304748044481,0.8163761849746596,0.8210898379602245,0.5971972193972619,0.7759207051606751,0.8409971458279799,0.9203366542151104,0.8873802628159335,0.742034044732107,0.8189361655467561,0.9839847019044762,0.8497140369502193,0.7250871274579649,0.7679423257061304,0.8454839127329437,0.676283773274561,0.6941674793171648,0.9161123728491165,0.5048462908493265,0.5834513359977551,0.8409971458279795,0.4840182399331634,0.8409971458279799,0.7328842347650741,0.8144473291952734,0.6990352239234846,0.5393574908718133,0.7630301393628989,0.8632473310047784,0.8483916828562628,0.8835498911828261,0.9378884960817071,0.8409971458279799,0.4819869843011909,0.9837689039501409,0.8161121621161054,0.7346298702261302,0.8648995313078978,0.8409971458279799,0.38526772654841734,0.37911741334677196,0.6162225474109939,0.834307756204393,0.705858572244677,0.4359616180948056,0.6939370245491565,0.48881214425357244,0.5508177294467416,0.7088993979993953,0.7658590143585954,0.6805488111634861,0.7047073946509352,0.8922760765663078,0.8691958391075136,0.6166111355110643,0.4042371977630137,0.8027410855239232,0.5044241557698461,0.40174080382577493,0.8587684430909976,0.6556331523889347,0.7642878843730705,0.9473375332459506,0.5912628245210774,0.9205091709847009,0.8691958391075136,0.7630301393628991,0.6125788518877808,0.7846225916525831,0.45388449037450407,0.6284209917842678,0.9136576858801533,0.9378884960817074,0.6848536871722304,0.9696306183180516,0.6948605904722605,0.9026469007280422,0.7347269473178135,0.6316646917677613,0.8614601651570803,0.7794479864767841,0.8820512005878682,0.6777893518649716,0.6457064297050448,0.6368211727759188,0.7464300233487045,0.8573544191143379,0.830814051878261,0.5877890046669108,0.8754775406461832,0.6885646920258641,0.35729077677057897,0.5655176363390733,0.7575774451851296,0.8135398754271848,0.53294177476094,0.7813770585443971,0.3207942954979148,0.824762939018447,0.7059144460884221,0.7866231387749615,0.8278665119212036,0.9115198389891035,0.8494311591291663,0.6582560494379404,0.7679555164092564,0.6799863871677407,0.5808814052325275,0.8770006339284395,0.8614601651570805,0.7768728900183863,0.4067742149268243,0.7272290726502021,0.4941642101982937,0.7810512983832394,0.8324834675808126,0.8401433753962446,0.6257304354122442,0.7837406356930052,0.9898169887145652,0.9783345019146319,0.8938728926760822,0.8655797850345932,0.6158197820373204,0.8087664788274311,0.7585637566042371,0.7210630555442874,0.7648088848075948,0.9315679709826996,0.8288435018938423,0.9323037552036618,0.8358428353123897,0.6446015324088218,0.5865103460078961,0.6410252582820011,0.7269327021250831,0.8163761849746596,0.9429405795551468,0.8873802628159337,0.8410251327353993,0.4355738126651608,0.48337012902235066,0.778153643375793,0.8409971458279799,0.8771251090843861,0.8297886824957056,0.6885006095798505,0.6123070621496809,0.792804730583293,0.8358428353123897,0.8409971458279799,0.6302957536343705,0.5862377054077044,0.8754775406461837,0.8409971458279799,0.6930037971699368,0.8126031162205221,0.7722836895758591,0.69416447655972,0.45582597402357283,0.6701933327639817,0.8409971458279799,0.5773455728626313,0.8409971458279799,0.6976089949258268,0.5014488191578386,0.45066999390768814,0.8409971458279799,0.9172812239283359,0.8409971458279799,0.7546282347496576,0.9644510971063793,0.5138412164768651,0.5990814953656518,0.7021249138262726,0.36072890539659985,0.8308140518782607,0.9589356616153148,0.8072081079523787,0.734231774934454,0.6845037406188124,0.7712129034630796,0.7464300233487048,0.7022911594452048,0.6906152972201869,0.8110759016143854,0.6592801153950496,0.8126031162205218,0.7736650317691678,0.8258996239394496,0.37451141858823955,0.8873802628159342,0.8409971458279799,0.6954211266162027,0.8409971458279799,0.8030691635160658,0.7006708281375514,0.8573544191143381,0.773211815024138,0.3222424135243326,0.8462899393398311,0.731047286957041,0.8757418277372286,0.4420689277054656,0.8535237339488045,0.6086698825612815,0.8517363824474664,0.4169644802457372,0.819761978703054,0.526107666824537,0.8358428353123903,0.8974778163860966,0.4168323222966748,0.8820512005878682,0.746669359956708,0.652754625079859,0.8600427127773942,0.9368468498869977,0.4698856217692603,0.8573544191143381,0.5396642680701307,0.4558359385337185,0.5744781528040059,0.8691958391075136,0.49110633451140817,0.9815458852738919,0.8007124876310122,0.8008532032332508,0.8691958391075136,0.9753136207465075,0.5226684432839606,0.9652730722844716,0.5485495716004459,0.5960259951712862,0.7021249138262728,0.831570392002177,0.4608972300211742,0.9439464737536061,0.7021249138262726,0.9570613159555649,0.2752261639845437,0.7372025494796417,0.5888463517292992,0.588040553665689,0.6602544770187915,0.92377289159517,0.9518943375230113,0.6805488111634861,0.7422442373622176,0.6600900496826891,0.8124659496048641,0.44558520481861974,0.7500613312260738,0.9251942656894034,0.7422442373622173,0.7581095512159899,0.44007868706054387,0.7165629027870095,0.6379453701826279,0.6912209706300395,0.6462429174451514,0.6737958864481837,0.42450436911121603,0.9371727591442106,0.7699641184685755,0.8622328790603682,0.9925236947731028,0.7736650317691678,0.5417953645845339,0.851736382447466,0.8409971458279799,0.8573544191143372,0.9344516445567388,0.5691188494995563,0.8691958391075136,0.8974778163860964,0.8154768127415196,0.8409971458279799,0.8027410855239232,0.8691958391075139,0.88133635937931,0.9447086617050038,0.7605600749571932,0.609995706730008,0.8573544191143381,0.5185907181129319,0.3236075734876086,0.9252059949278209,0.8210898379602254,0.0,0.8517363824474664,0.7459271882241434,0.3116449613588952,0.8689991137827868,0.7201512018811544,0.9602071727235837,0.3560809066821746,0.5297829493066899,0.35638803219449144,0.9810905333178255,0.8358428353123903,0.9786528755356108,0.5967560195897803,0.42195004554762194,0.4257057635615511,0.18840885574004784,0.8409971458279799,0.598649336055292,0.7819525210633156,0.5785813755831135,0.9808877898837196,0.8754775406461834,0.5432515899538242,0.8409971458279799,0.8409971458279799,0.7813770585443967,0.6989031042017522,0.3565408142569235,0.8409971458279799,0.8622328790603682,0.6805488111634861,0.7628834534128142,0.693254594022626,0.4962285760705196,0.8599690772916863,0.5626720929662927,0.7640013874816272,0.2797721562203831,0.37875088888419395,0.8409971458279799,0.6568602281299638,0.513841216476865,0.3393440934340708,0.4247325171794736,0.9640666065878609,0.6830960807136179,0.7021249138262726,0.38743498041899294,0.8409971458279799,0.2541955421986515,0.8917922902589384,0.8015648779327766,0.5714607177959716,0.8462899393398311,0.3924831870318799,0.6674710670087987,0.8409971458279799,0.7085551729432593,0.518062745507613,0.8409971458279799,0.8035470960522844,0.8859902547404537,0.5936329565716646,0.19151899643611692,0.40677421492682453,0.8409971458279799,0.8866210237012304,0.7328198877956638,0.9661023720508124,0.8775386793271192,0.6493921107442713,0.7276601851075439,0.7497446740337976,0.3972831269769199,0.9473375332459506,0.7671683823766464,0.676509739448298,0.7890319615486798,0.6091745553985732,0.687851859643458,0.5728746435854104,0.822616724013298,0.9233903453704979,0.6382631582337097,0.8409971458279799,0.9876763021969063,0.643448505019361,0.8582143483015974,0.8632473310047784,0.8832805675564117,0.830814051878261,0.9335477741958387,0.9378638724482831,0.830814051878261,0.8535237339488044,0.7702589442275862,0.9994435641968931,0.6550522011114082,0.6082520066967187,0.8691958391075141,0.5604592215283559,0.8754775406461834,0.947933506994979,0.861847833005809,0.5968441419481774,0.7640013874816268,0.7872929989765258,0.8129521771933638,0.7974635637731329,0.9606170065562205,0.7897455017444923,0.8901162417657438,0.7758256893451414,0.9251942656894035,0.8516895548485426,0.9358668837972532,0.9045863009554409,0.8245520852436378,0.8401357144004589,0.8117511609963393,0.8080419563238159,0.5909285699217313,0.5702849362349371,0.4916461197127837,0.9637637973271103,0.9015888545407635,0.7702320051946341,0.7574013541427946,0.8178539505669791,0.7983447668609218,0.19385239307005553,0.8117511609963393,0.8076994354561275,0.7940143529543535,0.934299334845676,0.7963040321462844,0.7339919640924342,0.8793964918372347,0.6729794762119999,0.7207093068856756,0.736752298184018,0.8691958391075141,0.8461263796789794,0.825681832298025,0.8623362387873973,0.9942336265588476,0.7053621865425035,0.6502165171874396,0.8903723822424179,0.8691958391075139,0.57113416859273,0.3269754805669107,0.6812276035403892,0.9811263152899272,0.6701933327639814,0.4865210807457008,0.8369482983377761,0.8258996239394496,0.35729077677057886,0.8409971458279799,0.8631655385537389,0.8409971458279799,0.8409971458279799,0.4588863346166121,0.7983447668609216,0.5499021121530556,0.8409971458279799,0.42944684013694767,0.5191133599021867,0.7931340739948455,0.718444863786325,0.7034983055275748,0.6090500733419362,0.7503740352303658,0.6954211266162036,0.5260402453552873,0.8480076850671183,0.9797939148522414,0.8631655385537389,0.7819525210633151,0.5359916609317384,0.5773455728626311,0.7638036470669061,0.9018433792809051,0.887380262815934,0.7111844131403982,0.7593994052903226,0.582863857182166,0.9473375332459506,0.5998229211622621,0.8072081079523785,0.9290656541238994,0.691944132939174,0.581223808192538,0.8161844173588622,0.7420340447321077,0.7983447668609212,0.7904283274459725,0.8517363824474662,0.807208107952379,0.7528528539809524,0.9799158688312076,0.580739761423885,0.44149252327630295,0.8573544191143383,0.6961776795851673,0.82589962393945,0.8224698422398755,0.5821229211302588,0.8154768127415196,0.35217198720267073,0.6665173122499167,0.8419009527071729,0.24588239565656655,0.5880215967626297,0.6954211266162029,0.3075978953630628,0.6378865331975117,0.745874870645916,0.7563257306939888,0.8409971458279799,0.9233903453704979,0.8761715888874186,0.8409971458279795,0.5006928023586061,0.8072081079523783,0.8308140518782616,0.8835498911828262,0.36575163966166413,0.8375758758534325,0.41439338320900787,0.9878873607719469,0.3069824348078529,0.811751160996339,0.5966347695754264,0.830814051878261,0.8828138438639469,0.6807495507993835,0.6422637014605203,0.6576749019552592,0.7626640937051596,0.6865994266666733,0.31672397476378944,0.5721539507302058,0.7913320663094453,0.49815759710416696,0.4575974484031161,0.765226516662888,0.8622328790603684,0.752081409760748,0.8462899393398313,0.609890048570525,0.76592155115469,0.7142877158448708,0.8358428353123903,0.34918861411504,0.2587001234060061,0.8813363593793098,0.6983974011335425,0.9473375332459504,0.6212416724754733,0.9073813420482949,0.8587684430909974,0.7094432912124291,0.7852113668973697,0.802741085523923,0.9040247915812281,0.8792718189530231,0.8648995313078971,0.8903723822424179,0.88133635937931,0.8409971458279799,0.7459271882241432,0.38675322450860183,0.4608972300211742,0.5582268498743743,0.8409971458279799,0.6660453389101351,0.2133780420637852,0.7059144460884221,0.8671693648137687,0.6970782745302477,0.5003375825499778,0.7523907915002981,0.8738074817211102,0.6764444223144968,0.8967699688310382,0.5603408867805468,0.5905144393329067,0.8974778163860968,0.5995746279989238,0.7759207051606751,0.957061315955565,0.6227946592348435,0.8024655460350358,0.7952255655305929,0.6883731551515252,0.8024655460350362,0.6310830625399979,0.8429420123219552,0.7104521888515193,0.8119892737385139,0.6831187212283524,0.8691958391075141,0.8409971458279797,0.857654049666025,0.32637231169893144,0.4326482081880214,0.8358428353123903,0.9445378021171832,0.8258996239394496,0.8358428353123903,0.8648995313078978,0.7660463510705083,0.8409971458279799,0.8258996239394496,0.7458748706459164,0.8409971458279799,0.5861561091173824,0.7212181235959816,0.8691958391075136,0.9473375332459506,0.8974778163860966,0.8462899393398311,0.8358428353123903,0.3749718060633249,0.5983556486906707,0.7983447668609214,0.5294940353763886,0.8409971458279799,0.4891083367424601,0.8295931148909189,0.7530332924057609,0.4310829194246111,0.6622552344324812,0.7372025494796413,0.8453583632146175,0.8027410855239232,0.9148302926199988,0.8757418277372289,0.8409971458279795,0.8126031162205223,0.7108491537564066,0.8922499660496893,0.6581316528938421,0.7247833089277057,0.9161123728491162,0.6288207363876019,0.8836034327136277,0.7076845632029245,0.5875308540526523,0.8409971458279799,0.8599690772916864,0.6655497485406644,0.8754775406461837,0.30412826357701783,0.9913366320046424,0.9307679889614637,0.5298094246653324,0.830814051878261,0.4230970633393598,0.36429536308014754,0.8409971458279799,0.8409971458279799,0.7310472869570419,0.8068221712702237,0.6171997341335456,0.5312284281236428,0.584491012683034,0.309257797258214,0.46866271357547173,0.43784187616741277,0.6010120026370231,0.5058399408409118,0.8409971458279799,0.7058585722446769,0.9233903453704979,0.8820512005878682,0.1518992606999382,0.8691958391075136,0.49815759710416696,0.8409971458279799,0.8409971458279799,0.34366985838022446,0.7104521888515194,0.45874268189608136,0.9910081251930358,0.24247881904182755,0.5395637883008968,0.7952255655305929,0.8573662837698657,0.5489986323242417,0.29750485872075283,0.8409971458279799,0.46704232142942703,0.4552510543095172,0.8771251090843863,0.8691958391075139,0.8042083396183792,0.9714972917928415,0.9430126083830715,0.4819869843011907,0.8462899393398313,0.7703532706382579,0.8409971458279799,0.48401823993316295,0.740602833767716,0.7195217288146114,0.6941703517172229,0.5761725680546143,0.8163761849746591,0.7024006022799696,0.36172681002532636,0.8631655385537382,0.9987532555825318,0.5976947477576158,0.8258996239394496,0.7872929989765256,0.7782585364229855,0.7855342689816796,0.5188908448209371,0.8573544191143379,0.8358428353123903,0.641915844865592,0.7996110161512189,0.7590779548145824,0.8153442615573092,0.8820512005878685,0.8369541237172906,0.8820512005878685,0.9214866072600052,0.6877001586720327,0.8107828531547117,0.7085551729432591,0.8409971458279797,0.8247629390184467,0.9405621834793894,0.8072081079523783,0.41367959670291565,0.8828138438639471,0.8358428353123897,0.7996110161512187,0.7179813651171176,0.8462899393398311,0.45457712093072244,0.7421654672992344,0.6582394136555667,0.5968441419481776,0.8409971458279799,0.3195135231189543,0.9606106565801131,0.4833701290223509,0.8754775406461834,0.9069075201326624,0.8416935481796055,0.6311488238419287,0.8409971458279799,0.41439338320900765,0.24588239565656633,0.8416935481796051,0.4181793614293936,0.48401823993316295,0.4405854209407848,0.8903723822424179,0.5092899049044444,0.6807163323845242,0.8943961058090123,0.4418330849499257,0.619128261482045,0.4923695523588082,0.7630301393628991,0.6919441329391744,0.7104521888515192,0.9211318427318007,0.894800559519012,0.5225801161279846,0.7306713388854471,0.22557067268684883,0.8409971458279799,0.8358428353123903,0.5465890445838679,0.34267650452181164,0.8527994647534334,0.3649998809712707,0.2894339707364222,0.8409971458279799,0.3764809238641389,0.5020553743227746,0.5543116306109048,0.8409971458279799,0.5260402453552875,0.8828138438639468,0.8691958391075136,0.7983447668609216,0.8358428353123903,0.5299823957406086,0.7855342689816798,0.982037662357022,0.9546441909240885,0.8643802658971979,0.7162160900915513,0.24127327707664892,0.8409971458279799,0.7952255655305931,0.8409971458279799,0.8691958391075139,0.43493080754503444,0.6695237845356055,0.8820512005878682,0.7909012404178115,0.519455064733515,0.7382207479691809,0.783740635693005,0.8409971458279799,0.5552331115815807,0.5319711614713905,0.6875087505007982,0.7638036470669055,0.9342993348456763,0.9564083084985775,0.9992885652020088,0.7612950419868565,0.7777865574945615,0.6977456892478187,0.31520196369027,0.7777865574945615,0.7003119065722417,0.7134120602206249,0.6761290913760445,0.7777865574945615,0.8820512005878682,0.7995998786134006,0.8771251090843861,0.6602544770187923,0.6992500287594892,0.7824210690195705,0.6338353043426332,0.8914360357274878,0.7590779548145831,0.846888681165674,0.7695855328519423,0.7813770585443969,0.8358428353123897,0.857654049666025,0.6976089949258271,0.7420262711326233,0.5560014504560895,0.6661710157765515,0.7615437721148608,0.5887552229907667,0.6968748369723712,0.8771251090843863,0.8517363824474664,0.9018268112516259,0.8325089969395397,0.7732118150241378,0.6984581728209514,0.8794381988929421,0.8573544191143379,0.8974778163860968,0.8457214521086205,0.8343077562043928,0.6574775696953352,0.8814201554735179,0.977880845371545,0.7632617718353676,0.727349326165452,0.8880512041831408,0.9008039012040461,0.8665745970742771,0.5545360942562851,0.871995390971471,0.7579324602391562,0.9707921941481765,0.9309607944521134,0.811451229155811,0.8696166427962191,0.8316304748044481,0.7605078558975681,0.9486596648626988,0.9186363144278465,0.8221958004459984,0.9034646307981717,0.9050199039572439,0.8003595459766975,0.7573634207505044,0.9413040756225968,0.9499527503499782,0.7339919640924342,0.9079602788289414,0.6924720644695581,0.8172393160370475,0.8614601651570807,0.8906905946118995,0.6589468265064891,0.9895115141511142,0.7166562606203611,0.9439464737536061,0.5820145996780868,0.9437500733067655,0.5114490973258146,0.957061315955565,0.5875239522182931,0.8722312804688888,0.8631655385537389,0.6977456892478187,0.8353360394133632,0.8145231934700624,0.8754775406461834,0.9587547784071373,0.9049778037814087,0.9973416471930863,0.8631655385537391
p125_S,0.859613911787752,0.9453030402757783,0.899108613242037,0.9765510393593577,0.9773757151292214,0.9648659912110238,0.8705544178695597,0.9003682669365679,0.9934680088001504,0.2478244238303975,0.9439253608596805,0.9511016704226434,0.9511016704226434,0.9277359074596556,0.9604370865528187,0.7353220140715185,0.9227946422906832,0.9361160018916064,0.9610366993022688,0.9493957255905626,0.8951222364985463,0.9425720985427191,0.939931930051314,0.39627364353688355,0.9412414838519025,0.9361160018916064,0.9481398354780852,0.9397554510393484,0.9629078616894173,0.9092993634680373,0.9300668284196516,0.9652137684610214,0.9902930825832763,0.9243180392978652,0.9526370111116407,0.955217505042218,0.9542136024350836,0.9467071200650465,0.20446565813531903,0.9879700133881206,0.9061873961293254,0.9373704232137268,0.9428375253830151,0.9026102890296367,0.9481398354780852,0.8577546337645545,0.9558359621451105,0.9478374857144207,0.9348776724743586,0.9469971516571073,0.3469993985602502,0.8597455235253666,0.9361160018916064,0.9453030402757783,0.9467071200650465,0.9336544549523982,0.595766071959968,0.9526370111116405,0.8774745087635127,0.9496037211238537,0.9969352503890194,0.9676785343596863,0.9900588676412958,0.7308674779865965,0.9592404230051592,0.9601500910482565,0.957509435301382,0.7042792707118313,0.8153837585530266,0.9610366993022685,0.9265867198367661,0.9348776724743586,0.9526370111116407,0.7577799260442376,0.9526370111116405,0.8941307528793183,0.9425720985427188,0.9439253608596803,0.9589042581667984,0.9648659912110236,0.5137163599227461,0.9944373248680742,0.9312498291554214,0.9361160018916064,0.9526370111116405,0.9231975163531971,0.9425720985427188,0.9694876603376772,0.7481993394881703,0.9511016704226434,0.9526370111116405,0.8991086132420374,0.8759120339598481,0.9636331722389386,0.9820451562749648,0.9884628791933071,0.8971110481409441,0.8951222364985463,0.767804203392545,0.9539405950770345,0.933654454952398,0.9558359621451105,0.9526370111116409,0.8676499406085265,0.9141734198710234,0.9610366993022685,0.9134510531460027,0.7663159483485271,0.9412414838519025,0.7543153079381831,0.9198202436892433,0.5690488644944556,0.9720020980078725,0.9155711502428496,0.9558359621451105,0.9181252281176597,0.9453030402757783,0.28525113979810746,0.9648659912110238,0.9342272501200424,0.9919066722185295,0.7724757092972718,0.9412414838519025,0.619000448338233,0.9900588676412958,0.8924338763856585,0.9542136024350836,0.9042162740830946,0.9808926695348984,0.9209817665727265,0.97839000510734,0.9558359621451105,0.9575094353013818,0.9648659912110238,0.9481398354780852,0.8225144778507437,0.716448690587575,0.957509435301382,0.957509435301382,0.9496037211238537,0.8178422485024104,0.9629078616894173,0.9601500910482565,0.880379147867171,0.7291792816942979,0.9081716992229305,0.9001110559421439,0.7320261013979331,0.9348776724743586,0.834071026591791,0.9629078616894173,0.9607967445595411,0.8365990563074837,0.889197195483969,0.957509435301382,0.9348776724743588,0.9021240612426045,0.9198856874256713,0.7019538912394099,0.8931410336709438,0.8760748600348451,0.9558359621451105,0.9386420076357269,0.7907957676628274,0.9439067604692686,0.9220855717829912,0.7595757378098462,0.9061873961293254,0.9312498291554214,0.7259957902854568,0.9277359074596556,0.9511016704226434,0.9336544549523982,0.8846853407167915,0.9952317766508612,0.886251668296631,0.9610366993022685,0.8076518136889156,0.9254476077793647,0.8941307528793183,0.6843521859412183,0.9716886528383426,0.9859410630732464,0.9511016704226434,0.9020294315021226,0.8965891561155481,0.999195440368441,0.7233618941006664,0.9453030402757782,0.9288957400617388,0.45464026787598344,0.9649533549085014,0.8341860124462195,0.8047947912836029,0.7071887142509042,0.9526370111116405,0.3962736435368833,0.9496037211238535,0.6865339729756013,0.846659656662168,0.985470710432321,0.9511016704226434,0.9526370111116405,0.8774465467393262,0.9243545721229425,0.16012801111037822,0.9526370111116405,0.8413855291881585,0.9665480300996037,0.9564333375388241,0.9993984942305539,0.9113525537588968,0.9511016704226434,0.9526370111116405,0.8035191099085706,0.9526370111116405,0.9465377066282388,0.8497130258115502,0.8781849073732377,0.9526370111116405,0.8705954752723888,0.9526370111116405,0.8705544178695597,0.913451053146003,0.9220855717829912,0.8842921321245036,0.9558359621451105,0.8230236730198899,0.9496037211238537,0.9399319300513138,0.5261306392174072,0.95466724533758,0.8967110403534027,0.9243180392978652,0.957509435301382,0.9465146323386673,0.7577481458318222,0.9092735418441047,0.9836644955542195,0.9209817665727265,0.9878857063735189,0.406532553365755,0.8931410336709438,0.9496037211238537,0.9526370111116405,0.9505241704836671,0.9526370111116405,0.8527418007931002,0.9665480300996039,0.957509435301382,0.9324454498571317,0.8230236730198899,0.39627364353688344,0.9448192234819672,0.9412414838519028,0.9001110559421439,0.9439253608596803,0.9378370728938006,0.37291572780531923,0.880379147867171,0.8803791478671712,0.7280285487808842,0.9511016704226434,0.9604535056538154,0.8716488174471997,0.20446565813531903,0.9388120013913652,0.8099851764138049,0.9373704232137268,0.9489452656760307,0.9186826071889065,0.9575094353013822,0.7197548063186822,0.796506979221532,0.9431244710320204,0.9610366993022685,0.9963274423187385,0.9198856874256713,0.9386420076357271,0.9082407355488133,0.9610366993022685,0.9748150819785091,0.775771601482482,0.9592404230051592,0.945204588509776,0.9277359074596556,0.9558359621451105,0.9243180392978654,0.7849210348604756,0.9496037211238537,0.9558359621451105,0.969580892293826,0.8423728186277255,0.9610366993022685,0.7950937914413705,0.9636331722389384,0.8931410336709438,0.9189418419895969,0.9610366993022688,0.9526370111116409,0.9348776724743586,0.9496037211238535,0.9652137684610215,0.7907957676628274,0.6544139279744576,0.9558359621451105,0.9348776724743586,0.9681385641755447,0.8889984146598748,0.693879869281139,0.6644014032156549,0.881438146000566,0.8665888856018398,0.7750373348049933,0.9514834428390285,0.9629078616894176,0.9649533549085014,0.9629078616894176,0.9243180392978654,0.6233555981585011,0.9155711502428496,0.9558359621451105,0.9526370111116405,0.9575094353013818,0.719470800399834,0.9361160018916066,0.9610366993022685,0.7998413629717644,0.9511016704226434,0.9526370111116405,0.9412414838519028,0.9610366993022685,0.9428375253830147,0.9166400151447351,0.8352434350141633,0.9386420076357271,0.957509435301382,0.7471844708650976,0.8404791612293152,0.9412414838519025,0.9467071200650468,0.8517363824474664,0.0,0.9243180392978652,0.824496195552012,0.9315357783043752,0.9957658420390977,0.9648659912110238,0.7979454077493466,0.9243180392978652,0.8166739329437203,0.9481398354780852,0.9808926695348984,0.9265867198367661,0.8931410336709438,0.7849210348604756,0.9732612361574995,0.8309916996778288,0.9526370111116405,0.9952317766508609,0.6112050095242447,0.9254476077793647,0.969757263765453,0.9629078616894176,0.7581686861405529,0.9526370111116405,0.9526370111116405,0.5872912593017852,0.6739029008690669,0.8686326671635052,0.9526370111116405,0.9493957255905624,0.9526370111116409,0.9765510393593577,0.9041490253843174,0.7747002761065522,0.9526370111116409,0.928895740061739,0.9425720985427191,0.8435824105613206,0.8211902596649283,0.9526370111116405,0.889197195483969,0.9220855717829912,0.7879341691923534,0.7853552691579664,0.9288957400617388,0.8784240722117911,0.9558359621451105,0.7979107482144303,0.9526370111116405,0.8412006503024136,0.9361160018916066,0.9688229601793572,0.9039666058972435,0.9542136024350834,0.8425509890153136,0.9467071200650465,0.9526370111116405,0.9426205861955201,0.9694876603376773,0.9526370111116405,0.9722155622930323,0.8294595995241216,0.852744627559685,0.8277625400805724,0.7907957676628273,0.9526370111116405,0.8543028581013088,0.8987613725012114,0.9604535056538152,0.8617298618427947,0.8277625400805725,0.9586574227081355,0.9145082620913982,0.9031349604797554,0.9558359621451105,0.9452045885097757,0.9937923149342885,0.939931930051314,0.7438624318663222,0.9175493208075456,0.8794015740660157,0.9967391619170716,0.9575094353013818,0.9361160018916066,0.9526370111116405,0.955217505042218,0.9082407355488133,0.8078713388853835,0.995812608116145,0.9324454498571315,0.9496037211238537,0.8423728186277255,0.9542136024350834,0.9496037211238537,0.9439253608596805,0.9526370111116409,0.9453030402757783,0.8872325694620833,0.9103107362174554,0.9610366993022685,0.6916854952177958,0.9629078616894176,0.9453030402757783,0.939931930051314,0.7922383845211373,0.9425720985427188,0.9629078616894173,0.8843680726161754,0.9397554510393484,0.937582172017251,0.9373704232137268,0.9425720985427191,0.9092735418441047,0.9558359621451105,0.9243180392978652,0.6905402417772548,0.9923442487592722,0.9386420076357271,0.9465146323386673,0.995812608116145,0.9300668284196516,0.8507258744656068,0.8217667418575592,0.9113525537588967,0.9873274034062991,0.8063524007858601,0.8981086621953585,0.5352976416436225,0.9386420076357269,0.9967391619170716,0.8299192991696218,0.995812608116145,0.8944208730785338,0.9386420076357271,0.9209817665727265,0.8376572239763221,0.9558359621451105,0.8557565635983042,0.8341860124462195,0.9231975163531971,0.9061873961293254,0.8714717093867046,0.8855169510901255,0.7161557990058253,0.9592404230051592,0.9858084434319019,0.9481398354780852,0.9481398354780852,0.957509435301382,0.28525113979810746,0.9300668284196518,0.8683603678683385,0.9187969445925777,0.9511016704226434,0.9511016704226434,0.9589042581667984,0.7028743744164117,0.9481398354780852,0.915294934512644,0.9526370111116405,0.9592404230051594,0.9526370111116405,0.9526370111116405,0.9539405950770345,0.5488029831568715,0.9243180392978652,0.9526370111116405,0.7819180572644839,0.7397639704245087,0.9665480300996039,0.9938590374229357,0.9255818465700862,0.8189630840562676,0.6739029008690669,0.6782201717602718,0.9779066609569429,0.423294906418179,0.6949204957705726,0.9592404230051594,0.9836829888222911,0.8166739329437198,0.9980012116979509,0.9300668284196518,0.9467071200650465,0.4546402678759839,0.8402034407488292,0.9592404230051592,0.9031349604797554,0.9558359621451105,0.9072120922355342,0.5261306392174057,0.9922127245794845,0.9399319300513138,0.9560188423757736,0.9288957400617388,0.9969352503890194,0.9967391619170716,0.9254476077793645,0.9558359621451105,0.9425720985427193,0.9542136024350834,0.9198856874256713,0.9993984942305538,0.8507258744656068,0.9575094353013822,0.8998492893872085,0.47106531448137323,0.8843313474963688,0.8971110481409437,0.9511016704226434,0.8179571760346678,0.9312498291554214,0.9648659912110236,0.8189630840562676,0.9819727612564136,0.719470800399834,0.8167164530539832,0.9425720985427191,0.660243866367791,0.9635410260276626,0.9526370111116405,0.9575094353013818,0.9220855717829912,0.9526370111116409,0.8705954752723888,0.9425720985427188,0.9496037211238537,0.9312498291554214,0.8425509890153136,0.939931930051314,0.7575505983588419,0.9629078616894176,0.8075195577599243,0.995812608116145,0.9781799099506838,0.9496037211238537,0.9467071200650465,0.7953903888115904,0.9209817665727265,0.9386420076357271,0.8255189618559335,0.8882143738454917,0.8538758058005382,0.6873207198416381,0.9243180392978652,0.8133482612876617,0.8705954752723888,0.9697258997487671,0.9629078616894176,0.9412414838519025,0.9736183137840245,0.8497130258115504,0.9505241704836671,0.9775425324834799,0.9511016704226434,0.840024069966767,0.8517363824474664,0.9648659912110238,0.716448690587576,0.9558359621451105,0.9231975163531971,0.9220855717829912,0.9373704232137268,0.7233618941006663,0.9300668284196518,0.9429902492134532,0.9452045885097758,0.9439253608596803,0.9808926695348984,0.9652137684610216,0.9648659912110238,0.9526370111116405,0.6048035961832157,0.8745128950949936,0.9112328812249595,0.9254476077793645,0.9526370111116405,0.9985562884541683,0.8672605145480656,0.95466724533758,0.9277359074596556,0.9103107362174547,0.8991086132420374,0.925581846570086,0.8088237225374945,0.932445449857132,0.9123992402861405,0.9911361120874169,0.8981086621953585,0.9592404230051594,0.9092735418441049,0.595766071959968,0.9558359621451105,0.9209817665727265,0.9648659912110238,0.9839674685144806,0.9496037211238535,0.9648659912110238,0.9453030402757783,0.933654454952398,0.9526370111116407,0.9166260538738977,0.8921529459435535,0.9610366993022688,0.9526370111116407,0.4670976100796449,0.93421801734038,0.9366990254581009,0.9808926695348984,0.9575094353013822,0.9873274034062991,0.9808926695348984,0.9511016704226434,0.9714058757497572,0.9526370111116405,0.4710653144813717,0.6602438663677912,0.9526370111116405,0.9386420076357271,0.8981086621953585,0.9610366993022685,0.9558359621451105,0.9592404230051592,0.9542136024350834,0.9511016704226434,0.9185991421540307,0.999195440368441,0.9967391619170718,0.7658590143585962,0.9526370111116405,0.913451053146003,0.9558359621451105,0.9386420076357271,0.9582078888419139,0.9145082620913982,0.9610366993022685,0.9542136024350834,0.47991718147487916,0.9209817665727265,0.9412414838519025,0.9526370111116405,0.6689218616853781,0.9265867198367661,0.9300668284196516,0.9766135065676136,0.9439253608596805,0.9610366993022688,0.9348776724743586,0.9558359621451105,0.9134510531460027,0.9875518066547833,0.9526370111116405,0.9526370111116407,0.8901811511257476,0.24782442383039827,0.8803545486957223,0.9481398354780852,0.9439253608596803,0.9601500910482565,0.9496037211238537,0.9255946886803212,0.7800981440304909,0.9526370111116405,0.9526370111116405,0.9649840504564584,0.9051147616874999,0.9092735418441049,0.9078307494815347,0.725995790285457,0.8277625400805726,0.8507258744656065,0.7634386319714811,0.9373704232137268,0.746781437993032,0.9526370111116405,0.9072120922355342,0.9575094353013818,0.20446565813531903,0.8425509890153136,0.9610366993022685,0.9676785343596863,0.9526370111116405,0.9526370111116405,0.8205034403032456,0.9773757151292213,0.8127820297355114,0.9425720985427191,0.8998492893872088,0.9061873961293254,0.932445449857132,0.9061873961293254,0.7453575289131642,0.8933378821185829,0.9526370111116405,0.9209817665727262,0.7710309431023975,0.9736183137840241,0.9610366993022685,0.9937923149342885,0.8138393967528998,0.6891863421825124,0.9231975163531971,0.9736183137840245,0.9020294315021227,0.9526370111116405,0.9937122258988622,0.6577647569365004,0.6905402417772547,0.881356890785397,0.8745128950949936,0.9931163690142987,0.9951877100611972,0.8637082826037772,0.9604535056538152,0.9119407584989208,0.7573188912560875,0.9481398354780852,0.9629078616894176,0.925818696841238,0.9900588676412958,0.9477690575452098,0.34699939856024975,0.9511016704226434,0.9908764668187224,0.9859410630732461,0.9209817665727262,0.9748006002614298,0.9648659912110238,0.9665480300996037,0.9648659912110238,0.9648659912110238,0.9092735418441047,0.9730862985612763,0.9821062119112849,0.9526370111116407,0.9629078616894176,0.9425720985427191,0.9983948723195168,0.8435824105613206,0.9467071200650468,0.9128870094924402,0.9859410630732461,0.9400810957454317,0.39627364353688344,0.9456504722577764,0.9231975163531971,0.9279890523786394,0.935468675526583,0.9526370111116405,0.8991086132420374,0.9773757151292214,0.9243545721229425,0.2478244238303975,0.9922127245794843,0.9386420076357269,0.8656814261022985,0.9526370111116405,0.939158577970624,0.8189630840562676,0.5592001372731508,0.7864057866094467,0.7888434070513503,0.7773263884392076,0.9575094353013818,0.9576605453602836,0.9201023553084946,0.9100318062103336,0.8458639564984105,0.9399319300513138,0.853750687582344,0.9648659912110236,0.9967391619170713,0.9526370111116407,0.9051664401581994,0.9348776724743586,0.9766135065676136,0.719470800399834,0.8538758058005382,0.9526370111116407,0.9808926695348984,0.9805074801881104,0.8705954752723888,0.9426205861955201,0.8179571760346677,0.8086886533123149,0.9526370111116405,0.806145885371528,0.9064110103549554,0.9277359074596556,0.9526370111116405,0.7359365694375495,0.9467071200650465,0.9610366993022685,0.9399319300513143,0.9511016704226434,0.8567565353887994,0.9361160018916065,0.9041490253843174,0.9859410630732461,0.9575139843524121,0.9967391619170713,0.8255892557605069,0.9526370111116405,0.9324454498571317,0.9526370111116405,0.28525113979810746,0.876011295842658,0.9969856413462482,0.20446565813531903,0.9312498291554214,0.8761423128183072,0.9628947117876525,0.9277359074596556,0.9526370111116405,0.7803336516357529,0.7353466346605648,0.8607384721289717,0.9300668284196518,0.9209817665727265,0.9575094353013822,0.9300668284196516,0.6261051205347334,0.9681385641755447,0.9450259909751846,0.808688653312315,0.9681385641755447,0.9277359074596556,0.9575094353013822,0.8931410336709438,0.9681385641755447,0.20446565813531903,0.9361160018916066,0.9542136024350834,0.8931410336709438,0.9511016704226434,0.576660771712119,0.9386420076357269,0.9760557307924647,0.9209817665727265,0.939931930051314,0.9448192234819671,0.5341989183880249,0.9511016704226434,0.5261306392174067,0.946537706628239,0.9277359074596556,0.9082407355488131,0.8099851764138049,0.9938553535985173,0.9145082620913982,0.9348776724743586,0.39627364353688344,0.9558359621451105,0.9491737766988708,0.9400810957454317,0.9129884941708223,0.932445449857132,0.9072120922355342,0.9575094353013818,0.9592404230051594,0.7655209071739761,0.9312498291554214,0.9439502900155012,0.983682988822291,0.9300668284196516,0.8094320645440077,0.9412414838519025,0.9783400888843532,0.9526370111116407,0.9424505244031278,0.922109475719312,0.9187969445925777,0.9709117273278066,0.8151548146181664,0.9592404230051592,0.9243180392978652,0.7604267522281,0.9361160018916064,0.987327403406299,0.9312498291554212,0.9061873961293254,0.7704629856780993,0.8663106410602519,0.9439253608596803,0.9189418419895969,0.9511016704226434,0.7044833520417119,0.8959232789032516,0.9558359621451105,0.9542136024350836,0.7322794731660364,0.9645105128281711,0.9558359621451105,0.9852427368613523,0.7550320981422055,0.8683603678683387,0.9496037211238535,0.9496037211238537,0.7489933234855086,0.9386420076357271,0.9092735418441047,0.9558359621451105,0.697209396434469,0.9386420076357269,0.9592404230051594,0.9775425324834799,0.9922127245794845,0.9542136024350834,0.2478244238303975,0.9953978806517948,0.28525113979810746,0.8617289235276302,0.9592404230051594
p125_T,0.8625365069373634,0.906268236387799,0.8271068874433856,0.9686220609785257,0.9044188733069928,0.9397924012017989,0.8034325239825357,0.8074951456790436,0.4449318842186403,0.9364368411420325,0.9039073680321512,0.9979245843396387,0.9120542613921978,0.9069834982716534,0.9124519654347762,0.8403373796149372,0.9111295270090607,0.8905248145511355,0.9332303128187662,0.9364368411420325,0.8677148227831395,0.901588342180655,0.8970640020677769,0.9671009678568472,0.8993081265656124,0.25805868207541593,0.9111295270090609,0.9881414477942229,0.9364368411420323,0.7357286515247983,0.2973892537714802,0.877660346042388,0.9086743458966999,0.3567451050835252,0.8602326261905325,0.933230312818766,0.9215378731313923,0.908674345896699,0.9397924012017989,0.8884027441326572,0.8392374849683437,0.892674460956127,0.943665404633262,0.9454114008802861,0.8851576851792986,0.7766564997775929,0.9243180392978652,0.49213993476633966,0.8884027441326572,0.9485576944388001,0.9759742607288064,0.8007022310972278,0.2240020219404779,0.906268236387799,0.9484490715653735,0.886306570301556,0.886306570301556,0.9188361382271659,0.8239222601835481,0.997222278815483,0.40291590175147673,0.6378223291869469,0.890524814551136,0.8646979598369935,0.9301521134798676,0.6745260865430163,0.9752372748615917,0.8115940355833651,0.7990753980469042,0.9081517461023694,0.8741949048548436,0.8884027441326574,0.963022385343627,0.6689688676034908,0.9188361382271659,0.818576548039416,0.9015883421806545,0.9419536134643973,0.7163077019390557,0.9397924012017989,0.9039073680321512,0.9994678821812102,0.8821858692988973,0.9586381348210116,0.9188361382271659,0.8683869765649124,0.8375194253623393,0.737710543598997,0.8305471147579231,0.916205092712921,0.9188361382271659,0.8756872102415512,0.7499363066923372,0.5864039781793895,0.9142553407315166,0.969237039075715,0.9196717077292103,0.8439952162507556,0.685379071294042,0.6686348434978533,0.9193175573455779,0.9815062877983509,0.9188361382271666,0.8782809919014027,0.9470074801592104,0.9332303128187658,0.8516848931219241,0.6757900167103696,0.9358530937879617,0.6829978558444959,0.9362999131857441,0.892674460956127,0.7328257398433715,0.855318009860377,0.9243180392978652,0.7392507892479404,0.9382169076942133,0.9332303128187658,0.9397924012017989,0.5542684210473866,0.8608459111363298,0.8637942492764794,0.8993081265656127,0.8801586131976933,0.9732485449091124,0.7822464259069275,0.9215378731313923,0.969282661194809,0.9979245843396392,0.9796624177838524,0.5613378446528212,0.9243180392978652,0.9752372748615916,0.9980634982842684,0.951872084571389,0.8137531675852789,0.9887296911376622,0.9271857963192045,0.9271857963192043,0.913638123172289,0.7452888229965557,0.9364368411420323,0.6745260865430172,0.7950110300145405,0.9388736423802917,0.534525144468105,0.9511877247675561,0.6473749361787795,0.8884027441326574,0.8160838338000294,0.9528294452685605,0.903253994342665,0.8115940355833653,0.7074798144586543,0.9759742607288062,0.4076838933138922,0.8322743274729434,0.9766024852909412,0.9980379129055943,0.8403373796149369,0.8259600209869098,0.8873306148945669,0.9300797186110583,0.8560225025122679,0.8608453411778028,0.8664814862756913,0.75477431400616,0.915618909574293,0.9783942835967552,0.9762512276294906,0.9069834982716536,0.9162050927129208,0.4204627017739866,0.9291460004795993,0.7145761705407885,0.963545513410015,0.9861029598450544,0.8372419978857335,0.8722428588429538,0.8421630219588783,0.9985663074572881,0.6054684961078056,0.9816494815223563,0.9162050927129204,0.634739989452219,0.8494798526253335,0.5963017978659948,0.8427562020241628,0.906268236387799,0.9969820872027789,0.955430200993886,0.9250550979549395,0.7353407098119205,0.7279142859588457,0.9032539943426647,0.9188361382271659,0.9215378731313923,0.9136381231722892,0.8666421769503914,0.8168409025639314,0.541348916180455,0.9979245843396392,0.9188361382271659,0.8117633740765555,0.7089142076154662,0.9364368411420323,0.9188361382271659,0.6517234024376379,0.3874389766691899,0.5681751300545421,0.6628374854226688,0.8745533197205991,0.9162050927129204,0.9188361382271659,0.8742487986998148,0.9188361382271659,0.7036115279801831,0.762489407074624,0.757130796275679,0.9188361382271659,0.8206979555337932,0.9188361382271659,0.7641427688123783,0.36779059431083294,0.9246323126477256,0.8017165382781775,0.9243180392978654,0.683183260685363,0.913638123172289,0.8970640020677767,0.9761289800255137,0.9032539943426647,0.7423153615283813,0.9000359259924564,0.9271857963192043,0.8901584347056433,0.8736763669423389,0.9226564439505713,0.8357444190687311,0.6751201610087174,0.38743897666918914,0.9111295270090605,0.910707988599565,0.9136381231722892,0.9188361382271659,0.9992131886464963,0.9188361382271659,0.8300274005639854,0.8933580624819943,0.9271857963192043,0.9167630175479358,0.740052209011363,0.9215378731313923,0.9196570634622756,0.8993081265656124,0.9265969718894862,0.9799998588966441,0.5849632218221423,0.9243180392978652,0.8390989761257732,0.5877577244282011,0.8321482227699246,0.916205092712921,0.9301521134798676,0.9978597004520633,0.9397924012017989,0.8103195211556318,0.8328392117288821,0.8926744609561272,0.6358836872015794,0.8893603794543214,0.9271857963192043,0.8193575093176497,0.7905016129293643,0.729170939945968,0.9332303128187658,0.6633189905565244,0.4254705855080666,0.9300797186110581,0.9202850458126468,0.9332303128187658,0.8456100445405652,0.6791872878896124,0.9301521134798676,0.8880438381235429,0.9686220609785259,0.9243180392978652,0.9000359259924564,0.7711921954233476,0.913638123172289,0.9243180392978652,0.793154941990783,0.7925519707486549,0.933230312818766,0.7496793780367104,0.6488679857334378,0.8168805099533947,0.9131970021472477,0.9332303128187662,0.9188361382271668,0.9554421119948906,0.9136381231722892,0.9271857963192043,0.7043061423436842,0.93859975842519,0.9815062877983509,0.9219224280637743,0.9881414477942227,0.762835891404716,0.9375086369820276,0.8851792749904985,0.7624894070746242,0.9724217109328035,0.8647051972320581,0.7966865448611935,0.9364368411420321,0.8124394779507222,0.9364368411420323,0.9000359259924562,0.9508942993498997,0.8827148855675935,0.887330614894567,0.9188361382271659,0.4385641663559675,0.8966129881495937,0.8905248145511357,0.9332303128187658,0.9301521134798676,0.9549894228659189,0.9188361382271659,0.8448771028779444,0.9332303128187662,0.9397924012017989,0.8571496764250635,0.7567003903971172,0.8948535190071927,0.9271857963192043,0.889617580514629,0.8250305119561796,0.9358530937879614,0.5742542204105296,0.7459271882241434,0.9243180392978652,0.0,0.6992468832911021,0.5883084818787376,0.7557343005069507,0.9397924012017989,0.7106543373434842,0.8703071672354956,0.6343893594026344,0.9111295270090607,0.916205092712921,0.9736066796003946,0.8872511189380223,0.7520089676333601,0.7303611312513031,0.710377941769176,0.9188361382271659,0.5277430376119833,0.8683869765649124,0.9023193977639938,0.8977823279529111,0.9918036979367357,0.9221874848428772,0.9188361382271659,0.9188361382271659,0.8884027441326572,0.9513056403643736,0.7748816049396823,0.9188361382271659,0.9918036979367357,0.9188361382271668,0.9069834982716535,0.8357444190687309,0.7279142859588464,0.9188361382271668,0.909368306308445,0.9493303821296276,0.7319540868088865,0.7319854617859306,0.9188361382271659,0.8560648007561684,0.8955568994617085,0.6934569492029272,0.7080063794877769,0.909368306308445,0.8572538933674507,0.9243180392978652,0.7543764668933219,0.9188361382271659,0.8095626261565168,0.9245814746860734,0.6769098755670845,0.9452658910631933,0.9215378731313926,0.7696860281155864,0.9484490715653737,0.9188361382271659,0.958652294374053,0.603673342345991,0.9188361382271659,0.9718013773009624,0.7376690410633135,0.808151982381994,0.7241748128797028,0.7425384340953404,0.9188361382271659,0.7838399521747501,0.6662829384462201,0.9177449231111595,0.8662494125765394,0.8014969699297289,0.9055141698506994,0.46771519741795264,0.8838649142528048,0.9243180392978652,0.93859975842519,0.5681751300545421,0.9329290708210043,0.6142933143189443,0.842827546418101,0.815288901431038,0.8970640020677765,0.9271857963192043,0.9245814746860737,0.9188361382271659,0.8552790990760812,0.842756202024163,0.7203462103241042,0.9799998588966445,0.884234751678239,0.9972222788154832,0.773478276948045,0.9215378731313926,0.913638123172289,0.9039073680321514,0.9188361382271668,0.9382169076942133,0.8522489996705731,0.8463034707266368,0.961024393128657,0.6549270136122722,0.9918036979367355,0.9840256643467928,0.8970640020677769,0.7067293653565474,0.9761289800255133,0.9364368411420321,0.6991618314237296,0.9537077258337427,0.9971380172369659,0.8926744609561272,0.9015883421806556,0.8966129881495939,0.9815062877983507,0.9000359259924562,0.8392374849683437,0.9487383617681948,0.9300797186110583,0.651553017658657,0.9419536134643982,0.23412370507680136,0.864638314971198,0.7568500292015019,0.9010178520166368,0.951872084571389,0.7371085648215425,0.8495348412251991,0.9686220609785259,0.965305918214924,0.9953407916725414,0.7085402163921226,0.9799998588966443,0.8868887806125136,0.9300797186110585,0.9796624177838527,0.803346020381679,0.9243180392978652,0.8137531675852792,0.7353407098119205,0.9565730307289084,0.9156189095742935,0.9610243931286578,0.7762974108690006,0.565639077579538,0.9808531012828585,0.9881414477942227,0.9111295270090607,0.9111295270090607,0.9264488104519898,0.9332303128187658,0.9117913875450327,0.7995888971844622,0.8608459111363296,0.9162050927129206,0.9162050927129204,0.6772712643343278,0.9868272766917496,0.9111295270090602,0.7950110300145407,0.9188361382271659,0.9301521134798676,0.9188361382271659,0.9188361382271659,0.7074465444186638,0.8970640020677767,0.929764684749417,0.9188361382271659,0.747102606578806,0.6796739110494248,0.8645899440480418,0.8889404873914475,0.9020074728388185,0.8239222601835481,0.872554013136071,0.8445260765476388,0.6535905264854329,0.9086743458966993,0.8185765480394148,0.9301521134798676,0.3379385359591258,0.7102146238373015,0.5827432542909536,0.8801586131976928,0.908674345896699,0.9972222788154832,0.7696794288243498,0.9808531012828585,0.8340066608386394,0.9243180392978652,0.8409934614190606,0.9388586611030842,0.9342029590072162,0.8970640020677765,0.6484243205993937,0.909368306308445,0.4829732214329213,0.9953407916725414,0.872242858842954,0.971405875749757,0.9015883421806556,0.9215378731313926,0.8627116416336102,0.5999874052696229,0.8244907184259174,0.9271857963192047,0.8134118466352593,0.9111295270090607,0.7269647726595209,0.8236837483731403,0.997924584339639,0.8261414716570314,0.9142553407315168,0.9980634982842684,0.7855916242879573,0.5938363601120025,0.8445260765476386,0.743310430669234,0.9388586611030842,0.9862580849438625,0.8118082899900725,0.9188361382271659,0.9271857963192043,0.5229348368179454,0.9927913675399126,0.7782451824877885,0.9388586611030838,0.9609856433629199,0.9463248121641357,0.7301865852690883,0.9329290708210043,0.7377105435989961,0.9364368411420327,0.7843186987641215,0.9819538956711094,0.8298560405667226,0.9554302009938862,0.908674345896699,0.8748829829477948,0.8645899440480416,0.8948535190071925,0.7822616826600728,0.5058333412398742,0.6973662169502965,0.8029783676913784,0.9892222022633377,0.6773217720334459,0.8206979555337932,0.8801586131976933,0.9364368411420325,0.9358530937879614,0.9215378731313926,0.8025485185438213,0.895039365442585,0.6578709967444571,0.9162050927129213,0.7122498440643401,0.7660463510705093,0.9980634982842684,0.8295022177593916,0.7460671055388921,0.9271776793409097,0.9537077258337427,0.9619234929707898,0.9978138896011308,0.8801586131976928,0.9358530937879614,0.8627658779727196,0.9039073680321505,0.9591402541866407,0.9271857963192043,0.9397924012017989,0.9188361382271659,0.9810490389797015,0.7849582917836873,0.7520089676333604,0.872242858842954,0.9188361382271659,0.6527250593044349,0.7781154975761404,0.9099455930672978,0.9069834982716536,0.8463034707266361,0.8271068874433856,0.5926231342520281,0.7717908710918475,0.8842347516782392,0.9566255407969613,0.6006187162425525,0.8495348412251986,0.9301521134798676,0.8445260765476383,0.8863065703015558,0.8402427784426749,0.9221261809159469,0.9397924012017989,0.9492912834176326,0.9554302009938862,0.9980634982842684,0.906268236387799,0.8863065703015558,0.9188361382271668,0.9089803307966653,0.8618486058817536,0.9332303128187662,0.9188361382271666,0.9493303821296278,0.7822616826600726,0.7234222882195123,0.916205092712921,0.7800834172231833,0.9926146421337168,0.916205092712921,0.916205092712921,0.9000359259924562,0.9188361382271659,0.9518720845713888,0.9862580849438626,0.9188361382271659,0.8948535190071927,0.8495348412251988,0.8024064520497918,0.9243180392978652,0.9301521134798676,0.9215378731313926,0.9162050927129213,0.6741517234184589,0.6803685515032112,0.9953407916725417,0.7108554149239821,0.9188361382271659,0.8516848931219241,0.9243180392978652,0.8948535190071929,0.6258343310915968,0.8534965853888823,0.933230312818766,0.8962097479667891,0.8993081265656127,0.9508942993498997,0.8993081265656127,0.9927913675399128,0.8645899440480418,0.9350742710727484,0.9434241618923718,0.6566534766220169,0.9039073680321517,0.9861029598450544,0.9219224280637739,0.9243180392978652,0.8785995314863118,0.6473749361787795,0.9188361382271659,0.9630223853436273,0.9041603374523202,0.9364368411420323,0.7806928642660702,0.9518720845713888,0.9039073680321512,0.5963320271314678,0.9972222788154832,0.6305699435015462,0.6231639037061397,0.9188361382271659,0.9188361382271659,0.9766024852909412,0.8091854709620843,0.8966129881495932,0.766426306340162,0.6378158797655109,0.7048442736171963,0.8244907184259171,0.6900507655554039,0.9272989769634585,0.6046394548457024,0.9188361382271659,0.8922908924817223,0.9271857963192043,0.9397924012017989,0.7301865852690883,0.9332303128187658,0.6970714934566934,0.9188361382271659,0.9188361382271659,0.659911692612301,0.918836138227167,0.6656266716252006,0.9015883421806552,0.7924618199175764,0.8392374849683437,0.9818195492873292,0.966539859311593,0.7083496941498996,0.8230982792635944,0.9188361382271659,0.8645899440480416,0.7488223238895557,0.9873359374176983,0.9610243931286574,0.9600953915561947,0.8087930913520405,0.8571496764250632,0.8683869765649126,0.8962097479667891,0.9224762063417071,0.9188361382271659,0.688580699503123,0.8977823279529109,0.49879016844675783,0.9073719949449843,0.8710790484922164,0.906268236387799,0.9010178520166368,0.7664429046569758,0.9301521134798676,0.6220134862180418,0.5597856393991086,0.951872084571389,0.9364368411420323,0.9697393763146018,0.9586381348210116,0.7010617510777037,0.9759742607288064,0.9162050927129213,0.570227712153176,0.9193175573455779,0.8645899440480416,0.8518479471645852,0.9397924012017989,0.9221261809159471,0.943665404633262,0.9397924012017989,0.8445260765476383,0.9023193977639938,0.4430486646559635,0.9188361382271668,0.9918036979367357,0.901588342180655,0.9015883421806545,0.7517407052893186,0.9086743458967002,0.9591402541866405,0.8165945463022464,0.5544429618305968,0.9215378731313926,0.7437092260513469,0.8683869765649117,0.7358259207414197,0.7449318762054173,0.9188361382271659,0.8271068874433856,0.9188361382271668,0.7659144426456057,0.9364368411420325,0.892674460956127,0.25971769050003235,0.8115940355833651,0.9188361382271659,0.8143032300292855,0.8239222601835481,0.9642416825773448,0.7161101090693645,0.7670280271016521,0.7589151288169047,0.9271857963192043,0.6994836446896654,0.9153144551129115,0.7544407449649541,0.6839771896298151,0.8970640020677771,0.8706590525213858,0.9397924012017989,0.9329290708210043,0.963022385343627,0.8374879178218961,0.9439988362117597,0.6566534766220169,0.8966129881495941,0.6973662169502965,0.9188361382271666,0.916205092712921,0.5868779271299764,0.7994715690107905,0.8838649142528054,0.7503217445404011,0.7483095206518414,0.9188361382271659,0.7491968336961603,0.781603683884706,0.9378027796250894,0.9188361382271659,0.7138119213033539,0.9882237972340482,0.9332303128187658,0.9329290708210038,0.916205092712921,0.8563477583855699,0.9051352246392368,0.8357444190687313,0.9816494815223561,0.9621027001397893,0.9687941395742317,0.8168267677622882,0.9188361382271659,0.9856521848429739,0.9188361382271659,0.9332303128187658,0.7931901820493832,0.48489265907340096,0.9397924012017989,0.8821858692988969,0.7795579190089559,0.4373688405824483,0.9069834982716536,0.9188361382271659,0.8902470346523458,0.5659355123189975,0.7613536716392533,0.8801586131976931,0.8933580624819948,0.8288718816327854,0.8801586131976917,0.8781517708121864,0.8955568994617094,0.48676957206431626,0.6911960275090809,0.8955568994617094,0.9994413423319621,0.9271857963192041,0.8168805099533945,0.8955568994617094,0.9397924012017989,0.9245814746860737,0.9671009678568472,0.8168805099533945,0.9162050927129204,0.9405848418047038,0.8948535190071929,0.5413489161804551,0.8933580624819946,0.9594757229193139,0.39699787459373426,0.9554421119948906,0.9549894228659188,0.9015883421806552,0.7421367917691327,0.8761642169182173,0.842756202024163,0.6913724321171375,0.9427366331469973,0.8534965853888825,0.9219224280637737,0.9215378731313923,0.9243180392978652,0.4594842038794772,0.9289487025037608,0.916763017547936,0.916763017547936,0.4664912192350086,0.9271857963192043,0.9301521134798676,0.8205950326849349,0.31607734488562367,0.89468833209291,0.9859683821169072,0.9117913875450325,0.7854475294144461,0.8993081265656124,0.34143484178135264,0.963022385343627,0.5629714831105899,0.8050745088528024,0.8608459111363296,0.3895450726410159,0.7596520994812859,0.9808531012828585,0.9594934435063773,0.8017165382781786,0.25805868207541593,0.9518720845713888,0.9895362449706255,0.8646979598369935,0.7950110300145405,0.7000231174933705,0.9039073680321512,0.7916238330812637,0.9591402541866405,0.8367043535473524,0.7548295251739348,0.9243180392978654,0.967100967856847,0.4738292343766889,0.2700303357096414,0.9344184513464587,0.8880438381235429,0.6199051695285009,0.7800091820038415,0.913638123172289,0.9554302009938862,0.5953008848564127,0.9642416825773448,0.844526076547639,0.9243180392978652,0.6136550463947887,0.9300797186110585,0.9301521134798676,0.5356556934014993,0.9619234929707898,0.9671009678568472,0.9364368411420325,0.5497840091849491,0.9332303128187658,0.7491896426899869,0.9808531012828585
p126_G,0.6961594276408212,0.8646823327082912,0.44087147941408567,0.8877861904107732,0.9263050774651864,0.9508366667997827,0.9474695790413801,0.9479068261731194,0.6605920908554763,0.8884740070227126,0.7791009710795642,0.9447808998670315,0.86132189464323,0.7080631050525441,0.9912312238962613,0.9838828582329459,0.8101028101169586,0.6359965055496788,0.8465089491503283,0.9680270476887273,0.6022161907788806,0.7210808956875308,0.9366027714453327,0.9066163701727092,0.7599175669402093,0.7461308961782385,0.7309058720430988,0.8222503582033496,0.9680270476887273,0.9974769483758117,0.8040773650365842,0.8943710090829438,0.7478872020684133,0.872610570341374,0.9263050774651864,0.8465089491503281,0.7686369285845338,0.722115325565833,0.8603806964337217,0.6723785442252603,0.48196385028150623,0.7735506690497274,0.8603806964337217,0.7321004385272019,0.9684966862646782,0.4143876978718881,0.77886889345025,0.6811263827035972,0.6289406504293706,0.756454096229181,0.8311464231994985,0.36043614225098886,0.7461308961782385,0.8330219561091061,0.7882190208851405,0.64336023986576,0.8358642886861809,0.8117838598171898,0.8874117992652193,0.7670059643554636,0.6864645605102928,0.6942310340778753,0.9888665597851276,0.7789101058157373,0.7677567325503764,0.7674513301236996,0.9159552332667189,0.669214934394827,0.6245767186999682,0.9150261950454616,0.719762686790898,0.6289406504293702,0.8117838598171896,0.5356996819067312,0.8117838598171898,0.5343143674560711,0.7935283637969427,0.7544490565237095,0.686734965328476,0.7998105573865868,0.8264683960267649,0.924285512575289,0.9822968004341599,0.8125315336274167,0.8117838598171898,0.6766681084338966,0.94083091980188,0.8344361316093518,0.9258393222166692,0.8056825578273625,0.8117838598171898,0.582519907241744,0.5379637233866092,0.6511877517274942,0.7683517503618809,0.6977453666943245,0.6314334424874581,0.4331569110573815,0.5214924248559862,0.5798555197780577,0.7075282561392342,0.9619311600645907,0.7873918784148212,0.8722982487875424,0.9474856679012389,0.7779917032551948,0.6289289338226841,0.4218768115780813,0.8612157568128747,0.5445907341416032,0.5587171178680503,0.9123618722182874,0.6330423068526669,0.7319547311547439,0.77886889345025,0.5534855278196087,0.908595883904757,0.8451634443215719,0.7998105573865866,0.5966122195109058,0.8234235640138097,0.6647083499058957,0.7362383996747772,0.927055352722217,0.9228659261760035,0.7837821530802065,0.7391145011988287,0.5545261461408495,0.9169612314590974,0.7046290326348505,0.6719596509020447,0.7788688934502492,0.8211183544415497,0.860380696433722,0.7309058720430989,0.757212765412585,0.6697821543401474,0.7895060614998273,0.7895060614998266,0.8268088576336079,0.4831798466447226,0.7886533660780265,0.8054504792412187,0.4755308368486654,0.7712754705003821,0.7045680248505848,0.935644047141168,0.5846822193999595,0.7629288364281732,0.44938844270979883,0.8604028387223072,0.8766649162553817,0.8706867924225483,0.8151842701234681,0.9159552332667187,0.8063667302240634,0.8434311705717126,0.7095571118411301,0.8095060644328038,0.7862986387923911,0.8816362414244376,0.9314207822955339,0.764512773628972,0.44056145787627154,0.5351726567644518,0.7067671615317508,0.6920616797919816,0.6634310064413134,0.7952832135311895,0.6636923632262763,0.8877861904107731,0.7213830792377612,0.8860743074621018,0.9505376695093763,0.9426204763544994,0.6892547253918375,0.9821979361118385,0.8479147125224915,0.7116250755949072,0.8705351463758502,0.9081427018839823,0.7881226547378111,0.8572536274440052,0.8056825578273621,0.5735917007179355,0.6673044192027529,0.6919359816111843,0.685591672502482,0.7826393375786718,0.9791622925756287,0.8268088576336081,0.9157261209694145,0.3709039597577797,0.45493026397676983,0.7210464433730364,0.8117838598171898,0.847571515401299,0.8753220118250445,0.6478884147221429,0.47448513931560454,0.7249766678230338,0.8056825578273621,0.8117838598171898,0.4004807986071931,0.5780405216524365,0.8525992707005727,0.8117838598171898,0.6394025728561294,0.7419094102126829,0.7015474986353403,0.5923142705116271,0.5291924741895615,0.7213830792377609,0.8117838598171898,0.47976270426080525,0.8117838598171898,0.7893288084464554,0.4551562457026238,0.3842109747096032,0.8117838598171898,0.8128103990639426,0.8117838598171898,0.5942928688774247,0.9176509901412551,0.7256064607423469,0.3552439958979533,0.7483585156811929,0.33640183929825107,0.8268088576336077,0.7971709930294198,0.7717868275465865,0.7429343722544406,0.7233245457458841,0.8962378469249294,0.7895060614998273,0.6271973831158034,0.8140869293571895,0.8205464185676731,0.6815490474091337,0.9283112981018427,0.7605495990015985,0.8203114788716956,0.5887144193518363,0.8809668813683991,0.8117838598171898,0.7069604585019822,0.8117838598171898,0.9414530015183331,0.8666466252200813,0.8311464231994985,0.731544461654493,0.3241191690979336,0.847571515401299,0.8845697138021456,0.6652008978784802,0.620897981783997,0.9270124584146908,0.6232939129664155,0.8550065733210686,0.6040805848351578,0.8040468594808123,0.5934828845598448,0.8056825578273625,0.9037282181939597,0.5756010927117274,0.8603806964337217,0.8192355988338198,0.8577712472576104,0.8632899429731515,0.933261245704275,0.6679161123558303,0.8311464231994985,0.6111136102189607,0.6071344358529507,0.693267214876662,0.7779917032551948,0.531839891052521,0.8292233718444104,0.787337450621303,0.8957874248358992,0.7779917032551948,0.8540665022444331,0.5989633697620893,0.9977172670293413,0.6070583397980485,0.6681246416396038,0.8093792712193066,0.799924687452556,0.4838859461096048,0.7128479406206732,0.7483585156811928,0.9924415378336475,0.23868762885464267,0.9492848179930281,0.7478969529193986,0.48929452315324884,0.3911301999112816,0.842930258840568,0.9835434409405949,0.7301312695908229,0.8026922256129296,0.8482429999576494,0.9159552332667188,0.4653339204104463,0.7705489889993138,0.8398896489883634,0.6723785442252604,0.7657324605715616,0.4319410846050723,0.8065011344550457,0.7074789098984533,0.8574764646753767,0.6975258253747728,0.7130473792303846,0.6395456243333164,0.8604028387223073,0.7286278322191935,0.924348743344853,0.7228741598746573,0.8351103541572626,0.5899411513423714,0.8244961955520116,0.8117838598171898,0.8311464231994983,0.8757080024056769,0.6359965055496799,0.7779917032551948,0.870876713268393,0.8604814212774308,0.8117838598171898,0.9730300723290997,0.8451634443215719,0.9130801394464839,0.7937713768194806,0.6809273930306274,0.7873374506213029,0.8311464231994985,0.5623312760085479,0.1675741138610991,0.8612157568128747,0.7882190208851407,0.3116449613588952,0.824496195552012,0.6992468832911021,0.0,0.782639337578672,0.6687351249698741,0.8375670847398857,0.3280560591620487,0.7421367917691316,0.34935244926777154,0.7045068926851458,0.8056825578273625,0.84632531771927,0.6951059221275193,0.45902655265242753,0.46361182034686355,0.1376021708862074,0.8117838598171898,0.6197997002639484,0.751933834393758,0.6531611515576965,0.9433205351143243,0.9243487433448527,0.5715636336915499,0.8117838598171898,0.8117838598171898,0.762928836428173,0.7286278322191932,0.5520463389692909,0.8117838598171898,0.924348743344853,0.7301312695908229,0.9277246538237129,0.4538524397396273,0.45493026397676983,0.7873918784148211,0.6757628281709231,0.8418266758698839,0.14721298843201858,0.26732456918017444,0.8117838598171898,0.4133112341364711,0.7067671615317506,0.34435367684337326,0.40346443024745815,0.7971226139328044,0.8881196189694274,0.7483585156811926,0.4171679979139995,0.8117838598171898,0.24426829364285874,0.9890665617051552,0.9014774358352247,0.4801847873624714,0.818049088015594,0.2692318884991778,0.8509747080787348,0.8117838598171898,0.7765945784978758,0.44981968298892017,0.8117838598171898,0.7983447668609216,0.7825078400235292,0.43534782494981517,0.15638785905845198,0.44056145787627154,0.8117838598171898,0.8334049911273385,0.6286180279375366,0.9648657621037748,0.8540665022444334,0.6198182838414039,0.7955763542853918,0.7482273645876523,0.5288380636515919,0.7483585156811934,0.8196852525153115,0.7015474986353403,0.7506937335574486,0.5751651992389264,0.8625605053078612,0.3697420666444935,0.8774881906667829,0.757893768558104,0.7463308980982659,0.8117838598171898,0.9821979361118385,0.7450838998777172,0.8442052606051107,0.9250760542501826,0.9312305546932762,0.7997298457662128,0.9802111056053437,0.9457714928987653,0.7997298457662128,0.8530567147471274,0.873282791650819,0.9654475697691587,0.46063527987084807,0.7781130428938603,0.8451634443215719,0.6022919851438406,0.8884740070227128,0.8834045746395403,0.9598414011813181,0.7577031473864873,0.9142741439792961,0.7886533660780273,0.7030325796154974,0.8599289566245416,0.913841238259913,0.7511158505688715,0.7935283637969432,0.5674251027121298,0.8550065733210686,0.8191873193470307,0.9933712903682356,0.8427039949809403,0.924285512575289,0.8086645392756115,0.7771645669150562,0.7220920399128281,0.8258040146842538,0.5748502789627259,0.6149304204061412,0.9684966862646781,0.8616724091347883,0.7009984753540783,0.812675333992178,0.8018183635167393,0.7612950419868563,0.1439144269547471,0.8018164814709106,0.6534685464425554,0.7561690095320774,0.7920858700644174,0.9018920311397485,0.9314207822955339,0.9283089774056485,0.5098086706444941,0.7909477198683657,0.6766884257048431,0.8451634443215719,0.8487179487179493,0.8823638098537658,0.9648657621037748,0.9893566496906905,0.8365017894749119,0.8365017894749124,0.9259833020246668,0.8794220672691386,0.7450033467827577,0.23815247229655112,0.537314557579935,0.7213830792377609,0.7213830792377606,0.4843869200033877,0.847894055366476,0.7939124995137423,0.489814142180498,0.8117838598171898,0.8006082374759429,0.8117838598171898,0.8117838598171898,0.4918379103138397,0.7612950419868565,0.7228741598746568,0.8117838598171898,0.4557311484336032,0.5670904266921464,0.7046290326348508,0.968841396110132,0.44307960717254524,0.5272871278712983,0.897175590280365,0.6394614409405053,0.5758860208633323,0.813990897387721,0.976637226842432,0.838025208342827,0.7900270382052477,0.4844618214712645,0.6015534236326767,0.6015290278161844,0.8139908973877208,0.8809668813683988,0.7039435997679728,0.9648657621037748,0.5126853343992539,0.7483585156811934,0.737209177620946,0.8442342956559976,0.9978988538582882,0.7274551038214632,0.5182697395211076,0.6757628281709229,0.6864645605102926,0.8542495609307978,0.7427116333911279,0.9770480843972957,0.7717868275465867,0.8572042107416498,0.8018010151040218,0.6194632447517738,0.5006355557427254,0.8311464231994983,0.6339399636441786,0.793912499513743,0.7842689270267809,0.491494648856326,0.8604814212774308,0.35663545007284947,0.629048914061882,0.8753236120931845,0.20441673282847228,0.5890975025421179,0.6900857041116126,0.2655810227329217,0.6969317396510601,0.6909409521232242,0.8927053403665635,0.8117838598171898,0.757893768558104,0.8410896574139453,0.8117838598171896,0.5377393317616777,0.8200851396195266,0.8538878695010037,0.7537246386638626,0.37160592083724686,0.9598414011813181,0.4498196829889203,0.8245281024001674,0.3840875576791496,0.8264683960267649,0.6592416418221756,0.7997298457662128,0.9798340905916365,0.6441353630455162,0.7548054924865853,0.741688096636641,0.5841382837268831,0.6002057773383354,0.2929672982621445,0.6597423299624998,0.9155004788194039,0.5662634936552897,0.3726966913803188,0.742588371193766,0.924348743344853,0.7599175669402095,0.818049088015594,0.46813431728238974,0.8250837392345685,0.6347261381975289,0.8056825578273625,0.3732411841931218,0.2073559041257076,0.8753236120931847,0.7434755921188767,0.9770480843972955,0.6957147103396415,0.8951601536377107,0.77775296133315,0.7190813447154114,0.7040106842208801,0.8848949240783068,0.9834727975686374,0.7051452274120005,0.8335022262352958,0.7895060614998269,0.860380696433722,0.8117838598171898,0.7185095151855765,0.36869166763506933,0.5708938232097245,0.7116250755949072,0.8117838598171898,0.6878041560633519,0.3459018571341763,0.7556283262357792,0.9277246538237128,0.48896114209806296,0.6454747640540368,0.7234059478173855,0.9322708760139742,0.7836946243454254,0.9504256694309011,0.6199519840124741,0.5915016312566231,0.7677567325503766,0.6180493658832384,0.8144749499283563,0.9924415378336475,0.7734456812755014,0.8375670847398855,0.8158507075675505,0.794084976222859,0.8375670847398858,0.6883431678517735,0.8572536274440052,0.8732827916508189,0.8534683393605782,0.4157342223779704,0.9150261950454616,0.9263050774651864,0.8442342956559981,0.31385043850188965,0.44056145787627177,0.8056825578273625,0.9791798191501645,0.7939124995137423,0.8056825578273625,0.8056825578273625,0.6992468832911017,0.8117838598171898,0.8203114788716956,0.708380185816919,0.8117838598171898,0.696038742651979,0.9043497572493524,0.8451634443215719,0.7483585156811934,0.870876713268393,0.818049088015594,0.8056825578273625,0.3362128938494622,0.5966122195109056,0.7845336717228413,0.5672476733843428,0.8117838598171898,0.5068542979668216,0.946537706628239,0.7416880966366408,0.4693453939438108,0.5832490533527068,0.7779917032551947,0.9656612249441194,0.9796115931400358,0.9598475691646613,0.9730300723290999,0.8732827916508183,0.8351103541572629,0.936718684535814,0.9089739970302708,0.779137531091169,0.7544490565237101,0.9821979361118385,0.8026922256129296,0.8093792712193066,0.8381997381470201,0.6500135497766408,0.8117838598171898,0.9835656862891848,0.46402385484712627,0.8525992707005727,0.409850157815125,0.730905872043099,0.9270124584146906,0.5521228184577549,0.7997298457662128,0.4228013327459029,0.3740139794868149,0.8117838598171898,0.8117838598171898,0.7000819072763615,0.8962728365698496,0.8205464185676723,0.6390499569245842,0.6505311161498866,0.394365644757806,0.38357491052377446,0.4683506008239702,0.6655788689288693,0.5068324508226745,0.8117838598171898,0.6478884147221424,0.757893768558104,0.8603806964337217,0.24363838041466046,0.7779917032551948,0.5406699855707726,0.8117838598171898,0.8117838598171898,0.34656673303556684,0.8160221828268204,0.4010779155387907,0.7452300517240018,0.29457778564233805,0.5644489212632366,0.7315444616544928,0.9603772619755435,0.553889947968917,0.44654727068582045,0.8117838598171898,0.6802447373309213,0.49991491518733877,0.8572042107416491,0.8451634443215719,0.7626785493480273,0.9765071750327112,0.990852326163384,0.6957147103396413,0.8770939427870041,0.5520463389692902,0.8117838598171898,0.5229922728370375,0.9052273313028347,0.7591734966865731,0.6538892644325798,0.6337492884537523,0.8330219561091066,0.7163135991045371,0.4117379714644006,0.9977172670293413,0.9790255672982108,0.6414651193746967,0.7939124995137425,0.8245281024001673,0.8326445656986479,0.7461308961782382,0.5443183185762781,0.8311464231994983,0.8335022262352967,0.8017959273687936,0.7577382749151547,0.7734456812755013,0.7871555001524746,0.93589375114032,0.9971279467424933,0.9885931941530819,0.8603806964337217,0.6011746114928691,0.8206635321074089,0.6635254737315102,0.869044468641188,0.8604028387223072,0.6969317396510601,0.9625724560522374,0.4677295220526324,0.7736590785709943,0.8613218946432297,0.7791276136729788,0.6229844504118858,0.818049088015594,0.5804265583049515,0.7138406305822684,0.7499687294925659,0.671067065981316,0.8117838598171898,0.5667811930386708,0.9549353818771855,0.47955231551190325,0.8884740070227126,0.9530292168965762,0.7561690095320783,0.6271053536788047,0.8117838598171898,0.4498196829889207,0.20441673282847206,0.7561690095320777,0.454429318532096,0.4975774546976506,0.4693465830690705,0.7895060614998269,0.5557414561176073,0.8479498222957296,0.8874117992652194,0.4818364218871394,0.7274551038214633,0.5857975677157636,0.7998105573865865,0.8668868822373762,0.7587615740028218,0.9998515520739699,0.9801183054076215,0.5585103142351422,0.6563361953308744,0.16829209487648022,0.8117838598171898,0.8056825578273625,0.5716159533246228,0.35894313801520583,0.7872817316889993,0.33207190361389705,0.2676596237666815,0.8117838598171898,0.38856352466644695,0.2876848776785026,0.668124641639604,0.8117838598171898,0.5888927592209936,0.9282903375864759,0.7779917032551948,0.7612950419868563,0.8056825578273625,0.5400666457441747,0.7681977746879556,0.9255096984836052,0.8860743074621011,0.8647326668515037,0.7506937335574488,0.19365746705238085,0.8117838598171898,0.9212335149588722,0.8117838598171898,0.8451634443215719,0.6027296748093207,0.6016598051731934,0.8603806964337217,0.747572462928217,0.5561538094896622,0.6991660098612207,0.6681246416396045,0.8117838598171898,0.5194382317062288,0.5259923645416933,0.6465831446790428,0.8269886719065143,0.8666466252200816,0.9159552332667188,0.9294703283112097,0.7376648739799812,0.7092145629397737,0.7614284156474829,0.2923305987331697,0.7092145629397737,0.6880938733460747,0.8211183544415505,0.3911301999112816,0.7092145629397737,0.8603806964337217,0.8345984121371346,0.8770939427870041,0.5583168471302125,0.8883010896853649,0.7376648739799812,0.8101621276136339,0.7721928104322535,0.5684036045974257,0.8542495609307981,0.7000819072763615,0.8063667302240629,0.8056825578273621,0.8200851396195274,0.6145927601809973,0.6880938733460749,0.5106561943872094,0.588021708291075,0.6910949992564854,0.5832490533527068,0.7592543318170397,0.847571515401299,0.7483585156811932,0.8028055252477344,0.8031852661685239,0.9633866379154015,0.7836946243454253,0.8473162226108699,0.8211183544415496,0.7677567325503769,0.8637355738185286,0.7683517503618815,0.7246435563774727,0.751933834393758,0.8269886719065143,0.7629271893893141,0.7835967342056418,0.7983447668609231,0.7587615740028214,0.7306889720620104,0.5425680655297416,0.756490058747794,0.7309833346757788,0.8525041511624183,0.9977172670293414,0.9155004788194042,0.8889986939274062,0.7461308961782385,0.8101028101169586,0.8991796506995062,0.9768742761718896,0.8388705072233764,0.9546423142462037,0.7051452274120009,0.7641574038045502,0.8048420844615627,0.9885516075855594,0.9724555887777513,0.7788688934502499,0.7981593559702387,0.7015474986353398,0.7315444616544935,0.9314207822955339,0.901875920894035,0.5627948359294346,0.9372185817589047,0.8482429999576493,0.7940849762228592,0.5066175703614038,0.9471101895676199,0.5168008395410217,0.916027328859182,0.5872536063478224,0.7645127736289719,0.8006082374759429,0.6664017075600177,0.867492235256575,0.945771492898765,0.8525992707005727,0.8337317084373121,0.8451634443215719,0.9570738460532733,0.8006082374759429
p126_I,0.8377537252975868,0.9322580645161285,0.875046477041949,0.9508061295476462,0.9413411539914582,0.9564866901437918,0.82683663462165,0.8641505502234014,0.561800260262701,0.9540615556502021,0.9305518148343677,0.995589441680881,0.995589441680881,0.9105012505384156,0.8967590384461326,0.9290085666695171,0.957663869937762,0.9208799593226003,0.9517441295565183,0.9735307058746405,0.9321494820664495,0.9288758056186719,0.9725096342470558,0.9432937551644589,0.9272278453848011,0.41104010536568103,0.9357714224531068,0.9415276164159578,0.9540615556502023,0.7653003285067188,0.46608066578081475,0.9888197307367493,0.9339970109398135,0.5105510539197435,0.9413411539914585,0.9517441295565183,0.9432937551644589,0.9339970109398128,0.9564866901437918,0.9193462939797006,0.883813517405303,0.9870038583237335,0.9673074603196742,0.936294773693158,0.9357714224531068,0.8238297618188459,0.945303040275778,0.5111450237454747,0.9193462939797008,0.99788865014971,0.9473756291574582,0.8262954697194751,0.41104010536568103,0.9322580645161282,0.9619697063034165,0.9178313446502833,0.9178313446502833,0.9413411539914587,0.8008506481016211,0.9375844381576606,0.5152075155903592,0.7300901980250423,0.9654186216767153,0.883813517405303,0.949519449544256,0.7170065693483039,0.9473756291574582,0.9155857839080443,0.8195547533821177,0.9517441295565183,0.9090779869018046,0.9193462939797006,0.9430869529798079,0.7128355349199056,0.9413411539914587,0.8688814196559593,0.9288758056186719,0.9803079821283596,0.719064595595313,0.9564866901437918,0.9305518148343677,0.9700765701011145,0.9148532265533553,0.9208799593226003,0.9413411539914587,0.904880473824603,0.9776172307537023,0.7748523811162205,0.9418766792143727,0.9394396415413284,0.9413411539914587,0.8750464770419488,0.8050001170467125,0.677438483545211,0.9987329349189487,0.9186255087204844,0.872572501762785,0.8701093676023473,0.6743060959585148,0.7017438536728531,0.9178313446502833,0.945303040275778,0.9413411539914585,0.8360850542738052,0.8506393987843801,0.9517441295565183,0.8928095235358378,0.7105833664174673,0.9750206691499417,0.6828528021786944,0.8566963326642263,0.9224335544163886,0.6959944822232512,0.8954352541336303,0.945303040275778,0.7292961317287494,0.9322580645161285,0.9517441295565183,0.9564866901437918,0.6142103151753266,0.936294773693158,0.8676556569243745,0.9272278453848009,0.9133880855304553,0.9208799593226007,0.7601586395630477,0.9432937551644589,0.8674925563323059,0.9394396415413291,0.939758684368555,0.5968799867671186,0.9453030402757783,0.9473756291574582,0.9673074603196743,0.9357714224531068,0.8213551610187864,0.9198336817342285,0.9473756291574582,0.947375629157458,0.9375844381576606,0.7743984544652445,0.9540615556502021,0.6658762060591602,0.8518501194844417,0.8701093676023464,0.596977876008234,0.9958472942261385,0.6285571193920867,0.9193462939797008,0.7572258022380449,0.9540615556502021,0.9613051670773509,0.8336470580240634,0.7466894884520463,0.9473756291574582,0.5107803119228504,0.8787810956558397,0.9007787887826317,0.9718569852286911,0.8676556569243747,0.8524311286184667,0.945303040275778,0.9240084059312024,0.9966012441338492,0.8812890045220123,0.9035033355391051,0.7161153817625661,0.883813517405303,0.9148532265533551,0.9541751109351875,0.9911110085568771,0.9394396415413286,0.564114847335313,0.8967417474757922,0.7072714676608232,0.9479426716226425,0.9517441295565183,0.8506393987843801,0.9863342705377389,0.8997273685499729,0.9923898834194965,0.7230739567182687,0.9610024953181502,0.9394396415413291,0.8042294255476787,0.831203328788449,0.6691807782304134,0.9877473389675209,0.9322580645161282,0.9119376979332718,0.9375844381576606,0.9575801908751342,0.8456143472035895,0.7706632114524496,0.8915068580997114,0.9413411539914587,0.9432937551644589,0.992239334903201,0.952168418575428,0.8100886832131158,0.5849278135226013,0.995589441680881,0.9413411539914587,0.8482181063450618,0.7209673181567122,0.9540615556502023,0.9413411539914587,0.7776305711004288,0.5335276238651809,0.5758915002517858,0.6719683307685376,0.890210541603184,0.9394396415413291,0.9413411539914587,0.8882728752800507,0.9413411539914588,0.7387257863822076,0.813870266997095,0.8100886832131159,0.9413411539914587,0.8397330855386307,0.9413411539914587,0.8011454316004782,0.579213576023128,0.9035033355391051,0.8566963326642261,0.9453030402757778,0.7436295523044585,0.9375844381576606,0.9336830351939281,0.9288758056186721,0.8915068580997116,0.8170383105689284,0.9062682363877987,0.9473756291574582,0.8838135174053029,0.9053798774659323,0.9216948386036188,0.9874049319751844,0.6840172500841151,0.4206604042009814,0.9357714224531066,0.8676556569243747,0.9375844381576608,0.9413411539914587,0.8876356948162307,0.9413411539914587,0.7799153825380117,0.9021362778138222,0.8612104505251645,0.9163339973465923,0.7436295523044587,0.9432937551644589,0.975250945047822,0.9272278453848011,0.8762879977600884,0.9305518148343677,0.6883559109688908,0.945303040275778,0.8518501194844417,0.7157194532611528,0.9791053974265347,0.9394396415413284,0.9495194495442563,0.9053767737806993,0.9564866901437918,0.7776305711004288,0.8853297485350562,0.9224335544163886,0.6900030262807052,0.8554840303456193,0.9888197307367492,0.9856848225385284,0.9155020913662233,0.7357654281420154,0.9517441295565183,0.6571171506761565,0.5406800392284402,0.9240084059312024,0.9201534922716772,0.9517441295565183,0.9637119587337404,0.7349188766375516,0.9495194495442563,0.8825490680853301,0.9105012505384156,0.945303040275778,0.9062682363877987,0.6959944822232511,0.9375844381576606,0.9453030402757783,0.945303040275778,0.7673631244868347,0.9517441295565183,0.7088082646637949,0.677438483545211,0.8676556569243741,0.8996098405090971,0.9517441295565183,0.9413411539914582,0.9193462939797006,0.9375844381576608,0.9473756291574582,0.7534013799337801,0.9817231968194007,0.9453030402757783,0.9193462939797008,0.9443995409534841,0.7866846903996969,0.8954352541336303,0.9504996123077558,0.8138702669970947,0.8099001748416388,0.7213847638194936,0.8530610496352256,0.9540615556502021,0.9394299057972586,0.9540615556502021,0.9062682363877987,0.9773810909232876,0.8954352541336303,0.945303040275778,0.9413411539914587,0.8612104505251645,0.8876356948162307,0.9208799593226005,0.9517441295565183,0.8515631433027535,0.9394396415413291,0.9413411539914587,0.9272278453848011,0.9517441295565183,0.9564866901437918,0.8967590384461326,0.8214753057378965,0.9240084059312024,0.9473756291574582,0.7257783125828111,0.8024341677705475,0.9272278453848009,0.9099530649250314,0.8689991137827868,0.9315357783043752,0.5883084818787376,0.782639337578672,0.0,0.8967590384461326,0.9564866901437918,0.7497563078190205,0.9062682363877987,0.7357654281420147,0.9357714224531068,0.9394396415413284,0.9488864344355381,0.8676556569243747,0.7210819482876003,0.6941052561134268,0.7906839898526712,0.9413411539914587,0.6801229262754849,0.9817658539566092,0.9076672018071592,0.904880473824603,0.9011229673994822,0.727057009265453,0.9413411539914587,0.9413411539914587,0.9929808761591531,0.9919101586510035,0.8373021566360084,0.9413411539914588,0.9540615556502021,0.9413411539914585,0.9105012505384157,0.8812890045220123,0.7209673181567122,0.9413411539914582,0.9119376979332718,0.9288758056186719,0.8062775279335066,0.7785449510404476,0.9413411539914587,0.8627712312932618,0.9035033355391051,0.7373574344655294,0.7589569100803866,0.9119376979332716,0.8780226157617046,0.9453030402757783,0.7123453755976963,0.9413411539914587,0.7659362744796994,0.9208799593226005,0.666356957156789,0.8295003795238709,0.9375331207684675,0.8050001170467127,0.9339970109398132,0.9413411539914587,0.9895595299788169,0.7247691406252721,0.9413411539914587,0.9119376979332718,0.7389918529358493,0.8176248919537719,0.7866846903996969,0.7034019047473057,0.9413411539914587,0.833337204763476,0.7293464039280373,0.9841747480714135,0.8827366217058843,0.837244924898587,0.9632064435946428,0.5732572166294709,0.8800330897565913,0.9453030402757783,0.9852187602692419,0.6067374491458,0.9256059689675475,0.6286363275834121,0.8833475768089833,0.8506393987843803,0.9256059689675475,0.9473756291574582,0.9208799593226005,0.9413411539914587,0.9517441295565183,0.8863565689237551,0.7116098189855937,0.9803079821283596,0.9163339973465923,0.9375844381576606,0.7923073440510906,0.9432937551644589,0.9375844381576606,0.9803079821283596,0.9413411539914585,0.9322580645161287,0.8603380509136676,0.8889202553233959,0.9099641551465778,0.6980471027616436,0.9735307058746405,0.9322580645161289,0.9256059689675478,0.7301980534754461,0.9288758056186719,0.9540615556502021,0.8187067322906301,0.9795518972928103,0.9385789134461193,0.9224335544163886,0.9288758056186721,0.8876356948162307,0.9453030402757778,0.9062682363877987,0.883813517405303,0.9947472754044585,0.9240084059312024,0.6167354989733369,0.9305518148343679,0.46608066578081475,0.8151246754418042,0.7916533740185658,0.8902105416031842,0.9357714224531068,0.7349188766375514,0.8738080422252301,0.9911110085568766,0.9240084059312024,0.9725096342470556,0.7893558267078438,0.9699358505776486,0.8287530636873133,0.9240084059312024,0.902136277813822,0.761613848998631,0.945303040275778,0.901047130968627,0.8456143472035893,0.904880473824603,0.982999553629001,0.9791100127950297,0.782639337578672,0.6166940317246865,0.9495194495442563,0.9415276164159576,0.9357714224531068,0.9357714224531068,0.9473756291574582,0.9517441295565183,0.9133880855304553,0.7985559379258668,0.8994303857428689,0.9394396415413286,0.9394396415413291,0.6935390345582692,0.8928095235358382,0.9357714224531068,0.8518501194844417,0.9413411539914587,0.9495194495442565,0.9413411539914587,0.9413411539914587,0.6763652458491294,0.9256059689675478,0.9062682363877987,0.9413411539914587,0.6922004987669312,0.6384920723829903,0.9397586843685551,0.8299790629918335,0.8627712312932618,0.7757866041934978,0.8889202553233959,0.887635694816231,0.6335804378125847,0.933997010939813,0.8688814196559579,0.9495194495442565,0.4800364851193444,0.8349282890093557,0.6747205866720498,0.9133880855304555,0.933997010939813,0.9375844381576608,0.7760798722250837,0.9495194495442563,0.8800330897565913,0.9453030402757783,0.8850825988655406,0.9288758056186719,0.9677148480463276,0.9256059689675475,0.6930728900209882,0.9119376979332718,0.5501066700791787,0.8867793699144203,0.9076672018071592,0.9931163690142983,0.9776172307537023,0.9432937551644589,0.9007787887826322,0.6171722255373421,0.8151246754418042,0.9473756291574582,0.8348667221507038,0.9357714224531071,0.7837503416414162,0.8725725017627854,0.9394396415413291,0.7373574344655297,0.9148532265533553,0.9564866901437918,0.7757866041934975,0.6714160318887699,0.9557539823910066,0.7730041619301575,0.9288758056186719,0.9632064435946426,0.9545720645373488,0.9413411539914587,0.9473756291574582,0.602181013061807,0.9413411539914582,0.8397330855386307,0.9288758056186717,0.9375844381576608,0.9148532265533551,0.8050001170467125,0.9256059689675478,0.6997275203797987,0.9540615556502026,0.761613848998631,0.9803079821283596,0.9305826894803042,0.9375844381576606,0.9339970109398128,0.797566144039018,0.902136277813822,0.9240084059312024,0.7963045563588808,0.6900543811724883,0.7812801400877056,0.9901191869761832,0.9062682363877987,0.7300901980250423,0.8397330855386307,0.9547568354430371,0.9540615556502023,0.9272278453848009,0.9375331207684676,0.813870266997095,0.9898131261783945,0.6122531701848194,0.9394396415413284,0.7645025327695418,0.8163761849746596,0.9564866901437918,0.9198336817342287,0.9315357783043756,0.904880473824603,0.9035033355391053,0.9677148480463273,0.9877473389675209,0.9133880855304553,0.9750206691499417,0.9486651539080442,0.9305518148343677,0.9482607581795666,0.9473756291574582,0.9564866901437918,0.9413411539914587,0.9062682363877987,0.8445847921458001,0.695994482223251,0.9076672018071592,0.9413411539914588,0.7098806425898054,0.7972549794048318,0.9688965239450098,0.9105012505384154,0.8889202553233959,0.8750464770419488,0.6565650391625002,0.8520509637023566,0.9588738543024726,0.9613051670773509,0.714900265695638,0.9053798774659323,0.9495194495442565,0.8876356948162307,0.9178313446502833,0.945303040275778,0.902136277813822,0.9564866901437916,0.9985862887416471,0.937584438157661,0.9564866901437918,0.9322580645161282,0.9178313446502833,0.9413411539914582,0.8176248919537719,0.8664319147745585,0.9517441295565183,0.9430869529798079,0.9776172307537023,0.7467104468736223,0.7034019047473058,0.9394396415413284,0.9473756291574582,0.9357714224531066,0.9394396415413284,0.9394396415413284,0.9840256643467928,0.9413411539914587,0.9357714224531068,0.8928095235358382,0.9413411539914587,0.9240084059312024,0.8738080422252301,0.9517441295565181,0.9453030402757783,0.9841747480714136,0.9375331207684675,0.9394396415413284,0.7645025327695418,0.64169554670287,0.9725096342470558,0.6573945269440624,0.9413411539914587,0.8928095235358375,0.945303040275778,0.9240084059312024,0.7158310782765136,0.8941188719993172,0.9517441295565183,0.9432937551644589,0.9771865070849174,0.9021362778138222,0.9272278453848011,0.9413411539914585,0.9021362778138224,0.9090779869018046,0.9133880855304555,0.714632730778709,0.9305518148343679,0.9517441295565183,0.9193462939797008,0.945303040275778,0.8928095235358375,0.6285571193920867,0.9413411539914587,0.9413411539914582,0.8639898558738681,0.9540615556502023,0.8126128632076957,0.9357714224531068,0.9305518148343677,0.7170065693483039,0.9375844381576606,0.7689850317216911,0.7276525529942158,0.9413411539914587,0.9413411539914587,0.9380148669152268,0.8308284328760596,0.8876356948162307,0.7757866041934977,0.7004930192821732,0.7866846903996969,0.8151246754418042,0.7070198231901436,0.9224335544163884,0.7368296736529041,0.9413411539914587,0.952168418575428,0.9473756291574582,0.9564866901437918,0.8050001170467125,0.9517441295565183,0.6784335663663483,0.9413411539914587,0.9413411539914587,0.740512328741476,0.9413411539914582,0.7309290176396049,0.9288758056186719,0.8348667221507038,0.883813517405303,0.9163339973465925,0.883813517405303,0.6716379510178466,0.8275252320423414,0.9413411539914588,0.9021362778138218,0.7290952071582513,0.9432937551644589,0.9099641551465771,0.9922652152320144,0.8789925306301873,0.8967590384461326,0.904880473824603,0.9971196828020042,0.8648766503141863,0.9413411539914587,0.6615395619347405,0.904880473824603,0.5168453022490631,0.8530610496352256,0.8445847921458003,0.9831029185867892,0.9594301810876529,0.831203328788449,0.949519449544256,0.6391308038612231,0.6298023208951016,0.9357714224531068,0.9540615556502023,0.9911110085568766,0.9900427159691704,0.6863899643182843,0.9473756291574582,0.9394396415413284,0.6152868151486757,0.9178313446502833,0.9021362778138218,0.9488864344355381,0.9564866901437918,0.902136277813822,0.9564866901437918,0.9564866901437918,0.8876356948162307,0.9470007361724491,0.5983373891850424,0.9413411539914582,0.9540615556502021,0.9288758056186719,0.924899918976237,0.8062775279335066,0.9339970109398137,0.9482607581795672,0.9178313446502833,0.6077161827913187,0.9432937551644589,0.7325514035311524,0.9817658539566092,0.7701157176694009,0.7801585817549581,0.9413411539914587,0.8750464770419488,0.9413411539914582,0.7706632114524496,0.9540615556502021,0.9417225646937945,0.47710545985994335,0.8336470580240631,0.9413411539914587,0.6997275203797986,0.7757866041934975,0.9240084059312028,0.6978684737359202,0.7128355349199056,0.6863899643182807,0.9473756291574582,0.6701306051970921,0.9276111209519073,0.7981246493684104,0.7716036057947141,0.925605968967548,0.8188708927094166,0.9564866901437918,0.9725096342470558,0.9413411539914582,0.8825490680853301,0.919346293979701,0.6622441749760203,0.9216948386036188,0.7812801400877061,0.8853010064654412,0.9394396415413284,0.7076739749141074,0.8397330855386307,0.8800330897565911,0.7373574344655298,0.763061768515252,0.9413411539914587,0.7226556740618739,0.842160345799025,0.9105012505384158,0.9413411539914587,0.7123368502048153,0.933997010939813,0.9517441295565183,0.9256059689675478,0.9394396415413284,0.822593621526627,0.9654186216767149,0.8812890045220125,0.9178313446502833,0.9296271327573982,0.9725096342470556,0.7839930876682055,0.9413411539914587,0.9560464317857672,0.9413411539914587,0.9517441295565183,0.8334774900174386,0.6148740786253319,0.9564866901437918,0.9567930807361518,0.8466028185744259,0.521422522778837,0.9105012505384156,0.9413411539914587,0.9356603734823548,0.7231276267699911,0.8813575264261089,0.9133880855304553,0.9021362778138229,0.9473756291574582,0.9133880855304564,0.9935864990091456,0.9035033355391058,0.5483208161779329,0.7630617685152521,0.9035033355391058,0.9105012505384156,0.9473756291574582,0.8676556569243741,0.9035033355391058,0.9564866901437918,0.9208799593226007,0.9375331207684675,0.8676556569243745,0.9394396415413291,0.9119376979332716,0.9240084059312024,0.6166940317246865,0.9021362778138224,0.9725096342470558,0.4662078829632509,0.9193462939797008,0.9482607581795666,0.9736413441112675,0.7639170956474245,0.9105012505384156,0.8863565689237551,0.6998521833240021,0.9345971140255247,0.8941188719993178,0.9193462939797008,0.9375331207684674,0.945303040275778,0.6066895808574181,0.9418766792143729,0.9985862887416473,0.9163339973465925,0.578230843455362,0.9473756291574582,0.9495194495442565,0.8833475768089833,0.4560489607046957,0.8740583849734918,0.9433231638906061,0.9133880855304555,0.857048293463071,0.9272278453848009,0.4348718934597354,0.9413411539914585,0.6930732963616237,0.8887296967329332,0.8994303857428692,0.5111450237454745,0.8531377664154851,0.949519449544256,0.9840256643467928,0.886030602230176,0.41104010536568103,0.957663869937762,0.956793080736152,0.883813517405303,0.8806788146347355,0.8302616706515056,0.9305518148343677,0.8466128025641386,0.995589441680881,0.9562620311363272,0.8201272394352044,0.945303040275778,0.9432937551644589,0.6067374491458,0.40302829135932283,0.9315357783043752,0.9156071109966868,0.7105850749348638,0.8241619227747676,0.9375844381576608,0.9375844381576608,0.72794422809064,0.9700765701011145,0.887635694816231,0.9453030402757783,0.6112079698004331,0.9240084059312026,0.9495194495442565,0.5802869931813761,0.9677148480463276,0.9971196828020042,0.9540615556502021,0.6108446102419096,0.9517441295565183,0.8160625976763942,0.9495194495442565
p126_V,0.9576307290466073,0.9329206874136777,0.809566677308712,0.9209318411003917,0.9517002303366318,0.9336842693103169,0.9527467773200884,0.9600145028424167,0.5588890823866779,0.9299882837258,0.8941586572120017,0.9724921727166423,0.9724921727166423,0.8636009307043995,0.9258741258741261,0.9946609570466938,0.9779039859151868,0.8794184279003852,0.926456449323181,0.9299882837258,0.8241043043187439,0.9262700211315924,0.9866968667809444,0.9559566851226751,0.8890928172755166,0.7404625210046383,0.902113512733081,0.741412247966679,0.9299882837257998,0.8337170926935893,0.7789342765450752,0.9651775593373262,0.9364042928805092,0.7833854450118068,0.910601968746465,0.9756340559373771,0.9135777978424582,0.8994092506018594,0.9336842693103169,0.9082582092654381,0.8229279382562935,0.9893948076321002,0.9336842693103169,0.7337750419048892,0.902113512733081,0.7315107007633912,0.9166400151447351,0.7695818961734073,0.8770810709357255,0.8741365422785895,0.9197987094973854,0.7734498371945411,0.7404625210046383,0.9947560146512322,0.915615538004893,0.9054762298636498,0.8747722377977696,0.9106019687464657,0.7474210157130602,0.9048766089350637,0.5448266532717074,0.6726233415237133,0.9621986341433748,0.846609090756159,0.9230659630317122,0.7271548301890856,0.9651775593373262,0.8844454914052775,0.9995738133378879,0.926456449323181,0.8614318296100953,0.8770810709357255,0.8839067233027009,0.6665874999800948,0.9106019687464657,0.8001709249137137,0.8916043634534063,0.8941586572120017,0.6029665476692054,0.9336842693103169,0.9295460152552617,0.9497150705470578,0.8702334868194925,0.8794184279003854,0.9106019687464657,0.8550346801467696,0.9697330058338494,0.8095245912163367,0.9964053732690825,0.9077040005624184,0.9106019687464657,0.8321593044810476,0.7579221928676798,0.6550354991584713,0.9597183115335508,0.9365755610361588,0.8057962567434167,0.8020423584034369,0.756675763771601,0.6692168126386431,0.9054762298636496,0.9166400151447349,0.9106019687464653,0.8283798660100805,0.8948828161822087,0.9264564493231806,0.8366381506443354,0.612106194223258,0.9409521943827982,0.642167490778613,0.8233264224331773,0.9784004338929009,0.7329540306560143,0.8661220780264804,0.9166400151447351,0.6932971592819137,0.9690823363812229,0.9756340559373771,0.9336842693103167,0.6047303658656126,0.9697417631680058,0.7983028217639929,0.8890928172755164,0.9856889499492387,0.9427716030828814,0.7582931242352466,0.9135777978424582,0.9283646450840666,0.8127537370887234,0.9886017307440315,0.5650590567973354,0.9166400151447349,0.9197987094973852,0.957918165957411,0.902113512733081,0.7655247704061292,0.9801212672979123,0.9197987094973856,0.965177559337326,0.9048766089350635,0.7274157003112875,0.9299882837258,0.6726077688598655,0.8562283181313737,0.8682281961493585,0.6944055944055962,0.8929882711867303,0.6777416207066527,0.9670332374157118,0.6653485425550556,0.9299882837257998,0.9171389541787873,0.8047486794846914,0.88865167312236,0.9197987094973856,0.7487932691077251,0.8382901804734109,0.8487835757946516,0.9398938840932887,0.8201203923509597,0.8745088783542996,0.9604370865528187,0.9169506775373653,0.9213588684287803,0.9124674060068623,0.8529358756208603,0.7901638812703966,0.8702902432560244,0.9298900366288645,0.8944062378898098,0.9930717933056203,0.9077040005624184,0.7874838494775491,0.8158361644622162,0.9290078536910245,0.9537518331631627,0.9264564493231808,0.9969772640803569,0.8872563660473851,0.8001709249137134,0.8966146862200703,0.6191639788096797,0.9361802219295299,0.7728191281817444,0.7576717300606566,0.8006736532968208,0.6829220580206888,0.9087905087769226,0.8967590384461326,0.9238600182215473,0.9785091597964403,0.6809691105890281,0.7957856926374844,0.7161228782331253,0.8594736652769661,0.9106019687464657,0.9559566851226751,0.9826194297807276,0.8964307741010904,0.7475936571529054,0.5578397618658928,0.8926229549026828,0.9106019687464657,0.8091910605139043,0.6631061428721117,0.9814857905852672,0.9106019687464657,0.8138824252845942,0.640752421464365,0.585561788884063,0.6670910034745814,0.8572922564839238,0.9077040005624184,0.9106019687464657,0.979576958359084,0.9106019687464656,0.8475207266405453,0.809480983548394,0.784618474118289,0.9106019687464657,0.7952338272885933,0.9106019687464657,0.7517549738416331,0.8379238689031542,0.8529358756208603,0.7816004472818265,0.9166400151447349,0.6445459979267663,0.9048766089350635,0.8866210237012304,0.9262700211315928,0.8842944853374377,0.7818065059147717,0.940103109939632,0.9197987094973854,0.9413337007556205,0.8105962956092267,0.8529764551059036,0.8657739513546006,0.8815711740425951,0.8012982565165181,0.9779039859151868,0.7983028217639929,0.6675378764137867,0.9106019687464657,0.8805662392896145,0.9106019687464657,0.8612424467800838,0.8776100733791741,0.9197987094973854,0.8552147136055339,0.6269144566880072,0.9559566851226751,0.9393534129377492,0.8890928172755164,0.8341936371275782,0.8941586572120017,0.5532482861612487,0.9604370865528187,0.7947180725064078,0.918234114577084,0.8595363407829376,0.9077040005624184,0.7468300301988011,0.9551534283760554,0.9336842693103169,0.7401261640085701,0.9613949478366429,0.9784004338929011,0.8396716192826053,0.8212923476618121,0.9197987094973856,0.9429393962110216,0.8603110956274864,0.7207185174779007,0.9264564493231806,0.6055603016108559,0.8069390308954998,0.9169506775373653,0.9087905087769224,0.9264564493231806,0.9885746118588534,0.7165813777290053,0.9230659630317122,0.891535054296503,0.8636009307043995,0.9166400151447349,0.8571496764250637,0.5902132702961281,0.9048766089350637,0.9166400151447349,0.9604370865528187,0.6809351002301521,0.926456449323181,0.8400655701472821,0.6356692763330742,0.7983028217639934,0.8954636083005569,0.9260107308342307,0.9106019687464653,0.8770810709357257,0.9048766089350639,0.9651775593373264,0.6013152469114813,0.9620692331331582,0.9166400151447349,0.8770810709357255,0.9577599153866582,0.7108596002574965,0.8661220780264802,0.9648601158627239,0.9212596443084795,0.8879373604955367,0.9697425589452073,0.8172402043579198,0.9814857905852672,0.5833050880271484,0.9155191956957985,0.8848008209299199,0.9846406300806096,0.8406398513598701,0.601592199366344,0.9106019687464657,0.6264127921032048,0.8287530636873146,0.8794184279003854,0.9264564493231806,0.9826186064627201,0.9077040005624184,0.9106019687464657,0.8890928172755164,0.8768331242200347,0.957918165957411,0.8426573426573427,0.8160998527883475,0.8841862845276727,0.8986858911428512,0.8876386865606185,0.6989031042017531,0.8890928172755164,0.47167503066110306,0.7201512018811544,0.9957658420390977,0.7557343005069507,0.6687351249698741,0.8967590384461326,0.0,0.987883051676453,0.6362634367291939,0.8848008209299196,0.6325608112841039,0.902113512733081,0.9476386094693983,0.9746813713361657,0.7983028217639929,0.6437410554310854,0.5695261801882483,0.6809954424556659,0.9106019687464657,0.6393808968922858,0.980919094651797,0.8592817462285576,0.909716755213914,0.8640216888363313,0.781049907321789,0.9106019687464657,0.9106019687464657,0.9670332374157119,0.9495451726341956,0.8108773013089536,0.9106019687464656,0.981485790585267,0.9106019687464653,0.8922663859023955,0.8190804967023386,0.6631061428721117,0.9106019687464653,0.8657901242845245,0.9609356788097783,0.7047605128510273,0.6803551129901206,0.9106019687464657,0.7908587947341705,0.8799793340483577,0.634984506673167,0.612489777474557,0.8948250712530359,0.7705244359111996,0.9166400151447349,0.6147582020841674,0.9106019687464657,0.6964658661506768,0.9427716030828814,0.6792260994005856,0.7558695642026425,0.9169066530366744,0.7028136961958789,0.8994092506018592,0.9106019687464657,0.997338055460662,0.7204746472793417,0.9106019687464657,0.9890351408729187,0.7767588791811788,0.7783234078080585,0.6749003771446769,0.6013152469114812,0.9106019687464657,0.8240914552132237,0.6707664838921308,0.9826186064627201,0.8158018642828313,0.7468188233703157,0.7878564872950742,0.7320479186727255,0.8171664408507364,0.9166400151447351,0.9438851950846348,0.6074999062484281,0.9866968667809444,0.6430517475418123,0.8399424975222445,0.7723694787044308,0.9533382524210396,0.9197987094973852,0.8794184279003856,0.9106019687464657,0.9751883374484267,0.8989143218292008,0.7910991586979492,0.9642919106149581,0.963255249286253,0.9437480193578955,0.8051201116137803,0.9169066530366745,0.9048766089350637,0.9649333732985219,0.9106019687464653,0.8967590384461326,0.7871505469519215,0.8307107766015769,0.9756340559373771,0.5695772811001556,0.981485790585267,0.7416244718784168,0.9199796380611351,0.8883027878923622,0.9262700211315922,0.9299882837257998,0.8429030309230754,0.7954991648216743,0.8773445588257189,0.8817861584679048,0.9956013364879646,0.9014232379430822,0.9166400151447349,0.8848008209299199,0.8939713957558897,0.9231307706776086,0.9847561434335569,0.9165793842451867,0.8935171945284384,0.6906679864804438,0.7369147871623549,0.8713683910135266,0.8572922564839236,0.8705150677206019,0.8422860002025686,0.8750423984642537,0.9495972962983876,0.9824794635567504,0.9199796380611351,0.6789712776721681,0.8581298364851783,0.777407920377049,0.9192273574141717,0.8776100733791741,0.8313650107251243,0.9166400151447349,0.9166665444968227,0.7957856926374842,0.980919094651797,0.9650148532554859,0.8276555176058382,0.9550194262826742,0.8967291694509255,0.9230659630317122,0.9611097093308496,0.9400087493241338,0.902113512733081,0.9651775593373264,0.9264564493231808,0.8680005631963956,0.7112039266467005,0.8467285647384584,0.9077040005624184,0.9077040005624184,0.8026624725119224,0.9868402954685715,0.9021135127330806,0.8152214877147298,0.9106019687464657,0.9230659630317124,0.9106019687464657,0.9106019687464657,0.5609188551543609,0.8866210237012304,0.8571496764250635,0.9106019687464657,0.6918059172157094,0.6163567659746618,0.9886017307440313,0.7986386100683978,0.7908587947341705,0.7652469525571917,0.8795427878825164,0.9983168036174388,0.6096027534199524,0.936404292880509,0.8268810798920789,0.9354608912099364,0.7621907943832177,0.8088762236716969,0.7873186698083924,0.8680005631963956,0.8786204957262433,0.9437480193578958,0.9738750654235965,0.9230659630317124,0.8635403167728868,0.9166400151447351,0.9441432497761624,0.9609356788097783,0.9784004338929011,0.9866968667809444,0.7144668979753143,0.8657901242845243,0.7185723936950111,0.9533382524210396,0.8889466754019963,0.951968770631014,0.9956013364879643,0.913577797842458,0.8863876601208494,0.7645206036955479,0.7369147871623551,0.9197987094973854,0.8262750753763912,0.9779039859151868,0.7711910357785566,0.8057962567434167,0.947638609469398,0.7055055212893537,0.8702334868194925,0.987883051676453,0.6582913314924024,0.6642794347533381,0.9290130221267929,0.6896402876485574,0.8916043634534065,0.8128901780991136,0.9066411115779024,0.9106019687464657,0.9197987094973852,0.8495860816766682,0.8428084617125343,0.775490861029497,0.9262700211315922,0.667537876413786,0.9597183115335506,0.7028136961958791,0.9533382524210396,0.5779947369801497,0.9299882837258,0.6543891659249219,0.9642919106149582,0.7123991584797653,0.9048766089350637,0.9364042928805087,0.8960582581458693,0.9043677125545329,0.8841862845276727,0.9627564986239072,0.6582309726606252,0.6845605529344123,0.9025775852166747,0.8571496764250635,0.8563183304297152,0.755747894770401,0.7495121798568638,0.9299882837258,0.8890928172755164,0.9592855403168913,0.7349618763750034,0.9532364135453821,0.7793140663176923,0.9077040005624184,0.7119652473829241,0.7201512018811544,0.987883051676453,0.7685501893432156,0.951968770631014,0.909716755213914,0.8799793340483575,0.881786158467905,0.8748774256549661,0.8680005631963956,0.9409521943827982,0.891535054296503,0.9295460152552613,0.9875732183763779,0.965177559337326,0.9336842693103171,0.9106019687464657,0.9401031099396322,0.7831675943809968,0.6080558653411138,0.8592817462285576,0.9106019687464656,0.7521212357044087,0.7273745565187095,0.7930348538764279,0.8636009307043995,0.8307107766015762,0.8321593044810474,0.7177239226458436,0.9586145199208074,0.8724902307321463,0.9667805942997311,0.7459913811319585,0.8076792614799997,0.9230659630317124,0.8287530636873146,0.8747722377977694,0.9166400151447349,0.8508524342038153,0.9878830516764527,0.9762347383443425,0.9048766089350639,0.9336842693103169,0.8967590384461326,0.8747722377977694,0.9106019687464653,0.8533489211163743,0.7964377980480559,0.9756340559373771,0.9661032464830348,0.8916043634534068,0.6492504012034073,0.6013152469114813,0.9476386094693983,0.9197987094973856,0.9779039859151863,0.9476386094693983,0.9077040005624184,0.9769434565457997,0.9106019687464657,0.9779039859151868,0.936772913860493,0.9106019687464657,0.8841862845276729,0.8301336404747508,0.9264564493231808,0.9166400151447351,0.9354608912099367,0.9169066530366747,0.9476386094693983,0.6588118354987469,0.546086596749305,0.6797169896200086,0.7371682702112096,0.9106019687464657,0.8366381506443352,0.9166400151447349,0.8841862845276727,0.6554050393542881,0.8386336412280213,0.9264564493231808,0.9559566851226751,0.8890928172755166,0.9846406300806096,0.9230838149438536,0.910601968746465,0.9846406300806096,0.889744215041613,0.8974226598846062,0.7992937037913066,0.9649333732985219,0.9264564493231808,0.8770810709357255,0.9166400151447351,0.886705532252414,0.6589852423795737,0.9106019687464657,0.9927984919267985,0.814190509770057,0.9299882837258,0.8073640326881988,0.9021135127330808,0.8941586572120015,0.6544254150834583,0.9437480193578955,0.6959141624852763,0.6025810972805852,0.9106019687464657,0.9106019687464657,0.9282322050200014,0.7946611906488802,0.852976455105904,0.7117691420247969,0.6865862985151041,0.8367168811523642,0.7182438597504208,0.606748044632295,0.8817861584679043,0.6655418955859258,0.9106019687464657,0.9842880367112302,0.9197987094973852,0.9336842693103169,0.7028136961958789,0.9264564493231806,0.5440368492895125,0.9106019687464657,0.9106019687464657,0.6397913830514876,0.9517002303366318,0.625205423780549,0.8916043634534065,0.7678173152438112,0.8229279382562935,0.9632552492862532,0.9176525482557552,0.6632033153011345,0.7562859016598515,0.9106019687464656,0.8508524342038153,0.6360585324313993,0.9559566851226751,0.8768331242200343,0.8926954319851745,0.9303946819306648,0.8683760683760684,0.8550346801467696,0.9559566851226751,0.7912658936439358,0.9106019687464657,0.6301050082423799,0.882375717680342,0.8455359267455904,0.7760601551016035,0.8031931318419039,0.8139477698135068,0.6750219702109151,0.7427482619370733,0.970223678284496,0.967994523620517,0.6876906220572654,0.9084103043116551,0.9299882837257998,0.9357408829096282,0.9110950154916333,0.593794888093341,0.9651775593373262,0.9077040005624184,0.8011398012046623,0.664667881214027,0.8776100733791741,0.9403814723692818,0.957918165957411,0.9043677125545329,0.9336842693103169,0.8495206012251386,0.8287530636873148,0.9432056056850397,0.5799731721613093,0.6373171537617014,0.9299882837257998,0.8916043634534065,0.9262700211315922,0.7599719649675867,0.9733993351591588,0.8926229549026828,0.9102998177410689,0.7061392647475079,0.913577797842458,0.7863959985454125,0.9917398678146307,0.748199947554818,0.7817046796531653,0.9106019687464657,0.8095666773087118,0.7195136769420352,0.8221563489551513,0.9299882837258,0.9571900491571013,0.755405392365708,0.9213008654009531,0.9106019687464657,0.5958047257675485,0.676117268336534,0.8841862845276725,0.6108452578982043,0.5571400247669495,0.593794888093341,0.9197987094973852,0.6785363410517649,0.8410956574514761,0.6999749421188619,0.6696965040768921,0.8866210237012304,0.7239532193979636,0.9336842693103169,0.9199796380611351,0.951700230336632,0.8445122684053994,0.9982103757454244,0.612995935857831,0.9740934121988498,0.7024574430576054,0.9661032464830343,0.9476386094693983,0.5276905940900212,0.7557478947704013,0.8403533788118112,0.7055055212893537,0.6388982589199521,0.9106019687464657,0.6479784989053654,0.7793280197817896,0.8636009307043995,0.9106019687464657,0.6282736808318864,0.8786204957262435,0.9264564493231806,0.9199796380611351,0.9077040005624184,0.7675076433275654,0.9938752217346227,0.8891206786807315,0.9410038098069491,0.939649744780787,0.8866210237012304,0.6887350369808105,0.9106019687464657,0.9935102554709552,0.9106019687464657,0.9756340559373771,0.798897203016278,0.5959568919066569,0.9336842693103169,0.9209685888477048,0.7941579124447313,0.724252051611457,0.8636009307043995,0.9106019687464657,0.9639707744496169,0.7357684645976896,0.8137154459531042,0.9562668532610281,0.8776100733791747,0.9197987094973858,0.8680005631963961,0.9309652469358959,0.9070227924758547,0.8020489072915004,0.6566056183714326,0.9070227924758547,0.8922663859023956,0.9197987094973856,0.7983028217639934,0.9070227924758547,0.9336842693103169,0.8794184279003854,0.832148878476241,0.8201203923509597,0.9077040005624184,0.9600001939044074,0.9169506775373653,0.5804323890382289,0.8508524342038155,0.9132272901393417,0.6480417724448008,0.9046789607562868,0.9325575638096625,0.9004016904774779,0.7937713768194807,0.8636009307043997,0.8268036333064972,0.8507605559226068,0.79181743340521,0.8386336412280213,0.8770810709357255,0.9135777978424582,0.9166400151447351,0.7164953393830444,0.973524191578051,0.7341946888667261,0.8724902307321463,0.8411506096860146,0.9197987094973854,0.9230659630317124,0.922657615898727,0.7419989394195887,0.7850888137373071,0.7895318319167905,0.8680005631963954,0.8948988932390509,0.9749431920511351,0.7857905120933399,0.9517002303366318,0.749539762183826,0.8695254605469693,0.8729470893232492,0.8172943718484789,0.8689031262584501,0.9230659630317122,0.9124519654347758,0.9485043478872299,0.7087859334133902,0.940008749324134,0.9000617617241786,0.8229279382562933,0.9382419789646617,0.8220679677608376,0.8941586572120017,0.9726132873597864,0.9077040005624184,0.924090796727159,0.9408003040335535,0.9166400151447349,0.9559566851226751,0.8268810798920785,0.6736846764973217,0.9166400151447349,0.8915350542965028,0.6838876886531204,0.9115290367780329,0.9048766089350639,0.9826194297807278,0.7063173312390081,0.9169506775373653,0.8529764551059038,0.9166400151447349,0.7184489147306217,0.916950677537365,0.9230659630317124,0.6201701795010406,0.9784004338929009,0.9559566851226748,0.9299882837258,0.6344403429748716,0.9264564493231808,0.9697899957470837,0.9230659630317124
p127_QI,0.9224370478225468,0.5862782126370079,0.919737437035689,0.9970799457879603,0.9623211158059548,0.9720496894409938,0.9492794165942648,0.998082343121321,0.9286491105644255,0.9704919301607371,0.895461031663029,0.9610996995613952,0.9610996995613952,0.9366713242763891,0.9336842693103169,0.9930547404043362,0.8016790795187668,0.9491780856091547,0.9690033562225546,0.9704919301607371,0.9165661374366314,0.9543141322095121,0.7665908998640587,0.9635753483468394,0.953255582527178,0.9491780856091547,0.8815382336298226,0.9480026438367746,0.9704919301607371,0.9809188865074903,0.9443657603723179,0.9661972965770262,0.9576036838348734,0.9397924012017989,0.9623211158059548,0.8237261571040236,0.9635753483468394,0.886472086713383,0.9720496894409938,0.9204037308984989,0.9253688519211309,0.9501760208500687,0.9720496894409938,0.9354001807590553,0.961397387740879,0.913073918728197,0.9648659912110238,0.9261840328635953,0.9481929520311925,0.9197374370356892,0.9661972965770262,0.7897291426361943,0.9491780856091547,0.9564866901437918,0.9576036838348732,0.9880755935910336,0.9472198404849024,0.9623211158059548,0.9311104823849056,0.9599080294518358,0.9303105872741888,0.8747439046690525,0.9491780856091547,0.9253688519211309,0.9675743567407267,0.8620129124748325,0.9661972965770262,0.8931449617140894,0.9106359140503812,0.9273614004407343,0.939073637329168,0.8547020723633447,0.9623211158059548,0.8714375301735617,0.9623211158059548,0.9157773781681391,0.7534728776716185,0.9553906988562064,0.8689304945061074,0.9720496894409938,0.9553906988562064,0.8416726321970072,0.991834013047275,0.9491780856091547,0.9623211158059548,0.9965185747417931,0.9726326202607708,0.9197196988710054,0.9213345015882415,0.9610996995613952,0.9623211158059548,0.9673483838836943,0.9521664397849137,0.903580746077803,0.9453068780840737,0.9764578705634924,0.9877790872642339,0.8044782210636213,0.8663981446497515,0.8655480930335331,0.9472198404849024,0.9428375253830148,0.9510697823313443,0.8993158214284375,0.9238198496049985,0.9690033562225546,0.9633423340760361,0.8496516619740198,0.9532555825271782,0.8730956945148614,0.7403218848132084,0.981956748291383,0.8568667102675336,0.932833950574053,0.9648659912110238,0.8392586329331393,0.9564866901437921,0.9690033562225546,0.9720496894409938,0.8947109826062525,0.9354001807590553,0.9930547404043362,0.9751129258825251,0.9936310971469995,0.8505593707792999,0.9304029270140834,0.9635753483468394,0.8970542565865081,0.9610996995613952,0.9371382816751241,0.9056153321941813,0.4813551083532054,0.9381728330554158,0.9720496894409938,0.9587434581480645,0.9648771726248762,0.9102896363632476,0.9661972965770262,0.9381728330554157,0.9599080294518358,0.9197196988710052,0.9704919301607369,0.8697688980991498,0.7927050158447809,0.9630587443532559,0.9336842693103169,0.9684455580859814,0.8828532941996556,0.9481929520311925,0.8580082307136385,0.9704919301607371,0.9303105872741888,0.9750176878081551,0.9118525638325781,0.9661972965770262,0.9481929520311922,0.9322542075669042,0.9362663130722397,0.8939283999593048,0.9930547404043362,0.9696693743185965,0.9648659912110236,0.7726260462381261,0.8907614131129444,0.9237472579920247,0.9380163966266188,0.978128743157573,0.9752737206364959,0.8032566864413211,0.8852493927538767,0.5742195952069626,0.9610996995613952,0.9472198404849026,0.9223798585420756,0.9322652690737794,0.957368823799184,0.9690033562225546,0.9238198496049985,0.9996437898601822,0.9157773781681391,0.9345395918631998,0.9173564091624518,0.5998481980466477,0.9610996995613952,0.8978651018153521,0.9729552798479701,0.8947109826062525,0.9776569049810198,0.956486690143792,0.9953786045233856,0.9599080294518358,0.9801025842096873,0.8263117797041691,0.8440565830183067,0.9303105872741888,0.9623211158059548,0.9635753483468394,0.9599080294518358,0.9261840328635953,0.9269253568565108,0.9374297224202955,0.9610996995613952,0.9623211158059548,0.8413764003134145,0.8440565830183067,0.9704919301607371,0.9623211158059548,0.9681858530496634,0.9371382816751244,0.9157773781681393,0.9349923761154103,0.9667762608570643,0.9610996995613954,0.9623211158059548,0.9340813247611223,0.9623211158059548,0.860380696433722,0.805480301064462,0.809888065499277,0.9623211158059548,0.8533117429016539,0.9623211158059548,0.9352032913830401,0.931147340525424,0.9480026438367744,0.828253809239631,0.9648659912110236,0.830271740571741,0.9599080294518358,0.9522137875062904,0.9543141322095121,0.8604631486691809,0.9204926641940823,0.9436654046332619,0.9661972965770262,0.9752737206364959,0.8444600220493923,0.9278239868212363,0.9286524051387365,0.9371382816751241,0.9371382816751241,0.9587434581480645,0.9930547404043362,0.9599080294518358,0.9623211158059548,0.9278239868212361,0.9623211158059548,0.9906664584725107,0.9935264355112594,0.9661972965770262,0.9462580354121288,0.8674278608566311,0.9635753483468394,0.9362663130722397,0.9034814342922286,0.9357331550008063,0.9553906988562064,0.8970542565865081,0.9648659912110238,0.8791214387104958,0.9223296501433531,0.8844523283713124,0.9610996995613952,0.9675743567407267,0.9888128435935966,0.9720496894409938,0.9681858530496634,0.929327983527297,0.9501760208500689,0.9470898955447689,0.9947106386333204,0.9661972965770262,0.9277544613703692,0.8870129982252207,0.8353231768642488,0.9690033562225546,0.8730956945148614,0.9920754410433736,0.841672632197007,0.927002353944838,0.9690033562225546,0.8900013566415688,0.9865089017688875,0.9675743567407264,0.976349107398337,0.9970799457879603,0.9648659912110236,0.7105810163033837,0.8568667102675336,0.8762593501599867,0.9648659912110236,0.9648659912110236,0.8129560940834346,0.9273614004407343,0.8505681838601358,0.9331723329592954,0.8091442663111565,0.9638838534161631,0.9690033562225546,0.9623211158059548,0.9861053894336532,0.9581756603540755,0.9661972965770262,0.8532920118076435,0.9245566463845685,0.5736515917591678,0.9481929520311925,0.9380163966266188,0.8339037580781802,0.932833950574053,0.9142039648291602,0.9197013194028298,0.9204926641940823,0.9170249213338444,0.8774310216688326,0.7039356992793946,0.9286491105644255,0.9704919301607371,0.9397924012017989,0.9371382816751241,0.8523644807304072,0.9648659912110236,0.9623211158059548,0.966197296577026,0.9278239868212361,0.9173135519831482,0.9690033562225546,0.9675743567407267,0.9610996995613954,0.9623211158059548,0.953255582527178,0.9690033562225546,0.9137336093857831,0.741123036492867,0.8632669973551363,0.9511876099263499,0.9661972965770262,0.87638266886087,0.8183252412751776,0.953255582527178,0.9576036838348734,0.9602071727235837,0.9648659912110238,0.9397924012017989,0.8375670847398857,0.9564866901437918,0.987883051676453,0.0,0.826116257009434,0.8853943075507921,0.8353231768642488,0.961397387740879,0.9610996995613952,0.9415972144812141,0.9010995033577466,0.8944675982845545,0.8577507109035438,0.8301539158150105,0.9623211158059548,0.8915752582995886,0.9965185747417931,0.9414034319999549,0.9965185747417931,0.9704919301607371,0.8852493927538767,0.9623211158059548,0.9623211158059548,0.9481929520311925,0.9286491105644255,0.9391935263864016,0.9623211158059548,0.920983946319307,0.962321115805955,0.9970799457879602,0.9237472579920247,0.8440565830183067,0.5180242730178408,0.9953786045233856,0.8995793727310533,0.8141668506447515,0.8411492750857321,0.9623211158059548,0.8179918679135638,0.9950068763949222,0.8343249892961564,0.9106359140503812,0.9434341193662401,0.9461383996104074,0.9648659912110236,0.8487307132759607,0.9623211158059548,0.8140963117651728,0.8505593707793,0.8565366772443025,0.8739210119869605,0.9635753483468394,0.8542772224254337,0.9644342014392548,0.9623211158059548,0.9229405345355657,0.9301516024075415,0.9623211158059548,0.9953786045233856,0.9224370478225468,0.8799873197458246,0.8339037580781801,0.8532920118076435,0.9623211158059548,0.9477961055696323,0.9340813247611224,0.8336684595774304,0.970911469867437,0.8339037580781801,0.931147340525424,0.9319883865480127,0.971803912061864,0.9648659912110238,0.8277077380726945,0.9157773781681393,0.9071885561788837,0.8907888642207369,0.9935489104071602,0.8377596797048433,0.9522137875062904,0.9661972965770262,0.9491780856091547,0.9623211158059548,0.8237261571040234,0.927002353944838,0.9746481962695817,0.9553906988562064,0.9462580354121286,0.9599080294518358,0.8877284767626414,0.9471168020443,0.9599080294518358,0.7463127621822649,0.962321115805955,0.5100723631004743,0.9102896363632476,0.9801025842096873,0.9690033562225546,0.8860449046541115,0.9704919301607371,0.9564866901437921,0.9774873843362967,0.9272687068821164,0.9543141322095121,0.9704919301607371,0.8492197889319009,0.9380163966266188,0.9197374370356892,0.9501760208500689,0.9543141322095121,0.7148430590437307,0.9648659912110236,0.7105810163033837,0.9752737206364959,0.9087295850935584,0.9511876099263499,0.9752737206364956,0.9700351664034114,0.9443657603723179,0.9599402826694068,0.8312943488564517,0.9667762608570644,0.6419607712966531,0.9378037505277521,0.8917796293119393,0.9970799457879603,0.9511876099263499,0.9522137875062906,0.8314138240813402,0.9553906988562064,0.8268132470678924,0.9511876099263499,0.8936972568164698,0.9666483139263964,0.9648659912110236,0.9250632826893765,0.8645116474237171,0.9965185747417928,0.9752737206364959,0.9690033562225546,0.8375670847398857,0.9197374370356892,0.9675743567407267,0.834021684300168,0.961397387740879,0.961397387740879,0.9661972965770262,0.9690033562225546,0.807621669704951,0.8223711273793306,0.8435916521220533,0.9610996995613952,0.9610996995613952,0.8689304945061074,0.983902503224694,0.9587434581480645,0.9223296501433531,0.9623211158059548,0.9675743567407267,0.9623211158059548,0.9623211158059548,0.8655480930335331,0.9522137875062906,0.8853943075507921,0.9623211158059548,0.8586309929616847,0.8796338709830263,0.9935264355112595,0.9719311446762611,0.8179918679135638,0.9186263852882659,0.968443942145051,0.9278239868212361,0.8812473067855704,0.9576036838348734,0.9157773781681392,0.9675743567407267,0.9389009867184679,0.9096354174340289,0.8931449617140894,0.9936310971469995,0.9576036838348732,0.9599080294518358,0.9738208744795109,0.8336684595774309,0.971803912061864,0.9648659912110238,0.9764578705634923,0.9543141322095121,0.9140895174328347,0.9774873843362968,0.8876315196146514,0.9434341193662401,0.930310587274189,0.9522137875062904,0.9406910117203195,0.9648659912110236,0.9543141322095121,0.9471168020442998,0.9920754410433736,0.9349923761154104,0.882673765562921,0.9661972965770262,0.8596877431040634,0.9587434581480647,0.9106359140503812,0.9651846090667124,0.9547434413197933,0.8343249892961566,0.6775384687040183,0.9137336093857831,0.8434948191248515,0.9259593348757931,0.9278239868212363,0.8833079980022117,0.8995793727310535,0.931147340525424,0.9063461721760435,0.9623211158059548,0.9661972965770262,0.9380163966266188,0.9623211158059548,0.9781287431575731,0.9543141322095121,0.9599080294518358,0.991834013047275,0.815565954867503,0.9774873843362968,0.8550872530468148,0.9704919301607371,0.8174671235160886,0.9553906988562064,0.9009488545209479,0.9599080294518358,0.9644342014392548,0.9791112505823618,0.9500854106526051,0.9797658041147691,0.9025384899655313,0.9558737393033803,0.9142005236871038,0.8986133813304025,0.9397924012017989,0.8747439046690526,0.8533117429016538,0.9443657603723179,0.9704919301607371,0.9751129258825253,0.9635753483468394,0.9232596065784799,0.9788715516976696,0.9684455580859814,0.9610996995613952,0.9234065281986409,0.9609220139321422,0.9720496894409938,0.9102896363632476,0.9648659912110236,0.8306286611882309,0.9480026438367748,0.9501760208500689,0.927002353944838,0.9936310971469995,0.953255582527178,0.9245566463845684,0.9553906988562064,0.9610996995613952,0.9661972965770262,0.9720496894409938,0.9623211158059548,0.9397924012017989,0.8044212664524799,0.8944675982845545,0.9996437898601822,0.9623211158059548,0.9134191021410438,0.7853791440673986,0.9303105872741888,0.9425114327004684,0.9286491105644255,0.7945968818762805,0.9980955800828026,0.9155953650110651,0.9462580354121288,0.9826171532883463,0.9295543723444597,0.9390992365744862,0.9675743567407267,0.9278239868212361,0.9880755935910336,0.9428375253830151,0.9500854106526051,0.9720496894409938,0.9462580354121288,0.9599080294518358,0.9720496894409938,0.9564866901437918,0.7939618958188411,0.8644606804686437,0.9619064228844956,0.811414512064096,0.9690033562225546,0.962321115805955,0.9543141322095121,0.8282072461373998,0.8532920118076435,0.9610996995613952,0.9661972965770262,0.9587434581480645,0.9610996995613952,0.9610996995613952,0.9397924012017987,0.9623211158059548,0.9587434581480645,0.9311473405254241,0.9623211158059548,0.9511876099263499,0.9864188438370333,0.9690033562225546,0.9648659912110238,0.9675743567407267,0.9635753483468394,0.9610996995613952,0.8525660270333192,0.8947109826062527,0.9522137875062904,0.9214866072600054,0.9623211158059548,0.646811357880416,0.9648659912110236,0.9511876099263499,0.9293530163238195,0.9852078760340832,0.9273614004407347,0.9635753483468394,0.9532555825271782,0.9935264355112594,0.9532555825271782,0.9623211158059548,0.7245327953080638,0.9415972144812141,0.9443657603723179,0.8804415508981576,0.9553906988562064,0.9690033562225546,0.9861053894336533,0.9648659912110238,0.9633423340760361,0.8828532941996556,0.9623211158059548,0.9510697823313443,0.9063461721760435,0.9704919301607371,0.8796338709830263,0.8016790795187662,0.6717386274418828,0.8697688980991498,0.9599080294518358,0.8822592555600858,0.840228684591694,0.9623211158059548,0.9623211158059548,0.9362663130722397,0.9908777073428442,0.9700808834258973,0.8059290360431441,0.8852493927538767,0.8339037580781802,0.8826737655629209,0.8514803618114826,0.914089517432835,0.8612502633673054,0.9623211158059548,0.9764578705634923,0.9661972965770262,0.9720496894409938,0.8542772224254336,0.9690033562225546,0.8747439046690526,0.9623211158059548,0.9623211158059548,0.8323106849540618,0.962321115805955,0.8382831568291291,0.9543141322095121,0.9760563522715158,0.974821410648139,0.9462580354121288,0.8251068045020443,0.8771986663044034,0.9698960726108676,0.9623211158059548,0.9371382816751241,0.8646949616010216,0.9635753483468394,0.9690033562225546,0.9620090329381987,0.9164242785884129,0.9579181659574112,0.9965185747417931,0.9635753483468394,0.8565366772443026,0.9623211158059548,0.8714375301735617,0.9389009867184677,0.9253688519211309,0.8774310216688326,0.9845729942899282,0.9564866901437921,0.9294779121965993,0.7829046555068865,0.9675743567407264,0.9025045192170253,0.8978340794956949,0.9587434581480645,0.9704919301607371,0.8158540812532469,0.9491780856091547,0.8612502633673054,0.9661972965770262,0.9610996995613952,0.9079504174811015,0.9472198404849024,0.7245327953080636,0.998738211423977,0.9720496894409938,0.9371382816751241,0.9720496894409938,0.9720496894409938,0.9700808834258973,0.9414034319999551,0.9229405345355655,0.9623211158059548,0.9704919301607371,0.9543141322095121,0.9543141322095121,0.8141668506447515,0.9576036838348734,0.9610996995613952,0.9472198404849024,0.9213345015882415,0.9635753483468392,0.8373021566360077,0.9389009867184679,0.8689304945061074,0.8898284922288976,0.9623211158059548,0.9850406692683007,0.9510697823313443,0.8440565830183067,0.9704919301607371,0.9501760208500687,0.9511876099263499,0.9431095860977793,0.9623211158059548,0.8550872530468148,0.8434948191248515,0.9511876099263499,0.8559789162214912,0.8714375301735617,0.8612502633673055,0.9661972965770262,0.8680892785394452,0.9648771726248762,0.9561921683699729,0.9282308144182453,0.9522137875062904,0.9628936536463726,0.9720496894409938,0.9522137875062904,0.8644606804686437,0.9268019842897894,0.7890004138281904,0.8804415508981573,0.9278239868212361,0.8387699083894447,0.9623211158059548,0.9610996995613952,0.9223798585420755,0.7701004093977084,0.9229405345355657,0.8714783961680888,0.853667569874514,0.9623211158059548,0.8803341432771288,0.808112217349426,0.9970799457879603,0.9623211158059548,0.8812473067855704,0.9576036838348732,0.9690033562225546,0.9522137875062906,0.9610996995613952,0.8345540837941174,0.9840677331869967,0.972947370281771,0.9880755935910338,0.7486946765355635,0.9522137875062904,0.8363552488932912,0.9623211158059548,0.9462580354121288,0.9623211158059548,0.9690033562225546,0.812754374960197,0.9142039648291602,0.9720496894409938,0.9453068780840737,0.8094833764446481,0.929477912196599,0.9425114327004684,0.9623211158059548,0.9143480251080162,0.9053891459708625,0.9295543723444597,0.9936310971469996,0.9371382816751244,0.4600234812176255,0.9443657603723179,0.9434341193662401,0.9380163966266188,0.9205349146293753,0.853667569874514,0.9380163966266188,0.6346282167185338,0.9661972965770262,0.8091442663111565,0.9380163966266188,0.9720496894409938,0.9491780856091547,0.9635753483468394,0.8091442663111568,0.9610996995613952,0.9953786045233857,0.9511876099263499,0.9197374370356892,0.9500854106526052,0.9522137875062904,0.9362663130722397,0.9481929520311925,0.9610996995613952,0.9543141322095121,0.9736502784936192,0.9425114327004687,0.8703794419104351,0.87638266886087,0.9892552360381517,0.9083531449937755,0.9481929520311925,0.9635753483468394,0.8505410419770536,0.927002353944838,0.982227424432899,0.9462580354121288,0.9899835764925831,0.9261840328635953,0.9661972965770262,0.9675743567407267,0.9628733211187581,0.9453068780840737,0.9856670177084574,0.9389009867184677,0.9443657603723179,0.9874977150959767,0.9034814342922284,0.9434341193662399,0.6912424767432411,0.9179169809832548,0.9982572160672625,0.9906522225387784,0.9261840328635953,0.9688847748640843,0.9675743567407267,0.8271232104683225,0.9601516958792649,0.9840677331869966,0.9587434581480645,0.9453068780840737,0.9752737206364959,0.9912539269909322,0.896304586561572,0.9553906988562064,0.9964003840614115,0.9610996995613952,0.9589084310161462,0.9409113828628135,0.9648659912110236,0.9635753483468394,0.9157773781681393,0.9462580354121284,0.9428375253830151,0.9245566463845682,0.8986133813304025,0.9758832862238255,0.9599080294518358,0.9599080294518358,0.9143480251080163,0.9797658041147692,0.9700808834258972,0.9648659912110238,0.8954927753294004,0.9511876099263499,0.9675743567407267,0.9205349146293753,0.981956748291383,0.9471168020442998,0.9704919301607371,0.9609676410723689,0.9690033562225546,0.9062284136028744,0.9675743567407267
p127_S,0.6713619177603496,0.7789101851051539,0.5161712637584024,0.8979935504205818,0.8115034698580476,0.8261162570094343,0.9950391573554709,0.9705134520721013,0.5896632531113303,0.8303000077421608,0.819581220169987,0.7762855815640267,0.7762855815640266,0.6423536246545731,0.9755874346456581,0.8602784601735101,0.8733172494392405,0.6838280318363463,0.9421085778684013,0.8870801309378662,0.6322892061518588,0.7633418130938057,0.8629026024066049,0.8486671116956646,0.8024666563592093,0.7077247503603452,0.7433358779711334,0.6991899654683745,0.8517526482728699,0.8096385862231561,0.760783891822356,0.8367317645429636,0.7870026189885444,0.8244670697728445,0.8115034698580478,0.8746365330600945,0.8315400581731189,0.7362451437439128,0.8392586329331393,0.7204746119451817,0.5681973669539688,0.7134638449056483,0.8764392007172976,0.6284884479140205,0.899313523732862,0.478379582512686,0.8114701760536347,0.5754866678916064,0.6776993445174684,0.5384124957060241,0.8367317645429635,0.37133982025400303,0.7077247503603452,0.8533312651697589,0.8323163166767261,0.7348346091604561,0.9033390379924966,0.7655931084723666,0.7032241042040301,0.7505808785893435,0.599218354014889,0.5694916264700398,0.9250273281472404,0.8443684758594034,0.7982744339496257,0.562874052255026,0.8830976862482165,0.6919750691884392,0.7360669120662109,0.8746365330600945,0.6366661141155214,0.7204746119451819,0.8396970313026867,0.26064123295636055,0.7655931084723666,0.47603642193220796,0.8346841262686238,0.7953053599570867,0.44548466178727975,0.826116257009434,0.8162808766365105,0.8761416030755182,0.6597445765583394,0.901130609623243,0.7655931084723666,0.6198924122866387,0.9750697052651943,0.6919732163082939,0.8301355390469867,0.7853897569350803,0.7655931084723666,0.5471685175464542,0.5736033088489991,0.5138221869052275,0.9462168934603479,0.9027960387927902,0.5367210684300605,0.5263471632090406,0.244059112117059,0.3258283358936662,0.776960716368466,0.8415151311457132,0.7655931084723673,0.7338672164107911,0.753325265199377,0.8071644882517874,0.5716556308374774,0.196161915242409,0.7311743083690243,0.3329589568692909,0.5418402394638846,0.9551473803346369,0.4094065547472844,0.7045146460985798,0.8114701760536347,0.32974989030276325,0.9773663986107648,0.8217392653025241,0.826116257009434,0.421306031239419,0.7184184784394405,0.6208074974158753,0.7325128010684441,0.9828042461111149,0.9445911251806223,0.49054015112159,0.7733959072401706,0.8955371880275214,0.9771567963417207,0.8036867788541617,0.4571967098100741,0.8114701760536345,0.7897075031786098,0.8392586329331393,0.7693321522647549,0.7138122866843071,0.6582447504369728,0.8519676252250141,0.8208375642018122,0.8039127449891679,0.47722188886451244,0.8164251656078738,0.5379277266164775,0.5205009201613695,0.7079620939681581,0.6186202945189613,0.6677682533118695,0.32629293696133743,0.7020592777806824,0.2965598620562915,0.8164251656078731,0.5992183540148883,0.8549452586963726,0.9059906438515755,0.9764878693178229,0.723446911494539,0.6577957988672076,0.7306731164482785,0.7642731224418913,0.5160389512094101,0.8072278736395713,0.9016050413298702,0.8087121139603812,0.40023261380409647,0.621714084955999,0.6329411372931586,0.6246622114283011,0.649424163690862,0.8643676600597741,0.44375664860271913,0.8586643310719655,0.7579944655912747,0.822841265155438,0.7215530729590931,0.8135600720293247,0.7403845292441722,0.8746365330600945,0.9665260395904454,0.8421261033092218,0.6415823597788619,0.9975785113288752,0.7226034530721039,0.9033390379924964,0.7762855815640267,0.896761668219475,0.49766464567162805,0.44812592813941265,0.6131716086706442,0.8533312651697589,0.8074384781790458,0.7960982570121532,0.7236590239537517,0.4156268065325168,0.2122832944519799,0.820571636350139,0.7655931084723666,0.790522960762716,0.910576477788815,0.8536996331576125,0.5712836114045627,0.6469028839642051,0.8310761642516384,0.7655931084723666,0.4907328097756518,0.2850226526710887,0.8303000077421612,0.7655931084723666,0.832999091479391,0.6751958937143581,0.6059361045545317,0.7108034657883127,0.6119278573200657,0.7579944655912745,0.7655931084723666,0.7985820508626011,0.7655931084723667,0.5534855278196089,0.5501483187876084,0.5458844482355829,0.7655931084723666,0.5627128587740395,0.7655931084723666,0.518722525425032,0.8788017870199062,0.6143892234809789,0.47027980121480306,0.7814252209615566,0.048088663484543215,0.8039127449891676,0.7942501990731501,0.7372619946824676,0.7878033256721106,0.7813982097674348,0.7961571554626206,0.820837564201812,0.9931779306668109,0.7802982364237112,0.8168578658977055,0.7818735092071691,0.8771101417911927,0.6384842122458421,0.7627349104500594,0.5310058863817622,0.7960982570121538,0.7655931084723666,0.6015353293942131,0.7655931084723666,0.6969465552801892,0.6639938398523642,0.8056017035197615,0.7324417276741813,0.07227927019368785,0.790522960762716,0.6334695479196233,0.7091948493048554,0.5212300697634258,0.9652363814473877,0.4079622301489252,0.7979454077493465,0.5626971791368891,0.9143326705995498,0.33548893276954306,0.7579944655912754,0.9105722417945289,0.5369709410570143,0.8392586329331393,0.5800137334916489,0.719155680384907,0.8225918704307511,0.8264516919853566,0.5649802781667843,0.8367317645429638,0.40601669272700147,0.4029177274164266,0.536760844030463,0.8071644882517874,0.2701772845318632,0.8696451297258305,0.8311886103320938,0.9251251677826113,0.8071644882517874,0.8678306200590495,0.3425460425459429,0.9752729805180502,0.6274271983030273,0.7210120633518062,0.7814252209615564,0.7202820005097135,0.2013250747875438,0.7505808785893437,0.7814252209615562,0.9917399066061052,0.15555006635356972,0.8071644882517874,0.4570474084487809,0.6201045982876232,0.5010720160370583,0.865558861258612,0.9904193773232918,0.7655931084723673,0.848800414228323,0.7505808785893437,0.8830976862482167,0.19287877489254823,0.6145143298162772,0.8114701760536349,0.7204746119451828,0.8105014483414519,0.2585764120803329,0.6312110408769229,0.5363624918904865,0.7162895756974803,0.7938991674178297,0.7556385646174746,0.5681897410824012,0.8870801309378662,0.6399116671772384,0.9224076136028627,0.8910010991537545,0.6751958937143577,0.6171101312269358,0.7979454077493457,0.7655931084723666,0.8056017035197607,0.8999445522845744,0.6838280318363479,0.8071644882517874,0.8458715030710082,0.8401803396226917,0.7655931084723666,0.9423743669407394,0.8217392653025242,0.9004773925777512,0.85208543917402,0.7325624220371814,0.7188061284735321,0.8056017035197616,0.28908057180574365,0.2481752483048465,0.9423743669407394,0.75618010380978,0.3560809066821746,0.7979454077493466,0.7106543373434842,0.3280560591620487,0.7497563078190205,0.6362634367291939,0.826116257009434,0.0,0.6444068455568059,0.08923461991127712,0.7433358779711337,0.7853897569350805,0.9943082385447685,0.5908736270711707,0.1890849877310884,0.18192876084928844,0.20069770575074575,0.7655931084723666,0.40294403835104564,0.7236456909245581,0.7077912451995882,0.9012332251961257,0.8303000077421612,0.3530333031720917,0.7655931084723666,0.7655931084723666,0.7020592777806823,0.6399116671772384,0.5247378686969764,0.7655931084723667,0.8870801309378662,0.7655931084723673,0.6816828440031898,0.5256184304052975,0.24865297356153404,0.8783673542509232,0.6680119012855612,0.8346841262686238,0.26373997762570944,0.18855446791267838,0.7655931084723666,0.49559087334587737,0.6700449649175175,0.10768026450967261,0.27639502338839084,0.8472746430057556,0.6354658457186715,0.7814252209615562,0.1300550349192443,0.7655931084723666,0.27141265335017284,0.9445911251806223,0.7891336750876531,0.6936286448711197,0.7905229607627162,0.3341739525410836,0.7616238813662282,0.7655931084723666,0.6999903467431497,0.5820137449341063,0.7655931084723666,0.81411795596721,0.5984780281648214,0.5414158315926878,0.22157416939026753,0.15628692096698127,0.7655931084723666,0.9538062277557033,0.5720422148050068,0.8953255420349076,0.7107551498583049,0.5175921109107902,0.6212037016405554,0.6088673254768995,0.5524123161245711,0.8114701760536347,0.679029944444421,0.5156383202745389,0.8171343335176351,0.385137136428391,0.8432285051366111,0.4591691352286902,0.8857867368510899,0.7897075031786098,0.770749062951106,0.7655931084723666,0.9758446002725547,0.6942735560092388,0.6327183430376033,0.7920050164236104,0.8109472249678118,0.8039127449891679,0.764059945826222,0.9940274890280355,0.8039127449891679,0.8924088008086875,0.8501737928062842,0.9029453185461607,0.5434932123170801,0.757107364031864,0.8217392653025243,0.34464778945970176,0.8303000077421621,0.848984414571825,0.9315550057400599,0.5532864326891076,0.9060264394434419,0.8517526482728699,0.6971500376691928,0.6991899654683744,0.8261438016389187,0.8667770403987136,0.8346841262686235,0.634067155846594,0.9782151383018164,0.8910010991537545,0.909349913248918,0.9929197607638625,0.898618099447231,0.7170068217613763,0.7677291562107105,0.680049217535533,0.46615206115597463,0.46517816762737296,0.6625858877763791,0.9773023466137265,0.7490770121055623,0.6805691791595747,0.6890496464189435,0.7192814622336589,0.8400184679621203,0.20770615251175162,0.816280876636511,0.5658940082673962,0.7192814622336587,0.8291964064606838,0.690836267373922,0.8114701760536347,0.9082194554642244,0.44049694822814334,0.8074529542262969,0.6520253843718616,0.8217392653025242,0.6230341021558976,0.6469028839642051,0.9276759113966682,0.837012189227134,0.8213247008519979,0.7433358779711339,0.836731764542964,0.8217392653025241,0.6942570567415958,0.2949529967877258,0.5981132895673689,0.7579944655912745,0.7853897569350801,0.5824768144832022,0.8444553756359932,0.8213247008519977,0.4501738218688365,0.7655931084723666,0.8306248033113863,0.7655931084723666,0.7655931084723666,0.22677126306303863,0.9086708712955749,0.7013132117714864,0.7655931084723666,0.4936017326096531,0.3077781341323893,0.9872451861967393,0.901685782229692,0.5249051426677129,0.4831082337754995,0.874353663518983,0.999648575948817,0.3170569532720926,0.7561801038097795,0.8166309345411829,0.9276759113966686,0.6861335825366259,0.5609514507396081,0.6253457056420878,0.6538897195981845,0.7815588414320952,0.8227641902120655,0.6718847045089471,0.8306248033113866,0.5842249687684977,0.7814252209615564,0.7535291217609665,0.7610427657407399,0.9993325503025987,0.7942501990731499,0.4060166927270009,0.6680119012855612,0.599218354014889,0.725182977592665,0.9572702674031934,0.7979454077493463,0.8584648973268965,0.8315400581731192,0.8941792884679594,0.41672035419363274,0.5430020181394655,0.9453578082946206,0.5940909977151707,0.9707051047990309,0.6634871401697137,0.4907863725689574,0.8949709223103033,0.20443562504275425,0.7211315016087698,0.8632968247935924,0.20184906600570962,0.35764099591006615,0.7178566903358299,0.214973479316946,0.7871225841520781,0.6040304959485991,0.7480054019155833,0.7655931084723666,0.7897075031786098,0.7362937930927345,0.8115034698580478,0.5898003564339616,0.7372619946824667,0.8494301234119778,0.7620561183090566,0.3089708624034082,0.9315550057400599,0.1666112975205094,0.8517526482728699,0.26591494308004293,0.7434532959978101,0.4441489471474128,0.8039127449891679,0.9646537823447512,0.8258338717508685,0.7741288842579106,0.7637591212169568,0.7500273930781836,0.6927544534934383,0.16280453603821377,0.41692870807883353,0.834094732939074,0.5190854461946894,0.4001878728145074,0.6800492175355325,0.9224076136028627,0.8724205116499744,0.7905229607627163,0.5118080287314841,0.6680046785037078,0.8081339281642222,0.7853897569350803,0.302017057268371,0.2918945488287139,0.9748385281460679,0.5566477638783967,0.8880802730255813,0.7324287374504339,0.7442526201662356,0.8004992854467701,0.8110444187621055,0.6740733881698904,0.7311743083690243,0.8209740421874608,0.7467536395312862,0.8036808729078324,0.820837564201812,0.9376579603619097,0.7655931084723666,0.6727167598670303,0.4476325226737181,0.4583669029731059,0.6310284691369408,0.7655931084723667,0.5761158678182074,0.3270144568295317,0.599218354014889,0.6423536246545731,0.5561137077682299,0.5626671444404798,0.5223811043726282,0.8738521011519894,0.7486820821462659,0.975102256878861,0.5861145226705602,0.6343578147809994,0.7982744339496257,0.5842151440144727,0.8822759843884915,0.9616949515140267,0.7007055213208797,0.8632968247935926,0.7116866800669991,0.7772468117892557,0.8261162570094343,0.7292961317287507,0.8612129307844862,0.7937866699170064,0.5928836148402319,0.5109071781267831,0.8217392653025246,0.7833099084134091,0.7848235367990127,0.3265835195309914,0.16848420560883726,0.7853897569350805,0.9142277472714189,0.8213247008519975,0.7853897569350805,0.7853897569350803,0.9762173796786582,0.7655931084723666,0.7627349104500594,0.930321404095777,0.7655931084723666,0.6963296321018195,0.6035502385286158,0.821739265302524,0.8114701760536347,0.8135211337092477,0.7905229607627162,0.7853897569350805,0.3870984166070277,0.4078960827894226,0.7251829775926649,0.3345173931072358,0.7655931084723666,0.5888288365294339,0.8715600862377917,0.7862356175886687,0.3379149913829248,0.6115366371858089,0.8071644882517874,0.8606121336395935,0.7311743083690243,0.9688893454624815,0.7791487045956211,0.8501737928062845,0.9209756101319722,0.7920453340480309,0.7951753996001241,0.7852866535729037,0.819581220169987,0.9566833549191383,0.7204746119451819,0.8415151311457132,0.829253716216829,0.3777607202088813,0.7655931084723666,0.9347544771402012,0.559610288229369,0.8303000077421612,0.45522250885690374,0.7693321522647549,0.8924088008086872,0.32588395868880815,0.8039127449891679,0.49671943285816145,0.11747921470252998,0.7655931084723666,0.7655931084723666,0.9786492444056207,0.5610017637801612,0.7670058540655837,0.6176234879262685,0.37895425900941393,0.455921706427348,0.4021104303363989,0.1945832006534589,0.7121289455108455,0.275882652229703,0.7655931084723666,0.7882377589773756,0.7897075031786098,0.8392586329331393,0.2963693173345705,0.8071644882517874,0.4056715405751503,0.7655931084723666,0.7655931084723666,0.12028181199519028,0.7937866699170064,0.2030781412442193,0.7395610420355327,0.4069471994276481,0.5681973669539693,0.9192371561388203,0.8281231165120251,0.33179563496623843,0.46836029560827175,0.7655931084723667,0.6089263176495909,0.22186493071799362,0.8896842091060675,0.8217392653025242,0.9219783495345079,0.9236748158396106,0.7638697281228504,0.6198924122866387,0.7905229607627162,0.6189123626873219,0.7655931084723666,0.26064123295636044,0.8637211168081942,0.5707985876349686,0.6670635793976571,0.5025828976064712,0.7497563078190199,0.5944296655310275,0.4314362531428735,0.8458715030710079,0.8978610935771301,0.4124469674554473,0.8407237333309238,0.8870801309378658,0.7873726947904848,0.9445911251806223,0.27588265222970276,0.805601703519761,0.7853897569350805,0.628058676846767,0.7175259971354127,0.8291964064606834,0.7806618111375675,0.8392586329331395,0.7374172027893953,0.8392586329331394,0.8392586329331392,0.6673018304013414,0.9764609614188553,0.5727397361674414,0.7833099084134085,0.8870801309378658,0.7633418130938054,0.737261994682467,0.36474067903207796,0.8123813566108598,0.7762855815640268,0.7596521043434228,0.8144389626719312,0.790522960762716,0.5240688236980593,0.9487183412521478,0.7070151351158598,0.7239154032560937,0.7655931084723666,0.5316698906524282,0.8960841541919647,0.45474782184900775,0.8303000077421608,0.823926769825553,0.7642344549770833,0.6817089134758598,0.7655931084723666,0.36209480218573165,0.2385350444104648,0.9215699295790705,0.17173922471681358,0.26064123295636044,0.20205457826944784,0.820837564201812,0.47765188801209546,0.8973733757558582,0.954373430684922,0.30685521415919603,0.7484819301841803,0.3535732926884494,0.826116257009434,0.7942501990731501,0.7937866699170062,0.9016185604726408,0.9557385827976075,0.312423076214038,0.9996485759488167,0.24874587182304664,0.7833099084134088,0.7853897569350805,0.3520268285851095,0.41373162164446886,0.5524123161245715,0.20443562504275425,0.11390658898086381,0.7655931084723666,0.23101646508367069,0.4101713275491845,0.6423536246545734,0.7655931084723666,0.32986527943600785,0.9392750447224356,0.8071644882517874,0.9086708712955749,0.7853897569350805,0.4859636300074759,0.7511852659177243,0.9100010486081045,0.9492195867794683,0.9406994085059985,0.7713660646286655,0.2229465105784394,0.7655931084723666,0.7324417276741813,0.7655931084723666,0.8217392653025241,0.5977838530481896,0.5065896690785268,0.8392586329331393,0.7468484812874989,0.6605764687730109,0.6113156756831306,0.7210120633518065,0.7655931084723666,0.486376342470489,0.3110324131430644,0.5996832375139891,0.8759100738869461,0.6272821583838497,0.945357808294621,0.6538897195981845,0.6746913790737255,0.8741160168514928,0.5429987645542218,0.3325582577674455,0.8741160168514928,0.6620182343288816,0.7897075031786103,0.5010720160370583,0.8741160168514928,0.8392586329331393,0.9011306096232432,0.8195950362291904,0.5908736270711707,0.8127850482788859,0.6946094614870802,0.7637591212169565,0.7243960184343341,0.6272821583838493,0.7251829775926649,0.6334695479196255,0.7234469114945394,0.7762855815640264,0.7610427657407401,0.7993005636478164,0.6423536246545734,0.578847750122552,0.5547151976928741,0.9797671168812686,0.5768879244152629,0.8060251468006094,0.790522960762716,0.8114701760536347,0.7450868153982851,0.9030226625770765,0.9192371561388204,0.8109472249678122,0.739141353342198,0.8519676252250141,0.7982744339496257,0.9581714108839071,0.7059238645872112,0.7422997367199202,0.7799138535064553,0.6942570567415953,0.8605885239896688,0.8257846081227975,0.7543637087271452,0.7937866699170062,0.6339909110523871,0.61038041302605,0.7959593567232917,0.608217604981725,0.8166127551688154,0.9752729805180501,0.8720323104155276,0.9858608680921753,0.7294550081390347,0.8473209751456194,0.8234430433594875,0.8768591945541611,0.956528929575069,0.8964632719128078,0.7224777793183863,0.9948442096705801,0.8401803396226917,0.9166994982456466,0.8135490736625446,0.8114701760536349,0.8315400581731189,0.5306879509878712,0.6909316324598165,0.8715600862377917,0.9693502102710706,0.44420545143632206,0.8446481014335263,0.8305786781890796,0.8305786781890798,0.38537564106412203,0.9885240849340804,0.5675978067370988,0.9917399066061052,0.3989821999847959,0.7188061284735321,0.8306248033113863,0.5585949506489276,0.888869625382694,0.8896842091060677,0.8303000077421608,0.7655481605176863,0.8217392653025241,0.8817150814613122,0.8306248033113866
p128_G,0.8054230137946026,0.5883084818787396,0.8999773716406341,0.7540044068405467,0.9630223853436268,0.7105810163033841,0.9411840674114408,0.9258180097997868,0.8463034707266366,0.9364368411420321,0.9058614048066167,0.9162050927129204,0.9162050927129202,0.5074501560130549,0.7833854450118072,0.8168805099533938,0.7221874549299854,0.8370219043693594,0.9610243931286575,0.675995161295041,0.9425283249577884,0.8747897442847685,0.8160154479064053,0.967100967856847,0.9179670373226423,0.8905248145511351,0.7629300124923134,0.8955568994617082,0.7313620180897447,0.6766899169033607,0.8801586131976928,0.9271857963192041,0.908674345896699,0.89186276270882,0.9188361382271664,0.9610243931286575,0.9215378731313923,0.7731278487539044,0.9397924012017989,0.608801996900592,0.9061577663451575,0.8926744609561268,0.9397924012017986,0.8608459111363298,0.7629300124923137,0.7333570970832715,0.9243180392978652,0.8409934614190604,0.776400416556176,0.8271068874433853,0.9271857963192041,0.7477463211274191,0.8905248145511351,0.9062682363877987,0.9086743458966988,0.9523285443895997,0.7835835592582241,0.9188361382271666,0.9772448037659106,0.9136381231722888,0.8498824478883684,0.9735675933821772,0.8029652442344222,0.8392374849683435,0.5628380084902219,0.9736006461050133,0.9271857963192041,0.874248798699814,0.9734238838921789,0.7495338050235041,0.638770165401918,0.8884027441326567,0.9188361382271664,0.7230643435079143,0.9188361382271666,0.8185765480394147,0.9388586611030838,0.7917226685098772,0.7371821715947537,0.8271232104683229,0.9419536134643973,0.8585630837657475,0.8933278306727671,0.8905248145511353,0.9188361382271666,0.5143106442871159,0.9866007010520571,0.6878443081738388,0.8797479086308417,0.9162050927129202,0.9188361382271666,0.37131778638687707,0.6378223291869447,0.7889559462801308,0.8821858692988964,0.8666421769503913,0.4084125767782959,0.8202756097183712,0.7510743165304614,0.7297837922295809,0.750572572214202,0.6989792690869983,0.8160463790740711,0.5332517326380823,0.9689605766139049,0.9332303128187658,0.5831077012259329,0.6761355335664496,0.8993081265656122,0.726636185516313,0.4356443372456127,0.7610803789705597,0.7492271098269576,0.6515382274097153,0.9243180392978652,0.7296231260817101,0.8993381937147167,0.9332303128187658,0.9397924012017986,0.7942142382641855,0.8608459111363298,0.3855859215541496,0.7352422012108967,0.8035136433289123,0.9051352246392365,0.6091926620102681,0.9215378731313923,0.9056035016258016,0.826183938444757,0.8645899440480407,0.7966865448611926,0.9243180392978649,0.6825064884039782,0.9397924012017986,0.6814448973676568,0.9018752273373508,0.8067554358482096,0.9752372748615916,0.9271857963192038,0.9136381231722888,0.9866367744974347,0.9364368411420321,0.7194699530174791,0.675933616650667,0.5392950139072601,0.8571496764250637,0.9511877247675558,0.7476549733331899,0.8884027441326567,0.632913894241944,0.897462588473857,0.8498824478883682,0.6453980174074029,0.8101221286735178,0.8288718816327849,0.8884027441326572,0.49914211526821983,0.976602485290941,0.8762619267883074,0.6201546181695787,0.7520089676333608,0.9714058757497575,0.5767534869348216,0.7030933355056417,0.8357444190687313,0.610161076375998,0.7994715690107896,0.8297763417392077,0.9142553407315159,0.7731286525742256,0.5999080000733644,0.9162050927129204,0.8863065703015558,0.8490316330081227,0.97403527457787,0.9006221969695165,0.6437885109709267,0.8372419978857324,0.5863794405783262,0.9219722388464884,0.8589921216815588,0.8219779293727203,0.915627507434312,0.9162050927129204,0.8170514910545459,0.5900207485882509,0.8572643034920979,0.868599149953657,0.9062682363877987,0.7784663387289664,0.9136381231722888,0.872554013136071,0.7969277214997372,0.7020833637397474,0.8765682211155166,0.9188361382271666,0.9215378731313923,0.9609856433629199,0.8409934614190602,0.7850917221810554,0.8513970488424683,0.9162050927129202,0.9188361382271666,0.94243025247011,0.8540839904867896,0.9364368411420321,0.9188361382271666,0.9121372710878786,0.8645899440480413,0.912922443717268,0.8762619267883077,0.7549432281348869,0.6973784540235963,0.9188361382271666,0.7907091145445477,0.9188361382271665,0.9111358341303235,0.9570968126409958,0.8448018284693073,0.9188361382271666,0.9670381792361835,0.9188361382271666,0.9804738225815984,0.9055141698506994,0.4066331840738766,0.8690082257319605,0.698979269086998,0.6343893594026324,0.9136381231722885,0.9953407916725414,0.9015883421806545,0.6430878607958146,0.7061763118965758,0.8621340039518595,0.8288718816327852,0.8901584347056433,0.8978178926594784,0.9226564439505707,0.8128426714042615,0.8645899440480411,0.8645899440480411,0.9111295270090602,0.3621290518926067,0.9972222788154832,0.9188361382271666,0.8445260765476374,0.9188361382271666,0.6509957900203474,0.7901926347445245,0.9271857963192041,0.8842347516782392,0.672301991619966,0.967100967856847,0.8627116416336096,0.899308126565612,0.43788345072713186,0.7917226685098772,0.778245182487787,0.9243180392978652,0.41140593998327,0.7950110300145403,0.7510994433926006,0.9162050927129202,0.9808531012828583,0.6633189905565204,0.9397924012017989,0.8526637265686308,0.7337166375301352,0.8926744609561268,0.7933358049763419,0.3960695834604172,0.9759742607288062,0.7784176500804987,0.7523795864750593,0.8537901056633644,0.9332303128187658,0.7463150508042862,0.852561249223062,0.7881106845580157,0.8212854748924066,0.9332303128187658,0.7836919404326399,0.7415999427910878,0.9177449231111594,0.9891556787268367,0.47663087465961795,0.9344184513464584,0.8703071672354952,0.6916774264569945,0.9136381231722888,0.9243180392978652,0.9714058757497572,0.6161635214324404,0.5909158639446384,0.678109807944995,0.7889559462801305,0.8168805099533938,0.9247054390981058,0.8024064520497924,0.6393013906082303,0.6758413647628252,0.5430648651469494,0.9264488104519895,0.7222094813814699,0.9133217982743664,0.8873306148945663,0.8434397844184089,0.8664814862756909,0.7925617055576325,0.8827148855675933,0.8151872676642646,0.5965648094182215,0.8374030040413198,0.7969375338011808,0.38424112451875114,0.9918036979367357,0.8988045555455051,0.7867288748844489,0.9215915214657806,0.9221261809159464,0.8981101087746698,0.9243180392978652,0.9188361382271666,0.9271857963192043,0.868995909641607,0.4623986428850424,0.9332303128187658,0.9301521134798674,0.8261839384447571,0.9188361382271666,0.8993081265656122,0.9332303128187658,0.6523099192209141,0.8571496764250632,0.8919716711603296,0.5767534869348212,0.9271857963192041,0.7337166375301352,0.7026767211324667,0.844877102877944,0.908674345896699,0.5297829493066899,0.9243180392978652,0.8703071672354956,0.7421367917691316,0.9062682363877987,0.8848008209299196,0.8853943075507921,0.6444068455568059,0.0,0.6452706284680294,0.9111295270090605,0.9162050927129202,0.8822876302735374,0.5497840091849502,0.7108606542469822,0.6935816470028762,0.5910114416562297,0.9188361382271666,0.766442904656975,0.8977823279529109,0.46607328489416633,0.8376595095551012,0.9364368411420321,0.752816395068699,0.9188361382271666,0.9188361382271666,0.8884027441326567,0.8463034707266368,0.4871453880501925,0.9188361382271665,0.6759951612950419,0.6393013906082302,0.5999080000733641,0.8357444190687311,0.8350839121434095,0.9188361382271666,0.6848167322401909,0.539356873982902,0.7140205957390076,0.7495630386428285,0.9188361382271666,0.8790361367974933,0.3775577708878589,0.6431204385265552,0.7611586117034186,0.8408994097214839,0.7054581723856814,0.9243180392978652,0.6741517234184586,0.9188361382271666,0.599545963801759,0.8710785645042982,0.7748816049396818,0.7984545977778494,0.9215378731313923,0.8945687076891813,0.45493004340450616,0.9188361382271666,0.8340066608386385,0.7644369946041272,0.9188361382271666,0.9718013773009626,0.8899716894440067,0.9896430095284023,0.5799257736700593,0.6839771896298135,0.9188361382271666,0.8749089707338766,0.936903561816264,0.9684459109141506,0.8035206988478663,0.8892144018701658,0.8516848931219234,0.8534965853888821,0.592623424898455,0.9243180392978652,0.8880438381235429,0.842163021958878,0.5649599666338143,0.7647489378190455,0.46796452785374987,0.8591950943404278,0.8970640020677767,0.9271857963192038,0.7007952638296087,0.9188361382271666,0.9861029598450541,0.8212854748924066,0.9517597212809078,0.9419536134643975,0.9818195492873296,0.9136381231722888,0.8831952346409784,0.8506466532413346,0.9136381231722888,0.7917226685098767,0.9486051204234525,0.9840256643467928,0.8522489996705727,0.36618025699034074,0.9332303128187658,0.7545300025517867,0.9364368411420321,0.9382169076942132,0.7442853103999509,0.8157392490325561,0.9493303821296274,0.786728874884449,0.9381831480326314,0.8955568994617082,0.972847855837883,0.8926744609561268,0.9015883421806545,0.8705695323486151,0.8402427784426749,0.9000359259924555,0.8043158668705579,0.8484616112828705,0.858563083765747,0.8646979598369935,0.9419536134643975,0.9117913875450323,0.5532215351222296,0.7124118809820859,0.6490850989507401,0.9666428003039548,0.7222928504804442,0.6193515929977292,0.9069834982716527,0.8948535190071922,0.8970640020677767,0.59378304968432,0.903907368032151,0.8043313084686149,0.8948535190071922,0.9052651084803364,0.625834331091597,0.6518914326351066,0.9628119998539303,0.8359053522237655,0.9258455637190968,0.8646979598369935,0.9332303128187658,0.7613994236636066,0.9242675330397168,0.9684459109141506,0.9590660346082054,0.9666428003039548,0.7629300124923142,0.975974260728806,0.9861029598450541,0.4239203511608375,0.5934399322162962,0.9136461162131204,0.9549894228659185,0.9591402541866407,0.7176639527923898,0.9324288082150869,0.9111295270090607,0.5657137513725847,0.9188361382271666,0.9301521134798674,0.9188361382271666,0.9188361382271666,0.7103779417691753,0.8970640020677765,0.5648464163822529,0.9188361382271666,0.6954778573821464,0.7407200328079588,0.9221261809159467,0.6556904975097462,0.8330934647148429,0.9580794858181152,0.5499340538563801,0.8445260765476377,0.7441955253353552,0.908674345896699,0.8657494958783413,0.9808531012828585,0.8683869765649121,0.7210958929026965,0.7698241935057311,0.7402480946342334,0.9086743458966988,0.9972222788154832,0.6421375495645616,0.6642399840962043,0.6424816783126208,0.9714058757497572,0.33824764157835085,0.9015883421806543,0.9688274750145474,0.9329290708210038,0.7579477204619236,0.9969820872027786,0.8498824478883684,0.8970640020677767,0.8722428588429538,0.9243180392978652,0.938858661103084,0.80508355851588,0.8810339601373948,0.7924618199175755,0.8342547109391956,0.9759742607288062,0.8932877793171796,0.9111295270090607,0.8559505775621337,0.5283975259733843,0.8261839384447572,0.6431204385265554,0.9142553407315159,0.9436654046332618,0.6202835193303864,0.7748935537185431,0.8445260765476374,0.6444725194880567,0.6884381496726204,0.8785995314863113,0.8579843137211958,0.9188361382271666,0.9271857963192038,0.9246323126477254,0.9188361382271666,0.903359019667176,0.9015883421806543,0.913638123172289,0.9574667735380062,0.7168212148799402,0.8160154479064053,0.6878443081738386,0.9364368411420321,0.6258343310915974,0.9419536134643973,0.7866345128825973,0.9136381231722888,0.8129025744225793,0.7938071558979638,0.6175839241408083,0.5415272873309553,0.9333208625667782,0.8541531605224455,0.6291776984106687,0.7816036838847062,0.9892222022633375,0.7301865852690881,0.5637368352991365,0.8801586131976928,0.6759951612950416,0.6986972339885476,0.9215378731313923,0.957096812640996,0.8705695323486151,0.8288247292151196,0.9162050927129202,0.640082104955676,0.6504979263848848,0.9397924012017986,0.8067554358482096,0.9815062877983508,0.5437059956751142,0.9009152082361704,0.8926744609561268,0.8427562020241621,0.5820842228975356,0.9358530937879612,0.8627658779727199,0.903907368032151,0.9162050927129204,0.9759742607288062,0.7688521133858539,0.9188361382271666,0.9000359259924555,0.7844379246736659,0.7108606542469822,0.6465325184204065,0.9188361382271665,0.8134965995860686,0.5572349974256927,0.8498824478883682,0.8156429695474195,0.8725540131360707,0.5413489161804577,0.8101221286735178,0.6588330861800209,0.8880673872338835,0.776516726931556,0.7613536716392537,0.8607668501691251,0.9301521134798674,0.6866917190347637,0.71756158517018,0.7460671055388906,0.47374333197104435,0.710581016303385,0.884234751678239,0.9191935655413227,0.8271232104683225,0.9062682363877987,0.9853395314336217,0.5067426492588489,0.9901913207886635,0.8151872676642644,0.9332303128187658,0.9188361382271666,0.9015883421806545,0.6299422441420863,0.6839771896298137,0.9162050927129202,0.9759742607288062,0.9111295270090607,0.9162050927129202,0.9162050927129202,0.9000359259924556,0.9188361382271666,0.9518720845713886,0.8785995314863115,0.9188361382271666,0.6119796865386874,0.6193515929977291,0.9332303128187658,0.9243180392978652,0.9301521134798674,0.9215378731313923,0.9162050927129202,0.6400821049556762,0.7942142382641857,0.8970640020677765,0.7660463510705084,0.9188361382271666,0.4485345094039942,0.6989792690869985,0.8948535190071922,0.6701547690587779,0.7935335416706684,0.6966611579972148,0.6683942743395166,0.8993081265656122,0.8477288716124304,0.9910569717673405,0.9188361382271666,0.8933580624819939,0.7909685809466801,0.9933102894129493,0.9227258529514126,0.9058614048066169,0.9610243931286576,0.4747232611761244,0.9243180392978652,0.6907662546834841,0.7476549733331901,0.9188361382271666,0.7718601319576108,0.9041603374523195,0.9364368411420321,0.7196467425075348,0.9666428003039547,0.86781515937437,0.7781154975761408,0.9136381231722888,0.7421512585608494,0.6748111995322372,0.9188361382271666,0.9188361382271666,0.8627116416336098,0.6970714934566913,0.5564744400298747,0.8502673347039307,0.8137531675852787,0.6572479307200858,0.8744023074844762,0.6991618314237282,0.5187087669192381,0.7589733900230866,0.9188361382271666,0.8922908924817221,0.9271857963192038,0.9397924012017989,0.5785731649171981,0.9332303128187658,0.7301865852690876,0.9188361382271666,0.9188361382271666,0.6387814374471126,0.771860131957611,0.7654344745773758,0.9761289800255135,0.6418874587049843,0.966539859311593,0.916763017547936,0.9156189095742933,0.7553377989813055,0.5388741086182125,0.9188361382271665,0.5312795688389498,0.7085402163921226,0.9215378731313923,0.9861029598450541,0.842163021958878,0.7895911839605133,0.7833854450118071,0.5143106442871157,0.9215378731313923,0.8381364341119784,0.9188361382271666,0.7230643435079143,0.7494734553911051,0.8392374849683435,0.6056120246863339,0.978209627267857,0.9062682363877987,0.8480887874245628,0.4862245636278033,0.9301521134798674,0.7899855610109621,0.7799249944079749,0.9111295270090605,0.9918036979367357,0.9069834982716527,0.8905248145511353,0.7204044715302858,0.9271857963192041,0.9162050927129202,0.8017165382781775,0.8863065703015556,0.9628013453482422,0.9046345879637958,0.9397924012017989,0.8764969900463834,0.9397924012017989,0.9397924012017986,0.5564744400298746,0.8722428588429538,0.8340066608386385,0.9188361382271666,0.8974625884738571,0.9493303821296275,0.9015883421806543,0.5557276478955484,0.9086743458966993,0.9162050927129202,0.8863065703015554,0.8305471147579226,0.9215378731313923,0.744339355356986,0.8977823279529109,0.7176639527923898,0.7202329719103766,0.9188361382271666,0.32273746358871136,0.9188361382271664,0.664083207052987,0.9364368411420321,0.9688274750145474,0.8948535190071931,0.7915924646791197,0.9188361382271666,0.6878443081738386,0.6202835193303863,0.8948535190071925,0.6897650345489794,0.7230643435079143,0.7011200122838854,0.9271857963192041,0.7548295251739354,0.874689940101858,0.8622528960791382,0.6660738505920281,0.7084202416467231,0.5229407546256183,0.7688521133858529,0.780150379153178,0.5509288963753085,0.8627658779727194,0.9219224280637734,0.7624894070746238,0.8445260765476377,0.6099360959924107,0.9188361382271664,0.9162050927129202,0.7678206430161245,0.7547743140061584,0.8419146919692837,0.662075370305713,0.6615177168729642,0.9188361382271666,0.7000231174933704,0.9832747942419099,0.5690887187199278,0.9188361382271666,0.7642693236079956,0.6935783974165559,0.9332303128187658,0.8970640020677767,0.9162050927129202,0.8585625252798388,0.9586381348210117,0.9885491261677647,0.71756158517018,0.8478365990461223,0.8518805166596328,0.6046394548457013,0.9188361382271666,0.916763017547936,0.9188361382271666,0.9332303128187658,0.5327763133991421,0.8151872676642644,0.9397924012017989,0.8821858692988964,0.7998868717228249,0.8480887874245631,0.8156429695474194,0.9188361382271666,0.7913139422501831,0.7334939289370179,0.8475971467399191,0.7402480946342331,0.8645899440480416,0.9271857963192041,0.8801586131976926,0.8781517708121862,0.8664814862756909,0.8288247292151196,0.6615177168729645,0.8664814862756909,0.9069834982716527,0.9264488104519895,0.8403373796149367,0.8664814862756909,0.9397924012017989,0.7689085840994847,0.9215378731313923,0.5732408788464927,0.7832487769710366,0.9093683063084448,0.43584868851935843,0.8999773716406338,0.8645899440480411,0.8970640020677767,0.86271164163361,0.8884027441326567,0.9162050927129202,0.938858661103084,0.795560042763475,0.7231851254871101,0.7954425269629118,0.8724882414083799,0.8869069588367047,0.9564427137970299,0.709361048693942,0.9215378731313923,0.9243180392978652,0.9202850458126466,0.6282441526399694,0.8842347516782392,0.7904825896247936,0.9179396080130533,0.9271857963192041,0.9301521134798674,0.8872925738844328,0.8821858692988971,0.7595394464340899,0.9846362664950944,0.9616775150656098,0.8475433042006468,0.844877102877944,0.9969820872027787,0.9188361382271664,0.8785864522911679,0.5610414729183459,0.8008921298878451,0.8666421769503914,0.8622774285211401,0.9684459109141506,0.8324052451948986,0.9138693507011495,0.9245814746860732,0.7221874549299849,0.8612583592401477,0.9061577663451577,0.8611429491813896,0.9089396877318247,0.9799998588966439,0.832148222769924,0.912054261392198,0.7455560751495645,0.8553941675857798,0.651891432635106,0.967100967856847,0.8185765480394147,0.8842347516782385,0.746067105538891,0.859176560368222,0.8243530514980488,0.9758063338100487,0.6684410986117408,0.9609856433629198,0.7913139422501827,0.8233368841618816,0.712735174835741,0.840242778442675,0.7748816049396818,0.7176582853502845,0.9301521134798674,0.8288247292151196,0.9688274750145475,0.6228311796140618,0.9364368411420321,0.9576217279226507,0.9332303128187658,0.9791284508643373,0.9301521134798674
p128_I,0.7070424491923153,0.7932109827381262,0.5271113765339912,0.8971106930340165,0.7993700008850906,0.8353231768642491,0.9864896464341393,0.9590101903194501,0.5667217275818067,0.8208122474227109,0.8099519168626648,0.763777927592534,0.763777927592534,0.6809422183293732,0.9851916360592898,0.8431538582389897,0.8868218163524273,0.7005689296405755,0.9522302390583732,0.8614494698822031,0.6596730668024531,0.7783596077126393,0.8785382007702358,0.8369172238728211,0.7478952262612744,0.6913839274823115,0.756925912096718,0.6792237175880043,0.8614494698822028,0.8035564307051546,0.7428426711976277,0.8258426771468561,0.8009347235614797,0.8049962043806351,0.7993700008850906,0.8173748798116489,0.8144472611771492,0.7502106230987007,0.830271740571741,0.6947647484082904,0.5602903822246854,0.6974438891813024,0.9839476580038089,0.6975884994347257,0.9387801780547111,0.48949893651554155,0.7929984735168571,0.5681072510584968,0.6947647484082906,0.512605590538103,0.8880618610263926,0.39496300903680437,0.6913839274823116,0.8675831283886293,0.8186345229676761,0.7311298060778155,0.8995234374652197,0.7780046509581313,0.7013886281390428,0.81708409814679,0.5768110448161679,0.5542138455743513,0.9085436213669944,0.8525145766145708,0.8089555424152617,0.5332606338761281,0.9252805873349976,0.7240018792572028,0.7797012513711858,0.9522302390583732,0.6559041746170047,0.6947647484082906,0.8557200473059943,0.23180974352674688,0.7780046509581313,0.503779617398008,0.7545944733274379,0.8099519168626643,0.4281020129905221,0.8353231768642488,0.8746694091149853,0.8696406074290108,0.6777606622482097,0.9177286235252597,0.7780046509581313,0.6400186186593286,0.9126936452797437,0.7427113106726289,0.8360288716994912,0.7981856244137904,0.7780046509581313,0.5735766845788901,0.5894445342317003,0.5189551220146466,0.9026980527302397,0.8624919894400869,0.57895456680783,0.5386760583294259,0.22587596743020055,0.28253274128520833,0.7311298060778155,0.8530488725229222,0.7780046509581318,0.7146895172343299,0.7427033317293361,0.8173748798116494,0.5943359125550993,0.20855082105028744,0.7161445273067473,0.27956592447221273,0.5434810208662455,0.9713852355508772,0.4733201912971219,0.7265588931274705,0.8230236730198899,0.36256655070342825,0.9836725803103626,0.8117728822598587,0.8353231768642488,0.38743470920326506,0.8234077572565501,0.6636687314528373,0.7245926068511888,0.9647170394842246,0.9394445929137274,0.5046134865221268,0.7853943015979801,0.8485814956911846,0.9624492924114183,0.7833661589651719,0.426849109616276,0.8230236730198897,0.8630614034554609,0.830271740571741,0.78290509294786,0.6606665798122688,0.6292855638190482,0.8319518115156925,0.8319518115156919,0.8170840981467902,0.47586881911790424,0.8261452162494138,0.5083307113027862,0.551773756438033,0.735296197098094,0.5972977288065855,0.7044794459901239,0.28862663506828334,0.6854017038809374,0.27506121089864255,0.8967537235149903,0.5768110448161679,0.8232163640606633,0.9200804237222522,0.9252805873349974,0.7067752744916533,0.6517717829646612,0.7878943865473782,0.7299217038582673,0.5440119802620695,0.8661497146279945,0.9431244710320199,0.7797937382129825,0.413847361982701,0.6147579680641693,0.6533465318931659,0.6455588454364534,0.6739331244874185,0.9026980527302397,0.41974454705213804,0.838155654478205,0.7708083464141855,0.8268369115302492,0.77270393412978,0.7916477082128306,0.7699929922856232,0.8848025594350111,0.9633339560501861,0.8423457904242859,0.6391372329800369,0.9762850146996082,0.726324559290601,0.9416218453120706,0.7637779275925343,0.8628320447285662,0.4935559648382506,0.4678414948954205,0.5896789150823281,0.8675831283886294,0.7861567106940606,0.8897835080822863,0.7173678496095608,0.44649636381029234,0.24687768733972038,0.9171306370558384,0.7780046509581313,0.7788113047144827,0.923677695881671,0.8297825740643547,0.5477934124968646,0.6210246426428667,0.7911552055921389,0.7780046509581313,0.5088977124766794,0.25899294227219294,0.8561165010554985,0.7780046509581313,0.8308174893280695,0.6549597609918576,0.5938362787217999,0.6898458299687364,0.6182498375443946,0.7708083464141855,0.7780046509581313,0.8438558736730619,0.77800465095813,0.5206418923030147,0.49993611601648213,0.5097197189755309,0.7780046509581313,0.5558853968949383,0.7780046509581313,0.5605918340246232,0.839320934689194,0.6718862471853557,0.47196763606109937,0.7929984735168571,0.06602395559450513,0.81708409814679,0.809930938747963,0.7225725701981341,0.8106136891524247,0.7314244542000972,0.7210958929026965,0.8319518115156923,0.982391996343409,0.7694671580927854,0.8736708688394106,0.7588066706042511,0.8567412435213532,0.6182722187137668,0.7494696517315873,0.5739261680597614,0.8364867092148461,0.7780046509581313,0.5949239853095305,0.7780046509581313,0.6573404388073053,0.6479769357244238,0.7947330852070881,0.8188417259692594,0.11437335670464366,0.8078642642936519,0.6129771894177153,0.7245926068511879,0.5941536559893037,0.95551130487298,0.38839682178046075,0.7866487334406878,0.551773756438033,0.9172342066601351,0.2983367699932108,0.7708083464141864,0.9324116745150108,0.5534627985875695,0.830271740571741,0.6032803790383718,0.7044079836115709,0.838916885443749,0.8093534877442213,0.5954645220427581,0.8569522690866245,0.4612198468241848,0.42732479377843013,0.4834940111013708,0.8173748798116494,0.25446976797887466,0.848997477673891,0.8247171728209968,0.9159643300969387,0.8173748798116494,0.8716151990763514,0.29812308375997054,0.9647407723987268,0.6038599484224556,0.7398972568851847,0.7929984735168571,0.7021395767940297,0.1552871830388447,0.7637872992793495,0.7929984735168571,0.9731496705350524,0.19255516317280397,0.8173748798116489,0.4331167716691713,0.625167649064193,0.4991406985655322,0.8668182609711191,0.9522302390583735,0.7780046509581318,0.8657533132940207,0.7637872992793495,0.8630614034554611,0.170062071810274,0.7191715209037859,0.8830740720259549,0.7375118896297241,0.8090017246333325,0.25433462355285963,0.6445423943666306,0.5533866962473657,0.6915115160147978,0.783520270067982,0.7414976417715664,0.5144849042396804,0.8614494698822026,0.6671524756003095,0.9320579771477777,0.9106590539893649,0.6549597609918558,0.6392118497238735,0.7866487334406869,0.7780046509581313,0.7947330852070879,0.9234901012629471,0.7005689296405766,0.8173748798116494,0.9706010318338414,0.9076947364122088,0.7780046509581313,0.9724733408176929,0.8117728822598591,0.8353231768642488,0.7503352453593215,0.6384747439121546,0.7124085863009615,0.8258426771468562,0.31253851589042425,0.3275973901475271,0.9110135621318771,0.7425483722735087,0.35638803219449144,0.8166739329437203,0.6343893594026344,0.34935244926777154,0.7357654281420147,0.6325608112841039,0.8353231768642488,0.08923461991127712,0.6452706284680294,0.0,0.7569259120967178,0.7708083464141857,0.966458280143307,0.6187974497562996,0.17975126059717406,0.1484351489816106,0.20784018277582383,0.7780046509581313,0.35482773063293616,0.7601822951112567,0.7080992620939184,0.8649432759953593,0.8208122474227106,0.30317694341523227,0.7780046509581313,0.7780046509581313,0.685401703880937,0.5667217275818074,0.46493530506645286,0.77800465095813,0.8967537235149905,0.778004650958132,0.7005938978479769,0.5507363224907991,0.22264717747477525,0.8061796741685838,0.6866317827409303,0.8496550108682432,0.26685417920781407,0.18638769392513554,0.7780046509581313,0.5245980022415044,0.6718862471853555,0.12688964931850966,0.28406558863218556,0.8060616962846865,0.667169056840786,0.7929984735168571,0.1178567279223498,0.7780046509581313,0.29649369864073716,0.8742966847483227,0.7687194736998688,0.7348451649907659,0.807864264293652,0.28720631533971863,0.7755726733300907,0.7780046509581313,0.6751192062397763,0.547356343120263,0.7780046509581313,0.8754585342652976,0.5613705173184891,0.5669681684745607,0.20503074029197155,0.13349427828440963,0.7780046509581313,0.9247653477825999,0.5375623323880888,0.9382719339501255,0.7204082006518739,0.5378319523029628,0.5990541426110156,0.6043124458463621,0.6095667622659846,0.7929984735168571,0.6869349242050353,0.5035978683337807,0.8328000260887205,0.36321198149861933,0.788724637094502,0.448740619508857,0.9014072881109929,0.8008422195759235,0.7440008684175132,0.7780046509581313,0.9859440788700544,0.7182216281686451,0.6001194082609496,0.8261496131115464,0.8285544663617757,0.8170840981467904,0.6790429738482108,0.9887650186521642,0.8170840981467904,0.8827316108678223,0.8343546973790357,0.8675831283886297,0.5439686598894602,0.747001494291758,0.8117728822598589,0.33397701533084045,0.8208122474227105,0.8349282890093557,0.9471454627925089,0.5664590727761316,0.8971852796386459,0.8614494698822028,0.6726399802620866,0.6792237175880043,0.8213916608183505,0.7506046520389973,0.8496550108682435,0.6411811175295712,0.9731496705350524,0.8917027378806983,0.9174532864789899,0.9773841771387457,0.8921023247330178,0.709149131800601,0.7776298171081084,0.6823314798467393,0.44113529842989374,0.4469071773755797,0.6688745586072171,0.9387801780547111,0.7290087853465717,0.645573776845898,0.6902040370753015,0.7485101984028704,0.9014072881109934,0.21517117915471218,0.8261496131115468,0.5098396327696684,0.7035867637948567,0.7580395625586962,0.6559245800575981,0.7929984735168574,0.9197056990053938,0.4589232581722795,0.8649432759953595,0.7578531641989149,0.8117728822598589,0.6564192042757093,0.636513078657833,0.9382719339501255,0.8387436848150631,0.8088842737990019,0.7569259120967182,0.8258426771468563,0.8454867220715397,0.6923862095274018,0.30005597694172415,0.619392672389655,0.7708083464141855,0.7708083464141855,0.5898953751273907,0.8049971072494542,0.7829050929478594,0.43932438713892386,0.7780046509581313,0.8412846402989773,0.7780046509581313,0.7780046509581313,0.18354080187937416,0.9242763754517511,0.683183260685363,0.7780046509581313,0.44794560213725054,0.2690766877513159,0.9414772739491487,0.8448900819054246,0.5538929964252635,0.4569762540391973,0.8474322423102605,0.9934778446978249,0.27887427657906627,0.8439965731990657,0.8946309800151979,0.9059428360664097,0.6289762449985734,0.5681054630441116,0.5641965533693907,0.6722158124104385,0.8439965731990657,0.8098383097811255,0.7240760571782803,0.8412846402989775,0.6095667622659846,0.7929984735168571,0.761349733738993,0.7463377045833348,0.9844586477467469,0.7870618514072054,0.44816735244511785,0.7065367683315564,0.5768110448161685,0.7098182270961277,0.9765923187546537,0.7866487334406873,0.8496550108682437,0.7853943015979803,0.9149822340699343,0.3825974634823338,0.5051348196794456,0.9252805873349979,0.5754298153898647,0.9573030985407217,0.6588145043616724,0.5177485771782262,0.8529401804129992,0.22358138988162102,0.6982095159283939,0.8724792971491389,0.2247844986443448,0.33397701533084034,0.6945624501566039,0.23852447101104501,0.7545944733274381,0.6677017974904956,0.7639159630763073,0.7780046509581313,0.8008422195759235,0.7348428634645725,0.771194977674639,0.5694202402452535,0.7225725701981331,0.7831899103474057,0.7800049306491321,0.3123928335807169,0.7870618514072059,0.1322270370714851,0.8614494698822028,0.25554790891336987,0.8261496131115468,0.4122918628001514,0.8170840981467904,0.9531070249498175,0.8451706575563754,0.7947271048367865,0.7348703036049686,0.7305767527081108,0.7369016142199487,0.1722511616313105,0.3979591673383738,0.7590085251200305,0.49124754997185516,0.4340718067420992,0.6621610827297761,0.8967537235149903,0.8644083233117048,0.7788113047144831,0.5127078093497033,0.6779560393487581,0.782409101325743,0.7981856244137902,0.3030998427544125,0.31790154032222473,0.9467915377189187,0.5567640044952331,0.8767243319497848,0.7524809473273442,0.7275053930619251,0.8389168854437492,0.82037873399867,0.6923862095274018,0.8093550049470909,0.8133978269643339,0.7614321208592263,0.8185324835917436,0.8008422195759235,0.8724792971491389,0.7780046509581313,0.6912583077286336,0.4392857602046001,0.4366240749596283,0.6505650356666179,0.77800465095813,0.5186322437382362,0.30749796646345984,0.5768110448161681,0.6809422183293732,0.5796169142609193,0.5271113765339912,0.5379621838782034,0.8948849368353187,0.7041060636550829,0.9977894648842438,0.5503461642669298,0.6301801172390213,0.8089555424152615,0.5747554742981889,0.8995234374652197,0.996825129961915,0.7396957914196509,0.8724792971491389,0.6943933232625669,0.7904356987130698,0.8724792971491389,0.7436295523044572,0.8574250296183685,0.8061796741685836,0.5798266538280121,0.5242626728165809,0.8117728822598592,0.771194977674639,0.7701028389685365,0.31950174931563335,0.15787280730165265,0.7708083464141857,0.9874997712145344,0.808884273799001,0.7708083464141857,0.7981856244137904,0.9945593654673011,0.7780046509581313,0.7754488325827292,0.9251305032885435,0.7780046509581313,0.7124085863009615,0.5378181595977609,0.8117728822598584,0.7929984735168571,0.8354243808638633,0.7788113047144829,0.7981856244137902,0.3273928185901547,0.3874347092032647,0.7098182270961277,0.29658475227615444,0.7780046509581313,0.5943359125550993,0.7929984735168571,0.7797937382129825,0.26427167049282185,0.6339170929912337,0.8173748798116489,0.9016061399146567,0.7161445273067475,0.966803870355625,0.7711978456713608,0.918879767010391,0.9231335028101033,0.7335427009985804,0.8134085922291807,0.7720773639899197,0.834211814864384,0.9859440788700544,0.7375118896297232,0.7929984735168571,0.7487931360339288,0.35291906183553934,0.7780046509581313,0.9470547902208428,0.5588768880540333,0.8208122474227111,0.4565047684522543,0.7829050929478596,0.737172222857507,0.24656652428269565,0.8170840981467904,0.41026545330435704,0.053985496342333406,0.7780046509581313,0.7780046509581313,0.9034636980407,0.6146310524726988,0.7408195823766455,0.5669618223841278,0.34203281129420093,0.4268982149659659,0.42833539417998345,0.15896824312419944,0.7285265936878089,0.21892517267618306,0.7780046509581313,0.8952014048158188,0.8008422195759235,0.830271740571741,0.2620197970987199,0.8173748798116494,0.3653149587668625,0.7780046509581313,0.7780046509581313,0.11465293221335815,0.778004650958132,0.1147156828629855,0.7545944733274381,0.38840907057205376,0.5602903822246852,0.984772929578184,0.8362798991484661,0.29228619373885456,0.46537939149768714,0.77800465095813,0.6296331645853783,0.17836016129944088,0.8725531803354876,0.8454867220715399,0.894630980015198,0.9087807253111791,0.7855983278368401,0.6400186186593286,0.7788113047144827,0.5859371821033488,0.7780046509581313,0.23180974352674688,0.8836869974400288,0.5630370346056579,0.6697559155408073,0.48047144258619934,0.7357654281420166,0.5717546254504429,0.4538450577855333,0.835424380863863,0.8800982113666795,0.3795974530059705,0.8533863751361543,0.8261452162494154,0.7884624346683209,0.9394445929137278,0.24351834916552295,0.7947330852070879,0.7981856244137902,0.5983583614720062,0.7215908919131214,0.7947271048367863,0.7229876143303902,0.8302717405717411,0.7213520202806054,0.8302717405717412,0.8302717405717408,0.5747554742981886,0.9957703942304204,0.5479522673074656,0.771194977674639,0.8614494698822028,0.7783596077126393,0.7938679733537374,0.39302204168166943,0.8262967737928704,0.763777927592534,0.7215908919131212,0.8046563610246542,0.7788113047144821,0.5439967707169269,0.9961493261080439,0.6645692345751766,0.7004365397615417,0.7780046509581313,0.5580882485639238,0.9684201401478016,0.45283702119175173,0.8208122474227109,0.807834180937243,0.7035867637948574,0.6101425962102474,0.7780046509581313,0.3153723191518285,0.24922573605432907,0.905742219530919,0.12543197618170476,0.2193044086085032,0.1574422314528343,0.8319518115156923,0.4350831436107646,0.9248708294787312,0.9319928107111913,0.23314427756033096,0.7184545893849332,0.391847262258751,0.8353231768642488,0.7870618514072056,0.8061796741685836,0.8778710203618341,0.8871268839047368,0.2867530173275209,0.9934778446978247,0.25813598803855786,0.7711949776746386,0.7708083464141857,0.3657775471889907,0.40700212004146885,0.5777750275329079,0.23566785745201002,0.16400007878553147,0.7780046509581313,0.21681403699045476,0.40265328230475483,0.7005938978479769,0.7780046509581313,0.2916741808289769,0.9784690751812071,0.8173748798116494,0.9242763754517509,0.7981856244137904,0.49740331725872977,0.734815866259249,0.8068229047842788,0.9741813389942273,0.9628634284931812,0.8328000260887207,0.2685944732294283,0.7780046509581313,0.7358761241647982,0.7780046509581313,0.8117728822598587,0.5497759326610874,0.4790035808492955,0.830271740571741,0.8110179957471764,0.6232007418362122,0.5717546254504426,0.7398972568851847,0.7780046509581313,0.5345511272905583,0.2931160472710518,0.5703686655494611,0.8537493864631069,0.6479769357244216,0.9874997712145341,0.6722158124104387,0.6565036927684109,0.8758231153994434,0.5174482731846386,0.27325402769090124,0.8758231153994434,0.7398972568851852,0.8008422195759244,0.5140977924643781,0.8758231153994434,0.830271740571741,0.9177286235252593,0.7788113047144828,0.5440119802620695,0.7708083464141855,0.696313663949663,0.7573320209089753,0.6984668227176982,0.6479769357244229,0.7326873144368853,0.6129771894177127,0.6854017038809372,0.763777927592534,0.7701028389685365,0.8154259771106365,0.6612905388107695,0.6028717187104735,0.5653575273234217,0.9406856490105845,0.5992911629383975,0.7802590308511559,0.8078642642936515,0.8230236730198897,0.7379859415285477,0.8973047875643925,0.9018073277737217,0.7870716654595453,0.7316543279371581,0.8630614034554607,0.8089555424152615,0.984453079924043,0.6883248736660695,0.7195720045209191,0.7789260165559259,0.7125566066443654,0.9307388360590545,0.8411057039016188,0.736123635130915,0.8061796741685834,0.582094205546638,0.6112035506686251,0.7991344692779756,0.5844619587463628,0.8399431617161797,0.9970698702824426,0.8348337895546978,0.9868640066581484,0.7130998968707799,0.8608426355012857,0.8822491990500552,0.8849839315467805,0.9734588913096895,0.911239412021809,0.737172222857507,0.9393812307409579,0.8529401804129995,0.8885884230886676,0.7447418284980125,0.8230236730198899,0.8435002207563183,0.5035978683337814,0.6736519228114513,0.9731496705350526,0.9609459961444141,0.41158857131970117,0.7744805025669328,0.8170840981467902,0.8437324975805105,0.3957664785693168,0.9370257593410318,0.5913618851060347,0.996825129961915,0.365379883576882,0.7348703036049682,0.8412846402989773,0.5330342042517624,0.9493071771996893,0.8725531803354876,0.856116501055498,0.7679617003910136,0.8792005618832209,0.876035773765202,0.8412846402989775
p128_S,0.905804774349823,0.9890537762576723,0.7190038823664417,0.9573800935979493,0.9443834278905732,0.961397387740879,0.9729958241255616,0.9333540468840965,0.8946812791236378,0.9564441004788367,0.4922901047146938,0.9425805352069323,0.9425805352069323,0.9581457206590637,0.9842007774937603,0.8745195447781491,0.9949392712550607,0.9716572732363804,0.9542468650366518,0.9676769377237683,0.9418603109760093,0.4544983803533533,0.9294643302252341,0.9462347596389562,0.4679897982754916,0.9249834296604695,0.9492240215924427,0.9085080245777923,0.8917979759263727,0.9617810415329375,0.9178801133263081,0.9830316367629123,0.9374201804111681,0.951872084571389,0.9443834278905732,0.9732924283946004,0.3668907135029361,0.9919304969477558,0.9587434581480645,0.9845948329923002,0.9596253481255899,0.9264564493231813,0.9587434581480645,0.9046463136602705,0.9391025641025643,0.9728655304081575,0.3419997922501381,0.8910426583248507,0.3874017371893117,0.8815270484708906,0.9501049319099926,0.9196918014641373,0.9249834296604695,0.9357714224531068,0.9374201804111677,0.9220929278982624,0.8969439783075258,0.944383427890573,0.8186006311079024,0.4291529031175001,0.8971337307079472,0.923379658690215,0.9716572732363806,0.8898393963217797,0.9783779352946236,0.8613516681282445,0.8493047741087221,0.8708970510157363,0.8883008307733519,0.9542468650366518,0.9972272780214035,0.9694672365613164,0.9443834278905732,0.8102331311923987,0.944383427890573,0.7687465418993616,0.9836426671336507,0.9862951408967355,0.8992256158214422,0.9587434581480645,0.9341536654578784,0.9762262925984149,0.9632197151594928,0.92498342966047,0.944383427890573,0.9693293687840345,0.9142011596821673,0.8123411346234963,0.7452587217982685,0.9425805352069327,0.944383427890573,0.8521602387539979,0.9954207693560854,0.8696521422946042,0.9192692664872615,0.8910426583248506,0.8577201813991228,0.7655752741549569,0.8027946585739212,0.828135182106472,0.8969439783075258,0.948139835478085,0.9950603702402812,0.953793579743042,0.6602350307561522,0.24868536270712194,0.6221148235967855,0.7780757216617364,0.9310020898787328,0.8126806934976472,0.8899469629462304,0.9739085258807387,0.8150157770573554,0.4983933391020394,0.341999792250138,0.7887311847436811,0.9890537762576723,0.9542468650366516,0.9587434581480645,0.8445863152939237,0.9046463136602705,0.9004508772427264,0.9688298914803046,0.9612320790184807,0.92498342966047,0.7582669851454547,0.3668907135029361,0.8480451455932465,0.9425805352069323,0.9072118677365053,0.8606818700890231,0.9873274034062991,0.9830316367629125,0.9587434581480645,0.8375506072874499,0.9141327700514328,0.8675814580264318,0.9501049319099926,0.24753389216486288,0.9408215498230332,0.7415429230555963,0.2847662815472136,0.8077701178076944,0.9592018085247602,0.8956039029856382,0.9021135127330808,0.8827041791382022,0.8270835681605351,0.9235293061149328,0.9781302557243623,0.9564441004788364,0.8971337307079472,0.7570132038541315,0.9328517848460851,0.9501049319099923,0.923529306114933,0.9452509356335399,0.9449459571559087,0.8120306629523002,0.9325979598111729,0.9464665666537814,0.9481398354780852,0.9762262925984149,0.7834491233257193,0.7341517943295626,0.8524089975425965,0.8771354040135098,0.6914448928553572,0.9632197151594926,0.830620371090681,0.9996171864694428,0.41016165887493017,0.9220929278982626,0.9652664241210924,0.8470917731307438,0.947415451490929,0.9542468650366516,0.8884720125034238,0.9226673352539047,0.9403311389782558,0.9033760264581219,0.91070711883143,0.9673337013468153,0.9425805352069323,0.8746367075465767,0.6479414855219373,0.8445863152939239,0.8922505553843605,0.9357714224531068,0.9592864686575604,0.9408215498230332,0.894681279123638,0.7940747374495478,0.7698170080916689,0.8971337307079472,0.944383427890573,0.9462347596389562,0.9408215498230332,0.8910426583248505,0.8254595615730081,0.9481052266646683,0.9425805352069323,0.944383427890573,0.6962202685550083,0.7698170080916693,0.9564441004788367,0.944383427890573,0.8447015157141504,0.9072118677365058,0.8756817347288377,0.8434311705717132,0.9227502900618001,0.8220529899137439,0.944383427890573,0.8422747629288032,0.9443834278905728,0.836501789474912,0.9333237935683505,0.9017694982979337,0.944383427890573,0.6574204612622752,0.944383427890573,0.7577757959214532,0.8983688348924415,0.9882023505376627,0.6747630921837107,0.9873274034062991,0.7754488325827293,0.940821549823033,0.48070897431082515,0.9325645805415601,0.8834329601470297,0.7725977371661472,0.9111295270090605,0.9830316367629124,0.8898393963217797,0.9134382310844182,0.8934633408766901,0.9562462491840289,0.659101881209087,0.9072118677365055,0.9391025641025641,0.86830379467428,0.9408215498230332,0.944383427890573,0.8934633408766899,0.944383427890573,0.9757267715031767,0.9860639133827616,0.9501049319099926,0.9206732387984036,0.7494696517315876,0.9462347596389562,0.9059247833199469,0.5180738075959727,0.882805383470266,0.9341536654578784,0.8480451455932465,0.9481398354780852,0.9289910671862719,0.8897444847827978,0.8294438503508301,0.9425805352069327,0.9521375655065456,0.9985333851600511,0.9587434581480645,0.8447015157141502,0.8836082184369263,0.9264564493231813,0.8583858153873956,0.8921954996634238,0.9501049319099926,0.8341365508598,0.9345749549280156,0.853386375136155,0.24868536270712194,0.8126806934976472,0.9059247833199469,0.8306670288758257,0.9630848476738871,0.24868536270712194,0.8376345900059796,0.8229344304111246,0.9521375655065456,0.8886405262183212,0.8314344420445828,0.9873274034062991,0.9518720845713888,0.7887256191380703,0.42915290311750054,0.9481398354780852,0.9481398354780852,0.723910590678223,0.9542468650366518,0.9330309441919717,0.8411169961963991,0.7075683818320471,0.8572127069833315,0.9542468650366518,0.7528355627636971,0.9694672365613162,0.9980965995557116,0.9830316367629125,0.7834491233257195,0.8886405262183212,0.9873274034062991,0.9845948329923001,0.9085080245777923,0.7253951489942084,0.9008583849785583,0.8733592706140672,0.9568760853924656,0.7843300561281432,0.8199382162592157,0.8966112825397485,0.8159190141289774,0.9306570238192786,0.9676769377237683,0.5999597822429991,0.9072118677365053,0.9114077787966289,0.948139835478085,0.944383427890573,0.9501049319099926,0.8934633408766899,0.7949735088840669,0.24868536270712194,0.9521375655065456,0.9985778460732369,0.944383427890573,0.5180738075959727,0.9542468650366518,0.9613973877408789,0.6431436481742865,0.7387300849644922,0.8306670288758258,0.9501049319099923,0.8175324891292579,0.7018697944792928,0.9810860991992141,0.9374201804111681,0.9810905333178255,0.9481398354780852,0.9111295270090607,0.7045068926851458,0.9357714224531068,0.902113512733081,0.961397387740879,0.7433358779711337,0.9111295270090605,0.7569259120967178,0.0,0.9425805352069327,0.9137935530290915,0.932597959811173,0.7887256191380703,0.7900304636463151,0.6931501918955674,0.944383427890573,0.8399577749125604,0.9098137391625774,0.8814481532394802,0.6067586926238707,0.9564441004788367,0.830620371090681,0.944383427890573,0.944383427890573,0.9235293061149328,0.894681279123638,0.9230883978750236,0.9443834278905728,0.9564441004788367,0.8739479665019894,0.9581457206590638,0.7341517943295626,0.7958561640457558,0.995060370240281,0.8695874503983438,0.9836426671336507,0.6955676483679541,0.7362858947045936,0.944383427890573,0.7523315123784773,0.8524089975425966,0.7554525199820892,0.7583906936896536,0.5701168087461792,0.9629742108258436,0.9481398354780852,0.7767163393241143,0.944383427890573,0.7255936288114716,0.92498342966047,0.8075027438302229,0.9969799385767352,0.9462347596389562,0.7247555295104204,0.9535591865156563,0.944383427890573,0.8862550362254638,0.7860990203693252,0.944383427890573,0.9165049484215362,0.8536229840733227,0.7307312927656808,0.6989031042017522,0.7834491233257195,0.944383427890573,0.7843727211063929,0.8708970510157363,0.9521375655065456,0.7097931935054249,0.7518871937866645,0.8983688348924415,0.8996102754967266,0.9429210844216709,0.3419997922501381,0.9232833700357419,0.8756817347288377,0.978616554847229,0.8387970042600204,0.9553548974291887,0.7504936221042356,0.9294643302252339,0.31439732349195837,0.981668883187709,0.944383427890573,0.9542468650366518,0.9630848476738874,0.9273405050304726,0.9341536654578784,0.5889553901744097,0.9408215498230332,0.8839887464834983,0.9462347596389562,0.9408215498230332,0.9615633836644074,0.944383427890573,0.9890537762576723,0.7583314518462478,0.8894642527025184,0.9542468650366518,0.8317946002619978,0.9564441004788364,0.9357714224531068,0.9294643302252341,0.877573231681927,0.9325645805415599,0.8159190141289774,0.8530070334834143,0.9085080245777921,0.9481052266646683,0.9264564493231813,0.9325645805415603,0.7139253475160504,0.9873274034062989,0.9518720845713888,0.9705887000705996,0.7950258599351094,0.9754970377701451,0.8898393963217797,0.9341536654578786,0.9178801133263081,0.9552016686278094,0.7509790904695648,0.9684426716848205,0.9949392712550609,0.79647451910913,0.5241101826708048,0.915143000726456,0.927949622966975,0.9294643302252341,0.6950849551494085,0.9341536654578786,0.8229362476275743,0.927949622966975,0.6196758583859587,0.756645666316297,0.987327403406299,0.9698077026919338,0.8207836958759587,0.9290437380995717,0.8898393963217797,0.9542468650366518,0.7309058720430988,0.8815270484708906,0.9521375655065456,0.9483551875577274,0.9949392712550607,0.9949392712550609,0.9501049319099923,0.9542468650366516,0.9954159552893473,0.6811592415007195,0.9819096433504795,0.41016165887493017,0.9425805352069325,0.8065325776074825,0.8983688348924415,0.9391025641025641,0.9289910671862718,0.944383427890573,0.2835329433063227,0.944383427890573,0.944383427890573,0.8015399251065851,0.9294643302252339,0.8851576851792984,0.944383427890573,0.7913298192830454,0.8223314825479056,0.9072118677365055,0.9910014276700172,0.7523315123784773,0.8711318569200492,0.8894642527025183,0.8934633408766901,0.8247130225158625,0.9374201804111679,0.8756817347288377,0.9521375655065456,0.9098137391625771,0.8348634546501432,0.8422747629288032,0.38848843559893675,0.9374201804111679,0.9408215498230332,0.7677804724276474,0.9783779352946236,0.5671085498453681,0.3419997922501381,0.8980516101285153,0.9325645805415599,0.9264564493231813,0.9786165548472288,0.8341365508598002,0.5701168087461792,0.8971337307079474,0.9294643302252341,0.9124559366883973,0.9481398354780852,0.9325645805415603,0.9913221015557613,0.625821130648508,0.843431170571713,0.9897770041581087,0.9501049319099926,0.9869887399367074,0.9391025641025641,0.903842949892731,0.5617344414465989,0.9425805352069325,0.7554525199820894,0.9632197151594926,0.961397387740879,0.7135381794836078,0.8317946002619978,0.8934633408766899,0.7170495367094288,0.8631230730900764,0.8983688348924415,0.8710438663027387,0.944383427890573,0.31439732349195837,0.9483551875577274,0.9443834278905732,0.9644061792743,0.9325645805415594,0.9408215498230332,0.5093749007737365,0.6976890055258539,0.978616554847229,0.7860990203693252,0.9564441004788367,0.7305691741022129,0.9341536654578784,0.853793834586861,0.9408215498230332,0.991930496947756,0.8319998445807038,0.856231995324726,0.8789436985072656,0.8243797917083937,0.8687343538965773,0.7063431845071195,0.8503465187788171,0.9518720845713886,0.8151135627519488,0.7156009781028011,0.9178801133263084,0.9676769377237683,0.868661872839342,0.9462347596389562,0.7921759038336902,0.8934633408766897,0.8827041791382022,0.9425805352069327,0.7533705379959403,0.7053621865425033,0.8016790795187665,0.8675814580264318,0.948139835478085,0.9903850005315029,0.5336316937031133,0.9264564493231813,0.8922505553843605,0.5185443326754531,0.9310020898787328,0.8886405262183212,0.9341536654578781,0.9425805352069325,0.31439732349195837,0.9587434581480645,0.944383427890573,0.9111295270090607,0.9998217123097293,0.9220826437497919,0.9638865172683292,0.9443834278905728,0.8722007603974484,0.9779036809101056,0.8971337307079472,0.9159086277875701,0.7095855292243148,0.9853165951415537,0.8698884442909975,0.9476645839117388,0.9652524543463294,0.956577396528704,0.8646769443713584,0.9465236185105816,0.2835329433063227,0.6068495352595247,0.8969439783075258,0.9481398354780852,0.8562319953247265,0.9613973877408789,0.9206732387984036,0.9980965995557116,0.961397387740879,0.9357714224531068,0.9874255252046317,0.9950603702402812,0.9652664241210924,0.7429511968756924,0.9542468650366518,0.944383427890573,0.9325645805415601,0.7464223188279442,0.7834491233257195,0.9425805352069327,0.9501049319099923,0.9391025641025641,0.9425805352069327,0.9425805352069327,0.9111295270090606,0.944383427890573,0.9391025641025641,0.8983688348924415,0.944383427890573,0.9762262925984149,0.9211348317847647,0.9542468650366516,0.3419997922501381,0.9521375655065456,0.9462347596389562,0.9425805352069327,0.7272642534026103,0.8445863152939237,0.9294643302252339,0.8258996239394496,0.944383427890573,0.880315930564125,0.987327403406299,0.927949622966975,0.8000539660442738,0.5422318497454319,0.9732924283946002,0.9913221015557613,0.9310020898787328,0.9466378905596333,0.9810860991992141,0.3894983515488182,0.9466378905596335,0.9555104155252476,0.9087120239050035,0.8470759643532821,0.9862951408967355,0.9732924283946003,0.9386569025459167,0.3419997922501381,0.9909735478358417,0.8270835681605351,0.944383427890573,0.9950603702402812,0.749257273026007,0.9564441004788367,0.9866769299907838,0.3908569500674792,0.9862951408967355,0.8077701178076946,0.9408215498230332,0.7712109590961942,0.7641667720662375,0.944383427890573,0.944383427890573,0.9059247833199469,0.7247555295104204,0.9994608468667848,0.8924776269252875,0.830620371090681,0.9903155969187698,0.7626270233785224,0.7807750058510712,0.8837352444465887,0.7951960389045738,0.944383427890573,0.8910426583248505,0.31439732349195837,0.9587434581480645,0.9683542453715188,0.24868536270712194,0.8151135627519486,0.944383427890573,0.944383427890573,0.7524792710367252,0.9443834278905732,0.7872856147178924,0.5055764669454443,0.9842997461902936,0.8898393963217797,0.9206732387984038,0.6565519169534522,0.8187369563429279,0.9660840200628469,0.9443834278905728,0.8562319953247262,0.8002806456228628,0.3668907135029361,0.9542468650366516,0.8756817347288377,0.8426619793851029,0.9779039859151866,0.8887581074151093,0.9462347596389562,0.807502743830223,0.944383427890573,0.8102331311923987,0.9290437380995717,0.8898393963217797,0.6539044351685208,0.9411650622106333,0.9357714224531068,0.8959046461825675,0.6194914444349651,0.9521375655065456,0.8560901005086947,0.8491962167565534,0.9391025641025643,0.9564441004788367,0.9151430007264558,0.92498342966047,0.7951960389045738,0.9501049319099926,0.9425805352069327,0.797725304048008,0.9220929278982624,0.9745100637941104,0.9137935530290915,0.9587434581480645,0.9860639133827616,0.9587434581480645,0.9587434581480645,0.5354656604218408,0.9124559366883973,0.8862550362254638,0.9443834278905732,0.9564441004788367,0.35234220716917153,0.9325645805415597,0.6684505578431407,0.9374201804111684,0.9425805352069323,0.9220929278982624,0.8838844233706618,0.9462347596389562,0.9283230888823257,0.9098137391625771,0.8065325776074825,0.7821151507000712,0.944383427890573,0.8854493278508869,0.995060370240281,0.7698170080916693,0.9564441004788367,0.9739085258807387,0.9279496229669755,0.6711463395933318,0.944383427890573,0.7860990203693252,0.7135381794836078,0.9279496229669753,0.7874151753009928,0.8102331311923987,0.7951960389045738,0.31439732349195837,0.8052908861542929,0.8353300330663124,0.8924776269252876,0.7449828491796289,0.9722312205307764,0.6731008192402973,0.961397387740879,0.978616554847229,0.9950603702402812,0.730288191790051,0.8927189720995331,0.8235236725291664,0.8934633408766901,0.7063431845071195,0.944383427890573,0.9425805352069327,0.8270835681605351,0.9774133038851731,0.669602877457087,0.7554525199820894,0.7289226937146789,0.944383427890573,0.7684157506030163,0.6809575400340839,0.9996171864694428,0.944383427890573,0.8247130225158625,0.9919304969477558,0.24868536270712194,0.9294643302252339,0.9425805352069327,0.9155178894548981,0.92498342966047,0.6997515769421838,0.9673337013468153,0.9143370995839922,0.9786165548472288,0.7026549898170111,0.944383427890573,0.9206732387984036,0.944383427890573,0.9542468650366516,0.9651152981916035,0.8733592706140669,0.9587434581480645,0.9192692664872613,0.8882420183245308,0.895904646182567,0.45130060620114154,0.944383427890573,0.8163247221854023,0.804044945903482,0.7686384785694198,0.9087120239050034,0.9072118677365058,0.9830316367629124,0.9178801133263079,0.9165049484215362,0.9085080245777923,0.8827041791382022,0.7289226937146789,0.9085080245777923,0.9573800935979495,0.9830316367629124,0.7397154644004935,0.9085080245777923,0.9587434581480645,0.8883211960358876,0.9462347596389562,0.6432742166951539,0.9985778460732367,0.9165049484215366,0.9754970377701453,0.9148161375677795,0.6196758583859592,0.9294643302252341,0.9059247833199469,0.9235293061149328,0.9425805352069325,0.9325645805415601,0.8731094375876021,0.49353769907263545,0.9630848476738874,0.8718705422990427,0.9033760264581221,0.9368208004805827,0.9694672365613162,0.9462347596389562,0.341999792250138,0.9276677015291239,0.9513129424308564,0.58895539017441,0.9901683301057446,0.8910426583248507,0.3143973234919585,0.2835329433063227,0.9532377069979956,0.9192692664872615,0.9981209733943233,0.9098137391625776,0.5618962983676252,0.9238977882950017,0.9810860991992141,0.9165049484215366,0.3894983515488183,0.8484696318017606,0.9905329065964061,0.5931420433533714,0.8910426583248507,0.9196918014641375,0.9783779352946236,0.9518720845713888,0.9563502722233992,0.9249834296604695,0.9492240215924428,0.5533253494459678,0.9596253481255901,0.9501659674597744,0.7890971283929678,0.44014862927583687,0.9127504202483341,0.9985778460732367,0.9676177866570979,0.9388356782863467,0.9227946422906831,0.3668907135029361,0.8756817347288379,0.9206732387984033,0.9873274034062989,0.9925690576705835,0.8503465187788164,0.9431712759450812,0.9446283507116099,0.4291529031175011,0.8163247221854024,0.927949622966975,0.9994608468667849,0.987327403406299,0.8457402940353766,0.5410070110871862,0.2835329433063227,0.8827041791382022,0.9739085258807387,0.9913221015557613,0.9564441004788367,0.9066666273465951,0.9542468650366516,0.9345162101060189,0.2835329433063227
p128_T,0.7444044463437758,0.9394396415413289,0.8882932693469465,0.9199893491338635,0.9475597985845114,0.9610996995613952,0.6954540247876126,0.742840722786176,0.90069623628167,0.9589316626844855,0.9379142777971525,0.9458598726114653,0.9458598726114653,0.9199893491338635,0.9077040005624186,0.5424031201389157,0.9425805352069323,0.9292677720165115,0.9568599156354454,0.9589316626844855,0.8838795614232458,0.9364159486136474,0.9334927596276978,0.9493053971730236,0.93494269483405,0.9292677720165115,0.9425805352069323,0.9137333093884032,0.9589316626844855,0.7666156616807629,0.9225701399051962,0.9529545363721539,0.9409942357230063,0.916205092712921,0.9475597985845114,0.9667798280829099,0.9493053971730236,0.9409942357230057,0.9610996995613954,0.9763068251524243,0.8961308828316217,0.9306566646589698,0.9610996995613954,0.950802817126357,0.9425805352069323,0.8425062304790463,0.9511016704226434,0.8972654241994793,0.9278966962971924,0.8882932693469463,0.9529545363721539,0.8447105394237198,0.9292677720165115,0.16216355622584455,0.9409942357230059,0.9265423524364669,0.9265423524364669,0.03139863267861631,0.7298985716672586,0.9442013463068037,0.903008623582165,0.8541959247310256,0.9292677720165117,0.8961308828316217,0.9548710823073732,0.8187487405659168,0.9529545363721539,0.6359525852723971,0.7623458066664361,0.9568599156354454,0.9187169710212713,0.9278966962971924,0.9475597985845114,0.8210710864618282,0.03139863267861631,0.8827817928509327,0.9364159486136476,0.9379142777971523,0.8175818786954798,0.9610996995613952,0.9379142777971528,0.9829392900173883,0.3350690258836352,0.9292677720165115,0.03139863267861631,0.9149644520716045,0.9364159486136476,0.8259696831286127,0.8905160099774292,0.062008242787560564,0.03139863267861631,0.8882932693469463,0.8256727870749789,0.850191113818277,0.28875333724042895,0.4730096759862199,0.886081569479592,0.883879561423246,0.8140574394939937,0.8128743662973856,0.9265423524364669,0.9511016704226432,0.9475597985845114,0.8534622933489195,0.5945359220183861,0.9568599156354449,0.9041731885624824,0.8182787338913602,0.9349426948340502,0.8233788637195052,0.9042833811001103,0.9306566646589698,0.8284969009147187,0.9065205555971321,0.9511016704226434,0.7762855815640268,0.9394396415413289,0.9568599156354451,0.9610996995613954,0.8534622933489195,0.9100921482984174,0.881685977830595,0.9349426948340505,0.9225701399051969,0.9784534179462063,0.7474982699049919,0.9493053971730236,0.6221281312976874,0.9921318846009738,0.9125111785873636,0.8686385996787731,0.9511016704226432,0.9529545363721539,0.961099699561395,0.9425805352069325,0.8696295404751337,0.907995720661511,0.9529545363721539,0.9529545363721537,0.09008077800963976,0.7983153216862559,0.9589316626844855,0.8187487405659168,0.8675560447816315,0.9181361257449088,0.9077040005624186,0.8894031717904964,0.8369591621743946,0.9278966962971924,0.7505486208297516,0.9589316626844853,0.9030086235821644,0.8512827582389366,0.8773193685069614,0.9529545363721539,0.9278966962971922,0.8916319670140287,0.9112976020672161,0.9055736434610706,0.5762802320230619,0.7282232490337206,0.9511016704226434,0.9320645602494202,0.7624534917969603,0.9301255045824539,0.913733309388403,0.887379364622056,0.8961308828316217,0.9238799558250632,0.8402939714046163,0.9199893491338638,0.9458598726114653,0.9265423524364671,0.6679351743368398,0.849098097918449,0.874058087016832,0.9568599156354449,0.626241239715507,0.9174557485535395,0.5721895635481327,0.908894409671068,0.9194335589833611,0.9265423524364669,0.9458598726114653,0.6277740552271271,0.8790792081159238,0.8534622933489195,0.8984043359066818,0.16216355622584455,0.9212735133449719,0.9442013463068035,0.9006962362816697,0.8164111026582044,0.7829632068236254,0.9030086235821648,0.03139863267861631,0.9493053971730236,0.9442013463068035,0.5100523171517668,0.8302218952289888,0.8882932693469465,0.9458598726114653,0.03139863267861631,0.8643090749973119,0.7829632068236254,0.9611058687776594,0.03139863267861631,0.7139479314627482,0.9125111785873636,0.9168460830759904,0.6332637536939161,0.9018497344665103,0.9458598726114653,0.03139863267861631,0.6359525852723973,0.03139863267861642,0.8056825578273628,0.8336025791120698,0.8589669349625975,0.03139863267861631,0.6527839128027031,0.03139863267861631,0.6954540247876129,0.9041731885624822,0.913733309388403,0.8718884926994317,0.9511016704226432,0.7637779275925338,0.09008077800963876,0.9334927596276978,0.9364159486136474,0.9415490144516763,0.7749639526724739,0.9162050927129202,0.9529545363721539,0.4787658847550451,0.8871861256568152,0.8995478568587887,0.8938740030413763,0.9125111785873636,0.9125111785873636,0.9425805352069325,0.881685977830595,0.9442013463068033,0.03139863267861631,0.8995478568587887,0.03139863267861631,0.7248314800141329,0.9540589546097205,0.9529545363721539,0.9252037445446057,0.7637779275925338,0.9493053971730236,0.9112976020672166,0.9349426948340498,0.8894031717904967,0.9379142777971528,0.8567235831170401,0.9511016704226434,0.8675560447816315,0.8675560447816315,0.8391846440543809,0.062008242787560564,0.9719050365344921,0.8517996688283256,0.9610996995613954,0.8279535638583029,0.8279535638583029,0.2692511698375556,0.8664736771305535,0.9030548171550652,0.9529545363721539,0.8436093353026792,0.790750249185658,0.7981856244137907,0.9568599156354449,0.8517996688283258,0.9112976020672157,0.9320645602494202,0.8984043359066816,0.9568599156354449,0.8767155864943414,0.8080982554965415,0.9548710823073732,0.9315076677030101,0.9199893491338635,0.9511016704226432,0.9162050927129206,0.800791910286496,0.9442013463068037,0.9511016704226434,0.9808926695348984,0.8195726318328564,0.9568599156354451,0.7920258334641643,0.6686761625805101,0.8816859778305952,0.868447911134095,0.9568599156354454,0.9475597985845114,0.9278966962971924,0.9442013463068033,0.9765837058865926,0.7958167654209827,0.8950004825334388,0.9511016704226432,0.9278966962971924,0.9137333093884035,0.7160993340227442,0.9065205555971318,0.8805919691825626,0.6746336145137789,0.813050805815297,0.7098574690332745,0.9006096463746007,0.9589316626844853,0.90069623628167,0.9589316626844853,0.9162050927129202,0.9125111785873636,0.9065205555971321,0.9511016704226432,0.03139863267861631,0.9529545363721537,0.8995478568587887,0.9292677720165115,0.9568599156354449,0.971905036534492,0.9458598726114653,0.03139863267861631,0.93494269483405,0.9568599156354454,0.9547434413197933,0.9077040005624186,0.8175818786954796,0.9320645602494202,0.9529545363721539,0.8279535638583029,0.8233788637195052,0.9349426948340502,0.9409942357230066,0.8358428353123903,0.9808926695348984,0.916205092712921,0.8056825578273625,0.9394396415413284,0.9476386094693983,0.9610996995613952,0.7853897569350805,0.9162050927129202,0.7708083464141857,0.9425805352069327,0.0,0.9187169710212713,0.8816859778305952,0.800791910286496,0.8297542008516978,0.8128743662973856,0.03139863267861631,0.879079208115924,0.9149644520716045,0.9174557485535395,0.9149644520716045,0.9589316626844853,0.8402939714046165,0.03139863267861631,0.03139863267861631,0.9278966962971924,0.9006962362816697,0.8545503661181639,0.03139863267861642,0.9611058687776595,0.9475597985845114,0.9644994759182183,0.8938740030413763,0.8104036875498974,0.9475597985845114,0.9212735133449717,0.9364159486136476,0.8268147748355974,0.976122021280873,0.03139863267861631,0.8773193685069602,0.913733309388403,0.7967943813008358,0.9813880287156102,0.9212735133449719,0.8819908918248773,0.9511016704226434,0.7894685038194522,0.03139863267861631,0.8182787338913602,0.9292677720165115,0.8545503661181646,0.8529987839804387,0.9493053971730236,0.8256727870749789,0.9409942357230059,0.03139863267861631,0.8927512325175624,0.7315605337936808,0.03139863267861631,0.9663573664294258,0.7881804803953936,0.8369591621743948,0.8092990476011352,0.7958167654209827,0.03139863267861631,0.7623458066664348,0.8512827582389364,0.971905036534492,0.6761645354519015,0.744017076280163,0.9041731885624824,0.9053437280773233,0.8927512325175624,0.9511016704226434,0.8950004825334388,0.8827817928509321,0.9334927596276978,0.8480036211373803,0.9018303117723403,0.8664736771305535,0.23774878152121726,0.9529545363721537,0.9292677720165115,0.03139863267861631,0.9667798280829097,0.898404335906682,0.8068927917851012,0.9379142777971528,0.9252037445446057,0.09008077800964032,0.7396785942680699,0.9493053971730236,0.09008077800964032,0.9379142777971528,0.9475597985845114,0.9394396415413291,0.8751441387186416,0.9006962362816697,0.9568599156354451,0.8708107869705988,0.9589316626844853,0.9394396415413291,0.9334927596276981,0.7945589785686391,0.9364159486136479,0.9589316626844853,0.7932953720006315,0.913733309388403,0.5153369266827186,0.2692511698375556,0.9364159486136474,0.8995478568587887,0.9511016704226434,0.9162050927129206,0.9329016612088765,0.8729729119280698,0.9320645602494202,0.8961308828316217,0.9928618019927209,0.9225701399051962,0.7014171310265381,0.7652011593459793,0.9018497344665102,0.9985778460732369,0.8080982554965415,0.8871861256568152,0.9199893491338638,0.9320645602494204,0.23774878152121848,0.8116870067162374,0.9928618019927209,0.8767155864943416,0.9320645602494204,0.9125111785873636,0.7459568930314135,0.9511016704226434,0.8402939714046165,0.7332476280865157,0.9149644520716045,0.8961308828316212,0.9568599156354451,0.7213830792377613,0.8882932693469465,0.9548710823073732,0.9557248896714008,0.9425805352069323,0.9425805352069327,0.9529545363721539,0.9568599156354449,0.9225701399051969,0.8481893891495305,0.9100921482984174,0.9458598726114653,0.9458598726114653,0.7313974068186477,0.9041731885624822,0.11595356527577638,0.8993926091805278,0.03139863267861631,0.9548710823073729,0.03139863267861631,0.03139863267861631,0.8128743662973856,0.23774878152121792,0.9162050927129202,0.03139863267861631,0.7525915471020095,0.8324784774213028,0.38117662903257044,0.8480036211373803,0.8773193685069605,0.7995563084478075,0.9386080538027393,0.46103561660773174,0.83472400300589,0.9409942357230059,0.9168460830759904,0.45933786842754687,0.9149644520716045,0.763777927592534,0.6661152121246717,0.9225701399051967,0.9409942357230057,0.9442013463068035,0.8050379729179937,0.9548710823073729,0.8927512325175624,0.9511016704226434,0.8972654241994793,0.9364159486136474,0.980662425002937,0.9334927596276978,0.8436093353026795,0.9212735133449719,0.903008623582165,0.9334927596276978,0.7350447636400568,0.9511016704226434,0.20235352416864938,0.9493053971730236,0.9112976020672166,0.8523731211903476,0.83472400300589,0.48335140169781754,0.8523731211903476,0.5866865150344243,0.7721894714790691,0.8860815694795923,0.9458598726114653,0.7694191025912624,0.9238799558250632,0.9610996995613952,0.7995563084478073,0.8708107869705988,0.7995502483019271,0.7970688433398969,0.9364159486136476,0.9430441133000045,0.8784088021185175,0.03139863267861631,0.9529545363721537,0.9137333093884037,0.9475597985845114,0.8567235831170401,0.9364159486136479,0.9442013463068035,0.9238799558250632,0.8256727870749789,0.9334927596276981,0.8259696831286127,0.9589316626844857,0.7868860602652392,0.9928618019927207,0.8621439532920854,0.09008077800964032,0.9409942357230057,0.7051012987580605,0.9125111785873636,0.9320645602494202,0.8009469027438033,0.8762311904614675,0.7231144968593352,0.8588935204002319,0.9162050927129202,0.717957010428276,0.8567235831170401,0.9225701399051969,0.9589316626844855,0.9349426948340502,0.9493053971730236,0.8336025791120698,0.9371605937136991,0.5457744538628025,0.062008242787560564,0.816979725783827,0.8358428353123903,0.9610996995613952,0.8751441387186418,0.9511016704226434,0.9149644520716045,0.9137333093884032,0.9306566646589698,0.8984043359066818,0.9225701399051967,0.9877220281917205,0.484377369583854,0.9379142777971521,0.9921318846009739,0.9765837058865925,0.9610996995613954,0.03139863267861631,0.9591402541866405,0.8610609420833555,0.800791910286496,0.9174557485535395,0.03139863267861642,0.8794996237395185,0.8469812896824729,0.9030086235821648,0.3678486223164621,0.9006962362816697,0.8882932693469463,0.8773193685069605,0.8063886684717994,0.9252037445446057,0.9030086235821644,0.6785985670091003,0.8871861256568154,0.9548710823073729,0.8995478568587885,0.9265423524364669,0.9511016704226434,0.9125111785873636,0.9610996995613954,0.9252037445446055,0.9442013463068035,0.9610996995613952,0.9394396415413286,0.9265423524364669,0.9475597985845114,0.6679351743368396,0.8805919691825623,0.9568599156354454,0.9475597985845114,0.9364159486136474,0.7735626237779674,0.7958167654209827,0.0,0.9529545363721539,0.05711194655594465,0.0,0.062008242787560564,0.35389716223383694,0.03139863267861631,0.9425805352069325,0.4350210908996335,0.03139863267861631,0.9320645602494202,0.5549592725490636,0.9568599156354449,0.9511016704226434,0.9548710823073732,0.9493053971730236,0.062008242787560564,0.7894685038194518,0.8534622933489195,0.9334927596276978,0.8358428353123903,0.03139863267861631,0.9041731885624826,0.9511016704226434,0.9320645602494202,0.814365886541907,0.9053437280773231,0.9568599156354451,0.9493053971730236,0.9349426948340505,0.9125111785873636,0.6428226383045876,0.9475597985845114,0.42272440505492737,0.9187169710212713,0.9225701399051969,0.6746336145137792,0.937914277797153,0.9568599156354454,0.9278966962971924,0.9511016704226434,0.9041731885624826,0.8660830247325573,0.03139863267861631,0.9475597985845114,0.8784088021185172,0.9589316626844855,0.8613434560644826,0.9425805352069325,0.9379142777971525,0.8187487405659168,0.09008077800964032,0.7764813487173796,0.8050379729179937,0.03139863267861631,0.03139863267861631,0.43076416340614276,0.6894338727722298,0.8995478568587885,0.7995563084478075,0.8402939714046165,0.8092990476011352,0.83472400300589,0.8208615411657367,0.9306566646589698,0.8347439839067272,0.03139863267861631,0.8972654241994793,0.9529545363721537,0.9610996995613954,0.8256727870749789,0.9568599156354449,0.8256727870749789,0.03139863267861631,0.03139863267861631,0.7666156616807631,0.9886251033694342,0.7749279467915409,0.9364159486136474,0.8826297756089203,0.8961308828316217,0.6989699092582711,0.8961308828316215,0.8290892416048379,0.875534398959098,0.03139863267861642,0.9125111785873636,0.8116870067162374,0.9848910203339205,0.9568599156354451,0.5381252733230745,0.726534306879894,0.45334225692590724,0.9149644520716045,0.9493053971730236,0.8850018707449121,0.03139863267861631,0.8493950799487413,0.9149644520716045,0.8961308828316217,0.8686385996787727,0.8610609420833555,0.9394396415413291,0.9018497344665102,0.8490980979184486,0.9548710823073732,0.8643090749973119,0.8578089143655878,0.9425805352069323,0.9589316626844853,0.9644994759182184,0.2345762471786782,0.8068927917851012,0.9529545363721539,0.062008242787560564,0.8718884926994317,0.9742178060512308,0.9125111785873636,0.918716971021271,0.9610996995613952,0.9540589546097205,0.9610996995613954,0.961099699561395,0.8995478568587885,0.3875452758336596,0.8927512325175624,0.9475597985845114,0.9589316626844855,0.9364159486136474,0.9364159486136479,0.8268147748355974,0.9409942357230066,0.9458598726114653,0.9742178060512305,0.5410259398661625,0.9493053971730236,0.760904633802822,0.4057772344611492,0.7313974068186475,0.7640553624047928,0.03139863267861631,0.8882932693469463,0.9886251033694343,0.7779891015560232,0.9589316626844855,0.9306566646589698,0.9320645602494204,0.8512827582389368,0.03139863267861631,0.7592148952360376,0.7995563084478072,0.9320645602494204,0.7995563084478075,0.8210710864618282,0.8068927917851012,0.9529545363721537,0.7332476280865157,0.66100135439659,0.7995563084478075,0.7348453828730819,0.9334927596276981,0.6948435845294496,0.9610996995613952,0.9852901633058906,0.9475597985845114,0.8950004825334388,0.9278966962971924,0.8336025791120698,0.49864835346264214,0.832256750977852,0.9475597985845114,0.0,0.8369591621743946,0.8567235831170401,0.4951911461602493,0.7694191025912624,0.7718994506532364,0.03139863267861631,0.9989227118453173,0.8897634772723566,0.9199893491338635,0.03139863267861631,0.83472400300589,0.9409942357230059,0.9568599156354449,0.23774878152121803,0.062008242787560564,0.923321670670995,0.9292677720165116,0.8938740030413763,0.9742178060512308,0.9053437280773231,0.9334927596276981,0.8068927917851014,0.03139863267861631,0.9252037445446057,0.03139863267861631,0.9568599156354451,0.8565847204007369,0.8805919691825623,0.9610996995613954,0.9238799558250632,0.8234248743448616,0.9018497344665102,0.9199893491338635,0.03139863267861631,0.8268147748355974,0.8433414573926268,0.8458099300236446,0.9225701399051967,0.4227244050549279,0.9529545363721539,0.34646989741729717,0.9212735133449719,0.37240982580062965,0.8894031717904964,0.7881804803953933,0.37240982580062965,0.9199893491338638,0.9529545363721539,0.8816859778305952,0.37240982580062965,0.9610996995613954,0.9292677720165115,0.9493053971730236,0.881685977830595,0.9458598726114653,0.9212735133449719,0.9320645602494202,0.8882932693469465,0.9125111785873639,0.9334927596276978,0.9112976020672159,0.9278966962971924,0.9458598726114653,0.9364159486136476,0.7213830792377611,0.9199893491338638,0.898404335906682,0.8279535638583029,0.44605852297328985,0.9053437280773233,0.9278966962971924,0.9493053971730236,0.9511016704226434,0.8984043359066818,0.8905160099774292,0.9252037445446057,0.9252037445446057,0.8972654241994793,0.9529545363721539,0.9548710823073729,0.5844279205856774,0.9238799558250634,0.8621439532920854,0.9149644520716045,0.9225701399051969,0.6438064656956815,0.9349426948340505,0.9212735133449719,0.9475597985845114,0.831351611615835,0.8740580870168317,0.9100921482984172,0.8972654241994793,0.6513599365493299,0.9548710823073732,0.9162050927129204,0.5773984044890321,0.9292677720165115,0.9425805352069325,0.9238799558250632,0.8961308828316215,0.5912223604371347,0.7520579877837947,0.9379142777971525,0.6633398155904807,0.9458598726114653,0.8794996237395185,0.705101298758061,0.9511016704226434,0.9493053971730236,0.8827817928509323,0.9252037445446051,0.9511016704226434,0.8950004825334388,0.858893520400233,0.6993688578599878,0.9442013463068033,0.9442013463068035,0.8268147748355972,0.9320645602494202,0.8995478568587887,0.9511016704226434,0.8545503661181646,0.9320645602494202,0.9548710823073729,0.8894031717904964,0.9306566646589698,0.9493053971730236,0.9589316626844855,0.8816859778305952,0.9568599156354451,0.7106749817367277,0.9548710823073729
p129_LAVGYFCN,0.9086592396531894,0.9316882229632606,0.9317737336457657,0.9307859145758749,0.9882450462521556,0.8197444891395496,0.9249498368247809,0.8089610493484258,0.8509107552317436,0.9383422423783938,0.9457439607148705,0.9933592296586008,0.9626788706813354,0.804560778072374,0.9120690869377645,0.918441031918761,0.9972272780214035,0.9984197395506036,0.9352318345617441,0.8348942268132545,0.9228104379814754,0.9045383795584436,0.8427911921721819,0.9238898933303423,0.9854168063328744,0.8938064978005682,0.8776221344901279,0.9002546180665421,0.8348942268132545,0.8436845624609219,0.8837510389154055,0.9793236882044445,0.9521378558308737,0.8741949048548436,0.9665120503695122,0.9564941110945048,0.9705425698260028,0.9256844856602765,0.9415972144812141,0.9366456438847295,0.8701259118167615,0.8913931987630617,0.8197444891395498,0.9227424392886625,0.7941884094978158,0.9934950289501912,0.9265867198367661,0.9441435106432322,0.891748039632827,0.882031676017458,0.9707211351216224,0.9389205684395849,0.8938064978005682,0.9090779869018046,0.6406032824729613,0.9235151033525315,0.9235151033525315,0.92126914699118,0.9737956341496997,0.9553986077727081,0.9090303042997185,0.9202727394012074,0.9286775783839132,0.9995274441909643,0.9322459088752486,0.9280391828491568,0.9207659584476898,0.9666636616332296,0.895551838116492,0.9023570839226291,0.7791902071563095,0.891748039632827,0.9665120503695124,0.9321741379918553,0.92126914699118,0.8481655023013712,0.9809768509989654,0.9847000323057118,0.8860071718734748,0.9415972144812141,0.8594756813309228,0.885583028819684,0.9829369915750175,0.893806497800568,0.92126914699118,0.8266846978221365,0.8664920815563748,0.8932623949501521,0.9615701358601136,0.9187169710212713,0.92126914699118,0.8692580358410051,0.97861720980109,0.966958381622455,0.8844278789819486,0.9245461344058438,0.7533265174620885,0.8499499483575266,0.9993988716618949,0.8780191261130104,0.9750836918798633,0.7841299976152527,0.852516336117159,0.8972145807274696,0.9532102888873422,0.9352318345617441,0.8407282047804401,0.943336326451675,0.9479979140552108,0.8557274343374224,0.8478352165060605,0.966796737294427,0.9258827190449476,0.9720327132254526,0.9748006002614296,0.9862693589636679,0.6530290902271256,0.9893688617336198,0.9415972144812141,0.9521504942539012,0.8463568600751957,0.9134342981130626,0.9105790217775472,0.9219135766451967,0.9318380992827057,0.9324646242944938,0.9705425698260028,0.7804276280651148,0.7735497313582815,0.8073341623426767,0.9841129276884111,0.9265867198367659,0.9207659584476898,0.9390736373291675,0.9137935530290915,0.82381393368364,0.9755834221304289,0.8708107817737569,0.9293685115305117,0.9590184309099958,0.9520806201524268,0.9383422423783936,0.9480551748465762,0.8914403858004347,0.8343212632720267,0.9746813713361655,0.9908509434416433,0.8584589212253309,0.9947118295222932,0.9367583751872676,0.8915851095153422,0.8817063757363852,0.881126235281284,0.9569379961407964,0.9207659584476898,0.9260693029293157,0.9345072240695793,0.8999441452391069,0.92851820495502,0.8653986781221553,0.847314840754724,0.8805577584645795,0.9216516168774787,0.9674764171745478,0.8663694048251629,0.8615796728624059,0.9542995302432179,0.9473887865940549,0.917264249846305,0.9890040793133512,0.9307859145758749,0.9187169710212715,0.8897147017633302,0.9144141207232941,0.9009781315090308,0.9109212244775019,0.7940830295788788,0.8894431789674793,0.9376641311574454,0.9344798755726246,0.9203838126931749,0.8761681955304401,0.991115906530935,0.7735497313582809,0.8729435428235557,0.9289765327165939,0.844554119240595,0.9143816449418602,0.9090779869018046,0.8944543787821236,0.9553986077727084,0.9853022040833037,0.9164427712637048,0.9465149827327264,0.9270261243202824,0.92126914699118,0.9238898933303423,0.9553986077727084,0.9704055816334171,0.989964256558399,0.882031676017458,0.773549731358281,0.92126914699118,0.863176862394641,0.8881516616927232,0.9383422423783938,0.92126914699118,0.9446848032303601,0.8981051343567512,0.8723160158709273,0.8641651474031932,0.9339347452127675,0.9187169710212717,0.92126914699118,0.9025105918692702,0.92126914699118,0.7674322276302095,0.9627004867734829,0.9692770798935039,0.92126914699118,0.87182856757868,0.92126914699118,0.9342475493477027,0.9388056615335194,0.7722675319607613,0.8306273431332842,0.9748006002614296,0.9753128250705112,0.9162269502513478,0.9001496633415411,0.9045383795584439,0.9816739814469486,0.892284605473187,0.7300892147287754,0.9707211351216224,0.9995274441909645,0.9963407157204914,0.9908158531448287,0.9177717604357045,0.8981051343567512,0.9570172750168655,0.9555104155252474,0.8173630581312477,0.9126071271140608,0.92126914699118,0.9558516449418075,0.92126914699118,0.7443251560786217,0.8367902326727341,0.9207659584476899,0.7459275065139548,0.985867911738701,0.9705425698260028,0.8668270665506421,0.9397454091117983,0.8156578521547653,0.9763438961034466,0.9804985064399936,0.9265867198367661,0.8828483560333842,0.8688692599838159,0.883041044000006,0.9187169710212713,0.9120137844421632,0.8621801313670564,0.9415972144812141,0.9852819875557499,0.90408761890497,0.9667967372944273,0.8444870269260001,0.7595447836299227,0.9707211351216225,0.9832831043067677,0.943336326451675,0.8694101221663375,0.9352318345617441,0.9161758131150339,0.9874049408179513,0.9577202049352735,0.9673035413456778,0.9352318345617441,0.896953016762867,0.8700395757559789,0.9841593444361112,0.971771709177341,0.9745452330464994,0.9287716388892431,0.8741949048548436,0.8973395548020491,0.9162269502513476,0.9265867198367661,0.7841299976152523,0.9802341739151024,0.7940830295788788,0.824467663872924,0.9904031166895628,0.8463876019323997,0.847251352748132,0.9023570839226293,0.9665120503695124,0.9709669071812181,0.8698156464554118,0.9207659584476899,0.9283298502100945,0.9976541586573966,0.9769855193139066,0.9260693029293159,0.8913503864962872,0.9709984596798609,0.8877071061324975,0.9403867776529803,0.9421919504313281,0.990881547705267,0.8877597527973093,0.7665559072835926,0.9950331250804816,0.8509107552317439,0.7782033441111665,0.9046345879637958,0.9275612046868082,0.9438111783893177,0.9748006002614296,0.92126914699118,0.9293685115305113,0.8041520964480546,0.9635486589672584,0.9352318345617441,0.8601003488813003,0.9054354303384726,0.92126914699118,0.9105790217775471,0.7399460024070028,0.9390736373291679,0.9686938578007993,0.8541881991919704,0.8855830288196838,0.8208556050998246,0.86349043457958,0.9564747323001084,0.6860656681115647,0.9114119696612573,0.9786528755356108,0.9265867198367661,0.9736066796003946,0.84632531771927,0.9488864344355381,0.9746813713361657,0.9415972144812141,0.9943082385447685,0.8822876302735374,0.966458280143307,0.9137935530290915,0.9187169710212713,0.0,0.8223697919369461,0.7009198590764898,0.9190390523445131,0.9773687059766758,0.92126914699118,0.8797224645372339,0.8266846978221365,0.9684599111378716,0.856783000561314,0.9950331250804818,0.8642160879780119,0.92126914699118,0.92126914699118,0.9023243805882409,0.9609412163760723,0.8081760572094848,0.92126914699118,0.7782033441111664,0.9212691469911802,0.9623421987017502,0.8406682270198922,0.9756672558806031,0.8977592394954912,0.9583804549451924,0.9428152611847683,0.8818076929203849,0.8993779564721976,0.92126914699118,0.8393346687695391,0.9211211001301687,0.9192008485967155,0.9537871131026365,0.9776934688917389,0.9110596963465196,0.9265867198367661,0.8789654519931114,0.92126914699118,0.943336326451675,0.75748269636598,0.8895756765915186,0.9182223419984363,0.9828047536783365,0.9786172098010899,0.8442327133210441,0.92126914699118,0.99213420555168,0.9128684700175769,0.92126914699118,0.9264174168636579,0.9476454313679468,0.8584589212253309,0.989415932707908,0.9087565667278676,0.92126914699118,0.9731988714313513,0.9666636616332297,0.8601003488812999,0.9762493941981328,0.9709984596798608,0.8836891281120094,0.8578882454691334,0.9823405203072036,0.9748006002614296,0.9764633918625475,0.8481655023013712,0.9735951331947632,0.8777687986418368,0.7858379408895024,0.9119212549882192,0.9001496633415411,0.9793236882044447,0.9318380992827058,0.92126914699118,0.7940830295788784,0.8879206967399513,0.7890618765858726,0.8594756813309227,0.8877049890176525,0.9162269502513478,0.9021149090303129,0.9705425698260028,0.9590184309099961,0.9763438961034469,0.9430021428738234,0.6928375377608594,0.9290019392783944,0.907184636835448,0.8482200567507536,0.8452904100729588,0.9950331250804818,0.9714966704969946,0.7693457223189608,0.9653745932027926,0.9809768509989655,0.9383422423783938,0.9390075932259944,0.9002546180665421,0.8443870070268509,0.8913931987630618,0.9809768509989654,0.9025191430284434,0.7359161171905891,0.904634587963796,0.9222645694136713,0.901577237166441,0.9701426189491364,0.9473887865940549,0.8594756813309228,0.9809187311351044,0.8370596133537881,0.9580172769196287,0.9881295391026657,0.877622134490128,0.7909643911516206,0.9221841996071878,0.9114326647947493,0.9340740308913413,0.916236662025404,0.9752407692353402,0.859475681330923,0.9551164626916329,0.8855830288196835,0.954614513992963,0.7744522412864432,0.5912744759165987,0.9474080822015714,0.8840085800226323,0.9470779087788473,0.7909728138033263,0.9352318345617441,0.9252184078083303,0.8322896183891506,0.9639272200030259,0.9806625273979319,0.9193389969862842,0.835905271993972,0.9793236882044447,0.9893688617336198,0.8247458844254977,0.9696555372854516,0.8650172641296274,0.9187169710212715,0.9187169710212715,0.9459620862429874,0.9509612716234602,0.9555104155252476,0.9505617334832384,0.92126914699118,0.9322459088752486,0.92126914699118,0.92126914699118,0.8978890420857435,0.9001496633415416,0.8518479471645849,0.92126914699118,0.8817355198698551,0.9326716218787481,0.9864733453469225,0.7831340602409129,0.9098966651922933,0.9737956341496996,0.826549767524512,0.8491866411150788,0.9574020178203884,0.9664103718298934,0.9930685837187074,0.9841593444361112,0.9325288802644414,0.9470486485479132,0.8408771290748922,0.9161402696553049,0.9928637420004902,0.9553986077727084,0.9647255201395106,0.8081869133204375,0.9921342055516802,0.9769855193139068,0.9441435106432321,0.9426999693726408,0.8559406827774342,0.989682131878626,0.9328791309286881,0.9264174168636581,0.9910020899897183,0.973595133194763,0.9684599111378718,0.9265867198367661,0.9809768509989653,0.9828047536783368,0.9251342636032049,0.92851820495502,0.9192749608841175,0.9707211351216225,0.9714202433229047,0.9137935530290917,0.9149635964452069,0.9763941716981472,0.9493973299985367,0.9449416522730887,0.9513902666962699,0.7600799150447405,0.8692153143308545,0.8452904100729588,0.9641496021881465,0.9891696650568429,0.942699969372641,0.9388056615335196,0.9461490661272861,0.92126914699118,0.9793236882044447,0.9002546180665421,0.8072734327388269,0.980498506439994,0.9428152611847683,0.9553986077727084,0.9829369915750175,0.8596067089225854,0.7326229873923491,0.8932623949501519,0.9950331250804818,0.8913462519349621,0.7815635381492401,0.903668248953694,0.9162269502513478,0.7220550548121947,0.9039634448939986,0.9840705843230203,0.9577202049352735,0.8934250174450784,0.951777376585137,0.9034555210597499,0.9632370928894449,0.699649531619823,0.8798287190821259,0.9370305308954681,0.8837510389154053,0.7215124614090782,0.977164301389462,0.7495413712000341,0.9962824405422077,0.9825178958984895,0.8339559652714781,0.9626788706813352,0.8869794240130413,0.9183456930108493,0.9987382114239768,0.9522926807044116,0.9748006002614296,0.992725485742797,0.7722675319607608,0.9313442213087995,0.9937644895475864,0.8247458844254977,0.9854168063328744,0.8941243607371745,0.9067878891240293,0.9626788706813354,0.9293685115305117,0.581086192760314,0.92126914699118,0.8214082640556326,0.9236748230582936,0.877697585229493,0.8159696289991438,0.92126914699118,0.9616637414854741,0.9318488731689073,0.9363542328630519,0.8798763806688739,0.8777890450020556,0.7697739205843901,0.8158140032952876,0.7877040480753845,0.8791520535933699,0.9816739814469486,0.8317286031650974,0.9469030383116224,0.9322459088752486,0.8308183474047369,0.88971470176333,0.8323438780399158,0.8367902326727341,0.9987382114239766,0.9876233993272145,0.8698156464554125,0.9390736373291677,0.9090779869018049,0.9074828887014603,0.8072734327388269,0.9970057418328848,0.8685044901740071,0.9893688617336196,0.8525163361171592,0.9426999693726408,0.8545958273232521,0.9087565667278679,0.9187169710212713,0.8208556050998246,0.9137935530290915,0.9187169710212713,0.9187169710212713,0.8214082640556326,0.92126914699118,0.9610558594824402,0.9785195383342151,0.92126914699118,0.9340740308913413,0.7244334899717118,0.9564941110945047,0.9748006002614296,0.9322459088752486,0.8428467241913549,0.9626788706813352,0.9454932050115031,0.823034844237934,0.9001496633415411,0.9183456930108493,0.92126914699118,0.9388056615335196,0.5912744759165987,0.8980054428335462,0.9333127320922598,0.9968923552496205,0.9893688617336198,0.6562360182087117,0.9397454091117985,0.8662463030027914,0.977164301389462,0.9430021428738233,0.9840705843230203,0.623352165725047,0.9161402696553049,0.8322141498049691,0.9067878891240293,0.7940830295788787,0.8680031172917524,0.9748006002614298,0.89584473820195,0.920402637057524,0.92126914699118,0.852516336117159,0.9120101451841063,0.9383422423783938,0.9854709193218602,0.9972272780214038,0.8205196097400813,0.8880071988543179,0.9162269502513478,0.8318301804427563,0.9769923525701965,0.92126914699118,0.92126914699118,0.9290977437653886,0.8572851488438471,0.8041520964480546,0.8692153143308541,0.8226200908662324,0.9498303250956764,0.9603826346492822,0.8655569116898254,0.997750746719945,0.9075356076663186,0.92126914699118,0.7603090137119384,0.9793236882044447,0.9415972144812141,0.9786172098010899,0.9352318345617441,0.9404947495607479,0.92126914699118,0.92126914699118,0.9622403819297952,0.9665120503695124,0.9495480279635918,0.9045383795584436,0.9499692241389623,0.9995274441909645,0.912458190363224,0.9473887865940548,0.9264498322706751,0.9786079495510679,0.92126914699118,0.9840705843230202,0.8561806426043128,0.9705425698260028,0.8482200567507536,0.8378778212944005,0.9433332765492777,0.9746813713361655,0.9771762115180253,0.9705425698260028,0.9593001903089828,0.92126914699118,0.9321741379918553,0.9470779087788475,0.8961952406152165,0.9025547245715908,0.9220097886572965,0.8520713278957939,0.8526425543779204,0.9714878666601876,0.9841593444361112,0.863176862394641,0.8737581150829861,0.7107546845055033,0.9482759922174302,0.9938984828276253,0.8938064978005682,0.9272812295130597,0.9293685115305117,0.9187169710212713,0.8076603831075231,0.9235151033525317,0.8662463030027912,0.7168549905838041,0.9415972144812141,0.6305977403623337,0.9987382114239769,0.6407507668551222,0.9558516449418073,0.9068683511770192,0.8645078348460993,0.9882450462521555,0.9482759922174302,0.9045383795584439,0.9809768509989653,0.9155944114641175,0.952137855830874,0.9626788706813354,0.9074828887014602,0.9111927694034709,0.9705425698260028,0.9516688026278177,0.7664880923437805,0.7660973431344498,0.78935226069617,0.92126914699118,0.9190000934693126,0.9882450462521556,0.9951216962272705,0.9383422423783938,0.820488166791806,0.9701426189491364,0.9238949484572567,0.92126914699118,0.8736563198827272,0.967333471530508,0.9340740308913413,0.8953011083899765,0.8920124916149399,0.8877899858195774,0.9293685115305117,0.9438731746367313,0.9278039264630893,0.8364302140701843,0.9933770158609989,0.989682131878626,0.891264084749151,0.9415972144812141,0.8795139270987927,0.9430021428738233,0.9458892596972854,0.6963968008093091,0.9552653678578977,0.9291853939851256,0.9625607415207045,0.9882450462521555,0.9187169710212713,0.997005741832885,0.932565542470955,0.8645078348460995,0.9837580805960018,0.9743821852025384,0.92126914699118,0.9249749219505832,0.8319221045413105,0.9307859145758749,0.92126914699118,0.7724174858771469,0.9256844856602766,0.9352318345617441,0.9368723982681524,0.9187169710212713,0.9879054392239447,0.9318380992827056,0.8509176393168578,0.7046804791662493,0.8856890674252307,0.989682131878626,0.9542450394064945,0.92126914699118,0.8791520535933701,0.92126914699118,0.9352318345617441,0.8320306829799949,0.9879474477821399,0.9415972144812141,0.8844278789819486,0.9150838819320927,0.9068373482678185,0.911432664794749,0.92126914699118,0.7737758845332687,0.9417881754212667,0.9153868004564562,0.9543028073850963,0.8686490640266942,0.8708107817737574,0.8837510389154055,0.9903434930267268,0.8704839044326604,0.8589835497410321,0.9281523355105677,0.8704839044326604,0.9745452330464994,0.9207659584476899,0.8463876019323999,0.8704839044326604,0.9415972144812141,0.9984197395506036,0.9705425698260028,0.9374521081085163,0.7295878316982173,0.9137673927286702,0.8855830288196838,0.9317737336457657,0.8981051343567512,0.9529593969520148,0.9542878621294861,0.9260693029293159,0.8614735306784087,0.8664920815563752,0.9252184078083303,0.8992296304499998,0.87393076944287,0.924386211067665,0.9775485805859279,0.9690915332935233,0.9366456438847295,0.9238898933303421,0.9265867198367661,0.953313614048596,0.9628638144549219,0.8877049890176525,0.9210111257875067,0.970405581633417,0.9293685115305117,0.9322459088752486,0.8726994311453018,0.8857175249675573,0.8971837383003344,0.8868813033004919,0.9485295003952046,0.9413495126013214,0.8731601294998832,0.9137673927286696,0.92126914699118,0.9468799346689335,0.9963584148371305,0.9329446228137488,0.872021992425474,0.8299045767667859,0.9841593444361112,0.851847947164585,0.9684291032878511,0.8938064978005682,0.9555104155252474,0.917264249846305,0.843111471400236,0.9140115116170531,0.9638681104147288,0.9763438961034469,0.9867747375584144,0.9493973299985365,0.9195225734180082,0.936397636135071,0.9748006002614296,0.9828047536783365,0.8481655023013712,0.8877049890176516,0.9287716388892431,0.9200068102172299,0.8319221045413105,0.92955966040515,0.7842326851381154,0.9981900884313561,0.956113990587217,0.9701426189491364,0.9558516449418073,0.8323438780399167,0.9111648384628757,0.9216516168774788,0.9841593444361112,0.8589835497410321,0.8559406827774343,0.7961940476956934,0.9950331250804818,0.966476651909669,0.9893688617336198,0.9574987900039427,0.9841593444361112
p129_M,0.8525541804384229,0.7642268846047693,0.9858718430453366,0.8830417517200394,0.8854008763534218,0.9930547404043362,0.969982629856802,0.9791120089425607,0.8037010012713977,0.9102521474185266,0.9243614595545961,0.9155630897147409,0.8816859778305948,0.7857724547836906,0.9398863311924057,0.9080183404160143,0.804009629537387,0.9664712477975482,0.9891608609192484,0.9539382344839202,0.8607365414481816,0.8742856561410541,0.9961527583512033,0.9611168424359666,0.8826561166564143,0.845426769507341,0.86830379467428,0.8114788487242621,0.9586895913852922,0.684399223024672,0.8807086244169702,0.8971901564492133,0.8710529575837427,0.9485507934311785,0.920265131801048,0.8022487300267548,0.8892155845940946,0.9406464348878109,0.9149900225490741,0.8137452005735484,0.7448506354969116,0.8484619576906176,0.9149900225490741,0.8257632689305003,0.8040096295373866,0.7964729678899439,0.8931410336709438,0.7754910920028371,0.681505092014657,0.7558839765538492,0.9356856974167589,0.8373172549247888,0.8722984813209282,0.8676556569243747,0.9024363921718168,0.874016077437922,0.6916895636488319,0.885400876353422,0.7424234131067551,0.878061551227937,0.7880418755318435,0.9758014481159871,0.885856112356787,0.9739024199009685,0.6185666173362777,0.7427254662278915,0.8718365977455128,0.7738767329137741,0.8994917774472178,0.8856848936483533,0.8653986781221549,0.919537287420662,0.9202651318010482,0.6089813514626858,0.885400876353422,0.902562335142025,0.9492700421601004,0.5352855140980233,0.6321571859757091,0.9010995033577465,0.8943418469797417,0.9816942482127167,0.9601714212377013,0.8722984813209287,0.885400876353422,0.8147298765145596,0.8448782725245797,0.8765304502108433,0.7801518379683501,0.8816859778305952,0.885400876353422,0.5733180795126458,0.7108885075491741,0.7876187561258228,0.8842601377233774,0.795728686923061,0.624116277714007,0.99174483761731,0.6089871501908086,0.6982513449370882,0.7177362084758449,0.8467830997487795,0.9054135909608206,0.6071732775539126,0.8241146845001344,0.9057246972976494,0.9333393751096147,0.5727997347341258,0.8578283462385068,0.6295518119469028,0.5543324096346611,0.9056601403270024,0.6706176052601784,0.6422428258554161,0.8931410336709438,0.6158788087941647,0.9903614764146604,0.9057246972976494,0.9609676410723687,0.6963496027616725,0.8257632689305003,0.5737530753746367,0.7961509376213881,0.9555862071944341,0.8321126887296129,0.6132598138821292,0.8892155845940946,0.9381175058541783,0.8816859778305945,0.8734073652705018,0.7129320454258647,0.7724757092972717,0.7948455158104213,0.9149900225490739,0.5146858864213699,0.996416930786419,0.9066276272750029,0.9873232206481498,0.8971901564492131,0.8780615512279366,0.715540763665055,0.9102521474185263,0.650179328920989,0.6284865259073551,0.7484437161603565,0.7983028217639936,0.9125998598847378,0.7232585815131745,0.8424305171733328,0.6797408747821476,0.8713174172545046,0.8512094678478337,0.9130256830471957,0.9312780831087675,0.9488276796806041,0.8424305171733328,0.5139053792672272,0.9409508901063448,0.809628138201133,0.7588347125922614,0.7542093056050898,0.9674484241224512,0.8427216830386155,0.659374766695201,0.9859387858531448,0.66086985544405,0.8878727661266217,0.9739024199009685,0.9854751824091426,0.7631784929239953,0.8587244274859525,0.9155630897147413,0.8394708294649362,0.6562003430575336,0.9486836891252168,0.8107965867708141,0.969121057269952,0.9160606825165771,0.6582982679691587,0.9113334117247391,0.8246599999506806,0.8051123686772605,0.8479694326109093,0.8816859778305948,0.9150576208036644,0.5926860609350608,0.7626807570173311,0.8391525395283423,0.8676556569243745,0.7286894695114511,0.9110367363125389,0.8037010012713977,0.909130199273938,0.6906109341870814,0.8540084346775451,0.885400876353422,0.8892155845940946,0.9769871064817433,0.7957286869230606,0.9155950685035785,0.8900435653405498,0.8816859778305948,0.885400876353422,0.9356792860872617,0.8405271701467887,0.9102521474185266,0.885400876353422,0.8742958868307356,0.8088080901268471,0.7996708598447979,0.809628138201133,0.5880517250645585,0.5424031201389163,0.885400876353422,0.9386649350395793,0.8854008763534221,0.8337317084373119,0.8104962975109378,0.7585516040554872,0.885400876353422,0.6599245763253732,0.885400876353422,0.9389818513313775,0.9392419520970223,0.7985180195740552,0.9082999499128306,0.6981683188457646,0.6333478553013998,0.8780615512279364,0.9395555589844622,0.8904552749271522,0.6223939295189143,0.7415083177535928,0.9016370541080928,0.9103321387130585,0.9256522427411313,0.9989065885973732,0.8421261296144329,0.7962021473013228,0.8088080901268468,0.8088080901268466,0.8745195447781486,0.5552449116528742,0.9110367363125393,0.885400876353422,0.8010280162855912,0.885400876353422,0.6564918997915559,0.7599128850552691,0.8971901564492133,0.9905401113208032,0.6034336675037076,0.8892155845940946,0.8061560254525524,0.8866634059168488,0.6052427004793988,0.8054620272717133,0.686893807216397,0.8931410336709438,0.6110931793833576,0.9366798109926964,0.7285027989402109,0.9155630897147413,0.9413830194575714,0.8269959582702517,0.9149900225490741,0.8899380151987908,0.9994329137751761,0.8757817245775488,0.7601659027266043,0.6128017335907436,0.8971901564492133,0.7551431317409001,0.6329585468179401,0.9029822338343733,0.9057246972976494,0.6140246053816785,0.9184850793307127,0.5925710657252325,0.9569389602184266,0.9057246972976494,0.8282933534771146,0.6415669069156786,0.7785849312294232,0.9899370855595906,0.46964723974055544,0.958244185426041,0.6905252271542065,0.5646646677879905,0.878061551227937,0.8096294045230257,0.9953978806517948,0.5364598887756586,0.9274029754591526,0.7110546928071901,0.7547614568865832,0.9820509953030641,0.9997101969033342,0.9691210572699521,0.6613638028274371,0.6021610268793212,0.8911121531798492,0.9103321387130585,0.5839587451407606,0.8303766218577662,0.8839367949745333,0.8666412439971053,0.9820489050807295,0.8066497520652144,0.817333549455568,0.7390540974543198,0.7630845624210817,0.8833568750578734,0.6603875774865742,0.6233288493106286,0.8276313301891114,0.8451259095144115,0.9102521474185266,0.8078095754619213,0.8315069861698934,0.6854767158305383,0.9302947288966976,0.885400876353422,0.8971901564492129,0.7879908504259894,0.509652146966568,0.9057246972976494,0.9413830194575714,0.8472971270962342,0.885400876353422,0.9114911763347564,0.9057246972976496,0.8551218848344515,0.9728433864597272,0.9212297136171106,0.6203655787600529,0.8971901564492135,0.73351673151824,0.6251422729223378,0.9154984655951908,0.8710529575837427,0.5967560195897803,0.8931410336709438,0.8872511189380223,0.6951059221275193,0.8676556569243747,0.7983028217639929,0.9010995033577466,0.5908736270711707,0.5497840091849502,0.6187974497562996,0.932597959811173,0.8816859778305952,0.8223697919369461,0.0,0.5646646677879905,0.6431076909196018,0.6433416939238011,0.885400876353422,0.7193685641553549,0.8141693012543916,0.5396418754993636,0.9069445068121538,0.9102521474185263,0.7631784929239953,0.885400876353422,0.885400876353422,0.8424305171733326,0.8037010012713977,0.6856629352107206,0.8854008763534221,0.9586895913852923,0.5567710364845582,0.49396456397464306,0.9859387858531448,0.66062768699514,0.9551293872486744,0.6055356220187069,0.7860635052916313,0.6446921264589458,0.5841978022718586,0.885400876353422,0.9599715368545884,0.5691044126907129,0.6007967542907211,0.5919113086098811,0.9749971644969413,0.5695946496975418,0.7724757092972716,0.539919292621792,0.885400876353422,0.6000165991134344,0.9933429596111355,0.732054542310258,0.7146097710636906,0.8892155845940946,0.7420547358511522,0.7837292619474381,0.885400876353422,0.9983360878981192,0.8614219766506914,0.885400876353422,0.9511105270074118,0.897618415225941,0.8789586778270232,0.6388737147128418,0.5537923365189841,0.885400876353422,0.7115811707140932,0.8068343733389352,0.9413830194575712,0.7971499989645114,0.745640283937079,0.7905868338380968,0.793144848471405,0.46725100023717736,0.8931410336709438,0.8303766218577662,0.7438395839048273,0.7774584441818327,0.6678378163138643,0.6181013605573635,0.9973311064889935,0.8546597599343506,0.8971901564492131,0.7514975532888515,0.885400876353422,0.9057246972976496,0.9411067896549579,0.9807386478037945,0.8643222344048871,0.9067968344885687,0.9110367363125387,0.94280201472092,0.9669818997221615,0.8780615512279366,0.8054620272717136,0.9899936426963007,0.9176091589676256,0.9963670447313735,0.5335004668403784,0.9057246972976496,0.6694766586770133,0.9102521474185266,0.9596850215420891,0.9189514425986853,0.7168296660468771,0.9919151906069512,0.6965730689929297,0.8342457973795947,0.8803029307892649,0.9283748764224644,0.8757817245775488,0.9198626585436265,0.993481417070199,0.8931410336709436,0.9720076630927211,0.584138095724271,0.8290807579080666,0.898310709108256,0.8332789475999092,0.8643222344048873,0.8307902358986601,0.5534026873482214,0.8009631808319895,0.7759834112870216,0.970960792483488,0.8548410406281521,0.6369874143278569,0.8251503574709129,0.9071276996480022,0.9112569593010917,0.6469598840347578,0.9543810721294508,0.9437156436612666,0.8515386735783614,0.8507084692274554,0.7901338271648537,0.9302947288966976,0.8521741850126678,0.8168666899477832,0.8843112806828812,0.813189880128329,0.8856848936483536,0.7255034943491434,0.8325465987176781,0.9813875979308577,0.8214593802623892,0.9968921249480657,0.9709607924834878,0.9873232206481497,0.9057246972976494,0.8197810444731704,0.6520013546009529,0.7516471430648395,0.9828055746328198,0.9489284627486736,0.7861617033574959,0.8118232793036579,0.9066666273465951,0.7502399515753408,0.885400876353422,0.9413830194575714,0.885400876353422,0.885400876353422,0.5910688163795581,0.8546597599343508,0.6905252271542068,0.885400876353422,0.7216929170780195,0.6496801333816635,0.9223025703420794,0.8422081605127361,0.9856532731270895,0.742423413106755,0.7613374621769557,0.9654204696009592,0.6388174739209656,0.9406464348878106,0.9857751129780333,0.9013784409842851,0.8141693012543916,0.7982825765424514,0.675003811638291,0.6450666846590858,0.9024363921718168,0.944011921397141,0.7823132798162427,0.9786078235958559,0.6836189989138567,0.8931410336709438,0.5769058705500083,0.8904552749271517,0.9304212583514109,0.8623542432319444,0.6905376128937406,0.9757412965059609,0.7880418755318432,0.8546597599343506,0.8956110529087495,0.9302947288966976,0.8610478913106776,0.9310312708012254,0.9858825116576089,0.7104469950918597,0.680113250286388,0.8971901564492133,0.6118151936614398,0.8745195447781491,0.7414986362401459,0.7187879502727221,0.8811742389803807,0.7354007688881115,0.9386135340765334,0.9930547404043362,0.6516913979293892,0.7819487664528042,0.7804789596211701,0.5981210910671958,0.6390265872092589,0.790586833838097,0.8800201499947069,0.885400876353422,0.8971901564492131,0.9491270128542677,0.9202651318010482,0.7101693160529291,0.8610478913106772,0.9110367363125393,0.9854751824091426,0.5862235943412616,0.8906528429153151,0.5592525054476531,0.9102521474185266,0.5349107983030925,0.9844006847043052,0.7157906341723685,0.9110367363125387,0.9338198267598912,0.9832290398455481,0.7145150929691761,0.5647765526904125,0.8964035474832839,0.927913119773681,0.7441043624080195,0.691635835361017,0.9810785975841936,0.634620698109289,0.6599245763253729,0.8307902358986592,0.9586895913852922,0.6231405795513354,0.9251662135150307,0.9685354144771247,0.801028016285591,0.7583094792012608,0.8816859778305952,0.5582643978113668,0.6602544770187923,0.9010995033577462,0.7450966758535351,0.9674484241224515,0.6755670681779165,0.9491270128542677,0.957741025238342,0.9569389602184265,0.8946586272506357,0.8866634059168488,0.8104315638950381,0.8943418469797413,0.9155630897147411,0.9356856974167589,0.9149900225490744,0.885400876353422,0.9810785975841936,0.6920612232153995,0.7311621409585713,0.848148495920831,0.8854008763534221,0.8282249829823161,0.5631785039703412,0.7880418755318432,0.7128204820814286,0.9891744575135325,0.8608029126270049,0.7319023863749183,0.8091233762940386,0.9067968344885686,0.7276732500455645,0.6630438782205783,0.8655679454454462,0.9013784409842851,0.9523833037413569,0.639596273994806,0.8467830997487795,0.6237195087969898,0.8551218848344516,0.98379412513154,0.9900377084336549,0.8091442663111569,0.8869327040950545,0.8740160774379223,0.8705493355131941,0.767579510442278,0.9783657382586808,0.9057246972976498,0.885400876353422,0.8610478913106774,0.7019116036877213,0.6442915623843133,0.8816859778305952,0.9741812383843047,0.9066666273465951,0.8816859778305952,0.8816859778305952,0.8403373796149364,0.885400876353422,0.9066666273465951,0.9604783975625821,0.885400876353422,0.7593381439341546,0.7703260574797843,0.947442779108449,0.8931410336709438,0.9013784409842849,0.8892155845940946,0.8816859778305952,0.8137790188553062,0.6963496027616727,0.8546597599343508,0.6412624912620801,0.885400876353422,0.5086104657984022,0.9953978806517948,0.8705161960734358,0.8045119505252907,0.7569646138955325,0.8022487300267552,0.9669818997221614,0.8578283462385068,0.8961062613135484,0.9731685849518752,0.885400876353422,0.8769047782559865,0.9854877280994236,0.6700258789182412,0.746994174983739,0.9555600901459858,0.9057246972976496,0.6021610268793223,0.8931410336709438,0.8271571477818115,0.6596133430076063,0.885400876353422,0.9402778464084469,0.989322894082098,0.9102521474185266,0.7352948213067494,0.9709607924834878,0.8354816398465678,0.7427254662278917,0.9110367363125387,0.813541669050891,0.6338267844156036,0.885400876353422,0.885400876353422,0.9409508901063448,0.695305393398185,0.7468927370971471,0.8482774308136809,0.6990706059134395,0.7151355498730112,0.870179094693638,0.5934631346655723,0.4958636370230355,0.6084291217010018,0.885400876353422,0.9007073892735861,0.8971901564492131,0.9149900225490741,0.6018067084922507,0.9057246972976494,0.7904518396191784,0.885400876353422,0.885400876353422,0.5797110340122404,0.8705493355131941,0.5530343409217329,0.9492700421601006,0.5952850031432275,0.9538133524293886,0.8622112935825186,0.805117837911651,0.6735221548202961,0.4600263429958763,0.8854008763534221,0.6010206127539428,0.5884740443577101,0.9251662135150307,0.947442779108449,0.8555021357847683,0.8703707811574086,0.9180687606054391,0.6291794653990354,0.8892155845940948,0.9684858747005314,0.885400876353422,0.6089813514626858,0.8379236779040001,0.7730117451851699,0.6233288493106284,0.8279648700363368,0.867655656924375,0.7855093208605666,0.6582046680693067,0.9013784409842849,0.8581206528462362,0.7060716728324847,0.9066666273465951,0.9976243215493139,0.8737850059390877,0.8454267695073416,0.684509164385299,0.8971901564492133,0.8816859778305952,0.7200341327950914,0.8655174742919485,0.9869018454857346,0.8944232219233075,0.9149900225490741,0.8961062613135484,0.9930547404043364,0.9149900225490739,0.6030493404462003,0.8433448836577029,0.7656260953636835,0.885400876353422,0.9150035043198984,0.8448782725245797,0.8904552749271517,0.5822432183787178,0.8710529575837431,0.8816859778305948,0.9176107639459743,0.7607413974155428,0.9310312708012252,0.6846907274185812,0.9533321095910348,0.6475576377138876,0.7319011213513444,0.885400876353422,0.5349867684307312,0.885400876353422,0.6756193105911108,0.9102521474185266,0.9850607921252732,0.8515386735783612,0.7976739415591316,0.885400876353422,0.5592525054476534,0.6516913979293892,0.8983107091082561,0.5770864730630068,0.6089813514626858,0.5779971046272829,0.8971901564492131,0.5987977509865694,0.7952324364292733,0.9551365363020281,0.7222138565583873,0.8057570438652032,0.6840089569465506,0.7631666477878619,0.9755486419654261,0.7310923137226893,0.9500469696341345,0.9459853091324404,0.6363667931074075,0.9112851904125154,0.6681933962465696,0.9402778464084467,0.8816859778305952,0.6914359622603903,0.7101693160529292,0.9393266337135702,0.66062076077845,0.6968034716863967,0.885400876353422,0.5527869086606447,0.7686759240811334,0.7614551305496033,0.885400876353422,0.6546562942882366,0.8151126965355127,0.9057246972976494,0.9961527583512033,0.8816859778305952,0.9288372421237335,0.8991701931345161,0.9463280464266841,0.8479694326109094,0.7569646138955325,0.7774584441818317,0.6459864599928874,0.885400876353422,0.9905401113208034,0.885400876353422,0.9057246972976496,0.5938717486553928,0.7390540974543198,0.9149900225490741,0.8842601377233774,0.9484619212217086,0.827271917798891,0.7614551305496031,0.885400876353422,0.8713288359192889,0.7190684391594133,0.7685757096049017,0.6700258789182403,0.8542058822129401,0.9873232206481497,0.8557494301578148,0.8279566795146678,0.9591075443923951,0.7583094792012612,0.6216964137072001,0.9591075443923951,0.8830417517200398,0.9488276796806041,0.9820509953030641,0.9591075443923951,0.9149900225490741,0.6708824178480901,0.9251662135150307,0.7033102214269737,0.9833173134830338,0.8279566795146678,0.6481600917948733,0.8325465987176781,0.9415040533996415,0.9755486419654262,0.8061560254525522,0.868878538885111,0.8816859778305948,0.8610478913106774,0.8793280667697474,0.9073590759541269,0.8142030100411648,0.9849249578567687,0.8669811536627741,0.9497748443097028,0.8401932222853271,0.8892155845940948,0.9302947288966976,0.9411067896549576,0.8704602320811109,0.8365455300348619,0.8041337802979416,0.815966281843284,0.9741812383843045,0.9013784409842851,0.8731774293385746,0.8589563765519372,0.5509935050655008,0.8605569040332728,0.7199442674365513,0.831155824038331,0.9403262360130986,0.8772182185117663,0.9202651318010482,0.7573412017127708,0.7214835095048981,0.8628549293818553,0.7957286869230604,0.9521492557342688,0.8985986666492831,0.9810785975841936,0.9147162799480846,0.845426769507341,0.7075683818320477,0.9892210564194162,0.8252069053832314,0.993746802911312,0.9526890382213375,0.9543810721294508,0.9683148614312005,0.98280557463282,0.8971009559894066,0.8476211930565019,0.6238609283942571,0.9611168424359666,0.7438395839048275,0.8365455300348621,0.8096294045230258,0.9302826825894973,0.7422316079133151,0.8837359675846269,0.8911121531798493,0.976987106481743,0.668369884658548,0.9261052221430761,0.7879908504259893,0.8839367949745333,0.7653278293090588,0.990511238752463,0.9013784409842851,0.7775957767866959,0.957741025238342,0.9310312708012254,0.9102521474185266,0.8710020129724894,0.9057246972976496,0.9189539102145907,0.9013784409842851
p129_W,0.7966168637439122,0.8022561964897679,0.5889761348022218,0.8845837961898773,0.7937812374916591,0.8568667102675336,0.916320768804944,0.8645293233602565,0.518446195605169,0.7938420202985808,0.869757348225785,0.8113382209183877,0.7559282396619429,0.7056015623791771,0.9649077662408286,0.852251212355357,0.9201764087344964,0.7397414321423508,0.9777360756347164,0.8846162930362216,0.7257926528465415,0.8141422982910729,0.8710014135282238,0.8337215482320726,0.7842038146866641,0.6449329538513504,0.78872561913807,0.6419984312454714,0.8846162930362216,0.7212804769689185,0.7133708762901816,0.8268015471657251,0.8342201252949566,0.7711921954233478,0.8222935225335392,0.8412664651734416,0.8428704160376788,0.7828888451009721,0.8047252975792779,0.7346965719236447,0.6178145599317044,0.7859590515772112,0.9551288496473618,0.6214310316019642,0.8413059349766405,0.5785911684929408,0.8504636644420462,0.6166889413164325,0.7346965719236449,0.47059368514848476,0.8582835284332403,0.45510251760177134,0.6669088686372897,0.9026060607471649,0.9882139658769098,0.7723156123758674,0.9427249561940425,0.8070467719220202,0.6458432977759433,0.7946893783415641,0.5475546027855354,0.647403070069307,0.8866680164966819,0.8313916961153245,0.8339485716413382,0.4685661660962963,0.8583786401591238,0.7655655607542453,0.9084898895973608,0.8753838677887602,0.7009198590764896,0.7346965719236449,0.7937812374916591,0.2283492270605083,0.8070467719220202,0.5686967088527322,0.7900926895085649,0.7715561688698283,0.37395984087715417,0.8568667102675338,0.8601894085453343,0.8182239566029237,0.7199170131208843,0.959500580001744,0.8070467719220202,0.687112500881482,0.910340733421104,0.6547831023824587,0.815506438683964,0.800791910286496,0.8070467719220202,0.588976134802222,0.6389327354345915,0.516687690519067,0.8026915387074802,0.8318451486625575,0.5808382059341686,0.5727359379935995,0.26722171597545863,0.31109467855806894,0.7297132764213239,0.8200790560505895,0.8070467719220207,0.7727314377007182,0.5936858694905622,0.8412664651734412,0.6474061482565616,0.22018324073201734,0.7677465948757101,0.2530648153262267,0.5286149133615026,0.9870400939460185,0.43324607329842824,0.6737217849122441,0.8200790560505895,0.3053843043249018,0.8524311286184663,0.8175595086733718,0.8568667102675331,0.4135758189670774,0.7851350462423689,0.7008898731093749,0.7606222572952102,0.9174892927014335,0.78369326171423,0.4810363036136205,0.8134696855167471,0.9659026840982023,0.9670218540558317,0.9750993123079483,0.4548581027580393,0.8504636644420462,0.8268966588916085,0.8799270736133199,0.7887256191380703,0.648289061302904,0.6667976407871397,0.8268966588916087,0.8583786401591236,0.8216567655514619,0.5050198894454367,0.8488894389623103,0.5568653552791488,0.640693554309508,0.7257926528465415,0.6080558653411146,0.697177560438442,0.3116791816211657,0.7029385753608102,0.2994973797123621,0.8488894389623107,0.5819939327793249,0.8705684122330231,0.9043457178937138,0.9528245839616691,0.6596797405365372,0.7290890850336531,0.7471112863343878,0.7591169382649829,0.5798008017125889,0.7497756170531029,0.850463664442046,0.7954933671188165,0.4684323053376692,0.6581013920600918,0.6825825229535525,0.7464632833369964,0.6506725808830307,0.8440788015007781,0.473542340691525,0.8646968813220217,0.8007919102864962,0.7803598601014252,0.6733532651830644,0.7783078434439046,0.7411127019887735,0.9095012704040788,0.9246773889091413,0.8903556195668003,0.6600152948035287,0.9209289280958821,0.6997018973036142,0.8575202842849552,0.9221581834312781,0.9954374007524756,0.551921219899765,0.37289118180046743,0.6901120472995583,0.9026060607471649,0.7707563917447211,0.8277672007198686,0.7217120522530187,0.45024285117305807,0.2537898800594989,0.9952658927047815,0.8070467719220202,0.7749200871902094,0.9564937016009507,0.8814965811270478,0.5936365803929589,0.6273320484900342,0.9221581834312781,0.8070467719220202,0.5709899197422623,0.351872099735983,0.8295688743724917,0.8070467719220202,0.8143382328848241,0.6165069764904303,0.5181174316392958,0.7050428158951696,0.6388570207549963,0.8007919102864964,0.8070467719220202,0.9272837949821262,0.8070467719220202,0.4471601352317818,0.5169879901366707,0.5037345424640449,0.8070467719220202,0.5413000645977817,0.8070467719220202,0.5994120099312186,0.8663081645472799,0.6825825229535525,0.5430887968195115,0.8200790560505895,0.18115554299478176,0.8486241527613592,0.8478585776896559,0.7289151348412797,0.7808784623355964,0.7090422139419703,0.7492271098269578,0.8268966588916085,0.8806787275423138,0.7764026473839652,0.8320496064023224,0.8362683924192169,0.8207038320912388,0.6165069764904287,0.738051538314794,0.5646646677879907,0.8817019751396638,0.8070467719220202,0.5965738127185184,0.8070467719220202,0.5985303282940786,0.6780857041613113,0.8582835284332406,0.9976537215684178,0.15669146543645285,0.7749200871902095,0.5547249207582214,0.7606222572952102,0.6088325088338573,0.7961064637088178,0.4177386746915094,0.7545364264690191,0.6264691273840741,0.925182092818186,0.3496230581752636,0.800791910286496,0.9370388334140074,0.5913915432994161,0.8047252975792779,0.6352465116500775,0.7503769038724147,0.834221201726153,0.7546879506972711,0.6110823214891337,0.8268015471657255,0.46590416575915694,0.46617518518803847,0.4855522300762858,0.8412664651734412,0.2530648153262266,0.7935704288581177,0.7727627776347092,0.959695925514493,0.8412664651734412,0.8441262710983968,0.24846951109898952,0.8666646566334317,0.6462777392079044,0.7056015623791769,0.8200790560505895,0.7108606542469829,0.16091997008227288,0.7946893783415643,0.8200790560505897,0.8200790560505895,0.24706878923619213,0.8412664651734414,0.4359987848849113,0.6913490550690342,0.5646646677879903,0.8726106506295308,0.9777360756347164,0.8070467719220207,0.7995848241600538,0.794689378341565,0.8268966588916089,0.17238815458069046,0.6360277767887403,0.8504636644420462,0.7346965719236453,0.8858997533402682,0.3107911542357207,0.5837803028026053,0.5661881354336127,0.7367057411068372,0.849182431997443,0.6743039679001717,0.5880795274561028,0.8846162930362216,0.5523238383798105,0.9560700011840431,0.8643264765668843,0.6350703269995917,0.6737217849122441,0.8456902516433881,0.8070467719220202,0.7638375846306945,0.7984392192917837,0.7397414321423517,0.8412664651734412,0.969754918406101,0.8562018915429415,0.8070467719220202,0.7606222572952102,0.9881465217499649,0.8944675982845542,0.7496107130393992,0.6184705114249816,0.750032188150602,0.9212474909682706,0.3154398665880299,0.35012418960586933,0.9256931590353881,0.7037983529591838,0.42195004554762194,0.7849210348604756,0.7520089676333601,0.45902655265242753,0.7210819482876003,0.6437410554310854,0.8944675982845545,0.1890849877310884,0.7108606542469822,0.17975126059717406,0.7887256191380703,0.800791910286496,0.7009198590764898,0.5646646677879905,0.0,0.21681478216343442,0.31147299010197016,0.8070467719220202,0.38984070018323136,0.781781026255803,0.735094486204708,0.933697648996314,0.8652957284464027,0.35557939469077693,0.8070467719220202,0.8070467719220202,0.7678268275972191,0.6370179453164144,0.5328473833502883,0.8070467719220202,0.8846162930362216,0.8070467719220205,0.7254884772470325,0.6095103919621485,0.26605015751905947,0.8070467719220207,0.7103266325205397,0.7900926895085649,0.36276659225391006,0.2715426661361464,0.8070467719220202,0.5485977698355025,0.6825825229535523,0.20944674637124328,0.3090543158411382,0.8714726571183569,0.6034687373725609,0.8200790560505897,0.0660767415534772,0.8070467719220202,0.24236710641785475,0.871596920857987,0.7324508243050625,0.7232546969098779,0.8043208177111412,0.35856465902540835,0.7828888451009721,0.8070467719220202,0.7833473316033615,0.6177155873160425,0.8070467719220202,0.8666650529101897,0.5877780119714657,0.5952788380141594,0.29831763857341054,0.11071228983965298,0.8070467719220202,0.9207232686536102,0.5499412484504054,0.8666646566334317,0.6364689879643826,0.4854203735080517,0.553695937064034,0.5248372088763558,0.6214653131131851,0.8200790560505897,0.7338952064255615,0.42679884568849913,0.8478585776896559,0.34384724204014705,0.7645247928978587,0.5086911503846272,0.940429921043928,0.8268966588916087,0.761717346928291,0.8070467719220202,0.8753838677887604,0.75958619569395,0.5283769264258432,0.8601894085453342,0.8507259614069198,0.7946893783415643,0.7147644171184184,0.951324470315799,0.8216567655514619,0.9188579379037638,0.8925836270476606,0.7771687304254189,0.5846278282210728,0.7023680205780727,0.9199117165193277,0.29583395418804626,0.8652957284464029,0.8716067446736936,0.8478585776896559,0.5356874202906088,0.8381919070735804,0.8846162930362214,0.6335581674369961,0.6795217115677479,0.7927360071462355,0.834221201726153,0.8141422982910733,0.6639976708496278,0.9976132936006711,0.9218761599368475,0.9135367484936401,0.9584879461854647,0.9318769040234609,0.7250250210417704,0.8601894085453343,0.6725471930079316,0.4566341339190898,0.5307452665311967,0.6900877319536087,0.9727567245730668,0.6222210889417827,0.6627920371513598,0.6182433321137333,0.7498948431990369,0.8015729060125196,0.31960948458890237,0.9338402930623013,0.516606355440409,0.8180866116513591,0.7523391061979707,0.5964628252397683,0.8200790560505897,0.9628569173049002,0.4879697930379612,0.8388572074136864,0.757883041993097,0.988146521749965,0.6703313970384324,0.5646367031534145,0.8993807416255251,0.8326756442426582,0.8150157770573552,0.7887256191380705,0.8897655097007556,0.8175595086733718,0.7150975577583134,0.3373670861393133,0.6691849049562806,0.8007919102864962,0.8007919102864962,0.5880683910129498,0.831573472604697,0.8150157770573558,0.5268981389060365,0.8070467719220202,0.8339485716413388,0.8070467719220202,0.8070467719220202,0.17335144542407288,0.9635727568824959,0.6916774264569947,0.8070467719220202,0.4464335019496395,0.28803001657805494,0.9008459102712895,0.8814881833756791,0.5634206010045946,0.4232390534621011,0.8717562344512806,0.9326776838239056,0.29986613539405194,0.9347891138321136,0.9138313040927526,0.9320968266176186,0.6110682314070716,0.5956405790887662,0.509511689893435,0.7150975577583139,0.8577921935411369,0.8547345879297661,0.7572439245726097,0.8666646566334317,0.6536376025879664,0.8200790560505897,0.8040443465978475,0.728915134841279,0.9235905538900671,0.7552872343353836,0.34702554276128883,0.7304698855952667,0.5992135977762181,0.7124275413775525,0.9485785445775854,0.7849210348604752,0.8622415158560888,0.8722711465586113,0.9492113316496846,0.38059808167628584,0.46958725611374486,0.9213426026941536,0.6055121238897025,0.9220826437497923,0.6760556875286201,0.580838205934169,0.8007919102864964,0.22167789187704456,0.7199170131208841,0.8944675982845545,0.2624693214576592,0.4009546943678892,0.7478205547159431,0.30269776926332304,0.7660430807260574,0.6057979749779081,0.7322839491157269,0.8070467719220202,0.8268966588916087,0.7358066320511625,0.9648549477429393,0.5960874993720298,0.7770143524062945,0.8277672007198685,0.80269153870748,0.42228467639113143,0.824715741851088,0.12348205309715754,0.8488894389623107,0.3017942604548358,0.9679585275817424,0.39164900323692553,0.8216567655514619,0.9625483257799177,0.7826426642405708,0.7709024567071354,0.750032188150602,0.6317621406608886,0.6884344473584867,0.2805398352245936,0.402003314746638,0.7684103376169453,0.46898702144528304,0.47281577112997164,0.6113116680845556,0.8488894389623107,0.8077853720781178,0.9807252008367306,0.5686862844825926,0.6637945869395958,0.7129500588640724,0.800791910286496,0.2745188764161086,0.39598525589858724,0.9320684863015753,0.5346962529650592,0.8760748600348446,0.8198891190971607,0.7388674434369671,0.7671941876032182,0.8902217771201005,0.7355093993994388,0.7913281522671638,0.8583238367543506,0.7961064637088169,0.8113382209183879,0.8268966588916085,0.8568667102675338,0.8070467719220202,0.9438412455332386,0.5165608326310926,0.408489154824233,0.6962792028641851,0.8070467719220202,0.6047583986320688,0.37093020464335114,0.5647742677824303,0.7056015623791771,0.6346127350287882,0.6046499711363769,0.4730953730044184,0.955970697090181,0.7457775612915647,0.9875144422983244,0.4915999500468743,0.6316361862922113,0.8339485716413391,0.6303872837390894,0.9427249561940425,0.8808482728335028,0.7523391061979707,0.8568667102675331,0.8344288382470137,0.794689378341565,0.8568667102675334,0.7771687304254187,0.7510144443985958,0.8355590569639006,0.5562416244297069,0.5606392732531655,0.8175595086733717,0.8793180926172995,0.7529647436237872,0.350353304769635,0.20939367342531234,0.800791910286496,0.8268966588916089,0.7887256191380703,0.800791910286496,0.800791910286496,0.8835097043568717,0.8070467719220202,0.8169220120726504,0.9079163378259326,0.8070467719220202,0.7500321881506018,0.5849024100034885,0.8857943139040091,0.8200790560505897,0.8061744934456334,0.892523009273936,0.800791910286496,0.47118902539749086,0.3050834531894502,0.6661418697004172,0.2798104720006376,0.8070467719220202,0.6474061482565618,0.8200790560505895,0.8409545460870307,0.4090307686110837,0.6867535481931917,0.8412664651734412,0.8134696855167474,0.697001922701348,0.9194092607804538,0.8077853720781183,0.8640713420057804,0.9008459102712891,0.7598457677941575,0.8375686076050641,0.6946130210880275,0.8697573482257857,0.9436186730193976,0.7563259893357812,0.8504636644420462,0.8037122619981842,0.3507163952056186,0.8070467719220202,0.8925836270476606,0.5824025689132004,0.793842020298581,0.4996767604049033,0.7887256191380703,0.8452070533867961,0.31719612749712056,0.7946893783415643,0.46905546519812535,0.2143254916725329,0.8070467719220202,0.8070467719220202,0.9124658688650851,0.5369807076494338,0.6976080579601671,0.5840087854665426,0.276937430690278,0.5103674048326703,0.3918685229458161,0.1471148208593981,0.7448518495622387,0.24216995479411263,0.8070467719220202,0.9860995989676451,0.8268966588916087,0.8047252975792779,0.35856465902540813,0.8412664651734412,0.3925230006064151,0.8070467719220202,0.8070467719220202,0.15866832561385547,0.8070467719220207,0.18833856435830476,0.7900926895085651,0.4568082873727146,0.6178145599317046,0.96036691838544,0.7163886227856824,0.2958575991982685,0.4326590871803977,0.8070467719220202,0.6780857041613111,0.1422296484039337,0.8134696855167471,0.9540291191346463,0.9491908169810517,0.8662872766412291,0.8566662833093139,0.687112500881482,0.7749200871902094,0.4920306171089188,0.8070467719220202,0.24100425385746482,0.9147295606797885,0.5114478848581485,0.5880795274561028,0.5165608326310933,0.8465192786093442,0.5072977926014592,0.4983395449672585,0.8061744934456335,0.796639457255363,0.35493900799651046,0.9746629595883627,0.8488894389623105,0.7773386510565778,0.9814764947876831,0.2546137361694053,0.7953195658982098,0.8284969009147187,0.5161087784098709,0.695155188192337,0.8265925082346297,0.9651666581900594,0.8047252975792782,0.696649054670476,0.917527961630341,0.8944675982845545,0.6808028644048973,0.9737908887413688,0.49379672633032823,0.7937812374916591,0.8488894389623105,0.8141422982910729,0.7770143524062947,0.4393734656064363,0.834220125294957,0.7559282396619429,0.8868656999877828,0.7678843678789667,0.9219237397948673,0.634127852666279,0.7819529424641096,0.5880683910129498,0.6219663718654473,0.8070467719220202,0.588976134802222,0.9363426627010593,0.4622145968720275,0.7938420202985808,0.9423554178640614,0.7044336642308222,0.681897138967162,0.8070467719220202,0.2964637900737669,0.31193693130517963,0.9317395590718954,0.12983335849791466,0.2030391734665955,0.14261970379177136,0.8583786401591236,0.44310018745644,0.9585011186946009,0.8965813111344882,0.3597262645826189,0.7552872343353838,0.4041913823959,0.8568667102675336,0.7784300701739517,0.8070467719220205,0.9561912663911711,0.8212142415721901,0.293951239907136,0.8824651870681302,0.35503659681186983,0.9363426627010591,0.800791910286496,0.38975360879007137,0.4728157711299721,0.6053791683757945,0.22167789187704467,0.22061206909163245,0.8070467719220202,0.19799769236203224,0.4808000349622388,0.7056015623791771,0.8070467719220202,0.19624115783681328,0.8855514054889408,0.8412664651734412,0.8015729060125198,0.8284969009147187,0.5215577187887193,0.7987643573529248,0.9172533925824555,0.7936167803531395,0.9845970399669175,0.824715741851088,0.3019076242966532,0.8070467719220202,0.9393772383623689,0.8070467719220202,0.7834421060580531,0.6228020718059715,0.5059693360327011,0.8047252975792779,0.8041294647561893,0.7051111071324305,0.5756054075329438,0.7254884772470329,0.8070467719220202,0.6796474908395109,0.37388297975776175,0.6053088713291068,0.8579804492461895,0.6780857041613109,0.858378640159124,0.7150975577583141,0.6853757752376456,0.8889605647260728,0.4605900840539995,0.3066045374685227,0.8889605647260728,0.7254884772470329,0.8268966588916089,0.5798008017125886,0.8889605647260728,0.8047252975792779,0.8935728356439261,0.8337215482320728,0.6252092034863834,0.8007919102864964,0.6450892690881913,0.7500321881506018,0.643005884824189,0.6780857041613109,0.9669987356018003,0.6098431149351242,0.6813091579486736,0.8667482021748331,0.8491631787538183,0.7454728567179063,0.7056015623791776,0.6595313307836794,0.5712851826376684,0.9929799254813276,0.6517131373962839,0.8428436589843264,0.7749200871902091,0.850463664442046,0.7401394797546941,0.9463832072910507,0.8554185182700846,0.85072596140692,0.7159918062454127,0.8268966588916087,0.8339485716413388,0.8768230188506747,0.6385804135829992,0.6740435137149645,0.7817810262558031,0.7150975577583136,0.8113172439443904,0.831366929469572,0.7055190283123733,0.8070467719220202,0.6810594656571671,0.6680717067264856,0.741942244796461,0.5339365538756153,0.9054091901608594,0.9975289966018057,0.8451432487768962,0.9792730490661735,0.6449329538513504,0.893886250815211,0.781997907310831,0.8642497170666505,0.9963042274453557,0.8705970146717744,0.7715561688698287,0.990282858931741,0.8839068821711642,0.9192414997204946,0.8275122698220931,0.8200790560505895,0.8134696855167469,0.44201861001363263,0.6245320380162999,0.8808482728335028,0.9296300656992041,0.3882107635084767,0.8174705878985133,0.84862415276136,0.8486241527613598,0.3987556218802494,0.9318769040234607,0.6471924772943585,0.8504636644420462,0.41952228312122963,0.7500321881506018,0.8339485716413388,0.4763625824796286,0.9235905538900671,0.8722711465586108,0.8295688743724916,0.7239370377558945,0.8175595086733718,0.9250564831534065,0.8339485716413388
p131_M,0.8277361439594119,0.8287687408353173,0.5915146452977842,0.9064825833658781,0.7636608045089457,0.8577507109035436,0.9775743627320764,0.9806706833373066,0.5153648338326198,0.8855843507261225,0.7729670530351347,0.7265343068798948,0.7265343068798947,0.7074197865434062,0.9624455028091026,0.7946164177448058,0.9216092529932856,0.7413488062196425,0.9788493112231098,0.885584350726123,0.7285805023138581,0.8156340680986154,0.918956194176195,0.9029097871803182,0.7621006700194148,0.642726408591158,0.7900304636463156,0.6206004437788935,0.8855843507261227,0.7271118857050842,0.7110547731391368,0.7938826026075037,0.8356110017606395,0.7687649460343576,0.7922008532895146,0.8763974382696862,0.8440510684196687,0.7842297379105647,0.8577507109035436,0.7579855823726565,0.6201749624119763,0.6497418056258502,0.9916992820910941,0.7097323692976343,0.8426619793851033,0.5823241168708184,0.8211902596649285,0.49764683220478567,0.7363351033903187,0.43576123667031963,0.8279657565412284,0.45865722910665396,0.6647237223479152,0.9041044255276218,0.8304107832138793,0.7740264048810823,0.7527044949653576,0.8082384637825222,0.6260137555810182,0.7959573902797019,0.5100895535684837,0.5276658715075069,0.8626995461587306,0.7517350277531263,0.8349741162127919,0.450653933437693,0.8594783932788339,0.7749145194754354,0.8779170357097938,0.8763974382696862,0.7027669977490414,0.7363351033903187,0.9349010971923584,0.2608926811385113,0.8082384637825222,0.571360466420241,0.7674880140872875,0.7975412536385913,0.3307305874173777,0.8577507109035438,0.8712638554489613,0.8425868991073653,0.7216468241173295,0.9613219437872129,0.8082384637825222,0.689044914708743,0.8637801221099435,0.6244053554912945,0.9236728864211707,0.8020222325849224,0.8082384637825222,0.591514645297784,0.5283595737197166,0.4853787997409311,0.9702122050988868,0.8289787013693088,0.5834269768150573,0.5906953243454034,0.299271290806272,0.20522657665467048,0.7527044949653576,0.8211902596649279,0.8082384637825228,0.7356409473393777,0.6818804710760388,0.842246813951878,0.6495837911359861,0.2877884674166511,0.6713908535519961,0.28582293964732164,0.5460141960929126,0.8135199428100597,0.4026724729462725,0.7820377155212852,0.8211902596649285,0.3110745259005002,0.9543282153224906,0.910548062587494,0.8577507109035434,0.3277012177682933,0.8553887433927385,0.567353327507,0.7621006700194144,0.9007425924391652,0.9173273162736986,0.4370377719442158,0.8146217090393439,0.8109981142730982,0.9961460104523514,0.7439019101917248,0.33648408083207926,0.8516044549634423,0.8279657565412282,0.8035117733343914,0.7900304636463156,0.5340702651286331,0.7219574178884856,0.8279657565412284,0.8594783932788337,0.8499446834990612,0.5593152370338558,0.8498227077519451,0.4380274805502463,0.6295896945657293,0.6060158996752323,0.5338062417681713,0.6623974298411937,0.29369463210281166,0.6358010061218786,0.23089170439292972,0.8498227077519458,0.510089553568482,0.725968717898394,0.9965036052620413,0.8909910300164399,0.6574514851042175,0.6517057492646285,0.7675892118184322,0.8226571314092347,0.5976550728720407,0.7919442003280932,0.8516044549634423,0.7743287291569785,0.4872374769965562,0.6767731687524572,0.7033228234664022,0.6876063506131294,0.6859549950825508,0.8666432963565711,0.48194796811835383,0.8666700240013838,0.8020222325849227,0.7782134868887015,0.781525020749614,0.7741220943676108,0.817285968064773,0.910548062587494,0.9371129183328335,0.8924204004759111,0.6932371425631807,0.9192722399024509,0.7117924902695595,0.9019578643754296,0.7542662751466702,0.8917899042796873,0.4750040069950201,0.3684254714592641,0.6704455011698279,0.9041044255276219,0.732278541837549,0.9039319767184213,0.6849179888917081,0.5300646794628874,0.320986823864835,0.8349260081645498,0.8082384637825222,0.961768505940968,0.9579192699377803,0.9449448555768921,0.6234186598924936,0.5455849274158568,0.809730211680221,0.8082384637825222,0.5319427916599972,0.16144801765594452,0.8855843507261227,0.8082384637825222,0.9760926938481758,0.6324133511476132,0.5297990470255729,0.6467451066176106,0.6581809959182876,0.8020222325849231,0.8082384637825222,0.9772591529725316,0.8082384637825221,0.4166261704122881,0.5597066634710266,0.6105630056458369,0.8082384637825222,0.6131736553137105,0.8082384637825222,0.6417648200534272,0.8288884879378056,0.684542914223216,0.5460141960929126,0.8211902596649276,0.18638769392513543,0.8499446834990612,0.8494600808920518,0.9436356618447445,0.7659802778206584,0.6539841915364447,0.7511873691774584,0.8279657565412282,0.9851448415645756,0.8355894278315887,0.8681718420071163,0.7902625713893052,0.8739718957431877,0.5580876451182053,0.9468119576597445,0.5673533275070002,0.7991379105751032,0.8082384637825222,0.660824546474746,0.8082384637825222,0.6157306457522419,0.6986552945877211,0.7938826026075035,0.8322998988625588,0.17414374424062595,0.961768505940968,0.5519577824776081,0.7621006700194146,0.5955732986187436,0.9204122566558746,0.3174310596332205,0.9732612361574997,0.5156834712711125,0.971308364449581,0.3185842364345751,0.8020222325849224,0.8702944042895504,0.5829295057269359,0.8577507109035436,0.5279274159049987,0.7199982493092173,0.8806122242555714,0.7367567323945945,0.5564095358235797,0.8253952393451095,0.5538210030875387,0.534019945675569,0.3688262433027769,0.842246813951878,0.1332951794730638,0.809426487338565,0.8198341757905696,0.9456373757094223,0.842246813951878,0.77329179192888,0.34245336145584493,0.935790288622363,0.6650227170903129,0.7472323459079004,0.8211902596649279,0.6935816470028762,0.142471705850299,0.7959573902797019,0.8211902596649283,0.8516044549634421,0.25180694036103435,0.8422468139518782,0.41765851103814233,0.5929673784781814,0.5673533275069991,0.8551685074886763,0.944698686905302,0.8082384637825226,0.8445874983020087,0.7959573902797028,0.9225036667540454,0.21559942283454092,0.7961822805208605,0.8211902596649279,0.7579855823726573,0.7520598084811968,0.3276225985184038,0.7578731453509697,0.6831792403256004,0.766701204994102,0.8423928422839211,0.7980768990079491,0.5768358109264996,0.8855843507261227,0.6340520423739822,0.9571076366744766,0.9432064430927332,0.762483336699077,0.693559034919796,0.8138393967528994,0.8082384637825222,0.7623699658698968,0.8008856117902388,0.7413488062196423,0.842246813951878,0.9685382307887697,0.8574861691184741,0.8082384637825222,0.9037277891265614,0.7820963185522344,0.8953882126548842,0.7696549590403148,0.6355048783055042,0.7515760058401828,0.7938826026075039,0.335856582500779,0.3541378654655509,0.8093097097217967,0.7019576235886953,0.4257057635615511,0.9732612361574995,0.7303611312513031,0.46361182034686355,0.6941052561134268,0.5695261801882483,0.8577507109035438,0.18192876084928844,0.6935816470028762,0.1484351489816106,0.7900304636463151,0.8297542008516978,0.9190390523445131,0.6431076909196018,0.21681478216343442,0.0,0.31572537831856007,0.8082384637825222,0.31823437019492284,0.89325079990278,0.7370080821235996,0.9168836158297302,0.8283225054804624,0.3901096698880727,0.8082384637825222,0.8082384637825222,0.8306553169629207,0.7188286199035255,0.5362189357568949,0.8082384637825221,0.885584350726123,0.8082384637825228,0.7273260662256534,0.6119220815314015,0.25962574455372334,0.8082384637825228,0.7121156743399906,0.7674880140872875,0.36670218780116093,0.2760416666666692,0.8082384637825222,0.5513856597757649,0.684542914223216,0.1413956245294129,0.29014305490894754,0.732278541837549,0.6772352997202582,0.8211902596649281,0.1457557187973969,0.8082384637825222,0.3210036804204599,0.7413488062196423,0.6738885100079078,0.7530679223387939,0.773367259636109,0.3625262059893648,0.7842297379105649,0.8082384637825222,0.6515004333534742,0.525462397009494,0.8082384637825222,0.9854413131966266,0.5449143332979927,0.5991739663824871,0.30265127510853995,0.11682194859380723,0.8082384637825222,0.8166905793763719,0.4511631058800809,0.9004700005456046,0.733459775978917,0.5773358326170395,0.5333561127462865,0.5394216006387064,0.6239181812193904,0.8211902596649285,0.649238188960271,0.4231569554005006,0.8494600808920518,0.4060561023564705,0.7677228245099206,0.5117255062381756,0.9421215652709094,0.8279657565412282,0.7633461199763991,0.8082384637825222,0.910548062587494,0.7787168873960524,0.6224846725274421,0.7846973361026459,0.8105280840668951,0.7959573902797019,0.7076382209002046,0.961768505940968,0.8229510368893818,0.8712638554489613,0.8082384637825228,0.7785449510404485,0.5875080275283668,0.7555565994133031,0.7820963185522343,0.3567403469823609,0.8283225054804624,0.8196647306005977,0.965286936365624,0.6408687217631636,0.8637801221099435,0.8855843507261227,0.6386392626555935,0.6769401715084518,0.8425402241447248,0.768791755179719,0.8397070951042795,0.6663131513564844,0.9963245685439861,0.9240045357012059,0.8175150604237007,0.9114426595445108,0.9108450690577525,0.7055797027146327,0.8338457373095591,0.629327902734568,0.4215558535549966,0.499625210383574,0.7094615928442796,0.9742407687320735,0.729039395839709,0.6966177407551375,0.9143608994938973,0.7251113578735173,0.8726254519867664,0.3239010323501825,0.8092715367061025,0.4535079631698301,0.7023586345567214,0.7172367210950727,0.6508356625877276,0.8211902596649279,0.9670222424999593,0.5426525722441271,0.8599239405494834,0.804249751720495,0.8162469428700425,0.7248896225030617,0.7024759141951948,0.9659658848784176,0.8160022789255192,0.8163462215157096,0.7900304636463154,0.888420512820321,0.876397438269686,0.7168571340288867,0.3667527612838346,0.6712280407981739,0.8020222325849227,0.8020222325849229,0.5072269713183504,0.9679625468514614,0.8163462215157087,0.5299217491829393,0.8082384637825222,0.8677220583791987,0.8082384637825222,0.8082384637825222,0.05481491105872749,0.7567985965131954,0.6935816470028762,0.8082384637825222,0.4407183659162226,0.2829296377132663,0.8844695596612386,0.7249399562766112,0.5513856597757649,0.403192751156187,0.7386012839073941,0.9354580722239927,0.16517900392524598,0.9640641613858243,0.9563674135258657,0.9332179427120111,0.6084524235015436,0.6381931363619793,0.5051216748126405,0.7168571340288867,0.9588639428390646,0.9579192699377805,0.6648162844557328,0.8677220583791985,0.6561217983494851,0.8211902596649285,0.7734230556332637,0.9677086888504084,0.9253404118859114,0.8262947097973372,0.3554970353462348,0.7322785418375493,0.5100895535684835,0.6640671261189446,0.9715938209658159,0.7834252014543851,0.8878531491156076,0.8146217090393439,0.9514954295762588,0.30845275124910376,0.4993502650698458,0.8909910300164392,0.6496067942158945,0.8426619793851033,0.5962753365760546,0.5834269768150571,0.8020222325849233,0.22709701331868348,0.7216468241173295,0.8577507109035436,0.2794033042535031,0.2909759087723174,0.7785754493542806,0.3320719875421769,0.7674880140872875,0.794119973209392,0.7139118545353034,0.8082384637825222,0.8279657565412282,0.6957200807516383,0.7922008532895146,0.6268838512759298,0.7029053917881041,0.8261315571847826,0.825215732859645,0.3625262059893646,0.7567985965131945,0.0925869536516184,0.8855843507261232,0.2329820414437762,0.8092715367061025,0.317637619520708,0.7959573902797019,0.9897547933108612,0.8405406814751059,0.8473067066465352,0.7743287291569785,0.7720784976094395,0.6701111743021884,0.2974114857372814,0.42532079853505766,0.7127835543944039,0.5404222844098413,0.4760716956915223,0.6088961851334269,0.9213459937002997,0.8801232692753702,0.7439379002557843,0.5726438223162189,0.677646104028965,0.7097610003650271,0.8297542008516978,0.3654780087842815,0.399715690788633,0.9330257144062248,0.6338040704948924,0.8442535920514133,0.8029642652692366,0.7221027327095886,0.8358840366252307,0.9623294245407592,0.7372888516300289,0.7658089329567611,0.8772752937889409,0.7975412536385909,0.7819982434134453,0.8594783932788337,0.8577507109035438,0.8082384637825222,0.8839763903835203,0.5058388248558492,0.41506298566512856,0.6981550025355214,0.8082384637825221,0.4812837056584518,0.37508594802974193,0.5100895535684828,0.7074197865434064,0.636869390871942,0.591514645297784,0.4841921250039706,0.95011325927414,0.7474977281132698,0.9211081710944142,0.4604611466977202,0.6810246463746952,0.834974116212793,0.632670036248046,0.7527044949653576,0.8820186502619562,0.6800738680803695,0.8953882126548838,0.6642189496528895,0.7959573902797026,0.8577507109035436,0.7785449510404483,0.9019578643754296,0.8367785125630913,0.5210235145108613,0.5633527940742686,0.7820963185522346,0.735120755728377,0.9436356618447445,0.2332069455289001,0.10447476431371572,0.8297542008516978,0.8279657565412284,0.8163462215157087,0.8297542008516978,0.8020222325849224,0.9415821125581025,0.8082384637825222,0.9994434733985325,0.91034765159909,0.8082384637825222,0.7515760058401828,0.5874660800920408,0.9186988158234661,0.8211902596649285,0.8047985199567372,0.7439379002557842,0.829754200851698,0.2916548878379188,0.2869769640773221,0.6640671261189445,0.30078067056543834,0.8082384637825222,0.6495837911359861,0.8211902596649281,0.7515760058401828,0.2185015978462873,0.6889387113021788,0.842246813951878,0.8146217090393439,0.9074360520639088,0.9482976017725955,0.8093097097217967,0.8082384637825224,0.8101438536318317,0.722428093621357,0.819015722034597,0.6511266469722484,0.8712638554489613,0.910548062587494,0.7363351033903187,0.8211902596649285,0.7017365632286066,0.22856925554312313,0.8082384637825222,0.9509387076853664,0.6001073418669849,0.8855843507261227,0.4648687892452814,0.7900304636463149,0.7729670530351349,0.19812487568875448,0.7959573902797019,0.364642328160834,0.10966941260433194,0.8082384637825222,0.8082384637825222,0.9197702179932622,0.6559237027430651,0.7167778240191425,0.47746641929779754,0.35075039921795237,0.5398788475022442,0.4734187945648958,0.15317483773835938,0.7464276613645477,0.3235431093852983,0.8082384637825222,0.9118116686604397,0.8279657565412282,0.8577507109035436,0.3625262059893646,0.842246813951878,0.310806852167815,0.8082384637825222,0.8082384637825222,0.2251649354345071,0.8367785125630913,0.20612572836859866,0.7674880140872875,0.4736947694242706,0.6201749624119761,0.936588795974147,0.7846250440884133,0.30350553472049757,0.5292188150655561,0.8082384637825221,0.6800738680803693,0.1614754217642127,0.8440510684196687,0.8845481915056581,0.8801944909365278,0.8093525179856116,0.6803551129901209,0.689044914708743,0.7439379002557842,0.5634566100408676,0.8082384637825222,0.09621713652809405,0.7080314731354922,0.6562446782117026,0.6340295008339429,0.5058388248558496,0.6941052561134256,0.5042359209571781,0.5018209319463549,0.8047985199567373,0.7928717238560767,0.4468728174371165,0.8415489261821687,0.849822707751946,0.8745483401294029,0.9613219437872127,0.12424873395720148,0.9225036667540452,0.8297542008516978,0.512267276037728,0.7142477571415276,0.8287252801391831,0.8253667013153836,0.8035117733343915,0.7543995741097762,0.8035117733343916,0.8787867768370721,0.6326700362480462,0.971593820965816,0.5226859648330933,0.7636608045089458,0.8498227077519458,0.8156340680986154,0.7510514457994324,0.4561639016692691,0.8613016336856769,0.7265343068798946,0.8208573067201506,0.732999115895944,0.9911978653212925,0.517590820102577,0.9691970336097759,0.557654509575771,0.6038560223039855,0.8082384637825222,0.591514645297784,0.9063610484117897,0.4314367666248363,0.8855843507261225,0.7615622747017021,0.702358634556721,0.6180515800332762,0.8082384637825222,0.17916204232319333,0.26702435956323467,0.8880923457409562,0.11133388601161354,0.21022328279684455,0.1367046324214578,0.8594783932788337,0.31184918466302103,0.99361848682992,0.8169337333569082,0.27804409499427896,0.7567985965131943,0.40787113570756217,0.8577507109035438,0.8262947097973374,0.8082384637825228,0.8282939299354108,0.8229370193196706,0.17245176970013554,0.8513502844528957,0.33469613701255296,0.7351207557283763,0.8297542008516978,0.29369463210281177,0.4760716956915232,0.6239181812193906,0.31279840210795473,0.2254256203480135,0.8082384637825222,0.20373952148256524,0.4978126298709591,0.7074197865434064,0.8082384637825222,0.3078020917024693,0.9383735294607871,0.842246813951878,0.9189561941761952,0.829754200851698,0.48580554052086367,0.7307156636181875,0.8389008868050969,0.9914325860459475,0.9519976958677863,0.8262947097973379,0.30630805954653884,0.8082384637825222,0.7902796615601417,0.8082384637825222,0.910548062587494,0.626960917116439,0.39686141339754855,0.8577507109035436,0.7605086321710933,0.734889913357669,0.5555165178831685,0.7273260662256535,0.8082384637825222,0.6875596941645521,0.3809820692639344,0.6355682927746851,0.819015722034597,0.6800738680803711,0.8594783932788341,0.7168571340288863,0.7838126382210391,0.909901825141451,0.44136743406330425,0.3115018235927929,0.909901825141451,0.7074197865434064,0.8279657565412284,0.5825042001895195,0.909901825141451,0.8577507109035436,0.9613219437872127,0.8027966190164338,0.5825042001895204,0.8020222325849233,0.8241383732161567,0.7743287291569785,0.6240304208055258,0.6800738680803702,0.7567286104978024,0.5703484042533944,0.873956274927597,0.75426627514667,0.9917817158560724,0.72767117297919,0.7074197865434066,0.6451804967453569,0.5663415825858427,0.9364854465089459,0.6538641800267646,0.7796360613549949,0.961768505940968,0.851604454963443,0.753905745326513,0.9333217856849099,0.8533100175137673,0.7264876094620611,0.6798793602452733,0.8909910300164396,0.8349741162127926,0.9113233943403583,0.636225941680314,0.733186652166586,0.741358332488788,0.7168571340288865,0.992325784389509,0.8801232692753702,0.7031611682308045,0.8082384637825224,0.573255110465863,0.6856841544441152,0.8532985084170537,0.5142134256630118,0.8298591232054644,0.8349741162127919,0.8279949987435684,0.9516775619443283,0.6647237223479152,0.8952934951238916,0.7630743876142558,0.8832950930942751,0.9428318086259266,0.9007500320470243,0.7729670530351349,0.9485201738329938,0.8852181373852497,0.9609626815328781,0.76923464230645,0.8516044549634421,0.8440510684196687,0.560268216061308,0.6221987123504698,0.8820186502619569,0.9267992507969406,0.4943507069705705,0.79673734101786,0.8499446834990618,0.8499446834990618,0.47029553191343265,0.8198341757905698,0.6494915938022652,0.9659103732454718,0.4015117671681848,0.7515760058401828,0.8677220583791989,0.4729431477458599,0.9029763180707411,0.8734804277999935,0.8498227077519456,0.7357065290970635,0.842246813951878,0.9424406516349866,0.8349741162127928
p131_N,0.6158455134902525,0.7525010693203029,0.40303886515846477,0.8943060814546407,0.8475930273944765,0.7921166669210785,0.9497909229396175,0.9562349536953328,0.6567743629139982,0.8580546626695635,0.7675545077575616,0.8128743662973863,0.8128743662973861,0.5925405233305994,0.9399617063493484,0.9802010693903225,0.8261264768950001,0.622006741759932,0.9075125973442776,0.8166721374016904,0.5807348285888208,0.7088640332046933,0.8318763696552299,0.8842670595891773,0.7477544398129189,0.7555267484019446,0.6931501918955668,0.7587727771577899,0.8166721374016904,0.9851976910335125,0.8149724748812404,0.869243130108611,0.7365999854638757,0.8850305959128246,0.8475930273944765,0.8039725851265414,0.7588298042991855,0.6846730022527634,0.8655480930335331,0.6365601369012152,0.4449230973162571,0.7603272065538038,0.8655480930335331,0.6892496465004254,0.9856980188943208,0.3182754142605617,0.769424390274753,0.6449163766852781,0.6146797086208049,0.6139057336845777,0.8373957982954761,0.22372467383174033,0.7555267484019446,0.7906839898526716,0.7960571656361157,0.6505388295656689,0.8444741549613235,0.8187498553347687,0.867109845991413,0.7563725028925855,0.6647667146102865,0.6810910424202297,0.9778362162012755,0.7773165026320761,0.7588309158950005,0.7053120640946111,0.875978215386313,0.5950488679729706,0.5591235448808531,0.9420259347501897,0.5656232266504644,0.6146797086208045,0.818749855334769,0.3815643230155912,0.8187498553347687,0.5121530332731992,0.7575214454789907,0.742719305068005,0.573357015058096,0.7921166669210783,0.8102470465199718,0.8209078234825714,0.9281547528362842,0.8443162095592615,0.8187498553347687,0.5455697530807742,0.9748627870123721,0.7153876533339338,0.910636606915989,0.8128743662973856,0.8187498553347687,0.45060606198864017,0.42936796073507555,0.57735233684826,0.7997060759089027,0.6616589235965563,0.485205697205619,0.41041858524305397,0.37000783150192196,0.4419058553386912,0.6720871990540751,0.8001616141245538,0.7197593917099121,0.7656591507419195,0.9827258537941091,0.7694592477206295,0.48790120550876137,0.2767657907000105,0.7751411006332312,0.44092332573322723,0.41786466202864525,0.9006484574176026,0.5368710079576002,0.625631317860404,0.769424390274753,0.4620318110357795,0.9555299319100914,0.8508940408143364,0.7921166669210784,0.5209565730942884,0.7444509168090261,0.5361591653662714,0.6523335479021493,0.9578915780663647,0.91100904989906,0.6486589719517948,0.7290878762898825,0.6294930841720354,0.9348870532500863,0.6976105905469068,0.5459728954317562,0.7694243902747523,0.8122835517600442,0.8655480930335331,0.7197454488954537,0.6503763189377749,0.5833063939481631,0.7804362199469098,0.7804362199469096,0.8071419677837104,0.4221655660496053,0.7805306707429402,0.6670303895323335,0.4217245904484608,0.627184713137666,0.6809954424556661,0.7613417664214015,0.436478605257546,0.7507878712472875,0.3114519007900006,0.8528136040604399,0.6647667146102862,0.7369382749942395,0.7942398372472201,0.9396728790125821,0.7726682995276981,0.7279961617131139,0.711833576601458,0.7495870554535013,0.6586534837177339,0.99981084422805,0.9231105095237595,0.7519246848938177,0.29427729477158504,0.5147871609465791,0.5579698928237231,0.6849163308736763,0.5612607891767932,0.8444196232194183,0.5540775873528088,0.7735998582050239,0.7106749817367279,0.8969454111778048,0.9974945767206229,0.9256134830219467,0.6520760245490645,0.838485922532453,0.7391127693315838,0.7748448051181546,0.7584952849689596,0.8855495517734022,0.7893231153169482,0.8660225244497293,0.8128743662973861,0.5936238223124871,0.5323515776332923,0.5483944298698189,0.6825914900856267,0.7906839898526715,0.9868257352945466,0.8344223133664421,0.8109929410254912,0.2478889243394763,0.3242666292363334,0.7170252157707238,0.8187498553347687,0.8247832035705711,0.8654938852235116,0.6449163766852783,0.43050229261470696,0.709040127344928,0.8128743662973861,0.8187498553347687,0.3601618288988434,0.44829221741575775,0.8580546626695638,0.8187498553347687,0.6124039056786557,0.7351681494695999,0.68723464871558,0.5854820866795878,0.5100348239395345,0.7106749817367284,0.8187498553347687,0.4859855443757808,0.8187498553347689,0.6930210176606229,0.4245611767636124,0.39152571094583966,0.8187498553347687,0.7747070137853229,0.8187498553347687,0.601387967689603,0.9323252525936638,0.5769492631020143,0.33001353883631057,0.7386871664249508,0.19591479430510406,0.8071419677837102,0.7382307295305034,0.7802331379151812,0.7255507718512779,0.6189179989327696,0.7850699462602833,0.7804362199469098,0.6576147083310335,0.7046313401377293,0.7691873592837539,0.6950218015294711,0.941734723544404,0.6976105905469074,0.8015399251065849,0.44428842660267454,0.8617026589491743,0.8187498553347687,0.6528051955403154,0.8187498553347687,0.9272197863516984,0.7390260256127144,0.8373957982954765,0.7414801668228579,0.18354080187937494,0.8247832035705711,0.6934160811075509,0.6523335479021481,0.48874788419821846,0.9165657238949023,0.5047907790933426,0.8309916996778286,0.4648930975665386,0.7814621497657797,0.4441705839648993,0.8128743662973856,0.8771157527508109,0.44150545471517755,0.8655480930335331,0.7029889521324137,0.74181111489831,0.8733353185633346,0.939735309477193,0.5428025939247194,0.8373957982954765,0.45946373515817873,0.4758431489356001,0.5666859631219714,0.7694592477206295,0.38954074092625746,0.9350334076632665,0.7749190644234021,0.8450671371002421,0.7694592477206295,0.990231327567238,0.4627557245269571,0.9905012176658479,0.5048843596505967,0.652893634955407,0.7386871664249507,0.7850699462602834,0.3365172143081514,0.7018118117271226,0.7386871664249512,0.9538477333735609,0.10024578138953166,0.7694592477206286,0.6297917633961445,0.4822124713549554,0.36772947763301045,0.8145104134266756,0.9420259347501897,0.719759391709912,0.7897231348640896,0.701811811727123,0.8441308835731787,0.3192339417193,0.686589606234725,0.8308988379743552,0.6584405651816261,0.701834666322916,0.2963502767809475,0.6947887595025859,0.5872875718311301,0.8037235370221294,0.6114171230137218,0.6340597473324772,0.51475853199269,0.8528136040604399,0.7081805556178293,0.8889550707191896,0.8238816471810944,0.7351681494695987,0.5362129069871135,0.8309916996778286,0.8187498553347687,0.8373957982954752,0.9731899869929058,0.6220067417599323,0.7694592477206295,0.8440199953549756,0.850807526432577,0.8187498553347687,0.9624514466121519,0.8508940408143368,0.9062284136028748,0.7775147701229256,0.5730105889606156,0.6369527872458953,0.869243130108611,0.4053523709272093,0.133209945873358,0.9624514466121518,0.7960571656361162,0.18840885574004784,0.8309916996778288,0.710377941769176,0.1376021708862074,0.7906839898526712,0.6809954424556659,0.8301539158150105,0.20069770575074575,0.5910114416562297,0.20784018277582383,0.6931501918955674,0.8128743662973856,0.9773687059766758,0.6433416939238011,0.31147299010197016,0.31572537831856007,0.0,0.8187498553347687,0.4784346580625183,0.7252781043308825,0.6374147243644046,0.8525811815390245,0.8580546626695635,0.448004774858219,0.8187498553347687,0.8187498553347687,0.7507878712472871,0.6567743629139986,0.42916891770242693,0.8187498553347689,0.8889550707191896,0.7197593917099122,0.8138352659548962,0.4328623243179923,0.3738768645081032,0.7486025637696193,0.6200394310184234,0.8305075638904375,0.07449758893196834,0.19269227118834253,0.8187498553347687,0.3893788565071076,0.5769492631020143,0.20303851083171898,0.2868658832307798,0.7626785493480276,0.7944532754943529,0.738687166424951,0.27233566787862373,0.8187498553347687,0.10573067363582445,0.9777018902388587,0.9101839206175149,0.5770126885578608,0.8247832035705713,0.19731378764515617,0.7106364938583195,0.8187498553347687,0.6293138833059841,0.365409249605516,0.8187498553347687,0.7686500618547041,0.7525447399740282,0.3919775155809896,0.01874830015936846,0.2942772947715855,0.8187498553347687,0.8437565547877444,0.6223146988722676,0.9574054602700126,0.8420324262018791,0.5991887967317635,0.6863607196674204,0.6728375842128376,0.4919535371464234,0.7386871664249517,0.7525917314685766,0.5948563043296697,0.7616421395616854,0.4881630818747229,0.7827059788789542,0.30076507425728805,0.7935410698458634,0.7485888881337752,0.6664686353197977,0.8187498553347687,0.988947390437986,0.6088964506931768,0.7731463228876847,0.8599174518990857,0.9400208327492238,0.8071419677837106,0.9219861935870357,0.9670233003643075,0.8071419677837106,0.8420601158262315,0.8062889078890342,0.9301513240863679,0.4367077606639118,0.6749451319361982,0.8508940408143366,0.45183149770536835,0.8580546626695638,0.8921984211475669,0.902110599748775,0.6639880861464769,0.854836270027586,0.8166721374016903,0.642931841841272,0.7587727771577901,0.9627318437725312,0.7603272065538038,0.7818501516161404,0.5481845125988398,0.9538477333735609,0.8238816471810944,0.9933722160873584,0.9095244602948361,0.8668965825417401,0.79057207045736,0.785411843830415,0.7323775850440062,0.7195229571287174,0.4730409890804266,0.561860071045206,0.9325075048945471,0.8030358159445745,0.5862267854830763,0.7234575449215732,0.7651933449849073,0.7701296598146821,0.006305245115827973,0.785411843830415,0.6264703878522653,0.7651933449849073,0.7765835845354061,0.7678033904896602,0.7386871664249512,0.8890401470506,0.4641559294364044,0.7758283244244619,0.6908540488626145,0.8508940408143366,0.7914472697632489,0.7407515918983785,0.891213945478342,0.9755160389461318,0.74634070589534,0.6931501918955676,0.8692431301086112,0.8508940408143364,0.6068632962581196,0.12707443206671742,0.5195321457429656,0.7106749817367282,0.7106749817367285,0.3822452846145252,0.8444807765485771,0.8015399251065849,0.34977707858499674,0.8187498553347687,0.7919266732908357,0.8187498553347687,0.8187498553347687,0.35323383084577054,0.7701296598146816,0.610417292116635,0.8187498553347687,0.3199598787236826,0.4209919225641945,0.7163893700082526,0.8362725992024499,0.41936855878415336,0.4667763672488221,0.7948929149118042,0.6528051955403154,0.4287531787392229,0.7960571656361157,0.9181805096803543,0.8440199953549761,0.7060898900522408,0.39345006916176284,0.48598554437578034,0.5862145737988114,0.8220206572416717,0.8617026589491741,0.6662702954165329,0.7919266732908357,0.4919535371464234,0.7386871664249517,0.6686391999523155,0.7802331379151808,0.9863434305728662,0.7148193194993218,0.48618778350211356,0.6404164479226528,0.6647667146102871,0.7701296598146816,0.7539663465832736,0.8309916996778286,0.7802331379151815,0.7885717323084891,0.8233492657810177,0.503429602292631,0.40504029960303345,0.8373957982954765,0.5939930694508418,0.8015399251065853,0.8066305100172801,0.3912195338162435,0.822781017493407,0.2154115996175867,0.6141480167730382,0.8681911647089423,0.07895330971693726,0.4651240819002047,0.6528051955403154,0.12784025527981857,0.6845353270675445,0.6687918244584035,0.7756650139377481,0.8187498553347687,0.7485888881337752,0.8157108879926638,0.818749855334769,0.4560233452508855,0.7802331379151806,0.8071419677837113,0.6978831463899038,0.2488813816651383,0.9255220097799568,0.30291310608258426,0.8166721374016904,0.2585693588696176,0.8102470465199716,0.5376320349841766,0.8071419677837106,0.8923809350972118,0.6071681075003224,0.7014684666900229,0.7059359258346487,0.6068102629478529,0.5871359474907076,0.1685971208151985,0.5262433926090884,0.8626933481019048,0.4490368693303084,0.2758977934705512,0.7323775850440069,0.8889550707191896,0.795464885768304,0.8247832035705713,0.4114866126167671,0.7378062904191287,0.6336974516332523,0.8128743662973856,0.23552043579401216,0.1358766301228308,0.9062284136028744,0.6426994754868247,0.923203371227233,0.6798872530312587,0.747763595606636,0.765038723006164,0.7331994943157121,0.6068632962581197,0.7751411006332309,0.9835991697870566,0.6930488996888919,0.8128743662973861,0.7804362199469097,0.9062284136028745,0.8187498553347687,0.7297837922295813,0.34183395684880125,0.44921622323596644,0.5588832496479759,0.8187498553347689,0.62895960427848,0.22280104816161406,0.6647667146102865,0.9144237853295767,0.4693203611208724,0.5140289910955407,0.6359558194889166,0.9918030939076632,0.663988365711696,0.95200427687984,0.4805045725362307,0.5389506605244636,0.7588309158950004,0.4631834177200266,0.8229257854729173,0.9845849572233623,0.6639109077673311,0.8301539158150102,0.7627134335180523,0.7290921573098543,0.8301539158150107,0.676365245849131,0.8013774159845113,0.7486025637696192,0.8395336042494141,0.39234191317433,0.8508940408143368,0.818749855334769,0.8288905501894788,0.18598693429498825,0.30675561824544273,0.8128743662973856,0.9715202108257165,0.8015399251065849,0.8128743662973856,0.8128743662973856,0.7103779417691759,0.8187498553347687,0.8015399251065849,0.7039296148764382,0.8187498553347687,0.6369527872458953,0.7910899936370658,0.8508940408143366,0.7386871664249517,0.8771157527508111,0.8247832035705713,0.8128743662973856,0.2230859033246173,0.507237644706523,0.7701296598146816,0.43262022180800397,0.8187498553347687,0.4879012055087615,0.8923732856739581,0.7289303053642335,0.33793196861660646,0.5296036296742671,0.7694592477206292,0.8480555883270952,0.7751411006332312,0.9643713791488662,0.9147410006567669,0.8639752520084486,0.8478408262376742,0.7841923023505281,0.9372428556070561,0.7125175895445883,0.7675545077575614,0.988947390437986,0.6803209934620364,0.7694243902747528,0.7865724240620577,0.48913226274794885,0.8187498553347687,0.8928184240681565,0.44064231707433155,0.8580546626695638,0.28741408904275634,0.7197454488954538,0.9165657238949024,0.41181922578381336,0.8071419677837106,0.2916181232868178,0.23143759029662414,0.8187498553347687,0.8187498553347687,0.6934160811075505,0.7903411188749512,0.6671860454291779,0.5043076308809396,0.48778207954369,0.2584954617870956,0.26090241490376154,0.33540002103621536,0.652030610996633,0.3829123613035328,0.8187498553347687,0.6449163766852779,0.7485888881337752,0.8655480930335331,0.1199623966151826,0.7694592477206295,0.3974692753103264,0.8187498553347687,0.8187498553347687,0.20572155750280308,0.7486025637696192,0.32111418953474624,0.6845353270675445,0.26578313190301495,0.4615427675820477,0.7414801668228583,0.9435132052899856,0.4481759997179202,0.3103565272258053,0.8187498553347689,0.5324594515379091,0.3491299355508648,0.8480555883270948,0.8508940408143366,0.7334238209085346,0.9823535155670422,0.9941106850914891,0.5455697530807739,0.8247832035705713,0.5117498129124345,0.8187498553347687,0.3815643230155912,0.7950165387031025,0.6576147083310335,0.5581093891884847,0.5807540474759729,0.7906839898526721,0.6607612223697248,0.2884358549281505,0.8440199953549754,0.9716973181127895,0.5085420317677993,0.8015399251065851,0.7805306707429408,0.7838106565463814,0.7555267484019452,0.40808874592186495,0.8373957982954761,0.8128743662973856,0.718265959913408,0.7676551942473686,0.7578048050740605,0.7786695462493454,0.8655480930335333,0.8704774818421364,0.8655480930335333,0.8655480930335329,0.5821849505503649,0.7735992152623807,0.6293138833059841,0.818749855334769,0.8528136040604398,0.7088640332046934,0.7802331379151808,0.3328172601213769,0.7625634770694324,0.8128743662973861,0.7676551942473686,0.6376464804861683,0.8247832035705711,0.45252582594574253,0.725278104330882,0.6370609252059534,0.5642392579083464,0.8187498553347687,0.43475032971191485,0.9341225435735987,0.3614743056901615,0.8580546626695635,0.873335318563335,0.7651933449849064,0.573343289598454,0.8187498553347687,0.30291310608258426,0.06644288850623126,0.7651933449849069,0.3072023541019906,0.3815643230155912,0.33255959206686814,0.7804362199469097,0.40362269093851033,0.7264459076565153,0.8796202672021192,0.3455854465779886,0.644585089405777,0.4645252452269061,0.7921166669210782,0.7382307295305034,0.7486025637696193,0.9833997675960175,0.9866469893877856,0.4248771783139875,0.6698054145160779,0.05555516841485486,0.818749855334769,0.8128743662973856,0.436478605257546,0.24818617011973132,0.7360459203540882,0.20303851083171898,0.12900704334053792,0.8187498553347687,0.24528468560043448,0.2598791251383924,0.6126582272055352,0.8187498553347687,0.4287531787392229,0.9183444267027678,0.7694592477206295,0.7701296598146818,0.8128743662973856,0.45817659831801083,0.7555267484019457,0.8588714747866457,0.9953127413801655,0.866350672699712,0.7616421395616855,0.056151792359862784,0.8187498553347687,0.7627134335180523,0.8187498553347687,0.8508940408143366,0.4946863507057324,0.5872875718311295,0.8655480930335331,0.7369047286962531,0.4703686813165594,0.6607612223697248,0.6528936349554075,0.8187498553347687,0.4401643017289367,0.38680344231827135,0.6059238139506402,0.7927017983918965,0.8516987023807907,0.9396728790125821,0.9165941331477478,0.7278960280462454,0.7208140366012072,0.6177419122847339,0.1538614481557702,0.7208140366012072,0.6730113388303434,0.7485888881337754,0.38304126742694344,0.7208140366012072,0.8655480930335331,0.8443162095592611,0.8247832035705713,0.5208473755723388,0.7387014906758981,0.7482730449504746,0.7059359258346489,0.8041745210052789,0.5512382309992565,0.7935410698458631,0.69341608110755,0.7507878712472871,0.8128743662973861,0.8288905501894788,0.5798555197780575,0.5724228194556639,0.4908111074896436,0.5477003010688288,0.7033316664294689,0.4941565725136944,0.7459622783032684,0.8545251315798741,0.7694243902747526,0.8006768332891594,0.8324315093853561,0.9750461004699977,0.748921432492474,0.795599298886781,0.8122835517600442,0.7588309158950004,0.8109419251263217,0.7578385111004702,0.7429252866646285,0.8212191757240856,0.8133505208512051,0.7043436639300276,0.7716096627906115,0.8094040956631612,0.7486025637696191,0.7295519399464072,0.4895210143326071,0.7219368035411675,0.6784014705078341,0.9070234422667384,0.9905012176658479,0.8044757967206888,0.8354007908365193,0.7555267484019446,0.7995312198951139,0.8025520584109855,0.9933722160873584,0.7868527790534356,0.9519454219168914,0.668213696999334,0.735151878542009,0.7947545085542376,0.9925398316883423,0.9760941750186087,0.7694243902747524,0.7885717323084885,0.6102526950606548,0.7414801668228568,0.9231105095237597,0.950398704979092,0.5401960073476233,0.9399180703452825,0.7563725028925857,0.7836528484753176,0.4401643017289367,0.9358797211304938,0.48018363669578934,0.9538477333735611,0.4972794445674782,0.6599471667754804,0.7919266732908357,0.6336974516332525,0.9006484574176025,0.8480555883270952,0.8580546626695635,0.8360574530824836,0.8508940408143364,0.9486031381553768,0.7919266732908357
p132_P,0.7524297972473161,0.9413411539914585,0.8918007079504506,0.9225015741707872,0.9492063492063487,0.9623211158059548,0.7050163519970581,0.7509151724713103,0.9038142386822647,0.960221152322577,0.9398636845831869,0.9475597985845114,0.9475597985845114,0.9225015741707872,0.9106019687464653,0.5567710364845595,0.944383427890573,0.9314886672615048,0.9582144552981327,0.960221152322577,0.8875255844205965,0.938412400887346,0.935580996038617,0.9508971383859763,0.9369854052620163,0.9314886672615046,0.944383427890573,0.916441965519317,0.960221152322577,0.7739436107925906,0.9250013316406693,0.9544316996038,0.9428469360414609,0.9188361382271659,0.9492063492063489,0.9582144552981327,0.9508971383859763,0.9428469360414602,0.9623211158059548,0.930160641445072,0.8993922310882436,0.932833950574053,0.9623211158059548,0.912915131908919,0.9443834278905732,0.8474513194974065,0.9526370111116405,0.9004911494084333,0.930160641445072,0.8918007079504506,0.9544316996038,0.8495864161552136,0.9314886672615046,0.13408370177867746,0.9428469360414604,0.9288488221297497,0.9288488221297497,0.0,0.7383793872014479,0.9459533477380775,0.9060540201833016,0.831146423199498,0.931488667261505,0.8993922310882436,0.9562880686171875,0.8244397822834253,0.9544316996038,0.6473831763250288,0.7698078233874499,0.9582144552981327,0.92126914699118,0.9301606414450723,0.9492063492063487,0.8266892096935958,0.0,0.8864622842804517,0.938412400887346,0.9398636845831867,0.8233095582802461,0.9623211158059548,0.9398636845831869,0.9341976401680094,0.31108550994831163,0.9314886672615048,0.0,0.9176344520056336,0.938412400887346,0.8046479448175341,0.8939536575643376,0.03139863267861631,0.0,0.8918007079504506,0.831146423199498,0.8548949080074899,0.31108550994831163,0.48955645159511163,0.8896584524348263,0.8875255844205965,0.8198957816506434,0.8187498553347687,0.9288488221297497,0.9526370111116405,0.9492063492063489,0.8580633769736241,0.6072669396673074,0.9582144552981327,0.907182019415572,0.7973204052495684,0.9369854052620166,0.8289245259008584,0.8759110188590657,0.9328339505740528,0.8070467719220202,0.9094556823349389,0.9526370111116405,0.7833099084134079,0.9413411539914585,0.9582144552981327,0.9623211158059548,0.8580633769736241,0.9129151319089193,0.885400876353422,0.9369854052620166,0.9250013316406696,0.931488667261505,0.7554264789789613,0.9508971383859763,0.6339927913026551,0.9475597985845114,0.9152582079543838,0.8727631680356085,0.9526370111116405,0.9544316996038,0.9623211158059548,0.944383427890573,0.8453085223330421,0.879064442044788,0.9544316996038003,0.9544316996038,0.06018876900101988,0.8046479448175343,0.960221152322577,0.8244397822834253,0.8717146038820363,0.8875255844205967,0.9106019687464659,0.892875760974867,0.8420784215528956,0.9301606414450723,0.7583810530554915,0.9602211523225768,0.9060540201833014,0.8559522762859688,0.8811713725919912,0.9544316996038,0.9301606414450725,0.8950345750758599,0.9140827360776209,0.8938851835250172,0.5567710364845593,0.7367566674079002,0.9526370111116407,0.9341976401680094,0.7431708752992887,0.8972062142375332,0.9164419655193166,0.8612222667022558,0.8993922310882436,0.9262700211315917,0.8453085223330423,0.9225015741707872,0.9475597985845114,0.9288488221297495,0.6783615558233287,0.8538362113124116,0.8780124908814328,0.9582144552981327,0.6072669396673073,0.9200475251844384,0.5526275082095409,0.9117550006367756,0.8885909234541711,0.9288488221297497,0.9475597985845114,0.6394614409405057,0.8538362113124116,0.8580633769736241,0.9015943008452869,0.13408370177867734,0.9237454173815312,0.9459533477380775,0.903814238682265,0.8221755430097122,0.7897778653703145,0.9060540201833014,0.0,0.9508971383859763,0.9459533477380777,0.4895564515951115,0.8355526955775656,0.8918007079504506,0.9475597985845114,0.0,0.8685695845092951,0.7897778653703145,0.960221152322577,0.0,0.6951973979147161,0.9152582079543841,0.8864622842804517,0.6447787703816181,0.9049315186013059,0.9475597985845114,0.0,0.6473831763250286,0.0,0.8117838598171898,0.8388272306091986,0.8355526955775657,0.0,0.6339927913026551,0.0,0.7050163519970583,0.9071820194155717,0.9164419655193166,0.8759110188590655,0.9526370111116407,0.7711949776746383,0.06018876900101888,0.935580996038617,0.9384124008873462,0.9060540201833014,0.7554264789789611,0.9188361382271666,0.9544316996038,0.4951319232791844,0.8907283270583697,0.9027019168030599,0.897206214237533,0.9152582079543838,0.9152582079543838,0.944383427890573,0.885400876353422,0.9459533477380777,0.0,0.9027019168030597,0.0,0.7334713952978886,0.9152582079543841,0.9544316996038,0.9275522446953854,0.7711949776746383,0.9508971383859763,0.9140827360776205,0.9369854052620161,0.892875760974867,0.9398636845831869,0.8612222667022562,0.9526370111116405,0.8717146038820363,0.8717146038820349,0.8442340263447974,0.03139863267861631,0.9562880686171873,0.8289245259008584,0.9623211158059548,0.8333555867103808,0.8333555867103808,0.24376003609304187,0.8706662210952574,0.8748612665230131,0.9544316996038003,0.848519788337875,0.7973204052495684,0.7780046509581313,0.9582144552981327,0.8289245259008584,0.9140827360776214,0.9341976401680094,0.9015943008452874,0.9582144552981327,0.8517144868263773,0.8141237078825918,0.9562880686171873,0.8982973238138026,0.9225015741707867,0.9526370111116407,0.9188361382271666,0.8070467719220202,0.9459533477380775,0.9526370111116405,0.9526370111116407,0.7985559379258667,0.9582144552981327,0.7985559379258667,0.6499526646778642,0.885400876353422,0.8442340263447972,0.9582144552981327,0.9492063492063487,0.930160641445072,0.9459533477380777,0.9544316996038003,0.8022278398026612,0.8982973238138026,0.9526370111116405,0.9301606414450723,0.9164419655193172,0.7250134267509765,0.9094556823349389,0.8843412180810755,0.6848496741376313,0.7923174570100686,0.6911250629978627,0.8727631680356077,0.9602211523225768,0.903814238682265,0.9602211523225768,0.9188361382271668,0.9152582079543841,0.9094556823349389,0.9526370111116405,0.0,0.9544316996038,0.9027019168030597,0.931488667261505,0.9582144552981327,0.9562880686171873,0.9475597985845114,0.0,0.9369854052620163,0.9582144552981327,0.9623211158059548,0.9106019687464655,0.823309558280246,0.9341976401680094,0.9544316996038003,0.8333555867103808,0.8289245259008584,0.9369854052620166,0.9428469360414611,0.8409971458279799,0.9526370111116405,0.9188361382271659,0.8117838598171898,0.9413411539914587,0.9106019687464657,0.9623211158059548,0.7655931084723666,0.9188361382271666,0.7780046509581313,0.944383427890573,0.03139863267861631,0.92126914699118,0.885400876353422,0.8070467719220202,0.8082384637825222,0.8187498553347687,0.0,0.8538362113124116,0.9176344520056336,0.9200475251844387,0.9176344520056336,0.9602211523225768,0.8453085223330421,0.0,0.0,0.930160641445072,0.903814238682265,0.8591172857456586,0.0,0.9602211523225768,0.9492063492063489,0.922501574170787,0.8972062142375332,0.7897778653703145,0.9492063492063489,0.9237454173815309,0.938412400887346,0.8322525541058978,0.9634411459729271,0.0,0.8811713725919912,0.9164419655193168,0.7766590274917047,0.9952327064015152,0.9237454173815312,0.8704033497109469,0.9526370111116405,0.7960789049353036,0.0,0.7973204052495684,0.9314886672615053,0.8591172857456586,0.8300371089395653,0.9508971383859763,0.831146423199498,0.9428469360414606,0.0,0.8961186971729789,0.7399891659895361,0.0,0.9237454173815309,0.7948313236856197,0.8420784215528956,0.8152867967569688,0.8022278398026612,0.0,0.7698078233874488,0.8559522762859684,0.9562880686171873,0.6574604645689301,0.7250134267509767,0.907182019415572,0.908315805590151,0.8961186971729789,0.9526370111116405,0.8982973238138026,0.8864622842804517,0.935580996038617,0.8527760996057683,0.8738120195914167,0.8706662210952574,0.21151139151266862,0.9544316996038,0.9314886672615055,0.0,0.9582144552981327,0.9015943008452869,0.8129560940834346,0.9398636845831869,0.9275522446953854,0.06018876900102055,0.7478523304650295,0.9508971383859763,0.06018876900102055,0.9398636845831869,0.9492063492063489,0.9413411539914582,0.879064442044788,0.903814238682265,0.9582144552981327,0.8463809254714867,0.9602211523225768,0.9413411539914582,0.935580996038617,0.801009545737682,0.938412400887346,0.9602211523225768,0.7997856146881548,0.9164419655193166,0.5305546844946969,0.24376003609304187,0.938412400887346,0.9027019168030597,0.9526370111116405,0.9188361382271666,0.8993922310882436,0.8769613888066743,0.9341976401680094,0.8993922310882436,0.9398636845831869,0.9250013316406693,0.6827113291147924,0.7725735218970409,0.9049315186013058,0.9443834278905732,0.8141237078825918,0.8907283270583697,0.9225015741707872,0.9341976401680094,0.21151139151266984,0.8175997772209664,0.9398636845831869,0.8517144868263774,0.9341976401680094,0.9152582079543841,0.7539334992316542,0.9526370111116405,0.8453085223330421,0.7143607147557585,0.9176344520056336,0.8993922310882432,0.9582144552981327,0.7301312695908229,0.8918007079504506,0.9562880686171875,0.9164419655193166,0.944383427890573,0.944383427890573,0.9544316996038003,0.9582144552981327,0.9250013316406696,0.8255663034700989,0.9129151319089186,0.9475597985845114,0.9475597985845114,0.7125274559321444,0.9071820194155717,0.08671734220308636,0.8717146038820361,0.0,0.9562880686171873,0.0,0.0,0.8187498553347687,0.2115113915126693,0.9188361382271664,0.0,0.7334713952978882,0.8377384241745145,0.4006068367505189,0.8527760996057685,0.8811713725919912,0.8058499662916012,0.903814238682265,0.47795836130872293,0.8399134433261015,0.9428469360414604,0.8864622842804515,0.4408515443948542,0.9176344520056336,0.7711949776746385,0.6473831763250284,0.9250013316406696,0.9428469360414602,0.9459533477380775,0.7846176027958278,0.9562880686171873,0.8961186971729789,0.9526370111116405,0.9004911494084331,0.938412400887346,0.9328339505740528,0.935580996038617,0.848519788337875,0.9237454173815312,0.9060540201833016,0.9355809960386168,0.7223272158432528,0.9526370111116405,0.17526171623055564,0.9508971383859763,0.9140827360776205,0.8570084033315839,0.8399134433261015,0.4654487838138114,0.8570084033315841,0.5711669571562623,0.77934241058442,0.8896584524348263,0.9475597985845114,0.7766590274917051,0.9262700211315917,0.9623211158059548,0.8058499662916013,0.8463809254714865,0.7876282222528316,0.8034406041869142,0.938412400887346,0.9071820194155717,0.8822265994777512,0.0,0.9544316996038,0.9164419655193174,0.9492063492063487,0.8612222667022558,0.938412400887346,0.9459533477380777,0.9262700211315917,0.831146423199498,0.9355809960386168,0.8046479448175343,0.9602211523225772,0.7935775465776653,0.9398636845831869,0.8664724446651941,0.06018876900102055,0.9428469360414602,0.7143607147557588,0.9152582079543841,0.9341976401680094,0.7806724477786732,0.880117361849238,0.7318083230664854,0.8633240709217587,0.9188361382271666,0.6991852245234744,0.8612222667022558,0.9250013316406696,0.960221152322577,0.9369854052620166,0.9508971383859763,0.8388272306091986,0.9027019168030597,0.525843532183836,0.03139863267861631,0.7960789049353036,0.8409971458279799,0.9623211158059548,0.8790644420447877,0.9526370111116405,0.9176344520056336,0.9164419655193168,0.932833950574053,0.9015943008452869,0.9250013316406696,0.9369854052620166,0.500567215157067,0.9398636845831867,0.9475597985845112,0.9544316996038,0.9623211158059548,0.0,0.9188361382271668,0.8654234385275936,0.8070467719220202,0.9200475251844384,0.0,0.8832831707913575,0.8244397822834253,0.9060540201833016,0.34458474155865637,0.9038142386822647,0.8918007079504506,0.8811713725919912,0.7859181167692968,0.9275522446953854,0.9060540201833014,0.6598989712921809,0.8907283270583697,0.9562880686171873,0.9027019168030597,0.9288488221297497,0.9526370111116405,0.9152582079543841,0.9623211158059548,0.9275522446953854,0.9459533477380777,0.9623211158059548,0.9413411539914587,0.9288488221297497,0.9492063492063487,0.6783615558233285,0.8843412180810755,0.9582144552981327,0.9492063492063489,0.9384124008873462,0.7806724477786728,0.8022278398026612,0.03139863267861631,0.9544316996038003,0.08671734220308558,0.03139863267861631,0.03139863267861631,0.3741839079094693,0.0,0.944383427890573,0.4527606561376478,0.0,0.9341976401680094,0.535161772248302,0.9582144552981327,0.9526370111116405,0.9562880686171873,0.9508971383859763,0.03139863267861631,0.7960789049353036,0.8580633769736241,0.935580996038617,0.8409971458279799,0.0,0.9071820194155722,0.9526370111116405,0.9341976401680094,0.7935775465776653,0.9083158055901508,0.9582144552981327,0.9508971383859763,0.9369854052620166,0.9152582079543841,0.6284764518573093,0.9492063492063487,0.4006068367505189,0.92126914699118,0.9250013316406696,0.6848496741376318,0.9398636845831869,0.9582144552981327,0.930160641445072,0.9526370111116405,0.9071820194155722,0.8420784215528954,0.0,0.9492063492063487,0.8822265994777507,0.960221152322577,0.8377384241745145,0.944383427890573,0.9398636845831869,0.8244397822834253,0.06018876900102055,0.7569089328329721,0.7846176027958276,0.0,0.0,0.40880739824839063,0.6991852245234742,0.9027019168030597,0.8058499662916013,0.8453085223330421,0.8152867967569688,0.8399134433261015,0.7997856146881548,0.9328339505740528,0.8129560940834346,0.0,0.9004911494084331,0.9544316996038,0.9623211158059548,0.831146423199498,0.9582144552981327,0.831146423199498,0.0,0.0,0.7739436107925914,0.9492063492063487,0.7819949015164562,0.938412400887346,0.8570084033315841,0.8993922310882436,0.6856702229525599,0.8993922310882436,0.8344556057285131,0.8506512873935228,0.0,0.9152582079543841,0.8175997772209664,0.9508971383859763,0.9582144552981327,0.5526275082095407,0.7351207557283752,0.43182584581086747,0.9176344520056336,0.9508971383859763,0.8591172857456586,0.0,0.8266892096935958,0.9176344520056336,0.8993922310882436,0.8727631680356078,0.8654234385275936,0.9413411539914582,0.9049315186013054,0.8538362113124116,0.9562880686171875,0.8685695845092949,0.862273520033598,0.9443834278905732,0.9602211523225768,0.9225015741707872,0.2586095064370061,0.8129560940834346,0.9544316996038,0.03139863267861631,0.8759110188590655,0.9288488221297497,0.9152582079543841,0.92126914699118,0.9623211158059548,0.9152582079543841,0.9623211158059548,0.9623211158059548,0.9027019168030597,0.3647019568709454,0.8961186971729789,0.9492063492063487,0.9602211523225768,0.938412400887346,0.938412400887346,0.8322525541058978,0.9428469360414611,0.9475597985845114,0.9288488221297497,0.5210240199989242,0.9508971383859761,0.7684119013812074,0.3833143586062788,0.7125274559321442,0.7447432793600621,0.0,0.8918007079504506,0.9492063492063489,0.758381053055492,0.960221152322577,0.9328339505740528,0.9341976401680097,0.855952276285969,0.0,0.7399891659895361,0.8058499662916012,0.9341976401680094,0.8058499662916012,0.8266892096935958,0.8129560940834346,0.9544316996038,0.7143607147557588,0.6716454483484393,0.8058499662916012,0.7431708752992889,0.9355809960386166,0.6761489807685291,0.9623211158059548,0.9355809960386168,0.9492063492063489,0.8982973238138026,0.930160641445072,0.8388272306091984,0.4779583613087228,0.8106069085572598,0.9492063492063489,0.03139863267861631,0.8420784215528954,0.861222266702256,0.5110414539348817,0.7766590274917051,0.7524297972473162,0.0,0.9856724533720749,0.8633240709217587,0.9225015741707872,0.0,0.8399134433261015,0.9428469360414604,0.9582144552981327,0.2115113915126694,0.03139863267861631,0.9114861522954751,0.9314886672615051,0.897206214237533,0.9288488221297497,0.9083158055901508,0.9355809960386172,0.8129560940834346,0.0,0.9275522446953854,0.0,0.9582144552981327,0.8333555867103808,0.8843412180810759,0.9623211158059548,0.9262700211315917,0.8022278398026612,0.904931518601306,0.9225015741707869,0.0,0.8322525541058978,0.8210376473859937,0.8506512873935228,0.9250013316406696,0.40060683675051967,0.9544316996038003,0.3227392978460525,0.9237454173815312,0.392115299153029,0.8928757609748668,0.7948313236856197,0.392115299153029,0.9225015741707872,0.9544316996038003,0.885400876353422,0.392115299153029,0.9623211158059548,0.931488667261505,0.9508971383859763,0.885400876353422,0.9475597985845114,0.9237454173815312,0.9341976401680094,0.8918007079504506,0.9152582079543841,0.9355809960386168,0.9140827360776211,0.930160641445072,0.9475597985845114,0.9384124008873462,0.7301312695908225,0.9225015741707872,0.9015943008452869,0.8333555867103808,0.42440193597169273,0.9083158055901508,0.930160641445072,0.9508971383859763,0.9526370111116405,0.9015943008452867,0.8939536575643379,0.9275522446953854,0.9275522446953854,0.9004911494084333,0.9544316996038,0.9562880686171873,0.5974763156586966,0.9262700211315922,0.8664724446651935,0.9176344520056336,0.9250013316406696,0.6549904556417999,0.9369854052620166,0.9237454173815312,0.9492063492063487,0.8366469404145511,0.8780124908814328,0.9129151319089186,0.9004911494084333,0.6623067578386677,0.9562880686171875,0.9188361382271666,0.5906675167558797,0.9314886672615046,0.944383427890573,0.926270021131592,0.8993922310882434,0.6040574193889983,0.7598430279509716,0.9398636845831869,0.6739104850582693,0.9475597985845114,0.8832831707913573,0.7143607147557586,0.9526370111116407,0.9508971383859763,0.8864622842804517,0.9275522446953852,0.9526370111116405,0.8982973238138026,0.8633240709217587,0.708808264663793,0.9459533477380775,0.9459533477380775,0.8322525541058978,0.9341976401680094,0.9027019168030599,0.9526370111116405,0.8591172857456586,0.9341976401680094,0.9562880686171873,0.8928757609748668,0.9328339505740528,0.9508971383859763,0.960221152322577,0.8854008763534222,0.9582144552981327,0.7197593917099125,0.9562880686171873
p132_T,0.9679500780651764,0.8583518701737862,0.6886457615829857,0.8845942410740211,0.7450523201144429,0.8915752582995886,0.8062932960817935,0.7856452139288691,0.36026210330940756,0.8855324042412522,0.8269517634252839,0.7611474695143747,0.641223028724474,0.7769905616247283,0.909699389904442,0.8012668230731625,0.9537579392604498,0.8028518170159549,0.9905189465353295,0.9241944187271152,0.7922854924732086,0.8227755500574694,0.8647161984978464,0.8587016255621234,0.8186692280313934,0.5312701363746672,0.8399577749125602,0.5501441037821627,0.9241944187271152,0.7372489545481864,0.5973300641618456,0.7904433055998694,0.8910847978795928,0.6522984595645198,0.7759070484662236,0.9166782713163666,0.8905177901464343,0.835536366597843,0.8915752582995884,0.8224366852123801,0.7104911254501549,0.8067230037242907,0.9863547093778396,0.6600846710831281,0.9253078981734773,0.5752822983195438,0.863708282603777,0.6236695398236434,0.7990302904713595,0.5141623544384958,0.8688726774726097,0.5958347492030833,0.555051495182145,0.9397974943297966,0.8633105822387175,0.8183065775312199,0.7952553997477141,0.8538362113124116,0.6822063677217195,0.9028411927070046,0.4504272243780312,0.6308513263291355,0.8741958934383887,0.7638273615221394,0.8742145641840267,0.49505543050061596,0.9710778825508661,0.9332498744617477,0.9872415232915962,0.9535986089258481,0.7734441296782493,0.79903029047136,0.9772551247195334,0.41683713805437894,0.8538362113124116,0.6732839158200905,0.8488009683941937,0.8269517634252836,0.5135025989665444,0.8915752582995886,0.8535190019717731,0.8844412590696267,0.7878346430532739,0.9693213286682991,0.8538362113124116,0.7629849328788398,0.9789280600778181,0.6662920527268332,0.9353353735173278,0.8790792081159238,0.8538362113124116,0.6886457615829864,0.6382259668753822,0.559736242156559,0.8774095577846084,0.9460529879517146,0.7327516417377637,0.6763436678671921,0.3784229741940244,0.3155376018953875,0.7952553997477141,0.8965891561155479,0.853836211312412,0.7970230650452366,0.7964546050285427,0.8797579337068848,0.7329070171454051,0.37201364215903077,0.7219903215481307,0.544122077295879,0.705573573755367,0.8792566610567849,0.4568177938488651,0.7968424414003226,0.8965891561155481,0.471173288660125,0.9126489529444599,0.8797579337068848,0.8915752582995884,0.3371104948648612,0.975023716209747,0.7029889123717934,0.8186692280313932,0.78418386269463,0.9693213286682993,0.5484496413948732,0.8587016255621231,0.8526294966343947,0.9090603183133985,0.9570313873101008,0.3613624026142047,0.8637082826037765,0.937009480858114,0.9863547093778392,0.8399577749125602,0.6825141275499602,0.9191413501576224,0.8688726774726099,0.8688726774726097,0.8736582841643705,0.5047097032421877,0.8855324042412522,0.3585504872596025,0.7078112115915278,0.7591592568714893,0.5042216503862076,0.6084604819294551,0.2575121451504253,0.9160622641764617,0.48793756526740895,0.9628564332129776,0.46906158093722616,0.6729904740957693,0.9569665824798764,0.937009480858114,0.592403446262111,0.7152427921743636,0.8521752855458467,0.7092732009530083,0.7029889123717934,0.6322937322985245,0.9952317766508612,0.8352451905835125,0.7148002080744156,0.7217283182191254,0.7595534342549881,0.8361057300765368,0.7282698708074831,0.9445907438331094,0.6224793445424673,0.8630735051841625,0.849098097918449,0.6745675112316557,0.799030961650754,0.6958045020583343,0.8070522349601641,0.9535986089258481,0.9650800391789578,0.874939229892391,0.7391645273726641,0.9810374129828824,0.5709519893183552,0.9566136442322537,0.9390414285108739,0.8900863084612409,0.6373828501357617,0.23438057824402558,0.8251027308315186,0.8312033287884478,0.8023679780484714,0.9612070097922705,0.7085404648301095,0.4882924155106747,0.3710550557033989,0.8041985132541272,0.8538362113124116,0.8905177901464341,0.9804271731224636,0.839024713296239,0.7769556264941422,0.4293547072067394,0.9390414285108739,0.8538362113124116,0.6522102635518809,0.4373926940190497,0.9241944187271152,0.8538362113124116,0.8565909135652552,0.5005809126762992,0.37144721666758374,0.5044650545887985,0.7449108435862046,0.8490980979184484,0.8538362113124116,0.7021578556841015,0.8538362113124116,0.5596974938392368,0.6620868997280429,0.7213624882182095,0.8538362113124116,0.6451196477750156,0.8538362113124116,0.6691154633968848,0.7408562130636973,0.8001594614292733,0.6585845925176748,0.863708282603777,0.4141341507328147,0.8736582841643703,0.8396720495620451,0.8227755500574696,0.8228328698133232,0.5219704555504148,0.8494798526253329,0.8688726774726097,0.8704998336661085,0.876138909161545,0.7927584116092823,0.8093666880283255,0.7818189793500168,0.5005809126762985,0.9537579392604496,0.7357482159389166,0.8053297218666661,0.8538362113124116,0.8798965768234064,0.8538362113124116,0.5858223520813222,0.796323920639405,0.9948537157563817,0.9278089651893657,0.4538450577855322,0.8587016255621231,0.5314779468742802,0.8186692280313936,0.7429442252625225,0.9332207176112415,0.31733110792808916,0.863708282603777,0.6462390397225457,0.9227557571945779,0.6558965839940548,0.849098097918449,0.842554284420822,0.7275775495142118,0.8915752582995884,0.46898070269409353,0.8981205790157368,0.8792566610567851,0.6516803377519147,0.7022727966356215,0.9710778825508661,0.7069101254749215,0.771315975088583,0.5004343898262344,0.8797579337068848,0.3517408466419405,0.6905351772174715,0.8598432248265695,0.9222557650142597,0.8797579337068848,0.8358051451511672,0.36195121119266593,0.9804262459572082,0.7426430157480823,0.8200320334044451,0.8637082826037767,0.7872021416490647,0.41663153764948513,0.8444753756217378,0.8637082826037767,0.9718873498373679,0.48691931189664617,0.879757933706885,0.4475660915245113,0.5451969521389817,0.6702296088046704,0.9337868085225829,0.9905189465353295,0.8538362113124118,0.8692494746944208,0.8444753756217387,0.9710778825508661,0.4344801071588702,0.8513771415022595,0.9294700296273191,0.79903029047136,0.9155983483507305,0.5359607849899757,0.9927175384399548,0.8277823125917475,0.8439100922340117,0.8140438994105053,0.6532147061775451,0.6647794753904777,0.8855324042412522,0.4885751838696678,0.8855324042412525,0.9947945115699592,0.8019074126838555,0.7585806195531004,0.9061256028138257,0.8538362113124116,0.6882381005216123,0.7927584116092821,0.8028518170159558,0.8797579337068848,0.9841698601183979,0.999003648905824,0.8538362113124116,0.9973016254171336,0.879757933706885,0.9322652690737794,0.8006736532968206,0.559702352158209,0.8106471563404556,0.9948537157563818,0.5658832554118838,0.548937835335555,0.8441881419436419,0.608979320584667,0.598649336055292,0.9952317766508609,0.5277430376119833,0.6197997002639484,0.6801229262754849,0.6393808968922858,0.8915752582995886,0.40294403835104564,0.766442904656975,0.35482773063293616,0.8399577749125604,0.879079208115924,0.8797224645372339,0.7193685641553549,0.38984070018323136,0.31823437019492284,0.4784346580625183,0.8538362113124116,0.0,0.7629849328788396,0.7909308789931144,0.8245642007101615,0.9211575233294336,0.5941117311584845,0.8538362113124116,0.8538362113124116,0.7990302904713595,0.9431811736491909,0.6534894143719447,0.8538362113124116,0.9241944187271152,0.853836211312412,0.7985112975145868,0.7042006442572855,0.39759011102965913,0.853836211312412,0.8023679780484716,0.874826386730919,0.5172900185073388,0.4615955445193517,0.8538362113124116,0.6740993999742917,0.7798564478421308,0.3720296646178888,0.45674486166066397,0.8241661117592198,0.7316860956998954,0.8637082826037767,0.4162509144227138,0.8538362113124116,0.5498700589311749,0.8266331758234333,0.5661723053105986,0.9514241964239478,0.8587016255621234,0.5141070166648283,0.8633105822387177,0.8538362113124116,0.6896588994082282,0.41224420374959925,0.8538362113124116,0.8459642454699685,0.46041265514492413,0.6300536076449961,0.4684693621196363,0.39443437845664975,0.8538362113124116,0.7877053468081283,0.5394902230192624,0.9841698601183979,0.731828132852304,0.6169504924343825,0.6844737020146706,0.46752770289194046,0.7532943394550071,0.863708282603777,0.9572849265673878,0.23968599356243547,0.914804496369449,0.2962722600902401,0.7300297113565417,0.6278291708781283,0.9148044963694488,0.8688726774726097,0.8266331758234333,0.8538362113124116,0.9356403782457076,0.7709652656556143,0.5956099454754225,0.8808086125633338,0.8823807664777303,0.8444753756217376,0.6334275689262376,0.8587016255621234,0.8444753756217376,0.8535190019717733,0.853836211312412,0.8855004115591232,0.6837635000229858,0.7782072129288593,0.9356403782457072,0.2476057326609371,0.9241944187271152,0.761568550431498,0.9398486453052506,0.6656187176902245,0.9529026417410931,0.9241944187271152,0.5971310445489793,0.5704471173693055,0.9430687032782583,0.8067230037242912,0.8227755500574696,0.7200150757054351,0.9390064763255969,0.8079613786411541,0.7993848522367959,0.8505435533410753,0.9336373275557406,0.7917040045446586,0.9597879561577307,0.5310636991821819,0.6094214574806334,0.5955621515502632,0.8003504435684543,0.9608919374786331,0.5372160652136013,0.7361330955452154,0.900198400027393,0.9433725012289743,0.914804496369449,0.47512519375401663,0.906653479064752,0.6741792365861,0.8106471563404556,0.7963239206394057,0.5654374485003771,0.863708282603777,0.8810874212378377,0.556336449925734,0.8861434685414833,0.9949510511674053,0.8248793654172624,0.7946609539796639,0.5820084722239025,0.9804262459572082,0.9016745293649862,0.8684078159995325,0.8399577749125604,0.8926485106781256,0.8797579337068848,0.8062726510211846,0.5664110721211724,0.7494046193044608,0.8490980979184484,0.8490980979184481,0.5543906158286875,0.8456720392434545,0.8399577749125602,0.6462390397225455,0.8538362113124116,0.909618458108421,0.8538362113124116,0.8538362113124116,0.32908847537900643,0.814627900626244,0.8079613786411539,0.8538362113124116,0.4209460728139103,0.2945967210870595,0.9570313873101007,0.6775236188115179,0.7061806188913209,0.561760155182661,0.7415463327687859,0.7382009096813968,0.22714318540839096,0.9466332291613409,0.9479025677526096,0.9804262459572084,0.4775374305348562,0.6063301419668148,0.3644859334892706,0.78418386269463,0.8311730457116628,0.9612070097922705,0.8571822284486958,0.9096184581084206,0.7532943394550071,0.863708282603777,0.8569349048589092,0.9529026417410933,0.8789644811682344,0.8146279006262436,0.4496197950755684,0.8023679780484716,0.48769593749642337,0.8097098653367366,0.9780461560338751,0.7746021087667416,0.9008518050676442,0.8587016255621234,0.949003176525162,0.41669013471842353,0.623438750939802,0.902941079165362,0.7055606665778258,0.8968578570865053,0.6156058945314478,0.6824812079900084,0.8490980979184484,0.5043896881860754,0.8102283717361074,0.9322652690737792,0.4948455926609612,0.13384873711943734,0.7563867436573586,0.4477402585561747,0.8227755500574694,0.9960254020408541,0.6778992945444753,0.8538362113124116,0.8688726774726097,0.6110531445435898,0.8538362113124118,0.6895860439591686,0.8128685932283832,0.7177809962387676,0.8326221004189411,0.5141070166648287,0.8647161984978466,0.37213138549003577,0.8855324042412527,0.4857181406047324,0.9605103282028016,0.5693497783505195,0.8444753756217376,0.9978183395569101,0.84487604722174,0.7561470539717314,0.8106471563404556,0.6998719756698698,0.562875119057793,0.4684386987943945,0.8111968324329082,0.8287206156332434,0.5756873484577785,0.6154753836522471,0.8403067357539421,0.9628564332129781,0.9207448836803878,0.9504013869320107,0.5641821037632904,0.7525957389916742,0.693801967825247,0.849098097918449,0.47970539646364185,0.5424534520596493,0.9322652690737794,0.8397223201937444,0.8403638557902835,0.8861434685414835,0.8001594614292733,0.8550787752792877,0.8431485525568203,0.8062726510211848,0.8495848911093742,0.7249917182372276,0.826951763425283,0.8790792081159238,0.9029410791653618,0.9322652690737794,0.8538362113124116,0.8909983266095121,0.6127425419120758,0.4300269563826117,0.7699287912682953,0.8538362113124116,0.42834525290493586,0.5084584838399906,0.7299425727659716,0.7769905616247283,0.7232158926887486,0.6886457615829864,0.6201137838510759,0.9935937403939636,0.8142384684102784,0.8787359394909116,0.2943903899340715,0.7361330955452152,0.8742145641840273,0.7200150757054349,0.7952553997477141,0.971887349837368,0.7963239206394057,0.891575258299588,0.9359064386757299,0.8736582841643714,0.8915752582995886,0.831203328788449,0.8644089330982312,0.8538362113124118,0.7145422846478757,0.6834718640404485,0.7510386901983005,0.9155456680159728,0.9169702665752827,0.4350648956931329,0.34104007352035615,0.879079208115924,0.9948537157563817,0.8684078159995325,0.879079208115924,0.8790792081159238,0.7872021416490642,0.8538362113124116,0.8399577749125602,0.8268778688937799,0.8538362113124116,0.8106471563404554,0.6855598787678363,0.8617997030267436,0.863708282603777,0.9450223520328143,0.8587016255621231,0.849098097918449,0.4131967404929404,0.3371104948648608,0.5843125249145252,0.5584124040100754,0.8538362113124116,0.7329070171454051,0.8637082826037767,0.8106471563404556,0.3583518949084171,0.774088775839695,0.8797579337068848,0.9223339547307452,0.9006227189338717,0.9626148793545514,0.8186692280313932,0.9155456680159726,0.7963239206394057,0.7946997966500462,0.8946278043274025,0.48474273543625834,0.9332207176112415,0.9356403782457077,0.7990302904713598,0.863708282603777,0.7329070171454046,0.2997564836518647,0.8538362113124116,0.9772551247195334,0.7255836421387523,0.8855324042412525,0.6028575323322769,0.8399577749125602,0.8269517634252839,0.20839504969448763,0.8444753756217376,0.3403013620070743,0.33462449089200597,0.8538362113124116,0.8538362113124116,0.9317039007174432,0.6795989502789002,0.7927584116092821,0.508228505165301,0.2962517906266675,0.5359607849899752,0.6234387509398018,0.3899182864529329,0.8309008895017884,0.2589572592389139,0.8538362113124116,0.7673839470455566,0.8688726774726097,0.8915752582995884,0.5141070166648283,0.8797579337068848,0.3826134259080284,0.8538362113124116,0.8538362113124116,0.4328320151136006,0.8846909396641922,0.3957534526876224,0.8227755500574692,0.6031565933957215,0.7104911254501547,0.8369525677660963,0.8704998336661087,0.49157256803790483,0.6420934086657157,0.8538362113124116,0.7561470539717314,0.40165580390948874,0.9541501193150563,0.9725607158551891,0.9479025677526095,0.7833986439353682,0.7427482619370733,0.7629849328788398,0.7276882348418339,0.7123828694902441,0.8538362113124116,0.2798900594421039,0.7629849328788396,0.6494740416860316,0.7575278679614597,0.6578453633853705,0.9940945771004706,0.4604548900015515,0.6663747043881925,0.8779581783452162,0.663466338245382,0.3254443544491209,0.8684078159995325,0.8855324042412525,0.8141154564679586,0.9693213286682993,0.35322001138513603,0.8688726774726097,0.849098097918449,0.3703097952366854,0.928130466850218,0.8365007873070791,0.9647451324244214,0.9049746878294581,0.796323920639405,0.7829046555068865,0.9322652690737794,0.7200150757054349,0.8730357174097793,0.37632009626879936,0.7450523201144432,0.9241944187271152,0.8488009683941939,0.8128685932283833,0.62782409244305,0.8633105822387186,0.6712041389219496,0.9511816446337236,0.635210546110192,0.9541501193150561,0.41302430640806165,0.8245642007101615,0.4453559041963052,0.4655460415431958,0.8538362113124116,0.7225688204756893,0.8684712335215649,0.5700679706503506,0.8855324042412522,0.9514981385007291,0.5498039533400627,0.7459089280665996,0.8538362113124116,0.4657279614290165,0.4948455926609612,0.9925685697150884,0.38098975697449233,0.4853106773605175,0.42055054863243546,0.8688726774726097,0.3277413856672845,0.8494202516143283,0.9029233446437461,0.48428521788117074,0.814627900626244,0.6051286004183725,0.8915752582995886,0.8647161984978464,0.8538362113124118,0.7426430157480823,0.8926558694354414,0.24697394523614347,0.810944245585244,0.4818748798328869,0.8684712335215647,0.879079208115924,0.3701637144875972,0.6154753836522477,0.7358866281694834,0.517625690542894,0.44948837097666294,0.8538362113124116,0.44154616349288156,0.6216270888331819,0.8200320334044453,0.8538362113124116,0.39535070691841134,0.9188590135204664,0.8797579337068848,0.914804496369449,0.8790792081159242,0.6148243119240591,0.7690837244494464,0.7042006442572852,0.9335624664487481,0.9415174036846675,0.914804496369449,0.5290930703096566,0.8538362113124116,0.890478239964095,0.8538362113124116,0.9166782713163664,0.7281124319299295,0.3553280166695353,0.8915752582995884,0.9445907438331094,0.7379081663285687,0.5713340899660498,0.8630735051841623,0.8538362113124116,0.9162228525721399,0.27839297818607633,0.6277215681062538,0.8504502276742936,0.7561470539717334,0.9948537157563817,0.7841838626946303,0.8459642454699681,0.9219775429521295,0.38657261860039605,0.4494883709766633,0.9219775429521295,0.8415527692943039,0.8688726774726099,0.6702296088046704,0.9219775429521295,0.8915752582995884,0.9931026874757769,0.8231367285947667,0.6702296088046706,0.8490980979184484,0.8677623791807167,0.8352451905835125,0.49720082499214535,0.7561470539717323,0.8347540142725378,0.4718314854955804,0.8732801831543548,0.9110530205017501,0.874826386730919,0.6000500908505555,0.7769905616247286,0.7348736222050112,0.7043154735801551,0.9615448157696341,0.7361695997762774,0.8458430799534007,0.8587016255621229,0.863708282603777,0.6515684391347359,0.9787738104081759,0.7541936438291909,0.7915243690544613,0.6236695398236433,0.8688726774726097,0.8742145641840271,0.916326095389171,0.5627472251445461,0.8270286956449153,0.7033280792497036,0.8283614393477392,0.8654201480266892,0.8697070558558906,0.630880545472073,0.8538362113124118,0.49518114593199747,0.7122021702648387,0.8084556902657023,0.39083704950892584,0.8538180965619895,0.9450223520328143,0.8079613786411539,0.9248554861979303,0.555051495182145,0.8968578570865051,0.8774095577846084,0.8882785790234369,0.9079207701657208,0.6964123461605369,0.8269517634252839,0.9196379599886737,0.9390414285108737,0.8099869755501938,0.7332509394048894,0.863708282603777,0.8905177901464343,0.42085767533201435,0.5043385509151941,0.96235090313909,0.9191559908566294,0.5276087930659543,0.7578230080829225,0.9028411927070046,0.9320241012496375,0.4464530383453651,0.8352451905835125,0.7200150757054351,0.9952317766508612,0.3894919399557034,0.8106471563404554,0.8742145641840271,0.3353677270629205,0.9276124326117805,0.8587016255621231,0.8855324042412522,0.5763064091514973,0.8797579337068848,0.7630030012185178,0.909618458108421
p132_V,0.7867903809353295,0.9433231638906059,0.824547087224186,0.8818801057626693,0.9949841493208558,0.9389009867184677,0.949003192552335,0.8974578948234975,0.844027888989999,0.5170450674334843,0.9777237664759431,0.9574180966633072,0.9149644520716045,0.8743307438550614,0.9809190946517972,0.8379236779040001,0.9098137391625776,0.8889039599111499,0.9845214236147153,0.9354957453078971,0.9583362178150991,0.9738359568456645,0.962608664233859,0.5389985445009635,0.9339524310656602,0.8889039599111497,0.9098137391625774,0.9220033199406048,0.9354957453078971,0.8583333709564309,0.8783842798904282,0.9743490353345139,0.9073222074226135,0.8683869765649121,0.9613251513423888,0.932241742150131,0.9203761879341785,0.9466508604266068,0.542540721071606,0.8867504707956384,0.8368572865027599,0.6980801327506416,0.8882462492115561,0.9424027297842594,0.8887581074151091,0.772818506858594,0.9231975163531971,0.8316668837854311,0.8867504707956384,0.8725825827815015,0.5432379360134463,0.7763884628609945,0.8889039599111497,0.9433231638906061,0.5420766505214756,0.884623261684109,0.7563282731807116,0.9176344520056336,0.8600191013029188,0.9123594767995957,0.9004328410914009,0.92147410136561,0.9225786753593272,0.835868542784596,0.9291179679746995,0.8119629081816317,0.9743490353345139,0.8825218650619725,0.8516761773890242,0.9631988949207005,0.8723322747860855,0.91989423221619,0.8202213519738353,0.8544143933024234,0.9176344520056336,0.8158904503387641,0.9893117100305695,0.9401042088409284,0.9643749667860486,0.9389009867184677,0.5332219842688695,0.9629590308991038,0.8804415508981578,0.9899281062556811,0.9176344520056336,0.8664383561643836,0.9369836237218983,0.8914903088455381,0.5881736538011253,0.9149644520716045,0.9176344520056336,0.8485648350028436,0.9418282974804593,0.888228635700377,0.9610093839868189,0.864000327136614,0.8685289945121346,0.8410682594545356,0.6579666381806915,0.9677104672108676,0.884623261684109,0.9231975163531969,0.9176344520056336,0.9984304390698087,0.8988104657218365,0.932241742150131,0.8494889870069657,0.6690059467572259,0.9339524310656604,0.7131243015565074,0.8209598208811353,0.8007887412393746,0.8386852912053796,0.853175894511782,0.9231975163531971,0.88247717100216,0.9433231638906059,0.5972411246686107,0.9389009867184677,0.8976646273515354,0.8624907276866894,0.9770864862406434,0.8978173148387736,0.683723531307899,0.9225786753593272,0.9640958177620973,0.9203761879341787,0.9312013855568837,0.9149644520716045,0.739178109255342,0.9655465957524166,0.983682988822291,0.9261077324693099,0.8306286611882309,0.9098137391625776,0.9294920306371943,0.8137471680888296,0.9743490353345139,0.9261077324693099,0.912359476799596,0.8536234582687046,0.9354957453078971,0.908609301647284,0.835569529553674,0.9713030071685631,0.9809190946517972,0.9471350242439598,0.897169947938618,0.6823806307371937,0.7530446947103622,0.9354957453078971,0.9268193339646964,0.9031725621753481,0.8754519965932173,0.9774096618002821,0.9530379936367415,0.927729613612456,0.9451391643182998,0.9832902586309832,0.8373631026438322,0.9524938211045328,0.969757263765453,0.9977901694570488,0.6780419465589944,0.8333125033847859,0.8645046537943692,0.5953880564409908,0.8368572865027597,0.9755709899671716,0.9094075746483057,0.9428273933582367,0.9149644520716045,0.8846232616841092,0.9769279965204984,0.906669891151924,0.9739632732117645,0.932241742150131,0.8407068186897878,0.9512132853641729,0.8858563067542282,0.8670778671740895,0.8193421914380188,0.984813660084917,0.660499102011369,0.9157242877941183,0.804037778099721,0.9153064922068845,0.5718501430597396,0.9029060758453815,0.9384536186973255,0.6744067172269889,0.9997647479471943,0.98142837055861,0.890002440438677,0.6773832729358671,0.9176344520056336,0.44889433324015393,0.912359476799596,0.5273340947074776,0.7923773594816284,0.8966003305601593,0.6180454574196654,0.9176344520056336,0.8084097296614696,0.9275764262124623,0.5717909861593466,0.9176344520056336,0.9369887520228608,0.8910305906213418,0.8392124024772518,0.7888439424005123,0.8720073716712091,0.9149644520716045,0.9176344520056336,0.6140628025880834,0.9176344520056336,0.9804930572626964,0.8772812671166292,0.7726972065573497,0.9176344520056336,0.8799036168154266,0.9176344520056336,0.7790529573757667,0.8494889870069657,0.8645046537943692,0.8209598208811348,0.9231975163531971,0.7337372258826749,0.9123594767995957,0.9980715070378494,0.7681977112879721,0.8740463482181049,0.9076830757332408,0.9846362664950943,0.9743490353345139,0.8620322227114247,0.6997762744583623,0.8422241792803138,0.9681321700128357,0.8625851059964713,0.8910305906213416,0.5261874312549448,0.8141693012543918,0.9223470008110382,0.9176344520056336,0.9002620304917957,0.9176344520056336,0.900032957414628,0.8625851059964715,0.8326857532046694,0.6993542244455814,0.6587623401039977,0.4038422276097492,0.91698577422428,0.9339524310656602,0.8262903628126801,0.9777237664759431,0.9731780516963704,0.42496601987522087,0.8791630303287916,0.7919760287785567,0.631502100614691,0.9149644520716045,0.9792503453259269,0.8587960189218706,0.542540721071606,0.9257959645532372,0.8781822019840453,0.9253216361240024,0.8988104657218368,0.9074779663856256,0.59147923887865,0.5574637946693168,0.6501587023699291,0.9399181617740363,0.932241742150131,0.9855386430702665,0.8606789940362409,0.9977901694570488,0.8659812204024,0.932241742150131,0.9955608197743071,0.9577815932691467,0.9792503453259269,0.8850707526024728,0.8743307438550612,0.9231975163531969,0.8977823279529109,0.7248767613062267,0.9536828573969374,0.9231975163531971,0.9231975163531969,0.6922037872903826,0.932241742150131,0.9939603112648612,0.9088164607327507,0.8373631026438322,0.8318516484079519,0.9845214236147153,0.9176344520056336,0.8867504707956384,0.912359476799596,0.9261077324693099,0.7725507401817087,0.6150398796106475,0.969757263765453,0.8867504707956384,0.8192526824013345,0.7769292829531331,0.6592109391009249,0.5185475416213058,0.8772812671166295,0.8136618390184793,0.9321004995784707,0.9687869351154329,0.9902416640337588,0.869984032149532,0.9354957453078971,0.8977823279529111,0.7107326246304704,0.853175894511782,0.9231975163531969,0.9176344520056336,0.9261077324693099,0.9260134095145846,0.8889039599111501,0.932241742150131,0.8202201452691635,0.9149644520716045,0.9176344520056336,0.8978173148387734,0.5972411246686125,0.9965185747417931,0.9370577927474861,0.8871776771374856,0.8932967537832142,0.6879618446090574,0.7997734685989584,0.7615051826669565,0.9576422202536798,0.9073222074226135,0.7819525210633156,0.6112050095242447,0.8683869765649124,0.751933834393758,0.9817658539566092,0.980919094651797,0.9965185747417931,0.7236456909245581,0.8977823279529109,0.7601822951112567,0.9098137391625774,0.9149644520716045,0.8266846978221365,0.8141693012543916,0.781781026255803,0.89325079990278,0.7252781043308825,0.9176344520056336,0.7629849328788396,0.0,0.9000905586095036,0.9010361784334388,0.9002664985145175,0.8290697506927514,0.9176344520056336,0.9176344520056336,0.218367970849474,0.5330246751812194,0.8966394292004098,0.9176344520056336,0.9354957453078971,0.9176344520056336,0.8743307438550614,0.8333125033847859,0.7397064973435368,0.9949841493208559,0.9072141675815737,0.9369836237218983,0.7475501965998625,0.727018031562241,0.9176344520056336,0.8300245705572442,0.8645046537943695,0.6686963586136233,0.7766930765349069,0.8763477248373535,0.9399104140487404,0.9231975163531969,0.7279390650117323,0.9176344520056336,0.7090349884619689,0.9427224628479649,0.7923970497529258,0.8023638558666757,0.6291027557617734,0.8433611864205066,0.9073222074226133,0.9176344520056336,0.9959041538043174,0.9672240099992058,0.9176344520056336,0.6297891912551233,0.9938579250842934,0.7638583455883898,0.7578155352589799,0.71584546400808,0.9176344520056336,0.7546625431268629,0.8903204666908904,0.9291179679746995,0.9840312822436876,0.9298392645063568,0.8761017783000715,0.9587156021980774,0.856198563566134,0.9231975163531971,0.6900232847786794,0.8392124024772523,0.9310028073541698,0.870337881981701,0.8748752124251735,0.8119828938590445,0.9664656501581601,0.9261077324693099,0.8889039599111501,0.9176344520056336,0.9631988949207005,0.89153434024503,0.9445812886563254,0.8717980029839988,0.9146842304664582,0.912359476799596,0.8996613975228368,0.9444674951746068,0.9950062379942792,0.9401042088409286,0.9176344520056336,0.9413487659113849,0.9163527048220905,0.8959401753090643,0.9109192134561164,0.8665360343869852,0.7360287423369323,0.981765853956609,0.9664656501581603,0.7749532715956147,0.9738359568456643,0.9354957453078971,0.8339628197467737,0.9220033199406048,0.9206180783388171,0.9719697553872639,0.9893117100305695,0.9194783163486806,0.9697572637654532,0.9271776793409099,0.810693606575931,0.8227646923268619,0.9673786919850064,0.835868542784596,0.8341784453489843,0.9409403068620963,0.8793488634596527,0.8440024727363749,0.8720073716712089,0.9098137391625776,0.9658561519335176,0.8944204818176895,0.6990382429759674,0.9325475534270614,0.9310028073541701,0.7233875199237481,0.7965588877139705,0.9228075882976712,0.6887295835214473,0.9479215598710831,0.9851080065721175,0.9231975163531971,0.9098323214516961,0.962158121827889,0.8664383561643836,0.6596439893239409,0.932241742150131,0.8281202420167375,0.9112576872105786,0.9291179679746995,0.8932539868674869,0.9500993698470401,0.9098137391625776,0.9774096618002821,0.49268176173944134,0.9096622933762624,0.7558635078409508,0.8587856401289513,0.9149644520716045,0.9149644520716045,0.9005297763289668,0.7513191435964457,0.9500993698470399,0.8355695295536743,0.9176344520056336,0.9291179679746995,0.9176344520056336,0.9176344520056336,0.8909576100963051,0.7852944502139064,0.9271776793409097,0.9176344520056336,0.8909032849441665,0.8283488761419406,0.9763670444959534,0.9522037113838125,0.8527382835752304,0.779923691373587,0.7147176772979476,0.9002620304917955,0.9221644258303325,0.6600626095334567,0.8809241718608916,0.9792503453259269,0.9245697225149279,0.9476195095579485,0.9109711638042668,0.8783842798904287,0.9466508604266066,0.6330833366296486,0.98843741753565,0.9792503453259269,0.856198563566134,0.9231975163531971,0.8640003271366137,0.583936045669142,0.9253216361240024,0.9980715070378495,0.9770079296387542,0.9072141675815737,0.9795923197112881,0.8207572930178969,0.9809525165694377,0.969757263765453,0.9893117100305695,0.9654282935645837,0.8888323841302606,0.8175696775629792,0.8198028502466481,0.9743490353345139,0.9338494508350152,0.7276155846772595,0.8296456439809798,0.8210732662498845,0.99987174125501,0.687438711254008,0.9121513639211623,0.9389009867184677,0.7609733120407717,0.8515715241131472,0.5654941031955372,0.7758509426848068,0.9001312905981322,0.7513191435964455,0.9916546262254411,0.9176344520056336,0.9261077324693099,0.8932539868674867,0.5580771559533031,0.8379269506759399,0.8419023775355043,0.9950062379942788,0.8804415508981576,0.7457200427391277,0.9626086642338592,0.7298411853861237,0.9354957453078971,0.7781547696602109,0.8341784453489842,0.9601037131228738,0.912359476799596,0.9073222074226133,0.9414906345185052,0.9382965016294352,0.9629590308991038,0.8869424918838968,0.9412093666071353,0.7119113260650163,0.5875808061569514,0.9846362664950942,0.8051306963265289,0.7749619514667094,0.9096622933762624,0.9902416640337588,0.9339524310656602,0.8994153895442022,0.8178664929805071,0.8487592724462174,0.8987971596714479,0.9149644520716045,0.782339871087613,0.7421654672992346,0.9965185747417931,0.7912554908314061,0.969757263765453,0.8664383561643836,0.9629993477669241,0.9253216361240026,0.6996157422728908,0.8783842798904287,0.7769666391192469,0.7400122215573677,0.9401042088409284,0.44823087905285486,0.9261077324693099,0.9965185747417931,0.9176344520056336,0.5143106442871163,0.9307955530023264,0.8767933840467375,0.8703513274042389,0.9176344520056336,0.9484201668880043,0.831292186874762,0.8740463482181049,0.8743307438550614,0.8440278889899993,0.9206180783388167,0.9890205616831487,0.7841586258664947,0.9146842304664577,0.8357022301756416,0.8392232079309223,0.8228081446899338,0.9291179679746995,0.8422241792803133,0.7889690427384551,0.969757263765453,0.891030590621342,0.9965185747417931,0.9146842304664582,0.912359476799596,0.9389009867184677,0.9048804738246028,0.949904800799596,0.9613251513423888,0.8436163941702703,0.8355200055336254,0.9322417421501312,0.6017678552900582,0.6944930450404406,0.9619365503737369,0.9804700861516809,0.9149644520716045,0.9743490353345139,0.9098137391625774,0.9149644520716045,0.9149644520716045,0.6612874012271095,0.9176344520056336,0.36504490851709415,0.6714807697171281,0.9176344520056336,0.8932967537832139,0.9421620399028601,0.9845214236147153,0.9231975163531971,0.6196906358642522,0.4939464388705589,0.9574180966633072,0.9351287458927786,0.8114015586282293,0.8955399645501796,0.7406028337677166,0.9176344520056336,0.8761017783000717,0.9371232414100348,0.9281278923411589,0.9960780627995272,0.8513275026111493,0.932241742150131,0.9203761879341787,0.7046964066654741,0.995187470879176,0.9937773364805663,0.9613251513423888,0.7676235938802118,0.992725485742797,0.9096622933762624,0.7782566435564253,0.9024846512059141,0.9631988949207005,0.9198942322161898,0.9231975163531971,0.9642214739412927,0.8772304357931477,0.9176344520056336,0.9176344520056336,0.854680144272761,0.517045067433485,0.7961680219647265,0.9098137391625774,0.8717980029839987,0.773304350795371,0.912359476799596,0.7175599139529132,0.7489105866810235,0.9176344520056336,0.9176344520056336,0.829633714929542,0.9605305588381616,0.8679755583031024,0.8410687219701036,0.8290697506927515,0.8916117691180507,0.7801055081046449,0.7773436851343238,0.8910854332944245,0.9445812886563254,0.9176344520056336,0.5273340947074767,0.9261077324693099,0.542540721071606,0.7652482714754034,0.932241742150131,0.9800587875744373,0.9176344520056336,0.9176344520056336,0.6731249202763687,0.9176344520056336,0.7534488055164569,0.9001312905981322,0.7681288697670121,0.88720715892009,0.7636811486269084,0.8620322227114252,0.8167069683398192,0.7578203503020653,0.9176344520056336,0.8625851059964715,0.7783858154600478,0.9203761879341787,0.7540801690623636,0.9508900282763559,0.8173045661957838,0.8715549445175077,0.8664383561643836,0.9895196008050117,0.8340940015319191,0.9176344520056336,0.9513738215054373,0.8429048120828941,0.7603437341586003,0.793676350763032,0.9095068244184696,0.5953645553173577,0.8720073716712089,0.804037778099721,0.8202201452691633,0.916077606541017,0.8863608571465622,0.4859018005704824,0.9354957453078971,0.9428273933582368,0.9899281062556811,0.9600777890216565,0.49499663314824227,0.9574180966633072,0.843138825105815,0.8846232616841088,0.9667419862543056,0.6761931841262468,0.830628661188231,0.9763670444959536,0.9389009867184677,0.773011073164905,0.8937269373258914,0.9000905586095038,0.8808481106710586,0.9512934499841005,0.9354957453078969,0.9369836237218983,0.8787547106592708,0.8062443325812103,0.9466508604266068,0.9149644520716045,0.756328273180712,0.9253362655713673,0.6741548613921776,0.9630693911364232,0.8138391289076221,0.867878354725345,0.8661930582889743,0.9176344520056336,0.8245470872241858,0.9949841493208558,0.9651504119862475,0.5170450674334843,0.8350249440689526,0.8932967537832144,0.9316218609176428,0.9176344520056336,0.900242012981876,0.7230725533751408,0.7932229991952824,0.7273664459732108,0.7380630794588069,0.731259575448814,0.9261077324693099,0.9993013807106688,0.9897453986038606,0.9883778640345575,0.7738070504292618,0.8955399645501794,0.7656550472608357,0.9389009867184677,0.8955399645501794,0.9176344520056336,0.9100652209918167,0.9475307221016044,0.8652547116268401,0.9002620304917955,0.7689887508889266,0.9512934499841005,0.9149644520716045,0.9569884843750281,0.7959502845364532,0.8315490164612092,0.6686963586136233,0.6861285975945804,0.9176344520056336,0.7420241560004623,0.7995051449656034,0.8743307438550614,0.9176344520056336,0.9023157547593308,0.9746918335654058,0.932241742150131,0.8955399645501798,0.9149644520716045,0.8918418728988426,0.9763971782961418,0.9574095825112723,0.9825455703573396,0.9050215524046132,0.9310028073541698,0.7157630750834818,0.9176344520056336,0.8280080728082349,0.9176344520056336,0.5449614432040264,0.9650003312457804,0.9277960702257779,0.542540721071606,0.9610093839868189,0.9993718448762235,0.9766783042884537,0.8743307438550614,0.9176344520056336,0.6850731555804408,0.8283911740471579,0.9816782087814206,0.9722183203479302,0.8625851059964715,0.9774096618002821,0.8783842798904282,0.5989227485109031,0.9917486808400419,0.9713039565302157,0.7990745307667424,0.9917486808400419,0.9048043876528451,0.9261077324693099,0.8605569040332726,0.9917486808400419,0.542540721071606,0.8889039599111501,0.9444674951746067,0.953332109591035,0.9574180966633072,0.6915220767435641,0.9281278923411589,0.8725825827815015,0.891030590621342,0.9626086642338587,0.888832384130261,0.7486681535782962,0.7878600357864769,0.47337904629784533,0.9423998534512068,0.8743307438550616,0.8659812204024,0.8781822019840455,0.9498831858040324,0.8781745275078816,0.9530379936367415,0.44889433324015393,0.969757263765453,0.9426405799302897,0.9739852736341184,0.8825207683757945,0.914684230466458,0.9838332783244085,0.9261077324693099,0.9291179679746995,0.8528920358395747,0.9121513639211627,0.8475806904257366,0.9882332279592554,0.8783842798904284,0.8294049672806447,0.9937773364805664,0.9689470530700139,0.9613251513423888,0.9323181362161135,0.9364974377814206,0.9702750930026953,0.8640003271366141,0.9191883723747714,0.9291179679746995,0.925845563719097,0.80199710729931,0.8889039599111497,0.9903850005315027,0.9121513639211625,0.9879069037547501,0.8374792146329473,0.7983624038763235,0.9024846512059139,0.8919565127459304,0.9149644520716047,0.8450525174659808,0.9607608832492264,0.9231975163531969,0.9654282935645833,0.9275680761378678,0.8825207683757947,0.9836829888222907,0.9350596893811607,0.9257402813996801,0.9343744264009455,0.912359476799596,0.912359476799596,0.9394144114996156,0.9325475534270613,0.8679755583031024,0.9231975163531971,0.8740273360151246,0.8932967537832142,0.9291179679746995,0.850459295098936,0.9719697553872638,0.9895196008050116,0.5717909861593462,0.9069445068121538,0.4926817617394412,0.9363484613959294,0.9291179679746995
p133_C,0.9659594614885119,0.7776645232705206,0.8542616703600652,0.779009500855477,0.9905461600724843,0.999643789860182,0.8337971371873475,0.8777311185165682,0.8485974223311195,0.9373855340691761,0.902201793949012,0.9608931845293398,0.9608931845293398,0.7166498629894609,0.7490735763078603,0.8196136051637437,0.8814481532394801,0.8666557562729347,0.9877180384539761,0.9505853404005387,0.8890768998953856,0.7575859317124713,0.9925457549106912,0.922708936151958,0.7664366493157014,0.8921587537070723,0.8402289712250555,0.9273053773902185,0.9505853404005387,0.6825246467361371,0.8819472699932516,0.9776317763878943,0.9100373996478224,0.8570682908676867,0.9647506825559773,0.7983172630337142,0.922708936151958,0.9290024883707133,0.9406910117203195,0.702989900215873,0.7977465835198998,0.9293058851115359,0.9996437898601822,0.8914410719709875,0.7577906071962066,0.8063677686700808,0.9730862985612763,0.8693154315260125,0.4995190281319578,0.854261670360065,0.9282725629505151,0.946048180337518,0.8921587537070723,0.9076672018071592,0.9502774276431882,0.954797795932703,0.5108475774146057,0.9200475251844387,0.8596456330612787,0.9149270915494647,0.8791209377401441,0.8062288601425909,0.7632905462643684,0.8673952205917312,0.4532760682686864,0.8225429304909189,0.7755721564252087,0.8577765820174563,0.9445455310173907,0.9052996122898687,0.815969628999144,0.8900683556162929,0.9200475251844389,0.7668801834274461,0.9200475251844387,0.8212843295402945,0.9407634795537991,0.6327625033186451,0.7613709781799152,0.8824506538600925,0.90534156988644,0.9676994339018856,0.9213879253795477,0.892158753707073,0.9200475251844387,0.7132994357220559,0.8707049024876197,0.7312476454124122,0.882852599656567,0.9174557485535395,0.9200475251844387,0.3839344577930828,0.6663635233670092,0.7926601610352828,0.9812781717549797,0.8433666659801876,0.4696308962716995,0.8229580323820471,0.7754842912885827,0.7343334779041661,0.5442447415803988,0.8839976290929886,0.9647506825559773,0.60680340121791,0.9963095309922064,0.9342268638258988,0.87380649704601,0.738821268012477,0.9747559458370869,0.7307161954150858,0.5145350875284389,0.7904575636539534,0.7545021278749693,0.6158924293692707,0.9254476077793645,0.7356786283462147,0.9076672018071592,0.9877180384539763,0.9996437898601824,0.7978451729509495,0.9769958462033759,0.46844804001748663,0.8034091357224458,0.9900414158962365,0.995523963715641,0.6727455519907513,0.922708936151958,0.8245043220842734,0.9608931845293398,0.8957156269639839,0.8445131580278538,0.9254476077793645,0.6274945161130705,0.9406910117203195,0.34559878705196045,0.8387051771740106,0.8326525336486541,0.9776317763878946,0.9282725629505151,0.9149270915494645,0.9200531976553474,0.9373855340691761,0.763211324422731,0.5551757256230447,0.5291205652421784,0.8872563660473853,0.9302955801490151,0.7718228502002125,0.8900683556162929,0.6581209291508352,0.6705125265748266,0.8521229825390564,0.8252847867961295,0.8361961589702156,0.8742905832999681,0.8900683556162932,0.5639734946352694,0.9223722925387856,0.923287791381308,0.6108357109812409,0.7797144720387534,0.9316363198749,0.6402793622206657,0.6886938936200018,0.8381959666424068,0.5726302687891944,0.8030296199067855,0.9265381973231186,0.9862771939565295,0.8181552978994138,0.8101893197884852,0.9174557485535395,0.8880034676011161,0.7589408879343682,0.9169434053420296,0.6881380310604798,0.9587907869179462,0.8408401366093423,0.4564258135686702,0.9644587230590418,0.8610966926191237,0.8729059078549621,0.8782163832383312,0.96089318452934,0.8422363543836026,0.6000085769871311,0.8616328257185719,0.8712483674877678,0.9076672018071592,0.7726306962313516,0.9149270915494647,0.8751550551919565,0.9644382716855964,0.8036532803565439,0.906118892941232,0.9200475251844387,0.9227089361519578,0.9149270915494647,0.8693154315260123,0.8561264955942944,0.8788359888067379,0.9174557485535397,0.9200475251844387,0.9253155460517482,0.9766544273006006,0.9373855340691761,0.9200475251844387,0.9382552780535443,0.9248202875667848,0.8212843295402943,0.8385073538093974,0.6141613852667476,0.34410783985785753,0.9200475251844387,0.7943888557801736,0.9200475251844384,0.9454807717437492,0.9894701338449006,0.9366713242763893,0.9200475251844387,0.7674763365434516,0.9200475251844387,0.8735465212848825,0.9083575213228525,0.7785391203623762,0.986219679790032,0.5028881028376951,0.7165584736330783,0.9149270915494645,0.9348849767198615,0.9030571559620832,0.47292813743374773,0.6923343173511627,0.9624724756060739,0.8249313698625883,0.893153543352375,0.9256951312189832,0.846846556117637,0.8062801402428065,0.9248202875667846,0.8666109663611836,0.9536751187028218,0.42098548302956884,0.9994890516008978,0.9200475251844387,0.8995428034409865,0.9200475251844387,0.6388054955889957,0.8714470882136129,0.9730090101747262,0.8859625712873518,0.7165584736330783,0.968805048104574,0.8647606979879741,0.9008109730235982,0.5256662790633428,0.7867278122502832,0.8245043220842736,0.9254476077793647,0.4659683128276665,0.8203723848093065,0.7753135652067891,0.9174557485535395,0.9824887176061117,0.6521024065849579,0.9406910117203195,0.8179166933767426,0.7577474010383416,0.894276316207222,0.8186302231260758,0.4514554820544032,0.9776317763878946,0.8029791912170272,0.7773892627873467,0.9466953793422797,0.9342268638258988,0.7904434274795977,0.9511780898141913,0.4977261971743214,0.867298930907639,0.9342268638258988,0.8292315098646661,0.746484665878004,0.863628951268833,0.891060789136005,0.34249203579336485,0.9254476077793647,0.872242858842954,0.735094486204708,0.9149270915494647,0.9254476077793647,0.9254476077793647,0.6802906481864139,0.8518084376617913,0.7215077363943285,0.7926601610352828,0.8433448836577029,0.8163120271233009,0.7448260884056366,0.45410827161402334,0.4995190281319575,0.9159489883476695,0.9282725629505153,0.7273734436244235,0.916634462040957,0.8839976290929884,0.8386371482718188,0.897889827165478,0.8213902328366292,0.8851947941280291,0.8179456348562546,0.6052524594878971,0.8266655836654386,0.8015579825068027,0.4612089979877283,0.7825416521051115,0.8751550551919567,0.9373855340691761,0.7969152130256065,0.9248202875667846,0.7544793117311319,0.9730862985612763,0.9200475251844387,0.9282725629505144,0.9258909271026612,0.24646449622153133,0.9342268638258988,0.9311946072310933,0.821919635591659,0.9200475251844387,0.9008109730235982,0.9342268638258986,0.6466395413006412,0.9152309858662124,0.8436979907078443,0.49772619717432154,0.9282725629505153,0.7577474010383416,0.6122842518752835,0.9747559458370869,0.9100373996478224,0.5785813755831135,0.9254476077793647,0.9023193977639938,0.6531611515576965,0.9076672018071592,0.8592817462285576,0.9414034319999549,0.7077912451995882,0.46607328489416633,0.7080992620939184,0.8814481532394802,0.9174557485535395,0.9684599111378716,0.5396418754993636,0.735094486204708,0.7370080821235996,0.6374147243644046,0.9200475251844387,0.7909308789931144,0.9000905586095036,0.0,0.8703513274042389,0.9373855340691761,0.7565056600756235,0.9200475251844387,0.9200475251844387,0.8900683556162929,0.8485974223311197,0.49648392026106547,0.9200475251844384,0.8945707776353963,0.364701956870947,0.5295709493914131,0.8381959666424068,0.7459862313751917,0.9647506825559773,0.5199769335878845,0.6067606373456043,0.6234663591013779,0.6607691842611931,0.9200475251844387,0.8129560940834355,0.24905921631705075,0.6868002876458945,0.7485716395866857,0.8673758572226519,0.6743455646620643,0.9254476077793647,0.7368307884261367,0.9200475251844387,0.6633748129770456,0.7977456162672236,0.7995731462961615,0.729032933508738,0.922708936151958,0.746286572953056,0.7680423763892488,0.9200475251844387,0.8617049034566793,0.7699919961826611,0.9200475251844387,0.911552100464315,0.9659594614885119,0.8201456177429012,0.6258234682614525,0.7273734436244235,0.9200475251844387,0.7869319932611766,0.8155180978592678,0.9149230616438513,0.7322713438735287,0.8213902328366292,0.8811280236189603,0.8556831783106496,0.5582176475161571,0.9254476077793647,0.891060789136005,0.8451467284600855,0.7022686814329036,0.8101415729689743,0.4788648168233848,0.7964203096428093,0.8986003425351379,0.9282725629505151,0.7632905462643684,0.9200475251844387,0.9877180384539763,0.9758294481296057,0.8261777667528686,0.982324224352259,0.9517801630988367,0.9149270915494645,0.950446216440272,0.9850988399428099,0.9149270915494645,0.6712538305515554,0.9200475251844389,0.9470007361724493,0.9247040689412098,0.38123122470460846,0.9587907869179462,0.7581936916224563,0.9373855340691761,0.9470007361724493,0.919976486541244,0.8606986135686321,0.9784698031455155,0.5584834010445412,0.9482528065457387,0.897889827165478,0.927984625700083,0.9643354540158497,0.9030571559620832,0.846846556117637,0.9254476077793645,0.9023193977639938,0.5916800014347494,0.8063293087015988,0.8897474010517705,0.893153543352375,0.982324224352259,0.9459529270485076,0.5818017369177628,0.7570761387530962,0.6141613852667481,0.9124559366883973,0.7855505763036936,0.585825989604918,0.8780124908814337,0.9320611426402996,0.9348849767198617,0.6400910949752718,0.9438328971193495,0.8083506933760088,0.8964228513787131,0.7550284458024112,0.6704252288358061,0.979275010656812,0.811946875157844,0.8461374468406959,0.7727778981325851,0.867395220591731,0.9342268638258988,0.6921371009158372,0.9034103072534105,0.9311946072310933,0.8667857710365985,0.9948943007172466,0.9124559366883975,0.9282725629505153,0.9877180384539763,0.6380103020923296,0.6010717730320898,0.8804128634093101,0.9956693794948599,0.9087945075432595,0.7218778750686914,0.9355870190267446,0.9124559366883973,0.6889868448161123,0.9200475251844387,0.9311946072310935,0.9200475251844387,0.9200475251844387,0.7539663465832733,0.8986003425351381,0.4961498238152062,0.9200475251844387,0.7194691349117528,0.7648100641109032,0.9248202875667844,0.7919845024731718,0.8361961589702154,0.9852381884521879,0.6202499204521401,0.846846556117637,0.7886307194368685,0.9100373996478224,0.8451467284600854,0.9824887176061117,0.8703513274042392,0.8039896394727524,0.7732596137010794,0.44599333092656124,0.9502774276431882,0.9582299683733858,0.6863750820867787,0.9824887176061119,0.4573346129027369,0.9254476077793647,0.35222160209924336,0.9407634795537994,0.9643354540158497,0.8986003425351379,0.7615603994055544,0.9937027385443848,0.8521229825390564,0.8986003425351379,0.8741496598639458,0.9254476077793647,0.9407634795537996,0.9850988399428101,0.8471813292579685,0.7749220256304652,0.7848880413194952,0.9236497967373472,0.7587855677240293,0.9124559366883975,0.6718509322377046,0.5181863307438523,0.7784821996158592,0.6676236126941353,0.883944268889507,0.9406910117203195,0.6657504099531124,0.7993972376059655,0.846846556117637,0.7287292913490437,0.6067606373456041,0.8811280236189603,0.884691406012476,0.9200475251844387,0.9282725629505151,0.9567209276149586,0.9200475251844389,0.8104257408984279,0.9407634795537991,0.9149270915494647,0.9862771939565297,0.7063250481600327,0.9199764865412448,0.7312476454124122,0.9934000968343186,0.6896751404743007,0.982324224352259,0.7898190356810506,0.957208071575181,0.9100373996478222,0.8778272951878698,0.5804004821856089,0.49772619717432176,0.904027146741752,0.857547060430413,0.7141159372622312,0.7848632928175454,0.9023193977639941,0.7741751295306647,0.7030522300109868,0.8819472699932516,0.9934000968343186,0.5076292444684897,0.9227089361519583,0.9700021254883793,0.9258909271026612,0.8313795545512619,0.9174557485535395,0.7428277859465147,0.6396449527093307,0.8234978757202303,0.8326525336486541,0.979275010656812,0.4753855860799394,0.897889827165478,0.894276316207222,0.8712483674877678,0.8620301017857248,0.9377834594303425,0.8654871162310526,0.9053415698864398,0.9174557485535397,0.9282725629505151,0.9406910117203195,0.9200475251844387,0.9323959366850341,0.7326268727943708,0.7156868445344464,0.7911380768523633,0.9200475251844384,0.8397594488671771,0.6236954128726628,0.9061188929412323,0.5607507683244208,0.8751550551919565,0.8262721898331896,0.8129560940834353,0.6457344334306432,0.8859625712873518,0.6349158686402747,0.7857378238579711,0.903337261069382,0.9311946072310935,0.8896722072656167,0.4774504132488121,0.8363589383110771,0.4639818397744062,0.6466395413006398,0.8859625712873518,0.9582299683733857,0.7645450975803668,0.9076672018071592,0.9784078757357106,0.9011398453294074,0.7793424645372125,0.8179456348562546,0.9877180384539761,0.9200475251844389,0.9784698031455155,0.6930143697409774,0.7467132186266343,0.9174557485535395,0.9776317763878946,0.9124559366883971,0.9174557485535395,0.9174557485535395,0.9323959366850338,0.9200475251844387,0.9536751187028218,0.8811280236189604,0.9200475251844387,0.5333644884359072,0.7323696533577481,0.9877180384539763,0.9254476077793647,0.9311946072310933,0.922708936151958,0.9174557485535395,0.68501207198792,0.7978451729509497,0.8986003425351381,0.7700738017372333,0.9200475251844387,0.27475754756038095,0.9254476077793647,0.8964228513787131,0.6943276870938762,0.677341114014838,0.47737021526524914,0.922708936151958,0.9008109730235982,0.696819124596811,0.9008109730235982,0.9200475251844387,0.8957156269639839,0.9992556911182979,0.7980244447304689,0.9692062635115404,0.9791844484148314,0.9877180384539763,0.43169540410398566,0.9254476077793647,0.8193475016382247,0.8126260034059012,0.9200475251844387,0.9647506825559773,0.8613333003760804,0.9373855340691761,0.7701247457790461,0.9638865172683291,0.8252191394831931,0.763211324422731,0.9149270915494645,0.7095623641574712,0.7185610712587154,0.9200475251844387,0.9200475251844387,0.8647606979879741,0.7662673353495677,0.8106278362805928,0.9658486661413712,0.7770555393502201,0.6649368211764881,0.9714083933984268,0.7427808613981535,0.3350731678978728,0.7836210857069454,0.9200475251844387,0.8952641970718371,0.9282725629505151,0.9406910117203195,0.6264019985739859,0.9342268638258988,0.7741751295306647,0.9200475251844387,0.9200475251844387,0.7017006215409434,0.7670303732147918,0.6952189169469389,0.9407634795537994,0.5256393644012757,0.8416368978310873,0.9846889590045791,0.8673952205917312,0.779614065621578,0.589592942703876,0.9200475251844384,0.6095051427884084,0.7324969362916927,0.922708936151958,0.9877180384539763,0.9405963241392505,0.8147142412997554,0.8609720555831696,0.5051248172852034,0.968805048104574,0.8209047503398819,0.9200475251844387,0.7668801834274461,0.8322563605431141,0.867395220591731,0.5955853548879386,0.9842063621635859,0.9076672018071594,0.8503560928183398,0.5370023138126736,0.9311946072310933,0.7931200687422753,0.8047584878973841,0.9124559366883973,0.9934000968343186,0.8780124908814337,0.892158753707073,0.7641110283299362,0.9282725629505151,0.9174557485535395,0.8046759588149297,0.9214006317669097,0.9296564094192135,0.906868351177019,0.9406910117203195,0.9830296087723853,0.9996437898601822,0.9406910117203193,0.33636161037044754,0.8741496598639455,0.8364841448033244,0.9200475251844387,0.9934000968343186,0.7198796081207548,0.903057155962083,0.6034482680095942,0.9502774276431885,0.9174557485535397,0.9214006317669097,0.8330762331435033,0.9227089361519578,0.7890451776207588,0.9000905586095038,0.7811175297355273,0.8027244825014282,0.9200475251844387,0.383934457793083,0.9200475251844389,0.726763881714741,0.9373855340691761,0.8955462703668949,0.8964228513787125,0.6985093343215638,0.9200475251844387,0.7118754700272878,0.6657504099531124,0.9320611426402994,0.7331743984115713,0.7470389236471644,0.7250909135759176,0.9282725629505149,0.7989600786246032,0.8798049357232043,0.9852381884521881,0.6924333063092507,0.8474072181717969,0.5720368739758546,0.8824506538600925,0.8474072181717972,0.6776240584717151,0.8654871162310527,0.9403725843137769,0.8070953008446597,0.846846556117637,0.6557158396900029,0.9200475251844389,0.9174557485535395,0.7922244268030567,0.7460016343659635,0.8860875100097714,0.7059769625976535,0.7066112902992763,0.9200475251844387,0.7247262245202144,0.8042667553238279,0.7166498629894607,0.9200475251844387,0.7683220889966953,0.8082824043846147,0.9342268638258988,0.8986003425351381,0.9174557485535395,0.9739832594847329,0.9955239637156412,0.8635905304363203,0.9784078757357106,0.5674644769149516,0.7385533156176277,0.670097307736794,0.9200475251844387,0.9188713671930941,0.9200475251844387,0.9342268638258988,0.600446814018716,0.8651528380388471,0.9406910117203195,0.883944268889507,0.9825299313424135,0.8771302189140855,0.591930587257429,0.9200475251844387,0.8360451814204684,0.7576776379554473,0.943572174985496,0.4459933309265608,0.8666109663611836,0.9282725629505153,0.8819472699932513,0.8799703801338814,0.8978898271654778,0.8561085609507002,0.6873507462867936,0.8978898271654778,0.8780124908814337,0.9282725629505153,0.8196136051637437,0.8978898271654778,0.9406910117203195,0.4531949162386659,0.922708936151958,0.5396418754993637,0.96089318452934,0.911552100464315,0.6046410709590804,0.8542616703600654,0.9248202875667846,0.9348849767198615,0.8935664952633797,0.8900683556162929,0.9174557485535397,0.9030571559620832,0.8596394814655492,0.9660884144535258,0.6842820397844221,0.9984245703919454,0.8610966926191237,0.8831523375856207,0.7708135242438467,0.9227089361519578,0.9254476077793647,0.9980252817099352,0.6940482849823955,0.8859625712873518,0.8507670614667088,0.921212962617662,0.9282725629505151,0.9311946072310935,0.9588201954615949,0.8839442688895067,0.7073187137343604,0.9298297898147683,0.8620301017857246,0.9148452373263043,0.9143265949426795,0.9431338207947484,0.9200475251844387,0.8034048049357161,0.573620267893205,0.8518946053318469,0.8952641970718374,0.8878304028412578,0.8123348408938146,0.9773744465518461,0.986219679790032,0.8921587537070723,0.5516946971240841,0.9538325596680388,0.9780548428444061,0.931881650803529,0.9745159874661271,0.90534156988644,0.8983089509563249,0.9087945075432596,0.761093326155224,0.8855710551223295,0.40761072127387243,0.968805048104574,0.8451467284600858,0.8859625712873518,0.7410815567472545,0.7509077901946664,0.7848632928175456,0.9774383526002246,0.7891060482705201,0.9159489883476691,0.7960089992369015,0.8897474010517704,0.6261909706488696,0.9254476077793647,0.7782415422524409,0.9966622748365281,0.9824887176061119,0.8313795545512619,0.9993650229201636,0.9390027279901942,0.9373855340691761,0.9620012761274979,0.9342268638258988,0.9122748858719052,0.9311946072310935
p133_F,0.9684934305249857,0.8260206957133763,0.8632221916532624,0.9657516752484123,0.9076027506473452,0.7730110731649062,0.934449443131137,0.914187849830097,0.844027888989999,0.9354957453078971,0.6460806571739135,0.9998717412550098,0.9576746141532875,0.9733010371560202,0.9535780571182249,0.8837507054227132,0.9098137391625776,0.9562533908075039,0.932241742150131,0.7907746610627938,0.8645218511266486,0.6207883787929094,0.8562201358218875,0.9654282935645835,0.7046964066654738,0.8889039599111497,0.9500993698470401,0.9507526530137225,0.7907746610627938,0.9355082771860013,0.8783842798904284,0.8326857532046695,0.9466508604266068,0.8683869765649124,0.9949841493208558,0.932241742150131,0.49394643887055856,0.9859795134306004,0.9389009867184677,0.9530379936367415,0.8368572865027599,0.9719697553872639,0.8882462492115564,0.9739801805604328,0.9098137391625776,0.9343155790299882,0.5180855146997329,0.9400835244061028,0.7486681535782961,0.9206180783388167,0.9743490353345139,0.9590423617195349,0.8889039599111497,0.904880473824603,0.974691833565406,0.8846232616841088,0.884623261684109,0.9176344520056336,0.9168702393013652,0.5504365754349653,0.9268193339646966,0.8824176438930584,0.8889039599111501,0.8872071589200896,0.9291179679746995,0.9279385803404143,0.9261077324693099,0.8903204666908906,0.9828966038837288,0.9109192134561164,0.8567830005613141,0.8867504707956384,0.9076027506473452,0.854707322088536,0.9176344520056336,0.8809241718608916,0.9369836237218983,0.9024846512059139,0.746135197031842,0.9458638372348818,0.9024846512059139,0.9325475534270613,0.8804415508981578,0.8889039599111503,0.9176344520056336,0.9010361784334389,0.900131290598132,0.815756607691871,0.6611471658952514,0.9149644520716045,0.9176344520056336,0.9352754349892364,0.8824176438930584,0.9088164607327509,0.9438611769441672,0.8893613928931102,0.9416480924388645,0.9009422321522251,0.9577392587568812,0.9747248899532106,0.9848136600849169,0.7974439991732672,0.9176344520056336,0.8561026539200732,0.9058274975868816,0.49268176173944034,0.6182551871309161,0.9540491654968317,0.970087547292547,0.9171705206748193,0.9572501368720675,0.937733552557686,0.9716338256293651,0.6863005594557743,0.47152576728747697,0.9299622870581823,0.8644633857793794,0.932241742150131,0.9389009867184677,0.8737445187754225,0.8624907276866893,0.9770864862406433,0.8978173148387736,0.7462795582795663,0.9763971782961418,0.7726447194365706,0.49394643887055856,0.9102130524871404,0.7878600357864767,0.9098510170045646,0.9250092890273325,0.9231975163531969,0.9261077324693099,0.9965185747417931,0.9098137391625776,0.9495764866260832,0.9388443820795136,0.9261077324693099,0.5432379360134465,0.912359476799596,0.8623751624050422,0.5170450674334837,0.8312921868747623,0.8791630303287914,0.9817898094872117,0.882375717680342,0.9320203143247605,0.8236768820248002,0.9143869606810532,0.8845536449186113,0.9354957453078969,0.9268193339646964,0.7586176823817162,0.8527382835752308,0.9291683589350781,0.9198942322161903,0.8029392944356013,0.8606789940362409,0.8797148954634808,0.9765259109804756,0.9335257327880073,0.9231975163531971,0.9629590308991038,0.9439228789501477,0.8936739225369431,0.962999347766924,0.9008919498851697,0.7099938617412704,0.8804415508981578,0.9098323214516961,0.8514064619648858,0.618045457419664,0.884623261684109,0.9632534670430913,0.8470130375227883,0.9963480954634683,0.7540801690623645,0.8336897868247426,0.9595690210200329,0.932500211031204,0.8569044040594338,0.8901087413007593,0.9848136600849171,0.7454063911947744,0.9591848568689005,0.703328079249704,0.8737445187754225,0.9551469406991903,0.9029060758453815,0.9998134958142342,0.9636703814083792,0.869984032149532,0.6909774010191304,0.7718316875972548,0.9532058268379922,0.9176344520056336,0.9203761879341785,0.9536828573969376,0.933111146811416,0.8140195820327999,0.8485648350028439,0.7454063911947743,0.9176344520056336,0.8685866396998868,0.8845536449186113,0.9354957453078971,0.9176344520056336,0.9257959645532371,0.8910305906213418,0.932500211031204,0.8924193055680141,0.9243428379798313,0.9149644520716045,0.9176344520056336,0.9857753506288527,0.9176344520056336,0.9052273313028347,0.8970861918286701,0.8120575124059071,0.9176344520056336,0.9102130524871401,0.9176344520056336,0.9538740038505584,0.9559401521793898,0.8480020154744526,0.9128921284227086,0.9231975163531971,0.9101320666686104,0.9123594767995957,0.6789059218019351,0.9001312905981322,0.9795923197112879,0.8700745810473363,0.9846362664950943,0.9261077324693099,0.8620322227114245,0.9862256229693844,0.8937269373258916,0.9325901666859748,0.7676235938802121,0.9194760752462121,0.9098137391625774,0.9306988834617622,0.9123594767995962,0.9176344520056336,0.9002620304917957,0.9176344520056336,0.900032957414628,0.9763670444959536,0.9261077324693099,0.795844610717572,0.9288757881132793,0.9203761879341787,0.9451391643182998,0.6324261742117003,0.9078513820385045,0.9024846512059139,0.9731780516963704,0.9231975163531971,0.924666216183181,0.835569529553674,0.9477638490194609,0.9149644520716045,0.9291179679746995,0.8977123534238365,0.9389009867184677,0.9257959645532372,0.9369887520228606,0.9595578389535804,0.8988104657218365,0.9158829961155546,0.8326857532046701,0.9217902712977828,0.7820894130810092,0.9288757881132794,0.49268176173944034,0.9560868551767852,0.9985540554936603,0.9281278923411589,0.9426405799302899,0.49268176173944034,0.9432154862796764,0.7558599512408448,0.9792503453259269,0.9850486261598486,0.9733010371560203,0.9231975163531969,0.8683869765649121,0.9147295606797885,0.6330833366296482,0.9231975163531971,0.9231975163531969,0.8740212094963042,0.7540801690623646,0.9562407457680513,0.9088164607327507,0.8843112806828813,0.871921557966604,0.932241742150131,0.9176344520056336,0.8867504707956384,0.7570534784216713,0.9743490353345139,0.9439228789501477,0.9350596893811607,0.969757263765453,0.9530379936367415,0.7905033493282169,0.9172507539404188,0.907355135221481,0.9568588489090313,0.9642793351870442,0.8666659561513321,0.8514178182544643,0.9436577727083666,0.9354957453078969,0.9218963184685969,0.7360287423369323,0.8082641581671031,0.9763670444959536,0.907355135221481,0.969757263765453,0.9176344520056336,0.9261077324693099,0.9517647885373739,0.8889039599111501,0.49268176173944034,0.9792503453259269,0.9152209695615848,0.9176344520056336,0.7046964066654735,0.7018004875977799,0.9965185747417933,0.7075087193160738,0.8233324866804046,0.8977164148691166,0.8809270560698739,0.8669894145144219,0.946622308568301,0.8131017553461335,0.9073222074226135,0.9808877898837196,0.969757263765453,0.8977823279529111,0.9433205351143243,0.904880473824603,0.909716755213914,0.9965185747417931,0.9012332251961257,0.8376595095551012,0.8649432759953593,0.6067586926238707,0.9149644520716045,0.856783000561314,0.9069445068121538,0.933697648996314,0.9168836158297302,0.8525811815390245,0.9176344520056336,0.8245642007101615,0.9010361784334388,0.8703513274042389,0.0,0.9354957453078971,0.7491566735405868,0.9176344520056336,0.9176344520056336,0.8480994378399505,0.9478524616281294,0.9365727636836152,0.9176344520056336,0.7907746610627939,0.9176344520056336,0.9733010371560205,0.8936739225369432,0.9275764262124622,0.9949841493208559,0.8763477248373535,0.9524593769068033,0.9589791234933984,0.9928298495367262,0.9176344520056336,0.8292697341729601,0.962999347766924,0.9189718832979137,0.8858829696215671,0.568056305766683,0.9615296020377262,0.9231975163531969,0.951858700899378,0.9176344520056336,0.8763256350174947,0.9225786753593272,0.9365727636836152,0.8998274489955946,0.7642590726529876,0.9800587875744373,0.6993912625374503,0.9176344520056336,0.9794462990907578,0.8346900329802878,0.9176344520056336,0.8149878477204445,0.9120204639389049,0.9968675086659683,0.8599095108579594,0.9439228789501477,0.9176344520056336,0.7734083183403923,0.8903204666908906,0.9792503453259269,0.8118897379362574,0.8599095108579597,0.8761017783000717,0.9587156021980772,0.9054976577759835,0.47152576728747697,0.8399900951147437,0.8158904503387643,0.962608664233859,0.8226652577603806,0.852892035839575,0.9275343905525797,0.9980715070378495,0.44675533028303815,0.8889039599111501,0.9176344520056336,0.932241742150131,0.9937468196155497,0.7920358129410963,0.9094175606190132,0.7636811486269085,0.912359476799596,0.9939603112648614,0.8093111782833925,0.912359476799596,0.9401042088409286,0.9613251513423888,0.9048804738246028,0.9037138771185229,0.8704545362551431,0.9109192134561164,0.8515715241131472,0.790774661062794,0.9413487659113849,0.8562201358218876,0.8505014126725429,0.900131290598132,0.9354957453078971,0.8905819543592234,0.8932539868674869,0.9206180783388169,0.9937940417831583,0.9001312905981322,0.8230078934234282,0.797443999173267,0.8683869765649124,0.9123820951287551,0.8875871766752219,0.9629590308991038,0.96174322382792,0.7965588877139699,0.9096622933762626,0.9817104390433371,0.7998928270963164,0.9971539625572351,0.9500993698470404,0.717678823842177,0.675905495415777,0.996225319046196,0.9281278923411591,0.9310028073541701,0.8550360715548485,0.8717980029839989,0.9139292278462852,0.8280541377532262,0.6822871400055999,0.676241242117489,0.7974439991732671,0.7893255855183641,0.9607608832492265,0.8664383561643836,0.7855186703672655,0.932241742150131,0.9623671370200693,0.9206180783388169,0.9792503453259269,0.8932539868674869,0.9098137391625776,0.8484724767306469,0.9774096618002822,0.932241742150131,0.8088355852512338,0.837573780851538,0.8587856401289513,0.6180454574196635,0.9149644520716045,0.9257763219617672,0.9027145695931775,0.9500993698470399,0.9246662161831811,0.9176344520056336,0.5194258811617958,0.9176344520056336,0.9176344520056336,0.9171602471172888,0.8955399645501798,0.925845563719097,0.9176344520056336,0.8050039766686261,0.8554548275268312,0.9763670444959535,0.9112707966827568,0.942838299262892,0.9547709979669962,0.9742791088932731,0.8422241792803138,0.9785922188146599,0.9073222074226135,0.8158904503387641,0.9291179679746995,0.8955040393396556,0.827455833106021,0.8077176782373863,0.7775575717654004,0.9466508604266068,0.9536828573969374,0.8989974414143531,0.7199553905667089,0.79870777696492,0.47152576728747697,0.9077500810549197,0.915607043783037,0.9595578389535804,0.8955399645501794,0.8353254109499058,0.7223885194877842,0.9532058268379924,0.891682978625878,0.8703513274042392,0.9231975163531969,0.9001312905981322,0.9895196008050117,0.7451735446474839,0.9832902586309832,0.938894876672657,0.9261077324693099,0.8302740876675132,0.9098137391625774,0.7954388517484362,0.7518251793898634,0.9576746141532874,0.881487178017144,0.8804415508981576,0.8882462492115563,0.8789694806357344,0.8113011753274517,0.9517647885373739,0.8647218718345077,0.9738359568456645,0.8761017783000717,0.9231673852491011,0.9176344520056336,0.44675533028303815,0.9220033199406046,0.7328399533003249,0.9638569490943998,0.9156070437830368,0.9123594767995962,0.7073308798027831,0.9027718400079078,0.8916829786258782,0.9104237341339552,0.9354957453078971,0.8455666177726857,0.9777237664759431,0.9757910880599963,0.912359476799596,0.817377221549431,0.8272663807128411,0.9951874708791759,0.9673786919850061,0.8869424918838966,0.873405535063448,0.9075725084422478,0.9891451830076919,0.9846362664950942,0.9019458726293343,0.7842830540686812,0.9096622933762624,0.7360287423369323,0.9339524310656602,0.9895196008050117,0.8850596363388811,0.9967324534170479,0.874628227385192,0.9149644520716045,0.8786224692888567,0.9196445757060787,0.9389009867184677,0.9163527048220905,0.9371232414100348,0.9245697225149279,0.5605086847432739,0.9253216361240026,0.9937468196155497,0.49605545039289534,0.9937773364805663,0.9850486261598486,0.9024846512059137,0.8303136803781795,0.5432379360134465,0.7730110731649067,0.9176344520056336,0.9258455637190969,0.9095068244184696,0.9526657373128395,0.8917348229536435,0.9176344520056336,0.8566302488231083,0.9472678590335448,0.9268193339646964,0.8743307438550614,0.8185422499360779,0.9112576872105786,0.9663068486651623,0.9906451729098953,0.924498459080225,0.8357022301756416,0.8392232079309225,0.8944204818176893,0.5194258811617958,0.642748240263906,0.9172640312418525,0.983682988822291,0.8814055323796944,0.9389009867184677,0.914684230466458,0.912359476799596,0.9458638372348815,0.9048804738246028,0.884623261684109,0.7765306526370804,0.8236768820248004,0.8876518003899165,0.9322417421501312,0.9949841493208558,0.9524593769068034,0.9056910065063565,0.9628246376746905,0.9149644520716045,0.9261077324693099,0.9098137391625774,0.9149644520716045,0.9149644520716045,0.8964502123310982,0.9176344520056336,0.8887581074151091,0.9642214739412927,0.9176344520056336,0.8932967537832139,0.9384840648842141,0.9845214236147153,0.47152576728747697,0.7700877679179361,0.7192069670225828,0.9149644520716045,0.8409516182195756,0.8321825453439604,0.8955399645501796,0.99921868323424,0.9176344520056336,0.9908342652343987,0.7974439991732671,0.9281278923411589,0.8910383534303419,0.7996611737313364,0.932241742150131,0.7642590726529874,0.8978173148387738,0.891030590621342,0.9937773364805664,0.6017678552900565,0.9479215598710828,0.9169796060396697,0.9409403068620963,0.9763058906768334,0.9846566758890424,0.9109192134561164,0.9475307221016044,0.47152576728747697,0.9908342652343985,0.9831929791885614,0.9176344520056336,0.8202213519738352,0.8028836508455397,0.9354957453078971,0.9345039016096379,0.566473061939408,0.9846566758890424,0.8506214655678928,0.912359476799596,0.8115362594309851,0.8758722764856528,0.9176344520056336,0.9176344520056336,0.9140938852116012,0.7074895526451495,0.8745106514690064,0.8979198599685498,0.9098323214516961,0.9554782493287253,0.862618412617328,0.901814552061794,0.9937940417831581,0.7729676284766926,0.9176344520056336,0.8570279495419273,0.44675533028303815,0.9389009867184677,0.92147410136561,0.49268176173944034,0.8628894151567823,0.9176344520056336,0.9176344520056336,0.914558376008495,0.9949841493208559,0.9840240264603954,0.6944930450404413,0.8924193055680143,0.962731967546085,0.8601715348988983,0.8610434789932611,0.8297611823136748,0.9979710768113653,0.9176344520056336,0.9382965016294352,0.9150131601607496,0.5840506501313683,0.9845214236147153,0.885856306754228,0.9358701742564793,0.9643988302810584,0.930101861608711,0.899415389544202,0.9365727636836153,0.9176344520056336,0.951666750291549,0.8138391289076221,0.8872071589200898,0.659103073135714,0.8243519100830419,0.8260206957133759,0.89817510482552,0.8059601923019071,0.9792503453259269,0.8299433050373795,0.8609097613227241,0.7276155846772585,0.9550124172403794,0.9352780314506286,0.8889039599111503,0.925513104191922,0.9261077324693099,0.9149644520716045,0.9128921284227086,0.8846232616841088,0.9194760752462126,0.7664880923437803,0.9965185747417931,0.9382965016294352,0.9965185747417931,0.9458638372348815,0.7200023773322725,0.9298297898147685,0.8315490164612092,0.9176344520056336,0.9902416640337588,0.6944930450404412,0.9893117100305694,0.8220261395369193,0.9466508604266071,0.9149644520716045,0.8542505818539429,0.8280382494458656,0.9203761879341787,0.9431880357512767,0.9536354056902001,0.9064769995496262,0.9039671288274389,0.9176344520056336,0.9352754349892366,0.961325151342389,0.8281926662579331,0.9354957453078971,0.9937940417831581,0.8932967537832146,0.9031725621753484,0.9176344520056336,0.8914903088455381,0.822118342637288,0.9281278923411591,0.9125763467032955,0.8740992077291385,0.9064449197275183,0.4949966331482424,0.8658068781742836,0.8491542066816399,0.8746755880376644,0.8292560163553373,0.9980715070378494,0.8346120006306176,0.8882462492115564,0.8916829786258778,0.9512934499841005,0.7650066899467112,0.8867504707956384,0.9763058906768334,0.8422241792803138,0.8695208918929742,0.9176344520056336,0.9149644520716045,0.9769279965204983,0.9638569490943998,0.8233573240698451,0.9377142359382986,0.899736314107491,0.9176344520056336,0.9011669407857501,0.9468752486023506,0.996225319046196,0.9176344520056336,0.7999541791756466,0.9746918335654061,0.49268176173944034,0.8955399645501798,0.9149644520716045,0.9522473960773854,0.9562533908075042,0.7943962592357545,0.7889690427384554,0.9587156021980769,0.8955399645501798,0.8456686822352353,0.9176344520056336,0.8825207683757945,0.9176344520056336,0.932241742150131,0.8977843853303171,0.8816580378797019,0.9389009867184677,0.8804415508981576,0.8103542576307946,0.845839638516898,0.7599855305715344,0.9176344520056336,0.9236326045439056,0.9022201743723983,0.7537625039247966,0.8783842798904287,0.8625851059964715,0.9261077324693099,0.8783842798904282,0.9998134958142342,0.9795019860868404,0.9229660919577038,0.8620876697167706,0.9795019860868404,0.9048043876528449,0.9261077324693099,0.8843112806828813,0.9795019860868404,0.9389009867184677,0.922578675359327,0.9895196008050116,0.7451484723462378,0.9152209695615849,0.9689470530700142,0.8977164148691164,0.8485648350028439,0.7960690785050835,0.9980715070378495,0.888832384130261,0.91989423221619,0.9576746141532875,0.9001312905981322,0.8281202420167375,0.6076173115826166,0.8404281005597698,0.8669894145144217,0.9121079498127291,0.9875903480084592,0.9475307221016044,0.9203761879341787,0.5646452621119888,0.91708746008766,0.949660769602743,0.7636811486269078,0.988825383261552,0.8893613928931103,0.5432379360134466,0.46929350381056834,0.9628079187675674,0.880441550898158,0.9116858892428663,0.9882332279592555,0.7150015447937328,0.9659304592140758,0.9339524310656604,0.9689470530700139,0.6017678552900565,0.9520388201179324,0.9364974377814208,0.8346183644682539,0.9147224586496066,0.918452606417637,0.9792503453259269,0.8964502123310983,0.9318548420045341,0.9225786753593268,0.9903850005315029,0.6439112537567738,0.9869181600365853,0.9227565311039088,0.9298183155866662,0.683700214808928,0.9878337585781132,0.9574180966633072,0.9943151259204521,0.9993013807106688,0.9231975163531969,0.5840506501313683,0.885856306754228,0.882520768375795,0.9231975163531971,0.8850707526024728,0.8206401121682738,0.9343744264009455,0.8810236202136962,0.6330833366296483,0.923632604543906,0.9325475534270612,0.8422241792803133,0.7974439991732674,0.8757909533109132,0.4100804750578865,0.5194258811617958,0.874628227385192,0.9719697553872638,0.8093111782833922,0.9354957453078971,0.8373631026438322,0.9845214236147153,0.8979720328386482,0.5194258811617958
p133_L,0.841572437337619,0.9540615556502021,0.9152641503417576,0.9393074128728371,0.9602211523225768,0.9704919301607371,0.9885045026753405,0.9113611393327945,0.9246724996449083,0.9688473520249221,0.952904481298952,0.7212184631640934,0.8811434002398044,0.9393074128728371,0.9299882837257998,0.9150035043198983,0.9564441004788364,0.9463456194504825,0.967275815149292,0.9688473520249221,0.9997330791035689,0.9517679141853161,0.9836543654419935,0.9615452872130623,0.9506503681784946,0.9463456194504825,0.9564441004788364,0.9345618542101832,0.9688473520249221,0.9641663749515034,0.9412650880954538,0.9643133649175286,0.9552408029353747,0.9364368411420321,0.9602211523225768,0.967275815149292,0.9615452872130623,0.9552408029353747,0.9704919301607371,0.945305581259918,0.9212094218042226,0.794661955968082,0.9704919301607369,0.9842981000157078,0.9564441004788364,0.880532101349504,0.9629078616894173,0.8868572365240478,0.945305581259918,0.9152641503417578,0.9643133649175286,0.8822041938925773,0.9463456194504825,0.7563074904491675,0.6743768413548512,0.9942420842964468,0.9442782351269043,0.9602211523225768,0.9193391628916545,0.9576735770276548,0.9264265757108794,0.9045448781262264,0.9463456194504827,0.9212094218042226,0.9657671730030435,0.8989178714642763,0.9643133649175286,0.9183299651833595,0.9962665127840864,0.967275815149292,0.9383422423783936,0.945305581259918,0.6283163920140764,0.989627316794844,0.9602211523225768,0.9110833848585063,0.9517679141853161,0.952904481298952,0.7748670087060183,0.9704919301607371,0.952904481298952,0.948467140918744,0.9422586572762626,0.9463456194504825,0.9602211523225768,0.9354957453078969,0.9788198231857257,0.9896570686394179,0.8539708111612493,0.9589316626844853,0.9602211523225768,0.9605021604012387,0.8677629859955873,0.9197501444304763,0.8785627385841399,0.9346254185527982,0.9135864513673662,0.911916104177739,0.8153256438808839,0.8528136040604398,0.9942420842964468,0.9629078616894173,0.9602211523225768,0.8888428923892235,0.939598219164928,0.967275815149292,0.9273099638694313,0.8392345523720052,0.7090427957190415,0.9873773656276404,0.9445948948871477,0.8591466737807627,0.9367494365942244,0.929090574034799,0.9629078616894173,0.8517526482728696,0.9735307058746404,0.967275815149292,0.9704919301607371,0.915449646870526,0.8057088133256773,0.9102521474185266,0.9506503681784946,0.9412650880954538,0.9463456194504827,0.837354233968765,0.9615452872130623,0.8714910313665698,0.9611058687776596,0.9592096814182647,0.7698199943194897,0.9629078616894173,0.9643133649175286,0.9704919301607371,0.9564441004788364,0.878853978185034,0.8828921099411018,0.9643133649175286,0.9643133649175286,0.9644928340620881,0.8826723723783978,0.9688473520249221,0.8462319742187792,0.8995337970065294,0.956091512537085,0.9299882837258,0.8562800773949444,0.7856666729249004,0.945305581259918,0.8707511192158015,0.9688473520249221,0.9741742265760636,0.926085680719904,0.9497216571784262,0.9643133649175286,0.9922673407988163,0.9177967406513874,0.9327142329596736,0.9949312819359692,0.9102521474185263,0.9724762906681352,0.9629078616894176,0.948467140918744,0.7988652819601517,0.919497451312518,0.934561854210183,0.9110230653978574,0.9686270243184087,0.9980151413438715,0.9545130974694751,0.6589076603453443,0.9589316626844853,0.9442782351269043,0.9734494449255828,0.9984815523011593,0.926884616571659,0.967275815149292,0.97863086281295,0.7825416521051118,0.9110833848585063,0.9308912761119588,0.9983892385276616,0.9442782351269043,0.7212184631640928,0.913988694891644,0.9241944187271149,0.9279843845372735,0.7882865126048699,0.9540615556502021,0.9984192168061301,0.8866592451518314,0.9775494508745609,0.9577826208249471,0.9769083885447585,0.9264265757108792,0.9602211523225768,0.9615452872130623,0.8866592451518311,0.8868572365240477,0.871213740863837,0.9490218194797996,0.8811434002398038,0.9602211523225768,0.9781888097246554,0.9169343421262846,0.9688473520249221,0.9602211523225768,0.9459009791418809,0.9336347991328913,0.9110833848585063,0.9270340353108136,0.9255474930154988,0.9589316626844853,0.9602211523225768,0.9572260537075437,0.9602211523225768,0.852599270700573,0.9024034856722037,0.9805140790524414,0.9602211523225768,0.8913167644457046,0.9602211523225768,0.9017356045997866,0.9273099638694315,0.934561854210183,0.9028202028772292,0.9629078616894173,0.8261452162494148,0.9576735770276548,0.9168592415074223,0.9788198231857258,0.9264265757108792,0.9436090008562754,0.8974625884738567,0.9643133649175286,0.9686270243184086,0.8158085352345757,0.9238013891436974,0.9870066061767572,0.9336347991328913,0.9592096814182646,0.9564441004788364,0.9102521474185263,0.9576735770276548,0.9602211523225768,0.7851785317012692,0.9602211523225768,0.8865499284062762,0.9336347991328913,0.6722319823963789,0.8144145328114433,0.8261452162494147,0.9615452872130623,0.9857418255557404,0.9506503681784946,0.916106073886044,0.952904481298952,0.8714910313665699,0.9629078616894173,0.8995337970065294,0.9405885046495401,0.971042217461574,0.9589316626844853,0.5621050879972647,0.8660229158723238,0.9704919301607371,0.7612950419868552,0.9459009791418811,0.8591466737807628,0.8987127601538669,0.9019980934674425,0.8539593087394243,0.9280150901189621,0.8747337939763193,0.9267250083210725,0.967275815149292,0.8774275767526134,0.9327142329596736,0.9484671409187437,0.9710638846211326,0.967275815149292,0.7701802816584306,0.9263467923542654,0.9657671730030435,0.9674296364846788,0.9967052595559542,0.9629078616894173,0.9364368411420321,0.8295688743724917,0.9576735770276548,0.9629078616894173,0.9629078616894173,0.8422398757411225,0.967275815149292,0.9843313073865332,0.9639168532621705,0.9102521474185266,0.9333058945473258,0.7373140434256802,0.9602211523225768,0.945305581259918,0.9576735770276548,0.9643133649175286,0.8700691233197133,0.7501042415003524,0.9629078616894173,0.945305581259918,0.9887119198512566,0.855342581976174,0.968861512945716,0.6995182600133591,0.8737781800841435,0.8727724895979354,0.8693099439896506,0.9003549758958829,0.9688473520249221,0.9246724996449083,0.9688473520249221,0.897462588473857,0.9592096814182647,0.929090574034799,0.8616993128705419,0.9602211523225768,0.9643133649175284,0.972304735669536,0.9463456194504827,0.967275815149292,0.8453817313970798,0.9589316626844853,0.9602211523225768,0.9506503681784946,0.9672758151492922,0.9704919301607369,0.9299882837258,0.8616255760827235,0.948467140918744,0.9643133649175286,0.7982162294178602,0.8660229158723238,0.9812882646010127,0.9552408029353749,0.8754775406461834,0.9629078616894176,0.9918036979367357,0.9243487433448527,0.9011229673994822,0.8640216888363313,0.9704919301607371,0.8303000077421612,0.9364368411420321,0.8208122474227106,0.9564441004788367,0.9589316626844853,0.9950331250804818,0.9102521474185263,0.8652957284464027,0.8283225054804624,0.8580546626695635,0.9602211523225768,0.9211575233294336,0.9002664985145175,0.9373855340691761,0.9354957453078971,0.0,0.878853978185034,0.9602211523225768,0.9602211523225768,0.8674131849162848,0.9286604261342953,0.9532573045342178,0.9602211523225768,0.9688473520249221,0.9602211523225768,0.9393074128728371,0.919497451312518,0.9523200985692702,0.9602211523225768,0.940281523787128,0.9788198231857258,0.868629248060816,0.8855843507261225,0.9602211523225768,0.9069398281965728,0.9887119198512566,0.857193524360793,0.8903421469154491,0.940281523787128,0.9793323128508504,0.9629078616894176,0.8404071783150319,0.9602211523225768,0.8767715147934856,0.9902272378284808,0.9682054761806351,0.9403242468533077,0.7838845141374107,0.8677629859955873,0.9552408029353749,0.9602211523225768,0.8027861169751546,0.9033582350995619,0.9602211523225768,0.9434430901748682,0.8770285044378543,0.8763243374738705,0.8553425819761737,0.8344672026399325,0.9602211523225768,0.8625009993910637,0.926085680719904,0.9657671730030435,0.9239353635605216,0.9646513828137266,0.9724383613004927,0.9787649061336621,0.91864576660426,0.9629078616894173,0.8913373025078369,0.9550108469657217,0.8500641175728524,0.9611015442070802,0.9746060824205354,0.8987127601538669,0.9495505106234361,0.9643133649175284,0.9463456194504827,0.9602211523225768,0.967275815149292,0.9710638846211326,0.9612634641352691,0.9762381701099261,0.8749951932053408,0.9644928340620881,0.8777627336524756,0.9615452872130625,0.9576735770276548,0.976238170109926,0.9602211523225768,0.9540615556502021,0.905289793832148,0.9735615243851736,0.8357840905673556,0.9306807285917506,0.8249221183800624,0.9540615556502021,0.9836543654419934,0.942393458790212,0.9517679141853161,0.9280373831775701,0.9790579205411841,0.9887119198512566,0.9605021604012389,0.9473991727811975,0.9517679141853161,0.9723047356695362,0.9629078616894173,0.9918036979367357,0.9686270243184087,0.9875749921115438,0.8547169780516899,0.9839553731674051,0.7636661243365597,0.9412650880954538,0.9120142963323286,0.9277968752742771,0.9255474930154988,0.740040052331582,0.962304331780133,0.959385510350397,0.9393074128728374,0.8547169780516897,0.9495505106234363,0.8571539835218496,0.8345234729276813,0.8838707840618651,0.9203222717282119,0.9336347991328913,0.9844764601869231,0.9629078616894173,0.9319982236038632,0.9696254181000268,0.9550124172403792,0.8891201681390327,0.9342541377090321,0.9243487433448527,0.9490218194797997,0.9657671730030435,0.9887119198512566,0.9564441004788364,0.9564441004788367,0.7630956455679015,0.967275815149292,0.9412650880954538,0.8633929371948169,0.9317998283510545,0.9589316626844853,0.9589316626844853,0.84756849174827,0.9774358012844693,0.9564441004788364,0.8995337970065294,0.9602211523225768,0.9657671730030435,0.9602211523225768,0.9602211523225768,0.8166721374016902,0.9495505106234361,0.9364368411420321,0.9602211523225768,0.8628649277589688,0.829292820493017,0.9336347991328914,0.9232512503966037,0.9069398281965728,0.8836456641177746,0.9246724996449083,0.9238013891436974,0.788902079390401,0.9552408029353749,0.957134228819847,0.7509561835971419,0.9902416640337588,0.9267250083210725,0.9183299651833594,0.9412650880954538,0.9552408029353747,0.9576735770276548,0.9373337091552363,0.9657671730030435,0.9186457666042602,0.9629078616894173,0.9698382173897016,0.9094075605567675,0.9473991727811975,0.9495505106234361,0.9957384933350426,0.9984192168061299,0.9761261745674079,0.7832689936382822,0.9373855340691761,0.9629078616894173,0.9517679141853161,0.9615452872130625,0.8551753966560591,0.9559139405593611,0.9120142963323286,0.9643133649175286,0.8880166939342053,0.9564441004788367,0.9962665127840864,0.9135864513673664,0.9611058687776595,0.8924951998175354,0.9422586572762626,0.9704919301607369,0.8479521653438945,0.9306807285917504,0.8821852247529474,0.8816963258058592,0.9517679141853161,0.9223125238854546,0.9632363967167475,0.9602211523225768,0.9643133649175284,0.9345618542101832,0.8751938654120847,0.8913167644457047,0.9517679141853161,0.9576735770276548,0.9422586572762626,0.8677629859955873,0.9836543654419933,0.8320351042588818,0.9688473520249221,0.8383410681534735,0.9053808215188038,0.903332086531878,0.9576735770276548,0.9706827259226704,0.9333294375625139,0.9592096814182646,0.9484671409187437,0.8892592555773313,0.9486844371905534,0.8516775459542525,0.7885714320562002,0.9364368411420321,0.9413267702568655,0.8913167644457045,0.9998220154184712,0.9688473520249223,0.9506503681784946,0.8687412470205864,0.8737781800841435,0.930688571278786,0.8562800773949443,0.9611058687776598,0.875776977613917,0.8754775406461834,0.9704919301607369,0.9900170323228481,0.9629078616894173,0.9902416640337588,0.9887119198512566,0.9236313915934421,0.8364164331596694,0.9998220154184712,0.845165530160027,0.9384149895103318,0.9529044812989518,0.8011809317019497,0.9643133649175284,0.9704919301607371,0.9602211523225768,0.9528294452685606,0.8946068956234317,0.9010225825203135,0.9373855340691761,0.9602211523225768,0.9518158084907125,0.8625107065618558,0.8747750288630063,0.9393074128728371,0.9246724996449083,0.9152641503417578,0.9497216571784262,0.9202292573499304,0.9432628256129656,0.8250754300064784,0.9597002712640403,0.9144243194673913,0.9657671730030437,0.9238013891436971,0.9442782351269043,0.9629078616894173,0.9336347991328913,0.9704919301607371,0.9432628256129658,0.9576735770276548,0.9704919301607371,0.9540615556502021,0.994242084296447,0.9602211523225768,0.9138808918740073,0.9094222802137255,0.8357840905673565,0.7929013742794153,0.9517679141853161,0.8282344908280386,0.7988652819601519,0.9589316626844853,0.9643133649175286,0.9676769377237681,0.9589316626844853,0.9589316626844853,0.8420957316791524,0.9602211523225768,0.9564441004788364,0.9774358012844694,0.9602211523225768,0.948467140918744,0.959385510350397,0.967275815149292,0.9629078616894173,0.6565306357972032,0.7838845141374107,0.9589316626844853,0.8402999971050356,0.9545911390185763,0.9836543654419934,0.8622328790603682,0.9602211523225768,0.9273099638694313,0.9629078616894173,0.9484671409187437,0.9490399658550024,0.9281978840490721,0.967275815149292,0.9535979799037622,0.9132268973805198,0.9336347991328913,0.9506503681784946,0.9602211523225768,0.9592096814182647,0.9383422423783936,0.9998220154184708,0.9110812357914191,0.9053808215188041,0.967275815149292,0.945305581259918,0.9629078616894173,0.9774358012844693,0.9358928905254469,0.9602211523225768,0.7929013742794153,0.9507653510800258,0.9688473520249221,0.9845936208218335,0.9564441004788364,0.952904481298952,0.9190463040236206,0.9644928340620881,0.9158282222879528,0.8153105908663696,0.9602211523225768,0.9602211523225768,0.9857418255557402,0.9045448781262266,0.9723047356695362,0.8836456641177746,0.9545130974694751,0.9273449960602136,0.8746288432976694,0.8368665707797875,0.9473991727811975,0.96690576067579,0.9602211523225768,0.8390890544952976,0.9643133649175284,0.9704919301607371,0.8677629859955873,0.967275815149292,0.8011999848286608,0.9602211523225768,0.9602211523225768,0.8240313055654187,0.9602211523225768,0.8175324891292571,0.9517679141853161,0.8880166939342053,0.9212094218042226,0.9961565139931365,0.9686270243184087,0.9076835051332843,0.8830381436111516,0.9602211523225768,0.9336347991328913,0.9293402910856172,0.9615452872130623,0.4419039020006519,0.7374969182837691,0.8640841484546393,0.9299882837258,0.9354957453078969,0.9615452872130625,0.9289368665380615,0.9602211523225768,0.8070018837678946,0.9902416640337588,0.936537770653219,0.9003549758958829,0.9347047318862409,0.9540615556502021,0.8280147088658023,0.8855324042412522,0.9657671730030435,0.9406931680153552,0.790512006967627,0.9564441004788364,0.9688473520249221,0.9967052595559542,0.8633729523864078,0.8232442102979085,0.944822971910948,0.9589316626844853,0.9300810290830976,0.9442782351269043,0.9592096814182645,0.9950331250804818,0.9209839463193068,0.9872125588573131,0.9704919301607369,0.9704919301607369,0.9238013891436971,0.8385562148702536,0.9650737860076908,0.7929013742794152,0.9688473520249221,0.9788198231857258,0.7011707726698926,0.868629248060816,0.9552408029353749,0.9589316626844853,0.8098030425665007,0.9169502243571082,0.9615452872130623,0.9598858189759889,0.8455205797886556,0.9929714578327732,0.9864581638200874,0.9602211523225768,0.9152641503417578,0.9574863565447539,0.8461628292403134,0.9688473520249221,0.7301772381554027,0.9484671409187437,0.88718959219572,0.9602211523225768,0.8320351042588818,0.8836456641177746,0.9484671409187437,0.8308063456911843,0.8435269703732845,0.859159597892379,0.9643133649175284,0.8488946792124082,0.9319982236038631,0.9907261604394146,0.8451155112420425,0.9495505106234361,0.8771692991060438,0.9704919301607369,0.9495505106234361,0.9574863565447539,0.9674296364846788,0.945305581259918,0.8277973742576533,0.9723047356695362,0.8875131169682251,0.7929013742794151,0.9589316626844853,0.8983363361253105,0.8913167644457047,0.9186457666042602,0.9277968752742772,0.8393229587602622,0.9602211523225768,0.8472934977968183,0.8929627841467682,0.9393074128728371,0.9602211523225768,0.9384438915290361,0.8225297836387611,0.967275815149292,0.9836543654419933,0.9589316626844853,0.9555440044522299,0.7999458096653718,0.919497451312518,0.9327624037197983,0.9201010496971589,0.9836543654419933,0.889432688946328,0.9602211523225768,0.6326725516297493,0.9602211523225768,0.967275815149292,0.9064142711340988,0.9528733312996049,0.9704919301607371,0.8785627385841392,0.9875231939611644,0.9758773877370216,0.9393074128728371,0.9602211523225768,0.8365658780959979,0.9323320600699363,0.9980313350904846,0.8230833259602451,0.9872125588573133,0.9643133649175286,0.9412650880954541,0.7108923180988596,0.9345618542101832,0.9928483866263512,0.910235092960733,0.9345618542101832,0.9393074128728371,0.9643133649175286,0.9102521474185266,0.9345618542101832,0.9704919301607371,0.990227237828481,0.8687412470205869,0.9102521474185266,0.9589316626844853,0.9434430901748678,0.9484671409187437,0.9152641503417578,0.9336347991328915,0.9168592415074227,0.9857418255557404,0.945305581259918,0.8011809317019497,0.6317585100409351,0.9243487433448527,0.9393074128728374,0.922933964066333,0.9459009791418808,0.9651315074928518,0.9281978840490723,0.945305581259918,0.868741247020586,0.9629078616894173,0.922933964066333,0.9914181898502344,0.9432628256129656,0.9432628256129658,0.9698382173897016,0.9643133649175286,0.9657671730030435,0.9839880716740321,0.9422586572762628,0.9838278836587921,0.9354957453078971,0.9412650880954538,0.9618003188620423,0.9506503681784946,0.9984192168061299,0.9574863565447538,0.9835038526990236,0.926884616571659,0.9317998283510542,0.9220700353609517,0.9586559817779832,0.9657671730030435,0.8420957316791524,0.9863695868970659,0.9463456194504825,0.8917979759263722,0.9382889399640055,0.9686270243184085,0.9816432122925509,0.9887794382565893,0.952904481298952,0.991221459624178,0.9589316626844853,0.9185177899680335,0.9940786013624601,0.9629078616894176,0.9615452872130623,0.9550108469657217,0.9432628256129654,0.8616993128705422,0.9203519494821839,0.9725792300960261,0.9907459731648101,0.9576735770276548,0.8866592451518315,0.983968315017591,0.9203222717282119,0.9238013891436971,0.9629078616894173,0.9532573045342175,0.985927565404734,0.9657671730030435,0.9616288436298464,0.9881161094061226,0.8687412470205869,0.9688473520249221,0.9976243215493139,0.967275815149292,0.8889550707191892,0.9657671730030437
p133_M,0.8703950637861857,0.8744831409853471,0.6704803039722536,0.9534956790158267,0.9962604064950795,0.8852493927538767,0.9453776544117347,0.8995736050207906,0.6113738810602687,0.74285042539276,0.8948411555416447,0.8956859069607283,0.9836926141722804,0.7850367980772612,0.8755135161284731,0.8753672951924685,0.9698077026919336,0.7913495263156978,0.9827558590699044,0.9166835378272546,0.6736669520228575,0.8124356772187871,0.8528224833278104,0.8070999688196363,0.8080897785000025,0.813072233987008,0.8306203710906808,0.7180968827077265,0.9166835378272546,0.8466672037801366,0.8609834943545885,0.927891976022363,0.880293387833335,0.9018752273373505,0.9962604064950795,0.8727426055411927,0.8815889130882113,0.8259410028852323,0.7564255978266244,0.7873050390084446,0.6936002001320853,0.7787220769438531,0.9250632826893765,0.7837192346502131,0.9419702363716833,0.6888576851369526,0.855756563598304,0.7422672465945108,0.7873050390084448,0.582685266275268,0.8054291866972146,0.5699647823374954,0.836341542204496,0.8479191510020667,0.9838256497964106,0.8058647575691209,0.9911416000294788,0.8453085223330421,0.7622767519167313,0.8354015438796933,0.7208843947385757,0.623634165041913,0.7898029257695207,0.9023514874520437,0.8668758171222235,0.572993044961633,0.89455712136231,0.682402605793224,0.7782272604281428,0.9088679893884184,0.7602260951985627,0.7873050390084446,0.9962604064950795,0.3754298628073436,0.8453085223330421,0.6542221962556176,0.8124356772187868,0.8428507484980066,0.6312690293156957,0.8852493927538769,0.7672211986747091,0.8718048700433565,0.7754561997159459,0.9076960674031378,0.8453085223330421,0.7491566735405868,0.9906910241769782,0.8230429668156279,0.885947373872601,0.8402939714046165,0.8453085223330421,0.6870766246334195,0.7826275311962174,0.6594729089912397,0.8631024236475755,0.9350373688519851,0.663956089506978,0.6898734394767863,0.5394224015268685,0.5045262017577158,0.7833099084134094,0.855756563598304,0.8453085223330432,0.7113307625127203,0.8011091565907492,0.8727426055411924,0.717323910639974,0.5102616707516134,0.9921546135864782,0.36468336858532313,0.6374141836127907,0.9916377529077619,0.6832542446928556,0.8552812681008723,0.855756563598304,0.5842075074976948,0.9807391009184676,0.76600355598655,0.8852493927538767,0.6281225272406128,0.9570580562743765,0.7952324364292735,0.8080897785000025,0.9474362202702882,0.954234683838113,0.6533683595918964,0.8504578012789958,0.9875563487379608,0.9869718167572021,0.9828975878302718,0.6766125590424001,0.8879294594533995,0.8612222667022571,0.8758672676331244,0.8584578374109315,0.8203354297693921,0.7466357544434763,0.8612222667022575,0.8945571213623098,0.8639560978502498,0.5882201537380434,0.878853978185034,0.7065588190286336,0.684616336683251,0.8195253391082153,0.6676935767537682,0.9087258965815566,0.4613578332671997,0.7546466064814386,0.4506439099697519,0.878853978185034,0.5750193616357036,0.9323160161660597,0.8892324585255638,0.9278919760223632,0.8462562773834621,0.7310858516750622,0.8161562008720782,0.7627135361247277,0.6830436341608004,0.8973219473044847,0.9201023553084944,0.8236680713869198,0.5182365450245596,0.7383935365719747,0.7455249696999711,0.7555085421050046,0.7457880219620745,0.885013979630483,0.4441090146750525,0.7639794379599407,0.840293971404616,0.9234770525623448,0.7257254067540639,0.8919716716903021,0.7212962394162539,0.9088679893884184,0.8839010387754608,0.8592550564486072,0.7509153416000762,0.9063642082625096,0.7850967152735864,0.9186390033476763,0.9576362476866846,0.9166956291133694,0.6257789007819952,0.5563239717790187,0.7346608970925668,0.8213551610187866,0.8317539034743853,0.879052916414743,0.790731445713156,0.5117008174131854,0.3420434235491213,0.8302831695657293,0.8453085223330421,0.7137066333919899,0.9210652057913624,0.9175128122831238,0.6351679543467108,0.6822631902422651,0.9869718167572021,0.8453085223330421,0.644369440389462,0.4458982765797568,0.7806799850349809,0.8453085223330421,0.925071966421203,0.7470268199894408,0.5883481652127899,0.6768285502934381,0.728552002019483,0.8402939714046156,0.8453085223330421,0.8393690931431455,0.8453085223330433,0.6650840358778585,0.6323174390971813,0.6487669866790577,0.8453085223330421,0.7078809050562842,0.8453085223330421,0.7306189742072411,0.951665055474996,0.7455249696999708,0.6374141836127909,0.8557565635983035,0.3368676808208617,0.8925106518208059,0.8528224833278102,0.6527982819066382,0.8232873768149498,0.8528680194507845,0.7528163950686992,0.8612222667022571,0.9584809876679841,0.8544374371001187,0.9350052413014642,0.8412951876648758,0.8649622039098555,0.7863386146295782,0.7518176341055607,0.6670166624081613,0.7648347005325178,0.8453085223330421,0.8336693272015964,0.8453085223330421,0.8398640766926444,0.741919849688756,0.9612268306824159,0.953938460437813,0.3368676808208617,0.7137066333919899,0.63913013854046,0.8080897785000023,0.6904551550734381,0.9988219696289207,0.7265025662758848,0.6938228944303618,0.6846163366832512,0.8653556110583953,0.3668473758170653,0.8402939714046165,0.9708005919631293,0.6134480137760834,0.7564255978266244,0.7625301043922673,0.7218946388850338,0.8191038684576517,0.8539020097627188,0.7104349257672007,0.8945571213623102,0.5382462205778309,0.4972381801931487,0.6658317102856064,0.8727426055411924,0.485694125937261,0.930941028140886,0.8718048700433567,0.9995198930586716,0.8727426055411924,0.957353450759477,0.3920294984326458,0.8906330415823303,0.6902656726558183,0.785036798077261,0.8557565635983038,0.7934409100797526,0.35557939469077704,0.8354015438796933,0.8557565635983042,0.8879294594533991,0.3995365868902945,0.8727426055411927,0.5187945816650161,0.6736991449023718,0.650989690655523,0.982475165178184,0.8727426055411927,0.845308522333043,0.8789147099104677,0.8354015438796933,0.9278919760223632,0.36150262388749177,0.8088684566944505,0.8879294594533993,0.810207456733951,0.956487170526528,0.45066571487586526,0.6954629264256339,0.6986669466296075,0.8102256882329988,0.8222874930772948,0.7392765583653408,0.673002610217242,0.9166835378272546,0.7010526633867122,0.9923426571116956,0.9559389701239638,0.8059945119496472,0.7242483248377702,0.8225144778507427,0.8453085223330421,0.9945616853424681,0.97059376922407,0.791349526315698,0.8727426055411924,0.9708005919631293,0.8402939714046156,0.8453085223330421,0.9921546135864782,0.9827558590699044,0.8852493927538767,0.8788811009741493,0.8352958688639165,0.7995996720587013,0.9721034599974785,0.3697206044890058,0.4924372564241444,0.9079675824567623,0.8751208799002067,0.5432515899538242,0.7581686861405529,0.9221874848428772,0.5715636336915499,0.727057009265453,0.781049907321789,0.8852493927538767,0.3530333031720917,0.752816395068699,0.30317694341523227,0.830620371090681,0.8402939714046165,0.8642160879780119,0.7631784929239953,0.35557939469077693,0.3901096698880727,0.448004774858219,0.8453085223330421,0.5941117311584845,0.8290697506927514,0.7565056600756235,0.7491566735405868,0.878853978185034,0.0,0.8453085223330421,0.8453085223330421,0.8004514419324503,0.5934381245949799,0.57094331859958,0.8453085223330433,0.9166835378272546,0.845308522333043,0.7850367980772607,0.6869427110255242,0.43291641995092733,0.8453085223330432,0.7677675481124799,0.8633657763496987,0.48912708823323947,0.41599245311827215,0.8453085223330421,0.6538040152804543,0.7455249696999708,0.3721303345084648,0.5191597580519833,0.8744114737156556,0.7821897872211012,0.8557565635983042,0.34553762019030587,0.8453085223330421,0.4739060656881042,0.8844267591856496,0.780771099187064,0.724831241709093,0.9938866396749274,0.4992524316735065,0.8259410028852325,0.8453085223330421,0.941645608792272,0.7314616744573099,0.8453085223330421,0.9976158155605332,0.6232496896659074,0.7119471565849329,0.4506657148758648,0.3745637839822472,0.8453085223330421,0.7911806355469508,0.468357395770604,0.8668758171222235,0.6894172387977864,0.5695345196543065,0.602264519707464,0.7041310630445539,0.70066358584184,0.855756563598304,0.9815808258840134,0.5238860683164841,0.8283175748678031,0.4725451223440619,0.7979810867596184,0.6061154680079255,0.9263372087078323,0.8612222667022569,0.7913495263156982,0.8453085223330421,0.9088679893884184,0.7709356437707044,0.5682518468655494,0.9751828268492605,0.8460362824838279,0.8639560978502498,0.8035333793575876,0.9749822485158572,0.8639560978502501,0.9208363590634638,0.9056892759978576,0.8479191510020669,0.6783175599874449,0.8505534249810682,0.9449933732356441,0.4521630327646068,0.9166835378272546,0.8333129691985712,0.9998519340878549,0.757709033518333,0.9142958754806105,0.8788539781850342,0.8336542363192356,0.6584993107530264,0.7700582279392507,0.7954465711283285,0.9397609250460666,0.7392683377271299,0.8879294594533993,0.9965634851350167,0.9932728688879773,0.948602594113495,0.8477364707151382,0.8193134627880123,0.9468315625852828,0.8393703128756635,0.5536046743108878,0.5270338059162665,0.746633967672844,0.830620371090681,0.7482033674924595,0.7661829698301115,0.7095865591070429,0.7912375393615874,0.8773273917878177,0.45774360240182244,0.9751828268492605,0.5907038975487425,0.8153059386898057,0.8008875416489645,0.7093550363348489,0.855756563598304,0.9313626834381552,0.6182271179149053,0.8897478654628075,0.9236891064479911,0.8382543236810014,0.7689823398373925,0.6988595109034312,0.9361590003494942,0.8051225416546708,0.8584578374109315,0.8306203710906812,0.9945616853424688,0.76600355598655,0.7715924205036864,0.48214208415515003,0.7347840386159992,0.8402939714046158,0.8402939714046156,0.831307192498341,0.7677700366499792,0.830620371090681,0.6093083056936076,0.8453085223330421,0.9015174087358591,0.8453085223330421,0.8453085223330421,0.4382306939485976,0.9756431574521378,0.752816395068699,0.8453085223330421,0.6085478148289465,0.4836384518350233,0.9974465148496587,0.9193329437817408,0.6538040152804543,0.618234424362865,0.9761037202380896,0.8336693272015964,0.6097511206404842,0.7392399175299516,0.7817344559017074,0.8668758171222237,0.7688163827260855,0.6658317102856064,0.7252116477977479,0.7715924205036864,0.9022970723742576,0.7933892545030736,0.8885348489164723,0.8668758171222237,0.7176964813354536,0.855756563598304,0.854667952321678,0.805588579299374,0.913733057774945,0.8773273917878179,0.5522323571983226,0.7890963332331149,0.6844181364628577,0.9998519340878547,0.9352461508054248,0.7581686861405526,0.9142958754806105,0.8504578012789961,0.9523346160189436,0.6482002216830074,0.6496130257099106,0.8945571213623098,0.6504057273614541,0.8631674993865631,0.7005070097152954,0.663956089506978,0.8696295404751329,0.3721303345084648,0.7754561997159459,0.8852493927538767,0.4349078256579447,0.5634706587324825,0.7269037434337784,0.4667398474160347,0.8379007267842431,0.6390435234724677,0.7434545362850868,0.8453085223330421,0.8612222667022569,0.7776944546624263,0.9735492166725133,0.7368868808854041,0.7801235297339182,0.7648347005325178,0.8411908676646682,0.5397345887481799,0.8038126664077958,0.3651365050240384,0.8788539781850344,0.4493456228938626,0.8712020127619847,0.5059541274260879,0.8639560978502501,0.9346457727814363,0.7692466542002011,0.7812316443288949,0.82366807138692,0.7336537790724175,0.8341049637536848,0.42320552436343895,0.5253819063322647,0.7934409100797521,0.610140112683689,0.5918570017398055,0.6232384980864132,0.9545130974694751,0.9079675824567623,0.8693621924380662,0.6870584388312793,0.8692578551242024,0.9087258965815566,0.8402939714046165,0.548159865032851,0.5295051157107538,0.9648771726248764,0.5445923243786648,0.9833789571262197,0.7491566735405868,0.7455249696999708,0.8900757604456215,0.9818626266609313,0.7715924205036864,0.9422157116080984,0.8111643310885124,0.8428507484980061,0.9836926141722804,0.8612222667022569,0.8852493927538769,0.8453085223330421,0.7800016823041923,0.5901486341653803,0.5128633226917747,0.7565056600756235,0.8453085223330433,0.530908093990057,0.5187596913827683,0.7573506530142934,0.785036798077261,0.707067373258758,0.6704803039722531,0.6556058845338907,0.8998635461811999,0.8015862253553037,0.8962198933663859,0.6673458349502248,0.6672143803336503,0.866875817122224,0.703679809804524,0.9911416000294788,0.8879294594533991,0.8008875416489643,0.9250632826893768,0.6205630319738811,0.8354015438796933,0.9250632826893765,0.8213551610187866,0.9411938525033876,0.8754988991654504,0.6292776555701461,0.6637032584808291,0.8743797075282272,0.8527877093428844,0.9074487775611982,0.5393247582193028,0.4268084243612702,0.8402939714046165,0.9278919760223632,0.8306203710906808,0.8402939714046165,0.8402939714046165,0.8746899401018584,0.8453085223330421,0.8074925667460617,0.9148860517099924,0.8453085223330421,0.7995996720587015,0.6672143803336503,0.9811187570828699,0.855756563598304,0.9015174087358588,0.9749822485158575,0.8696295404751337,0.6002211598458793,0.44144628304046774,0.7796038897720784,0.49449521303127486,0.8453085223330421,0.7173239106399738,0.8557565635983038,0.8718048700433565,0.48461578199809274,0.7207768433582065,0.8727426055411924,0.8504578012789961,0.6925212017162001,0.9828975878302719,0.8330592294891925,0.9056892759978574,0.9777906175295894,0.8018220923103423,0.8364319649404615,0.8202725635618406,0.8688459520198257,0.8727426055411927,0.8102074567339503,0.8557565635983042,0.8276609219349842,0.5991403349585113,0.8453085223330421,0.9056892759978574,0.6413224670409747,0.7428504253927604,0.6014246630855022,0.830620371090681,0.8168555449761876,0.4527838483013338,0.8639560978502498,0.5713707708253535,0.33363735750697665,0.8453085223330421,0.8453085223330421,0.9912427346323338,0.6611810599721988,0.8282396575336457,0.6968029666649738,0.4302306079664572,0.5299115847281595,0.5947511106247547,0.3838666384557571,0.7954465711283287,0.4233140794340038,0.8453085223330421,0.9700864819897079,0.8612222667022569,0.7564255978266244,0.485758379315282,0.8727426055411924,0.529175798534343,0.8453085223330421,0.8453085223330421,0.38044786217363225,0.845308522333043,0.39408374419074543,0.8124356772187873,0.5645207415301638,0.6936002001320851,0.9127113681766144,0.8849555468420471,0.37770900300302745,0.6576593535158239,0.8453085223330433,0.741919849688756,0.3240496975126226,0.8504578012789961,0.9449933732356441,0.9926482049612217,0.8883037011597182,0.9166665444968229,0.7491566735405868,0.9938866396749272,0.6717877424994354,0.8453085223330421,0.5228280913216339,0.9901701454072509,0.732333759738029,0.7637539819484545,0.5901486341653801,0.806748979215291,0.6566611657662411,0.5690436740140301,0.8213498583550598,0.9836367685882649,0.6335796979112325,0.9745173646675651,0.8788539781850342,0.7727586394590048,0.8611574509681621,0.5023710434875741,0.7387594773771091,0.8696295404751337,0.7495560361590579,0.6302640135381012,0.8008875416489643,0.9486019250189791,0.8360533776976246,0.7615757470088254,0.8758672676331246,0.9554950475041241,0.703679809804524,0.9763459093546183,0.6691192808944515,0.7924069556780698,0.8788539781850342,0.8379007267842431,0.907448777561198,0.5432041377358932,0.8531171953592842,0.7490080616081409,0.9685867508737677,0.8019059240770329,0.682575521582774,0.7092696944819865,0.970085689418362,0.8179713149528313,0.8621169227361445,0.8453085223330421,0.6704803039722533,0.9131684630076987,0.6536079826410264,0.74285042539276,0.9916377529077619,0.8634427373462427,0.7896192094843126,0.8453085223330421,0.48288388091330403,0.4349078256579446,0.9837847339873332,0.3603745257097203,0.34863018489565456,0.3706094367316233,0.89455712136231,0.6360887785730507,0.9729979035639413,0.9889228641265909,0.46299296758450403,0.8038126664077958,0.5361483511652176,0.8852493927538767,0.8528224833278106,0.845308522333043,0.9493342264401614,0.8789147099104677,0.587623314691924,0.9048463830468084,0.4889399175033995,0.8829780861752916,0.8402939714046165,0.6129185851276424,0.5773540138252462,0.70066358584184,0.4498363951843657,0.38816881385297974,0.8453085223330421,0.43730078385330506,0.5837550343347209,0.7639794379599407,0.8453085223330421,0.32172606644341706,0.9346457727814363,0.8727426055411924,0.9753470256278476,0.8696295404751337,0.6017221465084501,0.9294187750744478,0.9613471139399272,0.9911416000294789,0.832084990506059,0.8528224833278106,0.4303599417892312,0.8453085223330421,0.8650383461807647,0.8453085223330421,0.7298781721393243,0.6550282233373796,0.6349039671406516,0.7564255978266244,0.8301357925917209,0.6066657286268158,0.6928250970729632,0.7639794379599407,0.8453085223330421,0.6997171692269577,0.46802749840732927,0.6435969616088668,0.8148187834615366,0.7419198496887554,0.9278919760223632,0.7715924205036861,0.720341608992275,0.8647201136093716,0.6582140538659291,0.5052376752783738,0.8647201136093716,0.7850367980772612,0.8612222667022578,0.6670166624081622,0.8647201136093716,0.7564255978266244,0.954234683838113,0.8693621924380662,0.6830436341608006,0.8402939714046154,0.6563552536303694,0.8236680713869198,0.7320521522257636,0.7615757470088251,0.7796038897720783,0.7753085536873257,0.6172321001284038,0.9869718167572021,0.8310536288648297,0.8493414949473115,0.7639794379599407,0.7179638445774836,0.6812591733778002,0.887291317760904,0.7207768433582067,0.856012292184962,0.7759688570104208,0.8879294594533995,0.8052899626835283,0.8283116968224695,0.8205882890522402,0.8682613110480899,0.9175128122831242,0.927891976022363,0.8668758171222237,0.9589720789557243,0.8082242366088142,0.6819370590111065,0.7286474707483082,0.7715924205036864,0.8543891273348373,0.9079675824567623,0.8909718899573565,0.8453085223330428,0.7616297349141019,0.6748923436651373,0.9273827293095147,0.7773163597322332,0.9205599967372222,0.9945578164232356,0.8137531675852787,0.979442203744615,0.836341542204496,0.8584578374109315,0.841190867664668,0.9371433686720367,0.9840283269623175,0.9823188638972926,0.8168555449761878,0.9547867626673436,0.8696295404751326,0.8004730608117432,0.7913323562302021,0.8557565635983038,0.8815889130882113,0.6366947378850192,0.7983632604879775,0.8879294594533993,0.8606821674513194,0.4523603440918532,0.7764557767472204,0.8639560978502498,0.8354015438796933,0.5645245454703243,0.9440100680280117,0.721474073765827,0.9512060612711243,0.5070505200303148,0.7995996720587011,0.8668758171222237,0.5914108958084288,0.913733057774945,0.8815889130882111,0.7806799850349806,0.8201202415073898,0.8021289398337758,0.9120733295220458,0.866875817122224
p134_V,0.7524297972473161,0.9413411539914585,0.8918007079504506,0.9225015741707872,0.9492063492063487,0.9623211158059548,0.7050163519970581,0.7509151724713103,0.9038142386822647,0.960221152322577,0.9398636845831869,0.9475597985845114,0.9475597985845114,0.9225015741707872,0.9106019687464653,0.5567710364845595,0.944383427890573,0.9314886672615048,0.9582144552981327,0.960221152322577,0.8875255844205965,0.938412400887346,0.935580996038617,0.9508971383859763,0.9369854052620163,0.9314886672615046,0.944383427890573,0.916441965519317,0.960221152322577,0.7739436107925906,0.9250013316406693,0.9544316996038,0.9428469360414609,0.9188361382271659,0.9492063492063489,0.9582144552981327,0.9508971383859763,0.9428469360414602,0.9623211158059548,0.930160641445072,0.8993922310882436,0.932833950574053,0.9623211158059548,0.912915131908919,0.9443834278905732,0.8474513194974065,0.9526370111116405,0.9004911494084333,0.930160641445072,0.8918007079504506,0.9544316996038,0.8495864161552136,0.9314886672615046,0.13408370177867746,0.9428469360414604,0.9288488221297497,0.9288488221297497,0.0,0.7383793872014479,0.9459533477380775,0.9060540201833016,0.831146423199498,0.931488667261505,0.8993922310882436,0.9562880686171875,0.8244397822834253,0.9544316996038,0.6473831763250288,0.7698078233874499,0.9582144552981327,0.92126914699118,0.9301606414450723,0.9492063492063487,0.8266892096935958,0.0,0.8864622842804517,0.938412400887346,0.9398636845831867,0.8233095582802461,0.9623211158059548,0.9398636845831869,0.9341976401680094,0.31108550994831163,0.9314886672615048,0.0,0.9176344520056336,0.938412400887346,0.8046479448175341,0.8939536575643376,0.03139863267861631,0.0,0.8918007079504506,0.831146423199498,0.8548949080074899,0.31108550994831163,0.48955645159511163,0.8896584524348263,0.8875255844205965,0.8198957816506434,0.8187498553347687,0.9288488221297497,0.9526370111116405,0.9492063492063489,0.8580633769736241,0.6072669396673074,0.9582144552981327,0.907182019415572,0.7973204052495684,0.9369854052620166,0.8289245259008584,0.8759110188590657,0.9328339505740528,0.8070467719220202,0.9094556823349389,0.9526370111116405,0.7833099084134079,0.9413411539914585,0.9582144552981327,0.9623211158059548,0.8580633769736241,0.9129151319089193,0.885400876353422,0.9369854052620166,0.9250013316406696,0.931488667261505,0.7554264789789613,0.9508971383859763,0.6339927913026551,0.9475597985845114,0.9152582079543838,0.8727631680356085,0.9526370111116405,0.9544316996038,0.9623211158059548,0.944383427890573,0.8453085223330421,0.879064442044788,0.9544316996038003,0.9544316996038,0.06018876900101988,0.8046479448175343,0.960221152322577,0.8244397822834253,0.8717146038820363,0.8875255844205967,0.9106019687464659,0.892875760974867,0.8420784215528956,0.9301606414450723,0.7583810530554915,0.9602211523225768,0.9060540201833014,0.8559522762859688,0.8811713725919912,0.9544316996038,0.9301606414450725,0.8950345750758599,0.9140827360776209,0.8938851835250172,0.5567710364845593,0.7367566674079002,0.9526370111116407,0.9341976401680094,0.7431708752992887,0.8972062142375332,0.9164419655193166,0.8612222667022558,0.8993922310882436,0.9262700211315917,0.8453085223330423,0.9225015741707872,0.9475597985845114,0.9288488221297495,0.6783615558233287,0.8538362113124116,0.8780124908814328,0.9582144552981327,0.6072669396673073,0.9200475251844384,0.5526275082095409,0.9117550006367756,0.8885909234541711,0.9288488221297497,0.9475597985845114,0.6394614409405057,0.8538362113124116,0.8580633769736241,0.9015943008452869,0.13408370177867734,0.9237454173815312,0.9459533477380775,0.903814238682265,0.8221755430097122,0.7897778653703145,0.9060540201833014,0.0,0.9508971383859763,0.9459533477380777,0.4895564515951115,0.8355526955775656,0.8918007079504506,0.9475597985845114,0.0,0.8685695845092951,0.7897778653703145,0.960221152322577,0.0,0.6951973979147161,0.9152582079543841,0.8864622842804517,0.6447787703816181,0.9049315186013059,0.9475597985845114,0.0,0.6473831763250286,0.0,0.8117838598171898,0.8388272306091986,0.8355526955775657,0.0,0.6339927913026551,0.0,0.7050163519970583,0.9071820194155717,0.9164419655193166,0.8759110188590655,0.9526370111116407,0.7711949776746383,0.06018876900101888,0.935580996038617,0.9384124008873462,0.9060540201833014,0.7554264789789611,0.9188361382271666,0.9544316996038,0.4951319232791844,0.8907283270583697,0.9027019168030599,0.897206214237533,0.9152582079543838,0.9152582079543838,0.944383427890573,0.885400876353422,0.9459533477380777,0.0,0.9027019168030597,0.0,0.7334713952978886,0.9152582079543841,0.9544316996038,0.9275522446953854,0.7711949776746383,0.9508971383859763,0.9140827360776205,0.9369854052620161,0.892875760974867,0.9398636845831869,0.8612222667022562,0.9526370111116405,0.8717146038820363,0.8717146038820349,0.8442340263447974,0.03139863267861631,0.9562880686171873,0.8289245259008584,0.9623211158059548,0.8333555867103808,0.8333555867103808,0.24376003609304187,0.8706662210952574,0.8748612665230131,0.9544316996038003,0.848519788337875,0.7973204052495684,0.7780046509581313,0.9582144552981327,0.8289245259008584,0.9140827360776214,0.9341976401680094,0.9015943008452874,0.9582144552981327,0.8517144868263773,0.8141237078825918,0.9562880686171873,0.8982973238138026,0.9225015741707867,0.9526370111116407,0.9188361382271666,0.8070467719220202,0.9459533477380775,0.9526370111116405,0.9526370111116407,0.7985559379258667,0.9582144552981327,0.7985559379258667,0.6499526646778642,0.885400876353422,0.8442340263447972,0.9582144552981327,0.9492063492063487,0.930160641445072,0.9459533477380777,0.9544316996038003,0.8022278398026612,0.8982973238138026,0.9526370111116405,0.9301606414450723,0.9164419655193172,0.7250134267509765,0.9094556823349389,0.8843412180810755,0.6848496741376313,0.7923174570100686,0.6911250629978627,0.8727631680356077,0.9602211523225768,0.903814238682265,0.9602211523225768,0.9188361382271668,0.9152582079543841,0.9094556823349389,0.9526370111116405,0.0,0.9544316996038,0.9027019168030597,0.931488667261505,0.9582144552981327,0.9562880686171873,0.9475597985845114,0.0,0.9369854052620163,0.9582144552981327,0.9623211158059548,0.9106019687464655,0.823309558280246,0.9341976401680094,0.9544316996038003,0.8333555867103808,0.8289245259008584,0.9369854052620166,0.9428469360414611,0.8409971458279799,0.9526370111116405,0.9188361382271659,0.8117838598171898,0.9413411539914587,0.9106019687464657,0.9623211158059548,0.7655931084723666,0.9188361382271666,0.7780046509581313,0.944383427890573,0.03139863267861631,0.92126914699118,0.885400876353422,0.8070467719220202,0.8082384637825222,0.8187498553347687,0.0,0.8538362113124116,0.9176344520056336,0.9200475251844387,0.9176344520056336,0.9602211523225768,0.8453085223330421,0.0,0.0,0.930160641445072,0.903814238682265,0.8591172857456586,0.0,0.9602211523225768,0.9492063492063489,0.922501574170787,0.8972062142375332,0.7897778653703145,0.9492063492063489,0.9237454173815309,0.938412400887346,0.8322525541058978,0.9634411459729271,0.0,0.8811713725919912,0.9164419655193168,0.7766590274917047,0.9952327064015152,0.9237454173815312,0.8704033497109469,0.9526370111116405,0.7960789049353036,0.0,0.7973204052495684,0.9314886672615053,0.8591172857456586,0.8300371089395653,0.9508971383859763,0.831146423199498,0.9428469360414606,0.0,0.8961186971729789,0.7399891659895361,0.0,0.9237454173815309,0.7948313236856197,0.8420784215528956,0.8152867967569688,0.8022278398026612,0.0,0.7698078233874488,0.8559522762859684,0.9562880686171873,0.6574604645689301,0.7250134267509767,0.907182019415572,0.908315805590151,0.8961186971729789,0.9526370111116405,0.8982973238138026,0.8864622842804517,0.935580996038617,0.8527760996057683,0.8738120195914167,0.8706662210952574,0.21151139151266862,0.9544316996038,0.9314886672615055,0.0,0.9582144552981327,0.9015943008452869,0.8129560940834346,0.9398636845831869,0.9275522446953854,0.06018876900102055,0.7478523304650295,0.9508971383859763,0.06018876900102055,0.9398636845831869,0.9492063492063489,0.9413411539914582,0.879064442044788,0.903814238682265,0.9582144552981327,0.8463809254714867,0.9602211523225768,0.9413411539914582,0.935580996038617,0.801009545737682,0.938412400887346,0.9602211523225768,0.7997856146881548,0.9164419655193166,0.5305546844946969,0.24376003609304187,0.938412400887346,0.9027019168030597,0.9526370111116405,0.9188361382271666,0.8993922310882436,0.8769613888066743,0.9341976401680094,0.8993922310882436,0.9398636845831869,0.9250013316406693,0.6827113291147924,0.7725735218970409,0.9049315186013058,0.9443834278905732,0.8141237078825918,0.8907283270583697,0.9225015741707872,0.9341976401680094,0.21151139151266984,0.8175997772209664,0.9398636845831869,0.8517144868263774,0.9341976401680094,0.9152582079543841,0.7539334992316542,0.9526370111116405,0.8453085223330421,0.7143607147557585,0.9176344520056336,0.8993922310882432,0.9582144552981327,0.7301312695908229,0.8918007079504506,0.9562880686171875,0.9164419655193166,0.944383427890573,0.944383427890573,0.9544316996038003,0.9582144552981327,0.9250013316406696,0.8255663034700989,0.9129151319089186,0.9475597985845114,0.9475597985845114,0.7125274559321444,0.9071820194155717,0.08671734220308636,0.8717146038820361,0.0,0.9562880686171873,0.0,0.0,0.8187498553347687,0.2115113915126693,0.9188361382271664,0.0,0.7334713952978882,0.8377384241745145,0.4006068367505189,0.8527760996057685,0.8811713725919912,0.8058499662916012,0.903814238682265,0.47795836130872293,0.8399134433261015,0.9428469360414604,0.8864622842804515,0.4408515443948542,0.9176344520056336,0.7711949776746385,0.6473831763250284,0.9250013316406696,0.9428469360414602,0.9459533477380775,0.7846176027958278,0.9562880686171873,0.8961186971729789,0.9526370111116405,0.9004911494084331,0.938412400887346,0.9328339505740528,0.935580996038617,0.848519788337875,0.9237454173815312,0.9060540201833016,0.9355809960386168,0.7223272158432528,0.9526370111116405,0.17526171623055564,0.9508971383859763,0.9140827360776205,0.8570084033315839,0.8399134433261015,0.4654487838138114,0.8570084033315841,0.5711669571562623,0.77934241058442,0.8896584524348263,0.9475597985845114,0.7766590274917051,0.9262700211315917,0.9623211158059548,0.8058499662916013,0.8463809254714865,0.7876282222528316,0.8034406041869142,0.938412400887346,0.9071820194155717,0.8822265994777512,0.0,0.9544316996038,0.9164419655193174,0.9492063492063487,0.8612222667022558,0.938412400887346,0.9459533477380777,0.9262700211315917,0.831146423199498,0.9355809960386168,0.8046479448175343,0.9602211523225772,0.7935775465776653,0.9398636845831869,0.8664724446651941,0.06018876900102055,0.9428469360414602,0.7143607147557588,0.9152582079543841,0.9341976401680094,0.7806724477786732,0.880117361849238,0.7318083230664854,0.8633240709217587,0.9188361382271666,0.6991852245234744,0.8612222667022558,0.9250013316406696,0.960221152322577,0.9369854052620166,0.9508971383859763,0.8388272306091986,0.9027019168030597,0.525843532183836,0.03139863267861631,0.7960789049353036,0.8409971458279799,0.9623211158059548,0.8790644420447877,0.9526370111116405,0.9176344520056336,0.9164419655193168,0.932833950574053,0.9015943008452869,0.9250013316406696,0.9369854052620166,0.500567215157067,0.9398636845831867,0.9475597985845112,0.9544316996038,0.9623211158059548,0.0,0.9188361382271668,0.8654234385275936,0.8070467719220202,0.9200475251844384,0.0,0.8832831707913575,0.8244397822834253,0.9060540201833016,0.34458474155865637,0.9038142386822647,0.8918007079504506,0.8811713725919912,0.7859181167692968,0.9275522446953854,0.9060540201833014,0.6598989712921809,0.8907283270583697,0.9562880686171873,0.9027019168030597,0.9288488221297497,0.9526370111116405,0.9152582079543841,0.9623211158059548,0.9275522446953854,0.9459533477380777,0.9623211158059548,0.9413411539914587,0.9288488221297497,0.9492063492063487,0.6783615558233285,0.8843412180810755,0.9582144552981327,0.9492063492063489,0.9384124008873462,0.7806724477786728,0.8022278398026612,0.03139863267861631,0.9544316996038003,0.08671734220308558,0.03139863267861631,0.03139863267861631,0.3741839079094693,0.0,0.944383427890573,0.4527606561376478,0.0,0.9341976401680094,0.535161772248302,0.9582144552981327,0.9526370111116405,0.9562880686171873,0.9508971383859763,0.03139863267861631,0.7960789049353036,0.8580633769736241,0.935580996038617,0.8409971458279799,0.0,0.9071820194155722,0.9526370111116405,0.9341976401680094,0.7935775465776653,0.9083158055901508,0.9582144552981327,0.9508971383859763,0.9369854052620166,0.9152582079543841,0.6284764518573093,0.9492063492063487,0.4006068367505189,0.92126914699118,0.9250013316406696,0.6848496741376318,0.9398636845831869,0.9582144552981327,0.930160641445072,0.9526370111116405,0.9071820194155722,0.8420784215528954,0.0,0.9492063492063487,0.8822265994777507,0.960221152322577,0.8377384241745145,0.944383427890573,0.9398636845831869,0.8244397822834253,0.06018876900102055,0.7569089328329721,0.7846176027958276,0.0,0.0,0.40880739824839063,0.6991852245234742,0.9027019168030597,0.8058499662916013,0.8453085223330421,0.8152867967569688,0.8399134433261015,0.7997856146881548,0.9328339505740528,0.8129560940834346,0.0,0.9004911494084331,0.9544316996038,0.9623211158059548,0.831146423199498,0.9582144552981327,0.831146423199498,0.0,0.0,0.7739436107925914,0.9492063492063487,0.7819949015164562,0.938412400887346,0.8570084033315841,0.8993922310882436,0.6856702229525599,0.8993922310882436,0.8344556057285131,0.8506512873935228,0.0,0.9152582079543841,0.8175997772209664,0.9508971383859763,0.9582144552981327,0.5526275082095407,0.7351207557283752,0.43182584581086747,0.9176344520056336,0.9508971383859763,0.8591172857456586,0.0,0.8266892096935958,0.9176344520056336,0.8993922310882436,0.8727631680356078,0.8654234385275936,0.9413411539914582,0.9049315186013054,0.8538362113124116,0.9562880686171875,0.8685695845092949,0.862273520033598,0.9443834278905732,0.9602211523225768,0.9225015741707872,0.2586095064370061,0.8129560940834346,0.9544316996038,0.03139863267861631,0.8759110188590655,0.9288488221297497,0.9152582079543841,0.92126914699118,0.9623211158059548,0.9152582079543841,0.9623211158059548,0.9623211158059548,0.9027019168030597,0.3647019568709454,0.8961186971729789,0.9492063492063487,0.9602211523225768,0.938412400887346,0.938412400887346,0.8322525541058978,0.9428469360414611,0.9475597985845114,0.9288488221297497,0.5210240199989242,0.9508971383859761,0.7684119013812074,0.3833143586062788,0.7125274559321442,0.7447432793600621,0.0,0.8918007079504506,0.9492063492063489,0.758381053055492,0.960221152322577,0.9328339505740528,0.9341976401680097,0.855952276285969,0.0,0.7399891659895361,0.8058499662916012,0.9341976401680094,0.8058499662916012,0.8266892096935958,0.8129560940834346,0.9544316996038,0.7143607147557588,0.6716454483484393,0.8058499662916012,0.7431708752992889,0.9355809960386166,0.6761489807685291,0.9623211158059548,0.9355809960386168,0.9492063492063489,0.8982973238138026,0.930160641445072,0.8388272306091984,0.4779583613087228,0.8106069085572598,0.9492063492063489,0.03139863267861631,0.8420784215528954,0.861222266702256,0.5110414539348817,0.7766590274917051,0.7524297972473162,0.0,0.9856724533720749,0.8633240709217587,0.9225015741707872,0.0,0.8399134433261015,0.9428469360414604,0.9582144552981327,0.2115113915126694,0.03139863267861631,0.9114861522954751,0.9314886672615051,0.897206214237533,0.9288488221297497,0.9083158055901508,0.9355809960386172,0.8129560940834346,0.0,0.9275522446953854,0.0,0.9582144552981327,0.8333555867103808,0.8843412180810759,0.9623211158059548,0.9262700211315917,0.8022278398026612,0.904931518601306,0.9225015741707869,0.0,0.8322525541058978,0.8210376473859937,0.8506512873935228,0.9250013316406696,0.40060683675051967,0.9544316996038003,0.3227392978460525,0.9237454173815312,0.392115299153029,0.8928757609748668,0.7948313236856197,0.392115299153029,0.9225015741707872,0.9544316996038003,0.885400876353422,0.392115299153029,0.9623211158059548,0.931488667261505,0.9508971383859763,0.885400876353422,0.9475597985845114,0.9237454173815312,0.9341976401680094,0.8918007079504506,0.9152582079543841,0.9355809960386168,0.9140827360776211,0.930160641445072,0.9475597985845114,0.9384124008873462,0.7301312695908225,0.9225015741707872,0.9015943008452869,0.8333555867103808,0.42440193597169273,0.9083158055901508,0.930160641445072,0.9508971383859763,0.9526370111116405,0.9015943008452867,0.8939536575643379,0.9275522446953854,0.9275522446953854,0.9004911494084333,0.9544316996038,0.9562880686171873,0.5974763156586966,0.9262700211315922,0.8664724446651935,0.9176344520056336,0.9250013316406696,0.6549904556417999,0.9369854052620166,0.9237454173815312,0.9492063492063487,0.8366469404145511,0.8780124908814328,0.9129151319089186,0.9004911494084333,0.6623067578386677,0.9562880686171875,0.9188361382271666,0.5906675167558797,0.9314886672615046,0.944383427890573,0.926270021131592,0.8993922310882434,0.6040574193889983,0.7598430279509716,0.9398636845831869,0.6739104850582693,0.9475597985845114,0.8832831707913573,0.7143607147557586,0.9526370111116407,0.9508971383859763,0.8864622842804517,0.9275522446953852,0.9526370111116405,0.8982973238138026,0.8633240709217587,0.708808264663793,0.9459533477380775,0.9459533477380775,0.8322525541058978,0.9341976401680094,0.9027019168030599,0.9526370111116405,0.8591172857456586,0.9341976401680094,0.9562880686171873,0.8928757609748668,0.9328339505740528,0.9508971383859763,0.960221152322577,0.8854008763534222,0.9582144552981327,0.7197593917099125,0.9562880686171873
p135_C,0.7524297972473161,0.9413411539914585,0.8918007079504506,0.9225015741707872,0.9492063492063487,0.9623211158059548,0.7050163519970581,0.7509151724713103,0.9038142386822647,0.960221152322577,0.9398636845831869,0.9475597985845114,0.9475597985845114,0.9225015741707872,0.9106019687464653,0.5567710364845595,0.944383427890573,0.9314886672615048,0.9582144552981327,0.960221152322577,0.8875255844205965,0.938412400887346,0.935580996038617,0.9508971383859763,0.9369854052620163,0.9314886672615046,0.944383427890573,0.916441965519317,0.960221152322577,0.7739436107925906,0.9250013316406693,0.9544316996038,0.9428469360414609,0.9188361382271659,0.9492063492063489,0.9582144552981327,0.9508971383859763,0.9428469360414602,0.9623211158059548,0.930160641445072,0.8993922310882436,0.932833950574053,0.9623211158059548,0.912915131908919,0.9443834278905732,0.8474513194974065,0.9526370111116405,0.9004911494084333,0.930160641445072,0.8918007079504506,0.9544316996038,0.8495864161552136,0.9314886672615046,0.13408370177867746,0.9428469360414604,0.9288488221297497,0.9288488221297497,0.0,0.7383793872014479,0.9459533477380775,0.9060540201833016,0.831146423199498,0.931488667261505,0.8993922310882436,0.9562880686171875,0.8244397822834253,0.9544316996038,0.6473831763250288,0.7698078233874499,0.9582144552981327,0.92126914699118,0.9301606414450723,0.9492063492063487,0.8266892096935958,0.0,0.8864622842804517,0.938412400887346,0.9398636845831867,0.8233095582802461,0.9623211158059548,0.9398636845831869,0.9341976401680094,0.31108550994831163,0.9314886672615048,0.0,0.9176344520056336,0.938412400887346,0.8046479448175341,0.8939536575643376,0.03139863267861631,0.0,0.8918007079504506,0.831146423199498,0.8548949080074899,0.31108550994831163,0.48955645159511163,0.8896584524348263,0.8875255844205965,0.8198957816506434,0.8187498553347687,0.9288488221297497,0.9526370111116405,0.9492063492063489,0.8580633769736241,0.6072669396673074,0.9582144552981327,0.907182019415572,0.7973204052495684,0.9369854052620166,0.8289245259008584,0.8759110188590657,0.9328339505740528,0.8070467719220202,0.9094556823349389,0.9526370111116405,0.7833099084134079,0.9413411539914585,0.9582144552981327,0.9623211158059548,0.8580633769736241,0.9129151319089193,0.885400876353422,0.9369854052620166,0.9250013316406696,0.931488667261505,0.7554264789789613,0.9508971383859763,0.6339927913026551,0.9475597985845114,0.9152582079543838,0.8727631680356085,0.9526370111116405,0.9544316996038,0.9623211158059548,0.944383427890573,0.8453085223330421,0.879064442044788,0.9544316996038003,0.9544316996038,0.06018876900101988,0.8046479448175343,0.960221152322577,0.8244397822834253,0.8717146038820363,0.8875255844205967,0.9106019687464659,0.892875760974867,0.8420784215528956,0.9301606414450723,0.7583810530554915,0.9602211523225768,0.9060540201833014,0.8559522762859688,0.8811713725919912,0.9544316996038,0.9301606414450725,0.8950345750758599,0.9140827360776209,0.8938851835250172,0.5567710364845593,0.7367566674079002,0.9526370111116407,0.9341976401680094,0.7431708752992887,0.8972062142375332,0.9164419655193166,0.8612222667022558,0.8993922310882436,0.9262700211315917,0.8453085223330423,0.9225015741707872,0.9475597985845114,0.9288488221297495,0.6783615558233287,0.8538362113124116,0.8780124908814328,0.9582144552981327,0.6072669396673073,0.9200475251844384,0.5526275082095409,0.9117550006367756,0.8885909234541711,0.9288488221297497,0.9475597985845114,0.6394614409405057,0.8538362113124116,0.8580633769736241,0.9015943008452869,0.13408370177867734,0.9237454173815312,0.9459533477380775,0.903814238682265,0.8221755430097122,0.7897778653703145,0.9060540201833014,0.0,0.9508971383859763,0.9459533477380777,0.4895564515951115,0.8355526955775656,0.8918007079504506,0.9475597985845114,0.0,0.8685695845092951,0.7897778653703145,0.960221152322577,0.0,0.6951973979147161,0.9152582079543841,0.8864622842804517,0.6447787703816181,0.9049315186013059,0.9475597985845114,0.0,0.6473831763250286,0.0,0.8117838598171898,0.8388272306091986,0.8355526955775657,0.0,0.6339927913026551,0.0,0.7050163519970583,0.9071820194155717,0.9164419655193166,0.8759110188590655,0.9526370111116407,0.7711949776746383,0.06018876900101888,0.935580996038617,0.9384124008873462,0.9060540201833014,0.7554264789789611,0.9188361382271666,0.9544316996038,0.4951319232791844,0.8907283270583697,0.9027019168030599,0.897206214237533,0.9152582079543838,0.9152582079543838,0.944383427890573,0.885400876353422,0.9459533477380777,0.0,0.9027019168030597,0.0,0.7334713952978886,0.9152582079543841,0.9544316996038,0.9275522446953854,0.7711949776746383,0.9508971383859763,0.9140827360776205,0.9369854052620161,0.892875760974867,0.9398636845831869,0.8612222667022562,0.9526370111116405,0.8717146038820363,0.8717146038820349,0.8442340263447974,0.03139863267861631,0.9562880686171873,0.8289245259008584,0.9623211158059548,0.8333555867103808,0.8333555867103808,0.24376003609304187,0.8706662210952574,0.8748612665230131,0.9544316996038003,0.848519788337875,0.7973204052495684,0.7780046509581313,0.9582144552981327,0.8289245259008584,0.9140827360776214,0.9341976401680094,0.9015943008452874,0.9582144552981327,0.8517144868263773,0.8141237078825918,0.9562880686171873,0.8982973238138026,0.9225015741707867,0.9526370111116407,0.9188361382271666,0.8070467719220202,0.9459533477380775,0.9526370111116405,0.9526370111116407,0.7985559379258667,0.9582144552981327,0.7985559379258667,0.6499526646778642,0.885400876353422,0.8442340263447972,0.9582144552981327,0.9492063492063487,0.930160641445072,0.9459533477380777,0.9544316996038003,0.8022278398026612,0.8982973238138026,0.9526370111116405,0.9301606414450723,0.9164419655193172,0.7250134267509765,0.9094556823349389,0.8843412180810755,0.6848496741376313,0.7923174570100686,0.6911250629978627,0.8727631680356077,0.9602211523225768,0.903814238682265,0.9602211523225768,0.9188361382271668,0.9152582079543841,0.9094556823349389,0.9526370111116405,0.0,0.9544316996038,0.9027019168030597,0.931488667261505,0.9582144552981327,0.9562880686171873,0.9475597985845114,0.0,0.9369854052620163,0.9582144552981327,0.9623211158059548,0.9106019687464655,0.823309558280246,0.9341976401680094,0.9544316996038003,0.8333555867103808,0.8289245259008584,0.9369854052620166,0.9428469360414611,0.8409971458279799,0.9526370111116405,0.9188361382271659,0.8117838598171898,0.9413411539914587,0.9106019687464657,0.9623211158059548,0.7655931084723666,0.9188361382271666,0.7780046509581313,0.944383427890573,0.03139863267861631,0.92126914699118,0.885400876353422,0.8070467719220202,0.8082384637825222,0.8187498553347687,0.0,0.8538362113124116,0.9176344520056336,0.9200475251844387,0.9176344520056336,0.9602211523225768,0.8453085223330421,0.0,0.0,0.930160641445072,0.903814238682265,0.8591172857456586,0.0,0.9602211523225768,0.9492063492063489,0.922501574170787,0.8972062142375332,0.7897778653703145,0.9492063492063489,0.9237454173815309,0.938412400887346,0.8322525541058978,0.9634411459729271,0.0,0.8811713725919912,0.9164419655193168,0.7766590274917047,0.9952327064015152,0.9237454173815312,0.8704033497109469,0.9526370111116405,0.7960789049353036,0.0,0.7973204052495684,0.9314886672615053,0.8591172857456586,0.8300371089395653,0.9508971383859763,0.831146423199498,0.9428469360414606,0.0,0.8961186971729789,0.7399891659895361,0.0,0.9237454173815309,0.7948313236856197,0.8420784215528956,0.8152867967569688,0.8022278398026612,0.0,0.7698078233874488,0.8559522762859684,0.9562880686171873,0.6574604645689301,0.7250134267509767,0.907182019415572,0.908315805590151,0.8961186971729789,0.9526370111116405,0.8982973238138026,0.8864622842804517,0.935580996038617,0.8527760996057683,0.8738120195914167,0.8706662210952574,0.21151139151266862,0.9544316996038,0.9314886672615055,0.0,0.9582144552981327,0.9015943008452869,0.8129560940834346,0.9398636845831869,0.9275522446953854,0.06018876900102055,0.7478523304650295,0.9508971383859763,0.06018876900102055,0.9398636845831869,0.9492063492063489,0.9413411539914582,0.879064442044788,0.903814238682265,0.9582144552981327,0.8463809254714867,0.9602211523225768,0.9413411539914582,0.935580996038617,0.801009545737682,0.938412400887346,0.9602211523225768,0.7997856146881548,0.9164419655193166,0.5305546844946969,0.24376003609304187,0.938412400887346,0.9027019168030597,0.9526370111116405,0.9188361382271666,0.8993922310882436,0.8769613888066743,0.9341976401680094,0.8993922310882436,0.9398636845831869,0.9250013316406693,0.6827113291147924,0.7725735218970409,0.9049315186013058,0.9443834278905732,0.8141237078825918,0.8907283270583697,0.9225015741707872,0.9341976401680094,0.21151139151266984,0.8175997772209664,0.9398636845831869,0.8517144868263774,0.9341976401680094,0.9152582079543841,0.7539334992316542,0.9526370111116405,0.8453085223330421,0.7143607147557585,0.9176344520056336,0.8993922310882432,0.9582144552981327,0.7301312695908229,0.8918007079504506,0.9562880686171875,0.9164419655193166,0.944383427890573,0.944383427890573,0.9544316996038003,0.9582144552981327,0.9250013316406696,0.8255663034700989,0.9129151319089186,0.9475597985845114,0.9475597985845114,0.7125274559321444,0.9071820194155717,0.08671734220308636,0.8717146038820361,0.0,0.9562880686171873,0.0,0.0,0.8187498553347687,0.2115113915126693,0.9188361382271664,0.0,0.7334713952978882,0.8377384241745145,0.4006068367505189,0.8527760996057685,0.8811713725919912,0.8058499662916012,0.903814238682265,0.47795836130872293,0.8399134433261015,0.9428469360414604,0.8864622842804515,0.4408515443948542,0.9176344520056336,0.7711949776746385,0.6473831763250284,0.9250013316406696,0.9428469360414602,0.9459533477380775,0.7846176027958278,0.9562880686171873,0.8961186971729789,0.9526370111116405,0.9004911494084331,0.938412400887346,0.9328339505740528,0.935580996038617,0.848519788337875,0.9237454173815312,0.9060540201833016,0.9355809960386168,0.7223272158432528,0.9526370111116405,0.17526171623055564,0.9508971383859763,0.9140827360776205,0.8570084033315839,0.8399134433261015,0.4654487838138114,0.8570084033315841,0.5711669571562623,0.77934241058442,0.8896584524348263,0.9475597985845114,0.7766590274917051,0.9262700211315917,0.9623211158059548,0.8058499662916013,0.8463809254714865,0.7876282222528316,0.8034406041869142,0.938412400887346,0.9071820194155717,0.8822265994777512,0.0,0.9544316996038,0.9164419655193174,0.9492063492063487,0.8612222667022558,0.938412400887346,0.9459533477380777,0.9262700211315917,0.831146423199498,0.9355809960386168,0.8046479448175343,0.9602211523225772,0.7935775465776653,0.9398636845831869,0.8664724446651941,0.06018876900102055,0.9428469360414602,0.7143607147557588,0.9152582079543841,0.9341976401680094,0.7806724477786732,0.880117361849238,0.7318083230664854,0.8633240709217587,0.9188361382271666,0.6991852245234744,0.8612222667022558,0.9250013316406696,0.960221152322577,0.9369854052620166,0.9508971383859763,0.8388272306091986,0.9027019168030597,0.525843532183836,0.03139863267861631,0.7960789049353036,0.8409971458279799,0.9623211158059548,0.8790644420447877,0.9526370111116405,0.9176344520056336,0.9164419655193168,0.932833950574053,0.9015943008452869,0.9250013316406696,0.9369854052620166,0.500567215157067,0.9398636845831867,0.9475597985845112,0.9544316996038,0.9623211158059548,0.0,0.9188361382271668,0.8654234385275936,0.8070467719220202,0.9200475251844384,0.0,0.8832831707913575,0.8244397822834253,0.9060540201833016,0.34458474155865637,0.9038142386822647,0.8918007079504506,0.8811713725919912,0.7859181167692968,0.9275522446953854,0.9060540201833014,0.6598989712921809,0.8907283270583697,0.9562880686171873,0.9027019168030597,0.9288488221297497,0.9526370111116405,0.9152582079543841,0.9623211158059548,0.9275522446953854,0.9459533477380777,0.9623211158059548,0.9413411539914587,0.9288488221297497,0.9492063492063487,0.6783615558233285,0.8843412180810755,0.9582144552981327,0.9492063492063489,0.9384124008873462,0.7806724477786728,0.8022278398026612,0.03139863267861631,0.9544316996038003,0.08671734220308558,0.03139863267861631,0.03139863267861631,0.3741839079094693,0.0,0.944383427890573,0.4527606561376478,0.0,0.9341976401680094,0.535161772248302,0.9582144552981327,0.9526370111116405,0.9562880686171873,0.9508971383859763,0.03139863267861631,0.7960789049353036,0.8580633769736241,0.935580996038617,0.8409971458279799,0.0,0.9071820194155722,0.9526370111116405,0.9341976401680094,0.7935775465776653,0.9083158055901508,0.9582144552981327,0.9508971383859763,0.9369854052620166,0.9152582079543841,0.6284764518573093,0.9492063492063487,0.4006068367505189,0.92126914699118,0.9250013316406696,0.6848496741376318,0.9398636845831869,0.9582144552981327,0.930160641445072,0.9526370111116405,0.9071820194155722,0.8420784215528954,0.0,0.9492063492063487,0.8822265994777507,0.960221152322577,0.8377384241745145,0.944383427890573,0.9398636845831869,0.8244397822834253,0.06018876900102055,0.7569089328329721,0.7846176027958276,0.0,0.0,0.40880739824839063,0.6991852245234742,0.9027019168030597,0.8058499662916013,0.8453085223330421,0.8152867967569688,0.8399134433261015,0.7997856146881548,0.9328339505740528,0.8129560940834346,0.0,0.9004911494084331,0.9544316996038,0.9623211158059548,0.831146423199498,0.9582144552981327,0.831146423199498,0.0,0.0,0.7739436107925914,0.9492063492063487,0.7819949015164562,0.938412400887346,0.8570084033315841,0.8993922310882436,0.6856702229525599,0.8993922310882436,0.8344556057285131,0.8506512873935228,0.0,0.9152582079543841,0.8175997772209664,0.9508971383859763,0.9582144552981327,0.5526275082095407,0.7351207557283752,0.43182584581086747,0.9176344520056336,0.9508971383859763,0.8591172857456586,0.0,0.8266892096935958,0.9176344520056336,0.8993922310882436,0.8727631680356078,0.8654234385275936,0.9413411539914582,0.9049315186013054,0.8538362113124116,0.9562880686171875,0.8685695845092949,0.862273520033598,0.9443834278905732,0.9602211523225768,0.9225015741707872,0.2586095064370061,0.8129560940834346,0.9544316996038,0.03139863267861631,0.8759110188590655,0.9288488221297497,0.9152582079543841,0.92126914699118,0.9623211158059548,0.9152582079543841,0.9623211158059548,0.9623211158059548,0.9027019168030597,0.3647019568709454,0.8961186971729789,0.9492063492063487,0.9602211523225768,0.938412400887346,0.938412400887346,0.8322525541058978,0.9428469360414611,0.9475597985845114,0.9288488221297497,0.5210240199989242,0.9508971383859761,0.7684119013812074,0.3833143586062788,0.7125274559321442,0.7447432793600621,0.0,0.8918007079504506,0.9492063492063489,0.758381053055492,0.960221152322577,0.9328339505740528,0.9341976401680097,0.855952276285969,0.0,0.7399891659895361,0.8058499662916012,0.9341976401680094,0.8058499662916012,0.8266892096935958,0.8129560940834346,0.9544316996038,0.7143607147557588,0.6716454483484393,0.8058499662916012,0.7431708752992889,0.9355809960386166,0.6761489807685291,0.9623211158059548,0.9355809960386168,0.9492063492063489,0.8982973238138026,0.930160641445072,0.8388272306091984,0.4779583613087228,0.8106069085572598,0.9492063492063489,0.03139863267861631,0.8420784215528954,0.861222266702256,0.5110414539348817,0.7766590274917051,0.7524297972473162,0.0,0.9856724533720749,0.8633240709217587,0.9225015741707872,0.0,0.8399134433261015,0.9428469360414604,0.9582144552981327,0.2115113915126694,0.03139863267861631,0.9114861522954751,0.9314886672615051,0.897206214237533,0.9288488221297497,0.9083158055901508,0.9355809960386172,0.8129560940834346,0.0,0.9275522446953854,0.0,0.9582144552981327,0.8333555867103808,0.8843412180810759,0.9623211158059548,0.9262700211315917,0.8022278398026612,0.904931518601306,0.9225015741707869,0.0,0.8322525541058978,0.8210376473859937,0.8506512873935228,0.9250013316406696,0.40060683675051967,0.9544316996038003,0.3227392978460525,0.9237454173815312,0.392115299153029,0.8928757609748668,0.7948313236856197,0.392115299153029,0.9225015741707872,0.9544316996038003,0.885400876353422,0.392115299153029,0.9623211158059548,0.931488667261505,0.9508971383859763,0.885400876353422,0.9475597985845114,0.9237454173815312,0.9341976401680094,0.8918007079504506,0.9152582079543841,0.9355809960386168,0.9140827360776211,0.930160641445072,0.9475597985845114,0.9384124008873462,0.7301312695908225,0.9225015741707872,0.9015943008452869,0.8333555867103808,0.42440193597169273,0.9083158055901508,0.930160641445072,0.9508971383859763,0.9526370111116405,0.9015943008452867,0.8939536575643379,0.9275522446953854,0.9275522446953854,0.9004911494084333,0.9544316996038,0.9562880686171873,0.5974763156586966,0.9262700211315922,0.8664724446651935,0.9176344520056336,0.9250013316406696,0.6549904556417999,0.9369854052620166,0.9237454173815312,0.9492063492063487,0.8366469404145511,0.8780124908814328,0.9129151319089186,0.9004911494084333,0.6623067578386677,0.9562880686171875,0.9188361382271666,0.5906675167558797,0.9314886672615046,0.944383427890573,0.926270021131592,0.8993922310882434,0.6040574193889983,0.7598430279509716,0.9398636845831869,0.6739104850582693,0.9475597985845114,0.8832831707913573,0.7143607147557586,0.9526370111116407,0.9508971383859763,0.8864622842804517,0.9275522446953852,0.9526370111116405,0.8982973238138026,0.8633240709217587,0.708808264663793,0.9459533477380775,0.9459533477380775,0.8322525541058978,0.9341976401680094,0.9027019168030599,0.9526370111116405,0.8591172857456586,0.9341976401680094,0.9562880686171873,0.8928757609748668,0.9328339505740528,0.9508971383859763,0.960221152322577,0.8854008763534222,0.9582144552981327,0.7197593917099125,0.9562880686171873
p135_T,0.7669276873902607,0.9193462939797008,0.8512300448035053,0.9675603521328203,0.9301606414450718,0.9481929520311925,0.8823577446417376,0.8722991478085682,0.8677481975092114,0.43042363932742034,0.9173148291382112,0.9278966962971924,0.9278966962971924,0.8934425806304627,0.9982103757454244,0.7344011354382141,0.9235293061149326,0.9057994954598185,0.942546448360206,0.9453055812599183,0.9255846968974637,0.9993652126586656,0.9672582712673324,0.5024097331093753,0.9133573033767912,0.9057994954598185,0.9235293061149326,0.885110846748371,0.9453055812599183,0.8601508066404651,0.8968796530895524,0.9373453016197317,0.9214166876382093,0.8884027441326572,0.930160641445072,0.942546448360206,0.9324854129452831,0.921416687638209,0.4604921211524192,0.9039735099337749,0.8616681034607223,0.5848342491259693,0.9481929520311925,0.9120445952292815,0.9235293061149326,0.7902513044793089,0.9348776724743586,0.7608691747948085,0.9039735099337753,0.8512300448035053,0.5675662461924165,0.793186982043417,0.9057994954598185,0.9193462939797008,0.5404231111531135,0.902169807736934,0.7256256676759998,0.930160641445072,0.8131552918502087,0.925687886831601,0.8708278127936302,0.923709726301867,0.9441989622120355,0.765139325499457,0.939897739160851,0.7806525915213935,0.9373453016197317,0.8683867206694147,0.811749894141663,0.9978387378693494,0.891748039632827,0.9039735099337753,0.8705563612990561,0.8181549736125884,0.930160641445072,0.8438899131338644,0.915319368665986,0.9173148291382112,0.9788572026844111,0.9481929520311925,0.6108094543919234,0.9492423737771563,0.8986240534007521,0.9790021042835308,0.930160641445072,0.8867504707956384,0.915319368665986,0.7961679478198787,0.4801128919786132,0.9278966962971924,0.930160641445072,0.8512300448035051,0.8981450843218931,0.8474387831237267,0.8844226815711155,0.8631790748003907,0.8482845240792765,0.8453519108162275,0.6122280799694668,0.9428861328269643,0.9021698077369342,0.9348776724743584,0.9301606414450718,0.9707192135125746,0.8716759040414971,0.942546448360206,0.8723787692931402,0.6984031193986366,0.9630274699754411,0.680515910388982,0.8293823202072206,0.7409931849660876,0.8976033320700374,0.8755049702528586,0.9348776724743586,0.9343509490837506,0.963182708910274,0.5209202277057925,0.9481929520311922,0.9344940840195738,0.8972573328551652,0.919537287420662,0.9133573033767912,0.6037894298958058,0.9057994954598185,0.9853594409946427,0.9324854129452831,0.8078843400694917,0.9278966962971924,0.5975320467574741,0.9253463803172304,0.9879700133881204,0.9373453016197317,0.8547020723633446,0.9235293061149326,0.9836707837364973,0.7559236715059928,0.9373453016197317,0.9373453016197315,0.925687886831601,0.9041174026544708,0.9453055812599178,0.9569828701040739,0.8484673641430907,0.9139497309400643,0.9670332374157118,0.9078281401363852,0.8760791662925926,0.6424982872802021,0.7109524752172356,0.945305581259918,0.8708278127936304,0.8919348263226169,0.9661179799070392,0.9923551296406039,0.9417675268326104,0.939436423213533,0.9139704635473276,0.9131499038319142,0.8688785388851108,0.8110856624214917,0.9348776724743584,0.9095242312718104,0.668423399025025,0.8586624125474207,0.885110846748371,0.5924863156310332,0.9190823451591561,0.8986240534007519,0.8462562773834622,0.9675603521328204,0.9278966962971924,0.902169807736934,0.9670277160867209,0.9628750536585025,0.963523928699781,0.942546448360206,0.8312941955230861,0.9742843963277628,0.9236723713212407,0.8380634468777146,0.8468167119003356,0.939390260195641,0.49118175744002457,0.884651190200993,0.79903029047136,0.8759325110447234,0.43598335508731756,0.861471631367434,0.9303499958905475,0.6502205707763302,0.9861399395631696,0.9148923477148998,0.9894503478415606,0.7380195330550621,0.930160641445072,0.39966339602840406,0.9256878868316014,0.4138367898057618,0.7738911443163008,0.8512300448035053,0.4427716285847937,0.930160641445072,0.8192881242230783,0.882012172485674,0.4928507172686881,0.930160641445072,0.9161950843063591,0.8834832246395516,0.8438899131338642,0.8033919351330514,0.8991236281267515,0.9278966962971924,0.930160641445072,0.5858094528309907,0.930160641445072,0.9801183054076215,0.778393506769121,0.7738911443163008,0.930160641445072,0.8570520663595733,0.930160641445072,0.7853932235870607,0.9330721994137876,0.885110846748371,0.8293823202072206,0.9348776724743584,0.6947647484082907,0.925687886831601,0.9672582712673323,0.7064743333669576,0.9610938099054707,0.9288702044783974,0.8884027441326567,0.9373453016197317,0.8616681034607223,0.6330647592205016,0.8662187967802522,0.9435675694381718,0.9159197701772372,0.9807928612526091,0.4792775980820787,0.8424305171733324,0.9329482657043762,0.930160641445072,0.9282301104742862,0.930160641445072,0.8029839899154618,0.8834832246395514,0.8426153862967798,0.6594988244994543,0.6947647484082908,0.39966339602840406,0.8818669950401858,0.913357303376791,0.8527082022594992,0.9173148291382112,0.9036167953754733,0.37492189564673895,0.8236124075183946,0.8733223207677869,0.5973311296357153,0.9278966962971924,0.939897739160851,0.7869659175862751,0.4604921211524192,0.9720425180522423,0.8714901252498,0.9752315887262654,0.9211808874473997,0.8531167607977221,0.6225760742132903,0.5851143063723663,0.6984031193986371,0.9939947369583184,0.942546448360206,0.9467749964013539,0.8818669950401858,0.9492423737771563,0.864695866516187,0.942546448360206,0.9944458368731314,0.9725749093164954,0.9970639700164783,0.8886639795414619,0.8934425806304627,0.9348776724743584,0.888402744132657,0.6380503231244008,0.925687886831601,0.9348776724743586,0.9348776724743584,0.7230219946758532,0.942546448360206,0.9758951818026608,0.9413444321912237,0.8424305171733326,0.894328755480336,0.942546448360206,0.930160641445072,0.9039735099337751,0.9256878868316014,0.9373453016197315,0.7330847432450076,0.683816034707075,0.9348776724743586,0.9039735099337756,0.7214928457382926,0.74602629601234,0.7229192328941063,0.5276889907538092,0.8687281733447625,0.8002146726879578,0.9568121915830535,0.8500140913646179,0.945305581259918,0.8677481975092118,0.945305581259918,0.8884027441326567,0.6948416833705326,0.8755049702528586,0.9348776724743584,0.930160641445072,0.9373453016197317,0.8107723431911643,0.9057994954598185,0.942546448360206,0.9457697991278944,0.9278966962971924,0.930160641445072,0.913357303376791,0.401690600164902,0.9481929520311925,0.8770810709357255,0.8230786677459693,0.9095242312718104,0.6225760742132903,0.8044326866649607,0.7647776604185779,0.9133573033767912,0.921416687638209,0.7813770585443967,0.5872912593017852,0.8884027441326572,0.762928836428173,0.9929808761591531,0.9670332374157119,0.9481929520311925,0.7020592777806823,0.8884027441326567,0.685401703880937,0.9235293061149328,0.9278966962971924,0.9023243805882409,0.8424305171733326,0.7678268275972191,0.8306553169629207,0.7507878712472871,0.930160641445072,0.7990302904713595,0.218367970849474,0.8900683556162929,0.8480994378399505,0.8674131849162848,0.8004514419324503,0.930160641445072,0.930160641445072,0.0,0.48109722119402065,0.8062915690984296,0.930160641445072,0.945305581259918,0.930160641445072,0.8934425806304627,0.8586624125474207,0.6677830396977307,0.9301606414450718,0.8951528182413433,0.9153193686659862,0.7693535739719672,0.7363351033903187,0.930160641445072,0.8366151086510358,0.8851108467483708,0.6872971503142591,0.7903739816068054,0.8951528182413433,0.9439919459749027,0.9348776724743586,0.6575177348239954,0.930160641445072,0.7213231837371263,0.9057994954598185,0.8300652029984739,0.766307420232025,0.5024097331093755,0.7678326855976576,0.921416687638209,0.930160641445072,0.9460767655266511,0.9472971845883078,0.930160641445072,0.7880725829158186,0.9171860480794,0.7828637719794271,0.7460262960123398,0.6468696176183644,0.930160641445072,0.7179800300914719,0.8254879058389586,0.9398977391608507,0.9246321155442633,0.9924275405863157,0.87237876929314,0.9657791214744025,0.8852751342149692,0.9348776724743586,0.6553147023236439,0.8438899131338642,0.9518647719377948,0.7823430348916116,0.9729634090986802,0.8221709206355943,0.9114262935403585,0.9373453016197315,0.9057994954598185,0.930160641445072,0.942546448360206,0.9229725980492283,0.9820008012529058,0.9110940012363835,0.9370632386318549,0.925687886831601,0.8305515745049553,0.9133950814332601,0.9728091693196086,0.9602126215445623,0.9301606414450718,0.919346293979701,0.9106603153163206,0.8677481975092116,0.8189942965580155,0.8208961595306921,0.7425590290337525,0.963182708910274,0.9114262935403585,0.7136425905389578,0.9573422906623257,0.945305581259918,0.8018243916035102,0.9178938723744825,0.8786176172006352,0.9076492093936457,0.9586118653449951,0.9249476804218124,0.9348776724743584,0.888402744132657,0.707725083801023,0.8308265393613894,0.9889605162825021,0.8225535671978912,0.7395028316109789,0.9325461471620269,0.8025205592445634,0.8211466253087958,0.8692844153563803,0.9235293061149326,0.9725749093164954,0.8769755445526377,0.6548169508502089,0.9889605162825019,0.9114262935403588,0.7492065571164643,0.7395028316109791,0.7961129991402648,0.5344217736533473,0.8834832246395514,0.983472278589818,0.9348776724743586,0.9018171276359737,0.9532638165298672,0.8867504707956386,0.6790179629518063,0.942546448360206,0.8063667302240627,0.8748942312251945,0.939897739160851,0.885110846748371,0.9235293061149326,0.9235293061149328,0.9923551296406039,0.46130541393534885,0.8968796530895526,0.7601602309409897,0.880261583243356,0.9278966962971924,0.9278966962971924,0.8908287006534693,0.733113934922652,0.9694672365613164,0.8236124075183945,0.930160641445072,0.939897739160851,0.930160641445072,0.930160641445072,0.8553644197053216,0.7246274008827146,0.8884027441326567,0.930160641445072,0.8285849403784251,0.7724030501111918,0.8834832246395515,0.9609387888985919,0.8625156829022367,0.7330510092157585,0.7474786408154255,0.8695012268327251,0.8579761778223542,0.6301164780212273,0.8901685595748796,0.939897739160851,0.91989423221619,0.9418845512095328,0.8725841171453625,0.8968796530895526,0.921416687638209,0.603099288288323,0.960574630749345,0.9398977391608507,0.8852751342149692,0.9348776724743586,0.8631790748003907,0.49635972338525924,0.9076492093936459,0.9672582712673323,0.8609609961187397,0.8951528182413433,0.9486401929826892,0.7650658792801507,0.9742843963277628,0.9348776724743584,0.9153193686659862,0.9324854129452833,0.8818669950401858,0.7477993098948117,0.7798870083823577,0.9373453016197317,0.8978779888113966,0.6630293198676157,0.8462355053006172,0.8482845240792769,0.9278966962971924,0.6872971503142591,0.8986240534007519,0.9481929520311925,0.7330510092157585,0.811739805176722,0.3996701577002415,0.7944524639263131,0.9153193686659862,0.7634606499829755,0.8380660059124045,0.930160641445072,0.9373453016197315,0.9178938723744823,0.37234886815937285,0.833118952533078,0.7484972553632956,0.9728091693196088,0.8986240534007519,0.7678326855976576,0.9114262935403585,0.6424948870402412,0.9453055812599183,0.7161768939012272,0.9110940012363837,0.8911972942203898,0.925687886831601,0.921416687638209,0.9808142655925164,0.8894609565966469,0.9095242312718104,0.8953654416824568,0.8351658835405404,0.7395916258346773,0.48901493462723855,0.8884027441326565,0.764536192289713,0.8091858387065827,0.9325461471620271,0.945305581259918,0.9133573033767912,0.7592755758118036,0.8235608400569419,0.8988656686535058,0.9078281401363852,0.9278966962971924,0.7840505914161155,0.7813770585443967,0.9861053894336533,0.8072184427640994,0.9879700133881204,0.8867504707956384,0.9506768980005937,0.9466889433536754,0.6108135496864435,0.8968796530895526,0.9218223944261853,0.740818699473937,0.9173148291382112,0.39436149972956,0.9373453016197315,0.9481929520311925,0.930160641445072,0.3741642093827765,0.8392379483976136,0.8644730763964628,0.8900683556162929,0.930160641445072,0.9965215887070467,0.8026938763442288,0.8708278127936304,0.8934425806304627,0.8677481975092114,0.8512300448035051,0.9920185541582403,0.8021689273773775,0.9003870625528829,0.7981968644629558,0.8178571736187801,0.904195527676352,0.939897739160851,0.8662187967802517,0.7256256676759998,0.9348776724743584,0.8834832246395514,0.9861053894336533,0.9003870625528829,0.9256878868316012,0.9481929520311925,0.9193462939797008,0.9393902601956408,0.97998139075904,0.828338046876491,0.8409735269221552,0.9425464483602057,0.4719903667873093,0.6644514113706178,0.9763603405282588,0.9270687759049544,0.9278966962971924,0.9373453016197315,0.9235293061149328,0.9278966962971924,0.9278966962971924,0.575282312969476,0.930160641445072,0.2955258762965446,0.6117270746813572,0.930160641445072,0.9095242312718104,0.8497555614289232,0.942546448360206,0.9348776724743586,0.5456061831385025,0.29691705894743325,0.9763068251524243,0.9988320044006882,0.8048424841938351,0.9114262935403583,0.6515054365825247,0.930160641445072,0.8723787692931402,0.9348776724743584,0.9095242312718104,0.9405650175171101,0.8739376826205691,0.942546448360206,0.9324854129452831,0.6745919411306508,0.9807928612526091,0.995767454475303,0.9301606414450718,0.6624051378328466,0.891748039632827,0.8968796530895526,0.7783935067691212,0.9173148291382112,0.942546448360206,0.9039735099337751,0.9348776724743586,0.9634189144741114,0.8306048913955286,0.930160641445072,0.9301606414450718,0.8380660059124043,0.4304236393274222,0.821966489991256,0.9235293061149328,0.9173148291382112,0.7586113066985587,0.925687886831601,0.7127029003211305,0.6757424958515796,0.930160641445072,0.930160641445072,0.8613052569026814,0.9459778749738972,0.8662187967802517,0.877982963126499,0.8233538596579562,0.9421859185633483,0.7798870083823577,0.6942191974118468,0.9076492093936457,0.9385136860318242,0.930160641445072,0.558433616884531,0.9373453016197315,0.4604921211524192,0.7678326855976578,0.942546448360206,0.9872176790100131,0.930160641445072,0.930160641445072,0.6910533747805281,0.930160641445072,0.6796434622826029,0.915319368665986,0.8033919351330521,0.8616681034607221,0.8795558809732855,0.8616681034607221,0.7125012001484609,0.794651139926638,0.930160641445072,0.8834832246395512,0.7045139641098426,0.9324854129452831,0.8189942965580146,0.89016855957488,0.7224029220512305,0.8111475457671498,0.8867504707956384,0.9324854129452833,0.8062915690984294,0.930160641445072,0.8844930012403249,0.7818119149988475,0.7651393254994567,0.8250541437737122,0.8149622918828372,0.46694389699227734,0.8991236281267514,0.7990302904713598,0.939897739160851,0.8929526942750012,0.9011799973632002,0.47927759808208104,0.945305581259918,0.9675603521328205,0.9790021042835307,0.9092814106943902,0.40253676212979717,0.9763068251524243,0.8293823202072206,0.902169807736934,0.9483563157149231,0.5934330109198431,0.8547020723633447,0.915919770177237,0.9481929520311925,0.6575970967578815,0.8662187967802517,0.8900683556162929,0.8571671175052396,0.97998139075904,0.945305581259918,0.9573422906623259,0.9165889433486547,0.7916633247069988,0.9662633710722659,0.9278966962971924,0.6511847627585864,0.9096650060530211,0.6051560701903463,0.9336022679318307,0.7486681535782961,0.9111071697769111,0.8986915504360736,0.930160641445072,0.8512300448035051,0.9799813907590402,0.9894503478415606,0.43042363932742034,0.7019534510060581,0.9095242312718108,0.8019398001857567,0.930160641445072,0.8368039057425074,0.7330510092157585,0.7330124861800769,0.6402815017801007,0.6191408907293776,0.6483587193679008,0.9373453016197317,0.9368663203407721,0.9018171276359737,0.9428106344027891,0.7280707215884723,0.9114262935403583,0.7843472633784991,0.9481929520311925,0.9114262935403583,0.930160641445072,0.9171653119248928,0.9039735099337751,0.8151004936404915,0.8401367850119447,0.7612868616385338,0.9203771106130241,0.9278966962971924,0.9442905786381889,0.8091858387065827,0.8571671175052396,0.6872971503142591,0.7179007902469756,0.930160641445072,0.7126217466972068,0.8120757404207612,0.8934425806304627,0.930160641445072,0.9258768304089707,0.9888899454936781,0.942546448360206,0.9114262935403585,0.9278966962971924,0.8806205617940819,0.9790021042835308,0.8586624125474209,0.9766107126543475,0.8739376826205689,0.9114262935403585,0.7428216675369568,0.930160641445072,0.9162320570522576,0.930160641445072,0.5209202277057925,0.9049850794674033,0.9748863740666674,0.4604921211524192,0.8986240534007521,0.970176338718276,0.9886412664378648,0.8934425806304627,0.930160641445072,0.7621416605923637,0.8291720440517167,0.9964945568440874,0.9325461471620271,0.8834832246395519,0.9923551296406039,0.8968796530895524,0.43610080642377547,0.950974025121072,0.9353881090748282,0.7179007902469756,0.950974025121072,0.8934425806304627,0.9373453016197317,0.868878538885111,0.950974025121072,0.4604921211524192,0.9057994954598185,0.9133950814332601,0.8424305171733326,0.9278966962971924,0.6824810499682055,0.949242373777156,0.9060051895977654,0.8834832246395516,0.9672582712673323,0.8818669950401858,0.7558803379767082,0.6848222728609521,0.45433680138892063,0.9149614647137869,0.8934425806304627,0.864695866516187,0.84913764572152,0.9324868157857765,0.8739376826205694,0.9039735099337751,0.3482902274879184,0.9879700133881204,0.9521109638157486,0.9096650060530214,0.9003870625528829,0.9003870625528829,0.9499371710476525,0.9373453016197317,0.939897739160851,0.7974906328567797,0.8986240534007524,0.86513764750457,0.9861817550572929,0.8968796530895526,0.8523570829488288,0.9630274699754413,0.9303499958905477,0.9301606414450718,0.9552965407995802,0.9343739182315296,0.9756106192011327,0.8631790748003907,0.8365352143399293,0.939897739160851,0.9775185201428762,0.7406733518957944,0.9057994954598185,0.9845948329923002,0.9347829309054405,0.9477894660083728,0.75385332986177,0.7554502932272493,0.9173148291382112,0.9857126403556039,0.9278966962971924,0.7679741557995898,0.9752377891557393,0.9348776724743584,0.9838585814857688,0.9167627123040055,0.9003870625528827,0.9589376456981179,0.8886639795414617,0.8987204009784109,0.9307692768956471,0.9256878868316012,0.9256878868316012,0.940619666472619,0.971321341212152,0.8662187967802517,0.9348776724743586,0.8133302885008601,0.9095242312718106,0.939897739160851,0.8527082022594992,0.9857286773137051,0.9647682499737457,0.49285071726868745,0.868878538885111,0.5209202277057925,0.9914725823318038,0.939897739160851
p136_L,0.6488599597962867,0.8889202553233964,0.7951076341784316,0.9834745963645103,0.8230700640466678,0.9286491105644255,0.8577171119749357,0.8479054035437277,0.8178571428571417,0.58643725295244,0.8861224347761871,0.8718328585919124,0.8718328585919124,0.8804580254427761,0.9772068104443954,0.9477495492705187,0.8946812791236383,0.8702630231263384,0.9857542296718134,0.9246724996449085,0.8707898206538749,0.9162839533116927,0.9730192332773053,0.6906611176231652,0.8806719604852851,0.870263023126338,0.8946812791236383,0.9701379144280484,0.9246724996449085,0.9929210651426117,0.857978233475194,0.8708892712994587,0.891771690307789,0.8463034707266368,0.9401196485914107,0.9208725034246266,0.9070160137452734,0.8917716903077886,0.6082696266282197,0.8677481975092116,0.8094833764446476,0.4851458867083176,0.9286491105644255,0.9844340450191611,0.9254399973981589,0.909427042883791,0.9103107362174552,0.9393092154479338,0.8677481975092116,0.7330308199921363,0.6554878035581304,0.751415570679042,0.870263023126338,0.8889202553233961,0.7570168341223873,0.8944128167827483,0.8432483852154222,0.903814238682265,0.9708065348083471,0.9714591146969296,0.8927892648582234,0.9360919912495689,0.6786556812309953,0.8982552933740048,0.9172245874626141,0.9181779750754856,0.9998698480557455,0.6457687495562405,0.7482381454965314,0.9390675962200331,0.8509107552317436,0.8677481975092116,0.9011031204098298,0.6181827616450617,0.903814238682265,0.784998489887514,0.8833742009912295,0.8861224347761871,0.8692564099658346,0.9286491105644257,0.744333701605361,0.9687072640073062,0.8603806964337213,0.9793765449927722,0.903814238682265,0.8440278889899995,0.9821034579526184,0.9303252863817565,0.7880937965433775,0.9006962362816697,0.903814238682265,0.7951076341784311,0.9592737916207061,0.87030328229123,0.973650278493619,0.7128306394982837,0.8334296988846719,0.7870120158280818,0.7576477971289871,0.8291637100476917,0.8652640614492115,0.9103107362174552,0.9038142386822656,0.8054517756802664,0.8713938810668469,0.9208725034246268,0.8242345650097711,0.7778930627631946,0.9257124459883883,0.61152302483358,0.8046304568319202,0.8520279351465235,0.9564503413878849,0.8527315889906659,0.9103107362174552,0.874353663518983,0.9394299057972583,0.6122611620575713,0.9286491105644255,0.8605083625050439,0.8350911146232851,0.9891744575135328,0.8806719604852853,0.8347720624744088,0.9604792822548722,0.8754006004951062,0.9070160137452734,0.794224103600305,0.9855683111551216,0.9318512436551015,0.9672837282595441,0.9518893725088031,0.9998698480557455,0.9169904684997889,0.8946812791236383,0.9222964508422231,0.5461053407866701,0.9137092609592148,0.95678955450748,0.8976541691085209,0.8667803129645314,0.9246724996449083,0.9782538021711138,0.8154660314232958,0.9616545696945384,0.9772068104443954,0.9482262527630325,0.871697669962894,0.5402930922210001,0.6690197467269572,0.9775494508745608,0.9658292477635773,0.7748586846424614,0.8358304984331972,0.95678955450748,0.9565420040496799,0.8012314698665086,0.9378679571093624,0.9192978164786997,0.8244134553929048,0.8572226233515852,0.9233747186171537,0.906497680742552,0.6486903886021229,0.8275079650593447,0.841769728397971,0.8317099713539096,0.8319650172278283,0.9697149304764323,0.7010526633867122,0.9893119279969469,0.9006962362816697,0.8652640614492122,0.9146264998872594,0.9065202934891172,0.8289675444825275,0.9208725034246268,0.837836819979098,0.9813855866353045,0.8683060694569997,0.9452661561632552,0.8311598809812448,0.9306946512160321,0.9097446761129818,0.9193968278489302,0.7415463327687861,0.953913936486795,0.43330760943294855,0.8889202553233961,0.938292717507307,0.7702235757436391,0.9735294117647061,0.8009306866518824,0.7437817488062436,0.8715749228447776,0.903814238682265,0.5699642570336958,0.9714591146969296,0.7581263546882138,0.7940414241521112,0.7951076341784313,0.7580974060287027,0.903814238682265,0.7511158505688698,0.7773359490614892,0.6353262776927049,0.903814238682265,0.9995240310873955,0.9157349837086723,0.8058253847798855,0.7477218445878463,0.8433411131205046,0.9006962362816695,0.903814238682265,0.6088859109601774,0.9038142386822651,0.8291398489166482,0.6947940286765233,0.6885931819159918,0.903814238682265,0.7746884172332464,0.903814238682265,0.9167789222159104,0.8480002345284661,0.893117002810002,0.7650180104070294,0.9103107362174552,0.6130938302670875,0.9345566419027251,0.9953118525907373,0.45843075259951327,0.939916427317623,0.858608091848478,0.8463034707266368,0.9137092609592146,0.9432185749403659,0.801899963449519,0.862299418906251,0.9383287406132208,0.8395280973905592,0.8649303928299303,0.5656825504417513,0.8451259095144117,0.9916384125088662,0.903814238682265,0.7473173494258496,0.903814238682265,0.9955389514350025,0.8649303928299306,0.8278089777511934,0.9935786529621748,0.6465707462732551,0.5699642570336958,0.9364247922989442,0.8806719604852848,0.883476465601434,0.8861224347761869,0.9816534423683264,0.5491669919950237,0.7960011673063776,0.7570714390725413,0.4540644542464676,0.9006962362816697,0.9172245874626141,0.8150534616876621,0.6082696266282197,0.9820189521905027,0.6503743909747461,0.9033840325613389,0.7938554013457644,0.8419009527071726,0.8708892712994588,0.7265271726907926,0.5927530997413974,0.884752429640399,0.9208725034246268,0.8200406660985826,0.8373021566360073,0.906497680742552,0.904930802117766,0.9208725034246268,0.9743424122417499,0.6530100220117385,0.9619936422826707,0.8297304774174434,0.8532445498042331,0.9103107362174552,0.8463034707266368,0.5692626597671318,0.8976541691085209,0.9103107362174554,0.9233747186171536,0.6859024170873248,0.9208725034246266,0.7751502966319272,0.7987617951782122,0.7829885471498912,0.6687630668933031,0.9208725034246266,0.9038142386822656,0.9269440685361905,0.8976541691085211,0.9137092609592148,0.6318108006542789,0.7238599227819525,0.9934680088001508,0.8677481975092118,0.901493899541874,0.6672854148449592,0.44571532054849117,0.6421895551628978,0.7301662893586212,0.9902593303318644,0.9599126772969435,0.8176983197422608,0.9735615243851738,0.8178571428571424,0.9286604261342954,0.9513056403643732,0.6270236983826512,0.8285401031127058,0.9649533549085013,0.903814238682265,0.9137092609592143,0.9542850744905718,0.8702630231263389,0.9208725034246268,0.9932373028972723,0.9476564936340517,0.903814238682265,0.9902509771638304,0.8923809627682533,0.9286491105644255,0.8307107766015767,0.958397400064796,0.875392889110175,0.8278089777511936,0.6153642331809603,0.7281711111605778,0.9129412260730063,0.891771690307789,0.6989031042017522,0.6739029008690669,0.9513056403643736,0.7286278322191932,0.9919101586510035,0.9495451726341956,0.9286491105644255,0.6399116671772384,0.8463034707266368,0.5667217275818074,0.894681279123638,0.9006962362816697,0.9609412163760723,0.8037010012713977,0.6370179453164144,0.7188286199035255,0.6567743629139986,0.903814238682265,0.9431811736491909,0.5330246751812194,0.8485974223311197,0.9478524616281294,0.9286604261342953,0.5934381245949799,0.903814238682265,0.903814238682265,0.48109722119402065,0.0,0.7332164371859553,0.9038142386822651,0.9735615243851738,0.9038142386822656,0.8804580254427761,0.8053438099485695,0.7605588489338664,0.9038142386822656,0.8555999624260062,0.9491937056321555,0.682343845336544,0.6538247063778508,0.903814238682265,0.7952630441453199,0.8417697283979713,0.5860694533787874,0.681276977283877,0.855599962426006,0.8882451154022541,0.9103107362174554,0.5956001341132606,0.903814238682265,0.6835179539006682,0.8702630231263389,0.7332164371859546,0.90444377752252,0.7711256913494773,0.6976882487963934,0.926892837864771,0.903814238682265,0.8004913037072151,0.9810488865451845,0.903814238682265,0.9514502757176247,0.9981208878380767,0.9858517766038748,0.650216517187439,0.5811720368107466,0.903814238682265,0.9336963054933612,0.9223900390267131,0.9932373028972724,0.8467702430660722,0.7696988007900782,0.8430460617284963,0.9222809435756023,0.8693218039282258,0.9103107362174552,0.7015394427919226,0.7849984898875144,0.9096814050133908,0.8949769034364433,0.8199372629085069,0.755086161485224,0.9319740243268226,0.9137092609592146,0.8702630231263391,0.903814238682265,0.8923809627682532,0.9277501672367068,0.9114636025211682,0.744333701605361,0.8915313000367351,0.8976541691085209,0.972218162923972,0.987480587471586,0.9345566419027254,0.9794979784534669,0.9038142386822656,0.9919101586510037,0.8513312947763825,0.8178571428571422,0.8456943293164734,0.8413756415498658,0.9246724996449085,0.9919101586510035,0.9096814050133908,0.8539600723527045,0.9821034579526184,0.9246724996449085,0.957788757615508,0.9958115516340638,0.9452453987605229,0.8728105285248215,0.9821034579526184,0.861743614340786,0.910310736217455,0.8911911051790234,0.8982552933740048,0.8266979690455725,0.9998120556396835,0.9657002157235464,0.9197173314687737,0.8859100247525029,0.8032021226277379,0.8113900636578154,0.8199728879933694,0.9666327685149194,0.8866887410458402,0.835710925474553,0.6569128887019983,0.6891400280365454,0.9413503191453483,0.6717090007004514,0.8787132883757073,0.7920964562764963,0.5958256531394139,0.8903326882693017,0.9619309154461492,0.9103107362174552,0.988024766831333,0.8697653094967261,0.9742791088932731,0.9432185749403658,0.9208725034246266,0.898717185628485,0.968961592906853,0.9619936422826709,0.9444642772220329,0.9306570238192788,0.8946812791236383,0.9570498583959894,0.6122611620575713,0.857978233475194,0.721549140037248,0.8350911146232851,0.9006962362816695,0.9006962362816693,0.9554295049505196,0.5340923579854615,0.8946812791236378,0.7570714390725415,0.903814238682265,0.9172245874626141,0.903814238682265,0.903814238682265,0.7092159270720859,0.8369672819309517,0.8725540131360707,0.903814238682265,0.8856535827592522,0.8131227433570601,0.8395280973905592,0.9132537935324149,0.8358304984331972,0.7508074442309702,0.8808123249299722,0.6553316938415286,0.9486451253333334,0.7570168341223876,0.9442518765116585,0.9172245874626139,0.9738086047876617,0.9349678036496505,0.930078606589035,0.8579782334751942,0.9971351329787357,0.6595161573610274,0.9272147819694878,0.9172245874626139,0.8252968849462843,0.9103107362174552,0.8115643510074517,0.7546185234836782,0.9645310406343728,0.9730192332773053,0.7988270974826038,0.8831642141197731,0.9870435897770229,0.9953118525907373,0.9548279537744677,0.8817960823258059,0.88337420099123,0.9070160137452734,0.8373021566360075,0.8268032778860737,0.6968509431824825,0.9137092609592148,0.8772141986175228,0.7815370186155975,0.9839171816528518,0.7910509366485656,0.9006962362816695,0.6362811602924036,0.8603806964337213,0.9801025842096873,0.7000384233284989,0.9428517722296093,0.4483639687768055,0.6953574711557826,0.8833742009912298,0.5578580275041559,0.9987681720793475,0.903814238682265,0.9137092609592146,0.8674433656039868,0.7840535358650872,0.7559454833564445,0.9520770374064557,0.9916384125088662,0.8886980919486958,0.6802492126081057,0.8780124908814333,0.5752600852377598,0.9246724996449087,0.6763112637334565,0.9794979784534668,0.7185499024271498,0.8976541691085209,0.9677437194642821,0.854896199123898,0.9157349837086728,0.875392889110175,0.9195235746808997,0.7931667020484852,0.6413544133154487,0.39061884536446545,0.9250550979549392,0.8663358464964186,0.7372025494796421,0.723044897365174,0.9246724996449085,0.8806719604852851,0.9320548388021017,0.9777721141333044,0.9542850744905716,0.9913927775374309,0.9006962362816697,0.6979451114814303,0.7166683577684578,0.916990468499789,0.5862762317491332,0.9649533549085013,0.8440278889899995,0.893117002810002,0.9339575365978563,0.844056181573884,0.8579782334751942,0.6675583212866198,0.9693852026722847,0.8861224347761871,0.7201855885076334,0.9137092609592146,0.9286491105644257,0.903814238682265,0.7074373083129852,0.7641693207693414,0.8233449805769439,0.8485974223311197,0.9038142386822651,0.9634106997871457,0.7020718748287118,0.7066298542368781,0.8804580254427758,0.8178571428571417,0.7951076341784311,0.9207647758395386,0.8858790554238972,0.8915313000367351,0.9422656665338773,0.8807465059907731,0.8357109254745527,0.9172245874626139,0.8157507865486255,0.8432483852154222,0.9233747186171538,0.8903326882693019,0.9801025842096873,0.7063535354594477,0.9345566419027254,0.9801025842096873,0.8889202553233964,0.8944128167827483,0.9428307668638465,0.7899822656331824,0.8221839553140371,0.9208725034246266,0.5889708949571817,0.6558892665222901,0.8692953595068791,0.8006066801327187,0.9006962362816697,0.9139695648477242,0.8946812791236378,0.9006962362816697,0.9006962362816697,0.8911911051790229,0.903814238682265,0.6736097845286739,0.8430460617284972,0.903814238682265,0.8753928891101748,0.7930769124067967,0.9208725034246268,0.9103107362174552,0.9036991932571591,0.7711256913494772,0.9386080538027395,0.8325079218443461,0.8976239027066761,0.8780124908814333,0.5371909924298954,0.903814238682265,0.8242345650097711,0.9103107362174552,0.875392889110175,0.7860517448073583,0.8743312554554241,0.9208725034246268,0.9874805874715857,0.7643661180497827,0.9919418700267857,0.9452104916607273,0.9818472950454276,0.8556443573369895,0.8777890450020558,0.9417736073071208,0.7124801590175722,0.8861224347761871,0.9675591368764067,0.8677481975092116,0.9103107362174554,0.8955315735658567,0.9429229466795096,0.903814238682265,0.9038142386822654,0.7769775549658491,0.5864372529524395,0.7633243531417935,0.894681279123638,0.8861224347761871,0.8318711227809854,0.8976541691085209,0.908927656513304,0.5534186518197444,0.903814238682265,0.903814238682265,0.9112833421806057,0.8546395744909814,0.8387472004447059,0.8861914999708944,0.8266029586437337,0.7696988007900782,0.732301336330901,0.6038558917354075,0.9033840325613385,0.7071250953823431,0.903814238682265,0.8940135002580035,0.9137092609592146,0.6082696266282197,0.6802492126081057,0.9208725034246268,0.9360919912495688,0.903814238682265,0.903814238682265,0.5912420758062414,0.9038142386822654,0.5587912301739362,0.8833742009912298,0.7292229368693213,0.8094833764446476,0.9935786529621748,0.89940993957737,0.682064573885069,0.7535317980628822,0.9038142386822651,0.8395280973905597,0.6095663579983949,0.9070160137452734,0.8923809627682526,0.8609442969421733,0.9053370904685216,0.9251291669937259,0.8440278889899995,0.811357978212633,0.8076885934511446,0.903814238682265,0.7913555567882299,0.8964106794146756,0.7858470894581022,0.7981512331969707,0.7831805128846234,0.8707699702455204,0.9463448607352786,0.7598767728488229,0.9932373028972724,0.8857247614540069,0.8282312056055264,0.8894642527025185,0.9246724996449085,0.9562611207259678,0.9604792822548722,0.7752379310952845,0.569327216461598,0.9386080538027395,0.9036615728941477,0.7266533638812769,0.9411372791480437,0.8265497675245124,0.7626300475640041,0.9157349837086728,0.9286491105644257,0.8655369948545268,0.8157507865486255,0.8751550551919565,0.8473093444372548,0.9791361767729917,0.9735615243851738,0.9162839533116927,0.7546185234836782,0.7522303107360813,0.9268928378647716,0.9006962362816693,0.8432483852154227,0.8426289638002544,0.7308934044863215,0.9697517898549204,0.9223668225742081,0.8205204480893007,0.7918446948921125,0.903814238682265,0.7951076341784311,0.9428307668638465,0.7941130491891121,0.58643725295244,0.8214544311100064,0.937602472374929,0.7272229943106878,0.903814238682265,0.7274308857280449,0.7000384233284986,0.8446639861984311,0.5891952840368972,0.652817320673696,0.6049558418129315,0.95678955450748,0.9237308219687418,0.9342174974354666,0.8184994721009324,0.6254873296405846,0.8780124908814333,0.7743874454925608,0.9286491105644255,0.9096814050133908,0.9038142386822654,0.9247442426922241,0.984262124923341,0.9161111038204026,0.8852958328023312,0.6583447795946222,0.9011031204098299,0.9006962362816697,0.9963419042169711,0.7559454833564443,0.8252968849462843,0.68649286720602,0.6619121712993759,0.903814238682265,0.6458470293472829,0.7411826461223265,0.9076715010813188,0.903814238682265,0.629591586997567,0.9677437194642818,0.9208725034246268,0.909681405013391,0.9006962362816697,0.8169844302676366,0.99055136863105,0.8843580185005766,0.9527103274498214,0.9702306316957805,0.9413503191453483,0.7139158010576514,0.903814238682265,0.9074111177113567,0.903814238682265,0.6589477955093515,0.8419783210153593,0.8839870117974675,0.6082696266282197,0.68654097532669,0.8955607368060889,0.9368140136290457,0.8804580254427761,0.903814238682265,0.5314334189186589,0.874939634820469,0.8807465059907729,0.8859100247525029,0.839528097390559,0.9139695648477242,0.857978233475194,0.37260099014851633,0.8674433656039868,0.9870239600753696,0.6114808638185711,0.8674433656039868,0.9348849767198615,0.9137092609592148,0.8037010012713981,0.8674433656039868,0.6082696266282197,0.8702630231263389,0.9722871256652578,0.8037010012713979,0.9006962362816693,0.4277294935360504,0.906497680742552,0.838004138344743,0.8395280973905594,0.9003051101948655,0.862443606754346,0.6586848342749574,0.9097446761129819,0.6229795142018272,0.8136725089238392,0.8532445498042334,0.8136533416420022,0.7378997854592096,0.9452661561632553,0.8263815673352464,0.8973461330227013,0.5297319701705395,0.9518893725088031,0.950569532355648,0.972962107208384,0.862808788286463,0.8628087882864628,0.9700993541722067,0.9137092609592146,0.9172245874626141,0.9444865869836503,0.9453328829786438,0.8234739453568076,0.9478524616281294,0.8859100247525029,0.7853155628606172,0.9902509771638306,0.9107284658135404,0.9038142386822652,0.9372179328645458,0.8889376109828275,0.909762579821223,0.9248036389822769,0.9948530977189052,0.9172245874626139,0.9961932748167588,0.8982761949813975,0.8702630231263377,0.9666327685149194,0.9453328829786447,0.8319650172278283,0.9120258709398508,0.7464690321679259,0.8861224347761871,0.9018397078130282,0.9765198713238088,0.6267396091653163,0.8869739652079376,0.9103107362174552,0.987480587471586,0.9234249816192873,0.862808788286463,0.8817960823258058,0.7908213627520432,0.7492225771416587,0.8598605032301512,0.9345566419027254,0.8976541691085209,0.7585644314671567,0.9690831527279394,0.8157507865486258,0.9518893725088029,0.8758047424217985,0.8753928891101748,0.9172245874626141,0.9266429903758326,0.8826014391830407,0.987480587471586,0.6353262776927044,0.8244134553929048,0.6589477955093515,0.9148406978874102,0.9172245874626139
p136_Y,0.8360123345210075,0.7215059445131453,0.9038686684587895,0.7777840449036257,0.8904561153277737,0.7738798281022033,0.9063415418120775,0.8225276277864426,0.7332164371859553,0.8896682568954877,0.9239391611456851,0.945904879998406,0.9154533753716585,0.5154833692296881,0.8557287683857457,0.9649675513018663,0.8652955708526233,0.9001712082789386,0.8534003303067277,0.7961828659639223,0.85774156033134,0.880049875353079,0.873429373789229,0.8961222571494829,0.8637474977093367,0.8099750192678041,0.6052278492518239,0.8301057443756883,0.7961828659639223,0.6821967184606782,0.8368522699998655,0.8736104662007036,0.8978986056916489,0.9646460924565712,0.8904561153277739,0.9283995430864388,0.9607529580583574,0.59432167203026,0.8954927753294006,0.575593949500416,0.8456640466850949,0.862820794107968,0.897865101815352,0.8384290189930366,0.8652955708526234,0.5832735886375312,0.9354261958407399,0.7785730132132771,0.7420093868007267,0.6998953667208339,0.977419239618984,0.5874264746036069,0.8099750192678041,0.8924511439923639,0.9892614560243305,0.8929799621930963,0.7525029000090186,0.8591172857456586,0.9916225111628827,0.9720606550363377,0.739428758849634,0.8538324494256749,0.9484801703544815,0.8473552501325188,0.6897282138964361,0.8180838484666273,0.8495661380172144,0.793027694862064,0.8720383765316989,0.8534003303067276,0.4843386291391317,0.9084248241010374,0.9841885663437668,0.547119410847422,0.8591172857456586,0.9360170311001998,0.9064836245262686,0.8429869500177807,0.6622013364714974,0.7325514035311538,0.9951086277264105,0.7827677786742127,0.8405782952912813,0.8099750192678041,0.8591172857456586,0.45705781822518854,0.9857848720458375,0.8112648439266654,0.845448315635793,0.8850018707449112,0.8591172857456586,0.31812854655040845,0.5858727128198189,0.7156716466844366,0.8864807516470674,0.7785730132132773,0.335922386650774,0.9908515472881889,0.5831527231674445,0.648677752452492,0.5886129941275943,0.7640029251117036,0.6708002705226193,0.5440397540216582,0.9059678769745254,0.9216020313541384,0.5511479208991397,0.613587926885167,0.9548174173438431,0.5813286668125603,0.3737435064718435,0.7688207649758946,0.7777479807985053,0.7070663608165368,0.9977802754820256,0.7756801759461747,0.9145274002603909,0.9216020313541384,0.773879828102203,0.6361324654316038,0.9416532457372988,0.3695667087221087,0.6045545192138788,0.9387941835520888,0.8760167272411672,0.6183814127537672,0.9607529580583574,0.8258477473019539,0.8713860922411081,0.8057649851807005,0.7255952933292786,0.9354261958407395,0.8149632135444541,0.8954927753294002,0.6341242627630241,0.6799266752872091,0.7452347876259062,0.7803602890716936,0.9082133906734637,0.8500946683680415,0.7541519445236038,0.9289368665380613,0.6517078517154062,0.48028093749202017,0.5044588114435753,0.7520430783139007,0.8935741931924133,0.6191937381869819,0.8062915690984298,0.5319741844467387,0.796182865963923,0.7394287588496327,0.6737221455652569,0.8659209203558018,0.8841690624899746,0.8062915690984296,0.5886330721578519,0.9151969873672334,0.7668399239194044,0.5525697872155155,0.7868731792935546,0.8975899824661732,0.6578479293711631,0.6141496480964308,0.8573096550245742,0.40689647468153745,0.8559571208423316,0.9178948003750679,0.9997938512439112,0.6573813962280275,0.6903504863456468,0.9322891014946033,0.8260659134387471,0.7801063126782648,0.8154464159472661,0.5836985313274867,0.8534003303067277,0.8281173699174167,0.7097999606982688,0.91342588805264,0.7948380205309133,0.8771126967189937,0.9398056495877892,0.9763563846251535,0.7737417547664224,0.4778321226331521,0.7255682233094296,0.782046019883653,0.8373021566360083,0.879399782585673,0.998298565531059,0.8635427106500377,0.6777018020727117,0.6729600403323466,0.928695997868223,0.8591172857456586,0.8961222571494829,0.7942159784407169,0.7785730132132771,0.7644148446181525,0.854944222520112,0.8545503661181635,0.8591172857456586,0.8857198734435471,0.6594843492269074,0.8896682568954879,0.8591172857456586,0.8330590886552445,0.8057649851807007,0.7854599502530402,0.737122563433198,0.6442809100180571,0.6277740552271276,0.8591172857456586,0.7634026859969149,0.8591172857456586,0.7511964739064667,0.6230945553150795,0.6232514006800798,0.8591172857456586,0.8580038305240791,0.8591172857456586,0.9342075639785514,0.9143588156925635,0.4687611596228436,0.8987319699260303,0.730606160773086,0.5401603726301762,0.8500946683680413,0.8988664577453706,0.829178883741835,0.6927695240945951,0.5318703331249628,0.7612496477968105,0.7457573645989334,0.7751244964425451,0.7825321389951463,0.9743301042207979,0.78663678910007,0.8261685998760953,0.785361370485306,0.8746367075465762,0.3529300652227081,0.9093762272332484,0.8591172857456586,0.8224870902746919,0.8591172857456586,0.6288298584318892,0.6841446474344365,0.9428163151462241,0.9933088647891389,0.5536050256342759,0.8638069066950458,0.7616974335657651,0.8119089020102451,0.3609737850101544,0.9509232315216531,0.7054102531404425,0.8686326671635052,0.3395699416534972,0.8317986384085332,0.5679630659712693,0.8545503661181642,0.9054844349054272,0.5254158671543331,0.8954927753294006,0.7768174177594538,0.6221528227960298,0.9856069410800139,0.7502668628603082,0.34931700193819626,0.9082133906734637,0.7105137457186816,0.6947013797132041,0.6800497531320469,0.9216020313541384,0.5534144334990256,0.9959733821339832,0.7327998389529929,0.7597301016959273,0.9216020313541384,0.793647948107796,0.5118351082653467,0.9774031752417572,0.9235206156095964,0.5154833692296876,0.6638126320958512,0.9646460924565714,0.5600585608445348,0.9127790961711307,0.9020294315021224,0.9354261958407397,0.503554589859311,0.7034019047473049,0.5089085331151302,0.6713694256202043,0.9851225181999319,0.9721700658514304,0.815900723916872,0.6394614409405046,0.7657830207007712,0.6163713018450961,0.7803602890716937,0.5599176028819588,0.9330534567234143,0.9309867468047907,0.9321984580010819,0.8094841827285861,0.689721681887779,0.7877258438301797,0.7950354691175712,0.5662711883414021,0.6588456153309707,0.6426986908419403,0.28526704924556157,0.9139886948916436,0.8263066325174429,0.8747200852490702,0.9299291922562677,0.8465722145714896,0.707066360816537,0.9020294315021224,0.8591172857456586,0.873610466200704,0.8635031194001558,0.5136995116745948,0.9216020313541384,0.905484434905427,0.810483082987613,0.8591172857456586,0.8511402259456595,0.8841024249642828,0.8565366772443023,0.8753401760507638,0.7979146784487152,0.5828960197893327,0.8736104662007036,0.650273658243925,0.5533301004678676,0.7341510084616072,0.8414786365496392,0.3565408142569235,0.8686326671635052,0.7748816049396823,0.5520463389692909,0.8373021566360084,0.8108773013089536,0.9391935263864016,0.5247378686969764,0.4871453880501925,0.46493530506645286,0.9230883978750236,0.8545503661181639,0.8081760572094848,0.6856629352107206,0.5328473833502883,0.5362189357568949,0.42916891770242693,0.8591172857456586,0.6534894143719447,0.8966394292004098,0.49648392026106547,0.9365727636836152,0.9532573045342178,0.57094331859958,0.8591172857456586,0.8591172857456586,0.8062915690984296,0.7332164371859553,0.0,0.8591172857456586,0.8354514756064965,0.6394614409405044,0.7122088759851415,0.9641257217871808,0.5921058936997112,0.9215109071795372,0.4808772671366651,0.7478811294871313,0.5109883689073302,0.6057943242979773,0.8591172857456586,0.9711562626022394,0.4687611596228429,0.568746524004325,0.6031158535602217,0.9015399223328401,0.6172862579533378,0.9354261958407395,0.528971670803944,0.8591172857456586,0.4941640920064263,0.7552443220523093,0.8634679678322938,0.8142646099587609,0.8961222571494831,0.5438505999882306,0.6789516257432741,0.8591172857456586,0.7472335302982489,0.607553963512729,0.8591172857456586,0.9877593789313244,0.9845394713391695,0.8516182113847834,0.4292303799777859,0.5328015802747226,0.8591172857456586,0.8451461242345512,0.8078401992946385,0.9054844349054272,0.8111166708890691,0.7582720244956722,0.780735499840489,0.7457021111721929,0.4924906532890253,0.9977802754820256,0.7896275290564245,0.6850885630215999,0.6444956181839554,0.6210163060724481,0.5300481963420896,0.8604806018541484,0.8467627026932134,0.9774192396189842,0.6344719168634527,0.8591172857456586,0.9591016377439943,0.7414011465591104,0.9052086865844842,0.9141564165985061,0.9836206585984131,0.8500946683680415,0.9229195650345485,0.9423009905783313,0.8500946683680415,0.8160028796418128,0.7021391001047339,0.914527400260391,0.9159718335311003,0.5406800392284454,0.9216020313541384,0.6172459444150689,0.8896682568954881,0.9751746250268971,0.7971181219208046,0.7867606759066665,0.7743148786603204,0.7569142563213492,0.9325992137927748,0.7888626210814842,0.8866410178144253,0.9652786001311678,0.829178883741835,0.9373877759472511,0.897589982466173,0.9224762063417071,0.8998371119525745,0.8025713065724318,0.6828318992317726,0.865412938555012,0.9681245573504424,0.7919815607102554,0.4331779706662191,0.5439711783311882,0.494122429183977,0.9230883978750236,0.7993973254219213,0.6866786788519494,0.8069065519459739,0.8924406131378575,0.8467627026932139,0.4337939001263429,0.9141564165985061,0.986776840223796,0.8174887035560279,0.8065663356068037,0.5739082075418835,0.6972093964344686,0.9392409081725516,0.8850366754478071,0.6446941012306596,0.9195860038224921,0.8841024249642826,0.7706368290474849,0.8549442225201116,0.8335656945690967,0.9950782375525045,0.6919170897854237,0.6341242627630249,0.908213390673464,0.8841024249642826,0.5573931545904096,0.5672857883778404,0.9816382885136016,0.9627406061213513,0.8104830829876122,0.6206717991576676,0.9143588156925635,0.9035331210577762,0.43337727221251265,0.8591172857456586,0.9147187142537472,0.8591172857456586,0.8591172857456586,0.5660968572424849,0.8213256187370721,0.5504002172224893,0.8591172857456586,0.539579337262549,0.6208229038489499,0.8669758292668843,0.5568840156781544,0.9636746105809773,0.7637055354471962,0.6896243517588247,0.7301312695908244,0.627165476531703,0.9543185748336596,0.9192884665616265,0.9866374545900776,0.7715485738634289,0.7203837121443459,0.6449026505363191,0.7144406371040422,0.9825285594046642,0.9093762272332484,0.7226893800828083,0.7616469542327663,0.510171486228856,0.9977802754820256,0.530161501603452,0.8556126329150244,0.8916069119479403,0.9485110385177797,0.7540682685219164,0.7465589441026702,0.7394287588496338,0.8467627026932134,0.8209047503398823,0.868632667163505,0.8556126329150247,0.6837781869428343,0.8748087899838579,0.6033944412452703,0.6609734986182374,0.9082133906734637,0.8616930700030194,0.8457402940353766,0.9258228811259943,0.6933365167623085,0.7800315783608655,0.5553028528275905,0.9543036924003026,0.8152082526732528,0.39669760536231546,0.6461313963983366,0.7486024337275978,0.5275001020185706,0.6685798819675625,0.8761807254491139,0.9517159138074034,0.8591172857456586,0.9774192396189842,0.8713488676698915,0.859117285745659,0.8128397702135125,0.8556126329150242,0.8797354478006452,0.817833215869477,0.5998800837636812,0.6953697860962387,0.5260696113471544,0.9532573045342178,0.43895807520656993,0.86018827584657,0.6909533916887225,0.8500946683680415,0.8764215177403109,0.7970498520437139,0.6025301886528579,0.6078799896499428,0.8417919434359729,0.8458180664101829,0.5427227409339214,0.6663913536470674,0.6347399894522174,0.6016997724361461,0.6924022760520008,0.7919815607102552,0.8354514756064965,0.7341510084616073,0.8961222571494831,0.708329605775596,0.8224870902746919,0.7722215384812032,0.8850018707449112,0.5388085709197363,0.5420429498761425,0.9391935263864014,0.7775008237061916,0.9688229601793568,0.5821486735621695,0.8193277076235783,0.9610497116856047,0.8187039301572867,0.7593113463936517,0.9548174173438431,0.8075557700147983,0.9411404869744744,0.8850018707449112,0.9428163151462239,0.815208252673253,0.8591172857456586,0.8170514910545466,0.686108314076411,0.587269738338781,0.4538207121736251,0.8591172857456586,0.7256507625132858,0.3916301669650697,0.8340623783589278,0.8215008241826153,0.9938689841141195,0.4042667997722289,0.7518749484264309,0.6380608155307839,0.8548860051144509,0.7495496958001727,0.58576216370291,0.7380453738990048,0.9506780844219123,0.5864356573485507,0.7290900563116723,0.9309867468047907,0.5821265739574637,0.7738798281022029,0.7990568456988287,0.6460120812776995,0.8152082526732527,0.9972508812949249,0.7525029000090184,0.7021391001047338,0.9767532317195727,0.9936011073285487,0.9216020313541384,0.859117285745659,0.8820463820882143,0.4652453927848663,0.5599176028819588,0.8545503661181639,0.8736104662007036,0.8457402940353762,0.8545503661181639,0.8850018707449112,0.8381364341119786,0.8591172857456586,0.8457402940353764,0.780735499840489,0.8591172857456586,0.5828960197893327,0.5839452887578391,0.8841024249642828,0.9977802754820256,0.9866374545900776,0.863806906695046,0.8545503661181639,0.3901938268466999,0.6510384250779084,0.8467627026932136,0.587523952218294,0.8591172857456586,0.4557026952905153,0.6638126320958513,0.9576555676984829,0.46794585287738766,0.6188149696637406,0.7034019047473051,0.8453549392150206,0.825220928096114,0.8473735649975928,0.8378281998597908,0.8904561153277737,0.8873794439622786,0.6354627622386295,0.8714881196176748,0.7092308827442111,0.7890188092658448,0.9283995430864388,0.5518203156003718,0.9354261958407397,0.5893260111425895,0.6048913584456781,0.8591172857456586,0.7961555888510782,0.9336588528849669,0.8896682568954879,0.5144871539344419,0.9519848113862236,0.7080665981379406,0.6239785189235361,0.8500946683680415,0.5283059562967507,0.46989397843420777,0.8591172857456586,0.8591172857456586,0.7818915322574531,0.7399537932023081,0.5864356573485506,0.6685553313511157,0.614162357413804,0.49778072258567885,0.717922380606242,0.5259041785715082,0.5723629298206206,0.576951409438512,0.8591172857456586,0.9241025890413344,0.9774192396189842,0.8954927753294006,0.3757621486618785,0.9216020313541384,0.615707143380009,0.8591172857456586,0.8591172857456586,0.5612080953673058,0.6708002705226193,0.5567414413304719,0.9064836245262686,0.49022606392544366,0.8817794235300811,0.9374797053735169,0.9918167575124655,0.5690173911978265,0.5092033556744047,0.8591172857456586,0.4188976563943071,0.5078346391123891,0.8961222571494829,0.9966012441338499,0.88583133748448,0.822214515738604,0.8949515837157815,0.43620934233569186,0.8638069066950458,0.9869883437245869,0.8591172857456586,0.5888481317371419,0.7072395288991502,0.7209514311750649,0.5835784062468012,0.808269569856197,0.8373021566360079,0.7926247868541423,0.3453218486169809,0.9147187142537472,0.6817982102946298,0.6633178788419021,0.9613259480801764,0.796182865963923,0.8069065519459739,0.8099750192678041,0.5495966363430143,0.8736104662007036,0.8545503661181639,0.7194582384709249,0.8026530697414007,0.6637410327390418,0.8248081909774483,0.8954927753294004,0.7249518768252255,0.8954927753294006,0.9368211999004499,0.5125510008014567,0.906231166514764,0.7295526973584181,0.9531337744920034,0.8354514756064966,0.880049875353079,0.9084801312614039,0.4127535891915586,0.8696886211206443,0.8545503661181635,0.8728916008334398,0.7407622156537621,0.8638069066950453,0.6202844127767331,0.8340940015319194,0.6206717991576673,0.5700014704559373,0.8591172857456586,0.28367324526168003,0.8904561153277739,0.5921058936997112,0.8896682568954877,0.9856069410800139,0.8174887035560285,0.45153457907663963,0.8591172857456586,0.5260696113471544,0.45106915056007535,0.8424726734166379,0.5294643769819216,0.5888481317371417,0.5495966363430141,0.9428163151462237,0.6035373035602911,0.8446638977563301,0.9100651933662425,0.5859276849901085,0.6444956181839547,0.4744985296423897,0.7738798281022033,0.7462439540085215,0.7021391001047339,0.9868381795985353,0.8608775563009488,0.6239958322836949,0.7486024337275978,0.4608407973305284,0.8591172857456588,0.8545503661181639,0.7050080166348034,0.6321835289712456,0.8107456462059799,0.5418591816508558,0.5293717172559362,0.8591172857456586,0.5480749371559017,0.8030133459687031,0.5154833692296883,0.8591172857456586,0.5986910355377004,0.7635815794562905,0.9216020313541384,0.8213256187370721,0.8545503661181639,0.7761595639363085,0.9307474244566613,0.8044394668938379,0.8929799621930966,0.7921284930721227,0.8479922898330876,0.47930891876682014,0.8591172857456586,0.8913387521486209,0.8591172857456586,0.8841024249642828,0.4779804428713219,0.7122997865296639,0.8954927753294006,0.9770487718221068,0.735065809329907,0.7738549767498821,0.7559256552641309,0.8591172857456586,0.7873346331228689,0.5864375043978767,0.6989686499985164,0.6471345731696281,0.8669758292668843,0.9428163151462239,0.7919815607102549,0.8549185404483219,0.8094841827285857,0.7028771643605121,0.4078495144047123,0.8094841827285857,0.9526511620195839,0.6765515156534132,0.9851225181999319,0.8094841827285857,0.8954927753294006,0.7069353599767666,0.8638069066950456,0.5192965002167145,0.6886770644806228,0.8327784007011552,0.6328639595105534,0.9066271744532046,0.8677771796929873,0.8467627026932134,0.8020856309491413,0.8062915690984296,0.8545503661181635,0.9349138804345936,0.8195060020559017,0.6903504863456469,0.7414011465591104,0.8189986709312969,0.7750395904422052,0.9269279001675303,0.5993675834004606,0.8638069066950456,0.9020294315021224,0.8553618404309205,0.7358072844360832,0.8221273223112766,0.6472517156024178,0.8877201950843199,0.9082133906734637,0.9506780844219125,0.9022938520727446,0.7955004339598504,0.6959544455840808,0.9174879050899067,0.9387941835520887,0.9146233340186616,0.7341510084616074,0.8770586801954892,0.9531337744920034,0.8298276445172594,0.5997549035170231,0.7817130746320883,0.7603818162347697,0.8448396335573531,0.9054844349054271,0.7612496477968103,0.958089358222828,0.8099750192678041,0.7208135032966237,0.9088135335566941,0.8276063582626014,0.8474331935017021,0.9939363498997056,0.8429869500177808,0.9559757359958665,0.7191285691073702,0.8793102049337945,0.8021027260977691,0.6638126320958513,0.9607529580583574,0.6850885630215995,0.7990568456988276,0.8307964537889383,0.9055923746512224,0.6663913536470678,0.8450216891863233,0.7645751990081133,0.9424198756037341,0.7171669333258888,0.8327357183954327,0.7157338063059663,0.8975899824661732,0.624198066323304,0.8327357183954327,0.9506780844219125,0.7028771643605125,0.8179352237647126,0.7807242383061461,0.9289368665380615,0.9816041948012666,0.9591016377439943,0.8971273238924682,0.9147187142537472
p138_R,0.7524297972473162,0.9413411539914588,0.8918007079504506,0.922501574170787,0.9492063492063487,0.9623211158059548,0.7050163519970583,0.7509151724713103,0.903814238682265,0.960221152322577,0.9398636845831868,0.9475597985845114,0.9475597985845114,0.922501574170787,0.9106019687464652,0.5567710364845595,0.9443834278905731,0.9314886672615048,0.9582144552981327,0.960221152322577,0.8875255844205961,0.938412400887346,0.935580996038617,0.9508971383859763,0.9369854052620162,0.9314886672615046,0.9443834278905731,0.916441965519317,0.960221152322577,0.7739436107925906,0.9250013316406692,0.9544316996038,0.9428469360414609,0.918836138227166,0.9492063492063488,0.9582144552981327,0.9508971383859763,0.9428469360414602,0.9623211158059548,0.9301606414450722,0.8993922310882436,0.9328339505740529,0.9623211158059548,0.9129151319089189,0.9443834278905731,0.8474513194974065,0.9526370111116405,0.9004911494084332,0.9301606414450722,0.8918007079504506,0.9544316996038,0.8495864161552136,0.9314886672615046,0.13408370177867734,0.9428469360414604,0.9288488221297497,0.9288488221297497,0.0,0.7383793872014481,0.9459533477380775,0.9060540201833016,0.831146423199498,0.931488667261505,0.8993922310882436,0.9562880686171874,0.8244397822834254,0.9544316996038,0.6473831763250286,0.7698078233874499,0.9582144552981327,0.9212691469911799,0.9301606414450723,0.9492063492063487,0.8266892096935957,0.0,0.8864622842804517,0.9384124008873459,0.9398636845831868,0.8233095582802461,0.9623211158059548,0.9398636845831868,0.9341976401680094,0.31108550994831186,0.9314886672615048,0.0,0.9176344520056336,0.9384124008873459,0.8046479448175361,0.8939536575643378,0.03139863267861642,0.0,0.8918007079504506,0.8311464231994979,0.8548949080074899,0.31108550994831186,0.48955645159511174,0.8896584524348262,0.8875255844205963,0.8198957816506434,0.8187498553347689,0.9288488221297497,0.9526370111116406,0.9492063492063488,0.8580633769736241,0.6072669396673074,0.9582144552981325,0.9071820194155719,0.7973204052495683,0.9369854052620166,0.8289245259008584,0.8759110188590657,0.9328339505740529,0.8070467719220202,0.9094556823349389,0.9526370111116405,0.7833099084134079,0.9413411539914588,0.9582144552981325,0.9623211158059548,0.8580633769736241,0.9129151319089193,0.8854008763534221,0.9369854052620166,0.9250013316406693,0.9314886672615048,0.7554264789789614,0.9508971383859763,0.6339927913026551,0.9475597985845114,0.9152582079543838,0.8727631680356085,0.9526370111116403,0.9544316996038,0.9623211158059548,0.944383427890573,0.8453085223330432,0.8790644420447875,0.9544316996038001,0.9544316996038,0.06018876900101988,0.8046479448175361,0.960221152322577,0.8244397822834253,0.8717146038820363,0.8875255844205963,0.9106019687464658,0.8928757609748665,0.8420784215528954,0.9301606414450723,0.7583810530554915,0.9602211523225768,0.9060540201833015,0.8559522762859684,0.8811713725919912,0.9544316996038001,0.9301606414450724,0.8950345750758598,0.9140827360776214,0.8938851835250172,0.5567710364845593,0.7367566674079002,0.9526370111116407,0.9341976401680094,0.7431708752992887,0.8972062142375331,0.9164419655193166,0.8612222667022558,0.8993922310882436,0.9262700211315916,0.8453085223330432,0.9225015741707872,0.9475597985845114,0.9288488221297494,0.6783615558233287,0.8538362113124117,0.8780124908814328,0.9582144552981325,0.6072669396673074,0.9200475251844382,0.5526275082095409,0.9117550006367755,0.8885909234541712,0.9288488221297497,0.9475597985845114,0.6394614409405002,0.8538362113124117,0.8580633769736241,0.9015943008452886,0.13408370177867746,0.9237454173815312,0.9459533477380775,0.9038142386822652,0.8221755430097109,0.7897778653703146,0.9060540201833015,0.0,0.9508971383859763,0.9459533477380776,0.4895564515951114,0.8355526955775657,0.8918007079504507,0.9475597985845114,0.0,0.8685695845092951,0.7897778653703147,0.960221152322577,0.0,0.6951973979147161,0.9152582079543838,0.8864622842804516,0.644778770381618,0.904931518601306,0.9475597985845114,0.0,0.6473831763250286,0.0,0.8117838598171899,0.8388272306091985,0.8355526955775658,0.0,0.6339927913026551,0.0,0.7050163519970583,0.9071820194155715,0.9164419655193167,0.8759110188590656,0.9526370111116407,0.7711949776746394,0.060188769001018994,0.9355809960386169,0.9384124008873461,0.9060540201833015,0.7554264789789611,0.9188361382271667,0.9544316996038,0.49513192327918454,0.8907283270583697,0.9027019168030599,0.8972062142375331,0.915258207954384,0.9152582079543837,0.944383427890573,0.8854008763534221,0.9459533477380776,0.0,0.9027019168030598,0.0,0.7334713952978886,0.9152582079543838,0.9544316996038001,0.9275522446953854,0.7711949776746394,0.9508971383859763,0.9140827360776214,0.936985405262016,0.8928757609748665,0.9398636845831868,0.8612222667022561,0.9526370111116406,0.8717146038820363,0.8717146038820347,0.8442340263447973,0.03139863267861642,0.9562880686171873,0.8289245259008584,0.9623211158059548,0.8333555867103808,0.8333555867103808,0.24376003609304187,0.8706662210952575,0.8748612665230131,0.9544316996038001,0.8485197883378751,0.7973204052495684,0.7780046509581304,0.9582144552981325,0.8289245259008584,0.9140827360776214,0.9341976401680094,0.9015943008452882,0.9582144552981325,0.8517144868263773,0.8141237078825918,0.9562880686171873,0.8982973238138027,0.9225015741707868,0.9526370111116407,0.9188361382271666,0.8070467719220202,0.9459533477380775,0.9526370111116403,0.9526370111116407,0.7985559379258667,0.9582144552981325,0.7985559379258667,0.6499526646778642,0.8854008763534221,0.8442340263447973,0.9582144552981327,0.9492063492063487,0.9301606414450722,0.9459533477380776,0.9544316996038001,0.8022278398026612,0.8982973238138027,0.9526370111116403,0.9301606414450723,0.9164419655193171,0.7250134267509765,0.9094556823349389,0.8843412180810756,0.6848496741376313,0.7923174570100687,0.6911250629978629,0.8727631680356076,0.9602211523225768,0.9038142386822652,0.9602211523225769,0.9188361382271667,0.9152582079543838,0.9094556823349389,0.9526370111116405,0.0,0.9544316996037999,0.9027019168030598,0.931488667261505,0.9582144552981325,0.9562880686171873,0.9475597985845114,0.0,0.9369854052620161,0.9582144552981325,0.9623211158059548,0.9106019687464654,0.8233095582802461,0.9341976401680094,0.9544316996038001,0.8333555867103808,0.8289245259008584,0.9369854052620166,0.942846936041461,0.8409971458279799,0.9526370111116405,0.9188361382271659,0.8117838598171898,0.9413411539914588,0.9106019687464656,0.9623211158059548,0.7655931084723667,0.9188361382271665,0.77800465095813,0.9443834278905728,0.03139863267861642,0.92126914699118,0.8854008763534221,0.8070467719220202,0.8082384637825221,0.8187498553347689,0.0,0.8538362113124116,0.9176344520056336,0.9200475251844384,0.9176344520056336,0.9602211523225768,0.8453085223330433,0.0,0.0,0.930160641445072,0.9038142386822651,0.8591172857456586,0.0,0.9602211523225768,0.9492063492063489,0.9225015741707869,0.8972062142375331,0.7897778653703147,0.9492063492063488,0.9237454173815309,0.9384124008873459,0.8322525541058978,0.9634411459729272,0.0,0.8811713725919912,0.9164419655193168,0.7766590274917047,0.9952327064015152,0.923745417381531,0.8704033497109469,0.9526370111116403,0.7960789049353038,0.0,0.7973204052495684,0.9314886672615051,0.8591172857456586,0.8300371089395653,0.9508971383859763,0.831146423199498,0.9428469360414605,0.0,0.896118697172979,0.7399891659895362,0.0,0.923745417381531,0.7948313236856198,0.8420784215528955,0.8152867967569688,0.8022278398026612,0.0,0.7698078233874489,0.8559522762859681,0.9562880686171872,0.6574604645689301,0.7250134267509767,0.9071820194155717,0.9083158055901509,0.8961186971729789,0.9526370111116405,0.8982973238138026,0.8864622842804516,0.935580996038617,0.8527760996057683,0.8738120195914164,0.8706662210952575,0.21151139151266873,0.9544316996038,0.9314886672615054,0.0,0.9582144552981327,0.9015943008452887,0.8129560940834346,0.9398636845831868,0.9275522446953853,0.06018876900102055,0.7478523304650294,0.9508971383859763,0.06018876900102055,0.9398636845831868,0.9492063492063488,0.9413411539914588,0.8790644420447877,0.9038142386822651,0.9582144552981325,0.8463809254714867,0.9602211523225767,0.9413411539914589,0.9355809960386171,0.801009545737682,0.9384124008873459,0.9602211523225768,0.7997856146881548,0.9164419655193166,0.5305546844946969,0.24376003609304187,0.938412400887346,0.9027019168030598,0.9526370111116405,0.9188361382271665,0.8993922310882436,0.8769613888066743,0.9341976401680094,0.8993922310882436,0.9398636845831869,0.9250013316406692,0.6827113291147924,0.7725735218970409,0.9049315186013058,0.9443834278905731,0.8141237078825919,0.8907283270583696,0.9225015741707872,0.9341976401680095,0.21151139151267007,0.8175997772209664,0.9398636845831869,0.8517144868263775,0.9341976401680095,0.915258207954384,0.7539334992316543,0.9526370111116405,0.8453085223330434,0.7143607147557587,0.9176344520056336,0.8993922310882433,0.9582144552981325,0.7301312695908226,0.8918007079504507,0.9562880686171874,0.9164419655193166,0.9443834278905731,0.9443834278905728,0.9544316996038001,0.9582144552981325,0.9250013316406693,0.8255663034700989,0.9129151319089183,0.9475597985845114,0.9475597985845114,0.7125274559321444,0.9071820194155714,0.08671734220308647,0.8717146038820363,0.0,0.9562880686171872,0.0,0.0,0.8187498553347689,0.2115113915126694,0.9188361382271665,0.0,0.7334713952978883,0.8377384241745145,0.4006068367505189,0.8527760996057685,0.8811713725919912,0.8058499662916013,0.9038142386822652,0.47795836130872393,0.8399134433261015,0.9428469360414605,0.8864622842804515,0.4408515443948542,0.9176344520056336,0.7711949776746395,0.6473831763250282,0.9250013316406693,0.9428469360414603,0.9459533477380775,0.7846176027958274,0.9562880686171872,0.8961186971729789,0.9526370111116405,0.9004911494084332,0.9384124008873459,0.9328339505740529,0.935580996038617,0.8485197883378752,0.9237454173815312,0.9060540201833016,0.9355809960386168,0.7223272158432528,0.9526370111116405,0.17526171623055564,0.9508971383859763,0.9140827360776214,0.8570084033315839,0.8399134433261015,0.4654487838138117,0.8570084033315841,0.5711669571562623,0.77934241058442,0.8896584524348263,0.9475597985845113,0.7766590274917051,0.9262700211315916,0.9623211158059548,0.8058499662916014,0.8463809254714867,0.7876282222528317,0.8034406041869142,0.938412400887346,0.9071820194155714,0.8822265994777523,0.0,0.9544316996038,0.9164419655193174,0.9492063492063487,0.8612222667022559,0.9384124008873459,0.9459533477380776,0.9262700211315916,0.8311464231994979,0.9355809960386169,0.8046479448175361,0.9602211523225771,0.7935775465776653,0.9398636845831868,0.8664724446651941,0.06018876900102055,0.9428469360414603,0.7143607147557587,0.9152582079543838,0.9341976401680094,0.7806724477786733,0.8801173618492381,0.7318083230664854,0.8633240709217587,0.9188361382271666,0.6991852245234762,0.8612222667022558,0.9250013316406693,0.960221152322577,0.9369854052620166,0.9508971383859764,0.8388272306091985,0.9027019168030597,0.525843532183836,0.03139863267861642,0.7960789049353036,0.8409971458279799,0.9623211158059548,0.8790644420447873,0.9526370111116403,0.9176344520056336,0.9164419655193169,0.932833950574053,0.9015943008452886,0.9250013316406693,0.9369854052620166,0.500567215157067,0.9398636845831867,0.9475597985845113,0.9544316996038,0.9623211158059548,0.0,0.9188361382271668,0.8654234385275935,0.8070467719220202,0.9200475251844383,0.0,0.8832831707913574,0.8244397822834253,0.9060540201833015,0.3445847415586565,0.9038142386822648,0.8918007079504506,0.8811713725919912,0.7859181167692969,0.9275522446953854,0.9060540201833015,0.659898971292181,0.8907283270583696,0.9562880686171872,0.9027019168030598,0.9288488221297497,0.9526370111116406,0.915258207954384,0.9623211158059547,0.9275522446953854,0.9459533477380776,0.9623211158059548,0.9413411539914588,0.9288488221297497,0.9492063492063487,0.6783615558233285,0.8843412180810756,0.9582144552981327,0.9492063492063489,0.938412400887346,0.780672447778673,0.8022278398026612,0.03139863267861642,0.9544316996038001,0.08671734220308558,0.03139863267861642,0.03139863267861642,0.3741839079094692,0.0,0.944383427890573,0.45276065613764793,0.0,0.9341976401680094,0.535161772248302,0.9582144552981325,0.9526370111116405,0.9562880686171874,0.9508971383859763,0.03139863267861642,0.7960789049353035,0.8580633769736241,0.935580996038617,0.84099714582798,0.0,0.9071820194155721,0.9526370111116405,0.9341976401680094,0.7935775465776653,0.9083158055901508,0.9582144552981325,0.9508971383859763,0.9369854052620166,0.915258207954384,0.6284764518573094,0.9492063492063487,0.4006068367505189,0.9212691469911799,0.9250013316406693,0.6848496741376318,0.9398636845831869,0.9582144552981327,0.9301606414450722,0.9526370111116405,0.9071820194155722,0.8420784215528955,0.0,0.9492063492063487,0.8822265994777521,0.960221152322577,0.8377384241745146,0.944383427890573,0.9398636845831868,0.8244397822834255,0.06018876900102055,0.7569089328329721,0.7846176027958275,0.0,0.0,0.40880739824839063,0.6991852245234766,0.9027019168030597,0.8058499662916012,0.8453085223330433,0.8152867967569689,0.8399134433261014,0.7997856146881548,0.9328339505740529,0.8129560940834346,0.0,0.9004911494084332,0.9544316996038,0.9623211158059548,0.8311464231994979,0.9582144552981325,0.8311464231994979,0.0,0.0,0.7739436107925914,0.9492063492063487,0.7819949015164562,0.938412400887346,0.8570084033315841,0.8993922310882436,0.68567022295256,0.8993922310882436,0.834455605728513,0.8506512873935217,0.0,0.9152582079543838,0.8175997772209664,0.9508971383859763,0.9582144552981325,0.5526275082095407,0.7351207557283753,0.43182584581086747,0.9176344520056336,0.9508971383859763,0.8591172857456586,0.0,0.8266892096935957,0.9176344520056336,0.8993922310882436,0.8727631680356078,0.8654234385275936,0.9413411539914588,0.9049315186013054,0.8538362113124117,0.9562880686171875,0.8685695845092951,0.8622735200335979,0.9443834278905732,0.9602211523225768,0.922501574170787,0.2586095064370062,0.8129560940834346,0.9544316996038,0.03139863267861642,0.8759110188590656,0.9288488221297497,0.9152582079543838,0.92126914699118,0.9623211158059548,0.9152582079543838,0.9623211158059548,0.9623211158059548,0.9027019168030598,0.36470195687094553,0.8961186971729788,0.9492063492063487,0.9602211523225769,0.938412400887346,0.9384124008873459,0.8322525541058978,0.9428469360414611,0.9475597985845114,0.9288488221297497,0.5210240199989244,0.9508971383859761,0.7684119013812074,0.3833143586062788,0.7125274559321442,0.7447432793600621,0.0,0.8918007079504506,0.9492063492063488,0.758381053055492,0.960221152322577,0.9328339505740529,0.9341976401680095,0.855952276285969,0.0,0.7399891659895363,0.8058499662916013,0.9341976401680095,0.8058499662916012,0.8266892096935957,0.8129560940834346,0.9544316996038,0.7143607147557587,0.6716454483484393,0.8058499662916013,0.7431708752992889,0.9355809960386166,0.6761489807685293,0.9623211158059548,0.9355809960386169,0.9492063492063489,0.8982973238138027,0.930160641445072,0.8388272306091985,0.47795836130872393,0.8106069085572615,0.9492063492063489,0.03139863267861642,0.8420784215528955,0.8612222667022561,0.5110414539348818,0.776659027491705,0.7524297972473161,0.0,0.9856724533720751,0.8633240709217587,0.922501574170787,0.0,0.8399134433261015,0.9428469360414605,0.9582144552981325,0.21151139151266962,0.03139863267861642,0.9114861522954758,0.931488667261505,0.8972062142375331,0.9288488221297497,0.9083158055901508,0.9355809960386172,0.8129560940834347,0.0,0.9275522446953854,0.0,0.9582144552981325,0.8333555867103809,0.8843412180810759,0.9623211158059548,0.9262700211315917,0.8022278398026612,0.904931518601306,0.9225015741707869,0.0,0.8322525541058978,0.8210376473859937,0.8506512873935216,0.9250013316406693,0.4006068367505198,0.9544316996038001,0.3227392978460526,0.9237454173815312,0.392115299153029,0.8928757609748665,0.7948313236856197,0.392115299153029,0.9225015741707872,0.9544316996038001,0.8854008763534221,0.392115299153029,0.9623211158059548,0.9314886672615049,0.9508971383859763,0.8854008763534221,0.9475597985845113,0.9237454173815312,0.9341976401680094,0.8918007079504507,0.9152582079543841,0.9355809960386168,0.9140827360776215,0.9301606414450722,0.9475597985845113,0.938412400887346,0.7301312695908226,0.9225015741707872,0.9015943008452887,0.8333555867103808,0.4244019359716926,0.9083158055901509,0.9301606414450722,0.9508971383859762,0.9526370111116405,0.9015943008452886,0.8939536575643378,0.9275522446953854,0.9275522446953854,0.9004911494084332,0.9544316996038,0.9562880686171872,0.5974763156586969,0.9262700211315922,0.8664724446651934,0.9176344520056336,0.9250013316406693,0.6549904556418,0.9369854052620166,0.9237454173815312,0.9492063492063487,0.8366469404145512,0.8780124908814328,0.9129151319089184,0.9004911494084332,0.6623067578386679,0.9562880686171874,0.9188361382271666,0.5906675167558797,0.9314886672615046,0.9443834278905731,0.9262700211315917,0.8993922310882435,0.6040574193889983,0.7598430279509687,0.9398636845831868,0.6739104850582693,0.9475597985845114,0.8832831707913574,0.7143607147557585,0.9526370111116406,0.9508971383859763,0.8864622842804516,0.9275522446953852,0.9526370111116405,0.8982973238138026,0.8633240709217587,0.708808264663793,0.9459533477380775,0.9459533477380775,0.8322525541058978,0.9341976401680094,0.9027019168030598,0.9526370111116405,0.8591172857456586,0.9341976401680094,0.9562880686171872,0.8928757609748665,0.9328339505740529,0.9508971383859763,0.960221152322577,0.8854008763534221,0.9582144552981325,0.7197593917099125,0.9562880686171872
p139_F,0.9811472271612041,0.7563074904491689,0.915264150341758,0.9458968937609289,0.9602211523225768,0.59541157575944,0.9383222355080776,0.9112539581227985,0.9246724996449085,0.9688473520249221,0.976238170109926,0.9589316626844853,0.9589316626844853,0.658907660345345,0.8640216888363321,0.9539382344839202,0.8917979759263731,0.9463456194504827,0.9672758151492922,0.6186915887850455,0.911916104177739,0.9517679141853161,0.7832689936382828,0.9615452872130625,0.9812882646010125,0.9463456194504827,0.9676769377237681,0.9345618542101832,0.6186915887850455,0.8229648286294511,0.9412650880954538,0.9643133649175286,0.9552408029353747,0.9364368411420321,0.9602211523225768,0.9342541377090323,0.9615452872130625,0.9706827259226706,0.9704919301607371,0.9298402628575503,0.9212094218042226,0.9473991727811977,0.9704919301607371,0.9632036283196386,0.8159190141289778,0.9673760738300571,0.9629078616894176,0.9220700353609519,0.9453055812599183,0.915264150341758,0.9448229719109481,0.8502145485085023,0.9463456194504827,0.9540615556502021,0.9552408029353749,0.9442782351269046,0.9442782351269046,0.9602211523225768,0.9193391628916547,0.9576735770276548,0.9264265757108796,0.9781086623875049,0.9463456194504829,0.9212094218042226,0.9657671730030435,0.8826391391211998,0.9643133649175286,0.9260856807199043,0.8978091213472763,0.9672758151492922,0.7215124614090789,0.9453055812599183,0.957486356544754,0.9007974233889862,0.9602211523225768,0.9110833848585063,0.9517679141853161,0.952904481298952,0.8616255760827238,0.920983946319307,0.952904481298952,0.5266905096690775,0.9422586572762626,0.9463456194504827,0.9602211523225768,0.7907746610627939,0.8399952979278097,0.8826723723783978,0.9169502243571086,0.9589316626844853,0.9602211523225768,0.8133077893013567,0.9115456612205786,0.925139185826386,0.9980151413438715,0.9698382173897019,0.8182615055319923,0.9119161041777388,0.8589520903530736,0.8941961293283134,0.9442782351269046,0.5986100747104803,0.9574863565447542,0.8371666625744258,0.9804836781759888,0.9672758151492922,0.7719350116403418,0.912270756397799,0.9506503681784948,0.9026728454973327,0.7629822610434246,0.9473991727811977,0.9203431471101322,0.815789643416488,0.9629078616894176,0.8656274904071584,0.6838997519740114,0.9672758151492922,0.9704919301607371,0.8888428923892238,0.9842981000157078,0.7839452431237177,0.9132268973805201,0.7641704294741715,0.9902272378284808,0.8438814653687023,0.9615452872130625,0.87149103136657,0.5612935260883846,0.9336347991328913,0.9003549758958829,0.9629078616894176,0.853959308739425,0.9704919301607371,0.9564441004788367,0.8563391043194222,0.9476534130774981,0.9643133649175286,0.9643133649175286,0.957673577027655,0.8470108069580579,0.9688473520249221,0.8989178714642765,0.9405885046495401,0.7788560373068378,0.9299882837258,0.9616288436298466,0.876324337473871,0.9453055812599183,0.810777072797328,0.9688473520249221,0.9264265757108794,0.8405377881349917,0.9069398281965728,0.9448229719109482,0.9453055812599183,0.7593813069575356,0.9327142329596736,0.927034035310814,0.8276313301891115,0.9010225825203138,0.8616993128705422,0.9859275654047343,0.8451155112420423,0.9662454225678805,0.7946878175844498,0.9900871334604326,0.7942849631106608,0.9422586572762626,0.9166835378272546,0.7163055070284614,0.9589316626844853,0.9442782351269043,0.9889940006742803,0.9241944187271152,0.9044659624194151,0.4419039020006532,0.9804836781759889,0.9934000968343186,0.8692793046054161,0.9308912761119588,0.9539590679156594,0.9942420842964471,0.9611058687776596,0.9925259141767915,0.7665094653859827,0.8888428923892235,0.9710638846211328,0.9540615556502022,0.9434430901748684,0.9576735770276548,0.9246724996449085,0.8488946792124081,0.8707511192158015,0.9761261745674079,0.9602211523225768,0.9615452872130625,0.9576735770276548,0.9220700353609517,0.9063779890105812,0.9605021604012389,0.9589316626844853,0.9602211523225768,0.8970707874646662,0.8707511192158015,0.9280373831775701,0.9602211523225768,0.9433354585651039,0.9336347991328913,0.9550108469657219,0.9660513766874224,0.9748350526392388,0.9589316626844853,0.9602211523225768,0.9260856807199043,0.9602211523225768,0.852599270700573,0.9483842914986946,0.9824178759266283,0.9602211523225768,0.8913167644457046,0.9602211523225768,0.9017356045997869,0.9774358012844697,0.6863876863023033,0.9028202028772294,0.9629078616894173,0.8914207546882851,0.9576735770276548,0.9495505106234361,0.9517679141853164,0.8747750288630065,0.837354233968765,0.7313620180897455,0.9643133649175286,0.9686270243184087,0.959385510350397,0.9238013891436974,0.9662454225678805,0.9872125588573135,0.9336347991328913,0.9564441004788364,0.7839452431237177,0.9644928340620884,0.9602211523225768,0.9723047356695362,0.9602211523225768,0.8270670500682897,0.852054161969421,0.9448229719109482,0.9432628256129658,0.856116501055498,0.9615452872130625,0.9327142329596736,0.9506503681784948,0.719711768163538,0.952904481298952,0.8913167644457047,0.9629078616894176,0.7309738342063735,0.8995337970065294,0.8780124908814333,0.9589316626844853,0.9398072791970182,0.8041277175025962,0.9704919301607371,0.906414271134099,0.8694930837030941,0.9473991727811977,0.8987127601538667,0.7237100096601362,0.9643133649175286,0.9194920767890469,0.8767715147934856,0.8614494698822028,0.9672758151492922,0.902672845497333,0.6960926188678583,0.948467140918744,0.9229339640663332,0.9672758151492922,0.9223095545373878,0.8544317135025308,0.9657671730030435,0.750104241500353,0.9393074128728371,0.9629078616894176,0.9364368411420321,0.8488894389623107,0.9576735770276548,0.9629078616894176,0.8616993128705421,0.8380544030567036,0.5403739491423285,0.8422398757411231,0.8863615183906015,0.9102521474185266,0.8578332487188298,0.9342541377090323,0.9602211523225768,0.8674131849162846,0.6531584784210592,0.9448229719109482,0.8807174319218227,0.9203519494821841,0.9629078616894176,0.9453055812599183,0.9345618542101832,0.8926489687296868,0.929090574034799,0.9094222802137257,0.8651004299649291,0.9147179766270429,0.871213740863837,0.8110481230425681,0.9688473520249221,0.9246724996449085,0.5155763239875379,0.9918036979367357,0.9872125588573131,0.929090574034799,0.9629078616894176,0.9602211523225768,0.9643133649175286,0.7851785317012698,0.9902272378284811,0.9672758151492922,0.9398072791970182,0.9611058687776597,0.9602211523225768,0.9812882646010125,0.967275815149292,0.9209839463193069,0.9299882837258,0.8839192332693959,0.7235063906986443,0.9643133649175286,0.8694930837030941,0.9759727047473508,0.6409814284985488,0.9552408029353749,0.8622328790603682,0.9493957255905624,0.9918036979367357,0.924348743344853,0.9540615556502021,0.981485790585267,0.920983946319307,0.8870801309378662,0.6759951612950419,0.8967537235149905,0.9564441004788367,0.9611058687776595,0.7782033441111664,0.9586895913852923,0.8846162930362216,0.885584350726123,0.8889550707191896,0.9602211523225768,0.9241944187271152,0.9354957453078971,0.8945707776353963,0.7907746610627939,0.9688473520249221,0.9166835378272546,0.9602211523225768,0.9602211523225768,0.945305581259918,0.9735615243851738,0.8354514756064965,0.9602211523225768,0.0,0.9602211523225768,0.48671412029599415,0.919497451312518,0.8815485856832991,0.9602211523225768,0.940281523787128,0.9094075605567681,0.9423304665216126,0.9213459937002999,0.9602211523225768,0.9497216571784259,0.6863876863023031,0.8603930719852717,0.862500999391064,0.9984192168061299,0.7763460997788457,0.9629078616894176,0.8757769776139173,0.9602211523225768,0.8392345523720056,0.8633729523864084,0.8896682568954879,0.9403242468533077,0.9615452872130625,0.978108662387505,0.6743768413548519,0.9602211523225768,0.9186457666042604,0.9183339377987378,0.9602211523225768,0.8853053971558665,0.9124845715380899,0.8763243374738707,0.8926489687296866,0.8451155112420421,0.9602211523225768,0.8550340249592367,0.879433876659176,0.8453817313970798,0.9607483250129105,0.9273449960602137,0.9273099638694315,0.9281978840490726,0.9884981945888781,0.9629078616894176,0.9203519494821841,0.9110833848585063,0.9836543654419936,0.8847021819311651,0.726171006987941,0.8987127601538667,0.9495505106234363,0.9643133649175286,0.9463456194504829,0.9602211523225768,0.9342541377090323,0.83641643315967,0.9612634641352691,0.952904481298952,0.9432628256129658,0.957673577027655,0.8380544030567041,0.9535979799037622,0.9576735770276548,0.9053808215188041,0.9602211523225768,0.9735307058746404,0.905289793832148,0.6842153024329689,0.967275815149292,0.9176189154668903,0.9688473520249221,0.9540615556502021,0.5828836218345708,0.8797355977355366,0.9517679141853161,0.9688473520249221,0.907962245660486,0.9887119198512566,0.9605021604012387,0.9881161094061225,0.9517679141853161,0.9238013891436974,0.5986100747104803,0.9364368411420321,0.9839553731674052,0.9036427959670745,0.948467140918744,0.9839553731674051,0.9053808215188038,0.9412650880954538,0.8262875324250603,0.8924951998175354,0.9758773877370215,0.9676769377237682,0.8544317135025308,0.8158085352345761,0.9393074128728371,0.948467140918744,0.9836543654419933,0.890193940004964,0.9053808215188038,0.9991870954884333,0.948467140918744,0.9592096814182649,0.80729398852732,0.5986100747104806,0.9166835378272546,0.8970334570250011,0.9550124172403793,0.9686270243184087,0.9672758151492922,0.8604028387223073,0.9605021604012389,0.9657671730030435,0.95713801450767,0.9564441004788364,0.6641610905341871,0.9643133649175286,0.9672758151492922,0.6463446365020211,0.844884883524438,0.9317998283510542,0.9589316626844853,0.9589316626844853,0.8979763176038495,0.9273099638694315,0.9564441004788367,0.772028541849384,0.9602211523225768,0.9657671730030437,0.9602211523225768,0.9602211523225768,0.8580546626695638,0.9495505106234363,0.7313620180897455,0.9602211523225768,0.8507520507155971,0.8729254856107442,0.9872125588573132,0.8454543388107644,0.9069398281965728,0.9550326616655347,0.7331043271732338,0.9723047356695362,0.8746288432976699,0.9552408029353749,0.9550108469657218,0.9657671730030437,0.9354957453078971,0.8967537235149903,0.8871895921957202,0.9998220154184708,0.9706827259226705,0.9576735770276548,0.8859836480030541,0.5621050879972654,0.9186457666042602,0.9629078616894176,0.7913208724665477,0.9094075605567679,0.9236313915934425,0.9495505106234361,0.8813688685160492,0.9434430901748684,0.9264265757108796,0.9495505106234361,0.9373855340691761,0.9629078616894176,0.9517679141853164,0.9535979799037623,0.9327142329596736,0.927034035310814,0.8636729854597188,0.9448229719109482,0.9660513766874224,0.9564441004788367,0.9962665127840864,0.7735694983485519,0.9589316626844853,0.82509139652853,0.9422586572762626,0.9704919301607371,0.8664998444650647,0.9555440044522299,0.9238013891436974,0.9045174167332098,0.9094075605567683,0.9774358012844695,0.9507653510800258,0.9602211523225768,0.9643133649175286,0.934561854210183,0.957486356544754,0.9110230653978575,0.9517679141853161,0.9576735770276548,0.9980151413438713,0.8747637690899395,0.9495505106234363,0.882672372378398,0.9688473520249221,0.8781669771911612,0.9762381701099259,0.8954284206508369,0.9644928340620882,0.6743768413548519,0.9333294375625141,0.9592096814182648,0.9859275654047343,0.9694876176253536,0.9061143838323409,0.8616378859339667,0.8929627841467684,0.9528294452685606,0.8677629859955873,0.8714910313665701,0.9412650880954538,0.515576323987538,0.9506503681784946,0.9615452872130625,0.9483842914986946,0.9723047356695362,0.9161060738860443,0.9589316626844855,0.8404071783150318,0.9878873607719469,0.9704919301607371,0.905289793832148,0.9629078616894176,0.9550124172403793,0.7946878175844497,0.9881161094061223,0.9808061948240677,0.7052575329880962,0.9812882646010126,0.9854926765128262,0.952904481298952,0.8811434002398044,0.9448229719109481,0.4868874522394837,0.9602211523225768,0.9528294452685607,0.9748025681490502,0.8846162930362216,0.7825416521051122,0.9602211523225768,0.9518158084907122,0.8098248093163587,0.9264265757108794,0.996705259555954,0.9246724996449085,0.7680697792418765,0.9069398281965726,0.8141886315781515,0.7538338724175455,0.9761261745674079,0.8830381436111521,0.9956532987665977,0.9657671730030437,0.8336818782271087,0.9442782351269046,0.8616993128705425,0.6913208827961561,0.9704919301607371,0.9432628256129658,0.9576735770276548,0.9209839463193069,0.9540615556502021,0.9442782351269046,0.4637314097487385,0.9514374462741437,0.9528733312996052,0.9672758151492922,0.960221152322577,0.9517679141853161,0.8892592555773314,0.8807174319218227,0.9611058687776595,0.9448229719109482,0.9676769377237682,0.9611058687776595,0.9589316626844853,0.9528294452685606,0.9602211523225768,0.9564441004788364,0.9724383613004925,0.9602211523225768,0.948467140918744,0.7708473443515707,0.9672758151492922,0.9629078616894176,0.9657671730030435,0.9615452872130625,0.9589316626844853,0.9113611393327945,0.8888428923892238,0.9495505106234363,0.8754775406461837,0.9602211523225768,0.9724383613004927,0.5986100747104803,0.948467140918744,0.9092140568173153,0.9281978840490723,0.8357840905673567,0.6141710483710604,0.9506503681784948,0.9872125588573131,0.9506503681784948,0.9602211523225768,0.9872125588573131,0.66482157870699,0.9412650880954538,0.9483842914986946,0.9529044812989522,0.9672758151492922,0.6177048731512209,0.9629078616894176,0.9774358012844695,0.9138808918740073,0.9602211523225768,0.5460239008814075,0.9077662249784124,0.9688473520249221,0.8292928204930176,0.8917979759263731,0.952904481298952,0.8989178714642767,0.957673577027655,0.871763708415827,0.9019971805868943,0.9602211523225768,0.9602211523225768,0.9857418255557404,0.8011999848286615,0.7366751851754314,0.8664998444650649,0.8788539781850342,0.8926489687296866,0.9384438915290364,0.9142985671377684,0.9236313915934429,0.9612634641352691,0.9602211523225768,0.9220700353609517,0.9643133649175286,0.9704919301607371,0.9115456612205783,0.9672758151492922,0.9045448781262264,0.9602211523225768,0.9602211523225768,0.8935656017904774,0.957486356544754,0.958811427370698,0.9788198231857259,0.9949312819359691,0.8417025656248469,0.9355758535992388,0.9212094218042226,0.8703545592670818,0.7719822819508495,0.9602211523225768,0.7984764022449999,0.8571539835218498,0.9535979799037622,0.9672758151492922,0.9550108469657219,0.8855843507261227,0.981485790585267,0.736028742336932,0.9615452872130625,0.9682054761806349,0.9602211523225768,0.9007974233889862,0.7907746610627939,0.9686270243184087,0.7698199943194899,0.8946068956234317,0.9540615556502021,0.925547493015499,0.8438334943577079,0.9657671730030435,0.8970707874646664,0.8921400493540417,0.9564441004788364,0.9688473520249221,0.996705259555954,0.990227237828481,0.8535173013518578,0.9643133649175286,0.9589316626844853,0.9028202028772292,0.9327624037197981,0.9336347991328913,0.9950331250804818,0.9704919301607371,0.691320882796156,0.9704919301607371,0.9704919301607369,0.9791919178046249,0.9373855340691761,0.9186457666042602,0.9602211523225768,0.9688473520249221,0.9517679141853161,0.9517679141853161,0.8734164873263962,0.9552408029353749,0.9589316626844853,0.9327624037197982,0.9169502243571086,0.9615452872130625,0.8635477725273677,0.9354957453078971,0.8616255760827238,0.8797355977355368,0.9602211523225768,0.7680697792418765,0.957486356544754,0.8707511192158015,0.9688473520249221,0.9473991727811977,0.948467140918744,0.9649817692440881,0.9602211523225768,0.847010806958058,0.8664998444650647,0.948467140918744,0.8479521653438944,0.8642723367835963,0.8535173013518578,0.9643133649175286,0.860737476487488,0.9319982236038633,0.8479521653438946,0.8344672026399325,0.9495505106234361,0.8216680194428492,0.9704919301607371,0.5160884979000004,0.9574863565447541,0.9674296364846788,0.945305581259918,0.8737781800841438,0.9238013891436974,0.8616378859339668,0.9602211523225768,0.9611058687776595,0.9138808918740073,0.8319589973352827,0.9884981945888781,0.8603930719852719,0.8770285044378545,0.9602211523225768,0.834363136168697,0.932771007121397,0.9458968937609289,0.9602211523225768,0.9120142963323286,0.9706827259226706,0.9672758151492922,0.9495505106234363,0.9589316626844853,0.8927556396064108,0.9902272378284807,0.919497451312518,0.5638843202599051,0.9787649061336618,0.9495505106234363,0.8950749854868495,0.9602211523225768,0.9432628256129658,0.9602211523225768,0.9672758151492922,0.7982162294178607,0.9094222802137257,0.9704919301607371,0.9422586572762626,0.8700691233197133,0.9748350526392389,0.9393074128728371,0.9602211523225768,0.9054798572912145,0.9323320600699363,0.9213692074375963,0.9409091189323957,0.9336347991328917,0.9643133649175286,0.9412650880954541,0.940281523787128,0.9887119198512566,0.9161060738860443,0.8770285044378545,0.9887119198512566,0.996705259555954,0.9643133649175286,0.9102521474185266,0.9887119198512566,0.9704919301607371,0.9463456194504829,0.9535979799037622,0.9976243215493139,0.7212184631640948,0.940281523787128,0.7235063906986443,0.915264150341758,0.9336347991328915,0.9495505106234361,0.9327142329596736,0.992267340798816,0.9589316626844853,0.9517679141853161,0.9602234796669928,0.8311012003946951,0.9710638846211328,0.8694930837030939,0.9828798843095532,0.8695340276125694,0.945305581259918,0.9615452872130625,0.9629078616894176,0.9710638846211328,0.9627660172534371,0.9432628256129658,0.9961565139931365,0.9220700353609517,0.9643133649175286,0.9657671730030437,0.9746060824205354,0.9422586572762628,0.9838278836587924,0.8455205797886557,0.9412650880954538,0.9996506126725186,0.9812882646010128,0.9402815237871283,0.9602211523225768,0.9422073751020215,0.988790672923878,0.9632036283196386,0.9220700353609519,0.9586559817779832,0.9657671730030435,0.8420957316791524,0.9300810290830976,0.9463456194504827,0.9564441004788367,0.8188365372042741,0.9839553731674052,0.9816432122925511,0.9887794382565891,0.952904481298952,0.9912214596241777,0.9589316626844853,0.8752956561209488,0.9577826208249471,0.9629078616894176,0.9615452872130625,0.9110833848585063,0.9432628256129656,0.8616993128705426,0.9203519494821841,0.8929627841467682,0.9727887544250968,0.6531584784210591,0.9576735770276548,0.8686292480608162,0.7891116843751679,0.9238013891436974,0.6863064874305009,0.8896682568954879,0.7891116843751665,0.9657671730030437,0.9616288436298466,0.9236313915934425,0.6141710483710596,0.9688473520249221,0.9102521474185266,0.9672758151492922,0.9664790626458124,0.9657671730030437
p139_H,0.9787992367808475,0.9413411539914587,0.8918007079504511,0.802655794227755,0.9492063492063489,0.962321115805955,0.7050163519970589,0.7509151724713119,0.9038142386822654,0.9602211523225768,0.9398636845831869,0.9475597985845114,0.9475597985845114,0.9225015741707872,0.5962188921715347,0.885400876353422,0.9950603702402812,0.9314886672615055,0.963200230518242,0.960221152322577,0.8656910624567932,0.6184246576716032,0.9888877218166614,0.9508971383859763,0.682793719717393,0.9314886672615053,0.8739479665019896,0.916441965519317,0.960221152322577,0.8021155478511961,0.9250013316406698,0.9544316996038,0.9428469360414606,0.6834876377246912,0.9492063492063492,0.6488589737837397,0.9508971383859763,0.9428469360414604,0.962321115805955,0.9301606414450718,0.5708164039832568,0.9328339505740533,0.962321115805955,0.9129151319089193,0.944383427890573,0.7277226075164047,0.9526370111116409,0.9004911494084336,0.27270736953143904,0.8918007079504511,0.9544316996038,0.8495864161552147,0.9314886672615053,0.9413411539914585,0.9428469360414604,0.9288488221297497,0.2861165153684895,0.9492063492063489,0.7383793872014481,0.9459533477380777,0.9060540201833018,0.699185224523476,0.5623226913000653,0.8993922310882434,0.13942135090087937,0.8244397822834255,0.7555085421050052,0.9490768789214075,0.9952327064015152,0.9582144552981327,0.9882450462521556,0.9301606414450718,0.9492063492063492,0.8266892096935967,0.9492063492063489,0.8864622842804519,0.9384124008873465,0.7208444903662712,0.8233095582802454,0.962321115805955,0.9398636845831869,0.9341976401680094,0.9262700211315922,0.9314886672615055,0.9492063492063489,0.9176344520056336,0.8954014960722596,0.804647944817535,0.9305175527166338,0.9475597985845114,0.9492063492063489,0.5305546844946998,0.699185224523476,0.854894908007491,0.9262700211315922,0.9004911494084338,0.6466699858728493,0.8875255844205974,0.8198957816506438,0.818749855334769,0.4333105145875694,0.9773757151292214,0.9492063492063492,0.7046132778772891,0.9335587141907045,0.9582144552981327,0.9471856021934963,0.7973204052495702,0.936985405262017,0.8289245259008577,0.5906675167558816,0.9328339505740533,0.8070467719220205,0.4390189014229958,0.9526370111116409,0.7833099084134094,0.9413411539914587,0.9582144552981327,0.9623211158059548,0.8580633769736241,0.9129151319089193,0.556771036484558,0.9369854052620168,0.92500133164067,0.9314886672615055,0.7554264789789615,0.9508971383859763,0.8612222667022574,0.9475597985845114,0.9152582079543843,0.872763168035608,0.9526370111116407,0.9544316996038,0.962321115805955,0.08671734220309513,0.845308522333043,0.8790644420447886,0.973053360823401,0.9544316996038,0.9459533477380777,0.7399891659895363,0.9602211523225768,0.8244397822834255,0.6040574193890007,0.6541624740659848,0.9106019687464653,0.9292058051524485,0.8420784215528958,0.930160641445072,0.758381053055493,0.7106088831467462,0.9060540201833018,0.8957154500195305,0.9153139730017579,0.973053360823401,0.930160641445072,0.51609160034973,0.9140827360776211,0.8570084033315835,0.5916352919321848,0.7652689524497795,0.9526370111116407,0.9341976401680094,0.8022278398026621,0.8972062142375334,0.3921152991530301,0.8612222667022575,0.8993922310882434,0.9262700211315922,0.845308522333043,0.9225015741707872,0.9475597985845114,0.92884882212975,0.7083340572373147,0.853836211312412,0.583615968875292,0.9582144552981327,0.870666221095258,0.49881142898556186,0.8864622842804519,0.9117550006367758,0.8885909234541711,0.92395717865117,0.9475597985845114,0.859117285745659,0.7450523201144434,0.951775522362714,0.9015943008452878,0.9413411539914585,0.9237454173815309,0.9459533477380777,0.9428307668638467,0.8221755430097129,0.8744980681654766,0.9060540201833018,0.9492063492063489,0.9508971383859763,0.9459533477380777,0.9004911494084338,0.9538832559337085,0.9279034959226291,0.9475597985845112,0.9492063492063489,0.9333068873774844,0.8431012558506538,0.9602211523225768,0.9492063492063489,0.8628210251713135,0.9152582079543843,0.8864622842804519,0.8570084033315833,0.505049718718048,0.15902882877072877,0.9492063492063489,0.8559522762859698,0.9492063492063489,0.8160221828268206,0.8388272306092,0.8355526955775656,0.9492063492063489,0.6970909090520427,0.9492063492063489,0.7634132344665409,0.9871891849714203,0.916441965519317,0.9240559319965391,0.34749025129697886,0.771194977674639,0.9459533477380777,0.9888877218166614,0.9384124008873465,0.49899471732957257,0.7923174570100682,0.9188361382271664,0.9544316996038,0.8993922310882434,0.8907283270583695,0.9027019168030599,0.9718218789028326,0.9152582079543843,0.9152582079543841,0.944383427890573,0.556771036484558,0.9459533477380777,0.9492063492063489,0.9027019168030599,0.9492063492063489,0.7334713952978902,0.9152582079543843,0.9544316996038003,0.9275522446953857,0.771194977674639,0.9508971383859763,0.9140827360776209,0.9369854052620168,0.7074937530717438,0.7773931278746946,0.8612222667022575,0.9526370111116409,0.6040574193890007,0.8717146038820363,0.8442340263447987,0.9475597985845114,0.9562880686171875,0.7030921523899177,0.962321115805955,0.8333555867103823,0.8333555867103823,0.9328339505740533,0.8706662210952578,0.5941012875682345,0.9544316996038003,0.8485197883378757,0.7973204052495702,0.7711949776746392,0.9582144552981327,0.8289245259008577,0.9140827360776209,0.28044486808720137,0.9400050159634599,0.9582144552981327,0.8517144868263766,0.8141237078825925,0.8929968346358235,0.8982973238138037,0.43619895209247594,0.9526370111116407,0.9188361382271664,0.8070467719220205,0.9459533477380777,0.9526370111116409,0.9526370111116407,0.7478523304650293,0.963200230518242,0.7985559379258658,0.8548949080074908,0.885400876353422,0.8442340263447985,0.806029602150991,0.39404761904761876,0.6712733640431825,0.9459533477380777,0.9544316996038003,0.8022278398026623,0.9358682901281239,0.9073884413700835,0.9203771106130237,0.916441965519317,0.7537446627817315,0.9094556823349393,0.8843412180810764,0.6848496741376326,0.8119584869803327,0.8651353356666012,0.6007944397117195,0.7929013742794156,0.9038142386822656,0.9602211523225768,0.6393013906082308,0.9152582079543843,0.8869426250894151,0.9526370111116407,0.9492063492063489,0.9544316996038,0.9027019168030599,0.3598472347246926,0.9582144552981327,0.9562880686171875,0.9248100053233805,0.9492063492063489,0.9369854052620168,0.9582144552981327,0.962321115805955,0.9106019687464653,0.7415376425438704,0.2804448680872016,0.9544316996038003,0.8333555867103823,0.7030921523899177,0.9369854052620168,0.9428469360414606,0.6805488111634861,0.9526370111116409,0.9188361382271668,0.7301312695908229,0.9413411539914585,0.9106019687464653,0.962321115805955,0.7655931084723673,0.6393013906082302,0.778004650958132,0.8739479665019894,0.9475597985845114,0.9212691469911802,0.5567710364845582,0.8070467719220205,0.8082384637825228,0.7197593917099122,0.9492063492063489,0.853836211312412,0.9176344520056336,0.364701956870947,0.9176344520056336,0.9602211523225768,0.845308522333043,0.9492063492063489,0.9492063492063489,0.930160641445072,0.9038142386822656,0.6394614409405044,0.9492063492063489,0.9602211523225768,0.0,0.3445847415586565,0.8972062142375334,0.7897778653703158,0.9492063492063492,0.33389379300925504,0.9384124008873465,0.697201644275902,0.735120755728377,0.9492063492063489,0.8811713725919916,0.39211529915303,0.7766590274917058,0.7793424105844196,0.9237454173815309,0.6104246148886667,0.9526370111116407,0.7960789049353048,0.9492063492063489,0.749389420004536,0.9314886672615055,0.859117285745659,0.7011485832187353,0.9508971383859763,0.6991852245234762,0.9428469360414604,0.9492063492063489,0.8961186971729784,0.8046479448175351,0.9492063492063489,0.9237454173815309,0.7948313236856202,0.6783615558233287,0.7250134267509782,0.8022278398026621,0.9492063492063489,0.7793424105844196,0.8559522762859697,0.9562880686171875,0.6574604645689297,0.7250134267509782,0.9071820194155724,0.908315805590151,0.6592514161579159,0.9526370111116409,0.8982973238138034,0.8864622842804519,0.935580996038617,0.8527760996057685,0.5974763156586982,0.870666221095258,0.935580996038617,0.9544316996038,0.5623226913000651,0.9492063492063489,0.9582144552981327,0.9447628386820249,0.8430909455922146,0.9398636845831869,0.9275522446953857,0.9459533477380777,0.826905421151435,0.9508971383859763,0.9459533477380777,0.9964123220916106,0.9492063492063492,0.9413411539914587,0.9466821273204218,0.5499543667756011,0.9582144552981327,0.8463809254714862,0.9602211523225768,0.9413411539914587,0.935580996038617,0.8010095457376822,0.9938077685674778,0.38143891861606916,0.9416327070216752,0.916441965519317,0.9640062838948074,0.9328339505740533,0.9384124008873465,0.9027019168030599,0.9526370111116407,0.9188361382271664,0.49513192327918454,0.8769613888066747,0.9341976401680094,0.8993922310882434,0.9398636845831871,0.9250013316406698,0.6827113291147933,0.857092418886652,0.9377301446838551,0.944383427890573,0.8141237078825927,0.5710436410416342,0.9225015741707872,0.9341976401680097,0.935580996038617,0.7215263774365888,0.9398636845831871,0.8517144868263767,0.9341976401680097,0.6571574449861832,0.753933499231654,0.9526370111116407,0.7018358251808481,0.8591931342040491,0.8639120513105902,0.8993922310882434,0.9582144552981327,0.7301312695908229,0.8918007079504511,0.9562880686171875,0.9539125216067482,0.944383427890573,0.944383427890573,0.9544316996038003,0.9582144552981327,0.92500133164067,0.7088082646637948,0.7100124523304276,0.9248100053233801,0.8609949072773262,0.8233095582802454,0.9071820194155726,0.944383427890573,0.8989356562990425,0.9492063492063489,0.9562880686171875,0.9492063492063489,0.9492063492063489,0.818749855334769,0.935580996038617,0.4625564021423878,0.9492063492063489,0.8094251427518592,0.8377384241745152,0.9152582079543844,0.7165196362358544,0.8811713725919916,0.9482782933250231,0.6670039513203438,0.9027019168030599,0.8399134433261006,0.9428469360414606,0.8864622842804519,0.9562880686171877,0.9176344520056339,0.8625297205894874,0.8559522762859699,0.46378792981729144,0.9428469360414604,0.9919305345581159,0.7641699068587247,0.9562880686171875,0.5480939444906392,0.9526370111116409,0.48955645159511296,0.9384124008873465,0.9328339505740533,0.9355809960386168,0.8485197883378757,0.9237454173815309,0.9060540201833018,0.935580996038617,0.9200475251844391,0.9526370111116407,0.9384124008873465,0.9508971383859763,0.9987214692868693,0.8570084033315835,0.7423832325596817,0.9544316996038003,0.6447787703816176,0.9443834278905732,0.7793424105844196,0.5753358994586452,0.9886251033694343,0.7766590274917058,0.9262700211315922,0.9623211158059548,0.7383793872014481,0.846380925471486,0.9027019168030599,0.7984578922301158,0.8400061283921278,0.9071820194155724,0.9165426167073856,0.9492063492063489,0.9544316996038,0.9596571364772952,0.9492063492063492,0.6339927913026575,0.9384124008873465,0.9459533477380777,0.9262700211315922,0.699185224523476,0.935580996038617,0.8046479448175352,0.960221152322577,0.753933499231654,0.9398636845831869,0.8664724446651939,0.9459533477380777,0.9428469360414604,0.8801085107890287,0.8281911838099564,0.38515920031983997,0.8247763577362226,0.880117361849238,0.7890064191135175,0.8633240709217584,0.9188361382271664,0.8311464231994985,0.7601890268014284,0.92500133164067,0.960221152322577,0.3025728446968007,0.9508971383859763,0.8983676175158462,0.9027019168030599,0.8928757609748676,0.9475597985845114,0.8075409127954849,0.7403555665395529,0.7778515786059422,0.8790644420447884,0.9526370111116407,0.6454585546268143,0.9596571364772952,0.9328339505740533,0.9015943008452878,0.8399176150739303,0.9369854052620168,0.8982973238138036,0.9398636845831869,0.9475597985845114,0.9544316996038,0.962321115805955,0.9492063492063489,0.9188361382271664,0.686568094616711,0.8070467719220205,0.9905461600724844,0.9492063492063489,0.8832831707913575,0.7106767612030851,0.9060540201833018,0.3445847415586565,0.9038142386822654,0.8918007079504511,0.8811713725919916,0.7627372759099207,0.9275522446953857,0.4593312998304312,0.8506512873935237,0.8907283270583692,0.9562880686171877,0.9027019168030599,0.28611651536848914,0.9526370111116407,0.40060683675052366,0.9623211158059548,0.9275522446953857,0.9459533477380777,0.962321115805955,0.9413411539914587,0.9288488221297497,0.9492063492063492,0.6783615558233287,0.8843412180810766,0.9582144552981329,0.9492063492063492,0.9384124008873465,0.768411901381208,0.8022278398026623,0.9475597985845114,0.9544316996038003,0.944383427890573,0.9475597985845114,0.9475597985845114,0.9188361382271665,0.9492063492063489,0.944383427890573,0.9071820194155725,0.9492063492063489,0.8040165292503936,0.7145711162149666,0.9582144552981327,0.9526370111116409,0.9562880686171875,0.9508971383859763,0.9475597985845114,0.7509151724713118,0.8580633769736241,0.9355809960386168,0.8409971458279797,0.9492063492063489,0.4927642389155702,0.9526370111116407,0.9341976401680097,0.7935775465776653,0.5670604064502989,0.9582144552981327,0.9508971383859763,0.936985405262017,0.9152582079543843,0.9369854052620168,0.9492063492063489,0.9152582079543843,0.9212691469911802,0.7458851937597704,0.8388272306092,0.8904904028915424,0.9582144552981327,0.3225281188454072,0.9526370111116409,0.9471856021934963,0.8420784215528956,0.9492063492063489,0.9492063492063489,0.8822265994777516,0.9602211523225768,0.6869643935402157,0.944383427890573,0.9398636845831869,0.8244397822834255,0.9459533477380777,0.7910509366485665,0.7846176027958294,0.9492063492063489,0.9492063492063489,0.9140827360776211,0.6991852245234762,0.9027019168030597,0.805849966291601,0.845308522333043,0.7250134267509784,0.8399134433261006,0.7997856146881546,0.2437600360930432,0.8129560940834348,0.9492063492063489,0.9004911494084336,0.9544316996038,0.962321115805955,0.699185224523476,0.9582144552981327,0.8311464231994985,0.9492063492063489,0.9492063492063489,0.7739436107925921,0.9194444444444443,0.7819949015164567,0.9384124008873465,0.6447787703816175,0.8993922310882434,0.9275522446953857,0.8993922310882434,0.8639788786293001,0.6598989712921823,0.9492063492063489,0.4006068367505232,0.817599777220966,0.9508971383859763,0.9582144552981327,0.9215191722498273,0.8367785125630915,0.9106019687464655,0.3833143586062837,0.9508971383859763,0.859117285745659,0.9492063492063489,0.8266892096935967,0.7328399533003251,0.8993922310882434,0.6007944397117195,0.8654234385275945,0.9413411539914587,0.9049315186013058,0.6524881350591025,0.9562880686171875,0.8685695845092947,0.8622735200335971,0.944383427890573,0.9602211523225768,0.9225015741707872,0.9314886672615055,0.8129560940834348,0.9544316996038,0.9475597985845114,0.8759110188590662,0.9288488221297497,0.9564664879277861,0.9212691469911802,0.962321115805955,0.9580166426603276,0.962321115805955,0.9623211158059548,0.5166670939267386,0.9200475251844391,0.8961186971729782,0.9492063492063489,0.9574863565447539,0.6184246576716034,0.9384124008873465,0.6972016442759021,0.9428469360414606,0.9475597985845114,0.9288488221297497,0.8939536575643374,0.9508971383859761,0.7806724477786735,0.9176344520056339,0.8813299315036964,0.8577904426004646,0.9492063492063489,0.5305546844946998,0.9492063492063492,0.789777865370316,0.9602211523225768,0.9328339505740533,0.9341976401680097,0.6473831763250306,0.9492063492063489,0.8046479448175352,0.738379387201448,0.9341976401680097,0.805849966291601,0.8266892096935967,0.8129560940834348,0.9544316996038,0.8221755430097129,0.8754988991654504,0.8523220488281857,0.7431708752992905,0.957805552405294,0.6761489807685315,0.962321115805955,0.9044988266272496,0.9851190476190477,0.8982973238138034,0.9203771106130235,0.8388272306092,0.9027019168030599,0.7318083230664858,0.9492063492063492,0.9475597985845114,0.8420784215528956,0.6339927913026575,0.8961186971729784,0.7766590274917058,0.7807259771890069,0.9492063492063489,0.7884981212068207,0.6283643276748934,0.9225015741707872,0.9492063492063489,0.8399134433261006,0.9428469360414604,0.9582144552981327,0.935580996038617,0.9475597985845114,0.8463809254714862,0.9314886672615055,0.8972062142375332,0.9288488221297497,0.44599337845963327,0.935580996038617,0.7284399588174316,0.9492063492063489,0.9275522446953857,0.9492063492063489,0.9582144552981327,0.6951973979147168,0.8843412180810766,0.962321115805955,0.9262700211315922,0.8306404201087902,0.9049315186013058,0.39039184682556627,0.9492063492063489,0.8322525541058987,0.821037647385995,0.8506512873935235,0.32273929784605193,0.9152582079543843,0.9544316996038003,0.9250013316406698,0.9237454173815309,0.916441965519317,0.8928757609748676,0.7524297972473155,0.916441965519317,0.9225015741707872,0.9544316996038003,0.885400876353422,0.916441965519317,0.962321115805955,0.25860950643700475,0.9508971383859763,0.626499547379811,0.9475597985845114,0.9237454173815309,0.6993021970177549,0.9279034959226291,0.9992249226337293,0.9355809960386168,0.9140827360776209,0.9301606414450718,0.9475597985845114,0.9384124008873465,0.869044468641188,0.9225015741707872,0.5606556875003068,0.8719900286803044,0.9117550006367758,0.9083158055901508,0.8705563612990554,0.9508971383859763,0.9526370111116407,0.867941408445681,0.8500990763695899,0.9275522446953857,0.9275522446953857,0.9767351992829902,0.9544316996038,0.9562880686171875,0.9399009776851528,0.9262700211315922,0.748083187754974,0.9176344520056336,0.6988689831026902,0.9143052801998222,0.9543800590178143,0.9237454173815312,0.9492063492063492,0.8662905055037968,0.6845606326709063,0.9129151319089193,0.9386131743457118,0.9105997694059793,0.6669241895153404,0.9044188733069921,0.9425887019071979,0.9314886672615053,0.2683859478105317,0.9262700211315922,0.9372344714402792,0.9372431009731566,0.8449554775620969,0.9398636845831869,0.9044659624194151,0.9475597985845114,0.7717769143152441,0.880108510789029,0.13752843001956527,0.9813818316380158,0.8864622842804519,0.9275522446953854,0.9526370111116409,0.5757091477857114,0.8633240709217587,0.8837694824533626,0.6813499460390834,0.867698299150503,0.8322525541058987,0.9341976401680094,0.5940845591627649,0.9526370111116409,0.859117285745659,0.9341976401680094,0.9562880686171877,0.8928757609748676,0.9328339505740533,0.981381831638016,0.9602211523225768,0.9054135909608206,0.9582144552981327,0.962965715633306,0.9562880686171877
p139_Y,0.9237980545404555,0.9282792334246621,0.8349149021845172,0.862644787644788,0.9225015741707872,0.8158540812532467,0.8961421073534717,0.9556717988516255,0.8532445498042329,0.9393074128728373,0.947688874714007,0.9199893491338639,0.9199893491338639,0.894594594594595,0.6777517861276627,0.8494676817049996,0.9581457206590636,0.8954688163631978,0.9910578376517607,0.8311012003946949,0.9994799761556172,0.7848674221395782,0.9123838819213479,0.9250812961986935,0.7930603358875294,0.8954688163631976,0.9159086277875701,0.8725113072902907,0.8311012003946949,0.6747439326997795,0.8855707623626501,0.9304741538905167,0.9127986978904696,0.8464622509008559,0.9225015741707872,0.7348814459346102,0.9250812961986934,0.9540324564594046,0.9425114327004686,0.9629411142488209,0.783980358226672,0.89752138272509,0.9425114327004686,0.9255752772876337,0.9581457206590638,0.8517809737813773,0.9277359074596556,0.8481743454856236,0.5505691504226686,0.8349149021845174,0.9810522968844484,0.9194522587571303,0.8954688163631976,0.9105012505384157,0.9127986978904695,0.8914410719709878,0.5610083729417277,0.922501574170787,0.7597790667859088,0.9175383063396301,0.8566618970084514,0.8686188002217026,0.7514717776798476,0.846497670574509,0.43596362229159924,0.8739981632251431,0.8672132741337564,0.8668232696277713,0.9632455513996586,0.9362456943690349,0.8676733463241244,0.8934425806304626,0.9683086794376969,0.7559022580972936,0.922501574170787,0.9531650549101229,0.9060327047326968,0.8551017577499604,0.7304145128693742,0.9970799457879602,0.9082470012068006,0.8082509147720798,0.8875064656813964,0.8954688163631978,0.922501574170787,0.9733010371560202,0.8621423904215091,0.9004472787052863,0.8637025644628556,0.9199893491338635,0.922501574170787,0.6110990691093332,0.8071962336586853,0.8001909810660303,0.9207523226987694,0.8747639177841733,0.6956857555891192,0.82839213135367,0.7252059422942556,0.743575248796509,0.6636741020205936,0.7793733011421322,0.9683086794376969,0.5629309018889512,0.8104384336335955,0.9362456943690349,0.9463035322237947,0.7302819902742848,0.9038554657884541,0.7593822847131334,0.6312479238440556,0.89752138272509,0.7453753921148882,0.541708972728989,0.9277359074596556,0.6890496464189431,0.8879743544154313,0.9362456943690349,0.9425114327004684,0.783440160725098,0.8963527586425646,0.6155511851450792,0.979626515369458,0.9504635334903249,0.9307747569588932,0.6465570244076255,0.9250812961986934,0.8816648385652771,0.8129498901600085,0.8608841892892483,0.805868370738001,0.9277359074596555,0.96836956012162,0.9425114327004686,0.40906351332964785,0.9113809587811849,0.9487055712950792,0.9810522968844484,0.9304741538905167,0.9175383063396302,0.8017941301933568,0.9393074128728371,0.7524045539759372,0.8072372903694054,0.6798138901014366,0.8636009307043996,0.8872345468276646,0.7590511108596087,0.8934425806304628,0.8086232527568988,0.8311012003946949,0.8566618970084507,0.8950153967350558,0.8425111710827857,0.9683695601216198,0.8934425806304632,0.3386887247150867,0.8689117123597327,0.8035490586609266,0.6641858336132538,0.6779040767172999,0.9746338287409402,0.9361204140696398,0.6982490754523112,0.8691840392913502,0.49450733340600217,0.8542749023230835,0.995135770340283,0.8875064656813964,0.7850367980772607,0.926544401544402,0.9199893491338637,0.8914410719709874,0.6765032214476845,0.798511297514587,0.8106159516520424,0.7348814459346105,0.9469887676211466,0.6854700440564525,0.9490282143343612,0.8741904440128019,0.9042121002855134,0.971671289257191,0.9644994759182185,0.952651162019584,0.5558666257896552,0.8488030544636932,0.876648408685276,0.9105012505384156,0.7603674824796212,0.9175383063396302,0.8804580254427761,0.8903139858116157,0.758041711974363,0.8666913852644189,0.922501574170787,0.9250812961986933,0.9175383063396303,0.8481743454856235,0.9554292062552849,0.8852772684305308,0.9199893491338639,0.922501574170787,0.8446233611710577,0.9550121825510622,0.996705259555954,0.922501574170787,0.9923629538293706,0.8707051888795788,0.8512214835788461,0.8252675829038232,0.7060857170229411,0.45686887588517133,0.922501574170787,0.9967294516116836,0.9225015741707869,0.9724291876439375,0.7956191817635372,0.8109948998126217,0.922501574170787,0.7056246658241839,0.922501574170787,0.9572386046271704,0.9420887388347676,0.9164949062751402,0.9501914227482252,0.5841127735433227,0.6902040370753011,0.9175383063396301,0.9388933740579654,0.9060327047326973,0.6177093393100026,0.8605645423219165,0.9389200949611651,0.9304741538905167,0.8895580642834773,0.9164503319823694,0.851547424409485,0.9212274082751998,0.9005285913052647,0.8707051888795787,0.9151430007264558,0.6155511851450794,0.960863418405634,0.922501574170787,0.8785462170031447,0.922501574170787,0.6132703617672496,0.7415905795865032,0.9810522968844484,0.8894628186153252,0.6705523575566974,0.9250812961986934,0.8689117123597327,0.903855465788454,0.6819907043598901,0.8945436312571668,0.7882598375451735,0.9277359074596556,0.6244164969948303,0.8042685237096227,0.7623400254281054,0.9644994759182184,0.96157184588811,0.7510001102051893,0.9425114327004686,0.766293969217489,0.9307077762079484,0.8975213827250901,0.8026689534016757,0.6121943689701956,0.9304741538905169,0.7900998439208515,0.710521773094291,0.8277657937055286,0.9362456943690349,0.7593822847131336,0.9244681771215599,0.5526222436137989,0.8766484086852763,0.9362456943690349,0.7951498097928976,0.7163991992504977,0.96157184588811,0.9717363674692558,0.6709459459459466,0.9277359074596554,0.8464622509008555,0.7056015623791769,0.9175383063396302,0.9277359074596556,0.9746338287409402,0.6350589909311426,0.7348814459346107,0.6926466702145564,0.7786058683809313,0.8251503574709125,0.9015725979810396,0.844505732500062,0.6194273731601159,0.7243154844685658,0.8658361333303508,0.9810522968844485,0.7180664476795503,0.871032332233665,0.9746338287409402,0.9976903810580005,0.8562109672938338,0.840954355825583,0.8618519839156851,0.8235335835879469,0.7683307668056298,0.9028538097082639,0.7697279551147183,0.666301595843571,0.8884990470778118,0.8532445498042333,0.7737033537115781,0.7848236881939834,0.9005285913052647,0.9961387200473326,0.9277359074596554,0.922501574170787,0.9304741538905164,0.7434706866856229,0.5749420747013698,0.9362456943690349,0.9858673317522388,0.9464802705130722,0.922501574170787,0.941740990578956,0.9362456943690349,0.9970799457879602,0.8636009307043995,0.8244332156373793,0.3700303356435981,0.9304741538905169,0.7457422433436818,0.8734045114756086,0.8688313854685339,0.9127986978904697,0.7628834534128142,0.9765510393593577,0.9069834982716535,0.9277246538237129,0.9105012505384157,0.8922663859023955,0.9970799457879602,0.6816828440031898,0.5999080000733641,0.7005938978479769,0.9581457206590638,0.9644994759182183,0.9623421987017502,0.49396456397464306,0.7254884772470325,0.7273260662256534,0.8138352659548962,0.922501574170787,0.7985112975145868,0.8743307438550614,0.5295709493914131,0.9733010371560205,0.9393074128728371,0.7850367980772607,0.922501574170787,0.922501574170787,0.8934425806304627,0.8804580254427761,0.7122088759851415,0.9225015741707869,0.48671412029599415,0.3445847415586565,0.0,0.8431623547994254,0.8368299002050427,0.9225015741707872,0.5985593158144926,0.9833076730146282,0.8867168000149588,0.7551106620359198,0.922501574170787,0.8425111710827855,0.43422339442469626,0.6788876978675574,0.68298545867977,0.9160161841901238,0.4509381265262715,0.9277359074596556,0.7086151623032806,0.922501574170787,0.8152330145858591,0.9986133618497159,0.7850481623064791,0.8914556699755822,0.9250812961986936,0.8686188002217028,0.8810325092648543,0.922501574170787,0.9259046396619866,0.9202978514453768,0.922501574170787,0.9807394508561751,0.8251171314296999,0.9064625675447129,0.8209147257449845,0.6982490754523111,0.922501574170787,0.8402161208666907,0.9101253302890756,0.96157184588811,0.8411102027361763,0.9211128761479767,0.8583829421286899,0.8601128166776513,0.7966867035614482,0.9277359074596556,0.8448271155174851,0.8267698008899672,0.9388933740579656,0.7753730959142644,0.6163299443218828,0.8026689534016755,0.9017126880527936,0.9304741538905167,0.7514717776798476,0.922501574170787,0.9910578376517607,0.9090241544371724,0.9855043917305186,0.9082470012068006,0.8070438511128337,0.9175383063396302,0.9316594345433339,0.9723157551667553,0.9175383063396302,0.9734273782715801,0.9225015741707872,0.9508061295476461,0.8626449186901584,0.5480589861478271,0.9362456943690349,0.786726192679448,0.9393074128728371,0.9105012505384157,0.8380225099110046,0.7161921985258882,0.9446701888736626,0.6015098136622283,0.8899445335769982,0.9026532767809433,0.9104584515535377,0.9334160095166193,0.9060327047326973,0.8515474244094852,0.8281884330418343,0.8761642169182167,0.44085281354205463,0.8122738071647502,0.8996020324755996,0.8992865236029117,0.9871307482212135,0.8855707623626501,0.5575170356226742,0.9281074139614737,0.9804388689276406,0.9573800935979492,0.896537106592239,0.6411522856002956,0.8817567567567569,0.8996020324755994,0.9388933740579654,0.8162085316442234,0.9871307482212136,0.9694890218435618,0.8996020324755994,0.7714139820121892,0.8020915799692516,0.8281884330418343,0.7095865591070429,0.9711288343288229,0.9123537495604532,0.8728920970887102,0.9362456943690349,0.6281861782266647,0.8600960853075241,0.9333065093925879,0.7055011198405703,0.9151430007264557,0.8736715349160766,0.930474153890517,0.9362456943690349,0.8848772518315147,0.7789915446322568,0.8698670921968827,0.9909903972974268,0.9464802705130722,0.9327564544572137,0.85838294212869,0.915143000726456,0.8529424887130493,0.922501574170787,0.9333065093925881,0.922501574170787,0.922501574170787,0.7234575449215729,0.9017126880527933,0.5074501560130547,0.922501574170787,0.8885684059201711,0.7524293587376008,0.9005285913052647,0.7740117207379864,0.818697191013531,0.9584625472803221,0.6569128887019979,0.8784646496539201,0.7557478947704017,0.9127986978904697,0.8512214835788459,0.9333065093925879,0.8743307438550609,0.9364140520712241,0.7802191483051633,0.6553252660256785,0.9540324564594046,0.960863418405634,0.6795214643554244,0.8038893788091563,0.7708431163413407,0.9277359074596556,0.5668550639462859,0.9833076730146283,0.9693106363081486,0.9017126880527936,0.7688790278969669,0.9483778175231494,0.8566618970084511,0.9017126880527935,0.8413691387214932,0.9277359074596555,0.9060327047326974,0.9723157551667553,0.9279460296507918,0.8035490586609266,0.8072388791161007,0.9810522968844483,0.631769311023755,0.915143000726456,0.7616007897732306,0.6210539836207314,0.9644994759182186,0.8360896531359451,0.8875064656813962,0.9425114327004686,0.8193841109342328,0.8078367280332465,0.8515474244094852,0.7048930661935313,0.8621423904215098,0.8862848743640492,0.8681770753957146,0.922501574170787,0.9304741538905167,0.9026532767809433,0.9683086794376969,0.7496347090094573,0.9060327047326968,0.9175383063396303,0.9207523226987694,0.6024543451152942,0.9017126880527937,0.7217921240444714,0.9393074128728373,0.6640145522031435,0.947688874714007,0.7962702979293608,0.960863418405634,0.8810325092648543,0.9913325464581244,0.8907075917149334,0.5891406252078384,0.9808183816417563,0.9696460862436502,0.8501230802260304,0.7914666658764192,0.9378027796250891,0.7423716115458533,0.8156497737873671,0.8855707623626499,0.7737033537115781,0.5657471871445166,0.9250812961986937,0.8371477580902834,0.8785462170031447,0.8365551646144354,0.9199893491338635,0.6792022374497834,0.8880265470939597,0.876262702764818,0.8154825411864675,0.9277359074596556,0.7599855305715346,0.946636875765793,0.9334160095166193,0.8554422952177847,0.7537046885138943,0.941740990578956,0.8972375489498452,0.9082470012068002,0.9909903972974268,0.9810522968844484,0.7554454597416758,0.922501574170787,0.9378027796250892,0.848210728078802,0.9044707110577328,0.9037287765875095,0.9225015741707869,0.8459783380310503,0.7612210090272398,0.856661897008451,0.5750965250965256,0.8532445498042327,0.9888168159544353,0.818697191013531,0.8150749762893426,0.9419297756780969,0.6730386828554282,0.772131163132141,0.8833329070124858,0.9333065093925881,0.9865413873777829,0.5610083729417277,0.9746338287409402,0.4433565553296446,0.9425114327004684,0.8894628186153251,0.9175383063396303,0.9970799457879602,0.9105012505384157,0.8914410719709877,0.7568486889608455,0.6765032214476845,0.8477200779284806,0.936245694369035,0.9225015741707872,0.9060327047326971,0.8628781523554647,0.7180664476795502,0.9644994759182183,0.9810522968844485,0.9573800935979494,0.9644994759182183,0.9199893491338635,0.9378027796250892,0.922501574170787,0.9151430007264558,0.9141868065994085,0.922501574170787,0.9178060595541999,0.7162335709772247,0.9362456943690349,0.9277359074596556,0.933306509392588,0.9250812961986935,0.9199893491338635,0.8569326697795387,0.7834401607250981,0.9017126880527935,0.7574013541427947,0.922501574170787,0.6672842098702021,0.8281884330418343,0.8996020324755994,0.9020290748176601,0.7739695238475353,0.9541300190655135,0.8387464089609984,0.903855465788454,0.9005285913052649,0.903855465788454,0.922501574170787,0.9005285913052647,0.8992296304499996,0.589738984366869,0.7956191817635376,0.9734273782715801,0.936245694369035,0.3420735495675933,0.9277359074596556,0.9141868065994087,0.7799565059593385,0.922501574170787,0.8026557942277546,0.8203072037072685,0.9393074128728373,0.7503010649821213,0.9996171864694426,0.9082470012068006,0.7524045539759371,0.9175383063396302,0.8782531542889,0.7107195417174497,0.922501574170787,0.922501574170787,0.8984288710052624,0.561505967406616,0.9594610274348983,0.8627223202747059,0.7639794379599398,0.8209147257449847,0.8597986628926628,0.7340973847639816,0.4563753350273805,0.7745932914095686,0.922501574170787,0.9125195038274307,0.9304741538905167,0.9425114327004686,0.8071962336586853,0.9362456943690349,0.947113500089245,0.922501574170787,0.922501574170787,0.6943934596711931,0.9400771100284837,0.7853404453533623,0.9446701888736627,0.8055175049669296,0.9784698031455157,0.9569057808979561,0.9159524907976788,0.7680126622211975,0.6944559301969866,0.9225015741707869,0.503003360181016,0.7217028129421279,0.9723157551667553,0.9362456943690349,0.8756731662677247,0.7472323459079007,0.8922663859023956,0.45524909259369895,0.9250812961986935,0.8287649415854687,0.922501574170787,0.7559022580972936,0.7295118867737507,0.8728920970887104,0.643352463955813,0.9955494926935586,0.9105012505384157,0.8549492399295393,0.7280325129085239,0.9333065093925877,0.7994700095886345,0.7898637875872265,0.9151430007264557,0.9393074128728371,0.9137065637065638,0.9307747569588932,0.7146177121945902,0.9304741538905167,0.9199893491338635,0.8106712049456514,0.9598848913568984,0.9601753961566368,0.911432664794749,0.9425114327004686,0.6222969698837582,0.9425114327004686,0.9425114327004684,0.6894731014983031,0.8780124908814337,0.8415030753570436,0.9225015741707872,0.9967052595559541,0.7848674221395779,0.9060327047326968,0.59954264863056,0.9127986978904701,0.9199893491338639,0.9598848913568984,0.8381997656144689,0.9250812961986935,0.6850176353804176,0.8743307438550614,0.770882901186942,0.9340134896656946,0.922501574170787,0.5859178859863265,0.9683086794376969,0.6989505708013529,0.9393074128728373,0.8975213827250901,0.8996020324755992,0.8300623057430994,0.922501574170787,0.701941551304381,0.8193841109342328,0.7717325331780391,0.7037755358791752,0.7355710168869778,0.71461771219459,0.9304741538905167,0.728684288777202,0.8903235986638643,0.9421957124724708,0.8063166188667118,0.9760740600631372,0.736387175840727,0.9425114327004686,0.6892997658903173,0.9858842152953933,0.8931207173207159,0.9976903810580001,0.7540906054367914,0.9054634422475796,0.810228218589373,0.9225015741707872,0.9644994759182183,0.7799565059593386,0.7056246658241843,0.8931902497972588,0.8557398975444936,0.8591039146158818,0.922501574170787,0.6773009537554007,0.8318344348897484,0.9456563706563706,0.922501574170787,0.7765580483948541,0.9540324564594046,0.9362456943690349,0.9017126880527934,0.9199893491338635,0.8922788694484414,0.9307747569588933,0.843162354799425,0.8347836504853696,0.6613794747783617,0.9017126880527936,0.8255695138239096,0.922501574170787,0.8894628186153252,0.922501574170787,0.9362456943690349,0.740464609811132,0.8235335835879464,0.9425114327004686,0.8875064656813962,0.876605425497463,0.8823845551200091,0.6389961389961394,0.922501574170787,0.949183684908242,0.7672964318504061,0.9854963258004903,0.524152702708057,0.8707051888795788,0.930474153890517,0.8855707623626501,0.883654550857098,0.8260689978031812,0.8365551646144352,0.8393677299937303,0.8260689978031812,0.9137065637065637,0.930474153890517,0.8251503574709125,0.8260689978031812,0.9425114327004686,0.5396361341056743,0.9723157551667553,0.7857724547836904,0.9019701437287178,0.8836545508570981,0.6621773883959188,0.8600960853075241,0.9303519937309511,0.9017126880527937,0.8689117123597329,0.9281918474396418,0.9199893491338639,0.906032704732697,0.9923984193504073,0.9904440154440155,0.7482785767790088,0.863774965053977,0.894298990140012,0.9727028657468246,0.9675603521328204,0.9250812961986934,0.9277359074596556,0.9626060136565604,0.9577778435984425,0.8894628186153251,0.9231842997566406,0.9013534900827226,0.9304741538905167,0.9333065093925881,0.9227089361519581,0.8875064656813964,0.6660457308915178,0.996225319046196,0.5569458435374637,0.8826624252827757,0.98248795984004,0.8836545508570977,0.922501574170787,0.8748198271493187,0.8340851092721,0.9255752772876336,0.8747639177841731,0.8556183345319354,0.8038893788091566,0.877281532254292,0.9501914227482254,0.8954688163631976,0.5357747919441285,0.9795101062491114,0.8367692112550749,0.8986476870566928,0.9923266033243223,0.9082470012068006,0.9435835200548961,0.9199893491338639,0.8171946768041969,0.9480563171539702,0.4376673778442166,0.9723157551667552,0.8267698008899674,0.8894628186153247,0.9746338287409402,0.788299850455997,0.7914666658764192,0.9819710083579034,0.6058854609343278,0.9524863574623583,0.7440592910622423,0.9543244411482399,0.7974682718729413,0.8770035649415369,0.7850481623064791,0.9543244411482399,0.9333065093925881,0.8618948557210496,0.9693106363081486,0.7915119499929366,0.9393074128728373,0.9710543028754369,0.9362456943690349,0.9345414892045127,0.9333065093925881
p140_K,0.6651605311812738,0.8812890045220128,0.25504823559208767,0.9732707772590499,0.8972062142375332,0.972947370281771,0.7178743145714503,0.7159838879092514,0.8053438099485697,0.919497451312518,0.7683410254227849,0.8938740030413768,0.8938740030413765,0.8691840392913501,0.8424272240284696,0.7565914078748618,0.9218460317966504,0.6785683150328035,0.915436392877107,0.919497451312518,0.4265321301126578,0.7470160966964987,0.9789581263147968,0.9390983012237011,0.788109289178447,0.8613500083222565,0.8874458144092714,0.8308992056894287,0.9662454225678805,0.6092883316035937,0.9550554140410148,0.9489746595216717,0.5447518727250815,0.8357444190687311,0.9345140465701829,0.9600784247075338,0.6761982198649465,0.8843363349468663,0.9237472579920245,0.8586624125474207,0.3652192623494599,0.8640725290007107,0.9237472579920245,0.8237617667988897,0.8874458144092714,0.6019647342375725,0.61875815359627,0.7986186992005442,0.8300186788531602,0.7810313952077226,0.9077810309891676,0.5072219187245499,0.8613500083222565,0.8812890045220125,0.8843363349468663,0.47505933928576216,0.856007614722273,0.8972062142375332,0.7618183971262407,0.6153680131491935,0.8098765737128362,0.6582821252725035,0.8613500083222574,0.45120756771566783,0.9115378627127524,0.7272366596000779,0.9489746595216719,0.7261168293091838,0.5694507822119407,0.9154363928771068,0.8406682270198922,0.462096332326574,0.8972062142375332,0.6492618275962327,0.8972062142375332,0.13445832827619675,0.7155475991416482,0.8968355718577379,0.8401803703019317,0.9237472579920245,0.8782989718810936,0.9249696154065189,0.850788759349866,0.6498132102424949,0.8972062142375332,0.8581319192100829,0.8753619326452873,0.9603385812328948,0.861506511985431,0.8938740030413763,0.8972062142375332,0.8015403392332581,0.7080561574456965,0.7239232904807396,0.850788759349866,0.8202747130292051,0.7969574100109589,0.1261240298815327,0.63551360954282,0.6987344074189856,0.9674964557209342,0.9439067604692684,0.8972062142375334,0.7659905267665321,0.9792243509399646,0.5935012569881961,0.9378670414717092,0.5898266315638896,0.8724740464567164,0.720247483891665,0.7678134211072545,0.864072529000711,0.6581013920600916,0.9287868610851239,0.6585158886812214,0.5774887937881541,0.9141155203977136,0.9154363928771065,0.6826518436900048,0.7127553819965815,0.8237617667988895,0.8076904584340714,0.9033301068535198,0.8482212456214522,0.9763704274834926,0.884786705529159,0.5992575240826765,0.719148193478701,0.893874003041377,0.8285035731719173,0.7425041232185348,0.817546829021026,0.9489746595216717,0.9237472579920247,0.8874458144092718,0.6956473824170686,0.7744621636243396,0.8862508263483135,0.63908905515329,0.8906229438722484,0.4899697847708022,0.613022836133859,0.9921711436119217,0.8315323235487535,0.7723796026043286,0.8190804967023388,0.7832070366225143,0.6804057859886821,0.8586624125474209,0.7035313487162176,0.919497451312518,0.8098765737128346,0.9200885516366033,0.4840584300992651,0.9489746595216721,0.8586624125474209,0.8293912044041178,0.7411480627811693,0.9228855407164513,0.7878850887208411,0.6257073919947964,0.9368200342758781,0.9560600502201053,0.599758065280739,0.1907414521705726,0.8799977696515331,0.8625250170122274,0.49420172039877175,0.7701296128142121,0.6869427110255244,0.8431623547994256,0.48985047076030175,0.9953686659705987,0.6974322924811568,0.9101905285822337,0.9442732148249351,0.9600784247075336,0.868010229556595,0.8381959666424068,0.8912206768749719,0.9428923390508211,0.9961053380457427,0.9117520352216038,0.8938740030413768,0.7504935882619679,0.9846434276467262,0.7127553819965815,0.8226712151778663,0.8812890045220123,0.8456795858023052,0.9259093040850026,0.9383287406132206,0.4219367374866696,0.5745623964412232,0.8098765737128351,0.8972062142375332,0.9006279533325656,0.8906229438722486,0.7986186992005433,0.42532863833115575,0.7810313952077226,0.8938740030413768,0.8972062142375332,0.2178843429910925,0.5745623964412234,0.919497451312518,0.8972062142375332,0.6962298433449723,0.8285035731719175,0.7702277461203106,0.7106203762852267,0.6784639219422486,0.8938740030413768,0.8972062142375332,0.7084830363703276,0.8972062142375331,0.798001563631993,0.5482410840706201,0.5597689392145462,0.8972062142375332,0.9224097476874835,0.8972062142375332,0.7181749813765248,0.960591913596421,0.8308992056894287,0.1905511257773107,0.9439067604692684,0.5369552280886736,0.8906229438722484,0.7972661213634322,0.8753619326452879,0.8098765737128346,0.8847867055291587,0.7124389829679731,0.8450571978158095,0.796394760330013,0.7992446077919151,0.6691639247764971,0.784159303367909,0.9043083694549344,0.828503573171917,0.8874458144092712,0.8076904584340716,0.8906229438722486,0.8972062142375332,0.8030927455898653,0.8972062142375332,0.6305528252968475,0.8527933965694763,0.9077810309891681,0.8533836626942162,0.5369552280886737,0.9006279533325656,0.8261247088378552,0.5104047456072169,0.8244831199575433,0.961082845075214,0.719148193478701,0.9041490253843174,0.8334441730144893,0.49650882011199826,0.684768196914165,0.8938740030413763,0.9115378627127524,0.7812880472485185,0.9237472579920245,0.8636144310806384,0.9807836424956036,0.9897546545575586,0.8168830931905252,0.7656043388044989,0.9077810309891681,0.6934415191357757,0.782952356958417,0.7267958478175662,0.5935012569881961,0.6537855547103564,0.8982459135680176,0.8668322994400732,0.8226712151778666,0.5935012569881961,0.67274046678284,0.6401339426439976,0.9115378627127522,0.30941617631730567,0.8431623547994251,0.9041490253843172,0.7375399050770453,0.6419043920274441,0.5447952927236853,0.5790004185113193,0.9765777693608293,0.4897154837721771,0.9154363928771068,0.994939970472188,0.7063431845071186,0.12281957705148838,0.684768196914165,0.9154363928771068,0.8972062142375334,0.8869641315110042,0.8906229438722486,0.9077810309891683,0.5997580652807395,0.7941789388239802,0.9439067604692684,0.6602083650716593,0.8308992056894287,0.5087807105838502,0.8398927367478095,0.7659352327632296,0.690737760900189,0.8422426805813996,0.9360799324727385,0.7985772384913407,0.9662454225678805,0.8053438099485697,0.9662454225678805,0.8630445156224058,0.8285035731719173,0.7668625795681778,0.9041490253843172,0.8972062142375332,0.9077810309891667,0.8030927455898653,0.8613500083222572,0.5935012569881961,0.9115378627127524,0.893874003041377,0.8972062142375332,0.7881092891784469,0.9154363928771068,0.9237472579920245,0.7840251387534356,0.6983840134857011,0.8965748830334173,0.9077810309891681,0.6627529257978395,0.41574743675131887,0.8724740464567164,0.8843363349468667,0.693254594022626,0.9041490253843174,0.8357444190687309,0.4538524397396273,0.8812890045220123,0.8190804967023386,0.9237472579920247,0.5256184304052975,0.8357444190687311,0.5507363224907991,0.7341517943295626,0.8938740030413763,0.8406682270198922,0.9859387858531448,0.6095103919621485,0.6119220815314015,0.4328623243179923,0.8972062142375332,0.7042006442572855,0.8333125033847859,0.8381959666424068,0.8936739225369432,0.919497451312518,0.6869427110255242,0.8972062142375332,0.8972062142375332,0.8586624125474207,0.8053438099485695,0.9641257217871808,0.8972062142375331,0.919497451312518,0.8972062142375334,0.8431623547994254,0.0,0.5745623964412234,0.8972062142375334,0.8456795858023056,0.8753619326452875,0.38721102300800225,0.4639499255685573,0.8972062142375332,0.15433631609228626,0.8308992056894287,0.5480131134250286,0.569450782211941,0.8643923295259693,0.7361389099747917,0.539242683426367,0.5873141420039811,0.8972062142375332,0.4928261728121076,0.8901051131125661,0.9112555336564446,0.761388342883143,0.9006279533325661,0.4079006071543163,0.9179193815543989,0.8972062142375332,0.7897699373705662,0.620823160235177,0.8972062142375332,0.8456795858023056,0.6008635831441465,0.3661098504327256,0.4434951916933665,0.5997580652807393,0.8972062142375332,0.8702984384917922,0.7084830363703274,0.9600368414886554,0.8915979120183184,0.7862441658683983,0.8121593651564607,0.8144538679399584,0.9576487532633989,0.6585158886812214,0.7941789388239802,0.7702277461203106,0.990759872859976,0.7020552403740377,0.7633983469982677,0.22374111247921935,0.8696318695590657,0.63908905515329,0.8613500083222572,0.8972062142375332,0.9952795434620394,0.7627485886338818,0.7028817629976432,0.8782989718810938,0.844505367226349,0.8906229438722484,0.9728509954180853,0.9390983012237015,0.8906229438722484,0.8782989718810938,0.8972062142375334,0.9141155203977138,0.18842353553219193,0.8275079650593447,0.9154363928771068,0.6891129897265378,0.919497451312518,0.881289004522013,0.8999138703842933,0.8875927269768689,0.9672955795804572,0.919497451312518,0.5671606266298059,0.8554484876704809,0.7810313952077224,0.864072529000711,0.5582051113673951,0.3833029545582749,0.9041490253843172,0.7124389829679731,0.8178918366715657,0.6592060669014551,0.8668322994400732,0.8823830656962224,0.8782989718810938,0.8482212456214522,0.7438201518830072,0.8438256692728756,0.9416739089981321,0.8874458144092714,0.9849296546392587,0.9561540370392159,0.8431623547994256,0.866832299440073,0.8696318695590659,0.43643826637758754,0.8782989718810938,0.3416376346717178,0.866832299440073,0.8800185460573753,0.7750363742013961,0.9041490253843174,0.9613471139399274,0.4877568062489366,0.8829513350353801,0.7963947603300134,0.9154363928771065,0.9606419976816412,0.8015403392332585,0.9115378627127524,0.9045470516325855,0.8874458144092716,0.8029522291043203,0.9077810309891681,0.9154363928771063,0.8482212456214522,0.4272317186134509,0.4622253177841288,0.6348564769246126,0.6711079784656924,0.642422249068058,0.9485085979047316,0.8874458144092712,0.8129199066911559,0.8972062142375332,0.6175693860257451,0.8972062142375332,0.8972062142375332,0.6331945381161157,0.8696318695590657,0.8357444190687311,0.8972062142375332,0.6143236262488391,0.6716227047619487,0.8285035731719174,0.7020552403740377,0.1349408976212877,0.4705445896710141,0.8053438099485692,0.8030927455898644,0.676024405549428,0.8843363349468663,0.8513910795802995,0.9115378627127524,0.8333125033847861,0.6147579680641693,0.7084830363703276,0.8579847912247512,0.8843363349468663,0.8906229438722486,0.9966604743274211,0.9115378627127524,0.9786971957105686,0.6585158886812214,0.7986186992005433,0.875361932645287,0.8640725290007103,0.5852921155868387,0.710724921821188,0.8643923295259694,0.8098765737128355,0.8696318695590657,0.8635905304363201,0.9041490253843172,0.8753619326452886,0.9006279533325663,0.909430873818215,0.7106203762852263,0.5612734481978016,0.9077810309891681,0.6525841304211006,0.8874458144092716,0.8735869195441999,0.6559845174138041,0.9663770061235324,0.5640173559856101,0.580588798896251,0.9237472579920247,0.4705445896710141,0.6891129897265378,0.8030927455898647,0.4770344844760437,0.8753619326452875,0.8121593651564607,0.8201375623166898,0.8972062142375332,0.63908905515329,0.8308992056894289,0.8972062142375334,0.5102013800285976,0.8753619326452873,0.8906229438722486,0.8513613902076239,0.541303073950486,0.8696318695590659,0.6046557592352861,0.6597708073892234,0.662675900906085,0.8782989718810938,0.7480198998326468,0.8906229438722484,0.9179193815543989,0.6730373170321498,0.8527933965694763,0.8668322994400732,0.5473324743702739,0.7573871924904234,0.4572463811672628,0.7234017253528271,0.9612490296140914,0.7083080503210668,0.4743571741452156,0.8482212456214522,0.9194974513125183,0.9033301068535196,0.9006279533325665,0.4975063404020077,0.8030927455898655,0.7832070366225143,0.8938740030413763,0.49591391842097465,0.4214587650020186,0.972947370281771,0.7552563432383497,0.9041490253843172,0.9077707508606774,0.7517630006326828,0.5512362052323652,0.8663112358292613,0.8579847912247511,0.8724740464567164,0.7576186187466611,0.4471046593353968,0.8938740030413768,0.63908905515329,0.9237472579920245,0.8972062142375332,0.8357444190687311,0.49066931326276064,0.7876773923212734,0.914379658024147,0.8972062142375331,0.8225791073251654,0.6455572534620375,0.8098765737128348,0.8431623547994256,0.13077674473421652,0.9656118914375456,0.7595202495317857,0.5667512199537921,0.6797175653648402,0.8098765737128348,0.6977551460134606,0.7115526818703475,0.5747609540928814,0.9330355895933143,0.856007614722273,0.9041490253843172,0.8527933965694765,0.9237472579920245,0.8808482963378008,0.8906229438722486,0.9237472579920245,0.42935416208827293,0.8838798249719386,0.8972062142375332,0.7406929932671722,0.1309311477349161,0.915436392877107,0.8972062142375334,0.8753619326452877,0.5473324743702739,0.6158984259522886,0.8938740030413763,0.8450571978158093,0.887445814409271,0.8938740030413763,0.8938740030413763,0.8357444190687306,0.8972062142375332,0.8874458144092712,0.8121593651564609,0.8972062142375332,0.8965748830334175,0.7788611615278427,0.9154363928771065,0.6585158886812214,0.9115378627127524,0.9006279533325661,0.8938740030413763,0.6245836643262437,0.7305004302532321,0.8696318695590657,0.6782175513672177,0.8972062142375332,0.8121593651564607,0.9041490253843172,0.47883086150636145,0.582252011381104,0.9333723855760502,0.9154363928771065,0.9006279533325658,0.8724740464567164,0.8285035731719175,0.8724740464567164,0.69240763010332,0.8285035731719173,0.8920705826304338,0.9016383298312334,0.8598535731288977,0.9289592084664757,0.9154363928771065,0.8586624125474207,0.6585158886812215,0.8121593651564607,0.6974322924811571,0.8972062142375332,0.8972062142375332,0.18567192997801862,0.919497451312518,0.5521200840449831,0.7341517943295626,0.8782989718810936,0.6447095428977248,0.8906229438722484,0.5771387778233854,0.5641193013442634,0.8972062142375332,0.8972062142375332,0.8261247088378547,0.8417105171172348,0.8030927455898653,0.6485452497825408,0.6869427110255242,0.6393517483648147,0.37483514578045896,0.6109314474014389,0.8640725290007105,0.6214693983885538,0.8972062142375332,0.7986186992005433,0.63908905515329,0.9237472579920245,0.5746536906495281,0.5935012569881961,0.6582821252725035,0.8972062142375332,0.8972062142375332,0.5585214399050178,0.8972062142375334,0.5748240324329363,0.4952681162576922,0.6702728941237022,0.2577338806416981,0.8533836626942155,0.9671373999129147,0.698521717882949,0.7809157936970923,0.8972062142375331,0.9256628667621534,0.6308670644773215,0.6761982198649465,0.9154363928771065,0.8498869407096559,0.755779818063306,0.8190804967023388,0.8333125033847857,0.9006279533325658,0.2703591330808014,0.8972062142375332,0.649261827596233,0.8333125033847859,0.796394760330013,0.9771303004174355,0.5270265393378153,0.8812890045220128,0.8076049081535599,0.9101905285822338,0.9115378627127522,0.6959642736835182,0.7212756702013876,0.8874458144092714,0.8467626924106706,0.8431623547994254,0.8613500083222569,0.7191642359194608,0.9077810309891674,0.8938740030413763,0.9572016853100607,0.8838798249719384,0.8285035731719173,0.8406682270198922,0.9237472579920247,0.8285035731719175,0.9237472579920245,0.9237472579920245,0.955024894994716,0.8381959666424068,0.789769937370566,0.8972062142375332,0.8467626924106704,0.7784845942513501,0.8753619326452875,0.8716984120324804,0.5783349193326154,0.8938740030413768,0.8560076147222733,0.7853884327096379,0.9006279533325656,0.732239830977009,0.8333125033847861,0.9390594309188671,0.8875927269768694,0.8972062142375332,0.7810313952077221,0.9908702887645178,0.7029012861910118,0.919497451312518,0.8640725290007105,0.8668322994400717,0.9388411048525466,0.8972062142375332,0.6046557592352861,0.470544589671014,0.8668322994400723,0.607088353387438,0.649261827596233,0.6214693983885535,0.63908905515329,0.640127282651016,0.8927460132113265,0.6647271279744984,0.6255046224849004,0.8696318695590661,0.9590088492831886,0.972947370281771,0.9907598728599758,0.8972062142375332,0.8216475390937119,0.9435675694381718,0.673826179677318,0.8030927455898644,0.457246381167263,0.8972062142375332,0.8938740030413763,0.6804057859886821,0.4922792770869071,0.9366003108162295,0.5480131134250286,0.4989791443360656,0.8972062142375332,0.5719725107898148,0.2479013206222911,0.8431623547994251,0.8972062142375332,0.6760244055494282,0.8843363349468663,0.5935012569881961,0.8696318695590657,0.8938740030413763,0.5199821450397504,0.8613500083222572,0.9537072608528625,0.856007614722273,0.814453867939958,0.8578301230138875,0.4504296450678269,0.8972062142375332,0.8533836626942162,0.8972062142375332,0.9154363928771065,0.9473067249484706,0.7659352327632296,0.9237472579920245,0.850788759349866,0.6900660651710967,0.8076049081535595,0.8185557468055498,0.8972062142375332,0.6605206606335422,0.6378244633589021,0.7461605230111296,0.8749297877263429,0.5885406652866663,0.9077810309891683,0.6977335385954049,0.8456795858023052,0.8308992056894287,0.7832070366225143,0.4989791443360653,0.8308992056894287,0.5583389018863002,0.9077810309891683,0.12281957705148838,0.8308992056894287,0.9237472579920245,0.8613500083222572,0.9006279533325661,0.9150343655807036,0.8938740030413768,0.8456795858023052,0.8668322994400728,0.7810313952077228,0.32135260791351794,0.8696318695590659,0.8261247088378549,0.8586624125474207,0.8938740030413768,0.8753619326452879,0.6841532597972377,0.8705991157893999,0.5881885060282998,0.6627529257978386,0.8449833193436886,0.33732534843206885,0.8586624125474207,0.9006279533325656,0.6585158886812215,0.8444912255035635,0.9930972887713627,0.8445053672263491,0.8994346345135196,0.8635867406865276,0.6390890551532902,0.6175693860257451,0.819713169968239,0.8778660184810032,0.9304863473395248,0.8581319192100829,0.8312762491198606,0.771961116990159,0.9341861672503229,0.8456795858023047,0.6924076301033198,0.905168874242372,0.864581024626396,0.914433497548216,0.798618699200544,0.7498413012819698,0.9115378627127522,0.9383472819496206,0.8246299003680961,0.8613500083222565,0.8874458144092716,0.7972068719453493,0.8393889130131178,0.8148317561568923,0.8125108790895967,0.7683410254227847,0.8387402482984418,0.9301255045824546,0.8421741408504806,0.7059473514132828,0.9041490253843172,0.6377278719738124,0.7702277461203106,0.8533836626942164,0.9041490253843174,0.986265699865134,0.7234017253528275,0.8123070106862,0.9259093040850026,0.7212270937874569,0.6605206606335428,0.9263174666267615,0.7571211463821036,0.9439067604692686,0.7148882326744324,0.8059992810331444,0.617569386025745,0.7832070366225143,0.8640725290007105,0.9006279533325658,0.919497451312518,0.7680797190076101,0.9154363928771063,0.7151193747447027,0.6175693860257445
p140_N,0.8757533208713892,0.9063134821252565,0.5521903666172367,0.9661996292182582,0.7866211206538798,0.8952501289971454,0.8272220450287899,0.8134464906952531,0.5592336474023913,0.8107770727973276,0.8726904482574116,0.8054295822822948,0.8054295822822948,0.8368299002050428,0.8751730843161643,0.8555187937427593,0.9781302557243623,0.7164488397748479,0.9622268329997987,0.9169343421262848,0.6860921316624118,0.7927444267338892,0.9915514511506925,0.8246639839958154,0.7625548701434586,0.6741002898710906,0.7698170080916691,0.6582725876518856,0.9169343421262847,0.8574509089948301,0.7443256688918838,0.8144187923946173,0.8142990563745895,0.803914599332366,0.8148611882522669,0.8608518199425021,0.8258956469281091,0.7888784557376951,0.8207663324301318,0.7323753884960293,0.583609769912361,0.923918933028927,0.9324920272806524,0.6217796898636889,0.9000127878621025,0.473025203219285,0.834071026591791,0.5430414974646122,0.7109524752172354,0.6560758230419159,0.8767816144427205,0.5348904250449844,0.6958663923837356,0.831769642181651,0.880653735982677,0.747718780816125,0.9165011629280251,0.7897778653703145,0.7109127856870662,0.8297343501202492,0.5531109034631979,0.6890559131474818,0.8688115573633635,0.8602364316246571,0.8190873193696531,0.5272007302693248,0.9049485083889182,0.8486974357437198,0.8712201301194853,0.9284351619806999,0.7908794599593851,0.7109524752172354,0.8995813910474276,0.3385272367004506,0.7897778653703145,0.5300959748590248,0.7689244285564298,0.7754268322694218,0.5462116316570924,0.8812984813018137,0.8598346077756153,0.9978234613124481,0.69485017710411,0.934109864901298,0.7897778653703145,0.7718316875972553,0.9928755896689774,0.8050074325743967,0.8414453190315164,0.7829632068236254,0.7897778653703145,0.6763839054942336,0.7050721648617384,0.6690483334948223,0.940802915850554,0.9323996579645817,0.6966923321833471,0.549656248998613,0.2426245557018395,0.3858672536976554,0.7266209830521373,0.9845436024770435,0.8180179329687025,0.8558183092156741,0.7172697738433456,0.827060148923404,0.7534620103364003,0.1820649248833116,0.7703168208965709,0.38744843770937387,0.6584552938774055,0.921177875255804,0.38865293211466434,0.8879059353921646,0.8039765114147406,0.47840825760406336,0.8700549980439252,0.8012314698665081,0.8440565830183067,0.3919858505427659,0.8019364356618167,0.8255355465508181,0.7625548701434592,0.7645426310506959,0.9558759674139432,0.6266292995833056,0.7967756161717694,0.9638920695056934,0.8877510244611109,0.7807552485505292,0.43719494732681197,0.8340710265917908,0.9049485083889179,0.8207663324301319,0.7698170080916691,0.7881721823193137,0.8027076106477395,0.8425856863408152,0.842585686340815,0.8297343501202494,0.4117687243569683,0.8353653627728155,0.552188205645479,0.5817680060768,0.8376875568444102,0.5747449172704215,0.6935084601447818,0.28745161524357243,0.9034350857644682,0.38495120698510643,0.9061368756587873,0.5531109034631961,0.7642147939215167,0.9339562729431052,0.9703258475148754,0.6892059529765251,0.8346161451075764,0.7717913125081068,0.7616594482195733,0.6756193105911106,0.814429033013903,0.9243545721229425,0.8402284569668983,0.5601365295347339,0.6387318413161174,0.7842519392715941,0.6247398279161507,0.7463313356254766,0.8793147311639431,0.562734986239221,0.8762239943203827,0.7829632068236254,0.8092274661401347,0.7717119573865063,0.782348413260433,0.741092801962155,0.8350231408856075,0.9600277956123348,0.9189873783192484,0.726063896954549,0.9548860163531456,0.6987456975781976,0.9375989606920125,0.8328700630085667,0.9497206087153549,0.6206128418987107,0.4054179191185078,0.7631289935410559,0.8814655354773884,0.7442542914107444,0.8764565355611856,0.7102275485509978,0.6003300731194807,0.40072639225181717,0.928326676665203,0.7897778653703145,0.7955439532394754,0.9365740280542731,0.8217133836428521,0.6501277807971311,0.6250274383226687,0.7505486208297506,0.7897778653703145,0.5117166518058403,0.3764399442365557,0.8107770727973278,0.7897778653703145,0.8534704830351274,0.6520524137118109,0.550362236846593,0.6679331993269657,0.6234493507040707,0.782963206823625,0.7897778653703145,0.9554802689395165,0.7897778653703147,0.6340538292232994,0.5377653242404317,0.5610840712306713,0.7897778653703145,0.574860881932528,0.7897778653703145,0.48822828354082004,0.8509027208379292,0.8585820023484636,0.5150983350559768,0.8039765114147404,0.25083070103369753,0.8030244306367431,0.8479953711128707,0.9833044121535635,0.8670101743155205,0.704879984338221,0.7590835987698885,0.8114042753167636,0.7951478053394114,0.7733632732492616,0.6971762144996891,0.815197814722076,0.8359136063385517,0.5968940559237881,0.7354390287806853,0.6756193105911106,0.7963267771106681,0.7897778653703145,0.836770838968116,0.7897778653703145,0.6412214029522639,0.7595917698826178,0.7832373813705658,0.8424787808944966,0.23871544610122508,0.7955439532394755,0.5913024854698293,0.7391984546954598,0.7441026903149073,0.8970063522544092,0.3941163036352615,0.7747002761065525,0.7085655951157999,0.9198949101807994,0.41443937312496926,0.7829632068236254,0.9864902868360454,0.6692730725030946,0.8207663324301318,0.6127379511145193,0.815460083258189,0.7884037109284303,0.7916613101109505,0.767514790866892,0.8456002034186693,0.39717151273406326,0.5597121443655084,0.5739895705164761,0.827060148923404,0.34971729811787267,0.7004864058164681,0.8177148849175342,0.9230555946998753,0.827060148923404,0.8750250215701674,0.42429610786037586,0.9216828222379453,0.724477803371691,0.7777387590320328,0.8039765114147404,0.6830832853963675,0.29057071243818056,0.7763145111532375,0.8039765114147404,0.8942600569458918,0.32474728067685,0.9960185040188978,0.5293670847978984,0.5625906059795511,0.5257030746314035,0.9194839466754319,0.8608518199425021,0.7897778653703154,0.8823357814475892,0.909864108570767,0.9673113304370213,0.29135363183161567,0.6939238804152125,0.8942600569458918,0.7323753884960307,0.7697676822671895,0.34670838572170926,0.8144285140895293,0.5542026300206438,0.8449935926669718,0.7846361961109449,0.7392867821757174,0.6431763818853361,0.8707511192158017,0.5927878476576379,0.8461628292403135,0.8920841471735503,0.6520524137118104,0.6602793379369896,0.8649838216377037,0.7897778653703145,0.7832373813705646,0.9699288236915999,0.7164488397748485,0.827060148923404,0.9540865545369953,0.9750465719075292,0.7897778653703145,0.926049778279449,0.8012314698665088,0.8812984813018137,0.8243987486380944,0.6429539903927661,0.885255601065627,0.8144187923946176,0.4606963520067673,0.3674239557710848,0.9104553135845616,0.7281301321613112,0.4962285760705196,0.7747002761065522,0.7279142859588464,0.45493026397676983,0.7209673181567122,0.6631061428721117,0.8440565830183067,0.24865297356153404,0.8350839121434095,0.22264717747477525,0.7958561640457558,0.8104036875498974,0.9756672558806031,0.66062768699514,0.26605015751905947,0.25962574455372334,0.3738768645081032,0.7897778653703145,0.39759011102965913,0.7397064973435368,0.7459862313751917,0.9275764262124622,0.9523200985692702,0.43291641995092733,0.7897778653703145,0.7897778653703145,0.6677830396977307,0.7605588489338664,0.5921058936997112,0.7897778653703147,0.8815485856832991,0.7897778653703158,0.8368299002050427,0.5745623964412234,0.0,0.7897778653703156,0.6844014776871687,0.7451044303789707,0.31838146073194595,0.21861948853070767,0.7897778653703145,0.5081982232324713,0.8028344550408113,0.24045460875622393,0.4107899984091057,0.8440089809500366,0.7678060983128867,0.8039765114147404,0.20041665244954932,0.7897778653703145,0.3926213757806565,0.8470454548507185,0.747585242133767,0.7375446522935967,0.7664239224831364,0.3264022136175009,0.941402059559062,0.7897778653703145,0.7129731694158912,0.5847257267113419,0.7897778653703145,0.8567269504320856,0.4620633424946482,0.42373136096201414,0.3590628120672563,0.24248401406741216,0.7897778653703145,0.9196864597732093,0.5683924986047539,0.9487022485658541,0.7556292832488092,0.5814424862871074,0.7820965871291157,0.5638699294374727,0.6337916942673323,0.8039765114147406,0.6616128628478182,0.47498995911754527,0.8021516060453173,0.33936090556158716,0.9466406759920791,0.4647200455912692,0.9167610187142012,0.8114042753167634,0.7382149422874937,0.7897778653703145,0.9622268329997987,0.8569891922242814,0.7141797119710744,0.7868868957846221,0.7833141124744856,0.7763145111532377,0.6904554619083132,0.9993841685338539,0.8030244306367436,0.9213222562514065,0.9027381357638635,0.8069216955337821,0.5430915568941317,0.9374533487689227,0.8012314698665088,0.33432676506609627,0.8461628292403136,0.8452070513960566,0.8998639210155855,0.5051195236245248,0.8403844230888078,0.8707511192158015,0.7691064560896788,0.7140201349595376,0.8781984061693517,0.8326617657042219,0.8642044212662674,0.6305972221379479,0.8348893064606531,0.7020833637397477,0.9578693710525257,0.947572014945465,0.8627420290162628,0.7004153409499316,0.835518703778618,0.6634578202566357,0.5427133019523991,0.56022274267888,0.7080186714510874,0.9000127878621025,0.6957638111926784,0.8254776007908755,0.6707439233532102,0.9796629666381875,0.916761018714201,0.36895118684600603,0.8112027997816205,0.5050018472331155,0.9346358225394591,0.7412056506199436,0.6564161211009636,0.9853618823459059,0.7881721823193135,0.5006854100576585,0.8281926662579333,0.7166874975212438,0.8350231408856073,0.7134618050956694,0.6095032459630443,0.9487022485658543,0.8585820023484634,0.7958561640457558,0.9781302557243623,0.8767816144427208,0.835023140885607,0.8715520500906908,0.45325433503714274,0.6395776523639873,0.8104036875498974,0.782963206823625,0.6210578819294132,0.9885149882555532,0.7958561640457551,0.6240338690897997,0.7897778653703145,0.8514910516687031,0.7897778653703145,0.7897778653703145,0.31145190079000074,0.9396829012479775,0.8350839121434093,0.7897778653703145,0.44971446587081854,0.27923671390878846,0.9802252010347071,0.8007691539155788,0.5522421594094336,0.47818499628434674,0.9877846491517912,0.8636236954040444,0.27697693970334425,0.8298125347088884,0.9121491699460225,0.8190873193696526,0.608197547135289,0.7314878846386175,0.5817403527542283,0.6895993906613844,0.8806537359826769,0.8230366965941738,0.824039981891896,0.8568753576398451,0.6178591299669229,0.8039765114147406,0.9487921218574191,0.7308556097169255,0.9654359300315951,0.8021516060453171,0.580328292827845,0.7243033535028858,0.5531109034631972,0.6935669782115951,0.9958767769610515,0.8047947912836028,0.8642044212662674,0.855015677684448,0.8627779127969728,0.37336498852162425,0.6325194792177233,0.9361299194129695,0.6492041301697455,0.943752276413378,0.7137045587448818,0.6966923321833469,0.782963206823625,0.3131408298813696,0.6948501771041102,0.8440565830183067,0.3556966860723896,0.39939996080239915,0.8534155870585511,0.3821285112143431,0.8642044212662672,0.8681042542651314,0.7348845140303453,0.7897778653703145,0.8114042753167634,0.7140201349595376,0.8148611882522669,0.6969556889047643,0.7308556097169251,0.7963267771106682,0.8383226080395358,0.490492525823337,0.7792297235115404,0.24206529536881638,0.8707511192158015,0.3767215028312496,0.8112027997816197,0.572002636123104,0.8030244306367436,0.8806537359826769,0.9139021944541353,0.8699084854586623,0.7952013128681701,0.7102944778873321,0.7072976286606509,0.35142311018290684,0.5547629896970473,0.7970837554566488,0.44923161069279804,0.5477287026053645,0.865627441844755,0.8461628292403136,0.8559805319354532,0.7664239224831366,0.4353559014315851,0.6703233580637605,0.802861847555398,0.8104036875498974,0.46038514688289756,0.38050255263699695,0.9185403795853204,0.6864052404329606,0.8649838216377038,0.7718316875972553,0.8585820023484634,0.8105327383163261,0.8457119966355477,0.8917690122495028,0.8637424826885646,0.8375663648575709,0.7754268322694218,0.8054295822822949,0.8737670973648666,0.9697339255641592,0.7897778653703145,0.7469143643022254,0.5118227598803486,0.5970776489271925,0.8036532803565439,0.7897778653703147,0.48929009487513897,0.4483127793083561,0.7918845773190186,0.679253523743683,0.6019113462164654,0.7074322902134826,0.6843296135232237,0.7458221858843481,0.8664712472813798,0.9863970112434317,0.5263383524398364,0.6866148264201541,0.8190873193696526,0.7471104587709965,0.9165011629280249,0.9544490872999929,0.9434529625093588,0.8812984813018134,0.925635915701389,0.7763145111532377,0.8440565830183069,0.7572258022380449,0.8743055674000497,0.8995813910474277,0.5783894038173443,0.5213174157840916,0.8012314698665091,0.7583810530554927,0.754675607894385,0.40733565121194637,0.26691882294951397,0.8104036875498974,0.8737670973648668,0.7958561640457555,0.8104036875498974,0.7829632068236254,0.9749153044227881,0.7897778653703145,0.7875173406888581,0.97131345482835,0.7897778653703145,0.7276605967200775,0.7020440235724561,0.8688148119047063,0.8039765114147406,0.8892790899388952,0.7664239224831363,0.8104036875498974,0.5212577923677864,0.5397386048759287,0.7164888607453721,0.4236618718832681,0.7897778653703145,0.6674543432003843,0.9853618823459059,0.8177148849175342,0.41937557505128564,0.6552480653901704,0.8608518199425024,0.8829040455084948,0.700247574552576,0.9646164411772706,0.7859112855914578,0.9027381357638633,0.9434529625093588,0.8686972213460558,0.8513350879318791,0.7069651825443228,0.7997427362664191,0.9622268329997987,0.8823357814475894,0.834071026591791,0.7878650771908065,0.3003397854815162,0.7897778653703145,0.8995813910474276,0.5420773042071152,0.8107770727973278,0.5455914925456975,0.7958561640457558,0.8240586402634162,0.4272508287647079,0.7763145111532377,0.60133593725664,0.24223255995252557,0.7897778653703145,0.7897778653703145,0.9188542465097485,0.7429391599861623,0.896913191584916,0.6986639546658701,0.3030978536626331,0.593796912632655,0.5555427558474451,0.30378133471510615,0.7441456561526394,0.4183802893418678,0.7897778653703145,0.8544983114285275,0.8114042753167634,0.8207663324301318,0.4273808672826309,0.827060148923404,0.3608752887358091,0.7897778653703145,0.7897778653703145,0.26386844249602115,0.8180179329687025,0.2175093462397455,0.7689244285564301,0.461751632384529,0.6649705527689187,0.9672144831048354,0.7788756487680994,0.39025636642235473,0.6055005306376595,0.7897778653703147,0.8147501276706399,0.26859107555100137,0.8258956469281089,0.9960185040188976,0.9422980810376415,0.9058635768151587,0.8243987486380946,0.8281926662579333,0.7664239224831363,0.5651545114888328,0.7897778653703145,0.3510614412259917,0.946363419099355,0.537693775236818,0.784657715852698,0.49806250556036247,0.7209673181567129,0.5985128984233794,0.5808102589093203,0.8244716253407944,0.8480316895992341,0.4265301307789544,0.8395956525970314,0.8353653627728157,0.7692291586415593,0.9776420699265882,0.381405361513217,0.8144187923946171,0.8104036875498974,0.6104242161333064,0.935814252724062,0.8331362469333141,0.820031733107262,0.8207663324301318,0.8515223661959883,0.8207663324301319,0.8952501289971455,0.6638867183188186,0.938209727979699,0.5377149621113888,0.8713413234490407,0.9061368756587871,0.7927444267338892,0.7784956060718439,0.5207160711217003,0.8397196570114844,0.7505486208297507,0.8514230616681118,0.7785554455736756,0.7664239224831363,0.5020125727566642,0.9972756022399671,0.6709553821109606,0.7126536151854728,0.7897778653703145,0.7074322902134826,0.8995813910474277,0.5828747523662796,0.8107770727973276,0.7911447687015537,0.6869865299964522,0.6841276690246691,0.7897778653703145,0.43787125613597433,0.39244317913597637,0.9346358225394594,0.26018540853249017,0.3510614412259918,0.2828055539701473,0.8114042753167634,0.42813446202775063,0.9132451152176122,0.9338711146982575,0.42581890185804405,0.8021516060453169,0.5058914114580577,0.8440565830183069,0.962604783781754,0.8744980681654766,0.7406333121553883,0.8394899548900008,0.28452631345782886,0.9634921839466581,0.4252086233396204,0.7583810530554921,0.8104036875498974,0.39055697714712523,0.5612947922689471,0.5859940013661049,0.3373695702564179,0.29686672237512834,0.7897778653703145,0.3580622162812487,0.44799360281776,0.777738759032033,0.7897778653703145,0.44375984033894633,0.839719657011484,0.827060148923404,0.916761018714201,0.8104036875498974,0.5854581857112724,0.8264630074596071,0.718943647409735,0.8303252639041242,0.9155420671142889,0.8479953711128707,0.38609704419842283,0.7897778653703145,0.8216894971927735,0.7897778653703145,0.8012314698665081,0.7157449861595748,0.44982586099859745,0.8207663324301318,0.9203068542883504,0.8167758439716728,0.5646851701245732,0.6989505708013528,0.7897778653703145,0.6952373136179992,0.3103844158868012,0.6844242685397053,0.7906842014554436,0.6492750543065737,0.9049485083889184,0.6895993906613846,0.916579764155661,0.8771645181176804,0.4904235978107805,0.4428749500375073,0.8771645181176804,0.7186476178590233,0.8114042753167636,0.555686321823345,0.8771645181176804,0.8207663324301318,0.9341098649012982,0.8246639839958156,0.6456360633991691,0.8927251297287131,0.9365307020635194,0.9527963172137199,0.6716000154015425,0.6492750543065735,0.785254508346702,0.6094998055276023,0.7106288662553195,0.7779891015560229,0.8261356024267628,0.7694751126665316,0.836829900205043,0.6422733841786032,0.6887587506683956,0.9727267912481382,0.7420127326315442,0.8180670416112066,0.7955439532394758,0.834071026591791,0.730095792303258,0.8912727187726606,0.8840573482979428,0.8248926798779332,0.7233586002858263,0.8737670973648666,0.8190873193696528,0.9112681233110441,0.6697719144675781,0.737409826374446,0.7021325115697513,0.6895993906613842,0.9992006786516172,0.8559805319354532,0.7370213229849333,0.7897778653703149,0.5416184303861382,0.6542804272697422,0.8377500727419276,0.5594339613574497,0.8890727930897164,0.9811059808649043,0.9870845388904517,0.9544809173047367,0.695866392383736,0.8739736319080158,0.8998107927261467,0.9578693710525257,0.9814847427888672,0.8165315777237979,0.7511109282724242,0.9898670273026904,0.8652846490024411,0.9787596301632723,0.8494417307740365,0.8340710265917908,0.8258956469281091,0.4749899591175456,0.6553752275789893,0.9243545721229425,0.869877382424965,0.5547629896970482,0.8286646830582454,0.9632839475377788,0.7763145111532377,0.5561322689750416,0.975309889263084,0.6139524740475122,0.804794791283603,0.34331450897058857,0.8852556010656272,0.8514910516687029,0.5216674227852419,0.9654359300315951,0.9120240762648347,0.8461628292403133,0.784682239953943,0.835023140885607,0.7707587466822607,0.8190873193696526
p140_R,0.992904583277461,0.7697291134367077,0.9998909281330145,0.9683086794376969,0.9492063492063489,0.9510697823313444,0.9738007944207916,0.9774181337680037,0.9038142386822654,0.9602211523225768,0.9470390403999658,0.9475597985845112,0.9475597985845114,0.9858842152953934,0.9661032464830346,0.9751421018560731,0.873947966501989,0.9314886672615053,0.9582144552981327,0.957486356544754,0.8875255844205971,0.9384124008873465,0.8511921008492052,0.9508971383859763,0.9913026731221013,0.9314886672615053,0.9950603702402813,0.9971276925647266,0.9602211523225768,0.9725089556799726,0.9250013316406698,0.9544316996038,0.9980353634264251,0.9188361382271668,0.9492063492063492,0.727444287967365,0.8459397716860007,0.8797999623621963,0.962321115805955,0.9203771106130234,0.9750767117923149,0.9328339505740533,0.962321115805955,0.9129151319089193,0.9950603702402812,0.818756766013445,0.9526370111116407,0.9004911494084336,0.930160641445072,0.8918007079504511,0.9544316996038,0.6928134344640511,0.9314886672615053,0.9413411539914585,0.9980353634264251,0.97302184505753,0.9779134885361098,0.9492063492063489,0.9947503758616081,0.9298144168543093,0.9060540201833018,0.8311464231994984,0.9314886672615055,0.8993922310882434,0.9562880686171875,0.9721737054919228,0.9005384212506021,0.9180353447095948,0.8356986313379359,0.9582144552981327,0.8977592394954913,0.8207356119850875,0.9492063492063489,0.8558385346892368,0.9492063492063489,0.991632948188578,0.7292153930318651,0.9964123220916106,0.910340118115422,0.8644606804686438,0.9398636845831869,0.9087308614830324,0.9262700211315922,0.9821075314053485,0.9492063492063489,0.9512934499841006,0.9507968637523909,0.8822900688623265,0.8939536575643376,0.9475597985845114,0.9492063492063489,0.9637881401608365,0.8898549672341265,0.9594229317495174,0.9739353004390978,0.9004911494084337,0.9676733747367657,0.7951815329931904,0.8487787740312818,0.8475930273944765,0.8258278458384498,0.9773757151292214,0.9851190476190474,0.9857497140445594,0.8683003592860252,0.9582144552981327,0.9728072322506559,0.8256510411711884,0.936985405262017,0.8289245259008577,0.6240063582799475,0.8613145460927207,0.8925836270476606,0.9501760208500687,0.9073884413700836,0.8678905927473262,0.8853010064654411,0.9582144552981327,0.9510697823313443,0.9205381405663506,0.9548120669934363,0.9202651318010482,0.9543800590178143,0.9809662470451702,0.8154170120192794,0.89675649898239,0.9136608016620085,0.9558694433263362,0.860994907277326,0.9152582079543843,0.8727631680356078,0.6274393463335315,0.973053360823401,0.962321115805955,0.944383427890573,0.9660700296626721,0.8790644420447884,0.8280234816778033,0.973053360823401,0.9459533477380777,0.8822900688623265,0.9602211523225768,0.8534949983155187,0.9316999048446026,0.9714553566521971,0.9106019687464653,0.9655358493300292,0.8420784215528958,0.930160641445072,0.8148611882522668,0.9602211523225768,0.9060540201833018,0.9888400526549677,0.9153139730017579,0.9005384212506021,0.9799813907590402,0.931839189111761,0.9140827360776209,0.9192850066174332,0.9899936426963005,0.9496081971314205,0.9073884413700835,0.9087308614830324,0.8022278398026619,0.9535624564318681,0.9164419655193168,0.9558694433263362,0.9372344714402792,0.8354035823308783,0.9962604064950795,0.7568486889608452,0.9475597985845114,0.9730218450575299,0.9319959257948536,0.8846909396641924,0.7855052964665201,0.9582144552981327,0.966187891643044,0.9647506825559773,0.991632948188578,0.9532451920987464,0.8885909234541713,0.6786338466193698,0.9475597985845114,0.952849736761652,0.9918901469286862,0.8580633769736241,0.9015943008452878,0.9413411539914585,0.8442668358655899,0.9459533477380777,0.9818472950454276,0.8012601664247331,0.8462580005670897,0.9352923098201315,0.9492063492063489,0.9508971383859763,0.9459533477380777,0.9004911494084338,0.8982035436211124,0.9998909281330145,0.9475597985845114,0.9492063492063489,0.8077439011497568,0.8462580005670897,0.9602211523225768,0.9492063492063489,0.980682779015039,0.9152582079543843,0.9565760602192026,0.9192850066174331,0.9836006869587253,0.9475597985845114,0.9492063492063489,0.8559522762859699,0.9492063492063488,0.8117838598171896,0.7443900610442784,0.8094556233540051,0.9492063492063489,0.7917380856761214,0.9492063492063489,0.909405440640245,0.9871891849714203,0.9971276925647266,0.7573617243762103,0.9773757151292213,0.7993700008850908,0.9459533477380775,0.9355809960386168,0.9384124008873465,0.8559654748218479,0.9336474770134962,0.9188361382271666,0.973053360823401,0.937234471440279,0.9657441977682982,0.9414106494210732,0.9162546240992184,0.9580166426603274,0.9152582079543841,0.944383427890573,0.9751421018560731,0.9919305345581159,0.9492063492063489,0.9414106494210732,0.9492063492063489,0.9808389409832032,0.9137080532218428,0.9544316996038,0.9275522446953857,0.7993700008850909,0.9508971383859763,0.9140827360776209,0.8457455232976452,0.99813410649239,0.9398636845831869,0.8612222667022575,0.9526370111116407,0.8661714077534824,0.9316999048446026,0.8442340263447987,0.9475597985845114,0.9562880686171875,0.9663327708513568,0.962321115805955,0.980682779015039,0.9603863440630983,0.9328339505740533,0.9988170690953836,0.9923793719997989,0.9544316996038,0.8485197883378754,0.8823123130144251,0.778004650958132,0.9582144552981327,0.8289245259008577,0.9140827360776209,0.856373695366713,0.9447628386820248,0.9582144552981327,0.9130676179019632,0.956305199987326,0.9562880686171875,0.9514188109289152,0.9225015741707872,0.9773757151292213,0.6834876377246899,0.8070467719220207,0.9298144168543094,0.9773757151292215,0.8374011676109454,0.7762018136905984,0.9632002305182419,0.8836043876025732,0.8548949080074908,0.7310923137226893,0.9345819304567233,0.8846149163346164,0.9492063492063492,0.9701978599269916,0.9919305345581159,0.9544316996038,0.83064042010879,0.9358682901281237,0.6974266200926695,0.930160641445072,0.9164419655193168,0.8112071348432379,0.9094556823349396,0.9190178999788696,0.9281378109691689,0.9815545109844468,0.8355526955775654,0.92982093486964,0.7929013742794155,0.9038142386822656,0.9602211523225768,0.9630223853436268,0.9152582079543843,0.8462222865742861,0.9526370111116407,0.9492063492063489,0.9544316996038,0.9801193820390868,0.9821075314053485,0.9582144552981327,0.9562880686171875,0.9886251033694343,0.9492063492063489,0.9369854052620168,0.9582144552981327,0.9623211158059548,0.5962188921715348,0.7125274559321448,0.9865548062843288,0.9730533608234011,0.8333555867103823,0.7908390252103975,0.9369854052620168,0.9428469360414604,0.8599690772916863,0.9526370111116409,0.9188361382271668,0.7873918784148211,0.9413411539914582,0.9106019687464653,0.5180242730178408,0.8783673542509232,0.9188361382271666,0.8061796741685838,0.995060370240281,0.9475597985845114,0.8977592394954912,0.9551293872486744,0.8070467719220207,0.8082384637825228,0.7486025637696193,0.9492063492063489,0.853836211312412,0.9949841493208559,0.9647506825559773,0.9949841493208559,0.9602211523225768,0.8453085223330432,0.9492063492063489,0.9492063492063489,0.9301606414450718,0.9038142386822656,0.9215109071795372,0.9492063492063488,0.9602211523225768,0.9492063492063492,0.9225015741707872,0.8972062142375334,0.7897778653703156,0.0,0.9237454173815309,0.9384124008873465,0.814838094680452,0.8207409020700833,0.9492063492063489,0.7774026233103458,0.9596571364772952,0.8048319931549088,0.8356986313379358,0.8906643852161655,0.9671099410251267,0.9526370111116407,0.7960789049353045,0.9492063492063489,0.7777200559261545,0.8660358761631226,0.8588332480153076,0.8886388974197776,0.9508971383859763,0.7285394965407903,0.9428469360414604,0.9492063492063489,0.8961186971729784,0.8615683059666512,0.9492063492063489,0.9701429667321069,0.8797198635106949,0.7982515614792725,0.7537446627817315,0.8306404201087898,0.9492063492063489,0.807520520961178,0.8869938104977824,0.9562880686171875,0.9437441834397566,0.8686696069047444,0.9471856021934963,0.9083158055901508,0.9331711877287372,0.8374011676109455,0.8762768783002747,0.8864622842804519,0.9355809960386168,0.8835406899027953,0.9399009776851528,0.7377836494766672,0.9888877218166614,0.900538421250602,0.9166547403069655,0.9492063492063489,0.8846149163346166,0.9015943008452878,0.9276070808582184,0.9964123220916106,0.9758994362393925,0.9459533477380777,0.8612502633673056,0.9136608016620086,0.9919305345581159,0.8339417653831186,0.9851190476190476,0.5385853273792415,0.9180825021283111,0.9038142386822656,0.9582144552981327,0.846380925471486,0.9602211523225768,0.9413411539914587,0.9044988266272496,0.9145713394632464,0.9384124008873465,0.9602211523225768,0.9448896191115083,0.9596571364772952,0.9276853521886582,0.9328339505740533,0.9384124008873465,0.7102107570168052,0.9773757151292213,0.8160463790740714,0.8993922310882434,0.9774361757433292,0.9865548062843288,0.9372344714402792,0.9398636845831871,0.9250013316406698,0.989093201938321,0.8007464875602455,0.7803918079690162,0.7528355627636975,0.9850015865035862,0.9298623289749651,0.9225015741707874,0.9341976401680097,0.935580996038617,0.7503309927704915,0.9398636845831871,0.7801667267201031,0.9341976401680094,0.8709496185158996,0.9518974166900767,0.9773757151292214,0.9660700296626721,0.8302266503143911,0.9949841493208559,0.9492388075036136,0.9582144552981327,0.873282791650819,0.9279034959226291,0.9562880686171875,0.7378366668168563,0.9345041683711354,0.9950603702402812,0.9544316996038,0.9582144552981327,0.7929014044168502,0.7670114436470583,0.9194971277530125,0.9475597985845114,0.9886251033694344,0.852319744891971,0.9871891849714203,0.9443834278905732,0.8661714077534821,0.9492063492063489,0.9562880686171877,0.9492063492063489,0.9492063492063489,0.818749855334769,0.935580996038617,0.7718601319576106,0.9492063492063489,0.809425142751859,0.8377384241745152,0.9992249226337293,0.9318717683150429,0.8115452237201121,0.8238363834215012,0.9791361767729916,0.9027019168030599,0.8399134433261006,0.9428469360414604,0.9565760602192026,0.9562880686171875,0.9176344520056339,0.9470547902208428,0.8559522762859699,0.97201754229775,0.9980353634264251,0.9919305345581159,0.9538222866753716,0.8929968346358236,0.970223678284496,0.9073884413700836,0.9004911494084336,0.9384124008873465,0.9842968264073595,0.9044988266272492,0.8789445153161299,0.8906643852161655,0.9060540201833018,0.9355809960386168,0.9647506825559773,0.9526370111116407,0.9384124008873465,0.9508971383859763,0.9166397975038821,0.8881467049745082,0.8318910877270139,0.9544316996038,0.9250234851679422,0.9443834278905732,0.9484110728449684,0.889658452434827,0.7971798092312717,0.7766590274917056,0.6447424651008546,0.8644606804686437,0.7953507180148167,0.8766475407506158,0.9027019168030599,0.770022070545618,0.8400061283921284,0.9071820194155724,0.9118772971444447,0.9492063492063489,0.900538421250602,0.9596571364772952,0.9492063492063492,0.854836203425507,0.9384124008873462,0.9459533477380777,0.9739353004390978,0.8459565846100465,0.957805552405294,0.8046479448175352,0.9602211523225768,0.8104946185054889,0.9470390403999658,0.8664724446651941,0.9459533477380777,0.879799962362196,0.9670079624580028,0.9580166426603276,0.9610880275993517,0.8247763577362226,0.880117361849238,0.9320016592310968,0.8950935460094678,0.9486051204234526,0.8605006952168126,0.8863852623001997,0.92500133164067,0.9602211523225768,0.9543800590178143,0.9508971383859763,0.8337006414042474,0.9801193820390868,0.9292058051524485,0.9475597985845114,0.9491052636059172,0.9197758326677533,0.9510697823313444,0.9466821273204218,0.9526370111116407,0.9512934499841006,0.9971276925647266,0.9842968264073595,0.9784157310816315,0.9809662470451702,0.9369854052620168,0.8982973238138034,0.9398636845831869,0.9475597985845114,0.9544316996038,0.9510697823313444,0.9492063492063489,0.9630223853436268,0.7505693041675245,0.8070467719220207,0.9458430027009459,0.9492063492063488,0.8832831707913575,0.9140632734277366,0.9060540201833018,0.9225015741707872,0.9818472950454276,0.8554797762443019,0.9822582257689434,0.898754268599492,0.9274061806725942,0.9060540201833018,0.8812418962256672,0.9657441977682981,0.9562880686171877,0.7876282222528324,0.9288488221297497,0.9526370111116407,0.9992249226337292,0.9623211158059548,0.9275522446953857,0.9298144168543095,0.7778515786059426,0.9413411539914585,0.8258278458384498,0.9851190476190476,0.9020234243808677,0.7342152810431977,0.9582144552981327,0.9492063492063492,0.950796863752391,0.7684119013812079,0.8022278398026619,0.9475597985845114,0.9544316996038,0.944383427890573,0.9475597985845114,0.9475597985845114,0.9188361382271666,0.9492063492063489,0.944383427890573,0.9871891849714203,0.9492063492063489,0.9610880275993517,0.9983739334383686,0.963200230518242,0.8374011676109455,0.968354383009318,0.9508971383859763,0.9475597985845114,0.7792280426333984,0.8580633769736239,0.935580996038617,0.8409971458279795,0.9492063492063489,0.6127749872493422,0.9526370111116407,0.9341976401680097,0.9632609043991704,0.9302614904222952,0.963200230518242,0.981381831638016,0.936985405262017,0.956466487927786,0.90006279115773,0.9851190476190476,0.7854327491040133,0.9430021428738234,0.92500133164067,0.8685974240625229,0.9398636845831871,0.8846149163346162,0.930160641445072,0.9073884413700835,0.9728072322506561,0.9020234243808676,0.9492063492063489,0.9194444444444441,0.8775612799148108,0.9602211523225768,0.9840251324685088,0.8133917646328434,0.7773931278746947,0.8244397822834255,0.9459533477380777,0.7910509366485662,0.7846176027958291,0.9492063492063489,0.9492063492063489,0.9140827360776209,0.9779177832860688,0.9424631527248862,0.8238363834215012,0.8453085223330432,0.811207134843238,0.7722191842821254,0.8281550331548588,0.9842968264073595,0.8702815874708265,0.9492063492063489,0.9004911494084336,0.900538421250602,0.962321115805955,0.8166023125927324,0.9582144552981327,0.8311464231994985,0.9492063492063489,0.9492063492063489,0.8021155478511961,0.9194444444444441,0.810182279484446,0.9384124008873465,0.9250234851679422,0.9113965671515779,0.9275522446953857,0.9113965671515779,0.8344556057285122,0.9046238419493294,0.9492063492063488,0.9152582079543843,0.8175997772209662,0.9508971383859763,0.963200230518242,0.991632948188578,0.877820999631221,0.951700230336632,0.9613251513423888,0.9508971383859763,0.7334779296868484,0.9492063492063489,0.8266892096935967,0.9949841493208559,0.9372344714402792,0.8311129863222636,0.9614252528538147,0.9413411539914585,0.9049315186013058,0.775907048466224,0.9562880686171875,0.8685695845092944,0.8939314817480966,0.944383427890573,0.7106088831467462,0.9400771100284838,0.9314886672615055,0.8129560940834348,0.9544316996038,0.9475597985845114,0.8759110188590662,0.9288488221297497,0.6571574449861832,0.9430021428738233,0.962321115805955,0.9137080532218428,0.962321115805955,0.9510697823313443,0.9027019168030599,0.9458430027009459,0.8961186971729782,0.9851190476190474,0.9602211523225768,0.9384124008873465,0.9384124008873465,0.7854289820793147,0.998035363426425,0.9475597985845114,0.9779134885361098,0.9305175527166338,0.9508971383859763,0.8934013604887032,0.9949841493208558,0.8233095582802454,0.8293999941690735,0.9492063492063489,0.9998909281330146,0.9851190476190477,0.8462580005670897,0.9602211523225768,0.9328339505740533,0.9341976401680097,0.864673915807718,0.9492063492063489,0.8046479448175352,0.7668650526081322,0.9341976401680097,0.805849966291601,0.8266892096935967,0.8129560940834349,0.9730533608234009,0.851142026899371,0.9056892759978576,0.994750375861608,0.9704715177483141,0.7978853750711603,0.9633307702439704,0.9623211158059548,0.9888877218166614,0.9194444444444441,0.9734392564424441,0.8207356119850872,0.8388272306091997,0.9414106494210734,0.7604073710900016,0.9492063492063489,0.9475597985845114,0.8420784215528956,0.7601890268014286,0.9927238311597453,0.8048319931549086,0.7807259771890067,0.9492063492063489,0.7884981212068207,0.7554422280257302,0.9858842152953934,0.9492063492063489,0.8399134433261006,0.998035363426425,0.9582144552981327,0.935580996038617,0.9475597985845114,0.8206863064580855,0.9314886672615055,0.9718218789028326,0.9288488221297497,0.8091944624316296,0.957805552405294,0.785765452204823,0.9492063492063489,0.9757533722166009,0.9492063492063489,0.9582144552981327,0.8719900286803044,0.8843412180810764,0.962321115805955,0.926270021131592,0.7715834556054185,0.9049315186013058,0.9683086794376969,0.9492063492063489,0.8910707793081736,0.8499617385555434,0.9658050596136161,0.9339500363880902,0.9152582079543843,0.5379637233866087,0.9250013316406698,0.9237454173815309,0.9164419655193168,0.8928757609748676,0.7807259771890067,0.9164419655193168,0.7568486889608452,0.9544316996038,0.7659565691703154,0.9164419655193168,0.962321115805955,0.9314886672615055,0.9508971383859763,0.7310923137226895,0.9886251033694344,0.9701429667321069,0.986554806284329,0.8918007079504511,0.9564664879277861,0.9888877218166614,0.9564021026822451,0.9301606414450718,0.9475597985845114,0.950796863752391,0.9263050774651864,0.9225015741707874,0.9063521235638531,0.8333555867103821,0.9117550006367758,0.9890271575839276,0.9701978599269917,0.981381831638016,0.9073884413700837,0.9400050159634596,0.996354656978774,0.9275522446953857,0.9275522446953857,0.9386131743457118,0.9544316996038,0.968354383009318,0.9940100642211116,0.9262700211315917,0.9408053715448899,0.9176344520056336,0.98096624704517,0.9450698704968492,0.9913026731221013,0.9701429667321069,0.7880952380952371,0.9552212007715326,0.9789571546770472,0.9129151319089193,0.9004911494084336,0.9411064460313616,0.9562880686171875,0.8160463790740714,0.9759275434312635,0.9314886672615053,0.9345041683711354,0.926270021131592,0.9372344714402792,0.9700073495187167,0.9009864188391608,0.9398636845831869,0.9646978984940315,0.9475597985845114,0.9177771622806974,0.9750590697626812,0.9526370111116407,0.9508971383859763,0.9215191722498273,0.9275522446953854,0.9526370111116407,0.8982973238138034,0.8633240709217584,0.9416209805968477,0.9298144168543094,0.9459533477380777,0.8910707793081736,0.9087308614830324,0.9801193820390868,0.9526370111116407,0.859117285745659,0.9087308614830324,0.9562880686171877,0.9292058051524483,0.9127774219260273,0.9508971383859763,0.9602211523225768,0.9202651318010484,0.9582144552981327,0.9216615961278639,0.9562880686171877
p140_S,0.9718561623700885,0.9527620984712089,0.881872099049785,0.9221756491447483,0.9237454173815309,0.9434341193662403,0.5984082428184512,0.646060761108812,0.8555999624260062,0.940281523787128,0.9097196291136667,0.9212735133449714,0.9212735133449714,0.728005849146595,0.7857905120933389,0.8279566795146676,0.9551504908703919,0.9955703864028429,0.6741004313249235,0.940281523787128,0.9696003364405514,0.7793750217225002,0.94095012846993,0.9262837350880504,0.8259843931141263,0.8971465330611361,0.44177224803810544,0.8745574900762874,0.940281523787128,0.6805329167798323,0.8874073419940798,0.9315900378678905,0.9141982714487247,0.8408994097214851,0.9237454173815309,0.7851377522013521,0.9262837350880504,0.6263839437642248,0.9434341193662401,0.6824810499682051,0.7767535972141535,0.8991661559057054,0.9953786045233857,0.8692627884605635,0.9592864686575604,0.6716321133329793,0.928895740061739,0.8506111344599003,0.47129798407297996,0.8375645041075976,0.9315900378678905,0.9240788041395704,0.8971465330611361,0.9119376979332718,0.9559635246111837,0.8931834336273661,0.4828821522077793,0.9237454173815309,0.9091055946642179,0.9188618095812562,0.8589624614952682,0.8594696333864751,0.7452431984854622,0.8489613700399667,0.42676322023136604,0.7364380996992961,0.7610294535475634,0.8495369353332778,0.9076211241746054,0.992787606045791,0.5748239979667804,0.8951528182413433,0.9701429667321069,0.7604083864978797,0.9237454173815309,0.8295501310031699,0.907540871911573,0.8106284733681064,0.7347413372441223,0.8730040523026376,0.9496699001876994,0.9382025073594866,0.7402697411745924,0.8971465330611363,0.9237454173815309,0.6915220767435637,0.8967815616097227,0.72683180681987,0.8666281703907037,0.9212735133449717,0.9237454173815309,0.34625106871387945,0.5898743736727002,0.8258859061755139,0.8893119774375076,0.8775434408290578,0.4097139826382641,0.8311464231994985,0.7296163637882773,0.7278960280462459,0.6215342442444127,0.8733268646478034,0.5194839904115587,0.6834408090558821,0.9902500193731549,0.9372689456075765,0.7154203807144736,0.7357546514700977,0.9053985774691053,0.7431708752992907,0.4090377592742841,0.9355234569898137,0.9923321755667203,0.6181075930104336,0.928895740061739,0.9535445328606948,0.9527620984712091,0.9372689456075765,0.9434341193662401,0.7869159279154592,0.8988619793084114,0.3838586965317662,0.5957412250426102,0.9206231796054518,0.9329075599064767,0.6528003047376609,0.9262837350880504,0.813946911084057,0.9212735133449714,0.9029881796097647,0.8089841670456617,0.9288957400617388,0.9315900378678905,0.9434341193662401,0.31342768733003423,0.8909718899573573,0.8184440308677503,0.8634896230757456,0.9315900378678903,0.918861809581256,0.6699749180458867,0.9402815237871278,0.7364380996992961,0.4981750695494255,0.4714672355406757,0.8657901242845245,0.8905110693995146,0.7629183202472418,0.8951528182413433,0.6572175713535,0.7690300111178622,0.858962461495268,0.7557211275093768,0.8698489604994111,0.9659497926039275,0.8951528182413435,0.6375488774331044,0.7403151586004091,0.7853321359751215,0.408489466030315,0.6450892690881911,0.9288957400617388,0.975191603316105,0.7231649664338187,0.8456795858023058,0.17899721997722917,0.8139469110840571,0.8756960152361009,0.9229863666545894,0.8317539034743855,0.916016184190124,0.9212735133449714,0.8931834336273665,0.5594861179769306,0.8023679780484718,0.4462134475622782,0.9372689456075765,0.8288878399988695,0.6147220945791838,0.8732475513254477,0.867521127356121,0.8577960695407583,0.9971725026548419,0.9212735133449714,0.788498121206821,0.543688010629078,0.8531213357940415,0.8522672538974265,0.911937697933272,0.8855218855218858,0.9188618095812562,0.9107284658135402,0.9804632438769202,0.8041071051343196,0.8869837251477688,0.9237454173815309,0.9262837350880504,0.5545354251519958,0.8506111344599003,0.8785180963573926,0.8630702674569264,0.9212735133449714,0.9237454173815309,0.8712915524292162,0.9637146083971879,0.940281523787128,0.9237454173815309,0.7914563256478502,0.8727803597140285,0.8295501310031699,0.7853321359751215,0.6425215947747809,0.3573848373037617,0.9237454173815309,0.8056767200935726,0.9237454173815309,0.958935661615315,0.9475154720610817,0.9542864354276259,0.9237454173815309,0.8517231625794768,0.9237454173815309,0.7015482735657301,0.9171790486927813,0.6980156047865917,0.9978652778781733,0.576660771712117,0.6764086783590375,0.9188618095812557,0.7577703728564176,0.9075408719115732,0.6366547927597186,0.7481218544360966,0.9969820872027786,0.9315900378678905,0.8756960152361004,0.8359545793225898,0.8999487113882563,0.9774650788349084,0.8727803597140285,0.8727803597140282,0.9165049484215362,0.35922792703321704,0.9188618095812564,0.9237454173815309,0.8812768771799537,0.9237454173815309,0.5998707084472292,0.7647258015371339,0.9315900378678905,0.9253930751088406,0.6764086783590375,0.9262837350880504,0.871015668341351,0.9053985774691051,0.4678310689014651,0.8505787444421385,0.7916582493282927,0.9288957400617388,0.45188074068121464,0.8074099974274132,0.7661544480137752,0.9212735133449717,0.9343769343025807,0.5955908921217321,0.9434341193662401,0.7498230589346044,0.7498230589346044,0.8991661559057054,0.8058361000882572,0.39063964849466637,0.9315900378678905,0.7940828479833879,0.7357546514700977,0.9749834622184277,0.9372689456075765,0.7431708752992907,0.9009132970381386,0.4329828613780029,0.8220976364913514,0.9372689456075765,0.799056845698829,0.7209509682290196,0.9591464247864105,0.8473176272509808,0.5338360491484414,0.4283277252442742,0.8781517708121864,0.7103266325205397,0.9188618095812562,0.9288957400617388,0.9783400888843532,0.6414884987617782,0.9516937335159948,0.6975796652846187,0.7821592255564658,0.8279566795146676,0.935978512980132,0.8961750730777805,0.4730864410609821,0.7880725829158184,0.8178368077853696,0.658569284019382,0.7030921523899183,0.9004036202971208,0.9722155622930323,0.9992556488110438,0.8745574900762874,0.6683648278840206,0.864069247944542,0.826365854716423,0.5479086969910367,0.7326773501811601,0.7949203622499021,0.4239327655424865,0.827167704136864,0.91072846581354,0.940281523787128,0.7784663387289676,0.8727803597140285,0.7331794061315502,0.9288957400617388,0.9237454173815309,0.9315900378678901,0.8452551085303086,0.4591549837227412,0.9372689456075765,0.9876152547580852,0.8983910743172119,0.9237454173815309,0.943772438814358,0.9372689456075765,0.9434341193662401,0.8657901242845245,0.8963485057298464,0.46997195733462127,0.9315900378678905,0.7498230589346044,0.6782456711941045,0.8643582544593789,0.9141982714487247,0.5626720929662927,0.928895740061739,0.909368306308445,0.6757628281709231,0.9119376979332718,0.8657901242845245,0.9953786045233856,0.6680119012855612,0.6848167322401909,0.6866317827409303,0.8695874503983438,0.9212735133449717,0.9583804549451924,0.6055356220187069,0.7103266325205397,0.7121156743399906,0.6200394310184234,0.9237454173815309,0.8023679780484716,0.9072141675815737,0.5199769335878845,0.8763477248373535,0.940281523787128,0.7677675481124799,0.9237454173815309,0.9237454173815309,0.8951528182413433,0.8555999624260062,0.4808772671366651,0.9237454173815309,0.940281523787128,0.33389379300925504,0.5985593158144926,0.8456795858023056,0.6844014776871687,0.9237454173815309,0.0,0.907540871911573,0.58697398697735,0.6426725657381271,0.9237454173815309,0.8216070858356987,0.5758936318902711,0.70451372761021,0.7085494581706628,0.9183006535947713,0.48402104462996887,0.9288957400617388,0.6938609895470795,0.9237454173815309,0.6437827578513373,0.9686685867518168,0.7884981212068207,0.5927464693944045,0.9262837350880504,0.5898743736727001,0.9559635246111837,0.9237454173815309,0.8702236433531143,0.7469382493243448,0.9237454173815309,0.9183006535947713,0.9718561623700885,0.8347593149483608,0.6277689543742612,0.7030921523899183,0.9237454173815309,0.7284566247710571,0.8276068277134252,0.9876152547580852,0.5507751770412729,0.648066891129141,0.8606558839862049,0.8623579941942756,0.4491820085036199,0.928895740061739,0.8473176272509808,0.8295501310031699,0.9786100658041366,0.7789783388157538,0.6991932785087239,0.894491281073784,0.9032901911357234,0.9315900378678903,0.28034984949604047,0.9237454173815309,0.992787606045791,0.7135525999542774,0.9568091155047098,0.9097196291136669,0.8912369310715327,0.9188618095812562,0.7776926150971766,0.9262837350880504,0.918861809581256,0.9896201712617319,0.5658815397621342,0.9527620984712089,0.9856400485463761,0.7309362621674884,0.9372689456075765,0.7693775062951058,0.940281523787128,0.9119376979332721,0.9032901911357234,0.7413775304879615,0.7011039951310185,0.5364792390418551,0.8397219809942977,0.8745574900762874,0.7288375189538121,0.9355234569898139,0.9075408719115732,0.8539300757509798,0.9288957400617388,0.8781517708121864,0.669815016429616,0.8152867967569701,0.7288956290309491,0.9558999508245036,0.9496699001876994,0.8874073419940798,0.5447449373189306,0.7381873768854001,0.698099496197772,0.9551504908703917,0.7817709174275675,0.7331007044534197,0.916016184190124,0.9012134114028683,0.94095012846993,0.6226376608883804,0.9097196291136671,0.8207291116074925,0.9012134114028683,0.7647258015371339,0.6305896894731016,0.9227712134704179,0.5923688982684645,0.9990726223359299,0.5371898630224625,0.8756960152361009,0.9372689456075765,0.8375758758534326,0.8375645041075976,0.6397165020533839,0.9727900438033124,0.5273352885101532,0.9165049484215366,0.9315900378678905,0.9372689456075765,0.9538390172168241,0.8095598775579067,0.8643444939088063,0.9434749274016663,0.8983910743172119,0.7347413372441225,0.9171790486927811,0.9165049484215364,0.706499549456373,0.9237454173815309,0.934376934302581,0.9237454173815309,0.9237454173815309,0.7278960280462456,0.9032901911357234,0.5911671257514148,0.9237454173815309,0.7138971904959464,0.7564028466893731,0.8727803597140285,0.5689880617904371,0.8457280231675548,0.909105594664218,0.7309362621674884,0.8539300757509798,0.7596681204982019,0.9141982714487247,0.8295501310031698,0.934376934302581,0.8763477248373532,0.7662517251034342,0.8056767200935726,0.6143550938353358,0.9141982714487245,0.9627453733534854,0.6459572202356731,0.9343769343025807,0.42300530280580195,0.928895740061739,0.6376750445261081,0.9075408719115727,0.7372608332532102,0.94095012846993,0.7940828479833879,0.6883541295306,0.8589624614952682,0.9032901911357234,0.911552100464315,0.9288957400617388,0.9075408719115732,0.5952832514638065,0.960708554431714,0.7853321359751215,0.8187640357546058,0.9315900378678905,0.7746984337324034,0.9165049484215366,0.947435457375394,0.7372869427501476,0.9885587804861203,0.6846101956279105,0.9229863666545892,0.7506295000818888,0.6072388906560862,0.7693775062951058,0.8539300757509798,0.7124993981428092,0.857646048313982,0.8606558839862049,0.9686519711712545,0.9237454173815309,0.9315900378678903,0.9050879833003673,0.9237454173815309,0.807145839067948,0.9466763852073137,0.9627453733534854,0.7739441303916745,0.6520886643758789,0.9460700595274506,0.7067253643153952,0.940281523787128,0.6305896894731013,0.9097196291136669,0.7995401424976345,0.9188618095812562,0.9141982714487245,0.8762878196130297,0.5834788821627148,0.5809392452044759,0.9892930710581476,0.8440262750110874,0.6983967464607105,0.7948136083347732,0.6536001967439321,0.7465065254933925,0.9185891478467699,0.8874073419940796,0.940281523787128,0.4806196410068512,0.9262837350880506,0.9475154720610817,0.9086236786089275,0.8391784404635929,0.9212735133449719,0.7260702458777946,0.626050174064435,0.8118167761922634,0.8900994670157327,0.9288957400617388,0.6606556339993437,0.9966794629726075,0.8991661559057054,0.8794035130316948,0.9465134699490592,0.9053985774691053,0.8473176272509808,0.9097196291136667,0.9212735133449714,0.9315900378678903,0.9434341193662403,0.9237454173815309,0.909368306308445,0.8403119990702576,0.7103266325205397,0.5831403742487509,0.9237454173815309,0.8247774484253316,0.5861768092455075,0.8589624614952682,0.5338360491484417,0.8555999624260062,0.7798490456524698,0.8216070858356987,0.6637354818983041,0.9595492191461488,0.5806122654547167,0.7757884387818785,0.8598491504016526,0.934376934302581,0.7905615056723612,0.4482191291986204,0.9288957400617388,0.5532710622669783,0.9953786045233854,0.8912369310715327,0.5545354251519958,0.9434341193662403,0.9119376979332721,0.6908602902627301,0.9834594839173173,0.8347593149483608,0.8263658547164228,0.9372689456075767,0.9237454173815309,0.907540871911573,0.6523255658207524,0.7030921523899183,0.9212735133449717,0.9828201226319815,0.9165049484215362,0.9212735133449717,0.9212735133449717,0.8781517708121863,0.9237454173815309,0.9165049484215362,0.860655883986205,0.9237454173815309,0.6179283411610943,0.6570516368844799,0.9372689456075765,0.928895740061739,0.9343769343025807,0.9262837350880504,0.9212735133449717,0.6460607611088118,0.7869159279154592,0.9032901911357234,0.761295041986856,0.9237454173815309,0.6306356336546093,0.9722155622930323,0.9012134114028685,0.710085339630605,0.3108424978400496,0.9372689456075765,0.9262837350880504,0.9053985774691053,0.993611639296974,0.7108628090783684,0.9237454173815309,0.8727803597140285,0.7346391883744519,0.7140026066694529,0.7580374305188855,0.7307279312200418,0.992787606045791,0.47129798407298007,0.928895740061739,0.7154203807144734,0.7629183202472418,0.9237454173815309,0.9237454173815309,0.8716781623645735,0.940281523787128,0.5930114192865925,0.9165049484215364,0.9896201712617319,0.7364380996992963,0.9188618095812562,0.6863126913418226,0.6965777536905864,0.9237454173815309,0.9237454173815309,0.9009132970381388,0.5691362767716406,0.7632147042433873,0.9896033823997199,0.7677675481124802,0.6277689543742613,0.9452343888787635,0.6994257323973156,0.410045123496235,0.7394476245532,0.9237454173815309,0.8775434408290577,0.9315900378678903,0.9434341193662401,0.5898743736727002,0.9372689456075765,0.7465065254933925,0.9237454173815309,0.9237454173815309,0.7004357220773811,0.6586766384632862,0.6926309229980441,0.9858118985030548,0.5547137185861659,0.8756960152361009,0.8912369310715329,0.9104268231948249,0.77233196780719,0.5974769147030514,0.9237454173815309,0.28140068320535017,0.7261694593673584,0.9741270364328647,0.9372689456075765,0.9038507104210154,0.8129300118277848,0.9600001939044073,0.32112476381292043,0.9262837350880504,0.8106382609539879,0.9237454173815309,0.7398150798063186,0.7223885194877839,0.8489613700399667,0.749361945656605,0.8629196672942716,0.9119376979332721,0.8572772924183016,0.5218898769183298,0.987615254758085,0.8026884990541281,0.7932364561071916,0.9592864686575602,0.940281523787128,0.916016184190124,0.8971465330611363,0.719198073890394,0.9315900378678903,0.9212735133449717,0.8137099161685821,0.8931834336273663,0.6438945219541877,0.9137673927286702,0.9434341193662401,0.7647258015371342,0.9434341193662403,0.9434341193662401,0.6538274985274924,0.8799703801338816,0.8440469376552966,0.9237454173815309,0.9984192168061301,0.7011039951310185,0.907540871911573,0.5661971465046303,0.9141982714487249,0.9212735133449714,0.9278464566365248,0.8407966457560188,0.9262837350880504,0.6906419351238982,0.8763477248373535,0.7962263634151276,0.7614347088873253,0.9237454173815309,0.34625106871387945,0.9237454173815309,0.7043524155950274,0.940281523787128,0.8991661559057054,0.9012134114028683,0.514489943690999,0.9237454173815309,0.7067253643153952,0.6273633375899617,0.9012134114028683,0.7085299135921481,0.7398150798063186,0.719198073890394,0.9315900378678903,0.7330388831029797,0.8317539034743855,0.9701477237325291,0.6947234262930655,0.6824504981880046,0.5350396573382028,0.9341913284130113,0.833090247524831,0.9834594839173173,0.926946616820191,0.8936641158634313,0.7580374305188853,0.8539300757509798,0.6377830992709685,0.9237454173815309,0.9212735133449717,0.7629183202472418,0.7179911920448905,0.8680092996687067,0.6846101956279105,0.6883039785236629,0.9237454173815309,0.7024231378350856,0.7787431606068622,0.6956442158135696,0.9237454173815309,0.7596681204982019,0.9141982714487245,0.9372689456075765,0.9032901911357234,0.9212735133449717,0.9190560267192627,0.8971465330611365,0.7589639350998868,0.9278464566365248,0.6244561043097878,0.9032901911357234,0.6125667542370075,0.9237454173815309,0.8912369310715329,0.9237454173815309,0.9372689456075765,0.5424114069402173,0.8263658547164228,0.9434341193662401,0.9229863666545892,0.9958156369515737,0.8572772924183016,0.5338360491484418,0.9237454173815309,0.8104976393137722,0.7517647878706253,0.9000384681930853,0.5147075810012189,0.8727803597140287,0.9828201226319815,0.8874073419940798,0.8855218855218858,0.8745574900762871,0.8391784404635927,0.6483228186288106,0.8745574900762871,0.916016184190124,0.40241886019892736,0.8279566795146676,0.8745574900762871,0.9434341193662401,0.4591549837227412,0.9262837350880504,0.7779510085085496,0.5828041027260328,0.8855218855218858,0.839862916900804,0.8563663357004563,0.9331959995055015,0.9032901911357234,0.871015668341351,0.8951528182413433,0.9663573664294256,0.907540871911573,0.8590246597418623,0.7603674824796207,0.7678251182228145,0.9579893925008334,0.867521127356121,0.890868322055161,0.6472838723190006,0.9262837350880504,0.928895740061739,0.9577789321626942,0.9008881078971293,0.8912369310715329,0.8696700606673109,0.960862720955998,0.9315900378678903,0.934376934302581,0.9506296119475044,0.8893119774375078,0.6331529762328464,0.8763477248373535,0.8468659571149424,0.931119512007643,0.5573673636973572,0.8855218855218863,0.9237454173815309,0.7757067190872908,0.5888434687192381,0.8347453030609584,0.904475747198215,0.9035032484861434,0.7461931429643922,0.9969820872027788,0.9550285206335156,0.8971465330611361,0.527335288510153,0.8893119774375076,0.8034882424102876,0.9462929840320453,0.9784905973288369,0.6508273890719766,0.9150879675168215,0.6278879558104868,0.9071614968337578,0.8781425749411701,0.4283277252442744,0.9741270364328647,0.8295501310031699,0.8912369310715325,0.9288957400617388,0.7545374249029682,0.7948136083347732,0.9123577910091998,0.7739532440131407,0.9056039353298274,0.7897207988410522,0.9012134114028683,0.5170934913826236,0.9288957400617388,0.788498121206821,0.9012134114028683,0.934376934302581,0.8391784404635927,0.700903532169102,0.9741270364328647,0.940281523787128,0.8025817780070985,0.9372689456075765,0.8645636338691722,0.9876152547580852
p140_THAMYVIW,0.942170401769862,0.6324513681660566,0.8992597885323734,0.9394173587034403,0.9938077685674778,0.9543141322095119,0.9636154905080612,0.9845600578467026,0.9162839533116924,0.9517679141853161,0.8821245273141877,0.9364159486136479,0.9364159486136476,0.6303174855757152,0.9262700211315924,0.8610478913106776,0.8631230730900763,0.698805332438033,0.9493347822888889,0.9094075605567683,0.9579552599147754,0.9720496894409938,0.9881818565067271,0.9404624926714931,0.9694100907323095,0.9169296077473634,0.9142011596821673,0.9351366270846038,0.9094075605567671,0.749667835224486,0.9090636753073356,0.9447481688519044,0.930701575174463,0.9388586611030838,0.9384124008873462,0.9493347822888889,0.9404624926714931,0.8199747442032246,0.9543141322095119,0.5383826453815983,0.8780124908814335,0.9185607716438655,0.9543141322095121,0.8944090873373052,0.6077326401296221,0.9942004754807299,0.998394872319517,0.8793449357816119,0.915319368665986,0.8688077246092829,0.9940867605460231,0.7963997086598251,0.9169296077473634,0.9288758056186719,0.9805663112989256,0.9964991389010722,0.9137287800621365,0.938412400887346,0.9087548804314779,0.9344681175525122,0.8860899491808243,0.9685827185265122,0.9169296077473637,0.9099317521606789,0.9469990271543747,0.9096700150805574,0.9447481688519044,0.8777072627925471,0.8634970676323068,0.719238595924989,0.7520073121137838,0.915319368665986,0.9938077685674778,0.7898596515802687,0.938412400887346,0.8623348546394309,0.9720496894409938,0.7867289736246922,0.8347009643683228,0.8265261252013361,0.9747821421515683,0.9914610572055534,0.8883739256494589,0.9169296077473637,0.938412400887346,0.5470837125453756,0.8877752682100511,0.7631344888106664,0.9022591883114606,0.9364159486136476,0.938412400887346,0.6135071886981751,0.8828584219345673,0.8501624963707037,0.9910116109880955,0.9115001904163033,0.6524374381775511,0.8933608835872624,0.8547094619088416,0.8045618440523299,0.8793453228405242,0.998394872319517,0.950796863752391,0.7768762904488331,0.9641630208383514,0.9493347822888889,0.7413768753377016,0.7542498041632224,0.9235944347702933,0.8172409646532208,0.7286477577279441,0.6473589612727125,0.766043080726057,0.9245613707051725,0.9425720985427191,0.8561658499738307,0.9288758056186719,0.9493347822888889,0.9543141322095119,0.8805973726982694,0.9650877366625874,0.7566561216751564,0.7556959734955934,0.97196429515404,0.8268936857095678,0.7511369233144625,0.9404624926714931,0.8849533332175412,0.9559302354841395,0.8972500807670709,0.8457245959495674,0.9425720985427188,0.5659312663315167,0.9543141322095121,0.9836426671336507,0.932913827126654,0.8818820891501593,0.9447481688519044,0.9447481688519044,0.934468117552512,0.8111458079800904,0.9517679141853161,0.860654892116073,0.7686418857715793,0.7497978608176281,0.8916043634534065,0.9460262641933365,0.8085191611024447,0.9153193686659862,0.7308556097169254,0.8399952979278094,0.8860899491808241,0.7819139220692446,0.8559195932254966,0.9940867605460231,0.9153193686659862,0.8478748162636818,0.967216090606899,0.9369966819500085,0.9331004233740025,0.8972623963188338,0.8803288140439887,0.5056752647902478,0.8560621357007658,0.8753619326452873,0.8986853937484474,0.9115644070854612,0.8347141576053569,0.9687835678910891,0.8888308259151547,0.5916800014347496,0.9364159486136479,0.9137287800621365,0.8881055329138738,0.8649194299018332,0.9088527911762523,0.9493347822888889,0.9257484399272571,0.8329985788959035,0.9602459508854944,0.8930024213743271,0.9247323722236853,0.8793453228405241,0.9364159486136479,0.9877813787809729,0.7087669198814848,0.8279010131824396,0.9130812730632976,0.9288758056186719,0.5054264286523142,0.9344681175525122,0.8833742009912295,0.8246897159130124,0.8403844230888076,0.9530007332467463,0.938412400887346,0.9404624926714931,0.9344681175525125,0.8793449357816121,0.8001543701443622,0.8992597885323734,0.9364159486136479,0.938412400887346,0.9682434486405538,0.8403844230888078,0.9517679141853161,0.938412400887346,0.8789608281277379,0.9945519661064193,0.9806143176228139,0.9895258967473566,0.916202928947657,0.9902428565647541,0.938412400887346,0.9300732343522715,0.9384124008873459,0.8442342956559976,0.8438740746563684,0.8001543701443621,0.938412400887346,0.9913976286892222,0.938412400887346,0.9143587516866638,0.9549422857308887,0.6274485728815189,0.8495413835116428,0.9393618431817528,0.8651633765093409,0.934468117552512,0.921891580360551,0.981225296442688,0.7793561304895641,0.819709325341853,0.9761289800255133,0.6882614075356616,0.9418510134399242,0.9280389014923773,0.8820255041972334,0.7784845942513505,0.9333160651425743,0.8972500807670709,0.9325645805415599,0.5802118199763102,0.9868619655962765,0.938412400887346,0.9473257685964234,0.938412400887346,0.7732221795318333,0.7781560598534006,0.9447481688519044,0.9529366743750116,0.8176331077389385,0.9975839852098576,0.8958248142311329,0.9235944347702933,0.6089450084951167,0.8821245273141876,0.8583422593496206,0.9425720985427191,0.658097626212421,0.8997253355509449,0.8365351316003189,0.9364159486136476,0.9894382119329368,0.8126943491735495,0.9543141322095119,0.9719177107442767,0.8227962496162917,0.9185607716438655,0.8707041703100613,0.6758156980643613,0.9940867605460231,0.8676547956074154,0.8737317589546052,0.7783596077126395,0.9493347822888889,0.8419119437314362,0.9672160906068992,0.9202142532643907,0.6333360910981,0.9493347822888889,0.8719532289905914,0.8714434875280936,0.9258754510202483,0.9083753558180288,0.6303174855757152,0.9425720985427188,0.9388586611030838,0.7900926895085649,0.9344681175525122,0.9425720985427191,0.8803288140439884,0.7899186270311529,0.8518092446394375,0.7796601830966361,0.8501624963707037,0.8904552749271517,0.9856488589714834,0.9180945689966621,0.8954014960722597,0.7064743333669571,0.7511687941849032,0.9447481688519044,0.8560621357007658,0.9083753558180285,0.8803288140439884,0.7905201773596358,0.8986853937484471,0.9941427697706342,0.9589082569453209,0.8890122180890283,0.8187634423489139,0.9418719239116561,0.8505115488480834,0.6547249381088696,0.9788198231857258,0.9162839533116927,0.9517679141853161,0.938858661103084,0.933316065142574,0.9037041980940855,0.9393618431817528,0.938412400887346,0.9447481688519046,0.9799759007960187,0.6988053324380337,0.9493347822888889,0.9469990271543745,0.7944495116308204,0.938412400887346,0.9389585973436582,0.9493347822888889,0.46125988755274794,0.9262700211315924,0.9325792842146289,0.9202142532643907,0.9447481688519044,0.847649826470956,0.7880233700953344,0.9694100907323093,0.930701575174463,0.7640013874816272,0.9425720985427191,0.9493303821296276,0.8418266758698839,0.9288758056186719,0.9609356788097783,0.8995793727310533,0.8346841262686238,0.539356873982902,0.8496550108682432,0.9836426671336507,0.9364159486136476,0.9428152611847683,0.7860635052916313,0.7900926895085649,0.7674880140872875,0.8305075638904375,0.938412400887346,0.874826386730919,0.9369836237218983,0.6067606373456043,0.9524593769068033,0.9788198231857258,0.8633657763496987,0.938412400887346,0.938412400887346,0.9153193686659862,0.9491937056321555,0.7478811294871313,0.9384124008873459,0.9094075605567681,0.9384124008873465,0.9833076730146282,0.8753619326452875,0.7451044303789707,0.9384124008873465,0.907540871911573,0.0,0.8064976889421727,0.7751244728050968,0.938412400887346,0.9711143145838557,0.6274485728815179,0.7767245603680497,0.8512900721023176,0.7011039951310176,0.9388015707402724,0.9425720985427188,0.7527444777600507,0.938412400887346,0.7200295947546944,0.7415014501952117,0.8291788837418348,0.8353592003091563,0.9404624926714933,0.9685827185265121,0.5207863274564482,0.938412400887346,0.9052964331108346,0.9071684463189384,0.938412400887346,0.9359170749054637,0.9146256305430385,0.9096442630970052,0.7877486195633611,0.7602000973042939,0.938412400887346,0.8988255488132137,0.8777072627925471,0.7987499291948711,0.9986710652581441,0.9456741896226332,0.8874576548572417,0.8888323772351048,0.7196661115713545,0.9425720985427191,0.9400658022383341,0.8919047203852766,0.49358575927675385,0.8474395468832951,0.7070447155143831,0.8431820355014632,0.9218915803605507,0.9447481688519044,0.9169296077473637,0.938412400887346,0.9180945689966622,0.9130812730632976,0.9366735852030657,0.9775200810036838,0.9655033215314222,0.9607441863599593,0.8138309153573866,0.7739300446366845,0.9344681175525122,0.6913334199351963,0.9384124008873465,0.9736413441112676,0.9103992507047161,0.6229795142018266,0.9493347822888889,0.8647946830029143,0.9788198231857258,0.8761584938412071,0.8982552933740049,0.9263508008903656,0.9345002823263695,0.9517679141853161,0.9077536680526115,0.9555096729069269,0.8688077246092829,0.9185607716438655,0.9253246753246755,0.9473257685964236,0.9425720985427188,0.9761289800255135,0.9943104640015844,0.8508149632256921,0.8148116781454423,0.9418510134399245,0.9747821421515683,0.9487210184868773,0.7159500210071943,0.8192976586644307,0.6507787134612872,0.9142011596821674,0.8472385924039749,0.8903667635188822,0.9446701888736626,0.9643765980294188,0.921891580360551,0.8324223910142425,0.9747821421515683,0.94957865244135,0.9643765980294186,0.9584859817309163,0.7732053839664661,0.8803288140439886,0.8633657763496987,0.9224205858629795,0.9156070437830373,0.9418510134399245,0.9843798933538868,0.9625724560522373,0.9789319557752638,0.9469990271543745,0.955509672906927,0.9142011596821674,0.9836426671336507,0.9940867605460232,0.9843798933538865,0.4564188338199998,0.7696616986214537,0.8944090873373052,0.9364159486136476,0.9364159486136479,0.834700964368323,0.9775730833954649,0.9325645805415599,0.7133697559920003,0.938412400887346,0.9469990271543745,0.938412400887346,0.938412400887346,0.780233137915181,0.9218915803605507,0.9120600632071979,0.938412400887346,0.7930242877717499,0.8283134374502996,0.9945519661064193,0.841167791359484,0.8847182735650865,0.9230550304354544,0.8204380281246041,0.8820255041972336,0.8058941123210297,0.930701575174463,0.9214745861311222,0.9894382119329369,0.9001312905981318,0.8496550108682432,0.8253412912328226,0.852992265615415,0.9805663112989256,0.9868619655962765,0.7854152116670612,0.9469990271543745,0.7196661115713543,0.998394872319517,0.7026367539674032,0.9720496894409938,0.9078071215227655,0.921891580360551,0.8163293560597349,0.9750525882012044,0.8860899491808243,0.921891580360551,0.903057155962083,0.998394872319517,0.9720496894409938,0.8881730297134133,0.7829144420779199,0.9054156736579473,0.9568907017963273,0.9940867605460231,0.8791510662592732,0.9325645805415601,0.851290072102318,0.8630290845537578,0.579141879826395,0.7291977626071651,0.9508067898672805,0.8995793727310532,0.8029192524832629,0.9158533937000453,0.8820255041972334,0.8305824928250912,0.7008752117447783,0.9211999702940652,0.8861440163693608,0.938412400887346,0.9447481688519044,0.9555096729069271,0.9507968637523908,0.8317311854817002,0.9253246753246753,0.9868619655962767,0.9687835678910892,0.9685827185265123,0.5835123224094763,0.7631344888106661,0.9517679141853161,0.7732053839664661,0.9775200810036838,0.8380970570148378,0.9868619655962767,0.9805663112989256,0.9309831092120704,0.7781560598534008,0.8589740229104694,0.9331389787191706,0.940609968392996,0.8677983553764863,0.834279635409227,0.9761289800255133,0.7952640490644383,0.7957137803674155,0.9090636753073353,0.9788198231857259,0.9235944347702933,0.9404624926714933,0.8438740746563685,0.9799759007960187,0.8701112326985443,0.9364159486136476,0.8173902168691822,0.7640013874816272,0.9726326202607706,0.8533649275956026,0.8803288140439884,0.6944930450404401,0.9715878604207602,0.9946231749394499,0.9454800327660549,0.8926496087949567,0.9847742533056744,0.9400658022383344,0.9270843653068204,0.9902428565647543,0.9447481688519044,0.9726326202607706,0.938412400887346,0.912060063207198,0.9202473653413233,0.8141422982910727,0.8329985788959038,0.9384124008873459,0.85848016091215,0.7472241241680526,0.8860899491808241,0.9446701888736626,0.9162839533116924,0.6439592526212661,0.8847182735650863,0.8550805086083478,0.9121566723282284,0.9800884826873312,0.8447164493374326,0.829835318522635,0.9469990271543745,0.7914731738068148,0.9551139594816043,0.5851636683551682,0.9945519661064194,0.5343131350824657,0.9121566723282284,0.855956490272431,0.6073663826121839,0.9288758056186719,0.9621156816794599,0.9507968637523909,0.9602068140942855,0.9182613867295788,0.9493347822888889,0.9384124008873465,0.9253246753246755,0.7429692855380365,0.784165606903412,0.9364159486136476,0.8105915487398061,0.9836426671336507,0.9364159486136476,0.9364159486136476,0.9761289800255134,0.938412400887346,0.9652792462742585,0.9438307679586415,0.938412400887346,0.6381622990853317,0.8903667635188821,0.9843798933538865,0.9425720985427191,0.9469990271543745,0.9404624926714933,0.9364159486136476,0.8651530285770452,0.8542491929403546,0.9218915803605507,0.8324310788092018,0.938412400887346,0.6064076135904076,0.998394872319517,0.9202142532643907,0.868982328583106,0.9228716770826353,0.4540972984960916,0.9452945222517778,0.9235944347702933,0.6699581067268912,0.9235944347702933,0.9384124008873462,0.8972500807670709,0.9428152611847683,0.9487210184868768,0.9694272361936423,0.929822304158936,0.851809244639438,0.9993652126586656,0.9425720985427191,0.6401499290272308,0.8338004366010847,0.938412400887346,0.9384124008873462,0.9440339250970744,0.9517679141853161,0.9461776252324352,0.9652792462742582,0.786728973624693,0.9341775765627998,0.9607441863599593,0.961122460884026,0.8815687437465896,0.938412400887346,0.938412400887346,0.9315204524190162,0.9818976616271808,0.5955723806092439,0.7548649413023867,0.8888308259151545,0.9331543600073642,0.9424449052201409,0.8768844017974897,0.820991068106081,0.9182672916288701,0.938412400887346,0.9920340456796234,0.9447481688519044,0.9543141322095119,0.8333388020882606,0.9493347822888889,0.8200238589875917,0.938412400887346,0.938412400887346,0.7971928977657508,0.8400061283921283,0.8307697627370023,0.9253246753246755,0.7531444301592911,0.8780124908814335,0.924723319484639,0.9943104640015846,0.7992764522645044,0.7424413396640949,0.9384124008873459,0.8972500807670707,0.7788386614655773,0.9975839852098576,0.918094568996662,0.9214745861311222,0.9119261761212715,0.7270734020865477,0.9893117100305695,0.9404624926714933,0.9877813787809728,0.938412400887346,0.7898596515802689,0.9893117100305693,0.8780124908814335,0.8212417600893902,0.8932554204824055,0.9288758056186719,0.8847289094375663,0.7347923382182096,0.9469990271543745,0.8406398513598701,0.8597087677932997,0.9836426671336507,0.9788198231857259,0.9833076730146282,0.9169296077473637,0.8215612095168274,0.9940867605460231,0.9364159486136476,0.849541383511643,0.9551139594816043,0.9945519661064195,0.9046536713705715,0.9543141322095121,0.9584859817309163,0.9543141322095121,0.9543141322095121,0.6282225128088397,0.9407634795537994,0.9052964331108346,0.9384124008873462,0.9788198231857258,0.9253246753246755,0.9253246753246755,0.7816916219552863,0.9307015751744634,0.9364159486136479,0.9621156816794599,0.871418188627088,0.9404624926714931,0.9242337513949787,0.9369836237218983,0.8102313844067464,0.8305634338754777,0.938412400887346,0.6439592526212663,0.9384124008873465,0.7689244285564301,0.9517679141853161,0.864399094814424,0.9202142532643913,0.9913778083081421,0.938412400887346,0.7631344888106661,0.7788920968928248,0.9643765980294188,0.7886191024792868,0.7898596515802687,0.7732081684608062,0.9447481688519044,0.8332522392621036,0.932913827126654,0.8126462580697249,0.8803172587089365,0.8083287302412826,0.734033934578621,0.6073663826121836,0.9432185749403661,0.5630292899914711,0.9400658022383344,0.9993652126586656,0.8296877053467191,0.9799759007960187,0.8436755635515784,0.9384124008873462,0.9364159486136476,0.9096442630970054,0.9115644070854612,0.6884129902948701,0.8242513581289344,0.8191563187516384,0.938412400887346,0.814983907291325,0.8342796354092272,0.5144050331528178,0.938412400887346,0.8562263088127957,0.4709215913319854,0.9493347822888889,0.966854861926912,0.9364159486136476,0.8033236974657338,0.9549820389811021,0.9382989277549898,0.7965749640015882,0.9569109769301656,0.6734388855421983,0.8157909825630123,0.938412400887346,0.9655033215314222,0.938412400887346,0.9493347822888889,0.7298393669997532,0.8597630494484776,0.9543141322095119,0.9106019687464653,0.8084207299115826,0.9179069363733625,0.9446701888736626,0.938412400887346,0.8958295072151901,0.9293888590396144,0.8198492542263084,0.9883783616664186,0.933316065142574,0.9329216899439509,0.9090636753073356,0.907540871911573,0.9351366270846035,0.8701112326985441,0.8907583025951883,0.9351366270846035,0.9833076730146284,0.9447481688519044,0.8610478913106772,0.9351366270846035,0.9543141322095119,0.9169296077473637,0.9452945222517778,0.7566561216751563,0.9902428565647541,0.9466763852073139,0.7706493333804144,0.8688077246092829,0.9333160651425743,0.9432185749403659,0.8958248142311334,0.9993652126586656,0.9364159486136479,0.9720496894409938,0.8925326077289388,0.9007798745624753,0.9778787924688122,0.8227962496162919,0.967012604218172,0.888832377235105,0.7064743333669563,0.9404624926714931,0.9425720985427191,0.9454800327660551,0.6968078157916986,0.9121566723282284,0.7208233092507242,0.9115001904163031,0.9447481688519044,0.9469990271543745,0.9863585064424636,0.910601968746465,0.863880387166671,0.9369836237218983,0.9883783616664183,0.9512371008023686,0.9847742533056744,0.9359170749054634,0.9938077685674775,0.9019487524837773,0.7505670456554265,0.7521976660362841,0.8793449357816119,0.9462818628041005,0.9894382119329369,0.9761289800255133,0.9620242791810867,0.9596257255045417,0.9325645805415599,0.8079642834078286,0.9623912027223392,0.9273614004407342,0.9231017872839913,0.9270843653068206,0.9381442798450035,0.9021033275330331,0.8796641865147408,0.7758242809380289,0.9425720985427188,0.9975839852098576,0.8623348546394307,0.9121566723282282,0.5261306392174051,0.9400658022383341,0.8878736175094186,0.8923950820024888,0.9868619655962767,0.9868619655962767,0.8958295072151901,0.6823246438503583,0.9220737026051954,0.9425720985427191,0.8556126329150247,0.8589740229104694,0.9469990271543745,0.9007549832165638,0.9946231749394501,0.8881730297134133,0.9517679141853161,0.9492700421601004,0.9493347822888889,0.879164976164735,0.9469990271543745
p141_T,0.6265297010417914,0.857327073639488,0.3549869479511747,0.9277416787841584,0.8616616667070358,0.9143480251080165,0.9674110712472808,0.9858276427758035,0.6823438453365442,0.868629248060816,0.7427968260368258,0.8268147748355974,0.8268147748355976,0.7431297243227593,0.9808177734338239,0.9413244398400277,0.8582701915168358,0.5915804716231222,0.8916641869793291,0.9791810757520107,0.534733735774618,0.6824673540077415,0.9262962860121418,0.8681619357560897,0.7459648775430554,0.773739416204358,0.6684505578431412,0.7821025753926962,0.979181075752011,0.939171645888915,0.8365303186787643,0.881981637147994,0.7122368616288488,0.9100336531327775,0.8616616667070358,0.8212831190502967,0.7376065211990552,0.6857639325569056,0.8755644359298407,0.6282831561821728,0.4002426184463618,0.7781822517981349,0.8755644359298405,0.7123997985958999,0.96673855361609,0.37596096673195456,0.7489933234855091,0.6713692504914521,0.5836636547121095,0.6426688256255344,0.8495094192726711,0.29458571237523334,0.773739416204358,0.8062775279335068,0.8112504150761768,0.6197858033425132,0.8175263920021941,0.8322525541058978,0.81205291539668,0.7334406308261017,0.6897407861015628,0.7183983022220255,0.9995891151625986,0.7391580145953239,0.7394182000815217,0.654404357987759,0.8582406198494191,0.6076808478642537,0.5741082159777715,0.9268547209438454,0.7129965158486193,0.5836636547121091,0.8322525541058985,0.4276362898604391,0.8322525541058978,0.4644491667967182,0.7320794879815133,0.7174743243765609,0.6113364880778711,0.8529504398229277,0.8267206457386702,0.9594129746328919,0.9019828209594895,0.8182519402561648,0.8322525541058978,0.6655084435866585,0.9454416411889628,0.7754122331766213,0.9444988756877082,0.8268147748355974,0.8322525541058978,0.5651558986528338,0.5060552930528184,0.6177930271854799,0.8205382833751693,0.6884403079439521,0.613735395521217,0.36107566626722376,0.405200804612484,0.4789122524073479,0.6637281563779982,0.9997159486874599,0.7560198694781772,0.8392846271242926,0.967378266664628,0.7509020511212644,0.6437300332296663,0.3306449955259785,0.7918925464859512,0.4874092618036041,0.5289876964142235,0.9222315051031126,0.5925872123114897,0.7337530484552761,0.7489933234855091,0.5116265178220816,0.8839072352628159,0.8620020752690567,0.8141668506447507,0.5452384623940338,0.7686841896077785,0.6134676724188319,0.6486717036544254,0.8575841959228623,0.9089205277093817,0.7239052918194293,0.7072810178879126,0.5840657142205596,0.9125440513003291,0.7201378724697229,0.5797968200318535,0.7489933234855084,0.7932961840987718,0.8755644359298402,0.6955676483679548,0.7537942187296112,0.6157465656384455,0.7932961840987721,0.7608239662234482,0.8215094261899889,0.38345209838114824,0.7628646596352009,0.7194590426477068,0.3966370738549849,0.7241789025099552,0.7047605128510268,0.7600994726151957,0.478459590477438,0.7693535739719675,0.3790894848840062,0.8365658780959979,0.6897407861015621,0.8085018910576967,0.7502939264511977,0.979398290773964,0.7693535739719679,0.8357365075143429,0.6773240387516763,0.7926973969163622,0.785202169639458,0.9245503301724364,0.9370352923869721,0.7952940605393667,0.3468519347656467,0.504156254841496,0.6373443185298877,0.7112148406789442,0.6205376259431867,0.8166046992163082,0.5702426624872199,0.8456919212457588,0.687385991864256,0.9188194897848982,0.9846725023480385,0.9732430734921482,0.6645505093318789,0.9323831431980896,0.7774306096387753,0.7836110878356457,0.8098159014217886,0.8943616699680017,0.8067279890635264,0.8834399215554212,0.8268147748355974,0.6329656935695133,0.6122541492489324,0.5732146855977462,0.709413104877975,0.8062775279335068,0.960957115486309,0.8493250476264829,0.839588392485503,0.32906356351902566,0.38161102647874445,0.7430246670080218,0.8322525541058978,0.837836432444947,0.8447031165720803,0.6713692504914519,0.4700752733819613,0.7073361950721981,0.8268147748355974,0.8322525541058978,0.31796112354767625,0.508070157972341,0.8686292480608162,0.8322525541058978,0.6607663406556663,0.7584323595356683,0.7192294604531155,0.625372475264623,0.46849229312433516,0.6873859918642565,0.8322525541058978,0.5242783819959609,0.8322525541058978,0.7502101359130706,0.4124648140125601,0.4038396852426325,0.8322525541058978,0.7236779306171282,0.8322525541058978,0.6011115120667152,0.9442567118679259,0.7341031695427904,0.2901213591748968,0.7489933234855085,0.25698182984807594,0.8215094261899889,0.735330107303876,0.7966052392676446,0.7596591111983559,0.6558758616458507,0.8525269251020346,0.7608239662234484,0.6846858119514417,0.7355347458828869,0.7493147111654461,0.7046337951274867,0.9690520383983674,0.7201378724697227,0.816324722185402,0.5822432183787181,0.877140669062977,0.8322525541058978,0.6786703713622679,0.8322525541058978,0.9846945471838471,0.8586227698048787,0.8495094192726707,0.7607392710856495,0.24436504360069033,0.837836432444947,0.7162558438703521,0.6243484101822678,0.6379620395991665,0.8947318359984151,0.5416826720677657,0.8435824105613208,0.5873710344193399,0.7340894656226897,0.4855785353169759,0.8268147748355974,0.8893852688139479,0.5302636519121937,0.8755644359298407,0.7531287835112275,0.7927126875921822,0.8934077299130396,0.9819896248973858,0.6701529861525837,0.8495094192726709,0.4997323836191856,0.5336285103962494,0.632740980381995,0.7509020511212644,0.43501848386844655,0.8299596158787212,0.7484029422269308,0.8605785694541507,0.7509020511212644,0.9402379210697039,0.4889403937855099,0.9906206863879108,0.5451341397369047,0.6815924061689593,0.7489933234855086,0.7535938326998727,0.38830221670475207,0.6778093879531129,0.717652995335265,0.937035292386972,0.16727530130737756,0.9620452549083616,0.6901828428500825,0.5207863938180519,0.3168353590377492,0.7148395508223917,0.9620452549083617,0.6972016442759021,0.8067611620624278,0.8447031165720802,0.8907128377247426,0.3595750991719888,0.6977726667645141,0.8116739797859962,0.6282831561821732,0.7240472647849545,0.34916635718457145,0.7192094533367572,0.6180336526519681,0.9057156655883882,0.6479601269376268,0.6821091984346288,0.6393107661777646,0.8365658780959979,0.7347586943861968,0.9054798572912144,0.7931670696607376,0.7584323595356681,0.4967034658984917,0.8435824105613203,0.8322525541058978,0.8495094192726713,0.9213433666535404,0.614247618486427,0.7509020511212644,0.8556401296226268,0.9159973957702077,0.8322525541058978,0.9405512253203157,0.8620020752690569,0.8917340290011032,0.7983364180999392,0.6481894657305911,0.7718485013831489,0.881981637147994,0.4496521855572433,0.13733281739851277,0.9135090138467388,0.8112504150761775,0.2797721562203831,0.8435824105613206,0.7319540868088865,0.14721298843201858,0.8062775279335066,0.7047605128510273,0.8141668506447515,0.26373997762570944,0.7140205957390076,0.26685417920781407,0.6955676483679541,0.8268147748355974,0.8818076929203849,0.6446921264589458,0.36276659225391006,0.36670218780116093,0.07449758893196834,0.8322525541058978,0.5172900185073388,0.7475501965998625,0.6234663591013779,0.9589791234933984,0.868629248060816,0.48912708823323947,0.8322525541058978,0.8322525541058978,0.7693535739719672,0.682343845336544,0.5109883689073302,0.8322525541058978,0.9423304665216126,0.697201644275902,0.8867168000149588,0.38721102300800225,0.31838146073194595,0.814838094680452,0.58697398697735,0.8064976889421727,0.0,0.1252289212793012,0.8322525541058978,0.3374890468164108,0.6760478589350485,0.2624102202463847,0.3343630110264828,0.73241187028639,0.9067068649261578,0.7176529953352648,0.3265449061734571,0.8322525541058978,0.17235158230576852,0.977743737974097,0.9557371126356209,0.5378729448727644,0.837836432444947,0.1774339351184301,0.8710744360605067,0.8322525541058978,0.6569291052502424,0.39307783843015187,0.8322525541058978,0.7481671178956124,0.6898849024333282,0.3270093160592469,0.09184918593289093,0.3468519347656467,0.8322525541058978,0.8138534209290598,0.5520792039520586,0.9418890352294473,0.8440790760131105,0.5807518113110828,0.6934660349708073,0.697210395378139,0.4470964393498198,0.7176529953352653,0.7482455463310862,0.6250385328280963,0.7830716519809429,0.5137889700815341,0.884035422420157,0.24360838876644386,0.7872544459254591,0.728351748348125,0.6595819122130353,0.8322525541058978,0.9972357888728779,0.6885752391870013,0.8186787195898966,0.8773656490592001,0.9578121459404715,0.8215094261899891,0.9797495099065168,0.9802105476881968,0.8215094261899891,0.8440868326778852,0.8442472072815895,0.9349567809687966,0.4001786051401691,0.7760360478170412,0.8620020752690569,0.4926687294547656,0.8686292480608162,0.9097838043725857,0.978220624633725,0.6733730820495232,0.8313037559290589,0.7997152688655997,0.64490666022739,0.782102575392696,0.9175051457738554,0.7781822517981352,0.7568855549684026,0.5066417158741714,0.8749227387115643,0.7931670696607375,0.9594530220921483,0.8964217583041318,0.8656307380080206,0.8202519704110263,0.8013981440784055,0.7523148097023771,0.820581124622725,0.5390826164447868,0.5917905867597891,0.9396214630912763,0.8101967171997386,0.6699524113909235,0.7440592910622426,0.782685874648712,0.7872544459254589,0.0803331084890414,0.8013981440784055,0.5830764965737847,0.7826858746487118,0.7437393086070431,0.8458888964554567,0.937035292386972,0.8484290553592545,0.43283318467442666,0.7633320035555717,0.7185773515663381,0.8620020752690567,0.8651700237421927,0.7720035645188619,0.8743987568468055,0.9949720476210819,0.7226847388927682,0.8853872820416497,0.8495094192726709,0.8620020752690567,0.784499890927494,0.1947116227918202,0.4808572635671766,0.7159624173525005,0.6873859918642566,0.42946566971503697,0.854688612976098,0.8163247221854024,0.4699962894566596,0.8322525541058978,0.7731633392728432,0.8322525541058978,0.8322525541058978,0.4014163510505253,0.7872544459254585,0.8129536881411695,0.8322525541058978,0.3706212281357689,0.4641266283052974,0.720137872469723,0.9489316098519124,0.368067186048617,0.4293761571209035,0.9158089786161161,0.6786703713622684,0.47130968960820097,0.811250415076177,0.9547067795156627,0.855640129622627,0.7279854846060809,0.44348918667121173,0.5242783819959611,0.5739611184865262,0.8377233441481198,0.8771406690629773,0.7389256895714988,0.9231304080052689,0.48028067843870603,0.7176529953352653,0.7823569110285507,0.7966052392676444,0.9913667919720555,0.6875885626268097,0.5269807925416887,0.6493045083955101,0.689740786101563,0.7872544459254587,0.7559728170533346,0.8435824105613206,0.7966052392676446,0.767932024510198,0.8478796967642307,0.5417100144387526,0.4598462564007443,0.8495094192726707,0.5798341468896158,0.8163247221854029,0.7886170835657662,0.48596167001717994,0.8588445447937201,0.2750260851233197,0.5818148644225575,0.8529504398229275,0.1487465343853347,0.5062221314362403,0.6786703713622679,0.19751567997435437,0.7568855549684005,0.6934660349708075,0.7800840489245968,0.8322525541058978,0.728351748348125,0.840157886000438,0.8322525541058985,0.49763503913555795,0.7966052392676441,0.8215094261899889,0.7312265774731264,0.32202733260956107,0.9262962860121418,0.354844398955505,0.7997152688655997,0.3266630309631543,0.82672064573867,0.5734050423178918,0.8215094261899891,0.917142131363949,0.6462114275713879,0.7054448215410976,0.7484029422269309,0.5632941851525193,0.6192976365806424,0.2423561674120429,0.56285032220178,0.8327403066216019,0.4949357788266424,0.3846135933947733,0.7523148097023784,0.8686292480608162,0.7702881710152129,0.8378364324449472,0.4124648140125605,0.765339298252008,0.6624878259472546,0.8268147748355974,0.30417556396013,0.1324739716895963,0.8917340290011037,0.6611654039102015,0.9376033950120526,0.6850731555804409,0.8308620205556929,0.7378707401192642,0.76101410395812,0.7844998909274942,0.791892546485951,0.982565762647196,0.6668293210560308,0.8268147748355976,0.7932961840987716,0.9143480251080165,0.8322525541058978,0.7517407052893184,0.34104183878092065,0.5032125267335419,0.6835206323767287,0.8322525541058978,0.6608786900512378,0.29170975052109194,0.6897407861015625,0.8867168000149583,0.42660372081935205,0.6621569528228295,0.6687214281368838,0.9119575055160141,0.784613017956546,0.919510753917735,0.5204702050129391,0.5574770087129959,0.7394182000815224,0.6279782135198089,0.7955552154844517,0.968375620537216,0.8203282827389337,0.8141668506447503,0.7823891620836401,0.7612562522625974,0.8529504398229271,0.6503145207613311,0.7955552154844518,0.979298117111586,0.7833470371575921,0.34157483603173366,0.8620020752690571,0.8322525541058987,0.7966052392676448,0.24779386929230363,0.3595750991719888,0.8268147748355974,0.9556572734753894,0.8163247221854022,0.8268147748355974,0.8268147748355974,0.7319540868088863,0.8322525541058978,0.816324722185402,0.7292932745275391,0.8322525541058978,0.6546207056020595,0.9109711314150543,0.8620020752690567,0.7176529953352653,0.8893852688139479,0.837836432444947,0.8268147748355974,0.29149704979470037,0.5452384623940341,0.7872544459254587,0.4748886472920617,0.8322525541058978,0.5362483145594732,0.9062630668618084,0.7015118239144948,0.39426837355580746,0.507652965293915,0.7860925850857805,0.8984874390672324,0.7918925464859512,0.9735062310027147,0.8919046383760009,0.8442472072815895,0.8733158207335041,0.956113990587217,0.9529309088802671,0.7610067319955127,0.7427968260368256,0.9323831431980896,0.7844514113273959,0.7489933234855091,0.7870389914565905,0.5053029858361642,0.8322525541058978,0.9204798919093109,0.39011276139380013,0.8686292480608162,0.3652629344123166,0.6955676483679543,0.92005433765868,0.4592403040079165,0.8215094261899891,0.34789435303207616,0.2886936367632684,0.8322525541058978,0.8322525541058978,0.7162558438703519,0.8741112139393341,0.8359836380551863,0.582446860431213,0.5296848753602295,0.3105687814968191,0.3396013003267502,0.3896017644029828,0.6456903576273405,0.4336230492579194,0.8322525541058978,0.6713692504914519,0.728351748348125,0.8755644359298407,0.20372364375318097,0.7509020511212644,0.4423563615571402,0.8322525541058978,0.8322525541058978,0.2660578852649351,0.7266107568770397,0.2926544114819789,0.6576612870208559,0.2730717905280935,0.50191723729105,0.7607392710856498,0.9086157126698041,0.492946627924586,0.4110478542797208,0.8322525541058978,0.6671503344751522,0.3976181860603203,0.828583031132483,0.8620020752690569,0.7506264363281214,0.9303843460922749,0.9823745918218031,0.7046378675742239,0.837836432444947,0.45485420906974583,0.8322525541058978,0.4276362898604391,0.9394144114996157,0.6846858119514416,0.6835122235621258,0.5273303196774263,0.806277527933507,0.6860336933754081,0.39118600137751003,0.8556401296226268,0.9847170742932992,0.5451544654625005,0.8163247221854022,0.7628646596352014,0.8055966092160425,0.7737394162043592,0.4592934272800513,0.8495094192726707,0.8268147748355974,0.7544132918678017,0.7869924306784437,0.7820337956729881,0.8007685346741857,0.8755644359298402,0.9690520383983674,0.8755644359298405,0.8755644359298402,0.5413092866300682,0.7960089992369015,0.6569291052502424,0.8322525541058985,0.9102670965567944,0.6824673540077419,0.7966052392676444,0.42142118246200266,0.7387097907007926,0.8268147748355974,0.7869924306784437,0.666152328000305,0.837836432444947,0.5154448925356541,0.747550196599863,0.6892811245190857,0.6225200670722852,0.8322525541058978,0.5813227410144997,0.9498890045104484,0.4195487659268238,0.868629248060816,0.8934077299130396,0.7826858746487133,0.5999957263869647,0.8322525541058978,0.354844398955505,0.13599064244280867,0.7826858746487124,0.35881410833913585,0.4276362898604391,0.3822822932136558,0.7608239662234484,0.451643387905011,0.7730315981221711,0.8120529153966801,0.4190011178191342,0.7592008796424092,0.5627839926205145,0.7753832614665755,0.8546839689965421,0.8148380946804521,0.9489171762694814,0.962929417207651,0.4677224418693462,0.6960041567402162,0.127096184913855,0.8322525541058983,0.8268147748355974,0.47845959047743825,0.3281028705243808,0.7291624716053557,0.2624102202463847,0.19506355307561973,0.8322525541058978,0.3015091568532362,0.21368072408628358,0.6610799667843594,0.8322525541058978,0.47130968960820097,0.8975473651324497,0.7509020511212644,0.7872544459254589,0.8268147748355974,0.5043795239161016,0.7737394162043587,0.8549919503419808,0.8529059602316709,0.8329361359280749,0.7830716519809433,0.12883578150270192,0.8322525541058978,0.7823891620836403,0.8322525541058978,0.8620020752690567,0.5871394818061979,0.6180336526519674,0.8755644359298407,0.7565046920677836,0.5462327618825599,0.6860336933754079,0.6200550880151601,0.8322525541058978,0.4855176255271747,0.43487628633026865,0.6302236369889183,0.7634460136833969,0.820328282738934,0.923185055600066,0.8897692771479774,0.7481671178956124,0.743399034987535,0.6462192181692648,0.20773459335392686,0.743399034987535,0.6405675273997602,0.728351748348126,0.34805981307786316,0.743399034987535,0.8755644359298407,0.8182519402561648,0.837836432444947,0.5510187643386042,0.8302681193054761,0.7689439583683322,0.8890762971642384,0.8366709339655258,0.5139723862113716,0.8111252182639921,0.7162558438703517,0.769353573971967,0.8268147748355976,0.8462173732414171,0.609182861120001,0.7021048455535605,0.46497090983970546,0.5947931671874087,0.7271477564901467,0.5799381143237288,0.7398319098573323,0.8681619357560897,0.7489933234855091,0.8298154360649794,0.8426478819631009,0.9988880720635471,0.7196633449625741,0.825008767563951,0.7932961840987716,0.7394182000815226,0.8200179686443918,0.7778492225035785,0.7505699238978002,0.7671149085936451,0.7844998909274941,0.7204349008763622,0.770288171015213,0.8312744797864919,0.7266107568770389,0.6994611703957023,0.498805958439949,0.6872333639440638,0.705511365396452,0.8820044788018255,0.9756341744207683,0.8921001620628992,0.8439881683325483,0.773739416204358,0.7769189199423953,0.8592937600878989,0.9558181288706113,0.7964115545265904,0.9714722438583576,0.6415068193957658,0.7552973770880533,0.773115268328988,0.9543607209123588,0.9445490883931673,0.7489933234855087,0.7679320245101977,0.6407370207655991,0.7607392710856489,0.9056949642367282,0.932092883080624,0.5486239390190826,0.9582276831808993,0.8725187380085746,0.7612562522625964,0.48551762552717603,0.9828585337891097,0.4373065743623795,0.8749227387115646,0.5347309138537406,0.8187396196955846,0.7731633392728432,0.6624878259472549,0.8991864094801315,0.9288129423783751,0.868629248060816,0.871328835919289,0.8620020752690567,0.9568036441077532,0.7731633392728432
p141_V,0.6558066365719115,0.8950004152929019,0.43576123667031896,0.9541734588583917,0.8367785125630912,0.8953882126548842,0.9902630566392263,0.9947216096805723,0.6368693908719417,0.8498227077519453,0.7846973361026459,0.8020222325849231,0.802022232584923,0.7750169417181672,0.9482546511407034,0.8872152559222652,0.8941804419209567,0.6427264085911579,0.9186988158234664,0.9571076366744766,0.6126347585035279,0.7269784187937691,0.9652169503502326,0.8440510684196687,0.7658089329567608,0.7413488062196427,0.7099701368351989,0.7408826419527746,0.9571076366744768,0.9300950750857426,0.798584004433454,0.8594783932788337,0.7533388874387696,0.8663988135266223,0.8367785125630913,0.8162469428700425,0.7733672596361088,0.7276482555137314,0.8577507109035436,0.6791019640865543,0.47534958836762287,0.7464276613645482,0.8577507109035436,0.6712280407981741,0.9731277155291385,0.4682241808462124,0.7834252014543854,0.6243237145092291,0.6358010061218786,0.5915146452977841,0.8279657565412284,0.3879654570863267,0.7413488062196427,0.9794401102199252,0.7842297379105647,0.6716039373100786,0.8635011265515999,0.9634411459729271,0.6931442864542248,0.772144263965423,0.6453252497188477,0.6686801156453992,0.9613219437872127,0.8042497517204943,0.7720505777903308,0.5644827413414459,0.8884205128203209,0.6585205067326954,0.7057430612229392,0.9528494401412742,0.7467223178261215,0.6358010061218784,0.8082384637825226,0.34569886446565057,0.9634411459729271,0.4079223708826345,0.7510514457994326,0.7601231354991893,0.5472566863550188,0.8787867768370725,0.7975412536385914,0.9981440376750648,0.7812224139195563,0.8626995461587295,0.9634411459729271,0.70338521563529,0.9359992031269355,0.781936893617906,0.9015428239307054,0.976122021280873,0.9634411459729271,0.6083413221275917,0.5786915231168459,0.5463239916238146,0.9494984233504238,0.7734230556332642,0.6725855914895327,0.4441084298754161,0.345154820116538,0.3909312111165315,0.6929258472258031,0.9732612361574995,0.7636608045089459,0.7892427595992961,0.807654634410371,0.7820963185522347,0.6898144290241501,0.23482266302983834,0.7621006700194146,0.40498045219030354,0.5847071627969103,0.940475025223066,0.4945718950755519,0.7932646175915654,0.7834252014543854,0.4147168710261504,0.8789925306301867,0.842246813951878,0.8411492750857319,0.4912954251935526,0.7258491810838379,0.6902539110495005,0.6949953734031875,0.839447439635739,0.950688801185759,0.6048502436164804,0.743937900255784,0.7639858108981183,0.9129501056520251,0.8473067066465347,0.5196421210190564,0.7834252014543845,0.8253952393451094,0.8577507109035437,0.7362858947045932,0.8230616472593975,0.7050458240531585,0.8253952393451096,0.7938826026075032,0.9880934368428602,0.3894158290970189,0.7925608625062857,0.6402414586661271,0.4733987969891609,0.7658405118018097,0.6624951437800819,0.7218761533489675,0.4037978367034233,0.7363351033903193,0.37007568731372453,0.8640841484546391,0.6453252497188482,0.8558523728742742,0.8254492165434482,0.9540163034916509,0.7579855823726575,0.7565129398646591,0.7174733784596516,0.825518819007518,0.705404783732021,0.935464519857077,0.9354961779469573,0.8161222511407003,0.36447438495492,0.5612265564001409,0.6957200807516382,0.6405940472381484,0.6726896863793461,0.8433637591649459,0.5209505082385932,0.874548340129403,0.7265343068798944,0.8806359544597055,0.827722719892257,0.9040748062163741,0.7294188961307384,0.910548062587494,0.9654720791391446,0.8161815026135049,0.7583178147935878,0.9725460249060967,0.7643038892319152,0.9274668562987736,0.802022232584923,0.8358333528805901,0.5729951572326013,0.5048701764238765,0.661872545576694,0.979440110219925,0.7636497707234808,0.8229510368893818,0.7894672304251207,0.4251402196941816,0.2922527837040416,0.8693988733364956,0.9634411459729271,0.8146217090393438,0.8801188504041417,0.756856462175038,0.5666751225681264,0.6699601386874532,0.802022232584923,0.9634411459729271,0.4130798888338685,0.4149749423262651,0.8498227077519458,0.9634411459729271,0.8318364727476057,0.7358181476024261,0.6627679735274461,0.6766701826453752,0.5384229855745057,0.7265343068798946,0.9634411459729271,0.7124790756652544,0.9634411459729272,0.6502388218870051,0.4958807408299415,0.5023968513348425,0.9634411459729271,0.5779247829153792,0.9634411459729271,0.5842248516104298,0.8929633942348831,0.789619626967569,0.38187547987120185,0.753011006155871,0.17292304835062977,0.9880934368428602,0.779893981592517,0.7915610410929516,0.7858724749440471,0.7564084334239839,0.8839763903835203,0.7938826026075034,0.932630117597206,0.8369555901791195,0.8122185644627196,0.7719925898685702,0.9216324126759424,0.6800738680803704,0.7900304636463149,0.6296504203194191,0.8769383301087417,0.9634411459729271,0.6494915938022652,0.9634411459729271,0.8628332817487506,0.7067390571770213,0.8279657565412284,0.7474977281132698,0.16067909866612062,0.8440510684196687,0.6756361029395184,0.671390853551995,0.6781852866824711,0.907568339119929,0.47607169569152286,0.8211902596649284,0.6442581319310863,0.800879188961185,0.4119359027788928,0.9483900530140978,0.9004700005456048,0.6035891066770254,0.8577507109035436,0.6781798060242304,0.8190317505206577,0.9628391190382366,0.9087537575265233,0.7368523759173475,0.8594783932788338,0.4413375603565195,0.456430993462865,0.6516577819364864,0.7820963185522347,0.3795591588279271,0.7859798335942156,0.7933695278239044,0.8707500871458715,0.7820963185522347,0.9734184726724214,0.43543594920161843,0.9659658848784175,0.6002568251067408,0.7352043823536725,0.7834252014543854,0.6343515942936653,0.2963236915738581,0.718156970746064,0.7530110061558706,0.9354961779469575,0.1712632242602109,0.9870000644590822,0.5844405775112398,0.5597725639659709,0.40238733008161387,0.79147111889033,0.9528494401412744,0.735120755728377,0.8090048379805828,0.8801188504041417,0.9199331495579264,0.2780440949942793,0.6650227170903124,0.844253592051414,0.6791019640865545,0.8535620974118923,0.34889726075883143,0.6935590349197955,0.5784221533862712,0.8839955061857085,0.7399686003963821,0.7134082396190914,0.6939446427535987,0.8283225054804622,0.6877353373896682,0.8855843507261231,0.8455725756004657,0.7172367210950732,0.5632200480276941,0.8516044549634422,0.9634411459729271,0.8279657565412281,0.9804341400049108,0.6647237223479168,0.7820963185522347,0.8349741162127923,0.9206580847473222,0.9634411459729271,0.9546450917662912,0.8422468139518781,0.8787867768370727,0.8374257183388305,0.7341508934767418,0.8161222511406998,0.859478393278834,0.3836711948044276,0.24769099960375707,0.9037277891265615,0.7842297379105647,0.37875088888419395,0.8211902596649283,0.7319854617859306,0.26732456918017444,0.7785449510404476,0.6803551129901206,0.8411492750857321,0.18855446791267838,0.7495630386428285,0.18638769392513554,0.7362858947045936,0.976122021280873,0.8993779564721976,0.5841978022718586,0.2715426661361464,0.2760416666666692,0.19269227118834253,0.9634411459729271,0.4615955445193517,0.727018031562241,0.6607691842611931,0.9928298495367262,0.8855843507261225,0.41599245311827215,0.9634411459729271,0.9634411459729271,0.7363351033903187,0.6538247063778508,0.6057943242979773,0.9634411459729272,0.9213459937002999,0.735120755728377,0.7551106620359198,0.4639499255685573,0.21861948853070767,0.8207409020700833,0.6426725657381271,0.7751244728050968,0.1252289212793012,0.0,0.9634411459729271,0.4248430656058,0.7144999899948246,0.16906271076781543,0.3506296144890939,0.7838126382210393,0.8284845875578903,0.7530110061558704,0.23013562038261648,0.9634411459729271,0.2631653195907595,0.9833192575439696,0.8766898643065484,0.6230044615859449,0.814621709039344,0.2725376134608113,0.8817920470639533,0.9634411459729271,0.7527326497397697,0.5222116276031807,0.9634411459729271,0.7322785418375494,0.6066202347177518,0.43697046053412647,0.19906932029964985,0.2533497264340958,0.9634411459729271,0.7914601000897297,0.48315515770187945,0.9685382307887695,0.7866228306340748,0.5611535097426712,0.6495837911359856,0.6538641800267646,0.5226859648330944,0.753011006155871,0.6976769596593316,0.5865950509381082,0.826224723781946,0.4441848367580671,0.9307159788461605,0.3397284811062451,0.9421215652709098,0.7623699658698975,0.6867210361046738,0.9634411459729271,0.9528494401412742,0.753905745326513,0.7298086073312435,0.8466896548455047,0.8112897802113501,0.9610997902331808,0.8611700272384168,0.9911978653212927,0.9880934368428602,0.8584199379130157,0.877820999631221,0.945224205087771,0.4721896002733055,0.8205605129389779,0.8422468139518782,0.42004110231081926,0.8855843507261231,0.8789925306301869,0.9421215652709098,0.5818645895940998,0.8473435538220884,0.8283225054804624,0.6586403671653789,0.7784424604391472,0.9994312109240627,0.9253404118859114,0.7991974998107616,0.5598952011494303,0.8516044549634425,0.807168760817411,0.8700297843910696,0.9696600968648024,0.8843804210910868,0.7681800359207702,0.772967053035135,0.737288851630028,0.6578769435192897,0.54541645739312,0.6409841794264897,0.9468119576597445,0.8344925008236711,0.7264377671684907,0.7074197865434065,0.7743287291569785,0.9421215652709098,0.19902807166220216,0.772967053035135,0.5333330952353765,0.7743287291569786,0.7624833366990769,0.8207024047890406,0.9659103732454719,0.7968221334793171,0.45031600525666216,0.8173045661957841,0.6695099869149072,0.876397438269686,0.7525547731845421,0.7170274347212546,0.9030423464559569,0.845959354697128,0.7626016525739869,0.9204961997903507,0.8279657565412284,0.876397438269686,0.8336450787459888,0.2927070783689134,0.545868948440642,0.7542662751466702,0.7265343068798951,0.5724704554837288,0.8060421074138484,0.9994434733985325,0.5445901865482963,0.9634411459729271,0.8047985199567371,0.9634411459729271,0.9634411459729271,0.31572537831856007,0.9421215652709097,0.8071687608174107,0.9634411459729271,0.491579199919145,0.3874130218406556,0.847306706646535,0.9943049242048463,0.45451759530488545,0.40842855857805405,0.9562030369862478,0.9186365146697736,0.39562438305004666,0.7842297379105647,0.9065213258133262,0.87029440428955,0.6890449147087434,0.565950134144922,0.5640930111007174,0.6088961851334269,0.809920369835602,0.8499446834990616,0.7346817071036984,0.9004700005456048,0.5387877733981417,0.753011006155871,0.8289787013693086,0.767488014087287,0.9924326933314227,0.733563239403088,0.4545591582059403,0.6829983007332452,0.6453252497188482,0.7567985965131945,0.9521672811717774,0.821190259664928,0.9841452571382637,0.802796619016434,0.882988974441697,0.4736947694242706,0.5541510614994913,0.8884205128203206,0.5384915528996885,0.7900304636463155,0.6934977699562543,0.564087424367286,0.8374621799469961,0.2792502106397349,0.6362259416803147,0.8411492750857319,0.2598812222948341,0.4463468775948368,0.6999562664649229,0.19741118932321866,0.7991974998107609,0.6669680485001932,0.7194083511883259,0.9634411459729271,0.7623699658698975,0.7972223696823334,0.8367785125630913,0.5779247829153786,0.7674880140872872,0.7959573902797026,0.7812224139195565,0.3235632650701503,0.9188862081608038,0.2624863615884555,0.8283225054804628,0.32910990932556894,0.8466896548455047,0.5098511866812436,0.9880934368428604,0.9126828975357503,0.7692346423064502,0.7624833366990771,0.7933695278239044,0.6645557888518153,0.6950446320584183,0.26091533161888947,0.4978126298709602,0.88397639038352,0.5156031608173818,0.4682432152176277,0.7168571340288867,0.8855843507261232,0.8130179726591436,0.8146217090393443,0.5088178996751336,0.7335993815733616,0.7376640101902459,0.976122021280873,0.30570581418118326,0.235805488633142,0.8787867768370723,0.6168924766595649,0.912432845560471,0.741358332488788,0.8647392639403142,0.7839263685168731,0.8788691803840745,0.8132133611448471,0.8093097097217967,0.8941450082279205,0.7109747342922756,0.8020222325849232,0.8253952393451089,0.8953882126548842,0.9634411459729271,0.7703892765689861,0.4372730165039309,0.5193529205132635,0.71904880364331,0.9634411459729272,0.6043282465809231,0.4127745747753526,0.6453252497188482,0.7750169417181672,0.498409518326711,0.7181650128731285,0.6107347191739347,0.8047121129565996,0.832299898862559,0.9754732333897487,0.5690998692064809,0.6328792008858355,0.7720505777903306,0.6776461040289654,0.8421792166358752,0.9354961779469575,0.8553904692358361,0.8411492750857319,0.7474977281132695,0.7721442639654232,0.8411492750857321,0.6941052561134256,0.8421792166358752,0.9509387076853666,0.6193215149012552,0.41193077270955203,0.8422468139518782,0.8082384637825228,0.7674880140872874,0.3583787706242356,0.2780440949942792,0.976122021280873,0.9199331495579264,0.9731277155291385,0.976122021280873,0.976122021280873,0.8663988135266234,0.9634411459729271,0.8163462215157089,0.875579136870676,0.9634411459729271,0.6796059112399262,0.819996333451146,0.842246813951878,0.753011006155871,0.8677220583791987,0.8146217090393439,0.976122021280873,0.4164404956007277,0.49129542519355296,0.7567985965131947,0.3997156907886332,0.9634411459729271,0.5855088848389078,0.8820186502619567,0.7478640811903134,0.42961903962916503,0.5569588662764127,0.8162469428700425,0.9029097871803184,0.7621006700194146,0.9959581187053494,0.9310405719151,0.877820999631221,0.9773766921979975,0.9826554682939088,0.792781643543705,0.7796383638392941,0.7846973361026461,0.9788493112231099,0.8306553169629207,0.7834252014543854,0.828888487937806,0.42984798732729823,0.9634411459729271,0.893858610124229,0.47530983589262155,0.8498227077519458,0.4636597616573943,0.7362858947045936,0.9321425397233856,0.3877124009171893,0.9610997902331808,0.48126119209114626,0.22363113539735435,0.9634411459729271,0.9634411459729271,0.8227610771457801,0.7317684779448632,0.8290401220169381,0.6560074523834198,0.4553517237883925,0.4113255692834903,0.4374594442272175,0.3057717188865794,0.6497418056258502,0.3561316534035628,0.9634411459729271,0.8065562425497159,0.7623699658698975,0.8577507109035436,0.31080685216781534,0.7820963185522347,0.4773339221103776,0.9634411459729271,0.9634411459729271,0.17105334540828598,0.7636608045089459,0.2137121643971488,0.7029053917881052,0.36257952810806504,0.5740196373734845,0.9575989146253555,0.8206947598881384,0.4135089457318639,0.48704851612500244,0.9634411459729272,0.7253204836843734,0.3113834823841868,0.861655337777083,0.8763974382696861,0.8608175722597238,0.9053881894484411,0.8910056259689474,0.760344890915537,0.814621709039344,0.5240813014460599,0.9634411459729271,0.34569886446565057,0.9691970336097759,0.6366199705796195,0.7368399101841812,0.46508586278393693,0.7785449510404485,0.6410874636096238,0.47913591990293036,0.8349741162127919,0.9398673552023694,0.49379801950455726,0.7900304636463154,0.7925608625062857,0.7870449052723949,0.9173273162736985,0.38104345033207476,0.8594783932788339,0.976122021280873,0.6908939696112746,0.7740264048810823,0.8182276162211326,0.7814113812383039,0.8577507109035437,0.8553904692358365,0.8577507109035437,0.8577507109035435,0.6103598738120881,0.9118469402699503,0.6239181812193906,0.8082384637825225,0.8998457914288158,0.7269784187937693,0.7674880140872872,0.39361406288362577,0.779029519363807,0.8020222325849231,0.774026404881082,0.7426480151596839,0.8146217090393437,0.5271368830273764,0.8789104989762326,0.6985393011272794,0.7422529539172049,0.9634411459729271,0.6397195194834593,0.9223986589047978,0.4272471581884876,0.8498227077519453,0.8582481304404002,0.7515760058401835,0.6804870238434575,0.9634411459729271,0.36142932007025563,0.2351233329142972,0.9563505156913437,0.2670243595632342,0.34569886446565057,0.29385216108228285,0.7938826026075032,0.4671252155566873,0.8227049167095173,0.928344235569323,0.43784873987619,0.779893981592517,0.5346037523456912,0.8035117733343913,0.8957208370660892,0.8207409020700833,0.8614907656589006,0.9605581908569492,0.40446075732872067,0.9522796297782122,0.24848711452713212,0.8082384637825224,0.976122021280873,0.4168229120153606,0.39969223540653376,0.6676022419185215,0.27925021063973476,0.2252027212459543,0.9634411459729271,0.21378311420671103,0.30106696335113736,0.7152981026714256,0.9634411459729271,0.40859011830252134,0.9331733109140277,0.7820963185522347,0.9652869363656242,0.976122021280873,0.5934923245385186,0.7633461199763996,0.9016947643106812,0.8806359544597052,0.8901669133928491,0.8262247237819462,0.22389592167125016,0.9634411459729271,0.7895179654156869,0.9634411459729271,0.842246813951878,0.6687793604014258,0.5633527940742686,0.8577507109035436,0.7216468241173297,0.6477508726377479,0.6410874636096237,0.6754855433069311,0.9634411459729271,0.5456256155373775,0.3620709024946204,0.5801043091204896,0.8132133611448471,0.7067390571770211,0.9199331495579264,0.7723499259425639,0.7121156743399901,0.9774187193994319,0.5955732986187428,0.33587212541781386,0.9774187193994319,0.6953918229891785,0.7623699658698984,0.4326890754466546,0.9774187193994319,0.8577507109035436,0.8626995461587306,0.814621709039344,0.6144995476368993,0.8374621799469961,0.7322785418375488,0.9071331444078825,0.7797838294329897,0.5766690716255587,0.8031293387026233,0.6756361029395187,0.7579855823726569,0.8020222325849231,0.8156340680986154,0.7248896225030621,0.75511066203592,0.5202170616877955,0.6269609171164383,0.8471510831081492,0.6446451944649492,0.7657038800159066,0.8440510684196687,0.783425201454385,0.7787168873960526,0.860114962912762,0.9575989146253555,0.7692695429089331,0.7899896490914913,0.8253952393451092,0.7720505777903306,0.868243223391227,0.7423606058657926,0.6805577509343894,0.727018031562241,0.6293279027345686,0.7516785390879006,0.8130179726591436,0.7927671443302247,0.7351207557283765,0.6151706823790644,0.553949811303194,0.7461464628214101,0.6574569014256813,0.8652250352133686,0.9987138270448239,0.9223802051665748,0.8937256525369833,0.7413488062196427,0.8152331683127749,0.884791322661872,0.9358098170616447,0.9713083644495808,0.9397755048829031,0.6864005336888195,0.8961704888521062,0.8097302116802207,0.9191175744985153,0.916068038162547,0.7834252014543854,0.7733672596361088,0.5865950509381086,0.7264876094620604,0.9354961779469573,0.9757806146504702,0.4978126298709591,0.9123907373973592,0.8801188504041417,0.7991379105751031,0.41782316715436496,0.9753913143582693,0.5094305284867733,0.8516044549634427,0.48174358718895105,0.8388749744574961,0.8047985199567371,0.6113611554600207,0.9404750252230658,0.9323391465606431,0.8498227077519453,0.8400690357923668,0.842246813951878,0.9071476827690705,0.8047985199567371
p142_S,0.7524297972473161,0.9413411539914585,0.8918007079504506,0.9225015741707872,0.9492063492063487,0.9623211158059548,0.7050163519970581,0.7509151724713103,0.9038142386822647,0.960221152322577,0.9398636845831869,0.9475597985845114,0.9475597985845114,0.9225015741707872,0.9106019687464653,0.5567710364845595,0.944383427890573,0.9314886672615048,0.9582144552981327,0.960221152322577,0.8875255844205965,0.938412400887346,0.935580996038617,0.9508971383859763,0.9369854052620163,0.9314886672615046,0.944383427890573,0.916441965519317,0.960221152322577,0.7739436107925906,0.9250013316406693,0.9544316996038,0.9428469360414609,0.9188361382271659,0.9492063492063489,0.9582144552981327,0.9508971383859763,0.9428469360414602,0.9623211158059548,0.930160641445072,0.8993922310882436,0.932833950574053,0.9623211158059548,0.912915131908919,0.9443834278905732,0.8474513194974065,0.9526370111116405,0.9004911494084333,0.930160641445072,0.8918007079504506,0.9544316996038,0.8495864161552136,0.9314886672615046,0.13408370177867746,0.9428469360414604,0.9288488221297497,0.9288488221297497,0.0,0.7383793872014479,0.9459533477380775,0.9060540201833016,0.831146423199498,0.931488667261505,0.8993922310882436,0.9562880686171875,0.8244397822834253,0.9544316996038,0.6473831763250288,0.7698078233874499,0.9582144552981327,0.92126914699118,0.9301606414450723,0.9492063492063487,0.8266892096935958,0.0,0.8864622842804517,0.938412400887346,0.9398636845831867,0.8233095582802461,0.9623211158059548,0.9398636845831869,0.9341976401680094,0.31108550994831163,0.9314886672615048,0.0,0.9176344520056336,0.938412400887346,0.8046479448175341,0.8939536575643376,0.03139863267861631,0.0,0.8918007079504506,0.831146423199498,0.8548949080074899,0.31108550994831163,0.48955645159511163,0.8896584524348263,0.8875255844205965,0.8198957816506434,0.8187498553347687,0.9288488221297497,0.9526370111116405,0.9492063492063489,0.8580633769736241,0.6072669396673074,0.9582144552981327,0.907182019415572,0.7973204052495684,0.9369854052620166,0.8289245259008584,0.8759110188590657,0.9328339505740528,0.8070467719220202,0.9094556823349389,0.9526370111116405,0.7833099084134079,0.9413411539914585,0.9582144552981327,0.9623211158059548,0.8580633769736241,0.9129151319089193,0.885400876353422,0.9369854052620166,0.9250013316406696,0.931488667261505,0.7554264789789613,0.9508971383859763,0.6339927913026551,0.9475597985845114,0.9152582079543838,0.8727631680356085,0.9526370111116405,0.9544316996038,0.9623211158059548,0.944383427890573,0.8453085223330421,0.879064442044788,0.9544316996038003,0.9544316996038,0.06018876900101988,0.8046479448175343,0.960221152322577,0.8244397822834253,0.8717146038820363,0.8875255844205967,0.9106019687464659,0.892875760974867,0.8420784215528956,0.9301606414450723,0.7583810530554915,0.9602211523225768,0.9060540201833014,0.8559522762859688,0.8811713725919912,0.9544316996038,0.9301606414450725,0.8950345750758599,0.9140827360776209,0.8938851835250172,0.5567710364845593,0.7367566674079002,0.9526370111116407,0.9341976401680094,0.7431708752992887,0.8972062142375332,0.9164419655193166,0.8612222667022558,0.8993922310882436,0.9262700211315917,0.8453085223330423,0.9225015741707872,0.9475597985845114,0.9288488221297495,0.6783615558233287,0.8538362113124116,0.8780124908814328,0.9582144552981327,0.6072669396673073,0.9200475251844384,0.5526275082095409,0.9117550006367756,0.8885909234541711,0.9288488221297497,0.9475597985845114,0.6394614409405057,0.8538362113124116,0.8580633769736241,0.9015943008452869,0.13408370177867734,0.9237454173815312,0.9459533477380775,0.903814238682265,0.8221755430097122,0.7897778653703145,0.9060540201833014,0.0,0.9508971383859763,0.9459533477380777,0.4895564515951115,0.8355526955775656,0.8918007079504506,0.9475597985845114,0.0,0.8685695845092951,0.7897778653703145,0.960221152322577,0.0,0.6951973979147161,0.9152582079543841,0.8864622842804517,0.6447787703816181,0.9049315186013059,0.9475597985845114,0.0,0.6473831763250286,0.0,0.8117838598171898,0.8388272306091986,0.8355526955775657,0.0,0.6339927913026551,0.0,0.7050163519970583,0.9071820194155717,0.9164419655193166,0.8759110188590655,0.9526370111116407,0.7711949776746383,0.06018876900101888,0.935580996038617,0.9384124008873462,0.9060540201833014,0.7554264789789611,0.9188361382271666,0.9544316996038,0.4951319232791844,0.8907283270583697,0.9027019168030599,0.897206214237533,0.9152582079543838,0.9152582079543838,0.944383427890573,0.885400876353422,0.9459533477380777,0.0,0.9027019168030597,0.0,0.7334713952978886,0.9152582079543841,0.9544316996038,0.9275522446953854,0.7711949776746383,0.9508971383859763,0.9140827360776205,0.9369854052620161,0.892875760974867,0.9398636845831869,0.8612222667022562,0.9526370111116405,0.8717146038820363,0.8717146038820349,0.8442340263447974,0.03139863267861631,0.9562880686171873,0.8289245259008584,0.9623211158059548,0.8333555867103808,0.8333555867103808,0.24376003609304187,0.8706662210952574,0.8748612665230131,0.9544316996038003,0.848519788337875,0.7973204052495684,0.7780046509581313,0.9582144552981327,0.8289245259008584,0.9140827360776214,0.9341976401680094,0.9015943008452874,0.9582144552981327,0.8517144868263773,0.8141237078825918,0.9562880686171873,0.8982973238138026,0.9225015741707867,0.9526370111116407,0.9188361382271666,0.8070467719220202,0.9459533477380775,0.9526370111116405,0.9526370111116407,0.7985559379258667,0.9582144552981327,0.7985559379258667,0.6499526646778642,0.885400876353422,0.8442340263447972,0.9582144552981327,0.9492063492063487,0.930160641445072,0.9459533477380777,0.9544316996038003,0.8022278398026612,0.8982973238138026,0.9526370111116405,0.9301606414450723,0.9164419655193172,0.7250134267509765,0.9094556823349389,0.8843412180810755,0.6848496741376313,0.7923174570100686,0.6911250629978627,0.8727631680356077,0.9602211523225768,0.903814238682265,0.9602211523225768,0.9188361382271668,0.9152582079543841,0.9094556823349389,0.9526370111116405,0.0,0.9544316996038,0.9027019168030597,0.931488667261505,0.9582144552981327,0.9562880686171873,0.9475597985845114,0.0,0.9369854052620163,0.9582144552981327,0.9623211158059548,0.9106019687464655,0.823309558280246,0.9341976401680094,0.9544316996038003,0.8333555867103808,0.8289245259008584,0.9369854052620166,0.9428469360414611,0.8409971458279799,0.9526370111116405,0.9188361382271659,0.8117838598171898,0.9413411539914587,0.9106019687464657,0.9623211158059548,0.7655931084723666,0.9188361382271666,0.7780046509581313,0.944383427890573,0.03139863267861631,0.92126914699118,0.885400876353422,0.8070467719220202,0.8082384637825222,0.8187498553347687,0.0,0.8538362113124116,0.9176344520056336,0.9200475251844387,0.9176344520056336,0.9602211523225768,0.8453085223330421,0.0,0.0,0.930160641445072,0.903814238682265,0.8591172857456586,0.0,0.9602211523225768,0.9492063492063489,0.922501574170787,0.8972062142375332,0.7897778653703145,0.9492063492063489,0.9237454173815309,0.938412400887346,0.8322525541058978,0.9634411459729271,0.0,0.8811713725919912,0.9164419655193168,0.7766590274917047,0.9952327064015152,0.9237454173815312,0.8704033497109469,0.9526370111116405,0.7960789049353036,0.0,0.7973204052495684,0.9314886672615053,0.8591172857456586,0.8300371089395653,0.9508971383859763,0.831146423199498,0.9428469360414606,0.0,0.8961186971729789,0.7399891659895361,0.0,0.9237454173815309,0.7948313236856197,0.8420784215528956,0.8152867967569688,0.8022278398026612,0.0,0.7698078233874488,0.8559522762859684,0.9562880686171873,0.6574604645689301,0.7250134267509767,0.907182019415572,0.908315805590151,0.8961186971729789,0.9526370111116405,0.8982973238138026,0.8864622842804517,0.935580996038617,0.8527760996057683,0.8738120195914167,0.8706662210952574,0.21151139151266862,0.9544316996038,0.9314886672615055,0.0,0.9582144552981327,0.9015943008452869,0.8129560940834346,0.9398636845831869,0.9275522446953854,0.06018876900102055,0.7478523304650295,0.9508971383859763,0.06018876900102055,0.9398636845831869,0.9492063492063489,0.9413411539914582,0.879064442044788,0.903814238682265,0.9582144552981327,0.8463809254714867,0.9602211523225768,0.9413411539914582,0.935580996038617,0.801009545737682,0.938412400887346,0.9602211523225768,0.7997856146881548,0.9164419655193166,0.5305546844946969,0.24376003609304187,0.938412400887346,0.9027019168030597,0.9526370111116405,0.9188361382271666,0.8993922310882436,0.8769613888066743,0.9341976401680094,0.8993922310882436,0.9398636845831869,0.9250013316406693,0.6827113291147924,0.7725735218970409,0.9049315186013058,0.9443834278905732,0.8141237078825918,0.8907283270583697,0.9225015741707872,0.9341976401680094,0.21151139151266984,0.8175997772209664,0.9398636845831869,0.8517144868263774,0.9341976401680094,0.9152582079543841,0.7539334992316542,0.9526370111116405,0.8453085223330421,0.7143607147557585,0.9176344520056336,0.8993922310882432,0.9582144552981327,0.7301312695908229,0.8918007079504506,0.9562880686171875,0.9164419655193166,0.944383427890573,0.944383427890573,0.9544316996038003,0.9582144552981327,0.9250013316406696,0.8255663034700989,0.9129151319089186,0.9475597985845114,0.9475597985845114,0.7125274559321444,0.9071820194155717,0.08671734220308636,0.8717146038820361,0.0,0.9562880686171873,0.0,0.0,0.8187498553347687,0.2115113915126693,0.9188361382271664,0.0,0.7334713952978882,0.8377384241745145,0.4006068367505189,0.8527760996057685,0.8811713725919912,0.8058499662916012,0.903814238682265,0.47795836130872293,0.8399134433261015,0.9428469360414604,0.8864622842804515,0.4408515443948542,0.9176344520056336,0.7711949776746385,0.6473831763250284,0.9250013316406696,0.9428469360414602,0.9459533477380775,0.7846176027958278,0.9562880686171873,0.8961186971729789,0.9526370111116405,0.9004911494084331,0.938412400887346,0.9328339505740528,0.935580996038617,0.848519788337875,0.9237454173815312,0.9060540201833016,0.9355809960386168,0.7223272158432528,0.9526370111116405,0.17526171623055564,0.9508971383859763,0.9140827360776205,0.8570084033315839,0.8399134433261015,0.4654487838138114,0.8570084033315841,0.5711669571562623,0.77934241058442,0.8896584524348263,0.9475597985845114,0.7766590274917051,0.9262700211315917,0.9623211158059548,0.8058499662916013,0.8463809254714865,0.7876282222528316,0.8034406041869142,0.938412400887346,0.9071820194155717,0.8822265994777512,0.0,0.9544316996038,0.9164419655193174,0.9492063492063487,0.8612222667022558,0.938412400887346,0.9459533477380777,0.9262700211315917,0.831146423199498,0.9355809960386168,0.8046479448175343,0.9602211523225772,0.7935775465776653,0.9398636845831869,0.8664724446651941,0.06018876900102055,0.9428469360414602,0.7143607147557588,0.9152582079543841,0.9341976401680094,0.7806724477786732,0.880117361849238,0.7318083230664854,0.8633240709217587,0.9188361382271666,0.6991852245234744,0.8612222667022558,0.9250013316406696,0.960221152322577,0.9369854052620166,0.9508971383859763,0.8388272306091986,0.9027019168030597,0.525843532183836,0.03139863267861631,0.7960789049353036,0.8409971458279799,0.9623211158059548,0.8790644420447877,0.9526370111116405,0.9176344520056336,0.9164419655193168,0.932833950574053,0.9015943008452869,0.9250013316406696,0.9369854052620166,0.500567215157067,0.9398636845831867,0.9475597985845112,0.9544316996038,0.9623211158059548,0.0,0.9188361382271668,0.8654234385275936,0.8070467719220202,0.9200475251844384,0.0,0.8832831707913575,0.8244397822834253,0.9060540201833016,0.34458474155865637,0.9038142386822647,0.8918007079504506,0.8811713725919912,0.7859181167692968,0.9275522446953854,0.9060540201833014,0.6598989712921809,0.8907283270583697,0.9562880686171873,0.9027019168030597,0.9288488221297497,0.9526370111116405,0.9152582079543841,0.9623211158059548,0.9275522446953854,0.9459533477380777,0.9623211158059548,0.9413411539914587,0.9288488221297497,0.9492063492063487,0.6783615558233285,0.8843412180810755,0.9582144552981327,0.9492063492063489,0.9384124008873462,0.7806724477786728,0.8022278398026612,0.03139863267861631,0.9544316996038003,0.08671734220308558,0.03139863267861631,0.03139863267861631,0.3741839079094693,0.0,0.944383427890573,0.4527606561376478,0.0,0.9341976401680094,0.535161772248302,0.9582144552981327,0.9526370111116405,0.9562880686171873,0.9508971383859763,0.03139863267861631,0.7960789049353036,0.8580633769736241,0.935580996038617,0.8409971458279799,0.0,0.9071820194155722,0.9526370111116405,0.9341976401680094,0.7935775465776653,0.9083158055901508,0.9582144552981327,0.9508971383859763,0.9369854052620166,0.9152582079543841,0.6284764518573093,0.9492063492063487,0.4006068367505189,0.92126914699118,0.9250013316406696,0.6848496741376318,0.9398636845831869,0.9582144552981327,0.930160641445072,0.9526370111116405,0.9071820194155722,0.8420784215528954,0.0,0.9492063492063487,0.8822265994777507,0.960221152322577,0.8377384241745145,0.944383427890573,0.9398636845831869,0.8244397822834253,0.06018876900102055,0.7569089328329721,0.7846176027958276,0.0,0.0,0.40880739824839063,0.6991852245234742,0.9027019168030597,0.8058499662916013,0.8453085223330421,0.8152867967569688,0.8399134433261015,0.7997856146881548,0.9328339505740528,0.8129560940834346,0.0,0.9004911494084331,0.9544316996038,0.9623211158059548,0.831146423199498,0.9582144552981327,0.831146423199498,0.0,0.0,0.7739436107925914,0.9492063492063487,0.7819949015164562,0.938412400887346,0.8570084033315841,0.8993922310882436,0.6856702229525599,0.8993922310882436,0.8344556057285131,0.8506512873935228,0.0,0.9152582079543841,0.8175997772209664,0.9508971383859763,0.9582144552981327,0.5526275082095407,0.7351207557283752,0.43182584581086747,0.9176344520056336,0.9508971383859763,0.8591172857456586,0.0,0.8266892096935958,0.9176344520056336,0.8993922310882436,0.8727631680356078,0.8654234385275936,0.9413411539914582,0.9049315186013054,0.8538362113124116,0.9562880686171875,0.8685695845092949,0.862273520033598,0.9443834278905732,0.9602211523225768,0.9225015741707872,0.2586095064370061,0.8129560940834346,0.9544316996038,0.03139863267861631,0.8759110188590655,0.9288488221297497,0.9152582079543841,0.92126914699118,0.9623211158059548,0.9152582079543841,0.9623211158059548,0.9623211158059548,0.9027019168030597,0.3647019568709454,0.8961186971729789,0.9492063492063487,0.9602211523225768,0.938412400887346,0.938412400887346,0.8322525541058978,0.9428469360414611,0.9475597985845114,0.9288488221297497,0.5210240199989242,0.9508971383859761,0.7684119013812074,0.3833143586062788,0.7125274559321442,0.7447432793600621,0.0,0.8918007079504506,0.9492063492063489,0.758381053055492,0.960221152322577,0.9328339505740528,0.9341976401680097,0.855952276285969,0.0,0.7399891659895361,0.8058499662916012,0.9341976401680094,0.8058499662916012,0.8266892096935958,0.8129560940834346,0.9544316996038,0.7143607147557588,0.6716454483484393,0.8058499662916012,0.7431708752992889,0.9355809960386166,0.6761489807685291,0.9623211158059548,0.9355809960386168,0.9492063492063489,0.8982973238138026,0.930160641445072,0.8388272306091984,0.4779583613087228,0.8106069085572598,0.9492063492063489,0.03139863267861631,0.8420784215528954,0.861222266702256,0.5110414539348817,0.7766590274917051,0.7524297972473162,0.0,0.9856724533720749,0.8633240709217587,0.9225015741707872,0.0,0.8399134433261015,0.9428469360414604,0.9582144552981327,0.2115113915126694,0.03139863267861631,0.9114861522954751,0.9314886672615051,0.897206214237533,0.9288488221297497,0.9083158055901508,0.9355809960386172,0.8129560940834346,0.0,0.9275522446953854,0.0,0.9582144552981327,0.8333555867103808,0.8843412180810759,0.9623211158059548,0.9262700211315917,0.8022278398026612,0.904931518601306,0.9225015741707869,0.0,0.8322525541058978,0.8210376473859937,0.8506512873935228,0.9250013316406696,0.40060683675051967,0.9544316996038003,0.3227392978460525,0.9237454173815312,0.392115299153029,0.8928757609748668,0.7948313236856197,0.392115299153029,0.9225015741707872,0.9544316996038003,0.885400876353422,0.392115299153029,0.9623211158059548,0.931488667261505,0.9508971383859763,0.885400876353422,0.9475597985845114,0.9237454173815312,0.9341976401680094,0.8918007079504506,0.9152582079543841,0.9355809960386168,0.9140827360776211,0.930160641445072,0.9475597985845114,0.9384124008873462,0.7301312695908225,0.9225015741707872,0.9015943008452869,0.8333555867103808,0.42440193597169273,0.9083158055901508,0.930160641445072,0.9508971383859763,0.9526370111116405,0.9015943008452867,0.8939536575643379,0.9275522446953854,0.9275522446953854,0.9004911494084333,0.9544316996038,0.9562880686171873,0.5974763156586966,0.9262700211315922,0.8664724446651935,0.9176344520056336,0.9250013316406696,0.6549904556417999,0.9369854052620166,0.9237454173815312,0.9492063492063487,0.8366469404145511,0.8780124908814328,0.9129151319089186,0.9004911494084333,0.6623067578386677,0.9562880686171875,0.9188361382271666,0.5906675167558797,0.9314886672615046,0.944383427890573,0.926270021131592,0.8993922310882434,0.6040574193889983,0.7598430279509716,0.9398636845831869,0.6739104850582693,0.9475597985845114,0.8832831707913573,0.7143607147557586,0.9526370111116407,0.9508971383859763,0.8864622842804517,0.9275522446953852,0.9526370111116405,0.8982973238138026,0.8633240709217587,0.708808264663793,0.9459533477380775,0.9459533477380775,0.8322525541058978,0.9341976401680094,0.9027019168030599,0.9526370111116405,0.8591172857456586,0.9341976401680094,0.9562880686171873,0.8928757609748668,0.9328339505740528,0.9508971383859763,0.960221152322577,0.8854008763534222,0.9582144552981327,0.7197593917099125,0.9562880686171873
p143_S,0.667125313461427,0.9569798701276498,0.3334472593304959,0.9615810714290578,0.8811713725919914,0.9568784918748878,0.7337846854870926,0.7878840039973087,0.774979317001381,0.9069398281965728,0.7585081396115952,0.8773193685069605,0.8773193685069605,0.8425111710827855,0.8549567011628647,0.7787209034601815,0.9643334551236287,0.6865991574001502,0.9022452837148789,0.9497216571784262,0.5300038115869121,0.7984962426994273,0.9012886805028633,0.9555398441554901,0.8367985431777611,0.8397219435105807,0.9013701145685413,0.8494541037919072,0.9069398281965728,0.6354455898082165,0.946758040284907,0.9310944809913069,0.5804971612849033,0.8101221286735181,0.9494565734115241,0.9839544026299674,0.6219823113124672,0.9892292321179832,0.9118525638325778,0.9402174056558386,0.4877824273663913,0.8428691512227089,0.9118525638325781,0.796270297929361,0.9328517848460851,0.5681048478026514,0.6741869914826221,0.7672051536759701,0.8784785745857567,0.7468743994599158,0.9310944809913066,0.4320227173692782,0.8660374379044291,0.8627712312932618,0.8662939159473788,0.5287661754833121,0.8590536933702335,0.8811713725919912,0.8174154154273132,0.6097567141495218,0.7802191483051624,0.6354985430393802,0.8397219435105805,0.5468021592792682,0.8977386203509137,0.785653787839393,0.9935080750686025,0.695284645000958,0.5716797296752414,0.9343364784549437,0.9098966651922933,0.43816881231534544,0.9153139730017579,0.5945500469975813,0.8811713725919912,0.20855243825397807,0.5969054803222986,0.9348975602557186,0.812868728064412,0.9980955800828025,0.8593147823261376,0.8817486351247452,0.827513241303586,0.6865991574001507,0.8811713725919912,0.875451996593217,0.9135169539046761,0.9687546084618698,0.9249416200031891,0.9104952582326105,0.8811713725919912,0.8219501824158015,0.7846002015026552,0.757067104963904,0.827513241303586,0.7672051536759703,0.8345747883236592,0.09012990480632721,0.5786572391933413,0.6359558194889166,0.9368862629142816,0.9619664976562035,0.8811713725919916,0.8303434001583949,0.9802695041588807,0.6483545622521333,0.9259857532324007,0.5405719284720494,0.8525812245745796,0.6758084770167974,0.9523499850570092,0.9766405271107834,0.593066263342779,0.9577889204455415,0.6014176893103882,0.49306683505079274,0.9528956805828064,0.9022452837148789,0.7729659398712526,0.6841875265528008,0.7962702979293608,0.8225277030721223,0.8525812245745796,0.8489877841645421,0.8708076181570896,0.9549833145226005,0.58677582426813,0.7245427377394813,0.9436711479582613,0.801751780477767,0.7023372436942057,0.6378023403965036,0.968793202961352,0.9118525638325781,0.8698884442909975,0.734082032282261,0.7522314480465806,0.9181106311285124,0.6542195773381954,0.8735611753844454,0.45090359133849267,0.6652418819848938,0.9669148384465747,0.7891161556559423,0.7735291693438344,0.7908587947341705,0.8060506918477726,0.6305521632770459,0.836615108651036,0.654966989405249,0.9069398281965728,0.7802191483051635,0.9212127978114475,0.5857464607464629,0.9310944809913071,0.8366151086510358,0.8501088717258125,0.7829831333240976,0.8921123896764589,0.7319023863749186,0.637534756850055,0.928879549085444,0.9821553920876702,0.5520951711597748,0.2707088269182786,0.8494541037919074,0.8557553354127778,0.5664754032502274,0.7264467811299067,0.7008897039294757,0.9431630082939244,0.5586905061569849,0.9865912206924119,0.7240439323560193,0.9088447541043332,0.994503748531155,0.9430998431724231,0.8670625812678876,0.8826762887437762,0.9375607670084887,0.9907465234756279,0.9605706488117691,0.9113787574498459,0.8773193685069605,0.8170440752432142,0.9730071919383912,0.6679479850410683,0.7697859087313041,0.8627712312932618,0.9422117724949792,0.8735611753844454,0.9169654070089519,0.3769413035437099,0.5375608473504461,0.8626992638505051,0.8811713725919912,0.9203333571111532,0.8735611753844454,0.7870238507267042,0.4004403072484708,0.7844122909378581,0.8773193685069602,0.8811713725919912,0.14636480666053364,0.5375608473504463,0.9069398281965728,0.8811713725919912,0.7633291470893516,0.8017517804777674,0.8255115261462969,0.7626081321348737,0.6702818074764592,0.8773193685069607,0.8811713725919912,0.6791469198002088,0.8811713725919912,0.7382901343354233,0.479400174790623,0.5080952830780798,0.8811713725919912,0.8162131704039814,0.8811713725919912,0.7349311769363307,0.9259857532324008,0.8719206013775154,0.14638401802127943,0.8891971954839684,0.5086671896944446,0.8735611753844452,0.8458629862644367,0.8559195932254962,0.9451793793958458,0.8521197442552093,0.7763938225826291,0.8804119091584668,0.8039807896790845,0.8376361068386515,0.7044063836421726,0.8137805441062411,0.9314995989455692,0.801751780477767,0.8698884442909975,0.8225277030721225,0.8735611753844459,0.8811713725919912,0.7723771082592115,0.8811713725919912,0.5987187175331642,0.801751780477767,0.8933957590212616,0.8305129246052401,0.47937219551068555,0.8851268700668165,0.7990018361935887,0.4697019050668889,0.8627119636910092,0.9642957970297394,0.6753380136119951,0.889197195483969,0.8872507313426474,0.5165830078652809,0.6355950683380844,0.8773193685069607,0.8977386203509137,0.868017253006838,0.9118525638325778,0.9318310194881925,0.977786075596967,0.9766405271107834,0.8276015895856477,0.7935184982392058,0.8933957590212618,0.6456213453840811,0.7467694765069675,0.6564254760684199,0.6483545622521333,0.5997794320207364,0.865004209427638,0.9277170029726363,0.829692248518991,0.6483545622521333,0.7568293338373804,0.6546650728152645,0.8977386203509137,0.35897747746899233,0.8901391312212943,0.8891971954839684,0.5926231342520278,0.5782434321736867,0.5451714503412677,0.6014176893103869,0.9288795490854439,0.42485420299652077,0.9430998431724231,0.9266652374649893,0.6766241395207799,0.07184343322199482,0.6982212533744783,0.9022452837148789,0.8811713725919916,0.8625156829022367,0.9704390710968265,0.8933957590212618,0.552095171159775,0.7620728333936286,0.8924948979993265,0.6453734063249512,0.8045211086206914,0.4911157207958744,0.809346624012363,0.7294233809075648,0.6848533481308432,0.853984340695101,0.8767334264670017,0.8220741545206858,0.9219328558760138,0.7749793170013812,0.9497216571784259,0.9142218388305803,0.801751780477767,0.703754968945075,0.8891971954839684,0.8811713725919912,0.8933957590212604,0.812624531959105,0.8397219435105803,0.6483545622521333,0.8977386203509137,0.9768470376839118,0.8811713725919912,0.7803221373145499,0.9022452837148789,0.9118525638325781,0.6749919850267138,0.6743542243672616,0.8460594193000852,0.8933957590212618,0.6101456267267693,0.3358139380344115,0.8525812245745796,0.8662939159473795,0.6568602281299638,0.889197195483969,0.8560648007561684,0.4133112341364711,0.8627712312932618,0.7908587947341705,0.8179918679135638,0.49559087334587737,0.8790361367974933,0.5245980022415044,0.7523315123784773,0.8773193685069602,0.8393346687695391,0.9599715368545884,0.5485977698355025,0.5513856597757649,0.3893788565071076,0.8811713725919912,0.6740993999742917,0.8300245705572442,0.8129560940834355,0.8292697341729601,0.9069398281965728,0.6538040152804543,0.8811713725919912,0.8811713725919912,0.8366151086510358,0.7952630441453199,0.9711562626022394,0.8811713725919912,0.9497216571784259,0.8811713725919916,0.8425111710827855,0.15433631609228626,0.5081982232324713,0.7774026233103458,0.8216070858356987,0.9711143145838557,0.3374890468164108,0.4248430656058,0.8811713725919912,0.0,0.8045211086206916,0.47750750748462356,0.49843421950914535,0.7683369795227477,0.7287682455306144,0.6014176893103866,0.5229391184241345,0.8811713725919912,0.4137119350651538,0.8660374379044284,0.8408180089686735,0.773072555934986,0.8851268700668165,0.35730453958625996,0.9584954030753321,0.8811713725919912,0.7762387427327297,0.587373091146664,0.8811713725919912,0.8457280231675548,0.5788624125981954,0.3254564153410785,0.40149577058753916,0.5373241740146004,0.8811713725919912,0.9888472093281835,0.6791469198002087,0.9847318078996157,0.8763669646575618,0.7301022546847666,0.7828580332522708,0.7855104563956021,0.9348211682342414,0.637802340396505,0.8597339099644477,0.7343854850519835,0.9567143747412897,0.6715724731819455,0.7563279874239788,0.16604062643497364,0.8492956954242199,0.61652085536815,0.8923529322982766,0.8811713725919912,0.9343364784549438,0.8308384926841113,0.726333843241106,0.8593147823261376,0.893007486903578,0.8735611753844457,0.9259528171853542,0.9907463311998268,0.8735611753844457,0.9475094926481991,0.8811713725919916,0.8968969039346206,0.2459148722052087,0.8561142255771359,0.9022452837148789,0.6406176070298606,0.9069398281965728,0.9829371636793212,0.9324342367818581,0.8001448938150362,0.9999129949234455,0.9069398281965728,0.5982243176666336,0.8494541037919074,0.784412290937859,0.8428691512227089,0.6257041606618907,0.26168472294334155,0.8891971954839686,0.6385658063346782,0.7646343017371671,0.6784404744707786,0.8460594193000854,0.882673765562922,0.8593147823261376,0.8245452201344512,0.765086084020052,0.7755246938913858,0.9565688796432361,0.9958151254011725,0.9679544331469134,0.9571688445669471,0.8186971910135312,0.8460594193000852,0.8492956954242203,0.3934524770636346,0.9181112558741786,0.26244173615664756,0.846059419300085,0.7981252886572374,0.8258369643407422,0.8891971954839688,0.9206229176249117,0.45223609307530255,0.8981657096112032,0.8039807896790854,0.9022452837148789,0.9789103218218751,0.8219501824158004,0.8977386203509137,0.9617865917199475,0.9013701145685413,0.815294852933565,0.9310944809913071,0.9022452837148789,0.9712006043149981,0.37929159760033926,0.46316960287717335,0.6913940650595853,0.6913940650595839,0.6168069157588749,0.9284361400099355,0.8698884442909978,0.772082833919026,0.8811713725919912,0.671319616567693,0.8811713725919912,0.8811713725919912,0.5759764149348254,0.8492956954242201,0.8790361367974933,0.8811713725919912,0.554161822364925,0.6203990058770708,0.8239808321924891,0.767534966673288,0.12424924924925018,0.3879546393152753,0.774979317001381,0.7723771082592106,0.6254873296405847,0.866293915947379,0.9193355587896261,0.8977386203509139,0.807310857539258,0.6271304818846613,0.6630091945994596,0.9065865755345454,0.8970277449900299,0.8735611753844457,0.9907428231457167,0.976091668183894,0.9540838408364435,0.637802340396505,0.8266612448281723,0.8847182735650863,0.8696234264003238,0.5964473621915196,0.6614384077732218,0.8406997915183164,0.780219148305163,0.8492956954242192,0.8129560940834353,0.8891971954839686,0.8559195932254959,0.8851268700668165,0.8929870887141796,0.6816679711713824,0.5214091713737858,0.8933957590212616,0.670810741120691,0.869888444290998,0.850012668306406,0.738949716758637,0.9568011828647875,0.4775075074846238,0.45386679483926307,0.9980955800828026,0.4175726238747264,0.6720873350915315,0.7723771082592108,0.42502305479838676,0.9423156342442656,0.803654905646223,0.831516647687796,0.8811713725919912,0.61652085536815,0.8494541037919072,0.9153139730017579,0.537386400348226,0.8559195932254964,0.8735611753844459,0.8999067724057707,0.5556918111903008,0.9601470839010713,0.542985861107518,0.7080237109667485,0.5713661580944072,0.8593147823261376,0.7043190646892541,0.8735611753844457,0.8970277449900297,0.7195212220771778,0.8462098839072107,0.9277170029726365,0.47286510508127,0.7195419285891016,0.49152553498445517,0.6802550555371414,0.993892817004119,0.6507591023935375,0.42257537738409223,0.824545220134451,0.9069398281965728,0.9090576304377902,0.8851268700668167,0.4484466015654922,0.8126245319591052,0.768276510618948,0.8773193685069607,0.5497537820697587,0.43921586694111325,0.9980955800828025,0.7346550677001207,0.9619664976562037,0.8981657096112032,0.7686154372527554,0.5685367948697659,0.8895985883066784,0.8577014474743628,0.8525812245745796,0.8082184296947637,0.5233222454194301,0.9104952582326109,0.6919182993082404,0.9118525638325778,0.8811713725919912,0.8330934647148431,0.43310852386693477,0.7412945750337008,0.9291564185173373,0.8811713725919912,0.78074586105549,0.6101427101366701,0.7802191483051633,0.8425111710827855,0.21083432580168537,0.990360360194486,0.7930072930072951,0.5724944809451504,0.6919314225463544,0.8626992638505049,0.6665111568137503,0.7519737959725443,0.6321430926512028,0.9458909258415324,0.8590536933702335,0.9983511487423209,0.8239808321924889,0.9118525638325781,0.8556474326498928,0.8735611753844457,0.9530696520404929,0.5063576236799282,0.9610837152279759,0.8811713725919916,0.7773332992227864,0.0627308699754997,0.9022452837148789,0.8811713725919916,0.8559195932254962,0.47286510508127,0.552095171159775,0.8773193685069602,0.8427131871884218,0.9013701145685413,0.8773193685069602,0.9104952582326105,0.8330934647148429,0.8811713725919912,0.8698884442909975,0.8660455228280792,0.8811713725919912,0.8460594193000854,0.8189820115118878,0.9022452837148789,0.637802340396505,0.8977386203509137,0.8851268700668165,0.8773193685069602,0.5644729423793793,0.6679479850410681,0.8492956954242195,0.6280225851066681,0.8811713725919912,0.9883763704142566,0.8891971954839686,0.5823374949920596,0.6347062470640832,0.9207707064109043,0.9022452837148789,0.9203333571111534,0.8525812245745796,0.801751780477767,0.9372958333693957,0.743260022900579,0.9573551424808209,0.886375999718042,0.873430348194633,0.7931908544188007,0.8761010867076777,0.9839544026299676,0.8625156829022365,0.6741869914826217,0.8868423952220312,0.6461341247902075,0.8811713725919912,0.9835991738212904,0.13376057633981076,0.9069398281965728,0.6074283721054174,0.6264048312683022,0.9769077294222195,0.6648130874346065,0.8735611753844457,0.584615393312296,0.5254478812593708,0.8811713725919912,0.8811713725919912,0.8210026272716049,0.8491463739975782,0.8327482438090521,0.595280531231432,0.6851944743798022,0.6106089877403211,0.3352774988678294,0.5463592966800475,0.9231319767555535,0.6071254235836703,0.8811713725919912,0.7672051536759701,0.61652085536815,0.9118525638325778,0.5404312518361438,0.6483545622521333,0.6202379836852234,0.8811713725919912,0.8811713725919912,0.5004467421938066,0.9494565734115241,0.5046443771785225,0.5681067999827099,0.6546227089279938,0.2910499876567991,0.8556474326498935,0.9205937947274887,0.628067472410663,0.7609700338781744,0.8811713725919912,0.8906679873366545,0.5732858777999712,0.6923952854011417,0.9022452837148789,0.8437367343651592,0.751262892295735,0.8549567011628645,0.8073108575392578,0.8851268700668165,0.2217113042092328,0.8811713725919912,0.5945500469975813,0.8981657096112037,0.7646343017371668,0.8700309319255085,0.5828354240708897,0.8627712312932625,0.7775931247733288,0.8126010973532467,0.8977386203509135,0.7858159091454261,0.6942555468355884,0.8698884442909975,0.8363691979123067,0.8901391312212945,0.8397219435105809,0.6518285809552082,0.8933957590212611,0.8773193685069605,0.9003538698499876,0.8335461879057979,0.9573551424808204,0.9098966651922933,0.9118525638325778,0.8239808321924889,0.9118525638325778,0.9568784918748876,0.9458909258415326,0.882676288743776,0.7569760701305275,0.8811713725919914,0.8791510268941599,0.8272949230390172,0.8559195932254964,0.7961611352995073,0.6112309903275555,0.8773193685069605,0.9100687042991047,0.7519110928950099,0.8851268700668158,0.7066652994687699,0.8073108575392582,0.8581137616733812,0.8149043851464107,0.8811713725919912,0.8219501824158013,0.9822582257689433,0.6403300317633573,0.9069398281965728,0.8428691512227089,0.8460594193000843,0.9335476753818093,0.8811713725919912,0.5429858611075178,0.40276363159500084,0.8732786138576021,0.5457979165444946,0.5945500469975813,0.5624222662121318,0.6542195773381952,0.5990495588266296,0.9049276880752377,0.6989434771895101,0.6502709830008115,0.9324342367818583,0.96083504310875,0.953069652040493,0.9878599310202842,0.9494565734115241,0.8277506450089285,0.9561802973393584,0.6229462016805818,0.7925008201091577,0.4171858495073585,0.8811713725919914,0.8773193685069602,0.6461341247902077,0.4717801015115781,0.8962958230298379,0.49215393490862325,0.43553519442904864,0.8811713725919912,0.5198797313166705,0.22967814409837461,0.8901391312212945,0.8811713725919912,0.6409983023494141,0.9800369388393657,0.6483545622521333,0.8492956954242201,0.8773193685069602,0.4782300072433542,0.8923529322982768,0.9922652711837712,0.8845611988346691,0.9323698749923484,0.9012886805028635,0.39450406178530506,0.8811713725919912,0.8305129246052403,0.8811713725919912,0.9022452837148789,0.9915772203305167,0.729423380907565,0.9118525638325778,0.827513241303586,0.650270983000812,0.7980422013566708,0.8240931079476522,0.8811713725919912,0.6228542192885742,0.6264393209147392,0.7450667336196164,0.8489877841645421,0.6647509783689058,0.8427131871884218,0.7599311913539992,0.8216070858356983,0.8494541037919072,0.7493894200045357,0.4649561613834594,0.8494541037919072,0.44306942683958117,0.8933957590212618,0.08996849656143557,0.8494541037919072,0.9118525638325778,0.8397219435105803,0.9203333571111534,0.8330960934785037,0.9104952582326111,0.8457280231675544,0.8460594193000852,0.7468743994599154,0.35354425436279857,0.8492956954242195,0.7990018361935882,0.8625156829022367,0.8773193685069607,0.884718273565086,0.6936375747813113,0.9193490282246699,0.6111819134625911,0.6101456267267693,0.815125965495467,0.3962727828510936,0.9143168314046379,0.9203333571111534,0.6378023403965056,0.8296922485189913,0.9419977323666573,0.8930074869035778,0.9181419949482305,0.826661244828172,0.6919182993082407,0.6321430926512028,0.8422230206110535,0.8275132413035857,0.9380992138498063,0.8527382835752306,0.8332588834442716,0.7675349666732878,0.9090576304377904,0.8698489604994102,0.6066896212615136,0.8952427485294554,0.900538987842632,0.9641367288021646,0.7672051536759701,0.7650757029915282,0.8977386203509137,0.8682791667479297,0.8310257162406249,0.8397219435105807,0.9328517848460851,0.8007867773909912,0.8433272776210035,0.8191174443949805,0.8867645058438252,0.8173046131596363,0.839130169706364,0.9104952582326109,0.8524761501492708,0.7195212220771785,0.8891971954839686,0.6923952854011408,0.7526106932708461,0.8305129246052387,0.9619664976562035,0.9573949865352676,0.7132873828209134,0.8339902122595308,0.9381464391926995,0.7712198736701582,0.6687214281368841,0.9906254133548129,0.7849012310419597,0.9255818465700862,0.6704135399054525,0.7456526623371611,0.671319616567693,0.768276510618948,0.8963777015779386,0.8851268700668165,0.906939828196573,0.7681525130537994,0.9022452837148789,0.7409197774585756,0.671319616567693
p143_T,0.9417790962415749,0.7162538556923685,0.8457632233052683,0.7657850588218766,0.9596571364772952,0.7200407247635621,0.8413609563255321,0.8883300428572167,0.8417697283979713,0.9345618542101832,0.9128766367598273,0.913733309388403,0.913733309388403,0.6150752113686125,0.6873253311116845,0.8114788487242623,0.8524089975425966,0.8795470806186669,0.982971410509272,0.6863876863023032,0.906646021763377,0.7732535062261451,0.8604343420735321,0.9637851559795012,0.8177275028308698,0.8872955140291616,0.8922561605225319,0.8909793814432989,0.6863876863023032,0.6466638918783414,0.8766235303260081,0.9250379219402804,0.905980420499302,0.871839795050154,0.9164419655193168,0.758475235296645,0.9192233962368055,0.9773177764454566,0.9380163966266191,0.7870588969905146,0.7919906965510393,0.8895085707332924,0.9380163966266188,0.8567411419143387,0.7727146715827266,0.7717319970471372,0.9681385641755447,0.8363030843630055,0.524794691981624,0.8220068840377226,0.9250379219402804,0.886105888564883,0.8872955140291616,0.9035033355391053,0.905980420499302,0.9475238565788602,0.5359080104130427,0.9164419655193168,0.9070155544436818,0.9110906193450525,0.8454542782771104,0.8335116418989037,0.779622478324879,0.8344953100948598,0.4768674053370927,0.9215027667107261,0.7409483571666997,0.9060160128370505,0.9550740759524949,0.9653179186519113,0.7424968183268796,0.8851108467483708,0.9164419655193168,0.7148952917141547,0.9164419655193168,0.8132249165650078,0.9351366270846038,0.6524058849824343,0.7284248693131303,0.9480026438367748,0.9010728262563201,0.8670838315537017,0.9958306764094076,0.8872955140291616,0.9164419655193168,0.6755060170357448,0.8097047395623012,0.6786363352947036,0.8496083480183549,0.9137333093884032,0.9164419655193168,0.2990085630630782,0.601723433564676,0.7612950419868552,0.9414399550230419,0.8363030843630054,0.3835504668413312,0.8149740971886756,0.7227253438649508,0.7397934068794987,0.535908010413042,0.7094904890765813,0.9596571364772952,0.5346292331259346,0.9336421137244926,0.9312607396704553,0.7841661703458878,0.666582175093344,0.8963379163019165,0.7185724959671096,0.39244091371166967,0.8734463907380402,0.7013441631146906,0.45228560214069324,0.9220855717829912,0.6991899654683742,0.8683509791997799,0.9312607396704551,0.9380163966266188,0.7870621350932527,0.911879144270564,0.36263216649570484,0.7819856802224685,0.8449382097051867,0.9539119155583538,0.6162642042220305,0.9192233962368053,0.8962632355928386,0.8343172089136097,0.8605956163602337,0.7906892017727833,0.922085571782991,0.6455158654829787,0.9380163966266188,0.3742430417833732,0.9243176855640713,0.8233019835004447,0.9795295863759996,0.9250379219402802,0.9110906193450525,0.9655439310201539,0.9345618542101832,0.7303137731952765,0.6289288283455723,0.44267955335012943,0.8529358756208605,0.8954930335908746,0.7402112962753107,0.885110846748371,0.6025250403442335,0.740537751943376,0.84545427827711,0.6854652773673298,0.8269876062062993,0.9318133405341398,0.885110846748371,0.44612861116992086,0.8865088771202734,0.9081991173811839,0.5691044126907128,0.7545682722123006,0.9858084434319019,0.729275681966467,0.7120472094320709,0.8308992056894287,0.45498281786941597,0.8339835457159879,0.8168916294413127,0.9100752707392668,0.7852566843364377,0.6753591503499181,0.9137333093884032,0.8829528399528479,0.8456163918920485,0.9016745293649862,0.7578516768097991,0.7584752352966445,0.8516515289226925,0.5432147185644539,0.9330258003055869,0.8548326693528032,0.8633908510022312,0.8910486018561095,0.913733309388403,0.7888626210814835,0.5298410901950203,0.8487265561642354,0.8633928226985459,0.9035033355391052,0.789607084458831,0.9110906193450525,0.893117002810002,0.9113196728723928,0.747086907733159,0.84545427827711,0.9164419655193168,0.9192233962368055,0.9110906193450525,0.8363030843630053,0.8422728385374885,0.8932759018403602,0.913733309388403,0.9164419655193168,0.9328849839148847,0.9514945811945503,0.9345618542101832,0.9164419655193168,0.8809724769946922,0.88873150110704,0.8132249165650078,0.7852614552901729,0.6387338063863055,0.37240982580063187,0.9164419655193168,0.7834603998983649,0.9164419655193168,0.9705173504800945,0.9908859131672677,0.9825335693682455,0.9164419655193168,0.7715784183972914,0.9164419655193168,0.9374266779798476,0.926279307262579,0.6824742268041246,0.9933060469384616,0.5713315118989204,0.6792237175880045,0.9110906193450523,0.9641813269710355,0.935136627084604,0.5281624495970538,0.695551245932782,0.9590660346082052,0.8363808488504201,0.8593962429851335,0.8438537352691284,0.8399399046211002,0.8499601285568917,0.860595616360234,0.8605956163602335,0.9085080245777923,0.31674944511903647,0.9519642373961463,0.9164419655193168,0.8654110063376461,0.9164419655193168,0.5991453128116471,0.829909651424894,0.9250379219402804,0.9126333026427302,0.6421442870036256,0.9192233962368055,0.8586619077554181,0.8963379163019165,0.45904825265767335,0.8384564219662863,0.792463752464754,0.9220855717829912,0.413333676831414,0.8105237777176175,0.7635742662382641,0.9137333093884032,0.9776784774900422,0.5885576407981962,0.9380163966266191,0.8034171421231231,0.7646394746873386,0.8895085707332924,0.7872396217168487,0.39779549727347785,0.9250379219402804,0.7708277232891025,0.7225085095751527,0.9870614071525806,0.9312607396704553,0.7378188810569624,0.9185623373257409,0.5225634575856126,0.883857173462542,0.9312607396704553,0.7964346518822156,0.7319899930407805,0.9231480466603461,0.9942488608628749,0.3437974859527376,0.922085571782991,0.8664814862756913,0.7013441631146906,0.9110906193450525,0.9220855717829912,0.9681385641755444,0.622513804616573,0.655053893619011,0.7059237134203162,0.7612950419868549,0.8344202094125963,0.9617432150231073,0.8618965769742782,0.4785456410689861,0.5575777176077352,0.7619204362461958,0.9795295863759995,0.7120472094320709,0.8574165634704995,0.893702458646795,0.8526249482427383,0.8625429553264603,0.7366908084658257,0.8510501785307238,0.8325535927816832,0.5599198072195006,0.7278616987915214,0.7489421132425569,0.4298897133286186,0.8488378832255229,0.8674433656039866,0.7405377519433765,0.8136889686781194,0.9168673858538465,0.827412489471469,0.9681385641755447,0.9164419655193168,0.9250379219402802,0.9308201799299848,0.3466158683851326,0.9312607396704553,0.9280917395652362,0.8343172089136094,0.9164419655193168,0.8963379163019165,0.9312607396704551,0.7200407247635622,0.8799793340483577,0.7561648646115766,0.24694715841114034,0.9727541677821405,0.7452506409694464,0.6847895662474597,0.8892111480476732,0.9059804204993023,0.513841216476865,0.9220855717829912,0.8955568994617085,0.7067671615317506,0.9035033355391051,0.8799793340483577,0.9950068763949222,0.6700449649175175,0.3775577708878589,0.6718862471853555,0.8524089975425966,0.913733309388403,0.9211211001301687,0.5691044126907129,0.6825825229535523,0.684542914223216,0.5769492631020143,0.9164419655193168,0.7798564478421308,0.8645046537943695,0.24905921631705075,0.962999347766924,0.9887119198512566,0.7455249696999708,0.9164419655193168,0.9164419655193168,0.8851108467483708,0.8417697283979713,0.4687611596228429,0.9164419655193168,0.6863876863023031,0.39211529915303,0.43422339442469626,0.8308992056894287,0.8028344550408113,0.9596571364772952,0.5758936318902711,0.6274485728815179,0.6760478589350485,0.7144999899948246,0.9164419655193168,0.8045211086206916,0.0,0.6325932003271153,0.6926327365976801,0.8811985641310714,0.5943522174262525,0.922085571782991,0.6645398464863974,0.9164419655193168,0.5877333651492012,0.9128552813832624,0.7682410594343818,0.7590221196081902,0.9192233962368055,0.8141959578710516,0.5883117662613198,0.9164419655193168,0.8534914491504231,0.7160910441036659,0.9164419655193168,0.9356184765244473,0.9603985350280857,0.8258939008523991,0.5854450949772145,0.674655144434823,0.9164419655193168,0.8409667102607645,0.9060160128370502,0.9727347845851518,0.7594782106121798,0.8501250935822833,0.8473098920648874,0.8491750256551862,0.5857395223841019,0.9220855717829912,0.8574165634704995,0.8132249165650078,0.7201268773091853,0.7780531997475197,0.3813167191413074,0.8087102574521301,0.8940275945888627,0.9250379219402802,0.7463142775602831,0.9164419655193168,0.9312607396704553,0.9091321738464334,0.8927621226572552,0.975493041049861,0.9919265098151697,0.9519642373961463,0.9582950455981285,0.9192233962368055,0.9110906193450525,0.7640362071727459,0.9164419655193168,0.9415276164159578,0.890042618869048,0.31100024380351665,0.9312607396704551,0.7672051489045666,0.9887119198512566,0.9035033355391053,0.7201268773091859,0.8221027455844951,0.9919609062430834,0.5780875550201557,0.8626716559260617,0.9194158075601373,0.8695195625728143,0.8895085707332924,0.8986853937484476,0.8654110063376461,0.7555434814691347,0.8955568994617085,0.642585099209399,0.8196336035726188,0.9359879063473193,0.8593962429851332,0.9010728262563201,0.8766235303260079,0.49767729016575635,0.7000257897792725,0.7422655034305774,0.9719504864824021,0.7319899930407805,0.4005952204049731,0.872511307290291,0.9262039440654459,0.8940275945888627,0.5798052987015524,0.9010728262563201,0.7964346518822158,0.9262039440654459,0.8299096514248945,0.6324269178883943,0.6173845042914745,0.8968895985718276,0.8541381372634875,0.8767513485475704,0.8593962429851332,0.982971410509272,0.6690885631105586,0.8695195625728145,0.9280917395652362,0.93840206185567,0.9719504864824021,0.812561834562662,0.9250379219402802,0.9312607396704553,0.5355623652954028,0.5592742120839402,0.8951378474826465,0.9602919497626031,0.918300369479605,0.7475141384270301,0.8999561688633482,0.9085080245777923,0.607369313194156,0.9164419655193168,0.9280917395652364,0.9164419655193168,0.9164419655193168,0.701834666322916,0.8940275945888627,0.37755777088785847,0.9164419655193168,0.6864950590422625,0.7330717887793443,0.8887315011070402,0.6956105745779575,0.8269876062062993,0.9617755781056547,0.5163893414516407,0.8399399046211002,0.736649801432985,0.9059804204993023,0.8362930332131355,0.9280917395652364,0.8645046537943692,0.7831245389384943,0.763034464408584,0.47368719641344736,0.9448810215177159,0.9928378554472403,0.6677179799328163,0.724801094961123,0.5613582602769069,0.9220855717829912,0.2857206343154265,0.8986853937484474,0.957235724598626,0.8940275945888625,0.7708277232891028,0.9356184765244473,0.8454542782771104,0.8940275945888625,0.8684742769407379,0.922085571782991,0.8986853937484478,0.9916530842778033,0.9464093066905961,0.7852614552901729,0.6743710382583544,0.9250379219402804,0.7844567273912895,0.9085080245777928,0.8038832168449934,0.3835504668413312,0.8763087891966072,0.6325932003271155,0.8787105864554916,0.9380163966266188,0.62585369562083,0.7871211726090352,0.8399399046211,0.6684533966900719,0.5545461062092045,0.8473098920648876,0.8288376175853327,0.9164419655193168,0.9250379219402802,0.9478522336769759,0.9596571364772952,0.7300586251460577,0.8986853937484471,0.9110906193450525,0.9958306764094076,0.6596704856482327,0.8253574758824459,0.6786363352947036,0.9345618542101832,0.6324269178883948,0.975493041049861,0.7803406548170055,0.9110906193450523,0.782814771353388,0.802772649083082,0.6610943429440546,0.5225634575856133,0.9342820325037289,0.8027872095090909,0.6717239940419015,0.7960663611529744,0.8664814862756911,0.741543309488343,0.6262591420179732,0.8766235303260079,0.6863876863023031,0.5675347445720572,0.9192233962368055,0.9503459814762187,0.9418243114872844,0.8237753987296021,0.9137333093884032,0.6833954088063721,0.7106112792625798,0.8340216843001684,0.8010551050442436,0.922085571782991,0.5605086847432741,0.9099656357388313,0.8895085707332926,0.8886678230824372,0.6593127030593164,0.8963379163019165,0.8326941341927289,0.9010728262563197,0.913733309388403,0.9727541677821403,0.6630502449952584,0.9164419655193168,0.9246323126477256,0.8002445586117536,0.7013441631146906,0.6314613692386741,0.9164419655193168,0.8079951197225061,0.5814058501491028,0.84545427827711,0.5849332418779605,0.8674433656039866,0.7503790091464528,0.8269876062062993,0.6653775325195614,0.8964863222730705,0.6847582676285121,0.7543140789719038,0.9436475335142127,0.9280917395652364,0.7525224679141631,0.5359080104130425,0.8937024586467951,0.3234637259823794,0.6630502449952584,0.8808199067953633,0.9519642373961463,0.7770312045318655,0.9035033355391051,0.9475238565788602,0.6514063249009001,0.8456163918920485,0.8097356591508627,0.9312607396704553,0.916441965519317,0.8986853937484476,0.637570731685099,0.693351176933447,0.913733309388403,0.9250379219402804,0.9483551875577274,0.913733309388403,0.9137333093884032,0.8664814862756912,0.9164419655193168,0.9085080245777923,0.8736330304641181,0.9164419655193168,0.6259195697760405,0.5894829814864476,0.9312607396704551,0.9220855717829912,0.9280917395652362,0.9192233962368055,0.9137333093884032,0.6461345662516725,0.7665073280695918,0.8940275945888625,0.7384325449374187,0.9164419655193168,0.3893190943574336,0.7555434814691349,0.891751906668637,0.6976433105542652,0.7259478125734645,0.603343222780194,0.679720766078934,0.8963379163019165,0.829909651424894,0.8963379163019165,0.9164419655193168,0.8887315011070402,0.9508918137640501,0.7521254563822517,0.9503459814762185,0.9872968515533684,0.9653179186519114,0.26253048697273385,0.9681385641755447,0.8894587239428088,0.7599337873149603,0.9164419655193168,0.7378366668168561,0.806257008346889,0.9345618542101832,0.7000600918606851,0.9719504864824022,0.8756665293630569,0.7303137731952765,0.9519642373961463,0.6934499970703789,0.6827987734874084,0.9164419655193168,0.9164419655193168,0.8586619077554183,0.678986169676085,0.7270513661976171,0.9819920501297752,0.7455249696999708,0.604350809163291,0.9492279797357286,0.7079728272628936,0.3993563136807018,0.7677462337677854,0.9164419655193168,0.8613881209721928,0.9250379219402802,0.9380163966266191,0.5824077495368236,0.9312607396704553,0.7222276254604907,0.9164419655193168,0.9164419655193168,0.6466638918783416,0.781051837774835,0.8083015781834633,0.8986853937484476,0.6205398446032754,0.9589999745462268,0.9126333026427302,0.8593962429851332,0.7470982821298635,0.5210340806887899,0.9164419655193168,0.43600726496960507,0.6999427316974836,0.9637851559795012,0.9312607396704553,0.8593611498612634,0.7784424604391471,0.9307164569591612,0.3592633532314493,0.9192233962368055,0.85072730602279,0.9164419655193168,0.7148952917141547,0.6180073508895096,0.8593962429851332,0.5381426417867574,0.9470711696703755,0.9035033355391053,0.8436077083923401,0.46893204943359246,0.9280917395652362,0.7837905522090252,0.7734332188743889,0.9085080245777923,0.9571380145076698,0.9026532767809434,0.8872955140291614,0.6923036463066834,0.9727541677821405,0.9137333093884032,0.7958675700045748,0.8829528399528481,0.9731391553474595,0.9597960453343051,0.9380163966266188,0.8861814209185075,0.9380163966266191,0.9380163966266188,0.42139814559906286,0.8684742769407376,0.8534914491504229,0.9164419655193168,0.9887119198512566,0.7368022728899881,0.8986853937484471,0.5405854675169846,0.9059804204993025,0.913733309388403,0.9152383482658542,0.8255485912247709,0.919223396236805,0.7690066666776425,0.8932539868674871,0.7856926766548296,0.7660583377054997,0.9164419655193168,0.2990085630630779,0.9164419655193168,0.6727568446562897,0.9345618542101832,0.9411735446033734,0.8917519066686372,0.7467430838366733,0.9164419655193168,0.6786363352947036,0.5883654477777831,0.9262039440654459,0.6806137192828039,0.7148952917141547,0.6923036463066835,0.9250379219402802,0.7455911134741768,0.8647201136093712,0.9242873302626076,0.633591653116093,0.8604343420735318,0.5265566086270539,0.9480026438367745,0.6499731449270114,0.6514063249009002,0.8574165634704998,0.9509740251210721,0.7348629285023349,0.9163532097707385,0.6152677983514976,0.9164419655193168,0.913733309388403,0.7599337873149603,0.6262591420179733,0.9514584539920203,0.6696699230989824,0.6299738116686757,0.9164419655193168,0.6520690872816961,0.8485497473040673,0.7959270283125288,0.9164419655193168,0.736649801432985,0.8217153723718025,0.9312607396704553,0.9291044607799492,0.913733309388403,0.9340544955284066,0.8872955140291618,0.8799977696515331,0.8264775852300978,0.619728522130627,0.8253574758824462,0.5909917728128471,0.9164419655193168,0.9126333026427302,0.9164419655193168,0.9312607396704551,0.5373625114685421,0.8097356591508624,0.9380163966266191,0.8787105864554918,0.9327281730940757,0.8436077083923406,0.5849332418779605,0.9164419655193168,0.7433990349875349,0.7436634291646806,0.975735474631136,0.5046247808544261,0.8887315011070409,0.9250379219402802,0.8766235303260081,0.8745574900762874,0.8909793814432985,0.8237753987296019,0.6299738116686757,0.8909793814432985,0.8725113072902908,0.9250379219402804,0.8344202094125968,0.8909793814432985,0.9380163966266191,0.5131568722081117,0.9637851559795012,0.5691044126907125,0.9183003694796052,0.8745574900762874,0.3847553079983771,0.8457632233052685,0.9168673858538465,0.9641813269710355,0.8586619077554185,0.885110846748371,0.913733309388403,0.8986853937484476,0.8410896574139455,0.7959270283125292,0.7069321707753038,0.9391389781483688,0.9094353812212375,0.9819491387087327,0.8198419226166265,0.9192233962368055,0.9220855717829912,0.9849571749981069,0.7413757864907241,0.8808199067953635,0.928299718120437,0.8864731575813807,0.9250379219402802,0.9280917395652364,0.9228780875209062,0.8787105864554916,0.7335353350440008,0.9917486808400418,0.8449382097051866,0.8792717046849281,0.9964366158728782,0.9356184765244473,0.959657136477295,0.887324600858632,0.6471457445225663,0.8675688463045335,0.861388120972193,0.8730062463550936,0.7743878328859284,0.8136889686781185,0.9713684383902521,0.8872955140291614,0.5734788566830499,0.7762778864229802,0.9340990416559534,0.9183213534746968,0.9864194708261564,0.9010728262563201,0.8626587406306856,0.9602919497626031,0.760748204539937,0.9113196728723928,0.4792255271138135,0.9637851559795012,0.8132249165650078,0.880819906795363,0.7555434814691353,0.771746997362937,0.7960663611529741,0.961990438086,0.6392995820929139,0.9254149084505715,0.7627508051901155,0.9359879063473188,0.6761091627645237,0.8015964738616885,0.7682410594343816,0.8326317941568929,0.9280917395652364,0.8476812770166928,0.957235724598626,0.6351590063362382,0.9345618542101832,0.9720683735426019,0.9312607396704553,0.9565366686678404,0.9280917395652364
p143_V,0.7247030884068034,0.7916533740185656,0.5242449650010994,0.9539911195872357,0.8007464875602452,0.8343249892961566,0.9568230036997853,0.9778370303963606,0.5693322177409152,0.8218918489040505,0.7598372202406347,0.7652011593459802,0.7652011593459803,0.6592374534590089,0.9875895797541001,0.8550487818635695,0.8853389382842847,0.6987539300174226,0.9511134098668175,0.8603930719852717,0.7020529183894046,0.7767245603680499,0.899687341755725,0.867296474523096,0.7928259796469517,0.693243331176278,0.7554525199820887,0.6814874283933392,0.8603930719852719,0.8096316038016993,0.7650411739240062,0.8270771330414153,0.7994169225165992,0.8071865398778737,0.8289194532234487,0.8499792765287963,0.8131443083727967,0.7486965263003984,0.8312943488564513,0.7142865765311988,0.5576250850342466,0.6992667817659277,0.8312943488564515,0.699945427504786,0.9632707892656025,0.4854462144795715,0.8217667418575592,0.5544532224696443,0.6929145667756798,0.5155421289950246,0.8270771330414153,0.39097443506403473,0.7149577147050744,0.8660200884684446,0.7440995115376006,0.7292417974426424,0.9186707982454536,0.7766590274917047,0.6962050530523253,0.8156484041651726,0.5793607471051483,0.6091429133051252,0.9103871664642423,0.8822949228472503,0.8077975275903286,0.5753938395270803,0.8929569861598758,0.7012518410271705,0.7493700429314001,0.9511134098668175,0.6538184398512406,0.6929145667756798,0.885265384549855,0.23651250063447427,0.7766590274917047,0.5007717805481375,0.7767245603680495,0.8083534729720048,0.4328810476691807,0.8343249892961566,0.8277746315427192,0.8229657376068036,0.6758074104501148,0.9158977653053868,0.7766590274917047,0.6378365936921426,0.9430683525311456,0.6625061524041571,0.8388840683986537,0.7694191025912624,0.7766590274917047,0.5552195748721929,0.5597626817954937,0.4830538940129464,0.9416230950600912,0.8488164627142503,0.5913273129916901,0.5356941813637675,0.2803219806753572,0.2874446572924084,0.7292417974426431,0.8217667418575592,0.7766590274917058,0.7109048713847628,0.6832657280501974,0.8162678987494558,0.5918769821409802,0.16542979948858472,0.7178547490400895,0.29675242461197127,0.5258857608999019,0.9695865274972861,0.4173762199698694,0.7241512662927887,0.7917437350152448,0.33213954689438596,0.9899646125515771,0.8129069456777992,0.8343249892961564,0.4180852291394176,0.7538640287512116,0.6606207607784498,0.7229232266022434,0.9667304151873721,0.9593265323629796,0.48695596319467704,0.7840934704542419,0.8658471962327883,0.9610460535582801,0.7856540024026235,0.43030232860803286,0.8217667418575589,0.8618496660711303,0.8312943488564513,0.7814298036425282,0.72129895760602,0.6325550551336916,0.8307423459823848,0.8307423459823842,0.8156484041651728,0.49508707325251544,0.8250913965285305,0.5380016865162957,0.54836701272021,0.7171764399371905,0.5997239993650738,0.6762035632853767,0.29291264082213975,0.6872971503142594,0.22102037742820402,0.8956947474420134,0.5793607471051487,0.8326833297646112,0.9169003302046175,0.9862789464261124,0.7086691600697788,0.6174062255700343,0.7856063370857855,0.7604904914836922,0.5409727478029922,0.8365239041762352,0.941858769226817,0.8005056606224614,0.40700428798631316,0.6120300836673545,0.6511315617130489,0.5816362425644287,0.6387925444874971,0.9007283743508643,0.475738415409666,0.8360896531359454,0.769419102591262,0.828757200684135,0.7813440232482461,0.8485257494633579,0.7667391660655347,0.8836906543081366,0.9912041750913803,0.8402136872599661,0.6210808745696643,0.9608543117520585,0.7445422881802687,0.9186707982454534,0.7925764380555543,0.8935066289262894,0.44996612562525984,0.41808522913941804,0.5923472477818671,0.8660200884684447,0.8040313875217082,0.7846547952584438,0.7367045741196363,0.4169171362795083,0.22834023856869934,0.9196554867072405,0.7766590274917047,0.809194798685986,0.9222342176522085,0.8488164627142502,0.5687980265452164,0.6084659586083037,0.7652011593459803,0.7766590274917047,0.4498680096171561,0.28891208950632064,0.8218918489040509,0.7766590274917047,0.9111379340035193,0.6755994131501966,0.6119486510431025,0.7471328423987897,0.6157288222887889,0.7694191025912622,0.7766590274917047,0.7678325309140586,0.7766590274917047,0.538004959274297,0.572275974110541,0.5561077221784045,0.7766590274917047,0.5657308964304923,0.7766590274917047,0.5560072764325885,0.8761425445039137,0.6696699230989822,0.4686792310021044,0.7917437350152448,0.10848608540468307,0.8156484041651726,0.80821767266797,0.7480074620231043,0.7230350367105634,0.7733887603229045,0.8516246880972889,0.8307423459823844,0.9634623823005005,0.7724136903744152,0.8544662246326642,0.7880767518337508,0.9323934547391941,0.6205721185239822,0.750979090469565,0.540972747802992,0.8379477020019622,0.7766590274917047,0.66398303088231,0.7766590274917047,0.6890223166286183,0.6640730513352378,0.8270771330414153,0.7378378186505827,0.08431315026390451,0.8091947986859862,0.6153089916397294,0.7229232266022432,0.5757263790554803,0.92964410480043,0.405696128388778,0.7879341691923533,0.5062015786877889,0.899745629657053,0.31548336281039135,0.7694191025912624,0.8689351026556003,0.5614558430538978,0.8312943488564513,0.5698571932168628,0.7088974950188343,0.8371278512025717,0.8128349949733221,0.6063766675308009,0.8270771330414153,0.4131143834680885,0.39634101774711095,0.50157014400057,0.8162678987494558,0.259110938930627,0.869466124907693,0.8454258145911455,0.9298094540691699,0.8162678987494558,0.8756002769177591,0.32777813549703283,0.9659153135818215,0.6011621137603249,0.7378384310932025,0.7917437350152445,0.6620753703057136,0.1727533098538384,0.7623554974216553,0.7917437350152448,0.941858769226817,0.1750518786048958,0.8162678987494558,0.45072041977211175,0.6423610499583703,0.4961047429371954,0.8193278872419489,0.917402032087477,0.7766590274917056,0.842518635064315,0.7623554974216558,0.8929569861598758,0.1998019238841635,0.6090989438735066,0.8517897486998736,0.7142865765311992,0.7927175967089409,0.27408684909217085,0.6295278150708579,0.541644717245074,0.7382958625646585,0.753716882581779,0.7205449289133173,0.624025122106065,0.8603930719852717,0.653018395930276,0.9309964228987553,0.8895345516556041,0.6572569816081248,0.6368106016122004,0.8179571760346672,0.7766590274917047,0.7959698129526696,0.887676620804045,0.6987539300174235,0.8162678987494558,0.804281628704786,0.9062954961391321,0.7766590274917047,0.9792333210995077,0.8129069456777993,0.8714783961680888,0.8361078837054332,0.6586533433962158,0.7106653526850937,0.8270771330414151,0.2664965347398338,0.2979654432844856,0.9093305680547992,0.7440995115376006,0.3393440934340708,0.7879341691923534,0.6934569492029272,0.34435367684337326,0.7373574344655294,0.634984506673167,0.8343249892961564,0.10768026450967261,0.6431204385265552,0.12688964931850966,0.7554525199820892,0.7967943813008358,0.9192008485967155,0.6007967542907211,0.20944674637124328,0.1413956245294129,0.20303851083171898,0.7766590274917047,0.3720296646178888,0.6686963586136233,0.6868002876458945,0.9189718832979137,0.857193524360793,0.3721303345084648,0.7766590274917047,0.7766590274917047,0.6872971503142591,0.5860694533787874,0.568746524004325,0.7766590274917047,0.8603930719852717,0.7766590274917058,0.6788876978675574,0.5480131134250286,0.24045460875622393,0.8048319931549088,0.70451372761021,0.7767245603680497,0.2624102202463847,0.16906271076781543,0.7766590274917047,0.47750750748462356,0.6325932003271153,0.0,0.2295949913566665,0.7443207915748091,0.6497570239685784,0.7917437350152445,0.1476797053752691,0.7766590274917047,0.24249811672894772,0.8724689982477942,0.7725135883356776,0.7051687481561848,0.7801439607674306,0.3456929108365623,0.7740567244084984,0.7766590274917047,0.7097175196527763,0.5526270079245927,0.7766590274917047,0.8576085687791977,0.579041794567963,0.5370506429334871,0.212461495680913,0.11448330337151291,0.7766590274917047,0.8460723781080941,0.5015097713665065,0.9694312124673643,0.7032933418463518,0.5205882627371995,0.601571977610954,0.5894877980508269,0.5909153928737798,0.7917437350152448,0.7058016715101803,0.5066781937742665,0.8310850899399087,0.38040305874690183,0.8278828958341837,0.431316089561957,0.899687341755725,0.7996350258936387,0.72046831354622,0.7766590274917047,0.9814638345745017,0.7156038376575662,0.6297548495594845,0.8035165051770342,0.7644049230703114,0.7890019507934143,0.7223106978352929,0.9293476600470183,0.815648404165173,0.8568697257033748,0.8048319931549088,0.9403868029183242,0.5697660489336651,0.7109666498305822,0.8129069456777994,0.32516063953705543,0.8571935243607938,0.8613019585486643,0.9682895935715412,0.5596470118815191,0.895541554770261,0.8603930719852719,0.7159753479933759,0.7185641511652066,0.8804529785186677,0.9254336353990482,0.8004879592484926,0.6053882533473045,0.9980952170885541,0.8705796198764466,0.8985284147378998,0.9806846329692656,0.935266122528513,0.7443347636677958,0.8520327579084044,0.6843654774186587,0.5008788568149232,0.44095954432597995,0.6663498463624469,0.9372935056051632,0.7463222496390194,0.6888475689201508,0.7512552142845381,0.7278327227063586,0.8996873417557252,0.21033813695302017,0.7792583788113493,0.5453784488828933,0.7502927996907006,0.7741276405876658,0.6625470280284794,0.791743735015245,0.8767110789578223,0.45419509685602444,0.8440024727363749,0.6956342879958461,0.8466183234571398,0.6268344611213257,0.6394405684793965,0.9371044754919573,0.855053536958319,0.781429803642528,0.7554525199820896,0.8892917732189061,0.8466183234571396,0.6903978746649038,0.3079142716044867,0.6170856233738238,0.7694191025912618,0.769419102591262,0.5697731257278209,0.7731785819190536,0.8333843709634068,0.4780912893328414,0.7766590274917047,0.8401242645657363,0.7766590274917047,0.7766590274917047,0.18845994700546576,0.9225547590276637,0.6810303020848707,0.7766590274917047,0.4530954445673663,0.27348048142192427,0.920867092924236,0.8541515050769737,0.5360932171806225,0.4395908014745782,0.8783390062093039,0.9794817945104304,0.2832190400355037,0.7440995115376003,0.822489565580776,0.9047777385165499,0.6312116533328547,0.5620024818525153,0.568090461253394,0.6702289505385672,0.9216208982943013,0.811301248630203,0.7062240446749234,0.8401242645657359,0.5909153928737798,0.7917437350152448,0.7096386769188394,0.7717708609035461,0.9862605804044757,0.7853502553960312,0.36090821870806167,0.7045137276102102,0.579360747105149,0.7115665646213174,0.9936270868740376,0.7879341691923529,0.8717781558898197,0.8421951462913531,0.9126849037197673,0.39983396619131806,0.4752809178012478,0.8618496660711303,0.6117000015258793,0.95879735975308,0.6164043320634469,0.5148254130936292,0.8241696600104098,0.16919818898787786,0.6962547708047289,0.8714783961680888,0.2807343600216876,0.3641117837441994,0.6971934270536909,0.2089134111428863,0.7529611614876075,0.6530539589033841,0.6934867444757509,0.7766590274917047,0.7996350258936387,0.7556408739370746,0.8289194532234487,0.5792647513670808,0.7242440631426612,0.7580083418866853,0.7780442122231832,0.27013887402752723,0.8996873417557252,0.12531922383739846,0.8603930719852719,0.2621995953310825,0.8035165051770342,0.41591480627405397,0.7890019507934143,0.9515781111651986,0.7629677310371379,0.7924700721297371,0.7780455836381195,0.7730742417299123,0.6235436110391663,0.1795021319743677,0.4016675689502156,0.9084894834347617,0.5461812159642632,0.4033246371914285,0.6641965532923222,0.8956947474420138,0.8627287326916602,0.780143960767431,0.572275974110541,0.7304038232250718,0.7852971133606685,0.7967943813008358,0.2976833804409602,0.3008604121282712,0.9457852099119537,0.5600387918670873,0.8780031897192965,0.7502907095344511,0.8179768141864514,0.8150514051534525,0.9054169948449803,0.690397874664904,0.7411556667216587,0.82680181157923,0.759837220240634,0.7925764380555541,0.8307423459823842,0.9086318030400213,0.7766590274917047,0.7124118809820859,0.4906287908656952,0.47853194749887706,0.6484469377423765,0.7766590274917047,0.5365938733819231,0.36516182516735207,0.5793607471051487,0.6592374534590086,0.5770687647276038,0.6171687946143787,0.5558282825313887,0.8643292129565614,0.7436650373086833,0.9612413544320277,0.5543832091129182,0.6426699625739711,0.8077975275903295,0.5721778571759233,0.8976231314895857,0.9718817760691316,0.7007579144193807,0.8714783961680885,0.7170979328889536,0.7890019507934143,0.8343249892961566,0.7420755643853132,0.8765754647337181,0.8048319931549086,0.5370506429334867,0.5063209352816089,0.8129069456777995,0.7725735218970419,0.7717708609035462,0.36202925805510366,0.21199029824311333,0.7967943813008358,0.9551716263373669,0.7814298036425282,0.7967943813008358,0.7694191025912624,0.9777809258902928,0.7766590274917047,0.7769563741300044,0.9619458466579622,0.7766590274917047,0.7106653526850937,0.6272774271252439,0.8803297012364801,0.7917437350152448,0.836608365680193,0.7801439607674308,0.7967943813008358,0.40699378846950696,0.39128492454016217,0.7115665646213181,0.30089916709433995,0.7766590274917047,0.5918769821409802,0.941858769226817,0.7331254296694356,0.30625503926610764,0.6314856701574887,0.8162678987494556,0.8421951462913531,0.741155666721659,0.9507358862812648,0.7928259796469517,0.8611779244813151,0.9392095244663072,0.8284923673043494,0.7912424952965873,0.7636444720729902,0.8326115993376899,0.9511134098668175,0.7142865765311992,0.8217667418575592,0.7806442468798891,0.34434282615156353,0.7766590274917047,0.9175238558077219,0.5557514640987051,0.8218918489040509,0.3884777683697678,0.7554525199820892,0.9781603575318001,0.2887206664443941,0.7890019507934143,0.4643895083118237,0.09612177766304186,0.7766590274917047,0.7766590274917047,0.9239283677508278,0.584947360731839,0.6884142437757577,0.610666969193076,0.3462283142831647,0.44663783864369067,0.4112860702670589,0.1765674943248795,0.7267456209569756,0.2854755223514289,0.7766590274917047,0.7997559226734821,0.7996350258936387,0.8312943488564513,0.30791589243204465,0.8162678987494558,0.4202578212825392,0.7766590274917047,0.7766590274917047,0.09660812674826025,0.8048319931549086,0.19317590091100068,0.7291977626071651,0.41133526525233766,0.5738585769248967,0.9659765620285055,0.8498279390659496,0.30944114569836445,0.4614142256048921,0.7766590274917047,0.6273881882510954,0.1833105196483339,0.8421951462913522,0.8466183234571398,0.8976827493442303,0.8791599321646315,0.7832171227432938,0.6378365936921426,0.7801439607674308,0.6090775375345294,0.7766590274917047,0.22400807894768626,0.8252601200959901,0.5819998447612955,0.5957960907840976,0.5592665820330363,0.7373574344655314,0.5743347925326876,0.423494120911623,0.8042816287047858,0.8419744389376111,0.3969159338505791,0.7509790904695653,0.82509139652853,0.8298561919187314,0.9158977653053868,0.24858845157913734,0.8270771330414153,0.7967943813008358,0.6017146581586876,0.7445665336606624,0.8291549352138796,0.802751563627976,0.8312943488564517,0.7557852090455943,0.8312943488564516,0.8684477557283838,0.6884142437757577,0.9936270868740373,0.5825598673848769,0.772573521897042,0.8956947474420132,0.7767245603680499,0.7242440631426614,0.38856886901573495,0.8247771206246992,0.7652011593459802,0.7866618671723973,0.7918287389633188,0.7801439607674305,0.5378209326976182,0.9685740008597779,0.6817757350485254,0.7423302159263263,0.7766590274917047,0.5242449650011001,0.8852653845498551,0.446398901944136,0.8218918489040505,0.8096490120115228,0.7053726457220175,0.672889674036079,0.7766590274917047,0.32065992513440156,0.23185545495925952,0.9524334925497772,0.1307012254494011,0.22400807894768626,0.16251861977712356,0.8307423459823844,0.4398920727073323,0.9031217491271238,0.9372031589794636,0.27665128124708993,0.7167480035802152,0.4005744859687095,0.8343249892961562,0.7853502553960312,0.7766590274917056,0.8106846903064515,0.98650528689153,0.29112632801127314,0.9540974131468074,0.2285755916692649,0.7725735218970415,0.7967943813008358,0.3314852798192077,0.40332463719142897,0.575020686340292,0.21754052869870022,0.122145002035706,0.7766590274917047,0.18621338232411322,0.4126608774480367,0.6985379422761058,0.7766590274917047,0.30881697904917904,0.9262179130570987,0.8162678987494558,0.8768199244837864,0.7967943813008358,0.467353890041482,0.7801008652914645,0.9321149348789839,0.9760908679752075,0.8911611807547168,0.8310850899399089,0.23904164675690476,0.7766590274917047,0.737837818650583,0.7766590274917047,0.8129069456777992,0.6464611057174827,0.4821425705279917,0.8312943488564513,0.6698770582022524,0.6666792607334888,0.6249558166063465,0.6985379422761058,0.7766590274917047,0.501235021813982,0.28555805080546637,0.6057639351796129,0.811411419422924,0.6273881882510959,0.9862789464261124,0.6702289505385672,0.6585732489562015,0.8550535369583181,0.5203556346063883,0.3042216193342573,0.8550535369583181,0.7181881866846547,0.7996350258936396,0.5110607445591273,0.8550535369583181,0.8312943488564513,0.915897765305387,0.838245636604541,0.6307087575345856,0.7694191025912622,0.698380312920801,0.7555855066537775,0.7013897882215823,0.6457306197931669,0.7801688164371336,0.6153089916397267,0.7086691600697785,0.7652011593459802,0.7955342597839887,0.7345133309459158,0.6592374534590089,0.5837849967888857,0.5066570560341479,0.9786526947329219,0.5968622687445255,0.7997746155532763,0.8091947986859859,0.8217667418575592,0.7735981539763007,0.9101541746128969,0.9037569047436173,0.7436650373086833,0.7179883559388698,0.8618496660711301,0.8077975275903295,0.9878374576802459,0.6903244185568673,0.7160124587272181,0.7624081218155465,0.6903978746649031,0.8423097874738736,0.8394278150100907,0.7381873768854006,0.7766590274917047,0.6373701637187876,0.6079613204204815,0.814787161277384,0.5871602491634894,0.8490087878154735,0.8724510015411431,0.8705796198764464,0.9449538375454727,0.7149577147050744,0.8593616546238456,0.757596851868569,0.8660614309565997,0.984076497721895,0.9176847738819124,0.7355790938749496,0.9998048475774919,0.851544938719984,0.90652303581339,0.802122728903508,0.8217667418575592,0.842195146291352,0.506678193774267,0.6756181613656951,0.9118357623845026,0.9797927331474221,0.45618120359857117,0.8322399280706676,0.815648404165173,0.8422948575369318,0.34984464329076126,0.8903459685598292,0.5887830552616142,0.998095217088554,0.36920345303363555,0.7106653526850932,0.8401242645657365,0.551525220342186,0.9033571893499288,0.8712459842099081,0.8218918489040505,0.7710511775881252,0.8129069456777992,0.8711853052685787,0.8401242645657363
p144_K,0.6893678830977505,0.8195547533821173,0.5454511698213711,0.8205622880933259,0.7979859337642077,0.8734757225311298,0.9838387868929018,0.9626390345624196,0.5808352249648949,0.8550340249592367,0.7630185977583606,0.7897260844225822,0.762345806666435,0.7616007897732304,0.9643068670481103,0.9808383604485702,0.9922289404403106,0.7023733223835413,0.9533455271501621,0.8625009993910637,0.692904460297681,0.803754595391422,0.9031239469228096,0.8355826110872573,0.8194729220297274,0.6895129103877654,0.8103547485231326,0.6769478753342131,0.8978091213472763,0.7974729720594256,0.740803327926757,0.8246016337990569,0.8024455298513344,0.8217567385182358,0.7979859337642079,0.8859104594065101,0.8157436736103338,0.7770807006739848,0.8292427453148619,0.7821077676960448,0.5954130160183264,0.8060119985698317,0.9035631283533637,0.7311723920418826,0.9922289404403106,0.5586317340028848,0.794245879311188,0.6308174949117705,0.6966041175566147,0.5096507111488053,0.8557146344488491,0.4774647226208315,0.6895129103877654,0.9573043625686207,0.8931765200204658,0.7751113581772173,0.9014204200154656,0.9952327064015152,0.7187841991615471,0.8185133723218974,0.574245417683038,0.675583408106391,0.906696398683729,0.8551963170812433,0.8101067897872718,0.5035690111433919,0.8953813603528138,0.5602860143618236,0.7374899554386736,0.9533455271501623,0.7162129953092109,0.7179800300914723,0.9670545960247571,0.32713170651053114,0.9952327064015152,0.5067698764122222,0.7799868570359738,0.7872811539420852,0.47308924166619915,0.87347572253113,0.8487805033020412,0.8938550600980881,0.863762347757953,0.854401764190714,0.9952327064015152,0.7171709926998047,0.9701287638795579,0.6763894368998957,0.9429829823620174,0.991231693528243,0.9952327064015152,0.6229018353156195,0.5435489753277347,0.528289292049279,0.9521778037027918,0.6962434936718844,0.6430800503216769,0.5113890609379181,0.35727823400680336,0.3765965050325093,0.7751113581772171,0.914359836891429,0.8075205209611778,0.745269630362942,0.8021423902750453,0.8184753916628578,0.665435649623259,0.30027257044114464,0.714423623928461,0.3878444996959214,0.6182797936175382,0.995263704229181,0.5170217597973782,0.6590716794377038,0.794245879311188,0.41716908247465245,0.9435219111872628,0.8106317357470559,0.8734757225311296,0.4505744101724316,0.82105313773293,0.7265399034771194,0.7495574039234554,0.9021841855919219,0.8544017641907138,0.5950224012405023,0.7866875306684662,0.8448434372372053,0.9813880287156102,0.9645277948810859,0.45160850890013593,0.8242743687062479,0.8953813603528138,0.9778835113918657,0.7583906936896538,0.6259174841066892,0.6695196364820946,0.9264943610026062,0.8331553590532286,0.9949273923940903,0.5421050719107945,0.8271928774348507,0.5783669736552821,0.5832801710308089,0.7836621599775635,0.612489777474557,0.7171620579007718,0.4129128026342631,0.7476221565370911,0.3775517602477916,0.9331172433034889,0.6593346380349971,0.8403783509309437,0.9379072805057207,0.8642683597030214,0.7262462440022341,0.6861308950156377,0.7720177094467604,0.672617291264527,0.7115811707140929,0.9080094245588977,0.9143598368914287,0.8713908816405858,0.46943267364186303,0.6494866078256936,0.6555492431819092,0.7230164998438562,0.6765952976004885,0.8842134420400924,0.5968800087648316,0.8795237864134211,0.7721894714790687,0.8038584356952861,0.7640539640260658,0.8671358632435195,0.7732390104570914,0.8859104594065099,0.9318622040900165,0.8636527006101569,0.7023078552032858,0.9739160359835839,0.7841610935259362,0.8803689097090908,0.789726084422582,0.7514700913082328,0.4709431664615522,0.4639770094968423,0.6364361981430229,0.9325109310075916,0.7881781245722408,0.8350194764363663,0.7649784375496949,0.4760607731755928,0.3623236687553816,0.8982014161348166,0.9952327064015152,0.9227510399128598,0.8984673303007602,0.7616694924319987,0.6283094176175357,0.7110224414338502,0.8444866399348757,0.9952327064015152,0.5123683433969082,0.42290658082253685,0.8197259030030244,0.9952327064015152,0.8389725464783504,0.7076868596919467,0.5907471445520966,0.672617291264527,0.6376341237235599,0.7995697492352152,0.9952327064015152,0.8532945468853594,0.9952327064015152,0.5769622396659675,0.5169764294962746,0.5775389305573495,0.9952327064015152,0.5730945285501279,0.9952327064015152,0.6904389648642733,0.8539781136607394,0.7297162300134514,0.5038458406569626,0.8242743687062475,0.3015594713565267,0.9682760730678028,0.7887659812717751,0.7446583758550657,0.7450408195012901,0.6651872525590973,0.8559505775621339,0.8642683597030212,0.9662026634380003,0.7665116662955362,0.826441483634867,0.7775439288076975,0.9278362327112093,0.615957954267254,0.8518788950592512,0.5919113086098804,0.7817168377837919,0.9952327064015152,0.708528065462543,0.9952327064015152,0.7359595449369299,0.7052481455900226,0.855714634448849,0.8998538077760159,0.24111609785177102,0.8936948969709922,0.6106308233044063,0.7262522312213644,0.64374474991997,0.7872811539420856,0.4387536459260407,0.9054692267382083,0.5551647484077347,0.9206652425076998,0.46206170766917987,0.991231693528243,0.8988994482663714,0.6458476075597421,0.8292427453148619,0.6114105047131724,0.8010455395174871,0.9826558183040427,0.8198641385595171,0.6130162344833539,0.8246016337990569,0.587637960302299,0.5676922797960087,0.5016617332493067,0.8184753916628578,0.2623499681706827,0.8285195764510539,0.7590699893530761,0.9350743361241445,0.8184753916628578,0.8939486585840718,0.3546235596923196,0.8424394300035336,0.6387839335037908,0.7616007897732302,0.7942458793111871,0.6663666458447035,0.247887420559891,0.7652107336693228,0.7942458793111877,0.9955546949233898,0.2586862593714233,0.8859104594065099,0.5249609515141214,0.661069498131164,0.5171176447947488,0.8497051940875429,0.9870630610219882,0.7793424105844196,0.7607318551611875,0.818513372321898,0.8642683597030216,0.2743830720596977,0.7164134885792852,0.8843313474963683,0.7179800300914723,0.8067401022894108,0.4071340509956456,0.7294320217986794,0.6841405295465788,0.8618499334981755,0.7648103495487906,0.648211141774814,0.715482996023705,0.8978091213472763,0.6812769772838776,0.9331172433034887,0.8369921843903907,0.7443784218618241,0.6416003566158859,0.8153837585530267,0.9952327064015152,0.7934886331492644,0.8596579444136232,0.7458100200427333,0.8184753916628578,0.8665668080501098,0.8817105825036557,0.9952327064015152,0.7961677493276365,0.810631735747056,0.947796105569632,0.6998047698747782,0.6058322460137826,0.7590699893530761,0.8246016337990569,0.43441780556247844,0.35721018505169244,0.8194729220297272,0.7409875449563674,0.4247325171794736,0.7853552691579664,0.7080063794877769,0.40346443024745815,0.7589569100803866,0.612489777474557,0.9106359140503812,0.27639502338839084,0.7611586117034186,0.28406558863218556,0.7583906936896536,0.9813880287156102,0.9537871131026365,0.5919113086098811,0.3090543158411382,0.29014305490894754,0.2868658832307798,0.9952327064015152,0.45674486166066397,0.7766930765349069,0.7485716395866857,0.8858829696215671,0.8903421469154491,0.5191597580519833,0.9952327064015152,0.9952327064015152,0.7903739816068054,0.681276977283877,0.6031158535602217,0.9952327064015152,0.862500999391064,0.7793424105844196,0.68298545867977,0.569450782211941,0.4107899984091057,0.8356986313379358,0.7085494581706628,0.8512900721023176,0.3343630110264828,0.3506296144890939,0.9952327064015152,0.49843421950914535,0.6926327365976801,0.2295949913566665,0.0,0.6687351249698745,0.43359463187716263,0.7942458793111877,0.2580655429409371,0.9952327064015152,0.27754079344434834,0.9847118571682902,0.7649162174568068,0.68908689349703,0.8355826110872577,0.3924133076053078,0.8024455298513344,0.9952327064015152,0.815376406785933,0.5787012505012321,0.9952327064015152,0.9331215430222403,0.6043832786742629,0.5454357614202157,0.29618815853481406,0.21343007156527072,0.9952327064015152,0.7858499525166192,0.5602860143618228,0.9717699908685811,0.7638399262582689,0.5797165503791608,0.5965212011343108,0.6364402082190987,0.628207274955751,0.8242743687062482,0.7647736819230551,0.5004988466485284,0.8573807606623958,0.41199322834443786,0.7779074016526848,0.4661481936835452,0.9139033080355353,0.8020423584034364,0.7458100200427333,0.9952327064015152,0.9870630610219882,0.7373099673243746,0.5950598185966081,0.8245179471183165,0.7682474225004414,0.9949273923940903,0.7938814865817825,0.980863325796595,0.9682760730678028,0.8843313786769853,0.7793424105844198,0.9573043625686208,0.5036439998403659,0.6491113405895801,0.8443492696188819,0.3687428424767796,0.855034024959237,0.8333372047634757,0.8802523537926028,0.585437644508962,0.8512900721023176,0.862500999391064,0.5562522530039751,0.6954896220420983,0.9946650296880095,0.9826558183040427,0.8037545953914225,0.6603591797410837,0.9955546949233899,0.912825757077363,0.8389598607648112,0.9740822924425114,0.8938550600980877,0.8200745565901103,0.8487805033020415,0.6802855063023189,0.6245852428741461,0.5495380270375663,0.6713876357673203,0.9558070047262102,0.7486193669395218,0.6638605203820411,0.8453225547594686,0.7691822630393836,0.9596464942959493,0.2941292653343184,0.8487805033020414,0.5400863086551851,0.7242539061243801,0.7419397077598995,0.7342260440350005,0.8543028581013083,0.8720316113640416,0.5506303091131928,0.8671371944080377,0.8363110129065419,0.979219405106186,0.7842689270267811,0.649061909038452,0.9071047104360574,0.8780502036765356,0.7843727211063931,0.8103547485231326,0.9179406357484332,0.844349269618882,0.7347088846614551,0.36708802156163756,0.6216862389825764,0.7995697492352158,0.7721894714790687,0.47308924166619937,0.8711419078291687,0.95580700472621,0.5551647484077347,0.9952327064015152,0.8101067897872718,0.9952327064015152,0.9952327064015152,0.2528430224642959,0.8910317149053283,0.7232418253599326,0.9952327064015152,0.4060015569128126,0.32837329817287153,0.9253975186092835,0.8092218110817091,0.5716797296752412,0.3887913404308141,0.8332545531743796,0.841393908577569,0.31290629699207495,0.8931765200204661,0.87653342124673,0.8019015276175866,0.6454726500402044,0.489573058548356,0.5203303053813411,0.6741910630370183,0.893176520020466,0.8350194764363663,0.7661207022601245,0.8747720702197959,0.628207274955751,0.8242743687062482,0.7476355168671405,0.7921938525659622,0.9731832267624045,0.8116375744019819,0.41793694109617785,0.6886422915702686,0.5912632617534304,0.7309305629938803,0.9637257078546358,0.8153837585530268,0.9110325443432027,0.8157436736103334,0.9535916704023,0.47221596604302285,0.4581682551423507,0.8557146344488492,0.6326581146342569,0.9558070047262102,0.7012199576302134,0.5359578322640777,0.9090908602598025,0.33838511843044805,0.720604687782977,0.87347572253113,0.31545959404620694,0.47263152818973675,0.6587033742944084,0.2681131212416279,0.8037545953914222,0.6995039661448825,0.7754553881106686,0.9952327064015152,0.8020423584034364,0.8252818489972973,0.7979859337642079,0.49187657028789644,0.8159615909214103,0.7817168377837918,0.8024090649115345,0.3294401127209632,0.8802523537926028,0.20015952820640914,0.8625009993910635,0.29740363585859386,0.9700932842206655,0.4362096855451971,0.9784212882796224,0.9946358367298656,0.7409590994796043,0.8153228320996531,0.7815341678105783,0.7364287251761445,0.6316219007624513,0.3490277082883819,0.4896443773535807,0.8369921843903907,0.5244477403839626,0.45126759115678006,0.6601128990941736,0.8978091213472763,0.8427780947318175,0.8065264681453906,0.5936149859411413,0.7749609870200556,0.6703991413998515,0.9813880287156103,0.28419619853185774,0.36058133571811846,0.87347572253113,0.567978328662046,0.8754407373431473,0.8296456439809796,0.8409667102607643,0.7523784520946402,0.9825238435426187,0.754881491869601,0.8309494874389138,0.8967049646705594,0.7630185977583599,0.9266274732033164,0.864268359703021,0.9106359140503812,0.9952327064015152,0.9165487043769499,0.5252135210839828,0.4680882435723802,0.6910311090749497,0.9952327064015152,0.6782481731586194,0.44925951369014605,0.5742454176830382,0.8205622880933257,0.5988904644300899,0.7003525008098674,0.5640232503648293,0.9738554764444409,0.7889910956081632,0.8811835720644248,0.46754137282341235,0.7100465593000755,0.8101067897872718,0.6437509493517057,0.9014204200154656,0.9955546949233898,0.7419397077598995,0.8734757225311296,0.8168791153451309,0.7918620529956106,0.8363155310118788,0.7451744586990308,0.7751113581772171,0.8356986313379358,0.6354550213167421,0.512433801621138,0.878066803490708,0.910698375271241,0.7684261142105138,0.3736757440256411,0.32314547245523906,0.9813880287156102,0.8953813603528138,0.95580700472621,0.9813880287156102,0.991231693528243,0.8217567385182347,0.9952327064015152,0.7999148402257722,0.9226332903344547,0.9952327064015152,0.7590699893530763,0.817813983442155,0.9117843373625341,0.8242743687062482,0.8019015276175862,0.80652646814539,0.9813880287156102,0.381378749100338,0.3701588142259694,0.7080589698636739,0.31790432617796627,0.9952327064015152,0.6482718554548303,0.9744168156815498,0.7366058108955744,0.4285310069602254,0.6709653107479325,0.8184753916628578,0.9610243883196703,0.7843391420347328,0.907051737524345,0.7728625766255464,0.863876741714694,0.9278362327112092,0.7938600286240705,0.8355719207021841,0.6527725423510002,0.8358062663095356,0.9533455271501621,0.7607318551611872,0.794245879311188,0.7684184146338304,0.38719301409239837,0.9952327064015152,0.8920548520914517,0.5914337836363881,0.8197259030030244,0.42255968234149677,0.7843727211063931,0.932856491044435,0.3664394132049269,0.9949273923940903,0.42884149209498457,0.24170175800000349,0.9952327064015152,0.9952327064015152,0.9011491608332688,0.6820900040732929,0.6769674101304621,0.5354548332000288,0.4025793819827106,0.4934253006874032,0.394161721399352,0.22653962355454005,0.7302979746278644,0.31220729992296414,0.9952327064015152,0.9906604880924004,0.8020423584034364,0.8292427453148619,0.3924133076053078,0.8184753916628578,0.4740691844764868,0.9952327064015152,0.9952327064015152,0.2172801448109899,0.807520520961178,0.25390035792098353,0.7324513803250792,0.48569714280515286,0.5954130160183269,0.8583664615605737,0.7577775791826493,0.3637723052954106,0.42995045991282077,0.9952327064015152,0.6502108023352071,0.24753171564573384,0.8447998165522013,0.878066803490708,0.9066161872145859,0.8894224302232038,0.9643068670481103,0.6609336670592167,0.7774703252035225,0.5762236012630741,0.9952327064015152,0.252091475666523,0.8483914191945088,0.6090006244764885,0.588429157791748,0.5664037162232112,0.8085437732024464,0.6029118552918369,0.49742000527334884,0.8019015276175859,0.876560632100646,0.4301684052848205,0.8258968676425118,0.9331172433034889,0.9042840530795635,0.9284147475133251,0.27531349313944575,0.886827635098641,0.991231693528243,0.6092910238985796,0.7617554150825379,0.8336686131845914,0.8373165631303475,0.9778835113918657,0.7786312699297757,0.9035631283533636,0.8664029368341125,0.6769674101304621,0.8678248236684096,0.5610146612964175,0.7698078233874494,0.8625009993910637,0.7799868570359745,0.7684261142105144,0.4479265291613037,0.8278103590286849,0.7897260844225821,0.867012966614412,0.6449114745272089,0.9518071828547275,0.5864323766762496,0.9454050534566704,0.5975593108986343,0.6341620616123917,0.9952327064015152,0.5919215691179205,0.910698375271241,0.410789998409106,0.8550340249592367,0.8280924760366081,0.7017897276668787,0.6938740846691762,0.9952327064015152,0.2978477146050731,0.2787937208539031,0.9488956906993987,0.21790547826164808,0.2896115910885271,0.2261217507614206,0.8331553590532288,0.4178244437500013,0.8948076364974142,0.9634448998384888,0.39684151716179306,0.7658943881415683,0.563560345713864,0.9106359140503812,0.8116375744019821,0.8920548520914522,0.7838645135350977,0.9958668930446197,0.3334452238307215,0.9759155571392704,0.29994528720488645,0.9670545960247573,0.9813880287156102,0.3357534370086689,0.4512675911567803,0.7076953204212251,0.3262973265333612,0.31509817936997153,0.9952327064015152,0.27161506105976163,0.46077652522131807,0.7419469569998656,0.9952327064015152,0.3641115239864736,0.9799993340927846,0.8184753916628578,0.9488671331832232,0.9813880287156102,0.4754955289665681,0.7763863057061517,0.9376155800352017,0.880368909709091,0.9133733791094716,0.8116375744019826,0.3104239134923439,0.9952327064015152,0.8376227884528519,0.9952327064015152,0.8106317357470559,0.6426916917231891,0.5353579982813408,0.8292427453148619,0.7067646723171177,0.6894159195350444,0.7210491474449972,0.6829854586797697,0.9952327064015152,0.6435653257601279,0.4495704066490199,0.6137018211234486,0.8557445279103295,0.796977051014716,0.8642683597030216,0.8355719207021837,0.6942355438175082,0.9736158226603804,0.5924609472316507,0.27867620604562005,0.9736158226603804,0.7222931242265005,0.8020423584034373,0.5320763775577753,0.9736158226603804,0.8292427453148619,0.919556810679502,0.9227510399128602,0.6517462396619871,0.7995697492352156,0.734049877018297,0.8039983462680802,0.6955323083350006,0.6318650212502697,0.8910317149053285,0.6106308233044041,0.7262462440022335,0.8171063621787289,0.7921938525659619,0.6875183838922232,0.6829854586797701,0.6219474188578431,0.5608411620986884,0.8671062369390422,0.61902072467046,0.7607318551611872,0.9227510399128597,0.794245879311188,0.801239838809498,0.9472011989620008,0.8998538077760158,0.7267600762849993,0.7125999933619133,0.8020423584034364,0.8101067897872718,0.9527116241898872,0.6658624837528377,0.7644663016859305,0.8141846269619658,0.6741910630370178,0.8211853262730732,0.889388440135999,0.7340498770182957,0.8075205209611782,0.6412617453438971,0.6433061410883045,0.6756146863972048,0.5817479958416845,0.9224936322337542,0.8101067897872718,0.8369921843903907,0.8667674180598742,0.6895129103877655,0.8363367759398728,0.7819579706293964,0.9201421423469733,0.952815355688466,0.8442311521617307,0.7387560415746357,0.9659982400130519,0.8817105825036557,0.9150460712897965,0.8737649648427934,0.8242743687062477,0.8157436736103338,0.5004988466485281,0.6716734035910807,0.9443883262864894,0.974334519746056,0.4896443773535807,0.8915094260347642,0.8451646916481852,0.8185133723218976,0.31549294003731077,0.7590699893530761,0.6105344885729493,0.8543028581013083,0.4825475683367554,0.7590699893530759,0.8424394300035336,0.5456980307307295,0.9290222718288519,0.873855959494068,0.8197259030030242,0.7798219153430044,0.844349269618882,0.955134689099137,0.8101067897872718
p144_N,0.8918938425803833,0.8022914983011694,0.8053548090017983,0.9807394508561751,0.9237454173815309,0.9434341193662403,0.8240075849967889,0.853879959085045,0.8555999624260062,0.940281523787128,0.45107603370181504,0.9212735133449714,0.9212735133449717,0.889814015811723,0.9238600182215471,0.827956679514668,0.9592864686575602,0.7810042253308014,0.9372689456075767,0.9434430901748678,0.9556796984244671,0.6619684818352787,0.9786100658041366,0.9262837350880504,0.6341150863878606,0.8971465330611361,0.9592864686575604,0.9050879833003673,0.9434430901748687,0.9612165878642935,0.88740734199408,0.9828201226319815,0.9559635246111837,0.8781517708121864,0.9237454173815309,0.992787606045791,0.451753347429366,0.9187407159014389,0.9434341193662401,0.7528754052666149,0.8756960152361011,0.8991661559057054,0.9953786045233856,0.9531420664523497,0.8695874503983433,0.9424870447021076,0.47777207406689026,0.8506111344599003,0.7176782276174087,0.8375645041075974,0.9315900378678905,0.9240788041395701,0.8971465330611361,0.9119376979332718,0.9141982714487245,0.8931834336273663,0.9278464566365248,0.9237454173815312,0.9493544885319689,0.5106518613797666,0.8589624614952684,0.8501970099986903,0.8971465330611366,0.8489613700399672,0.9343769343025807,0.7980185625224958,0.9659497926039275,0.8276068277134254,0.9928430428234232,0.7851377522013523,0.9903434930267266,0.8951528182413433,0.8442668358655897,0.8015949998810021,0.9237454173815312,0.8237138317135502,0.9466763852073139,0.8905290155161714,0.8963485057298464,0.9341913284130114,0.9704295576642357,0.9751916033161048,0.9566607558716711,0.9329075599064764,0.9237454173815312,0.8149878477204444,0.8967815616097227,0.807257576837769,0.7975620093583883,0.9212735133449719,0.9237454173815312,0.8818720990497848,0.9331493976029286,0.8477492464850378,0.9229863666545897,0.8775434408290578,0.8380786227845733,0.8699737162605758,0.8316421088704482,0.7686500618547036,0.9335014513268407,0.9722155622930323,0.9237454173815309,0.8599885633987683,0.8714395411631717,0.45202578957206085,0.687158798361186,0.8758591074297737,0.9053985774691053,0.7638345700673836,0.8329935726690839,0.6645462310849928,0.8916159101930841,0.790715312692108,0.428327725244276,0.8539541207939201,0.9935864990091459,0.9372689456075765,0.9434341193662399,0.8089843972083202,0.8939436847566541,0.9257356254998431,0.8643582544593791,0.9206231796054518,0.8882873058668224,0.792585134263784,0.451753347429366,0.8585242345955858,0.9885587804861203,0.9029881796097647,0.8089841670456617,0.9288957400617388,0.7610294535475631,0.9953786045233857,0.9165049484215364,0.9810553993188316,0.8184440308677501,0.9828201226319815,0.5048790297271082,0.918861809581256,0.991677998117483,0.47834154602285484,0.7569649206403628,0.9611183582315329,0.9197870263505638,0.8657901242845247,0.9161773838674756,0.7840931815527363,0.8951528182413433,0.9365307020635195,0.940281523787128,0.858962461495268,0.646070589410114,0.8216070858356983,0.9147197078398366,0.8951528182413435,0.9495679192267128,0.9009132970381386,0.7966969052470274,0.8279566795146676,0.8513294040436298,0.9783400888843532,0.7658847249875673,0.8034562226094208,0.8380352309194489,0.8745574900762874,0.7916582493282927,0.6965496616257499,0.9229863666545892,0.8744114737156556,0.7927291158126466,0.5828041027260324,0.9278464566365252,0.8476177654692204,0.7616693477365606,0.8881797870385773,0.9372689456075765,0.9210947996413184,0.9621210182139516,0.9533844300329124,0.8675211273561207,0.9579972424668017,0.9971725026548421,0.9663573664294256,0.810638260953988,0.5436880106290778,0.8089843972083204,0.8522672538974265,0.9119376979332716,0.786690433749257,0.9494874991020567,0.938292717507307,0.7553577722182705,0.8240580430421782,0.888846165632225,0.9237454173815312,0.9262837350880504,0.9188618095812564,0.8775434408290577,0.766191533685771,0.8630702674569266,0.9885587804861201,0.9237454173815312,0.671354758403533,0.7043524155950276,0.940281523787128,0.9237454173815312,0.9171108073594292,0.9331959995055013,0.9970818503551906,0.9613199080921117,0.968433095264283,0.9212735133449714,0.9237454173815312,0.8933971505729832,0.923745417381531,0.9993889235359422,0.9475154720610817,0.9830152639917561,0.9237454173815312,0.740279853800655,0.9237454173815312,0.9890316341924343,0.9171790486927818,0.8506680709069914,0.8565466734132394,0.9288957400617388,0.8555535486746715,0.9188618095812557,0.6824504981880039,0.907540871911573,0.8608249019797242,0.7481218544360966,0.909368306308445,0.8122595383116543,0.9024306604322343,0.8613042685122361,0.9086236786089272,0.8907494281324897,0.6438945219541875,0.8727803597140282,0.9165049484215362,0.8518433170041959,0.9188618095812562,0.9237454173815312,0.9546423142462038,0.9237454173815312,0.9631700560655481,0.9459727209115529,0.9828201226319815,0.9937053631834567,0.8157435774934193,0.9262837350880504,0.871015668341351,0.5957412250426073,0.9554910437927204,0.9704295576642357,0.8585242345955859,0.9288957400617388,0.7759410427586891,0.8074099974274136,0.7874306650856391,0.9212735133449719,0.9343769343025807,0.8878167386759421,0.9434341193662401,0.8955394924309648,0.9795607074292978,0.8991661559057054,0.8519395799094818,0.7658050078962297,0.9315900378678905,0.9445432835628553,0.8239170583709208,0.9055866242378161,0.45202578957206085,0.7638345700673836,0.9009132970381386,0.9382025073594866,0.8220976364913511,0.45202578957206085,0.7990568456988287,0.7817709174275673,0.9343769343025807,0.8473176272509808,0.7603674824796206,0.9288957400617388,0.9405848418047038,0.7304698855952665,0.5984189889242251,0.9783400888843532,0.9722155622930323,0.7816861609337551,0.9516937335159951,0.9779749896285717,0.9352026077231335,0.8025817780070981,0.8512593163012303,0.9516937335159947,0.9834594839173172,0.8584669382142276,0.8617203715575987,0.9315900378678905,0.8034562226094208,0.926946616820191,0.8733268646478034,0.8584669382142271,0.9050879833003673,0.9119400689425763,0.8640692479445422,0.9733553741252823,0.9895793431210863,0.832523656985534,0.815819795776775,0.9353214771503877,0.940281523787128,0.9658569692010741,0.940281523787128,0.7784663387289669,0.9331959995055013,0.934555079093504,0.9288957400617388,0.9237454173815312,0.9315900378678901,0.9086236786089272,0.9240483327121626,0.45202578957206085,0.9343769343025807,0.8533072212327577,0.9237454173815312,0.6341150863878606,0.9372689456075765,0.7506295000818894,0.6406157772507832,0.7938734621115047,0.9382025073594864,0.9828201226319815,0.7914563256478502,0.7402367554983839,0.8643582544593789,0.9141982714487249,0.9640666065878609,0.9288957400617388,0.909368306308445,0.7971226139328044,0.9119376979332716,0.8948250712530359,0.9434341193662401,0.8472746430057556,0.8408994097214839,0.8060616962846865,0.5701168087461792,0.9212735133449719,0.9776934688917389,0.9749971644969413,0.8714726571183569,0.732278541837549,0.7626785493480276,0.9237454173815312,0.8241661117592198,0.8763477248373535,0.8673758572226519,0.568056305766683,0.940281523787128,0.8744114737156556,0.9237454173815312,0.9237454173815312,0.8951528182413433,0.855599962426006,0.9015399223328401,0.923745417381531,0.9984192168061299,0.9237454173815309,0.9160161841901238,0.8643923295259693,0.8440089809500366,0.8906643852161655,0.9183006535947713,0.7011039951310176,0.73241187028639,0.7838126382210393,0.9237454173815312,0.7683369795227477,0.8811985641310714,0.7443207915748091,0.6687351249698745,0.0,0.8042623185839186,0.9288957400617388,0.8538799590850452,0.9237454173815312,0.7838872138110131,0.9240483327121626,0.9236800620800073,0.9860538179783405,0.9741270364328647,0.9424220209907138,0.6681491969266847,0.9237454173815312,0.8964003490509322,0.7670446918288194,0.9237454173815312,0.9178055060408001,0.8719032626329568,0.8559341762538552,0.7698545116584183,0.7633105945216196,0.9237454173815312,0.688642291570269,0.7837466124737205,0.9876152547580852,0.8975314315798857,0.932238005697456,0.8606558839862051,0.9193786499160466,0.8941860053665245,0.428327725244276,0.8738606237740507,0.8543169908091184,0.682450498188004,0.8224472454420078,0.7925738410537294,0.8483878012525594,0.9032901911357232,0.40241886019892603,0.9329075599064767,0.9237454173815312,0.992787606045791,0.8522672538974265,0.9014440298556481,0.9896201712617319,0.5964209083688473,0.918861809581256,0.8818273481994521,0.8344997581878778,0.9188618095812557,0.7706782022940745,0.9370619345667415,0.9527620984712089,0.7993936430096771,0.8136290172487892,0.9372689456075765,0.812142797844865,0.940281523787128,0.9655891004529172,0.9460700595274506,0.8574789015247621,0.9466763852073137,0.940281523787128,0.8796855218117376,0.9050879833003673,0.9395875575049129,0.9917619408419694,0.9858118985030546,0.7905615056723612,0.9783400888843532,0.8781517708121862,0.9291653056283693,0.8534589525355221,0.9138411088140405,0.982634596020638,0.890529015516171,0.9206231796054523,0.9663127810661232,0.7182838449031008,0.7536773976207628,0.9592864686575602,0.7412242846285353,0.707751015263772,0.9221756491447483,0.9012134114028683,0.9409501284699298,0.7650861033324377,0.9496699001876994,0.832514633853896,0.9382025073594866,0.6438945219541867,0.6705487786183315,0.9227712134704179,0.8744114737156556,0.7553577722182706,0.8763477248373535,0.8569575328025563,0.9372689456075765,0.8780291377740592,0.9140817941555841,0.9343769343025807,0.9727900438033124,0.9592864686575602,0.9165049484215364,0.9828201226319815,0.9372689456075762,0.6807867690580809,0.7273215467968717,0.8692627884605635,0.5828041027260324,0.9212735133449717,0.7757313546914586,0.9454406310460692,0.9165049484215364,0.8916768649292164,0.9237454173815312,0.4800015406868703,0.9237454173815312,0.9237454173815312,0.7482730449504746,0.9032901911357234,0.9405848418047038,0.9237454173815312,0.7340804875858526,0.777389483270793,0.9157649010158164,0.9384737681135951,0.8648207288501726,0.7279855722593385,0.9934212208948412,0.8539300757509798,0.7807465126855615,0.9141982714487247,0.8543169908091183,0.9343769343025807,0.8763477248373532,0.7861567106940606,0.8056767200935728,0.5811392562239623,0.918740715901439,0.9188618095812562,0.8651122289269197,0.9343769343025807,0.6324189483883469,0.428327725244276,0.7723365763718956,0.9858118985030546,0.9718807580739222,0.9409501284699298,0.815577195923312,0.6883541295305999,0.8589624614952682,0.9032901911357234,0.9115521004643148,0.9288957400617388,0.9075408719115727,0.9741270364328647,0.620724643813257,0.829329079004369,0.9873911732534827,0.9659497926039277,0.8293290790043693,0.9165049484215366,0.972935876223029,0.7120890227415408,0.898391074317212,0.7841278555394082,0.9566607558716711,0.9341913284130112,0.7883589130609647,0.7907601520699856,0.8539300757509798,0.7928563322485562,0.8576460483139815,0.9454406310460697,0.8716781623645735,0.9237454173815312,0.40241886019892603,0.9966794629726075,0.9237454173815309,0.9253902198628792,0.9466763852073139,0.9188618095812562,0.7402697411745938,0.8594696333864749,0.720110435522211,0.7268318068198698,0.940281523787128,0.7105078677635615,0.9896201712617319,0.8222324177484153,0.962745373353485,0.9559635246111835,0.8353595520387291,0.8855570811200798,0.9508302047706586,0.9310666260260523,0.8200247394595626,0.8600331389666884,0.8397023694988115,0.9345490162102611,0.87093510689975,0.7179911920448905,0.8874073419940796,0.940281523787128,0.9053985774691051,0.9262837350880506,0.716164181231056,0.9633172814668749,0.8391784404635925,0.9212735133449719,0.7260702458777939,0.7105542821952908,0.9434341193662401,0.866214321633072,0.9722155622930323,0.9384536186973254,0.7590765912347518,0.9355234569898139,0.9306426730284255,0.6807867690580792,0.9053985774691053,0.8473176272509809,0.9097196291136664,0.9212735133449714,0.5048790297271082,0.9953786045233856,0.9237454173815312,0.9405848418047038,0.8883959822415741,0.9673813182838253,0.8357941368922185,0.923745417381531,0.8491466352199595,0.9622331300510285,0.8589624614952678,0.8836545508570981,0.7860647655550217,0.9073778623991137,0.8457280231675544,0.982599741140306,0.9253930751088406,0.8328036383272234,0.7757884387818783,0.9627030252708222,0.4800015406868703,0.5444402928115972,0.927846456636525,0.9722155622930323,0.9761805408072894,0.6282549478611406,0.9253930751088408,0.9188618095812564,0.6282549478611412,0.9119376979332718,0.8931834336273663,0.9237454173815309,0.9534920719966932,0.8306585999962383,0.992787606045791,0.9237454173815309,0.907540871911573,0.811606171652352,0.8636746647411226,0.9212735133449719,0.9828201226319815,0.9165049484215362,0.9212735133449719,0.9212735133449719,0.8781517708121863,0.9237454173815312,0.9165049484215362,0.9171790486927816,0.9237454173815312,0.8398629169008038,0.9627030252708222,0.9516937335159946,0.428327725244276,0.9343769343025807,0.9262837350880504,0.9212735133449719,0.7260702458777939,0.8089843972083202,0.9032901911357234,0.7824210690195703,0.9237454173815312,0.8002051277743383,0.9288957400617388,0.9878193007272769,0.7300648842032198,0.7384974157533291,0.7851377522013521,0.9741270364328649,0.943772438814358,0.9157649010158164,0.9821463001596107,0.47308644106097986,0.9331959995055013,0.9776934688917389,0.9206231796054518,0.8213238588810675,0.9704295576642358,0.9516937335159948,0.9303499958905475,0.3788833764216616,0.6871587983611859,0.7840931815527366,0.9237454173815312,0.9701429667321066,0.7404266024087038,0.940281523787128,0.9872558490849985,0.5273352885101552,0.8106284733681066,0.8185453834635628,0.918861809581256,0.7661515988126847,0.7165009362988821,0.9237454173815312,0.9237454173815312,0.9009132970381386,0.9424220209907137,0.790561505672361,0.9493544885319689,0.8317539034743855,0.9662723105281457,0.7766072513798858,0.7395103748535963,0.9917619408419694,0.8609449285300363,0.9237454173815312,0.9852726663056872,0.40241886019892603,0.9434341193662401,0.9746255914050479,0.45202578957206085,0.8501970099986902,0.9237454173815312,0.9237454173815312,0.8397553591602211,0.7978692865150142,0.7722857787331368,0.6228329685395386,0.9286877343347697,0.8756960152361009,0.9379823487419271,0.7767535972141528,0.77233196780719,0.9864846263330951,0.923745417381531,0.8727803597140285,0.7465192368593665,0.4995966487741804,0.9372689456075765,0.9038507104210154,0.9339072168131377,0.9019302999673844,0.8763477248373535,0.9262837350880504,0.7686990838498367,0.9237454173815312,0.7604083864978799,0.9384536186973254,0.9024306604322356,0.7261170042198817,0.9985656766383555,0.9119376979332721,0.8850662431297969,0.7398712140258121,0.9343769343025807,0.8255561835124907,0.8156020551361198,0.9165049484215362,0.8853053971558663,0.9221756491447483,0.9686685867518168,0.7394476245532,0.9315900378678903,0.9212735133449719,0.9272059756457061,0.9971725026548421,0.9029881796097647,0.9903434930267266,0.9434341193662403,0.9029881796097647,0.9434341193662403,0.9434341193662399,0.5170934913826233,0.9115521004643148,0.8964003490509325,0.9237454173815309,0.940281523787128,0.6619684818352789,0.907540871911573,0.7531887107591098,0.9559635246111837,0.9663573664294256,0.9625094796456835,0.8407966457560188,0.9262837350880504,0.8116061716523524,0.9072141675815735,0.7552363459677902,0.7614347088873262,0.9237454173815312,0.9073778623991138,0.9701429667321069,0.8240580430421787,0.940281523787128,0.9190473386737521,0.9012134114028683,0.8215114503689342,0.9237454173815312,0.7268318068198698,0.7078611253254627,0.9012134114028683,0.7286543605260238,0.7604083864978801,0.7394476245532,0.4536489449630171,0.8148954182515795,0.7416703941129104,0.7286543605260238,0.6947234262930655,0.9460700595274506,0.7472888276885757,0.8730040523026371,0.9786100658041366,0.7514717371644387,0.674908435333758,0.9655471735397518,0.7790693660488874,0.8812768771799535,0.7388058445872048,0.9237454173815309,0.9212735133449719,0.8052680428582313,0.8585242345955859,0.5538888312948925,0.8239349195040078,0.8082474582082211,0.9237454173815312,0.7024231378350856,0.8909650635169583,0.7927291158126464,0.9237454173815312,0.7807465126855615,0.6681491969266846,0.45202578957206085,0.9409501284699298,0.9212735133449719,0.9312654528565806,0.8971465330611365,0.7062497378868462,0.9971725026548421,0.9763993056378171,0.8330902475248304,0.7543136088766498,0.9237454173815312,0.8912369310715327,0.9237454173815312,0.9372689456075762,0.9795607074292979,0.8508641079512327,0.9434341193662401,0.8893119774375078,0.9958156369515735,0.9406441445527873,0.6956442158135698,0.9237454173815312,0.9351586821500917,0.7926331565425093,0.6406999937730566,0.9797293075604314,0.8727803597140287,0.9828201226319815,0.88740734199408,0.8855218855218863,0.8745574900762871,0.8648447549315534,0.6883039785236631,0.8745574900762871,0.9483778175231494,0.9315900378678905,0.8272125475056469,0.8745574900762871,0.9434341193662401,0.8971465330611363,0.9741270364328647,0.5316433135230592,0.9212735133449714,0.8855218855218863,0.9138411088140405,0.8375645041075976,0.7647258015371341,0.9032901911357234,0.8710156683413508,0.8951528182413433,0.9663573664294256,0.9466763852073139,0.7781181359006086,0.5985593158144935,0.9336760313002319,0.749823058934604,0.867521127356121,0.8623579941942761,0.7528754052666147,0.9262837350880504,0.5272164228895044,0.9849151912969627,0.9525511571664995,0.7330454845180798,0.6988893404807716,0.8506111344599003,0.5048790297271083,0.42676322023136604,0.9793349661437413,0.8893119774375082,0.9583860692530999,0.8763477248373532,0.6807867690580802,0.9528539653207699,0.9053985774691051,0.9833630421865716,0.5658815397621317,0.7757067190872906,0.9454185216116365,0.5979517762781758,0.8506111344599003,0.8603987616425717,0.7461931429643929,0.9405848418047038,0.8608161176568936,0.8971465330611361,0.9979320111064158,0.5045490166550216,0.9826345960206377,0.8537043262956243,0.8787761395675628,0.6508273890719771,0.9576404016605491,0.9885587804861201,0.9953617559877295,0.8781425749411701,0.9288957400617388,0.5474399501189947,0.8543169908091184,0.8912369310715329,0.8238825158251903,0.8738606237740507,0.7948136083347732,0.8712386256286825,0.9188618095812562,0.5545354251519964,0.8312744797864922,0.8028738209441857,0.9819891156751775,0.9288957400617388,0.7884981212068212,0.46997195733462116,0.4800015406868703,0.8648447549315534,0.9917619408419694,0.9262837350880504,0.940281523787128,0.827956679514668,0.9372689456075762,0.9868257352945466,0.42676322023136604
p144_R,0.949408055003399,0.9504142928096448,0.9187731468056548,0.7682682240165752,0.9021152573195566,0.7967242485296615,0.7051457389149209,0.7809210993942604,0.7724073279225447,0.9386120482891329,0.9295810516927874,0.8969686040184859,0.8653913891389662,0.6776024818764883,0.782075013166539,0.8611007194773486,0.9330095745993257,0.8992806674875511,0.835058139320197,0.8577866289022805,0.8682937256519119,0.9388015707402725,0.992907580707777,0.9074679597048851,0.9467322755899161,0.8241384457107954,0.6633278485606646,0.7855151077966485,0.8577866289022805,0.4615568830575649,0.8074861214912308,0.8830308532373587,0.8532939550526104,0.9896953296461458,0.8696179154667714,0.8739440053351647,0.8739579976286458,0.7664192308458133,0.9032821743004193,0.8341357229868452,0.9960965527181851,0.9549168704963142,0.9461383996104074,0.7971936793135741,0.9929388470523614,0.8810571877808948,0.913055425135971,0.8388893842660101,0.735525798080956,0.7222635305394678,0.9547950563484509,0.9936152290468684,0.8241384457107954,0.8932265956667618,0.971189053823585,0.8416405879780737,0.7213490475816133,0.8704033497109469,0.7935942572591046,0.8612677948159462,0.7588503190727771,0.9976742149646491,0.9253874817000188,0.7792006559286553,0.664739741358619,0.6931270113978463,0.8657944358738184,0.8299253661226134,0.9668480570643554,0.970512530604964,0.5528636141040604,0.8207295398425405,0.9346125991723417,0.6416716411796872,0.8704033497109469,0.8646831166236606,0.8967328264047625,0.9305109537712736,0.5895185567636907,0.8395804738396506,0.9015994527855995,0.9616474186521603,0.6939533019472461,0.8992806674875511,0.8704033497109469,0.6709442021495156,0.9388015707402724,0.6675445582684345,0.8544386719743089,0.8504136769453576,0.8704033497109469,0.4738334938261286,0.7071704992283983,0.7194100428364407,0.8826405327839613,0.8954804141294169,0.524332986464495,0.7461795048978024,0.6663188397513882,0.6774723097750699,0.7941841083216654,0.8445251043947688,0.6429219567414519,0.653315059601919,0.7345961371479568,0.8927407985750284,0.6840021804616541,0.6059102962899936,0.838248007584014,0.67665141914882,0.5926625020620715,0.8785217380779524,0.7868798975451794,0.6077870771897457,0.913055425135971,0.778598923292888,0.86463274709532,0.8927407985750284,0.9461383996104074,0.7284052244941746,0.859388452766823,0.5868463051770899,0.7048350941605874,0.9366018552702047,0.9754822962178561,0.48409837280958135,0.8739579976286458,0.8566692093818569,0.9451453215839162,0.836681609780902,0.7059581341819277,0.8784240722117906,0.990677157903997,0.9681491497696157,0.5734339398811112,0.8144596384720155,0.9237826168869276,0.9734407405404569,0.8830308532373587,0.8621035309917526,0.8958896255544992,0.8978917837274154,0.6356181880561258,0.7780696685325379,0.6258045026524921,0.7908608245894844,0.8868157419101137,0.7281114307672625,0.894686983521958,0.7011875570652022,0.817066364340563,0.8569822890591434,0.8321528101679379,0.7287682455306148,0.8657944358738185,0.8700345022954856,0.5227520480233291,0.906431488478534,0.6945871209345178,0.3625747839429555,0.4794754617643444,0.9484191631673087,0.9606299011878296,0.8438195413216565,0.7730604998282451,0.4232811347291222,0.8935513016040975,0.9102772842179987,0.8815004286701447,0.8718232481781865,0.959734549563164,0.8653913891389662,0.8173622343980569,0.36719145298715206,0.7316860956998958,0.6637820155979639,0.7961722733052291,0.9767814301199086,0.7407060929383974,0.7536834423436111,0.9993177233444124,0.7666608266396993,0.9398542298017699,0.8653913891389662,0.9795267590556507,0.5507344975274162,0.7438622173917724,0.8424353142340986,0.9218204442382036,0.8054414612430527,0.8612677948159462,0.7917136258358295,0.9735418557775422,0.7258845447901046,0.8093690129872072,0.8704033497109469,0.9584921919901567,0.7391574535729535,0.97093512061396,0.8413680385137166,0.900908636236001,0.8969686040184859,0.8704033497109469,0.7266987098830038,0.8656230565327123,0.8978917837274156,0.8704033497109469,0.9513259399156335,0.8459501681299313,0.7085603452920901,0.879482709358248,0.874221116344436,0.62937317278872,0.8704033497109469,0.8628729759597054,0.8704033497109469,0.8143744405013034,0.9865151328216977,0.9976118968719658,0.8704033497109469,0.7161682468114556,0.8704033497109469,0.8207303552514549,0.8409246404292203,0.6585038734376767,0.8134510883663686,0.6713683397738679,0.6636309906264894,0.8928400503464531,0.8752052964986368,0.8693218925956021,0.7308634369981144,0.8445407415485668,0.9665758769291668,0.8830308532373587,0.8088442265905538,0.9148179790070858,0.9609397415303773,0.9576684490955119,0.8036344051847086,0.7824765237120972,0.977096516721121,0.44883306134069934,0.8920043141706462,0.8704033497109469,0.7885538008177764,0.8704033497109469,0.4289412314094747,0.561629150636956,0.9189129547929049,0.9945793058675619,0.6218059935931941,0.9920021540663962,0.7794592081380458,0.8382480075840135,0.48399057768137743,0.8185845581425228,0.6749942487168086,0.9830505160914887,0.5348818301445544,0.6869170870138994,0.778989835670584,0.8504136769453576,0.9996620360295954,0.7299525577637738,0.9032821743004193,0.6451418750772351,0.8346843914057671,0.9686879970853242,0.6841591597193573,0.5164856198477343,0.9189129547929049,0.8068791930805206,0.690022295383822,0.8484107106517322,0.8927407985750284,0.5898129767457849,0.9469841699425365,0.6507566980121199,0.8914733031714457,0.8927407985750284,0.6952637571612348,0.6506714864164551,0.7020284327599284,0.850485675131992,0.768268224016575,0.636736986849688,0.9678309329338026,0.6034687373725611,0.8612677948159464,0.8784240722117911,0.947686778060151,0.7034626457288995,0.835058139320197,0.5811097313683651,0.8878565447379279,0.705835820161409,0.8186537091222481,0.9517157373651004,0.6754192985942369,0.7108733168544832,0.8006304922823533,0.7222660296516343,0.6188721088602727,0.8876676747798586,0.9476867780601508,0.9193394647484303,0.9779700758309207,0.7632951760269753,0.9086277204503814,0.8403865035367111,0.5887783078299906,0.8897122412182006,0.7535389123604517,0.5613965678320936,0.9392271580257151,0.8110199237491145,0.8577866289022806,0.8366445526597424,0.8882659310751531,0.9301772120963278,0.9130554251359708,0.8704033497109469,0.8830308532373585,0.6176724033943758,0.6498660018519149,0.8927407985750284,0.9623733446282858,0.8819908918248771,0.8704033497109469,0.9198548109866574,0.8927407985750284,0.9461383996104074,0.9942247113723301,0.9080590956512438,0.5730340178521098,0.883030853237359,0.7617834235871008,0.9036294425698442,0.785467487970364,0.8532939550526104,0.6830960807136179,0.8784240722117911,0.8572538933674507,0.8881196189694274,0.8780226157617046,0.7705244359111996,0.9461383996104074,0.6354658457186715,0.7054581723856814,0.667169056840786,0.9629742108258436,0.8819908918248773,0.9110596963465196,0.5695946496975418,0.6034687373725609,0.6772352997202582,0.7944532754943529,0.8704033497109469,0.7316860956998954,0.9399104140487404,0.6743455646620643,0.9615296020377262,0.9793323128508504,0.7821897872211012,0.8704033497109469,0.8704033497109469,0.9439919459749027,0.8882451154022541,0.6172862579533378,0.8704033497109469,0.7763460997788457,0.6104246148886667,0.4509381265262715,0.7361389099747917,0.7678060983128867,0.9671099410251267,0.48402104462996887,0.9388015707402724,0.9067068649261578,0.8284845875578903,0.8704033497109469,0.7287682455306144,0.5943522174262525,0.6497570239685784,0.43359463187716263,0.8042623185839186,0.0,0.8784240722117906,0.5746246230510657,0.8704033497109469,0.7211937109593798,0.9253874817000189,0.638368542678641,0.8853239025711797,0.9074679597048854,0.8233719855228989,0.9126833901156504,0.8704033497109469,0.9733015018920295,0.9914482283352901,0.8704033497109469,0.987931128077109,0.9634096718879095,0.9060846339631152,0.7917289618136096,0.5766944652737633,0.8704033497109469,0.8379472370096273,0.8760056148102657,0.9996620360295954,0.5609413410175557,0.7064276044537063,0.7815404930405789,0.7846250297236197,0.6799503691538337,0.8784240722117911,0.9062586746037922,0.7085603452920901,0.9401527315903424,0.6829835472384145,0.6862152833697219,0.8779073940969193,0.927960145616071,0.8830308532373587,0.5747237800751592,0.8704033497109469,0.9316266645899962,0.815447193858744,0.8177205627829125,0.9015994527855995,0.8988859854495858,0.8621035309917526,0.9559665126357477,0.9409779217811249,0.8928400503464531,0.9864741515856493,0.7079166404470218,0.9066164643331465,0.8735943798635317,0.5904848409390524,0.9316266645899962,0.6506055182365358,0.9386120482891329,0.8780226157617048,0.822450447381202,0.6577911002336445,0.8291578355036289,0.7356258352171277,0.9103019104978333,0.8282828784709313,0.7775301735102373,0.9177579088064165,0.8419109587864413,0.7502458139927539,0.9137878102431286,0.7916607032304199,0.6028666678501573,0.7338898156069198,0.8321096183854768,0.8728268189924719,0.845636254971224,0.807486121491231,0.3627149579150447,0.7786764262812504,0.7769027187521229,0.947131880494603,0.8068676202685598,0.7300781299519239,0.8917352429580987,0.9088147810811564,0.9015827210573536,0.7983021103994171,0.957562650599975,0.8622381228762,0.8310921009211463,0.8789973727261238,0.6342564304030942,0.8098937514705886,0.769642907993473,0.9592085566979458,0.6925633901385013,0.8728268189924719,0.9128298713501326,0.7606170730283125,0.8115860833877351,0.7766058155625478,0.8937266121462317,0.6633278485606648,0.9330095745993259,0.990677157903997,0.9316266645899962,0.8435429377289086,0.9149477396689398,0.9630464085222383,0.9601230337775248,0.9917002486570448,0.8335522684478651,0.9003087878178608,0.9030449383728073,0.7780696685325381,0.8704033497109469,0.9250846532269763,0.8704033497109469,0.8704033497109469,0.6061109023790459,0.9543375701747885,0.552407395399277,0.8704033497109469,0.8076824743876198,0.6422882634570066,0.8366816097809018,0.5863103158870662,0.7118736819759728,0.9063572873350054,0.6484037346789074,0.9241362979945554,0.6186013161486243,0.971189053823585,0.8126421928464701,0.8877959618256668,0.8101952861148263,0.8344690449739671,0.8145652832267294,0.7970134789582608,0.9117996187605453,0.9534773528800462,0.7295542387374014,0.813894506963857,0.6616159233576966,0.8784240722117911,0.7083823768267319,0.8693218925956017,0.8413627763880543,0.8610204579141909,0.68644021599084,0.7365656576831059,0.7784767130700505,0.8610204579141907,0.8513069733989519,0.913055425135971,0.9388015707402727,0.6904124953802407,0.9260435497169752,0.7408110180404504,0.8794385870131837,0.883030853237359,0.8585818737081333,0.9030449383728076,0.851890430290057,0.7890663932802985,0.9451453215839162,0.7473415568527537,0.8107427171063764,0.8395804738396505,0.7794988784996169,0.7853952308981982,0.8651697744678213,0.7165877452872564,0.8291578355036286,0.8409246404292201,0.9184326431616747,0.8704033497109469,0.8830308532373587,0.9352023051566378,0.9021152573195566,0.8566692093818572,0.9241437602139233,0.8920043141706464,0.8354687250747826,0.6781201276547731,0.9543375701747885,0.5830479486857767,0.8978917837274154,0.6482503179925723,0.9305109537712737,0.6731423934610878,0.8621035309917526,0.9126833901156505,0.9834582469836681,0.752050083890457,0.6766642580654566,0.8832560884357044,0.8940047802874711,0.7502754891664157,0.7434886393534157,0.8366445526597422,0.7699228124463497,0.9347252996987464,0.8074861214912312,0.776346099778846,0.7048350941605873,0.9074679597048854,0.9103679125508228,0.9034777612928437,0.8868157419101137,0.8819908918248774,0.6688420946021432,0.8310650428857047,0.8395804738396503,0.7899473181578718,0.9130554251359708,0.7790401420944446,0.9779700758309209,0.9294518263568603,0.9674994124841474,0.8202782083435848,0.9726353306003075,0.999213673723459,0.845636254971224,0.9451453215839163,0.8830308532373587,0.8395804738396504,0.8704033497109469,0.9241021395091162,0.9337432167271624,0.6740114912851061,0.696465740754175,0.8704033497109469,0.8710842889392092,0.7461619610203847,0.7588503190727767,0.5869367397364014,0.7531010300092595,0.7418011523709304,0.7456628090852557,0.6980578901763008,0.9814973640279443,0.8289954069844815,0.7680067383376183,0.9253852700244686,0.8877959618256668,0.7517503572819544,0.7213490475816131,0.9484191631673089,0.5827870321095674,0.9461383996104074,0.9575740339234504,0.6162113761541533,0.9889946249203956,0.8494287671902627,0.6727923404215783,0.675419298594237,0.8121244609767844,0.7374334655451258,0.9316266645899962,0.9678953752693028,0.8967328264047627,0.7820583707967868,0.6329313233891092,0.8819908918248773,0.990677157903997,0.9030449383728072,0.8819908918248773,0.8504136769453576,0.9896953296461461,0.8704033497109469,0.9171672442680852,0.8819493384237895,0.8704033497109469,0.72847937817213,0.5880365735355286,0.9316266645899962,0.8784240722117911,0.8877959618256668,0.9074679597048854,0.8819908918248773,0.7809210993942602,0.6356632671085884,0.834643033355474,0.6214497970775728,0.8704033497109469,0.703796896257867,0.8445251043947688,0.856999660974483,0.7780002908388213,0.6562446552843668,0.8739440053351646,0.8579623057614376,0.8920029367905316,0.8155237283082903,0.6510801649540705,0.8696179154667711,0.9728974569655979,0.6647998898048291,0.680689832031641,0.7335959903322866,0.902529354864086,0.9128298713501324,0.5629584294956489,0.8784240722117911,0.8225651910351488,0.6836181299682993,0.8704033497109469,0.8054086660053767,0.6976877774539296,0.8978917837274156,0.7403425793213063,0.947131880494603,0.9295810516927872,0.6787498055624164,0.8621035309917526,0.8411094062079274,0.6704060854947784,0.8704033497109469,0.8704033497109469,0.9064314884785342,0.4021415977053344,0.6176724033943757,0.9063572873350054,0.6776174161045014,0.8343796404935615,0.9680197805728645,0.6124109503733783,0.586712334993514,0.6049755214611341,0.8704033497109469,0.8404281131746826,0.8830308532373587,0.9032821743004193,0.7652712423756487,0.8927407985750284,0.7699228124463497,0.8704033497109469,0.8704033497109469,0.573077991674191,0.8379060078581622,0.6496199902060178,0.8967328264047627,0.7661340794962679,0.8353763537669454,0.9097273737144631,0.7901189939777903,0.6773262229500023,0.5811042229790222,0.8704033497109469,0.45583974327389964,0.6030633761020132,0.9074679597048851,0.970512530604964,0.9271531882675783,0.874947344808999,0.8837569565579622,0.38989475829270015,0.8739579976286458,0.7469188842531436,0.8704033497109469,0.5839765485032802,0.735801766116473,0.7792006559286551,0.6102395876978256,0.9654125239665982,0.9352103129045881,0.7754326523232364,0.6270727322904681,0.8877959618256668,0.6946651663175909,0.6934655891838943,0.947131880494603,0.8978917837274156,0.8917352429580985,0.9504348889589374,0.5624265131967785,0.990677157903997,0.8504136769453576,0.6979731753941201,0.8416405879780737,0.7520500838904571,0.9322295176724049,0.9252929244596275,0.540471269164345,0.9889946249203956,0.9461383996104074,0.8092123375194881,0.9938517939562712,0.7333473653697744,0.8696179154667714,0.9392271580257149,0.8839797031219507,0.8967328264047625,0.586555776515356,0.8532939550526106,0.8653913891389662,0.9630323558781606,0.872531349246747,0.9249822299139172,0.7438037797825754,0.8655168940503875,0.7330677989308518,0.812321994943963,0.8704033497109469,0.4202399621171685,0.8696179154667714,0.6699891400930613,0.9386120482891329,0.8530566939384985,0.8310921009211463,0.7092721470008656,0.8704033497109469,0.6957100947959873,0.7935942572591045,0.8839247384921503,0.6003044560829276,0.6272478680105853,0.590792518706349,0.8830308532373587,0.7442090705039974,0.9315788888162433,0.7553536224372921,0.7203448082844133,0.6905633245876162,0.5552278523731171,0.9252929244596275,0.7696955982637674,0.9678953752693028,0.9821953264526078,0.968644427201375,0.6452100292230187,0.7325963638694433,0.8068814217710495,0.9029006915637323,0.8819908918248773,0.624293728903015,0.8254467732551015,0.8449603813190687,0.7055196141881068,0.742556373537363,0.8704033497109469,0.7085242782218182,0.9478523469746436,0.7229353529465318,0.8704033497109469,0.6776554451884116,0.882546786906578,0.8927407985750284,0.7960730228224848,0.8819908918248773,0.9749786132588455,0.9243280747464695,0.9684883711975811,0.7456274011616304,0.8559340534958,0.9665301561490598,0.8135213655926732,0.8704033497109469,0.9945793058675616,0.8704033497109469,0.8927407985750284,0.6550088338635671,0.75459230521039,0.9032821743004193,0.8579145248155551,0.9703524720811847,0.8727510499155489,0.7682682240165752,0.8704033497109469,0.9041129464674594,0.7982438211195748,0.8838433107387245,0.7504840201876128,0.9517395754929867,0.990677157903997,0.9936039565738233,0.850179520957216,0.8081910707976664,0.7969309304231835,0.7845612241908958,0.8081910707976664,0.8237359363530337,0.6505018265405424,0.7230874756409575,0.8081910707976664,0.9032821743004193,0.7250082236286703,0.9920021540663961,0.8801244483294194,0.6609503876682399,0.873138122143865,0.7284793781721299,0.9366376573753079,0.8459501681299315,0.9543375701747885,0.7794592081380458,0.8700345022954854,0.8969686040184857,0.8693218925956021,0.9872882658125172,0.790934659551597,0.9484928851559719,0.9367457463519002,0.9185609773830207,0.90443866865048,0.7848307605339011,0.9920021540663962,0.9130554251359713,0.8994548962186244,0.9827272325737448,0.8140340532964883,0.9706559757630682,0.8766167375082814,0.9547950563484509,0.8877959618256668,0.9641854660647119,0.8107427171063766,0.6752071616528271,0.9831487900267122,0.7504840201876128,0.9722213930845789,0.7585900233671049,0.8042623185839182,0.8696179154667711,0.8007144964380075,0.7636816141949784,0.767442906513681,0.7822983544026025,0.9158122344322752,0.8884718897664762,0.9459665362214595,0.9555930856891354,0.8241384457107954,0.7232571210137007,0.9758440440885021,0.7526685287522635,0.8429197587693347,0.7048106741221396,0.8465661570497103,0.92296834565744,0.8188364620658379,0.9752997497607525,0.7397921626305267,0.6713683397738682,0.9409779217811247,0.7085603452920899,0.8140340532964887,0.983050516091489,0.9450133268047409,0.7749292097566818,0.8429469770868911,0.7391574535729528,0.9842138722347462,0.598514180257149,0.8321096183854768,0.8092123375194882,0.7406310456222287,0.7779332675601442,0.9875549787054969,0.8877959618256668,0.7430000435310251,0.8158977322486003,0.7239224574564798,0.8978917837274154,0.9663827257271632,0.9316266645899962,0.8087255569735573,0.8877959618256668
p144_S,0.8991515901032063,0.945303040275778,0.6776822402306104,0.9277359074596556,0.9526370111116407,0.9648659912110238,0.932786063018689,0.900368266936568,0.910310736217455,0.9629078616894173,0.9439253608596803,0.9511016704226434,0.9511016704226434,0.9277359074596556,0.9166400151447349,0.6981683188457649,0.948139835478085,0.9361160018916064,0.9610366993022688,0.9629078616894176,0.6916094335135818,0.9425720985427188,0.8328391424856556,0.9736183137840243,0.9412414838519025,0.9361160018916062,0.9481398354780852,0.9220855717829912,0.9629078616894173,0.8805472616874048,0.9801704643354423,0.957509435301382,0.9467071200650465,0.9243180392978652,0.9526370111116407,0.9610366993022685,0.9542136024350834,0.9467071200650465,0.9648659912110238,0.9348776724743584,0.6502130055679121,0.9373704232137268,0.9648659912110238,0.9187969445925777,0.948139835478085,0.7865342546535393,0.9558359621451105,0.9072120922355342,0.9348776724743586,0.8991086132420372,0.957509435301382,0.6851149498755786,0.9361160018916062,0.9453030402757783,0.9467071200650465,0.33433303135572634,0.933654454952398,0.9526370111116405,0.7560495458914245,0.9496037211238535,0.9123992402861407,0.8425509890153133,0.9361160018916064,0.5695585331492283,0.9592404230051592,0.836297322381335,0.957509435301382,0.8987613725012111,0.8242743687062482,0.9610366993022685,0.9265867198367659,0.32182955473297503,0.9526370111116407,0.8383948208633003,0.9526370111116405,0.5828435635841784,0.7032297266306957,0.634240421971097,0.8661586408023221,0.9648659912110236,0.9439253608596803,0.9386420076357269,0.9312498291554214,0.9361160018916064,0.9526370111116405,0.9231975163531969,0.9425720985427188,0.7575505983588414,0.9011161501496316,0.9511016704226434,0.9526370111116405,0.8991086132420372,0.7820663749515684,0.8646954736999408,0.931249829155421,0.9072120922355342,0.8971110481409439,0.578899888971435,0.8320602288053403,0.86172892352763,0.933654454952398,0.9558359621451105,0.9526370111116407,0.8676499406085263,0.8794015740660154,0.9610366993022685,0.9134510531460027,0.8110096194294087,0.9412414838519025,0.840479161229315,0.8842921321245039,0.9373704232137268,0.8504636644420462,0.9155711502428496,0.9558359621451105,0.7979454077493462,0.9931163690142986,0.9610366993022685,0.9648659912110238,0.8676499406085265,0.9187969445925779,0.9302947288966976,0.9412414838519025,0.9300668284196516,0.9900588676412958,0.8665888856018397,0.9542136024350834,0.8705954752723886,0.9511016704226434,0.9209817665727265,0.881356890785397,0.5220820189274478,0.957509435301382,0.9648659912110236,0.9481398354780852,0.9833789571262195,0.8872325694620833,0.957509435301382,0.957509435301382,0.9496037211238537,0.7575505983588415,0.9629078616894173,0.8982237067147958,0.7006314123871531,0.8951222364985463,0.9166400151447351,0.9001110559421437,0.852744627559685,0.9348776724743586,0.8047947912836029,0.9629078616894173,0.9123992402861405,0.8656814261022983,0.6741869914826218,0.957509435301382,0.9348776724743588,0.9413455330691154,0.9649840504564584,0.8666662211060936,0.8931410336709438,0.8200790560505897,0.8949977467327623,0.9386420076357269,0.8155856001785136,0.6585158886812215,0.9681385641755447,0.9714578717045066,0.9728308952426489,0.6623875538882285,0.855756563598304,0.9277359074596556,0.9808926695348984,0.9094857206850572,0.852744627559685,0.906125602813826,0.9938250905646744,0.9552175050422179,0.9837171114810388,0.9254476077793647,0.8941307528793181,0.6843521859412179,0.9149517998571183,0.933654454952398,0.9511016704226434,0.8686326671635053,0.9294700296273191,0.8676499406085265,0.9082407355488131,0.9453030402757782,0.9288957400617388,0.9496037211238535,0.9103107362174554,0.7336531223545584,0.8039765114147404,0.9123992402861405,0.9526370111116405,0.9542136024350834,0.9496037211238535,0.9072120922355342,0.7435120840939231,0.8991086132420372,0.9511016704226434,0.9526370111116405,0.639634488626351,0.8039765114147404,0.9629078616894173,0.9526370111116405,0.8446109430683046,0.9209817665727265,0.8941307528793181,0.8666662211060936,0.585636508427299,0.9511016704226434,0.9526370111116405,0.865681426102298,0.9526370111116403,0.8244961955520118,0.7061352915422272,0.7119868333828534,0.9526370111116405,0.8705954752723886,0.9526370111116405,0.911634824108486,0.8733964066108943,0.9220855717829912,0.6183143059691417,0.9558359621451105,0.7866487334406873,0.9496037211238537,0.9399319300513138,0.9425720985427191,0.9123992402861405,0.8364667308502769,0.4635400868275391,0.957509435301382,0.9061873961293253,0.8981086621953585,0.9092735418441047,0.5790004185113179,0.9209817665727265,0.9209817665727265,0.948139835478085,0.8931410336709438,0.9496037211238535,0.9526370111116405,0.9092735418441047,0.9526370111116405,0.8222967889645654,0.9209817665727262,0.957509435301382,0.9324454498571317,0.7866487334406873,0.9542136024350834,0.9198856874256711,0.9991256173192244,0.9001110559421437,0.8752885460677958,0.8705954752723886,0.9558359621451105,0.8803791478671708,0.6307998390962071,0.8547546403115023,0.9511016704226434,0.9592404230051592,0.9339881298829691,0.9648659912110238,0.8099851764138044,0.9355865875112196,0.898102672689,0.9489452656760311,0.8833132812750144,0.957509435301382,0.8587509369841102,0.8110096194294089,0.792998473516857,0.9610366993022685,0.8404791612293148,0.9649840504564584,0.9386420076357269,0.9082407355488131,0.9610366993022685,0.7132869920925934,0.8266780075736038,0.9592404230051592,0.5342994829197273,0.9277359074596556,0.9558359621451105,0.4164522503756476,0.8200790560505897,0.9496037211238535,0.07458314556106416,0.9558359621451105,0.7648826756137947,0.9610366993022685,0.8555160230965206,0.8646954736999408,0.5867072331685038,0.8547546403115023,0.9610366993022685,0.9526370111116409,0.9348776724743586,0.9496037211238535,0.9575094353013822,0.8155856001785136,0.9051664401581991,0.9558359621451105,0.9348776724743586,0.9220855717829912,0.7435863378643104,0.9155711502428496,0.8921529459435535,0.84971302581155,0.8321895668825329,0.8466596566621678,0.9164201668122127,0.9629078616894176,0.9103107362174554,0.9629078616894176,0.9243180392978652,0.9209817665727262,0.4769082134611321,0.9558359621451105,0.9526370111116405,0.9575094353013816,0.9092735418441047,0.9361160018916064,0.9610366993022685,0.9592404230051592,0.9511016704226434,0.9526370111116405,0.9412414838519025,0.9610366993022685,0.9648659912110238,0.9166400151447349,0.8352434350141633,0.9386420076357269,0.957509435301382,0.8446109430683046,0.7231456517202982,0.9412414838519025,0.9467071200650465,0.7021249138262726,0.9558359621451105,0.9243180392978652,0.7483585156811926,0.9453030402757783,0.9166400151447349,0.9648659912110236,0.7814252209615562,0.9243180392978652,0.7929984735168571,0.9481398354780852,0.9511016704226434,0.9265867198367661,0.7724757092972716,0.8200790560505897,0.8211902596649281,0.738687166424951,0.9526370111116405,0.8637082826037767,0.9231975163531969,0.9254476077793647,0.9231975163531969,0.9629078616894176,0.8557565635983042,0.9526370111116405,0.9526370111116405,0.9348776724743586,0.9103107362174554,0.9354261958407395,0.9526370111116403,0.9629078616894176,0.9526370111116407,0.9277359074596556,0.539242683426367,0.8039765114147404,0.9526370111116407,0.9288957400617388,0.9425720985427188,0.7176529953352648,0.7530110061558704,0.9526370111116405,0.6014176893103866,0.922085571782991,0.7917437350152445,0.7942458793111877,0.9288957400617388,0.8784240722117906,0.0,0.8098519714818668,0.9526370111116405,0.7663159483485271,0.9361160018916064,0.9020294315021224,0.7525583568452548,0.9542136024350834,0.7195026022793822,0.9467071200650463,0.9526370111116405,0.9031349604797554,0.8178422485024102,0.9526370111116405,0.9288957400617388,0.808688653312315,0.7000853882408264,0.7435863378643103,0.8155856001785136,0.9526370111116405,0.9143598368914294,0.8656814261022978,0.9592404230051592,0.8617298618427944,0.7435863378643104,0.9134510531460025,0.9145082620913982,0.702008782362598,0.9558359621451105,0.9051664401581991,0.8941307528793181,0.9967391619170713,0.8627197720675648,0.8823349016943811,0.6337925846638766,0.9399319300513138,0.9575094353013818,0.9361160018916064,0.9526370111116405,0.8714717093867045,0.9082407355488133,0.8255892557605067,0.9439253608596803,0.9324454498571315,0.9496037211238537,0.81216170280015,0.9542136024350834,0.9496037211238537,0.9439253608596803,0.9526370111116407,0.945303040275778,0.6083617615102093,0.9103107362174552,0.9610366993022685,0.8567565353887991,0.9629078616894176,0.945303040275778,0.9967391619170713,0.9052139044207743,0.9425720985427188,0.9629078616894173,0.7634386319714807,0.9220855717829912,0.8991086132420372,0.9373704232137268,0.9983948723195168,0.5544682858415843,0.9558359621451105,0.6048035961832157,0.9061873961293254,0.9923442487592722,0.9386420076357269,0.9465146323386673,0.9439253608596805,0.9300668284196516,0.8825210710884406,0.7879341691923534,0.9113525537588965,0.9481398354780852,0.8063524007858598,0.9363467946367829,0.9277359074596556,0.9386420076357269,0.9399319300513143,0.7403348078925525,0.9439253608596805,0.680595980856854,0.9386420076357271,0.9665480300996037,0.8376572239763223,0.9558359621451105,0.8557565635983042,0.7953903888115903,0.969757263765453,0.9061873961293254,0.9610366993022685,0.8550065733210683,0.8991086132420372,0.9592404230051592,0.922085571782991,0.9481398354780852,0.9227946422906838,0.957509435301382,0.9610366993022685,0.9300668284196516,0.7284756911618844,0.7240175226518513,0.9511016704226434,0.6408643693226073,0.8352434350141633,0.9134510531460025,0.9481398354780852,0.9101261322599907,0.9526370111116405,0.9592404230051594,0.9526370111116405,0.9526370111116405,0.8309916996778284,0.9399319300513143,0.9243180392978652,0.9526370111116405,0.8222967889645656,0.848697758622408,0.9209817665727265,0.8627197720675652,0.6014176893103867,0.7560495458914246,0.9103107362174552,0.9092735418441047,0.8507258744656065,0.9467071200650463,0.6949204957705724,0.9592404230051592,0.9231975163531969,0.8230236730198897,0.8656814261022978,0.9300668284196516,0.9467071200650463,0.9496037211238535,0.7991647789411424,0.9592404230051592,0.9031349604797552,0.9558359621451105,0.9072120922355342,0.9425720985427188,0.9373704232137268,0.3783812875595972,0.8911735721146647,0.9288957400617388,0.9123992402861405,0.9399319300513138,0.9254476077793645,0.9558359621451105,0.9425720985427191,0.9542136024350834,0.9198856874256711,0.8666662211060936,0.735936569437549,0.957509435301382,0.8346861643638701,0.9481398354780852,0.914359836891429,0.8971110481409439,0.9511016704226434,0.7917437350152445,0.45920624541005617,0.9648659912110236,0.7560495458914247,0.8567565353887991,0.9092735418441047,0.7590398124066347,0.9425720985427191,0.9134510531460025,0.9267506068373947,0.9526370111116405,0.9575094353013818,0.9220855717829912,0.9526370111116409,0.6587133413777281,0.9425720985427188,0.9496037211238535,0.9312498291554214,0.7195026022793821,0.9399319300513138,0.8178422485024102,0.9629078616894176,0.8006907814269042,0.9439253608596803,0.9097206700803184,0.9496037211238537,0.9467071200650465,0.8959232789032514,0.9209817665727262,0.9386420076357269,0.7840536293380749,0.888214373845492,0.7499222990259983,0.8725553212046713,0.8873306148945664,0.8425509890153133,0.7931965366205515,0.9300668284196516,0.9629078616894176,0.9412414838519025,0.9542136024350834,0.8964860126763229,0.9092735418441047,0.9001110559421444,0.9511016704226434,0.7677386497295298,0.7021249138262726,0.9428375253830151,0.8872325694620833,0.9558359621451105,0.969757263765453,0.9858084434319019,0.9373704232137268,0.9082407355488131,0.9300668284196516,0.9412414838519025,0.9452045885097758,0.9958126081161451,0.9511016704226434,0.9575094353013818,0.9648659912110238,0.9526370111116405,0.9243180392978652,0.6480591540595227,0.8200790560505897,0.9254476077793645,0.9526370111116403,0.8911663603911606,0.7302179872844419,0.9123992402861405,0.9277359074596556,0.632324264577718,0.985470710432321,0.889197195483969,0.8003774546971083,0.44929032625468435,0.9123992402861405,0.8607384721289717,0.9745849270782074,0.9592404230051592,0.9092735418441047,0.933654454952398,0.9558359621451105,0.9209817665727262,0.9648659912110238,0.9324454498571317,0.9496037211238535,0.9648659912110238,0.2541492804952137,0.933654454952398,0.9526370111116407,0.7000853882408267,0.5904937947421888,0.9610366993022688,0.9526370111116407,0.9425720985427191,0.7840536293380747,0.8155856001785136,0.9511016704226434,0.8106601759858285,0.948139835478085,0.9511016704226434,0.9511016704226434,0.9243180392978652,0.9526370111116405,0.948139835478085,0.9134510531460026,0.9526370111116405,0.9386420076357269,0.8981086621953585,0.9610366993022685,0.9558359621451105,0.9592404230051592,0.9542136024350834,0.9511016704226434,0.9789433391238309,0.8676499406085265,0.939931930051314,0.8517363824474662,0.9526370111116405,0.913451053146003,0.9558359621451105,0.33601886834376193,0.8075195577599241,0.914508262091398,0.9610366993022685,0.9542136024350834,0.9412414838519025,0.9209817665727262,0.9412414838519025,0.9526370111116405,0.9209817665727265,0.9769855193139068,0.9697258997487671,0.8497130258115502,0.8752885460677959,0.9610366993022685,0.9348776724743584,0.9558359621451105,0.9134510531460027,0.852744627559685,0.9526370111116405,0.9526370111116407,0.6709853803344816,0.9629078616894173,0.7081071803511942,0.948139835478085,0.9439253608596803,0.836297322381335,0.9496037211238537,0.8051635979868558,0.7991647789411422,0.9526370111116405,0.9526370111116405,0.9198856874256713,0.8425509890153133,0.9092735418441047,0.7560495458914247,0.8557565635983042,0.7435863378643104,0.704141372814715,0.8133083257720881,0.9373704232137268,0.8255892557605067,0.9526370111116405,0.9072120922355342,0.9575094353013818,0.9648659912110238,0.7195026022793821,0.9610366993022685,0.8425509890153131,0.9526370111116405,0.9526370111116405,0.7892117206997182,0.9526370111116409,0.7967192179387046,0.8803288140439887,0.8015030960827552,0.5695585331492283,0.932445449857132,0.9061873961293254,0.8770986505728715,0.8132674279749146,0.9526370111116403,0.9665480300996037,0.8299192991696216,0.9542136024350834,0.9610366993022685,0.9314897302747827,0.7530110061558704,0.9166400151447351,0.9231975163531971,0.9542136024350834,0.663812632095851,0.9526370111116405,0.8383948208633001,0.9231975163531969,0.9061873961293252,0.8813568907853968,0.682161150548486,0.945303040275778,0.9113525537588965,0.8965891561155481,0.9592404230051592,0.7086229121455401,0.8715757257382066,0.9481398354780852,0.9629078616894176,0.9277359074596556,0.9361160018916064,0.9911410415624385,0.957509435301382,0.9511016704226434,0.8842921321245036,0.9336544549523977,0.9209817665727262,0.9265867198367659,0.9648659912110236,0.9209817665727262,0.9648659912110238,0.9648659912110236,0.9092735418441047,0.9254476077793643,0.9031349604797552,0.9526370111116407,0.9629078616894173,0.9425720985427188,0.9425720985427188,0.9997159486874597,0.9467071200650468,0.9511016704226434,0.9336544549523977,0.9011161501496319,0.9542136024350834,0.7954860842554725,0.9231975163531969,0.8352434350141631,0.8144495911033481,0.9526370111116405,0.8991086132420372,0.9073884413700835,0.9853618823459059,0.9629078616894173,0.9373704232137268,0.9386420076357265,0.8987613725012116,0.9526370111116405,0.8178422485024099,0.7560495458914247,0.9386420076357267,0.8189630840562676,0.8383948208633003,0.8255892557605067,0.9575094353013818,0.8341860124462195,0.855756563598304,0.7560495458914245,0.790795767662827,0.9399319300513138,0.9818155616835189,0.9648659912110236,0.8328391424856558,0.9526370111116409,0.9051664401581994,0.9348776724743584,0.84971302581155,0.9092735418441047,0.7499222990259982,0.9526370111116407,0.9511016704226434,0.852744627559685,0.7259549389991399,0.9821062119112849,0.7917437350152445,0.7691509749968608,0.9526370111116405,0.8027832026517654,0.6534650306913535,0.9277359074596556,0.9526370111116405,0.8507258744656065,0.9467071200650463,0.9610366993022685,0.939931930051314,0.9511016704226434,0.691685495217796,0.9361160018916065,0.9041490253843172,0.933654454952398,0.914508262091398,0.6056102150226259,0.7467814379930316,0.9526370111116405,0.9324454498571317,0.9526370111116405,0.9610366993022685,0.7471844708650972,0.8921529459435535,0.9648659912110238,0.9312498291554214,0.7605174113429303,0.9113525537588967,0.9277359074596556,0.9526370111116405,0.8435824105613206,0.8331249716086315,0.7480686079956919,0.9300668284196516,0.9878857063735189,0.9575094353013822,0.9300668284196516,0.9288957400617388,0.9220855717829912,0.9001110559421437,0.7691509749968608,0.9220855717829912,0.38885224594451606,0.957509435301382,0.5867072331685038,0.9220855717829912,0.9648659912110238,0.9361160018916064,0.9542136024350834,0.8931410336709438,0.9511016704226434,0.9288957400617388,0.9386420076357269,0.899108613242037,0.5777893346316239,0.9399319300513138,0.9198856874256716,0.9348776724743586,0.9511016704226434,0.9425720985427191,0.916027328859182,0.9277359074596556,0.949173776698871,0.8446109430683046,0.9177151699279686,0.6124287930374468,0.9348776724743584,0.9542136024350834,0.9558359621451105,0.9491737766988708,0.9011161501496316,0.9324454498571317,0.9839674685144806,0.9478374857144207,0.9575094353013818,0.9592404230051594,0.9879781590338745,0.931249829155421,0.7822127505030361,0.969757263765453,0.9801704643354423,0.9610742210840928,0.942990249213453,0.9288957400617388,0.9526370111116405,0.9424505244031278,0.8862516682966308,0.9187969445925774,0.9072120922355342,0.7826448484325198,0.9592404230051592,0.9243180392978652,0.9908764668187222,0.9361160018916062,0.9481398354780852,0.9312498291554212,0.9061873961293254,0.9851265078035902,0.8930303361848516,0.9439253608596803,0.9510354428286436,0.9808926695348984,0.9279254774427175,0.9267919121317676,0.9558359621451105,0.9736183137840243,0.8941307528793181,0.9324454498571311,0.9558359621451105,0.9852427368613523,0.8725553212046713,0.9613982003998258,0.9496037211238535,0.9496037211238537,0.8435824105613208,0.9386420076357271,0.9669745722372083,0.9558359621451105,0.8686326671635052,0.9386420076357269,0.9592404230051592,0.9001110559421439,0.9373704232137268,0.9542136024350834,0.9629078616894173,0.8931410336709438,0.9610366993022685,0.923203371227233,0.9592404230051592
p145_G,0.7258052151003509,0.7645025327695423,0.5656126745131149,0.866597768818619,0.7792280426333984,0.8487307132759603,0.9632637146469647,0.9258794896378789,0.5451390802271672,0.80493019780615,0.8560853018714698,0.77035194475055,0.7428407227861749,0.6888673364888636,0.9868320852734063,0.8856155446224134,0.9072477622907662,0.7249477881963562,0.9677588596715982,0.8757769776139173,0.7004355872017336,0.8005072894679135,0.9022440706069041,0.8467918673059885,0.7704321513468302,0.6640301842398459,0.7767163393241145,0.6461345662516731,0.8757769776139175,0.7173223776121158,0.7335626207813353,0.8078013427639645,0.8215200600799615,0.7924745875392033,0.8075409127954851,0.8322437174658712,0.8320620122916544,0.7705477907844185,0.81522811957198,0.7196161675207435,0.5960903363326331,0.6706272619581717,0.9272418419559991,0.6271345691539827,0.8289289085107752,0.5445456826900941,0.8400240699667674,0.5284574960065476,0.719616167520744,0.4694060856468919,0.8703249354373087,0.422438468872121,0.6858523995099817,0.8890625545868664,0.8471601894990167,0.7566539863086958,0.9258714874259681,0.7960789049353036,0.6135195953784258,0.7830190911339328,0.5393022983380253,0.6401963753847548,0.882252336941202,0.8734301383407206,0.8245098594864115,0.4772782550154061,0.848318897532643,0.7084606912592073,0.8533086651728794,0.866122503017303,0.6839195153315714,0.7196161675207438,0.807540912795485,0.17524160896715824,0.7960789049353036,0.5441805233742256,0.7766258836139819,0.7829495315328665,0.3461463200283442,0.8487307132759607,0.8513716167741182,0.8261099395010405,0.7039965075355052,0.9431699408977134,0.7960789049353036,0.6693273178797698,0.9199143187375711,0.6554924328600977,0.7794608572218032,0.7894685038194522,0.7960789049353036,0.5656126745131145,0.6131661806548645,0.5419142141944172,0.8889366090564212,0.8735866889367874,0.5570121686658549,0.548449350788144,0.19150476656147208,0.28525856567159147,0.7355017986690364,0.809851971481867,0.7960789049353045,0.7668349352101687,0.5651643890226024,0.8322437174658706,0.6273639727263713,0.1648646008315443,0.6909854043398929,0.23672706614804861,0.501820394392984,0.9965816016198346,0.37337384933688755,0.6540469175913441,0.8098519714818668,0.27770809745732605,0.8641505502234017,0.7950896414683805,0.8487307132759603,0.37129650214669796,0.7355072818219454,0.6751917390568174,0.747015523333209,0.9362534332873753,0.7685922187366285,0.42211752970709104,0.8028669104368944,0.9451026585711904,0.9545358356057008,0.879374619363547,0.37604870195491213,0.8400240699667674,0.8170571011959711,0.815228119571979,0.7767163393241148,0.6002211598458791,0.6255783702109736,0.8170571011959711,0.848318897532643,0.8097978684772094,0.5101868956115075,0.8402999971050358,0.4898042014129961,0.5979725920591286,0.7004355872017336,0.561604790199991,0.6626242196657895,0.30310345123191207,0.6575177348239957,0.2534181522342762,0.8402999971050358,0.6076992210786015,0.8365423068591005,0.9645139277127572,0.9421042865426588,0.6789958761224528,0.6896631061151366,0.7462894188440763,0.7417809865461176,0.5699798362740198,0.7661942488695652,0.8400240699667674,0.7809667159518989,0.4343672259250474,0.6355652967184571,0.6831702677637468,0.7002835266603762,0.6613467603345353,0.8478388087184401,0.4756908572228754,0.8468499430042016,0.789468503819452,0.7991500732584623,0.6631848855718653,0.7753976566645017,0.7858717241544069,0.9000012885687347,0.9425007250144233,0.87173412099619,0.6499737445844751,0.9428812266119274,0.7135324351349801,0.8412627368673318,0.742840722786175,0.9306110780213781,0.5063088588519236,0.3982298947292965,0.5836691909150546,0.8890625545868663,0.7338657319315713,0.8152992487169168,0.6965222418854475,0.49837954930289774,0.2734638270314156,0.9819192424779446,0.7960789049353036,0.7884016635964685,0.9436917551935937,0.8078477950453129,0.5693537924604384,0.656176648196568,0.7978631667149247,0.7960789049353036,0.5421187435915233,0.2856383561283936,0.8404071783150316,0.7960789049353036,0.8052365760585851,0.6397388793457004,0.549020437680781,0.741780986546118,0.635286362744305,0.7894685038194516,0.7960789049353036,0.9091946626776009,0.7960789049353038,0.4719832917762139,0.48128202868596004,0.4800805292530337,0.7960789049353036,0.5108548260714443,0.7960789049353036,0.5856329552725943,0.8552596639029448,0.6645398464863974,0.516193047531301,0.8098519714818673,0.1209025239863466,0.8365766458204862,0.8333011459710062,0.7457459993073885,0.810926935626505,0.7248827355227807,0.7312989043872806,0.8170571011959713,0.8734301383407201,0.7271198310345721,0.8263172749138328,0.812486197338204,0.824074063974813,0.5844383239569658,0.7272642534026099,0.5399192926217915,0.8152992487169168,0.7960789049353036,0.5896146931200565,0.7960789049353036,0.5797567393338263,0.6597874190636708,0.7765395464272928,0.8948410675316363,0.10875603606847539,0.7884016635964685,0.5786739773287257,0.7470155233332092,0.5699286861910755,0.7829495315328665,0.3330548287941535,0.76773864972953,0.583847650754763,0.9369711833639032,0.3140453280083523,0.7894685038194522,0.9155919905807126,0.5401543429563327,0.81522811957198,0.563883438488625,0.7290197957733351,0.8634651470510368,0.7737001926842599,0.5977648797703328,0.839063139100637,0.44079157771021094,0.4579903734199866,0.4458119017048672,0.8322437174658706,0.19889865612034918,0.8158490002950388,0.7809667159518989,0.9361145826482247,0.8322437174658706,0.8282757639481182,0.28642917494918874,0.8569971282280211,0.6240889308578814,0.7283629881176978,0.809851971481867,0.6932007837413994,0.09066051017614984,0.783019091133933,0.809851971481867,0.809851971481867,0.19126321714263006,0.8322437174658712,0.4154630868184712,0.6219633449124009,0.5399192926217926,0.9112746187073932,0.9677588596715982,0.7960789049353043,0.7840505914161155,0.7830190911339334,0.8170571011959711,0.1036469052245017,0.647038981811755,0.8400240699667674,0.7196161675207442,0.7579170939157702,0.2708188144344694,0.6086481994337776,0.49262343919786467,0.712297253165632,0.8364316865954389,0.7164601018803223,0.5459211569996069,0.875776977613917,0.5787797828178961,0.94673093863168,0.845593266324925,0.6213053608827888,0.671601795757413,0.8280828466993297,0.7960789049353036,0.7765395464272915,0.8430049329700071,0.7249477881963577,0.8322437174658706,0.9805665280639315,0.8444909477482012,0.7960789049353036,0.7470155233332094,0.7950896414683802,0.8487307132759605,0.7296830513443169,0.6158113713983349,0.7358234924027574,0.8078013427639651,0.33523309763287157,0.31318388279013476,0.9577651754557959,0.7197295162601614,0.38743498041899294,0.7979107482144303,0.7543764668933219,0.4171679979139995,0.7123453755976963,0.6147582020841674,0.8487307132759607,0.1300550349192443,0.6741517234184586,0.1178567279223498,0.7767163393241143,0.7894685038194522,0.8789654519931114,0.539919292621792,0.0660767415534772,0.1457557187973969,0.27233566787862373,0.7960789049353036,0.4162509144227138,0.7279390650117323,0.7368307884261367,0.951858700899378,0.8404071783150319,0.34553762019030587,0.7960789049353036,0.7960789049353036,0.6575177348239954,0.5956001341132606,0.528971670803944,0.7960789049353038,0.8757769776139173,0.7960789049353048,0.7086151623032806,0.5873141420039811,0.20041665244954932,0.7960789049353045,0.6938609895470795,0.7527444777600507,0.3265449061734571,0.23013562038261648,0.7960789049353036,0.5229391184241345,0.6645398464863974,0.1476797053752691,0.2580655429409371,0.8538799590850452,0.5746246230510657,0.8098519714818668,0.0,0.7960789049353036,0.18630292835846785,0.8340588645470353,0.7144441775515072,0.6966063758609786,0.7592065617417093,0.3221041262296318,0.7705477907844192,0.7960789049353036,0.7301854636320446,0.6432230112199746,0.7960789049353036,0.9060915866080065,0.5672218603391699,0.5598137192522432,0.25843253852241976,0.04240240139106699,0.7960789049353036,0.9626390345624196,0.5746380436469449,0.8569971282280209,0.6295023636786645,0.46899922902725666,0.5620797246595559,0.5503937717637184,0.5989217292516407,0.8098519714818668,0.6632361393079851,0.4583405337862819,0.8333011459710062,0.3178235814701602,0.764062818538727,0.48076412285752124,0.9252250454855369,0.8170571011959711,0.7467700034664932,0.7960789049353036,0.8661225030173032,0.7539636002067094,0.5646765651684247,0.7782358464355155,0.8342015154555682,0.783019091133933,0.6801311806650499,0.9927673765797876,0.8097978684772094,0.9048424820972054,0.881017515421564,0.7645025327695425,0.5582062552424674,0.6979451114814301,0.7950896414683802,0.285818514986645,0.840407178315032,0.8369053974150206,0.8333011459710065,0.5137535413082306,0.8243886953218449,0.8757769776139173,0.6609511430180002,0.7020258300837217,0.8146400912460166,0.8412790712895706,0.8721515070297083,0.6427530362959126,0.9908845623912688,0.902740447293747,0.9060583503416715,0.9597379404856803,0.9163963865993237,0.6860889996464348,0.7782358464355157,0.6524862957789193,0.4216136921503921,0.492012994713932,0.6861587664238815,0.9333540468840964,0.6699379867995112,0.6386522578454028,0.6594544116353662,0.7676010485566842,0.8333011459710065,0.2801363635752041,0.8513716167741181,0.470803279081625,0.6998862132329715,0.7150879744524046,0.6101879664392922,0.809851971481867,0.9646502235370755,0.4983795493028982,0.8388461476915348,0.7024031056469111,0.9983623547769701,0.6640232668717296,0.5939197940133426,0.92197166571124,0.8135832167051922,0.802822623917445,0.776716339324115,0.8703249354373092,0.8289684270198122,0.6989031042017528,0.29970163875272615,0.6503806797262628,0.7894685038194518,0.789468503819452,0.5587573952783017,0.8380137851239219,0.8028226239174447,0.48497306162420284,0.7960789049353036,0.8245098594864124,0.7960789049353036,0.7960789049353036,0.1111751111000655,0.9482060203641693,0.6741517234184584,0.7960789049353036,0.38567237173733604,0.217098884275581,0.8809896406186064,0.8333526152913009,0.5376582787337554,0.38019183645886256,0.8493282731397105,0.956743170355898,0.21495833168652223,0.9491047280901008,0.9419666878902773,0.92197166571124,0.6337619373385279,0.6158627325550619,0.5478735141244921,0.6989031042017528,0.8726463241467878,0.8420780260601937,0.7067118627553992,0.8569971282280211,0.6308690057809887,0.8098519714818668,0.797718841605841,0.7218645934534564,0.9078372985739693,0.8103201710923735,0.3752098076641802,0.7138633607393252,0.539302298338026,0.6840983815777084,0.9488217396076488,0.7979107482144296,0.8721515070297086,0.8612571141464138,0.9287317442027787,0.3524855082763181,0.44733874830441267,0.9421042865426588,0.6272918590166199,0.9361145301492523,0.6953870204990982,0.5570121686658545,0.7894685038194513,0.18411650805145086,0.7039965075355052,0.8487307132759607,0.22054652772442562,0.42934861306765393,0.656365325344755,0.2844271918877026,0.7527444777600505,0.6310632397756475,0.7627162218466993,0.7960789049353036,0.8170571011959711,0.7579170939157687,0.8075409127954851,0.5652590776071804,0.7218645934534557,0.8420780260601933,0.8067410083804589,0.38537848588729107,0.787339196213741,0.0542907724940499,0.8757769776139177,0.24442839984590092,0.9488859772255888,0.3590472479922635,0.8097978684772098,0.948950733318815,0.8147973230691886,0.8256890852298722,0.7358234924027574,0.6783477565952034,0.6903922931965024,0.2396442074701386,0.34345680053878136,0.7503479647102214,0.43771842448024423,0.4428495116517728,0.6322172145283154,0.8402999971050362,0.817265407374071,0.7884016635964691,0.5454529243747579,0.6897406414571043,0.7409351476395785,0.8169797257838272,0.27896600044251063,0.361651788470708,0.9234065281986408,0.5089761738471793,0.8582549451842305,0.782339871087613,0.720431110318446,0.774720844005172,0.881734434910261,0.7191721854523567,0.8080685444079967,0.8346519783088758,0.7829495315328658,0.8253743886793002,0.8170571011959711,0.8487307132759605,0.7960789049353036,0.868670828830965,0.4873073979121858,0.4225413865822334,0.6790150744675423,0.7960789049353038,0.5912144241504314,0.33275683721361493,0.5393022983380253,0.6888673364888636,0.6138433550046065,0.5656126745131147,0.5055963011408965,0.8987427951645981,0.7299871242968008,0.9838822961517677,0.5049967964245691,0.6541212312873543,0.8245098594864126,0.6093777201835635,0.9258714874259681,0.8701961684516677,0.733521492915316,0.8860686207373003,0.8114695546046222,0.7830190911339336,0.8487307132759605,0.764502532769542,0.7566539863086956,0.8243917750973908,0.5598137192522429,0.5356650862019989,0.7950896414683801,0.7509151724713119,0.7457459993073883,0.28956074733540627,0.14039360752456165,0.7894685038194522,0.8170571011959711,0.7767163393241141,0.7894685038194522,0.7894685038194522,0.9829651907686088,0.7960789049353036,0.7794768225892708,0.9205439119697588,0.7960789049353036,0.7358234924027574,0.5613073906356434,0.8628472125712436,0.8098519714818668,0.8181301843558839,0.759206561741709,0.8169797257838272,0.42543697912825484,0.33089641327280106,0.6840983815777087,0.2331642503477579,0.7960789049353036,0.6273639727263713,0.809851971481867,0.8261099395010405,0.3656852470992188,0.6667111183953425,0.8322437174658708,0.8028669104368944,0.6909854043398929,0.9178566775444286,0.7938487793604505,0.8527046452594771,0.9731572329331626,0.7424332963300333,0.8205175917053769,0.710164685635188,0.8560853018714703,0.9338800741201665,0.741094308819201,0.8400240699667674,0.7653310029585534,0.2901820554419593,0.7960789049353036,0.8810175154215638,0.5715572994203169,0.8049301978061503,0.4766343764564276,0.7767163393241143,0.8317067117586021,0.31444095184674536,0.783019091133933,0.48689903748471686,0.1504744738471666,0.7960789049353036,0.7960789049353036,0.946975976738649,0.5245820771341418,0.6761283524082615,0.5398371451933005,0.2804610016740209,0.518544332675454,0.35730105176534077,0.11601952327404685,0.7303486924822393,0.2681145750902121,0.7960789049353036,0.9228908593553928,0.8170571011959711,0.81522811957198,0.3221041262296316,0.8322437174658706,0.31116970516492537,0.7960789049353036,0.7960789049353036,0.09791934755891274,0.7960789049353043,0.12536308012651443,0.7766258836139821,0.42593212887706766,0.5960903363326329,0.9573697022268969,0.6776608663350117,0.22637706249410605,0.4004102373948286,0.7960789049353038,0.6597874190636706,0.10553529186783339,0.8028669104368946,0.8967259981226752,0.9721933225217773,0.8945437088998832,0.8182720711512783,0.6693273178797698,0.7592065617417092,0.47492994568647573,0.7960789049353036,0.162675091409072,0.8953524242954563,0.5229479396416788,0.5742903712376459,0.48730739791218647,0.7123453755976967,0.5337977104892793,0.4664036652695027,0.818130184355884,0.8299334326165375,0.3655529979119164,0.8316893917759312,0.8402999971050358,0.8174370181507044,0.9649921561678492,0.18161732798406705,0.8078013427639644,0.8169797257838272,0.5495844984780296,0.7145413226998265,0.8441226036927834,0.8479702366807333,0.8152281195719792,0.7150879744524046,0.8899039344946591,0.8899039344946589,0.6594406943520872,0.9933625464337569,0.5225281661912788,0.7792280426333984,0.8402999971050358,0.8005072894679135,0.7696274051613191,0.41529450533146517,0.847006194727733,0.742840722786175,0.8414544485377816,0.7636978565179406,0.9343771728702679,0.5805270070033086,0.8953524242954565,0.6087835306312328,0.6483864961444838,0.7960789049353036,0.5656126745131147,0.9207923934438308,0.4073836470981709,0.80493019780615,0.7815576407655029,0.7224578250075417,0.6491906002019325,0.7960789049353036,0.23833209709590053,0.2696681611811753,0.9256023309786804,0.060196301289323295,0.1501085738509852,0.08276333129133029,0.848318897532643,0.3652403668036447,0.9572578342433826,0.8707032533256995,0.3162448958728893,0.7413772464564756,0.37032436844379557,0.8487307132759607,0.787339196213741,0.7960789049353045,0.9318349232862575,0.8055287327145728,0.22246587840032606,0.8763802490823562,0.313619938816061,0.9207923934438308,0.7894685038194522,0.32894624281181783,0.4428495116517732,0.5829480909869664,0.17197090715939034,0.17631002116839423,0.7960789049353036,0.16970843992204,0.4512876178196774,0.6888673364888636,0.7960789049353036,0.24068338784054233,0.9234645986710444,0.8322437174658706,0.7873391962137413,0.8169797257838272,0.5006997466921044,0.7513190453203893,0.8929047885289978,0.841262736867332,0.9798691623317166,0.8103201710923738,0.26143222410531863,0.7960789049353036,0.9156839457633899,0.7960789049353036,0.7950896414683805,0.5850291816594064,0.4328258099917023,0.81522811957198,0.8028298884087184,0.70820972040687,0.5677126462756632,0.708615162303281,0.7960789049353036,0.5957813897650153,0.396721299627514,0.6509797115807499,0.8610557542065846,0.6597874190636717,0.848318897532643,0.6989031042017528,0.6260583899165663,0.8694744805372419,0.47467799252869447,0.2738997779445058,0.8694744805372419,0.6888673364888638,0.8170571011959711,0.5549495644479068,0.8694744805372419,0.81522811957198,0.9431699408977134,0.8175967654512287,0.6000403799262479,0.7894685038194516,0.6660631323010578,0.7583951041773282,0.6561766481965681,0.6597874190636714,0.913908130364035,0.5969182098645965,0.70047401742091,0.7703519447505504,0.7696274051613198,0.7805523779733774,0.6888673364888638,0.6380493386530186,0.5511806417744163,0.9786547630195945,0.6319157801801913,0.8270068740130301,0.7884016635964688,0.8400240699667672,0.7161426326907019,0.9052791287009647,0.8739981892998828,0.8342015154555684,0.7092394542081017,0.8170571011959713,0.8245098594864124,0.9082849081185749,0.6589875872257835,0.6993324568448789,0.7844453416156542,0.6989031042017531,0.848338458494247,0.8640986634013126,0.7260702458777935,0.7960789049353041,0.6462254674672541,0.6408114308574531,0.7226291548382384,0.5448922194794161,0.8958990635969291,0.9869462031944589,0.8455932663249248,0.9663914394892504,0.6858523995099818,0.8811414776974358,0.7656432080424773,0.9060583503416715,0.9924041101142685,0.868891657298056,0.758570941419999,0.997842663142753,0.8720021697125762,0.8737567350107388,0.810571880042859,0.8400240699667674,0.8320620122916542,0.4583405337862817,0.6447265287505943,0.8701961684516675,0.9547849742401304,0.4119372313138685,0.8391769892416006,0.8365766458204869,0.8365766458204866,0.3929251631181373,0.9163963865993237,0.6260653782397383,0.8400240699667672,0.4037042581260675,0.7358234924027576,0.8569971282280218,0.5060023637182105,0.9078372985739693,0.8612571141464138,0.8404071783150314,0.7686882033769626,0.8289684270198122,0.9438004212259383,0.8245098594864126
p145_K,0.7524297972473161,0.9413411539914585,0.8918007079504506,0.9225015741707872,0.9492063492063487,0.9623211158059548,0.7050163519970581,0.7509151724713103,0.9038142386822647,0.960221152322577,0.9398636845831869,0.9475597985845114,0.9475597985845114,0.9225015741707872,0.9106019687464653,0.5567710364845595,0.944383427890573,0.9314886672615048,0.9582144552981327,0.960221152322577,0.8875255844205965,0.938412400887346,0.935580996038617,0.9508971383859763,0.9369854052620163,0.9314886672615046,0.944383427890573,0.916441965519317,0.960221152322577,0.7739436107925906,0.9250013316406693,0.9544316996038,0.9428469360414609,0.9188361382271659,0.9492063492063489,0.9582144552981327,0.9508971383859763,0.9428469360414602,0.9623211158059548,0.930160641445072,0.8993922310882436,0.932833950574053,0.9623211158059548,0.912915131908919,0.9443834278905732,0.8474513194974065,0.9526370111116405,0.9004911494084333,0.930160641445072,0.8918007079504506,0.9544316996038,0.8495864161552136,0.9314886672615046,0.13408370177867746,0.9428469360414604,0.9288488221297497,0.9288488221297497,0.0,0.7383793872014479,0.9459533477380775,0.9060540201833016,0.831146423199498,0.931488667261505,0.8993922310882436,0.9562880686171875,0.8244397822834253,0.9544316996038,0.6473831763250288,0.7698078233874499,0.9582144552981327,0.92126914699118,0.9301606414450723,0.9492063492063487,0.8266892096935958,0.0,0.8864622842804517,0.938412400887346,0.9398636845831867,0.8233095582802461,0.9623211158059548,0.9398636845831869,0.9341976401680094,0.31108550994831163,0.9314886672615048,0.0,0.9176344520056336,0.938412400887346,0.8046479448175341,0.8939536575643376,0.03139863267861631,0.0,0.8918007079504506,0.831146423199498,0.8548949080074899,0.31108550994831163,0.48955645159511163,0.8896584524348263,0.8875255844205965,0.8198957816506434,0.8187498553347687,0.9288488221297497,0.9526370111116405,0.9492063492063489,0.8580633769736241,0.6072669396673074,0.9582144552981327,0.907182019415572,0.7973204052495684,0.9369854052620166,0.8289245259008584,0.8759110188590657,0.9328339505740528,0.8070467719220202,0.9094556823349389,0.9526370111116405,0.7833099084134079,0.9413411539914585,0.9582144552981327,0.9623211158059548,0.8580633769736241,0.9129151319089193,0.885400876353422,0.9369854052620166,0.9250013316406696,0.931488667261505,0.7554264789789613,0.9508971383859763,0.6339927913026551,0.9475597985845114,0.9152582079543838,0.8727631680356085,0.9526370111116405,0.9544316996038,0.9623211158059548,0.944383427890573,0.8453085223330421,0.879064442044788,0.9544316996038003,0.9544316996038,0.06018876900101988,0.8046479448175343,0.960221152322577,0.8244397822834253,0.8717146038820363,0.8875255844205967,0.9106019687464659,0.892875760974867,0.8420784215528956,0.9301606414450723,0.7583810530554915,0.9602211523225768,0.9060540201833014,0.8559522762859688,0.8811713725919912,0.9544316996038,0.9301606414450725,0.8950345750758599,0.9140827360776209,0.8938851835250172,0.5567710364845593,0.7367566674079002,0.9526370111116407,0.9341976401680094,0.7431708752992887,0.8972062142375332,0.9164419655193166,0.8612222667022558,0.8993922310882436,0.9262700211315917,0.8453085223330423,0.9225015741707872,0.9475597985845114,0.9288488221297495,0.6783615558233287,0.8538362113124116,0.8780124908814328,0.9582144552981327,0.6072669396673073,0.9200475251844384,0.5526275082095409,0.9117550006367756,0.8885909234541711,0.9288488221297497,0.9475597985845114,0.6394614409405057,0.8538362113124116,0.8580633769736241,0.9015943008452869,0.13408370177867734,0.9237454173815312,0.9459533477380775,0.903814238682265,0.8221755430097122,0.7897778653703145,0.9060540201833014,0.0,0.9508971383859763,0.9459533477380777,0.4895564515951115,0.8355526955775656,0.8918007079504506,0.9475597985845114,0.0,0.8685695845092951,0.7897778653703145,0.960221152322577,0.0,0.6951973979147161,0.9152582079543841,0.8864622842804517,0.6447787703816181,0.9049315186013059,0.9475597985845114,0.0,0.6473831763250286,0.0,0.8117838598171898,0.8388272306091986,0.8355526955775657,0.0,0.6339927913026551,0.0,0.7050163519970583,0.9071820194155717,0.9164419655193166,0.8759110188590655,0.9526370111116407,0.7711949776746383,0.06018876900101888,0.935580996038617,0.9384124008873462,0.9060540201833014,0.7554264789789611,0.9188361382271666,0.9544316996038,0.4951319232791844,0.8907283270583697,0.9027019168030599,0.897206214237533,0.9152582079543838,0.9152582079543838,0.944383427890573,0.885400876353422,0.9459533477380777,0.0,0.9027019168030597,0.0,0.7334713952978886,0.9152582079543841,0.9544316996038,0.9275522446953854,0.7711949776746383,0.9508971383859763,0.9140827360776205,0.9369854052620161,0.892875760974867,0.9398636845831869,0.8612222667022562,0.9526370111116405,0.8717146038820363,0.8717146038820349,0.8442340263447974,0.03139863267861631,0.9562880686171873,0.8289245259008584,0.9623211158059548,0.8333555867103808,0.8333555867103808,0.24376003609304187,0.8706662210952574,0.8748612665230131,0.9544316996038003,0.848519788337875,0.7973204052495684,0.7780046509581313,0.9582144552981327,0.8289245259008584,0.9140827360776214,0.9341976401680094,0.9015943008452874,0.9582144552981327,0.8517144868263773,0.8141237078825918,0.9562880686171873,0.8982973238138026,0.9225015741707867,0.9526370111116407,0.9188361382271666,0.8070467719220202,0.9459533477380775,0.9526370111116405,0.9526370111116407,0.7985559379258667,0.9582144552981327,0.7985559379258667,0.6499526646778642,0.885400876353422,0.8442340263447972,0.9582144552981327,0.9492063492063487,0.930160641445072,0.9459533477380777,0.9544316996038003,0.8022278398026612,0.8982973238138026,0.9526370111116405,0.9301606414450723,0.9164419655193172,0.7250134267509765,0.9094556823349389,0.8843412180810755,0.6848496741376313,0.7923174570100686,0.6911250629978627,0.8727631680356077,0.9602211523225768,0.903814238682265,0.9602211523225768,0.9188361382271668,0.9152582079543841,0.9094556823349389,0.9526370111116405,0.0,0.9544316996038,0.9027019168030597,0.931488667261505,0.9582144552981327,0.9562880686171873,0.9475597985845114,0.0,0.9369854052620163,0.9582144552981327,0.9623211158059548,0.9106019687464655,0.823309558280246,0.9341976401680094,0.9544316996038003,0.8333555867103808,0.8289245259008584,0.9369854052620166,0.9428469360414611,0.8409971458279799,0.9526370111116405,0.9188361382271659,0.8117838598171898,0.9413411539914587,0.9106019687464657,0.9623211158059548,0.7655931084723666,0.9188361382271666,0.7780046509581313,0.944383427890573,0.03139863267861631,0.92126914699118,0.885400876353422,0.8070467719220202,0.8082384637825222,0.8187498553347687,0.0,0.8538362113124116,0.9176344520056336,0.9200475251844387,0.9176344520056336,0.9602211523225768,0.8453085223330421,0.0,0.0,0.930160641445072,0.903814238682265,0.8591172857456586,0.0,0.9602211523225768,0.9492063492063489,0.922501574170787,0.8972062142375332,0.7897778653703145,0.9492063492063489,0.9237454173815309,0.938412400887346,0.8322525541058978,0.9634411459729271,0.0,0.8811713725919912,0.9164419655193168,0.7766590274917047,0.9952327064015152,0.9237454173815312,0.8704033497109469,0.9526370111116405,0.7960789049353036,0.0,0.7973204052495684,0.9314886672615053,0.8591172857456586,0.8300371089395653,0.9508971383859763,0.831146423199498,0.9428469360414606,0.0,0.8961186971729789,0.7399891659895361,0.0,0.9237454173815309,0.7948313236856197,0.8420784215528956,0.8152867967569688,0.8022278398026612,0.0,0.7698078233874488,0.8559522762859684,0.9562880686171873,0.6574604645689301,0.7250134267509767,0.907182019415572,0.908315805590151,0.8961186971729789,0.9526370111116405,0.8982973238138026,0.8864622842804517,0.935580996038617,0.8527760996057683,0.8738120195914167,0.8706662210952574,0.21151139151266862,0.9544316996038,0.9314886672615055,0.0,0.9582144552981327,0.9015943008452869,0.8129560940834346,0.9398636845831869,0.9275522446953854,0.06018876900102055,0.7478523304650295,0.9508971383859763,0.06018876900102055,0.9398636845831869,0.9492063492063489,0.9413411539914582,0.879064442044788,0.903814238682265,0.9582144552981327,0.8463809254714867,0.9602211523225768,0.9413411539914582,0.935580996038617,0.801009545737682,0.938412400887346,0.9602211523225768,0.7997856146881548,0.9164419655193166,0.5305546844946969,0.24376003609304187,0.938412400887346,0.9027019168030597,0.9526370111116405,0.9188361382271666,0.8993922310882436,0.8769613888066743,0.9341976401680094,0.8993922310882436,0.9398636845831869,0.9250013316406693,0.6827113291147924,0.7725735218970409,0.9049315186013058,0.9443834278905732,0.8141237078825918,0.8907283270583697,0.9225015741707872,0.9341976401680094,0.21151139151266984,0.8175997772209664,0.9398636845831869,0.8517144868263774,0.9341976401680094,0.9152582079543841,0.7539334992316542,0.9526370111116405,0.8453085223330421,0.7143607147557585,0.9176344520056336,0.8993922310882432,0.9582144552981327,0.7301312695908229,0.8918007079504506,0.9562880686171875,0.9164419655193166,0.944383427890573,0.944383427890573,0.9544316996038003,0.9582144552981327,0.9250013316406696,0.8255663034700989,0.9129151319089186,0.9475597985845114,0.9475597985845114,0.7125274559321444,0.9071820194155717,0.08671734220308636,0.8717146038820361,0.0,0.9562880686171873,0.0,0.0,0.8187498553347687,0.2115113915126693,0.9188361382271664,0.0,0.7334713952978882,0.8377384241745145,0.4006068367505189,0.8527760996057685,0.8811713725919912,0.8058499662916012,0.903814238682265,0.47795836130872293,0.8399134433261015,0.9428469360414604,0.8864622842804515,0.4408515443948542,0.9176344520056336,0.7711949776746385,0.6473831763250284,0.9250013316406696,0.9428469360414602,0.9459533477380775,0.7846176027958278,0.9562880686171873,0.8961186971729789,0.9526370111116405,0.9004911494084331,0.938412400887346,0.9328339505740528,0.935580996038617,0.848519788337875,0.9237454173815312,0.9060540201833016,0.9355809960386168,0.7223272158432528,0.9526370111116405,0.17526171623055564,0.9508971383859763,0.9140827360776205,0.8570084033315839,0.8399134433261015,0.4654487838138114,0.8570084033315841,0.5711669571562623,0.77934241058442,0.8896584524348263,0.9475597985845114,0.7766590274917051,0.9262700211315917,0.9623211158059548,0.8058499662916013,0.8463809254714865,0.7876282222528316,0.8034406041869142,0.938412400887346,0.9071820194155717,0.8822265994777512,0.0,0.9544316996038,0.9164419655193174,0.9492063492063487,0.8612222667022558,0.938412400887346,0.9459533477380777,0.9262700211315917,0.831146423199498,0.9355809960386168,0.8046479448175343,0.9602211523225772,0.7935775465776653,0.9398636845831869,0.8664724446651941,0.06018876900102055,0.9428469360414602,0.7143607147557588,0.9152582079543841,0.9341976401680094,0.7806724477786732,0.880117361849238,0.7318083230664854,0.8633240709217587,0.9188361382271666,0.6991852245234744,0.8612222667022558,0.9250013316406696,0.960221152322577,0.9369854052620166,0.9508971383859763,0.8388272306091986,0.9027019168030597,0.525843532183836,0.03139863267861631,0.7960789049353036,0.8409971458279799,0.9623211158059548,0.8790644420447877,0.9526370111116405,0.9176344520056336,0.9164419655193168,0.932833950574053,0.9015943008452869,0.9250013316406696,0.9369854052620166,0.500567215157067,0.9398636845831867,0.9475597985845112,0.9544316996038,0.9623211158059548,0.0,0.9188361382271668,0.8654234385275936,0.8070467719220202,0.9200475251844384,0.0,0.8832831707913575,0.8244397822834253,0.9060540201833016,0.34458474155865637,0.9038142386822647,0.8918007079504506,0.8811713725919912,0.7859181167692968,0.9275522446953854,0.9060540201833014,0.6598989712921809,0.8907283270583697,0.9562880686171873,0.9027019168030597,0.9288488221297497,0.9526370111116405,0.9152582079543841,0.9623211158059548,0.9275522446953854,0.9459533477380777,0.9623211158059548,0.9413411539914587,0.9288488221297497,0.9492063492063487,0.6783615558233285,0.8843412180810755,0.9582144552981327,0.9492063492063489,0.9384124008873462,0.7806724477786728,0.8022278398026612,0.03139863267861631,0.9544316996038003,0.08671734220308558,0.03139863267861631,0.03139863267861631,0.3741839079094693,0.0,0.944383427890573,0.4527606561376478,0.0,0.9341976401680094,0.535161772248302,0.9582144552981327,0.9526370111116405,0.9562880686171873,0.9508971383859763,0.03139863267861631,0.7960789049353036,0.8580633769736241,0.935580996038617,0.8409971458279799,0.0,0.9071820194155722,0.9526370111116405,0.9341976401680094,0.7935775465776653,0.9083158055901508,0.9582144552981327,0.9508971383859763,0.9369854052620166,0.9152582079543841,0.6284764518573093,0.9492063492063487,0.4006068367505189,0.92126914699118,0.9250013316406696,0.6848496741376318,0.9398636845831869,0.9582144552981327,0.930160641445072,0.9526370111116405,0.9071820194155722,0.8420784215528954,0.0,0.9492063492063487,0.8822265994777507,0.960221152322577,0.8377384241745145,0.944383427890573,0.9398636845831869,0.8244397822834253,0.06018876900102055,0.7569089328329721,0.7846176027958276,0.0,0.0,0.40880739824839063,0.6991852245234742,0.9027019168030597,0.8058499662916013,0.8453085223330421,0.8152867967569688,0.8399134433261015,0.7997856146881548,0.9328339505740528,0.8129560940834346,0.0,0.9004911494084331,0.9544316996038,0.9623211158059548,0.831146423199498,0.9582144552981327,0.831146423199498,0.0,0.0,0.7739436107925914,0.9492063492063487,0.7819949015164562,0.938412400887346,0.8570084033315841,0.8993922310882436,0.6856702229525599,0.8993922310882436,0.8344556057285131,0.8506512873935228,0.0,0.9152582079543841,0.8175997772209664,0.9508971383859763,0.9582144552981327,0.5526275082095407,0.7351207557283752,0.43182584581086747,0.9176344520056336,0.9508971383859763,0.8591172857456586,0.0,0.8266892096935958,0.9176344520056336,0.8993922310882436,0.8727631680356078,0.8654234385275936,0.9413411539914582,0.9049315186013054,0.8538362113124116,0.9562880686171875,0.8685695845092949,0.862273520033598,0.9443834278905732,0.9602211523225768,0.9225015741707872,0.2586095064370061,0.8129560940834346,0.9544316996038,0.03139863267861631,0.8759110188590655,0.9288488221297497,0.9152582079543841,0.92126914699118,0.9623211158059548,0.9152582079543841,0.9623211158059548,0.9623211158059548,0.9027019168030597,0.3647019568709454,0.8961186971729789,0.9492063492063487,0.9602211523225768,0.938412400887346,0.938412400887346,0.8322525541058978,0.9428469360414611,0.9475597985845114,0.9288488221297497,0.5210240199989242,0.9508971383859761,0.7684119013812074,0.3833143586062788,0.7125274559321442,0.7447432793600621,0.0,0.8918007079504506,0.9492063492063489,0.758381053055492,0.960221152322577,0.9328339505740528,0.9341976401680097,0.855952276285969,0.0,0.7399891659895361,0.8058499662916012,0.9341976401680094,0.8058499662916012,0.8266892096935958,0.8129560940834346,0.9544316996038,0.7143607147557588,0.6716454483484393,0.8058499662916012,0.7431708752992889,0.9355809960386166,0.6761489807685291,0.9623211158059548,0.9355809960386168,0.9492063492063489,0.8982973238138026,0.930160641445072,0.8388272306091984,0.4779583613087228,0.8106069085572598,0.9492063492063489,0.03139863267861631,0.8420784215528954,0.861222266702256,0.5110414539348817,0.7766590274917051,0.7524297972473162,0.0,0.9856724533720749,0.8633240709217587,0.9225015741707872,0.0,0.8399134433261015,0.9428469360414604,0.9582144552981327,0.2115113915126694,0.03139863267861631,0.9114861522954751,0.9314886672615051,0.897206214237533,0.9288488221297497,0.9083158055901508,0.9355809960386172,0.8129560940834346,0.0,0.9275522446953854,0.0,0.9582144552981327,0.8333555867103808,0.8843412180810759,0.9623211158059548,0.9262700211315917,0.8022278398026612,0.904931518601306,0.9225015741707869,0.0,0.8322525541058978,0.8210376473859937,0.8506512873935228,0.9250013316406696,0.40060683675051967,0.9544316996038003,0.3227392978460525,0.9237454173815312,0.392115299153029,0.8928757609748668,0.7948313236856197,0.392115299153029,0.9225015741707872,0.9544316996038003,0.885400876353422,0.392115299153029,0.9623211158059548,0.931488667261505,0.9508971383859763,0.885400876353422,0.9475597985845114,0.9237454173815312,0.9341976401680094,0.8918007079504506,0.9152582079543841,0.9355809960386168,0.9140827360776211,0.930160641445072,0.9475597985845114,0.9384124008873462,0.7301312695908225,0.9225015741707872,0.9015943008452869,0.8333555867103808,0.42440193597169273,0.9083158055901508,0.930160641445072,0.9508971383859763,0.9526370111116405,0.9015943008452867,0.8939536575643379,0.9275522446953854,0.9275522446953854,0.9004911494084333,0.9544316996038,0.9562880686171873,0.5974763156586966,0.9262700211315922,0.8664724446651935,0.9176344520056336,0.9250013316406696,0.6549904556417999,0.9369854052620166,0.9237454173815312,0.9492063492063487,0.8366469404145511,0.8780124908814328,0.9129151319089186,0.9004911494084333,0.6623067578386677,0.9562880686171875,0.9188361382271666,0.5906675167558797,0.9314886672615046,0.944383427890573,0.926270021131592,0.8993922310882434,0.6040574193889983,0.7598430279509716,0.9398636845831869,0.6739104850582693,0.9475597985845114,0.8832831707913573,0.7143607147557586,0.9526370111116407,0.9508971383859763,0.8864622842804517,0.9275522446953852,0.9526370111116405,0.8982973238138026,0.8633240709217587,0.708808264663793,0.9459533477380775,0.9459533477380775,0.8322525541058978,0.9341976401680094,0.9027019168030599,0.9526370111116405,0.8591172857456586,0.9341976401680094,0.9562880686171873,0.8928757609748668,0.9328339505740528,0.9508971383859763,0.960221152322577,0.8854008763534222,0.9582144552981327,0.7197593917099125,0.9562880686171873
p145_P,0.6207542274172271,0.7105833664174674,0.466155968079665,0.8152330145858591,0.8256510411711881,0.8140963117651729,0.9678831468719675,0.9801852291188327,0.6161943309836502,0.8412722731891724,0.8008692350802825,0.81827873389136,0.7907502491856577,0.6176308427859214,0.9312267817429802,0.978871716299869,0.8562069576343114,0.6619722235834546,0.9294346520056579,0.8392345523720052,0.6427690402350632,0.7439259857129711,0.8661265071675742,0.8917073480098128,0.7828178419997128,0.726622344756015,0.7255936288114715,0.7225085095751527,0.8392345523720054,0.9122136166038988,0.8021452229292101,0.8494522957885744,0.7690169915147904,0.8476846526108213,0.8539816770928068,0.7938344767596355,0.7869450188228926,0.7180127381401402,0.8496516619740198,0.6554198825938786,0.5036117521566971,0.7319903675768107,0.8496516619740198,0.6705826637284846,0.8823296233988795,0.4044215556175321,0.7965069792215318,0.6029343589829006,0.6554198825938786,0.5682572856600578,0.8494522957885744,0.2841949225684959,0.7484582530296051,0.7659362744796998,0.7719447281133378,0.6912784232203331,0.8817675651479688,0.7973204052495684,0.7793708098305436,0.7333394497434595,0.6251316292456666,0.7820925056519314,0.9449814274919206,0.8300986076681393,0.7843298856175566,0.6378828142496449,0.8064521668392981,0.5725101996275046,0.6665149161423344,0.8616345643826472,0.6115501755084658,0.6554198825938784,0.8256510411711879,0.321020238125715,0.7973204052495684,0.5759219475692297,0.7439259857129707,0.7764753478898945,0.507704650441247,0.8140963117651729,0.7844346826831337,0.7656811136493468,0.965212674477613,0.8803313063193576,0.7973204052495684,0.5936169692080376,0.9112007224209061,0.650194794479624,0.8765330443485617,0.8182787338913602,0.7973204052495684,0.49730392763644804,0.4708015503306118,0.6345920437515338,0.8291693835954215,0.7016045745809931,0.4863583199926662,0.46027111455193503,0.33117637850204495,0.4385161442664265,0.6912784232203321,0.7663159483485265,0.749389420004536,0.7982799085134307,0.8263733533222815,0.7938344767596347,0.5420457560184124,0.2645842563875336,0.7485557284168789,0.3930696091288497,0.402139569599696,0.935009676221704,0.46375985642827344,0.5708296654333544,0.7663159483485272,0.37859351421948295,0.8102939110084831,0.8332650413138045,0.8140963117651728,0.48753733367650076,0.7067295685207511,0.5699371930715275,0.6890925560830312,0.9950367801354184,0.7056440401306352,0.5484037436783313,0.7577315976258656,0.7320430650584009,0.9064364190516155,0.7909742770057893,0.4922926559337788,0.7965069792215316,0.775170754350923,0.8496516619740198,0.7517162945760396,0.5623556329854735,0.6049428644728048,0.806452166839298,0.806452166839298,0.8111356819221285,0.47812965309387145,0.8037353107676902,0.6378828142496447,0.48012365908481736,0.5971445588142814,0.6432791015640564,0.7292671538801829,0.44742972977912987,0.7213231837371268,0.30388660858724637,0.8037353107676917,0.6935714696867494,0.7713473690067807,0.855563823711406,0.9315778167927987,0.742814802139506,0.7520159875694813,0.6856272554910328,0.7249400512033142,0.7052945202601086,0.908960685208875,0.8266980100945358,0.7430953386400088,0.33340461058463955,0.5411076041607394,0.606375476643138,0.7456526623371595,0.5852334660345575,0.8007183209360424,0.6171644618312209,0.7954727974058654,0.7412655108174009,0.8642469122818484,0.8802360774425853,0.9092421585677744,0.7029441049107656,0.8616345643826469,0.7091339056390904,0.7983627946890883,0.7876411562488457,0.8447579020009306,0.8154791650978277,0.797105724291241,0.7907502491856577,0.667663562103858,0.5184244975665335,0.487537333676501,0.6736144970967612,0.7659362744796997,0.9239916697706894,0.8111356819221287,0.784503388276194,0.3350566527687284,0.3682570390398696,0.8304511505689165,0.7973204052495684,0.8332805056157588,0.8941129326850169,0.6193793949159159,0.4693833033834217,0.7395710632223655,0.8458072185970624,0.7973204052495684,0.42135178679434837,0.4657143860030166,0.8767715147934856,0.7973204052495684,0.6401047955231661,0.7171939364981026,0.6528152208121742,0.6577780247562034,0.5479101278822758,0.7412655108174009,0.7973204052495684,0.5992915233567174,0.7973204052495684,0.6318354524229326,0.4231083006325017,0.3800540229895679,0.7973204052495684,0.7507922383487755,0.7973204052495684,0.6290579569999297,0.922996537071858,0.5877333651492016,0.40213956959969666,0.7663159483485262,0.2571672594343193,0.7843401014318689,0.7741449272453471,0.7781461951214992,0.7246898865640405,0.6102546380713556,0.7901560960732832,0.8064521668392984,0.8107658512692741,0.6878076522627179,0.7370170765436217,0.7503271400048099,0.9016447877673202,0.6618586811173368,0.7780757216617362,0.4345798658829464,0.864726842902648,0.7973204052495684,0.628454012803332,0.7973204052495684,0.823814511191338,0.7478985948211647,0.8181708833001993,0.8569067138581175,0.20855082105028744,0.8332805056157586,0.6571682491460089,0.6890925560830303,0.4714601676747968,0.7520814606995077,0.4598511194832309,0.811009619429409,0.4942574635072342,0.8334687696452391,0.4564024723636113,0.7907502491856577,0.8905935758551726,0.4335138463298468,0.8496516619740198,0.6528155629881498,0.7545017027080236,0.8429903529773055,0.8780403569258639,0.5400698824274226,0.8494522957885746,0.4874274902872189,0.5456727219022304,0.5395758905608965,0.7938344767596347,0.35521746253074293,0.8944920946937438,0.7430953386400088,0.8624375211690032,0.7938344767596347,0.9640983884044849,0.45637052024346847,0.8168375394702834,0.5306242355378525,0.6769114943259025,0.7663159483485266,0.8092171093004354,0.26696630086345685,0.7333394497434595,0.7663159483485273,0.7663159483485265,0.11616030111182196,0.7938344767596358,0.599756063119488,0.5277928971570587,0.4345798658829465,0.8461442376653692,0.9294346520056579,0.7493894200045359,0.7413863562033953,0.7333394497434598,0.7751707543509229,0.27212167705045376,0.6590097200381373,0.7965069792215311,0.6554198825938784,0.6665821750933436,0.3365252645327157,0.6738369140291067,0.5534508102350981,0.8469019674689522,0.6703373115406952,0.6500852184485899,0.5425488220862811,0.8392345523720055,0.666687048171414,0.9102330355806327,0.7710950828461308,0.6987488513711804,0.5883955589342275,0.8412006503024139,0.7973204052495684,0.8181708833001979,0.9039983688207388,0.6619722235834544,0.7938344767596347,0.8580859220024457,0.7963224802288057,0.7973204052495684,0.7125238775622009,0.8332650413138039,0.8140963117651729,0.7184797233964983,0.5412023602722171,0.6753380136119953,0.8494522957885748,0.4240217486184339,0.1685488201431008,0.9702684138330768,0.7719447281133391,0.2541955421986515,0.8412006503024136,0.8095626261565168,0.24426829364285874,0.7659362744796994,0.6964658661506768,0.8140963117651728,0.27141265335017284,0.599545963801759,0.29649369864073716,0.7255936288114716,0.8182787338913602,0.943336326451675,0.6000165991134344,0.24236710641785475,0.3210036804204599,0.10573067363582445,0.7973204052495684,0.5498700589311749,0.7090349884619689,0.6633748129770456,0.8763256350174947,0.8767715147934856,0.4739060656881042,0.7973204052495684,0.7973204052495684,0.7213231837371263,0.6835179539006682,0.4941640920064263,0.7973204052495684,0.8392345523720056,0.749389420004536,0.8152330145858591,0.4928261728121076,0.3926213757806565,0.7777200559261545,0.6437827578513373,0.7200295947546944,0.17235158230576852,0.2631653195907595,0.7973204052495684,0.4137119350651538,0.5877333651492012,0.24249811672894772,0.27754079344434834,0.7838872138110131,0.7211937109593798,0.7663159483485271,0.18630292835846785,0.7973204052495684,0.0,0.9458390311401279,0.8434093765646058,0.5532541902458936,0.8040670844187323,0.2555337359527011,0.7180127381401399,0.7973204052495684,0.6813891300981503,0.47831510808566624,0.7973204052495684,0.8158143405899123,0.7550243419615554,0.41477394398069467,0.11343239959033169,0.21083874351626708,0.7973204052495684,0.8853128601599503,0.6528541708151425,0.8168375394702834,0.7315375034923342,0.5224359853180343,0.6468893335055461,0.634156728692346,0.5034441383448427,0.7663159483485272,0.7562536453690192,0.5620784170923394,0.7741449272453473,0.452352748094202,0.7622782825944929,0.36188061228365276,0.765947173143517,0.7751707543509228,0.6838081318570448,0.7973204052495684,0.8277345205711413,0.6636026718543306,0.723498330258848,0.833222457063908,0.9553896756545784,0.8111356819221285,0.91106921849244,0.9622255460050531,0.7843401014318692,0.8740508966514448,0.8343813277693912,0.8601491833039909,0.47623866049389263,0.6095840054706514,0.8332650413138041,0.41313354967754856,0.8767715147934854,0.8905744552184698,0.8201357172064611,0.6346238220472258,0.7917187676295236,0.8392345523720056,0.6485374017544119,0.7784348440569617,0.973180759898238,0.7319903675768109,0.8156151585878011,0.5533376550387932,0.9776531644595585,0.8282781225275879,0.960693349872716,0.9419478442134943,0.8786099886960358,0.77811716571813,0.8332224570639082,0.721018024155061,0.6992323755337889,0.5178732378831772,0.61578256134229,0.8823296233988794,0.7287088438254072,0.5692157118999617,0.730281990274285,0.8051891611732336,0.8349333580851881,0.11248201040077577,0.8576163442542954,0.5595056163035803,0.7600176111545576,0.6741182543134774,0.6769123648084419,0.7663159483485267,0.9530603497394292,0.5599761748990753,0.7632421686937118,0.6638467662891254,0.9633346958171635,0.8123916747524584,0.692849123887191,0.881852847175738,0.9232913720400565,0.7517162945760394,0.7255936288114722,0.8807337082769502,0.8671650851253099,0.6299643856517491,0.13936231841843805,0.5703323356339189,0.7412655108174009,0.7412655108174009,0.34501769174749874,0.8712264364031741,0.7780757216617362,0.39532083255031636,0.7973204052495684,0.7843298856175563,0.7973204052495684,0.7973204052495684,0.27676579070000984,0.74295177816296,0.5995459638017588,0.7973204052495684,0.2395578141529766,0.3525350133724552,0.8647546175134764,0.8177315757256205,0.42844033135336257,0.38615115943934664,0.8115548742217028,0.6284540128033314,0.3612138933767399,0.8994553615499681,0.9703940338315945,0.8580859220024459,0.7090349884619687,0.44234301379283236,0.46538490471065375,0.6299643856517492,0.8484511081753159,0.8647268429026478,0.6550737241740427,0.8168375394702835,0.5354114611509999,0.7663159483485272,0.7063741318304471,0.7781461951214987,0.8684096849814067,0.7511495322647903,0.4218045689926688,0.6637976801312908,0.6251316292456661,0.7429517781629602,0.7773892627873467,0.811009619429409,0.7781461951214994,0.8161584400199191,0.8681840597585206,0.4697243507042941,0.3774673991332852,0.8494522957885748,0.6706017107726912,0.7780757216617369,0.8488465361570143,0.4555863026021819,0.796322480228806,0.1938852286745214,0.6362239673944714,0.8140963117651727,0.11581264979539885,0.5436973318100482,0.6117558835756198,0.21419561198799653,0.7200295947546946,0.6814027339513355,0.7817086349079039,0.7973204052495684,0.7751707543509228,0.8343611785387703,0.8539816770928066,0.45138109821608785,0.7781461951214987,0.8379312624123885,0.739032938357953,0.3441734242259583,0.8661265071675741,0.23277269895143982,0.8392345523720047,0.24992511250474536,0.9795857802062318,0.4810471147819806,0.7843401014318689,0.8965276249514234,0.5903278526085072,0.7478985948211647,0.7205095636306711,0.5865076843207049,0.5509487386695999,0.26294662181482176,0.4683329361699995,0.8092171093004353,0.3895453147275054,0.32889472270725995,0.7007362244615238,0.8037353107676917,0.782817841999713,0.8332805056157597,0.46163499761763394,0.762039046625026,0.5882190341545908,0.7907502491856577,0.23814604397865402,0.21549648662062237,0.8888189842675743,0.6049428644728045,0.901582712048423,0.7067004355318205,0.7368702571006933,0.7352097025008115,0.8061710633065429,0.6502461853452863,0.8188496928543898,0.9831561378077425,0.7276875735091177,0.8458072185970624,0.7751707543509229,0.8888189842675746,0.7973204052495684,0.9239287055194312,0.4188395772533774,0.43916066198267134,0.6055228208147414,0.7973204052495684,0.6979499132123406,0.2716760482356647,0.6251316292456659,0.9337943176658215,0.5254294768243791,0.5595998467500142,0.6142139099130914,0.9975735961710597,0.7051181950048386,0.9300094078872907,0.430452908589801,0.5846943918132388,0.7843298856175563,0.5199413965833696,0.8606021049337869,0.8568890409675403,0.6741182543134778,0.8514576480163736,0.877762670578929,0.7333394497434598,0.8140963117651729,0.7105833664174674,0.7124438834345138,0.7777200559261546,0.7768000477843873,0.42935162239030267,0.8332650413138041,0.7973204052495699,0.8020425860797755,0.1974767189915958,0.32114802387780284,0.8182787338913602,0.806452166839298,0.8564437189554401,0.8182787338913602,0.8182787338913602,0.7333185732479071,0.7973204052495684,0.8041983874263043,0.8712264364031743,0.7973204052495684,0.6753380136119952,0.8168745905124031,0.8332650413138041,0.7663159483485272,0.8580859220024455,0.8040670844187323,0.7907502491856577,0.33585463484146827,0.4605870409289512,0.7429517781629602,0.37843782737766096,0.7973204052495684,0.5420457560184125,0.9172711027135496,0.7656811136493468,0.43251422324384947,0.582456910449759,0.793834476759635,0.7577315976258658,0.7485557284168789,0.8770141907096182,0.9468370923539066,0.8343813277693917,0.8094193621327115,0.7872016671842825,0.9544731807483441,0.652250971724333,0.8008692350802827,0.8955346081941521,0.6984031193986369,0.7965069792215317,0.8008962593618308,0.43450022607185534,0.7973204052495684,0.834381327769391,0.47813113311623145,0.8412722731891722,0.34037859111694935,0.7255936288114715,0.9472325582226064,0.4749433339313578,0.8111356819221285,0.36124061460199297,0.33521294862654205,0.7973204052495684,0.7973204052495684,0.8397250534134975,0.6860693647085228,0.586733913494216,0.45987984388769676,0.42181210345424347,0.34891931258507025,0.21014961140502297,0.28675941692030005,0.6686097112605148,0.4267502534655885,0.7973204052495684,0.7344946464470239,0.7751707543509228,0.8496516619740198,0.21754529812130485,0.7938344767596347,0.35155687689610904,0.7973204052495684,0.7973204052495684,0.19519969718003227,0.7493894200045359,0.3124957576932741,0.7200295947546947,0.3213591732477177,0.5199360949322693,0.7943388436956829,0.8137742648925671,0.37764288028494164,0.2763251572673977,0.7973204052495684,0.5818928286788687,0.27217668630615943,0.7577315976258657,0.8671650851253094,0.8342888282518424,0.9279903108898389,0.9801286106126523,0.5936169692080376,0.8040670844187323,0.41305063917838936,0.7973204052495684,0.321020238125715,0.8197839018556032,0.6148737379624087,0.4715812837054021,0.570687808270274,0.7659362744797,0.620652562232548,0.34539348663039415,0.8255782681497181,0.908416908152696,0.4777494418881072,0.7780757216617362,0.8037353107676917,0.8686035105342411,0.7484582530296064,0.34019873106755405,0.8494522957885742,0.7907502491856577,0.6630517705120371,0.7795850714251209,0.8032338502019303,0.9005290142809326,0.8496516619740198,0.8401240204557741,0.9243743344764215,0.8870129982252204,0.6368283011773513,0.738821268012477,0.6014708230827575,0.7973204052495693,0.8392345523720055,0.7439259857129711,0.7542498041632224,0.4007080365348248,0.7945191182021174,0.7907502491856577,0.8854123724960306,0.59262099426316,0.9793476116008935,0.5260154260222677,0.8221184547857514,0.5702765576311504,0.5244004666931679,0.7973204052495684,0.46615596807966475,0.9389735848576617,0.3195283655582961,0.8412722731891724,0.8429903529773055,0.7826033861638944,0.6374407503607162,0.7973204052495684,0.22049557849472845,0.09123642164594858,0.782603386163895,0.2252919501167403,0.30844583532929626,0.2536472086695202,0.8064521668392981,0.3279217434564381,0.7864698390912672,0.9636925209514171,0.4164235453179592,0.68216334732312,0.47239602118391133,0.8140963117651728,0.7281541372842337,0.7493894200045361,0.984429220415297,0.8918276850200493,0.36972186050003186,0.7787371758527382,0.1519133973590121,0.9673042207792804,0.8182787338913602,0.40864121865730585,0.31528512542850307,0.7431990593910216,0.15742556263370133,0.18302111573330038,0.7973204052495684,0.2047626926681303,0.32565520842619544,0.6176308427859214,0.7973204052495684,0.38695509148878005,0.8965276249514235,0.7938344767596347,0.9039195430268583,0.7907502491856577,0.4770743021962126,0.8139659778503783,0.9112652445002487,0.7971057242912414,0.8958114547929177,0.7511495322647913,0.08950936256811115,0.7973204052495684,0.9194745840205523,0.7973204052495684,0.8332650413138045,0.5082737843228913,0.5384920224795882,0.8496516619740198,0.7263604126319398,0.538989412386331,0.6545887789625549,0.637391059965915,0.7973204052495684,0.5336285103962486,0.5104850135829411,0.6722094228213162,0.8327823825871208,0.8770141907096184,0.837733579327673,0.9544731807483441,0.6957248069101902,0.7411506210690888,0.5725470208517471,0.1830211157333006,0.7411506210690888,0.6176308427859214,0.7751707543509229,0.44961956890389976,0.7411506210690888,0.8496516619740198,0.8803313063193571,0.8624939268127862,0.5849768960924808,0.7412655108174009,0.7357546514700977,0.7205095636306711,0.7551450430007571,0.6003379138057918,0.9499103329879717,0.6571682491460087,0.7643064205418848,0.81827873389136,0.8020425860797755,0.5577324027129855,0.6176308427859215,0.5476156764207716,0.5257078883383075,0.7552679430359499,0.5476397388560746,0.7628779746057744,0.8332805056157586,0.796506979221532,0.8061710633065429,0.8395549055660386,0.9403305407413638,0.7885420218880851,0.7673847183130551,0.7751707543509228,0.7843298856175563,0.7815716393694332,0.7263604126319385,0.7568703430389399,0.8221184547857519,0.8125005828935835,0.6646918538920716,0.8062491634788835,0.7757844960300051,0.7493894200045359,0.7701707637920907,0.528762526036476,0.6606995976145855,0.6358244308489316,0.9685115740210091,0.9468681548811922,0.7901560960732831,0.7924868157273359,0.7484582530296051,0.8300842918697435,0.697909349972561,0.9903336218005676,0.7566509021046721,0.9719297712114074,0.7032936863187329,0.7032389237213907,0.8238509649345082,0.9806695137194978,0.9277071358040261,0.7965069792215309,0.7869450188228926,0.5620784170923399,0.7109150168124363,0.8266980100945363,0.9520145786383364,0.536856337045216,0.8939942570059727,0.7869306107239787,0.7869306107239789,0.47019616199929004,0.9011957637053737,0.5366395258110812,0.7965069792215318,0.5324744740571299,0.6753380136119957,0.8168375394702834,0.6038910474574342,0.8462096879013076,0.8453718612169457,0.8412722731891724,0.8435143891112884,0.8332650413138045,0.8864402002965037,0.7843298856175563
p146_F,0.8841666480907984,0.9009653912609419,0.8540589702876247,0.9633074212540202,0.9821075314053485,0.9840677331869968,0.9252787197908108,0.9477189827516086,0.8702630231263386,0.9463456194504827,0.8196028562135225,0.9292677720165115,0.9292677720165115,0.7867777182755424,0.9110950154916333,0.8454267695073419,0.7949735088840668,0.9075907590759071,0.9436389526644005,0.9463456194504827,0.9569834028500148,0.9596257255045417,0.9541968529441156,0.9337692322192535,0.833804130218869,0.9075907590759071,0.8883211960358879,0.8872955140291618,0.9902272378284808,0.825372874558223,0.8988405313927084,0.9385367079941818,0.9229109835440807,0.8905248145511357,0.9314886672615055,0.9352213936467462,0.9337692322192535,0.9403936712046197,0.9491780856091547,0.8638037040268802,0.8934655458176233,0.9094052998937732,0.8505593707793001,0.8914163683700548,0.7949735088840668,0.93456937654119,0.9900588676412958,0.8951634300459383,0.9057994954598185,0.8540589702876249,0.9496811510501818,0.9442363105704784,0.9075907590759071,0.9208799593226005,0.8948285561208531,0.9796635193777843,0.9418468054117539,0.9314886672615053,0.9137703416118924,0.9271009640247969,0.8732840781850195,0.9079967182643283,0.9075907590759074,0.9226325469213177,0.9410406098239261,0.9199620792235579,0.9944277784720001,0.9731833803651397,0.9847118571682902,0.9352213936467461,0.7574826963659798,0.9057994954598185,0.8660358761631225,0.8111693132820337,0.9314886672615053,0.8468584144181488,0.9976781567382803,0.9624721270225209,0.8287559736133523,0.7838051895754519,0.6888478461551486,0.9676920836055142,0.9524957073457169,0.9075907590759074,0.9314886672615053,0.7406741701589026,0.8268936857095678,0.9119918947944132,0.8851446183863338,0.9784534179462063,0.9314886672615053,0.8120252635732317,0.9532464749575043,0.9473947929414994,0.9892338402162022,0.9245460758162978,0.8189449903077215,0.8482926115779144,0.890642223490332,0.7999886419618116,0.9068863387241245,0.9020554008593249,0.916654740306965,0.8062258721928782,0.9481064030957835,0.9436389526644002,0.8168658457553144,0.9886532440391012,0.9150048519840792,0.7692505156398977,0.9104133580244951,0.9715992805222544,0.974571675640439,0.9092575998972448,0.9900588676412958,0.9011306096232433,0.9654186216767149,0.9436389526644005,0.9173135519831481,0.9048586489595665,0.6976633652999097,0.9797853285752776,0.8756692998517112,0.9199701606580843,0.9856199905704854,0.9533343203048237,0.9337692322192535,0.8857638004465436,0.9231752901944044,0.885698841863535,0.8283808154149452,0.9361160018916064,0.837899010094545,0.9491780856091547,0.9249834296604702,0.7199950011170573,0.8629383298176903,0.9496811510501819,0.9385367079941818,0.9271009640247969,0.8023131191052217,0.9463456194504827,0.8079901782218568,0.9962616217926438,0.879980410241835,0.8794184279003856,0.9395134363314754,0.7869927119133115,0.9057994954598185,0.826463007459607,0.863372952386408,0.8732840781850191,0.8593392404058267,0.8397219435105805,0.8378990100945453,0.9441989622120355,0.7444376627322282,0.9167311028995664,0.9031302176196567,0.8589844005431999,0.9525957608544997,0.8481125351096351,0.8062744182987238,0.9820705523038566,0.9476153226931836,0.8872955140291618,0.983029863603313,0.9898664497675986,0.9892338402162022,0.8611574509681617,0.9280014806583247,0.9292677720165115,0.9040300914457235,0.8895879653495606,0.9455399698608216,0.9570632059254539,0.9957912204911729,0.9512975174002887,0.9700209662815031,0.873878598228166,0.9449309937922314,0.9317177720624539,0.9447030526901549,0.9784534179462063,0.9790563865322041,0.816646442064402,0.8807823590556036,0.9264790424305227,0.9208799593226005,0.8167652521761419,0.9292705781907253,0.9003351095025167,0.9496147604495458,0.9788257250481218,0.7598677866479953,0.9314886672615053,0.9859653849226513,0.9271009640247969,0.9245460758162976,0.9253976804330456,0.937537911822411,0.9292677720165115,0.9314886672615053,0.9724137520241316,0.7382149422874935,0.9463456194504827,0.9314886672615053,0.9749566330559971,0.9845673523422018,0.927918965848201,0.9991299121343082,0.9627217156090833,0.9784534179462063,0.9314886672615053,0.8832645802956887,0.9314886672615051,0.7681977746879558,0.781428983479489,0.8569949996112676,0.9314886672615053,0.8371307688681588,0.9314886672615053,0.9027739484084254,0.8748055425712831,0.8462388798540708,0.8326266896887444,0.8481125351096355,0.9519755601439313,0.9271009640247969,0.9131105611405985,0.9596257255045417,0.7904384645785774,0.8288047491013351,0.802965244234422,0.9496811510501818,0.9226325469213177,0.9079246045305447,0.8985975567963895,0.8510989437746543,0.9495203073386866,0.8856988418635348,0.92498342966047,0.8589844005431998,0.9749771166196228,0.9314886672615053,0.8925584779567075,0.9314886672615053,0.6625213254912459,0.8506517968600197,0.9944277784720001,0.7996090066464221,0.982876531690664,0.9337692322192535,0.8841133455738344,0.9150048519840792,0.8084733144817625,0.9624721270225209,0.8371307688681591,0.9361160018916066,0.6932241066983774,0.852219620660223,0.7899002280072172,0.9292677720165115,0.9427953535791664,0.8700501723261287,0.9491780856091547,0.9114905661431125,0.8206483255024004,0.9094052998937732,0.8255524180203793,0.6827473418388887,0.9944277784720001,0.8760199854705846,0.9240031228665375,0.744000868417513,0.9436389526644002,0.7917942226420209,0.9819666175510304,0.9515990837410908,0.8662848764399411,0.9436389526644002,0.8236340386243199,0.8377581685317461,0.9427953535791664,0.9207375472439379,0.9660806975545886,0.9900588676412958,0.9586381348210118,0.7397414321423514,0.9271009640247969,0.9361160018916064,0.9559982666090144,0.9876554944937186,0.8746515668023194,0.7282888520649495,0.9712472909365182,0.8454267695073419,0.9083443251019471,0.8746515668023194,0.9821075314053485,0.8638037040268806,0.9292705781907256,0.938536707994182,0.842736910798034,0.9923887048677954,0.9559982666090145,0.9057994954598185,0.8872955140291618,0.9944471064654332,0.8778722974583606,0.9689125422130989,0.8961562376315493,0.9533343203048237,0.8237924898871016,0.6644232015702953,0.9463456194504827,0.9604792822548722,0.9463456194504829,0.9245814746860739,0.9186550120230907,0.9092575998972448,0.9900588676412958,0.9314886672615053,0.9385367079941815,0.9284324089745186,0.8583215464403577,0.9436389526644002,0.7685492986838054,0.9231752901944043,0.9314886672615053,0.9150048519840792,0.9436389526644005,0.9173135519831486,0.8038156961871351,0.813489247789533,0.951599083741091,0.938536707994182,0.8887800059829345,0.9602250003346223,0.7500737909531853,0.922910983544081,0.8917922902589384,0.9361160018916066,0.9245814746860734,0.9890665617051552,0.9208799593226005,0.9427716030828814,0.8505593707793,0.9445911251806223,0.8710785645042982,0.8742966847483227,0.92498342966047,0.9292677720165115,0.75748269636598,0.9933429596111355,0.871596920857987,0.7413488062196423,0.9777018902388587,0.9314886672615053,0.8266331758234333,0.9427224628479649,0.7977456162672236,0.9225786753593272,0.9902272378284808,0.8844267591856496,0.9314886672615053,0.9314886672615053,0.9057994954598185,0.8702630231263389,0.7552443220523093,0.9314886672615051,0.8633729523864084,0.9314886672615055,0.9986133618497159,0.8901051131125661,0.8470454548507185,0.8660358761631226,0.9686685867518168,0.7415014501952117,0.977743737974097,0.9833192575439696,0.9314886672615053,0.8660374379044284,0.9128552813832624,0.8724689982477942,0.9847118571682902,0.9240483327121626,0.9253874817000189,0.9361160018916064,0.8340588645470353,0.9314886672615053,0.9458390311401279,0.0,0.8099750192678044,0.7707511864043157,0.9337692322192535,0.8657544982697927,0.9859587862883861,0.9314886672615053,0.8884414464455952,0.9119918947944132,0.9314886672615053,0.6021990911041015,0.9631678932211354,0.8331954723043298,0.9612635499215159,0.7551406423489793,0.9314886672615053,0.9284147475133251,0.9731833803651397,0.8266313169822588,0.987213646380621,0.9501577628523823,0.9056384037386231,0.8763348124829182,0.9402087566796575,0.9361160018916066,0.9496954632066934,0.8468584144181488,0.9225442716453335,0.8488456898231331,0.5844148397643871,0.8255524180203793,0.9541968529441154,0.9385367079941815,0.9466053748231964,0.9314886672615053,0.9436389526644005,0.8968738879834461,0.9023552098788399,0.9939428696246877,0.9859275987813498,0.9749771166196228,0.7473007108125924,0.7530538515603591,0.9749771166196228,0.6888478461551486,0.9166547403069655,0.6337334171362555,0.9150548293356047,0.8590881994880614,0.9436389526644005,0.792796001753074,0.9902272378284808,0.9900427159691708,0.8814579798418164,0.9401715466231455,0.9976781567382803,0.9463456194504827,0.9923370610212634,0.9872201163229497,0.9233305189529462,0.8129387210769579,0.9976781567382802,0.9284324089745186,0.9900588676412958,0.9245814746860739,0.9606994486639041,0.8598571772354451,0.9919535000677884,0.9517995480250123,0.8631878595663138,0.8988405313927084,0.7330086294414949,0.8669583994066494,0.8250576825880813,0.9349950396117983,0.8598759799880855,0.9537951962843839,0.9280014806583248,0.9919535000677886,0.9952831447476325,0.9796097473034286,0.9939428696246877,0.8926374888830917,0.9919535000677884,0.9824764774982423,0.7988852253869219,0.9900588676412958,0.9309653756206251,0.8717773221078802,0.9427224628479649,0.7565304409380422,0.9957912204911729,0.9447328027656932,0.937537911822411,0.9410406098239261,0.8462388798540706,0.981668883187709,0.9716572732363806,0.9944277784719999,0.9436389526644005,0.7387808527088775,0.9885477621464545,0.8825384613814424,0.9292677720165115,0.9292677720165115,0.8958349946003115,0.998136987240644,0.9816688831877088,0.8447428642455104,0.9314886672615053,0.9410406098239261,0.9314886672615053,0.9314886672615053,0.7555267484019457,0.9131105611405987,0.9051352246392363,0.9314886672615053,0.7429494188247933,0.7811388502627221,0.817695626700464,0.6294928472821066,0.8923529322982766,0.8227648867592129,0.9192323722404167,0.8687627046182604,0.7840725527723569,0.8948285561208533,0.9910204827217466,0.9410406098239261,0.8889039599111501,0.8960126541367911,0.8057060011361055,0.9713162545723915,0.7125680957857872,0.9771467307855513,0.9644740794557192,0.9410406098239261,0.8830921577214086,0.9900588676412958,0.9285406953319055,0.9596257255045417,0.93193414066093,0.9131105611405985,0.9832804094691758,0.8882873058668224,0.8732840781850195,0.9131105611405985,0.995523963715641,0.9361160018916064,0.959625725504542,0.9096423096705526,0.8549445958203096,0.831130446733668,0.8939815687035445,0.9496811510501818,0.9528702406083659,0.9249834296604702,0.8544017641907136,0.9336408473650777,0.6772470605459311,0.9593265323629796,0.9372898940428271,0.9840677331869968,0.8666756820306953,0.8627802093242296,0.8687627046182604,0.9978811378404746,0.9549820389811022,0.9710301515920157,0.894363190269883,0.9314886672615053,0.9385367079941815,0.9872201163229497,0.9821075314053485,0.9587133478141208,0.9169296077473634,0.9749771166196228,0.9524957073457169,0.9110042549629684,0.6760265208242313,0.7365058536917068,0.9463456194504829,0.7334932898300173,0.9939428696246877,0.8198957816506443,0.9749771166196228,0.9403936712046197,0.9942667398101893,0.9824764774982423,0.8869832509521189,0.99173138413298,0.9260326605203679,0.9870140677455572,0.8156492020535615,0.8029652442344222,0.8627469615711523,0.9926536206074947,0.8988405313927084,0.9463456194504829,0.9987351912497633,0.9337692322192535,0.9649925901227854,0.9223933301348367,0.8555090199358883,0.9292677720165115,0.8822523369412019,0.9609365989930916,0.9491780856091547,0.9150548293356047,0.9900588676412958,0.7743488856070795,0.8795470806186668,0.9094052998937732,0.9551003397811707,0.9199701606580845,0.9987351912497631,0.8917796312811822,0.9188871236697294,0.9784534179462063,0.9385367079941818,0.9173135519831488,0.9314886672615053,0.9245814746860739,0.8362154926652949,0.9595005800017435,0.9610688937127851,0.9314886672615051,0.8691567024783042,0.7889109781720209,0.8732840781850193,0.8954688163631976,0.9003351095025163,0.6450673805036601,0.8660374379044282,0.7669447820758004,0.9768086827916644,0.9738625321620703,0.798555937925866,0.8431710369363271,0.9410406098239263,0.9223933301348367,0.9418468054117539,0.848112535109635,0.7847394565409082,0.9491780856091547,0.9395449643646789,0.833518273001074,0.9840677331869968,0.9208799593226003,0.9068863387241245,0.8154170120192794,0.958892105936088,0.8439974845602785,0.9436389526644005,0.9314886672615055,0.9976781567382803,0.8614022483242366,0.908434112134825,0.9292677720165115,0.938536707994182,0.9716572732363804,0.9292677720165115,0.9784534179462063,0.9245814746860739,0.9314886672615053,0.92498342966047,0.9056384037386233,0.9314886672615053,0.8466288346254215,0.7602029174252846,0.8746515668023191,0.9361160018916066,0.9410406098239261,0.9337692322192535,0.9292677720165115,0.7949634758606597,0.8326297792476778,0.9131105611405985,0.8085823718930643,0.9314886672615053,0.8168658457553145,0.7402268036102575,0.9273376672788165,0.7651685375670474,0.9696475261641204,0.692942086269039,0.9618384623739508,0.956870021616921,0.7847394565409084,0.9568700216169213,0.9166547403069654,0.9186550120230907,0.6528694546159443,0.9924458838377672,0.8514438032339184,0.9188871236697298,0.8746515668023194,0.902203170779097,0.9361160018916066,0.6318686787512728,0.8562968524998391,0.9314886672615053,0.9821075314053485,0.8940435630089747,0.9463456194504827,0.9441087835057772,0.9349950396117982,0.645262842802357,0.7632014178211763,0.9749771166196228,0.7617173619921728,0.7312244125919751,0.9314886672615053,0.9314886672615053,0.8841133455738344,0.9788788900027321,0.7433842170660625,0.7788540914877302,0.7913495263156982,0.9058684192393314,0.8760570894935278,0.8174106608859675,0.8922690007996061,0.8581714429203928,0.9314886672615053,0.7816274664801086,0.9385367079941815,0.9491780856091547,0.8883793766163806,0.9436389526644002,0.8627469615711523,0.9314886672615053,0.9314886672615053,0.9792048088786464,0.9314886672615055,0.8363039979742615,0.9596257255045417,0.8808704697223769,0.8934655458176233,0.8368727250734075,0.9023654464565152,0.8222212017814297,0.9420883937530866,0.9314886672615051,0.885698841863535,0.7539755036479485,0.9337692322192535,0.9957912204911729,0.927918965848201,0.9833192575439696,0.9305220465521269,0.9763971782961419,0.9337692322192535,0.9726346513922529,0.9314886672615053,0.7662354834447607,0.9899281062556811,0.893465545817623,0.740502599022509,0.9842027681733586,0.9208799593226005,0.871770029122154,0.8642091596793574,0.99912262812238,0.8975690956305871,0.8386326542243676,0.9349950396117983,0.9268000951074447,0.8573895994669336,0.9856199905704857,0.7477120255242755,0.9944277784720001,0.9292677720165115,0.8326266896887444,0.9825197666561853,0.817695626700464,0.9635486589672584,0.9491780856091547,0.9165641371791309,0.9491780856091547,0.9173135519831481,0.8030539214223209,0.8921587537070734,0.9741163448829686,0.9821075314053485,0.9902272378284809,0.9169296077473637,0.9549820389811021,0.8862533808460774,0.9229109835440812,0.9292677720165115,0.9796635193777843,0.8851446183863341,0.9337692322192535,0.9213825253278577,0.9899281062556811,0.7616769526263933,0.7972443464013117,0.9314886672615053,0.8398515774181605,0.9821075314053485,0.9788257250481218,0.9463456194504827,0.9094052998937732,0.9112446674143935,0.6918618611767926,0.9314886672615053,0.7365058536917068,0.9544972725736601,0.951599083741091,0.7381271605259623,0.7662354834447609,0.7477120255242755,0.9385367079941815,0.7601473737062716,0.7432643093345452,0.7600825581617037,0.7192817469566923,0.8403716880382993,0.8642121549286506,0.7838051895754518,0.9541968529441154,0.815417012019279,0.9344728729422842,0.8254042372746639,0.7826074507426823,0.9284324089745186,0.9027719944026336,0.9314886672615053,0.9292677720165115,0.9256009930863665,0.9587133478141205,0.9973253556379068,0.9538159335218349,0.9849772444622878,0.9314886672615053,0.8452666437956631,0.8891084084583822,0.8220836588712381,0.9314886672615053,0.7840725527723569,0.9859587862883861,0.9436389526644002,0.9952831447476325,0.9292677720165115,0.9272671679623036,0.9466053748231965,0.7648336294037281,0.9825197666561853,0.9992482359421453,0.9225442716453336,0.9871853727250426,0.9314886672615053,0.98592759878135,0.9314886672615053,0.9436389526644005,0.793272151774572,0.8439974845602787,0.9491780856091547,0.8422813087342611,0.960171485191593,0.9324044867801067,0.9307747569588931,0.9314886672615053,0.8635862339827731,0.8923724532139343,0.8949328176947143,0.8112565758885604,0.918655012023091,0.938536707994182,0.8988405313927084,0.8971465330611363,0.9539119155583538,0.8555090199358881,0.7751198918850366,0.9539119155583538,0.9307747569588931,0.938536707994182,0.8454267695073419,0.9539119155583538,0.9491780856091547,0.9075907590759074,0.9337692322192535,0.724625841475264,0.9292677720165115,0.9329075599064767,0.9273376672788166,0.8540589702876249,0.885698841863535,0.9541968529441154,0.9167311028995666,0.9057994954598185,0.9292677720165115,0.9549820389811022,0.9669996831954379,0.8954688163631979,0.9847054942282474,0.9114905661431125,0.991111669173483,0.9074390503766525,0.979002104283531,0.9337692322192535,0.9361160018916066,0.9560841968775993,0.9175833881378586,0.902281245937693,0.8368727250734076,0.9245460758162976,0.9385367079941818,0.9410406098239263,0.9664515589959771,0.9372898940428274,0.883022011005651,0.9899281062556811,0.8988405313927084,0.8428998093754176,0.9175344694845529,0.9329075599064767,0.9821075314053485,0.8710580453735792,0.9570632059254539,0.9560007027267697,0.8657807842755789,0.867658912857072,0.8266313169822589,0.8905248145511357,0.9361093532531712,0.9466053748231964,0.9249834296604702,0.952495707345717,0.844031444249126,0.902725873175934,0.95405326423669,0.9188871236697296,0.8154964952893824,0.9784534179462063,0.8957430324228599,0.6817028842856858,0.9361160018916064,0.9337692322192535,0.8468584144181488,0.9022812459376925,0.8481125351096355,0.8917796312811821,0.8401356041885015,0.7642465355474273,0.9292705781907254,0.9749771166196228,0.9777437379740972,0.7659200019720261,0.9284324089745186,0.9361160018916066,0.8099750192678044,0.9919535000677886,0.9410406098239263,0.8555090199358883,0.9319341406609302,0.8574461569671546,0.9902272378284809,0.9797853285752776,0.9957912204911729,0.9554709434589257,0.9410406098239261
p146_I,0.6334753297689693,0.9476001313487195,0.9900069216806103,0.9380568897829422,0.8591172857456588,0.8954927753294004,0.7035341478572867,0.7586490025531818,0.33588160949917356,0.8896682568954877,0.8160028796418131,0.885001870744911,0.885001870744911,0.7850481623064793,0.8949515837157813,0.9982408383006673,0.9808812248974236,0.8099750192678044,0.8841024249642828,0.9682054761806351,0.8730906309922677,0.8536161261798894,0.9751777096137954,0.8638069066950458,0.8896667955588827,0.5136995116745937,0.8746367075465762,0.7368414610351703,0.8896682568954879,0.5380988216042537,0.512522445300797,0.908213390673464,0.8978986056916489,0.6347399894522211,0.8904561153277737,0.9591016377439943,0.6514628364883973,0.8978986056916494,0.8954927753294006,0.8300652029984739,0.9015283153999989,0.8873780235023769,0.9368211999004499,0.9416532457372987,0.8457402940353762,0.8230465742220037,0.7640029251117034,0.5665438955604645,0.9321984580010821,0.8866410178144252,0.8736104662007038,0.8885114713911253,0.5378539927123652,0.8373021566360082,0.9543185748336593,0.9866313369824821,0.8026530697414005,0.8591172857456586,0.8285078755696028,0.7645751990081129,0.4467221133704281,0.7399537932023084,0.8824384623811186,0.7570668080200509,0.8787593440855821,0.58573549650816,0.908213390673464,0.9115277303226594,0.7510232411945346,0.8841024249642828,0.7816298672347344,0.8846511902009929,0.8904561153277739,0.7017636131376224,0.8591172857456586,0.9301544525912131,0.8536161261798889,0.8601882758465695,0.5072079172519064,0.8954927753294004,0.8332042054706015,0.9174245829984671,0.7955004339598504,0.8099750192678046,0.8591172857456586,0.7715485738634289,0.9349138804345933,0.6726675923580291,0.9451794844001449,0.8545503661181646,0.8591172857456586,0.7171230173651981,0.7137587399870475,0.6197950373520741,0.8409905928034589,0.796764210191784,0.7109732663851331,0.8240955842467907,0.741505554432474,0.6631481207974472,0.8963044445307862,0.868632667163505,0.859117285745659,0.6361324654316036,0.9371080797973689,0.703401904747305,0.9525369059360134,0.7239855416858634,0.9548174173438431,0.6649870337220058,0.7990019450548931,0.8873780235023769,0.7188452355579387,0.962605465298624,0.6972093964344689,0.7938078515265335,0.8924511439923639,0.9216020313541382,0.8152082526732527,0.6185695522531797,0.9583841473219445,0.715417898810857,0.8252209280961138,0.8368522699998651,0.9790563865322042,0.7341913460109797,0.7160935373972717,0.7656290002211988,0.9763563846251535,0.8669758292668839,0.5678778085098946,0.9309867468047904,0.8736104662007038,0.9368211999004499,0.8457402940353764,0.7438194738564752,0.7936338417463344,0.9879778359082552,0.7111544401261729,0.8500946683680415,0.9470720975359562,0.717645646678774,0.6411941620919016,0.9099714138743789,0.688037762527248,0.5027234304154301,0.9850731520963771,0.6227801355239253,0.8300652029984741,0.6594843492269074,0.8896682568954879,0.8631100392113272,0.8078401992946385,0.8082334455602825,0.9082133906734637,0.6231412173005064,0.708864912540969,0.7818915322574536,0.7428236280581946,0.6821446118120562,0.6280865045801505,0.9354261958407397,0.8674566432772475,0.9124258967760259,0.9290582114502124,0.8301057443756881,0.782730396673134,0.9376436922449856,0.9770487718221068,0.9104282156297356,0.9599152794224373,0.6277740552271274,0.658851525219635,0.6334961179282856,0.5956190328697482,0.9185539307968831,0.9216020313541382,0.8748276741516818,0.7782415422524409,0.7352742566373194,0.9730238913292835,0.5306870501568555,0.9431301319254788,0.945904879998406,0.8374446552814678,0.8596165072859894,0.5738516733142669,0.8370328852941036,0.8373021566360082,0.8549185404483222,0.8500946683680415,0.8385686642892037,0.9490954258521167,0.7610609332392069,0.7772822066533513,0.8591172857456586,0.8638069066950458,0.9093762272332486,0.9059113920628268,0.9532582675057015,0.5248603542827757,0.885001870744911,0.8591172857456586,0.91661143889082,0.7341095510283279,0.8896682568954877,0.8591172857456586,0.857611721417908,0.5617229592620674,0.36138325827972206,0.5348021046547533,0.9240134575839624,0.8545503661181635,0.8591172857456586,0.6597151549688927,0.8591172857456586,0.6886653952681618,0.8370834584349847,0.8120948235676275,0.8591172857456586,0.9483319511452128,0.8591172857456586,0.8149982365231816,0.6656821916294875,0.7682410594343818,0.8510057459756496,0.868632667163505,0.8010516301689439,0.8500946683680413,0.8988664577453706,0.8291788837418352,0.8340623783589278,0.7802382230625804,0.7959665479971143,0.9187719869627348,0.8112398732875314,0.9195099924539596,0.8594294185482387,0.8751123328183419,0.5413193445666731,0.5617229592620667,0.9035331210577764,0.6987812553114567,0.8238567578733205,0.8591172857456586,0.8224870902746917,0.8591172857456586,0.5123140649902356,0.7649577557899119,0.9774192396189842,0.8451977989237243,0.7876069771648442,0.8638069066950456,0.8344205926004827,0.5527159235147867,0.7028771643605123,0.8332042054706015,0.6622929025116229,0.8686326671635054,0.6910876425700092,0.652261043516883,0.9559757359958663,0.8545503661181646,0.9414438050735925,0.8465138832911392,0.8954927753294006,0.7029471264544844,0.9736632658947206,0.8873780235023769,0.5490785736257119,0.6687492907138852,0.8736104662007036,0.9573227082703453,0.9402880825606295,0.6342729436588737,0.703401904747305,0.609158567094937,0.6728678030669812,0.8924406131378573,0.9980065184745455,0.703401904747305,0.9400314225534014,0.6528651180893659,0.8787593440855819,0.9330534567234139,0.8069065519459737,0.868632667163505,0.9646460924565712,0.650817291822323,0.7052936401429061,0.8686326671635054,0.9020294315021222,0.8471060937403212,0.8841024249642828,0.6388336141093873,0.6197950373520736,0.8187560832059261,0.5967047452323506,0.9216020313541384,0.859117285745659,0.8062915690984296,0.8500946683680415,0.8736104662007038,0.7079497867226711,0.8971969748066664,0.964383511143408,0.8300652029984736,0.8919704293169941,0.8852661939432849,0.748863705726081,0.9274125612582227,0.7518484079744687,0.9960473034743317,0.8773455997686106,0.6941940978554642,0.9532573045342176,0.48482592202955344,0.8896682568954879,0.9720990783711323,0.7853613704853062,0.962605465298624,0.8975899824661729,0.8591172857456586,0.6765515156534094,0.7855447620011453,0.8099750192678044,0.703401904747305,0.9506780844219123,0.8545503661181635,0.8591172857456586,0.8896667955588826,0.9216020313541384,0.8954927753294002,0.855728768385746,0.8836922021452559,0.8174887035560277,0.908213390673464,0.9138533923136983,0.9302565832317429,0.8770595237952055,0.5943216720302588,0.8015648779327766,0.9688229601793572,0.6769098755670845,0.9014774358352247,0.666356957156789,0.6792260994005856,0.8565366772443025,0.7891336750876531,0.7748816049396818,0.7687194736998688,0.8075027438302229,0.8545503661181646,0.8895756765915186,0.732054542310258,0.7324508243050625,0.6738885100079078,0.9101839206175149,0.8591172857456586,0.5661723053105986,0.7923970497529258,0.7995731462961615,0.9365727636836152,0.9682054761806351,0.780771099187064,0.8591172857456586,0.8591172857456586,0.8300652029984739,0.7332164371859546,0.8634679678322938,0.8591172857456586,0.8896682568954879,0.859117285745659,0.7850481623064791,0.9112555336564446,0.747585242133767,0.8588332480153076,0.7884981212068207,0.8291788837418348,0.9557371126356209,0.8766898643065484,0.8591172857456586,0.8408180089686735,0.7682410594343818,0.7725135883356776,0.7649162174568068,0.9236800620800073,0.638368542678641,0.9020294315021224,0.7144441775515072,0.8591172857456586,0.8434093765646058,0.8099750192678044,0.0,0.5285860921400436,0.863806906695046,0.9518840460327134,0.841478636549639,0.8591172857456586,0.7649143632380799,0.7677326698845324,0.8591172857456586,0.7884981212068207,0.7724161229583835,0.9910556114608764,0.8989762624648636,0.6943917754190532,0.8591172857456586,0.751470091308232,0.6144721278349601,0.914718714253747,0.7790096006632352,0.9126863309864424,0.8756616879684627,0.5225296788813036,0.7472335302982489,0.6972093964344689,0.8613404928899193,0.3781118228182955,0.8467627026932134,0.6009250698700859,0.6815379820118463,0.8916208046769919,0.8721997866493552,0.6765515156534121,0.8341295003055758,0.8591172857456586,0.9591016377439943,0.8553618404309205,0.7255018766262986,0.887172346222538,0.9240974349517947,0.8500946683680417,0.6982991670652376,0.9284376076039202,0.8500946683680417,0.9141564165985061,0.859117285745659,0.9972508812949249,0.9643708876515279,0.77045251531855,0.9591016377439943,0.6028468520367016,0.9289368665380615,0.9145274002603911,0.8976368706054967,0.6984362111478539,0.9349138804345936,0.8896682568954879,0.8508021431529378,0.7162198993880685,0.7515783186539258,0.8382635647135586,0.829178883741835,0.7342049704427396,0.8686326671635052,0.9720990783711321,0.7390091195975579,0.7659246011893255,0.8424726734166375,0.8095486698401095,0.9411404869744742,0.5798285092352111,0.5986910355377004,0.8510636187157522,0.9052436474797023,0.9902223615913763,0.5980913624404949,0.9537544558186632,0.8287649415854688,0.8424726734166379,0.8721997866493552,0.9064420723861133,0.9411404869744744,0.986776840223796,0.8424726734166379,0.9289880237791708,0.6568760381468268,0.8686326671635052,0.7870385126706989,0.8938061262854249,0.8757909533109132,0.973759069089972,0.9283995430864389,0.9482416022360171,0.7488198126595123,0.8787593440855819,0.9125919909640956,0.8746367075465762,0.8941919843638239,0.908213390673464,0.8841024249642824,0.8368522699998651,0.9189027951264658,0.8784140617693388,0.7800315783608647,0.9322891014946036,0.8809737530763755,0.8380026352056635,0.8457402940353769,0.8005295282221945,0.8591172857456586,0.7256875840646013,0.8591172857456586,0.8591172857456586,0.6493846382624457,0.8213256187370721,0.8170514910545461,0.8591172857456586,0.6969930391126731,0.5853633787062947,0.8465722145714896,0.6210163060724483,0.8734025723770651,0.8964723070668026,0.7332164371859551,0.7670735978643723,0.5755501756362289,0.8696886211206443,0.9970687107455067,0.9147187142537465,0.6029971494516704,0.7283855146875702,0.6440971367001087,0.9612295381968932,0.9892614560243305,0.8500946683680417,0.8870592432004158,0.9506780844219123,0.9240418596965574,0.6972093964344689,0.8149554071702916,0.9084801312614037,0.862820794107968,0.9230739545616382,0.6506865865005447,0.9236800620800072,0.5413557328797234,0.999385206430063,0.9275627705584846,0.9643835111434081,0.9349138804345938,0.8638069066950458,0.7940323952171071,0.7428236280581955,0.8122493429927178,0.9082133906734644,0.7668399239194046,0.9035331210577766,0.5632243252281983,0.88117047120015,0.9154533753716585,0.8262882730426162,0.9088135335566939,0.9781496244714996,0.8692865344679224,0.5884041260450676,0.804015926137919,0.8754594230376898,0.8820463820882143,0.9334478608142884,0.8517836862366599,0.8591172857456586,0.6765515156534121,0.7162198993880682,0.8904561153277739,0.8409024340721432,0.8800498753530787,0.8238567578733205,0.908813533556694,0.9238693041449881,0.8213256187370719,0.6862483177189583,0.9289368665380613,0.8188161969492032,0.887172346222538,0.8798820944022395,0.8500946683680417,0.8978986056916491,0.9403259750144992,0.826168599876095,0.8174887035560277,0.9968309634278392,0.6191980515689859,0.8295156914400652,0.9089492052512862,0.8381364341119781,0.8239980188654851,0.976394615003843,0.8714881196176748,0.8896682568954879,0.8770595237952052,0.877670289669457,0.9365243506389207,0.970256403368881,0.742367842673958,0.8850018707449117,0.7586490025531822,0.8871812482185697,0.9368211999004499,0.9710970401879018,0.9643835111434079,0.8340940015319194,0.8811923925648845,0.9610497116856047,0.7637170647468365,0.9387941835520884,0.8511402259456595,0.7179145652229306,0.8332042054706008,0.8545503661181637,0.7457573645989335,0.8954927753294004,0.8591172857456586,0.8381364341119784,0.886327290694338,0.5691837593395841,0.8209047503398823,0.8591172857456586,0.5665709708293989,0.7348958500910165,0.995597106524341,0.7850481623064793,0.8385686642892034,0.7515783186539262,0.7104797553351062,0.7561993920345,0.8221273223112764,0.7583554827514918,0.5967873376701498,0.8681432974069041,0.6897282138964369,0.970256403368881,0.8026530697414005,0.868632667163505,0.7853613704853064,0.8954927753294002,0.9374797053735171,0.8500946683680417,0.9781496244714993,0.9972508812949248,0.9197172882281326,0.859117285745659,0.6764032571521963,0.8243803909780557,0.9216020313541384,0.8904561153277739,0.829178883741835,0.7951095970076034,0.6943917754190532,0.8545503661181646,0.9082133906734637,0.8457402940353766,0.8545503661181646,0.8545503661181646,0.838136434111978,0.8591172857456586,0.8457402940353764,0.7807354998404884,0.8591172857456586,0.8174887035560274,0.6969209805833874,0.8841024249642824,0.6972093964344689,0.8787593440855817,0.8961222571494829,0.8545503661181646,0.8397115902293839,0.49932187508274517,0.7208068700523798,0.8274308508287859,0.8591172857456586,0.8952697705708386,0.8686326671635052,0.9174245829984673,0.6818683134101353,0.9960438672065222,0.8841024249642826,0.863806906695046,0.9029788216447514,0.8465722145714896,0.9029788216447514,0.7961555888510775,0.9077830586576734,0.7816298672347344,0.7919815607102554,0.5094478213677245,0.86018827584657,0.9216020313541384,0.8062915690984296,0.7306061607730862,0.761646454718764,0.637082515265229,0.8591172857456586,0.8904561153277737,0.8845337528959825,0.8896682568954877,0.7200496185295449,0.7208135032966234,0.9411404869744742,0.6273294956959661,0.8500946683680417,0.7436861568927944,0.7496032681322415,0.8591172857456586,0.8591172857456586,0.7818915322574533,0.7277661109309101,0.7301312695908238,0.719764785174082,0.6223012902015775,0.7892957142922341,0.9830959889567326,0.7160005707384866,0.8137063353191496,0.6981471035308008,0.8591172857456586,0.7785730132132769,0.6765515156534121,0.8954927753294006,0.769788223762498,0.703401904747305,0.5858727128198185,0.8591172857456586,0.8591172857456586,0.7800760677909985,0.9217949449098886,0.7572805857230396,0.7743148786603214,0.7222638831900952,0.9557013806674788,0.8221273223112764,0.9901255540650413,0.5997897026894298,0.6879434760312768,0.8591172857456586,0.8465722145714896,0.667460326528182,0.7807242383061463,0.9216020313541382,0.9025599020230535,0.7405014928866878,0.7520430783139012,0.7715485738634289,0.8638069066950458,0.9271708683473393,0.8591172857456586,0.6322157449880896,0.8132455256424225,0.7373179161501345,0.8983018684352593,0.809976505831971,0.9751746250268971,0.7756695807478773,0.9931498549182645,0.9147187142537472,0.8084909598253629,0.7173093319163255,0.8746367075465762,0.8747200852490707,0.8433592138221099,0.834129500305576,0.6571149438875542,0.8736104662007038,0.8545503661181646,0.4214697304222227,0.9398056495877891,0.948590288048462,0.8679865147201618,0.8954927753294004,0.8057649851807005,0.8954927753294004,0.9368211999004497,0.9333140750953335,0.9017843970917523,0.510171486228856,0.8588332480153075,0.953257304534218,0.880049875353079,0.8291788837418346,0.9697706525950169,0.8978986056916491,0.6886770644806225,0.87289160083344,0.6136735011237141,0.8638069066950453,0.6266224859210543,0.8132455256424227,0.7286987829256661,0.7932683635325462,0.8591172857456586,0.6998953667208339,0.8588332480153075,0.8688664620827198,0.8896682568954877,0.9119352528967863,0.58289601978933,0.9107222164864472,0.8591172857456586,0.6862483177189582,0.8692865344679221,0.8174887035560283,0.6821482176505551,0.6183061713581831,0.6571149438875545,0.711154440126173,0.6362348273976923,0.9022892828419617,0.6685553313511152,0.6548236820072841,0.8467627026932134,0.7800196185653752,0.8954927753294004,0.8467627026932134,0.9217949449098886,0.9235206156095964,0.9489333724986964,0.59468287182824,0.785544762001146,0.8841036538423275,0.9844726040741183,0.8545503661181646,0.6370825152652289,0.8860664943827097,0.9240418596965576,0.7859572595124122,0.8360123345210073,0.8591172857456586,0.751471737164437,0.9242922717708131,0.7850481623064791,0.8591172857456586,0.6609734986182364,0.869688621120644,0.703401904747305,0.8213256187370721,0.8850018707449121,0.8194441082979433,0.92432568931671,0.9107176884058774,0.8963044445307862,0.8805015182676008,0.8976368706054967,0.8915313000367355,0.8591172857456586,0.8221273223112764,0.8591172857456586,0.8841024249642824,0.7065153291397159,0.4272491145560997,0.8954927753294006,0.8864807516470674,0.7768457837398457,0.5879714797052775,0.9307927723800888,0.8591172857456586,0.731200473285285,0.7096556103168405,0.8923061006880131,0.8592876246446695,0.8465722145714905,0.8841690624899748,0.7919815607102536,0.8327784007011554,0.8713488676698913,0.65568737502309,0.8495148015044767,0.8713488676698913,0.8652176034616048,0.8736104662007036,0.8353927267053267,0.8713488676698913,0.8954927753294006,0.972634651392253,0.9423009905783316,0.9684858747005315,0.885001870744911,0.8327784007011554,0.8174887035560277,0.4731774023496832,0.7453554915206198,0.8721997866493549,0.4305386187667305,0.9321984580010816,0.9154533753716585,0.8820463820882143,0.7159892065279367,0.9745095516590787,0.9836645263886377,0.857611721417908,0.9928223214179912,0.8997585764240874,0.8300652029984741,0.8961222571494825,0.697209396434469,0.6864142811486627,0.8803436822964701,0.4857583793152831,0.9836206585984131,0.7484558653455368,0.7457573645989333,0.6897282138964363,0.8234524699081376,0.590382421651439,0.7369353038932616,0.7697849565676402,0.893923474262479,0.7384591172509334,0.8252209280961136,0.6137181056196669,0.6708002705226196,0.5336285998535533,0.6616519757643,0.9783766687100961,0.6029262895174788,0.7283813993339594,0.8787593440855819,0.8877593061414033,0.8149106863716868,0.5378539927123652,0.9613259480801764,0.908813533556694,0.9195860038224921,0.8005295282221943,0.777069293628099,0.8699710203937493,0.8984923774737035,0.8850018707449108,0.8408704803412208,0.6588266031269829,0.9020294315021224,0.748408887851709,0.6457688554354685,0.4857583793152839,0.8686326671635054,0.9868381795985355,0.6059350915402728,0.7522612546413754,0.8797354478006449,0.8238567578733201,0.6934243883794775,0.8424726734166377,0.748602433727598,0.8686326671635054,0.5981747537724764,0.8577196882560421,0.6897282138964363,0.4476542526610159,0.862820794107968,0.8638069066950456,0.8896682568954877,0.5858430742143146,0.8841024249642824,0.7174951651274981,0.7256875840646014
p146_L,0.9921812542058815,0.9841884774067362,0.6533269547910772,0.9859225783586081,0.7304494774588409,0.9512027620468051,0.8987754032853329,0.9623333953427404,0.6955558767627248,0.8668942308995709,0.8492338459252549,0.8053459614673684,0.7768746902546854,0.8505817527536454,0.9874250944120716,0.8654112274537147,0.9489854489313385,0.5969041694275876,0.7541490119333799,0.9770392548301761,0.6213634189094488,0.9916372927141157,0.9509252455289203,0.8961225594262117,0.958780593375647,0.7707511864043153,0.8078587948549922,0.9903888445093911,0.9862457371929555,0.9348767212797794,0.7909964327529841,0.7965981056229592,0.7164831332201813,0.9255520825125045,0.730449477458841,0.9294542188486132,0.8356947337145704,0.7956096786705331,0.8739210119869605,0.7446841412994714,0.6106613434871426,0.775252698650893,0.9898436370767274,0.9736273022046276,0.8618934073469187,0.643993904948228,0.872741602510198,0.6840372552010543,0.8335947664755627,0.9754740012934731,0.8798746140368174,0.6594463428643107,0.793334923696033,0.8552817291710151,0.83513310922781,0.8440562135961892,0.8221658856489193,0.8300371089395653,0.9887884761797912,0.957718429906927,0.7918188025090704,0.8802720182020538,0.9965885593214927,0.7288452380424013,0.7428148514650218,0.8144050130954561,0.8613035616910042,0.8088299913840775,0.8650912100783597,0.8593321360825199,0.8395547962698625,0.8780500790636087,0.8593380031796716,0.8102284709416216,0.8300371089395653,0.8324883470743447,0.9669225060031548,0.6966383755219978,0.654684692207492,0.932874612863428,0.8492338459252549,0.93987277641962,0.991519303970854,0.6646553813027414,0.8300371089395653,0.8077817716176494,0.9589331338639621,0.8415295577152104,0.8409105410840763,0.824527512767756,0.8300371089395653,0.6694343071161959,0.5827721189493265,0.6939496555896667,0.8170868060986485,0.8881361367007148,0.6849621756203554,0.8101114736398272,0.8354768173651193,0.8310383404846016,0.80027555770165,0.9976416160583803,0.81835216017916,0.7641718618972504,0.8438247456606762,0.8601795328531072,0.9536283270597784,0.7641973352225324,0.9200504581993009,0.7146457169108835,0.6715091284820967,0.9951443484276428,0.9395088033517776,0.9396246740171111,0.8415165991231524,0.8283833986899007,0.9841884774067362,0.860179532853107,0.8739210119869605,0.8456022527365137,0.8581408632505874,0.6835002153983132,0.7746477200892382,0.8119728368641934,0.9808277033867895,0.9761115824975188,0.8961225594262114,0.690462299701149,0.8814700551931214,0.8309024436787313,0.8531596280730658,0.9399083771675285,0.8613035616910039,0.9715154878933503,0.6727722636251761,0.8845528294481946,0.9724297247177305,0.9583617457930711,0.8475218860027951,0.8468653629698402,0.7013574453674452,0.8668942308995706,0.9133707298938913,0.6398973290167249,0.7314664508355029,0.7375334683894086,0.85598213306435,0.8593685559008537,0.7885350765260479,0.5820888669371131,0.8761007132623504,0.8896543421619725,0.9750211216581954,0.8492366037807777,0.9769327981388845,0.8329903891140935,0.9571380984948857,0.5511366689626618,0.8827327483211256,0.854602771557889,0.9140671437703772,0.9086833737804829,0.91651349120236,0.705839831845315,0.7946783148560324,0.662619317566023,0.662310911104111,0.8132623055818721,0.8851893651205768,0.8999349339489291,0.9450486611366713,0.824527512767756,0.9151501789838465,0.9400468075141819,0.9101264456097182,0.7926859402848379,0.9653626570022469,0.8583823376590758,0.7290329335087378,0.7855661830813474,0.9268509640693063,0.8328654312924404,0.9097271974379975,0.824527512767756,0.6684050916934894,0.8558529664429817,0.943158724078073,0.7221314390882649,0.8037190298767267,0.9932457952540841,0.874578629704112,0.9392584276491529,0.8066945353609813,0.7753427901141128,0.7564269296947415,0.8300371089395653,0.8356947337145704,0.7374356360160856,0.7010454953260259,0.6791719129400795,0.7345936568543674,0.909941326405804,0.8300371089395653,0.7899240572788897,0.8887372035756611,0.9036092388764394,0.8300371089395653,0.6921592781921004,0.8118256573316469,0.7139307343266812,0.6048840703990954,0.6863407118202798,0.7199321478293198,0.8300371089395653,0.5872418176852541,0.8300371089395653,0.9577818973551999,0.7423844294767615,0.6263784270753847,0.8300371089395653,0.8875220198804148,0.8300371089395653,0.7163979611485647,0.9571331628052602,0.778302680016623,0.7458801807888178,0.8462333670063917,0.6994886551950636,0.8468653629698399,0.9539430195959561,0.8433485724483498,0.8542624693476438,0.9482227123032343,0.8575960234299169,0.9907144738270934,0.7477689432128818,0.9225193974751038,0.7902033983995743,0.8279682868289211,0.7355185119433176,0.8309024436787291,0.8138989177015223,0.6368358819002471,0.9022918964383839,0.8300371089395653,0.9852865850158368,0.8300371089395653,0.9868688025840593,0.9210993338091966,0.9122273420708398,0.7575793480087789,0.6492072169893595,0.8659086465703909,0.9098736735240825,0.7891440655805741,0.677685957099474,0.7975556596448317,0.8875220198804146,0.8415165991231524,0.7129866005984422,0.9322544153435925,0.881874070110878,0.824527512767756,0.920975495434355,0.658978371273715,0.8739210119869605,0.9923347620553573,0.9156426663501511,0.8670938798194787,0.9311702976510723,0.7079610803706082,0.8798746140368177,0.832477103146591,0.7136381889609343,0.91083019871073,0.8601795328531072,0.8451406985390921,0.7880320068452471,0.7997170651160581,0.8665796009931911,0.8601795328531072,0.6886854230360032,0.8261349326437242,0.9545964607444173,0.7368660220202419,0.6462121666439624,0.752558356845255,0.9167374490819841,0.6978130373284781,0.9022918964383839,0.7213333534582096,0.8462333670063917,0.5736679293184666,0.9653626570022469,0.9077560617885434,0.6111070790598971,0.7923836602271337,0.9300174903337298,0.9995763016147065,0.7304494774588413,0.8558224227695859,0.903715236421715,0.8289508336569822,0.7438688706394299,0.9781734517880531,0.9399083771675286,0.6335458598293582,0.9710500346737421,0.7079624646875513,0.9941271273816645,0.8914686578582982,0.7955126250176909,0.8878349264317307,0.9644720574732302,0.7358115084358956,0.9495307292160872,0.7303705268893572,0.9403242468533077,0.877309831980606,0.8829457611150318,0.6852798916491951,0.9351916092842889,0.8300371089395653,0.8475218860027953,0.9334765811886236,0.7324065931778949,0.8601795328531072,0.920975495434355,0.8622885038927338,0.8300371089395653,0.9587805933756468,0.860179532853107,0.8555928628035838,0.8108778516423465,0.9829121515677357,0.7997170651160581,0.8475218860027953,0.8367661764120156,0.554582385971148,0.958780593375647,0.8087575940776925,0.5714607177959716,0.9039666058972435,0.9452658910631933,0.4801847873624714,0.8295003795238709,0.7558695642026425,0.8739210119869605,0.6936286448711197,0.7984545977778494,0.7348451649907659,0.9969799385767352,0.8529987839804387,0.9182223419984363,0.7146097710636906,0.7232546969098779,0.7530679223387939,0.5770126885578608,0.8300371089395653,0.9514241964239478,0.8023638558666757,0.729032933508738,0.8998274489955946,0.9403242468533077,0.724831241709093,0.8300371089395653,0.8300371089395653,0.766307420232025,0.90444377752252,0.8142646099587609,0.8300371089395653,0.9403242468533077,0.7011485832187353,0.8914556699755822,0.761388342883143,0.7375446522935967,0.8886388974197776,0.5927464693944045,0.8353592003091563,0.5378729448727644,0.6230044615859449,0.8300371089395653,0.773072555934986,0.7590221196081902,0.7051687481561848,0.68908689349703,0.9860538179783405,0.8853239025711797,0.7525583568452548,0.6966063758609786,0.8300371089395653,0.5532541902458936,0.7707511864043157,0.5285860921400436,0.0,0.8356947337145704,0.6351580567882162,0.84836070897077,0.8300371089395653,0.8682009684071821,0.7272513084858742,0.8300371089395653,0.8897438614162063,0.9446966760903812,0.6993452436122244,0.5669587959337219,0.71851617811002,0.8300371089395653,0.7393738410916956,0.6426388611099598,0.9109196780153331,0.9076682892335494,0.8746031641238949,0.9035900567242834,0.7832353913204386,0.5541107411668522,0.872741602510198,0.9949358356816829,0.792134340981677,0.8350283510020513,0.8230587046024089,0.9209852903106658,0.6903323103905437,0.9271423118101392,0.8475218860027951,0.6872391185944594,0.8300371089395653,0.8593321360825199,0.7637573610135551,0.9751581347144664,0.8984729437676644,0.8222900220483704,0.8468653629698404,0.8824596711108367,0.956550385137853,0.8191520962355687,0.9501511300480874,0.8476530544192663,0.9068444284653037,0.7258922217804116,0.8518536715910507,0.9653626570022469,0.8505636680439985,0.9770392548301761,0.9900301729461195,0.9033593780913585,0.7648092527148496,0.8600739870201175,0.7659556893317462,0.9484921463619083,0.8939277930400082,0.8466151826925141,0.7752526986508932,0.7612148401762744,0.9974434137084255,0.9399083771675286,0.9758788747340512,0.9820964406608133,0.8887222882279696,0.8464356355505789,0.8997196647839285,0.8996924879866712,0.8329492409753998,0.8701033826089991,0.8800396799878134,0.7916360712396384,0.921968142685375,0.8389378997838637,0.9654190818943191,0.9732035044194555,0.8966122270595576,0.8557935106537966,0.5822371906617331,0.8996924879866715,0.8529225726841634,0.7798158009732561,0.940176120156279,0.9780052395526645,0.9711333805545742,0.7498576815713965,0.8066945353609816,0.7882890529918657,0.7984191837365637,0.8601795328531072,0.906687959602261,0.8956671801055667,0.7764358167750837,0.9710500346737418,0.8078587948549922,0.867933530193449,0.926009017759049,0.8952405742361536,0.9572867179125263,0.6098991276600059,0.5997787809939921,0.9384125976184869,0.8907597751054166,0.7711714209940261,0.9392854607782679,0.8138989177015228,0.6983687462820984,0.8300371089395653,0.8537335648142308,0.8300371089395653,0.8300371089395653,0.7795645169230765,0.7844447094974545,0.8181684063285385,0.8300371089395653,0.7064541997017102,0.8148922618232439,0.7927488709845654,0.9161529647776123,0.773072555934986,0.7981541756067172,0.9214829718443162,0.6916965633282963,0.8636688752459776,0.8087575940776917,0.9485415542916674,0.8873545301242927,0.8803347303698101,0.5965712099250796,0.8365285130964306,0.831428293245283,0.9142596546781654,0.9577184299069272,0.7393162048236503,0.9545964607444173,0.7524835162660077,0.8415165991231524,0.737682580549907,0.8927781458702715,0.7655413955061781,0.7874624835644894,0.7238845374506719,0.9446530444431893,0.7918188025090704,0.977725953314737,0.7723563315090085,0.908683373780483,0.8433485724483503,0.8621661377272231,0.9013173767067484,0.8966251822172273,0.6571211888929795,0.9122273420708396,0.7004942347958314,0.813898917701523,0.7645173148890283,0.6849621756203548,0.9953551400438523,0.6046132155850321,0.863923377350521,0.8942337378335058,0.5693930149190287,0.9180813118843432,0.7089665646040335,0.6554656032555446,0.8106444135981956,0.7608084405083453,0.9733575116585536,0.8300371089395653,0.8475218860027951,0.8553666722231417,0.8593380031796714,0.7042828454625348,0.8927781458702713,0.9577184299069268,0.9702533162007987,0.7792193858451626,0.9301600858771752,0.7399488917335784,0.8026706973086157,0.7065586379140594,0.9501511300480874,0.8971315211486799,0.8468653629698404,0.9670106849784019,0.6892900651187039,0.7875618293796198,0.7997170651160581,0.8034571836309197,0.7504294313512461,0.6512521080836193,0.8403173076887775,0.8378822148792278,0.8016931114437189,0.7324342340595726,0.7700200286417787,0.9403242468533077,0.7746477200892379,0.8659086465703911,0.7556664783619937,0.9456334098812126,0.6901730553886913,0.824527512767756,0.6718006078496108,0.5447777790432375,0.8942337378335059,0.8970102113422662,0.9399083771675285,0.7687963343660824,0.8746472326315748,0.8114619860904713,0.893501839054325,0.9378312615314373,0.9442842478843113,0.9380146287437985,0.6714090544912882,0.8814700551931214,0.8798746140368174,0.912561887016883,0.8300371089395653,0.8466968483097477,0.6936235183581194,0.6596505479563781,0.729032933508738,0.8300371089395653,0.7941236367946316,0.5504050538796889,0.9781340241977939,0.871018711364614,0.85185367159105,0.8144004780422747,0.7851759665594242,0.9108746381041631,0.7678757090342141,0.8365665329404797,0.8824038602694777,0.7733136179561871,0.8537335648142308,0.9110934073297372,0.8221658856489193,0.9086833737804829,0.8638689747679497,0.8169519877736622,0.8870006960879628,0.8205754362189001,0.894233737833506,0.80956072541611,0.9535078533325364,0.9179397916598837,0.7127175527178888,0.7836384225779766,0.7892100533164267,0.94724068589999,0.9342183471530009,0.6148535726389437,0.7185161781100198,0.8529987839804387,0.7642453775889375,0.867933530193449,0.8529987839804387,0.824527512767756,0.787555422657681,0.8300371089395653,0.8679335301934488,0.7965038445623299,0.8300371089395653,0.7529984946815377,0.9654190818943191,0.8593321360825186,0.872741602510198,0.8873545301242929,0.8356947337145706,0.824527512767756,0.7602236301301286,0.7619824201580347,0.9509252455289201,0.7748072827620487,0.8300371089395653,0.7929990088168478,0.9039666058972435,0.8230763503333188,0.7887435660326989,0.7846496648024124,0.9645152602316598,0.9867642979936737,0.9685180375693218,0.983516734455391,0.9685180375693216,0.8886388974197774,0.7355185119433181,0.9606662271357131,0.85240469735649,0.8060259084253367,0.7218676965527077,0.9995763016147063,0.8335947664755627,0.8415165991231524,0.8465421148978247,0.8994854832178463,0.8300371089395653,0.94724068589999,0.7510592495596102,0.8668942308995709,0.5224356493112334,0.8409162239474857,0.9249218090173792,0.9181094919566573,0.8468653629698404,0.8050234445168184,0.782573445842998,0.8300371089395653,0.8300371089395653,0.9013173767067484,0.9494736838215541,0.8938234060539995,0.8235720823497941,0.9134044487366091,0.618232857298751,0.6837439631074816,0.7477377056789198,0.7196208049218852,0.8856424241910115,0.8300371089395653,0.7010454953260257,0.8475218860027951,0.8739210119869605,0.5172896966507144,0.8601795328531072,0.7362106891451063,0.8300371089395653,0.8300371089395653,0.6960660508007894,0.7597503716989473,0.7358307080318158,0.9669225060031548,0.4643228585621083,0.7288452380424014,0.8654304714080994,0.9166030782918224,0.6568147034812055,0.5580248871769008,0.8300371089395653,0.7112546839912901,0.7494976165566458,0.9565503851378527,0.9653626570022469,0.9016193902986702,0.9158684446416798,0.9392305223349895,0.7298108971145142,0.711096573448119,0.828246509914105,0.8300371089395653,0.8232335177570091,0.9442308019981354,0.8321860107523522,0.9413259401814151,0.6365149076733603,0.8552817291710153,0.9451255302119657,0.8558529664429817,0.8436777473952084,0.8332481302014365,0.9346271921923981,0.8679335301934485,0.9036092388764394,0.8428638680818297,0.9062536101546219,0.8600665068985958,0.8475218860027951,0.824527512767756,0.8227677158322004,0.8275888671947684,0.940176120156279,0.980851465613355,0.9328746128634281,0.978329692850444,0.8555928628035837,0.9125618870168828,0.8592834035025244,0.8122451903075891,0.8177088043524872,0.9179397916598837,0.9862457371929555,0.9342183471530009,0.8106444135981954,0.8921386415336072,0.7428586483703004,0.8814700551931214,0.9972885092270756,0.6777797762105613,0.8356947337145706,0.7564677240544685,0.743885699989324,0.9829121515677357,0.9801392779301996,0.8300371089395653,0.653326954791076,0.94724068589999,0.7879421693876181,0.8668942308995709,0.9721840531354962,0.8265343714077766,0.9557325740609223,0.8300371089395653,0.6510658089996502,0.5566840615474904,0.9433307974940783,0.7443235030179043,0.6021477218954181,0.6938230444978937,0.8475218860027951,0.805601311161853,0.9538129930996482,0.937952662693638,0.6856955474488342,0.8588112847208323,0.7876025332746959,0.932874612863428,0.7874624835644894,0.9648566313796909,0.7267376933836069,0.9447330479456771,0.8591541039662665,0.7089665646040337,0.5874544114856746,0.8300371089395653,0.8529987839804387,0.8727408650065176,0.63390437396994,0.9343252267735673,0.6297520987278209,0.6260732499242052,0.8300371089395653,0.6953017002584991,0.6635915176194781,0.7279600010878358,0.8300371089395653,0.7838005526024707,0.8747362241208879,0.8601795328531072,0.7844447094974543,0.824527512767756,0.7578339976820021,0.9808277033867894,0.8890669514015201,0.9589308348783856,0.6946257181613393,0.7874624835644892,0.5388994367296356,0.8300371089395653,0.9188672817932608,0.8300371089395653,0.8952405742361538,0.6505366389901032,0.7522288351881301,0.8739210119869605,0.7958208183285924,0.6349901623900126,0.7871824910829277,0.8301447941426774,0.8300371089395653,0.8323213721746263,0.8915393329209167,0.8992268704413047,0.8733811014676978,0.9020225474621145,0.9907144738270934,0.8943575055789043,0.7448411540431774,0.7782444305894078,0.9657216909707738,0.6765709056871954,0.7782444305894078,0.8914556699755821,0.7318926495549154,0.8079384380598224,0.7782444305894078,0.8739210119869605,0.800157805053048,0.9830217891505058,0.9790409942193984,0.8338172326800511,0.8276427011134797,0.869794920767839,0.8312377708050867,0.9592529065033616,0.9063771521583942,0.7313893219144969,0.9219010142901853,0.9761735887434648,0.7939189990264275,0.6895387241522708,0.8914556699755823,0.7466203210169489,0.771035768130236,0.7602523570069697,0.7126305074895536,0.7224564850054487,0.8356947337145706,0.8415165991231524,0.8935018390543255,0.7675756232194881,0.7575793480087789,0.9404375064731249,0.9928061824244829,0.8475218860027953,0.8537335648142306,0.8873572712489706,0.8383527938687041,0.6586203889971971,0.8413492931182434,0.9588076656426445,0.8230587046024089,0.7988815097742484,0.8483430878810556,0.8300371089395653,0.8501636709280131,0.5374778427094234,0.9736273022046276,0.9561690972006016,0.7955526704565763,0.9109196780153331,0.9058382739618145,0.8822645576775778,0.7707511864043153,0.8348761011009557,0.9446827327189797,0.9820964406608133,0.8630956242275993,0.8212446787980056,0.9237022647983724,0.8012561674442811,0.7484034190420026,0.9904221926783411,0.9606829725527186,0.752558356845255,0.8961225594262117,0.8859786689676714,0.7575793480087776,0.908683373780483,0.887727477062909,0.7127510056251867,0.9226858904593129,0.9037152364217149,0.9300051631726556,0.7798375652619094,0.9632320616368805,0.49661337671203243,0.9351916092842891,0.7942421912915909,0.8966122270595576,0.8537335648142306,0.819843001544966,0.811461986090471,0.9263364722820324,0.8668942308995709,0.8965207831190922,0.8601795328531072,0.9468544434980326,0.8873545301242929
p146_V,0.7898486601443385,0.9432937551644589,0.8954023823601895,0.9250812961986936,0.9508971383859763,0.9635753483468392,0.8352686638344529,0.7884016635964688,0.9070160137452734,0.9615452872130625,0.9418654668890594,0.9493053971730234,0.9493053971730234,0.9250812961986936,0.913577797842458,0.9310312708012254,0.9462347596389562,0.9337692322192532,0.9596053879391779,0.9615452872130625,0.9639761796506592,0.9975839852098576,0.8973713569620818,0.9776371308016877,0.9390829980374291,0.9337692322192532,0.9462347596389562,0.9637851559795012,0.9615452872130625,0.9570835616876676,0.9274978432118417,0.9692769377093196,0.9447494136270196,0.9215378731313926,0.9508971383859763,0.9596053879391779,0.9525316455696202,0.9447494136270194,0.9635753483468394,0.9324854129452831,0.902741203339785,0.7995979460862804,0.9471168020443,0.9977811431789548,0.9462347596389562,0.8525292702713727,0.9542136024350834,0.8603369936042411,0.9324854129452831,0.8954023823601895,0.9559485503920393,0.8545932950871287,0.9337692322192532,0.9432937551644589,0.7504515182153704,0.98181078671843,0.9312172606999456,0.9508971383859763,0.9527010302283678,0.947752420917731,0.9091812387167528,0.9210812471096497,0.9096423096705528,0.9807840195689514,0.9577431256853024,0.9201654654521203,0.9559485503920393,0.9471999997959666,0.8355826110872577,0.9596053879391779,0.9238898933303423,0.9324854129452833,0.7782187417099931,0.9871959984331583,0.9508971383859763,0.8902416609981851,0.9404624926714933,0.9418654668890594,0.7819249664386074,0.9635753483468394,0.9998238347481487,0.9363880304285923,0.9287243013130126,0.9337692322192535,0.9508971383859763,0.920376187934179,0.9404624926714933,0.9834202735270471,0.8385937272379488,0.9493053971730236,0.9508971383859763,0.8954023823601895,0.8670360756633029,0.9873704368446219,0.9238240970282823,0.978266726045558,0.8933314369864678,0.8912695666285135,0.8464961345480223,0.8777975163363981,0.9312172606999456,0.9542136024350834,0.9508971383859763,0.9439474709045741,0.9086173135612573,0.9596053879391779,0.9102716897738727,0.7869450188228924,0.9488974039091764,0.8034565198481158,0.8800416198957275,0.9350697345319547,0.8631222787530044,0.9544588564256291,0.9542136024350834,0.8896842091060678,0.8779465587349309,0.9593605721085062,0.9635753483468394,0.9916310460031135,0.7817689056007439,0.8892155845940946,0.9390829980374291,0.7331334754181322,0.9859653849226513,0.9675951259066833,0.9525316455696202,0.7763047460900312,0.853283855347809,0.7291946247330889,0.9533619513001291,0.9736183137840242,0.9559485503920393,0.9635753483468394,0.9462347596389562,0.8815889130882115,0.9876770618313642,0.9559485503920393,0.9692769377093197,0.947752420917731,0.9872327239994373,0.9615452872130625,0.9501260447438982,0.9097700783194735,0.8912695666285138,0.9559566851226751,0.9339037414170341,0.9981325409442721,0.8106487443522892,0.7967756161717692,0.9615452872130625,0.9091812387167528,0.8607472522091428,0.9555398441554903,0.9692769377093198,0.9324854129452831,0.9496656005216332,0.9169426994374763,0.9259853716103592,0.9251662135150305,0.8337215482320728,0.9542136024350834,0.9556347289143003,0.8982096470613604,0.9390983012237013,0.9192233962368055,0.8413690071130536,0.9807840195689514,0.9729746309145171,0.943851136706642,0.9332153268971218,0.9493053971730236,0.9312172606999458,0.9054131988273757,0.9822175515163216,0.9444433456508098,0.9596053879391779,0.9422632192467122,0.892906616037578,0.8902416609981851,0.9146924482852168,0.9288624015119114,0.9312172606999456,0.5900695253755863,0.877670289669457,0.8905177901464345,0.8627880798184884,0.5802312722048528,0.7587734346678572,0.9262837350880504,0.9881959173184504,0.9722871256652579,0.8732143185568833,0.8841357084407879,0.9500805720293446,0.9508971383859763,0.9525316455696202,0.947752420917731,0.7424072611629242,0.8410267207478741,0.8954023823601895,0.45846236038947563,0.9508971383859763,0.8729445628956358,0.795543953239476,0.9615452872130625,0.9508971383859763,0.9300535008187538,0.918079042897614,0.8902416609981851,0.8617682235186919,0.9486563558223773,0.9493053971730236,0.9508971383859763,0.6911296691361122,0.9508971383859763,0.91624906551306,0.8748900904594732,0.841026720747874,0.9508971383859763,0.8983739487948559,0.9508971383859763,0.8636486621136636,0.9515217879472728,0.9192233962368055,0.8800416198957273,0.9542136024350834,0.7853943015979803,0.947752420917731,0.8973713569620818,0.9404624926714933,0.9909799053419359,0.9741113234145784,0.9215378731313923,0.9559485503920393,0.902741203339785,0.8466346433890406,0.9458556185436358,0.9839610029940284,0.9621698344437761,0.9937393740100616,0.9462347596389562,0.8892155845940946,0.947752420917731,0.9508971383859763,0.8146549792907976,0.9508971383859763,0.933605598722977,0.918079042897614,0.7449534020133965,0.721060295022832,0.7853943015979803,0.9525316455696202,0.9957812164793639,0.9390829980374291,0.8964416496516887,0.9418654668890594,0.8739011376245651,0.9542136024350834,0.8759848927128513,0.9097700783194735,0.7468739299406563,0.9493053971730236,0.9577431256853026,0.9251002593023416,0.9635753483468394,0.978795746311197,0.9484121620211804,0.9587973377153391,0.9759091249321667,0.9474748889212501,0.4458553544188326,0.7699646555192984,0.7577315976258656,0.8369172238728211,0.9596053879391779,0.8034565198481158,0.9169426994374763,0.9363880304285923,0.9048699718936315,0.9596053879391779,0.7953925200034222,0.9090827544381064,0.9645511776582261,0.9016827426948628,0.9250812961986936,0.9542136024350834,0.9215378731313923,0.7749200871902095,0.947752420917731,0.9542136024350834,0.9542136024350834,0.8052614894098254,0.9596053879391779,0.863727200979302,0.9554590978795059,0.8892155845940946,0.7779283143697304,0.9596053879391779,0.9508971383859763,0.9324854129452831,0.947752420917731,0.9559485503920393,0.8396138091088569,0.9433505326956116,0.9542136024350834,0.9324854129452833,0.7242825258216297,0.8214354212503414,0.9124696683389528,0.8615083264650418,0.9669835968892309,0.9158177727358401,0.9630444724753029,0.8769985528794618,0.9535979799037623,0.9472483006084296,0.7838845141374117,0.9215378731313923,0.918079042897614,0.9124696683389528,0.8292821462222392,0.9508971383859763,0.9559485503920393,0.9458556185436358,0.9337692322192535,0.9596053879391779,0.8868454810017546,0.9493053971730234,0.9508971383859763,0.9390829980374289,0.4731563323946123,0.9635753483468394,0.9559566851226751,0.9488477128073982,0.9363880304285923,0.6701788901147555,0.8876449934411474,0.8346191856858276,0.9390829980374291,0.9447494136270196,0.8462899393398311,0.9542136024350834,0.9215378731313926,0.818049088015594,0.9375331207684675,0.9169066530366744,0.9635753483468394,0.7905229607627162,0.9215378731313923,0.807864264293652,0.9462347596389562,0.9493053971730236,0.9828047536783365,0.8892155845940946,0.8043208177111412,0.773367259636109,0.8247832035705713,0.9508971383859763,0.8587016255621234,0.6291027557617734,0.922708936151958,0.7642590726529876,0.7838845141374107,0.9938866396749274,0.9508971383859763,0.9508971383859763,0.5024097331093755,0.7711256913494773,0.8961222571494831,0.9508971383859763,0.9615452872130625,0.9508971383859763,0.9250812961986936,0.9006279533325661,0.7664239224831364,0.9508971383859763,0.9262837350880504,0.9404624926714933,0.837836432444947,0.814621709039344,0.9508971383859763,0.8851268700668165,0.9192233962368055,0.7801439607674306,0.8355826110872577,0.9741270364328647,0.9074679597048854,0.9542136024350834,0.7592065617417093,0.9508971383859763,0.8040670844187323,0.9337692322192535,0.863806906695046,0.8356947337145704,0.0,0.8367671217737247,0.9447494136270194,0.9508971383859763,0.7565599163389215,0.9872327239994373,0.9508971383859763,0.7866564568430633,0.9475503157658898,0.9400545643111307,0.8214354212503414,0.7517200521801013,0.9508971383859763,0.9029121024359356,0.9887824175390698,0.9577431256853024,0.7953925200034222,0.8526730342747173,0.9515217879472728,0.994594060441222,0.8995766368965676,0.9542136024350834,0.5946754023241767,0.8902416609981851,0.9377253379624282,0.9837071086728632,0.9175426204185891,0.8749714078758026,0.9377253379624282,0.9559485503920393,0.9337692322192535,0.9508971383859763,0.9593605721085062,0.9763072382829421,0.9078499433527256,0.9418654668890594,0.9299638429727952,0.947752420917731,0.9514257683335167,0.9776371308016878,0.9881959173184502,0.8832024380225646,0.981381831638016,0.9432937551644591,0.8830900737847378,0.9070160137452734,0.7972924922038751,0.9451236844516557,0.6141710483710605,0.9971196828020042,0.9926931063209248,0.8996156023302126,0.9452945222517779,0.9615452872130625,0.9887758811158549,0.9192233962368055,0.9326301365954337,0.9881361984083077,0.9404624926714933,0.9857705189045636,0.9542136024350834,0.9215378731313923,0.9807840195689514,0.9155922226567081,0.9556347289143002,0.7850875317435486,0.708270342934189,0.9759790834075597,0.8760079532691363,0.9583984979655737,0.9080961023073579,0.9462347596389562,0.9386733230526458,0.9946344481652143,0.9723157551667554,0.9556347289143002,0.9377253379624282,0.8236714085807446,0.4750275494830224,0.8566505277931495,0.5777143866144245,0.9621698344437761,0.9079333388686723,0.9542136024350834,0.9938866396749273,0.9177021057109447,0.9895196008050116,0.668023307399799,0.9596053879391779,0.9361387975584143,0.8954023823601895,0.9577431256853024,0.9470913245351076,0.9913221015557613,0.9462347596389562,0.9692769377093198,0.9596053879391779,0.9274978432118417,0.8313727497886219,0.9158139617897607,0.9493053971730236,0.9493053971730234,0.8118391131890512,0.9927718861206731,0.9913221015557613,0.8759848927128512,0.9508971383859763,0.9577431256853026,0.9508971383859763,0.9508971383859763,0.7588298042991859,0.9377253379624282,0.9215378731313923,0.9508971383859763,0.9630647767694845,0.9962982818193877,0.9621698344437761,0.8894000200499048,0.8851268700668165,0.9298058441100165,0.9070160137452734,0.9743145807345088,0.8163356189353925,0.9447494136270196,0.998689452668635,0.9577431256853026,0.9203761879341787,0.9887650186521642,0.8607472522091428,0.9274978432118417,0.9447494136270194,0.947752420917731,0.8499461646223652,0.9577431256853024,0.8995766368965676,0.9542136024350834,0.9038035415131254,0.7739300446366844,0.9881361984083079,0.992693106320925,0.9476804655322011,0.9262837350880504,0.9909799053419359,0.6225325151695993,0.922708936151958,0.9542136024350834,0.9404624926714935,0.9525316455696202,0.9169426994374763,0.7850374619771381,0.8452423104895892,0.9559485503920393,0.8938767975645254,0.9462347596389562,0.9227510399128599,0.8933314369864678,0.9493053971730234,0.7801439607674308,0.9287243013130126,0.9635753483468394,0.812312718448401,0.8827042327454635,0.5751655771252311,0.8099835577726884,0.9404624926714933,0.9659780157059268,0.9215322787290985,0.9508971383859763,0.9559485503920393,0.9192233962368055,0.43961359182995463,0.9634382098178784,0.7739300446366839,0.9881959173184504,0.9778748351992477,0.8670360756633029,0.9377253379624282,0.777991256212438,0.9615452872130625,0.8296106003559924,0.9418654668890594,0.7647491558478429,0.947752420917731,0.9447494136270194,0.8878330234634915,0.8614669993715756,0.9363880304285923,0.805181258881861,0.8841079446138815,0.8169113144171272,0.6734945323182013,0.967100967856847,0.9513502009992278,0.8658418182833447,0.9270584362010044,0.9615452872130625,0.9390829980374291,0.8379746835443036,0.8748900904594734,0.8944847800126531,0.9162478915215844,0.9493053971730236,0.8028669104368943,0.8462899393398311,0.9471168020443,0.9774606088197603,0.9736183137840242,0.9203761879341787,0.9916530842778032,0.9881361984083077,0.7782692552438978,0.9274978432118417,0.9390829980374291,0.7496421269337041,0.9418654668890591,0.4584623603894735,0.9559485503920393,0.9635753483468394,0.9508971383859763,0.7139573690649708,0.8699031439713585,0.9898740686423377,0.922708936151958,0.9508971383859763,0.887168371969514,0.8902048861603422,0.9681207613454724,0.9250812961986936,0.9070160137452734,0.8954023823601895,0.8332212335784889,0.996660588215404,0.9299638429727952,0.7636240947825143,0.8871665345934714,0.9313656494466989,0.9577431256853026,0.9059407181827079,0.9312172606999456,0.9542136024350834,0.9621698344437761,0.9471168020442999,0.9798175375448483,0.947752420917731,0.9635753483468394,0.9432937551644589,0.98181078671843,0.9508971383859763,0.8473352221942345,0.8881911996032124,0.9596053879391779,0.7104977117339855,0.9975839852098576,0.7879732943666935,0.7517200521801014,0.9493053971730236,0.9559485503920393,0.9462347596389562,0.9493053971730236,0.9493053971730236,0.5772680848886071,0.9508971383859763,0.6791064075293489,0.8422277211857261,0.9508971383859763,0.9363880304285923,0.8943656982526555,0.9596053879391779,0.9542136024350834,0.42061130106292455,0.34915611814346004,0.9848910203339206,0.832062012291654,0.9594203044569571,0.9377253379624282,0.7220176842363972,0.9508971383859763,0.9102716897738727,0.9542136024350834,0.9363880304285923,0.7912862007463008,0.9113677351409673,0.9596053879391779,0.9525316455696202,0.9390829980374291,0.918079042897614,0.9950927970641263,0.9508971383859763,0.9937393740100617,0.9238898933303423,0.9274978432118417,0.8441922549828877,0.9418654668890594,0.9596053879391779,0.9324854129452833,0.9542136024350834,0.9515217879472728,0.8126938567104796,0.9508971383859763,0.9508971383859763,0.8861469711805039,0.9535979799037622,0.8737714100411209,0.9462347596389562,0.9998238347481487,0.9201654654521203,0.947752420917731,0.8854048870949385,0.8010995999443999,0.9508971383859763,0.9508971383859763,0.8212290483130443,0.981619154888806,0.9059407181827079,0.9885524069408245,0.8815889130882113,0.8526730342747177,0.8452423104895892,0.784001995646842,0.9350697345319547,0.9078499433527254,0.9508971383859763,0.6244775287216081,0.9559485503920393,0.9635753483468394,0.8367671217737247,0.9596053879391779,0.8908122932200715,0.9508971383859763,0.9508971383859763,0.7827848981124288,0.9508971383859763,0.8038284825883463,0.9404624926714933,0.8617682235186919,0.902741203339785,0.6712066004507788,0.9417626114543682,0.9773745246807053,0.8556227195178283,0.9508971383859763,0.918079042897614,0.8496047230439326,0.9525316455696202,0.7972924922038753,0.8205642278806152,0.773367259636109,0.9135777978424582,0.920376187934179,0.9525316455696202,0.8961222571494831,0.9508971383859763,0.8369078949358315,0.9203761879341787,0.9801945723164651,0.9109264520435436,0.8699031439713585,0.639600310600784,0.970223137147584,0.8587016255621234,0.9577431256853024,0.9730763478516944,0.9647913584340504,0.5542201299187841,0.9615452872130625,0.9250812961986936,0.9096423096705522,0.7670353703558733,0.9559485503920393,0.9493053971730236,0.9144193028520169,0.9675956872630855,0.9621698344437761,0.7028886947043731,0.9635753483468394,0.918079042897614,0.9635753483468394,0.8578089524354394,0.9458556185436358,0.922708936151958,0.8995766368965676,0.9508971383859763,0.9615452872130625,0.9975839852098576,0.8881730297134129,0.8681619357560897,0.9447494136270196,0.9493053971730234,0.7146280571706631,0.8974836658533196,0.9525316455696202,0.9623356286887419,0.8543632839137971,0.9913239936917141,0.9874408947408724,0.9508971383859763,0.8954023823601895,0.9508971383859763,0.9702641377775143,0.9615452872130625,0.7995979460862805,0.9363880304285925,0.8927560435416244,0.9508971383859763,0.777991256212438,0.8416859998638049,0.9363880304285925,0.8058346231513476,0.776792653536901,0.796591250927819,0.9559485503920393,0.9774402702058511,0.9938866396749274,0.8939544673975597,0.838109082152373,0.9377253379624282,0.8483782396901205,0.9635753483468394,0.9377253379624282,0.9508971383859763,0.9820922138479928,0.9647682499737456,0.8488293902512535,0.9743145807345088,0.8464015114623489,0.8459397716860007,0.9493053971730236,0.8436003040827784,0.8658418182833447,0.8995766368965676,0.8382456366045409,0.8016608579382385,0.9508971383859763,0.7969455184581442,0.8678736588799028,0.9250812961986936,0.9508971383859763,0.9067735960486836,0.9942907727414587,0.9596053879391779,0.9377253379624282,0.9493053971730236,0.8827042327454635,0.9337692322192535,0.9454906551028931,0.98181078671843,0.9113677351409673,0.9377253379624282,0.8191823016368884,0.9508971383859763,0.8706213787389915,0.9508971383859763,0.9596053879391779,0.978795746311197,0.9239484101648903,0.9635753483468394,0.9729746309145171,0.8103158901326049,0.9080961023073577,0.9250812961986936,0.9508971383859763,0.858908534443626,0.994052947657494,0.9866582051039576,0.9759790834075597,0.918079042897614,0.9559485503920393,0.9274978432118417,0.7388131554982491,0.8579678050497165,0.8964416496516887,0.8308387495037688,0.8579678050497165,0.9250812961986936,0.9559485503920393,0.8892155845940946,0.8579678050497165,0.9635753483468394,0.9337692322192535,0.9078059071729956,0.9611168424359666,0.9493053971730236,0.9780296622223208,0.9363880304285923,0.9326301365954337,0.918079042897614,0.9377253379624282,0.9169426994374763,0.9647682499737457,0.6558731078686426,0.8881730297134132,0.9752939202844704,0.9250812961986936,0.9048699718936313,0.9604370851087702,0.9141754328202786,0.9113677351409675,0.9838585814857688,0.907805907172996,0.9542136024350834,0.9840851651092493,0.8974836658533198,0.9299638429727952,0.9798175375448486,0.9038035415131254,0.9559485503920393,0.9577431256853026,0.8834684723019263,0.9287243013130129,0.9040384689315533,0.920376187934179,0.9274978432118417,0.8885374552149388,0.9390829980374291,0.9741270364328649,0.9508971383859763,0.9032190637277586,0.9861632483507676,0.9158139617897607,0.9038035415131254,0.9566630997122423,0.9645511776582261,0.850646653241335,0.9136922823665362,0.9337692322192532,0.9288789627504792,0.9778748351992477,0.9807840195689514,0.9213039936474142,0.8260538048983148,0.9418654668890594,0.9021458520860284,0.9493053971730234,0.9349874905157678,0.8732143185568829,0.9542136024350834,0.9776371308016877,0.8902416609981851,0.9299638429727948,0.9014502300031315,0.9404244238472441,0.8678736588799028,0.8385348749320088,0.947752420917731,0.947752420917731,0.9591384456895178,0.9556347289143002,0.9059407181827082,0.9542136024350834,0.9930683085127945,0.9363880304285925,0.9577431256853026,0.8964416496516885,0.958797337715339,0.9776371308016877,0.9615452872130625,0.8892155845940946,0.9596053879391779,0.8480555883270952,0.9577431256853026
p147_D,0.7226739693037436,0.9599700120227945,0.3753490134278611,0.8890929890760418,0.8605006952168124,0.9908777073428441,0.9981863087318757,0.9565681736730507,0.6802492126081052,0.8677629859955869,0.7955069363729532,0.825672787074978,0.8256727870749783,0.8686188002217028,0.9849048226639177,0.9446352198140091,0.887154673417819,0.7978798632300286,0.8930334991339012,0.9413267702568655,0.5860163253293639,0.6847799425493393,0.9282332912823814,0.897305029552881,0.6510871761673129,0.7722474481848001,0.72475552951042,0.7608589935161958,0.9045448781262264,0.9456000362655379,0.855754652628332,0.8809287459442814,0.7143700573183083,0.9079340780783289,0.8898549672341265,0.8227836741603323,0.7394675237721806,0.7936407485097327,0.8747439046690526,0.8536087869778332,0.4210856967070786,0.7767195799489963,0.9908777073428441,0.7479563121220592,0.9142211974023856,0.4492013315825133,0.7507844886154756,0.6862414752389818,0.5863910029134731,0.6403125748123593,0.9457520766884306,0.4228218326719546,0.794872326531388,0.8050001170467127,0.8892764867245644,0.6224824389508063,0.797924085433478,0.831146423199498,0.7796307192054208,0.7354475081798959,0.6876949289878553,0.7273267797685115,0.99849623165068,0.708626590398425,0.741125226891358,0.6501444733803061,0.8597779310791211,0.6321373833154111,0.518359697373997,0.9313419384321768,0.7561750980461442,0.5863910029134729,0.8898549672341265,0.4238621090607686,0.831146423199498,0.46861954819566376,0.6847799425493393,0.8460574995249713,0.6071253410091049,0.8542772224254338,0.9264649662909463,0.914523191939712,0.9681394547088228,0.8205047415766165,0.831146423199498,0.863715382535356,0.9818976616271808,0.846698095268235,0.9579827254676423,0.8256727870749789,0.831146423199498,0.7142196141976218,0.5641747264943717,0.655948933508798,0.8401179909024565,0.6692022510066769,0.6972477720137666,0.36540910954926875,0.4270980772722963,0.47482066634030007,0.6663428505714739,0.9676785343596863,0.7285394965407903,0.9133595043152376,0.9778374374589922,0.752533849186763,0.70062793443765,0.4148709399484356,0.7905202806671947,0.49665933436417764,0.6525429387048559,0.8687280692572841,0.651676738907736,0.7185783373457144,0.7507844886154756,0.5694916264700407,0.9341416961934477,0.861092113458608,0.8155659548675027,0.5560834583318219,0.8790416600038076,0.7732209641531302,0.7724768594641588,0.8767692696970033,0.99849623165068,0.7933914420668358,0.7091985698826024,0.5950658606136727,0.9112422000431177,0.7182924545133287,0.5770259896215695,0.7507844886154751,0.9570129271953451,0.8747439046690524,0.6976890055258536,0.6776103744748103,0.628196107403302,0.8273662657070465,0.7625429349628967,0.8203324548260424,0.3264554569243143,0.7644180926980217,0.7410511970741303,0.5331462435742886,0.822381199379469,0.7028136961958797,0.7575542752039648,0.4750205398091254,0.767832685597658,0.43660927898465685,0.874763769089939,0.6876949289878551,0.8822554591765027,0.7540790827943417,0.9570129271953453,0.7901008342696885,0.9047766106072077,0.6614105850811214,0.7473362202515696,0.7732209641531304,0.8938128048974839,0.8446301476237548,0.9613268701331864,0.4187416933486139,0.47460184055240096,0.6403548016203803,0.8065859029127911,0.7086265903984249,0.7977016285855154,0.6341929552557501,0.947113500089245,0.6894338727722298,0.9169832390321795,0.96231933718004,0.8726728728286499,0.608425443930876,0.9664668509189611,0.7596485513693898,0.846190384935614,0.8760191177482799,0.9291828611924031,0.819824676489258,0.8637147028644799,0.8256727870749783,0.6997513690431852,0.6722243097326541,0.6119315675268682,0.6900377213560527,0.8050001170467128,0.9746255914050477,0.8758599594502998,0.8372005383026937,0.4388583935274125,0.47787019411519593,0.8649766619753698,0.831146423199498,0.8367671217737243,0.8465025174284119,0.7032806994712861,0.5285470002615564,0.7371327464608615,0.8256727870749783,0.831146423199498,0.40971050055567526,0.5157371892396196,0.8677629859955871,0.831146423199498,0.6172335684567636,0.7565155320112122,0.6539044558448539,0.5664055755091011,0.5248827794701749,0.6894338727722293,0.831146423199498,0.6182628931008944,0.831146423199498,0.7454180502469094,0.4446753241765382,0.4624349248025561,0.831146423199498,0.7703740124889737,0.831146423199498,0.5544627971782043,0.9775281885106577,0.8914586939824608,0.29491157113182787,0.7507844886154753,0.3149419222848655,0.8203324548260422,0.7376232163734007,0.7952640490644389,0.7804598720496001,0.663349809538055,0.7168212148799404,0.9570129271953453,0.7162916222188804,0.749013318268658,0.7525002305460438,0.8247833158923442,0.9667424582495754,0.7182924545133278,0.8151135627519484,0.7108885075491741,0.9036237117624288,0.831146423199498,0.6938529778897937,0.831146423199498,0.9822926701775676,0.9376998480057146,0.8485170805722069,0.8672091768155115,0.35272169964636335,0.8670360756633027,0.7143848277190621,0.6268092395079438,0.722821055221045,0.921883344252999,0.5386605160005749,0.8425509890153138,0.694235565707156,0.7381690171979374,0.4821864271512242,0.8256727870749789,0.9220526430026654,0.5097721012341626,0.8747439046690526,0.7489338687070879,0.788443958782185,0.8917301915843563,0.978410227345738,0.7336026945922235,0.9133404113163561,0.5916251975604603,0.6048131291054161,0.6398175707136973,0.752533849186763,0.4443662520272478,0.8467918613675076,0.7507103182625507,0.9990663786787832,0.752533849186763,0.9444917676834569,0.5103534556921476,0.9894170690238606,0.5488234482071853,0.8890929890760418,0.7195026022793821,0.7563206577264386,0.3840526659716974,0.6799200035556381,0.7195026022793823,0.9384758066320342,0.2631541871738228,0.9664668509189611,0.6851331665370266,0.531458695797479,0.33689376792543824,0.7917846938674518,0.9281584116206856,0.7578937685581042,0.8981450843218932,0.9853212789890557,0.892189596451196,0.35524449879362807,0.813045587163328,0.9384758066320342,0.7645361922897128,0.7222276254604909,0.3426981560381064,0.7354042515255135,0.6465135074314659,0.9370063872147557,0.6923200470165827,0.7177753395058375,0.6582441084211268,0.8011999848286611,0.7325663211729685,0.9045448781262266,0.7958201005729364,0.7374039932622707,0.5911742747490003,0.8425509890153136,0.831146423199498,0.8485170805722069,0.953374911435495,0.752630106536853,0.752533849186763,0.9769007179655418,0.9746652493326958,0.831146423199498,0.8938665427610049,0.861092113458608,0.9521664397849134,0.6726233415237138,0.5630155727347259,0.7975139964560254,0.8809287459442816,0.4987032982314745,0.2221601483810507,0.9847437739421487,0.8100057955331379,0.3924831870318799,0.8425509890153136,0.7696860281155864,0.2692318884991778,0.8050001170467127,0.7028136961958789,0.8542772224254337,0.3341739525410836,0.8945687076891813,0.28720631533971863,0.7247555295104204,0.8256727870749789,0.9786172098010899,0.7420547358511522,0.35856465902540835,0.3625262059893648,0.19731378764515617,0.831146423199498,0.5141070166648283,0.8433611864205066,0.746286572953056,0.9800587875744373,0.8677629859955873,0.4992524316735065,0.831146423199498,0.831146423199498,0.7678326855976576,0.6976882487963934,0.5438505999882306,0.831146423199498,0.978108662387505,0.6991852245234762,0.8686188002217028,0.4079006071543163,0.3264022136175009,0.7285394965407903,0.5898743736727001,0.9685827185265121,0.1774339351184301,0.2725376134608113,0.831146423199498,0.35730453958625996,0.8141959578710516,0.3456929108365623,0.3924133076053078,0.9424220209907138,0.8233719855228989,0.7195026022793822,0.3221041262296318,0.831146423199498,0.2555337359527011,0.8657544982697927,0.9518840460327134,0.6351580567882162,0.8367671217737247,0.0,0.8100057955331383,0.831146423199498,0.654666887082052,0.4014730849103775,0.831146423199498,0.912411300701869,0.6088472614718137,0.35946920538271776,0.1885957522949444,0.34254505988263073,0.831146423199498,0.883604227703196,0.6043884028863775,0.943218504954944,0.7799554253242713,0.5224842937384613,0.7093249576342471,0.6952137930571682,0.6332023977395709,0.7195026022793827,0.7794597469196707,0.6382352416312917,0.9526354118995055,0.5243335881176574,0.9468557191813929,0.23404773913940624,0.8096778557177702,0.7301312695908215,0.6168808364573256,0.831146423199498,0.96328332410747,0.6919049639984872,0.7369241763172907,0.8759144031389283,0.9815241873347047,0.8203324548260424,0.9980859159060003,0.8973050295528813,0.8203324548260424,0.9471586258290081,0.7872480405754185,0.8075751455130833,0.3744527337475474,0.9186529550612812,0.861092113458608,0.48932337420871597,0.8677629859955875,0.8050001170467131,0.9526354118995055,0.6938023875186605,0.8085789921651066,0.8011999848286612,0.7272427580122698,0.7801746775440486,0.9562700433188783,0.9147323139114283,0.759059372318799,0.4929782970003419,0.9051147616874999,0.7760703791496875,0.9961674840897725,0.8701128648070613,0.9379250310364492,0.8346908137388469,0.8000885584109014,0.7716961843536447,0.8120521304896475,0.621735252773298,0.718275937653416,0.9683542453715188,0.856663297926975,0.7538101679774231,0.7423716115458536,0.8046547388994403,0.8096778557177704,0.20301545156138912,0.9011896847149374,0.4508827406058995,0.7812528998027031,0.6510267667715841,0.8519427550905743,0.9676785343596863,0.8260449504152778,0.5812755543504079,0.7270177813814254,0.8177766435217086,0.861092113458608,0.8962728365698496,0.7209960511861111,0.8758540789337489,0.9880371141217228,0.7247555295104195,0.8871546734178191,0.8809287459442818,0.8962170259453925,0.9761284108222943,0.3181527656100458,0.4842580788562727,0.7179570104282762,0.6894338727722291,0.5163595034498367,0.8702468961600933,0.8692466107210817,0.5624352112348094,0.831146423199498,0.774807439901957,0.831146423199498,0.831146423199498,0.3974692753103264,0.7858515963541475,0.7168212148799408,0.831146423199498,0.3664710885751896,0.46059306572144276,0.7756270707601544,0.8568846472546141,0.3725650989404168,0.3976675566482253,0.9535310274378563,0.6765515156534141,0.4678234923124873,0.9157000504550399,0.985703617243215,0.8883704299920681,0.726191814002852,0.5012917203882056,0.5211414615992771,0.660909154792217,0.9157000504550397,0.8758599594503,0.7832436220640577,0.955734856013263,0.6166412183168177,0.7507844886154756,0.938895591650315,0.8200238589875917,0.993259196780284,0.6899706976461553,0.6188227950669982,0.5691362767716404,0.6876949289878556,0.7858515963541475,0.7741751295306649,0.8425509890153136,0.8447836689107455,0.8000054315513372,0.9262246523780133,0.5524878336058339,0.4253186686611641,0.8809287459442814,0.5150234588752876,0.815113562751949,0.8080363938419821,0.5856542447716251,0.8890958363645559,0.3456929108365623,0.6059590741967944,0.8542772224254336,0.18122176453248073,0.516379630813264,0.6765515156534136,0.30618167946845787,0.8828584219345672,0.7450853884177686,0.8845705920738918,0.831146423199498,0.7301312695908215,0.7994903615718998,0.8605006952168124,0.4742459532702097,0.7952640490644378,0.8480962071381715,0.7124827155238618,0.34112890439194554,0.9520595506460041,0.35059022658376526,0.8011999848286618,0.3336851149910597,0.8506391215629194,0.5704703975013492,0.8203324548260424,0.8892764867245642,0.6936916269143454,0.8421421542610046,0.7273084791658133,0.49465664301320356,0.7077686945558199,0.35132200973047123,0.5598474084051039,0.6970714934566915,0.4911606151894716,0.47424595327020924,0.7506815672849725,0.9045448781262266,0.7967547961235282,0.8367671217737249,0.4313690792295596,0.7976617513080742,0.6601246496586546,0.8256727870749789,0.38709893675411644,0.23209390281058562,0.8929884899833643,0.7037530133767218,0.8738328753514064,0.8051306963265286,0.7562489057874947,0.7172337288554191,0.8102155325371148,0.7869968572042475,0.8633540906453026,0.9350606110092428,0.6691305284929068,0.8827190623870713,0.7949546003349713,0.9908777073428441,0.831146423199498,0.7894357495388353,0.3317269094140717,0.5624687145957235,0.8262096225391028,0.831146423199498,0.6582505421810663,0.3109215415474187,0.6876949289878551,0.8686188002217026,0.43035994178923,0.7142196141976218,0.6660196617476941,0.9187496961187076,0.7438194738564747,0.9754697783358666,0.5171923010093098,0.5773926953550637,0.7411252268913595,0.7178973060732832,0.8417844970541459,0.9697576929681274,0.8039190767631206,0.913455172226983,0.7807710991870638,0.7354475081798966,0.9704110250992255,0.6526052505370016,0.7540636738128099,0.9927279446966171,0.7345759540566077,0.33053432451286957,0.861092113458608,0.8311464231994985,0.8447836689107451,0.2301305736996101,0.34254505988263073,0.8256727870749789,0.8921895964511959,0.842180086736515,0.8256727870749789,0.8256727870749789,0.7894357495388349,0.831146423199498,0.842180086736515,0.7808458192012901,0.831146423199498,0.7975139964560253,0.8339999282603134,0.861092113458608,0.7195026022793827,0.8883704299920676,0.8367671217737245,0.8256727870749789,0.3111697051649249,0.5421214310330604,0.7858515963541475,0.47142604973395175,0.831146423199498,0.6648675036541292,0.9697576929681275,0.7273084791658131,0.4022718603759765,0.5111322970705983,0.9281584116206856,0.9275739834424594,0.7905202806671949,0.9285193807516914,0.8695886061016358,0.8459565846100463,0.8711847645048652,0.7561750980461444,0.9340991766849507,0.6638062643758786,0.8207822179489627,0.9664668509189611,0.7422680436176833,0.7507844886154756,0.8615498729634964,0.5286072181911092,0.831146423199498,0.9485635112687547,0.42521622805481907,0.8677629859955871,0.4108121476401069,0.6706224815412873,0.8713327811009808,0.4423576763658501,0.8203324548260424,0.3306454115675914,0.32181757999627614,0.831146423199498,0.831146423199498,0.7333001182402685,0.8397019185032502,0.925514852909844,0.5631849270896769,0.48575837931528243,0.38122375697389654,0.37197612220206266,0.3724668004212046,0.7172337288554195,0.41664281086570476,0.831146423199498,0.8055160448651137,0.7301312695908215,0.8747439046690526,0.2755271920088793,0.752533849186763,0.4517995877596319,0.831146423199498,0.831146423199498,0.3618465792688126,0.8459565846100465,0.2878833874250961,0.6600201326261856,0.348010556036086,0.48874237757563066,0.8672091768155121,0.8608541223526678,0.47607173665740143,0.4846829188134091,0.831146423199498,0.6510267667715843,0.39364606512398836,0.8000054315513374,0.8962170259453925,0.7635889553397897,0.9231146714798855,0.8681391862112813,0.6684330951725979,0.8367671217737245,0.431791632437329,0.831146423199498,0.4238621090607686,0.9613565262167352,0.6824632817846041,0.6729504526895366,0.5319711707639075,0.8050001170467129,0.6839633915983836,0.5205233705864224,0.8883704299920676,0.9450141288188851,0.5563052144381009,0.8963131347056483,0.8011999848286616,0.82426836696321,0.7722474481848001,0.46788782933795847,0.8485170805722069,0.8256727870749789,0.7514047820067644,0.7634717983598409,0.7083613830184106,0.8393846987630449,0.8747439046690526,0.9185883092567726,0.8747439046690528,0.8747439046690524,0.6659929193641428,0.7941558919271765,0.6712280665048049,0.8311464231994983,0.8379818769593006,0.6847799425493393,0.8695434788338987,0.5323450016875704,0.7407936210487842,0.8256727870749783,0.829262415790843,0.6801552239475739,0.8367671217737243,0.5228179566791609,0.804304728947955,0.6849246303456207,0.6303546538694031,0.831146423199498,0.7142196141976218,0.9779177832860688,0.490492525823337,0.8677629859955869,0.7767195799489961,0.7812528998027037,0.4798952429555168,0.831146423199498,0.3505902265837655,0.23215018620677352,0.7812528998027033,0.354586112331603,0.4238621090607686,0.37820904701151425,0.7625429349628963,0.42180431988862854,0.8231096882708904,0.8178270354611406,0.42560936575063435,0.7376232163734007,0.6216940951935899,0.9316997575412947,0.8805807725551362,0.9927279446966171,0.9518535311310713,0.7645361922897133,0.47751883511817494,0.6938529778897942,0.24905974157343636,0.8311464231994983,0.8256727870749789,0.5420038877866054,0.33323259173746433,0.8484977302353598,0.3456929108365623,0.2908278961528623,0.831146423199498,0.3599894957028944,0.23316495372721735,0.8276704225130246,0.831146423199498,0.4944947655420382,0.8628529229940889,0.752533849186763,0.7858515963541477,0.8256727870749789,0.6448764144457401,0.8401220832245644,0.791432699193302,0.8511926216011774,0.8358088965637847,0.9044070319187589,0.23817545423763675,0.831146423199498,0.8239901380012875,0.831146423199498,0.861092113458608,0.6189046900913618,0.6155149568843241,0.8747439046690526,0.9040321756986966,0.6668987050595835,0.70154458779686,0.6229285339696335,0.831146423199498,0.5606600504135194,0.4955710591951332,0.6761041095323397,0.7869968572042477,0.8230306155120636,0.9246012618232706,0.8920699425476064,0.7465065254933929,0.7608589935161947,0.6438863787344353,0.24023824822756001,0.7608589935161947,0.622928533969634,0.7301312695908226,0.35247688207642724,0.7608589935161947,0.8747439046690526,0.8205047415766167,0.8670360756633029,0.6173898226432395,0.8035264233964159,0.7672446223944527,0.9379250310364493,0.8339529181093643,0.517245995528989,0.80967785571777,0.7143848277190621,0.7901008342696878,0.8256727870749783,0.8200238589875921,0.7070277881201341,0.7867220448043463,0.5030541178568197,0.6567436585318607,0.74373608156175,0.5832826525135297,0.8981450843218932,0.8670360756633027,0.7507844886154758,0.8273837912772664,0.9112749208758557,0.9968662932581831,0.9166956291133693,0.8566337175620287,0.7949546003349715,0.7411252268913591,0.8168284863472863,0.7548990778408027,0.769121874775288,0.8238329576842309,0.7869968572042474,0.8130984116105975,0.796754796123528,0.746506525493394,0.7285394965407893,0.7087079236878453,0.608425443930876,0.821334687695053,0.7032806994712861,0.913697219288255,0.9769007179655418,0.8748189862659321,0.9004178518288601,0.7722474481848001,0.7788885774795531,0.9468347264434094,0.9961674840897725,0.793207500233722,0.9529998241930714,0.6438552469168985,0.859088664892719,0.8320495610524626,0.8740972080571656,0.9396849046995173,0.7507844886154755,0.7697364776617591,0.6382352416312915,0.7591615797799509,0.936396648023593,0.9014747707655857,0.5740472629682527,0.9404253122393422,0.8742662697405407,0.763211260492025,0.5869497590482711,0.9847287092299236,0.5448826837094825,0.8738328753514066,0.531662917716833,0.8677195137462376,0.774807439901957,0.6763629205828723,0.8782485851449239,0.9881118912216156,0.9045448781262262,0.8995336386761013,0.8962170259453925,0.8744695199951633,0.774807439901957
p147_E,0.8964995650129082,0.44180329251956263,0.9107523671187101,0.9952662150283398,0.9428469360414604,0.6525857425357658,0.9113832243856761,0.9234645986710444,0.8917716903077888,0.9552408029353749,0.9658597103040234,0.9409942357230057,0.9409942357230057,0.5099286821444378,0.9156155380048929,0.8710529575837425,0.9919304969477558,0.6670029807020204,0.9529828655437629,0.5262238990709426,0.9678815402823022,0.930701575174463,0.7845765883534519,0.9447494136270194,0.9290959183459289,0.9229109835440805,0.991930496947756,0.9448810215177159,0.45214742792898566,0.771000409058519,0.9156114273620617,0.9487265052554266,0.9356913183279747,0.908674345896699,0.9428469360414604,0.9762777185243532,0.9447494136270194,0.8514469453376208,0.9576036838348734,0.6301164780212256,0.9208601429117476,0.9244246976009174,0.9576036838348734,0.9020120239820866,0.8445385534424806,0.8438664114883039,0.9467071200650465,0.8880325471109582,0.921416687638209,0.8782540541553361,0.9487265052554266,0.7024099836370974,0.9229109835440805,0.9339970109398132,0.9356913183279745,0.9199406273027306,0.9199406273027304,0.9428469360414606,0.8584672327106705,0.9391866557097979,0.8942918945731195,0.9157000504550398,0.9229109835440807,0.8867960431767519,0.9508152934266845,0.9855400337036124,0.9487265052554266,0.8658597358546525,0.893176520020466,0.6225806388649323,0.6813291686425781,0.921416687638209,0.9428469360414604,0.8049905346767257,0.9428469360414606,0.8722472547880544,0.930701575174463,0.8131511172044538,0.8273015792581513,0.8864720867133831,0.9323345609629294,0.7912616797541292,0.954241800259903,0.9229109835440807,0.9428469360414606,0.42409069150949463,0.930701575174463,0.7801896825720747,0.8806765550990439,0.9409942357230061,0.9428469360414606,0.5692746254673046,0.7407936210487829,0.8645849121197562,0.9170389579782947,0.9223484979500998,0.5783531791431245,0.8734436811123549,0.8493452356031737,0.8220206572416717,0.9917271981546154,0.5492945011215351,0.9428469360414604,0.6816899132573916,0.9719595298866284,0.9529828655437631,0.6723230151832413,0.7719447281133378,0.9290959183459289,0.807505714589273,0.5994393360160566,0.5660018282600815,0.8085544851979642,0.8819514474103319,0.9467071200650465,0.7815588414320955,0.7539031407898736,0.9529828655437629,0.964434201439255,0.8402927774016278,0.9020120239820866,0.5954286544189926,0.777538443810352,0.7458113902966335,0.8492634410370867,0.7248056426133496,0.9447494136270194,0.9858432867658979,0.7717865293404476,0.9046484553665961,0.8568329962206249,0.9467071200650465,0.7248979801204603,0.9576036838348732,0.9374201804111677,0.8207684949521046,0.8639231957010685,0.9859983918197512,0.9487265052554266,0.9391866557097981,0.857045895672754,0.9552408029353749,0.8286138420936351,0.8199228505261884,0.650531983071615,0.8994092506018596,0.9775723450801679,0.8223064904295256,0.9214166876382093,0.7281301321613105,0.9552408029353747,0.8942918945731191,0.6311775871296272,0.866293915947379,0.9859983918197511,0.9214166876382093,0.7205463645606602,0.9795142794845892,0.97925310600785,0.8151126965355124,0.857792193541137,0.9902930825832762,0.6498720808427025,0.7774665781182655,0.9179193815543989,0.8606159733902158,0.8722463878449835,0.7044347600033003,0.9170389579782947,0.8259410028852325,0.42746116500656806,0.9409942357230059,0.9199406273027304,0.9572068382915144,0.9144956926342866,0.9233171559311282,0.6225806388649312,0.8544735095381981,0.8485224323799814,0.8121843969645277,0.9007066431763935,0.9065603747321735,0.9641067145740576,0.9409942357230057,0.8696886211206439,0.6645277518664159,0.8402927774016278,0.9238496325630552,0.9339970109398132,0.7516797032516032,0.9951011472655114,0.8917716903077886,0.7046728979089054,0.7634578551008007,0.8942918945731191,0.9428469360414606,0.9447494136270194,0.9391866557097979,0.8880325471109582,0.7589701553057926,0.9107523671187101,0.9409942357230057,0.9428469360414606,0.973063689197885,0.7634578551008007,0.9552408029353749,0.9428469360414606,0.9716333368102844,0.9431379203344703,0.9669177592622797,0.9231941516290608,0.999251201983113,0.9409942357230059,0.9428469360414606,0.8658597358546527,0.9428469360414605,0.8397627738903011,0.8865741939597607,0.8388575504264026,0.9428469360414606,0.9858432867658982,0.9428469360414606,0.8325333514600275,0.895561120377129,0.43270936218766454,0.8603749609471993,0.9902930825832763,0.7932724727362865,0.9391866557097981,0.975500298406281,0.9307015751744634,0.8914873938168952,0.8172033011549011,0.8526773000912542,0.7248979801204603,0.8867960431767519,0.87704741016036,0.9253641867456626,0.7798331989778067,0.9046484553665963,0.9046484553665961,0.9374201804111677,0.5012783506547689,0.9391866557097979,0.9428469360414606,0.890520104676289,0.9428469360414606,0.7772517488887134,0.6334779650189165,0.9487265052554266,0.9184817171461352,0.7425483722735078,0.9447494136270194,0.9033258132980615,0.9290959183459289,0.5645873337810597,0.9658597103040233,0.843847163114755,0.9467071200650465,0.5544850334640967,0.8556531508423673,0.8247319789820513,0.9409942357230061,0.9508152934266845,0.8238915917771299,0.9576036838348734,0.9451097054097313,0.8390151798075174,0.9244246976009176,0.8544735095381983,0.603034768200167,0.9487265052554266,0.829554322433923,0.8229489814879899,0.7502106230987008,0.9529828655437631,0.8075057145892732,0.9062030212356196,0.9259591224230197,0.6958163649157987,0.9529828655437631,0.8331490001975539,0.8425145421826261,0.9813507987576179,0.9453364000661931,0.5923961992823077,0.9467071200650465,0.908674345896699,0.7828888451009721,0.9391866557097979,0.9467071200650465,0.9272932852315992,0.7162832035351503,0.4811018070011629,0.7733349506503651,0.8367276131213963,0.9024363921718168,0.8499574698575323,0.9529828655437629,0.9389176628943102,0.7646565283233949,0.4457539371773517,0.9859983918197512,0.803042467924812,0.8855640524750212,0.8012936905282451,0.764656528323395,0.905980420499302,0.8457612345646299,0.8981194480464401,0.8698606290925379,0.6989884747625932,0.8774693280239333,0.8149637373842853,0.5804311995490705,0.9552408029353747,0.8917716903077888,0.6003003702128973,0.9484490715653733,0.9431379203344701,0.9186062981675365,0.9467071200650463,0.9428469360414606,0.9487265052554266,0.8655713208380975,0.8036983259533208,0.9529828655437631,0.9508152934266845,0.771786529340448,0.9428469360414606,0.9779901913198821,0.9529828655437629,0.6525857425357655,0.8994092506018594,0.9899015998835281,0.7441318134503205,0.9487265052554266,0.8124915484069639,0.8765491194390718,0.7286441708363984,0.9356913183279747,0.6674710670087987,0.9467071200650465,0.9484490715653737,0.8509747080787348,0.9339970109398132,0.8994092506018592,0.9644342014392548,0.7616238813662282,0.45493004340450616,0.7755726733300907,0.9535591865156563,0.9409942357230059,0.8442327133210441,0.7837292619474381,0.7828888451009721,0.7842297379105649,0.7106364938583195,0.9428469360414606,0.8633105822387177,0.9073222074226133,0.7680423763892488,0.6993912625374503,0.9552408029353749,0.8259410028852325,0.9428469360414606,0.9428469360414606,0.921416687638209,0.926892837864771,0.6789516257432741,0.9428469360414605,0.6743768413548519,0.9428469360414604,0.8810325092648543,0.9179193815543989,0.941402059559062,0.9428469360414604,0.9559635246111837,0.5207863274564482,0.8710744360605067,0.8817920470639533,0.9428469360414606,0.9584954030753321,0.5883117662613198,0.7740567244084984,0.8024455298513344,0.6681491969266847,0.9126833901156504,0.9467071200650463,0.7705477907844192,0.9428469360414606,0.7180127381401399,0.9859587862883861,0.841478636549639,0.84836070897077,0.9447494136270194,0.8100057955331383,0.0,0.9428469360414606,0.8831126597162942,0.857045895672754,0.9428469360414606,0.9141982714487245,0.7978471057910118,0.8762666295743213,0.7164475786398381,0.7774665781182653,0.9428469360414606,0.9546345049154346,0.9664860384734404,0.9508152934266842,0.9159905215994684,0.8697487224008299,0.8955611203771285,0.8968368576541013,0.7833553606810635,0.9467071200650465,0.8855640524750212,0.8722472547880544,0.49666885246513226,0.8343435279019362,0.5768253126015022,0.8544735095381983,0.9275156757582277,0.9487265052554266,0.9229109835440807,0.9428469360414606,0.9762777185243531,0.9032712753818779,0.978252262065763,0.9323345609629294,0.9944777937421575,0.9391866557097981,0.7673213881165983,0.8114113318468932,0.9391866557097981,0.7622482528379304,0.9428469360414604,0.961969706303416,0.9247899824888337,0.5462899487804929,0.9529828655437629,0.8271476719118342,0.9552408029353747,0.9099530649250307,0.736591965705399,0.9805434929743857,0.9805663112989254,0.9552408029353747,0.8677628949178411,0.9837816225361296,0.9107523671187101,0.9244246976009176,0.9307015751744634,0.890520104676289,0.6752940958248903,0.9086743458966988,0.954924242646743,0.891704658307676,0.7912616797541294,0.8867960431767519,0.9323345609629294,0.9156114273620617,0.6429864871479384,0.7440995115376006,0.7174892053429947,0.9374201804111677,0.7908518201434283,0.7030597373952188,0.9127986978904696,0.9259591224230197,0.9275156757582277,0.7125900006192526,0.9323345609629297,0.8883766811321637,0.9259591224230197,0.9431379203344701,0.7485827903692641,0.5492945011215355,0.8259410028852325,0.86111985036367,0.9073222074226133,0.8867960431767519,0.9529828655437629,0.8252028315761546,0.9757489930454581,0.9508152934266845,0.9773177764454566,0.9374201804111677,0.7355179203693036,0.9859983918197511,0.9529828655437629,0.32258991237000534,0.6723507837332199,0.9020120239820866,0.9409942357230059,0.9409942357230057,0.8011877477069627,0.967580431117067,0.9374201804111679,0.6134712150334496,0.9428469360414606,0.9508152934266847,0.9428469360414606,0.9428469360414606,0.7960571656361155,0.9275156757582277,0.7731278487539048,0.9428469360414606,0.7855649902102717,0.8174231212707672,0.9046484553665962,0.8333395492831608,0.8970277449900297,0.9866756234407417,0.6867745390084224,0.8905201046762892,0.8198704548791862,0.9356913183279745,0.8722472547880543,0.9508152934266847,0.9073222074226135,0.7502106230987005,0.8379173649093348,0.8727778336746222,0.9356913183279745,0.9391866557097979,0.7854142280701435,0.574347351863432,0.8167085586413272,0.9467071200650465,0.49428033778449176,0.930701575174463,0.9707495588862809,0.9275156757582277,0.829554322433923,0.9141982714487245,0.8942918945731195,0.9275156757582277,0.9502774276431882,0.9467071200650465,0.9307015751744636,0.9447494136270194,0.8300145550490916,0.8391057200608767,0.8578437103370884,0.9487265052554266,0.8951646744396662,0.9374201804111681,0.9546345049154346,0.6746713970200229,0.8292303763277579,0.7740567244084984,0.9170389579782947,0.9644342014392548,0.7056242388070868,0.8543924912438263,0.890520104676289,0.7348294133657356,0.7202452719542993,0.8955611203771288,0.8674812582382021,0.9428469360414606,0.9487265052554266,0.9837816225361296,0.9428469360414604,0.9857574885038735,0.9307015751744627,0.9391866557097979,0.9599453718988955,0.8993350034316335,0.688607343057345,0.7801896825720747,0.9552408029353749,0.7231257403883,0.9323345609629294,0.8497546683289099,0.9391866557097981,0.6918006430868175,0.8781352288783884,0.748946359922537,0.8855214123617459,0.9307921816266713,0.8651079420618171,0.7239742119499583,0.8462121152122815,0.9086743458966988,0.8100057955331379,0.644966791741131,0.9156114273620615,0.6003003702128973,0.9779901913198821,0.9447494136270196,0.8865741939597607,0.890520104676289,0.8794637048361449,0.9409942357230061,0.7197295162601611,0.8558959967570534,0.9644342014392548,0.8639231957010685,0.9272932852315992,0.7780485685454374,0.8606159733902158,0.9244246976009176,0.889273814152042,0.7458113902966336,0.9779901913198821,0.8855640524750213,0.9323345609629297,0.9409942357230057,0.9487265052554266,0.6525857425357662,0.9428469360414606,0.9484490715653735,0.9926027687807661,0.7828888451009721,0.5266022084170559,0.9428469360414605,0.8686701132805101,0.7006075830764313,0.8942918945731193,0.9127986978904696,0.8917716903077886,0.5042779995405566,0.8662939159473786,0.7838170961848719,0.8203968155187433,0.9628942976868906,0.8594891528032416,0.8968564385234131,0.9508152934266847,0.5868186642831104,0.9917271981546155,0.8642934878799219,0.7874358248904114,0.49666151308401907,0.9620019617019888,0.9951011472655116,0.6525857425357656,0.933997010939813,0.9199406273027306,0.5842114597016241,0.8762666295743211,0.9010752173319363,0.9529828655437629,0.9428469360414604,0.9307015751744632,0.7647853880534363,0.803042467924812,0.9409942357230059,0.9859983918197511,0.9374201804111679,0.9409942357230059,0.9409942357230061,0.9086743458966989,0.9428469360414606,0.9374201804111677,0.9315707757470981,0.9428469360414606,0.6970019471465109,0.7676586377712836,0.9529828655437629,0.9467071200650465,0.9508152934266845,0.9447494136270194,0.9409942357230061,0.770701785555703,0.8684114426569796,0.9275156757582277,0.8210898379602247,0.9428469360414606,0.6723230151832418,0.6752940958248903,0.9730889887268284,0.7931903099733724,0.93316345352271,0.6933200547968152,0.6285318909523261,0.9290959183459289,0.7489463599225371,0.9290959183459289,0.9428469360414604,0.9046484553665963,0.8442327133210441,0.9579335751547247,0.9937660335010002,0.9149568459375,0.9762777185243532,0.8543498951915077,0.9467071200650465,0.6723230151832417,0.8223064904295259,0.9428469360414606,0.7024468607658529,0.9910409864724417,0.9552408029353749,0.8082134911047807,0.9374201804111679,0.7622482528379302,0.9070769378986239,0.9391866557097981,0.8666175126679686,0.7830367588314631,0.9428469360414606,0.9428469360414606,0.9033258132980619,0.9786056946230592,0.5171305001443631,0.7569075950991155,0.9074695803073856,0.8198985033796715,0.8041294045398011,0.800255621319889,0.8439509959722646,0.8669412593055823,0.9428469360414606,0.888032547110958,0.9487265052554266,0.9576036838348734,0.6879464935878323,0.9529828655437631,0.8100057955331379,0.9428469360414606,0.9428469360414606,0.7710004090585192,0.8206822618300824,0.9576858287987648,0.9307015751744632,0.8245405536663881,0.94288345814827,0.962001961701989,0.8867960431767519,0.8403049825412698,0.6999273973719906,0.9428469360414605,0.8259252898582853,0.7947630966537045,0.9447494136270194,0.9529828655437629,0.935360924437538,0.8356110017606388,0.7676353688902948,0.817377221549431,0.9447494136270194,0.9543185748336596,0.9428469360414606,0.8049905346767257,0.7387199155414439,0.8867960431767519,0.7581372429902181,0.9497858539588497,0.933997010939813,0.893028854730403,0.6367535362255414,0.9508152934266845,0.8521143720668205,0.8735272891513692,0.9374201804111677,0.9706827259226707,0.9127986978904694,0.9229109835440805,0.7895380199912552,0.9487265052554266,0.9409942357230061,0.8603749609471993,0.9917271981546155,0.9046484553665961,0.911411969661257,0.9576036838348734,0.8259252898582854,0.9576036838348734,0.9576036838348732,0.7261949925606044,0.9100373996478222,0.8831126597162942,0.9428469360414602,0.8966062547807158,0.930701575174463,0.930701575174463,0.6592910034849625,0.9356913183279749,0.9409942357230057,0.9199406273027306,0.8806765550990434,0.9447494136270191,0.9054236457666802,0.9073222074226135,0.8011877477069624,0.7760957524830121,0.9428469360414606,0.5367763125039307,0.9428469360414604,0.7888784557376951,0.9552408029353749,0.8439509959722643,0.9259591224230199,0.9496868486906058,0.9428469360414606,0.7801896825720747,0.7056242388070866,0.9259591224230199,0.7815421982726278,0.8049905346767259,0.7895380199912552,0.9487265052554266,0.8520607368025939,0.9618219652554874,0.781542198272628,0.7877432951704428,0.8805458336495586,0.6356025265762566,0.7305478572616387,0.6886073430573447,0.643329160233739,0.8855640524750212,0.9662633710722657,0.8186482473018308,0.8905201046762892,0.7239742119499581,0.9428469360414604,0.9409942357230059,0.8223064904295261,0.8721605895829596,0.783355360681063,0.7486965263003986,0.7469048842583317,0.9428469360414606,0.7620178857565236,0.9034073847232191,0.6336299578512432,0.9428469360414606,0.8198704548791862,0.5321543408360141,0.9529828655437631,0.9275156757582277,0.9409942357230059,0.7096903994443048,0.9229109835440809,0.9850854747694644,0.638398499984,0.8968368576541008,0.7365919657053976,0.6944403845798965,0.9428469360414606,0.9184817171461355,0.9428469360414606,0.9529828655437629,0.657035823581968,0.8698606290925377,0.9576036838348734,0.9170389579782949,0.7110156257508032,0.893028854730403,0.9127986978904696,0.9428469360414606,0.864196273220063,0.8246677232307253,0.8100732598281828,0.9579335751547247,0.904648455366597,0.985998391819751,0.9156114273620619,0.9141982714487245,0.9059804204993018,0.8794637048361449,0.7469048842583318,0.9059804204993018,0.9127986978904696,0.9487265052554266,0.8710529575837425,0.9059804204993018,0.9576036838348734,0.9229109835440807,0.9447494136270194,0.7209623927712894,0.8292303763277566,0.9141982714487247,0.5556123482350831,0.8782540541553363,0.9046484553665963,0.9275156757582275,0.9033258132980622,0.9662633710722657,0.9409942357230059,0.9307015751744632,0.8397627738903011,0.6336299578512434,0.9930012693850818,0.8124915484069637,0.9380544853452726,0.8488769712656346,0.7198098448893386,0.9447494136270194,0.9467071200650465,0.9238496325630554,0.8231029929343335,0.9184817171461352,0.6898360818511826,0.8880325471109582,0.9487265052554266,0.9508152934266847,0.9175038515540834,0.9599453718988955,0.8900239112942423,0.9353631805614121,0.9579335751547247,0.8897296817044202,0.9779901913198821,0.9187407159014391,0.9428469360414602,0.9762988267179673,0.8040835690316777,0.8339901383045344,0.8880325471109582,0.940598145604729,0.9508152934266845,0.8924520257599284,0.9203955946179487,0.9229109835440805,0.9374201804111677,0.6968033167362999,0.9088193584132743,0.9146393324117208,0.9907110207021093,0.9323345609629294,0.8789504041754541,0.9441180703023755,0.7587282366839079,0.8611198503636701,0.9467071200650463,0.9942907727414586,0.8722472547880544,0.918481717146135,0.7382938931765679,0.9193839619667783,0.9034073847232191,0.9081157632643155,0.8371553780673476,0.9391866557097979,0.8112504150761768,0.7912616797541288,0.9004154029074704,0.7382938931765679,0.869688621120644,0.6498720808427025,0.9508152934266847,0.8794637048361449,0.9244246976009174,0.689491704583848,0.9552408029353749,0.9024363921718168,0.9529828655437629,0.9443079183083238,0.9508152934266847
p147_F,0.7524297972473161,0.9413411539914585,0.8918007079504506,0.9225015741707872,0.9492063492063487,0.9623211158059548,0.7050163519970581,0.7509151724713103,0.9038142386822647,0.960221152322577,0.9398636845831869,0.9475597985845114,0.9475597985845114,0.9225015741707872,0.9106019687464653,0.5567710364845595,0.944383427890573,0.9314886672615048,0.9582144552981327,0.960221152322577,0.8875255844205965,0.938412400887346,0.935580996038617,0.9508971383859763,0.9369854052620163,0.9314886672615046,0.944383427890573,0.916441965519317,0.960221152322577,0.7739436107925906,0.9250013316406693,0.9544316996038,0.9428469360414609,0.9188361382271659,0.9492063492063489,0.9582144552981327,0.9508971383859763,0.9428469360414602,0.9623211158059548,0.930160641445072,0.8993922310882436,0.932833950574053,0.9623211158059548,0.912915131908919,0.9443834278905732,0.8474513194974065,0.9526370111116405,0.9004911494084333,0.930160641445072,0.8918007079504506,0.9544316996038,0.8495864161552136,0.9314886672615046,0.13408370177867746,0.9428469360414604,0.9288488221297497,0.9288488221297497,0.0,0.7383793872014479,0.9459533477380775,0.9060540201833016,0.831146423199498,0.931488667261505,0.8993922310882436,0.9562880686171875,0.8244397822834253,0.9544316996038,0.6473831763250288,0.7698078233874499,0.9582144552981327,0.92126914699118,0.9301606414450723,0.9492063492063487,0.8266892096935958,0.0,0.8864622842804517,0.938412400887346,0.9398636845831867,0.8233095582802461,0.9623211158059548,0.9398636845831869,0.9341976401680094,0.31108550994831163,0.9314886672615048,0.0,0.9176344520056336,0.938412400887346,0.8046479448175341,0.8939536575643376,0.03139863267861631,0.0,0.8918007079504506,0.831146423199498,0.8548949080074899,0.31108550994831163,0.48955645159511163,0.8896584524348263,0.8875255844205965,0.8198957816506434,0.8187498553347687,0.9288488221297497,0.9526370111116405,0.9492063492063489,0.8580633769736241,0.6072669396673074,0.9582144552981327,0.907182019415572,0.7973204052495684,0.9369854052620166,0.8289245259008584,0.8759110188590657,0.9328339505740528,0.8070467719220202,0.9094556823349389,0.9526370111116405,0.7833099084134079,0.9413411539914585,0.9582144552981327,0.9623211158059548,0.8580633769736241,0.9129151319089193,0.885400876353422,0.9369854052620166,0.9250013316406696,0.931488667261505,0.7554264789789613,0.9508971383859763,0.6339927913026551,0.9475597985845114,0.9152582079543838,0.8727631680356085,0.9526370111116405,0.9544316996038,0.9623211158059548,0.944383427890573,0.8453085223330421,0.879064442044788,0.9544316996038003,0.9544316996038,0.06018876900101988,0.8046479448175343,0.960221152322577,0.8244397822834253,0.8717146038820363,0.8875255844205967,0.9106019687464659,0.892875760974867,0.8420784215528956,0.9301606414450723,0.7583810530554915,0.9602211523225768,0.9060540201833014,0.8559522762859688,0.8811713725919912,0.9544316996038,0.9301606414450725,0.8950345750758599,0.9140827360776209,0.8938851835250172,0.5567710364845593,0.7367566674079002,0.9526370111116407,0.9341976401680094,0.7431708752992887,0.8972062142375332,0.9164419655193166,0.8612222667022558,0.8993922310882436,0.9262700211315917,0.8453085223330423,0.9225015741707872,0.9475597985845114,0.9288488221297495,0.6783615558233287,0.8538362113124116,0.8780124908814328,0.9582144552981327,0.6072669396673073,0.9200475251844384,0.5526275082095409,0.9117550006367756,0.8885909234541711,0.9288488221297497,0.9475597985845114,0.6394614409405057,0.8538362113124116,0.8580633769736241,0.9015943008452869,0.13408370177867734,0.9237454173815312,0.9459533477380775,0.903814238682265,0.8221755430097122,0.7897778653703145,0.9060540201833014,0.0,0.9508971383859763,0.9459533477380777,0.4895564515951115,0.8355526955775656,0.8918007079504506,0.9475597985845114,0.0,0.8685695845092951,0.7897778653703145,0.960221152322577,0.0,0.6951973979147161,0.9152582079543841,0.8864622842804517,0.6447787703816181,0.9049315186013059,0.9475597985845114,0.0,0.6473831763250286,0.0,0.8117838598171898,0.8388272306091986,0.8355526955775657,0.0,0.6339927913026551,0.0,0.7050163519970583,0.9071820194155717,0.9164419655193166,0.8759110188590655,0.9526370111116407,0.7711949776746383,0.06018876900101888,0.935580996038617,0.9384124008873462,0.9060540201833014,0.7554264789789611,0.9188361382271666,0.9544316996038,0.4951319232791844,0.8907283270583697,0.9027019168030599,0.897206214237533,0.9152582079543838,0.9152582079543838,0.944383427890573,0.885400876353422,0.9459533477380777,0.0,0.9027019168030597,0.0,0.7334713952978886,0.9152582079543841,0.9544316996038,0.9275522446953854,0.7711949776746383,0.9508971383859763,0.9140827360776205,0.9369854052620161,0.892875760974867,0.9398636845831869,0.8612222667022562,0.9526370111116405,0.8717146038820363,0.8717146038820349,0.8442340263447974,0.03139863267861631,0.9562880686171873,0.8289245259008584,0.9623211158059548,0.8333555867103808,0.8333555867103808,0.24376003609304187,0.8706662210952574,0.8748612665230131,0.9544316996038003,0.848519788337875,0.7973204052495684,0.7780046509581313,0.9582144552981327,0.8289245259008584,0.9140827360776214,0.9341976401680094,0.9015943008452874,0.9582144552981327,0.8517144868263773,0.8141237078825918,0.9562880686171873,0.8982973238138026,0.9225015741707867,0.9526370111116407,0.9188361382271666,0.8070467719220202,0.9459533477380775,0.9526370111116405,0.9526370111116407,0.7985559379258667,0.9582144552981327,0.7985559379258667,0.6499526646778642,0.885400876353422,0.8442340263447972,0.9582144552981327,0.9492063492063487,0.930160641445072,0.9459533477380777,0.9544316996038003,0.8022278398026612,0.8982973238138026,0.9526370111116405,0.9301606414450723,0.9164419655193172,0.7250134267509765,0.9094556823349389,0.8843412180810755,0.6848496741376313,0.7923174570100686,0.6911250629978627,0.8727631680356077,0.9602211523225768,0.903814238682265,0.9602211523225768,0.9188361382271668,0.9152582079543841,0.9094556823349389,0.9526370111116405,0.0,0.9544316996038,0.9027019168030597,0.931488667261505,0.9582144552981327,0.9562880686171873,0.9475597985845114,0.0,0.9369854052620163,0.9582144552981327,0.9623211158059548,0.9106019687464655,0.823309558280246,0.9341976401680094,0.9544316996038003,0.8333555867103808,0.8289245259008584,0.9369854052620166,0.9428469360414611,0.8409971458279799,0.9526370111116405,0.9188361382271659,0.8117838598171898,0.9413411539914587,0.9106019687464657,0.9623211158059548,0.7655931084723666,0.9188361382271666,0.7780046509581313,0.944383427890573,0.03139863267861631,0.92126914699118,0.885400876353422,0.8070467719220202,0.8082384637825222,0.8187498553347687,0.0,0.8538362113124116,0.9176344520056336,0.9200475251844387,0.9176344520056336,0.9602211523225768,0.8453085223330421,0.0,0.0,0.930160641445072,0.903814238682265,0.8591172857456586,0.0,0.9602211523225768,0.9492063492063489,0.922501574170787,0.8972062142375332,0.7897778653703145,0.9492063492063489,0.9237454173815309,0.938412400887346,0.8322525541058978,0.9634411459729271,0.0,0.8811713725919912,0.9164419655193168,0.7766590274917047,0.9952327064015152,0.9237454173815312,0.8704033497109469,0.9526370111116405,0.7960789049353036,0.0,0.7973204052495684,0.9314886672615053,0.8591172857456586,0.8300371089395653,0.9508971383859763,0.831146423199498,0.9428469360414606,0.0,0.8961186971729789,0.7399891659895361,0.0,0.9237454173815309,0.7948313236856197,0.8420784215528956,0.8152867967569688,0.8022278398026612,0.0,0.7698078233874488,0.8559522762859684,0.9562880686171873,0.6574604645689301,0.7250134267509767,0.907182019415572,0.908315805590151,0.8961186971729789,0.9526370111116405,0.8982973238138026,0.8864622842804517,0.935580996038617,0.8527760996057683,0.8738120195914167,0.8706662210952574,0.21151139151266862,0.9544316996038,0.9314886672615055,0.0,0.9582144552981327,0.9015943008452869,0.8129560940834346,0.9398636845831869,0.9275522446953854,0.06018876900102055,0.7478523304650295,0.9508971383859763,0.06018876900102055,0.9398636845831869,0.9492063492063489,0.9413411539914582,0.879064442044788,0.903814238682265,0.9582144552981327,0.8463809254714867,0.9602211523225768,0.9413411539914582,0.935580996038617,0.801009545737682,0.938412400887346,0.9602211523225768,0.7997856146881548,0.9164419655193166,0.5305546844946969,0.24376003609304187,0.938412400887346,0.9027019168030597,0.9526370111116405,0.9188361382271666,0.8993922310882436,0.8769613888066743,0.9341976401680094,0.8993922310882436,0.9398636845831869,0.9250013316406693,0.6827113291147924,0.7725735218970409,0.9049315186013058,0.9443834278905732,0.8141237078825918,0.8907283270583697,0.9225015741707872,0.9341976401680094,0.21151139151266984,0.8175997772209664,0.9398636845831869,0.8517144868263774,0.9341976401680094,0.9152582079543841,0.7539334992316542,0.9526370111116405,0.8453085223330421,0.7143607147557585,0.9176344520056336,0.8993922310882432,0.9582144552981327,0.7301312695908229,0.8918007079504506,0.9562880686171875,0.9164419655193166,0.944383427890573,0.944383427890573,0.9544316996038003,0.9582144552981327,0.9250013316406696,0.8255663034700989,0.9129151319089186,0.9475597985845114,0.9475597985845114,0.7125274559321444,0.9071820194155717,0.08671734220308636,0.8717146038820361,0.0,0.9562880686171873,0.0,0.0,0.8187498553347687,0.2115113915126693,0.9188361382271664,0.0,0.7334713952978882,0.8377384241745145,0.4006068367505189,0.8527760996057685,0.8811713725919912,0.8058499662916012,0.903814238682265,0.47795836130872293,0.8399134433261015,0.9428469360414604,0.8864622842804515,0.4408515443948542,0.9176344520056336,0.7711949776746385,0.6473831763250284,0.9250013316406696,0.9428469360414602,0.9459533477380775,0.7846176027958278,0.9562880686171873,0.8961186971729789,0.9526370111116405,0.9004911494084331,0.938412400887346,0.9328339505740528,0.935580996038617,0.848519788337875,0.9237454173815312,0.9060540201833016,0.9355809960386168,0.7223272158432528,0.9526370111116405,0.17526171623055564,0.9508971383859763,0.9140827360776205,0.8570084033315839,0.8399134433261015,0.4654487838138114,0.8570084033315841,0.5711669571562623,0.77934241058442,0.8896584524348263,0.9475597985845114,0.7766590274917051,0.9262700211315917,0.9623211158059548,0.8058499662916013,0.8463809254714865,0.7876282222528316,0.8034406041869142,0.938412400887346,0.9071820194155717,0.8822265994777512,0.0,0.9544316996038,0.9164419655193174,0.9492063492063487,0.8612222667022558,0.938412400887346,0.9459533477380777,0.9262700211315917,0.831146423199498,0.9355809960386168,0.8046479448175343,0.9602211523225772,0.7935775465776653,0.9398636845831869,0.8664724446651941,0.06018876900102055,0.9428469360414602,0.7143607147557588,0.9152582079543841,0.9341976401680094,0.7806724477786732,0.880117361849238,0.7318083230664854,0.8633240709217587,0.9188361382271666,0.6991852245234744,0.8612222667022558,0.9250013316406696,0.960221152322577,0.9369854052620166,0.9508971383859763,0.8388272306091986,0.9027019168030597,0.525843532183836,0.03139863267861631,0.7960789049353036,0.8409971458279799,0.9623211158059548,0.8790644420447877,0.9526370111116405,0.9176344520056336,0.9164419655193168,0.932833950574053,0.9015943008452869,0.9250013316406696,0.9369854052620166,0.500567215157067,0.9398636845831867,0.9475597985845112,0.9544316996038,0.9623211158059548,0.0,0.9188361382271668,0.8654234385275936,0.8070467719220202,0.9200475251844384,0.0,0.8832831707913575,0.8244397822834253,0.9060540201833016,0.34458474155865637,0.9038142386822647,0.8918007079504506,0.8811713725919912,0.7859181167692968,0.9275522446953854,0.9060540201833014,0.6598989712921809,0.8907283270583697,0.9562880686171873,0.9027019168030597,0.9288488221297497,0.9526370111116405,0.9152582079543841,0.9623211158059548,0.9275522446953854,0.9459533477380777,0.9623211158059548,0.9413411539914587,0.9288488221297497,0.9492063492063487,0.6783615558233285,0.8843412180810755,0.9582144552981327,0.9492063492063489,0.9384124008873462,0.7806724477786728,0.8022278398026612,0.03139863267861631,0.9544316996038003,0.08671734220308558,0.03139863267861631,0.03139863267861631,0.3741839079094693,0.0,0.944383427890573,0.4527606561376478,0.0,0.9341976401680094,0.535161772248302,0.9582144552981327,0.9526370111116405,0.9562880686171873,0.9508971383859763,0.03139863267861631,0.7960789049353036,0.8580633769736241,0.935580996038617,0.8409971458279799,0.0,0.9071820194155722,0.9526370111116405,0.9341976401680094,0.7935775465776653,0.9083158055901508,0.9582144552981327,0.9508971383859763,0.9369854052620166,0.9152582079543841,0.6284764518573093,0.9492063492063487,0.4006068367505189,0.92126914699118,0.9250013316406696,0.6848496741376318,0.9398636845831869,0.9582144552981327,0.930160641445072,0.9526370111116405,0.9071820194155722,0.8420784215528954,0.0,0.9492063492063487,0.8822265994777507,0.960221152322577,0.8377384241745145,0.944383427890573,0.9398636845831869,0.8244397822834253,0.06018876900102055,0.7569089328329721,0.7846176027958276,0.0,0.0,0.40880739824839063,0.6991852245234742,0.9027019168030597,0.8058499662916013,0.8453085223330421,0.8152867967569688,0.8399134433261015,0.7997856146881548,0.9328339505740528,0.8129560940834346,0.0,0.9004911494084331,0.9544316996038,0.9623211158059548,0.831146423199498,0.9582144552981327,0.831146423199498,0.0,0.0,0.7739436107925914,0.9492063492063487,0.7819949015164562,0.938412400887346,0.8570084033315841,0.8993922310882436,0.6856702229525599,0.8993922310882436,0.8344556057285131,0.8506512873935228,0.0,0.9152582079543841,0.8175997772209664,0.9508971383859763,0.9582144552981327,0.5526275082095407,0.7351207557283752,0.43182584581086747,0.9176344520056336,0.9508971383859763,0.8591172857456586,0.0,0.8266892096935958,0.9176344520056336,0.8993922310882436,0.8727631680356078,0.8654234385275936,0.9413411539914582,0.9049315186013054,0.8538362113124116,0.9562880686171875,0.8685695845092949,0.862273520033598,0.9443834278905732,0.9602211523225768,0.9225015741707872,0.2586095064370061,0.8129560940834346,0.9544316996038,0.03139863267861631,0.8759110188590655,0.9288488221297497,0.9152582079543841,0.92126914699118,0.9623211158059548,0.9152582079543841,0.9623211158059548,0.9623211158059548,0.9027019168030597,0.3647019568709454,0.8961186971729789,0.9492063492063487,0.9602211523225768,0.938412400887346,0.938412400887346,0.8322525541058978,0.9428469360414611,0.9475597985845114,0.9288488221297497,0.5210240199989242,0.9508971383859761,0.7684119013812074,0.3833143586062788,0.7125274559321442,0.7447432793600621,0.0,0.8918007079504506,0.9492063492063489,0.758381053055492,0.960221152322577,0.9328339505740528,0.9341976401680097,0.855952276285969,0.0,0.7399891659895361,0.8058499662916012,0.9341976401680094,0.8058499662916012,0.8266892096935958,0.8129560940834346,0.9544316996038,0.7143607147557588,0.6716454483484393,0.8058499662916012,0.7431708752992889,0.9355809960386166,0.6761489807685291,0.9623211158059548,0.9355809960386168,0.9492063492063489,0.8982973238138026,0.930160641445072,0.8388272306091984,0.4779583613087228,0.8106069085572598,0.9492063492063489,0.03139863267861631,0.8420784215528954,0.861222266702256,0.5110414539348817,0.7766590274917051,0.7524297972473162,0.0,0.9856724533720749,0.8633240709217587,0.9225015741707872,0.0,0.8399134433261015,0.9428469360414604,0.9582144552981327,0.2115113915126694,0.03139863267861631,0.9114861522954751,0.9314886672615051,0.897206214237533,0.9288488221297497,0.9083158055901508,0.9355809960386172,0.8129560940834346,0.0,0.9275522446953854,0.0,0.9582144552981327,0.8333555867103808,0.8843412180810759,0.9623211158059548,0.9262700211315917,0.8022278398026612,0.904931518601306,0.9225015741707869,0.0,0.8322525541058978,0.8210376473859937,0.8506512873935228,0.9250013316406696,0.40060683675051967,0.9544316996038003,0.3227392978460525,0.9237454173815312,0.392115299153029,0.8928757609748668,0.7948313236856197,0.392115299153029,0.9225015741707872,0.9544316996038003,0.885400876353422,0.392115299153029,0.9623211158059548,0.931488667261505,0.9508971383859763,0.885400876353422,0.9475597985845114,0.9237454173815312,0.9341976401680094,0.8918007079504506,0.9152582079543841,0.9355809960386168,0.9140827360776211,0.930160641445072,0.9475597985845114,0.9384124008873462,0.7301312695908225,0.9225015741707872,0.9015943008452869,0.8333555867103808,0.42440193597169273,0.9083158055901508,0.930160641445072,0.9508971383859763,0.9526370111116405,0.9015943008452867,0.8939536575643379,0.9275522446953854,0.9275522446953854,0.9004911494084333,0.9544316996038,0.9562880686171873,0.5974763156586966,0.9262700211315922,0.8664724446651935,0.9176344520056336,0.9250013316406696,0.6549904556417999,0.9369854052620166,0.9237454173815312,0.9492063492063487,0.8366469404145511,0.8780124908814328,0.9129151319089186,0.9004911494084333,0.6623067578386677,0.9562880686171875,0.9188361382271666,0.5906675167558797,0.9314886672615046,0.944383427890573,0.926270021131592,0.8993922310882434,0.6040574193889983,0.7598430279509716,0.9398636845831869,0.6739104850582693,0.9475597985845114,0.8832831707913573,0.7143607147557586,0.9526370111116407,0.9508971383859763,0.8864622842804517,0.9275522446953852,0.9526370111116405,0.8982973238138026,0.8633240709217587,0.708808264663793,0.9459533477380775,0.9459533477380775,0.8322525541058978,0.9341976401680094,0.9027019168030599,0.9526370111116405,0.8591172857456586,0.9341976401680094,0.9562880686171873,0.8928757609748668,0.9328339505740528,0.9508971383859763,0.960221152322577,0.8854008763534222,0.9582144552981327,0.7197593917099125,0.9562880686171873
p147_S,0.7171776514183901,0.9126349348227398,0.7787147951083384,0.8931902497972588,0.5851464350463987,0.9229405345355657,0.9897477581724063,0.9822890476038205,0.8032844254553133,0.9186457666042602,0.8770114237684188,0.675208093607953,0.6032013146288726,0.8415030753570434,0.8403533788118116,0.8639751856712659,0.9204198120960367,0.8598831469664705,0.9524487759376711,0.9186457666042604,0.929092563899421,0.8740433118343505,0.951298902109999,0.9377836865370688,0.8711248729670615,0.8598831469664705,0.8862550362254635,0.805170881348853,0.9650737860076912,0.9509250846253965,0.8466154872169023,0.6022543090688918,0.9164658576765587,0.8340066608386398,0.6221989256021574,0.9145417437978427,0.8995766368965674,0.8831126597162942,0.9229405345355657,0.8571671175052393,0.7942406984776218,0.9631586703356184,0.9304693328855393,0.7762646524604564,0.9204198120960365,0.7051330331381185,0.9031349604797554,0.9685505339123424,0.8571671175052396,0.6917022034184575,0.9068053912485843,0.692379681150407,0.8598831469664705,0.977838624955035,0.8834149545618554,0.9098471282503018,0.8544842329828619,0.8961186971729789,0.9404251598649355,0.8894657784451026,0.9197522610767686,0.9196457578460988,0.9455580454038441,0.9223403764787008,0.9106019687464653,0.9000604878990929,0.988628774529005,0.8917997051140263,0.7994787976928384,0.9145417437978427,0.8389825607049834,0.8571671175052393,0.9186188500482274,0.7459634247600655,0.8961186971729789,0.9458033301344513,0.9052964331108346,0.9089152002046674,0.8867162633319161,0.9229405345355659,0.9408189766409163,0.954040497905644,0.8492101642117764,0.9402087566796575,0.8961186971729789,0.8315490164612094,0.936549554387319,0.7572568929822524,0.989405186153621,0.9287546220071028,0.8961186971729789,0.778714795108338,0.7374727841958166,0.9476733952650345,0.9356543373145081,0.8378793018828408,0.794456270289231,0.7699714700059184,0.700235559215107,0.7523187459012659,0.8544842329828621,0.9426205861955199,0.8961186971729784,0.8849408008739971,0.9699674755175896,0.9145417437978427,0.810172086506356,0.7272153979879432,0.5466224877296704,0.9538349474927796,0.7650269940759147,0.8916689472964012,0.8316057658155334,0.9067169789646199,0.9426205861955201,0.8228198635979487,0.9895595299788168,0.9588782372193383,0.9229405345355655,0.7791992138937838,0.9417274038964991,0.7656260953636835,0.8711248729670615,0.8996669749193114,0.9973253556379068,0.8623048654708161,0.8995766368965674,0.7854387659465503,0.9632352095242759,0.6184684662514626,0.8332684703053646,0.9426205861955201,0.9068053912485843,0.7838792003066443,0.8862550362254635,0.7858280633099084,0.5797299209157476,0.9068053912485845,0.9477170828887944,0.9245106322139443,0.7770974067253101,0.9186457666042602,0.8180982022068226,0.8300605852433469,0.8097517434792942,0.8867272547339622,0.6451763965692662,0.6973063584368868,0.9695991843441591,0.6019265656665138,0.9186457666042602,0.6998315410116702,0.7929644235262521,0.853289433141537,0.988628774529005,0.9133831509246999,0.9929739336850179,0.8720369070789851,0.9059517772252392,0.8049657314867165,0.9914466420731697,0.9426205861955201,0.9245014781129608,0.7472507199209576,0.8108183798177355,0.8291101870432285,0.98316850469706,0.8796404838116745,0.9625462746237226,0.7883495493497483,0.9707210114575817,0.8927512325175624,0.8544842329828617,0.9171360191366464,0.979594586166818,0.8074668986349149,0.9588782372193381,0.7674703984056312,0.9113082686631264,0.8469108399167193,0.8761706654189815,0.8321647952148616,0.9794270812148186,0.9632352095242759,0.9875539756042884,0.8925560297391986,0.8320700073838906,0.8328543179518313,0.8800330897565914,0.9203627110643426,0.9595554859827864,0.7564663847252742,0.7343743493661206,0.776703426617528,0.8788509282641707,0.8961186971729789,0.9759907361775702,0.9703548064795295,0.9255349418668277,0.9307187656535112,0.9416634109462474,0.8552250410556548,0.8961186971729789,0.7312033575271599,0.7129731694158914,0.9186457666042604,0.8961186971729789,0.991662939555408,0.8990599476138073,0.807353843829627,0.8129650468068528,0.8499532476889176,0.8927512325175624,0.8961186971729789,0.8917997051140258,0.896118697172979,0.8518926486983512,0.8047420729572727,0.8472686616917653,0.8961186971729789,0.9831685046970602,0.8961186971729789,0.8125730935790394,0.8553107642121001,0.8291101870432285,0.7462177885231038,0.9031349604797552,0.6890460990986775,0.9245106322139443,0.9885516075855594,0.9052964331108349,0.9421296844833309,0.8506455853602272,0.8838649142528043,0.9068053912485843,0.8855101065196795,0.6566481306188335,0.8883647716804242,0.9160605920535838,0.8749363683070703,0.956198576545774,0.9770858602922439,0.8049657314867165,0.889465778445103,0.8961186971729789,0.7840531310342953,0.8961186971729789,0.9003695455327125,0.9561985765457736,0.7249893839895218,0.9572308554995302,0.7367337011982935,0.9377836865370688,0.6743216659873825,0.8711248729670613,0.7809134539375333,0.9953734704865862,0.7498398845071058,0.9426205861955201,0.7376354352524626,0.7746054952488155,0.5879574704481595,0.928754622007103,0.9618517021806038,0.7326315587513783,0.9229405345355657,0.7756024935756753,0.5761157219737467,0.9787723767171894,0.7723089717944647,0.7815211570165692,0.8477244589101529,0.6746926084032805,0.7272153979879432,0.7069109409728538,0.9145417437978427,0.7558137935417215,0.8242851779280755,0.9245014781129608,0.8637563006885083,0.9145417437978427,0.7148234416988535,0.8296869469531022,0.9193362591562935,0.8131983326178946,0.8931902497972586,0.9031349604797552,0.9167020720905319,0.7511750421285802,0.8894657784451026,0.9031349604797554,0.9426205861955199,0.7479569748830315,0.9145417437978427,0.8201970673964268,0.9302136108222188,0.7656260953636838,0.604948385769158,0.9588782372193381,0.8961186971729784,0.9133831509246992,0.8894657784451028,0.9886287745290052,0.7793105059742869,0.7840606025325813,0.9031349604797552,0.8571671175052398,0.5613582602769086,0.654650709817473,0.8175983785111764,0.7278772797926543,0.8215379081576737,0.8782520626468691,0.9807888280305588,0.7583430334832887,0.965073786007691,0.803284425455314,0.9420701751854474,0.89177294538345,0.5943448869447265,0.8377958183335688,0.859951285225656,0.8961186971729789,0.9068053912485845,0.8714083569770366,0.8598831469664705,0.9145417437978427,0.9618517021806038,0.9992385990138163,0.8961186971729789,0.993704375978276,0.9524487759376711,0.9229405345355655,0.886727254733962,0.785942690512381,0.8654234385275945,0.929547842190574,0.6924830054082048,0.6666245074343593,0.8711248729670615,0.8831126597162946,0.7085551729432593,0.9426205861955201,0.958652294374053,0.7765945784978758,0.9895595299788169,0.997338055460662,0.9229405345355657,0.6999903467431497,0.8340066608386385,0.6751192062397763,0.8862550362254638,0.8927512325175624,0.99213420555168,0.9983360878981192,0.7833473316033615,0.6515004333534742,0.6293138833059841,0.8961186971729789,0.6896588994082282,0.9959041538043174,0.8617049034566793,0.9794462990907578,0.8027861169751546,0.941645608792272,0.8961186971729789,0.8961186971729789,0.9460767655266511,0.8004913037072151,0.7472335302982489,0.896118697172979,0.9186457666042604,0.8961186971729784,0.9259046396619866,0.7897699373705662,0.7129731694158912,0.8961186971729784,0.8702236433531143,0.9052964331108346,0.6569291052502424,0.7527326497397697,0.8961186971729789,0.7762387427327297,0.8534914491504231,0.7097175196527763,0.815376406785933,0.8964003490509322,0.9733015018920295,0.9031349604797554,0.7301854636320446,0.8961186971729789,0.6813891300981503,0.8884414464455952,0.7649143632380799,0.8682009684071821,0.7565599163389215,0.654666887082052,0.8831126597162942,0.8961186971729789,0.0,0.7412001446963061,0.8961186971729789,0.9487537604465681,0.9087483145435868,0.7953944245636682,0.6222313635184322,0.715190933867628,0.8961186971729789,0.7712857567936042,0.915556151277255,0.9956328547950859,0.956339855852318,0.8653764607612358,0.851287830700561,0.9035627995679736,0.8084501705191358,0.9031349604797554,0.5296978247328828,0.9458033301344513,0.9284021172811181,0.8151049016745695,0.8724269114298722,0.7354913214104719,0.9813736472622197,0.9068053912485843,0.8884414464455952,0.8961186971729789,0.9967852693591664,0.9287683109798639,0.924714316346829,0.7720470354328457,0.8481242132671176,0.8894657784451026,0.9481514252395502,0.8995766368965679,0.9245106322139445,0.9953734704865864,0.8961186971729784,0.880033089756592,0.771741425578949,0.8693218039282258,0.6420933219872027,0.8360506483869403,0.9420701751854474,0.8591521497142257,0.9512989021099988,0.9774498142723274,0.9384379605067439,0.965073786007691,0.9773214527818814,0.9997790217935905,0.9157565501955826,0.8626344708228051,0.8740433118343507,0.8446871587090534,0.8599512852256564,0.8838649142528046,0.8428102138526526,0.949307844417577,0.954040497905644,0.9436903228122142,0.9634696940503377,0.95271846262172,0.8577591574075054,0.8293359908760906,0.894337050204528,0.9770858602922439,0.910637005193371,0.8777412919677674,0.7966867035614484,0.7505693041675239,0.9284021172811183,0.6269617859286949,0.8039508118690938,0.9044182712551347,0.9868814625089897,0.8508127890003339,0.7533419064447598,0.9031349604797554,0.8905469223114307,0.7670591413214418,0.9301472048809083,0.8855101065196797,0.9524487759376709,0.9811144827170546,0.9768622811347983,0.9618517021806038,0.8051708813488545,0.9545845879666097,0.886255036225464,0.7659010756297326,0.9145417437978427,0.8731412310681068,0.6596732520952971,0.8218972369091531,0.8927512325175624,0.8927512325175626,0.6084763740995697,0.9230187807707169,0.886255036225464,0.7376354352524623,0.8961186971729789,0.9531174117707755,0.8961186971729789,0.8961186971729789,0.6872274437125552,0.868252626976677,0.8589357875457215,0.8961186971729789,0.6805592466738,0.7452632940992254,0.9955542648407524,0.8377579596656606,0.7762387427327297,0.8922117806847245,0.8252968849462845,0.9150859699484079,0.6709186655645221,0.9831722535970873,0.9948611757349095,0.9531174117707755,0.9547967519858331,0.9910675790629118,0.944339017007313,0.8466154872169025,0.9167681525221199,0.9703548064795299,0.9254470414752509,0.9531174117707755,0.8293545534924842,0.9031349604797554,0.8610115537985552,0.9990557969402876,0.8760552409148304,0.8983273721288971,0.9150041742663763,0.8702236433531143,0.9868845312964558,0.7107009408922331,0.8104252340497073,0.8204656595098915,0.9052964331108351,0.8995766368965679,0.8720369070789846,0.677571696751314,0.7735944829382242,0.9477170828887946,0.9586548727192219,0.8862550362254642,0.9143642386314565,0.7743335330711705,0.8927512325175624,0.6143492804518518,0.8761021015209907,0.9229405345355657,0.6190026319968613,0.716519292915745,0.9587635829197785,0.7744770265870806,0.8740433118343505,0.9681574584764614,0.853655590466589,0.8961186971729789,0.9068053912485843,0.9510164975792013,0.9186188500482276,0.8407729789392819,0.9696910817832282,0.9946003397516285,0.9298859761394196,0.8037175018868281,0.9284021172811179,0.709086648124414,0.9186457666042604,0.7692973156624234,0.835854588305343,0.6931892738755353,0.8894657784451026,0.8834149545618553,0.9551201270583277,0.8508127890003336,0.8654234385275945,0.8694380182676783,0.938502435962398,0.6126602286290415,0.6342679252544984,0.8589357875457213,0.8816200890808656,0.7339763346209482,0.9942300496758709,0.9884981945888786,0.993704375978276,0.8711810652604253,0.6871712265544665,0.8277307440056662,0.973125053422524,0.8927512325175624,0.7746317501630564,0.6748132219968512,0.971803912061864,0.8276967590207162,0.8599512852256558,0.9794462990907578,0.8291101870432283,0.9497379002435935,0.7245009674662393,0.873141231068107,0.7917814937520988,0.8979859252177944,0.9089152002046677,0.963235209524276,0.9068053912485843,0.971803912061864,0.8961186971729789,0.9665603255046986,0.7247689757027325,0.7511750421285802,0.8364841448033244,0.896118697172979,0.9559042565246652,0.6737356265011023,0.6998315410116707,0.8415030753570436,0.8032844254553133,0.778714795108338,0.9733465134386455,0.9603806413445852,0.8791091811518514,0.9421296844833309,0.8739749944588057,0.8979852301161761,0.9106019687464653,0.8010095457376829,0.8544842329828619,0.9821062119112849,0.8266892096935974,0.9718039120618638,0.902677534383324,0.889465778445103,0.9229405345355655,0.8800330897565918,0.9652100235177417,0.8961186971729784,0.9137642418635384,0.7634589213141179,0.6420933219872029,0.7704088878251923,0.750919232847839,0.5991391694053618,0.6671012547876342,0.8927512325175624,0.9477170828887946,0.886255036225464,0.8927512325175624,0.9287546220071028,0.9914894522117814,0.8961186971729789,0.9204198120960367,0.9004494419178448,0.8961186971729789,0.8654234385275947,0.7765216012257239,0.7751028022516899,0.9031349604797554,0.9618517021806038,0.871181065260425,0.9287546220071028,0.5989217292516407,0.9378115943641042,0.9212241569577779,0.7347026364410045,0.8961186971729789,0.810172086506356,0.9031349604797552,0.8654234385275945,0.5605754971957064,0.8580268318889415,0.9145417437978427,0.8995766368965676,0.8224263695049024,0.9561985765457743,0.901769748719865,0.8961186971729784,0.8749363683070706,0.8900331089872158,0.7820240988662364,0.9391087545604802,0.9408189766409163,0.8637757890946799,0.8571671175052393,0.9031349604797554,0.8101720865063557,0.6973063584368869,0.8961186971729789,0.970223678284496,0.8365762269239212,0.9650737860076912,0.7016679246337982,0.8862550362254635,0.8770114237684188,0.7197434593760985,0.8894657784451026,0.6622349379954056,0.6767929767115328,0.8961186971729789,0.8961186971729789,0.9130803117419259,0.9809871656173836,0.8665259651947386,0.6832871375704761,0.8394482358305895,0.7681184218641144,0.7399286131505118,0.7212327831290956,0.8626344708228053,0.7680360636046358,0.8961186971729789,0.7733559138145687,0.9068053912485843,0.9229405345355657,0.654666887082052,0.9145417437978427,0.6332023977395711,0.8961186971729789,0.8961186971729789,0.7470865173404722,0.8961186971729784,0.7302282968540119,0.8740433118343507,0.7075588558188874,0.7942406984776218,0.9609391628261605,0.8428102138526528,0.9554651774883877,0.7463336152429001,0.896118697172979,0.8266892096935972,0.7717485315586342,0.9759907361775702,0.8637757890946802,0.7970761952994457,0.9781579696504342,0.8171664408507364,0.8315490164612094,0.5655246681364152,0.8002760291177418,0.8961186971729789,0.7130723211401093,0.8315490164612094,0.9709098918537328,0.8697217142682012,0.9053109278279716,0.924355839846521,0.7062087271549757,0.8055174733115791,0.7492744870590519,0.9868691295343734,0.7279857843665416,0.9429210844216709,0.9186457666042604,0.9190338370173665,0.9116504572005335,0.703351933068102,0.9068053912485841,0.8927512325175624,0.9528349226319246,0.9375285758840217,0.9473071062272795,0.7781383271782756,0.8327425778329427,0.9561985765457737,0.686152445254048,0.8327425778329426,0.8010095457376829,0.9373671794167442,0.9756852343059237,0.9927238311597453,0.9186457666042602,0.936549554387319,0.5634005051889324,0.9058108984168913,0.8831126597162948,0.9647580114966432,0.868701290679939,0.7831179283211882,0.9858022141819286,0.8284632682979687,0.946605059594468,0.9358174202552716,0.7662716801187555,0.8961186971729789,0.8194519490678154,0.9331711877287372,0.7926359909179373,0.9186457666042602,0.7018483820732544,0.8654234385275954,0.7053989037041068,0.8961186971729789,0.8054271378400909,0.6190026319968611,0.6324132249967906,0.7220811858735869,0.926864494669825,0.7842070962387693,0.9068053912485843,0.7590113753264002,0.737250862868907,0.779713895930898,0.6436133450657828,0.8682526269766764,0.6961811477376108,0.9229405345355657,0.9284021172811179,0.8961186971729784,0.9324388895824057,0.9414911676344291,0.7249745414315015,0.8058919375199805,0.6610655134228196,0.7333563972694328,0.8927512325175624,0.7818562279367945,0.7161768939012261,0.8084501705191358,0.6779281065858014,0.5963608057163197,0.8961186971729789,0.7318057508618837,0.7204754264382178,0.8415030753570434,0.8961186971729789,0.8897468191846519,0.9498190556368229,0.9145417437978427,0.9885516075855596,0.8927512325175624,0.7370516535016467,0.8545338582422839,0.852915264712075,0.9928914711514616,0.8232213943578384,0.8983273721288976,0.6498067615665601,0.8961186971729789,0.711740910476603,0.8961186971729789,0.9967852693591663,0.8088000655869729,0.9590988439653596,0.9229405345355657,0.9356543373145081,0.9802410986257426,0.9387208527201389,0.944877424237474,0.8961186971729789,0.4968727979831493,0.778541974478925,0.9879554090690874,0.8996669749193114,0.8266892096935985,0.9477170828887946,0.8466154872169025,0.9465394167621604,0.8783146676704365,0.8091507249958954,0.6282892495705195,0.8783146676704365,0.8673466625771513,0.9068053912485843,0.7656260953636838,0.8783146676704365,0.9229405345355657,0.8884414464455952,0.871181065260425,0.7852959134252,0.8927512325175624,0.974930466144386,0.8949624583202778,0.799083372088077,0.8266892096935978,0.7407756860444537,0.8481610425035297,0.974184782236381,0.6032013146288718,0.9990557969402876,0.9972672119693928,0.8415030753570438,0.8204149604942712,0.8420980841096516,0.9833809859357285,0.8124908642099107,0.8852751342149694,0.9759907361775699,0.9031349604797554,0.9070976408827456,0.9693373622798923,0.8518325205937485,0.8518325205937483,0.966926078019385,0.9068053912485843,0.9106019687464653,0.9970711697105313,0.9298859761394203,0.8562851256108635,0.9301472048809083,0.8881270742710539,0.9939696720625568,0.9324146244726688,0.8964003490509325,0.8961186971729782,0.9661469977721233,0.8454344032830192,0.9164473805868922,0.9024026899511128,0.9677612241908813,0.9956328547950859,0.9337231676669702,0.9904533337375462,0.8598831469664705,0.9545845879666099,0.9298859761394196,0.9068600528531927,0.8372088747894693,0.8751409981138476,0.8770114237684188,0.893793946226142,0.9992385990138163,0.9948260994322273,0.9224353351030062,0.9031349604797552,0.9377836865370688,0.9157471835607242,0.8518325205937483,0.9784081623729504,0.9403797215177443,0.8997133843013521,0.8970240010712486,0.9595554859827866,0.9245106322139445,0.9116757865942324,0.8949624583202778,0.8228483522233683,0.9389225366571855,0.881468977965303,0.8654234385275947,0.9106019687464653,0.9653845734174902,0.9631586703356184,0.937783686537069,0.9186457666042602,0.8049657314867167,0.9145417437978427,0.9150470013730421,0.9531174117707755
p148_G,0.9711782991785065,0.8996065556926158,0.5838662167238965,0.9798495696656483,0.7969095271386524,0.9301516024075414,0.8185739683901774,0.8169224366145933,0.5076286183531884,0.8826723723783977,0.7687161165969224,0.8145236181207491,0.759214895236036,0.8210449877449245,0.9163845239407307,0.9671812915717548,0.9435517058943512,0.7365058536917064,0.9755132836179136,0.8826723723783979,0.7354788333608963,0.7871401483953783,0.8446470987747128,0.9285387190524059,0.7811847363169382,0.6492930024488199,0.8385832488776672,0.6846336149529366,0.8826723723783978,0.9049519244349563,0.6975827304925288,0.8295864425972179,0.8058084202723013,0.7568587152065689,0.7684493465640945,0.907403173345051,0.840497711631859,0.8314271579725276,0.8550872530468148,0.817757838786797,0.6294621534808189,0.964694892450245,0.9197196988710055,0.77208889740448,0.9697938201485222,0.4921983114200362,0.8481713308694636,0.5897392413169238,0.7313982749191235,0.7433904691724262,0.8875935086546551,0.5140510962677519,0.6492930024488199,0.7247691406252725,0.9123854650252072,0.726353026245872,0.7688775090217483,0.7399891659895361,0.9198925613333795,0.8459731339328604,0.5706585689631622,0.7971218964454787,0.8023131191052217,0.6950581033125338,0.831884192252338,0.7434607205131973,0.9504424083764613,0.8948639135911878,0.8595547863973894,0.9904316612456552,0.7560198694781775,0.7313982749191235,0.9107502494368844,0.6560001475787156,0.7399891659895361,0.7000622337085005,0.7871401483953782,0.8177269779326579,0.7492515583618142,0.8926194277271782,0.8667378392683933,0.9284369518269135,0.9324161701145446,0.9558634050700895,0.7399891659895361,0.7589563318266204,0.9728032557575015,0.8139950816007149,0.9248917576934458,0.7315605337936808,0.7399891659895361,0.677737376831387,0.5541216598902146,0.6729514084877111,0.7878254648102052,0.8375427287696572,0.6992780177632447,0.597979521649522,0.5912289978069603,0.5596570818000557,0.7476152676338101,0.9998167427047309,0.8331081253920931,0.8060684915355528,0.8611214109887625,0.8392930630721879,0.7123650747792136,0.5517923758341401,0.9598921648627732,0.6312739849026237,0.6816763408647417,0.8531873485669537,0.6053597489605702,0.775290642057364,0.8481713308694636,0.6727053935297345,0.974731416429038,0.8733481182086195,0.9301516024075414,0.43587279043471416,0.9011013915812943,0.6196863996882609,0.7811847363169385,0.7523046829843159,0.9783293295163953,0.7647134293535267,0.8111507091583435,0.8091313607931306,0.8812784060133264,0.8070924294937531,0.5055218253876828,0.8481713308694633,0.8875935086546555,0.9197196988710055,0.8123411346234962,0.7059675296273095,0.9376774579927913,0.9190179585155588,0.8247446089328487,0.7502552768256678,0.47067590729562525,0.8470108069580574,0.5923673014560225,0.5634089199012979,0.7049234307583682,0.5958047257675492,0.8452268310641657,0.45137773950798743,0.8825275116875528,0.59533681257618,0.953995503219078,0.6394113573875404,0.5939641904482252,0.912879444767073,0.9867086919017329,0.6640847780071599,0.8514929393717139,0.779597692049715,0.7673028383113663,0.8916389237709953,0.9251183935314891,0.9998167427047309,0.8830588503991518,0.6771189167598237,0.6531579622349599,0.6973636896991849,0.8911623318956727,0.6622601283966765,0.9023373095376381,0.7837938415192061,0.8805967059651959,0.798315321686256,0.784615421831552,0.8929909946097049,0.7866305075055242,0.7495593741618605,0.9074031733450509,0.8045618133723744,0.8862250484934079,0.9127495495455025,0.9977728908826964,0.6601881574134612,0.9972378357109326,0.9365871288980401,0.6183446909143133,0.6919028551201509,0.4764830789005927,0.8046310168535602,0.8249356216071683,0.9916779981174833,0.9805636636800179,0.9641410198240419,0.42906227342695347,0.6092014718072369,0.9144225110850615,0.7399891659895361,0.9872327239994373,0.926727451781155,0.8375427287696571,0.6495696423550876,0.5712933423086959,0.9804497867748898,0.7399891659895361,0.5786814655159638,0.6459150894510794,0.8826723723783978,0.7399891659895361,0.6321711362751428,0.6403275854606392,0.5251482585995639,0.40296952821828114,0.6684586237305841,0.798315321686256,0.7399891659895361,0.8545082375942988,0.7399891659895362,0.8057613841973421,0.5865458380452568,0.5854712513402416,0.7399891659895361,0.9857912114505165,0.7399891659895361,0.6793889323405844,0.8022378955510396,0.7722731073171095,0.5372020077044903,0.8481713308694635,0.5613366174220655,0.7771733827750993,0.8446470987747128,0.8111458079800908,0.7418135467930372,0.5125889553342724,0.8027333378192716,0.8875935086546551,0.7145783482020321,0.9226755063327747,0.709664611484239,0.8471667742336563,0.9182689921824951,0.7144452939198014,0.9697938201485222,0.7103372410491724,0.9117639125222567,0.7399891659895361,0.9212967606275129,0.7399891659895361,0.87368998443604,0.9520250180139717,0.9818668582373643,0.9727822696574472,0.6101753593101573,0.9578857215259216,0.7619233993809993,0.757646272787821,0.7296939400545951,0.9647595619398641,0.6040539330367785,0.9694876603376774,0.6627979484519652,0.946766601453872,0.8029763424060143,0.7315605337936808,0.9068654210599805,0.6462466582750495,0.8550872530468148,0.721553357276767,0.9897000202816426,0.8122900197831739,0.818701712776472,0.7056944585970859,0.9190179585155585,0.7915160589041115,0.8955517486220573,0.6938725687845373,0.8392930630721879,0.6185989084671437,0.798601712066541,0.8376807489713897,0.9956249416901568,0.8392930630721879,0.9348566954145289,0.6329801756272313,0.9395217193959406,0.6576964510975146,0.8011944150048338,0.81784224850241,0.8984741958571326,0.6547831023824588,0.792136922033998,0.8178422485024102,0.9091960101941088,0.49552376440923696,0.8733481182086197,0.7919295337903309,0.4986092269617717,0.5592525054476531,0.9987382915663385,0.9904316612456552,0.8046479448175349,0.860937620720634,0.8190550279834297,0.9504424083764612,0.6155557609116107,0.7887349126977763,0.9088294956035704,0.7745780568529612,0.8719071589977481,0.6008622317741771,0.9517527950324828,0.7986538365027143,0.8961687511833113,0.5932258596184277,0.5427906308578478,0.6389736404368118,0.8470108069580577,0.6259836854011884,0.8470108069580579,0.9367705390722767,0.955327846412076,0.6870595655698051,0.939525092561162,0.7399891659895361,0.7667375428754115,0.9277328916000213,0.8023131191052217,0.8392930630721879,0.9395217193959406,0.8812784060133264,0.7399891659895361,0.9363537013336558,0.8733481182086196,0.9301516024075411,0.8164656442482829,0.5467385788382169,0.7923026475436278,0.8875935086546552,0.6704778024186957,0.4687955881783369,0.8282616633751726,0.707435563423396,0.518062745507613,0.9694876603376773,0.603673342345991,0.44981968298892017,0.7247691406252721,0.7204746472793417,0.9301516024075415,0.5820137449341063,0.7644369946041272,0.547356343120263,0.7860990203693252,0.7315605337936808,0.9128684700175769,0.8614219766506914,0.6177155873160425,0.525462397009494,0.365409249605516,0.7399891659895361,0.41224420374959925,0.9672240099992058,0.7699919961826611,0.8346900329802878,0.9033582350995619,0.7314616744573099,0.7399891659895361,0.7399891659895361,0.9472971845883078,0.9810488865451845,0.607553963512729,0.7399891659895362,0.9183339377987378,0.8046479448175351,0.9202978514453768,0.620823160235177,0.5847257267113419,0.8615683059666512,0.7469382493243448,0.9071684463189384,0.39307783843015187,0.5222116276031807,0.7399891659895361,0.587373091146664,0.7160910441036659,0.5526270079245927,0.5787012505012321,0.7670446918288194,0.9914482283352901,0.8178422485024102,0.6432230112199746,0.7399891659895361,0.47831510808566624,0.9119918947944132,0.7677326698845324,0.7272513084858742,0.9872327239994373,0.4014730849103775,0.857045895672754,0.7399891659895361,0.7412001446963061,0.0,0.7399891659895361,0.9916779981174833,0.6486938446141106,0.4575777478877706,0.37674925249894664,0.6032431297419678,0.7399891659895361,0.7130225067993943,0.598922289614005,0.995165683932139,0.9082692307810014,0.7378201635534838,0.9582583693734581,0.5831365389877881,0.6968136652955798,0.8178422485024104,0.9189863565106491,0.5555321608619928,0.9139487299142951,0.5263356951360845,0.7581196424323788,0.5167230152309666,0.7395431143877949,0.8247446089328486,0.7584416088295454,0.7399891659895361,0.9904316612456552,0.6881136593373947,0.8623178251524783,0.8637024233850623,0.9643637623654486,0.7502552768256681,0.876367691233606,0.9872327239994373,0.7233371708762366,0.8177269779326581,0.8331081253920931,0.9997730366745122,0.6227892734478468,0.7484252459165323,0.9223215509727927,0.5021833517923819,0.918333937798738,0.7998940013616944,0.9139487299142953,0.8056788681536329,0.9071684463189384,0.8470108069580577,0.7094399083194426,0.7408156781663799,0.868552015982412,0.834591528559832,0.7631344888106676,0.6928901283984085,0.9998167427047309,0.7261406513889836,0.9574419026393935,0.9331759172235703,0.9057479011130323,0.8293712604075343,0.9647595619398642,0.6568336500093328,0.9144156269705473,0.6782189807184564,0.736641410648991,0.9697938201485223,0.7573363654802221,0.7041375084348831,0.901046993893809,0.9284369518269133,0.7395431143877951,0.36090251350235636,0.9892649926077318,0.7221569783463078,0.83768074897139,0.8223190282104386,0.7330836207003228,0.8785004132365171,0.9022131561094184,0.6926682606344753,0.8536234582687046,0.8949672102392483,0.8201563855634992,0.9957269003856614,0.8372616292799149,0.9298530872602186,0.9655439310201539,0.8123411346234961,0.8385832488776674,0.9867086919017327,0.8733481182086195,0.793053763467512,0.4678524787301961,0.6650721558487989,0.8259696831286129,0.798315321686256,0.44753304573325714,0.8510499403991414,0.7940271515639381,0.5918057852014886,0.7399891659895361,0.8645404905882984,0.7399891659895361,0.7399891659895361,0.5721563105046419,0.8781463766669586,0.7644369946041274,0.7399891659895361,0.37110553695811976,0.5298376648041865,0.7329747210345918,0.7537428945630974,0.6169645778394284,0.6112849938444207,0.79914884607996,0.9212967606275126,0.5037590712158058,0.9851395841738868,0.9127495495455025,0.8088965260521002,0.6351740589440416,0.5107272867041943,0.32988444963474817,0.7115556025011194,0.9892416781258868,0.9805636636800179,0.8071247513526703,0.8971967889242584,0.6968136652955799,0.8481713308694637,0.7659716913059663,0.8831627867342262,0.9460990724431222,0.7753454676351301,0.6464854839079077,0.7469382493243446,0.6050349631753509,0.9012469203801523,0.7069592684189772,0.8485378454600021,0.7807579790798047,0.8698447141053749,0.9629892554774279,0.5514016175154646,0.5523909947309452,0.8924353423190239,0.6794502833991369,0.951479837088965,0.798499669898225,0.5910834785019767,0.9089327674556833,0.5892533894177809,0.7577466042332979,0.9301516024075412,0.3890875452523703,0.3841386335713748,0.8606349592567035,0.5028105842738482,0.8351514675648021,0.9723991978165778,0.8432490986383525,0.7399891659895361,0.8247446089328486,0.7595430325708612,0.9469488476903253,0.5893081844549026,0.7807579790798049,0.8040914887245316,0.7784024192767753,0.5286802307269081,0.867747642487907,0.6166629406066033,0.8826723723783978,0.524741483605125,0.8882078540529299,0.831495307193427,0.7502552768256681,0.9636229404256602,0.7675670988929797,0.7296718926364865,0.8149916982575085,0.6571927587698925,0.5335502005528783,0.5318575664993392,0.9611935528861193,0.8601778526419883,0.5299868902307636,0.548292698903632,0.9560500854002986,0.953995503219078,0.8753385904334068,0.9540732710535316,0.5091401097607435,0.8206498621125353,0.5933280287641702,0.7592148952360369,0.5347257388917548,0.4403107237836591,0.9301516024075412,0.9304625614393999,0.8485378454600017,0.8725568835571215,0.7722731073171095,0.8531873485669531,0.9290435945380622,0.7523046829843159,0.8421998472171874,0.918986356510649,0.7932215472647892,0.8698323410054627,0.8875935086546548,0.892619427727178,0.7399891659895361,0.9674886028898624,0.5517569405008268,0.6424272640269866,0.7312476454124125,0.7399891659895362,0.5370630078534766,0.4758899476914029,0.8972343139789662,0.9605987121140804,0.6300701788685343,0.677737376831387,0.8947758917299575,0.979872168983603,0.7632690430671002,0.8793191236417979,0.36805425066341346,0.6419396775628259,0.8318841922523382,0.6928901283984088,0.7688775090217482,0.9694876603376773,0.785260173980858,0.8926194277271776,0.9224611170473793,0.8728912398822923,0.892619427727178,0.774398454465245,0.917713198737315,0.890028486541209,0.9251682532895882,0.5852314431316357,0.9755132836179136,0.8538298882877686,0.9247919365880775,0.40072379592514973,0.5786178674026823,0.7315605337936808,0.9867086919017329,0.7415429230555954,0.7315605337936808,0.7315605337936808,0.8143032300292854,0.7399891659895361,0.8648253631318381,0.8542447201585123,0.7399891659895361,0.792302647543628,0.890731001051054,0.8542114406999304,0.8178422485024104,0.972178017731901,0.9578857215259216,0.7315605337936808,0.3752232575701485,0.6389242327641067,0.6702414832482124,0.8210450698387737,0.7399891659895361,0.677693858374232,0.9088294956035704,0.769613596829747,0.4948249300645311,0.6648713646133764,0.8733481182086195,0.9578857215259217,0.8988770539625242,0.936798419297286,0.9930309080789929,0.8900284865412089,0.9738572735268667,0.8344441697478773,0.9967991658834953,0.5877930602532664,0.8667378392683935,0.9755132836179136,0.7745780568529604,0.8481713308694636,0.7817075075891775,0.5163208652582401,0.7399891659895361,0.9961307911605586,0.6511405133066233,0.8826723723783978,0.5432942094296929,0.8123411346234963,0.8667378392683933,0.5294117101822,0.7502552768256681,0.35891164311908164,0.5329494840373801,0.7399891659895361,0.7399891659895361,0.7252450866954561,0.9739052410847662,0.8103115099992148,0.5619077830461876,0.5090499644442519,0.36429853142810087,0.5394615435795309,0.5898062568681977,0.786282822236979,0.5890549204809994,0.7399891659895361,0.870583193763355,0.8247446089328486,0.8550872530468148,0.42691451407368364,0.8392930630721879,0.5045454610674573,0.7399891659895361,0.7399891659895361,0.61195157042304,0.833108125392093,0.6169422682337342,0.7631344888106666,0.5175243678022117,0.6130631660228905,0.9224611170473791,0.9769621475288917,0.7155181814751168,0.6111965692021306,0.7399891659895362,0.6926130384069058,0.6654609191762193,0.9285387190524059,0.8542114406999302,0.692259721042922,0.942719201150831,0.987624479090327,0.7021560559613693,0.777991256212438,0.6754575903173737,0.7399891659895361,0.5675768440442015,0.7210894812497868,0.7473763231178905,0.781557729466063,0.6904320061090397,0.9997730366745122,0.7178962940037497,0.5448225215017517,0.995165683932139,0.8181575305299735,0.5830826603561812,0.8910674773860091,0.8826723723783978,0.7620929847131757,0.6931645127244972,0.6387390849667227,0.9190179585155579,0.7315605337936808,0.5815045600179825,0.9814999229011293,0.785260173980858,0.9498890045104489,0.8071231748299155,0.9890838722435524,0.994784048231732,0.994784048231732,0.6928901283984082,0.687587093033853,0.5645759135508979,0.8253697077132105,0.8826723723783977,0.7871401483953784,0.9247919365880772,0.6097339954531518,0.8570458956727546,0.7868692566783926,0.8484021459953657,0.5522227542794731,0.9872327239994373,0.47569789065979373,0.7677080359629573,0.5481058832761092,0.4611937400067033,0.7399891659895361,0.677737376831387,0.9107502494368847,0.5724878541633949,0.8826723723783977,0.9423933836735868,0.6631601353232304,0.6881274344409649,0.7399891659895361,0.5056636112974151,0.41377615065148676,0.8673615917481574,0.611023936083402,0.719159650103369,0.6635811672095848,0.8247446089328486,0.39098711716794843,0.7968768832846798,0.9816140748311714,0.5718105818919748,0.7984460113483247,0.7613254081473043,0.892619427727178,0.7984460113483245,0.890028486541209,0.8530736168168237,0.8609376207206341,0.49748637725466627,0.7871008959408756,0.39552975714351335,0.8538298882877684,0.7315605337936808,0.5552867407083915,0.5209490418694521,0.9216081412988251,0.5892533894177807,0.5297394984215449,0.7399891659895361,0.5534423659077845,0.5156472919173197,0.7813438422647436,0.7399891659895361,0.6589124850327781,0.9595208464736601,0.8392930630721879,0.7395431143877951,0.7592148952360376,0.723967939869913,0.7370360230001746,0.7178275662345259,0.9972378357109326,0.9446823772268964,0.867747642487907,0.417261789804533,0.7399891659895361,0.8596071490702746,0.7399891659895361,0.8733481182086195,0.6655399844263739,0.4981100704706871,0.8550872530468148,0.8403698644072066,0.6949368935884002,0.5985764168965373,0.7813438422647437,0.7399891659895361,0.8422533720769101,0.4223242539165537,0.6377095349199081,0.8745519244339053,0.970554445128762,0.9867086919017329,0.9624517536333081,0.8876833468556682,0.7033609693574177,0.546097003332922,0.37033104259264327,0.7033609693574177,0.8011944150048342,0.8247446089328494,0.5894694525679569,0.7033609693574177,0.8550872530468148,0.9339276499322515,0.8660322636329849,0.6499033468085647,0.7983153216862559,0.8876833468556682,0.7923026475436279,0.6338741157136893,0.6926130384069066,0.8781463766669584,0.5785318359532872,0.8799836876763443,0.8421779795631059,0.9551797654883625,0.5700287221396592,0.7217921240444728,0.6548229857613472,0.6832466911332142,0.6381762480400051,0.6648713646133767,0.8177578387867972,0.9578857215259217,0.8481713308694638,0.6960088795057311,0.9882718168482435,0.859607149070275,0.8051716883851703,0.7384213337885634,0.8875935086546549,0.8318841922523382,0.958597835415451,0.6225789444623884,0.8761972009926252,0.7298411853861237,0.9356755451587003,0.8870616742484337,0.875338590433407,0.6900813605503617,0.8046479448175344,0.5620301681559896,0.7058148637911881,0.8647892014686024,0.5566987763232261,0.8048935321170358,0.9298530872602185,0.8410296810344158,0.912835273921142,0.6492930024488199,0.8910674773860092,0.8610256794506838,0.9769621475288917,0.9680428026455561,0.8716095985403991,0.7687161165969225,0.8943319186808321,0.8812784060133264,0.760380091666232,0.9186162496694947,0.8481713308694636,0.8698447141053747,0.6011080142556358,0.6291425998208928,0.9698541749282157,0.885636477770042,0.6583119367196879,0.947078620530983,0.8459731339328611,0.8728912398822922,0.638341694878793,0.9284369518269132,0.6593411622267498,0.9395250925611625,0.5096988880268802,0.7923026475436274,0.8645404905882984,0.49886597790167353,0.9423933836735868,0.8991917165788904,0.8470108069580575,0.7155407636650553,0.8733481182086196,0.9028760839027306,0.8645404905882984
p148_Y,0.7524297972473161,0.9413411539914585,0.8918007079504506,0.9225015741707872,0.9492063492063487,0.9623211158059548,0.7050163519970581,0.7509151724713103,0.9038142386822647,0.960221152322577,0.9398636845831869,0.9475597985845114,0.9475597985845114,0.9225015741707872,0.9106019687464653,0.5567710364845595,0.944383427890573,0.9314886672615048,0.9582144552981327,0.960221152322577,0.8875255844205965,0.938412400887346,0.935580996038617,0.9508971383859763,0.9369854052620163,0.9314886672615046,0.944383427890573,0.916441965519317,0.960221152322577,0.7739436107925906,0.9250013316406693,0.9544316996038,0.9428469360414609,0.9188361382271659,0.9492063492063489,0.9582144552981327,0.9508971383859763,0.9428469360414602,0.9623211158059548,0.930160641445072,0.8993922310882436,0.932833950574053,0.9623211158059548,0.912915131908919,0.9443834278905732,0.8474513194974065,0.9526370111116405,0.9004911494084333,0.930160641445072,0.8918007079504506,0.9544316996038,0.8495864161552136,0.9314886672615046,0.13408370177867746,0.9428469360414604,0.9288488221297497,0.9288488221297497,0.0,0.7383793872014479,0.9459533477380775,0.9060540201833016,0.831146423199498,0.931488667261505,0.8993922310882436,0.9562880686171875,0.8244397822834253,0.9544316996038,0.6473831763250288,0.7698078233874499,0.9582144552981327,0.92126914699118,0.9301606414450723,0.9492063492063487,0.8266892096935958,0.0,0.8864622842804517,0.938412400887346,0.9398636845831867,0.8233095582802461,0.9623211158059548,0.9398636845831869,0.9341976401680094,0.31108550994831163,0.9314886672615048,0.0,0.9176344520056336,0.938412400887346,0.8046479448175341,0.8939536575643376,0.03139863267861631,0.0,0.8918007079504506,0.831146423199498,0.8548949080074899,0.31108550994831163,0.48955645159511163,0.8896584524348263,0.8875255844205965,0.8198957816506434,0.8187498553347687,0.9288488221297497,0.9526370111116405,0.9492063492063489,0.8580633769736241,0.6072669396673074,0.9582144552981327,0.907182019415572,0.7973204052495684,0.9369854052620166,0.8289245259008584,0.8759110188590657,0.9328339505740528,0.8070467719220202,0.9094556823349389,0.9526370111116405,0.7833099084134079,0.9413411539914585,0.9582144552981327,0.9623211158059548,0.8580633769736241,0.9129151319089193,0.885400876353422,0.9369854052620166,0.9250013316406696,0.931488667261505,0.7554264789789613,0.9508971383859763,0.6339927913026551,0.9475597985845114,0.9152582079543838,0.8727631680356085,0.9526370111116405,0.9544316996038,0.9623211158059548,0.944383427890573,0.8453085223330421,0.879064442044788,0.9544316996038003,0.9544316996038,0.06018876900101988,0.8046479448175343,0.960221152322577,0.8244397822834253,0.8717146038820363,0.8875255844205967,0.9106019687464659,0.892875760974867,0.8420784215528956,0.9301606414450723,0.7583810530554915,0.9602211523225768,0.9060540201833014,0.8559522762859688,0.8811713725919912,0.9544316996038,0.9301606414450725,0.8950345750758599,0.9140827360776209,0.8938851835250172,0.5567710364845593,0.7367566674079002,0.9526370111116407,0.9341976401680094,0.7431708752992887,0.8972062142375332,0.9164419655193166,0.8612222667022558,0.8993922310882436,0.9262700211315917,0.8453085223330423,0.9225015741707872,0.9475597985845114,0.9288488221297495,0.6783615558233287,0.8538362113124116,0.8780124908814328,0.9582144552981327,0.6072669396673073,0.9200475251844384,0.5526275082095409,0.9117550006367756,0.8885909234541711,0.9288488221297497,0.9475597985845114,0.6394614409405057,0.8538362113124116,0.8580633769736241,0.9015943008452869,0.13408370177867734,0.9237454173815312,0.9459533477380775,0.903814238682265,0.8221755430097122,0.7897778653703145,0.9060540201833014,0.0,0.9508971383859763,0.9459533477380777,0.4895564515951115,0.8355526955775656,0.8918007079504506,0.9475597985845114,0.0,0.8685695845092951,0.7897778653703145,0.960221152322577,0.0,0.6951973979147161,0.9152582079543841,0.8864622842804517,0.6447787703816181,0.9049315186013059,0.9475597985845114,0.0,0.6473831763250286,0.0,0.8117838598171898,0.8388272306091986,0.8355526955775657,0.0,0.6339927913026551,0.0,0.7050163519970583,0.9071820194155717,0.9164419655193166,0.8759110188590655,0.9526370111116407,0.7711949776746383,0.06018876900101888,0.935580996038617,0.9384124008873462,0.9060540201833014,0.7554264789789611,0.9188361382271666,0.9544316996038,0.4951319232791844,0.8907283270583697,0.9027019168030599,0.897206214237533,0.9152582079543838,0.9152582079543838,0.944383427890573,0.885400876353422,0.9459533477380777,0.0,0.9027019168030597,0.0,0.7334713952978886,0.9152582079543841,0.9544316996038,0.9275522446953854,0.7711949776746383,0.9508971383859763,0.9140827360776205,0.9369854052620161,0.892875760974867,0.9398636845831869,0.8612222667022562,0.9526370111116405,0.8717146038820363,0.8717146038820349,0.8442340263447974,0.03139863267861631,0.9562880686171873,0.8289245259008584,0.9623211158059548,0.8333555867103808,0.8333555867103808,0.24376003609304187,0.8706662210952574,0.8748612665230131,0.9544316996038003,0.848519788337875,0.7973204052495684,0.7780046509581313,0.9582144552981327,0.8289245259008584,0.9140827360776214,0.9341976401680094,0.9015943008452874,0.9582144552981327,0.8517144868263773,0.8141237078825918,0.9562880686171873,0.8982973238138026,0.9225015741707867,0.9526370111116407,0.9188361382271666,0.8070467719220202,0.9459533477380775,0.9526370111116405,0.9526370111116407,0.7985559379258667,0.9582144552981327,0.7985559379258667,0.6499526646778642,0.885400876353422,0.8442340263447972,0.9582144552981327,0.9492063492063487,0.930160641445072,0.9459533477380777,0.9544316996038003,0.8022278398026612,0.8982973238138026,0.9526370111116405,0.9301606414450723,0.9164419655193172,0.7250134267509765,0.9094556823349389,0.8843412180810755,0.6848496741376313,0.7923174570100686,0.6911250629978627,0.8727631680356077,0.9602211523225768,0.903814238682265,0.9602211523225768,0.9188361382271668,0.9152582079543841,0.9094556823349389,0.9526370111116405,0.0,0.9544316996038,0.9027019168030597,0.931488667261505,0.9582144552981327,0.9562880686171873,0.9475597985845114,0.0,0.9369854052620163,0.9582144552981327,0.9623211158059548,0.9106019687464655,0.823309558280246,0.9341976401680094,0.9544316996038003,0.8333555867103808,0.8289245259008584,0.9369854052620166,0.9428469360414611,0.8409971458279799,0.9526370111116405,0.9188361382271659,0.8117838598171898,0.9413411539914587,0.9106019687464657,0.9623211158059548,0.7655931084723666,0.9188361382271666,0.7780046509581313,0.944383427890573,0.03139863267861631,0.92126914699118,0.885400876353422,0.8070467719220202,0.8082384637825222,0.8187498553347687,0.0,0.8538362113124116,0.9176344520056336,0.9200475251844387,0.9176344520056336,0.9602211523225768,0.8453085223330421,0.0,0.0,0.930160641445072,0.903814238682265,0.8591172857456586,0.0,0.9602211523225768,0.9492063492063489,0.922501574170787,0.8972062142375332,0.7897778653703145,0.9492063492063489,0.9237454173815309,0.938412400887346,0.8322525541058978,0.9634411459729271,0.0,0.8811713725919912,0.9164419655193168,0.7766590274917047,0.9952327064015152,0.9237454173815312,0.8704033497109469,0.9526370111116405,0.7960789049353036,0.0,0.7973204052495684,0.9314886672615053,0.8591172857456586,0.8300371089395653,0.9508971383859763,0.831146423199498,0.9428469360414606,0.0,0.8961186971729789,0.7399891659895361,0.0,0.9237454173815309,0.7948313236856197,0.8420784215528956,0.8152867967569688,0.8022278398026612,0.0,0.7698078233874488,0.8559522762859684,0.9562880686171873,0.6574604645689301,0.7250134267509767,0.907182019415572,0.908315805590151,0.8961186971729789,0.9526370111116405,0.8982973238138026,0.8864622842804517,0.935580996038617,0.8527760996057683,0.8738120195914167,0.8706662210952574,0.21151139151266862,0.9544316996038,0.9314886672615055,0.0,0.9582144552981327,0.9015943008452869,0.8129560940834346,0.9398636845831869,0.9275522446953854,0.06018876900102055,0.7478523304650295,0.9508971383859763,0.06018876900102055,0.9398636845831869,0.9492063492063489,0.9413411539914582,0.879064442044788,0.903814238682265,0.9582144552981327,0.8463809254714867,0.9602211523225768,0.9413411539914582,0.935580996038617,0.801009545737682,0.938412400887346,0.9602211523225768,0.7997856146881548,0.9164419655193166,0.5305546844946969,0.24376003609304187,0.938412400887346,0.9027019168030597,0.9526370111116405,0.9188361382271666,0.8993922310882436,0.8769613888066743,0.9341976401680094,0.8993922310882436,0.9398636845831869,0.9250013316406693,0.6827113291147924,0.7725735218970409,0.9049315186013058,0.9443834278905732,0.8141237078825918,0.8907283270583697,0.9225015741707872,0.9341976401680094,0.21151139151266984,0.8175997772209664,0.9398636845831869,0.8517144868263774,0.9341976401680094,0.9152582079543841,0.7539334992316542,0.9526370111116405,0.8453085223330421,0.7143607147557585,0.9176344520056336,0.8993922310882432,0.9582144552981327,0.7301312695908229,0.8918007079504506,0.9562880686171875,0.9164419655193166,0.944383427890573,0.944383427890573,0.9544316996038003,0.9582144552981327,0.9250013316406696,0.8255663034700989,0.9129151319089186,0.9475597985845114,0.9475597985845114,0.7125274559321444,0.9071820194155717,0.08671734220308636,0.8717146038820361,0.0,0.9562880686171873,0.0,0.0,0.8187498553347687,0.2115113915126693,0.9188361382271664,0.0,0.7334713952978882,0.8377384241745145,0.4006068367505189,0.8527760996057685,0.8811713725919912,0.8058499662916012,0.903814238682265,0.47795836130872293,0.8399134433261015,0.9428469360414604,0.8864622842804515,0.4408515443948542,0.9176344520056336,0.7711949776746385,0.6473831763250284,0.9250013316406696,0.9428469360414602,0.9459533477380775,0.7846176027958278,0.9562880686171873,0.8961186971729789,0.9526370111116405,0.9004911494084331,0.938412400887346,0.9328339505740528,0.935580996038617,0.848519788337875,0.9237454173815312,0.9060540201833016,0.9355809960386168,0.7223272158432528,0.9526370111116405,0.17526171623055564,0.9508971383859763,0.9140827360776205,0.8570084033315839,0.8399134433261015,0.4654487838138114,0.8570084033315841,0.5711669571562623,0.77934241058442,0.8896584524348263,0.9475597985845114,0.7766590274917051,0.9262700211315917,0.9623211158059548,0.8058499662916013,0.8463809254714865,0.7876282222528316,0.8034406041869142,0.938412400887346,0.9071820194155717,0.8822265994777512,0.0,0.9544316996038,0.9164419655193174,0.9492063492063487,0.8612222667022558,0.938412400887346,0.9459533477380777,0.9262700211315917,0.831146423199498,0.9355809960386168,0.8046479448175343,0.9602211523225772,0.7935775465776653,0.9398636845831869,0.8664724446651941,0.06018876900102055,0.9428469360414602,0.7143607147557588,0.9152582079543841,0.9341976401680094,0.7806724477786732,0.880117361849238,0.7318083230664854,0.8633240709217587,0.9188361382271666,0.6991852245234744,0.8612222667022558,0.9250013316406696,0.960221152322577,0.9369854052620166,0.9508971383859763,0.8388272306091986,0.9027019168030597,0.525843532183836,0.03139863267861631,0.7960789049353036,0.8409971458279799,0.9623211158059548,0.8790644420447877,0.9526370111116405,0.9176344520056336,0.9164419655193168,0.932833950574053,0.9015943008452869,0.9250013316406696,0.9369854052620166,0.500567215157067,0.9398636845831867,0.9475597985845112,0.9544316996038,0.9623211158059548,0.0,0.9188361382271668,0.8654234385275936,0.8070467719220202,0.9200475251844384,0.0,0.8832831707913575,0.8244397822834253,0.9060540201833016,0.34458474155865637,0.9038142386822647,0.8918007079504506,0.8811713725919912,0.7859181167692968,0.9275522446953854,0.9060540201833014,0.6598989712921809,0.8907283270583697,0.9562880686171873,0.9027019168030597,0.9288488221297497,0.9526370111116405,0.9152582079543841,0.9623211158059548,0.9275522446953854,0.9459533477380777,0.9623211158059548,0.9413411539914587,0.9288488221297497,0.9492063492063487,0.6783615558233285,0.8843412180810755,0.9582144552981327,0.9492063492063489,0.9384124008873462,0.7806724477786728,0.8022278398026612,0.03139863267861631,0.9544316996038003,0.08671734220308558,0.03139863267861631,0.03139863267861631,0.3741839079094693,0.0,0.944383427890573,0.4527606561376478,0.0,0.9341976401680094,0.535161772248302,0.9582144552981327,0.9526370111116405,0.9562880686171873,0.9508971383859763,0.03139863267861631,0.7960789049353036,0.8580633769736241,0.935580996038617,0.8409971458279799,0.0,0.9071820194155722,0.9526370111116405,0.9341976401680094,0.7935775465776653,0.9083158055901508,0.9582144552981327,0.9508971383859763,0.9369854052620166,0.9152582079543841,0.6284764518573093,0.9492063492063487,0.4006068367505189,0.92126914699118,0.9250013316406696,0.6848496741376318,0.9398636845831869,0.9582144552981327,0.930160641445072,0.9526370111116405,0.9071820194155722,0.8420784215528954,0.0,0.9492063492063487,0.8822265994777507,0.960221152322577,0.8377384241745145,0.944383427890573,0.9398636845831869,0.8244397822834253,0.06018876900102055,0.7569089328329721,0.7846176027958276,0.0,0.0,0.40880739824839063,0.6991852245234742,0.9027019168030597,0.8058499662916013,0.8453085223330421,0.8152867967569688,0.8399134433261015,0.7997856146881548,0.9328339505740528,0.8129560940834346,0.0,0.9004911494084331,0.9544316996038,0.9623211158059548,0.831146423199498,0.9582144552981327,0.831146423199498,0.0,0.0,0.7739436107925914,0.9492063492063487,0.7819949015164562,0.938412400887346,0.8570084033315841,0.8993922310882436,0.6856702229525599,0.8993922310882436,0.8344556057285131,0.8506512873935228,0.0,0.9152582079543841,0.8175997772209664,0.9508971383859763,0.9582144552981327,0.5526275082095407,0.7351207557283752,0.43182584581086747,0.9176344520056336,0.9508971383859763,0.8591172857456586,0.0,0.8266892096935958,0.9176344520056336,0.8993922310882436,0.8727631680356078,0.8654234385275936,0.9413411539914582,0.9049315186013054,0.8538362113124116,0.9562880686171875,0.8685695845092949,0.862273520033598,0.9443834278905732,0.9602211523225768,0.9225015741707872,0.2586095064370061,0.8129560940834346,0.9544316996038,0.03139863267861631,0.8759110188590655,0.9288488221297497,0.9152582079543841,0.92126914699118,0.9623211158059548,0.9152582079543841,0.9623211158059548,0.9623211158059548,0.9027019168030597,0.3647019568709454,0.8961186971729789,0.9492063492063487,0.9602211523225768,0.938412400887346,0.938412400887346,0.8322525541058978,0.9428469360414611,0.9475597985845114,0.9288488221297497,0.5210240199989242,0.9508971383859761,0.7684119013812074,0.3833143586062788,0.7125274559321442,0.7447432793600621,0.0,0.8918007079504506,0.9492063492063489,0.758381053055492,0.960221152322577,0.9328339505740528,0.9341976401680097,0.855952276285969,0.0,0.7399891659895361,0.8058499662916012,0.9341976401680094,0.8058499662916012,0.8266892096935958,0.8129560940834346,0.9544316996038,0.7143607147557588,0.6716454483484393,0.8058499662916012,0.7431708752992889,0.9355809960386166,0.6761489807685291,0.9623211158059548,0.9355809960386168,0.9492063492063489,0.8982973238138026,0.930160641445072,0.8388272306091984,0.4779583613087228,0.8106069085572598,0.9492063492063489,0.03139863267861631,0.8420784215528954,0.861222266702256,0.5110414539348817,0.7766590274917051,0.7524297972473162,0.0,0.9856724533720749,0.8633240709217587,0.9225015741707872,0.0,0.8399134433261015,0.9428469360414604,0.9582144552981327,0.2115113915126694,0.03139863267861631,0.9114861522954751,0.9314886672615051,0.897206214237533,0.9288488221297497,0.9083158055901508,0.9355809960386172,0.8129560940834346,0.0,0.9275522446953854,0.0,0.9582144552981327,0.8333555867103808,0.8843412180810759,0.9623211158059548,0.9262700211315917,0.8022278398026612,0.904931518601306,0.9225015741707869,0.0,0.8322525541058978,0.8210376473859937,0.8506512873935228,0.9250013316406696,0.40060683675051967,0.9544316996038003,0.3227392978460525,0.9237454173815312,0.392115299153029,0.8928757609748668,0.7948313236856197,0.392115299153029,0.9225015741707872,0.9544316996038003,0.885400876353422,0.392115299153029,0.9623211158059548,0.931488667261505,0.9508971383859763,0.885400876353422,0.9475597985845114,0.9237454173815312,0.9341976401680094,0.8918007079504506,0.9152582079543841,0.9355809960386168,0.9140827360776211,0.930160641445072,0.9475597985845114,0.9384124008873462,0.7301312695908225,0.9225015741707872,0.9015943008452869,0.8333555867103808,0.42440193597169273,0.9083158055901508,0.930160641445072,0.9508971383859763,0.9526370111116405,0.9015943008452867,0.8939536575643379,0.9275522446953854,0.9275522446953854,0.9004911494084333,0.9544316996038,0.9562880686171873,0.5974763156586966,0.9262700211315922,0.8664724446651935,0.9176344520056336,0.9250013316406696,0.6549904556417999,0.9369854052620166,0.9237454173815312,0.9492063492063487,0.8366469404145511,0.8780124908814328,0.9129151319089186,0.9004911494084333,0.6623067578386677,0.9562880686171875,0.9188361382271666,0.5906675167558797,0.9314886672615046,0.944383427890573,0.926270021131592,0.8993922310882434,0.6040574193889983,0.7598430279509716,0.9398636845831869,0.6739104850582693,0.9475597985845114,0.8832831707913573,0.7143607147557586,0.9526370111116407,0.9508971383859763,0.8864622842804517,0.9275522446953852,0.9526370111116405,0.8982973238138026,0.8633240709217587,0.708808264663793,0.9459533477380775,0.9459533477380775,0.8322525541058978,0.9341976401680094,0.9027019168030599,0.9526370111116405,0.8591172857456586,0.9341976401680094,0.9562880686171873,0.8928757609748668,0.9328339505740528,0.9508971383859763,0.960221152322577,0.8854008763534222,0.9582144552981327,0.7197593917099125,0.9562880686171873
p149_EAGPQSHNFVW,0.788256878260795,0.9527620984712089,0.8375645041075976,0.8898140158117227,0.9834594839173172,0.9341913284130113,0.9490843473591984,0.9060915866080064,0.8831642141197731,0.940281523787128,0.9704295576642358,0.9212735133449714,0.9663573664294256,0.9807394508561751,0.9819299121585698,0.8772182185117654,0.9979320111064158,0.8971465330611361,0.9372689456075767,0.9984192168061299,0.9307730433794734,0.9858118985030546,0.9837299968616571,0.9301863608775064,0.9794798384951368,0.8971465330611361,0.9165049484215364,0.9356184765244473,0.9984192168061299,0.8397553591602209,0.8874073419940798,0.9659497926039275,0.9141982714487247,0.909368306308445,0.9237454173815309,0.992787606045791,0.9262837350880504,0.9141982714487245,0.9434341193662401,0.9303499958905475,0.8489613700399667,0.8826900375896441,0.8730040523026372,0.8051461122131106,0.8695874503983438,0.8138600973804697,0.928895740061739,0.9877950273251553,0.8951528182413433,0.8885760308062551,0.9659497926039275,0.8172942747990004,0.8971465330611361,0.9935864990091459,0.7099144500891426,0.8931834336273661,0.8931834336273661,0.9237454173815309,0.9701477237325291,0.918861809581256,0.8869837251477688,0.9746255914050479,0.8971465330611363,0.902430660432235,0.9343769343025807,0.8801258462867625,0.9828201226319815,0.9811175810523927,0.9132143764218461,0.992787606045791,0.8818043546471357,0.8951528182413433,0.6586766384632858,0.9251548400303684,0.9237454173815309,0.8295501310031697,0.9466763852073137,0.9896201712617319,0.9988235493481882,0.9434341193662403,0.7706782022940739,0.9138411088140402,0.8893119774375078,0.995570386402843,0.9237454173815309,0.8763477248373535,0.740239508426759,0.907789789360143,0.8492250586277588,0.9212735133449719,0.9237454173815309,0.9395875575049129,0.912411300701869,0.9570659480326571,0.9229863666545894,0.9314080535673724,0.9351400971379675,0.8560530782444922,0.8622806558830396,0.9927972478012241,0.9625094796456835,0.9783400888843532,0.9701429667321069,0.9261939712773508,0.9902500193731549,0.9372689456075765,0.9171790486927811,0.7638722915310596,0.9053985774691053,0.9468737031793137,0.9314754198893602,0.8991661559057054,0.7458055344618268,0.9216051545051005,0.928895740061739,0.7676023133523359,0.9119376979332721,0.9372689456075765,0.9434341193662401,0.9703309098630725,0.6571501579738717,0.8772182185117652,0.9053985774691053,0.8800817947263144,0.9329075599064767,0.9078759453230943,0.9262837350880504,0.9631664713582988,0.9885587804861203,0.8553492612243435,0.9252088742292754,0.9288957400617388,0.9315900378678905,0.811816776192263,0.9592864686575602,0.8909718899573572,0.990474806070963,0.9659497926039275,0.9315900378678903,0.918861809581256,0.8876833468556682,0.9402815237871278,0.8801258462867625,0.8305571618615186,0.8809597332894858,0.8948250712530359,0.9931763272713581,0.8476177654692201,0.7528754052666145,0.9437636704893293,0.940281523787128,0.971047516105271,0.931161988468197,0.8216070858356987,0.9147197078398367,0.9655471735397518,0.8715631587783109,0.9308109257349264,0.9393214365774878,0.8525874490132164,0.9319024163425387,0.9783400888843532,0.9508302047706586,0.7549418684247668,0.8720366844088263,0.8745574900762874,0.8517231625794767,0.9024306604322352,0.9566607558716711,0.9810553993188316,0.9483778175231496,0.9212735133449717,0.8931834336273663,0.940633621475834,0.9113586466022137,0.9929618619972899,0.9927876060457907,0.9902500193731549,0.9747155411251816,0.9038507104210154,0.8968329634825407,0.9830475356983128,0.9335014513268405,0.7631395150638494,0.879399782585673,0.9578525511332963,0.9923993791559332,0.9306426730284255,0.8839402993770435,0.8850267379679144,0.9933710628742856,0.9658569692010741,0.9376802209744797,0.9365307020635195,0.6646760564122194,0.9237454173815309,0.8823430595326919,0.9627453733534854,0.8262011891102102,0.8785180963573926,0.8885760308062551,0.8533072212327577,0.9237454173815309,0.8941592368875788,0.9764325778792365,0.9984192168061299,0.9237454173815309,0.9996226592140792,0.9331959995055013,0.9286175702269639,0.9393214365774878,0.8572772924183015,0.9212735133449714,0.9237454173815309,0.6899308046498192,0.923745417381531,0.9601578145434304,0.968547407591084,0.8994175298842654,0.9237454173815309,0.8808128963513503,0.9237454173815309,0.7827515726978773,0.9454406310460695,0.9050879833003673,0.837263016912738,0.9288957400617388,0.8060616962846863,0.9188618095812557,0.9032901911357234,0.9858118985030548,0.888846165632225,0.9078759453230945,0.9345490162102612,0.9828201226319815,0.9024306604322347,0.9865975963498848,0.8539300757509798,0.9774650788349082,0.993611639296974,0.8727803597140282,0.9123689706343678,0.901848988010314,0.9188618095812564,0.9237454173815309,0.6538274985274923,0.9237454173815309,0.8824368677059216,0.9331959995055013,0.9659497926039277,0.6305770524061555,0.7463467395128083,0.882343059532692,0.9308109257349264,0.9053985774691051,0.9418436983354361,0.9896201712617319,0.9854551331140632,0.8733268646478036,0.961118358231533,0.8537043262956239,0.9359785129801321,0.9212735133449719,0.9591464247864104,0.9498078229802212,0.9434341193662401,0.9579893925008336,0.853906225717719,0.8991661559057054,0.9441465395519304,0.8830441827092179,0.7610294535475637,0.6255697576386668,0.7238424469711522,0.9055866242378162,0.9372689456075765,0.9911352125164072,0.960708554431714,0.9382025073594866,0.9065397721659634,0.9372689456075765,0.9941072388767986,0.8831374994251471,0.9343769343025807,0.926946616820191,0.9807394508561751,0.9288957400617388,0.9405848418047038,0.9923321755667203,0.918861809581256,0.9288957400617388,0.9722155622930323,0.7977208525503161,0.9372689456075765,0.7776926150971766,0.9570659480326571,0.8279566795146676,0.7444925593333579,0.992787606045791,0.9237454173815309,0.9992556488110439,0.9188618095812564,0.9659497926039275,0.9355971948198719,0.8341664144721782,0.9783400888843532,0.8951528182413435,0.8811985641310718,0.8038888164891083,0.905787125813225,0.7571638402918086,0.9475154720610817,0.9078759453230945,0.8785180963573926,0.9353214771503877,0.940281523787128,0.9382927175073073,0.940281523787128,0.9405848418047038,0.9459727209115529,0.8640692479445422,0.9722155622930323,0.9237454173815309,0.9315900378678901,0.9086236786089275,0.8971465330611363,0.9372689456075765,0.7994314634198971,0.9663573664294254,0.9237454173815309,0.9821463001596107,0.7851377522013521,0.9341913284130114,0.9309652469358959,0.9783285406245199,0.9382025073594866,0.8634896230757457,0.9171108073594293,0.8258256543716629,0.7876105317688735,0.9141982714487247,0.8035470960522844,0.9722155622930323,0.9718013773009624,0.7983447668609216,0.9119376979332718,0.9890351408729187,0.9953786045233856,0.81411795596721,0.9718013773009626,0.8754585342652976,0.9165049484215362,0.9663573664294258,0.9264174168636579,0.9511105270074118,0.8666650529101897,0.9854413131966266,0.7686500618547041,0.9237454173815309,0.8459642454699685,0.6297891912551233,0.911552100464315,0.8149878477204445,0.9434430901748682,0.9976158155605332,0.9237454173815309,0.9237454173815309,0.7880725829158186,0.9514502757176247,0.9877593789313244,0.923745417381531,0.8853053971558665,0.9237454173815309,0.9807394508561751,0.8456795858023056,0.8567269504320856,0.9701429667321069,0.9183006535947713,0.9359170749054637,0.7481671178956124,0.7322785418375494,0.9237454173815309,0.8457280231675548,0.9356184765244473,0.8576085687791977,0.9331215430222403,0.9178055060408001,0.987931128077109,0.9288957400617388,0.9060915866080065,0.9237454173815309,0.8158143405899123,0.6021990911041015,0.7884981212068207,0.8897438614162063,0.7866564568430633,0.912411300701869,0.9141982714487245,0.9237454173815309,0.9487537604465681,0.9916779981174833,0.9237454173815309,0.0,0.6919880431061194,0.7629183202472416,0.7835908797342284,0.975742822907673,0.9237454173815309,0.887713957574211,0.9153272581928353,0.9591464247864104,0.9941072388767984,0.9256764370183862,0.888917466339493,0.9763993056378171,0.8440469376552964,0.928895740061739,0.7545374249029679,0.8295501310031699,0.94095012846993,0.8007127921288808,0.5357772940549637,0.8058361000882572,0.9786100658041366,0.9315900378678903,0.8971465330611363,0.9237454173815309,0.992787606045791,0.8794035130316948,0.8001962765416182,0.9704295576642359,0.9937053631834567,0.9933710628742859,0.9218838231057309,0.8344997581878777,0.962745373353485,0.9704295576642358,0.8906643852161655,0.8431158988391065,0.9378697577810544,0.9658569692010741,0.992787606045791,0.8762907351695037,0.5946169320608576,0.9527620984712091,0.983729996861657,0.8173645447260345,0.9075408719115727,0.940281523787128,0.919891265906859,0.9661489697485275,0.9838951524471006,0.8099754354214271,0.9858118985030548,0.9086236786089275,0.9288957400617388,0.909368306308445,0.910426823194825,0.8626088325723282,0.9751916033161048,0.8302228876064219,0.6108771179979448,0.88740734199408,0.9873911732534827,0.9632596433801054,0.9128551938412923,0.912368970634368,0.7614976010280516,0.9627030252708222,0.7603674824796207,0.9751916033161048,0.9786100658041363,0.7668690143513746,0.8106284733681065,0.9408759633972117,0.8028738209441856,0.9459727209115529,0.8503646797718656,0.9783400888843532,0.917069043956926,0.9172160871873298,0.9072141675815737,0.4826725000566766,0.992787606045791,0.8387980287815486,0.8885760308062554,0.9343769343025807,0.9727900438033124,0.9165049484215362,0.9979320111064158,0.8634896230757458,0.9372689456075765,0.9206231796054518,0.7998080513271797,0.8692627884605635,0.9663573664294256,0.9212735133449714,0.9168435144535146,0.9415130395407784,0.9551504908703918,0.9462929840320454,0.9237454173815309,0.934376934302581,0.9237454173815309,0.9237454173815309,0.9868257352945468,0.9032901911357234,0.9405848418047038,0.9237454173815309,0.8551802701252925,0.9033093027593164,0.8553492612243436,0.7211292349823254,0.8216070858356985,0.9902721706664046,0.8963217723300909,0.9086236786089272,0.9704520423717979,0.9605059690638982,0.9533844300329124,0.934376934302581,0.9380806103257937,0.9749834622184279,0.9591874734325403,0.8874073419940796,0.7934449564140618,0.9627453733534854,0.8360400319486525,0.9591464247864105,0.8702236433531143,0.928895740061739,0.9877950273251553,0.8576460483139818,0.955404639757861,0.9032901911357234,0.9479849767375255,0.951079421667657,0.9710475161052712,0.908410122193244,0.9937027385443848,0.9783400888843532,0.9858118985030548,0.9262837350880504,0.9009132970381386,0.8626923197908982,0.9663127810661231,0.9659497926039275,0.9613199080921118,0.9165049484215366,0.9275282907749995,0.8847442571207544,0.943474927401666,0.8377050367968981,0.8893119774375076,0.9953786045233856,0.8896499359970272,0.9190560267192627,0.9819891156751774,0.8656266978020222,0.9750525882012046,0.9132514571874902,0.8858873156187245,0.9237454173815309,0.9315900378678903,0.9356184765244473,0.7050741878138624,0.9031015581071149,0.8185105350182408,0.9933710628742856,0.9229863666545894,0.8916732038008095,0.833090247524831,0.9916779981174831,0.940281523787128,0.9897989636472146,0.8106284733681063,0.9810783445038807,0.9933710628742859,0.9559635246111835,0.9172160871873298,0.9761805408072894,0.975191603316105,0.8912464745681523,0.9639614405767131,0.7762849778948604,0.9134094440989775,0.8408994097214848,0.921683924089654,0.8585242345955859,0.9206231796054518,0.9984192168061299,0.9437724388143578,0.9262837350880504,0.9052609792289017,0.7085211013854398,0.8905110693995146,0.9212735133449719,0.8738823302772907,0.8035470960522844,0.9434341193662401,0.9617549031637154,0.9288957400617388,0.9072141675815737,0.911729057355152,0.9718807580739222,0.8220976364913511,0.9538390172168238,0.7108628090783681,0.8341664144721785,0.9496699001876994,0.5828041027260327,0.9659497926039275,0.9341913284130117,0.9237454173815309,0.7472498032327086,0.9336113186896022,0.9319024163425387,0.911552100464315,0.923745417381531,0.9709925691931012,0.9967132280668383,0.8869837251477688,0.916016184190124,0.855599962426006,0.9328836257484427,0.9663327098268355,0.8231676115193051,0.9937053631834567,0.8047823746747228,0.8622345969218881,0.9120036468915291,0.934376934302581,0.9086236786089272,0.8931834336273661,0.9783400888843532,0.9157649010158165,0.9434341193662399,0.8912369310715327,0.9188618095812564,0.9953786045233856,0.9119376979332718,0.8931834336273661,0.9834594839173173,0.9958417946076822,0.8508641079512327,0.992787606045791,0.9370619345667414,0.9858118985030546,0.9892930710581478,0.9556700088637724,0.9663573664294258,0.9659497926039275,0.9979320111064159,0.9663573664294258,0.9212735133449719,0.8721159452177438,0.9237454173815309,0.8268059301623197,0.8849898748342022,0.9237454173815309,0.9012134114028683,0.9358982179705919,0.8406564126395661,0.928895740061739,0.7461931429643924,0.7866564568430634,0.9212735133449719,0.9660987001847436,0.8310528665011807,0.9032901911357234,0.9936813393467108,0.9237454173815309,0.888917466339493,0.8238825158251895,0.9878193007272769,0.9698194190745997,0.8623579941942756,0.9372689456075765,0.9301863608775065,0.9821463001596107,0.9459727209115529,0.9821463001596107,0.9370619345667414,0.9029881796097647,0.8305283026190547,0.9797293075604313,0.80010130157889,0.9097196291136671,0.9372689456075765,0.9992556488110439,0.928895740061739,0.6588972160078974,0.9829833440868232,0.9237454173815309,0.9834594839173174,0.823191257961233,0.940281523787128,0.9662692125035781,0.9165049484215364,0.8106284733681064,0.8390722044046293,0.9933710628742859,0.8459905062835477,0.964728141968396,0.9237454173815309,0.9237454173815309,0.8300080446907723,0.9631601178917732,0.9819891156751774,0.7883589130609652,0.9597266141981964,0.885080563508627,0.8018249048729209,0.9398124854961587,0.8991661559057054,0.9014440298556481,0.9237454173815309,0.5299458190494784,0.9315900378678903,0.9434341193662401,0.8501970099986902,0.9372689456075765,0.9538874945039884,0.9237454173815309,0.9237454173815309,0.7422857295912595,0.9701429667321069,0.9090947983264915,0.9466763852073139,0.8733260220336168,0.8756960152361009,0.6647331964434633,0.9638961135870936,0.9183344119230883,0.8838461364568904,0.923745417381531,0.9331959995055013,0.9889336557445273,0.9741270364328647,0.9516937335159948,0.9781512898388609,0.9249527107039501,0.8948250712530359,0.9380806103257939,0.9780296622223209,0.9901004813215085,0.9237454173815309,0.9663414534134906,0.9384536186973254,0.9558999508245036,0.994943698539444,0.9562189869136164,0.7206426972252955,0.9128551938412923,0.8459642454699687,0.8526697838754016,0.8712915524292162,0.9050644512518313,0.6556798492182244,0.940281523787128,0.7603674824796206,0.995570386402843,0.94194313118126,0.8634896230757455,0.9212735133449719,0.884369218401049,0.9971725026548421,0.9634038194012378,0.6707131122113834,0.7506295000818891,0.9459727209115529,0.9434341193662403,0.9953786045233856,0.9633172814668749,0.9431338207947484,0.974930466144386,0.9834594839173173,0.943443090174868,0.907540871911573,0.8576460483139816,0.8312744797864919,0.9559635246111837,0.9212735133449714,0.6215342442444125,0.8924596950253894,0.9262837350880504,0.9892930710581477,0.9998134958142344,0.9191964157571382,0.9218921360822357,0.9237454173815309,0.8885760308062551,0.9701429667321066,0.8567269504320855,0.940281523787128,0.9355234569898137,0.9012134114028683,0.9092318808483443,0.9237454173815309,0.988215559378042,0.8292765951954009,0.9012134114028683,0.9896033823997199,0.9663414534134906,0.9824422325068721,0.9315900378678903,0.8967519534001798,0.8269855345954514,0.9701477237325291,0.9958156369515736,0.9786100658041366,0.8706626656807552,0.9434341193662401,0.9786100658041363,0.9370619345667414,0.9668813970875288,0.8936641158634312,0.9895793431210864,0.9086236786089272,0.8975122722743438,0.9237454173815309,0.9663573664294258,0.8559341762538554,0.8362355728398216,0.8964003490509322,0.7381873768854001,0.7519597829483984,0.9237454173815309,0.9186619226720724,0.8172579889167924,0.916016184190124,0.9237454173815309,0.9493736501844385,0.9977287777736428,0.9372689456075765,0.9786100658041363,0.9212735133449719,0.9618213182690218,0.9240483327121625,0.890749428132489,0.9335014513268406,0.9950903665012976,0.9786100658041363,0.779946725878812,0.9237454173815309,0.937982348741927,0.9237454173815309,0.992787606045791,0.8962941740028063,0.8998606144208525,0.9434341193662401,0.8749672980429195,0.9958156369515736,0.9482000526012306,0.8836545508570983,0.9237454173815309,0.8362960726499893,0.9212882627543016,0.9919038341319024,0.9465134699490594,0.902988179609765,0.9828201226319815,0.8874073419940798,0.951079421667657,0.9727900438033125,0.9811573582606813,0.9881626777350588,0.9727900438033125,0.9483778175231496,0.9315900378678905,0.8525874490132166,0.9727900438033125,0.9434341193662401,0.8971465330611363,0.8823430595326921,0.9503663949983924,0.9212735133449714,0.9178055060407999,0.9878193007272769,0.8630702674569264,0.902988179609765,0.908410122193244,0.9009132970381388,0.9655471735397518,0.9885587804861202,0.9750525882012044,0.9387090306550013,0.9483778175231496,0.8794035130316948,0.9371727591442105,0.9272960197589406,0.890868322055161,0.9992556488110439,0.9301863608775064,0.928895740061739,0.987948549568769,0.9957857935641299,0.8912369310715329,0.903826204704619,0.9583403599365299,0.9315900378678903,0.934376934302581,0.8859544035987355,0.8893119774375078,0.9962293802453386,0.9998134958142342,0.8874073419940796,0.8080670482348331,0.9437724388143578,0.9510794216676572,0.9701429667321069,0.9851314750311744,0.9119514572314038,0.9827412573001976,0.8775434408290577,0.9035032484861434,0.7994314634198972,0.9718013773009626,0.9507590763898621,0.9329075599064764,0.9165049484215364,0.990335145088753,0.8836921779986906,0.9462929840320453,0.9816236195666534,0.9097196291136669,0.7019401251896303,0.9663573664294256,0.8735158220145882,0.7144295046439701,0.9288957400617388,0.9262837350880504,0.8790838506150669,0.8912369310715327,0.9783400888843532,0.8738606237740507,0.9070355112448689,0.7478811294871306,0.9627453733534852,0.9188618095812562,0.9351586821500917,0.6919065330743308,0.8812768771799537,0.9783400888843532,0.8770586801954889,0.9878193007272769,0.934376934302581,0.9161773838674754,0.9917619408419694,0.8823430595326921,0.9984192168061299,0.951110527007412,0.9372689456075765,0.9664487183903177,0.934376934302581
p149_K,0.9149539594843459,0.8385811286456293,0.7340605340890005,0.9040618699183045,0.809022157130698,0.9282993639754937,0.7825247302941847,0.7740472814220771,0.5479973448346757,0.8061163702373834,0.8301865452842281,0.7444044463437745,0.7718994506532353,0.7209506222608235,0.9361251142445073,0.8375327688425838,0.9115589596824278,0.9413585419799833,0.8301944662164019,0.9479406386383253,0.7735317441876093,0.7750991061349133,0.9235344247666604,0.8773823348409291,0.7922734224231103,0.6660731356792744,0.8332862742676781,0.72307100560123,0.8770285044378545,0.9851117003695188,0.7154821440946868,0.9028718265513224,0.820086232713888,0.794782534206074,0.7807259771890066,0.8989350196516899,0.8308387495037686,0.8233182165573516,0.8163516728240249,0.7669276873902604,0.609923721835467,0.9060829542906701,0.9970688419235265,0.8102141386283437,0.9376498548206776,0.7237443857746813,0.8388429655759455,0.6792403976820471,0.7179007902469756,0.7370681548379503,0.9028718265513219,0.865622174100851,0.6660731356792744,0.8377537252975871,0.9729128973119285,0.7760211689303795,0.9239991990382526,0.7948313236856197,0.6207924441914616,0.7816916104563951,0.6104602932545913,0.8473140233311867,0.8105024345330691,0.7892731003929949,0.8234362176999168,0.5949810113123193,0.8159378637269961,0.9933734209455113,0.9706936992083011,0.9656297232823561,0.7137282810794018,0.7179007902469756,0.9363122233940779,0.5697271785241707,0.7948313236856197,0.5413918377205973,0.7750991061349128,0.8789149835251646,0.7512629133075923,0.8163516728240243,0.9505354826315565,0.9823486367088856,0.9691637975392404,0.8759304882565264,0.7948313236856197,0.655020125567806,0.8705684179263122,0.9675107562719157,0.9970015600068347,0.7881804803953936,0.7948313236856197,0.8770635018866987,0.9376799729862777,0.7860975256935496,0.9075534372906806,0.8115835071161397,0.8771080581565439,0.5608764458219317,0.49549590459012927,0.576386330014711,0.8394403246908966,0.8897682240513816,0.7807259771890067,0.9945921003494865,0.7025221590998445,0.8312173911187126,0.8406087134242327,0.5736250853168022,0.8098785680380343,0.6450489749187882,0.9697527678043716,0.7613220871167321,0.538639458613243,0.8623469980965686,0.808688653312315,0.5997991862843779,0.9132730854279639,0.8301944662164017,0.922437047822547,0.5504530937136927,0.9912196771032078,0.8470175876447903,0.7162672716759504,0.8977963391348951,0.9849772444622877,0.8552926068346292,0.8016608579382385,0.8472322416906234,0.9918594851289209,0.9893137486628492,0.4932527625619918,0.8388429655759455,0.9028718265513221,0.9970688419235265,0.775350298658573,0.9865207722494427,0.9786560694008493,0.9409113347144098,0.8159378637269961,0.8352175933741242,0.5052151206017144,0.839322958760262,0.6074995737603188,0.86297074555196,0.8011576590810355,0.6173926441178514,0.728319594687063,0.32068061880181464,0.8037627106407699,0.6618872915310767,0.9102350929607332,0.627549444074039,0.9798778270174673,0.9319140160511221,0.9966019297918831,0.7025312470949159,0.8455937303950907,0.981160575910826,0.718951600635644,0.9972317036031839,0.9454057311254185,0.9293059023668364,0.995093057309034,0.844001792137208,0.6490862941719919,0.965123709825871,0.8265346744358049,0.8707955451918714,0.8254062902926009,0.6622726434743724,0.8788400992380331,0.7881804803953936,0.8011844593328413,0.9044926576399515,0.7395843435772005,0.9711802398376845,0.8640532804828902,0.9555736976611131,0.9852200055009948,0.9492108572520421,0.9631674174322622,0.7472559002610406,0.9239991990382526,0.9806455105616183,0.9440320703887617,0.901480628438444,0.5100768203831663,0.9666011731131918,0.7630617685152523,0.8918938425803833,0.8436265091195065,0.9346373688541832,0.843336015850525,0.5959042178518292,0.9281326346203302,0.7948313236856197,0.9065602264064593,0.7633375347429148,0.9913160689347708,0.832841266065502,0.5504076921062864,0.9806455105616183,0.7948313236856197,0.580687961989323,0.6932430362934154,0.841572437337619,0.7948313236856197,0.8987060127430047,0.6606558624864101,0.5372392663009519,0.6652873259372867,0.7176786755951297,0.8156754847048542,0.7948313236856197,0.7123903066472534,0.7948313236856198,0.8597630229623952,0.8748727040768038,0.9730451246822971,0.7948313236856197,0.6297435191082426,0.7948313236856197,0.6441417423531017,0.8578444258896303,0.6858321280282083,0.513136731703363,0.8991515901032061,0.588876546750859,0.8084546019152592,0.9616284363847218,0.9899050576655617,0.8085085788841986,0.7915301068713472,0.9006121690325375,0.9966019297918831,0.8218820783125453,0.8384421841000357,0.773766116513046,0.9705710343576288,0.900150339068497,0.6238105583968573,0.9115589596824278,0.8920818224323085,0.7901005262017791,0.7948313236856197,0.9738999662257812,0.7948313236856197,0.7841266110831016,0.8448823829341697,0.9653585620450295,0.9573319001607061,0.5767372190947067,0.8773823348409291,0.7088703031833811,0.7454677742420686,0.8378902646801137,0.9032792026456331,0.568266816369227,0.889768224051382,0.9817464920934451,0.9194372045899946,0.7338631613708098,0.7881804803953936,0.8843507225934458,0.876073625802924,0.8163516728240249,0.6447998424888167,0.9621825553065514,0.8395639625721505,0.8616668578224154,0.9620683235886912,0.9409113347144098,0.7729158952989184,0.9398163068013337,0.7920177427853803,0.8312173911187126,0.5568347171569991,0.6906368254830404,0.7793238828701625,0.6693116152255254,0.8312173911187126,0.9693730001054051,0.5762262309942238,0.8843507225934453,0.702509885333773,0.9435342391626067,0.7691509749968606,0.6721581964614942,0.5632087352923544,0.7816916104563953,0.8086886533123152,0.8991515901032061,0.6748951768691807,0.8640532804828904,0.6533076261845547,0.7194292403871135,0.552125948521637,0.9803994079666231,0.9656297232823561,0.8797198635106949,0.9969520315268061,0.7901005262017788,0.8403850910576152,0.5624431490695376,0.7632990046055332,0.8689972778395758,0.9110901111330121,0.9837431486123818,0.6128859125386246,0.9797522346064267,0.7799083385086782,0.919901480125969,0.8431140797210421,0.7592929634129122,0.9327163700122454,0.8747790258604977,0.6152390881424175,0.9479406386383253,0.9006121690325375,0.7896144267998426,0.9149805871955703,0.9802311608422725,0.7948313236856197,0.7778983555639063,0.7759327216332992,0.9932134042965599,0.8312173911187126,0.9857768064258265,0.9531505062521577,0.7948313236856197,0.9092875428757148,0.9327938339181783,0.8909834669250036,0.8159718534347606,0.5737823747537252,0.8921154127805642,0.9096679669675563,0.6321045339761071,0.6618389998100076,0.9502955125811596,0.7214337734919927,0.8859902547404537,0.8294595995241216,0.7376690410633135,0.7825078400235292,0.7389918529358493,0.7767588791811788,0.9224370478225468,0.5984780281648214,0.8899716894440067,0.5613705173184891,0.8536229840733227,0.7881804803953936,0.9476454313679468,0.897618415225941,0.5877780119714657,0.5449143332979927,0.7525447399740282,0.7948313236856197,0.46041265514492413,0.9938579250842934,0.9659594614885119,0.9120204639389049,0.8770285044378543,0.6232496896659074,0.7948313236856197,0.7948313236856197,0.9171860480794,0.9981208878380767,0.9845394713391695,0.7948313236856198,0.9124845715380899,0.7948313236856202,0.8251171314296999,0.6008635831441465,0.4620633424946482,0.8797198635106949,0.9718561623700885,0.9146256305430385,0.6898849024333282,0.6066202347177518,0.7948313236856197,0.5788624125981954,0.9603985350280857,0.579041794567963,0.6043832786742629,0.8719032626329568,0.9634096718879095,0.808688653312315,0.5672218603391699,0.7948313236856197,0.7550243419615554,0.9631678932211354,0.7724161229583835,0.9446966760903812,0.9475503157658898,0.6088472614718137,0.7978471057910118,0.7948313236856197,0.9087483145435868,0.6486938446141106,0.7948313236856197,0.6919880431061194,0.0,0.3621139511491889,0.7490546298071843,0.5379597888027836,0.7948313236856197,0.9564623541429955,0.6188908924272134,0.8883724531902804,0.8636359783050307,0.6871597583214755,0.8750801383550257,0.6400647854005725,0.9726052022519859,0.808688653312315,0.9453240262704514,0.4617172256469805,0.8697587253058279,0.37521043593260417,0.8889400419912226,0.6744053214819254,0.8546321414574898,0.8159378637269961,0.9495947018142552,0.7948313236856197,0.8650762053852012,0.9666011731131918,0.5699699760183431,0.8774428252701514,0.8115177595594623,0.7816916104563958,0.699324165849045,0.9940939011030498,0.8084546019152596,0.9748997017520249,0.8656145170140813,0.887548363152477,0.5552100895554304,0.9178269330272482,0.9317709090158675,0.39470022507813163,0.8747790258604979,0.7887864907907396,0.8927261530755515,0.7028808400156354,0.9623602864387384,0.8747790258604977,0.7535442283031819,0.7416904443877408,0.9703937332525309,0.7508719736141238,0.7989664340827638,0.6403435500378887,0.8294595995241211,0.7292716896042548,0.8707955451918712,0.9775049015444076,0.814626609452391,0.8194191645723974,0.9276434217661014,0.6547107457479497,0.8675668734487236,0.7533439420040162,0.8755820061110203,0.9579865646263226,0.6504099864147149,0.8678205784917898,0.8591039146158818,0.9372320247447248,0.8316647136877666,0.7472513965967587,0.9276434217661014,0.440687891103534,0.8469988008164033,0.7313966200359896,0.8120007075806183,0.8897682240513817,0.9214825159020008,0.5188473882716129,0.9185606363028518,0.919709012071197,0.8301944662164017,0.807178814990017,0.5659627306672586,0.8194144871030815,0.8114430247359985,0.859377169405928,0.9579865646263228,0.9966019297918831,0.7963356519499132,0.8167678080059138,0.6590349776997209,0.648241722457706,0.8156754847048542,0.7881804803953936,0.7887603973041857,0.8836198871294219,0.7753502986585725,0.9617870488685205,0.7948313236856197,0.8559043354450993,0.7948313236856197,0.7948313236856197,0.5763863300147107,0.946501852536384,0.9386878311277109,0.7948313236856197,0.5634932232374597,0.4011156635477473,0.8603551843494189,0.935526778736796,0.5788624125981954,0.5594265984045124,0.9010164972003132,0.7570882957036509,0.4511210036512652,0.8233182165573519,0.9299538777016036,0.9533086886806443,0.6738444477631658,0.7920177427853805,0.6723883965012558,0.8388609346959157,0.9729128973119283,0.7901005262017787,0.8736502595888402,0.9168188403386278,0.9885694241790857,0.8388429655759455,0.9584659982765891,0.8668909746473383,0.9165330677932775,0.8086972859180426,0.7335900292423816,0.9481815178402061,0.661727745712934,0.8238238697663803,0.9466989174760287,0.8294595995241213,0.8467010899784635,0.8190265517098687,0.8912050801867886,0.6250391199135186,0.6747426877223055,0.8784245992207029,0.596828896960305,0.9376498548206778,0.6893678830977499,0.7848114278638387,0.9643644808194604,0.6397340003341472,0.7227223565450012,0.9656152610259836,0.706704628293191,0.4468622207821499,0.923866503797597,0.6961135772558376,0.9899050576655617,0.9784944131474054,0.7808127475804307,0.7948313236856197,0.8159378637269961,0.7044515668147193,0.9363122233940779,0.65692960943104,0.9146256305430385,0.8436265091195071,0.9692258422121998,0.6467894974157904,0.9845958641544454,0.5260719555149547,0.8747790258604977,0.6657831259299858,0.974899701752025,0.7781965977762108,0.7816916104563958,0.8233182165573517,0.8820966838903953,0.8817276870237212,0.9146737187626446,0.6240615027525396,0.7084407155266099,0.7032291609793693,0.853980749714821,0.9577256621752981,0.6828976675739536,0.7520809255608316,0.9806608641716328,0.8415724373376192,0.8858847187851939,0.8482044432753991,0.6953001152542306,0.8426440048708776,0.9005020761047142,0.8156754847048544,0.761848561825063,0.77003428644814,0.8851211507720569,0.8184225615420706,0.7993052872604912,0.8620876697167705,0.8300624635225093,0.8173909653326437,0.9831505918250685,0.9806608641716328,0.9794960151472778,0.6863222759379938,0.7570938879228224,0.9256555019426969,0.8159378637269961,0.9656152610259836,0.7948313236856197,0.9280473515391809,0.6356492481153548,0.7720475870648007,0.822174554374175,0.7948313236856198,0.6094602780798835,0.8041279911837251,0.8497084047268546,0.6869638390746422,0.6282912996455063,0.8459534247647545,0.8621392152680034,0.6128717724080197,0.8740095341028526,0.8426868805230934,0.5883908747155437,0.9930407301043381,0.8234362176999175,0.8759996464896671,0.9662786362119307,0.9500768485786423,0.8972004884389706,0.9282993639754934,0.9176845507525133,0.7901005262017787,0.9282993639754936,0.7630617685152523,0.8011844593328409,0.8090221571306981,0.49125173840889436,0.5328243034382312,0.8640532804828904,0.8939106969557729,0.7475543349080891,0.7212009583254586,0.574684829202915,0.7881804803953936,0.8471812314738494,0.8014411937968222,0.7881804803953936,0.7881804803953936,0.8625365069373636,0.7948313236856197,0.911558959682428,0.9525627369910082,0.7948313236856197,0.8597432214165518,0.8987402876926502,0.9317709090158673,0.808688653312315,0.9857768064258265,0.9940939011030497,0.7881804803953936,0.7618485618250628,0.5773706092673774,0.6860193031480388,0.6759538650441368,0.7948313236856197,0.9353270245256116,0.9500768485786422,0.7567655768880821,0.6884225551130507,0.907862468416901,0.8301944662164017,0.9357381179719895,0.7864757439475137,0.8264597308893941,0.9971011607622013,0.7948313236856197,0.9340457925285219,0.9086592396531893,0.8591180674781609,0.6505425968921084,0.9261712635110884,0.9666526481846669,0.9110901111330123,0.808688653312315,0.9612587006820088,0.4756459635134608,0.7948313236856197,0.8656145170140812,0.6425644194291025,0.8061163702373836,0.7541511743825267,0.8797138792115726,0.9520076408865699,0.5198696366243254,0.7816916104563958,0.6875915661485252,0.5212879242585898,0.7948313236856197,0.7948313236856197,0.8717597097087815,0.8491480891169989,0.6925436175863255,0.8908021656540387,0.3891119668151166,0.6995387326186171,0.8290020363034398,0.5497400023525176,0.9060829542906701,0.569969976018343,0.7948313236856197,0.8608586131034119,0.8159378637269961,0.8163516728240249,0.7985584411916968,0.8312173911187126,0.5943657837046745,0.7948313236856197,0.7948313236856197,0.6264723644431502,0.9787992367808475,0.5446673236352964,0.7989664340827631,0.8383181331029108,0.6751416776745682,0.8115177595594625,0.9197090120711973,0.6001775261360737,0.9371257803207742,0.7948313236856198,0.9708910966180733,0.5701661490261435,0.8308387495037686,0.8979120947493789,0.9643152653828362,0.7541794402802304,0.865295676438584,0.9938579250842934,0.8190265517098687,0.5389580608846842,0.7948313236856197,0.532049849447848,0.9373849584982121,0.6237652970550922,0.9113449305699222,0.7321624174438932,0.9871376388622566,0.7061072901552498,0.9413622982144836,0.9492869580838094,0.8475190649557238,0.4651155166293899,0.9058047743498228,0.910235092960733,0.9972572069709398,0.9195491907388309,0.5946689067727987,0.9028718265513219,0.8156754847048544,0.6250124341428585,0.9451389176250917,0.9185729911132725,0.8964098017730235,0.9970688419235265,0.9185729911132726,0.8536675698745144,0.9970688419235265,0.8404773997506239,0.9852200055009948,0.5734996540744927,0.809022157130698,0.8747790258604975,0.7989664340827631,0.8668909746473384,0.8546084260513247,0.8200862327138887,0.7718994506532354,0.9451389176250915,0.7982002290314296,0.7606707685788074,0.6716774443437956,0.9496691083296256,0.7512629133075921,0.7885058516678474,0.7948313236856197,0.8615084633257266,0.9787992367808475,0.8392512639557947,0.8061163702373834,0.8500140760747578,0.724393385524068,0.8996315709064031,0.7948313236856197,0.7100047891636887,0.706704628293191,0.9274181393627929,0.5200857147912468,0.5822862882162779,0.5452710452638876,0.8159378637269961,0.5825687199714003,0.9214825159020008,0.9030753348114282,0.6540893223943345,0.846791297536104,0.8842442735483533,0.853667569874514,0.992436708075831,0.9222068768974643,0.670134666542215,0.7608317504438729,0.4581433945822081,0.8738330413694131,0.7278732020520806,0.8656145170140811,0.7881804803953936,0.5789561933212248,0.65692960943104,0.9316094661854151,0.7125646472535676,0.658931860036831,0.7948313236856197,0.601578874644809,0.4889946542696251,0.7406868068829747,0.7948313236856197,0.5668155150871166,0.8742604380900317,0.8312173911187126,0.8775995692272134,0.8156754847048544,0.7185458479535398,0.796929243126189,0.8741256123019374,0.8646036150933579,0.9078624684169008,0.946501852536384,0.7384599628568964,0.7948313236856197,0.8551927762091232,0.7948313236856197,0.8301944662164017,0.9743409021299017,0.5109776331835552,0.8163516728240249,0.8048695035430808,0.9846146859955143,0.6552648753685169,0.7067000236967935,0.7948313236856197,0.9679970100523716,0.4891305628457435,0.8975855015738006,0.8591180674781609,0.65770601185689,0.8471812314738494,0.6970610052201986,0.948181517840206,0.8114430247359983,0.58744301898171,0.6955064456721904,0.8114430247359983,0.6869638390746424,0.7778983555639082,0.552125948521637,0.8114430247359983,0.8163516728240249,0.9413585419799833,0.9357381179719895,0.807489945650905,0.7718994506532353,0.9518655824226621,0.9274181393627929,0.5192976149843425,0.6577060118568885,0.8927261530755514,0.5994694369813369,0.7669276873902606,0.8818794678910785,0.8191563187516389,0.8844339979288833,0.8788400992380332,0.6852610550112921,0.7209716935650725,0.94745146211377,0.7513757485844894,0.874255087882503,0.8773823348409291,0.8388429655759453,0.8182563836324135,0.9084761887800564,0.8760233677235866,0.9593457337814402,0.6628153623529554,0.8784245992207029,0.8234362176999175,0.9031773952448652,0.6406372542198818,0.9865370979234571,0.7114930921538877,0.6970610052201984,0.8162312966603467,0.833281392128555,0.7082945584710896,0.7948313236856199,0.6380607944205701,0.9853273257532285,0.900471495114002,0.5478401150493207,0.8393343133605327,0.8234362176999166,0.8625365069373634,0.9584263293494801,0.6878824869204272,0.8797138792115728,0.9486270107897206,0.8846371204114991,0.9194372045899946,0.8754359849714934,0.974899701752025,0.7600887535114684,0.8543844635816173,0.8918360324091101,0.8682966795104414,0.8388429655759455,0.8016608579382383,0.49192604190856914,0.6468868610644872,0.8897682240513818,0.8805735886873371,0.6075965262089875,0.8220360321334617,0.9774414664138277,0.8619805848329878,0.5878658017031505,0.8921154127805642,0.8738330413694131,0.8294595995241217,0.39434704742124216,0.9146737187626446,0.8559043354450993,0.5404841604132593,0.8721870733142643,0.9065602264064594,0.8415724373376188,0.6667606484947177,0.8640532804828903,0.8395351568273397,0.8234362176999175
p149_R,0.8270099852841284,0.9231140326497984,0.4960963363715759,0.9273679626444428,0.8420784215528956,0.9223798585420757,0.9490327840616076,0.9491732407295512,0.7009506697374128,0.8763243374738703,0.7998546279677184,0.836959162174395,0.836959162174395,0.8008619010590685,0.9590872956128369,0.9107812970798075,0.937629852928981,0.7971824445675242,0.9059500308908428,0.9889940006742803,0.593484175736925,0.6858553289247526,0.8840190811472854,0.8782416695665332,0.7497109206807864,0.7869927119133107,0.937629852928981,0.8191012604339094,0.9138808918740071,0.7128327205017573,0.8526518805255308,0.9245130324548221,0.6920522572673148,0.9291460004795995,0.8720509229668818,0.842997228987133,0.719974514593583,0.9302267687191168,0.8828532941996561,0.873812321773555,0.380196163182851,0.9504724309030382,0.8828532941996559,0.7483669606768812,0.9099932817368694,0.42178585916004707,0.763966814555039,0.6906189157633547,0.5577592420131452,0.8448416754391184,0.8583244595873938,0.6044466588918357,0.7869927119133107,0.8176248919537719,0.8223064904295261,0.6166286966905224,0.795765314153642,0.8420784215528956,0.7196107951910349,0.657762714928632,0.7079143320159371,0.9840939844379761,0.65857416339447,0.7083337446074691,0.7232048222120981,0.7989339052636817,0.7445441032080383,0.8354779565085098,0.7511940697551334,0.9864559376282898,0.8584589212253309,0.5577592420131444,0.8420784215528956,0.6607097432169524,0.8420784215528956,0.42504302701864205,0.6858553289247525,0.825662231451429,0.8213649073958567,0.8828532941996556,0.8130313197766212,0.9656378267735528,0.8360277974155399,0.7971824445675243,0.8420784215528956,0.8037373698793304,0.9892306349084341,0.9839113706600584,0.9706591306312684,0.8660830247325573,0.8420784215528956,0.973916277808822,0.7077826148656163,0.8736985957935246,0.814274370940407,0.9863863912984556,0.9686740624023588,0.3199621689058466,0.46640455813197157,0.6865834783369598,0.7285890826049723,0.9485667670310041,0.8420784215528956,0.929365640396365,0.9553711869766097,0.7354031975062649,0.9852732237410156,0.4603592334864044,0.8288717695259116,0.7083873947883748,0.8532727001232652,0.885121584000027,0.46515479273265115,0.7054086557479566,0.7000853882408262,0.5064301783277418,0.9713968266541738,0.9059500308908426,0.8404607554034046,0.5729636125182653,0.7674878367136013,0.9585152259589839,0.8288717695259114,0.8526518805255299,0.8895879653495607,0.936201475638125,0.6890680672212843,0.8420969307100793,0.9825784749652078,0.7560449442954518,0.6044103736103668,0.7320261013979326,0.9907016053222497,0.8828532941996556,0.675458150381458,0.943596589186789,0.8708758096598515,0.9100155353766081,0.711449816774324,0.8319645762487431,0.33448011315753323,0.748110118524763,0.7856737185018321,0.6661570660933478,0.9881880491096584,0.722054272826822,0.7166828496078685,0.5226878254401202,0.9670277160867209,0.6354322116680637,0.8232232273250376,0.726015877813114,0.9378548368497286,0.7305874146832994,0.9576073188885357,0.782863771979428,0.9568153537842489,0.8615367773171543,0.7543796151857052,0.9301056066562714,0.9075765466897805,0.9236703803405708,0.9656378267735527,0.5666469389389541,0.4682688893875747,0.8653388829316983,0.7413086630668988,0.7083337446074693,0.7071502466066709,0.7532819070923265,0.9471996667571778,0.6679351743368398,0.9355297596516798,0.8099429704934299,0.8835196386536335,0.857153587322549,0.9059500308908428,0.8212598042924089,0.8813503475514339,0.9669864974740421,0.933926857701713,0.8478079777181606,0.8853336228852015,0.836959162174395,0.7050080166348036,0.905258668839168,0.6157318558636371,0.9394664475594674,0.8176248919537719,0.8899674880802095,0.8319645762487426,0.9502391382455673,0.6407119552428046,0.6428302550070648,0.7803205152046468,0.8420784215528956,0.8782416695665332,0.8319645762487426,0.6906189157633547,0.5662175650092193,0.7130292778012555,0.8952068872907202,0.8420784215528956,0.3450172727538664,0.7588237871485619,0.8763243374738707,0.8420784215528956,0.6432578516155465,0.7560449442954522,0.6790004827600493,0.6122709849225842,0.5236622680863101,0.6970590368950033,0.8420784215528956,0.7929778552631795,0.8420784215528955,0.9897364677353853,0.7266694281677935,0.7282282685149437,0.8420784215528956,0.7547499987171975,0.8420784215528956,0.5226151290699399,0.9670164336971054,0.8191012604339094,0.24466698258944175,0.7959075277121456,0.5200793714304051,0.8603130600722217,0.9083471446075192,0.9133868084125141,0.8757501146489808,0.7154983336336673,0.8691973026910573,0.9431098218103222,0.9289878759232136,0.7585198707021183,0.57820786991724,0.8769050452069717,0.9902134994569949,0.7560449442954518,0.8270835681605351,0.9426039163325917,0.860313060072222,0.8420784215528956,0.8918166964851633,0.8420784215528956,0.9420564981071514,0.775558990558914,0.858324459587394,0.7747540550071188,0.4815039153700512,0.8473352221942345,0.7908172552389383,0.6009753995772682,0.9653868191441013,0.8256622314514289,0.597325423576641,0.852744627559685,0.9652152829353013,0.6960628877775432,0.7356196241468871,0.8369591621743948,0.8640960613563904,0.7042739269787229,0.8828532941996561,0.7373896768981765,0.966767443642127,0.9086081532995891,0.9851537214740739,0.9896120808920408,0.858324459587394,0.5429209432063844,0.8223853372900966,0.9141472730177426,0.7354031975062649,0.6683415758179496,0.7908172552389394,0.702796077367051,0.7816978974979214,0.7354031975062649,0.8870260894703914,0.7364097269999812,0.9672708404642683,0.5274584828762923,0.8437463822455231,0.852744627559685,0.7078719452275826,0.6343160515986119,0.6577627149286323,0.7000853882408263,0.8917296671834645,0.43600024108921476,0.9418147080511321,0.9041563927611587,0.5771036428748728,0.290240221650514,0.7631082072809785,0.9864559376282896,0.7682790600652865,0.9897648535352529,0.8886615438957008,0.858324459587394,0.5925807417252866,0.7180913246889689,0.7959075277121457,0.762393479049932,0.7599337873149601,0.48596500652498265,0.9414972020753518,0.6404074698999791,0.8249764892187221,0.6653013272939636,0.758737837050262,0.9901556251231021,0.7856666729249011,0.7009506697374133,0.9734494449255834,0.7885346239593198,0.775558990558914,0.7239925579677824,0.9485667670310041,0.8420784215528956,0.8583244595873933,0.7328240664058854,0.8664865851540517,0.7354031975062649,0.8640960613563904,0.9300499373603042,0.8420784215528956,0.8488679347497984,0.8700853537305535,0.8828532941996556,0.7902798906691263,0.4372154606045031,0.7744801908415513,0.8914187460211078,0.6836000624509593,0.343861556244895,0.8040825160086582,0.8223064904295256,0.5936329565716646,0.852744627559685,0.808151982381994,0.43534782494981517,0.8176248919537719,0.7783234078080585,0.8799873197458246,0.5414158315926878,0.9896430095284023,0.5669681684745607,0.7307312927656808,0.8369591621743948,0.8584589212253309,0.8789586778270232,0.5952788380141594,0.5991739663824871,0.3919775155809896,0.8420784215528956,0.6300536076449961,0.7638583455883898,0.8201456177429012,0.9968675086659683,0.8763243374738705,0.7119471565849329,0.8420784215528956,0.8420784215528956,0.7828637719794271,0.9858517766038748,0.8516182113847834,0.8420784215528955,0.8763243374738707,0.6783615558233287,0.9064625675447129,0.3661098504327256,0.42373136096201414,0.7982515614792725,0.8347593149483608,0.9096442630970052,0.3270093160592469,0.43697046053412647,0.8420784215528956,0.3254564153410785,0.8258939008523991,0.5370506429334871,0.5454357614202157,0.8559341762538552,0.9060846339631152,0.7000853882408264,0.5598137192522432,0.8420784215528956,0.41477394398069467,0.8331954723043298,0.9910556114608764,0.6993452436122244,0.9400545643111307,0.35946920538271776,0.8762666295743213,0.8420784215528956,0.7953944245636682,0.4575777478877706,0.8420784215528956,0.7629183202472416,0.3621139511491889,0.0,0.40729103172216274,0.57961384033212,0.8420784215528956,0.9955320609028483,0.7504777540178491,0.8951627873918943,0.9570267715843942,0.6695376143982281,0.9487596436531955,0.7149464062216133,0.8156761757367574,0.7000853882408262,0.8552640869498307,0.6630012597203832,0.9700125380913132,0.584389884586662,0.9243681827083949,0.3895030315247877,0.7997160938696781,0.711449816774324,0.9357907257405791,0.8420784215528956,0.8429972289871333,0.867705324587533,0.8632217814025913,0.8646465267440426,0.9163410296045976,0.8319645762487431,0.9405863446154001,0.8782416695665332,0.8319645762487431,0.9936845441625963,0.8420784215528956,0.945024541480167,0.37307175599831977,0.9785355850378175,0.8700853537305537,0.5500119300914523,0.876324337473871,0.8439971771277783,0.9456844746310797,0.6793289644940144,0.963949359409794,0.7856666729249011,0.6773369198210459,0.7796562783546102,0.778935476620187,0.7911753068017782,0.7364178799220324,0.4722127831977201,0.8846853407167912,0.5667122574470418,0.9846601289650442,0.8169973200262514,0.8193098328029467,0.790824683744427,0.8388389232603324,0.7668230595030066,0.9107728572760725,0.7943569477840142,0.9724490985070985,0.9652664241210924,0.8411811234130782,0.7502083235351358,0.7799565059593387,0.9417431222820525,0.8483722207901456,0.3839734700655143,0.8904541302277538,0.46702199678637113,0.9656378267735525,0.6975617603276141,0.9706383461888148,0.9485667670310041,0.8471488380028711,0.5217347336630264,0.9769279965204983,0.7390134866773814,0.8700853537305535,0.8665346054359149,0.7130292778012557,0.8984876543923497,0.9047838650109972,0.9652664241210924,0.8965507199183502,0.8583244595873938,0.8700853537305535,0.9384807015480543,0.33372559759587683,0.44855624578088016,0.7261828994531658,0.6679351743368405,0.4903740002531598,0.8504156658637958,0.8270835681605353,0.7857803528301288,0.8420784215528956,0.7575964152480583,0.8420784215528956,0.8420784215528956,0.6339298208465567,0.7997160938696786,0.8288659633251884,0.8420784215528956,0.4205255905195783,0.5090728298305345,0.775558990558914,0.9915588474211825,0.30987445382791645,0.5116067009665951,0.9324328190664133,0.9448142398449226,0.5158944142115349,0.8223064904295267,0.9690166103672928,0.8640960613563904,0.7837978577338602,0.6826945366556212,0.6088107498667474,0.6752896038505832,0.9032466991467192,0.860313060072222,0.948907867005661,0.9328792474283092,0.8156761757367574,0.732026101397933,0.9440212615168149,0.8085191611024443,0.9086081532995891,0.6893945734654168,0.7511989825768226,0.9406336214758335,0.7079143320159373,0.7997160938696781,0.7718228502002125,0.852744627559685,0.8085191611024447,0.8473352221942345,0.9581051016071293,0.5838492588699595,0.5173342251821849,0.8914187460211083,0.5919206856039372,0.8270835681605355,0.8540732239225923,0.578009622409168,0.9825784749652078,0.49847800393642006,0.5548762612807412,0.9619064228844956,0.4206049097434037,0.5638249738770154,0.9448142398449229,0.495053386785949,0.9386680839111541,0.9670164336971054,0.7591217915065751,0.8420784215528956,0.711449816774324,0.8191012604339081,0.8420784215528958,0.43798687183862917,0.8338004366010847,0.8886615438957008,0.9464379378331319,0.4934359013376788,0.872700284250379,0.5874639993882762,0.7856666729249,0.5705321977737154,0.8388389232603322,0.8193968929879758,0.8319645762487431,0.8762666295743213,0.7379625542850192,0.9511854069300709,0.8461643043160518,0.49862397555160287,0.6272751584231873,0.5446783708709878,0.8070461314345705,0.9694773398454679,0.5420038877866054,0.4955801676347321,0.9542332721737898,0.8763243374738707,0.7745001741980392,0.8473352221942347,0.46852616848124296,0.7504899141924715,0.7332631142436168,0.8369591621743948,0.6132169501907792,0.4571602583423845,0.8404607554034048,0.8554461681426713,0.8846853407167912,0.9968675086659684,0.8258939008523993,0.7156067379074194,0.799227736393648,0.8684044511512649,0.8040825160086582,0.9561233649414842,0.6450090070654535,0.8369591621743948,0.777638389641752,0.9619064228844956,0.8420784215528956,0.7879863126990589,0.439914643282449,0.7904649059364222,0.9554370396258114,0.8420784215528955,0.715829559985413,0.61761787721495,0.9794375189735989,0.8646517773452531,0.4087333713048936,0.9107478742580493,0.9577733550534537,0.6047562564757318,0.7839532087239053,0.9119532062433358,0.5635845591550408,0.9139655921227178,0.7232048222120993,0.9668565212221445,0.8181573913365318,0.9166260538738977,0.85367413043531,0.9619064228844953,0.9604703032314948,0.8603130600722217,0.9619064228844956,0.6285571193920854,0.9131376824687898,0.8420784215528958,0.6702620051243904,0.2992702936915437,0.905950030890843,0.8420784215528958,0.8085191611024445,0.4857622020034035,0.5925807417252864,0.8369591621743948,0.8438269625091804,0.8270835681605351,0.8369591621743948,0.8660830247325573,0.7476549733331903,0.8420784215528956,0.8270835681605351,0.7479349531701873,0.8420784215528956,0.986572764243447,0.9059014124309419,0.8700853537305533,0.7000853882408262,0.8984876543923497,0.8473352221942347,0.8369591621743948,0.5873741586108734,0.7725487481300009,0.7997160938696783,0.7103562824590046,0.8420784215528956,0.7591317156442469,0.852744627559685,0.7027960773670507,0.6937887551404549,0.7509467332125592,0.9059500308908426,0.9400545643111307,0.8288717695259116,0.795073036822376,0.8784502765604179,0.7682790600652863,0.8731292218762234,0.8378110159479333,0.9971476826850523,0.7026981030514086,0.9547002488699823,0.9864559376282896,0.8306048913955286,0.732026101397933,0.8209621133458267,0.5363666418712301,0.8420784215528956,0.9020234243808676,0.39517852304626655,0.8763243374738705,0.5690359015081674,0.7583678639577922,0.916261733711464,0.6928524111688874,0.8319645762487431,0.5824496825861165,0.5748932343781514,0.8420784215528956,0.8420784215528956,0.790817255238939,0.97069731484248,0.7328240664058847,0.8626136099703379,0.5328299043862277,0.5121896647925894,0.5173342251821846,0.5976196986542723,0.7860664458061036,0.7193299888821745,0.8420784215528956,0.6906189157633547,0.711449816774324,0.8828532941996561,0.5202292405286715,0.7354031975062649,0.5286072181911092,0.8420784215528956,0.8420784215528956,0.5285997424603461,0.9481140685492024,0.5666228261754265,0.6858553289247522,0.5919206856039372,0.46654815829459284,0.7968186918205677,0.9846601289650441,0.687416027010775,0.7104482457330005,0.8420784215528955,0.834160084171848,0.6300901876210565,0.7508809619658816,0.8700853537305535,0.8709911592360449,0.8407477952041944,0.722054272826822,0.8772304357931477,0.8473352221942345,0.3939420596630673,0.8420784215528956,0.6208003349030968,0.9831929791885614,0.7217430876550326,0.7799305874293456,0.7027938425358895,0.8176248919537714,0.7582788032404284,0.7221998686662617,0.8984876543923497,0.9506843885522637,0.571797207516799,0.8270835681605351,0.8232232273250377,0.8844834814579883,0.7869927119133113,0.6931678447875533,0.858324459587394,0.8369591621743948,0.8119941552331311,0.9301177772509812,0.9511854069300709,0.8997547317801262,0.8828532941996559,0.7755589905589138,0.9223798585420759,0.9223798585420755,0.7548663477831052,0.8126260034059012,0.6770246072637978,0.8420784215528956,0.8983363361253104,0.6605740534261122,0.8338004366010847,0.7430819441195029,0.7190323268397132,0.836959162174395,0.8683535281030099,0.686980312868636,0.8473352221942345,0.5624665554298274,0.76385834558839,0.7551667259673172,0.7052425662402256,0.8420784215528956,0.9574397281040892,0.9619684272088396,0.6428302550070648,0.8763243374738703,0.8146618761013407,0.8432045372944474,0.8245212335288475,0.8420784215528956,0.5874639993882762,0.40760465385437594,0.8432045372944472,0.57837538680148,0.6607097432169522,0.6146814125036895,0.711449816774324,0.5132278024121044,0.7946166575997196,0.7196107951910351,0.6683058788642313,0.9213564111708461,0.8706346586601549,0.9223798585420757,0.9326752080677526,0.9319959257948538,0.7503642215501921,0.8306048913955286,0.512487280124476,0.8034874575522322,0.44026236031122046,0.8420784215528956,0.8369591621743948,0.55004545830234,0.3947918999915525,0.9814041374634643,0.4984780039364205,0.4627321847874901,0.8420784215528956,0.5485510687248478,0.19252857817590985,0.8635780863582583,0.8420784215528956,0.6792923906520336,0.903246699146719,0.7354031975062649,0.7997160938696786,0.8369591621743948,0.6626445741314402,0.7869927119133117,0.8769050452069713,0.8011772965543407,0.8061991670641965,0.8596910176870523,0.3911571119007017,0.8420784215528956,0.8409479654474654,0.8420784215528956,0.8700853537305535,0.8995304255831049,0.6404074698999782,0.8828532941996561,0.9464379378331319,0.8368755969753943,0.7044243835899333,0.5301654557495764,0.8420784215528956,0.7468935440646995,0.5359939452426579,0.9338227673059107,0.8040328353843711,0.7951319916449245,0.8107326760754664,0.8684044511512647,0.9829833440868232,0.7796562783546093,0.6669420557006227,0.4885597422394312,0.7796562783546093,0.5510708508493065,0.8583244595873938,0.3061515312769062,0.7796562783546093,0.8828532941996561,0.7971824445675244,0.8782416695665332,0.7198455815631015,0.8660830247325575,0.940633621475834,0.986572764243447,0.6800761783917901,0.4829072514295316,0.8483722207901454,0.7328762606649555,0.8283380468764912,0.8660830247325575,0.8338004366010847,0.6369472837013053,0.9890104569566376,0.4820488688815303,0.7642844841217857,0.7824448829780222,0.5667719537070994,0.8965494592220871,0.8782416695665334,0.732026101397933,0.8693470919765571,0.9959668908084218,0.9825349400449439,0.9512711495147099,0.7776093497442669,0.777638389641752,0.7232048222120993,0.8188025678501734,0.7707675179901416,0.995305559258638,0.7638583455883898,0.7396612196174772,0.8932766839783672,0.9032395300776708,0.8052680428582311,0.7083340572373142,0.7762247274661316,0.826440912690372,0.9778174731175213,0.7080170025595369,0.8968213158508794,0.8951627873918945,0.808700293642254,0.8119941552331311,0.7869927119133107,0.7583678639577925,0.8594242319326006,0.7217430876550328,0.7955381435911342,0.9479232114797693,0.9030850419025611,0.7631082072809785,0.9243307498488829,0.9378392024938802,0.6850837891384511,0.7320261013979327,0.7508809619658817,0.6630012597203829,0.7747540550071175,0.9485667670310041,0.6989244357023687,0.7635493796785047,0.7365798583689809,0.9412475531634239,0.7428081663990694,0.7468935440646993,0.9387833552604468,0.6842029566367585,0.8846853407167914,0.5619842192217672,0.8461643043160512,0.7575964152480583,0.6835223203363712,0.9320947225991512,0.8782416695665332,0.8763243374738703,0.7709925103923514,0.8700853537305535,0.8971981082985714,0.7232048222120993
p150_GAP,0.6252648868357662,0.7582731991102905,0.41423087169795103,0.88103361598678,0.8440180327877229,0.7960141260477718,0.9486350840894777,0.9644502655092245,0.6672854148449587,0.855342581976174,0.7733894101534823,0.809299047601135,0.8092990476011352,0.6004787948584017,0.9295481686143099,0.9896781564496205,0.8313633281640328,0.6290934728236328,0.9112990802027561,0.8206465546456467,0.5915879003244746,0.7150457493413598,0.8378129456849092,0.8806884293366943,0.7301396361966427,0.7508557165936522,0.6989031042017522,0.7528549085101144,0.8206465546456466,0.9790369744764131,0.809538604848256,0.8660127357937746,0.7423103098247958,0.8981496662422619,0.8440180327877231,0.8081608912581859,0.7637935221451875,0.6905848474548804,0.8629791856785534,0.6436993227178551,0.4553298456993048,0.7557478947704015,0.9008688177089619,0.6833122902614643,0.9373315073338576,0.3334342331982607,0.7742042751539621,0.6548095377643222,0.6219038091010767,0.6065288178577124,0.8660127357937746,0.23907529392937676,0.7508557165936522,0.7866846903996971,0.8180232600309134,0.6577313710948114,0.829449319056339,0.8152867967569688,0.8586274248408554,0.7617512826831669,0.6583615748699749,0.6813199535885375,0.9723024346589075,0.753322938382826,0.763352426272961,0.6920549828518192,0.8801973674837038,0.5983845928819393,0.5797165503791606,0.9456784765176128,0.5737670527794794,0.6219038091010762,0.8152867967569697,0.36974817257911496,0.8152867967569688,0.523359480261257,0.7392800394153596,0.7239117681751202,0.5605193224276488,0.7960141260477718,0.8307894540196181,0.827000439667167,0.9344814405056142,0.850540190888888,0.8152867967569688,0.5540895477515115,0.9941427697706342,0.7129187214117916,0.9182806466541549,0.8092990476011352,0.8152867967569688,0.44581926880905764,0.4325912248882834,0.5670899981887008,0.8152880611177495,0.6548095377643222,0.496254549899397,0.4065094222969562,0.3703149760963118,0.44182255675732307,0.6791961145900032,0.8048222124436128,0.7250134267509782,0.7645455753141213,0.9864585667681779,0.7737814949433295,0.4975021874191333,0.27534135360356826,0.7708448307368139,0.42906016873132446,0.41571748826536925,0.9065434718503289,0.535314436157289,0.6345112875369552,0.7742042751539621,0.4710132555607587,0.9605141371058518,0.8480451455932454,0.7960141260477717,0.5111729987233387,0.7566283468611883,0.5473595125206385,0.6588517029014223,0.964206928676214,0.9169742063084649,0.6546923276770382,0.7341670181020109,0.6195474108857684,0.939441272082094,0.6918329828093988,0.5372980198230648,0.7742042751539613,0.8167498933030728,0.8629791856785536,0.6989031042017523,0.6512144267981357,0.5750035087718033,0.7850261562127581,0.7850261562127574,0.8034571229302205,0.41553080362898553,0.7846453476036258,0.6539218737324597,0.43449168826465934,0.6378575198313537,0.6749003771446778,0.7852680936628227,0.42571167536934906,0.7460262960123403,0.2943047162680894,0.8566477616876667,0.658361574869974,0.7361950078895567,0.8047855465250456,0.9436448416643344,0.7678218096291192,0.7376617924651484,0.7199994637578899,0.7524520056884487,0.6693784487769094,0.996834515662737,0.8966760243125665,0.7353798725148984,0.29322329040529027,0.5251020903064704,0.5665393807911387,0.6885576076179099,0.5546608765938112,0.830218732848683,0.5563268746789238,0.7607958355031892,0.7160993340227436,0.8915090155061809,0.9973458427433088,0.9139127530638755,0.6634325646459585,0.8425402875730423,0.7295163400318849,0.7627202034640761,0.7687457145896694,0.8787552226433735,0.7810021411373678,0.8509140625515297,0.8092990476011352,0.6110648235117135,0.5461558639734108,0.5385043732879624,0.6757513565723763,0.786684690399697,0.9525359424523359,0.8578060722285472,0.8038365961051182,0.2653942050049851,0.33435395937616175,0.7451210644495652,0.8152867967569688,0.8214354212503419,0.8704491812798201,0.6381319661689326,0.4332598140593108,0.7012940091910362,0.8092990476011352,0.8152867967569688,0.3734258198423419,0.44554379648608755,0.855342581976174,0.8152867967569688,0.6131292258734302,0.7292447864734688,0.6791352581714007,0.5753615618775407,0.5197345109745906,0.7160993340227427,0.8152867967569688,0.5033245358492957,0.8152867967569688,0.6912986522920443,0.44001492683364263,0.407376267795583,0.8152867967569688,0.773162857871392,0.8152867967569688,0.6042856140146567,0.9424749978863654,0.585445094977215,0.3427923331431345,0.7435863378643104,0.20491902454439836,0.8034571229302203,0.7445307302578105,0.8002684491786298,0.734321998072891,0.6033612942710282,0.7539006270326192,0.7850261562127575,0.6672460480658836,0.7125119185101703,0.7780642022527414,0.7046372672552956,0.9350097066258589,0.6918329828093976,0.7977480447415815,0.4558453103284358,0.8849805468777112,0.8152867967569688,0.6631057565316509,0.8152867967569688,0.9056396283351924,0.7469899622295404,0.8342889987034596,0.7365407537952497,0.20491902454439836,0.8510619252935181,0.6875583309132176,0.658851702901422,0.49951908323962546,0.8723446941102067,0.4953290567679154,0.8277625400805724,0.46315900600482285,0.7784995011466208,0.43355062098198105,0.8092990476011352,0.8740070788027339,0.43211414981807517,0.8629791856785534,0.7033627253350028,0.7420342251042482,0.8683174392301587,0.9436348623121291,0.554841694084591,0.8660127357937746,0.4624461391536996,0.48604017049359693,0.5624838939334063,0.7737814949433295,0.39067278621051793,0.9282379768280802,0.7811901560910328,0.853740356706594,0.7737814949433295,0.9975673095803077,0.4621478250577411,0.9941236503157006,0.5151482195861122,0.6405580550195984,0.7435863378643104,0.7732311662951261,0.3232646698980295,0.7074023333848406,0.7435863378643104,0.9579118988918691,0.1202614940999851,0.7737814949433284,0.6147045846854686,0.47231935625778787,0.37958347516826774,0.8156283097736305,0.911299080202756,0.7250134267509782,0.7744724044185276,0.7074023333848409,0.8484736303933887,0.305653187375476,0.7123365051272375,0.8354401497332641,0.665494836334634,0.6961377659518855,0.3142325510746561,0.7241746942463396,0.5794020756999452,0.7916581673400884,0.6299607817419738,0.647874293578347,0.49829015551679445,0.8206465546456468,0.7014232101599984,0.8926489687296866,0.8312227840826459,0.7292447864734695,0.5454398961179683,0.8583804773702233,0.8152867967569688,0.8342889987034598,0.9812751263311442,0.6290934728236337,0.7737814949433295,0.8740070788027339,0.8556880453098372,0.8152867967569688,0.9440034360823041,0.8480451455932458,0.8717933901085885,0.7857112761630316,0.5510870901223963,0.64375930536263,0.8660127357937748,0.4197717270272032,0.150606677998826,0.9677660805140442,0.7921605288459559,0.19151899643611692,0.8277625400805724,0.7241748128797028,0.15638785905845198,0.7866846903996969,0.6749003771446769,0.8339037580781801,0.22157416939026753,0.5799257736700593,0.20503074029197155,0.6989031042017522,0.8092990476011352,0.989415932707908,0.6388737147128418,0.29831763857341054,0.30265127510853995,0.01874830015936846,0.8152867967569688,0.4684693621196363,0.7578155352589799,0.6258234682614525,0.8599095108579594,0.8553425819761737,0.4506657148758648,0.8152867967569688,0.8152867967569688,0.7460262960123398,0.650216517187439,0.4292303799777859,0.8152867967569688,0.8926489687296866,0.7250134267509782,0.8209147257449845,0.4434951916933665,0.3590628120672563,0.7537446627817315,0.6277689543742612,0.7877486195633611,0.09184918593289093,0.19906932029964985,0.8152867967569688,0.40149577058753916,0.5854450949772145,0.212461495680913,0.29618815853481406,0.7698545116584183,0.7917289618136096,0.7435863378643103,0.25843253852241976,0.8152867967569688,0.11343239959033169,0.9612635499215159,0.8989762624648636,0.5669587959337219,0.8214354212503414,0.1885957522949444,0.7164475786398381,0.8152867967569688,0.6222313635184322,0.37674925249894664,0.8152867967569688,0.7835908797342284,0.7490546298071843,0.40729103172216274,0.0,0.2807933934351059,0.8152867967569688,0.8385902994544335,0.6255446091769805,0.9611563325953092,0.841388584636035,0.6033264980633404,0.6799643034983176,0.6665866506623148,0.5024462864074755,0.7435863378643108,0.7452094955649673,0.6024520599437719,0.7678512841145848,0.4780730733341745,0.7794438630550203,0.31408759378302564,0.7890581926066969,0.7533024191224422,0.6733828164366846,0.8152867967569688,0.9800578728324697,0.6184862133460796,0.7586840117467912,0.8555282750087998,0.9461962926741693,0.8306315975793839,0.901605974850145,0.9711790504474236,0.8034571229302205,0.8476058731210252,0.811207134843238,0.9099539026069614,0.4488138240668894,0.667027576511764,0.8480451455932456,0.45459890575179207,0.855342581976174,0.8878051593974776,0.9077746072552331,0.6489694593198974,0.8362171997113617,0.8206465546456468,0.6483295896819368,0.7528549085101144,0.9697953846354517,0.7557478947704017,0.7877486195633623,0.5579190345011371,0.9272939616022178,0.8118922448201393,0.9983494843809071,0.9199681005954766,0.8728107232433013,0.7831322507761418,0.7813118120412559,0.7478328412640207,0.7206903141286427,0.49340608268268626,0.5713586320616474,0.9373315073338575,0.788553284302723,0.5967958316023523,0.7181737824012524,0.783612149935693,0.7657376387499226,0.025123413302715503,0.7813118120412559,0.6132427681091888,0.7607070081476259,0.7656958640615763,0.7732646351235051,0.7435863378643106,0.888952036355018,0.4681496923040057,0.7834545200813476,0.7169115635131371,0.8480451455932454,0.8076954830777365,0.7328824063021442,0.8952216971545264,0.9824650928848175,0.7518871937866647,0.6989031042017526,0.8977364728840898,0.8824245419081025,0.6145409350322142,0.13203911716446282,0.5285401012915033,0.7160993340227431,0.7160993340227426,0.3828406049376585,0.85497143309035,0.7977480447415817,0.36282339391425067,0.8152867967569688,0.7963197439933528,0.8152867967569688,0.8152867967569688,0.3408763834403845,0.7657376387499231,0.5992563129325659,0.8152867967569688,0.3194649945919046,0.4229248689277685,0.7292447864734697,0.8220666694383262,0.43136908732365087,0.47230945048453454,0.7694409624568839,0.6461715128584515,0.417838642874651,0.8180232600309139,0.9398581321453399,0.8740070788027337,0.7004742921765219,0.40224627333552265,0.47616451955425454,0.5939723471708022,0.8180232600309134,0.8578060722285477,0.660558196742149,0.7963197439933525,0.5024462864074755,0.7435863378643108,0.6614100268247322,0.7760341591046289,0.9808869836899143,0.7212101764010358,0.4890664754702958,0.6480668911291405,0.6583615748699749,0.7657376387499224,0.7483628850979835,0.8583804773702233,0.8002684491786298,0.7934200261883646,0.8310823772570569,0.5072498527195,0.407428116675296,0.8660127357937746,0.6072979282259652,0.7977480447415821,0.8139356566853602,0.40263313272741474,0.7719348185375806,0.212461495680913,0.6216933175348199,0.8717933901085881,0.09845334626874247,0.46783990341910564,0.6461715128584511,0.14734820225634726,0.6665771691933589,0.6974650164575209,0.7668749968419251,0.8152867967569688,0.7533024191224422,0.8095720510683433,0.8152867967569699,0.46951799224997326,0.7760341591046289,0.8306315975793845,0.7051034836603652,0.26564695416652506,0.9077746072552325,0.28959420500302424,0.8206465546456463,0.26600686447746114,0.8307894540196179,0.5284735182988434,0.8306315975793839,0.8974866969345463,0.6067783968942178,0.7095781585654695,0.6895695889387644,0.5893396397301554,0.6086300084302525,0.18735906430018323,0.5168708211143918,0.8505533233451524,0.43732448099519816,0.2762894413999796,0.7272642534026093,0.8566477616876668,0.801427569491863,0.8214354212503414,0.413967279388721,0.7308427312244516,0.6263319107522554,0.8092990476011352,0.2428280761196273,0.15227272949541792,0.9096830221389964,0.6341660946603671,0.919616351949526,0.6878857816105823,0.7366908084658255,0.748946109606671,0.7261629587210581,0.6145409350322142,0.7946074751685537,0.9918065809331944,0.6991729471859397,0.8372167898585539,0.7850261562127575,0.9096830221389965,0.8152867967569688,0.7628358914047149,0.35542714520431895,0.44799982652112313,0.5671534388888997,0.8152867967569688,0.6208255965293215,0.214795889059878,0.6583615748699745,0.9211128761479769,0.4792697022790434,0.5247902615868267,0.6276214354888303,0.9866152093563796,0.6712350662810016,0.9598966709798268,0.4702699930312697,0.5497031782009331,0.7633524262729614,0.4732478161351361,0.829449319056339,0.9272939616022179,0.6721663549013992,0.83390375807818,0.7576916173639552,0.734576808034004,0.8339037580781802,0.682432847361954,0.7865198320659574,0.7537446627817317,0.8399978931376701,0.40418731438370736,0.8480451455932458,0.8152867967569699,0.8245027392526303,0.17014946336037595,0.2932232904052907,0.8092990476011352,0.9119211045740193,0.7977480447415815,0.8092990476011352,0.8092990476011352,0.7435053521422084,0.8152867967569688,0.8507321343264937,0.7324664423759276,0.8152867967569688,0.6437593053626303,0.7694688940742218,0.8824245419081027,0.7435863378643108,0.8740070788027339,0.8214354212503416,0.8092990476011352,0.23044180020757765,0.5111729987233384,0.7657376387499224,0.421779571659191,0.8152867967569688,0.49750218741913355,0.8660580870229153,0.7353798725148983,0.3359412310590493,0.5389497693689063,0.7737814949433292,0.8526730342747174,0.7708448307368139,0.9714607842139643,0.9202407916505638,0.8686696069047446,0.841480197465682,0.7716950908406356,0.9436383408148022,0.7004127074839346,0.7733894101534821,0.9800578728324697,0.6872903499514127,0.7742042751539622,0.7775135947663838,0.47816099190456196,0.8152867967569688,0.8974008429354976,0.4374612034689481,0.855342581976174,0.3034893982023784,0.7253951489942083,0.8970835150993879,0.3997011462700619,0.8306315975793839,0.28958760004899053,0.24142751950106578,0.8152867967569688,0.8152867967569688,0.6875583309132178,0.7921635002889937,0.6595244965403392,0.48477132062506145,0.47708100482662985,0.2639553429027113,0.263849609509179,0.3339672141507899,0.6588904740388646,0.3699644896955856,0.8152867967569688,0.6881646809550994,0.7533024191224422,0.8629791856785534,0.12438641740196099,0.7737814949433295,0.385957013080811,0.8152867967569688,0.8152867967569688,0.2149104917143334,0.7537446627817315,0.3058664860478193,0.6908114592673595,0.28036172426736816,0.47188501751505574,0.7788424809326613,0.9354298283560882,0.4367383954143811,0.31190085570135617,0.8152867967569688,0.5412250420771516,0.3366940770091489,0.8526730342747167,0.9168039382229598,0.7404818167535039,0.9856660077103503,0.9985333851600513,0.5540895477515115,0.8214354212503414,0.5252008596288356,0.8152867967569688,0.36974817257911496,0.8025682677755005,0.6506908762501322,0.5702611872078499,0.5654208606938577,0.7866846903996969,0.6542795516324991,0.30318674164018977,0.8410397610823424,0.975186875290766,0.49915198280724526,0.8242400895340374,0.7846453476036267,0.798332302723646,0.7508557165936529,0.4201218473796122,0.8342889987034594,0.8092990476011352,0.7091806502678311,0.7627205545350362,0.7469899622295402,0.7928632254248198,0.8629791856785536,0.8592253732217522,0.8629791856785536,0.8629791856785534,0.5748532781743376,0.7874762380130187,0.6222313635184324,0.8152867967569695,0.8566477616876665,0.71504574934136,0.7760341591046291,0.3491663571845709,0.7681730410097547,0.809299047601135,0.7841852980302269,0.6303540309033906,0.8214354212503421,0.44898877918622804,0.7387017875648274,0.623976007245503,0.5620279560857127,0.8152867967569688,0.44581926880905764,0.9589429769107363,0.34670838572170926,0.855342581976174,0.868317439230158,0.7607070081476273,0.5596549019717909,0.8152867967569688,0.28959420500302446,0.085991476128216,0.7607070081476266,0.30642727574387285,0.36974817257911496,0.3198071320115592,0.7850261562127575,0.39135069163901104,0.7280262593588942,0.8835511651219085,0.351917939844562,0.6512485148307117,0.46632538698798776,0.7960141260477717,0.7445307302578104,0.7537446627817316,0.9918065809331942,0.948836513352758,0.4269124093122545,0.6800400002048519,0.07475581077910054,0.8152867967569692,0.8092990476011352,0.4519363336369553,0.26248740205355126,0.745591383650279,0.212461495680913,0.14921665774719006,0.8152867967569688,0.2555635936845593,0.2739625732564728,0.6205184249390004,0.8152867967569688,0.43089123443520716,0.9233494281195045,0.7737814949433295,0.7657376387499228,0.8092990476011352,0.47288028319579,0.7730003884001785,0.8515296847588801,0.9582377800274837,0.8743899475779474,0.7678512841145854,0.07515742209959542,0.8152867967569688,0.7999933445013665,0.8152867967569688,0.8480451455932456,0.4974262794339246,0.5794020756999452,0.8629791856785534,0.7527304365235907,0.48864680651659476,0.6542795516324982,0.6605976851001969,0.8152867967569688,0.45430879649511313,0.39981072165290565,0.6063210900736877,0.7996582257849201,0.8592253732217525,0.9119211045740193,0.9230697529533907,0.7226970694695896,0.7150434801379619,0.6104382924611989,0.1615956320443318,0.7150434801379619,0.6806373151807951,0.7533024191224433,0.3948358422003013,0.7150434801379619,0.8629791856785534,0.8505401908888884,0.8214354212503416,0.532107145488605,0.7160993340227426,0.7429950062244692,0.7124747307268313,0.7960592005243596,0.5412250420771528,0.8123787464634717,0.687558330913218,0.7460262960123398,0.809299047601135,0.8245027392526303,0.5785723327502459,0.5804391647778038,0.5008591416658221,0.5486767262580217,0.6972444976092564,0.5036402769258485,0.7526768908017489,0.8510619252935181,0.7742042751539618,0.7933784282526342,0.8257845837896092,0.9692002530510093,0.734687656987117,0.8049076821228232,0.8167498933030728,0.7633524262729616,0.8157810325477375,0.7527304365235898,0.7548758525846335,0.8342705260355916,0.820226813646332,0.720332393143694,0.7776649250601229,0.8038888164891085,0.7537446627817312,0.7301705334446282,0.4867880280145829,0.7301592569407438,0.671487109359711,0.9197222822283487,0.9941236503157006,0.7732311662951258,0.8258608984634046,0.7508557165936522,0.804871283371577,0.8093661913172971,0.9685401719875906,0.777157073880844,0.9594818855681565,0.6744341261967572,0.7497528461888634,0.7998525607949996,0.9980852080142157,0.9869449355798781,0.7742042751539617,0.7934200261883636,0.6024520599437715,0.7365407537952473,0.9272939616022179,0.9424970952765995,0.530769287845761,0.9513055713165917,0.7617512826831672,0.7889257573323306,0.45430879649511224,0.9186210068194354,0.4901820598083363,0.9579118988918691,0.48767420681750573,0.6666644471506968,0.7963197439933528,0.6263319107522556,0.906543471850329,0.8526730342747175,0.855342581976174,0.8425458061980076,0.8824245419081029,0.9465534233420136,0.7963197439933528
p150_P,0.7460683510701925,0.7716036057947149,0.5787109730034035,0.8567880532702241,0.7715834556054183,0.8532920118076435,0.9990459197606276,0.9531877357406074,0.5305332729672152,0.7988652819601515,0.765850872688635,0.7624534917969605,0.7348453828730821,0.6982490754523114,0.9746994720149971,0.9007060356694105,0.9144402420742332,0.7332415752367154,0.9732945459124762,0.8807174319218227,0.7145866737204691,0.8081311165025298,0.9106089806914222,0.8396138091088566,0.7546438909083388,0.6535845456198998,0.783449123325719,0.6335916531160937,0.880717431921823,0.7345167049374846,0.7224847956737392,0.8009638285360554,0.8286183577313586,0.7807707258469966,0.7999960359115466,0.8373021566360079,0.8381090821523731,0.7774665781182655,0.8094833764446488,0.7280707215884721,0.6082696266282195,0.660386733102737,0.9593609816658518,0.7228023016814451,0.8358455708251249,0.5635656406393581,0.8458639564984105,0.513343673038762,0.7280707215884723,0.45290938855303586,0.8950795038997208,0.44073974266018645,0.6754836127321635,0.8966022937609004,0.8133191849769893,0.7654163298689534,0.9352297684985353,0.8022278398026612,0.638406789237058,0.7895618251049048,0.5249787446172502,0.6414998272375891,0.8725752167425384,0.8865861431639535,0.8298015015479603,0.4768424851257522,0.8539453617971722,0.6745299274890599,0.847341276707311,0.8713002539551251,0.6934504484233752,0.7280707215884723,0.8852337768299304,0.16151691692646053,0.8022278398026612,0.5579250762472645,0.7602000973042939,0.8147797622972601,0.3325063977042053,0.8532920118076435,0.916111344855303,0.8117426472449565,0.7129220490303518,0.9522322463593522,0.8022278398026612,0.6792982568065471,0.8800276452998836,0.6524936544205382,0.780165671214262,0.7958167654209827,0.8022278398026612,0.5943299994299138,0.6219327159245696,0.5474603750944265,0.8985134587392452,0.8596883160926752,0.5703698025145816,0.5620651835710921,0.20179478489944447,0.2831938292087033,0.7441896500402552,0.8155856001785133,0.8022278398026619,0.744660662174953,0.5811184028996629,0.8373021566360079,0.6386002534074322,0.19580498459488893,0.6813778305545801,0.21091034099541095,0.5168422534417076,0.9943498684057497,0.4067564405966321,0.6650697785616595,0.8155856001785136,0.30685521415919625,0.8716025561676637,0.7887187728537041,0.8532920118076435,0.33637902190464897,0.8315566732461728,0.6895411753169776,0.754643890908339,0.9258894294912601,0.7551406423489795,0.4359315714874388,0.8088111631761212,0.9261471567999731,0.9614654189642542,0.867493074499344,0.35664943014509876,0.8458639564984101,0.8225734700092835,0.809483376444648,0.783449123325719,0.5805434084373049,0.6225363837994066,0.8539453617971722,0.8539453617971717,0.8164349099391164,0.5348726883830459,0.8451155112420419,0.4642724257889794,0.6139004104438024,0.7145866737204694,0.5479746433252658,0.6469533263815712,0.27929883706923886,0.6468696176183647,0.2181230263601801,0.8451155112420423,0.5936165425138719,0.8285825160360605,0.9804540883698296,0.9794329289487258,0.6684233990250253,0.6549931056720351,0.7570115742507317,0.7215397450669192,0.5839587451407604,0.7914573177698824,0.8458639564984103,0.811742647244956,0.46709744503862205,0.6481791472953868,0.693351176933447,0.6804658392199836,0.6737558658130975,0.8778921909938127,0.4659919046455373,0.8567880532702243,0.7958167654209829,0.7888233937283919,0.6703821500842844,0.8082402417129304,0.8161669392449238,0.9052983512742421,0.9530453432694489,0.8820916436421102,0.6640908720945995,0.9307497155970764,0.7281417526598755,0.8503230491837441,0.7624534917969606,0.9113199562769403,0.47093664164709703,0.39043551107643715,0.5688989498111587,0.8966022937609004,0.743237780477719,0.8073419023819208,0.6993291524456546,0.5081224305144163,0.2913536318316158,0.925918872209762,0.8022278398026612,0.7810179711563527,0.9508003341101743,0.8102105099421162,0.5900697618813633,0.6403377056711446,0.7900616007208391,0.8022278398026612,0.5162644346373799,0.2669188229495141,0.8344672026399323,0.8022278398026612,0.8585062407837141,0.6455118395399991,0.5624154724462473,0.7619535178159029,0.6468548021911562,0.7958167654209829,0.8022278398026612,0.9431177958538595,0.8022278398026612,0.4446777280858776,0.4883657525578373,0.5004821027867696,0.8022278398026612,0.5278943596889415,0.8022278398026612,0.607453226312636,0.8422013259235581,0.6746551444348232,0.531265523112594,0.8155856001785131,0.14781942599998166,0.8433079947733282,0.8414232580309247,0.7365242011142297,0.7371649279940471,0.6958360379916217,0.7413256272572983,0.8539453617971722,0.886586143163953,0.7113857494869995,0.838859905536053,0.8095827540108778,0.8859915107459557,0.5715180945535506,0.7187846254299257,0.5537923365189843,0.8073419023819209,0.8022278398026612,0.6420008450778998,0.8022278398026612,0.542243206813176,0.6700460193353563,0.8009638285360559,0.9474249368874276,0.1356301614913602,0.7810179711563526,0.5655745286057949,0.7546438909083384,0.5828968418205394,0.7903153174929476,0.32559282493777764,0.7605174113429305,0.5288522976600172,0.9540928615789439,0.29057067686876337,0.7958167654209827,0.909385058694516,0.561663580730265,0.8094833764446488,0.539817928994178,0.7055358511247373,0.8720648774730455,0.7554178416442227,0.5701901276130863,0.832335720323944,0.497317986298383,0.48996306555898284,0.41384736198270144,0.8373021566360079,0.17294870970857612,0.8218933004979212,0.7890915444598163,0.949193634238837,0.8373021566360079,0.807623417949108,0.2587864783384337,0.8624031815176507,0.6365148513838557,0.7378838199067892,0.8155856001785131,0.6839771896298144,0.06137159804682324,0.7895618251049048,0.8155856001785136,0.8155856001785131,0.21564946222947767,0.8373021566360079,0.386170114857026,0.6679569377145287,0.5537923365189843,0.8768742760497967,0.939296448593359,0.8022278398026619,0.771178284401794,0.7895618251049048,0.8225734700092839,0.09833630421865669,0.6320461741987605,0.8155856001785131,0.7280707215884723,0.7457678481078369,0.29322329040529116,0.6126454550090201,0.5202061804559113,0.7201945491401176,0.8027903280455819,0.6932289653618879,0.5757584644639975,0.8807174319218227,0.6149312127064351,0.951921273281384,0.8560225025122674,0.6085149670467753,0.682686480181887,0.821074123982724,0.8022278398026612,0.769591936748167,0.8556063329356027,0.7332415752367158,0.8373021566360079,0.9928099013964127,0.85103298326874,0.8022278398026612,0.7546438909083386,0.7887187728537042,0.8532920118076435,0.6874767052722972,0.5755932804762098,0.7437893388895367,0.8009638285360556,0.31036234450571165,0.3465476701048682,0.8251411757254743,0.7110156257508033,0.40677421492682453,0.7907957676628273,0.7425384340953404,0.44056145787627154,0.7034019047473057,0.6013152469114812,0.8532920118076435,0.15628692096698127,0.6839771896298135,0.13349427828440963,0.7834491233257195,0.7958167654209827,0.9087565667278676,0.5537923365189841,0.11071228983965298,0.11682194859380723,0.2942772947715855,0.8022278398026612,0.39443437845664975,0.71584546400808,0.7273734436244235,0.9439228789501477,0.8344672026399325,0.3745637839822472,0.8022278398026612,0.8022278398026612,0.6468696176183644,0.5811720368107466,0.5328015802747226,0.8022278398026612,0.8451155112420421,0.8022278398026621,0.6982490754523111,0.5997580652807393,0.24248401406741216,0.8306404201087898,0.7030921523899183,0.7602000973042939,0.3468519347656467,0.2533497264340958,0.8022278398026612,0.5373241740146004,0.674655144434823,0.11448330337151291,0.21343007156527072,0.7633105945216196,0.5766944652737633,0.8155856001785136,0.04240240139106699,0.8022278398026612,0.21083874351626708,0.7551406423489793,0.6943917754190532,0.71851617811002,0.7517200521801013,0.34254505988263073,0.7774665781182653,0.8022278398026612,0.715190933867628,0.6032431297419678,0.8022278398026612,0.975742822907673,0.5379597888027836,0.57961384033212,0.2807933934351059,0.0,0.8022278398026612,0.9326754773995087,0.5536653867249,0.8624031815176507,0.6482451533279541,0.4921016419282479,0.5479888875444527,0.5364150630788145,0.6115535590124532,0.8155856001785136,0.6483003736302577,0.44108313433500734,0.8414232580309249,0.2955170888365283,0.7231083166806958,0.49642090220313717,0.9336708882449205,0.8225734700092833,0.7551406423489795,0.8022278398026612,0.8713002539551251,0.7664011661198686,0.5254556562039066,0.7693246760294279,0.8015796896953389,0.7895618251049052,0.6449153815450239,0.9553007580573802,0.8433079947733284,0.8637086519058848,0.83064042010879,0.7966033433879527,0.5730003601795439,0.6423669175884277,0.7887187728537042,0.2625347085446781,0.8344672026399329,0.8284005927134908,0.8644851655844237,0.5465507547524011,0.8320966261016478,0.8807174319218227,0.6868252526891734,0.6896797506119655,0.8129963694010416,0.8052722504124434,0.832096626101648,0.6546492041410044,0.9972557380978944,0.9133709401397514,0.886586143163953,0.9429618435564383,0.9023470583855151,0.704124861930556,0.867182455246678,0.6411229421467322,0.4412198067238453,0.4838536453492397,0.714923551921671,0.9406384658239362,0.6436459027777277,0.6366293121588043,0.7270471299577561,0.7805375026225279,0.8183613504774259,0.30226094811878323,0.8427180104423658,0.44917267940492833,0.712584194267109,0.6885444555819682,0.5633130727289113,0.8155856001785133,0.9593170511852176,0.5331857734176995,0.849414085327433,0.7696111011154346,0.9927073567684068,0.688286083218016,0.5778615999651093,0.9276065414570318,0.8055273719251901,0.8096473470754217,0.7834491233257197,0.8950795038997207,0.8227168701728211,0.7079822296372038,0.3208180858258449,0.6609229261184333,0.7958167654209827,0.7958167654209827,0.533315652291716,0.8248947119012575,0.8096473470754224,0.5005029267320887,0.8022278398026612,0.8298015015479603,0.8022278398026612,0.8022278398026612,0.08354065362698915,0.9567327957984202,0.6839771896298135,0.8022278398026612,0.35774395604752574,0.19240463620278003,0.8180335093082527,0.7861218833060213,0.552095171159775,0.3303153745888565,0.8786811488582447,0.9434365382697985,0.19055059865774637,0.9411986340097224,0.9112459445160608,0.9276065414570318,0.6213366703853662,0.5844970651034012,0.5268065998884199,0.7079822296372043,0.9667745238162688,0.8073419023819213,0.7469981886539949,0.8624031815176507,0.6436133450657828,0.8155856001785136,0.7609818367530403,0.7365242011142291,0.938857504533648,0.8183613504774259,0.3788550704834057,0.7231649664338184,0.5249787446172496,0.6742766833455953,0.9594507436509543,0.7907957676628272,0.8800276452998841,0.8381090821523731,0.9584048950231168,0.33087327516007436,0.4024963276308713,0.8853172535850609,0.6318398909493357,0.9283704154275495,0.6766728753229143,0.5703698025145811,0.8234248743448616,0.21199029824311333,0.7129220490303518,0.8532920118076435,0.24404977848735987,0.39347613729251174,0.6420008450778998,0.308481148453402,0.7602000973042937,0.651828571678255,0.7608041249056321,0.8022278398026612,0.8225734700092833,0.764463880606461,0.7999960359115466,0.5415433217767185,0.7125586915151103,0.8342149872161329,0.816028387757515,0.3552444987936276,0.772237535370428,0.024549464768763407,0.8807174319218227,0.2085003238821903,0.916111344855303,0.33873762227804516,0.7895618251049052,0.9564978067640915,0.8151673110969346,0.8365319455548637,0.7437893388895367,0.7190595340575461,0.6877921880807996,0.2625715963349389,0.32266662260853163,0.7222094813814699,0.46370768248362615,0.4596495492500554,0.6207824787649796,0.8451155112420423,0.8486402706645193,0.7810179711563532,0.5656420180852642,0.7257329820756491,0.7255400439119685,0.8234248743448611,0.279498193572826,0.38090022166562787,0.9282308144182452,0.5201501512149096,0.8513524803026208,0.7927088091538044,0.7307432419306945,0.7830080413922433,0.9344838860490928,0.7283226930189561,0.7988733052498049,0.8478194439933218,0.7903153174929474,0.8176697096447174,0.8225734700092833,0.8532920118076435,0.8022278398026612,0.8572353093503101,0.5036960231231622,0.4437619594412542,0.6886938936200016,0.8022278398026612,0.5889181854488642,0.34157193721764534,0.524978744617249,0.6982490754523112,0.6254873296405825,0.5787109730034048,0.5025610115490673,0.9182591417283054,0.7388308463410311,0.9430783216839178,0.48306221067669797,0.667676213985195,0.8298015015479601,0.6211563493419046,0.9352297684985353,0.876142312818307,0.7070428918285803,0.8907614131129444,0.8010109690607089,0.7895618251049048,0.8532920118076437,0.7716036057947147,0.7654163298689531,0.8306404201087898,0.5018124319731209,0.5496664093151278,0.7887187728537046,0.7431708752992904,0.7365242011142294,0.3289033238487513,0.18438057040998168,0.7958167654209827,0.8225734700092839,0.7834491233257193,0.7958167654209827,0.7958167654209827,0.9719321846052793,0.8022278398026612,0.7711810729293316,0.932812691786538,0.8022278398026612,0.7437893388895369,0.5745355085060235,0.8907130648110552,0.8155856001785136,0.8115800187854451,0.7517200521801012,0.8234248743448611,0.4142361020063827,0.3093507773187547,0.6742766833455953,0.20896714559915708,0.8022278398026612,0.6386002534074322,0.8155856001785133,0.7437893388895369,0.33554391360884783,0.6779326857616623,0.8373021566360079,0.8088111631761212,0.7048769254936252,0.9475225630345359,0.8016420807864293,0.8306404201087894,0.9845194355277598,0.7325970153878283,0.8096845465459637,0.6873540818162776,0.8637086519058848,0.9052983512742421,0.7280707215884723,0.8458639564984105,0.7251333235189339,0.2663319356760725,0.8022278398026612,0.8874655807210456,0.5859709126202679,0.7988652819601517,0.44532176119196754,0.7834491233257195,0.8147797622972599,0.28829159507416646,0.7895618251049052,0.45684299855357846,0.11836388030520062,0.8022278398026612,0.8022278398026612,0.9584048950231168,0.5457360824585862,0.6379027767414542,0.5151702233777775,0.257013343129446,0.5293913328388027,0.3766806749022218,0.08583824056344702,0.7384796233518409,0.25264978965909246,0.8022278398026612,0.9751365304439787,0.8225734700092833,0.8094833764446488,0.3425450598826305,0.8373021566360079,0.34941273228465064,0.8022278398026612,0.8022278398026612,0.12512023707553488,0.8022278398026619,0.11719869194026988,0.7602000973042937,0.44324228478741023,0.6082696266282195,0.9689099386401616,0.690127425609318,0.21404421949508612,0.4184899676759155,0.8022278398026612,0.6700460193353561,0.07772548675691104,0.8088111631761212,0.8567149674919383,0.9567455713077757,0.8583617561585857,0.8297183148355423,0.6792982568065469,0.7517200521801011,0.49212754636386835,0.8022278398026612,0.1362953701709766,0.868315844051976,0.5240377041721416,0.5472893416535736,0.4898517102674209,0.7034019047473055,0.5193030136100327,0.49763379411524444,0.8115800187854447,0.8115656630990808,0.3310025302792473,0.8497757441784406,0.8451155112420419,0.8855861077756679,0.9303331792470886,0.1534476563700693,0.8009638285360556,0.8234248743448611,0.5312219482797527,0.7463700340709962,0.8180335093082518,0.8367907480031863,0.8094833764446482,0.7255413280751921,0.8844221790552502,0.8469527777499489,0.6546492041410041,0.9825299313424135,0.5388621105743168,0.7431708752992903,0.8451155112420421,0.8081311165025298,0.7604897107133466,0.448637250016386,0.8541942475379056,0.7348453828730821,0.8525034332144861,0.7485286438977043,0.927507566037612,0.5981670980770637,0.9250211202256051,0.5835179659385932,0.6325279970796263,0.8022278398026612,0.5787109730034046,0.9136463571360584,0.43796248512422575,0.7988652819601515,0.7717077782037415,0.7125841942671095,0.6271416147624604,0.8022278398026612,0.20923893231340418,0.26869709165921596,0.9164441193333663,0.030638299482706577,0.12368459679323474,0.05424552308104591,0.853945361797172,0.33896379593455295,0.9985005314694844,0.8439996341539618,0.2668226381461677,0.7491756278169288,0.38931129299308065,0.8532920118076435,0.7952994429239268,0.8022278398026619,0.8478194439933215,0.8142858472151155,0.1979377334759055,0.8890991877347032,0.31206243202292283,0.9136463571360585,0.7958167654209827,0.3052326398555718,0.45964954925005563,0.5955236659857883,0.1998019238841634,0.20114715745938594,0.8022278398026612,0.13819021296019884,0.4678332169783552,0.6982490754523112,0.8022278398026612,0.21636625138639531,0.9564978067640915,0.8373021566360079,0.7722375353704285,0.8234248743448611,0.4935217183509022,0.741180814068956,0.8580038360255249,0.8503230491837441,0.9398167694815027,0.8183613504774261,0.2841187443278148,0.8022278398026612,0.8846760935331195,0.8022278398026612,0.7887187728537041,0.5933498629382821,0.41519179543006146,0.8094833764446488,0.7921675250792662,0.7339200831847881,0.5873717633405471,0.7180664476795502,0.8022278398026612,0.6352949127269572,0.3704017572245515,0.6302389453428812,0.8300250099277158,0.6700460193353575,0.8539453617971722,0.7079822296372043,0.6144321701174631,0.8803115019196854,0.4583452043086188,0.23787219785951663,0.8803115019196854,0.6982490754523112,0.8225734700092839,0.5688755408298725,0.8803115019196854,0.8094833764446488,0.9522322463593524,0.8103158901326049,0.5990419494516483,0.7958167654209829,0.6545777982052641,0.7664404416746766,0.6403377056711461,0.670046019335357,0.9048957588805856,0.5655745286057966,0.6899771804316861,0.7624534917969603,0.7604897107133474,0.7543335097630579,0.6982490754523114,0.6334611893060753,0.5270703965225961,0.9666492365639796,0.6430148079323512,0.7927320658084549,0.7810179711563532,0.8458639564984105,0.7350739208284023,0.9351010829367323,0.8637598124150168,0.7388308463410311,0.6782696935406246,0.8225734700092833,0.8298015015479603,0.9623814293914967,0.6478186508612374,0.7302220786463538,0.7725507401817087,0.707982229637204,0.8944481939609523,0.8721393656035645,0.6947234262930653,0.8022278398026614,0.6100703264082652,0.6560386679030019,0.7334258404949177,0.5298362750889481,0.9158677354208606,0.8624031815176507,0.836906356636439,0.9494967687354742,0.6754836127321635,0.8882420183245305,0.7335433167757845,0.8702145833677335,0.9750337111012349,0.8970240981407615,0.765850872688635,0.9537491286312374,0.8786410921926187,0.8575325143692047,0.7712875309988909,0.8458639564984101,0.8381090821523731,0.4410831343350069,0.6336807201158872,0.8761423128183072,0.9408759633972121,0.3913882226320047,0.7992427115249114,0.8433079947733282,0.843307994773328,0.3681084601937643,0.834393750030096,0.6379027767414547,0.8458639564984105,0.3825575154358397,0.7437893388895367,0.8624031815176507,0.4897798913207776,0.8943290864932463,0.8674070011286248,0.8344672026399322,0.7523802651801641,0.8567149674919383,0.9306717919382979,0.8298015015479601
p150_T,0.7524297972473161,0.9413411539914585,0.8918007079504506,0.9225015741707872,0.9492063492063487,0.9623211158059548,0.7050163519970581,0.7509151724713103,0.9038142386822647,0.960221152322577,0.9398636845831869,0.9475597985845114,0.9475597985845114,0.9225015741707872,0.9106019687464653,0.5567710364845595,0.944383427890573,0.9314886672615048,0.9582144552981327,0.960221152322577,0.8875255844205965,0.938412400887346,0.935580996038617,0.9508971383859763,0.9369854052620163,0.9314886672615046,0.944383427890573,0.916441965519317,0.960221152322577,0.7739436107925906,0.9250013316406693,0.9544316996038,0.9428469360414609,0.9188361382271659,0.9492063492063489,0.9582144552981327,0.9508971383859763,0.9428469360414602,0.9623211158059548,0.930160641445072,0.8993922310882436,0.932833950574053,0.9623211158059548,0.912915131908919,0.9443834278905732,0.8474513194974065,0.9526370111116405,0.9004911494084333,0.930160641445072,0.8918007079504506,0.9544316996038,0.8495864161552136,0.9314886672615046,0.13408370177867746,0.9428469360414604,0.9288488221297497,0.9288488221297497,0.0,0.7383793872014479,0.9459533477380775,0.9060540201833016,0.831146423199498,0.931488667261505,0.8993922310882436,0.9562880686171875,0.8244397822834253,0.9544316996038,0.6473831763250288,0.7698078233874499,0.9582144552981327,0.92126914699118,0.9301606414450723,0.9492063492063487,0.8266892096935958,0.0,0.8864622842804517,0.938412400887346,0.9398636845831867,0.8233095582802461,0.9623211158059548,0.9398636845831869,0.9341976401680094,0.31108550994831163,0.9314886672615048,0.0,0.9176344520056336,0.938412400887346,0.8046479448175341,0.8939536575643376,0.03139863267861631,0.0,0.8918007079504506,0.831146423199498,0.8548949080074899,0.31108550994831163,0.48955645159511163,0.8896584524348263,0.8875255844205965,0.8198957816506434,0.8187498553347687,0.9288488221297497,0.9526370111116405,0.9492063492063489,0.8580633769736241,0.6072669396673074,0.9582144552981327,0.907182019415572,0.7973204052495684,0.9369854052620166,0.8289245259008584,0.8759110188590657,0.9328339505740528,0.8070467719220202,0.9094556823349389,0.9526370111116405,0.7833099084134079,0.9413411539914585,0.9582144552981327,0.9623211158059548,0.8580633769736241,0.9129151319089193,0.885400876353422,0.9369854052620166,0.9250013316406696,0.931488667261505,0.7554264789789613,0.9508971383859763,0.6339927913026551,0.9475597985845114,0.9152582079543838,0.8727631680356085,0.9526370111116405,0.9544316996038,0.9623211158059548,0.944383427890573,0.8453085223330421,0.879064442044788,0.9544316996038003,0.9544316996038,0.06018876900101988,0.8046479448175343,0.960221152322577,0.8244397822834253,0.8717146038820363,0.8875255844205967,0.9106019687464659,0.892875760974867,0.8420784215528956,0.9301606414450723,0.7583810530554915,0.9602211523225768,0.9060540201833014,0.8559522762859688,0.8811713725919912,0.9544316996038,0.9301606414450725,0.8950345750758599,0.9140827360776209,0.8938851835250172,0.5567710364845593,0.7367566674079002,0.9526370111116407,0.9341976401680094,0.7431708752992887,0.8972062142375332,0.9164419655193166,0.8612222667022558,0.8993922310882436,0.9262700211315917,0.8453085223330423,0.9225015741707872,0.9475597985845114,0.9288488221297495,0.6783615558233287,0.8538362113124116,0.8780124908814328,0.9582144552981327,0.6072669396673073,0.9200475251844384,0.5526275082095409,0.9117550006367756,0.8885909234541711,0.9288488221297497,0.9475597985845114,0.6394614409405057,0.8538362113124116,0.8580633769736241,0.9015943008452869,0.13408370177867734,0.9237454173815312,0.9459533477380775,0.903814238682265,0.8221755430097122,0.7897778653703145,0.9060540201833014,0.0,0.9508971383859763,0.9459533477380777,0.4895564515951115,0.8355526955775656,0.8918007079504506,0.9475597985845114,0.0,0.8685695845092951,0.7897778653703145,0.960221152322577,0.0,0.6951973979147161,0.9152582079543841,0.8864622842804517,0.6447787703816181,0.9049315186013059,0.9475597985845114,0.0,0.6473831763250286,0.0,0.8117838598171898,0.8388272306091986,0.8355526955775657,0.0,0.6339927913026551,0.0,0.7050163519970583,0.9071820194155717,0.9164419655193166,0.8759110188590655,0.9526370111116407,0.7711949776746383,0.06018876900101888,0.935580996038617,0.9384124008873462,0.9060540201833014,0.7554264789789611,0.9188361382271666,0.9544316996038,0.4951319232791844,0.8907283270583697,0.9027019168030599,0.897206214237533,0.9152582079543838,0.9152582079543838,0.944383427890573,0.885400876353422,0.9459533477380777,0.0,0.9027019168030597,0.0,0.7334713952978886,0.9152582079543841,0.9544316996038,0.9275522446953854,0.7711949776746383,0.9508971383859763,0.9140827360776205,0.9369854052620161,0.892875760974867,0.9398636845831869,0.8612222667022562,0.9526370111116405,0.8717146038820363,0.8717146038820349,0.8442340263447974,0.03139863267861631,0.9562880686171873,0.8289245259008584,0.9623211158059548,0.8333555867103808,0.8333555867103808,0.24376003609304187,0.8706662210952574,0.8748612665230131,0.9544316996038003,0.848519788337875,0.7973204052495684,0.7780046509581313,0.9582144552981327,0.8289245259008584,0.9140827360776214,0.9341976401680094,0.9015943008452874,0.9582144552981327,0.8517144868263773,0.8141237078825918,0.9562880686171873,0.8982973238138026,0.9225015741707867,0.9526370111116407,0.9188361382271666,0.8070467719220202,0.9459533477380775,0.9526370111116405,0.9526370111116407,0.7985559379258667,0.9582144552981327,0.7985559379258667,0.6499526646778642,0.885400876353422,0.8442340263447972,0.9582144552981327,0.9492063492063487,0.930160641445072,0.9459533477380777,0.9544316996038003,0.8022278398026612,0.8982973238138026,0.9526370111116405,0.9301606414450723,0.9164419655193172,0.7250134267509765,0.9094556823349389,0.8843412180810755,0.6848496741376313,0.7923174570100686,0.6911250629978627,0.8727631680356077,0.9602211523225768,0.903814238682265,0.9602211523225768,0.9188361382271668,0.9152582079543841,0.9094556823349389,0.9526370111116405,0.0,0.9544316996038,0.9027019168030597,0.931488667261505,0.9582144552981327,0.9562880686171873,0.9475597985845114,0.0,0.9369854052620163,0.9582144552981327,0.9623211158059548,0.9106019687464655,0.823309558280246,0.9341976401680094,0.9544316996038003,0.8333555867103808,0.8289245259008584,0.9369854052620166,0.9428469360414611,0.8409971458279799,0.9526370111116405,0.9188361382271659,0.8117838598171898,0.9413411539914587,0.9106019687464657,0.9623211158059548,0.7655931084723666,0.9188361382271666,0.7780046509581313,0.944383427890573,0.03139863267861631,0.92126914699118,0.885400876353422,0.8070467719220202,0.8082384637825222,0.8187498553347687,0.0,0.8538362113124116,0.9176344520056336,0.9200475251844387,0.9176344520056336,0.9602211523225768,0.8453085223330421,0.0,0.0,0.930160641445072,0.903814238682265,0.8591172857456586,0.0,0.9602211523225768,0.9492063492063489,0.922501574170787,0.8972062142375332,0.7897778653703145,0.9492063492063489,0.9237454173815309,0.938412400887346,0.8322525541058978,0.9634411459729271,0.0,0.8811713725919912,0.9164419655193168,0.7766590274917047,0.9952327064015152,0.9237454173815312,0.8704033497109469,0.9526370111116405,0.7960789049353036,0.0,0.7973204052495684,0.9314886672615053,0.8591172857456586,0.8300371089395653,0.9508971383859763,0.831146423199498,0.9428469360414606,0.0,0.8961186971729789,0.7399891659895361,0.0,0.9237454173815309,0.7948313236856197,0.8420784215528956,0.8152867967569688,0.8022278398026612,0.0,0.7698078233874488,0.8559522762859684,0.9562880686171873,0.6574604645689301,0.7250134267509767,0.907182019415572,0.908315805590151,0.8961186971729789,0.9526370111116405,0.8982973238138026,0.8864622842804517,0.935580996038617,0.8527760996057683,0.8738120195914167,0.8706662210952574,0.21151139151266862,0.9544316996038,0.9314886672615055,0.0,0.9582144552981327,0.9015943008452869,0.8129560940834346,0.9398636845831869,0.9275522446953854,0.06018876900102055,0.7478523304650295,0.9508971383859763,0.06018876900102055,0.9398636845831869,0.9492063492063489,0.9413411539914582,0.879064442044788,0.903814238682265,0.9582144552981327,0.8463809254714867,0.9602211523225768,0.9413411539914582,0.935580996038617,0.801009545737682,0.938412400887346,0.9602211523225768,0.7997856146881548,0.9164419655193166,0.5305546844946969,0.24376003609304187,0.938412400887346,0.9027019168030597,0.9526370111116405,0.9188361382271666,0.8993922310882436,0.8769613888066743,0.9341976401680094,0.8993922310882436,0.9398636845831869,0.9250013316406693,0.6827113291147924,0.7725735218970409,0.9049315186013058,0.9443834278905732,0.8141237078825918,0.8907283270583697,0.9225015741707872,0.9341976401680094,0.21151139151266984,0.8175997772209664,0.9398636845831869,0.8517144868263774,0.9341976401680094,0.9152582079543841,0.7539334992316542,0.9526370111116405,0.8453085223330421,0.7143607147557585,0.9176344520056336,0.8993922310882432,0.9582144552981327,0.7301312695908229,0.8918007079504506,0.9562880686171875,0.9164419655193166,0.944383427890573,0.944383427890573,0.9544316996038003,0.9582144552981327,0.9250013316406696,0.8255663034700989,0.9129151319089186,0.9475597985845114,0.9475597985845114,0.7125274559321444,0.9071820194155717,0.08671734220308636,0.8717146038820361,0.0,0.9562880686171873,0.0,0.0,0.8187498553347687,0.2115113915126693,0.9188361382271664,0.0,0.7334713952978882,0.8377384241745145,0.4006068367505189,0.8527760996057685,0.8811713725919912,0.8058499662916012,0.903814238682265,0.47795836130872293,0.8399134433261015,0.9428469360414604,0.8864622842804515,0.4408515443948542,0.9176344520056336,0.7711949776746385,0.6473831763250284,0.9250013316406696,0.9428469360414602,0.9459533477380775,0.7846176027958278,0.9562880686171873,0.8961186971729789,0.9526370111116405,0.9004911494084331,0.938412400887346,0.9328339505740528,0.935580996038617,0.848519788337875,0.9237454173815312,0.9060540201833016,0.9355809960386168,0.7223272158432528,0.9526370111116405,0.17526171623055564,0.9508971383859763,0.9140827360776205,0.8570084033315839,0.8399134433261015,0.4654487838138114,0.8570084033315841,0.5711669571562623,0.77934241058442,0.8896584524348263,0.9475597985845114,0.7766590274917051,0.9262700211315917,0.9623211158059548,0.8058499662916013,0.8463809254714865,0.7876282222528316,0.8034406041869142,0.938412400887346,0.9071820194155717,0.8822265994777512,0.0,0.9544316996038,0.9164419655193174,0.9492063492063487,0.8612222667022558,0.938412400887346,0.9459533477380777,0.9262700211315917,0.831146423199498,0.9355809960386168,0.8046479448175343,0.9602211523225772,0.7935775465776653,0.9398636845831869,0.8664724446651941,0.06018876900102055,0.9428469360414602,0.7143607147557588,0.9152582079543841,0.9341976401680094,0.7806724477786732,0.880117361849238,0.7318083230664854,0.8633240709217587,0.9188361382271666,0.6991852245234744,0.8612222667022558,0.9250013316406696,0.960221152322577,0.9369854052620166,0.9508971383859763,0.8388272306091986,0.9027019168030597,0.525843532183836,0.03139863267861631,0.7960789049353036,0.8409971458279799,0.9623211158059548,0.8790644420447877,0.9526370111116405,0.9176344520056336,0.9164419655193168,0.932833950574053,0.9015943008452869,0.9250013316406696,0.9369854052620166,0.500567215157067,0.9398636845831867,0.9475597985845112,0.9544316996038,0.9623211158059548,0.0,0.9188361382271668,0.8654234385275936,0.8070467719220202,0.9200475251844384,0.0,0.8832831707913575,0.8244397822834253,0.9060540201833016,0.34458474155865637,0.9038142386822647,0.8918007079504506,0.8811713725919912,0.7859181167692968,0.9275522446953854,0.9060540201833014,0.6598989712921809,0.8907283270583697,0.9562880686171873,0.9027019168030597,0.9288488221297497,0.9526370111116405,0.9152582079543841,0.9623211158059548,0.9275522446953854,0.9459533477380777,0.9623211158059548,0.9413411539914587,0.9288488221297497,0.9492063492063487,0.6783615558233285,0.8843412180810755,0.9582144552981327,0.9492063492063489,0.9384124008873462,0.7806724477786728,0.8022278398026612,0.03139863267861631,0.9544316996038003,0.08671734220308558,0.03139863267861631,0.03139863267861631,0.3741839079094693,0.0,0.944383427890573,0.4527606561376478,0.0,0.9341976401680094,0.535161772248302,0.9582144552981327,0.9526370111116405,0.9562880686171873,0.9508971383859763,0.03139863267861631,0.7960789049353036,0.8580633769736241,0.935580996038617,0.8409971458279799,0.0,0.9071820194155722,0.9526370111116405,0.9341976401680094,0.7935775465776653,0.9083158055901508,0.9582144552981327,0.9508971383859763,0.9369854052620166,0.9152582079543841,0.6284764518573093,0.9492063492063487,0.4006068367505189,0.92126914699118,0.9250013316406696,0.6848496741376318,0.9398636845831869,0.9582144552981327,0.930160641445072,0.9526370111116405,0.9071820194155722,0.8420784215528954,0.0,0.9492063492063487,0.8822265994777507,0.960221152322577,0.8377384241745145,0.944383427890573,0.9398636845831869,0.8244397822834253,0.06018876900102055,0.7569089328329721,0.7846176027958276,0.0,0.0,0.40880739824839063,0.6991852245234742,0.9027019168030597,0.8058499662916013,0.8453085223330421,0.8152867967569688,0.8399134433261015,0.7997856146881548,0.9328339505740528,0.8129560940834346,0.0,0.9004911494084331,0.9544316996038,0.9623211158059548,0.831146423199498,0.9582144552981327,0.831146423199498,0.0,0.0,0.7739436107925914,0.9492063492063487,0.7819949015164562,0.938412400887346,0.8570084033315841,0.8993922310882436,0.6856702229525599,0.8993922310882436,0.8344556057285131,0.8506512873935228,0.0,0.9152582079543841,0.8175997772209664,0.9508971383859763,0.9582144552981327,0.5526275082095407,0.7351207557283752,0.43182584581086747,0.9176344520056336,0.9508971383859763,0.8591172857456586,0.0,0.8266892096935958,0.9176344520056336,0.8993922310882436,0.8727631680356078,0.8654234385275936,0.9413411539914582,0.9049315186013054,0.8538362113124116,0.9562880686171875,0.8685695845092949,0.862273520033598,0.9443834278905732,0.9602211523225768,0.9225015741707872,0.2586095064370061,0.8129560940834346,0.9544316996038,0.03139863267861631,0.8759110188590655,0.9288488221297497,0.9152582079543841,0.92126914699118,0.9623211158059548,0.9152582079543841,0.9623211158059548,0.9623211158059548,0.9027019168030597,0.3647019568709454,0.8961186971729789,0.9492063492063487,0.9602211523225768,0.938412400887346,0.938412400887346,0.8322525541058978,0.9428469360414611,0.9475597985845114,0.9288488221297497,0.5210240199989242,0.9508971383859761,0.7684119013812074,0.3833143586062788,0.7125274559321442,0.7447432793600621,0.0,0.8918007079504506,0.9492063492063489,0.758381053055492,0.960221152322577,0.9328339505740528,0.9341976401680097,0.855952276285969,0.0,0.7399891659895361,0.8058499662916012,0.9341976401680094,0.8058499662916012,0.8266892096935958,0.8129560940834346,0.9544316996038,0.7143607147557588,0.6716454483484393,0.8058499662916012,0.7431708752992889,0.9355809960386166,0.6761489807685291,0.9623211158059548,0.9355809960386168,0.9492063492063489,0.8982973238138026,0.930160641445072,0.8388272306091984,0.4779583613087228,0.8106069085572598,0.9492063492063489,0.03139863267861631,0.8420784215528954,0.861222266702256,0.5110414539348817,0.7766590274917051,0.7524297972473162,0.0,0.9856724533720749,0.8633240709217587,0.9225015741707872,0.0,0.8399134433261015,0.9428469360414604,0.9582144552981327,0.2115113915126694,0.03139863267861631,0.9114861522954751,0.9314886672615051,0.897206214237533,0.9288488221297497,0.9083158055901508,0.9355809960386172,0.8129560940834346,0.0,0.9275522446953854,0.0,0.9582144552981327,0.8333555867103808,0.8843412180810759,0.9623211158059548,0.9262700211315917,0.8022278398026612,0.904931518601306,0.9225015741707869,0.0,0.8322525541058978,0.8210376473859937,0.8506512873935228,0.9250013316406696,0.40060683675051967,0.9544316996038003,0.3227392978460525,0.9237454173815312,0.392115299153029,0.8928757609748668,0.7948313236856197,0.392115299153029,0.9225015741707872,0.9544316996038003,0.885400876353422,0.392115299153029,0.9623211158059548,0.931488667261505,0.9508971383859763,0.885400876353422,0.9475597985845114,0.9237454173815312,0.9341976401680094,0.8918007079504506,0.9152582079543841,0.9355809960386168,0.9140827360776211,0.930160641445072,0.9475597985845114,0.9384124008873462,0.7301312695908225,0.9225015741707872,0.9015943008452869,0.8333555867103808,0.42440193597169273,0.9083158055901508,0.930160641445072,0.9508971383859763,0.9526370111116405,0.9015943008452867,0.8939536575643379,0.9275522446953854,0.9275522446953854,0.9004911494084333,0.9544316996038,0.9562880686171873,0.5974763156586966,0.9262700211315922,0.8664724446651935,0.9176344520056336,0.9250013316406696,0.6549904556417999,0.9369854052620166,0.9237454173815312,0.9492063492063487,0.8366469404145511,0.8780124908814328,0.9129151319089186,0.9004911494084333,0.6623067578386677,0.9562880686171875,0.9188361382271666,0.5906675167558797,0.9314886672615046,0.944383427890573,0.926270021131592,0.8993922310882434,0.6040574193889983,0.7598430279509716,0.9398636845831869,0.6739104850582693,0.9475597985845114,0.8832831707913573,0.7143607147557586,0.9526370111116407,0.9508971383859763,0.8864622842804517,0.9275522446953852,0.9526370111116405,0.8982973238138026,0.8633240709217587,0.708808264663793,0.9459533477380775,0.9459533477380775,0.8322525541058978,0.9341976401680094,0.9027019168030599,0.9526370111116405,0.8591172857456586,0.9341976401680094,0.9562880686171873,0.8928757609748668,0.9328339505740528,0.9508971383859763,0.960221152322577,0.8854008763534222,0.9582144552981327,0.7197593917099125,0.9562880686171873
p151_L,0.8492871214604624,0.9683153427482921,0.9636847634903104,0.9828993841730238,0.8638767417146942,0.8664029368341128,0.8533000889856852,0.89158713958486,0.6310561011243863,0.827192877434851,0.7872811539420854,0.9090908602598028,0.8269500269913628,0.9384852847335161,0.9995738133378879,0.914450510210244,0.9922289404403106,0.9501330963429213,0.9533455271501622,0.9962665127840862,0.9289384577028119,0.7562191186805268,0.9488671331832234,0.8447998165522008,0.7961677493276367,0.6895129103877649,0.862318803356612,0.9550740759524949,0.960958390827874,0.749123569788722,0.6802855063023197,0.8331553590532292,0.8170820324884169,0.8217567385182358,0.9202329624682105,0.8859104594065101,0.8157436736103337,0.8278103590286848,0.8363155310118788,0.8248595927657599,0.9337297508051359,0.9511027492956282,0.9477961055696322,0.9452569234703471,0.9817890321429499,0.959643183235626,0.8543028581013088,0.8270954911921131,0.6966041175566147,0.8969040386200435,0.8953813603528135,0.9597045975745899,0.7112312592173611,0.833337204763476,0.8531751882060347,0.9722705181462858,0.7119568272580934,0.7698078233874488,0.804337903276922,0.8984673303007599,0.6933703261757815,0.7889351588982113,0.9284147475133251,0.9824391197544327,0.8101067897872718,0.6905639174231175,0.8953813603528138,0.8932502558658417,0.9119000657462195,0.9533455271501622,0.9103305785963596,0.9958668930446196,0.8356986313379362,0.8399066172779155,0.7698078233874488,0.9818231021342261,0.9938965022350058,0.7630185977583605,0.9087344839797222,0.9106359140503812,0.9085939348607099,0.903967333784395,0.9112756151385133,0.8849780498541324,0.7698078233874488,0.885882969621567,0.9463610255241098,0.8717658096972223,0.7589455098031751,0.7897260844225815,0.7698078233874488,0.7468229001064162,0.8206310328188512,0.6477914775229754,0.8703734265742344,0.7780259921220277,0.811414964412192,0.9440647409827922,0.8991757607141795,0.7726076492507925,0.8172143787899666,0.9054692267382083,0.8356986313379361,0.6246462364432475,0.928140213996858,0.8184753916628578,0.8370735913075448,0.9566664024939935,0.7495574039234558,0.7266797348140654,0.7041052583379691,0.7523784520946406,0.9941235429911068,0.8512562304776974,0.794245879311188,0.9373241143995503,0.8829240678855337,0.8521929255346838,0.8292427453148619,0.8526523899047445,0.8733523269175093,0.7265399034771193,0.8194729220297273,0.9566075639510582,0.9284147475133251,0.77693806014224,0.8447998165522012,0.9125250691223991,0.8992471954471697,0.8153228320996532,0.861004209869773,0.7942458793111877,0.9887203623021903,0.87347572253113,0.7583906936896537,0.8559475111409907,0.7792561210662132,0.9887203623021902,0.8331553590532288,0.781716837783792,0.8107475845071208,0.8271928774348508,0.7404292257643774,0.7519727067692545,0.7534095934176027,0.7359240894887793,0.8775593324245771,0.8630091021168957,0.9744909805097621,0.9712642985059113,0.9962665127840862,0.8975844550204819,0.7205112239894977,0.6958651686638015,0.9576073616523981,0.7476221565370911,0.8124609436550346,0.9899064625934081,0.939940146640564,0.9658796276855435,0.9080094245588977,0.9054692267382083,0.9612475954705937,0.9570566775972795,0.9343270989827941,0.785341470137108,0.8989887427453604,0.9824391197544327,0.931726709420652,0.9725278872102623,0.820562288093326,0.9364711380159495,0.7196523944697883,0.8283534353807276,0.9740031038856978,0.7732390104570914,0.9455018712343599,0.956139730379483,0.7869319932611765,0.8765334212467293,0.8302659991014226,0.6624529537594703,0.9435234406282151,0.7995697492352157,0.9128236050911189,0.6562810381441313,0.7990419926071024,0.9515547001907915,0.858130636324505,0.7881781245722409,0.8451646916481849,0.9826022342408209,0.8613367088531934,0.8227538004657613,0.7790765076420734,0.7698078233874488,0.7866875306684662,0.8185133723218981,0.9602700128375136,0.9837028270388375,0.6955323083350007,0.854330304747509,0.7698078233874488,0.9706716117737428,0.9075698773597782,0.8625009993910636,0.7698078233874488,0.9148265604000758,0.7076868596919468,0.6809954424556648,0.5790966728278248,0.890785464051761,0.7721894714790686,0.7698078233874488,0.9598431041666453,0.7698078233874489,0.9930971994541512,0.9720998608712796,0.996395448803884,0.7698078233874488,0.8302847297138642,0.7698078233874488,0.953522319214247,0.7509953486501681,0.8965919503844211,0.975885896619335,0.8843313474963684,0.9301705558059861,0.7817168377837918,0.7430227950113609,0.9938965022350058,0.7280229754308982,0.7136980949328937,0.9165487043769498,0.9801666370480175,0.8200745565901093,0.740837251912098,0.7417445262412996,0.905601249789701,0.9645277948810855,0.7994157651166385,0.7583906936896535,0.7714161017661987,0.9416247537415157,0.7698078233874488,0.8928744051923793,0.7698078233874488,0.9811135158370035,0.8336686131845918,0.8331553590532295,0.9341968073622131,0.9059932064040837,0.7866875306684662,0.973778745215484,0.9359987855401801,0.8619716935909366,0.9813816034118847,0.9666703746305543,0.794245879311188,0.7519727067692545,0.7138342633923345,0.9693945122505545,0.7897260844225815,0.9717699908685811,0.8647237194918276,0.8363155310118788,0.958750083063714,0.8196843908738827,0.8722534309701604,0.6798665566463888,0.7981403193102719,0.8331553590532293,0.8902050575250191,0.9096237428285745,0.9785252546097907,0.8184753916628578,0.7894270005766846,0.7014178037821759,0.7815341678105783,0.9185939720574968,0.8184753916628578,0.9992444786325825,0.8224935807983722,0.9312320884826333,0.8131338752668247,0.741946956999865,0.7942458793111871,0.7801170048751609,0.8840231314848619,0.89846733030076,0.8843313474963692,0.9354977161332689,0.8182085423640717,0.979219405106186,0.9141938440307475,0.6743475187393522,0.9742854412623503,0.8531014663250454,0.8859104594065101,0.8075205209611779,0.8462355053006173,0.9251186496270477,0.9576073616523982,0.9204848773006233,0.8322247068788668,0.8843313474963684,0.9186294568159501,0.7482579767213364,0.9741908346843384,0.8861988761213326,0.8099988641516134,0.8873961189797976,0.8375766131094857,0.686289007069953,0.8143026479818938,0.8978091213472763,0.7817187296028585,0.8197259030030244,0.8749089707338769,0.6685565834201461,0.7638996163686089,0.9655262055283291,0.7698078233874488,0.7934886331492645,0.7766167924667319,0.8326834153611178,0.8184753916628578,0.9635647286988953,0.9364711380159495,0.7698078233874488,0.9593039582422708,0.852192925534684,0.9477961055696319,0.9290399207583325,0.9211814909029657,0.8938550600980879,0.8642683597030216,0.914826560400076,0.8591883111526478,0.9359987855401801,0.7409875449563674,0.8866210237012304,0.8543028581013088,0.7838399521747501,0.8334049911273385,0.833337204763476,0.8240914552132237,0.9477961055696323,0.9538062277557033,0.8749089707338766,0.9247653477825999,0.7843727211063929,0.7623458066664348,0.9731988714313513,0.7115811707140932,0.9207232686536102,0.8166905793763719,0.8437565547877444,0.7698078233874488,0.7877053468081283,0.7546625431268629,0.7869319932611766,0.7734083183403923,0.8625009993910637,0.7911806355469508,0.7698078233874488,0.7698078233874488,0.7179800300914719,0.9336963054933612,0.8451461242345512,0.7698078233874489,0.8550340249592367,0.7793424105844196,0.8402161208666907,0.8702984384917922,0.9196864597732093,0.807520520961178,0.7284566247710571,0.8988255488132137,0.8138534209290598,0.7914601000897297,0.7698078233874488,0.9888472093281835,0.8409667102607645,0.8460723781080941,0.7858499525166192,0.688642291570269,0.8379472370096273,0.9143598368914294,0.9626390345624196,0.7698078233874488,0.8853128601599503,0.9284147475133251,0.751470091308232,0.7393738410916956,0.9029121024359356,0.883604227703196,0.9546345049154346,0.7698078233874488,0.7712857567936042,0.7130225067993943,0.7698078233874488,0.887713957574211,0.9564623541429955,0.9955320609028483,0.8385902994544335,0.9326754773995087,0.7698078233874488,0.0,0.34718889979925205,0.8019015276175858,0.7770019037643323,0.7769536925317495,0.8711419078291687,0.6883847942965722,0.6917977113281302,0.794245879311188,0.7516243846392514,0.6809954424556648,0.9031239469228098,0.9135835419343776,0.8487971316941134,0.928140213996858,0.7995453423845007,0.8020423584034366,0.7023733223835411,0.7698078233874488,0.9455018712343599,0.9330827513426767,0.8533164660812376,0.8600688224932601,0.7060164031772771,0.8083681571100794,0.7925585651193023,0.9610243883196702,0.8083681571100794,0.932856491044435,0.7793424105844199,0.9820977941296498,0.9741435599422406,0.9002157213870342,0.8184753916628579,0.9011723567556875,0.8978091213472764,0.9931087743093212,0.8910317149053284,0.9638614972843146,0.9463610255241098,0.8271928774348514,0.9092426088020065,0.8994488358288384,0.9327044972926113,0.806011998569832,0.8634970676323073,0.9094826355817578,0.99555469492339,0.9165487043769498,0.6928317539169202,0.9740822924425114,0.8039983462680804,0.9662026634380005,0.8115437101258106,0.740803327926757,0.867810071097541,0.7792060730822152,0.8232784399642409,0.862318803356612,0.9086801636336972,0.8178139834421552,0.7419469569998653,0.9938240476144027,0.7766737492542952,0.8502755014012496,0.9943558404043904,0.9992444786325823,0.9612475954705935,0.760285488844838,0.8070297787310681,0.9655262055283296,0.8720316113640417,0.9234779888011936,0.904628744835096,0.8551963170812437,0.9117843373625341,0.8825410552278963,0.8814139055211945,0.8424394300035336,0.85950845696865,0.8363367759398724,0.7999148402257727,0.8331553590532295,0.8184753916628579,0.9767801711592037,0.9289680977828445,0.9648623308386057,0.8543303047475095,0.9813880287156103,0.8962874770564788,0.9397970845028834,0.7739328128090319,0.9949884896230774,0.7698078233874488,0.8424394300035336,0.7698078233874488,0.7698078233874488,0.8468597387917209,0.9139033080355354,0.8559505775621336,0.7698078233874488,0.89630949871296,0.9401612260842016,0.8544531083714554,0.7960220659872371,0.9302508011953068,0.9143355228538323,0.7830336770148886,0.8746103693563256,0.9273690209248631,0.9799993340927846,0.9517403361663701,0.9312320884826333,0.739201526107848,0.7797012513711853,0.6801531413032695,0.6943636702451638,0.9799993340927845,0.7918620529956104,0.7782204283545135,0.9635647286988953,0.6600024931419403,0.8242743687062484,0.8294180153172841,0.8037545953914216,0.9290222718288518,0.9488671331832235,0.7312311303997867,0.7881781245722401,0.7784595465277411,0.8802523537926024,0.9637257078546357,0.9955546949233898,0.7921938525659624,0.873855959494068,0.8628046899245304,0.9531791465746333,0.9913755546678618,0.9490536363982252,0.8864997932481629,0.9817890321429499,0.7616699539776461,0.9338403564780206,0.9364711380159494,0.9185991294906151,0.9660178191686504,0.8734757225311299,0.9143355228538323,0.7972836710427298,0.9925237875286486,0.7683365716661771,0.8512900721023177,0.9741246728397406,0.9374139720823516,0.7698078233874488,0.8020423584034366,0.7881983555815264,0.835698631337936,0.966670374630554,0.9585680210540983,0.8883221150889411,0.8433112534758136,0.7828471158882442,0.8802523537926029,0.9083988795967213,0.8550340249592372,0.7584939556003565,0.9085939348607102,0.9323418314017389,0.8083681571100794,0.9185413491978158,0.8403851473964052,0.7235939266749611,0.8264625247255821,0.8452546195212958,0.79196435854176,0.9993697876446983,0.8833343436651896,0.969700936592592,0.8645029927594252,0.8844300352220195,0.8013211495511934,0.855034024959237,0.8194729220297272,0.931968245377803,0.9720998608712796,0.9426990963605137,0.685986780233492,0.7897260844225815,0.8551436831216801,0.8353000785321464,0.8734757225311298,0.9388210333548607,0.9655262055283294,0.8296456439809798,0.9893006839238486,0.7839315211030562,0.7537903313910225,0.8759171351184752,0.8660832674339085,0.8131338752668241,0.7759928347508667,0.8543303047475088,0.8642683597030211,0.9035631283533638,0.7698078233874488,0.8369921843903908,0.994234202291689,0.8473229943161134,0.8636527006101573,0.7698078233874489,0.6486484358922224,0.9603789241880621,0.9996915194428329,0.9974467830536113,0.9658619421876575,0.9898448372131408,0.798408882896334,0.7235627998880763,0.96208482709918,0.6939872872901148,0.6906680257220317,0.9666511682736849,0.8424394300035336,0.7766167924667318,0.711956827258093,0.9443883262864892,0.8703601753544685,0.8734757225311294,0.7753917691296879,0.871816010974473,0.8734757225311297,0.9820977941296498,0.9224719303218403,0.9106983752712405,0.9569523780900513,0.9668273389505302,0.9196279932783362,0.8920548520914525,0.7562191186805278,0.7968875553678955,0.847341276707311,0.7623458066664348,0.886827635098641,0.7999148402257721,0.7623458066664348,0.7897260844225815,0.9734238838921789,0.7698078233874488,0.7843727211063931,0.9741246728397406,0.7698078233874488,0.8039983462680804,0.935860475661662,0.8184753916628578,0.794245879311188,0.8101067897872718,0.7866875306684661,0.7623458066664348,0.8065524078374399,0.6784185986874087,0.9367749011657422,0.895264959330162,0.7698078233874488,0.7169270321285446,0.8153837585530268,0.9938240476144025,0.8410855035712728,0.6190207246704595,0.979219405106186,0.92275103991286,0.8427780947318182,0.9620890807791606,0.9359987855401802,0.8356986313379364,0.9437432996942222,0.9731988714313513,0.7750540990777465,0.7805034697591124,0.9328564910444351,0.9196279932783361,0.9103632429051898,0.794245879311188,0.7512546204654019,0.8758689963878279,0.7698078233874488,0.9106983752712408,0.9521374797161408,0.8271928774348513,0.9323829556009381,0.8363367759398719,0.9328564910444349,0.7279628986790625,0.8083681571100794,0.6955237346292449,0.8829872410026036,0.7698078233874488,0.7698078233874488,0.9011491608332687,0.7828471158882444,0.876266174803001,0.938779438315368,0.9207143867350305,0.8509176208389704,0.9830218318349387,0.8838320102129411,0.7965394070281935,0.8041247237032128,0.7698078233874488,0.7967050159372268,0.8020423584034366,0.8363155310118788,0.9465774225875409,0.8184753916628578,0.8896922707131627,0.7698078233874488,0.7698078233874488,0.9062591271685081,0.807520520961178,0.8827870885509554,0.9463610255241098,0.8731397049000624,0.7713651876408127,0.9549404804699346,0.8227234044483788,0.8071225515000824,0.9287041546273826,0.7698078233874489,0.8336686131845915,0.8531131726963881,0.844799816552201,0.8184753916628579,0.9517403361663699,0.96289417782331,0.981940340192999,0.8296456439809795,0.8157436736103335,0.9128236050911192,0.7698078233874488,0.8524133224185833,0.7734083183403921,0.8850203818558393,0.8284197411187777,0.9783056676154923,0.8195547533821177,0.9404469757294383,0.7092347157677259,0.9394373506523193,0.6960169203158331,0.9870735307262508,0.8623188033566119,0.9962665127840862,0.9435917186262937,0.9066963986837286,0.87791233727025,0.8020423584034366,0.7897260844225815,0.8381589298197305,0.7828069253889132,0.7419397077598993,0.7938600286240705,0.9106359140503812,0.8703601753544684,0.9106359140503814,0.8734757225311297,0.7434003316879753,0.8486446468311641,0.7358883613204588,0.967054596024757,0.9609583908278738,0.7324513803250791,0.9463610255241096,0.712908071475886,0.8424468616657672,0.8171063621787287,0.7961628684835914,0.629223500430639,0.9610243883196702,0.8766347615966517,0.8891677278160823,0.6473473385916082,0.7437920000951088,0.7698078233874488,0.7468229001064163,0.8825202648944825,0.8469869652926236,0.827192877434851,0.7744589295614168,0.701789727666879,0.8137412116106225,0.7698078233874488,0.7252335300992281,0.8287818187384572,0.7141416324380723,0.9267790266461851,0.8399066172779155,0.8902102728647557,0.8331553590532288,0.8155286354172053,0.9984346374478783,0.8534472802615776,0.9454185216116371,0.8116375744019819,0.9373788735529486,0.9477961055696322,0.9825180874261561,0.9202329624682103,0.8644648357747128,0.9400053693508079,0.9593267681304685,0.9576515213032168,0.8275813138524638,0.967054596024757,0.7623458066664348,0.8758689963878279,0.980206701007593,0.9143642386314561,0.9911258808731356,0.9585530414335173,0.7698078233874488,0.8287530636873146,0.9242270357726612,0.8205622880933259,0.7698078233874488,0.7993559534388661,0.8278103590286844,0.8184753916628578,0.776673749254295,0.7897260844225815,0.8752001853274478,0.9195568106795022,0.9536227451579523,0.9091159872271617,0.6017058626446353,0.9031239469228095,0.8392351440561081,0.7698078233874488,0.9549404804699344,0.7698078233874488,0.8184753916628579,0.7564727126057778,0.7882883014322446,0.8363155310118788,0.8090201437278155,0.8844655211172099,0.805432927554397,0.7222931242265003,0.7698078233874488,0.8643260956556471,0.8466925545118071,0.6399520155821099,0.7548814918696009,0.6526495164371322,0.8953813603528139,0.6601128990941736,0.9275282907749997,0.9550740759524949,0.8418631685698952,0.8614277792352459,0.9550740759524949,0.9828993841730238,0.8020423584034373,0.9593267084993238,0.9550740759524949,0.8363155310118788,0.8544017641907139,0.9518071828547277,0.7714161017661989,0.8817105825036556,0.9673426239757882,0.893855060098088,0.7574928407303989,0.9253975186092838,0.9031239469228096,0.7558899920688387,0.9400053693508079,0.881710582503656,0.7562191186805276,0.7366544479927817,0.7812546225465957,0.949563115409324,0.96539590301456,0.7780980710685907,0.7922739664515173,0.7393559426263299,0.7866875306684661,0.794245879311188,0.834200566942793,0.8844493025757256,0.96208482709918,0.9134531342544918,0.9252344893322855,0.8642683597030212,0.8101067897872718,0.9196868617355419,0.727215766599256,0.6679961622138257,0.8516761773890242,0.6943636702451635,0.9267832870288495,0.8660832674339084,0.793771376819479,0.77934241058442,0.7557306035937397,0.8598609233696162,0.8194238795028811,0.8270954911921133,0.9466155119977393,0.8424394300035336,0.9923822770639219,0.9955056151405213,0.6895129103877649,0.7843727211063933,0.8637623477579528,0.8876692297141082,0.9066075311961628,0.8200077607431415,0.7387560415746357,0.9952374113451119,0.7995697492352155,0.9517551110114162,0.8364801968739932,0.7942458793111871,0.8447998165522012,0.8614920382628015,0.6924170766988023,0.9443883262864895,0.8937341975064406,0.7758932221058814,0.8540507542866835,0.951769968953335,0.8185133723218976,0.79498334993989,0.871390881640586,0.9260908659711357,0.8153837585530266,0.8455929743482493,0.8489267031830842,0.8101067897872718,0.7015744190671322,0.884861316895299,0.9518071828547277,0.8625009993910635,0.8695743119211643,0.8521929255346838,0.8437565547877443,0.8424394300035336
p151_M,0.8728828188693818,0.9478496729519881,0.6931533472456108,0.9534273909503799,0.9180353447095948,0.8203004969566802,0.8428956218350678,0.8499245716203265,0.40603029868182894,0.88718959219572,0.8294570440795392,0.9979041074996908,0.911608011943486,0.996729451611684,0.8844454914052773,0.7738767329137741,0.985386203363469,0.8057060011361046,0.969925811697351,0.9183299651833594,0.7643463403034834,0.8253412912328226,0.993682026104769,0.8927560435416244,0.8469678326776531,0.5243844819477566,0.8995193391026695,0.7875949548162351,0.9183299651833601,0.7622492382424959,0.5904610755607154,0.9050457185079468,0.8379173649093352,0.6453980174074032,0.9801184131332199,0.8814987207179203,0.8927560435416244,0.8938021067999702,0.8931449617140896,0.872584117145363,0.7146824480374376,0.9229119133195289,0.9750176878081551,0.949924483363596,0.9859915085495976,0.8542337969862146,0.8656814261022985,0.6155119076792752,0.8019398001857567,0.6925347048005415,0.9393203828196914,0.732047167479043,0.5483098218376187,0.8609599666520575,0.9496868486906058,0.8214102979747855,0.8214102979747857,0.8559522762859684,0.6109694895854516,0.8467269607313441,0.49779091295616684,0.5076442233845497,0.7875632207362414,0.768341601275851,0.8760356045203768,0.4404264304837455,0.8707710541962026,0.8949911347517732,0.9997988131471274,0.9557864545102848,0.969183268602811,0.8019398001857563,0.9180353447095948,0.5132878601196118,0.8559522762859684,0.6780139003685106,0.8515242770126847,0.8294570440795392,0.5686772070939873,0.9340813247611224,0.9630974759206201,0.9866172030200664,0.8134355446661008,0.8535566809158288,0.8559522762859684,0.9316218609176428,0.9300732343522713,0.679633641607782,0.8375163112313291,0.8512827582389364,0.8559522762859684,0.8637955550105685,0.7015098343879946,0.43147908406201707,0.8584941617514863,0.9578658100727393,0.8893771977626197,0.6976927523013066,0.7872226281463373,0.49154579690056077,0.7982195598930493,0.8696790027063965,0.8869938104977824,0.7598864148039413,0.802863574353461,0.8814987207179201,0.9258533885345157,0.6508314122253225,0.8469678326776531,0.4344815423843643,0.8056693819842982,0.8581696784620512,0.6981829631592956,0.9873239016496062,0.8656814261022983,0.5884278045109683,0.8659109470680071,0.9186425876141022,0.9340813247611222,0.575708634147332,0.9510612035739803,0.8068343733389349,0.821294417886119,0.9460214270083306,0.9789659398551364,0.7049473498273793,0.8607472522091426,0.9462091431768855,0.8169283463860437,0.9213578482103686,0.5988049078122153,0.8656814261022978,0.8707710541962024,0.8931449617140894,0.8422747629288032,0.8609676128251857,0.9127136251367924,0.905045718507947,0.9050457185079468,0.876086553322736,0.6477717584440765,0.88718959219572,0.6738898008157659,0.6826490844114339,0.8309999283056593,0.5347889336564943,0.9775368038654866,0.5553539256417553,0.8919348263226167,0.5639969816793977,0.926085680719904,0.7040098467473679,0.8996010638297871,0.9496854005825587,0.9050457185079468,0.5858094528309923,0.8762838338899466,0.776346359958038,0.9345483712698381,0.8397920137640962,0.910997970789993,0.9649212652990378,0.9123763236844558,0.8491120419261797,0.7613844151868963,0.8855900773472691,0.7970904362384366,0.8398871389270697,0.9260820873795645,0.6681329251250492,0.9317763606197278,0.8512827582389364,0.6683934642270152,0.7363110536027391,0.8165803481084193,0.7971872797348996,0.8956380779049871,0.8491307619372503,0.8789058240965504,0.7940029850771799,0.9654592534108966,0.6120505831822529,0.9141732503017312,0.8814453850912114,0.9699722342167452,0.7459089280665996,0.5461795252118331,0.9159710600388917,0.8336470580240638,0.8495369353332785,0.876086553322736,0.9223900390267132,0.6326125835667176,0.46160966540895765,0.8835522856702238,0.8559522762859684,0.8607472522091426,0.9054461459141279,0.8619479255096474,0.7433738320912995,0.47069983470609633,0.8814453850912114,0.8559522762859684,0.6578697982831458,0.5016532278573815,0.8871895921957202,0.8559522762859684,0.9015850997548143,0.5531806934809576,0.44378302969442274,0.5371698346112397,0.7489832831955361,0.8512827582389366,0.8559522762859684,0.987632978723404,0.8559522762859681,0.6541699579836643,0.7258477840967261,0.6874441125339138,0.8559522762859684,0.7108178308646796,0.8559522762859684,0.7324889356936826,0.6959874682439866,0.946867883816612,0.6638489726092911,0.8656814261022983,0.5435570437569923,0.8760865533227358,0.8425073736236921,0.8866458651886935,0.8085635824734225,0.8140885763755008,0.9786734038938973,0.905045718507947,0.9454762481192756,0.8766699604196817,0.961915706730555,0.8671871728200342,0.8159114226352971,0.6138108617473417,0.842274762928803,0.8562708339766765,0.859677113354738,0.8559522762859684,0.9283086670965599,0.8559522762859684,0.9591637050342365,0.9011477921215734,0.8707710541962024,0.999792885629691,0.5169228227756899,0.8607472522091426,0.8036005592714464,0.8212944178861188,0.8850901167714837,0.9630974759206201,0.6927073413815219,0.8656814261022983,0.8220252273479425,0.9147087248830963,0.7442518547197616,0.8512827582389364,0.9828903308322394,0.9019322497428719,0.8931449617140896,0.8180228971524461,0.9015850997548142,0.8095211433024028,0.7498869456699089,0.8804250684516122,0.905045718507947,0.8975121559417641,0.8249100164652066,0.6440992163132966,0.8814987207179201,0.46213096771239615,0.5635702274025784,0.8628824041273819,0.9522812155573342,0.8814987207179201,0.8549613852672562,0.496305171798596,0.910254942855898,0.8003681819338937,0.8451722392971195,0.8656814261022983,0.7698241935057315,0.5364647289314153,0.8467269607313441,0.865681426102298,0.9318413189001247,0.5761120869499384,0.8956380779049871,0.6065141328577405,0.6216341949272437,0.6750038116382908,0.9720040284887448,0.9557864545102848,0.8559522762859697,0.872584117145363,0.977115483720305,0.99213028855682,0.5402359933066601,0.9601916664861463,0.865681426102298,0.8254879058389586,0.8855900773472694,0.6255446091769803,0.9680771651634577,0.9998019315729607,0.8665585663327064,0.9454293867259393,0.8371532712283065,0.88799050242702,0.926085680719904,0.5720030723641145,0.7627456110866239,0.9995583249327138,0.7596773995000081,0.7432217875443141,0.8696790027063968,0.8559522762859684,0.6836583097511215,0.9436197690350743,0.8774820208056917,0.8814987207179201,0.9828903308322394,0.8814453850912112,0.8559522762859684,0.9989916785731423,0.9186425876141027,0.8931449617140892,0.9018755010815762,0.9239841216881929,0.9866172030200664,0.9393203828196914,0.6369714581806476,0.5839638584705047,0.9476448489900741,0.6032352161843109,0.7328198877956638,0.8987613725012114,0.6662829384462201,0.6286180279375366,0.7293464039280373,0.6707664838921308,0.9340813247611224,0.5720422148050068,0.936903561816264,0.5375623323880888,0.8708970510157363,0.8512827582389364,0.9666636616332297,0.8068343733389352,0.5499412484504054,0.4511631058800809,0.6223146988722676,0.8559522762859684,0.5394902230192624,0.8903204666908904,0.8155180978592678,0.8903204666908906,0.926085680719904,0.468357395770604,0.8559522762859684,0.8559522762859684,0.8254879058389586,0.9223900390267131,0.8078401992946385,0.8559522762859681,0.879433876659176,0.8559522762859697,0.9101253302890756,0.7084830363703274,0.5683924986047539,0.8869938104977824,0.8276068277134252,0.8777072627925471,0.5520792039520586,0.48315515770187945,0.8559522762859684,0.6791469198002087,0.9060160128370502,0.5015097713665065,0.5602860143618228,0.7837466124737205,0.8760056148102657,0.8656814261022978,0.5746380436469449,0.8559522762859684,0.6528541708151425,0.9731833803651397,0.6144721278349601,0.6426388611099598,0.9887824175390698,0.6043884028863775,0.9664860384734404,0.8559522762859684,0.915556151277255,0.598922289614005,0.8559522762859684,0.9153272581928353,0.6188908924272134,0.7504777540178491,0.6255446091769805,0.5536653867249,0.8559522762859684,0.34718889979925205,0.0,0.8760356045203765,0.7099665756129576,0.5983845928819396,0.6770795110829106,0.4779614039670227,0.7229120076685356,0.8656814261022983,0.8891590066851451,0.4272131604503272,0.8677031490372049,0.6177583287420717,0.907656259553651,0.6332172198795667,0.9432904752777433,0.8707710541962022,0.8057060011361057,0.8559522762859684,0.9186425876141027,0.9024781623688962,0.6092059500286132,0.9096413031841879,0.817394163510949,0.8467269607313443,0.8977017709600326,0.9887824175390698,0.8467269607313443,0.9096413031841877,0.8559522762859697,0.9702116011640312,0.704973984076847,0.9669614451850976,0.8814987207179203,0.6059229249051324,0.9260856807199043,0.893223855696001,0.8551433214141546,0.7860268082084572,0.9038902485724092,0.88718959219572,0.7942469067257181,0.7467430838366733,0.744346009575098,0.8824939460418761,0.8253412912328226,0.742364454384786,0.9027589491053098,0.9795567540284695,0.7862279856886558,0.9676704051648002,0.9123763236844558,0.8560443260552534,0.8294570440795397,0.5682385535952397,0.7575365903511255,0.6329412601039457,0.7861667843198492,0.8995193391026695,0.7675758976929423,0.9445091678996742,0.8235212089664676,0.8649010383087123,0.892898924450718,0.6324855973037768,0.9032620922382995,0.6664681327166687,0.9143949578657861,0.8203075677663936,0.8156081874934025,0.869679002706397,0.9037766548297101,0.5641565855710993,0.9316218609176428,0.9472054454038972,0.8213503441126231,0.845134862376419,0.726663146353533,0.9116538466243309,0.8651641418574887,0.8708970510157363,0.9287469323757311,0.905045718507947,0.8814987207179201,0.9873110070952418,0.6566222189854518,0.7530325774491327,0.8814453850912114,0.8512827582389371,0.8017787587346061,0.9417909113379598,0.8422747629288034,0.8220252273479424,0.8559522762859684,0.9116538466243311,0.8559522762859684,0.8559522762859684,0.4915457969005612,0.8173115982101797,0.936903561816264,0.8559522762859684,0.7437634678521874,0.631758492308844,0.9415679042991637,0.9750912507064424,0.6630091945994596,0.6782891774499515,0.8931957679929718,0.9831964801830023,0.6219684003137469,0.9944284094187582,0.9740188455054817,0.876035604520377,0.5934121054747082,0.6840505477852497,0.6455673758865248,0.7873083094059599,0.9664860384734405,0.876086553322736,0.8423842261383754,0.8746367007519439,0.7754513195618227,0.8987613725012116,0.9700596841602154,0.9038902485724094,0.8824939460418753,0.8425073736236923,0.4660987216482978,0.849536935333278,0.5727796161529679,0.9684862506912559,0.994318723428884,0.9027589491053101,0.9038902485724094,0.8927560435416246,0.9763716365154262,0.6843470704107202,0.7716387496541968,0.8707710541962026,0.6533553684916162,0.8995193391026699,0.45373745708053814,0.8050858820614852,0.9116080119434857,0.5414581852986395,0.8134355446661008,0.8931449617140894,0.6513613023041513,0.5200886332689834,0.9649005424875217,0.5904135981007546,0.9038902485724094,0.8283431683715101,0.7987484161953898,0.8559522762859684,0.8707710541962022,0.6446134063877708,0.918035344709595,0.8152009257215946,0.8604628794088309,0.8303175207633462,0.9035527788368716,0.6460118735299276,0.8928989244507177,0.5451147216181541,0.8871895921957205,0.6284702857948536,0.9630974759206201,0.6803085932715932,0.8467269607313443,0.8267741837468509,0.7786658336709645,0.7798874555888031,0.9123763236844555,0.684372185135811,0.6013192136088106,0.5845503969983585,0.8770589106697384,0.9160186407774473,0.799008517889402,0.7406415722523696,0.6349061194916688,0.7627456110866246,0.8983146622607212,0.9887824175390698,0.7680610187675201,0.92830866709656,0.7199622800598044,0.8512827582389364,0.6759551297243847,0.6056136301231825,0.9340813247611222,0.8475867890248086,0.90275894910531,0.807717678237386,0.9672938193063929,0.8824939460418761,0.8117027735727902,0.9650884851297661,0.8983146622607212,0.7470936870831433,0.8294570440795384,0.9116080119434857,0.9050457185079468,0.8612368600037132,0.8559522762859684,0.936903561816264,0.6939754895934835,0.5499412484504054,0.9422935503338332,0.8559522762859681,0.4668998102395311,0.7081189247759421,0.8164929015425704,0.8018701786358153,0.7272229943106865,0.9149882173400559,0.5462422705638267,0.992870168465348,0.9773554955128891,0.7898164066742224,0.5993893035883733,0.7240317435896979,0.876035604520377,0.888731955948632,0.8214102979747857,0.8656814261022983,0.9213578482103688,0.9340813247611222,0.6570186027683917,0.9054461459141279,0.9340813247611222,0.8336470580240634,0.9837454645469401,0.8957154500195306,0.5946440494516374,0.6883888471605044,0.9929303214064669,0.9801184131332199,0.8515242770126847,0.5778080574091289,0.47308902621546023,0.8512827582389364,0.9050457185079468,0.8422747629288032,0.8512827582389364,0.8512827582389364,0.8324789566221811,0.8559522762859684,0.8708970510157363,0.8880374742123658,0.8559522762859684,0.8381354443488451,0.910589564159678,0.8814987207179201,0.8656814261022983,0.8760356045203768,0.8607472522091428,0.881445385091211,0.6090438059182532,0.3985339805343384,0.8047517705871294,0.6028807665813773,0.8559522762859684,0.774589731245916,0.7704391635096571,0.8133884845703085,0.4893081776262723,0.7590635423320593,0.9186425876141024,0.8831824171310029,0.9239880770522555,0.9775918713456563,0.8469678326776531,0.8559522762859695,0.7596773995000081,0.9880480182212161,0.8984209192333388,0.7253801651829517,0.8829132168159719,0.9557864545102848,0.9667765397581713,0.8656814261022983,0.8124056455680659,0.6120207273021958,0.8559522762859684,0.8336323815959055,0.6984411378783617,0.8871895921957202,0.6942844665441588,0.842274762928803,0.9630974759206201,0.39922701218985945,0.8467269607313443,0.524268173975222,0.5178100980533726,0.8559522762859684,0.8559522762859684,0.8963615258924706,0.7431333050315445,0.9985075821215166,0.732144927741551,0.611054202452351,0.6662846336195423,0.7434344310480545,0.5353034587617076,0.8338454108822262,0.4872772241315916,0.8559522762859684,0.8979851783931698,0.8707710541962022,0.8931449617140896,0.673760853958961,0.8814987207179201,0.5631421842426163,0.8559522762859684,0.8559522762859684,0.5625144612330208,0.8559522762859697,0.5124444292006306,0.8253412912328226,0.6386376449116682,0.8220007545142649,0.9088006389406291,0.8577735233398742,0.4926680250062693,0.8222565779414552,0.8559522762859681,0.9011477921215736,0.4961741557217668,0.8607472522091426,0.8814987207179201,0.8768523312976579,0.6450308644995557,0.7853233151653147,0.9109711638042668,0.8927560435416244,0.7189651726991912,0.8559522762859684,0.5270654807730291,0.9109711638042668,0.6950668663400099,0.9035421566621946,0.6788501927524269,0.9155857839080437,0.7490394516262374,0.7313252372724337,0.9814914270638063,0.7454591973987146,0.7321968221602165,0.9567639152765359,0.8871895921957202,0.8950153967350557,0.829631341025967,0.514372496553152,0.8707710541962024,0.8512827582389364,0.5797755107240075,0.6683934642270143,0.8405176238551886,0.8194927724869057,0.9750176878081551,0.9978019274344513,0.9750176878081551,0.9340813247611222,0.7606603920802666,0.9845520344920218,0.5065114178965885,0.8646739158077177,0.8871895921957202,0.8253412912328226,0.9824392059119957,0.7188841356886444,0.8379173649093357,0.7264404658292205,0.8214102979747855,0.6613008711303439,0.9471999997959666,0.7295251123674347,0.910971163804267,0.7332194788403066,0.7994457408501776,0.8559522762859684,0.8637955550105685,0.8957154500195303,0.728566748398448,0.88718959219572,0.8824939460418757,0.59268448074481,0.8409131205673757,0.8559522762859684,0.545114721618154,0.5975055520125512,0.8133884845703085,0.5542663808947477,0.4857326188127772,0.527920132763932,0.9050457185079468,0.6828274364770989,0.8895069741615353,0.9447205705088487,0.6271416147624606,0.8677031490372049,0.7256060079260456,0.8931449617140894,0.9936820261047687,0.9490768789214075,0.9069171716353956,0.9903246454113732,0.6409536958413644,0.925323831339594,0.6115854542270112,0.89571545001953,0.8512827582389364,0.6120207273021957,0.7257297015585249,0.7404251116329643,0.6213550131629053,0.565272170443635,0.8559522762859684,0.5590938177713757,0.6274113776127539,0.8235212089664674,0.8559522762859684,0.46684464797996406,0.9217444777452883,0.8814987207179201,0.9684862506912562,0.8512827582389364,0.7217084572783667,0.9971087202550017,0.9212073119136902,0.8539193688809056,0.7399891659895363,0.8677031490372051,0.6050311497461365,0.8559522762859684,0.999792885629691,0.8559522762859684,0.8814987207179201,0.8198742249039588,0.5412735229771073,0.8931449617140896,0.735978284480046,0.7077179752719007,0.6003054471289881,0.7802191483051635,0.8559522762859684,0.9197051788820867,0.591558534809508,0.6487503424004033,0.8317533533369112,0.7596773995000083,0.8707710541962026,0.7873083094059601,0.9311619884681968,0.8447382063677082,0.6169324705375319,0.6722671785917211,0.8447382063677082,0.8018701786358151,0.8707710541962024,0.6914826318508716,0.8447382063677082,0.8931449617140896,0.9731833803651397,0.8831824171310031,0.8068343733389354,0.9719332656480346,0.9092318808483444,0.9618702432415294,0.5218924970355836,0.7596773995000083,0.9811221984817184,0.5635702274025788,0.7977424037098086,0.9417706387957603,0.851524277012685,0.7353637708982464,0.9101253302890757,0.7209273847766839,0.6787525594818307,0.9364876838018543,0.8544354240446739,0.8490360114921609,0.8607472522091426,0.8656814261022983,0.6617999714097956,0.8547984773567885,0.8169799347703314,0.8173941635109494,0.7596609192133645,0.9393203828196912,0.876035604520377,0.7983254232663792,0.578273124681195,0.7579610396978758,0.6760148939282119,0.7873083094059599,0.9896323371547098,0.8983146622607212,0.624140481790262,0.8559522762859695,0.6506082674674476,0.7176670115428259,0.8916526157365259,0.6155119076792748,0.7464663493298689,0.8760356045203768,0.936903561816264,0.8214272052481875,0.5483098218376187,0.8708970510157363,0.9035527788368716,0.9812490169448846,0.8065389892438859,0.8671799350481509,0.8294570440795395,0.857181841184518,0.8512827582389366,0.8907989355355301,0.7695245795579542,0.8656814261022985,0.8927560435416244,0.6260515913794742,0.5199088896238756,0.9318413189001244,0.8799848489616021,0.4866415620438219,0.7391525679016921,0.9935249236883033,0.8467269607313443,0.5443940824747694,0.8876293639059187,0.7423644543847863,0.7373592171107441,0.5552221101046628,0.9618702432415294,0.876035604520377,0.4623877562541232,0.9068182136216998,0.9471999997959664,0.88718959219572,0.6493645596459074,0.9186425876141024,0.8540742615162968,0.876035604520377
p151_VCFNQ,0.9857768064258265,0.9841747480714136,0.968836846578246,0.909011023528459,0.9562880686171875,0.9675743567407264,0.98066721842217,0.948079259322322,0.9172245874626139,0.9657671730030435,0.9482479709168004,0.9548710823073729,0.9548710823073729,0.9858673317522388,0.9826186064627203,0.9386032451225694,0.9783779352946236,0.9410406098239259,0.964040252388596,0.9657671730030435,0.9841122468683339,0.9469990271543747,0.944562380594602,0.9577431256853024,0.9457709851868579,0.9410406098239259,0.9783779352946236,0.9280917395652362,0.9657671730030435,0.967088481531656,0.9354577472990953,0.9607848936032954,0.9813507987576177,0.9301521134798674,0.9562880686171875,0.9457879562525047,0.9577431256853024,0.9508152934266842,0.9675743567407267,0.9457697991278943,0.913419102141044,0.942198331919694,0.9675743567407267,0.9731307655897723,0.8394089368969619,0.973175933466236,0.9604535056538153,0.9143648077845037,0.9398977391608507,0.94831171741693,0.9607848936032954,0.8494065101643669,0.9410406098239259,0.9495194495442563,0.9508152934266845,0.938768815466609,0.938768815466609,0.9562880686171873,0.9055970488846665,0.690139363919736,0.9646634159344738,0.9557348560132629,0.9410406098239261,0.9563160015347996,0.9623824451410659,0.9155947545010741,0.872802283097869,0.9472720887282853,0.9958973689151571,0.8556161648936053,0.912013784442163,0.9398977391608507,0.9562880686171875,0.9177465321422122,0.9562880686171873,0.982743090758416,0.9469990271543745,0.9868659623160062,0.8479439783560867,0.9675743567407267,0.9482479709168004,0.6961684316354264,0.9540645211449861,0.9410406098239259,0.9562880686171873,0.9706172773228455,0.7351871682821827,0.8645404905882981,0.9653967881313257,0.9548710823073729,0.9562880686171873,0.989737435419342,0.9220526430026652,0.9473253411290724,0.8993715589111385,0.8669218540725234,0.849403213058922,0.9754350893887315,0.8781476038290179,0.9102115101466461,0.8360364947494746,0.9604535056538152,0.9683543830093178,0.9429328017836777,0.924102065711728,0.964040252388596,0.9421722554388531,0.9881165374133536,0.9457709851868579,0.9870215845382495,0.9155170264162831,0.942198331919694,0.8993807416255251,0.9220794934202008,0.9592404230051592,0.910572241794529,0.8515631433027532,0.964040252388596,0.9675743567407267,0.9136953378018806,0.9787950906816582,0.9786078235958557,0.9919033068160934,0.9566458605594931,0.8266313169822587,0.9192592205454482,0.9577431256853024,0.9384261778015308,0.971905036534492,0.974801654315965,0.8905026990324321,0.9592404230051592,0.7895958714484501,0.9330470514183519,0.9521375655065456,0.8559914499686948,0.9489003290939065,0.9607848936032954,0.9607848936032954,0.9534886050081051,0.995165683932139,0.9657671730030435,0.9822728840002255,0.9600198715458841,0.8540770981599278,0.9230659630317122,0.9911841280007905,0.8984876543923497,0.939897739160851,0.8568753576398448,0.6565306357972028,0.9191520956010526,0.9116538466243309,0.9455552839831255,0.9560086947472867,0.9398977391608507,0.9214069234359719,0.9768208473383789,0.8769444849065677,0.9786078235958557,0.8716066634298203,0.7998413629717638,0.696168431635426,0.8950048614873412,0.9543462946456163,0.9280917395652359,0.9891726316205176,0.9563160015347996,0.7899856344434439,0.8668758171222235,0.9858673317522388,0.9548710823073729,0.938768815466609,0.8607711943559351,0.9450223520328143,0.972238662998439,0.964040252388596,0.9989819949201275,0.931194607231093,0.9425174783713437,0.9240582376582436,0.8924464890803961,0.7797378223034958,0.9548710823073729,0.941443805073592,0.948765966194004,0.8778523726982703,0.9965380001026768,0.9495194495442562,0.9876152547580852,0.9534886050081051,0.9619936422826709,0.9536084303741795,0.8838947839677536,0.9191520956010526,0.9562880686171873,0.9577431256853024,0.9534886050081051,0.9143648077845039,0.9717985827904647,0.94831171741693,0.8986811553763572,0.9562880686171873,0.964542101017188,0.8514910516687033,0.939807279197018,0.9562880686171873,0.9067422366276936,0.9748016543159652,0.9425174783713437,0.9841323151590049,0.991545896452954,0.9548710823073729,0.9562880686171873,0.9814914270638062,0.9562880686171872,0.8708767132683928,0.9337451012300576,0.9039100802715103,0.9562880686171873,0.880570845753591,0.9562880686171873,0.98066721842217,0.9421722554388532,0.9231480466603461,0.9920255469531101,0.8801474343127895,0.8677534787475789,0.9534886050081048,0.944562380594602,0.9469990271543747,0.9898252637321052,0.9834403013011903,0.8163429475051772,0.9607848936032954,0.9563160015347993,0.9471353582128483,0.8616532608325632,0.9172284095557912,0.9761356843815903,0.9270730230791455,0.9521375655065456,0.8985986666492829,0.9534886050081051,0.9562880686171873,0.9162673470024436,0.9562880686171873,0.9017556666804107,0.9257389930135203,0.9560086947472868,0.9376530086096915,0.8677534787475789,0.9577431256853024,0.9260614370793865,0.9457709851868579,0.7586969892787792,0.9868659623160062,0.8805708457535908,0.9592404230051592,0.8472350205375403,0.8896003271096571,0.9005073409360098,0.9548710823073729,0.9511494252873565,0.8451715592961491,0.9675743567407267,0.9242089152001629,0.8565893759313055,0.9397007289779525,0.9261380758714728,0.8411086876432334,0.9607848936032954,0.9394603519283087,0.9881165374133535,0.9382719339501254,0.964040252388596,0.9198988420720091,0.9282619895472617,0.9965514935490281,0.9965380001026767,0.964040252388596,0.942787579604113,0.9388208217988057,0.8646812957157786,0.9986975721475881,0.9858673317522388,0.9592404230051592,0.9684459109141506,0.8666646566334317,0.8326881763485994,0.9592404230051592,0.7195352916307385,0.8155363791473282,0.964040252388596,0.924229381098876,0.946145257121781,0.9786078235958557,0.9612678105847426,0.964040252388596,0.9562880686171875,0.9970639700164783,0.9534886050081051,0.9560086947472867,0.8624031815176505,0.9124768483179178,0.8801474343127894,0.939897739160851,0.9280917395652362,0.9399417142435167,0.968803565300479,0.9402558711168867,0.9637765273080219,0.9834403013011901,0.9942571659500581,0.9207285164870207,0.9657671730030435,0.9172245874626141,0.9657671730030435,0.9301521134798674,0.9761356843815903,0.9220794934202008,0.9592404230051592,0.9562880686171873,0.9607848936032954,0.9162673470024436,0.9427953535791662,0.964040252388596,0.9511494252873565,0.7522333930600863,0.9562880686171873,0.8672518908219962,0.964040252388596,0.8336684595774306,0.8883031759571525,0.9190442477358796,0.9433718940682514,0.9607848936032954,0.8903991455657343,0.8451715592961491,0.9457709851868579,0.9508152934266845,0.9661023720508124,0.9604535056538152,0.9177449231111595,0.9648657621037748,0.9841747480714135,0.9826186064627201,0.8336684595774304,0.8953255420349076,0.9684459109141506,0.9382719339501255,0.9521375655065456,0.971905036534492,0.8601003488812999,0.9413830194575712,0.8666646566334317,0.9004700005456046,0.9574054602700126,0.9562880686171873,0.9841698601183979,0.9291179679746995,0.9149230616438513,0.9792503453259269,0.9657671730030435,0.8668758171222235,0.9562880686171873,0.9562880686171873,0.9398977391608507,0.9932373028972724,0.9054844349054272,0.9562880686171872,0.8453817313970798,0.9562880686171875,0.96157184588811,0.9600368414886554,0.9487022485658541,0.9562880686171875,0.9876152547580852,0.7987499291948711,0.9418890352294473,0.9685382307887695,0.9562880686171873,0.9847318078996157,0.9727347845851518,0.9694312124673643,0.9717699908685811,0.9876152547580852,0.9996620360295954,0.9592404230051592,0.8569971282280209,0.9562880686171873,0.8168375394702834,0.8266313169822588,0.914718714253747,0.9109196780153331,0.9577431256853024,0.943218504954944,0.9508152934266842,0.9562880686171873,0.9956328547950859,0.995165683932139,0.9562880686171873,0.9591464247864104,0.8883724531902804,0.8951627873918943,0.9611563325953092,0.8624031815176507,0.9562880686171873,0.8019015276175858,0.8760356045203765,0.0,0.9868134941838476,0.9729090319639081,0.920122827656545,0.9210985398310307,0.9618517021806037,0.9592404230051592,0.9986975721475881,0.9022918659842716,0.7496067523522856,0.8733022546836287,0.9190121941236467,0.9989819949201274,0.944562380594602,0.9607848936032954,0.9410406098239261,0.9562880686171873,0.6752725821758078,0.9153141563577833,0.9307448788040109,0.9868659623160062,0.9376530086096913,0.9534886050081051,0.9781827789934505,0.9645511776582261,0.9534886050081051,0.921979895548813,0.9562880686171875,0.9178689456870835,0.9489003290939065,0.9484682480772156,0.964040252388596,0.9025277748860163,0.9398072791970182,0.9495194495442563,0.9331052725841534,0.975789226245448,0.9894382119329369,0.9657671730030435,0.9769872986834478,0.9280917395652362,0.8859854105734221,0.942198331919694,0.9469990271543747,0.9060691392655613,0.9592404230051592,0.9301521134798674,0.9997376336428517,0.9325451343746467,0.9433718940682514,0.9128943694267472,0.8570938287816198,0.9354577472990953,0.966592519162104,0.901261839631007,0.9464118920324345,0.9088934360957927,0.9953245180886893,0.9059631313150904,0.9615718458881102,0.9433718940682514,0.8719390991735314,0.9586606416996007,0.9868659623160062,0.8460156417597688,0.9433718940682516,0.974801654315965,0.9180412008234591,0.9592404230051592,0.936159000349494,0.9466798193261672,0.8202201452691633,0.9997376336428517,0.964040252388596,0.9365797231195259,0.989737435419342,0.9623824451410659,0.8735613087355399,0.9088934360957928,0.9521375655065456,0.9607848936032954,0.964040252388596,0.8487494684180814,0.8161911606324614,0.9787950906816582,0.9719050365344921,0.9548710823073729,0.8479439783560867,0.7585656995660506,0.9521375655065456,0.8096400702014255,0.9562880686171873,0.9623824451410659,0.9562880686171873,0.9562880686171873,0.8771157527508107,0.944562380594602,0.9177449231111593,0.9562880686171873,0.8687764701124439,0.894447036196383,0.9257389930135203,0.9792036529152421,0.8672022361501448,0.9055970488846664,0.9932373028972724,0.9606832254354425,0.896467838022496,0.9508152934266842,0.9425174783713437,0.9623824451410659,0.9706172773228456,0.9382719339501254,0.9828903308322394,0.989405943369801,0.9508152934266842,0.9534886050081051,0.9264842688269395,0.9623824451410659,0.9956328547950859,0.9592404230051592,0.9143648077845037,0.9469990271543745,0.644448381222068,0.944562380594602,0.8696393640825604,0.9591464247864105,0.9191520956010528,0.9942714459947757,0.9311946072310933,0.9592404230051592,0.9894382119329369,0.9645511776582262,0.9768208473383792,0.9126737616573803,0.9649376594301959,0.9607848936032954,0.9801384080901827,0.9521375655065456,0.9394373506523193,0.9459681478708941,0.8986811553763571,0.8401242645657356,0.954064521144986,0.933047051418352,0.8729115082788343,0.9719859159252597,0.9162673470024436,0.9939869207585603,0.9894382119329368,0.9660244666247457,0.9832267469214838,0.9562880686171873,0.9607848936032954,0.9727347845851518,0.9562880686171875,0.880570845753591,0.9894382119329369,0.9039625825630313,0.8993715589111386,0.955734856013263,0.9942714459947756,0.8971967889242582,0.7509561835971417,0.9504913952342666,0.9219798955488128,0.8850890368124646,0.9534886050081051,0.9508152934266845,0.9466798193261672,0.9761356843815903,0.9965514935490281,0.9623870526338896,0.9358141562321112,0.9332781697222495,0.918833122860905,0.9177449231111594,0.9894170690238606,0.9167714410425665,0.935457747299095,0.9657671730030435,0.9457709851868579,0.9645511776582262,0.8995856440760841,0.994900896131559,0.9078111670939806,0.9548710823073729,0.948079259322322,0.9661023720508124,0.9675743567407267,0.9347189984066651,0.9604535056538152,0.9204848999716182,0.9727347845851518,0.9421983319196943,0.8643162347933665,0.989405943369801,0.9919033068160934,0.9150817040227417,0.857093828781619,0.971905036534492,0.9560086947472864,0.9675743567407264,0.9562880686171873,0.9684459109141506,0.9943424334395703,0.9648129116097122,0.9149230616438511,0.9562880686171872,0.9025453938879551,0.9843880512501987,0.9191520956010528,0.9333065093925876,0.9172245874626139,0.803133974568598,0.8977386203509135,0.9452382129481562,0.8959207482435981,0.944313943398684,0.871473686660426,0.9705201879916355,0.9623824451410659,0.994900896131559,0.938768815466609,0.7998413629717638,0.9257389930135201,0.9675743567407264,0.9931284229919284,0.9039625825630317,0.9675743567407267,0.949519449544256,0.8923351671954536,0.9683543830093178,0.9639459734638129,0.9801654300488658,0.9640402523885963,0.9562880686171875,0.9469990271543747,0.8653749572194795,0.8624031815176505,0.971905036534492,0.7895958714484506,0.9783779352946236,0.971905036534492,0.9548710823073729,0.9808531012828584,0.9562880686171873,0.9521375655065456,0.9660244666247456,0.9562880686171873,0.9364748811663076,0.9471353582128483,0.964040252388596,0.9592404230051592,0.9623824451410659,0.9577431256853024,0.9548710823073729,0.9805665280639315,0.9136953378018806,0.944562380594602,0.9317900942184543,0.9562880686171873,0.9421722554388531,0.9592404230051592,0.8763982687835875,0.9846082159441185,0.9210985398310307,0.7654443735347064,0.8868454810017548,0.9919033068160934,0.974801654315965,0.9457709851868579,0.8929968346358229,0.9270730230791457,0.9120137844421631,0.935457747299095,0.9296170701540483,0.9482479709168006,0.9457879562525046,0.9970639700164783,0.9592404230051592,0.9880738944070537,0.9672708404642683,0.9562880686171873,0.9562880686171875,0.9438512379215631,0.9657671730030435,0.9351235441987524,0.9783779352946236,0.9482479709168004,0.9489338192506498,0.9534886050081051,0.9498549256172192,0.9764397723235272,0.9562880686171873,0.9562880686171873,0.9282619895472617,0.9095362919443466,0.9504850176985602,0.9382825894904985,0.8668758171222233,0.9941236503157006,0.8981226977544038,0.9253562380373368,0.9987511985291293,0.9965223396816935,0.9562880686171873,0.9581074754130983,0.9607848936032954,0.9675743567407267,0.9769007179655418,0.964040252388596,0.8883704299920676,0.9562880686171873,0.9562880686171873,0.9347629248164577,0.968354383009318,0.9417625636681175,0.8623126901075593,0.9801384080901828,0.9563160015347996,0.9376530086096915,0.869472737318695,0.8914121598918372,0.9881229809455179,0.9562880686171872,0.9270730230791457,0.8760817786212667,0.8868454810017543,0.964040252388596,0.9368056844674394,0.9030423464559565,0.970223678284496,0.9204848999716182,0.9577431256853024,0.8335656945690965,0.9562880686171873,0.9177465321422122,0.9291179679746995,0.9568407342490961,0.8829747595909112,0.9689388502564641,0.9495194495442563,0.9181860947060068,0.9804262459572082,0.9623824451410659,0.8868937905864727,0.9178010864926636,0.9521375655065456,0.9657671730030435,0.8038893788091563,0.9991226281223795,0.8719227385629407,0.9607848936032954,0.9548710823073729,0.893211672241649,0.995067487912588,0.974801654315965,0.8081869133204372,0.9675743567407264,0.9761356843815903,0.9675743567407267,0.9675743567407264,0.9504850176985602,0.9311946072310933,0.9106019687464648,0.9562880686171875,0.9657671730030435,0.9469990271543745,0.9469990271543745,0.9568755471965897,0.9508152934266847,0.9719050365344921,0.8360364947494745,0.9087387818848149,0.9577431256853024,0.9406008519517006,0.9291179679746995,0.9145187709012392,0.9264819187209331,0.9562880686171873,0.968836846578246,0.9683543830093181,0.9162985162668038,0.9657671730030435,0.942198331919694,0.9364748811663075,0.9472720887282853,0.9562880686171873,0.8645404905882981,0.8729115082788343,0.9433718940682516,0.8656041668745094,0.8508524342038148,0.8719227385629408,0.9607848936032954,0.8802053191263985,0.8559914499686949,0.9636607886920054,0.9419867386642065,0.9942714459947757,0.9281380799247694,0.8336684595774305,0.9331052725841532,0.968354383009318,0.955587210232753,0.7171048757053844,0.8612981558461013,0.9606832254354423,0.9332781697222496,0.9683543830093178,0.971905036534492,0.8984876543923495,0.9746267730905066,0.9193362591562932,0.8724510015411426,0.9168188403386275,0.9562880686171873,0.8827673261514812,0.971806349324819,0.8038893788091567,0.9562880686171873,0.862232927318646,0.9508152934266842,0.964040252388596,0.944562380594602,0.9548710823073729,0.8543687314766314,0.9427953535791662,0.9115378627127522,0.8923351671954538,0.9210985398310307,0.8719390991735312,0.8978561483651695,0.9562880686171873,0.8959207482435982,0.9562880686171873,0.964040252388596,0.9405520062621224,0.9004665216997627,0.9675743567407267,0.9912425166211665,0.909385058694516,0.9181860947060068,0.9858673317522388,0.9562880686171873,0.9906206863879108,0.9216909301378011,0.976776185955968,0.989405943369801,0.9761356843815903,0.7895958714484504,0.9354577472990953,0.9343769343025807,0.9727347845851518,0.9078111670939804,0.9857768064258265,0.9727347845851518,0.8564502011688077,0.9607848936032954,0.9786078235958557,0.9727347845851518,0.9675743567407267,0.9410406098239261,0.9645511776582261,0.9413830194575714,0.9548710823073729,0.987615254758085,0.9433718940682514,0.906885999414518,0.9257389930135205,0.944562380594602,0.9260614370793867,0.9398977391608507,0.971905036534492,0.9469990271543745,0.9320142571782083,0.9333065093925879,0.9153141563577833,0.8565893759313055,0.9716656682171856,0.9399845276374329,0.9398977391608507,0.9577431256853024,0.9592404230051592,0.959388078127553,0.8814871681420862,0.9376530086096915,0.9376530086096915,0.9143648077845039,0.9607848936032954,0.9623824451410659,0.9190121941236467,0.9365495543873188,0.921945169385211,0.9291179679746995,0.935457747299095,0.950195414930349,0.9919033068160935,0.9343769343025807,0.9562880686171873,0.9614643214516851,0.9505428281988995,0.9731307655897723,0.9143648077845037,0.884411036242734,0.9511494252873564,0.9684459109141506,0.9155170264162831,0.9991226281223797,0.9521375655065456,0.9540645211449863,0.913419102141044,0.9600198715458841,0.9799393170793436,0.9482479709168004,0.9612678105847425,0.9548710823073729,0.899555988792494,0.9536084303741796,0.9592404230051592,0.9577431256853024,0.9022918659842714,0.9376530086096913,0.799841362971764,0.955587210232753,0.8823796135894797,0.9831525377747646,0.9534886050081051,0.9752369887774635,0.9906206863879108,0.8763982687835875,0.9162673470024436,0.960453505653815,0.8787593440855819,0.9433718940682516,0.9623824451410659,0.9078111670939806,0.8806502594267756,0.9645511776582262,0.9657671730030435,0.9413830194575714,0.964040252388596,0.9764030249383167,0.9511494252873565
p152_S,0.9381071058192678,0.9367201797244551,0.9280113238402267,0.8197137328849453,0.8517144868263764,0.970911469867437,0.629821923092,0.6431268319182388,0.7374226694869201,0.8838707840618651,0.8057665591262987,0.9363315702348429,0.8469075946240916,0.8411102027361761,0.9538344722824728,0.9600007152942391,0.9360793017497224,0.9182101961218494,0.8650374558206403,0.999187095488433,0.8198527527984403,0.6622942303048571,0.9862337902571188,0.9199154281937727,0.676531754867802,0.7999899992499373,0.7380789570359618,0.8166204308597429,0.9607483250129105,0.6821939665836847,0.8030123017207884,0.9008409057897286,0.8331490001975546,0.9488068847204383,0.8823910523641698,0.9017446062917726,0.7953925200034221,0.7526433927928733,0.8900013566415692,0.8315471537724388,0.953753803912704,0.9481470405930801,0.890001356641569,0.8044770535283516,0.9926508288107969,0.9940477767481037,0.7459780033283332,0.8519509328812795,0.529021028014011,0.7347168883482378,0.8669692234537123,0.8886288736995875,0.8236340386243197,0.7123866931548353,0.9988320430013828,0.8152013864163985,0.7722732708593241,0.6574604645689301,0.6620127198729593,0.7805950414820977,0.7442635843287546,0.9582031295467226,0.9635696070062387,0.7593168524648461,0.7052177893356903,0.5960479685319706,0.7943139531861243,0.9854567139561248,0.8544627260658806,0.9384517567629049,0.8071859421461329,0.7961129991402642,0.97442074897755,0.6029665476692065,0.6574604645689301,0.86504188265401,0.8719532289905911,0.9906633884214366,0.8635929553637569,0.9077233602937606,0.877267447796322,0.8812664936764898,0.5918413556167363,0.8236340386243199,0.6574604645689301,0.8731134318822741,0.9210456418073851,0.5626321905451417,0.9338512312982935,0.6463565435816511,0.6574604645689301,0.6750574829815751,0.9033576820936606,0.7498484354312016,0.7254278862273421,0.916561009047552,0.689045893636882,0.8527877093428844,0.744033509530587,0.7672613792894476,0.8639455692424967,0.9924939067857517,0.6881370301067232,0.8307272169404305,0.5850377466068393,0.7182088539361106,0.691715031197254,0.6862007244841899,0.9428948240228703,0.6645132499831974,0.6926420525089286,0.9000704871933864,0.8362400421710052,0.5605760188963864,0.7459780033283332,0.7756462572284715,0.9283209252291187,0.8780124908814333,0.9304564132545028,0.6877710618721529,0.9806073400536133,0.7157246407996476,0.8033895619042443,0.9787022394248477,0.9162815282574738,0.470841601301883,0.7953925200034221,0.8598915153544466,0.8767155864943421,0.9078612916467244,0.7668677381688072,0.8944208730785337,0.9636723648662061,0.8900013566415688,0.6532216664443504,0.9714553566521971,0.7890730351291244,0.9636723648662062,0.7604422708501071,0.6355230453386188,0.8125623905669586,0.7317415111829086,0.6503346605400573,0.838867079481165,0.7519928121237842,0.7774079203770485,0.8909014862849387,0.7489703635367908,0.9124692013550446,0.7694976800898747,0.8470578226094765,0.8554241274504648,0.8550489954241467,0.7487830684818892,0.9298006825301899,0.842655480026177,0.8422649004794259,0.914779433546371,0.9752608598586536,0.4877336379380294,0.5511287249286825,0.9924939067857517,0.9546344910500091,0.9933041081278662,0.9438773065621795,0.618177757769488,0.9043237580224677,0.9932179366015166,0.8515481001724026,0.8022324859395513,0.9235286289002835,0.825204494803155,0.8381194610121918,0.5090224060547732,0.8759503735178138,0.7274442879673662,0.9881339422948303,0.9424891417567622,0.6696288944075571,0.8402072144327174,0.7617601465284563,0.7410053571343382,0.9785359422214626,0.9146284704139054,0.9282234504455538,0.7060951285522092,0.71695298436836,0.9638999414346565,0.6044195771176946,0.9290904411508087,0.8712321677735528,0.792096456276496,0.9102753876962763,0.650101941768517,0.9480579133852232,0.6574604645689301,0.8882829779934609,0.7805950414820988,0.8097203668608581,0.8653681128858435,0.8358984246916981,0.765588511062654,0.6574604645689301,0.8884546295877109,0.8875384600991747,0.8838707840618654,0.6574604645689301,0.898875179645896,0.752607266372999,0.6849163308736774,0.9607161788874538,0.9284501437951085,0.6761645354519028,0.6574604645689301,0.8260500334932868,0.6574604645689301,0.9854551331140633,0.8910234855722572,0.9897304048898968,0.6574604645689301,0.6241067887313607,0.6574604645689301,0.6025447762851105,0.8411437644733704,0.799849768567235,0.9491892571115328,0.7786690145640726,0.7136887731646979,0.6645374445673141,0.6153736042876923,0.8460780878403382,0.7740407288105018,0.8954128357163829,0.866249412576539,0.8669692234537123,0.834133158144178,0.8988806188228511,0.9510015118974504,0.8915979120183182,0.9922765195355472,0.8724418929542728,0.8376345900059794,0.6668694259007294,0.9002465670022488,0.6574604645689301,0.8605973894785879,0.6574604645689301,0.6355850388468482,0.9677786049373615,0.9975440472022225,0.8050089130351918,0.7136887731646979,0.8882829779934611,0.808477675811641,0.9048758075333981,0.7187944794515458,0.8057665591262987,0.7864313947109252,0.8617298618427947,0.7317379613055153,0.6867039685980978,0.7984700200492769,0.6761645354519015,0.9075881164980935,0.9256216629514912,0.8900013566415692,0.7337157279820385,0.8575853167299317,0.7393553623089135,0.6833909837626082,0.6831964445029698,0.8281856355221409,0.898845953585991,0.9640983884044849,0.9967794459972699,0.7182088539361106,0.719161928258572,0.8084776758116403,0.7274375203314072,0.9463919550733862,0.7182088539361106,0.767705627705628,0.6182069032072224,0.7756167155477296,0.7381909015181107,0.8197137328849452,0.7132869920925937,0.804331308468615,0.6631051285252658,0.8386238399394897,0.8944208730785337,0.9598028955500122,0.8597785500864064,0.951426791823698,0.7164766289478921,0.9899555063109596,0.8608634967430602,0.9905227360757042,0.9384517567629049,0.6881370301067233,0.8082759133294827,0.9546814368542729,0.7943139531861247,0.6482451533279536,0.8610365234667814,0.9421240707427695,0.9124692013550448,0.9781066626799626,0.6937648210010161,0.7737084297651315,0.8243236629409052,0.5666566128287718,0.9197447084139444,0.8930041777756332,0.7105928325047144,0.9239353635605216,0.792096456276496,0.8838707840618654,0.6796844906320187,0.8324970174271815,0.998046238347388,0.8944208730785335,0.6574604645689301,0.9008409057897282,0.9043518922323698,0.750773252636797,0.7182088539361106,0.9868134941838476,0.8848204785436554,0.6574604645689301,0.6765317548678021,0.8283303053495079,0.9709114698674368,0.8386526405651256,0.9060461682352408,0.7763495185804201,0.9636723648662062,0.7474790156206934,0.829986475969585,0.9682663854301587,0.8607628406648591,0.8775386793271192,0.8617298618427947,0.8662494125765394,0.8540665022444334,0.8827366217058843,0.8158018642828313,0.970911469867437,0.7107551498583049,0.8035206988478663,0.7204082006518739,0.7097931935054249,0.6761645354519015,0.9762493941981328,0.7971499989645114,0.6364689879643826,0.733459775978917,0.8420324262018791,0.6574604645689301,0.731828132852304,0.9840312822436876,0.7322713438735287,0.8118897379362574,0.9239353635605216,0.6894172387977864,0.6574604645689301,0.6574604645689301,0.9246321155442633,0.8467702430660722,0.8111166708890691,0.6574604645689301,0.9607483250129105,0.6574604645689297,0.8411102027361763,0.8915979120183184,0.7556292832488092,0.9437441834397566,0.5507751770412729,0.9986710652581441,0.8440790760131105,0.7866228306340748,0.6574604645689301,0.8763669646575618,0.7594782106121798,0.7032933418463518,0.7638399262582689,0.8975314315798857,0.5609413410175557,0.8617298618427944,0.6295023636786645,0.6574604645689301,0.7315375034923342,0.987213646380621,0.7790096006632352,0.9076682892335494,0.7953925200034222,0.7799554253242713,0.9159905215994684,0.6574604645689301,0.956339855852318,0.9082692307810014,0.6574604645689301,0.9941072388767984,0.8636359783050307,0.9570267715843942,0.841388584636035,0.6482451533279541,0.6574604645689301,0.7770019037643323,0.7099665756129576,0.9868134941838476,0.0,0.1972121615014053,0.8224581163001949,0.788890150036726,0.7148234416988533,0.7786690145640724,0.9985684800204515,0.7504165315210711,0.9115351767342708,0.7570103770016794,0.8127275474328879,0.9813055176567219,0.7896703691743372,0.7604422708501075,0.6089090163905027,0.6574604645689301,0.9881339422948303,0.946391955073386,0.8020465591352584,0.8508536150398738,0.8953406832036326,0.6645374445673147,0.928349039430743,0.9515478783940845,0.6645374445673147,0.9565089460656668,0.7801667267201029,0.9907037377430259,0.9469939249103048,0.806962440599945,0.9751589072340372,0.6787665739427935,0.8854965930849988,0.882736621705885,0.8892685205381352,0.830169005252462,0.8692953595068794,0.731741511182908,0.8925480677805255,0.7762488729046881,0.624466714809845,0.7393553623089134,0.8202029466900853,0.9947560146512323,0.8617298618427944,0.804331308468615,0.8341331581441781,0.9380388006770111,0.8986295142029523,0.9007255444269247,0.9642495556649885,0.8469347861468033,0.5614890378989682,0.7176853839543007,0.8549575063899293,0.9790634076586657,0.645015031132214,0.6988698248069584,0.8379427494953595,0.9301784919255027,0.6900722178105403,0.8463084318738248,0.8585942246391954,0.8680086580086585,0.9230855133274588,0.6881644762477217,0.40052906700894964,0.9748150819785091,0.9157293962060387,0.8696847088727696,0.7710739419722465,0.9714298904079637,0.8650374558206401,0.7604541228702233,0.7515804777388146,0.8108161786537492,0.9579208837024351,0.7663647205664992,0.8659203535365174,0.9975440472022225,0.9147196413525656,0.9567409972118404,0.9247233194846392,0.9218972445451927,0.7357805191924036,0.9661395621050932,0.9584474338818167,0.8224581163001952,0.6249359029138133,0.9459961976568152,0.6574604645689301,0.7052177893356917,0.6574604645689301,0.6574604645689301,0.6729529875114919,0.7896703691743376,0.7622419627759166,0.6574604645689301,0.7772549330267546,0.6511794492000929,0.7081369140112674,0.8549963657648043,0.8923149516795208,0.9148198089213607,0.9527592053721485,0.9947560146512322,0.7556296088301113,0.973554116531312,0.8322917823303131,0.8108161786537502,0.8411759963696495,0.9046556975488047,0.8694608662326859,0.6040341585280103,0.9436043620667731,0.9002465670022488,0.8384271265696448,0.9427875796041132,0.5936730776387582,0.7786690145640724,0.8631406879542054,0.998671065258144,0.787431915708606,0.8866356388933212,0.6004071689409232,0.6157919747672633,0.7813170987026579,0.9141680583790843,0.9962780417739252,0.8617298618427944,0.7399196537556171,0.7637600698031106,0.8950120842148004,0.8152693691754536,0.9935160164989382,0.8281856355221404,0.9607161788874539,0.9360793017497224,0.9349456338370983,0.7556861067843031,0.9661395621050932,0.6638146186054872,0.8070192566355339,0.8672683036808264,0.8216803550614233,0.7353166412343417,0.9043518922323697,0.9362768017525644,0.8951705006571324,0.785086819953845,0.8645526139742608,0.6574604645689301,0.7604422708501075,0.8771777677923256,0.8108432922578966,0.9630473332520467,0.9495786524413499,0.9292609662309443,0.725427886227343,0.8485122346405987,0.9141680583790844,0.6423945844457248,0.8838707840618656,0.8100338432170029,0.9114218901520919,0.7602175384296437,0.6935518437960104,0.8883766811321634,0.9273618970096962,0.6681920384841759,0.7274375203314072,0.876792250527137,0.7134942675503622,0.7113170819541814,0.8235847760122288,0.8447994349198154,0.8635491662308263,0.9188376970102182,0.8249735439337957,0.9991870954884332,0.7526464390896671,0.9851872212052921,0.9282032138947525,0.9148398629299053,0.992719930005856,0.6761645354519015,0.867950535097378,0.793731586681929,0.9481784169066946,0.8048651241072424,0.9271118843142729,0.8731134318822742,0.7998497685672347,0.8760322104935407,0.9638999414346565,0.7577628540190626,0.8921517012082931,0.8406241089435889,0.8244397822834251,0.8848204785436553,0.7604422708501075,0.930456413254503,0.6574604645689301,0.8860781709917651,0.9210177902734882,0.7829677610492394,0.8366754263168158,0.6574604645689301,0.8042693630105524,0.9153718033952487,0.7813170987026579,0.49876668511648203,0.9196686254521735,0.9111477344496497,0.828523003591684,0.8871047196923739,0.8336640062910412,0.7555139716235503,0.8640616275961381,0.9502757975383275,0.7404172524417112,0.7235436473946446,0.7951913454551172,0.9421240707427696,0.7281093517748132,0.9481784169066947,0.9465787190015935,0.7805950414820988,0.9304564132545028,0.8287530636873142,0.7493551962635306,0.9949026854846567,0.8170254073563876,0.8567185752342537,0.9881339422948303,0.9642261199468634,0.8719532289905909,0.863628349598952,0.7544171394202355,0.6761645354519015,0.9685842704617613,0.6532216664443502,0.6761645354519015,0.6463565435816511,0.6384057545600694,0.6574604645689301,0.9643650652802596,0.691715031197254,0.6574604645689301,0.7763495185804202,0.5983074357144107,0.8780124908814333,0.7786690145640724,0.8460156417597691,0.7953925200034222,0.6463565435816511,0.8811754588137978,0.6585891393759462,0.8368365632114223,0.7592972525437243,0.6574604645689301,0.8038289202363041,0.9598028955500122,0.8078984963029705,0.754041717593779,0.4948056436406242,0.9881339422948303,0.9535547710049804,0.8921517012082931,0.9877510427009072,0.7019033162750902,0.7494901611823099,0.8479439783560871,0.8705847366656329,0.9334527917231225,0.9977314064074411,0.9378357229085402,0.9751589072340373,0.7384621920006146,0.7459780033283332,0.8412002165826543,0.776970636382392,0.6574604645689301,0.9949026854846565,0.8645526139742605,0.922309554537388,0.9603012784992775,0.7663647205664994,0.9300951133092186,0.6639063335420796,0.6645374445673147,0.7990987440205753,0.7400507366386502,0.6574604645689301,0.6574604645689301,0.6578038922359533,0.36861456942630655,0.8139477698135071,0.9255125558901753,0.6189077093341833,0.8950699532305877,0.9098978916086212,0.6407726573005437,0.6912788089092193,0.6146096476176435,0.6574604645689301,0.8809474616519877,0.7604422708501075,0.8900013566415692,0.9307804058201916,0.7182088539361106,0.6715901001451094,0.6574604645689301,0.6574604645689301,0.6558757786775549,0.8108432922578965,0.6268883566238859,0.8434202183566271,0.8211136065445457,0.7239646794743266,0.8275918555773014,0.7457527256678789,0.6684078121868136,0.86445014628513,0.6574604645689301,0.6482196007206301,0.6424161002893503,0.7321276196027986,0.9751589072340372,0.791082063947171,0.9999194499171893,0.8002586966593435,0.6486265540802134,0.8566505277931493,0.954669769997962,0.6574604645689301,0.711891597583415,0.9139292278462852,0.8123451119506255,0.6952240257598175,0.9509127147097092,0.955312704238404,0.7408329878815838,0.6628584563525566,0.942787579604113,0.6767833574785584,0.7014371998915043,0.9077935382191852,0.8838707840618651,0.9021321590490525,0.7507732526367958,0.6815514017310773,0.9008409057897286,0.6761645354519015,0.8246088430664757,0.7922833118206054,0.8279715405925414,0.9128505996786329,0.8900013566415688,0.9677786049373615,0.9481784169066947,0.9481784169066948,0.6512203494595545,0.8784370592941301,0.7313463225978565,0.8517144868263764,0.9991870954884332,0.5846688068540982,0.9727959241078912,0.775394186686972,0.8607628406648595,0.8767155864943421,0.9326997930298762,0.9636749351279239,0.9535547710049805,0.9557756560962483,0.6078107581162011,0.8906942349403453,0.86995248668306,0.6574604645689301,0.6244667148098451,0.9130676179019632,0.7952020363039187,0.8838707840618651,0.9797381293073799,0.8568104945519834,0.6810552238389882,0.6574604645689301,0.8550943015139463,0.8216803550614233,0.8568104945519834,0.6460941943103631,0.6982759663441391,0.6547747000857039,0.7604422708501075,0.8597107656371847,0.8170160549569959,0.7525392844360062,0.6881799335952938,0.8145699070152872,0.4474891994448721,0.970911469867437,0.9390675962200334,0.9949026854846568,0.945920356328164,0.9711745964301755,0.75196710054688,0.8320285942972798,0.8582616513103711,0.8721964233334829,0.6761645354519015,0.7629704999595914,0.9780064850921819,0.5936730776387577,0.6506550441918655,0.6737645513183326,0.6574604645689301,0.778115470832093,0.9389831969892359,0.7555243233312527,0.6574604645689301,0.6023297131978631,0.9159905215994681,0.7182088539361106,0.6153736042876923,0.6761645354519015,0.8625542926403278,0.8709221173730848,0.8121521855664688,0.9097817184340831,0.890657968187352,0.9364347145752201,0.8096912670068235,0.6574604645689301,0.8501747981194119,0.6574604645689301,0.8780124908814333,0.825859067581008,0.710941469914186,0.8900013566415692,0.8515481001724023,0.9004036202971211,0.777579306584173,0.5629560946701746,0.6574604645689301,0.8262334552214252,0.7882822576412951,0.86445014628513,0.7797240962320701,0.9078612916467246,0.934712588125745,0.8675690650840999,0.9290904411508085,0.7796639895897065,0.755143561323715,0.8191529562938467,0.7796639895897065,0.8593392193465907,0.6926989061780757,0.8608634967430604,0.7796639895897065,0.8900013566415692,0.7744172920111794,0.9515478783940845,0.7482947840655935,0.795396502932904,0.7990568456988287,0.874173515078446,0.9202163716445821,0.9877510427009072,0.9390675962200334,0.768942977148499,0.7961129991402645,0.9444364622841558,0.897828370140844,0.9319623449002288,0.7127313836287911,0.9643335757717775,0.8162954538139673,0.8312589683693803,0.770040039344025,0.854818394215395,0.9199154281937727,0.7786690145640724,0.8921334586410905,0.9807539073902212,0.9405065682878537,0.9239957764594833,0.8519509328812798,0.6926989061780735,0.7404172524417109,0.905337878806963,0.7847548348670996,0.8496940184182797,0.820768098387644,0.7797240962320702,0.9699573308710313,0.7780180004969556,0.8424013775161552,0.780166726720102,0.7446556560342468,0.7745954764775411,0.6279920232235823,0.7807238380901511,0.9598771203277989,0.9164145679718082,0.9892750111716385,0.8639401218208821,0.8236340386243195,0.7097931935054247,0.7922211515326463,0.957865763610997,0.9306920379174362,0.7208318168027488,0.5944558970747127,0.9764555864840361,0.7953965029329043,0.9653905787367578,0.802033577500258,0.7132869920925937,0.7321276196027987,0.7340414813592231,0.8110810637489303,0.9421240707427697,0.9838821454154525,0.7048687625129619,0.8567566494066683,0.8966526383968816,0.7515806422534027,0.7300746101648321,0.9719975115764716,0.8681902432648249,0.9421240707427696,0.7936479481077958,0.7763495185804199,0.740417252441711,0.7042343394632569,0.7393553623089126,0.9219223208046688,0.8838707840618651,0.97485899817387,0.8780124908814333,0.8420324262018789,0.7404172524417112
p152_T,0.9471182185614545,0.9889256283952581,0.7459090413645799,0.800875095664386,0.8152867967569697,0.9766480817697787,0.7320225574134753,0.7011202848654481,0.6672854148449586,0.8553425819761739,0.8228670521318442,0.893052274373392,0.8092990476011352,0.9211128761479768,0.9834870032835392,0.7303879169050447,0.9373315073338575,0.8615790756262803,0.9112990802027561,0.9633462031022335,0.9463216498772156,0.7150457493413598,0.8611334995416833,0.9103149333798706,0.7539022806283828,0.7508557165936522,0.7783792385791206,0.7906663368822671,0.9273449960602137,0.8311415261998816,0.8301071927096678,0.8660127357937746,0.8180232600309137,0.8788191269797553,0.8727492688184764,0.8769196838878992,0.7934200261883639,0.7681730410097551,0.8629791856785535,0.9052454861192003,0.786433282014328,0.8908313481221096,0.8629791856785535,0.7382993327112573,0.956700313496318,0.7980650640284745,0.7742042751539622,0.7715525389320448,0.6219038091010769,0.6539114135243742,0.8342889987034597,0.7996081078226478,0.7730003884001778,0.7835533163597337,0.9473369159557045,0.7221256015803839,0.8509140625515301,0.7250134267509767,0.5346188011871673,0.7889257573323303,0.675713472785893,0.8867898252460864,0.9723024346589076,0.9321287971179024,0.763352426272961,0.60307772823998,0.816749893303073,0.8699847558323497,0.949536191915265,0.9800578728324696,0.8904519136773295,0.6654948363346336,0.930211740879983,0.4717658288545906,0.7250134267509767,0.8147556335262469,0.7635143294893605,0.8723446941102064,0.7508893768812105,0.947572654169405,0.8307894540196186,0.9439481424521621,0.6842509421289797,0.7730003884001784,0.7250134267509767,0.955478249328725,0.9816229401553651,0.787623047836868,0.9857438147622564,0.716099334022744,0.7250134267509767,0.7932916370312411,0.8050053672675905,0.6889379663855882,0.8093661913172971,0.9883609696721003,0.8083259404726697,0.7303967588451126,0.5977574357761044,0.6689514467204334,0.8723788060467206,0.9502342892391771,0.7537446627817315,0.9421995099841785,0.670951797583432,0.7737814949433295,0.7950143077255871,0.5232223146506609,0.8896580528955148,0.5442223162937451,0.7074181087543032,0.8908313481221095,0.6974701397673111,0.6701398441045499,0.7435863378643113,0.5943540645276428,0.9605141371058517,0.8480451455932454,0.8339037580781801,0.5795014351348988,0.9032604600606362,0.8066497520652143,0.8727155027870834,0.9123815441553154,0.8283955190823629,0.5434003709692481,0.734167018102011,0.9663914087213865,0.893052274373392,0.9901666860459997,0.6668458768669645,0.7435863378643102,0.9753685787546496,0.8629791856785536,0.7253951489942085,0.9814055511826945,0.7081193270210723,0.8801973674837038,0.7850261562127574,0.7074023333848407,0.5898408986208303,0.7846453476036259,0.5395225463743802,0.5778282769654763,0.8692056173657501,0.7108596002574972,0.8011617119538794,0.6223966123763971,0.8550038640962333,0.6031653749067705,0.8926489687296868,0.7798248602814014,0.9670551463974049,0.9412912612180048,0.9436448416643344,0.7896173232458978,0.9308765820680467,0.9791929285892798,0.8614307403413146,0.6236213476808077,0.7287481397664561,0.9272939616022178,0.9439481424521621,0.8152789631530535,0.83520830503626,0.6799736659075966,0.9231922765071885,0.9652391407494048,0.8302187328486834,0.7016109694081297,0.9786889734490313,0.7160993340227435,0.8915090155061803,0.6826499435320315,0.873417899341672,0.6487121865933438,0.9855627308526734,0.9579094304641455,0.7627202034640761,0.9527853903359793,0.8787552226433735,0.7810021411373679,0.8723788060467208,0.9673590143395132,0.9776331208409292,0.7621284171584961,0.6068328096995228,0.8773977651671034,0.6824328473619528,0.9053785002635065,0.8306315975793841,0.8379743914201581,0.6582329616468381,0.4826070755227293,0.9012881456928284,0.7250134267509767,0.8510619252935179,0.843274706630657,0.9115736007555659,0.899163646806413,0.7802650019688061,0.8277703030524182,0.7250134267509767,0.755761846612041,0.7049867497425806,0.8553425819761741,0.7250134267509767,0.8193772246427387,0.6918329828093983,0.6331253392348235,0.8614307403413146,0.6057747127863523,0.7440170762801617,0.7250134267509767,0.9670551463974049,0.7250134267509767,0.8165501184495989,0.8177058147850107,0.7568041423559092,0.7250134267509767,0.5385281889821136,0.7250134267509767,0.5787382253348929,0.9249742849271624,0.8879365219544362,0.67824804670541,0.8354401497332642,0.5253942657401695,0.7345768080340038,0.697889622544261,0.8002684491786297,0.8037295897365633,0.7393847969138835,0.9085449411326725,0.9753685787546496,0.9354298283560886,0.8694874298482331,0.9982093700043444,0.9004938239267419,0.9350097066258591,0.8040683938016102,0.7977480447415815,0.7913973850331804,0.8578060722285478,0.7250134267509767,0.7816454622440524,0.7250134267509767,0.818151440601155,0.9537156084578947,0.9611839470647201,0.8827437019680537,0.5253942657401693,0.8510619252935181,0.7430997876628014,0.6588517029014223,0.8332850673518162,0.7733894101534822,0.6747555682714816,0.8277625400805725,0.8215004777568664,0.9921619569320705,0.6707022898871429,0.744017076280163,0.8740070788027338,0.8927627400677565,0.8629791856785535,0.7935962247965752,0.8967202241812298,0.748946109606671,0.7009672037278514,0.8161989257207765,0.8801973674837038,0.7685800067945494,0.8206794679071716,0.7966773394226228,0.7737814949433295,0.5826096988145524,0.7616136065793289,0.7353798725148986,0.9614171020815729,0.7737814949433295,0.9036249145398406,0.5249181056817755,0.8292870617137438,0.9096241048388698,0.9010732460673783,0.7742042751539617,0.8505533233451528,0.5353144361572891,0.7889257573323305,0.7435863378643106,0.9808522265288284,0.6411578146000909,0.9168039382229597,0.7015206381021535,0.8784792502474139,0.7303879169050449,0.8683286806414442,0.9800578728324696,0.7537446627817315,0.8834499725024216,0.9936784454743639,0.8484736303933889,0.492101641928248,0.778082486002697,0.8354401497332642,0.8767993777130122,0.9041006219987248,0.4902027796764643,0.706360415962542,0.7311051518068623,0.7395628724502448,0.8030816032874248,0.7514084786332591,0.8005684886192271,0.820646554645647,0.7184921078175186,0.8913437890181938,0.7732311662951257,0.7666565901375404,0.6523255658207523,0.8583804773702233,0.7250134267509767,0.8660127357937746,0.9982093700043444,0.8283955190823629,0.7737814949433295,0.9729090319639081,0.9394412720820942,0.7250134267509767,0.7539022806283828,0.8769196838878992,0.9387584497393702,0.7317724414938023,0.8683705142116662,0.8499055814552341,0.9929076841550353,0.6131292258734302,0.5728678857277001,0.9134206973272548,0.8180232600309139,0.6493921107442713,0.8277625400805725,0.8014969699297289,0.6198182838414039,0.837244924898587,0.7468188233703157,0.8339037580781801,0.5175921109107902,0.8892144018701658,0.5378319523029628,0.7518871937866645,0.744017076280163,0.9709984596798608,0.745640283937079,0.4854203735080517,0.5773358326170395,0.5991887967317635,0.7250134267509767,0.6169504924343825,0.9298392645063568,0.8213902328366292,0.8599095108579597,0.9646513828137266,0.5695345196543065,0.7250134267509767,0.7250134267509767,0.9924275405863157,0.7696988007900782,0.7582720244956722,0.7250134267509767,0.9273449960602137,0.7250134267509782,0.9211128761479767,0.7862441658683983,0.5814424862871074,0.8686696069047444,0.648066891129141,0.9456741896226332,0.5807518113110828,0.5611535097426712,0.7250134267509767,0.7301022546847666,0.8501250935822833,0.5205882627371995,0.5797165503791608,0.932238005697456,0.7064276044537063,0.7435863378643104,0.46899922902725666,0.7250134267509767,0.5224359853180343,0.9501577628523823,0.9126863309864424,0.8746031641238949,0.8526730342747173,0.5224842937384613,0.8697487224008299,0.7250134267509767,0.8653764607612358,0.7378201635534838,0.7250134267509767,0.9256764370183862,0.6871597583214755,0.6695376143982281,0.6033264980633404,0.4921016419282479,0.7250134267509767,0.7769536925317495,0.5983845928819396,0.9729090319639081,0.1972121615014053,0.0,0.7499671553351306,0.7195508893268997,0.6483333447531576,0.7742042751539622,0.975320428629076,0.6637986185258751,0.8823404080337957,0.6395792865405211,0.9384626540682226,0.6281280931273823,0.8611334995416833,0.7533024191224422,0.6955274882432101,0.7250134267509767,0.9112990802027563,0.9713674283868514,0.6583692963787389,0.8060506330304371,0.9673471562428746,0.7345768080340043,0.9371642116617263,0.9103149333798707,0.7345768080340043,0.9792223799547058,0.8399383708739914,0.9099539026069614,0.7742080464539924,0.8889232460595231,0.9855627308526734,0.5605268870903028,0.9286501757717069,0.8372449248985874,0.8844540533984582,0.69865031831086,0.8119829096373614,0.7846453476036268,0.9461939397796759,0.7150434801379618,0.7301148428090258,0.8164878362825245,0.8002684491786298,0.540984790827937,0.8277625400805722,0.7925617055576328,0.9354298283560882,0.9188614648183125,0.9644312903955696,0.8327977662233953,0.9792223799547058,0.7889700169868443,0.7076377225680865,0.555031436093943,0.81227119713458,0.9638235521263137,0.7885532843027225,0.7380737918066091,0.7782926726430478,0.875232717087961,0.7678512841145848,0.6047879936539033,0.9218223360885691,0.8145479003387588,0.9873364321836366,0.6908722567334351,0.5629382424166087,0.9808522265288283,0.939348578965012,0.6709051796030268,0.8216820154696536,0.9155736253021514,0.9112990802027563,0.7575948966147146,0.6854998106354823,0.8622543794341351,0.9986291929291062,0.8048712833715768,0.9108394625414014,0.9611839470647201,0.8824245419081025,0.9329501320167272,0.6794860393216102,0.8767913701401919,0.7719348185375803,0.7440170762801617,0.8016547247354935,0.7499671553351308,0.698903104201752,0.8358341366269482,0.7250134267509767,0.7633524262729616,0.7250134267509767,0.7250134267509767,0.5301504584096437,0.8611334995416842,0.8118922448201391,0.7250134267509767,0.6194244953943184,0.526891051202858,0.8031076677256472,0.9701140315441432,0.7450389130528225,0.6841612428734847,0.9574566750227976,0.9171194116296544,0.6266801078435495,0.9731996471406626,0.968122029981505,0.8622543794341355,0.776929282953134,0.8090033102378447,0.7477646825046655,0.6968152864778616,0.8956114535857881,0.8578060722285477,0.981661868101146,0.972909031963908,0.7131720373512385,0.7742042751539622,0.9616063155417331,0.9456741896226332,0.8615156540664264,0.7445307302578106,0.5023766436285938,0.6683648278840204,0.7104172686177292,0.9777362688255564,0.9243729732156419,0.8277625400805722,0.8119829096373627,0.8230465302315411,0.97919292858928,0.6979626383620156,0.7206903141286427,0.8801973674837034,0.8933671066897375,0.9903155969187696,0.8878995849925809,0.8707402185873243,0.9768055011456487,0.48361305069044513,0.7051034836603658,0.8339037580781801,0.5969281518897994,0.6134908777595584,0.9982093700043444,0.7071511082109341,0.9331543600073642,0.7149657294167242,0.8269250949316705,0.7250134267509767,0.7533024191224422,0.8095720510683434,0.8686696069047444,0.6903506217928232,0.8972056094746319,0.884980546877711,0.8093661913172967,0.6123773625886386,0.9777362688255564,0.4888057421365619,0.8553425819761742,0.6124268054064668,0.9712999780669318,0.6689932494981616,0.7617512826831674,0.8697487224008299,0.8475505380618021,0.7469899622295402,0.8040952978790998,0.6756434995709919,0.6234927283946384,0.5376802974768848,0.7114493553535638,0.7925617055576324,0.7198455545243279,0.7455587791785354,0.7684014291254329,0.9633462031022336,0.8014275694918631,0.9695679414662237,0.7656105198951668,0.8493824369368533,0.9124170399912764,0.744017076280163,0.7258928366895461,0.5970637548233397,0.9475726541694047,0.7081193270210722,0.8889984146598746,0.8981370062462659,0.7366908084658255,0.9358591659060121,0.8942016325499975,0.820226813646332,0.8421327640320343,0.9260606000577348,0.8060506330304364,0.9394412720820942,0.8167498933030726,0.900868817708962,0.7250134267509767,0.9665365589201924,0.7614149951507592,0.6226290457934547,0.880060262209182,0.7250134267509767,0.7113679032856957,0.6851042348653096,0.7104172686177288,0.6004787948584016,0.7865098601144036,0.888056828364564,0.7620513608013342,0.9125701001133992,0.9250454291054642,0.8557852834843178,0.7513074894775864,0.9107468542784789,0.7633524262729614,0.7949984459259416,0.8723788060467206,0.9885298361815205,0.821813569557682,0.985462286199813,0.884596798776188,0.843274706630657,0.9766480817697786,0.6824328473619541,0.7435903450755759,0.9589429769107362,0.7219869309334411,0.7379340818189266,0.9511833345378166,0.9876742129414895,0.8245027392526304,0.6633143767365868,0.5915408176897266,0.744017076280163,0.880197367483704,0.7253951489942079,0.744017076280163,0.716099334022744,0.7345700877701122,0.7250134267509767,0.983192358288774,0.7600128818071814,0.7250134267509767,0.8499055814552343,0.7223762406728025,0.8480451455932456,0.7742042751539622,0.8952216971545266,0.8526730342747173,0.716099334022744,0.7506653885136443,0.5521700605702744,0.7890581926066971,0.6310929953429181,0.7250134267509767,0.7600128818071807,0.9196163519495258,0.8270004396671673,0.6576168904931278,0.5742592618119633,0.9511833345378166,0.9991944455094001,0.8421327640320343,0.935009706625859,0.730139636196643,0.8112071348432381,0.8218135695576818,0.9102447174834452,0.964206928676214,0.8566985921534658,0.8476058731210254,0.9800578728324698,0.8180634316520854,0.7742042751539622,0.9350200113992122,0.6486212706440038,0.7250134267509767,0.9876742129414895,0.8127743165298571,0.8913437890181939,0.7843329912246721,0.7253951489942083,0.9792223799547058,0.5268115100012608,0.7345768080340043,0.6233040583071863,0.5621957372277674,0.7250134267509767,0.7250134267509767,0.7570271015909456,0.5353261607170579,0.9135381516383432,0.8337036845598024,0.5034962947773944,0.6536037062352853,0.6293221732047494,0.4828993891996598,0.7714600184986211,0.4702792050636392,0.7250134267509767,0.978283887137122,0.7533024191224422,0.8629791856785535,0.6894285644602194,0.7737814949433295,0.5400594168239727,0.7250134267509767,0.7250134267509767,0.4737275261982642,0.8112071348432379,0.4538429951406743,0.7635143294893609,0.6890319792156148,0.9188746565403372,0.9038945655367587,0.786433282014328,0.5529806067105747,0.8070621589639149,0.7250134267509767,0.672166354901399,0.5005123279779619,0.7934200261883639,0.9855627308526735,0.8454289128172987,0.860809390661033,0.8935889455014903,0.7452270246930419,0.8214354212503414,0.717141818930936,0.7250134267509767,0.5737834851300656,0.9554782493287253,0.7334667353288882,0.7573858696045939,0.8174133192813027,0.9889256283952581,0.6714875919948512,0.6001490022696818,0.9069743965231253,0.7769385651138856,0.5960997568954336,0.9638235521263137,0.9286501757717067,0.8985304531266376,0.8283955190823624,0.6082119386947122,0.8660127357937747,0.744017076280163,0.7237656812922779,0.7412558110398456,0.8031076677256461,0.9498303250956766,0.8629791856785536,0.9537156084578944,0.985462286199813,0.985462286199813,0.7611299585795408,0.8996169386666997,0.654650709817473,0.8152867967569696,0.8926489687296866,0.6665771691933589,0.9699084796966337,0.6322152455614187,0.8180232600309143,0.8372167898585541,0.9988327329821346,0.8702928773623604,0.9991944455094001,0.8681789555560109,0.7069995293047346,0.7381980399176397,0.6986503183108597,0.7250134267509767,0.7459090413645797,0.9876742129414895,0.7049867497425807,0.8553425819761739,0.9583730747979633,0.8065172917237612,0.681874975299475,0.7250134267509767,0.6880172792700994,0.5969281518897995,0.8065172917237606,0.49335532785176905,0.5610312780956312,0.5078972233266592,0.7850261562127576,0.7208283584999152,0.9549902612319296,0.9544445230512476,0.6626653640991826,0.8844540533984582,0.5057553639761516,0.9387584497393703,0.9077746072552326,0.9835945510277573,0.8931876096200049,0.9488365133527579,0.6222697651491691,0.9304723953115435,0.625260605771061,0.9261320789662508,0.744017076280163,0.6355089415102004,0.7179547004856797,0.6807526910521977,0.4712879800081935,0.4710699894728778,0.7250134267509767,0.6013480177677305,0.6075257748093368,0.840954355825583,0.7250134267509767,0.4831016006774318,0.8697487224008298,0.7737814949433295,0.697889622544261,0.744017076280163,0.8568692155478885,0.8172897320132295,0.9168152036493624,0.9797025235226746,0.8743899475779475,0.9077746072552331,0.5767309989398595,0.7250134267509767,0.925045429105464,0.7250134267509767,0.8480451455932456,0.716564778126316,0.6249129985320203,0.8629791856785535,0.7944355195863637,0.88640350956251,0.7059036727195551,0.6205184249390001,0.7250134267509767,0.6858942506216261,0.6402304905398413,0.726765731407824,0.8613639893691554,0.8779312750537871,0.9119211045740192,0.9436383408148024,0.8647826267537474,0.8690308077683597,0.6740127656254258,0.6072387067414384,0.8690308077683597,0.6205184249390001,0.7533024191224433,0.7303879169050449,0.8690308077683597,0.8629791856785535,0.8505401908888885,0.9103149333798706,0.715135549873011,0.8556880453098372,0.7429950062244693,0.9415261486075026,0.8276475976354674,0.6160486494052941,0.9989431773176689,0.7060721498297458,0.7460262960123398,0.995276756596932,0.848737029326631,0.8416004116811104,0.8008750956643864,0.820132621940806,0.6775817254888394,0.9215829798190971,0.9626636786855896,0.9052454861192005,0.8806884293366942,0.774204275153962,0.8269861630184221,0.982264339043214,0.9903511166197146,0.9673471562428748,0.8215852537182119,0.7533024191224422,0.7633524262729616,0.9240064003397497,0.7318778949922036,0.8251357181842924,0.7769292829531329,0.7996582257849203,0.9760505640537417,0.8014275694918631,0.7835908797342288,0.7250134267509778,0.7820442395168388,0.8989586134877932,0.7301592569407438,0.7048422525504887,0.9864523791204045,0.9611563325953092,0.8118922448201391,0.8970235120721091,0.7730003884001778,0.7253951489942085,0.830218732848683,0.9652391407494048,0.9648370664576842,0.7811797963694656,0.6744341261967572,0.9735702067551146,0.8277703030524182,0.9226332857172366,0.8990051028144241,0.774204275153962,0.7637935221451873,0.6484619788803492,0.7576916173639531,0.9885298361815205,0.9589335904954643,0.6002616215026081,0.870455895888057,0.9247981305781463,0.8161002319814938,0.6215649578087064,0.9668532842402291,0.8796696642919428,0.9885298361815205,0.6796151661196064,0.8040952978790998,0.7963197439933529,0.6263319107522556,0.7714600184986213,0.9711790504474236,0.8553425819761739,0.8730505402620751,0.8480451455932454,0.8894090450179615,0.7963197439933529
p153_I,0.8061372884934396,0.9280079835652402,0.8022815916598933,0.9141868065994085,0.9471856021934963,0.983902503224694,0.8344516702319891,0.8380137851239218,0.8668117312471917,0.9273099638694313,0.8901096639134576,0.8626012630123827,0.9430441133000049,0.886284874364049,0.913024941315271,0.8330597247692184,0.9172018029880304,0.8748055425712822,0.980621523520154,0.9774358012844695,0.7944694276080908,0.8874576548572417,0.9472238480293103,0.9102716897738725,0.8848500287036505,0.874805542571282,0.8983688348924412,0.6788736167489662,0.9273099638694315,0.8639639609505876,0.8915893040116913,0.9949291060968913,0.9315707757470981,0.8785995314863118,0.9328036494727321,0.9236430180495618,0.9102716897738725,0.9315707757470977,0.931147340525424,0.9027254843534638,0.816153991776837,0.7779195459429322,0.9105871713767656,0.6997716917492931,0.8983688348924415,0.9430417369362618,0.9134510531460025,0.8878245390380257,0.87237876929314,0.4060475233331491,0.9167305843279032,0.7808876343336109,0.874805542571282,0.9280079835652404,0.9315707757470977,0.9297539537367778,0.869981611029512,0.907182019415572,0.7666770810160941,0.9012376341940858,0.83343674109887,0.7363883652211711,0.6935344010859528,0.8853051607789586,0.920122827656545,0.630586519467278,0.9167305843279032,0.6581715539218356,0.7853229369870256,0.9236430180495621,0.8836891281120094,0.87237876929314,0.9871891849714203,0.5887296472894816,0.907182019415572,0.7925264018514979,0.8874576548572417,0.8901096639134574,0.5983802862394774,0.983902503224694,0.9245544567587658,0.9116474872122644,0.8652692287290058,0.8748055425712828,0.907182019415572,0.8761017783000717,0.8874576548572417,0.6808886381336023,0.873030972530288,0.9041731885624824,0.907182019415572,0.8242724495767533,0.7808458192012897,0.6996466410491027,0.894303008215138,0.7174216655692105,0.820092370428013,0.7944694276080908,0.8540990994674013,0.6108834719718829,0.8699816110295118,0.9560815611946234,0.9071820194155724,0.8167405509928947,0.8232864604180834,0.9236430180495616,0.8547555948174324,0.7663828589160415,0.7512080915307179,0.6890531235452116,0.7935527932460544,0.9399577791589848,0.8663081645472793,0.8345434795933917,0.9134510531460025,0.6231752479133474,0.92800798356524,0.9236430180495616,0.983902503224694,0.8788234258133696,0.8018524005638632,0.790586833838097,0.8848500287036507,0.9488661441906701,0.9056384037386231,0.706577134624825,0.9102716897738725,0.9269053524005311,0.9792140372249502,0.897236612208085,0.8116332171612279,0.9134510531460025,0.9167305843279032,0.9633423340760361,0.8983688348924415,0.7541029144049771,0.7473398605464764,0.9167305843279034,0.9167305843279032,0.9390736794276013,0.8337143321966501,0.9273099638694313,0.8252651245649245,0.8653636365238591,0.8159437393068667,0.9881260137273893,0.6646510956243066,0.7956452957320662,0.6420737897416808,0.6502528097731815,0.9273099638694313,0.6401591295431335,0.9796068256601095,0.824451778040175,0.960900739115506,0.9027254843534638,0.8081910116635524,0.9203312082606381,0.8629913662587156,0.8118232793036575,0.9079163378259324,0.9560815611946234,0.8797557950282509,0.6691351857005545,0.8576091094058842,0.8473098920648874,0.9385749506272927,0.839204381444211,0.894303008215138,0.5103170102949557,0.9141868065994085,0.9041731885624824,0.8998677823831447,0.8027053233019168,0.9772312316911791,0.8385728496239446,0.9236430180495618,0.9580883280230452,0.9355870190267443,0.8138801832529761,0.9651072597866006,0.901209645905488,0.8998677823831449,0.9430441133000051,0.7807354998404885,0.7704953578447549,0.7646599171157186,0.7118888896882923,0.8928095235358379,0.8606558839862049,0.9390736794276016,0.5578580275041539,0.6926957751731018,0.5756781860026787,0.8283274386785906,0.907182019415572,0.9102716897738725,0.9390736794276016,0.81816210455695,0.7715738356429975,0.7798921079197672,0.9041731885624826,0.907182019415572,0.7598301054834911,0.5928797194298823,0.9273099638694315,0.907182019415572,0.8031692392445238,0.9493264764640172,0.8444593143233716,0.9388589660384983,0.8262762309308546,0.9041731885624824,0.907182019415572,0.9985147828211844,0.9071820194155717,0.7510035696785462,0.7598809782022387,0.8436511096202786,0.907182019415572,0.7656210545202086,0.907182019415572,0.9589487426346119,0.8547555948174324,0.8736330304641178,0.7935527932460542,0.913451053146003,0.6286597399948389,0.9769097246611171,0.8822836759018073,0.7076345599008778,0.9249662444564586,0.9490762302424576,0.8785995314863113,0.9167305843279032,0.9072413322146768,0.8718336468098018,0.8948598124012334,0.9485085979047316,0.8711916800801187,0.9204488628961517,0.9540876754119362,0.8118232793036575,0.6447298230037255,0.907182019415572,0.8005470695958358,0.907182019415572,0.9127803475316408,0.8711916800801192,0.9065887965216868,0.8970614495800682,0.6114978262749691,0.9102716897738725,0.7445614497506294,0.8848500287036505,0.8263753778581191,0.924554456758766,0.7539514562934467,0.9134510531460025,0.7855344626580238,0.8054917561244828,0.4958399136065321,0.9041731885624822,0.9880738944070537,0.7942809482758868,0.931147340525424,0.8199242544162708,0.6404449656833158,0.9086108152814203,0.9425365758138311,0.7915437648383319,0.9507589513092889,0.7393727551561511,0.6110725569099904,0.6677017974904949,0.9236430180495616,0.54652459163379,0.8687762325700643,0.8797557950282509,0.8756654948384953,0.9236430180495616,0.8972571611021793,0.5356054518943655,0.920122827656545,0.8141532085971916,0.886284874364049,0.9134510531460027,0.8516848931219239,0.5363285910927426,0.9012376341940858,0.9134510531460025,0.9134510531460027,0.6491585693067975,0.9236430180495621,0.6083096711309199,0.8504497685618017,0.7905868338380972,0.8443792983848678,0.9806215235201541,0.9071820194155724,0.9330721994137876,0.901237634194086,0.9167305843279034,0.5999087296113537,0.9285789674408109,0.9134510531460027,0.87237876929314,0.9421050007412697,0.6974650164575209,0.7437971724319774,0.9365058003465743,0.9137149305654864,0.914641566729186,0.9761557054365191,0.8276180550491858,0.9774358012844695,0.7479833836537157,0.9774358012844695,0.9862580849438625,0.9204488628961518,0.8345434795933919,0.8307658985622732,0.907182019415572,0.9609007391155058,0.8457801448839237,0.9056384037386234,0.9236430180495616,0.9421722554388531,0.9819150380375274,0.907182019415572,0.8848500287036505,0.9236430180495621,0.931147340525424,0.8616718414483746,0.9068421639622342,0.8797557950282509,0.9065887965216862,0.6763408234299062,0.7052006158312485,0.8848500287036507,0.8163616366631179,0.7276601851075439,0.9586574227081355,0.9055141698506994,0.7955763542853918,0.9632064435946428,0.7878564872950742,0.931147340525424,0.6212037016405554,0.8516848931219234,0.5990541426110156,0.8983688348924415,0.9041731885624824,0.8836891281120094,0.7905868338380968,0.553695937064034,0.5333561127462865,0.6863607196674204,0.907182019415572,0.6844737020146706,0.8761017783000715,0.8811280236189603,0.8761017783000717,0.9724383613004927,0.602264519707464,0.907182019415572,0.907182019415572,0.87237876929314,0.8430460617284963,0.780735499840489,0.9071820194155717,0.9273099638694315,0.9071820194155724,0.8583829421286899,0.8121593651564607,0.7820965871291157,0.9471856021934963,0.8606558839862049,0.8874576548572417,0.6934660349708073,0.6495837911359856,0.907182019415572,0.7828580332522708,0.8473098920648874,0.601571977610954,0.5965212011343108,0.8606558839862051,0.7815404930405789,0.9134510531460025,0.5620797246595559,0.907182019415572,0.6468893335055461,0.9056384037386231,0.8756616879684627,0.9035900567242834,0.9515217879472728,0.7093249576342471,0.8955611203771285,0.907182019415572,0.851287830700561,0.9582583693734581,0.907182019415572,0.888917466339493,0.8750801383550257,0.9487596436531955,0.6799643034983176,0.5479888875444527,0.907182019415572,0.8711419078291687,0.6770795110829106,0.920122827656545,0.8224581163001949,0.7499671553351306,0.0,0.8324605212725524,0.8101720865063555,0.9134510531460025,0.9569952737155706,0.6522752817100671,0.914753761965559,0.7443307443432919,0.7895378770708485,0.7636614027202093,0.9472238480293105,0.9167305843279032,0.9056384037386234,0.907182019415572,0.971510747264704,0.9371612421327014,0.6608946283143026,0.9245544567587658,0.897061449580068,0.9012376341940858,0.9882096411395296,0.9659780157059267,0.9012376341940858,0.924554456758766,0.9071820194155724,0.8928095235358378,0.7996014998326035,0.8242345650097707,0.9327537943050115,0.7645101066129144,0.9724383613004925,0.7552058761701368,0.9878359798431867,0.9995297939640735,0.8874576548572417,0.9774358012844695,0.755099707176917,0.652550478349736,0.8462633074936132,0.8772638514038553,0.8874576548572419,0.8222019591825744,0.9134510531460027,0.8253394465054231,0.816153991776837,0.8984297586183846,0.9435391793962782,0.8853051607789586,0.9934440424493824,0.9202277241011807,0.7438124218138575,0.8149655677415086,0.8981544403832133,0.9540876754119362,0.8327567052705771,0.8221782642240061,0.9978926033054862,0.6099771300275327,0.9472238480293105,0.7017810438519669,0.9721111647053092,0.7290298754343202,0.8013272831316138,0.8451467479521528,0.8467336776804282,0.9134510531460027,0.9747769369949977,0.7809158084928791,0.9293273608862835,0.8392043814442107,0.8370183358747282,0.9525294575286438,0.911837255420927,0.9880738944070537,0.9526024456618087,0.9352547073163469,0.8983688348924415,0.7740783321588789,0.9236430180495616,0.8915893040116913,0.6989741900926052,0.8408651185851412,0.9041731885624826,0.9041731885624826,0.987134075366704,0.8041077738515907,0.8983688348924415,0.7855344626580237,0.907182019415572,0.9201228276565452,0.907182019415572,0.907182019415572,0.5054701007177782,0.8822836759018076,0.8785995314863113,0.907182019415572,0.8087897070359116,0.7355797068382057,0.8711916800801188,0.9745802710828477,0.782858033252271,0.7146236865988802,0.8242345650097707,0.8477034409985347,0.6928055079401061,0.9315707757470979,0.7803979701189365,0.9660244666247455,0.9559401521793895,0.7706732798097142,0.8850670398547349,0.862950883922202,0.8163616366631179,0.9390736794276016,0.9499721772554895,0.920122827656545,0.8553107642121001,0.9134510531460025,0.9574869735191016,0.9438307679586415,0.9660013292083209,0.8822836759018073,0.7023082576080031,0.9171790486927811,0.99744534878986,0.9228958077156838,0.9010359947499024,0.9160269146595146,0.9211999702940652,0.9102716897738727,0.7961164254412033,0.9198920660935527,0.7256388066446304,0.960900739115506,0.8145713346772083,0.9721405797402527,0.8368143194923116,0.7983669324899143,0.9430441133000049,0.670214619334194,0.8652692287290058,0.931147340525424,0.6625702921816665,0.7276382264278975,0.8005470695958359,0.6754579447755789,0.8874576548572417,0.7797408716136638,0.6717485974843179,0.907182019415572,0.9167305843279032,0.9789255840610396,0.9071820194155724,0.8232723532225699,0.9438307679586415,0.7204019134707567,0.9814043466735347,0.7093249576342471,0.8822836759018076,0.5422037725136746,0.9273099638694315,0.6400193034008557,0.9934440424493824,0.42226825662132905,0.9012376341940858,0.9604002581429945,0.7956280315721895,0.8451467479521528,0.9116474872122644,0.8910380624415605,0.8672712896333603,0.6713319730166538,0.6692145332218984,0.8516848931219234,0.941767757727136,0.7656210545202085,0.30653493348260774,0.9273099638694315,0.9841069050033684,0.9247279175325267,0.9230830238183765,0.989172555206631,0.9744610682871779,0.9041731885624822,0.644609851505394,0.7276601851075439,0.983902503224694,0.47962339167956847,0.9586574227081353,0.9027145695931778,0.8473098920648874,0.8772638514038558,0.8435746106182995,0.8915893040116913,0.9497218441301531,0.8141532085971916,0.8901096639134569,0.9041731885624824,0.9167305843279032,0.9311473405254242,0.907182019415572,0.8516848931219236,0.7735731273643525,0.5710632830353255,0.853898525915068,0.9071820194155717,0.8560974764561318,0.6968873901953963,0.5676800252097323,0.8583829421286899,0.8242345650097702,0.8242724495767533,0.6764232845049761,0.9696319029063796,0.8676123050779094,0.8524871401230574,0.7325475447886358,0.8877471404310473,0.9201228276565452,0.8457801448839237,0.8699816110295118,0.9987120692432441,0.8451467479521528,0.9311473405254238,0.7495488163940299,0.9390736794276016,0.931147340525424,0.8928095235358375,0.8998677823831449,0.9071820194155724,0.766191743214097,0.7886504630631692,0.6934151482293025,0.9471856021934963,0.9549422857308885,0.616377224121953,0.5479888875444529,0.9041731885624824,0.9167305843279034,0.8983688348924412,0.9041731885624824,0.9041731885624824,0.8516848931219236,0.907182019415572,0.8983688348924412,0.8303886925795053,0.907182019415572,0.9116474872122644,0.8003219721549923,0.9715107472647038,0.9134510531460025,0.920122827656545,0.9102716897738725,0.9041731885624824,0.6446098515053937,0.498278396821199,0.5981949470781702,0.7258992487412965,0.907182019415572,0.8547555948174324,0.9134510531460027,0.8797557950282509,0.6192541887640104,0.8816232583814045,0.9715107472647038,0.9102716897738725,0.7842937169639572,0.9204488628961521,0.8848500287036507,0.9071820194155724,0.8451467479521528,0.8836891281120094,0.8915893040116913,0.804913566821395,0.9589992496040742,0.9806215235201541,0.87237876929314,0.9134510531460025,0.8303886925795054,0.722618135556427,0.907182019415572,0.9071820194155724,0.8265913137152634,0.9273099638694315,0.7396796700358768,0.8983688348924415,0.8901096639134574,0.4890020793962624,0.9012376341940858,0.5729956790046371,0.5862325407240839,0.907182019415572,0.907182019415572,0.8945537204153511,0.7272051730260076,0.8457801448839235,0.6799214236540709,0.7493805347674771,0.7674678682943339,0.7256388066446304,0.5536873580591479,0.8772638514038551,0.5212226693434321,0.907182019415572,0.8181621045569498,0.9167305843279032,0.931147340525424,0.7093249576342469,0.9236430180495616,0.6648675036541283,0.907182019415572,0.907182019415572,0.6065634526120472,0.9071820194155724,0.5914088435780824,0.8874576548572417,0.7576706348423714,0.816153991776837,0.8970614495800682,0.8392043814442107,0.493266150633202,0.7457203241023502,0.9071820194155717,0.8451467479521528,0.5437663427717531,0.9102716897738725,0.9806215235201543,0.9420028716618458,0.7712735926854342,0.8616718414483748,0.8494889870069657,0.9515217879472728,0.7425574095970386,0.907182019415572,0.5354635118725593,0.8494889870069655,0.9775067194484539,0.8075764590608756,0.7540809830620379,0.9984049036240452,0.5986980934502746,0.8080836985441047,0.7126640605978498,0.799262761775636,0.7695891768956182,0.8983688348924412,0.9273099638694315,0.9742054644591543,0.8748055425712828,0.5212226693434321,0.9167305843279032,0.9041731885624824,0.9018378808896543,0.5621811332514608,0.9753714085919836,0.9663639282442746,0.983902503224694,0.8711916800801189,0.7523216832789561,0.983902503224694,0.8222019591825744,0.9628165167306366,0.806149152994816,0.6927821528051884,0.9273099638694313,0.921199970294065,0.8426038216481714,0.7651205140842698,0.8955611203771292,0.8237303382748604,0.9297539537367778,0.9265234880779412,0.9102716897738727,0.8858000064237586,0.8494889870069653,0.8987809414741523,0.8967114074414599,0.907182019415572,0.8242724495767533,0.7727893183610363,0.7304919868475066,0.9273099638694313,0.8092665098204974,0.8797557950282511,0.9258533885345157,0.907182019415572,0.5595393807161655,0.6625702921816663,0.9116474872122646,0.5392776600877212,0.49995275492794433,0.5386816642147907,0.9609007391155058,0.742696011580323,0.9196084313474926,0.9383536839530279,0.6559068674297326,0.9147537619655588,0.731692912121167,0.931147340525424,0.8822836759018076,0.9071820194155724,0.9341101219468473,0.9330721994137874,0.6961122030773039,0.8929365162866227,0.6713319730166536,0.972807232250656,0.9041731885624824,0.7226181355564268,0.746403954952755,0.8327414253592278,0.6358932984725738,0.6423199126138688,0.907182019415572,0.595537390090122,0.7502446952852513,0.8862848743640492,0.907182019415572,0.5292429714170618,0.9315707757470979,0.9236430180495616,0.914753761965559,0.9430441133000049,0.7377195108893599,0.9673041260733038,0.9151421693469972,0.9297539537367778,0.8816232583814045,0.9796939340930619,0.675663566574062,0.907182019415572,0.8673453944026633,0.907182019415572,0.9236430180495616,0.785221310371228,0.8733944802890482,0.931147340525424,0.6121227405206136,0.7597465515635347,0.9341297375612823,0.8583829421286899,0.907182019415572,0.8228662310133217,0.833718403737426,0.8202534856893522,0.8915893040116913,0.8451467479521528,0.9167305843279034,0.8629508839222022,0.7719435454210501,0.9526024456618092,0.8859439332406435,0.642319912613869,0.9526024456618092,0.8583829421286899,0.9167305843279032,0.7905868338380972,0.9526024456618092,0.931147340525424,0.9364712649059637,0.8834778193591263,0.8118232793036575,0.9041731885624824,0.7154203807144739,0.8797557950282509,0.911837255420927,0.8451467479521528,0.9553658937794353,0.9765588403582135,0.8545007951639466,0.9819150380375274,0.8874576548572417,0.8730782055344095,0.8583829421286899,0.8201779527396988,0.9826485279774786,0.8579857838141747,0.8324605212725527,0.9634189144741114,0.9102716897738727,0.9134510531460027,0.9371612421327011,0.9398461523275452,0.7789979608961878,0.8676123050779097,0.8878245390380255,0.9167305843279032,0.9201228276565452,0.9689262800298191,0.894303008215138,0.8733884392963867,0.7779319348895513,0.862950883922202,0.7818092756198065,0.9510212795701292,0.8606558839862049,0.9071820194155724,0.9554317145017996,0.797581375305207,0.8408651185851412,0.9960714034935143,0.9961263763179652,0.920122827656545,0.8785995314863113,0.9627597460625127,0.874805542571282,0.9721405797402527,0.8652692287290058,0.95445632978108,0.97497801574447,0.9394293086109791,0.8901096639134576,0.8994118328235522,0.9041731885624824,0.7930647433819981,0.9573558751324338,0.9134510531460027,0.9102716897738725,0.9633566530633242,0.9854088830865437,0.9134510531460025,0.842569514871952,0.669214533221898,0.9294161150226032,0.901237634194086,0.901237634194086,0.7332981321214935,0.9116474872122644,0.8222019591825744,0.9134510531460027,0.8756616879684627,0.9116474872122646,0.9201228276565452,0.8195560819557421,0.9399577791589846,0.9102716897738727,0.9273099638694313,0.9121029296440538,0.9236430180495616,0.8568480048981271,0.9201228276565452
p153_N,0.8035379885286269,0.8941188719993174,0.8046967529941975,0.8882603289449447,0.989027157583928,0.9319883865480127,0.8327235649496998,0.771097133040801,0.31052404650154697,0.9281978840490723,0.8914519915852104,0.9837698257153862,0.9837698257153862,0.8601128166776513,0.9901577965571697,0.8574149252761278,0.8996102754967263,0.8763348124829184,0.9788461913526098,0.9281978840490726,0.8403066532658041,0.9228716770826353,0.8837215992432155,0.9113677351409675,0.8862566036435153,0.28385076438625845,0.8996102754967263,0.9118315708484299,0.9281978840490726,0.7675296067948014,0.3553320161955047,0.9177477332861093,0.8968368576541013,0.41341214004249893,0.989027157583928,0.9245757305468909,0.9113677351409675,0.896836857654101,0.9319883865480127,0.8739376826205691,0.8183996995703315,0.910385958188578,0.9319883865480127,0.9715329466848632,0.974031325464439,0.7246446620467375,0.9575139843524121,0.4300106228465218,0.8739376826205691,0.9512747218348597,0.9177477332861093,0.728498581070073,0.28385076438625845,0.9296271327573986,0.9331634535227102,0.8715698060206929,0.8715698060206927,0.908315805590151,0.7195682569923992,0.9024440319654483,0.41403288778094194,0.637395419095727,0.9074390503766527,0.8183996995703318,0.9210985398310307,0.620592730044506,0.9177477332861093,0.8544354240446732,0.7921693449287015,0.9245757305468907,0.8578882454691334,0.8739376826205694,0.9890271575839276,0.5784538419867717,0.908315805590151,0.7950607243576502,0.8888323772351048,0.8914519915852104,0.5524073150147388,0.9319883865480127,0.8914519915852104,0.8812245968305712,0.8669149862082737,0.9385432882703868,0.908315805590151,0.8513275026111498,0.9909502767776959,0.7929947984479271,0.9667395814257378,0.9053437280773233,0.908315805590151,0.8046967529941971,0.7312889707786334,0.539299887137181,0.8669149862082737,0.8672336638266789,0.8008299119992872,0.7969800157502145,0.5086861038960556,0.511880101093981,0.8715698060206925,0.914508262091398,0.9083158055901508,0.8013839333193027,0.7665483157130145,0.9245757305468909,0.8324605212725527,0.5476397388560741,0.8862566036435151,0.48204453791367696,0.7760153465387931,0.8787630926879588,0.5248372088763558,0.8365645569121365,0.9145082620913982,0.5768879244152635,0.8941188719993174,0.9245757305468909,0.9319883865480127,0.41163252188544697,0.9200433584481955,0.7931448484714048,0.8862566036435151,0.9224059250470904,0.8763348124829184,0.6598639857915176,0.9113677351409675,0.8076603894101946,0.9053437280773231,0.9258608077723745,0.4816008879794115,0.914508262091398,0.9177477332861093,0.9852078760340834,0.8996102754967266,0.7393282012161824,0.8232570376033583,0.9177477332861095,0.9177477332861093,0.9024440319654485,0.752312306055102,0.9281978840490723,0.5491774293022447,0.7885736292223806,0.7969800157502145,0.4037455821262327,0.9477981298408539,0.4931020419049148,0.9657791214744029,0.6378951319418968,0.9281978840490723,0.8771074251955765,0.7590635423320593,0.7529313708717649,0.962306653551736,0.3301031806462067,0.8331496573867032,0.8449165396552607,0.9519630836665909,0.793144848471405,0.7568343697870101,0.9575139843524121,0.8812245968305712,0.9554295970305609,0.8144538679399587,0.8491750256551862,0.727069858298268,0.8183996995703318,0.9547829507662422,0.9081959994822846,0.8882603289449447,0.9053437280773233,0.46514744748475856,0.8070337959743416,0.6950427592724484,0.9452176220266053,0.9728647695971406,0.8467481159195445,0.9106214968605921,0.8166024519656596,0.9553262295863926,0.569237692184307,0.9620174532699495,0.9770171254655825,0.7151002604461738,0.7551291878079858,0.45002196309497156,0.9167848454135985,0.9651353935154798,0.8623579941942761,0.9787821535244003,0.8983060995155132,0.7324189654618372,0.633281663230571,0.8547967899854267,0.908315805590151,0.9113677351409675,0.9830487856961238,0.9687900030637342,0.7940568396702152,0.5741397283888596,0.9378040766465513,0.908315805590151,0.7627638183722891,0.5812228628857475,0.9281978840490726,0.908315805590151,0.6489862551249923,0.3384624967612052,0.3863536265380427,0.5310186495632379,0.828398293987237,0.9053437280773231,0.908315805590151,0.8162866713596286,0.9083158055901509,0.548063601665357,0.7273710645744735,0.7031672582446703,0.908315805590151,0.7882741497313805,0.908315805590151,0.7071307263199056,0.5038425277579446,0.8491750256551862,0.776015346538792,0.914508262091398,0.599291162938397,0.9024440319654483,0.8837215992432155,0.8888323772351054,0.830424445910972,0.5759056978042321,0.8534965853888821,0.9177477332861095,0.8881595054994074,0.9350530374146737,0.8243737901066766,0.8832285260719559,0.6012041737134998,0.4172849998468917,0.8996102754967263,0.7931448484714048,0.9024440319654485,0.908315805590151,0.9377691089330529,0.908315805590151,0.6735612091207588,0.8470383046866872,0.9177477332861093,0.9880628110646263,0.599291162938397,0.9113677351409675,0.7910222874787188,0.8862566036435153,0.8066372587257484,0.8914519915852102,0.5138212218313134,0.9145082620913982,0.7885736292223806,0.6879697117119707,0.9850724936580617,0.9053437280773233,0.9399845276374329,0.8709319495356762,0.9319883865480127,0.7033039501009766,0.825942693440507,0.878763092687959,0.45150363227331314,0.7945149751124352,0.9931344261826376,0.955605577468674,0.9823284446291876,0.6043124458463616,0.9245757305468909,0.48204453791367696,0.45296548410313353,0.881224596830571,0.9403874299620978,0.9245757305468909,0.9962413676564397,0.5772794900604659,0.9210985398310307,0.8395099326667375,0.860112816677651,0.914508262091398,0.8534965853888823,0.5423574142748102,0.9024440319654485,0.9145082620913982,0.9145082620913978,0.6363869054235554,0.9245757305468907,0.66680641167123,0.5963487974842036,0.7931448484714048,0.8483767895155874,0.9245757305468907,0.908315805590151,0.8739376826205691,0.9024440319654485,0.9177477332861093,0.5538740019934707,0.9065377269767175,0.914508262091398,0.8739376826205696,0.9914960386805578,0.666586650662315,0.9366517570269985,0.8891463858106634,0.7456642284961941,0.8682904357199486,0.75149525320206,0.7703333732535169,0.9281978840490726,0.5742473311625278,0.9281978840490726,0.9621027001397895,0.8733124723819163,0.8365645569121365,0.9564745711255596,0.908315805590151,0.5475452235263745,0.8243737901066761,0.8763348124829184,0.9245757305468909,0.921098539831031,0.9053437280773231,0.908315805590151,0.8862566036435153,0.9788461913526098,0.9319883865480127,0.8638876671162126,0.6988941521173632,0.881224596830571,0.962306653551736,0.703303950100977,0.6912031960493872,0.9196334336027319,0.6672439919225887,0.7497446740337976,0.9145082620913982,0.46771519741795264,0.7482273645876523,0.5732572166294709,0.7320479186727255,0.9319883865480127,0.6088673254768995,0.8534965853888821,0.6043124458463621,0.8996102754967266,0.9053437280773233,0.8578882454691334,0.793144848471405,0.5248372088763558,0.5394216006387064,0.6728375842128376,0.908315805590151,0.46752770289194046,0.9587156021980774,0.8556831783106496,0.9587156021980772,0.9787649061336621,0.7041310630445539,0.908315805590151,0.908315805590151,0.9657791214744025,0.9222809435756023,0.7457021111721929,0.9083158055901509,0.9281978840490726,0.908315805590151,0.8601128166776513,0.8144538679399584,0.5638699294374727,0.9083158055901508,0.8623579941942756,0.8888323772351048,0.697210395378139,0.6538641800267646,0.908315805590151,0.7855104563956021,0.8491750256551862,0.5894877980508269,0.6364402082190987,0.9193786499160466,0.7846250297236197,0.9145082620913982,0.5503937717637184,0.908315805590151,0.634156728692346,0.8763348124829182,0.5225296788813036,0.7832353913204386,0.994594060441222,0.6952137930571682,0.8968368576541013,0.908315805590151,0.9035627995679736,0.5831365389877881,0.908315805590151,0.9763993056378171,0.6400647854005725,0.7149464062216133,0.6665866506623148,0.5364150630788145,0.908315805590151,0.6883847942965722,0.4779614039670227,0.9210985398310307,0.788890150036726,0.7195508893268997,0.8324605212725524,0.0,0.8124908642099107,0.9145082620913982,0.978029391043034,0.36481189893003463,0.8837215992432155,0.49067173334933933,0.8331420171794732,0.7665483157130142,0.9819892179253322,0.9177477332861093,0.8763348124829182,0.908315805590151,0.9245757305468907,0.8223745072196014,0.6507265665348678,0.9348082077122009,0.869229441512487,0.9024440319654485,0.7234877407867077,0.994594060441222,0.9024440319654485,0.8914519915852102,0.9083158055901508,0.8941188719993174,0.7817073781194881,0.8263815673352461,0.9245757305468907,0.4589664230236252,0.9201010496971588,0.8941188719993172,0.8837215992432155,0.5915893216489693,0.8888323772351046,0.9281978840490726,0.7083361794918628,0.7790574577948832,0.8046967529941975,0.910385958188578,0.8888323772351057,0.8243737901066761,0.914508262091398,0.8534965853888823,0.8416529682133569,0.9751300446262703,0.9455693733429784,0.6235218529970628,0.9609479118662456,0.3264415338452087,0.7293721210014907,0.6661090715704521,0.8525685768341411,0.8996102754967263,0.6478128177428781,0.8468583928372655,0.8601128166776513,0.8812245968305714,0.8837215992432159,0.6707616557508174,0.9609479118662456,0.7511899286513242,0.9777417615991826,0.847038304686687,0.6969120067076575,0.914508262091398,0.8877390640799854,0.6790210620662585,0.9050215524046135,0.9025610767133653,0.9245757305468909,0.765820090431327,0.5519553170096829,0.9210985398310307,0.8491750256551862,0.8996102754967263,0.8996102754967268,0.9623066535517357,0.9245757305468909,0.8646249603464986,0.6851414951595661,0.8428089760931947,0.9053437280773233,0.9053437280773233,0.5524073150147386,0.8324605212725533,0.9368208004805829,0.7684406807967787,0.908315805590151,0.9210985398310312,0.908315805590151,0.908315805590151,0.5118801010939809,0.8837215992432159,0.8534965853888818,0.908315805590151,0.5715722903781455,0.4897218238013803,0.9784091431628329,0.7531602636842156,0.7855104563956021,0.667056712431481,0.8263815673352461,0.8243737901066763,0.4456171836070254,0.8968368576541013,0.7950607243576517,0.9210985398310314,0.2895677006934315,0.6562513409256161,0.45888702762449973,0.8646249603464986,0.896836857654101,0.9024440319654485,0.7671868883493206,0.921098539831031,0.8580268318889419,0.9145082620913982,0.8672336638266782,0.9569109769301656,0.8787630926879586,0.8837215992432155,0.5069169100528272,0.8623579941942758,0.3409158555575792,0.9852549091806292,0.883152337585621,0.7844516820815028,0.9909502767776956,0.9529808977910947,0.8449165396552598,0.43534945999429375,0.7110385499927911,0.9177477332861095,0.741895509712788,0.8996102754967268,0.6018104841674501,0.8008299119992872,0.9053437280773231,0.606799498757309,0.8669149862082737,0.9319883865480125,0.6495528642445088,0.47756462781946885,0.8957309203947574,0.6452038871546917,0.8888323772351052,0.9799487325991088,0.9384606111299847,0.908315805590151,0.9177477332861093,0.5135092316877894,0.9706171664191837,0.7495016703737525,0.8728925238321826,0.9830487856961236,0.8669149862082735,0.6952137930571682,0.9164774721372542,0.5481601624110979,0.9281978840490726,0.6274007468567884,0.9261999517257278,0.8660129869344678,0.9024440319654485,0.9694900493913194,0.8759964096372579,0.8733124723819161,0.881224596830571,0.6906935847526403,0.5901101586735722,0.6581393000030438,0.9343576109128605,0.8806481140766085,0.5111322970705989,0.7495016703737525,0.8935154426967944,0.9281978840490726,0.8862566036435151,0.9529808977910952,0.7456642284961945,0.8426262685489437,0.6129372960680382,0.9053437280773233,0.6493134492877671,0.7129946683129407,0.9319883865480127,0.9063563565710973,0.8274574043425168,0.8513275026111498,0.902284670876605,0.8787630926879593,0.9167848454135987,0.8646249603464984,0.9863870935211652,0.8856830854588367,0.8914519915852104,0.9770171254655826,0.9177477332861093,0.9319883865480127,0.908315805590151,0.9077996427643358,0.7767486276134201,0.6124382358686281,0.8556831783106496,0.9083158055901509,0.5324108168759065,0.6831080877184383,0.9989691455678478,0.8601128166776513,0.8263815673352466,0.8046967529941971,0.5011723675630553,0.8042477567098267,0.8692294415124873,0.9766585103576975,0.5176876081699151,0.8027610705485613,0.9210985398310312,0.8243737901066759,0.8715698060206927,0.914508262091398,0.847038304686687,0.9319883865480127,0.8931038193832332,0.9024440319654483,0.9319883865480127,0.8941188719993176,0.8715698060206925,0.908315805590151,0.7517813621227047,0.7912321307688623,0.9788461913526098,0.9706171664191839,0.8888323772351052,0.6041066231094765,0.5364150630788146,0.9053437280773233,0.9177477332861093,0.8996102754967266,0.9053437280773233,0.9053437280773233,0.9349511714520626,0.908315805590151,0.9740313254644388,0.8816232583814052,0.908315805590151,0.8812245968305712,0.802761070548561,0.9245757305468909,0.9145082620913982,0.9399845276374331,0.9637927769086504,0.9053437280773233,0.649313449287767,0.5076061249092582,0.9852549091806291,0.5152552115490519,0.908315805590151,0.8324605212725524,0.914508262091398,0.8812245968305714,0.5732197648582267,0.8345070422535215,0.9245757305468909,0.9113677351409675,0.9530102635619488,0.8733124723819163,0.9196334336027319,0.9083158055901508,0.8470383046866876,0.8856890674252309,0.9224059250470908,0.5957818703218511,0.8914519915852102,0.9245757305468909,0.8739376826205691,0.9575139843524121,0.8324605212725524,0.4746845639543692,0.908315805590151,0.9486714815870394,0.7874151753009924,0.9281978840490726,0.7071125695676159,0.8996102754967266,0.9261999517257278,0.5491774293022442,0.9024440319654485,0.6306550161287874,0.5916477915729008,0.908315805590151,0.908315805590151,0.8969252786361204,0.7312889707786335,0.8481595002027025,0.7195682569923989,0.4815147687488509,0.7018961431053714,0.7110385499927911,0.5595023122553147,0.8787630926879586,0.5802759227341616,0.908315805590151,0.9140840447151317,0.9177477332861093,0.9319883865480127,0.6952137930571682,0.9245757305468909,0.5111322970705989,0.908315805590151,0.908315805590151,0.5944189202910407,0.908315805590151,0.5967606935001749,0.8888323772351052,0.741895509712788,0.8183996995703318,0.9583544686765917,0.8416529682133569,0.5731555693038685,0.7304207083460024,0.9083158055901509,0.847038304686687,0.5150458755894378,0.9113677351409675,0.9245757305468909,0.945852817613708,0.8292368364038367,0.8386336412280218,0.8513275026111498,0.952980897791095,0.7457021111721931,0.908315805590151,0.4888955760674014,0.8513275026111498,0.4840022411389113,0.7703333732535167,0.7570849223819256,0.9283398242102774,0.9057285946968182,0.7361695997762767,0.9674041840082093,0.5013112787922034,0.567740245905812,0.9887581495517047,0.9281978840490726,0.8865595729167085,0.9074390503766527,0.527437939883632,0.9177477332861093,0.9053437280773233,0.4250297234996867,0.9921666690197017,0.8733124723819159,0.9134898893813284,0.9852078760340832,0.8733124723819159,0.9319883865480127,0.9319883865480127,0.8481595002027029,0.9245635474895797,0.4589336529255913,0.9890271575839278,0.9281978840490726,0.8888323772351052,0.9750104233747741,0.733352969893045,0.9694900493913197,0.7809518813704253,0.931868237520197,0.5623200429248069,0.9113677351409675,0.6166107221020538,0.8781745275078818,0.5167550039257913,0.5741439823104502,0.908315805590151,0.8046967529941973,0.9486714815870392,0.6679875301271201,0.9281978840490723,0.9103859581885778,0.34663808502054494,0.797212295017105,0.908315805590151,0.5481601624110981,0.667056712431481,0.8812245968305714,0.5452701191547453,0.5247188824351495,0.5450506008338085,0.9177477332861093,0.537809688131932,0.9804958533698622,0.825331690146311,0.660473746847007,0.8837215992432153,0.7168939142837176,0.9319883865480125,0.8837215992432155,0.908315805590151,0.8395099326667372,0.8739376826205691,0.4677297228698043,0.8243737901066763,0.6757128194469002,0.9706171664191836,0.9053437280773233,0.5483544757565526,0.7495016703737527,0.8124908642099107,0.6067994987573089,0.6296638553815015,0.908315805590151,0.5838547766376223,0.7532954954613607,0.8601128166776513,0.908315805590151,0.5372850386505239,0.896836857654101,0.9245757305468909,0.8837215992432159,0.9053437280773233,0.7599089755509361,0.9681439980484114,0.8373787539839577,0.9017190217704447,0.8345070422535215,0.9164774721372546,0.6623796564082471,0.908315805590151,0.8989377839005219,0.908315805590151,0.9245757305468909,0.7897308967898515,0.4203682101272981,0.9319883865480127,0.8962043077275963,0.8176041970789116,0.4706635034525485,0.8601128166776513,0.908315805590151,0.8779232679526721,0.5232365506367302,0.7680152925202062,0.8646249603464984,0.8470383046866883,0.9177477332861093,0.8646249603464986,0.8908683220551614,0.9553943160980236,0.41202079580434614,0.6296638553815017,0.9553943160980236,0.8601128166776513,0.9177477332861093,0.7931448484714048,0.9553943160980236,0.9319883865480127,0.9681439980484113,0.9221796142585231,0.793144848471405,0.9053437280773231,0.8623579941942761,0.8812245968305712,0.4188488487346227,0.8470383046866876,0.9492333450312933,0.34894800614141375,0.942379439671764,0.9053437280773231,0.8888323772351052,0.6008417791963815,0.8601128166776513,0.8223745072196011,0.6127744584743364,0.8662097599854566,0.8345070422535226,0.8739376826205691,0.9113677351409675,0.9145082620913982,0.49315054087390986,0.8535184014627388,0.9228121617712687,0.8692294415124873,0.5237113846234287,0.9177477332861093,0.9210985398310312,0.9346677383441695,0.31298401125068465,0.7787157073937734,0.9070492733182631,0.8646249603464986,0.8854896642033434,0.9196334336027316,0.36786315356182553,0.9083158055901508,0.6026741638751406,0.8004847032531088,0.842808976093194,0.40658543240229483,0.8597186035274451,0.9210985398310307,0.8806481140766089,0.9194175134549629,0.28385076438625845,0.8996102754967266,0.8669149862082737,0.9346660427854576,0.9093713197759912,0.7396537627925588,0.8914519915852104,0.903893695124371,0.9053437280773233,0.8317139998287981,0.839214772252993,0.914508262091398,0.9113677351409675,0.3863536265380427,0.3286453140105702,0.9145082620913982,0.9780293910430342,0.5634456747322447,0.8460823815562122,0.9024440319654485,0.9024440319654485,0.5980094015811825,0.8812245968305707,0.8243737901066763,0.9145082620913982,0.5225296788813036,0.8812245968305712,0.9210985398310312,0.38969674021949174,0.9420088236891968,0.9113677351409675,0.9281978840490723,0.5427310245464545,0.9245757305468909,0.8323493414354166,0.9210985398310312
p153_R,0.7719672469144176,0.8591521497142258,0.813913665296889,0.7966867035614483,0.9331711877287372,0.9229405345355657,0.8414883969859903,0.8100536549554151,0.8032844254553131,0.965073786007691,0.9953734704865864,0.8927512325175626,0.8927512325175626,0.5640944185804787,0.9045903036163613,0.9426544579173313,0.8062619809393778,0.825975558763159,0.7751028022516895,0.965073786007691,0.7924455217869499,0.8446785966772914,0.9885516075855596,0.9377836865370688,0.8837161210105096,0.8598831469664703,0.6012733257159397,0.8534914491504231,0.9884981945888782,0.760195570077524,0.8996669749193109,0.9068053912485843,0.8831126597162944,0.958652294374053,0.933171187728737,0.8194392956731849,0.8995766368965674,0.5832361729194754,0.9229405345355657,0.4682404814612412,0.7787603748521126,0.8916689472964012,0.9229405345355655,0.8218972369091531,0.806261980939378,0.661427966132629,0.9031349604797554,0.8179959617530401,0.7493206485585407,0.7787147951083382,0.9068053912485845,0.601955114808379,0.8598831469664703,0.8800330897565913,0.8831126597162939,0.7856569477787796,0.7026126048776197,0.8961186971729789,0.8827924498076241,0.9595554859827864,0.8078651440439557,0.9362069372688518,0.9687670561587823,0.9922598381872461,0.749274487059052,0.755697912193372,0.6840776923493116,0.7579382155973937,0.8984666295383616,0.7751028022516893,0.5484108599082307,0.8336446986877303,0.8961186971729784,0.66199671008072,0.8961186971729789,0.9948611757349096,0.9990557969402876,0.5168168239428561,0.6713733243578848,0.735015822780346,0.9408189766409161,0.9245014781129608,0.82808658807765,0.8884414464455952,0.8961186971729789,0.5029132117058235,0.9071848392302598,0.8092109032972021,0.8243753798876752,0.9287546220071028,0.8961186971729789,0.40654212570211756,0.5338353212030527,0.7556157663940579,0.8492101642117766,0.8610115537985554,0.44087971542444615,0.9887629741094845,0.6479527810719699,0.7106780110418722,0.7579755001450593,0.9389225366571856,0.5851464350463985,0.6734576269135699,0.9563972237144258,0.9145417437978427,0.6933024587304557,0.6334381458889147,0.8711248729670615,0.6666245074343595,0.4261771671532264,0.8760552409148306,0.8466713394366541,0.8175983785111763,0.9426205861955201,0.7954283046749304,0.9895595299788167,0.9145417437978427,0.9718039120618638,0.7273400468652202,0.8218972369091531,0.3689019099295947,0.4546878604712593,0.8996669749193114,0.8830921577214085,0.6433320220715353,0.8995766368965674,0.7695752160603927,0.9287546220071028,0.8266892096935974,0.7397799200191366,0.8204656595098921,0.6022543090688914,0.9229405345355655,0.6354381015865134,0.9246127132986581,0.8098901699027903,0.8477244589101531,0.9068053912485843,0.8894657784451023,0.7251433964103602,0.9186457666042602,0.6737356265011019,0.43053821482957855,0.5537638809466965,0.8403533788118116,0.9038942002575046,0.6939345811637794,0.8571671175052398,0.5377149621113899,0.709930078168293,0.8078651440439562,0.7867210813274523,0.9303401235503452,0.9295478421905742,0.8571671175052402,0.7163225725325841,0.7937009888646542,0.8481004438028412,0.624609544729308,0.7994334763407518,0.9389225366571856,0.8391863635455729,0.6275834520391181,0.999745638157738,0.46383321184812853,0.8051740974998374,0.9863902154792408,0.9356543373145073,0.7517622723226809,0.8742174652217714,0.9287546220071028,0.8821656806165816,0.6973063584368868,0.9970022974523418,0.6989555409397287,0.9588782372193381,0.8459442725624486,0.6338799234762227,0.8959686855171777,0.969802897849175,0.8121599508562438,0.9652100235177417,0.8927512325175624,0.7649143632380797,0.5852126316950856,0.72734004686522,0.8420856305913897,0.8800330897565913,0.8680092996687067,0.9245106322139445,0.8252968849462843,0.7263265833710788,0.6815893871685597,0.8526199908570811,0.8961186971729789,0.9759907361775702,0.6899959763287946,0.7964881657302827,0.9357610680076953,0.7990833720880768,0.9647580114966432,0.8961186971729789,0.8852979844620206,0.7453196443701966,0.9186457666042602,0.8961186971729789,0.8088000655869727,0.826689209693598,0.8469108399167196,0.7953973483088586,0.550865418350339,0.6392047041184119,0.8961186971729789,0.7754513195618227,0.8961186971729789,0.8896636832642417,0.7081787062311005,0.6687207353301077,0.8961186971729789,0.9278342917043283,0.8961186971729789,0.7755953475698054,0.9004494419178446,0.48821447395532336,0.8775981004206819,0.820465659509891,0.579744002040544,0.8894657784451023,0.8610746666533365,0.8740433118343505,0.7222089644182328,0.7187800908863375,0.8917729453834493,0.8477244589101526,0.8155906448111349,0.7967655393741326,0.9587635829197785,0.7050674438973648,0.8266892096935976,0.8266892096935978,0.9204198120960367,0.4082415460526275,0.9245106322139447,0.8961186971729789,0.8010095457376827,0.8961186971729789,0.7289136168038177,0.7390863627851454,0.9068053912485843,0.8518325205937483,0.5479522673074666,0.9377836865370688,0.824285177928076,0.9324146244726685,0.4607052770893084,0.8996621411778399,0.7161768939012261,0.9426205861955201,0.4859933048241091,0.9409707652324082,0.6984240860698816,0.8927512325175624,0.9531174117707755,0.6733049793954468,0.9229405345355657,0.8919195537544433,0.7921761679534787,0.9207034237699974,0.7907177969864605,0.45074803559654786,0.9068053912485843,0.7073633650916171,0.6654054686950719,0.8162130380309865,0.9145417437978427,0.6501227446051048,0.895912771654439,0.7505693041675238,0.7028302973691198,0.9145417437978427,0.9217254661208625,0.716992726901392,0.9956328547950859,0.9536357877323811,0.5899380058005862,0.5835519052153018,0.8419146919692835,0.6214653131131851,0.8894657784451026,0.702008782362597,0.9389225366571855,0.5163054675190093,0.9524487759376711,0.7319626801526407,0.7206961975084261,0.9786662698366029,0.9957394381521362,0.9967852693591664,0.6221989256021574,0.6931046151390801,0.7600856838664785,0.7659010756297324,0.6275834520391181,0.8131983326178944,0.8204656595098911,0.9460767655266511,0.8291101870432285,0.6969623642017184,0.8377958183335688,0.7830229135792424,0.6913828710306996,0.6592792192475885,0.697058474560623,0.48056931448647466,0.8492141363785854,0.8693218039282258,0.9186457666042602,0.9665603255046984,0.8749363683070699,0.47299257535592076,0.9031349604797552,0.8961186971729789,0.9068053912485845,0.9150859699484077,0.5403925639719147,0.9145417437978427,0.910601968746465,0.7832182620765743,0.8961186971729789,0.9324146244726688,0.9145417437978427,0.7838792003066442,0.8171664408507362,0.9168791089746622,0.7210302843748406,0.9068053912485843,0.6758088845190198,0.5247891139321526,0.9756507482689204,0.8831126597162944,0.3972831269769199,0.9031349604797554,0.8838649142528048,0.5288380636515919,0.8800330897565913,0.8171664408507364,0.971803912061864,0.5524123161245711,0.592623424898455,0.6095667622659846,0.9429210844216709,0.8927512325175624,0.9823405203072036,0.46725100023717736,0.6214653131131851,0.6239181812193904,0.4919535371464234,0.8961186971729789,0.7532943394550071,0.856198563566134,0.5582176475161571,0.9054976577759835,0.91864576660426,0.70066358584184,0.8961186971729789,0.8961186971729789,0.8852751342149692,0.8693218039282258,0.4924906532890253,0.8961186971729789,0.9884981945888781,0.6592514161579159,0.7966867035614482,0.9576487532633989,0.6337916942673323,0.9331711877287372,0.4491820085036199,0.7196661115713545,0.4470964393498198,0.5226859648330944,0.8961186971729789,0.9348211682342414,0.5857395223841019,0.5909153928737798,0.628207274955751,0.8941860053665245,0.6799503691538337,0.702008782362598,0.5989217292516407,0.8961186971729789,0.5034441383448427,0.9402087566796575,0.7472335302982489,0.5541107411668522,0.8995766368965676,0.6332023977395709,0.7833553606810635,0.8961186971729789,0.8084501705191358,0.6968136652955798,0.8961186971729789,0.8440469376552964,0.9726052022519859,0.8156761757367574,0.5024462864074755,0.6115535590124532,0.8961186971729789,0.6917977113281302,0.7229120076685356,0.9618517021806037,0.7148234416988533,0.6483333447531576,0.8101720865063555,0.8124908642099107,0.0,0.9031349604797554,0.8131983326178942,0.7677968477425343,0.7407756860444537,0.7162599611347407,0.7174242007256808,0.8042880487896233,0.8682526269766768,0.9068053912485843,0.5975091629301639,0.8961186971729789,0.9967852693591664,0.8328543179518314,0.9570563816150959,0.9089152002046674,0.9063858417099544,0.8894657784451026,0.843922743265374,0.871181065260425,0.8894657784451026,0.867758364741591,0.6963039067136747,0.9895595299788169,0.9230686198303197,0.6684165467613914,0.9145417437978427,0.7028998376527336,0.9186457666042602,0.9569576849126689,0.9885516075855594,0.7692235284650819,0.813425475400807,0.663502058764863,0.9906674635115202,0.8778727112576175,0.8750193962361051,0.8626344708228051,0.9052964331108349,0.9587635829197785,0.9031349604797552,0.9914894522117811,0.8214602675191394,0.8428429005423304,0.691491264582157,0.9009904301451876,0.8770114237684188,0.8466154872169023,0.5362551864136729,0.5825598673848771,0.5730573196081438,0.977085860292244,0.8303228084377687,0.7781117595092852,0.8673466625771513,0.8654234385275945,0.9284021172811181,0.4954802990528109,0.8770114237684188,0.9563398558523181,0.8654234385275945,0.932074997239038,0.7520404078076695,0.8994369109414206,0.8394482358305895,0.889750543147685,0.5768618530205973,0.7942406984776216,0.9145417437978427,0.932656294960041,0.90092625698677,0.749274487059052,0.9753977596863959,0.6696028774570856,0.9887493638371827,0.9068053912485843,0.9588782372193381,0.7554983550150317,0.6343260770217931,0.8708147961381951,0.9992385990138162,0.891228430545195,0.6386392197423143,0.9004494419178446,0.886255036225464,0.6153885148113469,0.8961186971729789,0.9106019687464653,0.8961186971729789,0.8961186971729789,0.6293138833059841,0.868252626976677,0.7920564385551179,0.8961186971729789,0.6263614481292773,0.6849082645954045,0.8508127890003336,0.7803911878085927,0.9348211682342416,0.8024368178406057,0.7344539252343032,0.8010095457376831,0.6725968735750871,0.9164658576765583,0.9655818281779976,0.910601968746465,0.8808481106710588,0.7208378338317547,0.7404251116329645,0.7024468673126232,0.9164658576765585,0.9946003397516283,0.7404345738016471,0.910601968746465,0.48080080838701367,0.9426205861955201,0.6443091376780234,0.8740433118343505,0.7599173350204462,0.800925176348895,0.7073633650916173,0.7894791825752531,0.8078651440439562,0.8682526269766766,0.8617049034566793,0.9031349604797552,0.8740433118343505,0.6037317177769168,0.984707905468289,0.7075588558188872,0.7887492098215152,0.9068053912485843,0.8532486817312563,0.8862550362254642,0.8984666295383616,0.782966248131486,0.9272318200347356,0.5750206863402925,0.8818704626960783,0.8327425778329425,0.49708541636593573,0.7199757455771902,0.822848352223368,0.5998457621970638,0.6571598690183849,0.8553107642121001,0.875297249750107,0.8961186971729789,0.9068053912485843,0.9022539733648121,0.8961186971729784,0.8032382066662724,0.8740433118343502,0.9595554859827866,0.8549785253868646,0.6497635771623236,0.7708504311966742,0.6165299238658495,0.9186457666042604,0.5286646787603793,0.8770114237684188,0.7450361257027782,0.8894657784451026,0.9498190556368229,0.8324287252320843,0.5943448869447263,0.6914912645821574,0.9079629297280614,0.7739877660651966,0.5967201197392467,0.738399222224531,0.742198185140952,0.6712280665048049,0.7142410030676605,0.8466154872169025,0.9186457666042604,0.7917814937520986,0.8995766368965679,0.7753620470327043,0.8446871587090532,0.7809134539375335,0.8927512325175624,0.6023963575146505,0.4816380043429408,0.8327425778329425,0.8098901699027903,0.9821062119112849,0.601511400125522,0.9997790217935905,0.8626344708228051,0.7987442903971527,0.9411785619734623,0.901769748719865,0.8343952307678697,0.9089152002046677,0.9287546220071028,0.9068053912485843,0.9229405345355657,0.8961186971729789,0.8589357875457215,0.6974967774965027,0.6536376025879664,0.6086591648228682,0.8961186971729789,0.8002168848944176,0.4902490594377411,0.8078651440439559,0.7966867035614484,0.9325660606530386,0.6713336264387186,0.7762387427327295,0.7693999464667854,0.8481242132671177,0.7669638112313576,0.6945575165658604,0.7376238832124677,0.9106019687464653,0.7185367115772391,0.7026126048776196,0.7809800337941266,0.6908392041716725,0.7350158227803454,0.8791091811518514,0.6549511225599528,0.8327425778329425,0.8265503046480779,0.785656947778779,0.9186188500482275,0.8494961235367207,0.998226828495608,0.9145417437978427,0.9331711877287372,0.8740433118343505,0.5581644194356523,0.6275834520391181,0.8927512325175624,0.988628774529005,0.886255036225464,0.8927512325175624,0.9287546220071028,0.8340066608386388,0.8961186971729789,0.9204198120960365,0.832741425359228,0.8961186971729789,0.5142571458260582,0.778111759509285,0.9145417437978427,0.9031349604797554,0.910601968746465,0.8995766368965676,0.8927512325175624,0.6662909105733472,0.72734004686522,0.8682526269766768,0.6748132219968508,0.8961186971729789,0.6030251033189672,0.9821062119112849,0.8096473437528893,0.6256986327034517,0.5272376044441354,0.7307663088301941,0.9858022141819286,0.9017697487198653,0.8838278386255646,0.8224263695049023,0.9702236782844957,0.8749363683070703,0.8802394237427394,0.8616013304198491,0.8215379081576737,0.8358545883053425,0.9967852693591663,0.6649965984293507,0.9031349604797554,0.6481637810247114,0.6939345811637789,0.8961186971729789,0.9702236782844957,0.9891791703582409,0.9186457666042602,0.5776666937152923,0.9887493638371827,0.9315659176140885,0.7229129979164639,0.8894657784451026,0.6523629907882552,0.6072390560246772,0.8961186971729789,0.8961186971729789,0.8720369070789848,0.7491306536988418,0.6748590986058682,0.8024368178406058,0.7517622723226811,0.5834946521550768,0.7550833400338026,0.6385455427389395,0.5566759997052739,0.6983198594689606,0.8961186971729789,0.8179959617530401,0.9068053912485843,0.9229405345355657,0.4675906035120406,0.9145417437978427,0.6546668870820516,0.8961186971729789,0.8961186971729789,0.6012543079542971,0.6592514161579157,0.6177553570383827,0.9990557969402876,0.44919161627738957,0.9709098918537327,0.8518325205937483,0.9709098918537328,0.7280608125957577,0.4770249046014968,0.8961186971729789,0.5460977283312541,0.6432128584290371,0.8995766368965674,0.9145417437978427,0.9458033301344513,0.978157969650434,0.7886556138109858,0.601511400125522,0.8995766368965676,0.9875539756042883,0.8961186971729789,0.6455511582707418,0.7987077769649199,0.815590644811135,0.8147053568412124,0.6974967774965031,0.8800330897565918,0.8055694451733069,0.4981740752674664,0.910601968746465,0.8772980843884248,0.7183268784751724,0.8862550362254635,0.9884981945888781,0.9190338370173663,0.8598831469664705,0.7144908921030939,0.9068053912485843,0.9287546220071028,0.7462177885231038,0.8821656806165818,0.8355806800120917,0.8900331089872158,0.9229405345355657,0.8838278386255649,0.9229405345355657,0.971803912061864,0.6311814856344973,0.8364841448033244,0.7875457875457872,0.8961186971729784,0.965073786007691,0.9071848392302597,0.8740433118343502,0.5798333957053662,0.916465857676559,0.8927512325175626,0.9375285758840219,0.783117928321188,0.8995766368965674,0.6945387631214734,0.856198563566134,0.6877403766656696,0.6571016822611812,0.8961186971729789,0.38617354872237897,0.8961186971729784,0.7293870800697873,0.965073786007691,0.9921931468092146,0.9245014781129608,0.6816424575408784,0.8961186971729789,0.6165299238658495,0.4970854163659356,0.8949624583202778,0.6190026319968611,0.6619967100807203,0.6336357289324264,0.9068053912485843,0.6690047654554787,0.8539596452843632,0.9564962862583393,0.6190115757076402,0.6505514505877915,0.5241212550017905,0.7350158227803458,0.8610746666533364,0.7704088878251921,0.8979859252177942,0.9741847822363808,0.6703753913540655,0.8446871587090534,0.5160446450829496,0.8961186971729787,0.8927512325175624,0.6770246072637975,0.7320404437873833,0.752557787040545,0.5750206863402925,0.5256069882931929,0.8961186971729789,0.5992964286289497,0.795582087331319,0.43487648247994093,0.8961186971729789,0.6894298084689432,0.7833553606810633,0.9145417437978427,0.8682526269766768,0.8927512325175624,0.8018988325380275,0.8598831469664707,0.8734549834747208,0.9652100235177419,0.8232213943578387,0.590401960283352,0.4769574761902339,0.8961186971729789,0.9336625022680574,0.8961186971729789,0.9145417437978427,0.4929962338062759,0.7634589213141179,0.9229405345355657,0.8492101642117766,0.7632806129476226,0.8277613464311124,0.7708431163413406,0.8961186971729789,0.7398897029724583,0.6992667062158149,0.7013879988686711,0.702446867312623,0.8749363683070712,0.9704595338307845,0.8466154872169025,0.8702236433531143,0.8534914491504231,0.7809134539375333,0.5734996540744923,0.8534914491504231,0.7966867035614481,0.5613426174286814,0.9786662698366029,0.8534914491504231,0.9229405345355657,0.7403006603257862,0.8995766368965676,0.7426284530984057,0.7112114830974932,0.8440469376552964,0.7210302843748405,0.9972308581145369,0.9079514179323012,0.8682526269766764,0.8242851779280755,0.8571671175052396,0.8927512325175624,0.9052964331108346,0.8412054955072279,0.7449995291212331,0.8545249880489498,0.7921761679534782,0.8429326372904389,0.9825972812344487,0.5525645315904311,0.8995766368965674,0.9426205861955201,0.9721096511741012,0.8661937333636762,0.8518325205937485,0.6844642499184999,0.9255349418668275,0.9068053912485845,0.9106019687464653,0.928356305226842,0.8761021015209915,0.5844587060519839,0.856198563566134,0.9146528181222578,0.8724716735316376,0.669201990740884,0.9225770547487502,0.8961186971729784,0.7997114912965639,0.6230205316435199,0.705352044702152,0.8179959617530401,0.98060473648903,0.8768208161319829,0.9914894522117814,0.9719282551568322,0.8598831469664703,0.8062619809393784,0.9356543373145075,0.8855101065196797,0.9224857352342313,0.9547716910316058,0.7720470354328448,0.8343514086378738,0.6392047041184121,0.9467911362064297,0.8407233552147033,0.7020087823625963,0.9377836865370688,0.7875753457860808,0.8518325205937483,0.6625231566468319,0.9536357877323811,0.7563230180108447,0.8970240010712485,0.8301753914041622,0.9703548064795298,0.7232975834280153,0.9868814625089897,0.6311814856344975,0.9031349604797554,0.7295526973584177,0.954040497905644,0.9106019687464653,0.7809134539375333,0.73088285854685,0.9475951645414274,0.9186457666042602,0.9196568156520535,0.9145417437978427,0.8499556991843319,0.9106019687464653
p153_Y,0.8086886533123154,0.9453030402757783,0.5622615639049686,0.9277359074596556,0.9526370111116407,0.9648659912110238,0.8394385952949948,0.8098519714818673,0.9103107362174547,0.9629078616894173,0.39319229787439447,0.9511016704226434,0.9511016704226434,0.9277359074596556,0.9957658420390977,0.9302947288966976,0.9481398354780852,0.9361160018916064,0.9610366993022688,0.9629078616894176,0.8951222364985463,0.4080645809418807,0.939931930051314,0.9542136024350836,0.42203304800755903,0.9361160018916064,0.987327403406299,0.9220855717829912,0.9629078616894173,0.7904815296111656,0.9300668284196516,0.9652137684610215,0.9902930825832763,0.9243180392978654,0.9526370111116407,0.9610366993022688,0.10760130841331061,0.9467071200650465,0.9648659912110238,0.9348776724743586,0.9465146323386673,0.9373704232137268,0.9648659912110238,0.9187969445925779,0.9481398354780852,0.9547667551050749,0.2237494366831898,0.9072120922355345,0.481106577474263,0.8991086132420372,0.957509435301382,0.957275422082307,0.9361160018916064,0.9453030402757783,0.9467071200650463,0.9859410630732461,0.9336544549523982,0.9526370111116405,0.7560495458914249,0.18985981854257494,0.9123992402861412,0.8425509890153137,0.9361160018916066,0.9061873961293254,0.9592404230051592,0.8672605145480654,0.957509435301382,0.8656814261022983,0.7942458793111882,0.9610366993022688,0.9265867198367661,0.9879700133881206,0.9526370111116407,0.8383948208633007,0.9526370111116405,0.620202540979643,0.9425720985427188,0.9439253608596803,0.7628588897397749,0.9648659912110238,0.9439253608596803,0.9944373248680742,0.9312498291554212,0.9361160018916064,0.9526370111116405,0.9231975163531971,0.9425720985427188,0.9088294956035707,0.670269448296569,0.9511016704226434,0.9526370111116405,0.9375821720172512,0.8425509890153136,0.8976747065462733,0.9312498291554212,0.9072120922355345,0.9351202479906622,0.6540395853328662,0.8320602288053405,0.8617289235276302,0.9617723288059055,0.9558359621451105,0.9526370111116407,0.8676499406085267,0.7033362762738922,0.11775954848708015,0.617613358319171,0.811009619429409,0.9412414838519025,0.8404791612293152,0.9908764668187224,0.952944974054758,0.8200790560505897,0.6070912069531367,0.07458314556106327,0.7979454077493469,0.9931163690142985,0.9610366993022685,0.9648659912110238,0.8676499406085267,0.9187969445925779,0.9302947288966976,0.9412414838519025,0.9300668284196518,0.9900588676412958,0.7719452573794077,0.1076013084133105,0.9378370728938006,0.9128870094924402,0.9209817665727265,0.881356890785397,0.9558359621451105,0.957509435301382,0.9648659912110238,0.9481398354780852,0.8879294594533993,0.8872325694620833,0.9652137684610216,0.19244580608505335,0.9496037211238537,0.7575505983588418,0.160128011110376,0.836297322381335,0.880379147867171,0.8951222364985465,0.9166400151447351,0.9001110559421439,0.852744627559685,0.9348776724743586,0.8340710265917912,0.9629078616894173,0.9123992402861405,0.7042792707118314,0.9255818465700865,0.957509435301382,0.9348776724743588,0.9021240612426045,0.9198856874256713,0.7683200278016402,0.8931410336709438,0.8808482728335029,0.969580892293826,0.9386420076357269,0.8155856001785136,0.6585158886812212,0.9220855717829912,0.9042162740830948,0.6502130055679127,0.9312498291554214,0.9201023553084948,0.9277359074596558,0.3008360691103116,0.9859410630732464,0.8527446275596853,0.7746021087667416,0.9579672831419932,0.9610366993022685,0.9141734198710234,0.9254476077793647,0.9314897302747827,0.9177151699279686,0.8961156213019832,0.933654454952398,0.9511016704226434,0.9020294315021227,0.7088403617432,0.8676499406085267,0.9082407355488131,0.9453030402757782,0.9722155622930324,0.9496037211238535,0.9103107362174554,0.7645217555830743,0.834071026591791,0.9607967445595413,0.9526370111116405,0.9542136024350836,0.9496037211238535,0.9072120922355345,0.7119868333828544,0.8991086132420372,0.9511016704226434,0.9526370111116405,0.674128700385946,0.8340710265917912,0.9629078616894173,0.9526370111116405,0.907411648617012,0.9209817665727265,0.968848707670247,0.9330323576683239,0.953270131910047,0.9511016704226434,0.9526370111116405,0.8656814261022985,0.9526370111116405,0.8398896489883634,0.9131632661895819,0.8781849073732377,0.9526370111116405,0.6923341401884344,0.9526370111116405,0.8182873563847913,0.9987120692432438,0.9220855717829912,0.6183143059691427,0.9558359621451105,0.7866487334406878,0.9496037211238537,0.43518851942535797,0.9425720985427191,0.9123992402861407,0.8063445760987145,0.9243180392978652,0.957509435301382,0.9061873961293254,0.8981086621953585,0.9505241704836669,0.9041490253843174,0.5322230711047464,0.9209817665727265,0.9481398354780852,0.9302947288966976,0.9842011665427952,0.9526370111116405,0.9092735418441047,0.9526370111116405,0.8222967889645657,0.9209817665727265,0.957509435301382,0.9324454498571317,0.7866487334406876,0.9542136024350836,0.9198856874256711,0.30626478107291477,0.9001110559421439,0.9439253608596803,0.8705954752723888,0.9558359621451105,0.880379147867171,0.9152949345126442,0.8547546403115025,0.9511016704226434,0.9592404230051592,0.8716488174471997,0.9648659912110238,0.8446109430683049,0.8099851764138053,0.9373704232137268,0.9141734198710232,0.9186826071889067,0.9575094353013822,0.8587509369841104,0.7965069792215316,0.876724331949785,0.11775954848708015,0.8404791612293152,0.9198856874256713,0.9386420076357269,0.9082407355488133,0.11775954848708015,0.8944208730785339,0.826678007573604,0.9592404230051592,0.945204588509776,0.9277359074596556,0.9558359621451105,0.9714058757497572,0.8200790560505895,0.3222500432092781,0.9558359621451105,0.969580892293826,0.7648826756137952,0.9610366993022685,0.8555160230965211,0.8646954736999413,0.5867072331685047,0.8547546403115025,0.9610366993022685,0.9526370111116407,0.9348776724743586,0.9496037211238535,0.9575094353013822,0.8155856001785138,0.945204588509776,0.9558359621451105,0.9348776724743586,0.9220855717829912,0.8048222124436132,0.9155711502428496,0.8921529459435538,0.881438146000566,0.8020674121309703,0.846659656662168,0.9164201668122128,0.9629078616894176,0.9103107362174554,0.9629078616894176,0.5106279232794315,0.9209817665727265,0.997640187429148,0.9558359621451105,0.9526370111116405,0.9575094353013818,0.9092735418441047,0.9361160018916066,0.11775954848708015,0.9592404230051592,0.9511016704226434,0.9526370111116405,0.4220330480075587,0.9610366993022685,0.9648659912110238,0.4702009851420942,0.731943683951616,0.9386420076357269,0.9575094353013822,0.8446109430683049,0.7543153079381834,0.9412414838519028,0.9467071200650465,0.9473375332459506,0.9558359621451105,0.9243180392978652,0.7483585156811934,0.9453030402757783,0.9166400151447351,0.9648659912110238,0.8114701760536347,0.9243180392978652,0.7929984735168571,0.3419997922501381,0.9511016704226434,0.9748006002614296,0.8931410336709438,0.8200790560505897,0.8211902596649285,0.7386871664249517,0.9526370111116405,0.863708282603777,0.9231975163531971,0.9254476077793647,0.47152576728747697,0.9629078616894173,0.855756563598304,0.9526370111116405,0.9526370111116405,0.9348776724743586,0.9103107362174552,0.9977802754820256,0.9526370111116405,0.9629078616894176,0.9526370111116409,0.9277359074596556,0.6585158886812214,0.8039765114147406,0.8374011676109455,0.928895740061739,0.9425720985427191,0.7176529953352653,0.753011006155871,0.9526370111116405,0.637802340396505,0.9220855717829912,0.7917437350152448,0.8242743687062482,0.428327725244276,0.8784240722117911,0.9558359621451105,0.8098519714818668,0.9526370111116405,0.7663159483485272,0.9361160018916066,0.6972093964344689,0.872741602510198,0.9542136024350834,0.7195026022793827,0.9467071200650465,0.9526370111116405,0.9031349604797554,0.8178422485024104,0.9526370111116405,0.928895740061739,0.808688653312315,0.7000853882408262,0.7435863378643108,0.8155856001785136,0.9526370111116405,0.794245879311188,0.8656814261022983,0.9592404230051592,0.7786690145640724,0.7742042751539622,0.9134510531460025,0.9145082620913982,0.9031349604797554,0.0,0.9452045885097757,0.8941307528793183,0.939931930051314,0.8627197720675652,0.8823349016943813,0.6337925846638767,0.939931930051314,0.0378922136098605,0.9361160018916066,0.9526370111116405,0.9610366993022685,0.9082407355488131,0.8561342062066828,0.9439253608596803,0.5008123449120355,0.9496037211238537,0.9027950502828763,0.9736183137840243,0.9496037211238537,0.995812608116145,0.9526370111116409,0.9453030402757783,0.6083617615102102,0.9103107362174552,0.9610366993022685,0.8567565353887991,0.9629078616894176,0.9453030402757783,0.9464536062171713,0.8224931556269461,0.9425720985427188,0.9629078616894173,0.8239033522938282,0.9220855717829912,0.9375821720172512,0.9373704232137268,0.9425720985427193,0.5957189144811472,0.9558359621451105,0.9243180392978654,0.9061873961293254,0.6507467849476519,0.9386420076357271,0.9061873961293254,0.9439253608596805,0.9300668284196516,0.9143162677112748,0.817957176034668,0.9951877100611972,0.9481398354780852,0.857258806876982,0.681271880948972,0.9277359074596556,0.9386420076357269,0.9399319300513143,0.7403348078925531,0.9439253608596805,0.7132869920925939,0.9386420076357269,0.44109054405099213,0.7705531152105065,0.9558359621451105,0.855756563598304,0.7336531223545585,0.9231975163531971,0.9868418685480091,0.9610366993022685,0.8398896489883633,0.937582172017251,0.9592404230051592,0.9220855717829912,0.9481398354780852,0.9481398354780852,0.9575094353013822,0.9610366993022685,0.9300668284196518,0.7284756911618842,0.9187969445925777,0.3008360691103116,0.9511016704226434,0.8352434350141633,0.913451053146003,0.9481398354780852,0.9502107211581171,0.9526370111116405,0.1573927922435595,0.9526370111116405,0.9526370111116405,0.8309916996778286,0.9399319300513145,0.9714058757497572,0.9526370111116405,0.8222967889645658,0.8486977586224085,0.9209817665727266,0.9282894047452506,0.6741869914826224,0.7560495458914248,0.9103107362174552,0.9092735418441042,0.8507258744656068,0.9467071200650463,0.8941307528793182,0.9592404230051594,0.9231975163531971,0.8530488725229224,0.8656814261022983,0.5187931765066538,0.9902930825832764,0.9496037211238537,0.870256089107998,0.9592404230051592,0.6625231566468313,0.07458314556106327,0.9072120922355345,0.9425720985427191,0.9373704232137268,0.9967391619170716,0.85875093698411,0.42832772524427576,0.912399240286141,0.939931930051314,0.9254476077793645,0.9558359621451105,0.9425720985427193,0.9542136024350834,0.5840323192356704,0.8666662211060936,0.9461114643341091,0.9575094353013822,0.8666662211060936,0.9481398354780852,0.7853552691579664,0.6847877535121555,0.9511016704226434,0.7917437350152448,0.982045156274965,0.8505410419770534,0.7560495458914249,0.8567565353887989,0.9092735418441045,0.759039812406635,0.998394872319517,0.9134510531460027,0.8901811511257474,0.9526370111116405,0.0378922136098605,0.9220855717829912,0.9526370111116407,0.9042162740830946,0.9425720985427188,0.9496037211238537,0.5100015725296021,0.7820663749515686,0.939931930051314,0.8178422485024104,0.9629078616894176,0.7705531152105066,0.9439253608596805,0.8754910501451354,0.9496037211238537,0.9467071200650465,0.8341860124462195,0.9209817665727265,0.9386420076357269,0.7840536293380751,0.888214373845492,0.8108764367449929,0.8725553212046715,0.9344184513464585,0.8425509890153138,0.759575737809846,0.9300668284196516,0.9629078616894176,0.9412414838519028,0.9542136024350834,0.706135291542227,0.9092735418441047,0.9001110559421444,0.9511016704226434,0.76773864972953,0.7021249138262726,0.9648659912110238,0.9232615458212055,0.9558359621451105,0.9231975163531971,0.5713315118989216,0.9922127245794843,0.9491737766988708,0.4686895405908631,0.9412414838519025,0.9051664401581994,0.9439253608596803,0.9511016704226434,0.19244580608505335,0.9648659912110238,0.9526370111116405,0.9243180392978654,0.9086148915839567,0.8456902516433886,0.9792750106568119,0.9526370111116405,0.8911663603911606,0.8672605145480656,0.9123992402861407,0.9277359074596556,0.5491669919950228,0.9375821720172512,0.9255818465700862,0.8003774546971085,0.9839674685144806,0.912399240286141,0.8607384721289721,0.8981086621953582,0.1573927922435595,0.5132176572020226,0.9336544549523982,0.9558359621451105,0.9665480300996037,0.9648659912110238,0.9324454498571317,0.9496037211238535,0.8505410419770534,0.9453030402757783,0.933654454952398,0.9526370111116407,0.852744627559685,0.5904937947421897,0.9610366993022688,0.9526370111116407,0.9425720985427191,0.784053629338075,0.8155856001785138,0.9511016704226434,0.957509435301382,0.948139835478085,0.9511016704226434,0.9511016704226434,0.9243180392978652,0.9526370111116405,0.9481398354780852,0.998712069243244,0.9526370111116405,0.9386420076357271,0.8981086621953585,0.9610366993022685,0.0,0.9604535056538152,0.9542136024350834,0.9511016704226434,0.7677386497295299,0.8676499406085265,0.939931930051314,0.8517363824474664,0.9526370111116405,0.9586574227081355,0.9558359621451105,0.9386420076357269,0.8075195577599243,0.5264173485154191,0.9610366993022685,0.9542136024350834,0.9412414838519025,0.9209817665727265,0.9429902492134533,0.2775029775378376,0.9209817665727265,0.9265867198367661,0.9300668284196516,0.8013106521092755,0.9439253608596805,0.955217505042218,0.9348776724743586,0.14916629112212654,0.913451053146003,0.852744627559685,0.9526370111116405,0.9526370111116407,0.5978464689111876,0.9629078616894176,0.8803545486957223,0.21293427001890652,0.9439253608596803,0.8362973223813353,0.9496037211238537,0.8051635979868561,0.7991647789411429,0.9526370111116405,0.9526370111116405,0.9198856874256713,0.7507844886154758,0.9092735418441047,0.8796755654923115,0.855756563598304,0.9196163519495262,0.7041413728147147,0.8133083257720886,0.9373704232137268,0.8255892557605071,0.9526370111116405,0.9072120922355342,0.0378922136098605,0.9648659912110238,0.8738328753514066,0.11775954848708015,0.8425509890153136,0.9526370111116405,0.9526370111116405,0.7892117206997185,0.9073884413700836,0.796719217938705,0.4080645809418808,0.9662154259494389,0.9465146323386673,0.932445449857132,0.650213005567913,0.8456366655300414,0.9585367020978055,0.9526370111116405,0.9209817665727262,0.8299192991696218,0.2519374759750954,0.9610366993022685,0.8941307528793181,0.9124328455604713,0.9166400151447351,0.9231975163531971,0.9542136024350834,0.6638126320958515,0.9526370111116405,0.8383948208633005,0.983682988822291,0.9061873961293254,0.6277572448391837,0.8745128950949936,0.9453030402757783,0.9113525537588967,0.774602108766742,0.9592404230051592,0.877446546739326,0.8715757257382066,0.9481398354780852,0.7740029001505224,0.9277359074596556,0.9361160018916064,0.8255892557605071,0.9575094353013818,0.9511016704226434,0.7248986406633606,0.933654454952398,0.9209817665727262,0.9769855193139069,0.9648659912110238,0.9209817665727262,0.9648659912110238,0.9648659912110238,0.6369695431207095,0.9730862985612763,0.9031349604797554,0.9526370111116407,0.9629078616894176,0.4080645809418807,0.9425720985427191,0.7489933234855091,0.9467071200650465,0.9511016704226434,0.933654454952398,0.940081095745432,0.9542136024350836,0.8140865069385359,0.9231975163531971,0.8352434350141631,0.8144495911033482,0.9526370111116405,0.8991086132420374,0.9526370111116407,0.8039765114147406,0.9629078616894173,0.9373704232137268,0.9386420076357267,0.7373592171107445,0.9526370111116405,0.8178422485024104,0.7560495458914248,0.9386420076357267,0.8189630840562676,0.8383948208633005,0.8255892557605071,0.11516900984745693,0.8650546456747357,0.7903415819956485,0.8493193247742898,0.7907957676628272,0.9399319300513138,0.7940709086394254,0.9648659912110238,0.9967391619170713,0.9073884413700836,0.6544139279744577,0.9348776724743586,0.8497130258115504,0.9092735418441045,0.7499222990259988,0.9526370111116407,0.9511016704226434,0.852744627559685,0.9714578717045066,0.6625231566468317,0.7917437350152448,0.7691509749968612,0.9526370111116405,0.8027832026517656,0.653465030691354,0.9277359074596556,0.9526370111116405,0.8507258744656068,0.9467071200650465,0.11775954848708015,0.9399319300513145,0.9511016704226434,0.8890106760597567,0.9361160018916066,0.6585158886812199,0.933654454952398,0.914508262091398,0.9399319300513143,0.777326388439208,0.9526370111116405,0.9839674685144806,0.9526370111116405,0.9610366993022685,0.8446109430683049,0.8921529459435535,0.9648659912110238,0.9312498291554212,0.9064206691382042,0.9113525537588967,0.5352976416436223,0.9526370111116405,0.8749227387115646,0.8639484283036891,0.7154691980060808,0.9300668284196518,0.9209817665727265,0.9575094353013822,0.9300668284196516,0.928895740061739,0.9220855717829912,0.9001110559421441,0.7691509749968612,0.9220855717829912,0.9277359074596556,0.9575094353013822,0.5867072331685046,0.9220855717829912,0.9648659912110238,0.9361160018916066,0.9542136024350834,0.6238609283942591,0.9511016704226434,0.928895740061739,0.9386420076357269,0.8991086132420372,0.532223071104747,0.9967391619170713,0.9198856874256713,0.9348776724743586,0.9511016704226434,0.9425720985427191,0.8550065733210688,0.5352976416436228,0.9082407355488131,0.8446109430683049,0.9177151699279686,0.9145082620913985,0.9879700133881206,0.9542136024350836,0.2237494366831898,0.9082407355488131,0.9011161501496319,0.500812344912036,0.932445449857132,0.9072120922355342,0.19244580608505346,0.07708672090253421,0.9175493208075458,0.9312498291554212,0.9097206700803182,0.9231975163531971,0.4185859046750726,0.8627197720675652,0.9412414838519028,0.928895740061739,0.2775029775378376,0.8792701714261306,0.8862516682966308,0.5900729478685124,0.9072120922355342,0.8597455235253666,0.9592404230051592,0.9243180392978652,0.8842921321245039,0.9361160018916064,0.9227946422906833,0.5100015725296023,0.9061873961293256,0.880379147867171,0.806145885371528,0.3931922978743946,0.8547546403115025,0.9511016704226434,0.8911663603911606,0.8341860124462199,0.9558359621451105,0.2519374759750954,0.8941307528793183,0.9324454498571313,0.9558359621451105,0.9051664401581994,0.8725553212046715,0.8993729787121678,0.9496037211238535,0.32225004320927864,0.9062630668618086,0.9944373248680742,0.9092735418441047,0.9558359621451105,0.8686326671635054,0.3360188683437645,0.1573927922435595,0.9001110559421441,0.9529449740547579,0.9542136024350834,0.9629078616894173,0.8931410336709438,0.9610366993022685,0.8309916996778286,0.1573927922435595
p154_K,0.7147361764181972,0.9852187602692422,0.8040092425999461,0.9979415841854361,0.6132801141000306,0.9763491073983368,0.8269569878231812,0.8414048717665181,0.8074099974274129,0.9203519494821841,0.8795907732894912,0.8494492212795625,0.6669132954317067,0.8972375489498448,0.9385578401876065,0.9101568537086784,0.9727880985119959,0.8628217153184261,0.9937522140875702,0.9674296364846791,0.9361433667145862,0.9083753558180285,0.854524100222138,0.9791661049996256,0.873827676815808,0.8628217153184259,0.8886405262183212,0.8953591437517909,0.9854926765128262,0.9986366679176045,0.8498323084998978,0.5934300756175981,0.9193839619667785,0.8374879178218959,0.6884220467286717,0.9937522140875703,0.9016827426948624,0.9193839619667783,0.9245566463845687,0.8886639795414615,0.8202046342072096,0.781195589066877,0.9268019842897892,0.9107162866427775,0.9579262138531626,0.7987133315786559,0.9452045885097757,0.9157299173985013,0.8601626471580308,0.8035724596321663,0.9087598936651085,0.8559008416446297,0.8628217153184259,0.948665153908044,0.7762368526074076,0.913673617458646,0.8575360288119107,0.8982973238138026,0.8882910991417866,0.8917839318880125,0.9934190547388801,0.9977677085034428,0.978653379169449,0.9067994193325839,0.912476848317918,0.8528641023174952,0.9917282321179908,0.968775673712853,0.9582144552981329,0.9163339973465925,0.8682419112571187,0.9171653119248926,0.8762768783002747,0.7800423111703365,0.8982973238138026,0.772666674745321,0.9648628585007485,0.9119409794917464,0.8890920803457659,0.9741037694931156,0.9442911856940015,0.9819923880936651,0.8523725692305208,0.8475991250540165,0.8982973238138026,0.8600762842131289,0.9400658022383341,0.9027049260340397,0.8358206561373599,0.9315076677030099,0.8982973238138026,0.8040092425999463,0.8298385072851566,0.9187536952279896,0.9294815397663647,0.8503036531113335,0.8198749005903767,0.8554695284799598,0.6831617557290705,0.8348949858198522,0.8575360288119109,0.9452045885097757,0.9358682901281239,0.9446617520204822,0.909036448706765,0.9163339973465923,0.8599235121346396,0.6926974444226528,0.784361736343684,0.7903613557507905,0.8850469976438216,0.894956093775602,0.7991401595167754,0.8652960821936626,0.9452045885097757,0.7725873312163523,0.9852187602692419,0.9612908916295111,0.9741037694931158,0.7480894974903112,0.8867479905184945,0.8104315638950381,0.8738276768158082,0.8811985038024086,0.9634307889050397,0.8913997580495601,0.9016827426948624,0.8266579810874759,0.8859564064491338,0.7049143960866453,0.8406595951447204,0.8946428180839178,0.9087598936651085,0.6790663687470528,0.8886405262183215,0.793893094169555,0.7972963738179331,0.9502440628915494,0.9917282321179908,0.891783931888013,0.8205107558636053,0.9203519494821839,0.9193514499392139,0.9118310358812909,0.7949641498039908,0.9385578401876065,0.7364689398072308,0.9218301743762688,0.7123173670905063,0.724477803371691,0.9203519494821841,0.8931281910199385,0.853642676784645,0.8792661252786116,0.9253034294291275,0.9456666443083237,0.9161612890996651,0.8521802761821577,0.9987083850084226,0.8303766218577662,0.9398800281183675,0.9852427368613523,0.9281505333988456,0.7295713707877449,0.8582078591710318,0.8326941341927288,0.8266579810874759,0.8851507230512403,0.9567497761417543,0.8434109305323629,0.9455311507530763,0.8950004825334388,0.8856048231352787,0.956123364941484,0.9368072883674841,0.9747606157929415,0.9937522140875704,0.99763145123725,0.9554971734342828,0.9331087443813524,0.8470451655080209,0.797213560448562,0.8898448222777811,0.7399276657708489,0.9235206156095963,0.7955969082806464,0.9446617520204823,0.6476872223262036,0.9521607173578848,0.8738606237740507,0.9628544051917185,0.7908213627520431,0.9587975984252077,0.8716344770358808,0.9707285038906439,0.8982973238138026,0.9046088515432297,0.9983896418435716,0.8503036531113334,0.9738732888432947,0.8040092425999465,0.6669132954317065,0.8982973238138026,0.8109101487514541,0.6777683716315153,0.9203519494821841,0.8982973238138026,0.8517543265035216,0.85478507095173,0.8127771921543288,0.784946103902374,0.8546519604704221,0.8950004825334386,0.8982973238138026,0.8799848489616022,0.8982973238138026,0.7872246393567071,0.7794735239960577,0.806120374351808,0.8982973238138026,0.8665173758106768,0.8982973238138026,0.7888562371105832,0.8599235121346394,0.8821389927482703,0.8469021918494404,0.9051664401581991,0.6844514401693316,0.8917839318880127,0.9929979934242446,0.9083753558180288,0.9385092927164109,0.979237470612264,0.8374879178218959,0.9087598936651085,0.8635020267698967,0.787720103613721,0.8716160182705621,0.9435797529671,0.8792462116718203,0.9037073523919099,0.8688595670597337,0.830376621857766,0.9660751215045752,0.8982973238138026,0.7962180258739612,0.8982973238138026,0.8472287080941754,0.87924621167182,0.6763984140704807,0.8408182974981264,0.7005697385187069,0.9433505326956113,0.7846703280951375,0.8738276768158078,0.8478590043252137,0.9442911856940015,0.7725124558342087,0.9346809664354945,0.8181125801224831,0.8743436535777682,0.553824310001345,0.8950004825334388,0.9124768483179178,0.8247871856841666,0.9245566463845687,0.8279718704668136,0.7268327747732354,0.9538376059860603,0.8343707686619775,0.806399776287932,0.6349142448440399,0.6767135795703891,0.7251120861996134,0.8319996093494122,0.9163339973465923,0.7401633394162199,0.8521802761821584,0.9880552524038384,0.8688868031080181,0.9163339973465923,0.6826797378667251,0.7975952398139297,0.955587210232753,0.8393506493506497,0.8972375489498445,0.9051664401581991,0.989155678726837,0.7012727298799544,0.8917839318880125,0.9051664401581991,0.9452045885097757,0.7263991323360799,0.9163339973465923,0.9168026014875831,0.9219094108182129,0.8702667377832223,0.6571963259063061,0.9612908916295111,0.8982973238138032,0.9456666443083235,0.8917839318880125,0.9087598936651087,0.7295713707877454,0.6877922077922076,0.9346809664354945,0.860162647158031,0.7964694266407076,0.7452094955649673,0.7153904683339447,0.6562854865109045,0.8305661023142834,0.8428887187977441,0.9922795824174904,0.8205287945313131,0.8913373025078368,0.8297304774174434,0.9384149895103315,0.989155678726837,0.7049143960866455,0.9351816571057279,0.8145665213807645,0.8982973238138026,0.908759893665108,0.8716160182705619,0.8917796312811821,0.9163339973465923,0.9986975721475881,0.9954779619578475,0.8982973238138026,0.8738276768158078,0.6340970598242208,0.9741037694931156,0.9855806260787099,0.9117550006367757,0.8682458143938525,0.6763984140704808,0.7774023226200245,0.7578564972380724,0.9049013665285817,0.8855640524750215,0.7671683823766464,0.9452045885097757,0.93859975842519,0.8196852525153115,0.9852187602692419,0.9438851950846348,0.8277077380726945,0.679029944444421,0.8880438381235429,0.6869349242050353,0.9232833700357419,0.8950004825334388,0.9764633918625475,0.8303766218577662,0.7338952064255615,0.649238188960271,0.7525917314685766,0.8982973238138026,0.9572849265673878,0.6900232847786794,0.891060789136005,0.8399900951147437,0.8913373025078369,0.9815808258840134,0.8982973238138026,0.8982973238138026,0.6553147023236439,0.7015394427919226,0.7896275290564245,0.8982973238138026,0.9203519494821841,0.8982973238138034,0.8448271155174851,0.7941789388239802,0.6616128628478182,0.8762768783002747,0.8473176272509808,0.9400658022383341,0.7482455463310862,0.6976769596593316,0.8982973238138026,0.8597339099644477,0.8574165634704995,0.7058016715101803,0.7647736819230551,0.8738606237740507,0.9062586746037922,0.9051664401581991,0.6632361393079851,0.8982973238138026,0.7562536453690192,0.9496954632066934,0.8613404928899193,0.9949358356816829,0.5946754023241767,0.7794597469196707,0.8855640524750212,0.8982973238138026,0.5296978247328828,0.9189863565106491,0.8982973238138026,0.7545374249029679,0.9453240262704514,0.8552640869498307,0.7452094955649673,0.6483003736302577,0.8982973238138026,0.7516243846392514,0.8891590066851451,0.9986975721475881,0.9985684800204515,0.975320428629076,0.9569952737155706,0.978029391043034,0.8131983326178942,0.9452045885097757,0.0,0.7726666747453208,0.871015668341351,0.9251878480511033,0.9930894725906441,0.8343707686619777,0.8850196814928615,0.9087598936651085,0.8917796312811821,0.8982973238138026,0.9612908916295111,0.9992697492831334,0.8058577837118319,0.6028059274744264,0.8825982719080665,0.891783931888013,0.9696706774563099,0.8658671703908482,0.9273191685398661,0.9263079894969778,0.9358682901281237,0.9852187602692422,0.8545605864608923,0.8074099974274129,0.634097059824221,0.9612900607098119,0.6559488674953635,0.9521607173578852,0.9015112496120745,0.7974959864263496,0.9965533049210543,0.9203519494821841,0.9626868422458403,0.9068614220260414,0.9274940273483405,0.894956093775602,0.9717562486586402,0.9380492094416575,0.8546046697323406,0.93859975842519,0.9933942044579585,0.9260814140200433,0.9880552524038384,0.9200110104166672,0.7645569584857025,0.9036261460394366,0.7818741296724117,0.9718559030342412,0.8996568258439397,0.8342167232423128,0.8904901469025133,0.9454261440783158,0.840710283888357,0.9220876690886725,0.932006830882798,0.7501345608489141,0.6998565460811921,0.8610365234667815,0.7723258715761907,0.8792462116718203,0.8779023381318594,0.9051664401581991,0.9320629895212051,0.9587975984252077,0.9899569054508075,0.6818753513218878,0.9163339973465923,0.9673909389153651,0.9072772156967592,0.955587210232753,0.9448040023073331,0.9579262138531628,0.9232833700357421,0.8008509217498042,0.9163339973465923,0.9036261460394368,0.7672749545603187,0.9215056404872428,0.8950004825334386,0.8950004825334386,0.7729195442522487,0.9569952737155705,0.9232833700357419,0.8181125801224831,0.8982973238138026,0.912476848317918,0.8982973238138026,0.8982973238138026,0.6368886101182984,0.871015668341351,0.9133217982743664,0.8982973238138026,0.9076163260647068,0.832060554400341,0.9770907745521812,0.9692137626308377,0.8597339099644477,0.8394030698107127,0.9190123973775641,0.9380492094416577,0.7060715222536043,0.8855640524750212,0.8729429682678405,0.9124768483179178,0.9350596893811605,0.7972795286149581,0.968775673712853,0.849832308499898,0.877696581082679,0.9628544051917187,0.7784754147615082,0.9986975721475879,0.8343952307678693,0.9051664401581994,0.8443737802152149,0.9331724120804428,0.9872808818034812,0.9929979934242446,0.833361309963982,0.8738606237740507,0.9707285038906439,0.6410550313270731,0.9677818078508611,0.8546046697323413,0.9400658022383346,0.9404244238472441,0.8521802761821577,0.6272076230559915,0.8330795644798099,0.9087598936651087,0.9656645681405693,0.8886405262183215,0.9289450935664054,0.79947058577019,0.9315076677030099,0.7541530353285171,0.9887137511074673,0.9741037694931156,0.7253310013715412,0.8920306558176377,0.7962180258739606,0.8016446796362817,0.9400658022383344,0.9569952737155705,0.8824486986371004,0.8982973238138026,0.9087598936651085,0.8574165634704995,0.6508510804143522,0.8304203589751653,0.869791519239831,0.9273191685398658,0.9887137511074673,0.7794597469196707,0.9929979934242448,0.6584834688849035,0.9203519494821841,0.7484729511715567,0.8292573708902125,0.6793475545983583,0.891783931888013,0.945336400066193,0.8262289965174923,0.9739869440076382,0.9281505333988456,0.9393582686227169,0.8960111159255764,0.7025879896957166,0.5648527691348696,0.8880438381235429,0.8846818506437567,0.848468867392921,0.9349923413419472,0.9203519494821841,0.9049013665285814,0.8271254892384673,0.8305661023142834,0.7076404376458334,0.9650885705343868,0.8950004825334388,0.7050747183390328,0.7329542800755009,0.9741037694931156,0.9133440537249912,0.8546046697323413,0.9899569054508074,0.9315838513038122,0.8949560937756018,0.8015045778698602,0.8767292272696674,0.6600669774925902,0.9242207792207795,0.9119409794917461,0.666913295431707,0.9087598936651085,0.9741037694931156,0.8982973238138026,0.8844545205190457,0.8586889886618323,0.9459413039720077,0.8399134433261006,0.8982973238138026,0.9636336092428521,0.8146991595739106,0.8023659876269932,0.8448271155174853,0.8074099974274127,0.8866236210773966,0.9840083675222407,0.8638285302672435,0.9102566149674474,0.9158187418681747,0.9984667497909236,0.9864805675103101,0.9124768483179178,0.8716160182705619,0.8575360288119107,0.9852427368613523,0.85478507095173,0.9245566463845685,0.9791100127950296,0.9273191685398654,0.9245566463845685,0.8825490680853294,0.9740512052478837,0.9358682901281237,0.8381174916672232,0.8676084812035902,0.9612908916295111,0.5757091477857111,0.711339287138303,0.7704381686898514,0.6970629719247504,0.8950004825334388,0.9087598936651087,0.888640526218321,0.8950004825334388,0.9315076677030099,0.8086206400665752,0.8982973238138026,0.9035024108771544,0.9514641192095346,0.8982973238138026,0.8981981738963489,0.8017356620663352,0.7689677426729769,0.9452045885097757,0.6995298944485664,0.555933721171795,0.8950004825334388,0.7860605058201844,0.9302468132785002,0.946010844034308,0.7025130319556001,0.8982973238138026,0.9743492709782584,0.9051664401581991,0.8682458143938525,0.6852734808771186,0.8625965090627861,0.9612908916295111,0.9404244238472441,0.9670487459541284,0.9250646625674576,0.9049013665285814,0.8982973238138032,0.9495258032875479,0.9458892596972854,0.9843169023487448,0.8646278211931004,0.8795907732894914,0.903838425521733,0.8601626471580306,0.9452045885097757,0.9285789674408109,0.6989244357023686,0.8982973238138026,0.9358682901281237,0.8427113767838497,0.9674296364846791,0.7260908155688839,0.9232833700357419,0.9910084019014881,0.8861077761283546,0.891783931888013,0.9496565947236844,0.6891344764244003,0.8982973238138026,0.8982973238138026,0.8088802878099842,0.9809747883816142,0.8716160182705617,0.9045871089188111,0.8779534043702758,0.9917569238479409,0.7989426079415443,0.7030147220539484,0.8655153376703728,0.8989905641715809,0.8982973238138026,0.7630686340617758,0.9087598936651085,0.9245566463845687,0.7794597469196707,0.9163339973465923,0.8678889305219284,0.8982973238138026,0.8982973238138026,0.7112657411212243,0.8982973238138032,0.6947385353778733,0.8766849093977229,0.76713258047687,0.8202046342072096,0.8961349836168875,0.9284481156139277,0.9430039723968352,0.75346394051989,0.8982973238138026,0.85478507095173,0.7225542752761507,0.9404244238472439,0.8588815312388143,0.8061728924600965,0.8451636443743908,0.8680236613509513,0.8600762842131289,0.5946754023241766,0.825484010973172,0.8982973238138026,0.7466909621082118,0.8850707526024726,0.9849570992606981,0.9334659979726352,0.7671548502020802,0.6546383311556709,0.8078115492281963,0.9191559908566294,0.9150817040227418,0.9590491801438059,0.8773279926781519,0.6956453479726297,0.9674296364846788,0.8931207173207164,0.9055149569795278,0.7022227960938563,0.9667875986555684,0.8950004825334388,0.9814461820758449,0.969811206105381,0.9739869440076381,0.5623442001816578,0.7781606149641475,0.8547850709517297,0.9763491073983368,0.7286134918555999,0.8273272241564982,0.891060789136005,0.9615766196677189,0.9514188109289151,0.9674296364846788,0.9083753558180285,0.7430297335586082,0.8491913054642302,0.8855640524750217,0.9315076677030099,0.7495008506609429,0.8713359722462142,0.9016827426948626,0.9554806887720189,0.9649624370614636,0.9720724632697069,0.9436698309710323,0.8982973238138026,0.8659700264580341,0.9889897772432356,0.8231679506847895,0.9203519494821841,0.8106363451721063,0.8682458143938525,0.7826100169836443,0.8982973238138026,0.7561720517445581,0.7416270111485654,0.8921353095861764,0.6717166368785513,0.8634206838256486,0.7022227960938563,0.9087598936651085,0.8257784234747548,0.8606821674513192,0.9324527933109434,0.7015316491098449,0.9320068308827978,0.7203327065824159,0.9245566463845682,0.9625024121535213,0.9358682901281239,0.9253246753246755,0.9118266937745217,0.7096006928216876,0.9823380035557212,0.7843923568310975,0.8387059119859542,0.8950004825334388,0.7675108168327993,0.8304203589751653,0.8131983326178944,0.7219187927829591,0.7186974947295509,0.8982973238138026,0.6967794790391046,0.8172107089526788,0.8972375489498445,0.8982973238138026,0.9450302180214635,0.9870237809502926,0.9163339973465923,0.9015112496120745,0.8950004825334388,0.8828762782827957,0.7607253771657496,0.8795508326200487,0.9417424117820135,0.7911048449964686,0.9625024121535213,0.7402685276859235,0.8982973238138026,0.9237933266762685,0.8982973238138026,0.9937522140875702,0.9528934221970997,0.9538517566893452,0.9245566463845687,0.8749450670155863,0.8108423679452322,0.9221592585306984,0.9234427656660245,0.8982973238138026,0.6629041920589054,0.8453796842512094,0.9634663484664903,0.8767292272696676,0.8303239302316405,0.9253034294291274,0.8498323084998982,0.9403384005644587,0.981028709859354,0.9027377621542536,0.7025098853337723,0.981028709859354,0.9758531990983841,0.9087598936651087,0.8702667377832223,0.981028709859354,0.9245566463845687,0.8917796312811821,0.865867170390848,0.8702667377832223,0.8950004825334386,0.8607094109952483,0.958102892901342,0.7833556479805837,0.8303239302316401,0.7935329376806908,0.8521802761821586,0.9688293585413836,0.6304061102621359,0.9014819656601372,0.9670940430633048,0.871032332233665,0.8688868031080181,0.9796805140071816,0.939334369442,0.8395099326667368,0.9171653119248926,0.90460885154323,0.9852427368613523,0.9348085269124422,0.9613249582586854,0.8549399288486854,0.8549399288486859,0.9157299173985015,0.9087598936651085,0.912476848317918,0.9312945084838402,0.9069090419812995,0.9715209999149856,0.9899569054508074,0.8767292272696672,0.9779870427101326,0.9670487459541284,0.9004036202971208,0.9734392564424441,0.8522414559714525,0.8712442473861115,0.9215056404872426,0.8939211626361121,0.9780661361595926,0.955587210232753,0.9350104408206926,0.9242289733842733,0.8917796312811817,0.9579262138531628,0.9341772783566886,0.9284481156139277,0.9382194349046169,0.9067163900117083,0.8795907732894912,0.9156263656687095,0.9954779619578475,0.983366847506157,0.9086337996670771,0.9051664401581991,0.9016827426948624,0.966614962096128,0.8549399288486847,0.9747191147870711,0.9253246753246753,0.9080837268809803,0.9164060891461528,0.9628544051917185,0.8917839318880125,0.9320928830806239,0.9520400285911688,0.8273272241564984,0.9452045885097757,0.9593770975263437,0.9281505333988456,0.912476848317918,0.889426209911969,0.8695178573825644,0.9791661049996256,0.9203519494821841,0.8503216798204942,0.9163339973465923,0.9173976423621661,0.9124768483179178
p154_N,0.7679579596825117,0.8688814196559582,0.7581449596587464,0.9001248489566036,0.8864622842804519,0.9157773781681393,0.802137439502038,0.7859936004262239,0.1736567654939163,0.9110833848585063,0.8655788710295136,0.9809610462488346,0.9168460830759904,0.8267698008899671,0.826881079892079,0.8368917104714451,0.9950194567723258,0.8468584144181484,0.9904950340182073,0.9550108469657219,0.767407766023356,0.8623348546394309,0.8844608451681755,0.8902416609981851,0.8591451287364846,0.39657643890135463,0.8756817347288377,0.6331402838799264,0.9110833848585063,0.6932411841023378,0.4649237796307125,0.8981423730059304,0.9038040896127963,0.5210021822156151,0.9565760602192026,0.906597867618917,0.9263909248883351,0.8722472547880544,0.9157773781681393,0.843889913133864,0.7751140922654685,0.8498654909309757,0.9620090329381987,0.7697340356125446,0.908006436853547,0.659011934569181,0.8941307528793183,0.48985069272753146,0.8438899131338644,0.6829800927640504,0.8981423730059304,0.6637844601423639,0.4235966227113721,0.8997273685499723,0.8722472547880544,0.8671481959671583,0.8409576378165506,0.8864622842804517,0.6876659594181669,0.8791909353978857,0.3419346913506518,0.5626348334770381,0.9279189658482012,0.7751140922654685,0.9022918659842716,0.4773599837539676,0.8981423730059306,0.957448976261386,0.9429699829461342,0.906597867618917,0.8240149887318153,0.8438899131338644,0.8864622842804519,0.45380821515769754,0.8864622842804517,0.7462121212121213,0.8919047203852764,0.8655788710295136,0.4658189581454655,0.9157773781681393,0.8655788710295136,0.8529137105219888,0.8351933115660992,0.8468584144181486,0.8864622842804517,0.8158904503387641,0.9510444518769681,0.6922597210429221,0.9386165782405596,0.8827817928509321,0.8864622842804517,0.7581449596587455,0.7322505269126647,0.5644562206194587,0.8351933115660992,0.8386187115461273,0.753356432078405,0.7485888881337766,0.46210578866808705,0.40437829815630344,0.8409576378165506,0.8941307528793181,0.8864622842804519,0.7327560245077274,0.7457382913818859,0.906597867618917,0.7925264018514981,0.47006234322942186,0.966888593695517,0.4612336554976316,0.7226271542885687,0.849865490930976,0.4420186100136322,0.7976086609556903,0.8941307528793183,0.5061356833588737,0.868881419655958,0.906597867618917,0.9157773781681391,0.4001745492579659,0.9710140555392552,0.7438395839048273,0.8591451287364846,0.8323574432143275,0.8468584144181488,0.5659492580835055,0.8902416609981851,0.7234753402496814,0.8827817928509321,0.8562275189872222,0.3886795028810496,0.8941307528793181,0.8981423730059304,0.9620090329381987,0.8756817347288379,0.6703377204796941,0.8740523137582077,0.8981423730059306,0.8981423730059304,0.9123483154835408,0.6241024780524287,0.911083384858506,0.39981208821091685,0.7482259149486261,0.7485888881337759,0.3661806152404139,0.7740233976843678,0.34504691182031166,0.8970782185921153,0.5602448859506444,0.9110833848585063,0.5748289165443019,0.6945837696126067,0.8464347259141753,0.8981423730059306,0.5178504213671244,0.7653735380464488,0.8531312712965915,0.771115094942797,0.7438395839048273,0.629575766153263,0.9314897302747827,0.8808617942287751,0.8505797754604408,0.7702277461203109,0.8132249165650078,0.8218234851066022,0.7751140922654682,0.8860804513717158,0.7011568347813255,0.8267698008899673,0.8827817928509321,0.5566595247194697,0.6949997057997161,0.634969662877881,0.8171310708533335,0.9485464508185621,0.9721638154265353,0.9167339252194593,0.7649253731343284,0.909336465943066,0.47300608008559186,0.8671481959671583,0.8827817928509321,0.8632401944369201,0.6897540687082335,0.2334304288282918,0.7800363210512202,0.8688814196559583,0.8543169908091184,0.9123483154835408,0.7776367173726881,0.602513654161871,0.4599155035717357,0.811177217036074,0.8864622842804517,0.8902416609981851,0.9786630756548504,0.9200163595129567,0.6955797178918419,0.3553637441843136,0.9168460830759904,0.8864622842804517,0.7062170385919371,0.4749899591175455,0.9110833848585063,0.8864622842804517,0.7748108164327403,0.39057017400914384,0.2058457711442787,0.3888200571629632,0.7874959163934856,0.8827817928509321,0.8864622842804517,0.6780139003685113,0.8864622842804516,0.5954454181687584,0.6715171982426509,0.7271619505756842,0.8864622842804517,0.6897937717575546,0.8864622842804517,0.7553793427446664,0.6095677189071118,0.8132249165650078,0.7404233186480342,0.8941307528793181,0.5338590875273486,0.9123483154835406,0.856005889625516,0.8623348546394314,0.7900050147457418,0.49857612254973405,0.842163021958878,0.8981423730059304,0.8559143478531269,0.9569477454890256,0.7825121459579751,0.8698017393569921,0.6872862343439083,0.34492154934225605,0.9080064368535468,0.7438395839048273,0.6897631234886012,0.8864622842804517,0.9064877137327916,0.8864622842804517,0.5892630394369303,0.8105788943203354,0.8981423730059306,0.8380594322760744,0.5037796173980087,0.9263909248883351,0.6047101874302317,0.8591451287364844,0.7605479974944291,0.8957643484306201,0.434485447447139,0.8941307528793183,0.7132470179278474,0.7795589752708633,0.8176780297001325,0.8827817928509321,0.9368056844674395,0.8049554513642714,0.9157773781681393,0.538882498979386,0.9578037571201252,0.8498654909309764,0.5053157444704254,0.7202806704181541,0.9368506101299685,0.802659299436816,0.8935007605886534,0.48855813326911113,0.906597867618917,0.33632967368689315,0.5595303089907983,0.8529137105219888,0.8919074571203546,0.906597867618917,0.9960422839487977,0.3891759168090543,0.9022918659842716,0.772666674745321,0.8267698008899669,0.8941307528793181,0.8185765480394147,0.426798845688499,0.8791909353978857,0.8941307528793183,0.8941307528793181,0.5497173702658349,0.906597867618917,0.5120452322923388,0.432300849037051,0.7438395839048275,0.7482752338667522,0.9485464508185621,0.8864622842804519,0.843889913133864,0.879190935397886,0.8981423730059306,0.4562496765989126,0.9932745204948641,0.8941307528793181,0.8438899131338653,0.9560939169537147,0.6024520599437717,0.8410814274862977,0.9623642557720874,0.9257769056537763,0.8375386637061137,0.6885667447732243,0.7331541723798976,0.9550108469657219,0.31944502974051836,0.9110833848585063,0.8893359697978047,0.9475247683209957,0.79760866095569,0.9564333375388241,0.8864622842804517,0.598650544381574,0.7825121459579751,0.8468584144181488,0.906597867618917,0.9770312968545117,0.8827817928509321,0.8864622842804517,0.8591451287364844,0.906597867618917,0.9620090329381987,0.8001709249137132,0.6205340313117771,0.8529137105219888,0.9368506101299685,0.6647109349545077,0.6175994786481613,0.8591451287364846,0.49661604871711085,0.676509739448298,0.9937923149342885,0.5681751300545421,0.7015474986353403,0.6067374491458,0.6074999062484281,0.9157773781681393,0.5156383202745389,0.842163021958878,0.5035978683337807,0.8756817347288377,0.8827817928509321,0.8481655023013712,0.7438395839048273,0.42679884568849913,0.4231569554005006,0.5948563043296697,0.8864622842804517,0.23968599356243547,0.8392124024772523,0.8451467284600855,0.8158904503387643,0.9550108469657217,0.5238860683164841,0.8864622842804517,0.8864622842804517,0.8438899131338642,0.7849984898875144,0.6850885630215999,0.8864622842804516,0.9110833848585063,0.8864622842804519,0.8267698008899672,0.7702277461203106,0.47498995911754527,0.8864622842804519,0.8295501310031699,0.8919047203852766,0.6250385328280963,0.5865950509381082,0.8864622842804517,0.7343854850519835,0.8132249165650078,0.5066781937742665,0.5004988466485284,0.8543169908091184,0.7085603452920901,0.8941307528793181,0.4583405337862819,0.8864622842804517,0.5620784170923394,0.8468584144181488,0.3781118228182955,0.792134340981677,0.8902416609981851,0.6382352416312917,0.8722472547880544,0.8864622842804517,0.9458033301344513,0.5555321608619928,0.8864622842804517,0.8295501310031699,0.4617172256469805,0.6630012597203832,0.6024520599437719,0.44108313433500734,0.8864622842804517,0.6809954424556648,0.4272131604503272,0.9022918659842716,0.7504165315210711,0.6637986185258751,0.6522752817100671,0.36481189893003463,0.7677968477425343,0.8941307528793183,0.7726666747453208,0.0,0.8560058896255163,0.26165328723728654,0.7179353162650712,0.7109035953750173,0.8560058896255165,0.8981423730059304,0.8468584144181488,0.8864622842804517,0.9485464508185621,0.7800363210512207,0.4235891212535944,0.8957643484306201,0.8380594322760746,0.879190935397886,0.6253816765111444,0.8902416609981854,0.879190935397886,0.8655788710295136,0.8864622842804519,0.8688814196559582,0.7296759184472719,0.8058253847798855,0.906597867618917,0.27707016535969875,0.9110833848585065,0.8535050402979151,0.9413707562534939,0.6415975424206259,0.8623348546394305,0.9550108469657219,0.597896542334641,0.49473158399116,0.758144959658746,0.8498654909309762,0.8623348546394316,0.7825121459579749,0.8941307528793181,0.8893359697978047,0.7751140922654685,0.8280823810860061,0.8808617942287751,0.7198843103116696,0.8655788710295138,0.4147295812625009,0.6421627176199256,0.5609263275589008,0.8294892606763249,0.8756817347288377,0.41981199098682587,0.7557478947704013,0.9490282143343616,0.9367579616423476,0.8844608451681761,0.5922855648789711,0.8957643484306201,0.6849163308736779,0.8529137105219888,0.8334032066537786,0.5536853726907314,0.8941307528793183,0.8798395353926876,0.6179758683436101,0.8158904503387638,0.9771147312346133,0.8836592163828572,0.7626785493480277,0.5095361435159558,0.9425174783713439,0.8593611498612634,0.8756817347288377,0.8756817347288379,0.9368506101299685,0.9485464508185621,0.8323574432143275,0.6256272652165835,0.8053414778755119,0.8827817928509321,0.8827817928509321,0.6206743836611868,0.8138801832529765,0.8756817347288379,0.7132470179278475,0.8864622842804517,0.9022918659842718,0.8864622842804517,0.8864622842804517,0.38898190742531813,0.8560058896255169,0.842163021958878,0.8864622842804517,0.4347356400282314,0.33199372703238417,0.9247004559875523,0.6709142759202356,0.7343854850519835,0.5660215206094172,0.8058253847798855,0.7825121459579751,0.30669928710306926,0.9038040896127963,0.9356625961103573,0.9425174783713439,0.43780708122962175,0.5637568085924605,0.39407342196213613,0.8323574432143277,0.9384117362634949,0.879190935397886,0.9099519670291192,0.9022918659842716,0.807353843829627,0.8941307528793183,0.9403657715046638,0.9898158166313402,0.9872190633517799,0.856005889625516,0.5428093864127952,0.8543169908091184,0.4054512982216476,0.9163544660332102,0.9639540801815839,0.8443564053524308,0.9806143176228139,0.8902416609981851,0.9209693365062517,0.47192767407162306,0.6421627176199254,0.9755588472540062,0.6803746334600482,0.940331138978256,0.6208299105199526,0.7533564320784047,0.9168460830759904,0.5517941040323392,0.835193311566099,0.9157773781681391,0.5660215206094175,0.3093826054739296,0.8238373352162471,0.5606359366745557,0.8623348546394309,0.9633566530633242,0.7137224674887341,0.8864622842804517,0.8981423730059304,0.5177997006392876,0.8864622842804519,0.7403161244957448,0.782826756410419,0.6897631234886008,0.8351933115660992,0.6225660274177294,0.8560058896255163,0.4339965518122775,0.9110833848585063,0.5385893026274402,0.956135303232833,0.6983695670193446,0.879190935397886,0.9038040896127961,0.7480733502050746,0.8105788943203351,0.8529137105219888,0.7654837515686737,0.4700309106516968,0.5766545889203936,0.9324224030209621,0.8185765480394147,0.5783040476906003,0.6897937717575542,0.8162831682081926,0.9550108469657219,0.9171338879258173,0.9290120195510653,0.6397347348162601,0.9075489346049833,0.6770591050132848,0.8827817928509323,0.5441805233742257,0.6445850894057779,0.9157773781681393,0.8191478462060504,0.9190743601433597,0.8158904503387641,0.8132249165650078,0.8498654909309769,0.7800363210512204,0.8574545423984332,0.888139508331151,0.792721933449825,0.8655788710295134,0.8827817928509321,0.8981423730059304,0.9157773781681393,0.8864622842804517,0.8421630219588783,0.6991845409765629,0.42679884568849935,0.8212843295402945,0.8864622842804516,0.3770806457751178,0.6075748488380368,0.9135841531896122,0.8267698008899675,0.7849984898875135,0.7581449596587455,0.4819305615369215,0.8677998966004279,0.8380594322760744,0.8111772170360738,0.2887685888429624,0.7557478947704015,0.9022918659842718,0.7825121459579749,0.8409576378165506,0.9314897302747827,0.8105788943203351,0.9157773781681391,0.9929048667968814,0.879190935397886,0.9157773781681391,0.868881419655958,0.8409576378165506,0.8864622842804519,0.7109989288393819,0.7414709575547707,0.7158648835842771,0.8864622842804519,0.8623348546394309,0.5247864547290797,0.44108313433500757,0.8827817928509321,0.9368506101299683,0.8756817347288375,0.8827817928509321,0.8827817928509321,0.8421630219588779,0.8864622842804517,0.9080064368535468,0.8138801832529765,0.8864622842804517,0.8529137105219888,0.7749015187531063,0.906597867618917,0.8941307528793183,0.9022918659842718,0.8902416609981851,0.8827817928509321,0.5441805233742258,0.23343042882829157,0.6318049106066176,0.5892233095737327,0.8864622842804517,0.7925264018514984,0.8941307528793181,0.8529137105219888,0.4650700731953419,0.7950607243576511,0.906597867618917,0.8902416609981851,0.8509110753168516,0.9247004559875522,0.8591451287364846,0.8864622842804517,0.8105788943203358,0.8240149887318153,0.8323574432143275,0.37500889896562895,0.9259498258317267,0.9485464508185621,0.8438899131338642,0.8941307528793183,0.7925264018514981,0.3290476887806456,0.8864622842804517,0.8864622842804519,0.7367442060398037,0.9110833848585063,0.6373009543432431,0.8756817347288377,0.8655788710295136,0.3687929299936967,0.879190935397886,0.47170600811538455,0.47285517668409927,0.8864622842804517,0.8864622842804517,0.8079513928571602,0.6382352416312916,0.803174740587111,0.5812270754605111,0.2982687291794157,0.6024520599437722,0.6580890508816981,0.4480627928916937,0.8498654909309755,0.4082890409917612,0.8864622842804517,0.7979198875627123,0.8981423730059304,0.9157773781681393,0.6225660274177294,0.906597867618917,0.3432658344871661,0.8864622842804517,0.8864622842804517,0.5127841318592218,0.8864622842804519,0.4942433005723248,0.8623348546394309,0.6803746334600482,0.7751140922654682,0.8638670046962087,0.7953141561623831,0.34567433210864107,0.6661647388985443,0.8864622842804516,0.8105788943203351,0.392911022832774,0.8902416609981851,0.9485464508185621,0.877204884667572,0.6932371425631806,0.8001709249137137,0.8158904503387641,0.8902416609981851,0.6850885630215995,0.8864622842804517,0.36044933016786984,0.8158904503387641,0.5582837991363538,0.7155908458851163,0.7162663589447837,0.9460428869799574,0.6455939357881797,0.6732839158200901,0.8161288473062227,0.6372083188013414,0.4460116617567754,0.8756817347288377,0.9110833848585063,0.8309066414657286,0.873878598228166,0.39298896072992795,0.8981423730059304,0.8827817928509321,0.40536079209761156,0.8971367806773712,0.8562275189872219,0.8723160158709273,0.9620090329381987,0.8334032066537786,0.8530643479815632,0.9157773781681391,0.7825121459579749,0.8923668834222103,0.3223922422543303,0.8330826119645452,0.9110833848585063,0.8919047203852764,0.9011062193938025,0.6564355087031022,0.9038040896127966,0.5721895635481331,0.8409576378165504,0.4758527992126146,0.8902416609981851,0.48233719580759615,0.8392124024772527,0.4503334155938933,0.4748955306620024,0.8864622842804517,0.7581449596587455,0.8330826119645454,0.65588342566726,0.9110833848585063,0.957839507679898,0.47633228051513843,0.8602824620535623,0.8864622842804517,0.4339965518122775,0.5660215206094175,0.8529137105219888,0.43041185921839553,0.36044933016786984,0.4082890409917612,0.8981423730059304,0.37698020984333025,0.9443016322889926,0.7649340659424573,0.5579250762472651,0.856005889625516,0.6494137458977758,0.9157773781681393,0.856005889625516,0.8864622842804519,0.772666674745321,0.8704840658629895,0.2955527403996522,0.7825121459579751,0.5766545889203933,0.991632948188578,0.8827817928509321,0.39304458093931016,0.6897937717575544,0.7677968477425345,0.5066781937742666,0.5413918377205973,0.8864622842804517,0.4782517936303614,0.694491879616375,0.8267698008899669,0.8864622842804517,0.3704046201501604,0.8722472547880544,0.906597867618917,0.8560058896255172,0.9168460830759904,0.6566193108706682,0.9369801151017116,0.7702277461203106,0.8671481959671583,0.7950607243576511,0.8844608451681757,0.5819056617272442,0.8864622842804517,0.9554799883628495,0.8864622842804517,0.906597867618917,0.7218754396667708,0.27748318659044635,0.9157773781681393,0.835193311566099,0.6640908720945999,0.41463054223256046,0.8267698008899671,0.8864622842804517,0.8134203880781347,0.38101723836867796,0.6824939056525836,0.8323574432143275,0.8105788943203363,0.8981423730059306,0.8323574432143281,0.8295501310031699,0.9516336164537744,0.36677336846581887,0.5413918377205977,0.9516336164537744,0.8267698008899675,0.8981423730059306,0.7438395839048275,0.9516336164537744,0.9157773781681393,0.9640002989117291,0.8567134917707653,0.7438395839048273,0.9168460830759904,0.8295501310031699,0.8529137105219888,0.31682064435140267,0.810578894320336,0.9413707562534936,0.3336309167936421,0.8369802541166287,0.9509103733010487,0.8623348546394312,0.5037488420997276,0.8267698008899675,0.7800363210512207,0.7590822619358506,0.9314837941887083,0.7950607243576513,0.8704840658629898,0.8902416609981851,0.8941307528793183,0.563851235291932,0.8995812034041049,0.6457891193212351,0.8380594322760744,0.6322965766694822,0.8981423730059304,0.9022918659842718,0.9119646972359534,0.47783030105807467,0.8044038270762577,0.6710266026145006,0.8323574432143279,0.8844007632887303,0.888139508331151,0.5017446542362178,0.8864622842804517,0.5264860015930057,0.7452858298473437,0.8053414778755115,0.44915186874411617,0.8754811923646952,0.9022918659842716,0.842163021958878,0.9183849622426923,0.4235966227113721,0.940331138978256,0.835193311566099,0.997314795131528,0.9056309515421299,0.6929875313012097,0.8655788710295136,0.9572606995567707,0.8827817928509321,0.8864081691974275,0.7725980101610048,0.8941307528793183,0.8902416609981851,0.4304047942107633,0.36190582269975335,0.8941307528793183,0.9531640030858564,0.4236691520718773,0.7809705963101157,0.879190935397886,0.879190935397886,0.4958461426717251,0.8529137105219888,0.7825121459579751,0.8941307528793183,0.39484038735686877,0.8529137105219888,0.9022918659842718,0.2310233587263013,0.8773362054151363,0.8902416609981851,0.9110833848585063,0.43730170230893184,0.906597867618917,0.7642166023705048,0.9022918659842718
p154_T,0.8775995692272134,0.6522610435168821,0.9907042037354444,0.9123838819213478,0.9888877218166614,0.9774873843362967,0.8764174889236307,0.902244070606904,0.8780124908814333,0.9836543654419934,0.892670362394828,0.9629124330159166,0.9629124330159166,0.6521190798851442,0.9199796380611351,0.9755486419654262,0.8739267712867871,0.7171128126277471,0.9470055188469617,0.9168592415074233,0.913721036530975,0.966854861926912,0.9518954248366015,0.9523391253205785,0.9641700044827177,0.9131105611405985,0.9230789959087817,0.929104460779949,0.9168592415074222,0.8047705081843861,0.9048830033154058,0.9422080421889416,0.975500298406281,0.8970640020677769,0.9355809960386168,0.9470055188469617,0.9377253379624282,0.8805458336495593,0.9522137875062906,0.5628734872929672,0.9031200523835075,0.9565880742927937,0.9522137875062904,0.8895546908938254,0.7756223220427976,0.8979075101614185,0.939931930051314,0.9047408499968013,0.9114262935403585,0.8627763408565621,0.9422080421889416,0.7450523333935415,0.9131105611405985,0.9805867004734363,0.975500298406281,0.9707630758620764,0.9495873612601233,0.935580996038617,0.961860449672711,0.9172894915317802,0.8808530918450068,0.8811566338086377,0.9131105611405985,0.9740168722867644,0.944562380594602,0.8952635136069895,0.9422080421889416,0.8677031490372049,0.9139033080355352,0.6064918890381658,0.842791192172182,0.9518647719377946,0.9044988266272492,0.827518555311926,0.935580996038617,0.9413707562534936,0.966854861926912,0.8467709954086369,0.8701003883997358,0.8368897280214713,0.9696315366465988,0.8284703715451973,0.9387522715750394,0.9131105611405985,0.935580996038617,0.6434430789979446,0.943218574940366,0.7753454676351303,0.9267460465187531,0.9334927596276978,0.935580996038617,0.726969184001057,0.832928253827891,0.9164468542563295,0.9064920176718159,0.9975694426888291,0.6767372766937763,0.9718166912916815,0.8888016367167049,0.8403638899082266,0.8512887315453759,0.8328391424856559,0.9888877218166616,0.7489804053126815,0.9419102772903428,0.9470055188469617,0.7930154634606785,0.8579287530657447,0.9476535753223351,0.8779967882982902,0.7514689554411658,0.5003842619917723,0.7552872343353838,0.9512709708775549,0.939931930051314,0.7938353809261203,0.9725096342470558,0.9470055188469617,0.9522137875062904,0.8199889998427843,0.9915753345612033,0.7208612448150912,0.7713007349324411,0.9424686286719846,0.8403716880382992,0.8733633188067396,0.9377253379624282,0.9264261500368134,0.9334927596276981,0.9272324378358678,0.9187512106015407,0.9399319300513138,0.5869208677074189,0.9522137875062904,0.9294643302252341,0.9266333405321229,0.956391353746548,0.9989330715481036,0.9422080421889416,0.9314553797224701,0.890848186201101,0.9495505106234361,0.9424305571390801,0.8435690365285479,0.8278743323979675,0.9199796380611349,0.8999534218821265,0.8970283477106125,0.9114262935403585,0.7852545083467019,0.9495505106234361,0.8808530918450068,0.829947546000642,0.987859931020284,0.8223564127592395,0.9114262935403588,0.8941339189416928,0.9940847844961915,0.9955712672694002,0.9961527583512033,0.9867155927210637,0.9399319300513138,0.36100077782967677,0.8414232580309249,0.8999138703842933,0.8940275945888625,0.9008184272841164,0.7590064904597399,0.9451809453601019,0.8283175748678029,0.5033963358644576,0.9334927596276981,0.909762579821223,0.9456844746310795,0.8848423121441406,0.9272241555912144,0.9254223119773604,0.9419102772903427,0.8111225839870734,0.998280667338812,0.8880833554050742,0.9686108910329275,0.9707630758620763,0.9111150293377238,0.8976368706054967,0.8097098653367368,0.845343740715992,0.9375514328635435,0.9256059689675475,0.7201104355222103,0.9677078677803634,0.9096814050133908,0.7552957205463094,0.8479953711128707,0.9130470727423967,0.935580996038617,0.9926931063209248,0.9314553797224701,0.8737979857661253,0.7763509738694074,0.9799919051829566,0.9334927596276981,0.935580996038617,0.8514108811947086,0.7333859584439868,0.9495505106234361,0.935580996038617,0.9482652342262796,0.8925262950745887,0.9413707562534936,0.8944739890743292,0.8970810042803181,0.9852901633058908,0.935580996038617,0.8425073736236921,0.935580996038617,0.8310109311948124,0.7211301413300406,0.6562928686971303,0.935580996038617,0.9520338727895101,0.935580996038617,0.8290179394841424,0.9878359798431867,0.614896278735926,0.9779265190687878,0.9399319300513138,0.8470327511406734,0.9314553797224701,0.9183006535947711,0.921891580360551,0.8615950609758736,0.7595497279368251,0.7442853103999508,0.7634975264962841,0.9031200523835076,0.948790021284017,0.9708590380088877,0.6761381180625211,0.8925262950745887,0.8925262950745885,0.9786165548472288,0.6642640454483502,0.9314553797224701,0.935580996038617,0.9708590380088877,0.935580996038617,0.9170525981732676,0.8992368483577363,0.9422080421889416,0.974154537883592,0.8012945764591582,0.9926931063209248,0.8910355038772135,0.920081794385244,0.664046619695012,0.892670362394828,0.9008184272841164,0.9967391619170713,0.6840046331108247,0.8638962238722949,0.826894450164378,0.9334927596276978,0.8107729257629088,0.932076989134909,0.9522137875062906,0.9721817251077062,0.788653366078027,0.8345551319705012,0.8624569788734151,0.7007353978218488,0.9422080421889416,0.8325804774157841,0.9039195430268581,0.718454589384933,0.9470055188469617,0.7830336770148898,0.9028659348848305,0.9590434494932021,0.813031062193263,0.9470055188469617,0.9115351767342708,0.7875548195067015,0.9942714459947755,0.9320068308827978,0.5777577078748013,0.9399319300513138,0.9953407916725414,0.8478585776896559,0.9172894915317802,0.9967391619170716,0.9967391619170713,0.7722567066352244,0.7978501428016824,0.7905401273174391,0.8159705917998175,0.9961527583512033,0.9531049385044281,0.8616362273895215,0.9044988266272495,0.8055043576775873,0.7156159865374476,0.9989330715481036,0.8644851655844239,0.9929979934242448,0.8896463743514132,0.8055043576775878,0.8940275945888625,0.9777362688255565,0.9512709708775551,0.9659012495917307,0.8661132668060985,0.9651350571208483,0.8874863316482162,0.7340655314227189,0.9495505106234361,0.909681405013391,0.9495505106234363,0.9329290708210041,0.9686491338802947,0.8834697192912029,0.9967391619170713,0.935580996038617,0.9422080421889414,0.9977218791928772,0.7581991044312648,0.9470055188469617,0.944562380594602,0.8075202219813382,0.935580996038617,0.964170004482718,0.9470055188469617,0.6259932435492322,0.9866968667809444,0.9171943330215183,0.9590434494932021,0.9422080421889416,0.8843193296037337,0.7184099887472584,0.9200817943852442,0.9275156757582279,0.7890319615486798,0.939931930051314,0.9329290708210043,0.7506937335574486,0.9256059689675475,0.9866968667809444,0.9071885561788837,0.8171343335176351,0.5649599666338143,0.8328000260887205,0.978616554847229,0.9334927596276978,0.9735951331947632,0.7774584441818327,0.8478585776896559,0.8494600808920518,0.7616421395616854,0.935580996038617,0.914804496369449,0.9310028073541698,0.7022686814329036,0.962608664233859,0.8500641175728524,0.8283175748678031,0.935580996038617,0.935580996038617,0.9518647719377948,0.9096814050133908,0.6444956181839554,0.935580996038617,0.9836543654419936,0.935580996038617,0.9388933740579656,0.990759872859976,0.8021516060453173,0.9355809960386168,0.9786100658041366,0.49358575927675385,0.7830716519809429,0.826224723781946,0.935580996038617,0.9567143747412897,0.7201268773091853,0.8310850899399087,0.8573807606623958,0.682450498188004,0.9401527315903424,0.9967391619170713,0.8333011459710062,0.935580996038617,0.7741449272453473,0.9225442716453335,0.8467627026932134,0.8350283510020513,0.9377253379624282,0.9526354118995055,0.49666885246513226,0.935580996038617,0.9284021172811181,0.9139487299142951,0.935580996038617,0.94095012846993,0.8697587253058279,0.9700125380913132,0.7678512841145848,0.8414232580309249,0.935580996038617,0.9031239469228098,0.8677031490372049,0.7496067523522856,0.9115351767342708,0.8823404080337957,0.914753761965559,0.8837215992432155,0.7407756860444537,0.939931930051314,0.871015668341351,0.8560058896255163,0.0,0.8132834148654702,0.7040718799108832,0.9419102772903429,0.9183006535947709,0.9422080421889416,0.9131105611405985,0.935580996038617,0.9892083965651994,0.8751970566277456,0.9347737608110154,0.9696315366465988,0.8171848505343977,0.9314553797224701,0.8873101713845235,0.8424035886035852,0.9314553797224701,0.7090728944500638,0.9355809960386168,0.9725096342470558,0.9887247606645065,0.6786227112711642,0.9470055188469617,0.9034398993284063,0.9495505106234361,0.9336830351939285,0.9086274509803923,0.9988860933623885,0.9881818565067267,0.9495505106234361,0.8854917384787357,0.929104460779949,0.9213841230197595,0.9148167155454525,0.921891580360551,0.9977218791928772,0.9399319300513138,0.8970640020677767,0.9645515900483717,0.898325266967624,0.7859731357528763,0.9433011034543322,0.8926703623948281,0.9048830033154058,0.791336746916445,0.7115665646213181,0.7055185623878262,0.873926771286787,0.8341393539507436,0.8764625255717524,0.9760740600631372,0.9590434494932021,0.9183006535947713,0.7637266391808437,0.9237321696604077,0.9364347145752202,0.9165462137008822,0.961938580597147,0.802700117343915,0.8896463743514132,0.8773273917878177,0.7788072202557931,0.9626086642338589,0.8724042835510755,0.9470055188469617,0.8901255119733621,0.9907042037354445,0.9445623805946022,0.9656649406467912,0.9294643302252341,0.978616554847229,0.9400741852851487,0.9892083965651993,0.4845235246341555,0.7251809805428411,0.9575684533387441,0.9629124330159164,0.9852901633058908,0.8465534160888444,0.8904257216519325,0.9294643302252341,0.6840046331108247,0.935580996038617,0.9445623805946022,0.935580996038617,0.935580996038617,0.8403638899082266,0.9183006535947713,0.9236106541660868,0.935580996038617,0.8510589727334182,0.8906591347904973,0.8925262950745887,0.9880803149691897,0.9844272218605029,0.9456546334164269,0.8369672819309514,0.8766017896141824,0.869622048739517,0.9755002984062808,0.9698257117961528,0.8719390991735314,0.8955399645501798,0.8556691134294783,0.9180946998642305,0.8661444446656796,0.9275156757582277,0.9677078677803634,0.8611386459284407,0.9331052725841533,0.8009251763488947,0.939931930051314,0.6620590507737355,0.9218915803605507,0.9983594330401349,0.9183006535947711,0.8819707287307352,0.9032901911357234,0.8808530918450068,0.9183006535947711,0.8986003425351381,0.9399319300513138,0.9218915803605507,0.9523391253205785,0.7311171338532001,0.8186510304280263,0.9608573490884633,0.9422080421889416,0.9955712672694002,0.9294643302252341,0.8802523537926028,0.8214883067456699,0.8075202219813381,0.80821767266797,0.9774411992633254,0.9522137875062904,0.7606847995947024,0.9034398993284061,0.9080208724124175,0.810751614843645,0.7184021671085598,0.9878359798431867,0.906341197991444,0.935580996038617,0.9422080421889416,0.9641813269710358,0.9355809960386168,0.8496029817787225,0.9668548619269122,0.9314553797224701,0.9838698730483884,0.9997120693732493,0.7355555555555553,0.8446470987747128,0.8500641175728523,0.8486096155225892,0.9237321696604077,0.9088681107772942,0.9314553797224701,0.9765150789456657,0.8685202841019504,0.7257061345513391,0.8284703715451976,0.9121630121591515,0.8479589472056541,0.7759324340814464,0.9298073906738056,0.9329290708210041,0.8811566338086378,0.7406734541781261,0.9048830033154056,0.9836543654419934,0.9641700044827177,0.9377253379624282,0.817785558314079,0.9080208724124175,0.9526048267509271,0.9334927596276978,0.7990032559708717,0.8133039187010562,0.9071885561788837,0.846623582568657,0.9464536062171711,0.7143687646059254,0.8940275945888623,0.9148167155454525,0.9999058090993418,0.8661444446656797,0.9035653652248616,0.9929979934242447,0.9385697293810189,0.9852901633058908,0.9989330715481036,0.9522137875062904,0.935580996038617,0.9687941395742314,0.9628827421694485,0.8247157418510878,0.66598404724818,0.935580996038617,0.9359681737876102,0.8217342252004692,0.9774350345371767,0.9017126880527937,0.9413503191453483,0.6097536196746616,0.8492956954242195,0.8364719325743262,0.9349121160462937,0.8615950609758736,0.8105886236035886,0.8473379500477143,0.9445623805946022,0.8406264652017017,0.9707630758620763,0.7760319106198984,0.8992368483577364,0.5556944153918173,0.9081181966045124,0.9314553797224701,0.6962920717066452,0.9725096342470558,0.9894121426990234,0.7445786492931158,0.8727002842503787,0.965901249591731,0.9470055188469617,0.9888877218166614,0.921891580360551,0.7749133993724278,0.8183613504774261,0.9334927596276978,0.9989330715481035,0.9294643302252339,0.9334927596276978,0.9334927596276978,0.8970640020677767,0.935580996038617,0.978616554847229,0.9147537619655589,0.935580996038617,0.743475899960556,0.9055871010957909,0.9470055188469617,0.939931930051314,0.9331052725841537,0.9377253379624282,0.9334927596276978,0.7760222810922393,0.8960532224624076,0.96156862745098,0.8468886811656742,0.935580996038617,0.6306650331419221,0.9967391619170716,0.9559620789221579,0.7611596499586799,0.9492333450312933,0.6064918890381654,0.9523391253205785,0.964170004482718,0.7604122773126197,0.9200817943852444,0.935580996038617,0.961938580597147,0.973595133194763,0.9812071873217105,0.986932538036146,0.8467709954086371,0.9892083965651993,0.9672582712673323,0.939931930051314,0.6956052052694248,0.8240441573299118,0.935580996038617,0.9044988266272493,0.8708299541032044,0.9495505106234361,0.84411095832889,0.9722312205307765,0.7549722614362546,0.9188470353730347,0.9314553797224701,0.8725924116776669,0.8412914304809611,0.935580996038617,0.935580996038617,0.9253852640835394,0.9526354118995055,0.7149501340087603,0.8531697165055645,0.9018323002478252,0.7911718379713597,0.8397712046798789,0.8381857738162457,0.8345551319705008,0.9023715019035561,0.935580996038617,0.904740849996801,0.9422080421889416,0.9522137875062906,0.7614494757370232,0.9470055188469617,0.8573303744450151,0.935580996038617,0.935580996038617,0.8276370905591093,0.8511921008492056,0.8607899138872241,0.943218574940366,0.7769598567916908,0.9952673588808036,0.9081181966045127,0.9338358212159397,0.8140118981600482,0.841794616704938,0.935580996038617,0.961938580597147,0.7920511885645447,0.9926931063209248,0.8616362273895215,0.9698257117961528,0.9884523074603386,0.7130756039799138,0.9980715070378495,0.9377253379624282,0.999385206430063,0.935580996038617,0.8511784633897346,0.962608664233859,0.9031200523835077,0.840891149261408,0.9369085088884497,0.925605968967548,0.9752107011246878,0.7846657164009355,0.944562380594602,0.8595864577101704,0.9024168610093493,0.9294643302252341,0.9836543654419934,0.9760740600631372,0.9131105611405985,0.8325766144955158,0.9422080421889416,0.9852901633058906,0.9238056139707786,0.909762579821223,0.8925262950745885,0.9368723982681522,0.9522137875062904,0.9272324378358678,0.9522137875062906,0.9522137875062904,0.683531051210525,0.9925457549106912,0.8682526269766766,0.9044988266272493,0.9836543654419934,0.921891580360551,0.921891580360551,0.8308131966580086,0.9275156757582281,0.9334927596276981,0.891113512984276,0.8655068173538913,0.9377253379624282,0.8590876331963094,0.9310028073541701,0.893647360710627,0.8628502452440897,0.935580996038617,0.6976652929194578,0.9355809960386168,0.8021516060453173,0.9836543654419934,0.8763264907178425,0.9165462137008822,0.9684862506912559,0.935580996038617,0.8446470987747128,0.7606847995947024,0.9165462137008822,0.8462543035341332,0.8748383714675434,0.8558415769648626,0.9422080421889416,0.8920317838114342,0.9263372087078328,0.9387392204449954,0.8357100362200889,0.7788235294117648,0.7843608081335167,0.7665908998640585,0.9518954248366014,0.5313517461809378,0.8710156683413512,0.9268197928698959,0.8680843364877968,0.9080208724124175,0.7759324340814467,0.935580996038617,0.9334927596276978,0.8727002842503788,0.9711429589523989,0.7407756860444534,0.7396154208521537,0.8008564419966571,0.935580996038617,0.8234134759086207,0.9555940207370357,0.6149383938799726,0.935580996038617,0.8938392776212343,0.44868422981707956,0.9470055188469617,0.9183006535947713,0.9334927596276978,0.7526250457045175,0.9636305634488505,0.9604778720347484,0.891113512984276,0.985254909180629,0.7355555555555555,0.7486540610562397,0.935580996038617,0.9741545378835921,0.935580996038617,0.9470055188469617,0.7808497980562928,0.8533158492412363,0.9522137875062906,0.9774411992633256,0.7895862211130905,0.9113565538271902,0.9388933740579655,0.935580996038617,0.9304790799566586,0.8199853309367582,0.7921350796061559,0.9424686286719846,0.961938580597147,0.9400741852851489,0.9048830033154058,0.9460700595274505,0.8940275945888625,0.8641397759307592,0.800856441996657,0.8940275945888625,0.9760740600631372,0.9422080421889416,0.9755486419654261,0.8940275945888625,0.9522137875062906,0.9131105611405985,0.9377253379624282,0.7491598444984622,0.9334927596276981,0.9786100658041363,0.7434758999605564,0.8627763408565619,0.9686491338802947,0.9183006535947713,0.8910355038772133,0.9114262935403585,0.9852901633058908,0.9881818565067269,0.8542495609307976,0.838022509911005,0.9687286209814425,0.8843193296037339,0.8880833554050742,0.9197431633925512,0.8055043576775879,0.9377253379624282,0.9967391619170716,0.9375514328635437,0.6299644234796746,0.9081181966045124,0.7387000068598006,0.9356837142274774,0.9422080421889416,0.9445623805946022,0.9204267760329921,0.9064920176718161,0.9347032530979921,0.9664656501581601,0.9048830033154056,0.8881963720527786,0.9917417854198085,0.9460700595274506,0.935580996038617,0.8168886951894985,0.6357907287750801,0.8043833781040408,0.8737979857661253,0.9679071159113348,0.9942714459947757,0.9329290708210041,0.9508660665197832,0.9131105611405985,0.9294643302252341,0.9000633438867528,0.9433011034543323,0.9170843583448691,0.9838019417336797,0.9237321696604077,0.8513389625345107,0.9111150293377236,0.9240415060254608,0.8258302196747609,0.9399319300513138,0.9377253379624282,0.8560058896255165,0.9081181966045122,0.6624174468883834,0.9625024121535213,0.8782341305473456,0.9850137641947538,0.9314553797224701,0.8668711152831974,0.8827375352795923,0.7434758999605573,0.8720455479999368,0.946453606217171,0.8467627026932134,0.8284703715451975,0.9445623805946022,0.8641397759307594,0.9148167155454523,0.7874358202450881,0.9495505106234361,0.8546597599343508,0.9470055188469617,0.9489334198111383,0.9942714459947755
p155_G,0.998197953442954,0.8570482934630712,0.6863875396524883,0.8397466935353712,0.8395779974239614,0.9313600044484991,0.7607847285694731,0.7537753837376875,0.38322398074925024,0.7683562018798867,0.8256966614396688,0.8530611358232428,0.7932740872153677,0.7968309617879665,0.9318325970537731,0.9454784294454577,0.952264716306662,0.8014219204690638,0.9525107890657616,0.9232512503966037,0.8226287974104358,0.8474395468832956,0.8382544005945729,0.8568142373956302,0.8173540536242112,0.5346453085739653,0.8387970042600206,0.5741483686530677,0.9232512503966037,0.7314380555639075,0.6007021837593077,0.8603273737191499,0.8897296817044198,0.676389089105145,0.8088134071269346,0.8788858297250925,0.8894000200499046,0.8620366048031782,0.7440708737294037,0.8209106927841567,0.7083913458136033,0.9499647039892452,0.9469265748682144,0.6832535017673196,0.8387970042600204,0.5862714853682522,0.8955045884064079,0.5383929620630329,0.7975726767650841,0.6371333181186006,0.8263584984076426,0.5783211964887531,0.558357193251,0.8570482934630705,0.9718049337893699,0.8167542439085724,0.9993750618397792,0.8527760996057683,0.7308258008029263,0.8433473706866226,0.4919430683966207,0.7056268825678362,0.896269459177202,0.8856594165862335,0.8733022546836289,0.5425023694067632,0.901890499100299,0.8213335390178151,0.966382522312266,0.8788858297250923,0.7929945133625245,0.7975726767650841,0.9758344607938763,0.35534137252603126,0.8527760996057683,0.6709142759202356,0.8474395468832951,0.825696661439669,0.5744549789128293,0.9313600044484991,0.8829174544013926,0.8828523215358635,0.7862958284079848,0.9199813438542364,0.8527760996057683,0.7817323430593246,0.8993383238428319,0.7263138646640898,0.9134286718077722,0.877897145441318,0.8527760996057683,0.7032995182082109,0.7855969998493648,0.7247356958291965,0.9202656784022214,0.8544394824270759,0.6968861335694874,0.6739962200505722,0.3043321891097144,0.4174227214702979,0.793770407127117,0.8955045884064075,0.8527760996057685,0.8373589766392593,0.701553859869049,0.8788858297250928,0.7497090834237592,0.3532397817927785,0.8518692177331038,0.3997474271002257,0.6559489803045975,0.9536062830293295,0.4373412424209956,0.7375599627729301,0.8955045884064079,0.5186832755831066,0.8570482934630712,0.7898018532418963,0.9313600044484991,0.3578354157819752,0.9972724936505609,0.8148240232658843,0.8173540536242112,0.9808368986706684,0.8251338051460984,0.5701702011022196,0.8576768022305967,0.789881633392188,0.877897145441318,0.9947353835607167,0.36695327268331723,0.8955045884064075,0.8679216237887912,0.9469265748682145,0.8387970042600206,0.7496244971191746,0.8912434494731366,0.8679216237887912,0.8679216237887912,0.8724450251774916,0.4871053351924238,0.8847021819311647,0.3927855913203021,0.689560855585841,0.8556582590459607,0.45053118120050406,0.7659065506505135,0.2221838450362953,0.9376007728795195,0.4435924093907082,0.8847021819311651,0.5848426620109847,0.7569749539824329,0.9285838039374602,0.9698282497233137,0.5956389067390336,0.7130015499771503,0.790619483088717,0.6705497064651131,0.7168332186312043,0.7212127541513682,0.9282894047452503,0.8092737986295462,0.6548757519111825,0.7020552403740377,0.7578094987600381,0.7224169389713626,0.7261181528908662,0.8086241367403575,0.6139688278962009,0.8612045594090734,0.8480036211373803,0.6776013468993962,0.6967123570927372,0.6431581601797873,0.8040444197467225,0.9525107890657618,0.9621805061477255,0.9148452373263045,0.7201803883898876,0.8281911838099557,0.6252970908257471,0.885705754252941,0.9974712426570689,0.90921244921361,0.6341628813003246,0.3139369280958604,0.9613501619729166,0.8299790629918329,0.7789783388157538,0.8074807754229537,0.7487617826686745,0.6067025050949248,0.4319622837717383,0.9320794511943338,0.8527760996057683,0.825091019576323,0.9597379886500972,0.8955503476570867,0.7589349362236042,0.5525734253399888,0.8829546601271805,0.8527760996057683,0.6190528127701567,0.45841982040321005,0.768356201879887,0.8527760996057683,0.7790721090449424,0.5245506739833541,0.40945162464624496,0.5830312095469385,0.7428726876237934,0.8480036211373805,0.8527760996057683,0.8296803862237697,0.8527760996057683,0.6335521279844395,0.5607365562024484,0.6342157932937882,0.8527760996057683,0.6568721531277004,0.8527760996057683,0.6650407686619708,0.7443307443432939,0.7780531997475197,0.6559489803045961,0.862719772067565,0.38294961889111656,0.8724450251774913,0.9131673577818813,0.9190159567987894,0.764860182688482,0.5691701317702116,0.7647489378190455,0.867921623788791,0.7970253811999188,0.7620405136650106,0.7361170787911082,0.8942964010683725,0.7849373928136465,0.4844911787786922,0.8775337156233758,0.7005014178587576,0.749285466441217,0.8527760996057683,0.9556269117336096,0.8527760996057683,0.5413042536606656,0.7744081599350809,0.9622339996536715,0.9258987741380016,0.3961479178343823,0.8568142373956302,0.6146583965082406,0.817354053624211,0.7065219835521928,0.8521862872722994,0.41206148502089524,0.8422168808828505,0.6588647071762557,0.9420853634991362,0.5486021561595612,0.8480036211373803,0.9854958810075533,0.6959619924178435,0.7440708737294037,0.5306220572687561,0.8342832316618728,0.8294284377624634,0.6717692767985746,0.6839313826392164,0.9698282497233137,0.6124362618766603,0.7646467992761532,0.5215915688178114,0.8788858297250928,0.3586433098055919,0.6939546792286446,0.8337999729316519,0.9253639555398234,0.8788858297250928,0.9555872102327531,0.3826997029726039,0.9086027207608334,0.7404172524417096,0.7968309617879663,0.8627197720675648,0.7854475294144458,0.3304909562714542,0.8433473706866228,0.862719772067565,0.8627197720675648,0.4294003437567878,0.8788858297250923,0.4152376606845155,0.5362770958535457,0.6678378163138643,0.8306672048363646,0.915698309395427,0.8527760996057685,0.7975726767650841,0.8433473706866228,0.8679216237887917,0.34875540929203297,0.7139910694149845,0.8627197720675648,0.7975726767650841,0.8373164814903286,0.5049907755352327,0.9381646552602884,0.6692322829633366,0.8396473559281139,0.8085067243067776,0.6313270316750708,0.6774465112083357,0.8847021819311651,0.49288532132507923,0.8847021819311653,0.8268447126052465,0.7248481500066547,0.7566349852415639,0.9405713298993785,0.8527760996057683,0.690482997161612,0.8811787303088878,0.8251338051460986,0.8788858297250928,0.9501954149303489,0.8480036211373803,0.8527760996057683,0.817354053624211,0.9738642515935688,0.8907888642207369,0.779386553434267,0.5694050958840084,0.8092737986295462,0.9622339996536715,0.5306220572687563,0.5178441508077656,0.842798417365956,0.6117949340732267,0.6091745553985732,0.7438624318663222,0.6142933143189443,0.5751651992389264,0.6286363275834121,0.6430517475418123,0.8907888642207369,0.385137136428391,0.7647489378190455,0.36321198149861933,0.8387970042600204,0.8480036211373803,0.8777687986418368,0.6678378163138643,0.34384724204014705,0.4060561023564705,0.4881630818747229,0.8527760996057683,0.2962722600902401,0.870337881981701,0.8101415729689743,0.8226652577603806,0.9611015442070802,0.4725451223440619,0.8527760996057683,0.8527760996057683,0.7823430348916116,0.8949769034364433,0.6210163060724481,0.8527760996057683,0.8847021819311651,0.8527760996057685,0.7753730959142644,0.7020552403740377,0.33936090556158716,0.8835406899027953,0.7789783388157538,0.8474395468832951,0.5137889700815341,0.4441848367580671,0.8527760996057683,0.6715724731819455,0.7780531997475197,0.38040305874690183,0.41199322834443786,0.8224472454420078,0.6829835472384145,0.8627197720675648,0.3178235814701602,0.8527760996057683,0.452352748094202,0.8488456898231331,0.6009250698700859,0.8230587046024089,0.9837071086728632,0.5243335881176574,0.8343435279019362,0.8527760996057683,0.8151049016745695,0.5263356951360845,0.8527760996057683,0.8007127921288808,0.37521043593260417,0.584389884586662,0.4780730733341745,0.2955170888365283,0.8527760996057683,0.9135835419343776,0.6177583287420717,0.8733022546836287,0.7570103770016794,0.6395792865405211,0.7443307443432919,0.49067173334933933,0.7162599611347407,0.8627197720675652,0.9251878480511033,0.26165328723728654,0.8132834148654702,0.0,0.6342478564083709,0.6251298521455886,0.8132834148654704,0.867921623788791,0.801421920469064,0.8527760996057683,0.8788858297250925,0.7507601865623388,0.4545730446489009,0.8564278285687617,0.8126600587163886,0.8433473706866228,0.5887606190062636,0.9211232378692129,0.8724450251774916,0.8521862872722994,0.8527760996057683,0.8299790629918338,0.665309251678218,0.721208404548161,0.9370517719232339,0.15505474786895812,0.9232512503966039,0.7369132494683652,0.8881963720527786,0.6059254446431697,0.8993383238428319,0.9232512503966039,0.7253398147837302,0.6348794716155123,0.8893312823211612,0.8294284377624637,0.8993383238428327,0.7542497852308305,0.9405713298993786,0.8061461210098462,0.8856594165862335,0.8545824313112536,0.9073784958379691,0.7420776347912407,0.87867591310493,0.5126051484814077,0.5918992068650373,0.5242181274148497,0.8165762082096557,0.8387970042600204,0.40958475538261285,0.7000877664757901,0.7525538548642838,0.9809570187442864,0.8632253863236763,0.4848115528438868,0.958144790602822,0.613309170618897,0.9809570187442864,0.7543784123327502,0.5209202277057922,0.862719772067565,0.8910482026713131,0.5795644040289294,0.7817323430593246,0.9016188984866095,0.973864251593569,0.7495156186642864,0.5018374896728203,0.9792036529152424,0.8590280036974467,0.8671639322716809,0.8387970042600208,0.9698282497233137,0.7898018532418963,0.8046428281148683,0.5080414089555898,0.7475870754443055,0.8480036211373803,0.8480036211373803,0.5744549789128295,0.9371017398063328,0.8387970042600204,0.6435166329714631,0.8527760996057683,0.8733022546836289,0.8527760996057683,0.8527760996057683,0.36337757595647124,0.9619777135726046,0.7854475294144456,0.8527760996057683,0.3479202294437411,0.2179150515719216,0.9146163931513945,0.7606234761407178,0.6715724731819455,0.4906371114490009,0.8857004154119024,0.881178730308888,0.26204060407452123,0.8887257030856445,0.9185347868326585,0.8733022546836291,0.5428745643732524,0.6007813624774072,0.5159707236042005,0.7826185692953931,0.9164187799868863,0.7783831209320853,0.9437661512670128,0.9086027207608334,0.7856873888666946,0.8627197720675652,0.8365816131473731,0.7633196259201782,0.9981792104799578,0.8881963720527783,0.598184112413397,0.822447245442008,0.45478323095087614,0.7622098277397822,0.977667435940702,0.8422168808828505,0.8993383238428323,0.8894000200499048,0.9913157394301669,0.40799421571058503,0.5779228630960072,0.9018904991002987,0.7022343989546225,0.8491667876117159,0.8079855811786012,0.680178275153418,0.877897145441318,0.4595870693858115,0.7862958284079846,0.8907888642207369,0.4506056632233473,0.3535479192354414,0.937494205293887,0.45691931666547614,0.8214901584035272,0.950462666364123,0.7787382834552581,0.8527760996057683,0.867921623788791,0.6551231726029947,0.9318717683150428,0.6568721531277009,0.8411677913594838,0.7783831209320856,0.8309524450727301,0.5243335881176572,0.8881963720527786,0.2996937696710116,0.8847021819311649,0.4414338093451995,0.9846344164354535,0.6347030294874954,0.8433473706866228,0.8897296817044205,0.7555521198541837,0.8144676551397416,0.8337999729316519,0.7075290764224936,0.5676619838090483,0.464446633153234,0.711575343117773,0.7854475294144458,0.4718648825973615,0.6273144908467034,0.9090418072319565,0.8847021819311651,0.8936871448494461,0.8250910195763229,0.5886276361750151,0.8468306730952744,0.7829249850310713,0.8480036211373803,0.475255073300042,0.5531428403306484,0.8907888642207369,0.71703201063974,0.84221688088285,0.8840646298119643,0.7780531997475193,0.8294284377624634,0.9073708523232764,0.8046428281148681,0.8427984173659562,0.793216447100739,0.8256966614396692,0.9974712426570689,0.867921623788791,0.9313600044484991,0.8527760996057683,0.9924334453684489,0.6399145076490136,0.5308352428018446,0.7682601072260424,0.8527760996057683,0.514224214368215,0.5183651135054324,0.8263816054083257,0.7753730959142644,0.7212084045481599,0.7032995182082109,0.6087088256329833,0.9201556930476382,0.8126600587163888,0.8763396950257165,0.35814371055472694,0.7000877664757903,0.8733022546836291,0.736117078791108,0.9993750618397792,0.8627197720675648,0.7543784123327502,0.9313600044484991,0.9485465172223242,0.8724450251774913,0.8907888642207369,0.8299790629918333,0.8397380806900288,0.8527760996057685,0.668631738966218,0.6647664280300507,0.7898018532418958,0.9318717683150429,0.6854714604808736,0.5095039658862437,0.4019937297475372,0.8480036211373803,0.8679216237887917,0.8387970042600204,0.8480036211373803,0.877897145441318,0.9510362621776484,0.8527760996057683,0.8491667876117155,0.9371017398063328,0.8527760996057683,0.8337999729316519,0.6832792752301904,0.8634268125825653,0.8627197720675652,0.9854958810075533,0.8885374552149385,0.877897145441318,0.5548323048536545,0.41636673269679436,0.5874129276360627,0.46630214598066155,0.8527760996057683,0.7497090834237592,0.8627197720675648,0.8092737986295462,0.4325085972130669,0.7342560636100546,0.9156983093954272,0.8576768022305965,0.6992030352826344,0.8945866455490639,0.8682427811077016,0.8527760996057683,0.9947353835607169,0.8141880846823524,0.8046428281148683,0.5049122647165726,0.87867591310493,0.9525107890657616,0.7975726767650844,0.8955045884064079,0.7309698177855017,0.2643047722260736,0.8527760996057683,0.8527760996057685,0.6907872367777941,0.7298071334144483,0.5575206105356356,0.8387970042600204,0.8521862872722992,0.4472280560790153,0.8433473706866228,0.5733342188319601,0.3560845170631537,0.8527760996057683,0.8527760996057683,0.8500916951290212,0.6068378234013547,0.7542497852308303,0.6240752722011815,0.18969771123978296,0.49153192443470406,0.5499701755579474,0.34440488753158094,0.8053211845171073,0.36058566880861487,0.8527760996057683,0.8901552209864811,0.867921623788791,0.7440708737294037,0.5243335881176572,0.8788858297250928,0.4031113531942808,0.8527760996057683,0.8527760996057683,0.3883198706148242,0.8527760996057685,0.3642890607195943,0.8214901584035275,0.6001294858834167,0.7083913458136031,0.8806032879693566,0.7438449599681294,0.33194612381889854,0.5814470115771677,0.8527760996057683,0.7543784123327499,0.3277846578885669,0.8894000200499041,0.937051771923234,0.9336668757583828,0.80515570471048,0.9334030065073122,0.7612658857087968,0.7933678017570139,0.5916556032778264,0.8527760996057683,0.32803197140055884,0.9454640018635478,0.5116291427868238,0.7082723246311857,0.6099338013307702,0.8993286322957905,0.5937956271034466,0.6341628813003246,0.87959448277594,0.6834601895432666,0.31661741930914666,0.9626344996583567,0.8847021819311651,0.9242167818539031,0.9851711174376252,0.387439204762982,0.8263584984076426,0.8480036211373803,0.5163374927458104,0.9763912250583231,0.8545271503444027,0.9738762021193661,0.9874977150959767,0.7944379075374113,0.8252131541849281,0.86578429441269,0.736117078791108,0.9595103654448999,0.43325404914882293,0.8703425877209887,0.8847021819311651,0.8733889353630642,0.8411677913594837,0.5964473423994656,0.8897296817044205,0.7035935143035548,0.9086895910343966,0.6051250415810561,0.85681423739563,0.5135721554682562,0.9249975445130196,0.5608654562905571,0.5660278066467035,0.8527760996057683,0.7371234753196567,0.8395779974239618,0.6436225768235129,0.7683562018798867,0.833070016802548,0.6020980181199176,0.7569749539824329,0.8527760996057683,0.4996719391990172,0.4639494792985652,0.7737812382346567,0.29507562570615165,0.36899607308876803,0.3337321328542471,0.867921623788791,0.3756187049302502,0.9533857212213345,0.8955473490909661,0.4933111208007468,0.8382544005945727,0.559469710326209,0.8907888642207369,0.8382544005945729,0.8527760996057685,0.7756167155477292,0.7975726767650844,0.2817836249360375,0.9174441431883329,0.47784356214554613,0.9626363586120694,0.8480036211373803,0.404707862858667,0.5977568285657073,0.7162599611347402,0.3672057236404169,0.4318347433028974,0.8527760996057683,0.3832526901322372,0.6038488461747011,0.7968309617879663,0.8527760996057683,0.42975672930287845,0.8897296817044202,0.8788858297250928,0.8132834148654706,0.877897145441318,0.597273889256003,0.8428998093754176,0.7195317095280678,0.8397380806900288,0.9611064644999887,0.8632253863236761,0.4712855171763932,0.8527760996057683,0.9382147673560624,0.8527760996057683,0.7529893735715616,0.6826194454399881,0.3443536053991354,0.7440708737294037,0.7862958284079844,0.7861218833060211,0.5753697469569811,0.8182888276616687,0.8527760996057683,0.8938260283066244,0.2857406254869882,0.6674261422151224,0.8046428281148685,0.7543784123327508,0.8679216237887917,0.7826185692953924,0.895004861487341,0.9197591066598911,0.4425562974199142,0.41857968973884785,0.9197591066598911,0.7753730959142644,0.8679216237887917,0.6678378163138643,0.9197591066598911,0.7440708737294037,0.9911169978853405,0.7933678017570148,0.684169617086311,0.8480036211373803,0.9819426747398491,0.8583261472337578,0.4849255111170978,0.7543784123327506,0.8620937706561934,0.5155380431077305,0.6889909708153219,0.7932740872153682,0.789269014399947,0.7140215523346058,0.7753730959142644,0.732767083345792,0.6272415218483838,0.9448050966443469,0.7342560636100548,0.8442487088032293,0.7933678017570136,0.8627197720675652,0.6194812008585293,0.9324195130788706,0.7796805657658039,0.7900123156320662,0.6276823084615459,0.867921623788791,0.8733022546836289,0.9747934528326443,0.5438549216208304,0.8085782052229775,0.747539137878533,0.8046428281148683,0.9191483803552769,0.9700202360746812,0.6124569684166946,0.8527760996057683,0.5430971408841692,0.7409957713250119,0.7475870754443055,0.43124574638481683,0.907003568878548,0.9086027207608334,0.8475433042006468,0.9995281801704672,0.558357193251,0.952264716306662,0.8532807534051032,0.9033862236634966,0.9811742654769007,0.7836710271450995,0.8256966614396688,0.9012047774504641,0.9077906697452558,0.9687084435142224,0.7288239598919046,0.862719772067565,0.8894000200499044,0.3273414371968244,0.507907648753928,0.961074221084093,0.8988148364187982,0.4288157691298812,0.7670558567645722,0.8724450251774913,0.8433473706866228,0.3978757943990373,0.8583261472337578,0.7179843723513857,0.8627197720675652,0.30731804192387446,0.8337999729316519,0.8733022546836291,0.374482559897683,0.925857450743889,0.889400020049905,0.7683562018798867,0.6135629496984829,0.7898018532418963,0.7313662366869402,0.8733022546836291
p155_K,0.9117370124577805,0.7386739766616921,0.7493629842999512,0.7546182801797303,0.906856498638285,0.7885622472224324,0.8695090310425875,0.8085646510142754,0.7610432253815453,0.9011763798631671,0.9217765446296149,0.9018303117723399,0.869721451294716,0.6854741122508059,0.7878394697835838,0.7503826544858703,0.8639475018563727,0.9409824443805375,0.9357316532939288,0.7675768528933735,0.9956055438866492,0.8742793217197394,0.891822551938946,0.9802349352314221,0.8012590023216628,0.8297955240805068,0.9248857655715832,0.8141585260618771,0.726171006987941,0.5943255041262134,0.8136788684073104,0.8867934927338035,0.858013164984152,0.9984551425502632,0.873812019591417,0.7874844074533437,0.8780124908814331,0.9635147753060543,0.9063933734589966,0.7974906328567793,0.964335019764566,0.9885003441128342,0.9192955526446763,0.9733785323820161,0.8334783699987671,0.9056699861809685,0.9175493208075458,0.8870564956568698,0.7222880144673942,0.749362984299951,0.9597659443503781,0.9899369856787013,0.8297955240805068,0.9124228419266238,0.9040240887361233,0.8726115142741184,0.707707567002501,0.8738120195914167,0.923356894512728,0.8657305039072043,0.7865644036765904,0.8877767705635629,0.9155133297650984,0.7881385125691884,0.6535967114991614,0.8269979940334711,0.8578029266081851,0.8764188777572877,0.8676439481401728,0.8270249702037337,0.7630737656918226,0.8264962751962917,0.8948766270805081,0.7161056922469111,0.8738120195914167,0.7179353162650706,0.8748687689722257,0.7510603002718289,0.7507992826357697,0.9192955526446764,0.8648711298436864,0.8473495133600358,0.9367457305359568,0.9062028679268259,0.8738120195914167,0.699009799740385,0.7627895842495018,0.6578805459408426,0.9573138355318778,0.8697214512947165,0.8738120195914167,0.46952980211152373,0.7548491361734445,0.795223057041964,0.960728735338475,0.8103314059953483,0.5024447673034196,0.7205769003047411,0.8432146447826498,0.7528916256985043,0.6830204541364195,0.695092068947647,0.9940100642211115,0.5353207330348435,0.960121792118527,0.8961910905435388,0.8079023847635977,0.8956091588784514,0.870781195942419,0.751593747634782,0.5366462493108892,0.8561369579830054,0.9223317557285042,0.6102828144876054,0.8823349016943813,0.8730570891784151,0.8840503022498931,0.8961910905435388,0.9499711419330785,0.804555501448132,0.8158151092076324,0.5654750284776328,0.9105789362336354,0.7605055189999612,0.8900442151496589,0.7052874179849433,0.8780124908814331,0.9955399182867675,0.8734076648842924,0.9093287789617368,0.7335676063638614,0.8823349016943811,0.7848304749916104,0.8757177841705946,0.5897253151379248,0.867829516098978,0.835645264477938,0.9672616040330473,0.8867934927338035,0.8657305039072045,0.958597835415451,0.9011763798631669,0.6369475391766992,0.7911672860177338,0.6230950018878494,0.7779061587398832,0.9349444017733823,0.7132369529919513,0.9478958696355517,0.7123404423354167,0.8089826987988056,0.8264780660398938,0.7018764679918075,0.7391489807865643,0.821316700799898,0.8766313541225492,0.42743982260556745,0.8504330716658259,0.8014360767879727,0.7058119140235809,0.7620543186102056,0.9879781590338745,0.6892870178089578,0.8946593642776817,0.8009415623115821,0.685731491226589,0.9796658640170899,0.9643350197645661,0.9127627257334388,0.7827906596168275,0.731570224203422,0.8697214512947162,0.8232372885419559,0.7287733684717324,0.8387026020422426,0.7951489992039951,0.7874844074533436,0.8592854779107726,0.5913278143663889,0.9648818011371023,0.8225226275155828,0.8481098272306553,0.9545786956633129,0.9055165253619162,0.8549890227739801,0.6179329445292545,0.8202727339604421,0.9874465149092773,0.9996486372795454,0.8626092629624837,0.9907465466827752,0.8591999545931475,0.9316622057815845,0.8613859555739531,0.8542126350536704,0.8738120195914167,0.985690916651915,0.8969845146010971,0.9637815853183909,0.9768860852472536,0.8946852565954908,0.9981568932052118,0.8738120195914167,0.9014941240087337,0.9182224358527038,0.9425822257685996,0.8738120195914167,0.8676887241126259,0.8325019809207146,0.8590475933348034,0.8484382164183766,0.7611880348485065,0.5844279205856768,0.8738120195914167,0.9673942132608957,0.8738120195914164,0.9357629214168472,0.9060983515815761,0.9620014436457769,0.8738120195914167,0.9320437012080576,0.8738120195914167,0.9101210162793334,0.8297938508874041,0.7074754035183949,0.8426938595494913,0.659877649834482,0.8568655457469745,0.8657305039072043,0.8936052514575548,0.8748687689722259,0.5349033361472353,0.6262705877872916,0.8681497750507405,0.857802926608185,0.8643005026203404,0.8549124494191915,0.8167092866285597,0.8987127151819041,0.8755301876069728,0.810987877577585,0.9837068388556007,0.47776447501141517,0.8969845146010973,0.8738120195914167,0.9495729883276646,0.8738120195914167,0.5822244128033833,0.8663005722754792,0.9672616040330471,0.7907660389563298,0.8710419384333155,0.985690916651915,0.7865535190482624,0.8434512124644258,0.571505614057449,0.8364184224507218,0.798097376207425,0.9768074218529612,0.46145763503690884,0.6977827549619862,0.8403213830942409,0.8697214512947165,0.9569286916414302,0.7627535774797208,0.9063933734589966,0.8083860398624958,0.7194320134873011,0.8331376462086735,0.7443628315657818,0.3757066142314305,0.8942891524164726,0.9323843043202048,0.9668826085715879,0.8596066005262064,0.8961910905435388,0.7368769999109792,0.9994853611068069,0.6365995192919316,0.9159208440435314,0.8961910905435388,0.8013960718418001,0.6826099102812517,0.8431791990880795,0.8985694489337492,0.4319454965114191,0.8823349016943813,0.8205950326849352,0.707140442777624,0.8657305039072043,0.8823349016943813,0.9768074218529612,0.815772387391533,0.7084032819525651,0.5851323446592473,0.8263653350659064,0.7328405437926264,0.8414658685938521,0.9061060957045128,0.6635652737524331,0.6470853960780085,0.7592213677660844,0.9307753782247601,0.7802919992130244,0.9930894725906441,0.8711641645134682,0.9228283301724232,0.9446219998127121,0.8950938928828037,0.8979901649103519,0.9743818796129142,0.591539142831474,0.890175629154325,0.6807671579187808,0.42212129227108264,0.933200236515103,0.8395686087508274,0.8503885447042383,0.8459172613175742,0.9400724976363597,0.9790780799391374,0.9175493208075456,0.8738120195914167,0.8867934927338035,0.9885259425016268,0.5334766105335089,0.8961910905435388,0.8810956966058633,0.7449722229737967,0.8738120195914167,0.9527711463763984,0.906106095704513,0.7885622472224321,0.9739484861306698,0.7529160114330595,0.5048807729993666,0.9672616040330473,0.8380373819875606,0.8216205683749325,0.7465990353656766,0.8580131649841523,0.687851859643458,0.9175493208075456,0.842827546418101,0.8625605053078612,0.8833475768089833,0.8399424975222445,0.9935489104071602,0.8432285051366111,0.46796452785374987,0.788724637094502,0.9553548974291887,0.9018303117723403,0.7858379408895024,0.6181013605573635,0.7645247928978587,0.7677228245099206,0.7827059788789542,0.8738120195914167,0.7300297113565417,0.8748752124251735,0.4788648168233848,0.852892035839575,0.9746060824205354,0.7979810867596184,0.8738120195914167,0.8738120195914167,0.9729634090986802,0.8199372629085069,0.5300481963420896,0.8738120195914164,0.726171006987941,0.5974763156586982,0.6163299443218828,0.7633983469982677,0.9466406759920791,0.9399009776851528,0.6991932785087239,0.7070447155143831,0.884035422420157,0.9307159788461605,0.8738120195914167,0.7563279874239788,0.3813167191413074,0.8278828958341837,0.7779074016526848,0.7925738410537294,0.6862152833697219,0.8823349016943811,0.764062818538727,0.8738120195914167,0.7622782825944929,0.5844148397643871,0.6815379820118463,0.9209852903106658,0.9175426204185891,0.9468557191813929,0.5768253126015022,0.8738120195914167,0.8724269114298722,0.7581196424323788,0.8738120195914167,0.5357772940549637,0.8889400419912226,0.9243681827083949,0.7794438630550203,0.7231083166806958,0.8738120195914167,0.8487971316941134,0.907656259553651,0.9190121941236467,0.8127275474328879,0.9384626540682226,0.7895378770708485,0.8331420171794732,0.7174242007256808,0.8823349016943813,0.9930894725906441,0.7179353162650712,0.7040718799108832,0.6342478564083709,0.0,0.6786927479400715,0.8399622023066797,0.8867934927338035,0.8900442151496594,0.8738120195914167,0.9752722160443184,0.9874465149092773,0.9679757768662061,0.9075072110125995,0.9416467281107572,0.8969845146010971,0.8443007334843526,0.8493943241852633,0.8969845146010973,0.7510603002718292,0.9940100642211116,0.8549750371322531,0.8696674142326613,0.3751775575563634,0.9357316532939288,0.6335889467682798,0.726171006987941,0.9996486372795452,0.7577149290617585,0.9341864140799641,0.9863585064424634,0.726171006987941,0.9692522443064332,0.8576463506454888,0.9963230391828544,0.9597120899191123,0.9027412033397852,0.7777563324545964,0.8711641645134683,0.8205950326849352,0.6216060645343796,0.7785892488663404,0.9945879910888857,0.9595029901842815,0.7795130076647939,0.8136788684073104,0.5720418648668463,0.7893824537727085,0.7809794120305659,0.9837068388556007,0.5959775960726983,0.5312472144017033,0.9850988399428101,0.9682442418303725,0.9204267760329921,0.7864555474143372,0.9502292520225792,0.8477012375288375,0.9790682596526014,0.8663005722754789,0.5736740475345319,0.765520907173976,0.9954566396159024,0.9316622057815845,0.9932257280612353,0.7929705421494726,0.9456466584549025,0.876965974827525,0.8583546885216062,0.8914053182874357,0.9031706141446472,0.8922994432827849,0.8639475018563728,0.9672616040330472,0.8961910905435388,0.5712541356254152,0.7451480013300074,0.9733785323820159,0.966048032727588,0.9981568932052118,0.7653958916337451,0.9505617723370701,0.9532377069979954,0.6922543907234866,0.8738120195914167,0.9293218158052194,0.8738120195914167,0.8738120195914167,0.73837905084155,0.8399622023066797,0.5346620690532483,0.8738120195914167,0.598422988065789,0.6716231098372552,0.952356985647995,0.5763055336989946,0.7563279874239788,0.9806876694647891,0.5518596701372459,0.7972328095415784,0.7374016953771769,0.9337694320210889,0.894325662602236,0.891405318287436,0.8173603153764484,0.7887246370945017,0.7514693505718342,0.6658798273126882,0.9337694320210888,0.9594925359888826,0.825612427140056,0.7673462040525129,0.6801379381943677,0.9175493208075458,0.3840551525586794,0.985769059189977,0.9885003441128342,0.8399622023066797,0.8226822317124924,0.9039393306750014,0.8065212348582422,0.972287125665258,0.9588201954615949,0.8823349016943813,0.9306136377073448,0.9802349352314219,0.9366350862756295,0.8014360767879727,0.7071507335147549,0.9597659443503783,0.869548945799202,0.8618303114251802,0.820441239677542,0.6280670266646469,0.8412988044066685,0.8420582532561505,0.8647967161284025,0.9063933734589966,0.7226991821805151,0.7554192417152403,0.8751387178895034,0.8158597028251076,0.6512998467792643,0.9505617723370701,0.9146076402646033,0.8738120195914167,0.8867934927338035,0.966365912104518,0.9279211061273759,0.8209253213203147,0.9578966248224177,0.8969845146010973,0.9127627257334388,0.8139280847912749,0.7308934044863209,0.7151600296502918,0.9011763798631673,0.673280504312034,0.8079657150577579,0.7814046040845326,0.8969845146010973,0.8445334021661923,0.8205692580927562,0.6726736421873187,0.5575682715163925,0.89260028739567,0.8731121445408507,0.8517552184642716,0.8362869890905573,0.9570798299834046,0.8020587491928286,0.7733031585112822,0.837335291329129,0.7261710069879411,0.664609084931697,0.9461607871147593,0.9441115490136129,0.8911435570667202,0.7338684822970527,0.9018303117723401,0.7373358959397751,0.8684041260620083,0.9192955526446764,0.8016231147232147,0.9527637399207101,0.6990097997403852,0.8596827895610355,0.9108189951607537,0.9932269568812845,0.7131926731563247,0.9379089197116289,0.9552814631278862,0.8790545036196351,0.8091899439290444,0.9597659443503783,0.7885622472224317,0.8738120195914167,0.8681497750507405,0.8351932306489644,0.6784482677175068,0.7712686104351958,0.8738120195914164,0.8488838478178531,0.6467084386708527,0.7865644036765898,0.7776663361560384,0.7806745712238654,0.6693479265178908,0.7906860006988088,0.5383036441771287,0.9610488235500015,0.5748169985105398,0.659752741906118,0.9645462752340132,0.891405318287436,0.852190602892757,0.6830204541364197,0.9063785836266325,0.3929902987266408,0.7885622472224324,0.9416467281107572,0.9282385252949898,0.8321400156965139,0.8542723116913433,0.9960470786045246,0.6966097527993009,0.9399045981881766,0.7126658966460822,0.9357316532939286,0.9729454567320206,0.8469963346046665,0.7224400726113078,0.7945879198461065,0.9018303117723403,0.9232797185420909,0.92276857514039,0.9018303117723403,0.8697214512947165,0.9762226288170973,0.8738120195914167,0.9858240292867939,0.9706897592453478,0.8738120195914167,0.7419745163259839,0.5854095970057419,0.9851872212052921,0.8823349016943813,0.9190121941236469,0.951616768535252,0.8697214512947162,0.6376156388354752,0.678817641349651,0.8399622023066797,0.7253532744962534,0.8738120195914167,0.505982581139433,0.6598776498344825,0.9419004925718597,0.6863922735468806,0.8622808193264391,0.7479438447029546,0.7471718798352742,0.9254411628984052,0.7587300555598343,0.870781195942419,0.9729454567320206,0.8325019809207141,0.7630737656918226,0.8551312106872341,0.7943214496088022,0.9786819594155435,0.9456466584549023,0.47161261983610947,0.8823349016943813,0.6066225156808209,0.7735601614823637,0.8738120195914167,0.7957431899399041,0.8110100676106646,0.9011763798631671,0.7753472182948768,0.9532377069979954,0.6941548854859001,0.7100438679677654,0.8969845146010971,0.6372716131327957,0.7345176404322444,0.8738120195914167,0.8738120195914167,0.9579282704814839,0.7105399247100719,0.6574258320229434,0.8086953446086065,0.7524098053312451,0.7939001167834934,0.9325589500908225,0.7309894810428215,0.49362399620663056,0.6939617098071176,0.8738120195914167,0.7676806008662853,0.8867934927338035,0.9063933734589966,0.6957701875556142,0.8961910905435388,0.6986705891116258,0.8738120195914167,0.8738120195914167,0.8778223016227265,0.8618321480336399,0.8413347393557413,0.8748687689722257,0.7128751470311903,0.8643005026203407,0.8637443752107605,0.9595029901842815,0.7372814868954498,0.6476160008424994,0.8738120195914164,0.6296454355010601,0.7207765072506112,0.946160787114759,0.9357316532939286,0.9648818011371021,0.9113233943403581,0.9739484861306698,0.5671107402267941,0.8780124908814331,0.933830404938587,0.8738120195914167,0.7161056922469111,0.6550434465691883,0.8071790100819765,0.538007129713345,0.907186742644104,0.8840503022498933,0.7836102899641324,0.6334576431986403,0.9948451891592136,0.7223433275630793,0.7215579405615806,0.8944166337139781,0.9839880716740321,0.9159546720138863,0.9062028679268259,0.6651181238008976,0.9672616040330471,0.8697214512947162,0.7252717179825359,0.921985740006281,0.9953851923342532,0.9224229920755808,0.8757177841705948,0.9093287789617369,0.9499711419330785,0.9499711419330783,0.5016140153270925,0.8013719989013892,0.8351406488985584,0.9399009776851528,0.933200236515103,0.8742793217197393,0.958486072074904,0.7064674570588863,0.8580131649841525,0.9018303117723401,0.855830244198988,0.773340913149736,0.9802349352314221,0.7812593009343005,0.9492593748900386,0.7070094556418427,0.6627755013907151,0.8738120195914167,0.4695298021115232,0.9399009776851528,0.8045494752952027,0.9011763798631671,0.9885003441128339,0.8365254955378081,0.7018764679918075,0.8738120195914167,0.7008401587229294,0.7656972633945609,0.8365254955378079,0.7039930682988753,0.730772309363545,0.7083835028102274,0.8867934927338035,0.689397680143877,0.9741625060985154,0.8616526994170435,0.6621670960967707,0.865001027363508,0.6338256438453659,0.8321400156965133,0.7577149290617577,0.6635652737524329,0.8607614394709913,0.8726932512461657,0.7493844197873587,0.8556622408025223,0.7078577912257785,0.9940100642211115,0.9018303117723403,0.8188025678501731,0.8209253213203149,0.9970711697105312,0.8420582532561507,0.8690249526968525,0.8738120195914167,0.7160180324804761,0.9878784761834012,0.8007143921323462,0.8738120195914167,0.6923654058278743,0.7850427155962612,0.8961910905435388,0.9740698251838671,0.8697214512947165,0.9247762340489875,0.9571410971577048,0.955027538151876,0.7077075670025008,0.7810602423946824,0.891822551938946,0.7868537420809256,0.8738120195914167,0.9853749356348118,0.8738120195914167,0.9357316532939286,0.5244587623235428,0.7824568254372375,0.9063933734589966,0.9673222502539708,0.9480855087584146,0.9023585530564873,0.7776663361560385,0.8738120195914167,0.9679912731121174,0.8319117025811522,0.955452115176447,0.5712541356254153,0.8109878775775847,0.9232797185420909,0.8136788684073104,0.8339039087662474,0.9228780875209064,0.8252666275135665,0.6269899473849267,0.9228780875209064,0.8305167122467265,0.8867934927338035,0.7328405437926264,0.9228780875209064,0.9063933734589966,0.6862912982261447,0.9802349352314221,0.5479329177843895,0.9981568932052118,0.9039393306750014,0.5312245222578797,0.7493629842999514,0.8325019809207141,0.9740698251838671,0.8291398874599714,0.8264962751962917,0.966048032727588,0.9863585064424636,0.9357629214168472,0.8929066160375787,0.8386147312057779,0.8973400662376905,0.9269025320861977,0.9346677383441686,0.7974906328567795,0.9802349352314221,0.8823349016943813,0.9681199866998385,0.840315949847767,0.8200161676867062,0.81509215104114,0.8486939508261091,0.8867934927338035,0.891405318287436,0.997588908981314,0.840813711325884,0.830719178548375,0.9847910953531659,0.9970697482181433,0.9632891659993059,0.9801011298543916,0.9272844713112531,0.9068564986382848,0.8328225097950002,0.7612884842159915,0.8158151092076323,0.7719688611645878,0.8719168407584015,0.6915132090169452,0.9348473162502386,0.9727856322738649,0.8297955240805068,0.7420709744259515,0.8953732358464166,0.8881730297134134,0.9120940280995229,0.957475652793616,0.8506017962266708,0.9323837966829683,0.966048032727588,0.8387115599887986,0.7421921487443155,0.6598776498344823,0.9120866389980959,0.7355743508987873,0.8200161676867057,0.8359497454003046,0.9312945084838402,0.7723471582810879,0.8476461927756546,0.7279673570721921,0.9779994426233322,0.7312339859637567,0.7419745163259837,0.832714125805776,0.8007353262871405,0.7446110877435312,0.8473495133600357,0.891405318287436,0.7521481113403556,0.8849252121767268,0.679023583601948,0.9425822257685996,0.9082616507250614,0.9357316532939286,0.9278317274484986,0.9293218158052194
p155_Q,0.6322300650550476,0.9654787925181085,0.18134740139413552,0.9392192873892271,0.8706662210952578,0.9470898955447689,0.866196600927132,0.8746320316279005,0.7550861614852227,0.8987127601538669,0.7878861258192803,0.8664736771305537,0.8664736771305537,0.9469887676211468,0.8336261474433195,0.8067930423012486,0.9911831990324629,0.6966162043359655,0.8721350978197822,0.9395982191649281,0.5857625949469528,0.8265523467953624,0.9256675586814443,0.942263219246712,0.8635999490235531,0.8255524180203793,0.7805798192202644,0.8301808931874111,0.8987127601538669,0.7078032161008232,0.9258295328565698,0.9199989838706863,0.6168393988938642,0.7933358049763426,0.9359245759999371,0.9892659537837639,0.653985912527831,0.763696924329403,0.9040598105946911,0.8560466872260379,0.5041255198542514,0.8289778574560311,0.9040598105946911,0.7782593906983293,0.9185582096194522,0.4838566124352571,0.7033362762738923,0.7466247162709698,0.9055516706319404,0.7244966034744014,0.883971315382519,0.3220255643480405,0.8507014378963613,0.8506393987843806,0.8544735095381983,0.5473713072362851,0.8432075354874795,0.8706662210952574,0.8574909788307139,0.6438373763687029,0.7607892247800214,0.5700550988565541,0.8255524180203793,0.5981315066401864,0.8886981112672732,0.7406401644884084,0.9920543208470207,0.664062011602093,0.48014795187485815,0.9326468089069149,0.8857760608251226,0.4600068199788161,0.870666221095258,0.5587058798676412,0.8706662210952574,0.27889022042577527,0.633897403135177,0.9564568157444141,0.7518846450046768,0.9668499345550761,0.8468773793429292,0.9074232144688463,0.9509197311927363,0.7217652242119477,0.8706662210952574,0.9275343905525792,0.898226305118659,0.9691997961620726,0.9611981400838596,0.8664736771305535,0.8706662210952574,0.9756143728488358,0.6861552028238622,0.7381529778608813,0.8359459819605579,0.7466247162709697,0.9974302609747759,0.1653867715257269,0.5414080541200503,0.6101411363808356,0.9861545404751744,0.914173419871023,0.737783649476667,0.8558684146450748,0.9786952688803996,0.6769170045464781,0.7593381356967993,0.4980008415306234,0.8395485353725953,0.6225247264489617,0.8853046548466602,0.8801145595175071,0.7495095211847758,0.987775754871349,0.6685644304688845,0.6443550400987414,0.9654787925181085,0.8936031902522537,0.7947295947547651,0.6541123275330902,0.7990750860128084,0.9853472513121206,0.782640444767957,0.8323930928014782,0.9481064030957835,0.9670764382534858,0.6203400068423761,0.6936596287169763,0.9298843125247958,0.7842254686329959,0.6760221004653708,0.6685644304688841,0.9560266523588534,0.9040598105946911,0.8583858153873953,0.6739078356862684,0.7256613355238981,0.7917796682239775,0.6836966627594752,0.8623832375707348,0.35208503244126965,0.6924326497355204,0.8849954790240344,0.7080726541584148,0.9588302630133789,0.7723694787044311,0.7633337495683346,0.597890795561427,0.8221709206355945,0.5812032032342209,0.8987127601538669,0.7607892247800201,0.9658004877275916,0.6070812685354238,0.9199989838706863,0.8221709206355952,0.7693022109260259,0.5459492707664008,0.8370225405795602,0.9333823247154629,0.7353437346671201,0.9467391969089458,0.9625134747891679,0.49642090220313717,0.33495523386258896,0.8907008422539298,0.8190560274118979,0.6169327039973735,0.7614670317734429,0.711112069552523,0.9619776763871524,0.5945359220183863,0.9894686132337756,0.8063685370436767,0.9804096241017228,0.8258048816029747,0.9326468089069146,0.8652169654226658,0.8186302231260758,0.7491586165185107,0.9814415210887983,0.910107066481741,0.9374008478930755,0.8664736771305537,0.7658369642717302,0.8662945266706268,0.6385926285244761,0.7494336252941087,0.8506393987843804,0.8980430597307061,0.862383237570735,0.9101631209273875,0.3158628039944493,0.4787505860497179,0.8396132831153245,0.8706662210952574,0.8749714078758022,0.7672822228838444,0.7655649192778144,0.5221734955065229,0.7603705705278914,0.8664736771305537,0.8706662210952574,0.2571786780180686,0.4927811265081665,0.8987127601538671,0.8706662210952574,0.6927949421443409,0.7842254686329961,0.7457382913818866,0.6668473384717828,0.7535029546449477,0.8664736771305537,0.8706662210952574,0.6332172198795667,0.8706662210952575,0.7056704905528526,0.4046162796247338,0.41929049105420546,0.8706662210952574,0.8517784260139338,0.8706662210952574,0.6405759332471019,0.9779633472556702,0.9336421137244926,0.2061901133649955,0.879401574066015,0.431401429175037,0.8623832375707348,0.6608232306250186,0.8431820355014632,0.8593192976991506,0.8363155912138507,0.7895553623844448,0.8998626736884782,0.7814289805726407,0.8109021643939753,0.6131000784167246,0.8354187800877533,0.9608499511796933,0.7842254686329959,0.8583858153873953,0.9680256091132349,0.8932444491995202,0.8706662210952574,0.752253902142801,0.8706662210952574,0.7276563113494545,0.9608499511796933,0.8839713153825193,0.8155292675303607,0.43140142917503677,0.8749714078758022,0.7812324130553281,0.5127754305826379,0.9979823384179791,0.9873529542805413,0.6466359792063807,0.8794015740660157,0.9848036472599311,0.5615680107517295,0.6033795231721801,0.8664736771305535,0.8886981112672732,0.723544801401385,0.9040598105946911,0.839188368793093,0.9416637674472192,0.9568196126097208,0.8754040552453723,0.9122207749495692,0.8839713153825193,0.614292182242558,0.680982830424628,0.5887228634233714,0.6769170045464781,0.5643975733689928,0.8653347025776119,0.9104881504923736,0.9784372240819139,0.6769170045464781,0.7831716321317806,0.626511637489503,0.8886981112672732,0.40030601087895135,0.8026689534016755,0.6685644304688838,0.6358836872015774,0.5370227234199387,0.5821149531111328,0.6337925846638767,0.9119673511039381,0.3579667845600476,0.8936031902522541,0.881448532726955,0.6305248866250568,0.13124899654469557,0.7829300741136085,0.9326468089069149,0.9359245759999371,0.8469234123385456,0.9833107042853397,0.827807336712144,0.49642090220313717,0.7597050886171903,0.9467391969089458,0.7322842287112798,0.7872396217168485,0.42828413899915563,0.7896818625615616,0.7055028119584659,0.7966829835103972,0.770468467720822,0.8311333336503395,0.9539220456911874,0.9377454038018888,0.793855401345765,0.9395982191649277,0.943227037567313,0.7842254686329961,0.5831532411130056,0.879401574066015,0.8706662210952574,0.8839713153825188,0.9977340295927692,0.8758504577723429,0.6769170045464781,0.8886981112672732,0.8664736771305537,0.8706662210952574,0.8366134476050209,0.8936031902522541,0.9040598105946911,0.6967393922251977,0.7148284556222559,0.8584628261955793,0.9199989838706863,0.5756802008253392,0.36025009465157476,0.9744810424652552,0.8544735095381988,0.5728746435854104,0.8794015740660157,0.815288901431038,0.3697420666444935,0.8506393987843803,0.7723694787044308,0.8377596797048433,0.4591691352286902,0.8591950943404278,0.448740619508857,0.7504936221042356,0.8664736771305535,0.9119212549882192,0.9973311064889935,0.5086911503846272,0.5117255062381756,0.30076507425728805,0.8706662210952574,0.6278291708781283,0.8119828938590445,0.7964203096428093,0.9275343905525797,0.8987127601538669,0.6061154680079255,0.8706662210952574,0.8706662210952574,0.8221709206355943,0.755086161485224,0.8604806018541484,0.8706662210952575,0.8987127601538667,0.870666221095258,0.8026689534016755,0.22374111247921935,0.4647200455912692,0.7377836494766672,0.894491281073784,0.8431820355014632,0.24360838876644386,0.3397284811062451,0.8706662210952574,0.16604062643497364,0.8087102574521301,0.431316089561957,0.4661481936835452,0.8483878012525594,0.8779073940969193,0.6337925846638766,0.48076412285752124,0.8706662210952574,0.36188061228365276,0.8255524180203793,0.8916208046769919,0.6903323103905437,0.8749714078758026,0.23404773913940624,0.8544735095381983,0.8706662210952574,0.7354913214104719,0.5167230152309666,0.8706662210952574,0.8058361000882572,0.6744053214819254,0.3895030315247877,0.31408759378302564,0.49642090220313717,0.8706662210952574,0.928140213996858,0.6332172198795667,0.9989819949201274,0.9813055176567219,0.6281280931273823,0.7636614027202093,0.7665483157130142,0.8042880487896233,0.6337925846638767,0.8343707686619777,0.7109035953750173,0.9419102772903429,0.6251298521455886,0.6786927479400715,0.0,0.8359725460677725,0.6476689942713074,0.7720632639639103,0.8706662210952574,0.9502223351291034,0.639890111271747,0.6519026785239448,0.8749724943304518,0.9202465243964859,0.8623832375707348,0.9941277449807322,0.9086173135612574,0.862383237570735,0.9311627243054967,0.7704128269290068,0.9196818137481622,0.2665018393752162,0.7744707814154943,0.8936031902522541,0.6088460839065062,0.8987127601538667,0.8506393987843794,0.9154258444847003,0.7754238965545603,0.7990302119867639,0.8987127601538669,0.6641092762916971,0.8087102574521297,0.9935513563755813,0.8289778574560314,0.6614195379437767,0.32462461503469087,0.914173419871023,0.6797898801109679,0.7438265858582669,0.7308999631182806,0.9074232144688463,0.894236164715764,0.8468773793429296,0.8090339827877058,0.8591998531299703,0.7008573778674376,0.8512161546599446,0.9009246076843777,0.9686857294954292,0.9751711471904365,0.802668953401676,0.8324501640471824,0.8359725460677727,0.3052451209883028,0.874972494330452,0.35642172484729295,0.8324501640471824,0.833387661086038,0.924016078241207,0.9815110427139536,0.9288995822945737,0.5461259492150037,0.8624137116554854,0.800230177929828,0.8936031902522539,0.961710090098203,0.7603705705278916,0.8117821718991286,0.9375340718638188,0.6903212278721793,0.8407522134523209,0.9199989838706863,0.8936031902522537,0.9024704228427969,0.4465119154356114,0.5140069686093862,0.6896518751097503,0.7213571928068726,0.5789267316944935,0.9027865373485822,0.8583858153873953,0.6917943604465611,0.8706662210952574,0.6994622780865298,0.8706662210952574,0.8706662210952574,0.538490229185975,0.8359725460677727,0.8811481907951233,0.8706662210952574,0.5147470979736152,0.5868400391654578,0.7842254686329961,0.8696866768606615,0.18300372805422183,0.3763039028513717,0.8132400212760351,0.7522539021428012,0.592378200759855,0.8544735095381986,0.9407494445562921,0.8886981112672732,0.7902760008933463,0.5747246390319203,0.6332172198795667,0.9340158070607926,0.8838450146253056,0.862383237570735,0.9459453944571887,0.9635780404756726,0.8779233495576082,0.6685644304688845,0.7466247162709692,0.8431820355014632,0.9409069832673277,0.5813699322080906,0.6445240760805195,0.5948186622358247,0.760789224780021,0.8359725460677725,0.7964203096428097,0.8794015740660153,0.8431820355014634,0.7885695352696507,0.9874862907583914,0.6513768655528938,0.5330397164714387,0.8839713153825193,0.7143337447726614,0.8583858153873958,0.984139246762108,0.7847843566374674,0.9615896302219167,0.431316089561957,0.47728798264450156,0.7947295947547655,0.3621513417931559,0.6238834760350713,0.752253902142801,0.3561395164617307,0.953270574735855,0.7636614027202095,0.8706110504679287,0.8706662210952574,0.6476689942713074,0.8087102574521299,0.870666221095258,0.5853110787872275,0.8431820355014632,0.8623832375707352,0.6904222694912074,0.4673935268475131,0.9419102772903427,0.5025831158268699,0.7333181087465823,0.5280082536111632,0.8749724943304518,0.6759626828047718,0.8623832375707348,0.9132165197124129,0.6767359356656337,0.9608499511796932,0.8584628261955793,0.592340224907592,0.6947477809756895,0.41657684136438045,0.667771776077678,0.7456491694750542,0.6283915457835803,0.5539619791134971,0.8090339827877051,0.8987127601538667,0.8935215382096593,0.8749714078758029,0.40461627962473434,0.8291806923780101,0.7452838581183621,0.8664736771305535,0.4782992611064747,0.35002077698195977,0.9901199804948464,0.7760531767789423,0.8794015740660153,0.9422242516532329,0.7618770278422403,0.634086770898472,0.8639354246880113,0.9106566970470196,0.8395485353725953,0.8669665111588714,0.563125205919098,0.8664736771305537,0.7197243312476425,0.9470898955447689,0.8706662210952574,0.8152889014310376,0.5318232668904732,0.6786805885964968,0.8038012476583964,0.8706662210952575,0.7542218005465944,0.5375832628334593,0.7607892247800203,0.8026689534016755,0.2756828420012587,0.8270788083569665,0.7652839715523996,0.6511038624596626,0.6800426988754376,0.7607892247800203,0.6349178925739116,0.5829722184285229,0.662022313482331,0.6900268686519331,0.8188306891964301,0.9141734198710232,0.8054691836486056,0.9470898955447686,0.8395496500824655,0.7672822228838444,0.9901199804948464,0.5464537841135426,0.76676292385573,0.9032953985475976,0.8511323162354847,0.140191048204649,0.8936031902522541,0.870666221095258,0.8431820355014632,0.4103167723577704,0.49642090220313717,0.8664736771305535,0.899862673688478,0.8884720125034238,0.8664736771305535,0.8664736771305535,0.7933358049763422,0.8706662210952574,0.8583858153873953,0.8232864604180834,0.8706662210952574,0.9594485387656406,0.8465566124632402,0.8936031902522539,0.6337925846638767,0.926138075871473,0.8749714078758026,0.8664736771305535,0.49236597213398814,0.6385926285244761,0.8359725460677725,0.5951375877617062,0.8706662210952574,0.9425365758138315,0.9141734198710232,0.6212839308364788,0.5586989661427861,0.6921030328929032,0.8936031902522539,0.942263219246712,0.8395485353725953,0.8479566136798238,0.8096269461864892,0.7704128269290065,0.9329314737422605,0.9307322128666022,0.9258295328565698,0.7671014747376235,0.8159812408068023,0.9326468089069146,0.8469234123385456,0.6685644304688847,0.9382133087904205,0.6127820628101592,0.8706662210952574,0.9685537534522768,0.24282740520643076,0.8987127601538671,0.5128671948934413,0.6602350307561514,0.9592578392930191,0.5674137870456593,0.8623832375707348,0.4819983358147103,0.46559170322788246,0.8706662210952574,0.8706662210952574,0.7812324130553292,0.9638261156139817,0.978502332033967,0.5319820744917467,0.6061154680079255,0.4711078434552046,0.20692436357463095,0.5042971710587754,0.8289778574560309,0.5522188948309499,0.8706662210952574,0.7466247162709692,0.6476689942713074,0.9040598105946911,0.45280941511575656,0.6769170045464781,0.570055098856554,0.8706662210952574,0.8706662210952574,0.4383986270673015,0.8683003592860253,0.4449026056047658,0.5513309987093842,0.5750994885026609,0.3349147436395662,0.8155292675303616,0.8049446775692435,0.5931492105061285,0.6963541722539661,0.8706662210952575,0.9183625211484746,0.5355618327000036,0.7212777238987409,0.8936031902522541,0.7979903353921896,0.7792954736040605,0.8744639266025793,0.9639311446189309,0.8749714078758024,0.2843868496315416,0.8706662210952574,0.5587058798676412,0.8988104657218368,0.7626277832154538,0.9806897319027378,0.43642991591524805,0.8506393987843794,0.7579310452800685,0.7283282623657419,0.8886981112672732,0.8361216352249949,0.6650413983645804,0.8583858153873951,0.7742035677576433,0.8709441203954515,0.825552418020379,0.6091810569412328,0.883971315382519,0.8664736771305535,0.8662388055868773,0.8188306891964301,0.7909002310548193,0.8894431789674795,0.9040598105946911,0.9820936661953025,0.9040598105946913,0.9040598105946911,0.963802575289626,0.863050050092609,0.7354913214104724,0.8706662210952578,0.8968599447908269,0.8540744816039603,0.8431820355014632,0.7111718522146975,0.6462109039809728,0.8664736771305537,0.8675843817785289,0.7481446461737358,0.8749714078758022,0.6515623568085326,0.8119828938590443,0.8095372827747374,0.7613186422394862,0.8706662210952574,0.9576773893220905,0.9988170690953836,0.5909949097173073,0.8987127601538669,0.8289778574560311,0.8324501640471824,0.7807317373924347,0.8706662210952574,0.5025831158268697,0.3338462196767239,0.8324501640471824,0.5056437735495674,0.5587058798676412,0.5237378137758082,0.6836966627594753,0.5616043630553582,0.7861096420843778,0.7584230514232022,0.6283715905994338,0.8726986930701592,0.8769355467199488,0.9901199804948462,0.9521519914870868,0.9359245759999371,0.8296336711364776,0.9550566540378437,0.5896124221009869,0.7714855997016035,0.34553237609015774,0.8706662210952578,0.8664736771305535,0.597890795561427,0.45991468009230574,0.8226968739816197,0.431316089561957,0.36962219950883624,0.8706662210952574,0.46146148578881485,0.2904803008841371,0.9014719896252964,0.8706662210952574,0.5923782007598546,0.8838450146253056,0.6769170045464781,0.8359725460677727,0.8664736771305535,0.5039477805081494,0.8507014378963611,0.7983474062932966,0.8188306891964301,0.9068979660744425,0.9256675586814443,0.3227784034909661,0.8706662210952574,0.839549650082466,0.8706662210952574,0.8936031902522537,0.8973034632391533,0.7055028119584648,0.9040598105946911,0.8122643945331465,0.5577903400189959,0.7579310452800683,0.8787136006273717,0.8706662210952574,0.5874829526129223,0.5730563088845679,0.6507590857649574,0.8557522028152511,0.7059253709923835,0.863835005200311,0.7938611469781535,0.8058361000882572,0.8087102574521292,0.7272339666683894,0.38368061831779554,0.8087102574521292,0.5145793766605686,0.6476689942713085,0.14857063874358145,0.8087102574521292,0.9040598105946911,0.8255524180203793,0.8749714078758026,0.893401253295678,0.7530625105039936,0.8288878399988695,0.8324501640471824,0.9218034222685996,0.4085133607738546,0.8624569788734151,0.7812324130553303,0.8221709206355943,0.8664736771305537,0.8707041703100613,0.6629972239619615,0.6966464886439703,0.6589737445040629,0.5756802008253392,0.7753053962697449,0.4515036322733126,0.9303041623348922,0.908617313561257,0.6685644304688844,0.7876008917587431,0.9661375564805397,0.9202465243964862,0.8481853767401716,0.879206137318884,0.7197243312476425,0.6620223134823302,0.8264504360979181,0.812264394533146,0.9250775195772377,0.8336897868247426,0.8639384770194738,0.7474082645031248,0.8096269461864889,0.8058361000882572,0.6398961171196476,0.8344341444339021,0.7756524453697928,0.7846110076976112,0.7655649192778144,0.8373520737919916,0.8886981112672734,0.8773677482032267,0.8165474976735849,0.8255524180203793,0.918558209619452,0.8561933814830895,0.9506397567873246,0.8035785344859696,0.9803821139197652,0.5350300909315778,0.8128551659371803,0.7847678282011148,0.7713594841402487,0.8350418480047632,0.8794015740660155,0.7212777238987402,0.7283209433784521,0.8155292675303596,0.8794015740660157,0.9277028687179625,0.6677717760776785,0.9173109506684254,0.9549668724570901,0.7981434345126294,0.6167056690784383,0.9365008126407708,0.651563473534329,0.9141734198710232,0.6412761529803563,0.8293852280236549,0.6994622780865298,0.7452838581183621,0.8386335791443758,0.8749714078758026,0.8987127601538669,0.8814173981188056,0.8936031902522537,0.868084402282332,0.6994622780865298
p155_T,0.6860193031480386,0.9256059689675478,0.8627763408565619,0.9017126880527937,0.7978853750711602,0.9522137875062904,0.7443861155604643,0.799003255970872,0.8780124908814333,0.9495505106234361,0.9237321696604077,0.9111150293377239,0.9111150293377238,0.9017126880527937,0.8866210237012304,0.6925626451317195,0.978616554847229,0.913110561140599,0.9254223119773605,0.9495505106234363,0.8859699871586741,0.9218915803605507,0.9615686274509803,0.9377253379624282,0.9200817943852444,0.913110561140599,0.9294643302252341,0.999258193162122,0.9495505106234363,0.8047705081843869,0.9048830033154058,0.8812152990221936,0.9275156757582279,0.8970640020677765,0.9044988266272493,0.9470055188469617,0.9377253379624282,0.9275156757582277,0.9522137875062906,0.9114262935403585,0.8724042835510757,0.9148167155454527,0.9522137875062904,0.9575684533387441,0.9722312205307762,0.8065302670697434,0.939931930051314,0.9047408499968015,0.9114262935403585,0.961400312653846,0.9422080421889416,0.8835230290768032,0.913110561140599,0.3239353865603277,0.9275156757582277,0.909762579821223,0.9097625798212232,0.21151139151266862,0.8762909457332801,0.9314553797224701,0.9581770036680437,0.9049828931722607,0.9131105611405985,0.8724042835510757,0.944562380594602,0.9660140789051248,0.9422080421889416,0.6535771181060541,0.7995453423845016,0.9470055188469617,0.9368723982681522,0.9114262935403585,0.9355809960386168,0.9694780037787785,0.21151139151266862,0.8560058896255169,0.9218915803605507,0.9237321696604077,0.9171943330215184,0.9774873843362968,0.9237321696604077,0.916546213700882,0.4744851393156059,0.9952831447476325,0.21151139151266862,0.9310028073541696,0.921891580360551,0.913948729914295,0.8951849796577993,0.23774878152121726,0.21151139151266862,0.8920802319381609,0.7858515963541475,0.9666849854845858,0.4744851393156059,0.5073447296203561,0.8890096331505415,0.8573544191143383,0.9122453680840747,0.9105981200017719,0.9495873612601231,0.9399319300513138,0.9355809960386168,0.8453437407159925,0.6873076634306619,0.9470055188469617,0.914753761965559,0.9269149380074149,0.9200817943852444,0.9729598995816908,0.8696847088727695,0.9148167155454527,0.8941442493667919,0.8851672469450576,0.939931930051314,0.9311401875930305,0.9256059689675478,0.9470055188469617,0.9522137875062906,0.9974721859552393,0.9575684533387441,0.8546597599343506,0.964170004482718,0.9812071873217105,0.9131105611405985,0.8274774496496851,0.9377253379624282,0.6894580086727333,0.9111150293377238,0.8925262950745885,0.9988704239805579,0.9399319300513138,0.9422080421889416,0.9522137875062904,0.9294643302252341,0.8283175748678024,0.956391353746548,0.9422080421889416,0.9422080421889416,0.26185060030019414,0.7522449239219361,0.9495505106234361,0.9188470353730345,0.9170843583448693,0.8859699871586741,0.9199796380611349,0.9884184727022945,0.9456844746310795,0.9114262935403588,0.8769420384818087,0.9495505106234363,0.9259830227706536,0.8425073736236923,0.8492956954242203,0.9422080421889416,0.9518647719377951,0.8668776900588209,0.8910355038772133,0.852782815437994,0.664264045448349,0.804998884731825,0.9399319300513138,0.916546213700882,0.7434624060060921,0.960477872034748,0.8940275945888625,0.8752107045314199,0.9031200523835077,0.9838698730483881,0.9508421171678401,0.9017126880527937,0.9334927596276978,0.909762579821223,0.7867068273063507,0.8396720495620451,0.872601016137001,0.9470055188469617,0.6078543650137341,0.9348849767198615,0.631804910606617,0.8880833554050744,0.8587055344279981,0.9707630758620764,0.9334927596276981,0.771681037964663,0.8396720495620451,0.9721174450820314,0.9375514328635433,0.32393538656032783,0.9032901911357232,0.9314553797224701,0.9413503191453483,0.797985784973499,0.9167610187142012,0.8808530918450068,0.21151139151266862,0.9377253379624282,0.9818737559710531,0.6001733223123837,0.9114979526826719,0.8627763408565623,0.9334927596276981,0.21151139151266862,0.8333134885197042,0.8938391361804245,0.9495505106234363,0.21151139151266862,0.7808497980562916,0.9272324378358678,0.8560058896255165,0.7769598567916893,0.8794294801784416,0.9334927596276981,0.21151139151266862,0.7291644443465926,0.21151139151266873,0.9472040798747394,0.819756627995778,0.81545146854485,0.21151139151266862,0.7662811769308242,0.21151139151266862,0.8154854397196966,0.8822836759018078,0.9291044607799492,0.8426242563237651,0.9399319300513138,0.8927709258221888,0.26185060030019336,0.9183006535947711,0.9218915803605507,0.8808530918450068,0.7357057113355759,0.8970640020677767,0.9422080421889416,0.6361434151300116,0.948790021284017,0.8766017896141824,0.9301958712095206,0.8925262950745887,0.8925262950745885,0.9294643302252339,0.8829583596177211,0.9314553797224701,0.21151139151266862,0.9977218791928772,0.21151139151266862,0.8011083836266106,0.9272324378358678,0.9422080421889416,0.9081181966045127,0.892770925822189,0.9377253379624282,0.8341664144721782,0.9200817943852442,0.8936281262041483,0.9237321696604077,0.9520338727895106,0.939931930051314,0.8638962238722949,0.8373021566360068,0.9980060367553067,0.23774878152121726,0.944562380594602,0.8542560104774404,0.9522137875062906,0.9082358204851604,0.9799852931294404,0.41684154449709065,0.8359725460677725,0.8682324201995035,0.9422080421889416,0.9560561057031625,0.926914938007415,0.9014072881109929,0.9470055188469617,0.9729598995816908,0.8910355038772131,0.916546213700882,0.9063742447456444,0.9470055188469617,0.9888666719019322,0.9506006900608492,0.9445623805946022,0.8710156683413515,0.9017126880527935,0.9967391619170713,0.8970640020677765,0.940429921043928,0.9314553797224701,0.939931930051314,0.9399319300513138,0.7675294343675794,0.9892083965651993,0.9286042850165979,0.7821243583741352,0.8546597599343506,0.9775494508745607,0.9470055188469617,0.9355809960386168,0.9114262935403585,0.9818737559710531,0.9422080421889416,0.9336708882449205,0.9929979934242448,0.9399319300513138,0.9114262935403588,0.9641813269710355,0.8378129456849086,0.9826253051899481,0.9778060502330218,0.7936217040680686,0.7824926625153521,0.680304489731586,0.8653384016821962,0.9495505106234361,0.8780124908814335,0.9495505106234363,0.9953407916725413,0.9966447233584261,0.8851672469450576,0.9464536062171711,0.21151139151266862,0.9422080421889414,0.9080208724124175,0.9131105611405985,0.9470055188469617,0.9445623805946022,0.9334927596276981,0.21151139151266862,0.9200817943852442,0.9470055188469617,0.9522137875062904,0.9199796380611349,0.7994594714670618,0.916546213700882,0.9422080421889416,0.9799852931294404,0.8067744548357403,0.9200817943852442,0.9275156757582279,0.822616724013298,0.9967391619170716,0.8970640020677765,0.8774881906667829,0.9256059689675475,0.9533382524210396,0.9522137875062904,0.8857867368510899,0.8970640020677767,0.9014072881109929,0.9294643302252339,0.23774878152121726,0.9001496633415411,0.8546597599343506,0.940429921043928,0.9421215652709094,0.7935410698458634,0.21151139151266862,0.9148044963694488,0.9664656501581601,0.8986003425351379,0.9980715070378495,0.9495505106234361,0.9263372087078323,0.21151139151266862,0.21151139151266862,0.9114262935403585,0.9319740243268226,0.8467627026932134,0.21151139151266873,0.9495505106234363,0.935580996038617,0.9017126880527936,0.8696318695590657,0.9167610187142012,0.9888877218166614,0.9032901911357234,0.9218915803605507,0.7872544459254591,0.9421215652709098,0.21151139151266862,0.8492956954242199,0.8940275945888627,0.899687341755725,0.9139033080355353,0.9032901911357232,0.927960145616071,0.9399319300513138,0.9252250454855369,0.21151139151266862,0.765947173143517,0.9541968529441154,0.8721997866493552,0.9271423118101392,0.9377253379624282,0.8096778557177702,0.9275156757582277,0.21151139151266862,0.9813736472622197,0.7395431143877949,0.21151139151266862,0.9786100658041366,0.8546321414574898,0.7997160938696781,0.7890581926066969,0.9336708882449205,0.21151139151266862,0.7995453423845007,0.9432904752777433,0.944562380594602,0.7896703691743372,0.8611334995416833,0.9472238480293105,0.9819892179253322,0.8682526269766768,0.939931930051314,0.8850196814928615,0.8560058896255165,0.9183006535947709,0.8132834148654704,0.8399622023066797,0.8359725460677725,0.0,0.9422080421889416,0.9131105611405985,0.21151139151266862,0.9470055188469617,0.9375514328635433,0.7627817270874748,0.8008716284224459,0.9473606184418109,0.2618506003001947,0.8182780925349444,0.9523391253205785,0.2618506003001947,0.9237321696604077,0.9888877218166614,0.925605968967548,0.846623582568657,0.8780124908814335,0.9470055188469617,0.9525734786094173,0.9495505106234363,0.925605968967548,0.9183006535947711,0.9550260195064375,0.921891580360551,0.9495505106234363,0.8612126477916644,0.9291044607799492,0.6097536196746607,0.41684154449709065,0.9218915803605507,0.8766017896141824,0.939931930051314,0.8970640020677765,0.8724042835510757,0.8439563871070153,0.9165462137008822,0.9338358212159397,0.9237321696604077,0.9048830033154058,0.791336746916444,0.8030362337090731,0.9113565538271902,0.9294643302252341,0.7875548195067019,0.861416294711902,0.9760740600631372,0.9165462137008822,0.38941176470588756,0.7920511885645445,0.9844690963672101,0.8119370253704744,0.9165462137008822,0.8925262950745887,0.8715643646119267,0.9399319300513138,0.8283175748678027,0.8493417193842444,0.962608664233859,0.9031200523835075,0.9470055188469617,0.7042164740854774,0.8920802319381611,0.9445623805946022,0.9291044607799492,0.9294643302252341,0.9294643302252341,0.9422080421889416,0.9470055188469617,0.9430450953185581,0.8023957764536818,0.8895546908938259,0.9334927596276981,0.9334927596276978,0.7060541100042218,0.9796939340930619,0.2841000758228449,0.8638962238722948,0.21151139151266862,0.944562380594602,0.21151139151266862,0.21151139151266862,0.9574209400641351,0.3894117647058871,0.9329290708210041,0.21151139151266862,0.7315418548986159,0.9388827542233362,0.5521754207449414,0.8382544005945731,0.8492956954242201,0.8000118450787022,0.9096814050133908,0.557854720017583,0.942273735384668,0.9275156757582277,0.9129158007108344,0.566108232120417,0.9664656501581605,0.8699018384814314,0.6535771181060543,0.9048830033154058,0.975500298406281,0.9314553797224701,0.8412914304809614,0.9445623805946022,0.8682526269766766,0.939931930051314,0.8737979857661253,0.9218915803605507,0.9148167155454523,0.9183006535947709,0.9807512313606377,0.9032901911357234,0.9130470727423967,0.9615686274509805,0.7748379498023513,0.8896463743514136,0.35869591457767247,0.9377253379624282,0.9253852640835396,0.9702969477206325,0.7969703620943656,0.5869208677074217,0.8691996695255617,0.677317872798809,0.857380760662396,0.8600594271401631,0.9852901633058908,0.899687341755725,0.9064920176718156,0.9522137875062904,0.7768906158509865,0.9525734786094173,0.8092073824034666,0.773794487307585,0.9218915803605507,0.9796939340930619,0.9822443780558803,0.21151139151266862,0.9422080421889416,0.8940275945888627,0.9355809960386168,0.823995259026026,0.966854861926912,0.9314553797224698,0.9774411992633257,0.8096778557177702,0.9183006535947711,0.9370492736274891,0.9495505106234363,0.7611596499586799,0.9237321696604077,0.9870824288396509,0.2618506003001947,0.9285304562976122,0.8023187199652767,0.8925262950745887,0.9165462137008822,0.7447129558740402,0.8479589472056537,0.8455722127847719,0.9670460890732738,0.8970640020677767,0.7137969570097786,0.8496029817787227,0.9812071873217105,0.9495505106234363,0.9200817943852442,0.9377253379624282,0.8197566279957782,0.9977218791928772,0.5460932186014545,0.23774878152121726,0.7643582213351083,0.822616724013298,0.9522137875062904,0.956391353746548,0.9464536062171711,0.9310028073541698,0.8940275945888625,0.9148167155454523,0.8751970566277452,0.9048830033154058,0.8153889450299145,0.6410550313270733,0.9237321696604075,0.9334927596276981,0.9422080421889416,0.9522137875062904,0.21151139151266862,0.8970640020677769,0.8552976248635571,0.9172870852053601,0.8986003425351379,0.21151139151266873,0.9079701097502244,0.8009294265428089,0.9581770036680436,0.503396335864456,0.8780124908814331,0.8920802319381609,0.9047213896626456,0.8429743176580899,0.9081181966045127,0.9130470727423967,0.6679862368591999,0.8905408702359403,0.9445623805946022,0.9080208724124175,0.909762579821223,0.9399319300513138,0.8925262950745887,0.9522137875062906,0.974154537883592,0.9818737559710531,0.9522137875062904,0.9256059689675475,0.909762579821223,0.9888877218166614,0.8110348907665845,0.8533158492412365,0.9470055188469617,0.9044988266272495,0.898255293374005,0.7447129558740404,0.9336708882449205,0.23774878152121726,0.9422080421889416,0.28410007582284436,0.23774878152121726,0.23774878152121726,0.5290948978805876,0.21151139151266862,0.9294643302252341,0.5981949470781709,0.21151139151266862,0.916546213700882,0.6434659213794468,0.9470055188469617,0.939931930051314,0.944562380594602,0.9377253379624282,0.23774878152121726,0.7643582213351081,0.9467627042088236,0.9183006535947713,0.9925204240799326,0.21151139151266862,0.914753761965559,0.9399319300513138,0.916546213700882,0.9218428935840399,0.8837215992432155,0.9470055188469617,0.9377253379624282,0.964170004482718,0.9272324378358678,0.7272125248349683,0.935580996038617,0.5521754207449416,0.9368723982681522,0.980630720675137,0.7936217040680686,0.9237321696604077,0.9470055188469617,0.9114262935403583,0.939931930051314,0.8822836759018076,0.9700125380913129,0.21151139151266862,0.9355809960386168,0.8506339860151058,0.9495505106234363,0.81832370564124,0.9294643302252339,0.9237321696604077,0.9660140789051248,0.2618506003001947,0.7146319432845634,0.909961412848022,0.21151139151266862,0.21151139151266862,0.4563190522025946,0.7376232163734011,0.9080208724124175,0.7768906158509866,0.9508421171678398,0.8123787464634713,0.8211875909760824,0.9302932697179189,0.9148167155454523,0.9489014268422507,0.21151139151266862,0.8737979857661256,0.9422080421889416,0.9522137875062906,0.8096778557177702,0.9470055188469617,0.9526354118995057,0.21151139151266862,0.21151139151266862,0.896236837683279,0.9355809960386168,0.9065481447743431,0.9218915803605507,0.8439253499767936,0.8724042835510757,0.7779424286970983,0.8724042835510757,0.8619387659755593,0.8354183921529794,0.21151139151266873,0.8925262950745887,0.9557119888688754,0.9377253379624282,0.9470055188469617,0.6318049106066171,0.8262247237819451,0.5796411465402947,0.9310028073541698,0.8424035886035852,0.8213256187370719,0.21151139151266862,0.9221581876231608,0.8955399645501796,0.9740168722867643,0.8653384016821963,0.829323391582558,0.925605968967548,0.9752107011246876,0.8396720495620453,0.9331052725841534,0.9384053652815667,0.9538090949089599,0.9294643302252341,0.9495505106234363,0.9388933740579655,0.42950877000312804,0.9489014268422507,0.9422080421889416,0.23774878152121726,0.9779265190687882,0.9894121426990234,0.9272324378358678,0.9368723982681519,0.9774873843362968,0.9272324378358678,0.9522137875062906,0.9522137875062904,0.8766017896141824,0.48456087632456224,0.9284021172811183,0.9578055524052941,0.9495505106234363,0.9218915803605507,0.8083287302412825,0.8111252182639923,0.9275156757582281,0.9334927596276981,0.909762579821223,0.6596425857835818,0.9377253379624282,0.7749133993724273,0.5370545505859734,0.7060541100042217,0.7454027141409307,0.21151139151266862,0.8920802319381609,0.9355809960386168,0.7164888607453722,0.9495505106234361,0.9148167155454527,0.9165462137008822,0.8425073736236923,0.21151139151266862,0.6933420269614068,0.7768906158509865,0.9165462137008822,0.9387392204449956,0.8748383714675434,0.9489014268422507,0.9422080421889416,0.7082727211273419,0.6570793474720404,0.8000118450787022,0.8587719437735877,0.9615686274509803,0.784360808133517,0.9522137875062904,0.9183006535947711,0.9355809960386168,0.8710156683413512,0.9923032503352311,0.9405758992258253,0.557854720017583,0.7830156341308279,0.935580996038617,0.23774878152121726,0.9943406015515466,0.823995259026026,0.6204767054355724,0.8768199244837862,0.8697587253058277,0.21151139151266862,0.9016348683912782,0.8266608704208855,0.9388933740579655,0.21151139151266862,0.9907081931481021,0.9275156757582277,0.9470055188469617,0.3894117647058871,0.23774878152121726,0.9737261524690668,0.9131105611405985,0.8696318695590657,0.9894121426990234,0.981989217925332,0.96156862745098,0.8093116520261692,0.21151139151266862,0.9473606184418111,0.21151139151266862,0.9470055188469617,0.860402838722307,0.8533158492412365,0.9522137875062906,0.9774411992633254,0.8644851655844235,0.8794294801784412,0.9388933740579655,0.21151139151266862,0.954349852295192,0.8904166021659932,0.8602481607023704,0.9048830033154058,0.5521754207449423,0.9422080421889416,0.48452352463415527,0.9032901911357232,0.5447425463537505,0.9884184727022945,0.7627624303785958,0.5447425463537505,0.9017126880527935,0.9422080421889416,0.8546597599343506,0.5447425463537505,0.9522137875062906,0.9131105611405985,0.9377253379624282,0.8546597599343506,0.9334927596276981,0.9786100658041363,0.916546213700882,0.8627763408565619,0.8925262950745887,0.9951633986928107,0.9253852640835394,0.9672582712673323,0.9334927596276981,0.9218915803605507,0.7971709930294197,0.9017126880527935,0.8751970566277452,0.9321523113665866,0.5730888720724463,0.8837215992432159,0.9114262935403585,0.9377253379624282,0.939931930051314,0.9375514328635435,0.9545413042656152,0.9081181966045127,0.9081181966045127,0.9666265784581534,0.9422080421889416,0.944562380594602,0.650428830760007,0.9451809453601028,0.8827966714231754,0.9310028073541698,0.9048830033154058,0.712267856281577,0.9200817943852442,0.9409501284699298,0.935580996038617,0.8890719130048326,0.872601016137001,0.8895546908938257,0.9975694426888293,0.7202906908915649,0.944562380594602,0.9329290708210038,0.6432271452451477,0.913110561140599,0.9294643302252341,0.9064920176718161,0.8724042835510755,0.6574105658745377,0.8099843164912441,0.9237321696604077,0.7086598148031031,0.9852901633058908,0.9359681737876102,0.7317842208368257,0.9399319300513138,0.9377253379624282,0.9698257117961535,0.9081181966045118,0.939931930051314,0.9929979934242448,0.878234130547346,0.7724233048431892,0.9818737559710531,0.9314553797224701,0.8827375352795923,0.9165462137008822,0.8766017896141824,0.9967391619170713,0.9230739545616382,0.916546213700882,0.9445623805946022,0.9231164764775377,0.9598692082125242,0.9377253379624282,0.9495505106234361,0.8546597599343506,0.9470055188469617,0.7382307295305036,0.9445623805946022
p156_I,0.8159378637269956,0.9473756291574582,0.5788484422307301,0.9304741538905168,0.9544316996038,0.9661972965770262,0.8455226223395758,0.817057101195971,0.9137092609592143,0.9643133649175286,0.36712679555941397,0.9529545363721539,0.9529545363721539,0.9304741538905168,0.9894435908227328,0.8971901564492131,0.9501049319099923,0.9385367079941813,0.9625131050152524,0.9643133649175286,0.8990962871160679,0.38243605452529905,0.9422080421889416,0.9559485503920393,0.39681053131259425,0.9385367079941811,0.9830316367629124,0.9250379219402802,0.9643133649175286,0.7984206482463505,0.9327167510955894,0.9608127721335266,0.985998391819751,0.9271857963192043,0.9544316996038,0.9625131050152524,0.07198279492562476,0.9487265052554263,0.966197296577026,0.9373453016197315,0.9097421633544902,0.9397435965156076,0.9661972965770262,0.9218739081138494,0.9501049319099923,0.9301551713322505,0.19244580608505335,0.9107280314569577,0.4575465901506691,0.9029316112204655,0.9591194968553456,0.9324282734053553,0.9385367079941811,0.9473756291574582,0.9487265052554263,0.9361684345174046,0.9361684345174044,0.9544316996038,0.7652933686087295,0.15687099035540542,0.9157186269856046,0.8485170805722068,0.9385367079941818,0.9097421633544902,0.9607848936032954,0.8425003792101682,0.9591194968553456,0.8707710541962024,0.8020423584034363,0.9625131050152524,0.9293685115305117,0.9373453016197317,0.9544316996038,0.8445183988316078,0.9544316996038,0.5986505443815753,0.9447481688519044,0.9460501530640812,0.7421009311387937,0.9661972965770262,0.946050153064081,0.940966997789066,0.9338549253147788,0.9385367079941815,0.9544316996038,0.9261077324693097,0.9447481688519044,0.8875935086546549,0.651042649326655,0.9529545363721537,0.9544316996038,0.9427946840319119,0.8485170805722069,0.8698224617128842,0.9338549253147788,0.9107280314569577,0.9403916813458222,0.6337830280646118,0.8384238384890397,0.8373957982954758,0.9554815748429077,0.957509435301382,0.9544316996038,0.8726649773302662,0.7197243312476425,0.08301287652694123,0.5973977130084658,0.8181708833001988,0.943467974097185,0.8465237589272379,0.962299054571988,0.9466104231235154,0.8268966588916085,0.5866524475700889,0.0378922136098605,0.8056017035197611,0.9473756291574582,0.9625131050152522,0.966197296577026,0.8726649773302662,0.9218739081138492,0.8971901564492131,0.943467974097185,0.9327167510955894,0.9385367079941815,0.7805867564015283,0.07198279492562476,0.9451689995479283,0.9061219481453389,0.9239759423528264,0.8858525408230951,0.957509435301382,0.9591194968553456,0.9661972965770262,0.9501049319099923,0.89455712136231,0.8915055770282612,0.9591194968553456,0.16013546202225548,0.9515133476881703,0.7667375428754117,0.12705000336722982,0.8425003792101682,0.8849118467483819,0.8990962871160679,0.9197987094973854,0.9038960691476476,0.8583244595873938,0.937345301619732,0.8114042753167636,0.9643133649175286,0.9157186269856044,0.6836583097511206,0.8933957590212613,0.9591194968553458,0.937345301619732,0.9058327972212654,0.9229213960709446,0.7500848507922816,0.8971901564492131,0.8898606214266386,0.957509435301382,0.9409669977890662,0.8225734700092833,0.6390890551532901,0.9250379219402802,0.8754988991654495,0.6306371608045289,0.9338549253147788,0.9278919760223627,0.9304741538905168,0.27196612847404966,0.9361684345174046,0.8583244595873937,0.7563749039071171,0.9648675459392011,0.9625131050152522,0.883971315382519,0.9282725629505151,0.8981423730059304,0.9208331242859091,0.9000520303703363,0.9361684345174044,0.9529545363721539,0.8736104662007034,0.6882381005216132,0.8726649773302662,0.9117176971980809,0.9473756291574582,0.9659497926039275,0.9515133476881703,0.9137092609592146,0.7437455951366188,0.8114042753167636,0.9966922538063424,0.9544316996038,0.9559485503920395,0.9515133476881705,0.9107280314569577,0.722900289814764,0.9029316112204657,0.9529545363721539,0.9544316996038,0.6532895355609476,0.8114042753167636,0.9643133649175286,0.9544316996038,0.9155677991130318,0.9239759423528264,0.9755588472540062,0.9404815542410545,0.9147116017278332,0.9529545363721539,0.9544316996038,0.8707710541962024,0.9544316996038,0.8211183544415497,0.9211495461267731,0.8524700617069341,0.9544316996038,0.67164544834844,0.9544316996038,0.7998417332331829,0.9949291060968913,0.9250379219402802,0.6327772218191885,0.957509435301382,0.794733085207088,0.9515133476881701,0.41034420891855095,0.9447481688519046,0.9157186269856044,0.813682608787891,0.9271857963192041,0.9591194968553456,0.9097421633544899,0.9019695505324468,0.9554518077232719,0.9077810309891678,0.5094807987830572,0.9239759423528264,0.9501049319099923,0.9356856974167589,0.9515133476881705,0.9544316996038,0.9127113681766137,0.9544316996038,0.829030356996278,0.9239759423528264,0.9591194968553456,0.9350052413014638,0.794733085207088,0.9559485503920393,0.9229213960709446,0.27686116865982624,0.9038960691476476,0.9460501530640812,0.8754988991654495,0.957509435301382,0.8849118467483819,0.8849118467483819,0.86025830850666,0.9529545363721537,0.9607848936032954,0.8465237589272379,0.966197296577026,0.8504989784061949,0.7916225077062019,0.9397435965156073,0.9199989838706863,0.9243815265814346,0.9591194968553456,0.8641031766521008,0.7751707543509228,0.8569522690866247,0.08301287652694123,0.8465237589272376,0.9229213960709446,0.9409669977890662,0.9117176971980812,0.08301287652694123,0.8669692234537123,0.8332455615339118,0.9607848936032954,0.908759893665108,0.9304741538905166,0.957509435301382,0.9271857963192043,0.8268966588916087,0.2940426306563939,0.9575094353013818,0.957509435301382,0.7737917914928159,0.9625131050152524,0.8363962371582656,0.869822461712884,0.602367810972693,0.86025830850666,0.9625131050152524,0.9544316996038,0.9373453016197315,0.9515133476881705,0.9591194968553458,0.8225734700092833,0.9087598936651085,0.957509435301382,0.937345301619732,0.9250379219402802,0.8167498933030726,0.9187703462526826,0.8962395095530544,0.888278639033526,0.7805867564015283,0.8524700617069341,0.9221821648495907,0.9643133649175286,0.9137092609592146,0.9643133649175286,0.5361410951751719,0.9239759423528264,0.9913065253514575,0.957509435301382,0.9544316996038,0.9591194968553454,0.9127113681766137,0.9385367079941818,0.08301287652694123,0.9607848936032954,0.9529545363721539,0.9544316996038,0.3968105313125939,0.9625131050152522,0.966197296577026,0.4902762425833834,0.7421009311387936,0.9409669977890662,0.9591194968553456,0.8504989784061949,0.7336362758241322,0.943467974097185,0.9487265052554266,0.9233903453704979,0.9575094353013818,0.9271857963192043,0.757893768558104,0.9473756291574582,0.9197987094973852,0.9661972965770262,0.7897075031786098,0.9271857963192038,0.8008422195759235,0.31439732349195837,0.9529545363721537,0.9793236882044447,0.8971901564492131,0.8268966588916087,0.8279657565412282,0.7485888881337752,0.9544316996038,0.8688726774726097,0.9261077324693099,0.9282725629505151,0.44675533028303815,0.9643133649175284,0.8612222667022569,0.9544316996038,0.9544316996038,0.9373453016197315,0.9137092609592146,0.9774192396189842,0.9544316996038,0.9643133649175286,0.9544316996038,0.9304741538905167,0.63908905515329,0.8114042753167634,0.900538421250602,0.9315900378678903,0.9447481688519044,0.728351748348125,0.7623699658698975,0.9544316996038,0.61652085536815,0.9250379219402802,0.7996350258936387,0.8020423584034364,0.40241886019892603,0.8830308532373587,0.9575094353013818,0.8170571011959711,0.9544316996038,0.7751707543509228,0.9385367079941815,0.6765515156534121,0.8475218860027951,0.9559485503920393,0.7301312695908215,0.9487265052554266,0.9544316996038,0.9068053912485843,0.8247446089328486,0.9544316996038,0.9315900378678903,0.8159378637269961,0.711449816774324,0.7533024191224422,0.8225734700092833,0.9544316996038,0.8020423584034366,0.8707710541962022,0.9607848936032954,0.7604422708501075,0.7533024191224422,0.9167305843279032,0.9177477332861093,0.9068053912485843,0.0378922136098605,0.9087598936651085,0.8981423730059304,0.9422080421889416,0.867921623788791,0.8867934927338035,0.6476689942713074,0.9422080421889416,0.0,0.9385367079941818,0.9544316996038,0.9625131050152524,0.9117176971980809,0.832198064937085,0.9460501530640812,0.47778404797553353,0.9515133476881703,0.8818837573472098,0.9559485503920393,0.9515133476881703,0.991511387719873,0.9544316996038,0.9473756291574582,0.6232018013008533,0.9137092609592146,0.9625131050152524,0.862184347348063,0.9643133649175286,0.9473756291574582,0.9400741852851487,0.8336974907151966,0.9447481688519044,0.9643133649175286,0.8350509347173096,0.9250379219402802,0.9427946840319119,0.9397435965156076,0.9447481688519046,0.5744033572634892,0.957509435301382,0.9271857963192043,0.9097421633544904,0.6296422728260445,0.9409669977890662,0.9097421633544904,0.9460501530640812,0.9327167510955894,0.8893257159297718,0.7959698129526698,0.9984254449549754,0.9501049319099923,0.8332455615339118,0.6622198676465976,0.9304741538905168,0.9409669977890662,0.9422080421889416,0.7501740968189339,0.9460501530640815,0.7265705885140912,0.9409669977890662,0.4622688605443812,0.7792473655810663,0.957509435301382,0.8612222667022569,0.7437455951366186,0.9261077324693097,0.9933095589619414,0.9625131050152524,0.8211183544415496,0.9029316112204657,0.9607848936032954,0.9250379219402802,0.9501049319099923,0.9501049319099926,0.9591194968553456,0.9625131050152524,0.9327167510955894,0.7387643482726471,0.9218739081138492,0.27196612847404966,0.9529545363721539,0.8414864259682342,0.9167305843279034,0.9501049319099926,0.9572654625627895,0.9544316996038,0.12394457825310956,0.9544316996038,0.9544316996038,0.8373957982954758,0.9422080421889416,0.9271857963192038,0.9544316996038,0.829030356996278,0.8544309354723387,0.9239759423528265,0.9358593744118062,0.6919182993082406,0.7652933686087294,0.9137092609592146,0.9127113681766139,0.8563822015167812,0.9487265052554263,0.8981423730059303,0.9607848936032954,0.9261077324693099,0.8630614034554602,0.8707710541962024,0.4962382389721034,0.9487265052554266,0.9515133476881703,0.850706776411942,0.9607848936032954,0.6431660007091019,0.0378922136098605,0.9107280314569579,0.9447481688519044,0.9397435965156078,0.9422080421889416,0.8641031766521012,0.40241886019892614,0.9157186269856046,0.9422080421889416,0.9282725629505149,0.957509435301382,0.9447481688519046,0.9559485503920393,0.5630800747977556,0.8717185331373514,0.9222692303427626,0.9591194968553456,0.8717185331373514,0.9501049319099926,0.7934886331492647,0.6657888880247789,0.9529545363721539,0.7996350258936387,0.9338549253147788,0.8425429626878574,0.7652933686087295,0.862184347348063,0.9127113681766137,0.7681703273063951,0.9447481688519046,0.9167305843279032,0.8943424304056793,0.9544316996038,0.0,0.9250379219402804,0.9544316996038,0.9103339493566889,0.9447481688519044,0.9515133476881705,0.48721666860616075,0.7949546003349713,0.9422080421889416,0.8247446089328487,0.9643133649175286,0.7792473655810663,0.9460501530640812,0.8802089698693751,0.9515133476881703,0.9487265052554263,0.8404690714821101,0.9239759423528264,0.9409669977890662,0.7922363153434719,0.8924501786702492,0.8225538587803667,0.8773844821970236,0.9752372748615917,0.8485170805722069,0.7413155487309184,0.9327167510955894,0.9643133649175286,0.943467974097185,0.9559485503920393,0.7172704758475096,0.9127113681766137,0.9038960691476481,0.9529545363721537,0.7765395464272922,0.7134120602206246,0.9661972965770262,0.8915055770282612,0.957509435301382,0.9261077324693097,0.5500833737992555,0.996566586696046,0.9541290792408026,0.44432505625098484,0.943467974097185,0.9087598936651082,0.946050153064081,0.9529545363721539,0.16013546202225548,0.9661972965770262,0.9544316996038,0.9271857963192043,0.8792678792793369,0.826801547165725,0.9730090101747262,0.9544316996038,0.8952903079111569,0.8425003792101684,0.9157186269856044,0.9304741538905168,0.5262469229133326,0.9029316112204655,0.8933957590212609,0.8079415948250697,0.9350052413014638,0.9157186269856044,0.8660153996906965,0.9019695505324468,0.12394457825310956,0.5316629177168315,0.9361684345174044,0.957509435301382,0.9711878805915029,0.966197296577026,0.9350052413014638,0.9515133476881705,0.8425429626878576,0.9473756291574582,0.9361684345174044,0.9544316996038,0.8583244595873937,0.6060108913463811,0.9625131050152524,0.9544316996038,0.9447481688519046,0.7922363153434718,0.8225734700092833,0.9529545363721537,0.9591194968553458,0.9501049319099923,0.9529545363721537,0.9529545363721537,0.9271857963192043,0.9544316996038,0.9501049319099923,0.9949291060968914,0.9544316996038,0.9409669977890662,0.9019695505324468,0.9625131050152522,0.0378922136098605,0.9607848936032954,0.9559485503920393,0.9529545363721537,0.7765395464272921,0.8726649773302662,0.9422080421889416,0.8573544191143379,0.9544316996038,0.9949291060968914,0.957509435301382,0.9409669977890662,0.8148130677930066,0.5029863032607462,0.9625131050152522,0.9559485503920393,0.943467974097185,0.9239759423528264,0.936582663250047,0.24790396509541268,0.9239759423528264,0.9293685115305117,0.9327167510955894,0.7830122900340044,0.9460501530640812,0.9507165296704019,0.9373453016197317,0.11516900984745693,0.9167305843279032,0.8583244595873938,0.9544316996038,0.9544316996038,0.613084956415163,0.9643133649175286,0.8544309354723385,0.18067046083776728,0.9460501530640812,0.8425003792101684,0.9515133476881703,0.8125463805509152,0.8067748700378881,0.9544316996038,0.9544316996038,0.9229213960709446,0.7301312695908215,0.9127113681766137,0.8887281516764465,0.8612222667022571,0.8977364728840895,0.7153521111143408,0.8203824865711142,0.9397435965156076,0.832198064937085,0.9544316996038,0.9107280314569579,0.0,0.966197296577026,0.8485170805722069,0.08301287652694123,0.8485170805722067,0.9544316996038,0.9544316996038,0.7971989552054204,0.9005384212506019,0.8044219767553502,0.38243605452529905,0.9404815542410545,0.9097421633544902,0.9350052413014638,0.6306371608045279,0.8514858339733076,0.9335689453150366,0.9544316996038,0.9239759423528264,0.8363640334164011,0.22153181872290717,0.9625131050152524,0.8981423730059304,0.8909910300164394,0.9197987094973854,0.9261077324693097,0.9559485503920393,0.6765515156534119,0.9544316996038,0.8445183988316076,0.977409661800282,0.90974216335449,0.6418623468324616,0.8792678792793369,0.9473756291574582,0.9147116017278332,0.7563749039071174,0.9607848936032954,0.8820903683689054,0.8764420057712254,0.9501049319099923,0.8539593087394248,0.9304741538905168,0.9385367079941815,0.832198064937085,0.9591194968553456,0.9529545363721537,0.7063997170207922,0.9361684345174044,0.9239759423528264,0.9707211351216223,0.9661972965770262,0.9239759423528264,0.9661972965770262,0.966197296577026,0.6171437968101474,0.9776317763878943,0.9068053912485843,0.9544316996038,0.9643133649175286,0.38243605452529905,0.9447481688519044,0.728351748348125,0.9487265052554266,0.9529545363721539,0.9361684345174044,0.9048630781107279,0.9559485503920395,0.7922363153434719,0.9261077324693099,0.8414864259682342,0.8214805068326567,0.9544316996038,0.9029316112204655,0.9544316996038,0.8114042753167636,0.9643133649175286,0.9397435965156078,0.940966997789066,0.7522076383746092,0.9544316996038,0.8247446089328487,0.7652933686087295,0.9409669977890662,0.8258229735464782,0.8445183988316076,0.832198064937085,0.08006773101112774,0.8724525586652854,0.7720943320371615,0.8258229735464784,0.7695919367481672,0.9422080421889416,0.775809895875169,0.9661972965770262,0.9422080421889416,0.9005384212506019,0.634914244844039,0.9373453016197315,0.8554077319402789,0.9127113681766137,0.7593982966903685,0.9544316996038,0.9529545363721537,0.8583244595873938,0.9451689995479284,0.6431660007091017,0.7996350258936387,0.777898355563907,0.9544316996038,0.8102561836643376,0.6665960077716825,0.9304741538905168,0.9544316996038,0.8563822015167812,0.9487265052554266,0.08301287652694123,0.9422080421889416,0.9529545363721537,0.862184347348063,0.9385367079941817,0.6390890551532902,0.9361684345174044,0.9177477332861093,0.9422080421889416,0.7563764498345815,0.9544316996038,0.9350052413014638,0.9544316996038,0.9625131050152522,0.8504989784061951,0.8962395095530544,0.966197296577026,0.9338549253147788,0.8853172535850609,0.9147116017278332,0.5131662731762368,0.9544316996038,0.8495094192726707,0.8394482358305893,0.6948865537510897,0.9327167510955894,0.9239759423528264,0.9591194968553458,0.9327167510955894,0.9315900378678903,0.9250379219402802,0.9038960691476479,0.7778983555639072,0.9250379219402802,0.9304741538905168,0.9591194968553458,0.602367810972693,0.9250379219402802,0.966197296577026,0.9385367079941815,0.9559485503920393,0.6023678109726931,0.9529545363721539,0.9315900378678903,0.940966997789066,0.9029316112204657,0.5094807987830579,0.9422080421889416,0.922921396070945,0.9373453016197317,0.9529545363721539,0.9447481688519046,0.8311464231994985,0.5131662731762373,0.9117176971980809,0.8504989784061951,0.9208331242859089,0.9177477332861095,0.9923551296406039,0.9559485503920393,0.19244580608505335,0.9117176971980809,0.9048630781107276,0.4777840479755341,0.9350052413014638,0.9107280314569577,0.1601354620222556,0.04073816660369156,0.9232797185420909,0.933854925314779,0.8802089698693754,0.9261077324693099,0.39241187352986606,0.8679216237887912,0.943467974097185,0.9315900378678903,0.2479039650954128,0.8534517371065098,0.8905618443793009,0.5692582912466633,0.9107280314569577,0.8650600761076828,0.9607848936032954,0.9271857963192041,0.888676559370384,0.9385367079941811,0.9161682054358171,0.487216668606161,0.9097421633544904,0.8849118467483819,0.7845489569349895,0.36712679555941397,0.86025830850666,0.9529545363721539,0.8952903079111569,0.840469071482111,0.957509435301382,0.22153181872290717,0.8981423730059304,0.9350052413014638,0.9575094353013818,0.9087598936651082,0.8773844821970236,0.9077763399699053,0.9515133476881705,0.29404263065639447,0.9144538550233172,0.9409669977890662,0.9127113681766137,0.9575094353013818,0.8736104662007036,0.30749747406404604,0.12394457825310956,0.9038960691476479,0.9466104231235155,0.9559485503920393,0.9643133649175286,0.8971901564492131,0.9625131050152524,0.8373957982954758,0.12394457825310956
p156_V,0.9631678932211354,0.9208799593226005,0.8398515774181603,0.9633074212540204,0.9314886672615055,0.9491780856091547,0.6471306239438654,0.7076746147801178,0.8702630231263389,0.9463456194504827,0.9188871236697298,0.9292677720165115,0.9292677720165115,0.6808598964884565,0.8671688713696311,0.8722984813209289,0.9349950396117984,0.9753653936822253,0.6323722594246128,0.9902272378284808,0.9569834028500148,0.9122859212239242,0.9541968529441154,0.9859653849226513,0.917534469484553,0.9075907590759071,0.4215827602767831,0.8872955140291618,0.9463456194504829,0.7602321023705129,0.9350783929825497,0.9385367079941818,0.922910983544081,0.8029652442344231,0.9821075314053485,0.8746515668023194,0.9859653849226513,0.5758727505344876,0.9491780856091547,0.6334069035135789,0.8148644431454315,0.9094052998937732,0.9491780856091547,0.8825384613814427,0.981668883187709,0.6678300638446376,0.9361160018916066,0.8657807842755791,0.7102058370180124,0.8818852841325537,0.9385367079941818,0.8266708252126977,0.9466053748231964,0.9208799593226005,0.9229109835440807,0.9040300914457235,0.7178027688939723,0.9314886672615055,0.9984080678451426,0.9271009640247969,0.8732840781850195,0.9984962316506799,0.702263083451202,0.8934655458176233,0.4781392071915378,0.7855957980215167,0.9944277784719999,0.9014073606955537,0.8326834153611178,0.9957912204911729,0.6179983740325992,0.9441989622120355,0.9314886672615055,0.7887023983633974,0.9314886672615055,0.8468584144181488,0.9976781567382803,0.906772862919105,0.8063962999510328,0.8505593707793005,0.9188871236697298,0.9515990837410908,0.7320669101228052,0.9075907590759074,0.9314886672615055,0.6396500238143722,0.9976781567382803,0.7803773639673837,0.8851446183863341,0.9292677720165115,0.9314886672615055,0.4781094974340879,0.6847554714970894,0.8519848009614241,0.9372898940428271,0.8951634300459386,0.46156897805731967,0.8754653093959397,0.7793340315324595,0.7555267484019459,0.7178027688939723,0.9900588676412958,0.41046609886853547,0.7580732923849527,0.9764465372762707,0.9436389526644005,0.6627015399186135,0.7702941613031979,0.956870021616921,0.7692505156398974,0.473581439137003,0.9490704397550973,0.9306198460685606,0.808274678152799,0.9361160018916066,0.9663213829593119,0.9900427159691708,0.9436389526644005,0.9491780856091547,0.8567060691516408,0.9148306285598002,0.5365238587801548,0.49888277315613405,0.9350783929825501,0.9466053748231966,0.7136872966515986,0.9337692322192535,0.8371307688681588,0.9292677720165115,0.885698841863535,0.8283808154149455,0.9361160018916064,0.9385367079941818,0.9491780856091547,0.6082781345804249,0.882880158639472,0.8629383298176905,0.8378990100945451,0.9385367079941818,0.9271009640247969,0.7151002678623362,0.9463456194504827,0.7855957980215169,0.6174647279248107,0.4995626407894844,0.8794184279003856,0.9675149084633379,0.7869927119133118,0.9441989622120355,0.6958663923837374,0.9902272378284809,0.8732840781850193,0.6679365212869307,0.8923529322982766,0.9944277784720001,0.9441989622120357,0.8295394068324621,0.659238051865918,0.807130523105005,0.5365238587801548,0.7328366129951083,0.9361160018916064,0.9112446674143933,0.7551406423489795,0.9476153226931838,0.34661586838513214,0.8371307688681591,0.8934655458176233,0.9005517611723419,0.954234683838113,0.9307747569588933,0.9292677720165115,0.9040300914457235,0.6354727831989608,0.8266331758234333,0.5161775485213107,0.9436389526644005,0.8507014378963613,0.8666557562729357,0.8018791960516245,0.9449309937922317,0.849729558831519,0.9068863387241246,0.9292677720165115,0.8341295003055755,0.6739582892195362,0.8807823590556036,0.8968738879834461,0.9208799593226005,0.9329075599064767,0.9271009640247969,0.9304071958786946,0.9049627810889025,0.7382149422874937,0.9038547561156014,0.9314886672615055,0.9337692322192535,0.49838520483729376,0.8951634300459383,0.8693942771016201,0.9097115979774826,0.9292677720165115,0.9314886672615055,0.872620876832739,0.9558759674139432,0.9463456194504827,0.9314886672615055,0.8206483255024004,0.885698841863535,0.8468584144181488,0.807130523105005,0.8553749114170581,0.677247060545931,0.9314886672615055,0.8057060011361059,0.9314886672615054,0.9667996812754105,0.8732107868011372,0.8569949996112676,0.9314886672615055,0.9197040732399178,0.9314886672615055,0.7596544808557926,0.9364712649059637,0.6796978760310912,0.8840186801460965,0.5244553406114991,0.7348158662592486,0.9271009640247969,0.7171128126277483,0.9169296077473639,0.7598677866479954,0.8505908421607193,0.9245814746860739,0.9385367079941818,0.9226325469213177,0.8526125248565162,0.8925584779567076,0.9948744677261987,0.885698841863535,0.8856988418635348,0.9716572732363804,0.48278043515298086,0.9271009640247969,0.9314886672615055,0.8687627046182604,0.9314886672615055,0.7065605296159838,0.6858709460622414,0.9944277784719999,0.9022812459376932,0.7348158662592487,0.9337692322192535,0.8841133455738344,0.9150048519840792,0.5844615374268638,0.9067728629191052,0.8371307688681591,0.9361160018916066,0.5417053491512441,0.8522196206602233,0.8131121854603587,0.9292677720165115,0.9410406098239261,0.6671568093070187,0.9491780856091547,0.8433588856625787,0.7979377653422226,0.9094052998937734,0.8758504577723429,0.5548415807532278,0.9944277784719999,0.81913087023223,0.7484582530296078,0.9177286235252594,0.9436389526644005,0.7692505156398977,0.9167311028995666,0.7255655856453291,0.718259104204558,0.9436389526644005,0.8709221173730848,0.8377581685317461,0.9427953535791664,0.8917796312811823,0.8220836588712382,0.36262674336243106,0.9245814746860739,0.761717346928291,0.9271009640247969,0.9361160018916066,0.9020554008593251,0.6817494061722851,0.9436389526644005,0.7938401567052571,0.8042798049713866,0.8722984813209291,0.8851323676488059,0.8140817399578928,0.6635604195877507,0.8254042372746635,0.833518273001074,0.6143347281832732,0.7332415752367158,0.8917796312811821,0.9900588676412958,0.9406026375313141,0.8872955140291618,0.7398168318562611,0.9092575998972448,0.8439974845602787,0.6667017293274287,0.7354733897109826,0.8237924898871016,0.5629840049673434,0.9463456194504827,0.9304071958786946,0.9463456194504829,0.8029652442344228,0.885698841863535,0.839659980591683,0.9361160018916064,0.9314886672615055,0.9385367079941818,0.7135493648879339,0.6242338519566235,0.9436389526644005,0.9410406098239261,0.9784534179462063,0.9314886672615055,0.956870021616921,0.9436389526644005,0.9491780856091547,0.9110950154916335,0.9700069634257706,0.6852111693186317,0.9496811510501818,0.7752272051820446,0.7798753443176354,0.8756692998517113,0.922910983544081,0.6382631582337097,0.9361160018916066,0.9245814746860737,0.7463308980982659,0.9208799593226005,0.8794184279003856,0.9491780856091547,0.770749062951106,0.7007952638296087,0.7440008684175132,0.981668883187709,0.9292677720165115,0.9318380992827058,0.7514975532888515,0.761717346928291,0.7633461199763991,0.6664686353197977,0.9314886672615055,0.8266331758234333,0.8889039599111501,0.7632905462643684,0.8889039599111501,0.9463456194504827,0.7913495263156982,0.9314886672615055,0.9314886672615055,0.9057994954598185,0.8702630231263391,0.6344719168634527,0.9314886672615054,0.9463456194504829,0.5623226913000651,0.7514717776798476,0.8613500083222572,0.7382149422874937,0.9166547403069655,0.28034984949604047,0.9169296077473637,0.6595819122130353,0.6867210361046738,0.9314886672615055,0.8923529322982766,0.7463142775602831,0.72046831354622,0.7458100200427333,0.9329075599064767,0.5747237800751592,0.9361160018916064,0.7467700034664932,0.9314886672615055,0.6838081318570448,0.9466053748231964,0.8341295003055758,0.6872391185944594,0.9337692322192535,0.6168808364573256,0.9229109835440807,0.9314886672615055,0.8884414464455952,0.7584416088295454,0.9314886672615055,0.8971465330611363,0.9495947018142552,0.9357907257405791,0.6733828164366846,0.7551406423489795,0.9314886672615055,0.7023733223835411,0.8057060011361057,0.9410406098239261,0.6089090163905027,0.6955274882432101,0.9056384037386234,0.8763348124829182,0.5975091629301639,0.9361160018916066,0.8917796312811821,0.8468584144181488,0.9131105611405985,0.801421920469064,0.8900442151496594,0.7720632639639103,0.9131105611405985,0.9385367079941818,0.0,0.9314886672615055,0.9436389526644005,0.6294436408633277,0.9686308603165106,0.9624721270225209,0.902281245937693,0.9271009640247969,0.8593914613455645,0.9337692322192535,0.9271009640247969,0.9939428696246876,0.5117038271562218,0.9455040536150564,0.9150548293356047,0.8290161131118833,0.9436389526644005,0.8161240709434594,0.9463456194504829,0.9208799593226005,0.9131105611405985,0.7972443464013117,0.6988053324380337,0.7365186669443355,0.8392764609028796,0.9206037147937578,0.728546322038446,0.9094052998937734,0.9169296077473639,0.9284324089745184,0.9900588676412958,0.890524814551136,0.844031444249126,0.8598571772354451,0.644856752991934,0.9809665491287067,0.9188871236697298,0.8988405313927084,0.6410240927203237,0.758386481762668,0.7037887672721759,0.8416473524599777,0.8819937914444249,0.8708270767733413,0.8954688163631976,0.9112446674143935,0.9131105611405987,0.6687925400800356,0.9624721270225209,0.8472780779987024,0.9112446674143935,0.8836079670195752,0.6898986661254143,0.8481125351096356,0.6501870764645937,0.9942667398101894,0.6059753083661952,0.8934655458176233,0.9436389526644005,0.9228659261760036,0.8818852841325537,0.5943032437884446,0.9461634821478585,0.4215827602767831,0.9249834296604702,0.9496811510501817,0.9436389526644005,0.9350783929825499,0.9212573941667461,0.8591242011916973,0.972360936124099,0.972360936124099,0.8287559736133525,0.9056384037386234,0.92498342966047,0.7942366117297994,0.9314886672615055,0.9410406098239261,0.9314886672615055,0.9314886672615055,0.777757695181879,0.9131105611405985,0.8029652442344226,0.9314886672615055,0.7649690208871622,0.8040348807820139,0.8856988418635351,0.6057809626050723,0.8923529322982766,0.8886310796664365,0.8290161131118837,0.8687627046182607,0.8070686869526495,0.9229109835440807,0.8738785982281662,0.9410406098239261,0.8889039599111501,0.7440008684175135,0.8057060011361057,0.8112565758885599,0.9229109835440807,0.9749771166196228,0.7471158594897864,0.9410406098239261,0.5403925639719144,0.9361160018916066,0.8403927580208275,0.9169296077473634,0.7336084413543094,0.9541968529441154,0.8425808044089365,0.6021990911041015,0.8732840781850195,0.9131105611405985,0.9266138237099293,0.9361160018916064,0.9169296077473641,0.5442692407467675,0.9819666175510304,0.8551303703623307,0.9169777028838373,0.938536707994182,0.856870546093714,0.9249834296604702,0.9935697940021135,0.8739259152693218,0.9784534179462063,0.72046831354622,0.9372898940428271,0.7170510083716032,0.7129878985805065,0.8394521401338444,0.8687627046182604,0.6952811356832638,0.9976781567382803,0.8748055425712831,0.9733910305294031,0.9314886672615055,0.9385367079941818,0.9206037147937578,0.9314886672615055,0.871071041661533,0.9169296077473634,0.9271009640247971,0.7320669101228049,0.752630106536853,0.8814579798418165,0.7584416088295451,0.9463456194504829,0.7116959779777158,0.9624721270225209,0.8446526322626198,0.9271009640247969,0.9859587862883861,0.8271253427472367,0.6529147759026857,0.6852111693186316,0.9865470932322293,0.8383002760466662,0.7043869062693766,0.864622006323442,0.6667386036946705,0.7948723265313886,0.8953875574507253,0.9350783929825499,0.9463456194504829,0.6244782820546593,0.9337692322192535,0.9420471392923734,0.9582672611526475,0.8835104920677506,0.9292677720165115,0.7294968300502533,0.6382631582337096,0.9840677331869969,0.9932295786124763,0.9361160018916064,0.7069994547107259,0.9872201163229497,0.9094052998937732,0.9264790424305227,0.883732299068243,0.9568700216169213,0.8628217153184267,0.9188871236697294,0.9292677720165115,0.9385367079941818,0.9840677331869969,0.9314886672615055,0.9245814746860739,0.9102091304193268,0.78369326171423,0.625470266252945,0.9314886672615054,0.8425703725337486,0.6993334573706603,0.8732840781850193,0.7514717776798475,0.8702630231263386,0.7563726358833744,0.8660374379044282,0.7234604093965955,0.9768086827916644,0.8210091425091597,0.7985559379258662,0.7602029174252845,0.9410406098239263,0.6837145127098049,0.7178027688939721,0.9559982666090145,0.7517832863813526,0.9840677331869967,0.9395449643646787,0.49838520483729376,0.9840677331869968,0.9208799593226005,0.6421693409619119,0.9821075314053485,0.9588921059360882,0.8707246235926531,0.9436389526644005,0.9314886672615055,0.9169296077473637,0.7093515898807028,0.7551406423489795,0.9292677720165115,0.938536707994182,0.9716572732363804,0.9292677720165115,0.9292677720165115,0.890524814551136,0.9314886672615055,0.92498342966047,0.9056384037386235,0.9314886672615055,0.5237935040118417,0.8431710369363271,0.9436389526644005,0.9361160018916066,0.9410406098239261,0.9337692322192535,0.9292677720165115,0.7294968300502531,0.808553489343715,0.9131105611405985,0.8085823718930643,0.9314886672615055,0.7860329845879747,0.9900588676412958,0.9112446674143933,0.743371225714746,0.4704761917486655,0.9436389526644005,0.9618384623739508,0.9150048519840794,0.9824764774982423,0.62447828205466,0.9314886672615053,0.885698841863535,0.7226116157826346,0.8837322990682431,0.8055529015730944,0.688847846155149,0.9352213936467461,0.7102058370180127,0.9900588676412958,0.6627015399186134,0.7869927119133118,0.9314886672615055,0.9821075314053485,0.8675944071688322,0.9463456194504829,0.646460386754985,0.9716572732363806,0.9624721270225209,0.807990178221857,0.9271009640247969,0.761717361992173,0.7529602345885684,0.9314886672615055,0.9314886672615055,0.8841133455738346,0.6847554714970894,0.6837145127098047,0.9325418749379188,0.7913495263156982,0.6512381446301592,0.8709854345232517,0.7736790608521438,0.6542781616316613,0.813987675961946,0.9314886672615055,0.8657807842755789,0.9385367079941818,0.9491780856091547,0.6621305931505015,0.9436389526644005,0.7948723265313886,0.9314886672615055,0.9314886672615055,0.7385185116412758,0.714179283731593,0.7276765387310389,0.9976781567382803,0.6408712334357477,0.8934655458176233,0.9022812459376932,0.8731984453528208,0.8222212017814297,0.6591549374028529,0.9314886672615054,0.4551777549453513,0.7761767327353339,0.9859653849226513,0.9436389526644005,0.8738785982281663,0.8293380612466703,0.9621986341433749,0.5049511620216646,0.9337692322192535,0.8824384623811186,0.9314886672615055,0.7887023983633974,0.9427224628479648,0.893465545817623,0.867301594776199,0.8362154926652952,0.9208799593226005,0.9020872579511305,0.5788328539896255,0.9410406098239261,0.8227244392370427,0.8630331071488695,0.92498342966047,0.9902272378284808,0.8954688163631976,0.9075907590759074,0.7698039090034989,0.9385367079941818,0.9292677720165115,0.8326266896887446,0.9040300914457235,0.5210900952644628,0.9635486589672584,0.9491780856091547,0.6858709460622414,0.9491780856091547,0.9491780856091547,0.8627236257785786,0.8921587537070734,0.8598831469664705,0.9314886672615055,0.9902272378284809,0.9549820389811022,0.9169296077473634,0.6369147653497311,0.9229109835440812,0.9292677720165115,0.9796635193777843,0.8569629050326468,0.9337692322192535,0.7693318668843241,0.9225786753593272,0.7616769526263938,0.7534803285720546,0.9314886672615055,0.47810949743408804,0.9314886672615055,0.7817471473127837,0.9463456194504827,0.9490704397550973,0.9112446674143935,0.5961605016173448,0.9314886672615055,0.7584416088295454,0.6690771033090241,0.9112446674143935,0.7600825581617037,0.7887023983633974,0.769803909003499,0.9385367079941818,0.7824733633865937,0.8378881427506739,0.9357257392476337,0.76307988118122,0.5527676454136803,0.6326522542660196,0.9173135519831485,0.9225442716453335,0.9314886672615055,0.9496954632066934,0.9825984289642522,0.8055529015730942,0.8985975567963895,0.7043869062693767,0.9821075314053485,0.9292677720165115,0.7869927119133118,0.7981214942939561,0.8545338582422841,0.72046831354622,0.7096918381615798,0.9314886672615055,0.7364800233546365,0.8905139723271553,0.645553955892761,0.9314886672615055,0.8070686869526495,0.9684760986278473,0.9436389526644005,0.9131105611405985,0.9292677720165115,0.9560924860857705,0.9466053748231965,0.7073234198231104,0.9040300914457235,0.8126228085797406,0.9131105611405985,0.6558071205366901,0.9314886672615055,0.9022812459376932,0.9314886672615055,0.9436389526644005,0.6342982306533258,0.8439974845602787,0.9491780856091547,0.9372898940428271,0.9163733509670657,0.871770029122154,0.7514717776798474,0.9314886672615055,0.7964065630676633,0.7809058762859378,0.847777241636342,0.6663051295291942,0.8856988418635352,0.9944277784720001,0.8988405313927084,0.8971465330611363,0.9206037147937578,0.8555090199358881,0.7315011894027321,0.9206037147937578,0.8954688163631976,0.33487937579418303,0.8454267695073419,0.9206037147937578,0.9491780856091547,0.7022630834512018,0.9337692322192535,0.8321126887296126,0.48050447682715247,0.9329075599064767,0.8466288346254216,0.8120252635732318,0.8856988418635352,0.9131105611405985,0.8841133455738348,0.9057994954598185,0.9292677720165115,0.9596257255045417,0.8343984102171074,0.7161658370841522,0.8070745675457875,0.9114905661431125,0.8809736567579463,0.8763348124829184,0.595007436761362,0.9859653849226513,0.9361160018916066,0.9264790424305227,0.8330382480767984,0.9022812459376932,0.8741364435003931,0.957923341102265,0.9385367079941818,0.9410406098239263,0.9062028679268259,0.9005517611723421,0.6602103554978729,0.9225786753593272,0.9562080222479259,0.8725575745001679,0.5407479427889756,0.8971465330611366,0.9314886672615053,0.8482101936705038,0.5939808998279241,0.7945398668349821,0.9245460758162978,0.8676589128570722,0.9991226281223797,0.9051352246392363,0.9097146753747727,0.9075907590759071,0.6549519781563355,0.9372898940428271,0.8148644431454315,0.902725873175934,0.9589174394104885,0.6016778394495661,0.8827480578197822,0.5788757686865419,0.9181526579652497,0.882636791408581,0.5783982063611888,0.9859653849226513,0.8468584144181488,0.9022812459376928,0.9361160018916066,0.8186412090912616,0.8401356041885015,0.943687516826649,0.6898898152165965,0.9749771166196226,0.7964065630676636,0.951599083741091,0.5942099561754175,0.9361160018916066,0.8099750192678041,0.9112446674143935,0.9410406098239263,0.8835104920677506,0.6542781616316611,0.9337692322192535,0.9463456194504827,0.7783692651024385,0.9436389526644005,0.866547156339194,0.9410406098239263
p156_W,0.7524297972473161,0.9413411539914585,0.8918007079504506,0.9225015741707872,0.9492063492063487,0.9623211158059548,0.7050163519970581,0.7509151724713103,0.9038142386822647,0.960221152322577,0.9398636845831869,0.9475597985845114,0.9475597985845114,0.9225015741707872,0.9106019687464653,0.5567710364845595,0.944383427890573,0.9314886672615048,0.9582144552981327,0.960221152322577,0.8875255844205965,0.938412400887346,0.935580996038617,0.9508971383859763,0.9369854052620163,0.9314886672615046,0.944383427890573,0.916441965519317,0.960221152322577,0.7739436107925906,0.9250013316406693,0.9544316996038,0.9428469360414609,0.9188361382271659,0.9492063492063489,0.9582144552981327,0.9508971383859763,0.9428469360414602,0.9623211158059548,0.930160641445072,0.8993922310882436,0.932833950574053,0.9623211158059548,0.912915131908919,0.9443834278905732,0.8474513194974065,0.9526370111116405,0.9004911494084333,0.930160641445072,0.8918007079504506,0.9544316996038,0.8495864161552136,0.9314886672615046,0.13408370177867746,0.9428469360414604,0.9288488221297497,0.9288488221297497,0.0,0.7383793872014479,0.9459533477380775,0.9060540201833016,0.831146423199498,0.931488667261505,0.8993922310882436,0.9562880686171875,0.8244397822834253,0.9544316996038,0.6473831763250288,0.7698078233874499,0.9582144552981327,0.92126914699118,0.9301606414450723,0.9492063492063487,0.8266892096935958,0.0,0.8864622842804517,0.938412400887346,0.9398636845831867,0.8233095582802461,0.9623211158059548,0.9398636845831869,0.9341976401680094,0.31108550994831163,0.9314886672615048,0.0,0.9176344520056336,0.938412400887346,0.8046479448175341,0.8939536575643376,0.03139863267861631,0.0,0.8918007079504506,0.831146423199498,0.8548949080074899,0.31108550994831163,0.48955645159511163,0.8896584524348263,0.8875255844205965,0.8198957816506434,0.8187498553347687,0.9288488221297497,0.9526370111116405,0.9492063492063489,0.8580633769736241,0.6072669396673074,0.9582144552981327,0.907182019415572,0.7973204052495684,0.9369854052620166,0.8289245259008584,0.8759110188590657,0.9328339505740528,0.8070467719220202,0.9094556823349389,0.9526370111116405,0.7833099084134079,0.9413411539914585,0.9582144552981327,0.9623211158059548,0.8580633769736241,0.9129151319089193,0.885400876353422,0.9369854052620166,0.9250013316406696,0.931488667261505,0.7554264789789613,0.9508971383859763,0.6339927913026551,0.9475597985845114,0.9152582079543838,0.8727631680356085,0.9526370111116405,0.9544316996038,0.9623211158059548,0.944383427890573,0.8453085223330421,0.879064442044788,0.9544316996038003,0.9544316996038,0.06018876900101988,0.8046479448175343,0.960221152322577,0.8244397822834253,0.8717146038820363,0.8875255844205967,0.9106019687464659,0.892875760974867,0.8420784215528956,0.9301606414450723,0.7583810530554915,0.9602211523225768,0.9060540201833014,0.8559522762859688,0.8811713725919912,0.9544316996038,0.9301606414450725,0.8950345750758599,0.9140827360776209,0.8938851835250172,0.5567710364845593,0.7367566674079002,0.9526370111116407,0.9341976401680094,0.7431708752992887,0.8972062142375332,0.9164419655193166,0.8612222667022558,0.8993922310882436,0.9262700211315917,0.8453085223330423,0.9225015741707872,0.9475597985845114,0.9288488221297495,0.6783615558233287,0.8538362113124116,0.8780124908814328,0.9582144552981327,0.6072669396673073,0.9200475251844384,0.5526275082095409,0.9117550006367756,0.8885909234541711,0.9288488221297497,0.9475597985845114,0.6394614409405057,0.8538362113124116,0.8580633769736241,0.9015943008452869,0.13408370177867734,0.9237454173815312,0.9459533477380775,0.903814238682265,0.8221755430097122,0.7897778653703145,0.9060540201833014,0.0,0.9508971383859763,0.9459533477380777,0.4895564515951115,0.8355526955775656,0.8918007079504506,0.9475597985845114,0.0,0.8685695845092951,0.7897778653703145,0.960221152322577,0.0,0.6951973979147161,0.9152582079543841,0.8864622842804517,0.6447787703816181,0.9049315186013059,0.9475597985845114,0.0,0.6473831763250286,0.0,0.8117838598171898,0.8388272306091986,0.8355526955775657,0.0,0.6339927913026551,0.0,0.7050163519970583,0.9071820194155717,0.9164419655193166,0.8759110188590655,0.9526370111116407,0.7711949776746383,0.06018876900101888,0.935580996038617,0.9384124008873462,0.9060540201833014,0.7554264789789611,0.9188361382271666,0.9544316996038,0.4951319232791844,0.8907283270583697,0.9027019168030599,0.897206214237533,0.9152582079543838,0.9152582079543838,0.944383427890573,0.885400876353422,0.9459533477380777,0.0,0.9027019168030597,0.0,0.7334713952978886,0.9152582079543841,0.9544316996038,0.9275522446953854,0.7711949776746383,0.9508971383859763,0.9140827360776205,0.9369854052620161,0.892875760974867,0.9398636845831869,0.8612222667022562,0.9526370111116405,0.8717146038820363,0.8717146038820349,0.8442340263447974,0.03139863267861631,0.9562880686171873,0.8289245259008584,0.9623211158059548,0.8333555867103808,0.8333555867103808,0.24376003609304187,0.8706662210952574,0.8748612665230131,0.9544316996038003,0.848519788337875,0.7973204052495684,0.7780046509581313,0.9582144552981327,0.8289245259008584,0.9140827360776214,0.9341976401680094,0.9015943008452874,0.9582144552981327,0.8517144868263773,0.8141237078825918,0.9562880686171873,0.8982973238138026,0.9225015741707867,0.9526370111116407,0.9188361382271666,0.8070467719220202,0.9459533477380775,0.9526370111116405,0.9526370111116407,0.7985559379258667,0.9582144552981327,0.7985559379258667,0.6499526646778642,0.885400876353422,0.8442340263447972,0.9582144552981327,0.9492063492063487,0.930160641445072,0.9459533477380777,0.9544316996038003,0.8022278398026612,0.8982973238138026,0.9526370111116405,0.9301606414450723,0.9164419655193172,0.7250134267509765,0.9094556823349389,0.8843412180810755,0.6848496741376313,0.7923174570100686,0.6911250629978627,0.8727631680356077,0.9602211523225768,0.903814238682265,0.9602211523225768,0.9188361382271668,0.9152582079543841,0.9094556823349389,0.9526370111116405,0.0,0.9544316996038,0.9027019168030597,0.931488667261505,0.9582144552981327,0.9562880686171873,0.9475597985845114,0.0,0.9369854052620163,0.9582144552981327,0.9623211158059548,0.9106019687464655,0.823309558280246,0.9341976401680094,0.9544316996038003,0.8333555867103808,0.8289245259008584,0.9369854052620166,0.9428469360414611,0.8409971458279799,0.9526370111116405,0.9188361382271659,0.8117838598171898,0.9413411539914587,0.9106019687464657,0.9623211158059548,0.7655931084723666,0.9188361382271666,0.7780046509581313,0.944383427890573,0.03139863267861631,0.92126914699118,0.885400876353422,0.8070467719220202,0.8082384637825222,0.8187498553347687,0.0,0.8538362113124116,0.9176344520056336,0.9200475251844387,0.9176344520056336,0.9602211523225768,0.8453085223330421,0.0,0.0,0.930160641445072,0.903814238682265,0.8591172857456586,0.0,0.9602211523225768,0.9492063492063489,0.922501574170787,0.8972062142375332,0.7897778653703145,0.9492063492063489,0.9237454173815309,0.938412400887346,0.8322525541058978,0.9634411459729271,0.0,0.8811713725919912,0.9164419655193168,0.7766590274917047,0.9952327064015152,0.9237454173815312,0.8704033497109469,0.9526370111116405,0.7960789049353036,0.0,0.7973204052495684,0.9314886672615053,0.8591172857456586,0.8300371089395653,0.9508971383859763,0.831146423199498,0.9428469360414606,0.0,0.8961186971729789,0.7399891659895361,0.0,0.9237454173815309,0.7948313236856197,0.8420784215528956,0.8152867967569688,0.8022278398026612,0.0,0.7698078233874488,0.8559522762859684,0.9562880686171873,0.6574604645689301,0.7250134267509767,0.907182019415572,0.908315805590151,0.8961186971729789,0.9526370111116405,0.8982973238138026,0.8864622842804517,0.935580996038617,0.8527760996057683,0.8738120195914167,0.8706662210952574,0.21151139151266862,0.9544316996038,0.9314886672615055,0.0,0.9582144552981327,0.9015943008452869,0.8129560940834346,0.9398636845831869,0.9275522446953854,0.06018876900102055,0.7478523304650295,0.9508971383859763,0.06018876900102055,0.9398636845831869,0.9492063492063489,0.9413411539914582,0.879064442044788,0.903814238682265,0.9582144552981327,0.8463809254714867,0.9602211523225768,0.9413411539914582,0.935580996038617,0.801009545737682,0.938412400887346,0.9602211523225768,0.7997856146881548,0.9164419655193166,0.5305546844946969,0.24376003609304187,0.938412400887346,0.9027019168030597,0.9526370111116405,0.9188361382271666,0.8993922310882436,0.8769613888066743,0.9341976401680094,0.8993922310882436,0.9398636845831869,0.9250013316406693,0.6827113291147924,0.7725735218970409,0.9049315186013058,0.9443834278905732,0.8141237078825918,0.8907283270583697,0.9225015741707872,0.9341976401680094,0.21151139151266984,0.8175997772209664,0.9398636845831869,0.8517144868263774,0.9341976401680094,0.9152582079543841,0.7539334992316542,0.9526370111116405,0.8453085223330421,0.7143607147557585,0.9176344520056336,0.8993922310882432,0.9582144552981327,0.7301312695908229,0.8918007079504506,0.9562880686171875,0.9164419655193166,0.944383427890573,0.944383427890573,0.9544316996038003,0.9582144552981327,0.9250013316406696,0.8255663034700989,0.9129151319089186,0.9475597985845114,0.9475597985845114,0.7125274559321444,0.9071820194155717,0.08671734220308636,0.8717146038820361,0.0,0.9562880686171873,0.0,0.0,0.8187498553347687,0.2115113915126693,0.9188361382271664,0.0,0.7334713952978882,0.8377384241745145,0.4006068367505189,0.8527760996057685,0.8811713725919912,0.8058499662916012,0.903814238682265,0.47795836130872293,0.8399134433261015,0.9428469360414604,0.8864622842804515,0.4408515443948542,0.9176344520056336,0.7711949776746385,0.6473831763250284,0.9250013316406696,0.9428469360414602,0.9459533477380775,0.7846176027958278,0.9562880686171873,0.8961186971729789,0.9526370111116405,0.9004911494084331,0.938412400887346,0.9328339505740528,0.935580996038617,0.848519788337875,0.9237454173815312,0.9060540201833016,0.9355809960386168,0.7223272158432528,0.9526370111116405,0.17526171623055564,0.9508971383859763,0.9140827360776205,0.8570084033315839,0.8399134433261015,0.4654487838138114,0.8570084033315841,0.5711669571562623,0.77934241058442,0.8896584524348263,0.9475597985845114,0.7766590274917051,0.9262700211315917,0.9623211158059548,0.8058499662916013,0.8463809254714865,0.7876282222528316,0.8034406041869142,0.938412400887346,0.9071820194155717,0.8822265994777512,0.0,0.9544316996038,0.9164419655193174,0.9492063492063487,0.8612222667022558,0.938412400887346,0.9459533477380777,0.9262700211315917,0.831146423199498,0.9355809960386168,0.8046479448175343,0.9602211523225772,0.7935775465776653,0.9398636845831869,0.8664724446651941,0.06018876900102055,0.9428469360414602,0.7143607147557588,0.9152582079543841,0.9341976401680094,0.7806724477786732,0.880117361849238,0.7318083230664854,0.8633240709217587,0.9188361382271666,0.6991852245234744,0.8612222667022558,0.9250013316406696,0.960221152322577,0.9369854052620166,0.9508971383859763,0.8388272306091986,0.9027019168030597,0.525843532183836,0.03139863267861631,0.7960789049353036,0.8409971458279799,0.9623211158059548,0.8790644420447877,0.9526370111116405,0.9176344520056336,0.9164419655193168,0.932833950574053,0.9015943008452869,0.9250013316406696,0.9369854052620166,0.500567215157067,0.9398636845831867,0.9475597985845112,0.9544316996038,0.9623211158059548,0.0,0.9188361382271668,0.8654234385275936,0.8070467719220202,0.9200475251844384,0.0,0.8832831707913575,0.8244397822834253,0.9060540201833016,0.34458474155865637,0.9038142386822647,0.8918007079504506,0.8811713725919912,0.7859181167692968,0.9275522446953854,0.9060540201833014,0.6598989712921809,0.8907283270583697,0.9562880686171873,0.9027019168030597,0.9288488221297497,0.9526370111116405,0.9152582079543841,0.9623211158059548,0.9275522446953854,0.9459533477380777,0.9623211158059548,0.9413411539914587,0.9288488221297497,0.9492063492063487,0.6783615558233285,0.8843412180810755,0.9582144552981327,0.9492063492063489,0.9384124008873462,0.7806724477786728,0.8022278398026612,0.03139863267861631,0.9544316996038003,0.08671734220308558,0.03139863267861631,0.03139863267861631,0.3741839079094693,0.0,0.944383427890573,0.4527606561376478,0.0,0.9341976401680094,0.535161772248302,0.9582144552981327,0.9526370111116405,0.9562880686171873,0.9508971383859763,0.03139863267861631,0.7960789049353036,0.8580633769736241,0.935580996038617,0.8409971458279799,0.0,0.9071820194155722,0.9526370111116405,0.9341976401680094,0.7935775465776653,0.9083158055901508,0.9582144552981327,0.9508971383859763,0.9369854052620166,0.9152582079543841,0.6284764518573093,0.9492063492063487,0.4006068367505189,0.92126914699118,0.9250013316406696,0.6848496741376318,0.9398636845831869,0.9582144552981327,0.930160641445072,0.9526370111116405,0.9071820194155722,0.8420784215528954,0.0,0.9492063492063487,0.8822265994777507,0.960221152322577,0.8377384241745145,0.944383427890573,0.9398636845831869,0.8244397822834253,0.06018876900102055,0.7569089328329721,0.7846176027958276,0.0,0.0,0.40880739824839063,0.6991852245234742,0.9027019168030597,0.8058499662916013,0.8453085223330421,0.8152867967569688,0.8399134433261015,0.7997856146881548,0.9328339505740528,0.8129560940834346,0.0,0.9004911494084331,0.9544316996038,0.9623211158059548,0.831146423199498,0.9582144552981327,0.831146423199498,0.0,0.0,0.7739436107925914,0.9492063492063487,0.7819949015164562,0.938412400887346,0.8570084033315841,0.8993922310882436,0.6856702229525599,0.8993922310882436,0.8344556057285131,0.8506512873935228,0.0,0.9152582079543841,0.8175997772209664,0.9508971383859763,0.9582144552981327,0.5526275082095407,0.7351207557283752,0.43182584581086747,0.9176344520056336,0.9508971383859763,0.8591172857456586,0.0,0.8266892096935958,0.9176344520056336,0.8993922310882436,0.8727631680356078,0.8654234385275936,0.9413411539914582,0.9049315186013054,0.8538362113124116,0.9562880686171875,0.8685695845092949,0.862273520033598,0.9443834278905732,0.9602211523225768,0.9225015741707872,0.2586095064370061,0.8129560940834346,0.9544316996038,0.03139863267861631,0.8759110188590655,0.9288488221297497,0.9152582079543841,0.92126914699118,0.9623211158059548,0.9152582079543841,0.9623211158059548,0.9623211158059548,0.9027019168030597,0.3647019568709454,0.8961186971729789,0.9492063492063487,0.9602211523225768,0.938412400887346,0.938412400887346,0.8322525541058978,0.9428469360414611,0.9475597985845114,0.9288488221297497,0.5210240199989242,0.9508971383859761,0.7684119013812074,0.3833143586062788,0.7125274559321442,0.7447432793600621,0.0,0.8918007079504506,0.9492063492063489,0.758381053055492,0.960221152322577,0.9328339505740528,0.9341976401680097,0.855952276285969,0.0,0.7399891659895361,0.8058499662916012,0.9341976401680094,0.8058499662916012,0.8266892096935958,0.8129560940834346,0.9544316996038,0.7143607147557588,0.6716454483484393,0.8058499662916012,0.7431708752992889,0.9355809960386166,0.6761489807685291,0.9623211158059548,0.9355809960386168,0.9492063492063489,0.8982973238138026,0.930160641445072,0.8388272306091984,0.4779583613087228,0.8106069085572598,0.9492063492063489,0.03139863267861631,0.8420784215528954,0.861222266702256,0.5110414539348817,0.7766590274917051,0.7524297972473162,0.0,0.9856724533720749,0.8633240709217587,0.9225015741707872,0.0,0.8399134433261015,0.9428469360414604,0.9582144552981327,0.2115113915126694,0.03139863267861631,0.9114861522954751,0.9314886672615051,0.897206214237533,0.9288488221297497,0.9083158055901508,0.9355809960386172,0.8129560940834346,0.0,0.9275522446953854,0.0,0.9582144552981327,0.8333555867103808,0.8843412180810759,0.9623211158059548,0.9262700211315917,0.8022278398026612,0.904931518601306,0.9225015741707869,0.0,0.8322525541058978,0.8210376473859937,0.8506512873935228,0.9250013316406696,0.40060683675051967,0.9544316996038003,0.3227392978460525,0.9237454173815312,0.392115299153029,0.8928757609748668,0.7948313236856197,0.392115299153029,0.9225015741707872,0.9544316996038003,0.885400876353422,0.392115299153029,0.9623211158059548,0.931488667261505,0.9508971383859763,0.885400876353422,0.9475597985845114,0.9237454173815312,0.9341976401680094,0.8918007079504506,0.9152582079543841,0.9355809960386168,0.9140827360776211,0.930160641445072,0.9475597985845114,0.9384124008873462,0.7301312695908225,0.9225015741707872,0.9015943008452869,0.8333555867103808,0.42440193597169273,0.9083158055901508,0.930160641445072,0.9508971383859763,0.9526370111116405,0.9015943008452867,0.8939536575643379,0.9275522446953854,0.9275522446953854,0.9004911494084333,0.9544316996038,0.9562880686171873,0.5974763156586966,0.9262700211315922,0.8664724446651935,0.9176344520056336,0.9250013316406696,0.6549904556417999,0.9369854052620166,0.9237454173815312,0.9492063492063487,0.8366469404145511,0.8780124908814328,0.9129151319089186,0.9004911494084333,0.6623067578386677,0.9562880686171875,0.9188361382271666,0.5906675167558797,0.9314886672615046,0.944383427890573,0.926270021131592,0.8993922310882434,0.6040574193889983,0.7598430279509716,0.9398636845831869,0.6739104850582693,0.9475597985845114,0.8832831707913573,0.7143607147557586,0.9526370111116407,0.9508971383859763,0.8864622842804517,0.9275522446953852,0.9526370111116405,0.8982973238138026,0.8633240709217587,0.708808264663793,0.9459533477380775,0.9459533477380775,0.8322525541058978,0.9341976401680094,0.9027019168030599,0.9526370111116405,0.8591172857456586,0.9341976401680094,0.9562880686171873,0.8928757609748668,0.9328339505740528,0.9508971383859763,0.960221152322577,0.8854008763534222,0.9582144552981327,0.7197593917099125,0.9562880686171873
p157_GYRQ,0.9994885375488447,0.9099641551465778,0.9541896299485404,0.8993178757827877,0.9582144552981327,0.9690033562225546,0.9320230809079545,0.8967259981226752,0.9208725034246266,0.967275815149292,0.9141406930557711,0.9568599156354454,0.9568599156354454,0.9362456943690349,0.9260107308342308,0.9274029754591527,0.9542468650366518,0.9436389526644002,0.965625,0.967275815149292,0.949657954348555,0.9493347822888891,0.8616362273895215,0.9593605721085061,0.9481608601832734,0.9436389526644002,0.9542468650366518,0.9136072478130949,0.967275815149292,0.9837050649109738,0.9383021271292229,0.950716529670402,0.9529828655437629,0.9332303128187662,0.9582144552981327,0.940340909090909,0.9596053879391779,0.905538302592469,0.9690033562225548,0.9978387378693494,0.9625162230164763,0.9447456538980155,0.9690033562225546,0.9713740439102773,0.8283710152571047,0.9834355882551484,0.9610366993022685,0.9181387543589392,0.942546448360206,0.9109895373928905,0.9625131050152524,0.9047149900436195,0.9436389526644002,0.9517441295565183,0.9529828655437629,0.8236923415849843,0.941467276381333,0.9582144552981327,0.8188625911515812,0.8958070756300917,0.9227150661971701,0.9632833241074701,0.9957912204911729,0.9922022799705809,0.9640402523885963,0.9598760745814001,0.8639461643560566,0.9557864545102848,0.9455018712343599,0.8463068181818179,0.9352318345617441,0.8189942965580156,0.9582144552981327,0.9271847252697738,0.9582144552981327,0.9904950340182073,0.8518092446394379,0.9505286850464205,0.8893582784066545,0.9690033562225546,0.9505286850464205,0.8035330839262134,0.9393458182324887,0.9436389526644002,0.9582144552981327,0.932241742150131,0.8518092446394379,0.9563766061092239,0.9565125146369127,0.9568599156354454,0.9582144552981327,0.9109895373928907,0.9313419384321768,0.97124800423777,0.9963814266559157,0.8537798289138623,0.962736736002322,0.9237859663302174,0.920958712127361,0.9199207156261613,0.941467276381333,0.9552175050422179,0.9582144552981327,0.9579918546133754,0.7940478605104608,0.965625,0.9236430180495621,0.9972347396286688,0.9481608601832736,0.8942631579092648,0.8627254048875947,0.9447456538980155,0.8753838677887602,0.9255134534695353,0.9610366993022685,0.8217392653025244,0.7716724398496744,0.965625,0.9690033562225546,0.8832354238447047,0.9283593797331275,0.9891608609192486,0.9481608601832736,0.9945610690582236,0.8140817399578927,0.9340917055261457,0.9596053879391779,0.9254100871772521,0.8904195718012649,0.98145106467318,0.8953282497576123,0.8714717093867044,0.8639461643560566,0.9690033562225546,0.9542468650366518,0.9466304752226786,0.9781224201459012,0.9625131050152524,0.9625131050152524,0.9555383641697377,0.9223215509727929,0.967275815149292,0.8903419420496905,0.9487133832322338,0.9237859663302175,0.926456449323181,0.9553459570547012,0.8700853537305537,0.942546448360206,0.8350231408856077,0.8357840905673561,0.9227150661971701,0.9186425876141027,0.9839544026299676,0.950716529670402,0.9425464483602062,0.9136498875984242,0.9187637957676269,0.882367546706716,0.9474427791084492,0.988146521749965,0.787725913731191,0.803533083926214,0.8373021566360079,0.9506375116316125,0.9312607396704553,0.9235852575057477,0.9625162230164763,0.604369314380097,0.9088679893884184,0.9541300190655136,0.9568599156354454,0.9411125326018258,0.9505912604680005,0.9166782713163666,0.9801726050158861,0.965625,0.989265953783764,0.9877180384539763,0.906597867618917,0.9274049943645875,0.921936419984454,0.8236923415849841,0.9568599156354454,0.9283995430864387,0.9535986089258481,0.8832354238447047,0.9650079910895764,0.9517441295565183,0.9516937335159947,0.9555383641697375,0.9390675962200331,0.9923557552405138,0.9284351619806999,0.9701757583840658,0.9582144552981327,0.9596053879391779,0.9555383641697375,0.918138754358939,0.970911469867437,0.9973897225041903,0.8904195718012651,0.9582144552981327,0.953194106519842,0.8608518199425021,0.9342541377090323,0.9582144552981327,0.9608008482337906,0.9814510646731802,0.9485464508185621,0.919627204161335,0.9370067185313316,0.9568599156354454,0.9582144552981327,0.9327819448011689,0.9582144552981327,0.8794220672691386,0.9900988548597918,0.9582921810599281,0.9582144552981327,0.9613364213349977,0.9582144552981327,0.9669615284537108,0.9806215235201541,0.9653179186519114,0.9425109904577548,0.9610366993022685,0.9129144016949025,0.9555383641697377,0.9470055188469617,0.9493347822888891,0.9823635494290388,0.9306174698484544,0.8552790990760808,0.9625131050152524,0.946920782957638,0.95304308387742,0.8947692331144513,0.9506375116316126,0.9302869180633688,0.9302869180633688,0.9542468650366518,0.9691210572699521,0.9701343557301773,0.9582144552981327,0.9199574485923749,0.9582144552981327,0.8832951475050768,0.9673847887170084,0.9625131050152524,0.9404006431802041,0.8792005618832213,0.9593605721085061,0.929319912701777,0.9218485695187231,0.9577099946223931,0.7788100711579627,0.8858340936764977,0.9610366993022685,0.9879186260731821,0.9728761310858696,0.9078950156090666,0.9568599156354454,0.9457879562525048,0.8257456842344684,0.9690033562225548,0.8629094882524142,0.9334253536579322,0.9447456538980157,0.9326468089069149,0.9440877430877771,0.950716529670402,0.8753843628690849,0.9972347396286687,0.9859440788700544,0.965625,0.9642609473733315,0.9293199127017768,0.9914826481470902,0.9650079910895766,0.965625,0.9751589072340373,0.9812231934960487,0.9640402523885963,0.8588815312388145,0.9910578376517607,0.9610366993022685,0.8552790990760809,0.8753838677887604,0.8958070756300918,0.8714717093867046,0.6202343224201636,0.860415178040097,0.965625,0.9021266483320796,0.8806288736252947,0.9274029754591527,0.9119232477869204,0.940340909090909,0.9582144552981327,0.9978387378693495,0.9555383641697375,0.950716529670402,0.8713002539551251,0.9612908916295111,0.787725913731191,0.942546448360206,0.9312607396704553,0.9112990802027561,0.9742388426031001,0.9048529663349025,0.9030333503116559,0.9982628821611543,0.9936903555962454,0.9471883441958859,0.8357840905673566,0.9208725034246266,0.9342541377090323,0.933230312818766,0.9302869180633688,0.9770357682633349,0.9552175050422179,0.9582144552981327,0.9625131050152522,0.9199574485923749,0.9436389526644005,0.965625,0.9457879562525048,0.8140593155196202,0.9582144552981327,0.7918579992207196,0.965625,0.8237261571040233,0.9751883374484267,0.9717889828354409,0.9458674971126175,0.9625131050152524,0.8981674209551731,0.8957434736985351,0.9868438546677247,0.9529828655437629,0.9876763021969063,0.955217505042218,0.8552790990760812,0.9821979361118385,0.9517441295565183,0.9751883374484267,0.8237261571040234,0.9758446002725547,0.9861029598450541,0.9859440788700544,0.9542468650366518,0.9667798280829097,0.7940830295788784,0.9057246972976496,0.8753838677887604,0.910548062587494,0.988947390437986,0.9582144552981327,0.9356403782457076,0.9631988949207005,0.9877180384539763,0.932241742150131,0.967275815149292,0.9088679893884184,0.9582144552981327,0.9582144552981327,0.942546448360206,0.8923809627682532,0.9591016377439943,0.9582144552981327,0.9342541377090323,0.9582144552981327,0.9910578376517607,0.9952795434620394,0.9622268329997987,0.8846149163346166,0.992787606045791,0.9180945689966622,0.9972357888728779,0.9528494401412742,0.9582144552981327,0.9343364784549438,0.9312607396704553,0.9814638345745017,0.9870630610219882,0.992787606045791,0.9316266645899962,0.8714717093867045,0.8661225030173032,0.9582144552981327,0.8277345205711413,0.9436389526644005,0.9591016377439943,0.8593321360825199,0.9593605721085062,0.96328332410747,0.9762777185243531,0.9582144552981327,0.9967852693591664,0.9904316612456552,0.9582144552981327,0.992787606045791,0.8650762053852012,0.8429972289871333,0.9800578728324697,0.8713002539551251,0.9582144552981327,0.9455018712343599,0.9186425876141027,0.6752725821758078,0.9881339422948303,0.9112990802027563,0.971510747264704,0.9245757305468907,0.9967852693591664,0.9610366993022685,0.9612908916295111,0.9485464508185621,0.9892083965651994,0.8788858297250925,0.9752722160443184,0.9502223351291034,0.9470055188469617,0.9625131050152524,0.9436389526644005,0.9582144552981327,0.0,0.9190462651000917,0.8461277862534455,0.9505286850464205,0.9404006431802039,0.9555383641697377,0.9360492445646259,0.9596053879391779,0.9555383641697377,0.9505286850464205,0.9582144552981327,0.7716724398496732,0.9376672305832939,0.9675591368764065,0.965625,0.9098414308144025,0.9672758151492922,0.9517441295565185,0.9892083965651994,0.9042431527295787,0.9180945689966624,0.967275815149292,0.9710788548916569,0.9829714105092717,0.9162100923845103,0.9447456538980155,0.9493347822888891,0.894769233114451,0.9610366993022685,0.8024064520497927,0.9625162230164763,0.9388575045336478,0.9914826481470902,0.9625162230164763,0.9141406930557713,0.9945610690582234,0.9754081792009579,0.9140410790158209,0.9217916370027819,0.9732924283946004,0.9844391106320844,0.9530430838774198,0.9910578376517607,0.9458674971126177,0.9254223119773606,0.9878167295680607,0.9141406930557712,0.7549160044072434,0.9458674971126175,0.8138923488875742,0.8990930464480498,0.9610366993022685,0.9088679893884184,0.9923557552405138,0.9631988949207007,0.9172347260035336,0.965625,0.9835434409405949,0.9109895373928907,0.9640402523885963,0.8618965769742781,0.9008317218258527,0.9732924283946005,0.9625131050152524,0.9403409090909088,0.8929210470837757,0.7952728272746872,0.9283593797331273,0.9568599156354454,0.890419571801265,0.8546450937171783,0.8848860650898702,0.9542468650366518,0.987918626073182,0.9582144552981327,0.9640402523885963,0.9582144552981327,0.9582144552981327,0.8854073782202492,0.9470055188469617,0.8024064520497922,0.9582144552981327,0.8432230388608027,0.8665150422521171,0.9673847887170084,0.9156983093954272,0.8117728000823106,0.8529481410826936,0.9857542296718134,0.987405892261038,0.8683043280893408,0.9529828655437629,0.8836592163828574,0.9457879562525048,0.9631988949207005,0.9466282415065834,0.9929303214064669,0.9383021271292233,0.9529828655437629,0.9555383641697375,0.940972330503016,0.8556161648936056,0.9145417437978427,0.9610366993022685,0.9637550377043786,0.9493347822888889,0.7473555487996801,0.9254223119773605,0.911790166832309,0.9372689456075765,0.9227150661971701,0.9470055188469617,0.9342268638258988,0.9610366993022685,0.9843798933538866,0.9596053879391779,0.929319912701777,0.882367546706716,0.9888905370951696,0.950716529670402,0.9196272041613354,0.954246865036652,0.9455018712343599,0.9092272046561756,0.9667798280829099,0.8499792765287963,0.7754761396503776,0.9273614004407342,0.8870336910138059,0.9460580405236656,0.9662757781656686,0.9744034713007481,0.9843798933538865,0.980621523520154,0.9441754367900739,0.9582144552981327,0.9625131050152524,0.9312607396704551,0.9582144552981327,0.9613364213349977,0.9843798933538865,0.8958070756300922,0.9963814266559157,0.9984082365942545,0.9470055188469617,0.9074031733450509,0.967275815149292,0.8990930464480499,0.9141406930557711,0.9285879473948484,0.9555383641697377,0.9762777185243531,0.8883730833751755,0.9302869180633688,0.9458674971126175,0.8432058376194189,0.9013781987087919,0.9846986681136592,0.9255780598322527,0.802406452049792,0.8962170259453925,0.8858340936764977,0.9383021271292231,0.9342541377090323,0.9481608601832734,0.9596053879391779,0.9900988548597919,0.987405892261038,0.9988179812161542,0.9568599156354454,0.9677588596715982,0.940759768455304,0.8237261571040231,0.900512011166277,0.9610366993022685,0.9845214236147153,0.9136072478130945,0.9447456538980157,0.9650079910895764,0.9383021271292233,0.8568532843697212,0.9937522140875703,0.9505286850464205,0.9667798280829099,0.9507165296704019,0.9690033562225546,0.9582144552981327,0.855279099076081,0.957543890665421,0.9436186730193978,0.9342268638258988,0.9582144552981327,0.9865326188966024,0.9705897928868902,0.9701757583840656,0.9362456943690349,0.9208725034246263,0.9162100923845102,0.9751910379124882,0.8576394568834671,0.9438962066300457,0.934902857242143,0.9137421426486898,0.910107340129978,0.9640402523885963,0.9199574485923749,0.941467276381333,0.7039801180756776,0.9673847887170084,0.9690033562225546,0.9404006431802039,0.9701343557301773,0.9690033562225546,0.9099641551465777,0.941467276381333,0.9582144552981327,0.8429972289871333,0.887678864079147,0.965625,0.9582144552981327,0.9493347822888891,0.8769282987941895,0.8713002539551251,0.9667798280829097,0.4300943377843268,0.9732924283946003,0.9667798280829097,0.9568599156354454,0.9610243931286575,0.9582144552981327,0.9732924283946004,0.9327537943050122,0.9582144552981327,0.9458674971126177,0.95304308387742,0.965625,0.9610366993022685,0.964040252388596,0.9596053879391779,0.9568599156354454,0.9677588596715982,0.9579918546133754,0.9470055188469617,0.9049778037814089,0.9582144552981327,0.9806215235201541,0.9610366993022685,0.9288327934067979,0.8990930464480494,0.9245757305468909,0.965625,0.8783265321561905,0.9481608601832736,0.9814510646731802,0.9481608601832736,0.8846149163346169,0.9673847887170084,0.9023570839226293,0.9383021271292233,0.9030333503116559,0.9141406930557712,0.8463068181818179,0.942546448360206,0.9610366993022685,0.9236430180495621,0.9059500308908428,0.9582144552981327,0.963200230518242,0.8915762927878323,0.967275815149292,0.9913014629303472,0.9732924283946004,0.9818060040046752,0.9946431408472551,0.9555383641697377,0.9633336735908028,0.940972330503016,0.9582144552981327,0.9582144552981327,0.9187637957676269,0.9632833241074701,0.987405892261038,0.9552047908760306,0.8727426055411927,0.9456784765176128,0.8460854022796798,0.9031859539635605,0.9936745866415235,0.9480875561703542,0.9582144552981327,0.9637550377043786,0.9625131050152524,0.9690033562225548,0.9984082365942545,0.965625,0.8962170259453923,0.9582144552981327,0.9582144552981327,0.9488746411581803,0.9632002305182419,0.9893005877615262,0.9180945689966622,0.9196272041613351,0.9016392859446953,0.9438962066300456,0.9469207829576383,0.8991415586870484,0.9503464385246945,0.9582144552981327,0.9302869180633688,0.8844151266713454,0.8783265321561906,0.9403409090909088,0.7578134667839215,0.8162469428700425,0.926456449323181,0.932241742150131,0.9596053879391779,0.7784011175270161,0.9582144552981327,0.8923050495306928,0.932241742150131,0.9172347260035336,0.9346991012692376,0.880960935952911,0.9517441295565185,0.9688588518247441,0.9535986089258481,0.9640402523885963,0.9693421397704967,0.9245803857385326,0.9542468650366518,0.9672758151492922,0.8445057325000618,0.9957912204911729,0.9147226721121788,0.9625131050152524,0.9568599156354454,0.9378106311870049,0.9411125326018258,0.9673847887170085,0.9023570839226293,0.9690033562225546,0.916220642107197,0.9690033562225546,0.9690033562225546,0.9199574485923749,0.9587907869179463,0.9145417437978425,0.9582144552981327,0.9342541377090322,0.9493347822888889,0.9493347822888889,0.9620452549083616,0.9529828655437629,0.9568599156354454,0.8236923415849842,0.9127606676606754,0.9596053879391779,0.9881818565067269,0.9845214236147153,0.8546450937171783,0.8702715381030949,0.9582144552981327,0.9109895373928905,0.8060296021509911,0.9284351619806999,0.967275815149292,0.9447456538980155,0.9288327934067977,0.9557864545102848,0.9582144552981327,0.8733481182086198,0.8870336910138058,0.9458674971126175,0.8743674594684079,0.8923050495306928,0.8804252291828121,0.9625131050152524,0.8537121927533957,0.9466304752226786,0.9766241092617447,0.939296448593359,0.9470055188469617,0.9133303085708722,0.9690033562225546,0.8616362273895215,0.9582144552981327,0.9937522140875703,0.759379482787571,0.9030333503116559,0.9662757781656686,0.9846986681136592,0.9582144552981327,0.9667798280829097,0.8700853537305537,0.9254100871772523,0.9967852693591664,0.8162678987494558,0.9656297232823561,0.9582144552981327,0.8935634488557238,0.9223622969854981,0.9541300190655134,0.9582144552981327,0.9040056117932131,0.9529828655437629,0.965625,0.9470055188469617,0.9568599156354454,0.8728589109300189,0.9957912204911727,0.9600784247075338,0.8236923415849846,0.9788461913526096,0.9254223119773606,0.8794926703116209,0.9582144552981327,0.8860446315351705,0.9582144552981327,0.965625,0.9255429155310315,0.9048529663349028,0.9690033562225548,0.9393458182324887,0.9247111621301728,0.9217916370027821,0.9910578376517607,0.9582144552981327,0.9268547209438454,0.974173079973455,0.9869507344006991,0.9383021271292231,0.9302869180633688,0.5168647030986726,0.9383021271292231,0.992787606045791,0.9829714105092717,0.9118739328932484,0.9666526481846669,0.9829714105092717,0.6800693026518849,0.9625131050152524,0.9274029754591527,0.9829714105092717,0.9690033562225548,0.9436389526644005,0.9596053879391779,0.9891608609192486,0.9667798280829099,0.992787606045791,0.9458674971126175,0.9109895373928905,0.9162206421071971,0.9470055188469617,0.9293199127017768,0.9382239240989049,0.9667798280829099,0.9493347822888889,0.9821979361118385,0.9362456943690352,0.9890302829209388,0.862909488252414,0.9770515787970702,0.9305571523023599,0.9978387378693494,0.9596053879391779,0.9610366993022685,0.9650079910895764,0.9997356383868505,0.9404006431802039,0.9404006431802041,0.9637550377043789,0.9625131050152524,0.9640402523885963,0.9752722160443184,0.939345818232489,0.9670227269270519,0.932241742150131,0.9945610690582234,0.9525107890657616,0.9868438546677247,0.9372689456075767,0.8846149163346165,0.9720303595848359,0.9399096127475324,0.9283593797331273,0.9181387543589392,0.9492695548843346,0.9457879562525047,0.8024064520497924,0.9777034239720852,0.9436389526644002,0.9542468650366518,0.9465829649206576,0.9625162230164765,0.9728761310858696,0.9948975766469665,0.9505286850464205,0.9439313629298691,0.9568599156354454,0.9865326188966024,0.9576948646187344,0.9610366993022685,0.9593605721085062,0.906597867618917,0.9404006431802034,0.8714717093867046,0.9487953198046517,0.9255780598322527,0.9261467239192345,0.9555383641697375,0.9701343557301771,0.9620452549083616,0.9914826481470903,0.9874058922610379,0.9610366993022688,0.9216020313541384,0.9458674971126175,0.9640402523885963,0.9118739328932484,0.9320948271810626,0.9596053879391779,0.967275815149292,0.9474427791084492,0.965625,0.9765392721561019,0.9457879562525048
p157_I,0.8011069859944271,0.9784557376845575,0.6606254158410967,0.9090241544371725,0.9015943008452878,0.7690703398380716,0.8895920408463283,0.8817344349102607,0.8136533416420022,0.922933964066333,0.8834941755373982,0.8984043359066811,0.8984043359066813,0.6946967175596213,0.9568643011253917,0.8595433895536655,0.9660808600365859,0.5702333319691719,0.8051833789629994,0.788286512604871,0.702422559669531,0.9897224478284307,0.9689170027827593,0.904869971893631,0.9732225595649318,0.8672687335363685,0.7181608370232425,0.8633928226985461,0.788286512604871,0.9574889803577874,0.8547004147121713,0.9117176971980812,0.5575130912717486,0.9461279937421416,0.9015943008452878,0.9190462651000917,0.9048699718936313,0.730392183326811,0.9270023539448382,0.8147821100520863,0.6637320958443959,0.9300726076798651,0.927002353944838,0.8312850681847448,0.8922505553843605,0.5678930766499428,0.9082407355488131,0.8518077187264235,0.9812493295822693,0.8537244508503077,0.9117176971980812,0.5598729820790915,0.8672687335363685,0.8863565689237551,0.9584254509740686,0.9769390375455413,0.9769390375455413,0.9015943008452869,0.7738032407091953,0.8952920587572561,0.8643880245275637,0.8102155325371148,0.9847054942282475,0.7522623613250112,0.908390156563137,0.9147765446344605,0.9117176971980812,0.866168006850454,0.7373099673243748,0.9190462651000917,0.649772162922772,0.9812493295822691,0.9400050159634596,0.7665245811994164,0.9015943008452869,0.8098934016632475,0.9897224478284307,0.9827139728713292,0.7934227411583401,0.9210339929466169,0.9165674413153753,0.9437520559602292,0.8919422947955763,0.6590487953104023,0.9015943008452869,0.6996157422728908,0.9130812730632976,0.8212763536415839,0.7945498244933042,0.898404335906682,0.9015943008452869,0.7239710854030876,0.5717271528174265,0.7912780943052793,0.8571583257780957,0.9409925280019757,0.7131226219478195,0.8055187840251791,0.752428640237514,0.6994608248289884,0.9943648024077449,0.8870940587008976,0.5990664026184784,0.946129453034705,0.8448517914556947,0.9190462651000917,0.7118888896882927,0.7398927802016522,0.9632410047074157,0.736991499277952,0.7724367359222877,0.8698750345772266,0.8596410606042215,0.9134426506119937,0.9082407355488131,0.8934914229668818,0.8770649676407918,0.9890302829209386,0.8703794419104349,0.816365461318098,0.9047971029774384,0.7530304599651954,0.7408634796606315,0.8703186663040023,0.8968738879834461,0.9559985218376243,0.9048699718936313,0.934108282655473,0.765687247518406,0.8858401986813218,0.7919833254640138,0.949173776698871,0.9117176971980809,0.9270023539448378,0.966080860036586,0.593402765910644,0.8645719061433428,0.7914026285028691,0.9117176971980809,0.8952920587572564,0.7292995530817783,0.922933964066333,0.94876324791879,0.7886321224712791,0.7436610494117908,0.8268036333064979,0.8774540970811342,0.7291083808107388,0.9521109638157486,0.6805459904465635,0.9710638846211326,0.8179926096630912,0.8433507490020075,0.8108697127548823,0.9541290792408028,0.8646958665161872,0.9450476944272622,0.4486716378862674,0.7593968324993918,0.7530304599651954,0.9068975879384791,0.9082407355488131,0.9643824696458685,0.6833136806112479,0.7191085679824869,0.5805571688558482,0.8603006398770003,0.7301297949548573,0.9755754212710187,0.8415647093616656,0.9626060136565603,0.9523030345044685,0.8621543973586856,0.9378246801704411,0.7348736222050114,0.8033820119243368,0.8051833789629992,0.8066845249910601,0.9718800115494757,0.5433477214276528,0.8533035955793005,0.8256365807358741,0.8621543973586858,0.8984043359066813,0.7637170647468365,0.868118299838355,0.7250173514537916,0.9666078457988325,0.8863565689237551,0.8522672538974265,0.8952920587572559,0.9581530071685886,0.6668521655435211,0.7248563872730946,0.8179926096630914,0.9015943008452869,0.904869971893631,0.7050836078414535,0.8518077187264237,0.8860484163770189,0.8114940044756473,0.9730506507011063,0.9015943008452869,0.8570718397060746,0.8074393903675865,0.9229339640663332,0.9015943008452869,0.7116159644957932,0.8358244551518939,0.8005398349154973,0.7593968324993914,0.999860994654737,0.9523030345044685,0.9015943008452869,0.8117027735727903,0.9015943008452887,0.8195503613541997,0.7376699954976752,0.7130301861971715,0.9015943008452869,0.8972044612662368,0.9015943008452869,0.7700522084355541,0.8201779527396988,0.6563821700075214,0.8504314968953357,0.9280270998509558,0.7050288245404994,0.8952920587572564,0.8130310621932637,0.8806825133605407,0.9732280234467849,0.9282790889430517,0.971970941671636,0.8762253925883119,0.827218877642061,0.8092872065809691,0.5545999251645681,0.8444912255035639,0.8358244551518941,0.8358244551518936,0.9660808600365859,0.7326396099398722,0.8952920587572559,0.9015943008452869,0.8114983712766499,0.9015943008452869,0.9180705594414806,0.7390417248479723,0.8338140105455905,0.8596424572452426,0.7050288245404993,0.9048699718936313,0.9078003702039557,0.9950092225712419,0.7825757081266641,0.9842127613506938,0.8049449077931463,0.9082407355488133,0.7886321224712791,0.8461200168525489,0.8391348692071094,0.898404335906682,0.9153141563577833,0.5274219432889722,0.9270023539448382,0.746082516491422,0.78054906848705,0.8999738211285457,0.9070609765241838,0.776561976511104,0.8762253925883119,0.7954996104371195,0.7564623509778752,0.7347001866626696,0.9190462651000917,0.7540981634043025,0.9820536000396995,0.9950042944438362,0.9210669200488663,0.9190462651000917,0.8208006101846471,0.7573746934639396,0.9593880781275532,0.6476872223262029,0.9893969432662542,0.6005627706504932,0.8427562020241628,0.7762620065123285,0.8952920587572564,0.9082407355488133,0.9491737766988708,0.6607239806757839,0.8511451049524842,0.7092134516200994,0.7188788794402519,0.8142030100411632,0.8438176781749475,0.9650079910895766,0.9063521235638531,0.9812493295822691,0.7777425775507789,0.7065798644174264,0.7497836690181443,0.8469128951732101,0.9082407355488131,0.6690902812194865,0.838117822314655,0.7025055502605486,0.8960304489894682,0.7962081925656088,0.8943736416601835,0.8733396723952501,0.9928388224970881,0.7846579758297103,0.9229339640663332,0.8364727067609434,0.7401565920500708,0.9719709416716358,0.885840198681322,0.9610743757116282,0.9689601410010136,0.9015943008452869,0.9117176971980805,0.7809933907212754,0.9551003397811708,0.9190462651000917,0.9153141563577833,0.9523030345044686,0.9015943008452869,0.8779179059734528,0.9190462651000917,0.9270023539448378,0.8268036333064972,0.7993688855815739,0.8212647567683593,0.9610481566737545,0.7633157924892358,0.7669152410578801,0.7408634796606315,0.8892738141520424,0.643448505019361,0.9082407355488133,0.842756202024163,0.7450838998777172,0.8863565689237551,0.8989143218292008,0.927002353944838,0.6942735560092388,0.8212854748924066,0.7182216281686451,0.9630848476738874,0.898404335906682,0.8879206967399513,0.9411067896549579,0.75958619569395,0.7787168873960524,0.6088964506931768,0.9015943008452869,0.7709652656556143,0.89153434024503,0.9758294481296057,0.9937468196155497,0.9710638846211326,0.7709356437707044,0.9015943008452869,0.9015943008452869,0.9229725980492283,0.9277501672367068,0.7414011465591104,0.9015943008452887,0.83641643315967,0.9447628386820249,0.9090241544371724,0.7627485886338818,0.8569891922242814,0.9015943008452878,0.7135525999542774,0.9130812730632976,0.6885752391870013,0.753905745326513,0.9015943008452869,0.8308384926841113,0.9091321738464334,0.7156038376575662,0.7373099673243746,0.8522672538974265,0.815447193858744,0.9082407355488133,0.7539636002067094,0.9015943008452869,0.6636026718543306,0.8968738879834461,0.8553618404309205,0.7637573610135551,0.9763072382829421,0.6919049639984872,0.9032712753818779,0.9015943008452869,0.9287683109798639,0.6881136593373947,0.9015943008452869,0.8794035130316948,0.9666011731131918,0.867705324587533,0.6184862133460796,0.7664011661198686,0.9015943008452869,0.9330827513426767,0.9024781623688962,0.9153141563577833,0.946391955073386,0.9713674283868514,0.9371612421327014,0.8223745072196014,0.8328543179518314,0.9082407355488131,0.9992697492831334,0.7800363210512207,0.8751970566277456,0.7507601865623388,0.9874465149092773,0.639890111271747,0.9375514328635433,0.9117176971980809,0.6294436408633277,0.9015943008452869,0.9190462651000917,0.0,0.6376282065425274,0.8834941755373982,0.8596424572452426,0.8952920587572566,0.7933687317713869,0.9763072382829421,0.9316215436119193,0.9496407070933521,0.6374771177366507,0.9201534922716772,0.8190508618033479,0.9581530071685888,0.8971068309419691,0.7377879225361759,0.9229339640663332,0.9201534922716772,0.968917002782759,0.7639243920040961,0.6657348508008574,0.884546353714469,0.9067124369234326,0.888667823082437,0.9140080940890598,0.8999738211285457,0.600937331395343,0.9246951040550044,0.8461610175508404,0.946127993742141,0.9157491431226767,0.9249618645003992,0.7600211071724239,0.8936165767525226,0.9165674413153753,0.8547004147121713,0.9087961985278505,0.8559849295192257,0.8621066974989541,0.8598294216022961,0.8245086340812313,0.9808526384266797,0.8498574790755824,0.9950042944438362,0.8751970566277456,0.6121167880626045,0.9842127613506938,0.9105087136766041,0.933760644847901,0.9358559422107495,0.9533274190881251,0.6824288529506085,0.6993463642970865,0.8701496303554953,0.7507219819581505,0.8272188776420608,0.9190462651000917,0.9962564414746875,0.8114940044756473,0.732094469484057,0.8633928226985461,0.6827436908784787,0.6827436908784791,0.9186367746310332,0.9190462651000917,0.9253148501007675,0.7762656146339606,0.6786346998639672,0.8984043359066813,0.9523030345044681,0.759488710053333,0.9371612421327014,0.8922505553843607,0.7311442280900076,0.9015943008452869,0.9153141563577836,0.9015943008452869,0.9015943008452869,0.8006768332891592,0.8751970566277456,0.8729713707513956,0.9015943008452869,0.7143322833514112,0.7725106312098498,0.8358244551518944,0.8533915426736369,0.8308384926841114,0.826350952480357,0.8668755466928248,0.8794164109436622,0.7945542113659165,0.889273814152042,0.9440644319654325,0.9153141563577833,0.8404281005597691,0.6193502772044976,0.7209273847766842,0.9371946904073194,0.9584254509740686,0.8952920587572561,0.6915542992629238,0.7761683912538262,0.8761956581460685,0.949173776698871,0.9252302580846958,0.9130812730632976,0.8592358864608993,0.8751970566277454,0.81329393981286,0.8220976364913513,0.8179926096630918,0.9063742447456444,0.8712483674877678,0.949173776698871,0.8806825133605409,0.6990540620282806,0.833547140368212,0.8140318531552584,0.7168464637532297,0.9541290792408024,0.8399463493575883,0.8922505553843609,0.9990042076092662,0.6505415067444333,0.8984043359066813,0.7156038376575662,0.9965468699038338,0.8703794419104351,0.643088291025568,0.7731916335867677,0.9020557574993331,0.6324076872277782,0.9897224478284306,0.8903679263755002,0.8922514965828943,0.9015943008452869,0.9117176971980809,0.838117822314655,0.9784157310816315,0.7153054141467851,0.9130812730632976,0.9316215436119191,0.8083091683201338,0.7434097402189419,0.9687286209814425,0.7713403432775132,0.7401565920500728,0.7713843065612117,0.8834941755373982,0.8728110869230437,0.8952920587572566,0.834119638559851,0.7232554400205582,0.864081083671541,0.9743738807581964,0.930433736945071,0.8074837718949763,0.647681135870582,0.8838558147943765,0.8212854748924064,0.7072059800962047,0.6968535034521666,0.9803110338975327,0.7882865126048705,0.9950092225712419,0.9444775685014404,0.7028469630171184,0.8341377178323208,0.9199503714301591,0.898404335906682,0.6664650920248347,0.6434485050193612,0.927002353944838,0.9832133681633346,0.949173776698871,0.9551469406991902,0.9344071742303246,0.528149234396387,0.8542826116465312,0.8428205744056197,0.973222559564932,0.8015045778698615,0.5873335720149689,0.9730506507011063,0.9117176971980809,0.8197248908742534,0.9015943008452869,0.894442097883152,0.7741074482264184,0.7429103848755716,0.6842820397844227,0.9015943008452887,0.7738772267412348,0.5754229061005947,0.9107834393920355,0.9570211975143579,0.7299593559791813,0.7873167549650782,0.829692248518991,0.919800573812967,0.9706983340445027,0.9107834393920351,0.7106574492626636,0.43521623544656574,0.9153141563577836,0.7357146976099338,0.9769390375455413,0.9901068178489287,0.8890889554362549,0.9776569049810198,0.8596424572452426,0.6687541229867906,0.927002353944838,0.9784557376845573,0.7647955220340346,0.8295306933275088,0.9378246801704411,0.8184500524870427,0.9650079910895766,0.9400050159634596,0.9130812730632978,0.6996749230606459,0.7664011661198686,0.898404335906682,0.9117176971980814,0.8922505553843605,0.898404335906682,0.898404335906682,0.9202850458126467,0.9015943008452869,0.8922505553843605,0.8201779527396991,0.9015943008452869,0.7600211071724239,0.9598666229274446,0.9190462651000917,0.9082407355488131,0.9965380001026767,0.984085165109249,0.898404335906682,0.6664650920248343,0.779826217372376,0.8751970566277456,0.8318691676010088,0.9015943008452869,0.9371612421327016,0.8052279764007821,0.8725169952519658,0.6993266388150414,0.7527789709074084,0.9190462651000917,0.7782692552438985,0.877917905973453,0.985871685740177,0.8043999153882845,0.9015943008452874,0.8358244551518943,0.7291550075284985,0.9921908742040846,0.6877499685731328,0.9180662297947398,0.8971068309419691,0.8730588415851275,0.9082407355488133,0.8756654948384952,0.7466382197064665,0.9015943008452869,0.867941408445681,0.8267656306906738,0.9710638846211328,0.5499027832543768,0.8922505553843605,0.8834941755373982,0.7788297314971429,0.8952920587572566,0.7108571190803432,0.7311688924916746,0.9015943008452869,0.9015943008452869,0.8582982169801265,0.897924068880307,0.7357146976099339,0.6930690168768741,0.7179638445774836,0.5344668764316103,0.6295965843102198,0.7780347505088454,0.9902701807825041,0.7549748795601319,0.9015943008452869,0.8741039210453119,0.9117176971980809,0.9270023539448382,0.5717271528174267,0.9190462651000917,0.8273837912772664,0.9015943008452869,0.9015943008452869,0.7103376776369594,0.867941408445681,0.8249319275464269,0.9454800327660549,0.6214062667341234,0.641599529474242,0.9444720616003701,0.9821468422331385,0.7828831554665419,0.6273626854505507,0.9015943008452887,0.6640181095538313,0.781398977132775,0.904869971893631,0.9650079910895766,0.8415468626440503,0.9790214733720961,0.9229512180034356,0.6740626224302608,0.9048699718936315,0.8880327876536446,0.9015943008452869,0.7665245811994164,0.9040407010139304,0.8272188776420608,0.9844190976032297,0.6430954225795128,0.8863565689237554,0.9538502253726338,0.7237517260359425,0.9153141563577833,0.932796883415221,0.8072363396907052,0.9276677015291237,0.8845463537144684,0.8498574790755822,0.8968738879834464,0.7885025004223045,0.9117176971980809,0.898404335906682,0.7595946982394148,0.9482428774988274,0.7390417248479724,0.87393076944287,0.927002353944838,0.7140338530832591,0.9270023539448382,0.9270023539448378,0.9020557574993335,0.8451030973273084,0.7987442903971531,0.9015943008452876,0.8364164331596694,0.9130812730632978,0.9130812730632976,0.7917772373472908,0.5229372728607367,0.8984043359066813,0.8908505574053998,0.7945498244933036,0.904869971893631,0.6574969525470276,0.8659812204023998,0.9291588655783689,0.8967608157127986,0.9015943008452869,0.7028558622157574,0.9015943008452878,0.7248563872730949,0.922933964066333,0.9796310326661767,0.8725169952519654,0.8615058267612286,0.9015943008452869,0.7713403432775132,0.6430882910255677,0.8725169952519654,0.7738032407091953,0.8006213663849415,0.7717386899912183,0.9117176971980809,0.7401968954215561,0.7709356437707044,0.8929919202820983,0.7683089150318518,0.8130310621932637,0.8821503404030138,0.9776569049810195,0.8442082503111628,0.9784157310816315,0.9787563427820585,0.9521109638157488,0.7748075497745248,0.8794164109436622,0.6142280251342547,0.9447628386820247,0.898404335906682,0.7641680586021937,0.6414977713683121,0.99378032127122,0.6991264825489811,0.6693116152255252,0.9015943008452869,0.7388337085554235,0.8188509977484054,0.7750695063887029,0.9015943008452869,0.7945542113659165,0.9238496325630554,0.9190462651000917,0.9063742447456442,0.898404335906682,0.7665601227555406,0.8968738879834466,0.8936686505880665,0.8508840021741759,0.9167848454135985,0.8751970566277452,0.6247641344896706,0.9015943008452869,0.887918992030285,0.9015943008452869,0.9190462651000917,0.892018687554482,0.7962081925656082,0.9270023539448382,0.9755754212710187,0.6852214295232298,0.8388233021673757,0.9570211975143581,0.9015943008452869,0.82981543606498,0.6702017638677895,0.9136242488178099,0.9528129419991501,0.764049596612685,0.9117176971980814,0.7053301149137033,0.8794035130316948,0.8633928226985463,0.792461548383083,0.6858610339374015,0.8633928226985463,0.9570211975143581,0.5793457182892625,0.8142030100411632,0.8633928226985463,0.9270023539448382,0.9847054942282475,0.9048699718936313,0.9773298102437497,0.5790714605323434,0.9065397721659636,0.8212647567683593,0.9984689868383807,0.9358559422107497,0.9063742447456447,0.8582982169801268,0.8938342322827075,0.9357274933038937,0.9454800327660549,0.7693158530348052,0.7214876471693152,0.651486358083343,0.7116159644957936,0.8775697174499908,0.6583686327134117,0.7273670127525249,0.904869971893631,0.9082407355488133,0.8093525179856107,0.970216185248872,0.8596424572452426,0.8858687296893754,0.8964001233641994,0.9117176971980809,0.9153141563577836,0.9101404020715236,0.8571583257780948,0.9393284479789085,0.9426405799302899,0.9646927823057021,0.8767119090781639,0.7726316975244579,0.8522672538974276,0.9015943008452876,0.856900515370637,0.5869060232386742,0.9236748158396103,0.8295115164075355,0.8631913813247675,0.9153141563577833,0.743756631103923,0.9155842201855133,0.8672687335363685,0.9306637138918225,0.9686691610786862,0.9071903259160915,0.9047657741619426,0.9369529808277419,0.7857731666828318,0.927203606045427,0.7283640901211934,0.9957944821145943,0.9717983627614811,0.8870940587008981,0.9048699718936313,0.7800363210512207,0.8596424572452424,0.949173776698871,0.955321933413517,0.7723708694979201,0.9514068043734991,0.741413092696116,0.8952920587572561,0.6922127718512603,0.9031388200499335,0.554599925164568,0.8870940587008979,0.727059154473203,0.9743738807581964,0.9593880781275532,0.792461548383083,0.7990383133582605,0.8574844484595161,0.922933964066333,0.9569389602184267,0.9190462651000917,0.9800218150471366,0.9153141563577836
p157_L,0.9898517988440907,0.9890282203260041,0.7118598557621059,0.8545607303628724,0.9562698275519141,0.8612502633673058,0.9266204713119419,0.8916264530215195,0.519814797171755,0.823244210297909,0.8032322633242259,0.9424464791202656,0.9739999445148568,0.9345281693161769,0.9166564218099733,0.9279653009750495,0.9933728152939881,0.9023552098788394,0.9490201150415456,0.9253480765407989,0.8166177981798781,0.8699142505728488,0.8558415769648624,0.8852588926436556,0.8864833573452551,0.6337152370574655,0.9537693982556523,0.7984588883308774,0.9253480765407986,0.8365215796776817,0.6605904158717676,0.8954942934337513,0.8669412593055827,0.6624928325849031,0.9864046790606941,0.9480875561703543,0.8782940627807792,0.8927423390770248,0.7985559379258652,0.9820008012529058,0.844223445775544,0.9553509420851829,0.987552492762993,0.9001212646951798,0.9933728152939881,0.9017738825251069,0.8561342062066828,0.7341970711272217,0.9527685259154718,0.67363475484966,0.8513207925795817,0.7257112827403487,0.6337152370574655,0.8092129423355159,0.8669412593055823,0.8022317167352218,0.7694967637316316,0.8129560940834346,0.7947754018517803,0.8823062429081605,0.6015962163965971,0.5840793289253479,0.7883584214120313,0.844223445775544,0.8978561483651694,0.5939865893741265,0.9779132495729155,0.8395157656118755,0.8902102728647561,0.982384999099721,0.9272812295130595,0.8080523403685789,0.8989443341645225,0.5059633678729257,0.8129560940834346,0.6431059827745766,0.8215612095168272,0.9499692492196118,0.6504240437544527,0.9746481962695817,0.9499692492196119,0.9404919454786316,0.7909032427736953,0.7698039090034987,0.8129560940834346,0.9445812886563254,0.9366735852030655,0.8623178251524785,0.9765213149202068,0.8068927917851012,0.8129560940834346,0.9572526268749992,0.9034704863521146,0.6834363392347178,0.8325089095256681,0.8997709833259608,0.9828346632890783,0.6781398313301581,0.6673804836059314,0.5974440616540067,0.8979782195915751,0.9783140079913857,0.8989443341645225,0.9953869835538667,0.7231053811617982,0.8461277862534458,0.8153355255449328,0.6830055161546317,0.9712806475050141,0.5066272629457962,0.9795592977520449,0.8205894998073312,0.7523649911811101,0.9331543600073642,0.8255892557605071,0.7151336703134759,0.8848725063374459,0.8451952273822535,0.8612502633673058,0.6501521277370053,0.9170255196748673,0.8742265880457784,0.9576013549201206,0.9700575654549888,0.8802633263996162,0.765684924729545,0.8191823016368878,0.7230364903613277,0.8625951760283532,0.7439284780771289,0.6931060822728043,0.8255892557605065,0.9462651353245821,0.9497531817955674,0.8347994559429097,0.7597639586791065,0.9141423610609006,0.9271424076820844,0.8638461791854182,0.8280868502882601,0.7526299000831654,0.8535173013518571,0.6700710046886177,0.9708826087013074,0.9371991496428431,0.6296683918396333,0.8553823188876385,0.5219678323738081,0.9745120835260126,0.7065464187133954,0.9309903730813196,0.7920120966932611,0.9708173274372016,0.9756451076153049,0.958790521930418,0.7135893921995233,0.9668552058654667,0.7944340711116755,0.8062930457760683,0.8823172753644706,0.9365404744365742,0.9911410415624384,0.9909564325495369,0.8974636560377428,0.7028817629976432,0.9752133492858162,0.9051967800440768,0.8277077380726947,0.8325089095256681,0.686837292945904,0.974511888792829,0.8068927917851012,0.7480831877549756,0.8370596373079701,0.7572032348689453,0.9179221079687574,0.9490201150415454,0.9224729485477876,0.9042179962609059,0.7502065446074102,0.8903684610222209,0.7138728918110342,0.9092995966185087,0.8068927917851012,0.9325634596799819,0.8253474341977849,0.5410872389034278,0.9097489118181392,0.7839930876682061,0.9216935805184541,0.9008161866122358,0.9455200203776393,0.6232986565903789,0.5293050728278204,0.8617772118582572,0.8129560940834346,0.9148147732156012,0.9094159392181114,0.9496844304459813,0.7817625014056482,0.6421216579579548,0.8625951760283532,0.8129560940834346,0.6855391546344631,0.541630048770704,0.8232442102979091,0.8129560940834346,0.8549293435874163,0.6215869539528176,0.5306896830864274,0.7247538318954565,0.9760906459368257,0.8588929027553877,0.8129560940834346,0.7946980566970594,0.8129560940834346,0.6060020123420264,0.6923341663345672,0.7688515787899685,0.8129560940834346,0.7781130428938606,0.8129560940834346,0.7991880264234466,0.7307306077997398,0.8997707618247139,0.77585561126382,0.9300511406700868,0.6251955323248515,0.8551965465982105,0.8325766144955156,0.7190849004509701,0.99973851156235,0.8765625052814143,0.8168267677622878,0.9462651353245822,0.9102862765869405,0.9169208738405132,0.8613273084436979,0.9877512514878167,0.882845305469896,0.6029256431301685,0.9405150288436287,0.9959546563406537,0.846596793992335,0.8129560940834346,0.969733932244061,0.8129560940834346,0.7969627850696992,0.8372350321903723,0.9904386361787514,0.7332164371859557,0.625195532324851,0.9148147732156013,0.8361722130249403,0.7679533613871454,0.9029495124433109,0.8525919608154584,0.7537362605796117,0.899506190223911,0.9719194297564538,0.9851820990868672,0.7455445921923727,0.8068927917851012,0.9705889298794652,0.9189346132034755,0.7985559379258652,0.7649109421658953,0.9963868315355195,0.7975864137387563,0.7784757003732261,0.973742778455623,0.863846179185418,0.8673359537499226,0.9055665737495766,0.5755262317716097,0.8461277862534458,0.5193925545869226,0.725354098265925,0.9224048105777053,0.8762212909559665,0.8461277862534458,0.8555999624260051,0.5072076522246245,0.9377001994406238,0.7238712136794467,0.8455613735622358,0.8561342062066823,0.7782578492694872,0.5159331450505504,0.8823062429081607,0.8255892557605069,0.9477690575452098,0.7283606632558285,0.9490201150415454,0.5787665218425659,0.7509682880058619,0.6997251729221585,0.8207137693115731,0.9490201150415456,0.9577419323669981,0.9092814106943902,0.9365256355280616,0.832198064937085,0.5626564561872908,0.915387878178058,0.9172241070990339,0.9820008012529056,0.9563527024205405,0.6207512781157192,0.8891275127832983,0.9718806676499427,0.969853615685755,0.9877382440330873,0.8696425879709875,0.994663846214243,0.9971788517297395,0.6219840507411665,0.8894326889463282,0.9325335232406899,0.9015066162925456,0.8798389218445626,0.9605960911162628,0.8129560940834346,0.7563764498345805,0.8275395565812498,0.8104503048912546,0.8461277862534458,0.9965223396816936,0.9702976712418914,0.8129560940834346,0.8153653597703889,0.8461277862534453,0.9119538708281419,0.7784187963465417,0.8304715353889637,0.9452553512349824,0.8638461791854182,0.6620327691127279,0.8295775717155844,0.7679533613871459,0.6944403845798977,0.8582143483015974,0.8078713388853835,0.7203462103241042,0.8442052606051107,0.7116098189855937,0.7910991586979492,0.9746481962695817,0.6327183430376033,0.9517597212809078,0.6001194082609496,0.9273405050304726,0.8068927917851012,0.7890618765858726,0.9807386478037945,0.5283769264258432,0.6224846725274421,0.7731463228876847,0.8129560940834346,0.5956099454754225,0.9445812886563254,0.8261777667528686,0.7920358129410963,0.9612634641352691,0.5682518468655494,0.8129560940834346,0.8129560940834346,0.9820008012529058,0.9114636025211682,0.9052086865844842,0.8129560940834346,0.9612634641352691,0.8430909455922146,0.9855043917305186,0.7028817629976432,0.7141797119710744,0.9276070808582184,0.9568091155047098,0.9366735852030657,0.8186787195898966,0.7298086073312435,0.8129560940834346,0.726333843241106,0.8927621226572552,0.6297548495594845,0.5950598185966081,0.9014440298556481,0.8177205627829125,0.8255892557605067,0.5646765651684247,0.8129560940834346,0.723498330258848,0.9023552098788399,0.7255018766262986,0.9751581347144664,0.9078499433527256,0.7369241763172907,0.978252262065763,0.8129560940834346,0.924714316346829,0.8623178251524783,0.8129560940834346,0.8001962765416182,0.5699699760183431,0.8632217814025913,0.7586840117467912,0.5254556562039066,0.8129560940834346,0.8533164660812376,0.6092059500286132,0.9307448788040109,0.8020465591352584,0.6583692963787389,0.6608946283143026,0.6507265665348678,0.9570563816150959,0.8561342062066828,0.8058577837118319,0.4235891212535944,0.9347737608110154,0.4545730446489009,0.9679757768662061,0.6519026785239448,0.7627817270874748,0.832198064937085,0.9686308603165106,0.8129560940834346,0.8461277862534455,0.6376282065425274,0.0,0.7785524145786096,0.733216437185956,0.8009771539783099,0.7778515786059437,0.9669617044966168,0.8280868502882601,0.9252894004739958,0.812956094083435,0.910092361004756,0.7022175347283581,0.9625482293058748,0.9490201150415456,0.5353551708443527,0.9612634641352691,0.8124892376548343,0.9256364643729031,0.7910816297156543,0.8215612095168274,0.9309903730813196,0.7456009045267484,0.7230163008697753,0.74337295265381,0.7526659329794723,0.797384688988817,0.7599640528563532,0.8561342062066826,0.9518179824870903,0.9741037694931156,0.9999558400885654,0.9176414048213541,0.8089466924646236,0.8525919608154584,0.6400708592788086,0.8402016946502842,0.706277876539265,0.9037402144441408,0.8216249321297535,0.6199248208381716,0.910817680631758,0.9455206722538666,0.8995542699204284,0.8325766144955162,0.7808936453662061,0.926631507052307,0.6012212967949573,0.9861930267931858,0.8932189646583186,0.7582556261492368,0.8255892557605067,0.9503605064578037,0.7117927266177635,0.9445812886563254,0.8772548611812419,0.9823849990997211,0.8442052606051107,0.5318258188369896,0.9377001994406238,0.8809101149594385,0.8480538253549332,0.795196038904574,0.9587905219304178,0.8451952273822536,0.9700575654549888,0.7894938114010976,0.8255989118598897,0.946148752393231,0.946148752393231,0.9036457124649823,0.8529435718992495,0.7951960389045738,0.9565831183157478,0.8129560940834346,0.8390340081240992,0.8129560940834346,0.8129560940834346,0.5722676770356743,0.9721663893115973,0.9903286397737086,0.8129560940834346,0.7042964494985409,0.560332907754172,0.818573721367724,0.9546491643550106,0.6965317383267473,0.5834286204132684,0.9455200203776392,0.9964783158934909,0.6128962765531235,0.9524511822943206,0.9896920909414235,0.8390340081240992,0.6740550220556036,0.6861955259736381,0.7582299483471935,0.8863055383943057,0.9959466581627945,0.7923774013724338,0.9561975123865691,0.8719227385629409,0.9620884552142369,0.8255892557605071,0.8506617810739363,0.8641440236190335,0.9772683367758912,0.8558415769648628,0.6814378012483012,0.8406953778672304,0.6535278201138693,0.9580387232803621,0.8811713725919921,0.9300511406700868,0.8940907711008599,0.8782940627807798,0.9285206419907863,0.7247538318954562,0.7620728333936275,0.8638461791854182,0.8131906227810743,0.9140861356184492,0.87791233727025,0.9205691679322003,0.9981488633635174,0.7035289911040679,0.8117060761496817,0.9368488853021562,0.7326145837816297,0.6014023401523145,0.9359461803816128,0.6857279248536616,0.8883205441470443,0.8354845770278909,0.8495991651906254,0.8129560940834346,0.832198064937085,0.6852950071392241,0.8416188407771308,0.7781130428938605,0.9608501057310763,0.846596793992335,0.8325089095256679,0.6728679032269735,0.9954313517809439,0.5269497148738446,0.9612634641352691,0.6718570893279789,0.926631507052307,0.7767631794320897,0.8009771539783099,0.8669412593055823,0.7446008432140181,0.9948131704057895,0.9224048105777053,0.7581300287905263,0.7149218262346838,0.7019865168633346,0.837763006065975,0.7589733900230866,0.7506256389601723,0.7781130428938605,0.7426686422436006,0.853517301351858,0.8290446523552835,0.9669617044966168,0.8092691648659942,0.9697339322440606,0.8870937812580868,0.8068927917851012,0.6568482108762672,0.7929598284014707,0.9497531817955676,0.6780561430850589,0.8689612397777349,0.9791459734860601,0.7300249400372343,0.797586413738756,0.9393767943020834,0.8469402258972414,0.7916593605787678,0.7402685276859235,0.8772718095610739,0.8904463681499792,0.832198064937085,0.8612502633673058,0.8129560940834346,0.8939646047478893,0.8116882464857444,0.6403709588034768,0.9787216594770383,0.8129560940834346,0.6620261743364935,0.7719766163384407,0.8093226312656862,0.9855043917305187,0.6798593832011792,0.9009384371123315,0.5882177437286383,0.9142291068129074,0.8598191028367781,0.965117442417502,0.6154071795899125,0.785536629338865,0.8390340081240992,0.7937518047188017,0.7266696117783169,0.9783140079913857,0.9574905487604921,0.9497531817955672,0.8236742330361656,0.8551965465982103,0.8741545598607164,0.8092129423355157,0.7808181407585646,0.9276070808582184,0.6931678447875537,0.6951681483287298,0.8451952273822543,0.8989443341645225,0.9608501057310764,0.7827294942907062,0.6494583228151862,0.8068927917851012,0.8954942934337513,0.8216249321297533,0.8068927917851012,0.8068927917851012,0.7589733900230866,0.8129560940834346,0.9669439220688084,0.8502535152876508,0.8129560940834346,0.9404919454786316,0.910817680631758,0.9490201150415454,0.8561342062066828,0.9048114690017823,0.8782940627807798,0.8068927917851012,0.8051292059153738,0.4320223500698501,0.8184489484642802,0.554494972597259,0.8129560940834346,0.8704025667706081,0.8561342062066823,0.8262392421922453,0.6739825604539225,0.9089569097107184,0.8794926703116205,0.848738182208834,0.7579266547804189,0.9865255187715616,0.8153653597703898,0.8416188407771306,0.8745576538356701,0.7890618765858726,0.929018452269073,0.6580269529352833,0.9993289467108443,0.8804252291828121,0.9092814106943903,0.8255892557605071,0.902630499901727,0.6004542646576718,0.8129560940834346,0.8702815874708267,0.7610056529894349,0.8232442102979091,0.7654978279487059,0.8744827185801132,0.9513113557979231,0.5052214381738855,0.8009771539783099,0.6473727553762487,0.5869626210441516,0.8129560940834346,0.8129560940834346,0.7390250137321681,0.685679157845037,0.8613273084436983,0.658021602097449,0.47601872213638385,0.7210659934837715,0.6058151108803143,0.5362761966502141,0.7756690190480475,0.4753590325018887,0.8129560940834346,0.6834793791392053,0.832198064937085,0.7985559379258652,0.813791704025671,0.8461277862534458,0.6481356020156648,0.8129560940834346,0.8129560940834346,0.615207235601253,0.9562698275519141,0.5971937688126034,0.8457377300448381,0.9083197056417889,0.7451291995584493,0.7965177700113668,0.7616449072612981,0.4370689790347464,0.8772610432608394,0.8129560940834346,0.967864207948913,0.5151099272647529,0.8487381822088333,0.9833175579709121,0.8267069459165772,0.7048968104027316,0.9525299255562657,0.9982141579504638,0.9669617044966168,0.631660955629507,0.8129560940834346,0.5441287930870387,0.9028732356284457,0.6107582000304328,0.9622564732226944,0.6440937394369828,0.9353122156720659,0.8350721346618362,0.8926779714450865,0.8978561483651695,0.9047825534730576,0.5538176555559109,0.8216249321297535,0.8894326889463282,0.9855043917305188,0.8139876759619458,0.6004535147392294,0.8829689068279151,0.8068927917851012,0.743985699156794,0.7909103397082891,0.8558963430130206,0.9075356076663186,0.9746481962695817,0.7439284780771289,0.874154559860717,0.9368488853021562,0.9359461803816125,0.959211602100029,0.6386678025315686,0.9004164389796062,0.9253480765407984,0.9608501057310763,0.985026626259087,0.805843530578831,0.8153390997626981,0.7196369421472582,0.8878860206418515,0.7521962190756931,0.9148147732156006,0.8359787904565039,0.7538994440122888,0.7643737946741919,0.8034722372347591,0.8129560940834346,0.9572526268749992,0.9290791856733023,0.825104495457026,0.823244210297909,0.9328907017055412,0.6938994040049319,0.9301744188048608,0.8129560940834346,0.6635811672095844,0.7450467473956599,0.990956432549537,0.5338877629905915,0.49324155946822223,0.5379062736205595,0.863846179185418,0.706674813202282,0.8651732440838666,0.9068526714114963,0.7057278108061633,0.9256364643729031,0.8157982619513897,0.9497531817955674,0.9721663893115968,0.957741932366998,0.8386524117247862,0.9385136860318242,0.6320413977060771,0.8275395565812496,0.75191310824293,0.9849325742456101,0.8068927917851012,0.6920217689888464,0.8331895954263933,0.7953460552737606,0.6297548495594845,0.6890621013479847,0.8129560940834346,0.5961197089425398,0.8156036025567837,0.9545200290545028,0.8129560940834346,0.45663855403981035,0.9008490227514356,0.8461277862534458,0.7627817270874744,0.8347439839067272,0.6984976651832921,0.9430016057665955,0.88198896513764,0.8236452927118794,0.9970202144616014,0.9256364643729031,0.7365457294028714,0.8129560940834346,0.9713773429621252,0.8129560940834346,0.8108977844528866,0.8878752237796683,0.6086611941721327,0.7985559379258652,0.9802655900904539,0.7429286107895479,0.6634019352060745,0.974511888792829,0.8129560940834346,0.9598657987116218,0.5733940668011435,0.6903493358900636,0.9273446515802215,0.725267167254481,0.8638461791854182,0.744342442932451,0.8353118115278738,0.8431888212288878,0.6175463511092754,0.6643631705935289,0.8431888212288878,0.7745932914095683,0.8638461791854182,0.6692931558484396,0.8431888212288878,0.7985559379258652,0.7662665379328074,0.85570301207171,0.9127492924381895,0.862595176028353,0.7745631595394556,0.986193026793186,0.6263651095121021,0.7999124105450757,0.9954313517809439,0.6145359835069102,0.7570765074206052,0.9182975602716048,0.912497064675055,0.8059266403612504,0.8345688706245464,0.8723215525777368,0.6491729974810818,0.9285534980514074,0.7680556221093067,0.9385136860318242,0.8261471314997648,0.8255892557605071,0.725346997076189,0.9756053087261287,0.8447746773113027,0.9442208799373264,0.817386149660588,0.832198064937085,0.8390340081240992,0.9535539838630962,0.6474202560746718,0.900811869897544,0.8266004977708314,0.8059011127113251,0.9782169957590704,0.9338953557284988,0.6530658555626192,0.8129560940834346,0.7476598777083423,0.9619779710968783,0.8255989118598905,0.6510079925938539,0.9254243610794266,0.9965223396816935,0.7782578492694869,0.9795592977520449,0.6337152370574655,0.8876572423932692,0.8741145762776412,0.8937705688840911,0.9279841375446283,0.8371600522185616,0.8032322633242259,0.8207137693115729,0.8347439839067272,0.752352646919958,0.7623607666334109,0.899506190223911,0.8487381822088336,0.5765899238719272,0.6126697902847937,0.8995061902239111,0.8170039941391958,0.4495336077234625,0.7640918615555865,0.963635331838012,0.882306242908161,0.5652322078789398,0.986193026793186,0.91200893623737,0.8561342062066826,0.5750506246010618,0.8033887015349686,0.8390340081240992,0.506556232812706,0.8649671348776815,0.9078499433527256,0.823244210297909,0.6916344856034654,0.8451952273822534,0.8360872844335161,0.8390340081240992
p157_M,0.7799859487882781,0.9305518148343679,0.871899210769451,0.9871307482212135,0.43810130282415194,0.9553906988562064,0.9721245154229385,0.9535996623229408,0.9197173314687737,0.952904481298952,0.977493380406002,0.7873481012250079,0.5675580044427355,0.9476888747140071,0.9295460152552617,0.8943418469797413,0.9862951408967355,0.9188871236697294,0.9141406930557712,0.9529044812989522,0.9206712478934664,0.9747821421515683,0.9696315366465988,0.9418654668890594,0.9253948970823005,0.9188871236697294,0.9862951408967353,0.8012463145695163,0.9529044812989522,0.9765488911727318,0.9112065483416407,0.4920037139915062,0.9323345609629297,0.9039073680321512,0.6077472153494232,0.9818060040046752,0.9418654668890594,0.9323345609629294,0.9553906988562066,0.9602126215445623,0.9134708556523616,0.9022732162471893,0.9553906988562064,0.7784272607307695,0.9094219082255505,0.8455205739201663,0.995812608116145,0.986513117812751,0.9173148291382112,0.7239822437327117,0.9460501530640812,0.8744553899769543,0.9188871236697294,0.9305518148343679,0.864053981570977,0.9580084947693384,0.9157617220296757,0.9398636845831869,0.8437213529293759,0.9360123464869741,0.9746182283386401,0.9517402478669554,0.9624721270225209,0.880887070920771,0.9482479709168006,0.8325849357943904,0.991511387719873,0.9299901786065154,0.9943558404043902,0.9505286850464205,0.984700032305712,0.9173148291382112,0.9470390403999657,0.8036074718780999,0.9398636845831869,0.8655788710295136,0.9747821421515683,0.9288025889967637,0.9843786859955979,0.9553906988562064,0.9288025889967637,0.9877421208411418,0.9947922739901722,0.7760178528607311,0.9398636845831869,0.9777237664759431,0.9747821421515683,0.9372187153886652,0.9366533900163492,0.9379142777971528,0.9398636845831869,0.9340712946921956,0.8506391215629192,0.9852678302689666,0.882082203920328,0.8880390441955606,0.9614954635891835,0.8668377479090332,0.7655806410250285,0.8172249131366747,0.9580084947693384,0.9439253608596803,0.9398636845831869,0.8990763576434592,0.9030676093179741,0.9505286850464207,0.9589992496040742,0.8008692350802827,0.9342966423167992,0.8499576014945192,0.8817930382709451,0.9204798499326443,0.7619882291893778,0.892801530088347,0.9439253608596803,0.7953053599570868,0.9803079821283598,0.9505286850464207,0.9553906988562064,0.7107993211377387,0.958802510849105,0.8943418469797417,0.9810661291837658,0.9516895132161818,0.9188871236697296,0.8271323454642017,0.9418654668890594,0.9198178556572016,0.937914277797153,0.7689771223906572,0.6690200106020263,0.9439253608596803,0.9915113877198728,0.9553906988562064,0.9341536654578784,0.8688459520198255,0.881181970038634,0.9460501530640815,0.9460501530640812,0.9360123464869743,0.8177269779326579,0.952904481298952,0.7575315909834784,0.8763300120309894,0.9275494633940331,0.9642919106149583,0.7201656473661935,0.825662231451429,0.9110940012363835,0.8483745442604143,0.9762381701099259,0.7014030602114781,0.8829132168159717,0.9181112558741786,0.9290729285038277,0.953991793642735,0.9707989275785835,0.898279654991218,0.9011784989275504,0.9243614595545961,0.8697573482257854,0.9439253608596803,0.9877421208411417,0.7693246760294279,0.8782989718810938,0.9010728262563201,0.9443567104765436,0.9134708556523619,0.9641658853133278,0.8971972162838038,0.9476888747140071,0.9379142777971528,0.9157617220296763,0.8904541302277535,0.9339430896563123,0.9714650966700187,0.9505286850464205,0.9283617007568916,0.982324224352259,0.8957643484306201,0.8955237705353789,0.9291608823245232,0.7885108687926855,0.7873481012250081,0.9681245573504424,0.9332207176112413,0.8183861991410075,0.9511394955727167,0.9305518148343679,0.9496699001876994,0.9894969760647814,0.777928598297947,0.9640572870301207,0.9084664157696104,0.9229260836136746,0.9398636845831869,0.9418654668890594,0.9570183943574119,0.9536884266070209,0.9145036285834144,0.9029852527308231,0.8422956254205758,0.9398636845831869,0.9001366825354133,0.8355187037786174,0.9529044812989522,0.9398636845831869,0.954930065345126,0.9733050117350788,0.9259498258317265,0.9111416502651823,0.9213139766220594,0.9379142777971528,0.9398636845831869,0.909641303184188,0.9398636845831868,0.9023605438588364,0.8860823482957816,0.8562491252869651,0.9398636845831869,0.9171916237032922,0.9398636845831869,0.8464189923301952,0.8901096639134574,0.9382829336530905,0.8530868722164204,0.995812608116145,0.8099519168626648,0.9360123464869743,0.9696315366465988,0.9270843653068206,0.9229260836136746,0.8077941093336549,0.9039073680321512,0.9460501530640812,0.9460546403839525,0.9130996693093604,0.8848055194072817,0.9610828450752141,0.9364881737530406,0.936488173753041,0.9341536654578784,0.9543810721294508,0.8500491352017978,0.9398636845831869,0.78189576489176,0.9398636845831869,0.9465657014597654,0.9733050117350783,0.9915113877198727,0.8776283584600683,0.8099519168626648,0.9418654668890594,0.628016184215719,0.9253948970823005,0.9357354408000715,0.9288025889967637,0.7024971614711937,0.9439253608596805,0.9327528459630949,0.8481185950649368,0.7435873027190796,0.9379142777971528,0.9219798955488131,0.898196384786849,0.9553906988562066,0.7913599283493761,0.7659889277188264,0.9204798499326445,0.9030676093179744,0.9375776441335051,0.9460501530640815,0.8649786609055097,0.9472325582226064,0.8504095111132657,0.9505286850464207,0.77440379737893,0.8982796549912178,0.9671761235857237,0.9842127613506938,0.9505286850464207,0.832180391882747,0.8741418111158089,0.9868659623160062,0.9119409794917464,0.9476888747140071,0.9439253608596803,0.9039073680321512,0.8847397033843232,0.9360123464869743,0.9439253608596803,0.995812608116145,0.8347339308492272,0.9505286850464205,0.8235244518171353,0.9880854583596015,0.8643222344048871,0.8473118402076032,0.9818060040046753,0.9964123220916106,0.9602126215445623,0.9360123464869743,0.9460501530640815,0.7937891208337403,0.7969071646879574,0.9439253608596803,0.9173148291382116,0.8012463145695161,0.8307894540196183,0.7916409186598596,0.6293445671742617,0.8604489406043496,0.9001470545046304,0.8635597961101659,0.9060211977349429,0.952904481298952,0.9533122281613602,0.952904481298952,0.9819538956711097,0.7689771223906574,0.927863480227435,0.9439253608596803,0.9398636845831869,0.9460501530640812,0.9514652625474738,0.9624721270225209,0.9505286850464207,0.9482479709168006,0.9928618019927207,0.9398636845831869,0.9253948970823003,0.8464753821068667,0.9700351664034113,0.9295460152552617,0.9157052766042653,0.9671761235857237,0.8041960100717365,0.8421019296104755,0.8478271820431227,0.9810661291837659,0.9323345609629297,0.8632473310047784,0.995812608116145,0.9799998588966445,0.9250760542501826,0.9803079821283596,0.9642919106149581,0.9553906988562064,0.7920050164236104,0.9419536134643975,0.8261496131115464,0.9341536654578784,0.9379142777971528,0.8594756813309227,0.8643222344048871,0.8601894085453342,0.7846973361026459,0.8599174518990857,0.9398636845831869,0.8808086125633338,0.8717980029839988,0.982324224352259,0.9094175606190132,0.9762381701099261,0.9751828268492605,0.9398636845831869,0.9398636845831869,0.9110940012363835,0.744333701605361,0.9141564165985061,0.9398636845831868,0.952904481298952,0.9398636845831869,0.9082470012068006,0.8782989718810938,0.7868868957846221,0.9964123220916106,0.9097196291136669,0.9775200810036838,0.8773656490592001,0.8466896548455047,0.9398636845831869,0.8593147823261376,0.975493041049861,0.8035165051770342,0.8245179471183165,0.9896201712617319,0.9015994527855995,0.9439253608596803,0.7782358464355155,0.9398636845831869,0.833222457063908,0.9939428696246877,0.887172346222538,0.8984729437676644,0.9418654668890594,0.8759144031389283,0.9323345609629294,0.9398636845831869,0.7720470354328457,0.8637024233850623,0.9398636845831869,0.9704295576642359,0.8774428252701514,0.8646465267440426,0.8555282750087998,0.7693246760294279,0.9398636845831869,0.8600688224932601,0.9096413031841879,0.9868659623160062,0.8508536150398738,0.8060506330304371,0.9245544567587658,0.9348082077122009,0.9089152002046674,0.9439253608596803,0.6028059274744264,0.8957643484306201,0.9696315366465988,0.8564278285687617,0.9075072110125995,0.8749724943304518,0.8008716284224459,0.9460501530640812,0.9624721270225209,0.9398636845831869,0.9505286850464205,0.8834941755373982,0.7785524145786096,0.0,0.9142266602978066,0.9360123464869743,0.9079642774207208,0.9998238347481485,0.9360123464869743,0.97381582818476,0.9398636845831869,0.9803079821283598,0.8568203162271626,0.9869071248539465,0.9818060040046753,0.738840383443234,0.952904481298952,0.9803079821283598,0.9237321696604077,0.820019905365299,0.9270843653068206,0.952904481298952,0.9927677537748366,0.9872968515533683,0.8794124535395721,0.9647915833876861,0.9298223041589357,0.8848055194072819,0.6945024529952716,0.9039073680321512,0.9134708556523619,0.9726433961423495,0.9671761235857239,0.9236102206896849,0.97381582818476,0.9112065483416407,0.8875382141796817,0.92964410480043,0.9551827331085334,0.9862951408967355,0.9281876763306096,0.9633170462283336,0.7762180107355472,0.9220943680125893,0.9237321696604077,0.8584562386896466,0.977493380406002,0.850853615039874,0.8975786096948724,0.8996713357710031,0.9260648845378926,0.995812608116145,0.9988219696289207,0.9141745281494922,0.9846566758890424,0.7606912970317314,0.9505286850464207,0.9743798833618915,0.9340712946921954,0.9482479709168006,0.9010728262563199,0.9615633836644074,0.9341536654578786,0.9460501530640815,0.9505286850464207,0.9673445570347358,0.8686551999557846,0.8968972890562259,0.9379142777971528,0.937914277797153,0.7845466111953249,0.924554456758766,0.9341536654578784,0.9045414289970423,0.9398636845831869,0.9482479709168006,0.9398636845831869,0.9398636845831869,0.7675545077575615,0.9237321696604077,0.903907368032151,0.9398636845831869,0.7828441998128408,0.7316993852027085,0.9364881737530406,0.9888759577319164,0.888713019100158,0.8191939787328957,0.9533122281613602,0.8848055194072817,0.7271113602869297,0.9323345609629297,0.8957643484306201,0.9482479709168004,0.9846566758890424,0.882731610867822,0.8498059195018676,0.9112065483416405,0.9832374253294529,0.9360123464869743,0.9149760532374138,0.9482479709168004,0.9727227530771647,0.9439253608596803,0.9150128085700575,0.9775200810036838,0.9204798499326443,0.9844690963672101,0.8387816719018307,0.9496699001876994,0.9404663323227448,0.7549722614362548,0.9438328971193493,0.8150265150436211,0.9270843653068208,0.9415131363853565,0.9711572181901504,0.7134986481202826,0.810468129073004,0.9460501530640815,0.9011784989275506,0.9341536654578786,0.9571190472281597,0.9000737693627723,0.9521906738117113,0.8520327579084043,0.9127085925971725,0.9553906988562064,0.8191939787328957,0.8430837757619427,0.9485451227422389,0.8407400751955079,0.9270843653068206,0.924554456758766,0.9030554505085147,0.9398636845831869,0.9460501530640812,0.975493041049861,0.8339417653831194,0.8628614501567906,0.9775200810036837,0.9360123464869743,0.9537504332936724,0.8506391215629192,0.9844690963672101,0.7901861313814595,0.952904481298952,0.8043110376823828,0.8764342453662836,0.7708897060496548,0.9360123464869743,0.8640539815709767,0.914174528149492,0.9530613123008463,0.9671761235857237,0.8859273281601108,0.9750777501747248,0.8250211375852403,0.7514921215897721,0.9419536134643975,0.7955069363729533,0.8628614501567906,0.9112065483416405,0.952904481298952,0.9253948970823005,0.7665810412969813,0.8860823482957816,0.7485658933216628,0.9357354408000718,0.9928618019927209,0.9535996623229406,0.8889954160089981,0.9553906988562064,0.9685145412833686,0.8752885460677957,0.8717980029839987,0.9382829336530907,0.9647915833876861,0.8519196982387858,0.9516895132161818,0.7472186948489317,0.9119409794917464,0.9288025889967637,0.9928618019927209,0.9460501530640812,0.9700351664034114,0.9398636845831869,0.9799998588966439,0.9233319335497214,0.9829408827402797,0.9053415698864398,0.9398636845831868,0.9896809911112328,0.842183903358324,0.7697068522432685,0.9082470012068005,0.8861224347761871,0.9340712946921956,0.888713019100158,0.8162534074835787,0.955855656546232,0.9063144363068492,0.8870809513756027,0.9015254039971807,0.9482479709168004,0.9514652625474735,0.9157617220296757,0.995812608116145,0.9364881737530408,0.9553906988562064,0.9608863509569181,0.9894969760647812,0.9553906988562066,0.9305518148343679,0.999744732490999,0.9964123220916106,0.8904541302277534,0.8630676692554227,0.9505286850464205,0.7773931278746957,0.6436356430904479,0.8131290228021353,0.7693246760294279,0.9379142777971528,0.9460501530640815,0.9341536654578784,0.9379142777971528,0.9379142777971528,0.9058614048066171,0.9398636845831869,0.9862951408967355,0.924554456758766,0.9398636845831869,0.9671761235857239,0.9324212251127573,0.711144760209058,0.9439253608596803,0.9868659623160063,0.8248917396597722,0.9379142777971528,0.8317067117586021,0.9664400448524546,0.8008716284224459,0.9050199039572437,0.9398636845831869,0.9589992496040742,0.9439253608596803,0.9220943680125893,0.8304274217510873,0.8914519915852102,0.914140693055771,0.9998238347481487,0.9721643839492675,0.9733050117350783,0.9721643839492675,0.9398636845831869,0.9898781502828842,0.984700032305712,0.9673445570347358,0.9601172055556273,0.9288025889967637,0.9505286850464207,0.9602126215445626,0.9355505770919705,0.924554456758766,0.748239421000297,0.9398636845831869,0.9398636845831869,0.8605641010076424,0.9529044812989522,0.8590494466041887,0.9862951408967353,0.9774933804060018,0.857602717398028,0.9360123464869743,0.906809217833342,0.8179211079683016,0.9398636845831869,0.9398636845831869,0.8466488738125184,0.9977091889810263,0.9847951341175696,0.868248727125856,0.7672211986747091,0.880267095997981,0.810468129073004,0.8217767894513307,0.9647915833876859,0.8759297029827633,0.9398636845831869,0.9208637354012904,0.9460501530640812,0.9553906988562066,0.8506391215629192,0.9505286850464207,0.9218833442529991,0.9398636845831869,0.9398636845831869,0.8067482063202916,0.9398636845831869,0.8212339374373808,0.9270843653068206,0.8843302430070015,0.880887070920771,0.955855656546232,0.8808870709207712,0.981952001027552,0.9022004857227728,0.9398636845831868,0.8996713357710031,0.8191177131798877,0.9418654668890594,0.9818060040046751,0.983493741964954,0.9204122566558746,0.9295460152552617,0.9401042088409286,0.4750275494830217,0.8601882758465698,0.9398636845831869,0.7534098449990654,0.9024846512059139,0.9236102206896848,0.9060211977349428,0.8406702723280854,0.920179683283657,0.8077359714861503,0.8800862405182628,0.921979895548813,0.9047677807314949,0.8359527411408674,0.8572804327866929,0.9762381701099259,0.9871307482212135,0.8631878595663138,0.777210308000298,0.9460501530640812,0.9379142777971528,0.8024391351292828,0.9157617220296757,0.989878150282884,0.8984317529217639,0.9700351664034114,0.989878150282884,0.9553906988562064,0.8208868969226473,0.9847951341175696,0.9438328971193495,0.867758364741591,0.8904904028915422,0.952904481298952,0.9270843653068206,0.6913334199351968,0.8773656490592001,0.9832374253294529,0.9379142777971528,0.9157617220296757,0.9688973851882077,0.9418654668890594,0.7743472468360033,0.8717980029839987,0.9094416579454958,0.9178014586260066,0.9398636845831869,0.9029852527308233,0.9470390403999661,0.8355187037786174,0.952904481298952,0.857961482792147,0.922094368012589,0.9096413031841879,0.9398636845831869,0.8882078540529299,0.8682487271258559,0.8975786096948732,0.7883680341234212,0.9956020206057645,0.7772103080002979,0.9460501530640812,0.76158753912642,0.7932164021965279,0.8927761013223359,0.8637086519058848,0.938569729381019,0.866045925483226,0.9700351664034114,0.9237321696604077,0.9964123220916106,0.9119409794917466,0.9602126215445623,0.7294165363327414,0.9181353909773775,0.8250211375852403,0.9398636845831869,0.9379142777971528,0.7224318175165862,0.8900265369300417,0.9089152002046677,0.8277746315427194,0.830186545284228,0.9398636845831869,0.8615066484717846,0.8381847602503403,0.9476888747140071,0.9398636845831869,0.9840116439758553,0.9658597103040238,0.9505286850464207,0.9237321696604077,0.9379142777971528,0.8963077434412843,0.8196028562135225,0.9425462450985707,0.9997447324909988,0.7958163671501294,0.9844690963672101,0.8772718095610745,0.9398636845831869,0.955855656546232,0.9398636845831869,0.9505286850464207,0.9803010659756759,0.8682093970897042,0.9553906988562066,0.9537504332936724,0.8427180104423654,0.9213139766220597,0.9476888747140071,0.9398636845831869,0.7681193276970908,0.8881161545623978,0.9661004124637116,0.9516895132161818,0.8996713357710029,0.9460501530640815,0.9112065483416407,0.9896201712617319,0.9010728262563201,0.9078559629118668,0.8545507644046964,0.9010728262563201,0.9082470012068007,0.9460501530640815,0.8643222344048871,0.9010728262563201,0.9553906988562066,0.9624721270225209,0.9998238347481486,0.9243614595545961,0.9379142777971528,0.9496699001876994,0.9671761235857239,0.9340712946921954,0.8996713357710029,0.8467709954086369,0.9924040002103833,0.953991793642735,0.7324005770294385,0.8821245273141876,0.8757722251384741,0.9082470012068007,0.9165674413153753,0.8421019296104758,0.9669734233303986,0.8914519915852106,0.9173148291382112,0.9418654668890596,0.9439253608596803,0.9180662297947397,0.7477549404254635,0.9142266602978066,0.955855656546232,0.7567402793726385,0.946050153064081,0.9482479709168006,0.9359599184055638,0.9537504332936724,0.8815177254479982,0.9777237664759431,0.9112065483416407,0.9051655389375606,0.9342966423167991,0.9496699001876996,0.9398636845831869,0.8360579401524967,0.9714650966700185,0.9329723390798932,0.7895649705783692,0.9007229411258972,0.9482479709168006,0.9819538956711097,0.9679115364345192,0.9188871236697294,0.9341536654578784,0.9127085925971723,0.9460546403839527,0.9609642629291477,0.9197384765533722,0.9288025889967637,0.9769675120682583,0.9521906738117114,0.9806182093915328,0.9860599540892503,0.9439253608596803,0.9418654668890594,0.8325663549594216,0.9142266602978062,0.9439253608596803,0.991008401901488,0.920249383882318,0.9688860444852032,0.9894969760647812,0.9894969760647812,0.8440868326778853,0.9220943680125893,0.9181353909773777,0.995812608116145,0.8160028796418128,0.9220943680125893,0.9482479709168006,0.9704194014270914,0.9022732162471889,0.9998238347481485,0.952904481298952,0.8943418469797417,0.9505286850464207,0.98409346534687,0.9482479709168004
p157_V,0.8531789425883891,0.9163339973465923,0.8353959934263435,0.9906272620392718,0.9275522446953854,0.9899835764925834,0.8188851829146071,0.7716728807603075,0.862808788286463,0.9961565139931365,0.4613383959758176,0.9808396689061133,0.9808396689061134,0.9906272620392718,0.9027452369168485,0.8878770571301755,0.9652524543463294,0.9768086827916644,0.9404006431802039,0.9355758535992392,0.8395760334095799,0.6392633051571579,0.9866030402791095,0.9703287678830982,0.6500288760033344,0.9022812459376917,0.9206732387984036,0.9126333026427302,0.9961565139931365,0.9471810109959831,0.8930282606473352,0.9883880331853732,0.9184817171461352,0.884234751678239,0.9275522446953857,0.9404006431802039,0.5216455167346217,0.9944777937421576,0.9462580354121288,0.9737394147108267,0.856501611717714,0.9420850922811459,0.9462580354121286,0.937475450071793,0.9206732387984036,0.8494334505433903,0.5008123449120355,0.8861330274514618,0.6961750005784243,0.8456737070075291,0.935005241301464,0.8752943283626593,0.9022812459376917,0.9985862887416473,0.9620019617019886,0.8985159947466634,0.9346355708099476,0.9275522446953854,0.8155773006658746,0.5740843197129463,0.8660034226470059,0.867209176815511,0.902281245937693,0.884359656598322,0.9376530086096915,0.8137638926766699,0.9350052413014638,0.8402457823683691,0.9964278266853771,0.8860446315351704,0.9210111257875064,0.9003870625528829,0.8307117975845804,0.774262833544006,0.9275522446953854,0.6457891193212346,0.9121566723282282,0.9142266602978064,0.9530292275943426,0.9899835764925831,0.9608863509569181,0.944688486580157,0.9650166107570195,0.9022812459376925,0.9275522446953854,0.9790111546477847,0.9655033215314223,0.9099283016803432,0.7475008853864822,0.9252037445446057,0.9275522446953854,0.9785613318267481,0.8672091768155115,0.8613805421043885,0.8948378117301918,0.9422610511499965,0.9739019051007971,0.9008915475218525,0.8919526854294395,0.805179966908441,0.9346355708099476,0.9839674685144806,0.9275522446953857,0.8805052368359417,0.6560223163233319,0.4232320307761679,0.6906505273897137,0.8360507571373059,0.9699196375991819,0.7775244447977969,0.9211812452239576,0.9063747143991654,0.7667672413146354,0.7694232151055226,0.5008123449120355,0.8154619181029097,0.9163339973465923,0.9404006431802037,0.9462580354121284,0.8205494341553725,0.9699956705262555,0.9135428206778322,0.950107672001856,0.9276398400468782,0.9768086827916644,0.7760113363937309,0.5216455167346217,0.8960126735832696,0.9721820378192461,0.8375740315947401,0.8911852822219177,0.9324454498571315,0.935005241301464,0.9462580354121286,0.9206732387984036,0.9349363967408764,0.8489377180263843,0.9883880331853732,0.47778404797553353,0.9229124393123012,0.859607149070275,0.45093057044805407,0.8351532582297652,0.8893840423644395,0.9174357591301507,0.9027452369168485,0.9274415389579922,0.8630126022609137,0.9003870625528829,0.845681963579656,0.9432628256129656,0.8660034226470059,0.8398315536277513,0.8556474326498924,0.9883880331853732,0.9003870625528831,0.8245835818186353,0.9397627782604148,0.9059539647380764,0.8622112935825186,0.9766640415453467,0.9324454498571317,0.9782247305062934,0.8643285330496473,0.8170407335827641,0.8808199067953635,0.8717349307086484,0.7813438048343829,0.8948378117301918,0.8238112539195654,0.9419297756780972,0.5580350294343445,0.8985159947466634,0.9954004231416071,0.8904782399640951,0.9250896219463323,0.9404006431802037,0.9442669069485908,0.9517801630988365,0.8896745771163437,0.8509734094293141,0.8671984584708654,0.9346355708099476,0.9338613756314728,0.9240974349517947,0.6179090476942857,0.8205494341553725,0.8879189920302848,0.9163339973465924,0.6988893404807721,0.9856324259650168,0.8628087882864626,0.9337730589090519,0.8456819635796553,0.7836118471054022,0.9275522446953854,0.9798175375448483,0.9229124393123016,0.8580690156021946,0.8861115197063919,0.9254062818990603,0.9252037445446055,0.9275522446953854,0.7585465226749756,0.720946261369316,0.9432628256129656,0.9275522446953854,0.9123171168597037,0.8791314954080307,0.8380594322760746,0.7960489146933998,0.8644023815981577,0.9252037445446055,0.9275522446953854,0.9312380290574311,0.9275522446953853,0.9523071161715407,0.8796953582226248,0.9178897611747997,0.9275522446953854,0.7334359965876107,0.9275522446953854,0.9661667910715347,0.8970614495800682,0.9762600943374635,0.8824762687487987,0.9324454498571317,0.8188417259692602,0.9229124393123012,0.6602151631852053,0.9121566723282291,0.9880029397498307,0.9326713840240484,0.9818195492873296,0.935005241301464,0.8927759843568144,0.8388771360177489,0.8612222667022582,0.9632421972685556,0.7116653769293061,0.87913149540803,0.9652524543463294,0.990540111320803,0.9229124393123014,0.9275522446953854,0.9962981125733235,0.9275522446953854,0.9563487117683467,0.8060968679283815,0.9350052413014638,0.9965591397849463,0.7981003255181444,0.9798175375448483,0.8774549020235312,0.6500288760033341,0.9006967164580981,0.997484652794657,0.8949601702794565,0.9839674685144804,0.9617434929126025,0.8170245918162766,0.822169130022665,0.9721820378192463,0.8404453338613616,0.8205884265357677,0.9462580354121288,0.8707693232042872,0.8038603368916993,0.9821448110590096,0.8155292675303605,0.9925445761687612,0.9350052413014638,0.8511341194324258,0.8928218054921431,0.9018073277737213,0.4232320307761679,0.7559924539288121,0.9086088401419734,0.9061450951233825,0.9444720616003699,0.4232320307761679,0.8788298913752621,0.7771322397888571,0.9376530086096915,0.854939928848685,0.9906272620392718,0.9839674685144806,0.82301085549449,0.8297362813838487,0.5740843197129466,0.9324454498571315,0.9324454498571317,0.7864467705127653,0.9438962066300457,0.9631152526572095,0.8385984961443846,0.8811310709409116,0.9339581025244248,0.8860446315351704,0.9757533722166009,0.9003870625528827,0.9399048586036762,0.9883880331853732,0.8643285330496475,0.9655733010862089,0.964510512828171,0.9003870625528829,0.8328595305783378,0.9461962926741693,0.9008320583427127,0.988200196761553,0.9016110634666044,0.9216699761848408,0.8307792193442192,0.939628687177594,0.9432628256129656,0.9202538117870076,0.9432628256129658,0.7254260578853988,0.9949598499265346,0.8708552650198254,0.9839674685144806,0.9275522446953854,0.935005241301464,0.7968266435591356,0.9022812459376928,0.4232320307761679,0.9376530086096915,0.9721820378192461,0.9275522446953854,0.6500288760033341,0.9404006431802039,0.9462580354121286,0.7039396826820236,0.9103167944452419,0.944688486580157,0.9350052413014638,0.8490779672106863,0.921027683036411,0.990094017201337,0.9184817171461352,0.8832805675564117,0.9324454498571315,0.884234751678239,0.9312305546932762,0.9163339973465923,0.963255249286253,0.9462580354121286,0.8109472249678118,0.9818195492873296,0.8285544663617757,0.5889553901744097,0.9252037445446057,0.8877049890176525,0.9067968344885687,0.8507259614069198,0.8105280840668951,0.9400208327492238,0.9275522446953854,0.8823807664777303,0.9146842304664582,0.9517801630988367,0.7636811486269085,0.8749951932053408,0.8460362824838279,0.9275522446953854,0.9275522446953854,0.9370632386318549,0.8915313000367351,0.9836206585984131,0.9275522446953853,0.9432628256129658,0.9275522446953857,0.8070438511128337,0.844505367226349,0.7833141124744856,0.9758994362393925,0.8912369310715327,0.9655033215314222,0.9578121459404715,0.8112897802113501,0.9275522446953854,0.893007486903578,0.9919265098151697,0.7644049230703114,0.7682474225004414,0.5964209083688473,0.8988859854495858,0.9324454498571315,0.8342015154555682,0.9275522446953854,0.9553896756545784,0.9859275987813498,0.9240974349517947,0.8222900220483704,0.9299638429727952,0.9815241873347047,0.9944777937421575,0.9275522446953854,0.8481242132671176,0.9643637623654486,0.9275522446953854,0.9937053631834567,0.8115177595594623,0.9163410296045976,0.9461962926741693,0.8015796896953389,0.9275522446953854,0.7060164031772771,0.817394163510949,0.9376530086096913,0.8953406832036326,0.9673471562428746,0.897061449580068,0.869229441512487,0.9063858417099544,0.5008123449120355,0.8825982719080665,0.8380594322760746,0.8171848505343977,0.8126600587163886,0.9416467281107572,0.9202465243964859,0.9473606184418109,0.47778404797553353,0.902281245937693,0.9275522446953854,0.9404006431802039,0.8596424572452426,0.733216437185956,0.9142266602978066,0.0,0.9229124393123009,0.9742752531352845,0.9798175375448483,0.9229124393123012,0.9974846527946568,0.9274061806725941,0.9163339973465923,0.8738265260568804,0.9202538117870076,0.9404006431802039,0.8922965439848738,0.9432628256129658,0.9163339973465923,0.9741545378835919,0.9703232792288269,0.9529366743750114,0.9432628256129656,0.763456142963616,0.8808199067953635,0.8722512319713731,0.9042000439512239,0.9937166764217951,0.8538184918489035,0.9324454498571317,0.884234751678239,0.864917939476207,0.8796286875531772,0.9832318780369318,0.9400757463595386,0.877628358460068,0.8930282606473352,0.8769080618713376,0.8830170189819877,0.9512723397097897,0.9010098990098928,0.96725911770094,0.838877136017749,0.9906272620392718,0.9446884865801572,0.9081181966045122,0.9420869669601089,0.9142266602978069,0.7146771428667504,0.9061450951233825,0.7746197042620233,0.8780416307551022,0.9129884941708225,0.9317134318735507,0.933773058909052,0.9468476925571212,0.9122177014789303,0.9404006431802037,0.6993883784323667,0.8988287569352171,0.9376530086096915,0.7374193430362357,0.9652524543463297,0.9652524543463294,0.9883880331853732,0.998252218275079,0.996862998845963,0.9274448702638998,0.8757895304704917,0.5110567361597038,0.9252037445446055,0.9957416607434432,0.9854088830865437,0.9206732387984036,0.9135038592138272,0.9275522446953854,0.4521174331857045,0.9275522446953854,0.9275522446953854,0.805179966908441,0.9081181966045122,0.9492912834176326,0.9275522446953854,0.9984115251735206,0.8560378621213274,0.9735629864071064,0.9032510310536799,0.8930074869035779,0.7316969661009889,0.9202538117870074,0.8823144159937877,0.8375584557741425,0.9620019617019886,0.941289721956612,0.895920748243598,0.882520768375795,0.9944856699707003,0.863097401225789,0.7262443659576989,0.950957549186304,0.968640006673642,0.7674337682191601,0.9931284229919284,0.8481242132671174,0.5008123449120355,0.9983890748485313,0.9121566723282284,0.9420850922811461,0.9081181966045124,0.851134119432426,0.7330454845180796,0.8660034226470059,0.9081181966045122,0.784949469655224,0.9324454498571317,0.9121566723282291,0.9299638429727952,0.5929281499629584,0.7960489146933998,0.8595225698014133,0.9350052413014638,0.9976453864514686,0.9206732387984036,0.996427826685377,0.7897873815109785,0.9721820378192458,0.9925436664482359,0.8948378117301918,0.9462580354121288,0.9623678861544243,0.8700153915217446,0.8897181908471414,0.7779542772420378,0.9529366743750116,0.955692827909139,0.8572801817680795,0.9275522446953854,0.47778404797553353,0.8808199067953633,0.9275522446953857,0.8020592119962242,0.9121566723282282,0.9229124393123014,0.6489999945954286,0.6789909156351386,0.9473606184418111,0.8051716883851694,0.9432628256129656,0.7323079837512714,0.9142266602978066,0.8804850596986347,0.9229124393123009,0.9944777937421575,0.938282675520304,0.942085822740748,0.9061450951233825,0.9393895370660708,0.9458996263037884,0.9543309664209999,0.8986070543043336,0.884234751678239,0.8239901380012871,0.8495621944416533,0.8930282606473354,0.9961565139931364,0.9101213268023747,0.9299638429727952,0.9230632945815574,0.9182141149920251,0.9274415389579918,0.9252037445446055,0.7489409199093615,0.9185956778854968,0.9899835764925832,0.827507777577166,0.9324454498571315,0.9468476925571214,0.7692327388836034,0.9042000439512239,0.8293156601192901,0.6916327865581564,0.9299332923997008,0.8825982719080658,0.9142266602978062,0.9721820378192461,0.42440125609162394,0.9899835764925833,0.9275522446953854,0.9167630175479358,0.8316090579641471,0.729480438131658,0.9846889590045791,0.9275522446953853,0.8335250144394979,0.8351532582297649,0.953599605208904,0.8894628186153251,0.821243582460538,0.9519838068629043,0.8556474326498924,0.8815497271820087,0.9322580645161287,0.9880029397498307,0.7869816637136526,0.8705590463698816,0.4521174331857045,0.7113388711244844,0.9346355708099476,0.9324454498571317,0.9949598499265346,0.9262251883972947,0.8966666666666667,0.9686400066736423,0.9462580354121286,0.9163339973465923,0.8985159947466634,0.927406180672594,0.9384056664180462,0.8841614087310613,0.9404006431802041,0.9758994362393925,0.9529366743750118,0.9601362415450062,0.8224959708134416,0.9252037445446057,0.9350052413014638,0.9206732387984033,0.9252037445446057,0.9252037445446057,0.884234751678239,0.9275522446953854,0.9652524543463294,0.8970614495800681,0.9275522446953854,0.9832318780369318,0.8969739388800968,0.9438962066300457,0.5008123449120355,0.9513961626258347,0.929963842972795,0.9252037445446057,0.9156839457633896,0.8665410232336317,0.9473606184418109,0.8172393160370477,0.9275522446953854,0.9559597385843852,0.9839674685144804,0.9832318780369318,0.9137674449537108,0.8039787922191282,0.9404006431802037,0.9798175375448483,0.950107672001856,0.9735629864071065,0.9101213268023747,0.443934265232529,0.942085822740748,0.9210111257875064,0.7608559453572413,0.9449789998255371,0.997484652794657,0.998252218275079,0.9370632386318549,0.5008123449120355,0.9854088830865437,0.818883328634016,0.9275522446953854,0.927406180672594,0.8648359368509461,0.9432628256129656,0.9872488790222194,0.5889553901744096,0.9142266602978066,0.8351532582297649,0.9229124393123009,0.9723525242602797,0.7965986273826167,0.9275522446953854,0.9275522446953854,0.8774549020235316,0.7438194738564745,0.9182141149920249,0.7859911101509174,0.8015862253553034,0.8422950716387774,0.8988721758986078,0.7979692103946394,0.9042000439512239,0.8598191028367772,0.9275522446953854,0.8051628422065974,0.47778404797553353,0.9462580354121288,0.8455996574083993,0.4232320307761679,0.9383051485204811,0.9275522446953854,0.9275522446953854,0.8020071112067713,0.9757533722166009,0.8550599826572969,0.639263305157158,0.8648174809784437,0.8565016117177138,0.9678494623655911,0.5584794457895179,0.7856154486124909,0.8320209925611657,0.9275522446953853,0.9106086590743891,0.7610446756208029,0.4717918221625683,0.8860446315351703,0.9154821495364778,0.873558440020521,0.9027452369168487,0.9468476925571212,0.929963842972795,0.9010269583393473,0.9275522446953854,0.8171801236628649,0.9790111546477849,0.884359656598322,0.7939325855661878,0.9328144339468116,0.9163339973465923,0.9512723397097897,0.8450500412524607,0.9376530086096915,0.8125388029354919,0.8734748599134134,0.9206732387984036,0.9432628256129658,0.9906272620392718,0.9022812459376925,0.7965177700113666,0.9350052413014638,0.9721820378192463,0.8333906472419877,0.8985159947466634,0.9106086590743894,0.9210111257875064,0.9462580354121288,0.7746197042620229,0.9462580354121288,0.9462580354121286,0.7683307194142519,0.9846889590045791,0.9063858417099546,0.927406180672594,0.9432628256129656,0.6392633051571579,0.9121566723282284,0.7196633449625736,0.918481717146135,0.9252037445446053,0.9570057010001995,0.8487444917291,0.929963842972795,0.9983703494971228,0.9146842304664582,0.8334086066601551,0.9878767438551802,0.9275522446953854,0.9785613318267481,0.9275522446953857,0.8041033961762092,0.9961565139931365,0.9042000439512239,0.9061450951233829,0.8855347913425912,0.9275522446953854,0.8051716883851696,0.9623678861544241,0.7084209903088711,0.8069611937921386,0.8386387687222945,0.8176182142865036,0.47778404797553353,0.8529864984732081,0.9094884033092887,0.8069611937921386,0.9474249368874275,0.9866030402791095,0.891955108835082,0.9462580354121288,0.9866030402791095,0.9758994362393925,0.5089181807855575,0.9003870625528827,0.835863947734665,0.82532256770402,0.9122238630375763,0.9275522446953854,0.9252037445446057,0.840947965447465,0.8252844515670321,0.766294231592809,0.951063894924977,0.9593457337814402,0.9275522446953854,0.7814552560785282,0.937680433377298,0.9906272620392718,0.9275522446953854,0.8595225698014137,0.8639170600745976,0.4232320307761679,0.9081181966045122,0.9252037445446057,0.8700153915217446,0.9859275987813498,0.7621114662955945,0.8985159947466634,0.9880628110646263,0.9741545378835919,0.9502768986869877,0.9275522446953854,0.9965591397849463,0.9275522446953854,0.9404006431802037,0.8490779672106863,0.8350341233526903,0.9462580354121288,0.9998939897295667,0.8015796896953393,0.9512723397097895,0.7058794076888877,0.9275522446953854,0.8928624729464993,0.7873289520071476,0.6500267256924425,0.996862998845963,0.8791314954080314,0.9883880331853732,0.8930282606473352,0.9721384927792351,0.8328595305783377,0.8472070714583098,0.9385151422669767,0.8328595305783377,0.8894628186153251,0.9350052413014638,0.8297995438455981,0.8328595305783377,0.9462580354121288,0.9022812459376928,0.9798175375448483,0.8297995438455983,0.9252037445446053,0.9595492191461488,0.9832318780369318,0.8456737070075293,0.7746197042620235,0.9473606184418109,0.8774549020235318,0.9003870625528829,0.9252037445446053,0.9937166764217946,0.9633866379154017,0.705879407688888,0.9161955268153275,0.9773911848405065,0.9046783479507616,0.869229441512487,0.9003870625528829,0.929963842972795,0.4492903262546869,0.8879189920302848,0.9833293660239064,0.7118279569892454,0.9678494623655913,0.8861330274514618,0.47778404797553364,0.4521174331857045,0.9416467281107574,0.8948378117301918,0.9776400619758955,0.8825207683757945,0.3801285719622731,0.9032510310536797,0.9101213268023747,0.9595492191461488,0.5406286483205427,0.8106520233332453,0.9250896219463323,0.7232519921210512,0.8580690156021944,0.8528364516967404,0.8959207482435979,0.9167630175479358,0.8966384344705511,0.9022812459376917,0.9206732387984036,0.6139105950820147,0.864917939476207,0.8935376059910717,0.7821458599806042,0.6278543809695178,0.9339581025244248,0.9808396689061132,0.8335250144394979,0.912449014647278,0.9324454498571317,0.5216455167346217,0.8380594322760748,0.896666666666667,0.9324454498571315,0.8825982719080665,0.8518320507848003,0.970291878190125,0.9229124393123014,0.4826291849902652,0.8256889440796213,0.9782247305062935,0.8612222667022575,0.9839674685144804,0.8221273223112762,0.5542474244817741,0.4521174331857045,0.8472070714583098,0.9420850922811461,0.9703287678830982,0.9432628256129654,0.8365455300348619,0.9404006431802037,0.9187875660540299,0.4521174331857045
p157_W,0.7365745432840514,0.9375844381576608,0.8848712502248579,0.9175383063396303,0.9459533477380777,0.9599080294518358,0.713740941645762,0.761741694030365,0.9345566419027251,0.957673577027655,0.9360123464869743,0.9442013463068033,0.9442013463068033,0.9175383063396303,0.9048766089350637,0.594335487418434,0.9408215498230332,0.9271009640247971,0.9555383641697377,0.957673577027655,0.8803223329648369,0.934468117552512,0.9314553797224701,0.947752420917731,0.9329497321807898,0.9271009640247971,0.9408215498230332,0.9110906193450528,0.957673577027655,0.7594661760243927,0.9201981569430595,0.9515133476881703,0.9391866557097985,0.9554302009938862,0.9459533477380777,0.9555383641697377,0.947752420917731,0.9391866557097979,0.9599080294518356,0.925687886831601,0.8929489608197005,0.9285324039439793,0.9599080294518356,0.9073379150848058,0.9980965995557116,0.8376815732022682,0.9496037211238537,0.8941182576784144,0.925687886831601,0.8848712502248577,0.9515133476881703,0.8399534088511567,0.9271009640247971,0.18793721391370066,0.9951011472655118,0.924292054060027,0.9242920540600268,0.06018876900102055,0.7755087161183696,0.9424920127795524,0.9000373939808761,0.8480962071381712,0.9271009640247971,0.9287407729092754,0.9534886050081051,0.8131962973777598,0.9515133476881703,0.6541599652149938,0.7550655184575044,0.9555383641697377,0.9162269502513478,0.925687886831601,0.9459533477380777,0.8155897859167087,0.06018876900102055,0.8791909353978862,0.9344681175525122,0.9894969760647814,0.8394320005991049,0.9599080294518358,0.9360123464869743,0.9299834289466344,0.35713024509717584,0.9271009640247974,0.06018876900102055,0.9123594767995962,0.9607441863599593,0.792136922033998,0.8871620821950175,0.09008077800964032,0.06018876900102055,0.9531644691774956,0.8203324548260424,0.8456018749230438,0.35713024509717584,0.528978751236072,0.8825917972400852,0.9136668681404592,0.8083612831931015,0.8344223133664419,0.9706982209232329,0.9496037211238535,0.9459533477380777,0.8489732636249694,0.6129761647399181,0.9555383641697377,0.901237634194086,0.7843401014318692,0.9329497321807898,0.8179682595223983,0.9310287774772665,0.9285324039439793,0.7946893783415643,0.9036569103682488,0.9496037211238537,0.822764190212065,0.9375844381576608,0.9555383641697377,0.9599080294518356,0.878518092076586,0.9073379150848058,0.8780615512279368,0.9329497321807898,0.9201981569430604,0.9271009640247974,0.7932320440185787,0.947752420917731,0.6403920386762305,0.9954412864629744,0.9098310498422768,0.8646144802620159,0.9496037211238537,0.9515133476881703,0.9599080294518358,0.9980965995557116,0.8354015438796938,0.9032962680264434,0.9515133476881703,0.9515133476881703,0.11750088746893528,0.792136922033998,0.957673577027655,0.8131962973777598,0.8634987624252985,0.9136668681404594,0.9048766089350637,0.920376705497234,0.8319645762487431,0.9256878868316012,0.7429069381436557,0.9576735770276548,0.9000373939808766,0.8760865533227364,0.873561175384445,0.9515133476881705,0.9256878868316012,0.8883122254108782,0.9085802966718615,0.8870892228408599,0.5943354874184339,0.7198976518802773,0.9496037211238535,0.9299834289466347,0.7267226478792872,0.8906229438722484,0.9110906193450523,0.8523344596018207,0.9645325849988502,0.9215480977067743,0.8354015438796938,0.9608634184056342,0.9442013463068037,0.9242920540600266,0.686111198752112,0.8444753756217378,0.8701999879391749,0.9555383641697377,0.6129761647399181,0.9149270915494645,0.5902909832316336,0.9061034849845078,0.9149927351303693,0.9706982209232327,0.9442013463068033,0.6163713018450958,0.8736582841643712,0.8489732636249694,0.8952920587572564,0.18793721391370077,0.9933710628742858,0.9424920127795524,0.8976541691085209,0.8381840243077952,0.7763145111532377,0.9375517053100484,0.06018876900102055,0.947752420917731,0.9424920127795526,0.5289787512360719,0.8250209201611334,0.8848712502248581,0.9442013463068033,0.06018876900102055,0.8601523251100109,0.8297343501202494,0.957673577027655,0.06018876900102055,0.703545678066678,0.909831049842277,0.879190935397886,0.6514802883117783,0.898843003506523,0.9442013463068035,0.06018876900102055,0.6248003726236018,0.06018876900102055,0.7997298457662128,0.8566623054005467,0.8250209201611334,0.06018876900102055,0.6403920386762305,0.06018876900102055,0.7413573066458357,0.9390736794276016,0.9110906193450523,0.8679639303639393,0.9496037211238535,0.8098383097811255,0.11750088746893428,0.9314553797224701,0.9607441863599597,0.9000373939808766,0.7932320440185793,0.913638123172289,0.9515133476881703,0.5343820457471007,0.88373019034314,0.8964706102804101,0.8906229438722484,0.909831049842277,0.9098310498422768,0.9408215498230332,0.8780615512279368,0.9424920127795529,0.06018876900102055,0.9696933196761026,0.06018876900102055,0.7164019795562557,0.909831049842277,0.9515133476881705,0.968640006673642,0.8098383097811254,0.947752420917731,0.9085802966718615,0.9329497321807896,0.8860151533715295,0.9894969760647814,0.8523344596018207,0.9496037211238537,0.8634987624252985,0.9254766905970764,0.8342582334437214,0.09008077800964032,0.9534886050081051,0.817968259522398,0.9599080294518356,0.8784208915445282,0.8226831008260223,0.2926766727788924,0.8932444491995202,0.8668469482494165,0.9515133476881705,0.8675946766762876,0.8111356819221288,0.7904356987130701,0.9555383641697377,0.8456324037363958,0.9085802966718612,0.9299834289466349,0.9316215436119188,0.9555383641697377,0.8422177685448577,0.8022195458125898,0.9534886050081051,0.9273191685398661,0.9608634184056339,0.9496037211238533,0.955430200993886,0.7946893783415643,0.9424920127795524,0.9496037211238537,0.9496037211238533,0.7856547619036145,0.9555383641697377,0.7856547619036143,0.6860748316018368,0.878061551227937,0.8627424103544836,0.9555383641697377,0.9459533477380777,0.9728091693196086,0.9424920127795529,0.9515133476881705,0.8164349099391168,0.891783931888013,0.9496037211238537,0.9256878868316012,0.9110906193450528,0.7617512826831676,0.9421708749432602,0.9097318037088531,0.6928234924637204,0.8057511976033918,0.7273031345119886,0.864614480262015,0.9576735770276548,0.8976541691085209,0.957673577027655,0.913638123172289,0.9098310498422768,0.9036569103682488,0.9180060542094439,0.06018876900102055,0.9515133476881701,0.8964706102804101,0.9271009640247971,0.9555383641697377,0.9534886050081051,0.9442013463068035,0.06018876900102055,0.9843238957181939,0.9555383641697377,0.9599080294518358,0.9048766089350637,0.8394320005991047,0.9299834289466349,0.9515133476881705,0.8784208915445282,0.8179682595223983,0.9329497321807898,0.9391866557097985,0.830814051878261,0.9496037211238537,0.9972222788154832,0.7997298457662128,0.9375844381576606,0.9437480193578955,0.9599080294518358,0.8039127449891679,0.9136381231722888,0.8170840981467904,0.9408215498230332,0.09008077800964032,0.9162269502513478,0.9110367363125387,0.7946893783415643,0.7959573902797019,0.8071419677837106,0.06018876900102055,0.8444753756217376,0.912359476799596,0.9149270915494645,0.912359476799596,0.9644928340620881,0.8639560978502498,0.06018876900102055,0.06018876900102055,0.925687886831601,0.8976541691085209,0.8500946683680415,0.06018876900102055,0.957673577027655,0.9459533477380777,0.9175383063396302,0.8906229438722484,0.7763145111532377,0.9459533477380777,0.9188618095812562,0.9607441863599593,0.8215094261899891,0.9610997902331808,0.06018876900102055,0.8735611753844457,0.9519642373961463,0.7890019507934143,0.9949273923940903,0.918861809581256,0.8621035309917526,0.9496037211238537,0.783019091133933,0.06018876900102055,0.8111356819221285,0.9749771166196228,0.8500946683680417,0.8468653629698404,0.947752420917731,0.8203324548260424,0.9391866557097981,0.06018876900102055,0.8894657784451026,0.7502552768256681,0.06018876900102055,0.9933710628742859,0.7816916104563958,0.8319645762487431,0.8306315975793839,0.7895618251049052,0.06018876900102055,0.8083681571100794,0.8467269607313443,0.9534886050081051,0.6645374445673147,0.7345768080340043,0.9012376341940858,0.9024440319654485,0.8894657784451026,0.9496037211238537,0.891783931888013,0.879190935397886,0.9314553797224701,0.8433473706866228,0.8969845146010971,0.8623832375707348,0.2618506003001947,0.9515133476881703,0.9271009640247969,0.06018876900102055,0.9555383641697377,0.8952920587572566,0.8009771539783099,0.9360123464869743,0.9229124393123009,0.0,0.7585173262413711,0.9477524209177313,0.11750088746893583,0.9360123464869743,0.9459533477380777,0.9375844381576608,0.8713193097015215,0.8976541691085209,0.9555383641697377,0.8651692889773959,0.9644928340620883,0.9375844381576608,0.9314553797224701,0.8151176594087008,0.9344681175525122,0.9576735770276548,0.8137954530863194,0.9519642373961461,0.5687829981540427,0.2926766727788924,0.934468117552512,0.9330819649782565,0.9496037211238537,0.955430200993886,0.8929489608197005,0.8690815696440013,0.9299834289466347,0.8929489608197005,0.9360123464869743,0.9201981569430597,0.6906103956635765,0.7846547952584433,0.8988430035065227,0.9980965995557116,0.8022195458125898,0.917667850833811,0.9175383063396303,0.9795036960805317,0.2618506003001957,0.8059182346808624,0.9360123464869743,0.842217768544858,0.9795036960805317,0.909831049842277,0.7649227650741166,0.9496037211238537,0.8354015438796938,0.7234643607224283,0.9123594767995962,0.9287407729092756,0.970134355730177,0.7670059643554636,0.8848712502248579,0.9534886050081051,0.9519642373961463,0.9408215498230332,0.9408215498230332,0.9799008321613357,0.9555383641697377,0.9201981569430604,0.8143949648862083,0.9073379150848064,0.9442013463068035,0.9442013463068033,0.7215550284008245,0.9390736794276016,0.14277765445410762,0.8634987624252984,0.06018876900102055,0.9534886050081051,0.06018876900102055,0.06018876900102055,0.8071419677837104,0.26185060030019536,0.9136381231722888,0.06018876900102055,0.7434229768984779,0.8554431226947277,0.4431028796491825,0.9015426796683599,0.8735611753844457,0.8203581350519382,0.9345566419027251,0.5177477145540507,0.8296609453116082,0.9391866557097981,0.8791909353978858,0.47631614527644295,0.9123594767995955,0.7565415109136848,0.6835195578063848,0.9201981569430602,0.9391866557097979,0.9424920127795524,0.7708237674759129,0.9534886050081051,0.8894657784451026,0.9496037211238537,0.8941182576784141,0.934468117552512,0.9285324039439793,0.9314553797224701,0.8388184704910295,0.918861809581256,0.9000373939808761,0.9314553797224698,0.7468250682448045,0.9842011665427951,0.227230313747264,0.947752420917731,0.9085802966718615,0.877301842630059,0.8578802781954207,0.49980009110787627,0.8478507258139238,0.6009780523155426,0.8185133723218974,0.8825917972400854,0.9350839192327519,0.7623554974216562,0.9215480977067743,0.9599080294518358,0.793415925129959,0.8651692889773959,0.81063855213682,0.8177473260356312,0.9868619655962765,0.9012376341940858,0.8746839826578146,0.06018876900102055,0.9515133476881703,0.911090619345053,0.9919305345581159,0.8523344596018207,0.9344681175525125,0.998757543485978,0.9215480977067743,0.8203324548260424,0.9818737559710531,0.792136922033998,0.9576735770276552,0.7803575371163458,0.9894969760647814,0.8579208771607552,0.05875044373446936,0.9391866557097979,0.7508613366580396,0.9098310498422768,0.9299834289466349,0.8199363790756027,0.9045724413118068,0.7687312965384795,0.8545708706492459,0.9136381231722888,0.7354475081798952,0.882174077350171,0.9201981569430604,0.957673577027655,0.9329497321807896,0.9477524209177313,0.8285051677670636,0.9330819649782565,0.5642000126171937,0.09008077800964032,0.7830190911339326,0.830814051878261,0.9599080294518358,0.8713193097015208,0.9496037211238537,0.912359476799596,0.9519642373961466,0.9772068366488,0.9316215436119193,0.9201981569430602,0.9329497321807898,0.5396522816823415,0.9360123464869743,0.9442013463068037,0.9515133476881703,0.9599080294518358,0.06018876900102055,0.9972222788154832,0.8568046890338217,0.7946893783415645,0.9149270915494645,0.06018876900102055,0.8758082204608499,0.8406771976301872,0.9000373939808759,0.3892599006043088,0.8976541691085207,0.8848712502248579,0.8735611753844454,0.7722075708723513,0.9229124393123009,0.9000373939808763,0.6959839224163822,0.8837301903431398,0.9534886050081051,0.8964706102804103,0.924292054060027,0.9842011665427951,0.909831049842277,0.9599080294518354,0.9229124393123014,0.9424920127795526,0.9599080294518358,0.9375844381576608,0.924292054060027,0.9459533477380777,0.686111198752112,0.8769340287666245,0.9555383641697377,0.9459533477380777,0.934468117552512,0.7932811650657745,0.8164349099391168,0.09008077800964032,0.9799008321613357,0.08550260472142823,0.09008077800964032,0.09008077800964032,0.4176886316821615,0.06018876900102055,0.9980965995557116,0.4177135516026307,0.06018876900102055,0.9299834289466347,0.5393295813154568,0.970134355730177,0.9496037211238537,0.9534886050081051,0.947752420917731,0.09008077800964032,0.7830190911339325,0.8489732636249694,0.9314553797224701,0.830814051878261,0.06018876900102055,0.901237634194086,0.9496037211238537,0.9299834289466344,0.8338539721527618,0.9024440319654485,0.9555383641697377,0.9881959173184502,0.9329497321807898,0.909831049842277,0.6560569595199766,0.9459533477380775,0.4431028796491824,0.9162269502513478,0.9646668607340487,0.7209806300972039,0.9360123464869743,0.9555383641697377,0.925687886831601,0.9496037211238537,0.9390736794276016,0.8319645762487431,0.06018876900102055,0.9459533477380777,0.874683982657815,0.957673577027655,0.8273466303940551,0.9408215498230332,0.9360123464869743,0.81319629737776,0.0,0.7413405382391172,0.824169289955148,0.06018876900102055,0.06018876900102055,0.45099807789715785,0.7354475081798957,0.9330819649782569,0.8473003449739176,0.8354015438796938,0.8034571229302205,0.8296609453116082,0.8406277147443204,0.9285324039439791,0.8009771539783097,0.06018876900102055,0.9662311315641035,0.9515133476881703,0.9599080294518356,0.8203324548260424,0.9555383641697377,0.8203324548260422,0.06018876900102055,0.06018876900102055,0.8127571370256816,0.9459533477380777,0.794693184081458,0.934468117552512,0.8478507258139238,0.8929489608197005,0.6655394544356327,0.9287407729092754,0.8238535688751862,0.8700195781003908,0.06018876900102055,0.9098310498422768,0.8059182346808622,0.947752420917731,0.970134355730177,0.5902909832316341,0.7721442639654235,0.4731808242996284,0.9123594767995962,0.947752420917731,0.8797354478006452,0.06018876900102055,0.8155897859167087,0.9536828573969374,0.8929489608197005,0.864614480262015,0.887071386307005,0.9375844381576608,0.8988430035065225,0.8444753756217382,0.9534886050081051,0.8601523251100107,0.8534530388405703,0.9980965995557116,0.957673577027655,0.9608634184056339,0.3068805944579903,0.8280868502882601,0.9799008321613358,0.09008077800964032,0.8679639303639393,0.924292054060027,0.9098310498422768,0.998190088431356,0.9599080294518358,0.9098310498422768,0.9599080294518356,0.9599080294518358,0.8964706102804103,0.36629624801335214,0.9245106322139443,0.9459533477380777,0.957673577027655,0.934468117552512,0.9344681175525122,0.8215094261899891,0.9391866557097985,0.9442013463068033,0.9828956122135615,0.5595142023464725,0.9477524209177308,0.8068906247868051,0.4264664336429419,0.748993339088329,0.782100058434301,0.06018876900102055,0.8848712502248579,0.9459533477380777,0.7696168576271617,0.957673577027655,0.9285324039439793,0.9299834289466344,0.876086553322736,0.06018876900102055,0.7771733827750995,0.8203581350519382,0.9299834289466344,0.8203581350519382,0.8155897859167087,0.8009771539783097,0.9515133476881703,0.7508613366580397,0.6791710386208469,0.8203581350519384,0.7804688175477101,0.9314553797224696,0.712239433778002,0.9599080294518358,0.9314553797224698,0.9919305345581159,0.8917839318880132,0.925687886831601,0.8285051677670636,0.4445250051583578,0.7984775184678075,0.9459533477380777,0.09008077800964032,0.8886615438957013,0.852334459601821,0.5498165612534267,0.8156484041651737,0.7901005262017793,0.06018876900102055,0.9847548676209205,0.8545708706492452,0.9175383063396303,0.06018876900102055,0.8296609453116082,0.9391866557097981,0.9555383641697377,0.211432224051613,0.09008077800964032,0.9058174186634923,0.9271009640247974,0.8906229438722484,0.9828956122135616,0.9024440319654485,0.9314553797224703,0.8280868502882601,0.06018876900102055,0.9856324259650171,0.06018876900102055,0.9555383641697377,0.8226831008260223,0.8769340287666243,0.9599080294518356,0.9215480977067743,0.789561825104905,0.8988430035065231,0.9175383063396303,0.06018876900102055,0.8215094261899891,0.8369331581733883,0.8410864781348422,0.9201981569430604,0.40266125024239996,0.9799008321613357,0.36830258240112956,0.918861809581256,0.4349314918374444,0.8860151533715295,0.8084546019152599,0.4349314918374444,0.9175383063396303,0.9515133476881705,0.878061551227937,0.4349314918374444,0.9599080294518356,0.9271009640247974,0.947752420917731,0.8780615512279368,0.9442013463068035,0.9188618095812564,0.9299834289466347,0.8848712502248579,0.9502726792490608,0.9677078677803636,0.9085802966718612,0.925687886831601,0.9442013463068035,0.934468117552512,0.7670059643554633,0.9175383063396303,0.8952920587572564,0.8226831008260223,0.42678074482335315,0.9024440319654485,0.925687886831601,0.947752420917731,0.9496037211238537,0.8952920587572564,0.8871620821950177,0.9229124393123009,0.968640006673642,0.8941182576784144,0.9515133476881703,0.9534886050081051,0.6029513142966232,0.9215480977067743,0.8883008446412402,0.912359476799596,0.9201981569430602,0.6619925029686105,0.9329497321807898,0.9188618095812568,0.9919305345581159,0.8542226146787633,0.8701999879391749,0.9073379150848062,0.8941182576784144,0.6983871430419376,0.9534886050081051,0.955430200993886,0.6275172927294357,0.9271009640247971,0.9408215498230332,0.9666307012815272,0.8929489608197008,0.6406778122004788,0.7711616901616505,0.9360123464869743,0.6815107590733192,0.9442013463068033,0.8758082204608499,0.6960673847868173,0.9496037211238535,0.947752420917731,0.879190935397886,0.9229124393123014,0.9496037211238537,0.8917839318880132,0.854570870649245,0.6901593365439136,0.9424920127795526,0.9424920127795526,0.8215094261899893,0.9709760367855709,0.8964706102804101,0.9496037211238537,0.8500946683680417,0.9795036960805317,0.9534886050081051,0.8860151533715295,0.9285324039439791,0.9881959173184502,0.957673577027655,0.9110367363125387,0.9555383641697377,0.7018118117271226,0.9534886050081051
p158_L,0.8975975159831979,0.783640923356562,0.9604976987014799,0.9514327974508134,0.9119538708281425,0.8503422854230378,0.9896807376548151,0.9409961476050734,0.6353761089985056,0.8777627336524751,0.9567845084683833,0.9848534220450091,0.874666228570241,0.8723393458208955,0.8406015434376739,0.9969991518057082,0.9330309441919717,0.7254502759324906,0.8682040520995337,0.8380544030567041,0.8829893739321417,0.8035724714228701,0.9793529431839627,0.8929600567640401,0.8673230773195616,0.7282888520649473,0.9362688348619355,0.7991962803596376,0.8380544030567039,0.8209671124125786,0.7634464105179184,0.8818837573472099,0.7928404804073246,0.7162571955462158,0.96865283727928,0.9621829667377355,0.8929600567640401,0.9519685966854344,0.8505681838601363,0.9328833498710201,0.9089472837909882,0.933154360007364,0.8877284767626414,0.9259096512616021,0.8807508558135346,0.779774303825683,0.872583934455301,0.6711787717328581,0.7445279106416736,0.9137446770215866,0.9131859801799352,0.7669022443058104,0.7501392869450498,0.8335293624850735,0.9774876889761587,0.9296148191040328,0.7813580335258906,0.7478523304650295,0.943199318070959,0.8392815750630273,0.6959021937747059,0.7484893500484218,0.9658050596136161,0.9906232975177711,0.859170821160427,0.9183055485565197,0.8818837573472101,0.9415033870349214,0.8290491487927362,0.8604151780400968,0.9802341739151024,0.9595870702998782,0.9746481962695819,0.7027273524861771,0.7478523304650295,0.8903667635188821,0.8616554920098547,0.9323743929445519,0.7375528188473721,0.9998870507814515,0.9943952604839541,0.8767539430349807,0.8397475230941311,0.8784033200932067,0.7478523304650295,0.874021209496304,0.9812169336410246,0.9746499949302172,0.7214780951385719,0.7672253926367623,0.7478523304650295,0.9927492796186268,0.9765716106894419,0.9187980232504689,0.7574456303775414,0.719950109037071,0.9449270289992122,0.9134259297108931,0.5974143168143637,0.7169460495383038,0.9296148191040328,0.8253049072689449,0.911953870828142,0.9021892742466615,0.8227685351068792,0.8342814558669874,0.9945221784055336,0.6609029029179974,0.9611107151353122,0.637171051482711,0.9308698778050633,0.933154360007364,0.6163021796695289,0.8869936887558382,0.8725839344553008,0.7247917554167491,0.90836202117784,0.9021266483320798,0.8129560940834339,0.6258668449318365,0.9294065408775736,0.9217506099639929,0.9845576245892496,0.9727147881494231,0.7691511456926947,0.8475369365793294,0.8637272009793018,0.7332636981005081,0.8223189893741467,0.9961523940775896,0.5948082851312793,0.9632172819380274,0.9303029056564402,0.9627267578789453,0.8317086581050612,0.7664055189836798,0.9834217820648568,0.93030290565644,0.8818837573472097,0.7853307328210779,0.9639235652594008,0.8422398757411216,0.6800048040629905,0.9579549371726004,0.9648278471741015,0.680935100230152,0.8888015557619654,0.580703762295656,0.9328833498710198,0.7000309027059153,0.9488084494751807,0.7472662219396512,0.9549029572020087,0.8824506538600924,0.8990006828237154,0.7660338266074941,0.8443429082521243,0.9388496967708038,0.7823802164344762,0.9578517230892629,0.8298477346804694,0.9461493705792463,0.8541531425610629,0.9270044142380987,0.9084329271986311,0.8365053071353656,0.8445581137472965,0.876276878300275,0.9426248889898698,0.855661997740464,0.7932458941909779,0.9297598253076251,0.738998951932136,0.9017720289595395,0.7000222312124154,0.8357514161048276,0.894337774272643,0.9072779442972123,0.9337728257366459,0.7390381510282638,0.8828551946166552,0.7112198303514576,0.9221283953178252,0.8746662285702409,0.9499753698845639,0.9137287275277557,0.6123827340512222,0.9757552645278429,0.8085851429208177,0.7216014485743363,0.9465352013818538,0.9385339575314251,0.9049934678062674,0.7879776435700367,0.8247002100191316,0.7478523304650295,0.8344943451945636,0.7856547619036139,0.983842319445597,0.8349183078722981,0.7423169308619795,0.9297598253076251,0.7478523304650295,0.8785115220617363,0.6538846437851669,0.8777627336524756,0.7478523304650295,0.9995004534593004,0.7562067667713191,0.6859131215073913,0.8764696059700834,0.9285941991601008,0.8195726318328569,0.7478523304650295,0.7137106941944384,0.7478523304650294,0.6861033298568406,0.8038994910221364,0.7966088616739323,0.7478523304650295,0.746882349331224,0.7478523304650295,0.8888489786509448,0.7182312911265447,0.9209860188224002,0.988434834903237,0.9632172819380277,0.7371716533413011,0.7317039196616639,0.8135508202672987,0.9333923569885569,0.9274282663490239,0.8596278178177194,0.9832889087547527,0.7737917914928159,0.6149136343745673,0.9848385841579349,0.8177632970170858,0.9567464783632216,0.7746641227179554,0.7377494108246827,0.9101287906727167,0.9969991518057082,0.8660949816427339,0.7478523304650295,0.9347279620617983,0.7478523304650295,0.6459043014950516,0.8192740464560508,0.9616051284891651,0.9742752531352845,0.7736582391419564,0.8637272009793018,0.8054007498319977,0.9845576245892497,0.9985786308789344,0.9811946239922146,0.6402783452865564,0.8423728186277255,0.9430426130600369,0.9579549371726004,0.8502443114148076,0.7396785942680697,0.9567586610681005,0.8830494579316646,0.8505681838601363,0.7079574069755474,0.9369034292439276,0.8887248282050297,0.881448532726955,0.937541551737048,0.9616051284891651,0.8720394481911703,0.9177196300717347,0.6182319975137851,0.8342814558669874,0.7002999318229246,0.8236685750746541,0.9198388526997605,0.9413417660374049,0.8342814558669874,0.9680751163962774,0.7211558919930794,0.9456534990242262,0.8194939834394916,0.9514327974508132,0.8121617028001504,0.9785637036440276,0.6655332983939737,0.8392815750630273,0.8121617028001499,0.9461493705792463,0.8566252587991716,0.894337774272643,0.5926870748299307,0.8386453762203652,0.9277523063525766,0.8247548170817918,0.9961055629702817,0.9119538708281419,0.9328833498710201,0.9193977657196128,0.9757904258453851,0.6449153815450239,0.8723620594082179,0.9159382547516708,0.7178241902128166,0.985741414238279,0.8519968014691823,0.9924591653211132,0.7508677200752769,0.9324072488357829,0.9938439720524052,0.8841457533396848,0.922291412090728,0.9801458347021141,0.6859024170873248,0.8735772609680563,0.849773052150484,0.8669509024511367,0.9397264270384756,0.9763604864068216,0.7478523304650295,0.819279311681759,0.9848556756523892,0.9904940706261791,0.8342814558669874,0.9131242190550017,0.8774125861115307,0.7478523304650295,0.9142168962274368,0.8682040520995337,0.8129560940834346,0.9465098656189639,0.698925375866714,0.9650404536475957,0.975790425845385,0.8097111946503829,0.9588041143399209,0.8513140092331875,0.773334950650365,0.9335477741958387,0.8423728186277255,0.773478276948045,0.9802111056053437,0.7923073440510906,0.8051201116137803,0.8877284767626414,0.764059945826222,0.8831952346409784,0.6790429738482108,0.8839887464834983,0.7396785942680699,0.9021149090303129,0.94280201472092,0.7147644171184184,0.7076382209002046,0.9219861935870357,0.7478523304650295,0.6334275689262376,0.8996613975228368,0.950446216440272,0.9939603112648614,0.8777627336524756,0.8035333793575876,0.7478523304650295,0.7478523304650295,0.8305515745049553,0.972218162923972,0.9229195650345485,0.7478523304650294,0.8380544030567041,0.826905421151435,0.9316594345433339,0.9728509954180853,0.6904554619083132,0.8612502633673056,0.7776926150971766,0.8138309153573866,0.9797495099065168,0.8611700272384168,0.7478523304650295,0.9259528171853542,0.9582950455981285,0.7223106978352929,0.7938814865817825,0.8818273481994521,0.9559665126357477,0.81216170280015,0.6801311806650499,0.7478523304650295,0.91106921849244,0.7473007108125924,0.6982991670652376,0.8824596711108367,0.9514257683335167,0.9980859159060003,0.7673213881165983,0.7478523304650295,0.9481514252395502,0.876367691233606,0.7478523304650295,0.9218838231057309,0.699324165849045,0.9405863446154001,0.901605974850145,0.6449153815450239,0.7478523304650295,0.7925585651193023,0.8977017709600326,0.9781827789934505,0.928349039430743,0.9371642116617263,0.9882096411395296,0.7234877407867077,0.843922743265374,0.9027950502828763,0.9696706774563099,0.6253816765111444,0.8873101713845235,0.5887606190062636,0.8443007334843526,0.9941277449807322,0.8182780925349444,0.8818837573472098,0.8593914613455645,0.7478523304650295,0.9360492445646259,0.7933687317713869,0.7778515786059437,0.9079642774207208,0.9742752531352845,0.7585173262413711,0.0,0.7562456738191012,0.7317039196616644,0.7014738741979794,0.8836043876025731,0.8335293624850733,0.9834217820648568,0.8425187074170211,0.9961055629702817,0.5736684058553698,0.9132855915638283,0.9419726614366257,0.7952673995850845,0.6520045244691988,0.9709584897065074,0.8422398757411229,0.8755780520592171,0.7805417669717729,0.9304119173787686,0.6887919350945251,0.7899186270311527,0.9315981350299591,0.9461493705792463,0.9022689284415883,0.9440358915008022,0.9168384684757953,0.9876412541215134,0.7806838640472344,0.9943952604839541,0.7837417029281227,0.7591090993789329,0.8033983254983657,0.8167148517234484,0.9068909000027532,0.6716068919929239,0.9532055066602927,0.8903802992893513,0.8541531425610631,0.7952673995850845,0.9151785459541693,0.9455750294362917,0.7670843705001594,0.9445563444567335,0.8854082583977732,0.8176213524362459,0.8555160230965204,0.9618878379194675,0.8049627333136211,0.8996613975228367,0.9767062969915156,0.969971840797172,0.8195476856426924,0.7734856119819083,0.8591708211604272,0.8090589384952143,0.8578487022942797,0.8023307232458792,0.9303029056564402,0.9021266483320798,0.7494665716371758,0.8752512766368562,0.9294065408775738,0.8471194302015487,0.9848534220450093,0.8878253002569502,0.9018687388648456,0.7239105906782226,0.8298969561830513,0.7478523304650295,0.8591708211604271,0.7478523304650295,0.7478523304650295,0.6795942126202354,0.887310171384524,0.9832889087547527,0.7478523304650295,0.7251510976566713,0.5360053189134243,0.7269872667228706,0.9198785323078544,0.9406910117203195,0.7985786151607195,0.9940976316834813,0.7007986319723738,0.5840536702246504,0.9969932187331172,0.9431717627414389,0.8805949390857779,0.748783135535598,0.9587734649865705,0.6967082184537242,0.8649228725689423,0.9714741264423927,0.9197217948021471,0.9979404665351863,0.8805949390857775,0.875911332726155,0.9027950502828764,0.9338777995773662,0.8513970480753377,0.9335570445856329,0.8825828991168784,0.8195061859912042,0.8578055649097349,0.6787808510530572,0.8365615132171589,0.8732589112248841,0.9330061661104523,0.8138309153573875,0.9514257683335166,0.8784720508026261,0.6614081441744093,0.7719882607592554,0.805094014325541,0.8815862495097839,0.9885489232403726,0.720900319234915,0.8833420512922507,0.8498657877428386,0.8074398474933543,0.9956486914726876,0.9627267578789453,0.9092452152042859,0.6389937265024727,0.9013094863347377,0.8712075926241509,0.9094800686623228,0.9709414606845927,0.8588060993304067,0.7478523304650295,0.8818837573472098,0.8551598205232314,0.8836043876025731,0.8422129079462357,0.8513970480753374,0.8660949816427339,0.8927713255769505,0.9347297323946056,0.8182780925349442,0.6429472199541535,0.9091001188794083,0.8176213524362459,0.9455750294362917,0.8309359334897347,0.7317039196616644,0.8693977572794953,0.8924896259946866,0.9592376821843175,0.9650404536475957,0.9695683598929974,0.8911848160530622,0.8252273155764962,0.8556529604860404,0.9832889087547527,0.7738318234529796,0.8149756054848036,0.9321242033290145,0.8025315451453516,0.9142168962274368,0.8344943451945639,0.7653471636780427,0.8480519457123075,0.9672137522740863,0.7672253926367618,0.8310008558125289,0.9722725747965031,0.9253405665393422,0.9727958498245125,0.9461493705792463,0.9562407457680515,0.9769495589859927,0.7110067009956924,0.9923358584147934,0.9930100805596276,0.961110715135312,0.7384034683994158,0.8235244518171347,0.9848534220450093,0.8818837573472098,0.8503422854230382,0.7478523304650295,0.9260678273529234,0.8292292417817793,0.7763033155239739,0.9697430427441189,0.7478523304650294,0.6264484971731603,0.7932251291618397,0.9959136372356188,0.9712061603582929,0.9098871182021144,0.8524902145789464,0.8824506538600918,0.8694020608342412,0.9422454212547077,0.918479649156138,0.7246115703257996,0.7673377791149762,0.8591708211604271,0.9681464377888591,0.802537574322768,0.8857271389240957,0.9961523940775896,0.8877284767626408,0.849056264720272,0.8929083882224405,0.8503422854230378,0.91702844187237,0.993153441494665,0.8329007801417363,0.7982671872105784,0.9497574944642639,0.9961055629702817,0.9119538708281419,0.8513970480753378,0.9331091968662506,0.7552980465118792,0.7396785942680699,0.9444882030126602,0.750050634867441,0.7396785942680699,0.7672253926367623,0.8641215408403687,0.7478523304650295,0.8839887464834982,0.8846005584099086,0.7478523304650295,0.9897579454045689,0.7828267564104188,0.9621829667377353,0.9027950502828763,0.989287941037325,0.9221929125487784,0.7672253926367618,0.8798876521647709,0.7337397319767509,0.7675294343675796,0.7695620878657334,0.7478523304650295,0.9018687388648456,0.7950937914413698,0.9198388526997606,0.7795228402151425,0.7409079078593377,0.7925699855750041,0.8731770969580541,0.8673230773195619,0.8931034702425946,0.9216547375949999,0.8836043876025736,0.9484755380825023,0.9216447252515103,0.9727147881494229,0.7848756839741953,0.9079642774207209,0.8604151780400968,0.9810929862656985,0.9027950502828765,0.9018687388648456,0.6195180779515164,0.7478523304650295,0.8895997465928747,0.8893720055609398,0.8777627336524754,0.9254245836944426,0.9624088790511539,0.7747042207694728,0.7427155262981298,0.7585173262413711,0.9274525050897535,0.65708767810854,0.7478523304650295,0.7478523304650295,0.9023140462854897,0.9854146792037214,0.8344725348806161,0.78628232626699,0.5689545966346443,0.901605974850145,0.8879007131821528,0.6835620217848595,0.9335570445856328,0.7159879344183,0.7478523304650295,0.8351419424049222,0.8818837573472098,0.8505681838601363,0.8587023121809321,0.8342814558669874,0.7738318234529795,0.7478523304650295,0.7478523304650295,0.7480019339293826,0.997002320504849,0.6951133519701076,0.8513970480753378,0.8815862495097839,0.8436064728095618,0.807316601915268,0.9089472837909878,0.6748114289559289,0.8396260340011181,0.7478523304650294,0.885408258397773,0.6496325500950111,0.8929600567640401,0.9961055629702817,0.9357653472660672,0.9104490845940029,0.8223248542353361,0.8996613975228367,0.8929600567640401,0.8552800529095101,0.7478523304650295,0.6775618163411452,0.9373809630196465,0.7153430530658084,0.9506973122541393,0.7739749690836064,0.7923073440510912,0.8097384229057569,0.953685524899462,0.9567586610681005,0.8001223269500775,0.6314400164268975,0.9885489232403726,0.8380544030567036,0.9694737509192689,0.8347024503330018,0.678869747905714,0.8192793116817598,0.7396785942680699,0.5366542690368291,0.8585897729271927,0.9484755380825023,0.9221167449789106,0.8879543751997392,0.8561887583493224,0.9251146681022444,0.9253405665393422,0.9984350864840802,0.9697430427441189,0.667985501231078,0.8552549043770041,0.9091001188794086,0.7796601830966363,0.9470462013802734,0.9162749623597093,0.7673213881165999,0.8195726318328567,0.9719739006977876,0.8635285581726747,0.9221929125487783,0.7992540842216811,0.7985820785026838,0.8001663527680304,0.8971082640174377,0.7478523304650295,0.9916663798214086,0.9403033540537111,0.9098803706471912,0.8777627336524751,0.9553691259085311,0.7390324489084181,0.9111013411271194,0.7478523304650295,0.8026559634611476,0.9215415040980155,0.9876412541215134,0.6357920957277192,0.6775618163411452,0.6170061037180705,0.8818837573472099,0.7323951196578926,0.9358235287280297,0.7956438513462039,0.8031712936207007,0.9976363638661775,0.9346863865372761,0.9251146681022446,0.9976363638661776,0.8329007801417361,0.8357120864475067,0.8683656019735586,0.57926327147236,0.7843448212900253,0.8992987093590568,0.9746481962695819,0.7396785942680699,0.6583323936073766,0.8694502104076678,0.9161628357787692,0.819601154587363,0.824310549043605,0.7478523304650295,0.7460954613623088,0.9927909343067082,0.9712061603582929,0.7478523304650295,0.7128452840278691,0.8693977572794958,0.8342814558669874,0.7492460136853647,0.7672253926367618,0.6946880028970752,0.8593914613455642,0.9084329271986309,0.7950511505365605,0.8280087432224894,0.9976363638661775,0.9499483869684262,0.7478523304650295,0.9742752531352845,0.7478523304650295,0.8342814558669874,0.9623418761626363,0.6011803273450466,0.8505681838601363,0.7574456303775423,0.8890244774838099,0.7588002330824656,0.7717401218444744,0.7478523304650295,0.8528004148129016,0.6148719422688778,0.9584703237301402,0.9461040422097595,0.671615198882962,0.9303029056564402,0.6276948171759484,0.9779749896285717,0.7717499117194848,0.6849298448304513,0.8487395380234695,0.7717499117194848,0.9892471138267483,0.8192793116817605,0.9277523063525768,0.7717499117194848,0.8505681838601363,0.7938401567052568,0.863727200979302,0.8826031812475477,0.9573066236763172,0.96194029801201,0.9219555439828158,0.5864735252623349,0.8669509024511372,0.9793529431839627,0.6957937983760552,0.7660338266074941,0.8746662285702409,0.8753093364015717,0.908560372882051,0.9299270251043101,0.8099493256583372,0.7969919711910285,0.9559557175140683,0.858428249470164,0.9974010977684811,0.8637272009793018,0.9027950502828767,0.6926328577331481,0.9786375940116556,0.7126772758271863,0.807316601915268,0.7205467003190799,0.8505815345144848,0.859170821160427,0.8870932526235829,0.7693184865020685,0.927992782375831,0.8430820492776219,0.9258087497995552,0.760518257058379,0.9142168962274368,0.817749090003455,0.8552549043770045,0.7232405295558492,0.9173271888702892,0.9439951272442051,0.6711787717328579,0.8854204580305061,0.9892879410373249,0.8259741532391489,0.9164786385305197,0.7501392869450498,0.8578487022942798,0.9632003621690175,0.9252824865363445,0.9006129917311674,0.8639731375574494,0.7615035842777337,0.7597546427811122,0.874666228570241,0.926855160934918,0.7049319988209757,0.8725839344553012,0.8052614894098253,0.6102488152620829,0.7126772758271861,0.9461493705792463,0.9492388075036136,0.7048011892833055,0.711943166922341,0.9730245788790264,0.8392815750630276,0.7282675713781668,0.8993547435088982,0.9848556756523892,0.8857271389240959,0.5765480452401688,0.9671571449306513,0.859170821160427,0.6378825269231776,0.9335570445856329,0.8731770969580541,0.8777627336524751,0.6057067342287884,0.9021266483320799,0.7850294582207848,0.8591708211604271
p158_M,0.9649160095375197,0.8183599967013941,0.9326301365954339,0.9723157551667554,0.9508971383859763,0.9471168020443,0.984081731734417,0.9343771728702681,0.9070160137452734,0.9535979799037622,0.9418654668890594,0.9493053971730234,0.9493053971730234,0.9332153268971211,0.9983355724028917,0.9251662135150305,0.8664358239451966,0.9618384623739508,0.9596053879391779,0.9615452872130625,0.963976179650659,0.9975839852098576,0.9377253379624282,0.9776371308016877,0.9950927970641261,0.933769232219253,0.9913221015557613,0.9637851559795012,0.9535979799037623,0.8976675519996329,0.9274978432118417,0.9559485503920393,0.9447494136270196,0.9215378731313926,0.9508971383859763,0.9593605721085063,0.9525316455696202,0.8114113318468933,0.9635753483468394,0.8620219128927744,0.9807840195689514,0.958797337715339,0.9635753483468394,0.9545786956633125,0.9462347596389562,0.959729146881798,0.9542136024350834,0.9431134523268978,0.9324854129452833,0.8954023823601895,0.9559485503920393,0.8622912971119273,0.933769232219253,0.9432937551644589,0.9942907727414588,0.98181078671843,0.9818107867184303,0.9508971383859763,0.9885524069408244,0.947752420917731,0.9909799053419361,0.9275739834424593,0.9337692322192535,0.9417626114543682,0.9577431256853026,0.9800866240356763,0.9559485503920393,0.956773626206588,0.92275103991286,0.7162584522515595,0.8428467241913549,0.9838585814857688,0.9136608016620085,0.9526887601679113,0.9508971383859763,0.8902416609981851,0.9404624926714933,0.9418654668890594,0.978761859557842,0.7685011028265791,0.8832024380225645,0.9016461085857466,0.9287243013130126,0.9337692322192532,0.9508971383859763,0.8093111782833923,0.9975839852098576,0.9285387190524061,0.9894066454715097,0.9493053971730236,0.9508971383859763,0.9184588464635889,0.9578429373320376,0.9168955462600301,0.9287243013130126,0.938956815231786,0.9227764049016614,0.8912695666285135,0.9450229415057687,0.9437509156077835,0.9675956872630854,0.8292821462222392,0.9813818316380161,0.943947470904574,0.9567990636969239,0.9596053879391779,0.8834778193591263,0.9914389672020796,0.9390829980374291,0.9854209750466845,0.879314599410247,0.8526644099626328,0.9604733381214061,0.9124696683389528,0.9542136024350834,0.9769004355054903,0.9971196828020042,0.9596053879391779,0.8578089524354391,0.9272095629108008,0.8681738006320282,0.9669818997221615,0.9950927970641263,0.9270584362010044,0.7530538515603589,0.8801547998885755,0.9525316455696202,0.9714975291590988,0.8532838553478092,0.9937393740100616,0.9109264520435436,0.9542136024350834,0.9559485503920393,0.9635753483468394,0.9462347596389562,0.9004933042472816,0.9876770618313644,0.8945024258106785,0.9559485503920391,0.947752420917731,0.9285387190524061,0.9615452872130625,0.8602443068685641,0.9213039936474141,0.9996705138382682,0.9559566851226751,0.9713658331823796,0.8782416695665332,0.9647682499737457,0.9411441070211746,0.9535979799037622,0.9091812387167528,0.9151912084634849,0.9203333571111534,0.8945024258106786,0.9838585814857688,0.8358112527266035,0.9605807414790561,0.8938767975645256,0.9970674713569025,0.8925230092739358,0.901450230003132,0.9903766507571461,0.9553007580573802,0.9839610029940282,0.9192233962368055,0.9714975291590988,0.902741203339785,0.9287243013130126,0.9938866396749274,0.8859808679290596,0.9493053971730236,0.9818107867184303,0.9054131988273757,0.9859662838993675,0.9861632483507676,0.9596053879391779,0.9567990636969238,0.9850988399428099,0.9263909248883351,0.9146924482852168,0.9288624015119114,0.9170021612446013,0.8532838553478092,0.9746163410327684,0.9504013869320107,0.8627880798184884,0.8970920450673244,0.9971196828020044,0.9780296622223209,0.9881959173184506,0.9320548388021017,0.9329524830517893,0.9714958007098065,0.9272214280328809,0.9508971383859763,0.9776371308016877,0.947752420917731,0.9824233631406698,0.99354891040716,0.8954023823601895,0.9190874378408649,0.9508971383859763,0.9601691288442668,0.942375769953467,0.9615452872130625,0.9508971383859763,0.9787957463111969,0.9621698344437761,0.9290120195510652,0.9134717581604723,0.9296628836325647,0.9493053971730236,0.9508971383859763,0.9471999997959666,0.9508971383859763,0.9656612249441194,0.9669835968892309,0.9454422137291254,0.9508971383859763,0.8983739487948561,0.9508971383859763,0.8937569295188521,0.9102716897738727,0.8579678050497166,0.9144193028520167,0.9736183137840242,0.9821820217686668,0.947752420917731,0.9377253379624282,0.9404624926714933,0.8454227614076977,0.9158177727358401,0.9215378731313923,0.9692769377093197,0.9417626114543683,0.9683656006407424,0.9059407181827082,0.9070203072117577,0.9621698344437761,0.918079042897614,0.9913221015557613,0.8950806418802894,0.9881959173184505,0.9508971383859763,0.9343996803735809,0.9508971383859763,0.948557689090993,0.9496485824638997,0.9692769377093197,0.9204750733110448,0.9887650186521642,0.9776371308016877,0.9957812164793639,0.9390829980374291,0.878785799756239,0.9418654668890594,0.9309060793063673,0.9736183137840243,0.8199484368275464,0.9097700783194733,0.9953090053732516,0.9493053971730236,0.9577431256853026,0.89393759346463,0.9635753483468394,0.9300535008187536,0.9300535008187536,0.9350697345319547,0.9422632192467122,0.9156289554325594,0.9692769377093198,0.9582012414849653,0.9622255460050528,0.9016061399146568,0.9596053879391779,0.955260617174513,0.9605807414790561,0.9363880304285923,0.8574844484595161,0.9596053879391779,0.9831803285943961,0.9978544602817252,0.9577431256853026,0.9791661049996256,0.9332153268971212,0.9542136024350834,0.967100967856847,0.9604733381214061,0.947752420917731,0.9542136024350834,0.8292821462222394,0.9608756643122687,0.9593605721085062,0.863727200979302,0.9235477589143899,0.9251662135150305,0.9021458520860284,0.797292492203875,0.9508971383859763,0.9647682499737456,0.8600925937908134,0.9559485503920393,0.9553007580573802,0.9791661049996256,0.8292821462222395,0.9647682499737457,0.9916530842778032,0.9695679414662237,0.9544588564256291,0.9954628312882463,0.9976814323658167,0.9093015752279446,0.8715311586797312,0.8855061529719657,0.9615452872130625,0.9070160137452734,0.9615452872130625,0.9873359374176983,0.9621698344437764,0.912469668338953,0.9014502300031317,0.9508971383859763,0.9559485503920391,0.9059407181827082,0.9618384623739507,0.9596053879391779,0.9577431256853026,0.8532838553478092,0.9508971383859763,0.9390829980374291,0.9593605721085063,0.9471168020443,0.9983355724028917,0.9614098469412704,0.9903766507571461,0.9692769377093198,0.96043708510877,0.9854209750466845,0.9488974039091764,0.9447494136270196,0.9378638724482831,0.9542136024350834,0.9215378731313926,0.9457714928987653,0.9432937551644589,0.9169066530366745,0.9471168020443,0.9940274890280355,0.8506466532413346,0.9887650186521642,0.9462347596389562,0.9493053971730236,0.9705425698260028,0.9669818997221615,0.951324470315799,0.961768505940968,0.9670233003643075,0.9508971383859763,0.8587016255621234,0.9444674951746068,0.9850988399428099,0.8093111782833925,0.9615452872130625,0.9749822485158572,0.9508971383859763,0.9508971383859763,0.9133950814332601,0.987480587471586,0.9423009905783313,0.9508971383859763,0.9535979799037622,0.9508971383859763,0.9723157551667553,0.9390983012237015,0.9993841685338539,0.9136608016620086,0.9262837350880504,0.7739300446366845,0.9802105476881968,0.9911978653212927,0.9508971383859763,0.9907463311998268,0.9192233962368055,0.9293476600470183,0.980863325796595,0.8344997581878778,0.9409779217811249,0.9542136024350834,0.9927673765797876,0.9508971383859763,0.9622255460050531,0.7530538515603591,0.9284376076039202,0.956550385137853,0.9776371308016878,0.8973050295528813,0.8114113318468932,0.9508971383859763,0.8995766368965679,0.9872327239994373,0.9508971383859763,0.8344997581878777,0.9940939011030498,0.8782416695665332,0.9711790504474236,0.9553007580573802,0.9508971383859763,0.9610243883196702,0.9887824175390698,0.9645511776582261,0.9515478783940845,0.9103149333798707,0.9659780157059267,0.994594060441222,0.871181065260425,0.9736183137840243,0.8658671703908482,0.8902416609981854,0.8424035886035852,0.9211232378692129,0.8493943241852633,0.9086173135612574,0.9523391253205785,0.9559485503920393,0.9337692322192535,0.9508971383859763,0.9596053879391779,0.9763072382829421,0.9669617044966168,0.9998238347481485,0.9798175375448483,0.9477524209177313,0.7562456738191012,0.0,0.9477524209177313,0.9418654668890594,0.9508971383859763,0.9375331207684676,0.9528147324824889,0.8918225519389453,0.9596053879391779,0.9139139585985596,0.9535979799037622,0.8183599967013943,0.9377253379624284,0.8996156023302124,0.9404624926714933,0.9615452872130625,0.9527172944644273,0.9916530842778033,0.9698578908306781,0.9881361984083077,0.9404624926714933,0.9458556185436358,0.9542136024350834,0.9215378731313923,0.9801945723164652,0.881057025746165,0.9556347289143001,0.9807840195689514,0.8832024380225648,0.9274978432118417,0.9393981900535808,0.8672964745230958,0.9296628836325646,0.928878962750479,0.8794921858235667,0.9946344481652142,0.9332153268971213,0.9363880304285923,0.9926931063209248,0.9684134024531409,0.9415131363853568,0.9515478783940845,0.9556347289143002,0.9496485824638996,0.8787715543380794,0.9736183137840243,0.8815889130882113,0.9774402702058511,0.9444674951746068,0.9021517560872986,0.9596053879391779,0.9361387975584143,0.9184588464635889,0.9577431256853024,0.9470913245351076,0.9462347596389562,0.9913221015557613,0.9692769377093197,0.9593605721085062,0.8300959558095685,0.9585684659426885,0.9158139617897607,0.9493053971730236,0.9493053971730234,0.8890194193065106,0.9247279175325266,0.9913221015557613,0.9213039936474141,0.9508971383859763,0.9577431256853026,0.9508971383859763,0.9508971383859763,0.9437509156077832,0.9377253379624282,0.9873359374176983,0.9508971383859763,0.8746872426299621,0.9044031279856874,0.9496485824638996,0.8885374552149389,0.9555398441554901,0.8939544673975599,0.9874805874715857,0.9857705189045634,0.9067735960486834,0.9942907727414588,0.9651612834412151,0.9577431256853026,0.9654282935645835,0.930659099493826,0.8607472522091426,0.9274978432118417,0.9333309591099369,0.9881959173184505,0.9174176784221448,0.9577431256853026,0.871181065260425,0.9736183137840243,0.9389568152317858,0.9452945222517779,0.9881361984083079,0.992693106320925,0.9163077012045902,0.9741270364328647,0.9500805720293444,0.9926931063209248,0.968805048104574,0.9542136024350834,0.9404624926714935,0.9776371308016877,0.9085051323962041,0.958093945656193,0.9683048816077777,0.9692769377093197,0.8938767975645256,0.9462347596389562,0.9610243883196703,0.8933314369864678,0.7874802728547533,0.9874493358841288,0.9729746309145173,0.9471168020443,0.9820743116437718,0.8514945068923674,0.8944847800126532,0.9847632503202342,0.9452945222517778,0.9659780157059268,0.9923028938262877,0.9508971383859763,0.9559485503920393,0.9916530842778032,0.9136608016620085,0.9634382098178786,0.9975839852098576,0.947752420917731,0.9729746309145172,0.9578429373320376,0.8424035886035852,0.9578857215259218,0.9615452872130625,0.937095123399265,0.9418654668890594,0.9965978185022657,0.9881959173184502,0.933330959109937,0.9774402702058511,0.9621698344437761,0.847657488257193,0.9795435932039087,0.9541723653130691,0.9938524966884583,0.9683292665479916,0.9417728426922437,0.9578429373320376,0.9959703403293898,0.9755396763967223,0.9615452872130625,0.9390829980374291,0.9525316455696202,0.9409228966810117,0.9458556185436358,0.9713658331823793,0.9493053971730236,0.9927673765797875,0.9686990421928383,0.9471168020443,0.942598279470885,0.9014502300031318,0.899415389544202,0.9916530842778032,0.9350697345319547,0.9763072382829421,0.9755396763967223,0.9950927970641263,0.9820922138479928,0.9418654668890591,0.853283855347809,0.9559485503920393,0.9635753483468394,0.9508971383859763,0.9873359374176983,0.8661148830295287,0.9310726076004745,0.922708936151958,0.9508971383859763,0.9227371994724578,0.9300316380889896,0.9909799053419361,0.9250812961986936,0.9070160137452734,0.8067755837578557,0.9388406947114994,0.9742513775556163,0.9798175375448486,0.8454227614076976,0.8556227195178288,0.9946344481652142,0.9577431256853026,0.9343996803735809,0.9675956872630854,0.9014502300031318,0.918079042897614,0.9635753483468394,0.9798175375448483,0.9241442555546319,0.9635753483468394,0.9432937551644589,0.98181078671843,0.9813818316380161,0.9400545643111305,0.9239484101648903,0.9596053879391779,0.9813818316380161,0.9975839852098576,0.9795435932039088,0.9861034039901162,0.9493053971730236,0.9559485503920393,0.9462347596389562,0.9493053971730236,0.9493053971730236,0.9873359374176984,0.9508971383859763,0.9288789627504787,0.9927718861206731,0.9508971383859763,0.9556347289143001,0.9576344969711709,0.9596053879391779,0.9736183137840243,0.8091397843452833,0.9078059071729956,0.9493053971730236,0.9927673765797876,0.9594203044569571,0.9377253379624282,0.9995342119373934,0.9508971383859763,0.8834778193591262,0.9736183137840243,0.9903766507571461,0.9170959539477708,0.9113677351409675,0.9593605721085061,0.9776371308016877,0.9488974039091768,0.9621698344437764,0.9950927970641263,0.9508971383859763,0.918079042897614,0.936152077182676,0.9759790834075597,0.8441922549828875,0.8832024380225647,0.9593605721085062,0.9838585814857688,0.9542136024350834,0.8834778193591265,0.9709610116834293,0.9508971383859763,0.9508971383859763,0.972311798625118,0.9615452872130625,0.8505431284577787,0.9462347596389562,0.9418654668890594,0.980086624035676,0.9477524209177313,0.9728034639879695,0.937184723480674,0.9508971383859763,0.9508971383859763,0.9605807414790561,0.9275739834424593,0.8146549792907976,0.8645811859821562,0.9938866396749274,0.939941437423047,0.9067735960486836,0.9887758811158548,0.905730873838986,0.9669617044966168,0.9508971383859763,0.9389568152317858,0.9559485503920393,0.9635753483468394,0.9513502009992278,0.9596053879391779,0.9578429373320376,0.9508971383859763,0.9508971383859763,0.9861333389502076,0.9508971383859763,0.9636459229147607,0.9975839852098576,0.9455803322063061,0.9417626114543682,0.9703287678830983,0.9807840195689514,0.9773745246807054,0.9551143900283149,0.9508971383859763,0.918079042897614,0.972182257842255,0.9525316455696202,0.9596053879391779,0.9263909248883353,0.9793727752983825,0.8321488784762411,0.920376187934179,0.9525316455696202,0.9930683085127945,0.9508971383859763,0.8925735187689807,0.9895196008050116,0.9807840195689514,0.8515782538078839,0.9029008905962479,0.9971196828020042,0.970223137147584,0.9504013869320107,0.9577431256853024,0.8729445628956358,0.866858078111955,0.9288789627504788,0.8687412470205866,0.9332153268971213,0.9859653849226513,0.937405823924671,0.9559485503920391,0.9848910203339206,0.8800416198957273,0.815815109207632,0.9496485824638996,0.9828047536783366,0.9635753483468394,0.9496485824638997,0.9635753483468394,0.9635753483468394,0.9743145807345088,0.922708936151958,0.8995766368965676,0.9508971383859763,0.9615452872130625,0.9404624926714933,0.9404624926714933,0.9802105476881968,0.9942907727414589,0.9493053971730236,0.9170021612446009,0.9351868954117097,0.95253164556962,0.8751544615277178,0.9895196008050116,0.8591052725560668,0.8954587153782474,0.9508971383859763,0.9184588464635889,0.9508971383859763,0.9714958007098065,0.9535979799037622,0.9881361984083077,0.9363880304285923,0.9887824175390698,0.9508971383859763,0.9578857215259218,0.9527010302283678,0.9363880304285925,0.9591791255254205,0.9827463808673764,0.9669617044966167,0.9559485503920393,0.8878330234634917,0.9627555278657122,0.9820743116437717,0.9568054850138643,0.8973713569620819,0.9657447134114718,0.6791932532177187,0.9926931063209248,0.9813818316380161,0.9820922138479928,0.9647682499737456,0.9055879259360591,0.9743145807345087,0.97665730626632,0.9508971383859763,0.9493053971730236,0.9981325409442721,0.9309060793063673,0.9475951645414273,0.983499826197316,0.9940939011030498,0.9508971383859763,0.9701881900204898,0.933392488708745,0.838746408960998,0.9508971383859763,0.9375392388282306,0.8114113318468931,0.9596053879391779,0.9926931063209248,0.9493053971730236,0.8676179604297675,0.9859653849226514,0.9839610029940284,0.8158151092076322,0.994594060441222,0.9926931063209248,0.9965175850685624,0.9508971383859763,0.9703287678830983,0.9508971383859763,0.9596053879391779,0.9180285777311642,0.8881911996032124,0.9635753483468394,0.9729746309145171,0.8982096470613605,0.9486563558223771,0.9250812961986936,0.9508971383859763,0.9195595410659114,0.9462963152100965,0.9866582051039576,0.8785771960052864,0.918079042897614,0.9692769377093197,0.9274978432118417,0.9780296622223208,0.9637851559795012,0.8964416496516887,0.9649160095375197,0.9637851559795012,0.9723157551667554,0.9559485503920393,0.9611168424359664,0.9637851559795012,0.9635753483468394,0.9337692322192535,0.9776371308016878,0.8950806418802892,0.9493053971730236,0.9780296622223208,0.9363880304285925,0.9326301365954339,0.9180790428976142,0.8973713569620819,0.9169426994374763,0.9324854129452833,0.9493053971730236,0.945294522251778,0.9361387975584143,0.9250812961986936,0.9444775685014404,0.9300535008187538,0.9997414922675308,0.9113677351409675,0.8620219128927744,0.9525316455696202,0.9736183137840243,0.9840851651092493,0.9517034159131196,0.9299638429727952,0.8706213787389918,0.9431134523268978,0.9559485503920393,0.9577431256853026,0.917542620418589,0.9778748351992479,0.9702809439756739,0.920376187934179,0.9274978432118417,0.9519838908535548,0.8928876048824796,0.9780296622223207,0.9508971383859763,0.9337863250885523,0.9444433456508098,0.959016409305403,0.9038035415131256,0.9566630997122422,0.9645511776582262,0.967100967856847,0.9824476482791151,0.9859653849226511,0.9462347596389562,0.9287243013130126,0.8631303479727153,0.9888743648606592,0.941079903580319,0.9418654668890594,0.9332002365151029,0.9493053971730234,0.9938748544783451,0.8433452363094301,0.9542136024350834,0.9525316455696202,0.8902416609981854,0.9299638429727948,0.9736183137840244,0.9791661049996256,0.933392488708745,0.8385348749320088,0.9881959173184505,0.947752420917731,0.8681619357560897,0.7936688679286393,0.9059407181827082,0.9542136024350834,0.8961222571494831,0.9016461085857467,0.9577431256853026,0.8964416496516885,0.905730873838986,0.9776371308016877,0.9615452872130625,0.9251662135150305,0.9596053879391779,0.8777975163363982,0.9577431256853026
p158_T,0.7365745432840514,0.9375844381576608,0.8848712502248579,0.9175383063396303,0.9459533477380777,0.9599080294518358,0.6861245766456883,0.7349629166870884,0.8976541691085209,0.957673577027655,0.9360123464869743,0.9442013463068033,0.9442013463068033,0.9175383063396303,0.9048766089350637,0.594335487418434,0.9408215498230332,0.9271009640247971,0.9555383641697377,0.957673577027655,0.8803223329648366,0.934468117552512,0.9314553797224701,0.947752420917731,0.9329497321807898,0.9271009640247971,0.9408215498230332,0.9110906193450525,0.957673577027655,0.7594661760243927,0.9201981569430597,0.9515133476881703,0.9391866557097985,0.913638123172289,0.9459533477380777,0.9555383641697377,0.947752420917731,0.9391866557097979,0.9599080294518356,0.925687886831601,0.8929489608197005,0.9285324039439793,0.9599080294518356,0.9073379150848058,0.9408215498230332,0.8376815732022682,0.9496037211238537,0.8941182576784144,0.925687886831601,0.8848712502248577,0.9515133476881703,0.8399534088511567,0.9271009640247971,0.18793721391370066,0.9951011472655114,0.924292054060027,0.924292054060027,0.06018876900102055,0.7216242962744104,0.9424920127795522,0.9000373939808761,0.8480962071381712,0.9271009640247974,0.8929489608197005,0.9534886050081051,0.8131962973777598,0.9515133476881703,0.6541599652149938,0.7550655184575044,0.9555383641697377,0.9162269502513478,0.925687886831601,0.9459533477380777,0.8431596959716181,0.06018876900102055,0.8791909353978862,0.9344681175525122,0.9894969760647814,0.8119936899116003,0.9599080294518358,0.9360123464869743,0.9299834289466344,0.35713024509717584,0.9271009640247971,0.06018876900102055,0.9123594767995962,0.9868619655962765,0.792136922033998,0.8871620821950175,0.09008077800964032,0.06018876900102055,0.9190178597011769,0.8480962071381712,0.8456018749230438,0.35713024509717584,0.528978751236072,0.8825917972400852,0.8803223329648371,0.8629972997849047,0.8071419677837104,0.924292054060027,0.9496037211238535,0.9459533477380777,0.8489732636249694,0.5821149531111329,0.9555383641697377,0.901237634194086,0.8111356819221287,0.9329497321807898,0.8456324037363958,0.8679639303639386,0.9285324039439793,0.8216567655514617,0.9036569103682488,0.9496037211238537,0.7960982570121531,0.992239334903201,0.9555383641697377,0.9599080294518354,0.878518092076586,0.9073379150848058,0.8780615512279366,0.9329497321807898,0.9201981569430604,0.9271009640247974,0.7932320440185785,0.947752420917731,0.6403920386762305,0.9442013463068033,0.9502726792490606,0.8646144802620157,0.984201166542795,0.9515133476881703,0.9599080294518358,0.9408215498230332,0.8639560978502498,0.9032962680264434,0.9799008321613359,0.9515133476881703,0.11750088746893528,0.792136922033998,0.957673577027655,0.8131962973777598,0.8944877265111875,0.8803223329648373,0.9048766089350637,0.920376705497234,0.8603130600722224,0.9256878868316012,0.7696168576271617,0.9576735770276548,0.9000373939808766,0.8467269607313446,0.873561175384445,0.9799008321613357,0.925687886831601,0.8883122254108782,0.9085802966718615,0.8576381060247248,0.5943354874184339,0.7738324263000724,0.9496037211238535,0.9795036960805319,0.7804688175477105,0.8906229438722484,0.9110906193450523,0.882174077350171,0.8929489608197005,0.9666307012815272,0.8354015438796938,0.9175383063396303,0.9442013463068037,0.9242920540600266,0.7144596825755913,0.844475375621738,0.9020250279333477,0.9555383641697377,0.6129761647399181,0.957208071575181,0.5902909832316336,0.9061034849845078,0.8814559000030182,0.924292054060027,0.9442013463068033,0.6163713018450958,0.8444753756217382,0.8489732636249694,0.8952920587572564,0.18793721391370077,0.962745373353485,0.9424920127795524,0.8976541691085209,0.810787048372184,0.8030244306367436,0.9375517053100484,0.06018876900102055,0.947752420917731,0.9424920127795526,0.5289787512360719,0.8250209201611334,0.8848712502248579,0.9954412864629744,0.06018876900102055,0.8601523251100109,0.8030244306367436,0.957673577027655,0.06018876900102055,0.7314145734259307,0.909831049842277,0.879190935397886,0.6809314051279134,0.898843003506523,0.9442013463068035,0.06018876900102055,0.6835195578063853,0.06018876900102055,0.8268088576336079,0.8566623054005467,0.8250209201611334,0.06018876900102055,0.6403920386762305,0.06018876900102055,0.7413573066458357,0.901237634194086,0.9110906193450523,0.8679639303639393,0.9496037211238535,0.8098383097811255,0.11750088746893428,0.9818737559710533,0.934468117552512,0.9000373939808766,0.7932320440185792,0.913638123172289,0.9799008321613359,0.5343820457471007,0.88373019034314,0.8964706102804101,0.9259093040850026,0.909831049842277,0.9098310498422768,0.9408215498230332,0.8780615512279366,0.9424920127795529,0.06018876900102055,0.9330819649782565,0.06018876900102055,0.7434229768984779,0.909831049842277,0.9799008321613358,0.9229124393123012,0.8098383097811254,0.947752420917731,0.9085802966718615,0.9329497321807896,0.8860151533715295,0.9360123464869743,0.8523344596018207,0.9496037211238537,0.8944877265111875,0.8634987624252985,0.8627424103544836,0.09008077800964032,0.9534886050081051,0.8456324037363956,0.9599080294518356,0.8226831008260223,0.8226831008260223,0.24400224007407167,0.862383237570735,0.8982384440681084,0.9799008321613357,0.8675946766762876,0.8379312624123882,0.7904356987130701,0.9555383641697377,0.8179682595223983,0.9085802966718612,0.9795036960805321,0.8952920587572561,0.9555383641697377,0.8712321677735533,0.8022195458125898,0.9752369887774635,0.8917839318880132,0.9175383063396301,0.9496037211238533,0.913638123172289,0.8216567655514619,0.9424920127795524,0.9496037211238537,0.9496037211238533,0.7856547619036142,0.9555383641697377,0.7856547619036145,0.6860748316018368,0.8780615512279368,0.8912265872652461,0.9555383641697377,0.9459533477380777,0.925687886831601,0.9424920127795529,0.9515133476881705,0.8433079947733284,0.891783931888013,0.9496037211238537,0.9256878868316012,0.9110906193450528,0.7617512826831676,0.9036569103682486,0.9097318037088531,0.7209806300972037,0.7790167470448566,0.7273031345119886,0.8957343462573436,0.9576735770276548,0.8976541691085209,0.957673577027655,0.913638123172289,0.9098310498422768,0.9036569103682488,0.9496037211238535,0.06018876900102055,0.9515133476881701,0.8964706102804101,0.9271009640247971,0.9555383641697377,0.9534886050081051,0.9442013463068035,0.06018876900102055,0.9329497321807896,0.9555383641697377,0.9599080294518358,0.9048766089350637,0.8394320005991047,0.9299834289466349,0.9515133476881705,0.8505519961852752,0.8456324037363956,0.9329497321807898,0.9391866557097985,0.830814051878261,0.9496037211238537,0.913638123172289,0.7997298457662128,0.9375844381576606,0.9048766089350637,0.9599080294518358,0.8039127449891679,0.9136381231722888,0.8170840981467904,0.9408215498230332,0.09008077800964032,0.9590184309099961,0.8780615512279366,0.8216567655514619,0.8229510368893818,0.8071419677837106,0.06018876900102055,0.8444753756217376,0.9950062379942792,0.9149270915494645,0.912359476799596,0.9576735770276548,0.8639560978502501,0.06018876900102055,0.06018876900102055,0.9728091693196086,0.9345566419027254,0.8500946683680415,0.06018876900102055,0.9576735770276548,0.9459533477380777,0.9175383063396302,0.8906229438722484,0.8030244306367436,0.9919305345581159,0.918861809581256,0.9344681175525122,0.8215094261899891,0.9880934368428602,0.06018876900102055,0.8735611753844457,0.9110906193450525,0.815648404165173,0.9682760730678028,0.9188618095812557,0.8928400503464531,0.9496037211238537,0.8097978684772094,0.06018876900102055,0.7843401014318692,0.9749771166196228,0.8500946683680417,0.8191520962355687,0.9881959173184502,0.8203324548260424,0.9391866557097981,0.06018876900102055,0.9245106322139445,0.7233371708762366,0.06018876900102055,0.962745373353485,0.8084546019152596,0.8319645762487431,0.8034571229302205,0.8433079947733284,0.06018876900102055,0.8083681571100794,0.8467269607313443,0.9534886050081051,0.6645374445673147,0.7345768080340043,0.9012376341940858,0.9024440319654485,0.8894657784451026,0.9496037211238537,0.9273191685398661,0.879190935397886,0.9314553797224701,0.8724450251774916,0.8969845146010973,0.862383237570735,0.2618506003001947,0.9515133476881703,0.9271009640247969,0.06018876900102055,0.9555383641697377,0.9316215436119193,0.8280868502882601,0.9360123464869743,0.9229124393123012,0.11750088746893583,0.7317039196616644,0.9477524209177313,0.0,0.9360123464869743,0.9459533477380777,0.992239334903201,0.8713193097015215,0.8976541691085209,0.9555383641697377,0.8651692889773959,0.9576735770276548,0.9375844381576608,0.9818737559710533,0.788265507264901,0.9868619655962765,0.9576735770276548,0.8137954530863194,0.9110906193450523,0.5346363886777239,0.2926766727788924,0.934468117552512,0.9330819649782562,0.9496037211238537,0.913638123172289,0.9287407729092751,0.8690815696440013,0.9299834289466347,0.8929489608197005,0.9360123464869743,0.9201981569430597,0.6906103956635765,0.7580083418866843,0.9360462988835683,0.9408215498230332,0.8022195458125898,0.88373019034314,0.9175383063396303,0.9795036960805317,0.2618506003001957,0.8059182346808622,0.9360123464869743,0.8712321677735533,0.9795036960805317,0.909831049842277,0.7649227650741166,0.9496037211238537,0.8639560978502501,0.7234643607224283,0.9123594767995962,0.9287407729092758,0.9555383641697377,0.7399269524880685,0.8848712502248579,0.9534886050081051,0.9110906193450523,0.9408215498230332,0.9408215498230332,0.9799008321613357,0.9555383641697377,0.9201981569430604,0.8143949648862083,0.9073379150848064,0.9442013463068035,0.9442013463068033,0.7215550284008245,0.901237634194086,0.14277765445410762,0.8634987624252984,0.06018876900102055,0.9534886050081051,0.06018876900102055,0.06018876900102055,0.8344223133664419,0.26185060030019536,0.9136381231722888,0.06018876900102055,0.7704439742406999,0.8273466303940551,0.4026612502423985,0.8724450251774913,0.8735611753844454,0.7934159251299586,0.9345566419027251,0.5177477145540507,0.8578802781954209,0.9391866557097981,0.9123483154835407,0.47631614527644295,0.9123594767995955,0.7565415109136848,0.6835195578063848,0.9201981569430604,0.9391866557097979,0.9987575434859779,0.7974965287155302,0.9534886050081051,0.8894657784451026,0.9496037211238537,0.8941182576784141,0.9868619655962763,0.9772068366488,0.9314553797224701,0.8388184704910295,0.918861809581256,0.9000373939808761,0.9314553797224698,0.7468250682448045,0.9496037211238535,0.227230313747264,0.9477524209177313,0.9486066482612976,0.877301842630059,0.8296609453116082,0.49980009110787627,0.8478507258139238,0.6009780523155426,0.7652107336693226,0.8825917972400852,0.9954412864629743,0.789001950793415,0.9215480977067743,0.9599080294518358,0.7934159251299587,0.8937959505222848,0.81063855213682,0.7908522591242599,0.934468117552512,0.9012376341940858,0.9071406350367375,0.06018876900102055,0.9515133476881703,0.9110906193450532,0.9919305345581159,0.8523344596018207,0.9344681175525125,0.9987575434859779,0.9215480977067743,0.8203324548260424,0.9314553797224701,0.8190550279834294,0.9576735770276552,0.7803575371163458,0.9894969760647814,0.8883008446412397,0.11750088746893583,0.9391866557097979,0.7508613366580396,0.9098310498422768,0.9299834289466349,0.8199363790756027,0.8724396621400958,0.7687312965384794,0.8846189616699074,0.9136381231722888,0.7076837558677664,0.8523344596018207,0.9201981569430604,0.957673577027655,0.9843238957181939,0.9477524209177313,0.8566623054005469,0.8964706102804103,0.5642000126171937,0.09008077800964032,0.8097978684772096,0.830814051878261,0.9599080294518358,0.8713193097015208,0.984201166542795,0.912359476799596,0.9110906193450525,0.9285324039439793,0.9316215436119193,0.9201981569430604,0.9329497321807898,0.5041170450304884,0.9360123464869743,0.995441286462974,0.9515133476881703,0.9599080294518358,0.06018876900102055,0.955430200993886,0.8870713863070048,0.7946893783415643,0.9149270915494645,0.06018876900102055,0.8758082204608499,0.8406771976301872,0.9000373939808759,0.3892599006043088,0.8976541691085207,0.8848712502248579,0.8735611753844457,0.8255687131520766,0.9229124393123009,0.9000373939808763,0.6959839224163822,0.88373019034314,0.9534886050081051,0.8964706102804103,0.924292054060027,0.9496037211238535,0.9502726792490606,0.9599080294518356,0.9229124393123012,0.9424920127795526,0.9599080294518358,0.9375844381576608,0.9706982209232329,0.9459533477380777,0.7144596825755913,0.8769340287666247,0.9555383641697377,0.9459533477380777,0.9868619655962763,0.7932811650657743,0.8164349099391168,0.09008077800964032,0.9515133476881705,0.14277765445410684,0.09008077800964032,0.09008077800964032,0.3758965538605641,0.06018876900102055,0.9408215498230332,0.49338564206966184,0.06018876900102055,0.9299834289466347,0.5732672418061278,0.970134355730177,0.9496037211238537,0.9752369887774635,0.9881959173184502,0.09008077800964032,0.8097978684772096,0.8489732636249694,0.9314553797224701,0.8590971573470971,0.06018876900102055,0.901237634194086,0.9496037211238537,0.9299834289466344,0.8071057546345537,0.9024440319654485,0.9555383641697377,0.947752420917731,0.9329497321807898,0.9502726792490608,0.6046827959825725,0.9919305345581159,0.4431028796491824,0.9162269502513478,0.9201981569430602,0.7209806300972039,0.9360123464869743,0.9555383641697377,0.925687886831601,0.9496037211238537,0.9390736794276016,0.8603130600722224,0.06018876900102055,0.9459533477380777,0.874683982657815,0.9644928340620879,0.8554431226947277,0.9408215498230332,0.9360123464869743,0.81319629737776,0.11750088746893583,0.7947839101759788,0.7974965287155307,0.06018876900102055,0.06018876900102055,0.4109717263077217,0.7076837558677669,0.8964706102804105,0.7934159251299587,0.8639560978502501,0.8034571229302205,0.8296609453116082,0.8137954530863194,0.9285324039439791,0.8280868502882601,0.06018876900102055,0.9301746946212588,0.9515133476881703,0.9599080294518356,0.8203324548260424,0.9555383641697377,0.8480962071381712,0.06018876900102055,0.06018876900102055,0.8127571370256819,0.9459533477380777,0.8213532688476555,0.934468117552512,0.8478507258139238,0.8929489608197005,0.6655394544356329,0.9287407729092754,0.8238535688751862,0.8410864781348422,0.06018876900102055,0.9098310498422768,0.8331621126794351,0.947752420917731,0.970134355730177,0.5902909832316341,0.7721442639654235,0.4731808242996284,0.9123594767995962,0.947752420917731,0.8797354478006452,0.06018876900102055,0.8431596959716181,0.912359476799596,0.8929489608197005,0.8646144802620153,0.8568046890338219,0.9375844381576608,0.8988430035065225,0.8736582841643714,0.9534886050081051,0.8601523251100107,0.8833956586824043,0.9980965995557116,0.957673577027655,0.9175383063396303,0.3068805944579903,0.8280868502882601,0.9515133476881703,0.09008077800964032,0.8679639303639393,0.924292054060027,0.9098310498422768,0.9590184309099961,0.9599080294518358,0.9098310498422768,0.9599080294518356,0.9581756603540753,0.8964706102804103,0.4085772280390687,0.8894657784451023,0.9919305345581159,0.957673577027655,0.9868619655962763,0.9344681175525122,0.8493250476264835,0.9391866557097985,0.9442013463068033,0.9706982209232327,0.5595142023464725,0.9477524209177308,0.7802354107769778,0.38514305304560026,0.748993339088329,0.7552479062905011,0.06018876900102055,0.8848712502248577,0.9459533477380777,0.7429069381436557,0.957673577027655,0.9285324039439793,0.9299834289466344,0.876086553322736,0.06018876900102055,0.7502552768256682,0.7934159251299586,0.9299834289466344,0.8203581350519382,0.8155897859167087,0.8009771539783097,0.9515133476881703,0.7508613366580397,0.6791710386208469,0.8203581350519384,0.7804688175477104,0.9314553797224698,0.712239433778002,0.9599080294518358,0.9314553797224701,0.9459533477380777,0.8917839318880132,0.925687886831601,0.8285051677670636,0.5177477145540506,0.8525764165920213,0.9459533477380777,0.09008077800964032,0.8319645762487431,0.852334459601821,0.5498165612534267,0.8156484041651733,0.7901005262017791,0.06018876900102055,0.9847548676209206,0.8545708706492452,0.9175383063396303,0.06018876900102055,0.8296609453116082,0.9951011472655118,0.9555383641697377,0.26185060030019536,0.09008077800964032,0.9058174186634924,0.9271009640247974,0.8906229438722484,0.924292054060027,0.9024440319654485,0.9314553797224703,0.8009771539783097,0.06018876900102055,0.968640006673642,0.06018876900102055,0.9555383641697377,0.8505519961852752,0.8769340287666241,0.9599080294518356,0.9215480977067743,0.8433079947733284,0.8988430035065231,0.9175383063396303,0.06018876900102055,0.8493250476264833,0.8369331581733883,0.8410864781348422,0.9646668607340487,0.4431028796491836,0.9515133476881705,0.36830258240112956,0.9188618095812562,0.3940578737863504,0.8860151533715295,0.8084546019152599,0.3940578737863504,0.9175383063396303,0.9515133476881705,0.878061551227937,0.3940578737863504,0.9599080294518356,0.9271009640247974,0.947752420917731,0.9110367363125389,0.9442013463068035,0.9188618095812562,0.9299834289466347,0.8848712502248579,0.909831049842277,0.9314553797224698,0.9486066482612976,0.925687886831601,0.9442013463068035,0.9868619655962765,0.7399269524880682,0.9175383063396303,0.8952920587572564,0.8226831008260225,0.4660228489523027,0.9024440319654485,0.925687886831601,0.9477524209177308,0.9496037211238537,0.8952920587572564,0.9217448144111742,0.9229124393123009,0.9229124393123012,0.9301746946212588,0.9515133476881703,0.9534886050081051,0.6029513142966232,0.9215480977067743,0.8883008446412399,0.912359476799596,0.9201981569430604,0.6619925029686105,0.9329497321807898,0.9627453733534856,0.9459533477380777,0.8542226146787633,0.8701999879391749,0.9073379150848062,0.8941182576784144,0.669533427535256,0.9534886050081051,0.9136381231722888,0.5959848691727717,0.9271009640247971,0.9408215498230332,0.9215480977067743,0.8929489608197008,0.6096888481145899,0.7711616901616503,0.9360123464869743,0.6530265821625567,0.9442013463068033,0.8758082204608499,0.6960673847868173,0.9496037211238535,0.947752420917731,0.879190935397886,0.9229124393123014,0.9496037211238537,0.8917839318880132,0.854570870649245,0.6901593365439136,0.9424920127795526,0.9424920127795526,0.8215094261899893,0.9299834289466349,0.8964706102804101,0.9496037211238537,0.8500946683680417,0.9299834289466347,0.9534886050081051,0.8860151533715295,0.9285324039439791,0.947752420917731,0.957673577027655,0.8780615512279368,0.9555383641697377,0.7290921573098541,0.9534886050081051
p158_V,0.9992639208724935,0.7211550141076886,0.9029852527308233,0.97342737827158,0.9964123220916106,0.9553906988562064,0.9469834108043897,0.9779782524358084,0.8861224347761871,0.952904481298952,0.8764342453662839,0.937914277797153,0.937914277797153,0.6973342637211339,0.9649333732985217,0.8943418469797417,0.8572804327866933,0.8631878595663137,0.9505286850464205,0.952904481298952,0.951027105635967,0.9270843653068206,0.9844690963672101,0.9418654668890594,0.9810661291837657,0.9188871236697294,0.8051389573478362,0.9010728262563201,0.9762381701099261,0.8779076646680348,0.9112065483416405,0.9460501530640815,0.9323345609629294,0.9419536134643978,0.9398636845831869,0.9141406930557711,0.9998238347481486,0.9832374253294529,0.9553906988562066,0.7395028316109783,0.9134708556523621,0.9647915833876861,0.9700351664034113,0.9948775608727723,0.752997481908979,0.9977108311924809,0.9439253608596805,0.9150128085700577,0.9602126215445623,0.9029852527308235,0.991511387719873,0.8366015473846699,0.9188871236697294,0.9305518148343679,0.9832374253294529,0.9580084947693384,0.9580084947693384,0.9398636845831869,0.8437213529293759,0.9894969760647812,0.8887741875977793,0.9517402478669555,0.9503578662718964,0.9134708556523621,0.9868659623160063,0.9826916254162147,0.9460501530640812,0.9363693895524041,0.9813816034118849,0.9818060040046753,0.8984317529217641,0.9173148291382112,0.8339417653831187,0.8450091399686623,0.9398636845831869,0.8957643484306201,0.9775200810036837,0.8277434539570453,0.9406842859542996,0.9700351664034114,0.9251250367755219,0.9671761235857237,0.9641658853133278,0.9188871236697296,0.9398636845831869,0.721319772443941,0.9298223041589357,0.9647595619398641,0.874448160392765,0.9379142777971528,0.9398636845831869,0.7861543276554561,0.947158625829008,0.9880854583596013,0.9947922739901722,0.9806621909815182,0.7928177595051726,0.9579053211365334,0.8862465033691971,0.8599174518990855,0.9574979597513363,0.995812608116145,0.9470390403999661,0.8183861991410077,0.8749724943304518,0.9505286850464207,0.9376663718600012,0.9307980058254572,0.9721643839492675,0.873011783414986,0.7737329690747587,0.7250262824270213,0.8697573482257854,0.9629254303665231,0.995812608116145,0.8891084572752113,0.9699358505776486,0.9818060040046751,0.9553906988562064,0.8857498863500031,0.9588025108491051,0.8354816398465681,0.7004492079819649,0.9268615921601944,0.9503578662718964,0.8321323456804639,0.9998238347481486,0.9171916237032924,0.8972431496161435,0.8996713357710031,0.8776906116240739,0.9355505770919704,0.5544421732075522,0.9553906988562064,0.9862951408967355,0.9728267661071017,0.9150420303903186,0.9460501530640815,0.991511387719873,0.9360123464869743,0.891243269936261,0.952904481298952,0.8171661217546866,0.8415558183084839,0.8296036746659665,0.8941586572120019,0.9670171600576838,0.8388389232603322,0.9602126215445623,0.8598346077756155,0.9762381701099258,0.8887741875977795,0.8765340058700837,0.8887130191001584,0.9290729285038272,0.9602126215445628,0.8707493515773372,0.898279654991218,0.9647644647815445,0.9555600901459858,0.9829408827402795,0.995812608116145,0.627088076256066,0.8881730967101973,0.9425462450985707,0.9382829336530907,0.9715217972497945,0.8584426512265037,0.9641658853133278,0.9208363590634636,0.6973342637211339,0.9379142777971528,0.9157617220296759,0.9936845441625964,0.9339430896563121,0.9705897928868902,0.9818060040046752,0.9030676093179744,0.902201793949012,0.9834937419649539,0.9312485969328885,0.8680990387032137,0.9152511870116737,0.937914277797153,0.887172346222538,0.8276741354703556,0.8588531668491859,0.9511394955727168,0.9305518148343679,0.7706782022940745,0.9894969760647812,0.9869071248539465,0.8364116774473629,0.897006352254409,0.9746182283386399,0.9398636845831869,0.9418654668890594,0.9360123464869743,0.9150128085700577,0.8635597961101656,0.9651573366535675,0.937914277797153,0.9398636845831869,0.9883801536171055,0.8483745442604143,0.952904481298952,0.9398636845831869,0.9689569327632246,0.9364881737530408,0.8957643484306201,0.8843302430070014,0.989051489595007,0.9928618019927207,0.9398636845831869,0.9898255622888361,0.9398636845831868,0.8511203105826195,0.806316759407037,0.8380878798735416,0.9398636845831869,0.9198178556572021,0.9398636845831869,0.9218423061858414,0.924554456758766,0.8012463145695163,0.9392053703799945,0.8752885460677957,0.9231892051184238,0.9360123464869743,0.9696315366465988,0.9270843653068208,0.8038587482591635,0.7784558727705826,0.9819538956711097,0.7417575508556897,0.8808870709207711,0.9942128673439101,0.8848055194072819,0.8325882986402611,0.9530613123008462,0.9364881737530408,0.9862951408967353,0.8054620272717138,0.9894969760647812,0.9398636845831869,0.9514652625474738,0.9398636845831869,0.8320423995814581,0.8057939603726955,0.9290729285038271,0.955855656546232,0.8989293071167045,0.9418654668890594,0.9711572181901507,0.9721643839492673,0.7514473666238058,0.9288025889967637,0.8628614501567906,0.9439253608596805,0.7851329843763786,0.9045414289970422,0.9193079504432182,0.9379142777971528,0.9868659623160063,0.9003268042382456,0.9553906988562066,0.954930065345126,0.9549300653451258,0.9204798499326445,0.8468773793429294,0.7480657891861247,0.9915113877198728,0.9516424160687378,0.9551918930158444,0.8342118148643838,0.9505286850464207,0.873011783414986,0.9347184365906842,0.9426603652680072,0.884992964016763,0.9505286850464207,0.9300951133092186,0.9281876763306096,0.9868659623160063,0.9119409794917464,0.8156598842427532,0.9439253608596805,0.9799998588966441,0.8697573482257854,0.9360123464869741,0.9439253608596803,0.9439253608596803,0.8723446828647978,0.9818060040046753,0.810323815325396,0.8814986128738731,0.9844006847043054,0.9769675120682583,0.9505286850464205,0.947039040399966,0.6537072467982759,0.9894969760647812,0.9460501530640815,0.863708651905885,0.9442911856940017,0.9355505770919704,0.825298416423682,0.9010728262563199,0.9544835589655245,0.927863480227435,0.9526419804737132,0.908850390172764,0.9781617637613219,0.8307772090503405,0.8106729411563698,0.9053808215188037,0.95331222816136,0.9053808215188038,0.9419536134643975,0.9733050117350786,0.7916409186598593,0.9355505770919704,0.9398636845831869,0.946050153064081,0.8848055194072819,0.6888478461551489,0.9505286850464207,0.9219798955488128,0.8422956254205758,0.9398636845831869,0.9253948970823005,0.9505286850464205,0.5971644927015017,0.8581298364851782,0.93442066729553,0.9671761235857237,0.9915113877198728,0.9041880640840263,0.8247730001226562,0.9810661291837657,0.9323345609629297,0.8535237339488044,0.9439253608596805,0.9039073680321514,0.8530567147471274,0.9803079821283596,0.9649333732985219,0.7463127621822649,0.8924088008086875,0.7917226685098767,0.8827316108678223,0.9615633836644074,0.9379142777971528,0.9763438961034469,0.8054620272717136,0.9188579379037638,0.8712638554489613,0.8420601158262315,0.9398636845831869,0.8535190019717733,0.9401042088409286,0.6712538305515554,0.9401042088409286,0.976238170109926,0.9208363590634638,0.9398636845831869,0.9398636845831869,0.9602126215445623,0.9794979784534669,0.8160028796418128,0.9398636845831868,0.9053808215188041,0.9964123220916106,0.9734273782715801,0.8782989718810938,0.9213222562514065,0.8339417653831186,0.9896201712617319,0.6913334199351963,0.8440868326778852,0.8584199379130157,0.9398636845831869,0.9475094926481991,0.7640362071727459,0.8568697257033748,0.8843313786769853,0.7706782022940745,0.9864741515856493,0.9439253608596803,0.9048424820972054,0.9398636845831869,0.8740508966514448,0.6888478461551486,0.9141564165985061,0.9501511300480874,0.8832024380225646,0.9471586258290081,0.7622482528379304,0.9398636845831869,0.9953734704865864,0.8177269779326581,0.9398636845831869,0.9704295576642358,0.9748997017520249,0.9936845441625963,0.8476058731210252,0.8637086519058848,0.9398636845831869,0.932856491044435,0.9096413031841877,0.921979895548813,0.9565089460656668,0.9792223799547058,0.924554456758766,0.8914519915852102,0.867758364741591,0.995812608116145,0.9263079894969778,0.8655788710295136,0.7090728944500638,0.8521862872722994,0.7510603002718292,0.9311627243054967,0.9237321696604077,0.991511387719873,0.9939428696246876,0.9398636845831869,0.9505286850464205,0.9496407070933521,0.9252894004739958,0.97381582818476,0.9974846527946568,0.9360123464869743,0.7014738741979794,0.9418654668890594,0.9360123464869743,0.0,0.9470390403999658,0.8206673486956733,0.8859311733087405,0.7779285982979469,0.9818060040046752,0.8441860472819296,0.952904481298952,0.9305518148343681,0.9385697293810191,0.9666922352563602,0.9747821421515683,0.952904481298952,0.8706313506866179,0.9382829336530907,0.9651573366535677,0.9647915833876861,0.9775200810036838,0.9847951341175694,0.9439253608596803,0.9799998588966441,0.9460546403839527,0.8831681344805438,0.8074150985486044,0.988777790152866,0.9738158281847602,0.9112065483416407,0.8555615021313924,0.7307421260799791,0.706129702026729,0.9094219082255506,0.8540612341230165,0.7586205637314773,0.9871307482212135,0.9671761235857239,0.9237321696604079,0.8439197168822312,0.9251250367755219,0.9829227788221152,0.9220943680125893,0.989878150282884,0.8791289604932917,0.9439253608596805,0.9988219696289207,0.8613530568876774,0.9470371182540278,0.9561940054212754,0.9505286850464207,0.8777086293029819,0.9340712946921956,0.9482479709168006,0.9128766367598273,0.9862951408967355,0.9341536654578784,0.9915113877198729,0.9505286850464207,0.6839638029129472,0.855709977588315,0.9948775608727723,0.9379142777971528,0.9379142777971528,0.8907262672542313,0.9245544567587658,0.9341536654578786,0.8415558183084839,0.9398636845831869,0.9482479709168004,0.9398636845831869,0.9398636845831869,0.8847526545886424,0.9237321696604077,0.9819538956711096,0.9398636845831869,0.8235702020382228,0.8590494466041885,0.9733050117350784,0.9623863318992857,0.9475094926481991,0.9355322793023029,0.8451183916831206,0.9514652625474735,0.8618481858107894,0.9832374253294531,0.9561353032328331,0.9482479709168004,0.9024846512059139,0.7856920188609455,0.8294570440795395,0.7649297326620302,0.9149568459375002,0.9360123464869743,0.9636135654924565,0.9482479709168004,0.8039508118690938,0.995812608116145,0.7567402793726384,0.9270843653068206,0.9647915833876861,0.9237321696604077,0.9254454270650587,0.9304792865902035,0.8887741875977795,0.9696315366465988,0.90534156988644,0.9439253608596805,0.9270843653068208,0.9415131363853565,0.955965218610917,0.8843302430070015,0.8812515305002852,0.9460501530640815,0.9548013134439125,0.9341536654578786,0.8600688224932604,0.8542394537315835,0.9521906738117113,0.9053859784347451,0.9947922739901722,0.9700351664034114,0.8374227825163816,0.8702468953616067,0.9847951341175694,0.8899309019465469,0.7390311967799452,0.9376663718600012,0.9492067691890838,0.9398636845831869,0.991511387719873,0.9382829336530907,0.9398636845831869,0.9986868840230454,0.9270843653068204,0.9360123464869743,0.9947922739901722,0.9471586258290081,0.754972261436255,0.8667378392683933,0.952904481298952,0.8060766523799857,0.9288025889967637,0.9248832406049015,0.9360123464869743,0.9832374253294531,0.914174528149492,0.7321602844086199,0.9877421208411417,0.9829917353040782,0.8873196151516807,0.9287288477069138,0.9476042584263105,0.9799998588966439,0.8506391215629194,0.8383225953374487,0.9673445570347357,0.9529044812989522,0.9810661291837657,0.9418654668890594,0.8832169824813323,0.9847951341175696,0.9982988793152963,0.9379142777971528,0.8757502068869858,0.8535237339488045,0.9553906988562064,0.9732637445534749,0.9958126081161451,0.7589393300789554,0.9382829336530907,0.9908966831572722,0.9511394955727168,0.9268615921601944,0.9721643839492675,0.9119409794917465,0.9288025889967637,0.9928618019927207,0.9460501530640812,0.9700351664034114,0.9398636845831869,0.9039073680321512,0.9664525181547641,0.9434082327427531,0.7867278122502839,0.9398636845831868,0.8618150114025946,0.8576027173980278,0.9570779796295696,0.9476888747140071,0.9197173314687737,0.7550682856940842,0.9181112558741786,0.8405425936349106,0.955855656546232,0.9404663323227447,0.8231810246346638,0.7895163848470539,0.9482479709168004,0.8485555080319507,0.999744732490999,0.8150265150436212,0.8057939603726957,0.6717386274418835,0.955855656546232,0.9894969760647812,0.5225903579611197,0.9305518148343679,0.9574979597513364,0.8339417653831189,0.9162617337114642,0.9526419804737134,0.9505286850464205,0.9964123220916106,0.9270843653068206,0.8714116539799702,0.9126375415145096,0.9379142777971528,0.9460501530640815,0.9341536654578784,0.9379142777971528,0.9379142777971528,0.9419536134643977,0.9398636845831869,0.9341536654578786,0.9245544567587659,0.9398636845831869,0.7623333429754702,0.943995490424937,0.914140693055771,0.995812608116145,0.9868659623160063,0.9998238347481485,0.9379142777971528,0.8026144365483828,0.8857498863500033,0.9237321696604077,0.9147435010132181,0.9398636845831869,0.5932184434069183,0.9439253608596805,0.9877421208411418,0.8773633457956884,0.9695561678527186,0.44048351641344285,0.9418654668890594,0.9253948970823007,0.6953434464265824,0.9721643839492675,0.9470390403999657,0.9898781502828841,0.9763438961034467,0.9112065483416407,0.988615979061509,0.9774933804060018,0.9141406930557711,0.9539917936427349,0.995812608116145,0.7309976147881523,0.8388389232603322,0.9398636845831869,0.9964123220916106,0.9196592131286032,0.952904481298952,0.9102058426283264,0.8572804327866933,0.5842894969108547,0.8672016849619615,0.9360123464869743,0.8255980078221775,0.8421298244753364,0.9398636845831869,0.9398636845831869,0.898279654991218,0.9770155294429647,0.8152256364618546,0.9110049051058222,0.8168555449761878,0.7733894101534824,0.9840116439758553,0.8850958431369449,0.8136497493371051,0.8525919608154582,0.9398636845831869,0.9865131178127512,0.991511387719873,0.9553906988562066,0.8460574995249718,0.9505286850464207,0.9517402478669554,0.9398636845831869,0.9398636845831869,0.9021649053612404,0.8904904028915424,0.8875196308568263,0.9270843653068206,0.8207442771530074,0.8808870709207712,0.960886350956918,0.9887777901528662,0.8548480082641414,0.8344013106501964,0.9398636845831868,0.9364881737530408,0.8584562386896468,0.9418654668890594,0.9818060040046752,0.9863207806339396,0.9812909409302988,0.8227424784419187,0.9846566758890424,0.9418654668890594,0.9411404869744742,0.9398636845831869,0.8450091399686626,0.9846566758890424,0.9134708556523619,0.7823423550455006,0.9784397076974785,0.9305518148343681,0.9890514895950071,0.7745396583773764,0.9482479709168006,0.8722658915735433,0.8914586911765379,0.9341536654578786,0.9762381701099259,0.9339855047643736,0.9624721270225209,0.8772718095610745,0.9460501530640812,0.9379142777971528,0.8530868722164202,0.999744732490999,0.8794276363367709,0.9457439607148705,0.9553906988562064,0.9364881737530408,0.9553906988562066,0.9553906988562064,0.7152360217515679,0.90534156988644,0.9408189766409163,0.9398636845831869,0.9762381701099259,0.9270843653068206,0.9775200810036837,0.7934418293573555,0.9323345609629299,0.937914277797153,0.9157617220296757,0.8744481603927647,0.9418654668890596,0.9829917353040782,0.9401042088409286,0.7908102298540949,0.7644084932766945,0.9398636845831869,0.7861543276554562,0.9398636845831869,0.8726904482574116,0.952904481298952,0.7693380158820629,0.922094368012589,0.9032620922382996,0.9398636845831869,0.8667378392683935,0.8619501567128618,0.9220943680125893,0.8437213529293757,0.8952067668476964,0.8772718095610746,0.991511387719873,0.8393503898285484,0.9751828268492605,0.8927761013223363,0.8427180104423655,0.8926703623948281,0.8752679679528752,0.9700351664034114,0.9696315366465988,0.5511985778409993,0.9442911856940015,0.8681962088300326,0.8604489406043498,0.9514652625474738,0.8056038403529912,0.9470390403999657,0.9379142777971528,0.8904541302277535,0.919817855657202,0.9315659176140885,0.88112785206906,0.8774428252701514,0.9398636845831869,0.8468201848950914,0.9976859924857044,0.7762180107355467,0.9398636845831869,0.8875382141796819,0.7622482528379304,0.9505286850464207,0.9696315366465988,0.9379142777971528,0.921266320000975,0.9188871236697297,0.8968355718577374,0.999744732490999,0.9956958720067637,0.7549722614362551,0.8512498542371472,0.9398636845831869,0.9974846527946568,0.9398636845831869,0.9505286850464207,0.8421019296104755,0.8630676692554227,0.9553906988562066,0.923124044616828,0.8671824552466778,0.9551827331085334,0.9476888747140071,0.9398636845831869,0.9960218426394749,0.8130253154590172,0.7817216699247903,0.9921724780907231,0.8996713357710029,0.9290729285038275,0.9112065483416407,0.9496699001876994,0.9010728262563199,0.8731720022848473,0.8287143870292146,0.9010728262563199,0.9871307482212135,0.9460501530640815,0.9543810721294508,0.9010728262563199,0.9553906988562066,0.9624721270225212,0.9418654668890594,0.7154031895471503,0.9379142777971528,0.9496699001876994,0.7623333429754702,0.8718992107694512,0.8996713357710031,0.9237321696604077,0.898279654991218,0.9602126215445626,0.9928618019927207,0.9747821421515683,0.9497279688060372,0.8945436312571666,0.9842127613506938,0.8788170634534764,0.9312485969328888,0.926199951725728,0.8252984164236823,0.9998238347481486,0.995812608116145,0.8834941755373982,0.8736872401527206,0.9142266602978069,0.7111123734663686,0.8821881173643273,0.9460501530640812,0.9868659623160064,0.9786819594155434,0.9127085925971725,0.853860720598412,0.9024846512059139,0.951689513216182,0.9623863318992857,0.9810661291837658,0.9496699001876994,0.9964123220916106,0.8321251814261457,0.8257270167791618,0.8145023107544365,0.8821881173643276,0.9269904922748404,0.921979895548813,0.9819538956711097,0.9459699654019067,0.9188871236697294,0.9615633836644075,0.7589566818308296,0.9460546403839527,0.9609642629291475,0.8615066484717837,0.9288025889967637,0.9971013535596109,0.9379142777971528,0.8411769936250608,0.76158753912642,0.995812608116145,0.9418654668890594,0.8655788710295138,0.9142266602978062,0.6342404219710978,0.9766413918962569,0.8381847602503403,0.8557099775883149,0.9035337647796048,0.9894969760647812,0.8773656490592001,0.9426603652680073,0.8485555080319508,0.9439253608596805,0.8601882758465698,0.9671761235857239,0.9482479709168006,0.8731720022848473,0.9022732162471886,0.9415131363853565,0.9762381701099258,0.8643222344048871,0.9505286850464207,0.8917305212053454,0.9482479709168004
p159_F,0.9646084033357696,0.9413411539914587,0.7832742002999458,0.9683086794376969,0.9492063492063492,0.9510697823313444,0.8218101169360227,0.8641666531196579,0.9038142386822654,0.9602211523225768,0.9470390403999658,0.9475597985845114,0.9475597985845114,0.6194273731601161,0.9106019687464653,0.885400876353422,0.9950603702402813,0.9166547403069654,0.5702736596001141,0.9574863565447541,0.8875255844205971,0.9384124008873465,0.9888877218166614,0.9508971383859763,0.9369854052620168,0.9314886672615053,0.510610755287114,0.9164419655193168,0.9574863565447541,0.8584594219684041,0.92500133164067,0.9544316996038,0.9428469360414604,0.9188361382271666,0.9492063492063492,0.9582144552981327,0.9508971383859763,0.52509375916951,0.962321115805955,0.6214526147292143,0.8993922310882434,0.9328339505740533,0.9510697823313444,0.9613940628375296,0.944383427890573,0.8491014855124586,0.9526370111116409,0.9004911494084336,0.930160641445072,0.8918007079504511,0.9544316996038,0.7538267877148157,0.9314886672615053,0.9413411539914585,0.9428469360414604,0.9288488221297497,0.9288488221297497,0.9492063492063489,0.8058499662916012,0.9459533477380777,0.9060540201833018,0.8898549672341266,0.9314886672615055,0.8993922310882434,0.9562880686171875,0.9116054303797048,0.9544316996038,0.8559522762859699,0.8356986313379361,0.9582144552981327,0.5358160124688334,0.9301606414450718,0.8537698412698409,0.8266892096935967,0.9492063492063489,0.8864622842804519,0.9384124008873465,0.9398636845831869,0.852319744891971,0.6912424767432422,0.9470390403999658,0.9865548062843288,0.6924077444083607,0.9314886672615055,0.9492063492063489,0.5580771559533033,0.8954014960722595,0.8331081253920931,0.8939536575643376,0.9475597985845114,0.9492063492063489,0.6749658363834112,0.8166023125927325,0.854894908007491,0.926270021131592,0.9004911494084338,0.6466699858728491,0.8875255844205974,0.87766176641192,0.818749855334769,0.9779134885361098,0.9526370111116407,0.32837301587301615,0.8295628050627425,0.8706662210952583,0.9582144552981327,0.5727714044714185,0.8823123130144253,0.936985405262017,0.8289245259008577,0.6906840413280788,0.9328339505740533,0.7937812374916594,0.9501760208500687,0.9526370111116409,0.7937866699170062,0.9413411539914587,0.9582144552981327,0.9623211158059548,0.8893007587699875,0.9613940628375297,0.6962280582750633,0.41120738041697,0.97201754229775,0.9314886672615055,0.8402244909810186,0.9508971383859763,0.8927713255769505,0.9886251033694344,0.9152582079543843,0.872763168035608,0.9526370111116407,0.9544316996038,0.962321115805955,0.944383427890573,0.6716454483484405,0.8790644420447884,0.8280234816778033,0.9544316996038,0.9459533477380777,0.8538298882877686,0.9602211523225768,0.8244397822834255,0.7351144135712415,0.6894172387977859,0.9106019687464653,0.9292058051524483,0.8420784215528956,0.930160641445072,0.7866211206538799,0.9602211523225768,0.9060540201833018,0.7715493131722808,0.8811713725919916,0.9005384212506022,0.930160641445072,0.9577469687805371,0.6204042312715132,0.8570084033315835,0.6613638028274371,0.8222935225335393,0.9526370111116407,0.9610880275993517,0.8590530004149179,0.9345140465701831,0.6081911539429217,0.8612222667022575,0.9372344714402792,0.9262700211315922,0.9358796528302649,0.9225015741707874,0.9475597985845114,0.92884882212975,0.7982515614792725,0.9155456680159728,0.7182088539361109,0.963200230518242,0.8706662210952583,0.9647506825559773,0.6928550600870438,0.9117550006367758,0.9240490045471226,0.9288488221297497,0.9475597985845114,0.859117285745659,0.6524881350591024,0.8580633769736241,0.9015943008452878,0.9413411539914585,0.9237454173815309,0.9919305345581159,0.9038142386822656,0.8012601664247332,0.8462580005670897,0.9749557273192732,0.9492063492063489,0.9508971383859763,0.37076935752005236,0.9004911494084338,0.8651353356666012,0.8918007079504511,0.9475597985845114,0.9492063492063489,0.9333068873774844,0.7897778653703156,0.9602211523225768,0.9492063492063489,0.9217519020931764,0.9152582079543843,0.8864622842804519,0.8570084033315833,0.9049315186013057,0.9475597985845114,0.9492063492063489,0.9490768789214074,0.9492063492063488,0.8117838598171898,0.7741602544976014,0.7798729832649693,0.9492063492063489,0.8612222667022574,0.9492063492063489,0.7926116757012818,0.9071820194155726,0.521760812026965,0.8759110188590662,0.9526370111116407,0.8557200473059945,0.9459533477380777,0.6379651977370264,0.9384124008873465,0.9749557273192732,0.9053814730128105,0.9188361382271666,0.9544316996038,0.8993922310882434,0.8907283270583692,0.7876282222528325,0.9345140465701829,0.9992249226337293,0.9152582079543841,0.944383427890573,0.661363802827437,0.9459533477380777,0.9492063492063489,0.9811718853428998,0.9492063492063489,0.73347139529789,0.5288821408683531,0.9544316996038,0.9275522446953857,0.8557200473059946,0.9508971383859763,0.9140827360776211,0.9369854052620168,0.634833664716582,0.9398636845831869,0.8927713255769505,0.9526370111116409,0.6368216679345606,0.871714603882036,0.8442340263447985,0.9475597985845114,0.9562880686171875,0.7908390252103973,0.962321115805955,0.8628210251713138,0.8333555867103823,0.9328339505740533,0.870666221095258,0.594101287568235,0.9544316996038003,0.9397939692726387,0.8823123130144251,0.778004650958132,0.9582144552981327,0.8289245259008577,0.9564021026822451,0.9341976401680094,0.6758878328548223,0.9582144552981327,0.8823910523641698,0.8141237078825925,0.9562880686171875,0.8982973238138034,0.9683086794376969,0.207515703778703,0.9188361382271666,0.8070467719220207,0.9459533477380777,0.9526370111116409,0.9526370111116407,0.8329007801417365,0.9632002305182419,0.7985559379258662,0.9477359881289869,0.885400876353422,0.764258389170195,0.9582144552981327,0.9492063492063492,0.97998139075904,0.8055821814466966,0.4654487838138104,0.8874655807210459,0.9734392564424443,0.9526370111116407,0.930160641445072,0.9596571364772952,0.9261320789662508,0.9094556823349396,0.9883712637744559,0.7741602544976014,0.8402244909810184,0.8651353356666012,0.6995023882590958,0.9602211523225768,0.9791361767729916,0.9602211523225768,0.9188361382271666,0.9152582079543843,0.764781609544028,0.9526370111116407,0.9492063492063489,0.9544316996038,0.6327932917807784,0.9314886672615055,0.9582144552981327,0.9562880686171875,0.9886251033694343,0.9492063492063489,0.9369854052620168,0.9582144552981327,0.962321115805955,0.9250049848928681,0.9393503047271476,0.9341976401680094,0.9544316996038,0.8628210251713138,0.9370838132445304,0.6827937197173928,0.9428469360414604,0.7702589442275862,0.9526370111116409,0.9188361382271668,0.873282791650819,0.9413411539914585,0.9106019687464653,0.962321115805955,0.8501737928062842,0.9486051204234525,0.8343546973790357,0.944383427890573,0.9475597985845114,0.9430021428738234,0.9899936426963007,0.8925836270476606,0.8082384637825228,0.8062889078890342,0.9492063492063489,0.853836211312412,0.9176344520056336,0.9200475251844389,0.9613251513423888,0.9602211523225768,0.9056892759978576,0.9492063492063489,0.9492063492063489,0.9301606414450718,0.9038142386822656,0.7021391001047339,0.9492063492063488,0.9602211523225768,0.9492063492063492,0.9225015741707872,0.8972062142375334,0.9027381357638635,0.9851190476190476,0.5658815397621342,0.9384124008873465,0.8442472072815895,0.877820999631221,0.9492063492063489,0.8811713725919916,0.9164419655193168,0.8048319931549088,0.7793424105844198,0.9370619345667415,0.7079166404470218,0.9526370111116407,0.881017515421564,0.9492063492063489,0.8343813277693912,0.9166547403069655,0.859117285745659,0.8476530544192663,0.981381831638016,0.7872480405754185,0.9428469360414604,0.9492063492063489,0.8961186971729784,0.8331081253920931,0.9492063492063489,0.8906643852161655,0.8656145170140813,0.8420784215528956,0.811207134843238,0.83064042010879,0.9492063492063489,0.7793424105844199,0.8559522762859697,0.9562880686171875,0.7801667267201029,0.8399383708739914,0.9071820194155724,0.9083158055901508,0.6963039067136747,0.9526370111116409,0.9358682901281237,0.8864622842804519,0.9355809960386168,0.8527760996057683,0.9940100642211116,0.7704128269290068,0.9888877218166614,0.9544316996038,0.5117038271562218,0.9492063492063489,0.9582144552981327,0.6374771177366507,0.812956094083435,0.9398636845831869,0.9274061806725941,0.9459533477380777,0.8836043876025731,0.9508971383859763,0.9459533477380777,0.9470390403999658,0.0,0.9413411539914587,0.8790644420447884,0.9038142386822656,0.9582144552981327,0.8463809254714862,0.9602211523225768,0.9413411539914587,0.935580996038617,0.9429617878946375,0.6184246576716022,0.9602211523225768,0.8281550331548588,0.9164419655193168,0.6388630484112332,0.9842968264073597,0.950796863752391,0.9027019168030599,0.9526370111116409,0.9188361382271666,0.8993922310882434,0.876961388806675,0.6469450309014357,0.8735543267995423,0.9470390403999658,0.92500133164067,0.7423832325596815,0.8007464875602455,0.7017226396115968,0.8739479665019892,0.9576056404638935,0.8907283270583692,0.9400771100284837,0.9341976401680094,0.935580996038617,0.8079402234382973,0.9398636845831871,0.9130676179019632,0.9341976401680097,0.9580166426603276,0.753933499231654,0.8374011676109453,0.7622165788456624,0.8511420268993708,0.6017678552900586,0.9870810478556494,0.9582144552981327,0.869044468641188,0.8918007079504511,0.4408515443948574,0.9971276925647266,0.38949835154882184,0.9950603702402813,0.9544316996038003,0.9582144552981327,0.9809662470451701,0.8837694824533626,0.9129151319089193,0.9475597985845114,0.9475597985845114,0.8233095582802457,0.9471856021934963,0.944383427890573,0.800642910662362,0.9492063492063489,0.9562880686171877,0.9492063492063489,0.9492063492063489,0.818749855334769,0.935580996038617,0.9927913675399127,0.9492063492063489,0.8094251427518591,0.8377384241745152,0.956466487927786,0.6549904556418005,0.8811713725919916,0.8238363834215013,0.9791361767729916,0.9027019168030599,0.8399134433261006,0.9428469360414604,0.8864622842804519,0.9562880686171877,0.9176344520056339,0.8061796741685838,0.8559522762859699,0.92500133164067,0.9389176628943107,0.9459533477380777,0.8487722487984959,0.968354383009318,0.7704088878251923,0.9526370111116409,0.9851427757797315,0.9384124008873465,0.5525372910928821,0.9355809960386168,0.8485197883378757,0.5658815397621344,0.9060540201833018,0.9355809960386168,0.9647506825559773,0.9526370111116407,0.9384124008873465,0.5073346218059627,0.9564021026822451,0.8570084033315835,0.9810708463392349,0.9544316996038,0.8881467049745084,0.9443834278905732,0.8825202648944827,0.9253254956419288,0.9886251033694344,0.8611779244813154,0.9262700211315922,0.7778515786059423,0.8238363834215012,0.846380925471486,0.9027019168030599,0.8268937139146135,0.9938077685674778,0.972807232250656,0.9805093316037125,0.9492063492063489,0.9544316996038,0.9164419655193168,0.9492063492063492,0.8927713255769505,0.9384124008873465,0.9459533477380777,0.6447424651008546,0.7872480405754184,0.9044988266272496,0.8046479448175352,0.9602211523225768,0.7539334992316539,0.9398636845831869,0.8664724446651941,0.9459533477380777,0.9428469360414604,0.9090749946786869,0.6999158796921268,0.9865548062843288,0.808854675956181,0.880117361849238,0.8176054671370334,0.8633240709217584,0.5509288963753094,0.8898549672341267,0.9243203844516432,0.92500133164067,0.9602211523225768,0.9369854052620168,0.9508971383859763,0.8039304479509244,0.9811718853428998,0.8928757609748676,0.9475597985845114,0.7792280426333984,0.7702589442275862,0.9623211158059548,0.9804909699582387,0.9526370111116407,0.9076027506473454,0.9971276925647266,0.9328339505740533,0.9784157310816315,0.97201754229775,0.9369854052620168,0.8982973238138034,0.9398636845831869,0.9475597985845114,0.9544316996038,0.962321115805955,0.9492063492063489,0.9188361382271666,0.9294246480784081,0.8640713420057806,0.588217743728639,0.9492063492063488,0.8832831707913575,0.797842409299364,0.9060540201833018,0.9225015741707872,0.9038142386822654,0.638863048411233,0.8811713725919916,0.762737275909921,0.9275522446953857,0.9749557273192732,0.8506512873935239,0.6428073786283004,0.9562880686171877,0.594084559162765,0.9288488221297497,0.9526370111116407,0.9137080532218429,0.9510697823313443,0.9275522446953857,0.37076935752005213,0.962321115805955,0.9413411539914587,0.5314398474002895,0.9194444444444442,0.9020234243808677,0.8843412180810764,0.9582144552981329,0.9492063492063492,0.9938077685674778,0.8529585859137301,0.8874655807210459,0.9475597985845114,0.9544316996038,0.944383427890573,0.9475597985845114,0.9475597985845114,0.9188361382271665,0.9492063492063489,0.944383427890573,0.9071820194155725,0.9492063492063489,0.6469450309014355,0.929862328974965,0.8846149163346164,0.9526370111116409,0.9562880686171875,0.9508971383859763,0.9475597985845114,0.7509151724713118,0.8580633769736239,0.9355809960386168,0.8409971458279797,0.9492063492063489,0.9871891849714203,0.9526370111116407,0.9610880275993517,0.7935775465776653,0.6477717584440761,0.9582144552981327,0.9813818316380161,0.936985405262017,0.9137080532218429,0.6284764518573087,0.9194444444444441,0.9580166426603276,0.6263018192254981,0.9339500363880902,0.8388272306092,0.7208444903662716,0.9582144552981327,0.9301606414450718,0.9526370111116409,0.49276423891557075,0.8720509229668816,0.9492063492063489,0.9492063492063492,0.8822265994777516,0.9602211523225768,0.7166704674330449,0.944383427890573,0.9964123220916106,0.8244397822834255,0.9459533477380777,0.7910509366485663,0.7846176027958291,0.9492063492063489,0.9492063492063489,0.9140827360776211,0.7872480405754185,0.5940845591627646,0.7953507180148169,0.8453085223330432,0.8112071348432381,0.7722191842821257,0.7997856146881548,0.9328339505740533,0.8129560940834348,0.9492063492063489,0.9851427757797314,0.9544316996038,0.962321115805955,0.7872480405754184,0.9582144552981327,0.8898549672341267,0.9492063492063489,0.9492063492063489,0.8584594219684041,0.656746031746031,0.8383696574524353,0.9507968637523909,0.8004702785962421,0.8993922310882434,0.9274061806725942,0.8735543267995425,0.8344556057285122,0.8434426242850427,0.9492063492063488,0.6999158796921268,0.817599777220966,0.9508971383859763,0.9582144552981327,0.8864622842804519,0.8938586101242291,0.9661032464830347,0.645458554626814,0.9508971383859763,0.8904561153277739,0.9492063492063489,0.8266892096935967,0.8202213519738351,0.8993922310882434,0.962723584385432,0.7825699089429315,0.9413411539914587,0.9049315186013058,0.7450523201144436,0.9562880686171875,0.8685695845092947,0.8622735200335971,0.944383427890573,0.9602211523225768,0.9858842152953933,0.9314886672615053,0.812956094083435,0.9544316996038,0.9475597985845114,0.8759110188590662,0.9288488221297497,0.5716405755742964,0.9212691469911802,0.962321115805955,0.6571574449861832,0.962321115805955,0.9623211158059548,0.9414106494210732,0.9200475251844389,0.9702236782844957,0.9492063492063492,0.957486356544754,0.9384124008873465,0.9384124008873465,0.7854289820793148,0.9428469360414606,0.9475597985845114,0.9288488221297497,0.8939536575643379,0.9508971383859763,0.8652191323111957,0.9176344520056336,0.8233095582802457,0.8010095457376826,0.9492063492063489,0.638863048411233,0.9492063492063492,0.8744980681654766,0.9602211523225768,0.9328339505740533,0.9341976401680097,0.6473831763250305,0.9492063492063489,0.8046479448175352,0.7953507180148167,0.9341976401680097,0.8058499662916012,0.8266892096935967,0.8129560940834349,0.9544316996038,0.8221755430097131,0.9358796528302649,0.8058499662916012,0.8284086162176745,0.5313517461809378,0.7662790430154062,0.9623211158059548,0.9044988266272495,0.9851190476190476,0.8762768783002746,0.9301606414450718,0.8388272306092,0.9027019168030599,0.7604073710900017,0.9492063492063489,0.9475597985845114,0.8720509229668816,0.9874185022010289,0.7704088878251921,0.8611779244813154,0.8373183370723898,0.9492063492063489,0.7884981212068207,0.8633240709217584,0.4820060573593872,0.9492063492063489,0.8399134433261006,0.9428469360414604,0.9582144552981327,0.935580996038617,0.9475597985845114,0.9674473865880053,0.9314886672615055,0.5804841331053714,0.9779134885361098,0.9083158055901508,0.9888877218166614,0.8144281988985189,0.9492063492063489,0.9275522446953857,0.9492063492063489,0.9582144552981327,0.7541282748365794,0.8843412180810764,0.962321115805955,0.926270021131592,0.7999960359115467,0.9836006869587253,0.9225015741707872,0.9492063492063489,0.9204798919093111,0.8210376473859948,0.6598989712921821,0.92500133164067,0.9152582079543845,0.9544316996038,0.92500133164067,0.9237454173815309,0.9164419655193168,0.8928757609748676,0.7524297972473155,0.9164419655193168,0.9225015741707874,0.24790396509541412,0.885400876353422,0.9164419655193168,0.962321115805955,0.9314886672615055,0.9508971383859763,0.9551293872486744,0.47810431900100003,0.9237454173815309,0.986554806284329,0.7832742002999458,0.9152582079543845,0.9355809960386168,0.9140827360776209,0.9301606414450718,0.9475597985845114,0.9384124008873465,0.9263050774651864,0.6194273731601163,0.9015943008452878,0.8333555867103821,0.9117550006367758,0.9486714815870392,0.5716318654152466,0.9508971383859763,0.9526370111116409,0.9400050159634596,0.9305175527166338,0.9275522446953857,0.7340174144965674,0.947020750842453,0.9544316996038,0.9562880686171877,0.9279211061273759,0.926270021131592,0.8123239156849462,0.9176344520056336,0.92500133164067,0.9626363586120699,0.5741591839972232,0.9237454173815309,0.9492063492063489,0.8366469404145516,0.7855052964665203,0.7519093874149441,0.9386131743457118,0.9411064460313616,0.8176392862623293,0.9188361382271666,0.9759275434312635,0.9314886672615053,0.944383427890573,0.9783994202533962,0.7221853653913995,0.9700073495187167,0.8727577406615228,0.551198577841,0.9750701654313522,0.47810431900100014,0.8832831707913575,0.7143607147557591,0.9526370111116407,0.9508971383859763,0.8864622842804519,0.9275522446953854,0.9526370111116409,0.8982973238138034,0.8950935460094678,0.7961130331386898,0.9919305345581159,0.9459533477380777,0.8322525541058987,0.9087308614830325,0.7876282222528324,0.9526370111116409,0.859117285745659,0.9865548062843288,0.9562880686171877,0.8928757609748676,0.6040001669261884,0.9813818316380161,0.9602211523225768,0.8008208246179418,0.9582144552981327,0.7774457358293267,0.9562880686171877
p159_I,0.9381704043554089,0.8135176651305679,0.8750464770419488,0.968584112433893,0.9413411539914585,0.9564866901437921,0.955292649727508,0.8867294061419502,0.8889202553233964,0.9540615556502023,0.9699358505776485,0.9394396415413293,0.9394396415413291,0.8879743544154317,0.9690823363812229,0.9290085666695178,0.8510991623286307,0.9208799593226005,0.9517441295565185,0.9540615556502023,0.9321494820664493,0.9288758056186719,0.839875704634913,0.9971196828020042,0.8816008595546367,0.9208799593226007,0.9576638699377621,0.9795518972928103,0.9735307058746405,0.9868196738408369,0.9547568354430374,0.9473756291574582,0.933997010939813,0.906268236387799,0.9991271005058253,0.7025265822012223,0.9432937551644589,0.9099530649250307,0.9564866901437921,0.992980876159153,0.9504069818881509,0.9224335544163886,0.8911016107831405,0.9731591616434458,0.7445344547195003,0.962571890789352,0.9453030402757783,0.9186255087204844,0.919346293979701,0.8750464770419488,0.8612104505251644,0.8247546732323942,0.9654186216767151,0.9322580645161287,0.9619697063034163,0.9610024953181504,0.9610024953181504,0.9413411539914582,0.9986370006333951,0.9531057683512587,0.8915068580997119,0.8566567487054069,0.9208799593226005,0.9504069818881509,0.9495194495442563,0.9982235674385947,0.8612104505251643,0.9975245097920247,0.9820977941296496,0.7716724398496738,0.9714966704969945,0.94914446122858,0.9991271005058253,0.8255007082136079,0.9413411539914582,0.8688814196559584,0.7786756435711464,0.9803079821283598,0.8214753057378958,0.9564866901437921,0.8704235159896646,0.8456507732192375,0.9567930807361522,0.9208799593226005,0.9413411539914582,0.9413487659113852,0.7786756435711466,0.9751853430800136,0.8775328023580433,0.9394396415413291,0.9413411539914582,0.9978886501497104,0.8824850645347537,0.8952765084297516,0.9987329349189487,0.9857113284303716,0.8763649868293695,0.943770289005345,0.8428346483797935,0.8414412055001192,0.9958263540139827,0.8699551875944519,0.943086952979808,0.916547861978305,0.8048424200144324,0.9517441295565183,0.998404903624045,0.9653573636617319,0.9272278453848009,0.8281698192730857,0.7326238934124736,0.9870038583237335,0.9527809928758626,0.8954352541336303,0.9453030402757783,0.9482125213246311,0.864362519201229,0.9517441295565183,0.9673074603196742,0.9185407488564348,0.9162476745056902,0.9596850215420891,0.9771865070849177,0.9961255853556192,0.7673494041985991,0.9165213811261108,0.9432937551644589,0.9507709687133314,0.995589441680881,0.9021362778138218,0.8530610496352258,0.6852134154646814,0.9250150906309564,0.9564866901437921,0.9357714224531068,0.8864409491651315,0.9495814971445093,0.9250150906309567,0.9888197307367493,0.9375844381576608,0.9251021025890651,0.9540615556502021,0.8483853426939749,0.9751777096137954,0.9127502317732938,0.8967590384461328,0.9082541747635315,0.8176248919537716,0.919346293979701,0.7955111581003192,0.8287152289243247,0.8915068580997121,0.9478496729519879,0.8627712312932625,0.9888197307367493,0.963182708910274,0.9916839331160181,0.9502768986869882,0.9170608799974957,0.9903614764146604,0.9527809928758625,0.8083745968845285,0.8456507732192378,0.8716025561676644,0.9797685521491151,0.9035033355391053,0.9659506189056432,0.9504069818881509,0.7915677941670687,0.9276111209519073,0.7670597173877403,0.9394396415413291,0.9178313446502835,0.9977691118281806,0.8855004115591232,0.9336313785979395,0.9517441295565183,0.9941886409515408,0.9470007361724493,0.8688814196559582,0.9345971140255251,0.9025386219355653,0.6504571486710471,0.9394396415413293,0.8869529065822133,0.9397974943297969,0.918540748856435,0.9201534922716772,0.9322580645161287,0.9655891004529173,0.8984508716057181,0.9575801908751347,0.9759758984177156,0.9560093754209937,0.9339973694561903,0.9413411539914582,0.9432937551644589,0.9375844381576612,0.952168418575428,0.9816772932458204,0.9703451316482044,0.9482607581795672,0.9413411539914582,0.8669757326584286,0.7820737488859135,0.9540615556502023,0.9413411539914582,0.9631081363114834,0.902136277813822,0.8997273685499723,0.8622647747663007,0.9248203613454188,0.9394396415413291,0.9413411539914582,0.9751625815799818,0.9413411539914588,0.8330219561091066,0.7932155644827403,0.7994725226473915,0.9413411539914582,0.9381911481119678,0.9413411539914582,0.967633741208977,0.9632064435946428,0.9443995409534844,0.9672980499400738,0.9315357783043753,0.9093004346598592,0.9375844381576608,0.925605968967548,0.9288758056186721,0.8990982149673707,0.9093832453988209,0.8604594797352194,0.9250150906309568,0.950406981888151,0.9999046168119617,0.9557539823910066,0.9874049319751843,0.902136277813822,0.9021362778138218,0.9357714224531068,0.9176091589676255,0.9375844381576612,0.9413411539914582,0.921694838603619,0.9413411539914582,0.8430245326798034,0.9097516894125139,0.9473756291574582,0.9560464317857673,0.9093004346598591,0.9432937551644589,0.9007787887826326,0.9771865070849177,0.9319149402192523,0.9305518148343681,0.8397330855386309,0.945303040275778,0.8598629290126197,0.9671649000856168,0.8201142835916595,0.9394396415413291,0.9495194495442563,0.9144736657015357,0.9564866901437921,0.9850396051708988,0.9850396051708988,0.9224335544163886,0.8793492472178117,0.9108906414219016,0.9888197307367492,0.9589146319184885,0.9653573636617317,0.7932109827381262,0.9517441295565183,0.802434167770548,0.9007787887826324,0.8917189373891496,0.9784557376845573,0.9517441295565183,0.8287530636873144,0.9369145067566209,0.9495194495442563,0.9486651539080437,0.950806129547646,0.945303040275778,0.8604594797352193,0.7771687304254189,0.9531057683512587,0.945303040275778,0.623632824754758,0.8584735820493288,0.9791100127950296,0.7923073440510913,0.8324259604645756,0.9482856138401969,0.8884020077110693,0.9099641551465778,0.9413411539914587,0.992980876159153,0.9922393349032013,0.9473756291574582,0.846602818574427,0.985218760269242,0.5620522340448343,0.9631827089102742,0.9035033355391051,0.9099539026069614,0.8954352541336303,0.9274547390804546,0.97103593440516,0.9093832453988206,0.9142056949836486,0.7995332891452014,0.8287152289243254,0.8889202553233966,0.9540615556502021,0.9840256643467928,0.9021362778138218,0.961248261883892,0.945303040275778,0.9413411539914582,0.947375629157458,0.9898131261783945,0.9900427159691708,0.9517441295565183,0.7852573409184237,0.8921109580400148,0.9413411539914582,0.8816008595546362,0.9517441295565185,0.9564866901437921,0.7054628229108715,0.7956412787064457,0.9838552657289735,0.9888197307367493,0.911255877793866,0.8372667111939222,0.9750206691499415,0.9339970109398132,0.9994435641968931,0.9453030402757783,0.9382169076942133,0.9654475697691587,0.9322580645161287,0.8967590384461326,0.5100723631004743,0.9029453185461607,0.9840256643467928,0.8675831283886297,0.9890537762576723,0.9394396415413291,0.6928375377608594,0.9176091589676256,0.7771687304254189,0.7785449510404485,0.9301513240863679,0.9413411539914582,0.8855004115591232,0.9413487659113849,0.9470007361724493,0.9048804738246028,0.9540615556502021,0.8479191510020669,0.9413411539914582,0.9413411539914582,0.919346293979701,0.9919101586510037,0.914527400260391,0.9413411539914588,0.9735307058746404,0.9413411539914587,0.9508061295476461,0.9141155203977138,0.8069216955337821,0.5385853273792415,0.9527620984712089,0.9736413441112676,0.9349567809687966,0.945224205087771,0.9413411539914582,0.8968969039346206,0.9415276164159578,0.9403868029183242,0.9573043625686208,0.9527620984712089,0.9066164643331465,0.945303040275778,0.7645025327695425,0.9413411539914582,0.8601491833039909,0.6337334171362555,0.9972508812949249,0.9068444284653037,0.9432937551644591,0.8075751455130833,0.961969706303416,0.9413411539914582,0.880033089756592,0.9997730366745122,0.9413411539914582,0.8431158988391065,0.887548363152477,0.945024541480167,0.9099539026069614,0.7966033433879527,0.9413411539914582,0.9820977941296498,0.9702116011640312,0.9178689456870835,0.9907037377430259,0.9099539026069614,0.8928095235358378,0.8941188719993174,0.9895595299788169,0.9453030402757783,0.9852187602692422,0.8688814196559582,0.9725096342470558,0.8299790629918338,0.8549750371322531,0.9196818137481622,0.925605968967548,0.9473756291574582,0.9455040536150564,0.9413411539914582,0.7716724398496732,0.9201534922716772,0.910092361004756,0.9803079821283598,0.9163339973465923,0.9375844381576608,0.8335293624850733,0.9375331207684676,0.992239334903201,0.8206673486956733,0.9413411539914587,0.0,0.860338050913668,0.8889202553233966,0.9517441295565185,0.8225936215266274,0.9540615556502021,0.9831029185867897,0.9805867004734363,0.995019040987239,0.9776172307537021,0.9540615556502021,0.9316756653308288,0.9795518972928103,0.9343562137455398,0.8964412710638558,0.9288758056186721,0.8739502986720542,0.9315357783043752,0.8604594797352193,0.9171102496467267,0.8873780235023772,0.9700765701011145,0.9171102496467269,0.9305518148343681,0.9133880855304555,0.8435975375251974,0.8860908633652909,0.9940400008298871,0.7445344547195,0.8610898631243125,0.8420454406084505,0.9105012505384158,0.9700765701011145,0.9805867004734364,0.9318526665830541,0.9201796832836568,0.739378472164123,0.9240084059312026,0.8721292828577811,0.914899677409792,0.9315357783043753,0.8744831409853471,0.9504887906493305,0.979791455977388,0.9164060891461528,0.9517441295565183,0.915064951238725,0.8750464770419488,0.9495194495442563,0.7923024174460744,0.9576638699377621,0.9576638699377622,0.9888197307367493,0.9517441295565183,0.8797681649066351,0.8941722438873214,0.9531120624559779,0.9394396415413291,0.9394396415413291,0.9998457670027974,0.9632064435946426,0.9576638699377624,0.9751777096137952,0.9413411539914582,0.9495194495442565,0.9413411539914582,0.9413411539914582,0.7906839898526721,0.925605968967548,0.9770956216737102,0.9413411539914582,0.7799153825380123,0.8126128632076961,0.9397586843685548,0.8722594018245532,0.8368139377415917,0.7981246493684109,0.9737598735731273,0.8876356948162312,0.8151246754418036,0.8579364235466447,0.915196938085943,0.9495194495442563,0.981765853956609,0.9588818650935282,0.8882728752800502,0.9547568354430374,0.9099530649250309,0.992239334903201,0.975786340384567,0.9178689456870834,0.9778386249550355,0.9931163690142987,0.918625508720484,0.9776172307537021,0.9417225646937947,0.9725096342470558,0.9856848225385286,0.9935864990091459,0.8915068580997121,0.925605968967548,0.9470007361724493,0.945303040275778,0.9776172307537023,0.9971196828020042,0.9875129768195829,0.8896628273818983,0.8698496749892745,0.9473756291574582,0.9185508043089182,0.9357714224531071,0.9931087743093212,0.8725725017627857,0.8921109580400148,0.8908089932850713,0.7915677941670687,0.9564866901437921,0.7981246493684109,0.8758557632723745,0.8876356948162312,0.9267535907127284,0.9736413441112677,0.9632064435946426,0.9246516572446783,0.9413411539914582,0.9473756291574582,0.9415276164159581,0.9991271005058253,0.9659506189056432,0.9288758056186717,0.9531057683512587,0.9148532265533558,0.9883733563185115,0.7929720393554056,0.7743984544652451,0.9540615556502023,0.7655982280598336,0.9699358505776486,0.8457962327200859,0.9375844381576608,0.8059197821682592,0.9985369938138993,0.9397586843685546,0.9377871015590615,0.8069425677590432,0.9590893457666488,0.9574267912579479,0.8701137570031572,0.7438233377967283,0.8308284328760598,0.9659506189056432,0.9133880855304555,0.9540615556502023,0.9771865070849176,0.9432937551644591,0.8194098423840849,0.9898131261783945,0.9082541747635318,0.9394396415413291,0.9887105720407259,0.947933506994979,0.9564866901437921,0.919833681734229,0.945303040275778,0.979791455977388,0.7542781365692213,0.9677148480463278,0.9784557376845573,0.9961255853556192,0.9771865070849176,0.9486651539080436,0.9305518148343679,0.9482607581795671,0.9473756291574582,0.8148957612466078,0.9413411539914582,0.9840256643467928,0.8738474256990825,0.9527809928758624,0.9863342705377391,0.9413411539914588,0.9259113651114301,0.7937021142820202,0.8915068580997119,0.9508061295476462,0.8889202553233964,0.7755251227351135,0.9228541974862918,0.9742045268695441,0.9588738543024724,0.9688965239450098,0.854441379234226,0.9051891110898549,0.9495194495442565,0.9761277300342177,0.9610024953181504,0.869955187594452,0.9097516894125137,0.9564866901437918,0.9985862887416475,0.9922393349032013,0.8911016107831408,0.9322580645161287,0.8663129020103818,0.9991271005058253,0.9758586029978125,0.9199882001548086,0.9517441295565185,0.9413411539914587,0.9288758056186719,0.7573484582737835,0.7966033433879527,0.9394396415413291,0.8612104505251649,0.9890537762576723,0.9394396415413291,0.9394396415413291,0.9840256643467928,0.9413411539914582,0.9357714224531068,0.9632064435946429,0.9413411539914582,0.9838552657289732,0.8736172758491526,0.9791100127950296,0.9453030402757783,0.9495194495442563,0.9432937551644591,0.9394396415413291,0.8618174017784853,0.8635702858013483,0.925605968967548,0.8163761849746591,0.9413411539914582,0.8256027962289421,0.8083745968845284,0.9700765701011145,0.985566023023569,0.9651353935154794,0.9517441295565183,0.7587734346678575,0.9272278453848011,0.9849965025219793,0.9272278453848009,0.8853010064654409,0.8721292828577809,0.8122628803620602,0.9547568354430374,0.8400645448984387,0.9305518148343681,0.9099641551465774,0.963182708910274,0.9931163690142985,0.8608012562583445,0.8176248919537716,0.9413411539914582,0.943086952979808,0.9548457267991718,0.9540615556502023,0.943302164257533,0.9043815161331966,0.5221303449317238,0.8995157059831183,0.9375844381576608,0.8581315750722616,0.8505200084421882,0.9413411539914582,0.9413411539914582,0.9875129768195829,0.9599700120227945,0.9761277300342177,0.7981246493684111,0.8213551610187868,0.9857942543552967,0.9486060873815052,0.8686302527663394,0.9870038583237334,0.9605320703393758,0.9413411539914582,0.9472028518597411,0.9473756291574582,0.9564866901437921,0.8334034613424302,0.9517441295565183,0.8308284328760598,0.9413411539914582,0.9413411539914582,0.9883923263939187,0.9413411539914587,0.8722456070942717,0.9288758056186719,0.9992550378442888,0.9504069818881509,0.9560464317857673,0.7166256956976087,0.8347987301368465,0.9621059680017594,0.9413411539914588,0.9021362778138218,0.7893558267078447,0.9971196828020042,0.9791100127950296,0.9768888358739714,0.9201123101903366,0.9329206874136777,0.9048804738246028,0.9432937551644591,0.66635695715679,0.9413411539914582,0.7998527217210254,0.9048804738246028,0.9171102496467269,0.8574342326817965,0.9583177603456173,0.9322580645161289,0.8902105416031847,0.8701627159728453,0.9495194495442563,0.9051793385443652,0.8966577063103398,0.9890537762576723,0.901122967399483,0.8476694754062012,0.9208799593226005,0.783993087668206,0.9473756291574582,0.9394396415413291,0.8566963326642258,0.9610024953181504,0.7216396566388492,0.8918797754295276,0.9564866901437921,0.9473740959672466,0.9564866901437921,0.9673074603196743,0.9420685862468299,0.9863342705377391,0.9126349348227398,0.9991271005058253,0.9735307058746403,0.9288758056186719,0.9248999189762372,0.8832036427492576,0.9339970109398132,0.9394396415413293,0.9094840526782488,0.909704740786208,0.9432937551644589,0.9202898300720301,0.9413487659113849,0.7959497447008521,0.7951769278691909,0.9413411539914582,0.9703451316482044,0.9430869529798079,0.9808573220688626,0.9540615556502023,0.9224335544163884,0.9838552657289735,0.8112851298120195,0.9413411539914582,0.7743984544652451,0.848252737184657,0.9240084059312026,0.775786604193498,0.7998527217210254,0.783993087668206,0.9473756291574582,0.7946401316668188,0.8864409491651314,0.87604277982599,0.978399018272913,0.9805867004734363,0.8903482079762031,0.9673074603196742,0.9725096342470558,0.943086952979808,0.9486651539080437,0.5107803119228503,0.8138702669970941,0.921694838603619,0.9419179795019144,0.9413411539914585,0.9394396415413291,0.9494863178238055,0.8826722065246178,0.9126349348227396,0.8908089932850713,0.8634784475730741,0.9413411539914582,0.8054237453578039,0.9062589533637874,0.968584112433893,0.9413411539914582,0.8413768129058805,0.8579364235466451,0.9517441295565183,0.925605968967548,0.9394396415413291,0.8312024571260157,0.9900427159691707,0.7904458367209809,0.9178313446502835,0.8928315634521965,0.9805867004734364,0.8629289469894542,0.9413411539914582,0.9135065748298872,0.9413411539914582,0.9517441295565183,0.8035567003592374,0.8664319147745598,0.9564866901437921,0.8754475025326616,0.9283995430864387,0.9248203613454187,0.9105012505384156,0.9413411539914582,0.9349567809687969,0.9460248803089517,0.9351898208098761,0.879768164906635,0.9021362778138222,0.5421872499962042,0.9133880855304555,0.9119376979332721,0.9415276164159578,0.8762879977600884,0.8634784475730741,0.9415276164159578,0.72675483837851,0.9473756291574582,0.9482856138401969,0.9415276164159578,0.9564866901437921,0.9208799593226005,0.9971196828020042,0.7335504297321973,0.9394396415413291,0.9119376979332718,0.9838552657289732,0.8750464770419488,0.9773810909232876,0.925605968967548,0.9380148669152273,0.963182708910274,0.9394396415413291,0.9736413441112676,0.9654475697691587,0.9105012505384158,0.9108618909887137,0.9371820070526748,0.9711036153030144,0.9993563457264397,0.963182708910274,0.9432937551644589,0.9315357783043755,0.953950415619599,0.9937794439292975,0.9163339973465923,0.9985862887416475,0.9186255087204844,0.9473756291574582,0.9495194495442565,0.912422841926624,0.956793080736152,0.9563687015060708,0.981765853956609,0.9133880855304557,0.9805363237095028,0.9771865070849177,0.9527620984712089,0.8275150599510742,0.9678495262941058,0.977549159067497,0.9731591616434458,0.8850825988655406,0.8799800631114958,0.9495194495442563,0.8215807657557223,0.9672980499400738,0.9208799593226007,0.9357714224531068,0.9593272108982549,0.9829995536290009,0.9095075097850291,0.9958728522925875,0.9305518148343681,0.9413990456560278,0.9394396415413291,0.956262031136327,0.9250016828809454,0.945303040275778,0.9432937551644589,0.8688814196559582,0.9163339973465923,0.8083745968845287,0.9156071109966866,0.8701137570031572,0.9197782287362224,0.9531057683512584,0.937584438157661,0.9867099191883358,0.9700765701011145,0.9557539823910068,0.9453030402757783,0.8373021566360079,0.9240084059312026,0.9495194495442565,0.9402203517669749,0.9870038583237336,0.9971196828020042,0.9735307058746403,0.8983321117969463,0.9791100127950296,0.9555299319100917,0.9495194495442565
p159_L,0.6863102323489767,0.8900858663239481,0.29116920097589205,0.9722867600469249,0.8790644420447882,0.9994611990171964,0.8004624788615211,0.8205611970610036,0.7709895128514568,0.9052897938321482,0.7938493987938993,0.875144138718642,0.8751441387186418,0.9098072961938488,0.9564074093156789,0.824154120355885,0.9611032305582619,0.7201296740389931,0.900512011166277,0.9900170323228481,0.5236869337785592,0.7759119721951607,0.9838332965410206,0.9179524031336133,0.8144866766246205,0.8368800800587317,0.9611032305582619,0.8010551050442438,0.9476534130774978,0.7260694107625452,0.8940451448833346,0.9288357786952526,0.5882757232090425,0.8067554358482099,0.9128732846826051,0.9409672007288843,0.6288373153310061,0.985656769276599,0.9102896363632478,0.9876024722034791,0.4797826570211138,0.9195613142327939,0.9548754176902221,0.7926580006064994,0.929929306380985,0.5977644339710749,0.6804197142284536,0.8219523908720772,0.8072184427640989,0.7423862717108196,0.8915055770282612,0.5257770695916784,0.8368800800587317,0.8603380509136676,0.9839098373295183,0.5379511956082432,0.9316274601593701,0.879064442044788,0.7290440461605869,0.6170493570997231,0.77632225072899,0.6886416321820381,0.8368800800587333,0.5577063771369689,0.8959254409068558,0.6717499527370103,0.9218434146367832,0.6730140392983939,0.5906794065432667,0.9814223902914916,0.9755834221304291,0.5250972008445185,0.9128732846826051,0.6473845849968436,0.879064442044788,0.24164226496230223,0.7759119721951604,0.8520711129570546,0.7883938829060595,0.9548754176902221,0.9150420303903186,0.9410451483320629,0.8980682000269467,0.6158966750031645,0.879064442044788,0.8938610275646672,0.8818820891501593,0.9597647793433575,0.8948536457375578,0.8751441387186416,0.879064442044788,0.8910700451436333,0.6615689764465453,0.7182418411530607,0.8244549073918614,0.7827024683803405,0.9208972674232803,0.23330429319967605,0.6306615595381442,0.6426994754868247,0.9673399028439846,0.9686515251014286,0.946682127320422,0.8228683602638704,0.960823261380771,0.6544809036450439,0.9120884567722661,0.6049428644728045,0.8499673668876724,0.698083350296768,0.927668151301817,0.9460540555153263,0.687373352082691,0.9011403347205915,0.644390737869332,0.5856754743237043,0.9793293125547899,0.9005120111662774,0.7330241130209569,0.7103028064326549,0.8357945196506531,0.8886797437837286,0.9058916929689564,0.8456378887844855,0.9546539218696092,0.956610322550856,0.5939749859821306,0.7670289421224423,0.9408473026043807,0.886283689266693,0.6970594350743009,0.8605645960240624,0.9661659803622435,0.9559530196558286,0.9611032305582619,0.7310939521307984,0.7816805131980238,0.8845132129697927,0.6978622046348362,0.8713193097015215,0.5127952983854063,0.67107401371435,0.9409836781765604,0.8668999442762949,0.8048032098827751,0.7871505469519218,0.7823508089455844,0.6240015453849683,0.9106603153163206,0.7009430367098075,0.967619348431802,0.77632225072899,0.9766335146936989,0.5798660987879438,0.9965038179707651,0.8337181584291622,0.844819681746529,0.7252760914696259,0.8679358585732757,0.8527839768011805,0.7020512840629218,0.8965935723831847,0.9780955040073549,0.6022535694894002,0.30365845784813417,0.9567832542376515,0.8969588834155711,0.5771873071659328,0.8320163936444086,0.7249429669254783,0.8626449186901584,0.5663789682525798,0.9925980620931466,0.8245868851083117,0.9826765741287251,0.9613266848236802,0.9409672007288843,0.8936341397073788,0.9247040689412098,0.8552419450337846,0.9965154712535882,0.9537870065951404,0.9063693009102085,0.875144138718642,0.7452347876259061,0.903257544164847,0.7103028064326549,0.7657040211266832,0.8603380509136676,0.9856400485463763,0.8713193097015213,0.8915021857388457,0.48394531184161904,0.6448561308320628,0.9396699286301575,0.879064442044788,0.9876770618313642,0.9032962680264436,0.8219523908720769,0.49302800955396575,0.7609717433899217,0.875144138718642,0.879064442044788,0.3297985072447819,0.6157805382783681,0.9052897938321482,0.879064442044788,0.6942448375223952,0.8202484281215614,0.7657700172750062,0.6916081948641796,0.6796225131925842,0.9736988845472498,0.879064442044788,0.7529139012445268,0.8790644420447877,0.8319077174533525,0.602139044306893,0.6148595578524585,0.879064442044788,0.8919049619830965,0.879064442044788,0.7786650254827172,0.9532756058287134,0.890042618869048,0.21420131396346942,0.8872325694620837,0.5277553807657072,0.8713193097015215,0.8515150466921428,0.8533649275956028,0.919251468892512,0.7965476927713895,0.692815362105796,0.9218434146367832,0.7799420018782608,0.7583047638633307,0.7135569807760995,0.7838039674978885,0.9376222810129574,0.7982366744065172,0.9611032305582619,0.9066276272750029,0.9032962680264436,0.879064442044788,0.7882681591823322,0.879064442044788,0.7080349627076513,0.8422601818366053,0.8915055770282614,0.8772853936381584,0.5277553807657072,0.9876770618313642,0.7954379713195001,0.5348650462181977,0.913268040428731,0.9394036842017904,0.6695814861525973,0.9953194985394491,0.8969646582414506,0.5801641044764145,0.6756443568543269,0.8751441387186416,0.9347189984066653,0.7899730041163433,0.9102896363632478,0.8307623178912182,0.8914367536106946,0.9725467967978589,0.8544066540173995,0.8899998021615128,0.8915055770282616,0.7176501375767992,0.8237091680521629,0.6745074666723276,0.6544809036450439,0.5926831879700556,0.8825808689942045,0.9511423881204941,0.8645719061433432,0.6544809036450439,0.7529563845054521,0.6460798791989544,0.895925440906856,0.39112949414322873,0.9333884849456937,0.9592905221803274,0.7383089259281594,0.6139836921815354,0.6170493570997237,0.6083617615102096,0.8965935723831846,0.4726274874408338,0.9409672007288845,0.9144193590103389,0.6704478794627615,0.19597819816128814,0.7221548483552152,0.9409672007288843,0.9804909699582385,0.9619550865744262,0.967250184676288,0.8915055770282616,0.5730003601795441,0.8545605864608923,0.9232615458212055,0.7302762858769425,0.8010551050442438,0.47839511701117166,0.8682715542721524,0.7960311196361514,0.7541901764488872,0.8105713068608295,0.8673563618789439,0.8833781169821505,0.9476534130774978,0.8111604038139193,0.9476534130774978,0.8520428354840669,0.8862836892666928,0.7963275569900206,0.8872325694620835,0.879064442044788,0.8915055770282607,0.7683411647806693,0.9150548293356047,0.6544809036450439,0.9347189984066653,0.9605979515670119,0.879064442044788,0.7865245135839781,0.900512011166277,0.9102896363632473,0.7685501893432158,0.7038416732186308,0.9241892722336336,0.8915055770282616,0.648739010732788,0.4135438529495157,0.9338538560095988,0.8639231957010691,0.6550522011114082,0.8872325694620833,0.8522489996705731,0.46063527987084807,0.8603380509136676,0.7871505469519215,0.9102896363632476,0.5434932123170801,0.8522489996705727,0.5439686598894602,0.7583314518462478,0.8751441387186416,0.9290019392783944,0.9963670447313735,0.5846278282210728,0.5875080275283668,0.4367077606639118,0.879064442044788,0.6837635000229858,0.9163527048220905,0.9247040689412098,0.9037138771185229,0.905289793832148,0.6783175599874449,0.879064442044788,0.879064442044788,0.9106603153163206,0.8513312947763825,0.9159718335311003,0.8790644420447877,0.905289793832148,0.9466821273204218,0.8626449186901584,0.18842353553219193,0.5430915568941317,0.9180825021283111,0.9856400485463761,0.9103992507047161,0.4001786051401691,0.4721896002733055,0.879064442044788,0.2459148722052087,0.890042618869048,0.5697660489336651,0.5036439998403659,0.7993936430096771,0.8735943798635317,0.6083617615102093,0.5582062552424674,0.879064442044788,0.47623866049389263,0.9150548293356047,0.9643708876515279,0.7258922217804116,0.8830900737847378,0.3744527337475474,0.9247899824888337,0.879064442044788,0.771741425578949,0.6227892734478468,0.879064442044788,0.9378697577810544,0.5552100895554304,0.37307175599831977,0.4488138240668894,0.5730003601795439,0.879064442044788,0.9741435599422406,0.704973984076847,0.9489003290939065,0.9469939249103048,0.7742080464539924,0.7996014998326035,0.7817073781194881,0.9230686198303197,0.6083617615102102,0.8545605864608923,0.7296759184472719,0.9887247606645065,0.665309251678218,0.8696674142326613,0.2665018393752162,0.846623582568657,0.6232018013008533,0.9150548293356047,0.879064442044788,0.9376672305832939,0.8190508618033479,0.7022175347283581,0.8568203162271626,0.8738265260568804,0.8713193097015215,0.9834217820648568,0.9528147324824889,0.8713193097015215,0.8859311733087405,0.8790644420447884,0.860338050913668,0.0,0.7709895128514563,0.9005120111662772,0.6342454578399532,0.905289793832148,0.860338050913668,0.956391353746548,0.8769849585379321,0.9470149415225004,0.9476534130774978,0.6150354648274996,0.8455488619566458,0.8724845734645319,0.8930685729502612,0.6333261644223782,0.434579059152821,0.8872325694620833,0.8065492716617039,0.8773466520230793,0.6895012801713314,0.9511423881204943,0.8773466520230788,0.8859311733087405,0.8214342607350607,0.8338777612301465,0.8210973396268626,0.9023634773831132,0.8675814580264316,0.9563067089200221,0.98309082046885,0.9098072961938488,0.8433299245730508,0.87406552536313,0.4407758689987826,0.8859311733087405,0.35815416005250444,0.8433299245730508,0.761528251292608,0.8870495744063416,0.9232615458212055,0.9891536062410013,0.4839453118416198,0.9163527048220905,0.896827582052043,0.9005120111662772,0.9792945930108101,0.7795572150690233,0.895925440906856,0.9567832542376513,0.9299293063809853,0.8518532243780781,0.8915055770282616,0.9005120111662774,0.9182487729327593,0.3965839353473304,0.5602942137311918,0.6977852960240571,0.5992305501954505,0.5793144060162285,0.9326820313004897,0.8675814580264316,0.7319654314292925,0.879064442044788,0.677345426595241,0.879064442044788,0.879064442044788,0.6130029347174937,0.8466235825686572,0.9887296911376622,0.879064442044788,0.5462567400959577,0.613668364046797,0.8422601818366053,0.8236832869813053,0.2459148722052087,0.4504237070997509,0.8714167402576143,0.768341164780669,0.6188469080291694,0.8639231957010689,0.9454771921031204,0.8959254409068567,0.8038943185349747,0.5729772836189857,0.7209539564660739,0.8397149465729945,0.8943565890949512,0.8713193097015213,0.9901754198106303,0.895925440906856,0.9421429919922404,0.644390737869332,0.8415773521179453,0.8533649275956026,0.893068572950261,0.6045375615418893,0.7333125817635058,0.7755084976270161,0.77632225072899,0.846623582568657,0.9016911851180713,0.8872325694620833,0.8533649275956028,0.9528147324824889,0.9213476112377105,0.7076379824740973,0.5671077191385587,0.8915055770282614,0.6832300883490279,0.867581458026432,0.8662915277691117,0.6751573618728806,0.9736988845472498,0.5407595436270236,0.5866387515274569,0.8667814570018794,0.4210952503565051,0.6498265071906579,0.768341164780669,0.4872078265653067,0.9755321030770572,0.8201950743608277,0.8432506759688712,0.879064442044788,0.6232018013008533,0.8233019835004449,0.8790644420447882,0.5508388660886356,0.9674335738138293,0.9032962680264438,0.8565541578561036,0.555789308083757,0.9015074681576025,0.5788359465919104,0.7134376329597008,0.6033979799151015,0.9441528874718972,0.6986170802212162,0.8713193097015215,0.8639231957010685,0.6959084116046212,0.8862836892666925,0.8702830404599118,0.5356556683798666,0.7495479233143536,0.5528511558365656,0.7236498456500962,0.8975363993064299,0.6886416321820383,0.5670801087502763,0.8214342607350609,0.905289793832148,0.9058916929689564,0.883090073784738,0.4948605810995218,0.8480491423873207,0.7449458856646851,0.8751441387186416,0.5527019974836018,0.4549294589491313,0.9113672383288541,0.7468713850036814,0.8872325694620831,0.8938610275646672,0.820747961200337,0.6035693426816189,0.8645719061433428,0.8881222026718437,0.9618160190502407,0.7779550938334243,0.5318516850596965,0.9736988845472498,0.6978622046348362,0.9102896363632478,0.879064442044788,0.9204893454041174,0.5461521789651202,0.7020512840629223,0.9372186281199562,0.8790644420447877,0.8286503520038146,0.655165733664115,0.77632225072899,0.8862261074420037,0.24482365856819766,0.9788316531026544,0.7522314480465799,0.6645502891918287,0.6249384457519198,0.857996089679574,0.6601606818571231,0.7983733807061197,0.6385518690954316,0.8530459415877379,0.9063693009102087,0.9232615458212055,0.8862836892666925,0.9548754176902221,0.8275077775771664,0.9992271430012103,0.9994611990171964,0.5447056408807187,0.9063693009102085,0.9128732846826049,0.7279535108934629,0.18644353244614875,0.900512011166277,0.9804909699582387,0.8818820891501595,0.44860754278069825,0.5291205462147595,0.8751441387186416,0.8471830113028013,0.8675814580264316,0.8751441387186416,0.8751441387186416,0.8067554358482096,0.879064442044788,0.8675814580264316,0.8407886488890512,0.879064442044788,0.8972361563467726,0.8876069716972399,0.9005120111662772,0.6083617615102102,0.9347189984066655,0.8830900737847378,0.8751441387186416,0.538126722938127,0.6620604262192764,0.846623582568657,0.621427115686513,0.879064442044788,0.9231629470019451,0.9953194985394493,0.590654641802874,0.5376421830839015,0.8235708567837484,0.9409672007288845,0.8830900737847376,0.8499673668876722,0.93030719669678,0.9822596548684748,0.7490382889392259,0.8202484281215612,0.9988741635564464,0.9182487729327593,0.8001666606806177,0.9976253983649469,0.9814223902914916,0.9363077009453733,0.6804197142284534,0.9643500960583922,0.6548608284193289,0.879064442044788,0.9128732846826049,0.2558009621075723,0.9052897938321482,0.5605373689085299,0.727157527668971,0.9150420303903186,0.5969628067815798,0.8713193097015215,0.517053447992905,0.55977985999685,0.879064442044788,0.879064442044788,0.8172236957381762,0.9002009689076148,0.8480491423873207,0.6410586759308488,0.6783175599874447,0.6263015817325823,0.3827955592520049,0.5671189622260879,0.9460540555153263,0.5989298143639274,0.879064442044788,0.8612023133638136,0.6232018013008533,0.9102896363632478,0.586012070473125,0.6544809036450439,0.5979733450139337,0.879064442044788,0.879064442044788,0.5487944325068266,0.9518913447661278,0.5535009231786288,0.5762918413132643,0.6191109379093561,0.32393521678940285,0.8772853936381586,0.9668059077452094,0.6666457667380694,0.7099257563044776,0.8790644420447877,0.9963424578419111,0.6102051458910827,0.6985619740287571,0.9005120111662772,0.9281934619998093,0.7072651933228868,0.8506218703383306,0.8713693503072439,0.8830900737847376,0.3190501660458288,0.879064442044788,0.5873610815944039,0.9388443820795136,0.7604610718492966,0.9303032011099998,0.5296784835201656,0.9495814971445093,0.7736496656124807,0.8873737381720714,0.9347189984066651,0.779703918553533,0.6883817400787045,0.929929306380985,0.7981648714504012,0.9098072961938488,0.8368800800587328,0.6431959802343976,0.9965038179707655,0.8751441387186416,0.8933429299124285,0.8558529824118857,0.8862836892666925,0.9522926807044119,0.9559530196558287,0.9082954429817363,0.9102896363632478,0.9102896363632473,0.9327539191943888,0.8326525336486545,0.7526670534170279,0.8790644420447882,0.8405284906957511,0.7473948106406041,0.8533649275956026,0.8392273751004806,0.6187091166029263,0.875144138718642,0.9568856194085313,0.7663351164605854,0.8830900737847376,0.7099272430940122,0.8038943185349745,0.8929336213509766,0.8331393245925506,0.879064442044788,0.8724845734645317,0.9466821273204218,0.6884695196626045,0.9052897938321482,0.8400830903851959,0.8433299245730503,0.879546733803262,0.879064442044788,0.5788359465919104,0.45042370709975077,0.8433299245730506,0.5817372203731355,0.6323787091462338,0.5989298143639277,0.6605320029678452,0.6511731601562343,0.8648191877395788,0.729044046160587,0.6225363837994067,0.9289494109520751,0.9094461244892075,0.9994611990171967,0.9063989322810884,0.9466821273204218,0.9133440537249911,0.9867501421674681,0.6622372079854262,0.768341164780669,0.4645155739696041,0.8790644420447882,0.8751441387186416,0.6240015453849685,0.5183563807653536,0.8849198755064782,0.5407595436270238,0.5125222283571305,0.879064442044788,0.569090866528486,0.2950674678866325,0.9098072961938486,0.879064442044788,0.6649249480008073,0.894356589094951,0.6544809036450439,0.8466235825686572,0.8751441387186416,0.5243778772219929,0.9150548293356049,0.9566563509717988,0.8811111416610471,0.8648066970872272,0.8515150466921431,0.4419699251092172,0.879064442044788,0.8523965856076623,0.879064442044788,0.9005120111662774,0.9720457660204828,0.7781797977428584,0.9102896363632478,0.8735304358152518,0.7249226163839035,0.834397201300807,0.7600560612803171,0.879064442044788,0.6763050166674539,0.6781346596378581,0.7414214343963971,0.9182487729327593,0.673481236432435,0.9965038179707653,0.7671040624247216,0.8184440308677501,0.8010551050442436,0.8010532705860338,0.48338886329189756,0.8010551050442436,0.6185689287692454,0.9661659803622438,0.21392608165256233,0.8010551050442436,0.9102896363632478,0.9150548293356049,0.8830900737847378,0.8600498873384336,0.9736988845472496,0.9139846123983937,0.8433299245730508,0.7795572150690233,0.4093401918519093,0.8740655253631298,0.7954379713195001,0.8593655440582149,0.907995720661511,0.8818820891501593,0.7287369045631302,0.8779620050395435,0.6806358227800229,0.6184017928730494,0.8753313048505948,0.47039875117085783,0.9106603153163206,0.9774606088197605,0.7164486905875753,0.8447983291400107,0.9889678784602953,0.8987153340873767,0.9484929501483691,0.8415773521179453,0.6978622046348362,0.6385518690954316,0.818634189600576,0.8244549073918614,0.9872113330907727,0.9163527048220903,0.7913076904741455,0.7761710763903786,0.9897781820908831,0.8423291762504104,0.749038288939226,0.8857551615407684,0.8573954210345454,0.8406815875181926,0.7630775071344722,0.8241650645229386,0.9735125559064748,0.9885235269511562,0.8075298764389567,0.8368800800587317,0.9611032305582619,0.8565541578561037,0.8578657219941153,0.7957637736061989,0.8887933942859563,0.7647385417123205,0.8461828256909181,0.9736988845472496,0.8286503520038142,0.7704671640185989,0.9232615458212055,0.6636996446798815,0.7477229678611392,0.827507777577166,0.8872325694620833,0.9512669863834409,0.7236498456500962,0.8693322698280641,0.9352732263513657,0.7449571903994113,0.6611654039102022,0.8871389165583414,0.7733379639810878,0.9232615458212055,0.6807027154653353,0.7523733371240385,0.677345426595241,0.7449458856646851,0.9725467967978589,0.8830900737847378,0.9052897938321482,0.7989403263273571,0.9005120111662774,0.7317890977948178,0.6385518690954316
p159_M,0.8972582728764664,0.6304601958144387,0.8165558862615874,0.6841263643405406,0.9428307668638465,0.762630047564004,0.961795865425314,0.9488275113159153,0.8178571428571417,0.9246724996449085,0.9123081850682938,0.9765198713238088,0.9006962362816695,0.7113398399790833,0.7542171275104371,0.8037010012713981,0.8894642527025183,0.8891602858642387,0.9675591368764067,0.7819933519134993,0.9407101184880903,0.8533477804450671,0.9003051101948658,0.9472483006084296,0.8611739148129461,0.8702630231263382,0.9254399973981591,0.8674433656039866,0.7819933519134992,0.6388731946323821,0.8859100247525029,0.9137092609592146,0.891771690307789,0.9174416475884567,0.9038142386822654,0.8923809627682529,0.9070160137452734,0.9677437194642818,0.9286491105644255,0.8066745118424044,0.8757736525908242,0.9033840325613385,0.9801025842096873,0.9346530682205356,0.8175127633112376,0.8381886617003868,0.9518893725088029,0.8342122086024171,0.6882827697884466,0.7951076341784313,0.95678955450748,0.9042347650038866,0.870263023126338,0.8889202553233961,0.926892837864771,0.9235615721162849,0.6975046085477401,0.903814238682265,0.9276554233867096,0.8976541691085207,0.8220985211691239,0.8837748826847063,0.8290161131118835,0.8094833764446476,0.5455467546967048,0.8746855794177133,0.9570498583959893,0.837871510098877,0.9156410660281666,0.8923809627682533,0.772793187983888,0.8973461330227013,0.9428307668638465,0.7237606168108972,0.903814238682265,0.8058253847798853,0.9821034579526184,0.8115234949905341,0.7171127341076784,0.8655369948545275,0.9197173314687734,0.8757687778308082,0.973650278493619,0.8702630231263386,0.903814238682265,0.6628053909788822,0.8862575327655299,0.680793779031962,0.8860733449362974,0.9006962362816697,0.903814238682265,0.4327552908279514,0.7268235569901189,0.8355323421260519,0.9980323259914067,0.8115643510074523,0.5096994864556899,0.8289009182409783,0.7447396263236652,0.7938575434575474,0.6392070978806672,0.79863880974311,0.9428307668638465,0.6563728913960669,0.8766060598396386,0.9208725034246268,0.7717490531724112,0.7171797653591769,0.9129412260730063,0.6934181709497436,0.5615704003698252,0.8520279351465234,0.7193068419653934,0.4699068064264511,0.9103107362174552,0.6901600812431463,0.7677800669179129,0.9208725034246268,0.9286491105644255,0.7312206952770024,0.9906754665815262,0.49207555859736407,0.8611739148129459,0.8347720624744087,0.7989440267357064,0.6208241401060348,0.9070160137452734,0.962117756001267,0.9097446761129819,0.9826558345338435,0.77860414665168,0.9103107362174552,0.6985680971063967,0.9286491105644255,0.5656825504417525,0.8983459845048888,0.8111604038139193,0.9998698480557453,0.9137092609592146,0.9345566419027251,0.9851353800125303,0.9246724996449083,0.6848105043698118,0.6979123656537516,0.5637099967720216,0.8307107766015771,0.9698095151502317,0.82559490399149,0.8677481975092118,0.6598962481681292,0.87977140139403,0.9163528460879231,0.7564172653444303,0.8155467712892586,0.913969564847724,0.8677481975092116,0.49908216550273676,0.8373021566360075,0.8957131063360482,0.6784876456909277,0.7555896950276604,0.9649533549085013,0.7202448196689224,0.7942832091190246,0.8053438099485695,0.6190838902757028,0.9058889543708608,0.9207369341571854,0.973650278493619,0.8505534249810682,0.7113398399790838,0.9006962362816695,0.8652640614492122,0.7648597548879708,0.9615116137292277,0.8711821230159715,0.7523210624129122,0.8326246412063059,0.6202499204521403,0.9859056662964013,0.857543070394976,0.8732903592286685,0.8432483852154222,0.9765198713238088,0.7890705543848476,0.6352187045099622,0.8240095457810823,0.9049308021177658,0.8889202553233961,0.8411932689425564,0.8976541691085209,0.887394957983193,0.8893135105463198,0.786459447620317,0.9422656665338773,0.903814238682265,0.9070160137452734,0.8976541691085211,0.856860066197382,0.8368897280214708,0.966693650843679,0.9006962362816693,0.903814238682265,0.962644139102657,0.9206762486412998,0.9246724996449085,0.903814238682265,0.9295037154998239,0.9157349837086728,0.8891329643493708,0.9697087372101489,0.6892943843367914,0.5685383184233541,0.903814238682265,0.8747543486949403,0.9038142386822651,0.8646993149466271,0.8630527127972561,0.8896138491395305,0.903814238682265,0.794224103600305,0.903814238682265,0.996488783242107,0.8717659040471615,0.6704311646877337,0.9036615728941475,0.5907456282863712,0.767583223618812,0.8976541691085207,0.9413503191453481,0.8833742009912298,0.5652483668586775,0.6570979880889336,0.9699427324073248,0.8278089777511932,0.9893365027100925,0.8357109254745527,0.861743614340786,0.840029708279026,0.9157349837086723,0.8649303928299303,0.894681279123638,0.45065065035435026,0.9714591146969296,0.903814238682265,0.8847400282368665,0.903814238682265,0.5971211658024427,0.8810466527763605,0.9998698480557453,0.878688605961084,0.7675832236188121,0.9472483006084296,0.8373021566360077,0.8806719604852848,0.5121921875569824,0.7107388049127736,0.774688417233246,0.9103107362174552,0.4254042680168981,0.757071439072541,0.794490401489611,0.9006962362816697,0.9932373028972723,0.6984053753606643,0.9286491105644255,0.7894630843246808,0.8069681632215737,0.8728105285248215,0.7550861614852238,0.4482617271943604,0.95678955450748,0.8758232409542457,0.8181651997347028,0.8641707003133442,0.9208725034246268,0.7107946410551604,0.9364247922989445,0.5958256531394137,0.9125142769307067,0.9208725034246268,0.7556472650834452,0.6650622195550455,0.5903158095167618,0.9413328773675946,0.43920508359365584,0.9103107362174552,0.8725540131360712,0.6515515564161098,0.8976541691085209,0.9103107362174552,0.9103107362174552,0.724623988543107,0.7056344289611322,0.6859024170873245,0.9090734360217312,0.8244134553929048,0.9376228099208341,0.845694329316473,0.5889708949571814,0.5994889632479783,0.733321102949436,0.913969564847724,0.676126093484116,0.8520509574074737,0.8817960823258058,0.8066745118424046,0.8674433656039866,0.871854348402003,0.8769230748686261,0.8221839553140371,0.6331330183636221,0.8391267525122069,0.7413173030340514,0.49815365117257215,0.8308823766537645,0.8642156862745094,0.7819933519134993,0.8386900203601547,0.8649303928299306,0.8811620663517729,0.9103107362174552,0.903814238682265,0.9137092609592143,0.8393030050101705,0.43807899022157215,0.9208725034246268,0.9619936422826709,0.8718328585919122,0.903814238682265,0.9257124459883883,0.9208725034246266,0.7111765739187423,0.9739611782746651,0.714144838993402,0.47140648660990503,0.9137092609592148,0.7894630843246806,0.7505347856769149,0.7643661180497834,0.891771690307789,0.6082520066967187,0.9103107362174554,0.8463034707266368,0.7781130428938603,0.8889202553233959,0.8307107766015769,0.9801025842096873,0.757107364031864,0.36618025699034074,0.747001494291758,0.8894642527025184,0.9006962362816697,0.907184636835448,0.5335004668403784,0.7023680205780727,0.7555565994133031,0.6749451319361982,0.903814238682265,0.7782072129288593,0.8959401753090643,0.38123122470460846,0.8704545362551431,0.9735615243851736,0.8505534249810682,0.903814238682265,0.903814238682265,0.8677481975092116,0.8178571428571422,0.5406800392284454,0.9038142386822651,0.6842153024329689,0.5499543667756011,0.5480589861478271,0.8275079650593447,0.9374533487689227,0.9038142386822656,0.7309362621674884,0.6229795142018266,0.7760360478170412,0.8205605129389779,0.903814238682265,0.8561142255771359,0.31100024380351665,0.7109666498305822,0.6491113405895801,0.8136290172487892,0.5904848409390524,0.9103107362174552,0.6979451114814301,0.903814238682265,0.6095840054706514,0.8590881994880614,0.77045251531855,0.8518536715910507,0.9070160137452734,0.9186529550612812,0.5462899487804929,0.903814238682265,0.8693218039282258,0.7484252459165323,0.903814238682265,0.9658569692010741,0.9178269330272482,0.9785355850378175,0.667027576511764,0.6423669175884277,0.903814238682265,0.9002157213870342,0.9669614451850976,0.9484682480772156,0.806962440599945,0.8889232460595231,0.8242345650097707,0.8263815673352461,0.6684165467613914,0.9103107362174552,0.8074099974274129,0.8058253847798855,0.6786227112711642,0.721208404548161,0.3751775575563634,0.7744707814154943,0.8780124908814335,0.9137092609592146,0.8290161131118833,0.903814238682265,0.9675591368764065,0.9581530071685888,0.9625482293058748,0.9869071248539465,0.9202538117870076,0.8976541691085209,0.8425187074170211,0.8918225519389453,0.8976541691085209,0.7779285982979469,0.9038142386822656,0.8889202553233966,0.7709895128514563,0.0,0.9208725034246263,0.7090981371573744,0.9246724996449085,0.9919101586510037,0.646953797139206,0.791844694892113,0.9821034579526184,0.6842153024329689,0.8903729736383459,0.8674433656039866,0.9023488945942109,0.9339575365978559,0.8833742009912298,0.8387472004447059,0.8402174460344581,0.8988045555455053,0.6734388855421987,0.8465949417288594,0.9379783610955624,0.8319650172278281,0.9869071248539467,0.8859100247525029,0.6118663904233579,0.7869162810332528,0.7827672848453323,0.9306570238192788,0.6821104135158755,0.48214486544134705,0.9076715010813188,0.9687072640073062,0.9730192332773056,0.6780163238366002,0.9197173314687734,0.8103210518730216,0.906497680742552,0.8302420618976183,0.584437873010164,0.7570601734517625,0.9880247668313328,0.9581481333911636,0.8704545362551431,0.9218915803605507,0.8456943293164723,0.8291398489166483,0.9237971466773669,0.9619936422826707,0.995811551634064,0.9666327685149194,0.853488508006878,0.9998698480557453,0.9675591368764067,0.5275223584240121,0.6214718847964611,0.9408944897829009,0.947656493634052,0.938608053802739,0.6654088771168678,0.8717659040471615,0.8946812791236378,0.6784475015368336,0.903814238682265,0.9619936422826707,0.903814238682265,0.903814238682265,0.6739097604819417,0.8780124908814333,0.49743296903751144,0.903814238682265,0.6560890491328724,0.7103802402041504,0.9318512436551016,0.6573773321888188,0.8155467712892586,0.9615014373216907,0.5794817927170852,0.8157507865486255,0.7145761397566917,0.9326225719072995,0.9307867541341134,0.9619936422826707,0.8440278889899995,0.7637399522948416,0.7272229943106878,0.6392495235332476,0.9620139854217533,0.9916384125088661,0.7544637742239118,0.7246229739769321,0.6243916277794499,0.9103107362174552,0.35046491797884516,0.9491937056321555,0.9033840325613385,0.9096814050133906,0.7492983725685767,0.938292717507307,0.8220985211691239,0.9096814050133908,0.9282703209136305,0.9103107362174552,0.9162839533116929,0.9722871256652578,0.9112833421806057,0.729222936869321,0.6650419801459855,0.9570498583959894,0.8823000010416493,0.8946812791236383,0.8332545531743796,0.5520782486917959,0.7960092235497728,0.7277038854684545,0.8886980919486958,0.9286491105644255,0.6907333258418413,0.8349654791193468,0.8387472004447059,0.7302670857862803,0.6887990188427526,0.8480002345284658,0.919684819573451,0.903814238682265,0.9137092609592146,0.9271675367478892,0.9038142386822656,0.7005094342162941,0.8833742009912293,0.8976541691085211,0.9980323259914066,0.7442625931784066,0.8369672819309515,0.6469780455896765,0.9246724996449087,0.6684436529256614,0.8787132883757072,0.7471445866541335,0.9345566419027251,0.827259129236352,0.8697653094967261,0.6778282892613932,0.4714064866099047,0.9465345181883789,0.813350022102127,0.6960213017967773,0.7411826461223265,0.9250550979549392,0.750005357361256,0.6442806325858879,0.857978233475194,0.5864372529524386,0.5707505245234568,0.987480587471586,0.9247137231101579,0.9077364421329468,0.7971434160526358,0.9386080538027393,0.5956001341132602,0.7326087816636598,0.9169904684997889,0.8111604038139195,0.9649533549085013,0.610893104659817,0.952841173953905,0.964531040634373,0.9277501672367068,0.6671813148105562,0.9129412260730063,0.8297304774174434,0.8861224347761871,0.9006962362816695,0.95678955450748,0.8140835212092662,0.903814238682265,0.9436921899978907,0.7415396842333266,0.6684903778034308,0.806153350477999,0.9038142386822651,0.922425730682392,0.6419960477330844,0.8456621023988236,0.738553315617626,0.8642156862745085,0.7330308199921357,0.7952630441453197,0.6009817372651883,0.9361336294616294,0.6830662730071781,0.7171847386549137,0.951119009186666,0.9172245874626141,0.8163065911140903,0.6683558532142033,0.7986388097431102,0.4492076303070546,0.7626300475640045,0.9648561412119022,0.9714591146969296,0.8140835212092656,0.9232502230992654,0.8432483852154222,0.667003951320344,0.9429229466795095,0.8015829364862268,0.9208725034246266,0.9038142386822656,0.8833742009912298,0.7456216574922966,0.8111627970668687,0.9006962362816697,0.9998698480557455,0.8946812791236378,0.9006962362816697,0.9006962362816697,0.898804555545505,0.903814238682265,0.9306570238192788,0.9905942516406373,0.903814238682265,0.6891400280365454,0.6739979242462502,0.9208725034246266,0.9103107362174552,0.9172245874626139,0.9070160137452734,0.9006962362816697,0.6965222418854473,0.7497784653778186,0.8780124908814333,0.6989031042017522,0.903814238682265,0.43902967991067954,0.7986388097431101,0.9376024723749292,0.7099135756996555,0.8619454598835953,0.6122611620575714,0.7711256913494773,0.9129412260730063,0.7286328801401352,0.8806719604852853,0.9038142386822652,0.8649303928299306,0.9071846368354484,0.8627038537517174,0.8539692017459628,0.8787132883757074,0.9390675962200333,0.42190135016704167,0.9103107362174552,0.8192803922098018,0.7187569889165668,0.903814238682265,0.7060204795019249,0.8585245633130496,0.9246724996449085,0.7248825551276546,0.9973914867894399,0.8787132883757072,0.8229014680410129,0.8976541691085209,0.7553825250669137,0.7261696595653193,0.903814238682265,0.903814238682265,0.9867076925356216,0.691945484613544,0.517353210465046,0.8261173815817662,0.7608746426546245,0.718234269484324,0.8777443390364962,0.63771653852152,0.4851458867083168,0.7139158010576514,0.903814238682265,0.9846049306378637,0.9137092609592146,0.9286491105644255,0.6570674122369685,0.9208725034246268,0.7674443935495434,0.903814238682265,0.903814238682265,0.6723464437437461,0.940119648591411,0.7378852612694833,0.9162839533116927,0.6788120161378715,0.9443732211437312,0.9489763235372801,0.9893365027100924,0.7391339828726986,0.5013534840737564,0.9038142386822651,0.5762191075039089,0.6545965092409003,0.9070160137452734,0.9675591368764067,0.8891329643493706,0.7894672304251209,0.900713161353256,0.4811123888621549,0.9070160137452734,0.8821607497163353,0.903814238682265,0.6891260577822633,0.7147176772979474,0.8319650172278279,0.47860656462728146,0.9162588576915978,0.8889202553233964,0.8199728879933694,0.5618969441898152,0.9172245874626139,0.7511158505688693,0.7391932628942657,0.9306570238192788,0.9735615243851738,0.9076715010813186,0.9304071958786944,0.6798593832011806,0.9137092609592146,0.9006962362816697,0.7650180104070294,0.9235615721162846,0.9572535390944724,0.8509107552317436,0.9286491105644255,0.9064489482157311,0.9684439421450507,0.9286491105644255,0.4943567965689665,0.8485974223311197,0.8032844254553135,0.9038142386822654,0.9775494508745609,0.8862575327655299,0.8833742009912295,0.6362631170179658,0.8917716903077892,0.9006962362816693,0.8944128167827481,0.799184582664211,0.8515902650757894,0.852552621115539,0.9483229657337406,0.6654088771168678,0.6569131776520434,0.903814238682265,0.41130703874479535,0.9428307668638465,0.6857968468545803,0.9246724996449085,0.9437484472560751,0.8753928891101748,0.8117415232385244,0.903814238682265,0.6469780455896765,0.6738103188743507,0.8753928891101748,0.6492694024260273,0.6891260577822635,0.6628311742729449,0.9137092609592146,0.6976787523846166,0.940232207307512,0.8861914999708944,0.6655699765499663,0.8052983677989937,0.6187665486693121,0.7626300475640038,0.8369672819309508,0.7060204795019247,0.9190123973775643,0.984262124923341,0.7301662893586212,0.9537292699251074,0.6790309355176035,0.862086592228249,0.9006962362816697,0.7187569889165668,0.7567382358467006,0.9325660606530386,0.6607549429169657,0.7497225747578977,0.903814238682265,0.6497989509082143,0.9568352639600353,0.7385533156176265,0.903814238682265,0.7145761397566917,0.7921379816793696,0.9208725034246268,0.9003051101948656,0.9006962362816697,0.8953187881049971,0.9304071958786945,0.8718362752808948,0.5809095872135949,0.7180963955230613,0.8686361960629084,0.7071250953823431,0.903814238682265,0.9648561412119019,0.903814238682265,0.9208725034246266,0.6153642331809598,0.8015829364862268,0.9286491105644255,0.8886980919486958,0.9356433837154708,0.8667093382476401,0.7657667912561685,0.903814238682265,0.892003241535156,0.7813909515271873,0.9375181969693831,0.611317732255938,0.8395280973905592,0.9137092609592148,0.857978233475194,0.8555999624260062,0.8674433656039868,0.7971434160526361,0.5648077806616116,0.8674433656039868,0.8804580254427758,0.9137092609592148,0.8244134553929048,0.8674433656039868,0.9286491105644255,0.6485835948548164,0.9070160137452734,0.6163502833264065,0.9097446761129818,0.8555999624260062,0.47140648660990414,0.8165558862615871,0.8903326882693017,0.9319740243268227,0.862443606754346,0.8677481975092118,0.9006962362816695,0.9491937056321555,0.7796546382419807,0.8201937425332548,0.7755980862170618,0.9470087943967167,0.8575430703949758,0.9942054757558696,0.7474786408154256,0.9070160137452734,0.9103107362174552,0.9733888974745888,0.7880937965433777,0.862808788286463,0.7925210707102661,0.8795079237923473,0.9998698480557453,0.9172245874626141,0.9377253379624284,0.8603806964337208,0.8330439404811605,0.9997647479471945,0.9464992275836439,0.8857004154119024,0.9774797572484484,0.938292717507307,0.9038142386822652,0.8843852272158126,0.6912719235150707,0.7915515593870246,0.8342122086024173,0.8601575699370649,0.8141610836170452,0.7861889355412869,0.9234677961065929,0.8702630231263382,0.6736097845286746,0.8564453484165357,0.9207369341571852,0.8933254878909684,0.9516649593701445,0.8861224347761871,0.8839481567591254,0.9765198713238088,0.7496945164795781,0.9237308219687418,0.5907456282863712,0.9472483006084296,0.7849984898875142,0.8628087882864626,0.7986388097431105,0.8131418427420735,0.7789304073620316,0.9635940256248285,0.6964186301552314,0.9547359397146619,0.734758694386197,0.8446639861984311,0.7703137633219297,0.5907456282863714,0.8635427106500377,0.844663986198431,0.9172245874626141,0.7971434160526361,0.9339575365978556,0.690661117623165,0.9246724996449085,0.9072632718789326,0.9675591368764067,0.9823469167049281,0.9172245874626141
p159_Q,0.8301944662164019,0.9517441295565183,0.9109895373928905,0.9910578376517607,0.8846149163346158,0.9690033562225546,0.9320230809079544,0.9306047836741067,0.9208725034246266,0.967275815149292,0.9505286850464205,0.8140593155196196,0.8140593155196195,0.9362456943690349,0.9756340559373771,0.969121057269952,0.9542468650366516,0.9436389526644002,0.965625,0.967275815149292,0.949657954348555,0.9493347822888891,0.8616362273895215,0.9593605721085062,0.9481608601832734,0.9436389526644002,0.9542468650366518,0.9653179186519119,0.967275815149292,0.9162847709801278,0.9383021271292231,0.7771757990417095,0.9529828655437629,0.933230312818766,0.8846149163346158,0.965625,0.9596053879391779,0.9529828655437629,0.9690033562225548,0.9425464483602057,0.9172347260035336,0.6857757893392191,0.8237261571040235,0.9784926679114252,0.9542468650366518,0.910815451996263,0.9610366993022685,0.8081635455684225,0.942546448360206,0.8730099998288605,0.9625131050152524,0.8762618273483116,0.9436389526644002,0.9791100127950297,0.6933200547968164,0.941467276381333,0.941467276381333,0.9582144552981327,0.9425385593306326,0.9555383641697375,0.9823635494290386,0.9313419384321767,0.9436389526644005,0.8563577889317523,0.9640402523885963,0.9598760745814001,0.9507165296704019,0.9327819448011689,0.9455018712343599,0.965625,0.9352318345617441,0.942546448360206,0.8060296021509911,0.8984168960348218,0.9582144552981327,0.906597867618917,0.9493347822888889,0.9505286850464205,0.7982230593880597,0.9690033562225546,0.9505286850464205,0.9914826481470903,0.9393458182324887,0.9436389526644002,0.9582144552981327,0.932241742150131,0.9493347822888889,0.956376606109224,0.8684800974581395,0.9568599156354451,0.9582144552981327,0.9109895373928905,0.8962170259453923,0.9546904346937624,0.8325117480738043,0.9450123956047423,0.9092272046561756,0.9074725945748126,0.7679924152536277,0.8729992599383652,0.9998226281102464,0.9610366993022685,0.9582144552981327,0.9579918546133754,0.8936031902522541,0.965625,0.9236430180495621,0.7938344767596361,0.5318768586247133,0.9642609473733315,0.8979178384019251,0.9447456538980155,0.8516769112886905,0.9255134534695353,0.9610366993022685,0.8409005106559411,0.9517441295565185,0.9403409090909088,0.9690033562225546,0.817738853080612,0.9212407557319794,0.9057246972976496,0.9481608601832736,0.9383021271292231,0.9436389526644005,0.8291493513794044,0.9596053879391779,0.9631612510065022,0.9667798280829099,0.9162206421071971,0.8684466411726353,0.9610366993022685,0.9625131050152524,0.8237261571040234,0.9542468650366518,0.8727426055411927,0.8567568514580796,0.9625131050152524,0.9625131050152524,0.9555383641697377,0.9414582284814821,0.967275815149292,0.9358227266210354,0.9728761310858693,0.9074725945748126,0.9756340559373773,0.870765946299488,0.9505912604680006,0.87860911032846,0.8270601489234033,0.967275815149292,0.9701757583840656,0.9929303214064669,0.9839544026299678,0.9625131050152524,0.9978387378693492,0.9136498875984242,0.979958676545309,0.9313341660201883,0.9057246972976496,0.9881465217499652,0.9610366993022685,0.9458674971126175,0.8907130648110556,0.9154363928771068,0.982971410509272,0.9631612510065021,0.992202279970581,0.9963814266559154,0.9466304752226787,0.8993178757827877,0.9568599156354451,0.941467276381333,0.9147265833077116,0.9356403782457078,0.9801726050158863,0.9403409090909088,0.9326468089069149,0.905299612289869,0.9485464508185621,0.9274049943645877,0.9507776441281286,0.9998226281102465,0.8904195718012649,0.9966012441338499,0.8797579337068855,0.9672517146179538,0.8051833789629992,0.9517441295565183,0.9372689456075767,0.9701343557301771,0.9390675962200333,0.9923557552405142,0.9363981539429042,0.9701757583840656,0.9582144552981327,0.9593605721085062,0.9701343557301771,0.8537798289138623,0.9355132953311196,0.9541896299485404,0.7376990592379751,0.9582144552981327,0.891878386060835,0.8012314698665086,0.967275815149292,0.9582144552981327,0.9686832863606913,0.9302869180633688,0.9904950340182073,0.9941465190705733,0.9217916370027819,0.9568599156354454,0.9582144552981327,0.8956380779049873,0.9582144552981325,0.9835434409405949,0.9030333503116557,0.900115120794802,0.9582144552981327,0.9235852575057477,0.9582144552981327,0.8583462338175076,0.9806215235201541,0.9312607396704551,0.8979178384019251,0.9610366993022685,0.8173748798116489,0.9555383641697377,0.9254223119773604,0.9493347822888891,0.8874421650552474,0.8629720575357545,0.9332303128187658,0.9625131050152524,0.9625162230164763,0.9610854286276959,0.9199574485923752,0.9506375116316127,0.9814510646731802,0.9673847887170084,0.7559103086883567,0.9057246972976496,0.9555383641697377,0.9582144552981327,0.9874058922610377,0.9582144552981327,0.8432230388608027,0.9302869180633688,0.6036350684130178,0.9438962066300456,0.8173748798116489,0.9593605721085062,0.979958676545309,0.9481608601832734,0.9118739328932484,0.9505286850464205,0.8121565956895023,0.955217505042218,0.8944656454039726,0.9879186260731821,0.8398505531453151,0.9568599156354451,0.9640402523885963,0.8592642631772311,0.9690033562225548,0.8197691174227544,0.8902849828282727,0.9320948271810626,0.9326468089069146,0.8970542565865078,0.6904054337273637,0.7605575974986741,0.8277345205711417,0.9129144016949025,0.965625,0.8607445789665018,0.9293199127017768,0.9458674971126177,0.9650079910895766,0.965625,0.8650374558206402,0.9844391106320844,0.964040252388596,0.9612908916295111,0.9910578376517607,0.9610366993022685,0.933230312818766,0.7834421060580528,0.9555383641697375,0.9610366993022685,0.9610366993022685,0.8342814558669873,0.965625,0.9282603705051893,0.97124800423777,0.9057246972976496,0.9119232477869206,0.965625,0.9582144552981327,0.9978387378693495,0.9555383641697375,0.9625131050152524,0.8567149674919385,0.8588815312388145,0.9610366993022685,0.942546448360206,0.8101859061354618,0.8480451455932456,0.92831037912977,0.8461852301619568,0.9030333503116559,0.9679144116824959,0.9709114698674368,0.8953282497576122,0.967275815149292,0.9208725034246266,0.9672758151492922,0.933230312818766,0.8138923488875749,0.9770357682633349,0.8714717093867045,0.9582144552981327,0.9625131050152522,0.9410875626877445,0.9436389526644005,0.965625,0.9457879562525047,0.890419571801265,0.9582144552981327,0.9481608601832734,0.8463068181818177,0.9690033562225546,0.9264564493231808,0.8546450937171783,0.9458674971126177,0.8639461643560556,0.9255429155310315,0.8592642631772311,0.9868438546677247,0.9529828655437629,0.8691958391075141,0.9610366993022685,0.961024393128657,0.8451634443215719,0.9099641551465778,0.9756340559373771,0.9690033562225546,0.8217392653025243,0.9332303128187658,0.8117728822598589,0.9542468650366518,0.9568599156354451,0.8482200567507536,0.9057246972976496,0.9199117165193277,0.7820963185522343,0.8508940408143366,0.9582144552981327,0.9356403782457072,0.9109192134561164,0.9587907869179462,0.9109192134561164,0.8357840905673556,0.9449933732356441,0.9582144552981327,0.9582144552981327,0.8189942965580155,0.8456943293164734,0.9216020313541384,0.9582144552981325,0.967275815149292,0.9582144552981327,0.9362456943690349,0.9154363928771068,0.8012314698665088,0.9582144552981327,0.9372689456075765,0.9493347822888889,0.8620020752690569,0.8422468139518782,0.9582144552981327,0.9022452837148789,0.9312607396704551,0.8129069456777994,0.8443492696188819,0.9372689456075765,0.9316266645899962,0.9610366993022685,0.7950896414683802,0.9582144552981327,0.8332650413138041,0.9436389526644005,0.9591016377439943,0.9653626570022469,0.7972924922038751,0.861092113458608,0.9529828655437629,0.9582144552981327,0.6420933219872027,0.9223215509727927,0.9582144552981327,0.992787606045791,0.9317709090158675,0.8700853537305537,0.8480451455932456,0.7887187728537042,0.9582144552981327,0.8184753916628579,0.8814987207179203,0.964040252388596,0.9751589072340372,0.9855627308526734,0.9327537943050115,0.9245757305468907,0.9145417437978427,0.9610366993022685,0.634097059824221,0.906597867618917,0.9470055188469617,0.9370517719232339,0.9357316532939288,0.8936031902522541,0.9470055188469617,0.9625131050152524,0.9436389526644005,0.9582144552981327,0.965625,0.8971068309419691,0.9490201150415456,0.9818060040046753,0.9404006431802039,0.9555383641697377,0.9961055629702817,0.9596053879391779,0.9555383641697377,0.9818060040046752,0.9582144552981327,0.9517441295565185,0.9005120111662772,0.9208725034246263,0.0,0.8736248211051394,0.967275815149292,0.8408182974981258,0.9470055188469617,0.8919271595115179,0.9493347822888889,0.967275815149292,0.9710788548916567,0.9653179186519116,0.9162100923845103,0.9936745866415236,0.9493347822888891,0.9199574485923752,0.9610366993022685,0.933230312818766,0.9469207829576382,0.8987819282972862,0.9914826481470901,0.9922022799705809,0.8464753821068671,0.949179989012776,0.8683043280893405,0.9848247876461579,0.9840739333532937,0.9008317218258526,0.9844391106320844,0.9101073401299777,0.9910578376517607,0.7408832291859204,0.9892083965651993,0.8499479257057734,0.7788100711579629,0.8780124908814334,0.8661829386665058,0.9302869180633688,0.931706337413675,0.9610366993022685,0.9466304752226786,0.9923557552405138,0.9845214236147153,0.8110762919188095,0.965625,0.9821979361118385,0.9109895373928905,0.9457879562525044,0.982971410509272,0.9542468650366518,0.9542468650366518,0.7771757990417102,0.965625,0.9383021271292231,0.8565016117177144,0.9283593797331273,0.9568599156354454,0.9568599156354454,0.8676494287670123,0.9806215235201543,0.9542468650366518,0.8944656454039726,0.9582144552981327,0.964040252388596,0.9582144552981327,0.9582144552981327,0.8039725851265409,0.9470055188469617,0.9332303128187658,0.9582144552981327,0.8491099208008115,0.8135720944084266,0.9302869180633687,0.9156983093954272,0.9022452837148789,0.8402819095372955,0.9675591368764065,0.9662757781656686,0.774682834871935,0.9529828655437629,0.906597867618917,0.964040252388596,0.932241742150131,0.9185163992466922,0.9557864545102848,0.9383021271292233,0.9055383025924691,0.8958070756300927,0.8903043654943785,0.9457879562525044,0.9145417437978425,0.9610366993022685,0.9637550377043786,0.9493347822888889,0.9936745866415237,0.9470055188469617,0.9425866173147945,0.9372689456075765,0.9823635494290389,0.9254223119773604,0.9342268638258988,0.8714717093867045,0.9493347822888891,0.9596053879391779,0.9293199127017768,0.8195551936563309,0.9397068954970855,0.9507165296704019,0.9568868616159543,0.9542468650366518,0.919627993278336,0.9092272046561756,0.9568599156354454,0.8803297012364802,0.9393458182324887,0.9690033562225546,0.8402819095372956,0.9815087400578081,0.8947692331144509,0.9403775636724252,0.9493347822888891,0.971510747264704,0.9737004279988793,0.9582144552981327,0.9625131050152524,0.9312607396704551,0.8060296021509912,0.8858340936764977,0.918094568996662,0.9555383641697377,0.9465829649206582,0.861092113458608,0.9470055188469617,0.7861013304270681,0.9342541377090322,0.8301859677307095,0.8464753821068668,0.9176729344763376,0.9555383641697377,0.9762777185243532,0.9230339739969549,0.9673847887170085,0.9458674971126177,0.9780956823185021,0.9766648290842721,0.8441952219411115,0.8083175645988113,0.9332303128187658,0.9632833241074699,0.8858340936764977,0.949179989012776,0.9672758151492922,0.9868438546677248,0.7972924922038748,0.9030333503116559,0.987405892261038,0.957709994622393,0.9568599156354451,0.8322437174658711,0.8691958391075141,0.9690033562225546,0.8972120410206864,0.8714717093867045,0.932241742150131,0.9312607396704551,0.9447456538980157,0.9890302829209388,0.9383021271292233,0.7918579992207195,0.9487953198046517,0.9818060040046751,0.890419571801265,0.9625131050152524,0.9690033562225546,0.9582144552981327,0.9081517461023693,0.8892901999095579,0.9540291191346464,0.9342268638258986,0.9582144552981325,0.9452575897741526,0.8903419420496907,0.8874421650552475,0.9362456943690349,0.9208725034246266,0.9109895373928905,0.9022452837148789,0.8048151292800537,0.9982522182750793,0.9701757583840656,0.9503464385246942,0.9181496848802537,0.964040252388596,0.9199574485923749,0.941467276381333,0.9552175050422179,0.9302869180633688,0.9690033562225546,0.9982522182750793,0.9555383641697375,0.9690033562225546,0.9517441295565183,0.941467276381333,0.9582144552981327,0.9776793852114212,0.9048529663349028,0.940340909090909,0.7274442879673653,0.851809244639438,0.8532920118076435,0.8227168701728214,0.9568599156354451,0.9625131050152524,0.9542468650366518,0.9568599156354451,0.9568599156354451,0.8024064520497922,0.9582144552981327,0.9542468650366518,0.923643018049562,0.9582144552981327,0.9458674971126175,0.910107340129978,0.8463068181818176,0.9610366993022685,0.9457879562525046,0.7162584522515594,0.9568599156354451,0.8661225030173028,0.9206136392290398,0.9470055188469617,0.8087664788274316,0.9582144552981327,0.9236430180495621,0.9610366993022685,0.9458674971126175,0.9329331696757048,0.9788461913526095,0.965625,0.9596053879391779,0.9481608601832736,0.8138923488875749,0.9481608601832736,0.9582144552981327,0.9673847887170085,0.9893688617336196,0.9945610690582236,0.9386559485878399,0.9505286850464205,0.940340909090909,0.942546448360206,0.9610366993022685,0.9236430180495621,0.8071325518268441,0.9582144552981327,0.9582144552981327,0.9852375043955972,0.9672758151492922,0.8665150422521171,0.9542468650366518,0.9505286850464205,0.9358227266210354,0.9555383641697377,0.9690532119721815,0.8059936873009321,0.9582144552981327,0.9582144552981327,0.969402559611159,0.9313419384321767,0.9199574485923749,0.8743674594684079,0.9827558590699044,0.9855627308526733,0.8683043280893405,0.791295991860006,0.9447456538980155,0.9823849990997208,0.9582144552981327,0.8081635455684224,0.9625131050152524,0.9690033562225548,0.8610921134586078,0.965625,0.8227836741603319,0.9582144552981327,0.9582144552981327,0.8151543300838585,0.9582144552981327,0.8083276721850541,0.9493347822888891,0.8823675467067162,0.9172347260035334,0.9982522182750793,0.9172347260035336,0.8535684852048993,0.8771378467726849,0.9582144552981325,0.9302869180633688,0.908781667535224,0.9596053879391779,0.7522727272727264,0.7578134667839216,0.8845481915056583,0.926456449323181,0.932241742150131,0.7972924922038754,0.8841024249642828,0.9582144552981327,0.793777868817579,0.932241742150131,0.9922022799705807,0.9740699527808632,0.9275816772658132,0.8408182974981258,0.9370067185313316,0.9535986089258481,0.9457879562525047,0.9693421397704964,0.8481307615706115,0.9008317218258526,0.967275815149292,0.9910578376517607,0.9352213936467461,0.8108977844528873,0.9625131050152524,0.9568599156354451,0.9378106311870049,0.941467276381333,0.8650564954973854,0.7940830295788784,0.9273614004407343,0.9814510646731802,0.8237261571040237,0.8237261571040229,0.9199574485923752,0.9342268638258986,0.9145417437978427,0.9582144552981327,0.967275815149292,0.9493347822888889,0.8518092446394381,0.9323831431980896,0.9762777185243532,0.9568599156354454,0.7649822460765636,0.9127606676606757,0.9596053879391782,0.9106507599689604,0.8586395319915322,0.9587846477856066,0.9938420033909696,0.9582144552981327,0.9109895373928905,0.9582144552981327,0.801231469866509,0.967275815149292,0.6241960298787586,0.9458674971126175,0.8814987207179206,0.9582144552981327,0.8542114406999302,0.8402819095372958,0.9288327934067985,0.784777041220469,0.8635372202957411,0.845195227382254,0.9625131050152524,0.799678901028809,0.9466304752226786,0.9552047908760306,0.8373021566360079,0.9470055188469617,0.8709729405791933,0.9690033562225546,0.9470055188469617,0.9582144552981327,0.9937522140875703,0.942546448360206,0.7763632652026874,0.9199574485923752,0.8784164439301574,0.7274442879673644,0.9568599156354451,0.8788619061474223,0.8858340936764977,0.9145417437978427,0.8129069456777994,0.8312173911187127,0.9582144552981327,0.8024341677705479,0.8875631490366902,0.9362456943690349,0.9582144552981327,0.9888905370951695,0.9529828655437629,0.965625,0.9892083965651993,0.9568599156354451,0.8736248211051392,0.8746515668023194,0.9154363928771068,0.9998226281102464,0.9305571523023597,0.9470055188469617,0.8461277862534455,0.9582144552981327,0.9438962066300457,0.9582144552981327,0.9403409090909088,0.8981674209551731,0.8876788640791468,0.9690033562225548,0.9465829649206581,0.9247111621301727,0.9840739333532935,0.9362456943690349,0.9582144552981327,0.7509020511212643,0.9912167559423897,0.9398406738472914,0.949179989012776,0.9302869180633688,0.9625131050152524,0.9383021271292231,0.8406564126395663,0.9312607396704551,0.9142379704609405,0.8312173911187126,0.9312607396704551,0.9362456943690349,0.9625131050152524,0.9057246972976496,0.9312607396704551,0.9690033562225548,0.9352213936467461,0.9593605721085061,0.9057246972976496,0.9568599156354454,0.9516937335159951,0.9458674971126175,0.9109895373928905,0.9302869180633688,0.8616362273895215,0.9799586765453088,0.942546448360206,0.6613388029563301,0.8518092446394383,0.9136806902167052,0.9362456943690349,0.9190462651000917,0.8902849828282723,0.9733018367704472,0.9245757305468909,0.942546448360206,0.9593605721085061,0.9610366993022685,0.9190462651000915,0.9997356383868505,0.9404006431802039,0.9404006431802041,0.9637550377043789,0.9625131050152524,0.964040252388596,0.9752722160443181,0.9393458182324887,0.9945424935407445,0.9631988949207005,0.9383021271292231,0.9525107890657616,0.9481608601832734,0.9372689456075765,0.9582144552981327,0.886085334247818,0.9801726050158863,0.9784926679114252,0.945012395604742,0.9492695548843344,0.964040252388596,0.9610243931286573,0.9777034239720852,0.9436389526644002,0.9008317218258526,0.9393458182324887,0.946920782957638,0.9728761310858696,0.9611195340498858,0.9505286850464205,0.9799677102506719,0.890419571801265,0.9309173228584982,0.9576948646187342,0.9552175050422179,0.9596053879391779,0.9256077995825024,0.9404006431802034,0.955217505042218,0.9163339973465923,0.9255780598322527,0.9345630516777262,0.9555383641697375,0.9555383641697377,0.9620452549083616,0.9914826481470901,0.9662757781656686,0.9610366993022685,0.9658991494762945,0.9458674971126175,0.9457879562525049,0.9553459570547012,0.9447456538980155,0.959360572108506,0.967275815149292,0.9057246972976498,0.965625,0.9544340530320736,0.964040252388596
p159_R,0.9554416788963401,0.8225936215266272,0.6727647087858128,0.850057798740844,0.7601530758998256,0.8860449046541115,0.761811071626032,0.7355671799155719,0.3738683714053965,0.7410552836650504,0.8181251992022518,0.8350927239459643,0.7468637772209334,0.7656156573256494,0.9483858957128878,0.9747580940684457,0.9434256525191982,0.7927960017530737,0.9815087400578082,0.9176189154668901,0.80606184672747,0.8392653276543487,0.878873109687901,0.8364082345766712,0.809420201655433,0.5540180609161358,0.8317946002619976,0.5954820925524436,0.9176189154668901,0.7878358038553521,0.6201268487578762,0.870463382891989,0.8816373105758175,0.6549270136122719,0.8206863064580855,0.9098414308144025,0.8827042327454635,0.8271476719118347,0.7547252233507542,0.811739805176722,0.6957243255975112,0.9154498340554902,0.9259593348757931,0.6648136834951739,0.9155178894548981,0.5386355035877102,0.8890106760597565,0.5630620887834565,0.7887795529709354,0.5951531435577457,0.8370443491719957,0.5450928376733029,0.577346130106521,0.9024868341452481,0.982138592764223,0.8074239246703685,0.9890698219039585,0.8463809254714867,0.688501707043872,0.8365426274325067,0.4798443339498224,0.7125170559571108,0.8861082785146148,0.9224426332951579,0.8677987043663946,0.5400773683139664,0.8621843473480633,0.8348143692681969,0.9661027853262858,0.9098414308144025,0.7618883347214103,0.7887795529709352,0.972019382853735,0.3419933384038124,0.8463809254714867,0.6566193108706682,0.8137359723057827,0.8441860472819296,0.5450312480224695,0.8860449046541117,0.8691446238416198,0.8492473095446895,0.7770128560991825,0.9560924860857705,0.8463809254714867,0.750895652148909,0.9158533937000453,0.7251567084320601,0.8826048477977396,0.8414011380622552,0.8463809254714867,0.6894029394143679,0.7463578119519241,0.654433445111591,0.8648804092315283,0.9450112152550612,0.6662857236258222,0.6760825427877957,0.2668529657571832,0.37842109314898975,0.7848121187341826,0.8567565353887987,0.846380925471486,0.7722739731939527,0.6840330445493323,0.8736248211051396,0.7192835707968517,0.30734138542396516,0.8401247247220579,0.3716310389974504,0.6554372138066928,0.9185308994246547,0.45351506445781087,0.7261599812931534,0.8567565353887991,0.485963630007476,0.8492246923995008,0.8004256915114937,0.8860449046541112,0.34957167095408004,0.973749766371881,0.7980162104207744,0.809420201655433,0.9681857054103615,0.8161240709434594,0.5282091045261079,0.8514945068923672,0.8129178062116007,0.8708107869705992,0.9801753998288609,0.3082088780634705,0.8890106760597565,0.862184347348063,0.9658737650974747,0.8597023633262979,0.7269432257223103,0.8515799135867916,0.8621843473480635,0.862184347348063,0.8651692889773956,0.4616463438232339,0.8796938264815499,0.36600338782799424,0.6724153496229761,0.8385566727123894,0.43699426598570046,0.6542653954571293,0.19300108542228966,0.9495013184114423,0.4292825159441458,0.8796938264815504,0.5164026788829565,0.75031988782375,0.934541064137582,0.9624414485080437,0.614253889678614,0.6825451373864606,0.7986634867994142,0.6144925451154797,0.6855441026449836,0.6660987365360043,0.8890106760597565,0.800988953122342,0.6029824232890459,0.7063065737533574,0.7472891252000984,0.7072750083573852,0.7306040652433028,0.8429135209484417,0.6052110184704358,0.8711683340946426,0.8414011380622552,0.6951163447335439,0.6328901928048323,0.7026337148269375,0.8016412466225944,0.9098414308144025,0.8949199758508423,0.8818043295729845,0.7050879710420153,0.8271017645060831,0.6015928086230229,0.9204829543512978,0.9233216706709952,0.8772586458777454,0.6148243119240591,0.29198777876706583,0.9966842445843856,0.8225936215266272,0.812142797844865,0.7913107724839367,0.7334893484396032,0.5422885437366773,0.38638532165513884,0.9352221471199849,0.8463809254714867,0.8364082345766711,0.951049273612063,0.9320071107545691,0.7207835706107013,0.5119619904149675,0.952731319579339,0.8463809254714867,0.6323397211833273,0.477487795685963,0.741055283665051,0.8463809254714867,0.7571304768817342,0.5271862625850244,0.4224761458737385,0.614492545115479,0.7306048384599253,0.8414011380622555,0.8463809254714867,0.8075427489145157,0.8463809254714867,0.6060390587527891,0.5811520636900858,0.6526167037218846,0.8463809254714867,0.6384424660548673,0.8463809254714867,0.6272479460213498,0.7460741665204069,0.7472891252000984,0.6400727678643532,0.8567565353887987,0.3545720245752315,0.8651692889773956,0.8543063200473955,0.9309704742085616,0.7707095949208675,0.5469028545553127,0.8156206560520562,0.8621843473480633,0.7654838048890945,0.7186310918640246,0.7057340580846634,0.8266616619410949,0.8030637316332492,0.507480729081579,0.8333122429664003,0.6694766586770136,0.7340574493941594,0.8463809254714867,0.883964363929722,0.8463809254714867,0.5157935668073922,0.7634145312909693,0.995860482228037,0.9814211538373907,0.3545720245752315,0.8364082345766712,0.5382281960921884,0.809420201655433,0.6760160728460733,0.8441860472819296,0.34378471636419383,0.8207020579016266,0.6271164277702557,0.9349939943201134,0.5550701456876901,0.8414011380622552,0.8543687314766315,0.6713178299253668,0.7547252233507542,0.4855432736650258,0.8657653581684183,0.8917327959812249,0.6543217017938012,0.6674208096960499,0.9290224147880504,0.6168457331840566,0.7512582446744607,0.5547162858416983,0.8736248211051396,0.3716310389974512,0.7137568682679383,0.8251181313335156,0.9612805335337941,0.8736248211051396,0.8829704045476999,0.3454655038985931,0.9025277748860163,0.7270426172754045,0.786726192679448,0.8567565353887989,0.7748935537185433,0.2958339541880465,0.836542627432507,0.8567565353887991,0.8890106760597563,0.4038225721729032,0.8736248211051394,0.42032165617924167,0.5973848018856238,0.6534092147090431,0.8758842362864541,0.9822746502329287,0.8463809254714862,0.834700057382509,0.8365426274325074,0.8956033810680568,0.31491128004381164,0.6842524411411148,0.8567565353887991,0.7887795529709354,0.8743064244150015,0.48108090108641965,0.8422159892212935,0.5827076213961198,0.8281086202991372,0.749661170661543,0.5702810137456034,0.6606783100335158,0.8796938264815506,0.49973571336736866,0.8796938264815506,0.9174384118858392,0.6848305306125808,0.7261599812931536,0.9497186205854558,0.8463809254714867,0.7033682142920206,0.8841260485131919,0.792796001753074,0.8736248211051396,0.9585559430354967,0.8414011380622555,0.8463809254714867,0.8344527069141838,0.9815087400578082,0.9259593348757931,0.7485672125969285,0.5458390760622056,0.8009889531223418,0.9373014503319761,0.4855432736650259,0.48260352238902104,0.8344527069141836,0.6279559414483287,0.5604592215283559,0.6916854952177958,0.6549270136122722,0.6022919851438406,0.6980471027616436,0.5695772811001556,0.8860449046541115,0.34464778945970176,0.7545300025517867,0.33397701533084045,0.8317946002619978,0.8708107869705988,0.8452904100729588,0.6694766586770133,0.29583395418804626,0.3567403469823609,0.45183149770536835,0.8463809254714867,0.2476057326609371,0.8665360343869852,0.7581936916224563,0.8515715241131472,0.9306807285917506,0.4521630327646068,0.8463809254714867,0.8463809254714867,0.8208961595306921,0.8413756415498658,0.6172459444150689,0.8463809254714867,0.9176189154668903,0.8463809254714862,0.786726192679448,0.6891129897265378,0.33432676506609627,0.846380925471486,0.7693775062951058,0.8647946830029143,0.4926687294547656,0.42004110231081926,0.8463809254714867,0.6406176070298606,0.7672051489045666,0.32516063953705543,0.3687428424767796,0.812142797844865,0.6506055182365358,0.8567565353887991,0.285818514986645,0.8463809254714867,0.41313354967754856,0.792796001753074,0.6028468520367016,0.8505636680439985,0.9451236844516557,0.48932337420871597,0.8271476719118342,0.8463809254714867,0.8360506483869403,0.5021833517923819,0.8463809254714867,0.8762907351695037,0.39470022507813163,0.5500119300914523,0.45459890575179207,0.2625347085446781,0.8463809254714867,0.9011723567556875,0.6059229249051324,0.9025277748860163,0.6787665739427935,0.5605268870903028,0.7645101066129144,0.4589664230236252,0.7028998376527336,0.8567565353887991,0.9612900607098119,0.27707016535969875,0.9034398993284063,0.15505474786895812,0.6335889467682798,0.6088460839065062,0.9525734786094173,0.862184347348063,0.8161240709434594,0.8463809254714867,0.9098414308144025,0.7377879225361759,0.5353551708443527,0.738840383443234,0.8922965439848738,0.8651692889773959,0.5736684058553698,0.9139139585985596,0.8651692889773959,0.8441860472819296,0.8463809254714862,0.8225936215266274,0.6342454578399532,0.7090981371573744,0.8736248211051394,0.0,0.8796938264815506,0.8312024571260157,0.8788731096879012,0.5812742877765152,0.8903240383514797,0.9176189154668903,0.734407049514731,0.6153981162569122,0.8391470150713669,0.8205816817584302,0.8903240383514797,0.741412456170369,0.949718620585456,0.7952571048853001,0.8875628936493658,0.8781999638661512,0.9216348441782116,0.7287599702469232,0.9484294396006385,0.5767913281440066,0.5570884769702138,0.5452561784557695,0.7487324657154171,0.9713334155834983,0.4777148740668056,0.6860578446863523,0.7277314941831834,0.9457640223893855,0.8297395304068909,0.4483532296006483,0.9484294396006385,0.5939414730054694,0.9457640223893857,0.7437089977875249,0.5321005854208968,0.8567565353887989,0.8799912114281396,0.5823367837639466,0.8314363497202995,0.9380384081216748,0.9452921303485451,0.7606257763645146,0.46204729852930126,0.937256845405638,0.8070371963135037,0.8597023633262977,0.831794600261998,0.9707204840519695,0.7642090818022306,0.773175862647949,0.48585867438091823,0.7366226559312068,0.8414011380622555,0.8414011380622557,0.5316616939648915,0.9405148519069519,0.831794600261998,0.6271164277702557,0.8463809254714867,0.8677987043663948,0.8463809254714867,0.8463809254714867,0.3385433405644789,0.9737261524690666,0.7545300025517867,0.8463809254714867,0.2729146970896488,0.13540432430040794,0.8816477323116374,0.7106985586082806,0.656352471060696,0.4390730382889565,0.9248707233778988,0.8841260485131921,0.23290150213205396,0.8731593154362562,0.8586940874158611,0.97198591592526,0.5242380697085773,0.5806856117841521,0.44856005690552603,0.7731758626479492,0.9276489541002395,0.8199374340288259,0.9074536876348236,0.8677987043663946,0.7370516535016467,0.8567565353887991,0.822029541264691,0.7777943421171685,0.9628839102040201,0.878873109687901,0.5327170019627784,0.7907601520699854,0.46156516148325355,0.8017586249855284,0.9848131945317582,0.7884479172306686,0.8903240383514801,0.8827042327454635,0.9672982836329164,0.3705372539959123,0.5295882492225383,0.8956033810680566,0.7253931377374552,0.8612200060307011,0.7453393281862506,0.6662857236258233,0.8708107869705992,0.40306292795134324,0.7770128560991825,0.8860449046541112,0.4128173889463337,0.2650231774125573,0.9731603591439857,0.4055305731545449,0.8392653276543485,0.8566898070754562,0.7552291824498978,0.8463809254714867,0.862184347348063,0.6751461873703168,0.972019382853735,0.6239028543751399,0.828853052814299,0.7340574493941592,0.7770128560991822,0.48932337420871597,0.8543063200473957,0.25297783554803444,0.8796938264815499,0.38873428326802983,0.9484294396006387,0.5748749724881574,0.8651692889773959,0.9633717685717937,0.7635419624573212,0.7831200647944141,0.8009889531223418,0.7263106210254575,0.611035345818645,0.4403842466004779,0.6227349628948446,0.7748935537185431,0.45548261821390246,0.594823631015684,0.9018077327480296,0.8796938264815504,0.8594852121729344,0.8676179604297676,0.5537124462890806,0.8126075677583111,0.7212372486268086,0.8414011380622552,0.4485069837535558,0.5191156586769456,0.9259593348757931,0.6957694200797444,0.885210339243541,0.8717066985059947,0.7672051489045664,0.844298719832695,0.9789823890590899,0.7948436229548836,0.890189735239559,0.7789871709445353,0.8181251992022522,0.9884493826039737,0.8956033810680566,0.9259593348757931,0.8463809254714867,0.9603802811136218,0.6077376504707586,0.4929353420252518,0.7581936916224563,0.8463809254714867,0.5104648493196391,0.5092108921088072,0.7905902658814854,0.7656156573256492,0.7090981371573739,0.6727647087858122,0.6513135115825444,0.9194450298766157,0.7808907816692274,0.9169429746534163,0.3520501535857008,0.6860578446863526,0.8677987043663951,0.7057340580846638,0.9890698219039585,0.921264816730714,0.7437089977875249,0.9259593348757926,0.9814211538373909,0.8365426274325074,0.8860449046541115,0.8225936215266272,0.8074239246703683,0.8766475407506158,0.6328901928048319,0.6502044101602336,0.800425691511493,0.9114861522954752,0.7267356314200379,0.4925269192433326,0.39347613729251185,0.8708107869705988,0.8956033810680568,0.8597023633262981,0.8708107869705988,0.8414011380622552,0.917438411885839,0.8463809254714867,0.8054044799021002,0.9773867320919686,0.8463809254714867,0.800988953122342,0.669521426257196,0.9090755206392827,0.8567565353887991,0.9585559430354967,0.9612471379890558,0.8708107869705988,0.5267961281613782,0.3783636170475875,0.6052243078614852,0.43351408242065026,0.8463809254714867,0.7192835707968519,0.8567565353887989,0.8009889531223418,0.4382686991176067,0.7227125659592486,0.8736248211051396,0.8514945068923674,0.6648971879108037,0.861942198808193,0.8594852121729344,0.846380925471486,0.9804135331642502,0.7827388535592974,0.8598469038756875,0.540780179477729,0.9223685915209612,0.9460580405236654,0.7887795529709356,0.8890106760597565,0.7192835707968517,0.27587934813566906,0.8463809254714867,0.9069141560297456,0.6596237938264831,0.7410552836650508,0.5914016130771009,0.8317946002619978,0.8441860472819294,0.3927840002104518,0.8651692889773959,0.5121884018581382,0.2997577705894936,0.8463809254714867,0.8463809254714867,0.8571730441913314,0.5975484006269091,0.7235732571275166,0.5834791096733813,0.17389396784491762,0.5075628964210479,0.5158381353487003,0.28502409328764844,0.7968646436841649,0.31079479519728226,0.8463809254714867,0.8747359729748496,0.862184347348063,0.7547252233507542,0.48932337420871574,0.8736248211051396,0.37431384840025794,0.8463809254714867,0.8463809254714867,0.3464056201962873,0.876647540750616,0.3343128966715805,0.8137359723057829,0.5818900253141808,0.695724325597511,0.8477342390586151,0.7654838048890944,0.37136928796908153,0.5765092142971548,0.8463809254714867,0.7437089977875249,0.27726452567308235,0.9139139585985596,0.909075520639282,0.8989626117274039,0.7751690686450576,0.9190310891726567,0.750895652148909,0.7739887828704792,0.5883604924318016,0.8463809254714867,0.2882586304562794,0.9321122216845379,0.44972205308058744,0.6303514626246034,0.5929899406009063,0.9110956697446365,0.5442900713203969,0.6006046874813715,0.8196396609570097,0.681463244584918,0.2931219696237719,0.9449432952236013,0.8796938264815504,0.8543947063059751,0.9794205552761555,0.3504230967820595,0.8370443491719955,0.870810786970599,0.4226960296529483,0.9664580159677726,0.8028255982978589,0.9912440419381683,0.9542973744591623,0.7831200647944141,0.9143829442374807,0.9542973744591622,0.7235732571275166,0.8709743945259592,0.4091529502755288,0.7298864606206956,0.8796938264815504,0.8647946830029141,0.777794342117168,0.56043573936214,0.8816373105758182,0.6880444794042462,0.9883183721598556,0.6298438197473388,0.8676179604297674,0.48142238960178574,0.8918418728988426,0.4915530317921575,0.5420224580551962,0.8463809254714867,0.6894029394143677,0.8206863064580854,0.6206488263058303,0.7410552836650504,0.8710968232761246,0.619910769809483,0.7360141725510585,0.8463809254714867,0.43660295278071193,0.4259452136176449,0.8612025519212236,0.24814449457991383,0.3419933384038124,0.27116649361250467,0.862184347348063,0.33636073549978174,0.9252204431280774,0.8914079034741679,0.45423928972655203,0.8051727407663847,0.5256489391539718,0.8860449046541115,0.8543063200473957,0.846380925471486,0.7270426172754041,0.7887795529709356,0.2526641967671689,0.9198044465988975,0.4535643244697849,0.9977140018671351,0.8708107869705988,0.3449445670634852,0.5802840193359571,0.7028998376527333,0.39007921321562855,0.39253337480341866,0.8463809254714867,0.35173147193144416,0.6012818566694942,0.7656156573256496,0.8463809254714867,0.329152299248919,0.9633717685717935,0.8736248211051396,0.8051727407663856,0.8708107869705988,0.5632954066582387,0.8339548912007628,0.7063065737533567,0.8752593424789261,0.9983143621030959,0.8297395304068909,0.44751842181303836,0.8463809254714867,0.9071730838469627,0.8463809254714867,0.7642090818022306,0.6725363963631774,0.3909356292852064,0.7547252233507542,0.8868472975146149,0.7423104329717858,0.5805453258313803,0.8078367280332466,0.8463809254714867,0.8838747793973947,0.2749111066400163,0.6469987295680197,0.8381791435687529,0.7437089977875249,0.9290224147880504,0.7731758626479506,0.8671175155319419,0.9066173148358452,0.45334983594809297,0.3794928758774141,0.9066173148358452,0.7656156573256494,0.8621843473480635,0.6694766586770133,0.9066173148358452,0.7547252233507542,0.9560924860857705,0.8364082345766713,0.6534092147090431,0.8414011380622555,0.9740307444063399,0.8492473095446895,0.4953237597864121,0.7634145312909695,0.9000257835475503,0.499221824497573,0.660174394090186,0.8645023728543081,0.8033236974657345,0.7115949195665721,0.7656156573256496,0.72008606701088,0.5941781549517091,0.9800702000516535,0.7227125659592488,0.8117398051767222,0.8364082345766712,0.8890106760597569,0.6072434230278766,0.9994400057787403,0.7734861690681865,0.8031719341323567,0.6157685204936152,0.8621843473480633,0.8677987043663948,0.9552338077857278,0.5639804954082249,0.7886002519410398,0.765860162422747,0.7948436229548839,0.9800821483199362,0.9345827279491863,0.6105257662333885,0.846380925471486,0.5650623210388737,0.7241061174682237,0.7366226559312063,0.45764922536313957,0.9528102840947748,0.9025277748860163,0.8156206560520562,0.9450871916924853,0.577346130106521,0.887610126390598,0.8209466326653554,0.8701230238264699,0.9651932755552611,0.7896487715397772,0.8181251992022522,0.9452800433627777,0.8708107869705992,0.964940580791066,0.7558791572154473,0.8567565353887989,0.8827042327454635,0.3416950455881621,0.5283934919737641,0.8890106760597567,0.9348208319519264,0.4470406578905445,0.7675039068167469,0.8937959505222852,0.8937959505222852,0.4095057100457775,0.8251181313335159,0.705734058084664,0.8890106760597565,0.29954960621239,0.8009889531223418,0.8677987043663948,0.38637798277841306,0.9628839102040203,0.8827042327454635,0.7789803726503902,0.6396232507002728,0.8004256915114937,0.7841461025762893,0.8677987043663951
p159_W,0.8061163702373839,0.9540615556502021,0.915264150341758,0.9393074128728371,0.9602211523225768,0.9704919301607371,0.805571348133886,0.8404071783150322,0.9246724996449085,0.9688473520249221,0.952904481298952,0.9611058687776598,0.9589316626844853,0.9393074128728371,0.9299882837258,0.9539382344839202,0.9564441004788364,0.9463456194504827,0.9672758151492922,0.9688473520249221,0.911916104177739,0.9788198231857259,0.9495505106234363,0.9535979799037622,0.9506503681784948,0.9463456194504827,0.9564441004788364,0.934561854210183,0.9688473520249221,0.8935656017904773,0.9412650880954538,0.9643133649175286,0.9552408029353747,0.9364368411420321,0.9574863565447541,0.9672758151492922,0.9615452872130625,0.9552408029353747,0.9704919301607371,0.945305581259918,0.9212094218042226,0.9881161094061225,0.9209839463193069,0.984298100015708,0.9564441004788364,0.880532101349504,0.9629078616894176,0.9698382173897018,0.945305581259918,0.9942598295392804,0.9643133649175286,0.8822041938925773,0.9463456194504827,0.9735307058746404,0.9552408029353747,0.9442782351269046,0.9442782351269046,0.9602211523225768,0.9735803407867052,0.9576735770276548,0.9761261745674081,0.9115456612205781,0.9463456194504829,0.9212094218042226,0.9657671730030435,0.9717322012691176,0.9643133649175286,0.9961221422317278,0.9256502688716615,0.9672758151492922,0.9383422423783938,0.9453055812599183,0.957486356544754,0.989627316794844,0.9602211523225768,0.9110833848585063,0.9517679141853161,0.9762381701099261,0.8839192332693959,0.9704919301607371,0.9762381701099261,0.9859275654047343,0.9422586572762626,0.9463456194504829,0.9602211523225768,0.9354957453078969,0.9094075605567677,0.882672372378398,0.8081550182649213,0.9589316626844853,0.9602211523225768,0.9605021604012389,0.8677629859955873,0.9973054793020452,0.9980151413438711,0.9220700353609519,0.9135864513673664,0.911916104177739,0.8153256438808842,0.85281360406044,0.9942420842964468,0.9629078616894176,0.9602211523225768,0.9154496468705262,0.9395982191649277,0.9672758151492922,0.9273099638694315,0.8392345523720058,0.9812882646010128,0.8407776471276052,0.9445948948871477,0.9473991727811977,0.829568874372492,0.929090574034799,0.9629078616894176,0.8164251656078731,0.9540615556502021,0.9672758151492922,0.9704919301607371,0.9545911390185761,0.7532105416610242,0.9102521474185266,0.9506503681784948,0.7641704294741704,0.9463456194504829,0.9855544878853839,0.9615452872130625,0.8319589973352826,0.9611058687776597,0.7448986425205772,0.9828112333420398,0.9629078616894176,0.9643133649175286,0.812459822799351,0.9564441004788367,0.8788539781850342,0.9676193484318019,0.9643133649175288,0.9643133649175286,0.9576735770276548,0.974681365940242,0.9688473520249221,0.9918606338284619,0.8995337970065296,0.956091512537085,0.9299882837258,0.9018028471387467,0.9734494449255834,0.7425590290337527,0.8707511192158017,0.9688473520249221,0.9741742265760635,0.9260856807199043,0.9497216571784262,0.9643133649175286,0.992267340798816,0.943850994038151,0.9857418255557404,0.8880166939342058,0.9102521474185266,0.9010225825203138,0.9629078616894176,0.948467140918744,0.7988652819601523,0.919497451312518,0.9345618542101832,0.8714910313665701,0.9686270243184087,0.9980151413438716,0.9698277832460839,0.996705259555954,0.9589316626844853,0.9442782351269046,0.8983363361253107,0.9241944187271152,0.8425599060671963,0.967275815149292,0.9395982191649277,0.9934000968343184,0.9550108469657219,0.9308912761119588,0.9571805908603364,0.9442782351269046,0.6412559946262384,0.835451475606497,0.9241944187271152,0.8888428923892235,0.643896750940472,0.6838997519740098,0.9984192168061299,0.9576735770276548,0.9735615243851738,0.9214866402874341,0.9415226321017729,0.9264265757108794,0.9602211523225768,0.9615452872130625,0.9644928340620883,0.8390890544952989,0.9082817858847676,0.915264150341758,0.7212184631640942,0.9602211523225768,0.8970707874646662,0.810777072797328,0.9688473520249221,0.9602211523225768,0.9802566459961088,0.9336347991328913,0.9110833848585065,0.9270340353108141,0.9255474930154989,0.9589316626844853,0.9602211523225768,0.8794338766591756,0.9602211523225767,0.8604028387223074,0.9483842914986946,0.8712137408638374,0.9602211523225768,0.9308487984769923,0.9602211523225768,0.9017356045997869,0.9273099638694318,0.934561854210183,0.9028202028772294,0.9629078616894173,0.8261452162494157,0.9576735770276548,0.9495505106234361,0.9094075605567682,0.9264265757108794,0.8792997209978729,0.9364368411420321,0.9643133649175286,0.9686270243184087,0.8158085352345761,0.9723047356695362,0.919497451312518,0.9336347991328913,0.933634799132891,0.9564441004788364,0.9102521474185266,0.9576735770276548,0.9602211523225768,0.6881718386495923,0.9602211523225768,0.8865499284062764,0.9336347991328913,0.8539593087394242,0.6932532120236476,0.8261452162494156,0.9615452872130625,0.9327142329596736,0.9506503681784948,0.9161060738860443,0.976238170109926,0.87149103136657,0.9629078616894176,0.8995337970065296,0.9405885046495401,0.7823606028903336,0.9589316626844853,0.9657671730030437,0.8660229158723243,0.9704919301607371,0.9802566459961091,0.9828221665728863,0.9473991727811977,0.9377454038018886,0.9019980934674428,0.5813683192248549,0.7373990487539739,0.8037353107676923,0.8208122474227104,0.9672758151492922,0.7674777878775876,0.9327142329596736,0.948467140918744,0.9710638846211326,0.9672758151492922,0.8086190521339539,0.9982618712060003,0.9657671730030435,0.9674296364846791,0.9393074128728371,0.9629078616894176,0.9364368411420321,0.8295688743724922,0.9576735770276548,0.9629078616894176,0.9629078616894176,0.8422398757411234,0.9672758151492922,0.9843313073865332,0.9639168532621705,0.9102521474185266,0.8200969258045815,0.9672758151492922,0.9602211523225768,0.945305581259918,0.9576735770276548,0.9643133649175286,0.8344672026399329,0.9854926765128262,0.9629078616894176,0.9453055812599183,0.7946878175844498,0.855342581976174,0.9178375564359735,0.9167735154427569,0.9024034856722037,0.9081907452271052,0.9453498309056978,0.900354975895883,0.9688473520249221,0.9246724996449085,0.9688473520249221,0.9918036979367357,0.9592096814182647,0.929090574034799,0.9493957255905624,0.9602211523225768,0.9643133649175286,0.9238013891436974,0.9463456194504829,0.9672758151492922,0.9657671730030435,0.9589316626844853,0.9602211523225768,0.9506503681784948,0.5403739491423286,0.9704919301607371,0.9299882837258,0.8979763176038495,0.948467140918744,0.6722319823963787,0.908979791710876,0.866022915872324,0.9506503681784946,0.9552408029353749,0.8754775406461834,0.9629078616894176,0.9918036979367355,0.8884740070227128,0.9735307058746405,0.981485790585267,0.9704919301607371,0.8303000077421621,0.9364368411420321,0.8208122474227105,0.9564441004788364,0.9589316626844853,0.9950331250804818,0.9102521474185266,0.8652957284464029,0.8283225054804624,0.8580546626695638,0.9602211523225768,0.9241944187271152,0.7360287423369323,0.9373855340691761,0.790774661062794,0.8249221183800624,0.9166835378272546,0.9602211523225768,0.9602211523225768,0.7425590290337525,0.9246724996449085,0.8896682568954881,0.9602211523225767,0.9688473520249221,0.9602211523225768,0.9393074128728371,0.919497451312518,0.8461628292403136,0.9602211523225768,0.940281523787128,0.9788198231857258,0.8686292480608162,0.8855843507261231,0.9602211523225768,0.9069398281965728,0.9887119198512566,0.8571935243607938,0.855034024959237,0.940281523787128,0.9386120482891329,0.9629078616894176,0.840407178315032,0.9602211523225768,0.8767715147934854,0.9902272378284808,0.9289368665380615,0.9770392548301761,0.6141710483710605,0.8677629859955875,0.9552408029353747,0.9602211523225768,0.9420701751854474,0.918333937798738,0.9602211523225768,0.5946169320608576,0.8747790258604979,0.876324337473871,0.855342581976174,0.8344672026399329,0.9602211523225768,0.8978091213472764,0.9260856807199043,0.9398072791970182,0.8854965930849988,0.9286501757717069,0.9724383613004925,0.9201010496971588,0.9186457666042602,0.9629078616894176,0.6559488674953635,0.9110833848585065,0.9495505106234361,0.9232512503966039,0.726171006987941,0.8987127601538667,0.9495505106234363,0.9643133649175286,0.9463456194504829,0.9602211523225768,0.9672758151492922,0.9229339640663332,0.9612634641352691,0.952904481298952,0.9432628256129658,0.9644928340620883,0.9132855915638283,0.9535979799037622,0.9576735770276548,0.952904481298952,0.9602211523225768,0.9540615556502021,0.905289793832148,0.9246724996449085,0.967275815149292,0.8796938264815506,0.0,0.9540615556502023,0.9495505106234363,0.906819270095362,0.9517679141853161,0.9688473520249221,0.8787507296974193,0.9887119198512566,0.9605021604012389,0.9473991727811977,0.9517679141853161,0.9723047356695362,0.9629078616894176,0.9918036979367357,0.9686270243184087,0.9875749921115438,0.948467140918744,0.7942849631106608,0.5510940785631924,0.9412650880954538,0.9120142963323286,0.9309964228987553,0.9255474930154988,0.9676769377237683,0.8903892529283983,0.9956532987665977,0.9393074128728371,0.9859275654047339,0.9836543654419934,0.8571539835218498,0.8345234729276819,0.8838707840618654,0.6579010970221233,0.9336347991328913,0.9490399658550026,0.9629078616894176,0.9166835378272546,0.8970334570250011,0.9354957453078969,0.7942849631106608,0.9342541377090322,0.8884740070227131,0.9942598295392804,0.9657671730030435,0.9571380145076698,0.9564441004788364,0.9564441004788367,0.8539593087394252,0.9672758151492922,0.9412650880954538,0.8633929371948172,0.9317998283510542,0.9589316626844853,0.9589316626844853,0.8112177502271445,0.9273099638694315,0.9676769377237682,0.8995337970065295,0.9602211523225768,0.9657671730030437,0.9602211523225768,0.9602211523225768,0.8166721374016905,0.9495505106234363,0.9364368411420321,0.9602211523225768,0.9939435614783141,0.9781836674411367,0.9872125588573133,0.9618003188620428,0.9069398281965728,0.8836456641177746,0.9246724996449085,0.9238013891436974,0.7889020793904016,0.9552408029353749,0.9110833848585063,0.9657671730030437,0.9902416640337586,0.8914207546882851,0.9961221422317279,0.9412650880954538,0.9552408029353747,0.9576735770276548,0.8313241234502103,0.9657671730030437,0.9186457666042602,0.9629078616894176,0.9698382173897018,0.7705830352988517,0.9881161094061226,0.9495505106234361,0.957615285062045,0.940281523787128,0.9741742265760635,0.6496787457691403,0.9373855340691761,0.9493957255905626,0.9094075605567677,0.9615452872130625,0.9327142329596736,0.838861916429536,0.9120142963323286,0.9643133649175288,0.9270340353108142,0.9564441004788367,0.8903421469154491,0.9135864513673664,0.9611058687776597,0.8571935243607938,0.9422586572762626,0.9704919301607371,0.8479521653438945,0.9686058175770904,0.8336818782271087,0.8816963258058601,0.9517679141853161,0.9273099638694315,0.9632363967167475,0.9602211523225768,0.9643133649175286,0.9345618542101832,0.5460239008814078,0.9308487984769924,0.8399952979278098,0.9576735770276548,0.9422586572762626,0.8677629859955873,0.9836543654419933,0.8320351042588822,0.9688473520249221,0.8383410681534744,0.905380821518804,0.782588390841507,0.9576735770276548,0.9706827259226707,0.860737476487488,0.8520541619694209,0.948467140918744,0.9245725372766602,0.9912544905487659,0.8516775459542527,0.8283796550308299,0.9364368411420321,0.9115456612205779,0.8913167644457047,0.999822015418471,0.9688473520249221,0.9506503681784946,0.9535979799037624,0.8737781800841438,0.6396684921237532,0.9161060738860443,0.9589316626844853,0.840299997105036,0.8754775406461837,0.9704919301607371,0.9900170323228479,0.9493957255905625,0.9354957453078971,0.9029879488665965,0.9473991727811979,0.6920266714952712,0.9412650880954538,0.9812882646010128,0.8442596155053426,0.952904481298952,0.6412559946262384,0.9643133649175286,0.9704919301607371,0.9602211523225768,0.7313620180897464,0.8946068956234317,0.9203431471101324,0.9373855340691761,0.9602211523225767,0.9518158084907122,0.862510706561856,0.9761261745674079,0.9393074128728371,0.9246724996449085,0.915264150341758,0.8791510268941602,0.9383832416210309,0.9432628256129658,0.8250754300064779,0.9980313350904848,0.959385510350397,0.9657671730030437,0.9238013891436974,0.9442782351269046,0.9629078616894176,0.9336347991328913,0.9704919301607369,0.9961565139931365,0.9576735770276548,0.9704919301607371,0.9540615556502021,0.9442782351269046,0.9602211523225768,0.9138808918740071,0.9094222802137257,0.9342541377090323,0.9574863565447542,0.9517679141853161,0.828234490828039,0.7988652819601525,0.9589316626844853,0.9643133649175286,0.9676769377237683,0.9589316626844853,0.9589316626844853,0.7867288748844501,0.9602211523225768,0.6641610905341864,0.7719350116403416,0.9602211523225768,0.948467140918744,0.959385510350397,0.967275815149292,0.9629078616894176,0.5621050879972654,0.6141710483710605,0.9589316626844853,0.840299997105036,0.9671258766853235,0.9836543654419936,0.8247629390184472,0.9602211523225768,0.9273099638694315,0.9629078616894176,0.948467140918744,0.8072939885273199,0.9281978840490723,0.967275815149292,0.9535979799037622,0.91322689738052,0.9336347991328913,0.9506503681784948,0.9602211523225768,0.9336347991328913,0.9383422423783938,0.9998220154184712,0.98568734720597,0.952904481298952,0.9672758151492922,0.945305581259918,0.9629078616894176,0.9774358012844695,0.7856666729249009,0.9602211523225768,0.9574863565447539,0.9077662249784124,0.9688473520249221,0.8729254856107445,0.9564441004788364,0.952904481298952,0.9918606338284618,0.9644928340620883,0.9866309120533598,0.81531059086637,0.9602211523225768,0.9602211523225768,0.6960926188678584,0.8747637690899392,0.9723047356695362,0.9021933432389451,0.9923426571116956,0.9646513828137268,0.8746288432976697,0.8013187333394388,0.9473991727811975,0.9971788517297395,0.9602211523225768,0.7913208724665486,0.9643133649175286,0.9704919301607371,0.8677629859955875,0.9672758151492922,0.9851094454818562,0.9602211523225768,0.9602211523225768,0.8240313055654191,0.9602211523225768,0.817532489129258,0.9517679141853161,0.8880166939342056,0.9212094218042226,0.6326725516297502,0.9212094218042226,0.9813355270668991,0.8830381436111521,0.9602211523225767,0.9336347991328913,0.8180076324411965,0.9615452872130625,0.9672758151492922,0.9571342288198471,0.8640841484546391,0.9299882837258,0.9354957453078971,0.9615452872130625,0.9682054761806351,0.9602211523225768,0.8070018837678952,0.9902416640337586,0.9839553731674051,0.9003549758958829,0.9347047318862409,0.68389975197401,0.9748350526392386,0.8855324042412525,0.9398072791970183,0.8970707874646662,0.9888544717665844,0.6641610905341865,0.9688473520249221,0.996705259555954,0.9463456194504829,0.8232442102979085,0.9448229719109481,0.9589316626844853,0.9863695868970659,0.9442782351269046,0.9336347991328913,0.6081306960049029,0.9209839463193069,0.9336347991328913,0.9704919301607371,0.9209839463193069,0.9238013891436974,0.9373855340691761,0.9884981945888781,0.9574863565447541,0.9688473520249221,0.9517679141853161,0.9788198231857259,0.8686292480608162,0.9552408029353749,0.9611058687776598,0.6868436814132035,0.9627660172534371,0.9615452872130625,0.9341743359260251,0.9354957453078969,0.8475684917482702,0.8712450814005115,0.9602211523225768,0.915264150341758,0.9602211523225768,0.9877058550122559,0.9688473520249221,0.9473991727811977,0.9484671409187442,0.926085680719904,0.9602211523225768,0.832035104258882,0.8836456641177746,0.948467140918744,0.8308063456911846,0.8800520569786747,0.859159597892379,0.9643133649175286,0.969625418100027,0.9923426571116956,0.902193343238945,0.8451155112420423,0.9495505106234361,0.8771692991060438,0.9704919301607371,0.9836543654419935,0.9574863565447539,0.9203519494821841,0.9453055812599183,0.8651004299649283,0.9791919178046249,0.8875131169682251,0.9574863565447541,0.9589316626844853,0.8232232273250375,0.891316764445705,0.9186457666042602,0.8218918489040519,0.8393229587602624,0.9602211523225768,0.847293497796818,0.8929627841467682,0.9393074128728371,0.9602211523225768,0.9867852024016464,0.9552408029353747,0.9672758151492922,0.9836543654419931,0.9589316626844853,0.9555440044522301,0.9902272378284809,0.919497451312518,0.9942420842964468,0.9281978840490723,0.9168592415074229,0.8894326889463282,0.9602211523225768,0.8144145328114432,0.9602211523225768,0.967275815149292,0.9459009791418811,0.9094222802137257,0.9704919301607371,0.9382889399640059,0.9412729646792745,0.9748350526392389,0.9393074128728371,0.9602211523225768,0.9471177057871927,0.8864536347775469,0.9597002712640406,0.9412650880954538,0.9872125588573133,0.9643133649175286,0.9412650880954538,0.9984192168061299,0.8488378832255231,0.9928483866263512,0.8747790258604979,0.8488378832255231,0.9393074128728371,0.9643133649175286,0.9102521474185266,0.8488378832255231,0.9704919301607371,0.9463456194504829,0.7838845141374116,0.9102521474185266,0.9589316626844853,0.9984192168061301,0.948467140918744,0.9152641503417582,0.9336347991328915,0.9168592415074229,0.9327142329596736,0.9922673407988163,0.9611058687776596,0.9517679141853164,0.8962775750444474,0.9393074128728371,0.9229339640663332,0.9064142711340988,0.9828798843095534,0.9281978840490726,0.9922673407988163,0.9615452872130625,0.9629078616894176,0.9229339640663332,0.9169502243571086,0.9432628256129658,0.9432628256129658,0.9823936005815482,0.9643133649175286,0.9657671730030437,0.8503885447042383,0.9980151413438711,0.9356763192142938,0.9354957453078971,0.9412650880954538,0.8840034072762031,0.9506503681784946,0.940281523787128,0.9574863565447539,0.9463594665995463,0.9466283176716466,0.9317998283510542,0.9698382173897018,0.8884404424512053,0.9657671730030435,0.9918036979367357,0.8465316450632612,0.9463456194504827,0.9564441004788367,0.9980151413438716,0.9839553731674052,0.854137957135406,0.9180364680267037,0.952904481298952,0.8578332487188298,0.9589316626844853,0.9085936746436278,0.8851906597499211,0.9629078616894176,0.9615452872130625,0.9110833848585065,0.9432628256129656,0.9629078616894176,0.9674296364846788,0.9725792300960261,0.8448848835244378,0.9576735770276548,0.9576735770276548,0.9423304665216126,0.9859275654047339,0.9238013891436974,0.9629078616894176,0.9925259141767913,0.9859275654047339,0.9657671730030437,0.9928483866263513,0.9473991727811977,0.9535979799037622,0.9688473520249221,0.9976243215493139,0.9672758151492922,0.8889550707191896,0.9657671730030437
p161_F,0.9879650422102987,0.9660522273425498,0.8750464770419488,0.9508061295476462,0.7697291134367075,0.9564866901437921,0.9296014467063365,0.9887105720407259,0.9050999380213894,0.9540615556502021,0.9305518148343681,0.8359611579004629,0.7798113577609112,0.9508061295476462,0.850109418781052,0.8983321117969463,0.9890537762576723,0.9900427159691706,0.9517441295565185,0.9540615556502021,0.9321494820664495,0.9288758056186719,0.9725096342470558,0.9971196828020042,0.9272278453848009,0.9208799593226007,0.9890537762576723,0.6782295748155158,0.9540615556502023,0.9140283270981853,0.9133880855304555,0.8612104505251648,0.933997010939813,0.906268236387799,0.8275150599510743,0.9517441295565185,0.9432937551644589,0.9099530649250307,0.9564866901437921,0.94914446122858,0.8838135174053026,0.9677148480463276,0.8911016107831408,0.7319257347542498,0.9357714224531068,0.9306289355147472,0.9453030402757783,0.9521684185754282,0.919346293979701,0.7755251227351134,0.9473756291574582,0.933664656503516,0.9208799593226007,0.9831029185867894,0.9860136523181984,0.9178313446502835,0.9178313446502835,0.9413411539914582,0.9011068237341131,0.9375844381576608,0.8292999059897318,0.8850600930011241,0.9208799593226005,0.9171102496467269,0.9495194495442563,0.8703976592157354,0.925015090630957,0.8932238556960006,0.8581306363245047,0.840818297498126,0.931688222963261,0.919346293979701,0.9991271005058253,0.8923714403679843,0.9413411539914582,0.8688814196559584,0.9776172307537021,0.9305518148343679,0.8977435228546217,0.8911016107831409,0.9699358505776485,0.9240084059312028,0.9148532265533558,0.9654186216767149,0.9413411539914582,0.941348765911385,0.9288758056186719,0.9000604823435906,0.909704740786208,0.995589441680881,0.9413411539914582,0.9978886501497104,0.9599700120227945,0.9685747260174116,0.9567930807361522,0.8850825988655406,0.9981037574667082,0.8701093676023468,0.9538561913416003,0.8540155006151974,0.9958263540139827,0.9931163690142986,0.9991271005058253,0.8890626304507615,0.9080590956512439,0.9517441295565183,0.9663966363465524,0.860149183303991,0.8816008595546361,0.9144736657015358,0.974033410928026,0.9417225646937945,0.8465192786093442,0.8954352541336303,0.9931163690142987,0.8533312651697585,0.9322580645161289,0.9517441295565183,0.9564866901437918,0.7516364728130447,0.9362947736931577,0.9596850215420891,0.9272278453848009,0.9133880855304555,0.900965391260942,0.9093832453988209,0.9432937551644589,0.9230114979196563,0.9482607581795668,0.9397586843685546,0.8284837609134984,0.945303040275778,0.9473756291574582,0.8911016107831407,0.9357714224531068,0.9807391009184676,0.9909228720349296,0.9473756291574582,0.9473756291574582,0.9375844381576608,0.7994400747107191,0.9540615556502021,0.819267295926592,0.938336204935323,0.9631695392985009,0.9690823363812229,0.7720840552020362,0.8395354007841392,0.992980876159153,0.8814655354773879,0.9735307058746404,0.7944007515009117,0.9702116011640312,0.892812714389777,0.9473756291574582,0.919346293979701,0.9593001903089828,0.9007787887826326,0.8089585938465274,0.9290085666695178,0.9276935268115132,0.945303040275778,0.9700765701011147,0.8534003303067276,0.881289004522013,0.9035033355391053,0.9230114979196564,0.8838135174053028,0.9148532265533558,0.8067489792152911,0.9685841124338929,0.9394396415413291,0.9178313446502835,0.9977691118281806,0.9787568815141926,0.8887296967329334,0.9791100127950296,0.8335522684478647,0.974332195096971,0.9305733174439863,0.8980906127480355,0.8790687156125054,0.9610024953181504,0.995589441680881,0.8924511439923639,0.9397974943297969,0.779121704340588,0.9201534922716772,0.9322580645161288,0.9119376979332721,0.9922393349032013,0.7677800669179127,0.8965885627403591,0.8203591047481879,0.9613051670773511,0.9413411539914582,0.9375331207684675,0.9375844381576612,0.8850825988655406,0.9296187873605549,0.8390575591392841,0.995589441680881,0.9413411539914582,0.9621405707436668,0.8452070513960566,0.9540615556502021,0.9413411539914582,0.9890342655702923,0.9473740959672466,0.7301212447218584,0.7815605412309297,0.9713501794278787,0.9394396415413291,0.9413411539914582,0.9155857839080437,0.9413411539914589,0.9337871931699739,0.9186473786024711,0.9142056949836486,0.9413411539914582,0.867492556332306,0.9413411539914582,0.8525278376428218,0.8928095235358378,0.9443995409534844,0.886030602230176,0.9453030402757778,0.8675831283886297,0.9375844381576608,0.925605968967548,0.9288758056186721,0.9688965239450098,0.9165213811261109,0.9062682363877987,0.9888197307367493,0.9171102496467267,0.7157580996456415,0.921694838603619,0.9469420362734144,0.9397586843685548,0.9021362778138218,0.9890537762576723,0.9903614764146604,0.5705214911324779,0.9413411539914582,0.9080094424594422,0.9413411539914582,0.8301900605089702,0.9397586843685546,0.9473756291574582,0.9588738543024724,0.8675831283886297,0.9971196828020042,0.9875129768195829,0.9272278453848009,0.9958472942261388,0.9803079821283598,0.7438748525562418,0.9931163690142986,0.9671649000856171,0.8518501194844417,0.7559094128486734,0.9394396415413291,0.9495194495442563,0.8281698192730857,0.9564866901437921,0.7257783125828111,0.9072612173944726,0.9224335544163886,0.9367689440846763,0.9985001395090816,0.9473756291574582,0.7466132712610718,0.8102939110084835,0.8845097194430247,0.9517441295565183,0.8372667111939223,0.9380148669152275,0.9240084059312026,0.6742834275532613,0.9517441295565183,0.9367201797244553,0.861166145461971,0.9495194495442563,0.9156071109966866,0.9282792334246622,0.945303040275778,0.9451469503672958,0.821431812544995,0.937584438157661,0.945303040275778,0.9931163690142987,0.8671400027438586,0.9791100127950296,0.8834178016135845,0.8135872490980495,0.867655656924375,0.9526068784540553,0.9791100127950296,0.9413411539914587,0.919346293979701,0.8984508716057186,0.9473756291574584,0.8034008551202538,0.952160717357885,0.9931163690142986,0.9929808761591529,0.9063752600766317,0.8372449248985874,0.9670934961248692,0.9579661512334019,0.819409842384085,0.9839955483167071,0.9296187873605548,0.9688629367084169,0.9540615556502021,0.8021100346937822,0.9540615556502021,0.906268236387799,0.9097516894125137,0.9312643751292498,0.9315357783043753,0.9413411539914582,0.947375629157458,0.8876356948162312,0.9654186216767147,0.9517441295565183,0.9495194495442563,0.8921109580400152,0.9413411539914582,0.9272278453848009,0.9791100127950296,0.9564866901437921,0.8967590384461326,0.8214753057378958,0.9240084059312026,0.9250150906309571,0.9631081363114835,0.9053767737806993,0.9272278453848009,0.7018864994114885,0.947933506994979,0.9453030402757783,0.9840256643467928,0.8834045746395403,0.9322580645161289,0.7416244718784168,0.9564866901437921,0.848984414571825,0.9382169076942132,0.8349282890093557,0.9357714224531068,0.9394396415413291,0.9714966704969946,0.9596850215420891,0.8716067446736936,0.8196647306005977,0.8921984211475669,0.9413411539914582,0.761568550431498,0.981765853956609,0.9470007361724493,0.9413487659113849,0.9540615556502021,0.8333129691985712,0.9413411539914582,0.9413411539914582,0.963182708910274,0.9919101586510035,0.9751746250268971,0.9413411539914589,0.9540615556502021,0.9413411539914587,0.9105012505384157,0.881289004522013,0.8452070513960566,0.9413411539914587,0.9119376979332721,0.8761584938412071,0.9097838043725857,0.8789925306301869,0.9413411539914582,0.9829371636793212,0.9035033355391053,0.8613019585486643,0.8333372047634757,0.9655891004529172,0.8780226157617048,0.945303040275778,0.8369053974150206,0.9413411539914582,0.8905744552184698,0.9900427159691708,0.9145274002603911,0.9900301729461195,0.9971196828020042,0.8050001170467131,0.9099530649250307,0.9413411539914582,0.8591521497142257,0.7998940013616944,0.9413411539914582,0.9527620984712091,0.7887864907907396,0.8439971771277783,0.8878051593974776,0.8284005927134908,0.9413411539914582,0.9931087743093212,0.893223855696001,0.9495194495442563,0.882736621705885,0.8372449248985874,0.7552058761701368,0.8941188719993172,0.9569576849126689,0.9453030402757783,0.9521607173578852,0.8535050402979151,0.9336830351939285,0.7369132494683652,0.9996486372795452,0.8506393987843794,0.925605968967548,0.9473756291574582,0.9208799593226005,0.9413411539914582,0.9517441295565185,0.9201534922716772,0.8124892376548343,0.9803079821283598,0.9163339973465923,0.9375844381576608,0.9419726614366257,0.8183599967013943,0.9375844381576608,0.9305518148343681,0.9413411539914587,0.9831029185867897,0.860338050913668,0.9919101586510037,0.8408182974981258,0.8312024571260157,0.9540615556502023,0.0,0.925605968967548,0.7701966637294348,0.9288758056186719,0.9540615556502021,0.9185537732420475,0.9063752600766318,0.9343562137455399,0.9224335544163886,0.9288758056186721,0.921694838603619,0.9931163690142988,0.906268236387799,0.9171102496467267,0.9463153740489592,0.9240084059312026,0.9171102496467267,0.9305518148343681,0.9625056647317989,0.9201332252981105,0.9155978981016977,0.9367403596856446,0.9890537762576723,0.9621639605215042,0.9053798774659318,0.9282792334246625,0.9838552657289734,0.972509634247056,0.8907345564202453,0.9803079821283598,0.8557448426965999,0.9700765701011147,0.9021362778138218,0.8860317234569302,0.9931163690142987,0.9807391009184676,0.9220756705087441,0.9048804738246028,0.9504069818881509,0.9517441295565185,0.915064951238725,0.9978886501497105,0.9178689456870835,0.9415276164159578,0.9357714224531068,0.9890537762576723,0.9888197307367491,0.9517441295565183,0.9211369148192171,0.9009798773214703,0.8994303857428698,0.9394396415413291,0.9394396415413291,0.9235775498860712,0.9632064435946428,0.9357714224531068,0.967164900085617,0.9413411539914582,0.9495194495442565,0.9413411539914582,0.9413411539914582,0.8032582849677503,0.925605968967548,0.9062682363877987,0.9413411539914582,0.8932992106507613,0.8475949540627282,0.9397586843685546,0.9923944458192597,0.8627712312932625,0.8760427798259898,0.9575801908751347,0.921694838603619,0.7910932625970437,0.9339970109398132,0.8226590914039005,0.9495194495442563,0.904880473824603,0.8845097194430245,0.9702116011640309,0.9133880855304557,0.701886499411488,0.843795974860178,0.8269060679503573,0.9841747480714136,0.924355839846521,0.9931163690142986,0.8801170321498538,0.9736413441112676,0.9417225646937949,0.9725096342470558,0.9875449868414315,0.9119376979332721,0.9688965239450099,0.9725096342470558,0.8169980576358108,0.945303040275778,0.9288758056186723,0.9971196828020042,0.6523882736262299,0.9718569852286911,0.867628950369957,0.9473756291574582,0.8622647747663006,0.9576638699377622,0.9820977941296499,0.8725725017627857,0.8921109580400152,0.9852464826317965,0.9567930807361522,0.9564866901437921,0.87604277982599,0.8045713862531421,0.921694838603619,0.9231252856087151,0.9776172307537021,0.9632064435946426,0.8038753790267059,0.9413411539914582,0.9473756291574582,0.9795518972928103,0.9991271005058253,0.8397330855386309,0.9736413441112677,0.679831284623558,0.9987329349189489,0.8050001170467131,0.8867793699144207,0.824935621607168,0.9540615556502021,0.8860317234569302,0.9201796832836565,0.7867957879856335,0.9375844381576608,0.9860136523181986,0.874027467344175,0.9021362778138218,0.9377871015590615,0.9309278414721913,0.7498399288600823,0.8567715620178102,0.9539739906155531,0.9451469503672958,0.9883733563185115,0.9507709687133314,0.7556619151688894,0.9540615556502023,0.9750206691499417,0.8183599967013944,0.9186473786024711,0.9898131261783945,0.8762879977600886,0.9394396415413291,0.8641505502234017,0.9216220425909147,0.9564866901437921,0.8124359795732468,0.8083745968845285,0.981765853956609,0.9415276164159578,0.9224335544163889,0.920153492271677,0.9961255853556192,0.9750206691499415,0.9156071109966867,0.9803079821283596,0.9394396415413293,0.9473756291574582,0.9564866901437921,0.9413411539914582,0.9451469503672958,0.9572119050078478,0.8966942107380429,0.9076672018071594,0.9413411539914589,0.8616339727142921,0.8995157059831183,0.9339973694561905,0.9105012505384156,0.8889202553233964,0.9978886501497104,0.9228541974862918,0.7756393732374283,0.9163339973465923,0.9962043215661707,0.7687325600794079,0.9053798774659318,0.9495194495442565,0.921694838603619,0.9610024953181504,0.9315357783043753,0.9021362778138218,0.9673074603196745,0.9588738543024724,0.9922393349032013,0.9564866901437921,0.9322580645161289,0.9178313446502835,0.9413411539914585,0.8967417474757918,0.8664319147745596,0.9517441295565185,0.9991271005058253,0.9248999189762372,0.8706957205867707,0.8284005927134909,0.9394396415413291,0.9473756291574584,0.9357714224531068,0.9394396415413291,0.995589441680881,0.9451469503672959,0.9413411539914582,0.9890537762576723,0.9280079835652403,0.9413411539914582,0.9240084059312028,0.9999046168119617,0.8408182974981251,0.9453030402757783,0.9495194495442563,0.9432937551644591,0.995589441680881,0.8890625545868664,0.8615773989232183,0.6522610435168825,0.9742449713990431,0.9413411539914582,0.9984049036240452,0.9931163690142987,0.9240084059312026,0.8402489527348129,0.8941188719993174,0.9517441295565183,0.9971196828020042,0.9750206691499417,0.9097516894125142,0.9272278453848009,0.9413411539914582,0.902136277813822,0.988694881969272,0.9547568354430374,0.8717983981867736,0.920179683283657,0.9099641551465774,0.919346293979701,0.9453030402757783,0.9984049036240452,0.7604185452621188,0.9413411539914582,0.9413411539914585,0.9850397963536649,0.9540615556502021,0.943302164257533,0.9357714224531068,0.9305518148343681,0.7681369326374485,0.9375844381576608,0.818702817482498,0.8517194466893923,0.9413411539914582,0.9413411539914582,0.9380148669152275,0.8824850645347538,0.9761277300342176,0.8760427798259899,0.7004930192821708,0.8119648076491426,0.8151246754418033,0.8068668641415593,0.9417225646937943,0.8124892376548345,0.9413411539914582,0.9521684185754278,0.9473756291574582,0.9564866901437921,0.9083133803641006,0.9517441295565183,0.8334034613424302,0.9413411539914582,0.9413411539914582,0.8644523275676963,0.9413411539914587,0.85493694741027,0.9288758056186719,0.9444589326130937,0.8838135174053028,0.9588738543024724,0.9504069818881509,0.8794540852685018,0.9351898208098761,0.9413411539914589,0.9021362778138218,0.855818619298754,0.9432937551644589,0.9791100127950296,0.9922652152320146,0.9041044255276214,0.9947560146512322,0.9048804738246028,0.7587734346678575,0.864876650314186,0.9413411539914582,0.8154274808902366,0.9817658539566088,0.8838135174053028,0.9442856479866896,0.8445847921458012,0.9660522273425498,0.6944716214900057,0.9669460357151338,0.9178689456870834,0.8766987224447143,0.769078783481737,0.9890537762576723,0.9540615556502021,0.9508061295476462,0.9654186216767149,0.8377090923221443,0.9473756291574582,0.9394396415413291,0.944699141362076,0.823141751342515,0.9397586843685546,0.931688222963261,0.8148957612466075,0.9397586843685546,0.8911016107831409,0.8911016107831405,0.9898131261783945,0.9076672018071594,0.8265503046480774,0.5963712738936077,0.9540615556502021,0.9288758056186719,0.9288758056186719,0.961536942592125,0.9339970109398132,0.9394396415413293,0.8663129020103818,0.8329197517884732,0.9432937551644591,0.9061307867295618,0.9433231638906059,0.9232690838916657,0.8800796383139813,0.9413411539914582,0.9661224319476251,0.6541572204079744,0.9808573220688626,0.9540615556502021,0.9677148480463276,0.9240084059312026,0.8932238556960006,0.9413411539914582,0.8750188620981167,0.87604277982599,0.9377871015590621,0.8231886932765337,0.918019426860567,0.9133686563240742,0.9473756291574582,0.8230532518074045,0.966132919114972,0.9234448689090262,0.8966022937609015,0.9805867004734363,0.9246094015510093,0.8148957612466073,0.925605968967548,0.9991271005058253,0.9156071109966866,0.919346293979701,0.7932155644827401,0.921694838603619,0.9070991766378791,0.9413411539914585,0.9394396415413291,0.7867908304361256,0.8397330855386309,0.9778386249550355,0.8365130537320379,0.862651044225032,0.9413411539914582,0.8468453005303807,0.8421603457990254,0.9282792334246625,0.9413411539914582,0.9223539499174285,0.8579364235466451,0.9517441295565183,0.925605968967548,0.995589441680881,0.9557489758909954,0.9455040536150565,0.9469420362734144,0.9526552033461158,0.9283398242102773,0.925605968967548,0.8848725063374459,0.9413411539914582,0.9588738543024724,0.9413411539914582,0.9791100127950296,0.95911347591209,0.8589653758489144,0.9564866901437921,0.9148532265533558,0.9033998054932015,0.9248203613454189,0.9508061295476462,0.9413411539914582,0.9608333500785664,0.7740272410655402,0.9082736736179928,0.9547568354430374,0.9021362778138222,0.9473756291574584,0.9133880855304555,0.9527620984712089,0.9443995409534846,0.9638811172226954,0.8377537252975871,0.9443995409534846,0.9105012505384158,0.9473756291574584,0.867655656924375,0.9443995409534846,0.9564866901437921,0.9654186216767149,0.8183599967013941,0.9596850215420891,0.9394396415413293,0.9935864990091456,0.9240084059312026,0.9025899955434546,0.902136277813822,0.8867793699144204,0.9007787887826324,0.8614716313674343,0.8359611579004631,0.9736413441112676,0.9402562605039418,0.9105012505384158,0.9201534922716772,0.9371820070526748,0.8098573770320495,0.8941188719993174,0.94914446122858,0.9432937551644589,0.9453030402757783,0.9446588143366353,0.9294355670729679,0.8284268609181269,0.9985862887416475,0.9186255087204844,0.9473756291574582,0.9495194495442565,0.9705733721619048,0.9987329349189482,0.9305826894803044,0.7875780056473727,0.9133880855304555,0.9382559848767844,0.9771865070849177,0.9935864990091459,0.9413411539914585,0.9017361747273287,0.9928443534876485,0.9731591616434461,0.9857113284303716,0.9873492498955361,0.9495194495442563,0.9062682363877987,0.9740334109280262,0.9208799593226005,0.9357714224531068,0.9567930807361522,0.9504069818881509,0.9671649000856168,0.9047754465326084,0.9305518148343681,0.9149005266835486,0.995589441680881,0.9259113651114301,0.9475627782771292,0.9453030402757778,0.9971196828020042,0.9922652152320146,0.9163339973465925,0.9315357783043754,0.9486651539080437,0.8783055421596556,0.9965961832829255,0.992239334903201,0.937584438157661,0.8832036427492578,0.9838552657289735,0.921694838603619,0.9453030402757783,0.914527400260391,0.9838552657289735,0.9495194495442565,0.8679825862123658,0.9224335544163884,0.9432937551644591,0.9540615556502021,0.9176091589676258,0.9517441295565183,0.9429556367950138,0.9495194495442565
p161_I,0.900566996996937,0.792972039355406,0.9799919051829569,0.8008418239058331,0.9355809960386168,0.696292071706645,0.9001172636433752,0.8562821208496387,0.8780124908814335,0.9495505106234361,0.9385697293810191,0.9111150293377238,0.9334927596276981,0.7636611379006608,0.9132272901393415,0.8829583596177213,0.873926771286787,0.9952831447476325,0.9470055188469617,0.6496787457691413,0.91458555520301,0.921891580360551,0.6922875816993471,0.9926931063209248,0.9200817943852442,0.9131105611405985,0.9722312205307764,0.999258193162122,0.7164738697037119,0.8276370905591097,0.9430450953185583,0.9989330715481036,0.975500298406281,0.8970640020677769,0.9355809960386168,0.9470055188469617,0.9523391253205785,0.9285304562976127,0.9522137875062906,0.9672582712673322,0.9031200523835077,0.9148167155454527,0.9522137875062904,0.9915753345612035,0.9230789959087817,0.9471678806228916,0.9967391619170713,0.8737979857661256,0.9114262935403585,0.9213841230197595,0.9422080421889416,0.8440989034014491,0.9131105611405985,0.9725096342470556,0.9765150789456658,0.9707630758620764,0.9097625798212232,0.935580996038617,0.9918970918718579,0.9677078677803637,0.8808530918450068,0.9997120693732493,0.9541968529441154,0.9031200523835077,0.944562380594602,0.9396518340306943,0.9422080421889416,0.9684862506912562,0.9825180874261561,0.9254223119773606,0.8427911921721818,0.9518647719377948,0.9355809960386168,0.8984982795453522,0.935580996038617,0.9413707562534936,0.966854861926912,0.9696315366465988,0.9407413053324096,0.9774873843362968,0.9237321696604077,0.8284703715451971,0.9774411992633256,0.9131105611405985,0.935580996038617,0.8207572930178968,0.943218574940366,0.9370492736274891,0.8655068173538916,0.9334927596276981,0.935580996038617,0.8148808572458526,0.9758858100096267,0.9918040510987136,0.9838698730483881,0.9666265784581534,0.8214883067456703,0.9718166912916815,0.865357905349335,0.9574209400641349,0.9707630758620763,0.7192246787541412,0.9888877218166614,0.8757541096787211,0.9786364242927295,0.9470055188469617,0.7930154634606794,0.9039195430268581,0.9917417854198085,0.8542560104774402,0.83265031308818,0.918097849465183,0.871001413528224,0.7512622714262087,0.9464536062171713,0.8624877842595755,0.6053573782373747,0.9470055188469617,0.9522137875062904,0.845343740715992,0.940410902993878,0.8340556435485739,0.9917417854198085,0.7898202606593749,0.7581991044312649,0.804534515071158,0.9523391253205785,0.8174966224362166,0.6521280109467598,0.8992368483577363,0.8920448061418687,0.9399319300513138,0.9400741852851487,0.9522137875062904,0.9294643302252341,0.8286137066920936,0.9015074681576025,0.9400741852851485,0.9422080421889416,0.9677078677803634,0.8215465550615189,0.9495505106234361,0.8480964700748992,0.9702724928174435,0.8851054684866393,0.8866210237012304,0.9884184727022942,0.9943406015515466,0.9114262935403585,0.9686295686169156,0.9836543654419934,0.8937890418732637,0.9055348722411801,0.8770085425434322,0.9400741852851485,0.9114262935403588,0.8642603700667575,0.9597350242898657,0.8944739890743292,0.9472500422820559,0.8744273922475281,0.9464536062171711,0.8709676073375177,0.9567327957984204,0.8696318695590659,0.8955112082646186,0.9455352361997017,0.8818695657894682,0.9838698730483884,0.9998519340878551,0.8008418239058334,0.9852901633058908,0.9097625798212232,0.9700125380913132,0.8647161984978466,0.9545357253183209,0.6702779736260045,0.9419102772903429,0.9562611207259676,0.9732643771185285,0.8880833554050744,0.9162667259410229,0.891113512984276,0.9334927596276981,0.8721997866493552,0.8848423121441408,0.9214079633356154,0.9999058090993418,0.9256059689675477,0.833090247524831,0.9314553797224701,0.9953118525907374,0.8963647188032121,0.9855266663155307,0.8615950609758739,0.935580996038617,0.9377253379624282,0.9818737559710531,0.9047408499968015,0.8723974580072293,0.9907042037354449,0.9334927596276981,0.935580996038617,0.9909513036624982,0.9396829012479775,0.9495505106234363,0.935580996038617,0.8843193296037338,0.9272324378358678,0.9129158007108344,0.9955712672694004,0.9113565538271904,0.9334927596276981,0.935580996038617,0.9936820261047689,0.9355809960386171,0.8774881906667835,0.841949412560089,0.8243742159383187,0.935580996038617,0.9967506817050957,0.935580996038617,0.8527177142038864,0.9796939340930619,0.7902806096913592,0.9508660665197834,0.9967391619170713,0.9385091005037034,0.9818737559710535,0.9183006535947711,0.921891580360551,0.9581770036680435,0.8513214662509343,0.8518805166596326,0.9989330715481036,0.9740168722867641,0.9779145968080556,0.9708590380088877,0.9486761254895695,0.9272324378358678,0.961938580597147,0.9294643302252341,0.8623542432319447,0.9818737559710531,0.935580996038617,0.9394399552106525,0.935580996038617,0.8242972265359421,0.9686491338802947,0.9422080421889416,0.8956696942089946,0.9613781878444608,0.9377253379624282,0.9940847844961915,0.9476535753223351,0.870465071608737,0.754972261436255,0.9008184272841164,0.939931930051314,0.8435690365285471,0.8638962238722947,0.9735615243851741,0.9334927596276981,0.9942714459947756,0.9320769891349091,0.9522137875062906,0.9321523113665873,0.9721817251077061,0.9565880742927937,0.8624569788734151,0.808493443316511,0.9989330715481035,0.9807512313606381,0.9351126921092445,0.8099309387479632,0.9470055188469617,0.8779967882982902,0.868516174678504,0.9559620789221579,0.9687286209814427,0.9470055188469617,0.9364347145752199,0.8574316211727648,0.6884405789416634,0.9155152627635849,0.9867452539316911,0.9399319300513138,0.9329290708210041,0.8478585776896559,0.9314553797224701,0.939931930051314,0.9399319300513138,0.9333315572842433,0.6702779736260047,0.8825828991168785,0.9666849854845856,0.9395555589844622,0.9042159137641628,0.9470055188469617,0.9578055524052939,0.8863813144724596,0.7156159865374478,0.8812152990221936,0.8644851655844239,0.871015668341351,0.9464536062171708,0.9518647719377948,0.9641813269710355,0.9989431773176689,0.9182191089113063,0.9377548995041072,0.8902771210521079,0.8963062533852665,0.81545146854485,0.8408911492614084,0.9836543654419935,0.8780124908814335,0.6496787457691418,0.9594757229193142,0.9686491338802947,0.9843228328438036,0.9967391619170713,0.935580996038617,0.9422080421889414,0.7777882996052315,0.9952831447476325,0.9470055188469617,0.9445623805946022,0.9629124330159164,0.935580996038617,0.8594771551273883,0.9470055188469617,0.9522137875062904,0.8131514470596277,0.8002419992477865,0.8284703715451973,0.9422080421889416,0.996098215989133,0.9795585447766094,0.8153889450299148,0.9275156757582279,0.861847833005809,0.939931930051314,0.8970640020677769,0.9598414011813181,0.9256059689675478,0.9199796380611351,0.9774873843362967,0.9315550057400599,0.7442853103999509,0.9471454627925089,0.9294643302252341,0.9334927596276981,0.7693457223189608,0.9189514425986853,0.8478585776896559,0.965286936365624,0.902110599748775,0.935580996038617,0.9398486453052506,0.9664656501581603,0.919976486541244,0.8562201358218876,0.9836543654419934,0.9998519340878549,0.935580996038617,0.935580996038617,0.9114262935403585,0.9096814050133908,0.7971181219208046,0.9355809960386171,0.5828836218345708,0.935580996038617,0.8380225099110046,0.8999138703842933,0.8998639210155855,0.9044988266272496,0.9032901911357234,0.8982552933740049,0.978220624633725,0.9421215652709098,0.935580996038617,0.9324342367818581,0.7201268773091859,0.9682895935715412,0.8802523537926028,0.9460700595274506,0.822450447381202,0.9967391619170713,0.8333011459710065,0.935580996038617,0.8201357172064611,0.8814579798418164,0.8976368706054967,0.9033593780913585,0.9926931063209248,0.9526354118995055,0.736591965705399,0.935580996038617,0.9512989021099988,0.9139487299142953,0.935580996038617,0.983729996861657,0.8927261530755515,0.9456844746310797,0.9077746072552331,0.8644851655844237,0.935580996038617,0.8910317149053284,0.8551433214141546,0.9331052725841534,0.8892685205381352,0.8844540533984582,0.9878359798431867,0.8837215992432155,0.9885516075855594,0.9464536062171713,0.9015112496120745,0.9413707562534939,0.9086274509803923,0.8881963720527786,0.7577149290617585,0.9154258444847003,0.9183006535947711,0.9400741852851487,0.9131105611405985,0.935580996038617,0.9892083965651994,0.968917002782759,0.9256364643729031,0.9237321696604077,0.9741545378835919,0.9314553797224701,0.7952673995850845,0.9377253379624284,0.9818737559710533,0.9385697293810191,0.935580996038617,0.9805867004734363,0.956391353746548,0.646953797139206,0.9470055188469617,0.8788731096879012,0.9495505106234363,0.925605968967548,0.0,0.7476305274161557,0.921891580360551,0.9836543654419934,0.839437990527899,0.8940275945888625,0.8920802319381607,0.9565880742927935,0.921891580360551,0.9708590380088877,0.7760319106198983,0.8970640020677767,0.9645515900483717,0.9113836535202472,0.9590434494932021,0.9031200523835075,0.9237321696604077,0.9048830033154058,0.8639884335615955,0.894505902796827,0.8651539306315696,0.9786165548472288,0.834139353950744,0.7890887989996378,0.9760740600631372,0.9590434494932021,0.9951633986928108,0.9040073251559839,0.8926703623948282,0.9364347145752203,0.9165462137008822,0.9686491338802947,0.8486096155225891,0.6056102150226272,0.8528224833278104,0.9390547832304017,0.9664656501581603,0.9645515900483714,0.7978501428016825,0.9598414011813182,0.9907042037354447,0.9942714459947758,0.9641813269710355,0.9722312205307764,0.7264700974208032,0.9989330715481036,0.9470055188469617,0.7134960766530702,0.8669079534438844,0.9235615721162849,0.9852901633058908,0.9334927596276981,0.8465534160888446,0.9796939340930617,0.9294643302252339,0.7637868348196863,0.935580996038617,0.9445623805946022,0.935580996038617,0.935580996038617,0.8637752999394084,0.9183006535947713,0.8160154479064055,0.935580996038617,0.8046812869147555,0.8424355153576593,0.9339429911190156,0.8870647563852966,0.8770085425434322,0.8994121749609957,0.9003051101948659,0.9080208724124175,0.869622048739517,0.8805458336495586,0.9163544660332099,0.9445623805946022,0.9664656501581603,0.9928836374740241,0.8425073736236923,0.9430450953185581,0.975500298406281,0.9677078677803633,0.9526986224178553,0.6884405789416633,0.8983273721288974,0.9464536062171713,0.8477162361577912,0.966854861926912,0.918097849465183,0.9183006535947711,0.8819707287307355,0.9084101221932441,0.8808530918450068,0.9951633986928106,0.9711696109045853,0.9399319300513138,0.966854861926912,0.9926931063209248,0.9372156950911564,0.8691996695255617,0.8639884335615957,0.9422080421889416,0.8944739890743296,0.9294643302252341,0.9367749011657422,0.850438512756049,0.9629124330159166,0.9454221762996025,0.9064920176718161,0.9071885561788838,0.8762909457332801,0.9982929421095721,0.9708590380088877,0.9492362474599018,0.943218574940366,0.8822836759018076,0.9265371660795424,0.935580996038617,0.9400741852851487,0.9305880744557049,0.9355809960386168,0.7918888996835198,0.921891580360551,0.9314553797224701,0.9387522715750393,0.9282332912823813,0.9183006535947713,0.844647098774713,0.9495505106234363,0.9174738627906006,0.7549722614362548,0.9088681107772945,0.9314553797224701,0.7365919657053994,0.9625662829398856,0.9686491338802947,0.9559620789221579,0.9579128830880592,0.8755346121234235,0.9616385106236466,0.9298073906738056,0.9594757229193142,0.8811566338086378,0.9199275134470046,0.9430450953185581,0.5160884979000018,0.9917417854198085,0.9926931063209248,0.9647397534718352,0.9708590380088877,0.8936281262041486,0.9334927596276981,0.776022281092239,0.9925204240799324,0.9774873843362968,0.9289494109520753,0.9399319300513138,0.9980715070378495,0.8604343420735323,0.9983594330401349,0.9999058090993418,0.7516581686562226,0.9200817943852444,0.8710156683413514,0.9237321696604075,0.9334927596276981,0.9989330715481036,0.6259932435492326,0.935580996038617,0.9236106541660872,0.9851687912685534,0.8478585776896559,0.7385533156176267,0.9355809960386171,0.9919643018623818,0.9160683122646495,0.9774350345371767,0.9017126880527935,0.9730192332773056,0.7855769661642541,0.9601470839010711,0.8593686289862966,0.8564272723716961,0.880853091845007,0.8850779292517614,0.9779145968080556,0.9445623805946022,0.777788299605231,0.9097625798212232,0.946453606217171,0.7951184200738984,0.9071885561788836,0.8956696942089944,0.9818737559710533,0.9071885561788838,0.9256059689675478,0.8512887315453755,0.6379651977370272,0.8483722207901453,0.9377548995041072,0.8616362273895217,0.935580996038617,0.921891580360551,0.9121630121591515,0.9567327957984202,0.9334927596276981,0.9422080421889416,0.9294643302252339,0.9334927596276981,0.9334927596276981,0.8970640020677767,0.935580996038617,0.9294643302252341,0.8904257216519331,0.935580996038617,0.9559620789221579,0.8764625255717527,0.9892083965651993,0.9464536062171713,0.9445623805946022,0.9377253379624282,0.9334927596276981,0.8909271554854024,0.9214079633356154,0.9183006535947711,0.895432595470427,0.935580996038617,0.8904257216519325,0.7192246787541414,0.9590434494932021,0.9447976426733768,0.9492333450312931,0.8616362273895215,0.7324680518865916,0.9476535753223351,0.7604122773126192,0.9917417854198085,0.9888877218166614,0.9272324378358678,0.8795139270987928,0.9812071873217105,0.9405758992258255,0.9237321696604077,0.9892083965651994,0.7650658792801502,0.9967391619170713,0.9878359798431867,0.8970283477106125,0.935580996038617,0.5846584719589822,0.9341948039796129,0.9495505106234363,0.9405581971945672,0.8739267712867871,0.9696315366465988,0.9660140789051253,0.9314553797224701,0.9184563722374193,0.9328514069703762,0.935580996038617,0.935580996038617,0.9372156950911561,0.832928253827891,0.7463692168069955,0.8531697165055647,0.8773273917878179,0.9077746072552331,0.7913367469164447,0.8381857738162459,0.9983594330401346,0.94890142684225,0.935580996038617,0.9714876930804952,0.9400741852851487,0.9522137875062906,0.9520595506460039,0.9470055188469617,0.9049828931722603,0.935580996038617,0.935580996038617,0.8505036729338327,0.851192100849205,0.9751854911050215,0.966854861926912,0.9955712672694002,0.9433011034543323,0.9473606184418111,0.9125853346219002,0.885902199883315,0.7673053110567646,0.9355809960386171,0.8645307055964573,0.8621915315521151,0.9377253379624282,0.9892083965651994,0.9698257117961528,0.8957908230814808,0.9199796380611351,0.8207572930178969,0.9377253379624282,0.8988664577453707,0.935580996038617,0.8511784633897346,0.8207572930178971,0.9338358212159397,0.7340655314227194,0.9072460914255558,0.925605968967548,0.9432836274759391,0.8597981632083393,0.9331052725841534,0.8858594269006357,0.9281129779591548,0.978616554847229,0.916859241507423,0.9017126880527937,0.9131105611405985,0.8558415769648626,0.9422080421889416,0.9334927596276981,0.8696847088727695,0.9097625798212232,0.9686491338802947,0.9735951331947632,0.9522137875062904,0.8992368483577364,0.7665908998640579,0.9774873843362967,0.9663027963946421,0.9711696109045853,0.8983273721288974,0.9888877218166614,0.9495505106234361,0.966854861926912,0.943218574940366,0.8546839689965422,0.9275156757582281,0.9334927596276981,0.9097625798212232,0.8951849796577993,0.7874358202450877,0.973462310518579,0.891682978625878,0.8230064437779532,0.7937184145473295,0.935580996038617,0.8148808572458527,0.9888877218166616,0.8479953711128712,0.9495505106234361,0.9598692082125242,0.9165462137008822,0.9432904752777433,0.935580996038617,0.844647098774713,0.9225334041887112,0.9165462137008822,0.8462543035341334,0.8748383714675434,0.8558415769648626,0.9989330715481036,0.9155432835209181,0.9998519340878549,0.8000118450787024,0.9740814815410828,0.9615686274509805,0.90628867370886,0.9774873843362967,0.7355555555555564,0.8511921008492052,0.8710156683413515,0.9518647719377948,0.868084336487797,0.9348837135964071,0.8919987319203216,0.7978853750711604,0.9334927596276981,0.8727002842503788,0.9199275134470047,0.9885516075855594,0.8310850899399087,0.9386610086149985,0.935580996038617,0.8463261138836291,0.9040207606105755,0.9123838819213481,0.935580996038617,0.869622048739517,0.9285304562976125,0.9470055188469617,0.8653594771241832,0.9334927596276981,0.9245925731880555,0.9131105611405986,0.9604778720347484,0.6123400429119732,0.8837215992432155,0.9518954248366015,0.9347737608110149,0.935580996038617,0.7779424286971002,0.935580996038617,0.9470055188469617,0.9004322524634261,0.8533158492412365,0.9522137875062906,0.9838698730483884,0.881833851327087,0.9432836274759389,0.9017126880527935,0.935580996038617,0.9740378306892084,0.9843249638049738,0.9347374663505432,0.980630720675137,0.9272324378358681,0.9422080421889416,0.9048830033154058,0.9409501284699298,0.9291044607799492,0.9526048267509268,0.8008564419966571,0.9291044607799492,0.9388933740579655,0.9422080421889418,0.9678541586678329,0.9291044607799492,0.9522137875062906,0.9131105611405987,0.9377253379624282,0.9189514425986853,0.8593176256595307,0.94095012846993,0.8284703715451975,0.8627763408565619,0.961938580597147,0.7788235294117648,0.9253852640835396,0.9518647719377948,0.9334927596276981,0.966854861926912,0.8774881906667833,0.912383881921348,0.9999058090993418,0.8843193296037337,0.9554368269703843,0.9524990362865899,0.9923032503352311,0.9377253379624282,0.939931930051314,0.8751970566277456,0.9842194665695232,0.9081181966045124,0.9473606184418111,0.9356837142274776,0.9400741852851482,0.9942714459947756,0.9472483006084298,0.9064920176718161,0.9870824288396509,0.9271458214298683,0.9806307206751371,0.9131673577818813,0.9917417854198085,0.9837299968616572,0.935580996038617,0.9425005787593863,0.9818472950454276,0.8043833781040406,0.9047408499968015,0.883523029076803,0.944562380594602,0.9236106541660871,0.9950130283822075,0.9131105611405985,0.9722312205307764,0.9000633438867534,0.9338358212159394,0.9436784255811563,0.9474601443412951,0.9237321696604077,0.9246724996449087,0.9111150293377236,0.924041506025461,0.9668992179316634,0.939931930051314,0.9926931063209248,0.9129158007108349,0.9081181966045122,0.9967391619170713,0.8710156683413512,0.8524475004841157,0.9677439115048985,0.8164527390346146,0.9314553797224701,0.9304790799566589,0.9134648431298378,0.8766017896141824,0.4919957512911146,0.999385206430063,0.7009786641682376,0.9445623805946022,0.8936281262041486,0.9180978494651831,0.7324680518865911,0.9495505106234361,0.8829583596177213,0.9470055188469617,0.9105981200017716,0.9445623805946022
p161_L,0.9964523085375004,0.970038776847483,0.8258255558899836,0.9142115541075304,0.9434764183797985,0.9647089215353348,0.7798172721407512,0.8130816845105021,0.6346963568375914,0.8000967040108102,0.8933560703108298,0.9876652043927621,0.957161588228917,0.8944096185493662,0.969566401122042,0.9278300403094226,0.9391820511391489,0.8410083642305688,0.9721863819825465,0.9508839751252371,0.8336922975960701,0.9539149903410246,0.9089381323752637,0.8410654073897728,0.9181364588275018,0.6557054307329719,0.8082929674399173,0.8789937457275246,0.9864581638200878,0.8139017300950997,0.7044026674237552,0.8963924002519503,0.8272076876058563,0.7831343870542891,0.9150859699484075,0.9042431527295784,0.8410654073897726,0.8016517200444331,0.8106497905453541,0.8771545582680194,0.6712917616706875,0.9294283694366976,0.9604106491582279,0.888375578144329,0.9037510484217738,0.5597840239989114,0.8527479267327549,0.5493708027116693,0.9633025269402347,0.8620372432414981,0.8336974907151966,0.7008658723683108,0.6557054307329719,0.79517692786919,0.8661207016570829,0.8060969790514183,0.9333578513593774,0.801009545737682,0.8427818568427133,0.7821000584343004,0.6822017512532808,0.9255112105857959,0.841008364230569,0.9657502918114249,0.8287530636873146,0.7959999987294711,0.9155228711377881,0.9873107978342642,0.9882237058360293,0.9598703887644858,0.76979422375099,0.8125435817638582,0.9434764183797986,0.5700829869728083,0.801009545737682,0.7976775089367325,0.8784571173829214,0.8866354348525785,0.6011570253759583,0.9272687068821164,0.820019905365299,0.9911791051837484,0.7317588282505751,0.9285363998890832,0.801009545737682,0.8661930582889743,0.9539149903410244,0.9041031904813261,0.6725587378916908,0.7945589785686391,0.801009545737682,0.7477912556728545,0.7445605744380659,0.7524045135664732,0.8759952624449168,0.9067972757348628,0.8144191161147352,0.803211760776745,0.456998966590655,0.6502387197163746,0.8909375605900578,0.9354686755265829,0.8293999941690733,0.8625570595245056,0.8318449138148568,0.7900123156320648,0.9130641284686849,0.4468482166689649,0.9416172492331316,0.5575356847512427,0.7588705490363659,0.9071815030400758,0.5973152428440645,0.8741200856167297,0.8527479267327549,0.6301320653117446,0.9200782485679713,0.8239839302585489,0.9272687068821162,0.5567883332366366,0.8340407492704656,0.8524727637870848,0.9409787987387188,0.9076488599512516,0.8628903731451973,0.760675456652172,0.8703405048599927,0.8381941903146966,0.9049053933252806,0.9623059873215859,0.616610785239543,0.8144495911033476,0.959087309788704,0.9647089215353348,0.782115150700071,0.798557437305965,0.9184020830502867,0.8841754163694109,0.8336974907151966,0.7882655072649007,0.7021995202078983,0.80009670401081,0.7080781231818869,0.7098806425898081,0.909893639644382,0.5862748145479726,0.9485195344860807,0.6080469874851782,0.9290125122194963,0.5304573450040118,0.9153097864303867,0.8193704167270071,0.9738918651925438,0.9784627362143379,0.9468703259061648,0.6921055983709041,0.8115284026952454,0.8097621950627563,0.7256200119817406,0.6414723895245396,0.7124531445572295,0.9657234466323916,0.9911791051837482,0.7799175553548691,0.8875927269768686,0.7100139298265031,0.6981025801975522,0.9360968648083291,0.8553900575600106,0.7968619919750121,0.9142115541075304,0.9019883808505957,0.7697001132553879,0.7441129688595425,0.6256041824608194,0.8275600409176562,0.9382147673560624,0.9446869483354496,0.8606986135686321,0.7219038672282676,0.8793805343588104,0.7773480571422998,0.9121477059747176,0.8744017771614353,0.9287428669392519,0.854206859556909,0.597299119788185,0.8707754427969728,0.8950979844282141,0.9018349576828719,0.8895086670094998,0.9551587102827563,0.8543145763550999,0.6760299519688351,0.939392999016518,0.801009545737682,0.8117903099195525,0.9225262679839006,0.8130468858891079,0.8672879149636943,0.8152166631112205,0.8744017771614351,0.801009545737682,0.792942871000808,0.7126536151854728,0.8356708927056608,0.801009545737682,0.8249060638428731,0.7220136368694179,0.6870617274457049,0.8333061255540473,0.6785691774740595,0.7945589785686384,0.801009545737682,0.9858513368822951,0.801009545737682,0.6482208658351972,0.7031885752442864,0.6754638968544495,0.801009545737682,0.7154492178032323,0.801009545737682,0.6409732624186317,0.7410732095497612,0.8781471534634915,0.7732825837544883,0.8447043622091563,0.5444177372297802,0.7882655072649005,0.9067103191000406,0.9778618320947465,0.82056183640446,0.8605324502902828,0.9112455261547359,0.9782177806745418,0.7530857978208922,0.9907213018800465,0.6857561701467363,0.9995127556435928,0.6665615559958391,0.6111094751222621,0.7466841479826962,0.7620440319602795,0.9762305722715003,0.801009545737682,0.9461094075573391,0.801009545737682,0.6609514767461138,0.8898217970155395,0.8963924002519505,0.9076233138548375,0.5200581977778873,0.8117903099195526,0.7145880230401149,0.9885788300443914,0.8159039574248788,0.7888538815918715,0.6435492590813463,0.7922383845211372,0.7948625074595195,0.9785191862212514,0.7900469450811847,0.7945589785686391,0.9916344887433459,0.7343991725870143,0.8106497905453541,0.7102676383896689,0.9395444892960777,0.8703498329937045,0.8014184739932164,0.7823582615666407,0.8650449454835736,0.6859343621659698,0.7162830853122157,0.700436539761542,0.7900123156320648,0.620755786774613,0.7511764678014339,0.7874779760549531,0.9631790275671499,0.7900123156320648,0.9974359085482798,0.611730058829898,0.8287530636873146,0.6990163268086338,0.874607682991202,0.8447043622091563,0.7966379936081207,0.5849896783333736,0.8358043627219004,0.9052139044207741,0.9959782177382006,0.627494150514373,0.9042431527295787,0.6004290699086666,0.8192949037146101,0.8374013084826173,0.9886331148610834,0.9382147673560626,0.8010095457376825,0.941765534772181,0.8419698115525012,0.8528279616010341,0.5711156811316079,0.7325298332953796,0.9354686755265829,0.8556175660999659,0.8976752150205235,0.5868683855811945,0.8618352270520764,0.628637379131556,0.7160579204884758,0.8584282548605706,0.8513701918094131,0.786003330026108,0.8441614090406864,0.7358949947676448,0.8797355977355368,0.9359444304497768,0.8514018255744299,0.8037081689950782,0.9737670111559904,0.801009545737682,0.7710025811784422,0.9032901469579646,0.8847723820598259,0.7900123156320648,0.8454840862006231,0.9600786007036015,0.801009545737682,0.9181364588275017,0.82398393025855,0.9229704345050095,0.923835490638761,0.7341804588237613,0.8101114348470415,0.8336974907151965,0.6720548299052671,0.6964671113729923,0.9879403795499786,0.8916766692185039,0.5968441419481774,0.7922383845211373,0.7067293653565474,0.7577031473864873,0.7301980534754461,0.8883027878923622,0.9272687068821164,0.5532864326891076,0.8157392490325561,0.5664590727761316,0.877573231681927,0.7945589785686391,0.9653745932027926,0.7168296660468771,0.5356874202906088,0.6408687217631636,0.6639880861464769,0.801009545737682,0.6656187176902245,0.7749532715956147,0.8606986135686321,0.8505014126725429,0.942393458790212,0.757709033518333,0.801009545737682,0.801009545737682,0.7136425905389578,0.8539600723527045,0.7867606759066665,0.801009545737682,0.8797355977355366,0.8010095457376822,0.7161921985258882,0.8875927269768689,0.5051195236245248,0.9145713394632464,0.7413775304879615,0.9263508008903656,0.6733730820495232,0.5818645895940998,0.801009545737682,0.8001448938150362,0.8221027455844951,0.5596470118815191,0.585437644508962,0.8574789015247621,0.6577911002336445,0.9052139044207743,0.5137535413082306,0.801009545737682,0.6346238220472258,0.9401715466231455,0.6984362111478539,0.7648092527148496,0.8996156023302126,0.6938023875186605,0.9805434929743857,0.801009545737682,0.9774498142723274,0.8056788681536329,0.801009545737682,0.8173645447260345,0.7028808400156354,0.6793289644940144,0.6489694593198974,0.5465507547524011,0.801009545737682,0.9638614972843146,0.7860268082084572,0.975789226245448,0.830169005252462,0.69865031831086,0.9995297939640735,0.5915893216489693,0.7692235284650819,0.8224931556269461,0.7974959864263496,0.6415975424206259,0.9988860933623885,0.6059254446431697,0.9341864140799641,0.7754238965545603,0.9550260195064375,0.8336974907151966,0.7972443464013117,0.801009545737682,0.9042431527295787,0.7639243920040961,0.7910816297156543,0.820019905365299,0.9703232792288269,0.8151176594087008,0.6520045244691988,0.8996156023302124,0.788265507264901,0.9666922352563602,0.9429617878946375,0.995019040987239,0.8769849585379321,0.791844694892113,0.8919271595115179,0.5812742877765152,0.906819270095362,0.7701966637294348,0.7476305274161557,0.0,0.7587229086143115,0.8441614090406864,0.9269358821261104,0.7855863992625306,0.8258255558899836,0.9370904321835705,0.902403959136644,0.9200235297895973,0.9959782177382006,0.7393342273348131,0.9003150628912608,0.8739401990905133,0.96854564639166,0.6743559491276717,0.8933560703108298,0.7247272866765051,0.708183040895519,0.7461568127482119,0.7975967011743315,0.9391820511391487,0.710971256148279,0.9441872249451286,0.7689574769618428,0.9232787288074835,0.8628502452440903,0.6714344175743137,0.9422468469411834,0.8301690052524622,0.9861874360241634,0.9623059873215859,0.8270347103949393,0.8749591333149653,0.6680475757836992,0.7917050265933987,0.8473060230197424,0.6907147563577134,0.9598703887644857,0.7329499812707243,0.674754922720385,0.861329348698521,0.8781471534634913,0.8082929674399175,0.8344707841797638,0.9904347645570811,0.8239839302585489,0.92975418602675,0.7192043353367085,0.6950574004893859,0.8744017771614347,0.8773187896361201,0.6764018384854246,0.9140045405405378,0.8606486009196104,0.7382079308797119,0.801009545737682,0.8129078011894169,0.801009545737682,0.801009545737682,0.6128329091270752,0.9550260195064375,0.7775367381836844,0.801009545737682,0.6597948239211027,0.50561675778303,0.8713377700576803,0.8355076234063143,0.8739423504719117,0.6950131714142365,0.9888915895927737,0.8196232327998003,0.5566439630537084,0.8661207016570829,0.9037606073285839,0.828753063687315,0.6616310599802224,0.895312855376684,0.6518374817912534,0.9686227177095008,0.9939005394641921,0.9432129712970998,0.8145214666227977,0.8939056337097273,0.8813453746689834,0.8527479267327549,0.857358010139093,0.834180781572414,0.8703498329937045,0.8628502452440896,0.6333251890267676,0.9620064928809633,0.6307635017006332,0.7914906012721054,0.8606986135686319,0.8224931556269461,0.8305634338754784,0.8369085204378075,0.9744101964886858,0.46986549224751406,0.6952852690349789,0.9155228711377881,0.7763317127463425,0.9822844986413125,0.7925164171985385,0.8452561003346262,0.932491997014441,0.547468131611865,0.7935744429052929,0.8898284922288977,0.6826991142951968,0.6990297769404692,0.9293760247257058,0.6601919386923611,0.9502976426440877,0.8967114074414603,0.8531792049415381,0.801009545737682,0.8336974907151966,0.7855863992625287,0.8583050730856254,0.60634257557082,0.7623402563112479,0.9700651234408995,0.9797683033607418,0.6557337473291063,0.9297542626656277,0.5473150220434364,0.9864581638200873,0.680330006079052,0.9355262114829321,0.8427311542397049,0.8151176594087008,0.9805434929743859,0.9795336758785016,0.9637579048469769,0.8101114348470415,0.8351814013396103,0.7940793918610008,0.6165580380328115,0.6976945286971741,0.9112455261547359,0.5828934488798057,0.7836408691984906,0.9500788052795,0.8797355977355368,0.8235748467105688,0.9288906998004326,0.7932739919536114,0.7453088135777427,0.8228787301719251,0.8221455822577997,0.641730651082543,0.7002594971861147,0.9272687068821164,0.8891716604200326,0.9737670111559904,0.9417411993659031,0.9350381536065211,0.7813623674072165,0.8375663368697974,0.9704034245322497,0.8711748780162418,0.8614317096360583,0.8621900465374011,0.8744017771614352,0.8336974907151966,0.9272687068821162,0.801009545737682,0.8595394087520332,0.6249483741316084,0.6219663718654469,0.8800233239243667,0.801009545737682,0.6520374393048189,0.6011071403728074,0.939392999016518,0.6963902629677239,0.8593104535121474,0.9038598561071134,0.7570703662437097,0.9606903211416618,0.9251767784811911,0.957730501878187,0.7652040439979556,0.8511190710752929,0.8129078011894169,0.9963095560522377,0.954567996744037,0.9657234466323916,0.8343697161419616,0.9604106491582282,0.946076766939187,0.8419698115525012,0.9604106491582279,0.8451374561487024,0.7848868336667589,0.9429617878946375,0.6663721636209081,0.8167189601640741,0.9258987741380019,0.8015241762228436,0.7862870980649704,0.762084095189647,0.6202455338900223,0.7945589785686391,0.8841754163694111,0.8344707841797641,0.7945589785686391,0.7945589785686391,0.9685492924280434,0.801009545737682,0.7990397814623884,0.9476503946668404,0.801009545737682,0.9006452700153948,0.742539558227151,0.9598703887644858,0.8224931556269461,0.9106366562230357,0.8117903099195527,0.7945589785686391,0.813081684510502,0.7593422659943778,0.9297542626656277,0.5887599355530656,0.801009545737682,0.8093053298742183,0.9657234466323918,0.9459121875995717,0.7695273527363693,0.8850504981954326,0.9598703887644858,0.9874408947408725,0.8007325067993525,0.9992740412373046,0.776613265899309,0.7731337277914523,0.9452738778891174,0.8675844084768913,0.8891049475212507,0.7176908887671944,0.813299269907048,0.9721863819825465,0.7910065895958045,0.8224931556269461,0.9822366608649957,0.5821333857389671,0.801009545737682,0.8861808910318554,0.8056282697898187,0.8356708927056608,0.5954693504985995,0.9037510484217735,0.9178014586260064,0.7331986590526252,0.8151176594087008,0.8659492623728027,0.5881242178798142,0.801009545737682,0.801009545737682,0.9195275293467098,0.7191814809783632,0.8530899984630653,0.8181537426046338,0.5619442412349347,0.6613896740676382,0.7597741283376784,0.5702481220997732,0.7591155010105946,0.6671755545246164,0.801009545737682,0.8954456618820573,0.8336974907151966,0.8106497905453541,0.6049755604097,0.7900123156320648,0.6717202759887655,0.801009545737682,0.801009545737682,0.48508396850156854,0.8577904426004643,0.5624404105527205,0.8820744650798583,0.6417240707809599,0.7203681833608104,0.9878767438551801,0.9003150628912606,0.5509568373725915,0.6000438462588982,0.801009545737682,0.704981527436946,0.5440936233779609,0.8410654073897726,0.9721863819825463,0.903760607328584,0.9149788847267016,0.969566401122042,0.7339838114043491,0.9288906998004326,0.8409504772693492,0.801009545737682,0.6204867880219542,0.9606282346351354,0.5598442985173837,0.885567644148499,0.7217830762863966,0.7551783176152018,0.8963325235963963,0.760839610688296,0.9432129412342417,0.8152634435021493,0.6500091316998746,0.8775732316819274,0.9508839751252369,0.7887594125200067,0.9285363998890832,0.6671755545246169,0.7710025811784426,0.8221455822577997,0.4917036456212591,0.9121477059747174,0.8158856891841022,0.878161111235765,0.9229704345050096,0.8158856891841022,0.9647089215353348,0.9604106491582279,0.9869570611161291,0.9186727446358354,0.6541498339148528,0.8861808910318554,0.9153097864303867,0.9778618320947466,0.762340256311248,0.7242260970267611,0.8272076876058567,0.7916419660939537,0.9393812763326645,0.8938454242866025,0.9288906998004327,0.5434914963857036,0.9228541640966712,0.8018098603345343,0.8468298109010015,0.801009545737682,0.7321843956294287,0.8293999941690733,0.6638220642299559,0.8000967040108102,0.7737003046603441,0.6693190129349273,0.8516620104650903,0.801009545737682,0.7072545458259394,0.6950131714142365,0.9635539772320749,0.5415152872052993,0.557482036710522,0.5184882642953708,0.8336974907151966,0.6698528454559757,0.822963964279465,0.9782364851521503,0.7165014538713882,0.8628502452440896,0.7362099994636893,0.8898284922288977,0.8167623581129158,0.9718668668111895,0.9426394010497703,0.972086496555604,0.5375200553485436,0.8530899984630662,0.6536472517707248,0.9434764183797985,0.7945589785686391,0.595090186612073,0.60634257557082,0.8973627812695406,0.5231103710725575,0.5998869222449383,0.801009545737682,0.5838826071128467,0.7392273006947212,0.8944096185493662,0.801009545737682,0.6340305942169475,0.9805434929743857,0.7900123156320648,0.8167623581129166,0.7945589785686391,0.751444606961079,0.8745255198792596,0.9843594561593305,0.8697274152053978,0.8152691408413535,0.9988860933623885,0.6885128544819867,0.801009545737682,0.9912232676868235,0.801009545737682,0.857955544885033,0.7802282484849772,0.568675902298651,0.8106497905453541,0.9584160819845404,0.8024786961986119,0.6242696122814857,0.9340134896656946,0.801009545737682,0.881663036899645,0.6007919156393404,0.9900120828653206,0.828131089763001,0.7234655543948052,0.9155228711377879,0.7061833742465007,0.9377076151222176,0.8221027455844967,0.6187124231614228,0.7222083674623812,0.8221027455844967,0.8152018763167095,0.8214805068326572,0.8374013084826173,0.8221027455844967,0.8106497905453541,0.928536399889083,0.9540089103186875,0.9881158615272929,0.7945589785686384,0.9778219719209452,0.9459121875995715,0.7683960829809408,0.9452738778891177,0.9319820759408506,0.5865284663755048,0.8644015357153351,0.8744017771614351,0.8341807815724143,0.8091164455876577,0.9471748969853203,0.6310879682953949,0.7357428440459368,0.9233259012208972,0.7629331228257952,0.8986915504360733,0.7825152124493322,0.822493155626946,0.7877526779790335,0.9797050406305918,0.7613233946488608,0.9669767553971838,0.7306481098961586,0.8336974907151964,0.8129078011894169,0.9943896615281281,0.6912954349720599,0.8795628551139485,0.8882754832110074,0.9297541860267502,0.9950981753921766,0.8470556371161988,0.717078652729214,0.8583050730856252,0.7301189961322596,0.7548311590926617,0.9789336262674346,0.6317695787046189,0.8854939420866448,0.9590582037321396,0.8921442707302998,0.9961248607555502,0.6557054307329719,0.8868264176594562,0.8149266642814943,0.9821090990414656,0.9364989489090376,0.9157958602503538,0.9666922352563603,0.8975013748373122,0.8497321859469595,0.9800881082564383,0.8918803062121206,0.8447043622091563,0.8703405048599927,0.5355144440287747,0.6359234639008811,0.9132574689443727,0.8614317096360578,0.6702273008626319,0.9204893705365993,0.8151176594087011,0.9163608191533001,0.6528244695020746,0.9409205184399868,0.7359563186416351,0.9052139044207743,0.5629617077411486,0.9409205184399867,0.7803315161782107,0.6501226242399616,0.9593372985801925,0.9832840077889076,0.8000967040108102,0.8310266748190961,0.8239839302585489,0.7886741214441406,0.8129078011894169
p161_V,0.9899050576655619,0.9776172307537021,0.9180278279290824,0.900779874562475,0.9938077685674778,0.9726326202607707,0.8639859236170471,0.769627405161319,0.8833742009912295,0.9517679141853159,0.9747821421515683,0.9364159486136479,0.9902428565647541,0.8235049062805437,0.9262700211315924,0.9786774257765747,0.9836426671336507,0.9169296077473634,0.5866679472105398,0.9517679141853161,0.9876920312143679,0.9720496894409938,0.966854861926912,0.9404624926714931,0.9847742533056745,0.9169296077473634,0.7098888133138034,0.8986853937484471,0.9788198231857259,0.9160055541189127,0.9487210184868771,0.9447481688519044,0.9805663112989254,0.9388586611030838,0.9384124008873462,0.9493347822888889,0.9404624926714931,0.7701100080787614,0.9543141322095119,0.7905201773596353,0.9304719414430941,0.9185607716438655,0.9726326202607707,0.9297484119999464,0.9836426671336507,0.9034185850057542,0.998394872319517,0.9115001904163029,0.9573422906623259,0.8992597885323734,0.9940867605460231,0.8221315515134324,0.9169296077473634,0.9288758056186719,0.930701575174463,0.8379601434210558,0.9964991389010722,0.938412400887346,0.9230550304354546,0.9344681175525122,0.8860899491808243,0.9685827185265122,0.9976781567382803,0.9418510134399245,0.9894382119329369,0.9586851380450419,0.9447481688519044,0.9038902485724092,0.9463610255241098,0.9493347822888889,0.7520073121137836,0.8745660213523158,0.9384124008873462,0.8636204737721362,0.938412400887346,0.9898158166313402,0.8877752682100511,0.9270843653068204,0.8102313844067461,0.7534728776716186,0.9775200810036838,0.9914610572055534,0.8883739256494587,0.9169296077473637,0.938412400887346,0.7681977112879723,0.9720496894409938,0.9311741059036505,0.9022591883114606,0.9364159486136479,0.938412400887346,0.8266716361598099,0.7838191822419531,0.8762657667398073,0.9910116109880958,0.9436554450509941,0.8028600427319841,0.9876920312143678,0.8790717557832961,0.8288905501894788,0.9964991389010722,0.998394872319517,0.6738200253517335,0.9613135487542395,0.9641630208383514,0.9493347822888889,0.808861506211348,0.8498353679963286,0.9694100907323095,0.841911943731436,0.841130653397387,0.9185607716438655,0.9694112226663572,0.9932551431854693,0.9425720985427188,0.9750697052651944,0.9736413441112676,0.9843798933538866,0.7534728776716183,0.8279010131824394,0.9650877366625872,0.8448782725245796,0.7098803175335773,0.9883783616664183,0.9976781567382803,0.8703462986877086,0.9975839852098576,0.9381754809533814,0.9902428565647541,0.9945519661064194,0.8457245959495674,0.998394872319517,0.9329216899439507,0.9726326202607706,0.9836426671336507,0.754658480168462,0.9389164122592728,0.7494264781377344,0.9447481688519044,0.9344681175525122,0.876780617418653,0.9517679141853161,0.8361473306338307,0.7133697559920005,0.8390081747164057,0.8916043634534065,0.9313987337345837,0.884362987598365,0.9153193686659862,0.8023156042493031,0.9517679141853161,0.8860899491808238,0.8604628794088311,0.9999129949234455,0.8717566193418784,0.9153193686659862,0.9037728492518726,0.7829144420779202,0.9054156736579473,0.786063505291631,0.873212787536326,0.9393618431817528,0.9472987124405255,0.8320966261016478,0.9672955795804573,0.7732535062261449,0.9647865548213017,0.9099317521606791,0.8481691045286438,0.8888308259151545,0.9833076730146282,0.8482764195819258,0.9551139594816043,0.8628242574152336,0.9008518050676437,0.7505670456554262,0.9493347822888889,0.9257484399272571,0.9838238732627683,0.8715363536479566,0.8930024213743271,0.8948241071649095,0.9551139594816043,0.9364159486136479,0.9084801312614039,0.8649194299018331,0.8542491929403546,0.9130812730632976,0.9288758056186719,0.9858118985030546,0.9868619655962765,0.9191672850859928,0.8735551508879961,0.8880244194437261,0.9195453412137851,0.938412400887346,0.9404624926714931,0.6463810980973745,0.8793449357816119,0.9748214106481394,0.8992597885323734,0.9902428565647541,0.938412400887346,0.9771517799309961,0.8880244194437263,0.9517679141853161,0.938412400887346,0.8725034033256202,0.9333160651425743,0.8623348546394307,0.8528864588605993,0.8830249020118615,0.9902428565647541,0.938412400887346,0.9300732343522714,0.9384124008873459,0.9166817637654094,0.8187634423489135,0.8001543701443623,0.938412400887346,0.9913976286892223,0.938412400887346,0.9871277706705412,0.9549422857308889,0.7732535062261449,0.9901450030984478,0.998394872319517,0.9126936452797436,0.934468117552512,0.6284756039758378,0.9253246753246755,0.9530007332467463,0.7958674502672034,0.9866007010520571,0.8105915487398069,0.9418510134399242,0.8675074564961303,0.6608726450084343,0.9068304302001386,0.9333160651425743,0.8972500807670709,0.9325645805415597,0.7566561216751566,0.9344681175525125,0.938412400887346,0.8820255041972331,0.938412400887346,0.8455144349812358,0.7781560598534002,0.9329216899439506,0.9529366743750116,0.8413982421241398,0.9404624926714931,0.9315204524190159,0.893142941381641,0.7928075116032366,0.9747821421515683,0.8583422593496204,0.9425720985427188,0.8239140155511592,0.9826335302203135,0.9381442798450033,0.9364159486136479,0.9469990271543745,0.7386814119389036,0.9543141322095119,0.7979426727616274,0.9222105570349484,0.9619687983522076,0.8707041703100615,0.8437859625162737,0.9940867605460232,0.9189802351550962,0.9215245408711583,0.825889876483042,0.9493347822888889,0.841911943731436,0.9315204524190164,0.9643765980294186,0.7953298896118869,0.9493347822888889,0.9495786524413501,0.8714434875280936,0.8623126901075594,0.9648628585007484,0.9833076730146282,0.5851636683551674,0.9015883421806545,0.8622415158560883,0.9344681175525122,0.9425720985427188,0.8803288140439884,0.8377432036836208,0.9843798933538866,0.8513970480753374,0.8501624963707037,0.9919151906069509,0.7824305624821143,0.9843798933538865,0.9384124008873462,0.9993652126586656,0.855956490272431,0.7494264781377338,0.8320966261016478,0.9400658022383341,0.998394872319517,0.9153193686659862,0.8986853937484471,0.787748619563361,0.9245613707051723,0.8890122180890285,0.8940953392712782,0.8226625485384104,0.8754639832057658,0.82124176008939,0.9517679141853161,0.9162839533116927,0.9094075605567677,0.938858661103084,0.933316065142574,0.8350104256137885,0.998394872319517,0.938412400887346,0.9447481688519046,0.7914731738068147,0.9596257255045415,0.9493347822888889,0.9894382119329368,0.9902428565647543,0.938412400887346,0.938958597343658,0.9493347822888889,0.9543141322095121,0.9609356788097785,0.9695423959390648,0.9202142532643907,0.9447481688519044,0.9222105570349484,0.9360492445646259,0.8015116294576096,0.930701575174463,0.7640013874816268,0.9425720985427188,0.9761289800255133,0.9142741439792961,0.9288758056186719,0.9262700211315922,0.9543141322095121,0.9060264394434419,0.9493303821296274,0.8971852796386459,0.9325645805415599,0.9364159486136479,0.9809768509989655,0.9919151906069512,0.8381919070735804,0.8637801221099435,0.854836270027586,0.938412400887346,0.9529026417410931,0.9738359568456643,0.9784698031455155,0.900131290598132,0.9517679141853161,0.9142958754806105,0.938412400887346,0.938412400887346,0.9573422906623257,0.9821034579526184,0.7743148786603204,0.9384124008873459,0.9517679141853161,0.9938077685674778,0.9446701888736626,0.9672955795804572,0.8403844230888078,0.9384124008873465,0.7011039951310185,0.9345002823263695,0.8313037559290589,0.8473435538220884,0.938412400887346,0.9999129949234455,0.9919609062430834,0.895541554770261,0.8512900721023176,0.9466763852073137,0.8291578355036289,0.9425720985427188,0.8243886953218449,0.938412400887346,0.7917187676295236,0.9976781567382803,0.9349138804345936,0.8600739870201175,0.9452945222517779,0.8085789921651066,0.9805663112989254,0.938412400887346,0.9384379605067439,0.9071684463189384,0.938412400887346,0.9075408719115727,0.9623602864387384,0.963949359409794,0.8362171997113617,0.8320966261016478,0.938412400887346,0.9463610255241098,0.9038902485724092,0.9894382119329369,0.8692953595068794,0.8119829096373614,0.8874576548572417,0.8888323772351046,0.813425475400807,0.9425720985427188,0.9965533049210543,0.8623348546394305,0.9881818565067267,0.8993383238428319,0.9863585064424634,0.7990302119867639,0.921891580360551,0.9447481688519044,0.6988053324380337,0.938412400887346,0.9180945689966624,0.6657348508008574,0.8215612095168274,0.9270843653068206,0.9529366743750114,0.9344681175525122,0.9709584897065074,0.9404624926714933,0.9868619655962765,0.9747821421515683,0.6184246576716022,0.9776172307537021,0.9470149415225004,0.9821034579526184,0.9493347822888889,0.8903240383514797,0.9517679141853161,0.9288758056186719,0.921891580360551,0.7587229086143115,0.0,0.9788198231857259,0.9247426084974673,0.9715878604207602,0.7962195722367194,0.9185607716438655,0.9253246753246755,0.9220737026051953,0.9393618431817526,0.9120600632071976,0.9943104640015846,0.8790645325462272,0.6381622990853303,0.9099317521606791,0.9747821421515683,0.9090636753073356,0.866946610482492,0.8430610575448734,0.6839567403970842,0.9325645805415597,0.9440581729004502,0.8977731789942536,0.9446701888736626,0.9031363676754974,0.921891580360551,0.8567185752342541,0.9747821421515683,0.946920782957638,0.9643765980294186,0.9693820495180772,0.9163302989466369,0.9425720985427188,0.9583788766921101,0.9309831092120702,0.7313453781642064,0.9099317521606789,0.9843798933538864,0.986721612088708,0.8992597885323732,0.5444988855441171,0.9555096729069269,0.6077326401296219,0.8631230730900762,0.9940867605460232,0.9493347822888889,0.9883783616664183,0.9905817887073167,0.9297484119999462,0.9902428565647541,0.8482764195819258,0.883640124291476,0.9211999702940652,0.9325645805415597,0.7686418857715795,0.938412400887346,0.9894382119329368,0.938412400887346,0.938412400887346,0.8532192563266274,0.9218915803605507,0.986600701052057,0.938412400887346,0.7930242877717496,0.8283134374502996,0.9693820495180773,0.8411677913594839,0.9712883247369647,0.7548649413023867,0.9162839533116924,0.9146756363968285,0.8562263088127953,0.969568952576612,0.9011062193938018,0.9469990271543745,0.936983623721898,0.825889876483042,0.8515242770126847,0.9090636753073353,0.9695689525766121,0.9868619655962767,0.9043495133050428,0.9469990271543745,0.8759317179537754,0.9425720985427188,0.9436554450509942,0.9720496894409938,0.6039509345643693,0.966854861926912,0.893317515381256,0.7793750217225,0.8860899491808243,0.966854861926912,0.9407634795537994,0.9425720985427188,0.9253246753246755,0.6025655670215908,0.967216090606899,0.8791510662592732,0.9927771017119068,0.9447481688519044,0.9054156736579473,0.9325645805415599,0.8397293292768584,0.8962947481591488,0.9902428565647541,0.8480147570093763,0.8481691045286438,0.9726326202607706,0.8269464080737015,0.9413827490486106,0.9146756363968283,0.8785527194075505,0.9253246753246755,0.988684601167712,0.8571990620055041,0.938412400887346,0.9447481688519044,0.9351366270846035,0.9938077685674778,0.9553802235749369,0.9720496894409938,0.9868619655962767,0.8883739256494588,0.8333388020882601,0.988181856506727,0.8351514675648022,0.9517679141853159,0.797059536463161,0.9747821421515683,0.9193759358744265,0.9344681175525122,0.930701575174463,0.857684956749595,0.7781560598534001,0.9914610572055534,0.9806814020144543,0.8832977221483367,0.8677983553764861,0.914670608559514,0.7257084685950499,0.8447836689107451,0.9913976286892221,0.9487210184868768,0.9517679141853161,0.9847742533056744,0.9404624926714933,0.8187634423489135,0.9146756363968283,0.9007549832165642,0.9364159486136476,0.817390216869182,0.8144473291952732,0.9726326202607706,0.9959507353683861,0.9983948723195168,0.9369836237218983,0.9555096729069269,0.8643990948144242,0.9454800327660549,0.9487210184868768,0.9694100907323093,0.9400658022383342,0.9270843653068204,0.9559302354841394,0.9447481688519044,0.9726326202607706,0.938412400887346,0.9493303821296276,0.9742312550591601,0.8622415158560883,0.7952922553041872,0.9384124008873459,0.9166703059283963,0.7962392471325368,0.9195453412137853,0.9446701888736626,0.9520770374064556,0.8571237000829007,0.9135169539046761,0.9264619842789388,0.9529366743750114,0.9530007332467465,0.870519087524837,0.7390381510282646,0.9469990271543745,0.8567734382060053,0.9551139594816043,0.9393618431817528,0.9693820495180774,0.9726326202607707,0.9529366743750114,0.6463810980973745,0.9543141322095119,0.8274170687061769,0.5896490669042486,0.9384124008873462,0.9349255385956454,0.9647419387082187,0.9493347822888889,0.9384124008873465,0.9720496894409938,0.814282920480962,0.8560621357007658,0.9364159486136479,0.8717566193418783,0.9325645805415597,0.9364159486136479,0.9364159486136479,0.9761289800255133,0.938412400887346,0.9325645805415597,0.9549422857308887,0.938412400887346,0.6381622990853303,0.8977731789942536,0.9493347822888889,0.9425720985427188,0.989438211932937,0.9975839852098576,0.9364159486136479,0.865153028577045,0.8805973726982694,0.921891580360551,0.8828770205228482,0.938412400887346,0.9549422857308885,0.998394872319517,0.9643765980294186,0.9166906335764966,0.7707746242895915,0.9493347822888889,0.9404624926714931,0.9235944347702933,0.9945519661064195,0.6640646615715613,0.9384124008873462,0.8972500807670709,0.8283304917421775,0.9719642951540399,0.8296877053467191,0.7390311967799441,0.918094568996662,0.9573422906623257,0.9425720985427191,0.7751191907745247,0.859081712099725,0.938412400887346,0.9384124008873462,0.9401862574474984,0.9788198231857258,0.8208948822783988,0.9325645805415597,0.9775200810036838,0.9096700150805574,0.9344681175525122,0.8658004946070825,0.9053556040741861,0.938412400887346,0.938412400887346,0.997088271205218,0.8580986120114138,0.7588230416072196,0.8029192524832631,0.8633657763496987,0.8362171997113619,0.791448315744843,0.829026195097512,0.99462317493945,0.8940907711008597,0.938412400887346,0.9758106996856855,0.9447481688519044,0.9543141322095119,0.8085789921651068,0.9493347822888889,0.8447836689107451,0.938412400887346,0.938412400887346,0.8684804915776481,0.6738200253517335,0.8783208735468939,0.9812252964426879,0.8319382523553127,0.9623912027223394,0.924723319484639,0.8666334188846029,0.7992764522645044,0.8714545306011175,0.9384124008873459,0.7781560598534002,0.8517272141256111,0.9452945222517779,0.9493347822888889,0.9806143176228139,0.9359992031269355,0.9262700211315924,0.7681977112879723,0.9975839852098576,0.9593511228726478,0.938412400887346,0.839033533041514,0.9524593769068033,0.8780124908814335,0.9844886142666684,0.7582956961878146,0.9288758056186719,0.9510849633091587,0.7608177565549339,0.9469990271543745,0.8952446227883204,0.8597087677932995,0.9652792462742584,0.7011707726698919,0.9833076730146282,0.9169296077473634,0.8457377300448381,0.9447481688519044,0.9364159486136479,0.8495413835116428,0.9964991389010722,0.7781560598534002,0.9428152611847682,0.9543141322095121,0.8142220442289034,0.9543141322095121,0.9543141322095119,0.9473257685964234,0.9407634795537994,0.8740433118343502,0.9384124008873462,0.7011707726698917,0.9720496894409938,0.9253246753246753,0.7816916219552864,0.9307015751744632,0.9364159486136476,0.9964991389010722,0.871418188627088,0.9975839852098576,0.8291489048044112,0.9369836237218983,0.8102313844067464,0.8066165921217555,0.938412400887346,0.7962195722367192,0.9938077685674778,0.7927444267338892,0.9517679141853159,0.9185607716438655,0.9202142532643913,0.7819139220692445,0.938412400887346,0.8351514675648022,0.8269464080737015,0.9643765980294188,0.836673413660163,0.8144465923108914,0.8215612095168273,0.9447481688519044,0.8088195217746119,0.9652259746115222,0.9327820360219159,0.9042827683080545,0.6734388855421991,0.8353980884697856,0.9726326202607706,0.8532920118076436,0.9384124008873462,0.9648628585007484,0.9165889433486549,0.8296877053467187,0.9799759007960189,0.843675563551578,0.9938077685674775,0.9364159486136479,0.859081712099725,0.9819912974428573,0.8134254754008069,0.8004879592484917,0.8668909746473386,0.938412400887346,0.8149839072913247,0.9950615817098012,0.7462299379986125,0.938412400887346,0.8562263088127955,0.930701575174463,0.9493347822888889,0.966854861926912,0.9364159486136479,0.9564998295571266,0.9596257255045416,0.8099530918062009,0.9621156816794599,0.9750104233747737,0.921891580360551,0.8157909825630119,0.938412400887346,0.9529366743750114,0.938412400887346,0.9843798933538865,0.8292536744184098,0.8597630494484774,0.9543141322095119,0.9910116109880958,0.8323862395107005,0.8847289094375663,0.9780548428444061,0.938412400887346,0.9702477081758492,0.9537858190165325,0.8456518924137133,0.9487210184868768,0.9333160651425743,0.9329216899439509,0.9090636753073356,0.907540871911573,0.9351366270846035,0.8701112326985436,0.8430236466994885,0.9351366270846035,0.9007798745624749,0.5659312663315165,0.9919151906069508,0.9351366270846035,0.9543141322095119,0.9596257255045415,0.9452945222517777,0.9331004233740021,0.7406226036797143,0.9466763852073139,0.9914610572055534,0.9484798918521732,0.9224199973554135,0.9432185749403658,0.8958248142311334,0.9993652126586656,0.9902428565647541,0.9253246753246755,0.8683834516924682,0.8621423904215093,0.9249249284229161,0.9222105570349486,0.9629949085780776,0.9228716770826351,0.7905201773596356,0.9404624926714931,0.9425720985427191,0.9778787924688119,0.943535813266678,0.9121566723282284,0.761603311297506,0.9436554450509942,0.9447481688519044,0.9469990271543747,0.9306136377073446,0.9106019687464648,0.9451592660262593,0.9893117100305694,0.9883783616664183,0.9512371008023688,0.7556959734955933,0.9075408719115732,0.9384124008873462,0.9769602230412575,0.9208571272395869,0.8935549646868486,0.943655445050994,0.8948181770968855,0.9258754510202482,0.9120600632071975,0.9339035552637258,0.9169296077473634,0.9836426671336507,0.9508067898672803,0.8985526801638481,0.9273614004407345,0.9469121786862353,0.7867289736246925,0.9856488589714832,0.686795695728608,0.8875752334202731,0.9224205858629796,0.998394872319517,0.9975839852098576,0.8623348546394307,0.912156672328228,0.998394872319517,0.8697915192398312,0.8878736175094186,0.9660351120311095,0.9607441863599594,0.9607441863599594,0.9454416411889628,0.9643765980294186,0.8894235704056004,0.998394872319517,0.8820463820882143,0.9202142532643907,0.9469990271543747,0.8701112326985438,0.7341750146893966,0.9404624926714933,0.9517679141853159,0.9036930397575285,0.9843798933538864,0.9278223884390324,0.9894382119329369
p162_C,0.9833967057385605,0.9540615556502023,0.9152641503417578,0.8311012003946951,0.9602211523225768,0.9704919301607371,0.8055713481338862,0.840407178315032,0.9246724996449085,0.9688473520249221,0.952904481298952,0.9611058687776596,0.9589316626844853,0.9393074128728374,0.8125241819768644,0.9102521474185266,0.9564441004788364,0.9463456194504827,0.9342541377090323,0.9688473520249221,0.8672068540255302,0.7011707726698932,0.9836543654419934,0.9615452872130625,0.7771041629395344,0.9463456194504825,0.9676769377237683,0.9345618542101832,0.9688473520249221,0.8582652152099641,0.9412650880954538,0.9643133649175286,0.9552408029353749,0.7867288748844493,0.9602211523225768,0.9342541377090321,0.9615452872130625,0.9552408029353749,0.9704919301607371,0.945305581259918,0.7942849631106607,0.9473991727811977,0.9704919301607371,0.9842981000157078,0.9564441004788367,0.8913301614198371,0.9629078616894173,0.9220700353609517,0.492850717268689,0.9152641503417578,0.9643133649175286,0.8822041938925773,0.9463456194504825,0.9735307058746403,0.9552408029353747,0.994242084296447,0.5024046396832563,0.9602211523225768,0.7951128469173043,0.9576735770276548,0.9264265757108796,0.8011999848286611,0.7365186669443358,0.9212094218042226,0.5621050879972649,0.8989178714642767,0.6722319823963774,0.926085680719904,0.960958390827874,0.9672758151492922,0.9950331250804818,0.945305581259918,0.9602211523225768,0.9007974233889862,0.9602211523225768,0.9110833848585063,0.9517679141853161,0.7636661243365588,0.8979763176038493,0.9704919301607371,0.952904481298952,0.9484671409187437,0.9422586572762628,0.9463456194504827,0.9602211523225768,0.9354957453078971,0.8399952979278094,0.8826723723783978,0.9169502243571084,0.9589316626844853,0.9602211523225768,0.6775937591229145,0.8011999848286611,0.925139185826386,0.9422586572762628,0.9220700353609516,0.6841854839816714,0.911916104177739,0.8951434532159672,0.8941961293283132,0.502404639683256,0.9629078616894176,0.9602211523225768,0.7980251704263757,0.8968599447908274,0.9672758151492922,0.9273099638694315,0.8767715147934856,0.9506503681784948,0.902672845497333,0.721207569033506,0.9473991727811975,0.8846162930362214,0.6116938173775177,0.9629078616894173,0.8656274904071581,0.9540615556502021,0.9672758151492922,0.9704919301607371,0.8888428923892235,0.984298100015708,0.6965730689929296,0.9506503681784946,0.9412650880954538,0.9463456194504827,0.8438814653687023,0.9615452872130625,0.9308487984769922,0.9589316626844853,0.9872125588573133,0.9003549758958829,0.9629078616894176,0.9643133649175286,0.9704919301607371,0.360645243344606,0.878853978185034,0.905289793832148,0.9448229719109482,0.9643133649175286,0.9644928340620882,0.832035104258882,0.9688473520249221,0.8989178714642767,0.7309738342063736,0.7788560373068377,0.9299882837258,0.9928483866263512,0.9138808918740071,0.945305581259918,0.8461628292403135,0.9280373831775702,0.9761261745674079,0.9183299651833599,0.9069398281965728,0.9448229719109482,0.9453055812599183,0.6671464634172282,0.9327142329596736,0.927034035310814,0.7402591560583243,0.8652957284464029,0.9629078616894173,0.9484671409187437,0.880717431921823,0.919497451312518,0.5780875550201561,0.9308487984769924,0.9212094218042226,0.9422586572762628,0.9166835378272546,0.9393074128728371,0.9589316626844853,0.9442782351269046,0.823223227325037,0.8855324042412525,0.7160728403105014,0.967275815149292,0.9395982191649279,0.5024688382793985,0.9110833848585063,0.9308912761119588,0.9127504202483341,0.9442782351269043,0.9589316626844853,0.8896682568954878,0.7665094653859831,0.9279843845372735,0.922933964066333,0.9540615556502021,0.940281523787128,0.9576735770276548,0.9735615243851738,0.8607374764874878,0.9061368756587873,0.9264265757108794,0.9602211523225768,0.9615452872130623,0.9644928340620882,0.9220700353609517,0.9082817858847674,0.9152641503417578,0.9589316626844853,0.9602211523225768,0.9812521791453499,0.9169343421262847,0.9688473520249221,0.9602211523225768,0.9064142711340988,0.9336347991328913,0.9110833848585063,0.8880166939342055,0.6801520299945822,0.4013685890126739,0.9602211523225768,0.8871895921957201,0.9602211523225768,0.8245281024001674,0.9110812357914189,0.9082817858847676,0.9602211523225768,0.7924269633039951,0.9602211523225768,0.8787446099504678,0.9724383613004928,0.9345618542101832,0.9300810290830976,0.598610074710481,0.8561165010554979,0.9576735770276548,0.9836543654419934,0.9517679141853161,0.6759766334368932,0.8727724895979352,0.9364368411420321,0.9643133649175286,0.9212094218042226,0.959385510350397,0.9238013891436971,0.9662454225678803,0.9336347991328915,0.933634799132891,0.9564441004788367,0.6965730689929295,0.9576735770276548,0.9602211523225768,0.9723047356695362,0.9602211523225768,0.8270670500682897,0.9336347991328913,0.9643133649175286,0.9432628256129658,0.8561165010554979,0.9615452872130625,0.9857418255557404,0.9506503681784946,0.8562800773949444,0.763666124336559,0.9308487984769922,0.9629078616894176,0.7309738342063736,0.8995337970065294,0.8780124908814333,0.9589316626844853,0.9398072791970181,0.8041277175025958,0.9704919301607371,0.906414271134099,0.906414271134099,0.9473991727811975,0.8987127601538667,0.723710009660136,0.9643133649175286,0.8813688685160492,0.8412722731891721,0.8208122474227106,0.9672758151492922,0.9026728454973327,0.9327142329596736,0.5266905096690784,0.9710638846211326,0.9672758151492922,0.9223095545373878,0.8903892529283981,0.9398072791970182,0.9203519494821839,0.6015098136622281,0.9629078616894176,0.9364368411420321,0.8846162930362216,0.9576735770276548,0.9629078616894176,0.9629078616894173,0.8380544030567036,0.9672758151492922,0.8777627336524754,0.925139185826386,0.9102521474185266,0.8780124908814331,0.9342541377090323,0.4637314097487384,0.8674131849162847,0.9576735770276548,0.9643133649175286,0.880717431921823,0.9203519494821841,0.9493957255905624,0.945305581259918,0.9345618542101832,0.8206465546456468,0.9801145305445413,0.9528733312996052,0.7904943185503781,0.8438814653687023,0.871213740863837,0.7285918655964114,0.7218068535825548,0.9246724996449085,0.9688473520249223,0.731362018089746,0.9336347991328913,0.9178375564359738,0.9629078616894173,0.9602211523225768,0.9643133649175286,0.9238013891436974,0.5462372387812251,0.9672758151492922,0.9657671730030435,0.9611058687776597,0.9602211523225768,0.9506503681784946,0.967275815149292,0.9704919301607371,0.9299882837258,0.84756849174827,0.5266905096690786,0.9643133649175286,0.906414271134099,0.8041277175025962,0.9506503681784946,0.9552408029353749,0.7872929989765258,0.9629078616894173,0.9364368411420321,0.7886533660780273,0.9540615556502021,0.9299882837257998,0.9704919301607371,0.8517526482728699,0.786728874884449,0.8614494698822028,0.8159190141289774,0.9589316626844853,0.9383422423783938,0.6965730689929297,0.8846162930362214,0.8855843507261227,0.8166721374016903,0.9602211523225768,0.9241944187271152,0.9354957453078971,0.5584834010445412,0.9354957453078971,0.9280373831775701,0.8788539781850342,0.9602211523225768,0.9602211523225768,0.945305581259918,0.9246724996449085,0.7569142563213492,0.9602211523225768,0.9688473520249221,0.38143891861606916,0.6015098136622283,0.919497451312518,0.8707511192158015,0.9602211523225768,0.5364792390418551,0.9517679141853161,0.7997152688655997,0.8283225054804624,0.9602211523225768,0.9069398281965728,0.5780875550201557,0.8603930719852719,0.862500999391064,0.940281523787128,0.7356258352171277,0.9629078616894173,0.8757769776139173,0.9602211523225768,0.8392345523720056,0.9463456194504827,0.8896682568954879,0.7659556893317462,0.9615452872130625,0.8011999848286612,0.9552408029353747,0.9602211523225768,0.965073786007691,0.8470108069580577,0.9602211523225768,0.940281523787128,0.8747790258604977,0.7856666729249011,0.8206465546456468,0.8807174319218227,0.9602211523225768,0.8271928774348514,0.88718959219572,0.9657671730030435,0.731741511182908,0.7846453476036268,0.9774358012844695,0.9281978840490726,0.663502058764863,0.9629078616894173,0.9203519494821841,0.9550108469657219,0.9495505106234361,0.9232512503966039,0.726171006987941,0.8987127601538669,0.9495505106234363,0.9643133649175286,0.7365186669443355,0.9602211523225768,0.967275815149292,0.884546353714469,0.9309903730813196,0.952904481298952,0.9432628256129656,0.9576735770276548,0.8422398757411229,0.9615452872130625,0.9576735770276548,0.952904481298952,0.9602211523225768,0.9540615556502021,0.9476534130774978,0.6842153024329689,0.967275815149292,0.9176189154668903,0.9688473520249221,0.9540615556502021,0.9836543654419934,0.8441614090406864,0.9788198231857259,0.0,0.8432028922570702,0.9345618542101832,0.9152641503417578,0.9473991727811975,0.9517679141853161,0.9238013891436974,0.9629078616894176,0.9364368411420321,0.6520321555681023,0.9456088940393093,0.948467140918744,0.9212094218042226,0.952904481298952,0.9412650880954538,0.7889020793904014,0.8571935243607935,0.9758773877370216,0.9564441004788364,0.8544317135025308,0.7258861534685651,0.9393074128728374,0.9484671409187437,0.9495505106234361,0.8180076324411965,0.9762381701099259,0.8838707840618654,0.948467140918744,0.7984764022449993,0.8427304828592406,0.9629078616894176,0.8185095446772015,0.9214866402874342,0.9002664985145175,0.9212094218042226,0.967275815149292,0.8245281024001673,0.9605021604012387,0.9657671730030435,0.9887119198512566,0.9564441004788364,0.9564441004788367,0.9448229719109482,0.9672758151492922,0.9412650880954538,0.8084196111143447,0.8582070849903312,0.9611058687776597,0.9611058687776597,0.8616255760827238,0.9273099638694315,0.9564441004788367,0.8951926647784167,0.9602211523225768,0.9657671730030437,0.9602211523225768,0.9602211523225768,0.8941961293283132,0.9495505106234361,0.6206283045003377,0.9602211523225768,0.850752050715597,0.872925485610744,0.9336347991328914,0.8069052703453259,0.9069398281965728,0.8836456641177746,0.684215302432969,0.9238013891436971,0.9120142963323286,0.9552408029353749,0.9110833848585063,0.9657671730030437,0.9354957453078971,0.9673622307805652,0.9260856807199043,0.6463446365020215,0.9552408029353747,0.9576735770276548,0.8153105908663698,0.9657671730030435,0.7099300781682932,0.9629078616894173,0.6480163263802976,0.9788198231857258,0.9473991727811975,0.9495505106234361,0.8813688685160492,0.9984192168061299,0.9264265757108796,0.9495505106234361,0.9373855340691761,0.9629078616894176,0.9517679141853164,0.9615452872130625,0.9612305818481929,0.8880166939342056,0.8262875324250601,0.9643133649175288,0.7608272336763193,0.9564441004788367,0.8271928774348514,0.6841854839816718,0.9589316626844853,0.8603930719852717,0.9422586572762626,0.9704919301607371,0.8308063456911847,0.9176189154668903,0.9238013891436974,0.8688863738230547,0.7705830352988512,0.9273099638694315,0.9507653510800258,0.9602211523225768,0.9643133649175286,0.9887119198512566,0.9602211523225768,0.7528949292727067,0.9517679141853161,0.9576735770276548,0.9422586572762628,0.8011999848286611,0.9495505106234361,0.8826723723783978,0.9688473520249221,0.8427304828592407,0.952904481298952,0.9356763192142938,0.9576735770276548,0.9552408029353749,0.8970334570250011,0.8520541619694206,0.5922958033456,0.8892592555773315,0.9061143838323409,0.8616378859339667,0.932771007121397,0.9364368411420321,0.8677629859955873,0.9110230653978575,0.9998220154184709,0.9688473520249221,0.5048586940575628,0.9615452872130625,0.9110812357914191,0.9723047356695362,0.9161060738860443,0.9589316626844853,0.8758841588239132,0.824762939018447,0.5954115757594367,0.9476534130774981,0.9629078616894176,0.8455205797886556,0.934561854210183,0.9473991727811977,0.922933964066333,0.8230833259602456,0.9506503681784946,0.9203519494821841,0.952904481298952,0.9589316626844853,0.9643133649175286,0.9704919301607371,0.9602211523225768,0.9364368411420321,0.7846104142740942,0.8846162930362216,0.9934000968343186,0.9602211523225768,0.9085936746436276,0.8098248093163587,0.9264265757108794,0.5441119669791117,0.9246724996449085,0.9152641503417578,0.9497216571784262,0.8495355068354111,0.9432628256129658,0.6262770345803647,0.9213692074375963,0.9144243194673916,0.9657671730030437,0.9238013891436974,0.5024046396832561,0.9629078616894173,0.5841653633473124,0.9704919301607371,0.9432628256129656,0.9576735770276548,0.9704919301607371,0.9540615556502021,0.9442782351269043,0.9602211523225768,0.7856666729249011,0.9094222802137257,0.9342541377090323,0.9602211523225768,0.9517679141853161,0.8539459738780026,0.8807174319218227,0.9589316626844853,0.9643133649175286,0.9564441004788364,0.9589316626844853,0.9589316626844853,0.9364368411420322,0.9602211523225768,0.9564441004788367,0.9273099638694315,0.9602211523225768,0.723506390698645,0.9057309170005868,0.967275815149292,0.9629078616894173,0.9657671730030435,0.9615452872130625,0.9589316626844853,0.8404071783150318,0.9279843845372737,0.9495505106234363,0.9129474806881048,0.9602211523225768,0.6716833368102656,0.9629078616894173,0.948467140918744,0.8737775624853945,0.6166989171896211,0.967275815149292,0.9615452872130625,0.9812882646010126,0.9336347991328913,0.9506503681784946,0.9602211523225768,0.9336347991328915,0.9383422423783938,0.8819962224463206,0.9110812357914191,0.9529044812989522,0.967275815149292,0.4928507172686889,0.9629078616894176,0.9273099638694315,0.9138808918740073,0.9602211523225768,0.9602211523225768,0.9077662249784124,0.9688473520249221,0.7920701087559875,0.9564441004788367,0.952904481298952,0.8989178714642767,0.9576735770276548,0.8717637084158266,0.8666606520185522,0.9602211523225768,0.9602211523225768,0.9327142329596736,0.8011999848286611,0.9238013891436971,0.8479521653438945,0.9166835378272546,0.8206465546456468,0.8746288432976697,0.8787507296974193,0.4722383669046828,0.889432688946328,0.9602211523225768,0.9220700353609517,0.9643133649175286,0.9704919301607371,0.8011999848286611,0.9672758151492922,0.9045448781262264,0.9602211523225768,0.9602211523225768,0.8582652152099641,0.957486356544754,0.8645898998275021,0.9517679141853161,0.7608272336763192,0.9212094218042226,0.9432628256129658,0.9212094218042226,0.907348215200354,0.7719822819508492,0.9602211523225768,0.5841653633473122,0.8932471373037334,0.9615452872130623,0.9672758151492922,0.9110833848585063,0.8498227077519459,0.9299882837258,0.5717909861593468,0.9615452872130625,0.8896682568954879,0.9602211523225768,0.9007974233889862,0.7907746610627939,0.9212094218042226,0.7285918655964114,0.8946068956234317,0.9540615556502021,0.9748350526392386,0.7665094653859831,0.9657671730030435,0.9376297985946609,0.9318085423138329,0.9564441004788364,0.9688473520249221,0.9393074128728371,0.9463456194504827,0.889432688946328,0.9643133649175286,0.9589316626844853,0.9028202028772292,0.9442782351269043,0.9336347991328913,0.9383422423783938,0.9704919301607371,0.9872125588573133,0.9704919301607371,0.9704919301607371,0.6881718386495921,0.9934000968343186,0.9186457666042602,0.9602211523225768,0.9688473520249221,0.701170772669893,0.9788198231857258,0.7997152688655997,0.9552408029353749,0.9589316626844853,0.9442782351269043,0.9169502243571084,0.9615452872130623,0.8635477725273677,0.9354957453078971,0.8979763176038493,0.8797355977355367,0.9602211523225768,0.6775937591229144,0.9574863565447539,0.8353653627728159,0.9688473520249221,0.9881161094061225,0.948467140918744,0.7627456110866238,0.9602211523225768,0.8826723723783978,0.8308063456911846,0.948467140918744,0.8836456641177746,0.9007974233889862,0.889432688946328,0.9643133649175286,0.8970334570250009,0.9166835378272544,0.9021933432389448,0.8344672026399325,0.9495505106234361,0.7840226842614608,0.9704919301607371,0.9168592415074226,0.9602211523225768,0.9203519494821839,0.8674131849162842,0.9110812357914193,0.9238013891436971,0.8258023149199942,0.9602211523225768,0.9589316626844853,0.9138808918740073,0.7528949292727068,0.91864576660426,0.8603930719852717,0.841572437337619,0.9602211523225768,0.8697346212836394,0.7487632090815725,0.9393074128728371,0.9602211523225768,0.9120142963323286,0.9552408029353747,0.9672758151492922,0.9495505106234361,0.9589316626844853,0.8796938264815504,0.9463456194504828,0.919497451312518,0.9442782351269043,0.6166989171896211,0.9495505106234361,0.8232442102979086,0.9602211523225768,0.9961565139931365,0.9602211523225768,0.9672758151492922,0.7982162294178606,0.9094222802137257,0.9704919301607371,0.9422586572762628,0.8451155112420421,0.9748350526392389,0.5441119669791117,0.9602211523225768,0.8686292480608161,0.8960891990394331,0.8830381436111518,0.5285188435298711,0.9336347991328915,0.9643133649175286,0.9412650880954538,0.940281523787128,0.934561854210183,0.9616288436298464,0.841572437337619,0.934561854210183,0.9393074128728371,0.9643133649175286,0.9102521474185266,0.934561854210183,0.9704919301607371,0.48281009606018843,0.9615452872130625,0.8276313301891113,0.9589316626844853,0.940281523787128,0.7891116843751671,0.9152641503417578,0.9872125588573133,0.9836543654419935,0.9327142329596736,0.945305581259918,0.9589316626844853,0.9517679141853164,0.9602234796669928,0.9393074128728374,0.7882865126048697,0.9433354585651039,0.9308912761119588,0.9281978840490726,0.8049861069750193,0.9615452872130625,0.9629078616894176,0.9808061948240677,0.8997866040575778,0.9432628256129658,0.9432628256129658,0.9698382173897018,0.9643133649175286,0.9657671730030437,0.9746060824205355,0.9422586572762628,0.9033320865318781,0.9354957453078971,0.7641704294741707,0.9996506126725188,0.9812882646010126,0.940281523787128,0.9602211523225768,0.9092150805000692,0.8425599060671962,0.9317998283510542,0.9220700353609517,0.9968818757206859,0.9398072791970182,0.8420957316791526,0.9718557210930159,0.9463456194504825,0.5882821287367912,0.9422586572762628,0.9212094218042226,0.9773020800644382,0.9404775915135251,0.952904481298952,0.9912214596241777,0.9589316626844853,0.8320735222738643,0.969625418100027,0.5109136619904608,0.9615452872130623,0.9550108469657219,0.9432628256129656,0.9629078616894173,0.7971819285028474,0.932771007121397,0.9727887544250966,0.6531584784210598,0.9644928340620883,0.9054798572912144,0.948467140918744,0.7851785317012696,0.9629078616894173,0.9289368665380615,0.948467140918744,0.9657671730030437,0.9616288436298466,0.9473991727811975,0.9615452872130625,0.9688473520249221,0.8276313301891112,0.967275815149292,0.9973794706954381,0.9657671730030437
p162_F,0.7902134793213029,0.8318286243794134,0.7091076177490874,0.9295190684884742,0.913263288554971,0.924044751246055,0.7627186988187327,0.7587934897146367,0.6882783765043914,0.8013187333394383,0.7973495088336869,0.8484277103308417,0.8484277103308417,0.9690936033999498,0.9494221775897782,0.8794266711655027,0.9900424119456506,0.7671391387927033,0.8692395034995124,0.907962245660486,0.7428096845889713,0.9316827714026001,0.8164111165524809,0.8717622322764182,0.9433617692359312,0.7299474608183196,0.9115671346601832,0.8199786142570791,0.8724144082201368,0.985146696440582,0.7653048875750779,0.8830309554277651,0.7656147460679121,0.7564231504569356,0.8281550331548588,0.994974694644295,0.871762232276418,0.9279408073823006,0.8118073077748235,0.96144418117483,0.726353453060453,0.9979851612778792,0.9637178052827138,0.8015213207709597,0.9314823107688821,0.8410408697647229,0.7634386319714809,0.8053744783627397,0.9094295857951739,0.6982710048696414,0.8350509347173098,0.6836097483818051,0.7299474608183196,0.7937449720527765,0.8166888204928764,0.7929860856457913,0.9413471247916936,0.7997856146881548,0.8301101037324394,0.8373851453596681,0.7324914799382762,0.6767903299648188,0.8830080609367035,0.5792332467199174,0.9579083924637419,0.7096215028506663,0.9770036587127404,0.8747008628672268,0.957930933739666,0.994974694644295,0.9632746592319155,0.7587823139268446,0.9416327070216752,0.7323806038240117,0.7997856146881548,0.5389238085844237,0.7881081513026675,0.8217767894513306,0.6794810074841684,0.8888928429685596,0.8706313506866178,0.942740818864453,0.8329166658940546,0.7890049388096162,0.7997856146881548,0.9849471787133064,0.8529552984475006,0.8938488122174315,0.8020202041412083,0.8208615411657367,0.7997856146881548,0.9898230070349534,0.7526030521409044,0.7221359571451169,0.935866374734464,0.7230367385085305,0.996462424784784,0.5448329534237386,0.6768531016831212,0.634424841657439,0.9102918360624044,0.9448327929385231,0.8565244516215629,0.9387692553945595,0.9601002018110192,0.7912959918600064,0.9165741488102139,0.7028503153692613,0.8689310529627496,0.7552465123487095,0.9717193853836852,0.8646028378734785,0.5966088640520382,0.8292022148939199,0.8239033522938282,0.5721246249611265,0.9316756653308286,0.8591888927881027,0.998869713560209,0.6969037375889129,0.9282086760805153,0.9396678362133799,0.962784641863409,0.8894325248131472,0.9201997389110886,0.8906628881566978,0.8132554078567001,0.929964907836384,0.9586091055134222,0.8907404347589583,0.7400878824179595,0.7936709921326541,0.8976994035739595,0.9988697135602091,0.9638839861838282,0.74902356356076,0.9906461339304791,0.9770036587127404,0.7724024658606594,0.8137954530863192,0.7988030146192522,0.801318733339438,0.8100292151060131,0.8970796428987836,0.9560153950746079,0.7541370753674894,0.828841642480916,0.7529861375524181,0.8753600258214991,0.8649281981753678,0.943510083100835,0.8181583918388473,0.9509822321595038,0.8047041348932962,0.9290236380022846,0.7462337927915035,0.9049934522727082,0.9547677654582309,0.9474972057695565,0.8494880861190499,0.9414690289783094,0.9750651530996967,0.8296573525406707,0.7850121732289637,0.6477398350581153,0.9133167700855673,0.9882657252988649,0.5628865571265246,0.7964643822804715,0.8206129175654857,0.8305827312097847,0.7656459213576857,0.8467085335713054,0.8565637634845161,0.917010203179955,0.9116043551329036,0.9270817937161987,0.960100201811019,0.9358848189332207,0.9326548765862543,0.8280848498390784,0.8059254278533428,0.8777638223005928,0.9862585561563675,0.8101898975802594,0.9363785157808484,0.6429293661790569,0.9398969435095088,0.7687832118149225,0.8195585581273166,0.8910496686756698,0.9073796744301683,0.6248477812597916,0.6959133869426888,0.7535070486582951,0.7997856146881548,0.7840019956468414,0.8137954530863201,0.9535824101003161,0.5875653539061185,0.7918428012982617,0.9861752746785274,0.7997856146881548,0.6371791879693973,0.6593168523691935,0.8368665707797875,0.7997856146881548,0.8649891349775904,0.721382528473685,0.6130400449500959,0.597776581042626,0.8649933085671035,0.9311262178261572,0.7997856146881548,0.9375732394692522,0.7997856146881548,0.6291269986491479,0.683671925932196,0.728132099804071,0.7997856146881548,0.8519834471909464,0.7997856146881548,0.9771368587267129,0.8587816473915078,0.9879872947483577,0.5962398405547661,0.964470126577956,0.7066518884118784,0.7869631914283186,0.9315454864295718,0.9795409781025776,0.9380920684996474,0.7308256055598585,0.7663991909330121,0.8037267002889837,0.8976726862915102,0.8727231294179042,0.9487761886411483,0.8250140936003965,0.9245562143994435,0.7213825284736848,0.8791654592452369,0.9699704162148042,0.9983787153076736,0.7997856146881548,0.7836880076542398,0.7997856146881548,0.9769213628429367,0.9092107698431184,0.9456794242844153,0.9305321988271386,0.6944811407388191,0.8132554078567003,0.7710221679973439,0.8260447831101064,0.9857763137795776,0.8950586313042617,0.6710285794313391,0.7936709921326545,0.9896951366591638,0.8687733377882705,0.8803627400057581,0.8208615411657367,0.9579083924637419,0.9162524716302357,0.8118073077748235,0.8395327998466204,0.8168066758852865,0.9130932897858535,0.8143829025552096,0.9798589040283725,0.9143551898560902,0.9154667953267004,0.9353716997966244,0.684810727935147,0.7912959918600064,0.5657266954134861,0.8441448524091892,0.9427408188644533,0.8609960169740352,0.7912959918600064,0.961687220888958,0.663998310950215,0.8793308354042323,0.6380966920059754,0.991331861688574,0.8133083257720879,0.6709636592110013,0.6828239052836067,0.7837206220436663,0.7936709921326546,0.964470126577956,0.6306558708614818,0.9270817937161987,0.8917458758029344,0.6953996204634405,0.548100263402178,0.8673535635740584,0.994974694644295,0.913263288554971,0.909429585795174,0.9983787153076737,0.9143551898560902,0.6868252526891734,0.9626868422458403,0.9750651530996967,0.7372612750885121,0.9879872947483577,0.7972617647308072,0.9875116740821628,0.9465995982754586,0.7633561411020633,0.9383964315862634,0.8757252526653367,0.9959207581083275,0.9498464045781176,0.721986268492973,0.8724144082201368,0.8427476163106207,0.9799672196519233,0.8995619745331388,0.9644701265779558,0.7997856146881548,0.8203824865711136,0.8484502622519186,0.9639313389449126,0.7912959918600064,0.9579083924637419,0.9586923869912622,0.7997856146881548,0.8260447831101065,0.9610282441802468,0.9240447512460551,0.7132671912989967,0.6939433574890179,0.9653575121292097,0.9770036587127402,0.7886201295846806,0.6761940368456203,0.986248039088574,0.8513296957448535,0.8129521771933638,0.8843680726161754,0.6991618314237296,0.7030325796154974,0.8187067322906301,0.8429030309230754,0.8492197889319009,0.6971500376691928,0.9381831480326314,0.6726399802620866,0.8530070334834143,0.7932953720006315,0.9390075932259944,0.8342457973795947,0.6335581674369961,0.6386392626555935,0.642931841841272,0.7997856146881548,0.5971310445489793,0.8339628197467737,0.9482528065457387,0.8905819543592234,0.9790579205411841,0.8336542363192356,0.7997856146881548,0.7997856146881548,0.8018243916035102,0.957788757615508,0.9325992137927748,0.7997856146881548,0.907962245660486,0.9416327070216752,0.8899445335769982,0.5671606266298059,0.7691064560896788,0.9448896191115083,0.8397219809942977,0.9077536680526115,0.64490666022739,0.6586403671653789,0.7997856146881548,0.5982243176666336,0.8626716559260617,0.7159753479933759,0.5562522530039751,0.8796855218117376,0.9103019104978333,0.7634386319714807,0.6609511430180002,0.7997856146881548,0.6485374017544119,0.9923370610212634,0.8508021431529378,0.9484921463619083,0.9887758811158549,0.7272427580122698,0.8677628949178411,0.7997856146881548,0.9773214527818814,0.7094399083194426,0.7997856146881548,0.919891265906859,0.7535442283031819,0.6773369198210459,0.6483295896819368,0.6868252526891734,0.7997856146881548,0.9092426088020065,0.7942469067257181,0.9769872986834478,0.8925480677805255,0.9461939397796759,0.755099707176917,0.7083361794918628,0.9906674635115202,0.8239033522938282,0.9626868422458403,0.597896542334641,0.8854917384787357,0.7253398147837302,0.9692522443064332,0.6641092762916971,0.8612126477916644,0.8350509347173096,0.8392764609028796,0.7997856146881548,0.9710788548916569,0.9067124369234326,0.7456009045267484,0.9927677537748366,0.763456142963616,0.8137954530863194,0.8755780520592171,0.9527172944644273,0.8137954530863194,0.8706313506866179,0.8281550331548588,0.9316756653308288,0.6150354648274996,0.8903729736383459,0.9710788548916567,0.734407049514731,0.8787507296974193,0.9185537732420475,0.839437990527899,0.9269358821261104,0.9247426084974673,0.8432028922570702,0.0,0.6706375649314982,0.5735086096314794,0.8686325153177195,0.7402499446026921,0.7146823603996133,0.944832792938523,0.8809218289994251,0.8244335906208099,0.9930941377945572,0.9215590215470078,0.8159392383245452,0.8606685625193009,0.7246857596207512,0.9876179658325719,0.9432686034891624,0.9990759998304972,0.9638839861838282,0.9119175242259143,0.7177244386060064,0.988880870855688,0.8763256350174946,0.7921320258654092,0.6364547743489697,0.9439131925395491,0.5773984364721398,0.8989423282822515,0.9092107698431182,0.9193205109136225,0.8843680726161757,0.9119021488417363,0.6373604157220055,0.8829415071909774,0.8976726862915101,0.994974694644295,0.9132786383099609,0.8386286995125727,0.8602519291845268,0.937342180588852,0.9115671346601832,0.8791654592452373,0.9143551898560904,0.8252424423240547,0.8285038328816572,0.5938922668816418,0.6736310643751693,0.8483444288530015,0.8759105980181068,0.6418864693825597,0.916574148810214,0.7807750058510712,0.8263138801225016,0.7997856146881548,0.7816743721250176,0.7997856146881548,0.7997856146881548,0.5845873715539018,0.9533201436933367,0.9854684265897602,0.7997856146881548,0.7177620625541689,0.7325415124981918,0.8876155442311239,0.871522790134182,0.5687272009199673,0.596316327446512,0.8398111356554739,0.9843398604326985,0.6009714272081621,0.8166888204928766,0.781219850431704,0.860251929184527,0.7319571482244445,0.636127737242908,0.5528850383011923,0.8488133968588205,0.9534778445947829,0.864217407017669,0.8378817057468846,0.9118829898306375,0.9613159109285824,0.8239033522938282,0.9865175060419995,0.955611874752589,0.8686325153177199,0.7703573686016446,0.6263306767588446,0.9999394491805796,0.7324914799382762,0.8381857738162459,0.9482528065457387,0.9040054062556087,0.7811679883975335,0.9527172944644273,0.9182064232523067,0.6919321338537225,0.7030648032679017,0.8203824865711149,0.7296837560209686,0.9314823107688823,0.775349715223443,0.6645820131467607,0.9586923869912622,0.7524849246202481,0.7141046152081436,0.8514803618114823,0.6701459410104889,0.655961540938921,0.9989391518357633,0.6078588013839712,0.9077536680526114,0.9856954422866077,0.8174160614800281,0.7997856146881548,0.8350509347173096,0.8013109830913812,0.9983715439550835,0.7020729412722365,0.8768844017974895,0.8942922380603227,0.9405939746570449,0.6511618756263664,0.977599234380409,0.6602642006133121,0.8368665707797878,0.6897567313540316,0.9439131925395491,0.7234219238999124,0.8137954530863194,0.8932999321303232,0.8371089368650184,0.9799672196519233,0.9215590215470078,0.7080112552068221,0.7916160419368614,0.7582215978944391,0.9141352083422267,0.9472942139009559,0.6387498887718672,0.6339318022182776,0.8465431434837305,0.8724144082201369,0.962784641863409,0.9887758811158549,0.7865504250886126,0.8171299831173162,0.7032939054419893,0.7932953720006322,0.5930009634201481,0.7354481137479277,0.9263053241256367,0.8738110520809914,0.9040054062556087,0.9961797764158771,0.8440040247603641,0.753450901703146,0.8569356770443185,0.8691229608359838,0.9393212446382442,0.9464573347338472,0.7240676669807561,0.9862585561563675,0.8350509347173096,0.811807307774824,0.7997856146881548,0.8618347226550229,0.7148895922018693,0.7320896431302162,0.9482528065457387,0.7997856146881548,0.8677425254289968,0.7381360797449368,0.7153580975581615,0.8132464545869329,0.6375637837239885,0.8806559112015614,0.6790963220400448,0.9603881132358871,0.7634561429636171,0.9209586861195331,0.5302369469332118,0.8572232603367144,0.7816743721250176,0.8986132254465334,0.9201526906279933,0.9342377664167825,0.983092110179757,0.8492197889319004,0.9232762522922799,0.8674599764023219,0.9614572324031322,0.7319815834279972,0.9950695727172054,0.8881507821781,0.8844921716852405,0.5721179675376789,0.8692395034995124,0.8030425267779875,0.9965299185474337,0.5862726552237734,0.6131850622843302,0.7932953720006315,0.9603478724306096,0.780775005851071,0.7932953720006315,0.8208615411657367,0.851858682178945,0.7997856146881548,0.8791654592452369,0.9624635876060974,0.7997856146881548,0.9441757148117644,0.8947788343642495,0.9031859539635603,0.8239033522938282,0.9253562380373368,0.959522468905996,0.8208615411657367,0.6052312567572282,0.5754614019167368,0.8381857738162455,0.7220234421340148,0.7997856146881548,0.916574148810214,0.9448327929385232,0.8070406592759141,0.7360754682265838,0.9175251818498114,0.8252424423240544,0.9595224689059959,0.9902885636862613,0.8722700996747985,0.7750774640620901,0.8597813637113952,0.9276811049272777,0.9437311097234975,0.9097420887903103,0.6733374543401973,0.958377684989876,0.994974694644295,0.973992702310172,0.7936709921326546,0.9279029408679007,0.6364613083788084,0.7997856146881548,0.8881507821781001,0.6341155806455309,0.8368665707797875,0.8183344727593168,0.8006901819597694,0.8462040700689741,0.5464589704357312,0.8137954530863194,0.5303034946379577,0.6748433303686081,0.7997856146881548,0.7997856146881548,0.8258641813062289,0.9557535653797994,0.9989391518357632,0.6578410054164925,0.6901997300279845,0.7103846626189663,0.6128472775888723,0.664235468345058,0.9575540642539873,0.634168040916278,0.7997856146881548,0.8323394662787408,0.8350509347173096,0.8118073077748235,0.7272427580122698,0.7912959918600064,0.7275109182220882,0.7997856146881548,0.7997856146881548,0.6444030890428456,0.9700021254883793,0.6642564238989976,0.8359663580026454,0.8238393088320655,0.6119266259067031,0.8188537173775792,0.7917402114340243,0.7555710412863705,0.7958385099529557,0.7997856146881548,0.906085879315284,0.6543106302257424,0.8425088200665591,0.9270817937161986,0.9159100972591956,0.7695962150883839,0.9671753687008953,0.9584336866742438,0.8649570578348507,0.5806264188295562,0.7997856146881548,0.5560979766911729,0.9660741338424897,0.8813259966981166,0.8335239914314283,0.7425361558407098,0.9934390539556093,0.7781886259765991,0.8697370243993952,0.8602519291845265,0.9867358557483281,0.7306260915750478,0.931482310768882,0.9790579205411841,0.8726082569541467,0.7955448608690561,0.6217866116262254,0.8037267002889846,0.8208615411657367,0.726896280082141,0.8467085335713036,0.9245562143994439,0.9632746592319155,0.998869713560209,0.9984375547360829,0.9263053241256369,0.8492197889319006,0.8150082867888422,0.7814016529051673,0.670556626445538,0.9732590375782124,0.943510083100835,0.8598954613526341,0.9726008151974446,0.7846488619256254,0.8166888204928773,0.7932953720006315,0.8890974018987041,0.6925563208681158,0.7547485834369829,0.7198173248728494,0.9849471787133064,0.6920125201847047,0.7307150057264551,0.7997856146881548,0.9945816935602765,0.9448896191115083,0.5739249383643719,0.8013187333394383,0.9535243868097455,0.7406254754289547,0.9912092102302581,0.7997856146881548,0.549618858274517,0.6701459410104886,0.8070406592759143,0.6653875369137192,0.7197889876002377,0.6836937580764875,0.8350509347173096,0.5993688820829579,0.8597368738267359,0.9654643952663975,0.7854200494094525,0.8612126477916637,0.9398158988871832,0.9263053241256367,0.8624648645033174,0.9448896191115083,0.8328507821498946,0.973992702310172,0.621898204761989,0.8484502622519188,0.671744203995306,0.9448896191115083,0.7932953720006315,0.6235141051372963,0.6884447134614446,0.942650837951623,0.7403150657446242,0.7575324247885367,0.7997856146881548,0.6174938881187049,0.6329912429963263,0.9319700593213605,0.7997856146881548,0.7040771708413378,0.8932999321303234,0.7912959918600064,0.8842395217670826,0.7932953720006315,0.6511031333080917,0.8392764609028791,0.9493641228003373,0.8989582564642933,0.9175251818498114,0.8394379905278989,0.6972347774208948,0.7997856146881548,0.993185719775959,0.7997856146881548,0.8252424423240546,0.9568165191056206,0.6938980362162726,0.8118073077748235,0.9152764329663823,0.7485999542070312,0.7102232801754005,0.9295190684884742,0.7997856146881548,0.9497987366599032,0.7318816619055257,0.7694100964975107,0.9684005273467098,0.9461514400114375,0.9290236380022845,0.9503612167446371,0.9197701642680185,0.8759815077541722,0.6719069711822558,0.6353015880614671,0.8759815077541722,0.8107954637540468,0.8203824865711149,0.548100263402178,0.8759815077541722,0.8118073077748235,0.8611422609197914,0.9819707066742862,0.8191855061176255,0.903560048661052,0.9999394491805798,0.942740818864453,0.6514851066553311,0.6875667488332011,0.9545723604049906,0.679618812482534,0.9955137411485048,0.9861752746785275,0.8359663580026455,0.7280663203877193,0.8899445335769985,0.8071589171652045,0.8522609674121053,0.8672327722221795,0.6292319797079646,0.8968810646598318,0.7840019956468417,0.7634386319714809,0.811219257094921,0.9915540072627126,0.993185719775959,0.9514167058100789,0.7395042864793719,0.7724024658606593,0.8142265265514226,0.9165541272551878,0.7093770152855645,0.9158277088801187,0.9584336866742438,0.8285038328816572,0.8582334287386861,0.9393212446382442,0.7996373385380173,0.7746731083112828,0.8042868104497052,0.8849056208660414,0.7822202260690735,0.6571665466251624,0.8812790071315647,0.9579083924637419,0.900008935343827,0.9573180262483001,0.7299474608183196,0.9377255604220056,0.7964643822804707,0.8813259966981171,0.9819985582303231,0.8459734129080521,0.9683404731571928,0.9584177985959568,0.875993879495947,0.9534532917949563,0.9246973781005143,0.9342377664167825,0.7840019956468411,0.703901060642826,0.7144311824628797,0.8843680726161756,0.923706605170207,0.7220070361828241,0.9158388911820552,0.9983787153076735,0.8910496686756701,0.6436784947634113,0.9427408188644532,0.8484502622519186,0.8239033522938284,0.7966524823893661,0.8748907390701837,0.8142265265514226,0.6405200369225243,0.8686325153177199,0.9302690566961367,0.8013187333394383,0.6386440084514802,0.8252424423240546,0.8711528246492388,0.8142265265514226
p162_G,0.9837431486123818,0.9415276164159578,0.8220068840377226,0.9026532767809434,0.959657136477295,0.9380163966266191,0.9857207446967,0.9998874294786867,0.6704311646877338,0.934561854210183,0.9382829336530905,0.9977164699543988,0.9557248896714008,0.9629372157622487,0.795499164821674,0.9261856521659335,0.8922561605225319,0.8872955140291618,0.9653179186519115,0.9571380145076699,0.8613707440299998,0.9715878604207602,0.929104460779949,0.9192233962368055,0.9320797389103181,0.9206037147937578,0.9085080245777921,0.6256013745704471,0.9887119198512566,0.9455070481530556,0.9075611147669862,0.9250379219402804,0.9448810215177157,0.8955568994617082,0.9971276925647264,0.982971410509272,0.9916530842778032,0.905980420499302,0.9380163966266188,0.9506768980005937,0.8593962429851332,0.9233721476659593,0.9950068763949222,0.7572928415920825,0.9719504864824021,0.7889848112238076,0.9220855717829912,0.9630166227634938,0.885110846748371,0.5840846342736307,0.9727541677821405,0.8127842800850877,0.8872955140291616,0.9035033355391051,0.9448810215177157,0.9152383482658542,0.8829528399528481,0.9164419655193166,0.830566710654991,0.9110906193450521,0.8674533886652149,0.8335116418989037,0.9872201163229497,0.8842971758754066,0.9280917395652362,0.791713743016099,0.9250379219402804,0.8692986967753593,0.917990582536724,0.9312607396704553,0.9002546180665421,0.9178938723744823,0.9539125216067481,0.7672224363446678,0.9164419655193166,0.8132249165650078,0.9351366270846038,0.9010728262563201,0.7179863263837774,0.995006876394922,0.9010728262563201,0.9606559814622546,0.8787105864554916,0.8872955140291618,0.9164419655193166,0.9220033199406048,0.9190584395707704,0.9655439310201539,0.9819733544265596,0.913733309388403,0.9164419655193166,0.8695195625728143,0.8381217296276056,0.811066256170524,0.8787105864554916,0.9366432307997559,0.8419523798699478,0.8381724206093375,0.7071074713305262,0.6718461144934708,0.9798093648918664,0.9681385641755447,0.9164419655193168,0.8076169421169133,0.9160634361285371,0.9312607396704551,0.8736330304641178,0.6995860341128207,0.889211148047673,0.7232823364271652,0.8836180041974138,0.8895085707332924,0.6795217115677479,0.8778449561972077,0.9220855717829912,0.6885968787296968,0.9035033355391051,0.9312607396704551,0.9950068763949222,0.6579580752679006,0.9502758498388721,0.8344202094125963,0.9320797389103181,0.9075611147669862,0.8872955140291618,0.7327504107892782,0.9192233962368055,0.8132236490903708,0.955724889671401,0.88873150110704,0.776299084394662,0.922085571782991,0.9727541677821405,0.995006876394922,0.9085080245777923,0.8051225416546708,0.9790301326938526,0.9727541677821405,0.9250379219402802,0.9110906193450523,0.7722731073171096,0.934561854210183,0.6578814475552839,0.8752023231718653,0.86137074403,0.7414122479666798,0.8176364269640346,0.6878364635748526,0.9509740251210721,0.7656694235023767,0.934561854210183,0.5281624495970528,0.9060160128370502,0.8045211086206914,0.9250379219402804,0.9834599236267052,0.8515449078023476,0.9422028158499836,0.722987896345784,0.8803029307892649,0.8514372844037966,0.9397554510393483,0.9262039440654457,0.7457678481078371,0.8799977696515331,0.8625429553264603,0.9170231322184559,0.8593962429851332,0.8787105864554916,0.6584993107530264,0.9767788452564459,0.913733309388403,0.8829528399528483,0.9177137156321573,0.7937802668278748,0.8214657804987164,0.9829714105092717,0.9765833851950556,0.9273053773902185,0.8362930332131355,0.9267564831734599,0.7866275056675717,0.9798093648918664,0.9557248896714008,0.9125919909640965,0.820462475016416,0.5962936541969177,0.9392178238502193,0.9035033355391051,0.9727900438033125,0.9928378554472403,0.6961048018937496,0.8027726490830818,0.7140201349595376,0.84545427827711,0.9164419655193166,0.9192233962368055,0.9928378554472408,0.9630166227634938,0.8073399772739798,0.8454043662166348,0.9977164699543988,0.9164419655193166,0.8050897567384336,0.6582725876518857,0.934561854210183,0.9164419655193166,0.9833056869800625,0.8861814209185077,0.6100721672317987,0.7024982859972824,0.869490632653408,0.955724889671401,0.9164419655193166,0.8243122708779267,0.9164419655193166,0.8198029567953268,0.8328097707631912,0.846271886628261,0.9164419655193166,0.8132236490903708,0.9164419655193166,0.8128024457189325,0.8736330304641184,0.8909793814432989,0.8178051785527847,0.9681385641755447,0.6904259624775457,0.9110906193450521,0.8940275945888625,0.9351366270846038,0.9759507933033258,0.74646128121977,0.8664814862756911,0.9250379219402804,0.9091981087656799,0.9908694737845812,0.8399399046211002,0.9972558204432055,0.9731391553474598,0.9705890751589275,0.9719504864824019,0.9032442914775991,0.7619204362461962,0.9164419655193166,0.981762383363077,0.9164419655193166,0.7804897469562221,0.9168673858538468,0.9795295863759999,0.944446698490097,0.7275053930619251,0.9192233962368055,0.5287047662177697,0.8963379163019165,0.8954930335908746,0.9010728262563201,0.7923383150229083,0.9220855717829912,0.8752023231718653,0.853642808020449,0.6617357822856913,0.913733309388403,0.9231480466603467,0.834050806506226,0.9380163966266188,0.6536955137758962,0.9445280195442783,0.8895085707332926,0.8048182993128038,0.837819801939105,0.9795295863759999,0.628570348038634,0.6995860341128208,0.7533825787567632,0.9312607396704551,0.6462967960677548,0.8865088771202729,0.891751906668637,0.7827571719269774,0.9312607396704551,0.84022132652229,0.6448781836268327,0.9280917395652362,0.9068614220260414,0.9026532767809434,0.922085571782991,0.8955568994617082,0.6795217115677479,0.9110906193450521,0.9220855717829912,0.8937024586467948,0.7618872535839091,0.9829714105092717,0.7717499117194865,0.8110662561705239,0.8344202094125963,0.9419263201446231,0.9312607396704551,0.9164419655193168,0.9834599236267052,0.9519642373961463,0.9250379219402804,0.7083757831105895,0.8953591437517912,0.9681385641755447,0.885110846748371,0.9762886597938145,0.7906663368822671,0.9314345115301756,0.80235946912519,0.9895247183805611,0.9187462350717612,0.8422728385374886,0.8339903731560386,0.9345618542101832,0.4907157042456257,0.9345618542101832,0.9827831390197601,0.9705890751589273,0.8510501785307238,0.847649466254242,0.9164419655193166,0.9250379219402802,0.8908821080541922,0.8872955140291618,0.9312607396704551,0.9231480466603461,0.997716469954399,0.9164419655193166,0.96782156151872,0.9312607396704551,0.9380163966266188,0.8529358756208603,0.7475141384270301,0.9262039440654457,0.9318133405341399,0.7312508486474646,0.7570652661468154,0.9320797389103181,0.938417175427043,0.7974635637731329,0.9397554510393484,0.9537077258337427,0.8599289566245416,0.9795518972928103,0.7954991648216743,0.9380163966266188,0.6991899654683744,0.8955568994617082,0.6792237175880043,0.9085080245777921,0.913733309388403,0.9002546180665421,0.8803029307892649,0.6795217115677479,0.6769401715084518,0.7587727771577901,0.9164419655193166,0.5704471173693055,0.9220033199406048,0.897889827165478,0.8932539868674869,0.9887119198512566,0.6584993107530264,0.9164419655193166,0.9164419655193166,0.9178938723744825,0.9958115516340638,0.7888626210814842,0.9164419655193166,0.9887119198512566,0.916441965519317,0.9026532767809433,0.8554484876704809,0.7140201349595376,0.9596571364772952,0.8745574900762874,0.9555096729069269,0.782102575392696,0.7784424604391472,0.9164419655193166,0.8494541037919074,0.9194158075601373,0.7185641511652066,0.6954896220420983,0.9050879833003673,0.8282828784709313,0.9220855717829912,0.7020258300837217,0.9164419655193166,0.7784348440569617,0.9872201163229497,0.7162198993880685,0.8939277930400082,0.9192233962368055,0.7801746775440486,0.9837816225361296,0.9164419655193166,0.9997790217935905,0.7408156781663799,0.9164419655193166,0.9661489697485275,0.7416904443877408,0.7796562783546102,0.7528549085101144,0.6896797506119655,0.9164419655193166,0.8994488358288384,0.7467430838366733,0.9280917395652362,0.7762488729046881,0.7150434801379618,0.652550478349736,0.7790574577948832,0.8778727112576175,0.9220855717829912,0.9068614220260414,0.49473158399116,0.929104460779949,0.6348794716155123,0.8576463506454888,0.8087102574521297,0.9291044607799492,0.9250379219402802,0.9206037147937578,0.9164419655193166,0.9829714105092717,0.888667823082437,0.7230163008697753,0.9872968515533683,0.8808199067953635,0.9519642373961461,0.7805417669717729,0.9916530842778033,0.9110906193450523,0.9382829336530907,0.9164419655193168,0.9795518972928103,0.8455488619566458,0.8674433656039866,0.9653179186519116,0.6153981162569122,0.9887119198512566,0.9063752600766318,0.8940275945888625,0.7855863992625306,0.9715878604207602,0.9345618542101832,0.6706375649314982,0.0,0.8220068840377226,0.8895085707332926,0.8986853937484474,0.8908821080541922,0.922085571782991,0.9246323126477256,0.8842971758754066,0.9159089115216751,0.9951080188590635,0.9911981596732264,0.9010728262563201,0.9075611147669862,0.8348129948177625,0.8365151755723853,0.8953735569144756,0.971950486482402,0.7015265312025043,0.8674647054043128,0.932795246271596,0.9015358689505101,0.9291044607799492,0.7568047292975597,0.9382829336530907,0.8166204308597431,0.9606559814622546,0.9168673858538468,0.7534707915173768,0.9220855717829912,0.9763530278447614,0.7837121372134468,0.9507526530137227,0.8915944281121329,0.8101859061354616,0.9729647518881175,0.988301258910544,0.977678477490042,0.9668384879725085,0.9085080245777923,0.9085080245777923,0.979529586376,0.9312607396704551,0.9075611147669862,0.7896457121471782,0.8567411419143385,0.913733309388403,0.9557248896714008,0.8134326719532761,0.8999561688633484,0.9085080245777921,0.8320832928690336,0.9164419655193166,0.9280917395652364,0.9164419655193166,0.9164419655193166,0.6528667442151794,0.8940275945888627,0.9246323126477256,0.9164419655193166,0.6743410631428146,0.6023242092124141,0.9731391553474595,0.8387843027099651,0.8494541037919074,0.793078462811944,0.841769728397971,0.8399399046211002,0.5958404835505329,0.9448810215177159,0.9560939169537146,0.9280917395652364,0.991748680840042,0.8275414399255221,0.7263171483468924,0.8766235303260079,0.8606159733902153,0.9519642373961463,0.9460679427527194,0.9280917395652362,0.9266352354720067,0.9220855717829912,0.9630166227634938,0.9919609062430834,0.957235724598626,0.8940275945888625,0.7887308623512373,0.9050879833003673,0.8674533886652149,0.9305880744557047,0.9256168714860794,0.6634374966840282,0.9919609062430833,0.9192233962368055,0.9185623373257409,0.7229878963457842,0.7955477174638514,0.9727541677821405,0.8467302863356787,0.9085080245777923,0.7881983555815255,0.8184827691642289,0.9977164699543988,0.7185641511652067,0.9100752707392668,0.995006876394922,0.7743343388904207,0.5755660688479756,0.8654110063376459,0.770206829930971,0.9351366270846038,0.8999561688633482,0.584066542215135,0.9164419655193166,0.9250379219402802,0.9762886597938145,0.9539125216067481,0.8339835457159881,0.7003510395538315,0.6801732001440077,0.8787105864554916,0.7801746775440486,0.929104460779949,0.6846336149529366,0.934561854210183,0.7534707915173771,0.9382829336530905,0.5221770697661771,0.9110906193450523,0.9773177764454565,0.974317255909797,0.8605956163602335,0.9262039440654457,0.935906773388121,0.9289493645217686,0.7448953171572592,0.7649300081174892,0.8955568994617082,0.852827325926756,0.792463752464754,0.7830630408232299,0.9345618542101832,0.9964366158728784,0.902529564792412,0.7740416654066775,0.8798779764968925,0.9911165467392382,0.913733309388403,0.7390615315957948,0.7777865574945615,0.9480026438367747,0.7317604473755326,0.9220855717829912,0.9220033199406048,0.8909793814432987,0.9233721476659595,0.8886678230824372,0.9075611147669862,0.9606947932644766,0.8821389927482706,0.9010728262563195,0.9977164699543988,0.9250379219402802,0.9380163966266191,0.9164419655193166,0.9537077258337427,0.8628430790977517,0.698283351728886,0.8684742769407376,0.9164419655193166,0.7380504847642766,0.7685515718983664,0.9457512976809446,0.9026532767809434,0.8674433656039866,0.8457632233052685,0.9258809203520122,0.888122704437159,0.9126333026427302,0.9237521872928394,0.6418093874120092,0.9146866456746814,0.9280917395652364,0.8654110063376459,0.8829528399528481,0.9397554510393483,0.8887315011070402,0.9380163966266186,0.8646729264257034,0.9519642373961463,0.995006876394922,0.9035033355391051,0.9152383482658542,0.9164419655193168,0.8388237514735591,0.878189460043324,0.8101859061354616,0.9596571364772952,0.8986853937484474,0.7133732977741496,0.6522876856147178,0.913733309388403,0.9795295863759995,0.9483551875577272,0.913733309388403,0.913733309388403,0.9246323126477255,0.9164419655193166,0.9085080245777921,0.9262793072625788,0.9164419655193166,0.9606559814622546,0.8438537352691284,0.9312607396704551,0.9220855717829912,0.9776784774900422,0.9637851559795012,0.913733309388403,0.7018006890410962,0.6168484612205787,0.6148962787359253,0.868027329491152,0.9164419655193166,0.8736330304641178,0.9220855717829912,0.9262039440654457,0.6882543988515059,0.9288394934873136,0.9312607396704551,0.9637851559795012,0.8892111480476731,0.942453190412121,0.9678215615187198,0.9164419655193166,0.8605956163602335,0.9002546180665421,0.9075611147669862,0.6970453863846986,0.9382829336530907,0.9829714105092717,0.885110846748371,0.9220855717829912,0.9262793072625786,0.6483914814955538,0.9164419655193166,0.9164419655193168,0.806257008346889,0.934561854210183,0.8112604948979614,0.9085080245777921,0.9382829336530905,0.6196436488521937,0.9519642373961461,0.6744661383327066,0.6677179799328161,0.9164419655193166,0.9164419655193166,0.8865088771202732,0.7608589935161962,0.9163532097707383,0.7930784628119442,0.6386334534347929,0.7717606226961908,0.775915078786896,0.6386600819376909,0.9233721476659591,0.647573713408673,0.9164419655193166,0.8864731575813805,0.9250379219402802,0.9380163966266188,0.7801746775440486,0.9312607396704551,0.6017234335646757,0.9164419655193166,0.9164419655193166,0.685979464536673,0.9164419655193168,0.6538109178653722,0.8986853937484474,0.7852614552901733,0.8593962429851332,0.9762600943374635,0.8593962429851332,0.6312412408034186,0.8348309501207156,0.9164419655193166,0.8605956163602335,0.6556212955016536,0.9192233962368055,0.9312607396704551,0.9977698497500298,0.8723420066550784,0.8799793340483575,0.8645046537943692,0.9637851559795012,0.8713488676698922,0.9164419655193166,0.6329566621376961,0.8932539868674869,0.9340990416559534,0.8772915445392941,0.8207290338114397,0.8683509791997794,0.5352021093420357,0.861068502190701,0.823974570810734,0.9967825975031106,0.809935644722404,0.9483551875577274,0.9571380145076698,0.7055011198405711,0.9206037147937578,0.6664343602739485,0.9727541677821405,0.913733309388403,0.7653802590312329,0.7941920769170919,0.9731391553474595,0.9895667589681865,0.9950068763949222,0.9450032706006533,0.8910121640684715,0.9380163966266188,0.8654110063376459,0.8079546705871175,0.8051708813488527,0.9106973506487696,0.9887119198512566,0.8986853937484474,0.9190584395707704,0.8595096562030182,0.9837816225361296,0.4563929863666274,0.9798093648918664,0.9819733544265596,0.9192233962368055,0.7117485568897568,0.8932539868674869,0.7752541337254766,0.7855863992625305,0.9164419655193166,0.8457632233052683,0.9106973506487696,0.732602650728755,0.934561854210183,0.9073099676707066,0.8917519066686372,0.9264419483268311,0.9164419655193166,0.6846336149529364,0.793078462811944,0.8917519066686372,0.6820860673854008,0.6521374870244063,0.6664343602739484,0.9250379219402802,0.644472506697502,0.8174261692988939,0.9430314541841311,0.730743241930695,0.9641813269710355,0.8210626465808821,0.9480026438367745,0.929104460779949,0.9596571364772952,0.8326941341927288,0.9178938723744823,0.5990985441238421,0.8654110063376461,0.7448953171572592,0.8674821796907911,0.913733309388403,0.7075589546145022,0.8339835457159881,0.8778727112576175,0.7185641511652066,0.7369652695899551,0.9164419655193166,0.7163801882454337,0.8169712959496191,0.9026532767809434,0.9164419655193166,0.6940036769353097,0.9448810215177157,0.9312607396704551,0.9641813269710358,0.913733309388403,0.8070371963135037,0.8462388798540708,0.8554484876704809,0.9798093648918664,0.8757298482658951,0.929104460779949,0.7866068806330611,0.9164419655193166,0.9601131139678031,0.9164419655193166,0.9312607396704551,0.9197501444304765,0.6882698009710875,0.9380163966266188,0.9414399550230419,0.8990075344183097,0.9234459732580502,0.8725113072902908,0.9164419655193166,0.9756202774185014,0.6663254552361244,0.8348309501207154,0.9384986992079645,0.8887315011070405,0.9795295863759996,0.8766235303260079,0.9050879833003673,0.9952749140893472,0.8415423052511255,0.7369652695899551,0.9952749140893472,0.9026532767809434,0.9250379219402804,0.8114788487242621,0.9952749140893472,0.9380163966266188,0.8795470806186669,0.7688442855643254,0.8573615701009307,0.955724889671401,0.9050879833003673,0.9262039440654457,0.750379009146452,0.8605956163602337,0.999258193162122,0.8628683985960309,0.6887098201121812,0.913733309388403,0.935136627084604,0.763285059163539,0.8725113072902908,0.888667823082437,0.9973054793020453,0.8175510594365915,0.8491750256551862,0.9178938723744823,0.9637851559795012,0.9220855717829912,0.9897678246180017,0.9939668887798567,0.6101657596467696,0.9126333026427302,0.8363030843630055,0.9250379219402804,0.9280917395652364,0.9684023510200647,0.9414399550230419,0.9282914405114817,0.589258017816392,0.9075611147669862,0.9992660893901819,0.9320797389103181,0.8745574900762871,0.959657136477295,0.8005786868753187,0.843606966956163,0.8567411419143385,0.9128465495451183,0.9934501788951049,0.9280917395652362,0.8955568994617082,0.962818735965119,0.8872955140291616,0.9483551875577276,0.9100752707392668,0.9164953610024063,0.9738810707682245,0.8749693429780028,0.9010728262563201,0.9193554157059868,0.955724889671401,0.9441814383764713,0.9743172559097968,0.9220855717829912,0.9637851559795012,0.8638214503612037,0.9762600943374635,0.9858084434319019,0.9448040023073331,0.8067398777107783,0.9811398520792025,0.9519642373961463,0.9110906193450523,0.8308620205556931,0.9704399437441278,0.8399399046210998,0.9220855717829912,0.7574630226822725,0.9262039440654459,0.9280917395652364,0.6742011572414892,0.9233721476659591,0.9637851559795012,0.934561854210183,0.8214593802623897,0.9312607396704553,0.9865252204972856,0.9280917395652364
p162_L,0.7681782319598947,0.9068126952440339,0.9923252188511815,0.9860020009225581,0.7471714123277673,0.9850406692683006,0.7568583909184141,0.7184335023797932,0.7951076341784311,0.9152641503417578,0.871899210769451,0.8661426937240919,0.7258203869075431,0.8125485340933878,0.9677150675150612,0.918299879249877,0.9853165951415537,0.9375379118224105,0.8298099072732107,0.9605021604012389,0.9154525908462012,0.8992597885323736,0.9506880141013581,0.9326301365954337,0.9852056102861466,0.8540589702876233,0.6857147932695531,0.9641860625543643,0.9605021604012389,0.7817352274470282,0.8402398194588372,0.7383007334765153,0.8782540541553361,0.8513970488424685,0.7832742002999455,0.95941018494016,0.9326301365954337,0.7317661902841759,0.919737437035689,0.7653439416366746,0.8272934304752528,0.9135052288653058,0.8898187755722908,0.9091257749126657,0.9813943157615574,0.9919869926458931,0.8991086132420372,0.8508984486119917,0.9060051895977654,0.9923252188511813,0.9427946840319121,0.9682328883783202,0.8540589702876233,0.5849278135226015,0.9432506800820841,0.8484356419795887,0.956323389301645,0.5305546844946969,0.9437971810265326,0.9873110786538151,0.8870942035498053,0.8178162228346147,0.8818852841325537,0.8064907104924686,0.989737435419342,0.8336661338924642,0.9376160975337482,0.8631769125654993,0.9588645710154422,0.9973897225041901,0.7449028917702362,0.8512300448035055,0.9998909281330145,0.8551543752729023,0.5305546844946969,0.7966880594916566,0.8688077246092827,0.9029852527308231,0.7671465873183081,0.8422078287242856,0.9962433786149398,0.9749571409386522,0.4757884225055681,0.9789831466428033,0.5305546844946969,0.7911689483172898,0.9789319557752636,0.8498345036951185,0.8344028406776705,0.550417503386856,0.5305546844946969,0.8732461925890397,0.9885434338683795,0.8099868446087757,0.6330043984801894,0.6880580281576587,0.8233003655976102,0.7797903006735192,0.9021439586745317,0.8358859855587302,0.956323389301645,0.9760557307924651,0.602760260439055,0.9245682259270865,0.8270788083569673,0.9109895373928902,0.8238738237534872,0.9108848407846717,0.9550755726981773,0.7802887623676393,0.8061535262815899,0.9417955146810999,0.9094611025048214,0.8966643861579997,0.937582172017251,0.9811300705791771,0.9025899955434544,0.9109895373928902,0.967348383883694,0.9380567137255438,0.9296524949745057,0.8991342237089195,0.7162003046354735,0.9436232402977911,0.9931905395122682,0.7742465048446852,0.9326301365954337,0.7753241078283057,0.9713844238365044,0.9924726353842229,0.8736620019579806,0.937582172017251,0.9774791703451948,0.9374297224202958,0.9481052266646686,0.9312080001597581,0.9602461814235529,0.9376160975337482,0.9029316112204655,0.5687829981540424,0.9593508571538566,0.9152641503417578,0.8336661338924642,0.9850903975250795,0.8132228288084359,0.8321593044810478,0.9914925319195862,0.8942713245533169,0.8786176172006355,0.764745169559286,0.9490218194797996,0.9743096495825112,0.9655622372244738,0.8031812366768294,0.9376160975337482,0.9060051895977654,0.877566995636496,0.8340602483605289,0.9280137672274845,0.5541524239716883,0.7370489028291178,0.9469971516571075,0.9461752438924504,0.921480181348305,0.863067171309865,0.8216480269490889,0.8604683067040062,0.8064907104924683,0.9215503362583839,0.9360214345509121,0.8600960853075243,0.8882932693469463,0.8754075788101026,0.6279087340094369,0.7904149382610952,0.8714139014380852,0.9594101849401602,0.8450157918837125,0.9982924189598988,0.6444369929311393,0.8348309150853277,0.8211556146105978,0.956323389301645,0.9233738460510834,0.9210963191031538,0.9212390611509298,0.938056713725544,0.8326092276629771,0.6166940317246867,0.8885760308062551,0.9531644691774961,0.988141902926835,0.9555969530976658,0.8471500214501029,0.9307019265661582,0.5305546844946969,0.9326301365954337,0.6370762171066787,0.8557102184232406,0.8936322138761961,0.8290562417556062,0.9935349994593583,0.5305546844946969,0.7556179368260592,0.7850532520116054,0.9605021604012389,0.5305546844946969,0.9986297928511856,0.8664957973805576,0.8545027092410218,0.9451311832100295,0.862356917909604,0.958454422755221,0.5305546844946969,0.8973053541184908,0.5305546844946969,0.8508863814476204,0.9839807582045723,0.9925321461936174,0.5305546844946969,0.9140698546731394,0.5305546844946969,0.7408073592857845,0.8242724495767535,0.7266226698789056,0.7906502378950839,0.9760557307924651,0.8223743108374264,0.568782998154042,0.8441847483274513,0.8688077246092833,0.9743096495825112,0.9296310066047377,0.9728478558378828,0.9029316112204653,0.8190603298174142,0.8855827323868941,0.9306341541453587,0.9040850593609377,0.8429905361746881,0.8429905361746879,0.9148161375677795,0.8224716015450904,0.8848712502248586,0.5305546844946969,0.9519132041712032,0.5305546844946969,0.6992327331289561,0.804430545737265,0.9774791703451949,0.9519838068629043,0.8223743108374263,0.9326301365954337,0.9798285858871123,0.8956273847626326,0.8087931464763707,0.9340712946921954,0.9124979617708187,0.9375821720172512,0.8590117517791283,0.7267298407698883,0.8999672719401197,0.550417503386856,0.989737435419342,0.9624504119633397,0.919737437035689,0.8879855655844255,0.855589953708886,0.662140483897781,0.7603705705278911,0.7921922196712706,0.9427946840319121,0.928198080034464,0.8641629014494971,0.8213916608183507,0.9109895373928902,0.8606827703892082,0.8635091072918883,0.9461752438924504,0.8506624245270693,0.9109895373928902,0.9033527822540055,0.8564518927420834,0.989737435419342,0.824662837219309,0.9860020009225581,0.5622615639049684,0.8513970488424683,0.7613883344779255,0.8848712502248579,0.9375821720172512,0.9469971516571073,0.9760820392614448,0.9541896299485404,0.7734856119819071,0.9518414047601905,0.7942152876357633,0.8020352311694972,0.9541896299485404,0.9637881401608364,0.9333927619948952,0.9102490929172286,0.7383007334765158,0.8286153958275506,0.9274940273483409,0.9854707104323213,0.8786176172006355,0.9883012589105438,0.8248800341423486,0.9414341350869291,0.9442521424638985,0.6396165017071795,0.9615998421632252,0.927483209090653,0.8188536057485749,0.9152641503417578,0.838004138344743,0.915264150341758,0.8513970488424685,0.8984515905607443,0.9466414925907476,0.9760557307924649,0.5305546844946969,0.9029316112204657,0.9093551041195139,0.9931905395122682,0.9109895373928902,0.8859854105734224,0.9363038471323668,0.5305546844946969,0.9553462017783088,0.9109895373928905,0.9673483838836943,0.9451224403427256,0.8468843067447923,0.9173933468462487,0.9029316112204655,0.9041833715221954,0.9571555800150913,0.8953567556825013,0.8782540541553365,0.9606170065562205,0.937582172017251,0.9971380172369659,0.913841238259913,0.9385789134461193,0.8773445588257189,0.9197374370356892,0.8261438016389187,0.972847855837883,0.8213916608183505,0.9481052266646683,0.5153369266827186,0.8443870070268509,0.9283748764224644,0.7927360071462355,0.8425402241447248,0.9627318437725312,0.5305546844946969,0.9430687032782583,0.9206180783388171,0.927984625700083,0.9206180783388169,0.9605021604012389,0.7700582279392507,0.5305546844946969,0.5305546844946969,0.8786176172006352,0.9452453987605229,0.8866410178144253,0.5305546844946969,0.9605021604012387,0.9640062838948074,0.9104584515535377,0.7810313952077224,0.8781984061693517,0.9276853521886582,0.7288375189538121,0.8688077246092829,0.9175051457738554,0.9994312109240627,0.5305546844946969,0.784412290937859,0.8695195625728143,0.8804529785186677,0.9946650296880095,0.9395875575049129,0.7775301735102373,0.8991086132420372,0.8146400912460166,0.5305546844946969,0.973180759898238,0.9233305189529462,0.7515783186539258,0.8466151826925141,0.9326301365954337,0.9562700433188783,0.9107523671187101,0.5305546844946969,0.9157565501955826,0.868552015982412,0.5305546844946969,0.9838951524471006,0.9703937332525309,0.778935476620187,0.9697953846354517,0.8129963694010416,0.5305546844946969,0.9327044972926113,0.744346009575098,0.8859854105734221,0.624466714809845,0.7301148428090258,0.8462633074936132,0.8046967529941975,0.8750193962361051,0.9375821720172512,0.9274940273483405,0.758144959658746,0.9213841230197595,0.8893312823211612,0.9963230391828544,0.9935513563755813,0.6097536196746607,0.9427946840319119,0.728546322038446,0.5305546844946969,0.9162100923845103,0.9140080940890598,0.74337295265381,0.8794124535395721,0.8722512319713731,0.5687829981540427,0.9304119173787686,0.9698578908306781,0.5346363886777239,0.9651573366535677,0.6388630484112332,0.9343562137455398,0.8724845734645319,0.9023488945942109,0.9162100923845103,0.8391470150713669,0.9605021604012389,0.9343562137455399,0.8920802319381607,0.8258255558899836,0.7962195722367194,0.9152641503417578,0.5735086096314794,0.8220068840377226,0.0,0.6055599122661913,0.8688077246092831,0.8565753455961953,0.8700500341066801,0.8271068874433856,0.8897015904236061,0.940428216879786,0.8235695797379352,0.8897015904236061,0.965157336653568,0.8919315298783141,0.6521497678182115,0.7788263128993114,0.8132966641602509,0.9853165951415536,0.7933517287283114,0.826407551793241,0.913273266585415,0.9749571409386522,0.5218419464298666,0.9598156770329147,0.9029852527308235,0.8527620140822753,0.8886114498000468,0.9370115809981678,0.724578873234202,0.985470710432321,0.9146116794985921,0.9715204726260216,0.7671512005386322,0.923073929731335,0.9109895373928902,0.8972941913032084,0.7893632330015594,0.6788568205613625,0.9641860625543643,0.6857147932695531,0.9148161375677795,0.9376160975337485,0.9109895373928902,0.9953149507172678,0.8523950123883868,0.860557467783293,0.9233738460510836,0.8882932693469461,0.8979549910904557,0.9782084549947732,0.5192693477851063,0.931056692205386,0.5305546844946969,0.9068859994145184,0.5305546844946969,0.5305546844946969,0.8517417178354556,0.6683614018378583,0.9542816599648681,0.5305546844946969,0.9819226488913284,0.8339856553816318,0.7104095009137845,0.7893411251201055,0.8219501824158015,0.9465883984671339,0.988141902926835,0.8242389040161346,0.8886086435976268,0.9757489930454581,0.8352311593245664,0.7617082565661879,0.8725825827815017,0.9917644569829787,0.8631769125654993,0.9177773850880528,0.9757489930454581,0.9785423118698664,0.9782214293531768,0.968836846578246,0.9361251271753211,0.9375821720172512,0.8928114961783873,0.9297118524554644,0.7187210555293695,0.9213841230197592,0.928198080034464,0.7543432823031408,0.8434864805334523,0.902792530490649,0.9245694636198807,0.9375821720172512,0.6135071886981778,0.7323200752873671,0.8867730030109326,0.8836946569645217,0.9214116142107813,0.7781638062879622,0.9350469049121561,0.8521602387539984,0.9017242310949118,0.843381215769387,0.958454422755221,0.7875291489053899,0.8953476735959469,0.7945968818762804,0.9751155868854848,0.8890617069570332,0.9842496457512631,0.9564576371130908,0.9601639163785549,0.8682541654104734,0.986777908696682,0.5305546844946969,0.9427946840319119,0.8220068840377224,0.9279034959226291,0.8257818699927979,0.8992597885323734,0.9785423118698662,0.8164230371172474,0.9307730897578683,0.9027925304906489,0.8341893103438704,0.915264150341758,0.9733221009544724,0.9415845374623162,0.8921359063191912,0.5687829981540427,0.9432506800820841,0.9488619297321973,0.827935806943135,0.9674790649689441,0.7961649914618935,0.9313895437799256,0.8217434769906021,0.8660360236742335,0.6627997231758733,0.8433131763956259,0.8431250883484018,0.8402398194588376,0.915264150341758,0.9553462017783088,0.9929143549340775,0.9505578956931237,0.9519132041712031,0.9086503072783924,0.5153369266827186,0.9547180131582735,0.9770555574135862,0.9197374370356892,0.9282409885018368,0.9854707104323214,0.8872399394319208,0.9641860625543642,0.9135052288653056,0.9984689868383808,0.9436232402977913,0.9550755726981772,0.8035724596321665,0.9029852527308226,0.9935349994593585,0.9427946840319119,0.9197374370356894,0.5305546844946969,0.9242675330397172,0.8540601119833358,0.7613883344779255,0.8016978713865173,0.5305546844946969,0.7892971225923022,0.9746662954144308,0.9384749043847834,0.7118238016013585,0.8165558862615869,0.8137066794579688,0.7468743994599156,0.8357461807335039,0.9519838068629041,0.9307019265661582,0.880913915055903,0.8579914850406082,0.9068859994145184,0.7816808039644461,0.9023795156406169,0.9760557307924651,0.9840221034099073,0.967348383883694,0.8988287569352162,0.6370762171066788,0.9850406692683006,0.8750464770419488,0.7200133687321872,0.9637881401608364,0.8915335292851592,0.791751804906464,0.9109895373928907,0.8918007079504511,0.7657675083136288,0.9975661491517835,0.8129963694010416,0.5153369266827186,0.977479170345195,0.5525584368819952,0.5153369266827186,0.550417503386856,0.6870898845749562,0.5305546844946969,0.8815270484708906,0.8018829658366271,0.5305546844946969,0.852351476784137,0.6212907626659943,0.7866098147175609,0.9375821720172512,0.9483117174169302,0.9326301365954337,0.550417503386856,0.9858464402498863,0.7835097708347543,0.9907042037354447,0.7928047305832933,0.5305546844946969,0.9782084549947732,0.9085235928818935,0.8598295527538451,0.8245740265228074,0.8181682535597993,0.9541896299485402,0.9556866006988332,0.9254867932704707,0.992472635384223,0.5370438535884461,0.9640062838948071,0.7809252845313941,0.6454187765136219,0.9788391940729937,0.9341925591675475,0.9104984955009439,0.9973897225041901,0.9333927619948952,0.937582172017251,0.7579012500029071,0.9437009736675148,0.5305546844946969,0.9279034959226291,0.8623078767723438,0.9605021604012387,0.9972865411726564,0.9148161375677795,0.9726705794236883,0.865610729007982,0.5687829981540427,0.9636358030553098,0.835747425250734,0.5305546844946969,0.5305546844946969,0.6246851868891246,0.6173994425491194,0.8029598539902907,0.9779068043260865,0.8862324725674138,0.9224127889687903,0.9801794739497552,0.8074381007030327,0.9417955146811001,0.8694253402206273,0.5305546844946969,0.9347245437447829,0.9427946840319119,0.919737437035689,0.9724067385936288,0.9109895373928902,0.7694061370103631,0.5305546844946969,0.5305546844946969,0.8746556643795471,0.8193769882721238,0.8145254013724119,0.9297118524554642,0.91089635124494,0.827293430475253,0.8619735183901875,0.9230739297313353,0.7285097020174394,0.9986282746188179,0.5305546844946969,0.8514410681490046,0.8014703091507089,0.9698578908306781,0.9541896299485402,0.7407947425134161,0.9378123943642018,0.6933955248999062,0.8632221916532632,0.6950923210521214,0.8721718731644761,0.5305546844946969,0.8711784066180459,0.99267132167479,0.8064907104924681,0.9279239535391766,0.9172511268601797,0.9068126952440339,0.9920954850816621,0.955162120043633,0.989737435419342,0.8445867697677376,0.9154557095412112,0.9481052266646686,0.9605021604012387,0.9888168159544352,0.5059358112790148,0.8221556948830706,0.9029316112204655,0.550417503386856,0.8639586444084162,0.9023795156406167,0.7339147621196556,0.9438711222834661,0.8898187755722904,0.8044305457372654,0.9850406692683005,0.919737437035689,0.8991334456478846,0.777123552939844,0.8805576800070312,0.8918007079504509,0.9942598295392805,0.9297118524554642,0.9906159803016457,0.9983393575821851,0.9107523671187105,0.9233738460510836,0.8548730528847571,0.9042973512680643,0.8954023823601893,0.9249718671213356,0.7191157049813177,0.9776927105169413,0.9868921235889054,0.5305546844946969,0.8335531838349926,0.9640062838948074,0.873414516076657,0.9152641503417578,0.8852149430495115,0.9173933468462485,0.8973053541184908,0.5305546844946969,0.9749960505051047,0.9935660072555625,0.9674790649689442,0.8213147750313234,0.6628659991311812,0.7591295010996617,0.9427946840319121,0.9170148906754847,0.7486484728869298,0.7117003545249889,0.7809089435097236,0.697665292919458,0.6239356015454391,0.9850406692683006,0.9907042037354445,0.9637881401608364,0.8659700264580341,0.9570569484165847,0.853058065999964,0.8455179540419792,0.9895981405438163,0.9279034959226291,0.5153369266827186,0.927224423962782,0.8604683067040062,0.5898593185197649,0.8339910637120285,0.8148433476428105,0.5305546844946969,0.9529305043279379,0.8136428655444634,0.6866426184783535,0.5305546844946969,0.7409952758384328,0.8782540541553361,0.9109895373928902,0.6390575107562597,0.550417503386856,0.9888910907283663,0.8955042051080182,0.849807612332631,0.9832953261321589,0.8625370763181521,0.9799919051829569,0.9887657237667034,0.5305546844946969,0.9254062818990605,0.5305546844946969,0.9541896299485402,0.852849539411257,0.9061270580745397,0.919737437035689,0.9739556615832576,0.9370992077748139,0.8407338233809281,0.9608208177995512,0.5305546844946969,0.9821725152205192,0.9208832186911124,0.9145465892167359,0.9177773850880531,0.8044305457372642,0.977479170345195,0.7462264971853497,0.8375645041075976,0.7503790091464533,0.911606803277969,0.9829411510645532,0.7503790091464533,0.9356396346765445,0.5788484422307303,0.7942152876357633,0.7503790091464533,0.919737437035689,0.9653642256673396,0.9326301365954339,0.9858718430453366,0.7258203869075426,0.8885760308062554,0.9962609620151458,0.9878282767717947,0.8194852749688191,0.9907042037354445,0.8635091072918886,0.8512300448035053,0.8661426937240924,0.9601639163785549,0.960249048115501,0.8377297172163948,0.8748396740376378,0.9203811774599653,0.8002398092750818,0.8490655757525509,0.8475066588280649,0.8954023823601893,0.8991086132420372,0.8748396740376378,0.9243973365030073,0.8456737070075293,0.994861143209408,0.9604928373392289,0.9029316112204657,0.9483117174169302,0.8691660509242569,0.8953476735959469,0.8430049318978143,0.8966003305601591,0.8919315298783146,0.8739010178987188,0.7460597131433114,0.8375645041075979,0.8918007079504509,0.880169796583101,0.9084082505245639,0.9091257749126654,0.9975941150943759,0.9514626906960617,0.9688368465782459,0.8999773716406343,0.8244806279099235,0.8540589702876233,0.9813943157615574,0.8953476735959469,0.860665769782982,0.8770229868856932,0.8763722509091361,0.7861543276554555,0.8848123136390483,0.6907398102034052,0.8082592358119727,0.7100091368068546,0.9760557307924651,0.8954023823601893,0.9701320087397534,0.8456737070075298,0.9760557307924651,0.8866236210773968,0.8311072515877205,0.7476602356515298,0.9873110786538151,0.9531644691774959,0.9498388304971874,0.9461752438924504,0.9306341541453587,0.937582172017251,0.8549442225201116,0.9749571409386522,0.9068859994145182,0.851692506796756,0.7187210555293695,0.9556866006988329,0.9152641503417578,0.9475405319634216,0.9541896299485404,0.7518649752464175,0.9483117174169302
p163_C,0.7391490898772264,0.9224335544163886,0.8569246572337172,0.994794736900322,0.932833950574053,0.9501760208500687,0.815853915779758,0.7815576407655029,0.8728105285248218,0.9473991727811977,0.9647915833876861,0.9306566646589698,0.9306566646589698,0.8975213827250901,0.8817861584679043,0.7144217721184827,0.9264564493231813,0.909405299893773,0.9447456538980157,0.9473991727811977,0.9341488407711953,0.9185607716438655,0.9565880742927935,0.9350697345319547,0.9556365193397717,0.9094052998937725,0.9264564493231813,0.8895085707332926,0.9473991727811975,0.7673054136962821,0.9008268910150359,0.9397435965156078,0.9244246976009176,0.892674460956127,0.9328339505740533,0.9447456538980155,0.9350697345319545,0.9244246976009174,0.9501760208500689,0.9076492093936457,0.8669631681563252,0.9515107212475631,0.7783550557157384,0.9510020620510796,0.931187321004146,0.7982800595270292,0.9922127245794843,0.8982888703716154,0.9076492093936457,0.8569246572337172,0.9466104231235155,0.8011033653025901,0.9094052998937725,0.35306574750458775,0.8902758572576281,0.9059145492620324,0.9059145492620326,0.24376003609304187,0.854944106105985,0.9285324039439791,0.8757722623764221,0.7997217022760684,0.9094052998937732,0.9262698231600375,0.942198331919694,0.767851176748741,0.9397435965156078,0.7283177726809347,0.7397705661695033,0.9936745866415235,0.8958917053231716,0.9076492093936457,0.9127774219260274,0.8165087157698867,0.24376003609304187,0.8498654909309766,0.9946231749394501,0.9204798499326443,0.8345541328101034,0.9501760208500687,0.902273216247189,0.9540147404500323,0.49988429302066817,0.909405299893773,0.24376003609304187,0.8910854332944247,0.9619687983522076,0.9200918748969285,0.8884231817422692,0.2692511698375556,0.24376003609304187,0.8569246572337172,0.7997217022760683,0.9536242185949373,0.49988429302066817,0.6536226126763647,0.9099895541025242,0.8512715263045254,0.807108152652517,0.7829288289557101,0.9828090781367664,0.9373704232137268,0.9328339505740533,0.9102236564997477,0.7363601750214235,0.9447456538980155,0.8772638514038553,0.9539903383778008,0.9592370337121963,0.773781494943329,0.8359132192646188,0.9111842105263157,0.9682752299720243,0.880270387725502,0.9373704232137268,0.9122971097614767,0.9224335544163886,0.9936745866415235,0.9501760208500687,0.812312718448402,0.786849051311276,0.8484619576906176,0.9166738102381802,0.9008268910150359,0.9490704397550973,0.8759368663891558,0.9350697345319545,0.76323676171752,0.9306566646589698,0.9214489273204716,0.8575333614636653,0.9373704232137265,0.9397435965156076,0.9501760208500687,0.9264564493231813,0.991637752907762,0.8665758316677286,0.9397435965156078,0.9397435965156076,0.292676672778892,0.8085843310136372,0.9473991727811975,0.8133867385242475,0.8303641671418638,0.8512715263045254,0.881786158467905,0.9152829631513328,0.7911753068017786,0.9076492093936457,0.8354028234773458,0.9473991727811975,0.8757722623764215,0.9311424812015243,0.8428691512227091,0.9466104231235156,0.9076492093936457,0.918881380844508,0.9527121293730552,0.9694814522787869,0.7144217721184828,0.8753284037411255,0.9373704232137268,0.9540147404500323,0.7271793601633392,0.8640725290007107,0.9233721476659593,0.9400996476017192,0.8669631681563252,0.9398552184521698,0.7954465711283287,0.8975213827250901,0.9306566646589698,0.9059145492620324,0.762579876506543,0.8309008895017893,0.8914258176161196,0.9447456538980157,0.7363601750214235,0.894276316207222,0.7106030773224509,0.9158227252250266,0.9638206217090726,0.9059145492620326,0.980662425002937,0.6951490767926654,0.927612432611781,0.9102236564997479,0.8698750345772268,0.3530657475045875,0.9917619408419694,0.9254442979415586,0.8728105285248215,0.7875553516455136,0.9211778752558044,0.8755844653429765,0.24376003609304187,0.9350697345319545,0.9285324039439793,0.5938774770827616,0.8752704229081731,0.8852149430495115,0.980662425002937,0.24376003609304187,0.8262054086487349,0.7662746835405352,0.9473991727811977,0.24376003609304187,0.7585745175962961,0.8879432507007243,0.8498654909309762,0.74988059802397,0.8742879430656607,0.9306566646589698,0.24376003609304187,0.5580478996221627,0.24376003609304187,0.7511158505688715,0.9735004742101092,0.8984514953491582,0.24376003609304187,0.7385147958274567,0.24376003609304187,0.8616139412128665,0.8772638514038558,0.8895085707332926,0.8359132192646181,0.9373704232137268,0.8740683559908073,0.2926766727788912,0.9148167155454525,0.9185607716438657,0.9068526714114966,0.9202355688974512,0.8995784429998845,0.9397435965156078,0.6289302643121224,0.883623786778412,0.8713396701567191,0.951776218865749,0.9214489273204716,0.8879432507007241,0.9739085258807387,0.8484619576906176,0.9285324039439793,0.24376003609304187,0.9623366128450228,0.24376003609304187,0.6699475579648018,0.8879432507007241,0.9466104231235155,0.8306046177393214,0.9403025310443712,0.9350697345319547,0.8863888870954333,0.91667381023818,0.8583462338175083,0.9204798499326443,0.8659337499315289,0.9373704232137268,0.9073867469443921,0.8560383604093724,0.7940257311310706,0.2692511698375556,0.998751198529129,0.8425402875730432,0.9501760208500689,0.895086990599488,0.7796408266647481,0.4435916179337217,0.8545462084867694,0.9645635420037073,0.9965665866960463,0.9618977201645535,0.9539903383778008,0.7285265936878096,0.9447456538980155,0.7967010924865674,0.9195505082342443,0.9540147404500321,0.9300726076798653,0.9447456538980155,0.8279556570938473,0.754209905600445,0.942198331919694,0.8655153376703726,0.8975213827250901,0.937370423213727,0.892674460956127,0.7671941876032178,0.9285324039439793,0.9373704232137268,0.9373704232137268,0.7336241514751284,0.9447456538980155,0.755838917376296,0.706872825589801,0.8484619576906178,0.9120206826638078,0.9936745866415236,0.9328339505740533,0.9466889433536754,0.9285324039439793,0.9397435965156078,0.8275364594326442,0.9578401256982522,0.9373704232137268,0.9076492093936459,0.9233721476659593,0.8164878362825244,0.9121790042012339,0.9829246556733111,0.7232350059124985,0.7918228647986338,0.7770134904770472,0.9864465855082984,0.9473991727811975,0.964531040634373,0.9473991727811977,0.892674460956127,0.8879432507007241,0.9121790042012339,0.9373704232137268,0.24376003609304187,0.9397435965156071,0.901671984386154,0.9094052998937732,0.9447456538980155,0.7625493203244222,0.9306566646589698,0.24376003609304187,0.91667381023818,0.9447456538980157,0.9501760208500687,0.8927805322071034,0.9482166110995505,0.9129874603663681,0.9397435965156078,0.8719977578125402,0.7737814949433293,0.785383625443707,0.9244246976009176,0.7897455017444923,0.9373704232137268,0.8926744609561272,0.7511158505688715,0.9224335544163886,0.8817861584679048,0.9501760208500689,0.8667770403987136,0.8926744609561268,0.7506046520389973,0.9264564493231813,0.2692511698375556,0.8913931987630618,0.8757817245775488,0.834221201726153,0.768791755179719,0.7603272065538038,0.24376003609304187,0.8067230037242912,0.9719697553872639,0.9643354540158497,0.9937940417831583,0.9473991727811975,0.7954465711283285,0.24376003609304187,0.24376003609304187,0.9076492093936457,0.8728105285248215,0.9652786001311678,0.24376003609304187,0.9881161094061225,0.9328339505740533,0.9334160095166193,0.864072529000711,0.8326617657042219,0.9328339505740533,0.9355234569898139,0.9185607716438655,0.7781822517981352,0.9253404118859114,0.24376003609304187,0.8428691512227089,0.8895085707332924,0.9254336353990482,0.9826558183040427,0.9917619408419694,0.9177579088064165,0.9373704232137268,0.8412790712895706,0.24376003609304187,0.7319903675768109,0.8129387210769579,0.8382635647135586,0.7752526986508932,0.9881361984083077,0.9147323139114283,0.9244246976009176,0.24376003609304187,0.8626344708228051,0.834591528559832,0.24376003609304187,0.8099754354214271,0.7508719736141238,0.7911753068017782,0.7557478947704017,0.8052722504124434,0.24376003609304187,0.806011998569832,0.8824939460418761,0.942198331919694,0.7393553623089134,0.8164878362825245,0.8772638514038553,0.910385958188578,0.8626344708228051,0.9373704232137268,0.894956093775602,0.8498654909309762,0.9148167155454525,0.8294284377624637,0.9597120899191123,0.8289778574560314,0.41684154449709065,0.9397435965156076,0.9094052998937734,0.24376003609304187,0.9447456538980155,0.8999738211285457,0.7526659329794723,0.9647915833876861,0.9042000439512239,0.2926766727788924,0.6887919350945251,0.9881361984083077,0.2926766727788924,0.9647915833876861,0.9842968264073597,0.8964412710638558,0.8930685729502612,0.9339575365978559,0.9936745866415236,0.8205816817584302,0.9473991727811977,0.9224335544163886,0.9565880742927935,0.9370904321835705,0.9185607716438655,0.9473991727811975,0.8686325153177195,0.8895085707332926,0.6055599122661913,0.0,0.918560771643866,0.8713396701567193,0.9373704232137268,0.8926744609561268,0.896616495658181,0.8635463019349756,0.9950420205336965,0.926269823160037,0.9908966831572722,0.9008268910150359,0.6271983016325332,0.8538019041097618,0.8742879430656607,0.9264564493231813,0.7542099056004452,0.9679753048288038,0.9334160095166195,0.9540147404500321,0.33329882700240854,0.7588064219236696,0.9022732162471889,0.9797381293073797,0.9129874603663686,0.9445283662005389,0.7189400050219037,0.9373704232137268,0.8191038684576517,0.8719708978444717,0.9253216361240026,0.8661568843269696,0.9447456538980155,0.8450574167757187,0.8569246572337172,0.942198331919694,0.9910993015312932,0.9264564493231813,0.9264564493231813,0.9397435965156078,0.9447456538980155,0.9008268910150359,0.769340811309779,0.8848449272091168,0.9306566646589698,0.9306566646589698,0.7789934410057747,0.939957779158985,0.21940617264077844,0.8817125536768826,0.24376003609304187,0.9421983319196943,0.24376003609304187,0.24376003609304187,0.7829288289557101,0.4168415444970912,0.8926744609561268,0.24376003609304187,0.8714283417399775,0.8087141867850516,0.4419432169043285,0.9536062830293296,0.8428691512227089,0.9441625847771988,0.9033840325613387,0.6433433021723272,0.8116920561107115,0.9366007185429918,0.9322776343834581,0.5853979116708923,0.8910854332944247,0.785756122586055,0.8012905754204079,0.9008268910150359,0.8902758572576283,0.9285324039439793,0.7372912924870025,0.9421983319196943,0.8626344708228053,0.9373704232137268,0.8982888703716156,0.9946231749394501,0.9515107212475633,0.9148167155454527,0.9665794747757139,0.9355234569898139,0.8757722623764221,0.9148167155454525,0.7904575636539535,0.9373704232137268,0.3435027743143161,0.9587973377153393,0.8863888870954333,0.810917693466396,0.9285898982475354,0.4920265016800113,0.9085180731352036,0.6939269382163601,0.8186198844949701,0.8540918850742609,0.9306566646589698,0.903357189349929,0.9025045192170258,0.9501760208500687,0.8771981484049269,0.7968646436841651,0.8860018160078058,0.7623657210733217,0.9185607716438655,0.939957779158985,0.9675043319930905,0.24376003609304187,0.9397435965156076,0.8895085707332926,0.9328339505740533,0.8906557158215924,0.9619687983522076,0.9772068366488,0.9025045192170258,0.7997217022760685,0.7927837732231602,0.7639813134603206,0.9881161094061224,0.9043271241487139,0.9647915833876861,0.8234322943673023,0.24400224007407167,0.9244246976009174,0.713083147606465,0.9214489273204716,0.9540147404500321,0.8645621767104699,0.9455498962304438,0.8918752556294606,0.819269100283812,0.7610803789705594,0.8322443404907794,0.816489818151402,0.9008268910150359,0.9473991727811977,0.91667381023818,0.9350697345319547,0.9268443942289719,0.9016719843861534,0.6861599315118914,0.2692511698375556,0.7747208440051719,0.7897455017444923,0.9501760208500687,0.9195613142327936,0.9373704232137268,0.8910854332944247,0.9411735446033733,0.9111842105263157,0.9601713942311842,0.9008268910150359,0.998199742813788,0.6634325646459582,0.9204798499326443,0.9306566646589698,0.9397435965156076,0.9140895174328345,0.24376003609304187,0.9272989769634583,0.9223483564985546,0.834221201726153,0.894276316207222,0.24376003609304187,0.8726912753119818,0.9044578620752599,0.9068526714114971,0.528164588610438,0.8728105285248218,0.9733336278715174,0.8696234264003238,0.9379598856290956,0.9799701406110684,0.9690134894816469,0.8139537907837335,0.9117409594618759,0.9421983319196943,0.8713396701567191,0.9059145492620326,0.9373704232137268,0.9214489273204716,0.9501760208500687,0.9042000439512241,0.9285324039439793,0.9501760208500689,0.9224335544163886,0.9059145492620326,0.9328339505740533,0.6686335993082948,0.8470607380739368,0.9936745866415236,0.9328339505740533,0.918560771643866,0.8424784725189258,0.8498006684528447,0.2692511698375556,0.9397435965156078,0.3143103257558931,0.2692511698375556,0.2692511698375556,0.5187087669192403,0.24376003609304187,0.9264564493231813,0.6211847265551078,0.24376003609304187,0.9129874603663684,0.5259155868688458,0.9447456538980155,0.9373704232137268,0.9421983319196943,0.9350697345319547,0.2692511698375556,0.9300233743354356,0.812312718448402,0.9148167155454525,0.7897455017444921,0.24376003609304187,0.8772638514038553,0.8432603713232423,0.9540147404500323,0.727041067287828,0.8787630926879588,0.9447456538980155,0.9350697345319547,0.9166738102381802,0.9214489273204716,0.7002571784956738,0.932833950574053,0.5424602467635697,0.8559406827774342,0.9376689775178677,0.839875205865342,0.9204798499326445,0.9936745866415239,0.9466889433536756,0.9922127245794843,0.9033074014531917,0.7911753068017786,0.24376003609304187,0.932833950574053,0.8442645110768852,0.9473991727811977,0.8087141867850514,0.9264564493231813,0.6807145489719798,0.7906189576364944,0.2926766727788924,0.8999407592615085,0.7372912924870021,0.24376003609304187,0.24376003609304187,0.5830251746835925,0.8552464628178513,0.9320042986155879,0.9888055423587137,0.7954465711283287,0.8007757125543047,0.7883124876833469,0.7574805791473855,0.9111842105263159,0.7751261733591144,0.24376003609304187,0.8328580194571723,0.9397435965156076,0.9501760208500689,0.8457259469302123,0.9447456538980155,0.8227238246031403,0.24376003609304187,0.24376003609304187,0.9439105339405489,0.9328339505740533,0.7338127093216247,0.961968798352208,0.8597178833007999,0.896616495658181,0.5275242310999435,0.9559231506618933,0.7810954165709028,0.8025114781888845,0.24376003609304187,0.8879432507007241,0.7813778311244799,0.9350697345319545,0.9447456538980155,0.6831323628382898,0.8062904623320433,0.602937705932113,0.8910854332944247,0.9350697345319545,0.9364924822911953,0.24376003609304187,0.793667190730335,0.8910854332944247,0.8966164956581812,0.883316006272592,0.9975757535687351,0.9224335544163886,0.8742879430656607,0.806723003724291,0.9987511985291293,0.8769338122971204,0.8178799236490133,0.8837352444465886,0.9473991727811977,0.9334160095166193,0.4559524623250393,0.7751261733591142,0.9397435965156076,0.2692511698375556,0.8359132192646179,0.9443618136993994,0.9884602805599663,0.8958917053231716,0.9501760208500687,0.9884602805599663,0.9501760208500689,0.9501760208500687,0.9466664444666739,0.5452505813237563,0.891668947296401,0.932833950574053,0.9881161094061225,0.918560771643866,0.9512151482311081,0.801227347421116,0.9707495588862811,0.9306566646589698,0.9059145492620324,0.653151038976935,0.9350697345319545,0.7600148520332823,0.492662915773177,0.8699234236373337,0.8849346366434543,0.24376003609304187,0.8569246572337172,0.9842968264073595,0.7026286591499725,0.9473991727811977,0.9515107212475633,0.9129874603663677,0.9958847160590026,0.24376003609304187,0.8791945461131484,0.8102337120326548,0.9129874603663679,0.76559075445114,0.793667190730335,0.7751261733591142,0.9397435965156076,0.8492726478104707,0.5894636983092667,0.76559075445114,0.6826509421229376,0.9148167155454525,0.7836403717492807,0.9501760208500687,0.9148167155454525,0.9328339505740533,0.9832783620912895,0.8581123868461765,0.8102041942761284,0.6433433021723272,0.7495595307284755,0.932833950574053,0.2692511698375556,0.9086081532995891,0.8164898181514022,0.672813905599658,0.9475100814481672,0.9165330677932779,0.24376003609304187,0.992114283667658,0.8192691002838117,0.8975213827250901,0.24376003609304187,0.7883124876833469,0.9244246976009176,0.9447456538980155,0.4168415444970912,0.2692511698375556,0.9422479374989198,0.9490704397550972,0.8728164014041736,0.9443618136993994,0.9103859581885778,0.9148167155454527,0.7526659329794723,0.24376003609304187,0.9420850922811461,0.24376003609304187,0.9447456538980155,0.9412654561733835,0.874233521593812,0.9501760208500689,0.8733912853721101,0.8052722504124434,0.9051106770251176,0.8975213827250901,0.24376003609304187,0.9683216963490744,0.8313475190712678,0.9223660816349408,0.9886468494764689,0.5759659233833181,0.9397435965156078,0.5096997249396567,0.8991661559057054,0.5686741983440355,0.8583462338175081,0.9282559515301767,0.5686741983440355,0.8975213827250901,0.9397435965156078,0.8484619576906178,0.5686741983440355,0.9501760208500689,0.9490704397550973,0.9350697345319547,0.9602996741008647,0.9306566646589698,0.8991661559057054,0.9540147404500321,0.8569246572337172,0.8879432507007243,0.9148167155454525,0.9195505082342446,0.9076492093936459,0.9306566646589698,0.9185607716438657,0.7328833243714382,0.8975213827250901,0.8698750345772266,0.895086990599488,0.5639872546953215,0.8787630926879593,0.9857286773137051,0.9350697345319547,0.9373704232137268,0.9300726076798649,0.888423181742269,0.9042000439512241,0.9821448110590097,0.8982888703716154,0.9397435965156076,0.9421983319196943,0.6489866941107918,0.9025045192170256,0.9241108655377124,0.9253216361240026,0.9008268910150359,0.5678902311036274,0.91667381023818,0.8991661559057054,0.932833950574053,0.8072219011775714,0.8386920621222611,0.9176755293570775,0.868416302574814,0.816414217356275,0.9987511985291291,0.9619234929707896,0.6415978492932332,0.9094052998937725,0.9264564493231813,0.9025045192170256,0.9855764781637495,0.7588487405779845,0.8815137707013365,0.9204798499326443,0.5924005208986952,0.9306566646589698,0.8726912753119818,0.6449883975044625,0.9922127245794845,0.9350697345319545,0.8498654909309766,0.9042000439512237,0.9373704232137268,0.8655153376703726,0.8192691002838117,0.6377520865790984,0.9285324039439793,0.9285324039439793,0.9164528255360207,0.9229034192989758,0.8713396701567191,0.9373704232137268,0.8137063353191496,0.9129874603663681,0.9987511985291291,0.8583462338175083,0.9515107212475633,0.9881361984083077,0.9881161094061225,0.8757817245775488,0.9936745866415239,0.7876403454080704,0.9421983319196943
p163_S,0.894435745874163,0.9288758056186721,0.6135071886981778,0.9060327047326973,0.9384124008873462,0.9543141322095121,0.889730382275965,0.8482701011757768,0.8833742009912298,0.9517679141853164,0.9775200810036838,0.9364159486136481,0.9364159486136481,0.9060327047326973,0.8916043634534068,0.9198626585436265,0.9325645805415599,0.39993250813778713,0.9493347822888891,0.9517679141853164,0.6308507756192588,0.9253246753246755,0.9218915803605507,0.9404624926714933,0.9235944347702933,0.9169296077473637,0.9325645805415599,0.8986853937484476,0.9517679141853164,0.7988440706334989,0.9090636753073358,0.9447481688519048,0.27146264683413723,0.9015883421806556,0.9384124008873462,0.9493347822888891,0.9404624926714933,0.930701575174463,0.9543141322095119,0.9153193686659862,0.5793600673713917,0.9946231749394502,0.9543141322095119,0.9650877366625874,0.9325645805415599,0.7498471757354801,0.9425720985427193,0.9436554450509949,0.9153193686659862,0.8688077246092833,0.9447481688519046,0.7192041800990034,0.9169296077473637,0.9288758056186721,0.9695689525766124,0.9964991389010722,0.9137287800621368,0.938412400887346,0.8366734136601636,0.934468117552512,0.8860899491808247,0.8943032887570518,0.9596257255045417,0.5474408060921463,0.9469990271543747,0.860654892116073,0.9447481688519046,0.9038902485724094,0.8275223337468697,0.9493347822888891,0.9045383795584439,0.9573422906623259,0.9507968637523911,0.8390335330415137,0.938412400887346,0.605407561935347,0.9720496894409938,0.9270843653068206,0.8102313844067468,0.9543141322095121,0.9775200810036838,0.9643765980294188,0.910601968746465,0.3572363903806096,0.938412400887346,0.9001312905981322,0.981225296442688,0.7871401483953795,0.9331001879958329,0.9364159486136474,0.938412400887346,0.8688077246092831,0.7342995623956456,0.8240592260016002,0.9910116109880953,0.8793449357816127,0.8662102272482621,0.6011140043196666,0.9034340496577511,0.8288905501894788,0.9137287800621365,0.9425720985427191,0.9384124008873465,0.9332937322141002,0.8707041703100615,0.9493347822888889,0.8874576548572419,0.8498353679963286,0.9235944347702936,0.8419119437314362,0.8495413835116434,0.9185607716438657,0.8622415158560888,0.8902144844650239,0.9425720985427193,0.8323850789155589,0.9288758056186721,0.9493347822888889,0.9543141322095117,0.9069455524561854,0.9650877366625874,0.8610478913106778,0.9235944347702933,0.9090636753073358,0.9169296077473639,0.748183700117907,0.9404624926714933,0.9115644070854613,0.9364159486136481,0.9945519661064195,0.9289830069398284,0.9425720985427191,0.9447481688519046,0.9543141322095121,0.9325645805415599,0.6782633314720932,0.8533649275956028,0.9447481688519048,0.9447481688519046,0.934468117552512,0.8047636386645167,0.9517679141853161,0.698209001203569,0.8444532057713665,0.8636241122876704,0.9956013364879646,0.8701112326985445,0.8085191611024443,0.958611865344995,0.7784956060718446,0.9517679141853161,0.8860899491808245,0.8253412912328231,0.5681067999827114,0.9447481688519046,0.9153193686659855,0.9348168910624288,0.4973493365748608,0.826621851461925,0.8610478913106778,0.7660430807260576,0.9425720985427191,0.9202142532643911,0.8800276452998836,0.5582051113673951,0.8986853937484474,0.9115644070854612,0.5793600673713917,0.910601968746465,0.8124356772187877,0.9060327047326975,0.9364159486136476,0.9137287800621368,0.8085191611024445,0.8748263867309192,0.9372344714402794,0.9493347822888889,0.8707041703100611,0.9030571559620832,0.6349774276811928,0.9279986649762024,0.864915842106134,0.9137287800621365,0.902103327533033,0.9084801312614039,0.900851805067644,0.8279010131824407,0.9778787924688122,0.9288758056186721,0.9075408719115732,0.9344681175525125,0.9821034579526184,0.7025261284755542,0.7927444267338897,0.9530007332467467,0.938412400887346,0.9404624926714933,0.9344681175525127,0.9436554450509946,0.7502495014289986,0.8688077246092836,0.9559302354841398,0.938412400887346,0.6133124343556273,0.8165644249113491,0.9517679141853164,0.938412400887346,0.8476498264709564,0.8972500807670705,0.8623348546394318,0.8266218514619268,0.9179069363733621,0.9364159486136481,0.938412400887346,0.9038902485724092,0.938412400887346,0.7717868275465865,0.7434315454265499,0.7502495014289987,0.938412400887346,0.8317311854817001,0.938412400887346,0.8147291847956495,0.921199970294065,0.8986853937484476,0.6442855859758625,0.9425720985427191,0.8413982421241406,0.9344681175525118,0.9218915803605507,0.9253246753246758,0.9530007332467467,0.7749787983891115,0.9388586611030842,0.9447481688519048,0.8780124908814335,0.9885703464886242,0.5955723806092473,0.9068304302001382,0.9693820495180769,0.8972500807670705,0.9325645805415601,0.861047891310678,0.9083503383161956,0.938412400887346,0.947325768596424,0.938412400887346,0.8894139617042875,0.8972500807670709,0.9447481688519046,0.9655033215314223,0.8413982421241405,0.9404624926714933,0.8958248142311336,0.9235944347702931,0.8701112326985445,0.9747821421515686,0.9115644070854612,0.9425720985427191,0.8997253355509454,0.6580976262124212,0.8873397057226615,0.9364159486136474,0.9469990271543745,0.7880233700953357,0.9543141322095119,0.8973569801802848,0.8725034033256205,0.9185607716438657,0.6614195379437765,0.904258640805859,0.9447481688519046,0.8933175153812563,0.825938977038052,0.7783596077126398,0.9493347822888889,0.8419119437314362,0.8958248142311336,0.9643765980294188,0.8806825133605407,0.9493347822888889,0.7140445126053641,0.7746239070316192,0.9469990271543747,0.5528870550367753,0.9060327047326973,0.9425720985427191,0.9388586611030845,0.838191907073581,0.934468117552512,0.9983948723195168,0.9425720985427191,0.8138309153573864,0.9493347822888891,0.827484759749104,0.9545755778471186,0.6096192035927841,0.8111328445391479,0.9493347822888891,0.9384124008873462,0.915319368665986,0.9344681175525127,0.9447481688519046,0.8800276452998839,0.8766849093977234,0.9425720985427191,0.4123138793925838,0.9919609062430833,0.8119829096373627,0.8902144844650239,0.9939911073487694,0.8045770730392645,0.8673930754911514,0.8001543701443633,0.8457245959495676,0.9517679141853161,0.9491937056321555,0.9517679141853161,0.9015883421806548,0.8972500807670709,0.9245613707051723,0.9425720985427191,0.938412400887346,0.9447481688519046,0.882025504197234,0.9169296077473639,0.9493347822888889,0.9469990271543747,0.9364159486136479,0.938412400887346,0.9235944347702933,0.8518092446394382,0.9543141322095119,0.9609356788097785,0.6759074364001476,0.9202142532643911,0.8717566193418789,0.7979426727616281,0.7633523910171204,0.9847742533056744,0.9307015751744636,0.8901162417657438,0.9425720985427191,0.9015883421806556,0.7935283637969432,0.9288758056186721,0.9956013364879646,0.9543141322095121,0.8346841262686235,0.9015883421806545,0.8496550108682435,0.9325645805415603,0.9364159486136474,0.9809768509989654,0.9198626585436265,0.8141422982910733,0.8397070951042795,0.7818501516161404,0.938412400887346,0.8227755500574696,0.9893117100305695,0.9030571559620832,0.9001312905981322,0.9517679141853161,0.9397609250460666,0.938412400887346,0.938412400887346,0.9586118653449951,0.9821034579526184,0.829178883741835,0.938412400887346,0.9517679141853161,0.9384124008873465,0.9060327047326973,0.5582051113673951,0.8642044212662674,0.9384124008873465,0.9075408719115732,0.9253246753246755,0.7568855549684026,0.7991974998107616,0.938412400887346,0.6257041606618907,0.8986853937484476,0.8004879592484926,0.8037545953914225,0.9858118985030546,0.8419109587864413,0.9983948723195168,0.8721515070297083,0.938412400887346,0.8156151585878011,0.9976781567382802,0.829178883741835,0.7612148401762744,0.9404624926714933,0.759059372318799,0.9307015751744634,0.938412400887346,0.8740433118343507,0.7631344888106676,0.938412400887346,0.9858118985030548,0.7989664340827638,0.7364178799220324,0.7877486195633623,0.832096626101648,0.938412400887346,0.8634970676323073,0.8253412912328226,0.9469990271543747,0.8202029466900853,0.8002684491786298,0.8874576548572419,0.8888323772351057,0.9052964331108349,0.9425720985427193,0.9717562486586402,0.8623348546394316,0.921891580360551,0.8993383238428327,0.9027412033397852,0.6614195379437767,0.9218915803605507,0.9447481688519046,0.9169296077473639,0.938412400887346,0.9493347822888891,0.600937331395343,0.797384688988817,0.9298223041589357,0.9937166764217951,0.934468117552512,0.7899186270311527,0.9404624926714933,0.934468117552512,0.9775200810036838,0.950796863752391,0.9288758056186721,0.6333261644223782,0.8833742009912298,0.9493347822888891,0.8903240383514797,0.9517679141853161,0.9288758056186721,0.921891580360551,0.902403959136644,0.9253246753246755,0.9517679141853161,0.7402499446026921,0.8986853937484474,0.8688077246092831,0.918560771643866,0.0,0.8820255041972338,0.9425720985427191,0.9015883421806552,0.8780124908814335,0.6689423583252051,0.9202142532643911,0.9304719414430941,0.9298223041589361,0.9090636753073358,0.8058941123210299,0.824251358128935,0.8847289094375663,0.9325645805415599,0.7988288021557386,0.8675074564961305,0.9833076730146284,0.9202142532643913,0.9218915803605507,0.7838300225742209,0.9270843653068208,0.6622942303048587,0.9472987124405254,0.8972500807670711,0.868982328583106,0.9425720985427191,0.7291934306030048,0.7025261284755542,0.9001312905981322,0.9737702747191701,0.9493347822888891,0.8200851396195277,0.8688077246092836,0.9469990271543747,0.8986853937484476,0.9325645805415599,0.9325645805415603,0.9447481688519046,0.9493347822888889,0.9090636753073358,0.7696616986214528,0.5048223933977978,0.9364159486136476,0.9902428565647541,0.8591705443298998,0.9886846011677113,0.9325645805415603,0.9344582751103174,0.938412400887346,0.9469990271543747,0.938412400887346,0.938412400887346,0.8532192563266277,0.9218915803605507,0.9015883421806545,0.938412400887346,0.8412191247380187,0.8784265346319147,0.969382049518077,0.8733889353630642,0.6257041606618907,0.7548649413023873,0.88337420099123,0.882025504197234,0.8813924070586785,0.9307015751744632,0.8919047203852769,0.9469990271543745,0.900131290598132,0.7308293389422373,0.8253412912328226,0.909063675307336,0.9695689525766122,0.9344681175525122,0.8805626529774471,0.9469990271543745,0.8740433118343507,0.9425720985427193,0.9436554450509944,0.9253246753246755,0.9185607716438655,0.8982552933740051,0.8163293560597356,0.9075408719115732,0.9530007332467467,0.921891580360551,0.9407634795537994,0.9425720985427191,0.9253246753246758,0.9404624926714933,0.8958248142311336,0.9054156736579471,0.6907839227613097,0.9447481688519048,0.6218213931659229,0.9325645805415606,0.7324513803250803,0.622352917266666,0.9364159486136479,0.8480147570093772,0.910601968746465,0.9543141322095121,0.8029192524832638,0.8137359723057829,0.9799759007960187,0.8065973795338627,0.9253246753246755,0.9549422857308882,0.8571990620055041,0.938412400887346,0.9447481688519046,0.898685393748448,0.8954014960722599,0.6892694848957333,0.9253246753246753,0.9344681175525125,0.9106019687464653,0.858098612011414,0.921891580360551,0.8351514675648024,0.631758510040935,0.916330298946637,0.9747821421515683,0.8922829762545639,0.934468117552512,0.9307015751744632,0.8088195217746128,0.9693820495180776,0.9202142532643911,0.7667404971856799,0.8546415990260074,0.7954299799017621,0.9146706085595144,0.9015883421806545,0.8695434788338985,0.7158805587636534,0.9090636753073358,0.9517679141853164,0.9235944347702933,0.9452945222517781,0.74343154542655,0.9473257685964238,0.8701112326985445,0.9364159486136474,0.6979831875995257,0.7387784166248055,0.9543141322095121,0.9103992507047163,0.9425720985427191,0.9001312905981322,0.935136627084604,0.3869108010226566,0.9778787924688122,0.9090636753073358,0.9235944347702933,0.5845775014570809,0.26205342833246426,0.9364159486136479,0.9447481688519046,0.9543141322095121,0.938412400887346,0.9015883421806548,0.6773198616110612,0.8862911246385965,0.9030571559620832,0.938412400887346,0.9166703059283967,0.7717316856502955,0.8860899491808245,0.9060327047326973,0.5242502572404383,0.8688077246092831,0.8559195932254955,0.8593935887092912,0.9529366743750116,0.94663309065437,0.8189138111500285,0.6179752610357698,0.9469990271543747,0.8820255041972338,0.9137287800621365,0.9425720985427191,0.9693820495180776,0.9543141322095117,0.9121566723282286,0.9344681175525127,0.9543141322095119,0.9776172307537023,0.9137287800621365,0.9384124008873462,0.6605740534261122,0.6137519150216126,0.9493347822888891,0.9507968637523913,0.9253246753246755,0.8380541321286045,0.8800276452998839,0.9364159486136474,0.9447481688519046,0.9325645805415603,0.9364159486136474,0.9364159486136474,0.986600701052057,0.938412400887346,0.9836426671336507,0.9211999702940652,0.938412400887346,0.9202142532643911,0.8675074564961305,0.9180945689966622,0.9425720985427193,0.9469990271543747,0.8881730297134133,0.9364159486136474,0.76962740516132,0.8279010131824405,0.9218915803605507,0.8828770205228484,0.938412400887346,0.8874576548572422,0.9425720985427191,0.9472987124405253,0.8212740235897154,0.8888323772351052,0.9493347822888889,0.9404624926714933,0.9235944347702933,0.8972500807670709,0.9235944347702933,0.9507968637523911,0.9945519661064196,0.9045383795584441,0.9487210184868773,0.8045770730392647,0.9270843653068208,0.9493347822888891,0.9153193686659862,0.9425720985427193,0.9549422857308889,0.9096442630970052,0.938412400887346,0.9384124008873462,0.6507367138089302,0.9517679141853164,0.6956121393243636,0.9325645805415601,0.9270843653068206,0.7871322076693468,0.934468117552512,0.7466480367609034,0.8102081627638005,0.938412400887346,0.938412400887346,0.9672160906068992,0.8447836689107453,0.8820255041972336,0.8029192524832638,0.8633657763496991,0.763514329489362,0.7411161192530754,0.781167988397534,0.9185607716438655,0.7732081684608065,0.938412400887346,0.959878791044932,0.9447481688519046,0.9543141322095119,0.759059372318799,0.9493347822888889,0.9190630986802053,0.938412400887346,0.938412400887346,0.8447179603070161,0.9384124008873462,0.854545318141948,0.9253246753246755,0.7268798227606188,0.5793600673713917,0.9937166764217946,0.8780124908814335,0.8988858889968119,0.7166387014766891,0.938412400887346,0.8972500807670711,0.8274310299056007,0.9404624926714933,0.9843798933538864,0.8919047203852768,0.7269784187937698,0.8916043634534072,0.9001312905981322,0.9404624926714933,0.6950136311407535,0.938412400887346,0.8636204737721362,0.9738359568456643,0.8780124908814335,0.9012302032764079,0.6773198616110614,0.9248999189762374,0.8847289094375665,0.8227755500574698,0.9469990271543747,0.6679172057840774,0.8330058363036992,0.9142011596821674,0.9517679141853164,0.9833076730146284,0.9169296077473639,0.8457377300448383,0.9447481688519046,0.9364159486136474,0.8495413835116421,0.9137287800621365,0.8972500807670714,0.9809768509989655,0.9543141322095121,0.8972500807670709,0.9543141322095121,0.8265261252013363,0.8820255041972336,0.9030571559620832,0.9365495543873186,0.9938077685674775,0.9788198231857259,0.9253246753246755,0.9720496894409938,0.8214113062545318,0.27146264683413934,0.9364159486136481,0.9137287800621365,0.9331001879958329,0.9404624926714933,0.8529201164520531,0.9893117100305695,0.8227249161696064,0.8581276233261363,0.938412400887346,0.8688077246092831,0.9938077685674775,0.8403844230888082,0.9517679141853164,0.9512151482311083,0.9202142532643915,0.8777072627925475,0.938412400887346,0.8351514675648024,0.8029192524832637,0.9202142532643913,0.8366734136601639,0.8636204737721362,0.8457377300448383,0.9447481688519046,0.8576849567495959,0.8888308259151552,0.7548649413023878,0.7604897107133479,0.9218915803605512,0.8098273729111392,0.9543141322095121,0.921891580360551,0.9384124008873462,0.9400658022383346,0.9153193686659862,0.8799089699616289,0.882025504197234,0.7471843962519458,0.9384124008873462,0.9364159486136474,0.8843629875983647,0.6892694848957334,0.8740433118343507,0.8480147570093772,0.8191563187516386,0.938412400887346,0.767363124486838,0.6833745256890513,0.9060327047326973,0.938412400887346,0.8058941123210297,0.9695689525766126,0.9493347822888889,0.9218915803605507,0.9364159486136474,0.7267356314200388,0.916929607747364,0.9382989277549894,0.9137287800621365,0.8888323772351052,0.9218915803605507,0.7916144620350022,0.938412400887346,0.9121566723282284,0.938412400887346,0.9493347822888889,0.8476498264709564,0.9182613867295792,0.9543141322095119,0.910601968746465,0.7844552203124657,0.951084963309158,0.9060327047326973,0.938412400887346,0.920635574202077,0.7830070991781037,0.9737296402744551,0.9090636753073358,0.48962818484937787,0.9447481688519046,0.41676149064045875,0.9466763852073139,0.898685393748448,0.8701112326985447,0.7714216628559389,0.898685393748448,0.9446701888736628,0.9447481688519046,0.6096192035927841,0.898685393748448,0.9543141322095119,0.9169296077473639,0.9404624926714933,0.8610478913106778,0.9364159486136479,0.907540871911573,0.964376598029419,0.8688077246092836,0.8972500807670709,0.9881818565067271,0.8958248142311336,0.9153193686659864,0.9902428565647543,0.9345002823263698,0.7959359835830573,0.9060327047326975,0.5685385716925857,0.8227962496162924,0.9279986649762024,0.5324995253568836,0.9153193686659862,0.9404624926714933,0.9425720985427193,0.9454800327660551,0.9022591883114608,0.9121566723282291,0.9937166764217946,0.9436554450509946,0.9447481688519046,0.9469990271543747,0.9306136377073448,0.9106019687464653,0.8380970570148376,0.9001312905981322,0.909063675307336,0.8993383238428325,0.984774253305674,0.9075408719115723,0.9384124008873462,0.8519411054454569,0.6654220048633481,0.894409087337305,0.8793449357816128,0.6934723372453961,0.9258754510202484,0.9015883421806548,0.9339035552637263,0.9169296077473637,0.9325645805415599,0.9910116109880953,0.8780124908814333,0.9273614004407347,0.8149839072913256,0.9270843653068206,0.9381442798450035,0.9364159486136481,0.8875752334202736,0.9065503917245794,0.9425720985427191,0.9404624926714933,0.8623348546394323,0.9121566723282295,0.9425720985427191,0.8766849093977234,0.8342796354092279,0.9357781812640626,0.9344681175525125,0.9344681175525122,0.8214113062545321,0.9643765980294188,0.5955723806092472,0.9425720985427191,0.8556126329150249,0.9202142532643911,0.9469990271543747,0.8701112326985447,0.9619687983522078,0.9404624926714933,0.9517679141853164,0.8610478913106772,0.9493347822888891,0.8775479624637763,0.9469990271543747
p163_T,0.7737661165130456,0.9420685862468299,0.5476112536801548,0.9864598200285577,0.9027019168030599,0.9788715516976696,0.8078346281187083,0.8763802490823562,0.8157507865486253,0.9238013891436974,0.7152360217515681,0.8995478568587885,0.8995478568587885,0.8515474244094852,0.9014232379430824,0.6646965104394633,0.9994608468667848,0.86876270461826,0.9199574485923749,0.9723047356695362,0.737528901207807,0.7588230416072202,0.8406264652017016,0.9857705189045636,0.8005610041430156,0.8687627046182596,0.9291552782955315,0.8908821080541922,0.9238013891436974,0.702421635343287,0.9948930575999828,0.9554518077232719,0.9602082688150362,0.8445260765476383,0.9801193820390868,0.987405892261038,0.5751655771252306,0.9602082688150357,0.9278239868212359,0.9249476804218122,0.7243298006755159,0.8713396701567193,0.9278239868212361,0.8331840572920646,0.9291552782955315,0.7377732939515473,0.6369695431207094,0.8318544149375382,0.8401367850119443,0.7927381955186612,0.9127113681766139,0.6228400541159389,0.8985975567963886,0.887635694816231,0.9253641867456623,0.4711615480049527,0.8926247385590762,0.9027019168030597,0.6667461009751012,0.5543590692518958,0.820041213470607,0.7111544401261738,0.8687627046182604,0.7912426601057796,0.9162673470024436,0.869206946344764,0.9981922472699298,0.7606603920802668,0.6603591797410835,0.9662757781656686,0.8758528920717612,0.3409412740586807,0.9027019168030599,0.6851941396038526,0.9027019168030597,0.411646663505714,0.5629222484096486,0.8818853796020464,0.9009207691988452,0.9278239868212363,0.9181353909773775,0.8483134108505918,0.8587660956447003,0.8985975567963898,0.9027019168030597,0.8422241792803133,0.9473257685964236,0.8374243451983652,0.8583244696882327,0.8995478568587887,0.9027019168030597,0.8352962955703507,0.9601177773826046,0.8497247121073035,0.8587660956447003,0.8318544149375384,0.8306790275946985,0.28038598290961403,0.6890476598782604,0.7378062904191289,0.9049436253476607,0.9505241704836671,0.9027019168030599,0.8569920426745785,0.8823438442399556,0.6168592556746881,0.9420161838039322,0.6451521420310438,0.8792920141466947,0.775731685290824,0.9981003045437435,0.9320042986155881,0.6976080579601667,0.9094356406923483,0.5957189144811472,0.6181526666715871,0.9761277300342176,0.9199574485923747,0.7148430590437304,0.783346560177941,0.8331840572920646,0.821577072950012,0.8792920141466947,0.8840472914094453,0.8925584779567075,0.981326667658579,0.5352506767643028,0.8457339205439893,0.9876139325764797,0.8880761517488762,0.7756636039621652,0.5132176572020215,0.9981922472699296,0.9278239868212363,0.8934633408766897,0.9760234388920206,0.8480491423873207,0.8735864340900965,0.6171437968101473,0.8964706102804101,0.5690326158250927,0.6396684921237505,0.7664557578323841,0.6857099092857804,0.8261074040530079,0.8529764551059036,0.8162105150575751,0.7328240664058854,0.8662187967802519,0.803481342787245,0.9238013891436974,0.8200412134706068,0.961915706730555,0.7849012310419584,0.9554518077232719,0.8662187967802524,0.8423182643483393,0.8853068944247944,0.9646802309813052,0.801028016285591,0.7312184450707053,0.9257239435976461,0.9717510531577929,0.671395631540554,0.5152387869666847,0.890882108054192,0.9573043625686206,0.8135469465825349,0.6355418357562148,0.7570626016884328,0.9324622348412386,0.4986483534626418,0.9627812356600217,0.7328240664058852,0.8617107428474449,0.9163567247160314,0.9662757781656683,0.9638025752896262,0.8995428034409865,0.8031747405871112,0.9489486786507063,0.9626216232922278,0.8760248201914801,0.9371605937136991,0.9333140750953339,0.9344540787512918,0.728112448305462,0.8341377178323204,0.887635694816231,0.9819891156751775,0.8964706102804105,0.9767256838211875,0.5040606472080175,0.5973077259570769,0.8901742884406569,0.9027019168030597,0.9059407181827082,0.8964706102804108,0.831854414937538,0.6001294479831774,0.8352962955703505,0.9747733305686097,0.9027019168030597,0.355089599719288,0.6638867183188188,0.9238013891436974,0.9027019168030597,0.8718201154833859,0.8376723506997308,0.8238373352162471,0.7995034775956038,0.6256959606426884,0.8995478568587885,0.9027019168030597,0.7789563297757477,0.9027019168030598,0.8419584936249382,0.6419643977182625,0.6873097619850006,0.9027019168030597,0.6893892376867163,0.9027019168030597,0.8479730661848235,0.8948598124012335,0.8399399046211,0.3141505748084268,0.9092735418441045,0.6281368069252218,0.8964706102804099,0.7777882996052308,0.9146756363968289,0.9369296717540234,0.7021326663166332,0.7127351748357413,0.8308459945434383,0.8518887562661412,0.9175770289712906,0.9810449407223601,0.7571211463821023,0.8851067435299687,0.8376723506997306,0.8934633408766897,0.8010280162855912,0.8964706102804108,0.9027019168030597,0.8592500689274885,0.9027019168030597,0.6854589911913251,0.8376723506997308,0.9554518077232719,0.9182141149920251,0.6447432177330675,0.9059407181827079,0.8354206684781544,0.3843699279196384,0.8590365055651024,0.9818749943123346,0.7527585521901305,0.9092735418441047,0.9087526077822465,0.6857099092857802,0.7371223671129732,0.8995478568587887,0.9162673470024436,0.9826043620267384,0.9278239868212359,0.9892440129652454,0.9197760771895612,0.9466664444666738,0.9445708777308239,0.7994140532752108,0.9554518077232719,0.7815607311926092,0.8956240804467204,0.774032403992337,0.6168592556746881,0.6895347366508602,0.9102500073981143,0.9665301256886061,0.834137717832321,0.6168592556746881,0.9224327167161422,0.7454257708008434,0.9606832254354423,0.5747740553036433,0.8515474244094852,0.9092735418441045,0.5304309842288976,0.6976080579601667,0.48113635985620373,0.5544682858415846,0.9257239435976459,0.5671247290641312,0.9199574485923752,0.9514371999253285,0.7585235381203532,0.25371537715104353,0.7548727743927783,0.9199574485923749,0.9027019168030599,0.8955832386010321,0.8964706102804108,0.9127113681766141,0.6713956315405545,0.8051828270994665,0.8844733149580837,0.9249476804218122,0.8654110063376463,0.6256560091939384,0.8505579307181195,0.8193261257801434,0.7088111395715753,0.7480861769034726,0.7198641028026,0.8532351339580108,0.8821852247529473,0.8157507865486255,0.9723047356695362,0.8950393654425844,0.8376723506997306,0.6214279263849098,0.9505241704836671,0.9027019168030597,0.9127113681766135,0.8364350703060379,0.8687627046182604,0.6168592556746881,0.9162673470024436,0.8995478568587887,0.9027019168030597,0.7685463059719866,0.9662757781656686,0.9788715516976696,0.5898855422665433,0.791303392890164,0.8739518939582047,0.9554518077232719,0.7155172599880968,0.5174533358614706,0.8792920141466944,0.8905201046762894,0.7758256893451414,0.9092735418441047,0.8966129881495939,0.5674251027121298,0.8876356948162307,0.9014232379430822,0.7148430590437307,0.634067155846594,0.8705695323486151,0.6411811175295712,0.7139253475160504,0.8995478568587887,0.9025191430284434,0.993481417070199,0.6639976708496278,0.6663131513564844,0.5481845125988398,0.9027019168030597,0.7200150757054351,0.9194783163486806,0.846846556117637,0.8230078934234282,0.9723047356695362,0.7392683377271299,0.9027019168030597,0.9027019168030597,0.9249476804218124,0.861743614340786,0.9373877759472511,0.9027019168030598,0.9238013891436974,0.9027019168030599,0.8515474244094852,0.3833029545582749,0.6305972221379479,0.7102107570168052,0.8539300757509798,0.9473257685964236,0.5066417158741714,0.5598952011494303,0.9027019168030597,0.26168472294334155,0.8654110063376461,0.6053882533473045,0.6603591797410837,0.7905615056723612,0.7502458139927539,0.5544682858415843,0.6427530362959126,0.9027019168030597,0.5533376550387932,0.9284324089745186,0.7342049704427396,0.9974434137084255,0.9857705189045636,0.4929782970003419,0.890520104676289,0.9027019168030597,0.8446871587090534,0.6928901283984085,0.9027019168030597,0.9086236786089275,0.6403435500378887,0.4722127831977201,0.5579190345011371,0.6546492041410044,0.9027019168030597,0.9094826355817578,0.742364454384786,0.9060691392655613,0.9947560146512323,0.540984790827937,0.8222019591825744,0.8243737901066761,0.9587635829197785,0.5957189144811472,0.9380492094416575,0.7825121459579749,0.9977218791928772,0.7542497852308305,0.7777563324545964,0.32462461503469087,0.8766017896141824,0.5744033572634892,0.9284324089745184,0.9027019168030597,0.894769233114451,0.9246951040550044,0.7599640528563532,0.8848055194072819,0.8538184918489035,0.9330819649782565,0.9315981350299591,0.9458556185436358,0.9330819649782562,0.9847951341175694,0.9027019168030599,0.8739502986720542,0.434579059152821,0.8387472004447059,0.9199574485923752,0.741412456170369,0.9723047356695362,0.921694838603619,0.9708590380088877,0.9200235297895973,0.9220737026051953,0.9238013891436974,0.7146823603996133,0.8908821080541922,0.8565753455961953,0.8713396701567193,0.8820255041972338,0.0,0.9092735418441045,0.5043875284279205,0.8518887562661412,0.9001072080581115,0.8739518939582049,0.8964973292196508,0.918135390977378,0.884047291409445,0.7636866943555158,0.614167436625239,0.950270234291974,0.8923850346102592,0.9163001631015222,0.870934572497679,0.8785462170031448,0.9356707151118056,0.8766017896141824,0.551455645704734,0.9514652625474738,0.41616963117051253,0.9665301256886061,0.7338953403825335,0.9379585115982931,0.9092735418441047,0.7570626016884328,0.6064980423868916,0.9194783163486806,0.8964973292196508,0.9662757781656683,0.8711706817387809,0.8140172455445058,0.9162673470024436,0.956291281646531,0.9291552782955312,0.7496172849348929,0.9981922472699298,0.9199574485923747,0.939470174504714,0.5451211045878457,0.7470157147931082,0.6490993008822845,0.6490993008822847,0.7299341925816298,0.9400928876893211,0.8934633408766901,0.840200378974151,0.9027019168030597,0.6395738686675698,0.9027019168030597,0.9027019168030597,0.6868056334918407,0.8766017896141824,0.9226564439505707,0.9027019168030597,0.6517817879192332,0.7066876776711029,0.8628742512243035,0.7905151981102756,0.3019321466432352,0.549219573723855,0.8157507865486255,0.8136200716845878,0.7285159640640035,0.8905201046762892,0.8455611507175746,0.9162673470024438,0.8422241792803136,0.7574259931844914,0.7240685166893053,0.8665497346618454,0.890520104676289,0.8964706102804105,0.8201252459912176,0.994900896131559,0.9806023894054638,0.5957189144811472,0.8093852229086014,0.9146756363968285,0.9016719843861534,0.5264356372193488,0.7277635600800747,0.817908307101335,0.8434189051272902,0.8766017896141822,0.846846556117637,0.9092735418441047,0.882025504197234,0.9059407181827082,0.9151482017886459,0.7811505049971921,0.6384108906887672,0.9127113681766139,0.8334370704361703,0.8934633408766901,0.9925237875286486,0.998856797635673,0.9876139325764798,0.6053882533473045,0.3265077938345514,0.9190333185494638,0.5827985815099255,0.741412456170369,0.8364350703060379,0.5720344888234432,0.9799759007960187,0.8222019591825744,0.9159799227761949,0.9027019168030597,0.5744033572634892,0.8399399046211002,0.9811718853428997,0.7079843113574884,0.9146756363968283,0.9330819649782567,0.860293866244697,0.5967870704186222,0.9394399552106525,0.6593411622267495,0.9306885712787862,0.645326134080177,0.9181353909773777,0.8010158943292127,0.8964706102804101,0.9253641867456623,0.7618046873433832,0.8880761517488762,0.8739518939582049,0.5729906825942457,0.790382188499414,0.6548271388012974,0.7756395770190929,0.9731697328455184,0.763058826835314,0.6521990903451726,0.8563358498618108,0.9238013891436974,0.9433214104887524,0.9458556185436358,0.641964397718263,0.8820650675489388,0.8162105150575749,0.8995478568587887,0.723115957569453,0.6524499464027895,0.9700808834258972,0.7882681591823324,0.9505241704836671,0.9452296953714696,0.7015802644810709,0.9769987586961086,0.969973797166346,0.838838293114211,0.8792920141466944,0.9159048123846258,0.9818749943123346,0.9371605937136991,0.6598842363568053,0.9278239868212363,0.9027019168030597,0.9226564439505707,0.6542300404068692,0.8320496064023226,0.9785871744260106,0.9027019168030598,0.8374148432052273,0.771163893861902,0.8200412134706068,0.8515474244094849,0.47136038267288527,0.9519132041712031,0.8327482438090525,0.639793538804108,0.6258510986898334,0.8200412134706068,0.749974498426714,0.9978276116162976,0.5951579902345703,0.88978494623656,0.8637059334028958,0.9505241704836669,0.8628742512243035,0.9788715516976692,0.8897181908471417,0.8964706102804108,0.9700808834258972,0.43118142943601423,0.9627812356600217,0.9027019168030597,0.9138589778623849,0.2609413531997733,0.9199574485923749,0.9414106494210732,0.9146756363968287,0.6062119974517621,0.6713956315405545,0.8995478568587887,0.8308459945434388,0.9648472157143737,0.8995478568587887,0.8995478568587887,0.8966129881495933,0.9027019168030597,0.9291552782955315,0.9400928876893213,0.9027019168030597,0.8739518939582049,0.8329816695588788,0.9199574485923747,0.5957189144811472,0.9606832254354423,0.9458556185436358,0.9371605937136991,0.7231159575694539,0.7281124483054622,0.8766017896141824,0.7482964450200686,0.9027019168030597,0.9891725552066312,0.9092735418441045,0.5088598945057847,0.7546037556968199,0.8664119786449705,0.9199574485923747,0.9857705189045634,0.8792920141466947,0.8376723506997308,0.9926491931691895,0.7102107570168048,0.9859143456282597,0.9025191430284432,0.9117587329570798,0.8667306034740472,0.915215251172143,0.9662757781656683,0.8955832386010321,0.6369695431207094,0.9165147019879716,0.7328240664058852,0.9027019168030597,0.9811718853428997,0.3558868116246312,0.9723047356695362,0.8030655047735816,0.5711575978406827,0.9818749943123346,0.6808297674054002,0.9330819649782565,0.6497026070358412,0.6539093231076134,0.9027019168030597,0.9027019168030597,0.8603637814514746,0.9360734491991152,0.8364350703060384,0.733904116547242,0.7214740737658267,0.7103272275599402,0.4625572392312035,0.6666410935334719,0.8713396701567186,0.6586007972690091,0.9027019168030597,0.8992619910243467,0.5744033572634892,0.9278239868212359,0.7178973060732833,0.6168592556746881,0.7111544401261738,0.9027019168030597,0.9027019168030597,0.633394691687247,0.9801193820390868,0.6322401009227132,0.4976219840104602,0.8701430156329929,0.5012869359079664,0.9182141149920253,0.8358512330592893,0.7002915118145552,0.9843665971783151,0.9027019168030598,0.9384799527980219,0.6845571436345466,0.654995377847086,0.9199574485923749,0.9064877137327916,0.8626832371253763,0.8529764551059038,0.8422241792803133,0.9059407181827079,0.3647816877072674,0.9027019168030597,0.7023748056864783,0.9194783163486804,0.8072801833126311,0.8752645110565282,0.7296749030471636,0.9216948386036188,0.8178909988156795,0.7707815729676364,0.9162673470024436,0.9962535368649346,0.7548364743653673,0.9648472157143733,0.7851785317012705,0.9865413873777831,0.8687627046182602,0.7768579287875774,0.9554518077232717,0.8995478568587887,0.9588003547924391,0.8637059334028956,0.9859143456282599,0.9641496021881465,0.9278239868212363,0.8376723506997306,0.9278239868212361,0.9788715516976696,0.9582299421009102,0.9258909271026614,0.822848352223368,0.9027019168030597,0.8821852247529482,0.7588230416072198,0.8820255041972331,0.7319809257874978,0.9253641867456628,0.8995478568587885,0.9793811540276174,0.7968622910970982,0.9059407181827082,0.8124149925416957,0.8679755583031026,0.6957368772581867,0.685756170146736,0.9027019168030597,0.7927381955186616,0.9424631527248863,0.7970447030423027,0.9238013891436974,0.9016719843861538,0.8739518939582045,0.8551249163146364,0.9027019168030597,0.6593411622267498,0.549219573723855,0.8739518939582047,0.6616737433034905,0.6851941396038526,0.6586007972690091,0.6171437968101472,0.6935130905574667,0.9350052413014642,0.7842726282263479,0.8429579738724984,0.9080208724124175,0.9285810957060491,0.9278239868212361,0.9977218791928772,0.9811718853428998,0.751929231759898,0.8988656686535059,0.7088111395715755,0.8364350703060381,0.553689147898284,0.9027019168030597,0.8995478568587887,0.7504899141924717,0.6336040166744015,0.9150859699484076,0.6385986495186857,0.5924766927299572,0.9027019168030597,0.6447704097639919,0.38173599022734994,0.8515474244094854,0.9027019168030597,0.6933452337724906,0.9253641867456626,0.6168592556746881,0.9080208724124175,0.8995478568587887,0.6342155773297833,0.9284324089745184,0.9770142003961177,0.9215435437152564,0.9908737607788658,0.8406264652017018,0.5304931580322334,0.9027019168030597,0.9182141149920251,0.9027019168030597,0.9199574485923747,0.9197760771895613,0.7784491248459173,0.9278239868212359,0.8587660956447001,0.759225836874749,0.8178909988156795,0.7974682718729416,0.9027019168030597,0.6960041567402158,0.7253792407556554,0.6910904968579286,0.8840472914094453,0.9607124451036871,0.7881055549967809,0.8563358498618108,0.8812768771799535,0.8908821080541924,0.7947975198038113,0.5924766927299572,0.8908821080541924,0.33848879778072816,0.9127113681766141,0.2742644338154646,0.8908821080541924,0.9278239868212359,0.8687627046182604,0.9059407181827082,0.7879908504259892,0.9371605937136991,0.9086236786089272,0.8739518939582049,0.814017245544506,0.22985732989107577,0.9080208724124175,0.8354206684781547,0.8662187967802517,0.9371605937136991,0.9146756363968287,0.7575847216730907,0.87846464965392,0.8715507769439585,0.6807832921002548,0.9043249476883717,0.652340587780726,0.8955832386010318,0.9458556185436358,0.5957189144811472,0.8794164109436624,0.9876294343937337,0.8538184918489036,0.9108103401386719,0.8767927989954103,0.6598842363568054,0.5951579902345703,0.9140916720634664,0.8587660956447005,0.9907342842429815,0.8937269373258916,0.7834154100189421,0.844913317429443,0.9433214104887524,0.8539300757509798,0.5166670939267368,0.9841115903185182,0.8258230650068077,0.9198746321698023,0.809385222908602,0.9824538870055377,0.9162673470024436,0.7908655422386737,0.8802004552898299,0.8985975567963889,0.9648472157143733,0.7479178510004558,0.8295844697893857,0.8701299903601543,0.9775311126594745,0.781895764891759,0.9323768471908325,0.9371605937136991,0.8577456656075961,0.7959504857363411,0.9092735418441045,0.6150804774861585,0.803174740587111,0.8612222667022582,0.9092735418441045,0.9733732023302153,0.756914589624569,0.9231504440765295,0.9696933196761031,0.7374158427411275,0.7480055128740599,0.9973895362654066,0.9505100634132895,0.9505241704836671,0.7301312695908244,0.7248757685433895,0.6395738686675694,0.7947975198038115,0.9623366128450224,0.9458556185436358,0.9238013891436974,0.8421261296144329,0.9199574485923747,0.8568078232494676,0.6395738686675689
p164_Y,0.919922536315012,0.8083745968845285,0.8991086132420372,0.9765510393593577,0.6274393463335315,0.5736515917591666,0.9016702404441244,0.9003682669365678,0.910310736217455,0.9629078616894173,0.9439253608596803,0.9511016704226434,0.6408643693226066,0.8281884330418342,0.8643746278148465,0.8931410336709438,0.948139835478085,0.9361160018916064,0.9610366993022685,0.5986100747104802,0.9170285225978759,0.9425720985427188,0.8328391424856557,0.9542136024350834,0.9991256173192249,0.9361160018916062,0.9481398354780852,0.8476494662542416,0.51091366199046,0.9993650955442763,0.9300668284196516,0.6561065835106368,0.9902930825832763,0.9243180392978652,0.6974266200926705,0.9552175050422179,0.9542136024350834,0.9467071200650463,0.9648659912110238,0.9348776724743584,0.9465146323386673,0.9373704232137268,0.9428375253830149,0.813313905840744,0.9873274034062991,0.9805584973345784,0.9558359621451105,0.9478374857144207,0.9348776724743586,0.8700500341066799,0.9652137684610214,0.9451946793607524,0.9361160018916062,0.9453030402757778,0.9467071200650463,0.933654454952398,0.9859410630732464,0.9526370111116405,0.8796755654923116,0.9496037211238535,0.912399240286141,0.8425509890153136,0.9361160018916064,0.9465146323386673,0.9592404230051592,0.7921443716179014,0.9652137684610216,0.9980012116979506,0.9143598368914292,0.9610366993022685,0.7841299976152527,0.9348776724743586,0.9526370111116407,0.9752242930940253,0.9526370111116405,0.8941307528793181,0.9983948723195168,0.9439253608596803,0.8352434350141633,0.9648659912110238,0.9355505770919704,0.7823814062025366,0.9312498291554214,0.7941696693599456,0.9526370111116405,0.8440037465855229,0.998394872319517,0.9698541749282157,0.9011161501496319,0.9511016704226434,0.9526370111116405,0.87005003410668,0.9697576929681274,0.8646954736999408,0.9671595166054918,0.9302863338489202,0.8368245529110284,0.8951222364985463,0.9832618168244524,0.953847733373561,0.9859410630732461,0.6712483100495729,0.9526370111116409,0.666308892810858,0.948945265676031,0.9610366993022685,0.8307658985622732,0.9776531644595584,0.9429902492134531,0.9651577861008538,0.8670110869223191,0.9373704232137268,0.9368440768177579,0.8240628627731426,0.9558359621451105,0.9616949515140268,0.6852134154646816,0.9610366993022685,0.9648659912110238,0.9659067856126824,0.9472584806240832,0.8839367949745334,0.9991256173192247,0.7693113560856037,0.9361160018916064,0.9828003406403463,0.9542136024350834,0.8268173354312578,0.7088700293650656,0.8967531793197643,0.9433267290805247,0.9558359621451105,0.957509435301382,0.9428375253830147,0.9481398354780852,0.9190331654160289,0.8965935723831845,0.957509435301382,0.957509435301382,0.9496037211238535,0.878500413236517,0.9629078616894171,0.9911132832149869,0.915294934512644,0.8418888262364448,0.9166400151447349,0.8675945144338488,0.9556110934976771,0.9348776724743586,0.9552673671688554,0.9629078616894176,0.9185287395081013,0.869679002706397,0.8891971954839688,0.9652137684610214,0.9348776724743586,0.8233256359718195,0.9198856874256711,0.9993984942305538,0.8467830997487795,0.9672286852092145,0.9695808922938258,0.9386420076357271,0.9972557380978944,0.9041490253843172,0.8015964738616884,0.9378370728938008,0.8518491866146229,0.9312498291554214,0.9512060612711242,0.7793733011421324,0.9511016704226434,0.933654454952398,0.8846853407167914,0.9952317766508609,0.922109475719312,0.6202343224201621,0.9489452656760307,0.9254476077793647,0.9190743601433596,0.9177151699279686,0.9339021370701628,0.9859410630732461,0.9511016704226434,0.9020294315021227,0.906125602813826,0.9326181308569241,0.9082407355488129,0.9453030402757778,0.9288957400617388,0.9842011665427951,0.8402174460344578,0.980602188182685,0.9853618823459059,0.9123992402861407,0.9526370111116405,0.9542136024350834,0.9496037211238535,0.9072120922355342,0.8065625855160641,0.937582172017251,0.9511016704226434,0.9526370111116405,0.9119407584989205,0.9845436024770435,0.9629078616894173,0.9526370111116405,0.8446109430683045,0.9209817665727258,0.8941307528793181,0.8666662211060934,0.9113525537588967,0.9511016704226434,0.9526370111116405,0.8987613725012116,0.9526370111116405,0.9619311600645907,0.9131632661895819,0.8781849073732377,0.9526370111116405,0.9042162740830946,0.9526370111116405,0.8394385952949945,0.913451053146003,0.8015964738616883,0.8842921321245036,0.9558359621451105,0.9968251299619151,0.9496037211238535,0.9967391619170716,0.9425720985427191,0.9123992402861405,0.9828003406403463,0.7931549419907826,0.9575094353013818,0.9465146323386672,0.9363467946367829,0.9092735418441045,0.9041490253843172,0.9665480300996032,0.920981766572726,0.9481398354780852,0.8467830997487796,0.9496037211238535,0.9526370111116405,0.8844733149580832,0.9526370111116405,0.903698104578623,0.8511869157928871,0.9652137684610215,0.9324454498571317,0.996825129961915,0.9542136024350834,0.8546224974203928,0.9412414838519025,0.8675945144338484,0.9439253608596803,0.9613005306740816,0.9558359621451105,0.8402945589690446,0.8803791478671705,0.9526837546542146,0.9511016704226432,0.9592404230051594,0.9101635890276071,0.9648659912110238,0.9983872930599273,0.9041862347368662,0.9373704232137268,0.879401574066015,0.904470763241633,0.957509435301382,0.9560188423757736,0.9015827120484231,0.9731496705350525,0.9610366993022685,0.9725029014633766,0.8546224974203929,0.9386420076357269,0.949173776698871,0.9610366993022685,0.9421240707427695,0.95925639730275,0.9592404230051592,0.8946428180839179,0.9765510393593577,0.9558359621451105,0.9243180392978652,0.8808482728335028,0.9496037211238535,0.9558359621451105,0.969580892293826,0.9763604864068216,0.6202343224201623,0.9763604864068216,0.8646954736999413,0.8931410336709438,0.7280285487808839,0.9552175050422179,0.9526370111116407,0.9348776724743586,0.7194207172093906,0.9652137684610215,0.9669773817779976,0.8145665213807642,0.9558359621451105,0.9348776724743586,0.922085571782991,0.9579118988918691,0.8240628627731423,0.8861242286360498,0.928211132865339,0.9828003406403463,0.9326635883603429,0.8381369010000774,0.9629078616894173,0.910310736217455,0.5109136619904602,0.9243180392978652,0.8056206522660095,0.9155711502428494,0.9558359621451105,0.9526370111116405,0.9575094353013818,0.8432226863185215,0.9361160018916064,0.9610366993022685,0.9604535056538152,0.9808926695348984,0.9526370111116405,0.9412414838519025,0.9610366993022685,0.9648659912110238,0.9166400151447349,0.9174349186805673,0.6707907717378425,0.9652137684610215,0.9355865875112199,0.840479161229315,0.7114537153441645,0.9467071200650463,0.9251942656894035,0.9558359621451105,0.9815062877983507,0.8550065733210686,0.9453030402757778,0.9166400151447349,0.9648659912110236,0.9782151383018164,0.8402427784426749,0.9731496705350524,0.9873274034062989,0.9511016704226434,0.7359161171905891,0.8931410336709436,0.9976132936006711,0.9963245685439861,0.9538477333735609,0.9526370111116405,0.9390064763255969,0.9697572637654532,0.9254476077793645,0.797443999173267,0.9629078616894173,0.8879294594533993,0.9526370111116405,0.9526370111116405,0.9348776724743584,0.910310736217455,0.897589982466173,0.9526370111116405,0.5986100747104803,0.9526370111116407,0.8281884330418343,0.9041490253843172,0.8348893064606531,0.9773757151292213,0.9288957400617388,0.9425720985427188,0.8749227387115643,0.8516044549634425,0.9526370111116405,0.8891971954839686,0.7555434814691347,0.9980952170885541,0.9955546949233899,0.9783400888843532,0.9137878102431286,0.9558359621451105,0.9908845623912688,0.9526370111116405,0.9776531644595585,0.9900588676412958,0.8686326671635052,0.9399083771675286,0.9542136024350834,0.9051147616874999,0.6752940958248903,0.9526370111116405,0.8599512852256564,0.9998167427047309,0.9526370111116405,0.9288957400617388,0.8294595995241211,0.8846853407167912,0.9272939616022178,0.9972557380978944,0.9526370111116405,0.99555469492339,0.9027589491053098,0.9592404230051592,0.8617298618427944,0.8277625400805722,0.9134510531460027,0.914508262091398,0.9031349604797552,0.9558359621451105,0.8546046697323406,0.8941307528793181,0.9399319300513138,0.9405713298993786,0.8711641645134683,0.914173419871023,0.939931930051314,0.957509435301382,0.9900588676412958,0.9526370111116405,0.9610366993022685,0.8461610175508404,0.8561342062066826,0.6945024529952716,0.9324454498571317,0.9496037211238537,0.9461493705792463,0.9542136024350834,0.9496037211238537,0.9439253608596803,0.9526370111116409,0.9315357783043752,0.8872325694620833,0.8402174460344581,0.9610366993022685,0.949718620585456,0.9629078616894176,0.9931163690142988,0.7760319106198983,0.9959782177382006,0.9393618431817526,0.9629078616894176,0.944832792938523,0.922085571782991,0.8700500341066801,0.9373704232137268,0.9425720985427191,0.9092735418441045,0.0,0.9243180392978652,0.9061873961293254,0.9005830613528044,0.9386420076357269,0.9061873961293254,0.9439253608596805,0.9300668284196516,0.9267077491745545,0.998095217088554,0.9113525537588967,0.9873274034062991,0.9795820040904937,0.8342244107146708,0.8281884330418345,0.9497673578995789,0.9399319300513143,0.9552077543614653,0.9439253608596805,0.9271118843142734,0.9386420076357269,0.9209817665727262,0.9815167787252908,0.5220820189274459,0.9512060612711242,0.8650546456747354,0.9231975163531971,0.8518491866146229,0.9610366993022685,0.9924415378336475,0.937582172017251,0.9592404230051592,0.922085571782991,0.9873274034062991,0.6646635978282214,0.9575094353013822,0.9610366993022685,0.719207720169813,0.9455639670686866,0.9187969445925774,0.9511016704226434,0.9511016704226434,0.9174349186805673,0.913451053146003,0.9481398354780852,0.8752103456145175,0.9526370111116405,0.9592404230051594,0.9526370111116405,0.9526370111116405,0.9845849572233625,0.939931930051314,0.7931549419907825,0.9526370111116405,0.9950331400642272,0.9613615009377072,0.9209817665727263,0.7438624318663223,0.8891971954839688,0.8493193247742896,0.7986388097431104,0.9092735418441045,0.9585029457973886,0.9902930825832765,0.968848707670247,0.9592404230051592,0.969757263765453,0.8530488725229224,0.9689188419031363,0.9300668284196516,0.9902930825832763,0.9496037211238535,0.9604140341855054,0.5589231489486894,0.9031349604797552,0.9558359621451105,0.849035546891147,0.9425720985427188,0.9373704232137268,0.939931930051314,0.8818679819714543,0.9288957400617388,0.912399240286141,0.7192246787541412,0.9254476077793647,0.9558359621451105,0.9425720985427191,0.9542136024350834,0.9198856874256709,0.9010523009261006,0.9267077491745546,0.957509435301382,0.967418437488331,0.9481398354780854,0.9354977161332688,0.8748337527607468,0.9808926695348984,0.9980952170885541,0.9312498291554212,0.9648659912110236,0.9988994716356003,0.9497186205854559,0.9092735418441045,0.9711616796763259,0.9983948723195168,0.9987120692432441,0.8901811511257471,0.9526370111116405,0.957509435301382,0.9681385641755447,0.9526370111116407,0.9276797318633757,0.9425720985427188,0.9496037211238535,0.9820451562749646,0.9697576929681274,0.946453606217171,0.9998167427047309,0.9629078616894176,0.9815167787252906,0.995812608116145,0.9191312302437675,0.9496037211238537,0.6122942984732125,0.8650546456747352,0.9209817665727262,0.9497673578995789,0.8555518394563938,0.9968280008234045,0.9937388499019764,0.9581662330439089,0.9714058757497572,0.9384758066320343,0.9276797318633756,0.9300668284196516,0.5109136619904604,0.9412414838519025,0.9736183137840245,0.8814381460005662,0.8432226863185213,0.9001110559421439,0.9511016704226434,0.9487712406389306,0.8836034327136275,0.9648659912110236,0.9232615458212055,0.9558359621451105,0.8440037465855235,0.7555434814691349,0.9373704232137268,0.8461610175508397,0.7693113560856037,0.9412414838519025,0.9452045885097757,0.94392536085968,0.9808926695348984,0.957509435301382,0.48135510835320494,0.9526370111116405,0.9714058757497572,0.8745128950949934,0.8808482728335025,0.7887202475291657,0.9526370111116405,0.9279254774427177,0.9469603324515526,0.8762607344566619,0.9277359074596556,0.910310736217455,0.87005003410668,0.8891971954839686,0.8088237225374938,0.7584224381987758,0.9123992402861407,0.9436650679333606,0.8981086621953582,0.9592404230051594,0.8019720576789592,0.933654454952398,0.9558359621451105,0.8056206522660098,0.9648659912110238,0.9324454498571315,0.9496037211238535,0.9648659912110238,0.945303040275778,0.9859410630732464,0.6274393463335319,0.8527446275596849,0.8921529459435535,0.9610366993022688,0.9526370111116407,0.7622627557684605,0.9642508949408412,0.9972557380978944,0.9511016704226434,0.957509435301382,0.9481398354780852,0.9511016704226434,0.9511016704226434,0.9714058757497573,0.9526370111116405,0.9481398354780852,0.913451053146003,0.9526370111116405,0.9386420076357271,0.7959862782732463,0.6202343224201619,0.9558359621451105,0.9592404230051594,0.9542136024350834,0.9511016704226434,0.9789433391238309,0.9009385953642846,0.7760319106198981,0.8836034327136277,0.9526370111116405,0.9134510531460027,0.5220820189274471,0.9386420076357269,0.9883455550583113,0.914508262091398,0.9610366993022685,0.5406098110986695,0.9412414838519025,0.9209817665727262,0.9412414838519028,0.9526370111116407,0.9209817665727262,0.7841299976152528,0.9801704643354423,0.9599362530543547,0.9439253608596805,0.9552175050422179,0.799660622956831,0.969580892293826,0.9560815611946232,0.9556110934976771,0.9526370111116405,0.6274393463335317,0.9267506068373947,0.9629078616894173,0.929704710864393,0.9481398354780852,0.995812608116145,0.977923524618283,0.9496037211238537,0.985810234027054,0.9794806690961566,0.9526370111116405,0.9526370111116405,0.9198856874256711,0.9697576929681273,0.8019720576789588,0.9381869901995565,0.9512060612711243,0.9579118988918691,0.9585029457973887,0.9750651530996967,0.9373704232137268,0.9605960911162627,0.9526370111116405,0.9478374857144207,0.957509435301382,0.9648659912110238,0.9384758066320343,0.9610366993022685,0.8425509890153136,0.9526370111116405,0.9526370111116405,0.9993650955442763,0.9526370111116407,0.8428203952990334,0.9425720985427191,0.8666662211060934,0.892176422823965,0.9839674685144801,0.9061873961293254,0.8456366655300411,0.9110656579437492,0.9526370111116405,0.8056206522660098,0.98590388957131,0.9542136024350834,0.9610366993022685,0.8941307528793181,0.8516044549634425,0.9166400151447349,0.797443999173267,0.6127778948795621,0.9020294315021227,0.9526370111116405,0.9752242930940253,0.7974439991732669,0.9465146323386671,0.9082634530537086,0.9086148915839567,0.945303040275778,0.8371419773342014,0.9061256028138259,0.9592404230051592,0.9155881827031065,0.9597400092591998,0.9873274034062991,0.9493957255905623,0.9765510393593577,0.7941696693599456,0.9911410415624384,0.957509435301382,0.9511016704226434,0.9380673100517979,0.933654454952398,0.9665480300996037,0.9769855193139068,0.9648659912110238,0.7600543887391323,0.9648659912110238,0.9648659912110236,0.9505241704836669,0.9730862985612763,0.8994369109414213,0.9526370111116407,0.9629078616894173,0.9425720985427188,0.9425720985427188,0.9056949642367281,0.9467071200650463,0.9511016704226434,0.933654454952398,0.9011161501496319,0.9542136024350836,0.9942837725413021,0.9697572637654532,0.9898194639549569,0.9959782177382005,0.9526370111116405,0.87005003410668,0.9773757151292214,0.9845436024770435,0.9629078616894173,0.9373704232137268,0.9386420076357269,0.9649212652990378,0.9526370111116405,0.8785004132365168,0.9685432309175783,0.8381767234348841,0.9988994716356004,0.8383948208633001,0.9911410415624384,0.957509435301382,0.9806021881826849,0.9190331654160289,0.8189630840562674,0.9119091929424148,0.9967391619170713,0.9221357827405998,0.9648659912110236,0.6624174468883837,0.9526370111116407,0.9051664401581991,0.9589376456981175,0.9599362530543547,0.9505241704836669,0.9937388499019764,0.9526370111116407,0.9511016704226434,0.9556110934976771,0.8940589330526697,0.9031349604797554,0.9718817760691314,0.9802311608422727,0.9526370111116405,0.9832774697179376,0.8725553212046713,0.9277359074596556,0.9526370111116405,0.8825210710884406,0.9467071200650463,0.9610366993022685,0.939931930051314,0.9511016704226434,0.9819727612564135,0.7402268036102568,0.9836644955542195,0.7526258963225116,0.8274574043425169,0.939931930051314,0.9605960911162627,0.9526370111116405,0.9324454498571317,0.9526370111116405,0.9552175050422179,0.9041862347368662,0.9230780328727826,0.9648659912110238,0.9820451562749648,0.7907957676628271,0.9113525537588969,0.9277359074596556,0.9526370111116405,0.937035292386972,0.9511108315259663,0.8933378821185831,0.9801704643354423,0.9209817665727262,0.9575094353013822,0.9300668284196516,0.9288957400617388,0.922085571782991,0.9388267942128115,0.9500768485786423,0.922085571782991,0.9277359074596556,0.957509435301382,0.8931410336709438,0.922085571782991,0.9648659912110238,0.9361160018916064,0.9736183137840242,0.9674484241224512,0.7768756894075242,0.9288957400617388,0.7823814062025366,0.8991086132420372,0.9209817665727262,0.9967391619170713,0.9198856874256709,0.9348776724743586,0.7088700293650659,0.9425720985427191,0.8855169510901255,0.8281884330418345,0.9491737766988708,0.9355865875112199,0.9177151699279686,0.8704631266035313,0.9348776724743586,0.9542136024350834,0.9558359621451105,0.9082407355488129,0.8650941762755696,0.9324454498571317,0.932445449857132,0.8896609403700331,0.9575094353013818,0.9592404230051594,0.9175493208075456,0.9312498291554212,0.8849016103085845,0.7974439991732669,0.9300668284196516,0.9282894047452503,0.9412414838519025,0.9288957400617388,0.9526370111116407,0.8048280636888832,0.9221094757193118,0.9187969445925774,0.8490355468911467,0.8922554897110131,0.9592404230051592,0.7931549419907824,0.9198202436892431,0.9361160018916062,0.9481398354780852,0.8655688623664038,0.9868418685480094,0.915294934512644,0.9231127140292137,0.9439253608596803,0.9189418419895967,0.9511016704226434,0.9617971714026113,0.9267919121317671,0.9558359621451105,0.9542136024350834,0.9190743601433595,0.9324454498571313,0.9558359621451105,0.9452045885097757,0.8725553212046713,0.9303855895559965,0.7194207172093905,0.9496037211238535,0.9370352923869719,0.9386420076357269,0.9092735418441045,0.6712483100495734,0.9643835111434078,0.8381767234348841,0.9592404230051594,0.9388267942128117,0.9373704232137268,0.6849459786604548,0.9629078616894173,0.9302947288966976,0.9552175050422179,0.86172892352763,0.9592404230051594
p165_F,0.9958013242704717,0.9382169076942132,0.9057013371667028,0.9389200949611649,0.9188361382271668,0.9980634982842684,0.9608289449965197,0.906768949476846,0.8463034707266361,0.9364368411420323,0.9799998588966441,0.997924584339639,0.9162050927129204,0.8761642169182164,0.9124519654347758,0.7843527058003783,0.992614642133717,0.8905248145511353,0.9610243931286576,0.9364368411420321,0.8002106857634853,0.938858661103084,0.8518805166596326,0.967100967856847,0.8993081265656122,0.8905248145511351,0.9111295270090605,0.9827831390197599,0.9364368411420323,0.7546828912529215,0.943424161892372,0.9271857963192043,0.9086743458966993,0.8703071672354956,0.9927913675399127,0.9610243931286576,0.9215378731313923,0.988223797234048,0.9397924012017989,0.8884027441326567,0.7533949171332575,0.7610803789705604,0.9397924012017989,0.9172229042989672,0.9518720845713888,0.6516926965600831,0.9714058757497572,0.8409934614190604,0.888402744132657,0.8814111757676198,0.9271857963192043,0.7477463211274196,0.8905248145511351,0.9062682363877987,0.9086743458966988,0.5525066499500724,0.8863065703015558,0.9188361382271666,0.9652592423907032,0.9136381231722888,0.8498824478883686,0.9671832423480757,0.7689085840994843,0.8552368166078581,0.9301521134798674,0.8504627202190017,0.9759742607288062,0.9995583249327138,0.874908970733877,0.933230312818766,0.8741949048548434,0.4412035772450096,0.9188361382271666,0.9584063263034994,0.9188361382271666,0.7568669214102443,0.5766271929053317,0.8297689139421232,0.9714007972231222,0.9397924012017989,0.9039073680321512,0.9994678821812105,0.8821858692988971,0.8905248145511355,0.9188361382271666,0.8683869765649124,0.9388586611030838,0.6994142003838522,0.95354909944022,0.9162050927129208,0.9188361382271666,0.8513970488424685,0.9933173148054262,0.9403666876523291,0.8821858692988971,0.9025193832676306,0.8236837483731396,0.6104538335044134,0.7705069583296171,0.943248147294041,0.9523285443895997,0.9243180392978652,0.9188361382271666,0.8152309266734903,0.9250543837045146,0.9332303128187656,0.8516848931219239,0.7142575600207546,0.8993081265656124,0.9824614342599636,0.9587304756703383,0.8926744609561268,0.7684103376169455,0.8553180098603765,0.9243180392978654,0.9003422247257511,0.9062682363877987,0.9332303128187658,0.7688521133858535,0.8362476150827944,0.8608459111363298,0.816880509953394,0.8993081265656124,0.8801586131976931,0.9926947949559497,0.7822464259069265,0.9873359374176983,0.988264565759186,0.9591402541866407,0.8645899440480411,0.7966865448611928,0.4635400868275392,0.9759742607288064,0.9397924012017989,0.9111295270090605,0.9356267126184374,0.8975363993064301,0.8776603460423881,0.9759742607288064,0.9136381231722888,0.6419696855611354,0.9364368411420323,0.7585669827232531,0.7200215627618999,0.8439952162507556,0.8571496764250632,0.9021539112208945,0.7879863126990592,0.7764004165561768,0.8609148343625066,0.9364368411420321,0.903253994342665,0.9995583249327138,0.8223364946652797,0.9759742607288062,0.8884027441326576,0.8322743274729425,0.86271164163361,0.7924618199175761,0.816880509953394,0.9026929321468598,0.9344184513464587,0.9994678821812106,0.9324870860155796,0.7877417492951894,0.8664814862756911,0.9056035016258017,0.8646979598369935,0.47642470204871323,0.9831242573594567,0.908100813607729,0.8691190999184772,0.9486384944783341,0.7476549733331901,0.932516800593691,0.9232609119062613,0.9332303128187658,0.9470074801592101,0.9624724756060739,0.8185765480394147,0.9176891810772735,0.9174035251259667,0.849605533346268,0.9162050927129204,0.9013912632842749,0.7872021416490651,0.8152309266734903,0.8988143186808903,0.9062682363877989,0.9405848418047036,0.9136381231722888,0.9699427324073249,0.7969277214997376,0.9110842255169307,0.8765682211155166,0.9188361382271666,0.9215378731313923,0.913638123172289,0.8409934614190604,0.824898459706557,0.9242675330397168,0.9162050927129202,0.9188361382271666,0.6873469254148155,0.9110842255169307,0.9364368411420323,0.9188361382271666,0.8328392117288821,0.8645899440480416,0.8185765480394147,0.7924618199175765,0.6490850989507404,0.9162050927129204,0.9188361382271666,0.9995583249327139,0.9188361382271665,0.9303984660247984,0.7568012552950109,0.785091722181056,0.9188361382271666,0.9670381792361835,0.9188361382271666,0.7840250467308107,0.9862580849438627,0.8664814862756911,0.6599499620915574,0.9243180392978654,0.8808214688153004,0.9554302009938858,0.8970640020677767,0.6884381496726213,0.9566255407969615,0.7251938403991645,0.7432189689240174,0.7800834172231834,0.8806972914765079,0.9461009440937578,0.712735174835742,0.8128426714042616,0.8645899440480413,0.8933580624819941,0.9111295270090607,0.816880509953394,0.955430200993886,0.9188361382271666,0.8689959096416077,0.9188361382271666,0.9453555804341343,0.8645899440480413,0.9271857963192043,0.916763017547936,0.8997777849239672,0.967100967856847,0.9196570634622756,0.844877102877944,0.8288247292151198,0.9439076502388632,0.7782451824877872,0.9243180392978654,0.8611429491813896,0.7200215627619002,0.9942457815245707,0.9162050927129208,0.9301521134798674,0.9627825689719904,0.9397924012017989,0.9689156398736258,0.7706704914761332,0.8926744609561268,0.8591950943404287,0.8000391248186633,0.9759742607288062,0.8193575093176493,0.9620507319737359,0.9106590539893652,0.9332303128187656,0.9978597004520633,0.86271164163361,0.9994678821812105,0.8685991499536572,0.9332303128187656,0.9273569070637144,0.9687936725492625,0.9301521134798674,0.6569528791616341,0.8761642169182164,0.9243180392978654,0.654032692653136,0.9218761599368475,0.997222278815483,0.6048035961832158,0.9815062877983506,0.8641215408403686,0.933230312818766,0.8831952346409785,0.7681346104287816,0.6201546181695787,0.9854920236310983,0.9861029598450541,0.9188361382271666,0.8884027441326567,0.913638123172289,0.9271857963192041,0.9324870860155796,0.8627658779727194,0.8402427784426746,0.9219224280637739,0.8955568994617082,0.831222784082646,0.843316357360235,0.8851792749904985,0.7424598513400256,0.818385475538732,0.7969375338011804,0.9073719949449842,0.8420957316791531,0.846303470726637,0.9918036979367357,0.9297646847494165,0.8645899440480411,0.7337288545313666,0.9714058757497572,0.9188361382271666,0.9271857963192045,0.8445260765476377,0.8905248145511357,0.9332303128187656,0.9808531012828585,0.9162050927129206,0.9188361382271666,0.8993081265656122,0.933230312818766,0.9980634982842684,0.8939900230312315,0.7943805771485102,0.8948535190071925,0.9271857963192041,0.9914353304468757,0.8010710475723323,0.8993081265656124,0.9086743458966993,0.8516895548485426,0.9243180392978652,0.9000359259924562,0.8191873193470307,0.9062682363877987,0.8848008209299199,0.7105810163033837,0.8910010991537545,0.9000359259924555,0.8917027378806983,0.9518720845713888,0.9162050927129206,0.904634587963796,0.9720076630927211,0.9218761599368475,0.9240045357012059,0.8238816471810944,0.9188361382271666,0.8079613786411541,0.9271776793409099,0.9023193977639938,0.8683869765649124,0.9918036979367357,0.9965634851350167,0.9188361382271666,0.9188361382271666,0.888402744132657,0.8911911051790234,0.9224762063417071,0.9188361382271665,0.9364368411420321,0.9188361382271664,0.8761642169182167,0.7124389829679731,0.7020833637397477,0.8160463790740714,0.8781517708121864,0.9761289800255135,0.7931670696607375,0.807168760817411,0.9188361382271666,0.6385658063346782,0.8955568994617085,0.8705796198764466,0.912825757077363,0.8781517708121862,0.7916607032304199,0.6048035961832157,0.902740447293747,0.9188361382271666,0.8282781225275879,0.9245814746860739,0.9720990783711321,0.9758788747340512,0.9215378731313923,0.7760703791496875,0.9086743458966988,0.9188361382271666,0.8838649142528046,0.7261406513889836,0.9188361382271666,0.909368306308445,0.7292716896042548,0.5667122574470418,0.8118922448201393,0.9133709401397514,0.9188361382271666,0.9165487043769498,0.9795567540284695,0.9301521134798674,0.804331308468615,0.7925617055576328,0.8253394465054231,0.8534965853888823,0.9914894522117811,0.9243180392978654,0.93859975842519,0.8893359697978047,0.8970640020677767,0.8061461210098462,0.8205950326849352,0.6797898801109679,0.8970640020677765,0.9271857963192043,0.890524814551136,0.9188361382271666,0.8024064520497927,0.946127993742141,0.9518179824870903,0.9039073680321512,0.884234751678239,0.955430200993886,0.9022689284415883,0.9215378731313923,0.913638123172289,0.9799998588966441,0.9188361382271666,0.8604594797352193,0.8065492716617039,0.8988045555455053,0.933230312818766,0.7952571048853001,0.9918036979367357,0.906268236387799,0.8970640020677767,0.7393342273348131,0.9120600632071976,0.9364368411420321,0.8809218289994251,0.9246323126477256,0.8271068874433856,0.8926744609561268,0.9015883421806552,0.5043875284279205,0.9243180392978652,0.0,0.8392374849683437,0.8033949386275521,0.8948535190071922,0.8392374849683437,0.9039073680321514,0.9117913875450321,0.764269323607996,0.9019611987736624,0.9666594865031801,0.8851576851792984,0.9108723956173326,0.9461009440937578,0.9069834982716531,0.7176582853502854,0.8970640020677765,0.8263419609921727,0.9039073680321512,0.7209632267039681,0.7176582853502854,0.9508942993498994,0.9365372717045821,0.9243180392978652,0.9762512276294903,0.8359053522237657,0.8977823279529109,0.8392374849683437,0.9861029598450541,0.9303984660247984,0.8756872102415512,0.9301521134798674,0.9299906214221882,0.9518720845713886,0.8444151276169709,0.9271857963192041,0.9861029598450541,0.9434241618923718,0.7892370840225034,0.7445151367252081,0.9591402541866407,0.7832487769710366,0.7762186091994814,0.8791687232341989,0.9111295270090605,0.9404612933180634,0.9188361382271666,0.9301521134798676,0.9188361382271666,0.9188361382271666,0.943248147294041,0.8970640020677765,0.9594934435063769,0.9188361382271666,0.7339205840055287,0.7806928642660704,0.8933580624819943,0.9924334453684487,0.6385658063346782,0.8311020167561355,0.872554013136071,0.895039365442585,0.7843431218806365,0.9086743458966993,0.7568669214102441,0.9808531012828585,0.8683869765649119,0.9106590539893652,0.8115940355833646,0.8801586131976928,0.9086743458966988,0.913638123172289,0.7127584912490823,0.9684459109141506,0.8340066608386387,0.9243180392978654,0.8666421769503914,0.9015883421806545,0.9619234929707896,0.6008250353870417,0.9626470166476755,0.8781517708121864,0.8765682211155168,0.9329290708210041,0.872242858842954,0.9243180392978652,0.9388586611030847,0.9215378731313923,0.8627116416336098,0.8134118466352591,0.7539595178486342,0.9759742607288064,0.9351878327525459,0.9111295270090607,0.9355070975486929,0.8236837483731401,0.9979245843396389,0.8705796198764466,0.34814681631823663,0.9397924012017989,0.8502673347039309,0.7952571048852999,0.8950393654425848,0.8357903475639031,0.938858661103084,0.852254084869811,0.9272483493178816,0.9188361382271666,0.9271857963192043,0.8664814862756913,0.963022385343627,0.7760007005291609,0.9388586611030838,0.913638123172289,0.8821858692988969,0.7958201005729364,0.9329290708210041,0.9176223674647048,0.9364368411420323,0.8731895121198441,0.9799998588966439,0.9540363210126527,0.913638123172289,0.988223797234048,0.9723270597578649,0.8933580624819939,0.8948535190071925,0.8574762079606053,0.8312955355853857,0.8793185298480244,0.9832747942419097,0.9892222022633375,0.7696860281155864,0.8821326331441738,0.803513643328913,0.9918036979367357,0.9358530937879612,0.9215378731313926,0.756801255295011,0.9226564439505707,0.877710850552303,0.9162050927129208,0.982965190768609,0.891927880541274,0.9397924012017989,0.9202831812176115,0.9243180392978652,0.9271776793409097,0.9881414477942226,0.9688274750145474,0.8685991499536572,0.8801586131976928,0.9358530937879614,0.8627658779727194,0.9039073680321505,0.9162050927129204,0.9271857963192043,0.9397924012017989,0.9188361382271666,0.9297646847494165,0.6983171679651372,0.9218761599368475,0.872242858842954,0.9188361382271665,0.8599121075086342,0.8113656905132272,0.8832598198401493,0.8761642169182169,0.8124394779507214,0.9785718213639512,0.8682791667479298,0.6579156625462208,0.7254260578853997,0.8498824478883684,0.8230982792635946,0.9943839955280371,0.9808531012828585,0.8445260765476377,0.8863065703015556,0.9714058757497572,0.8645899440480411,0.9397924012017986,0.7904825896247928,0.913638123172289,0.9397924012017989,0.39391491198125306,0.9816494815223562,0.9188361382271666,0.9498599814227946,0.6248766737258644,0.9610243931286576,0.9188361382271666,0.901588342180655,0.8764373716121486,0.9324870860155796,0.9162050927129206,0.731294952813581,0.9518720845713888,0.9162050927129206,0.9162050927129208,0.9000359259924562,0.9188361382271666,0.9518720845713888,0.9055141698506994,0.9188361382271666,0.8948535190071922,0.8736763669423389,0.9332303128187658,0.9243180392978654,0.9301521134798674,0.9215378731313923,0.9162050927129206,0.9979857489084503,0.9956188776427733,0.8970640020677767,0.9873571423805314,0.9188361382271666,0.9868272766917497,0.9243180392978652,0.6472058861425538,0.9683261202076309,0.8534965853888816,0.9332303128187658,0.967100967856847,0.9723980610103105,0.8645899440480411,0.8993081265656124,0.9188361382271668,0.962801345348242,0.9350742710727482,0.9117913875450323,0.7424598513400253,0.7917226685098779,0.9861029598450541,0.8884027441326567,0.9243180392978654,0.8785995314863115,0.7879863126990589,0.9188361382271666,0.963022385343627,0.7033434608331257,0.9364368411420323,0.8995244840690366,0.9926146421337172,0.9439076502388632,0.9540521312521262,0.955430200993886,0.9132272943620143,0.9214685956917266,0.9188361382271666,0.9188361382271666,0.8627116416336098,0.7499363066923372,0.896612988149593,0.8119366988083401,0.7934409100797526,0.8118922448201394,0.753959517848634,0.9282071075565539,0.8926744609561266,0.9325335232406902,0.9188361382271666,0.8922908924817221,0.9271857963192043,0.9397924012017989,0.7958201005729364,0.9332303128187656,0.7696860281155862,0.9188361382271666,0.9188361382271666,0.8851865539127237,0.9188361382271666,0.8981868737967753,0.9761289800255135,0.8932877793171796,0.6515530176586583,0.9492912834176326,0.941079384442943,0.9738354869648882,0.9054244227627162,0.9188361382271665,0.8645899440480409,0.941099127699975,0.9215378731313923,0.9861029598450541,0.8893359697978047,0.9415821125581023,0.8571496764250635,0.8683869765649124,0.9215378731313923,0.697994818624514,0.9188361382271666,0.9584063263034994,0.8977823279529109,0.8392374849683437,0.8630978149114679,0.7629077354965343,0.906268236387799,0.9010178520166363,0.9844462514379511,0.9808531012828585,0.9486806822019268,0.8225243083559048,0.9111295270090607,0.8420957316791543,0.9994413423319619,0.8905248145511357,0.9324752620345076,0.9759742607288064,0.9162050927129206,0.8465776632473669,0.7835835592582252,0.9628013453482424,0.9046345879637958,0.9397924012017989,0.8933580624819939,0.9397924012017989,0.9397924012017989,0.8445260765476379,0.9323959366850338,0.908794040959888,0.9188361382271668,0.8420957316791542,0.9015883421806548,0.9761289800255133,0.9316733990237638,0.9086743458966999,0.9162050927129202,0.9193175573455776,0.8305471147579229,0.9215378731313923,0.7064170280538996,0.8977823279529109,0.7371821715947533,0.7393342273348132,0.9188361382271666,0.8271068874433856,0.9044188733069921,0.9559152260794079,0.9364368411420323,0.9619234929707896,0.8948535190071931,0.9160186407774473,0.9188361382271666,0.9176223674647048,0.8311020167561354,0.8948535190071929,0.9197488499225244,0.9584063263034994,0.93253352324069,0.9759742607288064,0.7743183405359491,0.8340654250908053,0.8885979705995216,0.9324870860155796,0.8970640020677767,0.8504457127596186,0.9397924012017989,0.9953407916725414,0.9630223853436268,0.7075087994632813,0.9439988362117596,0.802548518543821,0.870569532348616,0.8408353250115083,0.9188361382271668,0.9162050927129206,0.8081519823819934,0.7123215409601537,0.8340066608386392,0.8895345516556041,0.8709338583964199,0.9188361382271666,0.9089396877318248,0.7054039047551841,0.8761642169182164,0.9188361382271666,0.9948450971203189,0.9086743458966988,0.9332303128187656,0.9329290708210038,0.9162050927129206,0.7363812182792999,0.9245814746860737,0.9132463598405495,0.9523285443895997,0.9835942424847571,0.851880516659633,0.8167685065561054,0.9188361382271666,0.9856521848429738,0.9188361382271666,0.9332303128187658,0.9094420953543781,0.8151872676642642,0.9397924012017989,0.7971194163749091,0.8572353093503102,0.9010178520166361,0.8761642169182167,0.9188361382271666,0.9693935085740745,0.7529542222354626,0.8681786826146995,0.8801586131976928,0.9221261809159473,0.7800834172231831,0.8801586131976926,0.8096828742252253,0.8664814862756909,0.8777108505523028,0.8518960273488331,0.8664814862756909,0.4458115933061829,0.9271857963192041,0.6201546181695787,0.8664814862756909,0.9397924012017989,0.8905248145511357,0.9215378731313923,0.9954645327542637,0.9591402541866407,0.8096828742252252,0.8948535190071925,0.8271068874433853,0.6175839241408104,0.9329290708210041,0.86271164163361,0.9219224280637737,0.9591402541866407,0.901588342180655,0.7762974108690004,0.8761642169182169,0.8988143186808906,0.9319617859276279,0.8869069588367051,0.7663820129829417,0.8884027441326567,0.9215378731313923,0.9815062877983507,0.8427562020241628,0.9480493128139421,0.8842347516782392,0.9205956531035807,0.8666421769503914,0.9271857963192043,0.9301521134798676,0.8872925738844331,0.8821858692988973,0.9324255571705902,0.8683869765649124,0.8801586131976928,0.9040735966545497,0.9723980610103105,0.8781517708121862,0.8602326261905316,0.9184751711910426,0.827713223789547,0.8608459111363296,0.8409934614190604,0.9735220450150953,0.9301521134798674,0.8026764864379382,0.8914387882165555,0.8905248145511351,0.9111295270090605,0.9142553407315164,0.941079384442943,0.8831869222370057,0.99609823488706,0.9039073680321512,0.9334591969915782,0.9162050927129204,0.8615948449559768,0.8132959712599781,0.9243180392978654,0.9215378731313923,0.8657494958783414,0.8842347516782387,0.9243180392978652,0.6569528791616335,0.9619001104352386,0.819168612365083,0.955430200993886,0.913638123172289,0.9891801270545069,0.9300797186110581,0.9486998997515483,0.9243180392978652,0.8170514910545468,0.9300797186110583,0.9301521134798676,0.8777108505523028,0.8926744609561268,0.967100967856847,0.9364368411420323,0.8403373796149365,0.9332303128187658,0.9209108994831211,0.9301521134798676
p165_I,0.9498550762506004,0.9837037141295748,0.7856879905096839,0.8103747847408735,0.9372344714402789,0.9253688519211307,0.9036283291118483,0.9634288016545227,0.8094833764446472,0.6520321555681019,0.9887777901528662,0.8961308828316208,0.896130882831621,0.9520753766313144,0.7981736217458596,0.9859194451558715,0.9705887000705996,0.893465545817623,0.9625162230164763,0.9686270243184087,0.9194187619560976,0.8347141576053575,0.9740168722867644,0.7070447155143822,0.8431315188296271,0.8642985447139284,0.9705887000705995,0.8593962429851332,0.9686270243184087,0.6496440124257988,0.8514489788174839,0.9097421633544904,0.8867960431767521,0.9316182412138078,0.8993922310882432,0.7657947949058677,0.9027412033397848,0.9208601429117473,0.6254873296405832,0.9764965868575897,0.8722002635046113,0.955116866832538,0.9253688519211307,0.899933720255647,0.9247323722236849,0.9950873314435653,0.9061873961293256,0.9346986066201732,0.6216037212533724,0.7856879905096841,0.7142045564119808,0.7548080758887112,0.8642985447139284,0.9504069818881511,0.9428834581482701,0.91561268213489,0.3776008246122905,0.8993922310882436,0.5802860422261671,0.8929489608197008,0.8139197462693821,0.9285108032212201,0.8440314442491264,0.9594202898550723,0.5655213125623306,0.6857488677380139,0.7977719520194323,0.9472054454038972,0.8038381002736776,0.9625162230164763,0.9744032270105807,0.8616681034607219,0.9372344714402789,0.9254578891394436,0.8993922310882436,0.9569146673376989,0.8780124908814335,0.8910264359580943,0.7336060391821391,0.9752737206364959,0.8258588664949125,0.9601701237080076,0.908892134704538,0.9517995480250121,0.8993922310882436,0.9375570313374202,0.9623912027223392,0.7770530406021772,0.8308161825195635,0.8961308828316215,0.8993922310882436,0.7774548898518452,0.7593691010498389,0.8017477444523513,0.9912874992203791,0.8687999443984582,0.8486256825793186,0.7772201872815194,0.9428318630770238,0.7573327299257782,0.7168583413736436,0.9728308952426489,0.8993922310882434,0.7411590607090497,0.7861434802120568,0.9172347260035332,0.9083555504463323,0.9087119079227071,0.9377821213923416,0.9139504732212262,0.8231625077327724,0.8365035568251129,0.798533675163998,0.663147945624992,0.9061873961293256,0.7332521811087547,0.9171102496467269,0.6752318008799827,0.9752737206364959,0.8088601047042672,0.9240750749170032,0.6243162306674315,0.9377821213923416,0.877639792469498,0.9898664497675987,0.6784404615146806,0.9027412033397848,0.9294815397663647,0.9329016612088759,0.7243697373376101,0.8048563636130741,0.9465146323386671,0.9933095589619414,0.8750116732174091,0.4820870374439278,0.9719352498920297,0.7525156774266062,0.9933095589619412,0.9097421633544907,0.8929489608197005,0.911366197697177,0.9212094218042224,0.7024907194648318,0.8576373113512217,0.6946136782129047,0.822927938256294,0.8924856989260324,0.9289878759232137,0.9764965868575897,0.9904136841951487,0.8417025656248468,0.8596285136050665,0.8381579416424483,0.823654033650044,0.9933095589619414,0.8903752243099397,0.5504859850247257,0.829822347888536,0.9500221889089311,0.8252069053832315,0.6264509581877913,0.9061873961293254,0.9601701237080076,0.9520723823488315,0.839388913013118,0.7172878978802193,0.9476603640166243,0.8661396574440055,0.8814270131992576,0.9932728688879772,0.8992865236029117,0.8961308828316212,0.8590697626746648,0.6737929465627726,0.7993848522367959,0.8538549703121608,0.9172347260035334,0.8049446775692437,0.6174383241953931,0.8357142839562122,0.7444624914453732,0.8406240246757963,0.9995729386747717,0.9935567820366139,0.9918167575124653,0.7383677684726739,0.8448585714712018,0.8850577595459375,0.883813517405303,0.8034882424102867,0.7491329182845512,0.8769282987941895,0.7646154153854527,0.9253250579099028,0.5690118946988834,0.8993922310882436,0.5899804911706321,0.9287407729092758,0.8676054067146816,0.7935969876441338,0.8897015904236059,0.9935567820366139,0.8993922310882436,0.8515802262612315,0.9904136841951487,0.6046145530539162,0.8993922310882436,0.888641308261878,0.8321506231964104,0.8357142839562122,0.8603114759417743,0.7576703724950384,0.47876588475504334,0.8993922310882436,0.7487260195784258,0.8993922310882436,0.9571376670427263,0.8351470532497567,0.8106427454010678,0.8993922310882436,0.7295144730135092,0.8993922310882436,0.9449522576097737,0.9083555504463323,0.90919810876568,0.9078959303485099,0.6502130055679132,0.9039652613938576,0.8929489608197003,0.9338358212159394,0.8347141576053578,0.6147206620345658,0.7840851943575233,0.8392374849683437,0.9097421633544907,0.8940052700922263,0.8029275997794056,0.8072801833126311,0.9038801420377733,0.9060638964407406,0.8814261386926303,0.6565519169534519,0.7850287704400715,0.892948960819701,0.8993922310882436,0.8741930427428961,0.8993922310882436,0.7519310769007839,0.89683404157438,0.9933095589619414,0.976350118998638,0.9201999388599624,0.5899804911706322,0.8298223478885358,0.8751860185986184,0.8772439656561347,0.8584426512265038,0.7978360964797413,0.5695585331492293,0.8010002320931141,0.7836611866807623,0.9961728888429654,0.9329016612088763,0.9563160015347995,0.9343681420012785,0.6254873296405832,0.7378377367694415,0.9395759839394253,0.9559231506618933,0.7438265858582667,0.8080063374072957,0.951525861158216,0.8968267690771242,0.9903336218005676,0.9201999388599624,0.9172347260035332,0.728562114048732,0.8785918741646355,0.5873005037754171,0.8714840103823689,0.9172347260035332,0.776992938960106,0.8798583249627172,0.8260511052106427,0.8202046342072098,0.6784026521698665,0.9061873961293254,0.9061577663451578,0.8971077380179768,0.8929489608197008,0.9061873961293254,0.9868418685480091,0.8599416755549181,0.9922022799705809,0.8133542695379483,0.8374116012927162,0.7730117451851697,0.9864740454997949,0.9016392859446953,0.6086586443352924,0.7938464463486743,0.9645325849988504,0.9649067432343336,0.886586143163953,0.87671361785398,0.932503659033307,0.9477894660083728,0.8915944281121327,0.9983494843809071,0.8508550668339616,0.9093913592550933,0.9418531888545197,0.9632433090667889,0.8788257764288041,0.7780506043441915,0.8891201681390329,0.8319650172278283,0.9212094218042226,0.7533949171332582,0.8475585260781597,0.9849012021081911,0.9061873961293252,0.8993922310882436,0.90974216335449,0.6351126547684957,0.6690294376269588,0.9172347260035332,0.9568407342490961,0.9935567820366139,0.8993922310882436,0.9690801727892031,0.9922022799705809,0.924916541932774,0.8939713957558895,0.9487917580532113,0.5873005037754171,0.9097421633544907,0.9755328899313291,0.984928603593777,0.9377821213923416,0.8867960431767521,0.9358668837972532,0.6905402417772548,0.8392374849683437,0.9933712903682356,0.883813517405303,0.8939713957558897,0.9752737206364959,0.909349913248918,0.8043158668705579,0.9174532864789899,0.9705887000705996,0.9329016612088765,0.9222645694136713,0.584138095724271,0.9135367484936401,0.8175150604237007,0.9933722160873584,0.8993922310882436,0.7993848522367959,0.810693606575931,0.5916800014347494,0.9123820951287551,0.9686270243184087,0.9932728688879773,0.8993922310882436,0.8993922310882436,0.707725083801023,0.8982552933740048,0.8998371119525745,0.8993922310882436,0.9839553731674052,0.49513192327918454,0.44085281354205463,0.8178918366715657,0.9578693710525257,0.8993922310882434,0.669815016429616,0.9943104640015844,0.9594530220921483,0.8700297843910696,0.8993922310882436,0.7646343017371671,0.642585099209399,0.8985284147378998,0.8389598607648112,0.9291653056283693,0.6028666678501573,0.9061873961293254,0.9060583503416715,0.8993922310882436,0.960693349872716,0.9606994486639041,0.7390091195975579,0.9820964406608133,0.9807840195689514,0.9961674840897725,0.954924242646743,0.8993922310882436,0.8428102138526526,0.9574419026393935,0.8993922310882436,0.910426823194825,0.8707955451918712,0.9846601289650442,0.9983494843809071,0.886586143163953,0.8993922310882436,0.6928317539169202,0.7862279856886558,0.9997376336428517,0.8341331581441781,0.9354298283560882,0.816153991776837,0.8416529682133569,0.8214602675191394,0.9061873961293254,0.9933942044579585,0.7751140922654685,0.9645515900483717,0.8856594165862335,0.6216060645343796,0.7438265858582669,0.8724042835510757,0.9097421633544904,0.844031444249126,0.8993922310882436,0.9625162230164763,0.9157491431226767,0.9741037694931156,0.9134708556523619,0.864917939476207,0.8929489608197005,0.9440358915008022,0.9801945723164652,0.9287407729092751,0.9460546403839527,0.8993922310882434,0.9171102496467267,0.8773466520230793,0.6734388855421987,0.9469207829576382,0.8875628936493658,0.9686270243184087,0.9171102496467267,0.9645515900483717,0.9003150628912608,0.9943104640015846,0.6520321555681023,0.8244335906208099,0.8842971758754066,0.8897015904236061,0.896616495658181,0.8780124908814335,0.8518887562661412,0.9061873961293254,0.8392374849683437,0.0,0.7562955218074445,0.8696642492046924,0.8007246376811596,0.9236102206896849,0.8514489788174842,0.7841426588398451,0.9309953985192001,0.970350740686734,0.9596253481255901,0.9294635986891295,0.7615767506681446,0.7839803582266724,0.9903387485424457,0.9031200523835079,0.9961389609527207,0.9887777901528662,0.9184016309221843,0.990338748542446,0.8475585260781594,0.9199994904187998,0.9465146323386673,0.8193134627880121,0.9649040979237946,0.9869181600365851,0.9969696969696971,0.9469207829576382,0.844898162601121,0.9937151903375272,0.913419102141044,0.7421888307704925,0.8898393963217797,0.8898393963217799,0.9933095589619412,0.6752318008799827,0.9327223474313895,0.9598263504967506,0.9552181517762153,0.9696724395861309,0.9567860036593587,0.8840491878601311,0.8611405528799292,0.8898393963217797,0.9913304772938245,0.8993922310882436,0.9568407342490963,0.8993922310882436,0.8993922310882436,0.7573327299257779,0.851153796957036,0.7279344422646081,0.8993922310882436,0.984682191596921,0.9011254468862913,0.9799771696850709,0.8129848631002939,0.8236540336500442,0.9929584851129627,0.583512322409476,0.746634087152271,0.7516809557057982,0.7044347600033006,0.9622850770746427,0.9134191021410443,0.8620322227114245,0.9986266738095138,0.8041143701014604,0.7421841781129889,0.954924242646743,0.713341106194977,0.76038095837736,0.9134191021410443,0.8001103211856262,0.9061873961293256,0.713841861530679,0.7708756350468661,0.9262698231600373,0.8724042835510755,0.7876156796710829,0.8489613700399667,0.8824828972729082,0.8724042835510755,0.7719882607592561,0.9061873961293254,0.8780124908814337,0.9417626114543682,0.9273614004407342,0.8782536185352057,0.9388681206579638,0.9933095589619414,0.7808456721895973,0.7961238205610736,0.6928317539169204,0.8280740422732293,0.9696724395861311,0.9391366663555987,0.8539618916939773,0.9752737206364959,0.9765448130875445,0.8003635445348862,0.9473726654430644,0.8650097788609219,0.9304719414430939,0.8841909425473032,0.8655902466966519,0.8993922310882436,0.9097421633544904,0.9589999745462268,0.9870810478556495,0.8567662427653265,0.9943104640015847,0.9287407729092756,0.8539618916939773,0.7931974414841151,0.9031200523835075,0.9082449402656072,0.9212094218042228,0.871113025179334,0.8584426512265035,0.8095519676418692,0.9287407729092754,0.9208601429117473,0.9182608372621721,0.9461095570705992,0.6778063782787326,0.9715452542734455,0.9583051948925798,0.954446257793937,0.9595170167348939,0.8646979598369935,0.9361758350416751,0.997803163232597,0.8514489788174842,0.9839553731674052,0.6240451590515959,0.9807840195689514,0.7665317431279957,0.9634101886499156,0.7878173646451987,0.8961308828316215,0.865544165651668,0.9952108387251197,0.8750116732174094,0.9552703721389348,0.9465146323386671,0.8106936065759303,0.8593962429851332,0.926269823160037,0.7301297949548577,0.9589131610834034,0.9683237244170737,0.9284481156139275,0.9134708556523612,0.9200152252821037,0.951525861158216,0.9253688519211309,0.8993922310882436,0.6770134925273079,0.9346557185206579,0.8313916961153243,0.9446701888736624,0.8993922310882436,0.9476986383725425,0.8957048390915473,0.8139197462693821,0.6784026521698668,0.8319650172278279,0.8688988704408214,0.7646343017371673,0.7088471040184072,0.8565016117177144,0.7518469640416182,0.7218092549780517,0.8869410318861257,0.9134191021410443,0.851888756266141,0.3776008246122903,0.9868418685480091,0.6504564640932797,0.9752737206364959,0.967933791240146,0.8929489608197012,0.9253688519211309,0.8838135174053026,0.9995729386747717,0.9372344714402792,0.7774153406968625,0.770912863672937,0.9625162230164763,0.911396567151578,0.8027948963261122,0.8660664554594935,0.7719852245904164,0.9329016612088765,0.9097421633544907,0.9247323722236847,0.9329016612088765,0.8961308828316215,0.941079384442943,0.8993922310882436,0.7961238205610728,0.8841909425473031,0.8993922310882436,0.8889867521198009,0.926980147113194,0.9172347260035332,0.9061873961293254,0.9568407342490961,0.9801945723164652,0.8961308828316215,0.8329159536507166,0.7368631711703979,0.8724042835510755,0.9262885612474925,0.8993922310882436,0.722838214875686,0.9061873961293254,0.930001498873569,0.8681591602101824,0.809548002141264,0.9625162230164761,0.9027412033397848,0.8118334674327653,0.9214717993224893,0.9064840699954799,0.8993922310882434,0.8968340415743794,0.8961952406152165,0.6609108094990819,0.7493779155975551,0.9786384251155433,0.9172347260035336,0.6216037212533727,0.9061873961293256,0.9763925012167985,0.7908246837444266,0.8993922310882436,0.9750767117923149,0.7667244059335221,0.6046145530539162,0.9277057399304578,0.9247323722236849,0.9134708556523621,0.719232571191649,0.8929489608197005,0.8140419107787203,0.914628659417789,0.8993922310882436,0.8993922310882436,0.9517461635787838,0.7255407606155628,0.9411059021731607,0.9437174690367083,0.9545393092820331,0.9850953438033417,0.7688726736855895,0.9140193758849031,0.5696236093084085,0.8442234457755438,0.8993922310882436,0.7358080822712506,0.9097421633544904,0.6254873296405832,0.9623391436554962,0.9172347260035332,0.9023474946073988,0.8993922310882436,0.8993922310882436,0.893137500430546,0.9113965671515778,0.8767880643359707,0.9099317521606789,0.888498527750186,0.8007246376811596,0.9122177014789306,0.8940052700922267,0.961300008836971,0.8727799215433701,0.8993922310882436,0.7243697373376097,0.9208737712128994,0.9417626114543682,0.9172347260035334,0.9824851409715576,0.9851448415645756,0.8928982317453213,0.7099938617412704,0.9027412033397848,0.8292975617100251,0.8993922310882436,0.7407010302944559,0.6596439893239399,0.9812252964426875,0.7970093785279521,0.936271220790821,0.9164060891461528,0.8343612972776204,0.898376476688626,0.9568407342490961,0.7396737453784703,0.9096187827149202,0.9945183240274953,0.9839553731674052,0.9687413438260817,0.9226325469213175,0.6955820764499019,0.5888534630008027,0.8961308828316215,0.7734251493891509,0.9438841418650028,0.9307016541888509,0.9473887865940549,0.8251068045020444,0.8968340415743798,0.9752737206364959,0.9748214106481391,0.7466340871522703,0.8416368978310873,0.7942406984776216,0.8993922310882434,0.9686270243184087,0.7708756350468666,0.9099317521606789,0.806941093825116,0.8867960431767523,0.896130882831621,0.9147585594844332,0.78995237107395,0.6290018992852157,0.6954851608194416,0.962731967546085,0.7503219445908045,0.9003150628912608,0.8993922310882436,0.7982576098346295,0.9372344714402789,0.7626034921967881,0.6520321555681019,0.926269823160037,0.8696642492046922,0.9097034792936665,0.8993922310882436,0.7442550656863198,0.9765448130875445,0.5873005037754182,0.8944764529604539,0.9086618110626268,0.877254861181242,0.9097421633544904,0.7646154153854527,0.7979758437920643,0.9601311410621265,0.9988129382625097,0.9952673588808036,0.9298137044599375,0.9748214106481392,0.9433011034543322,0.9750767117923147,0.9200110104166674,0.9764965868575897,0.7665317431279954,0.7243298006755159,0.9302007141279779,0.9870810478556494,0.9329016612088765,0.7562838856997298,0.9113027155161052,0.8582905374781613,0.9716036501368991,0.9360135010309725,0.8993922310882436,0.8738556509755298,0.9045995271416558,0.8992865236029115,0.8993922310882436,0.9235981355037082,0.9208601429117473,0.9172347260035332,0.9645515900483717,0.8961308828316215,0.8352432841806781,0.9809665491287068,0.8178918366715655,0.9721556015951156,0.6932816589261375,0.9645515900483717,0.9928648151011861,0.8993922310882436,0.9400757463595382,0.8993922310882436,0.6299503038670398,0.8886413082618776,0.8708177940079274,0.6254873296405832,0.8539618916939773,0.7883567843866357,0.9023560189821775,0.704797078684068,0.8993922310882436,0.8747241730549082,0.9788524334252813,0.950954503031161,0.5796374408851779,0.8321506231964104,0.9097421633544907,0.8514489788174842,0.8569575328025562,0.8915944281121329,0.8924856989260319,0.9661595652103757,0.8915944281121329,0.8728920970887104,0.9097421633544907,0.7730117451851697,0.8915944281121329,0.6254873296405832,0.6106954354195694,0.9417626114543682,0.8653850403263915,0.896130882831621,0.8034882424102872,0.8889867521198008,0.8064907104924686,0.8814261386926308,0.9645515900483714,0.8298223478885367,0.8799678088963248,0.9935567820366137,0.8027948963261119,0.9571376670427263,0.8464976705745091,0.7965274940653213,0.7528155064550847,0.9686536804090708,0.8183996995703311,0.9947962922931933,0.6290018992852155,0.9061873961293254,0.9821468422331385,0.9782950783443082,0.8565016117177142,0.9679337912401462,0.8468337236578862,0.9097421633544904,0.9134191021410443,0.8881730297134138,0.8814270131992581,0.8202877345863091,0.93755703133742,0.6880019323703837,0.9547993197183988,0.9377821213923416,0.8756960152361013,0.8993922310882432,0.8472527033751736,0.9314084850643447,0.9552181517762152,0.8248675029173147,0.9833246124819266,0.826051105210643,0.941079384442943,0.9384231771265084,0.8934655458176228,0.6565519169534529,0.8539618916939777,0.8503952569169961,0.7821212056737451,0.8984260345019162,0.8808870709207712,0.9614667575284866,0.9696724395861311,0.7740413044728778,0.9683330078967577,0.5695585331492293,0.941762611454368,0.9771147312346136,0.8565016117177131,0.9465146323386673,0.87671361785398,0.9489538339430426,0.9598263504967505,0.8923001666428507,0.9638837908220002,0.8880350496408189,0.9794926266231158,0.8581555195360451,0.9728308952426489,0.973759069089972,0.8998328740391308,0.9134191021410443,0.7878173646451987,0.9262698231600375,0.9807840195689514,0.6520321555681019,0.9337242849578087,0.6752318008799827,0.9601328755557764,0.9134191021410443
p165_L,0.8493351545299859,0.8873780235023772,0.6913503038897614,0.9057134610421451,0.888597441674465,0.9528969934766465,0.7615782206264952,0.7803689386190689,0.8947444133884137,0.9036427959670748,0.8284549267652426,0.9317671833421676,0.8992238658872064,0.8356337206340989,0.8882420183245303,0.8468602265229095,0.9494328703162627,0.7529368600344388,0.8987819282972862,0.9456088940393095,0.8409625948076613,0.8384397742484175,0.9255097068979281,0.9501274195672516,0.847944115313171,0.9852604376725091,0.8961601193025837,0.8277564165531061,0.9456088940393093,0.6712167117142551,0.9419058529151614,0.8515217437664596,0.5656345798732629,0.9836616292488269,0.8551058460289129,0.8987819282972862,0.6699854144167717,0.861556838206617,0.9087295850935582,0.8562332614445927,0.8963381430080475,0.8897904472339431,0.9970644018597343,0.8263619411958804,0.9270415213788148,0.9863953772221745,0.7221285782062665,0.9922471696552324,0.8896995177233736,0.8202278216204196,0.8896188734697235,0.9909758456421439,0.9594467068238349,0.8873780235023772,0.921852478408735,0.9777757778837683,0.8526700377396739,0.8769613888066743,0.8928716203173273,0.7191187184979118,0.9443914063565136,0.9352825590316521,0.963112100630142,0.8963381430080475,0.8941155981922166,0.8770317035992403,0.9265987852931257,0.9360103581516315,0.8103709436999832,0.9789330807700096,0.8323606624541717,0.9324534276942025,0.876961388806675,0.8995372933811573,0.8769613888066743,0.6671830450053295,0.9355636711872981,0.8831681344805433,0.8214426654841008,0.9087295850935584,0.9120058283559649,0.9207060527021793,0.8214022016228846,0.5980544749423946,0.8769613888066743,0.8004840668654838,0.9796876208510955,0.9216877875074122,0.9668761988283321,0.8729729119280702,0.8769613888066743,0.774728551226082,0.9502521418132894,0.9957088684631714,0.8700172273324445,0.9144839319546848,0.805472610828379,0.6791550708773425,0.9060176094445255,0.9242334011801058,0.8776911857684928,0.9566533521299645,0.876961388806675,0.8473424836142518,0.9529464534800507,0.6603867331027351,0.9800310933206047,0.9563954108039706,0.8479441153131715,0.9584969119895823,0.784424271717683,0.8897904472339431,0.9584879461854648,0.9286056194428292,0.6507467849476519,0.9783249117863022,0.9652786001311675,0.8987819282972858,0.9087295850935582,0.9614987348333547,0.9545571771754273,0.7757423520635385,0.8473583193897771,0.9142350746278696,0.9372983697814679,0.8284618251201613,0.6699854144167717,0.8890793421309985,0.970602864292951,0.9909748848129505,0.8887305903195448,0.8852715588713491,0.9265987852931257,0.9587681897571775,0.865278717226353,0.9898135458016787,0.9826024874311735,0.9635786971165281,0.7036020964728495,0.9007584705561618,0.8781468989267072,0.6766962233105791,0.6992267988654157,0.7895026393034281,0.7635079022515567,0.9650479286771336,0.9074771147066262,0.847567033410713,0.8562332614445931,0.8508086632763487,0.9036427959670745,0.8837108201059836,0.920180334645047,0.869966440846027,0.9635786971165279,0.9832668718606092,0.802046810067097,0.7980746927291406,0.8541112747024349,0.7579628834486956,0.7070874340366973,0.920962455500657,0.8940058527473687,0.9556126702733909,0.6782316684962635,0.8416717273147609,0.9373458685393765,0.6261643267534291,0.8214022016228839,0.9128337206956465,0.8122738071647504,0.7365072786124034,0.9777757778837683,0.755026692591285,0.8505435533410755,0.841781585346502,0.9388575045336478,0.8531084797742616,0.8747201324780256,0.9532263091487533,0.9766681760133329,0.983283434917974,0.8776911857684926,0.9055162293830299,0.866497838755875,0.9606393327501304,0.8340595471317583,0.8595697984695976,0.8579093482290859,0.9099308683876863,0.8690815696440013,0.8748474407051274,0.8841906746477937,0.9619733950724784,0.8735668348918968,0.8769613888066743,0.8810570257461647,0.9641122723804829,0.836720694254137,0.7496446267296778,0.9859274872741232,0.8729729119280694,0.8769613888066743,0.7241219386721115,0.9619733950724784,0.903642795967075,0.8769613888066743,0.8367538381607407,0.9872199098811125,0.9174709011308254,0.9870950124613466,0.8298909715602121,0.8729729119280694,0.8769613888066743,0.7143900290594493,0.8769613888066743,0.7843024496513735,0.9653252099328204,0.9155910884222396,0.8769613888066743,0.9695235528116284,0.8769613888066743,0.8363886770601061,0.9392304259694947,0.8196336035726186,0.6885272298537122,0.8852715588713493,0.9917523870563565,0.9007584705561618,0.8570147736596392,0.9073141018667632,0.7926593865578568,0.7535145798883263,0.8709949476105303,0.8896188734697235,0.9106805596672262,0.881696058197244,0.8211471743082236,0.9032050964179545,0.8345834727395528,0.8563886780454901,0.8961601193025839,0.7757423520635385,0.9324353714683227,0.8769613888066743,0.9790672418079983,0.8769613888066743,0.6403499488217804,0.794728037059518,0.9994413910600695,0.8738186860860648,0.9795111931084222,0.8810570257461647,0.7980746927291404,0.7371450006596979,0.7775644608857419,0.8831681344805433,0.8856768679632377,0.8852715588713493,0.7393770088066189,0.8262008602210331,0.9912770162205764,0.8729729119280702,0.8753071847132022,0.9818395825535305,0.9087295850935582,0.9829308796297104,0.9378520590773232,0.8897904472339433,0.6976206385496839,0.7645759282796867,0.8896188734697232,0.9278600731476716,0.9563954108039707,0.8480702878802495,0.6603867331027351,0.8625125716397559,0.9645310406343728,0.840605452837748,0.8987458597477798,0.6603867331027351,0.7177953309248148,0.894157095898263,0.970974670557077,0.8631608948656097,0.8589936341034474,0.8852715588713493,0.9160616202658491,0.9875683479052768,0.782472520322233,0.9923442487592722,0.9209624555006568,0.9530469294177939,0.8987819282972862,0.8518466833350298,0.988509303329159,0.6730941208763335,0.868412861710399,0.8987819282972862,0.876961388806675,0.8816399835277959,0.8690815696440015,0.9265987852931254,0.9429618435564383,0.9452412041213476,0.8852715588713491,0.7372591852241528,0.9739004697676137,0.9199681005954765,0.9675651188505645,0.9497266823740862,0.8069494822847099,0.9697336807460047,0.9306771303942906,0.792466075976408,0.9875749921115438,0.8947444133884138,0.9456088940393093,0.926205025440535,0.8999990886573643,0.9052675618266006,0.9362739579821125,0.8769613888066743,0.8885016555898605,0.8630126906922277,0.8340434463867707,0.6603867331027351,0.970974670557077,0.8729729119280696,0.8769613888066743,0.7925445579864343,0.8987819282972862,0.9087295850935584,0.9231307706776086,0.8954132258404994,0.8673056527925582,0.8896188734697232,0.9378520590773233,0.8625125716397561,0.9027578767165136,0.9575562411870289,0.9045863009554409,0.9923442487592722,0.9487383617681948,0.8427039949809403,0.9947472754044585,0.9231307706776086,0.9087295850935584,0.9929197607638625,0.8484616112828705,0.9773841771387457,0.7950258599351094,0.8729729119280698,0.901577237166441,0.8290807579080666,0.9584879461854647,0.9114426595445108,0.9095244602948361,0.8769613888066743,0.8505435533410753,0.8227646923268619,0.8063293087015988,0.8875871766752219,0.9875749921115438,0.948602594113495,0.8769613888066743,0.8769613888066743,0.8308265393613894,0.8266979690455725,0.8025713065724318,0.8769613888066743,0.9036427959670745,0.8769613888066747,0.8122738071647502,0.6592060669014551,0.947572014945465,0.9774361757433292,0.8152867967569701,0.8508149632256921,0.8964217583041318,0.9696600968648024,0.8769613888066743,0.6784404744707786,0.8196336035726188,0.9806846329692656,0.9740822924425114,0.8534589525355221,0.7338898156069198,0.9923442487592722,0.9597379404856803,0.8769613888066743,0.9419478442134943,0.8598571772354451,0.7659246011893255,0.8887222882279696,0.9155922226567081,0.8701128648070613,0.891704658307676,0.8769613888066743,0.949307844417577,0.9331759172235703,0.8769613888066743,0.8626088325723282,0.9775049015444076,0.8169973200262514,0.9199681005954766,0.9429618435564383,0.8769613888066743,0.9740822924425114,0.9676704051648002,0.9325451343746467,0.9380388006770111,0.9188614648183125,0.8984297586183846,0.9751300446262703,0.8428429005423304,0.6507467849476519,0.9260814140200433,0.8280823810860061,0.898325266967624,0.8545824313112536,0.7785892488663404,0.7308999631182806,0.8439563871070153,0.6296422728260445,0.8598571772354451,0.8769613888066743,0.9388575045336478,0.9249618645003992,0.9999558400885654,0.9726433961423495,0.8796286875531772,0.8690815696440013,0.9168384684757953,0.881057025746165,0.8690815696440013,0.8831681344805438,0.876961388806675,0.8873780235023772,0.6895012801713314,0.8465949417288594,0.8987819282972862,0.8781999638661512,0.9875749921115438,0.9463153740489592,0.9113836535202472,0.8739401990905133,0.8790645325462272,0.9456088940393093,0.9930941377945572,0.9159089115216751,0.940428216879786,0.8635463019349756,0.6689423583252051,0.9001072080581115,0.9005830613528044,0.8033949386275521,0.7562955218074445,0.0,0.8406054528377478,0.7562955218074445,0.9120058283559649,0.9898588770674845,0.73394047812987,0.7894407967054085,0.829890971560213,0.8961601193025837,0.9673275245901489,0.9914865387674652,0.9774869716111111,0.9474062526569897,0.9255097068979281,0.8983288918365503,0.9696812161068078,0.8116587495788621,0.8406054528377482,0.8999990886573641,0.7595747459702062,0.9209624555006568,0.9590216157592657,0.9285061505918168,0.8227646923268621,0.9492768191321717,0.8607646142845443,0.9090894373684011,0.9675164133126005,0.9325451343746467,0.8637098510569028,0.8961601193025837,0.9579229234550453,0.9994413910600696,0.8987819282972858,0.8662820504755466,0.9031093509380597,0.8477278138591386,0.7365072786124034,0.9380595468379902,0.9862338775892625,0.9179672383016202,0.8652787172263523,0.9064624437959838,0.8769613888066743,0.6831595038010521,0.8769613888066743,0.8769613888066743,0.894815519409566,0.843956387107015,0.8709949476105299,0.8769613888066743,0.9808532894061284,0.893133267705991,0.9255592688951397,0.8159529272430242,0.7132633774480965,0.9182822437652041,0.8068009963622857,0.803792665379814,0.8552485427835108,0.921852478408735,0.9216297627884995,0.8941155981922169,0.9321484275979781,0.9795111931084224,0.905689406782524,0.9179293408389999,0.891704658307676,0.900758470556162,0.8889464699248761,0.970974670557077,0.95621522147329,0.6507467849476519,0.8172798848289999,0.9638132405078337,0.9160345925329105,0.9255097068979283,0.8859542286993404,0.829797934627843,0.9949280073929565,0.7754614538687266,0.8291262499604075,0.9005830613528045,0.9638132405078337,0.881057025746165,0.9275624745308604,0.9017493885533007,0.9769703143647314,0.9265987852931259,0.9335081311205445,0.8652787172263527,0.9309729396710105,0.7398058791729853,0.8729729119280696,0.9950517936145984,0.8700172273324442,0.9970644018597343,0.9328088696050092,0.8473302763008344,0.863012690692228,0.9540868116080646,0.9355636711872983,0.9587679056527301,0.9702871999189118,0.8769613888066743,0.6296422728260445,0.9518623460254716,0.876961388806675,0.9178545522354897,0.8790645325462272,0.9408570248830356,0.8626001312649728,0.9898695270601608,0.8711408270373195,0.936201417034314,0.844560615599518,0.9614831597386122,0.9696812161068076,0.913942162677453,0.8690815696440013,0.921852478408735,0.8203728190587152,0.8601436529773288,0.8673056527925582,0.8126878901500614,0.9612144424779849,0.9774844341849921,0.976750477542734,0.8935282839381893,0.959930361496886,0.7891438151464819,0.9621880987801927,0.945608894039309,0.9027578767165136,0.9117317927905748,0.8438717124488372,0.8408871827456954,0.8331453593106182,0.9055162293830299,0.9452994337692775,0.8514200002806847,0.9528969934766465,0.9826024874311734,0.9005830613528044,0.9341678196337531,0.9159089115216752,0.6903032279825793,0.9575099516650529,0.822023292534354,0.8473583193897771,0.9206402651695216,0.6554287635127102,0.8729729119280698,0.666622184649447,0.9087295850935584,0.8769613888066743,0.8484616112828707,0.9506482392730301,0.8567065401661229,0.8747201324780254,0.8769613888066743,0.9107713060732212,0.9303463162724492,0.7421227855214142,0.8122738071647504,0.5763928504558281,0.7931396251876046,0.922200795312004,0.7691357269847559,0.9231292113582164,0.7724325244743468,0.8625685817234212,0.8987229806623138,0.6831595038010521,0.9198472164955832,0.8276488897108552,0.9209624555006568,0.860143652977329,0.9087295850935582,0.97824973809748,0.8690815696440015,0.9970644018597343,0.9168466987756683,0.8776911857684926,0.9439445800977779,0.9995843996669787,0.6789132423679674,0.8607646142845442,0.9104529844522264,0.992062809828369,0.9851505003317852,0.928472488389271,0.8729729119280698,0.8896188734697232,0.8961601193025834,0.8729729119280698,0.8729729119280702,0.8259282749552115,0.8769613888066743,0.865278717226353,0.8567662372749554,0.8769613888066743,0.8406054528377478,0.8085024044837628,0.9008401905209052,0.6507467849476519,0.8941155981922166,0.881057025746165,0.8729729119280698,0.9597379404856803,0.849989445594458,0.8298303337293348,0.9808343318191517,0.8769613888066743,0.8363659035994002,0.9566533521299645,0.9207060527021791,0.966406692486957,0.9339702684827471,0.8987819282972862,0.984662616477795,0.9033436726399081,0.8601436529773288,0.930457655379882,0.754631059092259,0.816533242365455,0.8554328540249281,0.8662820504755466,0.7679632765213474,0.854330440605122,0.9388575045336478,0.8816399835277962,0.686437681576959,0.8363659035994002,0.8934216034874054,0.8769613888066743,0.9890722286111192,0.7077888860352759,0.903642795967075,0.9402278576548282,0.7023816537064173,0.8831681344805433,0.862214628204755,0.8690815696440013,0.9586485252862258,0.9608531961667891,0.8769613888066743,0.8769613888066743,0.8566245557996064,0.8754042279051025,0.8235326738172841,0.9364514978367431,0.8666458256320269,0.9335133225079679,0.8096028784405533,0.9641594493135244,0.8373021566360079,0.912254255979655,0.8769613888066743,0.8172798848289999,0.6296422728260445,0.9087295850935582,0.935282559031652,0.6603867331027351,0.9449607787152485,0.8769613888066743,0.8769613888066743,0.9872827058128417,0.9439445800977779,0.9818472950454276,0.7819406356073467,0.9970256162550315,0.8577418835431022,0.8984739487221407,0.9928287916704105,0.9493289294510631,0.9717690605117726,0.8769613888066743,0.8819488582832657,0.9130181702311826,0.7045206113273146,0.8987819282972862,0.9216297627884995,0.9866768251449787,0.7834491233257184,0.8450453177882404,0.8771965958800313,0.7499429681434646,0.8769613888066743,0.8846722259288387,0.8896065687109966,0.9928287916704105,0.977036427068225,0.9832864666469104,0.9652786001311675,0.9293989960340746,0.9134350542729317,0.9137367208956324,0.757135546155673,0.9300085100481095,0.9270415213788146,0.9875749921115438,0.9757932014501913,0.963112100630142,0.912254255979655,0.8896188734697235,0.87297291192807,0.7225303587845895,0.9277334818261305,0.8601436529773285,0.9938660034494666,0.9528969934766462,0.8601436529773288,0.8262659646079136,0.9528969934766465,0.9814527413170582,0.9431109562544522,0.8548309103084436,0.9104529844522264,0.945608894039309,0.810190204927882,0.9796876208510954,0.9086100990811172,0.5957823999743233,0.8666805484322464,0.8776911857684926,0.9109375346047501,0.9155922226567081,0.8126878901500618,0.8450453177882402,0.7474721051277022,0.8015498554037683,0.8769613888066743,0.774728551226082,0.9104529844522264,0.9804210844194685,0.9036427959670748,0.9947670284298131,0.9474062526569893,0.9835004286713847,0.8769613888066743,0.9942559351419209,0.9328088696050093,0.9474062526569897,0.9328088696050095,0.9887276980950696,0.9268711866644734,0.6666221846494469,0.9137343252771425,0.959021615759266,0.918282243765204,0.9574511987236054,0.8983252669676238,0.8805333160998425,0.9087295850935584,0.8983252669676238,0.9890722286111191,0.9972794255747395,0.8816399835277959,0.8742350868198325,0.823532673817285,0.933731093961307,0.9555806329655672,0.8729729119280698,0.9239913168718671,0.9661210786438676,0.9940059951169431,0.976213885094736,0.9630749062172737,0.8769613888066743,0.9796896311191661,0.780230829825003,0.8356337206340987,0.8769613888066743,0.9617550929170788,0.8917046583076758,0.6603867331027351,0.8711408270373195,0.9055162293830306,0.967451598307264,0.9078192451264866,0.9636156924183875,0.9027123337973115,0.9425504030866845,0.9255097068979281,0.9122542559796549,0.8769613888066743,0.97824973809748,0.8769613888066743,0.9388575045336476,0.7165436500210416,0.8557513734431803,0.9087295850935582,0.8943247401872247,0.98642990905794,0.8692214879326462,0.9074072312030642,0.8769613888066743,0.8936125496492136,0.8877469170664952,0.9190304606998756,0.8183290263232237,0.8127782674336161,0.8896188734697232,0.7980467804581934,0.8626088325723282,0.8637098510569032,0.8889501485650008,0.9342149155630057,0.8637098510569032,0.9290733745114939,0.889618873469723,0.6553146522614905,0.8637098510569032,0.9087295850935582,0.8856709080841194,0.984662616477795,0.9931245559435049,0.8729729119280696,0.8626088325723282,0.8940058527473687,0.9675164133126005,0.8999990886573643,0.9929369733111595,0.8196559896960938,0.8816399835277959,0.9643105007971279,0.8790645325462281,0.9382902100331842,0.8840473177337155,0.8661977725831256,0.9719902998179024,0.8920343816069023,0.8310708281239402,0.8816399835277959,0.8810570257461647,0.7221285782062662,0.9183338903868707,0.8922913131968897,0.6577313238284952,0.8738186860860648,0.9688712114944937,0.6666221846494472,0.6447299676186219,0.8459950512349228,0.9598301826840944,0.8894956004938195,0.9321484275979781,0.8459998046105153,0.8002641347932273,0.9027578767165136,0.9809139221107239,0.7546310590922589,0.896829139698099,0.9866250488268015,0.9545571771754275,0.8327855455185351,0.9909758456421438,0.8941155981922164,0.8709949476105301,0.8354289651139997,0.9852604376725091,0.9888043255312757,0.8626001312649728,0.8720843002022809,0.8229197263013011,0.8475635055089444,0.8284549267652426,0.7762647458277669,0.9055162293830299,0.875590010433241,0.746513692485343,0.8852715588713493,0.7045206113273155,0.8817154931128975,0.9042839501892526,0.8852715588713493,0.8877618338174345,0.9584445377553292,0.7703947182571966,0.900758470556162,0.7824725203222332,0.8964217583041316,0.8940058527473687,0.9001072080581102,0.9566533521299645,0.8777960325103511,0.7588915478400953,0.6831595038010521,0.9074771147066261,0.9160345925329105,0.9501274195672516,0.9036427959670748,0.9575656187138193,0.8987819282972858,0.7227520175734188,0.6831595038010521
p165_T,0.937232024744725,0.7995826090493262,0.909915270876541,0.97263879566368,0.9341976401680094,0.9797658041147691,0.8739070987317205,0.9256023309786805,0.906497680742552,0.948467140918744,0.9671761235857239,0.9661859802146439,0.9661859802146439,0.5891406252078384,0.9497150705470578,0.9071276996480022,0.9754970377701453,0.8869832509521183,0.6782333744456288,0.948467140918744,0.9489679548235488,0.9643765980294186,0.9590434494932021,0.9363880304285923,0.9183656033219387,0.911244667414393,0.6858370199815056,0.9262039440654459,0.9859275654047343,0.7969846017459076,0.9028404281797042,0.9409669977890662,0.9259591224230199,0.8948535190071925,0.9341976401680094,0.9458674971126175,0.9363880304285923,0.6498720808427028,0.9511876099263499,0.534421773653347,0.8696642492046924,0.9950420205336963,0.9797658041147691,0.9539851747197046,0.830667028875826,0.9557099233122189,0.9386420076357271,0.9318712301664058,0.9095242312718104,0.9173933468462487,0.9987774230311344,0.8057294229843495,0.911244667414393,0.9838552657289735,0.9326512786655548,0.9078247903914516,0.9078247903914518,0.9341976401680094,0.7711911134087561,0.9299834289466347,0.8782944901168632,0.8280565779961775,0.951599083741091,0.9300014988735692,0.9433718940682516,0.8188914049071834,0.9409669977890662,0.8876293639059187,0.9387834170130916,0.9458674971126177,0.7052400885307084,0.9095242312718104,0.9087308614830323,0.891670906443528,0.9341976401680094,0.8529137105219888,0.9914610572055534,0.8524968541217386,0.9329930561544768,0.7726260462381258,0.9220943680125895,0.9147540983606557,0.829517707536801,0.9112446674143933,0.9341976401680094,0.5494050292896668,0.9202142532643907,0.8603697996852706,0.9792166697491576,0.9320645602494202,0.9341976401680094,0.6796600945069258,0.8209158355527628,0.9600483794514858,0.9044839950643897,0.9926545800718496,0.6595589972769637,0.8542911987973543,0.927860749996698,0.9031596221624145,0.9078247903914518,0.9944373248680742,0.5945878647851163,0.8601364019977593,0.8584628261955793,0.9458674971126175,0.7694355909475995,0.9407038112292609,0.9084229524444828,0.8483281082368606,0.7355005457500066,0.7587942989643184,0.9090089695877879,0.8827012888689014,0.9386420076357271,0.8761416030755185,0.9240084059312026,0.9914826481470903,0.9797658041147691,0.9157357559104304,0.9792126008602174,0.7315436308993343,0.4320914808021412,0.9403227338586295,0.9919535000677884,0.8408986703131247,0.9363880304285923,0.9208219488037758,0.9829392900173883,0.9243062854435229,0.9400894443412462,0.9386420076357269,0.7699808760005917,0.9511876099263499,0.9279496229669748,0.8634427373462416,0.9511423881204941,0.9409669977890665,0.9409669977890662,0.9299834289466347,0.9965041039685563,0.9484671409187437,0.8883816811541567,0.8266272054633474,0.724121273247438,0.9169506775373655,0.9939623810860378,0.8909939462774465,0.9889605162825021,0.8670951063913666,0.948467140918744,0.9099149954318695,0.765913199194565,0.8732786138576025,0.9987774230311344,0.9492423737771563,0.8640189757409726,0.7064498358792062,0.963701308997942,0.814927170003795,0.9090089695877881,0.9497673578995788,0.834804539722572,0.924998161170655,0.8668322994400732,0.763727719363275,0.8705188107117408,0.9794926266231156,0.9424837518356481,0.8958732693715752,0.7717325331780394,0.9320645602494204,0.9078247903914518,0.846164304316052,0.9679705354720314,0.8093070140495187,0.9458674971126175,0.8584628261955796,0.9320611426402996,0.7558131175830033,0.9518337142340696,0.8556713284264508,0.9860555452130657,0.9153112504466758,0.9424085528590771,0.7957842957706323,0.8659295687789172,0.9950042944438358,0.9240084059312025,0.8028738209441857,0.9709760367855709,0.9687072640073062,0.8147003782300277,0.8852556010656272,0.878294490116863,0.9341976401680094,0.9363880304285923,0.6243341668482915,0.9926545800718496,0.9284645483639715,0.9173933468462485,0.9661859802146437,0.9341976401680094,0.8813439357061883,0.8627420290162628,0.948467140918744,0.9341976401680094,0.9955290054729584,0.9243062854435231,0.8808617942287751,0.8395807850136314,0.8768403073232188,0.9320645602494204,0.9341976401680094,0.9618702432415295,0.9341976401680094,0.870292394493732,0.7815951709705525,0.7649447659887865,0.9341976401680094,0.9711250868958108,0.9341976401680094,0.9864272560263367,0.8797557950282513,0.5914675323792313,0.8392447154194034,0.9386420076357269,0.9282039368349262,0.9299834289466347,0.7434758999605573,0.9202142532643911,0.9952234886231107,0.7985533442261596,0.9642416825773448,0.7699808760005917,0.8696642492046927,0.9156518518301395,0.8791728214273921,0.8059992810331441,0.8902183677316944,0.8902183677316944,0.9762262925984146,0.6759546048296936,0.9299834289466349,0.9341976401680094,0.9665301256886063,0.9341976401680094,0.7913711300920059,0.5984628665908793,0.9434121517267969,0.9396813390495186,0.9057422195309193,0.9363880304285923,0.9561713296625203,0.9183656033219387,0.6464055357779469,0.9220943680125893,0.9208219488037759,0.9386420076357271,0.6960254872302298,0.8338083271305468,0.9182530751505797,0.9320645602494202,0.9364748811663077,0.7552679275498626,0.9511876099263499,0.9015671522379931,0.831095762311769,0.9950420205336963,0.9104881504923739,0.7123014380704192,0.885601726484729,0.9492911846282337,0.940703811229261,0.8022554555169898,0.9458674971126175,0.8716459884847005,0.9224334462166928,0.9564943253467844,0.6069119831825869,0.9458674971126175,0.9301784919255027,0.8735870403019008,0.9433718940682516,0.8981981738963494,0.9178060595542,0.5034048200408014,0.8948535190071925,0.9091463145393535,0.9299834289466349,0.9386420076357271,0.9944373248680742,0.8767539430349807,0.9458674971126177,0.7842340498562543,0.8613619137682154,0.8793331866131819,0.8656652131134634,0.8661829386665059,0.9610880275993517,0.8124487711907676,0.8224152353838798,0.7699808760005928,0.8796959556003754,0.9880552524038386,0.9386420076357269,0.8918850562014597,0.9262039440654457,0.9415261486075026,0.9476274985418003,0.9563192683487715,0.8290620116854224,0.885967168495714,0.8812967505720881,0.7189117183576721,0.9484671409187437,0.9998120556396835,0.9859275654047339,0.9300797186110579,0.9583942031553514,0.6952783482572539,0.9944373248680742,0.9341976401680094,0.940966997789066,0.8483134108505914,0.7659200019720258,0.9458674971126175,0.9965514935490281,0.9320645602494204,0.9341976401680094,0.9616684643803335,0.9458674971126175,0.7035794602792436,0.9824794635567504,0.8636104750923244,0.9147540983606557,0.9987774230311344,0.9250576155467345,0.9651288497804207,0.7352115082109041,0.9259591224230199,0.8245520852436378,0.9386420076357271,0.9300797186110583,0.924285512575289,0.9240084059312024,0.9847561434335569,0.9511876099263499,0.898618099447231,0.858563083765747,0.8921023247330178,0.9754970377701451,0.9320645602494202,0.9701426189491364,0.898310709108256,0.9318769040234609,0.9108450690577525,0.8668965825417401,0.9341976401680094,0.9336373275557406,0.9673786919850064,0.8897474010517705,0.9629590308991038,0.8547169780516899,0.8477364707151382,0.9341976401680094,0.9341976401680094,0.9889605162825021,0.9998120556396835,0.6828318992317726,0.9341976401680094,0.948467140918744,0.9341976401680094,0.8996020324755996,0.8668322994400732,0.8627420290162628,0.9865548062843288,0.7288956290309491,0.8148116781454423,0.8656307380080206,0.8843804210910868,0.9341976401680094,0.8460594193000854,0.9359879063473193,0.935266122528513,0.8938550600980877,0.9138411088140405,0.8321096183854768,0.9386420076357269,0.9163963865993237,0.9341976401680094,0.8786099886960358,0.9919535000677884,0.8424726734166375,0.8464356355505789,0.9556347289143002,0.9379250310364492,0.7912616797541294,0.9341976401680094,0.954040497905644,0.9057479011130323,0.9341976401680094,0.9751916033161048,0.814626609452391,0.8193098328029467,0.8728107232433013,0.9023470583855151,0.9341976401680094,0.8039983462680804,0.9123763236844558,0.9433718940682514,0.8986295142029523,0.9644312903955696,0.9435391793962782,0.9455693733429784,0.691491264582157,0.9386420076357271,0.9880552524038384,0.8808617942287751,0.7859731357528763,0.9073784958379691,0.9945879910888857,0.9074232144688463,0.9165462137008822,0.9409669977890662,0.644856752991934,0.9341976401680094,0.9914826481470902,0.7600211071724239,0.9176414048213541,0.9671761235857239,0.9832318780369318,0.9299834289466347,0.9876412541215134,0.9556347289143001,0.9299834289466347,0.8074150985486044,0.6469450309014357,0.9700765701011145,0.9511423881204943,0.9379783610955624,0.9914826481470901,0.9216348441782116,0.948467140918744,0.9240084059312026,0.9590434494932021,0.96854564639166,0.6381622990853303,0.948467140918744,0.9215590215470078,0.9951080188590635,0.8235695797379352,0.9950420205336965,0.9202142532643911,0.8739518939582049,0.9386420076357269,0.8948535190071922,0.8696642492046924,0.8406054528377478,0.0,0.8696642492046924,0.9877421208411419,0.9028404281797042,0.7554585260013131,0.7502927996907003,0.6214260523566013,0.9272203681387053,0.8507096812750714,0.9413192698695332,0.8996020324755998,0.9982345523329128,0.9165462137008822,0.8688783019310868,0.9877421208411418,0.8812664936764899,0.9982345523329128,0.9583942031553514,0.7488623548060711,0.9386420076357269,0.8393743380180233,0.9081873862013241,0.6190673064055565,0.9903387485424457,0.9458674971126175,0.9699348665599509,0.8886114498000468,0.5760152068699853,0.9606559814622546,0.5892836807186257,0.927949622966975,0.9987774230311344,0.9458674971126175,0.872265737746744,0.9828275019633093,0.8871829502996262,0.9829392900173883,0.9320645602494204,0.9561205831751942,0.8797557950282511,0.927949622966975,0.7221458308768534,0.9341976401680094,0.9433718940682516,0.9341976401680094,0.9341976401680094,0.9261540016919989,0.9165462137008822,0.9653059182149237,0.9341976401680094,0.8897679915591665,0.9318865487478647,0.9583942031553515,0.8473597611409733,0.8460594193000854,0.910877738026379,0.9690831527279394,0.9048113045350052,0.9353254990893864,0.9259591224230199,0.9367579616423476,0.9364748811663077,0.9281278923411589,0.8247171728209967,0.8876293639059187,0.9097480434256693,0.9730889887268284,0.9299834289466349,0.8518616589332713,0.9433718940682516,0.72103028437484,0.9386420076357271,0.9769537449754284,0.9202142532643907,0.717767018880655,0.9590434494932021,0.9735464127901625,0.6919065330743308,0.9415355007468762,0.9590434494932021,0.9320611426402996,0.9386420076357269,0.964376598029419,0.4697371459573175,0.976352903445825,0.9140530994042178,0.8877538106418017,0.9409669977890665,0.8395807850136316,0.9279496229669753,0.9039673337843951,0.9992268561633846,0.9829392900173883,0.9128060455441711,0.9044839950643895,0.8416726321970069,0.8427496347624792,0.9216348441782116,0.9665301256886063,0.8919254435416041,0.8589740229104704,0.9754308715802917,0.98842887477386,0.9341976401680094,0.9409669977890662,0.8917519066686372,0.9610880275993517,0.9208219488037757,0.9643765980294188,0.9299834289466349,0.829517707536801,0.9613268701331866,0.8284703715451964,0.9057479011130323,0.948467140918744,0.8390457674007993,0.9220943680125893,0.9806593463722713,0.9299834289466347,0.9259591224230197,0.8389093273091621,0.5643749488790506,0.9982345523329128,0.8731369030685476,0.8988628772910849,0.880559572006117,0.9997704475275775,0.6824320857464186,0.8046547388994403,0.9711250868958108,0.9847126547835199,0.948467140918744,0.9183656033219387,0.9903766507571461,0.8053285913279875,0.8739518939582047,0.9939623810860377,0.9320645602494202,0.8578874956549678,0.8245520852436378,0.979765804114769,0.941045148332063,0.9386420076357271,0.8628852763111715,0.9951080188590635,0.9129874603663684,0.9031388200499335,0.9028404281797042,0.9084229524444823,0.9281505333988457,0.922094368012589,0.9661859802146437,0.9409669977890662,0.9797658041147691,0.9341976401680094,0.9300797186110581,0.9277044268270678,0.886415725055246,0.5690027796974946,0.9341976401680094,0.8762945508619262,0.8336572138579497,0.9731560060618827,0.8996020324755996,0.8753928891101748,0.6508781974607241,0.9277170029726363,0.7825852851119591,0.944688486580157,0.9952234886231106,0.8552960837771715,0.6838672889289452,0.9433718940682516,0.6322975368129882,0.9078247903914518,0.9497673578995788,0.8902183677316946,0.6345328743203607,0.9061450951233823,0.5252936325804969,0.7035794602792436,0.9240084059312026,0.7010214355004778,0.9865548062843288,0.8432045372944468,0.8778108787653003,0.9458674971126175,0.9865548062843288,0.9643765980294188,0.8797210231340108,0.924998161170655,0.9320645602494202,0.9987774230311344,0.927949622966975,0.9320645602494202,0.9320645602494202,0.9653059182149236,0.9341976401680094,0.9279496229669748,0.9116474872122647,0.9341976401680094,0.5008827238335425,0.944257627490205,0.9458674971126175,0.9386420076357271,0.8163216564008666,0.9556347289143001,0.9320645602494202,0.8578874956549678,0.9157357559104304,0.9590434494932021,0.9370519386301066,0.9341976401680094,0.9288940518676674,0.9944373248680742,0.9564943253467844,0.8678581416663351,0.7970515206073909,0.6782333744456277,0.9363880304285923,0.918365603321939,0.837078290573679,0.6053029250357197,0.9341976401680094,0.9583942031553514,0.8134458527040935,0.9097480434256693,0.9336037847402274,0.7172515874023351,0.9288327934067981,0.9095242312718104,0.9386420076357271,0.6099771300275318,0.8909939462774465,0.9341976401680094,0.9610880275993516,0.8474264488038961,0.948467140918744,0.878655028021406,0.9279496229669748,0.7623333429754702,0.9115451065698144,0.9299834289466347,0.8644507796779284,0.9008335726926071,0.9341976401680094,0.9341976401680094,0.8886955627708657,0.984728709229924,0.6014381262361878,0.7973308992532127,0.8477364707151382,0.781190156091033,0.8268160586726901,0.8989423282822513,0.9540147404500323,0.8947908641640769,0.9341976401680094,0.9926545800718498,0.9409669977890662,0.9511876099263499,0.8443176746495001,0.9458674971126175,0.9684676125766016,0.9341976401680094,0.9341976401680094,0.9092808865422053,0.6469450309014358,0.8973504260916716,0.9914610572055534,0.8377058526271617,0.8696642492046927,0.9396813390495187,0.8889867521198009,0.8796861732183485,0.7788918265861973,0.9341976401680094,0.7689024551500211,0.8555580024447214,0.9363880304285923,0.8661829386665059,0.9926541290559201,0.9335977923745482,0.8536985713947868,0.8280541377532266,0.9363880304285923,0.8674566432772475,0.9341976401680094,0.9149093574916112,0.997790169457049,0.8998328740391308,0.8876280847564644,0.7406454118049941,0.9240084059312026,0.935009577556714,0.7711862615275753,0.9433718940682516,0.9071489010683773,0.9477694977762992,0.9272203681387055,0.948467140918744,0.9361204140696398,0.951599083741091,0.9176414048213544,0.9409669977890662,0.9320645602494202,0.9189799789501389,0.9860555452130657,0.5984628665908786,0.8980054428335464,0.9511876099263499,0.7689024551500212,0.9511876099263499,0.9511876099263499,0.940891642580993,0.9966622748365284,0.8949624583202775,0.9610880275993516,0.9859275654047339,0.9202142532643909,0.9643765980294186,0.7952940605393669,0.9730889887268286,0.9829392900173883,0.9860555452130657,0.8917681657699772,0.9363880304285925,0.9630067480857988,0.9629590308991038,0.8404829480716067,0.8101114348470416,0.9341976401680094,0.6796600945069258,0.9341976401680094,0.9077691731149915,0.948467140918744,0.758794298964319,0.9147540983606555,0.8896479980872495,0.9341976401680094,0.9057479011130323,0.8427496347624791,0.9147540983606557,0.9074473199365551,0.9381478085396942,0.9176414048213544,0.9409669977890662,0.8850946999039366,0.9440100680280119,0.8393192166726557,0.8484908109779472,0.6159841925835977,0.7960169068917002,0.910719218155888,0.9559620789221579,0.8040165292503936,0.9281505333988456,0.9713213412121521,0.9336037847402272,0.9048113045350052,0.8805595720061169,0.9610880275993516,0.9320645602494202,0.9148886507689467,0.8453672416657234,0.661952244789474,0.8454258145911455,0.9048598333807125,0.9341976401680094,0.8835341538402921,0.8229385262714317,0.5161038620197582,0.9341976401680094,0.9115396548655941,0.7441318134503208,0.9458674971126175,0.9165462137008822,0.9320645602494202,0.9094609083435709,0.9676920836055143,0.7465141138464555,0.9860555452130657,0.9455693733429784,0.8284703715451968,0.8538531886058738,0.9341976401680094,0.9782247305062934,0.9341976401680094,0.9458674971126175,0.7695663614396279,0.8778108787653005,0.9511876099263499,0.9055172210793179,0.8031886054076676,0.8768403073232187,0.8996020324755996,0.9341976401680094,0.9936959070546724,0.8142749227592276,0.730116881301313,0.9472303491045946,0.8902183677316948,0.9987774230311344,0.9028404281797042,0.9508302047706586,0.891751906668637,0.8901853371445989,0.8597432214165517,0.891751906668637,0.8996020324755996,0.4809287497902527,0.8515386735783614,0.891751906668637,0.9511876099263499,0.9515990837410908,0.9903766507571461,0.8983107091082561,0.6609376016068363,0.9878193007272768,0.8765447667087005,0.852351476784137,0.8902183677316946,0.9590434494932021,0.8886955627708659,0.971321341212152,0.9829392900173883,0.9472987124405254,0.870292394493732,0.6256590068018788,0.8725169952519658,0.9015671522379931,0.9518337142340694,0.8812245968305712,0.5344217736533475,0.9363880304285923,0.9386420076357271,0.8725169952519656,0.8167368209660886,0.9446884865801572,0.6313342073953214,0.9318712301664058,0.9409669977890662,0.9433718940682516,0.9419004925718595,0.9044839950643899,0.7888774249997146,0.9281278923411589,0.9403227338586295,0.9564308444421807,0.6486057860941141,0.9012134114028683,0.9341976401680094,0.8120112012013829,0.6751816881897448,0.712003703179904,0.9014795552136838,0.8781032952840524,0.9433718940682514,0.9994678821812104,0.9455584001270507,0.911244667414393,0.9762262925984149,0.9055172210793179,0.8588181272853626,0.9121693580704171,0.8464119401781787,0.7172515874023354,0.9662712333141255,0.7118123313748043,0.9862087947905173,0.722329633040478,0.9386420076357269,0.9903766507571461,0.8808617942287751,0.906145095123382,0.7823814062025366,0.9281505333988456,0.8735931051860004,0.7387677543561375,0.9299834289466349,0.970976036785571,0.899913670429801,0.9600252206809585,0.786594589696991,0.9386420076357271,0.8674566432772473,0.9564943253467844,0.9433718940682516,0.8901853371445989,0.6767397387969912,0.9363880304285925,0.948467140918744,0.9538997351778965,0.9914826481470902,0.7289303053642331,0.9433718940682516
p165_V,0.9360135010309727,0.8838135174053028,0.9313070303891746,0.8992865236029117,0.9870810478556494,0.9253688519211309,0.9113034991034676,0.8734301383407201,0.6509572447590183,0.9686270243184087,0.9460546403839525,0.9329016612088759,0.9696724395861309,0.9784698031455157,0.9413337007556204,0.9538133524293886,0.9247323722236849,0.9517995480250121,0.9172347260035336,0.9686270243184087,0.8991046798597293,0.9099317521606789,0.9338358212159394,0.9807840195689514,0.8751860185986184,0.523194432108482,0.9705887000705997,0.9839009074365002,0.9212094218042226,0.7984374147634434,0.5796374408851759,0.9933095589619414,0.9208601429117476,0.651553017658657,0.9372344714402789,0.9172347260035334,0.9807840195689514,0.9889883423817387,0.9253688519211307,0.9947962922931933,0.8443346508563903,0.9254635393306818,0.9752737206364956,0.9723577842397158,0.9596253481255901,0.8377234644584126,0.9061873961293254,0.5161458748655359,0.8616681034607223,0.9313070303891746,0.951525861158216,0.8602772466240409,0.5523614332121767,0.883813517405303,0.9428834581482699,0.91561268213489,0.8873412224047774,0.8993922310882436,0.8288217648587812,0.9645325849988504,0.6832838130380917,0.7931974414841143,0.893465545817623,0.9315546772068513,0.9134191021410443,0.8119955804574592,0.9097421633544907,0.9293190609910926,0.887669229714108,0.9625162230164763,0.9483338982121259,0.9190823451591559,0.8357120864475064,0.789008783554668,0.8993922310882436,0.8559143478531266,0.9418510134399245,0.8808870709207708,0.7147690823318904,0.9253688519211309,0.988777790152866,0.9493240017886775,0.9363572562098184,0.893465545817623,0.8993922310882436,0.9123820951287551,0.9623912027223391,0.9113661976971776,0.894021423587311,0.8961308828316217,0.8993922310882436,0.8480961504580369,0.8008624733045706,0.823781758723816,0.9638223777150989,0.8468337236578865,0.8842029934415216,0.878790597763361,0.6411027604606829,0.727457491834703,0.9721556015951156,0.9465146323386673,0.9492388075036137,0.9708532051554728,0.8190313752870151,0.9172347260035334,0.9083555504463323,0.6831795226879905,0.9377821213923416,0.6478588596437869,0.8694757072172645,0.866963168156325,0.6264509581877908,0.8206574710503429,0.9061873961293254,0.7144056010803751,0.9171102496467269,0.9625162230164761,0.9253688519211305,0.6691621271751813,0.9552181517762153,0.8533680150714889,0.9996217758139353,0.986904593173993,0.893465545817623,0.7677980930203168,0.9027412033397848,0.9069090419812991,0.8961308828316208,0.9214717993224891,0.6832567334253874,0.9061873961293252,0.9515258611582158,0.9752737206364959,0.8898393963217797,0.9023514874520435,0.857865721994115,0.9649067432343333,0.9097421633544904,0.8929489608197003,0.8426489904338913,0.9212094218042224,0.6613189149161005,0.821419239519501,0.8584765156669929,0.5613620967472055,0.9343530326383656,0.7601449416745135,0.9086749297455426,0.7951478053394114,0.9212094218042226,0.9967548156121191,0.7862279856886558,0.7632078429598178,0.9649067432343333,0.6216037212533714,0.940543186160625,0.9750995470070672,0.8961957611286371,0.8533680150714889,0.8313916961153245,0.9868418685480091,0.979492626623116,0.9848155019412705,0.8608859893546703,0.9340990416559534,0.7113356487632493,0.8661396574440055,0.9088921347045378,0.9545393092820331,0.9520753766313144,0.8961308828316215,0.6320439621833054,0.8944470778785172,0.7561465138300024,0.9701852424404367,0.9625162230164763,0.8754349673585764,0.893153543352375,0.8761144117500412,0.9447466947302743,0.6690263440401312,0.9721556015951156,0.8097028901503379,0.7734332929951226,0.8527210883087808,0.7771575274759837,0.9293228922862455,0.9497028213875767,0.9291653056283693,0.9645325849988502,0.89940993957737,0.9649040979237948,0.8468647500917352,0.9053372809407505,0.8993922310882436,0.9417626114543682,0.9996756029115749,0.9115378481958245,0.7765512298871997,0.7358494498862775,0.8097028901503379,0.8993922310882436,0.8515802262612313,0.7329596540925547,0.9212094218042226,0.8993922310882436,0.8207284073584811,0.6258187063451697,0.7400843742085841,0.8346720999698916,0.8570262045124728,0.896130882831621,0.8993922310882436,0.947205445403897,0.8993922310882436,0.8119041342084294,0.8523008807801964,0.8447342609149361,0.8993922310882436,0.7432996237289626,0.8993922310882436,0.726235327318784,0.6536870458735631,0.9340990416559534,0.8502655956516421,0.9061873961293254,0.7064024794196284,0.8929489608197003,0.9338358212159394,0.8780124908814337,0.8824828972729086,0.7273017655262989,0.966539859311593,0.9097421633544907,0.8443346508563904,0.9476555716688252,0.8295844697893866,0.9253772183793254,0.6997319795895006,0.6504564640932794,0.9596253481255899,0.8935461500146487,0.9638837908220004,0.8993922310882436,0.9473726654430646,0.8993922310882436,0.8200654844079862,0.906063896440741,0.9231230454306082,0.920634029237422,0.7388718343518379,0.9417626114543682,0.9761309267168337,0.8751860185986184,0.9343530326383656,0.988777790152866,0.6567991760124701,0.9465146323386673,0.9158143716163474,0.8010002320931144,0.9614667575284863,0.8961308828316217,0.9134191021410443,0.8465365244312286,0.9253688519211307,0.7697937316809336,0.8397070881245356,0.9559231506618935,0.6733362960689349,0.9242540801507566,0.8395556498231577,0.9318887192162124,0.9576849362494234,0.8065571965972294,0.9172347260035334,0.681565834038786,0.5849433367982748,0.9300014988735692,0.8936165767525228,0.9172347260035334,0.9932179366015165,0.8721153064052196,0.9134191021410443,0.8635020267698967,0.8728920970887102,0.9728308952426489,0.941079384442943,0.7085960105661067,0.9645325849988504,0.9465146323386673,0.9728308952426489,0.7806838640472342,0.9172347260035336,0.7946008645734921,0.7524540450430859,0.873457082543069,0.9517679141853159,0.9172347260035336,0.8993922310882434,0.8903752243099388,0.8929489608197012,0.9649067432343335,0.7204964217267751,0.9933942044579585,0.9061873961293252,0.8616681034607225,0.8168916294413127,0.7003563916973858,0.8910476415037065,0.9093913592550932,0.8694547083106368,0.8980949037179651,0.8825336149741188,0.8238151377968346,0.9212094218042226,0.8532920118076438,0.9212094218042226,0.8646979598369935,0.9553394119369607,0.8675842513525855,0.9061873961293252,0.8993922310882436,0.797771952019432,0.9188016156964056,0.8934655458176233,0.9172347260035334,0.9997376336428514,0.9329016612088759,0.8993922310882436,0.9377821213923414,0.7205132978929253,0.9253688519211307,0.9413337007556204,0.8339014716341334,0.8696642492046924,0.7977719520194324,0.8886413082618783,0.8296830372337292,0.9690801727892031,0.8747552586782787,0.8401357144004589,0.9465146323386673,0.651553017658657,0.8086645392756115,0.6167354989733369,0.9165793842451867,0.9752737206364956,0.7170068217613763,0.8646979598369935,0.709149131800601,0.8898393963217797,0.8961308828316217,0.9473887865940549,0.8332789475999092,0.7250250210417704,0.7055797027146327,0.79057207045736,0.8993922310882436,0.7917040045446586,0.835868542784596,0.893153543352375,0.96174322382792,0.9839553731674051,0.8193134627880123,0.8993922310882436,0.8993922310882436,0.8225535671978912,0.9657002157235464,0.865412938555012,0.8993922310882436,0.9839553731674051,0.8993922310882434,0.8992865236029117,0.8823830656962224,0.7004153409499316,0.9372344714402792,0.9558999508245036,0.9418510134399245,0.8202519704110263,0.7681800359207702,0.8993922310882436,0.882673765562922,0.8593962429851332,0.7443347636677958,0.8200745565901103,0.982634596020638,0.8728268189924719,0.9465146323386673,0.6860889996464348,0.8993922310882436,0.77811716571813,0.9517995480250123,0.8095486698401095,0.8997196647839285,0.7850875317435486,0.8346908137388469,0.8867960431767519,0.8993922310882436,0.9436903228122142,0.8293712604075343,0.8993922310882436,0.8302228876064219,0.8194191645723974,0.790824683744427,0.7831322507761418,0.704124861930556,0.8993922310882436,0.9662026634380005,0.8560443260552534,0.9128943694267472,0.9007255444269247,0.8327977662233953,0.8853051607789586,0.6235218529970628,0.9009904301451876,0.9061873961293254,0.9200110104166672,0.7198843103116696,0.9433011034543322,0.7420776347912407,0.9595029901842815,0.894236164715764,0.9338358212159397,0.9097421633544904,0.9809665491287067,0.8993922310882436,0.9625162230164763,0.8936165767525226,0.8089466924646236,0.9236102206896849,0.9400757463595386,0.8929489608197005,0.7806838640472344,0.9807840195689514,0.8929489608197005,0.988777790152866,0.8735543267995423,0.9171102496467269,0.8773466520230788,0.8319650172278281,0.9922022799705809,0.7287599702469232,0.7942849631106608,0.9171102496467267,0.9031200523835075,0.6743559491276717,0.9099317521606791,0.9212094218042226,0.8159392383245452,0.9911981596732264,0.8897015904236061,0.926269823160037,0.9304719414430941,0.8964973292196508,0.9061873961293254,0.8392374849683437,0.8007246376811596,0.7562955218074445,0.8696642492046924,0.0,0.760691297031732,0.5796374408851754,0.8032561096451714,0.8498279390659499,0.879691111747325,0.9945183240274951,0.8059749414366697,0.8249147582192329,0.9423469173118804,0.8696642492046927,0.8724042835510759,0.7880941426778914,0.8910264359580942,0.8653733714364051,0.8889867521198008,0.9307016541888509,0.8844546486233378,0.972830895242649,0.9545393092820333,0.8313783095648999,0.986918160036585,0.850395256916996,0.9172347260035334,0.7756705108829194,0.7566521698690619,0.9568407342490961,0.90919810876568,0.9945183240274953,0.8898393963217797,0.951525861158216,0.9625162230164761,0.9056312245600877,0.7718764896429605,0.8999337202556468,0.8961308828316212,0.9696724395861311,0.6980531769232239,0.9314059401137063,0.9247323722236847,0.8402982659388702,0.8993922310882436,0.9134191021410445,0.8993922310882436,0.8993922310882436,0.6942181513031208,0.8724042835510757,0.8901584347056433,0.8993922310882436,0.7848544183385713,0.7051862827922319,0.9307016541888508,0.8324789953544445,0.882673765562922,0.8124080928333628,0.8769282987941893,0.8072801833126311,0.6294171970217247,0.9208601429117476,0.7953141561623824,0.9134191021410443,0.659643989323939,0.887730583927753,0.7844987884040349,0.8785401016887857,0.954924242646743,0.9645325849988504,0.7683829874256064,0.913419102141044,0.8796404838116743,0.9061873961293254,0.89076616513903,0.9623912027223391,0.9855764781637497,0.9645515900483714,0.8267028687989497,0.9558999508245036,0.5690118946988841,0.9125853346219002,0.893153543352375,0.9868418685480091,0.9099317521606793,0.9417626114543682,0.8542071110265856,0.6014242462552821,0.8548312635845443,0.9515258611582162,0.8961957611286371,0.8898393963217799,0.8200745565901103,0.8225480725232537,0.896130882831621,0.7281012717771458,0.9638223777150989,0.9249165419327742,0.795994420807945,0.7810795797156111,0.9473726654430646,0.7745212844559948,0.9418510134399245,0.9083555504463323,0.9762244080823411,0.8993922310882436,0.9097421633544904,0.6674860320996722,0.7600276057434358,0.8160149207300011,0.8027948963261118,0.892948960819701,0.9638223777150989,0.7839483030874328,0.9645515900483714,0.7145783482020327,0.9365377706532191,0.7866817181444059,0.9134708556523621,0.9946321165277803,0.8929489608197005,0.8867960431767519,0.8348072195378629,0.9707473148187092,0.8998328740391308,0.890351109139915,0.7872086400333381,0.773177213671232,0.9412111868704812,0.9920003341802428,0.6917124201812861,0.7614784479792223,0.9056312245600875,0.9212094218042226,0.9064840699954799,0.9801945723164651,0.8351470532497562,0.9250683789663096,0.6888409639506339,0.8961308828316217,0.8244878203392936,0.8056745756616452,0.9249165419327742,0.9163085120810068,0.9061873961293252,0.9375570313374202,0.8842971758754068,0.926269823160037,0.9071903259160915,0.8785401016887859,0.9996217758139353,0.941659706698011,0.9786384251155429,0.7729321117730833,0.9097421633544904,0.9253688519211309,0.8993922310882436,0.9316182412138077,0.8071981601022997,0.8071700734200863,0.9704285116343061,0.8993922310882436,0.6547869942637718,0.7694581263721014,0.8824828972729082,0.8728920970887104,0.8544466580110084,0.9105043104063899,0.7041881110469406,0.949813078142488,0.9400757463595384,0.8204101150451446,0.8022736913731832,0.9076164564417568,0.9134191021410443,0.8741930427428959,0.8873412224047774,0.9465146323386673,0.9307016541888509,0.9253688519211305,0.8843596565983223,0.9996756029115749,0.9752737206364959,0.9171102496467269,0.9438841418650028,0.9750767117923147,0.8080950827667756,0.8907987800749251,0.9922022799705809,0.9113965671515782,0.9418510134399245,0.7604404769262665,0.6877533021343364,0.8961308828316217,0.9933095589619414,0.8898393963217794,0.8961308828316217,0.8961308828316217,0.8552368166078581,0.8993922310882436,0.8659097723648839,0.9994428908841724,0.8993922310882436,0.8696642492046924,0.8662656073304946,0.9922022799705811,0.9061873961293254,0.826051105210643,0.707044715514382,0.8961308828316217,0.8081737143388175,0.7771575274759834,0.9338358212159397,0.6774083432561511,0.8993922310882436,0.839204381444211,0.9061873961293254,0.9903387485424457,0.740749117874093,0.8881595054994069,0.9625162230164763,0.902741203339785,0.9064840699954801,0.906063896440741,0.9064840699954801,0.9750767117923149,0.9307016541888509,0.9744032270105807,0.8785401016887857,0.8732378787327589,0.8808870709207715,0.9625162230164763,0.890375224309939,0.9061873961293254,0.9775067194484539,0.6047113504733792,0.8993922310882436,0.8993922310882432,0.8655902466966516,0.9212094218042226,0.8840085655679659,0.9247323722236849,0.9134708556523619,0.8287374321842768,0.8929489608197005,0.9092095655375609,0.7278819201568754,0.8993922310882436,0.8993922310882436,0.8775604944548685,0.9361758350416751,0.8964973292196508,0.878062780935036,0.7671256409580222,0.8990184534864001,0.8376395456047532,0.742700142653846,0.896616495658181,0.8584938155731712,0.8993922310882436,0.8676054067146811,0.9097421633544904,0.9253688519211307,0.8008624733045706,0.9172347260035334,0.6917124201812861,0.8993922310882436,0.8993922310882436,0.7010400195615457,0.8993922310882434,0.7009252298398003,0.9418510134399245,0.8244271907549114,0.9097496706192361,0.8649179394762065,0.8661396574440055,0.7835267426577988,0.7746889276056919,0.8993922310882436,0.8321506231964106,0.730579703882705,0.9417626114543682,0.946920782957638,0.9165145395438699,0.94907512576485,0.9176525482557552,0.8620322227114252,0.9801945723164652,0.865412938555012,0.8993922310882436,0.6714362370169483,0.88720715892009,0.6323451910408429,0.8806914603481166,0.880954194781455,0.8498126246633048,0.9476858334518818,0.7993848522367963,0.9997376336428517,0.7380960105019745,0.7620328681481864,0.8310167964629787,0.9212094218042226,0.9687413438260817,0.9226325469213175,0.7098524462475283,0.9097421633544904,0.9329016612088765,0.7463220614702821,0.8873412224047774,0.9553394119369607,0.8691808001986908,0.9752737206364959,0.9553394119369609,0.9253688519211309,0.9249165419327742,0.851888756266141,0.9446701888736624,0.6933605895180578,0.9750767117923149,0.9686270243184087,0.8780124908814335,0.9623912027223391,0.7355231213737861,0.9208601429117478,0.9567860036593587,0.8582156400242076,0.7044057003840669,0.902741203339785,0.8011111393526695,0.9879069037547501,0.7649167985578879,0.8215852141980415,0.8993922310882436,0.8688988704408214,0.9372344714402789,0.7980482803778005,0.9686270243184087,0.955116866832538,0.5269632541065417,0.8577735233398744,0.8993922310882436,0.7145783482020328,0.812408092833363,0.8696642492046918,0.7115954184295119,0.7050283931705825,0.7098524462475284,0.9097421633544904,0.7513536018135535,0.9719352498920297,0.7936637785566019,0.7556136647941967,0.9031200523835075,0.793206697045151,0.9253688519211309,0.9338358212159394,0.9372344714402789,0.9284481156139275,0.9477894660083728,0.6330842933065949,0.8295844697893862,0.8061352216935418,0.9750767117923149,0.8961308828316217,0.6219817494957276,0.87055139348078,0.8582905374781611,0.7281012717771458,0.7566641224734441,0.8993922310882436,0.784566877240639,0.8208130248921537,0.9520753766313144,0.8993922310882436,0.7841426588398452,0.9889883423817387,0.9172347260035334,0.8724042835510757,0.8961308828316217,0.8003635445348862,0.9898664497675986,0.9253772183793254,0.9438841418650028,0.8881595054994069,0.9031200523835077,0.7946763226669964,0.8993922310882436,0.967933791240146,0.8993922310882436,0.9172347260035332,0.9415764394796309,0.6696195264511154,0.9253688519211307,0.8814270131992576,0.9520723823488315,0.5990160218510721,0.8728920970887104,0.8993922310882436,0.9897096684855073,0.7711531188521504,0.9685810605737077,0.9327223474313895,0.8814261386926303,0.9649067432343333,0.8785401016887857,0.982634596020638,0.9340990416559534,0.6679072970944682,0.7892731003929947,0.9340990416559534,0.925680950117113,0.9649067432343333,0.873457082543069,0.9340990416559534,0.9253688519211307,0.9809665491287067,0.9411731642018819,0.8131898801283293,0.9567860036593588,0.9291653056283693,0.8998328740391306,0.6526385699551402,0.906063896440741,0.9740168722867643,0.6337128630743745,0.9947962922931934,0.9200152252821034,0.9304719414430938,0.8448981626011216,0.925680950117113,0.827218877642061,0.8207284073584812,0.9447466947302743,0.9114127741424325,0.9947962922931933,0.9801945723164652,0.9465146323386673,0.5752018303637796,0.937431266898695,0.9122177014789303,0.9400757463595384,0.5820445370872507,0.90974216335449,0.9134191021410443,0.921421995158705,0.5692705566951365,0.9020920420848249,0.962731967546085,0.8514489788174839,0.8679326095089703,0.9370256730202118,0.5628764356450802,0.8993922310882434,0.7769683054011807,0.9716496214954256,0.924075074917003,0.691875640790107,0.8954336368691509,0.9128943694267473,0.941079384442943,0.9271060419141324,0.5523614332121767,0.9247323722236849,0.9363572562098186,0.9812252964426876,0.8969353451969782,0.8575900570810616,0.9786384251155433,0.9170617828708365,0.9567860036593587,0.8681957648998055,0.8981412037443472,0.9465146323386673,0.9027412033397848,0.7400843742085841,0.5863374906701271,0.932503659033307,0.9500968118952713,0.7764587180907659,0.8724879245905686,0.9996756029115748,0.9287407729092756,0.8238868636325645,0.8889867521198007,0.896497329219651,0.9061873961293254,0.6831448508826554,0.8696642492046924,0.9568407342490963,0.6260399633821341,0.9551168668325379,0.9801945723164651,0.9212094218042226,0.7046725005537503,0.9172347260035334,0.8404310812547326,0.9568407342490963
p166_ILVCNHTE,0.7312575105473416,0.9803079821283598,0.8718992107694514,0.9082470012068007,0.9398636845831869,0.9553906988562064,0.8770288568657694,0.9001287969998535,0.8861224347761871,0.952904481298952,0.9251250367755222,0.8422956254205761,0.9521906738117116,0.9082470012068007,0.8941586572120017,0.9555600901459856,0.9341536654578786,0.9188871236697296,0.9505286850464205,0.952904481298952,0.8668377479090335,0.9747821421515683,0.9844690963672101,0.9998238347481487,0.9721643839492675,0.9188871236697294,0.9341536654578786,0.9010728262563201,0.952904481298952,0.9021649053612405,0.9112065483416405,0.9460501530640812,0.9323345609629294,0.9039073680321517,0.9964123220916106,0.9818060040046753,0.9418654668890594,0.9323345609629297,0.9553906988562066,0.9602126215445623,0.8808870709207715,0.8136497493371053,0.9700351664034114,0.8866524108017705,0.9341536654578786,0.8193924747722743,0.9439253608596805,0.9208637354012903,0.9173148291382112,0.9029852527308235,0.9460501530640812,0.8219202876790677,0.9188871236697294,0.9699358505776486,0.7622482528379299,0.9157617220296759,0.9157617220296759,0.9398636845831869,0.9908855981082565,0.9360123464869743,0.8887741875977793,0.9977091889810263,0.9188871236697298,0.9786384251155431,0.9482479709168006,0.8922194665655987,0.9460501530640815,0.9898255622888363,0.8730430594857661,0.9505286850464207,0.9067878891240293,0.9173148291382112,0.7208444903662713,0.9956020206057645,0.9398636845831869,0.8655788710295138,0.9270843653068206,0.9288025889967637,0.8594836392454278,0.9553906988562064,0.9251250367755219,0.8975786096948729,0.9127085925971725,0.9188871236697296,0.9398636845831869,0.9024846512059141,0.8821245273141883,0.8667378392683935,0.7477549404254636,0.937914277797153,0.9398636845831869,0.8718992107694514,0.8000885584109012,0.9852678302689666,0.8410403632238282,0.9208637354012907,0.9000737693627725,0.8668377479090332,0.7655806410250293,0.8917305212053455,0.9580084947693384,0.995812608116145,0.9398636845831871,0.8990763576434596,0.959257839293019,0.9505286850464207,0.8901096639134578,0.7276875735091208,0.7004492079819651,0.9737501889024387,0.9104992043254698,0.9465849497022305,0.8110888188673561,0.8928015300883472,0.9439253608596805,0.8438570803828872,0.9699358505776486,0.9818060040046752,0.9553906988562064,0.8857498863500033,0.4898268605414321,0.8643222344048871,0.9253948970823007,0.8863786272856533,0.9939428696246877,0.9488235271982494,0.9418654668890594,0.756827335017696,0.9928618019927209,0.6953434464265826,0.8956646994889756,0.9439253608596803,0.9460501530640812,0.9700351664034114,0.9341536654578786,0.9728267661071017,0.9102928271202123,0.9460501530640815,0.9460501530640812,0.9360123464869743,0.9892649926077318,0.952904481298952,0.9576738438125775,0.8763300120309896,0.9275494633940333,0.9295460152552619,0.907855962911867,0.9678769406788856,0.8252984164236813,0.8970063522544092,0.952904481298952,0.9229260836136746,0.8561851304477559,0.9475094926481993,0.9915113877198729,0.9173148291382116,0.9024396957461531,0.9711572181901507,0.9379530575233637,0.8643222344048871,0.9338402930623013,0.9439253608596805,0.9671761235857239,0.7937891208337405,0.9104226084898324,0.9382829336530907,0.9198178556572019,0.9460546403839525,0.9947922739901722,0.9468315625852828,0.9734273782715801,0.937914277797153,0.9157617220296759,0.9547002488699823,0.9863551947042202,0.8546995720007077,0.9505286850464205,0.9311627243054967,0.9053415698864398,0.8655788710295138,0.8955237705353787,0.948715430432858,0.9157617220296759,0.34776790766046484,0.7350506685139087,0.9870775667492907,0.8319564473483689,0.7196266351268779,0.8206673486956737,0.9496699001876994,0.9570183943574118,0.9533122281613602,0.9611185746489358,0.9942699682423994,0.97461822833864,0.9398636845831869,0.9418654668890594,0.9360123464869743,0.789564970578369,0.8307772090503409,0.965157336653568,0.7324005770294403,0.9398636845831869,0.9837490554210244,0.9570982237636058,0.976238170109926,0.9398636845831869,0.9182149315021249,0.8996713357710031,0.9259498258317267,0.9647644647815445,0.9213139766220595,0.937914277797153,0.9398636845831869,0.8230778331336515,0.9398636845831869,0.9497279688060369,0.9117157559872138,0.9326648739968387,0.9398636845831869,0.8628614501567906,0.9398636845831869,0.8715600969487438,0.9589992496040742,0.9010728262563201,0.8530868722164204,0.9439253608596805,0.7856920188609455,0.9360123464869743,0.9237321696604077,0.9747821421515686,0.8721625402909542,0.9488235271982495,0.9439076502388632,0.9460501530640815,0.923610220689685,0.7895163848470543,0.918135390977378,0.8782989718810941,0.9162444743188086,0.9898781502828837,0.9862951408967355,0.8943418469797417,0.9894969760647814,0.9398636845831869,0.681906150181472,0.9398636845831869,0.9711648013440735,0.9364881737530408,0.8041960100717365,0.5862253847210934,0.7856920188609455,0.9418654668890594,0.8982796549912182,0.9253948970823005,0.9044537215424593,0.97381582818476,0.783992421790947,0.9439253608596805,0.9891756798952003,0.9327528459630949,0.9769675120682582,0.937914277797153,0.7273216952472331,0.873011783414986,0.9553906988562066,0.9803010659756759,0.9295590647145762,0.8579614827921472,0.9873529542805415,0.9947333835299361,0.7417575508556911,0.786387693894473,0.7764753478898956,0.9717090011218621,0.9505286850464207,0.9003268042382455,0.9347184365906842,0.9877421208411418,0.8834941755373984,0.9505286850464207,0.8585942246391954,0.8293524200538189,0.9482479709168006,0.9119409794917466,0.9871307482212135,0.9439253608596805,0.9419536134643975,0.8601894085453344,0.9360123464869743,0.9439253608596805,0.9355505770919704,0.8347339308492273,0.9505286850464205,0.8591440463730584,0.9319744075261024,0.8643222344048873,0.9769675120682583,0.7788100711579629,0.9398636845831871,0.9602126215445623,0.9360123464869743,0.991511387719873,0.8427180104423657,0.9910084019014881,0.9439253608596805,0.9173148291382114,0.7640362071727458,0.8307894540196186,0.9629254303665231,0.8682093970897047,0.9601172055556273,0.9001470545046304,0.9836087064700878,0.9060211977349429,0.952904481298952,0.9533122281613602,0.952904481298952,0.9419536134643978,0.989878150282884,0.9278634802274353,0.995812608116145,0.9398636845831869,0.946050153064081,0.9818749943123345,0.9188871236697298,0.9505286850464207,0.9868659623160062,0.9928618019927209,0.9398636845831869,0.9721643839492675,0.5081488273623462,0.8954610316630294,0.9649333732985219,0.9656632953043338,0.9220943680125895,0.7417575508556905,0.954930065345126,0.8226425806712596,0.7939881817158987,0.9323345609629297,0.8117511609963393,0.995812608116145,0.9419536134643982,0.7771645669150562,0.9305518148343679,0.8935171945284384,0.9700351664034114,0.7677291562107105,0.9419536134643975,0.7776298171081084,0.9341536654578786,0.9928618019927209,0.8594756813309228,0.8643222344048873,0.8601894085453343,0.8338457373095591,0.785411843830415,0.9398636845831869,0.9597879561577307,0.8341784453489843,0.982324224352259,0.7965588877139699,0.7636661243365597,0.9468315625852828,0.9398636845831869,0.9398636845831869,0.7395028316109789,0.9197173314687737,0.9681245573504424,0.9398636845831869,0.9053808215188038,0.9398636845831871,0.9871307482212135,0.8782989718810938,0.835518703778618,0.9398636845831871,0.9496699001876994,0.9747821421515683,0.8013981440784055,0.772967053035135,0.9398636845831869,0.8593147823261376,0.9010728262563201,0.8520327579084044,0.8487805033020415,0.890529015516171,0.845636254971224,0.9439253608596805,0.7782358464355157,0.9398636845831869,0.8332224570639082,0.8631878595663138,0.9411404869744742,0.8996924879866712,0.708270342934189,0.8000885584109014,0.9323345609629294,0.9398636845831869,0.9634696940503377,0.9647595619398642,0.9398636845831869,0.6108771179979448,0.9276434217661014,0.8388389232603324,0.7813118120412559,0.867182455246678,0.9398636845831869,0.8115437101258106,0.8294570440795397,0.8570938287816198,0.9642495556649885,0.9792223799547058,0.9934440424493824,0.9609479118662456,0.8770114237684188,0.9439253608596805,0.7645569584857025,0.8655788710295138,0.8926703623948281,0.87867591310493,0.7795130076647939,0.8468773793429296,0.9237321696604077,0.9460501530640812,0.9188871236697298,0.9398636845831869,0.9141406930557713,0.9165674413153753,0.8525919608154584,0.97381582818476,0.877628358460068,0.9360123464869743,0.9943952604839541,0.8832024380225648,0.9360123464869743,0.9738158281847602,0.9470390403999658,0.9305518148343681,0.8859311733087405,0.9869071248539467,0.8464753821068671,0.9484294396006385,0.5510940785631924,0.9305518148343681,0.9237321696604077,0.8933560703108298,0.9747821421515683,0.952904481298952,0.8606685625193009,0.9010728262563201,0.965157336653568,0.9908966831572722,0.9298223041589361,0.918135390977378,0.9439253608596805,0.9039073680321514,0.9236102206896849,0.9120058283559649,0.9877421208411419,0.760691297031732,0.0,0.9112065483416405,0.8104681290730043,0.9781603575318001,0.8874452201355858,0.8051389573478367,0.8046436059846211,0.901525403997181,0.8945436312571673,0.9671761235857239,0.9696315366465988,0.7840502275826164,0.7303618711385698,0.9829227788221151,0.6721698318292014,0.989878150282884,0.8060766523799854,0.9439253608596805,0.9728267661071017,0.864291769268863,0.9846566758890424,0.6629399428369603,0.9505286850464207,0.9250760542501826,0.9340712946921956,0.9482479709168006,0.950086744156598,0.9341536654578786,0.9341536654578786,0.9290729285038273,0.9505286850464205,0.951689513216182,0.8435974888234302,0.8968972890562261,0.937914277797153,0.937914277797153,0.8844626485954619,0.9934440424493824,0.9862951408967358,0.9045414289970424,0.9398636845831869,0.9482479709168006,0.9398636845831869,0.9398636845831869,0.8668953185157883,0.9237321696604079,0.9419536134643975,0.9398636845831869,0.9796369988873097,0.9363249692992605,0.9162444743188087,0.9846344164354528,0.8887130191001582,0.8927761013223361,0.9197173314687734,0.9181353909773777,0.8041814453936074,0.9323345609629297,0.9863207806339396,0.8570938287816201,0.9024846512059141,0.9231892051184238,0.9898255622888363,0.9112065483416407,0.8640539815709767,0.9360123464869743,0.8421298244753364,0.9482479709168006,0.8770114237684188,0.9439253608596805,0.9806621909815185,0.7867289736246921,0.9465849497022307,0.9237321696604077,0.9778394050724166,0.9097196291136669,0.9746182283386401,0.800871628422446,0.90534156988644,0.995812608116145,0.9747821421515686,0.9418654668890594,0.9924040002103832,0.9011784989275505,0.9132282425485745,0.8666344692877818,0.8843302430070017,0.9341536654578788,0.9943558404043903,0.8693629222495669,0.937914277797153,0.8520327579084044,0.9537504332936724,0.9700351664034114,0.7946666045364156,0.9744902876803159,0.8152256364618553,0.791771161948609,0.9270843653068206,0.9032215790146929,0.9916981186899557,0.9398636845831869,0.9460501530640812,0.9382829336530905,0.6077472153494246,0.8900265369300417,0.7867289736246921,0.9360123464869743,0.9127085925971725,0.8759144031389283,0.9696315366465988,0.8391969927171948,0.976238170109926,0.8773633457956886,0.9251250367755217,0.8262037157488263,0.9894969760647814,0.9658597103040234,0.864291769268863,0.879427636336771,0.9220943680125895,0.8956777557659623,0.9956695381509273,0.800396136114456,0.860911619765742,0.9799998588966439,0.9471586258290081,0.8356963633835397,0.951689513216182,0.952904481298952,0.9253948970823007,0.8832024380225647,0.8348155329129181,0.7485658933216632,0.967017160057684,0.9928618019927207,0.9048424820972054,0.8117511609963393,0.9553906988562064,0.9150420303903186,0.995812608116145,0.9777237664759431,0.975493041049861,0.9647915833876861,0.7857731666828318,0.9112065483416407,0.8407576685828655,0.9263079894969779,0.9288025889967637,0.7324005770294403,0.9915113877198729,0.9553906988562064,0.9398636845831869,0.6775839322131385,0.8406702723280857,0.9829408827402795,0.90534156988644,0.9398636845831869,0.9212166103970638,0.8922194665655987,0.9063144363068492,0.9082470012068007,0.8861224347761871,0.9029852527308235,0.9936940338037601,0.9134101520889071,0.9142266602978071,0.6672511641955831,0.8758606653600702,0.932421225112757,0.9482479709168006,0.8848055194072819,0.9157617220296759,0.9439253608596805,0.9898781502828838,0.9553906988562064,0.9142266602978069,0.9360123464869743,0.9553906988562064,0.9305518148343681,0.9580084947693384,0.9398636845831869,0.980507852353693,0.8630676692554227,0.9818060040046753,0.8904904028915424,0.9270843653068206,0.7888629210161433,0.7693246760294281,0.9928618019927209,0.9915113877198729,0.9862951408967358,0.9928618019927209,0.937914277797153,0.6775839322131383,0.9398636845831869,0.8051389573478364,0.9032215790146931,0.9398636845831869,0.9220943680125895,0.8706295828816044,0.9141406930557711,0.9439253608596805,0.5975495617128475,0.5916489462086052,0.937914277797153,0.8317067117586021,0.9395433253516376,0.9844690963672101,0.8792718189530243,0.9398636845831869,0.8901096639134578,0.9439253608596805,0.9426603652680072,0.9521812686065975,0.8914519915852104,0.9505286850464205,0.9418654668890594,0.9253948970823009,0.8996713357710031,0.9253948970823007,0.9470390403999657,0.916244474318809,0.9847000323057118,0.9112065483416407,0.8860823482957818,0.97381582818476,0.9818060040046753,0.9173148291382112,0.9439253608596805,0.9376663718600011,0.9030850419025611,0.9398636845831869,0.9470390403999658,0.9196592131286034,0.952904481298952,0.9874813653233984,0.9341536654578786,0.9288025889967637,0.9672728113765106,0.9360123464869743,0.9472310870696686,0.842203184222327,0.9398636845831869,0.9398636845831869,0.73733252901412,0.8966080626769899,0.9514652625474735,0.9845870276952633,0.8948411555416449,0.9960387990561129,0.8361581574418968,0.8950586313042617,0.9204798499326441,0.9759912045435395,0.9398636845831869,0.6582662057554468,0.9460501530640812,0.9553906988562066,0.8000885584109012,0.9505286850464207,0.871332781100981,0.9398636845831869,0.9398636845831869,0.7824909656270862,0.9964123220916106,0.7969634014618988,0.9747821421515683,0.8575188357488206,0.8808870709207712,0.6694833772179438,0.988777790152866,0.9311104039221876,0.849520844997367,0.9398636845831869,0.8996713357710031,0.9679297353939487,0.9415131363853566,0.7788100711579626,0.8023808775583151,0.7355489348957329,0.9295460152552619,0.9024846512059141,0.9418654668890594,0.8871723462225383,0.9398636845831869,0.8036074718781003,0.9777237664759431,0.9460546403839525,0.906021197734943,0.9233319335497214,0.6713988468136984,0.9890514895950071,0.8269517634252845,0.9868659623160061,0.844395100611673,0.9459764047130568,0.6487145310312652,0.952904481298952,0.8551017577499607,0.9939428696246877,0.8512498542371473,0.9460501530640812,0.937914277797153,0.967911536434519,0.999744732490999,0.9898781502828841,0.6646953233767169,0.9553906988562064,0.9898781502828838,0.9553906988562064,0.7463127621822648,0.8848055194072819,0.9791844484148314,0.9727227530771649,0.8339417653831188,0.952904481298952,0.9270843653068206,0.9270843653068206,0.8013981440784053,0.9832374253294529,0.937914277797153,0.5772770050943729,0.9374143102563934,0.9418654668890594,0.9829917353040782,0.9470371182540279,0.9094416579454958,0.8933560703108296,0.9398636845831869,0.8718992107694514,0.9470390403999659,0.9327823197666081,0.952904481298952,0.8579614827921473,0.922094368012589,0.9363693895524041,0.9398636845831869,0.8637024233850624,0.7946666045364155,0.9220943680125893,0.8619501567128619,0.8287062853176173,0.8512498542371472,0.9460501530640812,0.9889986664704351,0.9728267661071015,0.8374227825163818,0.8881730967101972,0.9237321696604077,0.8401773148268361,0.9553906988562064,0.9696315366465988,0.9398636845831869,0.9263079894969779,0.9602126215445623,0.8063167594070368,0.8848055194072819,0.87427114052681,0.9398636845831869,0.9928618019927209,0.774047024484008,0.8356963633835399,0.9408189766409163,0.8520327579084045,0.757093887922823,0.9398636845831869,0.885812745691211,0.8655396347943329,0.9082470012068007,0.9398636845831869,0.9389182709174668,0.8640539815709767,0.9505286850464207,0.9237321696604079,0.937914277797153,0.8702468953616067,0.8196028562135227,0.9425462450985709,0.9152511870116737,0.9348082077122009,0.9696315366465988,0.8032322633242261,0.9398636845831869,0.9192573547084932,0.9398636845831869,0.9505286850464205,0.9803010659756759,0.9876418120474262,0.9553906988562066,0.923124044616828,0.986030875927447,0.9432109974320453,0.9476888747140071,0.9398636845831869,0.7934418293573555,0.9873594579465252,0.9661004124637116,0.8458956624111121,0.8996713357710033,0.9915113877198729,0.9112065483416405,0.8505787444421387,0.9128766367598273,0.9044537215424595,0.8789149835251648,0.9128766367598273,0.9871307482212135,0.9460501530640815,0.8643222344048873,0.9128766367598273,0.9553906988562066,0.9939428696246877,0.9998238347481487,0.8643222344048871,0.937914277797153,0.9304792865902036,0.9220943680125893,0.8718992107694514,0.8996713357710033,0.9844690963672101,0.9711572181901504,0.9602126215445626,0.8422956254205758,0.8821245273141876,0.9497279688060369,0.9082470012068007,0.9165674413153753,0.9803010659756759,0.9312485969328885,0.8914519915852104,0.9968895860490862,0.9418654668890594,0.9439253608596805,0.9827139728713292,0.9688973851882077,0.9142266602978069,0.9192573547084931,0.9478374997757881,0.9460501530640812,0.9482479709168006,0.8364184224507222,0.9537504332936724,0.9525402454544873,0.9024846512059141,0.9112065483416407,0.8829174544013934,0.9721643839492675,0.9097196291136671,0.9398636845831869,0.9892041917315849,0.9424925414484728,0.8968972890562261,0.9150128085700577,0.979525594572727,0.7922077620144263,0.9799998588966439,0.9459699654019068,0.9624721270225207,0.9341536654578786,0.9947922739901722,0.8584426512265038,0.9544014861726945,0.9440445737727993,0.9288025889967637,0.8473118402076036,0.937914277797153,0.9806182093915328,0.9112358157683068,0.995812608116145,0.9418654668890594,0.8655788710295138,0.9142266602978062,0.9439253608596805,0.9442911856940017,0.9202493838823178,0.8306522664559605,0.9360123464869743,0.9035337647796048,0.9706993409792101,0.9426603652680073,0.8848055194072819,0.9439253608596805,0.9951086277264105,0.9220943680125893,0.9868659623160063,0.9357354408000715,0.9908966831572724,0.9418654668890594,0.952904481298952,0.9243614595545964,0.9505286850464207,0.9165657238949024,0.9868659623160064
p166_S,0.77808953634918,0.9133880855304557,0.840239819458837,0.9511570440214603,0.9809662470451707,0.9443657603723179,0.7875592496211232,0.7799794292041689,0.35993161076015423,0.9412650880954541,0.9112065483416407,0.9860598647601156,0.9860598647601155,0.8855707623626503,0.897422659884606,0.88070862441697,0.9178801133263084,0.8988405313927079,0.9383021271292231,0.9412650880954543,0.8339274444513167,0.9090636753073358,0.9048830033154058,0.9274978432118415,0.9069566644903915,0.1227372056815752,0.9178801133263084,0.9694362836489427,0.9412650880954541,0.7085666404291588,0.2019524100061012,0.9634568834621733,0.9156114273620626,0.26575647942414027,0.9809662470451707,0.9383021271292231,0.9274978432118415,0.9156114273620615,0.9443657603723177,0.8968796530895522,0.8514489788174839,0.9008268910150359,0.931627954666316,0.9014098966864614,0.9612320790184807,0.7964800130998695,0.9300668284196516,0.355477258763375,0.8968796530895524,0.9177773850880528,0.9327167510955896,0.7779088859483321,0.1227372056815752,0.9133880855304561,0.9579335751547247,0.8949427042733133,0.8949427042733138,0.9250013316406693,0.7745087850428822,0.92019815694306,0.2868677379354784,0.5978653035862043,0.8988405313927084,0.8785401016887859,0.9354577472990953,0.6352053122219401,0.9327167510955896,0.8539758753023876,0.7548814918696001,0.9383021271292229,0.8837510389154055,0.8968796530895524,0.9250013316406696,0.5881269905692315,0.9250013316406693,0.8323574432143284,0.9487210184868773,0.9112065483416409,0.6170729333692083,0.9443657603723179,0.9516895132161818,0.9028404281797042,0.8911350110320606,0.8988405313927081,0.9250013316406693,0.8783842798904287,0.9090636753073356,0.6568336500093328,0.8957706480212735,0.9225701399051962,0.9250013316406693,0.8402398194588372,0.7716961843536447,0.5717618660560179,0.9252584119301552,0.8530715715896549,0.8370767014618665,0.8339274444513167,0.5835818336367222,0.6275120187174275,0.8949427042733138,0.9300668284196516,0.9250013316406698,0.8351508832535266,0.8323930928014789,0.9383021271292233,0.8629508839222022,0.6502461853452872,0.9458421999117053,0.6034832359269184,0.816778116984666,0.9008268910150359,0.6317235097256818,0.8663080297186971,0.9300668284196516,0.6740733881698898,0.9133880855304555,0.9383021271292233,0.9443657603723175,0.49396726047906436,0.8714160325350078,0.8307902358986599,0.9069566644903915,0.8892617449664435,0.8988405313927081,0.7135847197976277,0.9274978432118415,0.8628472125712421,0.9682551375725406,0.9360968865539774,0.48122316875146376,0.9300668284196516,0.9327167510955894,0.9316279546663165,0.9178801133263084,0.7715924205036861,0.8698415168339102,0.9327167510955896,0.9327167510955894,0.9201981569430595,0.7319301427427181,0.9412650880954543,0.614404788250444,0.810581958011195,0.8339274444513167,0.39644701959833706,0.9761129960128118,0.5465463723167961,0.8968796530895524,0.7098163528201962,0.9412650880954538,0.8612853521281925,0.7873083094059601,0.5888332431433588,0.9327167510955896,0.282790983243537,0.845014741604954,0.8731400424546576,0.9672020986613374,0.855749430157815,0.7355093993994395,0.9801704643354421,0.9403227338586295,0.8300250099277162,0.8482212456214522,0.8766235303260079,0.6628497897087136,0.8514489788174839,0.925258411930155,0.9661110538140114,0.8855707623626503,0.9225701399051964,0.2971773034365207,0.8097374700142683,0.6856852174680619,0.9644128554156066,0.9945610690582234,0.8323930928014782,0.9139500985208797,0.8574545423984339,0.9817835540588896,0.5806603703675208,0.9300679213294079,0.9682551375725408,0.6471345731696272,0.7841838626946305,0.5163299890213116,0.8821985066105538,0.9133880855304561,0.9206231796054523,0.990864435474963,0.8579782334751942,0.7581727381433541,0.6634578202566356,0.8896802491260705,0.9250013316406693,0.9274978432118415,0.9201981569430604,0.8530715715896546,0.820721903158832,0.4102303794587506,0.9860598647601152,0.9250013316406693,0.8059382227955858,0.6634578202566356,0.9412650880954541,0.9250013316406693,0.592136300215842,0.26802728954375177,0.4649237796307125,0.5869619529568402,0.8877874242285113,0.9225701399051967,0.9250013316406693,0.809530831371436,0.9250013316406692,0.642521690378063,0.7620225581106217,0.7571875883253991,0.9250013316406693,0.795089641468378,0.9250013316406693,0.7875592496211232,0.33517335357210276,0.8766235303260079,0.816778116984666,0.9300668284196516,0.692386209527402,0.9201981569430595,0.9048830033154058,0.9090636753073358,0.8896802491260702,0.7198204420133465,0.9117913875450325,0.9327167510955896,0.8785401016887855,0.9670949100090163,0.8563358498618108,0.8482212456214522,0.5741333756600109,0.26802728954375077,0.9178801133263081,0.8307902358986599,0.9646668607340487,0.9250013316406693,0.9671816160523483,0.9250013316406693,0.7390617281838533,0.8748756693307256,0.9327167510955896,0.9276398400468777,0.6722158124104387,0.9759790834075595,0.8731400424546567,0.9069566644903915,0.841827174255886,0.951689513216182,0.4821629334344103,0.9300668284196516,0.810581958011195,0.532655448216918,0.8562455381583127,0.9225701399051962,0.9354577472990953,0.9777323068038088,0.9443657603723177,0.7819841067247485,0.8383202802574363,0.9008268910150359,0.5602700468404277,0.8389886061382859,0.9846299338167082,0.863457778874992,0.8021452229292102,0.682331479846739,0.9383021271292233,0.5825440130634548,0.3088603611653049,0.9028404281797042,0.8821985066105542,0.9383021271292233,0.8469347861468033,0.65814391291668,0.9354577472990953,0.8767292272696674,0.9183639031920552,0.9300668284196516,0.8801586131976928,0.6317235097256815,0.9201981569430602,0.9300668284196516,0.9300668284196516,0.7025605332873054,0.9383021271292229,0.6682854019963589,0.5052972729009111,0.8307902358986599,0.7700058881907588,0.9945610690582234,0.9250013316406696,0.8968796530895522,0.9201981569430604,0.9327167510955896,0.6411229421467326,0.9574199835789752,0.9300668284196516,0.8968796530895524,0.9068133785871433,0.727264253402609,0.895459572645648,0.8788754340793861,0.7620225581106219,0.9968821388921407,0.8827846276184794,0.8356850887033104,0.9998220154184712,0.7509766886424835,0.9412650880954538,0.8801586131976931,0.9360968865539774,0.895459572645648,0.9697258997487671,0.9250013316406693,0.3924118735298634,0.8563358498618105,0.8988405313927084,0.9383021271292233,0.9354577472990953,0.9225701399051964,0.9250013316406693,0.9069566644903915,0.9945610690582234,0.9936310971469995,0.8680005631963954,0.7598784394566545,0.9028404281797042,0.9846299338167082,0.8663609096175968,0.7474008553057094,0.9069566644903915,0.5342006513333233,0.8080419563238159,0.9300668284196516,0.23412370507680136,0.7220920399128281,0.46608066578081475,0.6906679864804438,0.9443657603723179,0.680049217535533,0.9117913875450323,0.6823314798467393,0.9178801133263081,0.9225701399051962,0.9809187311351044,0.8307902358986601,0.6725471930079316,0.629327902734568,0.7323775850440062,0.9250013316406693,0.5310636991821819,0.9409403068620963,0.9459529270485076,0.9096622933762626,0.9412650880954538,0.8393703128756635,0.9250013316406693,0.9250013316406693,0.9325461471620269,0.8859100247525029,0.7919815607102554,0.9250013316406692,0.9412650880954538,0.9250013316406698,0.8855707623626501,0.8482212456214522,0.6634578202566357,0.9250013316406698,0.8874073419940798,0.9487210184868773,0.7523148097023771,0.737288851630028,0.9250013316406693,0.8245452201344512,0.8766235303260079,0.6843654774186587,0.6802855063023189,0.9206231796054523,0.807486121491231,0.9300668284196516,0.6524862957789193,0.9250013316406693,0.721018024155061,0.8988405313927084,0.5798285092352111,0.8329492409753998,0.9759790834075597,0.7716961843536447,0.9156114273620617,0.9250013316406693,0.95271846262172,0.6568336500093328,0.9250013316406693,0.88740734199408,0.6547107457479497,0.7668230595030066,0.7478328412640207,0.6411229421467322,0.9250013316406693,0.740803327926757,0.5682385535952397,0.9354577472990953,0.8469347861468033,0.7889700169868443,0.9202277241011807,0.3264415338452087,0.8466154872169023,0.9300668284196516,0.9036261460394366,0.4147295812625009,0.9048830033154058,0.5126051484814077,0.8136788684073104,0.8090339827877058,0.9048830033154058,0.9327167510955894,0.8988405313927084,0.9250013316406693,0.9945610690582234,0.8547004147121713,0.6400708592788086,0.9112065483416407,0.8930282606473352,0.9201981569430597,0.7837417029281227,0.9274978432118417,0.9201981569430597,0.9112065483416407,0.92500133164067,0.9133880855304555,0.8214342607350607,0.8859100247525029,0.949179989012776,0.5767913281440066,0.9412650880954538,0.9625056647317989,0.9048830033154058,0.7247272866765051,0.9090636753073356,0.9412650880954538,0.7246857596207512,0.9075611147669862,0.8919315298783141,0.9008268910150359,0.9090636753073358,0.884047291409445,0.9300668284196516,0.9117913875450321,0.8514489788174842,0.9898588770674845,0.9028404281797042,0.5796374408851754,0.9112065483416405,0.0,0.7636263905985361,0.7307357229175763,0.9441063970569614,0.9178801133263084,0.6581439129166794,0.8386564101621348,0.8855707623626503,0.9403227338586295,0.9430450953185583,0.7306794529803191,0.9516895132161816,0.8030123017207884,0.9403227338586295,0.9054862779423516,0.7357016583543142,0.9300668284196516,0.8580451464193861,0.7581727381433541,0.8783842798904284,0.9056312245600875,0.9945610690582238,0.7425883711937671,0.46192208987822725,0.9894059433698013,0.907561114766986,0.9178801133263086,0.9178801133263084,0.9846299338167082,0.9945610690582236,0.8892617449664435,0.7632760406025192,0.8714160325350089,0.9225701399051969,0.9225701399051969,0.6378412209416805,0.9202277241011809,0.9178801133263077,0.8105819580111949,0.9250013316406693,0.9354577472990955,0.9250013316406693,0.9250013316406693,0.6068632962581187,0.9048830033154058,0.9117913875450321,0.9250013316406693,0.6678181034137771,0.601590981362973,0.9360968865539779,0.7826185692953935,0.824545220134451,0.7133304308209105,0.8859100247525029,0.8563358498618108,0.5528712149760452,0.9156114273620619,0.8574545423984337,0.9894059433698013,0.2771093559920521,0.7025018769637015,0.5904610755607154,0.8892617449664435,0.9156114273620617,0.9908644354749634,0.7425465860554165,0.9894059433698013,0.8731412310681066,0.9300668284196516,0.9076544108756528,0.9090636753073356,0.9376689775178677,0.9430450953185583,0.5920184236264838,0.88740734199408,0.3436575319312337,0.9430450953185581,0.9139500985208795,0.9300668284196516,0.9487210184868773,0.9274978432118417,0.8731400424546567,0.5423783581186579,0.8063452902501247,0.9846299338167082,0.8111595167276988,0.9178801133263081,0.740803327926757,0.8370767014618665,0.9682551375725406,0.7247033256713329,0.8911350110320606,0.9443657603723179,0.7133304308209105,0.5767913281440065,0.884047291409445,0.7301300220540641,0.9090636753073358,0.9652185955408618,0.8506700134220453,0.9250013316406693,0.9327167510955894,0.41181202753149626,0.9720175422977495,0.7950896414683783,0.9487210184868773,0.9201981569430606,0.9593818128282499,0.7506815672849729,0.9048830033154058,0.6364591097677352,0.9412650880954545,0.6952097578291017,0.9673445570347359,0.8488314242849375,0.9201981569430597,0.9156114273620615,0.7648762399616602,0.8748756693307256,0.9028404281797042,0.7165060214660961,0.44736396029839964,0.7203542286738358,0.8436803360653844,0.8801586131976928,0.5768506865175325,0.7950896414683781,0.8892617449664437,0.999822015418471,0.945842199911705,0.9759790834075595,0.7620225581106217,0.9773955008523827,0.5599762423412652,0.9225701399051962,0.6989031042017527,0.7652265166628873,0.9443657603723179,0.8456378887844855,0.719207720169811,0.8783842798904287,0.8766235303260081,0.9008268910150361,0.8547004147121711,0.8892617449664435,0.9458421999117053,0.8767292272696674,0.9112065483416412,0.9225701399051964,0.9327167510955894,0.9443657603723179,0.9250013316406693,0.943424161892372,0.8012928241009689,0.6929590346490556,0.8819472699932518,0.9250013316406692,0.6043717896685837,0.740778968633163,0.9399503688866634,0.8855707623626499,0.8579782334751938,0.8402398194588374,0.46662042299289996,0.7444845762612773,0.8930282606473352,0.8896802491260702,0.5416279033542122,0.8386564101621345,0.9354577472990955,0.8563358498618108,0.8949427042733138,0.9801704643354421,0.8748756693307258,0.9936310971469995,0.96225141944642,0.9201981569430604,0.9443657603723177,0.9133880855304559,0.8949427042733138,0.9250013316406696,0.8311946752698998,0.829225612011617,0.9945610690582234,0.9720175422977497,0.9883783616664188,0.6963304663393008,0.6411229421467324,0.9225701399051962,0.9846299338167082,0.9178801133263077,0.9225701399051962,0.9225701399051962,0.9434241618923718,0.9250013316406693,0.9954159552893472,0.9202277241011811,0.9250013316406693,0.9028404281797042,0.8643441101315108,0.9491799890127757,0.9300668284196516,0.9354577472990953,0.9274978432118415,0.9682551375725403,0.6989031042017526,0.5386927175635586,0.9430450953185583,0.5711341685927277,0.9250013316406693,0.8629508839222022,0.9300668284196516,0.9028404281797042,0.6569198337674953,0.8646249603464986,0.9383021271292231,0.9274978432118415,0.9069566644903915,0.9360968865539776,0.9069566644903915,0.9250013316406696,0.8748756693307262,0.8837510389154053,0.9229204799674602,0.5772938566007138,0.9112065483416405,0.9945610690582236,0.8968796530895524,0.9300668284196516,0.8629508839222022,0.5465463723167961,0.9250013316406693,0.9250013316406696,0.8752367259256748,0.9412650880954541,0.7816813666620535,0.9178801133263084,0.9112065483416407,0.6144047882504435,0.9201981569430597,0.6815189557958081,0.6517883107771556,0.9250013316406693,0.9250013316406693,0.8731400424546578,0.7716961843536447,0.884047291409445,0.7337232155615676,0.580012135128559,0.7684014291254326,0.7849858404243306,0.6457177570871888,0.9008268910150359,0.6400708592788087,0.9250013316406693,0.9076544108756526,0.9327167510955894,0.9443657603723177,0.7506815672849729,0.9383021271292233,0.5768506865175325,0.9250013316406693,0.9250013316406693,0.6883984526771301,0.9250013316406696,0.6761566988795978,0.9090636753073358,0.788867719308608,0.8514489788174842,0.9276398400468777,0.8785401016887857,0.5892285747734823,0.7794812069687627,0.9250013316406692,0.8748756693307256,0.6506869518530335,0.9274978432118415,0.9491799890127761,0.9578429391348562,0.8190157220345959,0.8680005631963961,0.8783842798904284,0.9755396763967227,0.791981560710254,0.9250013316406693,0.5881269905692315,0.8783842798904284,0.38999958078606345,0.8592399763772833,0.8242019412108883,0.9547568354430371,0.8877874242285113,0.7841838626946305,0.9354577472990953,0.5452289665512677,0.5234435393532934,0.9612320790184807,0.9412650880954541,0.9183639031920552,0.8988405313927081,0.599031746092893,0.9327167510955894,0.9225701399051962,0.5149415163147818,0.9300679213294074,0.8748756693307254,0.9809187311351044,0.9443657603723179,0.9054862779423514,0.9316279546663162,0.9936310971469992,0.8563358498618108,0.8819472699932516,0.410663684949374,0.9250013316406696,0.9412650880954541,0.9090636753073358,0.9090636753073356,0.7733686869464738,0.9156114273620628,0.9860598647601154,0.9651931383855021,0.44983034771167985,0.9274978432118413,0.6984028798568538,0.9409403068620956,0.6586095085141521,0.6434288096655054,0.9250013316406693,0.8402398194588374,0.9250013316406698,0.7443256688918841,0.9412650880954541,0.9376689775178677,0.19758423552608373,0.7873083094059601,0.9250013316406693,0.677208190250931,0.7133304308209105,0.9778050395375548,0.6341004574780564,0.6298627830448427,0.6605904158717679,0.9327167510955894,0.5989802323460158,0.8148187834615361,0.6748860269593713,0.7079822296372045,0.9048830033154058,0.7684161422826152,0.9443657603723179,0.9048830033154058,0.9250013316406696,0.8498323084998982,0.9325461471620269,0.534669109162735,0.8563358498618108,0.7203542286738358,0.9250013316406693,0.9225701399051962,0.5465463723167961,0.7950896414683783,0.8466154872169023,0.6843654774186585,0.6970610052201983,0.9250013316406693,0.6453995170763076,0.7981930316589159,0.8855707623626501,0.9250013316406693,0.5955901146276341,0.9156114273620619,0.9383021271292233,0.9048830033154058,0.9225701399051962,0.7948436229548856,0.9924458838377674,0.8482212456214522,0.9651931383855017,0.9224059250470904,0.9048830033154058,0.7238228863394929,0.9250013316406693,0.96225141944642,0.9250013316406693,0.9383021271292233,0.7539434773645888,0.4012021459379681,0.9443657603723177,0.8911350110320606,0.7690036197824603,0.3237469561731864,0.8855707623626499,0.9250013316406693,0.8575841959228613,0.6016315379564579,0.8013809130873764,0.8892617449664435,0.8748756693307274,0.9327167510955896,0.8892617449664428,0.9206231796054523,0.8766235303260086,0.3519078655054937,0.6970610052201984,0.8766235303260086,0.8855707623626503,0.9327167510955896,0.8307902358986599,0.8766235303260086,0.9443657603723177,0.9350783929825497,0.9759790834075597,0.8307902358986599,0.9682551375725408,0.9538390172168245,0.9028404281797042,0.4102303794587505,0.8748756693307265,0.9812071873217105,0.27856407981789677,0.8968796530895524,0.9682551375725406,0.9090636753073358,0.6835143529399401,0.8855707623626503,0.8547004147121713,0.6343247016622663,0.9291084123474049,0.8646249603464986,0.8968796530895524,0.9274978432118415,0.9300668284196516,0.3753530121331178,0.8957706480212737,0.9276398400468779,0.8930282606473354,0.38276867840637363,0.9327167510955894,0.9354577472990955,0.8373352913291285,0.18753316471939563,0.8028417197245652,0.9722183203479302,0.8892617449664437,0.8046428281148681,0.9069566644903915,0.21576504249886608,0.9250013316406696,0.6045450915229468,0.8439696564643357,0.8714160325350084,0.3281858391203759,0.7997485053039775,0.9354577472990953,0.9117913875450325,0.8406452729382572,0.1227372056815752,0.9612320790184805,0.8911350110320606,0.8785401016887857,0.8340377649316193,0.7281274189980704,0.9112065483416405,0.7915658006826478,0.9682551375725406,0.8523574904307238,0.7581727381433543,0.9300668284196516,0.9759790834075595,0.41472958126250103,0.13784751616546898,0.9300668284196516,0.8767292272696672,0.5649847066505249,0.8049434857291164,0.9201981569430606,0.9201981569430602,0.5950149957306208,0.9028404281797042,0.8563358498618108,0.9300668284196516,0.5798285092352111,0.9028404281797042,0.9354577472990955,0.4559420539233807,0.9008268910150359,0.9274978432118415,0.9412650880954541,0.4953115191041517,0.9383021271292233,0.7736750299626232,0.9354577472990955
p166_Y,0.9961163305996692,0.8173454000611211,0.9214116142107818,0.8488591863650052,0.8697493950485444,0.8039807896790847,0.7335409686679664,0.7294594547669329,0.6968509431824828,0.9120142963323283,0.9902983276552519,0.8347240030058896,0.8347240030058893,0.5367068819982219,0.8896666645989633,0.9397550608991119,0.9001803414137274,0.93997383706413,0.8817866859835523,0.8262875324250604,0.9177898114387055,0.9424449052201409,0.9608573490884635,0.9375392388282304,0.8778112237758889,0.7840725527723562,0.7076056961644404,0.7562824401099406,0.7889020793904016,0.46671618577300733,0.8277047400759192,0.8563822015167812,0.8198704548791858,0.9248597097891194,0.8995853467709884,0.8817866859835523,0.876007953269136,0.723557945843869,0.8812473067855704,0.6542742200625049,0.9923650074228723,0.8350716245380763,0.9220202535048391,0.801669323662155,0.7901376869855635,0.8466508559863981,0.9461114643341089,0.7210151972039984,0.7900755252357377,0.6753893346121229,0.9881562591687436,0.8503962914876851,0.8070686869526491,0.7648411251329688,0.9272990664737619,0.8872028552545292,0.7784462052462094,0.6827113291147924,0.8354417200862809,0.9143189439630461,0.7039100716877231,0.854556954140971,0.962969971244423,0.7344892377260073,0.7269481442351544,0.671082329502541,0.8471261687663035,0.9408646612910494,0.8249585669360655,0.7389815511680626,0.549305896997635,0.8477876609689743,0.9592572502158769,0.5067457912875766,0.6827113291147924,0.8332787167611999,0.9065585053045615,0.8555615021313923,0.5485585629160254,0.7646343017371667,0.9646082992863596,0.9219594355678596,0.539436787196329,0.7840725527723569,0.6827113291147924,0.5053423333393003,0.8669466104824921,0.6687560550936746,0.7322171740156886,0.6724259519035649,0.6827113291147924,0.37332451760639984,0.732038310800996,0.6973231591882434,0.82094296684039,0.9672459702643854,0.37555231040409864,0.6935626108542228,0.5110940059271583,0.5466841753113538,0.7561561426129252,0.7359365694375489,0.7125472808372374,0.5533008681600111,0.6664505426564933,0.9040056117932131,0.6201110472631975,0.5414022801610212,0.8013966443800906,0.5006841064538738,0.4520505802330467,0.907753122760911,0.7027434556175298,0.7673902576613311,0.9143162677112748,0.6884984120256308,0.8698496749892742,0.8683043280893405,0.9599402826694068,0.6094222966635667,0.9349056753799825,0.42669212441005455,0.6310480454343341,0.9373413118403433,0.9169777028838372,0.38327147636736925,0.8760079532691358,0.9214081553106299,0.9623377431332976,0.9077452397425096,0.5989871569967713,0.8507258744656063,0.781239139940322,0.8812473067855704,0.6800950325573996,0.8017678234385303,0.8645964545445721,0.880069683179294,0.8893257159297718,0.7188297285473889,0.9045720569096516,0.9120142963323283,0.512685022614094,0.7047325762323126,0.5216421871000851,0.7369147871623551,0.8439281033409827,0.5158944142115351,0.8025205592445634,0.4822482020240847,0.7889020793904014,0.7039100716877233,0.706581356132173,0.6875312204759032,0.814182654353313,0.8025205592445632,0.5115240497219122,0.886272290857833,0.8322552150648943,0.33165920220642886,0.5200692127031834,0.863117355928886,0.8030302144488972,0.7510076394676355,0.760769088466402,0.497677290165756,0.7632718375114125,0.9923650074228723,0.8758965320044658,0.6496130257099106,0.828049032740553,0.892706361251836,0.7980426047213922,0.4628682330353522,0.7636116855314863,0.7577270976204536,0.8460854022796798,0.9629190452899544,0.7442707804391484,0.7048576186473887,0.9292166664026174,0.7616317246062898,0.9567667063124822,0.8347240030058896,0.9314806880612605,0.42338529383674817,0.666186827861968,0.7422042837001102,0.7648411251329688,0.6712152904430879,0.9707576097306716,0.7145761397566917,0.9419552317203568,0.5940311175325843,0.9176892863379001,0.6827113291147924,0.9067735960486834,0.8317070600826404,0.9981163816765461,0.978967972827522,0.740995275838433,0.9216975403748093,0.6827113291147924,0.806346246311707,0.5940311175325843,0.8746288432976694,0.6827113291147924,0.9629960192196343,0.7911943785011744,0.689941717405244,0.8605474564985351,0.8528854882724719,0.6724259519035646,0.6827113291147924,0.8617051084659548,0.6827113291147924,0.7189601427976053,0.9128869334955445,0.9135169539046759,0.6827113291147924,0.7064172413256602,0.6827113291147924,0.7998651823624342,0.7983332673215386,0.49767729016575646,0.8058039801677697,0.7041413728147148,0.49647264882754305,0.7188297285473886,0.9366401202067464,0.8562263088127959,0.7014603480668281,0.8334130791672318,0.9546975005750381,0.945956712005275,0.8357178127792182,0.8186192399936734,0.9219549806673228,0.9002521798657003,0.7717692349609531,0.7329189478805076,0.8522236861229036,0.3474980225737003,0.8860996110792341,0.6827113291147924,0.7812720595012723,0.6827113291147924,0.3027483054766844,0.5289255975910467,0.8563822015167815,0.9473790259104964,0.47087284032772214,0.876007953269136,0.7292142083652791,0.8754255978825567,0.3968544210902649,0.9840116439758554,0.5912791063234355,0.8825210710884408,0.42192160637623777,0.6552215446197296,0.5501167692387785,0.6724259519035649,0.9649376594301959,0.6621849779554076,0.8812473067855704,0.6488059354134499,0.6621920749088606,0.8142348490514512,0.6072016258915269,0.354009003161756,0.889325715929772,0.6884425258136861,0.6186258744971422,0.7227331919279232,0.9040056117932131,0.4873963141429103,0.9214709587537235,0.7554585260013131,0.751746415530433,0.9040056117932131,0.6162660673462497,0.5445405252886184,0.966592519162104,0.850148042748943,0.5991373428715783,0.7041413728147151,0.994845097120319,0.4307278895297806,0.8578802781954209,0.8507258744656068,0.9267077491745545,0.617438324195392,0.7389815511680626,0.4037454109001424,0.837915404920339,0.7180115757573198,0.779481161695046,0.9888905370951696,0.682711329114793,0.7448084235113268,0.6623910627797649,0.8141826543533132,0.5057589385454682,0.8672165210180758,0.8949125525517202,0.9711439321333816,0.9329761882025391,0.6423747647653058,0.7701288154159183,0.7615065907128717,0.426001708135747,0.8712384745589294,0.7908165946088686,0.38457173148108215,0.9384438915290363,0.8032021226277379,0.9010584384943777,0.9546975005750381,0.7911943785011759,0.878385680122791,0.8825210710884404,0.6827113291147924,0.8563822015167808,0.743923081563306,0.5950318243597379,0.9040056117932131,0.9323576084582541,0.7593994892724845,0.6827113291147924,0.949454551385023,0.8683043280893408,0.8826737655629209,0.9609659161055639,0.976985963076862,0.6127434606585593,0.8563822015167815,0.5818752379363954,0.7817751087540812,0.7791059524392672,0.8198704548791864,0.5909285699217313,0.8507258744656068,0.864638314971198,0.8258040146842538,0.8151246754418042,0.7369147871623549,0.9599402826694068,0.46615206115597463,0.5532215351222296,0.44113529842989374,0.9552016686278094,0.7014171310265381,0.8370596133537881,0.5534026873482214,0.4566341339190898,0.4215558535549966,0.7195229571287174,0.6827113291147924,0.6094214574806334,0.8793488634596527,0.5818017369177628,0.9817104390433371,0.9120142963323286,0.5536046743108878,0.6827113291147924,0.6827113291147924,0.8025205592445634,0.8032021226277379,0.4331779706662191,0.6827113291147924,0.8262875324250603,0.6827113291147933,0.5575170356226742,0.7438201518830072,0.5427133019523991,0.989093201938321,0.5447449373189306,0.7159500210071943,0.820581124622725,0.6578769435192897,0.6827113291147924,0.765086084020052,0.49767729016575635,0.5008788568149232,0.6245852428741461,0.9663127810661232,0.3627149579150447,0.8825210710884406,0.4216136921503921,0.6827113291147924,0.6992323755337889,0.7330086294414949,0.5986910355377004,0.8701033826089991,0.8760079532691363,0.8120521304896475,0.6429864871479384,0.6827113291147924,0.8577591574075054,0.9144156269705473,0.6827113291147924,0.9873911732534827,0.8675668734487236,0.9107728572760725,0.7206903141286427,0.4412198067238453,0.6827113291147924,0.867810071097541,0.7575365903511255,0.966592519162104,0.5614890378989682,0.7076377225680865,0.7438124218138575,0.7293721210014907,0.5362551864136729,0.9143162677112748,0.7818741296724117,0.6421627176199256,0.791336746916445,0.5918992068650373,0.5720418648668463,0.8591998531299703,0.791336746916444,0.8893257159297718,0.6410240927203237,0.6827113291147924,0.9754081792009579,0.9087961985278505,0.8402016946502842,0.8875382141796817,0.8769080618713376,0.6906103956635765,0.7591090993789329,0.9393981900535808,0.6906103956635765,0.8555615021313924,0.7423832325596815,0.8435975375251974,0.8338777612301465,0.6118663904233579,0.8683043280893405,0.5570884769702138,0.9120142963323286,0.9201332252981105,0.8639884335615955,0.708183040895519,0.866946610482492,0.7889020793904014,0.9876179658325719,0.8348129948177625,0.6521497678182115,0.6271983016325332,0.8058941123210299,0.7636866943555158,0.9267077491745545,0.764269323607996,0.7841426588398451,0.73394047812987,0.7554585260013131,0.8032561096451714,0.8104681290730043,0.7636263905985361,0.0,0.6031932777064428,0.6563189058137818,0.9622663405510676,0.7009816385326177,0.7086482280213332,0.7973682020193065,0.8639679664180095,0.7429022891530102,0.7112002953147947,0.9389182709174668,0.9646749210559035,0.816396277970425,0.8785781813150461,0.4814281927757311,0.7677317660603833,0.9114916536088422,0.915636302541505,0.7236777151203173,0.8548312635845443,0.9040056117932131,0.6176962009616765,0.8066012170647419,0.863887787050554,0.7921668703200869,0.7351163597714814,0.9001803414137275,0.9222692303427626,0.9040056117932131,0.6596684641050145,0.8226170276080802,0.9158719108488642,0.9796798986207558,0.9506887194977824,0.8780415309765204,0.85285411282922,0.6800950325573993,0.6600782125708271,0.6827113291147924,0.8964678380224962,0.6827113291147924,0.6827113291147924,0.4418566228027925,0.8155539757981618,0.5933691316675103,0.6827113291147924,0.7368151291395514,0.5020949888076018,0.800877607154159,0.5695201669931766,0.765086084020052,0.822500691183586,0.7182175698686128,0.8494352724378438,0.4954545454545456,0.9541562193724058,0.7377207171905628,0.8638877870505536,0.7801055081046449,0.889131947176758,0.7998430682603384,0.7451062634081929,0.9810133722710495,0.9425382768468589,0.666704719237986,0.8296528763467039,0.5867539910952411,0.8825210710884408,0.6035506656441654,0.8562263088127953,0.8142348490514517,0.8454048198578001,0.6607986378748922,0.7976856435672461,0.7039100716877236,0.796970362094366,0.8458139326400145,0.8507258744656065,0.766282217498959,0.7240386905967509,0.943949315974366,0.5634789214453073,0.8945945945945946,0.8800696831792942,0.8848223705986984,0.9552016686278095,0.7653996171087429,0.7482334221078928,0.817381847518431,0.5648737043491121,0.7892792459601397,0.882673765562921,0.6413262865458631,0.5983388185917273,0.8691988852300538,0.6893733367354036,0.7411161192530771,0.8165068824907658,0.862659431266001,0.6827113291147924,0.8893257159297718,0.8348129948177618,0.8995853467709884,0.9930717933056201,0.8058941123210295,0.9143189439630466,0.8642516098625549,0.6920314009566702,0.6460333736261423,0.4101670320653874,0.8746288432976694,0.507123891606754,0.8875382141796819,0.6083452011020505,0.718829728547389,0.9384151690330191,0.9419552317203569,0.6843267459128244,0.6365293048823517,0.8976906211698029,0.8845466530422739,0.5834929698493501,0.5981036413004372,0.7138119213033529,0.6945293147636673,0.8210790621176433,0.7849858404243293,0.8636729854597189,0.7791059524392667,0.8452423104895894,0.899362343902217,0.7988574246470284,0.9264517419897602,0.7014171310265381,0.652284286304871,0.7539497117167433,0.882673765562921,0.7570810279440832,0.9461114643341089,0.664131701907313,0.8706974250279074,0.8116920561107119,0.9341540184747317,0.8091846128855763,0.900101915716712,0.9962356528288621,0.8104681290730038,0.9216975403748093,0.9222692303427624,0.8039807896790847,0.6827113291147924,0.8244907184259174,0.8862445023252792,0.6509309668389109,0.6021103673579362,0.6827113291147924,0.6634843117843945,0.6029300139254128,0.7219291498769793,0.51589672837377,0.7677517294793199,0.5373393706721716,0.7030421931847333,0.7392016746597436,0.9867286320076913,0.7915557390131083,0.7655512212060345,0.8390572023620211,0.8964678380224962,0.655996255834524,0.7561561426129253,0.831322159306052,0.5483507411312687,0.803980789679084,0.8375584557741425,0.6906103956635775,0.8433272776210028,0.8151246754418033,0.8453163931460617,0.6827113291147928,0.7215816957328074,0.7299993791886092,0.8683043280893408,0.8697493950485449,0.8562263088127955,0.6798045225117695,0.46703545945249436,0.7014171310265381,0.9881562591687434,0.6800950325573991,0.7014171310265381,0.6724259519035649,0.8944761057571169,0.6827113291147924,0.8522236861229036,0.9108888899708296,0.6827113291147924,0.5889576164347667,0.382625792169614,0.9040056117932131,0.9143162677112748,0.8964678380224962,0.845242310489589,0.7014171310265381,0.6651468143818813,0.581040031064366,0.796970362094366,0.5124551502057031,0.6827113291147924,0.5655902017555166,0.7359365694375493,0.8639679664180093,0.567830950476421,0.7022871777288198,0.7389815511680624,0.7548043333762983,0.826072962214246,0.8591530377748242,0.7297533167709565,0.9592572502158767,0.9174284683954912,0.6315212445279643,0.7023873637566034,0.8571950434178841,0.8812515305002852,0.953189253391297,0.5863735674758885,0.9143162677112748,0.6019374320939703,0.5567439083216601,0.6827113291147924,0.8915629911719021,0.7847106516861768,0.8746288432976694,0.7421592457598484,0.9622663405510676,0.7271113602869297,0.5786839004842803,0.6906103956635765,0.8035181865156817,0.43648287160444266,0.6827113291147924,0.6827113291147924,0.9054979658966767,0.4786612151202656,0.5856547952514983,0.900146864599753,0.567320153082177,0.812058455052536,0.9623669123669123,0.446312811758399,0.5804391647778036,0.5537292033758772,0.6827113291147924,0.9499271462348511,0.8893257159297718,0.8812473067855704,0.6386888544975691,0.9040056117932131,0.6145154950750156,0.6827113291147924,0.6827113291147924,0.5307086968334533,0.7722191842821251,0.5306062298746552,0.9317246035504445,0.6726305598463926,0.8376395456047532,0.8549439478440667,0.8701012487387999,0.5319027110591343,0.636864704908845,0.6827113291147924,0.5095004540508241,0.4513003283605812,0.9375392388282304,0.9040056117932131,0.9437526175739808,0.8494251168866668,0.6282736808318867,0.4854936622682986,0.845242310489589,0.8264865634897192,0.6827113291147924,0.4670182035471728,0.7633750572623207,0.7001058017664255,0.6536296727663564,0.842630908043041,0.8151246754418036,0.7003722788668689,0.5215063480509265,0.896467838022496,0.6298854273968435,0.6090734969190719,0.9347556769440266,0.9867852024016464,0.8806088165171153,0.8479893003429586,0.42351443461478366,0.889325715929772,0.6724259519035648,0.6240540765924594,0.8426227299879607,0.8008776071541575,0.8751866702900588,0.8812473067855706,0.6066261717519356,0.8812473067855706,0.9599402826694068,0.5680694301057423,0.9270484544007072,0.7062627433627988,0.8697493950485444,0.9384438915290361,0.917278806974258,0.8813924070586785,0.49992790842540835,0.8198704548791862,0.8347240030058896,0.9094929178878131,0.9647707001797252,0.8452423104895888,0.7824620239920499,0.8626184126173282,0.7067103875850631,0.7597741283376787,0.6827113291147924,0.34052154699324544,0.8995853467709887,0.7351551103780936,0.9120142963323283,0.9052103298201706,0.8401821221942178,0.6360705596168179,0.6827113291147924,0.6170382504880172,0.6542673154485577,0.9457452797916519,0.413978603557438,0.48026073279397385,0.4365359114908932,0.8893257159297718,0.6895797597757172,0.8840606960662639,0.6080940370978558,0.5261540841301864,0.6460333736261422,0.2932372066945358,0.7646343017371666,0.7671195180347276,0.7722191842821252,0.9791671745597292,0.8806097286845597,0.49203112439803665,0.7966791770005747,0.7394034329309052,0.8399134433261011,0.7014171310265381,0.5975934024317846,0.8784099725136356,0.5867539910952414,0.6160695823764626,0.5539605693720215,0.6827113291147924,0.5257728599957607,0.9300594814631551,0.5367068819982218,0.6827113291147924,0.5361179361179365,0.8309865574384445,0.9040056117932131,0.7913367469164444,0.7014171310265381,0.8516566264547583,0.8300648211329423,0.8155074969487259,0.9121865810459139,0.9222900298332155,0.8397712046798791,0.7040466146858888,0.6827113291147924,0.9254149118832258,0.6827113291147924,0.8683043280893405,0.574797973852718,0.6354777446158222,0.8812473067855704,0.9408594965377106,0.9521123541528984,0.73611165749572,0.8280490327405531,0.6827113291147924,0.8587656591799585,0.6199265005503769,0.7897350493910849,0.7664657132339874,0.8980033248552685,0.9881562591687434,0.8946224121887543,0.8018249048729211,0.7136363156122656,0.6623760983136733,0.6953649722380617,0.7136363156122656,0.859798662892663,0.7153521111143415,0.7338503961245904,0.7136363156122656,0.8812473067855704,0.8019970319823734,0.9067735960486834,0.6801132502863878,0.7304083101495112,0.7807465126855617,0.6127434606585593,0.8558056729844734,0.8300446655816207,0.8696220487395172,0.7484398834041255,0.825154110106769,0.8347240030058896,0.8310602105669125,0.929857921545543,0.7239982646182919,0.9262461744164524,0.8362118883492022,0.8822935232938129,0.8943742600797875,0.6769077709247104,0.8452423104895888,0.9143162677112748,0.8818040908089262,0.9023415705836826,0.7936302277196006,0.7890516057622549,0.8422469654107378,0.8893257159297716,0.896467838022496,0.932332181261269,0.7892792459601412,0.6182644187688713,0.899197534530654,0.7878251630597815,0.9189287612189209,0.8037822702734223,0.8650600814349994,0.8995853467709887,0.7275666174930864,0.7424407212026816,0.8557229147777173,0.7210151972039982,0.941716103484707,0.8981226977544039,0.954697500575038,0.8761336885754374,0.7840725527723562,0.8176483505926044,0.8859059313736366,0.7325675049004718,0.8535804551039304,0.8073645963969711,0.881251530500285,0.8342078612106522,0.7593994892724847,0.9604210586172979,0.5340118294481541,0.735936569437549,0.9683048816077777,0.6421627176199254,0.7716661136923275,0.7995269626832177,0.996235652828862,0.684700816995059,0.6375252252968535,0.8034877271988278,0.9707576097306716,0.6583573990566349,0.82681605867269,0.796679177000575,0.9585029457973887,0.5844538150406997,0.8743877471202746,0.896467838022496,0.6788808260434289,0.8376144174788165,0.7240386905967507,0.9120142963323283,0.9555938812663824,0.9397068954970855,0.7064195130651469,0.8964678380224962
p167_S,0.996112765068752,0.7869352440987847,0.8098009227704044,0.8888069251443766,0.9175238558077218,0.8684477557283841,0.7801416752811159,0.7549597499783034,0.5938060003654765,0.8603930719852719,0.755000252445664,0.933670774848706,0.933670774848706,0.6726542366503447,0.9418894056297132,0.8009631808319895,0.8548882251113228,0.9593265323629797,0.9140410790158209,0.8571935243607931,0.8896119998203962,0.7480074620231036,0.8030362337090724,0.900296822128463,0.7877575020847978,0.6987539300174221,0.776956374130005,0.8179768141864516,0.8571935243607933,0.743218080080043,0.7509046470439129,0.9862789464261122,0.7994169225165983,0.7568500292015018,0.9456968214709253,0.8129069456777993,0.8091947986859862,0.7440995115376006,0.8343249892961567,0.6872971503142591,0.9066696825742984,0.8150514051534525,0.9829386167838862,0.832760028359526,0.9847746434135192,0.7335206014455498,0.817957176034668,0.6442246235311494,0.7514131795808174,0.6636307094210181,0.8618496660711301,0.6144366846756992,0.7204683135462187,0.7869352440987827,0.9262179130570987,0.7866618671723988,0.9550432012193395,0.7725735218970409,0.7783467175265729,0.8113012486302029,0.6719908257702509,0.7108707554135636,0.9376121488341835,0.8985284147378999,0.9012618396310073,0.7266193042716028,0.9203990933076511,0.8726317436967443,0.8396450325676494,0.9140410790158209,0.6474858503363237,0.7514131795808174,0.9134383502130585,0.5005409089999183,0.7725735218970409,0.9127213860969214,0.7717708609035463,0.779258378811349,0.7333217496100184,0.8312943488564517,0.9053859784347449,0.8625931846124095,0.6698770582022537,0.7204683135462191,0.7725735218970409,0.6312116533328538,0.9381146530666427,0.7514717437048324,0.972894613860009,0.7925764380555538,0.7725735218970409,0.5774913487372098,0.7980280053277118,0.72041032625993,0.8334559410391611,0.9305840294488632,0.5977525480888704,0.8139943920814705,0.5550019612123501,0.512365730478413,0.76561420041653,0.7879341691923532,0.772573521897042,0.8066896458286295,0.7848405906968509,0.8129069456777991,0.5844113171801448,0.5584818890827192,0.8860296503732298,0.5489086811601167,0.5445081282608908,0.897954796207999,0.640825576083411,0.7518047456236816,0.817957176034668,0.6519291675082572,0.9108797681819172,0.8499792765287962,0.831294348856451,0.6439041098866223,0.9226243637702353,0.7112271711003961,0.7178547490400895,0.9465614910610356,0.8886727829354459,0.591506315286245,0.8382456366045414,0.9446788346549717,0.7652011593459804,0.7007579144193804,0.6381396377670483,0.7879341691923529,0.8892917732189056,0.9086318030400212,0.8548882251113228,0.8642687187891731,0.7147985754668729,0.8270771330414151,0.7959698129526698,0.8113012486302023,0.8578468537011611,0.8218918489040501,0.5147304372104899,0.5380485832439967,0.7232532627947603,0.6774356008190145,0.9030070292813548,0.5113355502687758,0.821146625308796,0.4706276423191842,0.8924951998175354,0.6890055627503546,0.8077809448461917,0.8143753382366199,0.8581844531301606,0.7570305960422381,0.8300007215972574,0.9853012275106138,0.9055682813937388,0.5616671548810743,0.845466312672924,0.9380492034039252,0.7502927996907005,0.6423025120155894,0.8438256692728756,0.7000257897792725,0.7146033007329664,0.8742026987929981,0.8130085806845471,0.6435928969301188,0.6923044810588932,0.7652011593459795,0.7713371309543775,0.8072144941163701,0.9132262081139088,0.7280585977911156,0.8466183234571396,0.977206972953145,0.757076138753096,0.8826441125915396,0.8255650924775791,0.7839247776621023,0.9550432012193397,0.906295496139132,0.8510636187157523,0.5838057023269871,0.5367028914895986,0.8474226785262455,0.8613019585486632,0.9173191647260968,0.9488806710239673,0.978762420036537,0.6014299018722351,0.49965089174125965,0.757064510670773,0.7725735218970409,0.813144308372797,0.8645941553737209,0.9058808370819109,0.8347576682146243,0.725579929163204,0.906295496139132,0.7725735218970409,0.6892345749004039,0.5117652619287836,0.860393071985272,0.7725735218970409,0.8866216270117957,0.7191003459614518,0.6511581480750459,0.7586341414598086,0.6924505153712225,0.8473269954747025,0.7725735218970409,0.8326833297646112,0.7725735218970409,0.7619339666455625,0.7125614294717237,0.7205449289133175,0.7725735218970409,0.6628393721839597,0.7725735218970409,0.7801416752811157,0.8321262281723181,0.6629490670074052,0.7447309829031821,0.8780031897192964,0.46531074128940286,0.8113012486302023,0.7344339818932564,0.7529611614876082,0.7324933799260902,0.5718344375451186,0.7882316080987166,0.79596981295267,0.8985284147379,0.7658102461637841,0.8710714227183547,0.6677790011064799,0.9208670929242359,0.6640730513352375,0.8593616546238454,0.5766231565030064,0.842294857536932,0.7725735218970409,0.8212558284612829,0.7725735218970409,0.7104601162085706,0.7856540024026235,0.9826137334851421,0.8888442376400891,0.45322427371901375,0.813144308372797,0.7674522561380739,0.7178547490400888,0.6138643918137816,0.9733233897368299,0.5927986063036692,0.8217667418575592,0.5239934385665233,0.8294699062696829,0.6251512268463331,0.792576438055554,0.9694312124673643,0.7609974146818941,0.8343249892961567,0.8234214898290818,0.8107814623925389,0.7434196738641667,0.6272769194972548,0.5963113348023801,0.9862789464261124,0.6993808156114418,0.7650866633140327,0.5919447882202489,0.8129069456777991,0.4987200335849904,0.8582226608766321,0.8176730306437259,0.8724622846278105,0.8129069456777991,0.9138465324642964,0.5396907321187736,0.9982420505572285,0.8669728842379694,0.7512552142845377,0.7879341691923529,0.8830062669945049,0.5062829755195934,0.7580083418866845,0.7879341691923534,0.9680722102462396,0.5236882623361641,0.8129069456777995,0.6493428552712401,0.7469615189175015,0.7860071792100569,0.999804847577492,0.9477524567951612,0.8007464875602457,0.858273228358414,0.7580083418866854,0.8581844531301606,0.49604201970818973,0.7623333264881147,0.8479801828769817,0.9066346643308734,0.7438233686427167,0.49340608268268626,0.7590875321650238,0.8038316688670213,0.7253321901220406,0.6036318116220223,0.6703204614797114,0.6137910322008211,0.8571935243607935,0.7277038854684545,0.8571935243607938,0.9019611987736627,0.8291549352138796,0.6295278150708576,0.9080261965616105,0.7725735218970409,0.7996350258936379,0.9707026112324978,0.7583864817626682,0.8129069456777991,0.9694312124673644,0.8199517167651282,0.7725735218970409,0.9508639258557838,0.8499792765287961,0.8684477557283841,0.8112870432136339,0.8560020162140661,0.7727528766750424,0.9862789464261125,0.5706209410982257,0.5476956624876059,0.857660255129506,0.7486965263003996,0.5702849362349371,0.8217667418575592,0.7568500292015019,0.5748502789627259,0.7916533740185658,0.8713683910135266,0.8312943488564517,0.46517816762737296,0.7124118809820859,0.4469071773755797,0.7509790904695648,0.7652011593459793,0.9580172769196287,0.8009631808319895,0.5307452665311967,0.499625210383574,0.4730409890804266,0.7725735218970409,0.5955621515502632,0.8440024727363749,0.7570761387530962,0.7998928270963164,0.9277968752742771,0.5270338059162665,0.7725735218970409,0.7725735218970409,0.8211466253087958,0.8113900636578154,0.5439711783311882,0.7725735218970409,0.8924951998175354,0.857092418886652,0.9281074139614737,0.8438256692728756,0.56022274267888,0.8007464875602455,0.7381873768854001,0.8192976586644307,0.5390826164447868,0.54541645739312,0.7725735218970409,0.7755246938913858,0.7000257897792725,0.44095954432597995,0.5495380270375663,0.7182838449031008,0.7786764262812504,0.7879341691923534,0.492012994713932,0.7725735218970409,0.5178732378831772,0.8669583994066494,0.8510636187157522,0.8800396799878134,0.9583984979655737,0.621735252773298,0.7440995115376006,0.7725735218970409,0.8293359908760906,0.6782189807184564,0.7725735218970409,0.9632596433801054,0.7533439420040162,0.7943569477840142,0.49340608268268626,0.4838536453492397,0.7725735218970409,0.7792060730822152,0.6329412601039457,0.901261839631007,0.7176853839543007,0.555031436093943,0.8149655677415086,0.6661090715704521,0.5825598673848771,0.817957176034668,0.9718559030342412,0.5609263275589008,0.7115665646213181,0.5242181274148497,0.7893824537727085,0.7008573778674376,0.8030362337090731,0.7959698129526698,0.758386481762668,0.7725735218970409,0.9140410790158209,0.8559849295192257,0.706277876539265,0.92964410480043,0.8830170189819877,0.7846547952584433,0.8033983254983657,0.8672964745230958,0.7580083418866843,0.7307421260799791,0.8007464875602455,0.8860908633652909,0.8210973396268626,0.7869162810332528,0.9848247876461579,0.5452561784557695,0.9309964228987553,0.9155978981016977,0.894505902796827,0.7461568127482119,0.8430610575448734,0.8571935243607935,0.9432686034891624,0.8365151755723853,0.7788263128993114,0.8538019041097618,0.824251358128935,0.614167436625239,0.998095217088554,0.9019611987736624,0.9309953985192001,0.7894407967054085,0.7502927996907003,0.8498279390659499,0.9781603575318001,0.7307357229175763,0.6031932777064428,0.0,0.5743347925326878,0.7509790904695657,0.7243425471814124,0.6338808713358746,0.7967891643188482,0.8678858915754876,0.8945059027968274,0.47986769073731494,0.9975815161025148,0.875600276917759,0.8005056606224616,0.7673115708605525,0.585285068115807,0.7879341691923534,0.8896620890704731,0.6138558887310737,0.7436657691751618,0.8335944471752992,0.8836906543081366,0.6239773718806301,0.7565545390342969,0.9012618396310073,0.9966395719542114,0.776956374130005,0.7509790904695652,0.8581844531301606,0.8499792765287963,0.6641965532923222,0.5560468060521218,0.9945158320988027,0.7652011593459804,0.7652011593459804,0.7208770152410513,0.8664475490339385,0.8289109414508824,0.5802140172764181,0.7725735218970409,0.8366083656801933,0.7725735218970409,0.7725735218970409,0.5247388192642808,0.9173733200687659,0.7313668127612436,0.7725735218970409,0.5909786321938739,0.5286535707725417,0.8957085916550513,0.8687044576868435,0.8048175487393854,0.7416875387297517,0.8371279879468692,0.9374922150611167,0.5648737043491117,0.7994169225165995,0.9820081566342427,0.8366083656801928,0.6753212989729113,0.6161177233610269,0.7128380879682121,0.7247033256713327,0.9008577149489985,0.9222342176522086,0.9187529299965608,0.8042816287047858,0.5984545739183647,0.7879341691923534,0.7343418692857917,0.7767245603680496,0.9200312422571182,0.871638485524888,0.6210715684713988,0.7182838449031006,0.7060202997304594,0.8082176726679702,0.8785670371634839,0.8217667418575592,0.8430610575448734,0.7801439607674308,0.815003882064558,0.5849847033560738,0.7567809117884934,0.9515064133963973,0.9341399295874282,0.9632707892656025,0.8638206163618233,0.8119578678034385,0.8199517167651282,0.4047027895428631,0.7312191392660936,0.8312943488564517,0.5095127396832188,0.5971910373986284,0.8710714227183545,0.5834504931588569,0.7717708609035461,0.7978049073106985,0.8943303112121859,0.7725735218970409,0.7959698129526698,0.7623617300286496,0.8893508901445188,0.8387794863596114,0.8242513581289338,0.7890019507934143,0.6698770582022533,0.5965505738369532,0.871638485524888,0.48287827942145334,0.9309964228987552,0.5488898469614987,0.92964410480043,0.702233526425651,0.8113012486302023,0.8709005020781011,0.7772707551858306,0.8223388654867663,0.8176730306437259,0.8642390079687882,0.604038326792423,0.43417263164478825,0.7261142766760834,0.8640513352153469,0.7108707554135636,0.6628393721839596,0.8315803435492609,0.9277968752742773,0.8809611728110756,0.8131443083727982,0.7636444720729907,0.8212558284612823,0.9723146277754546,0.7925764380555538,0.6213581401656354,0.5959407237721366,0.8312943488564517,0.7438050807735141,0.9718817760691313,0.7811504744559312,0.7927175967089415,0.8371278512025719,0.8639000336348306,0.7045344015449959,0.9974657612189228,0.9718559030342411,0.8326115993376895,0.933670774848706,0.7959698129526698,0.8684477557283841,0.7725735218970409,0.7758049609806587,0.7406279480600926,0.6041321395660064,0.6420160890425428,0.7725735218970409,0.590373303279815,0.6127859925378658,0.7910939846309819,0.7316049698759899,0.8538652235847413,0.6239532635438487,0.6532646365726209,0.9127334495627355,0.7793175901738416,0.8515965387868223,0.6976228412726182,0.849376367618049,0.804281628704786,0.5809570404538578,0.9339955344634718,0.9080261965616108,0.7489691393184812,0.8684477557283834,0.7851448088319414,0.7580083418866854,0.8684477557283841,0.7869352440987845,0.8498048674400007,0.7725735218970422,0.871502225778149,0.7945288407926729,0.9174020320874771,0.8611779244813156,0.8955415547702613,0.5861791660711246,0.53260714278504,0.7652011593459793,0.9862789464261124,0.7509790904695639,0.7652011593459793,0.7925764380555538,0.9398710623319776,0.7725735218970409,0.781429803642528,0.9865721720496079,0.7725735218970409,0.7053726457220166,0.6492734067846009,0.9848247876461579,0.817957176034668,0.9694312124673643,0.9293476600470186,0.7925764380555536,0.609212539273575,0.5635031960888542,0.7853502553960312,0.6087298625746697,0.7725735218970409,0.6530539589033841,0.9380492034039252,0.7727528766750422,0.46843918187216604,0.6067994987573091,0.8129069456777991,0.8382456366045405,0.8161268973285215,0.8957085916550513,0.741155666721659,0.8289194532234487,0.8773661601129803,0.8027515636279761,0.9263925669346988,0.8660034690678253,0.8520327579084046,0.9140410790158207,0.7727851893363367,0.7879341691923536,0.7560179214882434,0.575623281930554,0.7725735218970409,0.8289194532234483,0.7818116611140495,0.860393071985272,0.6175483600469194,0.7509790904695652,0.8762908842740893,0.552122590221275,0.7846547952584433,0.6145127661680947,0.44007867186113947,0.7725735218970409,0.7725735218970409,0.9783906105939628,0.6846969501141602,0.6971934270536906,0.8150058963233936,0.5270338059162665,0.5920066481406985,0.6543891557337926,0.509087747107777,0.7654961199132848,0.5587295934500988,0.7725735218970409,0.7914062436534528,0.7959698129526698,0.8343249892961567,0.5713658949006084,0.8129069456777991,0.6227243791363563,0.7725735218970409,0.7725735218970409,0.47734491914486477,0.7725735218970422,0.5371885125709249,0.7480074620231039,0.6937022460591784,0.8904361906836482,0.9659765620285052,0.9066696825742986,0.5507235113469751,0.7118556195580683,0.7725735218970409,0.6755994131501959,0.4327560152697558,0.8091947986859862,0.9140410790158207,0.8826441125915392,0.9249511791741774,0.7583962822514938,0.6874387112540079,0.9002968221284631,0.799400930689147,0.7725735218970409,0.5130453306867067,0.8186351797367004,0.6550260363781477,0.6279055478618047,0.9053586468617096,0.7668644692019391,0.8857076173482975,0.42497367404516373,0.9047777385165501,0.6720350845803655,0.6660246072211522,0.8853389382842848,0.8571935243607938,0.9146906307701388,0.8669583994066496,0.571025283707529,0.8307423459823842,0.7652011593459793,0.7690135129655395,0.8765754647337181,0.7856540024026233,0.8673087956272624,0.9086318030400212,0.8957085916550511,0.9086318030400213,0.9086318030400211,0.6805882289680008,0.9104895383671678,0.6703889255412165,0.917523855807722,0.8571935243607938,0.8192976586644307,0.895541554770261,0.5012350218139818,0.7994169225165997,0.82416966001041,0.9607661317571892,0.8474137353657843,0.7840934704542426,0.7609846833865355,0.9310892955790089,0.6088744059203475,0.5634736087034036,0.7725735218970409,0.5929786536727564,0.9738697871341286,0.7661670358667917,0.8603930719852719,0.9916629735464053,0.7106653526850927,0.6613034270950375,0.7725735218970409,0.6415925992252682,0.46063383462079077,0.7555855066537771,0.46403025400579256,0.5005409089999184,0.4603640713906545,0.8270771330414151,0.7027148340327987,0.9160727592397737,0.8795009470364308,0.5166996572168634,0.7115665646213174,0.4395108623267021,0.8312943488564517,0.8030362337090722,0.772573521897042,0.9797927331474221,0.858273228358414,0.5339636921595913,0.9707026112324978,0.4587093614922373,0.9175238558077218,0.7652011593459793,0.5627657355981983,0.6899070820571374,0.5507704543179024,0.4047027895428631,0.3969651772694103,0.7725735218970409,0.4938528207361127,0.7014925595161756,0.6923044810588925,0.7725735218970409,0.5264767958285983,0.7948199077538012,0.8129069456777991,0.8487710682529499,0.7925764380555536,0.6627372226656365,0.8507546147189982,0.8118171841517128,0.9129478677076039,0.8664750093545373,0.7801688164371341,0.4576151859554576,0.7725735218970409,0.8888442376400891,0.7725735218970409,0.8162678987494558,0.582497220653406,0.5658230819986918,0.8343249892961567,0.9416230950600912,0.7117136469600629,0.6832235210536657,0.7512552142845381,0.7725735218970409,0.7165813558160459,0.4488462154883631,0.6199967134650641,0.805379022176679,0.9507358862812649,0.8892917732189058,0.9929317365599545,0.8239349195040079,0.9781012105682778,0.653650343394975,0.5426264711082522,0.9781012105682778,0.7119547254674414,0.7959698129526698,0.7860071792100569,0.9781012105682778,0.8343249892961567,0.9538159335218348,0.9002968221284634,0.6065351597468711,0.7925764380555544,0.8637419834686075,0.7727528766750424,0.7255799291632044,0.6572569816081253,0.8996873417557251,0.6766818513995168,0.7570305960422377,0.878920217429558,0.9430683525311457,0.7864975131045149,0.6530039922417967,0.9218943499535655,0.5327008587885977,0.9964510777137856,0.9010984107675011,0.7514131795808174,0.8712459842099078,0.7879341691923536,0.781513258091906,0.823198958586876,0.9303240091633478,0.758577704412212,0.7750527303065309,0.8581844531301603,0.804281628704786,0.8460838834605766,0.696254770804728,0.8568406399242017,0.8252601200959901,0.8658857945556888,0.9478884683257527,0.7877575020847976,0.784127855539408,0.772573521897042,0.7013749637235025,0.8435333946238812,0.807782629997637,0.6605781368780721,0.90234399211946,0.9012618396310073,0.7692766763195591,0.8448424102243275,0.7204683135462187,0.9068427924322013,0.7721138599753206,0.9634623823005003,0.9315926342132623,0.8522350229817963,0.7307421260799791,0.8968424294621886,0.7925764380555544,0.9603024657112819,0.6759858230252673,0.8780031897192964,0.8382456366045414,0.5910036010642831,0.702185265785422,0.9080261965616108,0.971855903034241,0.5353165554068376,0.7433059690757577,0.8113012486302031,0.758008341886685,0.48949578803121574,0.9075133385810934,0.8964558040819777,0.9680722102462396,0.4880844969439182,0.7053726457220171,0.8366083656801933,0.6224807576591774,0.8979547962079992,0.809194798685986,0.8603930719852719,0.8101807769977731,0.8499792765287963,0.745248942369519,0.804281628704786
p167_T,0.8871533915509007,0.7983010807167072,0.943035231332309,0.8158269777848218,0.9770647288625648,0.9667762608570645,0.9550387538605761,0.9068620041395066,0.8199728879933696,0.9255474930154988,0.9770797539185191,0.9834876612102484,0.9782914706820045,0.5414738258801213,0.9557524192850102,0.9316784101447038,0.8502122645595469,0.8553749114170571,0.7016706444215205,0.8773022684895421,0.9782468921957623,0.9510849633091587,0.9609351515778153,0.9080961023073577,0.9471226958989929,0.871770029122154,0.6325981880527876,0.9471394054366111,0.9265898281132817,0.7962488962704279,0.8877874242285113,0.9984254449549754,0.9284363038146399,0.8745533197205999,0.9770647288625647,0.9370067185313316,0.970223137147584,0.6112668580902836,0.9294779121965993,0.4444136909250843,0.9843194448435614,0.8742879430656605,0.9667762608570644,0.8871934551523855,0.8864812773106736,0.7039383718441655,0.953270131910047,0.8137531923054395,0.9815195207917641,0.8623569179096042,0.9147116017278332,0.568938303649286,0.871770029122154,0.8902105416031842,0.9284363038146395,0.9862390105817678,0.9568526396305748,0.9049315186013058,0.9095923730040016,0.9732495942606136,0.8716763340130667,0.8597753535831482,0.9324044867801069,0.8116963900427683,0.991545896452954,0.8802358212071637,0.8681310149791884,0.7861667843198492,0.9076622200736411,0.7958050740654449,0.46992252199835227,0.9516803080213926,0.9049315186013056,0.7629132350508143,0.9049315186013058,0.9764659656662635,0.8830249020118612,0.7738672149996764,0.8082963403699888,0.6555387800180551,0.8874452201355858,0.9395570123632411,0.7668704634868843,0.9020872579511303,0.9049315186013058,0.421463833162387,0.9842629902449547,0.8218698942970004,0.8891142900152289,0.9018497344665102,0.9049315186013058,0.46732715170142936,0.7358571338518924,0.7654827920459808,0.9476471962029369,0.8137531923054394,0.5015722025511324,0.9795227342957178,0.7494006677039344,0.7298615518439533,0.8686935267769957,0.8790595554853515,0.6230534712541772,0.7043857080201323,0.8556442452950651,0.9217916370027819,0.5747386902994882,0.7054931040575658,0.9145903768331318,0.7498772340347273,0.513415988318978,0.6633710475424912,0.9120874804809305,0.9987474086351825,0.9951877100611972,0.8983778482689067,0.9594301810876531,0.9217916370027819,0.7592846069643923,0.8465970959018434,0.8871934551523855,0.5880517250645587,0.499827879981367,0.9714151437003636,0.9463265979039874,0.7453941250214564,0.9892166093373966,0.8158380588727718,0.9452667931025014,0.8413921158471314,0.7815622495338466,0.9113525537588965,0.6944051083448044,0.9667762608570643,0.9227502900618,0.8013168909931294,0.8141480227380313,0.7812680616619964,0.9147116017278332,0.8988430035065229,0.9053989580293698,0.9255474930154988,0.741019163857106,0.5532828964067242,0.6826342776361254,0.8572922564839238,0.9611489716032762,0.77623027645726,0.8692844153563806,0.6492544908715889,0.778727149242062,0.8479206665400942,0.8048147033127069,0.9002875842733757,0.7812680616619967,0.8991236281267518,0.8658080603006294,0.8819975810627934,0.9375150279494882,0.713339515879534,0.8488358672588769,0.8371419773342011,0.7155011099166342,0.6468548021911562,0.9863635759463225,0.7681484276916442,0.7780466128014063,0.961654537608709,0.8810633996109556,0.8551257615930106,0.7883916625943518,0.9070459249947543,0.8962155056134604,0.8288373127724462,0.9297095101937036,0.6438828862230955,0.9370067185313314,0.8361016052920658,0.7480320157454754,0.855560657202378,0.8845348599302496,0.7914800067380319,0.9568526396305748,0.9018497344665104,0.7550851666456221,0.6452535566090501,0.8278880460652591,0.8388233021673761,0.8902105416031841,0.7536773976207625,0.9732495942606136,0.9601822387561807,0.6388695445621948,0.7418463997498939,0.8954320014860393,0.9049315186013058,0.9080961023073577,0.7663273381000674,0.8137531923054393,0.8116863170200841,0.8839800124382804,0.9400706025742573,0.9049315186013058,0.9551941053536871,0.7756741280487005,0.9255474930154988,0.9049315186013058,0.8822237462165726,0.9182202275367892,0.8924792771005843,0.844266489857877,0.8245551601423489,0.9834876612102483,0.9049315186013058,0.7303915326333795,0.9049315186013058,0.853494313051065,0.659769776494137,0.634506586871272,0.9049315186013058,0.9007260955919865,0.9049315186013058,0.9900144823497639,0.9221138435339999,0.4834362608198991,0.9527049510094319,0.920977133636502,0.6730040675760884,0.8988430035065229,0.8332268569828207,0.8847289094375663,0.7957443213653179,0.712865130146737,0.9274823843126729,0.5641106783690191,0.8116963900427684,0.8814436174763252,0.8575347275350356,0.7008087554163442,0.89261085697357,0.8670014864103506,0.8959046461825673,0.5045265311879087,0.9360462988835683,0.9049315186013058,0.9106265055726182,0.9049315186013058,0.809144213149104,0.6464204728884835,0.9147116017278334,0.8644023815981581,0.6561291605551476,0.9080961023073577,0.8645384301752637,0.890215708771701,0.4824464525086193,0.9551827331085332,0.7969423358370891,0.9113525537588967,0.5140358197539374,0.8776344921278671,0.7806085439714234,0.9018497344665102,0.9633200991265265,0.707061043246342,0.9294779121965993,0.8822237462165725,0.7939848598374086,0.8742879430656607,0.8165589652890664,0.5185934616441934,0.9147116017278334,0.7893697381210125,0.790333645882584,0.7363741866909803,0.9217916370027819,0.7498772340347273,0.9152312279276527,0.9663679300767252,0.6090474664473876,0.9217916370027819,0.851071943989353,0.7380384833272127,0.901277887611915,0.9896665565909748,0.7060857170229413,0.6275540865784495,0.9010178520166363,0.7071646356864798,0.8988430035065227,0.953270131910047,0.953270131910047,0.6129620924302872,0.8899395037093693,0.7248414398669392,0.7840179390929678,0.9847963959786461,0.9668678576091966,0.9840739333532937,0.8983955605051452,0.6831273930880535,0.6547174519689312,0.8681310149791885,0.7149235519216712,0.8996568258439397,0.920977133636502,0.8920018824806507,0.9212564811755435,0.7950631567722277,0.8305317565246901,0.8458328644102184,0.7132606903543844,0.7623235232974499,0.7099284115781228,0.5484190958610584,0.9255474930154988,0.8667093382476401,0.925547493015499,0.9539469166087096,0.9438295981000084,0.7304718110292693,0.9951877100611974,0.9049315186013058,0.914711601727833,0.950270234291974,0.7037887672721752,0.9217916370027819,0.918186094706007,0.6777207163482712,0.9049315186013058,0.8820580577672701,0.9217916370027819,0.7592846069643925,0.9950174993144465,0.9832023080280385,0.9977262825967365,0.9147116017278334,0.7586893052857433,0.619470442807805,0.9552803469034233,0.8930288547304033,0.4916461197127837,0.9113525537588967,0.9010178520166368,0.6149304204061412,0.8902105416031842,0.8572922564839236,0.9667762608570644,0.6625858877763791,0.6490850989507401,0.6688745586072171,0.9684426716848205,0.9018497344665102,0.9881295391026657,0.7759834112870216,0.6900877319536087,0.7094615928442796,0.561860071045206,0.9049315186013058,0.8003504435684543,0.8720073716712089,0.6141613852667481,0.9971539625572351,0.9255474930154988,0.746633967672844,0.9049315186013058,0.9049315186013058,0.8692844153563803,0.8199728879933694,0.494122429183977,0.9049315186013058,0.9758773877370215,0.9377301446838551,0.9804388689276406,0.9416739089981321,0.7080186714510874,0.7803918079690162,0.698099496197772,0.6507787134612872,0.5917905867597891,0.6409841794264897,0.9049315186013058,0.9565688796432361,0.7422655034305774,0.6663498463624469,0.6713876357673203,0.7536773976207628,0.7769027187521229,0.9113525537588965,0.6861587664238815,0.9049315186013058,0.61578256134229,0.8250576825880813,0.9052436474797023,0.7916360712396384,0.9080961023073579,0.718275937653416,0.7174892053429947,0.9049315186013058,0.894337050204528,0.736641410648991,0.9049315186013058,0.9128551938412923,0.8755820061110203,0.9724490985070985,0.5713586320616474,0.714923551921671,0.9049315186013058,0.8232784399642409,0.7861667843198492,0.9464118920324345,0.8549575063899293,0.81227119713458,0.8981544403832133,0.8525685768341411,0.5730573196081438,0.9951877100611972,0.8996568258439397,0.8294892606763249,0.7055185623878262,0.8165762082096557,0.7809794120305659,0.8512161546599446,0.9113565538271902,0.9984254449549754,0.7037887672721759,0.9049315186013058,0.9217916370027819,0.8621066974989541,0.9037402144441408,0.9551827331085334,0.9512723397097897,0.8988430035065227,0.8167148517234484,0.9296628836325646,0.9360462988835683,0.706129702026729,0.7017226396115968,0.9940400008298871,0.9023634773831132,0.7827672848453323,0.9840739333532937,0.7487324657154171,0.9255474930154988,0.9367403596856446,0.8651539306315696,0.7975967011743315,0.6839567403970842,0.9758773877370216,0.9990759998304972,0.8953735569144756,0.8132966641602509,0.8742879430656607,0.8847289094375663,0.950270234291974,0.9113525537588967,0.9666594865031801,0.970350740686734,0.829890971560213,0.6214260523566013,0.879691111747325,0.8874452201355858,0.9441063970569614,0.6563189058137818,0.5743347925326878,0.0,0.8959046461825673,0.9099101622542545,0.9681209289051893,0.8549492399295393,0.9081986598432299,0.9113565538271904,0.5650518046607924,0.8874452201355858,0.9245645813945327,0.8768403073232187,0.9950483392264469,0.7765806196062943,0.9951877100611972,0.9098086849132957,0.8644057346563712,0.7093088978598112,0.9023560189821771,0.9217916370027819,0.8549966698125645,0.9488492960243093,0.6756078655093175,0.9234459732580503,0.6688672008039142,0.9227502900618002,0.9581430783864291,0.9217916370027819,0.5771823339012127,0.6990058584664585,0.8621000637917939,0.9834876612102484,0.7541624525637649,0.7040456645690023,0.9700326498355725,0.8959046461825673,0.41591812812197015,0.9049315186013058,0.918186094706007,0.9049315186013058,0.9049315186013058,0.7298615518439531,0.8794294801784419,0.88726588961507,0.9049315186013058,0.6775302279588602,0.7318851837388967,0.9182202275367892,0.8149061888610334,0.9616348140233992,0.8003713002534195,0.8762401853538726,0.8178909988156795,0.7718510361245741,0.8930288547304028,0.9344726213834239,0.918186094706007,0.845839638516898,0.6688745586072167,0.7489832831955361,0.8587771980434633,0.8930288547304028,0.9523438149852951,0.778180417764079,0.9915458964529542,0.595249220865949,0.9951877100611972,0.729597227347156,0.8847289094375663,0.7558392494208602,0.9752107011246878,0.7347027621550337,0.6703105454862763,0.847920666540094,0.8794294801784417,0.9039043450098312,0.9113525537588965,0.8847289094375661,0.6051808555124093,0.780611985558016,0.7696676593845877,0.9243642455301773,0.9147116017278334,0.9748144431861328,0.8959046461825675,0.9245389760955212,0.8647281285183444,0.7541624525637655,0.6157288222887889,0.9096116336419733,0.863030433910728,0.5956397754939522,0.8031153474818928,0.8178909988156795,0.6525859899353028,0.6839567403970839,0.8262762309308544,0.9028857997004758,0.9049315186013058,0.9984254449549754,0.9471394054366113,0.9049315186013056,0.9574132646990352,0.9179069363733623,0.8988430035065229,0.7668704634868839,0.718275937653416,0.8332268569828207,0.7025500171897874,0.925547493015499,0.6241375746697742,0.9890514895950071,0.7885575098598172,0.8988430035065227,0.9284363038146395,0.8580112621507963,0.5183736200723865,0.9036512250367028,0.9608361246885908,0.816316076243295,0.6864537277388537,0.7822445056125704,0.80787229272696,0.7542881763922895,0.7873517573778894,0.8596279378142861,0.925547493015499,0.8902157087717008,0.9080961023073579,0.659769776494137,0.8874426288833834,0.8212589742627883,0.9018497344665102,0.6694574536348161,0.5632864110912057,0.9667762608570645,0.895144736989133,0.8790595554853514,0.7616443641684333,0.9212564811755435,0.9715983871370566,0.8388233021673761,0.9714151437003635,0.8820580577672703,0.8096470950969049,0.8874452201355854,0.9018497344665104,0.9147116017278332,0.9294779121965993,0.9049315186013058,0.8480887874245628,0.8302259674373341,0.6730108282207379,0.5070648808837652,0.9049315186013058,0.802205230273672,0.6325058780676366,0.8716763340130667,0.9921258158818893,0.993081310989549,0.5538195298161352,0.8389403545233518,0.7586680314780782,0.9512723397097897,0.938278326203153,0.7754349114415393,0.6457592425798632,0.9633200991265265,0.579328207264219,0.9274662686793818,0.8790595554853515,0.8512954373942376,0.6555387800180568,0.9223156870059124,0.6175141565918856,0.6555387800180554,0.9021305399434104,0.7805344139234169,0.8197263921477259,0.8659876425414175,0.991215547829642,0.9840739333532937,0.9049315186013058,0.9825589828192492,0.6340625400590203,0.6979063644890424,0.9018497344665102,0.9581430783864289,0.8959046461825673,0.9018497344665102,0.9018497344665102,0.848088787424563,0.9049315186013058,0.8959046461825673,0.8741950372324273,0.9049315186013058,0.49599264227655615,0.8606670334634139,0.9370067185313313,0.9951877100611972,0.918186094706007,0.9080961023073579,0.9018497344665102,0.6016275820620476,0.753051846718922,0.8794294801784417,0.7740408936583916,0.9049315186013058,0.5507792871487025,0.953270131910047,0.9081986598432299,0.681399665063855,0.6881960490746808,0.5604689999556335,0.9486563558223773,0.9145903768331318,0.7232485845781415,0.6950217943765337,0.9442661027800152,0.89261085697357,0.7950912853377412,0.9714151437003636,0.9123029126238846,0.7399984585132029,0.9840739333532936,0.8920018824806506,0.953270131910047,0.5507792871487025,0.8300846961077544,0.9049315186013058,0.9836006869587253,0.9121377279898807,0.9255474930154988,0.7165658728659183,0.9227502900617999,0.8754734844590978,0.7932254103633776,0.8988430035065227,0.7273674504082055,0.6644385615865152,0.9049315186013058,0.9049315186013058,0.8391920312990693,0.8589255072412281,0.5793282072642192,0.7662493794601748,0.8189618302862882,0.6746068742357618,0.7456673523859141,0.7102232801753998,0.7250165154614037,0.7700864065899118,0.9049315186013058,0.8137531923054391,0.9984254449549754,0.9294779121965993,0.5776263680656046,0.9217916370027819,0.7542881763922893,0.9049315186013058,0.9049315186013058,0.6612644272496859,0.5050497187180478,0.6763799521334355,0.9510849633091585,0.48434403588252173,0.9930156479215864,0.8644023815981579,0.9389896303738567,0.7608867231372372,0.6199497416705958,0.9049315186013058,0.7488579551413606,0.6931126453975724,0.9080961023073577,0.9840739333532936,0.9554692935248437,0.8462098513135912,0.8227122144125453,0.6831411647054999,0.9892166093373966,0.9803228878967425,0.9049315186013058,0.7454547880656794,0.813979830477056,0.8116963900427683,0.8046026990924181,0.7727274632304016,0.8902105416031847,0.8691814946619214,0.4604548900015517,0.9633200991265265,0.7733934557038102,0.8370274981528281,0.8959046461825673,0.7787271492420623,0.8549492399295393,0.8717700291221542,0.7185853467531835,0.9147116017278332,0.9018497344665102,0.7877152074007543,0.8962155056134604,0.7488579551413606,0.9610321421577166,0.9294779121965993,0.8769048079574568,0.9667762608570645,0.9813508256697674,0.7184314673996274,0.8771302189140855,0.8277613464311122,0.9442661027800154,0.7787271492420621,0.9842629902449549,0.9179069363733625,0.5389484609160229,0.9284363038146399,0.9400706025742573,0.9549882475158464,0.8015172255642518,0.9080961023073577,0.7582854570623964,0.8720073716712089,0.7561710024694954,0.7465849053027862,0.9049315186013058,0.4673271517014296,0.9442661027800154,0.7080186714510877,0.9255474930154988,0.9407756531775998,0.8768403073232187,0.693264199939768,0.9049315186013058,0.6684586237305834,0.5956397754939522,0.9395570123632411,0.7048608482445342,0.7105378940954101,0.6842513068620308,0.9581430783864289,0.7886155113525881,0.9093716585530938,0.807226610624268,0.723509262801578,0.4820290468465872,0.6457754932293942,0.7074116934912237,0.8012997833340723,0.6623880554328871,0.9446616912174572,0.8692844153563803,0.769660475663225,0.8178909988156795,0.5665516460704144,0.9049315186013058,0.9018497344665102,0.77623027645726,0.8818303725563039,0.6396330233815597,0.6663498463624467,0.6213699321773638,0.9049315186013058,0.67176841033182,0.9323394358780347,0.40429724992777083,0.9049315186013058,0.7361116574957212,0.7174892053429944,0.9217916370027819,0.8794294801784419,0.9018497344665102,0.7618215983863004,0.932404486780107,0.9019122566832011,0.9862390105817677,0.9782394432375303,0.7693727096853233,0.5947338554237692,0.9049315186013058,0.9223156870059124,0.9049315186013058,0.9217916370027819,0.6589340446117765,0.8458328644102187,0.9294779121965993,0.8620024941098834,0.6554405130710632,0.869181494661921,0.9804388689276406,0.9049315186013058,0.7917179450629404,0.751660929739556,0.6016280644921754,0.9150961708719134,0.8413921158471318,0.9581430783864291,0.8596279378142859,0.8572772924183014,0.8694906326534082,0.886536590502969,0.6383174037729409,0.8694906326534082,0.953003553737171,0.6509736316862105,0.9734410070830288,0.8694906326534082,0.9294779121965993,0.9463265979039874,0.9486563558223773,0.650695620472046,0.7541624525637655,0.9406441445527876,0.8409345199966803,0.9704723905529855,0.9537329196471146,0.9432836274759391,0.8645384301752634,0.8692844153563803,0.9400706025742573,0.9510849633091585,0.8363467238077489,0.7609563474038816,0.8851120821400054,0.7586893052857431,0.8596850801102969,0.9250794253748531,0.6831273930880533,0.9486563558223773,0.9113525537588969,0.9078394560905307,0.7166989199553766,0.8644023815981579,0.5275079116204204,0.9050831083749202,0.9147116017278332,0.9633200991265265,0.961732684602665,0.8620024941098834,0.7689708910645336,0.89817510482552,0.9441063970569612,0.9087056089419834,0.6950217943765336,0.9962220459757785,0.9049315186013056,0.9073120486015478,0.7043418183449053,0.7364056744387394,0.8822506293575498,0.9377336927284412,0.991545896452954,0.96665948650318,0.9873920086236878,0.871770029122154,0.9590193028129266,0.9952563357350271,0.8256650941995953,0.9365051071070474,0.9055555229852996,0.841604727972624,0.9790199427295077,0.7159415844560183,0.9705398765191457,0.7429631707595072,0.9628947117876525,0.9080961023073577,0.8714826049591646,0.8644023815981576,0.837141977334201,0.9653285780355078,0.7822445056125709,0.8035849986143966,0.9895471103623407,0.9732495942606136,0.7741039031150183,0.8409345199966803,0.7879830974673314,0.9113525537588967,0.755085166645622,0.8722928725166916,0.918186094706007,0.8212589742627885,0.7558392494208603,0.970223137147584,0.9255474930154988,0.9316784101447038,0.9217916370027819,0.8555364713106764,0.918186094706007
p167_VGCI,0.9376498548206776,0.9043815161331966,0.9813943157615574,0.9573800935979493,0.944383427890573,0.961397387740879,0.8654671479026471,0.8316893917759312,0.894681279123638,0.9564441004788364,0.9341536654578784,0.9397362273534055,0.9397362273534056,0.8736715349160765,0.902113512733081,0.970960792483488,0.8375506072874497,0.9349950396117982,0.9542468650366518,0.9564441004788364,0.9093531537683386,0.9325645805415599,0.9722312205307764,0.9913221015557613,0.9310020898787328,0.9249834296604695,0.8375506072874497,0.9085080245777923,0.9564441004788367,0.8304082766995442,0.9178801133263084,0.9501049319099923,0.9374201804111677,0.9111295270090607,0.944383427890573,0.7559103086883568,0.9462347596389562,0.8445385534424801,0.9587434581480645,0.8467810416531495,0.9247323722236849,0.926456449323181,0.9587434581480645,0.9432779785053751,0.9949392712550609,0.9711749092497872,0.9481398354780852,0.8910426583248507,0.9235293061149326,0.9813943157615574,0.9501049319099923,0.8834043932368221,0.9249834296604695,0.957663869937762,0.9919304969477558,0.9220929278982624,0.9220929278982624,0.9443834278905732,0.8662120140192139,0.940821549823033,0.8971337307079472,0.8692466107210817,0.9249834296604702,0.9945183240274953,0.9521375655065456,0.9685147687693445,0.9830316367629124,0.9573692204626644,0.9662469130235708,0.9542468650366518,0.9193389969862842,0.9694672365613162,0.8133917646328432,0.8639882305294255,0.9443834278905732,0.8756817347288379,0.8120449864979853,0.9341536654578784,0.9937773636072582,0.9587434581480645,0.9862951408967355,0.9754970377701452,0.9488793874960455,0.9249834296604698,0.9443834278905732,0.9290437380995719,0.9142011596821674,0.9960359344026932,0.9850272019609538,0.9425805352069323,0.9443834278905732,0.9187384169477757,0.9233796586902148,0.9020666889197554,0.9928298361682764,0.8277496996129705,0.9234947902774614,0.9931253746086497,0.9625865019326287,0.9079209531061321,0.9874255252046318,0.987327403406299,0.813391764632843,0.9309949317066526,0.9610970019164344,0.9542468650366516,0.9172018029880306,0.9609343820137126,0.7684938541983795,0.8126806934976472,0.7669847510819339,0.9311873210041459,0.9201764087344961,0.9384051522235206,0.9481398354780852,0.9253097980264834,0.9357714224531068,0.9542468650366516,0.9587434581480645,0.9886006759818053,0.9408270269593113,0.9968921249480657,0.868661872839342,0.9612320790184805,0.8416473524599772,0.9407084820242759,0.9462347596389562,0.9774133038851731,0.880894608633575,0.9072118677365053,0.9516969378532334,0.7937291200594514,0.9501049319099923,0.9587434581480645,0.9391025641025641,0.9745173646675651,0.945374996909908,0.7824413427816266,0.9830316367629123,0.940821549823033,0.9697938201485222,0.9564441004788364,0.8881424432885199,0.8987803258477832,0.895603902985638,0.902113512733081,0.916304017383342,0.9099932817368694,0.9386569025459166,0.9177131204592911,0.9676769377237683,0.8971337307079472,0.9001246442887978,0.9013701145685413,0.9501049319099923,0.9235293061149328,0.979187153433724,0.9770116951721675,0.9008541983177107,0.9968921249480657,0.9727567245730668,0.9481398354780852,0.9754970377701453,0.9930349133233418,0.9218460317966501,0.971950486482402,0.9483230454649095,0.9247323722236849,0.9928298361682764,0.9976451690121844,0.7047231634301026,0.9425805352069323,0.9220929278982624,0.9241872911104614,0.8399577749125602,0.8543379886219319,0.9542468650366516,0.9787306038515087,0.9124559366883973,0.9726558411029651,0.9416326475614254,0.9760963747314226,0.8064624314104198,0.8808946086335746,0.8652955708526235,0.9608919374786332,0.8733891874315001,0.966080860036586,0.9357714224531067,0.9979320111064158,0.9446283507116098,0.9614157420937994,0.9543284880080108,0.9520910997702756,0.8971337307079472,0.9443834278905732,0.9462347596389562,0.8873533009789314,0.8910426583248505,0.9563236863237459,0.9813943157615574,0.9425805352069323,0.9443834278905732,0.8752961209295265,0.8739736319080158,0.9676769377237682,0.9443834278905732,0.9922843247764959,0.9072118677365055,0.9403311389782558,0.9582772260637085,0.9321736589336937,0.9425805352069325,0.9443834278905732,0.9281416271896027,0.9443834278905731,0.8731094375876023,0.8196259340934856,0.8254595615730076,0.9443834278905732,0.9934964376945634,0.9443834278905732,0.9462356618885429,0.9352547073163471,0.9321033235024667,0.9821686218444525,0.9481398354780852,0.9313239176895798,0.940821549823033,0.9294643302252341,0.9836426671336507,0.7737163055745179,0.9029130920795911,0.9666428003039548,0.9830316367629125,0.9945183240274952,0.854964056932438,0.8934633408766894,0.9218460317966504,0.9072118677365053,0.9072118677365053,0.8933873144399462,0.9325979598111727,0.9408215498230332,0.9443834278905732,0.9637689094479429,0.9443834278905732,0.9715883850053575,0.8562319953247259,0.849304774108722,0.9010098990098929,0.9573030985407216,0.9462347596389562,0.9059247833199466,0.9310020898787328,0.916304017383342,0.9341536654578784,0.9774133038851731,0.9481398354780852,0.9289910671862717,0.9894125498632487,0.9127504202483339,0.9425805352069323,0.7699244376981312,0.9715639678254366,0.9587434581480645,0.8836082184369264,0.9922843247764959,0.931187321004146,0.8884720125034236,0.9534018283279292,0.8493047741087221,0.9744043118853651,0.9870570477782805,0.8088842737990016,0.9542468650366516,0.866619528166876,0.9449459571559087,0.9272203681387052,0.9306637138918227,0.9542468650366516,0.9360793017497223,0.9653862791729197,0.9521375655065456,0.9579262138531626,0.9573800935979491,0.8582618811750675,0.9259002427416265,0.9464665666537815,0.940821549823033,0.9481398354780852,0.8582618811750674,0.9068909000027532,0.9542468650366516,0.8839887464834981,0.869652142294604,0.9968921249480657,0.9206364399566573,0.683449602119609,0.944383427890573,0.9845948329923002,0.9408215498230332,0.7155779114545313,0.9406384658239362,0.9925690576705835,0.7937291200594516,0.9235293061149328,0.9085080245777921,0.9567003134963179,0.9865013132865541,0.9987442185491859,0.9607738238281465,0.9667715530069648,0.92904659231084,0.926949638461152,0.8159190141289774,0.8946812791236383,0.9564441004788364,0.992614642133717,0.9350840409709826,0.9489545460415916,0.9227946422906833,0.9443834278905732,0.9501049319099923,0.8923850346102593,0.9716572732363806,0.9542468650366516,0.9783779352946236,0.9397362273534058,0.9443834278905732,0.9310020898787328,0.9542468650366518,0.8815382336298226,0.9463055409027076,0.9794733812499168,0.9754970377701452,0.7824413427816267,0.9262085954688271,0.9445945504908221,0.9310020898787328,0.9374201804111677,0.9637637973271103,0.9873274034062991,0.951872084571389,0.9684966862646781,0.9357714224531068,0.8705150677206019,0.6419607712966531,0.9773023466137265,0.9666428003039548,0.9387801780547111,0.9949392712550609,0.9985778460732369,0.877622134490128,0.970960792483488,0.9727567245730668,0.9742407687320735,0.9325075048945471,0.9443834278905732,0.9608919374786331,0.9098137391625776,0.9124559366883973,0.9500993698470404,0.740040052331582,0.830620371090681,0.9443834278905732,0.9443834278905732,0.9235293061149326,0.9666327685149194,0.9230883978750236,0.9443834278905731,0.9676769377237682,0.944383427890573,0.9573800935979492,0.8874458144092714,0.9000127878621025,0.7528355627636975,0.9551504908703917,0.9142011596821674,0.9396214630912763,0.9468119576597445,0.9443834278905732,0.9958151254011725,0.9719504864824021,0.9372935056051632,0.9558070047262102,0.9592864686575602,0.947131880494603,0.9481398354780852,0.9333540468840964,0.9443834278905732,0.8823296233988794,0.9349950396117983,0.9902223615913763,0.921968142685375,0.9462347596389562,0.9683542453715188,0.9374201804111677,0.9443834278905732,0.9770858602922439,0.9697938201485223,0.9443834278905732,0.912368970634368,0.9579865646263226,0.9652664241210924,0.9373315073338575,0.9406384658239362,0.9443834278905732,0.862318803356612,0.8995193391026695,0.9088934360957927,0.9790634076586657,0.9638235521263137,0.9540876754119362,0.8996102754967263,0.977085860292244,0.9481398354780852,0.8342167232423128,0.8756817347288377,0.873926771286787,0.8387970042600204,0.9837068388556007,0.9009246076843777,0.9294643302252341,0.9501049319099923,0.8416473524599777,0.9443834278905732,0.9732924283946004,0.8598294216022961,0.8216249321297535,0.9862951408967355,0.9010098990098928,0.9980965995557116,0.9068909000027532,0.928878962750479,0.9408215498230332,0.9094219082255506,0.8739479665019892,0.7445344547195,0.8675814580264316,0.9306570238192788,0.9008317218258526,0.9713334155834983,0.9676769377237683,0.9890537762576723,0.9786165548472288,0.9391820511391487,0.9325645805415597,0.9564441004788364,0.9638839861838282,0.971950486482402,0.9853165951415536,0.9264564493231813,0.9325645805415599,0.8923850346102592,0.9873274034062991,0.8851576851792984,0.9596253481255901,0.8961601193025837,0.9272203681387053,0.9945183240274951,0.8051389573478367,0.9178801133263084,0.9622663405510676,0.7509790904695657,0.8959046461825673,0.0,0.9287740756191023,0.8549640569324379,0.9573800935979493,0.8789436985072656,0.9294643302252343,0.934122302152017,0.9862951408967355,0.9926508288107969,0.9762262925984146,0.9466378905596333,0.8870281273867178,0.6646635978282206,0.9698077026919336,0.9276195295816003,0.8887581074151093,0.9596253481255901,0.9732924283946005,0.9420977069067249,0.9481052266646686,0.9521375655065456,0.8524089975425965,0.8375506072874495,0.9492240215924428,0.7824413427816268,0.9542468650366516,0.9954159552893472,0.9763281206504475,0.9408270269593112,0.9985778460732366,0.9425805352069323,0.9794733812499168,0.9352547073163471,0.9391025641025643,0.9592018085247602,0.9443834278905732,0.9521375655065456,0.9443834278905732,0.9443834278905732,0.9611114671059058,0.9294643302252341,0.9518720845713886,0.9443834278905732,0.9493843497574437,0.9866769299907838,0.9860639133827616,0.9342675716466964,0.9958151254011725,0.9975400785495823,0.9614157420937993,0.9291552782955315,0.9897770041581087,0.9374201804111679,0.9303700525229077,0.8394089368969622,0.9098137391625776,0.964759358905853,0.9281416271896026,0.9178801133263084,0.9535591865156563,0.9408215498230332,0.9461872880963932,0.9783779352946236,0.977085860292244,0.987327403406299,0.926193613582623,0.9325645805415597,0.9311873210041459,0.978616554847229,0.9694885837044088,0.9551504908703917,0.8971337307079474,0.9294643302252341,0.9536751187028218,0.9873274034062989,0.9325645805415601,0.9913221015557613,0.9770116951721673,0.9869887399367074,0.9276910050207683,0.9501049319099923,0.9268767184442958,0.9391025641025643,0.9922289404403106,0.9120686875266926,0.9397362273534059,0.911316221944724,0.8609784901515831,0.72181992540771,0.9761943085443441,0.9728510582879014,0.8934633408766894,0.9268067670547344,0.9652792462742583,0.9540876754119362,0.8125404164712154,0.9443834278905732,0.9501049319099923,0.9483551875577274,0.9950603702402812,0.9644061792743,0.9325645805415597,0.9408215498230332,0.904928938823814,0.9504461826747814,0.7756223220427974,0.9697938201485223,0.9564441004788364,0.9652576040289697,0.9094219082255504,0.96850393499056,0.9408215498230332,0.7900282369058917,0.9543284880080108,0.9072118677365051,0.9762262925984146,0.9543089131758091,0.9313860177181099,0.9772149079677255,0.944599006951827,0.9259002427416266,0.8421800867365152,0.9934964376945634,0.9520639895971754,0.9676769377237683,0.9310020898787328,0.9462347596389562,0.9843261156522616,0.9637689094479429,0.9163040173833421,0.9425805352069323,0.9594603314774267,0.9637637973271103,0.9587434581480645,0.9611032305582619,0.948139835478085,0.8887581074151092,0.9719504864824021,0.9264564493231813,0.9630848476738871,0.9954159552893472,0.7184098448778979,0.9232833700357421,0.9341536654578784,0.9985778460732367,0.916168205435817,0.961397387740879,0.9443834278905732,0.9666428003039548,0.9998217123097292,0.9727567245730668,0.9226673352539045,0.9443834278905731,0.8722007603974482,0.8975313554292808,0.9931496147195411,0.9151430007264558,0.8946812791236378,0.8854493278508868,0.8698884442909975,0.9482932375584446,0.9652524543463297,0.9931496147195412,0.8646769443713591,0.8218786695062748,0.9521375655065456,0.8923850346102593,0.9220929278982624,0.9227946422906831,0.9466378905596333,0.9587434581480645,0.9206732387984036,0.8300782512462529,0.9587434581480645,0.9357714224531066,0.7612216579618672,0.9950603702402812,0.937629852928981,0.9987442185491859,0.9542468650366518,0.944383427890573,0.9325645805415599,0.9543089131758091,0.9668366895736389,0.9985778460732369,0.9501049319099923,0.9492240215924425,0.9985778460732369,0.9425805352069323,0.9518720845713888,0.9443834278905732,0.9391025641025641,0.9721405797402527,0.9443834278905732,0.9279496229669748,0.8880494443586013,0.9542468650366516,0.9481398354780852,0.9088934360957928,0.9462347596389562,0.9425805352069323,0.9883270993359127,0.9309949317066526,0.978616554847229,0.9913366320046424,0.9443834278905732,0.9540876754119362,0.9227946422906831,0.9279496229669748,0.9565129193287785,0.9143370995839922,0.9542468650366518,0.8039926851399137,0.9310020898787328,0.8562319953247265,0.9310020898787328,0.944383427890573,0.8562319953247259,0.9193389969862841,0.9520639895971753,0.8784237330487583,0.9615633836644075,0.8283710152571047,0.9694672365613162,0.9873274034062991,0.9172018029880307,0.8823567105447581,0.9443834278905732,0.8739479665019891,0.9343270097479477,0.9564441004788364,0.9037594383806311,0.9949392712550609,0.9094219082255505,0.9685147687693445,0.9980965995557116,0.979615974683837,0.972190218957844,0.9443834278905732,0.9443834278905732,0.9059247833199469,0.9954207693560855,0.8566930971914173,0.8973974698261229,0.830620371090681,0.8313633281640329,0.9552016686278094,0.9576407365307045,0.926456449323181,0.9669439220688084,0.9443834278905732,0.9613445688403952,0.9501049319099923,0.9587434581480645,0.9412877213869522,0.9542468650366516,0.9775127066593481,0.9443834278905732,0.9443834278905732,0.9343136175833033,0.9950603702402812,0.9692196238351471,0.9325645805415597,0.9869887399367074,0.8898393963217797,0.9652524543463297,0.8659097723648841,0.900404017300946,0.9492964621542561,0.9443834278905731,0.9466378905596333,0.8799597612903989,0.9913221015557613,0.8283710152571044,0.9950194567723258,0.9204961997903505,0.9463055409027077,0.9500993698470401,0.9462347596389562,0.9230883978750235,0.9443834278905732,0.998375978871993,0.9903850005315029,0.9247323722236849,0.9876263503039594,0.9703150995699106,0.9357714224531068,0.8864812773106735,0.8186417320437713,0.9521375655065456,0.8560901005086945,0.9756597402484263,0.9391025641025641,0.9676769377237682,0.8314344420445832,0.9716572732363804,0.9537693982556523,0.9830316367629123,0.9425805352069323,0.9563502722233992,0.9673337013468153,0.6985279040322141,0.9610558594824402,0.9587434581480645,0.8168059725015983,0.9587434581480645,0.9587434581480645,0.8934633408766894,0.9638865172683291,0.9204198120960365,0.8739479665019894,0.9564441004788364,0.9325645805415597,0.9325645805415597,0.8311531009920223,0.9374201804111679,0.9425805352069323,0.8517032048589729,0.8838844233706618,0.9462347596389562,0.8897761410632921,0.9500993698470401,0.8867803430359582,0.9130042343993026,0.9443834278905732,0.9520275060446646,0.9345041683711351,0.9520910997702758,0.9564441004788364,0.9311873210041463,0.9279496229669753,0.985386203363469,0.9443834278905732,0.9435517058943512,0.9236630827321967,0.927949622966975,0.9450088527374347,0.9714984292034796,0.9537693982556523,0.9501049319099923,0.9388356782863467,0.9976451690121844,0.9712744656435086,0.8882420183245303,0.9722312205307764,0.9667744560262155,0.9587434581480645,0.978616554847229,0.8739479665019894,0.972788098511996,0.8467810416531495,0.9882238540879424,0.9648472157143733,0.9436746151509856,0.873947966501989,0.9985778460732369,0.9652664241210924,0.8901425286243824,0.9204198120960365,0.8853389382842847,0.9637407499589277,0.9443834278905732,0.9506163298399641,0.9968140003997856,0.9159086277875702,0.9443834278905732,0.9897770041581087,0.8445385534424796,0.9542468650366516,0.9722312205307763,0.9425805352069323,0.9728510582879014,0.8883211960358879,0.9061528812664563,0.9874255252046317,0.8399160496162795,0.9294643302252341,0.9140861356184489,0.9443834278905732,0.9455891145578188,0.9443834278905732,0.9542468650366518,0.856439191852034,0.8733592706140669,0.9587434581480645,0.8170280414793517,0.9021721916778466,0.8959046461825675,0.9151430007264558,0.9443834278905732,0.9938556441409032,0.8573846851353464,0.9942905259904792,0.8653600582128311,0.9466378905596338,0.7824413427816268,0.9178801133263084,0.9551504908703919,0.9483551875577272,0.8827041791382022,0.9637407499589277,0.9483551875577272,0.8736715349160767,0.849304774108722,0.9647450423796192,0.9483551875577272,0.9587434581480645,0.92498342966047,0.9462347596389562,0.9968921249480657,0.8808946086335748,0.9551504908703919,0.9762262925984149,0.9813943157615574,0.9072118677365055,0.978616554847229,0.9059247833199469,0.9235293061149326,0.9425805352069323,0.9142011596821674,0.9787053550194154,0.9159086277875703,0.9630848476738871,0.8718705422990423,0.9798892686647289,0.8996102754967263,0.892718972099533,0.9462347596389562,0.9227946422906831,0.8922505553843603,0.9475442789788516,0.9206732387984036,0.9206732387984038,0.9613445688403954,0.9501049319099923,0.9521375655065456,0.8944166337139781,0.9192692664872615,0.96850393499056,0.9098137391625776,0.9178801133263084,0.9342675716466964,0.868661872839342,0.9165049484215362,0.8739479665019892,0.8758029025775742,0.9163896305345967,0.9408270269593112,0.8910426583248507,0.9677917383649821,0.9521375655065456,0.9259002427416266,0.9206875159123044,0.9716572732363802,0.9391025641025641,0.9632197151594926,0.9705887000705996,0.9289910671862718,0.8932117450997947,0.9094219082255504,0.948405296589159,0.8808946086335749,0.8722007603974482,0.8207836958759581,0.9481398354780852,0.9462347596389562,0.8756817347288377,0.9206732387984033,0.987327403406299,0.8886405262183212,0.8503465187788168,0.8958275172459761,0.9446283507116098,0.9446283507116098,0.8976759937598426,0.9762262925984146,0.9994608468667849,0.987327403406299,0.8457402940353762,0.9754970377701453,0.9521375655065456,0.9162028130512783,0.8837352444465886,0.9288789627504787,0.9564441004788364,0.9647450423796193,0.9542468650366516,0.7729359628952266,0.9521375655065456
p168_L,0.7932118479316019,0.8610898631243122,0.9195520567558553,0.8765217835542678,0.9863020269801537,0.9756474243794322,0.7015891592006462,0.6991281614467293,0.4995762763642657,0.8219504316646624,0.8293524200538185,0.9196337733730031,0.9967145882196512,0.8364911374783253,0.9960937709028499,0.8100138921093891,0.9287740756191023,0.8156403570754067,0.915763718888351,0.962304331780133,0.995671847728585,0.7988288021557377,0.9273084228388282,0.8837832652601162,0.7931357244362576,0.6314143565161074,0.8758542530151132,0.7204093137277281,0.9263467923542656,0.7439885830770117,0.6581439129166793,0.9916718506621414,0.8683459032022252,0.7564156571321858,0.956305199987326,0.8814260230164841,0.8794921858235665,0.9458399862610221,0.7972905325104862,0.8532724764630719,0.9459986899312671,0.8441563083049806,0.9378037505277521,0.8976258203149763,0.7964745191091298,0.8660473967180331,0.88783960618036,0.7145102588321053,0.744427092575302,0.7964972051821707,0.8815871180352747,0.9427743494352112,0.6535321679724468,0.785341501829663,0.8683459032022252,0.7887218578562596,0.9325749399228589,0.8141237078825918,0.9491976876967748,0.8836440860315358,0.6158938894205856,0.9124634739164736,0.8377581685317463,0.9217205801316332,0.8400388316300482,0.7029762236799428,0.8649308193595577,0.9340263038232783,0.8327600878603268,0.8470883271446175,0.8700395757559787,0.7331150647633999,0.8715164809151128,0.6407546895800651,0.8141237078825918,0.9253072149200557,0.9349173514789553,0.9528964903998074,0.7846238563050681,0.9378037505277521,0.9729770673925996,0.9879738354360474,0.8343258452610076,0.8377581685317463,0.8141237078825918,0.8513127697375142,0.8714434875280936,0.5708020807007357,0.9793898054115586,0.8080982554965415,0.8141237078825918,0.7302515647145396,0.9079684597395417,0.8819357168234376,0.8343258452610076,0.8024268070112545,0.736473571029749,0.995671847728585,0.6368308645053811,0.6802425637545982,0.8682588163334248,0.8572588068769817,0.9576056404638935,0.8491175256881538,0.769084175825305,0.8470883271446172,0.8176535848750561,0.6894774648859047,0.9695260599256186,0.6163987385457383,0.7061446222017103,0.9984374869620815,0.7094297904384339,0.6864512178184918,0.826678007573604,0.7704772965967075,0.8358404093594289,0.8438724100085819,0.8351342063621661,0.6185671256123042,0.9193063597188278,0.8091394405469077,0.8643371891276947,0.986842140439059,0.8598759799880855,0.6846261596100149,0.8499016172090268,0.740286648163671,0.8638660144347725,0.9701407267972149,0.6173874214974275,0.8980947986959938,0.8649308193595577,0.9378037505277521,0.7964745191091303,0.8956227634477283,0.9550570540168155,0.913272375860921,0.8332455615339118,0.8022195458125898,0.8571594459755073,0.8544317135025303,0.6775849866029958,0.9970156410013384,0.8502831628264214,0.6267923616764606,0.8999101272245068,0.530190498108342,0.8750415532406264,0.6996035768399227,0.9263467923542654,0.7718715480105632,0.7305732594025194,0.8082674523304796,0.9599865928364955,0.7113459879858458,0.8410292127648302,0.7780477836019284,0.8565839842875073,0.7329701070781673,0.7548596146535649,0.9592563973027501,0.9193417583555592,0.9788460466442103,0.9498640144534811,0.7697555580912283,0.8047985118574609,0.7475775950256178,0.9157471731122258,0.7745866170524455,0.8565064605162964,0.9475176528421183,0.6600896106773906,0.7887954252065293,0.7124809192345376,0.877049596267794,0.9501014147602176,0.8887417321687676,0.8246164867293828,0.7223779320355725,0.5615068767052154,0.6330278943937411,0.8896975241965694,0.8359821349656571,0.967814213070376,0.77520643055042,0.5639706795918384,0.9084260598528469,0.8105909555945463,0.9236841322241789,0.9263653201242561,0.806443767659212,0.8555360460865207,0.7204426933137968,0.9854965386272494,0.8141237078825918,0.9133738338746559,0.9379271128441666,0.9690002325825096,0.8764798290922788,0.6229717541442965,0.9196337733730029,0.8141237078825918,0.9009106187074303,0.7698004575560342,0.8219504316646626,0.8141237078825918,0.8244584197131857,0.6188285974699259,0.5576743247867978,0.7477374352457526,0.9697796624968162,0.8080982554965417,0.8141237078825918,0.7848274045813882,0.8141237078825919,0.8756185514925117,0.8654789284443862,0.9540362816445185,0.8141237078825918,0.7678572445260263,0.8141237078825918,0.7526219612179996,0.6929208213288314,0.8075211231416759,0.9683567445504011,0.9184204054837377,0.7662393927948399,0.8293610592189049,0.8108470867287225,0.9833271417271932,0.760195476219504,0.6854843704866092,0.9881007648599057,0.9916718506621414,0.8467881424784426,0.8668037087677329,0.7792531774106068,0.9034217410051837,0.8617103604029791,0.6001453849366136,0.8860065452669361,0.7329701070781671,0.8449407799053099,0.8141237078825918,0.8469079906301338,0.8141237078825918,0.5647490466366061,0.9738096356028502,0.9766428915122127,0.7560070311319587,0.7662393927948399,0.9133738338746559,0.7781595138895695,0.993259881489431,0.7826030698172926,0.8293524200538187,0.6807308282268608,0.8980947986959941,0.73097517432354,0.7250064563262157,0.8331058845913124,0.8359821349656569,0.9717481518550581,0.8340494995741907,0.7972905325104862,0.6570851824044865,0.8630830129382705,0.8216697076288468,0.6748829246650621,0.6725824849665238,0.9916718506621414,0.8896314898080115,0.9391520938659963,0.7659418454825657,0.8470883271446172,0.6547395591420224,0.7411767886805269,0.7592002451677544,0.974089544066891,0.8470883271446172,0.8456305382929499,0.6144026062580494,0.9058934917425532,0.9289277085649011,0.736414522288469,0.9490012047871157,0.7564156571321861,0.6346794748698757,0.9922101396567975,0.80635240078586,0.9184204054837377,0.8326411419934314,0.8814260230164841,0.5356091080045817,0.8008022682460495,0.9928202924343666,0.8773936512814691,0.8814260230164843,0.8141237078825923,0.8097343229079639,0.8293610592189051,0.9283013350108495,0.6933051833505399,0.8796780327832869,0.8572588068769817,0.7661961693528567,0.9092371389799665,0.7006748914290735,0.9889266159558732,0.9383852973980606,0.7874307694874927,0.931641638003496,0.839146511549508,0.7356589677867346,0.8903892529283981,0.618913634090078,0.8903892529283981,0.7802141274123746,0.917759998002915,0.9533412749985342,0.9795820040904937,0.8141237078825918,0.7548460867326895,0.9670412730161674,0.7935225456190673,0.8470883271446172,0.9953245180886893,0.9196337733730031,0.8141237078825918,0.7694019028724448,0.8814260230164841,0.8621164028243917,0.8883469516397962,0.5942549355533773,0.7592002451677544,0.9599865928364955,0.7987086908964628,0.8212692260420962,0.7694019028724453,0.6925209594645929,0.9015888545407635,0.8063524007858601,0.7371085648215425,0.8616724091347883,0.7349188766375514,0.8422860002025686,0.9378037505277521,0.7490770121055623,0.7222928504804442,0.7290087853465717,0.79647451910913,0.8080982554965415,0.7909643911516206,0.8548410406281521,0.6222210889417827,0.729039395839709,0.8030358159445745,0.8141237078825918,0.5372160652136013,0.9658561519335176,0.7855505763036936,0.717678823842177,0.962304331780133,0.7482033674924595,0.8141237078825918,0.8141237078825918,0.9725749093164954,0.8866887410458402,0.7993973254219213,0.8141237078825919,0.8544317135025308,0.8141237078825927,0.896537106592239,0.9849296546392587,0.6957638111926784,0.9850015865035862,0.7817709174275675,0.8472385924039749,0.8101967171997386,0.8344925008236711,0.8141237078825918,0.9679544331469134,0.7319899930407805,0.7463222496390194,0.7486193669395218,0.7412242846285353,0.8068676202685598,0.8063524007858598,0.6699379867995112,0.8141237078825918,0.7287088438254072,0.8598759799880855,0.5980913624404949,0.8389378997838637,0.9386733230526458,0.856663297926975,0.7908518201434283,0.8141237078825918,0.910637005193371,0.7573363654802221,0.8141237078825918,0.7614976010280516,0.6504099864147149,0.8411811234130782,0.788553284302723,0.6436459027777277,0.8141237078825918,0.9086801636336972,0.7675758976929423,0.9953245180886893,0.645015031132214,0.7885532843027225,0.8327567052705771,0.6478128177428781,0.8303228084377687,0.857258806876982,0.8904901469025133,0.41981199098682587,0.8341393539507436,0.40958475538261285,0.5959775960726983,0.9686857294954292,0.7875548195067019,0.8332455615339118,0.8819937914444249,0.8141237078825918,0.9844391106320844,0.8245086340812313,0.6199248208381716,0.9281876763306096,0.96725911770094,0.8022195458125898,0.6716068919929239,0.8794921858235667,0.8022195458125898,0.8540612341230165,0.9576056404638935,0.8610898631243125,0.9563067089200221,0.6821104135158755,0.9844391106320844,0.4777148740668056,0.8903892529283983,0.9621639605215042,0.834139353950744,0.710971256148279,0.9440581729004502,0.8544317135025308,0.9119175242259143,0.7015265312025043,0.7933517287283114,0.7542099056004452,0.7988288021557386,0.9163001631015222,0.9795820040904937,0.9108723956173326,0.9294635986891295,0.9673275245901489,0.8507096812750714,0.8059749414366697,0.8046436059846211,0.6581439129166794,0.7009816385326177,0.7243425471814124,0.9099101622542545,0.9287740756191023,0.0,0.6001269236903279,0.9233249860660191,0.9193417583555594,0.7875548195067026,0.8107899442136111,0.8293524200538189,0.9667125662321104,0.8049549632214128,0.745942176397475,0.4299665296775317,0.9184204054837377,0.9088143882277215,0.7542812684362032,0.8513127697375142,0.9294635986891295,0.9812231934960488,0.7991226378555742,0.575646631133967,0.8729661616863007,0.9847682690808618,0.9816938982230914,0.9389263678709254,0.8966160771852036,0.8438724100085819,0.8693523850199003,0.768578643126405,0.8826927957255886,0.8359821349656569,0.8572951908740748,0.7592719702584738,0.9400099833240843,0.7964745191091303,0.8168728115893678,0.8141237078825918,0.8400388316300482,0.8141237078825918,0.8141237078825918,0.6802425637545981,0.9738929572828705,0.8574424966549474,0.8141237078825918,0.5364639573876198,0.5034656154367838,0.8019918139974104,0.7166510412920961,0.997791515083261,0.8371768969112028,0.8525923531241795,0.965303913764306,0.5819965924323861,0.9508345696605821,0.7721268440311975,0.8400388316300482,0.6714231377791383,0.7290087853465717,0.7268852888087904,0.74609054969901,0.950834569660582,0.926365320124256,0.9141908060535618,0.9717481518550584,0.7655627618455538,0.826678007573604,0.7691121218970034,0.8865075612307173,0.9341027110095166,0.8630611721629813,0.796573324555158,0.8628641830256312,0.6852172932383533,0.8397689049409602,0.9019221402907922,0.928675597999372,0.8472385924039756,0.8203110485944876,0.9814527722516586,0.6797083420946575,0.8574227517766171,0.8649308193595577,0.9393287362592035,0.912466456568931,0.8963677946572226,0.6117964254315313,0.9754015323112335,0.684771644618139,0.8116109307677397,0.9756474243794322,0.750049615189091,0.6099642442350179,0.9145628038496605,0.8522516518389143,0.8714434875280939,0.9749689543095212,0.8612006602149204,0.8141237078825918,0.8332455615339118,0.7204093137277279,0.8715164809151128,0.8643543317942715,0.9107124563548362,0.8449407799053098,0.8759803421988022,0.8823158788332583,0.8807238883947859,0.6329801756272312,0.962304331780133,0.7883234149762008,0.8540612341230163,0.8851340721650801,0.8022195458125898,0.8941772642218242,0.7647585377247943,0.7459421763974747,0.8049549632214128,0.8254066720353037,0.6074004956528035,0.7692904230042381,0.9448929495271564,0.8767495889655907,0.7200691171193476,0.7540719463448484,0.9457548619987618,0.8544317135025308,0.8643371891276947,0.9978544602817252,0.748406690009046,0.9501275697112855,0.8522871067807759,0.8080982554965417,0.7857269254129318,0.8231915280738387,0.8999600766760718,0.8516481107764595,0.9592563973027499,0.9467655882341837,0.8075211231416759,0.8666429089811143,0.8733886331409512,0.7666341889191581,0.8168695460000699,0.7591576781515414,0.8787700481922134,0.9196337733730031,0.8332455615339118,0.899960076676072,0.8141237078825918,0.8960566812762345,0.9270032228146607,0.6845130185822479,0.8441494419422273,0.8141237078825919,0.6433699841666436,0.7638077977041702,0.9971726104183086,0.7163991992504983,0.9378333229283313,0.9037770157524123,0.7038376655532627,0.8575262015385545,0.8848644217007723,0.7255337743106203,0.6242437090661668,0.8039475642210703,0.8729661616863007,0.8130805840203703,0.9325749399228589,0.8572588068769817,0.7272589638641631,0.8621164028243915,0.8827582830733476,0.9922101396567975,0.899960076676072,0.7601683304024367,0.8896975241965694,0.8715164809151128,0.8018918497581666,0.9989929246231481,0.8782101058804487,0.900212867431373,0.8380977709824797,0.7761499990701941,0.7553792840665559,0.8080982554965415,0.9599865928364955,0.79647451910913,0.8080982554965415,0.8080982554965415,0.7802141274123747,0.8141237078825918,0.9389263678709251,0.8351330703677745,0.8141237078825918,0.8507096812750714,0.6785194777406134,0.9812231934960488,0.857258806876982,0.9717481518550581,0.9386733230526458,0.8080982554965415,0.7362419174322445,0.6322162371174211,0.7233075688308537,0.7325569552802539,0.8141237078825918,0.8176535848750559,0.8266780075736038,0.8061299333224891,0.655605556112073,0.7526538969566154,0.9501014147602176,0.849901617209027,0.8033893089789322,0.9701407267972146,0.7931357244362578,0.814123707882592,0.8954078766639681,0.9293459642092476,0.9720705811206436,0.731272250278328,0.9281876763306096,0.9501014147602178,0.7444270925753018,0.826678007573604,0.7652151283969009,0.5694797717632529,0.8141237078825918,0.8428200943988524,0.9588675585754396,0.8219504316646626,0.8475339056087681,0.8229344304111246,0.8293524200538185,0.6902806051414694,0.8022195458125898,0.727666793350898,0.7038186780746805,0.8141237078825918,0.8141237078825918,0.7040823331838448,0.6129637793172816,0.7961668807154882,0.8620704059746632,0.5239457462325765,0.7885532843027228,0.8704595112136169,0.6418278918778256,0.7766965062765787,0.6324489506841213,0.8141237078825918,0.852398834682631,0.8332455615339118,0.7972905325104862,0.856663297926975,0.8470883271446172,0.5918062125879308,0.8141237078825918,0.8141237078825918,0.756298254634465,0.8141237078825923,0.7139316468136734,0.9682630680245692,0.8168763685872309,0.9217205801316332,0.7560070311319584,0.8137179599941675,0.5608887564295542,0.7207975286924748,0.8141237078825919,0.7646253889307864,0.6228346978807898,0.8499016172090268,0.9501014147602176,0.7989681174800014,0.834492500823671,0.9063047548503054,0.7749505149401785,0.9978544602817252,0.8678645199830106,0.8141237078825918,0.6407546895800649,0.8894938971361819,0.6240889377731591,0.7069054739771419,0.9829336238525017,0.9620876781838459,0.7807208156770704,0.7886883423981843,0.9294698579761843,0.6889302734756777,0.5495327900436764,0.8493943417131189,0.9657805893681323,0.9966137217820954,0.9262294143571037,0.6324489506841214,0.8815871180352748,0.8080982554965415,0.6820270923180085,0.9754523556491483,0.9701407267972149,0.8305019834537997,0.8999600766760718,0.9701407267972146,0.9108215540655271,0.8621164028243915,0.6777709575813171,0.9808801284321398,0.57064676058424,0.9563051999873259,0.9657805893681323,0.7746239070316188,0.983327141727193,0.8744479818825841,0.816683181163028,0.7457596729976135,0.8039426927439906,0.7490093399065678,0.9133738338746559,0.8667391219327629,0.755859951240845,0.771947913281771,0.7233764058130765,0.8141237078825918,0.7618016467214255,0.9276088134710658,0.8561765449799482,0.8219504316646624,0.9984374869620815,0.6917431381883419,0.8797721586444094,0.8141237078825918,0.8070788414214184,0.750049615189091,0.6917431381883421,0.6276126582243968,0.6025444717943972,0.6074006909922218,0.8332455615339118,0.6888174544870573,0.842856264327756,0.8018672216686202,0.5866352483436845,0.9040161556168069,0.6360819611985433,0.9378037505277521,0.8807238883947859,0.8428200943988524,0.9945939429403869,0.8097343229079639,0.588183958857355,0.965303913764306,0.7692904230042386,0.956305199987326,0.8080982554965415,0.7266368663828982,0.9470661208813385,0.6846127036052854,0.6355311606014349,0.7190280925111111,0.8141237078825918,0.7132143848736057,0.9024093558216839,0.8765217835542676,0.8141237078825918,0.6341436301803858,0.7908518201434283,0.8470883271446172,0.7642625522846813,0.8359821349656569,0.8610382750921328,0.9631815283611995,0.7053402735512566,0.7610652770177011,0.8231872246390277,0.9562302410510661,0.7538686868643412,0.8141237078825918,0.9461339090440417,0.8141237078825918,0.8095347141367151,0.8021705124443308,0.5444357204349901,0.7972905325104862,0.7926713483232133,0.9218353922101652,0.7119721441062528,0.7764451683644118,0.8141237078825918,0.9386992465654299,0.5932827038290822,0.9881276357297639,0.7666341889191579,0.7833086014640998,0.9283013350108495,0.7255469104788619,0.9845040814227264,0.9847682690808618,0.6776693651537643,0.6819362148008654,0.9847682690808618,0.843263693914134,0.9283013350108495,0.9919458408718853,0.9847682690808618,0.7972905325104862,0.9041116029007643,0.8837832652601163,0.717736240384419,0.9196337733730029,0.9642307650232105,0.8278323222482422,0.5914216721374093,0.8803935729362917,0.9040161556168069,0.6117372504488778,0.7984222950960626,0.9409468292814207,0.9107124563548366,0.7004791919107114,0.7964604914023834,0.8245086340812315,0.7600840976713787,0.9308795501376441,0.9828461242343379,0.8532724764630721,0.8246021280310369,0.826678007573604,0.8062546925236578,0.9474367636842793,0.842614004386976,0.8616330744164491,0.7811396290606084,0.8332455615339118,0.8400388316300482,0.9569455719416706,0.7074746884232539,0.9974135025478295,0.8432382110731431,0.9309833026803465,0.8914038819571546,0.9355386538191319,0.711396172584536,0.8715164809151126,0.6522337956530339,0.7153218433816086,0.7362385397526325,0.6312235460464775,0.9960936748031071,0.8729661616863007,0.9732850505188078,0.9683567445504013,0.6535321679724468,0.902314164317108,0.8134985967921105,0.9547907626159082,0.9254342766131485,0.8304104295166037,0.8540612341230163,0.9958256593335129,0.9196337733730031,0.9195396785013354,0.8049086572613624,0.8266780075736038,0.8203110485944873,0.5423562876979122,0.6102367091610936,0.88783960618036,0.9069067054963846,0.6256159516201858,0.819442168441916,0.9379271128441666,0.8022195458125898,0.7014936712106337,0.9193417583555594,0.762339474105725,0.857258806876982,0.5707044846160589,0.8049549632214132,0.8400388316300482,0.5824233242663039,0.9116161103333824,0.8794921858235667,0.8219504316646624,0.7033768252531524,0.8438724100085819,0.815638782293375,0.8400388316300482
p168_T,0.8987402876926502,0.7473299348863435,0.9960669064257994,0.8163419514797975,0.9266101958517023,0.7971404147868457,0.9556598562035138,0.9746234061058012,0.7930769124067967,0.9144243194673916,0.6968289215003242,0.8871861256568154,0.8871861256568154,0.7913148563541539,0.8105962956092265,0.7725128802850378,0.8549640569324382,0.9908927240415875,0.9101073401299777,0.8607697261175814,0.9530386083538385,0.5574438160395229,0.8764625255717525,0.9313656494466989,0.5717052400762437,0.8526125248565148,0.9873056066370915,0.8438537352691284,0.7708473443515705,0.8215275101294395,0.8386564101621348,0.9812078381362566,0.8770474101603603,0.9814744787548232,0.8907283270583692,0.7034709661430432,0.6986348386128653,0.9416463105364248,0.9189419416378726,0.9597045567050754,0.8856292980019316,0.8555066140949481,0.9864188438370336,0.8813277599654754,0.8880494443586016,0.8971194755967984,0.6430337485075466,0.785927996772416,0.38808491110707144,0.7672323711995876,0.9812078381362568,0.9902310872416238,0.8526125248565148,0.8738080422252301,0.9093468603483925,0.9273541355294599,0.6973493918323205,0.8907283270583697,0.8107003800674366,0.7429555442594813,0.7978953231297465,0.9302276405997816,0.8431710369363272,0.8249147582192327,0.6411423728095714,0.8763127158340582,0.8206964428542188,0.8766699604196817,0.9871627928082806,0.910107340129978,0.8974653609027532,0.9041955276763523,0.9266101958517023,0.6749368451971862,0.8907283270583697,0.9855913825628595,0.890366763518882,0.7586205637314771,0.8734876454825542,0.9662615489004196,0.932421225112757,0.9413192698695333,0.8674280482355483,0.8526125248565157,0.8907283270583697,0.8430009487138734,0.9206324860170056,0.7352364238709115,0.9484581588271763,0.8871861256568152,0.8907283270583697,0.5621155820723411,0.8500378803168913,0.9076436079668102,0.9195126963471607,0.8484128583846997,0.633279623811533,0.9530386083538385,0.6441052345007487,0.7361487567768046,0.7241562827350504,0.7577481458318216,0.9266101958517023,0.725074914242637,0.7790716828094797,0.6175994786481587,0.7406958943957201,0.6723289723494408,0.8644375806981961,0.6799089551274373,0.5747826078755331,0.9960924775122679,0.6939478880105086,0.3048708260395375,0.6812718809489722,0.6724717195403693,0.8420454406084502,0.910107340129978,0.9662615489004198,0.728787331004553,0.9499999827826566,0.6560357919209889,0.8684721765107501,0.9044665901441022,0.8708270767733415,0.5665125996642626,0.6986348386128653,0.9427686877820864,0.79902066083399,0.9345033063019539,0.7262771769443239,0.9489388080389437,0.8206964428542187,0.9189419416378728,0.5571955700969682,0.980614913739112,0.7767765078396036,0.9812078381362566,0.5829815800427873,0.88373019034314,0.8449282177427033,0.6359637717025534,0.63819431107101,0.8463540743535086,0.6833743098553114,0.8076792614799999,0.848942011892444,0.7257684169846019,0.8769755445526377,0.788792470401564,0.8158085352345759,0.8412362029768821,0.7162947947003655,0.7816738208583605,0.9395538742599335,0.849755561428923,0.602446884640817,0.8614104675884073,0.9645869162882996,0.7512776798866521,0.9010260508205596,0.9363467946367827,0.8841077185494024,0.7297700176379751,0.9357705907751432,0.6367049217568165,0.8565832267077944,0.6788750524456191,0.9195126963471607,0.7496882049140345,0.7913148563541548,0.7292888356097249,0.8469334628212701,0.8975898652639593,0.9721414405063178,0.8395983236342689,0.7464067098904849,0.7930749403593429,0.756793597316553,0.9472841345974499,0.8101597629135575,0.8571913025619731,0.8581907372487002,0.9220520382689481,0.8167766023598498,0.6064150863488575,0.7970545503486539,0.8932312685779094,0.9053798774659323,0.9105485287809455,0.9855431718151524,0.878344938542309,0.8444645294787665,0.7791900093339685,0.9279179626711536,0.8907283270583697,0.8943656982526555,0.8837301903431398,0.8275845711806054,0.8204033393070636,0.8855827323868941,0.9569179508810808,0.8907283270583697,0.8759921011388074,0.8871943894000853,0.9144243194673916,0.8907283270583697,0.7863883954964391,0.8176961639848572,0.7749015187531061,0.7944602006341236,0.7961946961983486,0.5549592725490622,0.8907283270583697,0.8936297622896798,0.8907283270583696,0.9669193824478985,0.956364071116507,0.9981932907978144,0.8907283270583697,0.5745927302018776,0.8907283270583697,0.8280373553631925,0.8440345562930198,0.8492036529734753,0.8115770220481203,0.7195100133903968,0.6924988600584026,0.8837301903431398,0.7890887989996378,0.8977731789942538,0.682014118704626,0.614988911035355,0.9814744787548234,0.8603155866561237,0.8869410318861259,0.8825515280739158,0.8329816695588792,0.9561540370392155,0.9253281229175289,0.817696163984857,0.8803528436582551,0.5798422815484591,0.9176678508338107,0.8907283270583697,0.832981669558879,0.8907283270583697,0.707580815306621,0.9019666944541095,0.901969550532447,0.9181218135483957,0.6924988600584026,0.8943656982526555,0.83828892765482,0.809118789223849,0.6746766234682442,0.8513080270782072,0.7186864889889271,0.8981086621953582,0.6315418192785844,0.8314275430341038,0.7800816094307648,0.8871861256568152,0.9471353582128486,0.7767570148581107,0.9189419416378726,0.7702897067235159,0.9956713495444405,0.8836237867784118,0.739593268255446,0.6164015242976604,0.9812078381362566,0.8403507729134434,0.9199878509618798,0.9849783925890598,0.6175994786481587,0.6958893677749216,0.9770181672563438,0.5122326349685529,0.9981613460740852,0.6175994786481587,0.7312766370019386,0.7412335209808416,0.8470035072983613,0.9454261440783158,0.5910980953490091,0.8981086621953585,0.946100944093758,0.6316361862922113,0.7429555442594815,0.9363467946367829,0.9871769404803682,0.643425960751431,0.8322781973853695,0.8144598339080602,0.7892864396366654,0.9227130782248434,0.895260386770032,0.918149684880254,0.6786892474216333,0.6875047254679305,0.9465815072035062,0.9395538742599336,0.698723115811585,0.8427900854983301,0.8724625431560951,0.9324845735813609,0.8438537352691284,0.7223762406728028,0.827461169062415,0.8269684554818773,0.7937121289944773,0.7827197477813436,0.6785522519462772,0.6265638628311847,0.7258861534685651,0.835710925474553,0.7258861534685652,0.5469270158463106,0.8410575924482762,0.8165724699537711,0.9871769404803682,0.8907283270583697,0.9019695505324468,0.9555299319100917,0.5666106385661844,0.6175994786481587,0.9883075851106065,0.9384843112825213,0.8907283270583697,0.6904120146500452,0.9530430838774198,0.7971404147868458,0.6758700216407174,0.5242139460691362,0.3978095323282902,0.9812078381362566,0.7702897067235159,0.6808745389732086,0.86847217651075,0.8770474101603603,0.7702320051946341,0.8981086621953585,0.8495348412251991,0.7009984753540783,0.8738080422252301,0.8750423984642537,0.8917796293119393,0.6805691791595747,0.6193515929977292,0.645573776845898,0.5241101826708048,0.8871861256568152,0.9221841996071878,0.6369874143278569,0.6627920371513598,0.6966177407551375,0.5862267854830763,0.8907283270583697,0.7361330955452154,0.8944204818176895,0.585825989604918,0.675905495415777,0.959385510350397,0.7661829698301115,0.8907283270583697,0.8907283270583697,0.8769755445526377,0.835710925474553,0.6866786788519494,0.8907283270583696,0.8158085352345761,0.5710436410416342,0.6411522856002956,0.9561540370392159,0.8254776007908755,0.9298623289749651,0.7331007044534197,0.8903667635188822,0.6699524113909235,0.7264377671684907,0.8907283270583697,0.9571688445669471,0.4005952204049731,0.6888475689201508,0.6638605203820411,0.707751015263772,0.7300781299519239,0.9363467946367829,0.6386522578454028,0.8907283270583697,0.5692157118999617,0.9537951962843839,0.9537544558186632,0.9654190818943191,0.9946344481652143,0.7538101679774231,0.7030597373952188,0.8907283270583697,0.8777412919677674,0.7041375084348831,0.8907283270583697,0.9627030252708222,0.8678205784917898,0.7502083235351358,0.5967958316023523,0.6366293121588043,0.8907283270583697,0.8178139834421552,0.9445091678996742,0.9059631313150904,0.6988698248069584,0.7380737918066091,0.8221782642240061,0.8468583928372655,0.7781117595092852,0.681271880948972,0.9454261440783158,0.7557478947704013,0.8764625255717524,0.7000877664757901,0.5312472144017033,0.9751711471904365,0.861416294711902,0.6622198676465976,0.8708270767733413,0.8907283270583697,0.9530430838774198,0.9808526384266797,0.910817680631758,0.9633170462283336,0.838877136017749,0.917667850833811,0.9532055066602927,0.9946344481652142,0.88373019034314,0.7586205637314773,0.8907283270583692,0.8420454406084505,0.98309082046885,0.48214486544134705,0.9101073401299777,0.6860578446863523,0.9956532987665977,0.9053798774659318,0.7890887989996378,0.9441872249451286,0.8977731789942536,0.7258861534685651,0.7177244386060064,0.8674647054043128,0.826407551793241,0.9679753048288038,0.8675074564961305,0.870934572497679,0.8342244107146708,0.9461009440937578,0.7615767506681446,0.9914865387674652,0.9413192698695332,0.8249147582192329,0.901525403997181,0.8386564101621348,0.7086482280213332,0.6338808713358746,0.9681209289051893,0.8549640569324379,0.6001269236903279,0.0,0.8332787167611999,0.9728634031502703,0.8905408702359405,0.5897752877710211,0.9748913115405133,0.9837965939025102,0.91565185183014,0.5749066959662381,0.6097024496548928,0.7577481458318218,0.9641201488230351,0.7811602064015718,0.9899035979880304,0.8869410318861259,0.8752139411328116,0.6540712564551687,0.7869574313974723,0.9059631313150907,0.967258503649397,0.9465236185105819,0.8549640569324385,0.9415886943343517,0.910107340129978,0.7503403903278443,0.5643620408223216,0.8897648306439205,0.65955701038546,0.9384843112825213,0.6991381061948863,0.8440345562930198,0.913438231084418,0.8105520318410211,0.8907283270583697,0.5999701459118136,0.8907283270583697,0.8907283270583697,0.6573552151791162,0.8614162947119022,0.5952100672805893,0.8907283270583697,0.5900189660177002,0.6509289336845177,0.9578647347653735,0.8292744786474109,0.9198606539134194,0.8418271432058757,0.6739979242462499,0.8329816695588792,0.6719091438603995,0.961455338899478,0.9281305106147449,0.9059631313150907,0.8228081446899336,0.7071484152734051,0.6901121398497023,0.3650248907872008,0.9093468603483925,0.9176678508338107,0.8008166558030871,0.7646590535028455,0.535184501728381,0.6430337485075467,0.547566812696551,0.9280389014923773,0.8555066140949477,0.8905408702359403,0.7738595565993194,0.8598491504016519,0.7978953231297465,0.8905408702359403,0.9012711872601784,0.8981086621953585,0.897773178994254,0.9576344969711709,0.8842525931421318,0.7264095143724529,0.6760459844361612,0.901969550532447,0.8993117111883588,0.8803528436582553,0.9512558219676736,0.4189227624048538,0.9917838634932135,0.6888475689201508,0.9976396685145794,0.9189419416378726,0.6083764196675809,0.7356670999738211,0.854130509411982,0.661584185679742,0.648240983533894,0.8440345562930198,0.8966264695504373,0.8907283270583697,0.6622198676465976,0.9382976158098657,0.9624920646450354,0.7124894679207451,0.8977731789942536,0.88373019034314,0.7940217390389694,0.6575824556379539,0.8473379500477142,0.6263902198448115,0.9144243194673916,0.6251537699711506,0.9130996693093603,0.7653917200329259,0.8837301903431398,0.799958087959316,0.8073616935966639,0.8318824090638509,0.6552615132688803,0.8559324618596018,0.8163451720903168,0.7199242368228523,0.7754010527207409,0.9702424698108976,0.6848615100423465,0.5918298224167358,0.8643441101315115,0.68092496258556,0.6607353210065958,0.8943656982526558,0.8750381000554921,0.8752793492650845,0.8092435648391683,0.8871861256568152,0.6652439372667649,0.7538940446617497,0.7971404147868455,0.7767765078396034,0.8981086621953585,0.7475178325435328,0.613093951621632,0.9117409594618757,0.9142172840771445,0.49346339063408173,0.8644375806981961,0.8017356620663352,0.870629582881604,0.9220520382689481,0.6226007238446927,0.7025012002617516,0.8907283270583697,0.9943839955280371,0.8349339303742149,0.8029933660175286,0.8056414852341628,0.8907283270583696,0.8242930353643441,0.7268232762275288,0.8412362029768821,0.7412606661028682,0.9511190091866659,0.8382664248427233,0.8189820115118878,0.8440616173759873,0.9445367060586111,0.7686958783988973,0.6954216313526209,0.9802179578298981,0.6411423728095715,0.638297334113548,0.6973493918323204,0.9745849270782074,0.5281838390393994,0.8444600220493926,0.997366491079042,0.9176678508338107,0.8444600220493929,0.9053798774659318,0.9386114099568902,0.7504529850082992,0.9630927726989922,0.9456808019359252,0.910107340129978,0.8907283270583692,0.8675074564961305,0.6711613086488621,0.7452934685511703,0.8871861256568152,0.9019695505324468,0.913438231084418,0.8871861256568152,0.8871861256568152,0.849534841225199,0.8907283270583697,0.9134382310844182,0.9314597245690749,0.8907283270583697,0.8555019428893371,0.6861525704809277,0.9101073401299777,0.681271880948972,0.9471353582128486,0.9313656494466991,0.8871861256568152,0.6188370169409094,0.7458541358405781,0.861416294711902,0.7069532577530713,0.8907283270583697,0.5877018499126234,0.7959862782732463,0.9156518518301395,0.7413420970622846,0.6460224008426387,0.789342453637927,0.6986348386128668,0.8644375806981961,0.9019666944541095,0.8644375806981961,0.7145711162149666,0.9345033063019541,0.9469030383116223,0.8017157902665975,0.9623099578224783,0.9633170462283336,0.9610854286276961,0.49696484360192916,0.6047956160661221,0.9811151071548703,0.6766412364083272,0.8907283270583697,0.7863348538016321,0.9903706848348353,0.9144243194673916,0.8783963696498949,0.6564517323754582,0.7586205637314771,0.7175671126586933,0.917667850833811,0.6585427516355217,0.6599127102821567,0.8907283270583697,0.8907283270583697,0.9307750873891691,0.6575824556379541,0.7651903732321638,0.9352074326211941,0.6672143803336503,0.7380737918066093,0.8064549587768487,0.6777806672275941,0.6102671049192361,0.6602555780459716,0.8907283270583697,0.9942108688133633,0.6622198676465976,0.9189419416378726,0.7217342638642665,0.6175994786481587,0.6848615100423461,0.8907283270583697,0.8907283270583697,0.6676077755094418,0.9657441977682981,0.7158135871810754,0.7995695960245116,0.8482736964921056,0.9076164564417568,0.9762186164107425,0.7615767506681437,0.6922575134294311,0.6861812730199836,0.8907283270583696,0.5982681244296567,0.6548178707948091,0.6986348386128653,0.910107340129978,0.8898232626493354,0.852548684559562,0.9648599144432592,0.5804223792454357,0.8943656982526555,0.8579009956754674,0.8907283270583697,0.6430848901232573,0.7475178325435327,0.804239333663602,0.4108442094230208,0.8853253001095747,0.9053798774659321,0.838462059299615,0.4884109138683066,0.9059631313150907,0.7526253460890475,0.7037109434123991,0.9796090059367453,0.9956532987665977,0.9584141923894149,0.8526125248565157,0.64459544663436,0.9415886943343517,0.8871861256568152,0.9516285637792925,0.90054724462673,0.9486895513809487,0.9047839294617706,0.9189419416378728,0.9720509798443682,0.9662615489004196,0.9189419416378726,0.40566009572941497,0.8279993553837639,0.8170094775225409,0.8907283270583695,0.9506921078835923,0.4969123710432768,0.8977731789942538,0.5574770087129958,0.8770474101603607,0.8871861256568154,0.9005472446267297,0.7918409716568282,0.9576344969711708,0.8823084044251834,0.9421620399028598,0.6832881480778257,0.6494714043573145,0.8907283270583697,0.6015657024681099,0.9624920646450354,0.6403272349632461,0.9144243194673916,0.9960924775122679,0.8584403005100096,0.6823751909603692,0.8907283270583697,0.6263902198448117,0.5772496565291416,0.8584403005100092,0.6134545018714328,0.674936845197186,0.6445954466343597,0.6622198676465979,0.6174487243650801,0.980614913739112,0.8935953701173893,0.6337684949210232,0.9347116766198293,0.5987636969957555,0.9662615489004196,0.8182133745236757,0.7145711162149664,0.9519377973416983,0.8236046410865029,0.6695364620028252,0.9598747086774966,0.6261722621608232,0.965744197768298,0.8871861256568152,0.7257684169846019,0.7297265601356036,0.8793314502513285,0.6272774271252441,0.6683837834953019,0.8907283270583697,0.5912678796098318,0.7038733935825416,0.9665045222336559,0.8907283270583697,0.6719091438603995,0.8968564385234131,0.6175994786481587,0.9929608276679062,0.8871861256568152,0.9666773683013681,0.8526125248565163,0.7930864669266363,0.8045769554432403,0.7342170454200463,0.9638362521438677,0.5880581141966668,0.8907283270583697,0.997366491079042,0.8907283270583697,0.910107340129978,0.6662561862241727,0.7511848746211445,0.9189419416378726,0.945555020402967,0.9908078659245129,0.7954805011229049,0.49098971484643705,0.8907283270583697,0.815874319224264,0.7256212194353093,0.970309668308246,0.6219018904809632,0.8644190209116962,0.9395538742599335,0.8386564101621348,0.8613042685122361,0.8438537352691284,0.7695451177858923,0.5447049466918594,0.8438537352691284,0.9584141923894149,0.9019695505324468,0.9227130782248435,0.8438537352691284,0.9189419416378726,0.6772347979142417,0.8943656982526555,0.48460039358279694,0.9733502238946536,0.8613042685122361,0.5694441862886847,0.7869574313974725,0.8552438375272706,0.9929608276679062,0.8151673877212338,0.8769755445526377,0.8871861256568154,0.8977731789942538,0.7828021167579167,0.5910980953490097,0.8549365454312691,0.8668818393610551,0.9008338155479185,0.9571016985590248,0.8508246242102175,0.8943656982526555,0.6047956160661221,0.9561893150756149,0.9085041789016387,0.8652920285279646,0.9445367060586108,0.8484128583846999,0.6226007238446919,0.6411423728095715,0.9271289595579097,0.867428048235549,0.8485252303127842,0.9421620399028601,0.6732772904197155,0.9017896614229897,0.9237909679850971,0.8359545793225895,0.6069255098349682,0.7943449276023753,0.8395983236342688,0.6608574212533171,0.8067562839765106,0.8430931332211333,0.8881757341961197,0.8124837987348461,0.9516285637792925,0.8526125248565148,0.7226225072277849,0.6117254706483269,0.9076164564417568,0.8851306068028348,0.8997739636389359,0.7895163848470537,0.8788062757215653,0.8871861256568154,0.8553235913353201,0.9868992564024537,0.6430337485075479,0.6616348874188218,0.755747894770401,0.8441441538596661,0.8724625431560953,0.910883373909704,0.7233284973510692,0.9586410538260026,0.7090178837688106,0.6411425627874693,0.7033989165463361,0.9728634031502703,0.8074880529383703,0.7195100133903978,0.7654099073127945,0.6266557376088158,0.6411423728095715,0.7893943413125304,0.8836237867784116,0.7356347898069102,0.959385510350397,0.8868031458438324,0.95304308387742,0.9725293815698692,0.6411423728095715
p169_G,0.760422991505126,0.9508061295476462,0.8349149021845175,0.9904440154440156,0.6652344784270255,0.9425114327004687,0.8391064044605028,0.8073542913753673,0.8804580254427758,0.4867141202959967,0.9734273782715801,0.8574600169443629,0.6794195098069449,0.881756756756757,0.9930717933056203,0.9559937244223015,0.9996171864694428,0.8954688163631979,0.9910578376517607,0.9967052595559542,0.9513406259898936,0.906032704732697,0.9017126880527937,0.6025741141206902,0.9038554657884541,0.8954688163631979,0.9151430007264558,0.7657850588218766,0.9393074128728374,0.989136364242391,0.8855707623626503,0.6649007021580311,0.9127986978904696,0.8761642169182171,0.7568486889608452,0.9362456943690349,0.9250812961986934,0.9127986978904696,0.5138109736953936,0.8934425806304624,0.8464976705745091,0.9589001101087927,0.9366713242763892,0.665309461681399,0.9151430007264558,0.7672488112874079,0.9277359074596556,0.9922882207230793,0.8934425806304627,0.7873673509703809,0.614322559164099,0.7705064355650086,0.8954688163631979,0.9105012505384156,0.963500026402725,0.8914410719709878,0.7663398310994596,0.9225015741707872,0.9981992433792048,0.9175383063396301,0.9396559123265897,0.8652167446718886,0.8954688163631979,0.8895580642834777,0.9333065093925879,0.9233458213595139,0.9304741538905168,0.8517133360737515,0.9042840530795637,0.9910578376517607,0.8798763806688741,0.8934425806304627,0.8942700047615739,0.674822988013859,0.9225015741707872,0.8267698008899675,0.906032704732697,0.9082470012068005,0.9529906486159976,0.9425114327004687,0.5790086431995147,0.9726387956636797,0.8875064656813965,0.8220836588712389,0.9225015741707872,0.8743307438550616,0.9780548428444061,0.9804492848541707,0.779258251659741,0.9199893491338638,0.9225015741707872,0.8349149021845175,0.9709897444933984,0.864946319121328,0.8875064656813965,0.8859299315288813,0.8565236126005504,0.8283921313536704,0.6301387621976058,0.9546591930794491,0.8914410719709878,0.9765510393593577,0.9225015741707874,0.911533001828125,0.8709441203954517,0.9362456943690349,0.8583829421286902,0.637391059965915,0.868831385468534,0.8122023108403993,0.8339245745794144,0.7794269761511458,0.8369993956601448,0.8618519839156851,0.9277359074596556,0.8783289407462735,0.9508061295476462,0.570445016086435,0.9425114327004684,0.8679577393357281,0.9283121294870209,0.9559937244223015,0.9038554657884541,0.8192909701727047,0.9307747569588933,0.8999948169835533,0.9250812961986936,0.9643000102862664,0.919989349133864,0.8907075917149339,0.9416911784966642,0.9277359074596556,0.9304741538905168,0.8762627027648181,0.9151430007264558,0.899102800162929,0.571406551265555,0.930474153890517,0.9304741538905168,0.9175383063396303,0.7019415513043823,0.9393074128728371,0.9638770244425825,0.8271211228814443,0.9011211804466386,0.9495972962983878,0.9100479243194206,0.7183140116471444,0.9976903810580002,0.777738759032033,0.9393074128728371,0.7836973699462801,0.9383174573963602,0.8186971910135314,0.9177914171276884,0.9281918474396422,0.9682024600836387,0.8984288710052626,0.7837989807240324,0.8251503574709129,0.9243576259255886,0.9277359074596556,0.97263879566368,0.6477776410487995,0.8431623547994254,0.8725113072902908,0.9036698601579138,0.8464976705745091,0.9207523226987695,0.688529198989722,0.881756756756757,0.9199893491338638,0.8914410719709878,0.8635780863582585,0.9647606076969688,0.8138775264270355,0.9362456943690349,0.7194048776418958,0.9091923098144419,0.9001248489566036,0.8741904440128023,0.9536751187028223,0.9941068010498535,0.919989349133864,0.8069065519459743,0.9061149769638797,0.8243824768433313,0.9090241544371724,0.9105012505384156,0.9483778175231494,0.6492105730003317,0.8474072181717974,0.728684288777202,0.6707439233532102,0.6453740110827159,0.9225015741707872,0.46087073721650473,0.9608634184056342,0.7795716423346833,0.9141622615573812,0.9104584515535377,0.919989349133864,0.9225015741707872,0.8672000369622694,0.9661996292182583,0.5441119669791129,0.9225015741707872,0.8637749650539772,0.960175396156637,0.9490282143343614,0.9121416798754111,0.8823845551200094,0.919989349133864,0.9225015741707872,0.8300623057430998,0.9225015741707872,0.9277246538237129,0.7956191817635374,0.7903614274636702,0.9225015741707872,0.7882598375451735,0.9225015741707872,0.798375406278037,0.8583829421286902,0.8725113072902908,0.8106712049456517,0.9277359074596554,0.6809422183293732,0.9608634184056339,0.9388933740579655,0.7462299379986141,0.9673205840993027,0.959140228976008,0.9069834982716529,0.9304741538905168,0.899286523602912,0.7662877612285113,0.8785462170031448,0.9472490927671249,0.960175396156637,0.960175396156637,0.5357747919441285,0.8494676817050002,0.9608634184056342,0.9225015741707872,0.7974682718729413,0.9225015741707872,0.8487155073351647,0.8707051888795789,0.930474153890517,0.9569057808979562,0.6809422183293732,0.46087073721650473,0.776882383893913,0.9038554657884541,0.8618948557210502,0.9476888747140071,0.9036698601579138,0.4376673778442184,0.9185315195687318,0.8042685237096223,0.6495070655378989,0.9199893491338638,0.9333065093925881,0.7593822847131335,0.5138109736953936,0.9254301426753996,0.8021197874325554,0.8975213827250901,0.8481857313975263,0.9479662056832869,0.930474153890517,0.5944964913864953,0.6966717115058969,0.9560657315898282,0.9362456943690349,0.9550074456558882,0.8984288710052624,0.9361204140696398,0.9302302679046641,0.9362456943690349,0.9908854916947928,0.7231717556863057,0.9333065093925879,0.8448271155174856,0.9137065637065638,0.9277359074596554,0.9069834982716529,0.8171124807922893,0.9175383063396303,0.9277359074596556,0.9765510393593577,0.7321933960295155,0.9362456943690349,0.8327926200059367,0.9512867698617247,0.8251503574709127,0.9015725979810394,0.9362456943690352,0.9225015741707874,0.8934425806304624,0.9175383063396303,0.930474153890517,0.687412385503278,0.5786581167265599,0.9765510393593577,0.8934425806304631,0.9164949062751406,0.7382134124818511,0.5985126911437829,0.5234310692176354,0.8786763344170292,0.8802796796527348,0.7969691255572917,0.8517666345135168,0.9393074128728371,0.9893119279969469,0.9393074128728371,0.9069834982716529,0.3837097504782735,0.8618519839156851,0.9277359074596554,0.9225015741707872,0.9304741538905164,0.9054634422475794,0.8954688163631979,0.9362456943690349,0.9615718458881101,0.9644994759182186,0.9225015741707872,0.941740990578956,0.9362456943690349,0.9970799457879603,0.9495972962983876,0.8720538719808619,0.8996020324755996,0.930474153890517,0.6993611580635184,0.7593822847131335,0.9446024350495377,0.9540324564594049,0.7574013541427946,0.5352976416436225,0.9686220609785259,0.812675333992178,0.9911110085568766,0.9495972962983876,0.9970799457879603,0.6890496464189435,0.9069834982716527,0.6902040370753015,0.915143000726456,0.9199893491338638,0.9114326647947493,0.8251503574709129,0.6182433321137333,0.9143608994938973,0.7234575449215732,0.9225015741707872,0.900198400027393,0.6990382429759674,0.8780124908814337,0.996225319046196,0.9393074128728374,0.7095865591070429,0.9225015741707872,0.9225015741707872,0.6548169508502089,0.6569128887019983,0.8069065519459739,0.9225015741707872,0.9393074128728371,0.9225015741707872,0.8817567567567569,0.8431623547994256,0.6707439233532102,0.9225015741707874,0.916016184190124,0.9446701888736626,0.7440592910622426,0.7074197865434065,0.9225015741707872,0.8186971910135312,0.872511307290291,0.7512552142845381,0.8453225547594686,0.9221756491447483,0.8917352429580987,0.9277359074596556,0.6594544116353662,0.9225015741707872,0.730281990274285,0.9280014806583248,0.8287649415854688,0.9732035044194555,0.9723157551667554,0.7423716115458536,0.9127986978904696,0.9225015741707872,0.7966867035614484,0.901046993893809,0.9225015741707872,0.7603674824796207,0.8591039146158818,0.7799565059593387,0.7181737824012524,0.7270471299577561,0.9225015741707872,0.7419469569998653,0.8235212089664676,0.9615718458881102,0.8379427494953595,0.7782926726430478,0.9978926033054862,0.8601128166776513,0.8673466625771513,0.9277359074596556,0.840710283888357,0.9490282143343616,0.9760740600631372,0.7525538548642838,0.9850988399428101,0.802668953401676,0.9760740600631372,0.9304741538905168,0.8954688163631976,0.9225015741707872,0.9910578376517607,0.8498574790755824,0.9455206722538666,0.7762180107355472,0.9906272620392718,0.9175383063396303,0.8903802992893513,0.9332153268971213,0.9175383063396303,0.9871307482212135,0.9400771100284837,0.9105012505384158,0.9098072961938488,0.9076715010813188,0.9910578376517607,0.7277314941831834,0.9393074128728371,0.9282792334246625,0.9760740600631372,0.7689574769618428,0.9446701888736626,0.9393074128728374,0.988880870855688,0.932795246271596,0.913273266585415,0.9334160095166195,0.9833076730146284,0.8785462170031448,0.8281884330418345,0.9069834982716531,0.7839803582266724,0.9774869716111111,0.8996020324755998,0.9423469173118804,0.8945436312571673,0.8855707623626503,0.7973682020193065,0.7967891643188482,0.8549492399295393,0.9573800935979493,0.9233249860660191,0.8332787167611999,0.0,0.8996020324755996,0.9017126880527935,0.7217028129421283,0.9082470012068007,0.8593392193465906,0.9361204140696398,0.960175396156637,0.8231279160941704,0.9277359074596556,0.9745530391331472,0.7892954251651072,0.8743307438550616,0.757585931712471,0.9910578376517607,0.8126753339921782,0.8377297172163944,0.9858673317522388,0.932795246271596,0.9151430007264558,0.915143000726456,0.9810522968844484,0.5156328728037105,0.918363903192055,0.7541556887987558,0.8671302399974954,0.9199893491338638,0.919989349133864,0.9863067689076508,0.7230880743409211,0.915143000726456,0.8271211228814442,0.9225015741707872,0.9333065093925881,0.9225015741707872,0.9225015741707872,0.9144237853295769,0.7636611379006617,0.9069834982716527,0.9225015741707872,0.8125348546922815,0.7503010649821212,0.950354396566305,0.859843184232796,0.86632515115204,0.8229856241758233,0.7929802668947118,0.9054634422475796,0.9320998008628144,0.674863716420179,0.8553583241546077,0.9333065093925881,0.9657516752484121,0.98497922985436,0.895015396735056,0.8855707623626501,0.9635000264027251,0.5625603488683244,0.9942357838016833,0.9333065093925879,0.8415030753570436,0.9277359074596556,0.9279430623812721,0.7462299379986124,0.8512162297342047,0.9017126880527935,0.9340295477686488,0.8836545508570983,0.9673205840993027,0.8008418239058331,0.9972682333865339,0.9765510393593577,0.9060327047326975,0.9250812961986936,0.8984288710052624,0.8272360292098271,0.838988509268211,0.9810522968844484,0.9121416798754112,0.7047231634301033,0.8598699536400558,0.8316463552777544,0.919989349133864,0.7119547254674414,0.9207523226987695,0.9970799457879603,0.723643883928617,0.9599473830749682,0.8244670644666009,0.7596001993032377,0.906032704732697,0.7230880743409205,0.9642783736947248,0.9225015741707872,0.9304741538905168,0.9930791852529013,0.9225015741707874,0.8982849455083566,0.9007798745624748,0.9608634184056342,0.8875064656813965,0.8447425558175494,0.9388933740579655,0.742242411973085,0.9393074128728374,0.8231279160941705,0.8945436312571672,0.9572912152802084,0.9175383063396303,0.9540324564594047,0.9480563171539704,0.8707051888795789,0.8996020324755998,0.822614569547758,0.9592656204543331,0.7110334417707349,0.6988818822189846,0.9378027796250892,0.6229285339696339,0.7882598375451735,0.918363903192055,0.9393074128728374,0.9038554657884541,0.9804497858651832,0.7540906054367917,0.7704694792792818,0.8872345468276643,0.9199893491338638,0.7481108139321155,0.7574013541427946,0.9970799457879603,0.7600560612803171,0.9277359074596556,0.9428273933582365,0.8725113072902908,0.8975213827250901,0.6679057879499275,0.8855707623626501,0.8309458606780319,0.9496479823822046,0.9082470012068002,0.9019701437287175,0.9304741538905168,0.9425114327004687,0.9225015741707872,0.6923658441336742,0.7946697765437372,0.9641314556612997,0.8780124908814337,0.9225015741707872,0.9662736898756052,0.7726701555174718,0.8113620417189933,0.881756756756757,0.8532445498042327,0.8600960853075243,0.913953111290549,0.7560487633209457,0.9231842997566408,0.9773500723552714,0.9291576091321705,0.8332787167611999,0.9333065093925881,0.8515474244094854,0.7663398310994596,0.9277359074596556,0.9899987985823229,0.9425114327004684,0.9231842997566406,0.9175383063396303,0.9425114327004687,0.9105012505384158,0.8914410719709878,0.9683086794376969,0.8844834814579884,0.8235335835879467,0.899317875782788,0.8942700047615743,0.4371300648708867,0.960211503715098,0.905403480002907,0.9199893491338638,0.9810522968844486,0.915143000726456,0.9199893491338638,0.9199893491338638,0.8761642169182167,0.9225015741707872,0.6624860705586089,0.8625977355177168,0.9225015741707872,0.8996020324755996,0.8332787167611999,0.6800693026518849,0.9277359074596556,0.9333065093925881,0.9250812961986936,0.9199893491338638,0.9754196246660427,0.9795288419408832,0.8380225099110049,0.867169364813769,0.9225015741707872,0.8583829421286904,0.9277359074596556,0.9908428227422801,0.9993444767779771,0.8601128166776508,0.9362456943690349,0.9250812961986936,0.5278616623540142,0.960175396156637,0.9038554657884541,0.9858842152953933,0.8310607868635624,0.911432664794749,0.918363903192055,0.940969198907148,0.9476888747140071,0.9910578376517607,0.9281918474396418,0.9277359074596556,0.9184015999884356,0.906462567544713,0.9225015741707872,0.9225015741707872,0.8442421395514916,0.5441119669791129,0.8560271871293255,0.915143000726456,0.9476888747140071,0.9638770244425825,0.9175383063396303,0.9964874993168925,0.7582000442169894,0.9225015741707872,0.9225015741707872,0.986980346941851,0.8447425558175493,0.9055450095968045,0.9783308953297636,0.646414478755081,0.7382134124818509,0.776558048394854,0.7514336613868338,0.8975213827250901,0.765593934608931,0.9225015741707872,0.9125195038274307,0.9304741538905168,0.5138109736953936,0.7423716115458534,0.9362456943690349,0.9914639333477375,0.9225015741707872,0.9225015741707872,0.6768216772435854,0.9225015741707874,0.7034918381859406,0.9060327047326973,0.7818305344180303,0.8464976705745091,0.9756512568194128,0.9520753766313144,0.8407381108303202,0.772131163132141,0.9225015741707872,0.8707051888795789,0.7157544761195171,0.9723157551667552,0.9362456943690349,0.9734798970232401,0.8546420604471556,0.8210790621176443,0.8743307438550616,0.6025741141206901,0.8506233312249636,0.9225015741707872,0.9594603649582825,0.7599855305715346,0.7839803582266722,0.8976648982890321,0.8393097134659195,0.9282792334246625,0.8706976081657615,0.7769905616247288,0.9090110235284588,0.9349300643359038,0.7022736774608869,0.9151430007264558,0.9393074128728371,0.7667953667953677,0.8573895994669344,0.9855043917305188,0.4625881301823055,0.9644994759182184,0.980048468350488,0.9256629816639432,0.960175396156637,0.9307859145758749,0.755445459741676,0.8707051888795789,0.9366713242763893,0.9425114327004684,0.8785462170031448,0.94037212874745,0.9517482268820949,0.9683086794376969,0.9393074128728371,0.9060327047326973,0.8621423904215093,0.7440592910622428,0.9127986978904701,0.919989349133864,0.8347836504853698,0.8892053633112413,0.6498085730887517,0.9218482669986106,0.9048043876528449,0.9934590369335654,0.9867787681016487,0.9225015741707872,0.8349149021845175,0.9683086794376969,0.8874114409875786,0.4867141202959967,0.9589001101087927,0.8996020324755993,0.8884742999584236,0.9225015741707872,0.9997001424057388,0.7633805800274995,0.625659006801877,0.7399107187364673,0.8984666413273347,0.7655939346089309,0.9304741538905168,0.8874451807660653,0.8359307198109669,0.8428539722252644,0.7973359365885068,0.9017126880527937,0.781652106021774,0.9425114327004687,0.9017126880527937,0.9225015741707872,0.9979415841854359,0.9281918474396418,0.872152207622495,0.87846464965392,0.7708757342257215,0.9225015741707872,0.9199893491338638,0.8855571724449831,0.7882598375451737,0.8673466625771513,0.6726542366503446,0.6869638390746422,0.9225015741707872,0.75171505640093,0.7914666658764196,0.881756756756757,0.9225015741707872,0.7656185718671962,0.9127986978904694,0.9362456943690349,0.9388933740579655,0.9199893491338638,0.8711683340946426,0.7867777182755433,0.9212274082751999,0.925662981663943,0.8021170361148292,0.9388933740579655,0.7346095719329164,0.9225015741707872,0.9756512568194128,0.9225015741707872,0.570445016086435,0.8896043244603336,0.9346014730067136,0.5138109736953936,0.8875064656813965,0.9360575421791804,0.9255682385467007,0.9137065637065638,0.9225015741707872,0.68159240616896,0.6678275415360698,0.8361407119326458,0.9511570440214601,0.8707051888795787,0.9683695601216199,0.8855707623626501,0.7927291158126465,0.8725113072902908,0.8593685421061917,0.7856447621853979,0.8725113072902908,0.9456563706563708,0.930474153890517,0.849467681705,0.8725113072902908,0.5138109736953936,0.8954688163631979,0.9250812961986936,0.8737850059390877,0.919989349133864,0.6632825824805444,0.8996020324755996,0.8600960853075241,0.8707051888795789,0.9123838819213477,0.8984288710052621,0.6895662176593879,0.8129498901600087,0.7075924538576474,0.8526137974051182,0.881756756756757,0.9034393382949701,0.8226715133063628,0.9899457269363949,0.8601128166776513,0.9976903810580002,0.5081051961845664,0.9765510393593577,0.9893969432662543,0.8812694470532851,0.9569057808979562,0.9756512568194128,0.9391090761259803,0.9304741538905168,0.9333065093925881,0.8237624481086543,0.9539981797161425,0.9796947140793384,0.996225319046196,0.8855707623626501,0.859843184232796,0.9796265153694581,0.9160161841901235,0.9225015741707872,0.9597724394631544,0.8842849992872084,0.9547977959327028,0.9125195038274307,0.974157867534211,0.751328556449506,0.8761642169182167,0.933541729082964,0.9307747569588933,0.9573800935979493,0.9539981797161425,0.9520753766313144,0.944352885400337,0.9726375002262645,0.9082470012068007,0.97239463579739,0.9909903972974268,0.8893718879109297,0.9105176979409177,0.9277359074596556,0.9250812961986934,0.7086482280213354,0.8894628186153248,0.9277359074596556,0.9979415841854361,0.8539931936682092,0.8962413134067087,0.9608634184056342,0.9608634184056342,0.7431297243227599,0.9178060595541999,0.8515474244094854,0.9277359074596556,0.6903504863456466,0.8996020324755996,0.9333065093925881,0.9885933112541219,0.994794736900322,0.9723157551667554,0.5441119669791125,0.922419654407262,0.570445016086435,0.8240460642962535,0.9858673317522391
p169_I,0.7469516915061495,0.9240084059312026,0.8598295527538453,0.9908428227422801,0.9610880275993516,0.9511876099263499,0.7807966685704256,0.8127442721058258,0.8753928891101748,0.948467140918744,0.9671761235857237,0.9829392900173883,0.9661859802146439,0.8996020324755996,0.9169506775373653,0.8515386735783614,0.9279496229669748,0.911244667414393,0.9458674971126175,0.948467140918744,0.8542911987973543,0.9202142532643909,0.9590434494932021,0.9903766507571461,0.9616684643803335,0.9112446674143928,0.9279496229669748,0.9262039440654459,0.9859275654047341,0.9335043147429778,0.9028404281797042,0.9987774230311344,0.9730889887268286,0.8948535190071927,0.986554806284329,0.9458674971126175,0.9363880304285923,0.9259591224230197,0.9511876099263499,0.9095242312718104,0.8696642492046924,0.5946851786296644,0.8416726321970072,0.9539851747197046,0.927949622966975,0.9315184787847347,0.9386420076357269,0.9622629051191278,0.9095242312718104,0.7084419915531276,0.9434121517267975,0.8051416148844528,0.9112446674143928,0.9700765701011145,0.979781144969363,0.9078247903914518,0.9469401678022586,0.9341976401680094,0.8847379521819224,0.9299834289466347,0.9099149954318697,0.8443176746495002,0.6852111693186302,0.9601701237080076,0.9433718940682516,0.9031474901049228,0.9987774230311344,0.7411662394160283,0.7691822630393839,0.9458674971126175,0.8980054428335462,0.9095242312718104,0.9087308614830323,0.8294676809794753,0.9341976401680094,0.8529137105219888,0.9643765980294188,0.9220943680125895,0.789476619596912,0.9511876099263499,0.9877421208411417,0.9147540983606557,0.9044839950643897,0.911244667414393,0.9341976401680094,0.8932967537832142,0.9643765980294188,0.8219834903203962,0.9209176670963708,0.9320645602494204,0.9341976401680094,0.8886114498000468,0.8514584170929149,0.8425786891819735,0.9815167346218349,0.7338203453536523,0.8570542950968632,0.8542911987973543,0.9800347495169258,0.7519246848938176,0.9469401678022586,0.9386420076357269,0.9341976401680097,0.9157357559104302,0.9365008126407708,0.9458674971126175,0.8797557950282511,0.9915388637427253,0.69190864715251,0.9418109695325809,0.8658231365963154,0.9540147404500321,0.9546074935075681,0.9476274985418003,0.9386420076357269,0.7637591212169565,0.9700765701011145,0.9458674971126175,0.9511876099263499,0.9904450366077004,0.9124103764401393,0.8515386735783614,0.9183656033219387,0.9028404281797042,0.9676920836055142,0.7985533442261596,0.9363880304285925,0.7773592226440151,0.9661859802146437,0.9924821208671799,0.9663201241336372,0.9944373248680742,0.9409669977890662,0.9107192181558881,0.9279496229669748,0.8958732693715752,0.6176077576897351,0.9409669977890665,0.9409669977890662,0.9299834289466344,0.9965041039685562,0.9484671409187437,0.8652182557384993,0.9644100453636641,0.8823970339943681,0.9169506775373653,0.9070731697590151,0.9656378267735529,0.5741399161586938,0.7952013128681701,0.9484671409187437,0.9731560060618827,0.8154071187516387,0.8732786138576021,0.9987774230311344,0.9095242312718108,0.8640189757409726,0.9561713296625203,0.9140530994042178,0.8793331866131817,0.9090089695877888,0.9944373248680742,0.9147540983606557,0.7352352970522482,0.8668322994400732,0.891751906668637,0.9785717750121543,0.930001498873569,0.9044839950643897,0.7912375393615875,0.9178060595541999,0.9320645602494204,0.907824790391452,0.986572764243447,0.8598432248265697,0.8687922038870259,0.99148264814709,0.9885261369375651,0.9966622748365283,0.8808617942287751,0.9849105619281004,0.912207174924492,0.9469401678022586,0.9829392900173883,0.917424582998468,0.8352451905835128,0.9904450366077004,0.6681556327785216,0.9240084059312025,0.9751916033161048,0.9795036960805321,0.9379783610955623,0.8158166410117746,0.7545272461445455,0.9731560060618827,0.9341976401680094,0.9903766507571461,0.9299834289466349,0.9014795552136838,0.8341289527802047,0.9749571409386519,0.9661859802146437,0.9341976401680094,0.8297340049818103,0.7320136740951811,0.948467140918744,0.9341976401680094,0.8545862256205103,0.8902183677316946,0.8808617942287751,0.9140530994042176,0.8768403073232188,0.9320645602494204,0.9341976401680094,0.7659131991945651,0.9341976401680095,0.8329868046059652,0.9573372050976623,0.9520484472599132,0.9341976401680094,0.9208219488037757,0.9341976401680094,0.9204623138123679,0.8797557950282513,0.891751906668637,0.8392447154194036,0.9386420076357269,0.7124085863009614,0.9795036960805319,0.9590434494932021,0.5939999543203051,0.9415355007468762,0.8436218424087494,0.9653059182149237,0.9409669977890662,0.7683122527820481,0.9985308211896643,0.8174540002737913,0.9263174666267613,0.9243062854435231,0.9924821208671799,0.9272203681387055,0.8515386735783614,0.9299834289466349,0.9341976401680094,0.7248757685433891,0.9341976401680094,0.8824742381916715,0.8902183677316946,0.7699808760005926,0.9011379475927439,0.7124085863009615,0.9903766507571461,0.9899092131083476,0.9183656033219387,0.8612222667022578,0.9671761235857239,0.9962766559418281,0.9944373248680742,0.8860490144237936,0.8599286707771703,0.6735925804592795,0.9320645602494204,0.9965514935490281,0.8250102279890206,0.9511876099263499,0.972038542164217,0.722585434822145,0.9950420205336963,0.8324501640471824,0.8378847781069219,0.827791301242661,0.8324117619144089,0.6753380136119957,0.8832805022269119,0.9458674971126175,0.8252215682933823,0.8886955627708655,0.998234552332913,0.9031388200499335,0.9458674971126175,0.9719975115764716,0.8518846513761477,0.8763982687835874,0.9281505333988458,0.8996020324755996,0.9386420076357269,0.8948535190071925,0.7726254326831443,0.9299834289466347,0.9386420076357271,0.9386420076357269,0.7390324489084189,0.9458674971126175,0.8315523420871453,0.9353767630306684,0.8515386735783614,0.721610738622826,0.9914826481470902,0.9341976401680097,0.949242373777156,0.9299834289466349,0.9987774230311344,0.7805375026225276,0.9520400285911689,0.9386420076357269,0.9095242312718106,0.9704399437441277,0.7607070081476259,0.6303521385843558,0.9839642438297592,0.8861369440253575,0.8634329194044192,0.8812967505720881,0.9400894443412462,0.948467140918744,0.906497680742552,0.948467140918744,0.9994678821812105,0.8711662082855063,0.9151643937053509,0.8939720406672315,0.9341976401680094,0.940966997789066,0.935670715111806,0.9112446674143933,0.9458674971126175,0.9364748811663077,0.9661859802146437,0.9341976401680094,0.9950286745612719,0.9458674971126175,0.9511876099263499,0.9824794635567504,0.9051142547004993,0.9147540983606557,0.943412151726797,0.6756045082046622,0.7783744674933413,0.9616684643803335,0.9259591224230199,0.8178539505669791,0.9386420076357269,0.965305918214924,0.8018183635167393,0.9240084059312024,0.9824794635567504,0.9511876099263499,0.7192814622336589,0.8948535190071922,0.7485101984028704,0.927949622966975,0.9320645602494204,0.9340740308913413,0.9071276996480022,0.7498948431990369,0.7251113578735173,0.7651933449849073,0.9341976401680094,0.9433725012289743,0.9325475534270614,0.9320611426402996,0.9281278923411591,0.8547169780516897,0.7912375393615874,0.9341976401680094,0.9341976401680094,0.9889605162825019,0.6891400280365454,0.8924406131378575,0.9341976401680095,0.948467140918744,0.9341976401680097,0.8996020324755994,0.866832299440073,0.9796629666381875,0.9341976401680097,0.9012134114028683,0.9643765980294188,0.782685874648712,0.7743287291569785,0.9341976401680094,0.8460594193000852,0.9262039440654459,0.7278327227063586,0.7691822630393836,0.9012134114028683,0.9088147810811564,0.9386420076357269,0.7676010485566842,0.9341976401680094,0.8051891611732336,0.9919535000677886,0.8424726734166379,0.8966122270595576,0.9556347289143002,0.8046547388994403,0.9259591224230197,0.9341976401680094,0.7505693041675239,0.9284369518269133,0.9341976401680094,0.9751916033161048,0.9372320247447248,0.9417431222820525,0.783612149935693,0.7805375026225279,0.9341976401680094,0.9938240476144027,0.8649010383087123,0.9433718940682514,0.9301784919255027,0.875232717087961,0.6099771300275327,0.8812245968305714,0.8654234385275945,0.9386420076357269,0.9220876690886725,0.9367579616423476,0.9590434494932021,0.9809570187442864,0.9682442418303725,0.8324501640471824,0.9165462137008822,0.9409669977890662,0.9112446674143935,0.9341976401680094,0.9458674971126177,0.9950042944438362,0.8995542699204284,0.9220943680125893,0.9446884865801572,0.9795036960805317,0.8541531425610631,0.9363880304285923,0.9795036960805317,0.9671761235857239,0.9341976401680094,0.9700765701011145,0.8433299245730508,0.9687072640073062,0.7408832291859204,0.9457640223893855,0.9859275654047339,0.9838552657289734,0.9590434494932021,0.9232787288074835,0.9031363676754974,0.9484671409187437,0.8763256350174946,0.9015358689505101,0.9749571409386522,0.9540147404500321,0.9202142532643913,0.9356707151118056,0.9497673578995789,0.7176582853502854,0.9903387485424457,0.9474062526569897,0.9982345523329128,0.8696642492046927,0.9671761235857239,0.9403227338586295,0.8639679664180095,0.8678858915754876,0.9081986598432299,0.8789436985072656,0.9193417583555594,0.9728634031502703,0.8996020324755996,0.0,0.9165462137008822,0.7637034372366571,0.9220943680125895,0.8568104945519835,0.5426229508196713,0.9243062854435229,0.8841374736981633,0.9386420076357271,0.8634427373462423,0.8620020136065496,0.8932967537832139,0.9903387485424457,0.8661829386665056,0.8474677175014009,0.9749571409386524,0.9965514935490281,0.9951080188590635,0.9279496229669748,0.9279496229669753,0.827791301242661,0.9458674971126175,0.9028404281797042,0.7740239442028942,0.8871829502996262,0.9320645602494204,0.9320645602494204,0.9513693087419354,0.7694355909476005,0.9279496229669753,0.8338083271305466,0.9341976401680094,0.9965514935490281,0.9341976401680094,0.9341976401680094,0.7519246848938176,0.9165462137008822,0.8948535190071922,0.9341976401680094,0.9580953226339152,0.9970665425406116,0.9924821208671799,0.8473597611409739,0.8460594193000852,0.862028584427289,0.906497680742552,0.7865945896969908,0.9695311240154443,0.9326512786655544,0.9514497035305074,0.9965514935490281,0.9281278923411591,0.905742219530919,0.912376323684456,0.9028404281797042,0.9326512786655548,0.9795036960805321,0.8109045660111089,0.9965514935490281,0.8654234385275945,0.9386420076357269,0.9014795552136838,0.9472987124405254,0.9540147404500321,0.916546213700882,0.7839013055905513,0.9012134114028683,0.8782944901168632,0.9984593147144779,0.9676994339018856,0.8939720406672318,0.9202142532643913,0.9903766507571461,0.922433446216693,0.961826376611472,0.9115396548655939,0.9987774230311344,0.8644048898104937,0.9279496229669753,0.9039673337843948,0.8570542950968632,0.9829392900173883,0.7502927996907005,0.9044839950643897,0.9511876099263499,0.7484817456541228,0.9335900865547448,0.7865945896969903,0.7906997182909645,0.9202142532643909,0.6737605143955594,0.9884288747738599,0.9341976401680094,0.9409669977890662,0.9606559814622548,0.9087308614830323,0.9208219488037757,0.9202142532643907,0.9214557696516741,0.9424837518356481,0.7812528998027031,0.9559620789221579,0.7766053888926342,0.948467140918744,0.7776747290716073,0.8524968541217386,0.7120563487903762,0.9299834289466347,0.979781144969363,0.8147003782300275,0.9243062854435229,0.9564943253467844,0.9180718255771735,0.9259473332916117,0.7546442880540885,0.6705156845828812,0.9653059182149237,0.9216639343831265,0.8202156726197054,0.6473719036731934,0.9859275654047341,0.9517258135028772,0.9903766507571461,0.9239956931151624,0.9973895362654066,0.9481114780292803,0.9320645602494204,0.8035383277264695,0.7940143529543535,0.9511876099263499,0.6445608735765955,0.9497673578995789,0.9281278923411591,0.9606559814622546,0.9950420205336963,0.9643824696458685,0.9028404281797042,0.9084229524444827,0.9880552524038386,0.9671761235857235,0.9153112504466758,0.9409669977890662,0.9511876099263501,0.9341976401680094,0.9642416825773448,0.8511697742036972,0.7953560221672518,0.8964228513787131,0.9341976401680095,0.9312932126009488,0.8188914049071836,0.6473979301580385,0.8996020324755993,0.8753928891101745,0.8598295527538451,0.772871856894678,0.9475487000332601,0.9061450951233825,0.9415355007468762,0.9284585017044975,0.9156518518301398,0.9433718940682516,0.8739518939582047,0.9078247903914518,0.9944373248680742,0.8902183677316946,0.9511876099263497,0.6313342073953234,0.9299834289466351,0.9511876099263499,0.9240084059312026,0.9357136999653202,0.9341976401680094,0.8670992417859469,0.8501659032843123,0.8661829386665059,0.9865548062843288,0.9914610572055533,0.7607995967969834,0.7125841942671088,0.9320645602494204,0.9409669977890665,0.9762262925984151,0.9320645602494204,0.9320645602494204,0.9994678821812106,0.9341976401680094,0.927949622966975,0.9754308715802917,0.9341976401680094,0.9147540983606557,0.9156518518301398,0.9914826481470901,0.9386420076357269,0.9364748811663077,0.9556347289143002,0.9320645602494204,0.8035383277264696,0.8103302148662455,0.9590434494932021,0.7530332924057612,0.9341976401680094,0.8797557950282511,0.9944373248680742,0.9564943253467844,0.8164999142521172,0.9455693733429784,0.9458674971126175,0.9903766507571461,0.9517258135028771,0.9052541259973353,0.9616684643803335,0.9341976401680094,0.8902183677316946,0.9701426189491364,0.9778050395375548,0.8861369440253577,0.9220943680125895,0.9288327934067979,0.9095242312718104,0.9386420076357269,0.9435391793962782,0.989532531265053,0.9341976401680094,0.986554806284329,0.9294987870150182,0.9859275654047338,0.8134750342286592,0.927949622966975,0.9877421208411417,0.7641669376109765,0.9795036960805317,0.7976968714771495,0.7394504005813979,0.9341976401680094,0.9341976401680094,0.976352903445825,0.8748602561896521,0.9665301256886063,0.862028584427289,0.9680784673562302,0.829422433511827,0.8401821221942172,0.7618072727464015,0.9129874603663681,0.8310026479485964,0.9341976401680094,0.885778720117262,0.9409669977890662,0.9511876099263499,0.8046547388994403,0.9458674971126175,0.9847287092299238,0.9341976401680094,0.9341976401680094,0.7313710021096411,0.9341976401680097,0.7880476390596549,0.9202142532643911,0.8147566802167696,0.8696642492046924,0.9396813390495188,0.9601701237080074,0.8143384150550279,0.8552960837771713,0.9341976401680095,0.8902183677316946,0.8229510193270551,0.9363880304285925,0.9288327934067979,0.9647060453491338,0.8653396224241612,0.8841862845276727,0.8932967537832139,0.9556347289143002,0.8924406131378575,0.9341976401680094,0.7597523278352257,0.9281278923411591,0.930001498873569,0.9138587645488552,0.9021928759526108,0.9377871015590615,0.9977262825967365,0.8844412590696267,0.816321656400867,0.8813439357061883,0.9982462751078174,0.9272203681387053,0.948467140918744,0.9908428227422801,0.951599083741091,0.7853015666340419,0.9987774230311344,0.9320645602494204,0.8924015577732272,0.7010214355004775,0.9393420437091634,0.8495144407618886,0.9797658041147691,0.8902183677316946,0.7726260462381265,0.9511876099263499,0.9356707151118058,0.9676994339018856,0.8949624583202775,0.986554806284329,0.948467140918744,0.9643765980294188,0.9031363676754977,0.8530225521173653,0.9259591224230201,0.9320645602494204,0.8965983225545132,0.8626186644435845,0.9556347289143001,0.9405392868314864,0.9977901694570486,0.863610475092325,0.8780118112233068,0.9341976401680094,0.8598295527538451,0.986554806284329,0.7545272461445456,0.948467140918744,0.9229034192989759,0.9147540983606555,0.8628824041273822,0.9341976401680094,0.7992944396065149,0.7939004811633894,0.9564943253467844,0.774621531498579,0.8062292299313922,0.8081521072913194,0.9987774230311344,0.9994418686091268,0.9597163346591149,0.839319216672656,0.8117426472449562,0.9165462137008822,0.820764057598703,0.9511876099263499,0.9590434494932021,0.986554806284329,0.7723258715761909,0.949242373777156,0.9951959541874676,0.9665301256886061,0.8002438055465626,0.8040165292503934,0.9320645602494204,0.9865727642434468,0.8202156726197058,0.8654234385275947,0.795212953659384,0.7342072709060019,0.9341976401680094,0.801402955847924,0.8229385262714315,0.8996020324755996,0.9341976401680094,0.8030302144488977,0.9730889887268284,0.9458674971126175,0.913464843129838,0.9320645602494204,0.8492473095446897,0.9676920836055141,0.7762566974398006,0.9748290773761272,0.9777417615991821,0.9165462137008822,0.7805381608776913,0.9341976401680094,0.8625945561359692,0.9341976401680094,0.928832793406798,0.8780766889292517,0.8778108787653003,0.9511876099263499,0.5635194101379916,0.8796959556003756,0.9081986598432299,0.8996020324755996,0.9341976401680094,0.7249573830707128,0.9987460422391845,0.8796835564196133,0.9778050395375548,0.9243062854435231,0.9409669977890665,0.9028404281797042,0.6549174371177124,0.9606559814622548,0.9770745484716212,0.8469988008164033,0.9606559814622548,0.8996020324755996,0.9409669977890665,0.8515386735783614,0.9606559814622548,0.9511876099263499,0.9112446674143933,0.9903766507571461,0.8793331866131817,0.9320645602494204,0.6919065330743308,0.9147540983606557,0.8598295527538449,0.8902183677316946,0.8709676073375179,0.8886955627708657,0.9095242312718104,0.9661859802146437,0.9914610572055534,0.9387664254707249,0.8996020324755996,0.8725169952519656,0.840037751365852,0.9518337142340694,0.8812245968305714,0.9492423737771563,0.9363880304285925,0.9386420076357269,0.8725169952519654,0.8917681657699776,0.9061450951233825,0.9446884865801572,0.8710878802609621,0.9409669977890662,0.9433718940682516,0.9527245103940885,0.9044839950643899,0.8526242193567077,0.9977901694570488,0.9028404281797042,0.7247288896304453,0.9183656033219387,0.9012134114028683,0.986554806284329,0.8592761403600178,0.8687922038870259,0.9873862869297436,0.931871230166406,0.9753855358168517,0.9433718940682516,0.965305918214924,0.9747063363422137,0.9112446674143928,0.9762262925984151,0.9424837518356481,0.8998328740391308,0.9833492673430887,0.8014029558479241,0.9220943680125893,0.9617015294405553,0.9829392900173883,0.8487121404429608,0.9763491823117392,0.9386420076357269,0.9363880304285925,0.9088098779355613,0.9061450951233825,0.9386420076357269,0.8322305905811841,0.8984612896984403,0.9475713121165523,0.9795036960805319,0.9299834289466349,0.9125218563204563,0.998234552332913,0.9048113045350052,0.9497673578995789,0.8674566432772475,0.9564943253467841,0.9433718940682516,0.861222266702258,0.9129874603663681,0.9903766507571461,0.948467140918744,0.907127699648002,0.9288327934067979,0.7979134439529866,0.9433718940682516
p169_L,0.8008564419966566,0.9725096342470558,0.8627763408565619,0.986745253931691,0.9888877218166616,0.9522137875062906,0.8154854397196967,0.7760222810922395,0.9096814050133903,0.9495505106234361,0.9237321696604077,0.9629124330159161,0.9852901633058906,0.9017126880527935,0.9866968667809444,0.6925626451317197,0.9294643302252341,0.913110561140599,0.9470055188469617,0.9495505106234363,0.8859699871586744,0.9218915803605507,0.9183006535947711,0.9377253379624282,0.9641700044827177,0.913110561140599,0.9294643302252343,0.9641813269710358,0.9495505106234361,0.804770508184387,0.904883003315406,0.9989330715481036,0.975500298406281,0.8970640020677767,0.9888877218166616,0.9470055188469617,0.9377253379624282,0.9275156757582279,0.9522137875062906,0.9114262935403588,0.8724042835510759,0.9148167155454527,0.9071885561788844,0.9915753345612035,0.9230789959087817,0.8065302670697434,0.9399319300513143,0.8737979857661253,0.9114262935403588,0.9506880141013583,0.9422080421889416,0.8587613865748263,0.913110561140599,0.3239353865603286,0.975500298406281,0.9097625798212232,0.9097625798212232,0.21151139151266984,0.7375635703669876,0.9677078677803637,0.9452410536397868,0.8811566338086382,0.913110561140599,0.8724042835510759,0.944562380594602,0.8480964700748992,0.9400741852851489,0.7039686689330801,0.7309305629938816,0.9254223119773606,0.9001496633415413,0.9114262935403588,0.9888877218166614,0.8748383714675436,0.21151139151266984,0.8560058896255174,0.9218915803605507,0.9696315366465988,0.8230064437779532,0.9522137875062904,0.9696315366465988,0.9590434494932021,0.47448513931560654,0.9131105611405992,0.21151139151266984,0.8955399645501798,0.898255293374005,0.8215465550615184,0.8655068173538918,0.23774878152121848,0.21151139151266984,0.8627763408565623,0.7858515963541477,0.9579578176730305,0.47448513931560654,0.5692304580817087,0.9179598391609205,0.8859699871586744,0.8419141739819651,0.8871867099705903,0.9097625798212232,0.9399319300513138,0.935580996038617,0.8453437407159925,0.6343387978193773,0.9470055188469617,0.8822836759018076,0.9039195430268583,0.9200817943852444,0.8542560104774406,0.8967451614217743,0.9148167155454525,0.8710014135282242,0.9512709708775549,0.9399319300513143,0.8396036498150905,0.886779369914421,0.9470055188469617,0.9522137875062906,0.8706984815892005,0.9915753345612035,0.911256959301092,0.9200817943852444,0.9048830033154058,0.9225442716453334,0.8045345150711578,0.9377253379624282,0.638242563167339,0.9334927596276981,0.9966447233584261,0.8653384016821968,0.939931930051314,0.9400741852851489,0.9071885561788845,0.9294643302252343,0.8773273917878177,0.956391353746548,0.9422080421889418,0.9422080421889416,0.26185060030019536,0.7984460113483245,0.9495505106234359,0.8245129483088542,0.8373021566360079,0.91458555520301,0.9199796380611351,0.9231164764775379,0.9213564111708461,0.9114262935403588,0.8310982734142556,0.9168592415074232,0.9774350345371767,0.8425073736236923,0.8770085425434333,0.9422080421889418,0.911426293540359,0.8967512389337569,0.9597350242898657,0.9286057740842968,0.69256264513172,0.7587132130546896,0.9464536062171709,0.9165462137008822,0.7665243135595915,0.8696318695590659,0.8940275945888627,0.9264261500368136,0.8724042835510759,0.9838698730483884,0.9018323002478255,0.9017126880527935,0.9334927596276981,0.9097625798212232,0.6407384465449506,0.8396720495620453,0.8726010161370013,0.9470055188469617,0.7137920962363048,0.8986003425351381,0.6602598661492769,0.8880833554050744,0.9162667259410231,0.9894121426990234,0.9852901633058908,0.6699327021400974,0.8647161984978466,0.8706984815892005,0.9063742447456442,0.3239353865603287,0.9032901911357234,0.9818737559710531,0.9096814050133908,0.7979857849734993,0.8709172536466476,0.9903709845654335,0.21151139151266984,0.9377253379624282,0.9314553797224698,0.6311161865430601,0.8394630895793056,0.9506880141013583,0.9629124330159167,0.21151139151266984,0.8333134885197042,0.8479953711128712,0.9495505106234361,0.21151139151266984,0.7808497980562923,0.8925262950745889,0.8844608451681761,0.675862578596619,0.8794294801784419,0.9334927596276981,0.21151139151266984,0.6535771181060548,0.21151139151267007,0.8310109311948122,0.868084336487797,0.8394630895793056,0.21151139151266984,0.7150657314254307,0.21151139151266984,0.7917856649999531,0.8822836759018073,0.9641813269710355,0.8426242563237654,0.939931930051314,0.8470327511406739,0.26185060030019447,0.9183006535947711,0.921891580360551,0.9130470727423967,0.8045345150711576,0.9329290708210041,0.9422080421889416,0.5747118774651481,0.8905408702359405,0.9708590380088877,0.8696318695590659,0.9272324378358678,0.8925262950745887,0.9786165548472288,0.8829583596177215,0.9314553797224701,0.21151139151266984,0.9708590380088877,0.21151139151266984,0.7315418548986166,0.8925262950745887,0.9400741852851487,0.9741545378835921,0.8699018384814311,0.9377253379624282,0.9253852640835396,0.920081794385244,0.9231164764775379,0.9844690963672101,0.8496029817787232,0.9399319300513143,0.8638962238722949,0.837302156636007,0.9246724996449087,0.23774878152121837,0.9445623805946022,0.8779967882982906,0.9522137875062906,0.8604028387223068,0.8604028387223073,0.41684154449709154,0.8624569788734153,0.9221114429468344,0.9422080421889418,0.9807512313606381,0.9499103329879718,0.8328000260887206,0.9470055188469617,0.8542560104774406,0.9253852640835396,0.9165462137008822,0.8751970566277456,0.9470055188469617,0.886635638893321,0.8574316211727648,0.9331052725841537,0.8710156683413519,0.9388933740579657,0.9399319300513138,0.8970640020677765,0.8247157418510882,0.9314553797224701,0.9399319300513143,0.9464536062171709,0.7905401273174396,0.9470055188469617,0.8365615132171589,0.6565290303034956,0.8546597599343508,0.8757834749046436,0.9892083965651993,0.935580996038617,0.9672582712673323,0.9314553797224698,0.9422080421889418,0.8183613504774256,0.932006830882798,0.946453606217171,0.9114262935403588,0.9291044607799492,0.8144923918281347,0.8851672469450576,0.8814621993288603,0.793621704068069,0.7824926625153525,0.7763509738694081,0.8653384016821966,0.9495505106234363,0.909681405013391,0.9495505106234363,0.8970640020677769,0.961938580597147,0.8851672469450578,0.9967391619170713,0.21151139151266984,0.9422080421889416,0.9394399552106527,0.9131105611405987,0.9470055188469617,0.9331052725841533,0.9629124330159166,0.21151139151266984,0.9035653652248619,0.9470055188469617,0.9522137875062904,0.9533382524210396,0.8701003883997359,0.9165462137008822,0.9422080421889418,0.9082358204851604,0.8305152326565903,0.9917417854198087,0.9275156757582281,0.7983447668609218,0.9967391619170716,0.9953407916725414,0.7612950419868563,0.9725096342470556,0.9199796380611351,0.9522137875062906,0.8400184679621203,0.8970640020677767,0.9014072881109934,0.9294643302252341,0.23774878152121848,0.916236662025404,0.9112569593010917,0.8015729060125196,0.8726254519867664,0.7701296598146821,0.21151139151266984,0.914804496369449,0.9310028073541701,0.9348849767198617,0.9310028073541701,0.9495505106234363,0.8773273917878177,0.21151139151266984,0.21151139151266984,0.9114262935403588,0.9413503191453483,0.8467627026932139,0.21151139151267007,0.9836543654419933,0.935580996038617,0.9388933740579654,0.8696318695590659,0.916761018714201,0.935580996038617,0.94095012846993,0.921891580360551,0.7872544459254589,0.9421215652709098,0.21151139151266984,0.8492956954242203,0.8940275945888627,0.8996873417557252,0.9596464942959493,0.9409501284699298,0.9015827210573536,0.9399319300513143,0.8333011459710065,0.21151139151266984,0.8349333580851881,0.9952831447476325,0.8721997866493552,0.8557935106537966,0.9377253379624282,0.8096778557177704,0.9275156757582277,0.21151139151266984,0.9284021172811183,0.7395431143877951,0.21151139151266984,0.9786100658041363,0.8316647136877666,0.8483722207901456,0.7657376387499226,0.8183613504774259,0.21151139151266984,0.7766737492542952,0.892898924450718,0.8719390991735314,0.6900722178105403,0.7678512841145848,0.9472238480293105,0.8837215992432159,0.9284021172811181,0.9399319300513143,0.932006830882798,0.8844608451681761,0.9183006535947713,0.8632253863236763,0.9204267760329921,0.8359725460677727,0.38941176470588756,0.9422080421889416,0.9131105611405987,0.21151139151266984,0.9254223119773606,0.8751970566277456,0.8325766144955162,0.9237321696604077,0.9081181966045122,0.2618506003001957,0.7952673995850845,0.9926931063209248,0.2618506003001957,0.9237321696604079,0.935580996038617,0.9805867004734364,0.87406552536313,0.9730192332773056,0.9892083965651993,0.8297395304068909,0.9836543654419934,0.972509634247056,0.9951633986928108,0.8628502452440903,0.921891580360551,0.9495505106234361,0.7921320258654092,0.9291044607799492,0.5218419464298666,0.33329882700240854,0.9218915803605507,0.8766017896141824,0.9399319300513143,0.8970640020677765,0.9031200523835079,0.9255097068979281,0.9165462137008822,0.8724042835510759,0.9696315366465988,0.9430450953185583,0.7429022891530102,0.8945059027968274,0.9113565538271904,0.9294643302252343,0.7875548195067026,0.8905408702359405,0.9017126880527935,0.9165462137008822,0.0,0.7686710742353546,0.9237321696604079,0.9115351767342714,0.9165462137008822,0.961938580597147,0.756790619165242,0.939931930051314,0.8283175748678027,0.8493417193842447,0.9664656501581601,0.9645515900483717,0.8616362273895216,0.8668868822373764,0.8627763408565621,0.9942714459947758,0.9656649406467914,0.9294643302252343,0.9294643302252341,0.9989330715481036,0.9470055188469617,0.904883003315406,0.8260169386038558,0.8895546908938257,0.9334927596276981,0.9334927596276981,0.8237889715586781,0.9878359798431867,0.28410007582284613,0.8638962238722947,0.21151139151266984,0.944562380594602,0.21151139151266984,0.21151139151266984,0.8403638899082271,0.3894117647058881,0.8970640020677769,0.21151139151266984,0.8242972265359421,0.8424355153576597,0.4480569924611073,0.8632253863236763,0.9047213896626456,0.8924967619895647,0.8780124908814333,0.6206928856140537,0.8696220487395165,0.9285304562976123,0.9413707562534938,0.5661082321204177,0.9980715070378493,0.7784254891184008,0.7039686689330804,0.904883003315406,0.975500298406281,0.9818737559710533,0.8184014363586081,0.9445623805946022,0.8682526269766768,0.9399319300513143,0.8737979857661253,0.966854861926912,0.9598692082125242,0.9183006535947711,0.8819707287307348,0.9032901911357234,0.9130470727423969,0.9615686274509803,0.7748379498023517,0.939931930051314,0.3137326330113126,0.9377253379624284,0.8910355038772135,0.8439253499767938,0.9180565065029511,0.5280619814444671,0.8439253499767938,0.6773178727988094,0.8573807606623964,0.8600594271401631,0.9334927596276981,0.8310850899399085,0.9064920176718161,0.9522137875062904,0.823133074306418,0.9034398993284067,0.8720455479999369,0.7737944873075853,0.921891580360551,0.8822836759018073,0.9620484099677817,0.21151139151266984,0.9422080421889416,0.9291044607799495,0.9355809960386168,0.8752107045314199,0.921891580360551,0.9172894915317805,0.9451809453601021,0.7858515963541477,0.9615686274509805,0.8215465550615189,0.9495505106234363,0.8300238972266918,0.9385697293810191,0.8567252320690568,0.21143222405161355,0.9275156757582279,0.7552957205463096,0.8925262950745889,0.9165462137008822,0.8133377622674021,0.9031102770411921,0.8687854723525469,0.8782341305473458,0.9236106541660869,0.7614494757370242,0.8239952590260256,0.9430450953185583,0.9495505106234363,0.9917417854198087,0.9523391253205786,0.8439204822417881,0.9080208724124175,0.6640466196950121,0.23774878152121848,0.7873391962137413,0.7983447668609216,0.9522137875062904,0.87406552536313,0.9967391619170713,0.8955399645501798,0.999258193162122,0.9148167155454521,0.9999058090993416,0.904883003315406,0.9200817943852444,0.6410550313270738,0.9237321696604077,0.9334927596276981,0.9422080421889416,0.9522137875062904,0.21151139151266984,0.9687941395742314,0.8552976248635573,0.8710014135282242,0.8986003425351381,0.21151139151267007,0.9800376341002324,0.8009294265428095,0.9130470727423969,0.5033963358644566,0.8780124908814328,0.8920802319381611,0.8492956954242201,0.8658710140700601,0.9473606184418113,0.9452410536397868,0.7424755425073731,0.8905408702359405,0.944562380594602,0.8766017896141824,0.9097625798212232,0.9464536062171709,0.961938580597147,0.9522137875062906,0.934912116046293,0.9314553797224701,0.9522137875062906,0.9256059689675478,0.9894121426990234,0.935580996038617,0.6893945734654172,0.8533158492412367,0.9470055188469619,0.935580996038617,0.966854861926912,0.7904628268029483,0.8875470731379231,0.23774878152121848,0.940074185285149,0.28410007582284547,0.23774878152121848,0.23774878152121848,0.5290948978805883,0.21151139151266984,0.9294643302252341,0.5332547749506689,0.21151139151266984,0.9165462137008822,0.6434659213794474,0.9892083965651993,0.9399319300513143,0.9445623805946022,0.9377253379624282,0.23774878152121848,0.7643582213351086,0.8706984815892005,0.9183006535947711,0.871160638318051,0.21151139151266984,0.8822836759018073,0.9967391619170713,0.9165462137008822,0.898888144494703,0.8837215992432157,0.9470055188469617,0.9523391253205786,0.964170004482718,0.9966447233584261,0.7272125248349688,0.9578055524052942,0.5521754207449423,0.973595133194763,0.904883003315406,0.7452939955760497,0.9237321696604079,0.9470055188469617,0.9518647719377948,0.9399319300513143,0.9147537619655592,0.8727002842503788,0.21151139151266984,0.9888877218166616,0.8784875920032751,0.9495505106234361,0.8183237056412402,0.9294643302252341,0.9696315366465988,0.9188470353730347,0.2618506003001957,0.7604959038443162,0.8870714187256687,0.21151139151266984,0.21151139151266984,0.42196929199626965,0.7376232163734013,0.9708590380088877,0.8462543035341334,0.8528224833278102,0.7657376387499228,0.893839277621234,0.8151588998408283,0.9148167155454525,0.902371501903557,0.21151139151266984,0.9666265784581534,0.9422080421889416,0.9522137875062906,0.7858515963541479,0.9470055188469617,0.8811566338086381,0.21151139151266984,0.21151139151266984,0.8733702553085558,0.935580996038617,0.8379107984436649,0.9668548619269117,0.8186510304280263,0.9031200523835079,0.7387000068598002,0.9952673588808036,0.8619387659755595,0.8602481607023704,0.21151139151267007,0.8925262950745887,0.8154313028937348,0.9377253379624282,0.9892083965651993,0.5748949995212993,0.7798939815925165,0.5796411465402954,0.8955399645501796,0.9926931063209248,0.94851103851778,0.21151139151266984,0.8511784633897348,0.8955399645501798,0.9338358212159399,0.918751210601541,0.9072460914255556,0.925605968967548,0.9113565538271904,0.8146279006262445,0.9942714459947757,0.8333134885197042,0.9024168610093493,0.978616554847229,0.9495505106234363,0.9760740600631372,0.4295087700031289,0.8325766144955162,0.9422080421889416,0.23774878152121848,0.8696847088727699,0.9495873612601233,0.8925262950745887,0.9529593969520149,0.9522137875062904,0.9272324378358678,0.9071885561788848,0.9522137875062904,0.8766017896141827,0.5208455105092865,0.8983273721288978,0.935580996038617,0.9495505106234363,0.921891580360551,0.921891580360551,0.8111252182639923,0.9275156757582281,0.9629124330159167,0.9707630758620764,0.6596425857835824,0.9523391253205786,0.7520384639079736,0.46612886497799566,0.8237889715586779,0.8145345448376928,0.21151139151266984,0.8627763408565623,0.935580996038617,0.7394107432791492,0.9495505106234361,0.9148167155454525,0.9984593147144779,0.8425073736236925,0.21151139151266984,0.8319452892405708,0.8000118450787026,0.9590434494932021,0.823133074306418,0.803858647234118,0.8093116520261686,0.9422080421889416,0.7788072202557935,0.6815842559320484,0.8000118450787026,0.8357100362200893,0.9183006535947713,0.7599752350184487,0.9522137875062904,0.9615686274509803,0.935580996038617,0.901511249612075,0.9672582712673323,0.8439204822417876,0.5264356372193506,0.7598023745630527,0.9044988266272496,0.23774878152121848,0.8483722207901454,0.8239952590260258,0.6505514505877937,0.8310850899399083,0.846791297536104,0.21151139151266984,0.9932854202913117,0.8266608704208858,0.9760740600631372,0.21151139151266984,0.8211875909760833,0.9275156757582277,0.9470055188469617,0.3028758169934672,0.23774878152121848,0.9245925731880559,0.9952831447476328,0.8999138703842933,0.9894121426990234,0.9492333450312933,0.9951633986928105,0.8093116520261692,0.21151139151266984,0.8956696942089948,0.21151139151266984,0.9470055188469617,0.8125698569594539,0.9096085494164841,0.9522137875062906,0.9774411992633256,0.772237535370428,0.9432836274759386,0.9017126880527935,0.21151139151266984,0.9979086030277415,0.9373707829854836,0.8354183921529796,0.9430450953185583,0.552175420744943,0.940074185285149,0.48452352463415604,0.9032901911357234,0.5447425463537512,0.9231164764775375,0.8316647136877666,0.5447425463537512,0.9760740600631372,0.9422080421889418,0.8546597599343508,0.5447425463537512,0.9522137875062906,0.9541968529441154,0.9926931063209248,0.8829583596177213,0.9334927596276981,0.9409501284699298,0.9165462137008822,0.8920802319381604,0.8925262950745889,0.9518954248366013,0.9253852640835394,0.9114262935403588,0.9334927596276981,0.921891580360551,0.7506937335574492,0.9017126880527935,0.8751970566277456,0.8364863478408804,0.505735400507137,0.8837215992432161,0.9114262935403588,0.9377253379624282,0.9399319300513143,0.8751970566277458,0.8951849796577995,0.9473606184418109,0.9473606184418113,0.9047408499968013,0.9400741852851482,0.944562380594602,0.677250355335445,0.9064920176718165,0.856725232069057,0.9664656501581603,0.904883003315406,0.7122678562815774,0.9200817943852442,0.9032901911357232,0.935580996038617,0.8890719130048328,0.8726010161370015,0.9575684533387443,0.9356837142274776,0.7698139758955196,0.9445623805946022,0.9687941395742314,0.6973480503431575,0.913110561140599,0.9294643302252343,0.9774411992633256,0.9338358212159399,0.7105987003471123,0.832896954466253,0.9237321696604077,0.7331043271732361,0.9334927596276981,0.8799720457128384,0.7788072202557936,0.939931930051314,0.9377253379624282,0.8844608451681761,0.9473606184418104,0.9464536062171711,0.8710156683413515,0.8524475004841159,0.7724233048431896,0.9314553797224701,0.9314553797224703,0.9066083076181257,0.9590434494932021,0.8766017896141827,0.946453606217171,0.8976368706054969,0.9165462137008822,0.944562380594602,0.893628126204149,0.9598692082125242,0.9377253379624282,0.9495505106234361,0.8829583596177213,0.9470055188469617,0.8084649596240489,0.944562380594602
p169_P,0.6231454958009228,0.7544398895863536,0.40680285143826167,0.8965717760639883,0.8464043925548683,0.7934274222916355,0.9579442056801446,0.9631214324262259,0.6545965092408998,0.8571539835218493,0.7695137057752006,0.8116870067162374,0.8116870067162374,0.5952096094898691,0.9424925647534876,0.9833689555420717,0.8278834812619691,0.624390081905265,0.908781667535224,0.8180076324411969,0.5843784667403217,0.7109414699141865,0.8338669821684139,0.8830757482853486,0.7498190060982681,0.7539755036479474,0.6950849551494089,0.7568047292975595,0.8180076324411965,0.9913768623626233,0.8131639323358724,0.8681687926290682,0.7385187849733088,0.8829593998730116,0.8464043925548683,0.8053800646385088,0.7604982134870263,0.6866612162651975,0.8646949616010218,0.6389604266569993,0.4484229932458115,0.7813778311244797,0.8646949616010216,0.687277856733987,0.987241712597041,0.3100593550485158,0.7710309431023977,0.6426632810836257,0.6171092475060518,0.6272904044802816,0.8363640334164013,0.2288855507865647,0.7539755036479474,0.7893558267078442,0.794763096653704,0.6529563929210903,0.8466324711316696,0.8175997772209664,0.8726095784628436,0.7581797173419722,0.6626395744347189,0.6897633597683575,0.9981890236091862,0.7803720645833329,0.7603515460846422,0.7136369946306926,0.8773931336695999,0.6052562145858251,0.5660229807448187,0.9432488685007958,0.5683620786790541,0.6171092475060515,0.8175997772209658,0.39042496792485837,0.8175997772209664,0.5159174970495324,0.759533838354209,0.744711702072857,0.5818076076206404,0.793427422291636,0.8088522312849595,0.8229510193270551,0.9302718979120556,0.8464023727791173,0.8175997772209664,0.5484350471756452,0.9732081352256674,0.7228955962244239,0.9078490967830961,0.8116870067162374,0.8175997772209664,0.4543064618029229,0.43475942128307077,0.5875129042268048,0.7979527186781392,0.6761036129923961,0.48891856925692634,0.41428989726763676,0.36591292561912714,0.45033392443291476,0.6744759571667107,0.8017270783122419,0.7215263774365888,0.7698632126734535,0.9792036158563305,0.7709128636729368,0.49113011393154815,0.272176686306159,0.7737143139162701,0.449809594729601,0.42204440169371404,0.9026224400641785,0.5322008239313556,0.6286137864061069,0.7710309431023978,0.4691765711542546,0.9571973490111539,0.8499479257057734,0.7934274222916351,0.517706142818539,0.74240533556643,0.5399206340097034,0.6545256701011759,0.9600037494363556,0.9130060600412729,0.6548216797810928,0.7307960436347241,0.6400214472884161,0.9364115981367808,0.6956918530898957,0.5430919783599286,0.7710309431023971,0.8137836152442673,0.8646949616010213,0.7216446603719211,0.6550841268836971,0.5953767242487369,0.7819788560316009,0.7819788560316008,0.8059182346808622,0.4158105172989317,0.7819144786593126,0.6626629936749304,0.4260142034366272,0.6307662584146907,0.6789712776721686,0.7587242817849116,0.4329029191583702,0.771057736267412,0.31813499328201866,0.8541007862230802,0.6626395744347182,0.7276239088243553,0.7977722512474421,0.941002652094933,0.7710577362674127,0.731237106826575,0.7145739744970115,0.7460020793028754,0.6622512054669083,0.9925950057737478,0.9245116191516206,0.7540600954210073,0.30226094811878346,0.5182535882324192,0.5608512995015272,0.6815333161587687,0.5646051682139436,0.8466487030167306,0.5636746198005662,0.7760269094343412,0.7124992468950191,0.8951327579208925,0.9981730887514032,0.9217062428757548,0.6558850711062774,0.8398472656040804,0.735916186383506,0.7773374631356231,0.7619304454830494,0.8832835521140332,0.7865507689897424,0.8681520353772896,0.8116870067162374,0.5903051425483314,0.53698339455244,0.5451073214534625,0.6971650556321334,0.7893558267078442,0.9889336557445273,0.8331621126794349,0.8086089323768617,0.25376889284794857,0.3317932485477424,0.7148282179284595,0.8175997772209664,0.8236714085807446,0.8671552293362643,0.6426632810836252,0.4357714509926063,0.706463088421386,0.8116870067162374,0.8175997772209664,0.36461994927090957,0.4556530428752872,0.8571539835218496,0.8175997772209664,0.6083539351744769,0.733199206144167,0.6845404205415395,0.5821164813482003,0.5132958360602127,0.7124992468950191,0.8175997772209664,0.49633868371401835,0.8175997772209664,0.7008290867218439,0.4297485146910939,0.3968469721011001,0.8175997772209664,0.7788123885266536,0.8175997772209664,0.5938346561455019,0.9298713688261908,0.5798052987015524,0.3343107153651754,0.7403348078925525,0.20307506375399198,0.805918234680862,0.7403465248516533,0.8031348456855891,0.7284929181383004,0.6137343732185783,0.7875821424408639,0.7819788560316006,0.6719119677097578,0.7020307983844449,0.7551855685475916,0.6982472963130519,0.9394896479426567,0.6956918530898957,0.8002806456228626,0.4481727054167992,0.8604059906780077,0.8175997772209664,0.6675796500643079,0.8175997772209664,0.9200109288519396,0.74169785109604,0.8363640334164018,0.7398397929480112,0.19071761252671626,0.8236714085807446,0.6914707284248625,0.654525670101175,0.4923678274983819,0.9183257279892616,0.501648551053909,0.8299192991696218,0.46912500413153935,0.7852708758942271,0.45385244719875106,0.8116870067162374,0.8760817786212669,0.4469415974071178,0.8646949616010218,0.6988178901341757,0.7505115786825751,0.8716634679277209,0.9362705400670084,0.5468440962135301,0.8363640334164018,0.45603389553482465,0.4834136259675601,0.5735372647457068,0.7709128636729368,0.3984956966894482,0.9327650678628516,0.7770237367230229,0.8479717682644007,0.7709128636729368,0.994309225195011,0.4709647294702517,0.9917121576354273,0.5083341149519589,0.6554820428046928,0.7403348078925522,0.7875821424408641,0.3446202303938968,0.7036919613448266,0.7403348078925528,0.9552077543614652,0.10697058147407512,0.7709128636729369,0.6371985814107015,0.4789269782294463,0.37171609825604646,0.8236972169899228,0.9432488685007958,0.7215263774365888,0.7919186807136336,0.7036919613448273,0.8455883744569337,0.3271842337360802,0.6842206653645473,0.8324232135220864,0.6608116058079472,0.6999427316974836,0.3023542995576318,0.7105745097025071,0.584668806854096,0.8084040215726783,0.6052322596454773,0.630041055611241,0.5188950363742182,0.8541007862230803,0.7059339836195542,0.8901939400049642,0.8263419609921728,0.7331992061441666,0.5393149075018653,0.8299192991696218,0.8175997772209664,0.8363640334164002,0.9758929849606888,0.6243900819052655,0.7709128636729368,0.8430302626854405,0.8524444664211202,0.8175997772209664,0.9642290120917262,0.8499479257057734,0.9073866276607498,0.7802627829359114,0.5657011077211138,0.6392418889109275,0.8681687926290682,0.4145026031179806,0.1390582091662027,0.9642290120917261,0.7947630966537049,0.19385239307005553,0.8299192991696218,0.7085402163921226,0.1439144269547471,0.7893558267078438,0.6789712776721681,0.8314138240813402,0.20770615251175162,0.59378304968432,0.21517117915471218,0.6950849551494085,0.8116870067162374,0.9752407692353402,0.6469598840347578,0.31960948458890237,0.3239010323501825,0.006305245115827973,0.8175997772209664,0.47512519375401663,0.7233875199237481,0.6400910949752718,0.8550360715548485,0.8571539835218496,0.45774360240182244,0.8175997772209664,0.8175997772209664,0.7492065571164643,0.6717090007004514,0.4337939001263429,0.8175997772209664,0.890193940004964,0.7215263774365888,0.8162085316442234,0.43643826637758754,0.36895118684600603,0.7503309927704915,0.6226376608883804,0.8324223910142425,0.0803331084890414,0.19902807166220216,0.8175997772209664,0.3934524770636346,0.5798052987015524,0.21033813695302017,0.2941292653343184,0.7650861033324377,0.7983021103994171,0.7403348078925525,0.2801363635752041,0.8175997772209664,0.11248201040077577,0.9796097473034286,0.9064420723861133,0.5822371906617331,0.8236714085807446,0.20301545156138912,0.7125900006192526,0.8175997772209664,0.6269617859286949,0.36090251350235636,0.8175997772209664,0.7668690143513746,0.7472513965967587,0.3839734700655143,0.025123413302715503,0.30226094811878323,0.8175997772209664,0.8502755014012496,0.6324855973037768,0.9586606416996007,0.8463084318738248,0.6047879936539033,0.7017810438519669,0.6707616557508174,0.4954802990528109,0.7403348078925531,0.7501345608489141,0.5922855648789711,0.7637266391808437,0.4848115528438868,0.7864555474143372,0.3052451209883028,0.7920511885645445,0.7501740968189339,0.6687925400800356,0.8175997772209664,0.9878167295680607,0.6121167880626045,0.7808936453662061,0.8584562386896466,0.9420869669601089,0.8059182346808624,0.9151785459541693,0.9684134024531409,0.8059182346808622,0.8439197168822312,0.8079402234382973,0.9318526665830541,0.4407758689987826,0.6780163238366002,0.8499479257057734,0.4483532296006483,0.8571539835218498,0.8907345564202453,0.9040073251559839,0.6714344175743137,0.8567185752342541,0.8180076324411965,0.6364547743489697,0.7568047292975597,0.9598156770329147,0.7588064219236696,0.7838300225742209,0.551455645704734,0.9552077543614653,0.8263419609921727,0.9961389609527207,0.8983288918365503,0.8688783019310868,0.7880941426778914,0.7840502275826164,0.7306794529803191,0.7112002953147947,0.47986769073731494,0.5650518046607924,0.934122302152017,0.8107899442136111,0.5897752877710211,0.7217028129421283,0.7637034372366571,0.7686710742353546,0.0,0.7840502275826164,0.6310345506793731,0.7637034372366571,0.7792052041503109,0.7737722875880211,0.7403348078925527,0.8934289160308708,0.45704221573022663,0.7783858154600476,0.6885094212766354,0.8499479257057734,0.7843283487209846,0.7381321619978274,0.892557609827948,0.9778392819020851,0.7482043655944329,0.6950849551494089,0.8681687926290684,0.8499479257057734,0.6094447121752549,0.13302295356207616,0.5225616133343316,0.7124992468950191,0.7124992468950191,0.3782275993440445,0.8421443207591821,0.8002806456228628,0.3541628689451075,0.8175997772209664,0.7934030620204684,0.8175997772209664,0.8175997772209664,0.3617804341611206,0.768671074235354,0.6131629589599744,0.8175997772209664,0.31564485176779855,0.41731796953754197,0.7144455296170313,0.8270339783760576,0.4234020899661388,0.4728112540416406,0.7978037640534591,0.6675796500643076,0.4251284728504363,0.794763096653704,0.9151775596979607,0.8430302626854405,0.7042249559000475,0.4005329475638486,0.4827239923550417,0.5888235923363669,0.8206918810077592,0.8604059906780077,0.6726205312406255,0.7934030620204683,0.495480299052811,0.7403348078925532,0.6718099147865861,0.7788386614655773,0.9845205139317708,0.7169664105224633,0.49606638213779775,0.6429874383803884,0.6626395744347193,0.7686710742353542,0.7521035603145996,0.8299192991696218,0.7788386614655782,0.7902003833393284,0.8259405926991592,0.5001736823708633,0.4102239569481311,0.8363640334164018,0.5984555288784241,0.8002806456228635,0.8131990856634546,0.39505804387725696,0.8244554225159,0.22269468574839446,0.6166849170545855,0.869400225871045,0.08550662725859937,0.46162804464988016,0.6675796500643076,0.13439426818334377,0.6866452856941754,0.6842356342385654,0.7727364649468071,0.8175997772209664,0.7501740968189339,0.8136667268976359,0.8175997772209658,0.46055472718728874,0.7788386614655771,0.8059182346808622,0.700308111949911,0.2545141114995405,0.9273874394851741,0.3109724331268988,0.818007632441197,0.2652189854275181,0.8088522312849595,0.5486776865967606,0.8059182346808624,0.8940914910976366,0.6155232486193758,0.704190498041769,0.7081328128169754,0.613348128803963,0.5844015998094938,0.17490020660184902,0.537064065790601,0.8651017795434813,0.4451447250621394,0.28066996208242945,0.7513005728192077,0.8901939400049641,0.7974656740968142,0.8236714085807448,0.40363434180270885,0.7354896243452609,0.6312505982586663,0.8116870067162374,0.24213230563803734,0.14139039102654338,0.90738662766075,0.6546904108181206,0.9220077047991557,0.6825729953415467,0.7503912915017803,0.7671939848593184,0.73085862423239,0.6094447121752552,0.7737143139162701,0.9808331950441983,0.6951076946681695,0.8116870067162374,0.7819788560316003,0.9073866276607501,0.8175997772209664,0.7279201256677772,0.3464028203264148,0.45716858651637216,0.5616645988836428,0.8175997772209664,0.6262561298688549,0.22865248553723172,0.6800357889326323,0.9166625871689299,0.47266642632198363,0.5176446089558056,0.6481599100562314,0.9859455857881398,0.6664234922138138,0.9546437066111796,0.47710503530353554,0.5425623601813854,0.760351546084642,0.4665681778535429,0.8251129068860497,0.9859038895713099,0.6666831449874984,0.8314138240813397,0.7822495582935953,0.7309358393434001,0.8314138240813402,0.6784058423020523,0.8035933426404298,0.7503309927704913,0.8440770964784479,0.3963246802134207,0.8499479257057736,0.8175997772209662,0.8274310299056002,0.19308734471663558,0.3147225909274318,0.8116870067162374,0.9728074113075993,0.8002806456228626,0.8116870067162374,0.8116870067162374,0.7085402163921224,0.8175997772209664,0.8002806456228626,0.7017810438519673,0.8175997772209664,0.639241888910927,0.7943646406594418,0.8499479257057734,0.7403348078925531,0.8760817786212671,0.8236714085807446,0.8116870067162374,0.22971439529529125,0.517706142818539,0.7686710742353544,0.44213555379863934,0.8175997772209664,0.4911301139315484,0.8938154839417759,0.7310964541189915,0.3455622379389096,0.5327457118646486,0.7709128636729368,0.8496047230439324,0.7737143139162701,0.9667419694216661,0.9165823440931798,0.8655494541061022,0.8457212653069797,0.786638977502605,0.9393826295974672,0.7084837799921957,0.7695137057752006,0.9878167295680607,0.682662784958895,0.7710309431023977,0.7894020773593794,0.48548619074842003,0.8175997772209664,0.8943540694400055,0.4446184839656473,0.8571539835218496,0.2928146078978232,0.7216446603719207,0.9183257279892616,0.4205364891350598,0.8059182346808624,0.2992287403087974,0.23892961531535573,0.8175997772209664,0.8175997772209664,0.6914707284248625,0.7952500408501302,0.6702981006964003,0.5102923469561287,0.48422635675150816,0.26455008779559763,0.2662787516423356,0.34324282521465,0.6543369388552673,0.3911813373583428,0.8175997772209664,0.642663281083625,0.7501740968189339,0.8646949616010218,0.12576746165416286,0.7709128636729368,0.39364606512398814,0.8175997772209664,0.8175997772209664,0.21294271018852995,0.7503309927704915,0.32840856494913817,0.6866452856941756,0.2706843329690751,0.4650204468126875,0.7398397929480118,0.9463466002520927,0.45732450645367284,0.3153724066881166,0.8175997772209664,0.5354074092975498,0.35763358778626175,0.8496047230439322,0.8499479257057734,0.7306678483728235,0.9876337195199971,0.9965691586926797,0.5484350471756452,0.8236714085807446,0.5162644035622862,0.8175997772209664,0.39042496792485837,0.7975483794837479,0.6553145141428838,0.5621879433864884,0.5850035294235524,0.7893558267078444,0.6586086663305197,0.2933937313951286,0.8430302626854402,0.96813234928502,0.5054236063775079,0.8002806456228626,0.7819144786593126,0.7819752462569518,0.7539755036479481,0.41632406690723744,0.8363640334164013,0.8116870067162374,0.715241016075645,0.7875349366927926,0.7604515276231757,0.7768072248502946,0.8646949616010216,0.8729735867859887,0.8646949616010216,0.8646949616010216,0.5854106328452098,0.7717101843375072,0.6269617859286947,0.8175997772209662,0.85410078622308,0.7109414699141866,0.7788386614655773,0.33830746534508116,0.7644475693273645,0.8116870067162374,0.7660153724471725,0.6352238957307736,0.8236714085807444,0.44724541264789286,0.7233875199237478,0.6327026096897894,0.5593669948532103,0.8175997772209664,0.4384719250147022,0.9328182385565771,0.36895118684600625,0.8571539835218493,0.87166346792772,0.7637034372366558,0.577862303875621,0.8175997772209664,0.3109724331268988,0.0730129296204366,0.7637034372366565,0.31530007505658464,0.39042496792485837,0.3408958782605538,0.7819788560316003,0.3995453430569529,0.7225711458986823,0.885103276101006,0.3518816285471784,0.6468260675348929,0.4695404619224294,0.7934274222916355,0.7403465248516536,0.7503309927704915,0.9697313833425265,0.9885792930721634,0.4212278782199581,0.6675796500643076,0.06200936544385072,0.8175997772209662,0.8116870067162374,0.4329029191583702,0.2529953828355288,0.7392463865579488,0.21033813695302017,0.13579549624071685,0.8175997772209664,0.2528768096933207,0.26461509187014787,0.6153004205948109,0.8175997772209664,0.43821440060550865,0.9200202754516914,0.7709128636729368,0.7686710742353542,0.8116870067162374,0.46311193636233006,0.7539755036479486,0.8455148756517512,0.997269420851009,0.8690426010936741,0.7637266391808442,0.06254079538465507,0.8175997772209664,0.7610446756208034,0.8175997772209664,0.8499479257057734,0.4999299373656365,0.5846688068540953,0.8646949616010218,0.7561411212304763,0.4764980566336634,0.6586086663305191,0.6554820428046928,0.8175997772209664,0.44921305743152806,0.3827173856501065,0.6105445875346012,0.7950347907252491,0.854219910258853,0.9410026520949328,0.9187615097585791,0.7465192368593663,0.7188967308975089,0.6153163878178838,0.16061667639988442,0.7188967308975089,0.6755728539096344,0.7501740968189342,0.3870074196881972,0.7188967308975089,0.8646949616010218,0.8464023727791172,0.8236714085807446,0.5246293125775526,0.7404882908002394,0.7668690143513746,0.7081328128169754,0.80147030915071,0.5541610858246858,0.7920511885645447,0.691470728424862,0.7492065571164646,0.8116870067162374,0.8274310299056002,0.5752577295127781,0.575118798384928,0.4941892979617061,0.5566602466260782,0.7013092504171183,0.49734603931422594,0.7482163224117381,0.8533735784330467,0.7710309431023975,0.7982457614329026,0.8355624786970706,0.9730935023487233,0.7512430229049811,0.7931447746730922,0.8137836152442673,0.7603515460846422,0.8077355564273845,0.7561411212304778,0.7469292271316799,0.8192003400422487,0.8156559105641374,0.7141963757705723,0.7736423400975413,0.8075685693353907,0.7503309927704909,0.7254355927087479,0.493547359768878,0.7246957023866211,0.6761036129923961,0.9112709050103013,0.9917121576354272,0.8069620517165181,0.8322192645136985,0.7539755036479474,0.8013237760394569,0.8048371055690668,0.9961389609527207,0.7836211171566556,0.9585929021893713,0.6703056909658265,0.7312360245421297,0.7964663786106797,0.9955207411920199,0.9712515636633634,0.7710309431023972,0.7902003833393281,0.6076613741560664,0.7398397929480094,0.9245116191516207,0.9367744356003429,0.5509980290736156,0.9352167665340161,0.7581797173419726,0.7854235953405455,0.44921305743152784,0.9377692258371347,0.48354567142378124,0.9552077543614654,0.49408955520639863,0.6622055302129435,0.7934030620204684,0.6312505982586651,0.9026224400641785,0.8496047230439323,0.8571539835218493,0.8331351872721204,0.8499479257057734,0.9563538688431643,0.7934030620204684
p169_TFMSC,0.8043501679087468,0.9803079821283598,0.8718992107694514,0.9871307482212135,0.9398636845831869,0.9553906988562064,0.8770288568657694,0.8269930266612506,0.8861224347761869,0.952904481298952,0.9288025889967637,0.9928618019927209,0.937914277797153,0.9476888747140071,0.8941586572120019,0.9255404775711311,0.9862951408967355,0.9188871236697296,0.9505286850464205,0.952904481298952,0.9882611788790332,0.9747821421515683,0.8467709954086371,0.9415131363853567,0.9253948970823007,0.9188871236697294,0.9341536654578786,0.9754930410498612,0.952904481298952,0.9765488911727318,0.9516895132161818,0.9915113877198728,0.9323345609629294,0.9039073680321514,0.9964123220916106,0.9818060040046753,0.9418654668890594,0.9323345609629297,0.9553906988562066,0.9602126215445623,0.8808870709207715,0.8136497493371058,0.9553906988562064,0.9948775608727723,0.8572804327866937,0.8193924747722741,0.995812608116145,0.8880390441955599,0.9173148291382112,0.8718992107694514,0.9915113877198729,0.874455389976954,0.9624721270225207,0.9803079821283598,0.6604425241048822,0.999744732490999,0.9157617220296759,0.9398636845831869,0.9908855981082566,0.9360123464869741,0.9570779796295696,0.9471586258290081,0.9503578662718964,0.9561940054212754,0.9482479709168006,0.9672728113765108,0.9460501530640815,0.9032620922382996,0.8245179471183166,0.9141406930557713,0.9067878891240293,0.9173148291382112,0.7773931278746954,0.9792991659547187,0.9398636845831869,0.8655788710295138,0.9747821421515683,0.9288025889967637,0.8345046298953938,0.9553906988562064,0.9738158281847602,0.9426603652680072,0.9127085925971725,0.9188871236697296,0.9398636845831869,0.9024846512059141,0.9775200810036838,0.9372187153886653,0.9051703150845353,0.937914277797153,0.9398636845831869,0.8718992107694514,0.8000885584109012,0.9053276961546702,0.8410403632238284,0.9208637354012907,0.9614954635891835,0.8668377479090335,0.964536558514043,0.9662361292740163,0.9580084947693384,0.995812608116145,0.9398636845831871,0.9797665161459109,0.9845519307319364,0.9505286850464205,0.8901096639134578,0.7520814606995082,0.9342966423167991,0.8751422028663824,0.9104992043254698,0.9204798499326443,0.8847397033843233,0.9629254303665231,0.9439253608596805,0.9166846610215876,0.920179683283657,0.9141406930557712,0.9553906988562064,0.9395433253516376,0.6702021106597676,0.8643222344048871,0.9253948970823007,0.8054126975365709,0.9067728629191052,0.9538235274145124,0.9418654668890594,0.7296622482444453,0.73240057702944,0.7689771223906581,0.980656457821582,0.9439253608596805,0.9460501530640815,0.9553906988562064,0.9341536654578786,0.9728267661071017,0.9394036842017905,0.9460501530640815,0.9915113877198729,0.9894969760647814,0.9402541312719964,0.9529044812989518,0.9922905929801478,0.9045414289970424,0.9275494633940333,0.9295460152552621,0.998298879315296,0.9420693371951752,0.953991793642735,0.8483745442604143,0.952904481298952,0.9570779796295699,0.8561851304477559,0.9475094926481991,0.9915113877198729,0.9173148291382114,0.907418239240952,0.9924040002103831,0.9379530575233637,0.8943418469797417,0.835639113706345,0.995812608116145,0.9671761235857239,0.916111344855303,0.9610828450752141,0.9382829336530907,0.7839924217909471,0.988777790152866,0.9641658853133279,0.9231924198056227,0.9871307482212135,0.937914277797153,0.9157617220296759,0.9288926453862718,0.98635519470422,0.9705897928868902,0.9505286850464205,0.9030676093179744,0.9791844484148312,0.8655788710295138,0.9312485969328885,0.9902227259458327,0.9997447324909989,0.7324005770294401,0.8429869500177809,0.9597879561577307,0.8588531668491859,0.686553369348901,0.9201796832836571,0.9704295576642359,0.9894969760647812,0.9123081850682938,0.9889986664704353,0.9570982237636056,0.97461822833864,0.9398636845831869,0.9418654668890594,0.9894969760647812,0.7895649705783689,0.8053052928137163,0.9340712946921959,0.6774530528338725,0.9398636845831869,0.8722658915735435,0.8355187037786179,0.976238170109926,0.9398636845831869,0.954930065345126,0.8996713357710036,0.8957643484306201,0.9111416502651826,0.9213139766220595,0.937914277797153,0.9398636845831869,0.6627093149243555,0.9398636845831869,0.9990317979177459,0.9117157559872138,0.9581367902334631,0.9398636845831869,0.9443567104765432,0.9398636845831869,0.8464189923301952,0.9721111647053092,0.9010728262563201,0.8530868722164204,0.9439253608596805,0.8099519168626648,0.9360123464869743,0.9844690963672101,0.9270843653068208,0.9404663323227447,0.875808818157821,0.9799998588966439,0.9460501530640815,0.988777790152866,0.9130996693093602,0.918135390977378,0.9932064816839525,0.9364881737530408,0.9898781502828837,0.9862951408967355,0.8943418469797417,0.9360123464869743,0.9398636845831869,0.9485451227422389,0.9398636845831869,0.9550378990030011,0.9364881737530408,0.8666344692877819,0.7111123734663684,0.7856920188609455,0.9418654668890594,0.9195264370114506,0.9253948970823007,0.9044537215424593,0.9774933804060018,0.9469829424304528,0.9439253608596805,0.9045414289970424,0.9327528459630949,0.8732429745797347,0.937914277797153,0.8570938287816197,0.998934790274302,0.9553906988562066,0.9943279333937743,0.9435859321326747,0.9908966831572722,0.9030676093179746,0.9766887467718484,0.7417575508556902,0.8649786609055099,0.8252631222706706,0.8989293071167046,0.9505286850464205,0.8247730001226562,0.898279654991218,0.9220943680125895,0.9496407070933524,0.9505286850464205,0.8585942246391954,0.9528964903998074,0.9868659623160063,0.9119409794917466,0.9082470012068007,0.9439253608596805,0.9039073680321512,0.8601894085453341,0.9360123464869741,0.9439253608596805,0.8752885460677958,0.8347339308492273,0.9505286850464205,0.932374392944552,0.9852678302689666,0.8643222344048873,0.8473118402076038,0.9505286850464205,0.9398636845831871,0.9173148291382112,0.9360123464869743,0.9290729285038275,0.8916469000509908,0.9766413918962569,0.9439253608596805,0.9602126215445626,0.8756665293630569,0.880267095997981,0.9278634802274353,0.8383512933502744,0.9117157559872138,0.9488235271982495,0.9326648739968386,0.9343517838458117,0.976238170109926,0.9197173314687737,0.8345234729276818,0.9819538956711096,0.8996713357710033,0.927863480227435,0.7547644840194465,0.9398636845831869,0.9460501530640812,0.9152152511721428,0.9188871236697298,0.9505286850464205,0.8570938287816194,0.937914277797153,0.9398636845831869,0.934296642316799,0.6434794492601545,0.9700351664034114,0.9996792686582182,0.9406842859542996,0.9220943680125895,0.8666344692877817,0.9435859321326748,0.8478271820431229,0.8875271554498324,0.9323345609629294,0.8117511609963393,0.995812608116145,0.9799998588966443,0.8018164814709106,0.9699358505776486,0.8581298364851783,0.9553906988562064,0.816280876636511,0.903907368032151,0.8261496131115468,0.9341536654578786,0.9928618019927209,0.859475681330923,0.9543810721294508,0.9338402930623013,0.8092715367061025,0.785411843830415,0.9398636845831869,0.906653479064752,0.7965588877139705,0.9438328971193495,0.8717980029839989,0.8345234729276813,0.9751828268492605,0.9398636845831869,0.9398636845831869,0.7395028316109791,0.8787132883757073,0.9141564165985061,0.9398636845831869,0.9053808215188038,0.9398636845831871,0.9871307482212136,0.8782989718810938,0.8112027997816205,0.9398636845831871,0.9097196291136671,0.9747821421515683,0.8013981440784055,0.772967053035135,0.9398636845831869,0.9181112558741786,0.9010728262563201,0.7792583788113493,0.8487805033020414,0.9496699001876994,0.957562650599975,0.9439253608596805,0.8513716167741181,0.9398636845831869,0.8576163442542954,0.9939428696246877,0.9411404869744744,0.8996924879866715,0.4750275494830224,0.9011896847149374,0.9323345609629297,0.9398636845831869,0.8039508118690938,0.9892649926077318,0.9398636845831869,0.8106284733681065,0.9276434217661014,0.8904541302277538,0.7813118120412559,0.8427180104423658,0.9398636845831869,0.9943558404043904,0.9032620922382995,0.9868659623160062,0.8585942246391954,0.9218223360885691,0.9721111647053092,0.9609479118662456,0.8770114237684188,0.9439253608596805,0.6998565460811921,0.8957643484306201,0.9237321696604077,0.958144790602822,0.9502292520225792,0.874972494330452,0.9844690963672101,0.9460501530640815,0.9624721270225209,0.9398636845831869,0.9141406930557712,0.9842127613506938,0.926631507052307,0.977493380406002,0.9142266602978069,0.9360123464869743,0.9455750294362917,0.9415131363853568,0.9360123464869743,0.9251250367755219,0.9398636845831871,0.9201796832836568,0.8859311733087405,0.9197173314687734,0.7788100711579629,0.9484294396006385,0.8345234729276819,0.9803079821283598,0.8926703623948282,0.9422468469411834,0.9747821421515683,0.9762381701099259,0.9439131925395491,0.9382829336530907,0.9029852527308235,0.9022732162471889,0.9270843653068208,0.9514652625474738,0.9439253608596805,0.9039073680321512,0.9887777901528662,0.9696812161068078,0.9877421208411418,0.8910264359580942,0.7303618711385698,0.9516895132161816,0.9389182709174668,0.9975815161025148,0.8874452201355858,0.9862951408967355,0.8293524200538189,0.9748913115405133,0.9082470012068007,0.9220943680125895,0.9237321696604079,0.7840502275826164,0.0,0.9829227788221151,0.8074150985486039,0.9733050117350786,0.9521812686065974,0.9439253608596805,0.9468315625852826,0.864291769268863,0.8717980029839989,0.7932750817633225,0.9818060040046752,0.9763162875263998,0.9029852527308235,0.9482479709168006,0.9872968515533684,0.9862951408967355,0.9341536654578788,0.9290729285038275,0.9505286850464205,0.9112065483416407,0.8185397776910757,0.8968972890562259,0.937914277797153,0.937914277797153,0.9094416579454958,0.9376663718600011,0.9341536654578788,0.9045414289970424,0.9398636845831869,0.9482479709168006,0.9398636845831869,0.9398636845831869,0.8668953185157886,0.9237321696604079,0.903907368032151,0.9398636845831869,0.9219666015754564,0.9613622386524638,0.9530613123008465,0.9316551647701914,0.8887130191001582,0.9845870276952632,0.95331222816136,0.9152152511721428,0.9326315872380703,0.9832374253294531,0.923122787162741,0.9482479709168006,0.9024846512059141,0.9555113048729802,0.8561851304477559,0.9112065483416407,0.9832374253294529,0.9360123464869743,0.914976053237414,0.9482479709168006,0.8770114237684188,0.9439253608596805,0.9150128085700575,0.8344267504694403,0.9647915833876859,0.9696315366465986,0.9959636059239043,0.9704295576642359,0.9912298756454649,0.846770995408637,0.9438328971193495,0.9439253608596805,0.9747821421515686,0.9998238347481485,0.9347184365906844,0.9279899061857315,0.8875382141796819,0.9915113877198729,0.8843302430070017,0.9341536654578788,0.9215681718532158,0.8693629222495669,0.937914277797153,0.8277746315427194,0.9127085925971725,0.9553906988562064,0.8437213529293758,0.9223685915209612,0.6819061501814716,0.8162556185720584,0.9270843653068206,0.9376663718600011,0.9787543252495641,0.9398636845831869,0.9460501530640815,0.9382829336530905,0.6642958528578481,0.9443567104765433,0.882124527314188,0.9360123464869743,0.9641658853133278,0.8000885584109012,0.9844690963672101,0.8391969927171947,0.976238170109926,0.8530125764245868,0.9251250367755219,0.8262037157488265,0.9360123464869743,0.9323345609629294,0.9141745281494917,0.9898781502828838,0.9671761235857239,0.8471455521939788,0.9458250385003768,0.8003961361144563,0.7788469961337645,0.9439076502388634,0.9264649662909465,0.8628614501567906,0.845895662411112,0.9762381701099261,0.9253948970823007,0.8832024380225649,0.9117157559872138,0.915215251172143,0.9078559629118669,0.937914277797153,0.8804638919843376,0.8374992460005588,0.9700351664034114,0.8811819700386341,0.9439253608596805,0.9024846512059141,0.9754930410498612,0.9908966831572721,0.8849929640167629,0.951689513216182,0.9721643839492675,0.8939577832947228,0.9288025889967635,0.6774530528338718,0.9915113877198728,0.9700351664034114,0.9398636845831869,0.7156301776453851,0.8957780464758429,0.9925088224207315,0.90534156988644,0.9398636845831869,0.9212166103970638,0.9422550297728733,0.9063144363068496,0.9476888747140071,0.8861224347761869,0.9340712946921959,0.876101086707678,0.9376993382402391,0.9142266602978071,0.8721625402909541,0.8758606653600702,0.9633170462283336,0.9482479709168006,0.8848055194072819,0.9157617220296759,0.995812608116145,0.8996713357710033,0.9700351664034113,0.960886350956918,0.9360123464869743,0.9700351664034114,0.9305518148343681,0.9580084947693384,0.9398636845831869,0.942069337195175,0.8929257729948528,0.9141406930557713,0.7773931278746954,0.9270843653068206,0.837395124588127,0.8182535656380532,0.9928618019927209,0.9915113877198729,0.9615633836644074,0.9928618019927209,0.937914277797153,0.6775839322131383,0.9398636845831869,0.8572804327866934,0.8343319933240769,0.9398636845831869,0.9220943680125895,0.9324212251127573,0.9505286850464205,0.9439253608596805,0.792207762014427,0.6499596445713978,0.9928618019927209,0.8317067117586023,0.9933367643532718,0.9237321696604077,0.8277756489445849,0.9398636845831869,0.8901096639134578,0.995812608116145,0.9220943680125895,0.8304274217510876,0.8914519915852104,0.9505286850464205,0.9998238347481487,0.9721643839492675,0.9364881737530408,0.9721643839492675,0.9398636845831869,0.9733050117350786,0.9763438961034469,0.951689513216182,0.8604489406043501,0.9288025889967637,0.9505286850464207,0.9602126215445623,0.995812608116145,0.9589992496040742,0.9288926453862717,0.9398636845831869,0.9964123220916106,0.8901116570681231,0.952904481298952,0.8846276446162573,0.9862951408967355,0.9251250367755219,0.9576738438125774,0.9360123464869743,0.995884318768665,0.7936390317142755,0.9398636845831869,0.9398636845831869,0.9195264370114509,0.9517402478669557,0.9514652625474735,0.9908855981082567,0.842850748498007,0.9465611570777505,0.8618481858107894,0.8217767894513307,0.9204798499326443,0.9993289467108443,0.9398636845831869,0.6910908969611773,0.9460501530640815,0.9553906988562066,0.8000885584109012,0.9505286850464205,0.8713327811009808,0.9398636845831869,0.9398636845831869,0.7824909656270866,0.9964123220916106,0.8697750093883467,0.9270843653068206,0.8843302430070017,0.8808870709207715,0.7111123734663687,0.9786384251155433,0.9672064018670838,0.9022004857227732,0.9398636845831869,0.8996713357710033,0.8935237242869182,0.9415131363853567,0.9141406930557712,0.8023808775583151,0.8829941385164723,0.8941586572120019,0.9024846512059141,0.9418654668890594,0.9681245573504424,0.9398636845831869,0.9291015390756848,0.9024846512059141,0.9460546403839527,0.9343517838458117,0.9233319335497217,0.770911181401682,0.9093422409455717,0.8269517634252845,0.9482479709168006,0.9837490554210246,0.9459764047130568,0.6487145310312654,0.952904481298952,0.9871307482212135,0.9503578662718963,0.8512498542371472,0.9460501530640815,0.937914277797153,0.8817930382709451,0.8730044142720113,0.9733050117350786,0.7815635381492405,0.9553906988562064,0.9530613123008463,0.9700351664034114,0.8208868969226469,0.9181353909773777,0.9438328971193495,0.9089152002046674,0.9398636845831869,0.952904481298952,0.9747821421515683,0.9298223041589359,0.8267206457386704,0.9832374253294529,0.937914277797153,0.7462640960530231,0.9059312353245792,0.9998238347481484,0.968476061123938,0.8717980029839989,0.9157052766042657,0.8866354348525787,0.9398636845831869,0.8718992107694514,0.8904904028915424,0.9570982237636055,0.952904481298952,0.769338015882064,0.9220943680125893,0.9096413031841881,0.9398636845831869,0.8637024233850623,0.8437213529293759,0.9220943680125895,0.8864775309093424,0.8287062853176169,0.8512498542371469,0.9460501530640815,0.9640572870301207,0.9751828268492605,0.9600596534987831,0.8637086519058848,0.9237321696604077,0.866045925483226,0.9553906988562064,0.9844690963672101,0.9398636845831869,0.9442911856940017,0.7824006240173302,0.9344837978641957,0.9152152511721429,0.8003961361144563,0.8904904028915425,0.9928618019927209,0.8514698349351397,0.8356963633835399,0.9408189766409161,0.8762908842740895,0.8058223261637597,0.9398636845831869,0.8615066484717842,0.8655396347943329,0.9082470012068007,0.9398636845831869,0.9646082992863596,0.9149568459375002,0.9505286850464205,0.9696315366465988,0.937914277797153,0.896307743441284,0.9503578662718963,0.9289592084664757,0.8307576415323487,0.8914519915852104,0.9237321696604079,0.8032322633242261,0.9398636845831869,0.8776283584600683,0.9398636845831869,0.9505286850464205,0.954930065345126,0.9526419804737134,0.9553906988562066,0.8410403632238284,0.965040234463928,0.9890514895950073,0.9082470012068007,0.9398636845831869,0.7934418293573555,0.9628307870570441,0.9548801264481794,0.9921724780907231,0.8996713357710036,0.9460501530640815,0.9112065483416405,0.8106284733681065,0.9500867441565978,0.9044537215424595,0.8301865452842281,0.9500867441565978,0.9476888747140071,0.9460501530640817,0.8643222344048873,0.9500867441565978,0.9553906988562066,0.9624721270225212,0.8832024380225646,0.9543810721294508,0.937914277797153,0.9704295576642358,0.9220943680125895,0.9029852527308235,0.8996713357710033,0.9385697293810191,0.9347184365906842,0.9539917936427351,0.7324005770294401,0.9775200810036836,0.9743798833618915,0.9082470012068007,0.8834941755373982,0.9943279333937743,0.8901272710795612,0.8914519915852104,0.9173148291382112,0.9415131363853565,0.9439253608596805,0.9827139728713292,0.8744481603927652,0.9142266602978069,0.9142266602978071,0.915012808570058,0.9460501530640812,0.9482479709168006,0.9786819594155434,0.9127085925971725,0.980197250304073,0.9777237664759431,0.9112065483416407,0.9358967060666548,0.9253948970823007,0.9496699001876996,0.9398636845831869,0.9892041917315849,0.9135199862269272,0.9329723390798932,0.8821881173643273,0.9532580434237836,0.9482479709168006,0.8678151593743706,0.9746761314564314,0.9188871236697294,0.9862951408967353,0.9947922739901722,0.9236102206896849,0.9891756798952003,0.9101188429106382,0.9288025889967637,0.9510363776961274,0.937914277797153,0.8411769936250606,0.9361771952086213,0.995812608116145,0.9998238347481487,0.8957643484306201,0.9142266602978064,0.875288546067796,0.9766413918962569,0.920249383882318,0.9058253998530239,0.9360123464869743,0.9360123464869743,0.97069934097921,0.9426603652680074,0.8848055194072819,0.995812608116145,0.9779073018976213,0.9220943680125895,0.9868659623160062,0.9357354408000718,0.9908966831572723,0.9998238347481485,0.952904481298952,0.9243614595545964,0.9505286850464205,0.9662361292740163,0.9482479709168006
p170_W,0.7050304456044693,0.9637119587337407,0.48955799968523284,0.9480925519923309,0.8517144868263764,0.970911469867437,0.7018879801392044,0.7882014482757038,0.7191980738903951,0.8838707840618653,0.7793527263698505,0.8469075946240918,0.8469075946240917,0.8165462796441286,0.8733927801415055,0.8622902854964027,0.9224918805975915,0.8217053707599433,0.8780124908814335,0.9607483250129107,0.6202529859460069,0.8951705006571329,0.9390675962200334,0.9199154281937728,0.8287611233115326,0.7999899992499382,0.865920353536517,0.7964346518822158,0.922309554537388,0.7651240873875935,0.8908572705728183,0.8669692234537125,0.6698018713909615,0.7630525723966651,0.9130676179019629,0.9881339422948304,0.7321276196027988,0.8883766811321634,0.8900013566415693,0.8659267204691325,0.6043440337057997,0.8039173803940003,0.9481784169066947,0.8827571808729124,0.9360793017497226,0.7366462374160978,0.7459780033283332,0.7273035169968052,0.9711745964301752,0.6841261201765072,0.9975440472022223,0.6126333999029319,0.8236340386243206,0.8287530636873136,0.9436043620667731,0.6118467486887722,0.838119461012192,0.8517144868263774,0.7152352649357808,0.6645374445673151,0.7257368271418032,0.6441673764185791,0.799989999249938,0.6396962066963199,0.8723886533920735,0.7046213525481437,0.9636723648662062,0.6954670946475283,0.7506779487522053,0.9751589072340372,0.8124212907368673,0.5290210280140106,0.9949026854846568,0.548504022712103,0.8517144868263774,0.2507054086061704,0.6105439480043504,0.9642495556649884,0.6738839983276377,0.8900013566415691,0.9906633884214366,0.8252615168294333,0.7847548348670994,0.774417292011178,0.8517144868263774,0.7799523024236332,0.9469207829576383,0.8923247844675415,0.9978328796525182,0.8767155864943418,0.8517144868263774,0.7347168883482376,0.889646320230395,0.8221251182806015,0.8292836784039679,0.7985306117879338,0.8111525077574592,0.2909034205015639,0.5686475527646819,0.5921172231303876,0.975627908586951,0.927111884314273,0.8517144868263767,0.9358174030899133,0.783171632131781,0.7549160044072432,0.9345720053392452,0.6332678361184196,0.8160370169864277,0.5688780630012921,0.9024716018446366,0.8519939337936938,0.6497870582448246,0.9639128730046986,0.7132869920925939,0.525431558116901,0.955312704238404,0.8780124908814334,0.8268132470678917,0.6148162556316363,0.9610373082174731,0.7631530669452237,0.8160370169864276,0.824973543933796,0.8689934495087093,0.9857598712245419,0.7004951694024872,0.8306410309527539,0.936331570234843,0.9523316440084558,0.6285484774647405,0.7132869920925933,0.9975440472022226,0.8900013566415689,0.8376345900059798,0.6759969960297907,0.8838255689978326,0.8959290001941738,0.760442270850108,0.8422177685448579,0.4669253503311007,0.7317415111829089,0.8674814285724052,0.945996197656815,0.7704503179817738,0.7390139764712669,0.7721133019438688,0.5389683171947812,0.7961129991402649,0.6771612562946188,0.9607483250129104,0.725736827141803,0.8839603471981159,0.7089853727715032,0.9975440472022223,0.7961129991402656,0.9686295686169158,0.7961753375569494,0.8152693691754536,0.6980127804133323,0.7030593393665905,0.8113600257998121,0.996453510700978,0.5951591602818133,0.4287699589114875,0.8166204308597431,0.904323758022468,0.7104005526773591,0.7031634644589086,0.633009615226904,0.9449250987515145,0.6761645354519017,0.9527098339911576,0.8329711820735954,0.9768359419836704,0.9424973924614076,0.9147196413525657,0.9577302098740655,0.8083506933760088,0.996042283948798,0.8700190526648246,0.9563171709386166,0.9556178676256695,0.8767155864943421,0.9867768402237961,0.8646295932842698,0.6439981781278429,0.7127172516571754,0.8287530636873135,0.7674978361279063,0.9292609662309441,0.8649948386625976,0.6126104096572254,0.6237201063984448,0.8110942431844057,0.8517144868263774,0.888282977993461,0.8422177685448577,0.7451102906945868,0.5542745244285752,0.751580477738815,0.936331570234843,0.8517144868263774,0.3706959180302589,0.45223817649296916,0.922309554537388,0.8517144868263774,0.8988751796458965,0.7725797041365448,0.7176664311973748,0.6698225594634524,0.7998380283360457,0.8469075946240918,0.8517144868263774,0.9564577520252651,0.8517144868263775,0.6243788126706804,0.58056225133131,0.6510007515428384,0.8517144868263774,0.8009453336986754,0.8517144868263774,0.8480390975471166,0.9906289498587706,0.8166204308597431,0.3344733621293905,0.8617298618427944,0.5426018117604064,0.8422177685448576,0.9141680583790837,0.8202029466900854,0.9110043990113197,0.8690067705921442,0.6796844906320185,0.8959290001941735,0.9714298904079637,0.949161813369125,0.7597052963621902,0.86443158011033,0.9677786049373616,0.7526072663729986,0.8376345900059795,0.7794381385781964,0.9002465670022487,0.8517144868263774,0.8063549160272705,0.8517144868263774,0.8840113017770086,0.9922765195355471,0.9008409057897289,0.9465787190015937,0.5426018117604066,0.8882829779934611,0.7491756278169295,0.6004170706459373,0.8230225238043272,0.9642495556649884,0.609592849743612,0.8617298618427948,0.9009622049493993,0.6552171626086234,0.5593284769909226,0.8767155864943418,0.9779870427101328,0.829986475969585,0.8900013566415693,0.8162954538139675,0.9814549054778247,0.9241087638932337,0.9508233814221154,0.8517149531780608,0.9347125881257451,0.7425208759147652,0.8317661674900589,0.667766058681323,0.7549160044072432,0.5278915542947606,0.8282450251432102,0.9546344910500092,0.7665421137523505,0.7549160044072432,0.8597402597402597,0.6048028392447271,0.8723886533920735,0.47208724309757355,0.8165462796441284,0.8617298618427944,0.4939301783082475,0.47665214459908434,0.6645374445673153,0.6805959808568542,0.7786690145640727,0.4757598060862406,0.8780124908814334,0.7694447315686052,0.6775717525818028,0.25974263507640893,0.8828729175992845,0.9514267918236982,0.8517144868263767,0.8659267204691327,0.8422177685448575,0.9347125881257451,0.5155301707126034,0.8434871489026856,0.9094330595070304,0.7850046728865261,0.9377351047249077,0.6132427681091888,0.7927288740890882,0.7757312945008832,0.6546276310291166,0.9725568386624224,0.8515500804409488,0.8744493853830817,0.9239353635605216,0.7920964562764965,0.9607483250129104,0.9892750111716384,0.7526072663729988,0.8078417951078218,0.8617298618427943,0.8517144868263774,0.8669692234537124,0.9148398629299053,0.7999899992499379,0.7549160044072432,0.8812151048657888,0.9661395621050933,0.8517144868263774,0.7780180004969555,0.8780124908814334,0.9886334735196289,0.6274859490833209,0.6350333724693557,0.8323544954274771,0.8669692234537125,0.5685562763181806,0.5430809150238662,0.9302473689406869,0.8331490001975548,0.8076994354561275,0.8944208730785338,0.8868887806125136,0.6534685464425554,0.8287530636873133,0.777407920377049,0.8268132470678924,0.5658940082673962,0.8043313084686149,0.5098396327696684,0.8229362476275743,0.8767155864943416,0.9551164626916329,0.9437156436612666,0.516606355440409,0.4535079631698301,0.6264703878522653,0.8517144868263774,0.6741792365861,0.9228075882976712,0.8083506933760088,0.9139292278462852,0.8838707840618651,0.5907038975487425,0.8517144868263774,0.8517144868263774,0.7961129991402648,0.7920964562764963,0.986776840223796,0.8517144868263775,0.9991870954884333,0.8517144868263767,0.9694890218435618,0.3416376346717178,0.5050018472331155,0.7801667267201031,0.8207291116074925,0.94957865244135,0.5830764965737847,0.5333330952353765,0.8517144868263774,0.26244173615664756,0.7964346518822158,0.5453784488828933,0.5400863086551851,0.832514633853896,0.8622381228762,0.680595980856854,0.470803279081625,0.8517144868263774,0.5595056163035803,0.8926374888830917,0.986776840223796,0.8529225726841634,0.8566505277931495,0.4508827406058995,0.8883766811321637,0.8517144868263774,0.9044182712551347,0.7221569783463078,0.8517144868263774,0.9408759633972117,0.440687891103534,0.46702199678637113,0.6132427681091888,0.44917267940492833,0.8517144868263774,0.9992444786325823,0.6664681327166687,0.8460156417597688,0.8680086580086585,0.8145479003387588,0.7290298754343202,0.7511899286513242,0.9563398558523181,0.7132869920925939,0.8610365234667815,0.6849163308736779,0.9364347145752202,0.613309170618897,0.8477012375288375,0.35642172484729295,0.8119370253704744,0.7265705885140912,0.8472780779987024,0.8517144868263774,0.7549160044072434,0.9105087136766041,0.6012212967949573,0.850853615039874,0.7146771428667504,0.842217768544858,0.7670843705001594,0.9515478783940845,0.8712321677735533,0.9829227788221152,0.9130676179019632,0.739378472164123,0.35815416005250444,0.8103210518730216,0.8780124908814334,0.5939414730054694,0.8838707840618654,0.8557448426965999,0.9364347145752203,0.8301690052524622,0.946920782957638,0.8838707840618654,0.5773984364721398,0.8166204308597431,0.8527620140822753,0.9797381293073797,0.6622942303048587,0.41616963117051253,0.9271118843142734,0.7209632267039681,0.9184016309221843,0.8116587495788621,0.8812664936764899,0.8653733714364051,0.9829227788221151,0.8030123017207884,0.9646749210559035,0.875600276917759,0.9245645813945327,0.9926508288107969,0.9667125662321104,0.9837965939025102,0.8593392193465906,0.8568104945519835,0.9115351767342714,0.6310345506793731,0.9829227788221151,0.0,0.8078984963029707,0.7281093517748134,0.8729302010090203,0.8944208730785338,0.9855572625449177,0.6802615410297368,0.8819917923336602,0.9714298904079638,0.8780124908814334,0.9744252757255611,0.7178532989576617,0.8723886533920737,0.7998497685672348,0.8942061170670543,0.851222011158111,0.9008409057897289,0.9147196413525658,0.8908572705728182,0.530516633032402,0.5888519595513033,0.7953965029329042,0.7655885110626544,0.7009852779042263,0.9719433016855953,0.894206117067054,0.8694753989599225,0.8517144868263774,0.7756167155477309,0.8517144868263774,0.8517144868263774,0.4708635765587301,0.8119370253704746,0.928167516684463,0.8517144868263774,0.5637421955262467,0.5262982545320343,0.9723040817720012,0.8719713421079066,0.26244173615664756,0.3160661769646218,0.8103210518730215,0.8967590384461329,0.5326479424559326,0.9436043620667733,0.9057074150801114,0.9075881164980937,0.8003602004056394,0.7598898071297877,0.6229696898203794,0.9993365183621448,0.9183264355967025,0.8712321677735533,0.9569802275423116,0.9779870427101328,0.8871110763894069,0.7459780033283332,0.7807238380901506,0.897828370140844,0.9797381293073799,0.6651726799695905,0.6856753931252277,0.9192036974885487,0.7257368271418032,0.811937025370474,0.9753972252852677,0.8617298618427944,0.8719532289905911,0.9199154281937729,0.9666164704642057,0.6116438355786527,0.533616329602197,0.934712588125745,0.6320327539189465,0.8376345900059801,0.8164878362825241,0.855646426505436,0.9661395621050933,0.5980167465373798,0.5250480903114338,0.9481784169066947,0.5289563572159066,0.6363540234741314,0.7159507936084082,0.5510885272077692,0.94957865244135,0.8598294126465451,0.896610593791579,0.8517144868263774,0.7265705885140912,0.7560630939271613,0.8823910523641699,0.6683164249731894,0.8460780878403382,0.9292609662309445,0.9703365256801224,0.574284997375289,0.9141680583790841,0.4429885996942676,0.7701802816584327,0.47978805595244456,0.9300951133092187,0.625186923492387,0.8712321677735536,0.8883766811321635,0.8055898605391757,0.7925521419000903,0.8568104945519835,0.5608586282506935,0.9356608612872466,0.7113170819541814,0.6009922507011026,0.7828813308118916,0.5756105671022518,0.6388433341453035,0.7810510595077811,0.9607483250129106,0.8921517012082931,0.8566505277931497,0.5666566128287722,0.8244357405110427,0.704234339463257,0.8469075946240913,0.5637772896197188,0.6680209477141437,0.9886334735196289,0.7101125902385346,0.8617298618427944,0.8411759963696495,0.6989208736795982,0.6672405322093744,0.9105087136766032,0.9554140339361299,0.9428948240228703,0.8581734835076846,0.6208697298311603,0.9363315702348428,0.7604422708501077,0.9886334735196289,0.8517144868263774,0.8662494125765394,0.5558210320926431,0.8628761827318889,0.8918739593306383,0.8517144868263775,0.7559329982926912,0.6846533623608821,0.725736827141803,0.7951498097928977,0.3877967418798609,0.9786020920119569,0.7647310555038471,0.5858383299292879,0.6920942003246398,0.8739508846374164,0.5925734014774067,0.8329530102636886,0.7404172524417114,0.9871631608649953,0.7922833118206056,0.9748150819785091,0.8924143307178188,0.890001356641569,0.8110810637489306,0.8712321677735532,0.9886334735196289,0.6044195771176959,0.9297917593953646,0.88239105236417,0.5790230881687775,0.2362238805519945,0.8780124908814335,0.8517144868263771,0.8202029466900852,0.5345308263943229,0.5022586724510684,0.8767155864943416,0.7265705885140921,0.8942061170670537,0.8767155864943416,0.8767155864943418,0.8456100445405645,0.8517144868263774,0.8659203535365169,0.8598294126465456,0.8517144868263774,0.8078984963029708,0.8485994242765774,0.9881339422948304,0.7132869920925939,0.9075881164980935,0.8566505277931495,0.8469075946240913,0.6431268319182388,0.6002252943835329,0.8119370253704743,0.5497795209307501,0.8517144868263774,0.8972007089928952,0.9421240707427694,0.6051575247088752,0.7012023916314503,0.9773912569637389,0.8780124908814334,0.9831803285943962,0.8160370169864277,0.812524579663636,0.9175232626155817,0.6881370301067236,0.8924143307178186,0.976249394198133,0.9334527917231223,0.6824389080341919,0.9829227788221151,0.8650374558206404,0.8426554800261766,0.7459780033283332,0.9719433016855953,0.5669685900403825,0.8517144868263774,0.9744207489775499,0.3339978905927814,0.8838707840618654,0.7105388891631577,0.7380789570359625,0.8321803918827471,0.5689046225279277,0.842217768544858,0.601147814086493,0.489771967918576,0.8517144868263774,0.8517144868263774,0.8282450251432114,0.9458173374104193,0.8063549160272704,0.6354014473415488,0.5483981798705808,0.7474461895955691,0.4639345588602657,0.4420025963952946,0.8279556570938464,0.6012212967949575,0.8517144868263774,0.8987542353497702,0.7265705885140912,0.8900013566415693,0.683975892281413,0.7549160044072432,0.6853014620083754,0.8517144868263774,0.8517144868263774,0.576921214959166,0.9437441834397566,0.49522529270331717,0.6622942303048576,0.7920242446021457,0.40990708225794226,0.9630895108299646,0.7280766391726192,0.5305047914980783,0.8930278542976282,0.8517144868263775,0.8524694551907273,0.46750607181885817,0.7004951694024872,0.951426791823698,0.8650418826540102,0.7599607532236858,0.758210948424158,0.7799523024236332,0.8566505277931494,0.26949781544032936,0.8517144868263774,0.5076571289942751,0.8615838943516549,0.7239646794743269,0.9411249336781613,0.421293872129648,0.8287530636873145,0.7224598285302897,0.9655151617501259,0.9075881164980933,0.8696353451446877,0.6422875444457994,0.9507776441281287,0.8470578226094763,0.9694890218435619,0.8236340386243203,0.54766789350421,0.8669692234537123,0.8469075946240913,0.7934637395552118,0.8610375356079849,0.9523316440084558,0.9603518112823672,0.890001356641569,0.9278337294102701,0.8900013566415692,0.9709114698674371,0.9947560146512322,0.8292315098646662,0.7486535174635849,0.8823910523641697,0.8470578226094763,0.9210456418073858,0.897828370140844,0.8303420981478833,0.6974157118582673,0.8469075946240918,0.9527098339911578,0.7245693234557646,0.8566505277931493,0.7414546225554928,0.8411759963696497,0.7416371972691089,0.8434301657293282,0.8517144868263774,0.7347168883482376,0.93354955440907,0.676483777138591,0.8838707840618653,0.8039173803940003,0.8568104945519837,0.8985474383204362,0.8517144868263774,0.42969486737750395,0.5688732660130222,0.9230855133274589,0.4332040140590787,0.49404149775499895,0.4539494377454023,0.760442270850108,0.4943946562256236,0.9996591684376381,0.8615972638585394,0.7014514318568292,0.8368365632114232,0.9631150708653344,0.890001356641569,0.9888666719019321,0.9130676179019634,0.6651303633026293,0.7384621920006147,0.5433825230088151,0.9148398629299054,0.6044483042405893,0.8517144868263773,0.8767155864943416,0.6229691357315851,0.5946336979034754,0.9736470507180459,0.6769741930191089,0.6473302958682393,0.8517144868263774,0.4748467238742333,0.40476113624252985,0.8165462796441287,0.8517144868263774,0.5605206507527049,0.9159905215994686,0.7549160044072432,0.8119370253704746,0.8469075946240913,0.5860825512670653,0.8945661567474672,0.9341374395021445,0.9068736847995713,0.9019908141929337,0.9141680583790839,0.5954776538438331,0.8517144868263774,0.9239957764594833,0.8517144868263774,0.8780124908814334,0.9952181931164794,0.6623491014741643,0.8900013566415693,0.9406057872461403,0.7810804214260392,0.7775793065841747,0.8839031424386383,0.8517144868263774,0.922392300278019,0.6801988603469331,0.7072727522163906,0.8688960283598107,0.7680542273019051,0.7604422708501086,0.8456078228710926,0.7773845797901655,0.9982924416574901,0.6872645988431038,0.5548104017929119,0.9982924416574901,0.4773702152652519,0.8669692234537126,0.2760277067093817,0.9982924416574901,0.8900013566415693,0.7999899992499377,0.9199154281937729,0.8622902854964027,0.9065235783645925,0.8207291116074922,0.8812664936764899,0.6841261201765074,0.5084125363758114,0.8617361010523725,0.7689429771484985,0.8426554800261769,0.8767155864943421,0.8719532289905909,0.8249767684725601,0.9908854916947927,0.7310925066926899,0.7061891527047287,0.8199002729716225,0.5136557543333262,0.8659267204691327,0.888282977993461,0.7459780033283332,0.8203669758475235,0.9465959628656272,0.9856724533720749,0.9405065682878542,0.816337385485716,0.7943139531861243,0.7404172524417114,0.8477012375288375,0.7847548348671012,0.9247110267167562,0.8411759963696496,0.6918791273800404,0.8576012214696282,0.8667801398010047,0.7990568456988281,0.7188135956445165,0.8692740702993158,0.9739315181348575,0.961037308217473,0.7094967432990228,0.9403753343927055,0.9868134941838476,0.8241600668838409,0.8090362913108439,0.8236340386243204,0.8942061170670543,0.7922211515326472,0.9932179366015166,0.8703538854706422,0.8967858500764729,0.9114218901520919,0.9483212873007003,0.8767155864943423,0.7559329982926908,0.8867712181861894,0.8617298618427944,0.7637600698031106,0.6849163308736788,0.788498121206818,0.9924939067857516,0.9312340217231649,0.6603502574507374,0.9937166764217947,0.9002465670022487,0.8386238399394899,0.7438115880300598,0.9475415124519653,0.8862710677485974,0.9271118843142733,0.6033494313285095,0.8986295142029526,0.7756167155477309,0.7042343394632566,0.9721853172929266,0.9199154281937728,0.9223095545373879,0.763153066945223,0.951426791823698,0.7942066340831491,0.7404172524417114
p171_C,0.6792767735599083,0.9240084059312026,0.8598295527538453,0.8996020324755996,0.9341976401680097,0.9511876099263499,0.6644086308688063,0.6998862132329711,0.8753928891101748,0.948467140918744,0.9671761235857237,0.9320645602494204,0.9320645602494204,0.8996020324755996,0.8841862845276727,0.990511238752463,0.9279496229669748,0.911244667414393,0.9458674971126175,0.948467140918744,0.8823970339943681,0.9914610572055534,0.9984593147144779,0.9903766507571461,0.9183656033219387,0.9112446674143926,0.9279496229669748,0.891751906668637,0.948467140918744,0.9110450577837184,0.9028404281797042,0.9409669977890662,0.9259591224230199,0.8948535190071929,0.9341976401680094,0.9458674971126175,0.9363880304285923,0.9259591224230197,0.9511876099263499,0.9095242312718104,0.8696642492046927,0.3895487782113445,0.9511876099263499,0.9539851747197046,0.9279496229669748,0.9557099233122189,0.9386420076357269,0.9161703950699842,0.9095242312718104,0.8523514767841367,0.9409669977890662,0.8051416148844528,0.9112446674143926,0.9240084059312026,0.7441318134503205,0.9078247903914518,0.9078247903914518,0.9341976401680094,0.9074473199365555,0.9299834289466347,0.8782944901168632,0.7975139964560254,0.6448567529919329,0.9601701237080078,0.9433718940682516,0.9726377663518964,0.9409669977890662,0.7906601589731019,0.7242539061243805,0.9458674971126177,0.8980054428335462,0.9095242312718104,0.9610880275993516,0.852706132027558,0.9341976401680094,0.8529137105219888,0.9202142532643909,0.9220943680125893,0.7200940385347595,0.9511876099263499,0.9671761235857237,0.9564943253467844,0.9044839950643897,0.9112446674143933,0.9341976401680094,0.8932967537832139,0.9643765980294188,0.9808068453175629,0.816736820966089,0.9320645602494204,0.9341976401680094,0.8886114498000468,0.8280565779961775,0.8919219220236083,0.9435169778505763,0.8249953702118185,0.8570542950968632,0.8542911987973543,0.8879302490305497,0.7289303053642333,0.9469401678022586,0.9386420076357269,0.9341976401680094,0.9846518698265427,0.9365008126407709,0.9458674971126173,0.8797557950282511,0.9689530887333874,0.9517258135028771,0.7552679275498628,0.8658231365963154,0.9129874603663684,0.9544701485560024,0.8827012888689016,0.9386420076357269,0.7412826248452444,0.9700765701011145,0.9458674971126173,0.9511876099263499,0.9904450366077004,0.8456081520200613,0.8515386735783614,0.9183656033219387,0.9097480434256693,0.9112446674143935,0.843621842408749,0.9363880304285925,0.5761466702758755,0.9829392900173883,0.6666387020145361,0.9549878364891902,0.9944373248680742,0.9409669977890662,0.9511876099263499,0.9279496229669748,0.8236680713869198,0.7793264530108992,0.9409669977890662,0.9409669977890662,0.9299834289466344,0.8446725410342766,0.948467140918744,0.9347085319854722,0.8599286707771701,0.8823970339943681,0.984756143433557,0.9191484075869394,0.8670992417859469,0.33583106112661787,0.772687740818806,0.948467140918744,0.878294490116863,0.8896479980872491,0.9821553920876704,0.9409669977890665,0.9492423737771563,0.9813846055447224,0.8886955627708657,0.8892289946073562,0.8793331866131817,0.7726254326831445,0.9386420076357269,0.9147540983606557,0.689933091481969,0.8668322994400732,0.891751906668637,0.9282686369201194,0.9601701237080078,0.9044839950643897,0.8875111366744607,0.9908428227422802,0.9320645602494204,0.907824790391452,0.9387833552604469,0.9582353617987978,0.9434323399092921,0.9458674971126175,0.8844754883439767,0.9676994339018856,0.8529137105219888,0.8856800188460068,0.912207174924492,0.9469401678022586,0.45743868253496456,0.8327357183954329,0.8598432248265697,0.8161233816474041,0.4231810343947813,0.8456507732192371,0.9382025073594864,0.9299834289466349,0.9998120556396835,0.9070711234195773,0.975309889263084,0.9099149954318697,0.9341976401680094,0.9363880304285925,0.9299834289466349,0.7642120203063745,0.7869611549883213,0.8598295527538451,0.45743868253496467,0.9341976401680094,0.8555389703439993,0.7095001020458168,0.948467140918744,0.9341976401680094,0.9250576155467344,0.8902183677316946,0.8808617942287751,0.8644048898104938,0.90819865984323,0.9320645602494204,0.9341976401680094,0.6174314405233439,0.9341976401680095,0.8558114815982965,0.8386701033104875,0.7869611549883213,0.9341976401680094,0.8705188107117405,0.9341976401680094,0.9670175288930156,0.9435391793962784,0.891751906668637,0.8392447154194038,0.9386420076357269,0.7124085863009614,0.9795036960805319,0.9590434494932021,0.593999954320305,0.9952234886231107,0.9562930878652227,0.8948535190071925,0.9409669977890662,0.8286495024509246,0.8841077185494026,0.8174540002737909,0.9263174666267613,0.9583942031553516,0.9583942031553514,0.927949622966975,0.8515386735783614,0.9214557696516741,0.9341976401680094,0.5397193050825858,0.9341976401680094,0.9052500152165874,0.8902183677316946,0.9434121517267976,0.5542474244817728,0.7124085863009613,0.9363880304285923,0.8886955627708657,0.9183656033219387,0.8612222667022578,0.9220943680125895,0.8528139297820672,0.9386420076357271,0.8599286707771701,0.9121693580704173,0.6735925804592795,0.9320645602494204,0.9433718940682516,0.8016923477411808,0.9511876099263499,0.972038542164217,0.8400377513658517,0.9639306993826394,0.936500812640771,0.8908040467919405,0.6543600255164566,0.8566669900763374,0.7205095636306713,0.7709719157068773,0.9458674971126173,0.708632167054183,0.8886955627708655,0.9564943253467844,0.9031388200499333,0.9458674971126173,0.9790904901745157,0.9879738354360472,0.9965514935490281,0.9281505333988458,0.8996020324755993,0.9386420076357271,0.9300797186110581,0.7044336642308222,0.9299834289466347,0.9386420076357271,0.9386420076357269,0.7390324489084188,0.9458674971126175,0.9671571449306512,0.9847199958723034,0.8515386735783614,0.7456198177045987,0.9458674971126175,0.9341976401680097,0.9095242312718104,0.9299834289466349,0.9409669977890665,0.7352352970522484,0.8981981738963492,0.9386420076357271,0.9095242312718106,0.6948236445696578,0.7607070081476259,0.7926676627666032,0.8733843419058074,0.9098703643827926,0.9310356666783038,0.8105450538842629,0.8876280847564645,0.948467140918744,0.875392889110175,0.948467140918744,0.8948535190071922,0.8902183677316946,0.8827012888689016,0.9944373248680742,0.9341976401680094,0.940966997789066,0.9356707151118056,0.9112446674143935,0.9458674971126173,0.9433718940682516,0.9320645602494204,0.9341976401680094,0.9183656033219387,0.3649841007441669,0.9511876099263499,0.8841862845276725,0.9051142547004996,0.9147540983606557,0.5965496002743882,0.8635282146745935,0.7783744674933408,0.9616684643803335,0.9259591224230199,0.7940143529543535,0.9386420076357271,0.9300797186110585,0.7561690095320774,0.9240084059312024,0.9192273574141717,0.9511876099263499,0.7192814622336587,0.8948535190071922,0.7035867637948567,0.927949622966975,0.9320645602494204,0.8855830288196835,0.8515386735783614,0.8180866116513591,0.7023586345567214,0.7651933449849073,0.9341976401680094,0.8106471563404556,0.6887295835214473,0.8964228513787131,0.8280541377532262,0.9203222717282119,0.8153059386898057,0.9341976401680094,0.9341976401680094,0.5344217736533473,0.5958256531394139,0.8174887035560279,0.9341976401680095,0.948467140918744,0.9341976401680097,0.8996020324755994,0.866832299440073,0.9346358225394591,0.9341976401680094,0.9012134114028683,0.9643765980294186,0.7826858746487118,0.7743287291569786,0.9341976401680094,0.846059419300085,0.9262039440654459,0.7502927996907006,0.7242539061243801,0.9382025073594866,0.8310921009211463,0.9386420076357271,0.6998862132329715,0.9341976401680094,0.7600176111545576,0.9919535000677884,0.8424726734166379,0.7798158009732561,0.5777143866144245,0.7812528998027031,0.9259591224230197,0.9341976401680094,0.9868814625089897,0.83768074897139,0.9341976401680094,0.8028738209441856,0.8469988008164033,0.9656378267735525,0.7607070081476259,0.712584194267109,0.9341976401680094,0.9612475954705935,0.9143949578657861,0.9433718940682516,0.9230855133274588,0.9873364321836366,0.8013272831316138,0.9777417615991826,0.8654234385275945,0.9386420076357269,0.7723258715761907,0.8529137105219888,0.9165462137008822,0.9809570187442864,0.9790682596526014,0.8324501640471824,0.9165462137008822,0.9409669977890662,0.9112446674143935,0.9341976401680094,0.9458674971126175,0.933760644847901,0.9861930267931858,0.8975786096948724,0.9061450951233825,0.9795036960805317,0.9445563444567335,0.9556347289143002,0.9795036960805317,0.9220943680125893,0.9341976401680097,0.9240084059312026,0.8433299245730508,0.906497680742552,0.8661829386665058,0.9457640223893857,0.6579010970221233,0.9700765701011147,0.9165462137008822,0.9861874360241634,0.9643765980294186,0.948467140918744,0.8989423282822515,0.9606559814622546,0.8886114498000468,0.9129874603663686,0.9472987124405254,0.9665301256886061,0.9386420076357269,0.7176582853502854,0.990338748542446,0.8406054528377482,0.9982345523329128,0.8889867521198008,0.6721698318292014,0.9403227338586295,0.816396277970425,0.8005056606224616,0.8768403073232187,0.9762262925984146,0.8049549632214128,0.91565185183014,0.9361204140696398,0.5426229508196713,0.9165462137008822,0.7637034372366571,0.8074150985486039,0.8078984963029707,0.0,0.8902183677316946,0.6812247953600248,0.9386420076357269,0.8634427373462422,0.8620020136065494,0.8932967537832139,0.7683122527820478,0.9914826481470903,0.8246430405090699,0.8598295527538449,0.9433718940682516,0.9262039440654459,0.9279496229669748,0.9279496229669753,0.9987774230311346,0.9458674971126173,0.9028404281797042,0.7740239442028943,0.8871829502996262,0.9320645602494204,0.9320645602494204,0.8819867276797828,0.801327283131614,0.9762262925984153,0.8338083271305466,0.9341976401680094,0.9433718940682516,0.9341976401680094,0.9341976401680094,0.7059359258346488,0.9165462137008822,0.8948535190071922,0.9341976401680094,0.9353195456089992,0.9792511545555471,0.9243062854435231,0.8964121097451851,0.846059419300085,0.7939004811633896,0.8753928891101748,0.8174540002737909,0.8743877471202751,0.9259591224230197,0.8529137105219888,0.9433718940682516,0.9281278923411591,0.8832805022269121,0.8133884845703085,0.9028404281797042,0.9730889887268284,0.9299834289466347,0.7659400626703596,0.9433718940682516,0.8949624583202778,0.9386420076357269,0.8710878802609618,0.8589740229104696,0.9129874603663681,0.9559620789221578,0.9294326745621236,0.9012134114028683,0.9319824779930975,0.8284703715451976,0.9320611426402994,0.9386420076357271,0.9202142532643913,0.9363880304285923,0.8886955627708657,0.8377058526271616,0.8401821221942174,0.9987774230311344,0.9140530994042175,0.9279496229669753,0.8815031553268929,0.8570542950968632,0.9829392900173883,0.7278327227063586,0.9044839950643897,0.9511876099263499,0.7484817456541228,0.8251181313335154,0.41628166277538403,0.7680300869932908,0.9202142532643909,0.8013272831316139,0.8474264488038963,0.9341976401680094,0.9409669977890662,0.9262039440654459,0.28044486808720204,0.8705188107117408,0.8589740229104693,0.9795036960805319,0.9044839950643897,0.8046547388994403,0.9590434494932021,0.7085382367509918,0.948467140918744,0.7551288759229253,0.9877421208411417,0.6096282471779249,0.9299834289466344,0.9259591224230197,0.9763491823117391,0.8711662082855063,0.9147540983606557,0.9695908681512624,0.8446939652900309,0.7546442880540887,0.5692065267537436,0.8948535190071922,0.9918694516733386,0.8202156726197054,0.6848542093521188,0.948467140918744,0.9183656033219387,0.7396802476000857,0.9239956931151623,0.9100322320041923,0.861222266702258,0.9320645602494204,0.8261099395010403,0.7940143529543535,0.9511876099263499,0.7523733371240385,0.9944373248680742,0.8932967537832139,0.9951080188590635,0.9129874603663684,0.882508406364294,0.9028404281797042,0.9183656033219387,0.8921353095861759,0.9220943680125888,0.6609376016068363,0.9409669977890662,0.9511876099263499,0.9341976401680094,0.7528844849541503,0.8511697742036972,0.9090089695877884,0.8964228513787131,0.9341976401680095,0.9312932126009488,0.8420548303228415,0.8055004567330714,0.8996020324755993,0.8753928891101745,0.8598295527538451,0.718433467779644,0.9250598654620281,0.9061450951233825,0.8055004567330712,0.8309086111347295,0.91565185183014,0.9433718940682516,0.8739518939582047,0.9078247903914518,0.9386420076357269,0.9243062854435231,0.9797658041147692,0.7084209903088714,0.9299834289466349,0.9511876099263499,0.9240084059312026,0.9469401678022586,0.9341976401680097,0.8909939462774469,0.8501659032843123,0.9458674971126177,0.7516593631340742,0.964376598029419,0.7158646742883574,0.6672819886968295,0.9320645602494204,0.9409669977890665,0.9762262925984151,0.9320645602494204,0.9320645602494204,0.6119796865386875,0.9341976401680094,0.7341136896129457,0.8651106674996403,0.9341976401680094,0.9147540983606557,0.8870460761700745,0.9458674971126173,0.9386420076357269,0.5760152068699854,0.3617599053002102,0.9829392900173883,0.7583951041773278,0.9348456826950292,0.9165462137008822,0.6338353043426339,0.9341976401680094,0.8797557950282511,0.9386420076357269,0.9564943253467844,0.703770648508707,0.881224596830571,0.9458674971126175,0.9903766507571459,0.918365603321939,0.8902183677316946,0.9950286745612718,0.9341976401680094,0.9393420437091632,0.8980054428335464,0.9403227338586295,0.7912032625956176,0.9220943680125895,0.9458674971126177,0.9095242312718104,0.9386420076357269,0.9435391793962782,0.8700590088075524,0.9341976401680094,0.9341976401680094,0.8474264488038956,0.9859275654047338,0.8371573371325005,0.927949622966975,0.9220943680125893,0.9958011917675542,0.9795036960805317,0.9770682292929025,0.7169681489110235,0.9341976401680094,0.9341976401680094,0.8414013696625156,0.9684676125766016,0.9356707151118058,0.9301566876911888,0.895873269371575,0.9668532842402291,0.7926104337466326,0.7391905794816451,0.9129874603663681,0.9861930267931858,0.9341976401680094,0.6426453204954854,0.9409669977890662,0.9511876099263499,0.7812528998027031,0.9458674971126173,0.9847287092299238,0.9341976401680094,0.9341976401680094,0.7089117451503816,0.9341976401680097,0.6981613719600341,0.9202142532643911,0.8147566802167698,0.8696642492046927,0.8240511646791948,0.8998328740391308,0.7908018449222106,0.8065211384922872,0.9341976401680095,0.8902183677316946,0.7310964541189917,0.9363880304285923,0.9288327934067976,0.9926541290559201,0.9981440376750652,0.8841862845276725,0.8932967537832139,0.9363880304285923,0.8424726734166379,0.9341976401680094,0.666798523642893,0.9281278923411591,0.899832874039131,0.8351667251716828,0.851169774203697,0.5692417881997669,0.9081986598432301,0.8106471563404556,0.9433718940682516,0.8555389703439993,0.8468159431132625,0.44445367182430606,0.948467140918744,0.97263879566368,0.9919535000677886,0.6938994040049327,0.9987774230311344,0.9320645602494204,0.8392447154194036,0.7010214355004775,0.9924821208671797,0.6331029124151187,0.9511876099263499,0.9243062854435231,0.9511876099263499,0.6345328743203633,0.8739518939582047,0.8964228513787131,0.8949624583202778,0.986554806284329,0.948467140918744,0.9643765980294188,0.9914610572055533,0.8061314338049297,0.9730889887268286,0.9320645602494204,0.7401368129112849,0.9209176670963708,0.9363880304285925,0.9180718255771732,0.8280541377532264,0.9329930561544777,0.9232787288074836,0.9341976401680094,0.8598295527538451,0.986554806284329,0.8220679622926386,0.948467140918744,0.758794298964319,0.9147540983606555,0.8381354443488453,0.9341976401680094,0.7085382367509918,0.7711911134087561,0.9147540983606557,0.7064934282346795,0.6900369746909762,0.7167499446622099,0.9987774230311344,0.9774654450934859,0.9199416686997932,0.9982847909550883,0.7664404416746766,0.9165462137008822,0.7968128678793531,0.9511876099263499,0.9165462137008822,0.986554806284329,0.742373512073694,0.9095242312718104,0.9002622727577275,0.9048113045350052,0.8002438055465624,0.986554806284329,0.9320645602494204,0.8939537132990525,0.8202156726197058,0.8654234385275945,0.7053726457220169,0.7342072709060019,0.9341976401680094,0.7788984636827964,0.8229385262714315,0.8996020324755996,0.9341976401680094,0.9695311240154441,0.9797811449693633,0.9458674971126173,0.9590434494932021,0.9320645602494204,0.8492473095446895,0.9112446674143934,0.8357418646264886,0.9748290773761273,0.9133969850867747,0.9165462137008822,0.7805381608776913,0.9341976401680094,0.9782247305062935,0.9341976401680094,0.9458674971126173,0.9250576155467345,0.9607458052082645,0.9511876099263499,0.7155184372230254,0.9843974276887859,0.8768403073232187,0.8996020324755996,0.9341976401680094,0.7484029422269305,0.9065104824992061,0.9772334469893817,0.9778050395375548,0.9243062854435231,0.9409669977890665,0.9028404281797042,0.46997195733462127,0.9359879063473188,0.8612222667022575,0.7793238828701625,0.9359879063473188,0.8996020324755996,0.9409669977890665,0.8515386735783614,0.9359879063473188,0.9511876099263499,0.9112446674143935,0.9556347289143002,0.8515386735783614,0.9320645602494204,0.7288956290309491,0.9564943253467844,0.9173933468462485,0.8902183677316948,0.9134648431298379,0.8886955627708657,0.9095242312718104,0.7626870611427721,0.9031363676754974,0.870292394493732,0.8996020324755996,0.9031388200499333,0.8635282146745935,0.9820125903778683,0.8812245968305712,0.9492423737771563,0.9363880304285925,0.9386420076357269,0.9950042944438362,0.8917681657699779,0.9061450951233827,0.9446884865801572,0.931871230166406,0.9409669977890662,0.9433718940682516,0.9945879910888857,0.9044839950643899,0.903838270162933,0.8932967537832142,0.9028404281797042,0.7983074125367626,0.9517258135028771,0.9012134114028683,0.986554806284329,0.8829086099393348,0.9224423342309349,0.8871829502996262,0.8710878802609623,0.951064975683652,0.9965514935490281,0.9653059182149237,0.9747063363422138,0.9112446674143926,0.9762262925984149,0.9424837518356481,0.9903387485424457,0.9833492673430888,0.8239074480130517,0.9220943680125893,0.9617015294405558,0.9320645602494204,0.7937134787039382,0.9763491823117391,0.9386420076357269,0.9903766507571461,0.8529137105219888,0.9061450951233827,0.9386420076357269,0.832230590581184,0.9237885791557247,0.8779701261964141,0.9299834289466349,0.9299834289466347,0.8890762971642382,0.998234552332913,0.8739518939582049,0.9386420076357269,0.9174245829984675,0.9564943253467841,0.9433718940682516,0.8612222667022578,0.9540147404500323,0.9903766507571461,0.948467140918744,0.8793331866131817,0.9458674971126175,0.7519246848938179,0.9433718940682516
p171_S,0.8787778363941947,0.9849965025219797,0.8279358069431355,0.8608841892892476,0.9152582079543843,0.9371382816751241,0.9978750058521177,0.9731572329331625,0.8395280973905592,0.9336347991328913,0.5848929324804691,0.9125111785873636,0.9125111785873636,0.9005285913052647,0.8280558956918777,0.899603674299033,0.9072118677365053,0.8856988418635348,0.9302869180633688,0.9336347991328913,0.973024856152525,0.45356220047387263,0.9966447233584261,0.9621698344437761,0.39784922654732247,0.885698841863535,0.9860639133827613,0.9168673858538465,0.9336347991328913,0.9896931489281714,0.9054862779423516,0.9711878805915029,0.9431379203344701,0.9915694637821949,0.9580166426603274,0.8650564954973856,0.5087406670022797,0.9816273853023441,0.9371382816751241,0.8834832246395512,0.8968340415743794,0.8879432507007241,0.8936972568164698,0.9910997469105629,0.9745100637941104,0.9581594396286816,0.5777893346316241,0.8339840080055287,0.402912773531358,0.8194852749688188,0.9343882429311448,0.868227865336022,0.9186550120230907,0.902136277813822,0.9046484553665961,0.977127504883329,0.7673182036865231,0.9152582079543841,0.6748003124517441,0.5644277678695332,0.8432648458861449,0.9568113867546568,0.9165641371791309,0.8567883809445207,0.6804256865012972,0.7827707385776623,0.934388242931145,0.8000975116775986,0.9070517375243452,0.9814510646731802,0.9570172750168653,0.9867705932097052,0.9992249226337293,0.7677905591505945,0.9152582079543841,0.8698807330114563,0.9945519661064194,0.8426107983547332,0.9696430243760332,0.9371382816751241,0.9733050117350786,0.8711662082855063,0.8769922925568632,0.8856988418635345,0.9152582079543841,0.8625851059964718,0.9224199973554131,0.85937788244002,0.8674517075612471,0.9125111785873636,0.9152582079543841,0.8984515905607442,0.9858539969985172,0.9392500649234912,0.8769922925568632,0.8836238393968295,0.9286515721524258,0.8433500001248186,0.7371318114913112,0.7539469289309444,0.767318203686523,0.8967531793197643,0.9152582079543843,0.9113994876538669,0.6846816559767737,0.5069074692287099,0.8423140665122528,0.809419362132711,0.8948693468634785,0.7526714876460538,0.8163208078536262,0.9549546039402188,0.7709024567071356,0.5147818967153311,0.48665680757786944,0.7302634159171311,0.9097516894125138,0.9302869180633686,0.9371382816751241,0.7835370284359033,0.9910997469105629,0.918805157356595,0.8948693468634785,0.8748756693307258,0.9165641371791309,0.720785819176438,0.5087406670022797,0.8917125350168611,0.995606730632077,0.9421362489486964,0.7877239185135085,0.987885706373519,0.9239759423528264,0.9371382816751241,0.6591018812090863,0.9581347202095198,0.8422601818366049,0.9711878805915029,0.5566927370217337,0.9502726792490606,0.7329747210345918,0.5305876036228901,0.7638539047100499,0.9153822866652425,0.9581157149514788,0.8508524342038155,0.8685852835444088,0.775558990558914,0.8834832246395514,0.9462303219145964,0.7984764022449992,0.8949117707360061,0.8159114226352968,0.8684389356219331,0.981600181169821,0.8834832246395519,0.8636109471930199,0.9393175601009796,0.9750108530094964,0.9415040533996415,0.9877739866737223,0.9423194428466416,0.9393420437091632,0.7810366368150281,0.8557287226598164,0.8299096514248946,0.8711720473896869,0.8475585260781598,0.9988749295050934,0.8795111309292423,0.930351993730951,0.6304632851667112,0.9132389320257914,0.8927022229622339,0.9425264460207146,0.8968178498742654,0.98145106467318,0.8904440437110424,0.7841331064052116,0.8562275189872222,0.8527760996057683,0.952643308843117,0.9771275048833288,0.9540589546097202,0.9077830586576732,0.661288379346996,0.8445497252179492,0.8608323269166083,0.902136277813822,0.9157649010158165,0.9907143086558443,0.9157349837086728,0.9760700705133396,0.8882946047213365,0.8726770674396156,0.9152582079543841,0.918079042897614,0.9098310498422768,0.8588039237011791,0.9084121203134058,0.9135063197922983,0.9125111785873636,0.9152582079543841,0.8610128374717125,0.9250668432466846,0.9336347991328913,0.9152582079543841,0.9713690206280267,0.8864592094196804,0.8562275189872222,0.8830777411645316,0.8256860668310184,0.6720110611890684,0.9152582079543841,0.9213578482103687,0.915258207954384,0.9039270027979134,0.9443123974848822,0.8989856676391825,0.9152582079543841,0.6358562495581317,0.9152582079543841,0.8310342491062124,0.9753714085919833,0.860595616360234,0.7294977980707632,0.8056206522660097,0.8200537012432627,0.9098310498422768,0.7257061345513387,0.8972500807670709,0.7952066801648225,0.7271240144400568,0.9915694637821951,0.9239759423528264,0.979977169685071,0.8644190209116958,0.9132780522734492,0.9256628667621534,0.7794785534062244,0.8586206896551722,0.9072118677365053,0.8507084692274554,0.9907143086558443,0.9152582079543841,0.8880761517488762,0.9152582079543841,0.8715402415516167,0.8864592094196804,0.9711878805915029,0.9634826862601762,0.8017099301042174,0.9621698344437761,0.8566595864113671,0.574669583194623,0.9658421781045281,0.7321602844086202,0.7890100968809903,0.9209817665727265,0.8300556663642379,0.8286378524317441,0.7597346623343912,0.9125111785873636,0.9270730230791457,0.9426409567767191,0.9371382816751241,0.817897698002549,0.9905529359562113,0.9214489273204713,0.8267128986642145,0.8846445652569521,0.9711878805915029,0.8859366997364011,0.9139043609634614,0.9484600992165797,0.5069074692287099,0.7336285154224771,0.9117649022044421,0.6325507843027067,0.8608323269166085,0.5069074692287099,0.7725797041365445,0.7459421763974747,0.9257389930135203,0.9281684931120009,0.8012373844378748,0.9209817665727262,0.979662417783852,0.6780857041613111,0.5644277678695335,0.9665480300996037,0.8511869157928869,0.7269872667228698,0.9814510646731802,0.8854082583977734,0.8586559626777017,0.8053106771413624,0.8381644717696144,0.9673847887170085,0.7854327491040133,0.824587865521275,0.9098310498422768,0.9239759423528267,0.7255413280751923,0.952629633832091,0.987885706373519,0.9807928612526091,0.8887315011070402,0.7844017658936111,0.901963196034923,0.85219375192108,0.9781582799809263,0.8128008469070223,0.8412050040249586,0.8266843456643822,0.9592096814182648,0.8903326882693019,0.9336347991328913,0.5025114504049988,0.8586206896551725,0.9919904571923958,0.920981766572726,0.9152582079543841,0.9239759423528264,0.9132780522734492,0.8506517968600197,0.5069074692287099,0.9257389930135203,0.9212977173232094,0.9152582079543841,0.5039414405357032,0.9302869180633688,0.9500854106526051,0.560479503938289,0.5959440894862593,0.7348145374381927,0.9239759423528267,0.817897698002549,0.714125290093798,0.9990384391481416,0.9046484553665963,0.934299334845676,0.9209817665727265,0.9796624177838527,0.7920858700644174,0.902136277813822,0.8776100733791741,0.8936972568164698,0.8291964064606838,0.9052651084803364,0.7580395625586962,0.6196758583859587,0.9125111785873636,0.954614513992963,0.8507084692274554,0.7523391061979707,0.7172367210950727,0.7765835845354061,0.9152582079543841,0.7963239206394057,0.9479215598710831,0.7550284458024112,0.6822871400055999,0.9336347991328913,0.8008875416489645,0.9152582079543841,0.9152582079543841,0.8834832246395514,0.8903326882693017,0.8065663356068037,0.915258207954384,0.9592096814182649,0.6571574449861832,0.7714139820121892,0.8800185460573753,0.7412056506199436,0.8709496185158996,0.7647258015371339,0.9584859817309163,0.7437393086070431,0.7624833366990769,0.9152582079543841,0.7981252886572374,0.8299096514248945,0.7741276405876658,0.7419397077598995,0.6438945219541867,0.8789973727261238,0.9665480300996037,0.7150879744524046,0.9152582079543841,0.6741182543134774,0.9824764774982423,0.9289880237791708,0.940176120156279,0.9621698344437761,0.6510267667715841,0.9431379203344701,0.9152582079543841,0.8508127890003339,0.8223190282104386,0.9152582079543841,0.9459727209115529,0.7313966200359896,0.6975617603276141,0.7656958640615763,0.6885444555819682,0.9152582079543841,0.760285488844838,0.8203075677663936,0.974801654315965,0.6881644762477217,0.6908722567334351,0.8451467479521528,0.847038304686687,0.932074997239038,0.44109054405099213,0.8792462116718203,0.8334032066537786,0.961938580597147,0.7543784123327502,0.8663005722754789,0.833387661086038,0.8925262950745887,0.4622688605443812,0.8836079670195752,0.9152582079543841,0.8138923488875742,0.9358559422107495,0.8932189646583186,0.8996713357710031,0.7746197042620233,0.909831049842277,0.8854082583977732,0.9496485824638996,0.909831049842277,0.989878150282884,0.9580166426603276,0.8721292828577811,0.761528251292608,0.8302420618976183,0.9302869180633688,0.7437089977875249,0.9336347991328913,0.9021362778138218,0.9686491338802947,0.9623059873215859,0.9693820495180772,0.7984764022449993,0.9092107698431182,0.9168673858538468,0.9370115809981678,0.9445283662005389,0.8972500807670711,0.7338953403825335,0.9209817665727262,0.9508942993498994,0.8475585260781594,0.8999990886573641,0.9583942031553514,0.9307016541888509,0.989878150282884,0.9054862779423516,0.8785781813150461,0.7673115708605525,0.9950483392264469,0.9466378905596333,0.745942176397475,0.5749066959662381,0.960175396156637,0.9243062854435229,0.961938580597147,0.7792052041503109,0.9733050117350786,0.7281093517748134,0.8902183677316946,0.0,0.5894739615741518,0.9209817665727262,0.9777906175295892,0.8251975627022037,0.9763670444959536,0.9707473148187094,0.9814510646731802,0.8107260588533334,0.8429905361746886,0.9761356843815903,0.945003270600653,0.9466378905596333,0.9466378905596335,0.9711878805915029,0.98145106467318,0.9667074951656032,0.6847123286189161,0.9816226255653286,0.5889155091443545,0.8797499413008526,0.7807678564900742,0.897236612208085,0.9466378905596335,0.9566277828832507,0.9152582079543841,0.5332377025939613,0.9152582079543841,0.9152582079543841,0.6976105905469066,0.8925262950745887,0.6751201610087139,0.9152582079543841,0.6820536687222423,0.7292902459116828,0.9978132884777122,0.8650563832229692,0.8203543403719594,0.748984390038562,0.9318512436551014,0.8376723506997308,0.7329189478805094,0.9798831497297819,0.9018761436541087,0.9761356843815903,0.8625851059964713,0.8681021893929678,0.7798874555888031,0.5129121584367584,0.9798831497297817,0.9907143086558443,0.8268784043473354,0.974801654315965,0.6425920455581999,0.48665680757786944,0.8681770036466658,0.9693820495180774,0.9780340428202864,0.9272324378358678,0.80670280175686,0.7043101617456595,0.8432648458861447,0.8925262950745887,0.8957156269639839,0.9209817665727262,0.9333160651425743,0.9621698344437761,0.812708518830184,0.801985509263976,0.839727894234602,0.981600181169821,0.9952839109846353,0.9072118677365055,0.9094904516262707,0.6964359416947348,0.995606730632077,0.737442777503523,0.9678417350205826,0.8373091029803343,0.6933463318484487,0.8225311318013035,0.8376723506997308,0.8465778950629684,0.88635401297991,0.9232815443360514,0.9375640165125991,0.9152582079543841,0.4622688605443812,0.8887315011070402,0.9580166426603276,0.8823421010842231,0.933316065142574,0.909831049842277,0.7816425681135178,0.7656959992652368,0.9686491338802947,0.674083611292116,0.9336347991328915,0.663123890419114,0.989878150282884,0.777228764821214,0.9502726792490608,0.9816273853023441,0.8353392947227405,0.8864592094196804,0.8029903728618499,0.7787652205288147,0.8884693774645569,0.8877184340118671,0.7719761627955792,0.8189607531784778,0.7182924545133289,0.8001801505755263,0.8748756693307258,0.9872125588573133,0.7868540111713821,0.9180790428976142,0.86186429617964,0.9132780522734489,0.8449320637799715,0.9125111785873636,0.8425075824377244,0.798016039265937,0.8936972568164698,0.8642719355516488,0.9209817665727262,0.8814055323796944,0.7455019971844743,0.954954603940219,0.9641125707303957,0.635354592883262,0.9990384391481415,0.8792462116718203,0.8996713357710029,0.9540589546097205,0.5566927370217337,0.9935264355112594,0.9152582079543841,0.9628013453482422,0.9536731952019879,0.9750993123079481,0.9878657306248143,0.915258207954384,0.8726484979469551,0.9145599195405432,0.8432648458861447,0.7714139820121894,0.8048397664582476,0.9605168422040375,0.890667987336655,0.9917880492187559,0.942085822740748,0.7693832177398916,0.7707499476755919,0.8877804493751149,0.5332377025939613,0.8095010419562513,0.7673182036865231,0.9423194428466417,0.7794785534062245,0.9371382816751241,0.9735629864071067,0.9502726792490606,0.8936972568164698,0.9397586843685546,0.9451832184545603,0.9152582079543843,0.8731881766987719,0.7640010990525792,0.9302869180633688,0.9152582079543843,0.8972500807670709,0.7053713723654849,0.7625382005684163,0.9125111785873636,0.8871763046924689,0.9466378905596335,0.9125111785873636,0.9125111785873636,0.9221261809159467,0.9152582079543841,0.9466378905596333,0.9464937950241179,0.9152582079543841,0.9734299614209916,0.9486895513809488,0.9302869180633686,0.44109054405099213,0.9761356843815903,0.918079042897614,0.9125111785873636,0.7503399901231679,0.7835370284359033,0.8925262950745887,0.7541959895434909,0.9152582079543841,0.764179270128355,0.9665480300996037,0.9243062854435231,0.7845016432436664,0.548655838323042,0.9302869180633688,0.9621698344437761,0.8948693468634785,0.9699747687132043,0.9655974895223987,0.6143990102802371,0.9421362489486964,0.9840705843230204,0.972071287611145,0.9443123974848824,0.9364881737530408,0.8650564954973856,0.7597147744459036,0.5322230711047468,0.9985836592800501,0.7365308980319902,0.9152582079543841,0.9992249226337293,0.7719905381400642,0.9336347991328913,0.9612603999653453,0.5013977899165744,0.9162444743188086,0.8016875724452741,0.909831049842277,0.7617643011557255,0.7691896957671469,0.9152582079543841,0.9152582079543841,0.9668702179975168,0.7083613830184108,0.9384799527980219,0.972825319010871,0.741919849688756,0.9340489805498936,0.8397278942346019,0.684441858305366,0.7099886298623066,0.7999124105450752,0.9152582079543841,0.9922765821249184,0.4622688605443812,0.9371382816751241,0.9568113867546566,0.5069074692287099,0.7565155320112129,0.9152582079543841,0.9152582079543841,0.7695920066846063,0.9137080532218429,0.6913457598559805,0.6699581067268916,0.893918621108941,0.9307016541888509,0.9320055225938175,0.7243697373376102,0.7430349118316437,0.8906699881696982,0.915258207954384,0.8351555929352402,0.6956918530898961,0.5087406670022797,0.9814510646731802,0.970349080654439,0.9587952656906457,0.8776100733791743,0.8245145631299533,0.918079042897614,0.7249518768252251,0.9152582079543841,0.7108562443941846,0.9098510170045647,0.8567883809445207,0.526779662247185,0.9004854913238354,0.9021362778138218,0.8413921158471316,0.7617305460161808,0.9270730230791457,0.8018016321802297,0.8114462528931117,0.9466378905596333,0.9056319216938429,0.930351993730951,0.8856988418635348,0.7066058564318314,0.9239759423528264,0.9125111785873636,0.9682610749736361,0.9451832184545601,0.9699747687132043,0.9546145139929632,0.9371382816751241,0.9421362489486964,0.9371382816751241,0.9371382816751241,0.507078235661377,0.9539249481695848,0.8266892096935972,0.9152582079543843,0.9056319216938428,0.561760153600382,0.9693820495180774,0.7628865521400158,0.9046484553665965,0.9125111785873636,0.9771275048833288,0.8468826290818732,0.9937393740100616,0.9805983029779717,0.9763670444959536,0.7618803397014782,0.7789176352683836,0.9152582079543841,0.9219568517666139,0.9152582079543843,0.759591769882618,0.9336347991328913,0.8879432507007241,0.8902183677316946,0.6340209178361407,0.9152582079543841,0.674083611292116,0.6933463318484485,0.8902183677316946,0.6760890086635993,0.7108562443941846,0.6879445456091826,0.5094807987830574,0.7221849138643885,0.8649622039098555,0.8800952220273486,0.7750008932662835,0.961938580597147,0.7335443100258345,0.9371382816751241,0.8992368483577363,0.956466487927786,0.7538366775268257,0.8894609565966471,0.7504890911494044,0.8880761517488764,0.7946192397681994,0.9992249226337292,0.9125111785873636,0.8341011293492997,0.8823421010842231,0.8355806800120912,0.737442777503523,0.7896144267998426,0.9152582079543841,0.7206548040112661,0.6488720358312846,0.8707051888795789,0.9152582079543841,0.7717692349609537,0.9816273853023443,0.5069074692287099,0.961938580597147,0.9125111785873636,0.901353265815082,0.9824764774982424,0.8071490758646973,0.9589839222591341,0.7851233475801049,0.8925262950745887,0.7522161297113554,0.9152582079543841,0.9949598499265347,0.9152582079543841,0.9302869180633686,0.8751596567464958,0.8070402049768042,0.9371382816751241,0.9700918760103958,0.8735288180480878,0.8670014864103508,0.4731799577553296,0.9152582079543841,0.9307575513324222,0.8709106051827966,0.9105864625317398,0.7577970273297641,0.8864592094196806,0.8871763046924688,0.874875669330726,0.8727803597140285,0.8887315011070402,0.8212788440155339,0.6975011665759634,0.8887315011070402,0.9503543965663052,0.9239759423528267,0.8053106771413624,0.8887315011070402,0.9371382816751241,0.7517832863813528,0.9621698344437761,0.578321716710896,0.9540589546097205,0.9029881796097647,0.8370782905736781,0.8194852749688191,0.6959629941127009,0.9966447233584261,0.8566595864113675,0.9483563157149231,0.9540589546097205,0.8972500807670709,0.8164701653683468,0.8012373844378755,0.8890889554362548,0.8754494439871032,0.9068017215907915,0.9258608077723742,0.8570244110589611,0.9180790428976138,0.5777893346316241,0.9641125707303956,0.9897154607603138,0.7746197042620235,0.9735629864071067,0.90844375509248,0.5094807987830575,0.4841750412915168,0.9400724976363595,0.8769922925568632,0.9509094583851624,0.9479215598710831,0.4823015498251323,0.9146163931513946,0.9302334181929386,0.8727803597140285,0.5288821408683503,0.8432685886165938,0.984446564926525,0.79067923289657,0.8339840080055287,0.8086423782133758,0.7785510091061866,0.9052651084803364,0.8797986579063537,0.918655012023091,0.6985279040322143,0.7506093736290069,0.9307016541888506,0.8499695075069951,0.985285931835219,0.695343446426582,0.9165942812048375,0.9125111785873636,0.9926045211913787,0.8541983581991326,0.6689218616853777,0.5528314585484418,0.8105788943203356,0.87913149540803,0.9665480300996037,0.8761423811272769,0.8133441486079462,0.89845309930464,0.8879608031238044,0.5239861384627501,0.8733158207335041,0.9052541259973348,0.8851067435299687,0.987885706373519,0.8261685998760953,0.6666387020145346,0.5332377025939613,0.8449320637799715,0.9780340428202864,0.9621698344437761,0.9872125588573133,0.9677003624281724,0.98145106467318,0.847840826237674,0.4841750412915168
p171_T,0.8346401367636844,0.7655982280598335,0.980038543847977,0.9204433180544871,0.7935775465776655,0.8547624211186655,0.6184698006635503,0.6339089292677039,0.6091066398010578,0.8383410681534733,0.7330243442666793,0.8693255390952425,0.8418457128185749,0.664014552203144,0.9562639755146329,0.9546431439733852,0.9913340962430535,0.9831416560900629,0.9329331696757048,0.8781669771911615,0.8009922364213401,0.7254970789730761,0.9633833609692748,0.8879341694171781,0.71811984507629,0.7215739138624426,0.7566456663162975,0.7162524708753029,0.8781669771911611,0.6150970216672604,0.7154557080917079,0.846039188302693,0.7931903099733727,0.8414006636167939,0.8218581062145831,0.8990930464480498,0.8204479852768936,0.7231257403883,0.846875198060719,0.7260287121535705,0.8681591602101821,0.8962260618827895,0.9960563884710266,0.8445487125198012,0.8348751429585499,0.8751338079778581,0.8006907814269044,0.7105135752212726,0.6616678205445088,0.7312953161277054,0.9084914293220664,0.9675750359473789,0.7433712257147442,0.7904818029514931,0.9776962401979465,0.7953579316392432,0.9088493843982655,0.7539334992316542,0.8567685411821316,0.8184192001105326,0.6182089820298569,0.9963720819534703,0.8206825372392232,0.6726132992523187,0.7882404231802296,0.6618830038563263,0.9041518476198138,0.9893790962134836,0.7925496804405615,0.8314127999927394,0.6575582306379242,0.8019914160466427,0.867055737779324,0.5467185253016723,0.7539334992316542,0.7499342835135175,0.8451281760864108,0.9521812686065971,0.8191075254927642,0.8174671235160889,0.9747664232800967,0.8841374736981631,0.6633454161597223,0.721573913862444,0.7539334992316542,0.6386133808607788,0.8447678414565514,0.5369969034342543,0.9901058534640805,0.7734367193080807,0.7539334992316542,0.5224750007114818,0.9404257668148814,0.8100902097066466,0.7659726654239805,0.8298393141312634,0.49617525535786644,0.7858109573836501,0.5914416207925094,0.7105422356556619,0.7820810912714835,0.8006907814269038,0.7539334992316538,0.7024858808838013,0.6404135188722152,0.797572676765083,0.5675755951941179,0.5911094883852221,0.9076416739821288,0.5818509497882385,0.51370910074293,0.8740653047751787,0.6946856801680792,0.5964336970501867,0.8006907814269044,0.8113987527389621,0.8402489527348127,0.8301859677307101,0.8841704956632956,0.5711423987114819,0.9028701983556404,0.6249895143719493,0.7415097501351389,0.9201171871813778,0.8424798490915246,0.4685959434051592,0.8204479852768936,0.7080955573842699,0.9108358506914171,0.9761360880102046,0.6387695048210741,0.8979325564091181,0.8729257271101267,0.8468751980607188,0.7566456663162977,0.9136313141757206,0.828815009185935,0.9978302091488738,0.8416996066004396,0.7649227650741164,0.8624875249384102,0.8072939885273205,0.46169657438993283,0.8300121387746695,0.6069378811087542,0.7074819193649831,0.8149622918828372,0.5130956558562165,0.8547504953716945,0.6625882865901676,0.80729398852732,0.6865278504975503,0.5695101354970795,0.6641109727989545,0.9353779681295005,0.7590841549739357,0.6975346059997896,0.997082051807512,0.8613763036790832,0.48987144026866414,0.5195314804054342,0.9513791125088928,0.8164999142521172,0.954830588697709,0.8392978284748267,0.6510360782094318,0.802824951866428,0.9199994904187996,0.8645692372246889,0.7873578603671447,0.8020915799692516,0.9108358506914171,0.7319737850758523,0.5963454976714637,0.8311684748191934,0.742297462288926,0.8652529232203945,0.8537627874530492,0.8051746103052677,0.84247182477762,0.6949765039345386,0.7304659335870836,0.9088493843982655,0.7734367193080796,0.9787586045478252,0.517790510699708,0.5307884142445533,0.9367871361311328,0.7158310782765137,0.9502624026349404,0.9140986247073861,0.7771181996320539,0.824580440976189,0.6320948499470755,0.9889575242809014,0.7539334992316542,0.8004488158253994,0.8986638526651574,0.9283351235557202,0.9431566095970381,0.7934811230577729,0.8009165455847471,0.7539334992316542,0.9397824347902494,0.7415405701395721,0.8737775624853946,0.7539334992316542,0.9571817780153082,0.7292641966099436,0.6744539331970609,0.8881936289170864,0.9628998967509308,0.745956893031412,0.7539334992316542,0.7833820231525642,0.7539334992316543,0.8268770541904142,0.9627420224154508,0.9804107747358786,0.7539334992316542,0.6945100159745671,0.7539334992316542,0.7064830893794563,0.7778288862539043,0.6138177575673569,0.8689721007263995,0.8006907814269035,0.6889135944336671,0.7649227650741162,0.7567906191652407,0.9878927564367226,0.6644428990593527,0.6306905445725561,0.968326120207631,0.9978302091488738,0.7896355831135584,0.7876960580110577,0.9953670317102621,0.9999514641584037,0.987038947567314,0.6924392321874617,0.800053966044274,0.48987144026866414,0.9408468422255942,0.7539334992316542,0.9286925750188175,0.7539334992316542,0.359724727255332,0.7735987836865577,0.9397175498317529,0.6490316140347965,0.6889135944336671,0.8296106003559922,0.6508372181743509,0.9052390855470804,0.5279766051172146,0.8791289604932913,0.6805550791791027,0.8075195577599243,0.4914004111984349,0.5491996940022306,0.7300921221678973,0.7734367193080807,0.9846082159441185,0.863965524205383,0.846875198060719,0.6399742695790284,0.7668572729535402,0.7632615192371253,0.5727496243004169,0.4366499019339467,0.9041518476198138,0.8167389253454118,0.9814978333486011,0.7772508440406969,0.797572676765083,0.6070411100612556,0.8695181657321371,0.7714082079547531,0.8540857213461726,0.797572676765083,0.5823139082162085,0.4917521995566132,0.7882404231802294,0.7970089712816708,0.6837398418840164,0.7705531152105061,0.7652913771465648,0.5596292546416517,0.8719156351469493,0.8376572239763223,0.8911037800760973,0.7687903454848992,0.7975726767650841,0.5475755571962452,0.9033742852016011,0.804511950525291,0.8808550070420345,0.7975726767650844,0.7822140588685709,0.7689359732262784,0.7381745475559089,0.779247365581067,0.612252762225011,0.8131876446517081,0.9212414462924949,0.9736204603374744,0.9023440740856743,0.7361482128811117,0.8599861198875876,0.8286163545548939,0.55251697192112,0.7607192446015756,0.7138587625957881,0.4969568930746836,0.9844764601869229,0.7435158876658543,0.9490399658550022,0.7590255824145002,0.7292641966099442,0.9822002785782178,0.8677948901927199,0.7539334992316542,0.8148130677930066,0.8620181183273727,0.6898986661254143,0.797572676765083,0.9829415896450739,0.8009165455847471,0.7539334992316542,0.7181198450762898,0.7975726767650841,0.8547624211186655,0.7615905462344099,0.7061865399459981,0.703770648508707,0.8729257271101274,0.678039170591382,0.8135852036593485,0.7648996551939877,0.7677332599924074,0.7963040321462844,0.8376572239763221,0.803346020381679,0.9018920311397485,0.761613848998631,0.8313650107251243,0.9666483139263964,0.690836267373922,0.625834331091597,0.6559245800575981,0.756645666316297,0.7459568930314135,0.7744522412864432,0.7901338271648537,0.5964628252397683,0.6508356625877276,0.7678033904896602,0.7539334992316542,0.5654374485003771,0.9851080065721175,0.6704252288358061,0.676241242117489,0.9844764601869231,0.7093550363348489,0.7539334992316542,0.7539334992316542,0.983472278589818,0.9619309154461492,0.5739082075418835,0.7539334992316543,0.80729398852732,0.753933499231654,0.8020915799692516,0.7750363742013961,0.6564161211009636,0.9518974166900767,0.6305896894731016,0.7732053839664661,0.8458888964554567,0.8207024047890406,0.7539334992316542,0.8258369643407422,0.6324269178883943,0.6625470280284794,0.7342260440350005,0.6705487786183315,0.6342564304030942,0.8376572239763223,0.6101879664392922,0.7539334992316542,0.6769123648084419,0.7988852253869219,0.6568760381468268,0.9780052395526645,0.9079333388686723,0.8519427550905743,0.7485827903692641,0.7539334992316542,0.7533419064447598,0.7330836207003228,0.7539334992316542,0.8503646797718656,0.8120007075806183,0.9706383461888148,0.7732646351235051,0.5633130727289113,0.7539334992316542,0.8070297787310681,0.8156081874934025,0.9180412008234591,0.40052906700894964,0.5629382424166087,0.8467336776804282,0.6969120067076575,0.7520404078076695,0.7705531152105065,0.8779023381318594,0.5536853726907314,0.802700117343915,0.5209202277057922,0.5736740475345319,0.924016078241207,0.8715643646119267,0.7792473655810663,0.6898986661254143,0.7539334992316542,0.8990930464480498,0.9533274190881251,0.7582556261492368,0.9260648845378926,0.8780416307551022,0.7649227650741166,0.8176213524362459,0.8787715543380794,0.7649227650741166,0.8791289604932917,0.753933499231654,0.914899677409792,0.8870495744063416,0.584437873010164,0.931706337413675,0.5321005854208968,0.9490399658550026,0.8860317234569302,0.8486096155225891,0.8270347103949393,0.9163302989466369,0.8427304828592406,0.9193205109136225,0.7534707915173768,0.724578873234202,0.7189400050219037,0.868982328583106,0.9379585115982931,0.9815167787252908,0.9365372717045821,0.9199994904187998,0.7595747459702062,0.7488623548060711,0.8844546486233378,0.8060766523799854,0.7357016583543142,0.4814281927757311,0.585285068115807,0.7765806196062943,0.8870281273867178,0.4299665296775317,0.6097024496548928,0.8231279160941704,0.8841374736981633,0.756790619165242,0.7737722875880211,0.9521812686065974,0.8729302010090203,0.6812247953600248,0.5894739615741518,0.0,0.7705531152105061,0.965633196863918,0.8869476526162334,0.7891248258876202,0.9525904672451102,0.9667732929033599,0.7909339296839055,0.7002024126626709,0.8855910064126518,0.9767807153698236,0.7827221585303816,0.9652576040289695,0.9978302091488738,0.864026090958365,0.6771657840301015,0.7940801006393581,0.8084656997877224,0.8009165455847473,0.9242851916485776,0.7941230026211202,0.9500908648202142,0.7305691741022118,0.7594680288629538,0.7539334992316542,0.7882404231802298,0.7539334992316542,0.7539334992316542,0.5987591555439449,0.8945191137012636,0.625834331091597,0.7539334992316542,0.5699782373218902,0.49408142136109656,0.7367738192640771,0.5517382247539577,0.7964322386058715,0.905834117242897,0.8196540567735573,0.9453611891916789,0.5806787998919323,0.9713896598401243,0.7650303535768088,0.7882404231802298,0.7217129777751454,0.8500466024305564,0.7086722436656603,0.6366738835048891,0.9459326098591596,0.8606021896709699,0.8673729895189499,0.8206906175910369,0.5605754971957064,0.7705531152105065,0.6820955999945781,0.9405447860731917,0.8962260618827895,0.8529786463160284,0.6726236828362643,0.6505692340457165,0.7206872847313976,0.8759333954053654,0.9638264500327989,0.8075195577599243,0.8447678414565525,0.7912862007463008,0.8206838252276663,0.6602463643940588,0.9182550729031203,0.8416996066004399,0.9016022915360883,0.9825894115428623,0.9988269287460856,0.7419162617701649,0.855876198138082,0.6382835472589403,0.8235183375189858,0.8174671235160884,0.709571812999836,0.5712004860080423,0.8786867325002341,0.8681912769076578,0.7732053839664665,0.9500908648202141,0.7873624268598518,0.7539334992316542,0.7792473655810663,0.8465165931225636,0.7539334992316535,0.9658514487828617,0.8928364810798012,0.887350407189178,0.7454472155711291,0.8393023248442444,0.7567906191652412,0.5615077430925131,0.8383410681534742,0.6697939661515824,0.9765320379776992,0.816972175981487,0.7649227650741166,0.9013250902550523,0.913477270135624,0.6815363726303545,0.7263165016573891,0.969019060471383,0.6298405796001134,0.6859433270678275,0.8412901753351786,0.7399982607969422,0.6930017560415591,0.8847075957104071,0.9381611609803776,0.8072939885273205,0.8350693703705341,0.9954186924604507,0.8089076284800767,0.8879526690797095,0.8931838517637833,0.7734367193080809,0.7436367992457211,0.7834271480057995,0.9293530163238195,0.8724909331012398,0.928070222625516,0.7703108952592652,0.7626910401356541,0.815684095718271,0.9639711661269145,0.6771657840301017,0.9544214840998264,0.9764896015378,0.7556094989401785,0.9383156769680847,0.7792473655810663,0.8920577187212426,0.7539334992316542,0.9112441553549588,0.9491680935440499,0.7069635370341181,0.6704252288358064,0.7539334992316543,0.7039137010814314,0.7750926632694406,0.8402453045498627,0.6245639728413988,0.8611239795475513,0.662393066304134,0.8111346014733071,0.7524671868784258,0.9345865373828295,0.6132037477085821,0.6301661947219972,0.934180176296304,0.8206906175910373,0.5619830632158711,0.866593286689338,0.8609661138596993,0.626298925996633,0.8174671235160882,0.9404989080424584,0.7381745475559089,0.8174671235160886,0.786497423890291,0.8032091401259471,0.8104946185054887,0.906105096444444,0.8136840074524115,0.8301859677307099,0.9632609043991707,0.8212740235897156,0.7869831258446571,0.7223670635912355,0.7459568930314135,0.9978302091488738,0.7305691741022116,0.7459568930314135,0.7734367193080807,0.7019436175618283,0.7539334992316542,0.9825894115428623,0.7398375737604279,0.7539334992316542,0.7037706485087072,0.5324458480736045,0.8978662141860195,0.7705531152105065,0.8206906175910369,0.8204479852768936,0.7459568930314133,0.7558287847988341,0.6114963831784102,0.7611596499586799,0.7143743705152832,0.7539334992316542,0.6364803866206419,0.800690781426904,0.8227664353689713,0.6482339955849888,0.6079753947836606,0.8314127999927385,0.7621244162157081,0.767302243629036,0.8656611947427606,0.71811984507629,0.7822140588685709,0.8472487125315202,0.6965229008540974,0.9403631374439843,0.832145452337384,0.9034797298643933,0.8990930464480498,0.6831214510808628,0.7705531152105065,0.6881589801905346,0.5905355555494615,0.7539334992316542,0.8104946185054884,0.8760246607998758,0.8737775624853945,0.8279467181956763,0.7827221585303816,0.8304274217510876,0.6243480483313776,0.7649227650741166,0.6983127856143154,0.6468782915960971,0.7539334992316542,0.7539334992316542,0.7295667637452556,0.4474489872080264,0.5286458348701488,0.8935677232277056,0.46234609356591183,0.8227531981133633,0.8668636752410743,0.5772630978978185,0.6967792479142925,0.5854585525067205,0.7539334992316542,0.8626712506060823,0.7792473655810663,0.846875198060719,0.8519427550905743,0.797572676765083,0.5665974535782624,0.7539334992316542,0.7539334992316542,0.6636222114703977,0.7539334992316535,0.6481095613825255,0.9163302989466371,0.789998468226875,0.7540907413180953,0.7739461686095093,0.8059310715267134,0.5942144753700263,0.7111929490043607,0.7539334992316543,0.6631238904191137,0.5440220631722775,0.7912862007463008,0.9667732929033597,0.9028561050307846,0.9457911598658106,0.7615905462344101,0.6009855196040683,0.8004488158253996,0.9537663292845179,0.7539334992316542,0.659688115624296,0.7891248258876202,0.6400223224260077,0.5536305719011907,0.8940481556671639,0.9646668271931116,0.6983377811679128,0.6107963699112937,0.8548074383008888,0.5076898217711919,0.5357146237164045,0.808798650744466,0.9844764601869231,0.9020290748176603,0.8424798490915246,0.5978012006240431,0.8460391883026932,0.7734367193080809,0.6966970871829568,0.9933615798161202,0.8288362303202794,0.8913462519349618,0.846875198060719,0.7920112658977982,0.9214657932658727,0.9293530163238195,0.5619830632158709,0.90142416849774,0.6256986327034515,0.9066997851253356,0.9844764601869231,0.7254970789730764,0.868982328583106,0.6685922594580858,0.793190309973373,0.7868860602652397,0.8877213355438018,0.8681890382161871,0.9754195230089565,0.9217593787525815,0.6950551727458445,0.6442158653912555,0.6069776539211074,0.7539334992316542,0.506928548978965,0.8784192254884181,0.8023437480242925,0.8383410681534733,0.9627083332056217,0.7776747290716085,0.6630790863463543,0.7539334992316542,0.7453390405294521,0.6973054189846448,0.732583022774244,0.5544445460886851,0.6345837622192685,0.5731159043893979,0.7792473655810663,0.664008423575446,0.848628960815474,0.5912437281342591,0.5802423610893451,0.733835870075904,0.40836919945906036,0.8547624211186655,0.802700117343915,0.7822140588685711,0.8147028678374213,0.9405650175171101,0.5757547957784277,0.9953670317102623,0.7598346376285781,0.9801779763269942,0.7459568930314135,0.6421621553449585,0.9930225316022674,0.5286646787603786,0.5776248453350928,0.6518681597003926,0.7539334992316542,0.6388535960877535,0.9644142815009346,0.624563972841399,0.7539334992316542,0.5549831010609093,0.7740398403502289,0.797572676765083,0.7108811209865675,0.7734367193080809,0.9856673073376425,0.8741550968285552,0.6144798102010121,0.7609530424170197,0.9033982491498509,0.9863381100586119,0.7480384491578582,0.7539334992316542,0.9821370929006956,0.7539334992316542,0.8301859677307101,0.6494809115237041,0.5896988009151771,0.846875198060719,0.8891253645410904,0.9717598770581417,0.6813996650638551,0.7429157109266338,0.7539334992316542,0.9514863755475471,0.5840870527437398,0.7902298517571982,0.7379036348179207,0.9870389475673139,0.9978302091488738,0.9808550379691969,0.9103033134897103,0.892955162382916,0.5646533002638092,0.6884225551130512,0.892955162382916,0.8428532057750427,0.7792473655810674,0.804511950525291,0.892955162382916,0.846875198060719,0.886074472796128,0.8879341694171782,0.6249895143719493,0.7734367193080796,0.9498398745019849,0.703770648508707,0.7779346713252554,0.9686264653560732,0.990707140852051,0.6508372181743516,0.7590841549739352,0.9792448442019128,0.9405447860731919,0.8022196983113381,0.6245639728413992,0.9639711661269146,0.7668572729535404,0.929830022140312,0.818556711446677,0.7045750816172167,0.8004488158253994,0.8609661138596998,0.8647294683849625,0.9586158293930289,0.9345865373828295,0.8780416307551022,0.7761774481709103,0.7792473655810663,0.7882404231802298,0.8867229116923963,0.7003656384018764,0.9063967292690711,0.8345965615452763,0.8593793363935589,0.8299406890160326,0.7882895602528364,0.7700239733484494,0.8104946185054884,0.5786777189009705,0.7712764125122538,0.6683306155971209,0.6284337340342251,0.9010582186252334,0.8206906175910369,0.9492987985900734,0.901327881215676,0.7433712257147442,0.8087986507444656,0.7454472155711289,0.936294978831955,0.9852091805804439,0.6925811930903585,0.708673574895577,0.9327287231473771,0.855876198138082,0.8950370031569368,0.674899133040082,0.8006907814269035,0.7912862007463008,0.5385893026274396,0.7055765206625222,0.8609661138596998,0.9603109281677622,0.6360833317255847,0.7188903745628299,0.8451674176287411,0.7649227650741166,0.6982054655513011,0.8390457674007994,0.8953553466730952,0.8308284476433021,0.5759059587456389,0.6812247953600248,0.8206906175910373,0.5959419242161876,0.8297437905599572,0.8496097698074867,0.8737775624853943,0.8195250698701007,0.8640260909583649,0.6684406526125795,0.7882404231802298
p171_V,0.868997277839576,0.8083745968845285,0.9469971516571072,0.925818696841238,0.9526370111116407,0.48135510835320494,0.9950177081678189,0.9908845623912689,0.9103107362174552,0.9629078616894173,0.9355505770919704,0.9511016704226434,0.9511016704226434,0.4864825097439194,0.8643746278148465,0.8931410336709438,0.922794642290683,0.7941696693599453,0.9610366993022688,0.423217249270439,0.9326920846792617,0.9425720985427188,0.7192246787541408,0.9736183137840244,0.9412414838519025,0.9361160018916062,0.7937291200594522,0.9681385641755447,0.5109136619904592,0.8192336313917981,0.9300668284196516,0.957509435301382,0.9467071200650465,0.9243180392978652,0.9526370111116407,0.9552175050422179,0.9542136024350834,0.6752940958248903,0.9648659912110238,0.746568282043069,0.9465146323386673,0.9373704232137268,0.9648659912110238,0.9187969445925779,0.9873274034062991,0.754196880873365,0.9558359621451105,0.9072120922355342,0.9348776724743586,0.8991086132420372,0.957509435301382,0.7176249160612251,0.9361160018916062,0.945303040275778,0.9467071200650463,0.933654454952398,0.933654454952398,0.9526370111116405,0.8493193247742896,0.9496037211238535,0.9123992402861407,0.9051147616874998,0.9361160018916064,0.9061873961293254,0.9592404230051592,0.9159971402848225,0.9652137684610216,0.9980012116979509,0.9744168156815497,0.8714717093867045,0.5912744759165984,0.9348776724743586,0.9526370111116407,0.8383948208633001,0.9526370111116405,0.8941307528793181,0.998394872319517,0.9439253608596803,0.8352434350141635,0.9648659912110236,0.995812608116145,0.7265860889701896,0.8147735352468608,0.9361160018916064,0.9526370111116405,0.5646452621119878,0.9393618431817528,0.8178422485024099,0.9011161501496316,0.9511016704226434,0.9526370111116405,0.6007351226801823,0.7820663749515687,0.864695473699941,0.9820451562749648,0.9072120922355342,0.5707601539630001,0.8951222364985463,0.8320602288053405,0.8617289235276302,0.9859410630732464,0.596665164488509,0.7674138938518069,0.7994635118338907,0.9837171114810386,0.9610366993022685,0.532352342221929,0.8110096194294092,0.9412414838519028,0.840479161229315,0.618314305969142,0.952944974054758,0.941617489616416,0.7806685316091412,0.9558359621451105,0.9481701832097378,0.6852134154646816,0.9610366993022685,0.9648659912110238,0.9009385953642846,0.9634451361870242,0.661014623620011,0.8272219822788088,0.7192077201698135,0.9020554008593249,0.7719452573794072,0.9542136024350834,0.9276797318633756,0.6408643693226077,0.9209817665727262,0.881356890785397,0.9558359621451105,0.957509435301382,0.9648659912110236,0.9481398354780852,0.7903415819956479,0.8872325694620833,0.733383379748233,0.957509435301382,0.9496037211238537,0.9391585779706239,0.9629078616894173,0.8362973223813353,0.9450419189054637,0.6164697371521508,0.9166400151447351,0.9001110559421437,0.852744627559685,0.9348776724743586,0.7747002761065521,0.9493957255905624,0.9123992402861405,0.7042792707118312,0.8891971954839688,0.957509435301382,0.9348776724743586,0.7448826923187979,0.89972086045118,0.8666662211060934,0.7353220140715181,0.8153056432519319,0.9558359621451105,0.8381767234348843,0.8155856001785136,0.9041490253843174,0.6634374966840282,0.9042162740830948,0.8518491866146228,0.9312498291554214,0.984448147018685,0.7305581692424303,0.9511016704226434,0.933654454952398,0.9805074801881104,0.8637082826037772,0.9703171020126445,0.6202343224201622,0.9489452656760309,0.9792750106568118,0.806997427956966,0.9177151699279686,0.9339021370701628,0.9617723288059055,0.9511016704226434,0.8686326671635052,0.7417212352549709,0.9009385953642846,0.9082407355488131,0.945303040275778,0.9722155622930323,0.9496037211238535,0.9518893725088031,0.7953903888115899,0.8340710265917908,0.9123992402861407,0.9526370111116405,0.9542136024350834,0.8518109418760931,0.9072120922355342,0.901138337649273,0.9375821720172512,0.9511016704226434,0.9526370111116405,0.9500823944627015,0.8039765114147404,0.9629078616894176,0.9526370111116405,0.9074116486170115,0.9209817665727262,0.9314897302747827,0.8998492893872084,0.9113525537588966,0.9511016704226434,0.9526370111116405,0.8656814261022983,0.9526370111116405,0.8855169510901253,0.9599362530543547,0.9326635883603431,0.9526370111116405,0.9042162740830946,0.9526370111116405,0.963901885593254,0.9560815611946234,0.5252785195063678,0.9198202436892431,0.9558359621451105,0.7866487334406875,0.9496037211238535,0.9967391619170716,0.9425720985427191,0.9607967445595409,0.9268331951049651,0.840242778442675,0.9652137684610214,0.9465146323386672,0.8981086621953585,0.9092735418441047,0.9765777693608293,0.920981766572726,0.9209817665727262,0.9481398354780852,0.5867072331685033,0.9496037211238535,0.9526370111116405,0.9092735418441047,0.9526370111116405,0.7514730454359493,0.6689218616853776,0.957509435301382,0.9324454498571317,0.7866487334406875,0.9542136024350834,0.9198856874256711,0.9412414838519025,0.6740158230805084,0.9355505770919704,0.8705954752723888,0.9558359621451105,0.6307998390962064,0.880379147867171,0.8547546403115025,0.9511016704226434,0.9592404230051592,0.7854849641560682,0.9648659912110238,0.9074116486170116,0.8760112958426582,0.9373704232137268,0.8794015740660153,0.6568854818443877,0.957509435301382,0.8587509369841102,0.8713916811754185,0.7929984735168574,0.9610366993022685,0.840479161229315,0.8095241343896057,0.9386420076357269,0.8461610175508403,0.9610366993022685,0.8944208730785337,0.8878396061803597,0.9592404230051592,0.8946428180839175,0.8770035649415356,0.8204146011716988,0.9243180392978654,0.8200790560505897,0.9496037211238535,0.9558359621451105,0.8949977467327623,0.7648826756137945,0.5364885267646491,0.8423728186277255,0.864695473699941,0.8931410336709438,0.8243093512980261,0.8714717093867045,0.9073884413700835,0.9348776724743584,0.5870304925426886,0.6561065835106368,0.8458639564984103,0.9051664401581994,0.8949977467327619,0.9348776724743586,0.922085571782991,0.8966760243125667,0.9155711502428496,0.8921529459435535,0.7695855319202589,0.8020674121309699,0.8466596566621678,0.6628205208659992,0.9629078616894173,0.9103107362174552,0.5109136619904604,0.9243180392978652,0.9665480300996037,0.9155711502428494,0.9558359621451105,0.9526370111116405,0.9575094353013818,0.6369695431207096,0.9900588676412958,0.9610366993022685,0.9592404230051592,0.9128870094924406,0.9526370111116405,0.9412414838519025,0.9610366993022685,0.9648659912110236,0.9166400151447349,0.8865197128924087,0.6149954545054955,0.9652137684610215,0.8446109430683044,0.9413332452454919,0.7114537153441645,0.9467071200650465,0.7339919640924342,0.9558359621451105,0.9243180392978652,0.9314207822955339,0.945303040275778,0.9166400151447349,0.9648659912110236,0.8114701760536347,0.6518914326351066,0.7929984735168574,0.987327403406299,0.9511016704226434,0.5912744759165987,0.9302947288966976,0.8200790560505897,0.8211902596649279,0.7386871664249512,0.9526370111116405,0.863708282603777,0.9231975163531971,0.979275010656812,0.7974439991732671,0.9629078616894173,0.855756563598304,0.9526370111116405,0.9526370111116405,0.9348776724743586,0.9103107362174552,0.6972093964344686,0.9526370111116405,0.5986100747104806,0.9526370111116407,0.8281884330418343,0.9041490253843174,0.9853618823459059,0.9773757151292214,0.9227712134704179,0.8803288140439886,0.937035292386972,0.9659103732454719,0.9526370111116405,0.8891971954839688,0.6173845042914745,0.791743735015245,0.8543028581013083,0.9227712134704179,0.8098937514705886,0.9558359621451105,0.809851971481867,0.9526370111116405,0.7663159483485267,0.9900588676412958,0.8686326671635052,0.9711333805545742,0.9542136024350834,0.9676785343596863,0.5492945011215355,0.9526370111116405,0.9031349604797554,0.8785004132365171,0.9526370111116405,0.9783400888843532,0.8897682240513817,0.9485667670310041,0.7435863378643106,0.8155856001785133,0.9526370111116405,0.9655262055283296,0.869679002706397,0.9592404230051592,0.9748150819785091,0.9808522265288283,0.9134510531460027,0.914508262091398,0.8994369109414206,0.9558359621451105,0.9051664401581991,0.8941307528793183,0.8896463743514132,0.862719772067565,0.765520907173976,0.9815110427139536,0.9399319300513138,0.957509435301382,0.8481125351096356,0.9526370111116405,0.9610366993022685,0.6824288529506085,0.8255892557605067,0.995812608116145,0.9129884941708225,0.9496037211238537,0.8555160230965204,0.9736183137840243,0.9496037211238537,0.9439253608596805,0.8374011676109453,0.9315357783043753,0.9232615458212055,0.7570601734517625,0.9610366993022685,0.8567565353887989,0.9629078616894176,0.9931163690142987,0.6056102150226272,0.8749591333149653,0.9425720985427188,0.9629078616894176,0.8843680726161757,0.9220855717829912,0.985470710432321,0.9373704232137268,0.9425720985427191,0.9092735418441047,0.5220820189274459,0.9243180392978652,0.9465146323386673,0.9209624555006568,0.9386420076357269,0.972830895242649,0.9439253608596805,0.9300668284196516,0.7677317660603833,0.7879341691923534,0.9951877100611972,0.6646635978282206,0.9184204054837377,0.7577481458318218,0.9277359074596556,0.9386420076357271,0.939931930051314,0.7403348078925527,0.9439253608596805,0.8944208730785338,0.9386420076357269,0.9209817665727262,0.7705531152105061,0.0,0.9522752511635897,0.9576605453602833,0.9371232414100349,0.9465146323386673,0.9610366993022685,0.9314207822955337,0.8991086132420374,0.9592404230051592,0.9858084434319019,0.7937291200594518,0.5355980755969898,0.957509435301382,0.9610366993022685,0.5688968124224408,0.821513523693371,0.9187969445925777,0.9808926695348984,0.9511016704226434,0.8661586408023223,0.9987120692432441,0.948139835478085,0.7355471990326259,0.9526370111116405,0.9592404230051592,0.9526370111116405,0.9526370111116405,0.8309916996778286,0.939931930051314,0.7460671055388904,0.9526370111116405,0.8222967889645653,0.848697758622408,0.9209817665727262,0.7438624318663225,0.8891971954839688,0.9707442876463777,0.7154815371604144,0.9092735418441047,0.8507258744656063,0.9467071200650465,0.9688487076702471,0.9592404230051592,0.9231975163531969,0.883074072025955,0.8656814261022983,0.9300668284196516,0.9467071200650463,0.9496037211238535,0.8101507923896598,0.47861707760766337,0.9389225366571855,0.9695808922938259,0.7271593664544875,0.9425720985427188,0.9922127245794845,0.9399319300513138,0.8911735721146645,0.9227712134704179,0.9123992402861407,0.9399319300513138,0.9254476077793647,0.9558359621451105,0.9425720985427191,0.9736183137840243,0.9899175865127544,0.8998492893872085,0.8313221593060518,0.957509435301382,0.8998492893872085,0.9481398354780852,0.8754407373431478,0.7608061532115921,0.9808926695348984,0.7917437350152448,0.982045156274965,0.7582445585710914,0.7864057866094467,0.8567565353887989,0.9092735418441047,0.7590398124066348,0.8803288140439887,0.9134510531460027,0.99988951826069,0.9526370111116405,0.957509435301382,0.9681385641755447,0.9526370111116407,0.9276797318633757,0.9425720985427188,0.9496037211238535,0.8147735352468606,0.875912033959848,0.8328391424856562,0.8178422485024102,0.9629078616894176,0.800690781426904,0.995812608116145,0.8754910501451354,0.9496037211238537,0.48629470376985784,0.9267919121317676,0.9878857063735189,0.9944373248680742,0.9156175946573155,0.9244189161714624,0.8108764367449932,0.9064110103549552,0.8873306148945661,0.8738328753514066,0.8268173354312577,0.9300668284196516,0.42321724927044035,0.9412414838519025,0.9542136024350834,0.9916613732433704,0.9917747991232293,0.9001110559421439,0.9511016704226434,0.7677386497295293,0.9251942656894035,0.9648659912110238,0.8872325694620835,0.9558359621451105,0.9371232414100348,0.7555434814691349,0.9373704232137268,0.9491737766988708,0.6691040842540223,0.9412414838519025,0.9051664401581994,0.94392536085968,0.9511016704226434,0.9652137684610212,0.48135510835320516,0.9526370111116405,0.9714058757497572,0.9086148915839567,0.8200790560505897,0.5028881028376961,0.9526370111116405,0.8911663603911606,0.7611811794511716,0.9123992402861407,0.9277359074596556,0.910310736217455,0.6007351226801825,0.8891971954839686,0.8088237225374943,0.7069004195414275,0.9123992402861407,0.8607384721289719,0.9489388080389436,0.9592404230051592,0.5132176572020224,0.933654454952398,0.9558359621451105,0.7600543887391324,0.8505410419770536,0.9324454498571317,0.7856158295427421,0.9648659912110238,0.945303040275778,0.9094857206850571,0.5574520725743934,0.8846853407167914,0.8921529459435535,0.9610366993022688,0.9526370111116407,0.9425720985427191,0.7840536293380751,0.8155856001785136,0.9511016704226434,0.957509435301382,0.948139835478085,0.9511016704226434,0.9511016704226434,0.9243180392978654,0.9526370111116405,0.9481398354780852,0.9134510531460028,0.9526370111116405,0.9497673578995791,0.643033748507548,0.9610366993022685,0.9558359621451105,0.9592404230051592,0.9542136024350834,0.9511016704226434,0.7979107482144298,0.8676499406085263,0.939931930051314,0.8517363824474662,0.9526370111116405,0.9987120692432438,0.44749887336638317,0.9386420076357269,0.8075195577599243,0.9564745711255597,0.9610366993022685,0.3962736435368852,0.9412414838519025,0.8511869157928871,0.9412414838519028,0.9526370111116407,0.9209817665727265,0.6394883563412621,0.969725899748767,0.9448883863785977,0.9439253608596805,0.8714717093867045,0.7465682820430695,0.9695808922938262,0.8733964066108939,0.852744627559685,0.9526370111116405,0.5574520725743934,0.8901811511257471,0.9629078616894176,0.7081071803511945,0.9481398354780852,0.9439253608596803,0.8362973223813353,0.9496037211238537,0.8051635979868559,0.7991647789411425,0.9526370111116405,0.9526370111116405,0.9198856874256713,0.8133482612876619,0.5957189144811469,0.8167620273274687,0.8557565635983038,0.774204275153962,0.7677317660603831,0.8737730460944353,0.9373704232137268,0.94776905754521,0.9526370111116405,0.9072120922355342,0.957509435301382,0.9648659912110238,0.7507844886154755,0.9610366993022685,0.8425509890153133,0.9526370111116405,0.9526370111116405,0.7892117206997185,0.9073884413700835,0.993012223116643,0.9425720985427191,0.9342353692072157,0.8921764228239648,0.932445449857132,0.9465146323386673,0.8456366655300411,0.8458668379645264,0.9526370111116405,0.7600543887391324,0.8299192991696218,0.9542136024350834,0.9610366993022685,0.8941307528793181,0.8820186502619565,0.9519687706310139,0.750884251761011,0.9542136024350834,0.9977802754820255,0.9526370111116405,0.8383948208633001,0.7508842517610111,0.9465146323386671,0.8381369010000776,0.9549771224601906,0.945303040275778,0.9113525537588967,0.7088403617432,0.9592404230051592,0.8774465467393255,0.8715757257382066,0.9481398354780852,0.9493957255905623,0.9277359074596556,0.9361160018916064,0.8255892557605067,0.957509435301382,0.9511016704226434,0.8842921321245036,0.933654454952398,0.8967531793197643,0.9748006002614296,0.9648659912110236,0.5322230711047455,0.9648659912110238,0.9648659912110236,0.9917747991232293,0.9254476077793645,0.9031349604797552,0.9526370111116407,0.9629078616894173,0.9425720985427188,0.9425720985427188,0.7176529953352648,0.9467071200650465,0.9511016704226434,0.9336544549523977,0.9011161501496316,0.9542136024350834,0.8255189618559331,0.969757263765453,0.8352434350141635,0.8447043622091568,0.9526370111116405,0.6007351226801825,0.9526370111116407,0.8039765114147404,0.9629078616894173,0.9373704232137268,0.9386420076357269,0.935838895504223,0.9526370111116405,0.8178422485024102,0.7560495458914247,0.9386420076357269,0.8189630840562676,0.8383948208633001,0.8255892557605067,0.957509435301382,0.8959232789032514,0.8557565635983038,0.8189630840562676,0.9119091929424148,0.9464536062171711,0.7300384715888373,0.9648659912110236,0.6056102150226259,0.9073884413700835,0.9747191147870711,0.9879700133881204,0.8497130258115502,0.9505241704836669,0.7803993678854958,0.9526370111116407,0.9511016704226434,0.852744627559685,0.7595757378098462,0.9821062119112849,0.7917437350152448,0.7691509749968606,0.9526370111116405,0.8027832026517654,0.8725553212046713,0.7793733011421323,0.9526370111116405,0.8507258744656065,0.8642934878799223,0.9610366993022685,0.939931930051314,0.9511016704226434,0.8529561985725836,0.9361160018916065,0.857304564105976,0.7526258963225116,0.914508262091398,0.9464536062171709,0.746781437993032,0.9526370111116405,0.932445449857132,0.9526370111116405,0.9610366993022685,0.7157841180907438,0.8921529459435535,0.9648659912110238,0.9312498291554212,0.7605174113429305,0.9113525537588967,0.9277359074596556,0.9526370111116405,0.8749227387115643,0.8331249716086315,0.9436650679333606,0.969725899748767,0.9209817665727265,0.957509435301382,0.9300668284196516,0.9288957400617388,0.9220855717829912,0.9001110559421437,0.7993052872604908,0.9220855717829912,0.9277359074596556,0.8106601759858287,0.9302947288966976,0.9220855717829912,0.9648659912110238,0.9361160018916064,0.9542136024350834,0.9210904902002871,0.5728587092801483,0.9288957400617388,0.7265860889701896,0.985470710432321,0.9209817665727265,0.9399319300513138,0.9198856874256713,0.9348776724743586,0.9511016704226434,0.998394872319517,0.8550065733210686,0.6329279054430265,0.9901068178489287,0.8446109430683044,0.9177151699279686,0.8704631266035312,0.8527529638705941,0.9542136024350834,0.9558359621451105,0.9082407355488131,0.9430240674671689,0.9324454498571317,0.932445449857132,0.988462879193307,0.957509435301382,0.9592404230051592,0.9175493208075456,0.9312498291554212,0.9191312302437674,0.8905634939977792,0.9300668284196516,0.8955045884064077,0.8272219822788088,0.9722155622930323,0.9526370111116407,0.962778946131376,0.8627436797446013,0.8133139058407438,0.9072120922355342,0.8922554897110133,0.9592404230051592,0.7460671055388906,0.9198202436892431,0.9361160018916062,0.9481398354780852,0.8655688623664037,0.892176422823965,0.915294934512644,0.9866401524377002,0.8752885460677958,0.8868482411505496,0.7088700293650658,0.9617971714026112,0.9188649217256533,0.9558359621451105,0.9542136024350834,0.8941307528793183,0.9324454498571313,0.9695808922938259,0.9452045885097757,0.8725553212046713,0.9303855895559969,0.6532256048760396,0.9496037211238535,0.8435824105613206,0.9497673578995787,0.9669745722372083,0.59666516448851,0.8686326671635052,0.6707907717378434,0.9592404230051592,0.9388267942128117,0.8981026726889998,0.6127778948795624,0.9629078616894173,0.9953978806517947,0.9610366993022685,0.9538477333735609,0.9592404230051592
p172_L,0.9874639252115806,0.8213551610187866,0.8814190381762594,0.9534956790158264,0.9131684630076989,0.8852493927538767,0.8398636653837717,0.9051965394303547,0.8684891814463573,0.878853978185034,0.8948411555416447,0.9283006786161674,0.8663503378902103,0.9622748805148909,0.8755135161284727,0.7792054646766347,0.9698077026919338,0.7665336175520334,0.9105050913754529,0.9166835378272549,0.8401384243592849,0.95837887669211,0.8773273917878179,0.8815889130882111,0.9921546135864782,0.8146188345331842,0.7796551004258111,0.9763530278447614,0.9166835378272546,0.9891231137154575,0.793205601982611,0.9054337506773733,0.7120637250559003,0.9356267126184377,0.9735492166725134,0.910505091375453,0.9127200248974265,0.8751208799002066,0.8852493927538772,0.892061112834474,0.8019175221780157,0.8260366716024994,0.9250632826893765,0.9851623365175692,0.886295303731182,0.7113199435443757,0.855756563598304,0.9247661785971233,0.8233538596579564,0.8648227175150932,0.8612222667022571,0.9952971518068435,0.7913495263156962,0.9010471309686272,0.9838256497964106,0.7833099084134094,0.8107028067837898,0.8453085223330421,0.8539400512691915,0.8354015438796933,0.8050542476770912,0.9879735787139694,0.743264309334545,0.9932728688879773,0.7520666751277891,0.8927438587703671,0.8720988960173204,0.9751250581705837,0.9627052371956979,0.8727426055411927,0.8446119322395299,0.8102074567339506,0.9131684630076989,0.9143786725328966,0.8453085223330421,0.9267741739183954,0.8633657763496987,0.9491876233274414,0.9019752565914652,0.995308937439624,0.9208363590634636,0.8236680713869196,0.9945717595450199,0.6967256928995695,0.8453085223330421,0.969660942614972,0.9329138271266539,0.8760470725784701,0.9291614365771501,0.8402939714046165,0.8453085223330421,0.7984374348704286,0.7990568456988291,0.871061305941401,0.8411908676646682,0.9948644048725694,0.8605596096642311,0.9329707512857153,0.9294813257171428,0.9518506342075166,0.878367354250923,0.9201023553084944,0.7320262020132552,0.8004390603484391,0.9061057581353456,0.8727426055411924,0.988444059239999,0.8515872918835932,0.9921546135864782,0.9361433667145862,0.8568362476989846,0.8664184631162983,0.9716081126946842,0.920090829162381,0.855756563598304,0.9211799333828855,0.9010471309686272,0.9088679893884182,0.8852493927538769,0.9554458510821404,0.8888629911708117,0.8521741850126677,0.8423379076513388,0.8148187834615364,0.814618834533186,0.9392315085671863,0.8504578012789958,0.9730533608234011,0.8989651095456501,0.9239298958700635,0.9301314967890109,0.855756563598304,0.9278919760223632,0.955495047504124,0.6961427014650599,0.999245283018868,0.8865119752575765,0.9721034599974786,0.8945571213623098,0.8354015438796938,0.6660464656299392,0.878853978185034,0.9336206349425331,0.9237819021706026,0.904964374174999,0.9355592662581602,0.9409669977890665,0.8910644087836375,0.9149635305599799,0.9262269718464414,0.9319982236038633,0.9691524099178217,0.9535265384885427,0.9520133767242596,0.9278919760223632,0.8560122921849627,0.8121025642952923,0.6780382571538506,0.8508040276344653,0.8201202415073896,0.7881101966935202,0.8879294594533991,0.8718048700433565,0.9201335709009506,0.9700517853314718,0.6386334534347928,0.6788749292271643,0.9893311905020261,0.8631024236475755,0.9868763102725366,0.9324383188985059,0.840293971404616,0.8058647575691202,0.8333705878337403,0.8810874212378381,0.8146648030725792,0.9088679893884184,0.8311081856034908,0.8324967544324409,0.8461965527980135,0.9826557702689327,0.7911045522893105,0.9411938525033876,0.9576362476866849,0.8446638977563306,0.8919716716903021,0.9267264288975028,0.9818626266609313,0.8213551610187865,0.954958245319263,0.9210652057913622,0.9222964508422231,0.9644375945454982,0.9569363184940949,0.9873855390556807,0.8453085223330421,0.8815889130882111,0.7933892545030741,0.8897170654594009,0.8935495686612982,0.8364435105839156,0.9869718167572021,0.8453085223330421,0.9717239764890624,0.9392088284752708,0.8788539781850342,0.8453085223330421,0.776934619859081,0.8008875416489629,0.8798395353926876,0.7792332061083896,0.9459726162200177,0.6903369234671064,0.8453085223330421,0.9893947388387585,0.8453085223330434,0.9546314715584276,0.984495562764134,0.9976581726799281,0.8453085223330421,0.9979406633474794,0.8453085223330421,0.759329160307087,0.7357134125224756,0.9763530278447614,0.9794422037446149,0.822514477850743,0.8989669175594188,0.8639560978502496,0.9511382489921302,0.9329138271266542,0.8667494278414473,0.9438244759429223,0.8543776825963316,0.89455712136231,0.9236891064479911,0.980614913739112,0.6735209515498701,0.8584454628470262,0.859855233609172,0.7812316443288929,0.886295303731182,0.8361472132600287,0.9496197597619187,0.8453085223330421,0.8336693272015969,0.8453085223330421,0.8186766180588168,0.8453063065897858,0.9387686053374259,0.8904863396123519,0.9119188735190751,0.9127200248974268,0.930941028140886,0.8080897785000021,0.8753243175528062,0.9728267661071015,0.8239048083727627,0.8879294594533993,0.8334122649830302,0.8954788234542528,0.962148029800135,0.8696295404751333,0.9945578164232357,0.8218351185815364,0.8852493927538772,0.871750706042627,0.9259313267189391,0.8427611657869749,0.9288995822945738,0.8165903485558248,0.9612268306824159,0.8883221779819919,0.9167047446759191,0.8342071377611375,0.8727426055411924,0.9966284347565589,0.796702141565383,0.7671691400333684,0.9995198930586716,0.8727426055411924,0.887525584420597,0.9088143882277215,0.9015174087358586,0.9815808258840135,0.8991028001629288,0.725995790285457,0.9965634851350169,0.9104289413045676,0.8354015438796936,0.8879294594533995,0.8879294594533991,0.8445984465579952,0.9088679893884184,0.8556619977404636,0.7572514186523442,0.939475182203025,0.837550218501353,0.9466304752226786,0.7622165788456624,0.9607683660109915,0.9781743137324748,0.8720988960173204,0.9201335709009508,0.9297671151271446,0.8879294594533991,0.777549024206944,0.9839152575187717,0.9549902612319298,0.9200908291623813,0.9058966299687157,0.9981808126976586,0.9957995939384297,0.9432620433505413,0.8278648452610882,0.9319982236038633,0.9940394767033787,0.9166835378272546,0.9762512276294903,0.9777906175295892,0.9762478048465678,0.9522752511635897,0.8453085223330421,0.8612222667022567,0.9226406470081114,0.8130722339870082,0.8727426055411924,0.936159000349494,0.9576362476866849,0.8453085223330421,0.8080897785000023,0.9088679893884184,0.9250632826893763,0.784417492167466,0.8313071924983411,0.7912375393615867,0.9278919760223627,0.9927977422665929,0.9159545965219331,0.9671851625972882,0.853117195359284,0.8793964918372347,0.8557565635983042,0.8137531675852792,0.9283089774056485,0.901047130968627,0.9166665444968227,0.9250632826893765,0.9082194554642244,0.9628119998539303,0.9197056990053938,0.9698077026919338,0.8402939714046165,0.9474080822015714,0.8521741850126678,0.9628569173049002,0.9670222424999593,0.8890401470506,0.8453085223330421,0.8810874212378377,0.9098323214516961,0.811946875157844,0.7893255855183641,0.9319982236038632,0.9313626834381552,0.8453085223330421,0.8453085223330421,0.9018171276359737,0.988024766831333,0.9392409081725516,0.8453085223330434,0.9166835378272546,0.7018358251808481,0.7095865591070429,0.9613471139399274,0.7881721823193135,0.9660700296626721,0.5923688982684645,0.8633657763496987,0.8484290553592545,0.7968221334793171,0.8453085223330421,0.9206229176249117,0.8968895985718276,0.8767110789578223,0.8720316113640416,0.8744114737156556,0.769642907993473,0.8557565635983042,0.9646502235370755,0.8453085223330421,0.9530603497394292,0.9309653756206251,0.7870385126706989,0.7498576815713965,0.9938866396749273,0.8260449504152778,0.8259410028852325,0.8453085223330421,0.8905469223114307,0.9022131561094184,0.8453085223330421,0.917069043956926,0.9214825159020008,0.8471488380028711,0.888952036355018,0.9593170511852176,0.8453085223330421,0.8720316113640417,0.9037766548297101,0.936159000349494,0.9157293962060387,0.939348578965012,0.9747769369949977,0.8877390640799854,0.8394482358305895,0.855756563598304,0.9320629895212051,0.8798395353926876,0.8773273917878177,0.8910482026713131,0.9954566396159024,0.9288995822945737,0.8283175748678027,0.8612222667022569,0.6501870764645937,0.8453085223330421,0.9088679893884184,0.6993463642970865,0.9503605064578037,0.9988219696289207,0.9317134318735507,0.8354015438796938,0.9618878379194675,0.8815889130882113,0.8639560978502501,0.9988219696289207,0.7622165788456624,0.8744831409853471,0.9891536062410013,0.9880247668313328,0.9466304752226786,0.8799912114281396,0.9166835378272546,0.9807391009184676,0.8528224833278104,0.6680475757836992,0.9583788766921101,0.8185095446772015,0.9119021488417363,0.9763530278447614,0.9146116794985921,0.8191038684576517,0.7291934306030048,0.7570626016884328,0.9512060612711242,0.9762512276294903,0.8193134627880121,0.9590216157592657,0.8393743380180233,0.9545393092820333,0.9728267661071017,0.8580451464193861,0.9114916536088422,0.8896620890704731,0.9098086849132957,0.9698077026919336,0.9088143882277215,0.9641201488230351,0.9745530391331472,0.8634427373462423,0.8283175748678027,0.8934289160308708,0.9468315625852826,0.9855572625449177,0.8634427373462422,0.9777906175295892,0.965633196863918,0.9522752511635897,0.0,0.9111744442946379,0.7487319267371967,0.8715012846180017,0.9088679893884184,0.9532397989068457,0.7036729452945862,0.8559914499686949,0.9564871705265279,0.8074925667460617,0.8306203710906812,0.8612222667022575,0.9088679893884182,0.8148187834615364,0.9905020986323625,0.7837192346502134,0.8989651095456503,0.9869718167572021,0.9019752565914652,0.9700545573574975,0.830620371090681,0.9689667207643886,0.8453085223330421,0.8668758171222237,0.8453085223330421,0.8453085223330421,0.9951129595451889,0.8038126664077958,0.8409384548207715,0.8453085223330421,0.9317954281057125,0.9155074743814422,0.8991670282493118,0.783677274558768,0.9206229176249117,0.9496385929755365,0.9880247668313328,0.9226406470081113,0.9239226011356902,0.8259410028852328,0.7670308658241519,0.9708005919631291,0.8094100415072518,0.880849831126425,0.8609676128251857,0.8609834943545882,0.9346457727814363,0.921065205791362,0.7484788474144701,0.9015174087358588,0.805382444843362,0.855756563598304,0.9175128122831238,0.8124356772187871,0.8733512662611458,0.8773273917878177,0.9997887290540712,0.9336294601986277,0.8779867642285273,0.926633340532123,0.9825543320961883,0.9522752511635897,0.8888308259151552,0.8070999688196357,0.8745183787921633,0.8937465205501105,0.9252071323801312,0.9612268306824154,0.7197710432090836,0.8306203710906814,0.8979383616016574,0.794975568170605,0.9283006786161676,0.9932701699716742,0.8192793116817607,0.9156811575686242,0.936543835925185,0.8939046646741244,0.9883880331853732,0.8535242608358199,0.95837887669211,0.9332755535924939,0.9410464910616112,0.8453085223330421,0.8612222667022569,0.7852566843364379,0.9358796528302649,0.8860354333360424,0.881983727995742,0.9210652057913624,0.9616051284891652,0.8125508980570535,0.9018323002478255,0.9545453231713141,0.856339104319422,0.9006308435036714,0.9468315625852826,0.9193913416035161,0.8354015438796938,0.8531171953592833,0.8712270816064926,0.8649622039098555,0.8393743380180233,0.9538933360392812,0.9003969222081993,0.9720380587489231,0.9196983424304845,0.9831242573594569,0.8366037406291142,0.9875563487379607,0.9258230387913633,0.9166835378272549,0.7923990056729588,0.9627555278657121,0.8750135632959388,0.9527995052627671,0.8407622607028142,0.8402939714046165,0.8531352446173268,0.8519035433510945,0.9156811575686242,0.9642209868209652,0.8879294594533991,0.8491542066816399,0.8051225416546712,0.8023793742731757,0.9465480938654508,0.9228846908561616,0.9329370334459521,0.9297671151271447,0.7412259951528896,0.9576362476866849,0.8612222667022569,0.8852493927538769,0.8453085223330421,0.8137531675852789,0.894981698387855,0.9978221006948502,0.8941463922562309,0.8453085223330434,0.8189646330870524,0.8935509027224332,0.8849825569793063,0.8780454400456082,0.9940394767033784,0.919425113889746,0.8735372289758898,0.8350255841036902,0.8460362824838279,0.8120500404278702,0.8264080563993121,0.8379426721840417,0.8668758171222237,0.9705937692240703,0.833257655939501,0.9201023553084946,0.8059945119496473,0.9648771726248766,0.9094884033092887,0.8219438084736305,0.9250632826893763,0.8213551610187864,0.9460319017180565,0.9056892759978576,0.7920358373263465,0.9346959213088937,0.9449933732356441,0.9660700296626723,0.9906910241769782,0.9813303236763472,0.9723782112799733,0.8402939714046165,0.8945571213623102,0.8306203710906808,0.8402939714046165,0.8402939714046165,0.8950021976073848,0.8453085223330421,0.886295303731182,0.7541029144049772,0.8453085223330421,0.8875111366744599,0.9863955564287341,0.8021289398337756,0.855756563598304,0.9599162248096005,0.9749822485158575,0.8696295404751337,0.9051965394303546,0.9985249843590973,0.9511382489921303,0.9281528687597851,0.8453085223330421,0.9516650554749956,0.8879294594533991,0.8718048700433563,0.9823649204478848,0.7412337787605054,0.9088679893884184,0.8504578012789961,0.8330592294891925,0.8795111309292425,0.8922768096297187,0.9358796528302649,0.800887541648964,0.9901979221307589,0.7529175869599634,0.769169938432426,0.8971972162838037,0.9449933732356441,0.8233538596579564,0.8557565635983042,0.9148860517099922,0.8910644087836375,0.8453085223330421,0.9358796528302649,0.9252715424289464,0.8788539781850342,0.7567539399184476,0.8584578374109315,0.8428507484980066,0.9461701683971668,0.8354015438796938,0.9480889353535282,0.9014986454760812,0.8453085223330421,0.8453085223330421,0.777248082258688,0.9070092645646235,0.9938177028533236,0.8801295653698944,0.8342138364779874,0.8361214564534885,0.951353558678268,0.9379847863492365,0.7550647796145294,0.9047017261106514,0.8453085223330421,0.9525619254208466,0.8612222667022569,0.8852493927538772,0.8530330551317264,0.8727426055411924,0.985038316569582,0.8453085223330421,0.8453085223330421,0.9072725881497639,0.9131684630076988,0.9321192151716469,0.8633657763496989,0.7627135361247279,0.9932728688879773,0.8682613110480901,0.9410850470579876,0.9029887000794075,0.8079697540197976,0.8453085223330434,0.7273709226693696,0.9211918035213273,0.8504578012789956,0.8743797075282271,0.9120705838408396,0.9145432149397986,0.8222029356901401,0.7286474707483082,0.9004933042472818,0.859070244027738,0.8453085223330421,0.9918224547761916,0.9696609426149718,0.7979758437920639,0.9452567254108797,0.7920077648985027,0.9010471309686272,0.9098086849132956,0.934523091766276,0.936159000349494,0.9241177620247011,0.8425104965104433,0.9141327700514326,0.8788539781850342,0.9622748805148907,0.999226699726911,0.9837586901642212,0.8612222667022569,0.8402939714046165,0.8979518402097546,0.923477052562345,0.8256504092697164,0.8642160879780119,0.9250632826893765,0.8059945119496468,0.9250632826893765,0.9648771726248762,0.9760234388920206,0.996895788629215,0.8539596452843634,0.9660700296626721,0.9166835378272546,0.932913827126654,0.9142958754806105,0.9025061048619079,0.6577113401077993,0.8663503378902107,0.8960841541919653,0.7274619570677872,0.8504578012789952,0.7466090471292912,0.8897478654628073,0.9819905218645231,0.9534738258017303,0.8453085223330421,0.7984374348704286,0.8754988991654504,0.9439544618652653,0.878853978185034,0.9373903551042682,0.7995996720587011,0.8964478158158439,0.8453085223330421,0.8891301143439447,0.9365438359251851,0.8634427373462423,0.9456033506216517,0.9143786725328966,0.9705825294886266,0.89455712136231,0.8579112940437776,0.8897274633123691,0.9456033506216517,0.9361936680567378,0.877623523612108,0.9780946194442508,0.9648771726248762,0.9998519340878549,0.9056892759978576,0.860682167451319,0.9247195453614794,0.9197076877011945,0.8994167133788582,0.8537161510969937,0.9962604064950795,0.8402939714046165,0.8359514081071129,0.8570294575069227,0.870992540777977,0.9932701699716742,0.9874639252115807,0.8453085223330421,0.9138681684752814,0.8904897175343203,0.9412175203975701,0.8453085223330421,0.8827761648218233,0.9346457727814363,0.8727426055411924,0.8038126664077956,0.8402939714046165,0.8660777581821555,0.8130722339870082,0.8499998590564204,0.8960841541919653,0.7412337787605052,0.8038126664077954,0.9108320244310187,0.8453085223330421,0.9793864538694004,0.8453085223330421,0.9449933732356441,0.993657102564329,0.9187551764366546,0.8852493927538772,0.9177820165233506,0.9492548281514932,0.8370437959396484,0.8780454400456081,0.8453085223330421,0.8619483177349179,0.7740834139577748,0.9670319754688854,0.688078042523188,0.943585793190133,0.8945571213623102,0.8825966758335135,0.8696431048367218,0.9839152575187717,0.8407622607028147,0.9354333201336273,0.9839152575187717,0.7850367980772612,0.7054246227170566,0.9234482104503858,0.9839152575187717,0.8852493927538772,0.6734563846820816,0.9627555278657122,0.9234482104503856,0.7783436306786584,0.9336294601986277,0.9921468666844484,0.9478043208209241,0.7812316443288947,0.9263372087078328,0.8161562008720784,0.9247195453614794,0.8663503378902108,0.9838439262575659,0.8216273281429505,0.9956103992504677,0.7346608970925671,0.8573461905758132,0.8456882152166159,0.9824014309141866,0.892061112834474,0.943851136706642,0.8557565635983042,0.8592219757594057,0.9195639537908283,0.9571614253051384,0.9793864538694006,0.9422907351659846,0.8612222667022571,0.8668758171222237,0.8435523681879915,0.7754561997159453,0.7717351936830059,0.970085689418362,0.8609834943545883,0.9051905732265269,0.8423379076513386,0.8104251183537516,0.8453085223330428,0.8295590850681136,0.6445171853184843,0.9659024674482177,0.942290735165985,0.934583805313211,0.8559914499686949,0.9356267126184374,0.8213231176812357,0.7913495263156962,0.7796551004258114,0.841190867664668,0.819313462788012,0.9256020358501102,0.9657746522889943,0.8971972162838036,0.913254158901083,0.8076791997491757,0.9590406883539112,0.9910691696709282,0.725995790285457,0.9127200248974268,0.91207058384084,0.779361196791041,0.9522752511635899,0.7915972197754942,0.8758412832963645,0.9771242035145411,0.8504983624441868,0.9496197597619187,0.8947049595031416,0.9199416686997934,0.6023438957046577,0.8557565635983038,0.8158512052135147,0.7995996720587011,0.9015174087358588,0.8407622607028147,0.9206658609197922,0.943851136706642,0.878853978185034,0.9555021539556636,0.8727426055411924,0.8757810454887763,0.8668758171222237
p173_L,0.8433360158505252,0.8995145751125602,0.6144680196367173,0.8874451807660653,0.8511420268993706,0.9826888816980899,0.9717922787026654,0.952161948594771,0.6976787523846166,0.8607374764874873,0.7865289185667341,0.8164111026582044,0.8164111026582044,0.9913325464581244,0.9770539568825707,0.7246031806216289,0.9543284880080108,0.6817028842856858,0.8883730833751753,0.969625418100027,0.6473883059837806,0.8002569984255206,0.9198762185126956,0.9177021057109445,0.8612508407832882,0.7824733633865912,0.9655446367127574,0.764651625343812,0.9940786013624598,0.9588943841870499,0.7581727381433541,0.8724525586652856,0.730747389984701,0.9107400480700483,0.8221755430097124,0.9729833541377065,0.7537379895670704,0.9824331971815645,0.8680892785394447,0.9808142655925162,0.5510649192752108,0.9691413519175212,0.8680892785394447,0.6951229309490201,0.992253595139168,0.6507256788141,0.7953903888115902,0.8197688297844967,0.7391005667079222,0.700820640643967,0.8404690714821106,0.625081010869598,0.7601473737062696,0.7720790362706331,0.9132688345152585,0.7297226494924047,0.9677680856796698,0.7143607147557585,0.6997188409535975,0.7508613366580389,0.6711027345682947,0.6548505830535285,0.9942667398101895,0.7012814311789677,0.8538966800745265,0.641680154474102,0.9356465182356667,0.906436575549191,0.836480196873993,0.938322463515927,0.9039634448939986,0.7171265940820499,0.9670079624580028,0.5475324084488511,0.7143607147557585,0.5625267800242026,0.8491224334005043,0.711704780245791,0.6885071260075557,0.9826888816980901,0.8393503898285486,0.9301638097169646,0.8376570916690955,0.7710068430069725,0.7143607147557585,0.9814283705586102,0.9065503917245785,0.7554315909219804,0.9680872606442633,0.7332476280865157,0.7143607147557585,0.9170148906754851,0.7495867444139478,0.6284939874490427,0.8166338120691231,0.978461663987775,0.9458195897105159,0.4607944279352305,0.5987744513609166,0.5690033418949825,0.8595656146854582,0.980602188182685,0.8511420268993708,0.9439739485327743,0.8771292204695471,0.7650180104070299,0.9720680982117443,0.4903636205505759,0.875219848466557,0.6074876560344191,0.8609518636400586,0.9173673979124738,0.5256967349028652,0.8500246967801985,0.7645217555830744,0.4900869588599084,0.8456143472035889,0.853712192753395,0.826311779704169,0.7235326643051174,0.7320811107167824,0.9706392054913746,0.9950058988075361,0.8411207419511779,0.9942667398101893,0.8793222362539459,0.7238689073196172,0.8898567137233857,0.8727037613151145,0.8353392947227403,0.6706506726211696,0.7645217555830741,0.8716795438693173,0.9791112505823618,0.8474926543023682,0.9956150427663566,0.695908411604621,0.8396960566861429,0.7757290823197938,0.7508613366580392,0.7048037686054738,0.776302718137382,0.7826463951612759,0.7554677664530849,0.9016764887322213,0.7776588662129755,0.833275509465115,0.526447493698746,0.9972117617816114,0.5402347079723011,0.9696254181000268,0.7060906808507592,0.9292690292613248,0.7684742091079906,0.9356465182356668,0.7554980628970189,0.9941149000377201,0.9274812252481358,0.9114144000004258,0.8937529477195789,0.8652392116869965,0.9576605453602833,0.8147003782300277,0.7336925166439656,0.5535768750112042,0.936196232170527,0.8341965186736766,0.651209260544382,0.87970365086904,0.5915955427894752,0.8470377565074618,0.7332476280865158,0.9023889491272756,0.9976436199821392,0.9373830426500689,0.9373184665069725,0.992355755240514,0.978956313767608,0.8461374468406959,0.7480733502050756,0.874058318067837,0.7663574943431763,0.924487097281985,0.9571427493004796,0.9214507760687709,0.9401376954028238,0.6133120221912891,0.8757285386295386,0.7975661440390183,0.9804632438769202,0.8381840243077952,0.9041826209191484,0.5493669908908423,0.4633186614094753,0.8285484928393927,0.7143607147557585,0.9475711879583977,0.8107870483721848,0.9448334129498205,0.5840885437934351,0.7008206406439674,0.9289964199720244,0.7143607147557585,0.4750460612808065,0.6252412388849362,0.8607374764874876,0.7143607147557585,0.8194688264978407,0.7033258503879969,0.7107491534340467,0.815277240656626,0.6735674199612984,0.8739792747287909,0.7143607147557585,0.8516717771526965,0.7143607147557587,0.7325292699734258,0.6845119095055853,0.701518192929949,0.7143607147557585,0.6370316283540891,0.7143607147557585,0.6627134676874593,0.9397118684684787,0.9743172559097968,0.4639316736564175,0.8571276552686214,0.44751003797275346,0.750861336658039,0.8963647188032118,0.8332522392621042,0.8390660174771736,0.8090022035092885,0.9138606136718223,0.8077125695029685,0.948213374378933,0.8073616935966639,0.8796644295305569,0.8333121672508433,0.9296346121047003,0.7221849138643881,0.9922535951391678,0.9398847023826564,0.9477719280502401,0.7143607147557585,0.744731788146904,0.7143607147557585,0.9502445743761577,0.8730574216755245,0.9676300054188413,0.8529864984732081,0.4350831436107653,0.9475711879583977,0.7178760263735844,0.6935503703059177,0.9904632042289859,0.8862944363279921,0.6254707872372673,0.9576605453602833,0.9288800199164572,0.8132718509408758,0.6672034440706696,0.7332476280865157,0.9134425692262829,0.8764897608949531,0.8680892785394447,0.8454609180285999,0.8454609180285997,0.781177897708468,0.978956313767608,0.9842998483648475,0.9684030202148093,0.6441290018314927,0.6902920846664387,0.5956190961541532,0.7650180104070299,0.49138257484352765,0.7925376576111183,0.8608857508248025,0.875728538629539,0.7650180104070299,0.9373358402452808,0.5644285603418597,0.9134425692262831,0.6434965958516478,0.7662229079902547,0.8341860124462195,0.8359053522237656,0.5634236767677689,0.696067384786817,0.7645217555830746,0.9885291785887991,0.554885897082007,0.9576948646187344,0.7574028032810538,0.7786386640722007,0.4324354010888053,0.6937693816113923,0.9729833541377065,0.9171261019833652,0.7830485119596666,0.9751689039858511,0.8724525586652856,0.4955907590627746,0.8262289965174927,0.8571276552686214,0.6512046762044339,0.783712137213447,0.4681496923040048,0.8805732118716418,0.7939167363367834,0.9602515947849365,0.9291903258918284,0.9200973820746174,0.9810597830900354,0.969625418100027,0.6804700966734054,0.8970334570250011,0.7774389061377233,0.8541983581991324,0.8320645573569878,0.8959232789032514,0.7143607147557585,0.8404690714821097,0.7447317881469036,0.8826367914085809,0.7650180104070299,0.9134425692262829,0.8739792747287909,0.7143607147557585,0.933122470987876,0.9923557552405138,0.9027115151432656,0.8416777788723434,0.7229112781362832,0.9070711234195771,0.9036630310524921,0.5595479111902528,0.4378705652849195,0.7793910081937734,0.7999117526510058,0.6729794762119999,0.8341860124462195,0.7353407098119205,0.5098086706444941,0.8456143472035893,0.7957856926374842,0.8645116474237171,0.44049694822814334,0.8359053522237655,0.4589232581722795,0.8207836958759587,0.7332476280865157,0.8840085800226323,0.8168666899477832,0.4879697930379612,0.5426525722441271,0.4641559294364044,0.7143607147557585,0.556336449925734,0.962158121827889,0.8461374468406959,0.9607608832492265,0.9696254181000268,0.6182271179149053,0.7143607147557585,0.7143607147557585,0.9532638165298672,0.8697653094967261,0.8850366754478071,0.7143607147557587,0.8970334570250011,0.8591931342040491,0.9711288343288229,0.4877568062489366,0.5006854100576585,0.8302266503143911,0.9990726223359299,0.9224205858629795,0.43283318467442666,0.45031600525666216,0.7143607147557585,0.45223609307530255,0.8541381372634875,0.45419509685602444,0.5506303091131928,0.7553577722182706,0.9592085566979458,0.7953903888115903,0.4983795493028982,0.7143607147557585,0.5599761748990753,0.8717773221078802,0.8938061262854249,0.8066945353609816,0.9177021057109447,0.5812755543504079,0.86111985036367,0.7143607147557585,0.7670591413214418,0.6926682606344753,0.7143607147557585,0.9172160871873298,0.5188473882716129,0.5217347336630264,0.4681496923040057,0.5331857734176995,0.7143607147557585,0.9234779888011936,0.5641565855710993,0.9466798193261672,0.8696847088727696,0.6709051796030268,0.7809158084928791,0.6790210620662585,0.889750543147685,0.7336531223545585,0.9587975984252077,0.6179758683436101,0.7788072202557931,0.5795644040289294,0.9316622057815845,0.5461259492150037,0.8493417193842444,0.7437455951366186,0.9942667398101894,0.7143607147557585,0.9923557552405138,0.8701496303554953,0.7117927266177635,0.9141745281494922,0.933773058909052,0.7234643607224283,0.8049627333136211,0.9774402702058511,0.7234643607224283,0.8613530568876774,0.8511420268993708,0.9504887906493305,0.4839453118416198,0.9581481333911636,0.9923557552405138,0.5823367837639466,0.8970334570250011,0.9220756705087441,0.9390547832304017,0.7917050265933987,0.9309831092120702,0.9214866402874342,0.6373604157220055,0.7837121372134468,0.9715204726260216,0.8719708978444717,0.7025261284755542,0.6064980423868916,0.8650546456747354,0.8359053522237657,0.9649040979237946,0.9285061505918168,0.9081873862013241,0.8313783095648999,0.864291769268863,0.7581727381433541,0.915636302541505,0.6138558887310737,0.8644057346563712,0.9276195295816003,0.7542812684362032,0.7811602064015718,0.7892954251651072,0.8620020136065496,0.8493417193842447,0.45704221573022663,0.864291769268863,0.6802615410297368,0.8620020136065494,0.8251975627022037,0.8869476526162334,0.9576605453602833,0.9111744442946379,0.0,0.7116448883285142,0.8814504801994854,0.8537121927533953,0.7749903914282218,0.7485911992290359,0.8469680690265142,0.9361962321705268,0.8587088030071146,0.9276195295816004,0.9356465182356669,0.853712192753395,0.8685612447214397,0.4298061424393289,0.5472343838118585,0.7895402867434264,0.7895402867434262,0.7652786385105346,0.8867798484766123,0.7673657790231356,0.8132718509408756,0.7143607147557585,0.7874221798747584,0.7143607147557585,0.7143607147557585,0.5817249304300949,0.8493417193842445,0.9333494290338366,0.7143607147557585,0.7108322777056568,0.6153658949425931,0.9760700705133396,0.8373763641558862,0.4823540088879398,0.7122827473680027,0.9753567891023746,0.9666794777011314,0.5974635076497354,0.7999117526510051,0.9117579377966595,0.8538966800745265,0.7116448883285145,0.5831922017921638,0.8105981783553249,0.7234022380577485,0.8781352288783881,0.8381840243077954,0.9673824613296168,0.9868456804740638,0.8243809592370425,0.7645217555830744,0.8775769108739104,0.7843868042871203,0.7875553516455134,0.7082727211273414,0.630709851638535,0.9804632438769202,0.7410786271332261,0.8214972846829829,0.9961281200327701,0.9267919121317674,0.800256998425521,0.8579639412160385,0.9088158174387538,0.7191400813128244,0.6261280815741348,0.9036630310524923,0.6628353229056022,0.9810374464344217,0.6251998450507927,0.5682676780090596,0.9302719333857006,0.4417691099971859,0.6904941344692889,0.9444890139785416,0.5363880575663296,0.5689873704215236,0.9154607801116941,0.5217397480706887,0.8002569984255209,0.763271801828924,0.7541747624495811,0.7143607147557585,0.7437455951366186,0.783712137213447,0.9380414785683449,0.692691823403798,0.9065503917245785,0.8381840243077956,0.9941566715311256,0.658957642072042,0.9860777826493692,0.5294836018869615,0.8125986986748958,0.6998460176960994,0.964057287030121,0.6742011345379741,0.7234643607224283,0.9563587051057705,0.786282229427204,0.9383519435605555,0.9070711234195772,0.6118512805109242,0.610269422895988,0.4142722841245581,0.7597171600696153,0.8522736019840067,0.7584267000157063,0.48396609196739027,0.8203837409992218,0.8970334570250011,0.9331224709878762,0.9177021057109449,0.6582509870980282,0.7959504857363406,0.9935130424704777,0.7332476280865157,0.6274819246252121,0.5278982373778205,0.9444890139785416,0.6959084116046204,0.8959232789032516,0.9029501370570631,0.949440696611663,0.7130831476064653,0.7910212616245493,0.806350241865572,0.9950058988075361,0.6600676710901128,0.6867634008054773,0.9571427493004794,0.7757290823197932,0.9062891462589933,0.7143607147557585,0.8327847866219924,0.5678323352725084,0.6263019132092749,0.9447214675447797,0.7143607147557587,0.7283093195477202,0.6534886420900298,0.7060906808507599,0.70561177160235,0.5451403963220989,0.9170148906754851,0.6442264325455846,0.7979601329533221,0.8484768818619562,0.9440298563245737,0.7469885379208026,0.796986287170871,0.7541849297748741,0.8796644295305566,0.9461275914808273,0.949733554954169,0.9194928800841636,0.826311779704169,0.7890143656878863,0.8107870483721848,0.8645116474237176,0.7211048207338628,0.8591079607295915,0.995974446347661,0.6935907203893725,0.4566517718798744,0.8537121927533957,0.9460925858730231,0.7843868042871207,0.5621309917528419,0.4830590876111329,0.7332476280865157,0.9676300054188415,0.7673657790231347,0.7332476280865157,0.7332476280865157,0.8553941675857788,0.7143607147557585,0.8854177614335248,0.9544240915477888,0.7143607147557585,0.9301638097169643,0.8444645294787662,0.9230339739969551,0.7336531223545585,0.9134425692262831,0.9774402702058511,0.7051012987580607,0.6149942313956136,0.558201701134375,0.7979857849734993,0.6016143296171039,0.7143607147557585,0.7074079982524124,0.8650546456747354,0.7685150056352529,0.4893802309833224,0.8581971085053988,0.9036615728941468,0.9475711879583981,0.7793910081937738,0.9572110070369475,0.981036891124268,0.8302266503143911,0.7874794357494197,0.8241439854085331,0.9033317448070455,0.9478351767886135,0.9361771952086213,0.9576948646187342,0.936866320340772,0.7645217555830744,0.9897121048756998,0.5925459501319565,0.7143607147557585,0.9380414785683449,0.45878208488713534,0.8607374764874876,0.6902185338911946,0.7406568205967261,0.9611185746489357,0.5135290265766737,0.7234643607224283,0.6049351426539968,0.469852263177688,0.7143607147557585,0.7143607147557585,0.9274812252481367,0.917897934477488,0.8813149817187358,0.8253579050976487,0.60491133035219,0.607544089822083,0.6129686169847088,0.5242930753096755,0.8265743977764696,0.48423654654734616,0.7143607147557585,0.8365829553034734,0.7437455951366186,0.8680892785394447,0.5812755543504078,0.7650180104070299,0.5642214807116224,0.7143607147557585,0.7143607147557585,0.45710555626768423,0.917126101983365,0.4854286804672152,0.7758242809380289,0.6216336831868318,0.6178278134546583,0.91695863125853,0.9482133743789329,0.6418089076968148,0.740303524261869,0.7143607147557587,0.9760700705133396,0.5265911698583783,0.8433452363094305,0.9383224635159271,0.9181577062042074,0.7524254320064248,0.8235509524478353,0.9993013807106688,0.8280948589685848,0.567123202939328,0.7143607147557585,0.5603890290002669,0.9428878730971679,0.7145432447508675,0.8359391396363702,0.807773869502562,0.9985369938138993,0.753917635953484,0.7223967852746329,0.9134425692262829,0.9747249192268962,0.6295354020637227,0.9388356782863467,0.812598698674895,0.8903139858116158,0.837984812047937,0.5980146365825547,0.9364195330316345,0.7332476280865157,0.7714368493380506,0.7941864781330641,0.9107755486283085,0.9638280395080976,0.9791112505823618,0.7599030408171723,0.868089278539445,0.9409113828628135,0.7430812359587233,0.8461374468406959,0.6526623694778175,0.9380414785683449,0.8851906597499208,0.8002569984255206,0.857684956749595,0.7181996428517792,0.7568218820604957,0.8445574319866593,0.8807484549284339,0.951278260525593,0.8280948589685841,0.8163653987711315,0.8258691421341783,0.8932311593488302,0.8167488464980794,0.7143607147557585,0.9488619297321975,0.9380414785683449,0.7747082334776696,0.8607374764874873,0.9173673979124735,0.769631268416999,0.9018866300630777,0.7143607147557585,0.7303262588069792,0.5238241511519237,0.7696312684169992,0.5464467741820922,0.611815511205926,0.5600886065708186,0.7757290823197932,0.8118341824918938,0.9689834676409266,0.8756135307552695,0.5394705391608183,0.9625662829398853,0.7010331360917039,0.9791112505823618,0.9433877182221795,0.8302266503143911,0.9587975984252077,0.9312898439039949,0.6327041078979274,0.9666794777011314,0.48995577428256853,0.9670079624580028,0.7332476280865157,0.5661065675586725,0.5257112382546719,0.7263265833710779,0.44176910999718566,0.38288341069206977,0.7143607147557585,0.5583624816073569,0.4135591646307921,0.9913325464581244,0.7143607147557585,0.5843040430603095,0.8350453582878757,0.7650180104070299,0.8258302196747608,0.7332476280865157,0.5366019356361285,0.8717773221078806,0.9198625748906528,0.9023889491272763,0.9649929152965547,0.8493417193842445,0.5044026531396881,0.7143607147557585,0.8956345869967559,0.7143607147557585,0.8883730833751751,0.9206102581945704,0.6868550946534497,0.8680892785394447,0.8680169939312914,0.8026356396452929,0.7365686982539319,0.7460191958609533,0.7143607147557585,0.6332402249269631,0.47552553015600774,0.7537958384149569,0.9307722475773074,0.5800297375091044,0.9356465182356668,0.5782432313940602,0.8558236858258794,0.9875617203509329,0.7050854830608257,0.5576080563114834,0.9875617203509329,0.7460191958609534,0.840469071482111,0.4324354010888052,0.9875617203509329,0.8680892785394447,0.9496147604495458,0.8579639412160385,0.6477169228498332,0.8164111026582046,0.8353595520387294,0.9070711234195772,0.6689736015872552,0.5988888009854982,0.892031783811434,0.7178760263735859,0.7774720355228901,0.9571427493004796,0.955415826699562,0.7830400739322314,0.8874451807660653,0.6329692547415255,0.5595479111902517,0.8880456953851483,0.6268061937912277,0.9588402929666442,0.9774402702058507,0.7645217555830746,0.7910212616245493,0.9197065733461768,0.9977451916943743,0.9124490146472781,0.7861405787465416,0.8077125695029684,0.7541849297748742,0.9954646953579274,0.7629005959314292,0.9858757717285249,0.8079961319821201,0.8892982456733957,0.8916525662878767,0.9231342686029484,0.8558236858258792,0.743327198645417,0.7549794308251436,0.7443866792247861,0.8613789118378353,0.6852558256326766,0.7327233705375268,0.8802053191263985,0.8943717983098081,0.9785874754870634,0.7601473737062696,0.8474926543023684,0.8586803712690677,0.8313783095648999,0.9844138533518572,0.9436151401013053,0.9361771952086207,0.9727117257889852,0.8727037613151145,0.9565184598700971,0.9965261695229272,0.8879962884971374,0.783607071814524,0.6489002967070887,0.7463662771643378,0.949733554954169,0.9919397489021364,0.6336067689222198,0.9817354932731859,0.9974341200785378,0.8330522644648723,0.47758579319386096,0.9070711234195772,0.6747896391728071,0.8959232789032516,0.5758926537769449,0.768515005635253,0.7874221798747584,0.6730379764597534,0.8783483517815172,0.9774402702058511,0.8607374764874873,0.6910612603127237,0.853712192753395,0.9633725864834954,0.7874221798747584
p173_M,0.9750336028889331,0.9817658539566088,0.8872399394319208,0.9733010371560206,0.9613251513423888,0.9965185747417931,0.7353330246387006,0.7467744905463729,0.844027888989999,0.9354957453078969,0.9401042088409286,0.9576746141532876,0.9576746141532875,0.6685645991781839,0.9535780571182249,0.906944506812154,0.8887581074151091,0.9899281062556811,0.7018004875977801,0.9902416640337588,0.9114290344708738,0.9524593769068033,0.9310028073541696,0.920376187934179,0.9576422202536797,0.8889039599111497,0.6067586926238708,0.8932539868674871,0.9354957453078971,0.7458833608523028,0.9096622933762624,0.9261077324693097,0.9073222074226133,0.8683869765649126,0.9613251513423888,0.8586395319915325,0.9654282935645837,0.6207339565294631,0.9389009867184679,0.6160931078960903,0.9627319675460853,0.9253216361240024,0.9389009867184677,0.8587856401289518,0.8484724767306469,0.8840002147771934,0.969757263765453,0.8640003271366141,0.9143869606810529,0.8725825827815012,0.9743490353345139,0.7365344735162308,0.8889039599111497,0.9817658539566088,0.9466508604266068,0.949904800799596,0.9195321209694297,0.9176344520056336,0.8746755880376645,0.995006237994279,0.9004328410914009,0.9410023301018858,0.9899281062556811,0.8872071589200903,0.9204848999716182,0.8699507442610233,0.83268575320467,0.8696697695775146,0.8296456439809794,0.9631988949207007,0.585898275908713,0.9861817550572929,0.9512934499841005,0.8353154364479332,0.9176344520056336,0.8625343546157398,0.9893117100305694,0.9401042088409284,0.8485790323132045,0.7730110731649058,0.9024846512059139,0.9629590308991038,0.7390406928257862,0.9562533908075042,0.9176344520056336,0.6394450298559888,0.805050044411738,0.8536234582687048,0.9253362655713677,0.9149644520716045,0.9176344520056336,0.623044713866685,0.8441871537990804,0.9911677608622447,0.9438611769441672,0.9331111468114162,0.633185858734238,0.8879754427987612,0.8040216175319106,0.8212191757240856,0.8216098122961992,0.969757263765453,0.5143864566165479,0.9184456140672668,0.9492412835182771,0.932241742150131,0.6448679784240217,0.878660187947643,0.9937773364805664,0.8587960189218706,0.6467440777265523,0.9937940417831581,0.9904299977375838,0.9301071426494215,0.9231975163531971,0.9575013877780231,0.979791455977388,0.9631988949207005,0.9965185747417931,0.811401558628229,0.9461078173419968,0.6523732667884758,0.596291057984814,0.9339476391945684,0.9763971782961418,0.7350362247506668,0.920376187934179,0.9638569490943998,0.9152209695615847,0.891030590621342,0.9031204659832825,0.9231975163531969,0.8809270560698741,0.9389009867184677,0.8484724767306466,0.8893231186594172,0.9613360593369371,0.9291683589350781,0.9743490353345137,0.9123594767995962,0.8434417371166254,0.9354957453078967,0.850621465567893,0.6849019619200368,0.6194991320868743,0.8550346801467696,0.9954728888164717,0.8236768820248004,0.8867504707956386,0.7772804831173216,0.736028742336932,0.9004328410914006,0.9238232592887246,0.8527382835752306,0.9743490353345139,0.8867504707956386,0.9253625180501206,0.6888667644594435,0.8509891603010133,0.6291794653990352,0.7248767613062261,0.7508842517610108,0.9673786919850063,0.7549052917047185,0.9325901666859748,0.5605086847432745,0.858915283745683,0.8620322227114252,0.8024603188717954,0.9500012334294734,0.9733010371560206,0.9149644520716045,0.884623261684109,0.7376538507748565,0.8450906233206021,0.6381909394362086,0.932241742150131,0.898810465721837,0.8917348229536436,0.8576022197224039,0.9121079498127291,0.8665198913465126,0.9195321209694299,0.9998717412550098,0.89663942920041,0.764907347081026,0.8321825453439602,0.9681936997729199,0.904880473824603,0.9689470530700142,0.995006237994279,0.9997647479471945,0.8836798883263419,0.8657666520317187,0.8476598553448089,0.9176344520056336,0.9203761879341787,0.5917599560323064,0.8640003271366139,0.8907781241030217,0.8966003305601591,0.9998717412550098,0.9176344520056336,0.9591447572928362,0.8845536449186113,0.9354957453078969,0.9176344520056336,0.8277850478218781,0.9194760752462123,0.8158904503387638,0.8095590150340124,0.89248302993999,0.8303136803781797,0.9176344520056336,0.9109711638042668,0.9176344520056336,0.9423998534512066,0.8454497869147994,0.7943394291085208,0.9176344520056336,0.9428686160246565,0.9176344520056336,0.8518803889552284,0.9027145695931778,0.6180073508895101,0.9762128504538934,0.9371232414100349,0.8164134594452641,0.912359476799596,0.8207572930178971,0.9001312905981322,0.8620887230489374,0.8324660863614319,0.9846362664950942,0.9743490353345137,0.8620322227114251,0.9421620399028601,0.9002620304917958,0.918493338362241,0.891030590621342,0.8625851059964713,0.9500993698470404,0.5827918626201543,0.912359476799596,0.9176344520056336,0.9452296953714696,0.9176344520056336,0.7198511196013613,0.7391781092553416,0.9743490353345139,0.946847692557121,0.797669738000595,0.920376187934179,0.9704006653996409,0.8978173148387736,0.5453173977446641,0.9401042088409286,0.8799036168154266,0.9231975163531971,0.6413084611449194,0.8573662799412332,0.8676240299021565,0.9149644520716045,0.9706172773228458,0.6547497998035585,0.9389009867184679,0.8277850478218785,0.8473872311681501,0.9937940417831581,0.8336897868247428,0.6067646804926197,0.9261077324693099,0.7948446913245206,0.8598129435603461,0.921174440329367,0.932241742150131,0.8587960189218709,0.9451391643183,0.8977164148691165,0.8018282216434105,0.932241742150131,0.9840312822436874,0.870403333436848,0.9204848999716182,0.8850707526024728,0.9428273933582367,0.4715257672874751,0.9271776793409099,0.8578252957302119,0.912359476799596,0.969757263765453,0.8905634939977785,0.7608625130058744,0.9631988949207005,0.805362483780812,0.7647016855061364,0.8837507054227132,0.831851648407952,0.9109192134561165,0.7765306526370798,0.9530379936367415,0.8397002396163551,0.6879618446090578,0.8683158440519763,0.9350596893811607,0.9371232414100348,0.8867504707956388,0.8645046537943692,0.898137006246266,0.9073551352214813,0.9047270540527397,0.7860350127786769,0.7914489667795234,0.8710979711787432,0.6591030731357144,0.8455205797886557,0.9218963184685969,0.9550124172403796,0.9565730307289084,0.9194760752462126,0.7133901798106248,0.8905634939977788,0.9176344520056336,0.9261077324693097,0.7972565144006394,0.7406741701589029,0.932241742150131,0.9291179679746995,0.9576746141532875,0.9176344520056336,0.9937773364805663,0.932241742150131,0.9389009867184677,0.909716755213914,0.9450756443739078,0.8977164148691166,0.9261077324693097,0.8865915978606937,0.8104151378114213,0.8853719877999066,0.9073222074226133,0.7207093068856756,0.9231975163531971,0.9565730307289084,0.7909477198683657,0.904880473824603,0.980919094651797,0.9965185747417928,0.8074529542262969,0.9258455637190968,0.8649432759953595,0.9290437380995717,0.9149644520716045,0.9470779087788473,0.8843112806828812,0.8388572074136864,0.8599239405494834,0.7758283244244619,0.9176344520056336,0.8861434685414833,0.8664383561643836,0.7727778981325851,0.8664383561643836,0.9550124172403792,0.8897478654628075,0.9176344520056336,0.9176344520056336,0.8867504707956386,0.9742791088932731,0.6446941012306596,0.9176344520056336,0.9550124172403793,0.8639120513105902,0.9123537495604532,0.8829513350353801,0.8281926662579333,0.9949841493208559,0.5371898630224625,0.9156070437830373,0.7633320035555717,0.8173045661957841,0.9176344520056336,0.8981657096112032,0.8767513485475704,0.8440024727363749,0.8671371944080377,0.8763477248373535,0.6925633901385013,0.969757263765453,0.8388461476915348,0.9176344520056336,0.7632421686937118,0.9427224628479649,0.8757909533109132,0.7882890529918657,0.9895196008050116,0.7270177813814254,0.9073222074226133,0.9176344520056336,0.9301472048809083,0.8536234582687046,0.9176344520056336,0.9072141675815737,0.9185606363028518,0.9769279965204983,0.7834545200813476,0.849414085327433,0.9176344520056336,0.904628744835096,0.9316218609176428,0.8202201452691633,0.7710739419722465,0.8216820154696536,0.9293273608862835,0.9050215524046135,0.5768618530205973,0.9231975163531971,0.9899569054508075,0.8158904503387638,0.9626086642338589,0.7817323430593246,0.9932257280612353,0.8624137116554854,0.962608664233859,0.9261077324693097,0.6059753083661952,0.9176344520056336,0.9631988949207007,0.7507219819581505,0.9445812886563254,0.9846566758890424,0.9468476925571212,0.9123594767995962,0.8996613975228367,0.9444674951746068,0.9123594767995962,0.9470371182540278,0.6017678552900586,0.979791455977388,0.9163527048220905,0.8704545362551431,0.9845214236147153,0.8314363497202995,0.9354957453078969,0.9048804738246028,0.9664656501581603,0.8473060230197424,0.7313453781642064,0.9002664985145175,0.8829415071909774,0.9507526530137227,0.7671512005386322,0.9253216361240026,0.9001312905981322,0.9194783163486806,0.9231975163531971,0.8977823279529109,0.9869181600365851,0.8227646923268621,0.6190673064055565,0.986918160036585,0.9846566758890424,0.8783842798904284,0.7236777151203173,0.7436657691751618,0.7093088978598112,0.8887581074151093,0.8513127697375142,0.9899035979880304,0.8743307438550616,0.8932967537832139,0.9664656501581601,0.7783858154600476,0.8717980029839989,0.8819917923336602,0.8932967537832139,0.9763670444959536,0.7891248258876202,0.9371232414100349,0.7487319267371967,0.7116448883285142,0.0,0.8368572865027604,0.932241742150131,0.8671341274913449,0.8725825827815012,0.6698230132154812,0.9342500146938062,0.4859018005704824,0.9098137391625776,0.9261077324693099,0.932241742150131,0.9652256526804022,0.9343744264009455,0.8866580033473876,0.9576746141532875,0.9576746141532875,0.829279709901064,0.9908342652343985,0.9098137391625776,0.7066987123075954,0.9176344520056336,0.9291179679746997,0.9176344520056336,0.9176344520056336,0.8787838185600074,0.8955399645501796,0.8670548609430997,0.9176344520056336,0.785998180519425,0.8356925590061295,0.891030590621342,0.7475391378785333,0.9208794226291896,0.8410687219701034,0.9223668225742082,0.9452296953714696,0.8396515213176494,0.9073222074226135,0.9975339325533321,0.9706172773228458,0.9536354056902001,0.8274558331060211,0.8903204666908906,0.9339476391945684,0.9073222074226133,0.995006237994279,0.7864323003643561,0.9291179679746995,0.7001095885452208,0.9231975163531971,0.9584722125679124,0.9369836237218983,0.6980801327506412,0.9980715070378495,0.9162868502006762,0.5989227485109032,0.8476598553448094,0.8955399645501794,0.8703513274042389,0.983682988822291,0.9001312905981322,0.5840506501313687,0.942247275305621,0.8302740876675128,0.9587435477436583,0.9743490353345139,0.9959946687355163,0.9098137391625778,0.9266592782431412,0.963440451036635,0.8727673249698822,0.8065177674556054,0.9755709899671716,0.7730110731649057,0.7463168253060259,0.851571524113147,0.9452296953714696,0.7890529906806788,0.9524593769068035,0.9642214739412927,0.9688255458999944,0.9176344520056336,0.9261077324693097,0.9507526530137225,0.9613251513423888,0.9941663847661136,0.9369836237218983,0.995006237994279,0.643911253756772,0.8051306963265286,0.9980715070378494,0.8536234582687046,0.9902416640337586,0.770310895259265,0.9024846512059139,0.9544226884542863,0.9123594767995962,0.9859795134306004,0.8465366294435623,0.6822871400056008,0.7932229991952813,0.9806850649961967,0.8282029807009899,0.7934176587944268,0.9474499153842963,0.6318920498391102,0.7652482714754034,0.9218802829549131,0.9965036661662361,0.9354957453078969,0.84923687157302,0.920376187934179,0.8652547116268402,0.9452296953714696,0.9713039565302157,0.9149644520716045,0.8221161926849352,0.7207093068856754,0.8306286611882308,0.9838277365943604,0.9371232414100349,0.813839128907622,0.9917486808400419,0.9253216361240026,0.8659812204023998,0.9409403068620963,0.9576422202536798,0.8850707526024728,0.9401042088409284,0.9574180966633072,0.9261077324693097,0.9389009867184677,0.9176344520056336,0.9271776793409099,0.9201833469106758,0.8767933840467375,0.7430386669273205,0.9176344520056336,0.8795777283393325,0.7627929605695001,0.9676346945421206,0.912353749560453,0.9218963184685967,0.7671512005386321,0.9208794226291896,0.8216913260704302,0.9790111546477847,0.8357022301756417,0.7781710647092801,0.7713886115861177,0.9291179679746997,0.7457537563550609,0.9195321209694297,0.8905634939977783,0.8529600477548239,0.9965185747417931,0.9790111546477847,0.46778981424028165,0.9965185747417931,0.9817658539566088,0.5931244253919945,0.9949841493208558,0.9433139548976213,0.9047270540527399,0.9845214236147153,0.9949841493208559,0.9369836237218985,0.7931999187715966,0.8494140853274332,0.9149644520716045,0.8809270560698744,0.9098137391625776,0.9149644520716045,0.9149644520716045,0.9271776793409097,0.9176344520056336,0.9098137391625776,0.8761017783000719,0.9176344520056336,0.6887295835214464,0.8907425067990439,0.932241742150131,0.9231975163531971,0.9706172773228458,0.920376187934179,0.9149644520716045,0.8221161926849351,0.8945255054911532,0.8955399645501794,0.9013136823555581,0.9176344520056336,0.857770308768869,0.969757263765453,0.9281278923411589,0.8345965615452762,0.6117319994542123,0.8586395319915322,0.9895196008050117,0.8978173148387738,0.9382965016294351,0.7046964066654735,0.9949841493208558,0.9194760752462128,0.7062914868654249,0.8088355852512334,0.7584517188443844,0.7589393300789553,0.932241742150131,0.8812431992605019,0.9231975163531971,0.7247063523033392,0.8236768820248004,0.9176344520056336,0.9949841493208558,0.8318510639473145,0.9354957453078969,0.7097752650177309,0.9500993698470401,0.9401042088409284,0.9472678590335448,0.9123594767995962,0.8867173358134425,0.8758722764856528,0.9176344520056336,0.9176344520056336,0.9451391643182998,0.7856024675902527,0.6942509983094831,0.8979198599685498,0.7893255855183641,0.7069995293047355,0.8427697415463263,0.8829415071909774,0.8692611468985302,0.9064449197275182,0.9176344520056336,0.8640003271366137,0.9261077324693097,0.9389009867184679,0.766074238853977,0.932241742150131,0.92147410136561,0.9176344520056336,0.9176344520056336,0.8583333709564309,0.820221351973835,0.8715123830219031,0.9738359568456645,0.7347093870289777,0.9123820951287551,0.9790111546477847,0.8610434789932605,0.7904798657196184,0.7537625039247965,0.9176344520056336,0.6822871400056008,0.838362904065949,0.9203761879341787,0.9631988949207005,0.9742119804148441,0.9358701742564793,0.9535780571182249,0.6394450298559886,0.920376187934179,0.8966394292004098,0.9176344520056336,0.8159235508073304,0.8719704952581665,0.8872071589200903,0.9436577727083665,0.813739703991392,0.9048804738246028,0.9971539625572351,0.7033280792497041,0.9291179679746995,0.8299433050373788,0.839848979528498,0.9098137391625776,0.9902416640337588,0.9657516752484123,0.8889039599111501,0.8683085507987109,0.9261077324693097,0.9149644520716045,0.8874968335551745,0.9848136600849169,0.6253961707558597,0.9626271830036193,0.9389009867184677,0.7676235938802122,0.9389009867184679,0.9389009867184677,0.9002620304917957,0.9298297898147683,0.8808481106710588,0.9076027506473452,0.9902416640337588,0.9524593769068034,0.9738359568456645,0.7828967155493545,0.9466508604266068,0.9149644520716047,0.91953212096943,0.8280382494458658,0.9203761879341785,0.7380872156669029,0.8664383561643836,0.7906810650767824,0.7528708466735814,0.9176344520056336,0.5990269660880272,0.961325151342389,0.846979659144826,0.9354957453078969,0.9253216361240024,0.9629590308991038,0.7792683794950921,0.9176344520056336,0.8536234582687046,0.7463168253060259,0.8932967537832142,0.8367748293720334,0.8934910933697411,0.868308550798711,0.9261077324693097,0.788725883251399,0.9098323214516961,0.9694274847017419,0.8670595338044234,0.5725173933899641,0.7146921149980536,0.7730110731649059,0.9626086642338592,0.9949841493208558,0.9350596893811607,0.7818119149988476,0.8376714176925477,0.9452296953714696,0.7934176587944267,0.9176344520056336,0.9149644520716045,0.943313954897621,0.952189718626627,0.7987077769649199,0.7315483568940664,0.7679660587399688,0.9176344520056336,0.8260492769512684,0.968584882586967,0.516196380189266,0.9176344520056336,0.9190462056016555,0.9353631805614124,0.932241742150131,0.8955399645501796,0.9149644520716045,0.9873470807440716,0.9763971782961418,0.7943962592357542,0.984813660084917,0.9070492733182631,0.962608664233859,0.7693959443776208,0.9176344520056336,0.9888253832615518,0.9176344520056336,0.932241742150131,0.7409669185601431,0.8355200055336254,0.9389009867184679,0.8975897579408095,0.8859612925289663,0.89817510482552,0.9733010371560203,0.9176344520056336,0.9431973165376885,0.8060099416650974,0.8555160759608669,0.7775575717654001,0.8625851059964715,0.9291683589350783,0.8783842798904284,0.9380806103257939,0.8932539868674869,0.8504592950989358,0.8432633475214103,0.8932539868674869,0.9733010371560203,0.44675533028303793,0.8605569040332726,0.8932539868674869,0.9389009867184679,0.8753730319516106,0.9654282935645837,0.9997197123699162,0.5755918128279632,0.9693200614415455,0.9673786919850061,0.9112576872105789,0.9194760752462128,0.9310028073541698,0.888832384130261,0.9861817550572929,0.9149644520716047,0.9893117100305694,0.9423998534512066,0.7904591743693188,0.9937468196155497,0.925795964553237,0.9121079498127291,0.8781745275078814,0.7818119149988475,0.9654282935645837,0.9231975163531971,0.9937468196155499,0.9983097776654937,0.8825207683757945,0.892334996989562,0.9908056559190954,0.9261077324693097,0.9291179679746997,0.984791095353166,0.880441550898158,0.7891565162771942,0.9245697225149279,0.9722183203479302,0.9863969165646038,0.5962910579848139,0.8763477248373532,0.9176344520056336,0.8928767684124754,0.7724998729464306,0.8346183644682533,0.8893613928931103,0.9590423617195349,0.8703525226203908,0.9552409151070955,0.9572501368720674,0.8889039599111497,0.9693293687840344,0.9438611769441669,0.8106936065759304,0.990056467345857,0.8734800677108052,0.6837002148089262,0.9477638490194611,0.618045457419666,0.971367646404228,0.7873286446727362,0.8440037465855231,0.9203761879341787,0.839212402477252,0.8825207683757947,0.8440037465855227,0.9649624370614635,0.799505144965603,0.8956541681811825,0.9636703814083795,0.9223470008110379,0.8649384685625581,0.9673786919850061,0.8230078934234286,0.9231975163531971,0.7923970497529256,0.9281278923411589,0.9792503453259271,0.8504592950989358,0.5611353214323298,0.9895196008050114,0.9354957453078969,0.9075050820723218,0.932241742150131,0.7374518958671801,0.9291179679746997
p175_F,0.786810186652847,0.9171102496467267,0.8272934304752528,0.9951357703402831,0.9113965671515782,0.9253688519211309,0.9954253953692334,0.9144864836530953,0.9893365027100922,0.9212094218042226,0.988777790152866,0.9696724395861309,0.8464736685275931,0.8464976705745091,0.8692170792454559,0.8935461500146489,0.8898393963217797,0.8642985447139284,0.9172347260035336,0.9212094218042226,0.9803610082452028,0.9418510134399245,0.9952673588808036,0.9807840195689514,0.9996217758139353,0.8934655458176228,0.9247323722236849,0.8915944281121327,0.9212094218042226,0.9607664067666069,0.8785401016887857,0.8395556498231573,0.9208601429117476,0.8646979598369935,0.949238807503614,0.9625162230164763,0.9801945723164652,0.8867960431767516,0.9253688519211307,0.8616681034607219,0.8225296442687748,0.7475435743195453,0.8251068045020442,0.8103700238080771,0.9705887000705997,0.7328142198016443,0.9465146323386673,0.7358080822712509,0.8616681034607221,0.9438766497141194,0.9649067432343333,0.7548080758887112,0.8642985447139282,0.9171102496467267,0.5681783610633175,0.8590697626746644,0.8873412224047772,0.8993922310882432,0.9273037970112902,0.9645325849988504,0.8367741299372247,0.8516049839559848,0.8642985447139289,0.9097496706192358,0.913419102141044,0.9201347919134595,0.9933095589619414,0.927589863706471,0.8363110129065416,0.9625162230164763,0.8440565830183067,0.8616681034607221,0.6843431250393637,0.8897852520155692,0.8993922310882432,0.8155142200592973,0.9418510134399245,0.9786384251155433,0.8819281364185481,0.9253688519211309,0.8258588664949128,0.9300014988735692,0.8539618916939773,0.9315324475602096,0.8993922310882432,0.8368572865027604,0.8985526801638483,0.9410429151814648,0.7044057003840676,0.8961308828316212,0.8993922310882432,0.8272934304752526,0.8008624733045706,0.9444031718138115,0.9263171362637793,0.9566648273607454,0.8225480725232539,0.8381624335706246,0.6743879905776666,0.8105558431636581,0.9721556015951156,0.9061873961293254,0.8993922310882434,0.9391506279271905,0.8378325726442023,0.9172347260035332,0.8161539917768372,0.6015578088101294,0.9683237244170737,0.8332472188162818,0.8310554840860191,0.9262698231600373,0.5607349162851389,0.8206574710503429,0.9868418685480091,0.6169334449961044,0.9171102496467267,0.9172347260035334,0.9253688519211307,0.7771575274759842,0.6413805411785828,0.7730117451851692,0.9064840699954799,0.986904593173993,0.8934655458176233,0.7677980930203174,0.9807840195689514,0.8931238912658455,0.9696724395861309,0.6997319795894997,0.9297207978142767,0.9061873961293252,0.9097421633544904,0.7752019357866793,0.9247323722236849,0.9371433686720367,0.9668059077452096,0.951525861158216,0.9097421633544907,0.8929489608197008,0.8426489904338922,0.9212094218042224,0.9124466908183648,0.7647821602613933,0.797534269377888,0.916579384245187,0.9609786330808013,0.9328489318979989,0.8225535671978913,0.7788756487680992,0.9212094218042226,0.8432644987129869,0.9829782142295063,0.8433272776210035,0.9649067432343335,0.9477894660083728,0.9958354602375438,0.8298223478885358,0.9064406703436174,0.7931008126567491,0.9135367484936399,0.9868418685480091,0.9300014988735692,0.6222670629494587,0.7963947603300137,0.8344953100948598,0.9113027155161051,0.8661396574440055,0.8814270131992576,0.9062931658379946,0.9784698031455157,0.896130882831621,0.8590697626746648,0.9980694720126075,0.8628189859739698,0.9522612428073793,0.9625162230164763,0.9318385594301375,0.9446701888736624,0.8559143478531264,0.9686536804090708,0.9223489632231419,0.9713014789446588,0.6626197766413174,0.9720678656425479,0.9238360697380932,0.8491544610098538,0.8629251931757832,0.9497028213875769,0.9638961135870936,0.9280919787324253,0.9881818565067271,0.9315226508340713,0.8631369066630474,0.7289925803737761,0.8993922310882432,0.9411731642018818,0.9287407729092758,0.7138418615306794,0.8788257764288041,0.8480961504580373,0.6626197766413175,0.8993922310882432,0.8515802262612313,0.8143204369491128,0.9212094218042226,0.8993922310882432,0.9905106596169726,0.906063896440741,0.9218849492808141,0.9782092407173433,0.8343612972776204,0.8961308828316208,0.8993922310882432,0.7487260195784256,0.8993922310882433,0.9273832335828514,0.9037623633715177,0.7254139566163974,0.8993922310882432,0.8705513934807799,0.8993922310882432,0.6925865688124779,0.9314059401137063,0.8344953100948598,0.7926352609547735,0.9061873961293254,0.6576984470213139,0.8929489608197005,0.9645515900483714,0.9099317521606791,0.9967548156121191,0.9878953869215931,0.9920003341802428,0.9515258611582158,0.8661396574440058,0.9903181546642814,0.851888756266141,0.9898684474039816,0.979977169685071,0.9553394119369609,0.9705887000705997,0.7931008126567491,0.9287407729092756,0.8993922310882432,0.7243298006755152,0.8993922310882432,0.9352971794402406,0.8567883809445207,0.8395556498231576,0.6141955355507355,0.6089944146229997,0.9411731642018818,0.8044062050407192,0.9377821213923416,0.8087510315013657,0.9134708556523619,0.9294815397663647,0.9325036590333071,0.9535724244550858,0.8025402131001318,0.7532299696416116,0.8961308828316215,0.9997376336428517,0.7791225756412306,0.9253688519211307,0.803750182132632,0.9585546647054799,0.9262698231600373,0.992956651141114,0.9433783360394672,0.7977719520194322,0.5111453175471562,0.617882151585702,0.9689039712582768,0.9172347260035332,0.8501007060137813,0.8542071110265856,0.9601701237080074,0.9957205913967074,0.9172347260035332,0.9401896771157371,0.9956039636576794,0.913419102141044,0.8202046342072098,0.8992865236029115,0.9061873961293254,0.8901584347056435,0.8728861153227392,0.892948960819701,0.9061873961293254,0.9465146323386673,0.6663374448297383,0.9172347260035336,0.9440358915008022,0.9307733292449109,0.813189880128329,0.8747014292422886,0.9922022799705809,0.8993922310882434,0.9190823451591557,0.892948960819701,0.9097421633544907,0.8023542207078742,0.6385779587592003,0.9465146323386673,0.8616681034607221,0.8417925623315861,0.683801219881635,0.9212452372873247,0.4698096657811355,0.8694547083106372,0.8329464983691413,0.9677624037587893,0.8996502345318773,0.9212094218042226,0.8757736525908243,0.9212094218042226,0.8392374849683437,0.8721962838262696,0.8675842513525853,0.9465146323386673,0.8993922310882432,0.9097421633544904,0.8964973292196508,0.8642985447139289,0.9172347260035332,0.7392078409945386,0.8961308828316208,0.8993922310882432,0.9064840699954799,0.6752318008799815,0.9752737206364961,0.9402605367450524,0.9843446203121257,0.8998328740391308,0.7977719520194322,0.7867719569067828,0.7117086268512327,0.8118334674327656,0.8867960431767521,0.736752298184018,0.9061873961293254,0.9156189095742935,0.6766884257048431,0.982999553629001,0.9650148532554859,0.9752737206364959,0.6520253843718616,0.8646979598369935,0.7578531641989149,0.8898393963217797,0.8961308828316212,0.7909728138033263,0.813189880128329,0.757883041993097,0.804249751720495,0.6908540488626145,0.8993922310882432,0.9949510511674053,0.6596439893239409,0.867395220591731,0.7855186703672655,0.8891201681390327,0.9236891064479911,0.8993922310882432,0.8993922310882432,0.6790179629518063,0.9432185749403658,0.9195860038224921,0.8993922310882433,0.9686270243184087,0.8993922310882434,0.8728920970887102,0.7963947603300134,0.7166874975212438,0.9492388075036136,0.8756960152361009,0.9418510134399245,0.7185773515663381,0.6695099869149072,0.8993922310882432,0.8039807896790854,0.8593962429851332,0.6956342879958461,0.8363110129065419,0.8569575328025563,0.8728268189924719,0.9061873961293254,0.7024031056469111,0.8993922310882432,0.6638467662891254,0.7565304409380422,0.973759069089972,0.7984191837365637,0.668023307399799,0.8177766435217086,0.8867960431767519,0.8993922310882432,0.8855101065196797,0.8949672102392483,0.8993922310882432,0.4826725000566766,0.919709012071197,0.7390134866773814,0.7169115635131371,0.7696111011154346,0.8993922310882432,0.8551963170812437,0.9472054454038972,0.9997376336428517,0.9714298904079637,0.9155736253021514,0.8392043814442107,0.9025610767133653,0.7942406984776216,0.9868418685480091,0.6818753513218878,0.9771147312346133,0.8724042835510755,0.9016188984866095,0.7929705421494726,0.800230177929828,0.9031200523835075,0.9933095589619414,0.8934655458176233,0.8993922310882432,0.9172347260035336,0.8272188776420608,0.8772548611812419,0.7606912970317314,0.9122177014789303,0.9287407729092756,0.9767062969915156,0.9021517560872986,0.9287407729092758,0.9561940054212754,0.9870810478556494,0.9164060891461528,0.896827582052043,0.9218915803605507,0.8110762919188095,0.9380384081216748,0.7942849631106608,0.9504069818881509,0.9645515900483714,0.6907147563577134,0.9099317521606789,0.9212094218042226,0.8976726862915101,0.8915944281121329,0.923073929731335,0.8661568843269696,0.9737702747191701,0.8964973292196508,0.8518491866146229,0.8392374849683437,0.9969696969696971,0.9492768191321717,0.9903387485424457,0.850395256916996,0.6629399428369603,0.9056312245600875,0.8548312635845443,0.8335944471752992,0.9023560189821771,0.9596253481255901,0.9294635986891295,0.8869410318861259,0.757585931712471,0.9903387485424457,0.9645515900483717,0.6885094212766354,0.7932750817633225,0.9714298904079638,0.7683122527820478,0.9707473148187094,0.9525904672451102,0.9465146323386673,0.8715012846180017,0.8814504801994854,0.8368572865027604,0.0,0.9172347260035334,0.6271973831158051,0.7856879905096841,0.913419102141044,0.90919810876568,0.9247323722236849,0.8898393963217799,0.9933095589619414,0.9172347260035334,0.8785401016887859,0.7048021996778877,0.827509656271578,0.896130882831621,0.8961308828316208,0.7649167985578879,0.9994428908841723,0.9945183240274951,0.8402982659388704,0.8993922310882432,0.9134191021410443,0.8993922310882432,0.8993922310882432,0.7939361728978671,0.8724042835510757,0.8392374849683435,0.8993922310882432,0.9165477840897183,0.8421213333388322,0.8721962838262693,0.795258056023031,0.7646343017371671,0.8616491089096177,0.9893365027100924,0.8295844697893864,0.784142658839845,0.9769475578832656,0.8963144756469551,0.913419102141044,0.88720715892009,0.9661573188773043,0.9454762481192756,0.8514489788174842,0.9088193584132743,0.9287407729092758,0.7521334683153638,0.913419102141044,0.8369405911446479,0.9868418685480091,0.8907661651390302,0.8985526801638483,0.9855764781637497,0.9031200523835075,0.8091718937294047,0.9291653056283693,0.9118276497165126,0.6668591839624436,0.9704285116343063,0.9325036590333068,0.9099317521606791,0.9807840195689514,0.8542071110265854,0.6373085314421458,0.9064064175239173,0.9933095589619412,0.9320800463154997,0.8898393963217799,0.9824391197544327,0.7814447919110759,0.9935567820366139,0.6956342879958461,0.8539618916939773,0.9249165419327742,0.7303397327062724,0.9729181477674668,0.8804598060127995,0.7253664294537565,0.9099317521606789,0.9994428908841723,0.8378122310139602,0.8993922310882432,0.9933095589619414,0.9340990416559536,0.6843431250393637,0.8523725692305204,0.5793600673713926,0.9645325849988504,0.8539618916939773,0.7501199626531565,0.820438028124604,0.812972272949605,0.9212094218042226,0.835568183383872,0.7932750817633222,0.8202877345863089,0.9645325849988504,0.9208601429117473,0.8480690331097618,0.9799771696850708,0.9300014988735692,0.9634994296197301,0.9974569125962849,0.6248661775708371,0.6666237389042905,0.8552368166078578,0.7931974414841152,0.7432996237289626,0.9327223474313895,0.9212094218042226,0.9064840699954799,0.8241089398581322,0.8179932257193163,0.724329800675515,0.9343530326383653,0.9329016612088759,0.7755455023378659,0.736752298184018,0.9253688519211309,0.9357894421099711,0.9061873961293252,0.962731967546085,0.9911981596732263,0.9855764781637497,0.7301297949548589,0.8785401016887859,0.8744295702264888,0.8983623141353236,0.9134708556523616,0.6258489982640634,0.9097421633544904,0.9748214106481391,0.8993922310882432,0.8043158668705583,0.8256371687720883,0.9386021572253919,0.8931535433523747,0.8993922310882433,0.9727984881547206,0.8196836815525539,0.973900431944277,0.8464976705745091,0.8544466580110086,0.9105043104063899,0.9220202535048392,0.7576099351382796,0.9400757463595384,0.7975557313773023,0.9685810605737077,0.8869410318861257,0.9134191021410443,0.8741930427428959,0.8590697626746644,0.9465146323386673,0.9553394119369607,0.9752737206364959,0.9400757463595384,0.892948960819701,0.974821410648139,0.8838135174053028,0.91561268213489,0.8993922310882434,0.8771766788561683,0.8108748358069331,0.9625162230164763,0.7600276057434353,0.930471941443094,0.8253957930330909,0.7532395413192151,0.8961308828316212,0.951525861158216,0.8898393963217794,0.8961308828316212,0.8961308828316212,0.7788553920019079,0.8993922310882432,0.8659097723648843,0.9763925012167984,0.8993922310882432,0.8696642492046924,0.9282918809973881,0.720513297892925,0.9868418685480091,0.7392078409945395,0.6290018992852155,0.9329016612088763,0.9060583503416715,0.9528539717720055,0.943301103454332,0.884175175689033,0.8993922310882432,0.8622547711115847,0.8921764228239647,0.9903387485424457,0.9037040020056445,0.8649062368563818,0.9172347260035334,0.9417626114543682,0.9377821213923416,0.9799771696850708,0.9996217758139353,0.9870810478556494,0.9307016541888506,0.9213194577956004,0.8785401016887859,0.9552238459628386,0.8808870709207715,0.9922022799705809,0.9190823451591557,0.972830895242649,0.8380901632125555,0.7774153406968629,0.8993922310882432,0.8993922310882434,0.8260439103913999,0.9212094218042226,0.8155410402946657,0.9596253481255901,0.8258588664949127,0.9536184953670945,0.9287407729092756,0.9117178603141506,0.8416285539285726,0.8993922310882432,0.8993922310882432,0.9263300207309677,0.885433324390261,0.9188016156964056,0.9578004988107831,0.9410850470579877,0.8493529380391465,0.7172975197462164,0.82443359062081,0.866963168156325,0.9763491073983368,0.8993922310882432,0.4941796541249628,0.9933095589619414,0.9253688519211307,0.7332057924360182,0.9172347260035332,0.8946824627869439,0.8993922310882432,0.8993922310882432,0.6198755235599638,0.9750767117923149,0.7983760081069307,0.9099317521606791,0.7885429055680484,0.8225296442687748,0.7813438048343829,0.9751646903820816,0.9366306917609367,0.7746889276056921,0.8993922310882433,0.8321506231964106,0.8633593324177127,0.9027412033397848,0.8110762919188101,0.9824851409715575,0.9029198007263572,0.8466090907561588,0.8368572865027604,0.8631303479727152,0.9015283153999987,0.8993922310882432,0.8226009397083014,0.9627319675460853,0.9533596837944667,0.8806914603481166,0.8625151861116658,0.6833289634561844,0.8256650941995951,0.728269870807484,0.9997376336428516,0.9246068119732451,0.9643435075710691,0.6216589410515474,0.9365377706532191,0.6520082256556654,0.8440314442491254,0.8419781078703222,0.9649067432343333,0.8961308828316212,0.9576332886921313,0.9438841418650028,0.9799771696850708,0.6606261698110526,0.8750116732174094,0.9553394119369607,0.9253688519211309,0.8251068045020442,0.9634101886499156,0.849263229041187,0.9223403764787008,0.9372344714402792,0.9686270243184087,0.8780124908814335,0.8666334188846028,0.7694146609886823,0.9208601429117478,0.7361613333958279,0.773401260833869,0.8320891984524486,0.9027412033397848,0.7686334812992572,0.8358685427845955,0.965507663461877,0.9688144792684112,0.8993922310882432,0.7856879905096839,0.9870810478556497,0.7329596540925555,0.9212094218042226,0.8661568843269694,0.8696642492046927,0.9650918298167017,0.8993922310882432,0.8785682227813195,0.7303397327062724,0.9903387485424457,0.7936637785566016,0.8729891739387523,0.7924309847617748,0.951525861158216,0.8514979430827248,0.6801459379080397,0.8780627809350359,0.886586143163953,0.9031200523835075,0.7412730223273556,0.9253688519211309,0.9031200523835075,0.9750767117923149,0.9633084029793544,0.9373820505947592,0.7531610860196768,0.8741930427428961,0.7402192056489219,0.9492388075036134,0.8961308828316212,0.7428745426521661,0.7796572722294821,0.7942406984776214,0.5982333366519456,0.6425326997550169,0.8993922310882432,0.7683012833461711,0.7658955352989156,0.8464976705745089,0.8993922310882432,0.9235981355037084,0.954924242646743,0.9172347260035332,0.9031200523835077,0.8961308828316212,0.8526831540035738,0.6690294376269583,0.9456403235713625,0.9721556015951156,0.972320882642441,0.8724042835510757,0.6790663687470522,0.8993922310882432,0.9206340292374223,0.8993922310882432,0.9625162230164761,0.9585546647054799,0.8494484010540988,0.9253688519211307,0.9537822577690596,0.9169551392814115,0.9843194448435613,0.8464976705745091,0.8993922310882432,0.6883207051729792,0.8211520083966635,0.9961658243411983,0.9860042839547053,0.8321506231964106,0.951525861158216,0.8514489788174839,0.9371614683909593,0.9839009074365002,0.9609786330808013,0.8871000341516464,0.9839009074365002,0.8728920970887104,0.9097421633544907,0.8131898801283293,0.9839009074365002,0.9253688519211307,0.9315324475602097,0.8631303479727153,0.9939914873725486,0.8961308828316208,0.9558999508245036,0.8998328740391306,0.9521097503719584,0.881426138692631,0.9433011034543323,0.878591874164635,0.9660891714439764,0.6626197766413182,0.8666334188846024,0.9768742761718896,0.8464976705745091,0.827218877642061,0.9395759839394252,0.9596253625545403,0.8183996995703313,0.9764965868575899,0.9021517560872985,0.9061873961293254,0.9378817094928307,0.9782950783443082,0.9957918361207543,0.9484920741180302,0.9786310481013172,0.9097421633544907,0.9568407342490961,0.9072135272262016,0.8539618916939773,0.9761241016391893,0.8610434789932605,0.9056312245600875,0.8838920914093462,0.9377821213923416,0.9024306604322352,0.8993922310882432,0.8965343480632508,0.8553193493671492,0.9482164295783595,0.9554702896769679,0.8426990515014863,0.8694727373186951,0.9316182412138075,0.9847363766110007,0.8934655458176228,0.9705887000705997,0.9363572562098184,0.8503952569169961,0.9158143716163474,0.9714492143423383,0.8808870709207712,0.7879361009560907,0.9696724395861311,0.8880714832679897,0.8514979430827245,0.9061873961293254,0.9417626114543682,0.9420850131777284,0.856501611717714,0.9868418685480091,0.9284481156139277,0.93064800407863,0.7418349081102646,0.9287407729092756,0.892948960819701,0.8916699428623561,0.8286495024509243,0.8295844697893859,0.9061873961293254,0.9359524887975612,0.9300014988735692,0.9134191021410443,0.9971540332068654,0.9847701943343941,0.9807840195689514,0.9686270243184087,0.8533680150714891,0.9922022799705809,0.9900081136468508,0.9134191021410443
p175_I,0.8989350196516899,0.9099641551465771,0.9109895373928902,0.8993178757827875,0.9582144552981327,0.9690033562225548,0.893284681363264,0.9677588596715981,0.8923809627682529,0.967275815149292,0.9505286850464207,0.96677982808291,0.9568599156354451,0.9362456943690349,0.9756340559373771,0.9891608609192482,0.9008317218258525,0.9436389526644002,0.965625,0.9342541377090324,0.9074725945748126,0.9493347822888889,0.9892083965651994,0.9596053879391782,0.9481608601832734,0.9436389526644,0.9542468650366518,0.9136072478130948,0.967275815149292,0.9825847881236035,0.9383021271292231,0.9625131050152524,0.9762777185243531,0.9861029598450541,0.9582144552981327,0.965625,0.9596053879391779,0.9529828655437629,0.9690033562225548,0.942546448360206,0.9172347260035336,0.9447456538980155,0.9273614004407347,0.9212407557319794,0.9542468650366516,0.8745053838668204,0.9610366993022685,0.9906286789501814,0.942546448360206,0.8730099998288606,0.9625131050152524,0.8762618273483116,0.9436389526644,0.9517441295565183,0.9529828655437629,0.941467276381333,0.941467276381333,0.9582144552981327,0.989290340807143,0.9555383641697375,0.9349028572421432,0.7876587616735475,0.9957912204911729,0.9172347260035336,0.964040252388596,0.9705897928868902,0.9625131050152524,0.9929303214064669,0.9117843373625341,0.965625,0.9352318345617441,0.942546448360206,0.9582144552981327,0.9681762475129836,0.9582144552981327,0.906597867618917,0.9493347822888889,0.9505286850464205,0.9370757981459648,0.9690033562225546,0.9505286850464207,0.9458674971126175,0.9393458182324887,0.9436389526644002,0.9582144552981327,0.932241742150131,0.9843798933538866,0.9904316612456553,0.9127606676606757,0.9568599156354451,0.9582144552981327,0.9541896299485404,0.861092113458608,0.8231248821008345,0.9465829649206576,0.9181387543589388,0.9092272046561756,0.9496579543485548,0.9753583303329685,0.8384859225324534,0.9998226281102465,0.9610366993022685,0.9582144552981327,0.8832354238447047,0.8721350978197817,0.9656250000000002,0.9236430180495618,0.9972347396286689,0.986843854667725,0.9992598421053649,0.9378106311870051,0.9447456538980152,0.988146521749965,0.8308596008626404,0.9610366993022685,0.9758446002725548,0.9099641551465771,0.965625,0.9690033562225546,0.967251714617954,0.971374043910277,0.9057246972976496,0.9481608601832734,0.9383021271292231,0.7535119131134658,0.9982628821611544,0.9596053879391782,0.8499077595187519,0.9667798280829097,0.7627282022777627,0.9471883441958863,0.9610366993022685,0.9625131050152524,0.9690033562225546,0.9542468650366518,0.9466304752226786,0.9409672007288845,0.9625131050152524,0.9625131050152524,0.9555383641697377,0.8392930630721882,0.9672758151492922,0.9705897928868902,0.8944656454039726,0.949657954348555,0.8276555176058384,0.9118739328932484,0.7712678746665544,0.942546448360206,0.8608518199425024,0.967275815149292,0.8399814728683526,0.9186425876141024,0.9430998431724233,0.9625131050152524,0.9978387378693492,0.9136498875984242,0.9293199127017768,0.9685938234748075,0.9057246972976496,0.9540291191346464,0.9610366993022685,0.9458674971126177,0.8907130648110555,0.9154363928771065,0.9312607396704551,0.8499077595187517,0.9625162230164763,0.9393458182324887,0.8021289398337759,0.9910578376517607,0.9568599156354451,0.9998226281102459,0.9505912604680007,0.9356403782457076,0.8996466204791784,0.965625,0.9326468089069146,0.9342268638258986,0.906597867618917,0.9274049943645877,0.879507774688648,0.9411125326018256,0.9568599156354454,0.959101637743994,0.9166782713163664,0.9298734992336184,0.9650079910895764,0.9517441295565183,0.9927876060457907,0.9555383641697375,0.8923809627682532,0.8883730833751751,0.8350231408856073,0.8399814728683527,0.9582144552981327,0.9596053879391779,0.9555383641697375,0.918138754358939,0.8647169462584845,0.6570095370506117,0.9568599156354454,0.9582144552981327,0.891878386060835,0.8012314698665085,0.967275815149292,0.9582144552981327,0.933425353657932,0.9302869180633686,0.8836592163828572,0.7077762212924728,0.9217916370027819,0.9568599156354451,0.9582144552981327,0.8956380779049871,0.9582144552981325,0.9835434409405948,0.9188536583074237,0.9582921810599283,0.9582144552981327,0.9254100871772519,0.9582144552981327,0.8583462338175076,0.9715107472647035,0.9312607396704553,0.8979178384019251,0.9610366993022685,0.817374879811649,0.9555383641697375,0.9470055188469617,0.9843798933538865,0.9227150661971701,0.9644401760048045,0.9332303128187658,0.9625131050152524,0.8563577889317531,0.910107340129978,0.9199574485923754,0.9600784247075338,0.9302869180633686,0.9673847887170087,0.9732924283946005,0.9057246972976496,0.9701343557301771,0.9582144552981327,0.9874058922610381,0.9582144552981327,0.9516656009136069,0.9302869180633686,0.9625131050152524,0.712489906250545,0.8173748798116489,0.9596053879391779,0.969402559611159,0.9481608601832732,0.9118739328932481,0.7788100711579625,0.9990875851642478,0.9610366993022685,0.8944656454039726,0.9879186260731821,0.839850553145315,0.9568599156354451,0.964040252388596,0.8942631579092644,0.9690033562225548,0.9608008482337905,0.8902849828282727,0.9447456538980155,0.9892659537837639,0.8970542565865078,0.9625131050152524,0.7969634014618985,0.8616345643826469,0.9803420813182646,0.9656250000000002,0.9307423684305683,0.9293199127017768,0.9914826481470902,0.8971068309419691,0.9656250000000002,0.951426791823698,0.9812231934960488,0.5851007908169086,0.9612908916295109,0.9362456943690349,0.9610366993022685,0.9332303128187658,0.988146521749965,0.9555383641697375,0.9610366993022685,0.9610366993022685,0.8342814558669873,0.965625,0.8943377742726429,0.7490633210323672,0.9057246972976496,0.9078950156090664,0.965625,0.9582144552981327,0.938223924098905,0.9555383641697375,0.8639461643560556,0.9587092594492898,0.9612908916295111,0.9610366993022685,0.9425464483602062,0.9829714105092722,0.8824245419081023,0.9255134534695351,0.9878402341692829,0.9386559485878399,0.9644401760048043,0.9001151207948019,0.8953282497576123,0.9672758151492922,0.8456943293164729,0.9672758151492922,0.908151746102369,0.9302869180633686,0.9255134534695351,0.8714717093867044,0.9582144552981327,0.9507165296704021,0.8484509035411583,0.9436389526644005,0.9656250000000002,0.8556161648936054,0.9568599156354451,0.9582144552981327,0.7268627140717182,0.965625,0.9690033562225546,0.8276555176058376,0.9717889828354409,0.9458674971126177,0.9625131050152524,0.7845111847199956,0.8592642631772309,0.9481608601832734,0.9762777185243534,0.8691958391075141,0.8714717093867046,0.9610243931286578,0.8451634443215719,0.9791100127950297,0.8276555176058382,0.9690033562225546,0.8217392653025242,0.9332303128187658,0.8117728822598589,0.9542468650366518,0.9568599156354451,0.9352318345617441,0.8856848936483536,0.988146521749965,0.8162469428700425,0.8508940408143366,0.9582144552981327,0.8248793654172624,0.932241742150131,0.9342268638258988,0.932241742150131,0.9342541377090321,0.8382543236810014,0.9582144552981327,0.9582144552981327,0.942546448360206,0.9208725034246266,0.8841024249642826,0.9582144552981325,0.9672758151492922,0.9582144552981327,0.9362456943690349,0.9154363928771065,0.8350231408856073,0.9582144552981327,0.9372689456075765,0.9843798933538868,0.8620020752690567,0.876397438269686,0.9582144552981327,0.9022452837148789,0.982971410509272,0.8466183234571398,0.979219405106186,0.9372689456075765,0.9128298713501326,0.9610366993022685,0.9983623547769701,0.9582144552981327,0.9633346958171635,0.9957912204911729,0.9283995430864389,0.8601795328531072,0.9596053879391779,0.861092113458608,0.9529828655437629,0.9582144552981327,0.9524487759376709,0.8201563855634992,0.9582144552981327,0.992787606045791,0.8301944662164017,0.8700853537305535,0.8480451455932454,0.9927073567684068,0.9582144552981327,0.9117843373625341,0.8213503441126231,0.964040252388596,0.8650374558206401,0.9112990802027563,0.8370183358747282,0.9245757305468909,0.9145417437978427,0.9610366993022685,0.9163339973465923,0.8836592163828572,0.9470055188469617,0.973864251593569,0.9456466584549025,0.8936031902522539,0.9470055188469617,0.9625131050152524,0.9436389526644005,0.9582144552981327,0.965625,0.9190462651000917,0.9823849990997211,0.9505286850464207,0.9404006431802037,0.970134355730177,0.969971840797172,0.9596053879391779,0.9555383641697377,0.9505286850464207,0.9582144552981327,0.9517441295565183,0.9005120111662772,0.8456943293164723,0.965625,0.9452921303485451,0.9342541377090322,0.9517441295565185,0.7978501428016825,0.9598703887644857,0.9843798933538864,0.967275815149292,0.994974694644295,0.8101859061354616,0.9109895373928902,0.9447456538980155,0.9493347822888891,0.9662757781656683,0.9610366993022685,0.9861029598450541,0.9469207829576382,0.8607646142845443,0.9458674971126175,0.9172347260035334,0.9505286850464207,0.9945610690582238,0.9040056117932131,0.8836906543081366,0.9217916370027819,0.9732924283946005,0.9812231934960488,0.8752139411328116,0.9910578376517607,0.8661829386665056,0.8616362273895216,0.8499479257057734,0.9818060040046752,0.8780124908814334,0.9914826481470903,0.9814510646731802,0.9667732929033599,0.9610366993022685,0.9088679893884184,0.8537121927533953,0.932241742150131,0.9172347260035334,0.0,0.8451634443215719,0.9109895373928902,0.964040252388596,0.982971410509272,0.9542468650366518,0.9542468650366518,0.9625131050152524,0.965625,0.9383021271292231,0.8565016117177142,0.9283593797331275,0.9568599156354451,0.9568599156354451,0.9717889828354408,0.9715107472647038,0.9542468650366518,0.8944656454039726,0.9582144552981327,0.9457879562525047,0.9582144552981327,0.9582144552981327,0.9765392721561018,0.9470055188469617,0.9332303128187658,0.9582144552981327,0.9858508276178719,0.9557555892259629,0.8138923488875744,0.9156983093954274,0.9022452837148789,0.9552047908760305,0.9208725034246266,0.9199574485923754,0.9531892533912971,0.622580638864932,0.8417106331832114,0.964040252388596,0.9631988949207005,0.9129144016949025,0.9327819448011689,0.9383021271292233,0.9529828655437629,0.9555383641697377,0.8903043654943785,0.964040252388596,0.9145417437978427,0.9610366993022685,0.918138754358939,0.9493347822888889,0.9447456538980155,0.9470055188469617,0.9425866173147945,0.9372689456075765,0.982363549429039,0.9254223119773604,0.9587907869179463,0.9610366993022685,0.9493347822888891,0.9596053879391779,0.9293199127017768,0.9313341660201885,0.9174879696874247,0.9625131050152524,0.882367546706716,0.9542468650366518,0.810631735747056,0.9092272046561756,0.9667798280829097,0.8466183234571399,0.9393458182324887,0.9690033562225546,0.8402819095372956,0.7642090818022302,0.9199574485923749,0.8723257484157794,0.9493347822888891,0.9806215235201545,0.932638360393356,0.9582144552981327,0.9625131050152524,0.8618965769742784,0.9632002305182419,0.9254100871772519,0.9493347822888889,0.9701343557301771,0.9393458182324887,0.861092113458608,0.9892083965651994,0.9904316612456553,0.9672758151492922,0.8640260909583646,0.7111447602090584,0.9945424935407444,0.9555383641697377,0.9529828655437629,0.9729833541377065,0.9302869180633686,0.9458674971126175,0.9207369341571852,0.982682846846749,0.8441952219411115,0.9983921185766227,0.9861029598450541,0.9984082365942544,0.8858340936764977,0.9491799890127761,0.8357840905673558,0.9218485695187231,0.8783265321561912,0.8674107520354717,0.8947692331144508,0.9118739328932484,0.9568599156354451,0.99836235477697,0.8691958391075141,0.9690033562225546,0.9814223902914914,0.9552175050422179,0.932241742150131,0.982971410509272,0.9320948271810628,0.9430685569314537,0.9383021271292233,0.9481608601832734,0.9163339973465923,0.9505286850464207,0.9568599156354454,0.9625131050152524,0.9690033562225548,0.9582144552981327,0.7495338050235042,0.8892901999095579,0.9881465217499651,0.9342268638258988,0.9582144552981325,0.8070922354911485,0.8555748757838357,0.934902857242143,0.9362456943690349,0.9208725034246263,0.9109895373928905,0.9839544026299674,0.9060787534309975,0.9404006431802039,0.9227150661971701,0.9398406738472916,0.910107340129978,0.964040252388596,0.9199574485923749,0.941467276381333,0.9610366993022685,0.9302869180633686,0.9690033562225546,0.7124899062505448,0.9555383641697375,0.9690033562225546,0.9517441295565183,0.7649822460765638,0.9582144552981327,0.9776793852114211,0.9048529663349028,0.965625,0.9582144552981327,0.9493347822888889,0.8195695506328726,0.7887187728537042,0.9568599156354451,0.9625131050152524,0.9732924283946004,0.9568599156354451,0.9568599156354451,0.9332303128187658,0.9582144552981327,0.9542468650366516,0.7891506066595859,0.9582144552981327,0.9458674971126175,0.95304308387742,0.965625,0.9610366993022685,0.964040252388596,0.9596053879391779,0.9568599156354451,0.8322437174658708,0.9298734992336184,0.8616362273895215,0.940759768455304,0.9582144552981327,0.9236430180495618,0.9610366993022685,0.9458674971126175,0.7975726767650837,0.9245757305468909,0.965625,0.9593605721085062,0.9868438546677248,0.7627282022777628,0.9481608601832734,0.9582144552981327,0.9302869180633686,0.9352318345617441,0.9945610690582236,0.9544762565836077,0.9505286850464207,0.965625,0.942546448360206,0.9610366993022685,0.971510747264704,0.9505912604680006,0.9582144552981327,0.8846149163346161,0.9031133691845499,0.967275815149292,0.8665150422521171,0.9542468650366516,0.9505286850464207,0.831521527823471,0.970134355730177,0.8338269830981504,0.8059936873009323,0.9582144552981327,0.9582144552981327,0.8174862680805617,0.9632833241074699,0.8021325739678646,0.9552047908760304,0.9466304752226786,0.8480451455932454,0.9531892533912971,0.9610282441802468,0.9447456538980155,0.982384999099721,0.9582144552981327,0.8081635455684218,0.9625131050152524,0.9690033562225548,0.861092113458608,0.9656250000000002,0.9281584116206855,0.9582144552981327,0.9582144552981327,0.9499949179455506,0.9582144552981327,0.9769707888962372,0.9493347822888889,0.882367546706716,0.9172347260035336,0.9982522182750793,0.8563577889317534,0.9595498949654935,0.9398406738472912,0.9582144552981325,0.9302869180633686,0.9777160694663676,0.9596053879391779,0.965625,0.9256077995825025,0.9788493112231097,0.9264564493231808,0.932241742150131,0.9596053879391779,0.8908999366965833,0.9582144552981327,0.9681762475129836,0.9845214236147153,0.9922022799705806,0.9078174926842613,0.9275816772658132,0.9791100127950297,0.9840739333532936,0.8797579337068853,0.964040252388596,0.891878386060835,0.9245803857385326,0.9542468650366516,0.9672758151492922,0.7896935892173356,0.9436389526644002,0.982384999099721,0.9507165296704019,0.9568599156354451,0.9026181976726748,0.941467276381333,0.9302869180633686,0.9893688617336196,0.9690033562225546,0.9302869180633686,0.8237261571040239,0.9690033562225546,0.9199574485923752,0.9877180384539761,0.8637757890946799,0.9582144552981327,0.9672758151492922,0.9493347822888889,0.9493347822888889,0.8620020752690567,0.9529828655437631,0.7376990592379747,0.9998226281102465,0.9565125146369124,0.635224412299243,0.8432058376194191,0.8063598505269488,0.9934978324750827,0.9938420033909696,0.9582144552981327,0.9109895373928905,0.9582144552981327,0.9960185040188976,0.967275815149292,0.9936745866415237,0.9458674971126175,0.8814987207179203,0.9582144552981327,0.9904316612456553,0.8743674594684079,0.9458674971126177,0.989290340807143,0.9681762475129836,0.9823849990997211,0.9625131050152524,0.9729833541377065,0.9088679893884182,0.9892903408071428,0.837302156636008,0.9470055188469617,0.8709729405791933,0.9690033562225546,0.9470055188469617,0.9632002305182419,0.9163339973465923,0.942546448360206,0.9544762565836077,0.8021325739678647,0.8441952219411115,0.6488589737837396,0.9568599156354451,0.9147265833077114,0.8858340936764979,0.9145417437978427,0.9814638345745017,0.8312173911187126,0.9582144552981327,0.9948975766469665,0.8875631490366902,0.9362456943690349,0.9582144552981327,0.9531892533912971,0.9529828655437629,0.9656250000000002,0.6702779736260047,0.9568599156354451,0.9098414308144025,0.9436389526644003,0.9154363928771065,0.7062721505681433,0.9245757305468909,0.9892083965651993,0.8804252291828123,0.9582144552981327,0.712489906250545,0.9582144552981327,0.965625,0.862909488252414,0.8876788640791466,0.9690033562225548,0.9963814266559157,0.8373021566360079,0.7958050740654448,0.9362456943690349,0.9582144552981327,0.8916641869793294,0.8011222595526782,0.8771378467726847,0.9383021271292231,0.98145106467318,0.9625131050152524,0.9383021271292231,0.9372689456075765,0.9312607396704551,0.9142379704609402,0.965629723282356,0.9312607396704551,0.9362456943690349,0.9625131050152524,0.9057246972976496,0.9312607396704551,0.9690033562225548,0.9436389526644005,0.9596053879391779,0.9057246972976496,0.9568599156354454,0.9372689456075765,0.9458674971126175,0.9162100923845103,0.9302869180633688,0.6702779736260045,0.8174862680805625,0.942546448360206,0.9568599156354451,0.9493347822888889,0.9821979361118385,0.9362456943690349,0.9190462651000915,0.8902849828282727,0.8740086679054822,0.9245757305468909,0.942546448360206,0.9596053879391779,0.9610366993022685,0.9190462651000915,0.9565125146369127,0.7703414813454201,0.9404006431802039,0.918138754358939,0.8639461643560555,0.964040252388596,0.8961910905435391,0.9393458182324887,0.9670227269270519,0.8586395319915323,0.9383021271292233,0.8788858297250923,0.9481608601832734,0.9372689456075765,0.9632002305182418,0.9215564107896543,0.9399096127475324,0.8209741793753841,0.8993961122593019,0.8762618273483116,0.964040252388596,0.9332303128187658,0.8979178384019251,0.9436389526644,0.900831721825852,0.9465829649206577,0.9172347260035334,0.8944656454039726,0.9948975766469668,0.9505286850464207,0.8718586682882639,0.9568599156354454,0.9721923519809479,0.8883730833751753,0.9610366993022685,0.9596053879391779,0.9904950340182073,0.8860446315351704,0.9610366993022685,0.9612908916295111,0.9603772077810604,0.8913241678184745,0.9555383641697377,0.9555383641697377,0.9620452549083616,0.9914826481470903,0.9199574485923752,0.6202343224201629,0.7409015111371606,0.9914826481470903,0.964040252388596,0.957709994622393,0.9447456538980155,0.9593605721085061,0.9672758151492922,0.8856848936483532,0.965625,0.8854073782202487,0.964040252388596
p175_L,0.9831178977948354,0.8142997141778576,0.8823638098537667,0.947693885530183,0.9835656862891846,0.8753236120931847,0.8615981075914553,0.9039800124522426,0.8136725089238381,0.8525992707005727,0.8284048001912729,0.9995797633171007,0.9726005682749652,0.8478477269978333,0.8833536265212549,0.9078889276788863,0.8892997481908184,0.9005990457462585,0.9479393131642719,0.8604028387223072,0.9367130463442996,0.721080895687531,0.8668868822373763,0.8770939427870041,0.7599175669402093,0.7461308961782385,0.9787053550194154,0.9516780512694986,0.8604028387223073,0.7518504520210034,0.7835810337556453,0.9892078879081128,0.7882190208851407,0.872610570341374,0.9835656862891846,0.8122503262027616,0.8276817833559439,0.9686221564032029,0.860380696433722,0.911286960102654,0.9768742761718893,0.8184203060114397,0.93589375114032,0.969540564792382,0.9156987275487717,0.9567574891897483,0.8398896489883634,0.66450739871287,0.6289406504293706,0.9295799524629866,0.8627587161412213,0.9987946402982492,0.7681977746879558,0.7639170956474247,0.8655346503928814,0.9502423237355746,0.8572536274440055,0.7301312695908229,0.7756489702119336,0.9024010236924397,0.9112467991181246,0.9858501148656598,0.9228659261760035,0.6931854399011896,0.7677567325503762,0.9194479265937776,0.8843429403249958,0.9804578839007203,0.9454827204201517,0.9821979361118385,0.956441957058079,0.9981627476944337,0.9263050774651862,0.7008959998127455,0.7301312695908229,0.9622317224448809,0.9142741439792961,0.9270124584146908,0.825849246489474,0.9736502784936192,0.777164566915056,0.8329868046059652,0.8368417883985155,0.8343984102171067,0.7301312695908229,0.9433205351143243,0.9142741439792961,0.9212850071042877,0.8620804018367145,0.7213830792377613,0.7301312695908229,0.7871231918816962,0.9602566067811424,0.826572082682927,0.8576210758321791,0.8535420655560373,0.7713722361185905,0.9828201226319815,0.6348141568183059,0.6552991850331009,0.8786429662018298,0.7788688934502498,0.9549353818771855,0.790592166987304,0.5688839774019876,0.777991703255195,0.8381997381470196,0.6688869772779069,0.9796115931400358,0.6848500081215076,0.7040550621324039,0.9796663276608556,0.6206126101240783,0.643196243772011,0.8093792712193065,0.5903577831938396,0.889873641973508,0.9136806902167052,0.7998105573865865,0.800877424011502,0.8051589389164882,0.8470937832356389,0.996709239594532,0.9499666595921489,0.9669996831954379,0.574302500081296,0.8572042107416491,0.8678246125243954,0.8326617528694968,0.9469514868907587,0.8297396919939408,0.9619311600645907,0.9159552332667189,0.8981372237870209,0.730905872043099,0.8479498222957296,0.9203398427878269,0.9159552332667191,0.7578937685581039,0.7670059643554635,0.9174242241194026,0.7886533660780264,0.7041194149278338,0.7897635541489798,0.8634896230757458,0.7404009247312944,0.9831574011849005,0.7022786140779864,0.8498046240199526,0.781786138434098,0.9680270476887272,0.8766649162553817,0.9383483031846989,0.7085217612993489,0.9791798191501645,0.7846477833261185,0.7632078229853921,0.7923258105392537,0.9325786802857978,0.6799071360167073,0.807621340360849,0.9465377066282388,0.8558114815982962,0.8121483958888884,0.94177374188857,0.8009636575847308,0.7883365533477737,0.9438802477791972,0.9615175130004966,0.8084660810665609,0.787940031878424,0.721383079237761,0.7577382749151556,0.8012032750592324,0.8081118196501036,0.894616049198772,0.8807675720978947,0.8106991547503746,0.8285529236693282,0.9163834344103655,0.8719680847793996,0.8654109523813913,0.9428109824753031,0.9169612314590974,0.9072558853463562,0.680755284873193,0.7736420634114225,0.8530400335671293,0.814299714177859,0.8578025068137455,0.8809668813683986,0.9141845256212942,0.9770336072634433,0.7134618050956691,0.8420830333926381,0.7301312695908229,0.847571515401299,0.8809668813683988,0.9968870785274164,0.8871670346573242,0.8351476672445459,0.8891415630511634,0.7301312695908229,0.9649147192813565,0.8242610370037693,0.8884740070227128,0.7301312695908229,0.9880861590472267,0.8164701653683468,0.7626785493480277,0.8773785000331716,0.8549966698125644,0.7213830792377609,0.7301312695908229,0.9533932795958597,0.7301312695908226,0.9515837104072395,0.8310498174102339,0.9322846361306732,0.7301312695908229,0.4689715649361115,0.7301312695908229,0.8615981075914553,0.7432586532043088,0.9328387520589027,0.9075281841024987,0.8093792712193065,0.6311859241058726,0.7670059643554632,0.9366027714453329,0.8200851396195274,0.7775162551171841,0.9081595336861001,0.9303984660247984,0.8211183544415498,0.7954071200120834,0.9356345698486255,0.8082089848441987,0.9743018286984999,0.9469514868907587,0.6859888438459345,0.8731094375876021,0.7255034943491432,0.9024010236924396,0.7301312695908229,0.8588332480153076,0.7301312695908229,0.6973692102904574,0.8666466252200813,0.9575955949663899,0.8158507075675501,0.5943379135049199,0.8180490880155942,0.9399160557598807,0.7362383996747773,0.8426269673214142,0.9990317979177459,0.8571043201733397,0.824496195552012,0.8040468594808123,0.7246040645687171,0.8035438313225591,0.7213830792377613,0.9320142571782082,0.8943721699387815,0.860380696433722,0.7935451665512925,0.9623957267646996,0.8001877798140061,0.691446068355889,0.7981356597155751,0.9575955949663897,0.7172208910165074,0.841794093267785,0.9628180195144467,0.777991703255195,0.7486042235669181,0.8845697138021456,0.7645127736289719,0.9869987224188477,0.777991703255195,0.7982303743656427,0.7741027293438889,0.9694312280450923,0.9179577795473075,0.7280323367590137,0.916027328859182,0.9347631107138786,0.7449095774099637,0.794084976222859,0.8550065733210683,0.9924415378336475,0.7206778887425984,0.8122503262027616,0.7355382283068872,0.8940275945888625,0.9838828582329459,0.9742183505672648,0.9492848179930281,0.758761574002822,0.8244111725108743,0.8753220118250447,0.894371009082944,0.7130585457521905,0.8196852525153118,0.8704000267574201,0.9583993585096766,0.9541254526775216,0.6448685770729148,0.8065011344550455,0.7225959248592044,0.6757834625586496,0.9316501434323793,0.8678030899835301,0.7973256654252132,0.8604028387223073,0.8987171856284855,0.8604028387223074,0.7806620555580815,0.8537505429461787,0.9804784958263959,0.9009104045264771,0.7301312695908229,0.8311464231994983,0.9892939624713671,0.7021971410788314,0.777991703255195,0.870876713268393,0.9439404265012326,0.7301312695908229,0.9019925705328029,0.9136806902167052,0.9130801394464838,0.9371029763423195,0.8706286855228955,0.696038742651979,0.9575955949663897,0.6650930051386568,0.7923654252261243,0.9322532586091712,0.9686221564032027,0.8461263796789794,0.8855169510901255,0.7762974108690006,0.8487179487179493,0.782639337578672,0.9550194262826742,0.8375670847398857,0.6230341021558976,0.7613994236636066,0.6564192042757093,0.7309058720430988,0.7213830792377613,0.9252184078083303,0.7255034943491434,0.6703313970384324,0.7248896225030617,0.7914472697632489,0.7301312695908229,0.7946609539796639,0.8281202420167375,0.6921371009158372,0.9623671370200693,0.9243487433448527,0.7689823398373925,0.7301312695908229,0.7301312695908229,0.8063667302240627,0.898717185628485,0.7706368290474849,0.7301312695908226,0.8604028387223073,0.7301312695908229,0.6281861782266647,0.9606419976816412,0.7134618050956694,0.873282791650819,0.8375758758534326,0.9625724560522373,0.8651700237421927,0.7525547731845421,0.7301312695908229,0.9789103218218751,0.6690885631105586,0.6268344611213257,0.7842689270267811,0.8780291377740592,0.7606170730283125,0.8550065733210683,0.6640232668717296,0.7301312695908229,0.8123916747524584,0.9447328027656932,0.9482416022360171,0.906687959602261,0.9361387975584143,0.8962728365698496,0.8252028315761546,0.7301312695908229,0.9811144827170546,0.9957269003856614,0.7301312695908229,0.8387980287815486,0.807178814990017,0.8665346054359149,0.8076954830777365,0.688286083218016,0.7301312695908229,0.8825410552278963,0.845134862376419,0.9365797231195259,0.7604541228702233,0.7575948966147146,0.9525294575286438,0.765820090431327,0.932656294960041,0.8398896489883633,0.9673909389153651,0.7626785493480277,0.8901255119733621,0.7495156186642864,0.876965974827525,0.961710090098203,0.7042164740854774,0.8211183544415496,0.9228659261760036,0.7301312695908229,0.9835434409405949,0.9962564414746875,0.8442052606051107,0.9743798833618915,0.6993883784323667,0.7670059643554636,0.8195476856426924,0.9361387975584143,0.7399269524880685,0.8777086293029819,0.869044468641188,0.915064951238725,0.9792945930108101,0.8291398489166483,0.9821979361118385,0.7606257763645146,0.8884740070227131,0.915064951238725,0.9598414011813182,0.7329499812707243,0.986721612088708,0.8245281024001673,0.9132786383099609,0.9729647518881175,0.8972941913032084,0.8450574167757187,0.8200851396195277,0.8711706817387809,0.9924415378336475,0.9303984660247984,0.844898162601121,0.9090894373684011,0.9699348665599509,0.7756705108829194,0.9250760542501826,0.7425883711937671,0.6176962009616765,0.6239773718806301,0.8549966698125645,0.9420977069067249,0.7991226378555742,0.6540712564551687,0.8126753339921782,0.8474677175014009,0.8668868822373764,0.7843283487209846,0.9763162875263998,0.9744252757255611,0.8246430405090699,0.8107260588533334,0.7909339296839055,0.9314207822955337,0.9532397989068457,0.7749903914282218,0.8671341274913449,0.6271973831158051,0.8451634443215719,0.0,0.5990669541984497,0.8380252083428266,0.7256064607423468,0.9259073963035089,0.810102810116959,0.9892078879081125,0.8451634443215716,0.8064923406255748,0.7456164390316558,0.9512759396950607,0.7492027476456944,0.8883010896853643,0.8890830106535637,0.8304548216727818,0.7837038307590053,0.8754633861399745,0.7301312695908229,0.800608237475943,0.7301312695908229,0.7301312695908229,0.7558907387064917,0.8668868822373765,0.6650862641912327,0.7301312695908229,0.9165441885396289,0.7224918568935741,0.8852868140089973,0.9372776088146744,0.9789103218218751,0.9370841677333466,0.8801666549394356,0.820546418567673,0.7709870962282503,0.7882190208851407,0.9155061761297448,0.8334597424015091,0.7328872324880131,0.9512032890833305,0.8857317688337092,0.6015290278161846,0.9282903375864758,0.908045893235794,0.7285313976545114,0.8006082374759426,0.7549762731843234,0.8398896489883634,0.703971209639491,0.8683834516924684,0.9081595799348638,0.9472040798747399,0.7437477112158946,0.9589356616153148,0.7037555019416639,0.784533671722841,0.7700889996321183,0.931420782295534,0.7452300517240024,0.9066163701727092,0.7280058924937081,0.646612218991921,0.9688781366185267,0.8843429403249956,0.8782807318055033,0.9420977069067251,0.8334049911273389,0.7247259715748795,0.9995797633171007,0.6759615540392299,0.9615175130004966,0.93589375114032,0.8129032465630286,0.826598189373128,0.909457511186416,0.7738319121001587,0.7935283637969429,0.8478940553664762,0.9824640573134906,0.7301312695908229,0.8211183544415496,0.7092145629397735,0.9263050774651862,0.9365923793499614,0.8442342956559972,0.9024010236924396,0.8576210758321798,0.6915247718937125,0.9472040798747399,0.7103663094737289,0.8884740070227131,0.7292905399862153,0.8264683960267649,0.9532964335905252,0.7670059643554638,0.8767465845813152,0.9850832897674526,0.8480064364311654,0.787337450621303,0.8912835623916495,0.9408474580460304,0.6919279490962695,0.7428401819908412,0.8148226746579499,0.7454180502469099,0.7027819721430364,0.9704629908730878,0.9321523113665873,0.807275901471074,0.9656612249441194,0.9997647479471945,0.8082089848441989,0.9693292447713672,0.7492027476456953,0.8422661952128099,0.8852347761414247,0.9130801394464836,0.9203398427878269,0.9770480843972957,0.8480875255856002,0.8574815552165187,0.8632899429731515,0.8865297057800592,0.7245070155018182,0.9796115931400358,0.9343365340526398,0.7771645669150555,0.8891415630511637,0.7578937685581041,0.8753236120931848,0.7301312695908229,0.7955600427634753,0.9406581125595953,0.9189253316102037,0.9065048223856086,0.7301312695908226,0.7629910189439044,0.8778899447794509,0.928537740549497,0.5882477148137253,0.9992292023259398,0.9759877623185741,0.7829426938895336,0.9693491347841626,0.9212335149588726,0.898552845136786,0.9133379325358668,0.9705109923535553,0.7677567325503766,0.8036716641773033,0.8572536274440054,0.946537706628239,0.7361653036976694,0.8753236120931845,0.9423100764371375,0.908045893235794,0.8753236120931849,0.9337871931699739,0.9074636462199257,0.8446524872388197,0.8273358072099053,0.990180790886521,0.8794220672691386,0.9835656862891848,0.9166817637654097,0.9035693735382399,0.7130585457521907,0.7213830792377613,0.9259833020246668,0.7309058720430983,0.7213830792377613,0.7213830792377613,0.8769752150304548,0.7301312695908229,0.8203114788716956,0.9951528413902722,0.7301312695908229,0.8786361585906272,0.7166408816537151,0.9136806902167052,0.8398896489883633,0.9365797231195259,0.9066163701727092,0.7492027476456953,0.8916372490043558,0.8008774240115022,0.9366027714453327,0.6715367306175302,0.7301312695908229,0.6812466349037678,0.9619311600645907,0.8702923944937322,0.8392057321299524,0.74158358594578,0.9150261950454613,0.91624906551306,0.8138574222820105,0.9971279467424933,0.9493509050636675,0.8732827916508182,0.8107260588533334,0.9843882253751255,0.8064923406255748,0.9483229657337404,0.9250760542501826,0.9835434409405948,0.7158164380211499,0.8398896489883633,0.9525294575286438,0.7414774123039951,0.7301312695908229,0.8732827916508188,0.9824640573134906,0.8884740070227128,0.9926055210704758,0.8101028101169588,0.9023605438588361,0.7801177131628729,0.7670059643554636,0.9524086452154469,0.6813614530685528,0.7301312695908229,0.7301312695908229,0.9124936990194921,0.6147442476401612,0.9938312831382636,0.8145539899260179,0.7163373515318343,0.8577960695407583,0.9428646599032043,0.7033314899530767,0.7777529613331504,0.7817288143491046,0.7301312695908229,0.8639352066015977,0.8211183544415496,0.860380696433722,0.883476082527591,0.777991703255195,0.9117758527962718,0.7301312695908229,0.7301312695908229,0.6413185286613392,0.9591737048868167,0.7328554317372553,0.8901249879428252,0.9325786802857977,0.9241436386500343,0.9523071161715412,0.8943892051901592,0.6954646624677552,0.9533048181353181,0.7301312695908226,0.7361653036976693,0.7133862224427507,0.7391145011988287,0.9136806902167052,0.7941213329849907,0.8990748239405277,0.8654371765808999,0.7719011179626207,0.9656612249441194,0.9697869639846604,0.7301312695908229,0.7390182270218255,0.962367137020069,0.6931854399011896,0.7256074649288965,0.9477386786746436,0.908595883904757,0.9906750269975926,0.5462466281687967,0.9037282181939594,0.5694272961624582,0.807077463350008,0.8995084169455556,0.9321523113665873,0.8326445656986481,0.8566652906468514,0.7317476573442994,0.8311464231994985,0.7492027476456953,0.8308635162216642,0.9214216437174788,0.9598475691646613,0.9054951352860652,0.8981372237870209,0.8852868140089973,0.8981372237870211,0.9885931941530818,0.7192978922254555,0.9065048223856089,0.8573582247595652,0.8160221828268203,0.8962775750444472,0.6969317396510604,0.8925326077289388,0.5702948128112282,0.8655346503928818,0.8056825578273621,0.9502423237355746,0.9625825671184104,0.8180490880155942,0.9121434592629001,0.9623671370200692,0.8511427521551098,0.9062221440810666,0.7301312695908229,0.7241683350694031,0.9019130960628183,0.7750169339335031,0.8525992707005727,0.9754640353774322,0.7561690095320783,0.708299166593386,0.7301312695908229,0.884064060463601,0.8129032465630288,0.9699348665599509,0.6903730687556995,0.713603408882439,0.694261789590695,0.8211183544415496,0.8840616818498419,0.9677927186348172,0.8890625426282084,0.816264666098494,0.9598414011813181,0.5857975677157634,0.9885931941530818,0.9366027714453329,0.8732827916508187,0.8691184118833699,0.9330059070005989,0.7531813879316367,0.8205464185676731,0.8041356321433678,0.9549353818771855,0.7213830792377613,0.7676099444546678,0.8953317192546218,0.6742126269226332,0.6759615540392299,0.6747307107137348,0.7301312695908229,0.7208271620284776,0.8139712738580023,0.9876323489431227,0.7301312695908229,0.7579803578705886,0.8767465845813152,0.777991703255195,0.8436482525013911,0.7213830792377613,0.9754845716010286,0.9005990457462588,0.976906041086606,0.985589659990952,0.759176311789455,0.993681339346711,0.7934313511100484,0.7301312695908229,0.8158507075675501,0.7301312695908229,0.8451634443215719,0.8724792137758547,0.7830639847022098,0.860380696433722,0.9553653372648501,0.8988520147584991,0.6991660098612205,0.608216946520195,0.7301312695908229,0.8271341039820186,0.6646937870847849,0.9132976433366735,0.7654996780636971,0.9598475691646614,0.9159552332667188,0.949966659592149,0.8185713978212354,0.7256064607423468,0.6980772769225063,0.8967694854121274,0.7256064607423468,0.927724653823713,0.8943710090829442,0.9990816443437577,0.7256064607423468,0.860380696433722,0.8345984121371346,0.9951836523298245,0.6495095637950834,0.9995797633171007,0.89947792166249,0.71886341964431,0.8036702388383996,0.8666466252200815,0.8774881906667833,0.7738770298866755,0.9981627476944336,0.9169612314590974,0.892532607728939,0.9984917043740574,0.7879400318784243,0.8120632443035755,0.8449260311163465,0.8024603612793547,0.9065618971807243,0.9583993585096768,0.8475715154012993,0.7788688934502497,0.9535090502059176,0.85100445645349,0.8469243087802184,0.9312305546932764,0.7808402866479605,0.8211183544415497,0.800608237475943,0.9922097309848344,0.8099103252292084,0.9206800842230393,0.9623671370200692,0.6630180216590016,0.9372776088146744,0.9796115931400358,0.7781181359006095,0.7587615740028214,0.8986862688461752,0.96795937912982,0.9391363097210099,0.7309833346757786,0.894812276693874,0.9320142571782083,0.8384499512415053,0.9365957729553694,0.7461308961782385,0.8629007688328652,0.7537246386638621,0.9571376670427263,0.8611800808081422,0.8607667761082232,0.9023605438588362,0.8157207026700195,0.9726005682749654,0.951298902109999,0.8381288963767286,0.7483585156811929,0.7981593559702387,0.7015474986353398,0.7315444616544935,0.9009104045264771,0.8854971663887024,0.7566898239955648,0.9105422282205649,0.8753220118250444,0.7399269524880687,0.7502101359130711,0.9387664254707251,0.989293962471367,0.9770480843972957,0.7102107570168057,0.7645127736289715,0.7677567325503768,0.8089417696912156,0.9530292168965759,0.91624906551306,0.8525992707005727,0.848930494548124,0.8451634443215716,0.8040212139724224,0.7677567325503766
p175_M,0.9829411510645532,0.9385789134461193,0.8092097373785838,0.9104584515535377,0.9640062838948074,0.9197374370356892,0.8258147866332164,0.7990758777002103,0.5828930554100424,0.6323557490634328,0.9029852527308231,0.9363038471323671,0.958454422755221,0.8600960853075241,0.8321593044810478,0.9858718430453366,0.9813943157615574,0.9097115979774812,0.9973897225041903,0.9152641503417582,0.7991706278410444,0.8688077246092831,0.8920802319381609,0.732320075287366,0.8657679762547947,0.3946305558992952,0.8815270484708906,0.9407885803754521,0.9605021604012387,0.9085299827779083,0.4360762346684889,0.9427946840319121,0.9107523671187101,0.5170587547813721,0.9637881401608364,0.9109895373928905,0.8954023823601893,0.9757489930454581,0.6517640413322651,0.9060051895977654,0.8272934304752533,0.8852149430495113,0.919737437035689,0.9757158464353137,0.9148161375677795,0.7417694988525496,0.937582172017251,0.6042319330248677,0.8512300448035053,0.9878282767717947,0.7383007334765154,0.8137545417523189,0.3946305558992952,0.9385789134461195,0.9107523671187099,0.9293514524711304,0.8818449897152717,0.8918007079504506,0.8056555721018464,0.8848712502248579,0.5678092587457804,0.8271764811208757,0.9097115979774824,0.985482089679688,0.9068859994145182,0.6711926418170151,0.9029316112204655,0.9655622372244739,0.917214364193761,0.9162100923845102,0.9566447624599195,0.9060051895977654,0.9279034959226291,0.5359324336116431,0.8918007079504506,0.7774165095752024,0.8992597885323734,0.8718992107694508,0.7065844644668908,0.9374297224202957,0.755068285694084,0.8886114498000466,0.8953476735959471,0.8540589702876242,0.8918007079504506,0.9686535738961322,0.8688077246092827,0.7903260492261699,0.9444973217379506,0.8882932693469465,0.8918007079504506,0.8885957548866767,0.8500896133841158,0.7136696541291571,0.8953476735959471,0.8718549723951894,0.8629881815713285,0.7797903006735187,0.5262616352302341,0.6567305815860673,0.9293514524711308,0.937582172017251,0.8918007079504511,0.8178535359215966,0.7424335870011465,0.9109895373928902,0.9122358812441933,0.590747806306797,0.9252161641903394,0.6087167766684374,0.8273044411517507,0.7753016271609583,0.7527227391632731,0.8071248883001414,0.899108613242037,0.7486506671687896,0.9068126952440341,0.7002096296062613,0.9197374370356886,0.7185056354060307,0.9091257749126656,0.9566311903317916,0.8956273847626328,0.8754557732340406,0.9931905395122682,0.8217537905791764,0.8954023823601893,0.7390657782147768,0.8882932693469461,0.8429905361746883,0.5837184822300628,0.8991086132420374,0.9427946840319121,0.9673483838836943,0.8815270484708906,0.9360214345509124,0.923075238065349,0.9427946840319119,0.9029316112204657,0.9190178597011767,0.630801796777642,0.9152641503417576,0.7031372369325337,0.8528084865158394,0.9876457733161694,0.6256176433829006,0.8087931464763705,0.49609633637157613,0.9333927619948954,0.6763839054942329,0.9942598295392804,0.9166710428766067,0.9149882173400559,0.8026709028047759,0.9774791703451947,0.5188557900625048,0.8977993093880285,0.9100368987299776,0.9108963512449397,0.8133809431767207,0.824083679814545,0.985470710432321,0.888611449800047,0.9214801813483049,0.7810313952077226,0.8457632233052685,0.6539215793390742,0.827293430475253,0.9477529989208207,0.8814190381762596,0.9356396346765445,0.8882932693469463,0.5312098109185879,0.7954120263249194,0.7855468255801196,0.9066200040430421,0.9541896299485402,0.952637693044183,0.9982924189598988,0.7774165095752017,0.8002398092750815,0.7305262075923946,0.9293514524711308,0.9233738460510836,0.8694133671700623,0.8073764677074466,0.6154743401455038,0.9351233172763899,0.8750464770419492,0.8885760308062549,0.8078092644882715,0.968961592906853,0.7326676797006799,0.6095032459630442,0.9602787658929595,0.8918007079504506,0.7323200752873658,0.9873110786538151,0.9975941150943757,0.7797965739460115,0.575548626933684,0.8882932693469461,0.8918007079504506,0.808999236591067,0.7802693619189107,0.677593759122914,0.8918007079504506,0.6908714800335582,0.4753568888550873,0.5866223431817768,0.7054873594544013,0.9056031069669568,0.8882932693469461,0.8918007079504506,0.8637955550105685,0.8918007079504507,0.787123191881697,0.8366927294743882,0.8936322138761976,0.8918007079504506,0.7217225598591728,0.8918007079504506,0.7776616917353274,0.6039652445848922,0.9170322411079062,0.7723231362667504,0.9760557307924651,0.6510188646537212,0.9190178597011764,0.8627763408565621,0.8571237000829006,0.9307019265661585,0.789784955020691,0.8513970488424683,0.9029316112204655,0.7856879905096836,0.8777165452384925,0.7927381955186616,0.9040850593609371,0.6869042397079146,0.4048411052374773,0.7522929714633311,0.8517122542586351,0.9785423118698662,0.8918007079504506,0.8778543956220395,0.8918007079504506,0.641157463425509,0.8664957973805585,0.9774791703451949,0.8722512319713731,0.6510188646537212,0.732320075287366,0.9503797269557533,0.8956273847626326,0.8916353711175649,0.9029852527308233,0.6192351426278646,0.7161557990058247,0.8347972514092752,0.7509443411397415,0.9179231466268685,0.8882932693469465,0.989737435419342,0.8446039687848945,0.6517640413322651,0.7880583156601776,0.9851724012110448,0.8852149430495113,0.7015199236697476,0.8429039326427374,0.9427946840319119,0.9045504385539074,0.9731807598982378,0.8223743108374251,0.9109895373928902,0.6891107846900056,0.5548934997319899,0.8598295527538453,0.9170701204122984,0.9109895373928902,0.9876707292068891,0.5598715901305233,0.989737435419342,0.8453164318386717,0.9104584515535374,0.8991086132420374,0.8756872102415512,0.5646367031534145,0.8848712502248579,0.8991086132420372,0.9375821720172512,0.695563909182086,0.9541896299485404,0.6187251061794781,0.7647064578358072,0.794215287635764,0.8999672719401197,0.9541896299485404,0.8918007079504511,0.9060051895977652,0.9873110786538151,0.9029316112204655,0.6090996528181275,0.9068404327289781,0.9375821720172512,0.9060051895977657,0.9641860625543643,0.6697056120799278,0.8571019947328895,0.8841849777839873,0.8694234025255403,0.9149844916352097,0.764860866333244,0.8555746847642486,0.9605021604012389,0.840272080407916,0.915264150341758,0.9971380172369657,0.7809252845313955,0.8295097627646058,0.9375821720172512,0.8918007079504506,0.6187115150421785,0.9944713042228925,0.881885284132554,0.9109895373928902,0.9483117174169302,0.9363038471323668,0.8918007079504506,0.8657679762547947,0.9109895373928905,0.919737437035689,0.8547519316533834,0.6714613240065268,0.8598295527538451,0.9826577568433585,0.7070692859713283,0.7481311591590125,0.8657679762547947,0.7317661902841746,0.825681832298025,0.7161557990058253,0.565639077579538,0.8823638098537658,0.6166940317246865,0.8967291694509255,0.9197374370356892,0.6469028839642051,0.9242675330397168,0.636513078657833,0.8815270484708906,0.8882932693469465,0.8322896183891506,0.8325465987176781,0.5646367031534145,0.7024759141951948,0.7407515918983785,0.8918007079504506,0.5820084722239025,0.9112576872105786,0.9034103072534105,0.9206180783388169,0.9490218194797997,0.6988595109034312,0.8918007079504506,0.8918007079504506,0.8748942312251945,0.968961592906853,0.8549442225201116,0.8918007079504507,0.9605021604012389,0.8918007079504511,0.8600960853075241,0.8015403392332585,0.6095032459630443,0.9279034959226291,0.8375645041075976,0.9789319557752638,0.7720035645188619,0.7170274347212546,0.8918007079504506,0.8219501824158004,0.8695195625728145,0.6394405684793965,0.649061909038452,0.9140817941555841,0.8115860833877351,0.8991086132420372,0.5939197940133426,0.8918007079504506,0.692849123887191,0.937537911822411,0.7488198126595123,0.8956671801055667,0.8954023823601895,0.7209960511861111,0.9757489930454581,0.8918007079504506,0.9768622811347983,0.8372616292799149,0.8918007079504506,0.8885760308062554,0.5659627306672586,0.7130292778012557,0.7328824063021442,0.5778615999651093,0.8918007079504506,0.8814139055211945,0.726663146353533,0.989737435419342,0.7515804777388146,0.6854998106354823,0.911837255420927,0.5519553170096829,0.90092625698677,0.937582172017251,0.9072772156967592,0.5095361435159558,0.9907042037354445,0.5018374896728203,0.8583546885216062,0.7603705705278916,0.8920802319381611,0.9029316112204657,0.8818852841325537,0.8918007079504506,0.9109895373928907,0.8114940044756473,0.5318258188369896,0.9340712946921954,0.8988287569352171,0.8848712502248579,0.7734856119819083,0.9184588464635889,0.8848712502248579,0.9340712946921956,0.8918007079504511,0.8750464770419488,0.7795572150690233,0.9237971466773669,0.9109895373928905,0.46204729852930126,0.9942598295392804,0.9978886501497105,0.9907042037354447,0.674754922720385,0.8992597885323732,0.9605021604012387,0.8386286995125727,0.988301258910544,0.7893632330015594,0.8569246572337172,0.8688077246092836,0.8140172455445058,0.937582172017251,0.8756872102415512,0.9937151903375272,0.9675164133126005,0.8886114498000468,0.7566521698690619,0.9340712946921956,0.46192208987822725,0.8066012170647419,0.7565545390342969,0.9488492960243093,0.9481052266646686,0.575646631133967,0.7869574313974723,0.8377297172163944,0.9749571409386524,0.8627763408565621,0.7381321619978274,0.9029852527308235,0.7178532989576617,0.8598295527538449,0.8429905361746886,0.7002024126626709,0.8991086132420374,0.7036729452945862,0.7485911992290359,0.8725825827815012,0.7856879905096841,0.9109895373928902,0.5990669541984497,0.0,0.9068859994145182,0.8457632233052683,0.9481052266646686,0.9148161375677795,0.8977530247223019,0.6570095370506115,0.995314950717268,0.7404104818395637,0.8144941163224848,0.8882932693469463,0.8882932693469461,0.7225320083521879,0.9778098291715069,0.8815270484708906,0.834797251409275,0.8918007079504506,0.9068859994145184,0.8918007079504506,0.8918007079504506,0.6884420461395175,0.8734886394090504,0.8756872102415512,0.8918007079504506,0.5735927705679014,0.4801506242960627,0.8194852749688186,0.8385953466539933,0.8031812366768294,0.7117003545249887,0.9904098449900091,0.9842496457512628,0.6193467972050597,0.7967628162109254,0.9142386917615148,0.9483117174169302,0.43090273163741866,0.6984668227176971,0.6584062632475499,0.8402398194588374,0.9757489930454581,0.773662655011953,0.9132604024991049,0.9068859994145182,0.90092625698677,0.899108613242037,0.9137680199615847,0.7657675083136283,0.9700858004968942,0.8920802319381609,0.737298957142278,0.9395875575049126,0.5242015357294276,0.9320964215722473,0.8542616703600654,0.9760557307924651,0.8992597885323743,0.8954023823601895,0.9736436226747982,0.6370176955242218,0.7081923052252779,0.9029316112204655,0.7809901610692531,0.8188711496571099,0.8969040386200442,0.7845603183635632,0.9363038471323668,0.6394405684793961,0.8691450109335102,0.919737437035689,0.7117003545249887,0.6284296048148559,0.9519132041712034,0.7063487934589974,0.9297118524554642,0.8458646816703471,0.9754935376705747,0.8918007079504506,0.9029316112204657,0.4653029379358973,0.8918007079504511,0.7564089965703811,0.9601639163785549,0.9531644691774961,0.8953476735959469,0.7209960511861109,0.9506880141013581,0.5712933423086968,0.9152641503417582,0.6846559609301537,0.9340712946921954,0.9804222935801892,0.8848712502248579,0.9757489930454581,0.6940856172784982,0.8429905361746888,0.9461752438924502,0.7187030077350126,0.6764136789291716,0.7223320987175765,0.889462571720173,0.8513970488424683,0.5689893567248684,0.773752214925985,0.9177773850880526,0.9152641503417582,0.9254867932704707,0.9326301365954337,0.754866046846508,0.9519132041712031,0.6889645535139466,0.8882932693469465,0.6901263828795656,0.7928047305832939,0.9673483838836943,0.8301478796698403,0.8315764753314667,0.9446358261174743,0.8220068840377224,0.8569246572337172,0.9984689868383807,0.8919315298783144,0.9849349812060153,0.804009242599946,0.8718992107694503,0.9233738460510836,0.9029316112204657,0.9197374370356894,0.8918007079504506,0.9299914985657857,0.8540601119833355,0.7370489028291183,0.8296873519133925,0.8918007079504507,0.6608015940372536,0.7538046461036692,0.9820826274011359,0.8349149021845172,0.8165558862615876,0.9084422592637003,0.577443553937118,0.9161396644361017,0.8722512319713727,0.8870942035498053,0.6118525217692445,0.8264075517932417,0.9068859994145184,0.8565753455961951,0.8548730528847577,0.9469971516571074,0.8429905361746888,0.9197374370356886,0.8456737070075291,0.9531644691774963,0.919737437035689,0.875046477041949,0.9023795156406167,0.9640062838948074,0.6800761783917901,0.7917518049064642,0.7434097221619114,0.9279034959226291,0.8266716361598098,0.8116573882072695,0.7340518642301974,0.8882932693469465,0.9029316112204655,0.8815270484708904,0.8882932693469465,0.8882932693469465,0.8271068874433852,0.8918007079504506,0.7855820605602203,0.9778098291715069,0.8918007079504506,0.9173933468462483,0.8461326119911259,0.9109895373928902,0.937582172017251,0.9483117174169302,0.8954023823601893,0.8882932693469465,0.8457685183376291,0.632646222688925,0.9506880141013583,0.5167761334073456,0.8918007079504506,0.9562175970779132,0.8991086132420372,0.8598295527538449,0.7712182284317532,0.8046967529941969,0.95941018494016,0.8954023823601893,0.5967626706041229,0.9370115809981678,0.8657679762547947,0.8918007079504509,0.9454621129724834,0.8820316760174582,0.891931529878315,0.7214431843350599,0.972670579423688,0.9541896299485404,0.8786176172006352,0.899108613242037,0.8902450233273334,0.6114321843047048,0.8918007079504506,0.9640062838948071,0.8623078767723431,0.677593759122914,0.8013254782234269,0.9148161375677795,0.8718992107694512,0.6232757491437385,0.8848712502248579,0.7151393036758549,0.6216617340106713,0.8918007079504506,0.8918007079504506,0.8635091072918883,0.704859355911361,0.8991334456478843,0.8213147750313231,0.4167220596636062,0.6854998106354824,0.7081923052252781,0.5687499231061548,0.970085800496894,0.5633389157286941,0.8918007079504506,0.8089854010455961,0.9029316112204657,0.6517640413322651,0.7694061370103624,0.9109895373928902,0.6819462236481216,0.8918007079504506,0.8918007079504506,0.6452554114691007,0.8918007079504511,0.6276464014427467,0.8992597885323734,0.8152249930343429,0.8272934304752533,0.8456737070075289,0.827293430475253,0.5249287525459565,0.8163920174966022,0.8918007079504507,0.8429905361746888,0.549313682532248,0.8954023823601893,0.9541896299485402,0.8352311593245667,0.826851125466791,0.8741365422785892,0.8725825827815012,0.9698578908306781,0.7343506680095611,0.8918007079504506,0.6641246843727916,0.9112576872105785,0.3614004901961573,0.8555746847642485,0.7309200098221509,0.9385789134461191,0.9646583258609853,0.84129952660015,0.8031339745685981,0.7283628321122022,0.42322707317605424,0.9148161375677795,0.9605021604012389,0.9104584515535377,0.8540589702876245,0.7051478517413652,0.7383007334765159,0.9233738460510839,0.6045554083699283,0.8484356419795884,0.9135063197922979,0.9069027048316118,0.9374297224202954,0.8194852749688193,0.8898187755722908,0.919737437035689,0.920412495673729,0.9279846257000834,0.5694907415400292,0.9640062838948074,0.915264150341758,0.8992597885323734,0.8571237000829008,0.788170406880528,0.8782540541553363,0.9935349994593581,0.9023795156406167,0.6228975579788505,0.7695478295226101,0.7855402964129503,0.8485648350028443,0.7544270961227817,0.7996098030677952,0.8918007079504506,0.8885957548866767,0.9279034959226291,0.8268419389977836,0.6323557490634328,0.9733336278715176,0.449404918137318,0.8126028926810813,0.8918007079504506,0.7121000824699291,0.7117003545249887,0.8811333738303391,0.5679763107191038,0.5519564649567865,0.5633389157286941,0.9029316112204657,0.6622385782217859,0.9526177552120789,0.8655011663791526,0.6880441579889671,0.9506880141013581,0.7815064348105971,0.8422078287242853,0.9506880141013581,0.8918007079504511,0.8040092425999459,0.8512300448035053,0.6396165017071811,0.9944713042228925,0.7380536305897085,0.9279034959226291,0.8882932693469465,0.6773383831236355,0.7564089965703811,0.8805576800070316,0.6704151783504888,0.6873954184060842,0.8918007079504506,0.6125674180937024,0.7437853213714374,0.9860020009225579,0.8918007079504506,0.47173342944586494,0.9917526939911679,0.9109895373928902,0.8627763408565616,0.8882932693469465,0.8058705538142572,0.9375379118224111,0.8015403392332581,0.9293514524711308,0.871249987131727,0.9799919051829569,0.7118598557621052,0.8918007079504506,0.8885510433540325,0.8918007079504506,0.6570095370506115,0.7907987299578068,0.6744970136425184,0.6517640413322651,0.9215503362583839,0.7505202636950052,0.5105733407587794,0.8600960853075241,0.8918007079504506,0.9660056728588532,0.5385094608169494,0.7995756804161858,0.8660856746685761,0.8429905361746886,0.9427946840319121,0.840239819458837,0.881872099049785,0.8695195625728145,0.48925023190989825,0.6718403798451125,0.8695195625728145,0.8600960853075241,0.9029316112204657,0.8133809431767214,0.8695195625728145,0.6517640413322651,0.8818852841325535,0.9929143549340774,0.8133809431767209,0.8882932693469461,0.9073778623991141,0.8886114498000468,0.6747811488188018,0.8429905361746886,0.9907042037354448,0.48510181257485574,0.8748942312251945,0.9233738460510836,0.8571237000829007,0.7399070492724775,0.8349149021845175,0.8326092276629775,0.7070692859713281,0.8348309150853277,0.8268811643733744,0.9607803343920254,0.7695478295226104,0.937582172017251,0.6395101926537656,0.8746028111475572,0.8722512319713731,0.9254062818990603,0.5623188854584722,0.9029316112204657,0.9068859994145184,0.8873313349611992,0.44958575984313076,0.8391640739625918,0.8725825827815017,0.8402398194588374,0.9246369535658882,0.8956273847626326,0.4227683587618677,0.8918007079504509,0.7613242291844193,0.7956369567836057,0.8375257920528889,0.5623188854584722,0.9011520976492862,0.9068859994145182,0.851397048842468,0.8611348311665885,0.3946305558992952,0.8815270484708906,0.8429423482710732,0.9313070303891744,0.8950342219922577,0.8908587789596011,0.871899210769451,0.8668564389522992,0.8882932693469461,0.9262711791126412,0.8441323163991732,0.8991086132420374,0.8954023823601893,0.4324499438501347,0.41015559400484025,0.899108613242037,0.824662837219309,0.540174850855041,0.8523950123883866,0.9531644691774961,0.8848712502248581,0.6621569528228297,0.9749571409386522,0.7927381955186614,0.937582172017251,0.5420880049271402,0.9173933468462485,0.9068859994145184,0.5491645283911113,0.9135052288653056,0.9326301365954337,0.6775937591229135,0.6499807016764776,0.7002096296062613,0.8041745210052789,0.9068859994145184
p175_V,0.9857768064258265,0.9495194495442563,0.8445596925710103,0.9858673317522388,0.8929968346358236,0.9675743567407267,0.8466535911496722,0.883104721839103,0.9172245874626139,0.9657671730030435,0.9482479709168006,0.8986811553763572,0.8986811553763572,0.7513285564495055,0.9230659630317122,0.9013784409842849,0.9521375655065456,0.9410406098239259,0.49492899945801105,0.9657671730030435,0.903206919382465,0.9469990271543745,0.9445623805946022,0.9577431256853024,0.9457709851868579,0.9410406098239257,0.6309554393004697,0.9727347845851521,0.9657671730030435,0.8701118113860611,0.9354577472990953,0.9560086947472868,0.9508152934266847,0.9301521134798676,0.8929968346358237,0.9640402523885963,0.9577431256853024,0.6421812596791294,0.9675743567407267,0.7171048757053846,0.913419102141044,0.9421983319196943,0.9330470514183519,0.9787950906816582,0.9521375655065456,0.9223679956787532,0.9592404230051592,0.9143648077845039,0.939897739160851,0.989737435419342,0.9607848936032954,0.8494065101643672,0.9410406098239257,0.9495194495442563,0.9508152934266845,0.938768815466609,0.938768815466609,0.9562880686171875,0.9309752480861736,0.9534886050081051,0.964663415934474,0.955734856013263,0.9410406098239261,0.9134191021410443,0.9623824451410659,0.9155947545010743,0.9607848936032954,0.9472720887282853,0.9394373506523193,0.9640402523885963,0.6524466066378494,0.939897739160851,0.9562880686171875,0.9177465321422125,0.9562880686171875,0.9022918659842716,0.9469990271543745,0.9482479709168004,0.9145187709012395,0.7342898677365097,0.9482479709168006,0.9433718940682516,0.789985634443444,0.9410406098239261,0.9562880686171875,0.6698230132154811,0.9469990271543745,0.8971967889242585,0.9087387818848152,0.9548710823073732,0.9562880686171875,0.7617082565661866,0.8421718659231513,0.946145257121781,0.936549554387319,0.9143648077845039,0.7675517574308484,0.9032069193824648,0.9444305013353369,0.9433072675424814,0.938768815466609,0.9592404230051592,0.5162090927683516,0.8354039064728468,0.926138075871473,0.964040252388596,0.7126640605978503,0.9556088835606265,0.929577598819045,0.9198988420720091,0.8007542456110428,0.9421983319196943,0.8061744934456334,0.968803565300479,0.9592404230051592,0.8306248033113864,0.9841747480714135,0.964040252388596,0.9675743567407264,0.9853812680091014,0.9250566218612026,0.778584931229424,0.555623350836753,0.935457747299095,0.99912262812238,0.8868257278276614,0.9577431256853024,0.9167714410425666,0.9548710823073729,0.9761356843815903,0.8905026990324321,0.9592404230051592,0.9607848936032954,0.9330470514183519,0.9521375655065456,0.8213498583550598,0.987693886593716,0.9607848936032954,0.9607848936032954,0.9752369887774631,0.9068654210599805,0.9657671730030435,0.8822556897514986,0.7720451198653113,0.7731717706740591,0.9230659630317124,0.9911841280007907,0.9983375664997722,0.939897739160851,0.9216828222379452,0.9657671730030435,0.9443139433986842,0.8390184586479896,0.8977386203509137,0.9607848936032954,0.939897739160851,0.9096689964166691,0.6854677005916768,0.9841323151590049,0.778584931229424,0.8716066634298205,0.9592404230051592,0.9433718940682516,0.9276065414570318,0.9115378627127524,0.6752143570363167,0.9167714410425667,0.913419102141044,0.936549554387319,0.9945578164232356,0.9333065093925879,0.9548710823073732,0.938768815466609,0.7919880082840167,0.9096184581084206,0.7574965561922458,0.964040252388596,0.9635780404756729,0.9311946072310933,0.7356776225320782,0.9716656682171856,0.944809684110969,0.938768815466609,0.9548710823073732,0.8787593440855819,0.8425542844208227,0.9853812680091014,0.9593880781275532,0.9495194495442562,0.9343769343025807,0.975236988777463,0.9619936422826709,0.8871339301744108,0.9487022485658541,0.964663415934474,0.9562880686171875,0.9577431256853024,0.4763161452764433,0.9143648077845039,0.9603129146905811,0.9068859994145182,0.9548710823073732,0.9562880686171875,0.8868937905864729,0.9487022485658543,0.9657671730030435,0.9562880686171875,0.8565893759313057,0.9270730230791455,0.9022918659842716,0.9126737616573803,0.918186094706007,0.9548710823073732,0.9562880686171875,0.911653846624331,0.9562880686171874,0.9365797231195259,0.831266729768137,0.8020773264930792,0.9562880686171875,0.9167714410425665,0.9562880686171875,0.8466535911496722,0.9201228276565452,0.6752143570363165,0.8932116722416492,0.9592404230051592,0.9324116745150108,0.9534886050081051,0.5661082321204185,0.9469990271543747,0.9191520956010528,0.9185733158656162,0.9301521134798674,0.9607848936032954,0.9568407342490962,0.9705201879916356,0.6839897471005683,0.9115378627127522,0.9270730230791457,0.97613568438159,0.9521375655065456,0.7785849312294241,0.9534886050081051,0.9562880686171875,0.994900896131559,0.9562880686171875,0.8689745433651044,0.6804256865012974,0.9607848936032954,0.9931284229919284,0.9324116745150108,0.9577431256853024,0.9746202948705038,0.9457709851868579,0.7586969892787796,0.9868659623160062,0.9891726316205178,0.9592404230051592,0.8096400702014259,0.8896003271096575,0.9696197651756338,0.9548710823073732,0.9623824451410659,0.8451715592961493,0.9675743567407267,0.9242089152001629,0.9918284544690201,0.9421983319196943,0.8886981112672732,0.8030253969914667,0.9607848936032954,0.974370845851183,0.9556088835606265,0.9059428360664096,0.964040252388596,0.9534602133051295,0.9260614370793867,0.9965514935490282,0.6880205477142878,0.964040252388596,0.9075881164980935,0.9058934917425534,0.9511494252873564,0.912476848317918,0.9858673317522391,0.3983110062666375,0.9301521134798674,0.9320968266176188,0.9534886050081051,0.9592404230051592,0.9592404230051592,0.9131242190550017,0.9640402523885963,0.924229381098876,0.9816550577048297,0.9013784409842849,0.8575991742253068,0.9640402523885963,0.9562880686171875,0.9970639700164783,0.8326881763486005,0.623183048149615,0.9276065414570318,0.955587210232753,0.9592404230051592,0.9970639700164783,0.923148046660346,0.8952216971545265,0.9220794934202008,0.9004665216997632,0.76294781546019,0.821958742392087,0.8924244121716267,0.8074672457986927,0.9657671730030435,0.9172245874626141,0.9657671730030435,0.9808531012828583,0.9257389930135204,0.7041279315375741,0.9604535056538152,0.9562880686171875,0.9607848936032954,0.7284056255335671,0.9410406098239261,0.964040252388596,0.9623824451410659,0.9548710823073732,0.9562880686171875,0.9919033068160935,0.9640402523885963,0.9675743567407267,0.970223678284496,0.8812313746286631,0.9433718940682516,0.9607848936032954,0.9580186848345915,0.9534602133051293,0.7426004748278991,0.9508152934266847,0.8623362387873973,0.9592404230051592,0.9808531012828585,0.9648657621037748,0.9495194495442563,0.9230659630317122,0.9675743567407267,0.9276759113966682,0.9684459109141506,0.9382719339501255,0.9521375655065456,0.9548710823073732,0.9639272200030259,0.9813875979308577,0.8993807416255251,0.9659658848784176,0.891213945478342,0.9562880686171875,0.9804262459572082,0.9291179679746995,0.9311946072310933,0.9792503453259269,0.9657671730030435,0.9361590003494942,0.9562880686171875,0.9562880686171875,0.939897739160851,0.9619936422826709,0.8335656945690967,0.9562880686171874,0.9657671730030435,0.9562880686171875,0.9333065093925879,0.9115378627127524,0.9487022485658543,0.9562880686171875,0.6397165020533839,0.9469990271543745,0.8743987568468055,0.9030423464559569,0.9562880686171875,0.8977386203509137,0.9280917395652362,0.9371044754919573,0.9071047104360574,0.9343769343025807,0.7766058155625478,0.9592404230051592,0.92197166571124,0.9562880686171875,0.881852847175738,0.9410406098239261,0.8787593440855819,0.7764358167750837,0.9577431256853024,0.8758540789337489,0.9508152934266845,0.9562880686171875,0.9618517021806038,0.9298530872602186,0.9562880686171875,0.9343769343025807,0.8194144871030815,0.8984876543923497,0.8952216971545264,0.9276065414570318,0.9562880686171875,0.8424394300035336,0.9116538466243309,0.9623824451410659,0.8108161786537492,0.8622543794341351,0.9880738944070537,0.9210985398310307,0.749274487059052,0.9592404230051592,0.955587210232753,0.9425174783713439,0.9445623805946022,0.9792036529152424,0.8914053182874357,0.8117821718991286,0.9445623805946022,0.9607848936032954,0.5943032437884446,0.9562880686171875,0.9640402523885963,0.732094469484057,0.9377001994406238,0.9482479709168006,0.9376530086096915,0.9534886050081051,0.8591708211604272,0.9577431256853024,0.9534886050081051,0.9482479709168006,0.4408515443948574,0.9495194495442563,0.895925440906856,0.9619936422826707,0.9457879562525044,0.937256845405638,0.9657671730030435,0.9178689456870835,0.9942714459947758,0.861329348698521,0.5444988855441171,0.9657671730030435,0.8602519291845268,0.977678477490042,0.6788568205613625,0.942198331919694,0.9469990271543747,0.9162673470024436,0.9592404230051592,0.9301521134798674,0.913419102141044,0.9325451343746467,0.5760152068699853,0.9568407342490961,0.9482479709168006,0.9894059433698013,0.863887787050554,0.9012618396310073,0.6756078655093175,0.9521375655065456,0.8729661616863007,0.9059631313150907,0.9858673317522388,0.9965514935490281,0.9942714459947758,0.892557609827948,0.9482479709168006,0.8723886533920737,0.9433718940682516,0.9761356843815903,0.8855910064126518,0.9592404230051592,0.8559914499686949,0.8469680690265142,0.6698230132154812,0.913419102141044,0.964040252388596,0.8380252083428266,0.9068859994145182,0.0,0.977678477490042,0.4919864409028082,0.9521375655065456,0.9560086947472869,0.964040252388596,0.935457747299095,0.8832783605113931,0.9250566218612026,0.9548710823073732,0.9548710823073729,0.9145187709012395,0.9660244666247457,0.9521375655065456,0.8096400702014259,0.9562880686171875,0.9623824451410659,0.9562880686171875,0.9562880686171875,0.9433072675424814,0.9445623805946022,0.9301521134798674,0.9562880686171875,0.9015575934277507,0.928532920117356,0.9270730230791456,0.8089935506215316,0.8977386203509137,0.8729115082788345,0.9172245874626139,0.9162673470024438,0.9649376594301962,0.9508152934266845,0.9425174783713438,0.9623824451410659,0.9291179679746997,0.9059428360664096,0.9116538466243309,0.935457747299095,0.9508152934266845,0.8326881763485998,0.8941256158770949,0.9623824451410659,0.8343053731076726,0.9592404230051592,0.9581074754130985,0.9469990271543745,0.585397911670892,0.944562380594602,0.9394603519283087,0.6397165020533839,0.9646634159344738,0.944562380594602,0.9662171720188699,0.9592404230051592,0.9469990271543747,0.4206113010629251,0.9260614370793867,0.9484030384081925,0.9307027487263462,0.9560086947472866,0.8769444849065682,0.9521375655065458,0.8665668080501097,0.9050424200568572,0.9548710823073729,0.9047777385165501,0.936549554387319,0.9675743567407264,0.8729115082788346,0.9719859159252597,0.9162673470024436,0.8754996871813409,0.9469990271543745,0.9201228276565452,0.9773977440785955,0.9562880686171875,0.9607848936032954,0.9776784774900422,0.9562880686171875,0.9529720363315421,0.9469990271543745,0.9534886050081053,0.7352926722095968,0.8758540789337489,0.9445623805946022,0.9298530872602186,0.9657671730030437,0.9180412008234591,0.921979895548813,0.9588013019579573,0.9534886050081051,0.981350798757618,0.9134425692262829,0.6804256865012974,0.9965514935490283,0.8759261216754276,0.9358141562321112,0.9004625295707854,0.9552866321323303,0.6642399840962043,0.9220526430026654,0.8805708457535908,0.935457747299095,0.9657671730030435,0.9919033068160934,0.9577431256853026,0.8654261869221105,0.9504850176985602,0.9078111670939806,0.9548710823073732,0.883104721839103,0.8623362387873973,0.9675743567407267,0.9101067715940973,0.960453505653815,0.9291179679746995,0.9727347845851521,0.9421983319196943,0.9593880781275534,0.935457747299095,0.9457709851868581,0.912476848317918,0.9482479709168004,0.9548710823073732,0.9607848936032954,0.9675743567407267,0.9562880686171875,0.9808531012828583,0.8841862845276727,0.8993807416255253,0.6584525097687595,0.9562880686171874,0.9391357122564039,0.8843708570014718,0.9443139433986842,0.9333065093925879,0.9172245874626139,0.7617082565661865,0.9369151442674037,0.8281848931248401,0.9376530086096915,0.9191520956010528,0.976776185955968,0.7646590535028456,0.9623824451410659,0.7284056255335671,0.938768815466609,0.9592404230051592,0.9270730230791457,0.9330470514183519,0.9513961626258347,0.547590551490875,0.9675743567407267,0.9495194495442563,0.5545431325195793,0.9562880686171875,0.8984876543923498,0.9004665216997629,0.9457879562525049,0.9562880686171875,0.9894382119329367,0.9300496874957528,0.9602082214267222,0.9548710823073732,0.9607848936032954,0.9521375655065456,0.9548710823073732,0.9548710823073732,0.9301521134798674,0.9562880686171875,0.9521375655065456,0.9660244666247457,0.9562880686171875,0.5760152068699853,0.9059631313150907,0.9457879562525044,0.9592404230051592,0.9623824451410659,0.9577431256853026,0.9548710823073732,0.9155919905807125,0.9495383029054911,0.9445623805946022,0.9661023720508124,0.9562880686171875,0.9201228276565452,0.9592404230051592,0.9433718940682516,0.9521580215333112,0.7084563067515395,0.964040252388596,0.9577431256853024,0.9919033068160935,0.9748016543159652,0.5556233508367532,0.9562880686171875,0.9270730230791457,0.8081869133204378,0.9026976644887873,0.9296170701540485,0.66243562848004,0.964040252388596,0.939897739160851,0.9592404230051592,0.7126640605978503,0.9672708404642685,0.9562880686171875,0.9562880686171875,0.9380222350786749,0.9657671730030435,0.8669517763568069,0.9521375655065456,0.9482479709168004,0.9822728840002257,0.9534886050081051,0.9498549256172192,0.9440811193736829,0.9562880686171875,0.9562880686171875,0.9746202948705038,0.8421718659231514,0.728405625533567,0.8729115082788346,0.9708005919631291,0.8952216971545265,0.8296528763467039,0.9253562380373368,0.942198331919694,0.9705889298794652,0.9562880686171875,0.9143648077845039,0.9607848936032954,0.9675743567407267,0.8758540789337489,0.964040252388596,0.955734856013263,0.9562880686171875,0.9562880686171875,0.9024373681012594,0.5915666411418458,0.9094192894636663,0.9258754510202484,0.9086798545885583,0.913419102141044,0.9376530086096915,0.7392078409945391,0.9252882909717637,0.8126188154529476,0.9562880686171874,0.6804256865012973,0.9091332945570934,0.9577431256853024,0.9457879562525047,0.982743090758416,0.9004700005456047,0.9230659630317124,0.6698230132154811,0.8868454810017548,0.8787593440855819,0.9562880686171875,0.9511935811114112,0.9204848999716183,0.9568407342490963,0.9660102128246508,0.822063985040601,0.9495194495442563,0.9633200991265265,0.8425542844208226,0.9511494252873565,0.8868937905864729,0.9541266410599913,0.9521375655065456,0.9657671730030435,0.9333065093925879,0.9410406098239261,0.9377001994406238,0.9607848936032954,0.9548710823073732,0.9314659325100627,0.938768815466609,0.680425686501297,0.9841593444361116,0.9330470514183522,0.7785510091061865,0.8336684595774309,0.9675743567407264,0.9162673470024436,0.9311946072310933,0.910601968746465,0.9562880686171875,0.9657671730030435,0.9469990271543745,0.9894382119329369,0.8743987568468055,0.9508152934266847,0.9548710823073729,0.9486338396414331,0.9087387818848149,0.9645511776582262,0.9082634868135641,0.9792503453259269,0.9145187709012392,0.9264819187209333,0.9562880686171875,0.7617082565661865,0.9562880686171875,0.916298516266804,0.9657671730030435,0.9987511985291292,0.9433718940682516,0.8390184586479896,0.9562880686171875,0.8971967889242582,0.9055970488846665,0.9965514935490281,0.9309752480861735,0.8842994831730135,0.8719227385629409,0.9607848936032954,0.9466798193261674,0.9708005919631293,0.8656041668745096,0.909385058694516,0.5661082321204187,0.8591922957366498,0.9675743567407267,0.871939099173531,0.9562880686171875,0.912476848317918,0.939897739160851,0.9637765273080221,0.9606832254354425,0.9004625295707854,0.9683543830093179,0.9548710823073732,0.9672708404642685,0.880570845753591,0.749274487059052,0.9047777385165501,0.9168188403386275,0.9562880686171875,0.947548653436723,0.8823796135894799,0.6462069117302034,0.9562880686171875,0.896467838022496,0.9508152934266845,0.964040252388596,0.9942714459947758,0.9548710823073732,0.9719859159252597,0.9991226281223801,0.7459946818243353,0.995067487912588,0.9862901718146116,0.9445623805946022,0.8978561483651695,0.9562880686171875,0.9376530086096915,0.9562880686171875,0.964040252388596,0.7715031580899789,0.9402558711168867,0.9675743567407267,0.936549554387319,0.811580018785445,0.918186094706007,0.9333065093925879,0.9562880686171875,0.9568755471965897,0.9787432486417591,0.8477196485514616,0.935457747299095,0.9270730230791457,0.9607848936032954,0.9354577472990953,0.9343769343025807,0.9776784774900422,0.9911841280007907,0.8843507225934455,0.9776784774900422,0.9333065093925879,0.3735638132013619,0.9013784409842849,0.9776784774900422,0.9675743567407267,0.99912262812238,0.9577431256853026,0.9013784409842849,0.6057856307438174,0.987615254758085,0.9433718940682516,0.8445596925710103,0.9270730230791457,0.8719390991735313,0.9260614370793867,0.939897739160851,0.9548710823073732,0.9469990271543745,0.9365797231195259,0.7513285564495057,0.9153141563577833,0.8903991455657345,0.9716656682171856,0.921098539831031,0.7171048757053848,0.9577431256853024,0.9592404230051592,0.9153141563577833,0.9506935918794348,0.9376530086096915,0.8404453338613613,0.9981498569583072,0.9607848936032954,0.9623824451410659,0.9948451891592138,0.9912425166211665,0.8937741677510578,0.9706172773228458,0.935457747299095,0.9792036529152421,0.68027476683085,0.934376934302581,0.9562880686171875,0.9274501625197058,0.8347150649949071,0.7864985157673795,0.9981498569583072,0.9755708594437984,0.9623824451410659,0.9301521134798674,0.9920255469531102,0.9410406098239257,0.9521375655065456,0.936549554387319,0.8260511052106432,0.9600198715458841,0.858107364707553,0.6624356284800403,0.9696197651756335,0.6057856307438172,0.899555988792494,0.8538966800745265,0.9592404230051592,0.9577431256853024,0.9425174783713439,0.9376530086096913,0.9592404230051592,0.955587210232753,0.9188331228609052,0.8495834360609223,0.9534886050081051,0.9534886050081051,0.9231304080052687,0.9433718940682516,0.8616532608325631,0.9604535056538153,0.9506780844219123,0.9433718940682516,0.9623824451410659,0.9494976475473855,0.7034988507732455,0.9577431256853024,0.9657671730030435,0.8585940881759968,0.964040252388596,0.8581181880825066,0.9623824451410659
p176_L,0.9651237098258709,0.9443995409534843,0.8457632233052685,0.9466368757657933,0.959657136477295,0.995006876394922,0.9665076003658368,0.9628517279666144,0.8674433656039868,0.934561854210183,0.9872968515533684,0.9977164699543988,0.955724889671401,0.9466368757657931,0.9881531677583473,0.8803029307892649,0.8922561605225314,0.9539119155583535,0.982971410509272,0.9029879488665962,0.8613707440299998,0.97158786042076,0.9305880744557047,0.9192233962368055,0.9964366158728784,0.8872955140291616,0.9483551875577274,0.9478522336769759,0.9571380145076701,0.8320407373186157,0.8766235303260079,0.9727541677821405,0.905980420499302,0.9537077258337427,0.9971276925647266,0.8101859061354616,0.9637851559795012,0.9773177764454566,0.9380163966266191,0.9181909994949606,0.9589999745462268,0.8895085707332924,0.834021684300168,0.9945861478049025,0.9321033235024668,0.9913735929116652,0.9220855717829912,0.8363030843630055,0.9834599236267052,0.8932759018403602,0.9250379219402804,0.9262538660782206,0.8872955140291616,0.9035033355391051,0.9448810215177157,0.9475238565788602,0.9798093648918664,0.9164419655193166,0.9070155544436818,0.9928378554472403,0.8715535812823536,0.9733315178225725,0.9128552813832624,0.8593962429851332,0.9231480466603461,0.9023838673591813,0.9318133405341397,0.9060160128370505,0.8994488358288384,0.8618965769742786,0.9895667589681865,0.9834599236267052,0.9971276925647266,0.8491610659211275,0.9164419655193166,0.9330258003055868,0.882607206234614,0.9010728262563199,0.8429604839965288,0.8910121640684715,0.9382829336530905,0.9359879063473189,0.9414399550230419,0.8872955140291618,0.9164419655193166,0.9342500146938063,0.9190584395707705,0.8906345134022291,0.8496083480183549,0.9137333093884032,0.9164419655193166,0.9404297232868184,0.8767530976833107,0.953612490118064,0.9728046393068173,0.9881016593726815,0.899881902367145,0.9773623611333115,0.779742062345403,0.7967315177143726,0.8587630935431033,0.9397554510393484,0.9596571364772952,0.8429513384808491,0.7618770278422407,0.9312607396704553,0.9947512775397305,0.9089296245145162,0.9964366158728782,0.7955580363265204,0.7653802590312331,0.9750371215360399,0.8701989245649346,0.9850240668631431,0.9220855717829912,0.8290533621536318,0.9063752600766318,0.9829714105092717,0.8910121640684713,0.8487265561642354,0.9945861478049025,0.9950097342309363,0.96782156151872,0.9694362836489427,0.7463142775602835,0.8022600285045149,0.9637851559795012,0.8546180048997591,0.8343172089136095,0.8580455361717002,0.8339903731560385,0.8937024586467948,0.9318133405341396,0.9950068763949225,0.9719504864824022,0.9243176855640713,0.8207479612003373,0.9795295863759997,0.9795295863759995,0.9110906193450523,0.9280892222111916,0.934561854210183,0.7876704712499112,0.9523215556168086,0.8834476983427147,0.9070227924758549,0.9193989118779655,0.8191012604339092,0.885110846748371,0.9184278084209281,0.9571380145076697,0.8976528842875962,0.9672938193063929,0.8269876062062995,0.8363808488504196,0.9178938723744825,0.8094009289428854,0.9422028158499836,0.8262406759871768,0.9950097342309363,0.8296148328568536,0.8937024586467952,0.9015358689505102,0.7681353069279424,0.9972558204432054,0.9478522336769759,0.8755033389672213,0.90919810876568,0.8703719392743067,0.8845859709276045,0.8562109672938352,0.9557248896714008,0.9152383482658544,0.8258939008523996,0.8407654886035587,0.957122354926818,0.9829714105092717,0.8692302065186487,0.9861364778396993,0.8824292665093911,0.8448524153708081,0.9567192892236172,0.7941920769170913,0.955724889671401,0.8605708309177826,0.8140832804150168,0.8692813631878964,0.9392178238502193,0.903503335539105,0.6980156047865925,0.9928378554472403,0.995811551634064,0.987561720350933,0.8028344550408111,0.8413540856599713,0.9164419655193166,0.9192233962368055,0.9110906193450525,0.8363030843630053,0.9396026119231919,0.8695195625728145,0.9977164699543988,0.9164419655193166,0.9754833929737019,0.8585820023484632,0.9887119198512566,0.9164419655193166,0.9639168532621702,0.8605956163602335,0.8593611498612634,0.8467302863356788,0.975211821780186,0.9602919497626032,0.9164419655193166,0.88972463226514,0.9164419655193166,0.8599289566245414,0.9908859131672675,0.9590685666003327,0.9164419655193166,0.875377901525376,0.9164419655193166,0.9857207446967,0.8999561688633488,0.93840206185567,0.9494308298420422,0.8476494662542414,0.8090017246333321,0.9110906193450523,0.929104460779949,0.9715878604207604,0.8152547826547282,0.9559453999282579,0.9537077258337427,0.9727541677821405,0.8666934952218592,0.8255926828382909,0.9672954132038305,0.948157256481101,0.88873150110704,0.9168673858538463,0.9085080245777921,0.9132248230157266,0.9110906193450523,0.9164419655193166,0.9927665149203766,0.9164419655193166,0.7683357510567739,0.7455019971844741,0.9727541677821405,0.944446698490097,0.8090017246333322,0.9192233962368055,0.9422028158499836,0.9320797389103181,0.96107169668658,0.950086744156598,0.8547434423416047,0.9220855717829912,0.9738810707682244,0.961440383777528,0.8626587406306858,0.955724889671401,0.9727347845851518,0.9349925724155432,0.9380163966266191,0.9197501444304765,0.866972684672709,0.8895085707332926,0.8087102574521294,0.8782658806255694,0.9250379219402804,0.9109681733126311,0.9462138475023891,0.9573194469708501,0.9312607396704553,0.8725435766859311,0.9143558464851282,0.90153586895051,0.9596821746142158,0.9312607396704553,0.8973635467698529,0.9585833833434667,0.977678477490042,0.9810287098593542,0.9466368757657933,0.9681385641755444,0.7264627291200676,0.7951523639203817,0.9110906193450523,0.9220855717829912,0.7555434814691344,0.7717499117194857,0.9136072478130948,0.761887253583909,0.8427500328140214,0.9720683735426019,0.84008783619205,0.8101859061354615,0.9971276925647266,0.9181909994949607,0.9254149084505717,0.9727541677821405,0.8242234044238141,0.9315838513038122,0.6173845042914745,0.9834599236267052,0.7962199312714774,0.9257479503265886,0.8778449561972077,0.878189460043324,0.9895247183805609,0.9931445647847543,0.8268059319511205,0.949503769927684,0.9029879488665963,0.9187906400160177,0.95713801450767,0.9537077258337427,0.945003270600653,0.9881811554703727,0.8937024586467948,0.9164419655193166,0.9250379219402802,0.8544068747803473,0.9794716829124543,0.9312607396704553,0.9727347845851521,0.8763087891966074,0.9164419655193166,0.9964366158728784,0.9312607396704551,0.995006876394922,0.876629540104166,0.947057555750574,0.9951080188590635,0.9250379219402804,0.8809724769946923,0.9349925724155432,0.96782156151872,0.905980420499302,0.9942336265588476,0.9858084434319019,0.9881414477942227,0.9893566496906905,0.9415276164159576,0.9611097093308496,0.834021684300168,0.837012189227134,0.9590660346082054,0.8387436848150631,0.9483551875577274,0.9557248896714008,0.9806625273979319,0.8214593802623892,0.8326756442426582,0.8160022789255192,0.9755160389461318,0.9164419655193166,0.9016745293649862,0.8932539868674869,0.8667857710365985,0.8932539868674869,0.9887119198512566,0.8051225416546708,0.9164419655193166,0.9164419655193166,0.885110846748371,0.9444642772220329,0.9950782375525045,0.9164419655193166,0.95713801450767,0.9539125216067482,0.7055011198405703,0.9045470516325855,0.8585820023484634,0.7378366668168563,0.9727900438033124,0.955509672906927,0.9949720476210819,0.845959354697128,0.9164419655193166,0.9617865917199475,0.93840206185567,0.855053536958319,0.8780502036765356,0.9727900438033124,0.8937266121462317,0.922085571782991,0.8135832167051922,0.9164419655193166,0.9232913720400565,0.8462388798540706,0.9125919909640956,0.9710500346737418,0.9470913245351076,0.9880371141217228,0.9773177764454566,0.9164419655193166,0.8051708813488545,0.9655439310201539,0.9164419655193166,0.9727900438033124,0.8114430247359985,0.9047838650109972,0.9824650928848175,0.8055273719251901,0.9164419655193166,0.85950845696865,0.8651641418574887,0.8735613087355399,0.9579208837024351,0.9986291929291062,0.9526024456618087,0.8491750256551862,0.9753977596863959,0.9220855717829912,0.9448040023073331,0.8593611498612634,0.9656649406467912,0.8590280036974467,0.9031706141446472,0.9375340718638188,0.9291044607799492,0.9250379219402802,0.9461634821478585,0.9164419655193166,0.8618965769742781,0.8633928226985461,0.8809101149594385,0.9010728262563199,0.7374193430362357,0.9519642373961463,0.8090589384952143,0.9470913245351076,0.9110906193450523,0.9128766367598273,0.9971276925647266,0.7923024174460744,0.9567832542376513,0.995811551634064,0.982971410509272,0.8070371963135037,0.9571380145076698,0.9415276164159578,0.9641813269710355,0.8781471534634913,0.9555096729069269,0.9887119198512566,0.937342180588852,0.9668384879725085,0.9641860625543643,0.9910993015312932,0.8986853937484476,0.956291281646531,0.922085571782991,0.9299906214221882,0.7421888307704925,0.8637098510569028,0.9606559814622546,0.90919810876568,0.950086744156598,0.907561114766986,0.7921668703200869,0.9966395719542114,0.9234459732580503,0.8524089975425965,0.9847682690808618,0.967258503649397,0.932795246271596,0.9951080188590635,0.9656649406467914,0.9778392819020851,0.9872968515533684,0.7998497685672348,0.9262039440654459,0.945003270600653,0.9767807153698236,0.9858084434319019,0.9564871705265279,0.9361962321705268,0.9342500146938062,0.90919810876568,0.982971410509272,0.7256064607423468,0.8457632233052683,0.977678477490042,0.0,0.9085080245777923,0.9085080245777923,0.9250379219402802,0.9312607396704551,0.9377509630281222,0.9039636639615829,0.9227068486607595,0.955724889671401,0.9557248896714008,0.976585367793827,0.889458723942809,0.9085080245777923,0.9307620404653929,0.9164419655193166,0.9280917395652364,0.9164419655193166,0.9164419655193166,0.8157108879926638,0.8940275945888627,0.929990621422188,0.9164419655193166,0.9120823100357649,0.7917133183683072,0.9450032706006529,0.999266089390182,0.9483474179376203,0.7008301913069244,0.9187906400160175,0.854406874780346,0.8151803561408071,0.9059804204993023,0.9516336164537743,0.9280917395652364,0.9220033199406046,0.9870614071525806,0.8855900773472694,0.9694362836489427,0.9448810215177157,0.9928378554472403,0.8718412860007452,0.9776784774900422,0.9753977596863959,0.9220855717829912,0.9881016593726815,0.9351366270846035,0.9073099676707062,0.9641813269710355,0.8509079804454049,0.9356184765244473,0.8454542782771104,0.929104460779949,0.7491235701376358,0.9681385641755447,0.898685393748448,0.9192233962368055,0.9464093066905961,0.8262406759871768,0.9884932570896393,0.9795295863759994,0.784456727391289,0.9085080245777926,0.8038832168449936,0.9358308226928231,0.9183003694796051,0.9477453438879875,0.8703719392743066,0.9380163966266188,0.9257596783652051,0.8468692437224408,0.8908821080541922,0.8181440029244604,0.9351366270846038,0.952602445661809,0.9905175085071188,0.9164419655193166,0.9250379219402802,0.8909793814432987,0.959657136477295,0.9168976947766092,0.9351366270846038,0.9662885265016656,0.9414399550230419,0.7755645898153467,0.999258193162122,0.8097278161260719,0.934561854210183,0.7626910401356544,0.9872968515533684,0.886019787455917,0.9519642373961463,0.9773177764454566,0.9113196728723928,0.9987249599057338,0.9704399437441277,0.9342820325037289,0.9289493645217688,0.9895388318156753,0.8587811655429083,0.929990621422188,0.7415433094883435,0.9584174880278429,0.9694362836489427,0.934561854210183,0.9249529706560747,0.9192233962368055,0.9699353499283898,0.9927665149203766,0.8954930335908746,0.913733309388403,0.9255908854119159,0.9548796140017048,0.995006876394922,0.890042618869048,0.9858084434319018,0.962999347766924,0.9952749140893471,0.8895085707332926,0.8333071726947593,0.9384986992079645,0.9320797389103181,0.8574165634704998,0.9010728262563199,0.955724889671401,0.9727541677821405,0.9380163966266191,0.9164419655193166,0.9537077258337427,0.905529671827533,0.9827687655317641,0.9567209276149589,0.9164419655193166,0.8987859988251494,0.9637838371800039,0.9759507933033258,0.9629372157622487,0.8931170028100022,0.9641860625543643,0.8943870989631233,0.9448184166246438,0.9762600943374635,0.9718506006861878,0.8549601679079188,0.96190858594505,0.9776784774900422,0.9927665149203766,0.9798093648918664,0.9397554510393484,0.9143173056653143,0.9480026438367741,0.944446698490097,0.9928378554472403,0.995006876394922,0.9795518972928101,0.9233341101691156,0.959657136477295,0.8258939008523989,0.9694611945666058,0.982971410509272,0.9596571364772952,0.9919609062430834,0.9899154014072219,0.8616154694210618,0.9557248896714008,0.8840970946922797,0.9882023505376625,0.9557248896714008,0.9137333093884032,0.8955568994617081,0.9164419655193166,0.9085080245777921,0.8999561688633484,0.9164419655193166,0.8670838315537015,0.9382976158098657,0.982971410509272,0.9220855717829912,0.9280917395652362,0.9192233962368055,0.913733309388403,0.9998874294786868,0.8898361702115574,0.929104460779949,0.8368175763302759,0.9164419655193166,0.8104893087451177,0.9681385641755447,0.9951080188590635,0.8929551623829162,0.9288394934873136,0.982971410509272,0.9470913245351076,0.9320797389103184,0.9705890751589273,0.9320797389103181,0.9971276925647266,0.9987249599057338,0.9508918137640504,0.7521254563822506,0.8915778761197051,0.9872968515533684,0.9653179186519116,0.9837570507471834,0.9220855717829912,0.9684281391405002,0.8782687335528578,0.9164419655193166,0.9164419655193168,0.9191600545391068,0.934561854210183,0.9871850836648492,0.9483551875577274,0.8384564219662862,0.8641460686560911,0.9519642373961463,0.9909012274689264,0.8498087511793511,0.9164419655193166,0.9164419655193166,0.9700497852148386,0.8914586939824607,0.9927665149203766,0.980519702027178,0.8249883989729043,0.9824650928848175,0.968860618412684,0.8386462454227768,0.97503712153604,0.937492055555265,0.9164419655193166,0.8626764763267432,0.9250379219402802,0.9380163966266191,0.949405746066018,0.9312607396704553,0.9880371141217226,0.9164419655193166,0.9164419655193166,0.8876537909506981,0.9106973506487697,0.8453972681111299,0.9351366270846035,0.9893528308763073,0.9340990416559534,0.9601131139678032,0.7421888307704925,0.8053789518548684,0.9354770390567302,0.9164419655193166,0.945003270600653,0.7947127276976103,0.9916530842778033,0.9312607396704551,0.9330258003055868,0.9774187193994317,0.9070227924758549,0.9795019860868404,0.9637851559795012,0.9018139542119857,0.9164419655193166,0.8107994161477068,0.9220033199406048,0.8842971758754068,0.9278531842360561,0.8002445586117543,0.9035033355391051,0.9212564811755433,0.9155983483507305,0.972734784585152,0.8263889612678417,0.7942647756945487,0.9483551875577274,0.9571380145076698,0.8562109672938351,0.9206037147937578,0.8054675274983363,0.9727541677821405,0.913733309388403,0.8397427871009939,0.9556196184821215,0.8580455361717012,0.9508918137640505,0.9380163966266188,0.7173661124376676,0.9480026438367747,0.9950068763949225,0.9927665149203766,0.8684742769407374,0.8778727112576177,0.9164419655193168,0.934561854210183,0.97158786042076,0.9351366270846038,0.7728067099479513,0.9059804204993025,0.955724889671401,0.8910486018561095,0.8255485912247711,0.9192233962368053,0.7690066666776425,0.8645046537943692,0.7666034075409298,0.9341915613424877,0.9164419655193166,0.9641860625543643,0.9971276925647266,0.8771645181176806,0.934561854210183,0.9233721476659593,0.9606559814622546,0.9672938193063929,0.9164419655193166,0.7722731073171094,0.9070155544436816,0.7637277193632763,0.7743343388904202,0.8107994161477066,0.7866068806330608,0.9250379219402802,0.8027726490830818,0.9839152575187717,0.9242873302626076,0.9363995994155573,0.9305880744557047,0.9812462186336438,0.9480026438367744,0.9656649406467912,0.9596571364772952,0.8706367144740199,0.7870588969905152,0.8132204023110199,0.8544068747803462,0.9728237043907221,0.9164419655193168,0.9557248896714008,0.8979912245925072,0.9791773846534598,0.9997790217935905,0.9662837052739213,0.9976374126011073,0.9164419655193166,0.7820942364378751,0.9530744212872904,0.9164949062751404,0.9164419655193166,0.8151803561408069,0.9773177764454567,0.9312607396704553,0.9291044607799492,0.913733309388403,0.9141384718239383,0.9206037147937578,0.9781948975757422,0.9798093648918664,0.8852767482377207,0.8955112082646184,0.9116227695225307,0.9164419655193166,0.9919265098151698,0.9164419655193166,0.9312607396704551,0.8475838509548175,0.8553715264125032,0.9380163966266191,0.9728046393068173,0.988816270589947,0.8953735569144758,0.9930791852529015,0.9164419655193166,0.8889173311634344,0.8578591289580733,0.8632307830712407,0.9377509630281221,0.8887315011070407,0.6932321113248401,0.8766235303260079,0.8745574900762874,0.8246563573883152,0.8954930335908746,0.9651237098258709,0.8246563573883152,0.8863529367844878,0.9250379219402804,0.9491270128542677,0.8246563573883152,0.9380163966266191,0.9872201163229497,0.9192233962368055,0.8673421016390581,0.955724889671401,0.9661489697485275,0.9606559814622546,0.8457632233052685,0.88873150110704,0.9641813269710355,0.8865088771202734,0.9506768980005937,0.955724889671401,0.935136627084604,0.9139994528483066,0.8725113072902908,0.8838571734625421,0.9973054793020453,0.9640380930896715,0.8757298482658957,0.9506768980005937,0.9637851559795012,0.9858084434319019,0.9392178238502196,0.9338538408393923,0.9126333026427302,0.9919265098151697,0.8864731575813807,0.9250379219402804,0.9280917395652364,0.9881098243963238,0.9414399550230419,0.90262194726626,0.9507526530137225,0.8449382097051857,0.9804902096223365,0.9678215615187198,0.9356184765244473,0.9539125216067481,0.8873246008586322,0.9764540857008424,0.911879144270564,0.9115581941905682,0.8930802351117624,0.972734784585152,0.9299906214221881,0.9494308298420424,0.8872955140291616,0.9719504864824021,0.9728046393068173,0.8168916294413127,0.8660834950111459,0.9578554652497671,0.9010728262563199,0.8599047310705338,0.9183003694796048,0.9214837186008105,0.7969566016545824,0.9397554510393484,0.9192233962368053,0.8362930332131358,0.91263330264273,0.9397554510393485,0.994248860862875,0.8169712959496187,0.8465154219819752,0.9928378554472403,0.9928378554472401,0.8982131966081792,0.8670838315537011,0.9163532097707385,0.9220855717829912,0.8094841827285857,0.9704399437441277,0.9280917395652364,0.8715871553037837,0.941173544603373,0.9637851559795012,0.934561854210183,0.8803029307892649,0.9312607396704551,0.7477635956066359,0.9776784774900422
p176_M,0.9579865646263226,0.9890537762576723,0.752292971463331,0.9151430007264558,0.944383427890573,0.9587434581480645,0.7039301199308559,0.7533705379959403,0.8946812791236383,0.9564441004788364,0.9862951408967353,0.9425805352069325,0.9425805352069325,0.6202489776871156,0.902113512733081,0.9066666273465951,0.9492240215924427,0.9349950396117983,0.6109888955508614,0.9564441004788364,0.8768459965606679,0.9325645805415599,0.9722312205307764,0.9462347596389562,0.9310020898787328,0.9249834296604695,0.44669365721997323,0.9882023505376627,0.9564441004788364,0.8044319414786045,0.9178801133263084,0.9830316367629124,0.9374201804111677,0.9111295270090607,0.944383427890573,0.9732924283946005,0.9462347596389562,0.40845602114977475,0.9587434581480645,0.5711534589748477,0.9247323722236849,0.926456449323181,0.9587434581480645,0.9432779785053751,0.9949392712550607,0.8312760083946493,0.987327403406299,0.8910426583248507,0.9235293061149326,0.8815270484708908,0.9501049319099923,0.6865005879377817,0.9249834296604695,0.9357714224531068,0.9374201804111677,0.9673337013468153,0.9220929278982624,0.944383427890573,0.8662120140192138,0.940821549823033,0.8971337307079474,0.8692466107210817,0.9716572732363806,0.8898393963217797,0.9521375655065456,0.8613516681282447,0.9830316367629124,0.8995193391026695,0.8363367759398724,0.9542468650366518,0.46045350952856745,0.9694672365613162,0.944383427890573,0.8371106808609121,0.944383427890573,0.8756817347288379,0.9836426671336507,0.9341536654578784,0.8332818327503082,0.8016790795187665,0.9341536654578784,0.9762262925984149,0.5533253494459658,0.92498342966047,0.944383427890573,0.4859018005704824,0.9836426671336507,0.8385832488776672,0.883884423370662,0.9425805352069323,0.944383427890573,0.6191366150757751,0.8059551014641194,0.869652142294604,0.9488793874960454,0.926193613582623,0.5946217458857689,0.9093531537683386,0.829426632467039,0.8015399251065851,0.9874255252046317,0.9481398354780852,0.3289421496796763,0.8961878354678894,0.9486444067354802,0.9542468650366518,0.5483430787489746,0.8041983874263043,0.9310020898787328,0.8396501108322616,0.6747630921837116,0.926456449323181,0.8432121699919363,0.9008583849785581,0.9481398354780852,0.8213247008519978,0.9890537762576723,0.9542468650366518,0.9587434581480645,0.8445863152939235,0.9794586918044158,0.7075683818320475,0.3678217796345291,0.9520639895971753,0.92498342966047,0.7582669851454542,0.9462347596389562,0.8771354040135093,0.9985778460732367,0.9072118677365051,0.8606818700890226,0.987327403406299,0.9501049319099923,0.9587434581480645,0.9391025641025641,0.7239801677853102,0.8675814580264318,0.849304774108722,0.9501049319099921,0.9408215498230332,0.8465113800722808,0.9564441004788364,0.8345608929679698,0.7175158778168524,0.6355466453242733,0.9021135127330813,0.9162028130512783,0.8270835681605351,0.9235293061149326,0.7614781847347716,0.891797975926373,0.8971337307079472,0.7570132038541317,0.9013701145685413,0.9501049319099923,0.9235293061149328,0.986876628766092,0.5867999568125478,0.8721426844447118,0.6432742166951547,0.8169220120726508,0.987327403406299,0.9754970377701453,0.8096473470754217,0.8874458144092716,0.5734788566830498,0.8771354040135093,0.9247323722236849,0.9488793874960454,0.9698077026919338,0.9573800935979493,0.9425805352069323,0.9220929278982624,0.7583678639577924,0.8684078159995328,0.6681830628839371,0.9542468650366516,0.918558209619452,0.9124559366883973,0.7040971376499439,0.9033760264581221,0.8780124908814335,0.8969439783075257,0.9425805352069323,0.8457402940353763,0.6763915266089096,0.8445863152939237,0.9276677015291237,0.9357714224531067,0.9165049484215364,0.940821549823033,0.99739148678944,0.7673657790231366,0.8218953199998424,0.8971337307079474,0.944383427890573,0.9462347596389562,0.37187785338482493,0.8910426583248505,0.9017694982979341,0.9148161375677797,0.9425805352069323,0.944383427890573,0.945628026695954,0.8218953199998424,0.9564441004788364,0.944383427890573,0.8990395688839348,0.9860639133827616,0.8756817347288377,0.8721426844447118,0.8959046461825673,0.9425805352069325,0.944383427890573,0.8708970510157363,0.9443834278905731,0.8731094375876023,0.7372758433140978,0.7436282795342901,0.944383427890573,0.9062256624337729,0.944383427890573,0.7846986339167515,0.8983688348924415,0.5734788566830498,0.8948691662912509,0.9227946422906832,0.8014280134338707,0.940821549823033,0.6773178727988077,0.9325645805415599,0.9702781670896217,0.9289761630622799,0.9518720845713888,0.9501049319099923,0.9247323722236849,0.8803528436582551,0.7853092223537339,0.9749533160412137,0.9466378905596333,0.9072118677365053,0.9391025641025641,0.578980051558262,0.9408215498230332,0.944383427890573,0.8934633408766894,0.944383427890573,0.7345065892937606,0.5408238127397016,0.9501049319099923,0.9206732387984038,0.775448832582729,0.9462347596389562,0.9059247833199466,0.9810860991992141,0.6148163121656586,0.9341536654578784,0.8771354040135093,0.9481398354780852,0.626883653801387,0.8595337434443091,0.8849815636158325,0.9425805352069323,0.9521375655065456,0.6749003771446771,0.9587434581480645,0.8175324891292577,0.9262085954688271,0.9264564493231813,0.8583858153873953,0.6779733493376541,0.9501049319099923,0.8341365508597998,0.8041983874263046,0.78290509294786,0.9542468650366518,0.8396501108322616,0.9449459571559089,0.9279496229669748,0.6119093985889519,0.9542468650366518,0.9224918805975915,0.8758542530151134,0.9088934360957928,0.9232833700357421,0.9151430007264556,0.2129342700189092,0.9518720845713886,0.8413059349766403,0.9980965995557116,0.9481398354780852,0.9873274034062991,0.7761906790566602,0.9542468650366516,0.831708658105061,0.8411169961963989,0.9066666273465951,0.8095610134266517,0.9732924283946005,0.9345041683711353,0.9235293061149326,0.7728032015135744,0.5149876174732455,0.8358455708251247,0.8886405262183212,0.987327403406299,0.9235293061149326,0.9085080245777921,0.8578553729564892,0.9008583849785579,0.8733592706140674,0.7372758433140979,0.7322039141627654,0.8199382162592164,0.6539044351685199,0.9676769377237682,0.9666327685149194,0.9676769377237683,0.9111295270090605,0.9072118677365051,0.7987674770617408,0.987327403406299,0.944383427890573,0.9501049319099923,0.6782334100972081,0.9349950396117984,0.9542468650366518,0.9521375655065456,0.9985778460732366,0.944383427890573,0.9310020898787328,0.9542468650366518,0.9587434581480645,0.9779039859151868,0.9402788533216082,0.9762262925984149,0.9830316367629124,0.84470151571415,0.890655715821593,0.8185778635188607,0.9374201804111677,0.7053621865425035,0.9481398354780852,0.9111295270090607,0.8365017894749119,0.9357714224531068,0.9400087493241338,0.961397387740879,0.8213247008519979,0.9666428003039548,0.8088842737990019,0.9949392712550607,0.9425805352069323,0.9193389969862842,0.9968921249480657,0.8150157770573552,0.8163462215157096,0.74634070589534,0.944383427890573,0.8684078159995325,0.9500993698470401,0.9948943007172466,0.9098137391625776,0.9564441004788364,0.8584578374109315,0.944383427890573,0.944383427890573,0.9235293061149326,0.9306570238192788,0.6919170897854237,0.9443834278905731,0.9564441004788364,0.944383427890573,0.9151430007264557,0.8874458144092716,0.7958561640457558,0.9345041683711354,0.5273352885101532,0.9142011596821674,0.7226847388927682,0.7626016525739869,0.944383427890573,0.9013701145685413,0.9719504864824021,0.781429803642528,0.7843727211063931,0.9592864686575602,0.6633278485606648,0.9481398354780852,0.802822623917445,0.944383427890573,0.7517162945760394,0.981668883187709,0.8746367075465762,0.8078587948549922,0.9913221015557613,0.7247555295104195,0.9374201804111677,0.944383427890573,0.9545845879666097,0.8123411346234961,0.944383427890573,0.9165049484215362,0.859377169405928,0.9652664241210924,0.7518871937866647,0.8096473470754217,0.944383427890573,0.8363367759398724,0.8708970510157363,0.9088934360957928,0.7663647205664992,0.8048712833715768,0.9352547073163469,0.8996102754967263,0.6696028774570856,0.9481398354780852,0.9579262138531628,0.8756817347288377,0.9294643302252341,0.8671639322716809,0.8922994432827849,0.6903212278721793,0.9294643302252341,0.9501049319099923,0.4215827602767831,0.944383427890573,0.9008317218258527,0.6827436908784787,0.8480538253549332,0.9615633836644074,0.9652524543463297,0.9408215498230332,0.8578487022942797,0.9462347596389562,0.9408215498230332,0.9862951408967355,0.38949835154882184,0.9576638699377621,0.9299293063809853,0.9666327685149194,0.9542468650366518,0.8597023633262977,0.9564441004788364,0.9357714224531068,0.9722312205307764,0.8082929674399175,0.6077326401296219,0.9564441004788364,0.9115671346601832,0.9085080245777923,0.6857147932695531,0.9264564493231813,0.9325645805415599,0.9291552782955312,0.9873274034062991,0.9518720845713886,0.8898393963217797,0.8961601193025837,0.5892836807186257,0.9945183240274953,0.9341536654578786,0.9178801133263086,0.7351163597714814,0.776956374130005,0.6688672008039142,0.8375506072874495,0.9816938982230914,0.9465236185105819,0.9151430007264558,0.9279496229669748,0.9294643302252343,0.7482043655944329,0.9862951408967355,0.8942061170670543,0.9279496229669748,0.9466378905596333,0.7827221585303816,0.7937291200594518,0.8074925667460617,0.8587088030071146,0.4859018005704824,0.9247323722236849,0.9542468650366518,0.9259073963035089,0.9481052266646686,0.4919864409028082,0.9085080245777923,0.0,0.9391025641025643,0.9501049319099923,0.9542468650366516,0.9087120239050032,0.9700048104132382,0.9046463136602705,0.9985778460732367,0.9425805352069325,0.8332818327503082,0.9352547073163471,0.9391025641025643,0.7477266191553411,0.944383427890573,0.9521375655065456,0.944383427890573,0.944383427890573,0.8281351821064717,0.9294643302252343,0.992614642133717,0.944383427890573,0.7913298192830458,0.822331482547906,0.9466378905596333,0.6789652195417533,0.9013701145685413,0.7923350182018283,0.99739148678944,0.9291552782955312,0.8247130225158625,0.9374201804111677,0.9403311389782559,0.9521375655065456,0.9098137391625776,0.8348634546501437,0.842274762928803,0.9178801133263084,0.9919304969477558,0.9408215498230332,0.793783403289098,0.9783779352946236,0.7037676533276587,0.9481398354780852,0.8910426583248505,0.9325645805415597,0.5990227851012426,0.978616554847229,0.8902436552700259,0.44177224803810533,0.8971337307079474,0.9294643302252341,0.9124559366883975,0.9481398354780852,0.9325645805415599,0.4293338523082192,0.9839671309918707,0.8721426844447118,0.9622663405510676,0.9501049319099923,0.872142684444712,0.9391025641025643,0.8518788950592515,0.8791813830875237,0.8808946086335749,0.781429803642528,0.9632197151594923,0.641960771296653,0.7923350182018281,0.8597023633262977,0.9291552782955312,0.7694888442957546,0.9325645805415599,0.8983688348924415,0.9707482750842388,0.944383427890573,0.9501049319099923,0.9719504864824022,0.944383427890573,0.8771354040135095,0.9325645805415597,0.9408215498230332,0.5093749007737343,0.8330216254486859,0.8247745466647922,0.8123411346234961,0.9564441004788364,0.7827221585303819,0.9862951408967355,0.883410872990624,0.9408215498230332,0.9919304969477558,0.9388356782863467,0.6985279040322139,0.9762262925984149,0.863790316769809,0.8687343538965773,0.785453661388408,0.9089335114272044,0.5592172246806721,0.8692466107210817,0.8480451455932461,0.9178801133263084,0.9564441004788364,0.9310020898787328,0.9462347596389562,0.8470759643532818,0.963768909447943,0.9162028130512783,0.9425805352069323,0.8055831071826007,0.7329350212200358,0.961397387740879,0.9611032305582619,0.987327403406299,0.8887581074151091,0.9719504864824021,0.9264564493231813,0.9276677015291237,0.9178801133263084,0.9310020898787328,0.8886405262183215,0.9341536654578784,0.9425805352069323,0.9501049319099923,0.8815382336298226,0.944383427890573,0.9518720845713888,0.9411650622106333,0.8413059349766403,0.5516946971240839,0.9443834278905731,0.872200760397448,0.7635774796279061,0.9337059488987844,0.9151430007264558,0.894681279123638,0.585847525978886,0.9643334551236289,0.8442510590286281,0.9652524543463297,0.8971337307079472,0.8364704384437267,0.6895371198016214,0.9521375655065456,0.5354656604218404,0.9220929278982624,0.9481398354780852,0.9072118677365053,0.9613973877408789,0.9206732387984036,0.25732775391946805,0.9587434581480645,0.9357714224531066,0.44453624382199675,0.9950603702402812,0.8547201393526465,0.9053333983232539,0.9542468650366518,0.944383427890573,0.9325645805415599,0.7724081431214271,0.809647347075422,0.9425805352069323,0.9501049319099923,0.9391025641025641,0.9425805352069323,0.9425805352069323,0.9111295270090605,0.944383427890573,0.9391025641025641,0.8983688348924415,0.944383427890573,0.5892836807186257,0.9211348317847647,0.9542468650366516,0.9481398354780852,0.9521375655065456,0.9462347596389562,0.9425805352069323,0.8055831071826008,0.8733891874314998,0.9294643302252341,0.8534724586169817,0.944383427890573,0.9909735478358418,0.987327403406299,0.9279496229669748,0.8522069504724423,0.6166528997131422,0.9008317218258525,0.9913221015557613,0.9310020898787328,0.8956580181478542,0.5681578169164545,0.944383427890573,0.9466378905596333,0.5856040970170356,0.9520639895971753,0.8509737027889626,0.7529974819089793,0.9732924283946005,0.9235293061149326,0.9873274034062991,0.5852289511728799,0.8547201393526465,0.944383427890573,0.944383427890573,0.9026854380253431,0.9564441004788364,0.7394139909377533,0.9391025641025641,0.9862951408967355,0.8613516681282449,0.9408215498230332,0.8233122129931044,0.8161726337891388,0.944383427890573,0.944383427890573,0.9059247833199469,0.7788885774795529,0.53546566042184,0.7398037923896807,0.8306203710906808,0.7518871937866647,0.7626270233785223,0.8592502831365385,0.926456449323181,0.8744827185801132,0.944383427890573,0.8910426583248505,0.9501049319099923,0.9587434581480645,0.7518220534949862,0.9542468650366518,0.842180086736515,0.944383427890573,0.944383427890573,0.7784556062576646,0.6922793608945519,0.8132761874489287,0.9652792462742584,0.7833191490793014,0.9247323722236849,0.9206732387984038,0.7961238205610738,0.8459593099956004,0.7968449844970525,0.9443834278905731,0.6985279040322139,0.826840350845375,0.9913221015557613,0.9542468650366516,0.908006436853547,0.9216092529932856,0.908410304311655,0.6873299539927957,0.9462347596389562,0.9035331210577762,0.944383427890573,0.8102331311923987,0.9693293687840344,0.9247323722236849,0.9516969378532334,0.7637688103911799,0.9357714224531068,0.932173658933694,0.6763915266089097,0.9521375655065456,0.8560901005086945,0.8491962167565539,0.9391025641025641,0.9676769377237682,0.9151430007264558,0.92498342966047,0.8216249321297535,0.9501049319099921,0.9425805352069323,0.8948691662912509,0.9220929278982624,0.46197176709344523,0.9972272780214035,0.9587434581480645,0.6591018812090859,0.9587434581480645,0.9587434581480645,0.9648472157143733,0.9536751187028221,0.8862550362254633,0.944383427890573,0.9564441004788364,0.9325645805415599,0.9325645805415597,0.7226847388927682,0.9374201804111679,0.9425805352069323,0.9220929278982624,0.8838844233706618,0.9462347596389562,0.8118186681828427,0.9500993698470404,0.8332818327503082,0.8344707841797638,0.944383427890573,0.585847525978886,0.944383427890573,0.7958561640457558,0.9564441004788364,0.926456449323181,0.927949622966975,0.7283909157671984,0.944383427890573,0.8123411346234961,0.7660694052957546,0.9762262925984149,0.8136807882070662,0.8371106808609121,0.8216249321297535,0.9501049319099923,0.8052908861542936,0.9141327700514326,0.8399464011131401,0.8497757441784408,0.5298611989328232,0.7562065249480239,0.7218199254077096,0.9230789959087816,0.944383427890573,0.9381452546945752,0.969467236561316,0.8235236725291666,0.9994608468667849,0.785453661388408,0.944383427890573,0.9425805352069323,0.8270835681605351,0.9934964376945634,0.7037676533276588,0.7814298036425278,0.7550135888529284,0.944383427890573,0.794444404779723,0.8796400151030106,0.45130060620114154,0.944383427890573,0.8247130225158625,0.9374201804111677,0.9542468650366518,0.9294643302252343,0.9425805352069323,0.9449432952236012,0.9249834296604701,0.5965509247800485,0.9220929278982624,0.9740313254644386,0.978616554847229,0.7819416694925502,0.944383427890573,0.9206732387984038,0.944383427890573,0.9542468650366516,0.7205940589275726,0.8733592706140672,0.9587434581480645,0.9192692664872613,0.7449828491796291,0.8959046461825675,0.9573800935979493,0.944383427890573,0.8705589032350294,0.8573846851353464,0.76863847856942,0.9612320790184805,0.9072118677365058,0.9830316367629125,0.9178801133263084,0.9592864686575604,0.9483551875577274,0.8827041791382022,0.8071953791294282,0.9483551875577274,0.9573800935979491,0.18067046083776928,0.9066666273465951,0.9483551875577274,0.9587434581480645,0.92498342966047,0.9913221015557613,0.9388137099150415,0.41016165887492884,0.9592864686575602,0.9762262925984149,0.7522929714633312,0.9466378905596333,0.9786165548472288,0.9059247833199469,0.9694672365613162,0.9425805352069323,0.9325645805415599,0.8995084169455556,0.620248977687116,0.9276677015291237,0.8175324891292577,0.9798892686647287,0.9368208004805825,0.6630293198676153,0.9462347596389562,0.9481398354780852,0.9276677015291237,0.9850272019609538,0.9206732387984038,0.811851467914041,0.9683535206440601,0.9501049319099923,0.9521375655065456,0.9837068388556007,0.9192692664872615,0.7908017045679809,0.9098137391625776,0.9612320790184805,0.9522647163066622,0.5180738075959728,0.9165049484215362,0.9950603702402812,0.848469631801761,0.7612605257529343,0.7090370378886837,0.926193613582623,0.9478209165068576,0.9783779352946236,0.992614642133717,0.9870908251894734,0.9249834296604695,0.9391025641025641,0.9632197151594923,0.7612308446591685,0.9803767087982629,0.7370398200395536,0.49229010471469425,0.9405192768808353,0.46900327759475957,0.9040064358173312,0.7406568205967261,0.9481398354780852,0.9462347596389562,0.8756817347288379,0.9206732387984033,0.9481398354780852,0.8886405262183212,0.8796400151030106,0.8153269138415048,0.9980965995557116,0.9408215498230332,0.8705589032350292,0.9279496229669748,0.7853092223537336,0.9481398354780852,0.8457402940353764,0.9279496229669748,0.9521375655065456,0.9162028130512783,0.5041186319861273,0.9462347596389562,0.9564441004788364,0.8361567121058333,0.9542468650366518,0.74634070589534,0.9521375655065456
p176_T,0.8014411937968231,0.7978168085240652,0.9520275060446648,0.7891973491730897,0.9443834278905732,0.4822424630745399,0.8383816341490693,0.9333540468840966,0.894681279123638,0.9564441004788369,0.9862951408967355,0.9425805352069325,0.9425805352069325,0.7469602563015962,0.908410304311655,0.8040096295373869,0.8933873144399465,0.9249834296604698,0.9542468650366518,0.5882821287367913,0.7980824313626267,0.9325645805415601,0.6773178727988085,0.9913221015557613,0.9310020898787328,0.9249834296604698,0.9949392712550607,0.9483551875577274,0.5882821287367914,0.9617810415329375,0.9954159552893473,0.9501049319099926,0.9374201804111681,0.9111295270090609,0.9950603702402812,0.9542468650366518,0.9462347596389562,0.9535591865156561,0.9587434581480647,0.9694672365613162,0.796123820561073,0.9264564493231813,0.9587434581480645,0.9046463136602705,0.9391025641025643,0.6633973273684857,0.9481398354780852,0.891042658324851,0.9235293061149328,0.8815270484708908,0.9501049319099926,0.6583714728950627,0.9249834296604698,0.9357714224531068,0.9374201804111679,0.625499337616211,0.9220929278982626,0.944383427890573,0.9499286956382704,0.9408215498230332,0.8971337307079474,0.815113562751949,0.92498342966047,0.9247323722236849,0.9521375655065456,0.7903682547881814,0.9501049319099926,0.9281416271896028,0.8623188033566122,0.9542468650366518,0.794188409497816,0.6170913894212322,0.9443834278905732,0.8102331311923989,0.944383427890573,0.8333959461487803,0.7609668999058944,0.9341536654578786,0.833281832750308,0.9587434581480647,0.9862951408967355,0.5892836807186266,0.9192692664872617,0.9249834296604702,0.944383427890573,0.8484724767306471,0.9652792462742585,0.951479837088965,0.883884423370662,0.942580535206933,0.944383427890573,0.8521602387539982,0.7247555295104209,0.8411169961963993,0.9192692664872617,0.8910426583248509,0.8248328769599544,0.7980824313626276,0.8027946585739214,0.9345162101060189,0.9220929278982626,0.6646635978282205,0.9345041683711351,0.8961878354678894,0.9486444067354806,0.9542468650366516,0.7696583132924084,0.7780757216617367,0.931002089878733,0.8126806934976474,0.8284658570140827,0.9264564493231813,0.7887256191380705,0.798767477061741,0.9481398354780852,0.7887311847436815,0.6912521009149339,0.9542468650366516,0.5621016171855949,0.8733891874315005,0.9046463136602707,0.8040096295373871,0.931002089878733,0.7353041611363145,0.8416473524599778,0.8885823400588986,0.9462347596389562,0.9774133038851731,0.7043697524740837,0.9072118677365055,0.8606818700890231,0.9873274034062991,0.9501049319099926,0.9587434581480645,0.9391025641025643,0.6683052351448104,0.8675814580264318,0.715577911454532,0.9501049319099926,0.9408215498230332,0.898995608580623,0.9564441004788367,0.8077701178076948,0.8383588431708064,0.8956039029856384,0.902113512733081,0.9162028130512783,0.8270835681605353,0.923529306114933,0.7614781847347722,0.9676769377237684,0.8971337307079474,0.9573692204626645,0.9412215340437401,0.9830316367629125,0.9235293061149332,0.8095060644328034,0.9059247833199471,0.8721426844447122,0.86830379467428,0.9990468824923521,0.987327403406299,0.8789436985072658,0.7834491233257197,0.906152881266457,0.7727146715827269,0.9774133038851731,0.9356957241686946,0.8609784901515837,0.8306203710906812,0.8314344420445834,0.763211371193914,0.9673337013468155,0.8547201393526468,0.8684078159995328,0.9474154514909294,0.6109888955508616,0.991183199032463,0.9536751187028221,0.9626947546476169,0.9033760264581221,0.9258197414185888,0.9874255252046318,0.9425805352069325,0.9035331210577763,0.8470917731307439,0.8733891874315005,0.8922505553843605,0.9357714224531068,0.9165049484215364,0.9408215498230332,0.9614157420937997,0.7139478621703154,0.7958561640457558,0.8971337307079474,0.944383427890573,0.9462347596389562,0.9408215498230332,0.8910426583248507,0.8254595615730084,0.9481052266646683,0.9425805352069325,0.944383427890573,0.7857581947422668,0.7698170080916693,0.9564441004788369,0.944383427890573,0.8718705422990428,0.907211867736506,0.908006436853547,0.8721426844447124,0.8139432518084209,0.9425805352069325,0.944383427890573,0.8422747629288034,0.9443834278905728,0.7939124995137425,0.8470759643532824,0.8254595615730083,0.944383427890573,0.919232787044646,0.944383427890573,0.9460729861302632,0.9721405797402527,0.772714671582727,0.7977253040480088,0.9481398354780854,0.749469651731588,0.9408215498230332,0.978616554847229,0.9325645805415603,0.9702781670896217,0.8247238791315255,0.8444151276169706,0.7155779114545318,0.8898393963217798,0.8803528436582553,0.9637689094479429,0.9405530986538352,0.9072118677365058,0.9072118677365058,0.9391025641025641,0.8361567121058334,0.9408215498230332,0.944383427890573,0.8934633408766899,0.944383427890573,0.9715883850053575,0.8562319953247262,0.9501049319099926,0.9206732387984038,0.749469651731588,0.9462347596389562,0.9059247833199469,0.6182418262369357,0.8158081156441144,0.9341536654578786,0.8480451455932465,0.9481398354780852,0.8383588431708066,0.8685695845092952,0.8294438503508303,0.942580535206933,0.9521375655065456,0.7288392118139075,0.9587434581480647,0.8447015157141504,0.8175324891292584,0.973908525880739,0.991183199032463,0.8615923353311714,0.9501049319099926,0.8341365508598002,0.8041983874263048,0.7569259120967181,0.9542468650366516,0.8126806934976474,0.8209269998283203,0.927949622966975,0.9276677015291239,0.9542468650366516,0.979063407658666,0.8229344304111248,0.9521375655065456,0.5917168165203701,0.9581457206590638,0.9481398354780852,0.9259002427416265,0.841305934976641,0.8873533009789314,0.987327403406299,0.987327403406299,0.7239105906782237,0.6834496021196093,0.8055686139158429,0.8411169961963991,0.8040096295373867,0.9484052965891591,0.9732924283946004,0.944383427890573,0.9694672365613162,0.772803201513576,0.9161682054358175,0.8096473470754226,0.9232833700357421,0.9481398354780852,0.9235293061149332,0.9085080245777926,0.7783792385791211,0.9008583849785583,0.8733592706140674,0.9568760853924657,0.7843300561281434,0.8199382162592159,0.8359345706969412,0.9676769377237684,0.8946812791236383,0.5882821287367914,0.9111295270090607,0.9072118677365055,0.9114077787966289,0.9481398354780852,0.944383427890573,0.9501049319099926,0.8923850346102594,0.9716572732363806,0.9542468650366516,0.9521375655065456,0.9397362273534059,0.944383427890573,0.9310020898787328,0.9542468650366518,0.9587434581480645,0.9400087493241338,0.8457271055357922,0.7341136896129463,0.9501049319099926,0.8175324891292581,0.836716881152364,0.7684938541983797,0.9374201804111681,0.6502165171874396,0.9481398354780852,0.9111295270090607,0.8365017894749124,0.9357714224531068,0.902113512733081,0.961397387740879,0.7433358779711339,0.7629300124923142,0.7569259120967182,0.9949392712550609,0.9425805352069327,0.835905271993972,0.9709607924834878,0.7887256191380705,0.7900304636463154,0.6931501918955676,0.944383427890573,0.8399577749125604,0.9098137391625776,0.9124559366883975,0.8484724767306469,0.9564441004788367,0.8306203710906812,0.944383427890573,0.944383427890573,0.9235293061149328,0.8946812791236383,0.6341242627630249,0.9443834278905728,0.6641610905341871,0.944383427890573,0.8736715349160766,0.8029522291043203,0.9781302557243623,0.9950603702402812,0.9165049484215366,0.9836426671336507,0.8853872820416497,0.9204961997903507,0.944383427890573,0.815294852933565,0.812561834562662,0.7554525199820896,0.8103547485231326,0.9165049484215364,0.9330095745993259,0.9227946422906838,0.776716339324115,0.944383427890573,0.7255936288114722,0.9716572732363806,0.8941919843638239,0.867933530193449,0.9462347596389562,0.8871546734178191,0.7355179203693036,0.944383427890573,0.886255036225464,0.8385832488776674,0.944383427890573,0.9979320111064158,0.9579865646263228,0.8965507199183502,0.6989031042017526,0.7834491233257197,0.944383427890573,0.7999148402257727,0.9287469323757311,0.9521375655065456,0.8659203535365174,0.9108394625414014,0.8983688348924415,0.8996102754967268,0.9887493638371827,0.9481398354780852,0.9232833700357421,0.8756817347288379,0.978616554847229,0.8387970042600208,0.8639475018563728,0.8407522134523209,0.9294643302252341,0.9501049319099926,0.9249834296604702,0.944383427890573,0.9732924283946005,0.6827436908784791,0.795196038904574,0.9341536654578786,0.9652524543463294,0.9408215498230332,0.8023307232458792,0.9913221015557613,0.9408215498230332,0.9341536654578784,0.9950603702402813,0.9576638699377622,0.8518532243780781,0.853488508006878,0.9542468650366518,0.831794600261998,0.9564441004788367,0.9890537762576723,0.7264700974208032,0.8344707841797638,0.8631230730900762,0.9564441004788367,0.8791654592452373,0.9085080245777923,0.9148161375677795,0.9264564493231813,0.9325645805415603,0.7496172849348929,0.6646635978282214,0.8444151276169709,0.8898393963217799,0.9579229234550453,0.927949622966975,0.8898393963217797,0.9341536654578786,0.9178801133263084,0.9001803414137275,0.7509790904695652,0.9227502900618002,0.9492240215924428,0.9389263678709254,0.8549640569324385,0.915143000726456,0.9279496229669753,0.9294643302252341,0.6950849551494089,0.9341536654578788,0.851222011158111,0.9279496229669753,0.9466378905596335,0.9652576040289695,0.5355980755969898,0.8306203710906812,0.9276195295816004,0.9098137391625776,0.8898393963217799,0.9542468650366518,0.810102810116959,0.9148161375677795,0.9521375655065456,0.9085080245777923,0.9391025641025643,0.0,0.9501049319099926,0.9542468650366516,0.6919521954441423,0.7079927759688771,0.9432779785053751,0.9985778460732367,0.6455281337542547,0.806532577607483,0.8983688348924417,0.9391025641025641,0.7175158778168527,0.944383427890573,0.9521375655065458,0.944383427890573,0.944383427890573,0.8015399251065853,0.9294643302252341,0.7221874549299853,0.944383427890573,0.791329819283046,0.822331482547906,0.9072118677365058,0.9059006436350363,0.8152948529335651,0.9236630827321968,0.8175127633112377,0.8934633408766901,0.8247130225158628,0.9374201804111681,0.9303700525229075,0.9521375655065458,0.9098137391625771,0.9387801780547111,0.8422747629288034,0.9178801133263084,0.9374201804111681,0.9408215498230332,0.9758039193192543,0.4225019417039797,0.9204198120960367,0.987327403406299,0.827749699612971,0.9325645805415601,0.9264564493231813,0.9230789959087818,0.8621901030649133,0.9165049484215366,0.8971337307079474,0.9294643302252341,0.9124559366883973,0.9481398354780852,0.9325645805415606,0.9913221015557613,0.9059247833199469,0.8434311705717132,0.707605696164441,0.9501049319099926,0.9842997461902937,0.9391025641025641,0.9038429498927311,0.8577201813991233,0.9397362273534055,0.7554525199820896,0.773077592807121,0.9587434581480645,0.7135381794836082,0.831794600261998,0.8934633408766899,0.7170495367094292,0.812044986497986,0.8983688348924417,0.9026854380253433,0.944383427890573,0.9501049319099926,0.9085080245777926,0.9443834278905732,0.7446912365230653,0.9325645805415597,0.9408215498230332,0.9928298361682766,0.6976890055258542,0.9294643302252341,0.7860990203693254,0.9564441004788367,0.7566456663162979,0.9341536654578786,0.8834108729906243,0.9408215498230332,0.5719869707595389,0.8319998445807038,0.9466378905596335,0.9762262925984149,0.9283230888823262,0.9000601858073436,0.7327133434675495,0.8503465187788171,0.992614642133717,0.815113562751949,0.6865107196825389,0.9178801133263086,0.512403166939397,0.9310020898787328,0.9462347596389562,0.8745259946130781,0.8934633408766899,0.9162028130512783,0.9425805352069327,0.7533705379959408,0.870799194607697,0.9587434581480645,0.867581458026432,0.948139835478085,0.9693293687840344,0.6930203456228566,0.8837352444465899,0.8922505553843607,0.6919521954441423,0.9310020898787328,0.8886405262183216,0.9341536654578781,0.9425805352069325,0.9830316367629123,0.6419607712966533,0.944383427890573,0.9111295270090609,0.7932754231309991,0.7887256191380707,0.7990097892106314,0.9443834278905728,0.8722007603974486,0.6832051541470816,0.8971337307079474,0.915143000726456,0.8175127633112378,0.7522929714633314,0.9013701145685415,0.999685673176647,0.7226930368181887,0.8971337307079474,0.8364704384437265,0.8880494443586018,0.9521375655065458,0.7853092223537343,0.9220929278982626,0.9481398354780852,0.7773799496784708,0.9587434581480645,0.9206732387984036,0.9980965995557116,0.9587434581480645,0.7978168085240662,0.9220929278982624,0.5711669571562614,0.937629852928981,0.8068994522940657,0.9542468650366518,0.944383427890573,0.9325645805415601,0.7464223188279445,0.7834491233257197,0.9425805352069327,0.9830316367629125,0.9391025641025641,0.9425805352069327,0.942580535206933,0.9111295270090607,0.944383427890573,0.9391025641025641,0.8983688348924417,0.944383427890573,0.927949622966975,0.8218786695062752,0.9542468650366516,0.9481398354780852,0.9521375655065456,0.9462347596389562,0.9425805352069327,0.7272642534026108,0.8445863152939241,0.9294643302252341,0.8258996239394498,0.944383427890573,0.9721405797402527,0.5355980755969896,0.8789436985072655,0.800053966044274,0.8996102754967263,0.9542468650366518,0.4917769911135026,0.931002089878733,0.9072118677365055,0.931002089878733,0.944383427890573,0.9466378905596335,0.794188409497816,0.9954159552893472,0.8235236725291666,0.9862951408967355,0.9008317218258528,0.8008431112067667,0.9481398354780852,0.9352547073163471,0.8270835681605353,0.944383427890573,0.5711669571562598,0.8125404164712156,0.9564441004788369,0.6846321751234619,0.9949392712550609,0.9341536654578784,0.807770117807695,0.9408215498230332,0.7712109590961946,0.7641667720662377,0.944383427890573,0.944383427890573,0.9059247833199471,0.9412877213869524,0.7853092223537342,0.7135381794836082,0.8306203710906812,0.7253951489942088,0.6800950325574,0.8069334316128938,0.9264564493231813,0.8216249321297537,0.944383427890573,0.8910426583248507,0.9501049319099926,0.9587434581480647,0.670622481541288,0.9542468650366516,0.8151135627519488,0.944383427890573,0.944383427890573,0.7524792710367256,0.9443834278905732,0.9432290511041108,0.8631230730900764,0.9555882323172947,0.586765965149642,0.9206732387984038,0.9247323722236849,0.8187369563429281,0.7968449844970531,0.9443834278905728,0.619675858385959,0.8002806456228633,0.9462347596389562,0.9542468650366516,0.9726558411029651,0.9216092529932854,0.902113512733081,0.7679012153617217,0.9462347596389562,0.8363991573414233,0.944383427890573,0.8102331311923989,0.7679012153617217,0.8898393963217797,0.8662729266183449,0.9113018740902736,0.9357714224531068,0.8959046461825677,0.6479414855219379,0.9521375655065456,0.8859360759044479,0.8491962167565537,0.9391025641025643,0.740040052331581,0.915143000726456,0.9249834296604702,0.795196038904574,0.9501049319099926,0.9425805352069327,0.8641286133251771,0.9220929278982626,0.9860639133827613,0.9137935530290915,0.9587434581480645,0.7773799496784711,0.9587434581480647,0.9587434581480645,0.8934633408766899,0.9536751187028218,0.886255036225464,0.9443834278905732,0.6641610905341856,0.9325645805415601,0.9325645805415599,0.6684505578431411,0.9374201804111684,0.9425805352069325,0.9220929278982624,0.883884423370662,0.9462347596389562,0.7598470195958766,0.9098137391625774,0.806532577607483,0.7821151507000714,0.944383427890573,0.8188711496571093,0.9443834278905732,0.7698170080916695,0.9564441004788369,0.9264564493231813,0.9279496229669755,0.8142577800279981,0.944383427890573,0.7860990203693254,0.7135381794836082,0.9279496229669753,0.787415175300993,0.8102331311923989,0.7951960389045741,0.9501049319099926,0.8052908861542933,0.8306203710906812,0.9761943085443442,0.9545686391772525,0.9722312205307765,0.7839084268505999,0.9587434581480645,0.7264700974208032,0.8739479665019895,0.9035024108771545,0.9235293061149328,0.8235236725291666,0.8934633408766901,0.70634318450712,0.944383427890573,0.9425805352069327,0.8270835681605353,0.6574204612622756,0.920419812096037,0.7554525199820896,0.7289226937146791,0.944383427890573,0.7684157506030167,0.8567185179792465,0.9996171864694428,0.944383427890573,0.8247130225158628,0.9919304969477558,0.9542468650366516,0.9294643302252341,0.9425805352069327,0.6937734276448996,0.9249834296604702,0.9562462491840291,0.7612216579618687,0.9368208004805827,0.9722312205307764,0.7026549898170116,0.944383427890573,0.9206732387984038,0.944383427890573,0.9542468650366516,0.910777245021819,0.8733592706140674,0.9587434581480647,0.9192692664872615,0.771181072929332,0.8959046461825675,0.9996171864694428,0.944383427890573,0.8434418127102161,0.8040449459034822,0.9660840200628469,0.9612320790184807,0.9350840409709824,0.9830316367629124,0.9178801133263079,0.9165049484215364,0.9085080245777926,0.8827041791382024,0.7550135888529291,0.9085080245777926,0.6624860705586093,0.9501049319099926,0.7718625469689404,0.9085080245777926,0.9587434581480647,0.92498342966047,0.9462347596389562,0.8683037946742801,0.8220529899137452,0.9165049484215366,0.7341136896129463,0.8815270484708906,0.6985279040322161,0.9294643302252343,0.9059247833199471,0.9235293061149328,0.9425805352069327,0.9836426671336509,0.8203114788716959,0.7891973491730899,0.7889951293127706,0.8175324891292581,0.9033760264581221,0.6538634246970003,0.9694672365613162,0.9462347596389562,0.9481398354780852,0.8922505553843607,0.9138300194487543,0.9206732387984038,0.8118514679140407,0.9613445688403954,0.9501049319099926,0.9521375655065458,0.8922994432827851,0.9192692664872617,0.9981209733943233,0.9290437380995721,0.9612320790184805,0.8671639322716811,0.9688298914803047,0.9165049484215368,0.9950603702402809,0.7688645773368554,0.9284812646837413,0.9432779785053751,0.8910426583248507,0.8634335713786971,0.9521375655065456,0.5184746671183437,0.8948691662912514,0.9249834296604698,0.9391025641025643,0.8170280414793518,0.9945183240274953,0.8897444847827976,0.8465017131331367,0.9341536654578786,0.9682881335133369,0.9985778460732367,0.8733538362434861,0.8854177614335255,0.9481398354780852,0.9913221015557613,0.8756817347288381,0.9206732387984033,0.987327403406299,0.9035024108771547,0.8796400151030108,0.9431712759450812,0.7728032015135758,0.9408215498230332,0.8163247221854026,0.9762262925984149,0.9648472157143733,0.6646635978282218,0.8457402940353769,0.7823903592443862,0.9521375655065458,0.8827041791382024,0.9264564493231813,0.6166632687240675,0.9564441004788369,0.8745195447781486,0.9542468650366516,0.8813256961062454,0.9521375655065458
p176_V,0.7778983555639083,0.9473756291574582,0.9029316112204655,0.930474153890517,0.973053360823401,0.9661972965770262,0.8643209413108637,0.8703249354373093,0.95678955450748,0.9643133649175286,0.9460501530640815,0.9061219481453391,0.9765837058865926,0.930474153890517,0.9197987094973856,0.8971901564492133,0.9501049319099923,0.9385367079941818,0.9625131050152524,0.9643133649175286,0.8990962871160684,0.9447481688519044,0.9422080421889416,0.9692769377093197,0.9434679740971852,0.9385367079941818,0.9501049319099923,0.9727541677821405,0.9643133649175286,0.9216236926048751,0.9846299338167082,0.9608127721335263,0.9487265052554266,0.9759742607288062,0.9005384212506021,0.9625131050152524,0.9559485503920393,0.9487265052554266,0.9661972965770262,0.9373453016197315,0.9097421633544907,0.9397435965156078,0.9381728330554159,0.9393439644390172,0.9161682054358172,0.8631446255669615,0.9575094353013822,0.9107280314569581,0.9373453016197317,0.9376160975337483,0.9591194968553458,0.865060076107683,0.9944277784719999,0.925015090630957,0.9207232888949288,0.9903434298372484,0.9361684345174046,0.9544316996038003,0.9830859188713984,0.9515133476881705,0.9595131865896311,0.9457520766884309,0.9385367079941818,0.9231230454306082,0.9607848936032954,0.9708262240875452,0.9591194968553458,0.9921302885568201,0.9490536363982254,0.950716529670402,0.9293685115305119,0.9373453016197317,0.8280234816778033,0.9623693685727533,0.9544316996038003,0.8981423730059306,0.9447481688519044,0.9915113877198729,0.934291381704781,0.9661972965770262,0.929072928503827,0.9987774230311344,0.933854925314779,0.938536707994182,0.9544316996038003,0.9261077324693099,0.9329216899439507,0.9867086919017328,0.9856074913039305,0.9529545363721539,0.9544316996038003,0.9427946840319121,0.9457520766884309,0.9251556580030461,0.933854925314779,0.9209014751655666,0.9403916813458222,0.9380230108510117,0.8107718657080949,0.9078255471994475,0.9361684345174046,0.9652137684610215,0.9544316996038003,0.9416467981218895,0.9920543208470206,0.9625131050152524,0.9167305843279034,0.8690149918160484,0.8166333005972799,0.9919993313617506,0.9622990545719883,0.996566586696046,0.9843065652291842,0.9187703462526826,0.9575094353013822,0.8830976862482164,0.9250150906309571,0.9625131050152524,0.9661972965770262,0.8858986498990516,0.9393439644390174,0.8971901564492135,0.943467974097185,0.9846299338167082,0.9944277784719999,0.8761027064510568,0.9559485503920393,0.9851609000695931,0.9529545363721539,0.981600181169821,0.9948414129025822,0.9652137684610215,0.9591194968553458,0.9381728330554159,0.9830316367629125,0.8945571213623102,0.8845132129697925,0.9591194968553458,0.9591194968553458,0.9799008321613358,0.8875935086546554,0.9643133649175286,0.9708262240875452,0.9934422704699934,0.9380230108510117,0.9197987094973856,0.6949639420487133,0.9431098218103224,0.8976252143176512,0.93612991941297,0.9643133649175286,0.9528976942023157,0.9921302885568198,0.9310944809913071,0.9608127721335266,0.9923551296406039,0.9464707947698456,0.9836243259051825,0.8876108929996875,0.9356856974167591,0.9213426026941541,0.957509435301382,0.9987774230311344,0.8950795038997205,0.9489746595216721,0.9250379219402804,0.9154907996871146,0.9933095589619414,0.9864847804128756,0.8720988960173207,0.96836956012162,0.9529545363721539,0.9361684345174044,0.9431098218103224,0.8688726774726101,0.9608267525008984,0.950716529670402,0.9920543208470207,0.8742905832999679,0.8981423730059306,0.96664472544214,0.9392032468761575,0.9554815748429076,0.9765837058865926,0.9879778359082556,0.9370094808581142,0.9416467981218895,0.8338140105455905,0.9473756291574582,0.9828201226319815,0.9799008321613358,0.8278089777511936,0.8724525586652856,0.9391444364908241,0.9528976942023158,0.9544316996038003,0.9559485503920393,0.9113150120108421,0.9528206548013269,0.8851338808206501,0.9427946840319121,0.9765837058865926,0.9544316996038003,0.9178303757589168,0.9079630254667723,0.9643133649175286,0.9544316996038003,0.9806366198198687,0.9711878805915029,0.9368506101299685,0.906100043689203,0.9147116017278334,0.9529545363721539,0.9544316996038003,0.9050457185079471,0.9544316996038001,0.9475675262084418,0.95402045322002,0.9831253381617966,0.9544316996038003,0.9800040497391678,0.9544316996038003,0.8777622263784162,0.9949291060968913,0.9727541677821405,0.888676559370384,0.957509435301382,0.8319518115156928,0.9515133476881705,0.9989330715481036,0.9940867605460231,0.9091031345982893,0.969732852945806,0.9759742607288062,0.9591194968553458,0.9515258611582159,0.9395538742599335,0.9554518077232721,0.9489746595216721,0.9239759423528267,0.9239759423528267,0.8493047741087221,0.9356856974167591,0.9515133476881708,0.9544316996038003,0.8308459945434389,0.9544316996038003,0.9236640557157296,0.9239759423528267,0.6405418480890166,0.9582291749307174,0.8319518115156928,0.9559485503920393,0.9696485350828812,0.943467974097185,0.9440100680280117,0.9290729285038275,0.8806557494958756,0.9575094353013822,0.9572654625627897,0.9210886546555859,0.9069728207600056,0.9529545363721539,0.8728022830978688,0.8788191408694404,0.9661972965770262,0.8566913284130392,0.9868289698267129,0.9466104231235157,0.9920543208470207,0.9610282538164934,0.7206095791001441,0.8671479150392838,0.9002964043044235,0.956390179274766,0.9625131050152524,0.9757052866960472,0.9229213960709448,0.9409669977890665,0.9117176971980816,0.9625131050152524,0.828185635522141,0.9449576336865668,0.8728022830978688,0.9087598936651087,0.96836956012162,0.957509435301382,0.9759742607288062,0.8897655097007556,0.9515133476881705,0.9575094353013822,0.9652137684610215,0.8818837573472104,0.9625131050152524,0.9616051284891651,0.9934962847644027,0.8971901564492135,0.9069728207600057,0.9507165296704019,0.9544316996038003,0.8976252143176511,0.9515133476881705,0.9591194968553458,0.926451395687609,0.9667875986555683,0.9652137684610214,0.9923551296406041,0.9727541677821405,0.8977364728840898,0.7664987043618083,0.9506067676467721,0.9540204532200203,0.969732852945806,0.9831253381617966,0.9221821648495909,0.9643133649175286,0.9137092609592148,0.9643133649175288,0.8776603460423872,0.9343882429311445,0.9187703462526826,0.8106601759858286,0.9544316996038003,0.9591194968553456,0.9590673131834124,0.9385367079941818,0.9625131050152524,0.9607848936032957,0.906121948145339,0.9544316996038003,0.9365826632500471,0.9625131050152524,0.9661972965770262,0.9197987094973856,0.9375816512512278,0.9409669977890665,0.8006773101112714,0.9217601491198761,0.9111145228116426,0.9965573445764311,0.9487265052554268,0.8903723822424179,0.957509435301382,0.9264488104519898,0.9259833020246668,0.9473756291574582,0.9651775593373264,0.9661972965770262,0.836731764542964,0.975974260728806,0.8258426771468563,0.9501049319099923,0.9529545363721539,0.9793236882044447,0.9873232206481497,0.8897655097007556,0.888420512820321,0.8692431301086112,0.9544316996038003,0.8926485106781256,0.9774096618002821,0.9282725629505153,0.9774096618002822,0.7630956455679015,0.9945616853424688,0.9544316996038003,0.9544316996038003,0.9923551296406039,0.9570498583959894,0.908213390673464,0.9544316996038001,0.9643133649175286,0.9544316996038003,0.930474153890517,0.9077810309891681,0.8767816144427208,0.9544316996038,0.9315900378678905,0.9940867605460232,0.8495094192726709,0.8279657565412284,0.9544316996038003,0.9310944809913071,0.9250379219402802,0.8892917732189061,0.9179406357484332,0.9828201226319815,0.990677157903997,0.957509435301382,0.8703249354373092,0.9544316996038003,0.8807337082769502,0.9944277784719999,0.908213390673464,0.926009017759049,0.9692769377093198,0.8809287459442818,0.9859983918197511,0.9544316996038003,0.7659010756297326,0.9867086919017327,0.9544316996038003,0.8634896230757458,0.9966019297918831,0.8583244595873938,0.8977364728840898,0.8950795038997207,0.9544316996038003,0.8331553590532295,0.905045718507947,0.9607848936032954,0.9975440472022225,0.9611839470647201,0.7740783321588789,0.9623066535517357,0.9068053912485843,0.9575094353013822,0.8008509217498042,0.9368506101299685,0.9400741852851487,0.9698282497233137,0.9672616040330472,0.9199989838706863,0.9422080421889416,0.9591194968553456,0.9496811510501817,0.9544316996038003,0.9625131050152524,0.9186367746310332,0.9587905219304178,0.9460501530640815,0.9883880331853732,0.9799008321613357,0.9303029056564402,0.9692769377093197,0.9799008321613357,0.9915113877198729,0.9544316996038003,0.9888197307367493,0.8915055770282616,0.9998698480557453,0.7771757990417102,0.9707204840519695,0.8539593087394252,0.9888197307367491,0.9989330715481036,0.9904347645570811,0.9940867605460232,0.9448229719109482,0.9143551898560904,0.979529586376,0.9376160975337485,0.9397435965156078,0.9447481688519046,0.9981922472699298,0.9575094353013822,0.9271857963192041,0.9933095589619412,0.9994413910600696,0.9987774230311344,0.951525861158216,0.9290729285038273,0.9846299338167082,0.9222692303427626,0.8581844531301606,0.9581430783864291,0.7824413427816268,0.8966160771852036,0.9415886943343517,0.9810522968844484,0.827791301242661,0.9989330715481036,0.8681687926290684,0.9290729285038275,0.9008409057897289,0.9987774230311346,0.9711878805915029,0.9978302091488738,0.957509435301382,0.8612222667022575,0.9356465182356669,0.9261077324693099,0.9933095589619414,0.9625131050152524,0.9892078879081125,0.8977530247223019,0.9560086947472869,0.9250379219402802,0.9501049319099923,0.9501049319099926,0.0,0.9625131050152524,0.9846299338167082,0.875643675264683,0.9218739081138494,0.9529545363721539,0.9529545363721539,0.9022596399437832,0.9949291060968913,0.9501049319099923,0.9210886546555858,0.9544316996038003,0.9607848936032957,0.9544316996038003,0.9544316996038003,0.8759782153863132,0.9422080421889418,0.975974260728806,0.9544316996038003,0.9501576793250022,0.9159683003951964,0.9711878805915027,0.9698282497233137,0.9310944809913071,0.8887281516764465,0.9998698480557453,0.9127113681766141,0.8471261687663035,0.9487265052554266,0.9368506101299684,0.9560086947472866,0.9743490353345139,0.9813906368456975,0.99213028855682,0.9327167510955896,0.9207232888949288,0.9799008321613358,0.9001889664606622,0.9560086947472868,0.9068053912485843,0.9575094353013822,0.9629940985099354,0.9329216899439506,0.9397435965156078,0.9422080421889416,0.9343351421164372,0.9828201226319815,0.9966922538063423,0.9422080421889416,0.9776317763878943,0.887936972223425,0.994086760546023,0.9559485503920393,0.9836243259051825,0.9219924035515391,0.9881562591687436,0.9591194968553458,0.9219924035515392,0.9501049319099926,0.9264943610026062,0.9403916813458222,0.9765837058865925,0.9203990933076514,0.933854925314779,0.9661972965770262,0.8572755626114628,0.8036253154520028,0.9127113681766141,0.8864565801087378,0.9329216899439511,0.960900739115506,0.8783163635116332,0.9544316996038003,0.9591194968553456,0.9250379219402804,0.973053360823401,0.9103339493566893,0.9447481688519044,0.9113150120108421,0.9864847804128756,0.9133404113163563,0.9422080421889416,0.8924353423190239,0.9643133649175288,0.9084914293220663,0.9915113877198728,0.8360641537568382,0.9799008321613357,0.9207232888949288,0.8724525586652856,0.9711878805915029,0.9987774230311346,0.9588233059368511,0.9950134961659548,0.8616683307696413,0.8770665508630495,0.9271857963192041,0.9781637420605056,0.9800040497391678,0.8596305180199363,0.9643133649175288,0.9965573445764311,0.9559485503920393,0.9211495461267734,0.9163268736367545,0.9356479353308965,0.9529545363721539,0.848318897532643,0.8903723822424179,0.9661972965770262,0.8845132129697924,0.8879369722234249,0.9743490353345139,0.9250379219402802,0.9965665866960463,0.9186367746310331,0.9634568834621734,0.7566586192708955,0.9502440628915498,0.9460501530640812,0.9765837058865926,0.9591194968553456,0.9661972965770262,0.9544316996038003,0.9752372748615917,0.9146015061215471,0.9527294722357856,0.9282725629505153,0.9544316996038001,0.9333770200885274,0.9708262240875452,0.9966922538063423,0.930474153890517,0.9137092609592146,0.9427946840319121,0.9310944809913069,0.8805869102562541,0.9350052413014638,0.9966922538063423,0.9988775090606229,0.8999347304580284,0.9607848936032957,0.9554518077232721,0.9361684345174046,0.7333833797482321,0.9711878805915029,0.9661972965770262,0.9582291749307175,0.9515133476881708,0.9661972965770262,0.9473756291574582,0.9903434298372482,0.973053360823401,0.9576073188885357,0.8962395095530546,0.8639461643560564,0.9544316996038003,0.9329216899439507,0.8965882112569319,0.8637076121118322,0.9529545363721539,0.9608127721335266,0.9830316367629123,0.9529545363721539,0.9529545363721539,0.9759742607288062,0.9544316996038003,0.9830316367629125,0.9949291060968914,0.9544316996038003,0.9409669977890665,0.9415886943343517,0.8639461643560559,0.9575094353013822,0.9560086947472866,0.9692769377093198,0.9529545363721539,0.8483188975326428,0.9416467981218897,0.9989330715481035,0.8785018758610237,0.9544316996038003,0.960900739115506,0.957509435301382,0.9409669977890665,0.9666040886391871,0.9931344261826375,0.9625131050152524,0.8945024258106787,0.8766079819236636,0.8871763046924684,0.9965573445764311,0.9544316996038,0.9239759423528267,0.9793236882044447,0.9634568834621733,0.9540204532200203,0.9460501530640815,0.8639461643560563,0.9526350423385235,0.9575094353013822,0.960900739115506,0.9431098218103223,0.9544316996038003,0.9005384212506021,0.9919869665529767,0.9448229719109481,0.9528312629576812,0.9830316367629124,0.9460501530640815,0.8687664698157342,0.9799008321613357,0.8755021461577472,0.8507067764119421,0.9544316996038003,0.9544316996038003,0.9836243259051825,0.9457520766884309,0.9981922472699298,0.9201807407414305,0.9721034599974785,0.9611839470647201,0.9222692303427624,0.8663751691456347,0.9397435965156076,0.8513207925795825,0.9544316996038003,0.9949132781456957,0.9591194968553456,0.9661972965770262,0.8809287459442816,0.9625131050152524,0.8273662657070466,0.9544316996038003,0.9544316996038003,0.8295268325962151,0.9544316996038003,0.9154689216841636,0.9447481688519044,0.9404815542410545,0.9097421633544907,0.9883880331853732,0.9649067432343333,0.8877280177251791,0.9335689453150369,0.9544316996038001,0.9711878805915029,0.9410026520949328,0.9692769377093197,0.7771757990417102,0.947024678497918,0.9855289402292566,0.9197987094973856,0.9743490353345139,0.9692769377093197,0.9428163151462241,0.9544316996038003,0.8658132522749342,0.9743490353345139,0.951525861158216,0.968828963070922,0.8792678792793374,0.9473756291574582,0.8246995383205931,0.9948537157563817,0.9560086947472869,0.9178303757589166,0.8089603320001268,0.9161682054358172,0.9643133649175286,0.9810522968844484,0.9944277784719999,0.8513207925795822,0.9591194968553458,0.9529545363721539,0.9991103021727903,0.9903434298372487,0.9816001811698213,0.8708107817737573,0.9381728330554158,0.9239759423528267,0.9381728330554159,0.9661972965770262,0.9127113681766141,0.9236497967373472,0.9477170828887946,0.9005384212506021,0.9448229719109482,0.9329216899439507,0.9329216899439507,0.979398290773964,0.9487265052554268,0.9529545363721539,0.7387815935635317,0.9452352847073289,0.9559485503920393,0.9478240520432701,0.9261077324693099,0.937581651251228,0.978217780674542,0.9544316996038003,0.9427946840319121,0.973053360823401,0.8767816144427208,0.9643133649175286,0.8329644427626388,0.9409669977890662,0.99213028855682,0.9544316996038003,0.923859792179927,0.9201807407414306,0.9987774230311344,0.8596511358036817,0.9623693685727533,0.9779132495729155,0.9591194968553456,0.9036630310524922,0.9721034599974785,0.9830859188713983,0.8853172535850606,0.9989330715481036,0.9256374352880536,0.9661972965770262,0.9422080421889416,0.973053360823401,0.9502440628915496,0.9923551296406039,0.9144959184069921,0.9554518077232721,0.9248238928596395,0.8280234816778032,0.9529545363721539,0.9762041082440363,0.9103339493566893,0.9068053912485843,0.8892917732189061,0.8784245992207028,0.9544316996038003,0.8780554629505298,0.8773844821970243,0.9810522968844486,0.9544316996038003,0.9130131975922846,0.9207232888949286,0.9625131050152524,0.9400741852851489,0.9529545363721539,0.9624414485080437,0.893790080572364,0.9077810309891683,0.9554815748429076,0.9485755059170108,0.9400741852851489,0.8954942934337513,0.9544316996038003,0.9048463830468079,0.9544316996038003,0.9625131050152524,0.9481022094664504,0.9345279402530982,0.9661972965770262,0.8029957991947378,0.9480610371608373,0.9581430783864289,0.930474153890517,0.9544316996038003,0.8907128377247426,0.9689316898662559,0.9651007362484525,0.9634568834621733,0.9239759423528269,0.9608127721335266,0.9327167510955896,0.9828201226319815,0.9795295863759995,0.9757619342112605,0.8784245992207029,0.9795295863759995,0.930474153890517,0.9591194968553458,0.8971901564492135,0.9795295863759995,0.9661972965770262,0.9944277784719999,0.9692769377093198,0.9741812383843047,0.9529545363721539,0.9659497926039275,0.9987774230311344,0.9029316112204657,0.9711878805915029,0.8223564127592393,0.9229213960709448,0.9373453016197317,0.9529545363721539,0.994086760546023,0.9159552332667189,0.9810522968844486,0.9117176971980814,0.8504989784061951,0.9666447254421402,0.962306653551736,0.9923551296406041,0.9559485503920393,0.9575094353013822,0.9541290792408026,0.9452352847073291,0.9350052413014638,0.9883880331853732,0.9949132781456957,0.9591194968553458,0.9607848936032957,0.8578029266081852,0.9338549253147792,0.9511406889628222,0.9774096618002821,0.9327167510955896,0.8942962490306569,0.943467974097185,0.9315900378678905,0.9544316996038,0.9828928141156721,0.9277146951592508,0.9218739081138494,0.9528206548013269,0.9328353319992992,0.9560086947472868,0.9759742607288062,0.8904559550248035,0.9385367079941818,0.9501049319099923,0.9864847804128756,0.9649067432343333,0.8980273058083953,0.9715619689660695,0.9460501530640815,0.8072147333028628,0.9529545363721539,0.9333770200885276,0.8716795438693177,0.957509435301382,0.9559485503920393,0.9755588472540062,0.9350052413014636,0.957509435301382,0.9502440628915496,0.9823018224087321,0.89942767179876,0.9515133476881705,0.9515133476881705,0.9469260728986406,0.9434121517267972,0.9127113681766141,0.957509435301382,0.9428163151462239,0.9987774230311344,0.9607848936032957,0.9841240669083757,0.9397435965156078,0.9692769377093197,0.9643133649175286,0.9741812383843047,0.9625131050152524,0.9078255471994474,0.9607848936032957
p176_Y,0.8640532804828904,0.9517441295565183,0.9109895373928902,0.9541300190655134,0.9582144552981327,0.9690033562225546,0.893284681363264,0.8661225030173029,0.9208725034246266,0.04802371343395262,0.9505286850464207,0.9568599156354454,0.9568599156354454,0.9362456943690349,0.9751883374484268,0.7188125664051562,0.9542468650366516,0.9436389526644002,0.965625,0.9672758151492922,0.9074725945748128,0.9493347822888889,0.9470055188469617,0.2300542125376599,0.9481608601832734,0.9436389526644,0.9542468650366516,0.9312607396704553,0.9672758151492922,0.8140340532964886,0.9383021271292233,0.9625131050152524,0.9529828655437629,0.9332303128187658,0.9582144552981327,0.965625,0.9596053879391779,0.9529828655437629,0.09827945374704128,0.942546448360206,0.9172347260035334,0.9936745866415235,0.9690033562225546,0.9283593797331273,0.9732924283946004,0.8745053838668202,0.9610366993022685,0.9637550377043789,0.942546448360206,0.9109895373928902,0.2565536071556338,0.876261827348312,0.9436389526644,0.9517441295565183,0.9529828655437629,0.941467276381333,0.471431768534462,0.9582144552981327,0.7847770412204684,0.9555383641697375,0.9227150661971699,0.8962170259453924,0.9436389526644005,0.6299503038670398,0.964040252388596,0.855574875783836,0.9625131050152522,0.7842064772164411,0.810631735747056,0.940340909090909,0.9352318345617441,0.942546448360206,0.9582144552981327,0.7937778688175781,0.9582144552981327,0.906597867618917,0.9843798933538865,0.9505286850464207,0.8546450937171781,0.9690033562225546,0.37281820546454036,0.9458674971126175,0.9393458182324887,0.9436389526644002,0.9582144552981327,0.932241742150131,0.9493347822888889,0.839293063072188,0.6059690156007194,0.9568599156354449,0.9582144552981327,0.9109895373928902,0.752533849186763,0.8806288736252947,0.9393458182324887,0.9181387543589391,0.9092272046561756,0.9074725945748128,0.7679924152536266,0.8508940408143366,0.941467276381333,0.9610366993022685,0.9582144552981327,0.8832354238447047,0.9326468089069145,0.9656250000000002,0.9236430180495618,0.8277345205711403,0.9481608601832734,0.7907467895024354,0.8979178384019253,0.5010365109578354,0.8412664651734412,0.9255134534695351,0.9610366993022685,0.8217392653025242,0.9517441295565183,0.1880681818181823,0.9690033562225546,0.8832354238447049,0.9283593797331275,0.7188125664051562,0.9481608601832734,0.555367395509773,0.9436389526644005,0.8326235870570966,0.9596053879391779,0.8858340936764979,0.9568599156354454,0.9302869180633684,0.8953282497576125,0.9610366993022685,0.9625131050152524,0.9690033562225546,0.9542468650366516,0.7660035559865499,0.6949360932076512,0.9625131050152524,0.9625131050152522,0.9555383641697377,0.8733481182086194,0.9672758151492922,0.8555748757838357,0.8944656454039726,0.7128591674615055,0.9756340559373771,0.9553459570547012,0.7712678746665548,0.942546448360206,0.8608518199425024,0.967275815149292,0.9227150661971699,0.7842064772164411,0.9022452837148789,0.9507165296704019,0.9425464483602062,0.9136498875984242,0.979958676545309,0.7822955362017104,0.9057246972976494,0.8516769112886904,0.9610366993022685,0.9914826481470902,0.8227168701728211,0.9154363928771065,0.9312607396704551,0.7366542680310013,0.9172347260035334,0.9963814266559157,0.7298781721393243,0.9362456943690349,0.9568599156354449,0.9414672763813332,0.8700853537305534,0.8797579337068853,0.8996466204791784,0.965625,0.7159606232011387,0.9877180384539761,0.906597867618917,0.6257757457430688,0.9083489988323228,0.9414672763813328,0.9568599156354454,0.9216020313541382,0.8797579337068848,0.8832354238447049,0.6672982009945427,0.9517441295565183,0.9516937335159947,0.3755161149294951,0.9208725034246268,0.8537121927533957,0.801231469866508,0.5552173197469797,0.9582144552981327,0.23005421253765945,0.9555383641697375,0.6713146955321039,0.9001151207948017,0.9109895373928902,0.9568599156354454,0.9582144552981327,0.891878386060835,0.8270601489234037,0.14649376057562757,0.9582144552981327,0.7492532520172366,0.9302869180633686,0.906597867618917,0.8823675467067158,0.9217916370027819,0.9568599156354451,0.9582144552981327,0.7470626103202589,0.9582144552981325,0.8794220672691384,0.8674107520354715,0.8647169462584843,0.9582144552981327,0.8858340936764979,0.9582144552981327,0.893284681363264,0.9236430180495616,0.9312607396704551,0.8979178384019255,0.9610366993022685,0.8510887196233303,0.9555383641697375,0.9470055188469617,0.45409729849609326,0.9227150661971699,0.8291493513794035,0.9861029598450541,0.9625131050152524,0.9625162230164762,0.6605352223956008,0.9199574485923747,0.9154363928771068,0.9302869180633684,0.9302869180633684,0.3211460692758693,0.9057246972976496,0.9701343557301771,0.9582144552981327,0.9199574485923747,0.9582144552981327,0.8774082655650679,0.9302869180633686,0.9625131050152524,0.9404006431802039,0.8173748798116494,0.14902017258534372,0.9293199127017768,0.9481608601832732,0.9118739328932484,0.9818060040046751,0.8858340936764979,0.2015053441425939,0.8944656454039726,0.8944656454039726,0.7677778585037093,0.9568599156354449,0.964040252388596,0.8942631579092644,0.09827945374704128,0.862909488252414,0.8197691174227546,0.9447456538980155,0.8936031902522537,0.8970542565865078,0.950716529670402,0.760557597498674,0.793834476759635,0.8510887196233303,0.9656250000000002,0.8942631579092644,0.9293199127017768,0.9458674971126175,0.9190462651000917,0.9656250000000002,0.8780124908814333,0.7751970182648482,0.964040252388596,0.9163339973465923,0.9362456943690349,0.9610366993022685,0.9332303128187658,0.8175595086733718,0.9555383641697375,0.9610366993022685,0.9610366993022685,0.8342814558669873,0.965625,0.8604151780400966,0.8806288736252947,0.9057246972976494,0.9078950156090664,0.9403409090909088,0.9582144552981327,0.942546448360206,0.9555383641697377,0.9625131050152524,0.8227168701728212,0.5891401655413022,0.9610366993022685,0.942546448360206,0.9312607396704553,0.8480451455932454,0.5385072660612483,0.6802106944931963,0.8674107520354712,0.862972057535754,0.7813013083783413,0.9740699527808631,0.9342541377090322,0.9208725034246268,0.9672758151492922,0.9332303128187658,0.5580716158385197,0.9255134534695351,0.9610366993022685,0.9582144552981327,0.9625131050152524,0.6631775852479829,0.9436389526644005,0.9656250000000002,0.964040252388596,0.9568599156354451,0.9582144552981327,0.9481608601832732,0.965625,0.9273614004407342,0.9264564493231808,0.8893582784066545,0.9458674971126175,0.9625131050152524,0.7845111847199955,0.8592642631772309,0.9481608601832734,0.9529828655437631,0.8691958391075139,0.28525113979810746,0.9332303128187658,0.8794220672691386,0.9517441295565183,0.9264564493231808,0.9690033562225546,0.8217392653025241,0.9861029598450541,0.8454867220715397,0.9542468650366516,0.9568599156354449,0.9893688617336198,0.9057246972976494,0.8175595086733718,0.876397438269686,0.8508940408143364,0.9582144552981327,0.8797579337068848,0.49268176173944134,0.9877180384539763,0.932241742150131,0.967275815149292,0.76600355598655,0.9582144552981327,0.9582144552981327,0.46130541393534885,0.6122611620575713,0.8841024249642826,0.9582144552981325,0.9672758151492922,0.9582144552981327,0.9362456943690349,0.9154363928771063,0.835023140885607,0.9582144552981327,0.9372689456075765,0.9843798933538865,0.8620020752690567,0.876397438269686,0.9582144552981327,0.9022452837148789,0.9312607396704553,0.8466183234571396,0.844349269618882,0.9372689456075762,0.9316266645899962,0.9610366993022685,0.8289684270198122,0.9582144552981327,0.8671650851253099,0.9436389526644005,0.8841024249642824,0.8952405742361536,0.9596053879391779,0.8962170259453925,0.9529828655437629,0.9582144552981327,0.9145417437978427,0.8733481182086195,0.9582144552981327,0.9372689456075765,0.7963356519499132,0.8700853537305535,0.8824245419081025,0.8227168701728211,0.9582144552981327,0.8184753916628579,0.8814987207179201,0.964040252388596,0.9147196413525656,0.8824245419081025,0.9236430180495616,0.9245757305468909,0.9588782372193381,0.9610366993022685,0.9163339973465923,0.9485464508185621,0.9892083965651993,0.7898018532418963,0.8961910905435388,0.8936031902522537,0.9470055188469617,0.9625131050152524,0.9436389526644005,0.9582144552981327,0.9403409090909088,0.9190462651000917,0.8451952273822536,0.9505286850464207,0.998252218275079,0.9555383641697377,0.9021266483320798,0.9593605721085062,0.9555383641697377,0.9505286850464207,0.9582144552981327,0.9517441295565183,0.9005120111662774,0.9675591368764067,0.965625,0.7642090818022306,0.9672758151492922,0.9517441295565183,0.9470055188469617,0.8239839302585489,0.9493347822888889,0.9672758151492922,0.8252424423240547,0.9312607396704551,0.9109895373928902,0.9447456538980155,0.9493347822888889,0.9199574485923747,0.9610366993022685,0.9861029598450541,0.6752318008799827,0.8987819282972858,0.9458674971126175,0.9625162230164761,0.9505286850464205,0.9945610690582236,0.9040056117932131,0.8499792765287963,0.9217916370027819,0.9542468650366516,0.8438724100085819,0.910107340129978,0.5156328728037105,0.9458674971126175,0.9470055188469617,0.8499479257057734,0.9505286850464205,0.9147196413525658,0.9458674971126173,0.98145106467318,0.864026090958365,0.9610366993022685,0.9088679893884182,0.853712192753395,0.932241742150131,0.9172347260035334,0.965625,0.8451634443215716,0.6570095370506115,0.964040252388596,0.9312607396704551,0.9542468650366516,0.9542468650366516,0.9625131050152524,0.0,0.9383021271292231,0.891324167818474,0.9283593797331273,0.9568599156354451,0.9568599156354451,0.8546450937171783,0.5976796897990198,0.9542468650366516,0.8944656454039726,0.9582144552981327,0.964040252388596,0.9582144552981327,0.9582144552981327,0.8508940408143368,0.4789197198624878,0.9861029598450541,0.9582144552981327,0.814924694096546,0.7780262207040423,0.9814510646731799,0.9738642515935688,0.9430998431724231,0.8402819095372958,0.5655745286057912,0.6631775852479836,0.8683043280893408,0.3396229751373937,0.631967717184986,0.9457879562525049,0.932241742150131,0.8117728822598587,0.8814987207179201,0.9383021271292233,0.9529828655437629,0.3011888348294104,0.8059936873009328,0.964040252388596,0.9145417437978427,0.9610366993022685,0.9637550377043786,0.4540972984960917,0.9447456538980155,0.9470055188469617,0.8753843628690847,0.9372689456075765,0.9227150661971699,0.9470055188469617,0.934226863825899,0.9610366993022685,0.9843798933538866,0.9596053879391779,0.9293199127017768,0.8823675467067158,0.8683043280893408,0.950716529670402,0.8823675467067158,0.3936067758446191,0.8184753916628578,0.9092272046561756,0.9667798280829097,0.8466183234571398,0.9393458182324887,0.9690033562225546,0.8402819095372958,0.8736248211051396,0.6168592556746884,0.8382998407874562,0.9493347822888889,0.5498119605838774,0.9031133691845501,0.9582144552981327,0.9625131050152524,0.9312607396704553,0.9582144552981327,0.8858340936764979,0.9493347822888889,0.9555383641697377,0.9393458182324887,0.861092113458608,0.9470055188469617,0.8201563855634991,0.9672758151492922,0.8301859677307102,0.9818060040046751,0.8901531678626451,0.9555383641697377,0.9529828655437629,0.8343397916505888,0.9302869180633686,0.9458674971126175,0.8870144729824135,0.9013781987087914,0.8441952219411115,0.7322877430076871,0.9332303128187658,0.7876587616735474,0.8858340936764979,0.9383021271292231,0.9342541377090322,0.9481608601832734,0.9596053879391779,0.8674107520354715,0.9199574485923747,0.9118739328932484,0.9568599156354451,0.8322437174658707,0.8691958391075136,0.9273614004407342,0.7353912827702584,0.9610366993022685,0.932241742150131,0.9312607396704553,0.9447456538980155,0.6672982009945427,0.9383021271292233,0.9218485695187228,0.9937522140875703,0.9505286850464207,0.9667798280829097,0.9625131050152524,0.9690033562225546,0.9582144552981327,0.4851705698920622,0.8892901999095577,0.8412664651734412,0.9342268638258988,0.9582144552981325,0.9039825606517029,0.8555748757838357,0.9227150661971699,0.9362456943690349,0.9208725034246266,0.9109895373928905,0.9022452837148789,0.8385696706637012,0.9404006431802039,0.9227150661971699,0.8771378467726847,0.910107340129978,0.964040252388596,0.9199574485923747,0.4714317685344618,0.9552175050422179,0.9302869180633686,0.9690033562225546,0.9404006431802039,0.9555383641697375,0.9690033562225546,0.9517441295565183,0.9414672763813328,0.9632002305182419,0.9059500308908426,0.9048529663349028,0.965625,0.963200230518242,0.4540972984960927,0.8094833764446476,0.8373021566360079,0.9568599156354449,0.9507165296704019,0.9542468650366516,0.9568599156354449,0.9568599156354449,0.986102959845054,0.9582144552981327,0.2486853627071216,0.5498119605838776,0.9582144552981327,0.9458674971126175,0.95304308387742,0.9656250000000002,0.9610366993022685,0.964040252388596,0.9596053879391779,0.9568599156354451,0.8289684270198121,0.92061363922904,0.9470055188469617,0.8087664788274309,0.9582144552981327,0.9236430180495618,0.9610366993022685,0.9458674971126175,0.8301859677307102,0.9245757305468909,0.965625,0.9596053879391779,0.4018862883267108,0.9302869180633686,0.9481608601832734,0.9582144552981327,0.6092357624483304,0.9352318345617441,0.9383021271292231,0.8674107520354715,0.9505286850464205,0.9403409090909088,0.942546448360206,0.9610366993022685,0.9236430180495618,0.9059500308908426,0.9582144552981327,0.9582144552981327,0.9031133691845497,0.14649376057562757,0.9020609159565012,0.9542468650366516,0.9505286850464207,0.855574875783836,0.9555383641697377,0.8281074447167714,0.8059936873009326,0.9582144552981327,0.9582144552981327,0.9293199127017768,0.8962170259453925,0.9662757781656683,0.8188625911515808,0.7660035559865499,0.8824245419081027,0.9040056117932131,0.8252424423240547,0.9447456538980155,0.8451952273822535,0.9582144552981327,0.9906286789501815,0.9625131050152524,0.09827945374704128,0.861092113458608,0.9656250000000002,0.861092113458608,0.9582144552981327,0.9582144552981327,0.8488644770492815,0.9582144552981327,0.8420562955272903,0.9493347822888889,0.8823675467067158,0.9172347260035334,0.998252218275079,0.9172347260035332,0.78291421203117,0.8771378467726845,0.9582144552981325,0.9302869180633686,0.8053800646385088,0.9596053879391779,0.9403409090909087,0.9485464508185621,0.7820963185522345,0.5817674845348559,0.932241742150131,0.9596053879391779,0.8841024249642826,0.9582144552981327,0.8574253737916118,0.5972411246686107,0.6299503038670398,0.8953282497576123,0.9275816772658132,0.9517441295565183,0.9217916370027819,0.8797579337068848,0.964040252388596,0.891878386060835,0.7723678106736597,0.9542468650366518,0.9672758151492922,0.9910578376517607,0.9436389526644002,0.8804252291828121,0.25655360715563325,0.96677982808291,0.8979178384019255,0.9414672763813328,0.9302869180633688,0.9352318345617441,0.9690033562225546,0.9814510646731802,0.9690033562225546,0.9690033562225546,0.9199574485923747,0.934226863825899,0.9145417437978427,0.9582144552981327,0.9672758151492922,0.9493347822888889,0.9493347822888889,0.8620020752690569,0.9529828655437631,0.9568599156354454,0.9998226281102464,0.9127606676606759,0.31108825248997707,0.8870144729824132,0.9631988949207005,0.8546450937171783,0.8702715381030954,0.9582144552981327,0.9109895373928902,0.9582144552981327,0.827060148923404,0.04802371343395262,0.9447456538980155,0.9458674971126177,0.8814987207179203,0.9582144552981327,0.8733481182086196,0.8402819095372958,0.49028381022475076,0.8188625911515808,0.7937778688175781,0.8108977844528866,0.9625131050152524,0.8883730833751755,0.8727426055411924,0.8743674594684081,0.8373021566360079,0.9470055188469617,0.8709729405791935,0.9690033562225546,0.9470055188469617,0.9582144552981327,0.9163339973465923,0.9978387378693493,0.9030333503116554,0.6168592556746894,0.8441952219411113,0.9582144552981327,0.9568599156354449,0.8700853537305535,0.8858340936764979,0.9145417437978427,0.8466183234571398,0.8312173911187126,0.9582144552981327,0.8024341677705482,0.8875631490366904,0.9362456943690349,0.9582144552981327,0.7389815511680627,0.9529828655437629,0.9656250000000002,0.9470055188469617,0.9568599156354449,0.8736248211051396,0.9957912204911727,0.9154363928771065,0.9998226281102465,0.9245757305468909,0.9470055188469617,0.8461277862534455,0.9582144552981327,0.9438962066300457,0.9582144552981327,0.1880681818181823,0.862909488252414,0.9048529663349028,0.09827945374704128,0.9393458182324887,0.8373021566360079,0.9688588518247443,0.9362456943690349,0.9582144552981327,0.7509020511212645,0.8011222595526781,0.9137421426486894,0.9383021271292233,0.9302869180633686,0.950716529670402,0.9383021271292233,0.5075444500102769,0.9312607396704553,0.9118739328932484,0.8312173911187126,0.9312607396704553,0.9362456943690349,0.9625131050152524,0.9474427791084488,0.9312607396704553,0.09827945374704128,0.9436389526644005,0.9596053879391779,0.9057246972976494,0.9667798280829097,0.5630631104484922,0.9458674971126175,0.9109895373928902,0.9302869180633684,0.9470055188469617,0.9293199127017768,0.5209202277057926,0.9568599156354451,0.4540972984960927,0.8451634443215719,0.9362456943690349,0.9190462651000917,0.7845111847199957,0.9274049943645877,0.9245757305468911,0.942546448360206,0.31108825248997707,0.955217505042218,0.9190462651000915,0.9997356383868503,0.9404006431802039,0.9404006431802039,0.9906286789501814,0.9625131050152524,0.964040252388596,0.7084032819525643,0.9393458182324887,0.8901531678626451,0.932241742150131,0.9383021271292233,0.7529893735715617,0.9481608601832734,0.9372689456075762,0.9582144552981327,0.865617129959326,0.9399096127475324,0.9283593797331273,0.9181387543589392,0.7586995349715746,0.964040252388596,0.9861029598450541,0.703154233747275,0.9436389526644,0.9542468650366516,0.9393458182324887,0.9625162230164761,0.7134819261865433,0.8362122103676295,0.9505286850464207,0.8718586682882636,0.9568599156354451,0.6832671481237984,0.8537121927533957,0.9610366993022685,0.9596053879391782,0.7158648835842756,0.9404006431802034,0.9610366993022685,0.9937522140875703,0.7322877430076874,0.8565016117177142,0.9555383641697377,0.9555383641697375,0.7860925850857807,0.9458674971126175,0.9199574485923749,0.9610366993022685,0.7409015111371606,0.9458674971126175,0.964040252388596,0.9118739328932484,0.9447456538980155,0.9593605721085061,0.14649376057562669,0.9057246972976494,0.1880681818181823,0.8508940408143366,0.964040252388596
p177_E,0.8591180674781609,0.42471191586823376,0.8660856746685759,0.8848772518315144,0.97201754229775,0.621612242262904,0.9129775998745266,0.9624011604596046,0.8579782334751942,0.9412650880954538,0.8054126975365707,0.9225701399051964,0.9225701399051964,0.4585664210492465,0.9554668566743395,0.8807086244169695,0.7786561268284864,0.7750187142987186,0.9383021271292231,0.587431740015947,0.9853599951031462,0.9487210184868768,0.7516581686562225,0.9274978432118417,0.945842199911705,0.8988405313927079,0.9087120239050032,0.9694362836489427,0.5874317400159472,0.7468922902660919,0.8892617449664435,0.9327167510955896,0.9156114273620617,0.8801586131976928,0.92500133164067,0.9945610690582236,0.9274978432118417,0.7034892425039703,0.9443657603723179,0.5324564417508566,0.8785401016887857,0.9008268910150359,0.9443657603723179,0.8714160325350082,0.7353041611363142,0.8342175147017967,0.9801704643354423,0.8530715715896551,0.8968796530895526,0.8402398194588376,0.9327167510955894,0.5887421527379546,0.8988405313927079,0.9133880855304555,0.9156114273620615,0.9996816445584038,0.9300679213294081,0.9250013316406696,0.8560799240055126,0.9201981569430602,0.8612853521281927,0.8557546526283315,0.8988405313927086,0.8514489788174842,0.935457747299095,0.9472131717943895,0.9634568834621733,0.8539758753023872,0.9828746144245046,0.724144221296775,0.5008535770264999,0.9682126412345016,0.92500133164067,0.7649682260587916,0.9250013316406696,0.8574545423984332,0.9487210184868768,0.8863786272856528,0.7598784394566549,0.6836153847435859,0.951689513216182,0.7223365150310433,0.9041245835793724,0.9350783929825497,0.9250013316406696,0.3709433964495593,0.9323069519744982,0.7726792232259136,0.8434187276799103,0.9225701399051969,0.9250013316406696,0.5136138002977042,0.829026091341591,0.8079019311629851,0.9935052137263445,0.880362991232654,0.44797389946075894,0.8844049613352594,0.7547468165103175,0.7736750299626238,0.8943059933901221,0.6190004483382321,0.9339500363880899,0.6057809031902963,0.9725477528841157,0.9383021271292231,0.5356422941985214,0.721018024155061,0.9069566644903913,0.7474008553057092,0.4910743603611869,0.6570680709509833,0.7355093993994384,0.8713280839387452,0.9300668284196518,0.7809675603940598,0.755661915168889,0.9383021271292231,0.9936310971469996,0.8351508832535262,0.9613976249893683,0.6201074903999317,0.7041879812964709,0.6731747000203377,0.8112565758885603,0.6793493821427017,0.9274978432118417,0.9757764977426823,0.7576348764233948,0.9054862779423514,0.812130201029337,0.9697258997487671,0.5481514216932246,0.9443657603723179,0.9178801133263084,0.8393703128756631,0.8214342607350609,0.9846299338167082,0.9327167510955894,0.9201981569430604,0.8541773841923068,0.9412650880954538,0.7407789686331632,0.7906693243415909,0.5603423529413626,0.8680005631963954,0.9978784568827168,0.7668230595030052,0.8968796530895526,0.6432408580978248,0.8819962224463207,0.8612853521281922,0.7460187293190479,0.8245452201344512,0.7558041525776996,0.8968796530895524,0.6543677493830056,0.9034363238020657,0.944910301242246,0.7449034616957058,0.8358419261369328,0.9196222638329764,0.42247806959964107,0.7079822296372038,0.9016383298312334,0.9377509630281219,0.8402613555369549,0.7421841781129886,0.9382479844774667,0.8148187834615366,0.45856642104924783,0.9225701399051967,0.9300679213294081,0.975690477429421,0.9949282540398244,0.9644128554156064,0.6116263374387745,0.9491886428703427,0.7660216162028406,0.8915744657605096,0.8697030566182691,0.8862690799661723,0.824055559277934,0.9225701399051964,0.7919815607102554,0.5973300641618424,0.790425426169032,0.882198506610554,0.9133880855304555,0.7472184442808256,0.92019815694306,0.9417736073071208,0.6404542342499255,0.7300333149790079,0.8612853521281925,0.9250013316406696,0.9274978432118415,0.9201981569430604,0.8530715715896549,0.7557159979516123,0.9436232402977913,0.9225701399051964,0.9250013316406696,0.9391631730192508,0.6895993906613844,0.9412650880954538,0.9250013316406696,0.9859796853199195,0.9360968865539772,0.93274583995075,0.9003267064040642,0.9432556572861386,0.9682551375725403,0.9250013316406696,0.7873083094059599,0.9250013316406693,0.763084702474705,0.7904175937906055,0.7133597880626565,0.9250013316406696,0.9983623547769701,0.9250013316406696,0.933880658250094,0.8629508839222024,0.3499368586495347,0.8883795848454401,0.969725899748767,0.7025018769637026,0.9201981569430604,0.9430450953185581,0.9090636753073358,0.8263707808951523,0.8147623694742399,0.8667791920235918,0.7558041525777,0.9056312245600876,0.8643441101315117,0.9117587329570798,0.7511506228051877,0.9054862779423514,0.8748756693307254,0.9178801133263084,0.4453931305858455,0.9646668607340485,0.9250013316406696,0.8563358498618108,0.9250013316406696,0.7291753622140233,0.6047439842716347,0.9327167510955896,0.8930282606473359,0.6621610827297761,0.9274978432118417,0.8731400424546569,0.9847277353330188,0.4819506010278486,0.9673445570347357,0.795089641468379,0.9300668284196518,0.4622880274556489,0.8105819580111953,0.7700058881907577,0.9225701399051969,0.989405943369801,0.7709970188346265,0.9443657603723179,0.8805086817038599,0.7961318788110125,0.9008268910150359,0.8557522028152511,0.4957177700051105,0.9327167510955896,0.776333971275228,0.7615816235421354,0.6722158124104385,0.9383021271292231,0.7474008553057092,0.8844897067660732,0.9403227338586295,0.7053301149137062,0.9383021271292231,0.8030123017207882,0.8077214673594546,0.9026976644887871,0.9349923413419474,0.6225321251962737,0.9801704643354423,0.9750569362397112,0.7150975577583134,0.9908644354749631,0.9801704643354423,0.9196222638329763,0.6276948171759495,0.4991084535807734,0.7431511181077155,0.7857470667779494,0.9306270129352789,0.8850355119390221,0.8929210470837757,0.9339500363880905,0.7464554061857032,0.5017086937740922,0.9846299338167082,0.7486631564007076,0.8767292272696674,0.8695186279171856,0.8534548884031268,0.8766235303260079,0.820226813646332,0.8663080297186969,0.8292256120116164,0.7051680989146494,0.8817046814959253,0.7783656932698757,0.5047780564254376,0.9412650880954538,0.8859100247525031,0.7052575329880962,0.8801586131976928,0.9360968865539772,0.9587827127195977,0.9300668284196516,0.9250013316406696,0.9327167510955894,0.8665497346618454,0.7025429911190355,0.9383021271292231,0.9354577472990953,0.6662648810887069,0.9250013316406696,0.945842199911705,0.9383021271292231,0.6836153847435859,0.9848889533625502,0.907828959383806,0.8347834320678187,0.9846299338167082,0.7539434773645888,0.7081793502442355,0.8597301229817256,0.9156114273620617,0.57113416859273,0.9300668284196518,0.9117913875450327,0.7450033467827577,0.9133880855304553,0.8680005631963956,0.807621669704951,0.6942570567415958,0.4239203511608375,0.6923862095274018,0.9954159552893473,0.9225701399051969,0.8247458844254977,0.8197810444731704,0.7150975577583134,0.7168571340288867,0.6068632962581196,0.9250013316406696,0.8062726510211846,0.9096622933762624,0.6380103020923296,0.8088355852512338,0.9412650880954538,0.7715924205036864,0.9250013316406696,0.9250013316406696,0.8968796530895526,0.857978233475194,0.5573931545904096,0.9250013316406693,0.6463446365020211,0.92500133164067,0.8848772518315147,0.8482212456214522,0.8715520500906908,0.7929014044168502,0.9538390172168241,0.4564188338199998,0.784499890927494,0.8336450787459888,0.9250013316406696,0.9712006043149981,0.5355623652954028,0.6903978746649038,0.7347088846614551,0.6807867690580809,0.8435429377289086,0.9300668284196516,0.6989031042017528,0.9250013316406696,0.6299643856517491,0.7387808527088775,0.8368522699998651,0.9572867179125263,0.9274978432118417,0.9761284108222943,0.32258991237000534,0.9250013316406696,0.8731412310681068,0.793053763467512,0.9250013316406696,0.9206231796054518,0.8167678080059138,0.9384807015480543,0.6145409350322142,0.7079822296372038,0.9250013316406696,0.9767801711592037,0.9873110070952418,0.8487494684180814,0.9567409972118404,0.9329501320167272,0.8915893040116913,0.8646249603464986,0.7554983550150317,0.9300668284196518,0.9036261460394368,0.8323574432143275,0.4845235246341555,0.8046428281148683,0.5712541356254152,0.9024704228427969,0.9430450953185581,0.9327167510955894,0.9350783929825499,0.9250013316406696,0.8929210470837757,0.9253148501007675,0.9700575654549888,0.9673445570347358,0.996862998845963,0.9201981569430604,0.7494665716371758,0.8300959558095685,0.9201981569430604,0.6839638029129472,0.9809662470451701,0.8797681649066351,0.9182487729327593,0.5275223584240121,0.9383021271292231,0.773175862647949,0.9412650880954538,0.9211369148192171,0.7134960766530702,0.92975418602675,0.9883783616664183,0.9412650880954538,0.8285038328816572,0.9075611147669862,0.9953149507172678,0.9008268910150359,0.9090636753073358,0.939470174504714,0.719207720169813,0.9434241618923718,0.9327223474313895,0.8662820504755466,0.872265737746744,0.9056312245600877,0.951689513216182,0.8892617449664435,0.6596684641050145,0.6641965532923222,0.5771823339012127,0.9954159552893472,0.8693523850199003,0.7503403903278443,0.918363903192055,0.9028404281797042,0.904883003315406,0.6094447121752549,0.9112065483416407,0.8908572705728182,0.9028404281797042,0.9667074951656032,0.6771657840301015,0.5688968124224408,0.8148187834615364,0.8685612447214397,0.9652256526804022,0.8785401016887859,0.9383021271292231,0.8064923406255748,0.995314950717268,0.935457747299095,0.9377509630281222,0.9087120239050032,0.6919521954441423,0.9846299338167082,0.9383021271292231,0.0,0.5700448373719251,0.8714160325350082,0.9225701399051964,0.9225701399051964,0.7598784394566551,0.9775045642801594,0.9178801133263084,0.5326554482169219,0.9250013316406696,0.9354577472990953,0.9250013316406696,0.9250013316406696,0.7323775850440066,0.9048830033154058,0.5820842228975354,0.9250013316406696,0.7186093085837706,0.7604148959042942,0.9054862779423515,0.7989205131345819,0.9467580402849067,0.9807777980692294,0.6392495235332476,0.856335849861811,0.7636263905985348,0.9156114273620617,0.8825516415825386,0.9354577472990953,0.8783842798904287,0.7730677979952547,0.8095308313714358,0.9087858450274557,0.9156114273620615,0.9646668607340487,0.7123548210938992,0.5250602919938476,0.7554983550150316,0.9801704643354423,0.5465171962643678,0.9090636753073353,0.9745110640206993,0.9430450953185581,0.7981149231751687,0.9797293075604314,0.8612853521281927,0.9048830033154056,0.9139500985208797,0.9300668284196516,0.909063675307336,0.9270584362010043,0.7633045813764378,0.8111595167276993,0.8946224121887542,0.9327167510955896,0.944910301242246,0.9178801133263086,0.9162623495347668,0.7033129705598222,0.6205798834213629,0.670228950538567,0.9382479844774667,0.9443657603723179,0.6341004574780569,0.7948436229548834,0.8563358498618108,0.6591569239342834,0.5753908633586244,0.8629508839222022,0.8752367259256746,0.9250013316406696,0.9327167510955894,0.9686885474691006,0.92500133164067,0.9757764977426819,0.9487210184868766,0.9201981569430604,0.9382479844774668,0.7869968572042475,0.7516581686562225,0.7115556025011189,0.9412650880954538,0.6569198337674952,0.951689513216182,0.8028417197245652,0.9201981569430604,0.7034892425039702,0.8825947438550896,0.696575810106513,0.7598188207099681,0.998963793241222,0.8473105051854897,0.6859010779043897,0.8209366838621508,0.9434241618923718,0.7716961843536445,0.6402639326744255,0.8892617449664431,0.7052575329880963,0.9458421999117048,0.9274978432118419,0.8543547149475728,0.9671816160523485,0.867835721360358,0.9225701399051969,0.693024458280127,0.7209882074059782,0.9443657603723179,0.8214342607350607,0.9196222638329764,0.652445517822065,0.8758757941461651,0.9008268910150359,0.9096965985089367,0.6731747000203377,0.9069566644903913,0.849832308499898,0.9112065483416403,0.9225701399051964,0.9327167510955894,0.6836153847435863,0.9250013316406696,0.9434241618923718,0.809252185030398,0.7150975577583134,0.6700131306199576,0.9250013316406693,0.8276633667988735,0.6352053122219417,0.8612853521281925,0.8855707623626496,0.8859100247525029,0.4102303794587504,0.873430348194633,0.7506467199569823,0.8646906835558681,0.996740162882419,0.7794812069687636,0.776028090297221,0.9354577472990953,0.5340124360902335,0.9651931383855019,0.7693113560856037,0.7271864187181379,0.6216122422629038,0.8930282606473359,0.8574583241019983,0.7456185272242687,0.9133880855304555,0.96455642750231,0.4637879298172911,0.8311946752698984,0.9037003451132697,0.9383021271292233,0.92500133164067,0.9883783616664186,0.6580517696032655,0.7079822296372038,0.9225701399051969,0.9846299338167082,0.9178801133263084,0.9225701399051969,0.9225701399051969,0.8801586131976928,0.9250013316406696,0.9178801133263084,0.8629508839222022,0.9250013316406696,0.6848542093521179,0.6732772904197157,0.9383021271292231,0.9300668284196518,0.9354577472990953,0.9274978432118417,0.9225701399051969,0.6727553770295227,0.790425426169032,0.9048830033154058,0.765226516662888,0.9250013316406696,0.47836545401954345,0.7192077201698126,0.9028404281797042,0.7559476086169206,0.9512964073973862,0.44284951165177266,0.5876897548309776,0.9069566644903913,0.6659652014948864,0.9069566644903913,0.9250013316406698,0.997318103777229,0.6951889614658981,0.9229204799674597,0.9964586690195034,0.9673445570347357,0.8929210470837762,0.8177883943306522,0.9801704643354423,0.6788343946459678,0.8311946752698984,0.9250013316406696,0.6518527724456107,0.9773629990525466,0.9412650880954538,0.8355221596983087,0.9087120239050033,0.764929732662029,0.8031805405476526,0.9201981569430604,0.7521567315249029,0.7021689125109216,0.9250013316406696,0.9250013316406696,0.9034363238020655,0.871055325478935,0.4508781114473306,0.7156715964406857,0.8364319649404615,0.7585210500620969,0.7451062634081922,0.7653048875750776,0.8412785034651418,0.8264206693042833,0.9250013316406696,0.8530715715896549,0.9327167510955894,0.9443657603723179,0.6188799206548734,0.9383021271292231,0.7506815672849725,0.9250013316406696,0.9250013316406696,0.6863877270100089,0.8869338257310106,0.8193622550414623,0.9090636753073356,0.6984209400522953,0.9318220382121017,0.8930282606473359,0.9327223474313895,0.755567695357203,0.6292267278286678,0.9250013316406693,0.8802394617762669,0.7306794529803196,0.9759790834075597,0.9383021271292231,0.9076487407666443,0.839447439635739,0.7495121798568642,0.7462795582795662,0.9274978432118417,0.9714643978686925,0.9250013316406696,0.7441003298209856,0.8088355852512338,0.8785401016887857,0.693217157817224,0.9925251219097544,0.9133880855304555,0.8596279378142861,0.5310636991821791,0.935457747299095,0.8059382227955845,0.7966418551550676,0.9178801133263084,0.9409091189323958,0.918363903192055,0.8988405313927081,0.7238228863394935,0.9327167510955894,0.9225701399051969,0.816778116984666,0.894942704273314,0.9108500703878932,0.9485295003952046,0.9443657603723179,0.8190182445530151,0.9443657603723179,0.9443657603723179,0.6725696438284047,0.9459529270485076,0.846615487216902,0.9250013316406698,0.9409091189323958,0.9090636753073353,0.9090636753073353,0.5950149957306234,0.9579335751547247,0.9225701399051964,0.9300679213294081,0.8434187276799101,0.9274978432118415,0.797208241973274,0.9096622933762624,0.7391101518841836,0.7265079934992513,0.9250013316406696,0.461922089878227,0.92500133164067,0.6895993906613844,0.9412650880954538,0.9149626764708055,0.9028404281797042,0.8349088171809513,0.9250013316406696,0.7115556025011189,0.6137076727373996,0.9028404281797042,0.7133304308209114,0.7441003298209856,0.7238228863394935,0.9327167510955894,0.7789097390953104,0.9444978723350868,0.754116000302226,0.7224847956737392,0.6753339846499176,0.5863460049862893,0.6836153847435855,0.7516581686562224,0.5578203511314507,0.9036261460394366,0.9682126412345016,0.7620225581106226,0.8840472914094453,0.644953168013233,0.9250013316406698,0.9225701399051969,0.766823059503005,0.8661225030173032,0.702446867312623,0.670228950538567,0.6547107457479509,0.9250013316406696,0.6877098019706112,0.8891676404718531,0.4585664210492474,0.9250013316406696,0.763626390598535,0.6188449469186444,0.9383021271292231,0.9048830033154058,0.9225701399051969,0.6851301296786809,0.8988405313927084,0.9550554140410148,0.6484294739974634,0.9801868897476822,0.6753339846499178,0.6195513026858526,0.9250013316406696,0.8930282606473359,0.9250013316406696,0.9383021271292231,0.5921363002158423,0.8292256120116166,0.9443657603723179,0.8911350110320613,0.6614634055284838,0.8596279378142861,0.9511570440214601,0.9250013316406696,0.8154764414346688,0.7771688973305433,0.7606249645403501,0.9902379499694935,0.874875669330726,0.9115437007410548,0.8892617449664435,0.8874073419940798,0.907561114766986,0.8418271742558865,0.6952250113124416,0.907561114766986,0.9832566743197297,0.9327167510955896,0.9056678186761242,0.907561114766986,0.9443657603723179,0.8988405313927086,0.9274978432118417,0.5951482961407754,0.894689869425427,0.8874073419940798,0.5724072923153436,0.8402398194588376,0.9360968865539774,0.9048830033154056,0.8731400424546569,0.8968796530895526,0.9682551375725406,0.9487210184868771,0.8655663588793998,0.7209115476844896,0.9803110338975327,0.7750376780878006,0.8697030566182691,0.8464702161505413,0.7821219002581777,0.9274978432118415,0.9300668284196518,0.9096965985089367,0.7901178299305472,0.8930282606473356,0.7954675247567838,0.8530715715896549,0.9327167510955894,0.9354577472990953,0.931960983016402,0.8911350110320608,0.8292406437924527,0.9652256526804025,0.8892617449664431,0.8927398633927683,0.9375011938243534,0.9797293075604314,0.98096624704517,0.8861336061194482,0.7224348273110895,0.798651461799005,0.8530715715896549,0.9307862214378493,0.989405943369801,0.8667791920235917,0.9838482086598055,0.8988405313927079,0.9178801133263084,0.8017543808850897,0.9318220382121016,0.9278609926133172,0.9283228362685234,0.9112065483416407,0.8778054506502011,0.9403748670927714,0.8760071496189296,0.7856132409136164,0.9300668284196516,0.9274978432118417,0.857454542398433,0.893028260647335,0.6691040842540232,0.9305230648092062,0.8436803360653846,0.9450518435113001,0.8129896203110096,0.9908644354749631,0.7944225641905718,0.7598188207099683,0.8942611762094796,0.8194149920013944,0.7919815607102552,0.684854209352118,0.9354577472990953,0.867835721360358,0.9745110640206993,0.6361709950266955,0.9412650880954538,0.8307902358986592,0.9383021271292231,0.9165941331477476,0.989405943369801
p177_G,0.6464964350509717,0.7405363347939145,0.5396889646322838,0.7992894910048216,0.8546678929617308,0.7839930876682069,0.8873855332837951,0.9269985579258362,0.6696823788399098,0.8633929371948168,0.7554791330588972,0.8199117795876246,0.8199117795876246,0.7789915446322571,0.8699344794423318,0.960980838579184,0.8153269138415049,0.6745260449078174,0.8913241678184745,0.8084196111143453,0.5739106979702608,0.6960216685928327,0.819665629143536,0.8913895452939616,0.7590923384732138,0.7647208885946122,0.9226610517141334,0.7704962981539758,0.8084196111143451,0.9648878316969137,0.8049434857291164,0.8756436752646828,0.724743001406799,0.8974874730875656,0.8255663034700993,0.7952728272746872,0.7485096816739987,0.9081157632643158,0.870604554931679,0.7983104945399195,0.44000060326744084,0.7693408113097789,0.870604554931679,0.7195016134065826,0.8958275172459764,0.43472783948343974,0.7594883020057135,0.6582703472793452,0.599622321006329,0.628425951290742,0.8435110105594604,0.3404741957667039,0.7647208885946122,0.7985559379258667,0.8037270395310101,0.6573261639805759,0.8312576030795666,0.8255663034700989,0.7579224329198904,0.6901593365439134,0.677374154495733,0.7713290843804306,0.9890221151936429,0.7586034806015325,0.7494066097755407,0.7189696531298928,0.8030296776830925,0.6291121026800386,0.6792436194623079,0.864917939476207,0.7892240913240951,0.6216987847322828,0.8255663034700993,0.4177390134874548,0.8255663034700989,0.5044500806596308,0.7451150219452469,0.7304214219265428,0.5860401281656586,0.8991272068015781,0.8185397776910754,0.7619681496628503,0.9157698968430455,0.8315369035271365,0.8255663034700989,0.760133264412012,0.9414884353549027,0.745299192404336,0.9436597152417261,0.8199117795876252,0.8255663034700989,0.6196779150243024,0.5392786020409304,0.6525303859493295,0.8312845509492519,0.7427330974664241,0.604500418416027,0.4020685237688564,0.4198883942405931,0.47980478386352776,0.6573261639805752,0.7594883020057128,0.9710742509282574,0.8230251536633888,0.9091861946326759,0.7604502711739276,0.6806052427881686,0.3667342072374692,0.7835975850577377,0.47730254537204564,0.510213602433039,0.9114015183226931,0.43844150756230293,0.5891876144521548,0.7594883020057135,0.3557953827180379,0.86856625903842,0.8565016117177141,0.7839930876682066,0.5402501274516291,0.7566321736794966,0.6674503287998648,0.9035060468318608,0.9658855660745986,0.8091067808672328,0.6861517537116301,0.7185012839213285,0.7191339070336384,0.8973121247933229,0.7468768912768409,0.563047928480916,0.7594883020057133,0.7387643482726474,0.870604554931679,0.7079927759688767,0.7419399990112092,0.6446127408001233,0.8672950070935377,0.7708970129778696,0.841919725917868,0.49802795212073714,0.7719543387042522,0.7060947680345295,0.5839660174909069,0.7301308563351743,0.6929925529983978,0.7931027726545758,0.47095284578751073,0.7601602309409901,0.3579462295627045,0.7719543387042518,0.694949723103684,0.8619507456698137,0.772650692670404,0.8994276717987599,0.7601602309409905,0.708117150963995,0.8449947131431421,0.7711043052127549,0.8064910965900689,0.9564479173551239,0.8215135236933708,0.6923669637427119,0.33340820755476763,0.4933587856308723,0.7699177660091656,0.7191339070336384,0.5406120382150488,0.7462887195817802,0.5490315597442574,0.7586935982596923,0.6993688578599877,0.9078452382719459,0.9490814684341564,0.9629072251847968,0.8076098019244695,0.830095383375447,0.7727252384193422,0.7397331444519293,0.8928084083934653,0.8808027006519333,0.8216604431608848,0.8095161731921925,0.8199117795876248,0.6828272794392536,0.6405966217515804,0.5679338108814109,0.7131201710050261,0.7985559379258667,0.9329173736994583,0.8419197259178683,0.8425715828310383,0.378463877245482,0.39068594370029197,0.7652519975354892,0.8255663034700989,0.8313727497886215,0.8419197259178689,0.6582703472793455,0.37185666779170834,0.7084149016827576,0.8764669987114351,0.8255663034700989,0.346932705565437,0.4907953698392531,0.8998582096049103,0.8255663034700989,0.6757924326025546,0.7658239172803152,0.7188332638727031,0.6331249299175836,0.48984757817058266,0.6993688578599868,0.8255663034700989,0.5740918700692119,0.8255663034700989,0.7215463958964853,0.5509240945145712,0.5029426289296853,0.8255663034700989,0.7496279399842725,0.8255663034700989,0.685648892283329,0.9471424169402959,0.7316189380227607,0.3181641338044048,0.7594883020057124,0.2641855902451471,0.8143949648862079,0.9141502777442314,0.788498121206822,0.6899053756180187,0.6500141753169594,0.7304979384806414,0.7708970129778698,0.7383393446604241,0.7360424979952223,0.8195615955997817,0.6917399866831375,0.9552941773150642,0.7089828392698905,0.8090036036042951,0.5593075094074837,0.8969692479811888,0.8255663034700989,0.6658624837528402,0.8255663034700989,0.9581971444959102,0.9120766406606127,0.8435110105594605,0.7726260742525232,0.23921587837013636,0.8613811475412915,0.704946076772474,0.6628165329007827,0.6112530469741477,0.8306522664559604,0.5234145875139216,0.8373477570245094,0.5984844411293371,0.772705524790499,0.46507419424058816,0.8199117795876252,0.9166706359398538,0.5117600897628312,0.870604554931679,0.7280190805200886,0.7802457284376234,0.88336140786961,0.9462280931182414,0.6355682657900461,0.8756436752646829,0.4797922012201776,0.5675951785778521,0.6496319431918787,0.7604502711739276,0.43842033903107913,0.948728148901515,0.7155673590494245,0.9975317741904,0.7604502711739276,0.9790966555470171,0.5269768978777282,0.949760262346304,0.48354857000764406,0.6166079736517389,0.9303855895559969,0.7892370840225031,0.3626356914950607,0.6901593365439136,0.7284756911618846,0.7905009128495415,0.15920802635014009,0.7604502711739274,0.6599487187910662,0.5153985840526176,0.35847084482163494,0.7453175825307348,0.8997404955769666,0.7088082646637948,0.7541575670880103,0.7727336196388934,0.9399090046751278,0.3459983292836907,0.7173298561981822,0.7594883020057128,0.6216987847322835,0.7130480561743684,0.34847162127310227,0.7251438365270393,0.6028088441954383,0.9071001122038926,0.7112020960124381,0.723650200356255,0.6350657346234257,0.8448848835244378,0.721549140037248,0.8813501559345314,0.7892370840225034,0.7468768912768413,0.6794071603759455,0.8373477570245095,0.8255663034700989,0.8435110105594601,0.8545403213235455,0.6072356769281084,0.7604502711739276,0.8832783605113932,0.7842016865457022,0.8255663034700989,0.8312991926525373,0.8565016117177144,0.8223711273793308,0.7606662375525144,0.5141146489802544,0.6227657778225735,0.875643675264683,0.44077251697364717,0.16182023269413648,0.9520802448094923,0.8037270395310108,0.3269754805669107,0.8683603678683385,0.7995888971844622,0.23815247229655112,0.7985559379258668,0.7112039266467005,0.8223711273793306,0.2949529967877258,0.5934399322162962,0.30005597694172415,0.6811592415007195,0.8481893891495305,0.9696555372854516,0.6520013546009529,0.3373670861393133,0.3667527612838346,0.12707443206671742,0.8255663034700989,0.5664110721211724,0.7558635078409508,0.6010717730320898,0.837573780851538,0.8633929371948169,0.48214208415515003,0.8255663034700989,0.8255663034700989,0.7601602309409897,0.721549140037248,0.5672857883778404,0.8255663034700989,0.844884883524438,0.7088082646637948,0.7789915446322568,0.4272317186134509,0.45325433503714274,0.7670114436470583,0.8095598775579067,0.7696616986214537,0.1947116227918202,0.2927070783689134,0.8255663034700989,0.37929159760033926,0.5592742120839402,0.3079142716044867,0.36708802156163756,0.7273215467968717,0.9149477396689398,0.7284756911618844,0.29970163875272615,0.8255663034700989,0.13936231841843805,0.9885477621464545,0.9189027951264658,0.6098991276600059,0.8313727497886219,0.3181527656100458,0.6723507837332199,0.8255663034700989,0.6596732520952971,0.4678524787301961,0.8255663034700989,0.7998080513271797,0.6590349776997209,0.33372559759587683,0.13203911716446282,0.3208180858258449,0.8255663034700989,0.9289680977828445,0.6566222189854518,0.8161911606324614,0.9247233194846392,0.6794860393216102,0.6989741900926052,0.6851414951595661,0.6343260770217931,0.7284756911618842,0.7672749545603187,0.6256272652165835,0.7251809805428411,0.5080414089555898,0.7451480013300074,0.4465119154356114,0.8023957764536818,0.7387643482726471,0.9212573941667461,0.8255663034700989,0.7952728272746872,0.7762656146339606,0.7894938114010976,0.8686551999557846,0.9274448702638998,0.8143949648862083,0.8752512766368562,0.9585684659426885,0.8143949648862083,0.855709977588315,0.8837694824533626,0.8941722438873214,0.3965839353473304,0.6214718847964611,0.8565016117177144,0.48585867438091823,0.8633929371948172,0.9009798773214703,0.8669079534438844,0.7192043353367085,0.9905817887073167,0.8084196111143447,0.5938922668816418,0.7896457121471782,0.8523950123883868,0.769340811309779,0.7696616986214528,0.5451211045878457,0.9455639670686866,0.7892370840225034,0.9598263504967506,0.9031093509380597,0.9828275019633093,0.7718764896429605,0.8435974888234302,0.7632760406025192,0.8226170276080802,0.5560468060521218,0.6990058584664585,0.9763281206504475,0.768578643126405,0.5643620408223216,0.7541556887987558,0.7740239442028942,0.8260169386038558,0.13302295356207616,0.8185397776910757,0.530516633032402,0.7740239442028943,0.6847123286189161,0.7940801006393581,0.821513523693371,0.9905020986323625,0.4298061424393289,0.9343744264009455,0.7048021996778877,0.8565016117177142,0.7456164390316558,0.7404104818395637,0.8832783605113931,0.9039636639615829,0.9700048104132382,0.7079927759688771,0.875643675264683,0.891324167818474,0.5700448373719251,0.0,0.5007566208622269,0.6993688578599868,0.6993688578599868,0.4060710835948427,0.9116898131049112,0.8090036036042952,0.43878178110660415,0.8255663034700989,0.782798885204002,0.8255663034700989,0.8255663034700989,0.37755738686758167,0.7787746143035073,0.5542805018550545,0.8255663034700989,0.3455348001958032,0.4427672350036327,0.7658239172803158,0.9466650167097104,0.36416240163610647,0.5180947991191958,0.7597832479893651,0.6830150144410865,0.4502366061692441,0.8037270395310097,0.9673825936223546,0.8832783605113934,0.755863507840951,0.48732881600430633,0.5465817537637985,0.590878559935224,0.8299231483677989,0.8969692479811884,0.7149642451460545,0.7827988852040013,0.6343260770217933,0.7284756911618842,0.6322425511491887,0.7884981212068214,0.9061655271815768,0.7015598183926666,0.5067556809251764,0.8712386256286828,0.6773741544957326,0.7787746143035073,0.78485643925148,0.8373477570245095,0.8130447978830292,0.9814147385519717,0.8262422460562933,0.5227414296814472,0.4127708939189376,0.8756436752646829,0.5941905684294595,0.8090036036042958,0.7666471868744962,0.3674298615447926,0.7842016865457024,0.2579784947981836,0.5773180277941923,0.9375052465127016,0.1394195878549387,0.526093707586037,0.6658624837528401,0.2511695780563925,0.6714749919166259,0.7167004920102975,0.7628133389761936,0.8255663034700989,0.7387643482726471,0.8279445401335832,0.8255663034700993,0.44206900931043114,0.8130447978830277,0.8694444869495288,0.8518954019490219,0.3311601677530387,0.9913650736550722,0.3417403361510416,0.808419611114346,0.3304101231674368,0.8937129110881393,0.5556776634022047,0.8143949648862083,0.881919654427527,0.6075263851760387,0.8362885366467139,0.6691665684359989,0.5044017938374119,0.6033577361897642,0.28174994124569497,0.5447101483938792,0.9953860489906694,0.47215883509158574,0.27430959257924226,0.7424423180392208,0.8448848835244382,0.7831612898663216,0.8313727497886219,0.5113489814379804,0.7687776678823156,0.6482163504021006,0.8199117795876252,0.3202451390664288,0.2739725978801748,0.8607491670904541,0.599668834994535,0.9303855895559968,0.7407731353021307,0.7316189380227607,0.7517726831389293,0.7812020662531614,0.6117122824985226,0.8558044392370612,0.966351187508289,0.6803059996618337,0.84818938914953,0.7387643482726471,0.8991272068015781,0.8255663034700989,0.8387483275457036,0.3277547462339503,0.5016130209516716,0.7793506791433118,0.8255663034700989,0.690884758677818,0.32828884981316686,0.6773741544957325,0.9007792228676448,0.46587160120444304,0.6836690753379162,0.6524398606887298,0.9023041843620379,0.6489393187434334,0.8832366303054835,0.5142226073937322,0.6915612155827677,0.7494066097755414,0.6480362887173217,0.8095161731921927,0.8525261345371997,0.6278712506084914,0.8607491670904543,0.7940495782156358,0.965406946860512,0.8607491670904546,0.6637183802472113,0.9948109578214425,0.7379098541554265,0.7321661164680805,0.36767873618350677,0.8565016117177147,0.8255663034700994,0.8375914745592352,0.24215277350883735,0.3459983292836907,0.8481893891495305,0.8030296776830927,0.8358371380724523,0.8481893891495305,0.8199117795876252,0.7604294668232208,0.8255663034700989,0.8358371380724523,0.7876056996810665,0.8255663034700989,0.8315693355829885,0.8028604934981598,0.8565016117177141,0.7284756911618842,0.883278360511393,0.8313727497886217,0.8199117795876252,0.3453370158333531,0.5402501274516291,0.7787746143035075,0.45395821763815514,0.8255663034700989,0.48561592169355494,0.8835387453810291,0.7155673590494247,0.4414910175826091,0.7247419213860642,0.7604502711739276,0.7785180794266691,0.7835975850577379,0.9689177186710369,0.9039423420232767,0.7961130331386894,0.8605590472976901,0.9295596604051499,0.9867192886378975,0.7499155744656487,0.9058253998530241,0.9693856077784861,0.665851712184192,0.7594883020057135,0.9642260734712436,0.5240782483038047,0.8255663034700989,0.8834178016135845,0.4160604981069904,0.8633929371948169,0.38569979154304157,0.7079927759688767,0.9308831109853786,0.48722172141334086,0.8143949648862083,0.37006911039252044,0.34781554104610735,0.8255663034700989,0.8255663034700989,0.7799559451198717,0.838448851329773,0.8195615955997813,0.5938298413720475,0.5088978743907933,0.37393426881529557,0.32022499276332517,0.3752860654574116,0.637752086579098,0.48467041325496474,0.8255663034700989,0.675162897316761,0.7387643482726471,0.870604554931679,0.25311575489507954,0.7604502711739276,0.4201292265196127,0.8255663034700989,0.8255663034700989,0.27361937538405257,0.8834178016135845,0.40121883629458965,0.7451150219452463,0.35962563042766993,0.45676917575870846,0.7940495782156358,0.9598263504967506,0.47074036840359945,0.37424729733402584,0.8255663034700989,0.6847123286189156,0.3736078307015218,0.7785180794266688,0.8913241678184742,0.8275735956381751,0.8870975268247696,0.9661631577229417,0.6826927479724865,0.8313727497886215,0.4284178379735981,0.8255663034700989,0.4177390134874548,0.837573780851538,0.6712650546953512,0.5184277219840576,0.668075692953138,0.7985559379258664,0.6735193006459146,0.4355124046497063,0.8498860850829324,0.993283429723485,0.5410529714163742,0.8090036036042954,0.7719543387042518,0.8759433670341439,0.7871510112545167,0.4465674884866979,0.8435110105594603,0.8199117795876252,0.7363615591007792,0.8208795187224508,0.9689177186710369,0.8499130167531919,0.8706045549316792,0.9878647446745117,0.8706045549316792,0.8706045549316789,0.5622736352760915,0.7848564392514799,0.6432546318422064,0.8255663034700992,0.8084196111143449,0.6960216685928324,0.7884981212068212,0.4553456824925217,0.7509391102435883,0.8199117795876248,0.8643623784971989,0.6520216469621445,0.8613811475412915,0.5589945621319652,0.7752236369508324,0.6631697186960088,0.6059815030367703,0.8255663034700989,0.603680124945899,0.9710742509282574,0.4157133002350325,0.8633929371948168,0.8833614078696105,0.8204247348163198,0.7244001641427464,0.8255663034700989,0.32912912189312604,0.1394195878549387,0.7740239442028947,0.33325706004589606,0.4048224270297339,0.3576606640274096,0.7708970129778696,0.4278284569975742,0.829967357218506,0.8589024892570247,0.40757961955295585,0.8432867912937103,0.553480018147315,0.7839930876682066,0.7724233048431886,0.7379098541554263,0.9670553480088631,0.8645398857177835,0.4596980785706444,0.7001675451293321,0.1676952011055528,0.8546678929617308,0.8481893891495305,0.4576714951584373,0.2743095925792447,0.8149308998057938,0.23301060639503224,0.22503472656159274,0.8255663034700989,0.298685251549058,0.24461438072150443,0.7789915446322568,0.8255663034700989,0.4634574491914746,0.9081157632643155,0.7604502711739276,0.8023957764536818,0.8199117795876252,0.44120710681592135,0.7871510112545175,0.9610929114753992,0.8747404628543145,0.8499181663612341,0.7251809805428415,0.13092332016468022,0.8255663034700989,0.8368965861418608,0.8255663034700989,0.8565016117177142,0.5669211725931897,0.6028088441954378,0.870604554931679,0.7467992050554584,0.5712512020289511,0.673519300645915,0.6166079736517394,0.8255663034700989,0.5412131876597772,0.48794828921471967,0.7266836690057117,0.7783820630049112,0.8552355626501886,0.8030296776830927,0.9033843983847027,0.7381293032564042,0.7513468841607733,0.6321178590407162,0.2501118118590915,0.7513468841607733,0.6166079736517396,0.9077763399699055,0.37391981902054683,0.7513468841607733,0.870604554931679,0.8315369035271354,0.8313727497886219,0.5129605868107494,0.9538673439171337,0.7586888859466627,0.7155673590494245,0.6764193215259517,0.5520831465945917,0.8260169386038549,0.7049460767724753,0.7822366946669443,0.8481893891495299,0.8375914745592357,0.6200536025494634,0.738395651887128,0.5039380336414212,0.5713391367674845,0.7153372976892631,0.4922717521464639,0.9086928131696925,0.8613811475412915,0.7594883020057135,0.8322634876892627,0.7971064462875372,0.9868611138836498,0.8417508544114485,0.7596256475038398,0.8030296776830921,0.7494066097755416,0.8155740353315055,0.7679205415289068,0.8322987406627893,0.8526641533903581,0.7783820630049114,0.7125264993311025,0.9757129010111842,0.8203676340174391,0.7379098541554261,0.7805443212273049,0.5988680136121276,0.8349316633184514,0.6751628973167607,0.8947143771556489,0.949760262346304,0.7500776536612619,0.8397728114392753,0.7647208885946122,0.788493379373348,0.74628871958178,0.8892564970818366,0.8062601896950263,0.8740822964846133,0.8807676887206697,0.7453175825307348,0.9612998273971508,0.9965828312133491,0.8642377111452735,0.7594883020057126,0.7485096816739989,0.6256272652165842,0.7512025702894118,0.8525261345372004,0.899757723025441,0.5728653919028242,0.8523063736948728,0.8002583806705534,0.7452088586072336,0.5151497816897072,0.9011705215031269,0.5965786966525837,0.9145513562248582,0.5439593290350124,0.6459661731292861,0.782798885204002,0.6482163504021017,0.9517737658055094,0.8385348749320092,0.8633929371948168,0.7300396774425846,0.8565016117177141,0.8376706733493373,0.7494066097755414
p177_K,0.7746020215376277,0.9731591616434461,0.5406189632262,0.9867571667771594,0.9129151319089193,0.9906522225387779,0.9283054904865122,0.9032503426181779,0.8350911146232851,0.9317998283510545,0.8968972890562259,0.9100921482984174,0.9100921482984174,0.8671302399974952,0.9173047139984242,0.9295796011720648,0.9794586918044158,0.6007868637648364,0.9283593797331273,0.9317998283510545,0.428152337254069,0.8935549646868485,0.9744177842163373,0.9158139617897609,0.9694312576708428,0.8825384613814418,0.9819096433504797,0.8567411419143387,0.9317998283510542,0.8124591649474173,0.9314037608379151,0.9218739081138492,0.4568503701425657,0.9136461162131208,0.9129151319089193,0.9212407557319795,0.9158139617897609,0.9020120239820868,0.9354001807590557,0.8802615832433558,0.30340157591959305,0.8848449272091168,0.9354001807590555,0.8506944444444446,0.9046463136602703,0.5065672406919889,0.963445136187024,0.8293937334241628,0.8336913088833138,0.8144941163224848,0.9218739081138492,0.5961854270849496,0.8825384613814418,0.8994303857428689,0.9020120239820866,0.7776801287304262,0.8402814706191792,0.9129151319089186,0.9330752315686048,0.9865915329321682,0.8389311826932675,0.8790416600038077,0.8591242011916971,0.4965324132104434,0.6422760845816708,0.7731477167173626,0.9681346172628937,0.8124411652865868,0.675614686397205,0.9283593797331275,0.8650172641296272,0.7701252849114635,0.9129151319089193,0.702861537283304,0.9129151319089186,0.5237251223687855,0.9288942893494896,0.7423522107071021,0.7155741511552383,0.9354001807590553,0.8968972890562259,0.9873862869297434,0.8735911795315165,0.5684946965864792,0.9129151319089186,0.8587856401289515,0.894409087337305,0.901101391581294,0.9114886637930486,0.9100921482984174,0.9129151319089186,0.978220802103878,0.6340699050068417,0.830190024375091,0.8735911795315163,0.8293937334241627,0.9928508032386245,0.42815233725406865,0.6912143180784831,0.7076500699366255,0.7776801287304265,0.9187969445925777,0.9129151319089193,0.9559300548903742,0.8615221719562453,0.9283593797331273,0.8408651185851415,0.6525092113323518,0.8919625271106499,0.7626718293598129,0.9362589842996633,0.8848449272091168,0.7055635748763709,0.9214398579667288,0.9187969445925777,0.6284884479140203,0.936294773693158,0.9283593797331273,0.9906522225387782,0.7566520244083252,0.8506944444444444,0.9740627156988712,0.8919625271106499,0.8714160325350084,0.9882928699051271,0.9144150494825054,0.9977811431789546,0.7620678882226808,0.9100921482984174,0.85471160929002,0.7818545712935616,0.5900729478685116,0.9681346172628937,0.9354001807590553,0.7476687027337887,0.8607587109276196,0.8142262601285766,0.9218739081138492,0.9681346172628937,0.9073379150848064,0.5542157567283286,0.9317998283510545,0.9488168385780463,0.7601021763288583,0.9904193773232917,0.8467285647384584,0.8163372768230481,0.7292460846401609,0.880261583243356,0.5857483407040629,0.9842981000157078,0.8389311826932679,0.8916526157365259,0.572075499817388,0.968134617262894,0.8802615832433556,0.9686468384763355,0.6883457889375775,0.754843289674334,0.9814541697743224,0.814699584636641,0.9634451361870242,0.9539851747197043,0.6609229261184333,0.5574270398397261,0.8675688463045337,0.8828277077958362,0.7379459598240059,0.8527373988292303,0.7347840386159992,0.9840203145777717,0.9915134859542967,0.940613832770187,0.9013339689706412,0.906874141867771,0.9086244703991823,0.9283593797331275,0.8615221719562451,0.9659676376416985,0.8144629289295926,0.9660146950052018,0.8768521544497094,0.8402814706191788,0.9100921482984174,0.8384290189930361,0.906874141867771,0.7965076305047352,0.8312850681847443,0.899430385742869,0.8692627884605635,0.9073379150848058,0.8848720914219106,0.6765880129990257,0.6395776523639873,0.8389311826932679,0.9129151319089186,0.9158139617897609,0.9073379150848058,0.8293937334241626,0.583672056565633,0.8375257920528889,0.9100921482984174,0.9129151319089186,0.5232524805914698,0.783703049002489,0.9317998283510545,0.9129151319089186,0.7706831194209965,0.8547116092900202,0.8053414778755117,0.7548432896743336,0.6611255003569643,0.7235118322501259,0.9129151319089186,0.7530325774491325,0.9129151319089183,0.7868943138191669,0.6306063445363551,0.6402885517491894,0.9129151319089186,0.9762858360354825,0.9129151319089186,0.6246449148705138,0.9429458273997116,0.8567411419143387,0.4683536654187622,0.724017522651851,0.6077176009905649,0.9073379150848064,0.8895546908938254,0.894409087337305,0.8321276113879524,0.968511711394582,0.8290806264691638,0.9681346172628937,0.827509656271578,0.9271092418435962,0.6976274526854798,0.9620343585760149,0.8547116092900202,0.85471160929002,0.9046463136602703,0.9963042729622744,0.9073379150848058,0.9129151319089186,0.8331840572920641,0.9129151319089186,0.8372920340696903,0.8547116092900202,0.9218739081138492,0.8757895304704919,0.6077176009905649,0.9158139617897609,0.8526962823400324,0.9612656347199036,0.9553971960870309,0.8505773607781033,0.762067888222681,0.9187969445925777,0.9900226754040431,0.5510835408059644,0.7329418331446738,0.9100921482984174,0.9250566218612026,0.6962086670831449,0.9354001807590557,0.9210622922226803,0.939859688822891,0.983336733652999,0.8470580936410483,0.9760120445211358,0.9218739081138494,0.7402897006833382,0.6525092113323518,0.781160289589143,0.9283593797331273,0.7066939496814981,0.9066913327779602,0.7120037031799051,0.8312850681847448,0.9283593797331273,0.7062721505681437,0.7545453217492524,0.9250566218612026,0.50325525252997,0.8698670921968825,0.9187969445925777,0.7445151367252081,0.6691849049562806,0.9865915329321684,0.7686657142462978,0.9919066722185296,0.5676970212255135,0.9283593797331275,0.8173967953659838,0.7512197371508631,0.4402653413771954,0.7329418331446735,0.9713740439102772,0.7938063224994615,0.9926063688129417,0.9073379150848058,0.9218739081138494,0.6609229261184333,0.849600752114394,0.9026102890296365,0.48407817703813205,0.8567411419143385,0.5835271437412963,0.8447632757824064,0.801704945212492,0.8945982999243993,0.9954238473307006,0.9611153577893399,0.9707659759785848,0.9107053566549849,0.8350911146232853,0.9842981000157078,0.9136461162131204,0.8547116092900202,0.7915527100495825,0.9187969445925777,0.9129151319089186,0.9218739081138492,0.8331840572920641,0.8268320340133396,0.9283593797331273,0.9250566218612026,0.9100921482984174,0.9129151319089186,0.8919625271106497,0.9283593797331275,0.9354001807590553,0.9173047139984242,0.65518887166785,0.8122070398100222,0.9218739081138494,0.7142909296203641,0.49095644159599094,0.8919625271106497,0.902012023982087,0.6812276035403892,0.9187969445925777,0.8608459111363296,0.537314557579935,0.8994303857428689,0.8467285647384584,0.8435916521220533,0.5981132895673689,0.9136461162131204,0.619392672389655,0.9819096433504795,0.9100921482984174,0.8650172641296274,0.7516471430648395,0.6691849049562806,0.6712280407981739,0.5195321457429656,0.9129151319089186,0.7494046193044608,0.8587856401289513,0.8804128634093101,0.8587856401289513,0.9317998283510545,0.7347840386159992,0.9129151319089186,0.9129151319089186,0.880261583243356,0.8350911146232851,0.9816382885136016,0.9129151319089183,0.9317998283510542,0.7100124523304276,0.8698670921968827,0.4622253177841288,0.6395776523639873,0.9194971277530125,0.8643444939088063,0.8944090873373052,0.4808572635671766,0.545868948440642,0.9129151319089186,0.46316960287717335,0.8951378474826465,0.6170856233738238,0.6216862389825764,0.8692627884605635,0.9630464085222383,0.7240175226518513,0.6503806797262628,0.9129151319089186,0.5703323356339189,0.8825384613814424,0.8784140617693388,0.5997787809939921,0.9158139617897607,0.4842580788562727,0.9020120239820866,0.9129151319089186,0.8218972369091531,0.6650721558487989,0.9129151319089186,0.8692627884605635,0.648241722457706,0.44855624578088016,0.5285401012915033,0.6609229261184333,0.9129151319089186,0.9648623308386057,0.7530325774491327,0.9787950906816582,0.9218972445451927,0.8767913701401919,0.8408651185851412,0.8428089760931947,0.8708147961381951,0.9187969445925777,0.9215056404872428,0.8053414778755119,0.9575684533387441,0.7475870754443055,0.9733785323820159,0.5140069686093862,0.8895546908938259,0.9218739081138492,0.8591242011916973,0.9129151319089186,0.9283593797331273,0.6786346998639672,0.8255989118598897,0.8968972890562259,0.8757895304704917,0.9073379150848064,0.9294065408775738,0.9158139617897607,0.9073379150848064,0.9948775608727723,0.9129151319089193,0.9531120624559779,0.5602942137311918,0.9408944897829009,0.9283593797331273,0.7366226559312068,0.9317998283510542,0.8994303857428698,0.9235615721162849,0.6950574004893859,0.9297484119999462,0.8582070849903312,0.6736310643751693,0.8567411419143385,0.860557467783293,0.8848449272091168,0.5048223933977978,0.7470157147931082,0.9187969445925774,0.7445151367252081,0.9552181517762153,0.8477278138591386,0.8871829502996262,0.8999337202556468,0.8968972890562261,0.8714160325350089,0.9158719108488642,0.9945158320988027,0.8621000637917939,0.9408270269593112,0.8826927957255886,0.8897648306439205,0.8671302399974954,0.8871829502996262,0.8895546908938257,0.5225616133343316,0.8968972890562259,0.5888519595513033,0.8871829502996262,0.9816226255653286,0.8084656997877224,0.9187969445925777,0.7837192346502134,0.5472343838118585,0.8866580033473876,0.827509656271578,0.9283593797331275,0.9512759396950607,0.8144941163224848,0.9250566218612026,0.9227068486607595,0.9046463136602705,0.9432779785053751,0.9218739081138494,0.9283593797331273,0.8714160325350082,0.5007566208622269,0.0,0.9100921482984174,0.9100921482984174,0.69706718123827,0.968466004603354,0.9046463136602703,0.8646114940903056,0.9129151319089186,0.9250566218612029,0.9129151319089186,0.9129151319089186,0.6892496465004252,0.8895546908938259,0.8854576196318016,0.9129151319089186,0.6732625821216734,0.7218052314369272,0.8547116092900202,0.9242227583786287,0.46316960287717335,0.6604899360297387,0.9844340450191611,0.8331840572920644,0.7255342655376826,0.9020120239820868,0.9933785021977786,0.9250566218612026,0.8587856401289504,0.6553410317673196,0.7530325774491324,0.8886330542533649,0.9020120239820868,0.907337915084806,0.9195042424677671,0.9250566218612026,0.965364939815934,0.9187969445925777,0.9517276842634255,0.894409087337305,0.8848449272091166,0.7363696156591222,0.7596990727930286,0.8692627884605635,0.8389311826932675,0.8895546908938254,0.8629228138935252,0.9187969445925777,0.8944090873373047,0.9158139617897607,0.8526962823400321,0.7548432896743342,0.4750476241553524,0.9218739081138492,0.45057290501065517,0.9046463136602705,0.6756146863972052,0.5975827130664328,0.9100921482984174,0.6170856233738238,0.6702897844030606,0.9354001807590553,0.5514558178141913,0.7366226559312066,0.8331840572920641,0.5569539287051279,0.9297484119999462,0.8408651185851412,0.9075385177366504,0.9129151319089186,0.9218739081138492,0.8567411419143387,0.9129151319089193,0.4328666479562866,0.8944090873373052,0.907337915084806,0.8735911795315163,0.6340699050068414,0.8895546908938254,0.6650721558487986,0.6482139983317168,0.7404966410612803,0.8968972890562259,0.7915603300043799,0.9073379150848064,0.9020120239820866,0.8059974702523061,0.9365444918623458,0.8122070398100221,0.602946063050017,0.7944632140701549,0.5766792081631767,0.7656713965420971,0.8890344077176484,0.7479563121220592,0.4932465577428634,0.8714160325350082,0.9317998283510545,0.7615219348430811,0.9158139617897609,0.7635490440873435,0.8331840572920641,0.8163372768230484,0.9100921482984174,0.645196687931977,0.5667669310817389,0.9354001807590553,0.7926580006064992,0.9187969445925774,0.9182354541235611,0.9670171466267896,0.5898654384235149,0.8802930913798732,0.9786146467077251,0.8919625271106497,0.7189699176485156,0.4176767604940963,0.9100921482984174,0.9218739081138492,0.9354001807590553,0.9129151319089186,0.8608459111363298,0.3937266104341204,0.6691849049562806,0.9199593300484505,0.9129151319089183,0.8439016375103878,0.5410315196779827,0.8389311826932677,0.8698670921968827,0.5177561869945884,0.9296524949745055,0.7962702979293608,0.7949230914297676,0.7849379117223527,0.9333402901321926,0.7634593162933845,0.7295296440704964,0.9731307655897723,0.8331840572920644,0.8402814706191792,0.9187969445925777,0.8997897429930031,0.9354001807590557,0.8757895304704919,0.9073379150848058,0.9354001807590553,0.7319257347542492,0.996784825341061,0.912915131908919,0.5824023780379202,0.4461506171135582,0.9283593797331273,0.912915131908919,0.894409087337305,0.602946063050017,0.6609229261184333,0.9100921482984174,0.9856046735880616,0.9046463136602703,0.9100921482984174,0.9100921482984174,0.8608459111363296,0.9129151319089186,0.9046463136602703,0.8408651185851415,0.9129151319089186,0.9792126008602176,0.927109241843596,0.9283593797331273,0.9187969445925777,0.9250566218612026,0.9158139617897607,0.9100921482984174,0.6993830442659581,0.756652024408325,0.8895546908938257,0.7273922554232584,0.9129151319089186,0.8273725777675058,0.9187969445925777,0.6786025909698653,0.7182581679575235,0.997277740803197,0.9283593797331275,0.9158139617897609,0.8919625271106499,0.8547116092900202,0.8919625271106499,0.912915131908919,0.9638221193864545,0.8650172641296272,0.9613976249893681,0.72367197193027,0.9227274608254379,0.9283593797331273,0.8654743208692396,0.9187969445925777,0.8663852957887839,0.748366960676881,0.9129151319089186,0.9129151319089193,0.5232744176293109,0.9317998283510545,0.5391093050148701,0.9432779785053749,0.9948775608727722,0.6990049314628051,0.9073379150848064,0.6417603118618722,0.630730468147201,0.9129151319089186,0.9129151319089186,0.8526962823400319,0.8790416600038077,0.8331840572920641,0.7150069951375118,0.7347840386159992,0.5285401012915035,0.6273177404042978,0.6567357718457525,0.8196796534592368,0.6793163393559278,0.9129151319089186,0.8293937334241626,0.9218739081138492,0.9354001807590557,0.4842580788562726,0.9283593797331273,0.7105033555844167,0.9129151319089186,0.9129151319089186,0.6124300866805608,0.9129151319089193,0.626233890496497,0.9995729386747717,0.530031285542155,0.4482497038877309,0.8757895304704921,0.924075074917003,0.7161768939012267,0.592539216077661,0.9129151319089183,0.8725121154688947,0.6872778567339877,0.9158139617897609,0.9283593797331275,0.8500703711925581,0.7097323692976341,0.8467285647384584,0.8903630909051252,0.9158139617897609,0.5617953393624233,0.9129151319089186,0.7028615372833038,0.8866580033473874,0.827509656271578,0.9242832436408466,0.6591176984607721,0.8994303857428698,0.8370066724312022,0.955340025889333,0.9250566218612026,0.6884484281698251,0.7638702445459515,0.9046463136602703,0.9317998283510542,0.9547977959327028,0.882538461381442,0.7890282687338996,0.9218739081138492,0.9100921482984174,0.7872515090888956,0.8780124908814337,0.9543449980412201,0.8650172641296272,0.9354001807590553,0.8547116092900202,0.9354001807590555,0.9354001807590553,0.9445687632236156,0.8629228138935252,0.8218972369091531,0.9129151319089193,0.9842981000157078,0.964233614012131,0.8944090873373052,0.9686553190034556,0.49456434695876395,0.9100921482984174,0.8780124908814335,0.8181853125685237,0.9158139617897609,0.6239665655944274,0.8587856401289511,0.9698073602563059,0.9848431544833232,0.9129151319089186,0.978220802103878,0.9548120669934363,0.7656873744226764,0.9317998283510545,0.8848449272091168,0.8871829502996262,0.9708640661864649,0.9129151319089186,0.6650721558487989,0.5514558178141913,0.8871829502996262,0.6671330016410588,0.7028615372833038,0.6793163393559276,0.9218739081138492,0.6951229309490201,0.7540439076853509,0.569628170850116,0.6684251158990802,0.9235615721162846,0.9610888118532634,0.9354001807590553,0.8895546908938252,0.9548120669934363,0.8496007521143938,0.9290403448410905,0.7236719719302702,0.8331840572920641,0.5401898378251593,0.9129151319089188,0.9100921482984174,0.7292460846401612,0.39261337476523495,0.8455347728285878,0.6170856233738238,0.5935964830627634,0.9129151319089186,0.6373835523155167,0.3628368310470502,0.8671302399974954,0.9129151319089186,0.7255342655376829,0.9020120239820866,0.9283593797331273,0.8895546908938259,0.9100921482984174,0.606888167955791,0.8825384613814423,0.8237617667988895,0.8780124908814335,0.8225087003684657,0.8383902593265006,0.5344148334352732,0.9129151319089186,0.8757895304704919,0.9129151319089186,0.9283593797331273,0.8533689485747917,0.8017049452124922,0.9354001807590557,0.8735911795315159,0.7228023016814441,0.8370066724312031,0.8698670921968827,0.9129151319089186,0.7123997985958992,0.6931720278588798,0.9586112761809462,0.8586391901019118,0.6270134677519212,0.8930832552899729,0.6186882768902868,0.8692627884605635,0.8567411419143387,0.8163372768230484,0.5755450117656316,0.8567411419143387,0.7529770176166067,0.9218739081138494,0.4402653413771954,0.8567411419143387,0.9354001807590557,0.8268320340133396,0.9158139617897607,0.951821158435468,0.9100921482984174,0.8692627884605635,0.9458114886501783,0.8375257920528889,0.8179568604206776,0.8895546908938252,0.8526962823400313,0.880261583243356,0.9100921482984174,0.894409087337305,0.7321004385272021,0.8671302399974954,0.43359458388832206,0.8082779126214179,0.8487054187055112,0.41059199447512573,0.9926063688129417,0.9158139617897609,0.9919066722185295,0.8557890797823082,0.9252304715640319,0.8757895304704919,0.937475450071793,0.8537135759033196,0.9218739081138494,0.9250566218612029,0.8468947173358046,0.8735911795315157,0.8805820839258833,0.8587856401289513,0.9486207825562716,0.8064656364224132,0.8919625271106497,0.8692627884605635,0.9967090020779534,0.7766669967137934,0.6081033886602274,0.8506944444444446,0.8537135759033196,0.6934936854097031,0.9731307655897723,0.9418346127944393,0.8510567798453821,0.8825384613814418,0.7476687027337887,0.8735911795315161,0.8516510109329343,0.8427624161776408,0.7274255959641017,0.8968972890562259,0.8097914338654848,0.950802817126357,0.9539283793844544,0.7505602006006631,0.724017522651851,0.9977811431789546,0.8053414778755115,0.8757895304704915,0.9187969445925777,0.9107162866427774,0.7656713965420967,0.7937627339524103,0.8549012313731066,0.9469647240084871,0.7123997985958992,0.9539851747197046,0.5494626663625997,0.9187969445925777,0.7584589334404308,0.8871829502996262,0.9250566218612029,0.8163372768230484,0.8848449272091166,0.959016409305403,0.9317998283510545,0.89248794072071,0.9283593797331273,0.7996521871176263,0.9250566218612029
p177_Q,0.7881804803953936,0.9394396415413291,0.6205786567951309,0.9464802705130722,0.9475597985845114,0.9547434413197934,0.9073419084704222,0.8720021697125764,0.9006962362816697,0.9589316626844855,0.4576629560515961,0.9458598726114651,0.9458598726114653,0.9909903972974269,0.947638609469398,0.9494402015988874,0.9397362273534058,0.9292677720165115,0.9667798280829099,0.9589316626844853,0.9523926900665716,0.41766115597307363,0.9629124330159163,0.9848910203339206,0.43170530487390835,0.9292677720165115,0.9397362273534058,0.913733309388403,0.9589316626844853,0.8775187083448659,0.9682551375725408,0.9765837058865926,0.9409942357230061,0.9591402541866407,0.9475597985845114,0.9667798280829099,0.3268551954033594,0.9984380827103148,0.9610996995613954,0.9763068251524243,0.9935567820366138,0.9306566646589698,0.9610996995613952,0.9100921482984174,0.9425805352069325,0.9805805193690228,0.3008360691103116,0.8972654241994793,0.44277162858479524,0.8882932693469463,0.9529545363721539,0.9632821921359429,0.9292677720165115,0.9394396415413289,0.9409942357230057,0.9265423524364669,0.9781067403340057,0.9475597985845114,0.8129359457645986,0.33151024693052855,0.9030086235821648,0.8827190623870714,0.9784534179462063,0.9329016612088761,0.8986811553763572,0.8469812896824731,0.9529545363721539,0.8814453850912114,0.8269500269913627,0.9568599156354454,0.9626788706813354,0.9763068251524243,0.9475597985845114,0.8210710864618278,0.9475597985845114,0.7084467244483662,0.9902428565647541,0.9379142777971525,0.872341380095484,0.9610996995613954,0.9379142777971528,0.9661859802146439,0.9701956444682693,0.9292677720165115,0.9475597985845114,0.9574180966633072,0.9559302354841394,0.798315321686256,0.6476118242704891,0.9458598726114653,0.9475597985845114,0.9363038471323669,0.9682884753552108,0.8501911138182774,0.9238799558250632,0.8972654241994794,0.9752897522032938,0.7050416667167997,0.8140574394939937,0.8128743662973859,0.9304312867192419,0.9808926695348984,0.9886251033694344,0.94452108102384,0.6896518751097511,0.2031772652664633,0.5905047898497244,0.7907502491856577,0.9349426948340505,0.851799668828326,0.9985319536978545,0.9306566646589698,0.828496900914719,0.5395360360104285,0.3008360691103116,0.8036808729078326,0.9394396415413291,0.9568599156354451,0.9610996995613952,0.8534622933489195,0.9100921482984174,0.9828055746328198,0.9877220281917203,0.9682551375725406,0.9292677720165115,0.8024296354399558,0.3268551954033594,0.8567235831170403,0.9458598726114651,0.9125111785873636,0.8686385996787727,0.9511016704226432,0.9529545363721539,0.9610996995613952,0.9397362273534059,0.9869718167572021,0.8751441387186418,0.906121948145339,0.27196612847404966,0.9442013463068035,0.7592148952360362,0.2414436519369626,0.8469812896824731,0.9630657379783198,0.9181361257449083,0.9077040005624186,0.9600059685838345,0.8369591621743948,0.9278966962971924,0.9476060911812569,0.9589316626844853,0.9030086235821642,0.756603092681495,0.9436711479582613,0.9765837058865926,0.9278966962971926,0.998919560987179,0.9524187417251317,0.8148036802053529,0.9833173134830338,0.883906882171164,0.9808926695348984,0.9661859802146439,0.7958167654209829,0.7073594800067693,0.9602919497626032,0.8567235831170403,0.6626197766413197,0.9701956444682691,0.8402939714046158,0.9199893491338638,0.37204945672536494,0.9265423524364671,0.8952068872907202,0.7611474695143752,0.9721446121872523,0.9568599156354451,0.8664736771305537,0.9956693794948598,0.8827817928509321,0.949209851380796,0.9194335589833611,0.9742178060512305,0.9458598726114651,0.8545503661181639,0.7311663593168997,0.8838152225738931,0.8984043359066816,0.9394396415413288,0.9212735133449717,0.9442013463068035,0.938608053802739,0.7613939574149713,0.8104036875498974,0.9030086235821646,0.9475597985845114,0.9493053971730236,0.9954412864629741,0.8972654241994793,0.7386025087668817,0.8882932693469463,0.9458598726114651,0.9475597985845114,0.695360570337104,0.8378441682761695,0.9589316626844855,0.9475597985845114,0.8565847204007372,0.9125111785873636,0.8827817928509321,0.8523731211903476,0.9782914706820045,0.992131884600974,0.9475597985845114,0.8512827582389366,0.9475597985845114,0.8048420844615622,0.9203844272957435,0.9452020541634227,0.9475597985845114,0.7447512573177528,0.9475597985845114,0.8373126200526004,0.97921403722495,0.955724889671401,0.6745830696910684,0.9128870094924401,0.763777927592534,0.9442013463068035,0.444938396233988,0.9364159486136476,0.9800894053211886,0.7855851230478148,0.9979245843396389,0.9765837058865925,0.8961308828316201,0.8871861256568154,0.9371605937136991,0.9611199907943124,0.6304632851667109,0.9125111785873636,0.9425805352069323,0.9489284627486735,0.9442013463068035,0.9475597985845114,0.8995478568587885,0.9475597985845114,0.914287647843476,0.9125111785873636,0.9529545363721539,0.9252037445446055,0.7637779275925342,0.9493053971730236,0.9112976020672166,0.48448463823157784,0.9693912346228278,0.9379142777971528,0.8567235831170403,0.9511016704226434,0.9414245688249915,0.8675560447816315,0.8391846440543806,0.9458598726114653,0.9548710823073732,0.9654828892636078,0.9610996995613954,0.8565847204007375,0.8857348707173552,0.9306566646589698,0.8981789948276746,0.9679447586372025,0.9529545363721539,0.8436093353026792,0.9064364190516154,0.8732870395909531,0.2031772652664633,0.8233788637195054,0.9935398813830463,0.9829392900173883,0.9357274933038937,0.2031772652664633,0.8469075946240916,0.8080982554965415,0.971905036534492,0.9315076677030101,0.9909903972974269,0.9808926695348984,0.9162050927129204,0.8007919102864962,0.3315102469305289,0.9511016704226434,0.9511016704226432,0.7396785942680704,0.9667798280829097,0.877412586111531,0.8501911138182772,0.6779115676755018,0.8684479111340948,0.9667798280829099,0.9248100053233803,0.9752830459923437,0.9954412864629741,0.9765837058865926,0.7958167654209829,0.8950004825334388,0.9128870094924401,0.9278966962971926,0.913733309388403,0.7719348185375804,0.9460879419108781,0.8805919691825623,0.9782389927515258,0.8024296354399558,0.8302218952289886,0.9715061668420866,0.9611058687776597,0.938608053802739,0.9589316626844853,0.6115081310761583,0.9125111785873636,0.9460879419108781,0.9511016704226432,0.9475597985845114,0.9529545363721537,0.9371605937136991,0.9231752901944043,0.2031772652664633,0.9548710823073729,0.9458598726114651,0.9475597985845114,0.48448463823157806,0.9568599156354454,0.9610996995613952,0.6130806925538255,0.759586201474016,0.9661859802146437,0.9529545363721539,0.8279535638583031,0.693467449430547,0.9349426948340502,0.9409942357230061,0.9811263152899272,0.9511016704226434,0.9162050927129206,0.7213830792377609,0.9394396415413286,0.9077040005624184,0.9610996995613952,0.7579944655912745,0.9549894228659185,0.7708083464141855,0.41016165887493017,0.9458598726114653,0.9187169710212715,0.9828055746328198,0.8007919102864962,0.8020222325849227,0.7106749817367282,0.9475597985845114,0.8490980979184484,0.9149644520716045,0.9956693794948599,0.6180454574196635,0.9589316626844853,0.8402939714046158,0.9475597985845114,0.9475597985845114,0.9278966962971924,0.9006962362816695,0.9627406061213513,0.9475597985845114,0.9589316626844853,0.9248100053233801,0.9909903972974268,0.6348564769246126,0.8104036875498974,0.9475597985845114,0.9434749274016663,0.9364159486136476,0.7159624173525005,0.7542662751466702,0.9475597985845114,0.6913940650595853,0.9602919497626031,0.7694191025912618,0.7995697492352158,0.5828041027260324,0.9601230337775248,0.9511016704226434,0.7894685038194518,0.9475597985845114,0.7412655108174009,0.9292677720165115,0.7800315783608647,0.9384125976184869,0.9493053971730236,0.7179570104282762,0.9409942357230059,0.9475597985845114,0.8927512325175624,0.8259696831286129,0.9475597985845114,0.9663573664294256,0.8156754847048542,0.7261828994531658,0.7160993340227431,0.7958167654209827,0.9475597985845114,0.8543303047475095,0.8814453850912114,0.9719050365344921,0.7357805191924036,0.7719348185375803,0.9041731885624826,0.9053437280773233,0.9992385990138162,0.3008360691103116,0.8950004825334386,0.8827817928509321,0.9629124330159164,0.8480036211373803,0.966048032727588,0.6896518751097503,0.9334927596276981,0.27196612847404966,0.972360936124099,0.9475597985845114,0.9568599156354454,0.8984043359066813,0.946148752393231,0.9379142777971528,0.5110567361597038,0.9442013463068035,0.8471194302015487,0.9493053971730236,0.9442013463068035,0.9379142777971528,0.9475597985845114,0.9394396415413291,0.6977852960240571,0.947656493634052,0.9568599156354454,0.8414011380622555,0.9589316626844853,0.9394396415413291,0.9852901633058908,0.8744017771614347,0.9902428565647541,0.9611058687776597,0.8483444288530015,0.913733309388403,0.9233738460510836,0.9306566646589698,0.9364159486136476,0.6490993008822845,0.9511016704226434,0.9591402541866407,0.9696724395861309,0.7365072786124034,0.9829392900173883,0.8961308828316212,0.937914277797153,0.9225701399051969,0.9796798986207558,0.7652011593459804,0.9834876612102484,0.9985778460732366,0.8359821349656569,0.65955701038546,0.9199893491338638,0.9320645602494204,0.9334927596276981,0.7124992468950191,0.937914277797153,0.7953965029329042,0.9320645602494204,0.5889155091443545,0.8009165455847473,0.9808926695348984,0.8989651095456503,0.7895402867434264,0.9576746141532875,0.896130882831621,0.9568599156354451,0.7492027476456944,0.8882932693469463,0.9548710823073732,0.955724889671401,0.9985778460732367,0.9985778460732367,0.9529545363721539,0.9568599156354451,0.9225701399051964,0.6993688578599868,0.9100921482984174,0.0,0.9458598726114653,0.81758187869548,0.9430441133000049,0.9425805352069325,0.9732611332238879,0.9475597985845114,0.23966622495314915,0.9475597985845114,0.9475597985845114,0.8128743662973859,0.9334927596276981,0.9979245843396387,0.9475597985845114,0.8032473794919713,0.832478477421303,0.9125111785873636,0.9675777183531311,0.6913940650595857,0.7852568210654849,0.9765198713238088,0.8995478568587887,0.8347240030058896,0.9409942357230059,0.9168460830759904,0.9548710823073729,0.9149644520716045,0.79818562441379,0.8512827582389366,0.529209888086674,0.9409942357230059,0.9442013463068035,0.8113297410955862,0.9719050365344921,0.6392047041184115,0.3008360691103116,0.9916066523038791,0.9364159486136476,0.9306566646589698,0.9629124330159166,0.8436093353026795,0.5377202496415783,0.9030086235821646,0.9334927596276981,0.9174557485535395,0.9511016704226434,0.9364159486136476,0.9848910203339206,0.5952487220378024,0.8523731211903478,0.9506887194977824,0.9529545363721539,0.9733997388646385,0.942580535206933,0.8718669176910223,0.6633752259897874,0.992131884600974,0.769419102591262,0.9701956444682691,0.9547434413197933,0.7298985716672579,0.8414011380622555,0.8995478568587885,0.7332093884468581,0.9902428565647541,0.9041731885624824,0.9784419914278069,0.9475597985845114,0.27196612847404966,0.9137333093884032,0.9475597985845114,0.9486909276320883,0.9364159486136476,0.9442013463068035,0.4740160918132543,0.7179570104282758,0.9334927596276981,0.798315321686256,0.9611058687776598,0.7734367193080798,0.9379142777971528,0.8621439532920854,0.9442013463068035,0.9984380827103148,0.8164111026582044,0.9628454933455662,0.9829392900173883,0.8156731917344942,0.8762311904614675,0.723114496859336,0.8588935204002319,0.9591402541866407,0.8541959247310249,0.6834396943077203,0.9225701399051967,0.9611058687776597,0.9594986384506096,0.9493053971730236,0.7903427454253444,0.8995478568587885,0.8894031717904967,0.9458598726114653,0.7428407227861751,0.7283067247549968,0.9610996995613952,0.8751441387186418,0.9511016704226434,0.9574180966633072,0.5823677272156199,0.9306566646589698,0.9357274933038939,0.5292098880866742,0.9349426948340502,0.93150766770301,0.9928618019927207,0.9458598726114651,0.20150437073279592,0.9610996995613954,0.9475597985845114,0.9162050927129202,0.9543445692038612,0.8944531928030557,0.9522319435190597,0.9475597985845114,0.9130169552876022,0.959911486148697,0.9030086235821644,0.9909903972974269,0.644361953465493,0.9935349994593583,0.8773193685069602,0.8886196574399359,0.9338613756314729,0.9800894053211886,0.845809930023645,0.9220520382689479,0.23966622495314915,0.6114865640273738,0.9781067403340057,0.9511016704226434,0.9212977173232095,0.9610996995613952,0.9252037445446055,0.9954412864629741,0.9610996995613952,0.995589441680881,0.9742178060512305,0.9248100053233803,0.8952068872907202,0.6813749902313893,0.9568599156354454,0.9475597985845114,0.9364159486136476,0.7609046338028223,0.7958167654209829,0.9458598726114653,0.9765837058865926,0.9425805352069325,0.9458598726114653,0.9458598726114653,0.9162050927129204,0.9475597985845114,0.9425805352069325,0.9041731885624824,0.9475597985845114,0.9829392900173883,0.9917838634932132,0.9568599156354451,0.3008360691103116,0.9548710823073732,0.9493053971730236,0.9458598726114653,0.7428407227861752,0.8534622933489195,0.9334927596276981,0.8358428353123899,0.9475597985845114,0.9819150380375274,0.9128870094924402,0.9829392900173883,0.7868860602652394,0.5456735884562393,0.9568599156354451,0.9848910203339206,0.9349426948340505,0.9125111785873636,0.9877220281917205,0.35047412290888946,0.9125111785873636,0.9626788706813354,0.9860598647601154,0.8481973108811269,0.9928618019927207,0.9568599156354454,0.926872917137112,0.3008360691103116,0.9430441133000049,0.836959162174395,0.9475597985845114,0.9886251033694342,0.6881140442078968,0.9589316626844855,0.9943316507196172,0.41016165887492995,0.9379142777971528,0.8187487405659171,0.9442013463068035,0.784277546572877,0.7776356667761062,0.9475597985845114,0.9475597985845114,0.9112976020672163,0.7464801480843222,0.9747733305686097,0.9102728072442623,0.8402939714046158,0.9768055011456489,0.7304083101495109,0.7932953720006317,0.9693318146530956,0.8068927917851012,0.9475597985845114,0.8972654241994793,0.27196612847404966,0.9610996995613954,0.9968116130112574,0.2031772652664633,0.8256727870749785,0.9475597985845114,0.9475597985845114,0.7666156616807633,0.9886251033694344,0.8023172297371288,0.41766115597307374,0.9733997388646385,0.9696724395861314,0.9252037445446055,0.662619776641319,0.8290892416048379,0.9647078057654586,0.9475597985845114,0.9212977173232094,0.8116870067162374,0.3268551954033594,0.9568599156354451,0.8827817928509321,0.8574861691184736,0.9476386094693983,0.9576746141532875,0.9493053971730236,0.7495800737341175,0.9475597985845114,0.8210710864618278,0.9576746141532875,0.8961308828316215,0.6517956998838056,0.9232500268303594,0.9394396415413291,0.9018497344665104,0.6712041389219499,0.9548710823073732,0.8643090749973128,0.8578089143655878,0.9425805352069323,0.9589316626844853,0.9199893491338638,0.9292677720165115,0.8068927917851012,0.9529545363721539,0.9458598726114653,0.7717677348931042,0.9265423524364669,0.9540589546097202,0.9187169710212715,0.9610996995613954,0.995606730632077,0.9610996995613954,0.9610996995613952,0.6490993008822843,0.9174557485535395,0.8927512325175624,0.9475597985845114,0.9589316626844853,0.47148806392417986,0.9364159486136476,0.7159624173525005,0.9409942357230063,0.9458598726114651,0.9265423524364669,0.8905160099774294,0.9493053971730236,0.9252103075978377,0.9149644520716045,0.81758187869548,0.7945589785686391,0.9475597985845114,0.9713844238365043,0.9886251033694343,0.7829632068236254,0.9589316626844855,0.9306566646589698,0.9320645602494202,0.7566030926814948,0.9475597985845114,0.7983153216862562,0.7298985716672577,0.9320645602494204,0.7995563084478072,0.8210710864618278,0.8068927917851012,0.27196612847404966,0.8164111026582044,0.8076791997491752,0.8825936825451486,0.7348453828730821,0.9852901633058908,0.7240362936394948,0.9547434413197933,0.9852901633058908,0.9886251033694343,0.6669132954317083,0.9752830459923438,0.8336025791120698,0.8995478568587887,0.7231144968593359,0.9475597985845114,0.9458598726114653,0.836959162174395,0.9899975093578801,0.675208093607953,0.769419102591262,0.7444044463437749,0.9475597985845114,0.7816419778777748,0.6780571265179126,0.9644994759182186,0.9475597985845114,0.8347240030058898,0.9409942357230057,0.2031772652664633,0.9334927596276981,0.9458598726114653,0.9590397336956302,0.9292677720165116,0.6348564769246132,0.9265423524364669,0.983769825715386,0.9334927596276981,0.7196369421472582,0.9475597985845114,0.9252037445446055,0.9475597985845114,0.9568599156354451,0.9424781900280401,0.8805919691825623,0.9610996995613954,0.923879955825063,0.9338573100403758,0.9018497344665102,0.5458891294538806,0.9475597985845114,0.8268147748355974,0.8152363204804092,0.7677719738154611,0.9860598647601156,0.9540589546097205,0.9529545363721539,0.9225701399051967,0.9212735133449717,0.913733309388403,0.8894031717904967,0.744404446343775,0.913733309388403,0.9644994759182184,0.9765837058865926,0.6440344557913553,0.913733309388403,0.9610996995613954,0.972360936124099,0.9493053971730236,0.6779115676755016,0.992131884600974,0.9212735133449717,0.9661859802146437,0.9233738460510836,0.5473677331219982,0.9334927596276981,0.9112976020672163,0.9278966962971924,0.9458598726114651,0.9364159486136476,0.8056825578273625,0.5013790026695264,0.9896261919016811,0.8852158769431713,0.9088944096710685,0.9837698257153862,0.9278966962971924,0.9493053971730236,0.3008360691103116,0.9730506507011063,0.9971018943817556,0.558035029434345,0.9808396689061134,0.8972654241994793,0.2719661284740498,0.23966622495314915,0.8697214512947162,0.9238799558250632,0.9245657747152314,0.9149644520716045,0.5292098880866741,0.84800362113738,0.9594986384506097,0.9212735133449719,0.3504741229088896,0.8889600910329236,0.9951598794226075,0.6013798257663068,0.8972654241994793,0.8743534526017751,0.971905036534492,0.997924584339639,0.8718884926994315,0.9292677720165115,0.9397362273534059,0.5666474690996666,0.9329016612088761,0.8675560447816313,0.8892050567068635,0.4027154318560282,0.8391846440543806,0.9458598726114651,0.8794996237395187,0.8727037613151145,0.9128870094924401,0.3268551954033594,0.8827817928509321,0.9252037445446057,0.9511016704226434,0.9954779619578477,0.8588935204002324,0.84818938914953,0.9442013463068035,0.2711528797003072,0.8268147748355974,0.9320645602494204,0.9876139325764798,0.9128870094924402,0.8545503661181639,0.45743868253496434,0.23966622495314915,0.8894031717904967,0.980662425002937,0.9848910203339206,0.9589316626844855,0.9155630897147413,0.9568599156354451,0.8689273841757255,0.23966622495314915
p177_R,0.9806455105616183,0.9394396415413291,0.9363038471323668,0.9019701437287179,0.9475597985845112,0.9610996995613952,0.979171215317588,0.9079080545724247,0.9006962362816693,0.9589316626844853,0.9379142777971528,0.9458598726114651,0.9458598726114651,0.9199893491338638,0.9875732183763779,0.779542903327941,0.9425805352069323,0.9292677720165115,0.9568599156354454,0.9611058687776595,0.8078113596817893,0.9902428565647543,0.9629124330159163,0.9848910203339206,0.9877220281917205,0.9292677720165115,0.9425805352069325,0.913733309388403,0.9589316626844853,0.9596415460312586,0.9225701399051969,0.9529545363721539,0.9409942357230059,0.9162050927129204,0.9475597985845112,0.890419571801265,0.9848910203339206,0.9409942357230057,0.9610996995613954,0.9763068251524243,0.6993905550185731,0.9306566646589698,0.9610996995613952,0.9100921482984174,0.9425805352069323,0.8036672692170928,0.9511016704226434,0.8972654241994793,0.8784627882818804,0.8882932693469463,0.9529545363721539,0.7699315892615529,0.9292677720165115,0.9394396415413291,0.9409942357230057,0.5013522041863696,0.8827558331044782,0.9475597985845114,0.7575776963663714,0.9442013463068033,0.9030086235821646,0.9397653376991643,0.9784534179462063,0.8832444469048485,0.9719050365344921,0.931678937032141,0.8356601904040853,0.8814453850912112,0.8817105825036559,0.9568599156354454,0.9493973299985367,0.4427716285847928,0.9475597985845112,0.8210710864618278,0.9475597985845114,0.7084467244483661,0.4714880639241825,0.8422956254205757,0.81758187869548,0.9610996995613954,0.9379142777971528,0.9661859802146439,0.923879955825063,0.9292677720165115,0.9475597985845114,0.9149644520716045,0.9364159486136479,0.8421779795631059,0.9260446381122047,0.9458598726114653,0.9475597985845114,0.9713844238365044,0.7750032857403688,0.8802619090433537,0.9238799558250632,0.8972654241994793,0.9900530782174275,0.6707851023951378,0.8140574394939937,0.8689273841757257,0.9781067403340057,0.91288700949244,0.9475597985845114,0.9748740102488134,0.8981789948276747,0.9568599156354451,0.9430441133000049,0.7907502491856577,0.9349426948340505,0.8233788637195054,0.9661370652971759,0.9306566646589698,0.8284969009147187,0.9352098991478847,0.9511016704226434,0.7762855815640268,0.9394396415413291,0.9568599156354451,0.5339591457257353,0.8534622933489195,0.9100921482984174,0.98280557463282,0.9349426948340505,0.9225701399051967,0.972360936124099,0.9778449024201883,0.9493053971730236,0.8567235831170403,0.9458598726114651,0.9125111785873636,0.8686385996787724,0.9511016704226432,0.9529545363721539,0.9610996995613952,0.822052989913744,0.8663503378902102,0.875144138718642,0.7651984326628318,0.9529545363721539,0.9442013463068033,0.7315605337936792,0.9589316626844853,0.9034463879155852,0.686732053633822,0.9181361257449083,0.9077040005624188,0.9247045701871657,0.836959162174395,0.9278966962971924,0.7779891015560225,0.7212184631640932,0.9030086235821644,0.8512827582389368,0.8240976239621862,0.9529545363721539,0.9278966962971926,0.929555376364055,0.9524187417251317,0.8523731211903478,0.98280557463282,0.9116118727993865,0.9128870094924401,0.9320645602494204,0.7958167654209827,0.70735948000677,0.918300369479605,0.9486909276320881,0.9935567820366139,0.7982259123157001,0.8402939714046156,0.9644994759182186,0.8061071562382913,0.9304312867192419,0.9534546124070453,0.8790792081159235,0.766291320691627,0.96677982808291,0.9932949479190378,0.9087945075432595,0.9168460830759904,0.9895252930905241,0.908295821013361,0.9265423524364667,0.9458598726114651,0.9154533753716584,0.9710152408967008,0.8838152225738931,0.8984043359066813,0.939439641541329,0.9663573664294256,0.9442013463068037,0.9476564936340515,0.8176866160718812,0.8652846490024408,0.9030086235821644,0.9475597985845114,0.9493053971730234,0.9442013463068035,0.8972654241994793,0.8535826677013162,0.8882932693469461,0.9458598726114651,0.9475597985845114,0.7582649067179028,0.9201656104549849,0.9589316626844853,0.9475597985845114,0.8279535638583031,0.9125111785873636,0.8827817928509321,0.8523731211903477,0.5248372439172819,0.8681153990258522,0.9475597985845114,0.8512827582389368,0.9475597985845114,0.9169612314590976,0.7903427454253447,0.7960925882340986,0.9475597985845114,0.8060628203277851,0.9475597985845114,0.9924570656294145,0.8626012630123827,0.913733309388403,0.5773984044890327,0.9511016704226432,0.763777927592534,0.9442013463068033,0.9334927596276981,0.9364159486136479,0.9428298129397871,0.8130508058152968,0.8261839384447573,0.7651984326628315,0.8961308828316201,0.8871861256568154,0.9500011957215692,0.7436109815478473,0.9125111785873636,0.9125111785873636,0.9425805352069323,0.98280557463282,0.9442013463068035,0.9475597985845114,0.8995478568587885,0.9475597985845114,0.9142876478434763,0.9125111785873636,0.9529545363721539,0.9252037445446055,0.7637779275925342,0.9493053971730234,0.9112976020672168,0.7483813050199273,0.9693912346228278,0.8972431496161436,0.8567235831170403,0.9511016704226434,0.9949023023772159,0.7185686180327171,0.8391846440543806,0.9458598726114653,0.9548710823073732,0.8355714749746495,0.9610996995613954,0.9711093465704741,0.8279535638583031,0.9693318146530957,0.9749997343838411,0.9998051353108643,0.9529545363721539,0.8436093353026792,0.8182787338913602,0.8803174584126043,0.9568599156354451,0.8233788637195054,0.9524187417251317,0.8644365206787079,0.8984043359066813,0.9568599156354451,0.9146284704139055,0.8080982554965417,0.9719050365344921,0.6304061102621357,0.9464802705130722,0.9511016704226432,0.7832487769710372,0.8562018915429417,0.9350839192327514,0.6408643693226075,0.9808926695348984,0.7396785942680708,0.9568599156354454,0.9297598253076249,0.8501911138182776,0.6779115676755018,0.8391846440543804,0.9568599156354454,0.9475597985845114,0.926872917137112,0.9442013463068035,0.9529545363721539,0.7958167654209829,0.8950004825334388,0.9511016704226434,0.9278966962971926,0.913733309388403,0.7440170762801616,0.9065205555971323,0.8805919691825623,0.9493117100236348,0.8024296354399559,0.8302218952289884,0.9715061668420868,0.9589316626844853,0.9006962362816693,0.9589316626844853,0.9549894228659186,0.9125111785873636,0.7373729675791553,0.9511016704226432,0.9475597985845114,0.9529545363721537,0.8995478568587885,0.9784534179462063,0.9568599156354451,0.9548710823073732,0.8681153990258522,0.9475597985845114,0.9349426948340502,0.9568599156354454,0.9610996995613952,0.9077040005624184,0.9287189694062175,0.8644365206787079,0.9529545363721539,0.8279535638583031,0.7218882545393674,0.9349426948340502,0.9409942357230059,0.6701933327639814,0.9511016704226434,0.9162050927129204,0.7213830792377606,0.9394396415413291,0.9077040005624184,0.9610996995613952,0.7853897569350801,0.9591402541866407,0.7708083464141855,0.9425805352069325,0.9458598726114653,0.9187169710212715,0.9489284627486736,0.8007919102864962,0.8020222325849229,0.7106749817367285,0.9475597985845114,0.8490980979184481,0.9149644520716045,0.9087945075432595,0.9149644520716045,0.9589316626844853,0.8402939714046156,0.9475597985845114,0.9475597985845114,0.9278966962971924,0.9006962362816693,0.8104830829876122,0.9475597985845114,0.9589316626844853,0.8609949072773262,0.9464802705130722,0.6711079784656924,0.782963206823625,0.9886251033694344,0.8983910743172119,0.9364159486136479,0.6873859918642566,0.7265343068798951,0.9475597985845114,0.6913940650595839,0.918300369479605,0.769419102591262,0.7721894714790687,0.9212735133449717,0.9917002486570448,0.6408643693226073,0.789468503819452,0.9475597985845114,0.7412655108174009,0.9292677720165115,0.9322891014946036,0.8907597751054166,0.9493053971730234,0.6894338727722291,0.9409942357230057,0.9475597985845114,0.8927512325175626,0.798315321686256,0.9475597985845114,0.9212735133449714,0.7881804803953936,0.6679351743368405,0.7160993340227426,0.7958167654209827,0.9475597985845114,0.9813880287156103,0.8512827582389371,0.9548710823073729,0.9661395621050932,0.7440170762801617,0.9041731885624826,0.9053437280773233,0.891228430545195,0.9511016704226434,0.8950004825334386,0.8827817928509321,0.9852901633058908,0.8480036211373803,0.9981568932052118,0.7213571928068726,0.9334927596276978,0.9529545363721539,0.972360936124099,0.9475597985845114,0.890419571801265,0.9523030345044681,0.946148752393231,0.937914277797153,0.9252037445446055,0.9442013463068033,0.9848534220450093,0.9493053971730234,0.9442013463068033,0.9379142777971528,0.9475597985845114,0.9394396415413291,0.5992305501954505,0.938608053802739,0.9568599156354454,0.8414011380622557,0.9589316626844853,0.9394396415413291,0.9334927596276981,0.8773187896361201,0.8482764195819258,0.9611058687776597,0.8759105980181068,0.9557248896714008,0.8882932693469461,0.9306566646589698,0.9902428565647541,0.6490993008822847,0.9511016704226434,0.7832487769710366,0.9567860036593587,0.9380595468379902,0.9320645602494204,0.9696724395861311,0.937914277797153,0.9225701399051969,0.9506887194977824,0.7652011593459804,0.7541624525637649,0.9425805352069323,0.8572951908740748,0.9384843112825213,0.919989349133864,0.9320645602494204,0.9334927596276981,0.7124992468950191,0.937914277797153,0.7655885110626544,0.9320645602494204,0.8797499413008526,0.9242851916485776,0.9511016704226434,0.9869718167572021,0.7895402867434262,0.9576746141532875,0.8961308828316208,0.9568599156354451,0.8883010896853643,0.8882932693469461,0.9548710823073729,0.9557248896714008,0.9425805352069325,0.6455281337542547,0.9529545363721539,0.9568599156354451,0.9225701399051964,0.6993688578599868,0.9100921482984174,0.9458598726114653,0.0,0.81758187869548,0.9430441133000051,0.9425805352069325,0.7504051824316138,0.9475597985845114,0.9548710823073729,0.9475597985845114,0.9475597985845114,0.8128743662973859,0.9334927596276981,0.9549894228659186,0.9475597985845114,0.8032473794919716,0.832478477421303,0.9125111785873636,0.877897145441318,0.691394065059584,0.7575776963663712,0.938608053802739,0.8995478568587885,0.8347240030058893,0.9409942357230059,0.8106395951235419,0.9548710823073732,0.9149644520716045,0.8255629024133948,0.8512827582389371,0.9403748670927715,0.9409942357230057,0.9954412864629741,0.8872448913436546,0.9548710823073732,0.9632352095242758,0.9511016704226434,0.9545640111383318,0.9364159486136479,0.9306566646589698,0.7039254146249523,0.8436093353026795,0.9212735133449714,0.9030086235821644,0.9334927596276981,0.9174557485535397,0.9511016704226434,0.9364159486136476,0.9493053971730236,0.9524187417251315,0.8523731211903478,0.7014171310265376,0.9529545363721539,0.8148036802053528,0.9425805352069325,0.9090908602598025,0.975289752203294,0.9301236418134129,0.769419102591262,0.6129631577428756,0.9610996995613952,0.7298985716672575,0.8414011380622555,0.8995478568587885,0.8161014651903724,0.848276419581927,0.9041731885624826,0.8784088021185177,0.9475597985845114,0.9529545363721539,0.913733309388403,0.9475597985845112,0.622128131297689,0.9364159486136479,0.9442013463068035,0.923879955825063,0.6894338727722291,0.9334927596276981,0.798315321686256,0.9589316626844853,0.745956893031412,0.9379142777971528,0.8621439532920854,0.9442013463068033,0.9409942357230057,0.9008500906435695,0.9125111785873636,0.9829392900173883,0.84305747070033,0.8762311904614675,0.8064823878898636,0.8588935204002319,0.9120542613921981,0.8256727870749785,0.8673743833378168,0.9225701399051964,0.9589316626844853,0.9594986384506098,0.9493053971730236,0.7324881799695622,0.8995478568587885,0.8894031717904964,0.9458598726114653,0.8528856106436744,0.7864201167460114,0.7864297230821703,0.875144138718642,0.9511016704226434,0.99987174125501,0.9602919497626032,0.8693202939651599,0.8984043359066813,0.9225701399051964,0.9349426948340505,0.93150766770301,0.9928618019927207,0.9458598726114651,0.9529545363721539,0.9610996995613954,0.9475597985845114,0.9162050927129204,0.7036154646876198,0.8007919102864962,0.9522319435190597,0.9475597985845114,0.8794996237395187,0.7295304735691882,0.9030086235821642,0.9019701437287178,0.7580974060287022,0.9935349994593583,0.9104952582326105,0.8886196574399359,0.7929264958075513,0.9428298129397872,0.8458099300236452,0.9384843112825212,0.9548710823073732,0.8995478568587885,0.8827558331044781,0.9511016704226434,0.9212977173232094,0.961099699561395,0.9252037445446053,0.9442013463068035,0.9610996995613952,0.49906235706315094,0.9265423524364669,0.9475597985845114,0.8135544871276539,0.6813749902313895,0.9568599156354454,0.9475597985845114,0.9364159486136479,0.760904633802822,0.7958167654209827,0.9458598726114653,0.8356601904040855,0.9425805352069323,0.9458598726114653,0.9458598726114653,0.9162050927129202,0.9475597985845114,0.9425805352069323,0.9041731885624827,0.9475597985845114,0.9320645602494204,0.973350223894654,0.9568599156354451,0.9511016704226434,0.9548710823073729,0.9493053971730236,0.9458598726114653,0.7428407227861745,0.8534622933489195,0.9334927596276981,0.8358428353123897,0.9475597985845114,0.9792140372249502,0.9511016704226434,0.7118123313748043,0.7868860602652397,0.9378040766465512,0.9568599156354454,0.9493053971730236,0.9349426948340505,0.9125111785873636,0.9877220281917205,0.9475597985845114,0.9125111785873636,0.9933592296586007,0.8946898694254274,0.83360257911207,0.8972431496161437,0.9568599156354451,0.8784627882818803,0.9511016704226434,0.9430441133000049,0.8369591621743953,0.9475597985845114,0.9475597985845114,0.7881472335171863,0.9589316626844853,0.6768168856446392,0.9425805352069323,0.9379142777971528,0.8187487405659173,0.9442013463068033,0.7842775465728768,0.7776356667761062,0.9475597985845114,0.9475597985845114,0.9112976020672166,0.9397653376991643,0.8995478568587885,0.8682941951628267,0.8402939714046156,0.7160993340227427,0.7883906683954576,0.7932953720006317,0.8693202939651606,0.8068927917851014,0.9475597985845114,0.8972654241994793,0.9529545363721539,0.9610996995613954,0.6894338727722289,0.9568599156354451,0.8256727870749783,0.9475597985845114,0.9475597985845114,0.7666156616807633,0.9248100053233801,0.7749279467915409,0.8482764195819269,0.8148036802053529,0.6626197766413174,0.9252037445446055,0.896130882831621,0.8864639485305972,0.8866698495572743,0.9475597985845114,0.8382021652784952,0.8116870067162374,0.9493053971730236,0.9568599156354451,0.9509103733010487,0.9761220212808732,0.9077040005624186,0.9152209695615848,0.9493053971730236,0.749580073734117,0.9475597985845114,0.8210710864618278,0.9152209695615848,0.8961308828316212,0.9965227864620851,0.7347100070611217,0.9394396415413291,0.9018497344665104,0.8211096899093244,0.9548710823073732,0.9784300840506932,0.8578089143655878,0.9425805352069323,0.7212184631640923,0.919989349133864,0.9292677720165115,0.8068927917851014,0.9529545363721539,0.9458598726114653,0.8718884926994315,0.9265423524364669,0.9540589546097202,0.9187169710212715,0.9610996995613952,0.9125111785873636,0.9610996995613954,0.9610996995613952,0.9500011957215692,0.9174557485535397,0.8927512325175624,0.9475597985845114,0.6412559946262375,0.9021033275330331,0.9364159486136479,0.7731152683289884,0.9409942357230061,0.9458598726114651,0.9742178060512305,0.8905160099774292,0.9493053971730236,0.7735626237779673,0.9149644520716045,0.9021482626615811,0.8773187896361203,0.9475597985845114,0.9713844238365044,0.9248100053233801,0.8104036875498974,0.9589316626844853,0.9306566646589698,0.9320645602494202,0.8470909732383185,0.9475597985845114,0.798315321686256,0.7298985716672574,0.9320645602494204,0.799556308447807,0.8210710864618278,0.8068927917851013,0.9529545363721539,0.8164111026582044,0.8402939714046154,0.8406150704637131,0.9004940364163532,0.9629124330159164,0.899192548299758,0.9610996995613952,0.7039254146249523,0.9475597985845112,0.9589707767882762,0.9278966962971924,0.8336025791120698,0.8995478568587885,0.7231144968593362,0.9475597985845114,0.9458598726114653,0.836959162174395,0.6527839128027052,0.9287546220071028,0.769419102591262,0.7444044463437745,0.9475597985845114,0.7816419778777748,0.6163172127736644,0.919989349133864,0.9475597985845114,0.8347240030058893,0.9409942357230057,0.9568599156354451,0.9334927596276981,0.9458598726114653,0.7762734261292772,0.9292677720165116,0.8938740030413768,0.9265423524364669,0.9378040766465512,0.9334927596276981,0.719636942147258,0.9475597985845114,0.9252037445446055,0.9475597985845114,0.9568599156354451,0.8571037141749209,0.8805919691825623,0.9610996995613954,0.923879955825063,0.9004940364163531,0.90184973446651,0.8129498901600087,0.9475597985845114,0.8268147748355974,0.815236320480409,0.8866698495572743,0.8490048717580836,0.9628454933455662,0.9765837058865925,0.9225701399051969,0.9212735133449717,0.913733309388403,0.8894031717904969,0.7444044463437745,0.913733309388403,0.545889129453881,0.9529545363721539,0.7117886795596482,0.913733309388403,0.9610996995613954,0.8739896442647095,0.9493053971730236,0.9150513508645266,0.992131884600974,0.9663573664294258,0.9829392900173883,0.8882932693469461,0.6720110611890675,0.9334927596276981,0.9112976020672166,0.9278966962971924,0.9458598726114651,0.9902428565647541,0.9447808998670315,0.919989349133864,0.803010404915619,0.8852158769431715,0.9088944096710687,0.8985910278275198,0.9278966962971924,0.9848910203339206,0.9511016704226434,0.9896261919016812,0.9673694774834689,0.9252037445446055,0.886883082356833,0.9545640111383319,0.9529545363721539,0.9548710823073732,0.9697342463171643,0.9238799558250634,0.9818014931500495,0.9574180966633072,0.9682551375725406,0.9974712426570689,0.9067193050929399,0.9212735133449721,0.9475597985845114,0.8806059912987239,0.9067535954069723,0.9100921482984174,0.8972654241994793,0.9774319815079452,0.8986811553763572,0.7832487769710363,0.966137065297176,0.9292677720165115,0.9985778460732367,0.9834886668885247,0.9329016612088759,0.9732611332238879,0.9187890468008421,0.9379142777971528,0.8974459522281919,0.9458598726114651,0.9529137185200642,0.9571427493004796,0.9128870094924401,0.9493053971730236,0.8827817928509321,0.9252037445446057,0.9511016704226434,0.8129420361099914,0.8588935204002319,0.9821449534790387,0.9954412864629743,0.9442013463068035,0.8268147748355974,0.9829392900173883,0.9123884588666586,0.9511016704226434,0.8545503661181637,0.9320645602494204,0.9548710823073732,0.8894031717904969,0.9306566646589698,0.9493053971730236,0.9589316626844853,0.9155630897147413,0.9568599156354451,0.9810334199324047,0.9548710823073732
p179_N,0.7887603973041856,0.7959497447008526,0.6236186923506359,0.8113512895045099,0.7995580157673214,0.8689304945061069,0.979893594355619,0.9839795457782154,0.6624409820025912,0.8616255760827234,0.7908102298540951,0.8441525854401166,0.759586201474016,0.7506487070281582,0.8524082027597506,0.982831520569825,0.9135295981787832,0.7616769526263918,0.9934978324750829,0.8979763176038495,0.7800497259731576,0.834700964368323,0.9171943330215184,0.9189335660569544,0.8527779327341045,0.612252184828656,0.8065325776074832,0.8516112101810754,0.8979763176038495,0.9525914287328916,0.6586095085141518,0.8702278981827851,0.8534154108093399,0.7553441395437834,0.7995580157673214,0.8893582784066545,0.8591052725560666,0.8011877477069624,0.8689304945061074,0.7570572912227624,0.6667424175474768,0.9936816024153297,0.9780395008431749,0.914286450505402,0.9670281084644332,0.4693452169589256,0.8352434350141631,0.5378551071562843,0.7570572912227629,0.8022697277786742,0.937581651251228,0.490247944820307,0.6122521848286557,0.6935390345582695,0.9115601052299622,0.7524940056416105,0.774167149592041,0.7125274559321444,0.8279455182769262,0.8119936899116,0.7661480938292036,0.9390454711945528,0.873475320937992,0.783753755408136,0.8479439783560869,0.7636290293843054,0.9055499094902304,0.8017787587346064,0.8589464562867486,0.8893582784066545,0.7261274002214413,0.7570572912227627,0.8865885756024987,0.6500523991285988,0.7125274559321444,0.7444183717243547,0.8347009643683228,0.7908102298540949,0.653542392566783,0.8689304945061072,0.9406842859542996,0.886738002113042,0.9195966234214433,0.9181946682626312,0.7125274559321444,0.7134837754282195,0.883640124291476,0.7618231630546709,0.9489601709850085,0.7313974068186477,0.7125274559321444,0.639566236235932,0.5033929552270844,0.7939158711795895,0.7301016401718216,0.790447510609505,0.6634318493001601,0.6087472772604872,0.45273908923001593,0.5220474608423296,0.8175134374929018,0.8661586408023221,0.8233095582802457,0.9340096226205676,0.9886784850300483,0.8546450937171788,0.6771240158416003,0.5161735973962565,0.7393350300895329,0.6648599357898455,0.6125248397361569,0.8345541328101032,0.5628791498205035,0.6850331639195135,0.8352434350141631,0.5706626052147272,0.84700086677494,0.8893582784066543,0.8689304945061072,0.4864589646637856,0.8587655407544982,0.6013562824993519,0.804791222478062,0.8637198773190109,0.7840366262887133,0.714561059009963,0.8291911258056228,0.7998851608277766,0.8739594680062144,0.7848192573722186,0.49789781462980587,0.8661586408023223,0.8414864259682344,0.9780395008431748,0.806532577607483,0.5419065628627036,0.8681184050606429,0.8414864259682346,0.8414864259682342,0.7489933390883288,0.584453392916787,0.8616255760827234,0.5839467659602359,0.6261114292593142,0.671039076792368,0.5485040227121007,0.827012053605318,0.5431325508901662,0.9568500771766758,0.5431589900296716,0.8616255760827236,0.7135869931439149,0.6497470021109915,0.9759877817603957,0.8735181677292323,0.626743194560646,0.8462162642449467,0.7945966457429965,0.8646979461886173,0.8785644137865678,0.8451736821570012,0.9279890523786396,0.7942278940301719,0.6086191227620321,0.6589020925042144,0.7093356001992306,0.8416932894408666,0.7336060391821397,0.8487983970512425,0.9246583353169089,0.9327564544572138,0.81758187869548,0.7490236834984905,0.9670009065386432,0.7860893780474988,0.8431944545174606,0.889358278406654,0.8157205717198638,0.8995968390691993,0.8683027121369316,0.8854405286208407,0.8863385208908011,0.9258791572450538,0.7595862014740162,0.5348942754611259,0.6687370637905921,0.5416524325414662,0.9520720255541061,0.6680134735212258,0.9806814419281435,0.9491852433491232,0.8864910289627718,0.586145109336919,0.720852882292508,0.9184853020590704,0.7125274559321444,0.8591052725560666,0.8943086219741141,0.6894105492282165,0.6501009603768262,0.7544270961227818,0.7877749961293831,0.7125274559321444,0.5999993805060049,0.6085835068840264,0.8616255760827236,0.7125274559321444,0.6685923674522942,0.7092691902178349,0.7135876389706196,0.6583789360001895,0.6866705519355045,0.8175818786954805,0.7125274559321444,0.8703380386289064,0.7125274559321444,0.6556338873649914,0.5971487800461419,0.6108986872925644,0.7125274559321444,0.9492660674936823,0.7125274559321444,0.7234589905849389,0.7574159272460715,0.7093356001992306,0.5683449299713152,0.8352434350141635,0.5638008844643685,0.7215550284008241,0.8701003883997356,0.834700964368323,0.7958427337933982,0.44888820829067866,0.8738097032113021,0.8414864259682346,0.8819281364185483,0.8253631502932914,0.6615395619347435,0.7907408399934637,0.9170318748923902,0.5392815391204708,0.940278853321608,0.6321571859757094,0.8943086219741141,0.7125274559321444,0.8938953388604948,0.7125274559321444,0.8166146343356279,0.8940929572216494,0.8702278981827851,0.846248144721591,0.5638008844643685,0.8591052725560666,0.7006769926966935,0.7807978673500404,0.6434062932362998,0.815789239204129,0.5351003462782066,0.8661586408023221,0.5971657815186597,0.9975951501121813,0.7569688916490902,0.7032086121632808,0.9810935634463918,0.6245385187936789,0.8689304945061074,0.6425610607666525,0.941921087651523,0.7335284496899959,0.8013074122773485,0.6086757254344237,0.7741326728997918,0.7205742473870551,0.9041194219736581,0.614786661609986,0.8546450937171788,0.5227396267065513,0.794144837430083,0.7942278940301715,0.8612908033683548,0.8546450937171788,0.9060461682352408,0.6958922551419888,0.8812313746286631,0.6794099284497406,0.730414512869374,0.8352434350141635,0.8933279220136663,0.5628791498205035,0.8119936899116005,0.8352434350141633,0.9279890523786394,0.4495305628123498,0.8546450937171783,0.7490162030032391,0.6708848852565448,0.6013562824993512,0.850089956317365,0.9934978324750832,0.8233095582802454,0.8010715422382337,0.8119936899116005,0.8414864259682344,0.6086191227620324,0.7895156208370369,0.8352434350141635,0.7790644167304983,0.6034507117003789,0.6112846702819323,0.9908161843861969,0.6977204396067382,0.8864547547704018,0.6895893953472956,0.6834603971907229,0.6445985930575995,0.8616255760827236,0.8520217909688975,0.8979763176038495,0.8933279220136661,0.8414818077380072,0.6850331639195137,0.9589042581667984,0.7125274559321444,0.7421009311387935,0.9180194268605668,0.7616769526263936,0.8546450937171788,0.8524694551907274,0.8739594680062142,0.7125274559321444,0.8287845776060832,0.7635098746985837,0.8689304945061072,0.7616373278312432,0.5135114208284942,0.7942278940301717,0.7741326728997917,0.6685923674522931,0.4307380973164565,0.804791222478062,0.8593324421275852,0.4865210807457008,0.9589042581667984,0.6772712643343278,0.4843869200033877,0.6935390345582692,0.8026624725119224,0.8689304945061074,0.5824768144832022,0.7176639527923898,0.5898953751273907,0.8065325776074825,0.7313974068186477,0.9459620862429874,0.7861617033574959,0.5880683910129498,0.5072269713183504,0.3822452846145252,0.7125274559321444,0.5543906158286875,0.9005297763289668,0.7218778750686914,0.9257763219617672,0.84756849174827,0.831307192498341,0.7125274559321444,0.7125274559321444,0.8908287006534693,0.9554295049505196,0.6206717991576676,0.7125274559321444,0.8979763176038495,0.8233095582802454,0.9327564544572137,0.642422249068058,0.6210578819294132,0.852319744891971,0.7347413372441225,0.834700964368323,0.42946566971503697,0.5724704554837288,0.7125274559321444,0.6168069157588749,0.7475141384270301,0.5697731257278209,0.47308924166619937,0.7757313546914586,0.8335522684478651,0.8352434350141633,0.5587573952783017,0.7125274559321444,0.34501769174749874,0.8958349946003115,0.8809737530763755,0.7711714209940261,0.8118391131890512,0.5163595034498367,0.8011877477069627,0.7125274559321444,0.6084763740995697,0.44753304573325714,0.7125274559321444,0.9168435144535146,0.7887603973041857,0.4903740002531598,0.3828406049376585,0.533315652291716,0.7125274559321444,0.8962874770564788,0.8017787587346061,0.8479439783560867,0.9584474338818167,0.8016547247354935,0.987134075366704,0.5524073150147386,0.6386392197423143,0.8352434350141633,0.7729195442522487,0.6206743836611868,0.8465534160888444,0.5744549789128295,0.7653958916337451,0.5789267316944935,0.7060541100042218,0.8414864259682342,0.8287559736133525,0.7125274559321444,0.8546450937171783,0.759488710053333,0.9036457124649823,0.7845466111953249,0.9957416607434432,0.7215550284008245,0.8878253002569502,0.8890194193065106,0.7215550284008245,0.8907262672542313,0.8233095582802457,0.9998457670027974,0.5793144060162285,0.6654088771168678,0.8676494287670123,0.5316616939648915,0.8112177502271445,0.9235775498860712,0.8465534160888446,0.6764018384854246,0.883640124291476,0.8616255760827238,0.6418864693825597,0.8134326719532761,0.8979549910904557,0.7789934410057747,0.8591705443298998,0.7299341925816298,0.9174349186805673,0.7762186091994814,0.8840491878601311,0.9862338775892625,0.9561205831751942,0.6980531769232239,0.8844626485954619,0.6378412209416805,0.8780415309765204,0.7208770152410513,0.7040456645690023,0.9794733812499168,0.7592719702584738,0.6991381061948863,0.9863067689076508,0.9513693087419354,0.8237889715586781,0.3782275993440445,0.9094416579454958,0.7009852779042263,0.8819867276797828,0.7807678564900742,0.7941230026211202,0.8661586408023223,0.9019752565914652,0.7652786385105346,0.829279709901064,0.7649167985578879,0.9717889828354408,0.8890830106535637,0.7225320083521879,0.9145187709012395,0.976585367793827,0.8332818327503082,0.806532577607483,0.9022596399437832,0.8546450937171783,0.7598784394566551,0.4060710835948427,0.69706718123827,0.81758187869548,0.81758187869548,0.0,0.6771240158416003,0.6852315746788427,0.5826929576483328,0.7125274559321444,0.8479439783560871,0.7125274559321444,0.7125274559321444,0.4710843327240436,0.8473359438695691,0.7176639527923898,0.7125274559321444,0.2873896320929783,0.46219833665853427,0.9736944252581787,0.678121276862188,0.6017252378892184,0.5511225540905755,0.6998781151107418,0.8767966811987724,0.37073730184555054,0.9317569054629058,0.8373316270337874,0.7858946626455751,0.5724412953225766,0.6023410183686875,0.4041349353476663,0.7391101518841836,0.983984568565283,0.8668703112866096,0.6244829145897637,0.8479439783560869,0.6713733243578848,0.8352434350141633,0.7043676824840561,0.9815184441377822,0.8572866284679928,0.8465534160888444,0.5593014939173343,0.7552363459677907,0.503342590402765,0.68250713769333,0.8634445422634563,0.85560450710425,0.7737857562464537,0.829191125805623,0.7572095078496395,0.27325011698179413,0.522199925471186,0.8702278981827851,0.8602100402268145,0.979473381249917,0.8838404701332352,0.6161666571569087,0.8739594680062144,0.45777051640711564,0.7435234063570098,0.8689304945061072,0.38754534798045825,0.5450312480224699,0.8938953388604947,0.4795408291725445,0.78576180444517,0.9245127907407447,0.8943041944457522,0.7125274559321444,0.8414864259682342,0.7370755954976769,0.7125274559321448,0.6148010385889615,0.8471944961311819,0.8943086219741143,0.7435234063570098,0.5293260516725891,0.9171943330215184,0.5229626738903963,0.8616255760827238,0.48181646672556955,0.9406842859542994,0.684125850461742,0.748993339088329,0.9899015998835283,0.7485017823039437,0.8374304068558618,0.8404829480716067,0.6852064275648202,0.6966858776198552,0.5433056414658568,0.647468958411261,0.834773265606574,0.48521628339821066,0.531184781362781,0.9467930276088956,0.8616255760827238,0.8287845776060834,0.9015815534403827,0.5445476937326403,0.7400074199049993,0.4739576181663966,0.7313974068186477,0.4907460330160074,0.47331197821417303,0.8689304945061072,0.9676048630973455,0.8865197128924089,0.8292797099010638,0.8429604839965288,0.8118216371522153,0.8333029166865813,0.7391101518841836,0.8113150954735966,0.8724960037609777,0.8157892392041284,0.8441525854401168,0.8414864259682342,0.9837029979941456,0.7125274559321444,0.9518825784207583,0.5601339106602796,0.5628791498205035,0.7218778750686914,0.7125274559321444,0.7355869081738393,0.504807469531982,0.8537499283046825,0.925604186431299,0.6654088771168674,0.6874088678918229,0.7497626137155441,0.9032510033275971,0.7906961735110545,0.9710464027443582,0.4114844185484129,0.7466879805460673,0.8479439783560871,0.6786382195964644,0.7524940056416105,0.9279890523786396,0.7052177893356903,0.9071879956687867,0.897477256383806,0.8119936899116005,0.9071879956687869,0.7959497447008526,0.7958402935424713,0.8233095582802457,0.8875630888243963,0.612987758179905,0.8329362440775363,0.8285682023790473,0.9695423959390649,0.3490881292549983,0.533315652291716,0.7313974068186477,0.8735181677292323,0.7119808298216674,0.7313974068186477,0.7313974068186477,0.618716607927235,0.7125274559321444,0.9937773636072582,0.863439687917132,0.7125274559321444,0.7711003670094545,0.9844373523019798,0.9717889828354405,0.8352434350141633,0.7858946626455751,0.7220966729377198,0.7032086121632808,0.3656806946336797,0.6658377352662485,0.9415238331131339,0.5095871268581582,0.7125274559321444,0.6771240158416008,0.9279890523786396,0.7711003670094545,0.5063103569728451,0.7167203076618367,0.8546450937171783,0.9189335660569544,0.9792685813697458,0.7996553732786702,0.9792685813697463,0.8233095582802461,0.8603693245266026,0.8460372289604665,0.9493655345287484,0.6006846536729555,0.8907262672542315,0.9240714630961306,0.7790644167304985,0.8661586408023219,0.7831477765126622,0.4107361880330874,0.7125274559321444,0.9393503047271476,0.6357891067708263,0.8979763176038495,0.5142896963541492,0.8332818327503075,0.9157052766042655,0.6224501081225366,0.7215550284008245,0.44142211644013885,0.5658107221509434,0.7125274559321444,0.7125274559321444,0.7006769926966927,0.9442555948006737,0.6957368772581858,0.5133739680651638,0.5779255191336572,0.5605193224276497,0.456303331859087,0.5310336923820462,0.7663566458364353,0.6630851271899807,0.7125274559321444,0.8072870041730524,0.8414864259682342,0.8689304945061074,0.46449331055882626,0.8546450937171788,0.44631663872995253,0.7125274559321444,0.7125274559321444,0.5419301884865593,0.8233095582802457,0.5879475630453554,0.78576180444517,0.543854224604563,0.6500265121388114,0.8035357115724899,0.9174809986774626,0.7281835618137735,0.5075019440460624,0.7125274559321444,0.7052177893356901,0.5529773572038268,0.8591052725560666,0.9023626134564885,0.8374719793831971,0.8876425695926056,0.9794874276596606,0.7134837754282197,0.7819249664386075,0.620671799157668,0.7125274559321444,0.4440361147561077,0.7327830978403602,0.6646213661058922,0.6009967154823828,0.7297599404522583,0.8211668397434901,0.7225756185255725,0.5460730132041618,0.8191820589181511,0.7279909394218463,0.6260613449631044,0.792228595250142,0.8979763176038495,0.925604186431299,0.6793312058156158,0.4984910425281369,0.8735181677292321,0.7313974068186477,0.5333302381435935,0.7958402935424713,0.8563179236444574,0.8342032277354668,0.9397819996804955,0.9318679907988412,0.9397819996804953,0.8632669973551363,0.7299341925816296,0.6462324751517239,0.6575775310229254,0.9736191354376754,0.8979763176038493,0.8102313844067466,0.6759074364001463,0.6113364880778713,0.827301579258152,0.7877749961293832,0.8790625472010726,0.577481950821404,0.8291911258056228,0.51806871718227,0.7268358746197016,0.4485094850948511,0.38796338823247334,0.7125274559321444,0.623618692350635,0.8813299315036964,0.4464166312939988,0.8616255760827234,0.8017259366636653,0.6738389844933244,0.6223232901532716,0.7125274559321444,0.37210341757611765,0.37496248597198756,0.9282417817212173,0.5177456572826079,0.6114243458087563,0.5364742928347161,0.8414864259682342,0.36464421978905737,0.6712766619522246,0.9537741383616312,0.6006944372996484,0.7994594714670618,0.7330978669706478,0.8689304945061072,0.823006443777953,0.852319744891971,0.828774617712835,0.933114295284647,0.4034305799973249,0.8596980235370505,0.3790773425545746,0.9973706779505986,0.7313974068186477,0.3974965517473793,0.5311847813627815,0.9168791089746622,0.5199941882519517,0.5237857294249338,0.7125274559321444,0.48879456605616656,0.5245600600870559,0.7304145128693742,0.7125274559321444,0.6475029950163668,0.983984568565283,0.8546450937171788,0.8002419992477867,0.7313974068186477,0.6260564004076761,0.8358489214518527,0.7577811531211516,0.8175134374929018,0.9484603297399954,0.8465534160888444,0.39999469858106895,0.7125274559321444,0.8889605778706915,0.7125274559321444,0.9240714630961304,0.6936406187495034,0.6364500571877738,0.8689304945061074,0.961706619699137,0.7262002214168426,0.6530751679915815,0.750648707028158,0.7125274559321444,0.7910879658728174,0.6387446891571207,0.8182933648001514,0.8637198773190109,0.9736944252581791,0.8414864259682344,0.9285972469562771,0.9806814419281431,0.6416292499281782,0.49000554704998334,0.37379579343856095,0.6416292499281782,0.7506487070281582,0.8414864259682344,0.6013562824993512,0.6416292499281782,0.8689304945061074,0.9181946682626312,0.9314957001908265,0.6783585411902451,0.8175818786954805,0.8372163808624642,0.8173554210508895,0.7544270961227818,0.7052177893356908,0.941523833113134,0.6632898548033361,0.9568500771766758,0.7595862014740156,0.9940119759006415,0.5291663590368132,0.7304145128693742,0.6746536322908154,0.6165297540810116,0.8304586266974453,0.6810679965728894,0.801071542238234,0.8890194193065104,0.8352434350141631,0.7824018700290705,0.9056787863422768,0.9615459061074565,0.747983740361954,0.6725710556646673,0.8414864259682342,0.8479439783560871,0.9426719284067425,0.6037716513387421,0.9327872619791031,0.9970263883896701,0.9260247400364245,0.9413720897141843,0.9007646429901475,0.6709034097694937,0.8523197448919715,0.7563899567451255,0.7242880729487997,0.734081121072206,0.5041761200291877,0.9753693799709517,0.8479439783560869,0.834773265606574,0.8425896064974763,0.6346118584909757,0.9135295981787832,0.8066884007735509,0.9320758526445454,0.7949756159276009,0.96255429614295,0.7908102298540949,0.7968779193640654,0.8739594680062142,0.8225430938388147,0.9020448073098966,0.8352434350141635,0.8591052725560666,0.6051888411096147,0.5899735458269862,0.9279890523786392,0.9117550006367758,0.8158698360048237,0.8611978063668324,0.8668703112866096,0.8668703112866096,0.674171011210996,0.8404829480716067,0.6786382195964651,0.8661586408023219,0.6179533500887862,0.7942278940301719,0.8479439783560871,0.5862931203515072,0.9254841154416613,0.9189335660569544,0.8979763176038493,0.8596279066643973,0.8893582784066543,0.942493267818188,0.8479439783560871
p179_S,0.8233730009588363,0.9280079835652404,0.9562175970779132,0.9463035322237949,0.9871891849714198,0.931147340525424,0.9767340386921296,0.9587349365770816,0.8717659040471606,0.5714316619801894,0.9589992496040742,0.9792140372249504,0.9819150380375274,0.9141868065994085,0.9868402954685715,0.9121029296440538,0.9352547073163471,0.9710301515920158,0.9236430180495621,0.9223125238854547,0.9447896094995221,0.8874576548572417,0.9878359798431867,0.6772273284921262,0.8848500287036507,0.8748055425712828,0.8983688348924415,0.9789255840610394,0.9774358012844695,0.9987557679355237,0.8629508839222024,0.9507589513092891,0.9604002581429942,0.9055141698506994,0.9871891849714198,0.9236430180495618,0.9515217879472728,0.967580431117067,0.594056195181146,0.9634189144741114,0.885305160778959,0.6525316904326728,0.9105871713767656,0.9174256501960691,0.9172018029880307,0.9090901448355231,0.913451053146003,0.93426616202541,0.87237876929314,0.9118372554209269,0.6857380225836732,0.9852914579029994,0.8748055425712828,0.8928095235358382,0.8523712920330868,0.8998677823831449,0.8311566754341573,0.9071820194155717,0.9557048154254326,0.9095821396383358,0.9491259459009262,0.9509509499222999,0.7552001234206336,0.7919893838778072,0.9201228276565452,0.9800562703374287,0.9949291060968914,0.7905272540493604,0.8196505253238826,0.7891506066595864,0.8836891281120094,0.9027254843534638,0.9471856021934963,0.7485280535402494,0.9071820194155717,0.8992953088588895,0.9211999702940652,0.9245544567587656,0.9951952978547858,0.983902503224694,0.696552821942843,0.9926774362356946,0.9233367877012704,0.9401972904246758,0.9071820194155717,0.9293273608862838,0.9775730833954649,0.99292958577844,0.8374365816815987,0.9041731885624822,0.9071820194155717,0.8902450233273334,0.9688311653140605,0.850449768561802,0.9233367877012704,0.7638632885565948,0.9504449980566034,0.9662639211982977,0.9699693957009403,0.9323252525936643,0.980587532202323,0.9560815611946234,0.9071820194155726,0.9309040596905456,0.9027865373485819,0.9236430180495616,0.9034893992932864,0.9216931609220922,0.9841069050033684,0.7603173895009228,0.9357038119827237,0.7779195459429327,0.8210796079694758,0.8593469706507231,0.913451053146003,0.9818410211716471,0.8959997162877472,0.6455474190141607,0.931147340525424,0.87382230534172,0.9684660046033542,0.9333393751096145,0.9179356541368899,0.7933880750039255,0.9401972904246755,0.9648371109743631,0.9102716897738727,0.8116027549958085,0.8626012630123828,0.9753714085919836,0.807576459060876,0.9134510531460025,0.9949291060968914,0.857832008677496,0.9352547073163471,0.8964965498274907,0.6031848388489109,0.9167305843279034,0.960900739115506,0.9012376341940858,0.989734806019069,0.9273099638694313,0.8561698852752897,0.8853209299903182,0.883415896910271,0.9117392230564538,0.8706339453813867,0.9670164336971054,0.7331139349226523,0.8566712108996191,0.9724383613004927,0.8283274386785906,0.7716192968882856,0.9076392676159835,0.9949291060968916,0.87237876929314,0.8530277172704483,0.9765588403582132,0.9957596658733354,0.8118232793036579,0.8142061266334057,0.9987120692432438,0.9288940518676674,0.8768145539681584,0.9939583421541553,0.8473098920648876,0.9076882528330772,0.9533421115494247,0.9814043466735347,0.7677700366499793,0.9420887388347681,0.9041731885624822,0.8699816110295124,0.9670164336971054,0.8080836985441053,0.8385728496239448,0.9715107472647038,0.9183382895577962,0.9083575213228523,0.9847104344648026,0.9085306284996674,0.9044069559125094,0.959640125090411,0.9430441133000051,0.8570916803273886,0.8644662095931297,0.8547950538921114,0.6183022581738902,0.8928095235358383,0.9415130395407784,0.7204019134707562,0.9668285821219422,0.8691358418126567,0.8164996539835222,0.7851173382099359,0.9071820194155717,0.5534770339719254,0.9012376341940862,0.8799673460250541,0.9157283835975596,0.8462633074936137,0.9819150380375274,0.9071820194155717,0.917560730652071,0.9885149882555532,0.6215574993952278,0.9071820194155717,0.9826485279774786,0.8451467479521528,0.8138801832529765,0.7766375347873175,0.850235634081641,0.9041731885624826,0.9071820194155717,0.6392635967607612,0.9071820194155714,0.9428351403091882,0.8868159025703457,0.8796897466089192,0.9071820194155717,0.8040552536551165,0.9071820194155717,0.9876953691928352,0.9278563015312131,0.9789255840610391,0.9153965235917709,0.913451053146003,0.8517646183531482,0.9390736794276016,0.8822836759018076,0.4376960364062943,0.8766468415675246,0.775446461651369,0.9868272766917496,0.9167305843279034,0.8841909425473031,0.9374025230168431,0.7533906981931375,0.9939583421541553,0.8451467479521528,0.8711916800801187,0.6221148235967855,0.8967690611659003,0.9390736794276018,0.9071820194155717,0.8477034409985349,0.9071820194155717,0.9306028081626077,0.8711916800801189,0.960900739115506,0.9265105940822267,0.8174407909134085,0.5534770339719253,0.9203312082606383,0.8848500287036505,0.9370217966662873,0.9721111647053092,0.8232723532225701,0.5323523422219298,0.9052782234567769,0.8853209299903182,0.7526584076537274,0.9041731885624822,0.9880738944070537,0.9368094801873079,0.594056195181146,0.8749609547377057,0.8378721832895661,0.939957779158985,0.9027865373485819,0.9330594685797866,0.9167305843279034,0.9432274916709643,0.7318694584702521,0.9375741869524975,0.9236430180495616,0.9919262538569814,0.894553720415352,0.9116474872122646,0.9371612421327016,0.9236430180495616,0.9158863571660703,0.8152772197778587,0.9201228276565452,0.9514641192095348,0.9742054644591542,0.9560815611946234,0.959343446579475,0.814206126633406,0.9852542301053672,0.9134510531460025,0.9160269146595149,0.8736449152209762,0.9806215235201544,0.9018687388648456,0.8479439764127994,0.9392419520970219,0.8627234765310959,0.9236430180495621,0.9871891849714203,0.9027254843534638,0.9852542301053672,0.9167305843279034,0.8248947119012576,0.8196843631032282,0.9160269146595146,0.963418914474111,0.9262793072625788,0.8374707201311469,0.5453692439733279,0.9156388623700212,0.8142816600742848,0.9835108937557294,0.9878056575748406,0.9478676309790478,0.9774358012844695,0.8480002345284661,0.9724383613004927,0.8516848931219239,0.7641792701283544,0.8593469706507233,0.7881353905136526,0.9071820194155717,0.9167305843279032,0.8948598124012336,0.8748055425712833,0.9236430180495616,0.9660244666247457,0.9403431124874277,0.9071820194155717,0.9828074695633925,0.9236430180495621,0.983902503224694,0.9367729138604928,0.916451568252663,0.8797557950282511,0.9167305843279034,0.7481325389230885,0.9011773472094529,0.9841069050033684,0.895561120377129,0.8369482983377761,0.7028743744164117,0.9868272766917496,0.847894055366476,0.8928095235358382,0.9868402954685715,0.983902503224694,0.8444553756359932,0.9324288082150869,0.8049971072494542,0.8983688348924415,0.9041731885624822,0.9509612716234602,0.8118232793036579,0.831573472604697,0.9679625468514614,0.8444807765485771,0.9071820194155717,0.8456720392434545,0.7513191435964457,0.9355870190267446,0.9027145695931775,0.9774358012844693,0.7677700366499792,0.9071820194155717,0.9071820194155717,0.733113934922652,0.5340923579854615,0.9143588156925635,0.9071820194155714,0.9273099638694315,0.9071820194155726,0.85838294212869,0.9485085979047316,0.9885149882555532,0.9871891849714203,0.9171790486927811,0.9775730833954649,0.854688612976098,0.8060421074138484,0.9071820194155717,0.9284361400099355,0.8999561688633482,0.7731785819190536,0.8711419078291687,0.9454406310460692,0.9003087878178608,0.9134510531460025,0.8380137851239219,0.9071820194155717,0.8712264364031741,0.998136987240644,0.8380026352056635,0.9392854607782679,0.9927718861206731,0.8702468961600933,0.967580431117067,0.9071820194155717,0.9230187807707169,0.8510499403991414,0.9071820194155717,0.9415130395407784,0.8836198871294219,0.8504156658637958,0.85497143309035,0.8248947119012575,0.9071820194155717,0.9397970845028834,0.9417909113379598,0.7585656995660506,0.8224581163001952,0.7499671553351308,0.8041077738515907,0.8324605212725533,0.9004494419178446,0.913451053146003,0.9569952737155705,0.8138801832529765,0.8904257216519325,0.9371017398063328,0.9505617723370701,0.9027865373485822,0.9796939340930619,0.9167305843279034,0.9056384037386234,0.9071820194155717,0.8848860650898702,0.9371612421327014,0.8529435718992495,0.924554456758766,0.9854088830865437,0.9390736794276016,0.9018687388648456,0.9247279175325266,0.901237634194086,0.9245544567587658,0.9471856021934963,0.9632064435946426,0.9326820313004897,0.8717659040471615,0.9806215235201543,0.9405148519069519,0.9273099638694315,0.9632064435946428,0.9796939340930617,0.9140045405405378,0.9211999702940652,0.9273099638694315,0.916574148810214,0.8999561688633484,0.9782084549947732,0.939957779158985,0.9886846011677113,0.9400928876893211,0.913451053146003,0.8791687232341989,0.8611405528799292,0.9179672383016202,0.8797557950282511,0.9314059401137063,0.9934440424493824,0.9202277241011809,0.85285411282922,0.8664475490339385,0.9700326498355725,0.9352547073163471,0.9400099833240843,0.8440345562930198,0.7230880743409211,0.7694355909476005,0.9878359798431867,0.8421443207591821,0.9376663718600011,0.9719433016855953,0.801327283131614,0.897236612208085,0.9500908648202142,0.9987120692432441,0.9700545573574975,0.8867798484766123,0.9908342652343985,0.9994428908841723,0.9715107472647038,0.8304548216727818,0.9778098291715069,0.9660244666247457,0.889458723942809,0.9352547073163471,0.8983688348924417,0.9949291060968913,0.5976796897990198,0.9775045642801594,0.9116898131049112,0.968466004603354,0.9430441133000049,0.9430441133000051,0.6771240158416003,0.0,0.8983688348924415,0.9651501038561535,0.9071820194155717,0.9201228276565452,0.9071820194155717,0.9071820194155717,0.9622613761522315,0.825485549524431,0.9055141698506992,0.9071820194155717,0.8779766043525853,0.938719216738811,0.8972366122080849,0.8567663381728364,0.9883763704142565,0.9401883957401398,0.7955147226911066,0.6354997696863918,0.780159652152312,0.7443423259231803,0.9085206585278063,0.9201228276565452,0.9027145695931782,0.9251305032885433,0.8691295170512909,0.8629508839222022,0.8955611203771288,0.6447298230037253,0.9641398075555427,0.9660244666247457,0.8101720865063557,0.913451053146003,0.8646037275443339,0.7751191907745243,0.966001329208321,0.8822836759018076,0.8876307453487428,0.8889174663394934,0.8283274386785913,0.914753761965559,0.9900460144345289,0.9560815611946234,0.8874576548572419,0.9102716897738727,0.9203312082606383,0.8525051345670998,0.9073749583369008,0.9167305843279037,0.9094058344019367,0.7696583132924086,0.9228925621496877,0.9069941221804065,0.9819150380375274,0.8933032049347225,0.9523705671874025,0.983902503224694,0.9054861327953309,0.7745913910743771,0.5883433982836932,0.8833071939454276,0.9549422857308885,0.536071849234395,0.9520063359153681,0.9071820194155717,0.9167305843279034,0.8736330304641182,0.9071820194155726,0.8232723532225703,0.9775730833954649,0.909582139638336,0.9605280943542008,0.8166062499848112,0.9796939340930619,0.8195735037535306,0.9223125238854548,0.8467336776804284,0.9032215790146931,0.9700908264631055,0.9390736794276016,0.8955611203771288,0.9367800848838336,0.9232815443360516,0.8797557950282511,0.9768695744164378,0.9464833838559388,0.8281137268010237,0.7272686103711835,0.9862580849438625,0.9330707345305392,0.8809236519249315,0.7647496549144359,0.9273099638694315,0.9510212795701292,0.9515217879472728,0.9137149305654867,0.9636710733906702,0.8927632291430208,0.9430441133000047,0.7998227605165993,0.818733612799404,0.9105871713767661,0.7267462860182526,0.9987120692432441,0.9027145695931778,0.9262793072625786,0.9660013292083208,0.8756654948384954,0.8629508839222022,0.9828074695633925,0.9569952737155709,0.903221579014693,0.9403431124874279,0.9167305843279034,0.9311473405254242,0.9071820194155717,0.7176808930478722,0.8905259931782394,0.9600183757398066,0.9900460144345289,0.9071820194155714,0.9548043243214672,0.8561698852752897,0.7367979353210019,0.8583829421286902,0.8955315735658562,0.9998006870883668,0.9051888808384485,0.9868145356208895,0.9851419724112976,0.9008065430119916,0.7829869048958518,0.8877471404310473,0.9201228276565452,0.8929365162866225,0.8311566754341572,0.9586574227081355,0.8972366122080853,0.9633423340760361,0.7789979608961888,0.9390736794276018,0.931147340525424,0.892809523535838,0.9297539537367778,0.9871891849714203,0.9305028536092859,0.9365058003465743,0.9236430180495621,0.9328036494727323,0.7076345599008782,0.8858000064237582,0.9501193058088384,0.9041731885624822,0.9065887965216866,0.8983688348924415,0.9041731885624822,0.9041731885624822,0.8785995314863115,0.9071820194155717,0.6958865684445968,0.9015753828032986,0.9071820194155717,0.9435391793962782,0.8658908483620336,0.9327537943050119,0.913451053146003,0.9201228276565452,0.9102716897738727,0.9041731885624822,0.9414890577980587,0.9739596830614119,0.8822836759018076,0.7987579908947846,0.9071820194155717,0.9034893992932864,0.9987120692432438,0.9754308715802917,0.9845432605334763,0.8324605212725527,0.9236430180495618,0.9927718861206731,0.7842937169639574,0.920448862896152,0.9510212795701292,0.98718918497142,0.9204488628961522,0.9663639282442746,0.8915893040116916,0.796148099450269,0.8901096639134578,0.971510747264704,0.9027254843534638,0.9134510531460027,0.9746760895170791,0.8027053233019168,0.9071820194155717,0.9071820194155724,0.9729088396153853,0.6215574993952278,0.9025302082473685,0.8983688348924415,0.9589992496040742,0.9668495646359405,0.9390736794276016,0.9967765411053557,0.7923637771776073,0.9071820194155717,0.9071820194155717,0.9461086961059253,0.7987260345930508,0.845780144883924,0.9557048154254324,0.988444059239999,0.8899728590087561,0.9437221886753548,0.8301725319647222,0.8772638514038553,0.8005665872851735,0.9071820194155717,0.9728505919998223,0.9167305843279034,0.594056195181146,0.8702468961600933,0.9236430180495616,0.834486465376572,0.9071820194155717,0.9071820194155717,0.7781637915044081,0.9871891849714203,0.8146115535036268,0.988684601167712,0.8525051345671,0.9994428908841724,0.8970614495800682,0.95445632978108,0.7630135037055894,0.838886776086103,0.9071820194155714,0.8451467479521528,0.8420383061995853,0.9515217879472728,0.9806215235201544,0.9725820027322409,0.8636570026662198,0.8879912505112316,0.8761017783000717,0.9927718861206734,0.9716259510577383,0.9071820194155717,0.9318751339582161,0.8843831000619753,0.930291721882051,0.8877428430141172,0.987986714689812,0.9984049036240452,0.9221138435339999,0.8080836985441051,0.9660244666247457,0.8386954180677813,0.9604427436440264,0.9909735478358418,0.9273099638694315,0.8904996677530762,0.8748055425712831,0.9899254742585213,0.5532275582208636,0.9430441133000047,0.813860081637007,0.7414981613732586,0.9232815443360514,0.8682864714911951,0.9105871713767659,0.9493264764640175,0.9633423340760356,0.931147340525424,0.8693583305852732,0.8811280236189605,0.8327414253592276,0.9071820194155724,0.9273099638694315,0.8874576548572417,0.8874576548572419,0.7651205140842701,0.9964099135129635,0.9430441133000051,0.8012705040805242,0.8062157927330316,0.7184774266655265,0.7193750384918061,0.9027145695931775,0.783147776512662,0.7920121967751401,0.9071820194155717,0.8682541654104734,0.9071820194155724,0.954111921401147,0.5714316619801894,0.9086108152814203,0.9435391793962784,0.8124056455680664,0.9071820194155717,0.9897348060190689,0.8707838698505217,0.7694355909476005,0.8168957636461954,0.8017941889571719,0.8354845770278909,0.960900739115506,0.8691358418126565,0.8092714200524824,0.9904070783702417,0.8116663936304358,0.9472238480293105,0.8231926505179257,0.931147340525424,0.9472238480293105,0.9071820194155726,0.9341101219468472,0.7938073650432992,0.8324152206983002,0.8241252552971856,0.8281137268010235,0.907182019415572,0.9041731885624822,0.8757324834775564,0.8809236519249315,0.9004494419178446,0.8246605632114832,0.8319127497332317,0.9071820194155717,0.784677945276594,0.8857042086335831,0.9978926033054865,0.9071820194155717,0.8018471989554682,0.9964099135129638,0.9236430180495616,0.8822836759018073,0.9041731885624822,0.9857413877230147,0.9093644292573355,0.8696924250975737,0.980587532202323,0.8816232583814045,0.9553658937794354,0.8851715050303683,0.9071820194155717,0.9854088830865437,0.9071820194155717,0.6455474190141607,0.8390650969911146,0.9365058003465743,0.594056195181146,0.6992240789790112,0.8808928497196371,0.9700326498355725,0.8862848743640492,0.9071820194155717,0.7332981321214942,0.9394275107084477,0.8575200664828533,0.8915893040116916,0.9493264764640175,0.8182484869464816,0.9488661441906703,0.545850886594744,0.8473098920648878,0.9148925129046539,0.8491484621986283,0.8473098920648878,0.9699906710701272,0.9167305843279034,0.9392419520970219,0.8473098920648878,0.594056195181146,0.9364712649059637,0.9102716897738727,0.8755326157003398,0.9430441133000049,0.3480198101217258,0.8797557950282511,0.8242724495767537,0.9493264764640175,0.9878359798431867,0.894553720415352,0.8241540801036232,0.9430441133000049,0.7413768753377014,0.8304548216727818,0.8583829421286904,0.9371612421327014,0.8917159699094527,0.9590754731851598,0.9799487325991085,0.8723787692931402,0.5534770339719253,0.9560815611946234,0.8435746106182993,0.9710669412761124,0.8970614495800682,0.8970614495800682,0.8646037275443343,0.9167305843279034,0.9201228276565452,0.928670306213264,0.8652692287290051,0.8146931639561967,0.9642214739412927,0.8629508839222022,0.7630700099815497,0.8848500287036507,0.917179048692782,0.9071820194155722,0.9181732824390454,0.9410515354207882,0.968466004603354,0.8646037275443341,0.9217977132018242,0.9660244666247457,0.9868272766917497,0.9627597460625126,0.9056384037386229,0.8983688348924415,0.9233367877012704,0.8853051607789586,0.97497801574447,0.870650924906808,0.8901096639134574,0.8621138512754811,0.9792140372249502,0.7300320103078644,0.8867798484766121,0.913451053146003,0.9102716897738727,0.9725820027322412,0.8676123050779094,0.9987120692432441,0.8883398184093999,0.7659713284707065,0.8407846054341426,0.9390736794276016,0.9390736794276016,0.7870389914565907,0.8332189753156267,0.8929365162866225,0.9560815611946234,0.9716259510577383,0.9435391793962782,0.9201228276565452,0.8263753778581198,0.9713047430365496,0.951521787947273,0.6215574993952273,0.8967690611659009,0.6455474190141607,0.9798302713612489,0.9660244666247457
p180_S,0.7289226937146789,0.9357714224531068,0.8815270484708906,0.915143000726456,0.9443834278905732,0.9587434581480645,0.7039301199308559,0.7272642534026104,0.8946812791236376,0.9564441004788367,0.9341536654578781,0.9425805352069323,0.9425805352069323,0.915143000726456,0.9021135127330808,0.6111271341267072,0.9391025641025641,0.92498342966047,0.9542468650366518,0.9564441004788367,0.8768459965606672,0.9325645805415601,0.9294643302252339,0.9462347596389562,0.9810860991992141,0.9249834296604702,0.9391025641025643,0.9085080245777926,0.9564441004788367,0.7524792710367262,0.9178801133263075,0.9501049319099926,0.9374201804111684,0.9111295270090602,0.9443834278905732,0.9542468650366518,0.9462347596389562,0.9374201804111677,0.9587434581480645,0.9235293061149328,0.8898393963217797,0.9264564493231813,0.9587434581480645,0.9432779785053749,0.9391025641025643,0.8329666295530205,0.9481398354780852,0.8910426583248507,0.9235293061149328,0.8815270484708906,0.9501049319099923,0.8353044563359764,0.9249834296604702,0.211710916673848,0.9374201804111677,0.9220929278982624,0.9220929278982624,0.08671734220308636,0.7398037923896823,0.940821549823033,0.8971337307079472,0.869246610721082,0.92498342966047,0.8898393963217797,0.9521375655065456,0.8077701178076944,0.9501049319099926,0.6711463395933317,0.7479507853922907,0.9542468650366518,0.9137935530290915,0.923529306114933,0.9443834278905732,0.8102331311923985,0.08671734220308636,0.8756817347288388,0.9325645805415599,0.9341536654578781,0.8332818327503073,0.9587434581480645,0.9862951408967355,0.9279496229669753,0.3775235547570439,0.9249834296604702,0.08671734220308636,0.9098137391625774,0.9325645805415599,0.8123411346234963,0.9175986829007592,0.11595356527577638,0.08671734220308636,0.8815270484708906,0.842180086736515,0.8411169961963991,0.3775235547570439,0.5465420575507931,0.8791813830875239,0.8768459965606674,0.8560586063601572,0.828135182106472,0.9220929278982624,0.948139835478085,0.944383427890573,0.8733891874315001,0.6301488336401246,0.9542468650366516,0.8983688348924415,0.8303210531908722,0.9310020898787328,0.8396501108322618,0.8641286133251771,0.9264564493231813,0.841305934976641,0.9008583849785583,0.9481398354780852,0.8147274590373024,0.9357714224531068,0.9542468650366516,0.9587434581480645,0.8445863152939237,0.9819096433504797,0.8745195447781489,0.9310020898787328,0.9612320790184805,0.92498342966047,0.7582669851454553,0.9462347596389562,0.6574204612622756,0.9425805352069323,0.9466378905596335,0.8606818700890233,0.948139835478085,0.9501049319099926,0.9587434581480645,0.9391025641025643,0.886295303731182,0.8675814580264318,0.9501049319099926,0.9501049319099926,0.14277765445410706,0.8385832488776671,0.9564441004788367,0.8345608929679691,0.8595337434443089,0.8768459965606679,0.9021135127330804,0.8827041791382022,0.8270835681605353,0.9694672365613166,0.7875173406888596,0.9564441004788364,0.8971337307079472,0.8995193391026697,0.8698884442909978,0.9501049319099923,0.9235293061149332,0.9190041931657242,0.9059247833199469,0.8981652045712966,0.611127134126707,0.7643416962340792,0.9481398354780852,0.927949622966975,0.7187846254299256,0.8874458144092712,0.9085080245777923,0.9353159208540371,0.8898393963217797,0.9192692664872617,0.8306203710906808,0.915143000726456,0.9425805352069327,0.9220929278982624,0.703094721573569,0.8399577749125604,0.8974554437274085,0.9542468650366516,0.660235030756153,0.9124559366883973,0.6071230312758182,0.9033760264581217,0.8780124908814337,0.9220929278982624,0.9985778460732369,0.6630206762742252,0.8399577749125604,0.9021920595690762,0.9276677015291239,0.15842856286928253,0.9165049484215362,0.9408215498230332,0.894681279123638,0.8319998445807033,0.8218953199998424,0.9702781670896214,0.08671734220308636,0.9462347596389562,0.9408215498230332,0.5113911022930203,0.8744924042850275,0.8815270484708906,0.9985778460732369,0.08671734220308636,0.8560901005086947,0.7958561640457553,0.9564441004788367,0.08671734220308636,0.7477630855124662,0.9072118677365058,0.8756817347288379,0.6971846074603067,0.895904646182567,0.9425805352069325,0.08671734220308636,0.6139017634194652,0.08671734220308647,0.8203114788716959,0.8784237330487583,0.8744924042850275,0.08671734220308636,0.6865107196825391,0.08671734220308636,0.7577757959214529,0.8983688348924415,0.9085080245777923,0.8641286133251764,0.9481398354780852,0.8274071942850132,0.14277765445410606,0.9294643302252339,0.9325645805415603,0.8971337307079472,0.7843300561281428,0.9926146421337172,0.9501049319099923,0.5518729892477361,0.913438231084418,0.8934633408766901,0.8874458144092712,0.9072118677365055,0.9072118677365055,0.9391025641025641,0.8745195447781489,0.9408215498230332,0.08671734220308636,0.9291552782955319,0.08671734220308636,0.7345065892937588,0.9072118677365055,0.9501049319099926,0.9455891145578188,0.8274071942850132,0.9462347596389562,0.9059247833199469,0.9310020898787328,0.8827041791382022,0.9341536654578784,0.8771354040135104,0.948139835478085,0.8595337434443089,0.8595337434443096,0.857212706983332,0.11595356527577638,0.9521375655065456,0.8126806934976472,0.9587434581480645,0.8718705422990425,0.8175324891292579,0.3143103257558938,0.888472012503424,0.8629791856785536,0.9830316367629122,0.9182972074751392,0.8564437189554404,0.7829050929478594,0.9542468650366516,0.8396501108322618,0.9059247833199469,0.927949622966975,0.8922505553843607,0.9542468650366516,0.8659203535365165,0.7964745191091303,0.9521375655065456,0.8886405262183212,0.9151430007264558,0.948139835478085,0.9111295270090605,0.8150157770573558,0.9408215498230332,0.948139835478085,0.948139835478085,0.7794285697266239,0.9542468650366518,0.7794285697266243,0.7023206662323176,0.8745195447781491,0.9127504202483343,0.9542468650366518,0.9443834278905732,0.9235293061149328,0.9408215498230332,0.9501049319099926,0.8096473470754224,0.9579262138531626,0.948139835478085,0.923529306114933,0.9483551875577279,0.7783792385791205,0.9008583849785585,0.8733592706140669,0.6549257525347096,0.7986608081488362,0.7436282795342908,0.9213585819318298,0.9564441004788364,0.8946812791236378,0.9564441004788367,0.9111295270090607,0.9072118677365055,0.9008583849785583,0.948139835478085,0.08671734220308636,0.9501049319099921,0.8934633408766901,0.92498342966047,0.9542468650366516,0.9088934360957929,0.9425805352069325,0.08671734220308636,0.9310020898787328,0.9732924283946004,0.9587434581480645,0.9779039859151868,0.8600310878931324,0.927949622966975,0.9830316367629123,0.8718705422990425,0.8126806934976472,0.9310020898787328,0.9374201804111684,0.8258996239394496,0.9481398354780852,0.9111295270090602,0.7939124995137423,0.9357714224531068,0.9021135127330806,0.9587434581480645,0.8213247008519977,0.9111295270090607,0.7829050929478594,0.9391025641025641,0.11595356527577638,0.9555104155252476,0.9066666273465951,0.8150157770573558,0.8163462215157087,0.8015399251065849,0.08671734220308636,0.8399577749125602,0.9500993698470399,0.9124559366883973,0.9500993698470399,0.9564441004788364,0.830620371090681,0.08671734220308636,0.08671734220308636,0.9694672365613164,0.8946812791236378,0.9035331210577762,0.08671734220308647,0.9564441004788367,0.944383427890573,0.915143000726456,0.8874458144092712,0.7958561640457551,0.9443834278905732,0.9165049484215364,0.9325645805415599,0.8163247221854024,0.9994434733985325,0.08671734220308636,0.8698884442909978,0.9085080245777923,0.8333843709634068,0.95580700472621,0.9165049484215364,0.9030449383728073,0.9481398354780852,0.8028226239174447,0.08671734220308636,0.7780757216617362,0.9816688831877088,0.8457402940353769,0.8138989177015228,0.9913221015557613,0.8692466107210817,0.9374201804111679,0.08671734220308636,0.886255036225464,0.7940271515639381,0.08671734220308636,0.9551504908703918,0.7753502986585725,0.8270835681605353,0.7977480447415817,0.8096473470754224,0.08671734220308636,0.7739328128090319,0.8422747629288034,0.9521375655065456,0.6249359029138133,0.698903104201752,0.8983688348924415,0.9368208004805829,0.886255036225464,0.9481398354780852,0.9232833700357419,0.8756817347288379,0.9294643302252341,0.8387970042600204,0.9532377069979954,0.8583858153873953,0.2841000758228449,0.9501049319099926,0.92498342966047,0.08671734220308636,0.9542468650366518,0.8922505553843607,0.7951960389045738,0.9341536654578784,0.9206732387984036,0.14277765445410762,0.7239105906782226,0.9913221015557613,0.14277765445410762,0.9341536654578786,0.944383427890573,0.9576638699377624,0.8675814580264316,0.8946812791236378,0.9542468650366518,0.831794600261998,0.9676769377237682,0.9357714224531068,0.9294643302252339,0.8606486009196104,0.9325645805415597,0.9564441004788367,0.7807750058510712,0.9085080245777921,0.5192693477851063,0.21940617264077844,0.9325645805415603,0.8934633408766901,0.9481398354780852,0.9111295270090605,0.8898393963217797,0.8652787172263523,0.927949622966975,0.9247323722236847,0.9862951408967358,0.9178801133263077,0.6800950325573993,0.8289109414508824,0.8959046461825673,0.9391025641025643,0.7964745191091303,0.913438231084418,0.915143000726456,0.9279496229669753,0.28410007582284613,0.8002806456228628,0.9341536654578788,0.894206117067054,0.9762262925984153,0.9466378905596335,0.7305691741022118,0.948139835478085,0.830620371090681,0.7673657790231356,0.9098137391625776,0.9945183240274951,0.9542468650366518,0.7837038307590053,0.8815270484708906,0.9521375655065456,0.9085080245777923,0.9391025641025643,0.9391025641025641,0.9501049319099923,0.9542468650366516,0.9178801133263084,0.8090036036042952,0.9046463136602703,0.9425805352069325,0.9425805352069325,0.6852315746788427,0.8983688348924415,0.0,0.8595337434443087,0.08671734220308636,0.9521375655065456,0.08671734220308636,0.08671734220308636,0.828135182106472,0.2841000758228456,0.9111295270090607,0.08671734220308636,0.7871914327852254,0.8223314825479053,0.4619717670934467,0.8955308602833414,0.8698884442909978,0.8399464011131401,0.8946812791236378,0.5354656604218413,0.8522236861229036,0.9535591865156564,0.9403311389782558,0.49198644090280874,0.9098137391625767,0.7494696517315877,0.6997686276802648,0.9178801133263081,0.9535591865156564,0.9408215498230332,0.7641667720662375,0.9521375655065456,0.886255036225464,0.9481398354780852,0.8910426583248505,0.9836426671336509,0.9264564493231813,0.9294643302252337,0.8902436552700266,0.9165049484215362,0.8971337307079472,0.9786165548472288,0.7577906071962066,0.948139835478085,0.25018603398499273,0.9462347596389562,0.9059247833199469,0.872142684444712,0.8797343497299446,0.5149876174732455,0.900854198317711,0.6142037786774617,0.7843727211063933,0.8791813830875237,0.9425805352069323,0.8333843709634072,0.9192692664872615,0.9587434581480645,0.8399464011131401,0.831794600261998,0.7853092223537343,0.7847770412204684,0.9325645805415601,0.8983688348924415,0.9343270097479479,0.08671734220308636,0.9501049319099926,0.9085080245777928,0.9950603702402809,0.8480451455932467,0.9836426671336507,0.9408215498230332,0.9192692664872617,0.8151135627519486,0.9722312205307765,0.8123411346234963,0.9564441004788369,0.8261304582583575,0.9341536654578786,0.883410872990624,0.14277765445410762,0.9374201804111677,0.7139478621703137,0.9466378905596335,0.927949622966975,0.8378044924763255,0.9313860177181099,0.7854536613884084,0.8796400151030104,0.9926146421337172,0.7247555295104215,0.8480451455932467,0.9178801133263084,0.9564441004788367,0.9310020898787328,0.9462347596389562,0.8784237330487583,0.9291552782955317,0.5813176782525826,0.11595356527577638,0.7767163393241143,0.8258996239394496,0.9587434581480645,0.8675814580264318,0.948139835478085,0.9098137391625774,0.9719504864824022,0.9264564493231813,0.9276677015291239,0.9178801133263084,0.9688298914803046,0.5224311288855292,0.9341536654578779,0.9985778460732366,0.9501049319099926,0.9587434581480645,0.08671734220308636,0.9518720845713888,0.852645223991177,0.841305934976641,0.9124559366883973,0.08671734220308647,0.8722007603974486,0.8613516681282443,0.8971337307079472,0.40906351332964774,0.8946812791236376,0.9481052266646686,0.9013701145685413,0.8176118607494689,0.9206732387984036,0.9337059488987844,0.7122254667141537,0.9465236185105814,0.9521375655065456,0.8934633408766899,0.9220929278982624,0.948139835478085,0.9072118677365055,0.9587434581480645,0.9206732387984036,0.9408215498230332,0.9587434581480645,0.9357714224531068,0.9220929278982624,0.9443834278905732,0.703094721573569,0.8733592706140672,0.9542468650366518,0.944383427890573,0.9325645805415601,0.8118186681828423,0.8096473470754224,0.11595356527577638,0.9501049319099923,0.16751012145749278,0.11595356527577638,0.11595356527577638,0.39624699443135647,0.08671734220308636,0.9949392712550607,0.4745713339011637,0.08671734220308636,0.927949622966975,0.5241101826708039,0.9542468650366516,0.9481398354780852,0.9783779352946236,0.9913221015557613,0.11595356527577638,0.8289289085107749,0.8445863152939237,0.9294643302252339,0.8534724586169817,0.08671734220308636,0.8983688348924415,0.9227946422906836,0.9279496229669753,0.8000539660442743,0.8996102754967263,0.9542468650366516,0.9462347596389562,0.9310020898787328,0.9072118677365055,0.6683258355574169,0.944383427890573,0.4619717670934467,0.9972272780214038,0.9178801133263084,0.7372758433140971,0.9341536654578786,0.9542468650366518,0.9235293061149328,0.9481398354780852,0.9721405797402527,0.8547201393526467,0.08671734220308636,0.9443834278905732,0.8710438663027391,0.9564441004788367,0.8223314825479053,0.9391025641025641,0.9615633836644072,0.8077701178076944,0.14277765445410762,0.8119790097285191,0.7901697029276886,0.08671734220308636,0.08671734220308636,0.4307152614686979,0.7247555295104213,0.8934633408766897,0.8662120140192139,0.830620371090681,0.824240089534038,0.8247130225158625,0.8069334316128938,0.926456449323181,0.7951960389045738,0.08671734220308636,0.9964955240981677,0.9501049319099926,0.9587434581480645,0.8692466107210819,0.9542468650366516,0.8151135627519486,0.08671734220308636,0.08671734220308636,0.8304082766995444,0.9443834278905732,0.7872856147178924,0.9325645805415601,0.900854198317711,0.8898393963217797,0.6781138212702618,0.9596253481255899,0.8187369563429281,0.8364704384437258,0.08671734220308647,0.9072118677365055,0.8268403508453748,0.9462347596389562,0.9542468650366516,0.607123031275818,0.7626016525739876,0.4915627018100769,0.9098137391625776,0.9462347596389562,0.9035331210577766,0.08671734220308636,0.8371106808609121,0.9098137391625771,0.8898393963217797,0.8606818700890229,0.9116584494708146,0.9890537762576723,0.8959046461825675,0.8399577749125604,0.9521375655065456,0.8560901005086947,0.849196216756553,0.9949392712550609,0.9564441004788367,0.915143000726456,0.32823507312496225,0.8216249321297535,0.9501049319099926,0.11595356527577638,0.8641286133251762,0.9220929278982624,0.9072118677365055,0.9555104155252476,0.9587434581480645,0.9072118677365055,0.9587434581480645,0.9587434581480645,0.9648472157143735,0.42803715108081064,0.886255036225464,0.9443834278905732,0.9564441004788367,0.9325645805415601,0.9652792462742582,0.8163247221854022,0.9374201804111686,0.9425805352069323,0.9673337013468153,0.5766874241477842,0.9462347596389562,0.7724081431214276,0.3650449085170947,0.7387300849644927,0.7728619647225428,0.08671734220308636,0.8815270484708906,0.944383427890573,0.7614781847347727,0.9564441004788367,0.9264564493231813,0.9279496229669748,0.8995193391026697,0.08671734220308636,0.7677850373097668,0.7874151753009926,0.927949622966975,0.8136807882070662,0.8371106808609121,0.8216249321297535,0.9501049319099923,0.7673657790231349,0.6683052351448108,0.8136807882070662,0.7449828491796286,0.9294643302252343,0.6731008192402979,0.9587434581480645,0.9294643302252341,0.944383427890573,0.8886405262183212,0.9845948329923002,0.8509737027889623,0.5354656604218413,0.7926237952447175,0.944383427890573,0.11595356527577638,0.9099932817368697,0.8480451455932467,0.5671085498453687,0.8333843709634072,0.8071953791294286,0.08671734220308636,0.9452690534532084,0.8503465187788162,0.915143000726456,0.08671734220308636,0.8247130225158625,0.9374201804111679,0.9542468650366516,0.2841000758228456,0.11595356527577638,0.9449432952236013,0.9249834296604699,0.9562462491840287,0.9220929278982624,0.8996102754967263,0.9294643302252339,0.7951960389045738,0.08671734220308636,0.9206732387984036,0.08671734220308636,0.9542468650366516,0.8990395688839348,0.8733592706140674,0.9587434581480645,0.9928298361682761,0.8096473470754224,0.895904646182567,0.915143000726456,0.08671734220308636,0.8705589032350293,0.8307148155194144,0.8928834502989909,0.9178801133263084,0.4619717670934478,0.9501049319099923,0.3884884355989362,0.9165049484215366,0.4140902047633066,0.8827041791382022,0.8275320889350724,0.4140902047633066,0.915143000726456,0.9501049319099923,0.8745195447781491,0.4140902047633066,0.9587434581480645,0.92498342966047,0.9462347596389562,0.9388137099150415,0.9425805352069323,0.9165049484215366,0.9762262925984151,0.8815270484708906,0.9072118677365055,0.9294643302252341,0.9059247833199469,0.9235293061149328,0.9425805352069325,0.9325645805415601,0.704506892685145,0.915143000726456,0.8922505553843605,0.8718705422990425,0.484518035889023,0.8996102754967266,0.9235293061149328,0.9462347596389562,0.9481398354780852,0.8922505553843605,0.883884423370662,0.9206732387984036,0.9206732387984036,0.8910426583248507,0.9501049319099923,0.9521375655065456,0.620194446995529,0.919269266487261,0.883410872990624,0.9098137391625774,0.9178801133263081,0.6222313635184313,0.9310020898787328,0.9165049484215371,0.944383427890573,0.8211363610259472,0.8664296227710759,0.9432779785053749,0.8910426583248507,0.6865005879377823,0.9521375655065456,0.9111295270090605,0.551800880319413,0.9249834296604702,0.9391025641025643,0.9192692664872613,0.8898393963217797,0.6268836538013859,0.7630684742162597,0.9341536654578784,0.6429478736316426,0.9425805352069323,0.8722007603974484,0.6872389037439031,0.9481398354780852,0.9462347596389562,0.8756817347288386,0.9206732387984033,0.9481398354780852,0.8886405262183212,0.850346518778816,0.6811592415007195,0.9408215498230332,0.9408215498230332,0.8705589032350292,0.9279496229669748,0.8934633408766901,0.9481398354780852,0.8457402940353766,0.927949622966975,0.9521375655065456,0.8827041791382022,0.9264564493231813,0.9913221015557613,0.9564441004788367,0.8745195447781489,0.9542468650366516,0.7197454488954547,0.9521375655065456
p181_Y,0.8065042865139256,0.7157194532611508,0.7689555762463061,0.8986476870566931,0.8717146038820361,0.7062885929790657,0.9833208606238033,0.9641542275055374,0.7570714390725408,0.8995337970065291,0.9609642629291476,0.8675560447816311,0.8675560447816311,0.5330061003075444,0.9592409449937285,0.9714665040406921,0.8987803258477833,0.768983485471944,0.8310976547093887,0.730973834206373,0.7564224878052461,0.9826335302203135,0.8435690365285475,0.943555263926096,0.9763402298957824,0.826966494402367,0.7477266191553409,0.8105237777176177,0.7720285418493833,0.7804335359924135,0.880949378772468,0.8849118467483819,0.8789090320955415,0.8170550030701567,0.8717146038820361,0.8310976547093887,0.9773404495327183,0.7019504873874809,0.9048375041252172,0.5798686334888963,0.8010002320931142,0.8303641671418636,0.9480457155580746,0.8009586890730616,0.8383588431708062,0.5980723015232088,0.9502107211581171,0.7486785825409106,0.9526929828593393,0.7267298407698883,0.8849118467483819,0.37540668443487624,0.826966494402367,0.8518501194844417,0.914639332411721,0.8614899173418666,0.959400942135977,0.8717146038820361,0.9501965855194898,0.9815564171452564,0.7627282731962668,0.7785630164034607,0.8774727469180785,0.8953953641899601,0.9976148218819987,0.8030217291918668,0.8256736899939876,0.7136215606195468,0.808203552015403,0.8703028975503369,0.4991392171508755,0.8284181997358584,0.9044788524275964,0.5622830208386308,0.8717146038820361,0.8495167693124208,0.7962779506613693,0.8697672352745365,0.6261114292593142,0.7062885929790661,0.9045414289970422,0.8266272054633474,0.9008583849785581,0.971008495534788,0.8717146038820361,0.46693445804445055,0.9620943400001074,0.7479885443525367,0.8598563011459692,0.8675560447816315,0.8717146038820361,0.4627645794347084,0.5917241788953302,0.7107153083492466,0.9089046609802987,0.7867157975290031,0.4601636983923685,0.7915988213726386,0.5595347799302763,0.5853997458357361,0.7146233801507011,0.7355471990326252,0.7023501650256812,0.6572003123992183,0.9338048841807998,0.8944656454039724,0.5758321464152936,0.530510031346002,0.8408491588837402,0.6262963524180798,0.46515230165563426,0.7845229338454947,0.7402645427875454,0.8630126921868049,0.9502107211581171,0.691835578962269,0.9175203193132078,0.8944656454039726,0.8791214387104958,0.6726900936408952,0.8845661432822199,0.5589131398113634,0.6442847712704993,0.8610367451028638,0.9457553692769327,0.7207379814860574,0.988874364860659,0.8068947155459087,0.8140783112294061,0.7859745422812416,0.6786482732722344,0.950210721158117,0.7894968820867838,0.9048375041252171,0.8685695845092949,0.59242656581617,0.7282965171826977,0.934204113715599,0.9210886546555856,0.8634987624252983,0.7692647455442206,0.899533797006529,0.7305452867313376,0.5394074074074073,0.5981289867519799,0.7742146572980866,0.8744418982000866,0.6011503026438634,0.8236124075183946,0.4742943866328675,0.7720285418493837,0.7627282731962668,0.821791296258757,0.9083494078143561,0.8980273058083952,0.8484673641430909,0.6959002524657374,0.7947420630883415,0.7320648294364136,0.6632732189553512,0.8614515033003052,0.8752103456145177,0.69602548723023,0.5430269831239811,0.8873695741215468,0.6504883434969879,0.7911552796546744,0.782121205673745,0.9246380042337008,0.6846163366832508,0.7386794928539413,0.9732611332238879,0.9426880330699131,0.920356550409008,0.8463485982967385,0.7205600655691231,0.7918924118684401,0.8035785344859689,0.8004961108103354,0.7795589752708634,0.859922552970128,0.8778295381580541,0.9349231859374494,0.8675560447816311,0.7067221976631783,0.5995018548824191,0.6726900936408955,0.7706273539389779,0.8518501194844419,0.8685297004951109,0.8634987624252988,0.8933254878909684,0.4953493862580274,0.5535907640681332,0.8220910408244116,0.8717146038820361,0.8759848927128513,0.857600560801701,0.7676971900349565,0.662652087241878,0.7807635460895814,0.8675560447816311,0.8717146038820361,0.7021586204139894,0.5676793850724666,0.94058850464954,0.8717146038820361,0.7996188984777006,0.8286378524317447,0.8356731575005726,0.778668371977951,0.7298947413442648,0.8777514400271986,0.8717146038820361,0.6981353225154903,0.8717146038820363,0.6960374539050518,0.5456460159929781,0.5150679488293237,0.8717146038820361,0.9884926178680399,0.8717146038820361,0.9541873770696025,0.9550207222780112,0.47801222228566154,0.6980050106116458,0.979957705550937,0.43618191986999133,0.8634987624252982,0.8967571710011211,0.8444532057713664,0.7821571749879555,0.6869964835969584,0.7641095088731329,0.7171432662723765,0.8025402131001313,0.7956255005216161,0.7822664528410119,0.757082656118363,0.8286378524317444,0.7859745422812421,0.8595337434443089,0.4545530606673758,0.8944877265111879,0.8717146038820361,0.7735734468049226,0.8717146038820361,0.7829369075787398,0.6380707706869777,0.8849118467483819,0.8411444086656643,0.4642942621947683,0.8759848927128512,0.7830057484855615,0.9694633416994007,0.4005736849526138,0.9544014861726944,0.6495003566335624,0.880379147867171,0.44133333333333336,0.964395061728395,0.6065945384938619,0.8675560447816315,0.9271952774457721,0.46900313375908653,0.9048375041252172,0.7555190682889503,0.652619464515199,0.9330609402119016,0.8849700030452379,0.4715946524691801,0.9210886546555858,0.6629543010574311,0.6011790534580865,0.5798860987628105,0.8944656454039724,0.5825205211040714,0.9636429384587806,0.9311085800498415,0.7311442280900087,0.8944656454039724,0.9162663646887776,0.6021287184247979,0.9224249212097695,0.7132951410834785,0.692974294510297,0.7355471990326252,0.9845492394292961,0.5126737119806024,0.9564656546829656,0.9450419189054637,0.9101261322599905,0.3914575357847302,0.7134819261865433,0.6326611736512656,0.6489589504412177,0.7850266446233367,0.9727198935773405,0.9487133832322336,0.8661714077534821,0.8532731563605549,0.5786998840287012,0.8256736899939876,0.5288522976600172,0.7806251978189602,0.9450419189054637,0.8035632431111628,0.7889642625662021,0.5921619358355581,0.7916344489131741,0.725189781790479,0.6941658349800655,0.7489411021963901,0.7027361175841395,0.4677859982650656,0.9773020800644383,0.8154660314232959,0.8130832494923947,0.8611429491813896,0.828637852431744,0.6598639516573805,0.8803791478671705,0.8717146038820361,0.8849118467483816,0.8788229963962437,0.7184772329562334,0.8944656454039724,0.9647902277818867,0.750405182431614,0.8717146038820361,0.8408491588837401,0.8944656454039727,0.7927050158447808,0.9387375297854066,0.7660299681869467,0.7482661745234771,0.9210886546555858,0.5791197475339479,0.4981870213017585,0.8068740564849499,0.8556531508423675,0.35729077677057886,0.915294934512644,0.7950110300145407,0.489814142180498,0.8518501194844417,0.8152214877147298,0.9223296501433531,0.4501738218688365,0.5657137513725847,0.43932438713892386,0.9289910671862718,0.8993926091805278,0.9505617334832384,0.7502399515753408,0.5268981389060365,0.5299217491829393,0.34977707858499674,0.8717146038820361,0.6462390397225455,0.8355695295536743,0.6889868448161123,0.9246662161831811,0.8995337970065294,0.6093083056936076,0.8717146038820361,0.8717146038820361,0.8236124075183945,0.7570714390725415,0.43337727221251265,0.8717146038820363,0.772028541849384,0.8989356562990425,0.8529424887130493,0.8129199066911559,0.6240338690897997,0.8661714077534821,0.706499549456373,0.7133697559920003,0.4699962894566596,0.5445901865482963,0.8717146038820361,0.772082833919026,0.607369313194156,0.4780912893328414,0.5551647484077347,0.8916768649292164,0.7780696685325381,0.9101261322599907,0.48497306162420284,0.8717146038820361,0.39532083255031636,0.8447428642455104,0.8005295282221945,0.6983687462820984,0.8759848927128512,0.5624352112348094,0.6134712150334496,0.8717146038820361,0.7376354352524623,0.5918057852014886,0.8717146038820361,0.9462929840320454,0.9617870488685205,0.7857803528301288,0.36282339391425067,0.5005029267320887,0.8717146038820361,0.9949884896230774,0.8220252273479424,0.8096400702014255,0.9459961976568152,0.8358341366269482,0.7855344626580237,0.7684406807967787,0.6153885148113469,0.9502107211581171,0.8181125801224831,0.7132470179278475,0.6840046331108247,0.6435166329714631,0.6922543907234866,0.6917943604465611,0.8638962238722948,0.9572654625627895,0.7942366117297994,0.8717146038820361,0.987918626073182,0.7311442280900076,0.9565831183157478,0.9045414289970423,0.9135038592138272,0.8634987624252984,0.8298969561830513,0.9213039936474141,0.8634987624252984,0.8415558183084839,0.800642910662362,0.9751777096137952,0.7319654314292925,0.6784475015368336,0.8944656454039726,0.6271164277702557,0.8995337970065295,0.967164900085617,0.7637868348196863,0.7382079308797119,0.7686418857715795,0.8951926647784167,0.8263138801225016,0.8320832928690336,0.931056692205386,0.8817125536768826,0.9344582751103174,0.840200378974151,0.8752103456145175,0.9404612933180634,0.9913304772938245,0.9064624437959838,0.7221458308768534,0.8402982659388702,0.9045414289970424,0.8105819580111949,0.6600782125708271,0.5802140172764181,0.41591812812197015,0.9592018085247602,0.8168728115893678,0.8105520318410211,0.8271211228814442,0.8338083271305466,0.8638962238722947,0.3541628689451075,0.9045414289970424,0.8694753989599225,0.8338083271305466,0.9566277828832507,0.7594680288629538,0.7355471990326259,0.9689667207643886,0.8132718509408756,0.7066987123075954,0.8402982659388704,0.8944656454039726,0.8754633861399745,0.834797251409275,0.8096400702014259,0.9307620404653929,0.7477266191553411,0.7175158778168527,0.9210886546555858,0.8944656454039726,0.5326554482169219,0.43878178110660415,0.8646114940903056,0.9732611332238879,0.7504051824316138,0.5826929576483328,0.9651501038561535,0.8595337434443087,0.0,0.8717146038820361,0.8896003271096578,0.8717146038820361,0.8717146038820361,0.5422312387176575,0.8373021566360074,0.7200215627618998,0.8717146038820361,0.518680569909771,0.5901891239505228,0.8499695075069953,0.7272123246320392,0.8572494426036072,0.7087358932450165,0.7563069580045061,0.7735734468049228,0.595682393071082,0.8556531508423675,0.9755887455836862,0.8896003271096578,0.7919760287785568,0.6079984410875876,0.6361903700992643,0.861036745102864,0.8851462416270441,0.9254766905970767,0.7420396077338343,0.7720451198653118,0.7078136648022313,0.9851265078035901,0.6617445851436528,0.8444532057713658,0.8872197069155325,0.8701631037648339,0.6781328216492666,0.7990882071927949,0.7627282731962667,0.8373021566360077,0.8426742380081511,0.8803791478671708,0.8720892706611562,0.7185928800076793,0.9003051101948656,0.6699267727143627,0.674963000457989,0.8849118467483821,0.7397616884261546,0.8595337434443093,0.7800881293923286,0.6558960200567174,0.8140783112294063,0.4640361446553677,0.8057399079579857,0.8791214387104955,0.3818795187276687,0.6422160683878292,0.7542621380938762,0.46083563086999835,0.6580976262124214,0.7855344626580241,0.8566278282523557,0.8717146038820361,0.9572654625627895,0.9183213534746965,0.8717146038820363,0.705182771825815,0.8444532057713655,0.8944877265111879,0.8770787657234149,0.5770796950650703,0.8435690365285473,0.5208136219510118,0.8541379571354053,0.5055092331807782,0.9045414289970422,0.6787847574105299,0.8634987624252984,0.8494159413108651,0.7676485365226434,0.6380707706869773,0.7743865181701004,0.8509494936529538,0.7650181812629875,0.46532719493389285,0.6706581115680035,0.7641095088731327,0.6321181781008551,0.68944333593458,0.8105819580111953,0.8130832494923947,0.9152669132945837,0.8759848927128512,0.575349979790396,0.8315073729380613,0.7294450148306251,0.8675560447816315,0.46978128185273993,0.4766381837208955,0.8791214387104958,0.7620301453944481,0.9851265078035901,0.8156824642453882,0.8876430101625614,0.8872197069155328,0.847277879780672,0.8375809381824395,0.8679473730861486,0.9868058004883371,0.8133444013424307,0.8993926091805273,0.9572654625627895,0.792705015844781,0.8717146038820361,0.8390989761257732,0.6374419962213214,0.5268981389060363,0.443666459628822,0.8717146038820363,0.7568436685578519,0.38524211525020613,0.7627282731962668,0.9900580837439807,0.8730961427060144,0.372708403901886,0.7169175139734824,0.8229590396571154,0.7005790711959701,0.9800330670817718,0.6380633702331499,0.631541819278584,0.9271952774457722,0.5698420570195026,0.910445429738922,0.9450419189054637,0.7233973909879818,0.749496804411923,0.8170245918162766,0.7026557403722566,0.7494968044119235,0.8022055387120322,0.8125344049448118,0.669585916480121,0.980168193777399,0.8077164715114438,0.8944656454039728,0.8717146038820361,0.899725335550945,0.4291565247084763,0.5005029267320888,0.8993926091805278,0.8980273058083952,0.8897444847827971,0.8993926091805278,0.8675560447816315,0.8170550030701569,0.8717146038820361,0.8595337434443089,0.8254490495909419,0.8717146038820361,0.6176644562903595,0.7389479468160463,0.8944656454039726,0.9502107211581171,0.8896003271096575,0.8759848927128513,0.8675560447816315,0.42740645793964305,0.6415222055497377,0.8373021566360076,0.6133378382829453,0.8717146038820361,0.5957894398817527,0.7704629856780989,0.852747549109971,0.5068732280552031,0.7483685569887777,0.7134819261865433,0.7523780656143013,0.8408491588837403,0.9153822866652424,0.8068740564849499,0.8717146038820363,0.8286378524317441,0.679708223683821,0.9079483589437125,0.7563108347677134,0.7287101504442732,0.9487133832322339,0.7289983732370737,0.9502107211581171,0.675618613747587,0.6759148568543527,0.8717146038820361,0.8661714077534826,0.7838555895622634,0.8995337970065292,0.44651130233544745,0.9894125498632487,0.8697672352745365,0.6000876903023851,0.8634987624252984,0.5286536404972599,0.4700952034301705,0.8717146038820361,0.8717146038820361,0.7830057484855619,0.8406804040097626,0.5312194395974099,0.5382021326272692,0.6544931242873937,0.46315900600482296,0.5409999094735323,0.5509474074462085,0.7588487405779849,0.5990958586767566,0.8717146038820361,0.8057344050230492,0.9572654625627895,0.9048375041252172,0.35741243761116204,0.8944656454039724,0.5735402427798125,0.8717146038820361,0.8717146038820361,0.45717701104757535,0.6040574193890005,0.5478385822991874,0.9344582751103179,0.429071404815901,0.6688470471575292,0.8411444086656645,0.9724514508744552,0.5966267724603018,0.430998732744879,0.8717146038820363,0.5954074605364754,0.5393265798854902,0.9097700783194735,0.8944656454039726,0.8181837089901829,0.9855466423614079,0.9182341145770847,0.5541214595946846,0.8759848927128511,0.824241149541743,0.8717146038820361,0.5768252591305523,0.6631052115324785,0.7647821602613929,0.7304216070228193,0.6693714093517578,0.8518501194844417,0.7598932621695063,0.5071435970789455,0.927195277445772,0.9102816876234767,0.6521554217435515,0.9199552261212858,0.813083249492395,0.8499737220532662,0.8522196206602226,0.5418978971345179,0.8849118467483817,0.8675560447816315,0.6865985442903222,0.8447770082758032,0.8087240112889866,0.8914403858004348,0.9048375041252174,0.744729046063233,0.9048375041252175,0.904837504125217,0.7822664528410119,0.8203723848093063,0.7561204652506393,0.8717146038820364,0.8130832494923947,0.9620943400001074,0.8444532057713657,0.4846681325769948,0.9378952136648955,0.8675560447816311,0.8692547644743305,0.7504086464373168,0.8759848927128514,0.5866598810877435,0.8137727791661153,0.7274211963516037,0.6957169984448563,0.8717146038820361,0.40873087411501485,0.9644641533901628,0.5254135220594671,0.8995337970065291,0.9587351334794108,0.8338083271305468,0.7598463438425309,0.8717146038820361,0.5066151893009161,0.39609066544581406,0.8338083271305468,0.5096510372569786,0.5622830208386307,0.5275984067489583,0.9210886546555856,0.5942362830592721,0.7900475800687515,0.9359854388013443,0.4789197198624895,0.5244402296931017,0.5867587739445534,0.7494968044119235,0.6308164986382503,0.6695859164801212,0.8555999624260064,0.9278380262346431,0.592939033881918,0.7735734468049228,0.3797209235003809,0.8717146038820361,0.8993926091805278,0.6161032134859616,0.5635278488047024,0.763268754796762,0.4780912893328414,0.43119851647260776,0.8717146038820361,0.49399277013135723,0.7112153345255348,0.5101535011357221,0.8717146038820361,0.595682393071082,0.8199228505261882,0.8944656454039724,0.8373021566360075,0.8675560447816315,0.5877022601159227,0.852219620660223,0.9245944078367421,0.8614899173418664,0.9899031134783991,0.8435690365285478,0.38564032394850845,0.8717146038820361,0.8170245918162766,0.8717146038820361,0.8944656454039726,0.4947838185022886,0.7078900133942538,0.9048375041252172,0.8613454224700123,0.5072690907904185,0.7598932621695061,0.9900580837439807,0.8717146038820361,0.6350212802029058,0.5912989449385786,0.6751791647506422,0.8610367451028638,0.979377251890996,0.9572654625627895,0.9982284133745902,0.8074099974274134,0.8320832928690333,0.729445014830626,0.4453151312321162,0.8320832928690333,0.8986476870566933,0.75332007417958,0.8024199911473346,0.8320832928690333,0.9048375041252172,0.9457553692769325,0.8759848927128512,0.7328466050513429,0.7185686180327175,0.8537043262956242,0.6960254872302303,0.8708197216224038,0.8727189765147401,0.8373021566360078,0.7830057484855621,0.8236124075183946,0.8675560447816311,0.8997253355509452,0.7960205912278792,0.715826893682119,0.7886321224712785,0.6820193513076992,0.7978257204251891,0.708102660137574,0.7787082864864663,0.9097700783194738,0.880379147867171,0.8472778797806717,0.7753181831585196,0.8170245918162765,0.7005790711959701,0.8247530125170958,0.8849118467483817,0.9271952774457722,0.9780359582956881,0.813786183959727,0.8084327483155185,0.9009597807163501,0.9513167995337415,0.9197819686577301,0.7255794138777247,0.8999986551638355,0.8717146038820361,0.8536310064038117,0.6030532909636166,0.8646114940903056,0.7676971900349568,0.9233052377530457,0.9600198715458841,0.9184173202624473,0.9973870649836616,0.8522196206602227,0.9592018085247604,0.9721972427439869,0.9142743906093294,0.9375308641975311,0.9868956338350676,0.9261900692066418,0.9521576835782315,0.7822417468305098,0.997764438261276,0.7843698086969808,0.9450419189054637,0.9097700783194735,0.7132470179278474,0.817024591816276,0.8402945589690451,0.9944505083599016,0.6865075103861181,0.8452976429826491,0.8266115967158121,0.9254766905970766,0.6643649664435759,0.852747549109971,0.7243325267078728,0.8752103456145182,0.6441839772905011,0.8005068618167241,0.8896003271096578,0.7475696252518085,0.8358713203805137,0.7861632512209238,0.8995337970065291,0.8671064248967049,0.8944656454039724,0.9109676711200154,0.8896003271096578
p182_D,0.7524297972473161,0.9413411539914585,0.8918007079504506,0.9225015741707872,0.9492063492063487,0.9623211158059548,0.7050163519970581,0.7509151724713103,0.9038142386822647,0.960221152322577,0.9398636845831869,0.9475597985845114,0.9475597985845114,0.9225015741707872,0.9106019687464653,0.5567710364845595,0.944383427890573,0.9314886672615048,0.9582144552981327,0.960221152322577,0.8875255844205965,0.938412400887346,0.935580996038617,0.9508971383859763,0.9369854052620163,0.9314886672615046,0.944383427890573,0.916441965519317,0.960221152322577,0.7739436107925906,0.9250013316406693,0.9544316996038,0.9428469360414609,0.9188361382271659,0.9492063492063489,0.9582144552981327,0.9508971383859763,0.9428469360414602,0.9623211158059548,0.930160641445072,0.8993922310882436,0.932833950574053,0.9623211158059548,0.912915131908919,0.9443834278905732,0.8474513194974065,0.9526370111116405,0.9004911494084333,0.930160641445072,0.8918007079504506,0.9544316996038,0.8495864161552136,0.9314886672615046,0.13408370177867746,0.9428469360414604,0.9288488221297497,0.9288488221297497,0.0,0.7383793872014479,0.9459533477380775,0.9060540201833016,0.831146423199498,0.931488667261505,0.8993922310882436,0.9562880686171875,0.8244397822834253,0.9544316996038,0.6473831763250288,0.7698078233874499,0.9582144552981327,0.92126914699118,0.9301606414450723,0.9492063492063487,0.8266892096935958,0.0,0.8864622842804517,0.938412400887346,0.9398636845831867,0.8233095582802461,0.9623211158059548,0.9398636845831869,0.9341976401680094,0.31108550994831163,0.9314886672615048,0.0,0.9176344520056336,0.938412400887346,0.8046479448175341,0.8939536575643376,0.03139863267861631,0.0,0.8918007079504506,0.831146423199498,0.8548949080074899,0.31108550994831163,0.48955645159511163,0.8896584524348263,0.8875255844205965,0.8198957816506434,0.8187498553347687,0.9288488221297497,0.9526370111116405,0.9492063492063489,0.8580633769736241,0.6072669396673074,0.9582144552981327,0.907182019415572,0.7973204052495684,0.9369854052620166,0.8289245259008584,0.8759110188590657,0.9328339505740528,0.8070467719220202,0.9094556823349389,0.9526370111116405,0.7833099084134079,0.9413411539914585,0.9582144552981327,0.9623211158059548,0.8580633769736241,0.9129151319089193,0.885400876353422,0.9369854052620166,0.9250013316406696,0.931488667261505,0.7554264789789613,0.9508971383859763,0.6339927913026551,0.9475597985845114,0.9152582079543838,0.8727631680356085,0.9526370111116405,0.9544316996038,0.9623211158059548,0.944383427890573,0.8453085223330421,0.879064442044788,0.9544316996038003,0.9544316996038,0.06018876900101988,0.8046479448175343,0.960221152322577,0.8244397822834253,0.8717146038820363,0.8875255844205967,0.9106019687464659,0.892875760974867,0.8420784215528956,0.9301606414450723,0.7583810530554915,0.9602211523225768,0.9060540201833014,0.8559522762859688,0.8811713725919912,0.9544316996038,0.9301606414450725,0.8950345750758599,0.9140827360776209,0.8938851835250172,0.5567710364845593,0.7367566674079002,0.9526370111116407,0.9341976401680094,0.7431708752992887,0.8972062142375332,0.9164419655193166,0.8612222667022558,0.8993922310882436,0.9262700211315917,0.8453085223330423,0.9225015741707872,0.9475597985845114,0.9288488221297495,0.6783615558233287,0.8538362113124116,0.8780124908814328,0.9582144552981327,0.6072669396673073,0.9200475251844384,0.5526275082095409,0.9117550006367756,0.8885909234541711,0.9288488221297497,0.9475597985845114,0.6394614409405057,0.8538362113124116,0.8580633769736241,0.9015943008452869,0.13408370177867734,0.9237454173815312,0.9459533477380775,0.903814238682265,0.8221755430097122,0.7897778653703145,0.9060540201833014,0.0,0.9508971383859763,0.9459533477380777,0.4895564515951115,0.8355526955775656,0.8918007079504506,0.9475597985845114,0.0,0.8685695845092951,0.7897778653703145,0.960221152322577,0.0,0.6951973979147161,0.9152582079543841,0.8864622842804517,0.6447787703816181,0.9049315186013059,0.9475597985845114,0.0,0.6473831763250286,0.0,0.8117838598171898,0.8388272306091986,0.8355526955775657,0.0,0.6339927913026551,0.0,0.7050163519970583,0.9071820194155717,0.9164419655193166,0.8759110188590655,0.9526370111116407,0.7711949776746383,0.06018876900101888,0.935580996038617,0.9384124008873462,0.9060540201833014,0.7554264789789611,0.9188361382271666,0.9544316996038,0.4951319232791844,0.8907283270583697,0.9027019168030599,0.897206214237533,0.9152582079543838,0.9152582079543838,0.944383427890573,0.885400876353422,0.9459533477380777,0.0,0.9027019168030597,0.0,0.7334713952978886,0.9152582079543841,0.9544316996038,0.9275522446953854,0.7711949776746383,0.9508971383859763,0.9140827360776205,0.9369854052620161,0.892875760974867,0.9398636845831869,0.8612222667022562,0.9526370111116405,0.8717146038820363,0.8717146038820349,0.8442340263447974,0.03139863267861631,0.9562880686171873,0.8289245259008584,0.9623211158059548,0.8333555867103808,0.8333555867103808,0.24376003609304187,0.8706662210952574,0.8748612665230131,0.9544316996038003,0.848519788337875,0.7973204052495684,0.7780046509581313,0.9582144552981327,0.8289245259008584,0.9140827360776214,0.9341976401680094,0.9015943008452874,0.9582144552981327,0.8517144868263773,0.8141237078825918,0.9562880686171873,0.8982973238138026,0.9225015741707867,0.9526370111116407,0.9188361382271666,0.8070467719220202,0.9459533477380775,0.9526370111116405,0.9526370111116407,0.7985559379258667,0.9582144552981327,0.7985559379258667,0.6499526646778642,0.885400876353422,0.8442340263447972,0.9582144552981327,0.9492063492063487,0.930160641445072,0.9459533477380777,0.9544316996038003,0.8022278398026612,0.8982973238138026,0.9526370111116405,0.9301606414450723,0.9164419655193172,0.7250134267509765,0.9094556823349389,0.8843412180810755,0.6848496741376313,0.7923174570100686,0.6911250629978627,0.8727631680356077,0.9602211523225768,0.903814238682265,0.9602211523225768,0.9188361382271668,0.9152582079543841,0.9094556823349389,0.9526370111116405,0.0,0.9544316996038,0.9027019168030597,0.931488667261505,0.9582144552981327,0.9562880686171873,0.9475597985845114,0.0,0.9369854052620163,0.9582144552981327,0.9623211158059548,0.9106019687464655,0.823309558280246,0.9341976401680094,0.9544316996038003,0.8333555867103808,0.8289245259008584,0.9369854052620166,0.9428469360414611,0.8409971458279799,0.9526370111116405,0.9188361382271659,0.8117838598171898,0.9413411539914587,0.9106019687464657,0.9623211158059548,0.7655931084723666,0.9188361382271666,0.7780046509581313,0.944383427890573,0.03139863267861631,0.92126914699118,0.885400876353422,0.8070467719220202,0.8082384637825222,0.8187498553347687,0.0,0.8538362113124116,0.9176344520056336,0.9200475251844387,0.9176344520056336,0.9602211523225768,0.8453085223330421,0.0,0.0,0.930160641445072,0.903814238682265,0.8591172857456586,0.0,0.9602211523225768,0.9492063492063489,0.922501574170787,0.8972062142375332,0.7897778653703145,0.9492063492063489,0.9237454173815309,0.938412400887346,0.8322525541058978,0.9634411459729271,0.0,0.8811713725919912,0.9164419655193168,0.7766590274917047,0.9952327064015152,0.9237454173815312,0.8704033497109469,0.9526370111116405,0.7960789049353036,0.0,0.7973204052495684,0.9314886672615053,0.8591172857456586,0.8300371089395653,0.9508971383859763,0.831146423199498,0.9428469360414606,0.0,0.8961186971729789,0.7399891659895361,0.0,0.9237454173815309,0.7948313236856197,0.8420784215528956,0.8152867967569688,0.8022278398026612,0.0,0.7698078233874488,0.8559522762859684,0.9562880686171873,0.6574604645689301,0.7250134267509767,0.907182019415572,0.908315805590151,0.8961186971729789,0.9526370111116405,0.8982973238138026,0.8864622842804517,0.935580996038617,0.8527760996057683,0.8738120195914167,0.8706662210952574,0.21151139151266862,0.9544316996038,0.9314886672615055,0.0,0.9582144552981327,0.9015943008452869,0.8129560940834346,0.9398636845831869,0.9275522446953854,0.06018876900102055,0.7478523304650295,0.9508971383859763,0.06018876900102055,0.9398636845831869,0.9492063492063489,0.9413411539914582,0.879064442044788,0.903814238682265,0.9582144552981327,0.8463809254714867,0.9602211523225768,0.9413411539914582,0.935580996038617,0.801009545737682,0.938412400887346,0.9602211523225768,0.7997856146881548,0.9164419655193166,0.5305546844946969,0.24376003609304187,0.938412400887346,0.9027019168030597,0.9526370111116405,0.9188361382271666,0.8993922310882436,0.8769613888066743,0.9341976401680094,0.8993922310882436,0.9398636845831869,0.9250013316406693,0.6827113291147924,0.7725735218970409,0.9049315186013058,0.9443834278905732,0.8141237078825918,0.8907283270583697,0.9225015741707872,0.9341976401680094,0.21151139151266984,0.8175997772209664,0.9398636845831869,0.8517144868263774,0.9341976401680094,0.9152582079543841,0.7539334992316542,0.9526370111116405,0.8453085223330421,0.7143607147557585,0.9176344520056336,0.8993922310882432,0.9582144552981327,0.7301312695908229,0.8918007079504506,0.9562880686171875,0.9164419655193166,0.944383427890573,0.944383427890573,0.9544316996038003,0.9582144552981327,0.9250013316406696,0.8255663034700989,0.9129151319089186,0.9475597985845114,0.9475597985845114,0.7125274559321444,0.9071820194155717,0.08671734220308636,0.8717146038820361,0.0,0.9562880686171873,0.0,0.0,0.8187498553347687,0.2115113915126693,0.9188361382271664,0.0,0.7334713952978882,0.8377384241745145,0.4006068367505189,0.8527760996057685,0.8811713725919912,0.8058499662916012,0.903814238682265,0.47795836130872293,0.8399134433261015,0.9428469360414604,0.8864622842804515,0.4408515443948542,0.9176344520056336,0.7711949776746385,0.6473831763250284,0.9250013316406696,0.9428469360414602,0.9459533477380775,0.7846176027958278,0.9562880686171873,0.8961186971729789,0.9526370111116405,0.9004911494084331,0.938412400887346,0.9328339505740528,0.935580996038617,0.848519788337875,0.9237454173815312,0.9060540201833016,0.9355809960386168,0.7223272158432528,0.9526370111116405,0.17526171623055564,0.9508971383859763,0.9140827360776205,0.8570084033315839,0.8399134433261015,0.4654487838138114,0.8570084033315841,0.5711669571562623,0.77934241058442,0.8896584524348263,0.9475597985845114,0.7766590274917051,0.9262700211315917,0.9623211158059548,0.8058499662916013,0.8463809254714865,0.7876282222528316,0.8034406041869142,0.938412400887346,0.9071820194155717,0.8822265994777512,0.0,0.9544316996038,0.9164419655193174,0.9492063492063487,0.8612222667022558,0.938412400887346,0.9459533477380777,0.9262700211315917,0.831146423199498,0.9355809960386168,0.8046479448175343,0.9602211523225772,0.7935775465776653,0.9398636845831869,0.8664724446651941,0.06018876900102055,0.9428469360414602,0.7143607147557588,0.9152582079543841,0.9341976401680094,0.7806724477786732,0.880117361849238,0.7318083230664854,0.8633240709217587,0.9188361382271666,0.6991852245234744,0.8612222667022558,0.9250013316406696,0.960221152322577,0.9369854052620166,0.9508971383859763,0.8388272306091986,0.9027019168030597,0.525843532183836,0.03139863267861631,0.7960789049353036,0.8409971458279799,0.9623211158059548,0.8790644420447877,0.9526370111116405,0.9176344520056336,0.9164419655193168,0.932833950574053,0.9015943008452869,0.9250013316406696,0.9369854052620166,0.500567215157067,0.9398636845831867,0.9475597985845112,0.9544316996038,0.9623211158059548,0.0,0.9188361382271668,0.8654234385275936,0.8070467719220202,0.9200475251844384,0.0,0.8832831707913575,0.8244397822834253,0.9060540201833016,0.34458474155865637,0.9038142386822647,0.8918007079504506,0.8811713725919912,0.7859181167692968,0.9275522446953854,0.9060540201833014,0.6598989712921809,0.8907283270583697,0.9562880686171873,0.9027019168030597,0.9288488221297497,0.9526370111116405,0.9152582079543841,0.9623211158059548,0.9275522446953854,0.9459533477380777,0.9623211158059548,0.9413411539914587,0.9288488221297497,0.9492063492063487,0.6783615558233285,0.8843412180810755,0.9582144552981327,0.9492063492063489,0.9384124008873462,0.7806724477786728,0.8022278398026612,0.03139863267861631,0.9544316996038003,0.08671734220308558,0.03139863267861631,0.03139863267861631,0.3741839079094693,0.0,0.944383427890573,0.4527606561376478,0.0,0.9341976401680094,0.535161772248302,0.9582144552981327,0.9526370111116405,0.9562880686171873,0.9508971383859763,0.03139863267861631,0.7960789049353036,0.8580633769736241,0.935580996038617,0.8409971458279799,0.0,0.9071820194155722,0.9526370111116405,0.9341976401680094,0.7935775465776653,0.9083158055901508,0.9582144552981327,0.9508971383859763,0.9369854052620166,0.9152582079543841,0.6284764518573093,0.9492063492063487,0.4006068367505189,0.92126914699118,0.9250013316406696,0.6848496741376318,0.9398636845831869,0.9582144552981327,0.930160641445072,0.9526370111116405,0.9071820194155722,0.8420784215528954,0.0,0.9492063492063487,0.8822265994777507,0.960221152322577,0.8377384241745145,0.944383427890573,0.9398636845831869,0.8244397822834253,0.06018876900102055,0.7569089328329721,0.7846176027958276,0.0,0.0,0.40880739824839063,0.6991852245234742,0.9027019168030597,0.8058499662916013,0.8453085223330421,0.8152867967569688,0.8399134433261015,0.7997856146881548,0.9328339505740528,0.8129560940834346,0.0,0.9004911494084331,0.9544316996038,0.9623211158059548,0.831146423199498,0.9582144552981327,0.831146423199498,0.0,0.0,0.7739436107925914,0.9492063492063487,0.7819949015164562,0.938412400887346,0.8570084033315841,0.8993922310882436,0.6856702229525599,0.8993922310882436,0.8344556057285131,0.8506512873935228,0.0,0.9152582079543841,0.8175997772209664,0.9508971383859763,0.9582144552981327,0.5526275082095407,0.7351207557283752,0.43182584581086747,0.9176344520056336,0.9508971383859763,0.8591172857456586,0.0,0.8266892096935958,0.9176344520056336,0.8993922310882436,0.8727631680356078,0.8654234385275936,0.9413411539914582,0.9049315186013054,0.8538362113124116,0.9562880686171875,0.8685695845092949,0.862273520033598,0.9443834278905732,0.9602211523225768,0.9225015741707872,0.2586095064370061,0.8129560940834346,0.9544316996038,0.03139863267861631,0.8759110188590655,0.9288488221297497,0.9152582079543841,0.92126914699118,0.9623211158059548,0.9152582079543841,0.9623211158059548,0.9623211158059548,0.9027019168030597,0.3647019568709454,0.8961186971729789,0.9492063492063487,0.9602211523225768,0.938412400887346,0.938412400887346,0.8322525541058978,0.9428469360414611,0.9475597985845114,0.9288488221297497,0.5210240199989242,0.9508971383859761,0.7684119013812074,0.3833143586062788,0.7125274559321442,0.7447432793600621,0.0,0.8918007079504506,0.9492063492063489,0.758381053055492,0.960221152322577,0.9328339505740528,0.9341976401680097,0.855952276285969,0.0,0.7399891659895361,0.8058499662916012,0.9341976401680094,0.8058499662916012,0.8266892096935958,0.8129560940834346,0.9544316996038,0.7143607147557588,0.6716454483484393,0.8058499662916012,0.7431708752992889,0.9355809960386166,0.6761489807685291,0.9623211158059548,0.9355809960386168,0.9492063492063489,0.8982973238138026,0.930160641445072,0.8388272306091984,0.4779583613087228,0.8106069085572598,0.9492063492063489,0.03139863267861631,0.8420784215528954,0.861222266702256,0.5110414539348817,0.7766590274917051,0.7524297972473162,0.0,0.9856724533720749,0.8633240709217587,0.9225015741707872,0.0,0.8399134433261015,0.9428469360414604,0.9582144552981327,0.2115113915126694,0.03139863267861631,0.9114861522954751,0.9314886672615051,0.897206214237533,0.9288488221297497,0.9083158055901508,0.9355809960386172,0.8129560940834346,0.0,0.9275522446953854,0.0,0.9582144552981327,0.8333555867103808,0.8843412180810759,0.9623211158059548,0.9262700211315917,0.8022278398026612,0.904931518601306,0.9225015741707869,0.0,0.8322525541058978,0.8210376473859937,0.8506512873935228,0.9250013316406696,0.40060683675051967,0.9544316996038003,0.3227392978460525,0.9237454173815312,0.392115299153029,0.8928757609748668,0.7948313236856197,0.392115299153029,0.9225015741707872,0.9544316996038003,0.885400876353422,0.392115299153029,0.9623211158059548,0.931488667261505,0.9508971383859763,0.885400876353422,0.9475597985845114,0.9237454173815312,0.9341976401680094,0.8918007079504506,0.9152582079543841,0.9355809960386168,0.9140827360776211,0.930160641445072,0.9475597985845114,0.9384124008873462,0.7301312695908225,0.9225015741707872,0.9015943008452869,0.8333555867103808,0.42440193597169273,0.9083158055901508,0.930160641445072,0.9508971383859763,0.9526370111116405,0.9015943008452867,0.8939536575643379,0.9275522446953854,0.9275522446953854,0.9004911494084333,0.9544316996038,0.9562880686171873,0.5974763156586966,0.9262700211315922,0.8664724446651935,0.9176344520056336,0.9250013316406696,0.6549904556417999,0.9369854052620166,0.9237454173815312,0.9492063492063487,0.8366469404145511,0.8780124908814328,0.9129151319089186,0.9004911494084333,0.6623067578386677,0.9562880686171875,0.9188361382271666,0.5906675167558797,0.9314886672615046,0.944383427890573,0.926270021131592,0.8993922310882434,0.6040574193889983,0.7598430279509716,0.9398636845831869,0.6739104850582693,0.9475597985845114,0.8832831707913573,0.7143607147557586,0.9526370111116407,0.9508971383859763,0.8864622842804517,0.9275522446953852,0.9526370111116405,0.8982973238138026,0.8633240709217587,0.708808264663793,0.9459533477380775,0.9459533477380775,0.8322525541058978,0.9341976401680094,0.9027019168030599,0.9526370111116405,0.8591172857456586,0.9341976401680094,0.9562880686171873,0.8928757609748668,0.9328339505740528,0.9508971383859763,0.960221152322577,0.8854008763534222,0.9582144552981327,0.7197593917099125,0.9562880686171873
p182_Q,0.8559043354450988,0.9495194495442565,0.6374311025589524,0.9333065093925881,0.9562880686171875,0.9675743567407267,0.8518157474872083,0.8245098594864122,0.9172245874626141,0.9657671730030435,0.33800529464407636,0.9548710823073732,0.9548710823073732,0.9333065093925881,0.9230659630317122,0.9013784409842847,0.9521375655065456,0.9410406098239263,0.9640402523885963,0.9657671730030437,0.9032069193824652,0.3538106028060497,0.9445623805946022,0.9577431256853026,0.36864622684561166,0.9410406098239261,0.9521375655065456,0.9280917395652364,0.9657671730030437,0.8389581781771545,0.9354577472990955,0.9560086947472868,0.9508152934266847,0.9301521134798676,0.9562880686171875,0.9640402523885963,0.1874942110935155,0.9508152934266847,0.9675743567407267,0.9398977391608507,0.9134191021410447,0.9421983319196943,0.9675743567407267,0.9250566218612029,0.9521375655065456,0.8687198626112254,0.1573927922435595,0.9143648077845039,0.43127372142724874,0.9068859994145184,0.9607848936032957,0.8705572812086979,0.9410406098239261,0.9495194495442565,0.9508152934266845,0.9387688154666092,0.9387688154666092,0.9562880686171873,0.7748548864613389,0.2624929266331485,0.919152095601053,0.8883704299920682,0.9410406098239261,0.9134191021410447,0.9623824451410659,0.8489166250019229,0.9607848936032957,0.8760356045203772,0.8424394300035336,0.9640402523885963,0.9322459088752486,0.939897739160851,0.9562880686171875,0.8508524342038153,0.9562880686171873,0.6552263977579346,0.9469990271543745,0.9482479709168004,0.7858946626455752,0.9675743567407267,0.9482479709168004,0.9433718940682516,0.9365495543873188,0.9410406098239263,0.9562880686171873,0.9291179679746995,0.9469990271543745,0.8318841922523383,0.6297583081743697,0.9548710823073729,0.9562880686171873,0.9483117174169302,0.8546882169814702,0.8751256559556833,0.9912425166211662,0.914364807784504,0.9459681478708941,0.6922664431881904,0.8450061550758592,0.8771157527508111,0.9387688154666092,0.9592404230051592,0.9562880686171875,0.8778523726982708,0.6620223134823309,0.04407004266351722,0.5749591436932455,0.825578268149719,0.9457709851868581,0.852776099605769,0.8932116722416497,0.9421983319196943,0.8339485716413386,0.5172316440164647,0.1573927922435595,0.8135211337092481,0.9495194495442565,0.964040252388596,0.9675743567407267,0.8778523726982708,0.9250566218612029,0.9013784409842851,0.9457709851868581,0.9354577472990953,0.9991226281223797,0.7895252496743006,0.1874942110935155,0.9167714410425667,0.9548710823073732,0.9761356843815903,0.8905026990324323,0.9592404230051592,0.9607848936032957,0.9675743567407267,0.9521375655065456,0.9361590003494942,0.8959254409068564,0.9607848936032957,0.12394457825310956,0.9534886050081051,0.8088965260521004,0.0899773489975646,0.8489166250019229,0.8896003271096578,0.9032069193824652,0.9230659630317122,0.9078111670939808,0.8984876543923499,0.939897739160851,0.8190873193696528,0.9657671730030437,0.9191520956010533,0.7321637323361279,0.8977386203509139,0.9607848936032957,0.939897739160851,0.9096689964166691,0.9260614370793872,0.7300334708344973,0.9013784409842851,0.8666646566334322,0.9592404230051592,0.9433718940682516,0.8624031815176507,0.6175693860257454,0.9280917395652364,0.9167714410425667,0.6089429446703845,0.936549554387319,0.9015174087358591,0.9333065093925881,0.23966622495314926,0.9387688154666092,0.8984876543923499,0.7363426026476418,0.8950201541957776,0.964040252388596,0.8886981112672734,0.9311946072310935,0.9022918659842718,0.9240582376582436,0.9041237274088108,0.938768815466609,0.9548710823073732,0.8787593440855821,0.7363426026476416,0.8778523726982708,0.9153141563577836,0.9495194495442565,0.9343769343025807,0.9534886050081051,0.9172245874626141,0.7874221798747583,0.8514910516687031,0.964663415934474,0.9562880686171873,0.9577431256853028,0.9534886050081053,0.9143648077845039,0.7681330752336026,0.9483117174169302,0.9548710823073732,0.9562880686171873,0.7045549113235949,0.8514910516687031,0.9657671730030437,0.9562880686171873,0.856589375931306,0.9270730230791457,0.9022918659842718,0.9126737616573806,0.9181860947060071,0.9548710823073732,0.9562880686171873,0.9116538466243312,0.9562880686171872,0.8006082374759431,0.8954576130000749,0.892424412171627,0.9562880686171873,0.6850220107787022,0.9562880686171873,0.7796467775134234,0.9201228276565452,0.9280917395652364,0.6859914648058022,0.9592404230051592,0.835424380863864,0.9534886050081051,0.38260971188855086,0.9469990271543747,0.9191520956010533,0.8212728377122549,0.9301521134798676,0.9607848936032957,0.9568407342490965,0.9059631313150907,0.916267347002444,0.9115378627127524,0.5332377025939612,0.9270730230791455,0.9521375655065456,0.9413830194575714,0.9534886050081053,0.9562880686171873,0.9162673470024438,0.9562880686171873,0.8687764701124442,0.9270730230791457,0.9607848936032957,0.9931284229919284,0.835424380863864,0.9577431256853026,0.9260614370793869,0.3686462268456112,0.9078111670939808,0.9482479709168004,0.8805708457535915,0.9592404230051594,0.8896003271096578,0.8896003271096578,0.9005073409360098,0.9548710823073729,0.9623824451410659,0.852776099605769,0.9675743567407267,0.8565893759313061,0.7715031580899792,0.942198331919694,0.8886981112672732,0.9303915684461666,0.9607848936032957,0.904549858005435,0.7843298856175567,0.835424380863864,0.04407004266351722,0.852776099605769,0.9260614370793872,0.9433718940682516,0.9153141563577836,0.04407004266351722,0.8723886533920737,0.8400388316300484,0.9511494252873566,0.9124768483179182,0.9333065093925881,0.9592404230051592,0.9301521134798676,0.8339485716413388,0.26249292663314894,0.9592404230051594,0.9592404230051592,0.8155363791473291,0.964040252388596,0.7830070991781048,0.910635456538732,0.658571195809565,0.8659511288161978,0.9640402523885963,0.9562880686171875,0.9398977391608507,0.9534886050081053,0.9607848936032957,0.8298015015479603,0.912476848317918,0.9592404230051592,0.939897739160851,0.9280917395652364,0.7963197439933528,0.922079493420201,0.9004665216997632,0.8954576130000749,0.8219587423920875,0.8584801609121497,0.9282564559285416,0.9657671730030435,0.9172245874626141,0.9657671730030437,0.4614360328842416,0.9270730230791457,0.9220794934202008,0.9592404230051592,0.9562880686171873,0.9607848936032954,0.9606832254354423,0.9410406098239263,0.04407004266351722,0.9623824451410659,0.9548710823073732,0.9562880686171873,0.3063205188485628,0.964040252388596,0.9675743567407267,0.5110414539348822,0.7526072663729984,0.9433718940682516,0.9607848936032957,0.890399145565735,0.7780488168299087,0.9457709851868581,0.9508152934266847,0.8631655385537389,0.9592404230051594,0.9301521134798676,0.8006082374759429,0.9495194495442565,0.9230659630317124,0.9675743567407267,0.8306248033113863,0.9301521134798674,0.8412846402989773,0.2835329433063227,0.9548710823073729,0.9322459088752486,0.9413830194575714,0.8339485716413388,0.8677220583791987,0.7919266732908357,0.9562880686171873,0.909618458108421,0.9291179679746995,0.9311946072310935,0.5194258811617958,0.9657671730030435,0.9015174087358591,0.9562880686171873,0.9562880686171873,0.939897739160851,0.9172245874626141,0.9147187142537472,0.9562880686171872,0.9657671730030437,0.9562880686171875,0.9333065093925881,0.6175693860257451,0.8514910516687031,0.9562880686171877,0.934376934302581,0.9469990271543745,0.7731633392728432,0.8047985199567371,0.9562880686171873,0.671319616567693,0.9280917395652364,0.8401242645657363,0.8101067897872718,0.4800015406868703,0.9250846532269763,0.9592404230051594,0.8245098594864124,0.9562880686171873,0.7843298856175563,0.9410406098239261,0.7256875840646013,0.8537335648142308,0.9577431256853026,0.774807439901957,0.9508152934266847,0.9562880686171873,0.9531174117707755,0.8645404905882984,0.9562880686171873,0.934376934302581,0.8559043354450993,0.7575964152480583,0.7963197439933528,0.8298015015479603,0.9562880686171873,0.8424394300035336,0.9116538466243311,0.9623824451410659,0.7052177893356917,0.7633524262729616,0.9201228276565452,0.9210985398310312,0.9106019687464653,0.1573927922435595,0.912476848317918,0.9022918659842718,0.9445623805946022,0.8733022546836289,0.9293218158052194,0.6994622780865298,0.944562380594602,0.12394457825310956,0.9410406098239261,0.9562880686171873,0.9640402523885963,0.9153141563577836,0.8390340081240992,0.9482479709168006,0.4521174331857045,0.9534886050081051,0.8591708211604271,0.9577431256853026,0.9534886050081051,0.9482479709168004,0.9562880686171877,0.9495194495442565,0.677345426595241,0.9619936422826707,0.964040252388596,0.8677987043663948,0.9657671730030437,0.9495194495442565,0.9445623805946022,0.8129078011894169,0.9894382119329368,0.9657671730030437,0.7816743721250176,0.9280917395652364,0.9068859994145184,0.9421983319196943,0.9469990271543747,0.6395738686675698,0.9592404230051594,0.9301521134798676,0.9568407342490963,0.6831595038010521,0.9433718940682516,0.9134191021410445,0.9482479709168006,0.9354577472990955,0.8964678380224962,0.8366083656801933,0.918186094706007,0.9521375655065456,0.8400388316300482,0.5999701459118136,0.9333065093925881,0.9965514935490281,0.944562380594602,0.7934030620204684,0.9482479709168006,0.7756167155477309,0.9433718940682516,0.5332377025939613,0.7882404231802298,0.9592404230051592,0.8668758171222237,0.7874221798747584,0.9291179679746997,0.9134191021410443,0.9457879562525047,0.800608237475943,0.9068859994145184,0.9623824451410659,0.9280917395652364,0.9521375655065456,0.9521375655065458,0.9607848936032957,0.964040252388596,0.9354577472990953,0.782798885204002,0.9250566218612029,0.23966622495314915,0.9548710823073729,0.8479439783560871,0.9201228276565452,0.9521375655065456,0.8896003271096578,0.9562880686171873,0.0,0.9562880686171873,0.9562880686171873,0.8440199953549761,0.9445623805946017,0.9301521134798674,0.9562880686171873,0.8359953467971374,0.8603611522754107,0.9761356843815903,0.8733022546836291,0.6713196165676931,0.7748548864613388,0.9172245874626141,0.916267347002444,0.8622329273186464,0.9813507987576181,0.9425174783713439,0.9623824451410659,0.9291179679746995,0.8089555424152615,0.8760356045203768,0.4711120959231433,0.9508152934266847,0.9534886050081053,0.8294083099774059,0.9623824451410659,0.6217281579861218,0.1573927922435595,0.9143648077845041,0.9469990271543745,0.9421983319196943,0.944562380594602,0.8696393640825613,0.4800015406868704,0.9191520956010535,0.944562380594602,0.9824887176061119,0.9592404230051594,0.9469990271543749,0.9577431256853026,0.5397911272183277,0.8769444849065684,0.896467838022496,0.9607848936032957,0.8769444849065684,0.9521375655065458,0.8019015276175867,0.6447745739887387,0.9548710823073732,0.8401242645657363,0.9365495543873188,0.9675743567407267,0.8075404270671709,0.9025277748860165,0.9162673470024438,0.8102429911512921,0.9469990271543745,0.9201228276565452,0.8986467260787545,0.9562880686171873,0.12394457825310956,0.9776784774900422,0.9562880686171875,0.9167714410425667,0.9469990271543745,0.9534886050081053,0.4618278610403571,0.7748074399019571,0.9445623805946022,0.8318841922523381,0.9657671730030437,0.8206906175910372,0.9868659623160064,0.8850890368124651,0.9534886050081051,0.9508152934266847,0.880205319126399,0.9270730230791457,0.9433718940682516,0.8330375920813435,0.8968315612097784,0.8020156091163937,0.8823796135894801,0.9301521134798674,0.85468821698147,0.7212226060676771,0.9354577472990953,0.9657671730030437,0.9919033068160935,0.9577431256853026,0.76294781546019,0.9162673470024438,0.9078111670939808,0.9548710823073729,0.7856429156142741,0.7593994052903227,0.9675743567407267,0.8959254409068562,0.9592404230051592,0.9291179679746995,0.5264541432619002,0.9987511985291292,0.9153141563577836,0.4711120959231434,0.9457709851868581,0.9124768483179181,0.9482479709168001,0.9548710823073732,0.12394457825310956,0.9675743567407267,0.9562880686171873,0.9808531012828585,0.8841862845276729,0.8061744934456333,0.9311946072310937,0.9562880686171872,0.9391357122564044,0.8489166250019229,0.9191520956010533,0.9333065093925883,0.5903158095167628,0.9068859994145182,0.8977386203509139,0.8481338298365839,0.9376530086096917,0.919152095601053,0.8714736866604267,0.9059631313150907,0.08646812957157735,0.5951579902345695,0.9387688154666092,0.9592404230051592,0.9761356843815903,0.9675743567407264,0.9931284229919284,0.9534886050081053,0.9675743567407267,0.9495194495442565,0.995067487912588,0.9562880686171875,0.8640960613563904,0.6618506347118776,0.9640402523885963,0.9562880686171875,0.9469990271543747,0.8330375920813434,0.8624031815176509,0.9548710823073729,0.9607848936032957,0.9521375655065456,0.9548710823073729,0.9548710823073729,0.9301521134798675,0.9562880686171873,0.9521375655065456,0.9660244666247457,0.9562880686171873,0.9433718940682516,0.9059631313150907,0.964040252388596,0.1573927922435595,0.9623824451410659,0.9577431256853026,0.9548710823073729,0.8181301843558837,0.8778523726982708,0.944562380594602,0.8631655385537391,0.9562880686171873,0.9201228276565452,0.9592404230051592,0.9433718940682516,0.8548074383008892,0.5695393742200042,0.964040252388596,0.9577431256853026,0.9457709851868581,0.9761356843815903,0.9457709851868581,0.21477889927437266,0.9270730230791457,0.9322459088752486,0.9354577472990953,0.7629478154601899,0.9482479709168006,0.964040252388596,0.939897739160851,0.1573927922435595,0.9201228276565452,0.8640960613563904,0.9562880686171873,0.9562880686171875,0.6682226749221207,0.9657671730030437,0.8603611522754107,0.2835329433063227,0.9482479709168004,0.8822556897514988,0.9534886050081051,0.8526009044021775,0.8470051605241504,0.9562880686171873,0.9562880686171873,0.9746202948705041,0.7411252268913588,0.9606832254354423,0.86560416687451,0.8668758171222237,0.8410397610823426,0.7269481442351546,0.8276997747581223,0.9421983319196943,0.8390340081240992,0.9562880686171873,0.9581074754130987,0.12394457825310956,0.9675743567407267,0.8546882169814702,0.04407004266351722,0.8546882169814702,0.9562880686171873,0.9562880686171873,0.837786254670863,0.9562880686171875,0.8123894668503124,0.3538106028060499,0.8769444849065684,0.9134191021410447,0.9376530086096917,0.5655213125623331,0.8575360288119107,0.9065745197589401,0.9562880686171872,0.9270730230791457,0.8430302626854409,0.1874942110935155,0.964040252388596,0.9425174783713439,0.8677220583791989,0.9230659630317124,0.9291179679746995,0.9577431256853026,0.6897282138964367,0.9562880686171873,0.8508524342038153,0.9291179679746995,0.9134191021410447,0.6564522182142566,0.8841862845276729,0.9495194495442565,0.918186094706007,0.7363426026476416,0.9623824451410659,0.8868937905864736,0.8814755319253362,0.9521375655065456,0.9657671730030437,0.9333065093925881,0.9410406098239263,0.8390340081240995,0.9607848936032957,0.9548710823073729,0.685991464805802,0.9387688154666092,0.9270730230791457,0.9322459088752486,0.9675743567407267,0.9270730230791457,0.9675743567407267,0.9675743567407267,0.5951579902345694,0.9311946072310937,0.910601968746465,0.9562880686171875,0.9657671730030437,0.3538106028060497,0.9469990271543747,0.7731633392728431,0.9508152934266847,0.9548710823073732,0.938768815466609,0.9087387818848158,0.9645511776582261,0.8007002269432069,0.9792503453259269,0.8479439783560871,0.828753063687315,0.9562880686171873,0.9068859994145182,0.9562880686171875,0.8190873193696531,0.9657671730030435,0.9421983319196943,0.9433718940682518,0.7321637323361279,0.9562880686171873,0.8318841922523381,0.8075404270671708,0.9433718940682518,0.8329186262686781,0.8508524342038151,0.8390340081240993,0.12394457825310956,0.8469680690265147,0.7520666751277905,0.8329186262686781,0.8115800187854456,0.9445623805946022,0.7557736194544709,0.9675743567407267,0.9445623805946022,0.9562880686171875,0.6133091706188968,0.939897739160851,0.8612981558461017,0.9606832254354425,0.8020156091163936,0.968354383009318,0.9548710823073729,0.8640960613563904,0.8805708457535912,0.6217281579861217,0.8077975275903293,0.8194144871030813,0.9562880686171873,0.8179859988662408,0.7166317844248435,0.9333065093925881,0.9562880686171873,0.8622329273186464,0.9508152934266847,0.04407004266351722,0.9942714459947757,0.9548710823073729,0.8677987043663948,0.9410406098239263,0.6175693860257458,0.995067487912588,0.9210985398310312,0.944562380594602,0.7991899570486465,0.9562880686171873,0.9931284229919284,0.9562880686171873,0.964040252388596,0.8565893759313061,0.9004665216997627,0.9675743567407267,0.9365495543873188,0.8298015015479603,0.9181860947060068,0.48852444465125455,0.9562880686171873,0.8893852688139481,0.8791774274213195,0.7424171492559193,0.9354577472990953,0.927073023079146,0.9607848936032957,0.9354577472990953,0.9343769343025807,0.9280917395652364,0.9078111670939808,0.7869463693578995,0.9280917395652364,0.9333065093925883,0.9607848936032957,0.658571195809565,0.9280917395652364,0.9675743567407267,0.9410406098239261,0.9577431256853026,0.658571195809564,0.9548710823073732,0.9343769343025805,0.9433718940682516,0.9068859994145184,0.5332377025939616,0.9942714459947759,0.9260614370793872,0.939897739160851,0.9548710823073732,0.9469990271543747,0.8380252083428268,0.488524444651255,0.9153141563577836,0.890399145565735,0.9240582376582436,0.9210985398310314,0.939897739160851,0.9577431256853026,0.1573927922435595,0.9153141563577833,0.9087387818848154,0.4521174331857052,0.9376530086096917,0.9143648077845039,0.12394457825310967,0.08646812957157735,0.8914053182874362,0.9365495543873186,0.8850890368124651,0.9291179679746995,0.4711120959231432,0.8733022546836291,0.9457709851868581,0.9343769343025807,0.21477889927437255,0.8594218446557473,0.8950201541957776,0.4980536533959615,0.9143648077845039,0.8705572812086979,0.9623824451410659,0.9301521134798674,0.8932116722416494,0.9410406098239261,0.9521375655065456,0.4618278610403571,0.9134191021410443,0.8896003271096578,0.7933260374223117,0.33800529464407636,0.8659511288161978,0.9548710823073732,0.8995559887924944,0.8469680690265147,0.9592404230051594,0.1874942110935155,0.9022918659842718,0.9376530086096915,0.9592404230051594,0.912476848317918,0.8823796135894804,0.8498860850829328,0.9534886050081053,0.2624929266331496,0.855640129622627,0.9433718940682516,0.9162673470024438,0.9604535056538153,0.914718714253747,0.3957853697218289,0.08646812957157735,0.9078111670939808,0.9421983319196943,0.9577431256853028,0.9657671730030435,0.9013784409842849,0.964040252388596,0.8440199953549761,0.08646812957157735
p183_V,0.7524297972473161,0.9413411539914585,0.8918007079504506,0.9225015741707872,0.9492063492063487,0.9623211158059548,0.7050163519970581,0.7509151724713103,0.9038142386822647,0.960221152322577,0.9398636845831869,0.9475597985845114,0.9475597985845114,0.9225015741707872,0.9106019687464653,0.5567710364845595,0.944383427890573,0.9314886672615048,0.9582144552981327,0.960221152322577,0.8875255844205965,0.938412400887346,0.935580996038617,0.9508971383859763,0.9369854052620163,0.9314886672615046,0.944383427890573,0.916441965519317,0.960221152322577,0.7739436107925906,0.9250013316406693,0.9544316996038,0.9428469360414609,0.9188361382271659,0.9492063492063489,0.9582144552981327,0.9508971383859763,0.9428469360414602,0.9623211158059548,0.930160641445072,0.8993922310882436,0.932833950574053,0.9623211158059548,0.912915131908919,0.9443834278905732,0.8474513194974065,0.9526370111116405,0.9004911494084333,0.930160641445072,0.8918007079504506,0.9544316996038,0.8495864161552136,0.9314886672615046,0.13408370177867746,0.9428469360414604,0.9288488221297497,0.9288488221297497,0.0,0.7383793872014479,0.9459533477380775,0.9060540201833016,0.831146423199498,0.931488667261505,0.8993922310882436,0.9562880686171875,0.8244397822834253,0.9544316996038,0.6473831763250288,0.7698078233874499,0.9582144552981327,0.92126914699118,0.9301606414450723,0.9492063492063487,0.8266892096935958,0.0,0.8864622842804517,0.938412400887346,0.9398636845831867,0.8233095582802461,0.9623211158059548,0.9398636845831869,0.9341976401680094,0.31108550994831163,0.9314886672615048,0.0,0.9176344520056336,0.938412400887346,0.8046479448175341,0.8939536575643376,0.03139863267861631,0.0,0.8918007079504506,0.831146423199498,0.8548949080074899,0.31108550994831163,0.48955645159511163,0.8896584524348263,0.8875255844205965,0.8198957816506434,0.8187498553347687,0.9288488221297497,0.9526370111116405,0.9492063492063489,0.8580633769736241,0.6072669396673074,0.9582144552981327,0.907182019415572,0.7973204052495684,0.9369854052620166,0.8289245259008584,0.8759110188590657,0.9328339505740528,0.8070467719220202,0.9094556823349389,0.9526370111116405,0.7833099084134079,0.9413411539914585,0.9582144552981327,0.9623211158059548,0.8580633769736241,0.9129151319089193,0.885400876353422,0.9369854052620166,0.9250013316406696,0.931488667261505,0.7554264789789613,0.9508971383859763,0.6339927913026551,0.9475597985845114,0.9152582079543838,0.8727631680356085,0.9526370111116405,0.9544316996038,0.9623211158059548,0.944383427890573,0.8453085223330421,0.879064442044788,0.9544316996038003,0.9544316996038,0.06018876900101988,0.8046479448175343,0.960221152322577,0.8244397822834253,0.8717146038820363,0.8875255844205967,0.9106019687464659,0.892875760974867,0.8420784215528956,0.9301606414450723,0.7583810530554915,0.9602211523225768,0.9060540201833014,0.8559522762859688,0.8811713725919912,0.9544316996038,0.9301606414450725,0.8950345750758599,0.9140827360776209,0.8938851835250172,0.5567710364845593,0.7367566674079002,0.9526370111116407,0.9341976401680094,0.7431708752992887,0.8972062142375332,0.9164419655193166,0.8612222667022558,0.8993922310882436,0.9262700211315917,0.8453085223330423,0.9225015741707872,0.9475597985845114,0.9288488221297495,0.6783615558233287,0.8538362113124116,0.8780124908814328,0.9582144552981327,0.6072669396673073,0.9200475251844384,0.5526275082095409,0.9117550006367756,0.8885909234541711,0.9288488221297497,0.9475597985845114,0.6394614409405057,0.8538362113124116,0.8580633769736241,0.9015943008452869,0.13408370177867734,0.9237454173815312,0.9459533477380775,0.903814238682265,0.8221755430097122,0.7897778653703145,0.9060540201833014,0.0,0.9508971383859763,0.9459533477380777,0.4895564515951115,0.8355526955775656,0.8918007079504506,0.9475597985845114,0.0,0.8685695845092951,0.7897778653703145,0.960221152322577,0.0,0.6951973979147161,0.9152582079543841,0.8864622842804517,0.6447787703816181,0.9049315186013059,0.9475597985845114,0.0,0.6473831763250286,0.0,0.8117838598171898,0.8388272306091986,0.8355526955775657,0.0,0.6339927913026551,0.0,0.7050163519970583,0.9071820194155717,0.9164419655193166,0.8759110188590655,0.9526370111116407,0.7711949776746383,0.06018876900101888,0.935580996038617,0.9384124008873462,0.9060540201833014,0.7554264789789611,0.9188361382271666,0.9544316996038,0.4951319232791844,0.8907283270583697,0.9027019168030599,0.897206214237533,0.9152582079543838,0.9152582079543838,0.944383427890573,0.885400876353422,0.9459533477380777,0.0,0.9027019168030597,0.0,0.7334713952978886,0.9152582079543841,0.9544316996038,0.9275522446953854,0.7711949776746383,0.9508971383859763,0.9140827360776205,0.9369854052620161,0.892875760974867,0.9398636845831869,0.8612222667022562,0.9526370111116405,0.8717146038820363,0.8717146038820349,0.8442340263447974,0.03139863267861631,0.9562880686171873,0.8289245259008584,0.9623211158059548,0.8333555867103808,0.8333555867103808,0.24376003609304187,0.8706662210952574,0.8748612665230131,0.9544316996038003,0.848519788337875,0.7973204052495684,0.7780046509581313,0.9582144552981327,0.8289245259008584,0.9140827360776214,0.9341976401680094,0.9015943008452874,0.9582144552981327,0.8517144868263773,0.8141237078825918,0.9562880686171873,0.8982973238138026,0.9225015741707867,0.9526370111116407,0.9188361382271666,0.8070467719220202,0.9459533477380775,0.9526370111116405,0.9526370111116407,0.7985559379258667,0.9582144552981327,0.7985559379258667,0.6499526646778642,0.885400876353422,0.8442340263447972,0.9582144552981327,0.9492063492063487,0.930160641445072,0.9459533477380777,0.9544316996038003,0.8022278398026612,0.8982973238138026,0.9526370111116405,0.9301606414450723,0.9164419655193172,0.7250134267509765,0.9094556823349389,0.8843412180810755,0.6848496741376313,0.7923174570100686,0.6911250629978627,0.8727631680356077,0.9602211523225768,0.903814238682265,0.9602211523225768,0.9188361382271668,0.9152582079543841,0.9094556823349389,0.9526370111116405,0.0,0.9544316996038,0.9027019168030597,0.931488667261505,0.9582144552981327,0.9562880686171873,0.9475597985845114,0.0,0.9369854052620163,0.9582144552981327,0.9623211158059548,0.9106019687464655,0.823309558280246,0.9341976401680094,0.9544316996038003,0.8333555867103808,0.8289245259008584,0.9369854052620166,0.9428469360414611,0.8409971458279799,0.9526370111116405,0.9188361382271659,0.8117838598171898,0.9413411539914587,0.9106019687464657,0.9623211158059548,0.7655931084723666,0.9188361382271666,0.7780046509581313,0.944383427890573,0.03139863267861631,0.92126914699118,0.885400876353422,0.8070467719220202,0.8082384637825222,0.8187498553347687,0.0,0.8538362113124116,0.9176344520056336,0.9200475251844387,0.9176344520056336,0.9602211523225768,0.8453085223330421,0.0,0.0,0.930160641445072,0.903814238682265,0.8591172857456586,0.0,0.9602211523225768,0.9492063492063489,0.922501574170787,0.8972062142375332,0.7897778653703145,0.9492063492063489,0.9237454173815309,0.938412400887346,0.8322525541058978,0.9634411459729271,0.0,0.8811713725919912,0.9164419655193168,0.7766590274917047,0.9952327064015152,0.9237454173815312,0.8704033497109469,0.9526370111116405,0.7960789049353036,0.0,0.7973204052495684,0.9314886672615053,0.8591172857456586,0.8300371089395653,0.9508971383859763,0.831146423199498,0.9428469360414606,0.0,0.8961186971729789,0.7399891659895361,0.0,0.9237454173815309,0.7948313236856197,0.8420784215528956,0.8152867967569688,0.8022278398026612,0.0,0.7698078233874488,0.8559522762859684,0.9562880686171873,0.6574604645689301,0.7250134267509767,0.907182019415572,0.908315805590151,0.8961186971729789,0.9526370111116405,0.8982973238138026,0.8864622842804517,0.935580996038617,0.8527760996057683,0.8738120195914167,0.8706662210952574,0.21151139151266862,0.9544316996038,0.9314886672615055,0.0,0.9582144552981327,0.9015943008452869,0.8129560940834346,0.9398636845831869,0.9275522446953854,0.06018876900102055,0.7478523304650295,0.9508971383859763,0.06018876900102055,0.9398636845831869,0.9492063492063489,0.9413411539914582,0.879064442044788,0.903814238682265,0.9582144552981327,0.8463809254714867,0.9602211523225768,0.9413411539914582,0.935580996038617,0.801009545737682,0.938412400887346,0.9602211523225768,0.7997856146881548,0.9164419655193166,0.5305546844946969,0.24376003609304187,0.938412400887346,0.9027019168030597,0.9526370111116405,0.9188361382271666,0.8993922310882436,0.8769613888066743,0.9341976401680094,0.8993922310882436,0.9398636845831869,0.9250013316406693,0.6827113291147924,0.7725735218970409,0.9049315186013058,0.9443834278905732,0.8141237078825918,0.8907283270583697,0.9225015741707872,0.9341976401680094,0.21151139151266984,0.8175997772209664,0.9398636845831869,0.8517144868263774,0.9341976401680094,0.9152582079543841,0.7539334992316542,0.9526370111116405,0.8453085223330421,0.7143607147557585,0.9176344520056336,0.8993922310882432,0.9582144552981327,0.7301312695908229,0.8918007079504506,0.9562880686171875,0.9164419655193166,0.944383427890573,0.944383427890573,0.9544316996038003,0.9582144552981327,0.9250013316406696,0.8255663034700989,0.9129151319089186,0.9475597985845114,0.9475597985845114,0.7125274559321444,0.9071820194155717,0.08671734220308636,0.8717146038820361,0.0,0.9562880686171873,0.0,0.0,0.8187498553347687,0.2115113915126693,0.9188361382271664,0.0,0.7334713952978882,0.8377384241745145,0.4006068367505189,0.8527760996057685,0.8811713725919912,0.8058499662916012,0.903814238682265,0.47795836130872293,0.8399134433261015,0.9428469360414604,0.8864622842804515,0.4408515443948542,0.9176344520056336,0.7711949776746385,0.6473831763250284,0.9250013316406696,0.9428469360414602,0.9459533477380775,0.7846176027958278,0.9562880686171873,0.8961186971729789,0.9526370111116405,0.9004911494084331,0.938412400887346,0.9328339505740528,0.935580996038617,0.848519788337875,0.9237454173815312,0.9060540201833016,0.9355809960386168,0.7223272158432528,0.9526370111116405,0.17526171623055564,0.9508971383859763,0.9140827360776205,0.8570084033315839,0.8399134433261015,0.4654487838138114,0.8570084033315841,0.5711669571562623,0.77934241058442,0.8896584524348263,0.9475597985845114,0.7766590274917051,0.9262700211315917,0.9623211158059548,0.8058499662916013,0.8463809254714865,0.7876282222528316,0.8034406041869142,0.938412400887346,0.9071820194155717,0.8822265994777512,0.0,0.9544316996038,0.9164419655193174,0.9492063492063487,0.8612222667022558,0.938412400887346,0.9459533477380777,0.9262700211315917,0.831146423199498,0.9355809960386168,0.8046479448175343,0.9602211523225772,0.7935775465776653,0.9398636845831869,0.8664724446651941,0.06018876900102055,0.9428469360414602,0.7143607147557588,0.9152582079543841,0.9341976401680094,0.7806724477786732,0.880117361849238,0.7318083230664854,0.8633240709217587,0.9188361382271666,0.6991852245234744,0.8612222667022558,0.9250013316406696,0.960221152322577,0.9369854052620166,0.9508971383859763,0.8388272306091986,0.9027019168030597,0.525843532183836,0.03139863267861631,0.7960789049353036,0.8409971458279799,0.9623211158059548,0.8790644420447877,0.9526370111116405,0.9176344520056336,0.9164419655193168,0.932833950574053,0.9015943008452869,0.9250013316406696,0.9369854052620166,0.500567215157067,0.9398636845831867,0.9475597985845112,0.9544316996038,0.9623211158059548,0.0,0.9188361382271668,0.8654234385275936,0.8070467719220202,0.9200475251844384,0.0,0.8832831707913575,0.8244397822834253,0.9060540201833016,0.34458474155865637,0.9038142386822647,0.8918007079504506,0.8811713725919912,0.7859181167692968,0.9275522446953854,0.9060540201833014,0.6598989712921809,0.8907283270583697,0.9562880686171873,0.9027019168030597,0.9288488221297497,0.9526370111116405,0.9152582079543841,0.9623211158059548,0.9275522446953854,0.9459533477380777,0.9623211158059548,0.9413411539914587,0.9288488221297497,0.9492063492063487,0.6783615558233285,0.8843412180810755,0.9582144552981327,0.9492063492063489,0.9384124008873462,0.7806724477786728,0.8022278398026612,0.03139863267861631,0.9544316996038003,0.08671734220308558,0.03139863267861631,0.03139863267861631,0.3741839079094693,0.0,0.944383427890573,0.4527606561376478,0.0,0.9341976401680094,0.535161772248302,0.9582144552981327,0.9526370111116405,0.9562880686171873,0.9508971383859763,0.03139863267861631,0.7960789049353036,0.8580633769736241,0.935580996038617,0.8409971458279799,0.0,0.9071820194155722,0.9526370111116405,0.9341976401680094,0.7935775465776653,0.9083158055901508,0.9582144552981327,0.9508971383859763,0.9369854052620166,0.9152582079543841,0.6284764518573093,0.9492063492063487,0.4006068367505189,0.92126914699118,0.9250013316406696,0.6848496741376318,0.9398636845831869,0.9582144552981327,0.930160641445072,0.9526370111116405,0.9071820194155722,0.8420784215528954,0.0,0.9492063492063487,0.8822265994777507,0.960221152322577,0.8377384241745145,0.944383427890573,0.9398636845831869,0.8244397822834253,0.06018876900102055,0.7569089328329721,0.7846176027958276,0.0,0.0,0.40880739824839063,0.6991852245234742,0.9027019168030597,0.8058499662916013,0.8453085223330421,0.8152867967569688,0.8399134433261015,0.7997856146881548,0.9328339505740528,0.8129560940834346,0.0,0.9004911494084331,0.9544316996038,0.9623211158059548,0.831146423199498,0.9582144552981327,0.831146423199498,0.0,0.0,0.7739436107925914,0.9492063492063487,0.7819949015164562,0.938412400887346,0.8570084033315841,0.8993922310882436,0.6856702229525599,0.8993922310882436,0.8344556057285131,0.8506512873935228,0.0,0.9152582079543841,0.8175997772209664,0.9508971383859763,0.9582144552981327,0.5526275082095407,0.7351207557283752,0.43182584581086747,0.9176344520056336,0.9508971383859763,0.8591172857456586,0.0,0.8266892096935958,0.9176344520056336,0.8993922310882436,0.8727631680356078,0.8654234385275936,0.9413411539914582,0.9049315186013054,0.8538362113124116,0.9562880686171875,0.8685695845092949,0.862273520033598,0.9443834278905732,0.9602211523225768,0.9225015741707872,0.2586095064370061,0.8129560940834346,0.9544316996038,0.03139863267861631,0.8759110188590655,0.9288488221297497,0.9152582079543841,0.92126914699118,0.9623211158059548,0.9152582079543841,0.9623211158059548,0.9623211158059548,0.9027019168030597,0.3647019568709454,0.8961186971729789,0.9492063492063487,0.9602211523225768,0.938412400887346,0.938412400887346,0.8322525541058978,0.9428469360414611,0.9475597985845114,0.9288488221297497,0.5210240199989242,0.9508971383859761,0.7684119013812074,0.3833143586062788,0.7125274559321442,0.7447432793600621,0.0,0.8918007079504506,0.9492063492063489,0.758381053055492,0.960221152322577,0.9328339505740528,0.9341976401680097,0.855952276285969,0.0,0.7399891659895361,0.8058499662916012,0.9341976401680094,0.8058499662916012,0.8266892096935958,0.8129560940834346,0.9544316996038,0.7143607147557588,0.6716454483484393,0.8058499662916012,0.7431708752992889,0.9355809960386166,0.6761489807685291,0.9623211158059548,0.9355809960386168,0.9492063492063489,0.8982973238138026,0.930160641445072,0.8388272306091984,0.4779583613087228,0.8106069085572598,0.9492063492063489,0.03139863267861631,0.8420784215528954,0.861222266702256,0.5110414539348817,0.7766590274917051,0.7524297972473162,0.0,0.9856724533720749,0.8633240709217587,0.9225015741707872,0.0,0.8399134433261015,0.9428469360414604,0.9582144552981327,0.2115113915126694,0.03139863267861631,0.9114861522954751,0.9314886672615051,0.897206214237533,0.9288488221297497,0.9083158055901508,0.9355809960386172,0.8129560940834346,0.0,0.9275522446953854,0.0,0.9582144552981327,0.8333555867103808,0.8843412180810759,0.9623211158059548,0.9262700211315917,0.8022278398026612,0.904931518601306,0.9225015741707869,0.0,0.8322525541058978,0.8210376473859937,0.8506512873935228,0.9250013316406696,0.40060683675051967,0.9544316996038003,0.3227392978460525,0.9237454173815312,0.392115299153029,0.8928757609748668,0.7948313236856197,0.392115299153029,0.9225015741707872,0.9544316996038003,0.885400876353422,0.392115299153029,0.9623211158059548,0.931488667261505,0.9508971383859763,0.885400876353422,0.9475597985845114,0.9237454173815312,0.9341976401680094,0.8918007079504506,0.9152582079543841,0.9355809960386168,0.9140827360776211,0.930160641445072,0.9475597985845114,0.9384124008873462,0.7301312695908225,0.9225015741707872,0.9015943008452869,0.8333555867103808,0.42440193597169273,0.9083158055901508,0.930160641445072,0.9508971383859763,0.9526370111116405,0.9015943008452867,0.8939536575643379,0.9275522446953854,0.9275522446953854,0.9004911494084333,0.9544316996038,0.9562880686171873,0.5974763156586966,0.9262700211315922,0.8664724446651935,0.9176344520056336,0.9250013316406696,0.6549904556417999,0.9369854052620166,0.9237454173815312,0.9492063492063487,0.8366469404145511,0.8780124908814328,0.9129151319089186,0.9004911494084333,0.6623067578386677,0.9562880686171875,0.9188361382271666,0.5906675167558797,0.9314886672615046,0.944383427890573,0.926270021131592,0.8993922310882434,0.6040574193889983,0.7598430279509716,0.9398636845831869,0.6739104850582693,0.9475597985845114,0.8832831707913573,0.7143607147557586,0.9526370111116407,0.9508971383859763,0.8864622842804517,0.9275522446953852,0.9526370111116405,0.8982973238138026,0.8633240709217587,0.708808264663793,0.9459533477380775,0.9459533477380775,0.8322525541058978,0.9341976401680094,0.9027019168030599,0.9526370111116405,0.8591172857456586,0.9341976401680094,0.9562880686171873,0.8928757609748668,0.9328339505740528,0.9508971383859763,0.960221152322577,0.8854008763534222,0.9582144552981327,0.7197593917099125,0.9562880686171873
p185_S,0.7524297972473161,0.9413411539914585,0.8918007079504506,0.9225015741707872,0.9492063492063487,0.9623211158059548,0.7050163519970581,0.7509151724713103,0.9038142386822647,0.960221152322577,0.9398636845831869,0.9475597985845114,0.9475597985845114,0.9225015741707872,0.9106019687464653,0.5567710364845595,0.944383427890573,0.9314886672615048,0.9582144552981327,0.960221152322577,0.8875255844205965,0.938412400887346,0.935580996038617,0.9508971383859763,0.9369854052620163,0.9314886672615046,0.944383427890573,0.916441965519317,0.960221152322577,0.7739436107925906,0.9250013316406693,0.9544316996038,0.9428469360414609,0.9188361382271659,0.9492063492063489,0.9582144552981327,0.9508971383859763,0.9428469360414602,0.9623211158059548,0.930160641445072,0.8993922310882436,0.932833950574053,0.9623211158059548,0.912915131908919,0.9443834278905732,0.8474513194974065,0.9526370111116405,0.9004911494084333,0.930160641445072,0.8918007079504506,0.9544316996038,0.8495864161552136,0.9314886672615046,0.13408370177867746,0.9428469360414604,0.9288488221297497,0.9288488221297497,0.0,0.7383793872014479,0.9459533477380775,0.9060540201833016,0.831146423199498,0.931488667261505,0.8993922310882436,0.9562880686171875,0.8244397822834253,0.9544316996038,0.6473831763250288,0.7698078233874499,0.9582144552981327,0.92126914699118,0.9301606414450723,0.9492063492063487,0.8266892096935958,0.0,0.8864622842804517,0.938412400887346,0.9398636845831867,0.8233095582802461,0.9623211158059548,0.9398636845831869,0.9341976401680094,0.31108550994831163,0.9314886672615048,0.0,0.9176344520056336,0.938412400887346,0.8046479448175341,0.8939536575643376,0.03139863267861631,0.0,0.8918007079504506,0.831146423199498,0.8548949080074899,0.31108550994831163,0.48955645159511163,0.8896584524348263,0.8875255844205965,0.8198957816506434,0.8187498553347687,0.9288488221297497,0.9526370111116405,0.9492063492063489,0.8580633769736241,0.6072669396673074,0.9582144552981327,0.907182019415572,0.7973204052495684,0.9369854052620166,0.8289245259008584,0.8759110188590657,0.9328339505740528,0.8070467719220202,0.9094556823349389,0.9526370111116405,0.7833099084134079,0.9413411539914585,0.9582144552981327,0.9623211158059548,0.8580633769736241,0.9129151319089193,0.885400876353422,0.9369854052620166,0.9250013316406696,0.931488667261505,0.7554264789789613,0.9508971383859763,0.6339927913026551,0.9475597985845114,0.9152582079543838,0.8727631680356085,0.9526370111116405,0.9544316996038,0.9623211158059548,0.944383427890573,0.8453085223330421,0.879064442044788,0.9544316996038003,0.9544316996038,0.06018876900101988,0.8046479448175343,0.960221152322577,0.8244397822834253,0.8717146038820363,0.8875255844205967,0.9106019687464659,0.892875760974867,0.8420784215528956,0.9301606414450723,0.7583810530554915,0.9602211523225768,0.9060540201833014,0.8559522762859688,0.8811713725919912,0.9544316996038,0.9301606414450725,0.8950345750758599,0.9140827360776209,0.8938851835250172,0.5567710364845593,0.7367566674079002,0.9526370111116407,0.9341976401680094,0.7431708752992887,0.8972062142375332,0.9164419655193166,0.8612222667022558,0.8993922310882436,0.9262700211315917,0.8453085223330423,0.9225015741707872,0.9475597985845114,0.9288488221297495,0.6783615558233287,0.8538362113124116,0.8780124908814328,0.9582144552981327,0.6072669396673073,0.9200475251844384,0.5526275082095409,0.9117550006367756,0.8885909234541711,0.9288488221297497,0.9475597985845114,0.6394614409405057,0.8538362113124116,0.8580633769736241,0.9015943008452869,0.13408370177867734,0.9237454173815312,0.9459533477380775,0.903814238682265,0.8221755430097122,0.7897778653703145,0.9060540201833014,0.0,0.9508971383859763,0.9459533477380777,0.4895564515951115,0.8355526955775656,0.8918007079504506,0.9475597985845114,0.0,0.8685695845092951,0.7897778653703145,0.960221152322577,0.0,0.6951973979147161,0.9152582079543841,0.8864622842804517,0.6447787703816181,0.9049315186013059,0.9475597985845114,0.0,0.6473831763250286,0.0,0.8117838598171898,0.8388272306091986,0.8355526955775657,0.0,0.6339927913026551,0.0,0.7050163519970583,0.9071820194155717,0.9164419655193166,0.8759110188590655,0.9526370111116407,0.7711949776746383,0.06018876900101888,0.935580996038617,0.9384124008873462,0.9060540201833014,0.7554264789789611,0.9188361382271666,0.9544316996038,0.4951319232791844,0.8907283270583697,0.9027019168030599,0.897206214237533,0.9152582079543838,0.9152582079543838,0.944383427890573,0.885400876353422,0.9459533477380777,0.0,0.9027019168030597,0.0,0.7334713952978886,0.9152582079543841,0.9544316996038,0.9275522446953854,0.7711949776746383,0.9508971383859763,0.9140827360776205,0.9369854052620161,0.892875760974867,0.9398636845831869,0.8612222667022562,0.9526370111116405,0.8717146038820363,0.8717146038820349,0.8442340263447974,0.03139863267861631,0.9562880686171873,0.8289245259008584,0.9623211158059548,0.8333555867103808,0.8333555867103808,0.24376003609304187,0.8706662210952574,0.8748612665230131,0.9544316996038003,0.848519788337875,0.7973204052495684,0.7780046509581313,0.9582144552981327,0.8289245259008584,0.9140827360776214,0.9341976401680094,0.9015943008452874,0.9582144552981327,0.8517144868263773,0.8141237078825918,0.9562880686171873,0.8982973238138026,0.9225015741707867,0.9526370111116407,0.9188361382271666,0.8070467719220202,0.9459533477380775,0.9526370111116405,0.9526370111116407,0.7985559379258667,0.9582144552981327,0.7985559379258667,0.6499526646778642,0.885400876353422,0.8442340263447972,0.9582144552981327,0.9492063492063487,0.930160641445072,0.9459533477380777,0.9544316996038003,0.8022278398026612,0.8982973238138026,0.9526370111116405,0.9301606414450723,0.9164419655193172,0.7250134267509765,0.9094556823349389,0.8843412180810755,0.6848496741376313,0.7923174570100686,0.6911250629978627,0.8727631680356077,0.9602211523225768,0.903814238682265,0.9602211523225768,0.9188361382271668,0.9152582079543841,0.9094556823349389,0.9526370111116405,0.0,0.9544316996038,0.9027019168030597,0.931488667261505,0.9582144552981327,0.9562880686171873,0.9475597985845114,0.0,0.9369854052620163,0.9582144552981327,0.9623211158059548,0.9106019687464655,0.823309558280246,0.9341976401680094,0.9544316996038003,0.8333555867103808,0.8289245259008584,0.9369854052620166,0.9428469360414611,0.8409971458279799,0.9526370111116405,0.9188361382271659,0.8117838598171898,0.9413411539914587,0.9106019687464657,0.9623211158059548,0.7655931084723666,0.9188361382271666,0.7780046509581313,0.944383427890573,0.03139863267861631,0.92126914699118,0.885400876353422,0.8070467719220202,0.8082384637825222,0.8187498553347687,0.0,0.8538362113124116,0.9176344520056336,0.9200475251844387,0.9176344520056336,0.9602211523225768,0.8453085223330421,0.0,0.0,0.930160641445072,0.903814238682265,0.8591172857456586,0.0,0.9602211523225768,0.9492063492063489,0.922501574170787,0.8972062142375332,0.7897778653703145,0.9492063492063489,0.9237454173815309,0.938412400887346,0.8322525541058978,0.9634411459729271,0.0,0.8811713725919912,0.9164419655193168,0.7766590274917047,0.9952327064015152,0.9237454173815312,0.8704033497109469,0.9526370111116405,0.7960789049353036,0.0,0.7973204052495684,0.9314886672615053,0.8591172857456586,0.8300371089395653,0.9508971383859763,0.831146423199498,0.9428469360414606,0.0,0.8961186971729789,0.7399891659895361,0.0,0.9237454173815309,0.7948313236856197,0.8420784215528956,0.8152867967569688,0.8022278398026612,0.0,0.7698078233874488,0.8559522762859684,0.9562880686171873,0.6574604645689301,0.7250134267509767,0.907182019415572,0.908315805590151,0.8961186971729789,0.9526370111116405,0.8982973238138026,0.8864622842804517,0.935580996038617,0.8527760996057683,0.8738120195914167,0.8706662210952574,0.21151139151266862,0.9544316996038,0.9314886672615055,0.0,0.9582144552981327,0.9015943008452869,0.8129560940834346,0.9398636845831869,0.9275522446953854,0.06018876900102055,0.7478523304650295,0.9508971383859763,0.06018876900102055,0.9398636845831869,0.9492063492063489,0.9413411539914582,0.879064442044788,0.903814238682265,0.9582144552981327,0.8463809254714867,0.9602211523225768,0.9413411539914582,0.935580996038617,0.801009545737682,0.938412400887346,0.9602211523225768,0.7997856146881548,0.9164419655193166,0.5305546844946969,0.24376003609304187,0.938412400887346,0.9027019168030597,0.9526370111116405,0.9188361382271666,0.8993922310882436,0.8769613888066743,0.9341976401680094,0.8993922310882436,0.9398636845831869,0.9250013316406693,0.6827113291147924,0.7725735218970409,0.9049315186013058,0.9443834278905732,0.8141237078825918,0.8907283270583697,0.9225015741707872,0.9341976401680094,0.21151139151266984,0.8175997772209664,0.9398636845831869,0.8517144868263774,0.9341976401680094,0.9152582079543841,0.7539334992316542,0.9526370111116405,0.8453085223330421,0.7143607147557585,0.9176344520056336,0.8993922310882432,0.9582144552981327,0.7301312695908229,0.8918007079504506,0.9562880686171875,0.9164419655193166,0.944383427890573,0.944383427890573,0.9544316996038003,0.9582144552981327,0.9250013316406696,0.8255663034700989,0.9129151319089186,0.9475597985845114,0.9475597985845114,0.7125274559321444,0.9071820194155717,0.08671734220308636,0.8717146038820361,0.0,0.9562880686171873,0.0,0.0,0.8187498553347687,0.2115113915126693,0.9188361382271664,0.0,0.7334713952978882,0.8377384241745145,0.4006068367505189,0.8527760996057685,0.8811713725919912,0.8058499662916012,0.903814238682265,0.47795836130872293,0.8399134433261015,0.9428469360414604,0.8864622842804515,0.4408515443948542,0.9176344520056336,0.7711949776746385,0.6473831763250284,0.9250013316406696,0.9428469360414602,0.9459533477380775,0.7846176027958278,0.9562880686171873,0.8961186971729789,0.9526370111116405,0.9004911494084331,0.938412400887346,0.9328339505740528,0.935580996038617,0.848519788337875,0.9237454173815312,0.9060540201833016,0.9355809960386168,0.7223272158432528,0.9526370111116405,0.17526171623055564,0.9508971383859763,0.9140827360776205,0.8570084033315839,0.8399134433261015,0.4654487838138114,0.8570084033315841,0.5711669571562623,0.77934241058442,0.8896584524348263,0.9475597985845114,0.7766590274917051,0.9262700211315917,0.9623211158059548,0.8058499662916013,0.8463809254714865,0.7876282222528316,0.8034406041869142,0.938412400887346,0.9071820194155717,0.8822265994777512,0.0,0.9544316996038,0.9164419655193174,0.9492063492063487,0.8612222667022558,0.938412400887346,0.9459533477380777,0.9262700211315917,0.831146423199498,0.9355809960386168,0.8046479448175343,0.9602211523225772,0.7935775465776653,0.9398636845831869,0.8664724446651941,0.06018876900102055,0.9428469360414602,0.7143607147557588,0.9152582079543841,0.9341976401680094,0.7806724477786732,0.880117361849238,0.7318083230664854,0.8633240709217587,0.9188361382271666,0.6991852245234744,0.8612222667022558,0.9250013316406696,0.960221152322577,0.9369854052620166,0.9508971383859763,0.8388272306091986,0.9027019168030597,0.525843532183836,0.03139863267861631,0.7960789049353036,0.8409971458279799,0.9623211158059548,0.8790644420447877,0.9526370111116405,0.9176344520056336,0.9164419655193168,0.932833950574053,0.9015943008452869,0.9250013316406696,0.9369854052620166,0.500567215157067,0.9398636845831867,0.9475597985845112,0.9544316996038,0.9623211158059548,0.0,0.9188361382271668,0.8654234385275936,0.8070467719220202,0.9200475251844384,0.0,0.8832831707913575,0.8244397822834253,0.9060540201833016,0.34458474155865637,0.9038142386822647,0.8918007079504506,0.8811713725919912,0.7859181167692968,0.9275522446953854,0.9060540201833014,0.6598989712921809,0.8907283270583697,0.9562880686171873,0.9027019168030597,0.9288488221297497,0.9526370111116405,0.9152582079543841,0.9623211158059548,0.9275522446953854,0.9459533477380777,0.9623211158059548,0.9413411539914587,0.9288488221297497,0.9492063492063487,0.6783615558233285,0.8843412180810755,0.9582144552981327,0.9492063492063489,0.9384124008873462,0.7806724477786728,0.8022278398026612,0.03139863267861631,0.9544316996038003,0.08671734220308558,0.03139863267861631,0.03139863267861631,0.3741839079094693,0.0,0.944383427890573,0.4527606561376478,0.0,0.9341976401680094,0.535161772248302,0.9582144552981327,0.9526370111116405,0.9562880686171873,0.9508971383859763,0.03139863267861631,0.7960789049353036,0.8580633769736241,0.935580996038617,0.8409971458279799,0.0,0.9071820194155722,0.9526370111116405,0.9341976401680094,0.7935775465776653,0.9083158055901508,0.9582144552981327,0.9508971383859763,0.9369854052620166,0.9152582079543841,0.6284764518573093,0.9492063492063487,0.4006068367505189,0.92126914699118,0.9250013316406696,0.6848496741376318,0.9398636845831869,0.9582144552981327,0.930160641445072,0.9526370111116405,0.9071820194155722,0.8420784215528954,0.0,0.9492063492063487,0.8822265994777507,0.960221152322577,0.8377384241745145,0.944383427890573,0.9398636845831869,0.8244397822834253,0.06018876900102055,0.7569089328329721,0.7846176027958276,0.0,0.0,0.40880739824839063,0.6991852245234742,0.9027019168030597,0.8058499662916013,0.8453085223330421,0.8152867967569688,0.8399134433261015,0.7997856146881548,0.9328339505740528,0.8129560940834346,0.0,0.9004911494084331,0.9544316996038,0.9623211158059548,0.831146423199498,0.9582144552981327,0.831146423199498,0.0,0.0,0.7739436107925914,0.9492063492063487,0.7819949015164562,0.938412400887346,0.8570084033315841,0.8993922310882436,0.6856702229525599,0.8993922310882436,0.8344556057285131,0.8506512873935228,0.0,0.9152582079543841,0.8175997772209664,0.9508971383859763,0.9582144552981327,0.5526275082095407,0.7351207557283752,0.43182584581086747,0.9176344520056336,0.9508971383859763,0.8591172857456586,0.0,0.8266892096935958,0.9176344520056336,0.8993922310882436,0.8727631680356078,0.8654234385275936,0.9413411539914582,0.9049315186013054,0.8538362113124116,0.9562880686171875,0.8685695845092949,0.862273520033598,0.9443834278905732,0.9602211523225768,0.9225015741707872,0.2586095064370061,0.8129560940834346,0.9544316996038,0.03139863267861631,0.8759110188590655,0.9288488221297497,0.9152582079543841,0.92126914699118,0.9623211158059548,0.9152582079543841,0.9623211158059548,0.9623211158059548,0.9027019168030597,0.3647019568709454,0.8961186971729789,0.9492063492063487,0.9602211523225768,0.938412400887346,0.938412400887346,0.8322525541058978,0.9428469360414611,0.9475597985845114,0.9288488221297497,0.5210240199989242,0.9508971383859761,0.7684119013812074,0.3833143586062788,0.7125274559321442,0.7447432793600621,0.0,0.8918007079504506,0.9492063492063489,0.758381053055492,0.960221152322577,0.9328339505740528,0.9341976401680097,0.855952276285969,0.0,0.7399891659895361,0.8058499662916012,0.9341976401680094,0.8058499662916012,0.8266892096935958,0.8129560940834346,0.9544316996038,0.7143607147557588,0.6716454483484393,0.8058499662916012,0.7431708752992889,0.9355809960386166,0.6761489807685291,0.9623211158059548,0.9355809960386168,0.9492063492063489,0.8982973238138026,0.930160641445072,0.8388272306091984,0.4779583613087228,0.8106069085572598,0.9492063492063489,0.03139863267861631,0.8420784215528954,0.861222266702256,0.5110414539348817,0.7766590274917051,0.7524297972473162,0.0,0.9856724533720749,0.8633240709217587,0.9225015741707872,0.0,0.8399134433261015,0.9428469360414604,0.9582144552981327,0.2115113915126694,0.03139863267861631,0.9114861522954751,0.9314886672615051,0.897206214237533,0.9288488221297497,0.9083158055901508,0.9355809960386172,0.8129560940834346,0.0,0.9275522446953854,0.0,0.9582144552981327,0.8333555867103808,0.8843412180810759,0.9623211158059548,0.9262700211315917,0.8022278398026612,0.904931518601306,0.9225015741707869,0.0,0.8322525541058978,0.8210376473859937,0.8506512873935228,0.9250013316406696,0.40060683675051967,0.9544316996038003,0.3227392978460525,0.9237454173815312,0.392115299153029,0.8928757609748668,0.7948313236856197,0.392115299153029,0.9225015741707872,0.9544316996038003,0.885400876353422,0.392115299153029,0.9623211158059548,0.931488667261505,0.9508971383859763,0.885400876353422,0.9475597985845114,0.9237454173815312,0.9341976401680094,0.8918007079504506,0.9152582079543841,0.9355809960386168,0.9140827360776211,0.930160641445072,0.9475597985845114,0.9384124008873462,0.7301312695908225,0.9225015741707872,0.9015943008452869,0.8333555867103808,0.42440193597169273,0.9083158055901508,0.930160641445072,0.9508971383859763,0.9526370111116405,0.9015943008452867,0.8939536575643379,0.9275522446953854,0.9275522446953854,0.9004911494084333,0.9544316996038,0.9562880686171873,0.5974763156586966,0.9262700211315922,0.8664724446651935,0.9176344520056336,0.9250013316406696,0.6549904556417999,0.9369854052620166,0.9237454173815312,0.9492063492063487,0.8366469404145511,0.8780124908814328,0.9129151319089186,0.9004911494084333,0.6623067578386677,0.9562880686171875,0.9188361382271666,0.5906675167558797,0.9314886672615046,0.944383427890573,0.926270021131592,0.8993922310882434,0.6040574193889983,0.7598430279509716,0.9398636845831869,0.6739104850582693,0.9475597985845114,0.8832831707913573,0.7143607147557586,0.9526370111116407,0.9508971383859763,0.8864622842804517,0.9275522446953852,0.9526370111116405,0.8982973238138026,0.8633240709217587,0.708808264663793,0.9459533477380775,0.9459533477380775,0.8322525541058978,0.9341976401680094,0.9027019168030599,0.9526370111116405,0.8591172857456586,0.9341976401680094,0.9562880686171873,0.8928757609748668,0.9328339505740528,0.9508971383859763,0.960221152322577,0.8854008763534222,0.9582144552981327,0.7197593917099125,0.9562880686171873
p186_N,0.8125031757594138,0.7906839898526719,0.613905733684577,0.8441637681711898,0.7486025637696189,0.8655480930335331,0.9604448551862265,0.9940269164270883,0.4864557586888153,0.8580546626695635,0.7854118438304147,0.738701490675898,0.7106749817367284,0.723457544921573,0.958011365930062,0.7901220837006853,0.9345162101060189,0.7555267484019448,0.988947390437986,0.8941961293283134,0.7534834928777281,0.8288905501894788,0.9105981200017716,0.8842670595891773,0.7751411006332309,0.6220067417599319,0.8015399251065851,0.5959286333803054,0.8941961293283134,0.680741108881898,0.6894581860953536,0.7804362199469096,0.8479841488472277,0.7462582453394735,0.7774457358293263,0.8508940408143368,0.8545251315798741,0.7960571656361155,0.8655480930335329,0.7507878712472869,0.6409950380652423,0.6746322333985392,0.9823029113907388,0.7035363801049677,0.8547304391063584,0.6155736862367027,0.8309916996778286,0.5012137308395326,0.7507878712472869,0.4030388651584641,0.8373957982954761,0.49006587970238025,0.6442376885398649,0.9175770289712897,0.8404539518860996,0.7892035637357746,0.7461068247589626,0.8187498553347687,0.5699211995268167,0.8071419677837102,0.48167776643590476,0.5711788442900256,0.8443162095592616,0.7407130596599873,0.8440199953549756,0.40144886278557634,0.869243130108611,0.7505711904438881,0.9334871765894706,0.8508940408143366,0.719059798331146,0.7507878712472871,0.9216615961278638,0.23583163815772756,0.8187498553347687,0.5948563043296695,0.7802331379151808,0.810247046519972,0.29271338431004335,0.8655480930335331,0.8599174518990857,0.8341764835736609,0.7369047286962533,0.977836216201275,0.8187498553347687,0.7060898900522419,0.8775479624637765,0.5846555392092286,0.9287809657723518,0.8128743662973856,0.8187498553347687,0.6139057336845779,0.5521720573702731,0.4984318269310677,0.9043749879299843,0.8193221221538198,0.6062613900304055,0.5986505443815766,0.27270567712412586,0.21534634519709384,0.7676551942473684,0.8309916996778284,0.818749855334769,0.7678972840740623,0.6101411363808358,0.8508940408143364,0.668791824458403,0.279923362091965,0.6761887708798416,0.261666407890782,0.5572055673941296,0.8281320737595219,0.3737052390735218,0.6947887595025859,0.8309916996778286,0.2626083762698874,0.8921984211475664,0.9199207156261615,0.8655480930335324,0.2854966571701357,0.8507397675945694,0.5910688163795581,0.7751411006332307,0.9182160871777838,0.7777576951818785,0.3954669053043314,0.8247832035705711,0.8855535071886051,0.9810334199324047,0.8516987023807902,0.3124545317456472,0.8617289235276298,0.8373957982954761,0.7921166669210784,0.8015399251065851,0.46126387642004296,0.7336731683572228,0.8373957982954763,0.8692431301086105,0.8344223133664417,0.5903953662880699,0.8580546626695633,0.4014488627855757,0.6573472576992003,0.6141338392311924,0.5248195359929333,0.6483032776834055,0.33932385809058596,0.6146797086208047,0.2622538351466215,0.8580546626695638,0.5513557679831532,0.7586438533687556,0.9891729020480151,0.869243130108611,0.6365601369012165,0.6739372301182147,0.7677598738939249,0.8127996944827276,0.6216923959674236,0.7372248016070486,0.86172892352763,0.7881877245144917,0.5327602986858448,0.6823494400932677,0.7208140366012072,0.7608512021099121,0.6908540488626147,0.8834412055257683,0.5443035064431863,0.8843991759210621,0.8128743662973859,0.7582806770076986,0.7260737214547617,0.7627164268548153,0.8454812166000656,0.9199207156261613,0.9540654909161645,0.9110292960161306,0.7026310394465645,0.9402149173765824,0.7123540703545834,0.8753970416893984,0.7667279996150679,0.8833638413574663,0.491985531546137,0.32665344233343163,0.6932431244099855,0.9175770289712897,0.7278960280462456,0.9162633501146371,0.6578097343682547,0.5562817533598687,0.3486595772438278,0.7344447161575363,0.8187498553347687,0.9437509156077835,0.9708240412800999,0.9365199505327669,0.6470519412220992,0.593307652479167,0.8227810174934073,0.8187498553347687,0.5594401960561379,0.18742631261057674,0.8580546626695638,0.8187498553347687,0.9605523038964863,0.6075745693832959,0.5121530332731989,0.7033963819667846,0.6780363047382818,0.8128743662973861,0.8187498553347687,0.9358717542141897,0.8187498553347689,0.3765071108605115,0.516399127341906,0.5561065839947421,0.8187498553347687,0.5602140257949839,0.8187498553347687,0.6676747970494146,0.8217102144800921,0.701834666322916,0.5718474212595184,0.8309916996778286,0.2202141752015535,0.8617026589491732,0.8637752999394082,0.9278223884390326,0.7518642165443483,0.6114171230137222,0.7685954931503918,0.8373957982954763,0.9235294325836871,0.8068487019566034,0.8738080422252306,0.8134291786990064,0.8516987023807896,0.551238230999257,0.9591027618944339,0.5910688163795583,0.7836528484753176,0.8187498553347687,0.633185607477653,0.8187498553347687,0.5708999903652218,0.6976105905469066,0.7804362199469097,0.9612540994444185,0.20784018277582406,0.9437509156077832,0.5259740946355209,0.7751411006332307,0.6177419122847327,0.8102470465199716,0.28975360514596127,0.9539405950770345,0.5422312387176575,0.9883058122711346,0.35222497028432664,0.8128743662973856,0.8912139454783419,0.6079167263558785,0.8655480930335329,0.49468635070573197,0.7535007691450397,0.8733353185633346,0.7020101545485048,0.5680360858993996,0.8122835517600442,0.6051945728041059,0.5785393994453496,0.3320287109881257,0.8508940408143364,0.10751865346987233,0.7861773693878312,0.7881877245144917,0.9693701807227779,0.8508940408143364,0.7477240344239233,0.3021535732905777,0.8771157527508109,0.6700890749262618,0.7636929526714449,0.8309916996778286,0.7103779417691758,0.11074088490861966,0.8071419677837104,0.8309916996778284,0.8309916996778286,0.28117461882750516,0.8508940408143366,0.4115110890401008,0.6479373298491176,0.5910688163795574,0.8416026020731028,0.9544340530320736,0.818749855334769,0.794548727808108,0.8071419677837113,0.8373957982954765,0.18336724141784622,0.7853933918944638,0.8309916996778284,0.7507878712472877,0.747763595606636,0.3534946551050022,0.7508170930830109,0.6817007159339749,0.7778904102788158,0.867196991853256,0.7682993337448905,0.5893237526275509,0.8941961293283132,0.6064035416644235,0.9664790626458124,0.8850305959128246,0.7578048050740605,0.7126724416772441,0.8001616141245538,0.8187498553347687,0.7485888881337752,0.7208060714433662,0.7555267484019457,0.8508940408143364,0.990501217665848,0.8689273841757257,0.8187498553347687,0.7751411006332307,0.8039725851265408,0.8655480930335329,0.6809954424556652,0.5988385791172388,0.7651933449849071,0.7804362199469097,0.3782198624080434,0.38954074092625746,0.8228515465886157,0.684673002252764,0.4588863346166121,0.9539405950770345,0.7074465444186638,0.4918379103138397,0.6763652458491294,0.5609188551543609,0.8655480930335331,0.22677126306303863,0.7103779417691753,0.18354080187937416,0.8015399251065851,0.8128743662973856,0.8978890420857435,0.5910688163795581,0.17335144542407288,0.05481491105872749,0.35323383084577054,0.8187498553347687,0.32908847537900643,0.8909576100963051,0.7539663465832733,0.9171602471172888,0.8166721374016902,0.4382306939485976,0.8187498553347687,0.8187498553347687,0.8553644197053216,0.7092159270720859,0.5660968572424849,0.8187498553347689,0.8580546626695638,0.818749855334769,0.7234575449215729,0.6331945381161157,0.31145190079000074,0.818749855334769,0.7278960280462456,0.780233137915181,0.4014163510505253,0.31572537831856007,0.8187498553347687,0.5759764149348254,0.701834666322916,0.18845994700546576,0.2528430224642959,0.7482730449504746,0.6061109023790459,0.8309916996778284,0.1111751111000655,0.8187498553347687,0.27676579070000984,0.7555267484019457,0.6493846382624457,0.7795645169230765,0.7588298042991859,0.3974692753103264,0.7960571656361155,0.8187498553347687,0.6872274437125552,0.5721563105046419,0.8187498553347687,0.9868257352945468,0.5763863300147107,0.6339298208465567,0.3408763834403845,0.08354065362698915,0.8187498553347687,0.8468597387917209,0.4915457969005612,0.8771157527508107,0.6729529875114919,0.5301504584096437,0.5054701007177782,0.5118801010939809,0.6293138833059841,0.8309916996778286,0.6368886101182984,0.38898190742531813,0.8403638899082266,0.36337757595647124,0.73837905084155,0.538490229185975,0.9574209400641351,0.8373957982954758,0.777757695181879,0.8187498553347687,0.8854073782202492,0.8006768332891592,0.5722676770356743,0.7675545077575615,0.805179966908441,0.8071419677837104,0.6795942126202354,0.9437509156077832,0.8344223133664419,0.8847526545886424,0.818749855334769,0.7906839898526721,0.6130029347174937,0.6739097604819417,0.8039725851265409,0.3385433405644789,0.8166721374016905,0.8032582849677503,0.8637752999394084,0.6128329091270752,0.8532192563266274,0.8941961293283132,0.5845873715539018,0.6528667442151794,0.8517417178354556,0.7829288289557101,0.8532192563266277,0.6868056334918407,0.9845849572233625,0.943248147294041,0.7573327299257779,0.894815519409566,0.9261540016919989,0.6942181513031208,0.8668953185157883,0.6068632962581187,0.4418566228027925,0.5247388192642808,0.7298615518439531,0.9611114671059058,0.6802425637545981,0.6573552151791162,0.9144237853295769,0.7519246848938176,0.8403638899082271,0.3617804341611206,0.8668953185157886,0.4708635765587301,0.7059359258346488,0.6976105905469066,0.5987591555439449,0.8309916996778286,0.9951129595451889,0.5817249304300949,0.8787838185600074,0.7939361728978671,0.9765392721561018,0.7558907387064917,0.6884420461395175,0.9433072675424814,0.8157108879926638,0.8281351821064717,0.8015399251065853,0.8759782153863132,0.8508940408143368,0.7323775850440066,0.37755738686758167,0.6892496465004252,0.8128743662973859,0.8128743662973859,0.4710843327240436,0.9622613761522315,0.828135182106472,0.5422312387176575,0.8187498553347687,0.8440199953549761,0.8187498553347687,0.8187498553347687,0.0,0.7701296598146816,0.7103779417691753,0.8187498553347687,0.41279255748654164,0.2613212811964323,0.7915044878536361,0.7448775230653979,0.5759764149348257,0.3697544601555205,0.7253159531857727,0.9418089181282812,0.12986797426806018,0.8220206572416717,0.9643696818733092,0.9433072675424814,0.5839461816380537,0.6413785216313586,0.46427996600126364,0.7323775850440066,0.9443079183083238,0.9162633501146367,0.6896938625282315,0.8771157527508109,0.6781323599475169,0.8309916996778286,0.7955992988867815,0.9521510945761814,0.9185385633671475,0.8403638899082264,0.31123004102082397,0.7482730449504749,0.49909726682271693,0.6445850894057767,0.9895607707325591,0.7694243902747524,0.9018766686009254,0.8247832035705711,0.9722053040564538,0.2794585459675074,0.4549600668663629,0.9010904619217457,0.6812099851310376,0.854730439106359,0.6241034701689347,0.6062613900304059,0.8128743662973861,0.26269847972067284,0.7369047286962533,0.8655480930335329,0.3072023541019907,0.33854334056447877,0.7861875782595165,0.3735360615446479,0.780233137915181,0.8041413192710752,0.7269915615122262,0.8187498553347687,0.8373957982954758,0.7287842253283445,0.8062889078890338,0.5740698374703941,0.6845353270675435,0.8109331940580489,0.8415736407173351,0.39746927531032616,0.7701296598146818,0.0721871623211855,0.8941961293283134,0.26340991520879564,0.9414009265844593,0.29151027279721253,0.8071419677837104,0.977801606875008,0.858525174024918,0.8666196056990201,0.7651933449849071,0.76195474407285,0.6369915695100619,0.3241768471802222,0.41335788726227296,0.7103779417691753,0.5196112502700438,0.5047907790933426,0.5862145737988109,0.8580546626695638,0.8467067695663082,0.7885717323084891,0.6079210763698246,0.6841862644049405,0.6802143563804424,0.8409008752365552,0.3220737977562018,0.43262022180800375,0.9035853419274651,0.6000387348952327,0.8308988379743554,0.8212191757240859,0.7397934068794985,0.8055304513576165,0.9356315112360543,0.753026307503315,0.7954648857683043,0.8680954506278161,0.8102470465199716,0.8227810174934069,0.8373957982954761,0.8655480930335331,0.8187498553347687,0.9626539977544464,0.5338362049056826,0.3611831269704311,0.714700609225059,0.8187498553347689,0.5529848840493286,0.39905866759638764,0.4816777664359039,0.723457544921573,0.6567743629139984,0.6139057336845779,0.44935826106119925,0.991803093907663,0.7627134335180525,0.9434787207992854,0.41783554058029115,0.6888726318181917,0.8440199953549763,0.6528051955403154,0.7461068247589624,0.8924661473774316,0.6976105905469068,0.9035853419274646,0.7701546991876683,0.8071419677837113,0.8655480930335329,0.7906839898526712,0.7892035637357744,0.818749855334769,0.5417859202383508,0.587287571831129,0.7694592477206288,0.7774457358293272,0.9278223884390326,0.26686847506947764,0.1334539475224179,0.8128743662973856,0.8373957982954765,0.8015399251065851,0.8128743662973856,0.8128743662973856,0.9597226004039316,0.8187498553347687,0.9877067241057924,0.7917740909215247,0.8187498553347687,0.7651933449849071,0.6100790902205033,0.9075125973442775,0.8309916996778286,0.7919266732908358,0.7588298042991857,0.8409008752365552,0.3220737977562016,0.24433987200684026,0.644585089405777,0.26720719416587346,0.8187498553347687,0.6687918244584032,0.8309916996778284,0.7651933449849073,0.25856935886961696,0.7082846413734101,0.8508940408143366,0.8247832035705711,0.9147410006567669,0.9605135030057499,0.8228515465886157,0.8187498553347687,0.810283267314982,0.7389297143038791,0.8356211973405496,0.6206796389662935,0.8847526545886424,0.9199207156261613,0.7507878712472869,0.8309916996778286,0.7214985100854552,0.22085312873717922,0.8187498553347687,0.9052793715138912,0.6249548852862252,0.8941961293283132,0.4731775382568433,0.8015399251065851,0.7854118438304147,0.21004048997418856,0.8071419677837104,0.3683154466585241,0.15847280456528712,0.8187498553347687,0.8187498553347687,0.9907912522530475,0.603739651390256,0.6528051955403151,0.4448169874197566,0.3188987798921856,0.5680052734034955,0.4287531787392225,0.13209777328001782,0.7603272065538036,0.29532744623401874,0.8187498553347687,0.9965098618221204,0.8373957982954758,0.8655480930335329,0.39746927531032616,0.8508940408143364,0.2875570771801247,0.8187498553347687,0.8187498553347687,0.19820826431526917,0.818749855334769,0.16859676252519917,0.780233137915181,0.48975418822813754,0.6409950380652423,0.9538128337748035,0.7074737191284055,0.28114415921228875,0.46706969586691915,0.8187498553347689,0.6976105905469066,0.13281023121838953,0.8247832035705711,0.8729992599383651,0.9278555830097954,0.7794946805727148,0.6809954424556657,0.7060898900522419,0.7290878762898825,0.5110429271024794,0.8187498553347687,0.06940707792858858,0.7252781043308822,0.6443591405057475,0.5748734668956192,0.5338362049056831,0.7017438536728549,0.4754846592024202,0.5326381519969943,0.7919266732908359,0.7582031881259561,0.4069740516664755,0.852721733894887,0.8580546626695638,0.8943060814546406,0.9556052694213422,0.08132817697819361,0.93293779373488,0.8128743662973856,0.476432077490201,0.7151839380308869,0.847840826237674,0.823932134295994,0.7921166669210784,0.7539469289309442,0.8681911647089425,0.9062284136028744,0.6528051955403151,0.9515406232301193,0.4919535371464223,0.7486025637696189,0.8580546626695635,0.8288905501894785,0.7331927393418416,0.4918282359668187,0.8739476404527842,0.7106749817367282,0.8660225244497293,0.7039655675360279,0.8247832035705711,0.5696787927725997,0.8979720328386482,0.5220474608423291,0.5629584950080093,0.8187498553347687,0.6139057336845779,0.9216615961278638,0.38586725369765507,0.8580546626695635,0.7650387230061649,0.6829415463050648,0.6495805297715653,0.8187498553347687,0.14718253454870445,0.3072023541019906,0.9031596221624147,0.07895330971693659,0.18462408116414664,0.10650456159652588,0.8692431301086105,0.28605368994481717,0.9818538579833653,0.792047318727177,0.3067556182454423,0.7701296598146816,0.4403286267390576,0.8655480930335331,0.8169524798770449,0.818749855334769,0.8515949193193539,0.8383095843689292,0.13692076553301213,0.7548065093948915,0.36185749798033684,0.8928184240681561,0.8128743662973856,0.26034337185498146,0.5047907790933428,0.6293138833059841,0.2750715685065406,0.2678838460770063,0.8187498553347687,0.180225603659392,0.5122907778705539,0.723457544921573,0.8187498553347687,0.2740058589673319,0.951838115269452,0.8508940408143364,0.7935410698458636,0.8409008752365552,0.5182944186795522,0.7109305288796639,0.8625840806761584,0.8753970416893984,0.9741375700777086,0.8403638899082269,0.3451477843760342,0.8187498553347687,0.897554299358835,0.8187498553347687,0.9199207156261615,0.6382853475225865,0.37711250250276984,0.8655480930335329,0.7606844936025527,0.7559752633042984,0.561860071045206,0.743575248796509,0.8187498553347687,0.746128734024428,0.4318203131507057,0.6551579692372691,0.8356211973405496,0.6976105905469074,0.8373957982954765,0.7323775850440062,0.8034325831564854,0.9106077393841203,0.40897018745562386,0.28031104848462274,0.9106077393841203,0.723457544921573,0.8373957982954765,0.5910688163795574,0.9106077393841203,0.8655480930335329,0.9778362162012755,0.7885717323084889,0.6063806061734909,0.8128743662973861,0.8034325831564855,0.7881877245144917,0.593307652479167,0.6976105905469074,0.8786991897175933,0.544560042832112,0.8553644197053217,0.7667279996150675,0.9764798007133303,0.6908557160898579,0.7234575449215732,0.6657221553422645,0.598212118081455,0.9322325628826639,0.6728375842128376,0.794548727808108,0.9734928436170864,0.8309916996778286,0.7269817938967094,0.942753092378321,0.8338544992732517,0.7414801668228581,0.6686391999523146,0.8373957982954758,0.8440199953549761,0.9125299491250027,0.6141480167730404,0.7492328227345282,0.7374518958671807,0.7323775850440064,0.998408035743928,0.8944172155216932,0.6811704817311104,0.8187498553347687,0.5674246997572117,0.6977039345851035,0.7628513402452259,0.48447118392825417,0.8384142714535554,0.8440199953549756,0.8462188949920137,0.9525356217596301,0.6442376885398649,0.9079209531061323,0.7578385111004697,0.8902900920521053,0.9307478027803637,0.8527649676970374,0.7854118438304145,0.9732274831960088,0.8969538931148955,0.9620126398854248,0.7979919355270224,0.8617289235276302,0.8545251315798743,0.5275494240041839,0.6002885656261097,0.8924661473774316,0.9173976423621661,0.46916834621641224,0.8121088241003511,0.8617026589491741,0.8617026589491739,0.4361451285971404,0.8341764835736609,0.6698054145160781,0.86172892352763,0.4704593653074307,0.7651933449849071,0.8771157527508111,0.44088126615266154,0.9185385633671475,0.8545251315798741,0.8580546626695635,0.7045888530995337,0.8508940408143364,0.9739380022962112,0.8440199953549761
p186_S,0.6860193031480388,0.9256059689675478,0.8627763408565616,0.9017126880527933,0.9355809960386172,0.9522137875062906,0.8391852144394407,0.8909271554854026,0.8780124908814326,0.4492933739654301,0.9237321696604077,0.9334927596276981,0.9334927596276981,0.9017126880527933,0.8866210237012304,0.43787524798138566,0.9294643302252341,0.9131105611405992,0.9470055188469617,0.9495505106234363,0.8573544191143385,0.9218915803605507,0.9183006535947711,0.5675647468111024,0.920081794385244,0.9131105611405992,0.9294643302252341,0.8940275945888627,0.9495505106234361,0.7133041786854941,0.9048830033154058,0.9422080421889416,0.9275156757582279,0.8970640020677765,0.935580996038617,0.9470055188469617,0.9377253379624282,0.9275156757582277,0.41509675907699617,0.9114262935403585,0.8724042835510757,0.9148167155454523,0.9522137875062906,0.8895546908938257,0.9294643302252341,0.8065302670697434,0.9399319300513145,0.8737979857661249,0.9114262935403585,0.8627763408565616,0.5280619814444643,0.8092381015708721,0.9131105611405992,0.3239353865603283,0.9275156757582277,0.9097625798212232,0.7318143872286756,0.2115113915126693,0.6681998826838407,0.9314553797224701,0.880853091845007,0.7858515963541476,0.913110561140599,0.851153796957036,0.944562380594602,0.7773459047767644,0.9422080421889416,0.5527940164520047,0.7080589698636746,0.9470055188469617,0.9001496633415413,0.9114262935403588,0.935580996038617,0.9931379118565873,0.2115113915126693,0.8560058896255172,0.9218915803605507,0.9237321696604077,0.7759124991561701,0.9522137875062904,0.6631735274638728,0.9165462137008822,0.4744851393156063,0.913110561140599,0.2115113915126693,0.8955399645501798,0.9218915803605507,0.752244923921936,0.8673897219109374,0.23774878152121792,0.2115113915126693,0.8627763408565621,0.9997120693732493,0.8159705917998177,0.4744851393156063,0.6311161865430601,0.8600594271401629,0.8573544191143385,0.9825765621861844,0.7701296598146816,0.9097625798212232,0.939931930051314,0.935580996038617,0.8199889998427847,0.7402765290419473,0.9470055188469617,0.8822836759018078,0.9499103329879717,0.9200817943852444,0.9967006774025406,0.8426242563237651,0.7092410557284781,0.7552872343353836,0.8851672469450578,0.9399319300513145,0.725182977592665,0.9256059689675478,0.4789197198624878,0.9522137875062906,0.819988999842785,0.8895546908938257,0.8906528429153151,0.9200817943852444,0.7516581686562227,0.9131105611405987,0.6898198421785215,0.9377253379624282,0.7662811769308244,0.9334927596276981,0.8925262950745887,0.8386319972225242,0.939931930051314,0.9422080421889416,0.9522137875062906,0.9294643302252341,0.9756431574521378,0.9063989322810885,0.9422080421889416,0.9422080421889416,0.2618506003001949,0.7522449239219361,0.9495505106234359,0.7773459047767644,0.8373021566360073,0.8851054684866393,0.8866210237012306,0.8641397759307596,0.9813313349882197,0.9114262935403588,0.8998639210155854,0.9495505106234361,0.8808530918450068,0.9559264230682056,0.8492956954242203,0.9422080421889416,0.911426293540359,0.8668776900588209,0.8910355038772133,0.7516855372429223,0.6925626451317198,0.6661418697004178,0.939931930051314,0.9165462137008822,0.6742766833455953,0.8696318695590657,0.8940275945888627,0.9455352361997017,0.8724042835510757,0.9064920176718161,0.9756431574521377,0.9017126880527935,0.9334927596276981,0.9097625798212232,0.8110348907665847,0.8146279006262445,0.8452894464098948,0.9470055188469617,0.50191663379116,0.8986003425351381,0.6887148216919359,0.808826022551031,0.8587055344279979,0.9097625798212232,0.9334927596276981,0.7716810379646633,0.8146279006262442,0.819988999842785,0.8442082503111624,0.3239353865603283,0.9032901911357234,0.6147792340402811,0.8780124908814335,0.7744742852640154,0.9396829012479775,0.8294010800784841,0.2115113915126693,0.5675647468111022,0.9314553797224698,0.352630408466977,0.7914398475103941,0.8627763408565619,0.9334927596276981,0.2115113915126693,0.8333134885197042,0.7333859584439868,0.4492933739654307,0.2115113915126693,0.6134343618863061,0.8925262950745887,0.8560058896255169,0.7769598567916898,0.8794294801784418,0.9334927596276981,0.2115113915126693,0.5527940164520047,0.2115113915126694,0.7612950419868563,0.7955927737497692,0.7914398475103942,0.2115113915126693,0.766281176930824,0.2115113915126693,0.8391852144394418,0.8822836759018073,0.8940275945888627,0.8426242563237651,0.939931930051314,0.9156400131629461,0.26185060030019414,0.9183006535947711,0.6734388855421992,0.8808530918450068,0.8963062533852664,0.8970640020677765,0.9422080421889416,0.636143415130012,0.8764625255717525,0.8766017896141824,0.8696318695590659,0.8925262950745887,0.8925262950745887,0.6281656481768114,0.8546597599343508,0.9314553797224701,0.2115113915126693,0.8766017896141824,0.2115113915126693,0.8706749123546049,0.8925262950745887,0.9422080421889416,0.9081181966045122,0.9156400131629461,0.5675647468111022,0.8910355038772135,0.9200817943852437,0.8641397759307596,0.9237321696604077,0.823995259026026,0.5488029831568715,0.8373021566360075,0.837302156636007,0.9775494508745608,0.23774878152121792,0.944562380594602,0.7830336770148896,0.41509675907699617,0.7886533660780279,0.996098215989133,0.4168415444970912,0.8359725460677727,0.8412929088258385,0.9422080421889416,0.9698585173244104,0.9499103329879717,0.7184545893849336,0.9470055188469617,0.7830336770148896,0.8910355038772135,0.9165462137008822,0.8751970566277456,0.9470055188469617,0.8119370253704727,0.9738929572828705,0.944562380594602,0.8710156683413521,0.9017126880527935,0.9399319300513138,0.8970640020677765,0.9635727568824959,0.9314553797224701,0.9399319300513145,0.9399319300513138,0.7445187414177201,0.9470055188469617,0.951614977966458,0.7821243583741351,0.8546597599343508,0.8024499377942453,0.9470055188469617,0.935580996038617,0.9114262935403585,0.9314553797224701,0.9422080421889418,0.9567327957984202,0.854524100222138,0.939931930051314,0.9114262935403588,0.8940275945888627,0.8611334995416843,0.817365995358706,0.8933669999701506,0.8177855583140786,0.7366067933582978,0.6082696266282184,0.8653384016821964,0.9495505106234361,0.8780124908814335,0.9495505106234363,0.8970640020677765,0.795118420073899,0.8851672469450576,0.939931930051314,0.2115113915126693,0.9422080421889416,0.8406264652017018,0.9131105611405987,0.9470055188469617,0.9445623805946022,0.9334927596276981,0.2115113915126693,0.920081794385244,0.9470055188469617,0.9522137875062906,0.8866210237012304,0.77591249915617,0.9165462137008822,0.9422080421889416,0.996098215989133,0.7830336770148898,0.9200817943852442,0.9275156757582279,0.7983447668609216,0.5488029831568715,0.8970640020677767,0.7612950419868565,0.9256059689675478,0.8866210237012304,0.9522137875062906,0.9086708712955749,0.8970640020677765,0.9242763754517511,0.9294643302252339,0.23774878152121792,0.9001496633415416,0.8546597599343508,0.9635727568824959,0.7567985965131954,0.7701296598146816,0.2115113915126693,0.814627900626244,0.7852944502139064,0.8986003425351381,0.8955399645501798,0.9495505106234361,0.9756431574521378,0.2115113915126693,0.2115113915126693,0.7246274008827146,0.8369672819309517,0.8213256187370721,0.2115113915126694,0.9495505106234363,0.935580996038617,0.9017126880527933,0.8696318695590657,0.9396829012479775,0.935580996038617,0.9032901911357234,0.9218915803605507,0.7872544459254585,0.9421215652709097,0.2115113915126693,0.8492956954242201,0.8940275945888627,0.9225547590276637,0.8910317149053283,0.9032901911357234,0.9543375701747885,0.9399319300513143,0.9482060203641693,0.2115113915126693,0.74295177816296,0.9131105611405987,0.8213256187370721,0.7844447094974545,0.9377253379624282,0.7858515963541475,0.9275156757582277,0.2115113915126693,0.868252626976677,0.8781463766669586,0.2115113915126693,0.9032901911357234,0.946501852536384,0.7997160938696786,0.7657376387499231,0.9567327957984202,0.2115113915126693,0.9139033080355354,0.8173115982101797,0.944562380594602,0.7896703691743376,0.8611334995416842,0.8822836759018076,0.8837215992432159,0.868252626976677,0.9399319300513145,0.871015668341351,0.8560058896255169,0.9183006535947713,0.9619777135726046,0.8399622023066797,0.8359725460677727,0.3894117647058871,0.9422080421889416,0.9131105611405985,0.2115113915126693,0.9470055188469617,0.8751970566277456,0.9721663893115973,0.9237321696604077,0.9081181966045122,0.26185060030019536,0.887310171384524,0.9377253379624282,0.26185060030019536,0.9237321696604077,0.935580996038617,0.925605968967548,0.8466235825686572,0.8780124908814333,0.9470055188469617,0.9737261524690666,0.9495505106234363,0.925605968967548,0.9183006535947713,0.9550260195064375,0.9218915803605507,0.9495505106234361,0.9533201436933367,0.8940275945888627,0.6683614018378583,0.4168415444970912,0.9218915803605507,0.8766017896141824,0.939931930051314,0.8970640020677765,0.851153796957036,0.843956387107015,0.9165462137008822,0.8724042835510757,0.9237321696604079,0.9048830033154058,0.8155539757981618,0.9173733200687659,0.8794294801784419,0.9294643302252341,0.9738929572828705,0.8614162947119022,0.7636611379006617,0.9165462137008822,0.3894117647058881,0.768671074235354,0.9237321696604079,0.8119370253704746,0.9165462137008822,0.8925262950745887,0.8945191137012636,0.939931930051314,0.8038126664077958,0.8493417193842445,0.8955399645501796,0.8724042835510757,0.9470055188469617,0.8668868822373765,0.8734886394090504,0.9445623805946022,0.8940275945888627,0.9294643302252343,0.9294643302252341,0.9422080421889418,0.4789197198624878,0.9048830033154058,0.7787746143035073,0.8895546908938259,0.9334927596276981,0.9334927596276981,0.8473359438695691,0.825485549524431,0.2841000758228456,0.8373021566360074,0.2115113915126693,0.9445623805946017,0.2115113915126693,0.2115113915126693,0.7701296598146816,0.0,0.8970640020677765,0.2115113915126693,0.661975326170622,0.9887818166274059,0.5521754207449419,0.9131673577818813,0.8770085425434331,0.7537693866232713,0.8369672819309517,0.3379211404299429,0.7969703620943664,0.6406227204092918,0.8878995104905507,0.5661082321204176,0.8955399645501803,0.7098182270961282,0.7795559951736178,0.9048830033154058,0.9275156757582277,0.6147792340402808,0.9328514069703763,0.9445623805946022,0.8682526269766768,0.9399319300513145,0.8737979857661253,0.6734388855421984,0.9148167155454525,0.9183006535947711,0.807885351758308,0.9032901911357234,0.880853091845007,0.9183006535947713,0.811122583987075,0.939931930051314,0.358695914577673,0.9377253379624282,0.8910355038772133,0.8186510304280259,0.7969703620943664,0.586920867707422,0.8186510304280263,0.23494785120085637,0.7201512018811544,0.8600594271401634,0.9334927596276981,0.9225547590276637,0.9064920176718161,0.9522137875062904,0.7537693866232712,0.8051727407663853,0.589273802815819,0.7507137152048755,0.9218915803605507,0.8254855495244309,0.8506339860151062,0.2115113915126693,0.9422080421889416,0.8940275945888627,0.935580996038617,0.823995259026026,0.9218915803605507,0.9314553797224703,0.9064920176718161,0.7858515963541473,0.9183006535947713,0.9601498173406833,0.9495505106234363,0.7382049008693425,0.9237321696604077,0.830653792714938,0.26185060030019536,0.9275156757582277,0.6377382219988905,0.8925262950745887,0.9165462137008822,0.721838020409587,0.8479589472056539,0.8687854723525468,0.9412594590100435,0.8970640020677767,0.6184919195552889,0.8239952590260256,0.9048830033154058,0.9495505106234363,0.9200817943852442,0.9377253379624284,0.7955927737497697,0.8766017896141824,0.664046619695012,0.23774878152121792,0.7413772464564758,0.7983447668609216,0.9522137875062904,0.9063989322810884,0.9399319300513143,0.8955399645501798,0.8940275945888627,0.9148167155454521,0.8442082503111629,0.9048830033154058,0.9200817943852444,0.6410550313270735,0.9237321696604077,0.9334927596276981,0.9422080421889416,0.9522137875062906,0.2115113915126693,0.7801503791531784,0.8293233915825582,0.7552872343353834,0.8986003425351381,0.2115113915126694,0.8519739816754519,0.7773459047767646,0.8808530918450068,0.5033963358644564,0.8780124908814324,0.8627763408565621,0.8492956954242201,0.9345611033059704,0.9081181966045124,0.8808530918450068,0.7921350796061555,0.861416294711902,0.9445623805946017,0.8766017896141824,0.7318143872286755,0.939931930051314,0.8925262950745887,0.9522137875062906,0.9081181966045124,0.9314553797224701,0.9522137875062906,0.9256059689675475,0.9097625798212232,0.935580996038617,0.8110348907665852,0.8533158492412367,0.9470055188469617,0.935580996038617,0.6734388855421989,0.9277124395896712,0.7491756278169295,0.23774878152121792,0.9422080421889418,0.28410007582284513,0.23774878152121792,0.23774878152121792,0.529094897880588,0.2115113915126693,0.6281656481768115,0.30596417250440466,0.2115113915126693,0.9165462137008822,0.6725904969034855,0.9470055188469617,0.9399319300513145,0.944562380594602,0.9377253379624282,0.23774878152121792,0.9482060203641693,0.819988999842785,0.9183006535947713,0.9832076187676911,0.2115113915126693,0.8822836759018076,0.939931930051314,0.9165462137008822,0.7382049008693423,0.8837215992432157,0.9470055188469617,0.9377253379624282,0.6831243147374937,0.8925262950745887,0.7272125248349686,0.9355809960386172,0.23982013589343532,0.9001496633415413,0.9048830033154058,0.8177855583140794,0.9237321696604079,0.9470055188469617,0.9114262935403585,0.9399319300513145,0.8822836759018078,0.7997160938696786,0.2115113915126693,0.935580996038617,0.850633986015106,0.4492933739654307,0.7942118959248208,0.9294643302252339,0.9237321696604077,0.7773459047767646,0.26185060030019536,0.8980877855235718,0.9328514069703762,0.2115113915126693,0.2115113915126693,0.5593683328215728,0.832928253827891,0.8766017896141824,0.9618604496727111,0.9756431574521378,0.7657376387499231,0.7969703620943669,0.9533201436933367,0.9148167155454525,0.9721663893115973,0.2115113915126693,0.8737979857661253,0.9422080421889416,0.41509675907699617,0.7858515963541475,0.9470055188469617,0.7858515963541475,0.2115113915126693,0.2115113915126693,0.9191034200580028,0.935580996038617,0.9294272602179026,0.9218915803605507,0.8186510304280263,0.8724042835510757,0.7779424286970985,0.8724042835510757,0.9942806305779072,0.8105886236035889,0.2115113915126694,0.8925262950745887,0.9790921031980657,0.9377253379624282,0.9470055188469617,0.6887148216919359,0.6640671261189444,0.2794136173011541,0.8955399645501798,0.9377253379624282,0.8213256187370719,0.2115113915126693,0.7801987391563097,0.7852944502139064,0.851153796957036,0.8386319972225242,0.8293233915825582,0.9256059689675478,0.8794294801784417,0.8146279006262442,0.9445623805946022,0.8333134885197042,0.9434064372918186,0.9294643302252341,0.9495505106234363,0.9017126880527933,0.4295087700031286,0.7627817270874744,0.528061981444464,0.23774878152121792,0.8426242563237651,0.9097625798212232,0.8925262950745887,0.9001496633415416,0.9522137875062904,0.8925262950745887,0.9522137875062906,0.9522137875062904,0.8766017896141824,0.5208455105092863,0.8682526269766768,0.935580996038617,0.9495505106234363,0.9218915803605507,0.921891580360551,0.7872544459254587,0.9275156757582279,0.9334927596276981,0.9097625798212232,0.6596425857835821,0.567564746811102,0.9121630121591517,0.5370545505859738,0.847335943869569,0.8836663755344538,0.2115113915126693,0.8627763408565621,0.935580996038617,0.8998639210155853,0.4492933739654301,0.9148167155454525,0.9165462137008822,0.8173115982101797,0.2115113915126693,0.8781463766669586,0.7537693866232711,0.7009786641682365,0.961860449672711,0.9931379118565873,0.9721663893115972,0.9422080421889416,0.8493417193842445,0.8041087982320853,0.7537693866232711,0.8818338513270874,0.9183006535947711,0.8087463812485858,0.9522137875062904,0.9183006535947711,0.935580996038617,0.8710156683413519,0.9114262935403585,0.7955927737497694,0.3379211404299428,0.7598023745630524,0.9355809960386172,0.23774878152121792,0.7997160938696783,0.823995259026026,0.6505514505877936,0.9225547590276637,0.8927261530755515,0.2115113915126693,0.8787222304162704,0.8266608704208858,0.9017126880527935,0.2115113915126693,0.9850745779701807,0.9275156757582277,0.9470055188469617,0.3894117647058877,0.23774878152121792,0.9982929421095722,0.9131105611405989,0.8696318695590659,0.9097625798212232,0.8837215992432157,0.9183006535947715,0.7627817270874744,0.2115113915126693,0.9081181966045122,0.2115113915126693,0.4789197198624878,0.7886533660780273,0.8533158492412367,0.41509675907699617,0.9064920176718159,0.7491756278169295,0.8794294801784419,0.9017126880527933,0.2115113915126693,0.9979086030277418,0.9843249638049736,0.8105886236035886,0.9048830033154058,0.5521754207449427,0.9422080421889418,0.4845235246341558,0.7577703728564174,0.544742546353751,0.8641397759307601,0.7397950026088731,0.544742546353751,0.9017126880527933,0.9422080421889418,0.8546597599343508,0.544742546353751,0.41509675907699617,0.9131105611405987,0.9377253379624282,0.8546597599343508,0.9334927596276981,0.7577703728564172,0.9165462137008822,0.8627763408565616,0.8925262950745889,0.9183006535947713,0.8910355038772135,0.7246274008827154,0.9334927596276981,0.6734388855421989,0.8668868822373769,0.9017126880527933,0.8751970566277458,0.996098215989133,0.5730888720724466,0.8837215992432159,0.9114262935403585,0.5675647468111022,0.9399319300513145,0.875197056627746,0.8655068173538916,0.9081181966045122,0.9081181966045127,0.8737979857661249,0.9422080421889416,0.9445623805946017,0.4894996833073829,0.9064920176718165,0.830653792714938,0.8955399645501798,0.9048830033154058,0.5624419419069605,0.9200817943852444,0.9032901911357232,0.9355809960386172,0.7928276225843871,0.845289446409895,0.8895546908938259,0.8737979857661249,0.5717208358797001,0.944562380594602,0.8970640020677765,0.4808644299511202,0.9131105611405992,0.9294643302252341,0.9064920176718163,0.8724042835510757,0.49784616245681235,0.6954211266162025,0.9237321696604077,0.8064378642836338,0.9334927596276981,0.8960434419880754,0.8493417193842447,0.939931930051314,0.9377253379624282,0.8878995104905507,0.9081181966045118,0.9399319300513145,0.8710156683413512,0.9412594590100435,0.8432867912937103,0.9314553797224701,0.9314553797224703,0.9979086030277416,0.9165462137008822,0.8766017896141824,0.9399319300513145,0.9497406256576538,0.9165462137008822,0.9445623805946017,0.8641397759307601,0.9148167155454525,0.9377253379624282,0.4492933739654301,0.8546597599343508,0.4789197198624878,0.855287779686412,0.9445623805946017
p186_Y,0.9958013242704717,0.7827020517762249,0.8513970488424683,0.784823688193983,0.9188361382271664,0.5940388221384438,0.823314801900968,0.8496217685080241,0.8463034707266366,0.9364368411420321,0.9819538956711096,0.9162050927129204,0.9162050927129204,0.7848236881939825,0.645129722487526,0.8872511189380221,0.8444151276169702,0.8905248145511353,0.9332303128187658,0.7313620180897445,0.9863128554450593,0.7629787875174796,0.8518805166596325,0.967100967856847,0.7717871684332457,0.8905248145511351,0.9666428003039549,0.9246323126477254,0.7313620180897445,0.7335526360877322,0.8801586131976926,0.9271857963192041,0.9086743458966988,0.8918627627088201,0.9188361382271664,0.8024064520497921,0.9215378731313923,0.9720014770972775,0.9397924012017989,0.9775185201428762,0.8297763417392077,0.8926744609561268,0.9397924012017986,0.8608459111363298,0.9666428003039548,0.7333570970832713,0.9714058757497572,0.8409934614190604,0.5752823129694751,0.8271068874433853,0.9271857963192041,0.8914217817832129,0.8905248145511351,0.9062682363877987,0.9086743458966988,0.9853395314336217,0.5525066499500704,0.9188361382271664,0.8502673347039309,0.9136381231722888,0.8498824478883684,0.8748189862659324,0.8370219043693602,0.8392374849683435,0.5628380084902218,0.9736006461050133,0.7312949528135805,0.874248798699814,0.9507425434208489,0.9332303128187658,0.638770165401918,0.9889617959260069,0.9188361382271664,0.7426761754075464,0.9188361382271664,0.8421630219588783,0.938858661103084,0.86781515937437,0.7371821715947537,0.8853943075507922,0.903907368032151,0.6824320857464188,0.9142553407315159,0.9245814746860734,0.9188361382271664,0.8376595095551013,0.8002491064399089,0.7644369946041274,0.8551475116943821,0.9162050927129202,0.9188361382271664,0.4927685933822916,0.6773217720334426,0.8097772821314799,0.9142553407315162,0.8666421769503913,0.48040354629534854,0.8677148227831393,0.7705069583296165,0.7491896426899864,0.585517636994092,0.6048035961832141,0.9486051204234525,0.6383351746846031,0.8334615552938358,0.9332303128187658,0.7715101697766475,0.6951965467936021,0.8993081265656122,0.726636185516313,0.435644337245612,0.9619234929707896,0.6916774264569945,0.43236322175197817,0.9243180392978652,0.6916855486052567,0.7049446238172314,0.9332303128187658,0.9980634982842684,0.7942142382641855,0.8890344077176484,0.5497840091849495,0.9723980610103105,0.7086153202868937,0.9926947949559499,0.6472277190154432,0.9215378731313923,0.9268298881488041,0.826183938444757,0.8933580624819937,0.7966865448611928,0.9815062877983507,0.9264488104519892,0.9397924012017986,0.4369895519936876,0.9424997423484038,0.8067554358482096,0.9264488104519895,0.9271857963192038,0.9136381231722888,0.8525995732444294,0.9364368411420319,0.739018467870366,0.7200215627618997,0.5867342269720283,0.8571496764250635,0.9265969718894862,0.7476549733331899,0.888402744132657,0.6139138158985635,0.7867288748844489,0.8498824478883682,0.8124773857179364,0.8560648007561682,0.8776603460423872,0.9219224280637737,0.4991421152682195,0.8911843525479426,0.8134118466352585,0.4794134002003212,0.7136425120533851,0.8873306148945663,0.788110684558016,0.6839771896298135,0.9110471853959474,0.4938594236319287,0.8419243420567943,0.9920003341802428,0.9574667735380061,0.8137531675852785,0.8464622509008558,0.9162050927129204,0.9523285443895997,0.7885346239593196,0.8079613786411541,0.6968737625388144,0.6966611579972151,0.9031012872498188,0.5863794405783262,0.9836818654756581,0.8869069588367049,0.8696907272493435,0.8165945463022457,0.9162050927129204,0.838136434111978,0.6730576965566089,0.8362476150827938,0.868599149953657,0.9062682363877986,0.9969820872027787,0.9136381231722888,0.925055097954939,0.9333494290338366,0.7970837554566488,0.9032539943426647,0.9188361382271664,0.9215378731313923,0.9136381231722888,0.8409934614190602,0.9642220410458108,0.9728478558378828,0.9162050927129202,0.9188361382271664,0.9424302524701103,0.9110842255169305,0.9364368411420321,0.9188361382271664,0.8526637265686305,0.9221261809159469,0.8185765480394147,0.7715117931998927,0.6226205666547033,0.35389716223383405,0.9188361382271664,0.7907091145445477,0.9188361382271665,0.949661097919273,0.9427554086860113,0.995971221428688,0.9188361382271664,0.8396798600981683,0.9188361382271664,0.8036699243158894,0.9055141698506994,0.7846135554921012,0.9291167119066894,0.5577157597313214,0.672301991619966,0.9136381231722885,0.9329290708210038,0.9015883421806545,0.536344767887221,0.7442113689017513,0.89186276270882,0.9271857963192036,0.8901584347056434,0.8495348412251991,0.8966129881495928,0.9863499517231633,0.8645899440480409,0.8645899440480411,0.9111295270090602,0.40904279121569254,0.997222278815483,0.9188361382271664,0.8445260765476374,0.9188361382271664,0.6317744267086556,0.8477288716124305,0.9271857963192041,0.8842347516782392,0.6533456755112992,0.967100967856847,0.8627116416336096,0.9723980610103102,0.5112126327329065,0.8297689139421237,0.7782451824877872,0.9243180392978652,0.43344991303888636,0.8170550030701564,0.7510994433926006,0.9162050927129202,0.9301521134798674,0.5846035294046281,0.9397924012017989,0.7337166375301352,0.7535411523698845,0.8926744609561268,0.8372419978857324,0.48539083809607453,0.9759742607288062,0.7579477204619234,0.7142575600207544,0.9675280023153654,0.9332303128187658,0.7463150508042862,0.8810339601373947,0.5063010877270895,0.9719709416716356,0.9332303128187658,0.7836919404326399,0.7995212197230175,0.9684459109141504,0.9602884009715162,0.47663087465961806,0.9714058757497572,0.9892222022633375,0.6916774264569947,0.997222278815483,0.9714058757497572,0.9344184513464584,0.6161635214324401,0.6437885109709269,0.697183501745605,0.7681346104287814,0.910707988599565,0.9449676339424365,0.8552790990760808,0.5951151434917694,0.6758413647628252,0.7938173320765315,0.9752372748615915,0.7030933355056417,0.93859975842519,0.9815062877983506,0.9889617959260069,0.8664814862756911,0.6379173914575792,0.8827148855675933,0.8151872676642644,0.6566534766220173,0.7993679470361444,0.7969375338011808,0.45065239456902617,0.786728874884449,0.872554013136071,0.7313620180897455,0.7729477276809775,0.8645899440480407,0.9923023883964617,0.9243180392978652,0.9188361382271664,0.9271857963192043,0.9210828212435627,0.5645686232898568,0.9332303128187658,0.9301521134798674,0.7832487769710377,0.9188361382271664,0.9723980610103105,0.9332303128187658,0.9980634982842684,0.9492923120409436,0.6187166079272339,0.2949438901038951,0.9271857963192041,0.7337166375301352,0.7026767211324668,0.844877102877944,0.908674345896699,0.5499021121530556,0.9243180392978652,0.929764684749417,0.7228741598746568,0.9062682363877987,0.8571496764250635,0.8853943075507921,0.7013132117714864,0.5648464163822529,0.683183260685363,0.8851576851792984,0.9162050927129202,0.8518479471645849,0.6905252271542068,0.6916774264569947,0.6935816470028762,0.610417292116635,0.9188361382271664,0.8079613786411539,0.9271776793409097,0.4961498238152062,0.925845563719097,0.9364368411420321,0.752816395068699,0.9188361382271664,0.9188361382271664,0.8884027441326567,0.8725540131360707,0.5504002172224893,0.9188361382271665,0.7313620180897455,0.4625564021423878,0.5074501560130547,0.8357444190687311,0.8350839121434093,0.7718601319576106,0.5911671257514148,0.9120600632071979,0.8129536881411695,0.8071687608174107,0.9188361382271664,0.8790361367974933,0.37755777088785847,0.6810303020848707,0.7232418253599326,0.9405848418047038,0.552407395399277,0.9243180392978652,0.6741517234184584,0.9188361382271664,0.5995459638017588,0.9051352246392363,0.8170514910545461,0.8181684063285385,0.9215378731313923,0.7168212148799408,0.7731278487539048,0.9188361382271664,0.8589357875457215,0.7644369946041274,0.9188361382271664,0.9405848418047038,0.9386878311277109,0.8288659633251884,0.5992563129325659,0.6839771896298135,0.9188361382271664,0.8559505775621336,0.936903561816264,0.9177449231111593,0.7622419627759166,0.8118922448201391,0.8785995314863113,0.8534965853888818,0.7920564385551179,0.9714058757497572,0.9133217982743664,0.842163021958878,0.9236106541660868,0.7854475294144456,0.5346620690532483,0.8811481907951233,0.9329290708210041,0.9271857963192038,0.8029652442344226,0.9188361382271664,0.8024064520497922,0.8729713707513956,0.9903286397737086,0.903907368032151,0.9492912834176326,0.9136381231722888,0.9832889087547527,0.9873359374176983,0.9136381231722888,0.9819538956711096,0.9927913675399127,0.9770956216737102,0.9887296911376622,0.49743296903751144,0.9332303128187658,0.7545300025517867,0.9364368411420321,0.9062682363877987,0.8160154479064055,0.7775367381836844,0.986600701052057,0.6206283045003377,0.9854684265897602,0.9246323126477256,0.9542816599648681,0.8926744609561268,0.9015883421806545,0.9226564439505707,0.7931549419907825,0.9594934435063769,0.7279344422646081,0.8709949476105299,0.9653059182149237,0.8901584347056433,0.9419536134643975,0.9117913875450321,0.5933691316675103,0.7313668127612436,0.88726588961507,0.9518720845713886,0.8574424966549474,0.5952100672805893,0.9069834982716527,0.8948535190071922,0.8970640020677769,0.6131629589599744,0.903907368032151,0.928167516684463,0.8948535190071922,0.6751201610087139,0.625834331091597,0.7460671055388904,0.8409384548207715,0.9333494290338366,0.8670548609430997,0.8392374849683435,0.9332303128187658,0.6650862641912327,0.8756872102415512,0.9301521134798674,0.929990621422188,0.992614642133717,0.7221874549299853,0.975974260728806,0.9861029598450541,0.5820842228975354,0.5542805018550545,0.8854576196318016,0.9979245843396387,0.9549894228659186,0.7176639527923898,0.9055141698506992,0.9111295270090607,0.7200215627618998,0.9188361382271664,0.9301521134798674,0.9188361382271664,0.9188361382271664,0.7103779417691753,0.8970640020677765,0.0,0.9188361382271664,0.6954778573821465,0.7407200328079586,0.9221261809159466,0.6556904975097464,0.9249788088801436,0.9844245603384987,0.6024351386752482,0.8445260765476377,0.7441955253353552,0.9086743458966988,0.842163021958878,0.9808531012828585,0.8683869765649121,0.8158774734460307,0.7907091145445477,0.5820842228975356,0.9484490715653733,0.955430200993886,0.680084841281406,0.5121370206872311,0.6923399317267864,0.9243180392978652,0.46649121923500503,0.9015883421806543,0.9965480089781211,0.9687941395742312,0.7579477204619236,0.9718013773009626,0.8498824478883682,0.8970640020677765,0.9023193977639938,0.9243180392978652,0.938858661103084,0.967100967856847,0.9949248037947263,0.7715117931998925,0.673664324758072,0.9759742607288062,0.7885376457287647,0.9111295270090607,0.8938673639056198,0.5763915056514193,0.8261839384447572,0.6431204385265556,0.9574667735380062,0.9980634982842684,0.6011182013825911,0.7952571048852997,0.8445260765476377,0.7209996507183951,0.5766271929053318,0.8785995314863113,0.8810723255867576,0.9188361382271664,0.9271857963192038,0.9246323126477254,0.9188361382271666,0.7123215409601531,0.9388586611030838,0.9136381231722888,0.957466773538006,0.598322886340447,0.9329290708210041,0.687844308173839,0.9364368411420321,0.6258343310915973,0.9419536134643973,0.7866345128825971,0.9136381231722888,0.7333531230852297,0.8327847866219924,0.8477288716124305,0.47107488812322396,0.8953985352636917,0.8084379106483257,0.7061441080837014,0.7816036838847062,0.9297646847494161,0.7301865852690879,0.6910951544371505,0.8801586131976926,0.6206283045003382,0.6256072995438491,0.9215378731313923,0.9627849644206099,0.8966129881495928,0.8532677898837113,0.9162050927129202,0.7353274065703801,0.7913320663094453,0.768852113385853,0.8522489996705727,0.9243180392978652,0.6906827526151074,0.9009152082361704,0.8926744609561268,0.868599149953657,0.5820842228975354,0.9723980610103105,0.8627658779727198,0.903907368032151,0.9162050927129202,0.9759742607288062,0.7688521133858538,0.9188361382271664,0.9594934435063769,0.6983171679651365,0.6916774264569947,0.7969152130256065,0.9188361382271665,0.8134965995860686,0.6354290568372414,0.8498824478883682,0.6307272814268006,0.8725540131360707,0.7599603687722047,0.8790361367974933,0.7537290933013764,0.8230108554944899,0.6964594072501112,0.7819352075140338,0.9943839955280371,0.9301521134798674,0.7648220864376963,0.5855176369940919,0.8873306148945661,0.3299027398012807,0.9397924012017986,0.884234751678239,0.9191935655413227,0.9980634982842684,0.9062682363877987,0.9853395314336217,0.595115143491769,0.8490316330081227,0.9318406132079877,0.9332303128187658,0.9188361382271666,0.9761289800255133,0.6299422441420863,0.6839771896298135,0.9162050927129202,0.9264488104519895,0.9111295270090607,0.9162050927129202,0.9162050927129202,0.9000359259924556,0.9188361382271664,0.9518720845713886,0.9055141698506992,0.9188361382271664,0.8233368841618816,0.5710685415634498,0.9332303128187658,0.9714058757497572,0.9808531012828583,0.9215378731313923,0.9162050927129202,0.659131165278617,0.7942142382641855,0.8970640020677765,0.7459271882241427,0.9188361382271664,0.4485345094039942,0.7460671055388904,0.8948535190071922,0.7462640555290072,0.7120789556074874,0.908151746102369,0.6683942743395166,0.8993081265656122,0.9915694637821951,0.8993081265656122,0.9188361382271664,0.9508942993498994,0.7605288978377276,0.7718808689815733,0.7624894070746238,0.9819538956711096,0.8552790990760807,0.37416420938277384,0.9243180392978652,0.9862580849438625,0.8081519823819929,0.9188361382271664,0.6834876377246903,0.9272483493178814,0.9364368411420321,0.6596874953203675,0.992614642133717,0.9819538956711097,0.7390184678703662,0.9136381231722888,0.6851259132937948,0.7127584912490819,0.9188361382271664,0.9188361382271664,0.8911843525479426,0.6180726077636958,0.7127351748357409,0.9269286064951123,0.752816395068699,0.6572479307200858,0.8744023074844762,0.6800747250793262,0.4494597349045748,0.7396889307766861,0.9188361382271664,0.8666421769503911,0.9271857963192038,0.9397924012017989,0.5983228863404472,0.9332303128187658,0.7301865852690876,0.9188361382271664,0.9188361382271664,0.6577356771752365,0.9927913675399127,0.8223283599571183,0.9015883421806543,0.6837875121403504,0.9316182412138075,0.9492912834176328,0.8901584347056433,0.7354743728009798,0.5594556444929932,0.9188361382271665,0.4162070951031388,0.7085402163921224,0.967100967856847,0.9861029598450541,0.9927316606048785,0.8856007209181508,0.9124519654347756,0.3085431845711246,0.9215378731313923,0.9013912632842747,0.9188361382271664,0.7230643435079143,0.6318920498391103,0.8392374849683435,0.4727894845857844,0.8495488593150842,0.9062682363877987,0.8480887874245626,0.5277430376119823,0.9301521134798671,0.7899855610109621,0.8012246513819399,0.9111295270090605,0.9528294452685605,0.9069834982716527,0.8905248145511353,0.7204044715302858,0.9271857963192041,0.9162050927129202,0.8017165382781772,0.9193175573455776,0.8764969900463836,0.9046345879637958,0.9397924012017989,0.7901926347445248,0.9397924012017989,0.9397924012017986,0.6606482632337853,0.9323959366850338,0.8340066608386385,0.9188361382271666,0.8974625884738566,0.7257084685950501,0.9015883421806543,0.5953008848564134,0.9484490715653735,0.9162050927129202,0.9193175573455774,0.8551475116943821,0.9215378731313923,0.6874558644023563,0.8977823279529107,0.7762186091994818,0.7584354827592485,0.9188361382271664,0.4198981091850429,0.9188361382271664,0.6640832070529872,0.9364368411420321,0.8926744609561268,0.8948535190071929,0.6453980174074032,0.9188361382271664,0.687844308173839,0.6011182013825909,0.8948535190071925,0.6897650345489792,0.7230643435079143,0.7011200122838853,0.9271857963192041,0.7158518944499068,0.8340654250908048,0.996410121713706,0.7043061423436843,0.8160154479064051,0.5633674341491512,0.9436654046332618,0.7442853103999507,0.8602326261905311,0.8880438381235427,0.8769594683495258,0.7624894070746238,0.8445260765476377,0.6291776984106687,0.9188361382271664,0.9162050927129202,0.7476549733331901,0.5637368352991365,0.9835814210811358,0.6431204385265556,0.6805555479205512,0.9188361382271664,0.6810307020171473,0.7695279561751973,0.9081008136077288,0.9188361382271664,0.7642693236079956,0.9086743458966988,0.9332303128187658,0.8970640020677767,0.9162050927129202,0.9807438322803782,0.9245814746860737,0.8859462632868753,0.71756158517018,0.6034728408565795,0.9687941395742314,0.6239239140921016,0.9188361382271664,0.9492912834176328,0.9188361382271664,0.9332303128187658,0.5922498579183899,0.8151872676642644,0.9397924012017989,0.8821858692988962,0.933699892853623,0.8480887874245628,0.5999080000733641,0.9188361382271664,0.8111005607306154,0.7918748088323502,0.946587494512277,0.5820842228975358,0.8645899440480416,0.8776603460423872,0.8801586131976926,0.8781517708121862,0.895556899461708,0.8288247292151196,0.6995933789681381,0.895556899461708,0.9994413423319617,0.9271857963192041,0.9341648582611077,0.895556899461708,0.9397924012017989,0.5645686232898566,0.9215378731313923,0.6670683574926641,0.8691190999184775,0.8781517708121862,0.5415272873309553,0.8513970488424683,0.979662417783852,0.9329290708210041,0.86271164163361,0.9219224280637734,0.9591402541866407,0.9015883421806545,0.872610570341374,0.8772815322542922,0.7437566311039225,0.9121372710878783,0.8589921216815586,0.902139656421576,0.9104791522806426,0.9215378731313923,0.9243180392978652,0.9978138896011306,0.8250473281316444,0.8842347516782392,0.8842347516782392,0.8922908924817221,0.9271857963192041,0.9301521134798674,0.9539901150839312,0.8821858692988969,0.8027609741182149,0.9846362664950944,0.835146417676252,0.9096390789868476,0.9723980610103105,0.878151770812186,0.9927913675399128,0.898530811741105,0.7647899073490484,0.8890344077176484,0.8666421769503914,0.9033275601370812,0.8163429475051772,0.7432189689240167,0.9811610381549327,0.8905248145511351,0.5999597822430004,0.9895362449706255,0.992000334180243,0.9493188414038549,0.8899472722556014,0.903907368032151,0.8929348073029164,0.9591402541866407,0.8383870909946942,0.9886953095181066,0.5577157597313219,0.9873359374176982,0.8421630219588783,0.8842347516782385,0.9815062877983507,0.7833426799157515,0.8457277353047201,0.8779077579069452,0.6266490207901443,0.9609856433629198,0.7913139422501829,0.893789283369613,0.8169089980396514,0.7931549419907828,0.7959665479971141,0.8233368841618818,0.9301521134798674,0.8288247292151196,0.9272989769634581,0.622831179614062,0.9364368411420321,0.9810785975841936,0.9332303128187658,0.9626539977544464,0.9808531012828585
p187_G,0.7524297972473161,0.9413411539914585,0.8918007079504506,0.9225015741707872,0.9492063492063487,0.9623211158059548,0.7050163519970581,0.7509151724713103,0.9038142386822647,0.960221152322577,0.9398636845831869,0.9475597985845114,0.9475597985845114,0.9225015741707872,0.9106019687464653,0.5567710364845595,0.944383427890573,0.9314886672615048,0.9582144552981327,0.960221152322577,0.8875255844205965,0.938412400887346,0.935580996038617,0.9508971383859763,0.9369854052620163,0.9314886672615046,0.944383427890573,0.916441965519317,0.960221152322577,0.7739436107925906,0.9250013316406693,0.9544316996038,0.9428469360414609,0.9188361382271659,0.9492063492063489,0.9582144552981327,0.9508971383859763,0.9428469360414602,0.9623211158059548,0.930160641445072,0.8993922310882436,0.932833950574053,0.9623211158059548,0.912915131908919,0.9443834278905732,0.8474513194974065,0.9526370111116405,0.9004911494084333,0.930160641445072,0.8918007079504506,0.9544316996038,0.8495864161552136,0.9314886672615046,0.13408370177867746,0.9428469360414604,0.9288488221297497,0.9288488221297497,0.0,0.7383793872014479,0.9459533477380775,0.9060540201833016,0.831146423199498,0.931488667261505,0.8993922310882436,0.9562880686171875,0.8244397822834253,0.9544316996038,0.6473831763250288,0.7698078233874499,0.9582144552981327,0.92126914699118,0.9301606414450723,0.9492063492063487,0.8266892096935958,0.0,0.8864622842804517,0.938412400887346,0.9398636845831867,0.8233095582802461,0.9623211158059548,0.9398636845831869,0.9341976401680094,0.31108550994831163,0.9314886672615048,0.0,0.9176344520056336,0.938412400887346,0.8046479448175341,0.8939536575643376,0.03139863267861631,0.0,0.8918007079504506,0.831146423199498,0.8548949080074899,0.31108550994831163,0.48955645159511163,0.8896584524348263,0.8875255844205965,0.8198957816506434,0.8187498553347687,0.9288488221297497,0.9526370111116405,0.9492063492063489,0.8580633769736241,0.6072669396673074,0.9582144552981327,0.907182019415572,0.7973204052495684,0.9369854052620166,0.8289245259008584,0.8759110188590657,0.9328339505740528,0.8070467719220202,0.9094556823349389,0.9526370111116405,0.7833099084134079,0.9413411539914585,0.9582144552981327,0.9623211158059548,0.8580633769736241,0.9129151319089193,0.885400876353422,0.9369854052620166,0.9250013316406696,0.931488667261505,0.7554264789789613,0.9508971383859763,0.6339927913026551,0.9475597985845114,0.9152582079543838,0.8727631680356085,0.9526370111116405,0.9544316996038,0.9623211158059548,0.944383427890573,0.8453085223330421,0.879064442044788,0.9544316996038003,0.9544316996038,0.06018876900101988,0.8046479448175343,0.960221152322577,0.8244397822834253,0.8717146038820363,0.8875255844205967,0.9106019687464659,0.892875760974867,0.8420784215528956,0.9301606414450723,0.7583810530554915,0.9602211523225768,0.9060540201833014,0.8559522762859688,0.8811713725919912,0.9544316996038,0.9301606414450725,0.8950345750758599,0.9140827360776209,0.8938851835250172,0.5567710364845593,0.7367566674079002,0.9526370111116407,0.9341976401680094,0.7431708752992887,0.8972062142375332,0.9164419655193166,0.8612222667022558,0.8993922310882436,0.9262700211315917,0.8453085223330423,0.9225015741707872,0.9475597985845114,0.9288488221297495,0.6783615558233287,0.8538362113124116,0.8780124908814328,0.9582144552981327,0.6072669396673073,0.9200475251844384,0.5526275082095409,0.9117550006367756,0.8885909234541711,0.9288488221297497,0.9475597985845114,0.6394614409405057,0.8538362113124116,0.8580633769736241,0.9015943008452869,0.13408370177867734,0.9237454173815312,0.9459533477380775,0.903814238682265,0.8221755430097122,0.7897778653703145,0.9060540201833014,0.0,0.9508971383859763,0.9459533477380777,0.4895564515951115,0.8355526955775656,0.8918007079504506,0.9475597985845114,0.0,0.8685695845092951,0.7897778653703145,0.960221152322577,0.0,0.6951973979147161,0.9152582079543841,0.8864622842804517,0.6447787703816181,0.9049315186013059,0.9475597985845114,0.0,0.6473831763250286,0.0,0.8117838598171898,0.8388272306091986,0.8355526955775657,0.0,0.6339927913026551,0.0,0.7050163519970583,0.9071820194155717,0.9164419655193166,0.8759110188590655,0.9526370111116407,0.7711949776746383,0.06018876900101888,0.935580996038617,0.9384124008873462,0.9060540201833014,0.7554264789789611,0.9188361382271666,0.9544316996038,0.4951319232791844,0.8907283270583697,0.9027019168030599,0.897206214237533,0.9152582079543838,0.9152582079543838,0.944383427890573,0.885400876353422,0.9459533477380777,0.0,0.9027019168030597,0.0,0.7334713952978886,0.9152582079543841,0.9544316996038,0.9275522446953854,0.7711949776746383,0.9508971383859763,0.9140827360776205,0.9369854052620161,0.892875760974867,0.9398636845831869,0.8612222667022562,0.9526370111116405,0.8717146038820363,0.8717146038820349,0.8442340263447974,0.03139863267861631,0.9562880686171873,0.8289245259008584,0.9623211158059548,0.8333555867103808,0.8333555867103808,0.24376003609304187,0.8706662210952574,0.8748612665230131,0.9544316996038003,0.848519788337875,0.7973204052495684,0.7780046509581313,0.9582144552981327,0.8289245259008584,0.9140827360776214,0.9341976401680094,0.9015943008452874,0.9582144552981327,0.8517144868263773,0.8141237078825918,0.9562880686171873,0.8982973238138026,0.9225015741707867,0.9526370111116407,0.9188361382271666,0.8070467719220202,0.9459533477380775,0.9526370111116405,0.9526370111116407,0.7985559379258667,0.9582144552981327,0.7985559379258667,0.6499526646778642,0.885400876353422,0.8442340263447972,0.9582144552981327,0.9492063492063487,0.930160641445072,0.9459533477380777,0.9544316996038003,0.8022278398026612,0.8982973238138026,0.9526370111116405,0.9301606414450723,0.9164419655193172,0.7250134267509765,0.9094556823349389,0.8843412180810755,0.6848496741376313,0.7923174570100686,0.6911250629978627,0.8727631680356077,0.9602211523225768,0.903814238682265,0.9602211523225768,0.9188361382271668,0.9152582079543841,0.9094556823349389,0.9526370111116405,0.0,0.9544316996038,0.9027019168030597,0.931488667261505,0.9582144552981327,0.9562880686171873,0.9475597985845114,0.0,0.9369854052620163,0.9582144552981327,0.9623211158059548,0.9106019687464655,0.823309558280246,0.9341976401680094,0.9544316996038003,0.8333555867103808,0.8289245259008584,0.9369854052620166,0.9428469360414611,0.8409971458279799,0.9526370111116405,0.9188361382271659,0.8117838598171898,0.9413411539914587,0.9106019687464657,0.9623211158059548,0.7655931084723666,0.9188361382271666,0.7780046509581313,0.944383427890573,0.03139863267861631,0.92126914699118,0.885400876353422,0.8070467719220202,0.8082384637825222,0.8187498553347687,0.0,0.8538362113124116,0.9176344520056336,0.9200475251844387,0.9176344520056336,0.9602211523225768,0.8453085223330421,0.0,0.0,0.930160641445072,0.903814238682265,0.8591172857456586,0.0,0.9602211523225768,0.9492063492063489,0.922501574170787,0.8972062142375332,0.7897778653703145,0.9492063492063489,0.9237454173815309,0.938412400887346,0.8322525541058978,0.9634411459729271,0.0,0.8811713725919912,0.9164419655193168,0.7766590274917047,0.9952327064015152,0.9237454173815312,0.8704033497109469,0.9526370111116405,0.7960789049353036,0.0,0.7973204052495684,0.9314886672615053,0.8591172857456586,0.8300371089395653,0.9508971383859763,0.831146423199498,0.9428469360414606,0.0,0.8961186971729789,0.7399891659895361,0.0,0.9237454173815309,0.7948313236856197,0.8420784215528956,0.8152867967569688,0.8022278398026612,0.0,0.7698078233874488,0.8559522762859684,0.9562880686171873,0.6574604645689301,0.7250134267509767,0.907182019415572,0.908315805590151,0.8961186971729789,0.9526370111116405,0.8982973238138026,0.8864622842804517,0.935580996038617,0.8527760996057683,0.8738120195914167,0.8706662210952574,0.21151139151266862,0.9544316996038,0.9314886672615055,0.0,0.9582144552981327,0.9015943008452869,0.8129560940834346,0.9398636845831869,0.9275522446953854,0.06018876900102055,0.7478523304650295,0.9508971383859763,0.06018876900102055,0.9398636845831869,0.9492063492063489,0.9413411539914582,0.879064442044788,0.903814238682265,0.9582144552981327,0.8463809254714867,0.9602211523225768,0.9413411539914582,0.935580996038617,0.801009545737682,0.938412400887346,0.9602211523225768,0.7997856146881548,0.9164419655193166,0.5305546844946969,0.24376003609304187,0.938412400887346,0.9027019168030597,0.9526370111116405,0.9188361382271666,0.8993922310882436,0.8769613888066743,0.9341976401680094,0.8993922310882436,0.9398636845831869,0.9250013316406693,0.6827113291147924,0.7725735218970409,0.9049315186013058,0.9443834278905732,0.8141237078825918,0.8907283270583697,0.9225015741707872,0.9341976401680094,0.21151139151266984,0.8175997772209664,0.9398636845831869,0.8517144868263774,0.9341976401680094,0.9152582079543841,0.7539334992316542,0.9526370111116405,0.8453085223330421,0.7143607147557585,0.9176344520056336,0.8993922310882432,0.9582144552981327,0.7301312695908229,0.8918007079504506,0.9562880686171875,0.9164419655193166,0.944383427890573,0.944383427890573,0.9544316996038003,0.9582144552981327,0.9250013316406696,0.8255663034700989,0.9129151319089186,0.9475597985845114,0.9475597985845114,0.7125274559321444,0.9071820194155717,0.08671734220308636,0.8717146038820361,0.0,0.9562880686171873,0.0,0.0,0.8187498553347687,0.2115113915126693,0.9188361382271664,0.0,0.7334713952978882,0.8377384241745145,0.4006068367505189,0.8527760996057685,0.8811713725919912,0.8058499662916012,0.903814238682265,0.47795836130872293,0.8399134433261015,0.9428469360414604,0.8864622842804515,0.4408515443948542,0.9176344520056336,0.7711949776746385,0.6473831763250284,0.9250013316406696,0.9428469360414602,0.9459533477380775,0.7846176027958278,0.9562880686171873,0.8961186971729789,0.9526370111116405,0.9004911494084331,0.938412400887346,0.9328339505740528,0.935580996038617,0.848519788337875,0.9237454173815312,0.9060540201833016,0.9355809960386168,0.7223272158432528,0.9526370111116405,0.17526171623055564,0.9508971383859763,0.9140827360776205,0.8570084033315839,0.8399134433261015,0.4654487838138114,0.8570084033315841,0.5711669571562623,0.77934241058442,0.8896584524348263,0.9475597985845114,0.7766590274917051,0.9262700211315917,0.9623211158059548,0.8058499662916013,0.8463809254714865,0.7876282222528316,0.8034406041869142,0.938412400887346,0.9071820194155717,0.8822265994777512,0.0,0.9544316996038,0.9164419655193174,0.9492063492063487,0.8612222667022558,0.938412400887346,0.9459533477380777,0.9262700211315917,0.831146423199498,0.9355809960386168,0.8046479448175343,0.9602211523225772,0.7935775465776653,0.9398636845831869,0.8664724446651941,0.06018876900102055,0.9428469360414602,0.7143607147557588,0.9152582079543841,0.9341976401680094,0.7806724477786732,0.880117361849238,0.7318083230664854,0.8633240709217587,0.9188361382271666,0.6991852245234744,0.8612222667022558,0.9250013316406696,0.960221152322577,0.9369854052620166,0.9508971383859763,0.8388272306091986,0.9027019168030597,0.525843532183836,0.03139863267861631,0.7960789049353036,0.8409971458279799,0.9623211158059548,0.8790644420447877,0.9526370111116405,0.9176344520056336,0.9164419655193168,0.932833950574053,0.9015943008452869,0.9250013316406696,0.9369854052620166,0.500567215157067,0.9398636845831867,0.9475597985845112,0.9544316996038,0.9623211158059548,0.0,0.9188361382271668,0.8654234385275936,0.8070467719220202,0.9200475251844384,0.0,0.8832831707913575,0.8244397822834253,0.9060540201833016,0.34458474155865637,0.9038142386822647,0.8918007079504506,0.8811713725919912,0.7859181167692968,0.9275522446953854,0.9060540201833014,0.6598989712921809,0.8907283270583697,0.9562880686171873,0.9027019168030597,0.9288488221297497,0.9526370111116405,0.9152582079543841,0.9623211158059548,0.9275522446953854,0.9459533477380777,0.9623211158059548,0.9413411539914587,0.9288488221297497,0.9492063492063487,0.6783615558233285,0.8843412180810755,0.9582144552981327,0.9492063492063489,0.9384124008873462,0.7806724477786728,0.8022278398026612,0.03139863267861631,0.9544316996038003,0.08671734220308558,0.03139863267861631,0.03139863267861631,0.3741839079094693,0.0,0.944383427890573,0.4527606561376478,0.0,0.9341976401680094,0.535161772248302,0.9582144552981327,0.9526370111116405,0.9562880686171873,0.9508971383859763,0.03139863267861631,0.7960789049353036,0.8580633769736241,0.935580996038617,0.8409971458279799,0.0,0.9071820194155722,0.9526370111116405,0.9341976401680094,0.7935775465776653,0.9083158055901508,0.9582144552981327,0.9508971383859763,0.9369854052620166,0.9152582079543841,0.6284764518573093,0.9492063492063487,0.4006068367505189,0.92126914699118,0.9250013316406696,0.6848496741376318,0.9398636845831869,0.9582144552981327,0.930160641445072,0.9526370111116405,0.9071820194155722,0.8420784215528954,0.0,0.9492063492063487,0.8822265994777507,0.960221152322577,0.8377384241745145,0.944383427890573,0.9398636845831869,0.8244397822834253,0.06018876900102055,0.7569089328329721,0.7846176027958276,0.0,0.0,0.40880739824839063,0.6991852245234742,0.9027019168030597,0.8058499662916013,0.8453085223330421,0.8152867967569688,0.8399134433261015,0.7997856146881548,0.9328339505740528,0.8129560940834346,0.0,0.9004911494084331,0.9544316996038,0.9623211158059548,0.831146423199498,0.9582144552981327,0.831146423199498,0.0,0.0,0.7739436107925914,0.9492063492063487,0.7819949015164562,0.938412400887346,0.8570084033315841,0.8993922310882436,0.6856702229525599,0.8993922310882436,0.8344556057285131,0.8506512873935228,0.0,0.9152582079543841,0.8175997772209664,0.9508971383859763,0.9582144552981327,0.5526275082095407,0.7351207557283752,0.43182584581086747,0.9176344520056336,0.9508971383859763,0.8591172857456586,0.0,0.8266892096935958,0.9176344520056336,0.8993922310882436,0.8727631680356078,0.8654234385275936,0.9413411539914582,0.9049315186013054,0.8538362113124116,0.9562880686171875,0.8685695845092949,0.862273520033598,0.9443834278905732,0.9602211523225768,0.9225015741707872,0.2586095064370061,0.8129560940834346,0.9544316996038,0.03139863267861631,0.8759110188590655,0.9288488221297497,0.9152582079543841,0.92126914699118,0.9623211158059548,0.9152582079543841,0.9623211158059548,0.9623211158059548,0.9027019168030597,0.3647019568709454,0.8961186971729789,0.9492063492063487,0.9602211523225768,0.938412400887346,0.938412400887346,0.8322525541058978,0.9428469360414611,0.9475597985845114,0.9288488221297497,0.5210240199989242,0.9508971383859761,0.7684119013812074,0.3833143586062788,0.7125274559321442,0.7447432793600621,0.0,0.8918007079504506,0.9492063492063489,0.758381053055492,0.960221152322577,0.9328339505740528,0.9341976401680097,0.855952276285969,0.0,0.7399891659895361,0.8058499662916012,0.9341976401680094,0.8058499662916012,0.8266892096935958,0.8129560940834346,0.9544316996038,0.7143607147557588,0.6716454483484393,0.8058499662916012,0.7431708752992889,0.9355809960386166,0.6761489807685291,0.9623211158059548,0.9355809960386168,0.9492063492063489,0.8982973238138026,0.930160641445072,0.8388272306091984,0.4779583613087228,0.8106069085572598,0.9492063492063489,0.03139863267861631,0.8420784215528954,0.861222266702256,0.5110414539348817,0.7766590274917051,0.7524297972473162,0.0,0.9856724533720749,0.8633240709217587,0.9225015741707872,0.0,0.8399134433261015,0.9428469360414604,0.9582144552981327,0.2115113915126694,0.03139863267861631,0.9114861522954751,0.9314886672615051,0.897206214237533,0.9288488221297497,0.9083158055901508,0.9355809960386172,0.8129560940834346,0.0,0.9275522446953854,0.0,0.9582144552981327,0.8333555867103808,0.8843412180810759,0.9623211158059548,0.9262700211315917,0.8022278398026612,0.904931518601306,0.9225015741707869,0.0,0.8322525541058978,0.8210376473859937,0.8506512873935228,0.9250013316406696,0.40060683675051967,0.9544316996038003,0.3227392978460525,0.9237454173815312,0.392115299153029,0.8928757609748668,0.7948313236856197,0.392115299153029,0.9225015741707872,0.9544316996038003,0.885400876353422,0.392115299153029,0.9623211158059548,0.931488667261505,0.9508971383859763,0.885400876353422,0.9475597985845114,0.9237454173815312,0.9341976401680094,0.8918007079504506,0.9152582079543841,0.9355809960386168,0.9140827360776211,0.930160641445072,0.9475597985845114,0.9384124008873462,0.7301312695908225,0.9225015741707872,0.9015943008452869,0.8333555867103808,0.42440193597169273,0.9083158055901508,0.930160641445072,0.9508971383859763,0.9526370111116405,0.9015943008452867,0.8939536575643379,0.9275522446953854,0.9275522446953854,0.9004911494084333,0.9544316996038,0.9562880686171873,0.5974763156586966,0.9262700211315922,0.8664724446651935,0.9176344520056336,0.9250013316406696,0.6549904556417999,0.9369854052620166,0.9237454173815312,0.9492063492063487,0.8366469404145511,0.8780124908814328,0.9129151319089186,0.9004911494084333,0.6623067578386677,0.9562880686171875,0.9188361382271666,0.5906675167558797,0.9314886672615046,0.944383427890573,0.926270021131592,0.8993922310882434,0.6040574193889983,0.7598430279509716,0.9398636845831869,0.6739104850582693,0.9475597985845114,0.8832831707913573,0.7143607147557586,0.9526370111116407,0.9508971383859763,0.8864622842804517,0.9275522446953852,0.9526370111116405,0.8982973238138026,0.8633240709217587,0.708808264663793,0.9459533477380775,0.9459533477380775,0.8322525541058978,0.9341976401680094,0.9027019168030599,0.9526370111116405,0.8591172857456586,0.9341976401680094,0.9562880686171873,0.8928757609748668,0.9328339505740528,0.9508971383859763,0.960221152322577,0.8854008763534222,0.9582144552981327,0.7197593917099125,0.9562880686171873
p187_L,0.846601597022876,0.7799153825380118,0.5940424774651137,0.7889361594576549,0.8477472607854528,0.8586309929616844,0.9001143932601167,0.8630321017786273,0.4952861951118037,0.7912691723776102,0.7743720022696061,0.8636318154535148,0.8081116812777622,0.7092303622876422,0.9863889048612616,0.8536528115158368,0.8966995062659776,0.7429494188247936,0.9799639456778629,0.8865499284062763,0.7313634455284495,0.79302428777175,0.897436658552081,0.86018015495147,0.7635728637516699,0.640501723428875,0.7913298192830456,0.711938938308398,0.8865499284062763,0.9535346179920493,0.7087229426139405,0.8870685468453676,0.8369983150221558,0.7471026065788058,0.8477472607854528,0.8432230388608027,0.8452280645834547,0.7855649902102715,0.8022882727652556,0.7379667423202649,0.6225254357812648,0.9833621105039636,0.933982267244587,0.7981980727124931,0.8703570845202449,0.42764612198720053,0.8222967889645658,0.5607659049120801,0.7379667423202652,0.6521177471685606,0.8870685468453678,0.43565688188366414,0.6625213254912439,0.7173378377524104,0.8801183985124816,0.7330448716760687,0.9464800105051056,0.7334713952978882,0.8043941945226578,0.7972200682837466,0.5760545481775576,0.9056766417955389,0.831027827074269,0.918835508721347,0.8359953467971375,0.6981091184351034,0.8605749232360951,0.7167568472054984,0.8350210059879418,0.8774082655650679,0.7046063663717659,0.737966742320265,0.9620231262730152,0.43295440771338667,0.7334713952978882,0.711263204503785,0.7689268692886153,0.8235702020382232,0.6407400622338091,0.8586309929616845,0.9058396992343838,0.8214406604844174,0.9448743287078549,0.8970866332613757,0.7334713952978882,0.6909691997734229,0.8894139617042871,0.7672783781939712,0.9048067822537016,0.7525915471020097,0.7334713952978882,0.6097474727852451,0.5963191737212761,0.7905428280400082,0.7789961723651311,0.8426833513657964,0.5860048579457431,0.5933385583655058,0.3439219318947053,0.4755275853969265,0.7543883855589721,0.8222967889645652,0.8094251427518588,0.7528205681298764,0.897983682050127,0.8432230388608029,0.6517522736887217,0.40479686726642683,0.7166015305235904,0.5221951008970045,0.5489279346020786,0.9833621105039636,0.5580611062068668,0.6602829262312814,0.8222967889645658,0.598831196236534,0.805052721523491,0.814924694096546,0.8586309929616847,0.40469208743586327,0.998678513982292,0.7065266930992287,0.7635728637516703,0.9026810849845053,0.7429494188247934,0.6511446935928928,0.8157688865369471,0.9305503123798078,0.8032473794919717,0.8715402415516167,0.3466653840207323,0.8222967889645654,0.829030356996278,0.9529908213310594,0.8176722410287787,0.5640700224534398,0.7772161471642314,0.829030356996278,0.8290303569962779,0.7704439742406994,0.4775171432001919,0.8507520507155968,0.47060268378247727,0.5899440926150246,0.7160273469547882,0.548781393694364,0.6749467221896817,0.3147619585805601,0.9546909009709204,0.43238234578999923,0.850752050715597,0.610562342239584,0.6620908779206611,0.9997307740473219,0.8921194894759125,0.6552056134579018,0.7502684173341364,0.7696896442189474,0.6560449296207074,0.8430227089083463,0.8962039396466865,0.8527418007930998,0.7531133294096686,0.49370059884002426,0.6143236262488391,0.7052939966250544,0.8207576121897966,0.6883721186568389,0.8270432063208971,0.7267452666457486,0.868641956627668,0.8032473794919714,0.7760543090171459,0.9029416800380834,0.7967634255562546,0.7325939945166874,0.877408265565068,0.6620039436398077,0.8555926981388665,0.8637634108373531,0.753536307649485,0.7393205670018066,0.8824494688563943,0.8913918825413909,0.6288298584318901,0.5858223520813224,0.4590461096574281,0.9013615977502485,0.8178871936943253,0.935913458484919,0.8785279636095873,0.7838186120686135,0.4714199810351576,0.5602763196626066,0.9901480769218687,0.7334713952978882,0.86018015495147,0.9323250549948574,0.660266180131039,0.5760333686184732,0.6207077565282968,0.9469120167171432,0.7334713952978882,0.5350418714583218,0.5725609700839165,0.8270670500682897,0.7334713952978882,0.548553764674024,0.6483371966885487,0.5414857844617291,0.5205908804885879,0.6604193759957921,0.8032473794919716,0.7334713952978882,0.9193065020556642,0.7334713952978883,0.7596412427372181,0.47299063920672,0.5116899688077052,0.7334713952978882,0.8773124622876722,0.7334713952978882,0.6968895860014052,0.8087897070359111,0.6864950590422626,0.5489279346020784,0.8222967889645649,0.48575146035831596,0.7434229768984768,0.8278701298240867,0.9660015273969076,0.7510434676129372,0.43895626741917493,0.7531419473172204,0.829030356996278,0.8671627719330383,0.6919719215582725,0.6517817879192336,0.776615616728923,0.8715402415516169,0.5553359279956025,0.7871914327852265,0.5700306772901113,0.797464971582921,0.7334713952978882,0.9777689760877581,0.7334713952978882,0.6578058121198471,0.8494559523695457,0.8239794143657337,0.9384942547187188,0.47349510475481693,0.86018015495147,0.6412141740778612,0.7635728637516694,0.5980760145994033,0.823570202038223,0.43648316152475575,0.8428080809215535,0.518680569909771,0.9890198197644474,0.6280752059971586,0.7248314800141333,0.901755666680411,0.5108169633157892,0.8022882727652556,0.5613714610106948,0.830543084080763,0.7818813267287881,0.7755555241069203,0.5449245075273336,0.9867531881953638,0.6551304342487241,0.8361385595420707,0.5827655137757421,0.8432230388608029,0.45857747354258316,0.8068974751818836,0.775889106434585,0.9315487853374294,0.8432230388608029,0.9558541450976104,0.4865313465000769,0.8359953467971375,0.6347610710318752,0.7490832608726483,0.822296788964565,0.8876914904990604,0.38441816625117964,0.7972200682837467,0.8222967889645656,0.8222967889645649,0.35518368539297906,0.8432230388608027,0.5595785719668573,0.4943744540181334,0.570030677290111,0.9265016130186999,0.9457787189735977,0.8094251427518588,0.8029839899154615,0.7972200682837468,0.8290303569962783,0.4442618196427519,0.7441796821706279,0.8222967889645653,0.7379667423202654,0.7307378758911902,0.519437995126847,0.8437344273149567,0.6193751867230959,0.9003494549413152,0.6019609617557069,0.48455299414431097,0.5512405424162523,0.850752050715597,0.6310661560326556,0.8507520507155972,0.8492487638756773,0.6855377041657258,0.6779965921760587,0.9950331400642272,0.7334713952978882,0.7608902818860983,0.9777689760877584,0.7429494188247934,0.8432230388608029,0.9999009633736698,0.8587675136677237,0.7334713952978882,0.7872013003755214,0.9516656009136069,0.8586309929616847,0.6645837269382331,0.40016591309821625,0.7531133294096688,0.9186131130851851,0.5998245500207045,0.3581346576651768,0.810829736999374,0.700101761670888,0.42944684013694767,0.7819180572644839,0.747102606578806,0.4557311484336032,0.6922004987669312,0.6918059172157094,0.8586309929616847,0.4936017326096531,0.6954778573821464,0.44794560213725054,0.7913298192830454,0.7525915471020095,0.8817355198698551,0.7216929170780195,0.4464335019496395,0.4407183659162226,0.3199598787236826,0.7334713952978882,0.4209460728139103,0.8909032849441665,0.7194691349117528,0.8050039766686261,0.8628649277589688,0.6085478148289465,0.7334713952978882,0.7334713952978882,0.8285849403784251,0.8856535827592522,0.539579337262549,0.7334713952978883,0.8507520507155971,0.8094251427518592,0.8885684059201711,0.6143236262488391,0.44971446587081854,0.809425142751859,0.7138971904959464,0.7930242877717499,0.3706212281357689,0.491579199919145,0.7334713952978882,0.554161822364925,0.6864950590422625,0.4530954445673663,0.4060015569128126,0.7340804875858526,0.8076824743876198,0.8222967889645656,0.38567237173733604,0.7334713952978882,0.2395578141529766,0.7429494188247933,0.6969930391126731,0.7064541997017102,0.9630647767694845,0.3664710885751896,0.7855649902102717,0.7334713952978882,0.6805592466738,0.37110553695811976,0.7334713952978882,0.8551802701252925,0.5634932232374597,0.4205255905195783,0.3194649945919046,0.35774395604752574,0.7334713952978882,0.89630949871296,0.7437634678521874,0.8687764701124439,0.7772549330267546,0.6194244953943184,0.8087897070359116,0.5715722903781455,0.6263614481292773,0.8222967889645658,0.9076163260647068,0.4347356400282314,0.8510589727334182,0.3479202294437411,0.598422988065789,0.5147470979736152,0.7315418548986159,0.829030356996278,0.7649690208871622,0.7334713952978882,0.8432230388608027,0.7143322833514112,0.7042964494985409,0.7828441998128408,0.9984115251735206,0.7434229768984779,0.7251510976566713,0.8746872426299621,0.7704439742406999,0.8235702020382228,0.8094251427518591,0.7799153825380123,0.5462567400959577,0.6560890491328724,0.8491099208008115,0.2729146970896488,0.9939435614783141,0.8932992106507613,0.8046812869147555,0.6597948239211027,0.7930242877717496,0.850752050715597,0.7177620625541689,0.6743410631428146,0.9819226488913284,0.8714283417399775,0.8412191247380187,0.6517817879192332,0.9950331400642272,0.7339205840055287,0.984682191596921,0.9808532894061284,0.8897679915591665,0.7848544183385713,0.9796369988873097,0.6678181034137771,0.7368151291395514,0.5909786321938739,0.6775302279588602,0.9493843497574437,0.5364639573876198,0.5900189660177002,0.8125348546922815,0.9580953226339152,0.8242972265359421,0.31564485176779855,0.9219666015754564,0.5637421955262467,0.9353195456089992,0.6820536687222423,0.5699782373218902,0.8222967889645653,0.9317954281057125,0.7108322777056568,0.785998180519425,0.9165477840897183,0.9858508276178719,0.9165441885396289,0.5735927705679014,0.9015575934277507,0.9120823100357649,0.7913298192830458,0.791329819283046,0.9501576793250022,0.814924694096546,0.7186093085837706,0.3455348001958032,0.6732625821216734,0.8032473794919713,0.8032473794919716,0.2873896320929783,0.8779766043525853,0.7871914327852254,0.518680569909771,0.7334713952978882,0.8359953467971374,0.7334713952978882,0.7334713952978882,0.41279255748654164,0.661975326170622,0.6954778573821465,0.7334713952978882,0.0,0.1485677692823404,0.9273410027673843,0.5948356038725022,0.5690141207543381,0.3830836232610281,0.842786495399044,0.7757057564552094,0.2897694329714986,0.9315517233243658,0.9837363828290787,0.8034122967344925,0.6058163427061567,0.5092273801547462,0.3386641581518579,0.7186093085837708,0.9572683857303079,0.9055489609518097,0.8052756442216351,0.8359953467971374,0.6585976948826227,0.8222967889645658,0.7758989269615303,0.8937092719475044,0.8823173669792532,0.8278701298240866,0.6286604455499019,0.7138971904959466,0.5242928570845193,0.777919540717279,0.7554828354979508,0.7514730454359493,0.7250273425655664,0.815768886536947,0.9353729453229694,0.42577304609610467,0.3993644440047156,0.855523980605551,0.7750480640243935,0.7081641675480272,0.9208248958029672,0.5860048579457424,0.8310074465798478,0.40407360234999423,0.7233693586066929,0.8586309929616847,0.27156023675059626,0.4177430568410898,0.8430601629993919,0.3985883034559822,0.79302428777175,0.9480046797521353,0.7999863763123463,0.7334713952978882,0.829030356996278,0.7683357510567739,0.9620231262730154,0.5204861866701358,0.8455144349812356,0.8244859689251431,0.7233693586066932,0.48139513114823285,0.7583036010960926,0.34634473438087965,0.8865499284062763,0.33623520659737505,0.9219666015754566,0.6486585177943076,0.7434229768984779,0.965581627051866,0.6213334210555792,0.7750549374151887,0.753113329409669,0.6061777786647093,0.5630661106211914,0.48846096606885736,0.6559620686282321,0.6954778573821463,0.3821337811850105,0.49303801162263317,0.9541519778149228,0.8507520507155972,0.8108297369993737,0.7718026208119482,0.42118957063283013,0.893575967907529,0.5327120402571097,0.7248314800141333,0.3950119377393917,0.4034304334811176,0.8963066301031358,0.7625090360177136,0.9341431164071574,0.8050039766686254,0.6864950590422627,0.815157105720863,0.8679436743677833,0.7186093085837708,0.8583721502667008,0.9779780232094384,0.7989711021539145,0.9420477149313523,0.8290303569962779,0.8586309929616845,0.7334713952978882,0.9969803296307918,0.5089969927533811,0.5208519047877909,0.7000229115935939,0.7334713952978883,0.6126312379629604,0.3665866502152171,0.8348630036427525,0.9719464490323066,0.639116554017765,0.5940424774651134,0.8071893468903071,0.99440198188825,0.7492115943954369,0.8373129527680019,0.2961681283187152,0.6836723285077905,0.8359953467971372,0.6349431862831874,0.9464800105051056,0.913631824450169,0.6820536687222425,0.8963066301031358,0.9384942547187188,0.7972200682837468,0.8586309929616849,0.7799153825380117,0.754388385558972,0.8379941091237495,0.8116737712102582,0.5660549003804236,0.8149246940965469,0.8191782944135622,0.7973195980149679,0.3242095127919029,0.49370059884002426,0.7525915471020095,0.8605749232360953,0.787191432785225,0.7525915471020095,0.7525915471020097,0.7663239698904966,0.7334713952978882,0.866218698022426,0.8435934502149676,0.7334713952978882,0.7531133294096686,0.839761265991275,0.9516656009136066,0.8222967889645658,0.9999009633736698,0.9190985110444854,0.7248314800141333,0.3703792975268002,0.5269886374343844,0.6619753261706218,0.5168886903019361,0.7334713952978882,0.6517522736887215,0.8222967889645653,0.7531133294096686,0.495049639780051,0.6911162440161326,0.843223038860803,0.8157688865369472,0.7166015305235909,0.8494559523695457,0.9762287933663365,0.8094251427518581,0.7227382116429046,0.724287383427109,0.9844907633848321,0.49098798931547316,0.8727684018068397,0.9115934922693327,0.7379667423202653,0.8222967889645658,0.6517522736887216,0.3669150493393176,0.7334713952978882,0.8951320418675309,0.5730487090302114,0.8270670500682897,0.4558157703712469,0.7913298192830456,0.7743720022696058,0.5085204228912485,0.7434229768984779,0.3460275986205682,0.42186805752060974,0.7334713952978882,0.7334713952978882,0.8437159865383332,0.8133979208036897,0.6349431862831874,0.4326495728212203,0.3327537605897435,0.41945149485937616,0.39936444400471516,0.39369176502719916,0.7479968444624704,0.479863105054249,0.7334713952978882,0.9753503849910738,0.829030356996278,0.8022882727652556,0.3664710885751895,0.8432230388608029,0.33105642893032483,0.7334713952978882,0.7334713952978882,0.46333409386036273,0.8094251427518588,0.4446288324602756,0.7689268692886155,0.4635037510205201,0.622525435781265,0.9384942547187188,0.8365271551268798,0.43957040994831864,0.45295937179600876,0.7334713952978883,0.6820536687222423,0.3812109053543793,0.8157688865369471,0.8832951475050763,0.8159861558621531,0.9136941157516751,0.8705865716173924,0.6909691997734229,0.8307209769049628,0.4850487927179219,0.7334713952978882,0.369553485187083,0.8620213651162271,0.5050060161173813,0.5226147223237063,0.6342816144739536,0.8932992106507613,0.6209248415553572,0.5052900622079632,0.8034122967344914,0.8031691435716057,0.37371056160256044,0.9715883850053575,0.850752050715597,0.9520199997398033,0.7065605296159827,0.42998902851107323,0.8870685468453678,0.7248314800141333,0.5229020184441007,0.9464800105051056,0.8308556986309563,0.980140605146572,0.9529908213310596,0.9052567135853132,0.9529908213310594,0.877639547048157,0.6349431862831875,0.6582517189071551,0.5193780129070737,0.7620403616697808,0.850752050715597,0.7689268692886156,0.773222179531833,0.5753123344851283,0.8627149774280982,0.7248314800141338,0.9251364966222018,0.4753561073427135,0.9190985110444854,0.42532252551129845,0.7768685080489626,0.42620587250544717,0.40044341144858564,0.7334713952978882,0.5940424774651134,0.9620231262730154,0.48656841713474774,0.7912691723776102,0.7818813267287887,0.7002680219923407,0.6350842572739724,0.7334713952978882,0.3092035305150187,0.27156023675059615,0.7458195760421733,0.32820168817398754,0.40759403870286537,0.330240875424722,0.829030356996278,0.20551206368049812,0.8186766180588168,0.997342007236576,0.4680850380172683,0.7583036010960924,0.6206409164940919,0.8586309929616847,0.8046812869147554,0.8094251427518592,0.7981977149259522,0.7379667423202654,0.32263451645032926,0.7420285531831174,0.31428963004851074,0.9048851935292344,0.7525915471020095,0.44514468547745323,0.4793139240988822,0.8681332987793672,0.40407360234999445,0.42716387891888075,0.7334713952978882,0.34453876808307804,0.4871997726810606,0.7092303622876424,0.7334713952978882,0.4455159030337301,0.9141483022399819,0.8432230388608029,0.8474860694452735,0.7248314800141333,0.5552922103759671,0.8386781419901972,0.6143236262488387,0.8397624410905868,0.9017766627606243,0.8278701298240869,0.31069053877373354,0.7334713952978882,0.893254491660586,0.7334713952978882,0.780739467392281,0.5285720990857425,0.46852890655708057,0.8022882727652556,0.9099822844922596,0.6040416808097657,0.6380356935184248,0.7291568115801454,0.7334713952978882,0.785027958173124,0.4887290903966264,0.7457167653861805,0.8208714065841787,0.9796577285396698,0.8921194894759126,0.9541519778149226,0.862253570616015,0.7307378758911902,0.5327120402571113,0.24252798297187084,0.7307378758911902,0.7092303622876424,0.8290303569962783,0.5851969012689019,0.7307378758911902,0.8022882727652556,0.9411258373861133,0.8307209769049626,0.5700306772901114,0.8032473794919716,0.9762800526647322,0.775889106434585,0.6207077565282968,0.7006539224608312,0.9866191269012621,0.5675771513649661,0.7202228610530976,0.7803516141898861,0.7732221795318339,0.5479163324182332,0.7092303622876425,0.6474964365864815,0.5741891573473641,0.7715848656512594,0.6560061742253842,0.7813115740503963,0.86018015495147,0.8527418007931004,0.7509809425291578,0.9202318316714514,0.8511916782554121,0.7492115943954369,0.6934329385373581,0.829030356996278,0.8359953467971374,0.826592731842402,0.6545875551080871,0.8483275326727078,0.8528916926457655,0.9026810849845053,0.9233822442209749,0.8580866102470776,0.7007871938967627,0.8094251427518581,0.6586477588615505,0.6447705569625513,0.6914880767825642,0.5441825257089206,0.9406228930143297,0.8359953467971374,0.7915846739406032,0.7984525011335171,0.6625213254912439,0.8966995062659776,0.7441041281495331,0.982394466965292,0.6974206803324354,0.9555185636705688,0.774372002269606,0.8245854329019271,0.858767513667724,0.9222089180040304,0.9502445743761578,0.8527418007930997,0.8452280645834547,0.4652356812949454,0.6198462045269564,0.8831868126216347,0.8472287080941752,0.5868622171209166,0.9911651787543961,0.8512620629681912,0.8512620629681912,0.5803368518237648,0.7986648834595015,0.6517817879192329,0.8527418007931002,0.3970750441172237,0.7531133294096689,0.8687764701124437,0.5011043331609837,0.8823173669792533,0.8746872426299621,0.8270670500682895,0.7626554676430917,0.8491099208008113,0.9849511745737627,0.8359953467971372
p187_M,0.900276168407131,0.8126128632076959,0.6543546810115064,0.8353076214509803,0.8057886891115326,0.8796338709830265,0.8065219698034756,0.7967977929436797,0.40721787750179184,0.7548473970189569,0.807893050580051,0.8211417788605382,0.7634118215741786,0.752429358737601,0.950970495783323,0.9808474654725188,0.9318951141764913,0.7811388502627221,0.991301462930347,0.9101481973477739,0.8001627823135324,0.8283134374502998,0.9388827542233358,0.8199114105132119,0.7986983159818961,0.5777722951971116,0.8223314825479058,0.6414185622717219,0.9101481973477739,0.7919191019173382,0.6441239228784884,0.8503680820716348,0.8709036052171173,0.6796739110494247,0.8057886891115327,0.8665150422521171,0.8737714100411207,0.8174231212707677,0.7677892378256611,0.7768964388915278,0.6786059897480645,0.9352300610400853,0.9579842912477625,0.7286183982323597,0.9045042062693449,0.5126794608836578,0.8486977586224085,0.47295521916041117,0.776896438891528,0.5618010671915766,0.850368082071635,0.5195000800520473,0.6006683257164034,0.9171643040475654,0.8349537330779555,0.7727057995896351,0.9946361250640621,0.8377384241745145,0.6117074312210705,0.8273466303940549,0.49278396106284006,0.7825845479445379,0.872722972339889,0.9867098534779168,0.8603611522754102,0.5620154415148558,0.8872310446341196,0.8283292959767187,0.9911435534101456,0.902060915956501,0.7484923395801166,0.776896438891528,0.9246129846828502,0.28789678192626567,0.8377384241745145,0.6373009543432429,0.8032568888594922,0.8590494466041887,0.5015641815426619,0.8796338709830265,0.8595903752630532,0.8608396400363414,0.7644677559136386,0.9414110638977642,0.8377384241745145,0.736881216402621,0.9285396318135284,0.7358083594188798,0.8260692842640719,0.8324784774213028,0.8377384241745145,0.6706847695906082,0.6995896087742906,0.6796524751447854,0.936948226693695,0.9580114566218534,0.6475111926944686,0.6566442019162368,0.19051934082377098,0.32655330081224243,0.7948988321370778,0.848697758622408,0.8377384241745152,0.7161322359516342,0.6163578347700841,0.8665150422521173,0.7034906615444347,0.23786201107690197,0.6607858790697876,0.3822692674629835,0.618674570096684,0.9352300610400853,0.40410064431372983,0.7107539340682241,0.8486977586224085,0.4297173674752396,0.8387507234176634,0.7780262207040423,0.879633870983026,0.28068335458962024,0.9370784007715957,0.7758391170353229,0.7986983159818961,0.9518131327241139,0.7811388502627221,0.4644063518712622,0.8431396920965539,0.8135371464317224,0.8324784774213034,0.9806009845980311,0.2307361864913514,0.8486977586224078,0.854430935472339,0.9244900783551335,0.8497223904550522,0.6560477607021875,0.8205096381633344,0.854430935472339,0.8544309354723385,0.8273466303940549,0.4789283673626009,0.8729254856107436,0.325453751780969,0.664289091159294,0.7842162733804998,0.46763955272636837,0.5862984827274718,0.17587638987319998,0.9977533056098324,0.3539873957719717,0.872925485610744,0.5286652410132977,0.7504475533064086,0.916297420912422,0.9200311537959003,0.5921228457122794,0.6646853496596583,0.8212450940331923,0.6539713190066732,0.665450006338371,0.7060245430461023,0.8803545486957223,0.7897927313248181,0.5393988557343059,0.6716227047619487,0.7526189653089987,0.7155417554119088,0.7470735150213648,0.8722680501511739,0.6065404214725643,0.9181858841643602,0.832478477421303,0.7168544518191835,0.6717595243001756,0.6853724287359022,0.8081657198037095,0.9020609159565012,0.9261163333582086,0.9063516437096142,0.6848719690489835,0.8502614421559043,0.6502062248289082,0.9280570274217341,0.8500067575037182,0.8688682777937067,0.5470324312395858,0.3372007861084234,0.8278870234741812,0.8126128632076947,0.7983761198522137,0.8354954619978757,0.7072345174817737,0.5760593531784679,0.3941991719730237,0.915174919754578,0.8377384241745145,0.8199114105132117,0.9678290918974175,0.8523107686389005,0.6753822367306999,0.5291408900333698,0.9077367147900778,0.8377384241745145,0.6094243939068784,0.40697277842460566,0.7920701087559869,0.8377384241745145,0.7460054496674902,0.5744487073116306,0.44299276134577814,0.6258022355318116,0.714093282339052,0.8324784774213034,0.8377384241745145,0.8346921834497829,0.8377384241745145,0.6170520647503608,0.5659238923515153,0.6084778284852836,0.8377384241745145,0.6137524381229591,0.8377384241745145,0.5952083694898473,0.7355797068382057,0.7330717887793445,0.618674570096684,0.848697758622408,0.3035745431966841,0.8554431226947272,0.8665473250740781,0.9211210766416281,0.807531079903199,0.589478631738625,0.8006792799951266,0.854430935472339,0.781307277658015,0.7485550740180082,0.7066876776711033,0.8403742724126162,0.806535722903859,0.4777457841482011,0.7394139909377535,0.6339102604249565,0.7512059850958588,0.8377384241745145,0.9081183942497211,0.8377384241745145,0.45581577037124676,0.729290245911683,0.7847678637480736,0.9872488790222196,0.2908303577587197,0.8199114105132119,0.5662114041873108,0.7986983159818959,0.657788964531437,0.8590494466041885,0.31597233879438436,0.8030775505711369,0.5901891239505228,0.9207510924715863,0.5031836724487013,0.8324784774213028,0.9010376602777797,0.6122545560438946,0.7677892378256611,0.42613659934385995,0.8259726622483974,0.9018253693940927,0.6752150707188851,0.615253713738509,0.9815685187187575,0.5343447344210268,0.6863720487521081,0.5239603965106019,0.8665150422521173,0.31611951900948865,0.7384892640627956,0.8134750342286592,0.9983728263884415,0.8665150422521173,0.849295772127669,0.334725490908627,0.8603611522754102,0.6921024594126708,0.7938684900942903,0.848697758622408,0.760706448537015,0.22354633450268013,0.8273466303940549,0.848697758622408,0.848697758622408,0.35648195311604636,0.8665150422521171,0.39967758385926533,0.5956643319946261,0.6339102604249558,0.9110652680717064,0.973152663365269,0.8377384241745152,0.8445015155411197,0.8273466303940555,0.854430935472339,0.2823661005257687,0.6621187736192736,0.848697758622408,0.7768964388915287,0.8368903275682634,0.4229248689277689,0.7735222223273697,0.5224832621799884,0.7948410673972537,0.732898451117105,0.5619075092715553,0.6233039786325645,0.8729254856107445,0.5484021786688427,0.8729254856107442,0.9006113586404056,0.6131298765770019,0.7291726427683813,0.9613615009377072,0.8377384241745145,0.7191676454245115,0.9343022715360703,0.7811388502627223,0.8665150422521173,0.9692094281197254,0.8902084347076633,0.8377384241745145,0.8232672162068193,0.9202097155215788,0.8796338709830263,0.7144157744080148,0.501167748059439,0.7897927313248179,0.8831681912334156,0.46612020563431444,0.4534951597555068,0.847836116431743,0.6477720392657282,0.5191133599021867,0.7397639704245087,0.6796739110494248,0.5670904266921464,0.6384920723829903,0.6163567659746618,0.8796338709830263,0.3077781341323893,0.7407200328079588,0.2690766877513159,0.8223314825479056,0.8324784774213028,0.9326716218787481,0.6496801333816635,0.28803001657805494,0.2829296377132663,0.4209919225641945,0.8377384241745145,0.2945967210870595,0.8283488761419406,0.7648100641109032,0.8554548275268312,0.829292820493017,0.4836384518350233,0.8377384241745145,0.8377384241745145,0.7724030501111918,0.8131227433570601,0.6208229038489499,0.8377384241745145,0.8729254856107442,0.8377384241745152,0.7524293587376008,0.6716227047619487,0.27923671390878846,0.8377384241745152,0.7564028466893731,0.8283134374502996,0.4641266283052974,0.3874130218406556,0.8377384241745145,0.6203990058770708,0.7330717887793443,0.27348048142192427,0.32837329817287153,0.777389483270793,0.6422882634570066,0.848697758622408,0.217098884275581,0.8377384241745145,0.3525350133724552,0.7811388502627221,0.5853633787062947,0.8148922618232439,0.9962982818193877,0.46059306572144276,0.8174231212707672,0.8377384241745145,0.7452632940992254,0.5298376648041865,0.8377384241745145,0.9033093027593164,0.4011156635477473,0.5090728298305345,0.4229248689277685,0.19240463620278003,0.8377384241745145,0.9401612260842016,0.631758492308844,0.894447036196383,0.6511794492000929,0.526891051202858,0.7355797068382057,0.4897218238013803,0.6849082645954045,0.8486977586224085,0.832060554400341,0.33199372703238417,0.8906591347904973,0.2179150515719216,0.6716231098372552,0.5868400391654578,0.9388827542233362,0.8544309354723387,0.8040348807820139,0.8377384241745145,0.8665150422521171,0.7725106312098498,0.560332907754172,0.7316993852027085,0.8560378621213274,0.8554431226947277,0.5360053189134243,0.9044031279856874,0.8273466303940551,0.8590494466041885,0.8377384241745152,0.8126128632076961,0.613668364046797,0.7103802402041504,0.8135720944084266,0.13540432430040794,0.9781836674411367,0.8475949540627282,0.8424355153576593,0.50561675778303,0.8283134374502996,0.872925485610744,0.7325415124981918,0.6023242092124141,0.8339856553816318,0.8087141867850516,0.8784265346319147,0.7066876776711029,0.9613615009377072,0.7806928642660704,0.9011254468862913,0.893133267705991,0.9318865487478647,0.7051862827922319,0.9363249692992605,0.601590981362973,0.5020949888076018,0.5286535707725417,0.7318851837388967,0.9866769299907838,0.5034656154367838,0.6509289336845177,0.7503010649821212,0.9970665425406116,0.8424355153576597,0.41731796953754197,0.9613622386524638,0.5262982545320343,0.9792511545555471,0.7292902459116828,0.49408142136109656,0.848697758622408,0.9155074743814422,0.6153658949425931,0.8356925590061295,0.8421213333388322,0.9557555892259629,0.7224918568935741,0.4801506242960627,0.928532920117356,0.7917133183683072,0.822331482547906,0.822331482547906,0.9159683003951964,0.7780262207040423,0.7604148959042942,0.4427672350036327,0.7218052314369272,0.832478477421303,0.832478477421303,0.46219833665853427,0.938719216738811,0.8223314825479053,0.5901891239505228,0.8377384241745145,0.8603611522754107,0.8377384241745145,0.8377384241745145,0.2613212811964323,0.9887818166274059,0.7407200328079586,0.8377384241745145,0.1485677692823404,0.0,0.8259931690751117,0.6827601450928185,0.6358424583174209,0.37978290743311516,0.9045086543088428,0.8642670118853115,0.14835900149141512,0.8884342170243058,0.9028459035012675,0.962618804038329,0.5319148483314187,0.6514022508902451,0.4351876886409697,0.7604148959042947,0.9151744589974806,0.8635919542985482,0.8349448761437185,0.8603611522754104,0.7184275846721908,0.8486977586224085,0.837307418151424,0.8459514308692057,0.9251031650463528,0.8665473250740781,0.5068211821162686,0.7564028466893729,0.43896204113715054,0.7235519097467937,0.9670123206804904,0.7081071803511941,0.9285396318135288,0.8431396920965541,0.9935229539086761,0.3018577755708899,0.488599528710592,0.9200311537959005,0.7403933862837819,0.876368530473485,0.7617230804433965,0.6475111926944681,0.8613434560644835,0.3371967552413677,0.7644677559136386,0.8796338709830263,0.3797829074331155,0.2859971704170464,0.9081183942497211,0.39781044119862674,0.8283134374502998,0.8803357408039761,0.7087886596335005,0.8377384241745145,0.8544309354723387,0.7000600918606843,0.9246129846828502,0.5994821018151908,0.7958383336875914,0.779302477396531,0.7644677559136388,0.46059306572144276,0.7942118959248203,0.1822621176418916,0.9101481973477734,0.34057835861923413,0.9613622386524638,0.540303320036446,0.8554431226947274,0.9953951849170061,0.8081381591835701,0.8259931690751114,0.7897927313248179,0.745513254924832,0.5992507852108536,0.3949790773495572,0.5456724447782466,0.7407200328079588,0.4506449048155815,0.5709414291996529,0.8993215719715818,0.872925485610744,0.847836116431743,0.7280162566795121,0.5120610276348709,0.8205743196862715,0.701328653796768,0.8613434560644826,0.39979515649948727,0.492061443200559,0.9188090811153944,0.6675847738958023,0.8980479207910788,0.8554548275268312,0.7330717887793441,0.8552697780895722,0.9495051285703449,0.7604148959042945,0.8081992804193284,0.7770733498032041,0.8334712485921201,0.9768033706372028,0.8544309354723387,0.8796338709830265,0.8377384241745145,0.9394973155271483,0.5845664208621937,0.48148106280417924,0.7445898384539444,0.8377384241745145,0.5147231110875856,0.4654531673569471,0.7618935606912856,0.7524293587376012,0.6927322025582692,0.654354681011506,0.7155325391878691,0.8545177607895644,0.7904323536708824,0.8972342797793482,0.3839903162124537,0.7483099054084326,0.8603611522754107,0.6891788627584128,0.9946361250640621,0.9436681288423503,0.729290245911683,0.9188090811153939,0.9872488790222194,0.8273466303940555,0.8796338709830263,0.8126128632076957,0.7948988321370778,0.8674444980673444,0.576858952526218,0.6305251558219069,0.778026220704043,0.7760826152187037,0.7457252365059774,0.4523220336389273,0.33377265156747593,0.8324784774213028,0.8872310446341196,0.8223314825479051,0.8324784774213028,0.8324784774213028,0.9805570215566286,0.8377384241745145,0.8215867146591924,0.938719216738811,0.8377384241745145,0.7897927313248181,0.6509289336845177,0.9202097155215787,0.8486977586224085,0.9692094281197253,0.8811748464023454,0.8613434560644826,0.4894409131159172,0.40784757550692696,0.602992861164697,0.38528401368190035,0.8377384241745145,0.7034906615444347,0.848697758622408,0.7897927313248181,0.44418906134101954,0.7436200971417521,0.8665150422521173,0.8431396920965541,0.6607858790697878,0.9033555076058546,0.8232672162068193,0.8377384241745147,0.9612603999653453,0.7689567042799645,0.8454807789353249,0.5722702721821777,0.9102058426283262,0.9376067896608848,0.7768964388915278,0.8486977586224083,0.7034906615444345,0.2301052880297474,0.8377384241745145,0.926856645853003,0.6392918470049727,0.7920701087559869,0.5488349435739222,0.8223314825479058,0.8078930505800508,0.3648807000699503,0.8554431226947277,0.4918034689976938,0.2466349249903219,0.8377384241745145,0.8377384241745145,0.916955016186239,0.5933689229730243,0.6891788627584126,0.5472839523910824,0.19686718934742786,0.526891051202858,0.488599528710592,0.22805719624061094,0.7854363911327908,0.326966623959015,0.8377384241745145,0.9407680225546491,0.8544309354723387,0.7677892378256611,0.46059306572144276,0.8665150422521173,0.3045914618388402,0.8377384241745145,0.8377384241745145,0.2822075217851583,0.8377384241745149,0.26844802599126305,0.8032568888594929,0.5432098019597436,0.6786059897480645,0.8123008564876972,0.7470735150213648,0.30026504134369947,0.536738645783551,0.8377384241745145,0.7292902459116828,0.22766978857637643,0.8431396920965539,0.8491179681128105,0.9821309280108346,0.8392383317009726,0.9003122909683829,0.736881216402621,0.7892796925686453,0.564121924031467,0.8377384241745145,0.22197236362833883,0.9147416330889364,0.4141993003807042,0.5935387881163021,0.584566420862193,0.8475949540627282,0.5386468588674719,0.5889012570591048,0.7646941245938879,0.7024459680420808,0.25144422844633463,0.9311503462877773,0.872925485610744,0.8953380247305358,0.9872031249363475,0.2751074497823133,0.8503680820716348,0.8613434560644826,0.416212179357096,0.9946361250640621,0.8840149229731686,0.9650065546220122,0.9244900783551335,0.7873119998097402,0.9244900783551335,0.8461396580903973,0.6891788627584126,0.9116663253777574,0.42682975336975093,0.7166704674330449,0.872925485610744,0.8032568888594926,0.7206686879151699,0.5572433676345769,0.897643847190293,0.676816885644639,0.9724430925166194,0.6441440512866183,0.8811748464023453,0.4513977476398645,0.9740284386510416,0.4884422332479529,0.5569832658812217,0.8377384241745145,0.654354681011506,0.9246129846828502,0.5219352364888414,0.7548473970189569,0.725729900169743,0.641831998982995,0.7223660099252838,0.8377384241745145,0.34961330701633,0.37978290743311516,0.9023373309252467,0.16424647100916123,0.2615270146070948,0.17138910142891017,0.8544309354723385,0.25784657448581716,0.920623232768503,0.8600200423730304,0.38106357238983246,0.7942118959248201,0.4989622814510555,0.8796338709830263,0.842435515357659,0.8377384241745149,0.7090966374907774,0.7768964388915278,0.18176450298650804,0.899284641710691,0.4208510398064136,0.8652008368971917,0.8324784774213028,0.3114486352645681,0.5566710928918845,0.6681486045570115,0.3371967552413675,0.3445835806517509,0.8377384241745145,0.2711179674200159,0.5633853585413124,0.7524293587376008,0.8377384241745145,0.31030452265553277,0.9511243311366437,0.8665150422521173,0.81832370564124,0.8613434560644826,0.5366405781255965,0.783836569870735,0.671622704761949,0.8836709623268486,0.9626652625865704,0.8665473250740783,0.4154484022559706,0.8377384241745145,0.8378030984432584,0.8377384241745145,0.7424803469996581,0.6275847184487346,0.365632969217377,0.7677892378256611,0.9585082855412024,0.7280577919213596,0.5564387602673179,0.773148924415946,0.8377384241745145,0.7776370657277041,0.34189715917541785,0.7166171521175506,0.8667472496930828,0.7292902459116837,0.9200311537959003,0.7604148959042953,0.8028777851007972,0.8503548479572687,0.43840254849552085,0.3573825679558378,0.8503548479572687,0.7524293587376012,0.854430935472339,0.6496801333816631,0.8503548479572687,0.7677892378256611,0.9872031249363475,0.7892796925686452,0.6339102604249562,0.8324784774213034,0.9707708777521605,0.8134750342286592,0.5291408900333696,0.748630830544369,0.9405581971945675,0.4896434664648758,0.6597279223618717,0.7345468429309987,0.7206686879151705,0.720653018217978,0.7524293587376014,0.7030145711548981,0.5594152869787059,0.9996031162798529,0.7071125695676161,0.8219664899912558,0.8199114105132118,0.8803545486957223,0.671520888350541,0.992005482758475,0.7940660928096276,0.7904323536708824,0.6109026916980442,0.8544309354723385,0.8603611522754107,0.9696549408430464,0.5887304786611471,0.8059029200039305,0.7888243391005374,0.7604148959042947,0.9610702218865559,0.8969739168815898,0.6349846924494331,0.8377384241745147,0.5296108821904947,0.7168467168147756,0.740756140758676,0.45571178509320676,0.9472642374861917,0.8603611522754102,0.8406521114532381,0.9440084882495612,0.6006683257164034,0.9318951141764913,0.7860278147611459,0.9353592095229415,0.9652110727968488,0.7840163799727267,0.8078930505800508,0.9519316210586548,0.8902084347076631,0.998397337132295,0.7463877008230109,0.8803545486957223,0.8737714100411207,0.3637077368362107,0.5535125618246602,0.9120113387690365,0.913026774428058,0.4738222676265975,0.7850128227540414,0.8835396149954,0.8835396149954002,0.44507728240884215,0.8371573371325003,0.7066876776711029,0.8803545486957225,0.2735079897101431,0.7897927313248179,0.8944470361963834,0.40553678533286464,0.9251031650463528,0.9044031279856874,0.7920701087559867,0.6722153294799216,0.8135720944084264,0.786291232412734,0.8603611522754107
p188_T,0.8264597308893942,0.9473740959672465,0.8194852749688186,0.9801777989919911,0.9152582079543842,0.9935264355112595,0.8500443318886199,0.8793746193635469,0.9157349837086726,0.9336347991328915,0.9530613123008465,0.9540589546097203,0.9125111785873636,0.900528591305265,0.9311253517298919,0.7599128850552692,0.9072118677365053,0.8856988418635352,0.9302869180633688,0.9336347991328916,0.8353059983605329,0.8972500807670708,0.8925262950745887,0.9180790428976138,0.8948693468634783,0.885698841863535,0.9072118677365053,0.9450032706006533,0.9336347991328914,0.7879337685382377,0.8748756693307264,0.9239759423528265,0.9046484553665967,0.8645899440480417,0.9152582079543842,0.9814510646731801,0.9180790428976138,0.9431379203344702,0.9371382816751243,0.948356315714923,0.8321506231964103,0.8879432507007241,0.9500854106526051,0.8725121154688946,0.9860639133827616,0.7652511784017191,0.9665480300996039,0.8339840080055287,0.8834832246395514,0.9135063197922982,0.9711878805915029,0.7689187201316112,0.885698841863535,0.4959052173104488,0.9816273853023441,0.8812946455970229,0.8812946455970231,0.4006068367505189,0.8417144870220845,0.9098310498422768,0.9465586955858679,0.9950344642525408,0.885698841863535,0.8321506231964104,0.9270730230791457,0.8206044063128866,0.9711878805915029,0.8159114226352973,0.7443784218618241,0.9814510646731802,0.898105134356751,0.8834832246395518,0.8709496185158996,0.8437029788258071,0.4006068367505189,0.8105788943203358,0.9945519661064195,0.9733050117350786,0.8374304068558621,0.9935264355112595,0.9530613123008465,0.924306285443523,0.6264765956909637,0.8856988418635349,0.4006068367505189,0.891030590621342,0.850288028604407,0.7852601739808569,0.9182990449210937,0.38117662903257044,0.4006068367505189,0.8664957973805586,0.8138501482580384,0.9191015393620439,0.5333770122374311,0.7192575094727631,0.8623543604356521,0.8353059983605329,0.9251788622723273,0.8853983851603655,0.8812946455970232,0.9665480300996037,0.9152582079543843,0.92589998759401,0.620950510929946,0.9302869180633684,0.8711916800801189,0.9385349580211636,0.8948693468634784,0.8098004043167839,0.8363871530149224,0.9214489273204716,0.9565359617987838,0.9814979561144342,0.9665480300996038,0.8954659825254505,0.9773810909232876,0.9302869180633685,0.9935264355112596,0.8852248564059794,0.9270673705171115,0.808808090126847,0.8948693468634784,0.8748756693307257,0.8506517968600198,0.8312038524531385,0.9180790428976138,0.7590991753211769,0.9540589546097203,0.9743481917577799,0.8305674447159646,0.9209817665727265,0.9239759423528265,0.9500854106526051,0.9072118677365054,0.9042739985499939,0.9082954429817363,0.9711878805915029,0.9239759423528265,0.44310287964918205,0.7482013197512769,0.9336347991328914,0.8206044063128866,0.828637852431744,0.8582591413258648,0.8508524342038157,0.9631981626021592,0.9316713606666092,0.8834832246395516,0.8542997256012259,0.9336347991328914,0.9207352331609371,0.8203075677663932,0.8239808321924893,0.8871763046924686,0.883483224639552,0.9686536837232365,0.8566595864113675,0.9750108530094963,0.8053106771413623,0.78357713107291,0.9878857063735189,0.9924821208671799,0.7010071482798352,0.8527933965694763,0.8605956163602339,0.9850445392200937,0.8321506231964104,0.9390586815258848,0.9974465148496587,0.8707051888795789,0.9125111785873637,0.8812946455970228,0.6585336678006894,0.8565892206409165,0.8622031837320209,0.9302869180633686,0.833387661086038,0.8957156269639841,0.7785834836776822,0.8797889105982796,0.9988143391021105,0.9909282086879028,0.9125111785873636,0.7045482621298294,0.9570313873101006,0.864887290811964,0.885840198681322,0.4959052173104489,0.9761805408072894,0.9688440619373717,0.8649303928299306,0.7221849138643885,0.9646164411772706,0.7693832177398916,0.4006068367505189,0.9621698344437761,0.9907143086558444,0.7440774251684135,0.8219447828202177,0.9840221034099074,0.995606730632077,0.4006068367505189,0.8439498234737371,0.8699084854586625,0.9872125588573134,0.4006068367505189,0.7025044187928333,0.9699747687132043,0.9475247683209957,0.6506419254072744,0.8413921158471316,0.9125111785873636,0.4006068367505189,0.6138108617473459,0.4006068367505189,0.7978299765794308,0.9249300668513343,0.8604652252297,0.4006068367505189,0.759099175321178,0.4006068367505189,0.8880644974534355,0.8451467479521526,0.8887315011070401,0.7929756481234908,0.920981766572726,0.9851476414946702,0.4431028796491814,0.8925262950745886,0.8972500807670709,0.9982056204357297,0.9048158746376069,0.9221261809159469,0.9711878805915026,0.47799215985650734,0.8877804493751154,0.8880761517488764,0.974242513557271,0.9743481917577799,0.8586206896551722,0.9072118677365054,0.8542058822129399,0.9502726792490607,0.4006068367505189,0.9103086440545414,0.4006068367505189,0.6669374504271374,0.9142977291841883,0.9711878805915029,0.8060968679283824,0.9965085873662846,0.962169834443776,0.9393175601009793,0.8948693468634782,0.868585283544409,0.8794276363367706,0.9122530226440353,0.9209817665727266,0.9779594379585017,0.7859745422812423,0.896986828846032,0.42272440505492703,0.827613670408631,0.8288433765403603,0.9371382816751243,0.8562655286589187,0.8562655286589187,0.575965923383317,0.8479566136798238,0.9926882803105708,0.9711878805915029,0.935787029809632,0.9323494460903834,0.7763833336977415,0.9302869180633684,0.8478863487639369,0.8566595864113684,0.9924821208671799,0.910848070446036,0.9302869180633684,0.8924143307178187,0.8393582390640332,0.8276136704086317,0.8547850709517307,0.8707051888795787,0.9209817665727263,0.9221261809159469,0.7894658072163006,0.9098310498422769,0.9209817665727266,0.9665480300996036,0.7192920548780477,0.9302869180633688,0.7931214786645921,0.5167397449174316,0.808808090126847,0.7989495670520027,0.9673847887170084,0.9152582079543843,0.9483563157149231,0.909831049842277,0.934388242931145,0.8920272542947005,0.9281684931120007,0.9665480300996037,0.883483224639552,0.88873150110704,0.9340489805498933,0.901963196034923,0.9671920603018178,0.8812466268131869,0.8559450532628744,0.8698916779039236,0.9162544971208779,0.9872125588573132,0.9572535390944725,0.9336347991328914,0.9508942993498993,0.9142977291841884,0.8489400226485825,0.9423194428466419,0.4006068367505189,0.9239759423528263,0.9636818533225947,0.9186550120230906,0.9302869180633684,0.974801654315965,0.9125111785873636,0.4006068367505189,0.9283102964892211,0.9302869180633688,0.8936972568164698,0.8548135348672365,0.9548069084695828,0.8902183677316946,0.9239759423528267,0.933001189971657,0.752671487646054,0.8575821538303017,0.9046484553665965,0.7931340739948455,0.9665480300996039,0.8645899440480418,0.7046290326348508,0.9397586843685551,0.9886017307440313,0.9935264355112595,0.9872451861967393,0.9221261809159467,0.9414772739491487,0.9072118677365055,0.38117662903257044,0.9864733453469225,0.9223025703420794,0.9008459102712895,0.8844695596612386,0.7163893700082526,0.4006068367505189,0.9570313873101007,0.9763670444959534,0.9248202875667844,0.9763670444959535,0.9336347991328914,0.9974465148496587,0.4006068367505189,0.4006068367505189,0.8834832246395515,0.8395280973905592,0.8669758292668843,0.4006068367505189,0.9872125588573132,0.9152582079543844,0.9005285913052647,0.8285035731719174,0.9802252010347071,0.9992249226337293,0.8727803597140285,0.9945519661064193,0.720137872469723,0.847306706646535,0.4006068367505189,0.8239808321924891,0.8887315011070402,0.920867092924236,0.9253975186092835,0.9157649010158164,0.8366816097809018,0.9209817665727265,0.8809896406186064,0.4006068367505189,0.8647546175134764,0.817695626700464,0.8465722145714896,0.7927488709845654,0.9621698344437761,0.7756270707601544,0.9046484553665962,0.4006068367505189,0.9955542648407524,0.7329747210345918,0.4006068367505189,0.8553492612243436,0.8603551843494189,0.775558990558914,0.7292447864734697,0.8180335093082527,0.4006068367505189,0.8544531083714554,0.9415679042991637,0.9257389930135203,0.7081369140112674,0.8031076677256472,0.8711916800801188,0.9784091431628329,0.8508127890003336,0.9209817665727266,0.9770907745521812,0.9247004559875523,0.8925262950745887,0.9146163931513945,0.952356985647995,0.7842254686329961,0.5521754207449414,0.9239759423528265,0.8856988418635351,0.4006068367505189,0.9673847887170084,0.8358244551518944,0.818573721367724,0.9364881737530406,0.9735629864071064,0.4431028796491825,0.7269872667228706,0.9496485824638996,0.4026612502423985,0.9733050117350784,0.956466487927786,0.9397586843685548,0.8422601818366053,0.9318512436551016,0.9302869180633687,0.8816477323116374,0.9872125588573133,0.9397586843685546,0.9339429911190156,0.8713377700576803,0.9693820495180773,0.9336347991328914,0.8876155442311239,0.9731391553474595,0.7104095009137845,0.4419432169043285,0.969382049518077,0.8628742512243035,0.9209817665727263,0.8933580624819943,0.9799771696850709,0.9255592688951397,0.9583942031553515,0.9307016541888508,0.9162444743188087,0.9360968865539779,0.800877607154159,0.8957085916550513,0.9182202275367892,0.9860639133827616,0.8019918139974104,0.9578647347653735,0.950354396566305,0.9924821208671799,0.4480569924611073,0.7144455296170313,0.9530613123008465,0.9723040817720012,0.9243062854435231,0.9978132884777122,0.7367738192640771,0.9209817665727262,0.8991670282493118,0.9760700705133396,0.891030590621342,0.8721962838262693,0.8138923488875744,0.8852868140089973,0.8194852749688186,0.9270730230791456,0.9450032706006529,0.9466378905596333,0.9072118677365058,0.9711878805915027,0.9814510646731799,0.9054862779423515,0.7658239172803158,0.8547116092900202,0.9125111785873636,0.9125111785873636,0.9736944252581787,0.8972366122080849,0.4619717670934467,0.8499695075069953,0.4006068367505189,0.9761356843815903,0.4006068367505189,0.4006068367505189,0.7915044878536361,0.5521754207449419,0.9221261809159466,0.4006068367505189,0.9273410027673843,0.8259931690751117,0.0,0.9852348688369528,0.8017517804777672,0.9542792996141665,0.9411372791480433,0.7338953403825346,0.8300446655816207,0.9029042197940336,0.9931733929878823,0.6313630251988533,0.8625851059964712,0.8750850146603986,0.856331534812887,0.8748756693307259,0.9029042197940338,0.9502726792490607,0.8426318593826956,0.9270730230791455,0.8990599476138065,0.9209817665727266,0.9580835864837808,0.933316065142574,0.8775170129610441,0.8925262950745886,0.8661282252415161,0.9331959995055013,0.8432648458861454,0.9272324378358678,0.8132377670080131,0.9423194428466419,0.3453642473473648,0.9937393740100617,0.9117649022044421,0.8019855092639762,0.9465955268229542,0.6039046752604105,0.8019855092639763,0.7773799496784721,0.8703601753544681,0.815911234344114,0.9628454933455661,0.9392095244663072,0.8769922925568631,0.9935264355112595,0.7131810474570084,0.9804135331642498,0.960712445103687,0.6905829075786893,0.8972500807670708,0.9725387271520842,0.973068154149759,0.4006068367505189,0.9239759423528265,0.9731391553474595,0.9152582079543843,0.9738744855255579,0.8972500807670709,0.9688440619373719,0.8769922925568632,0.8329616870069804,0.8992368483577364,0.7852601739808579,0.9336347991328916,0.8765640542998698,0.7689771223906579,0.860878542296175,0.4431028796491825,0.9046484553665961,0.8063384992258118,0.8586206896551725,0.924306285443523,0.8175686145728704,0.9327074074935942,0.9808176282555345,0.8133441486079458,0.991569463782195,0.7848075380141795,0.8095505845081644,0.8748756693307256,0.9056319216938429,0.9990384391481417,0.993739374010062,0.7698714217829525,0.9636818533225946,0.8002696397534674,0.42272440505492703,0.8809896406186064,0.7541959895434911,0.9371382816751241,0.9743307041268674,0.9209817665727265,0.9194760752462124,0.88873150110704,0.954954603940219,0.9891204424951094,0.8748756693307259,0.9655974895223984,0.7293755368067371,0.8996713357710022,0.9540589546097203,0.9711878805915027,0.9935264355112595,0.4006068367505189,0.9340332269142892,0.8588165446169274,0.8822825597621247,0.8666109663611835,0.4006068367505189,0.9175641582341771,0.8016875724452743,0.8949117707360061,0.652120372309444,0.8395280973905586,0.8900010585864283,0.9573551424808208,0.9183243814189772,0.8791314954080307,0.9501474547144084,0.8906699881696987,0.8644190209116959,0.9270730230791456,0.8628742512243035,0.8812946455970231,0.9665480300996037,0.9978132884777122,0.9371382816751241,0.8060968679283829,0.9502726792490606,0.9371382816751241,0.9021362778138222,0.9270396358303659,0.9152582079543843,0.7170758065910765,0.807040204976804,0.9814510646731802,0.9152582079543843,0.933316065142574,0.7441747664095419,0.9969821282256282,0.38117662903257044,0.9711878805915029,0.4225457442703182,0.38117662903257044,0.38117662903257044,0.6175839241408106,0.4006068367505189,0.9466378905596334,0.5558198131046264,0.4006068367505189,0.924306285443523,0.7617981236735925,0.9162206421071972,0.9209817665727266,0.9270730230791456,0.918079042897614,0.42272440505492703,0.8256890852298724,0.8852248564059794,0.9966447233584261,0.7931340739948454,0.4006068367505189,0.871191680080119,0.9665480300996037,0.9734299614209916,0.8949765365111109,0.8470383046866872,0.98145106467318,0.9180790428976139,0.9655974895223985,0.918671152228764,0.7868540111713807,0.956466487927786,0.6681244743481927,0.9570172750168653,0.9054862779423514,0.8812466268131878,0.8996713357710031,0.8650564954973858,0.9159197701772371,0.9665480300996038,0.9725387271520842,0.8341011293492996,0.4006068367505189,0.9992249226337293,0.8035122725061363,0.9336347991328915,0.8646743383404832,0.9072118677365055,0.9530613123008462,0.8962717417833346,0.4431028796491825,0.8519571024676575,0.8793529411904698,0.4006068367505189,0.4006068367505189,0.564734597761346,0.7848075380141795,0.9103086440545414,0.9542792996141665,0.8008875416489644,0.7479506883055052,0.8688949526620651,0.7767935337261649,0.8879432507007239,0.8745576538356703,0.4006068367505189,0.8185371722553647,0.9239759423528265,0.9371382816751243,0.7374039932622704,0.9302869180633684,0.9285193807516909,0.4006068367505189,0.4006068367505189,0.8979843396600192,0.9580166426603275,0.8198084640797442,0.8972500807670708,0.8019855092639763,0.8321506231964103,0.6487110495965891,0.9461095570705991,0.8199211890598704,0.8902487938478426,0.4006068367505189,0.8586206896551725,0.7894602357255733,0.9937393740100617,0.9673847887170086,0.618813297343578,0.7067390571770207,0.6675100606397244,0.8625851059964715,0.9180790428976139,0.9689939027438567,0.4006068367505189,0.8247248739070039,0.9194760752462123,0.8567883809445205,0.9552149242717523,0.8588165446169271,0.9849965025219793,0.8670014864103508,0.8365007873070793,0.9270730230791455,0.8228757278269845,0.8938918147060312,0.9860639133827616,0.9336347991328914,0.9205309941406192,0.4881339251049073,0.7999124105450754,0.9239759423528265,0.42272440505492703,0.7929756481234908,0.9270396358303661,0.9421362489486964,0.9570172750168653,0.9371382816751241,0.9699747687132042,0.9500854106526051,0.9500854106526051,0.9132780522734492,0.6677144639940105,0.9473071062272793,0.9580166426603276,0.9336347991328913,0.8972500807670707,0.8972500807670709,0.8158740901345862,0.9431379203344706,0.995606730632077,0.9451832184545604,0.7960352917220275,0.8614669993715747,0.6503259862429891,0.48316874763150564,0.8981443581037944,0.8883698794901486,0.4006068367505189,0.8900010585864284,0.9992249226337293,0.8175274870758775,0.9336347991328915,0.8879432507007241,0.8902183677316946,0.9617779603879585,0.4006068367505189,0.936798419297286,0.7688191056471216,0.9583942031553515,0.7688191056471216,0.7867686640693974,0.7812510997224267,0.9239759423528265,0.9006338166077716,0.6684032307091621,0.6946350280603037,0.8119977657595074,0.9272324378358677,0.9291460695766187,0.9371382816751241,0.961938580597147,0.9152582079543843,0.9250646625674577,0.9483563157149232,0.8280184136835952,0.5574820367105235,0.7957443055596622,0.6999158796921252,0.38117662903257044,0.7950730368223758,0.7684696092538162,0.7390863627851452,0.9392095244663071,0.9893137486628489,0.4006068367505189,0.9595779561359974,0.792660155701763,0.900528591305265,0.4006068367505189,0.8300446655816203,0.9431379203344703,0.9302869180633684,0.3439385641772721,0.42272440505492703,0.9998809333323055,0.984567352342202,0.9742425135572711,0.8950953494015974,0.9258608077723746,0.9272324378358678,0.7066058564318314,0.4006068367505189,0.8690511952611,0.4006068367505189,0.9302869180633685,0.837081613330734,0.8973472988653552,0.9371382816751243,0.9700918760103957,0.7995350730616407,0.9438295981000084,0.930351993730951,0.4006068367505189,0.9160645004037968,0.9972691533930256,0.8703323194858007,0.9667074951656033,0.6959629941127012,0.9239759423528267,0.6353545928832622,0.8727803597140285,0.632958458197248,0.8449320637799715,0.915623140483746,0.632958458197248,0.900528591305265,0.9239759423528267,0.808808090126847,0.632958458197248,0.9371382816751243,0.8856988418635351,0.9496485824638996,0.945001466385126,0.9540589546097203,0.9029881796097649,0.924306285443523,0.8900010585864282,0.8586206896551727,0.8992368483577364,0.9668702179975169,0.8834832246395515,0.9125111785873636,0.9693820495180772,0.8480064364311655,0.8707051888795788,0.860832326916608,0.8562655286589188,0.6069676805440014,0.8470383046866878,0.9867705932097048,0.9180790428976138,0.9209817665727265,0.9608638139754627,0.8944935729746869,0.9735629864071067,0.963482686260176,0.8836238393968296,0.9816001811698212,0.9270730230791456,0.6511595388441904,0.8769922925568631,0.8399660979274347,0.9763670444959536,0.9054862779423516,0.7048184024043243,0.9302334181929384,0.902988179609765,0.9152582079543842,0.8818683632950962,0.8622031837320205,0.9910997469105629,0.8339840080055287,0.8735683571325139,0.7785510091061865,0.9508942993498994,0.7946150554079103,0.9186550120230907,0.9072118677365054,0.9678417350205826,0.9553394119369609,0.8087240112889862,0.8382562997584622,0.899671335771003,0.6912566716190434,0.9125111785873636,0.850190667803344,0.7309022453202436,0.9209817665727262,0.9180790428976138,0.8790518313206658,0.8791314954080304,0.9665480300996038,0.85478507095173,0.8753961273264956,0.7226063806258662,0.9098310498422769,0.9098310498422769,0.8733158207335042,0.905254125997335,0.8376723506997308,0.8511869157928871,0.9281866733530676,0.924306285443523,0.9270730230791456,0.8922385033088466,0.9884602805599662,0.9180790428976139,0.9336347991328915,0.9450014663851259,0.98145106467318,0.8516987023807896,0.9270730230791456
p189_S,0.865647417802454,0.8993286322957907,0.9062432608768844,0.8598431842327962,0.9758344607938763,0.7846420139571659,0.7468177633347999,0.7289726111638277,0.7394852946441322,0.96110154420708,0.9581447906028222,0.877897145441318,0.9675777183531311,0.7096381231168797,0.8163202572489896,0.7331650194036512,0.9626344996583568,0.9199813438542366,0.8634268125825653,0.8840034072762032,0.9217171823170109,0.9709147337583262,0.9869486993017076,0.9519838908535551,0.8773135814748486,0.8014219204690636,0.6789652195417533,0.8387843027099648,0.8840034072762032,0.7010972539433804,0.7826185692953935,0.9962028749651789,0.8620366048031787,0.9717348537730484,0.9934009489090968,0.9002392922528997,0.9211232378692127,0.750260318579435,0.9469265748682146,0.8056810509106838,0.9565666448952859,0.8330700168025482,0.8657842944126903,0.9776463066578585,0.9626344996583568,0.7314243169496621,0.9282894047452506,0.800865874587968,0.8523570829488287,0.9569791965440528,0.8603273737191496,0.950091051821542,0.8014219204690636,0.8570482934630712,0.9441118568881282,0.8167542439085731,0.7465528572437636,0.8527760996057685,0.9042954097807621,0.9015426796683597,0.7277003452427382,0.9943917060607756,0.7006285013132104,0.8324789953544447,0.7030921523899177,0.8858517506267463,0.9282651243421642,0.9896323371547098,0.979582267406738,0.9370517719232344,0.5923919183624599,0.7975726767650846,0.9011071780180159,0.8526859948352508,0.8527760996057685,0.7037583509000043,0.9252877123226004,0.9846344164354528,0.7596584125958228,0.7846420139571662,0.8299382027361313,0.9454644583493963,0.9234361632711687,0.9674051132083057,0.8527760996057685,0.6452068511258937,0.8152184028797156,0.8070704064372323,0.8810355747077514,0.877897145441318,0.8527760996057685,0.48492551111709625,0.7468790002096848,0.8548566580712742,0.8979373700698488,0.9973024366646974,0.5345523792912972,0.7235404125038605,0.7756319046961171,0.7583888094438545,0.6776013468993954,0.8422168808828505,0.6857550459388275,0.6797576588134813,0.976680287673506,0.8788858297250928,0.6506344161520059,0.7974037950157411,0.8427984173659562,0.8466770891648323,0.5788064381759672,0.905391776538617,0.9482696122191421,0.7855644755112146,0.9610742210840932,0.9016857822296922,0.9534670932382656,0.9738642515935688,0.9313600044484991,0.7641948304957349,0.8991415586870483,0.5972311489260367,0.8009804902496138,0.8209447719540568,0.9674051132083059,0.7677839011073422,0.9211232378692127,0.9736570683598365,0.8530611358232432,0.9146163931513944,0.6928594179197607,0.8627197720675648,0.901890499100299,0.9063554346404523,0.7073321475534138,0.656395939561843,0.9704304671246807,0.9282651243421642,0.8679216237887912,0.8724450251774913,0.926292034192095,0.8847021819311647,0.6272500430228589,0.8346488440655877,0.549811431514589,0.7408824401660059,0.9447800648800027,0.6826720480294779,0.8523570829488293,0.7626814916651363,0.9225524757416415,0.8205999388570995,0.4578063778111331,0.6875662220971697,0.894296249030657,0.8209106927841572,0.6318502641086208,0.951667598069964,0.8189257281788587,0.6135629496984831,0.6510418147200789,0.9733561462382215,0.969990632651502,0.9857655850141627,0.7370081786820986,0.5539046676655861,0.8637757890946802,0.8679326095089706,0.853280753405103,0.9533857212213342,0.9671325136013079,0.8480036211373803,0.7937704071271172,0.7697558985034094,0.8365129896858936,0.7546150413013027,0.863426812582565,0.8238322722265852,0.8338659682161038,0.951378861812427,0.8608383819650023,0.7933538797402464,0.9763912250583231,0.877897145441318,0.7384591172509335,0.5997974226685945,0.8227261474105547,0.9793432651894631,0.8299790629918335,0.960208221426722,0.9238713933864285,0.8674235253159315,0.9730668694858629,0.9727431420201453,0.7892217679625811,0.8527760996057685,0.8568142373956308,0.8074807754229543,0.8722973517067787,0.9806578569877222,0.7709474324311028,0.877897145441318,0.8527760996057685,0.8464942250592598,0.8801417638099942,0.9611015442070802,0.8527760996057685,0.834450032636546,0.8344974027420733,0.8187126133291938,0.8043393120258294,0.9438873498862923,0.7334870386074928,0.8527760996057685,0.8649567983626172,0.8527760996057685,0.9104544673646189,0.92327846430507,0.9668001744399648,0.8527760996057685,0.922891113656674,0.8527760996057685,0.8699171403587321,0.8434054116150467,0.6551231726029942,0.7652696348073742,0.7110776155274797,0.9175405371157885,0.8724450251774911,0.937006727843502,0.7114208489606424,0.6963221743482191,0.596652037013838,0.9454707798453504,0.9358593744118062,0.9920202590498122,0.7673217314581902,0.8649633795349971,0.9642022776844936,0.874556897946734,0.7543784123327506,0.9342675716466964,0.4829085435189101,0.843347370686623,0.8527760996057685,0.8105652602158294,0.8527760996057685,0.48174860497333016,0.7448778976089856,0.901890499100299,0.9608625104403852,0.9175405371157885,0.8885374552149389,0.8302676244489204,0.8682427811077011,0.5276484693227037,0.9623863318992856,0.7012086465491971,0.8750016972216936,0.435598914740979,0.6588647071762566,0.9012047774504643,0.8480036211373803,0.9086027207608334,0.7559831103203798,0.9469265748682146,0.7102250067484537,0.8620555939450114,0.8053211845171075,0.6556994552349731,0.44541207234674174,0.901890499100299,0.9314949552989411,0.96992931847651,0.7920968861323608,0.8788858297250928,0.7370661097124771,0.949212048529529,0.7737812382346563,0.8174053362405438,0.8788858297250928,0.6564195325337312,0.8645188295471451,0.9148949488531445,0.8108161786537491,0.7525538548642839,0.6782927991886372,0.8268447126052467,0.721212754151368,0.8433473706866228,0.8627197720675652,0.9938590374229357,0.8667584405580293,0.7529893735715614,0.7082808254433701,0.7388821350093351,0.7005014178587579,0.6473547578193,0.8634268125825652,0.7472842265328812,0.9223711310060461,0.69109015745948,0.792389623096135,0.89259852421703,0.9075881164980933,0.9938590374229357,0.9376007728795195,0.7780531997475197,0.9431963293430855,0.76648945304258,0.9778670266493271,0.6722587445519714,0.7148202292841075,0.7173618885803319,0.4440178062404412,0.96110154420708,0.8674235253159313,0.8840034072762032,0.9717348537730486,0.9852348688369525,0.9572396777289227,0.9282894047452503,0.8527760996057685,0.867921623788791,0.8105652602158295,0.7006285013132103,0.8788858297250928,0.9148949488531446,0.9427417087350559,0.8527760996057685,0.9191315085911913,0.8788858297250925,0.9313600044484991,0.9510846536879037,0.7103502051355535,0.651150366724128,0.901890499100299,0.9586750585246393,0.9341009519304572,0.6228699440573988,0.8343435279019369,0.718444863786325,0.9938590374229357,0.8889404873914475,0.968841396110132,0.8299790629918335,0.7986386100683978,0.9719311446762611,0.901685782229692,0.6556904975097462,0.8448900819054246,0.9910014276700172,0.8480036211373803,0.7831340602409129,0.8422081605127361,0.8814881833756791,0.7249399562766112,0.8362725992024499,0.8527760996057685,0.6775236188115179,0.9522037113838125,0.7919845024731718,0.9112707966827568,0.9232512503966037,0.9193329437817408,0.8527760996057685,0.8527760996057685,0.9609387888985919,0.9132537935324149,0.5568840156781544,0.8527760996057685,0.8454543388107644,0.7165196362358544,0.7740117207379864,0.7020552403740377,0.8007691539155788,0.9318717683150429,0.5689880617904371,0.841167791359484,0.9489316098519124,0.9943049242048463,0.8527760996057685,0.767534966673288,0.6956105745779575,0.8541515050769737,0.8092218110817091,0.9384737681135951,0.5863103158870662,0.8627197720675652,0.8333526152913009,0.8527760996057685,0.8177315757256205,0.6294928472821066,0.6210163060724483,0.9161529647776123,0.8894000200499048,0.8568846472546141,0.8333395492831608,0.8527760996057685,0.8377579596656606,0.7537428945630974,0.8527760996057685,0.7211292349823254,0.935526778736796,0.9915588474211825,0.8220666694383262,0.7861218833060213,0.8527760996057685,0.7960220659872371,0.9750912507064424,0.9792036529152421,0.8549963657648043,0.9701140315441432,0.9745802710828477,0.7531602636842156,0.7803911878085927,0.9282894047452506,0.9692137626308377,0.6709142759202356,0.9880803149691897,0.7606234761407178,0.5763055336989946,0.8696866768606615,0.8382544005945731,0.9358593744118062,0.6057809626050723,0.8527760996057685,0.9156983093954272,0.8533915426736369,0.9546491643550106,0.9888759577319164,0.9032510310536799,0.9015426796683599,0.9198785323078544,0.8885374552149389,0.8724450251774913,0.9623863318992857,0.6549904556418005,0.8722594018245532,0.8236832869813053,0.6573773321888188,0.9156983093954272,0.7106985586082806,0.9618003188620428,0.9923944458192597,0.8870647563852966,0.8355076234063143,0.8411677913594839,0.8069052703453259,0.871522790134182,0.8387843027099651,0.7893411251201055,0.9536062830293296,0.8733889353630642,0.7905151981102756,0.7438624318663223,0.9924334453684487,0.8129848631002939,0.8159529272430242,0.8473597611409733,0.8324789953544445,0.9846344164354528,0.7826185692953935,0.5695201669931766,0.8687044576868435,0.8149061888610334,0.9342675716466964,0.7166510412920961,0.8292744786474109,0.859843184232796,0.8473597611409739,0.8632253863236763,0.8270339783760576,0.9316551647701914,0.8719713421079066,0.8964121097451851,0.8650563832229692,0.5517382247539577,0.7438624318663225,0.783677274558768,0.8373763641558862,0.7475391378785333,0.795258056023031,0.9156983093954274,0.9372776088146744,0.8385953466539933,0.8089935506215316,0.999266089390182,0.6789652195417533,0.9059006436350363,0.9698282497233137,0.9738642515935688,0.7989205131345819,0.9466650167097104,0.9242227583786287,0.9675777183531311,0.877897145441318,0.678121276862188,0.8567663381728364,0.8955308602833414,0.7272123246320392,0.8527760996057685,0.8733022546836291,0.8527760996057685,0.8527760996057685,0.7448775230653979,0.9131673577818813,0.6556904975097464,0.8527760996057685,0.5948356038725022,0.6827601450928185,0.9852348688369528,0.0,0.6555787242667219,0.9622664294670571,0.6025466619009053,0.9918923246130545,0.605875550634067,0.9441118568881282,0.8515566883089617,0.8733022546836291,0.7612658857087968,0.8448900819054247,0.7133516946376313,0.9310660660514316,0.9164187799868863,0.9238713933864284,0.8448680127571884,0.8089935506215316,0.6936069031436503,0.9610742210840932,0.71697165486006,0.9968641222380944,0.8330700168025481,0.8382544005945729,0.988503553151991,0.7645981416085793,0.7277003452427384,0.9131673577818813,0.8939045044548382,0.9282894047452503,0.8474395468832963,0.729921366118399,0.991315739430167,0.7751664797197706,0.8909760736808614,0.9358593744118064,0.9768644456787298,0.9522647163066622,0.9412192620264295,0.935540981276975,0.7334870386074925,0.8541515050769737,0.8086241367403573,0.7440708737294037,0.7754530044140036,0.7106985586082804,0.989974968947223,0.8104549819558644,0.9449653452785577,0.8192878068963216,0.9479869845435867,0.8527760996057685,0.9358593744118062,0.919759106659892,0.9143052801998224,0.958878237219338,0.8993383238428321,0.9015426796683603,0.8787795466064229,0.8706353531352303,0.6872968705524745,0.7537428945630975,0.8847021819311653,0.6974633250817115,0.9358967060666548,0.8537175645707769,0.9015426796683599,0.8333395492831609,0.9323597178868697,0.8450266356206386,0.5775718438178106,0.9583608831017433,0.8753277940410207,0.9192946332003891,0.9312546686869956,0.6556904975097464,0.7443448822075172,0.9440994060788397,0.9751145836903816,0.8454543388107645,0.7500917627661237,0.857676802230597,0.8953873843325035,0.973759618173332,0.689503549171635,0.8480036211373803,0.7820240988662361,0.8305082939221752,0.9469265748682145,0.9862678706549893,0.9938590374229357,0.7270726805280053,0.8980475844527739,0.8776429442531763,0.9253639555398233,0.7989205131345818,0.9954645998164262,0.8108161786537491,0.8521862872722994,0.9974712426570689,0.9018904991002987,0.7440708737294041,0.8527760996057685,0.9661693714407507,0.9253652507364578,0.7479253256887533,0.7291623038587742,0.8527760996057685,0.7424914813377899,0.7194403798725825,0.9750209551913047,0.8813010501064985,0.7760390748360741,0.6540452966743238,0.8794912090798543,0.5897998730322407,0.9835102535247079,0.7706418492397088,0.6530962871087977,0.9637424086122105,0.8733022546836291,0.7199017280172171,0.7235690204623073,0.9733561462382215,0.604669664392673,0.9313600044484991,0.9382147673560617,0.6328948484777428,0.9469265748682146,0.8299790629918338,0.7925205308066754,0.778048816829908,0.9634782292946642,0.7297421635428913,0.8788858297250925,0.9758344607938763,0.9190159567987892,0.6851939179330067,0.7861218833060213,0.8480036211373803,0.9698282497233137,0.8671639322716809,0.8480036211373803,0.877897145441318,0.8061461210098465,0.8527760996057685,0.9806316443183225,0.9371017398063328,0.8527760996057685,0.7492550639325506,0.6611895661914108,0.8266143329122306,0.9282894047452506,0.8733022546836289,0.857676802230597,0.8480036211373803,0.6361325076846119,0.7641948304957351,0.938138343510984,0.763261771835368,0.8527760996057685,0.7255914787050355,0.6782927991886369,0.9073784958379694,0.7063885372138423,0.6986179341651109,0.9893232687360962,0.7616445839377061,0.9445758723329363,0.9051158784276302,0.8518692177331039,0.9450698704968494,0.854527150344403,0.5288112044029754,0.8870175484124818,0.6304642561338656,0.8564278285687625,0.8634268125825653,0.6889909708153219,0.961074221084093,0.5381988223224623,0.6686317389662184,0.8527760996057685,0.9318717683150427,0.7711621579546042,0.96110154420708,0.7188731898006469,0.8955308602833414,0.8299382027361314,0.8041880534886765,0.9015426796683599,0.7384667908705705,0.772031409536676,0.8527760996057685,0.8527760996057685,0.8302676244489202,0.7743804119709172,0.5567073700597149,0.7087339240379134,0.7779092382296022,0.9162786271420278,0.9413078010907814,0.8183653445521999,0.6884264973304101,0.8606617885147239,0.8527760996057685,0.9312660862164919,0.9358593744118062,0.9469265748682146,0.7743804119709172,0.8788858297250928,0.6068378234013552,0.8527760996057685,0.8527760996057685,0.9122469062197385,0.8703425877209889,0.883078014368043,0.8993383238428321,0.787241035689348,0.8147521882771815,0.9155670242717399,0.9725261267956617,0.7967719023237927,0.6877303780002189,0.8527760996057685,0.5646101691880113,0.7951557250388146,0.8894000200499046,0.9525107890657616,0.8022905758393091,0.8185249961161254,0.9510846536879038,0.5224081070227261,0.9845696735078289,0.7971805228401763,0.8527760996057685,0.7161389892078858,0.6042739364248377,0.8147521882771813,0.6443855934889657,0.9397215708314475,0.9382559848767846,0.7981503280631901,0.6865188976909811,0.9439031868380376,0.7251921385050721,0.7491023108982651,0.9806316443183225,0.96110154420708,0.9671325136013079,0.9436932285312714,0.6861138048113342,0.8603273737191495,0.8480036211373803,0.7028006893772163,0.8844558779324998,0.7248481500066553,0.9526826307995381,0.9469265748682146,0.7048184024043245,0.8907888642207371,0.9874977150959766,0.7742998473363846,0.8101415729689745,0.8377579596656606,0.8835406899027953,0.9225524757416415,0.9968641222380944,0.8993383238428321,0.7285092836707618,0.8343435279019369,0.8480036211373805,0.9776411013787649,0.7097557801373533,0.9837071086728632,0.6679240543152436,0.8635981724614361,0.5694050958840087,0.5562241574310547,0.8527760996057685,0.46801353256137346,0.9143052801998224,0.8536842271785221,0.96110154420708,0.8053211845171075,0.8092737986295462,0.6468405016386076,0.8527760996057685,0.647087870814828,0.7887968204892217,0.9454644583493963,0.770857249028581,0.7707577914588317,0.7801011806516209,0.9358593744118062,0.6067025050949262,0.9958128328869761,0.7041381686524906,0.7081140723666872,0.6373548990942686,0.7087083279070421,0.784642013957166,0.9120357421143992,0.8703425877209889,0.8547889218390641,0.8990331149869737,0.6444097961201487,0.8993114367486106,0.8121192012618887,0.8835406899027953,0.8480036211373803,0.7528735933457744,0.9145417437978427,0.9713166140714659,0.946532850822368,0.9054125784946043,0.8527760996057685,0.8101178932632802,0.8866084201625914,0.7096381231168796,0.8527760996057685,0.8294970509385431,0.999498010690612,0.8788858297250928,0.8881963720527788,0.8480036211373803,0.9659040646509018,0.985171117437625,0.5639330551566846,0.8844558779324997,0.8120431346100778,0.8881963720527788,0.8439493159872324,0.8527760996057685,0.9032510310536792,0.8527760996057685,0.9370517719232341,0.6410443025026176,0.7784739651775217,0.9469265748682146,0.8117946216093037,0.9476865144164568,0.8718538486490526,0.8813010501064983,0.8527760996057685,0.8938260283066248,0.8200126958717573,0.9456677699140821,0.7328477366761569,0.7744081599350816,0.9358593744118064,0.7826185692953935,0.8950048614873414,0.7982969007350016,0.7745957210744243,0.7330968821619543,0.7982969007350016,0.8182888276616691,0.6904829971616131,0.7168332186312043,0.7982969007350016,0.9469265748682146,0.8428998093754179,0.9211232378692129,0.7605491566505029,0.7035935143035552,0.8080670482348336,0.7247288896304452,0.8893312823211617,0.8144676551397425,0.9131673577818813,0.7707954124086154,0.9609387888985919,0.9974712426570687,0.970914733758326,0.7361040479392593,0.8169274524853916,0.9973363684060098,0.9999165995126632,0.8997096862431324,0.8854896642033439,0.6889909708153217,0.920260673034247,0.8627197720675654,0.9126981155112572,0.9134286718077721,0.790012315632066,0.8476237950187722,0.9437288288255894,0.8679216237887912,0.9086027207608334,0.9902727981246569,0.8086241367403582,0.7701211075308942,0.9863969165646036,0.9751145836903817,0.8502699407871821,0.7755361265078689,0.8441816987551347,0.8835406899027953,0.8459090807517731,0.833425851828441,0.9187677456797507,0.8365816131473733,0.7783887275086292,0.7736930845443264,0.9454707798453503,0.9058247620252302,0.8251338051460981,0.7640660035767345,0.98725060339934,0.8307116701775572,0.8430415976337671,0.9386368786140116,0.8829174544013934,0.9435273210189234,0.8231676115193054,0.7889162398681708,0.8369664230521701,0.7438624318663225,0.9211232378692127,0.8187126133291938,0.7900123156320662,0.9938590374229359,0.8371891902860541,0.9610188343699313,0.8921356592762403,0.7783831209320853,0.9306403341592284,0.9684100178301562,0.7737812382346564,0.8649633795349971,0.9077865135605361,0.7531394686482444,0.871885935443079,0.8733022546836291,0.7405588523133086,0.7848555103118353,0.7933678017570143,0.9225524757416415,0.972862566692309,0.9002392922528992,0.8903177447162759,0.8733022546836291
p189_T,0.6818357969386324,0.9829371636793209,0.35221620506946727,0.9669769883631788,0.9153139730017577,0.9568784918748878,0.7186051386991905,0.7731648436876879,0.774979317001381,0.9497216571784262,0.7291099028375747,0.8773193685069605,0.8773193685069602,0.86632515115204,0.8549567011628647,0.7424707767812997,0.9727032043212838,0.7392301461878468,0.9022452837148789,0.9497216571784262,0.5300038115869121,0.7984962426994274,0.9012886805028634,0.9907463311998268,0.8367985431777611,0.8397219435105807,0.9013701145685413,0.8494541037919072,0.9497216571784259,0.6061538044523531,0.9467580402849072,0.9310944809913069,0.6112309903275543,0.8101221286735183,0.9494565734115241,0.9751910379124881,0.6923952854011415,0.927761574032681,0.9568784918748878,0.9143168314046379,0.4484359394244736,0.8428691512227089,0.9118525638325778,0.796270297929361,0.9643334551236287,0.5838803162839274,0.6741869914826222,0.7672051536759701,0.8784785745857567,0.7468743994599158,0.9310944809913069,0.44788238335129005,0.8660374379044289,0.8627712312932618,0.8662939159473788,0.4777511645544401,0.8845611988346691,0.8811713725919912,0.7433704540286867,0.6097567141495215,0.7802191483051624,0.6202379836852236,0.8397219435105805,0.5271289153083094,0.8977386203509137,0.8007588753899912,0.9558093530985573,0.695284645000958,0.5716797296752414,0.9751910379124883,0.8628553342437906,0.4122682380641448,0.8811713725919916,0.6248580719397223,0.8811713725919912,0.2450028546917037,0.6257041606618885,0.9348975602557186,0.7676236944554424,0.9118525638325778,0.8887130191001582,0.8273102460097114,0.8522932400572807,0.6865991574001507,0.8811713725919912,0.8527382835752306,0.9711143145838557,0.9983460951546341,0.9059329560560242,0.8773193685069607,0.8811713725919912,0.784412290937859,0.7846002015026553,0.8375100704070284,0.827513241303586,0.8464799418789064,0.8531172011461681,0.12678606370470946,0.5936727919309601,0.6809403729044847,0.9610837152279759,0.9983511487423211,0.8811713725919916,0.7816247756231971,0.9293801993011366,0.6483545622521334,0.9675794980203046,0.5994855136248831,0.8525812245745796,0.6758084770167971,0.9523499850570092,0.8696234264003238,0.6078890945118711,0.9577889204455415,0.7105716425687394,0.5077239697117106,0.9269383870311353,0.9430998431724231,0.7279400118289429,0.6841875265528008,0.7962702979293608,0.8587778297510043,0.9090576304377904,0.8734303481946333,0.8444921237632413,0.9549833145226004,0.6571887983568045,0.7409443124486436,0.8773193685069607,0.8239808321924889,0.7023372436942057,0.6378023403965037,0.9181106311285121,0.9118525638325781,0.8698884442909978,0.7654724913816089,0.8049605890859601,0.8427131871884221,0.6542195773381952,0.8735611753844452,0.45090359133849267,0.6652418819848938,0.9367046633453779,0.8402161208666912,0.8285134076914069,0.7908587947341705,0.7871636012333603,0.6461341247902082,0.836615108651036,0.6256043652872741,0.9925034861602793,0.7802191483051635,0.8727996222091998,0.5679965679965702,0.9935080750686026,0.836615108651036,0.8118412562543464,0.7389815511680645,0.8921123896764589,0.7681525130538001,0.6523575880191474,0.8561102469132088,0.9634062187972959,0.5520951711597748,0.25131340844728,0.8494541037919074,0.8721569101219397,0.5468021592792685,0.6521067848688222,0.6694992448301282,0.9853950514983123,0.5586905061569849,0.9879012738431525,0.7240439323560192,0.9569665824798764,0.9770108712601198,0.9430998431724231,0.9179518861256315,0.8594362238569959,0.919335558789626,0.9691768000279717,0.9605706488117691,0.8858712519854102,0.8773193685069602,0.8333363569474099,0.9628303702275511,0.6679479850410681,0.8097234685897621,0.8627712312932618,0.8939698978312669,0.9381464391926995,0.9372491341528906,0.42211817726266554,0.5522421594094336,0.8420792349641695,0.8811713725919912,0.9203333571111534,0.8735611753844457,0.8068425477774381,0.46195743629396213,0.7844122909378579,0.9436711479582613,0.8811713725919912,0.21367544902736424,0.5375608473504463,0.9497216571784262,0.8811713725919912,0.7326924430168352,0.8017517804777674,0.7343854850519835,0.6654799389786834,0.6702818074764592,0.8773193685069607,0.8811713725919912,0.7114223702017071,0.8811713725919912,0.7382901343354233,0.5258305346283194,0.50809528307808,0.8811713725919912,0.8490163198223057,0.8811713725919912,0.7045720833605262,0.988376370414257,0.8719206013775154,0.16371605642362008,0.925581846570086,0.5086671896944446,0.873561175384445,0.8458629862644368,0.8847182735650863,0.8833192927368401,0.8815093357601782,0.753422486541304,0.8804119091584668,0.8039807896790845,0.8562902021654153,0.6842826717922258,0.7943851256352423,0.9537286506602913,0.8017517804777672,0.9013701145685413,0.8225277030721225,0.9058538072885727,0.8811713725919912,0.7723771082592112,0.8811713725919912,0.6432756127014041,0.8239808321924891,0.8933957590212613,0.8305129246052401,0.49401969260256506,0.9203333571111532,0.7990018361935884,0.5261783109300997,0.8438248730765974,0.9642957970297393,0.6753380136119951,0.9255818465700862,0.8361507661318981,0.4995496861283646,0.651251614597183,0.8773193685069609,0.936915144267404,0.8071940170099892,0.9568784918748878,0.885875963379418,0.993104427633225,0.9766405271107834,0.8445646912048959,0.7935184982392056,0.8933957590212618,0.6614384077732218,0.7614978727951759,0.6710729731602996,0.6483545622521334,0.5997794320207366,0.865004209427638,0.9549361975301534,0.7897546886605331,0.6483545622521334,0.7249333597934617,0.7143392366879593,0.8977386203509137,0.33944526215482884,0.8425111710827853,0.8891971954839686,0.5926231342520281,0.5930662633427788,0.5451714503412677,0.6014176893103871,0.7833409447409734,0.4248542029965203,0.9022452837148789,0.9414034319999551,0.6605355464321552,0.08996849656143513,0.6982212533744785,0.9022452837148789,0.9153139730017579,0.9143168314046379,0.8735611753844457,0.8933957590212618,0.552095171159775,0.8011372640219563,0.8197255958270911,0.6971745548273525,0.8045211086206914,0.4612424040597628,0.8305161199707354,0.7474509294018474,0.6384229882931469,0.8980687279525545,0.9382505555124934,0.8049688815454743,0.9219328558760138,0.7749793170013812,0.9497216571784262,0.8912505027892551,0.8239808321924889,0.7249244649034472,0.8891971954839684,0.8811713725919912,0.8933957590212607,0.812624531959105,0.8660374379044287,0.6483545622521334,0.8977386203509137,0.9768470376839118,0.8811713725919912,0.7238457314513385,0.9022452837148789,0.9568784918748878,0.6963579538362787,0.6592725464976048,0.8732786138576023,0.8933957590212618,0.6254639787630276,0.366225556032836,0.8525812245745796,0.8662939159473795,0.7034983055275748,0.9255818465700862,0.9020074728388185,0.44307960717254524,0.8627712312932618,0.7908587947341705,0.8179918679135638,0.5249051426677129,0.8330934647148429,0.5538929964252635,0.7523315123784773,0.8773193685069605,0.9098966651922933,0.9856532731270895,0.5634206010045946,0.5513856597757649,0.41936855878415336,0.8811713725919912,0.7061806188913209,0.8527382835752304,0.8361961589702154,0.942838299262892,0.9069398281965728,0.6538040152804543,0.8811713725919912,0.8811713725919912,0.8625156829022367,0.8358304984331972,0.9636746105809773,0.8811713725919912,0.9069398281965728,0.8811713725919916,0.818697191013531,0.1349408976212877,0.5522421594094336,0.8115452237201121,0.8457280231675548,0.8847182735650865,0.368067186048617,0.45451759530488545,0.8811713725919912,0.12424924924925018,0.8269876062062993,0.5360932171806225,0.5716797296752412,0.8648207288501726,0.7118736819759728,0.6014176893103867,0.5376582787337554,0.8811713725919912,0.42844033135336257,0.8923529322982766,0.8734025723770651,0.773072555934986,0.8851268700668165,0.3725650989404168,0.8970277449900297,0.8811713725919912,0.7762387427327297,0.6169645778394284,0.8811713725919912,0.8216070858356985,0.5788624125981954,0.30987445382791645,0.43136908732365087,0.552095171159775,0.8811713725919912,0.9302508011953068,0.6630091945994596,0.8672022361501448,0.8923149516795208,0.7450389130528225,0.782858033252271,0.7855104563956021,0.9348211682342416,0.6741869914826224,0.8597339099644477,0.7343854850519835,0.9844272218605029,0.6715724731819455,0.7563279874239788,0.18300372805422183,0.8492956954242201,0.6919182993082406,0.8923529322982766,0.8811713725919912,0.8117728000823106,0.8308384926841114,0.6965317383267473,0.888713019100158,0.8930074869035779,0.8735611753844457,0.9406910117203195,0.9555398441554901,0.8735611753844454,0.9475094926481991,0.8811713725919916,0.8368139377415917,0.2459148722052087,0.8155467712892586,0.9022452837148789,0.656352471060696,0.9069398281965728,0.8627712312932625,0.8770085425434322,0.8739423504719117,0.9712883247369647,0.9069398281965728,0.5687272009199673,0.8494541037919074,0.8219501824158015,0.8428691512227089,0.6257041606618907,0.3019321466432352,0.8891971954839688,0.6385658063346782,0.8236540336500442,0.7132633774480965,0.8460594193000854,0.882673765562922,0.8887130191001582,0.824545220134451,0.765086084020052,0.8048175487393854,0.9616348140233992,0.9958151254011725,0.997791515083261,0.9198606539134194,0.86632515115204,0.8460594193000852,0.9047213896626456,0.4234020899661388,0.8887130191001582,0.26244173615664756,0.846059419300085,0.8203543403719594,0.7964322386058715,0.8891971954839688,0.9206229176249117,0.4823540088879398,0.9208794226291896,0.7646343017371671,0.9022452837148789,0.9789103218218751,0.8031812366768294,0.8977386203509137,0.9483474179376203,0.9013701145685413,0.8152948529335651,0.9310944809913071,0.9430998431724231,0.9467580402849067,0.36416240163610647,0.46316960287717335,0.6913940650595857,0.691394065059584,0.6017252378892184,0.9883763704142565,0.8698884442909978,0.8572494426036072,0.8811713725919912,0.6713196165676931,0.8811713725919912,0.8811713725919912,0.5759764149348257,0.8770085425434331,0.9249788088801436,0.8811713725919912,0.5690141207543381,0.6358424583174209,0.8017517804777672,0.6555787242667219,0.0,0.4175726238747258,0.8155467712892586,0.7925008201091575,0.6254873296405845,0.8970277449900299,0.9011103505707634,0.8977386203509139,0.8527382835752315,0.6417779789765408,0.7114223702017071,0.9065865755345455,0.8970277449900299,0.9058538072885725,0.9907428231457165,0.976091668183894,0.9881281413569512,0.7105716425687394,0.7870238507267042,0.8847182735650863,0.9231319767555537,0.5687345150723067,0.6614384077732223,0.9130626035138847,0.780219148305163,0.8492956954242192,0.8361961589702156,0.8891971954839688,0.8559195932254959,0.9203333571111534,0.9589894619482291,0.6654799389786841,0.5214091713737858,0.8933957590212613,0.670810741120691,0.9013701145685415,0.9086090764392825,0.7204073039361282,0.9436711479582613,0.5068003623326232,0.40430679733187336,0.9118525638325781,0.41757262387472593,0.6563524710606958,0.7925008201091579,0.46937229408572567,0.9711143145838554,0.803654905646223,0.831516647687796,0.8811713725919912,0.6919182993082406,0.8045211086206918,0.8811713725919916,0.537386400348226,0.8847182735650863,0.9381464391926992,0.8999067724057707,0.50991013312783,0.8492956954242195,0.5577816044539001,0.7080237109667487,0.5860685209618424,0.8593147823261376,0.7043190646892541,0.8735611753844457,0.927761574032681,0.6894033062645406,0.8684389356219329,0.8460594193000852,0.5168188334089463,0.7195419285891014,0.49152553498445517,0.6967712191790274,0.9831358469545557,0.6660196617476943,0.4717801015115778,0.824545220134451,0.9069398281965728,0.9090576304377902,0.8851268700668167,0.4948769614031887,0.8327482438090521,0.768276510618948,0.8773193685069609,0.593911262998621,0.5013999701379279,0.9980955800828024,0.7698078283930405,0.8891971954839688,0.9208794226291896,0.7236824420815386,0.6220453452249962,0.889598588306679,0.8821440115044541,0.8525812245745796,0.8277506450089276,0.5233222454194302,0.8773193685069607,0.6919182993082406,0.9118525638325778,0.8811713725919912,0.8560648007561684,0.4331085238669349,0.7561174062027927,0.8826762887437765,0.8811713725919912,0.8166110056023805,0.6252477976872686,0.780219148305163,0.818697191013531,0.25140178008956227,0.990360360194486,0.7930072930072951,0.5431641199114359,0.6667969145017014,0.8420792349641695,0.6665111568137501,0.7146656053190168,0.6321430926512028,0.9458909258415326,0.8590536933702335,0.9652642001715617,0.8906679873366545,0.9118525638325778,0.8807819406945459,0.8735611753844457,0.9118525638325781,0.5063576236799283,0.9610837152279759,0.9153139730017579,0.7461693761964616,0.09878596696406516,0.9022452837148789,0.8811713725919916,0.884718273565086,0.4728651050812701,0.5520951711597752,0.8773193685069605,0.7673157432483314,0.9013701145685413,0.8773193685069605,0.8773193685069607,0.8101221286735178,0.8811713725919912,0.9013701145685413,0.8244517780401752,0.8811713725919912,0.8732786138576025,0.7816738208583602,0.9022452837148789,0.6741869914826224,0.936915144267404,0.8851268700668165,0.8773193685069605,0.5939112629986208,0.684187526552801,0.8492956954242199,0.6435686109058718,0.8811713725919912,0.9492330124038872,0.8891971954839686,0.5551183004345427,0.6494086099315186,0.9627305402956892,0.9430998431724231,0.9907463311998268,0.8808194275061851,0.8239808321924891,0.8808194275061849,0.6749748220810461,0.9795841941955428,0.886375999718042,0.873430348194633,0.808667641031366,0.9642957970297396,0.9430998431724231,0.8884162571534373,0.7105716425687394,0.8244517780401752,0.6461341247902079,0.8811713725919912,0.9835991738212904,0.18728071992458972,0.9497216571784262,0.6383152769861178,0.657886501545846,0.9769077294222195,0.6346029123334096,0.8735611753844457,0.5552398341169901,0.5694305444952721,0.8811713725919912,0.8811713725919912,0.865004209427638,0.8491463739975782,0.7723771082592115,0.6545165003503337,0.6538040152804543,0.6106089877403212,0.3042555534501702,0.5611078550533803,0.8696234264003238,0.6369275284980294,0.8811713725919912,0.7672051536759701,0.6919182993082406,0.9568784918748878,0.5404312518361438,0.6483545622521334,0.6049774243310666,0.8811713725919912,0.8811713725919912,0.5590303129055343,0.8811713725919916,0.5632600572764435,0.5681067999827099,0.7031868055060877,0.2713767436858401,0.8305129246052405,0.8615740628146114,0.6587643098703488,0.8245832349124046,0.8811713725919912,0.8906679873366545,0.5882606842512232,0.6571887983568042,0.9022452837148789,0.8984123590217472,0.7067510977471074,0.8335907323532998,0.8073108575392578,0.8851268700668165,0.18912674080084135,0.8811713725919912,0.5945500469975813,0.8300245705572444,0.7843075457081259,0.9384520238263541,0.5329264573362384,0.8627712312932623,0.7775931247733288,0.8446823162702756,0.8977386203509135,0.785815909145426,0.7107137374352663,0.8698884442909975,0.8363691979123069,0.9615810714290578,0.8397219435105809,0.6518285809552085,0.9310944809913066,0.8773193685069605,0.9003538698499873,0.8590536933702335,0.9573551424808204,0.9098966651922931,0.9118525638325781,0.801751780477767,0.9118525638325778,0.9118525638325781,0.9861383495414263,0.8594362238569955,0.7569760701305275,0.8811713725919914,0.87915102689416,0.8272949230390172,0.8559195932254964,0.8573174137639199,0.6112309903275556,0.8773193685069605,0.9610837152279756,0.7709197568421746,0.9203333571111534,0.6920140566928777,0.8073108575392578,0.8581137616733809,0.8001448938150362,0.8811713725919912,0.7468743994599163,0.9822582257689433,0.6843739679403193,0.9497216571784262,0.8428691512227089,0.9004978084151185,0.9174099501810601,0.8811713725919912,0.5429858611075178,0.4027636315950005,0.8732786138576019,0.56060690882422,0.6097040594686518,0.5773233186693114,0.6919182993082406,0.5839906009203111,0.8892324585255638,0.6841344849097846,0.7093549715815093,0.9047213896626451,0.9452162470472999,0.9568784918748876,0.9878599310202842,0.9153139730017579,0.8472828603230927,0.8784785745857566,0.6229462016805818,0.7925008201091577,0.44692172369819705,0.8811713725919914,0.8773193685069605,0.6305521632770454,0.4553785268024162,0.9540838408364434,0.49215393490862347,0.450245677906254,0.8811713725919912,0.5198797313166708,0.22967814409837461,0.86632515115204,0.8811713725919912,0.6409983023494141,0.8970277449900299,0.6483545622521334,0.8492956954242201,0.8773193685069605,0.4310254151508479,0.8660374379044289,0.9922652711837712,0.8590536933702335,0.9323698749923484,0.8181501391452242,0.3945040617853047,0.8811713725919912,0.9059164487391995,0.8811713725919912,0.9430998431724231,0.993104427633225,0.7294233809075652,0.9568784918748878,0.827513241303586,0.679812977291161,0.7775931247733296,0.8240931079476521,0.8811713725919912,0.6840104977529866,0.6715500778564472,0.8086799346538469,0.8734303481946335,0.6647509783689058,0.7296170212782864,0.759931191353999,0.8457280231675544,0.8269876062062993,0.7493894200045359,0.49437712833787006,0.8269876062062993,0.3954414667010724,0.8933957590212618,0.1080935599008761,0.8269876062062993,0.9568784918748878,0.8397219435105805,0.8851268700668165,0.8693462201573852,0.9104952582326109,0.8698489604994104,0.8460594193000852,0.7468743994599154,0.3757733060775207,0.8770085425434324,0.7990018361935882,0.8625156829022367,0.9104952582326111,0.9135169539046759,0.7234059478173851,0.9193490282246699,0.5912131335333617,0.6254639787630276,0.815125965495467,0.3962727828510937,0.8366151086510358,0.9555398441554901,0.6378023403965056,0.84966102844822,0.961006396313822,0.8930074869035778,0.9181419949482303,0.8266612448281723,0.6919182993082407,0.6713196165676931,0.8250440139736386,0.8522932400572807,0.9380992138498063,0.8527382835752308,0.8821440115044542,0.7675349666732878,0.9090576304377904,0.8216070858356983,0.6066896212615136,0.9260646598510114,0.9180318651136674,0.9423555494141215,0.7672051536759701,0.7967950349555519,0.936915144267404,0.8223364946652794,0.8310257162406249,0.8397219435105807,0.8698884442909978,0.7760067786372964,0.8236540336500444,0.8191174443949807,0.8427383329005672,0.8173046131596363,0.8234736234472657,0.9104952582326109,0.8166110056023803,0.6894033062645413,0.8891971954839686,0.6923952854011408,0.7708359014897088,0.8305129246052387,0.9619664976562035,0.9964594171635957,0.713287382820913,0.7734734284025977,0.9381464391926995,0.7066346098619037,0.6840104977529873,0.9549361975301534,0.764777519192013,0.9255818465700862,0.6867058216096482,0.854529440567229,0.6713196165676931,0.7493894200045359,0.8963777015779386,0.9203333571111534,0.9497216571784262,0.7500274497143586,0.9430998431724231,0.7409197774585756,0.6321430926512028
p191_S,0.743524135765361,0.9485089128171492,0.47402109314224505,0.9584625472803223,0.805849966291601,0.9686762654666128,0.8230793972828034,0.8959689877547377,0.6323463954585369,0.8479521653438946,0.7147859115339803,0.8272354331469209,0.7995563084478068,0.9187258511814396,0.8187247630895864,0.9853805413611496,0.9499286956382703,0.7568986938519888,0.9552047908760306,0.9550326616655347,0.7723847789690537,0.899027874845016,0.9456546334164269,0.9004325626946128,0.816790758304958,0.7381271605259614,0.9236630827321967,0.7743343388904205,0.9550326616655347,0.9353965552608834,0.8152943545241966,0.8887281516764469,0.7569075950991145,0.7472609883923662,0.8628212971049698,0.9892903408071427,0.7764613417359433,0.7825492732451298,0.8559789162214919,0.8779829631264987,0.6623544023532588,0.7432692756603827,0.9561921683699729,0.8488565320003023,0.9975400785495823,0.6486104029845258,0.7560495458914248,0.6361794812938715,0.8995921868852625,0.5864267310891791,0.9516333298064146,0.4502145284505604,0.7600825581617026,0.775786604193498,0.8328255545646561,0.6760873335642719,0.8982870507540051,0.8058499662916012,0.8030981709593135,0.7216242962744106,0.6753147535219881,0.7238171694702253,0.8698595463404097,0.7772501065311839,0.9309752480861735,0.6314085587368949,0.9225563139336495,0.6513613023041516,0.7798939878153858,0.8870336910138057,0.8495916828909233,0.6402815017801009,0.994750375861608,0.43869487133311225,0.8058499662916012,0.41520630436730177,0.7308377857119481,0.960059653498783,0.6392025881498691,0.8434948191248517,0.9418308497152963,0.910877738026379,0.9662715161259721,0.8666756820306954,0.8058499662916012,0.860019101302919,0.9951364972067693,0.9445811667324961,0.8959808750442568,0.8272354331469214,0.8058499662916012,0.9124787751675798,0.792362824623994,0.7943572239667065,0.8215513362442644,0.7684596863651095,0.8803045604270514,0.4359743792232942,0.39927631122882934,0.4823482510518753,0.9314627029733058,0.9381869901995564,0.8808077142348701,0.9599264114148361,0.8008807345978499,0.7847770412204684,0.7821935007013864,0.5079185738354115,0.7591375004288965,0.4856439807816748,0.8235922190754523,0.9664840635679564,0.6087425903903028,0.8692157010954181,0.7560495458914248,0.5385990087643651,0.8983808250009029,0.8743674594684081,0.8059290360431435,0.48456932843270306,0.9760630032517734,0.9692534510501678,0.9110289230307684,0.9172582782274843,0.6910325009447655,0.7394640260586518,0.7470880603205394,0.8390157927246809,0.9790106939592822,0.9728253190108709,0.5136589942079037,0.7864057866094464,0.9540089029986336,0.8559789162214912,0.9450088527374347,0.5698906385153438,0.8017006459474794,0.8596511358036814,0.7652933686087293,0.820358135051938,0.5122695144869356,0.7951128469173034,0.6818181309125326,0.7229470399631621,0.9982444939315658,0.6582913314924024,0.6850825746621012,0.47437333968925977,0.7330510092157587,0.5664061840623845,0.9021933432389448,0.7097219302737803,0.9312566329359487,0.8618423922664897,0.9854614920636177,0.7546602329745218,0.9223039883617639,0.6859587927341277,0.7235572920013837,0.9248925312429062,0.9426489568610691,0.7864057866094465,0.9335871057810122,0.4905229102059212,0.502908346054928,0.9632479262082517,0.8253317216902354,0.7444227624803483,0.7649624355222835,0.6575186955139196,0.9783308953297635,0.7298985716672585,0.8770057699699194,0.9406151453045026,0.9097158802954959,0.9116830671376643,0.9084530093995202,0.8594578000049669,0.8882905768981044,0.947400724155582,0.9773827557975621,0.8663696738859961,0.8250562990528754,0.8272354331469209,0.8013221029707227,0.688796744574309,0.5523137504025153,0.7571429987587599,0.7757866041934975,0.8286078069287164,0.9281269747398553,0.8692684930034038,0.511260244737519,0.576175644453913,0.8257811835770296,0.8058499662916012,0.8416859998638049,0.9102197657282681,0.669249532561681,0.5635855803402608,0.7117003545249887,0.8825936825451484,0.8058499662916012,0.42132409080255173,0.4781849962843472,0.8479521653438946,0.8058499662916012,0.7847809103630383,0.7502730862504172,0.6724604045670735,0.6830395637294089,0.7491884190635525,0.9933101813416039,0.8058499662916012,0.9475679289079514,0.8058499662916013,0.6034464239364774,0.4410171841122177,0.4737674767382347,0.8058499662916012,0.805198360379737,0.8058499662916012,0.8223141697623995,0.922837264267736,0.925759678365205,0.44762258989351755,0.9685432309175783,0.5042711560364634,0.7934159251299584,0.8069272580501333,0.788619102479287,0.8773919487047175,0.6965722635019156,0.8119366988083401,0.9540089029986335,0.9108901249858721,0.8157784622712905,0.7171146126542065,0.8427277880860256,0.9913713384075755,0.6760890086635989,0.7874151753009924,0.8936434384023635,0.8473003449739174,0.8058499662916012,0.7624107666617019,0.8058499662916012,0.8734271333360968,0.8417144870220844,0.8572755626114628,0.9623678861544245,0.4553886812164948,0.8123127184484014,0.7450182816513373,0.6754335112162425,0.8736997839121017,0.8864775309093421,0.5105980878979901,0.8189630840562676,0.8082139202720356,0.8082139202720355,0.5482985478441265,0.8272354331469214,0.8656041668745096,0.7151111556743803,0.8559789162214919,0.7336596196060707,0.9637054280124249,0.8548766696141694,0.901915483179615,0.8593044484670548,0.8572755626114628,0.684920905068954,0.7905451975540847,0.5791824410891202,0.7847770412204684,0.42221184875437756,0.8000850163882292,0.9562964735356455,0.9762931300342749,0.7847770412204684,0.9946536265155926,0.5135612790862165,0.9055970488846664,0.6065325977704537,0.9981992433792047,0.8471182680454904,0.6011182013825915,0.3614045411527005,0.7216242962744108,0.7560495458914247,0.8471182680454904,0.38050479277391336,0.9425385593306326,0.6480883846214485,0.6332818726742109,0.40973935745641643,0.966298004530743,0.9766241092617447,0.9197926279183388,0.9212014106440257,0.9371619756502474,0.8596511358036816,0.40425731410442545,0.75792302092559,0.8167620273274685,0.7483276205739188,0.8680549584980377,0.584466281749273,0.6892338813462733,0.678239264082215,0.8875324545882843,0.7639841873821054,0.6922072755286617,0.9154939387098842,0.9735803407867051,0.7508074442309705,0.9907261604394149,0.8502673347039309,0.7131810474570082,0.7632436008814238,0.9988994716356004,0.8058499662916012,0.8258229735464779,0.8850096515845597,0.8918149439761511,0.7847770412204684,0.9709681300963305,0.8406150704637128,0.8058499662916012,0.698993052397695,0.8402819095372958,0.8935446993031984,0.5573674473658096,0.5932428293334304,0.9301566876911886,0.8258229735464786,0.5802957473351682,0.44869620115973174,0.8874693818493159,0.7815421982726285,0.6090500733419362,0.8189630840562676,0.8239222601835481,0.5272871278712983,0.7757866041934978,0.7652469525571917,0.9186263852882659,0.4831082337754995,0.9580794858181152,0.4569762540391973,0.8711318569200492,0.7995563084478075,0.9737956341496996,0.742423413106755,0.4232390534621011,0.403192751156187,0.4667763672488221,0.8058499662916012,0.561760155182661,0.779923691373587,0.9852381884521879,0.9547709979669962,0.8836456641177746,0.618234424362865,0.8058499662916012,0.8058499662916012,0.7330510092157585,0.7508074442309702,0.7637055354471962,0.8058499662916013,0.9550326616655347,0.9482782933250231,0.9584625472803221,0.4705445896710141,0.47818499628434674,0.8238363834215012,0.909105594664218,0.9230550304354544,0.4293761571209035,0.40842855857805405,0.8058499662916012,0.3879546393152753,0.9617755781056547,0.4395908014745782,0.3887913404308141,0.7279855722593385,0.9063572873350054,0.7560495458914246,0.38019183645886256,0.8058499662916012,0.38615115943934664,0.8227648867592129,0.8964723070668026,0.7981541756067172,0.9298058441100165,0.3976675566482253,0.9866756234407417,0.8058499662916012,0.8922117806847245,0.6112849938444207,0.8058499662916012,0.9902721706664046,0.5594265984045124,0.5116067009665951,0.47230945048453454,0.3303153745888565,0.8058499662916012,0.9143355228538323,0.6782891774499515,0.9055970488846664,0.9148198089213607,0.6841612428734847,0.7146236865988802,0.667056712431481,0.8024368178406057,0.7560495458914248,0.8394030698107127,0.5660215206094172,0.9456546334164269,0.4906371114490009,0.9806876694647891,0.3763039028513717,0.8000118450787022,0.7652933686087294,0.8886310796664365,0.8058499662916012,0.8529481410826936,0.826350952480357,0.5834286204132684,0.8191939787328957,0.7316969661009889,0.8203581350519382,0.7985786151607195,0.8939544673975599,0.7934159251299586,0.9355322793023029,0.8238363834215013,0.7981246493684109,0.4504237070997509,0.9615014373216907,0.8402819095372955,0.4390730382889565,0.8836456641177746,0.8760427798259898,0.8994121749609957,0.6950131714142365,0.7548649413023867,0.8836456641177746,0.596316327446512,0.793078462811944,0.9465883984671339,0.9441625847771988,0.7548649413023873,0.549219573723855,0.8493193247742896,0.8311020167561355,0.9929584851129627,0.9182822437652041,0.910877738026379,0.8124080928333628,0.8927761013223361,0.7133304308209105,0.822500691183586,0.7416875387297517,0.8003713002534195,0.9975400785495823,0.8371768969112028,0.8418271432058757,0.8229856241758233,0.862028584427289,0.8924967619895647,0.4728112540416406,0.9845870276952632,0.3160661769646218,0.7939004811633896,0.748984390038562,0.905834117242897,0.9707442876463777,0.9496385929755365,0.7122827473680027,0.8410687219701034,0.8616491089096177,0.9552047908760305,0.9370841677333466,0.7117003545249887,0.8729115082788345,0.7008301913069244,0.7923350182018283,0.9236630827321968,0.8887281516764465,0.8402819095372958,0.9807777980692294,0.5180947991191958,0.6604899360297387,0.7852568210654849,0.7575776963663712,0.5511225540905755,0.9401883957401398,0.8399464011131401,0.7087358932450165,0.8058499662916012,0.7748548864613388,0.8058499662916012,0.8058499662916012,0.3697544601555205,0.7537693866232713,0.9844245603384987,0.8058499662916012,0.3830836232610281,0.37978290743311516,0.9542792996141665,0.9622664294670571,0.4175726238747258,0.0,0.6323463954585367,0.8631477900199129,0.3880965457520489,0.9876826984132441,0.9321951693044881,0.8329186262686781,0.7230725533751405,0.566961822384128,0.48979405142935173,0.8992066591066005,0.9620410202672297,0.8473003449739176,0.8569508704520288,0.9309752480861737,0.834579070627413,0.7864057866094467,0.9172749170702528,0.8366734136601632,0.9219085424782568,0.7375635703669866,0.6057424813649095,0.6877366783915878,0.6409075767701968,0.7537693866232709,0.9658486661413712,0.8189630840562674,0.7886191024792872,0.8645811859821559,0.9245813099273206,0.46694501294554636,0.5119159975189178,0.8887281516764469,0.6956886027669846,0.787415175300993,0.9021135651230643,0.8184237474654804,0.9236524445610544,0.5495683378650411,0.6409165670522473,0.9186263852882658,0.39537140724150843,0.5440956356594473,0.712042254982596,0.4439384847333425,0.9951364972067693,0.818730475433308,0.8475155405193271,0.8058499662916012,0.7652933686087294,0.8305667106549905,0.86282129710497,0.58625322382861,0.7886191024792861,0.8742425548958968,0.7649624355222835,0.44859597832251785,0.8531697165055647,0.3150217290550201,0.8308063456911842,0.3415799925440942,0.9418308497152963,0.5732049926638525,0.8203581350519382,0.9097505890026991,0.7977249024701956,0.9913713384075755,0.9982847909550883,0.6648626137949556,0.7775401143759713,0.6075145168080648,0.5464780327638579,0.6586141552259768,0.4691750610987615,0.6409895079663916,0.7949015697835407,0.9550326616655347,0.9240542886990639,0.8416859998638047,0.4926672119044868,0.7959897744477717,0.6850825746621014,0.7995563084478075,0.4163281438507611,0.5182581539205939,0.956192168369973,0.7137152757177421,0.9100318062103332,0.9694274847017419,0.7570625630714944,0.7210152333614412,0.9429726461334043,0.939992228587915,0.8298161239732538,0.9860671578039337,0.7147859115339794,0.8549145578460347,0.7967459576737135,0.9686762654666128,0.8058499662916012,0.8814182140269338,0.5983208614438694,0.7324116150091053,0.8402561107504622,0.8058499662916013,0.7334067569827081,0.5620382864528959,0.7269255186496766,0.8428539722252646,0.5045802491994431,0.771545948802294,0.7235058239011996,0.8057126389569307,0.7736371333834318,0.984979344288115,0.4556768231640058,0.717320090652118,0.7748548864613388,0.7842726282263479,0.8770057699699192,0.9381869901995564,0.9913713384075755,0.99375795145168,0.9118116119982469,0.8293931359623298,0.956192168369973,0.6978684737359191,0.7186498951324445,0.8913069625116543,0.7066105393020066,0.40428142241460785,0.8402819095372955,0.8058499662916012,0.788619102479287,0.4937302008281024,0.5151702233777775,0.7995563084478075,0.8281985467386976,0.8399464011131401,0.7995563084478075,0.8272354331469214,0.7280956704445705,0.8058499662916012,0.7874151753009926,0.8534327383781172,0.8058499662916012,0.8654590025171124,0.9247221332558286,0.9084530093995205,0.7560495458914248,0.8656041668745096,0.8123127184484011,0.7995563084478075,0.5268518191284481,0.5387648660085527,0.7537693866232711,0.45709018403854085,0.8058499662916012,0.9036514210082186,0.9988994716356004,0.661074692725413,0.628042910179833,0.8078278419593388,0.989290340807143,0.9591791255254203,0.7826970416103491,0.99008264219572,0.9581480053936737,0.7668650526081316,0.8430031832339395,0.8495916828909233,0.838028304884629,0.590544794782736,0.8128954083199017,0.9552047908760306,0.9707524705621569,0.7864057866094467,0.7995446321737909,0.4353725720221775,0.8058499662916012,0.994750375861608,0.45292658978417377,0.8479521653438946,0.5765567355210837,0.7660694052957546,0.8374227825163816,0.5683965935173481,0.8203581350519382,0.5567005622792188,0.40914168629746683,0.8058499662916012,0.8058499662916012,0.8551517511251179,0.9196838788097257,0.8346411399054539,0.5312803284807768,0.44800258270829607,0.6093900220303259,0.38250570849197163,0.3454592114698176,0.9888729788505287,0.508835638729088,0.8058499662916012,0.9339098522246043,0.7652933686087294,0.8559789162214919,0.512256505415384,0.7847770412204684,0.62196032612164,0.8058499662916012,0.8058499662916012,0.46585871889698494,0.8523220488281857,0.374554452657045,0.6827834745310726,0.6146531462230358,0.56387237020075,0.9747218629219112,0.6131133862770036,0.44406734257884684,0.6686118489650792,0.8058499662916013,0.952990603402311,0.3652748656092357,0.7764613417359433,0.8402819095372958,0.8701326176312927,0.8416916227374447,0.836550699933718,0.9926717566326272,0.8123127184484009,0.34232606016455525,0.8058499662916012,0.33754917683090624,0.9504771053689265,0.6318577005537618,0.7299686419081653,0.4456416941526202,0.775786604193498,0.7219218086411565,0.7289454820873286,0.8656041668745094,0.9609352406090412,0.5010267236489225,0.8662120140192138,0.8308063456911843,0.9620640605219126,0.7820379557974444,0.4218104934308773,0.8572755626114623,0.7995563084478075,0.699215559270552,0.8982870507540048,0.8046224482286751,0.8756774769500457,0.8559789162214915,0.8973525452121978,0.9311104823849057,0.8935446993031984,0.8010621321193832,0.7525639207223882,0.6672160111770715,0.8058499662916012,0.9021933432389447,0.8269464080737011,0.836673413660163,0.646226320143843,0.7825492732451295,0.799556308447807,0.8982870507540053,0.6263744189751812,0.9885524069408245,0.6017127592042504,0.8367748293720336,0.6014540021244574,0.6457569429380776,0.8058499662916012,0.9124787751675798,0.9767639587317076,0.5394291513903258,0.8479521653438946,0.7655907544511402,0.7939004811633892,0.7696893820611488,0.8058499662916012,0.3150217290550201,0.39537140724150854,0.9982847909550883,0.30731616274729445,0.4007652358947851,0.3472175117466967,0.7967459576737135,0.35798817796601545,0.9586981076720031,0.9992161254199328,0.5975265024354004,0.8531697165055645,0.8046139248021718,0.8434948191248514,0.8994121749609957,0.9482782933250231,0.7206046662096253,0.791546068091445,0.38394468361365885,0.9857466749427708,0.4710646319324949,0.9767639587317076,0.7995563084478075,0.5393746191343975,0.6273054369319464,0.8345790706274128,0.5006894328026132,0.5323588839486366,0.8058499662916012,0.31400918964115343,0.4889447705350757,0.8193841109342328,0.8058499662916012,0.45280169026552164,0.987682698413244,0.7847770412204684,0.9387392204449956,0.7995563084478075,0.5763401113626963,0.7820379557974447,0.7456365189342835,0.974025264541478,0.9646221316100156,0.8762909457332801,0.4468626176923812,0.8058499662916012,0.9327816956394683,0.8058499662916012,0.8402819095372958,0.819029086270463,0.5579141082129451,0.8559789162214919,0.9455972047142995,0.7330867248806094,0.7048608482445344,0.8392524589836743,0.8058499662916012,0.8818056779826983,0.5543119088989839,0.6022700817021313,0.9580438477087989,0.8602605064187892,0.8281985467386977,0.9399922285879148,0.7286543605260241,0.9055432063410844,0.5905359372137164,0.3605345157451797,0.9055432063410844,0.6207006304398193,0.8281985467386979,0.42486135998597707,0.9055432063410844,0.8559789162214919,0.86985954634041,0.8710592812792086,0.7726674181658766,0.9236524445610546,0.7890277013276505,0.9074473199365554,0.7430187603839411,0.6006162348649267,0.9849816789004264,0.671595968668818,0.8194879042508123,0.8272354331469207,0.8126462580697251,0.7276273451067954,0.8591208070331157,0.6764087749264384,0.6697580061598614,0.7886701244834713,0.6677970564635558,0.8995921868852623,0.8416859998638053,0.7864057866094467,0.8071237246100658,0.9276992816406189,0.95375177928069,0.7946072170246531,0.7519246607312045,0.7652933686087295,0.7748548864613388,0.847320005679028,0.7388540905975747,0.8695202640293834,0.7799236913735872,0.7564571659220006,0.8242325133294535,0.9581480053936735,0.789027701327651,0.7383793872014472,0.7099080616858757,0.8387102643981907,0.7876964072812099,0.652714506927776,0.9794924782298509,0.9055970488846665,0.9077632885473169,0.814898522095763,0.7381271605259614,0.945008852737435,0.8063110583456287,0.9085594827345285,0.8649297052106166,0.9880890244844678,0.7393132857304606,0.9793604875521997,0.8682941951628268,0.7932523747777054,0.9133052499984852,0.9100318062103336,0.7764613417359432,0.5812270754605109,0.723080859227252,0.9988994716356003,0.8882910991417867,0.5464780327638579,0.9346375315098757,0.9281269747398555,0.8832775558062884,0.5884201633046031,0.842749634762479,0.8010621321193824,0.9381869901995566,0.5566501495808014,0.7973308992532122,0.8075404270671708,0.6062937101217805,0.8549441061059847,0.9004325626946126,0.8836456641177748,0.7585505034177367,0.9084530093995205,0.9827650994801151,0.7748548864613388
p191_T,0.9645000161842066,0.8021100346937827,0.8380041383447432,0.7113398399790833,0.9428307668638465,0.7626300475640045,0.9097564887001246,0.9488275113159155,0.8410364145658253,0.5864372529524398,0.9197173314687734,0.9006962362816695,0.9006962362816695,0.7113398399790833,0.6809691105890279,0.9901130883649605,0.9254399973981589,0.9793765449927722,0.9675591368764067,0.7819933519134993,0.9407101184880904,0.88625753276553,0.9003051101948656,0.6504288307600087,0.9257124459883884,0.8702630231263382,0.8175127633112371,0.841769728397971,0.7819933519134992,0.6053999455210177,0.857978233475194,0.9137092609592146,0.891771690307789,0.9699427324073248,0.9038142386822654,0.7990076958646928,0.9070160137452734,0.9971351329787355,0.6082696266282197,0.8066745118424044,0.9432185749403659,0.9743219512925927,0.9286491105644255,0.8599816030225977,0.781537018615597,0.9102984603906217,0.9103107362174552,0.9248036389822767,0.7770765763289149,0.7951076341784313,0.6985680971063961,0.9767294311759015,0.8702630231263382,0.9232502230992652,0.8975014243503171,0.8944128167827483,0.49346332121298486,0.903814238682265,0.8430403885492568,0.8976541691085207,0.8220985211691239,0.9418347554324189,0.919232372240417,0.943218574940366,0.6798539191568751,0.8401628384999129,0.8708892712994587,0.9854028644831292,0.9323813580813303,0.9390675962200331,0.7996714777542003,0.8677481975092116,0.9428307668638465,0.9142506914683826,0.903814238682265,0.784998489887514,0.9491937056321555,0.7779285982979472,0.6826434961138046,0.9801025842096873,0.7107388049127732,0.8757687778308082,0.9736502784936187,0.9604792822548722,0.903814238682265,0.7666299636170124,0.820438028124604,0.6638859123108194,0.8532603682474427,0.9006962362816697,0.903814238682265,0.5614448033268877,0.5524331951072434,0.7252207012825325,0.91701548746367,0.8342122086024173,0.5944570109279015,0.8079564670345301,0.9506482786880845,0.7081805556178293,0.755802119214813,0.8402174460344577,0.9011031204098299,0.712046201698515,0.9929137794212606,0.9208725034246268,0.8192803922098016,0.9023197283809745,0.8806719604852853,0.9193122823201636,0.6011828467947158,0.6991604149639393,0.8040009489019977,0.7118216652060523,0.9103107362174552,0.7906569093749625,0.9050999380213889,0.6589477955093513,0.9286491105644255,0.8611250859827142,0.8848720914219106,0.4506506503543505,0.7966353836375036,0.639249523533248,0.9304071958786946,0.6712016660459204,0.9070160137452734,0.9433748221244649,0.7960092235497725,0.9157349837086726,0.7590570601063897,0.9103107362174552,0.8278089777511932,0.8655369948545272,0.6376340398330338,0.8266029586437333,0.9478142504113019,0.9570498583959893,0.9137092609592146,0.8976541691085209,0.9344117798491022,0.9246724996449083,0.6675491339109119,0.8536312785890965,0.4380432895333326,0.8551267822420467,0.9698095151502317,0.8790138615289518,0.9861399395631696,0.794113049189112,0.9286604261342954,0.8220985211691234,0.6457687495562406,0.8155467712892586,0.8278089777511934,0.8677481975092116,0.6521385577657142,0.9127265069910235,0.9932934473528006,0.6784876456909275,0.7386508736403394,0.9103107362174552,0.7513496113012995,0.8955607368060887,0.8496721201701201,0.6447575274817183,0.9254246407379201,0.8982552933740047,0.9170154874636702,0.9940394767033784,0.8474072181717973,0.9006962362816695,0.865264061449212,0.907310308321202,0.83319853316897,0.8711821230159715,0.7523210624129117,0.9153752997001792,0.6733651861738149,0.9025980867269159,0.9206173094830339,0.8311598809812448,0.9527103274498214,0.9006962362816693,0.8263066325174422,0.7085404648301097,0.8240095457810825,0.9581530071685886,0.8889202553233961,0.8687575206363238,0.7702235757436391,0.8873949579831928,0.9730172437639926,0.9206762486412998,0.7537570166962778,0.903814238682265,0.5297319701705393,0.9345566419027254,0.9166613578529685,0.9346390804669371,0.9023488945942109,0.9006962362816693,0.903814238682265,0.847265072629682,0.8200136478755629,0.5864372529524393,0.903814238682265,0.9820189521905026,0.8395280973905592,0.8474791745646282,0.7847196600248967,0.8762401853538728,0.7201855885076329,0.903814238682265,0.9592728776227764,0.9038142386822652,0.8987171856284852,0.9600859837922555,0.9346390804669371,0.903814238682265,0.9066817068611182,0.903814238682265,0.9861647578494965,0.8717659040471615,0.6704311646877337,0.8640491264692567,0.7986388097431103,0.8345370556311476,0.8976541691085207,0.9413503191453481,0.7875282758041418,0.8244477603853776,0.6738904967355623,0.9174416475884568,0.8278089777511932,0.8769282987941893,0.9937530222544223,0.8387472004447059,0.9065221736113525,0.8395280973905592,0.839528097390559,0.6016582951373918,0.5542129209618852,0.9345566419027254,0.903814238682265,0.8617436143407862,0.903814238682265,0.7329011267232939,0.7794374710188767,0.9137092609592148,0.8915313000367351,0.8680139716373151,0.48949968330738314,0.8373021566360075,0.8806719604852848,0.6416917618801796,0.8787132883757073,0.7372025494796419,0.5075883557036758,0.6200529091860789,0.7765363031894592,0.955514360974737,0.9006962362816697,0.9484682480772155,0.7331583155714978,0.6082696266282197,0.7194427687371092,0.8594833999122522,0.8728105285248215,0.7744707814154941,0.5665679472107716,0.95678955450748,0.9842731281419623,0.9023197283809744,0.8139553263040931,0.9208725034246268,0.7107946410551607,0.9867076925356217,0.7513496113012995,0.9581530071685886,0.9208725034246268,0.7738718606799706,0.9378333229283313,0.9484682480772156,0.9413328773675946,0.6569128887019977,0.9649533549085013,0.872554013136071,0.8717562344512806,0.8976541691085209,0.9103107362174552,0.9649533549085013,0.8256766047207476,0.7056344289611322,0.7869550332649644,0.7436059747564525,0.782988547149891,0.9550278837557487,0.8923809627682533,0.6279874231387628,0.8066745118424044,0.8071260485378442,0.9570498583959893,0.9124403247539328,0.8354623227321034,0.9934680088001508,0.9842621249233409,0.841769728397971,0.9059921437170428,0.7843961228399325,0.8894017810966202,0.7746220610920118,0.9734668216852363,0.8643402523095243,0.5372478242631531,0.8308823766537645,0.8410364145658258,0.7819933519134993,0.9775561827738073,0.8048397664582477,0.905353552229733,0.9518893725088031,0.903814238682265,0.9137092609592143,0.7703137633219297,0.4982231629739279,0.9208725034246268,0.9619936422826707,0.9765198713238088,0.903814238682265,0.9129412260730061,0.9208725034246266,0.7111765739187418,0.8551267822420465,0.9209602669566457,0.5647208615070366,0.95678955450748,0.9470087943967169,0.8721700764148334,0.8934431804006671,0.891771690307789,0.7503740352303658,0.6739029008690669,0.872554013136071,0.897175590280365,0.8889202553233959,0.8795427878825164,0.968443942145051,0.874353663518983,0.5499340538563801,0.8474322423102605,0.8894642527025183,0.9386080538027393,0.826549767524512,0.7613374621769557,0.8717562344512806,0.7386012839073941,0.7948929149118042,0.903814238682265,0.7415463327687859,0.7147176772979476,0.6202499204521401,0.9742791088932731,0.9246724996449083,0.9761037202380896,0.903814238682265,0.903814238682265,0.7474786408154255,0.8808123249299722,0.6896243517588247,0.9038142386822652,0.7331043271732338,0.6670039513203438,0.6569128887019979,0.8053438099485692,0.9877846491517912,0.9791361767729916,0.7309362621674884,0.8204380281246041,0.9158089786161161,0.9562030369862478,0.903814238682265,0.774979317001381,0.5163893414516407,0.8783390062093039,0.8332545531743796,0.9934212208948412,0.6484037346789074,0.9103107362174552,0.8493282731397105,0.903814238682265,0.8115548742217028,0.9192323722404167,0.7332164371859551,0.9214829718443162,0.9070160137452734,0.9535310274378563,0.6867745390084224,0.903814238682265,0.8252968849462845,0.79914884607996,0.903814238682265,0.8963217723300909,0.9010164972003132,0.9324328190664133,0.7694409624568839,0.8786811488582447,0.903814238682265,0.7830336770148886,0.8931957679929718,0.9932373028972724,0.9527592053721485,0.9574566750227976,0.8242345650097707,0.8263815673352461,0.7344539252343032,0.9103107362174552,0.9190123973775641,0.8058253847798855,0.8369672819309514,0.8857004154119024,0.5518596701372459,0.8132400212760351,0.9096814050133908,0.9137092609592146,0.8290161131118837,0.903814238682265,0.9857542296718134,0.8668755466928248,0.9455200203776392,0.9533122281613602,0.9202538117870074,0.9345566419027251,0.9940976316834813,0.9874805874715857,0.9345566419027251,0.8451183916831206,0.9791361767729916,0.9737598735731273,0.8714167402576143,0.5794817927170852,0.9675591368764065,0.9248707233778988,0.9246724996449085,0.9575801908751347,0.9003051101948659,0.9888915895927737,0.9162839533116924,0.684215302432969,0.8398111356554739,0.841769728397971,0.988141902926835,0.9033840325613387,0.88337420099123,0.8157507865486255,0.7986388097431104,0.872554013136071,0.583512322409476,0.8068009963622857,0.9690831527279394,0.8769282987941893,0.9197173314687734,0.8859100247525029,0.7182175698686128,0.8371279879468692,0.8762401853538726,0.9614157420937993,0.8525923531241795,0.6739979242462499,0.7929802668947118,0.906497680742552,0.8780124908814333,0.7978037640534591,0.95331222816136,0.8103210518730215,0.8753928891101748,0.9318512436551014,0.8196540567735573,0.7154815371604144,0.9880247668313328,0.9753567891023746,0.9223668225742082,0.9893365027100924,0.9208725034246266,0.8801666549394356,0.9904098449900091,0.9172245874626139,0.9187906400160175,0.99739148678944,0.8175127633112377,0.9998698480557453,0.5655745286057912,0.6392495235332476,0.7597832479893651,0.9844340450191611,0.9765198713238088,0.938608053802739,0.6998781151107418,0.7955147226911066,0.8946812791236378,0.7563069580045061,0.903814238682265,0.9172245874626141,0.903814238682265,0.903814238682265,0.7253159531857727,0.8369672819309517,0.6024351386752482,0.903814238682265,0.842786495399044,0.9045086543088428,0.9411372791480433,0.6025466619009053,0.8155467712892586,0.6323463954585367,0.0,0.9312886605944916,0.6968509431824823,0.7570168341223875,0.9025980867269157,0.9619936422826707,0.8440278889899995,0.9143860743225954,0.8009886715028138,0.7509766886424826,0.8917716903077886,0.6595161573610273,0.6706949732221754,0.7246229739769323,0.7564663847252737,0.9518893725088029,0.5769434939284945,0.8204380281246041,0.9951045446708899,0.8780124908814333,0.8215982973603877,0.9382927175073073,0.8220985211691239,0.8780124908814331,0.9548279537744677,0.9518893725088031,0.9162839533116929,0.9320548388021017,0.9630094072277011,0.8402163831804723,0.8777443390364964,0.95678955450748,0.9377967241972249,0.7815370186155974,0.766293384961725,0.679214535400113,0.8339210410708425,0.8281272992956874,0.8886980919486958,0.9684439421450509,0.8261173815817662,0.7810223325642158,0.9542850744905718,0.7809472719384511,0.6887990188427526,0.8192803922098018,0.8789113153998502,0.903814238682265,0.9137092609592146,0.9187906400160177,0.9038142386822656,0.9254246407379201,0.9821034579526184,0.9345566419027254,0.9980323259914067,0.8837748826847065,0.9003051101948657,0.8836881796856741,0.9246724996449087,0.8532563687397563,0.8451183916831205,0.7471445866541335,0.9345566419027251,0.827259129236352,0.8697653094967264,0.7794374710188767,0.6580352364041682,0.963277256579719,0.8335333421557682,0.831944232030167,0.9757091445798877,0.9513056403643732,0.9418347554324187,0.7754811697235028,0.857978233475194,0.7331043271732343,0.6675583212866202,0.9070160137452734,0.8893414624280604,0.9537292699251072,0.7971434160526358,0.9006962362816697,0.8142647009529991,0.839200303063895,0.8655369948545275,0.9919294131450036,0.9103107362174552,0.7147176772979476,0.952841173953905,0.9033840325613389,0.9581530071685885,0.7230448973651735,0.8934431804006671,0.9636533573576247,0.9197173314687737,0.9097446761129819,0.95678955450748,0.7626300475640044,0.903814238682265,0.7074373083129852,0.8746180290403005,0.6515515564161098,0.8061533504779992,0.9038142386822652,0.8404557924728842,0.7455642704864849,0.8220985211691236,0.8201937425332543,0.817857142857142,0.775927324158448,0.774979317001381,0.6009817372651884,0.9648561412119022,0.8715749228447776,0.7171847386549137,0.951119009186666,0.9172245874626141,0.79331017721801,0.4643145658794481,0.9233747186171538,0.5508168120645385,0.8655369948545262,0.8628087882864628,0.9547359397146619,0.8655369948545264,0.8889202553233964,0.9235615721162846,0.5889708949571815,0.968045457424721,0.7809819176584165,0.9208725034246266,0.9401196485914107,0.7875282758041415,0.5781942735788954,0.6254873296405836,0.9386080538027393,0.9998698480557453,0.9306570238192786,0.9386080538027393,0.9006962362816697,0.898804555545505,0.903814238682265,0.6736097845286735,0.8668117312471921,0.903814238682265,0.8446639861984311,0.6739979242462502,0.9857542296718134,0.9103107362174552,0.9172245874626139,0.9070160137452734,0.9006962362816697,0.5956001341132604,0.7497784653778186,0.8780124908814333,0.8587903863021051,0.903814238682265,0.6529207055789356,0.7570601734517624,0.8753928891101748,0.6427089517672577,0.8379706158235062,0.7990076958646923,0.6906611176231651,0.7966353836375039,0.8302420618976184,0.9452104916607273,0.9428307668638463,0.931851243655102,0.7996714777542003,0.9744310188609528,0.8185969410638652,0.9197173314687734,0.9390675962200332,0.5994889632479783,0.9518893725088029,0.8192803922098013,0.7721759464540283,0.903814238682265,0.862086592228249,0.797364307052649,0.6353262776927048,0.81312274335706,0.9666327685149194,0.9123081850682936,0.6675491339109119,0.9345566419027251,0.6211065976990015,0.8769535013684457,0.903814238682265,0.903814238682265,0.8624436067543462,0.7965797017432688,0.7243209355297691,0.792271367646785,0.9581679637728007,0.8206476554294437,0.9804540883698296,0.9242336204244583,0.668586910927421,0.8671696814117706,0.903814238682265,0.9927472117671714,0.9137092609592146,0.6082696266282197,0.796579701743269,0.9208725034246268,0.6802492126081057,0.903814238682265,0.903814238682265,0.8564493138562492,0.9401196485914108,0.9388348351427918,0.8833742009912298,0.7898054624490232,0.9218915803605505,0.9202538117870076,0.89940993957737,0.9320677972867764,0.683088781113601,0.9038142386822652,0.6270236983826509,0.894171389674618,0.9472483006084296,0.9390675962200333,0.8891329643493708,0.9420650699782996,0.7298011218699672,0.5849369615002848,0.9070160137452734,0.8076885934511449,0.903814238682265,0.6891260577822635,0.5070685320216867,0.9432185749403661,0.7522657762613482,0.8972476655763157,0.9737598735731273,0.8199728879933696,0.6902100247500728,0.9619936422826709,0.7703456949810319,0.9272695809378346,0.9666327685149194,0.9735615243851738,0.9834745963645104,0.9003351095025163,0.6798593832011806,0.5693272164615981,0.9386080538027393,0.7650180104070294,0.8944128167827481,0.9665395745874148,0.9878195061463844,0.8655369948545273,0.7794374710188761,0.9286491105644257,0.9801025842096873,0.7703137633219298,0.8751550551919565,0.8032844254553135,0.9428307668638465,0.9286604261342954,0.9849867897269187,0.8833742009912295,0.7410928151172724,0.8917716903077892,0.9006962362816693,0.9306946512160322,0.799184582664211,0.7308934044863213,0.7520961907674979,0.9478524616281294,0.6654088771168678,0.6569131776520436,0.903814238682265,0.5614448033268875,0.9428307668638465,0.702573946982203,0.5864372529524398,0.9951045446708902,0.8753928891101748,0.7933001039404928,0.903814238682265,0.7146095124742469,0.8261173815817663,0.8446639861984311,0.8861914999708944,0.9142506914683826,0.8841978903400062,0.9137092609592146,0.7320960638070384,0.7967461555852018,0.9031145069383848,0.8174862680805626,0.8686361960629083,0.7437054322242208,0.9801025842096873,0.8686361960629083,0.6670039513203436,0.8297304774174432,0.9250662538963621,0.7655385500407186,0.9082922466984114,0.7809731331926456,0.9038142386822652,0.9386080538027393,0.7365633080957206,0.7942241036003049,0.9573716418921081,0.8616017705714318,0.8505851897195078,0.903814238682265,0.8845836241563823,0.9945830251997402,0.8474072181717971,0.903814238682265,0.9627288917956203,0.8975014243503168,0.9208725034246268,0.8780124908814333,0.9006962362816697,0.9672429835118388,0.99055136863105,0.9383287406132206,0.7849508745483493,0.8859203039436847,0.9319740243268226,0.8092943489517554,0.903814238682265,0.9776988352875526,0.903814238682265,0.6122611620575713,0.7203947065623171,0.8427849741418472,0.6082696266282197,0.8886980919486958,0.9862821475590029,0.9368140136290457,0.8474072181717968,0.903814238682265,0.9618897069346933,0.9532256583533594,0.9534406248067104,0.695113106087865,0.8395280973905592,0.9998698480557455,0.857978233475194,0.8687575206363232,0.8674433656039868,0.883476465601434,0.833774753892573,0.8674433656039868,0.8532445498042331,0.9998698480557453,0.8037010012713979,0.8674433656039868,0.6082696266282197,0.7688719403595279,0.9070160137452734,0.7199125539339417,0.8339210410708424,0.8136290172487892,0.5647208615070365,0.838004138344743,0.8903326882693017,0.9096814050133908,0.862443606754346,0.8658703828693833,0.9386080538027393,0.7217087711632157,0.8306814442647683,0.7929802668947121,0.9581530071685886,0.9820189521905027,0.9314896104356392,0.9818196801840412,0.836272447355894,0.610196543896852,0.9518893725088031,0.927750167236707,0.8098159871113995,0.862808788286463,0.9074111177113571,0.9248036389822769,0.9137092609592146,0.9172245874626141,0.92485524114133,0.8603806964337208,0.813961600805492,0.9483229657337405,0.9464992275836439,0.9680844638203282,0.8934431804006673,0.8831642141197731,0.9038142386822652,0.9019961290987237,0.7712320121821378,0.8413325361856501,0.8115643510074522,0.987023235738091,0.9036991932571588,0.8386900203601547,0.9180824181938431,0.8702630231263382,0.7815370186155963,0.9130801394464841,0.9657002157235463,0.9509555991736868,0.8974020363988906,0.95331222816136,0.8660566057052224,0.9765198713238088,0.6677245782700703,0.9753567891023746,0.6739029008690668,0.9070160137452734,0.9932674388112273,0.8628087882864626,0.8402174460344582,0.8801032827121638,0.9757091445798877,0.9635940256248285,0.6964186301552313,0.9547359397146619,0.8570600088353872,0.9068735694631852,0.7703137633219297,0.881796082325806,0.9193968278489297,0.9379783610955623,0.9172245874626141,0.8187266784398355,0.9339575365978556,0.6504288307600087,0.6353262776927044,0.9694006342434534,0.6589477955093513,0.9480761215690408,0.9172245874626141
p192_I,0.6925436175863257,0.8876356948162312,0.7927381955186625,0.8785462170031446,0.9027019168030599,0.9278239868212361,0.7619249897607072,0.839929563962676,0.8157507865486253,0.6396684921237519,0.8848055194072817,0.8995478568587885,0.8995478568587885,0.8515474244094852,0.8529764551059038,0.6852455671038846,0.9291552782955315,0.8687627046182593,0.9199574485923752,0.9238013891436974,0.7845489569349902,0.8820255041972338,0.9394399552106525,0.6949102782080141,0.8792920141466947,0.8687627046182591,0.8934633408766897,0.8908821080541924,0.9238013891436971,0.8160452017538495,0.8563358498618108,0.9554518077232719,0.8905201046762894,0.8445260765476388,0.9027019168030601,0.9662757781656683,0.9059407181827084,0.8905201046762892,0.6127479292908633,0.8955832386010321,0.8072801833126309,0.7646725590900663,0.9278239868212361,0.882572319399691,0.8934633408766899,0.9045220297573429,0.9092735418441042,0.831854414937538,0.8662187967802519,0.9731922541970477,0.7026246759034636,0.7478357383272627,0.8687627046182591,0.5333588607981782,0.890520104676289,0.8926247385590762,0.8760248201914795,0.47795836130872293,0.7674831243333122,0.8964706102804101,0.8667965967839737,0.970676373671875,0.7135493648879343,0.9919812383965744,0.9162673470024436,0.9377077386863513,0.9554518077232719,0.5075021001005021,0.575662222347519,0.9199574485923749,0.8491866411150792,0.8662187967802519,0.9414106494210734,0.9024698744131312,0.47795836130872293,0.9684754976202001,0.8820255041972334,0.8848055194072817,0.9522167421840106,0.9278239868212363,0.8152256364618543,0.904811304535005,0.6917298433783354,0.86876270461826,0.47795836130872293,0.8422241792803136,0.8820255041972336,0.9380712437133425,0.9876294343937336,0.49864835346264225,0.47795836130872293,0.7927381955186616,0.8495661380172144,0.9861131747161865,0.6636358395672752,0.4491314401365012,0.7886345850844552,0.7845489569349902,0.8252371730509978,0.856807823249468,0.8637059334028958,0.9092735418441047,0.9027019168030599,0.8938147839228983,0.7092585662107362,0.9199574485923749,0.8222019591825749,0.8789259512190086,0.8792920141466949,0.8794805201493192,0.781950580911569,0.8556695017783711,0.6639976708496285,0.8505579307181199,0.9092735418441042,0.8175607140000727,0.9557539823910066,0.6168592556746897,0.9278239868212357,0.7465238189296226,0.882572319399691,0.9654204696009592,0.8792920141466949,0.7834154100189422,0.9284324089745186,0.7314261418495365,0.9059407181827086,0.48484342730822716,0.8747757220117481,0.9355105445791142,0.7562707214632041,0.9092735418441047,0.9127113681766139,0.9788715516976696,0.8934633408766894,0.8816224494175551,0.5740680199644604,0.9127113681766139,0.9554518077232717,0.5177477145540503,0.9612818577716805,0.9238013891436969,0.6637045693200023,0.792884755515969,0.9923411925250785,0.8287530636873144,0.7947975198038117,0.8564850009119904,0.7814079013703841,0.8802684434944807,0.9238013891436971,0.8200412134706068,0.8917167917055983,0.7723771082592106,0.9127113681766141,0.866218796780253,0.99416721759227,0.8354206684781547,0.9619078786250497,0.8907361337480943,0.5293530384974408,0.9092735418441047,0.9048113045350052,0.7592258368747491,0.8910499671954715,0.8399399046211002,0.9758994362393922,0.8295844697893862,0.9149541032668209,0.8870521190855054,0.8515474244094852,0.8995478568587885,0.8637059334028967,0.8431955867160377,0.7200150757054353,0.7663260934043867,0.9199574485923747,0.55540498574032,0.8731946797793118,0.8868863399758472,0.7288591181593223,0.8074887321250055,0.8637059334028956,0.8995478568587885,0.7896184628530598,0.9018734154650527,0.7465238189296226,0.6225179648315802,0.5674180045855661,0.8999487113882564,0.7740271974389739,0.953729269925107,0.6593672921645075,0.9699288236915999,0.7357826450524095,0.47795836130872293,0.6949102782080139,0.896470610280411,0.6288849763679925,0.6849919772018707,0.8140172455445063,0.8995478568587885,0.47795836130872293,0.7482376773236084,0.8802684434944803,0.5911651455979134,0.47795836130872293,0.7287392538064297,0.837672350699731,0.8238373352162474,0.9435549060266384,0.8178909988156795,0.8995478568587885,0.47795836130872293,0.32454272314569566,0.47795836130872393,0.9094575111864158,0.7088111395715757,0.7024280400022354,0.47795836130872293,0.7823646060405753,0.47795836130872293,0.8479730661848237,0.8222019591825751,0.8399399046211002,0.7623006060359176,0.9092735418441047,0.9934778446978247,0.4811363598562036,0.8766017896141824,0.4649718518108664,0.8434189051272902,0.9813266676585791,0.8445260765476381,0.9127113681766137,0.36746121704743695,0.8286368927914729,0.9125999448580097,0.8250820509912675,0.837672350699731,0.8376723506997308,0.7496172849348923,0.7804789596211701,0.8964706102804105,0.47795836130872293,0.93541494347946,0.47795836130872293,0.6578355450028877,0.9103086440545415,0.9127113681766141,0.861222266702258,0.9934778446978249,0.6949102782080139,0.9351931203714343,0.8792920141466947,0.7947975198038117,0.8848055194072821,0.7341634785193585,0.6782201717602718,0.7542621380938765,0.7542621380938768,0.8368678581716991,0.46103561660773174,0.994900896131559,0.775731685290824,0.6127479292908633,0.6807832921002552,0.7287392538064301,0.6433433021723272,0.7522539021428012,0.7798518999558515,0.9127113681766141,0.8891550734176783,0.9540927565038739,0.993477844697825,0.9199574485923749,0.9653649722987458,0.8354206684781547,0.8739518939582049,0.8114983712766499,0.9199574485923749,0.8063549160272705,0.9163001631015221,0.9162673470024438,0.8273272241564977,0.8515474244094849,0.9092735418441047,0.9210828212435624,0.9326776838239056,0.8964706102804103,0.9092735418441045,0.9505241704836671,0.7812149942581863,0.9199574485923749,0.9817258486205502,0.9861131747161864,0.7804789596211703,0.8191174508918937,0.9199574485923752,0.9027019168030601,0.8662187967802519,0.896470610280411,0.9554518077232719,0.9434365382697985,0.9733732023302153,0.9092735418441047,0.8662187967802528,0.9308201799299844,0.9340536553028547,0.6694292121028168,0.9828341295170471,0.9895568531759698,0.902053086963867,0.879106452789012,0.8338422514590497,0.9723047356695362,0.8157507865486258,0.9306885712787861,0.8445260765476381,0.9103086440545415,0.8265572878591669,0.8844733149580837,0.47795836130872293,0.9127113681766135,0.7757099531293095,0.8687627046182607,0.9199574485923749,0.9606832254354425,0.8995478568587885,0.47795836130872293,0.8792920141466947,0.9199574485923749,0.9788715516976694,0.8287530636873146,0.9009207691988453,0.8739518939582049,0.9127113681766141,0.8676751253577982,0.6722953469228676,0.8792920141466947,0.8905201046762896,0.6954211266162036,0.6782201717602718,0.8445260765476388,0.6394614409405053,0.887635694816231,0.9983168036174388,0.9278239868212361,0.999648575948817,0.8445260765476377,0.9934778446978249,0.8934633408766901,0.46103561660773174,0.8491866411150788,0.9654204696009592,0.9326776838239056,0.9354580722239927,0.6528051955403154,0.47795836130872293,0.7382009096813968,0.9002620304917955,0.846846556117637,0.8422241792803138,0.9238013891436974,0.8336693272015964,0.47795836130872293,0.47795836130872293,0.8695012268327251,0.6553316938415286,0.7301312695908244,0.47795836130872393,0.9723047356695362,0.9027019168030599,0.8784646496539201,0.8030927455898644,0.8636236954040444,0.9027019168030599,0.8539300757509798,0.8820255041972336,0.6786703713622684,0.9186365146697736,0.47795836130872293,0.7723771082592106,0.8399399046211002,0.9794817945104304,0.841393908577569,0.8539300757509798,0.9241362979945554,0.9092735418441047,0.956743170355898,0.47795836130872293,0.6284540128033314,0.8687627046182604,0.7670735978643723,0.6916965633282963,0.9743145807345088,0.6765515156534141,0.8905201046762892,0.47795836130872293,0.9150859699484079,0.9212967606275126,0.47795836130872293,0.9086236786089272,0.7570882957036509,0.9448142398449226,0.6461715128584515,0.9434365382697985,0.47795836130872293,0.8746103693563256,0.9831964801830023,0.9606832254354425,0.9947560146512322,0.9171194116296544,0.8477034409985347,0.8243737901066763,0.8010095457376831,0.9092735418441042,0.9380492094416577,0.7825121459579751,0.8766017896141824,0.881178730308888,0.7972328095415784,0.7522539021428012,0.557854720017583,0.9127113681766139,0.8687627046182607,0.47795836130872293,0.987405892261038,0.8794164109436622,0.9964783158934909,0.8848055194072817,0.8823144159937877,0.5177477145540507,0.7007986319723738,0.9857705189045634,0.5177477145540507,0.9514652625474735,0.9027019168030599,0.8876356948162312,0.768341164780669,0.8157507865486255,0.9662757781656686,0.8841260485131921,0.9238013891436974,0.921694838603619,0.9080208724124175,0.8196232327998003,0.9146756363968285,0.9238013891436971,0.9843398604326985,0.8399399046211002,0.8242389040161346,0.6433433021723272,0.882025504197234,0.8136200716845878,0.9092735418441045,0.895039365442585,0.746634087152271,0.803792665379814,0.9048113045350052,0.8072801833126311,0.9181353909773777,0.8563358498618108,0.8494352724378438,0.9374922150611167,0.8178909988156795,0.9291552782955315,0.965303913764306,0.8329816695588792,0.9054634422475796,0.7865945896969908,0.6206928856140537,0.6675796500643076,0.9152152511721428,0.8967590384461329,0.8174540002737909,0.8376723506997308,0.9453611891916789,0.9092735418441047,0.9226406470081113,0.9666794777011314,0.9452296953714696,0.8295844697893864,0.9199574485923754,0.820546418567673,0.9842496457512628,0.9162673470024438,0.854406874780346,0.9291552782955312,0.8934633408766901,0.9127113681766141,0.6631775852479836,0.856335849861811,0.6830150144410865,0.8331840572920644,0.8995478568587887,0.8995478568587885,0.8767966811987724,0.6354997696863918,0.5354656604218413,0.7735734468049228,0.47795836130872293,0.916267347002444,0.47795836130872293,0.47795836130872293,0.9418089181282812,0.3379211404299429,0.8445260765476377,0.47795836130872293,0.7757057564552094,0.8642670118853115,0.7338953403825346,0.9918923246130545,0.7925008201091575,0.8631477900199129,0.9312886605944916,0.0,0.693345233772491,0.7958831566993514,0.9075489346049832,0.7284056255335691,0.842224179280314,0.661349628540914,0.9649005424875218,0.856335849861811,0.890520104676289,0.7740271974389741,0.9530979842981007,0.9162673470024438,0.8010095457376829,0.9092735418441042,0.8093852229086018,0.8241233060064097,0.9016719843861536,0.8766017896141824,0.9853181939864083,0.8539300757509798,0.8200412134706072,0.8766017896141824,0.705235341633895,0.9092735418441049,0.5955723806092477,0.9059407181827082,0.8354206684781547,0.7444445598003702,0.693345233772491,0.7453651154501214,0.89126834058766,0.4997737230030008,0.8430497140242452,0.7886345850844552,0.8995478568587885,0.846640209824906,0.8587660956447005,0.9278239868212361,0.6280947355174205,0.723573257127516,0.4334849738075538,0.7910807265600486,0.8820255041972338,0.5647652125823437,0.7946243785096669,0.47795836130872293,0.9127113681766139,0.8399399046211005,0.9027019168030599,0.7527585521901305,0.8820255041972334,0.8964706102804108,0.9430481070778811,0.8322646757808343,0.8766017896141824,0.9212967606275129,0.9238013891436976,0.7546037556968201,0.9514652625474735,0.9528706803470168,0.5177477145540507,0.890520104676289,0.5552793447974558,0.8376723506997308,0.8739518939582049,0.6629190756828709,0.9505749633489242,0.9237645657694813,0.7749607255123436,0.8445260765476377,0.8563090039643242,0.7341634785193587,0.7279925269236736,0.9238013891436974,0.8792920141466947,0.9059407181827082,0.8842772105743222,0.8364350703060379,0.7555295798671517,0.49864835346264225,0.7762543007453089,0.6954211266162034,0.9788715516976696,0.7334839751777618,0.9092735418441047,0.8422241792803136,0.8399399046211,0.871339670156718,0.780993390721276,0.856335849861811,0.9433214104887526,0.7962180258739615,0.9181353909773773,0.9371605937136991,0.9554518077232717,0.9278239868212361,0.47795836130872293,0.895039365442585,0.742211058470776,0.9326776838239056,0.8468465561176368,0.47795836130872393,0.7764223759981213,0.6808297674054002,0.8059157200224596,0.7164718940919634,0.8157507865486253,0.7927381955186616,0.9056435021416391,0.7728052121058391,0.861222266702258,0.820041213470607,0.997603241379254,0.7906839898526734,0.916267347002444,0.813620071684588,0.8760248201914795,0.9092735418441047,0.837672350699731,0.9278239868212357,0.7968266435591362,0.8964706102804108,0.9278239868212361,0.887635694816231,0.8637059334028958,0.9027019168030599,0.8431955867160379,0.7784491248459173,0.9199574485923752,0.9027019168030599,0.82412330600641,0.7459723628266632,0.889099187734703,0.46103561660773174,0.9127113681766141,0.49977372300299905,0.46103561660773174,0.49864835346264225,0.7127351748357427,0.47795836130872293,0.7853092223537342,0.5647652125823466,0.47795836130872293,0.8739518939582047,0.8709345724976788,0.9199574485923747,0.9092735418441042,0.9162673470024438,0.9059407181827082,0.49864835346264225,0.7762543007453087,0.9773056217079845,0.8766017896141824,0.8639512200182514,0.47795836130872293,0.8222019591825749,0.9092735418441045,0.8739518939582047,0.9620298033645398,0.8243737901066759,0.9199574485923749,0.9059407181827082,0.8325757023140449,0.8628742512243037,0.8645904004850736,0.9027019168030599,0.532280136185949,0.8758528920717612,0.8942611762094799,0.9895568531759693,0.8848055194072821,0.9199574485923752,0.8662187967802519,0.9092735418441042,0.8222019591825749,0.732824066405886,0.47795836130872293,0.9027019168030599,0.774398454465244,0.6396684921237523,0.7066876776711031,0.8934633408766901,0.8848055194072817,0.9377077386863513,0.5177477145540507,0.7175183309645632,0.963794054260097,0.47795836130872293,0.47795836130872293,0.7405464109754039,0.8563090039643242,0.813620071684588,0.7792002705547376,0.8816224494175549,0.7308427312244525,0.6933452337724908,0.9320552009096104,0.8713396701567189,0.9190523044503887,0.47795836130872293,0.965922856802036,0.9127113681766139,0.6127479292908633,0.6765515156534141,0.9199574485923749,0.9187719869627349,0.47795836130872293,0.47795836130872293,0.9986957118204525,0.9414106494210734,0.9856449664069737,0.8820255041972338,0.7444445598003702,0.8072801833126302,0.8823144159937876,0.9696769519198195,0.9168849114504144,0.7319443369842831,0.47795836130872393,0.8376723506997308,0.9079830106797359,0.9458556185436362,0.9199574485923747,0.8042359614593027,0.8795047946795957,0.5656621508479545,0.8422241792803133,0.9059407181827084,0.7486024337275987,0.47795836130872293,0.8741814665127354,0.9260134095145849,0.9919812383965743,0.7562707214632038,0.911961999411439,0.921694838603619,0.9338103822618529,0.7200150757054353,0.9606832254354425,0.7482376773236084,0.9041105640136791,0.8934633408766897,0.9238013891436976,0.9055450095968043,0.624044808353545,0.9120089362373702,0.7026246759034633,0.49864835346264225,0.7819505809115699,0.6735931840982164,0.8376723506997308,0.8758528920717616,0.9788715516976694,0.9103086440545414,0.9278239868212361,0.9278239868212361,0.813620071684588,0.7315834652955697,0.8010095457376838,0.9027019168030599,0.9238013891436974,0.8820255041972336,0.8820255041972334,0.8346744397638004,0.8905201046762896,0.8995478568587885,0.9215435437152564,0.8583244696882328,0.7348251785689417,0.8622469648279705,0.745753756355063,0.9351180845222888,0.9628427903889716,0.47795836130872293,0.7927381955186616,0.9414106494210734,0.8867050832394225,0.6396684921237519,0.8713396701567193,0.8739518939582045,0.7240685166893055,0.47795836130872293,0.8206498621125353,0.6280947355174202,0.5705787156593862,0.9521676671567004,0.8852892083305057,0.9190523044503887,0.9554518077232719,0.9496065785046526,0.9938177028533237,0.7288317588756317,0.9058456151342525,0.8766017896141824,0.9828808618920866,0.9278239868212361,0.9080208724124175,0.9027019168030601,0.751929231759899,0.9836765640633729,0.6912645324713007,0.29659498207885204,0.6709195885119488,0.9027019168030599,0.46103561660773174,0.7858216097656456,0.7341634785193589,0.8277307440056654,0.8798506059962871,0.8738330413694132,0.47795836130872293,0.8394505007480109,0.7569145896245686,0.8515474244094852,0.47795836130872293,0.8670206375836009,0.9253641867456626,0.9199574485923749,0.6206928856140534,0.49864835346264225,0.8484476504274867,0.8687627046182604,0.889056978790511,0.950462348871437,0.8243737901066759,0.8766017896141824,0.641706921337786,0.47795836130872293,0.861222266702258,0.47795836130872293,0.6168592556746901,0.6981502760441762,0.7784491248459173,0.6127479292908633,0.7198238471893956,0.6546492041410046,0.8410748755049142,0.8515474244094852,0.47795836130872293,0.7146471404095502,0.8447146306973559,0.8761856285237299,0.856335849861811,0.7590972409071076,0.9127113681766141,0.7002810853760392,0.5717870942405714,0.49781145074870226,0.8162105150575756,0.6069879084191003,0.49781145074870226,0.8515474244094852,0.9127113681766144,0.7804789596211703,0.49781145074870226,0.6127479292908633,0.8687627046182607,0.9059407181827082,0.8010280162855912,0.8995478568587885,0.517093491382624,0.8739518939582047,0.7927381955186625,0.837672350699731,0.9080208724124175,0.8354206684781547,0.8107723431911642,0.9371605937136991,0.7914731738068154,0.8880454361291508,0.8515474244094854,0.8114983712766495,0.7808402056381931,0.7288591181593218,0.8243737901066763,0.8662187967802519,0.7348251785689417,0.9092735418441042,0.8114983712766495,0.7968622910970984,0.8612222667022582,0.8612222667022578,0.8093852229086009,0.9127113681766139,0.916267347002444,0.6963787861969065,0.8587660956447005,0.914606706017107,0.8422241792803138,0.8942611762094798,0.5567073700597163,0.8792920141466947,0.8539300757509798,0.9027019168030599,0.7045600365871947,0.7663260934043872,0.8578781883458775,0.8093852229086014,0.7846662789162591,0.9162673470024436,0.8966129881495934,0.6875000974458194,0.8687627046182591,0.8934633408766897,0.8587660956447005,0.9919812383965743,0.531219439597411,0.5732419384316247,0.8848055194072817,0.8013670436120892,0.8995478568587885,0.7559687087474017,0.8113728327446396,0.9092735418441047,0.9059407181827084,0.9891380922493362,0.8612222667022584,0.9092735418441045,0.9069400111591198,0.8498606750904375,0.8538666569762733,0.8964706102804105,0.8964706102804103,0.9399863503228749,0.8739518939582049,0.8364350703060379,0.9092735418441042,0.8963717468217864,0.8739518939582047,0.916267347002444,0.7947975198038126,0.9016719843861538,0.9059407181827082,0.6396684921237519,0.7804789596211701,0.6631775852479849,0.6331856074776538,0.916267347002444
p192_T,0.88818915796448,0.8151246754418038,0.6589878493055457,0.7973682020193062,0.7125472808372365,0.8812473067855706,0.8950434346430145,0.88466470292276,0.41688922810705686,0.8746288432976692,0.810468129073004,0.7014171310265382,0.6724259519035644,0.7557478947704017,0.9830213016586339,0.8605609590627572,0.9347556769440266,0.7840725527723564,0.9888905370951696,0.9120142963323286,0.8056762111464635,0.8562263088127955,0.9180565065029513,0.876007953269136,0.8013966443800902,0.5720356901794401,0.8247130225158625,0.5762078448735777,0.9120142963323283,0.7269781748653723,0.6383090142792225,0.7812391399403221,0.8735847606764733,0.6937381230307136,0.7423832325596806,0.8683043280893408,0.876007953269136,0.8198704548791864,0.8812473067855704,0.7798870083823577,0.6829140837866345,0.9545122596156406,0.9613667414467572,0.665385269466535,0.8797343497299446,0.5329972971687891,0.8507258744656068,0.48231889743742573,0.7798870083823577,0.5045364000590178,0.8563822015167815,0.525940893429492,0.595031824359733,0.9201332252981109,0.857843710337088,0.7980426047213927,0.7757525420881082,0.8399134433261015,0.6080940370978558,0.8296609453116082,0.4491932534172449,0.6786957643418952,0.8760570894935278,0.8032561096451711,0.8622329273186462,0.4973318093331156,0.8563822015167815,0.8899094270720973,0.9958231385835382,0.8683043280893408,0.7518636489945645,0.7798870083823577,0.9213989428943463,0.354396693487518,0.8399134433261015,0.6421627176199252,0.8058941123210295,0.8361581574418966,0.3839166205679706,0.8812473067855706,0.8875382141796819,0.8639679664180095,0.7676249244490583,0.945045492034406,0.8399134433261015,0.740408165962642,0.9065585053045615,0.6718419361841923,0.9189525367382566,0.83472400300589,0.8399134433261015,0.6589878493055459,0.5745085852306897,0.6278340612976955,0.9625138180487922,0.9634787336174778,0.6522360938468745,0.6455139250146911,0.18987408620184965,0.23469552677662164,0.7980426047213924,0.8507258744656063,0.8399134433261006,0.8364804214571726,0.6368484761548752,0.8683043280893405,0.707465191475404,0.24876140857308404,0.6063717276001789,0.4097169240470957,0.6089082512945174,0.858451192965441,0.28691301319939655,0.7146311041851883,0.8507258744656068,0.32526047335290953,0.867628950369957,0.9040056117932131,0.8812473067855702,0.2410959465688033,0.817655385715481,0.6388174739209656,0.8013966443800906,0.8704236397275067,0.7840725527723569,0.42249350174276135,0.845242310489589,0.9352645686993892,0.8637151821288627,0.8397278942346018,0.20519977062423478,0.8825210710884406,0.8563822015167815,0.9220202535048391,0.8247130225158625,0.5261737167683098,0.9050133455972378,0.8563822015167812,0.8563822015167812,0.8578802781954207,0.5523909947309456,0.874628843297669,0.27293562457448317,0.6849911203940529,0.6615301536278677,0.46023533412448014,0.5619016983878192,0.23138776641131242,0.9032432795467651,0.3502714935267037,0.8746288432976697,0.4852314097957561,0.6165149973204143,0.9091834890945258,0.8893257159297718,0.5863735674758904,0.7193410155382567,0.8061169085206568,0.7150689219968539,0.6704951146555072,0.6509309668389108,0.8825210710884406,0.7926104337466322,0.5906932159518095,0.6760244055494278,0.7562824401099406,0.7637481517216519,0.7344892377260073,0.8758965320044658,0.6646130357256403,0.9222291237660198,0.83472400300589,0.7115760173463571,0.7609913788722824,0.6616792826426101,0.9059726211885706,0.9397068954970855,0.9481404039200081,0.9307911325180804,0.7058680506670165,0.9857636094936881,0.6423502540080914,0.9094929178878131,0.7014171310265378,0.7891084830912483,0.5533522836439606,0.2836693449676043,0.8913462226392486,0.9463853627621877,0.7596681204982016,0.9425382768468591,0.700492373294404,0.6501013660074393,0.46941874812903894,0.7039100716877231,0.8399134433261015,0.8452423104895888,0.9989769426144843,0.9152894981757825,0.7236196738164922,0.537339370672174,0.7593994892724845,0.8399134433261015,0.6151803591539373,0.2898063935983909,0.8746288432976694,0.8399134433261015,0.8559069032563467,0.5483507411312665,0.4500362864590246,0.630192197695931,0.7182419681812949,0.8347240030058896,0.8399134433261015,0.7434344310480542,0.8399134433261015,0.5006355557427258,0.5731786619580028,0.6295439847071654,0.8399134433261015,0.605611833922433,0.8399134433261015,0.6032168943873577,0.7473263534477854,0.7366498014329852,0.6240540765924596,0.8507258744656063,0.31313625593078975,0.8578802781954207,0.8938392776212343,0.8310602105669127,0.8120245408232596,0.4860013707234877,0.8044169201532767,0.8563822015167815,0.7860643916653801,0.7412504716065051,0.7109305989182477,0.8455137713833762,0.8008776071541598,0.470650166970377,0.9622663405510676,0.6388174739209656,0.7470490614312028,0.8399134433261015,0.7615084467090623,0.8399134433261015,0.45127993402545974,0.7329189478805092,0.7482956255273319,0.8988721758986083,0.30033635168087924,0.845242310489589,0.540210140158633,0.8013966443800902,0.6623760983136726,0.8361581574418966,0.17610632016272953,0.8507258744656068,0.595682393071082,0.9280043945397396,0.5195293389959171,0.83472400300589,0.8638877870505539,0.620274237252548,0.8812473067855704,0.37400588142155455,0.869293042751758,0.9285898982475354,0.6219802672614765,0.6206778766890872,0.7812391399403225,0.5513505558694873,0.699232375533789,0.3812735105783496,0.8683043280893405,0.18382445476071074,0.7324668905470787,0.8163962779704248,0.9785961020822586,0.8683043280893405,0.7147889335312155,0.438592238625387,0.8964678380224962,0.7136002165958808,0.797368202019306,0.8507258744656063,0.7441955253353556,0.22214740222612328,0.8296609453116082,0.8507258744656065,0.8507258744656063,0.365107926759177,0.8683043280893408,0.45000922625120654,0.543478713858438,0.6388174739209658,0.9742486904847258,0.9754081792009579,0.8399134433261006,0.825154110106769,0.8296609453116086,0.8563822015167815,0.29381320957234314,0.7914139135992683,0.8507258744656063,0.7798870083823577,0.6743710382583541,0.4308912344352076,0.9708818655073411,0.6556099960882735,0.8571950434178841,0.7563656584001435,0.6716080390521207,0.6139348204015094,0.8746288432976699,0.5409656041265215,0.8746288432976699,0.9248597097891194,0.7814524636139355,0.7516295783390083,0.9267077491745545,0.8399134433261015,0.7153521111143417,0.7812720595012725,0.7840725527723569,0.8683043280893405,0.966592519162104,0.892706361251836,0.8399134433261015,0.80139664438009,0.7389815511680625,0.8812473067855704,0.7182438597504208,0.4958412880263461,0.7926104337466326,0.7482956255273319,0.5346395553664852,0.4608207295209823,0.8507492800484013,0.6429864871479395,0.5260402453552873,0.9779066609569429,0.6535905264854329,0.5758860208633323,0.6335804378125847,0.6096027534199524,0.8812473067855704,0.3170569532720926,0.7441955253353552,0.27887427657906627,0.8247130225158625,0.83472400300589,0.9574020178203884,0.6388174739209656,0.29986613539405194,0.16517900392524598,0.4287531787392229,0.8399134433261015,0.22714318540839096,0.9221644258303325,0.7886307194368685,0.9785922188146599,0.788902079390401,0.6097511206404842,0.8399134433261015,0.8399134433261015,0.8579761778223542,0.9486451253333334,0.627165476531703,0.8399134433261015,0.8746288432976699,0.8399134433261006,0.7557478947704017,0.676024405549428,0.27697693970334425,0.8399134433261006,0.7596681204982019,0.8058941123210297,0.47130968960820097,0.39562438305004666,0.8399134433261015,0.6254873296405847,0.736649801432985,0.2832190400355037,0.31290629699207495,0.7807465126855615,0.6186013161486243,0.8507258744656065,0.21495833168652223,0.8399134433261015,0.3612138933767399,0.7840725527723569,0.5755501756362289,0.8636688752459776,0.8163356189353925,0.4678234923124873,0.8198704548791862,0.8399134433261015,0.6709186655645221,0.5037590712158058,0.8399134433261015,0.9704520423717979,0.4511210036512652,0.5158944142115349,0.417838642874651,0.19055059865774637,0.8399134433261015,0.9273690209248631,0.6219684003137469,0.896467838022496,0.7556296088301113,0.6266801078435495,0.6928055079401061,0.4456171836070254,0.6725968735750871,0.8507258744656068,0.7060715222536043,0.30669928710306926,0.869622048739517,0.26204060407452123,0.7374016953771769,0.592378200759855,0.942273735384668,0.8563822015167812,0.8070686869526495,0.8399134433261015,0.8683043280893408,0.7945542113659165,0.6128962765531235,0.7271113602869297,0.8375584557741425,0.8296609453116082,0.5840536702246504,0.9067735960486834,0.8578802781954209,0.8618481858107894,0.8399134433261006,0.8151246754418036,0.6188469080291694,0.7145761397566917,0.774682834871935,0.23290150213205396,0.7889020793904016,0.7910932625970437,0.869622048739517,0.5566439630537084,0.8562263088127953,0.9120142963323286,0.6009714272081621,0.5958404835505329,0.8886086435976268,0.8116920561107115,0.8813924070586785,0.7285159640640035,0.9585029457973886,0.7843431218806365,0.7516809557057982,0.8552485427835108,0.9353254990893864,0.6294171970217247,0.8041814453936074,0.5528712149760452,0.4954545454545456,0.5648737043491117,0.7718510361245741,0.9897770041581087,0.5819965924323861,0.6719091438603995,0.9320998008628144,0.9695311240154443,0.8696220487395165,0.4251284728504363,0.9326315872380703,0.5326479424559326,0.8743877471202751,0.7329189478805094,0.5806787998919323,0.8507258744656063,0.9239226011356902,0.5974635076497354,0.8396515213176494,0.784142658839845,0.9531892533912971,0.7709870962282503,0.6193467972050597,0.9649376594301962,0.8151803561408071,0.8247130225158625,0.8247130225158628,0.8471261687663035,0.8683043280893408,0.7636263905985348,0.4502366061692441,0.7255342655376826,0.8347240030058896,0.8347240030058893,0.37073730184555054,0.780159652152312,0.8522236861229036,0.595682393071082,0.8399134433261015,0.8622329273186464,0.8399134433261015,0.8399134433261015,0.12986797426806018,0.7969703620943664,0.7441955253353552,0.8399134433261015,0.2897694329714986,0.14835900149141512,0.8300446655816207,0.605875550634067,0.6254873296405845,0.3880965457520489,0.6968509431824823,0.693345233772491,0.0,0.8467276077778303,0.9447630495936097,0.9649376594301959,0.5251910044102988,0.6500714998264678,0.4245381700707508,0.7636263905985352,0.9115580161343755,0.9425382768468589,0.7567730177321457,0.896467838022496,0.7230956782566555,0.8507258744656068,0.8422469654107378,0.917278806974258,0.9519694666749001,0.869622048739517,0.4822408360225031,0.7807465126855613,0.4131550970387331,0.597598915862708,0.9714083933984268,0.7359365694375495,0.9317246035504445,0.8452423104895892,0.9824006660520548,0.21995469690813962,0.5225634725634729,0.9222692303427629,0.747378490763972,0.8797343497299448,0.6841441927014685,0.6522360938468756,0.8347240030058896,0.36001285707652897,0.767624924449058,0.8812473067855704,0.3880965457520492,0.23290150213205374,0.9901181936038953,0.4063397191961582,0.8058941123210297,0.9255485735061275,0.6696478912550515,0.8399134433261015,0.8563822015167812,0.6940036769353107,0.742383232559681,0.6199445615214316,0.715950021007194,0.7752683943150152,0.810933567471221,0.4678234923124871,0.7969703620943662,0.18052279243044766,0.9120142963323281,0.34941751041272573,0.9902983276552522,0.41397262024420844,0.8296609453116082,0.9921294748303068,0.902476837952079,0.9077452397425096,0.7926104337466322,0.7952652014562447,0.559822457479427,0.40308902012054126,0.5936560522164233,0.7441955253353554,0.4786612151202657,0.5626136511254387,0.8519035125371655,0.8746288432976697,0.8754255978825567,0.7240386905967513,0.5326048931780201,0.6735816209802802,0.6939395202258622,0.8637151821288633,0.40875116407338163,0.4988700550561185,0.8812473067855704,0.7667792256823236,0.7995269626832177,0.8595001923886509,0.7759150787868956,0.8350716245380765,0.9865039461405374,0.7849858404243293,0.8531349059417335,0.850148042748943,0.8104681290730038,0.8753642057643777,0.8563822015167812,0.8812473067855706,0.8399134433261015,0.9650073063344002,0.5903923662878598,0.4553036017299096,0.7480134585565221,0.8399134433261015,0.5059733811860092,0.4730856958919829,0.7014603480668286,0.7557478947704019,0.6968509431824823,0.6589878493055461,0.6144750076267635,0.9314320317432312,0.793630227719601,0.9922153227158199,0.3172267119005232,0.7534147528233297,0.8622329273186462,0.6933452337724906,0.7757525420881082,0.9143162677112748,0.7329189478805094,0.9205937947274883,0.9867286320076915,0.8296609453116086,0.8812473067855704,0.8151246754418038,0.8203326673546767,0.8399134433261006,0.6112099004684921,0.6354777446158222,0.7389815511680626,0.8020551360045698,0.8921127087283753,0.30874445781684345,0.19055059865774648,0.83472400300589,0.8563822015167815,0.8247130225158623,0.83472400300589,0.83472400300589,0.8944761057571169,0.8399134433261015,0.9827123322348504,0.834680497659993,0.8399134433261015,0.7926104337466322,0.6556080220678135,0.8817866859835524,0.8507258744656068,0.7611830549390041,0.6932730478172033,0.8637151821288633,0.35730105176534055,0.3688161417652064,0.5975989158627082,0.3599819523787974,0.8399134433261015,0.707465191475404,0.8507258744656065,0.7926104337466324,0.31440615037408226,0.7477056920101903,0.8683043280893408,0.8452423104895892,0.8778112237758889,0.927170383282732,0.8507492800484018,0.8399134433261006,0.8688949526620651,0.7518636489945645,0.8704236397275067,0.5206738352890412,0.9132282425485745,0.9397068954970855,0.7798870083823579,0.8507258744656068,0.707465191475404,0.1088392840809389,0.8399134433261015,0.9294212984934327,0.6755823602744222,0.9120142963323281,0.5425813690986305,0.8247130225158625,0.810468129073004,0.29933517572255774,0.8296609453116082,0.4392105808939779,0.2567333321945239,0.8399134433261015,0.8399134433261015,0.9824006660520549,0.6678580415341168,0.6933452337724901,0.4916247769736052,0.266864151358261,0.6005749247224372,0.4954545454545458,0.23908895691860876,0.7883124876833465,0.3785096927831543,0.8399134433261015,0.9981163816765464,0.8563822015167812,0.8812473067855704,0.4678234923124873,0.8683043280893405,0.22528411943953375,0.8399134433261015,0.8399134433261015,0.2918290996543388,0.8399134433261006,0.2656751709594368,0.8058941123210297,0.5493328007284872,0.6829140837866348,0.9693431399377672,0.7344892377260073,0.38169178220666067,0.5292970524607534,0.8399134433261015,0.7329189478805092,0.2531928238872643,0.845242310489589,0.8460854022796798,0.9437526175739805,0.8105279111292419,0.7182438597504208,0.7404081659626418,0.6932730478172038,0.5702165945436986,0.8399134433261015,0.07630357930469234,0.7404081659626418,0.5778420430823502,0.6288824838062466,0.5903923662878592,0.7385889876688903,0.49549170198394443,0.5954041640214656,0.795417965642854,0.6789763651866012,0.3122613436962395,0.7901376869855634,0.8746288432976697,0.9320998008628145,0.9910377603949916,0.1441231090131858,0.8563822015167812,0.83472400300589,0.40661310433921793,0.9986531684209496,0.8883200962022875,0.837059613353788,0.9220202535048391,0.7911943785011761,0.843327277621003,0.8433272776210027,0.6933452337724904,0.9067398239605343,0.41842464215668007,0.7125472808372368,0.8746288432976697,0.8562263088127955,0.6907839227613108,0.564833544332418,0.9004419135751178,0.6724259519035647,0.8898965184126296,0.636566112110498,0.8452423104895885,0.4237409732278732,0.9587435477436588,0.3970959392903902,0.4276662444483088,0.8399134433261015,0.6589878493055459,0.8915629911719022,0.46941874812903905,0.8746288432976692,0.6973370069146279,0.6365293048823519,0.7152301124419118,0.8399134433261015,0.25809949933893384,0.3880965457520491,0.935325499089386,0.1754492460488586,0.3146691057471145,0.22225197026984178,0.8563822015167812,0.20502521471250512,0.8977761748375532,0.7836776044755029,0.3895885012665471,0.7969703620943662,0.5056783917067738,0.8812473067855704,0.8454048198578001,0.8399134433261006,0.7136002165958806,0.7798870083823579,0.04731319952257218,0.7109305989182475,0.42907409730080026,0.8617270394494578,0.83472400300589,0.2041547703378963,0.5626136511254396,0.6725968735750867,0.3472138875696916,0.353369044844941,0.8399134433261015,0.28156912932201184,0.5692379160688965,0.7557478947704017,0.8399134433261015,0.4201883701883694,0.9541562193724058,0.8683043280893405,0.8211875909760828,0.8637151821288633,0.5433383630963757,0.733008629441495,0.6760244055494276,0.864912792621245,0.9772907428593145,0.8696220487395172,0.42351443461478366,0.8399134433261015,0.8549439478440668,0.8399134433261015,0.9040056117932131,0.7157366328905042,0.32478427508351715,0.8812473067855704,0.9625138180487922,0.8542702503822321,0.5669704592416485,0.7765580483948542,0.8399134433261015,0.8606627766473895,0.36827766902633674,0.7377566131183542,0.8704236397275067,0.7329189478805085,0.8563822015167815,0.7636263905985359,0.9873911732534829,0.9526088268794943,0.3968544210902639,0.36622399056003596,0.9526088268794943,0.7557478947704019,0.8563822015167815,0.6388174739209658,0.9526088268794943,0.8812473067855704,0.9859661054247156,0.7548043333762984,0.6388174739209658,0.8347240030058896,0.8861384736223594,0.8163962779704248,0.520937885365597,0.7329189478805089,0.8639884335615957,0.48253311504210383,0.8579761778223542,0.7304083101495112,0.9676110034660239,0.6437096776769986,0.7557478947704022,0.7073043319229064,0.655114810825183,0.976538428445598,0.7110385499927911,0.825154110106769,0.9067735960486834,0.8507258744656068,0.6644965360874248,0.9979926324888733,0.7890516057622549,0.7716661136923304,0.603550665644165,0.856382201516781,0.8622329273186462,0.9475710466072567,0.5610911087074112,0.8272292709499023,0.7435263861913193,0.763626390598535,0.8854024260146625,0.9247782335508676,0.6290585060683689,0.8399134433261006,0.5048108275848804,0.753108857010854,0.7255342655376826,0.41304360131928886,0.886279408810678,0.862232927318646,0.8445645166985576,0.9875538837430806,0.595031824359733,0.9347556769440266,0.7892792459601401,0.9579815714632902,0.9678020902501276,0.7309613349518433,0.8104681290730043,0.9847062848785693,0.9216975403748093,0.8828728457167407,0.8080149410805506,0.8825210710884406,0.876007953269136,0.4659626197207971,0.5474463514622758,0.9143162677112748,0.918421955825474,0.593656052216424,0.8733035828806197,0.8860996110792339,0.8860996110792339,0.4865673577505206,0.8163962779704248,0.6933452337724906,0.8825210710884406,0.3619918681812122,0.7926104337466326,0.896467838022496,0.3638449656307534,0.9285898982475354,0.876007953269136,0.8746288432976692,0.6484356095518453,0.8683043280893408,0.8480633887734674,0.8622329273186462
p195_I,0.8742604380900318,0.9619697063034164,0.8782540541553356,0.9635000264027251,0.9428469360414604,0.9576036838348734,0.8325333514600277,0.8979784640232733,0.9268928378647712,0.30399448564507314,0.9323345609629297,0.998438082710315,0.9409942357230059,0.9127986978904699,0.9733993351591583,0.8464961311235868,0.9374201804111679,0.9229109835440803,0.9529828655437629,0.9552408029353749,0.8734436811123554,0.9307015751744632,0.9275156757582277,0.4456524500577602,0.9242212627322114,0.9229109835440803,0.9374201804111679,0.9448810215177159,0.9552408029353747,0.7963596812571242,0.9156114273620619,0.9487265052554266,0.9889067524115756,0.908674345896699,0.9428469360414604,0.9529828655437629,0.9447494136270191,0.9356913183279745,0.3407372836322805,0.921416687638209,0.8867960431767519,0.9707495588862811,0.8864720867133832,0.9848460455693228,0.9374201804111679,0.828352080283125,0.9467071200650463,0.9566644487892413,0.9214166876382088,0.9107523671187097,0.3332473625715281,0.8307544930637529,0.9229109835440803,0.9339970109398132,0.9356913183279745,0.9199406273027304,0.5942324127126715,0.9428469360414604,0.7825492732451298,0.9391866557097981,0.8942918945731195,0.9685471779159903,0.9229109835440805,0.7384988597382962,0.9508152934266845,0.8286138420936353,0.9487265052554263,0.7988318128015329,0.7409875449563668,0.9762777185243531,0.9114119696612573,0.9214166876382088,0.9428469360414604,0.906379602216754,0.9428469360414604,0.8722472547880544,0.9307015751744632,0.9323345609629297,0.8273015792581513,0.9576036838348734,0.405928202272263,0.9259591224230197,0.9170389579782952,0.9229109835440807,0.9428469360414604,0.9073222074226135,0.9307015751744632,0.8826646333729808,0.7901896093824865,0.9409942357230059,0.9428469360414604,0.8782540541553359,0.8993350034316339,0.976014108113195,0.9542418002599032,0.8880325471109578,0.8758435862211178,0.9051786368334236,0.8906614014387996,0.925874623663896,0.9641067145740574,0.9467071200650465,0.9428469360414606,0.8684114426569796,0.9692974599391564,0.9529828655437629,0.8955611203771288,0.8710254982640975,0.9290959183459289,0.902877883270043,0.8603749609471998,0.6586515508308093,0.8855514054889411,0.9186062981675368,0.9467071200650463,0.8576950542990418,0.9619697063034165,0.41036239106927797,0.9576036838348734,0.8402927774016278,0.9471320687531258,0.846496131123587,0.9290959183459289,0.7034892425039704,0.849263441037087,0.852025380455502,0.9447494136270191,0.985843286765898,0.9409942357230059,0.9029042197940337,0.8864506701274835,0.9467071200650465,0.9487265052554263,0.9576036838348734,0.9374201804111679,0.657711340107799,0.8317428703601046,0.9487265052554266,0.9487265052554263,0.9391866557097981,0.8570458956727542,0.9552408029353749,0.8547682073619645,0.8556531508423675,0.8409417173980275,0.9733993351591586,0.8794637048361451,0.7460123964121116,0.9214166876382088,0.8142990563745898,0.9552408029353749,0.9628942976868904,0.7988318128015337,0.8662939159473793,0.9859983918197514,0.921416687638209,0.8818928045062966,0.9414200463913258,0.8525700308557829,0.8710529575837427,0.8577921935411372,0.9902930825832763,0.9259591224230195,0.7365915155573495,0.8843363349468663,0.9059804204993023,0.6449667917411296,0.8867960431767519,0.9170389579782949,0.7392399175299516,0.9540324564594047,0.9409942357230059,0.9199406273027304,0.9572068382915145,0.8633105822387179,0.8627395392561963,0.9529828655437629,0.8518114395907253,0.9100373996478224,0.8722472547880544,0.7631627773036938,0.9065603747321735,0.9917271981546157,0.9409942357230059,0.8414786365496392,0.8355363665978435,0.9527674384230347,0.7649680017378248,0.9339970109398132,0.955963524611184,0.4457539371773491,0.9268928378647712,0.7999117526510051,0.7281301321613106,0.4630459705969271,0.9428469360414604,0.4456524500577599,0.9391866557097981,0.803123895336769,0.8948511325048962,0.92675606806442,0.9409942357230059,0.9428469360414604,0.8521143720668205,0.9159814589221673,0.3780709567870302,0.9428469360414604,0.9222721375875025,0.9046484553665965,0.9038040896127963,0.9927174168027555,0.8930288547304029,0.9409942357230059,0.9428469360414604,0.6311775871296272,0.9428469360414605,0.8655346503928816,0.9669680736156904,0.9720032089607527,0.9428469360414604,0.985843286765898,0.9428469360414604,0.8062500604848115,0.895561120377129,0.9059804204993023,0.8603749609471996,0.9467071200650463,0.7502106230987005,0.9391866557097981,0.9275156757582277,0.6205157997053745,0.8942918945731191,0.7917593535864715,0.9322267514286027,0.9487265052554263,0.9428834581482701,0.8322575381473485,0.8905201046762885,0.8843363349468663,0.9046484553665965,0.9046484553665961,0.462966337686362,0.8710529575837425,0.9391866557097981,0.9428469360414604,0.8905201046762892,0.9428469360414604,0.9829850481362499,0.9046484553665963,0.9487265052554266,0.7333563264070366,0.7502106230987007,0.4456524500577599,0.9414200463913254,0.9290959183459286,0.8794637048361451,0.8640539815709769,0.8438471631147553,0.4232949064181787,0.8851462416270444,0.8556531508423673,0.7415206194707273,0.9409942357230059,0.9508152934266845,0.8338344784202447,0.3407372836322805,0.9185860740091778,0.7896539805847357,0.9244246976009172,0.8838450146253061,0.8591937786248891,0.9487265052554266,0.6227027719896563,0.7180127381401398,0.7755726733300903,0.9529828655437629,0.8338344784202449,0.9033258132980619,0.9730889887268284,0.8892738141520422,0.9529828655437629,0.8607628406648589,0.9250032086409831,0.7100151674948276,0.8855640524750208,0.9127986978904696,0.9467071200650465,0.9086743458966993,0.9347891138321136,0.9391866557097981,0.9467071200650463,0.9467071200650463,0.7733349506503645,0.9529828655437629,0.8693977572794953,0.9961285928884455,0.8710529575837427,0.9602780419655585,0.9529828655437629,0.9428469360414606,0.9888899454936779,0.9391866557097979,0.9207232888949289,0.9411986340097224,0.6409572146403799,0.9467071200650463,0.9214166876382088,0.9059804204993023,0.8180232600309143,0.7353320443815137,0.8179934885134774,0.9258400868430703,0.8426472487233325,0.9187449455470125,0.9950786342450839,0.9552408029353749,0.9268928378647712,0.9552408029353749,0.9720014770972776,0.7104568949546636,0.8981194480464403,0.9467071200650463,0.9428469360414604,0.9487265052554263,0.6216627463524839,0.9229109835440807,0.9529828655437629,0.7100151674948274,0.9409942357230059,0.9428469360414604,0.8264327167843049,0.9529828655437629,0.9576036838348734,0.8046304111689457,0.9637877683323395,0.9259591224230197,0.9487265052554266,0.6570358235819689,0.8075057145892743,0.9290959183459289,0.9356913183279747,0.8480076850671183,0.423294906418179,0.9086743458966993,0.813990897387721,0.933997010939813,0.936404292880509,0.9576036838348734,0.7561801038097795,0.908674345896699,0.8439965731990657,0.9374201804111679,0.9409942357230059,0.9664103718298934,0.9406464348878106,0.9347891138321136,0.9640641613858243,0.7960571656361157,0.9428469360414604,0.9466332291613409,0.6600626095334567,0.9100373996478224,0.9073222074226135,0.9552408029353749,0.7392399175299516,0.9428469360414604,0.9428469360414604,0.6301164780212273,0.7570168341223876,0.9543185748336596,0.9428469360414605,0.9552408029353749,0.9428469360414606,0.9127986978904697,0.8843363349468663,0.8298125347088884,0.9428469360414604,0.9141982714487247,0.930701575174463,0.811250415076177,0.7842297379105647,0.9428469360414604,0.866293915947379,0.9059804204993023,0.7440995115376003,0.8931765200204661,0.9141982714487247,0.971189053823585,0.9467071200650463,0.9491047280901008,0.9428469360414604,0.8994553615499681,0.8948285561208533,0.8696886211206443,0.8087575940776917,0.9447494136270196,0.9157000504550399,0.9356913183279745,0.9428469360414604,0.9831722535970873,0.9851395841738868,0.9428469360414604,0.9605059690638982,0.8233182165573519,0.8223064904295267,0.8180232600309139,0.9411986340097224,0.9428469360414604,0.9799993340927846,0.9944284094187582,0.9508152934266842,0.973554116531312,0.9731996471406626,0.9315707757470979,0.8968368576541013,0.9164658576765583,0.9467071200650463,0.8855640524750212,0.9038040896127963,0.9755002984062808,0.8887257030856445,0.9337694320210889,0.8544735095381986,0.9275156757582277,0.9487265052554263,0.9229109835440807,0.9428469360414604,0.9529828655437629,0.889273814152042,0.9524511822943206,0.9323345609629297,0.9620019617019886,0.9391866557097981,0.9969932187331172,0.9942907727414588,0.9391866557097981,0.9832374253294531,0.9428469360414604,0.8579364235466447,0.8639231957010689,0.9326225719072995,0.9529828655437629,0.8731593154362562,0.9552408029353749,0.9339970109398132,0.8805458336495586,0.8661207016570829,0.969568952576612,0.9552408029353749,0.8166888204928766,0.9448810215177159,0.9757489930454581,0.9366007185429918,0.9307015751744632,0.8905201046762892,0.9902930825832765,0.9086743458966993,0.7044347600033006,0.921852478408735,0.9259591224230199,0.9208601429117476,0.9323345609629297,0.9156114273620619,0.9541562193724058,0.7994169225165995,0.8930288547304028,0.9374201804111679,0.9508345696605821,0.961455338899478,0.674863716420179,0.9326512786655544,0.9285304562976123,0.794763096653704,0.9832374253294531,0.9436043620667733,0.9259591224230197,0.9798831497297819,0.9713896598401243,0.9467071200650465,0.8259410028852328,0.7999117526510051,0.9073222074226135,0.9769475578832656,0.622580638864932,0.7882190208851407,0.7967628162109254,0.9508152934266845,0.9059804204993023,0.9374201804111677,0.9374201804111681,0.9487265052554266,0.3396229751373937,0.9156114273620617,0.8037270395310097,0.9020120239820868,0.9409942357230059,0.9409942357230059,0.9317569054629058,0.7443423259231803,0.9535591865156564,0.8556531508423675,0.9428469360414604,0.9813507987576181,0.9428469360414604,0.9428469360414604,0.8220206572416717,0.6406227204092918,0.9086743458966988,0.9428469360414604,0.9315517233243658,0.8884342170243058,0.9029042197940336,0.9441118568881282,0.8970277449900299,0.9876826984132441,0.7570168341223875,0.7958831566993514,0.8467276077778303,0.0,0.49661604871710874,0.9508152934266847,0.9466508604266071,0.8439965731990657,0.8658597358546527,0.9156114273620619,0.9578778135048235,0.5016684287330635,0.9377256444578115,0.9508152934266845,0.8831126597162939,0.9467071200650463,0.8880325471109582,0.6205157997053734,0.9244246976009174,0.9275156757582277,0.9664900488280286,0.9141982714487247,0.929995346508117,0.9275156757582277,0.9905174556385541,0.9467071200650465,0.9307015751744632,0.9447494136270194,0.9033258132980619,0.8671351972502714,0.9384151690330195,0.9487265052554266,0.8951646744396662,0.5719869707595395,0.9546345049154348,0.875843586221118,0.9409942357230059,0.7440995115376006,0.9170389579782949,0.9576036838348734,0.8584672327106707,0.9906165879037854,0.7610390746299778,0.7788311817515319,0.930701575174463,0.6723230151832418,0.9780690814689983,0.9428469360414604,0.9487265052554263,0.9773177764454566,0.9428469360414604,0.9858432867658982,0.930701575174463,0.9391866557097981,0.9170389579782949,0.8100057955331383,0.8805458336495592,0.9380042027254338,0.9552408029353749,0.8950185098972305,0.8640539815709768,0.8786681594818933,0.9391866557097981,0.9356913183279745,0.7828963741362881,0.9046484553665963,0.9730889887268284,0.9054236457666803,0.9874347124112377,0.7868947142132685,0.83921390247756,0.8924520257599287,0.8993350034316336,0.843847163114755,0.9579335751547249,0.8966062547807161,0.9731155357061645,0.994290772741459,0.9258400868430703,0.890520104676289,0.8794637048361451,0.9409942357230061,0.9234645986710444,0.8210898379602249,0.9644342014392547,0.8621762637539874,0.9467071200650465,0.9073222074226135,0.9773177764454566,0.9829255798283554,0.6958163649157988,0.9156114273620619,0.9242212627322115,0.9532038714585356,0.9323345609629294,0.9441180703023758,0.9487265052554266,0.964434201439255,0.9428469360414604,0.4947047690731813,0.8485743256298055,0.9112170455859332,0.9100373996478224,0.9428469360414605,0.9450290617016994,0.9070769378986236,0.8942918945731193,0.9127986978904699,0.8917716903077886,0.9757489930454581,0.866293915947379,0.7330317582410775,0.9620019617019888,0.8942918945731193,0.8594891528032418,0.941646310536425,0.9508152934266845,0.8905201046762892,0.6383984999839996,0.9467071200650463,0.9046484553665963,0.9576036838348734,0.8639170600745967,0.9391866557097979,0.9576036838348734,0.933997010939813,0.8150628490693073,0.9980353634264248,0.903246699146719,0.8698606290925379,0.9529828655437629,0.9980353634264252,0.6205157997053741,0.8916280673533917,0.9309219169575449,0.9409942357230059,0.9487265052554266,0.9374201804111679,0.9409942357230059,0.9409942357230059,0.9484490715653735,0.9428469360414604,0.5174766542229501,0.5642940490733344,0.9428469360414604,0.9259591224230195,0.9937547890875105,0.9529828655437629,0.9467071200650463,0.9508152934266847,0.9447494136270196,0.9409942357230059,0.8726463241467872,0.8684114426569796,0.9275156757582277,0.9097316909708405,0.9428469360414604,0.8955611203771285,0.864293487879922,0.9259591224230197,0.9204755598781948,0.8968368576541008,0.9529828655437629,0.9447494136270194,0.5819613519145393,0.8644147548261597,0.9290959183459289,0.9428469360414606,0.7489463599225374,0.9256844856602767,0.9156114273620619,0.8454462071871403,0.9323345609629297,0.9529828655437627,0.921416687638209,0.9467071200650463,0.9604002581429945,0.8762666295743213,0.9428469360414604,0.938917662894311,0.8983711902967619,0.3780709567870302,0.8441633632439434,0.9374201804111679,0.8640539815709768,0.9332313031669532,0.9391866557097981,0.892049311807889,0.8361847001993663,0.9428469360414604,0.9428469360414604,0.90620302123562,0.942123614185515,0.9352594849768441,0.7569075950991155,0.8751208799002066,0.7921605288459559,0.9541562193724058,0.9443740065552879,0.9244246976009172,0.9524511822943206,0.9428469360414604,0.7688079444976256,0.9487265052554263,0.3407372836322805,0.9157000504550399,0.9529828655437629,0.8628529229940887,0.9428469360414604,0.9428469360414604,0.8486105079624078,0.9428469360414604,0.966194656703361,0.9307015751744632,0.8951646744396662,0.8867960431767519,0.962001961701989,0.8406911589432832,0.893938100521376,0.9696350152594335,0.9428469360414605,0.9046484553665963,0.9200202754516916,0.9447494136270191,0.9529828655437629,0.9669177592622797,0.8561014151389166,0.7306403266116455,0.9073222074226133,0.9447494136270194,0.9328414868823207,0.9428469360414604,0.8312296131409551,0.7387199155414439,0.7725629594732918,0.9654609603382258,0.934991391520382,0.9339970109398132,0.9284363038146397,0.8355363665978435,0.9508152934266845,0.881251361856036,0.8699974177117544,0.9374201804111679,0.9552408029353749,0.9952662150283396,0.9229109835440807,0.8153390997626973,0.4637975684211715,0.9984380827103152,0.890385277782574,0.9199406273027304,0.9431379203344701,0.9114119696612573,0.9576036838348734,0.9046484553665963,0.8864720867133833,0.9576036838348734,0.9701035670462173,0.9100373996478224,0.9164658576765583,0.9428469360414604,0.9706827259226705,0.9307015751744632,0.9197042164521498,0.811250415076177,0.9356913183279749,0.998438082710315,0.9641067145740574,0.8806765550990432,0.20181319553167243,0.9815292533466532,0.7780485685454379,0.8273015792581513,0.8016517200444339,0.9428469360414604,0.8782540541553359,0.9980353634264252,0.8651402576483784,0.30399448564507314,0.9244246976009174,0.9259591224230195,0.9496868486906058,0.9428469360414604,0.8314271579725279,0.7815421982726283,0.6498720808427034,0.9363993421212156,0.9063796022167541,0.9266501025228782,0.9487265052554263,0.8520607368025936,0.9346457727814363,0.8328255545646568,0.8797701373444518,0.9275156757582277,0.9046520512364329,0.9576036838348734,0.9275156757582275,0.9428469360414606,0.8855640524750208,0.8991965786255646,0.8454462071871407,0.5868186642831107,0.7868947142132683,0.7615645612979672,0.9409942357230059,0.9572068382915142,0.8438471631147553,0.8831126597162937,0.8709005020781013,0.7691440111812082,0.9428469360414604,0.9076475859887414,0.8462121152122815,0.9127986978904696,0.9428469360414604,0.8847008632357319,0.9356913183279745,0.9529828655437629,0.8325612110015053,0.9409942357230059,0.8271476719118347,0.9229109835440809,0.9813314786230029,0.8592289363406352,0.8968368576541008,0.9275156757582275,0.7895380199912547,0.9428469360414604,0.7768765709628898,0.9428469360414604,0.41036239106927785,0.8920624426086246,0.9010752173319363,0.3407372836322805,0.8684289724187022,0.7774665781182657,0.999251201983113,0.9127986978904699,0.9428469360414604,0.6592910034849628,0.732714635952447,0.8870256184172896,0.9156114273620617,0.9046484553665968,0.9859983918197512,0.9156114273620619,0.6681491969266846,0.9059804204993023,0.912166584917486,0.9983840080782682,0.9059804204993023,0.9127986978904699,0.9487265052554266,0.9024363921718173,0.9059804204993023,0.3407372836322805,0.9229109835440807,0.9447494136270196,0.9338198267598912,0.9409942357230057,0.7099144500891446,0.9730889887268284,0.9107523671187097,0.9046484553665965,0.832561211001505,0.9414200463913258,0.6749631614552822,0.9409942357230057,0.6205157997053741,0.9170784033980421,0.9127986978904699,0.889273814152042,0.7100830863830756,0.9754023275141519,0.8968368576541013,0.921416687638209,0.5066122636892819,0.9902930825832766,0.889273814152042,0.9135899386508906,0.9620019617019886,0.9184817171461352,0.9223484979500998,0.9207232888949289,0.9508152934266847,0.8445334021661925,0.9170389579782952,0.907581650634876,0.9859795134306004,0.9156114273620619,0.7779533954806772,0.9290959183459289,0.9141982714487249,0.9428469360414606,0.8695629307131671,0.8930283475936622,0.8717041151207318,0.9223484979500995,0.8946363755838065,0.9508152934266845,0.9086743458966993,0.7494909201929298,0.9229109835440803,0.9374201804111679,0.9599453718988955,0.9208601429117476,0.8494159413108653,0.8060061926795923,0.9323345609629297,0.9331688293688571,0.9409942357230059,0.7897783741868734,0.9042097209541822,0.9467071200650463,0.9447494136270191,0.8437412317892697,0.9620019617019884,0.9467071200650463,0.9193839619667781,0.8392139024775602,0.9085114748781646,0.9391866557097981,0.9391866557097981,0.8181285779166209,0.9259591224230197,0.890520104676289,0.7382938931765682,0.7071616103142797,0.9259591224230199,0.9508152934266847,0.912166584917486,0.9244246976009174,0.933330959109937,0.30399448564507303,0.9338198267598912,0.3396229751373937,0.8220206572416717,0.9508152934266845
p195_L,0.8846406533092208,0.9305733174439863,0.9508604588232981,0.9531650549101229,0.8864622842804517,0.9620090329381987,0.9735837942790678,0.972193322521777,0.9307867541341137,0.649641994069337,0.8655788710295136,0.9809610462488345,0.9509103733010487,0.8512214835788458,0.9804479014426353,0.7722893579487593,0.972655841102965,0.8468584144181481,0.906597867618917,0.9110833848585063,0.9503090656329534,0.8919047203852765,0.9413707562534938,0.7121164362101651,0.9461282675204837,0.8468584144181478,0.9080064368535468,0.9560939169537146,0.9110833848585063,0.9007304483506526,0.8825516415825393,0.9368506101299683,0.9038040896127962,0.818576548039415,0.8864622842804518,0.9904950340182073,0.8902416609981851,0.903804089612796,0.6681377289013237,0.897078218592115,0.9016848853838988,0.8773362054151363,0.9917593122917416,0.9262851622222081,0.9403311389782559,0.9019806120754976,0.9314897302747827,0.8182692995544196,0.8438899131338642,0.9701320087397534,0.6760670186296516,0.9616751674642818,0.8468584144181478,0.9305733174439861,0.9353609244375378,0.6876123154725069,0.8709462225267632,0.8864622842804515,0.7801396207935505,0.8791909353978857,0.9805548353587289,0.9986271685432226,0.9279189658482011,0.7400843742085832,0.9022918659842716,0.9487855892274598,0.9755588472540062,0.7751804145763344,0.8163678893110178,0.9485464508185621,0.8481655023013711,0.6774153377418741,0.991632948188578,0.9517222684367808,0.8864622842804515,0.8982360922659431,0.7532568906645725,0.923122787162741,0.9147593397916479,0.9157773781681393,0.711824445354994,0.9088098779355613,0.835193311566099,0.8468584144181484,0.8864622842804515,0.8392124024772518,0.9214745861311223,0.8745631346174954,0.9052419224136212,0.8827817928509321,0.8864622842804515,0.7966880594916558,0.907357546175404,0.9729999788421138,0.9624111610801409,0.9985859925202137,0.7914343336558528,0.8750335540746355,0.9982765772584619,0.9335769004113391,0.919529312268374,0.8941307528793181,0.9215191722498273,0.7827792606366293,0.9547464674231003,0.9065978676189169,0.8138801832529763,0.8783779599686807,0.9088998345061841,0.9764625804669338,0.7760156473669654,0.8204859352590925,0.9035315240056531,0.9280269605475132,0.8941307528793182,0.906928718821176,0.9922652152320144,0.6739163003846305,0.8530643479815625,0.8494769088084987,0.8368273755881146,0.911333411724739,0.888139508331151,0.8413802673922981,0.9369801151017116,0.9582450662050503,0.962540188778485,0.9424055354485077,0.8787681755736592,0.9247004559875522,0.9858326037036058,0.8817153827478947,0.9368506101299683,0.9157773781681391,0.8756817347288379,0.8139655043498604,0.8552419450337845,0.9083164413738802,0.9368506101299682,0.8791909353978857,0.9127495495455025,0.911083384858506,0.9177664310102399,0.9194745633539778,0.9744154228087287,0.844047159642444,0.8903805488896688,0.857022049089629,0.8970782185921153,0.9220318190500725,0.9550108469657218,0.850067546318616,0.9265619390299448,0.9375607670084889,0.9857329156219559,0.8438899131338649,0.8243120851549425,0.8757212105163071,0.9373303287601162,0.7624500092181506,0.8883117596805203,0.9190743601433595,0.9647060453491338,0.8809128599882508,0.8513910795802997,0.8132249165650078,0.8723458378447932,0.8357142839562117,0.7068224301833501,0.7978499801257839,0.9245765316454824,0.9468967560237762,0.9719104285695898,0.7589965979583806,0.8709257504778116,0.9608215528653138,0.9065978676189169,0.8188280085322495,0.8451467284600854,0.7649253731343287,0.7321578399779285,0.9840460825025912,0.9719104285695896,0.9849746635261071,0.7854599502530399,0.7391645273726637,0.9828722051522386,0.8919074571203542,0.868881419655958,0.9038507104210153,0.6897631234885993,0.6526753480184602,0.8962957236149203,0.7764790700337363,0.7865509394476202,0.8864622842804515,0.7482657001003146,0.879190935397886,0.9607151834963713,0.9956109283883482,0.8949671418450595,0.882781792850932,0.8864622842804515,0.8963825198303119,0.9220318190500725,0.6496419940693376,0.8864622842804515,0.9106180936294543,0.9018761436541095,0.9707711442786072,0.9629405309494921,0.8135673129195374,0.882781792850932,0.8864622842804515,0.9077393685290991,0.8864622842804515,0.7779613120261988,0.8358546186482934,0.7833134428247526,0.8864622842804515,0.8918831827103171,0.8864622842804515,0.8333095040069523,0.9420028716618458,0.8362930332131355,0.9214495585221161,0.8941307528793182,0.864733258950084,0.9123483154835406,0.856005889625516,0.8715363536479561,0.8111772170360736,0.7771854624566452,0.6861074996518539,0.7921917300017656,0.9367146034407845,0.7654115056619779,0.9478129029910639,0.9310502741696451,0.833403206653779,0.924700455987553,0.7687465418993615,0.7810604345314742,0.7560778836599109,0.8864622842804515,0.8651625244745194,0.8864622842804515,0.8637634108373526,0.8790518313206654,0.8981423730059305,0.8780572711024459,0.8346537888207443,0.7121164362101648,0.9209693365062515,0.9958829732901835,0.7799408560286458,0.8929373097616344,0.9929278881866984,0.7322794731660371,0.8006942604797934,0.9719429088851459,0.7694506145408977,0.8827817928509321,0.9368056844674395,0.9610854286276962,0.6681377289013237,0.9163678069047523,0.727625152942069,0.9597483488676191,0.8154076833956245,0.7734305545120639,0.9368506101299683,0.7701780603088138,0.7573955550089008,0.849693523885414,0.9065978676189169,0.9766984263540389,0.8305413320768757,0.9088098779355613,0.9850714596939859,0.9065978676189169,0.8729573147564142,0.8946711407422843,0.8965800720803672,0.8462834098691046,0.8267698008899667,0.8941307528793181,0.9219722388464884,0.9138313040927526,0.8791909353978857,0.6949204957705726,0.9190743601433595,0.882640317745192,0.9065978676189169,0.7995695960245119,0.9564805573943129,0.9025623351420251,0.9090332843975355,0.8417106331832123,0.8864622842804519,0.897078218592115,0.879190935397886,0.9857329156219559,0.8960794022521559,0.8663386685736083,0.8941307528793181,0.8704840658629899,0.9285654998056466,0.9245214924998142,0.9632911231259671,0.9993848541062302,0.957559369080167,0.9733333665174174,0.9885979552697304,0.8912241108329266,0.9989383090729373,0.9859056662964014,0.9132067667126316,0.9129224437172682,0.8014077960111257,0.9415547398606634,0.881715382747895,0.8864622842804515,0.89814237300593,0.9075489346049832,0.8738785982281662,0.9065978676189169,0.856354459693295,0.8827817928509322,0.8864622842804515,0.9958829732901835,0.906597867618917,0.9917593122917416,0.9585097840782699,0.9767015099979366,0.8808617942287751,0.9755588472540062,0.8219964799234105,0.9454724309013538,0.8591451287364844,0.9068549014387532,0.9797939148522414,0.6949204957705726,0.8185765480394148,0.976637226842432,0.8688814196559579,0.8268810798920789,0.9157773781681392,0.8166309345411829,0.8657494958783413,0.8946309800151979,0.8756817347288377,0.9168460830759904,0.9930685837187074,0.9857751129780333,0.9138313040927526,0.9563674135258657,0.9181805096803543,0.8864622842804515,0.9479025677526096,0.8809241718608916,0.8451467284600854,0.8158904503387641,0.957134228819847,0.7817344559017074,0.8864622842804515,0.8864622842804515,0.8901685595748796,0.9442518765116585,0.9192884665616265,0.8864622842804515,0.9550108469657218,0.8864622842804519,0.8512214835788459,0.8513910795802995,0.9121491699460225,0.9565760602192026,0.8295501310031698,0.9214745861311222,0.9547067795156627,0.9065213258133262,0.8864622842804515,0.9193355587896261,0.8362930332131355,0.822489565580776,0.87653342124673,0.8543169908091183,0.8126421928464701,0.6949204957705724,0.9419666878902773,0.8864622842804515,0.9703940338315945,0.9910204827217466,0.9970687107455067,0.9485415542916674,0.998689452668635,0.985703617243215,0.8722472547880543,0.8864622842804515,0.9948611757349095,0.9127495495455025,0.8864622842804515,0.9533844300329124,0.9299538777016036,0.9690166103672928,0.9398581321453399,0.9112459445160608,0.8864622842804515,0.9517403361663701,0.9740188455054817,0.9425174783713437,0.8322917823303131,0.968122029981505,0.7803979701189365,0.7950607243576517,0.9655818281779976,0.8941307528793182,0.8729429682678405,0.9356625961103573,0.9698257117961528,0.9185347868326585,0.894325662602236,0.9407494445562921,0.9129158007108344,0.8981423730059303,0.8738785982281662,0.8864622842804515,0.8836592163828574,0.9440644319654325,0.9896920909414235,0.8957643484306201,0.941289721956612,0.8791909353978858,0.9431717627414389,0.9651612834412151,0.9123483154835407,0.9561353032328331,0.8864622842804519,0.915196938085943,0.9454771921031204,0.9307867541341134,0.906597867618917,0.8586940874158611,0.9110833848585063,0.8226590914039005,0.9163544660332099,0.9037606073285839,0.9011062193938018,0.9110833848585063,0.781219850431704,0.9560939169537146,0.8352311593245664,0.9322776343834581,0.8919047203852769,0.8455611507175746,0.968848707670247,0.7568669214102441,0.9622850770746427,0.9216297627884995,0.9367579616423476,0.7953141561623824,0.9863207806339396,0.8574545423984337,0.7377207171905628,0.9820081566342427,0.9344726213834239,0.9303700525229077,0.7721268440311975,0.9281305106147449,0.8553583241546077,0.9514497035305074,0.9413707562534938,0.9151775596979607,0.923122787162741,0.9057074150801114,0.8529137105219888,0.9018761436541087,0.7650303535768088,0.9688487076702471,0.7670308658241519,0.9117579377966595,0.9975339325533321,0.8963144756469551,0.8417106331832114,0.9155061761297448,0.9142386917615148,0.9425174783713438,0.9516336164537743,0.9403311389782559,0.9303700525229075,0.9368506101299684,0.631967717184986,0.8825516415825386,0.9673825936223546,0.9933785021977786,0.9168460830759904,0.8106395951235419,0.8373316270337874,0.9085206585278063,0.9403311389782558,0.9755887455836862,0.8864622842804515,0.9425174783713439,0.8864622842804515,0.8864622842804515,0.9643696818733092,0.8878995104905507,0.842163021958878,0.8864622842804515,0.9837363828290787,0.9028459035012675,0.9931733929878823,0.8515566883089617,0.9011103505707634,0.9321951693044881,0.9025980867269157,0.9075489346049832,0.9447630495936097,0.49661604871710874,0.0,0.9368056844674395,0.8858563067542287,0.9247104501445376,0.8437125928094665,0.8323574432143275,0.8752980666140113,0.75607788365991,0.9852193885275067,0.9022918659842716,0.8073538438296268,0.9314897302747827,0.9200163595129566,0.7532568906645736,0.98721906335178,0.7456247327772538,0.9212501679751595,0.8295501310031698,0.8323494193264063,0.9129158007108347,0.940091681261793,0.9688487076702471,0.891904720385277,0.9263909248883352,0.8757894580668202,0.7967252971321719,0.9118999510504349,0.9755588472540062,0.929697484186028,0.768746541899362,0.9730527489139897,0.7533564320784051,0.9849746635261071,0.8976827493442303,0.6813788602805415,0.9157773781681391,0.9157492821845741,0.9556314077585555,0.866223745346711,0.879393853820487,0.8919047203852765,0.7590441887174584,0.9335357980773187,0.8864622842804515,0.8981423730059303,0.9977698497500298,0.8864622842804518,0.8218234851066026,0.9214745861311221,0.8223926438312206,0.9115240212745241,0.9202810974754118,0.9982806673388122,0.9049470368799242,0.9110833848585063,0.9159910542097209,0.8325663549594213,0.9212642524247645,0.8791909353978858,0.9669177592622796,0.9336199203859465,0.8334032066537784,0.9088098779355613,0.7681652358046134,0.9959456515443215,0.8819761513288252,0.8815470779260537,0.9219722388464882,0.9202810974754118,0.8918831827103172,0.8413802673922985,0.9571342288198472,0.9668885936955169,0.9986894526686351,0.909885673940581,0.8444999298453831,0.9156908657681636,0.8827817928509321,0.9824667255309731,0.9797939148522415,0.9917593122917416,0.7830537473783155,0.8941307528793181,0.8625343546157399,0.9747017331019021,0.9853102221640591,0.9534179987131841,0.857454542398433,0.9088998345061841,0.8729429682678407,0.8957643484306199,0.9849746635261071,0.9368506101299682,0.9917593122917416,0.8864622842804515,0.7568669214102444,0.9420972816908049,0.9948501099564502,0.8212843295402944,0.8864622842804515,0.9662895937970819,0.9953143265532902,0.9347563554799443,0.826769800889967,0.923424981619287,0.9315889089068428,0.9530879836783351,0.9816211831474786,0.8006345538420412,0.8535216216167373,0.9274314069631685,0.90897688663204,0.9425174783713439,0.8238373352162471,0.8971367806773709,0.9314897302747827,0.8334032066537785,0.915777378168139,0.9929048667968813,0.9123483154835408,0.9157773781681392,0.5450455513577721,0.9981009867201975,0.9215191722498273,0.9349880513947098,0.906833358270873,0.8836592163828574,0.9215191722498273,0.8715363536479561,0.933644627381834,0.9977548019005092,0.9168460830759904,0.8308999671258044,0.9080064368535465,0.9168460830759904,0.8827817928509321,0.8893359697978047,0.8864622842804515,0.7687465418993618,0.8444593143233714,0.8864622842804515,0.8529137105219887,0.8898232626493354,0.9485464508185621,0.8941307528793182,0.982743090758416,0.8902416609981851,0.8827817928509321,0.9824667255309731,0.9004069105469892,0.8594445549478917,0.988281435105238,0.8864622842804515,0.7925264018514983,0.9564333375388239,0.7558131175830032,0.9461831943363036,0.7950607243576508,0.906597867618917,0.962540188778485,0.6769447977488532,0.9611779823452307,0.8591451287364845,0.921519172249827,0.9383536700117867,0.9930685837187073,0.857454542398433,0.9257769056537763,0.8929373097616344,0.9904950340182073,0.8438899131338642,0.9314897302747827,0.8992953088588894,0.9349880513947098,0.8864622842804515,0.9733101638420467,0.9152180205282696,0.6935694561765535,0.9345599133050941,0.8756817347288376,0.9863207806339396,0.9581569361208795,0.8791909353978858,0.9552123334176303,0.8642457684757172,0.8864622842804515,0.8864622842804515,0.9209010889557385,0.7479197411262275,0.9478129029910638,0.8257562853468321,0.9267741739183961,0.9834586696270309,0.9596789508357533,0.8872243687398897,0.8498654909309754,0.8519913685849239,0.8864622842804515,0.9985859925202138,0.8981423730059303,0.6681377289013237,0.9986271685432228,0.9065978676189169,0.985703617243215,0.8864622842804515,0.8864622842804515,0.9037744117193054,0.9215191722498273,0.960679530378848,0.9214745861311223,0.9871948989053121,0.8612847575900697,0.9154821495364776,0.9824851409715574,0.8972542537066472,0.9274314069631682,0.8864622842804515,0.810578894320335,0.9310643475310918,0.9263909248883351,0.8836592163828574,0.970771144278607,0.8497253219007926,0.9804479014426355,0.8158904503387638,0.8902416609981851,0.796325936282626,0.8864622842804515,0.9237992182434487,0.9742119804148439,0.9218849492808139,0.8385341313485835,0.9079336457543641,0.9305733174439863,0.8345639850609581,0.8050451389252375,0.8563544596932948,0.930834679483709,0.8346867349339637,0.8756817347288376,0.8692793046054159,0.9001248489566034,0.8738785982281658,0.9437918501559237,0.7534834928777272,0.9168460830759904,0.8649964691642945,0.8709462225267632,0.9018761436541086,0.8964665294404832,0.9620090329381987,0.9018761436541087,0.7606010384414439,0.9620090329381987,0.8651625244745192,0.892871526299668,0.9458033301344511,0.6928550600870436,0.8692793046054159,0.8623348546394307,0.9011062193938022,0.8605158518906435,0.8722472547880548,0.9509103733010487,0.9719104285695896,0.9386165782405596,0.6036686445397155,0.9309631431458947,0.927568076137868,0.883788254688504,0.8582964223035048,0.8864622842804515,0.7774165095752006,0.6928550600870436,0.9069573635042629,0.649641994069337,0.9322776343834581,0.8529137105219887,0.9905887147495771,0.8864622842804515,0.9431334518079314,0.8853381724823867,0.8955535361169349,0.9321951693044883,0.8583633834469528,0.8978916093704239,0.8981423730059303,0.8962957236149202,0.8314929627204575,0.8409618401979255,0.8764224637892695,0.8844608451681752,0.7937471415542876,0.9157773781681391,0.9698257117961528,0.9215191722498273,0.8929982269723444,0.8901685595748801,0.9575593690801669,0.7835733668301665,0.9125083075696684,0.9382532758726712,0.9168460830759904,0.9370181642879603,0.9733905433211745,0.7875753457860806,0.9879145698603755,0.8585844084672762,0.8864622842804515,0.9303030709404139,0.9663392864175679,0.8512214835788456,0.8864622842804515,0.8641209512651165,0.9384117362634949,0.9065978676189169,0.9982806673388122,0.9168460830759905,0.9958999320700975,0.9549391496582185,0.9494609339463369,0.9233273388279788,0.8596859071816754,0.9732643771185285,0.9032073472257438,0.8864622842804515,0.7748269814219071,0.8864622842804515,0.7158648835842756,0.9950105793892039,0.8895533508913417,0.6681377289013237,0.8594838496002004,0.9825882596366043,0.8504859328177446,0.826769800889967,0.8864622842804515,0.8569113652342983,0.8750839611417722,0.9909227592666368,0.9829400383189614,0.8334032066537796,0.9368506101299684,0.8323574432143279,0.8237138317135502,0.9285654998056466,0.8575122901655132,0.9945240816444247,0.9285654998056466,0.7575515933990924,0.8981423730059306,0.8839519098287014,0.9285654998056466,0.6681377289013237,0.8468584144181486,0.9290120195510649,0.9299438370380626,0.9168460830759902,0.8237138317135504,0.8808617942287751,0.893045809073932,0.8470564206780127,0.9448094215758693,0.8531312712965915,0.7306036432001257,0.9168460830759902,0.7532568906645738,0.9919199895206038,0.8267698008899672,0.9030574042368795,0.9578037571201251,0.9757784506799927,0.9679802719542601,0.8970782185921151,0.7844149639904647,0.9314897302747827,0.8620503765083268,0.9442772972500761,0.9812875607829841,0.9929048667968814,0.8386187115461273,0.9755588472540061,0.9022918659842718,0.8234497832582994,0.835193311566099,0.9587155323569323,0.9975339325533321,0.8323574432143274,0.8200025618933531,0.9751226471151502,0.8543169908091185,0.8864622842804516,0.9355103095556754,0.8350923811048307,0.9618926044851748,0.8182692995544198,0.81511589131036,0.9022918659842716,0.9455587127659517,0.761284079286924,0.8468584144181478,0.8756817347288379,0.8606368814689074,0.8559143478531263,0.8320273208020315,0.9303030709404139,0.8655788710295136,0.8337538347532107,0.882781792850932,0.9478768141713954,0.9890690087053565,0.8941307528793182,0.8902416609981851,0.933344640434193,0.8638670046962095,0.9314897302747827,0.966614962096128,0.9997438301858265,0.9518482605130012,0.9455056955691956,0.9455056955691956,0.9668007807968213,0.8529137105219887,0.8444999298453832,0.9190743601433595,0.9301544525912131,0.8529137105219887,0.9022918659842718,0.9156908657681634,0.9048069198992972,0.962540188778485,0.649641994069337,0.8927229864114153,0.6739163003846316,0.9489732911423244,0.9022918659842718
p196_KAP,0.8194144871030813,0.9495194495442565,0.9068859994145182,0.9858673317522388,0.9562880686171875,0.9675743567407267,0.8131501843315477,0.850617453097493,0.9172245874626137,0.9657671730030437,0.9482479709168004,0.8986811553763574,0.8986811553763574,0.9333065093925879,0.9702236782844962,0.6985757742828524,0.9521375655065456,0.9410406098239263,0.9640402523885963,0.9657671730030437,0.903206919382465,0.9469990271543745,0.9445623805946022,0.9577431256853026,0.9457709851868581,0.9410406098239263,0.9521375655065456,0.9280917395652364,0.9657671730030437,0.8054606979556642,0.9354577472990955,0.9607848936032957,0.9508152934266847,0.9301521134798676,0.9562880686171875,0.964040252388596,0.9577431256853026,0.9508152934266847,0.9675743567407267,0.9398977391608507,0.9134191021410443,0.9421983319196943,0.9675743567407267,0.9250566218612029,0.9783779352946236,0.8687198626112251,0.9592404230051594,0.9143648077845041,0.939897739160851,0.9068859994145182,0.9607848936032957,0.8705572812086975,0.9410406098239263,0.3874225266124388,0.9813507987576178,0.938768815466609,0.938768815466609,0.4408515443948542,0.8729115082788346,0.9534886050081051,0.9191520956010535,0.8883704299920681,0.9410406098239261,0.9134191021410445,0.9623824451410659,0.8489166250019229,0.9607848936032957,0.8034002165440361,0.8665668080501099,0.9640402523885963,0.9322459088752486,0.9398977391608507,0.8176392862623292,0.8508524342038151,0.4408515443948542,0.9022918659842718,0.9894382119329369,0.9482479709168001,0.9478061671738154,0.9675743567407267,0.9482479709168004,0.9433718940682516,0.6259067477419036,0.9410406098239261,0.4408515443948542,0.9291179679746997,0.9469990271543745,0.8318841922523381,0.9234419781367061,0.45933786842754687,0.4408515443948542,0.9068859994145182,0.8883704299920681,0.9816550577048297,0.6259067477419036,0.6044658483009564,0.9050424200568572,0.9032069193824652,0.9775719500884963,0.9433072675424814,0.938768815466609,0.9592404230051592,0.9562880686171877,0.8778523726982705,0.774342207294928,0.964040252388596,0.9201228276565452,0.9231012297078995,0.8672518908219966,0.8527760996057687,0.8932116722416494,0.8806502594267761,0.8339485716413384,0.9220794934202008,0.9592404230051594,0.9105722417945288,0.9495194495442565,0.964040252388596,0.9675743567407264,0.8778523726982708,0.9307209469530887,0.9013784409842851,0.9457709851868581,0.9354577472990953,0.9410406098239261,0.8868257278276617,0.9577431256853026,0.7212226060676761,0.9548710823073732,0.9270730230791455,0.9962360302792397,0.9592404230051592,0.9607848936032957,0.9675743567407267,0.9521375655065456,0.8668758171222237,0.9876938865937162,0.9607848936032957,0.9607848936032954,0.4763161452764426,0.8645404905882983,0.9657671730030435,0.9489338192506498,0.8896003271096578,0.9032069193824652,0.9230659630317126,0.9254429110923994,0.9672708404642685,0.9398977391608507,0.8892790899388956,0.9657671730030437,0.9191520956010533,0.876035604520377,0.936915144267404,0.9607848936032957,0.9398977391608507,0.9096689964166693,0.9260614370793872,0.8014920243361218,0.7785849312294251,0.9043227484219138,0.9592404230051592,0.9965514935490281,0.8115800187854458,0.9115378627127524,0.9280917395652364,0.9167714410425667,0.9134191021410443,0.9912425166211665,0.9015174087358588,0.9090110235284593,0.9548710823073729,0.9387688154666094,0.860771194355936,0.8742145641840273,0.9891520826002305,0.964040252388596,0.8117821718991276,0.9824887176061117,0.775903234919151,0.9240582376582434,0.9448096841109692,0.938768815466609,0.8254572742182226,0.6897282138964358,0.8742145641840271,0.8778523726982708,0.9593880781275532,0.5200341313811041,0.9876152547580852,0.9039625825630314,0.9172245874626139,0.8469680690265144,0.9487022485658541,0.9646634159344742,0.4408515443948542,0.9577431256853028,0.9534886050081051,0.7356938511867392,0.8924244121716269,0.968836846578246,0.9548710823073732,0.4408515443948542,0.9611758447846426,0.8190873193696526,0.9657671730030437,0.4408515443948542,0.7715031580899796,0.9270730230791455,0.9022918659842718,0.837221301086934,0.918186094706007,0.9548710823073732,0.4408515443948542,0.8390184586479903,0.4408515443948542,0.838025208342827,0.9637765273080219,0.960312914690581,0.4408515443948542,0.8298243919346027,0.4408515443948542,0.846653591149672,0.9201228276565452,0.9280917395652364,0.8932116722416492,0.9592404230051592,0.900082576631295,0.47631614527644206,0.9445623805946022,0.9469990271543745,0.919152095601053,0.9192592205454486,0.8670439353081686,0.9607848936032957,0.6957862088864863,0.9293479610938779,0.9162673470024438,0.9115378627127524,0.9270730230791455,0.9270730230791455,0.9521375655065456,0.9013784409842851,0.9752369887774633,0.4408515443948542,0.9504850176985603,0.4408515443948542,0.8689745433651048,0.9270730230791455,0.9607848936032957,0.8959207482435981,0.9324116745150108,0.9645511776582261,0.9260614370793867,0.9457709851868581,0.9078111670939808,0.9868659623160064,0.9891726316205178,0.9592404230051594,0.8896003271096578,0.8896003271096575,0.8659511288161978,0.45933786842754687,0.7782131661442013,0.8863374708388887,0.9675743567407267,0.9580186848345917,0.8565893759313061,0.40824650301736254,0.8886981112672732,0.8923082777944,0.9560086947472867,0.8696393640825608,0.9556088835606267,0.8412846402989773,0.964040252388596,0.8863374708388887,0.9260614370793872,0.9433718940682516,0.9153141563577833,0.964040252388596,0.9779870427101329,0.8729661616863009,0.9623824451410659,0.912476848317918,0.9333065093925879,0.9592404230051592,0.9301521134798676,0.9320968266176186,0.9534886050081051,0.9592404230051592,0.9592404230051592,0.8266415411912026,0.964040252388596,0.8266415411912025,0.8407959393799272,0.9013784409842847,0.8659511288161976,0.6752725821758082,0.9562880686171875,0.9398977391608507,0.9534886050081051,0.9607848936032957,0.9276065414570318,0.9150817040227419,0.9592404230051592,0.9398977391608507,0.9280917395652364,0.8952216971545268,0.968803565300479,0.9801654300488659,0.8654261869221102,0.8212728377122547,0.7341888239741252,0.9282564559285417,0.9398072791970182,0.9172245874626139,0.9657671730030437,0.9808531012828585,0.9748016543159651,0.9220794934202008,0.9604535056538155,0.4408515443948542,0.9607848936032954,0.9162673470024438,0.9410406098239261,0.964040252388596,0.9623824451410659,0.9548710823073732,0.4408515443948542,0.9457709851868581,0.964040252388596,0.9330470514183522,0.9230659630317124,0.881231374628663,0.9433718940682516,0.9607848936032957,0.9580186848345917,0.852776099605769,0.9457709851868581,0.9508152934266847,0.8631655385537389,0.9592404230051594,0.9301521134798676,0.838025208342827,0.9495194495442565,0.9354608912099364,0.9675743567407267,0.9276759113966686,0.9808531012828585,0.9059428360664097,0.9521375655065456,0.45933786842754687,0.9841593444361112,0.9013784409842851,0.9320968266176186,0.9332179427120111,0.8440199953549761,0.4408515443948542,0.9804262459572084,0.9792503453259269,0.9824887176061117,0.9291179679746995,0.7509561835971419,0.8668758171222237,0.4408515443948542,0.4408515443948542,0.939897739160851,0.9172245874626139,0.9866374545900776,0.4408515443948542,0.9657671730030437,0.9562880686171877,0.9333065093925879,0.9115378627127524,0.8190873193696526,0.9562880686171875,0.934376934302581,0.9894382119329369,0.855640129622627,0.87029440428955,0.4408515443948542,0.8977386203509139,0.9280917395652364,0.9047777385165499,0.8019015276175866,0.9343769343025807,0.8877959618256668,0.9592404230051592,0.92197166571124,0.4408515443948542,0.8580859220024459,0.9410406098239261,0.9147187142537465,0.8873545301242927,0.9577431256853026,0.8883704299920681,0.9508152934266847,0.4408515443948542,0.9531174117707755,0.8088965260521002,0.4408515443948542,0.934376934302581,0.9533086886806443,0.8640960613563904,0.8740070788027337,0.9276065414570318,0.4408515443948542,0.9312320884826333,0.876035604520377,0.9623824451410659,0.8108161786537502,0.8622543794341355,0.9660244666247455,0.9210985398310314,0.910601968746465,0.9592404230051594,0.9124768483179178,0.9425174783713439,0.8719390991735314,0.8733022546836291,0.891405318287436,0.8886981112672732,0.566108232120417,0.9607848936032954,0.9410406098239261,0.4408515443948542,0.9457879562525048,0.9153141563577833,0.8390340081240992,0.9482479709168004,0.895920748243598,0.47631614527644295,0.8805949390857779,0.9577431256853026,0.47631614527644295,0.9482479709168004,0.9562880686171877,0.9495194495442563,0.8959254409068567,0.9619936422826707,0.964040252388596,0.97198591592526,0.9657671730030437,0.9495194495442563,0.9445623805946022,0.828753063687315,0.9469990271543745,0.9657671730030437,0.860251929184527,0.9280917395652364,0.7617082565661879,0.5853979116708923,0.9469990271543745,0.9162673470024438,0.9592404230051592,0.9808531012828585,0.9134191021410443,0.8941155981922169,0.9364748811663077,0.9134191021410443,0.8570938287816201,0.9894059433698013,0.8638877870505536,0.8366083656801928,0.918186094706007,0.8394089368969622,0.8400388316300482,0.9059631313150907,0.9333065093925881,0.9965514935490281,0.5661082321204177,0.8430302626854405,0.9482479709168006,0.9075881164980937,0.9433718940682516,0.9761356843815903,0.7882404231802298,0.9592404230051592,0.9708005919631291,0.8538966800745265,0.9706172773228458,0.913419102141044,0.964040252388596,0.8334597424015091,0.9483117174169302,0.9623824451410659,0.9280917395652364,0.9521375655065456,0.9521375655065458,0.9560086947472866,0.9457879562525049,0.9354577472990953,0.8832783605113934,0.9250566218612026,0.9548710823073729,0.9548710823073732,0.7858946626455751,0.9201228276565452,0.49198644090280874,0.8896003271096578,0.4408515443948542,0.9623824451410659,0.4408515443948542,0.4408515443948542,0.9433072675424814,0.5661082321204176,0.9808531012828585,0.4408515443948542,0.8034122967344925,0.962618804038329,0.6313630251988533,0.8733022546836291,0.8977386203509139,0.8329186262686781,0.9619936422826707,0.7284056255335691,0.9649376594301959,0.9508152934266847,0.9368056844674395,0.0,0.9291179679746993,0.8030952829801479,0.7321637323361276,0.9354577472990953,0.9508152934266847,0.9534886050081051,0.8470051605241502,0.9623824451410659,0.9106019687464653,0.9592404230051594,0.9581074754130985,0.9469990271543745,0.9421983319196943,0.9445623805946022,0.974370845851183,0.934376934302581,0.9191520956010535,0.944562380594602,0.6584525097687597,0.9592404230051592,0.4809361246314322,0.9577431256853026,0.9282619895472621,0.8769444849065684,0.862232927318646,0.2903574015519471,0.8769444849065684,0.9521375655065458,0.9071047104360579,0.9050424200568568,0.971905036534492,0.9047777385165499,0.936549554387319,0.9675743567407267,0.8329186262686781,0.9719859159252597,0.9060691392655625,0.8308451806834372,0.9469990271543745,0.8962706164706526,0.8986467260787545,0.4408515443948542,0.9607848936032954,0.9280917395652364,0.9562880686171877,0.8805708457535912,0.9469990271543745,0.9534886050081053,0.936549554387319,0.8546882169814702,0.9445623805946022,0.9298530872602186,0.9657671730030437,0.8223572438900817,0.9868659623160064,0.9956574345307034,0.47631614527644295,0.9813507987576178,0.8871339301744108,0.9270730230791455,0.9433718940682516,0.9406008519517007,0.8968315612097784,0.9004625295707855,0.9917401414037557,0.9301521134798674,0.8758540789337496,0.8805708457535912,0.9354577472990955,0.9398072791970182,0.9457709851868581,0.9577431256853026,0.8612981558461013,0.9162673470024438,0.6336375479185654,0.45933786842754687,0.8245098594864123,0.8631655385537389,0.9675743567407267,0.895925440906856,0.9592404230051592,0.9792503453259271,0.9280917395652364,0.942198331919694,0.9153141563577833,0.9354577472990953,0.8049261828249481,0.6995298944485666,0.9482479709168001,0.9548710823073732,0.9607848936032954,0.9675743567407267,0.4408515443948542,0.9808531012828585,0.8841862845276727,0.9320968266176184,0.9311946072310935,0.4408515443948542,0.8995559887924942,0.8489166250019229,0.9443139433986844,0.6462069117302025,0.9172245874626139,0.9068859994145182,0.8977386203509137,0.8805019575404416,0.9376530086096915,0.9443139433986845,0.8477196485514609,0.9059631313150904,0.9623824451410659,0.9162673470024438,0.938768815466609,0.9604535056538154,0.9270730230791455,0.9675743567407264,0.9376530086096915,0.9534886050081051,0.9675743567407267,0.9495194495442565,0.938768815466609,0.9562880686171875,0.8263796013199767,0.9004665216997625,0.9640402523885963,0.9562880686171875,0.9469990271543745,0.843588756537291,0.9276065414570318,0.45933786842754687,0.9560086947472867,0.4919864409028083,0.45933786842754687,0.45933786842754687,0.6135389962932141,0.4408515443948542,0.9783779352946236,0.6667624216296497,0.4408515443948542,0.9433718940682516,0.7234868266050867,0.964040252388596,0.9592404230051594,0.864681295715779,0.9577431256853026,0.45933786842754687,0.8245098594864122,0.9787757668872881,0.9942714459947757,0.9317900942184545,0.4408515443948542,0.9201228276565452,0.9592404230051592,0.9433718940682516,0.8223572438900817,0.9210985398310312,0.964040252388596,0.9577431256853026,0.9457709851868581,0.9270730230791455,0.9457709851868581,0.9562880686171873,0.5823003638964059,0.9322459088752486,0.9354577472990953,0.8654261869221105,0.9219798955488133,0.9457879562525048,0.939897739160851,0.9592404230051594,0.9201228276565452,0.8640960613563906,0.4408515443948542,0.8929968346358234,0.9380222350786751,0.9657671730030437,0.962618804038329,0.9521375655065456,0.9482479709168004,0.9489338192506498,0.47631614527644295,0.8232190248810176,0.9440811193736829,0.4408515443948542,0.4408515443948542,0.6854677005916785,0.8421718659231521,0.9606832254354425,0.86560416687451,0.8668758171222237,0.9399417142435167,0.8964678380224957,0.9253562380373372,0.942198331919694,0.9377001994406238,0.4408515443948542,0.9581074754130987,0.9607848936032954,0.9675743567407267,0.8546882169814702,0.964040252388596,0.955734856013263,0.4408515443948542,0.4408515443948542,0.9024373681012594,0.9562880686171875,0.9094192894636666,0.9469990271543745,0.8769444849065684,0.9134191021410445,0.5630682619501788,0.9568407342490961,0.8575360288119107,0.871473686660426,0.4408515443948542,0.9270730230791455,0.8430302626854405,0.9577431256853026,0.675272582175808,0.6150007853708622,0.7720505777903304,0.6996723149460167,0.9291179679746997,0.9577431256853026,0.8787593440855814,0.4408515443948542,0.9511935811114112,0.9291179679746995,0.9134191021410447,0.8905026990324321,0.9209050008316384,0.9495194495442565,0.9464118920324346,0.8742145641840271,0.9623824451410659,0.8868937905864736,0.9904521956273187,0.9521375655065456,0.9657671730030437,0.9333065093925879,0.5943032437884442,0.970588929879465,0.9607848936032957,0.45933786842754687,0.9920255469531101,0.938768815466609,0.9270730230791455,0.9322459088752486,0.9675743567407267,0.9761356843815903,0.9675743567407267,0.9675743567407264,0.9162673470024438,0.5045701786437081,0.910601968746465,0.8176392862623291,0.9657671730030437,0.9469990271543745,0.9469990271543747,0.855640129622627,0.9508152934266849,0.9548710823073732,0.8923351671954537,0.7556227381582281,0.9577431256853028,0.8977123223576164,0.6196906358642537,0.7858946626455752,0.780331516178211,0.4408515443948542,0.9068859994145182,0.9562880686171875,0.8244716253407955,0.9657671730030437,0.9421983319196945,0.9433718940682518,0.876035604520377,0.4408515443948542,0.8088965260521003,0.8329186262686781,0.9433718940682516,0.9309752480861739,0.9511935811114112,0.9377001994406237,0.9607848936032954,0.8206594299746426,0.8559914499686958,0.9309752480861739,0.9093850586945165,0.9445623805946022,0.85919229573665,0.9675743567407267,0.9445623805946022,0.9562880686171875,0.912476848317918,0.9970639700164783,0.9979359844619953,0.7284056255335689,0.8370123492175015,0.9562880686171873,0.45933786842754687,0.9672708404642685,0.8805708457535912,0.7492744870590528,0.8077975275903291,0.9168188403386277,0.4408515443948542,0.9475486534367226,0.8823796135894804,0.9333065093925879,0.4408515443948542,0.9991725701340459,0.8456829831262229,0.964040252388596,0.5661082321204176,0.45933786842754687,0.8677987043663951,0.8266313169822592,0.9115378627127524,0.995067487912588,0.9399845276374332,0.9445623805946022,0.8390340081240995,0.4408515443948542,0.8959207482435982,0.4408515443948542,0.964040252388596,0.8565893759313061,0.9004665216997625,0.9675743567407267,0.8993715589111388,0.8298015015479605,0.918186094706007,0.9333065093925881,0.4408515443948542,0.9906206863879108,0.8459888203478396,0.9065745197589399,0.9026976644887872,0.6804256865012995,0.9607848936032957,0.6329566841352607,0.9059081043309061,0.6752143570363177,0.907811167093981,0.823436217699917,0.6752143570363177,0.9333065093925881,0.9607848936032957,0.9013784409842847,0.6752143570363177,0.9675743567407267,0.9410406098239261,0.9577431256853026,0.9013784409842851,0.971905036534492,0.9591464247864103,0.9433718940682516,0.9068859994145182,0.9270730230791457,0.9445623805946022,0.9260614370793872,0.939897739160851,0.9548710823073732,0.9258754510202482,0.8663112473270755,0.9333065093925881,0.9153141563577833,0.9242089152001634,0.6950823178702201,0.9210985398310314,0.9398977391608507,0.9577431256853026,0.9592404230051594,0.9153141563577833,0.9653967881313258,0.9376530086096915,0.9376530086096915,0.9581074754130985,0.9607848936032957,0.9623824451410659,0.7673462040525132,0.9365495543873186,0.8850890368124651,0.9291179679746995,0.9354577472990953,0.808993550621532,0.9457709851868581,0.9343769343025805,0.9562880686171873,0.8594218446557473,0.9891520826002305,0.9250566218612026,0.9143648077845044,0.8144019840859997,0.9623824451410659,0.9808531012828585,0.7624999853426301,0.9410406098239263,0.9521375655065456,0.9365495543873186,0.9568407342490961,0.7720451198653127,0.8904980283501738,0.9482479709168004,0.823042962105495,0.9548710823073732,0.9391357122564041,0.8538966800745267,0.9592404230051592,0.9577431256853026,0.9022918659842718,0.9376530086096915,0.9592404230051594,0.9555872102327527,0.8823796135894804,0.8495834360609228,0.9534886050081051,0.9039625825630315,0.9568755471965897,0.9433718940682516,0.9162673470024438,0.9592404230051594,0.8787593440855814,0.9433718940682516,0.9623824451410659,0.9078111670939808,0.942198331919694,0.9577431256853026,0.9657671730030437,0.9013784409842849,0.964040252388596,0.7919266732908352,0.9623824451410659
p196_N,0.8178988529621023,0.904880473824603,0.8245470872241867,0.9352780314506284,0.9949841493208557,0.9389009867184679,0.8179020788146096,0.8200107221568944,0.42920010254308727,0.9354957453078971,0.9024846512059139,0.9998717412550098,0.957418096663307,0.8743307438550612,0.9370577927474861,0.8141693012543916,0.9903850005315029,0.8889039599111499,0.9845214236147153,0.9902416640337588,0.8410682594545356,0.9369836237218983,0.8955399645501798,0.9203761879341785,0.8978173148387736,0.2018787229880712,0.9098137391625776,0.9220033199406046,0.990241664033759,0.7668332620298084,0.2771093559920521,0.9261077324693099,0.9859795134306011,0.3379385359591255,0.961325151342389,0.932241742150131,0.9203761879341785,0.907322207422613,0.9389009867184677,0.8867504707956382,0.8368572865027593,0.9253216361240026,0.9965185747417933,0.9702750930026955,0.9693293687840343,0.7526313728371699,0.9231975163531971,0.45125089743799374,0.8867504707956384,0.9926713216747904,0.9261077324693099,0.7966833405119433,0.2018787229880712,0.9433231638906061,0.9466508604266066,0.8846232616841083,0.8846232616841088,0.9176344520056336,0.7420229327079562,0.995006237994279,0.3871318513296146,0.6879613239088722,0.8889039599111501,0.8368572865027593,0.9291179679746995,0.627488009717589,0.9774096618002822,0.8490190724641382,0.7734083183403931,0.9631988949207005,0.872332274786086,0.8867504707956382,0.961325151342389,0.6023198799745904,0.9176344520056336,0.8158904503387636,0.9001312905981318,0.9024846512059139,0.6303392625589983,0.9389009867184679,0.9401042088409286,0.8932967537832142,0.880441550898158,0.9225786753593272,0.9176344520056336,0.8664383561643836,0.9738359568456643,0.673040909520874,0.8766872575086164,0.9149644520716045,0.9176344520056336,0.824547087224186,0.745720042739128,0.5147244383607925,0.880441550898158,0.965444590162599,0.868528994512135,0.8176146677824228,0.581107817568205,0.545569753080772,0.8846232616841088,0.9231975163531969,0.9176344520056339,0.8321825453439611,0.8336897868247422,0.932241742150131,0.8494889870069657,0.5936169692080362,0.9937773364805663,0.6158334653015921,0.8431388251058147,0.8910854332944247,0.6110682314070711,0.8531758945117818,0.9231975163531971,0.6574045206745699,0.981765853956609,0.932241742150131,0.9389009867184674,0.5443878531841103,0.9702750930026955,0.8605569040332726,0.8978173148387738,0.8783842798904287,0.9562533908075042,0.7008363549607667,0.9203761879341785,0.8379269506759396,0.9149644520716045,0.8910305906213416,0.41832601965116023,0.9231975163531969,0.9774096618002821,0.9965185747417933,0.9098137391625776,0.7491566735405861,0.9163527048220907,0.9261077324693101,0.9261077324693099,0.9123594767995955,0.7400229065382041,0.9354957453078971,0.5888294523313282,0.8137727791661153,0.8645218511266486,0.4614393815139274,0.9078513820385044,0.5382587293201538,0.9198942322161898,0.6966837160496833,0.9550124172403793,0.9676346945421204,0.7870669811240099,0.6929874560650411,0.9743490353345137,0.2846554936905781,0.8297910347208406,0.9169857742242804,0.9545645234685156,0.8373631026438322,0.7629848541475832,0.983682988822291,0.8932967537832142,0.9628246376746907,0.8333125033847861,0.8645046537943692,0.742306387929194,0.8620322227114241,0.9927191970098235,0.9500012334294734,0.9048043876528449,0.9149644520716045,0.3972798080455333,0.80373736987933,0.682801656639263,0.9364974377814206,0.932241742150131,0.8553966797904402,0.9000905586095038,0.8392124024772527,0.9949132684426722,0.6381142596143051,0.984813660084917,0.9574180966633072,0.6863910530096544,0.7629849328788401,0.5028258797526481,0.89153434024503,0.904880473824603,0.8763477248373532,0.912359476799596,0.9997647479471943,0.7309151370592357,0.6833455186828595,0.8476598553448089,0.9176344520056336,0.9203761879341785,0.9536828573969376,0.8640003271366139,0.8120575124059055,0.4789382271947342,0.9576746141532876,0.9176344520056336,0.7868761542855607,0.6457715329090743,0.9354957453078971,0.9176344520056336,0.6625581851750559,0.34094132450715287,0.4844509855065978,0.6104189512279772,0.8458396385168981,0.9149644520716045,0.9176344520056336,0.828368375350762,0.9176344520056336,0.6195283027166623,0.7584517188443847,0.792377359481627,0.9176344520056336,0.7959502845364524,0.9176344520056336,0.7984775180951884,0.4319656480791757,0.9220033199406046,0.7987808166564547,0.9231975163531971,0.6775060615486667,0.9536828573969369,0.8955399645501798,0.900131290598132,0.8476598553448089,0.6222107406929536,0.8683869765649121,0.9261077324693099,0.8368572865027593,0.9182912608602745,0.8937269373258918,0.9077707508606769,0.5969506861309871,0.28405035525741096,0.9500993698470401,0.837363102643832,0.9123594767995964,0.9176344520056336,0.9194783163486806,0.9176344520056336,0.7479865882210256,0.8625851059964711,0.9743490353345139,0.914684230466458,0.6775060615486668,0.9203761879341785,0.9422472753056208,0.8978173148387731,0.874628227385192,0.9024846512059139,0.5324230572317574,0.9231975163531971,0.7919760287785569,0.6195117107573576,0.9477638490194609,0.9149644520716045,0.9291179679746995,0.9560868551767852,0.9389009867184677,0.7605691019064147,0.8473872311681503,0.8910854332944247,0.5368103171700132,0.8412383273235682,0.9261077324693099,0.9567675698260614,0.89750743233494,0.6289762449985732,0.932241742150131,0.5574589635486438,0.37917947342522074,0.8932967537832139,0.8404281005597702,0.932241742150131,0.9432154862796771,0.5759703192824694,0.9291179679746995,0.8600762842131291,0.8743307438550609,0.9231975163531969,0.8683869765649119,0.6110682314070714,0.9123594767995957,0.9231975163531969,0.983682988822291,0.7110635700387882,0.932241742150131,0.6477038165154441,0.6176635635226598,0.8141693012543916,0.9277288942401347,0.932241742150131,0.9176344520056339,0.8867504707956384,0.9123594767995962,0.9261077324693099,0.6591401878344518,0.9850486261598483,0.983682988822291,0.8867504707956382,0.9629993477669243,0.7195880398706749,0.9615343759311801,0.9739341025718546,0.7782566435564253,0.9452915704191451,0.7943394291085213,0.8155651738070818,0.9354957453078969,0.7406738204574792,0.9354957453078971,0.9565730307289084,0.9479215598710826,0.8531758945117818,0.9231975163531969,0.9176344520056336,0.49499663314824327,0.8422241792803136,0.8889039599111501,0.932241742150131,0.9706172773228455,0.9998717412550098,0.9176344520056336,0.9700875472925472,0.932241742150131,0.9389009867184677,0.8550346801467701,0.7134837754282192,0.8932967537832139,0.9261077324693097,0.7801712852526864,0.7615051826669561,0.8978173148387738,0.6207339565294632,0.7819525210633151,0.9836829888222911,0.3379385359591258,0.7900270382052477,0.4800364851193444,0.7621907943832177,0.9389009867184679,0.6861335825366259,0.8683869765649121,0.6289762449985734,0.9098137391625771,0.9149644520716045,0.9325288802644414,0.8141693012543916,0.6110682314070716,0.6084524235015436,0.7060898900522408,0.9176344520056336,0.4775374305348562,0.9245697225149279,0.8703513274042392,0.8955040393396556,0.9902416640337588,0.7688163827260855,0.9176344520056336,0.9176344520056336,0.91989423221619,0.9738086047876617,0.7715485738634289,0.9176344520056336,0.9354957453078971,0.9176344520056339,0.8743307438550609,0.8333125033847861,0.608197547135289,0.9176344520056339,0.8763477248373532,0.9001312905981318,0.7279854846060809,0.6890449147087434,0.9176344520056336,0.807310857539258,0.8645046537943692,0.6312116533328547,0.6454726500402044,0.8763477248373532,0.8101952861148263,0.9231975163531969,0.6337619373385279,0.9176344520056336,0.7090349884619687,0.8889039599111501,0.6029971494516704,0.8803347303698101,0.9203761879341787,0.726191814002852,0.9073222074226135,0.9176344520056336,0.9547967519858331,0.6351740589440416,0.9176344520056336,0.9380806103257937,0.6738444477631658,0.7837978577338602,0.7004742921765219,0.6213366703853662,0.9176344520056336,0.739201526107848,0.5934121054747082,0.9706172773228456,0.8411759963696495,0.776929282953134,0.9559401521793895,0.2895677006934315,0.8808481106710588,0.9231975163531971,0.9350596893811605,0.43780708122962175,0.8955399645501798,0.5428745643732524,0.8173603153764484,0.7902760008933463,0.9664656501581605,0.9261077324693099,0.8889039599111501,0.9176344520056336,0.9631988949207005,0.8404281005597691,0.6740550220556036,0.9846566758890424,0.882520768375795,0.9123594767995955,0.748783135535598,0.9654282935645835,0.9123594767995955,0.9024846512059139,0.9176344520056339,0.981765853956609,0.8038943185349747,0.8440278889899995,0.932241742150131,0.5242380697085773,0.9902416640337586,0.904880473824603,0.9664656501581603,0.6616310599802224,0.936983623721898,0.9354957453078971,0.7319571482244445,0.991748680840042,0.8725825827815017,0.8910854332944247,0.900131290598132,0.8422241792803136,0.969757263765453,0.8683869765649119,0.8620322227114245,0.9321484275979781,0.9281278923411589,0.659643989323939,0.9024846512059141,0.2771093559920521,0.7801055081046449,0.6753212989729113,0.845839638516898,0.9098137391625776,0.6714231377791383,0.8228081446899336,0.9657516752484121,0.9281278923411591,0.9980715070378493,0.7042249559000475,0.9024846512059141,0.8003602004056394,0.9281278923411591,0.8625851059964713,0.7217129777751454,0.9231975163531969,0.8094100415072518,0.7116448883285145,0.9536354056902001,0.88720715892009,0.9631988949207005,0.7328872324880131,0.43090273163741866,0.9291179679746997,0.9220033199406046,0.9098137391625776,0.9098137391625771,0.9743490353345139,0.932241742150131,0.8783842798904287,0.755863507840951,0.8587856401289504,0.9149644520716045,0.9149644520716045,0.5724412953225766,0.9027145695931782,0.9098137391625767,0.7919760287785568,0.9176344520056336,0.9291179679746995,0.9176344520056336,0.9176344520056336,0.5839461816380537,0.8955399645501803,0.8683869765649121,0.9176344520056336,0.6058163427061567,0.5319148483314187,0.8625851059964712,0.7612658857087968,0.8527382835752315,0.7230725533751405,0.8440278889899995,0.842224179280314,0.5251910044102988,0.9466508604266071,0.8858563067542287,0.9291179679746993,0.0,0.628976244998573,0.5108093170212038,0.8783842798904282,0.9466508604266068,0.912359476799596,0.8195897059606542,0.9291179679746995,0.8561985635661342,0.9231975163531971,0.8640003271366139,0.9001312905981318,0.9719697553872638,0.89553996455018,0.5777041544820125,0.8763477248373532,0.3343588655830231,0.9626086642338588,0.8703513274042394,0.983682988822291,0.9001312905981322,0.9203761879341787,0.8606789940362409,0.4654134427934741,0.7404081659626411,0.9261077324693101,0.7681288697670128,0.9098137391625771,0.6829642004672616,0.8210732662498847,0.9149644520716045,0.6686963586136241,0.8804415508981578,0.9389009867184679,0.7230725533751408,0.5645084184942726,0.9194783163486804,0.6812648412425208,0.900131290598132,0.9908342652343985,0.9231673852491011,0.9176344520056336,0.9261077324693099,0.4167620193776842,0.961325151342389,0.8169386176061959,0.936983623721898,0.9950062379942792,0.8804415508981578,0.726191814002852,0.8955399645501796,0.616240633655625,0.9354957453078976,0.7028990471467902,0.9777237664759431,0.9544226884542866,0.9123594767995955,0.9466508604266066,0.806598893403457,0.8625851059964713,0.8932967537832139,0.7193387010444435,0.5841638125870512,0.6928855177903799,0.989719849789638,0.9271776793409097,0.5707919514912174,0.7749619514667088,0.9096622933762624,0.9354957453078971,0.8978173148387736,0.9654282935645835,0.7980615682684662,0.9517647885373739,0.593655262317174,0.9149644520716045,0.6693273178797703,0.7421654672992333,0.9389009867184679,0.9163527048220905,0.8440037465855221,0.8664383561643836,0.9220033199406046,0.8910854332944247,0.8659812204023993,0.8783842798904284,0.970087547292547,0.860076284213129,0.9024846512059137,0.9574180966633072,0.9261077324693099,0.9389009867184679,0.9176344520056336,0.8683869765649124,0.8030631814991849,0.6110682314070714,0.8703513274042394,0.9176344520056336,0.5237878042388439,0.7153165147159786,0.9412482016688248,0.8743307438550612,0.8440278889899993,0.824547087224186,0.4885640389031608,0.7466826215843199,0.8825207683757952,0.9532058268379922,0.5299046454454401,0.8228081446899336,0.9291179679746995,0.8422241792803136,0.8846232616841085,0.983682988822291,0.9194760752462123,0.9389009867184674,0.9790111546477849,0.9123594767995962,0.9389009867184677,0.904880473824603,0.8846232616841085,0.9176344520056339,0.8037373698793304,0.8124509893605874,0.9109192134561164,0.9949841493208558,0.900131290598132,0.6818416717995235,0.6213366703853664,0.9149644520716045,0.9774096618002821,0.9098137391625767,0.9149644520716045,0.9149644520716045,0.897782327952911,0.9176344520056336,0.9098137391625774,0.8494889870069654,0.9176344520056336,0.8932967537832139,0.8228081446899336,0.932241742150131,0.9231975163531971,0.9792503453259271,0.9654282935645835,0.9149644520716045,0.6693273178797703,0.5443878531841102,0.9310028073541701,0.5416675649473093,0.9176344520056336,0.849488987006966,0.9231975163531969,0.8932967537832144,0.6009855196040679,0.8513275026111498,0.932241742150131,0.9895196008050116,0.9215071040267931,0.8625851059964713,0.9339524310656604,0.9949841493208558,0.8625851059964713,0.872332274786086,0.9096622933762624,0.6077906903703083,0.9024846512059141,0.932241742150131,0.8867504707956384,0.9231975163531971,0.849488987006966,0.5183192171746834,0.9176344520056336,0.961325151342389,0.8090219836218671,0.9354957453078971,0.7368812164026219,0.9098137391625771,0.9024846512059139,0.5501708949450677,0.9123594767995955,0.6246056677005865,0.6175845887893592,0.9176344520056336,0.9176344520056336,0.9169857742242808,0.7652482714754036,0.8422241792803131,0.7041221740423251,0.507718454870534,0.7004742921765219,0.780105508104644,0.6263593261677913,0.8910854332944247,0.5787140997335857,0.9176344520056336,0.8640003271366139,0.9261077324693099,0.9389009867184677,0.726191814002852,0.932241742150131,0.5707919514912172,0.9176344520056336,0.9176344520056336,0.6356415835749925,0.9176344520056339,0.6221852215048808,0.900131290598132,0.7681288697670123,0.8368572865027593,0.8825207683757952,0.88720715892009,0.6006597270725103,0.7578203503020648,0.9176344520056336,0.8625851059964713,0.5867601752230454,0.9203761879341785,0.932241742150131,0.9558221631696922,0.8219508236959862,0.8550346801467705,0.8664383561643836,0.9895196008050119,0.8132455256424227,0.9176344520056336,0.5635361086933859,0.8664383561643836,0.382719691028631,0.7936763507630318,0.8243519100830419,0.9433231638906061,0.9766783042884537,0.7835113554892807,0.920484899971618,0.5886501598130667,0.5493883484389417,0.9903850005315029,0.9354957453078971,0.9733010371560203,0.8889039599111506,0.5977822841979893,0.9261077324693099,0.9149644520716045,0.46931204392911474,0.8846232616841081,0.9479215598710828,0.9626271830036193,0.9965185747417931,0.8910305906213416,0.9458638372348817,0.9389009867184679,0.8422241792803131,0.9595690210200332,0.4536141174959737,0.961325151342389,0.9354957453078971,0.900131290598132,0.9156070437830371,0.7475501965998634,0.9466508604266075,0.9998717412550098,0.949904800799596,0.49087563767562203,0.920376187934179,0.6244632871694558,0.8955040393396558,0.6303392625589983,0.6616310599802224,0.9176344520056336,0.824547087224186,0.9176344520056339,0.664558525795967,0.9354957453078971,0.9719697553872638,0.2010936437102233,0.7664162840106339,0.9176344520056336,0.6162406336556245,0.7230725533751405,0.8932967537832144,0.6136641699763175,0.6217117656151944,0.6168504686623928,0.9261077324693099,0.5753559086348037,0.9299167774405854,0.7463168253060264,0.6982000155310901,0.8955399645501794,0.7856416948662632,0.9389009867184679,0.9310028073541698,0.9176344520056339,0.8350818158237849,0.9530379936367415,0.5483759162341848,0.842224179280314,0.7119113260650165,0.9176344520056339,0.9149644520716045,0.5781377536110939,0.7749619514667092,0.8315490164612089,0.6874387112540088,0.7049529197899399,0.9176344520056336,0.648127076207361,0.7783701777629337,0.9352780314506286,0.9176344520056336,0.5648883465523022,0.9073222074226133,0.932241742150131,0.8955399645501803,0.9149644520716045,0.8113011753274528,0.9225786753593271,0.8333125033847857,0.9172640312418523,0.8781745275078818,0.962608664233859,0.7348312595478845,0.9176344520056336,0.9566619211708887,0.9176344520056336,0.9845214236147153,0.7689784977830634,0.5185475416213052,0.9389009867184677,0.9121513639211625,0.773807050429262,0.39529610000807536,0.8743307438550612,0.9176344520056336,0.9236326045439064,0.5782445690081739,0.7985217791164936,0.8783842798904287,0.8625851059964715,0.9774096618002821,0.8783842798904273,0.9072141675815735,0.8932539868674876,0.3761348717408699,0.66730427539922,0.8932539868674876,0.9352780314506286,0.9261077324693097,0.8141693012543916,0.8932539868674876,0.9389009867184677,0.8889039599111501,0.9444674951746068,0.8141693012543916,0.9149644520716045,0.8763477248373532,0.8932967537832142,0.4789382271947341,0.8625851059964713,0.998071507037849,0.3228726932371818,0.9198942322161898,0.9149644520716045,0.900131290598132,0.6385749046224073,0.8743307438550614,0.8404281005597691,0.6625581851750558,0.8845061769360816,0.8513275026111498,0.9198942322161898,0.9203761879341787,0.9231975163531971,0.4696376636892158,0.8766872575086164,0.9468476925571214,0.882520768375795,0.47661196319448973,0.9261077324693097,0.9291179679746995,0.8833098451332437,0.23168368445770693,0.8262122908200262,0.9245697225149279,0.8783842798904284,0.8431317151109079,0.970087547292547,0.2902583210686941,0.9176344520056336,0.5943854501402319,0.8245733265229016,0.8587856401289509,0.34980663441200865,0.8372730958138412,0.9291179679746995,0.9271776793409099,0.8874968335551736,0.2018787229880712,0.9500993698470404,0.9438611769441674,0.8620322227114248,0.8791630303287916,0.7321521971581655,0.9024846512059139,0.8475890751228303,0.9149644520716045,0.8795777283393318,0.8079961319821205,0.9231975163531969,0.9203761879341785,0.48445098550659793,0.21690229308562603,0.983682988822291,0.8850707526024728,0.6298507405622917,0.8139438951705953,0.9536828573969378,0.912359476799596,0.6068143076053096,0.8932967537832139,0.842224179280314,0.9231975163531971,0.5821486735621728,0.8932967537832142,0.9291179679746995,0.4969795331721497,0.9719697553872638,0.9203761879341787,0.9354957453078971,0.5132104584518331,0.932241742150131,0.802030961445444,0.9291179679746995
p196_T,0.876993036378446,0.8427924131717953,0.6200419926237883,0.8578073339968085,0.9470547902208427,0.872479297149139,0.9884575410711836,0.9711566782373211,0.5834601855848904,0.8208122474227109,0.7856920188609455,0.900664317590558,0.9624492924114183,0.7005938978479771,0.9851916360592898,0.9025755454806283,0.9128009972035693,0.7005689296405755,0.8510887196233301,0.8614494698822026,0.6445484407433254,0.825889876483042,0.8328000260887205,0.8369172238728211,0.8411057039016189,0.6913839274823115,0.8088842737990019,0.8646208705099017,0.8614494698822027,0.9909811223762401,0.7025018769637013,0.8630614034554606,0.8262967737928681,0.8049962043806351,0.9752298134312947,0.9522302390583732,0.8725531803354875,0.8262967737928694,0.830271740571741,0.7375118896297228,0.6739331244874189,0.9403025310443709,0.9417401014264113,0.8953044760118782,0.964759358905853,0.6457169815201856,0.7929984735168574,0.7807184510007574,0.7802590308511557,0.7604205667775612,0.8880618610263926,0.5127518729813456,0.6913839274823115,0.7605561433588501,0.9277449747184279,0.8153266217715174,0.9837202531589216,0.7711949776746385,0.9442134294161836,0.8703808970142306,0.661890942876086,0.7053329550203422,0.9954074989208677,0.7713411892840469,0.8412846402989775,0.7576299370362074,0.9813906368456975,0.6440992163132968,0.6346371549597714,0.9522302390583733,0.6753138062123984,0.823006172072588,0.9470547902208428,0.6319804609105417,0.7711949776746385,0.7293756433680558,0.8496550108682435,0.7856920188609455,0.6645692345751761,0.8353231768642488,0.9231892051184238,0.9370257593410318,0.9950576788688374,0.7222848990290441,0.7711949776746385,0.6587623401039979,0.8889285108945424,0.7427113106726289,0.9600498089140669,0.7637779275925336,0.7711949776746385,0.6665073006686879,0.6272243115931979,0.6384442149453864,0.8723645567877301,0.8297825740643552,0.6860650486596369,0.6596730668024535,0.6719546932922698,0.604256544354171,0.8995234374652196,0.8830740720259549,0.8061796741685837,0.8218985648238707,0.8793446097014782,0.8173748798116494,0.6286597399948393,0.6460987665065725,0.925868101997521,0.6434601936256137,0.7151131443985955,0.9844586477467467,0.8035852383345636,0.7440283018081899,0.883074072025955,0.7496162580497541,0.9667459892559682,0.8454867220715399,0.9096354174340288,0.7894686376640432,0.8773302963230465,0.7683683887447593,0.7478952262612746,0.9747717691648858,0.982876531690664,0.8805313252143661,0.8435002207563183,0.7538375922389763,0.9350720144118136,0.9301163280775342,0.6950444927727664,0.8830740720259548,0.8630614034554607,0.9467915377189187,0.8868218163524274,0.7124744036508939,0.7888329943314409,0.863061403455461,0.8008422195759235,0.7565415109136846,0.7444818995024092,0.8261452162494138,0.8199547434695638,0.6220546122499762,0.8411685795119928,0.7030869762391412,0.9694402741312285,0.5972302835511127,0.8991374099881002,0.5900578391429273,0.967362230780565,0.8320507389959206,0.8098992535700121,0.8468429382628541,0.9563901792747658,0.7281488451023699,0.8728251470388748,0.7697389797584416,0.8100734516373291,0.8281967643401433,0.9136735873470442,0.8530488725229224,0.8921023247330179,0.6454433876465075,0.6147579680641693,0.7645848236463044,0.8079769656402389,0.6252290920891047,0.8822491990500552,0.7435434460435437,0.7988522954409967,0.7981856244137903,0.8268369115302492,0.9784396997849989,0.9965607875060084,0.8132992036357136,0.8510887196233299,0.711365917004062,0.803989639472752,0.8196140537560744,0.8516872347880255,0.6806890072126108,0.920572641388645,0.9280415955901629,0.5804943316424755,0.7318214071545567,0.6688584591258095,0.9192500849628167,0.7357654281420156,0.9948884478090538,0.8631351086485664,0.9851831776589017,0.44649636381029123,0.6224505902463657,0.8320507389959211,0.7711949776746385,0.8950231430311593,0.8703808970142306,0.7643637433128905,0.5858671060181988,0.6984668227176967,0.9898265704110228,0.7711949776746385,0.6616487315158388,0.7436031395710898,0.8208122474227109,0.7711949776746385,0.6032803790383715,0.7283348455480363,0.6088760137864702,0.5295423344106129,0.7194992796700395,0.8803174584126041,0.7711949776746385,0.7373189897478538,0.7711949776746395,0.8154259771106365,0.6276530493486931,0.6239407995395327,0.7711949776746385,0.9974647725446539,0.7711949776746385,0.8486991777134139,0.8393209346891941,0.6904259624775454,0.657902436554479,0.7929984735168571,0.5857800175284837,0.7565415109136844,0.7413236767256903,0.722572570198134,0.7085178114805234,0.6344133990537129,0.8158774734460308,0.8630614034554605,0.6117410670039718,0.7694671580927854,0.8570644580315652,0.7267958478175661,0.9117725569384891,0.7099910744089908,0.9313239176895798,0.6487116375539916,0.8897835080822869,0.7711949776746385,0.8108073258115231,0.7711949776746385,0.9392366176877878,0.8497584182539223,0.9563901792747658,0.9847729295781842,0.5857800175284837,0.8950231430311593,0.939774511618573,0.9110135621318769,0.6409114491906754,0.9312514068712607,0.6590936887867691,0.9067495314528173,0.593942269925199,0.9453465489849121,0.8022180915418116,0.7637779275925336,0.8677534787475794,0.6412993463142528,0.830271740571741,0.881381291614669,0.9319450939012686,0.8299122392884313,0.7673588145698675,0.6381807842302893,0.9502810449059291,0.8397421838171333,0.8041021912546761,0.6527169149868522,0.8173748798116494,0.5932678806389378,0.8308420708849544,0.8696406074290107,0.8994857716029142,0.8173748798116494,0.8783346265635292,0.6305206249839204,0.9382719339501254,0.7166880368680824,0.8381556544782045,0.7929984735168573,0.9296153700980321,0.5467124239721086,0.8703808970142307,0.7929984735168573,0.9968251299619151,0.47228565431116243,0.8173748798116489,0.7858204344088409,0.6384442149453864,0.6187974497563,0.9652212985126809,0.9466282415065834,0.8907047437999391,0.7802590308511556,0.7637872992793495,0.8941709953952295,0.5966863296120226,0.8964728027469133,0.8830740720259551,0.7375118896297241,0.8275414399255219,0.599461806379072,0.8891141158967022,0.9848087655561648,0.9724887693456599,0.759267506281386,0.7161151794240102,0.7121025549865685,0.9973335155866474,0.700629391606477,0.8261452162494154,0.7779648412286971,0.98514764149467,0.813905936531068,0.9367747309558498,0.7711949776746385,0.794733085207088,0.9899157444943294,0.8091487765829183,0.8173748798116494,0.9970698702824428,0.8529401804129993,0.7711949776746385,0.9110135621318769,0.9859440788700544,0.9096354174340289,0.8208614103143586,0.6758116736360482,0.8471788901250037,0.9874997712145344,0.6664851318966212,0.4907224073542241,0.8178030844915328,0.7425483722735087,0.5359916609317384,0.8166739329437198,0.7102146238373015,0.4844618214712645,0.8349282890093557,0.8088762236716969,0.9096354174340289,0.5609514507396081,0.7210958929026965,0.5681054630441116,0.8348634546501432,0.763777927592534,0.9470486485479132,0.7982825765424514,0.5956405790887662,0.6381931363619793,0.39345006916176284,0.7711949776746385,0.6063301419668148,0.9476195095579485,0.8039896394727524,0.827455833106021,0.9267250083210725,0.6658317102856064,0.7711949776746385,0.7711949776746385,0.9418845512095328,0.9349678036496505,0.7203837121443459,0.7711949776746395,0.8967537235149903,0.8625297205894874,0.9364140520712241,0.6147579680641693,0.7314878846386175,0.9470547902208428,0.7662517251034342,0.8496550108682432,0.44348918667121173,0.565950134144922,0.7711949776746385,0.6271304818846613,0.7831245389384943,0.5620024818525153,0.489573058548356,0.7861567106940606,0.8344690449739671,0.8230236730198897,0.6158627325550619,0.7711949776746385,0.44234301379283236,0.8960126541367911,0.7283855146875702,0.5965712099250796,0.9887650186521642,0.5012917203882056,0.7502106230987005,0.7711949776746385,0.9910675790629118,0.5107272867041943,0.7711949776746385,0.9749834622184279,0.7920177427853805,0.6826945366556212,0.40224627333552265,0.5844970651034012,0.7711949776746385,0.7797012513711853,0.6840505477852497,0.9382719339501254,0.9046556975488047,0.8090033102378447,0.7706732798097142,0.6562513409256161,0.7208378338317547,0.8530488725229224,0.7972795286149581,0.5637568085924605,0.8556691134294783,0.6007813624774072,0.7887246370945017,0.5747246390319203,0.8699018384814314,0.8630614034554602,0.7440008684175135,0.7711949776746385,0.9466282415065834,0.6193502772044976,0.6861955259736381,0.882731610867822,0.9944856699707003,0.7565415109136848,0.9587734649865705,0.930659099493826,0.7565415109136848,0.7856920188609455,0.8061796741685838,0.9588818650935282,0.5729772836189857,0.7637399522948416,0.9185163992466922,0.5806856117841521,0.8914207546882851,0.8845097194430245,0.9928836374740241,0.895312855376684,0.825889876483042,0.9673622307805652,0.636127737242908,0.8275414399255221,0.9917644569829787,0.785756122586055,0.7308293389422373,0.7574259931844914,0.8530488725229224,0.9106590539893652,0.9986266738095138,0.9795111931084224,0.8247171728209967,0.887730583927753,0.9231892051184238,0.7025018769637015,0.889131947176758,0.6161177233610269,0.6688745586072167,0.964759358905853,0.7290087853465717,0.7071484152734051,0.98497922985436,0.905742219530919,0.7784254891184008,0.4005329475638486,0.9555113048729802,0.7598898071297877,0.8832805022269121,0.8681021893929678,0.8500466024305564,0.883074072025955,0.880849831126425,0.5831922017921638,0.8274558331060211,0.9661573188773043,0.9129144016949025,0.9512032890833305,0.6984668227176971,0.9059428360664096,0.9870614071525806,0.8348634546501437,0.9387801780547111,0.9813906368456975,0.8117728822598587,0.7730677979952547,0.48732881600430633,0.6553410317673196,0.79818562441379,0.8255629024133948,0.6023410183686875,0.9251305032885433,0.7494696517315877,0.6079984410875876,0.7711949776746385,0.8089555424152615,0.7711949776746385,0.7711949776746385,0.6413785216313586,0.7098182270961282,0.8158774734460307,0.7711949776746385,0.5092273801547462,0.6514022508902451,0.8750850146603986,0.8448900819054247,0.6417779789765408,0.566961822384128,0.9143860743225954,0.661349628540914,0.6500714998264678,0.8439965731990657,0.9247104501445376,0.8030952829801479,0.628976244998573,0.0,0.5908307743506929,0.7528974008782917,0.9200827238932345,0.8098383097811257,0.8692568627005846,0.9382719339501255,0.6572543643656004,0.883074072025955,0.777704441426859,0.770102838968536,0.9713852355508772,0.7641927640664479,0.6831122512683265,0.7264417539221826,0.7299548613240208,0.9613781878444607,0.8508050019634457,0.8767243319497848,0.7701028389685369,0.8144472611771494,0.9149822340699343,0.796714827007486,0.6075340536787286,0.8569522690866243,0.642222938539083,0.7494696517315882,0.7917899260721368,0.5942560642152306,0.9624492924114183,0.5982618845636827,0.7595560769689473,0.9096354174340288,0.42031439792422076,0.63262426366906,0.7942009150036771,0.4703099413082972,0.8734201452534447,0.7535113660898445,0.9111349084827547,0.7711949776746385,0.8630614034554602,0.8090017246333314,0.9965951633582535,0.6370944569968311,0.8889285108945424,0.7831899103474056,0.739107223288763,0.526478238629204,0.8785382007702359,0.5839853995363313,0.8614494698822022,0.5103330632778789,0.9717090011218621,0.7705702667628838,0.7565415109136848,0.9531070249498175,0.6214865590405869,0.7947271048367865,0.8696406074290106,0.7305767527081111,0.5911517134781958,0.5157904672603023,0.8477294987222017,0.8727464217720315,0.5919936229358491,0.5152808668439922,0.8033538625485188,0.9320579771477779,0.9110135621318769,0.9887650186521642,0.6404247426819143,0.8938393798507513,0.7200653770572485,0.7637779275925334,0.4610041856867366,0.45901867718720446,0.9839476580038088,0.8323459299257299,0.9067495314528169,0.7149935044380058,0.8758231153994426,0.772682710390186,0.8698144094807434,0.7528974008782917,0.957618800952049,0.9745808104580851,0.7371722228575075,0.9827961515893724,0.8630614034554602,0.9839476580038088,0.7711949776746385,0.8429088365979671,0.6040284897309939,0.644568734205424,0.7080992620939182,0.7711949776746395,0.7110094570004599,0.4820074244768562,0.8150347593839375,0.945675870817152,0.6800476622794218,0.6510188646537217,0.6404946635213604,0.8267703759046056,0.7248474641061982,0.8956935872123426,0.5503461642669301,0.599392798025267,0.8089555424152615,0.6577875283374168,0.9837202531589216,0.94312447103202,0.7947271048367867,0.8353231768642487,0.8603245268714901,0.7904356987130698,0.9096354174340289,0.7436295523044576,0.794277417848092,0.8343546973790353,0.9527227290780964,0.6135224112942634,0.9466282415065834,0.8907047437999392,0.9839890484353477,0.48876792718312445,0.645443387646508,0.763777927592534,0.9563901792747659,0.7494696517315877,0.763777927592534,0.7637779275925336,0.8429088365979671,0.7711949776746385,0.8014280134338712,0.7020256249302352,0.7711949776746385,0.7124085863009614,0.96884062859031,0.9522302390583733,0.8530488725229224,0.900082576631295,0.9887650186521642,0.7911552055921387,0.47315067360460816,0.5482482805875757,0.8241636637999159,0.6686208403747382,0.7711949776746385,0.7316312223140586,0.9130992715289875,0.7797937382129825,0.5675873304505683,0.7031689530969072,0.8173748798116494,0.9887650186521642,0.832657624357177,0.8497584182539224,0.9957759602277789,0.8625297205894871,0.8200537012432625,0.772361964189368,0.9647170394842248,0.6699038173241507,0.7856920188609455,0.9803420813182646,0.8230061720725881,0.8530488725229224,0.7316312223140587,0.7000981663787222,0.7711949776746385,0.9752298134312947,0.6766520443791917,0.8208122474227109,0.5202256956420758,0.860842635501285,0.882731610867822,0.620515362882825,0.7565415109136848,0.4708684135515654,0.5500199152102021,0.7711949776746385,0.7711949776746385,0.8308420708849542,0.9042760122441809,0.7076067607609542,0.6525061533190739,0.6140238864469816,0.47620209822685367,0.5179347239293561,0.5727736640082235,0.794760768741373,0.5263398787929296,0.7711949776746385,0.960620235567283,0.8630614034554602,0.830271740571741,0.4509186839062086,0.8173748798116494,0.6549599185383452,0.7711949776746385,0.7711949776746385,0.5860079574972192,0.8625297205894873,0.6226070074271481,0.8496550108682432,0.5219953168704903,0.6576984470213143,0.8603245268714905,0.9499226414111995,0.6215960081040037,0.5834923248059329,0.7711949776746395,0.7947271048367865,0.5985135030268189,0.9016061399146567,0.9466282415065834,0.8645515098858585,0.9577565240492159,0.9322970123430119,0.7337372258826749,0.9597120590729951,0.7069390591402455,0.7711949776746385,0.5819591212375672,0.9586618832187055,0.6929144543344956,0.6979870085046482,0.7001284152880578,0.9836725803103628,0.8923778588483195,0.5729777789436855,0.9970698702824428,0.9532643133178729,0.6919734179706232,0.9832822793918632,0.9320579771477782,0.9260241912985483,0.9302595907554625,0.6493057612396282,0.8880618610263926,0.7637779275925338,0.8128985158874433,0.8478861154536745,0.7947271048367864,0.9170839302843294,0.9839476580038088,0.9414772739491488,0.8674278608566313,0.9467915377189187,0.707606760760954,0.6782023226815452,0.7069109409728536,0.8557200473059943,0.8614494698822031,0.8734201452534445,0.9922458171794512,0.6327409803819946,0.8262967737928694,0.8459097615913485,0.8689353193770997,0.5850487863007934,0.8659701834519902,0.701172507308169,0.8539009023346027,0.677014877816474,0.5908186122280248,0.7711949776746385,0.6510188646537216,0.9684201401478016,0.6709116099762553,0.8208122474227109,0.8609949437949368,0.7035867637948574,0.78326503258871,0.7711949776746385,0.53514665764824,0.4080937792192282,0.7934336330108844,0.577594868266416,0.5694537863193239,0.6247125847502888,0.8630614034554602,0.6214865590405863,0.9715135228440188,0.9930959042361525,0.5622544192931056,0.7870618514072056,0.726958189458212,0.8353231768642488,0.7641927640664479,0.9470547902208428,0.9906991088074603,0.9726211663476021,0.6699038173241507,0.7111688609644502,0.39309785810709097,0.9470547902208428,0.763777927592534,0.6743811956718198,0.5694202402452542,0.8480047727640638,0.5378295467117371,0.5281799084700973,0.7711949776746385,0.5195732560834183,0.5798355340620199,0.7202455773665811,0.7711949776746385,0.5604721700770949,0.9023829244870386,0.8173748798116494,0.8241636637999163,0.763777927592534,0.6402346099422274,0.9519755601439311,0.8548391389643067,0.920572641388645,0.8762986033610899,0.8556691134294778,0.42845012041013586,0.7711949776746385,0.9225487282248375,0.7711949776746385,0.8454867220715399,0.6256216360909863,0.6872763039638894,0.830271740571741,0.9337111178282838,0.5134973612586211,0.7405036956598532,0.8381556544782048,0.7711949776746385,0.8247372109804267,0.5909250269315702,0.5966159840624048,0.9344309749309594,0.9851476414946703,0.9813906368456975,0.9949421662818492,0.8157435774934194,0.660684002295814,0.7200653770572485,0.4189259595647271,0.660684002295814,0.8381556544782048,0.8008422195759244,0.6487116375539921,0.660684002295814,0.830271740571741,0.982876531690664,0.8950231430311593,0.6935829192505298,0.7981856244137899,0.8555535486746715,0.8022554555169894,0.7139552587326632,0.7947271048367869,0.9385091005037034,0.6311325962066503,0.8563902687666678,0.8529401804129995,0.9364587796649451,0.5574899029039673,0.6809422183293732,0.7017430696746203,0.6412032307533211,0.8160878690990019,0.7031689530969074,0.7802590308511557,0.9531290621894977,0.8230236730198899,0.8203787339986701,0.7718147448650434,0.901807327773722,0.7870716654595454,0.8788466971279536,0.8319518115156919,0.8412846402989774,0.842689153060634,0.6883248736660694,0.7609118203627733,0.8726446237792718,0.9747717691648857,0.7987558466263953,0.8178030844915327,0.7759336063121671,0.8625297205894871,0.7855721027080811,0.6256389544519878,0.7092635708338153,0.7480090356250249,0.9446443741113268,0.9706010318338414,0.8917027378806983,0.8272011928484728,0.71309989687078,0.9128009972035693,0.8618003453698705,0.9174532864789899,0.7735300277673158,0.9676569003410055,0.7371722228575072,0.8797382948569807,0.8255629024133947,0.9782273523451771,0.9311452439278355,0.883074072025955,0.8144472611771492,0.6991144241744895,0.6736519228114517,0.9130992715289876,0.9770642944937893,0.5478826111329824,0.9633375227454521,0.8437324975805103,0.8703808970142307,0.5219343410431727,0.8022554555169895,0.6245747067217257,0.9130992715289878,0.6611622496670724,0.802255455516989,0.8412846402989774,0.6421357217216292,0.883073002146125,0.9306590994938257,0.8208122474227109,0.7978758881887058,0.8792005618832213,0.9383543398488596,0.8412846402989775
p197_K,0.9933734209455113,0.8336470580240636,0.6931533472456108,0.9534273909503799,0.8646739158077181,0.8931449617140894,0.9395014722087802,0.9168358954264578,0.4429131372778916,0.88718959219572,0.8294570440795392,0.8772536000905928,0.8169283463860441,0.7802191483051633,0.9232962200440313,0.9459833234723566,0.9281416271896026,0.8057060011361052,0.969925811697351,0.9260856807199043,0.7810097373040275,0.8253412912328224,0.8677031490372049,0.8927560435416246,0.8212944178861188,0.5243844819477566,0.842274762928803,0.7263171483468921,0.8871895921957202,0.8288274972456549,0.5904610755607156,0.8550316313098423,0.8658597358546531,0.6453980174074032,0.8336323815959057,0.8814987207179203,0.8927560435416244,0.8379173649093345,0.8931449617140896,0.8019398001857563,0.7146824480374374,0.9068182136217,0.9750176878081551,0.8509101703011724,0.9567639152765359,0.5673811620423201,0.8656814261022985,0.5434374019122297,0.8019398001857565,0.7437273671300287,0.8707710541962024,0.6022745308215987,0.5483098218376187,0.5927818607880696,0.9496868486906058,0.8214102979747855,0.7982195598930495,0.6473831763250284,0.8263924907518512,0.9054461459141274,0.5540324403537678,0.8128830081039187,0.8774820208056917,0.7146824480374374,0.8760356045203765,0.6189572430905844,0.9735950471314356,0.8949911347517733,0.9469269082122297,0.9557864545102848,0.7767240593109328,0.8019398001857563,0.9801184131332199,0.5408431014264463,0.6473831763250284,0.6780139003685106,0.8253412912328226,0.8294570440795388,0.6920839109037266,0.8931449617140896,0.8561851304477555,0.8876293639059192,0.8486248271935103,0.9550405999652747,0.6473831763250284,0.7664162840106339,0.9824392059119957,0.8545082375942987,0.9757736402350052,0.6661152121246717,0.6473831763250284,0.6931533472456106,0.6460118735299281,0.6362615111476453,0.8260955186508175,0.7416422927716027,0.7376528295005773,0.6810293553007623,0.45958094526099114,0.49154579690056144,0.7982195598930493,0.8987613725012114,0.8559522762859699,0.6860636424651938,0.9416651371048296,0.8814987207179199,0.7367738169237661,0.516924793579258,0.9476448489900742,0.5589039563605078,0.695364619137071,0.8824939460418757,0.5634177679693952,0.7432217875443139,0.8656814261022983,0.6017536772202382,0.9155857839080437,0.8814987207179201,0.8931449617140894,0.4428276439375869,0.9708640661864651,0.7079614520634521,0.821294417886119,0.7873083094059599,0.8774820208056917,0.6782271235053172,0.8607472522091428,0.9312972724830408,0.8512827582389368,0.9617779603879586,0.47439167393081816,0.8656814261022978,0.9393203828196914,0.9021732230507462,0.8422747629288032,0.5898436801298661,0.9914065405278479,0.8707710541962026,0.8707710541962024,0.6541599652149929,0.5132528384544477,0.88718959219572,0.522825267071517,0.6671628463073773,0.7310195463023947,0.4959382050177408,0.805820454661699,0.4561870227359849,0.943228434104969,0.6707798148751949,0.9649817692440881,0.6477683193497671,0.664849290780142,0.9496854005825587,0.9050457185079468,0.5622613471777902,0.7023243989603478,0.8363539429252544,0.772653411890409,0.9386649350395793,0.7627562560811025,0.9318413189001247,0.8381354443488453,0.6611005340708196,0.7084830363703274,0.763034464408584,0.8865616604015062,0.7146824480374374,0.9486113959222571,0.7822903704704465,0.8451722392971193,0.8512827582389364,0.6683934642270153,0.9063114585840603,0.7144945125492563,0.7971872797348996,0.9186425876141022,0.8732661125600129,0.9000350661756447,0.9740188455054817,0.9850698659683463,0.6958480622782296,0.9373639883834675,0.9417706387957603,0.7033471544304071,0.6146557109191055,0.36900487159883966,0.793547695813569,0.7293464039280377,0.7837466124737205,0.9054461459141276,0.9039486197286818,0.49570058757548097,0.5683924986047535,0.8085635824734232,0.6473831763250284,0.9887824175390698,0.9935249236883033,0.7956981720968861,0.7154089723126069,0.573085159365071,0.9116080119434857,0.6473831763250284,0.6578697982831463,0.6084360610531774,0.8871895921957202,0.6473831763250284,0.7066066270159537,0.5936008056585476,0.4603528989385185,0.4047103223917068,0.7489832831955362,0.8512827582389368,0.6473831763250284,0.91427304964539,0.6473831763250282,0.6406376558312348,0.6414213147551369,0.6175319630871825,0.6473831763250284,0.8748484084969748,0.6473831763250284,0.8428956218350676,0.7338033825661363,0.8038863353881458,0.6638489726092913,0.8656814261022983,0.6234597067008982,0.6835195578063844,0.8425073736236921,0.851524277012685,0.7335748792766212,0.4667256341886922,0.8533638776609975,0.8707710541962024,0.9097034792936665,0.8766699604196817,0.7789563297757478,0.8319195869423215,0.7957013665465024,0.5531806934809573,0.9853862033634693,0.7079614520634521,0.977115483720305,0.6473831763250284,0.9466046047920407,0.6473831763250284,0.7161041192140383,0.7596773995000079,0.9050457185079468,0.8630974012257893,0.6234597067008982,0.9887824175390698,0.5635702274025796,0.8212944178861188,0.7305454024880755,0.8829132168159719,0.5585005051369173,0.9980012116979509,0.6361903700992642,0.9147087248830963,0.8581279416042531,0.6661152121246717,0.8746367007519438,0.6945615597826325,0.8931449617140896,0.678752559481832,0.861655326205143,0.7283177726809349,0.6573525705023302,0.6921763058237103,0.8707710541962026,0.8975121559417641,0.958816635111271,0.6707334372945988,0.8814987207179199,0.5174298183684602,0.6835853933370114,0.8381354443488451,0.9206332401281179,0.8814987207179199,0.9710448431475855,0.49630517179859635,0.8760356045203768,0.7115773571826429,0.8018701786358151,0.8656814261022983,0.7698241935057315,0.5634177679693948,0.8467269607313441,0.865681426102298,0.9649212652990378,0.4689155256132407,0.8814987207179203,0.6869115538602635,0.47536103272322294,0.6750038116382906,0.8856508629056408,0.9929303214064669,0.8559522762859699,0.8019398001857563,0.8467269607313443,0.8707710541962026,0.5402359933066601,0.8089521891606017,0.9318413189001247,0.8019398001857565,0.9468678838166122,0.7206046662096246,0.9295836921911602,0.770735795702072,0.9228428792270986,0.678227123505317,0.48759252399464537,0.6391640346642262,0.88718959219572,0.5904444916621465,0.8871895921957202,0.9369035618162642,0.8967516469904764,0.7432217875443141,0.9689188419031362,0.6473831763250284,0.6836583097511215,0.7240685166893053,0.8057060011361057,0.8814987207179199,0.9828903308322394,0.9417706387957601,0.6473831763250284,0.8983146622607212,0.8814987207179203,0.8931449617140894,0.7464725865265607,0.5126284423223901,0.8133884845703083,0.905045718507947,0.6091173906465249,0.5563144331424728,0.8212944178861188,0.770889441856217,0.5773455728626311,0.9980012116979509,0.5827432542909536,0.6015534236326767,0.6747205866720498,0.7873186698083924,0.8931449617140894,0.6253457056420878,0.7698241935057311,0.5641965533693907,0.8422747629288032,0.6661152121246717,0.8408771290748922,0.675003811638291,0.509511689893435,0.5051216748126405,0.48598554437578034,0.6473831763250284,0.3644859334892706,0.9109711638042668,0.7732596137010794,0.8077176782373863,0.9183299651833594,0.7252116477977479,0.6473831763250284,0.6473831763250284,0.8725841171453625,0.930078606589035,0.6449026505363191,0.6473831763250282,0.8871895921957202,0.8559522762859699,0.7802191483051633,0.7084830363703276,0.5817403527542283,0.8559522762859699,0.8056767200935726,0.8253412912328226,0.5242783819959611,0.5640930111007174,0.6473831763250284,0.6630091945994596,0.763034464408584,0.568090461253394,0.5203303053813411,0.8056767200935728,0.8145652832267294,0.8656814261022978,0.5478735141244921,0.6473831763250284,0.46538490471065375,0.8057060011361055,0.6440971367001087,0.8365285130964306,0.8607472522091428,0.5211414615992771,0.8379173649093348,0.6473831763250284,0.944339017007313,0.32988444963474817,0.6473831763250284,0.9591874734325403,0.6723883965012558,0.6088107498667474,0.47616451955425454,0.5268065998884199,0.6473831763250284,0.6801531413032695,0.6455673758865248,0.9828903308322394,0.8694608662326859,0.7477646825046655,0.8850670398547349,0.45888702762449973,0.7404251116329645,0.8656814261022983,0.968775673712853,0.39407342196213613,0.9180946998642305,0.5159707236042005,0.7514693505718342,0.6332172198795667,0.6535771181060543,0.8707710541962024,0.8057060011361057,0.6473831763250284,0.9929303214064669,0.7209273847766842,0.7582299483471935,0.8498059195018676,0.863097401225789,0.6835195578063848,0.6967082184537242,0.8607472522091426,0.6835195578063848,0.8294570440795395,0.8559522762859699,0.8882728752800502,0.7209539564660739,0.7272229943106878,0.9557864545102848,0.44856005690552603,0.9961221422317279,0.9702116011640309,0.8425073736236923,0.6518374817912534,0.8515242770126847,0.9260856807199043,0.5528850383011923,0.7263171483468924,0.8631769125654993,0.8012905754204079,0.8253412912328226,0.7240685166893053,0.9689188419031363,0.8115940355833646,0.8041143701014604,0.905689406782524,0.8876293639059187,0.7844987884040349,0.9898255622888363,0.5904610755607154,0.7998430682603384,0.7128380879682121,0.7489832831955361,0.9281416271896026,0.7268852888087904,0.6901121398497023,0.895015396735056,0.912376323684456,0.7039686689330804,0.4827239923550417,0.8561851304477559,0.6229696898203794,0.8133884845703085,0.7798874555888031,0.7086722436656603,0.8656814261022983,0.8609676128251857,0.8105981783553249,0.8903204666908906,0.9454762481192756,0.9327819448011689,0.8857317688337092,0.6584062632475499,0.9116538466243309,0.8855900773472694,0.842274762928803,0.8422747629288034,0.99213028855682,0.8814987207179201,0.8095308313714358,0.5465817537637985,0.7530325774491324,0.8512827582389366,0.8512827582389371,0.4041349353476663,0.8691295170512909,0.6997686276802648,0.6361903700992643,0.6473831763250284,0.8760356045203768,0.6473831763250284,0.6473831763250284,0.46427996600126364,0.7795559951736178,0.7907091145445477,0.6473831763250284,0.3386641581518579,0.4351876886409697,0.856331534812887,0.7133516946376313,0.7114223702017071,0.48979405142935173,0.8009886715028138,0.9649005424875218,0.4245381700707508,0.8658597358546527,0.8437125928094665,0.7321637323361276,0.5108093170212038,0.5908307743506929,0.0,0.7873083094059599,0.8379173649093345,0.8467269607313443,0.6557742373609687,0.8760356045203768,0.7229120076685354,0.8656814261022983,0.7718547933008404,0.8777072627925468,0.9554667487813486,0.8173115982101793,0.4517182738385159,0.8056767200935728,0.49779091295616673,0.90553487224118,0.9520602392706955,0.7704391635096572,0.6509989931699331,0.8607472522091426,0.9363665812039483,0.463581216711499,0.5460042008050583,0.8207569669980981,0.6827908156515123,0.9287469323757311,0.7467459896040736,0.6870780400798957,0.8512827582389366,0.6213550131629045,0.8134355446661008,0.8931449617140894,0.48979405142935173,0.3913371958147601,0.8704360182531512,0.4963309478379849,0.8253412912328226,0.9985147828211846,0.8474074916076076,0.6473831763250284,0.8707710541962024,0.6650393418775497,0.8559522762859699,0.6213466067016102,0.7295479505095199,0.9183962985375216,0.790906236123408,0.5211414615992769,0.8173115982101795,0.5182109376202284,0.8871895921957207,0.45469937707477204,0.9363693895524039,0.741036200518137,0.6835195578063848,0.9776292196359238,0.8197394324683357,0.7596773995000079,0.8133884845703083,0.6177696053066346,0.665550579048326,0.6791730972986438,0.8620428587995108,0.8324789566221809,0.3966483016684168,0.6064347360077651,0.9650884851297661,0.8871895921957202,0.8469678326776529,0.9471999997959667,0.5710659236371467,0.7453492901417516,0.4452161213337451,0.6661152121246717,0.4216920992610864,0.5490775156020797,0.8931449617140894,0.9286935975260191,0.8696790027063965,0.8903204666908904,0.803886335388146,0.8095211433024021,0.8661680068504538,0.8095308313714358,0.8192777750324035,0.9332593438123526,0.8561851304477546,0.9417706387957601,0.8707710541962024,0.8931449617140896,0.6473831763250284,0.8533638776609977,0.6183490053881999,0.6308003655643448,0.7732596137010794,0.6473831763250282,0.5158112477736849,0.5021218333065112,0.8352400773417706,0.8733643664044033,0.7272229943106865,0.6931533472456106,0.7076195225713193,0.8595382906139426,0.8173941635109494,0.8648051098710234,0.22345912658275813,0.6901121398497019,0.876035604520377,0.724068516689305,0.7982195598930495,0.9318413189001247,0.8000975116775986,0.8931449617140892,0.9773554955128889,0.8467269607313443,0.8931449617140894,0.8336470580240638,0.7982195598930493,0.8559522762859697,0.8638113573387296,0.6719986848230066,0.8956380779049868,0.9267569842313427,0.9651948225282797,0.471243929682446,0.58052417356138,0.6661152121246717,0.9735950471314356,0.6997686276802646,0.6661152121246717,0.6661152121246717,0.8960170698732028,0.6473831763250284,0.842274762928803,0.9606988684990347,0.6473831763250284,0.8133884845703083,0.9614689697696721,0.9327819448011693,0.8656814261022983,0.9472720887282853,0.8607472522091428,0.6661152121246717,0.4752211583059913,0.5018858618085846,0.703968668933079,0.6876849383630317,0.6473831763250284,0.7367738169237661,0.865681426102298,0.8133884845703085,0.6096111144324827,0.7399891659895366,0.8814987207179201,0.9247648348741062,0.9476448489900742,0.9011477921215736,0.9733182637816082,0.9180353447095948,0.8765415909016819,0.8194927724869057,0.8317533533369117,0.3876742878165983,0.9363693895524041,0.9186425876141024,0.8019398001857567,0.8656814261022983,0.7934976884069909,0.4703537231510947,0.6473831763250284,0.9490768789214075,0.6984411378783617,0.8871895921957202,0.5819582930196594,0.8422747629288032,0.8294570440795392,0.467892709346336,0.6835195578063848,0.37737709709630285,0.5444686678787167,0.6473831763250284,0.6473831763250284,0.7435929763042284,0.8680037169621955,0.724068516689305,0.5032579890022517,0.38273931176155596,0.5033245358492957,0.5883106787142713,0.535303458761708,0.8095211433024019,0.5008248603423714,0.6473831763250284,0.7898734197426021,0.8707710541962024,0.8931449617140896,0.5211414615992769,0.8814987207179199,0.5492676940280996,0.6473831763250284,0.6473831763250284,0.5758301130336523,0.8559522762859697,0.5524132793454153,0.8253412912328224,0.594484474171824,0.7146824480374376,0.999792885629691,0.7862279856886558,0.6043029817773671,0.5764560775916316,0.6473831763250282,0.7596773995000083,0.5097888470807421,0.8927560435416244,0.9929303214064669,0.7254708068440476,0.9552926358617695,0.9427215843634082,0.7664162840106339,0.8511736257985208,0.6449026505363178,0.6473831763250284,0.4857326188127773,0.7870669811240099,0.6235213286887907,0.6391640346642262,0.6637248959113702,0.9205367643239946,0.7118559505019243,0.5854883293307735,0.8390184586479894,0.6842621713148023,0.5526366900907334,0.842274762928803,0.8871895921957202,0.743458184420491,0.6679365212869296,0.5414677689747118,0.9735950471314356,0.6661152121246717,0.34340816176566336,0.8677917741382581,0.7596773995000081,0.9905676251907973,0.8612368600037135,0.7596773995000079,0.9750176878081551,0.9340813247611222,0.724068516689305,0.5506046397679027,0.4539721060033014,0.8957154500195301,0.8871895921957202,0.8515242770126847,0.8604628794088311,0.5520792039520588,0.8658597358546534,0.696277838976946,0.9698730592895872,0.4366327114993699,0.8607472522091428,0.4631147930507282,0.9031725621753484,0.349287511432226,0.4102966942402855,0.6473831763250284,0.6931533472456106,0.918035344709595,0.40821824881105984,0.88718959219572,0.9311424812015243,0.5431905611877366,0.6795212765957448,0.6473831763250284,0.3567882336326741,0.48979405142935173,0.912376323684456,0.5138745681760477,0.5683983427332808,0.5008248603423713,0.8707710541962024,0.2720914485033896,0.7965600511386213,0.9177926953630489,0.6540004015989405,0.8173115982101795,0.8250073336976769,0.8931449617140894,0.8173115982101795,0.8559522762859697,0.7115773571826431,0.872584117145363,0.40174536604019706,0.9831964801830025,0.48992769669807323,0.9490768789214075,0.6661152121246717,0.498687123981315,0.6064347360077655,0.9968783289006001,0.6613034270950375,0.6588928025732103,0.6473831763250284,0.47903899258340243,0.6123953257425265,0.8235212089664672,0.6473831763250284,0.495048966586107,0.9217444777452881,0.8814987207179199,0.7795559951736184,0.6359525852723973,0.7789313183691324,0.7636378808463784,0.7084830363703274,0.8214102979747855,0.9498073057572887,0.9432904752777433,0.5101976962706742,0.6473831763250284,0.9540896479148511,0.6473831763250284,0.9186425876141022,0.6527498196992223,0.42654238661462385,0.8931449617140896,0.9035527788368716,0.6674297950171806,0.4887549437560489,0.8018701786358153,0.6473831763250284,0.9273903003593763,0.4821892356059061,0.6053737835151403,0.8539758753023872,0.9169617030792716,0.9735950471314356,0.8571313391464267,0.8495369353332782,0.8080208903060158,0.3937012165726086,0.41815403424001785,0.8080208903060158,0.845172239297119,0.8707710541962026,0.6750038116382906,0.8080208903060158,0.8931449617140896,0.9731833803651397,0.956773626206588,0.6750038116382908,0.8512827582389368,0.9372573658126879,0.8133884845703085,0.5730851593650709,0.7596773995000081,0.9432904752777433,0.4835601167796235,0.9154829319758186,0.9074162269428672,0.9038902485724092,0.505314634306933,0.7802191483051639,0.7390824625359051,0.7483877283171385,0.7403815582273572,0.7399891659895372,0.8254879058389588,0.956773626206588,0.8656814261022983,0.6981101269282385,0.9412093079840864,0.8626831724851713,0.7945425446535295,0.5974932812375134,0.8707710541962024,0.876035604520377,0.9517755223627141,0.5557438161385022,0.803506745132784,0.7999190766084678,0.7873083094059601,0.9896323371547098,0.8212944178861188,0.6022103741704095,0.8559522762859693,0.5665409085130435,0.7017629579044113,0.8322440278990717,0.43532564326166134,0.9771732589431017,0.9116538466243309,0.8115940355833644,0.9422054457934682,0.5483098218376187,0.8995193391026695,0.8359648532087935,0.8935462921654835,0.9611674391952659,0.8004675807248399,0.8294570440795392,0.986238539349306,0.9116080119434857,0.8157324392595475,0.8790541763509438,0.8656814261022983,0.8607472522091426,0.44378302969442274,0.49705727076645556,0.9318413189001247,0.9424335015358962,0.6067699770056421,0.8767031494287587,0.876086553322736,0.9348057385055195,0.5721949044308668,0.8628824041273822,0.7423644543847863,0.8656814261022983,0.49597209237436446,0.8133884845703083,0.876035604520377,0.42804448641336634,0.9311424812015241,0.8607472522091426,0.88718959219572,0.6493645596459074,0.8814987207179201,0.8813400924155945,0.9116538466243311
p197_N,0.9198894658248968,0.8797681649066346,0.8754557732340407,0.9504635334903246,0.92500133164067,0.9443657603723179,0.9407009914965027,0.9970606770391874,0.857978233475194,0.9412650880954541,0.6434808380384076,0.9225701399051964,0.9225701399051967,0.8848772518315147,0.8377784699214963,0.8307902358986594,0.9954159552893473,0.9199701606580845,0.9383021271292231,0.9412650880954541,0.8884462126869945,0.377104147460917,0.9048830033154058,0.9274978432118415,0.35421816250464877,0.8988405313927079,0.9520639895971753,0.8766235303260079,0.999822015418471,0.9082377922823146,0.8892617449664435,0.9846299338167082,0.9156114273620617,0.8984119663709311,0.92500133164067,0.7804031632257755,0.5392085146352589,0.9156114273620615,0.9443657603723177,0.8891213824756009,0.8505486695981964,0.9008268910150359,0.9443657603723179,0.8714160325350082,0.8653600582128309,0.942835888877777,0.5187931765066538,0.8530715715896549,0.17579150102611263,0.8402398194588374,0.9327167510955896,0.9307862214378493,0.8988405313927079,0.9133880855304557,0.9156114273620615,0.894942704273314,0.5781790398852756,0.9250013316406696,0.7564571659220003,0.5906461013560689,0.8612853521281927,0.9340991766849505,0.8474944374784017,0.8514489788174842,0.5790084880645522,0.7615794926046595,0.7558041525777003,0.8539758753023874,0.9566075639510582,0.9383021271292233,0.9543028073850963,0.8968796530895524,0.92500133164067,0.7441003298209856,0.9250013316406696,0.8915744657605097,0.9090636753073353,0.6839638029129473,0.988329602753838,0.9443657603723179,0.9112065483416407,0.9403227338586295,0.891135011032061,0.8988405313927081,0.9250013316406696,0.9339476391945688,0.8926496087949566,0.7115556025011194,0.8686457104425918,0.9225701399051964,0.9250013316406696,0.5911513659269192,0.7869968572042476,0.7857470667779494,0.891135011032061,0.8530715715896551,0.6267112492301028,0.9136849711289661,0.7340695868274125,0.7323775850440064,0.6835546910535575,0.969725899748767,0.9809662470451702,0.7399572744437787,0.7938611469781547,0.4428495116517701,0.7647496549144359,0.7007362244615241,0.9069566644903913,0.7474008553057092,0.6581444520363257,0.8781205899679738,0.7150975577583134,0.3757518541805792,0.5187931765066538,0.6800492175355326,0.9547568354430371,0.9383021271292233,0.9443657603723177,0.7904254261690322,0.8714160325350082,0.6450666846590858,0.8597301229817256,0.92292047996746,0.8988405313927084,0.6388783222720575,0.539208514635259,0.7950896414683789,0.9225701399051964,0.8748756693307256,0.812130201029337,0.9300668284196516,0.7558041525776998,0.9443657603723179,0.43184040129110957,0.8148187834615364,0.8214342607350609,0.9327167510955896,0.4962382389721034,0.9201981569430602,0.7587063512173249,0.46960594704379566,0.7407789686331632,0.6733902897394687,0.7117749035931924,0.8680005631963958,0.867835721360358,0.7668230595030057,0.8968796530895526,0.8656274418447552,0.8230833259602458,0.8612853521281922,0.6571286414571447,0.8489877841645426,0.9327167510955896,0.9325461471620269,0.7334126192270122,0.8731400424546572,0.8544635219859333,0.7698626559548608,0.9583129759836839,0.9300668284196516,0.872265737746744,0.707982229637204,0.8312762491198606,0.6593127030593167,0.8176754985026669,0.7150930552416854,0.8911350110320613,0.7932056019826115,0.9176703926609199,0.5748948857540181,0.8949427042733138,0.8898616564068962,0.8844843124070512,0.7947007466818523,0.9383021271292231,0.832393092801478,0.7340187876752129,0.9578429391348555,0.899405734482837,0.8355004561884285,0.96455642750231,0.9225701399051967,0.7919815607102549,0.5752412758352887,0.8351508832535264,0.8821985066105542,0.9133880855304556,0.9465134699490588,0.92019815694306,0.8859100247525031,0.8892982456733957,0.7704672392966316,0.8612853521281925,0.9250013316406696,0.9274978432118415,0.9201981569430604,0.8530715715896549,0.8404284177295238,0.9177773850880528,0.9225701399051967,0.9250013316406696,0.869645371877842,0.9119859744083145,0.9412650880954541,0.9250013316406696,0.8383202802574361,0.8748756693307258,0.8323574432143277,0.788867719308608,0.689820279558113,0.3921548950846423,0.9250013316406696,0.78730830940596,0.9250013316406693,0.8064923406255751,0.9112091741435469,0.9054343229367425,0.9250013316406696,0.5273346475029863,0.9250013316406696,0.7107673493652631,0.8915893040116918,0.9686885474691003,0.7536130758506902,0.6190004483382323,0.6823314798467393,0.9201981569430602,0.6753339846499177,0.9090636753073358,0.6843962959057637,0.6933491898623059,0.9117913875450323,0.8077173352988185,0.851448978817484,0.8386564101621352,0.856335849861811,0.9915275017492041,0.788407635941389,0.8748756693307258,0.9178801133263084,0.5951482961407757,0.9201981569430604,0.9250013316406696,0.8563358498618108,0.9250013316406696,0.8314374602144321,0.941460678999519,0.9327167510955896,0.8930282606473356,0.662161082729776,0.9274978432118415,0.8731400424546569,0.665302445875158,0.6900189778636221,0.9268615921601944,0.795089641468379,0.9300668284196518,0.6733902897394687,0.8105819580111953,0.7700058881907577,0.9225701399051964,0.9354577472990953,0.7919362416980904,0.9443657603723177,0.7539434773645888,0.9648854845967076,0.9008268910150361,0.8090339827877056,0.638280689402954,0.9327167510955896,0.776333971275228,0.9238360210904328,0.8033538625485186,0.4428495116517701,0.7474008553057092,0.9034363238020655,0.5349249866364175,0.9803110338975328,0.4428495116517701,0.7810510595077809,0.7460905496990098,0.935457747299095,0.8498323084998982,0.45856642104924694,0.9300668284196516,0.8801586131976928,0.7150975577583139,0.5906461013560692,0.9300668284196516,0.9300668284196516,0.62769481717595,0.9945610690582234,0.9258087497995553,0.7857470667779491,0.8696994329914802,0.8131257131745351,0.9491799890127762,0.6048365617885306,0.6037894298958055,0.9201981569430602,0.9327167510955896,0.707982229637204,0.8767292272696674,0.9801704643354423,0.8177883943306525,0.8766235303260079,0.6968152864778616,0.8663080297186969,0.8292256120116166,0.7691052200716164,0.7805270318193135,0.7783656932698764,0.6461073824692773,0.8230833259602459,0.8579782334751942,0.9412650880954538,0.4555531255081775,0.8748756693307258,0.842176541011794,0.9300668284196516,0.9250013316406696,0.9327167510955894,0.8563358498618108,0.44887795999014535,0.4428495116517701,0.9354577472990953,0.8946898694254275,0.9250013316406696,0.6653024458751577,0.9383021271292231,0.7456185272242686,0.778934276545075,0.7001460836590945,0.5349249866364174,0.9327167510955896,0.753943477364589,0.5616047901999908,0.9069566644903913,0.9156114273620619,0.7638036470669061,0.9300668284196518,0.8801586131976928,0.6015290278161844,0.9133880855304555,0.8680005631963956,0.9936310971469995,0.6538897195981845,0.7402480946342334,0.6722158124104385,0.38848843559893675,0.9225701399051967,0.9161402696553049,0.6450666846590858,0.7150975577583139,0.7168571340288867,0.5862145737988114,0.9250013316406696,0.78418386269463,0.8783842798904287,0.44599333092656124,0.7775575717654004,0.9412650880954538,0.7715924205036864,0.9250013316406696,0.9250013316406696,0.8968796530895526,0.8579782334751942,0.7144406371040422,0.9250013316406693,0.9998220154184708,0.46378792981729144,0.6553252660256785,0.8579847912247512,0.6895993906613844,0.97201754229775,0.6143550938353358,0.852992265615415,0.5739611184865262,0.6088961851334269,0.9250013316406696,0.9065865755345454,0.47368719641344736,0.6702289505385672,0.6741910630370183,0.5811392562239623,0.7970134789582608,0.9300668284196516,0.6989031042017528,0.9250013316406696,0.6299643856517492,0.9713162545723915,0.9612295381968932,0.831428293245283,0.9274978432118417,0.660909154792217,0.8727778336746222,0.9250013316406696,0.8466154872169025,0.7115556025011194,0.9250013316406696,0.8874073419940796,0.8388609346959157,0.6752896038505832,0.5939723471708022,0.7079822296372043,0.9250013316406696,0.6943636702451638,0.7873083094059599,0.989405943369801,0.6040341585280103,0.6968152864778616,0.862950883922202,0.8646249603464986,0.7024468673126232,0.5187931765066538,0.849832308499898,0.8323574432143277,0.8661444446656796,0.7826185692953931,0.6658798273126882,0.9340158070607926,0.9048830033154058,0.4962382389721034,0.8112565758885599,0.9250013316406696,0.9383021271292233,0.9371946904073194,0.8863055383943057,0.9112065483416405,0.7262443659576989,0.9201981569430602,0.8649228725689423,0.9274978432118417,0.9201981569430604,0.7649297326620302,0.92500133164067,0.9547568354430374,0.8397149465729945,0.6392495235332476,0.9383021271292233,0.7731758626479492,0.9412650880954538,0.9133880855304557,0.9430450953185581,0.9686227177095008,0.9090636753073353,0.6463446365020215,0.8488133968588205,0.8766235303260079,0.9177773850880528,0.9008268910150359,0.909063675307336,0.8665497346618454,0.9300668284196516,0.8801586131976928,0.7421841781129889,0.9179293408389999,0.9097480434256693,0.8785401016887857,0.9112065483416407,0.8892617449664435,0.7451062634081929,0.7247033256713327,0.8587771980434633,0.9178801133263084,0.74609054969901,0.3650248907872008,0.8855707623626501,0.9028404281797042,0.904883003315406,0.5888235923363669,0.9112065483416407,0.9993365183621448,0.9028404281797042,0.5129121584367584,0.6366738835048891,0.9300668284196516,0.8609834943545882,0.7234022380577485,0.9339476391945684,0.8514489788174842,0.9383021271292233,0.6015290278161846,0.8402398194588374,0.935457747299095,0.9694362836489427,0.9178801133263084,0.9178801133263084,0.9327167510955896,0.9383021271292233,0.9087858450274557,0.590878559935224,0.8886330542533649,0.529209888086674,0.9403748670927715,0.7391101518841836,0.8629508839222022,0.9178801133263081,0.861036745102864,0.9250013316406696,0.4711120959231433,0.9250013316406696,0.9250013316406696,0.7323775850440066,0.9048830033154058,0.5820842228975356,0.9250013316406696,0.7186093085837708,0.7604148959042947,0.8748756693307259,0.9310660660514316,0.9065865755345455,0.8992066591066005,0.7509766886424826,0.856335849861811,0.7636263905985352,0.9156114273620619,0.8323574432143275,0.9354577472990953,0.8783842798904282,0.7528974008782917,0.7873083094059599,0.0,0.9156114273620617,0.9201981569430604,0.6517883107771563,0.9354577472990953,0.33108645339576126,0.5187931765066538,0.6011000355503657,0.9090636753073356,0.9376689775178677,0.9048830033154056,0.7763339712752277,0.7140026066694515,0.8612853521281927,0.9048830033154056,0.8819472699932516,0.9300668284196516,0.909063675307336,0.9759790834075597,0.7330083000290284,0.7888677193086082,0.830544062711371,0.9327167510955896,0.8321717245668426,0.9178801133263084,0.896089742326621,0.3713721781310393,0.9682551375725406,0.670228950538567,0.8911350110320613,0.9443657603723179,0.6137076727373993,0.7948436229548836,0.8563358498618108,0.6998711275350606,0.6150482065381659,0.8629508839222022,0.8506700134220446,0.9250013316406696,0.4962382389721034,0.907561114766986,0.92500133164067,0.8435366459830154,0.9090636753073351,0.9201981569430604,0.6993841781908039,0.6819237718608885,0.8661444446656797,0.7115556025011194,0.9412650880954541,0.6366738835048891,0.9112065483416409,0.8028417197245652,0.9201981569430602,0.9579335751547247,0.799646740047266,0.7577970273297638,0.6098895979942676,0.8396317657444194,0.8229889350297617,0.6654271229588113,0.7981930316589165,0.8801586131976926,0.7506815672849727,0.5950922186058498,0.8892617449664431,0.9412650880954541,0.6264169104538433,0.9274978432118419,0.790417593790606,0.8563358498618108,0.841827174255886,0.9225701399051967,0.693024458280127,0.5925418884231942,0.8076216697049505,0.8456378887844853,0.9300668284196516,0.6837235313078986,0.7521254563822513,0.9008268910150361,0.8547004147121715,0.5385397600162705,0.9069566644903913,0.8498323084998981,0.9112065483416405,0.9225701399051964,0.4962382389721034,0.9443657603723177,0.9250013316406696,0.8801586131976928,0.9008886534700761,0.9396278158106901,0.830027273258097,0.9250013316406693,0.8276633667988738,0.8224100279654104,0.8612853521281925,0.6225321251962737,0.8347720624744083,0.9788391940729938,0.824545220134451,0.8718152088646001,0.8930282606473359,0.7127911929036415,0.7794812069687633,0.9927826099783927,0.4711120959231433,0.6725696438284048,0.5781790398852754,0.9801704643354423,0.5741333756600089,0.7456185272242684,0.8930282606473359,0.9201981569430602,0.683615384743586,0.9133880855304555,0.8949427042733138,0.97201754229775,0.9113188616625274,0.8977003666156537,0.9383021271292233,0.92500133164067,0.9090636753073356,0.6580517696032655,0.7079822296372043,0.9225701399051967,0.9327167510955896,0.9178801133263081,0.9225701399051967,0.9225701399051964,0.8801586131976928,0.9250013316406696,0.9178801133263084,0.8629508839222023,0.9250013316406696,0.7598188207099688,0.8274034902359735,0.9383021271292231,0.5187931765066538,0.9354577472990953,0.9274978432118417,0.9225701399051967,0.6322172145283149,0.7904254261690322,0.9048830033154058,0.765226516662888,0.9250013316406696,0.5356422941985219,0.9300668284196516,0.9028404281797042,0.6952097578291012,0.4420034632463966,0.7241442212967752,0.9274978432118417,0.9069566644903913,0.9720712876111449,0.9069566644903913,0.5578203511314521,0.874875669330726,0.9161402696553049,0.807809640024405,0.8969794623855512,0.9673445570347358,0.9945610690582234,0.5681229358233313,0.5187931765066538,0.9652185955408616,0.7668230595030054,0.9250013316406696,0.9250013316406698,0.9036628615416568,0.9412650880954541,0.9205880427293396,0.561896298367625,0.8458956624111116,0.7407789686331632,0.9201981569430602,0.6914791265949791,0.6819800757386745,0.9250013316406696,0.9250013316406696,0.8731400424546574,0.6609091547922168,0.9496840593047484,0.8560799240055126,0.7715924205036864,0.820226813646332,0.894622412188754,0.7043761956435879,0.4728576384368234,0.7238228863394933,0.9250013316406696,0.8530715715896549,0.4962382389721034,0.9443657603723177,0.8080114742729194,0.4428495116517701,0.7506815672849725,0.9250013316406696,0.9250013316406696,0.666219539257981,0.8869338257310106,0.6781075621393593,0.6547055497177076,0.7207127374713865,0.8514489788174839,0.8930282606473359,0.8505486695981962,0.755567695357203,0.7387252584217363,0.9250013316406693,0.6659652014948862,0.7306794529803196,0.539208514635259,0.9383021271292233,0.9076487407666443,0.7781522868323127,0.9848889533625503,0.621167504336231,0.9274978432118417,0.9612295381968932,0.9250013316406696,0.7441003298209856,0.871391612222901,0.8514489788174839,0.5283329440994111,0.9158384096505674,0.9133880855304555,0.8596279378142861,0.4868861225290706,0.935457747299095,0.8059382227955849,0.7966418551550678,0.9178801133263084,0.9412650880954538,0.8855707623626499,0.8988405313927084,0.7238228863394933,0.9327167510955894,0.9225701399051967,0.9206831675258292,0.894942704273314,0.997318103777229,0.8837510389154053,0.9443657603723179,0.9054862779423514,0.9443657603723177,0.9443657603723179,0.256898020613892,0.8819472699932513,0.846615487216902,0.9250013316406698,0.9412650880954538,0.2581321179222946,0.9090636753073353,0.5529072412424295,0.9156114273620624,0.9225701399051967,0.894942704273314,0.8434187276799099,0.9274978432118415,0.998963793241222,0.8783842798904282,0.801415014601597,0.7671572320047508,0.9250013316406696,0.591151365926919,0.92500133164067,0.6895993906613844,0.9412650880954541,0.9149626764708055,0.9028404281797042,0.5904610755607174,0.9250013316406696,0.7115556025011194,0.6137076727373993,0.9028404281797042,0.7133304308209112,0.7441003298209856,0.7238228863394934,0.4962382389721034,0.7374357371913984,0.9690494017492133,0.9580438477087989,0.6207824787649796,0.980630720675137,0.5218222197131794,0.9443657603723179,0.980630720675137,0.7458851937597699,0.8543015850326394,0.9604543706205496,0.7620225581106224,0.856335849861811,0.6040052581220758,0.9250013316406698,0.9225701399051967,0.7668230595030054,0.8209507889487276,0.7289726111638274,0.670228950538567,0.6547107457479506,0.9250013316406696,0.6877098019706112,0.5877283588537626,0.9176703926609198,0.9250013316406696,0.7636263905985352,0.8727778336746222,0.4428495116517701,0.9048830033154058,0.9225701399051967,0.8815146641826224,0.8988405313927084,0.8312762491198599,0.9300679213294081,0.7020178043990614,0.9043065366688321,0.5990317460928946,0.9250013316406696,0.8930282606473356,0.9250013316406696,0.9383021271292231,0.7819841067247495,0.8292256120116168,0.9443657603723177,0.8911350110320613,0.8707059366912198,0.8596279378142864,0.29460071690222,0.9250013316406696,0.7523148097023783,0.7357555930163433,0.8482237890148048,0.5721984950172869,0.8748756693307262,0.9327167510955896,0.8892617449664433,0.88740734199408,0.8766235303260079,0.841827174255886,0.6547107457479506,0.8766235303260079,0.8855707623626499,0.9327167510955896,0.8946586272506354,0.8766235303260079,0.9443657603723177,0.5575915447596695,0.9274978432118417,0.4453931305858445,0.9225701399051964,0.8874073419940796,0.6848542093521182,0.8660856746685759,0.7271864187181382,0.9048830033154056,0.8731400424546576,0.8968796530895526,0.9225701399051964,0.9090636753073356,0.8245736963175219,0.5897389843668692,0.8153224825072367,0.9226970831502836,0.8697030566182691,0.8646249603464986,0.8177883943306523,0.9274978432118415,0.5187931765066538,0.9646927823057019,0.8162937901012285,0.7262443659576991,0.9339138423549529,0.8803629912326538,0.4962382389721035,0.4711120959231433,0.9083045600945838,0.8911350110320608,0.8292406437924527,0.8783842798904287,0.5048810250152534,0.8707156045732933,0.945842199911705,0.88740734199408,0.5578203511314521,0.7588032805300473,0.7465234671013438,0.6186882768902859,0.8803629912326538,0.8652673633709134,0.8487494684180812,0.9750569362397112,0.9361138967526228,0.8988405313927079,0.605248264059798,0.5628905745984265,0.8514489788174842,0.9044051856928927,0.8879052192410641,0.6434808380384076,0.8562455381583125,0.9225701399051964,0.8266189023552305,0.9655427476629133,0.5688968124224419,0.4907272744395409,0.8323574432143279,0.893028260647335,0.7693113560856039,0.8543015850326393,0.7981930316589163,0.9299458211089082,0.8129896203110099,0.501708693774094,0.7523148097023782,0.9403227338586295,0.7279925269236736,0.9300668284196518,0.7919815607102552,0.6848542093521193,0.4711120959231433,0.841827174255886,0.9008268910150359,0.9755396763967225,0.9412650880954541,0.9555862071944341,0.9383021271292233,0.959513532096401,0.4711120959231433
p197_Q,0.9252026596227116,0.933997010939813,0.9107523671187101,0.9540324564594047,0.9389176628943108,0.9576036838348734,0.9639498063361085,0.9489507333188154,0.9326225719072994,0.9552408029353749,0.9149568459375002,0.998438082710315,0.9441180703023762,0.9127986978904696,0.9156155380048929,0.9024363921718168,0.9374201804111677,0.9229109835440807,0.9529828655437629,0.9552408029353749,0.936913592554492,0.9307015751744632,0.9765150789456658,0.9447494136270194,0.9731155357061646,0.9229109835440805,0.9374201804111677,0.8995165744086291,0.9706827259226705,0.9754068689554316,0.9156114273620615,0.9859983918197511,0.9889067524115756,0.908674345896699,0.9980353634264252,0.9529828655437629,0.9447494136270194,0.9356913183279745,0.9576036838348734,0.921416687638209,0.9208601429117473,0.9244246976009174,0.9576036838348734,0.6454202542235503,0.9919304969477558,0.8556672059688397,0.9467071200650465,0.8880325471109582,0.921416687638209,0.8292611291742987,0.9487265052554266,0.8582154061989966,0.9229109835440805,0.933997010939813,0.9889067524115756,0.9641067145740576,0.9199406273027304,0.9428469360414602,0.909750589002699,0.9391866557097979,0.8914873938168953,0.8729114397011584,0.9229109835440807,0.9889883423817387,0.9508152934266845,0.935996870491399,0.9859983918197514,0.9385436675281225,0.9185413491978158,0.9529828655437629,0.911411969661257,0.9662633710722657,0.879799962362196,0.9588577591452118,0.9428469360414602,0.8722472547880544,0.9695689525766119,0.9323345609629297,0.9637877683323396,0.9576036838348734,0.8640539815709767,0.9797811449693631,0.9170389579782947,0.9229109835440807,0.9428469360414602,0.9073222074226133,0.9197042164521496,0.9123854650252072,0.9465033222027379,0.998438082710315,0.9428469360414602,0.8782540541553361,0.9157000504550397,0.9404139948917262,0.9170389579782947,0.9566644487892413,0.9079496588467504,0.8734436811123549,0.9686594103262076,0.944307918308324,0.9199406273027306,0.9467071200650463,0.9428469360414604,0.990995231066262,0.9986689650262639,0.9529828655437629,0.8955611203771285,0.8200212448894451,0.9242212627322115,0.9918070614060726,0.8903852777825743,0.9244246976009174,0.8577921935411369,0.8981194480464401,0.9902930825832765,0.837760094233174,0.9860136523181984,0.9529828655437629,0.9576036838348734,0.9066392353002064,0.8339901383045348,0.9024363921718168,0.9290959183459286,0.9156114273620615,0.9684760986278473,0.868091196291762,0.9447494136270194,0.8438471631147552,0.9409942357230057,0.9046484553665961,0.9358432864313676,0.9467071200650463,0.9487265052554266,0.9644342014392548,0.9374201804111677,0.9566494573223596,0.9247899824888337,0.9859983918197511,0.9487265052554266,0.9391866557097979,0.8314271579725276,0.9552408029353747,0.9359968704913989,0.9441324231963979,0.8734436811123549,0.8994092506018594,0.7935074943504448,0.9618529529912929,0.9888899454936781,0.941402059559062,0.9552408029353747,0.8557839418818978,0.9944284094187582,0.8970277449900299,0.9859983918197511,0.9214166876382093,0.9855869185160225,0.9414200463913256,0.880599508045177,0.9024363921718168,0.8342201252949566,0.9902930825832763,0.9259591224230197,0.7621674053638962,0.8843363349468663,0.905980420499302,0.957358263773645,0.9208601429117473,0.9170389579782947,0.9566494573223597,0.9540324564594047,0.9409942357230059,0.9641067145740574,0.9302267687191168,0.9466332291613411,0.8627395392561961,0.9529828655437629,0.8811829446778336,0.9100373996478222,0.9353609244375378,0.9007066431763935,0.8700138133529103,0.9199406273027306,0.9984380827103148,0.9825285594046644,0.9744074448022153,0.8785205700448546,0.9584254509740686,0.933997010939813,0.9559635246111835,0.9391866557097979,0.8272591292363523,0.8259862447267996,0.7535507327982047,0.8200804899469006,0.9428469360414602,0.9942907727414589,0.9951011472655116,0.9566644487892413,0.974738527625507,0.9267560680644201,0.9409942357230057,0.9428469360414602,0.9395253414344673,0.9569155378933603,0.9552408029353749,0.9428469360414602,0.9487957689880555,0.9798831497297819,0.9068549014387531,0.9086289852345717,0.9284363038146395,0.9409942357230059,0.9428469360414602,0.9664860384734406,0.9428469360414603,0.9170784033980421,0.9258400868430701,0.9481093959186369,0.9428469360414602,0.8438471631147552,0.9428469360414602,0.8325333514600275,0.8955611203771288,0.905980420499302,0.890385277782574,0.9467071200650463,0.8009347235614801,0.9391866557097979,0.9275156757582277,0.9307015751744632,0.8914873938168952,0.979245118297655,0.9720014770972774,0.9487265052554263,0.9208601429117473,0.8968564385234132,0.9253641867456623,0.8843363349468663,0.9029042197940338,0.9046484553665961,0.9535591865156563,0.9024363921718168,0.6694119034002071,0.9428469360414602,0.9352594849768436,0.9428469360414602,0.9829850481362499,0.9046484553665961,0.7901730830452838,0.9509575491863043,0.8262967737928699,0.9447494136270194,0.9414200463913256,0.9290959183459286,0.8794637048361449,0.9832374253294529,0.8437613648527309,0.9467071200650465,0.9736255139810746,0.8851462416270441,0.8770666824542336,0.9409942357230059,0.9508152934266845,0.9128207699131585,0.9576036838348734,0.8957485061869493,0.8957485061869492,0.9244246976009174,0.8544735095381983,0.9786985459970985,0.8554481859701065,0.7048642078261191,0.7690169915147922,0.9784690751812071,0.9529828655437629,0.9818641747629563,0.9414200463913256,0.9259591224230197,0.903271275381878,0.9529828655437629,0.9988320430013828,0.9250032086409831,0.9508152934266845,0.9193839619667785,0.9127986978904694,0.9467071200650465,0.9720014770972775,0.9347891138321135,0.9391866557097979,0.9467071200650465,0.9902930825832763,0.7988540429410893,0.9529828655437629,0.9459550341516685,0.884699396895007,0.9024363921718168,0.9583943202443376,0.9762777185243532,0.9428469360414604,0.9888899454936778,0.9391866557097979,0.9487265052554266,0.9411986340097224,0.9791563095579501,0.9467071200650463,0.9214166876382093,0.9448810215177157,0.8697487224008298,0.9919159996819459,0.9740664297104696,0.9133721538450705,0.9444230389970536,0.9720032089607527,0.975303691848058,0.9552408029353747,0.8272591292363524,0.9552408029353747,0.9484490715653733,0.9413936847619078,0.8981194480464401,0.9467071200650463,0.9428469360414602,0.9487265052554266,0.890520104676289,0.9229109835440807,0.9529828655437629,0.9135168909419202,0.9441180703023763,0.9428469360414602,0.9290959183459286,0.9529828655437629,0.9576036838348732,0.8786204957262435,0.9637877683323395,0.9259591224230197,0.9207232888949288,0.9185860740091778,0.8075057145892734,0.8264327167843047,0.7450160771704193,0.9018433792809051,0.9467071200650465,0.908674345896699,0.8139908973877208,0.933997010939813,0.8786204957262433,0.9576036838348732,0.7815588414320952,0.9086743458966988,0.8439965731990657,0.9374201804111679,0.9409942357230057,0.9928637420004902,0.9024363921718168,0.8577921935411369,0.9588639428390646,0.8220206572416717,0.9428469360414602,0.8311730457116628,0.9466508604266066,0.9502774276431882,0.9466508604266068,0.9552408029353747,0.9022970723742576,0.9428469360414602,0.9428469360414602,0.921416687638209,0.9971351329787357,0.9825285594046642,0.9428469360414603,0.9706827259226705,0.9428469360414604,0.9540324564594046,0.8843363349468663,0.8806537359826769,0.9980353634264251,0.9141982714487245,0.9805663112989256,0.8377233441481198,0.809920369835602,0.9428469360414602,0.8970277449900299,0.9448810215177159,0.9216208982943013,0.893176520020466,0.918740715901439,0.9117996187605453,0.9467071200650463,0.8726463241467878,0.9428469360414602,0.8484511081753159,0.7125680957857872,0.9892614560243305,0.9142596546781654,0.9447494136270194,0.9157000504550397,0.9356913183279745,0.9428469360414602,0.9167681525221199,0.9892416781258868,0.9428469360414602,0.7934449564140618,0.9729128973119283,0.9032466991467192,0.8180232600309134,0.9667745238162688,0.9428469360414602,0.9799993340927845,0.9664860384734405,0.9508152934266842,0.9436043620667731,0.8956114535857881,0.8163616366631179,0.896836857654101,0.9164658576765585,0.9902930825832764,0.877696581082679,0.9384117362634949,0.9275156757582277,0.9164187799868863,0.9337694320210888,0.8838450146253056,0.975500298406281,0.9487265052554266,0.9229109835440807,0.9428469360414602,0.9529828655437629,0.9584254509740686,0.9959466581627945,0.9832374253294529,0.950957549186304,0.9391866557097979,0.9714741264423927,0.9333309591099369,0.9391866557097979,0.9149568459375002,0.9389176628943107,0.9099530649250309,0.8943565890949512,0.9620139854217533,0.9055383025924691,0.9276489541002395,0.9552408029353747,0.701886499411488,0.975500298406281,0.9939005394641921,0.9695689525766121,0.9552408029353747,0.9534778445947829,0.8606159733902153,0.9757489930454581,0.8902758572576283,0.9695689525766122,0.890520104676289,0.9902930825832763,0.9086743458966988,0.954924242646743,0.891704658307676,0.9730889887268284,0.954924242646743,0.8640539815709767,0.9156114273620617,0.9810133722710495,0.9008577149489985,0.8930288547304028,0.9535591865156563,0.950834569660582,0.9093468603483925,0.9635000264027251,0.9326512786655548,0.975500298406281,0.8206918810077592,0.9832374253294529,0.9183264355967025,0.9730889887268284,0.9798831497297817,0.9459326098591596,0.9467071200650463,0.9346457727814363,0.8781352288783881,0.9073222074226133,0.9088193584132743,0.9529828655437629,0.9282903375864758,0.9757489930454581,0.9508152934266845,0.9448810215177157,0.9919304969477558,0.9374201804111681,0.9207232888949288,0.9529828655437629,0.9156114273620615,0.8299231483677989,0.9020120239820868,0.9409942357230059,0.9409942357230057,0.983984568565283,0.8955611203771288,0.9535591865156564,0.8851462416270441,0.9428469360414602,0.9508152934266847,0.9428469360414602,0.9428469360414602,0.9443079183083238,0.9275156757582277,0.9484490715653733,0.9428469360414602,0.9572683857303079,0.9151744589974806,0.9029042197940338,0.9164187799868863,0.8970277449900299,0.9620410202672297,0.8917716903077886,0.890520104676289,0.9115580161343755,0.9578778135048235,0.8752980666140113,0.9508152934266847,0.9466508604266068,0.9200827238932345,0.8379173649093345,0.9156114273620617,0.0,0.9391866557097979,0.9884961165870341,0.9508152934266845,0.9164658576765585,0.9467071200650465,0.9060717478541925,0.9197042164521495,0.9829255798283555,0.975500298406281,0.9513485153355081,0.9141982714487245,0.8942918945731193,0.9765150789456658,0.8485224323799813,0.9902930825832764,0.9805663112989256,0.9447494136270194,0.8681087881423557,0.9512236288184552,0.965272321931663,0.9207232888949288,0.97925310600785,0.9535591865156562,0.9292696757380845,0.8758435862211178,0.9409942357230057,0.8962607001862011,0.9599453718988953,0.9576036838348732,0.8841089108566849,0.8459144961042644,0.890520104676289,0.8044279925348341,0.9805663112989256,0.9604002581429945,0.7309496250005187,0.9428469360414602,0.9487265052554266,0.9448810215177159,0.9428469360414604,0.9006456125752125,0.930701575174463,0.7253263949559208,0.9170389579782947,0.9157000504550397,0.8805458336495585,0.9636229404256603,0.9552408029353749,0.9968467098210889,0.9323345609629297,0.8611104201412592,0.9951011472655116,0.957877813504823,0.9132688345152585,0.9046484553665961,0.9730889887268284,0.9677336749333649,0.8596568246519868,0.8126384549415191,0.9606026542341575,0.8924520257599284,0.9421236141855147,0.8722463878449838,0.7458113902966332,0.9552408029353749,0.9290959183459286,0.9447494136270196,0.9258400868430701,0.9352594849768439,0.944869464998827,0.9409942357230059,0.8979784640232734,0.8480076850671181,0.9576036838348732,0.801309476966222,0.9467071200650465,0.9073222074226133,0.9773177764454566,0.9244246976009176,0.993001269385082,0.9156114273620617,0.8264327167843049,0.8855640524750212,0.9323345609629294,0.9409942357230057,0.9487265052554266,0.886472086713383,0.9428469360414602,0.9086743458966988,0.9061857028901898,0.755129633153168,0.9100373996478224,0.9428469360414603,0.8829287866957691,0.9332313031669532,0.9299953465081168,0.9127986978904696,0.8917716903077886,0.9917526939911679,0.9584954030753321,0.8092097651567699,0.9620019617019888,0.9985977496218882,0.9477555878984227,0.9937547890875104,0.9508152934266847,0.9253641867456623,0.9199406273027304,0.9902930825832764,0.9798831497297817,0.9576036838348732,0.9184817171461352,0.9391866557097979,0.9576036838348734,0.933997010939813,0.9199406273027306,0.9428469360414604,0.9888330225636903,0.9010752173319363,0.9529828655437629,0.9428469360414604,0.9805663112989256,0.8800551099066891,0.8388950747835361,0.9409942357230057,0.9487265052554266,0.9374201804111677,0.9409942357230057,0.998438082710315,0.9086743458966988,0.9428469360414602,0.9374201804111677,0.8955611203771288,0.9428469360414602,0.9259591224230197,0.9739457607244573,0.9055383025924689,0.9902930825832764,0.9813507987576179,0.9447494136270194,0.9409942357230059,0.9489507333188152,0.9347579005555582,0.7845765883534521,0.9287612263877985,0.9428469360414602,0.9315707757470979,0.9272932852315992,0.9326512786655545,0.9776962401979463,0.9694900493913192,0.9529828655437629,0.9447494136270194,0.9290959183459289,0.9413936847619077,0.9290959183459289,0.9389176628943106,0.9046484553665963,0.9664103718298932,0.9997442770526123,0.9794360066136898,0.9323345609629297,0.8347988866605852,0.921416687638209,0.9467071200650465,0.8523712920330868,0.9348728834188953,0.9428469360414602,0.9428469360414604,0.8983711902967619,0.9552408029353749,0.9511243311366435,0.9374201804111677,0.9149568459375003,0.9098425052230693,0.9391866557097979,0.955359893352586,0.9631108805224228,0.9428469360414602,0.9428469360414602,0.9414200463913256,0.8892764867245644,0.9602082688150357,0.9353922671487133,0.9566494573223596,0.8697487224008298,0.8467276077778301,0.9699110437677702,0.9244246976009172,0.8750479429799931,0.9428469360414602,0.9060717478541924,0.9487265052554266,0.9576036838348734,0.8892764867245642,0.9529828655437629,0.8993350034316335,0.9428469360414602,0.9428469360414602,0.8232512357638027,0.9428469360414604,0.8900751422054867,0.9805663112989256,0.9231941516290607,0.9208601429117476,0.9074373046304508,0.9889883423817387,0.9736651756025824,0.8594891528032416,0.9428469360414603,0.9046484553665961,0.9459490598057466,0.9942907727414587,0.9529828655437629,0.9038040896127961,0.9383735294607871,0.8994092506018596,0.9073222074226133,0.9333309591099369,0.9543185748336593,0.9428469360414602,0.9326186806809827,0.9859795134306004,0.9208601429117476,0.9950786342450839,0.9349913915203822,0.933997010939813,0.7528966544272313,0.9744074448022153,0.9508152934266845,0.9103883516452518,0.898494672504741,0.9535591865156562,0.9706827259226706,0.9635000264027251,0.9684760986278473,0.9524511822943206,0.9487265052554266,0.9409942357230059,0.890385277782574,0.7708967617979812,0.9413936847619077,0.9928637420004902,0.964434201439255,0.9046484553665961,0.9576036838348734,0.964434201439255,0.9602082688150357,0.9502774276431882,0.8167085586413266,0.702446860765853,0.9552408029353747,0.9307015751744632,0.9197042164521498,0.917142131363949,0.9356913183279747,0.9409942357230057,0.9199406273027306,0.8560163764861797,0.9447494136270191,0.8155224597734185,0.9859795134306006,0.9899015998835283,0.9683445719027706,0.9428469360414602,0.9432506800820841,0.7024468607658532,0.9569155378933603,0.9552408029353749,0.9829255798283557,0.9259591224230199,0.7988318128015329,0.9428469360414602,0.9636229404256603,0.8071838764186419,0.979781144969363,0.9620410202672297,0.9850968376094409,0.9524511822943205,0.9487265052554266,0.9393433265910528,0.8207684949521044,0.9610339452947274,0.9667745238162688,0.9275156757582275,0.8776082028724732,0.9576036838348732,0.9765150789456657,0.9428469360414604,0.9115164905744358,0.9440432620596215,0.9133721538450705,0.9602082688150357,0.8898696771262726,0.9389176628943109,0.9409942357230057,0.9348728834188952,0.8722463878449838,0.8831126597162942,0.794819907753801,0.8200862327138881,0.9428469360414602,0.907647585988741,0.8748097499677505,0.9127986978904694,0.9428469360414602,0.9384151690330191,0.9356913183279745,0.9529828655437629,0.975500298406281,0.9409942357230057,0.8816373105758182,0.9684760986278474,0.9477484320154701,0.9199406273027306,0.9215301630028531,0.9275156757582277,0.8153390997626973,0.9428469360414602,0.9620019617019888,0.9428469360414602,0.9762777185243531,0.945109705409731,0.9740664297104696,0.9576036838348734,0.8684289724187021,0.8541942475379052,0.9638437528988764,0.963500026402725,0.9428469360414602,0.844601506988564,0.914968958641729,0.9971714808734815,0.9574221292599492,0.9046484553665965,0.9487265052554266,0.9156114273620617,0.9141982714487245,0.9837816225361296,0.912166584917486,0.9729128973119283,0.9837816225361296,0.9127986978904696,0.9487265052554266,0.9024363921718168,0.9837816225361296,0.9576036838348734,0.9229109835440807,0.6894917045838491,0.9652032613479657,0.9409942357230057,0.9141982714487247,0.9797811449693631,0.959254381027794,0.9046484553665963,0.9285304562976124,0.9414200463913256,0.8991965786255652,0.998438082710315,0.9307015751744632,0.8767465845813152,0.9127986978904696,0.9238496325630552,0.945109705409731,0.875206303810331,0.896836857654101,0.9662633710722657,0.9447494136270194,0.9467071200650465,0.9378470937928912,0.9794167057545851,0.8639170600745969,0.9074373046304507,0.9223484979500998,0.9487265052554266,0.9508152934266847,0.9337694320210888,0.9170389579782947,0.9364951417878591,0.8567058745534247,0.9579335751547247,0.8887257030856444,0.9290959183459286,0.9141982714487247,0.9428469360414602,0.9169652772772321,0.8627395392561961,0.9397260007982835,0.9566644487892413,0.9131372324694849,0.7778490753105246,0.908674345896699,0.9595631380405527,0.9229109835440805,0.9374201804111677,0.9113353863393023,0.954924242646743,0.9441324231963977,0.9144799757202475,0.9323345609629294,0.7686298320674285,0.9409942357230057,0.8686701132805101,0.9393433265910529,0.9467071200650463,0.9447494136270194,0.9038040896127961,0.9184817171461352,0.9902930825832766,0.8855640524750212,0.9250068067439666,0.9343118721011041,0.9951011472655116,0.9391866557097979,0.8975473651324499,0.8855214123617459,0.890520104676289,0.9902930825832764,0.9825285594046644,0.9259591224230197,0.9508152934266847,0.9243190146758089,0.9829255798283554,0.9942907727414587,0.9552408029353749,0.9406464348878109,0.9529828655437629,0.977801606875008,0.9508152934266847
p197_T,0.8436265091195072,0.992239334903201,0.8848712502248584,0.9958114695283622,0.805582181446696,0.9599080294518358,0.8720135833531328,0.8633554231637635,0.8976541691085209,0.2639905338697758,0.9894969760647812,0.8143691847723077,0.8143691847723078,0.9608634184056339,0.9826194297807276,0.825161783010645,0.9980965995557116,0.9271009640247971,0.9555383641697375,0.957673577027655,0.8803223329648369,0.9868619655962765,0.9314553797224701,0.4117309614440856,0.9843238957181939,0.9271009640247971,0.9408215498230332,0.9254149084505715,0.957673577027655,0.8660480980269708,0.9201981569430602,0.9113150120108421,0.9391866557097981,0.913638123172289,0.867698299150503,0.9701343557301771,0.947752420917731,0.9391866557097979,0.3028451788013702,0.9728091693196088,0.9287407729092756,0.9772068366488,0.8762593501599868,0.9737816581441503,0.9980965995557116,0.8950826407984753,0.9496037211238537,0.9301746946212588,0.9728091693196088,0.9785423118698664,0.4312142709573832,0.8688071243578379,0.9271009640247971,0.9375844381576608,0.9951011472655114,0.9706982209232327,0.5652401104447088,0.9459533477380775,0.7755087161183707,0.9424920127795524,0.9750660166392209,0.9313874640745577,0.9749771166196228,0.7491329182845522,0.9752369887774632,0.9506007986398965,0.9515133476881703,0.7715983355805621,0.8350194764363665,0.9701343557301771,0.9590184309099956,0.9256878868316012,0.9459533477380777,0.7708615632596499,0.9459533477380775,0.879190935397886,0.9344681175525125,0.9570183943574117,0.9217469326616186,0.9581756603540755,0.5291413577349573,0.9299834289466349,0.9215480977067745,0.9271009640247971,0.9459533477380775,0.9536828573969376,0.9868619655962767,0.8998093458317238,0.7324278634272591,0.9442013463068035,0.9459533477380775,0.9873110786538148,0.8742662697405406,0.9041422866074331,0.9666307012815272,0.8941182576784144,0.916326272165026,0.8803223329648371,0.7818685923683748,0.8889830045319054,0.9706982209232327,0.9496037211238535,0.9459533477380777,0.9737577656653315,0.9549668724570902,0.9555383641697377,0.9769097246611171,0.7869306107239787,0.9129277772069978,0.8500620099096323,0.9310287774772668,0.6333977017126349,0.9295263143910528,0.9808011959067168,0.9496037211238537,0.9027619898118016,0.992239334903201,0.37551611492949577,0.9599080294518356,0.996697405883052,0.9073379150848058,0.7592114128414412,0.9329497321807898,0.6351148051470574,0.974977116619623,0.9001698462527203,0.9477524209177308,0.9120136950985209,0.995441286462974,0.9502726792490606,0.8957343462573437,0.9496037211238535,0.9799008321613358,0.9581756603540753,0.9980965995557116,0.82194380847363,0.6810032737495675,0.9799008321613357,0.9515133476881703,0.998757543485978,0.8190550279834294,0.957673577027655,0.8956389981350419,0.8944877265111877,0.7195432449276988,0.9826194297807276,0.9547382576229388,0.7428081663990695,0.9256878868316012,0.8564442696037553,0.9644928340620882,0.9874196720316069,0.8596771133547376,0.8735611753844459,0.9113150120108421,0.9256878868316012,0.9231226334984479,0.9486066482612978,0.6809314051279141,0.944011921397141,0.881701975139664,0.9496037211238535,0.9709760367855711,0.8610880720503441,0.8906229438722486,0.9519642373961463,0.8194297451663287,0.8929489608197008,0.9666307012815272,0.7362801465619608,0.9608634184056342,0.9442013463068035,0.924292054060027,0.9737069953661386,0.9320241012496377,0.9656751079216928,0.970134355730177,0.7981434345126295,0.9994890516008976,0.9455056955691956,0.7407175778549463,0.9149927351303697,0.9242920540600268,0.9442013463068035,0.8797354478006449,0.8736582841643716,0.9966974058830522,0.7414130926961158,0.9375844381576608,0.9494874991020567,0.47000354987575244,0.8976541691085209,0.8381840243077954,0.7963267771106679,0.6497908700690576,0.9459533477380775,0.41173096144408516,0.9424920127795526,0.7813738098359858,0.9928993996587125,0.8848712502248581,0.9442013463068035,0.9459533477380775,0.8601523251100109,0.9365740280542727,0.34182412278003227,0.9459533477380775,0.8707590502221958,0.9502726792490608,0.879190935397886,0.8773018426300594,0.9732495942606137,0.995441286462974,0.9459533477380775,0.830317520763346,0.9459533477380775,0.9622039169705845,0.9129765806675127,0.8809804133269928,0.9459533477380775,0.9120136950985207,0.9459533477380775,0.8443972183530593,0.901237634194086,0.9519642373961463,0.8994963539206025,0.9496037211238535,0.8170840981467903,0.9424920127795524,0.9314553797224698,0.5939872500536114,0.9750660166392211,0.8592200987204626,0.913638123172289,0.9799008321613358,0.9287407729092757,0.67508022327814,0.9330819649782567,0.9611956642977568,0.909831049842277,0.909831049842277,0.4864279528501805,0.9440119213971412,0.9424920127795526,0.9459533477380775,0.9204726162303586,0.9459533477380775,0.9053040576526354,0.9098310498422768,0.9515133476881705,0.9686400066736423,0.8170840981467902,0.41173096144408516,0.9085802966718617,0.9329497321807898,0.9547382576229388,0.9894969760647812,0.9716929305952211,0.3884451555426315,0.9564656546829657,0.8634987624252988,0.7669632898056067,0.9442013463068035,0.9534886050081051,0.90096069216439,0.3028451788013702,0.9341586822630341,0.81502125950369,0.9285324039439793,0.8932444491995204,0.9610214357054916,0.9515133476881705,0.7583146429153513,0.7869306107239791,0.8970292964479509,0.9555383641697377,0.9286248363783876,0.9486066482612976,0.921455769651674,0.9679510284665815,0.9555383641697377,0.9002465670022486,0.872082293311625,0.9039625825630317,0.9273191685398656,0.9958114695283622,0.9496037211238535,0.913638123172289,0.8277672007198682,0.9424920127795526,0.9496037211238537,0.9496037211238535,0.8392815750630274,0.9701343557301771,0.8657709525601992,0.9334124924496285,0.8780615512279373,0.9197107641760085,0.9555383641697375,0.9459533477380777,0.9728091693196088,0.998757543485978,0.9515133476881705,0.8073419023819214,0.6462579916378983,0.9496037211238535,0.9728091693196088,0.9254149084505715,0.8306315975793841,0.7112034438816373,0.762290446868867,0.9692908559344791,0.9661579009546035,0.8951816140095669,0.9890939442433291,0.9576735770276548,0.9345566419027254,0.9576735770276548,0.955430200993886,0.564427767869534,0.9806848395182723,0.9180060542094446,0.9459533477380775,0.9515133476881701,0.7374158427411275,0.9749771166196228,0.9555383641697377,0.9534886050081051,0.9442013463068037,0.9459533477380775,0.9843238957181939,0.9555383641697377,0.9599080294518358,0.9437480193578958,0.8943086219741139,0.9795036960805319,0.9515133476881705,0.7871523641444371,0.90096069216439,0.9329497321807898,0.9391866557097981,0.887380262815934,0.4546402678759839,0.9972222788154832,0.8809668813683988,0.9375844381576608,0.9437480193578958,0.9599080294518358,0.8227641902120655,0.9972222788154832,0.8098383097811255,0.9408215498230332,0.9442013463068035,0.9553986077727084,0.944011921397141,0.8547345879297661,0.9579192699377805,0.8617026589491741,0.9459533477380775,0.9612070097922705,0.6330833366296486,0.9582299683733858,0.9536828573969374,0.9576735770276548,0.7933892545030736,0.9459533477380775,0.9459533477380775,0.603099288288323,0.6595161573610274,0.9093762272332484,0.9459533477380775,0.9576735770276548,0.9919305345581159,0.960863418405634,0.8906229438722486,0.8230366965941738,0.9919305345581159,0.9627453733534854,0.9868619655962765,0.8771406690629773,0.8499446834990616,0.9459533477380775,0.8735611753844457,0.9928378554472403,0.811301248630203,0.8350194764363663,0.9188618095812562,0.9534773528800462,0.9496037211238535,0.8420780260601937,0.9459533477380775,0.8647268429026478,0.9771467307855513,0.8500946683680417,0.9577184299069272,0.947752420917731,0.8758599594503,0.9391866557097979,0.9459533477380775,0.9703548064795299,0.9805636636800179,0.9459533477380775,0.9627453733534854,0.7901005262017787,0.860313060072222,0.8578060722285477,0.8073419023819213,0.9459533477380775,0.7918620529956104,0.876086553322736,0.9534886050081051,0.9002465670022488,0.8578060722285477,0.9390736794276016,0.9024440319654485,0.9946003397516283,0.9496037211238537,0.9628544051917187,0.879190935397886,0.9677078677803634,0.7783831209320853,0.9594925359888826,0.862383237570735,0.9314553797224701,0.9515133476881703,0.9749771166196228,0.9459533477380775,0.9555383641697375,0.8952920587572561,0.7923774013724338,0.9360123464869743,0.968640006673642,0.9424920127795524,0.9197217948021471,0.9881959173184505,0.9987575434859779,0.9360123464869743,0.9459533477380777,0.992239334903201,0.8713193097015213,0.9916384125088661,0.8958070756300927,0.8199374340288259,0.9576735770276548,0.843795974860178,0.9677078677803633,0.9432129712970998,0.9868619655962767,0.9576735770276548,0.864217407017669,0.9519642373961463,0.9785423118698664,0.9285324039439793,0.9344681175525122,0.8964706102804105,0.9496037211238535,0.913638123172289,0.713341106194977,0.900758470556162,0.9299834289466349,0.9645325849988504,0.9360123464869743,0.9908644354749634,0.9425382768468589,0.9222342176522086,0.9523438149852951,0.9408215498230332,0.926365320124256,0.9176678508338107,0.5625603488683244,0.9795036960805321,0.9818737559710533,0.8604059906780077,0.9360123464869743,0.8712321677735533,0.9299834289466347,0.9907143086558443,0.8606021896709699,0.9496037211238535,0.921065205791362,0.8381840243077954,0.995006237994279,0.9287407729092758,0.9555383641697377,0.908045893235794,0.773662655011953,0.8326881763485998,0.9928378554472403,0.9408215498230332,0.9408215498230332,0.9799008321613358,0.3011888348294104,0.9646668607340487,0.8969692479811884,0.907337915084806,0.9442013463068035,0.9954412864629741,0.8668703112866096,0.6447298230037253,0.9408215498230332,0.9254766905970767,0.9459533477380775,0.9534886050081053,0.9459533477380775,0.9459533477380775,0.9162633501146367,0.6147792340402808,0.955430200993886,0.9459533477380775,0.9055489609518097,0.8635919542985482,0.9502726792490607,0.9238713933864284,0.9058538072885725,0.8473003449739176,0.6595161573610273,0.7740271974389741,0.9425382768468589,0.5016684287330635,0.75607788365991,0.9534886050081051,0.912359476799596,0.8098383097811257,0.8467269607313443,0.9201981569430604,0.9391866557097979,0.0,0.8024120526902032,0.975236988777463,0.9595554859827866,0.9496037211238537,0.9662311315641035,0.5939872500536103,0.9741187306463792,0.9314553797224698,0.9251470890468048,0.9188618095812564,0.9750660166392209,0.9314553797224698,0.9572080715751812,0.9496037211238535,0.9344681175525122,0.947752420917731,0.9713406485598299,0.9067529594461947,0.9143189439630464,0.9515133476881705,0.9067529594461945,0.5437030025828615,0.8451646916481852,0.916326272165026,0.9350839192327519,0.8912406087454795,0.9215480977067745,0.9599080294518358,0.8742425548958968,0.979675935156952,0.7374158427411275,0.8715374598583743,0.9344681175525122,0.7204019134707564,0.9954894078264942,0.9459533477380775,0.9515133476881703,0.9110906193450525,0.9459533477380777,0.9120136950985209,0.9344681175525125,0.9424920127795526,0.9882866951437199,0.8758599594503,0.9314553797224701,0.8310095946739624,0.957673577027655,0.8338539721527618,0.8500491352017978,0.918680812121724,0.9424920127795524,0.9951011472655116,0.8604492404004829,0.9098310498422768,0.921455769651674,0.8999020211050869,0.968837999655229,0.8525764165920211,0.8149001281234796,0.9136381231722888,0.7909750128041536,0.9120136950985209,0.9201981569430604,0.9576735770276548,0.9129277772069977,0.9477524209177313,0.8285051677670634,0.9570839709282044,0.8860151533715295,0.9442013463068035,0.8901342005070401,0.8873802628159337,0.9581756603540754,0.7769341487243335,0.9180060542094446,0.9950062379942792,0.9110906193450525,0.9285324039439793,0.7414130926961158,0.9646668607340487,0.9843238957181939,0.9273191685398658,0.9360123464869743,0.9954412864629741,0.9515133476881703,0.9599080294518358,0.9459533477380775,0.6266490207901463,0.9476047808533714,0.8486241527613598,0.9149270915494647,0.9459533477380775,0.9084332038159759,0.8681580978826144,0.9499053607024351,0.9608634184056339,0.9345566419027251,0.8848712502248584,0.8735611753844457,0.747542148610121,0.9229124393123016,0.9375517053100488,0.9568188779970366,0.9176678508338107,0.9534886050081053,0.8964706102804105,0.5652401104447087,0.9842011665427952,0.9688440619373718,0.9599080294518356,0.9856324259650169,0.9424920127795526,0.9599080294518356,0.9375844381576608,0.9828956122135617,0.9919305345581159,0.9170100277191804,0.8769340287666245,0.9555383641697375,0.9919305345581159,0.48919955396608295,0.8868562668162889,0.9239272492759629,0.9442013463068035,0.9515133476881705,0.9408215498230332,0.9442013463068035,0.9442013463068035,0.9136381231722889,0.9459533477380775,0.4864279528501806,0.6825658682372411,0.9459533477380775,0.9795036960805319,0.9176678508338107,0.8214797955300072,0.9496037211238537,0.9534886050081051,0.947752420917731,0.9442013463068035,0.8688568034034699,0.9080629205282027,0.9314553797224701,0.8015055770268694,0.9459533477380775,0.9769097246611171,0.9496037211238535,0.9299834289466349,0.9140986247073859,0.9787821535244003,0.9555383641697377,0.947752420917731,0.553308632445169,0.8879608031238043,0.9329497321807898,0.9919305345581159,0.7261942854966694,0.9162269502513476,0.9646668607340483,0.9129765806675127,0.9360123464869743,0.9555383641697377,0.9728091693196088,0.9496037211238537,0.9769097246611171,0.9737069953661386,0.9459533477380775,0.9459533477380777,0.9395972874156604,0.34182412278003227,0.9116361072960726,0.9408215498230332,0.9894969760647812,0.9506007986398965,0.9424920127795524,0.9112775441712831,0.8290848139298208,0.9459533477380775,0.9459533477380775,0.9486066482612978,0.9036237117624291,0.9330819649782569,0.910219765728268,0.7648347005325172,0.8578060722285477,0.8860996110792336,0.8373851453596679,0.9772068366488,0.7923774013724336,0.9459533477380775,0.9301746946212588,0.9515133476881703,0.3028451788013702,0.8758599594503,0.9555383641697377,0.9313874640745579,0.9459533477380775,0.9459533477380775,0.8408516164659381,0.9459533477380777,0.8320656291917768,0.9344681175525122,0.9067529594461947,0.8929489608197008,0.9686400066736425,0.9996756029115751,0.8131396815414456,0.9278857780314882,0.9459533477380775,0.9502726792490606,0.8671552293362642,0.947752420917731,0.8958070756300918,0.9786630756548504,0.8261315571847827,0.6675378764137851,0.9536828573969374,0.796040932026994,0.8797354478006449,0.9459533477380775,0.9258694261363465,0.6744067172269892,0.7491329182845522,0.9797861897613426,0.8568046890338219,0.937584438157661,0.9732495942606136,0.9320241012496373,0.9534886050081051,0.8601523251100107,0.7273502833737522,0.9408215498230332,0.9644928340620882,0.9608634184056339,0.9271009640247971,0.9094159392181114,0.43121427095738274,0.9954412864629743,0.8679639303639386,0.924292054060027,0.9098310498422768,0.9981900884313566,0.8762593501599869,0.9098310498422768,0.8762593501599869,0.9581756603540754,0.9696933196761028,0.9149270915494647,0.8894657784451026,0.9919305345581159,0.9644928340620882,0.9344681175525122,0.9344681175525125,0.9049562904994715,0.9391866557097983,0.9442013463068035,0.8436771116239444,0.8871620821950175,0.41173096144408616,0.8999020211050872,0.9636703814083796,0.8668703112866096,0.8956741158401007,0.9459533477380775,0.9531644691774961,0.9459533477380777,0.909864108570767,0.2639905338697758,0.9285324039439793,0.9299834289466347,0.9348057385055197,0.9459533477380775,0.8728912398822923,0.8473003449739174,0.5252936325804958,0.8293931359623294,0.9087111135341972,0.9279258829221861,0.9515133476881703,0.9477719280502399,0.9496197597619185,0.8742425548958968,0.8433079947733282,0.9677078677803634,0.8899436020594855,0.9581756603540755,0.9314553797224701,0.9459533477380777,0.8917839318880127,0.9256878868316012,0.941133718300996,0.7008044880432815,0.879625865654128,0.9919305345581159,0.9442013463068035,0.9453585115426593,0.8821740773501712,0.9245106322139445,0.8379477020019617,0.835217593374124,0.9459533477380775,0.8245599845264671,0.8846189616699074,0.9608634184056339,0.9459533477380775,0.8317070600826404,0.9951011472655116,0.9555383641697377,0.9818737559710531,0.9442013463068035,0.8651692889773961,0.977146730785551,0.8906229438722484,0.9706982209232327,0.8685416033576956,0.9314553797224701,0.8551965465982105,0.9459533477380775,0.985632425965017,0.9459533477380775,0.37551611492949577,0.9620275776222871,0.9425295786510806,0.3028451788013702,0.9215480977067745,0.9508003341101743,0.9360462988835683,0.9608634184056339,0.9459533477380775,0.7334406308261021,0.7800705189555932,0.8700195781003912,0.9908644354749633,0.9098310498422773,0.9799008321613357,0.9201981569430602,0.6423025526964543,0.9110906193450523,0.9890998097486434,0.8887435762918521,0.9110906193450523,0.9175383063396303,0.9515133476881705,0.9110367363125389,0.9110906193450523,0.3028451788013702,0.9771467307855514,0.947752420917731,0.9769871064817428,0.9442013463068037,0.5984189889242254,0.9709760367855711,0.8848712502248581,0.909831049842277,0.8164527390346137,0.9486066482612976,0.6502205707763307,0.9442013463068037,0.5415934020098471,0.799729845766213,0.9175383063396303,0.9679510284665818,0.7592834687851843,0.945345589113457,0.9024440319654485,0.9256878868316012,0.47578262320790277,0.9842011665427951,0.9316215436119188,0.9399242567241991,0.9229124393123014,0.9229124393123014,0.9977124314930521,0.9515133476881703,0.9534886050081053,0.8217293891538694,0.9882866951437199,0.9186808121217243,0.9223470008110382,0.9201981569430602,0.8656760844046909,0.9643019407444021,0.9627453733534852,0.9459533477380777,0.9663720964715103,0.965675107921693,0.9469647240084871,0.9662311315641035,0.8715094360820281,0.9752369887774633,0.9136381231722888,0.8167118340694208,0.9271009640247971,0.9408215498230332,0.9215480977067745,0.9287407729092758,0.7956226326299234,0.9313565732561024,0.9360123464869743,0.8627424103544841,0.9350839192327516,0.797941945987891,0.8655810002434068,0.9842011665427952,0.947752420917731,0.7560778836599099,0.9229124393123009,0.9842011665427951,0.9660751215045752,0.7848520371028184,0.8694444869495288,0.9424920127795526,0.9424920127795526,0.7890718736990909,0.9299834289466349,0.9330819649782569,0.9842011665427951,0.7645751990081133,0.9299834289466347,0.9534886050081053,0.9547382576229388,0.9285324039439793,0.9881959173184505,0.3418241227800315,0.8780615512279373,0.37551611492949577,0.8617026589491739,0.9534886050081053
p198_D,0.822589106505771,0.826906067950357,0.8542006657557832,0.9942357838016831,0.9820230673219618,0.8622506099222338,0.97196974386371,0.9620212981952516,0.8601997411680986,0.8153105908663696,0.8422031842223268,0.9968541159112032,0.9146471974855419,0.6795214643554246,0.7967053560411688,0.7386221575021952,0.8977951267349016,0.681908393500005,0.907227669702495,0.8859836480030538,0.9924993768103951,0.7616283513394648,0.9786313952150837,0.8592586391832726,0.777400993191607,0.731224412591975,0.7677804724276471,0.9275112785647259,0.850647119434712,0.7672683526709887,0.7021689125109214,0.9001889664606622,0.7854142280701439,0.8266003663996162,0.9256215060287809,0.940972330503016,0.8592586391832724,0.7600289920055319,0.8250605217364744,0.7185287162514709,0.939125668590028,0.8035860184235735,0.9517989491489709,0.9914666887693715,0.8977951267349016,0.8520240514926345,0.840203440748829,0.6926361598913191,0.6757424958515799,0.9287629979487784,0.8507067764119418,0.8387282899672228,0.731224412591975,0.7760798722250835,0.8845777030899089,0.7825685351092005,0.6907202904261152,0.7846176027958278,0.9915005683812882,0.8824303364090564,0.8741415834543681,0.9268466264906983,0.9862099014523122,0.9878742259207558,0.7970496570275618,0.817000871067345,0.9129828406937908,0.9756770752650943,0.907186693191381,0.8397383481014531,0.6538875079246163,0.7466435287498889,0.8692199447356004,0.8158409173380932,0.7846176027958278,0.9395131899741049,0.7864213024362037,0.9393314892384306,0.8113382291880626,0.8622506099222338,0.9150494129844045,0.964272917285145,0.9851594818860823,0.9427382574591257,0.7846176027958278,0.6551063024726926,0.8805626529774464,0.6604745814393486,0.9899440293931128,0.8050379729179937,0.7846176027958278,0.5441487567623011,0.6319863604404521,0.7302112212794012,0.8101650391261362,0.7417451370800432,0.5336411394888336,0.9469468115857216,0.7571976583042771,0.6525379485635066,0.9014047602119886,0.81015079238966,0.7641699068587247,0.6897496858514658,0.8758902870387446,0.8059936873009328,0.5690549376862908,0.7974913393925395,0.9193880139953148,0.7644040978375946,0.6242871874859386,0.7986456259570014,0.7939735882781408,0.7194943713985162,0.8402034407488288,0.7349036159046769,0.9509729616455322,0.8397383481014538,0.877418772777453,0.7603016446984616,0.918580253353622,0.5278102308916617,0.7774009931916075,0.7931101681828894,0.9703184545545012,0.6304856114754378,0.8883381588027088,0.7908571662765087,0.893536659521248,0.8793529411904695,0.7995552716180794,0.8592700756594799,0.8818448085528665,0.9146088609632119,0.7677804724276474,0.7614426439740791,0.9953070085702563,0.9936030628834356,0.850706776411942,0.7974965287155303,0.8140289763712479,0.8153105908663694,0.8793826544625135,0.8123847138799052,0.523207336880299,0.7797508066630138,0.9513613734760759,0.845168284944096,0.7680366389498348,0.81217009934619,0.8153105908663698,0.9933623320791553,0.7310786566561234,0.7600220851841777,0.912982840693791,0.768036638949835,0.6864990757669456,0.7464703441130434,0.8843079239305205,0.7523717446486449,0.7407840047851373,0.9904666825446744,0.7844149039221471,0.69819655721138,0.9072192650096551,0.6677179799328161,0.750215515809302,0.7278819201568751,0.8920352307212491,0.9403900351549089,0.8762179140093365,0.920938965663135,0.6982947471948514,0.8202054619742591,0.8836803687981813,0.953773208536673,0.9072276697024948,0.9980105196080562,0.8207443377829571,0.8491922841760395,0.9999461753619121,0.832102676577648,0.9435416541691632,0.8324402790598803,0.725575914903819,0.546609613687888,0.8541953199704249,0.8466242541407555,0.7512664934860493,0.8651122289269195,0.9357758588882916,0.9774760625705299,0.8460437143634103,0.7997873206411017,0.9896061324030183,0.7846176027958278,0.8883381588027088,0.8024120526902032,0.8399630914574915,0.858925632463704,0.8512500207004096,0.9146471974855417,0.7846176027958278,0.9874445733956321,0.7391556675141159,0.8153105908663698,0.7846176027958278,0.9006911999926974,0.8426318593826958,0.8948984827294416,0.7680503139696395,0.9977547592320265,0.7565251288118122,0.7846176027958278,0.8023963714003595,0.7846176027958274,0.902651634047404,0.9685243327866836,0.9351426329879378,0.7846176027958278,0.9788401477426526,0.7846176027958278,0.827424531139274,0.6923081316885872,0.6306046515568291,0.9678652446531659,0.81015079238966,0.6831023202723137,0.7974965287155302,0.7924686635613793,0.952929324729379,0.8533538482604044,0.9568404847381751,0.883521303974882,0.9752589049756402,0.882129621197304,0.9240785149836026,0.9305508696833764,0.9806404308836004,0.9527951048060184,0.7141080730554853,0.9498009884578036,0.5128394633078632,0.9091030976486743,0.7846176027958278,0.8035036537028575,0.7846176027958278,0.8021624265045846,0.6616335362123513,0.900188966460662,0.7343175410400132,0.6710039198121218,0.8883381588027088,0.9809495906035569,0.9639923733842708,0.5650330579561091,0.9878222819994916,0.7908571662765086,0.9003087374671672,0.6294874379001207,0.6811305218683836,0.8955685121011753,0.8050379729179937,0.9264842688269395,0.657856619455885,0.8250605217364744,0.7488611177644431,0.9892587479591795,0.7151930505081454,0.8719113262548573,0.5615104642671103,0.8690509343197379,0.9063781855450479,0.9556392099177486,0.9734639313169202,0.8059936873009328,0.764404097837595,0.8355735557857439,0.8518616589332715,0.7740224147265524,0.8059936873009328,0.937639238259762,0.840257157820318,0.9764397723235272,0.9882048515670595,0.6795214643554244,0.7800981440304908,0.8835213039748822,0.7694871458077869,0.8824303364090562,0.7991647789411427,0.9904666825446744,0.5759935479315045,0.8059936873009319,0.7544741890875816,0.7036338148042465,0.9631836712591774,0.923385653658962,0.974716991303537,0.7641699068587244,0.9110667080509813,0.7490665302109676,0.8507067764119423,0.7713990043753024,0.9720718179666326,0.9604140341855054,0.7185287162514711,0.9611487363073126,0.7962678273188297,0.8608565299931625,0.8520424649538003,0.6863247004827522,0.9460597731944396,0.9886403664878283,0.5364075394045903,0.9919932337080797,0.9942298227708775,0.9213201765713959,0.869821299865629,0.9711556457099052,0.9832541837539227,0.9604140341855054,0.7846176027958278,0.8067748700378877,0.71447016993469,0.6819083935000065,0.8059936873009328,0.9440811193736828,0.8387320472374735,0.7846176027958278,0.8940206058120219,0.8228150438933366,0.8250605217364748,0.9209320857616192,0.9270643303743197,0.739450400581398,0.8379129021788132,0.7741661314691521,0.6704161690799397,0.9639923733842708,0.9353481752191316,0.7111844131403982,0.8402034407488292,0.7696794288243498,0.7039435997679728,0.7760798722250837,0.9738750654235965,0.9738208744795109,0.6718847045089471,0.6421375495645616,0.7240760571782803,0.7677804724276474,0.8050379729179937,0.9647255201395106,0.7823132798162427,0.7572439245726097,0.6648162844557328,0.6662702954165329,0.7846176027958278,0.8571822284486958,0.98843741753565,0.6863750820867787,0.8989974414143531,0.9373337091552363,0.8885348489164723,0.7846176027958278,0.7846176027958278,0.960574630749345,0.9272147819694878,0.7226893800828083,0.7846176027958274,0.8859836480030541,0.7641699068587247,0.6795214643554244,0.9966604743274211,0.824039981891896,0.9538222866753716,0.6459572202356731,0.7854152116670612,0.7389256895714988,0.7346817071036984,0.7846176027958278,0.9907428231457167,0.6677179799328163,0.7062240446749234,0.7661207022601245,0.8651122289269197,0.7295542387374014,0.7991647789411424,0.7067118627553992,0.7846176027958278,0.6550737241740427,0.9644740794557192,0.8870592432004158,0.7393162048236503,0.8499461646223652,0.7832436220640577,0.7854142280701435,0.7846176027958278,0.9254470414752509,0.8071247513526703,0.7846176027958278,0.8360400319486525,0.8736502595888402,0.948907867005661,0.660558196742149,0.7469981886539949,0.7846176027958278,0.7782204283545135,0.8423842261383754,0.9264842688269395,0.8384271265696448,0.981661868101146,0.9499721772554895,0.7671868883493206,0.7404345738016471,0.870256089107998,0.7784754147615082,0.9099519670291192,0.8611386459284407,0.9437661512670128,0.825612427140056,0.9459453944571887,0.8412914304809614,0.850706776411942,0.7471158594897864,0.7846176027958278,0.940972330503016,0.6915542992629238,0.9561975123865691,0.9149760532374138,0.7674337682191601,0.7708237674759129,0.9979404665351863,0.9174176784221448,0.7974965287155302,0.9636135654924565,0.8487722487984959,0.975786340384567,0.9901754198106303,0.7544637742239118,0.8903043654943785,0.9074536876348236,0.8313241234502103,0.8269060679503573,0.9526986224178553,0.8145214666227977,0.9043495133050428,0.8153105908663698,0.8378817057468846,0.9460679427527194,0.9782214293531768,0.7372912924870025,0.8805626529774471,0.8201252459912176,0.9604140341855054,0.7127584912490823,0.76038095837736,0.8889464699248761,0.8518616589332713,0.7683829874256064,0.8421298244753364,0.7425465860554165,0.666704719237986,0.9187529299965608,0.778180417764079,0.9461872880963932,0.9141908060535618,0.8008166558030871,0.9942357838016833,0.8109045660111089,0.8184014363586081,0.6726205312406255,0.914976053237414,0.9569802275423116,0.7659400626703596,0.8268784043473354,0.8673729895189499,0.8101507923896598,0.7484788474144701,0.9673824613296168,0.7864323003643561,0.7521334683153638,0.8903043654943785,0.7285313976545114,0.9132604024991049,0.8941256158770949,0.8718412860007452,0.793783403289098,0.9758039193192543,0.9001889664606622,0.8059936873009328,0.7123548210938992,0.7149642451460545,0.9195042424677671,0.8113297410955862,0.8872448913436546,0.6244829145897637,0.9641398075555427,0.7641667720662375,0.7420396077338343,0.7846176027958278,0.8294083099774059,0.7846176027958278,0.7846176027958278,0.6896938625282315,0.9328514069703763,0.680084841281406,0.7846176027958278,0.8052756442216351,0.8349448761437185,0.8426318593826956,0.8448680127571884,0.9907428231457165,0.8569508704520288,0.6706949732221754,0.9530979842981007,0.7567730177321457,0.9377256444578115,0.9852193885275067,0.8470051605241502,0.8195897059606542,0.8692568627005846,0.6557742373609687,0.6517883107771563,0.9884961165870341,0.8024120526902032,0.0,0.7970496570275614,0.5176889839862455,0.840203440748829,0.6525774775923594,0.9281363736326393,0.798645625957001,0.7497314539915466,0.6581540746229586,0.7256499506688536,0.7038262282761012,0.9557414010927299,0.9743092014357326,0.9794806690961565,0.8339950230913968,0.8301791195638364,0.6556103223519094,0.6477127809350798,0.9741832595205826,0.8379129021788135,0.92442043494204,0.9498009884578038,0.8750182371096225,0.5183256535448717,0.893536659521248,0.6941265277288424,0.7692299433285801,0.936630786293752,0.6734740096394027,0.8034814198609636,0.8866116151446591,0.6734920183072013,0.8329889323222541,0.932794574217696,0.9836620101895788,0.7846176027958278,0.850706776411942,0.8126954228033629,0.8692199447356004,0.9923873645650552,0.9053556040741858,0.8824303364090564,0.6986138113031892,0.720219763054222,0.8840286400507944,0.7582413613815631,0.9566567051397379,0.6366423480485968,0.914976053237414,0.875158796654552,0.7708237674759129,0.9631108805224227,0.867876421699231,0.7901573225395608,0.7619326522517726,0.9498025629822817,0.9293061741233914,0.7469702239722822,0.8297033787446684,0.96468952915774,0.6747511904513555,0.6808013776498023,0.9848126273223877,0.8859836480030538,0.8706966832879393,0.9371847234806739,0.8652918684171187,0.9032332074330198,0.6393577808516755,0.8050379729179937,0.6732509368906747,0.6726627371495877,0.9738208744795109,0.9175875617150626,0.9193753723778184,0.8051931572060222,0.8718412860007454,0.887038593872429,0.9455859926971102,0.6719771475494041,0.8494162464230663,0.9398057507657782,0.8664852604763535,0.9420495036274289,0.7884307121300929,0.936630786293752,0.7846176027958278,0.940442241550149,0.8973360471407184,0.9286490218650869,0.7247662979999725,0.7846176027958274,0.8161281386283429,0.7088975751293716,0.823046976900888,0.954896493870901,0.9387551364277329,0.7611850930577386,0.7453611974388775,0.6964795302848419,0.8796400758394205,0.9214799903317112,0.747644586827851,0.8008166558030871,0.8294083099774059,0.6479838007812486,0.6696518434475278,0.9303613858263362,0.6983546180201259,0.8622506099222329,0.8173589894968174,0.7757392914505856,0.899440698107993,0.7512664934860486,0.9224732071905759,0.7923706875053151,0.9489078670056612,0.9562740273442062,0.9577936870954209,0.8692199447356003,0.9519232339602357,0.5988592287265813,0.6249941100474572,0.8050379729179937,0.962465030742511,0.8161726337891392,0.8050379729179937,0.8050379729179937,0.7886530746827711,0.7846176027958278,0.9498009884578036,0.8469065590287286,0.7846176027958278,0.7169681489110229,0.877855317790909,0.8903043654943787,0.870256089107998,0.879363813473994,0.849946164622365,0.7776356667761064,0.6246205682354642,0.840781937788716,0.9526986224178553,0.7366715643246506,0.7846176027958278,0.7064757619886395,0.8702560891079982,0.7209755593296101,0.7804591892894593,0.6609629613110395,0.8397383481014533,0.8301791195638364,0.917344528336105,0.9370416497706586,0.9893597815675634,0.8205714681519056,0.8426318593826956,0.8093065140320634,0.8132990049551372,0.9046074870958385,0.9636135654924565,0.940972330503016,0.7185287162514711,0.870256089107998,0.843896586290988,0.7936873229315352,0.7846176027958278,0.9615753713848572,0.9541913037740506,0.8506471194347118,0.7951358770908254,0.8457892650119996,0.9878956417464826,0.7920481577092777,0.7708237674759129,0.7569633802013831,0.7527255432794332,0.7846176027958278,0.7846176027958278,0.7447135340246109,0.720219763054222,0.7477133545114112,0.9303416147770793,0.9144624420356908,0.8579540230355025,0.8204439893792845,0.7601164490483979,0.7323509000204302,0.8838007013650498,0.7846176027958278,0.8563327505203995,0.850706776411942,0.8250605217364744,0.732824534856189,0.8059936873009328,0.8512179956788953,0.7846176027958278,0.7846176027958278,0.7067829763629621,0.8205714681519054,0.8018063914724789,0.9519232339602357,0.6837453688729207,0.9633772167485168,0.7965986273826166,0.8091295157080876,0.8178063099852225,0.6743865128042945,0.7846176027958274,0.6799940771162383,0.7707857937027733,0.7720200803249635,0.9240490262948997,0.8045775769313757,0.8241331438379247,0.8849436554777976,0.6175845887893603,0.96626424310011,0.9274300752745656,0.7846176027958278,0.7031900123586634,0.7301497298393576,0.817131544756334,0.7483343018441637,0.8561127130569068,0.8257066297031532,0.9470837573548079,0.5996058943868583,0.9764397723235272,0.8040681587425396,0.9053760433893506,0.8421755646505896,0.8666606520185524,0.9270856363367524,0.7529602345885682,0.6745675962710127,0.9129828406937908,0.8050379729179937,0.803082717235349,0.9932530048950747,0.8085178634434482,0.8410007222261808,0.98898903733473,0.6799940771162383,0.9517989491489709,0.9146088609632118,0.6646053930696088,0.8145391110417002,0.7981638472950214,0.9615753713848572,0.9373337091552364,0.7378414910118685,0.8815687437465894,0.6000141647621797,0.7854142280701444,0.9757435779469095,0.9089792169807253,0.7073333082806867,0.9464971980415813,0.7839645627547727,0.7633071354356558,0.8237952501612824,0.8754759886123269,0.7846176027958278,0.5131435658629531,0.9333745907382669,0.5087553856315701,0.8153105908663696,0.9582737122755723,0.7659400626703592,0.6644322320927643,0.7846176027958278,0.6238120389610184,0.6734740096394027,0.8068971555925217,0.7516318264810355,0.7782906156782834,0.7484145745394966,0.850706776411942,0.7061791072998558,0.8755710523568628,0.8127907800852442,0.7649854969198533,0.7466886753166719,0.6717151081052215,0.8622506099222338,0.8611386459284407,0.8487722487984959,0.9633960476316594,0.9966391488507638,0.7639904265759787,0.9863411688748215,0.6855678369743532,0.8974207253821905,0.8050379729179937,0.7550766014221144,0.8840096299858373,0.8199865701642906,0.7788091463514103,0.7399955806704694,0.7846176027958278,0.7092319229047912,0.8974593432518716,0.6598518193900338,0.7846176027958278,0.8592658644930107,0.8869551723285887,0.8059936873009328,0.7268414598691937,0.8050379729179937,0.9885740445913167,0.9268468105613143,0.9232393084534758,0.9224732071905759,0.9208948478290582,0.975588616540209,0.6485017696012214,0.7846176027958278,0.9004004379536215,0.7846176027958278,0.8397383481014538,0.7703436218460846,0.8073717953579131,0.8250605217364744,0.7896974912273581,0.9235907991083525,0.731999897422806,0.6991911093208159,0.7846176027958278,0.9074813381865974,0.8869812840742788,0.8845570220289696,0.8738655152718795,0.934434563902131,0.9936030628834355,0.9949985359053648,0.9157327623818331,0.9611487363073126,0.7485590382702167,0.7764468567391163,0.9611487363073126,0.8090677665444055,0.7884307121300933,0.9781544388429763,0.9611487363073126,0.8250605217364744,0.8123233254795661,0.9174176784221448,0.7523717446486444,0.7839274349536991,0.9356559449901283,0.7619326522517726,0.9752707842978016,0.916074022998244,0.9328514069703763,0.8355735557857439,0.889673597851036,0.8598425852017675,0.9519232339602355,0.853476038274326,0.6401821744246425,0.8235032840047294,0.862733679435634,0.9108663993263154,0.9382236402635928,0.8041011570512533,0.9464971980415811,0.8402034407488288,0.813637007955303,0.8844512056680318,0.7881941303333617,0.9957977514753733,0.774484455205859,0.8507067764119418,0.8294083099774059,0.9047898723397407,0.7487623954298005,0.8351979441818274,0.8989974414143531,0.7325436578661471,0.8248728685306257,0.8007249157156904,0.7762704841237682,0.8487722487984961,0.7910291320942613,0.6070067955199876,0.8115605730153592,0.7744844552058591,0.990976699414117,0.958842921776784,0.9836631750161622,0.9176087362910916,0.731224412591975,0.8717921958734509,0.8009515507970804,0.8091295157080873,0.9952819898596894,0.9392463173928276,0.7207928029521979,0.8955685121011754,0.8387320472374735,0.8580127972420875,0.9331114990399976,0.8101507923896603,0.8592586391832724,0.8196310612310536,0.7550779031542143,0.8402034407488292,0.9795290812320865,0.9115545621457066,0.935140208365685,0.8557575751694388,0.8024120526902032,0.8569680564377545,0.9233158243629818,0.647983800781248,0.9904666825446746,0.83323146710155,0.7619326522517731,0.8294083099774059,0.8733604753199765,0.8649403518935719,0.8592586391832726,0.8506471194347118,0.9919040259894263,0.8397383481014533,0.9993264789009415,0.7970496570275614
p198_N,0.9208405709354626,0.6526457361497635,0.9068859994145182,0.9090110235284593,0.9683543830093178,0.33677550037282455,0.9188225611234568,0.8894843969696306,0.9172245874626137,0.9657671730030435,0.921979895548813,0.9719050365344922,0.9719050365344921,0.6987677340898539,0.8411454607043687,0.9813875979308577,0.9088934360957929,0.9410406098239261,0.9640402523885963,0.46767954019732716,0.903206919382465,0.9469990271543745,0.6272744055310403,0.9645511776582261,0.9457709851868579,0.9410406098239257,0.9521375655065456,0.9231480466603461,0.46767954019732705,0.9024373681012593,0.9354577472990953,0.9560086947472869,0.9508152934266847,0.9301521134798676,0.9683543830093179,0.964040252388596,0.9577431256853026,0.9135168909419202,0.9675743567407267,0.939897739160851,0.9134191021410443,0.9421983319196943,0.933047051418352,0.9250566218612029,0.9521375655065456,0.7830932345387389,0.9592404230051592,0.9143648077845041,0.939897739160851,0.94831171741693,0.9607848936032954,0.8144019840860004,0.9410406098239259,0.9495194495442565,0.9508152934266845,0.995067487912588,0.938768815466609,0.9562880686171873,0.9309752480861736,0.9534886050081051,0.964663415934474,0.9220526430026654,0.9410406098239261,0.9134191021410443,0.9623824451410659,0.7843536627527451,0.9607848936032954,0.9472720887282853,0.9394373506523194,0.9640402523885963,0.7562734777595744,0.9457697991278944,0.9562880686171875,0.8842994831730135,0.9562880686171873,0.9022918659842716,0.9469990271543745,0.9482479709168004,0.8812313746286631,0.9675743567407267,0.9482479709168004,0.5159385944872654,0.936549554387319,0.9410406098239261,0.9562880686171873,0.8202201452691636,0.925875451020248,0.9298530872602186,0.9087387818848152,0.9548710823073729,0.9562880686171873,0.8031339745685986,0.8421718659231514,0.8751256559556833,0.9912425166211662,0.914364807784504,0.7675517574308482,0.9841122468683339,0.9112890525821775,0.8771157527508109,0.938768815466609,0.5589231489486886,0.968354383009318,0.7637179762656259,0.9241020657117283,0.964040252388596,0.7126640605978501,0.8580859220024455,0.9919033068160935,0.8527760996057687,0.7242457250742158,0.9421983319196943,0.8666646566334317,0.7041279315375741,0.9592404230051592,0.845871503071008,0.6526457361497637,0.964040252388596,0.9675743567407264,0.9136953378018808,0.9250566218612029,0.7785849312294244,0.9457709851868581,0.5790084880645534,0.9410406098239261,0.8868257278276614,0.9577431256853026,0.9022255825125551,0.6057856307438164,0.9270730230791455,0.9282564559285413,0.8801474343127896,0.9607848936032954,0.9675743567407264,0.9521375655065456,0.82134985835506,0.9347189984066653,0.9560086947472868,0.9607848936032954,0.9534886050081051,0.9951656839321389,0.9657671730030435,0.8822556897514986,0.9647902277818867,0.854077098159928,0.9702236782844962,0.9911841280007907,0.8984876543923497,0.939897739160851,0.8244716253407951,0.9657671730030435,0.919152095601053,0.874636700751944,0.8977386203509137,0.8728022830978684,0.9398977391608507,0.7102518232517736,0.9260614370793867,0.9126737616573803,0.7785849312294244,0.9043227484219141,0.9592404230051592,0.7562450440181467,0.8298015015479603,0.9115378627127524,0.7743878328859292,0.9167714410425667,0.869472737318695,0.9540645211449862,0.9015174087358588,0.6987677340898549,0.9548710823073729,0.9387688154666092,0.8984876543923498,0.8742145641840269,0.9336294085971082,0.3145854167402129,0.9635780404756726,0.9662171720188699,0.856354459693295,0.9240582376582436,0.944809684110969,0.8923351671954539,0.9548710823073732,0.8787593440855817,0.8425542844208227,0.9495383029054911,0.9153141563577833,0.9495194495442564,0.9343769343025807,0.9534886050081051,0.9619936422826707,0.7874221798747578,0.8514910516687033,0.919152095601053,0.9562880686171873,0.9577431256853026,0.9534886050081053,0.9143648077845039,0.9039100802715105,0.968836846578246,0.9548710823073732,0.9562880686171873,0.9983168718837272,0.8514910516687033,0.9657671730030435,0.9562880686171873,0.9242089152001632,0.9270730230791455,0.9022918659842716,0.8769444849065682,0.9181860947060069,0.9548710823073732,0.9562880686171873,0.8760356045203769,0.9562880686171872,0.8708767132683932,0.9979359844619955,0.9717985827904647,0.9562880686171873,0.9529720363315421,0.9562880686171873,0.9523259679415814,0.9660244666247457,0.6752143570363172,0.9920255469531103,0.9592404230051592,0.8354243808638633,0.9534886050081051,0.9942714459947757,0.9469990271543745,0.9898252637321052,0.886139823147829,0.8163429475051776,0.9607848936032954,0.9134191021410443,0.9471353582128486,0.9606832254354425,0.9971547265784804,0.9270730230791455,0.9270730230791453,0.9521375655065456,0.7385803527561381,0.9534886050081053,0.9562880686171873,0.9606832254354423,0.9562880686171873,0.8361934200497982,0.8276136704086307,0.9607848936032954,0.9376530086096915,0.8354243808638633,0.9577431256853026,0.9260614370793867,0.9295775988190449,0.7170105088253749,0.9482479709168004,0.9167714410425667,0.9592404230051592,0.6968552191930824,0.8896003271096575,0.9005073409360098,0.9548710823073729,0.9623824451410659,0.8116101880630286,0.9675743567407267,0.8903991455657345,0.9242089152001631,0.9421983319196943,0.9261380758714728,0.7649421063397006,0.9607848936032954,0.9045498580054347,0.8580859220024456,0.8412846402989775,0.964040252388596,0.8863374708388889,0.7340265583827943,0.9433718940682516,0.9153141563577836,0.964040252388596,0.9075881164980935,0.8400388316300482,0.9511494252873565,0.7426402563634014,0.9090110235284591,0.9592404230051592,0.9684459109141506,0.8666646566334317,0.9039625825630316,0.9592404230051592,0.9592404230051592,0.8155363791473287,0.5851007908169092,0.859170821160427,0.910635456538732,0.981387597930858,0.8230429621054948,0.9640402523885963,0.9562880686171875,0.9970639700164783,0.6901393639197373,0.8728022830978691,0.8950048614873412,0.9986975721475881,0.9604535056538153,0.939897739160851,0.9776784774900422,0.8622543794341352,0.9220794934202008,0.9004665216997632,0.8312667297681369,0.8543922351098743,0.8584801609121495,0.6942059751103649,0.9657671730030435,0.9172245874626139,0.46767954019732727,0.9301521134798674,0.9270730230791455,0.968803565300479,0.9604535056538152,0.9562880686171873,0.9607848936032954,0.772821503966566,0.9410406098239261,0.964040252388596,0.9623824451410659,0.8986811553763567,0.9562880686171873,0.9457709851868579,0.9640402523885963,0.9675743567407264,0.9826186064627201,0.8191820589181511,0.6360918192527062,0.9607848936032954,0.8903991455657345,0.9794170442286301,0.6802747668308495,0.9508152934266847,0.7593994052903226,0.9592404230051592,0.9808531012828585,0.9648657621037748,0.9495194495442563,0.9230659630317124,0.8336684595774309,0.8306248033113866,0.6642399840962043,0.8412846402989775,0.9783779352946236,0.9548710823073729,0.8081869133204375,0.9786078235958559,0.8666646566334317,0.8677220583791985,0.7919266732908357,0.9562880686171873,0.9096184581084206,0.9792503453259269,0.9824887176061119,0.7199553905667089,0.9657671730030435,0.8668758171222237,0.9562880686171873,0.9562880686171873,0.9398977391608507,0.9172245874626139,0.7616469542327663,0.9562880686171872,0.5621050879972654,0.9562880686171875,0.8038893788091563,0.9115378627127524,0.8568753576398451,0.8929968346358236,0.9343769343025807,0.9469990271543745,0.9231304080052689,0.9004700005456048,0.9562880686171873,0.976091668183894,0.724801094961123,0.8401242645657359,0.8747720702197959,0.9343769343025807,0.813894506963857,0.9592404230051592,0.8569971282280211,0.9562880686171873,0.8168375394702835,0.9410406098239261,0.9506780844219123,0.9545964607444173,0.9577431256853024,0.955734856013263,0.574347351863432,0.9562880686171873,0.9531174117707755,0.8971967889242584,0.9562880686171873,0.9591464247864105,0.9168188403386278,0.9328792474283092,0.7963197439933525,0.8624031815176507,0.9562880686171873,0.9635647286988953,0.8746367007519439,0.9623824451410659,0.9427875796041132,0.972909031963908,0.920122827656545,0.921098539831031,0.910601968746465,0.9592404230051592,0.9986975721475879,0.9022918659842716,0.9331052725841533,0.9086027207608334,0.7673462040525129,0.9635780404756726,0.9445623805946022,0.9607848936032954,0.9410406098239261,0.9562880686171873,0.8556161648936056,0.7761683912538262,0.8719227385629409,0.9482479709168004,0.9931284229919284,0.9534886050081051,0.8805949390857775,0.9577431256853026,0.9534886050081051,0.9482479709168004,0.968354383009318,0.9178689456870834,0.895925440906856,0.7246229739769321,0.9457879562525044,0.8677987043663946,0.9657671730030437,0.9841747480714136,0.6884405789416633,0.8939056337097273,0.9469990271543745,0.9657671730030435,0.9118829898306375,0.9280917395652362,0.968836846578246,0.9421983319196943,0.9469990271543745,0.994900896131559,0.5589231489486894,0.9684459109141506,0.9134191021410443,0.970974670557077,0.9433718940682516,0.913419102141044,0.9482479709168006,0.9894059433698013,0.8296528763467039,0.8042816287047858,0.9915458964529542,0.9783779352946236,0.9717481518550584,0.7646590535028455,0.9333065093925879,0.9965514935490281,0.9445623805946022,0.7934030620204683,0.9482479709168006,0.9779870427101328,0.9433718940682516,0.974801654315965,0.8206906175910369,0.47861707760766337,0.9015174087358588,0.9868456804740638,0.9291179679746995,0.913419102141044,0.964040252388596,0.8006082374759426,0.9068859994145182,0.9623824451410659,0.9776784774900422,0.9783779352946236,0.4225019417039797,0.9560086947472868,0.964040252388596,0.5250602919938476,0.7827988852040013,0.9250566218612026,0.9719050365344921,0.9548710823073732,0.8479439783560869,0.9660244666247457,0.9521375655065456,0.7720451198653118,0.9562880686171873,0.9623824451410659,0.9562880686171873,0.9562880686171873,0.8771157527508109,0.9445623805946022,0.5121370206872311,0.9562880686171873,0.8359953467971374,0.8603611522754104,0.9270730230791455,0.8089935506215316,0.976091668183894,0.9309752480861737,0.7246229739769323,0.9162673470024438,0.896467838022496,0.9508152934266845,0.9022918659842716,0.9623824451410659,0.9291179679746995,0.9382719339501255,0.8760356045203768,0.9354577472990953,0.9508152934266845,0.975236988777463,0.7970496570275614,0.0,0.9106019687464653,0.9592404230051594,0.6919511835581449,0.9469990271543745,0.9987511985291292,0.944562380594602,0.8696393640825608,0.9343769343025807,0.9191520956010533,0.944562380594602,0.9311946072310935,0.9592404230051592,0.9469990271543745,0.9577431256853026,0.9260614370793867,0.8769444849065682,0.7269481442351539,0.9607848936032957,0.9484030384081927,0.9521375655065458,0.8988994482663716,0.7266260296168111,0.9548710823073729,0.8077975275903289,0.9540645211449862,0.9675743567407267,0.8075404270671704,0.9025277748860163,0.9162673470024436,0.8102429911512916,0.7351871682821832,0.9201228276565452,0.8986467260787543,0.9562880686171873,0.9607848936032954,0.9280917395652364,0.9562880686171875,0.9384261778015307,0.9469990271543745,0.9534886050081053,0.8993715589111386,0.7748074399019563,0.944562380594602,0.8645404905882981,0.9657671730030437,0.820690617591037,0.9868659623160063,0.8850890368124649,0.9534886050081051,0.5065134440477341,0.8469680690265142,0.9748016543159649,0.9364748811663081,0.9406008519517007,0.9358141562321112,0.8020156091163932,0.8823796135894799,0.9301521134798674,0.8883704299920678,0.7936237966456275,0.9354577472990953,0.37325399239738843,0.9457709851868579,0.9577431256853026,0.9296170701540485,0.9949008961315589,0.9494976475473857,0.9548710823073729,0.883104721839103,0.9317900942184545,0.9675743567407267,0.895925440906856,0.9604535056538152,0.9792503453259269,0.724801094961123,0.9421983319196943,0.9153141563577833,0.5790084880645534,0.9457709851868581,0.9124768483179179,0.9482479709168001,0.9548710823073732,0.9560086947472867,0.5355326840546673,0.9562880686171873,0.9301521134798674,0.9689388502564641,0.8339485716413384,0.7097466201437781,0.9562880686171872,0.899555988792494,0.7843536627527452,0.964663415934474,0.9333065093925879,0.9172245874626137,0.6374311025589512,0.976091668183894,0.8605530208286978,0.6740190907146514,0.919152095601053,0.9065745197589401,0.9883075851106065,0.9623824451410659,0.6839897471005689,0.938768815466609,0.9592404230051592,0.631363025198853,0.9675743567407264,0.9376530086096915,0.9534886050081051,0.9675743567407267,0.9495194495442563,0.938768815466609,0.36549399602136157,0.8984876543923497,0.9800452205340104,0.9640402523885963,0.9562880686171875,0.9894382119329368,0.8330375920813432,0.8624031815176507,0.9548710823073729,0.9607848936032954,0.9521375655065456,0.9548710823073729,0.9548710823073729,0.9301521134798674,0.9562880686171873,0.9521375655065456,0.9201228276565452,0.9562880686171873,0.9433718940682516,0.7234868266050871,0.9457879562525044,0.9592404230051592,0.9623824451410659,0.9577431256853026,0.9548710823073729,0.8181301843558837,0.8778523726982705,0.9445623805946022,0.8974778163860964,0.9562880686171873,0.8962706164706525,0.47861707760766337,0.9433718940682516,0.9197078271225039,0.921098539831031,0.964040252388596,0.34290560440645246,0.9457709851868581,0.9761356843815903,0.9457709851868581,0.9562880686171873,0.9748016543159651,0.7043600421987117,0.9026976644887871,0.8954576130000749,0.9482479709168006,0.9457879562525047,0.7171048757053848,0.9592404230051592,0.9880738944070537,0.8984876543923499,0.9562880686171873,0.4408515443948564,0.9832267469214838,0.9657671730030435,0.832865892435834,0.9783779352946236,0.9868659623160063,0.8822556897514986,0.9534886050081051,0.8526009044021776,0.8470051605241498,0.9562880686171873,0.9562880686171873,0.9260614370793869,0.8421718659231514,0.6839897471005687,0.8075404270671704,0.9015174087358588,0.7963197439933525,0.7611830549390037,0.860251929184527,0.942198331919694,0.8719227385629409,0.9562880686171873,0.9143648077845039,0.9607848936032954,0.9675743567407267,0.7748074399019564,0.964040252388596,0.8883704299920678,0.9562880686171873,0.9562880686171873,0.8377862546708625,0.9562880686171875,0.9288643395140765,0.9469990271543745,0.9484030384081927,0.7826294731025908,0.9376530086096915,0.9134191021410443,0.8914121598918372,0.8126188154529472,0.9562880686171872,0.6313630251988527,0.8430302626854405,0.9577431256853026,0.964040252388596,0.982743090758416,0.9004700005456048,0.9230659630317124,0.6196906358642535,0.9645511776582262,0.9506780844219123,0.9562880686171873,0.8842994831730135,0.6196906358642535,0.9134191021410443,0.7319597320064744,0.8841862845276727,0.9495194495442563,0.918186094706007,0.7363426026476412,0.9623824451410659,0.8868937905864731,0.9178010864926636,0.9521375655065456,0.9657671730030435,0.9333065093925879,0.9410406098239261,0.8719227385629409,0.9607848936032954,0.9548710823073729,0.8932116722416492,0.938768815466609,0.974801654315965,0.9841593444361114,0.9675743567407267,0.7294883478037416,0.933047051418352,0.9675743567407264,0.9162673470024436,0.96621717201887,0.910601968746465,0.9562880686171875,0.8453817313970797,0.9469990271543745,0.9469990271543745,0.7731633392728428,0.9508152934266849,0.9548710823073732,0.995067487912588,0.9087387818848152,0.9577431256853026,0.8112513913991544,0.9291179679746995,0.8479439783560869,0.8613293486985208,0.9562880686171873,0.720282538563775,0.9562880686171875,0.8514910516687033,0.9657671730030435,0.9421983319196943,0.9433718940682516,0.9458731849598522,0.9562880686171873,0.8318841922523381,0.8075404270671704,0.9965514935490281,0.8656041668745096,0.8508524342038148,0.8390340081240992,0.9607848936032954,0.8802053191263988,0.8668758171222237,0.8982897074803418,0.8767833787248258,0.8719390991735311,0.82471940364259,0.9675743567407267,0.688440578941663,0.8176392862623294,0.9986975721475879,0.939897739160851,0.8954576130000749,0.9162673470024438,0.8020156091163931,0.9562880686171873,0.9548710823073729,0.8984876543923499,0.7212226060676767,0.910601968746465,0.8401242645657359,0.8194144871030815,0.9562880686171873,0.8503766625088609,0.9552866321323303,0.9615718458881102,0.9562880686171873,0.862232927318646,0.9508152934266845,0.964040252388596,0.944562380594602,0.9548710823073729,0.8543687314766317,0.9991226281223801,0.9543462946456165,0.6108418049655593,0.939984527637433,0.9445623805946022,0.7991899570486459,0.9562880686171873,0.9376530086096915,0.9562880686171873,0.964040252388596,0.8053129277244078,0.9402558711168867,0.9675743567407267,0.9365495543873188,0.778978338815755,0.918186094706007,0.9333065093925879,0.9562880686171873,0.8893852688139479,0.8791774274213193,0.976776185955968,0.9354577472990953,0.9270730230791457,0.872802283097869,0.9354577472990953,0.9343769343025807,0.9280917395652364,0.9494976475473857,0.8194144871030814,0.9280917395652364,0.9615718458881102,0.9607848936032954,0.9786078235958556,0.9280917395652364,0.9675743567407267,0.9410406098239261,0.9577431256853026,0.8985986666492832,0.7522333930600866,0.9876152547580852,0.5760152068699849,0.9068859994145182,0.9748016543159651,0.9942714459947757,0.9260614370793869,0.939897739160851,0.9548710823073732,0.9469990271543745,0.8708767132683932,0.6462069117302031,0.9965380001026768,0.8903991455657345,0.9240582376582436,0.6621506625743611,0.939897739160851,0.9577431256853026,0.9592404230051592,0.9153141563577831,0.9653967881313257,0.9376530086096915,0.9376530086096915,0.9143648077845039,0.9607848936032954,0.9623824451410659,0.9293218158052192,0.9365495543873188,0.9956574345307037,0.8202201452691638,0.9354577472990953,0.9086027207608334,0.9457709851868579,0.9343769343025807,0.8929968346358234,0.9024790428203973,0.972238662998439,0.9250566218612026,0.9581074754130985,0.9055618072870646,0.9623824451410659,0.6642399840962043,0.9314659325100627,0.9410406098239257,0.9521375655065456,0.8446785966772921,0.9128943694267473,0.9271952774457721,0.9475486534367228,0.9482479709168004,0.9005073409360096,0.9719050365344922,0.9421251173518658,0.9799170694260517,0.9592404230051592,0.9577431256853026,0.9425174783713439,0.9376530086096913,0.9592404230051592,0.955587210232753,0.9552866321323306,0.9166706359398538,0.7614137701341686,0.9534886050081051,0.8893852688139481,0.9364748811663081,0.9606832254354423,0.5589231489486899,0.8787593440855817,0.6360918192527052,0.9623824451410659,0.9078111670939806,0.9421983319196943,0.42061130106292344,0.9657671730030435,0.9013784409842849,0.964040252388596,0.9433072675424814,0.9623824451410659
p198_T,0.8517883565499165,0.79394845958193,0.813913665296889,0.9775918141022026,0.933171187728737,0.971803912061864,0.7920686099238516,0.8100536549554151,0.8032844254553133,0.9186457666042602,0.7082394825603485,0.8927512325175624,0.8927512325175626,0.6416251802408016,0.881403365655286,0.7656260953636835,0.9429210844216708,0.8545338582422837,0.8194392956731849,0.9186457666042604,0.9515666156804521,0.4696411413594801,0.8983273721288971,0.8995766368965676,0.5159776119768664,0.8598831469664703,0.6012733257159397,0.8291101870432285,0.9650737860076912,0.7443014438652013,0.8466154872169023,0.9477170828887946,0.8831126597162944,0.9416311987976156,0.8961186971729782,0.8194392956731849,0.6801458170579183,0.683295766800269,0.9229405345355657,0.5525645315904308,0.9068600528531929,0.8916689472964014,0.9229405345355655,0.845534772828588,0.9429210844216704,0.781267777081407,0.6230375309310658,0.7964881657302827,0.35580841462232204,0.778714795108338,0.9068053912485843,0.8773366578488523,0.8598831469664703,0.8800330897565916,0.9164658576765583,0.9098471282503018,0.6749311572438998,0.8961186971729789,0.8988635762010275,0.7250408300976359,0.8078651440439559,0.9693292961143577,0.8545338582422842,0.7942406984776218,0.5792127149618103,0.70652054077801,0.8477244589101529,0.8104775274906808,0.8984666295383615,0.9081122825161756,0.5484108599082305,0.8571671175052393,0.9331711877287372,0.66199671008072,0.8961186971729789,0.985360326221544,0.9052964331108346,0.7401432589965959,0.8841450043590919,0.735015822780346,0.9089152002046674,0.8654234385275945,0.8549785253868645,0.8598831469664705,0.8961186971729789,0.5275627588107479,0.9678026756638032,0.6165299238658495,0.9280799107134058,0.9287546220071028,0.8961186971729789,0.3250678177831624,0.6994471154305828,0.7206961975084263,0.9029940388302051,0.7964881657302827,0.4006342409883241,0.9688728373727968,0.680543364057616,0.6781323599475169,0.6749311572438996,0.8994369109414206,0.6963039067136744,0.7087048225736414,0.8963321747496047,0.5977568285657049,0.44503973134886166,0.6334381458889147,0.8711248729670615,0.699628033092869,0.5014139893644689,0.8179862879676385,0.814499049961873,0.5189400157766211,0.6230375309310658,0.8113346309968936,0.9126349348227398,0.9145417437978427,0.9718039120618638,0.7625872425252911,0.8928098446674575,0.48692081829869316,0.6385571149880808,0.9792442064729245,0.9973253556379068,0.5476488390152161,0.6801458170579182,0.7517757753406704,0.9287546220071028,0.8508127890003336,0.7769061469474408,0.9031349604797552,0.8068127672699421,0.971803912061864,0.5329437739747938,0.9586785042858857,0.7526670534170281,0.9295478421905742,0.6431660007091022,0.8894657784451023,0.7572568929822525,0.6170740393614338,0.7065205407780097,0.5599334248168162,0.5139836074733208,0.8171664408507364,0.8629006181508474,0.6939345811637792,0.9133831509246992,0.7448382980167099,0.709930078168293,0.8078651440439562,0.6115900416831623,0.7955014153349316,0.9704595338307846,0.9133831509246992,0.6747935019922415,0.9369561763173802,0.9586548727192218,0.5656000905447587,0.7672611868659707,0.9784081623729504,0.8391863635455731,0.6436133450657828,0.9576487532633992,0.5125957360625175,0.7161768939012261,0.8214602675191386,0.9029940388302051,0.802860958803522,0.8742174652217716,0.7112114830974929,0.8544842329828617,0.6973063584368866,0.8985514348345148,0.6609880362916242,0.9145417437978425,0.772308971794464,0.6843214407829324,0.9355256816042703,0.8429326372904391,0.7721502621390086,0.8963827383136587,0.9287546220071028,0.747233530298249,0.44595094141089464,0.7978344381853624,0.820414960494271,0.8800330897565914,0.9727161224599782,0.9245106322139445,0.8693218039282256,0.7590113753264,0.6975219514689688,0.8302425674505185,0.8961186971729789,0.9377836865370688,0.7951305376353204,0.8179959617530401,0.8356209432535998,0.8601891030272926,0.9647580114966434,0.8961186971729789,0.9400835070349948,0.8409150301726516,0.9186457666042602,0.8961186971729789,0.842047860853961,0.899059947613807,0.8666893379602658,0.830532745304847,0.7284006284127809,0.5311945356497905,0.8961186971729789,0.7404251116329648,0.8961186971729789,0.9488090242123789,0.9265245638363127,0.9023810264229968,0.8961186971729789,0.7142410030676605,0.8961186971729789,0.6932290357995742,0.8553107642121003,0.634502046598491,0.9152165115263032,0.5835519052153015,0.6115357367736214,0.8894657784451023,0.590401960283351,0.8740433118343505,0.6326992707919825,0.7028328937102843,0.8589357875457215,0.8477244589101526,0.8155906448111349,0.7967655393741326,0.95388119113748,0.91555186836906,0.8597042593188278,0.8266892096935976,0.8862550362254635,0.3689019099295947,0.9245106322139447,0.8961186971729789,0.8446871587090532,0.8961186971729789,0.7289136168038175,0.6908392041716722,0.9068053912485843,0.8791091811518512,0.579744002040544,0.8995766368965674,0.8481610425035304,0.7917814937520986,0.44020848603597995,0.9315659176140887,0.7695752160603928,0.9031349604797554,0.48599330482410874,0.7376354352524621,0.7324059167118797,0.8927512325175624,0.9531174117707755,0.6898067422247017,0.9229405345355657,0.7423044750529963,0.842047860853961,0.8626344708228051,0.7723089717944642,0.4320228939529651,0.9068053912485843,0.7416935887863447,0.8252420827258571,0.9453489514709335,0.5977568285657049,0.699628033092869,0.84816104250353,0.6619522447894741,0.7028302973691196,0.5977568285657049,0.765960712329312,0.7008027152533387,0.9193362591562934,0.8131983326178946,0.5124072441402634,0.7020087823625962,0.8589357875457215,0.6536376025879664,0.725040830097636,0.9031349604797552,0.9426205861955199,0.5482940569797898,0.9081122825161756,0.7959398590742026,0.7556157663940581,0.9983360878981193,0.9532878158848668,0.8637757890946802,0.6592514161579158,0.6931046151390802,0.7951305376353202,0.8477244589101532,0.6436133450657828,0.8343952307678695,0.9784081623729504,0.8617527153974611,0.8534914491504229,0.7131720373512387,0.8148220981232184,0.8025869058443666,0.607403695028695,0.6752264164236417,0.6970584745606228,0.44344308755817075,0.9420701751854474,0.8693218039282256,0.9186457666042602,0.6175525516055388,0.8508127890003336,0.7946246583008258,0.903134960479755,0.8961186971729789,0.9068053912485843,0.9806023894054638,0.4261593660554158,0.5977568285657049,0.910601968746465,0.8192216515661145,0.8961186971729789,0.7917814937520987,0.9145417437978425,0.783879200306644,0.8582164276942112,0.8539821587163461,0.6619522447894742,0.9477170828887946,0.692432782152514,0.5082873511028978,0.9630595002254723,0.8831126597162944,0.582863857182166,0.9031349604797554,0.8340066608386394,0.5126853343992539,0.8800330897565913,0.8635403167728868,0.971803912061864,0.5842249687684977,0.6424816783126208,0.6095667622659846,0.5671085498453681,0.8927512325175624,0.9921342055516802,0.6836189989138567,0.6536376025879664,0.6561217983494851,0.4919535371464234,0.8961186971729789,0.7532943394550071,0.856198563566134,0.4573346129027369,0.79870777696492,0.9186457666042602,0.7176964813354536,0.8961186971729789,0.8961186971729789,0.8852751342149692,0.8252968849462843,0.510171486228856,0.8961186971729789,0.9186457666042602,0.5480939444906392,0.7708431163413407,0.9786971957105686,0.6178591299669229,0.970223678284496,0.42300530280580195,0.7196661115713543,0.48028067843870603,0.5387877733981417,0.8961186971729789,0.9540838408364435,0.5613582602769069,0.5909153928737798,0.628207274955751,0.6324189483883469,0.6616159233576966,0.9031349604797552,0.6308690057809887,0.8961186971729789,0.5354114611509999,0.8830921577214086,0.9240418596965574,0.7524835162660077,0.8995766368965676,0.6166412183168177,0.8167085586413272,0.8961186971729789,0.8293545534924842,0.6968136652955799,0.8961186971729789,0.8702236433531143,0.9885694241790857,0.8156761757367574,0.5024462864074755,0.6436133450657828,0.8961186971729789,0.6600024931419403,0.7754513195618227,0.9956328547950859,0.5936730776387582,0.7131720373512385,0.8553107642121001,0.8580268318889419,0.48080080838701367,0.6625231566468313,0.8343952307678693,0.807353843829627,0.8009251763488947,0.7856873888666946,0.6801379381943677,0.8779233495576082,0.8682526269766766,0.6431660007091019,0.5403925639719144,0.8961186971729789,0.9145417437978427,0.8761956581460685,0.9620884552142369,0.9727227530771647,0.8481242132671174,0.8894657784451026,0.875911332726155,0.871181065260425,0.8894657784451026,0.8039508118690938,0.7704088878251923,0.9778386249550355,0.9421429919922404,0.6243916277794499,0.9145417437978425,0.7370516535016467,0.9186457666042602,0.924355839846521,0.8983273721288974,0.8813453746689834,0.8759317179537754,0.7099300781682932,0.9613159109285824,0.9266352354720067,0.9361251271753211,0.8626344708228053,0.8740433118343507,0.9806023894054638,0.9031349604797552,0.8340066608386387,0.8001103211856262,0.95621522147329,0.72103028437484,0.8796404838116743,0.8770114237684188,0.8731412310681066,0.5867539910952411,0.5984545739183647,0.595249220865949,0.977085860292244,0.7655627618455538,0.535184501728381,0.8415030753570436,0.8654234385275945,0.8682526269766768,0.495480299052811,0.8770114237684188,0.8871110763894069,0.8949624583202778,0.6425920455581999,0.5605754971957064,0.9389225366571855,0.805382444843362,0.8243809592370425,0.7001095885452208,0.8369405911446479,0.9145417437978427,0.7549762731843234,0.90092625698677,0.8343053731076726,0.9753977596863959,0.7037676533276587,0.9204198120960367,0.9068053912485843,0.9145417437978427,0.7554983550150316,0.6343260770217933,0.965364939815934,0.6392047041184115,0.9632352095242758,0.6713733243578848,0.8101720865063557,0.886255036225464,0.7078136648022313,0.8961186971729789,0.6217281579861218,0.8961186971729789,0.8961186971729789,0.6781323599475169,0.8682526269766768,0.6923399317267864,0.8961186971729789,0.6585976948826227,0.7184275846721908,0.8990599476138065,0.6936069031436503,0.9881281413569512,0.834579070627413,0.7564663847252737,0.8010095457376829,0.7230956782566555,0.8831126597162939,0.8073538438296268,0.9106019687464653,0.8561985635661342,0.6572543643656004,0.7229120076685354,0.33108645339576126,0.9164658576765585,0.9595554859827866,0.5176889839862455,0.9106019687464653,0.0,0.6230375309310658,0.5797857496097509,0.8740433118343505,0.9050897173884263,0.8682526269766764,0.7073633650916173,0.5015354198992568,0.8526199908570811,0.8682526269766766,0.8617049034566793,0.9031349604797552,0.8740433118343505,0.7565599163389215,0.6026940722610193,0.7426942528148757,0.9570785587600767,0.9068053912485843,0.9410871742212277,0.8862550362254642,0.9461594568176459,0.5616161387328129,0.7832182620765739,0.5909153928737798,0.8761021015209907,0.8816059553592408,0.5292276691527431,0.7370516535016467,0.822848352223368,0.5838027567812726,0.7509192328478387,0.832741425359228,0.8946577611632003,0.8961186971729789,0.6431660007091019,0.9266352354720067,0.9331711877287372,0.9456337324240508,0.9052964331108346,0.8894657784451028,0.6129510896039343,0.6663247565850765,0.7407756860444537,0.6486434204377416,0.9186457666042604,0.5446200879780427,0.8770114237684188,0.781279648310629,0.8894657784451026,0.9498190556368229,0.8651135171874056,0.690839204171672,0.6028742052041078,0.9556627265861173,0.7931550859300236,0.5805850248079871,0.7563230180108445,0.8917729453834498,0.7043504253503108,0.6252437994690491,0.8466154872169025,0.9186457666042604,0.6692019907408842,0.937783686537069,0.7249745414315013,0.8665259651947386,0.7809134539375333,0.8927512325175624,0.6023963575146503,0.46476702886973664,0.9304693328855392,0.8861876585504731,0.9784081623729504,0.5522123059156725,0.853933405563242,0.8626344708228051,0.7987442903971524,0.5963438919078053,0.8711248729670613,0.8131983326178945,0.8770114237684188,0.928754622007103,0.643166000709102,0.9229405345355657,0.8961186971729789,0.8340066608386387,0.8419303391966939,0.8305851946992635,0.6591006821295778,0.8961186971729789,0.7807559634406365,0.6705660879607357,0.8078651440439562,0.7191559419011252,0.9325660606530388,0.7120707803981958,0.8147640879371334,0.7375698306538188,0.8518325205937483,0.6774541176051078,0.7118162161248736,0.8185996358061023,0.6217281579861218,0.52198745320607,0.6195682619764598,0.9389225366571855,0.6425920455582004,0.7838792003066437,0.8791091811518514,0.6549511225599527,0.7838792003066442,0.8800330897565918,0.7579755001450591,0.970223678284496,0.9814041374634643,0.9786628362304839,0.9588782372193381,0.8961186971729784,0.9052964331108346,0.5899642840076895,0.6596432380924477,0.8927512325175624,0.9068053912485843,0.8862550362254638,0.8927512325175624,0.9287546220071028,0.8589357875457215,0.8961186971729789,0.8862550362254635,0.8101720865063557,0.8961186971729789,0.5142571458260585,0.778111759509285,0.9145417437978425,0.6625231566468313,0.9531174117707755,0.937783686537069,0.8927512325175624,0.5544754427206277,0.7449636446952557,0.8983273721288974,0.7085551729432591,0.8961186971729789,0.4901784090546061,0.9426205861955199,0.8654234385275947,0.641654041921115,0.32232574988849405,0.6864298154086984,0.937783686537069,0.8711248729670615,0.8355806800120914,0.8837161210105097,0.6963039067136751,0.8266892096935974,0.8547141496016235,0.861601330419849,0.9937079046379164,0.7401432589965964,0.9524487759376709,0.6649965984293508,0.6625231566468313,0.6933024587304557,0.7615744767637047,0.8961186971729789,0.8961186971729782,0.9504581475320545,0.9186457666042602,0.7620229541376187,0.7037676533276607,0.8677583647415908,0.7229129979164641,0.8894657784451026,0.6523629907882551,0.6072390560246772,0.8961186971729789,0.8961186971729789,0.8242851779280758,0.6000800388940646,0.6530202921201828,0.979219208168046,0.7687951678162948,0.7780107299493197,0.8392480145030836,0.6705566264455376,0.4695725702844856,0.682148826834827,0.8961186971729789,0.8179959617530401,0.6431660007091019,0.9229405345355657,0.6332023977395705,0.5977568285657049,0.7043504253503103,0.8961186971729789,0.8961186971729789,0.5853601817419745,0.770408887825192,0.6018525193284412,0.7821723541243224,0.5370301087673607,0.794240698477622,0.8518325205937483,0.7574104285185992,0.7114042857580813,0.615094501073604,0.8961186971729789,0.5943448869447268,0.6757150034297221,0.6801458170579182,0.9145417437978427,0.866689337960266,0.7366308411747222,0.8118425517720609,0.5522123059156725,0.8995766368965676,0.9240418596965576,0.8961186971729789,0.6948878137006764,0.8233573240698444,0.7942406984776218,0.5176955414147791,0.9955819038905909,0.8800330897565918,0.8721451489467229,0.3415046736977504,0.9531174117707755,0.7494651983848177,0.7540486421628039,0.9204198120960365,0.965073786007691,0.8415030753570434,0.8598831469664705,0.6659777942006935,0.9068053912485843,0.8927512325175624,0.9719282551568325,0.8821656806165818,0.7149627834784091,0.8389825607049834,0.9229405345355657,0.811457100705355,0.9229405345355657,0.971803912061864,0.32543819483490155,0.8364841448033244,0.8084501705191358,0.8961186971729782,0.965073786007691,0.5008942626359633,0.8740433118343502,0.43050431980537673,0.916465857676559,0.9287546220071028,0.8544842329828619,0.8037466541044314,0.8995766368965674,0.8694380182676782,0.856198563566134,0.704107428973455,0.6731190888617385,0.8961186971729789,0.3454363947629012,0.8961186971729784,0.6178591299669232,0.9186457666042602,0.9631586703356186,0.865423438527595,0.4889983139321593,0.8961186971729789,0.6486434204377416,0.5292276691527429,0.8949624583202778,0.6511448847836685,0.6948878137006764,0.6659777942006933,0.6431660007091019,0.685347161433139,0.9927442952731131,0.8279272751111093,0.5709218966276459,0.6204767054355708,0.40547162063604736,0.7350158227803457,0.9212241569577782,0.7704088878251919,0.8900450932824558,0.9414911676344291,0.7207628969552682,0.822848352223368,0.5160446450829496,0.8961186971729787,0.8927512325175624,0.7108445550637603,0.8744359695451617,0.5853227232537558,0.6068100994072672,0.5734996540744921,0.8961186971729789,0.6311487057960528,0.7418106999723786,0.5640944185804787,0.8961186971729789,0.6894298084689432,0.816708558641327,0.5977568285657049,0.8682526269766768,0.8927512325175624,0.9931902723684947,0.8598831469664707,0.6840190014501951,0.9375285758840217,0.7776854266788074,0.8911494118055574,0.5254705740926342,0.8961186971729789,0.8518325205937483,0.8961186971729789,0.9145417437978427,0.6093635172407341,0.7830229135792419,0.9229405345355657,0.8492101642117766,0.9396094362409338,0.8277613464311122,0.4348764824799415,0.8961186971729789,0.7398897029724583,0.6992667062158149,0.6841292993096575,0.6759211234614185,0.8266892096935983,0.9068053912485843,0.8466154872169025,0.8702236433531143,0.9022539733648121,0.801410244990862,0.6054280979286917,0.9022539733648121,0.8415030753570436,0.684077692349312,0.9819940940403644,0.9022539733648121,0.9229405345355657,0.6546257618884127,0.9759907361775702,0.48692081829869327,0.7832182620765741,0.8440469376552964,0.7210302843748403,0.997230858114537,0.859704259318828,0.8983273721288971,0.8242851779280755,0.8571671175052396,0.8927512325175624,0.9052964331108346,0.7927473077502138,0.5124072441402647,0.8545249880489499,0.8586717584874546,0.8195245791828907,0.8352588480494263,0.5525645315904308,0.8995766368965674,0.6625231566468313,0.9287683109798639,0.8455650075804328,0.848124213267118,0.7935708921509115,0.9255349418668275,0.6431660007091018,0.6217281579861218,0.9097131739611852,0.8492101642117771,0.7113110351794607,0.8561985635661338,0.6493953796102142,0.8551148165986491,0.6692019907408842,0.8964003490509322,0.6963039067136754,0.6993651294688583,0.5660692746713631,0.5635268291855426,0.8395037577757976,0.8817044919907331,0.8768208161319829,0.9337231676669702,0.9155006384984004,0.8598831469664703,0.6696028774570859,0.6936269015315768,0.8855101065196794,0.9040007052360544,0.8432887209467443,0.48491304750660646,0.8513423239588727,0.7472148725870332,0.8689474503913055,0.8570657511923641,0.5835519052153018,0.641938767417417,0.7677968477425345,0.8518325205937483,0.7809800337941271,0.8900450932824562,0.738399222224531,0.9298612415774303,0.7951305376353202,0.5848614150222686,0.690113344339129,0.954040497905644,0.6093426791488122,0.9031349604797554,0.7118718644185869,0.7210302843748402,0.6217281579861218,0.7809134539375333,0.8470207644412342,0.9759907361775702,0.9186457666042602,0.9393266337135701,0.9145417437978427,0.8662285247315094,0.6217281579861218
p199_D,0.8086886533123154,0.9453030402757783,0.6007351226801824,0.9277359074596556,0.9526370111116407,0.9648659912110238,0.8394385952949945,0.8400240699667676,0.9103107362174547,0.9629078616894173,0.39319229787439447,0.9511016704226434,0.9511016704226434,0.9765510393593577,0.9957658420390977,0.8931410336709438,0.987327403406299,0.9361160018916064,0.9610366993022688,0.9629078616894176,0.9326920846792619,0.4080645809418807,0.939931930051314,0.9542136024350836,0.42203304800755903,0.9361160018916064,0.9227946422906832,0.9220855717829912,0.9629078616894173,0.7904815296111656,0.9300668284196516,0.9652137684610215,0.9902930825832763,0.9243180392978654,0.9526370111116407,0.9610366993022688,0.1076013084133105,0.9902930825832764,0.9648659912110238,0.9879700133881206,0.9061873961293254,0.9373704232137268,0.9648659912110238,0.9187969445925779,0.9481398354780852,0.9547667551050749,0.2237494366831898,0.9072120922355345,0.481106577474263,0.8991086132420372,0.957509435301382,0.9572754220823072,0.9361160018916064,0.9453030402757783,0.9467071200650463,0.9336544549523982,0.9336544549523982,0.9526370111116405,0.7864057866094467,0.18985981854257494,0.9123992402861414,0.8425509890153137,0.9361160018916066,0.9061873961293254,0.9592404230051592,0.8672605145480654,0.957509435301382,0.8987613725012114,0.8242743687062486,0.9610366993022688,0.9748006002614296,0.9348776724743586,0.9526370111116407,0.8383948208633007,0.9526370111116405,0.620202540979643,0.9425720985427188,0.9439253608596803,0.7628588897397749,0.9648659912110238,0.995812608116145,0.9386420076357269,0.9312498291554212,0.9361160018916064,0.9526370111116405,0.969757263765453,0.9425720985427188,0.8785004132365173,0.670269448296569,0.9511016704226434,0.9526370111116405,0.9760557307924651,0.8425509890153136,0.8646954736999413,0.9312498291554212,0.9072120922355345,0.9731294478403805,0.6540395853328662,0.8320602288053403,0.8309916996778286,0.9617723288059055,0.9558359621451105,0.9773757151292214,0.9009385953642848,0.7381081220789001,0.11775954848708015,0.5749828502705504,0.811009619429409,0.9412414838519025,0.8404791612293152,0.9908764668187224,0.952944974054758,0.8200790560505897,0.6070912069531367,0.07458314556106327,0.8279903628414251,0.9453030402757783,0.9610366993022685,0.9648659912110238,0.9009385953642848,0.9187969445925779,0.8931410336709438,0.9412414838519025,0.9300668284196518,0.9900588676412958,0.7719452573794077,0.10760130841331039,0.9714578717045065,0.8448813494499822,0.9209817665727265,0.881356890785397,0.9558359621451105,0.957509435301382,0.9648659912110238,0.9481398354780852,0.9201023553084944,0.8872325694620833,0.957509435301382,0.19244580608505335,0.9496037211238537,0.7878796807258952,0.160128011110376,0.836297322381335,0.880379147867171,0.9326920846792619,0.9166400151447351,0.9001110559421439,0.852744627559685,0.9348776724743586,0.8340710265917912,0.9493957255905625,0.9123992402861405,0.7042792707118314,0.889197195483969,0.957509435301382,0.9348776724743588,0.9413455330691154,0.9198856874256713,0.7683200278016402,0.9302947288966976,0.9112328812249595,0.9558359621451105,0.9944373248680742,0.8155856001785136,0.6585158886812214,0.9220855717829912,0.8705954752723888,0.6502130055679127,0.9312498291554214,0.9201023553084948,0.9277359074596558,0.3008360691103116,0.9336544549523982,0.8846853407167915,0.7746021087667416,0.9579672831419932,0.9610366993022685,0.9141734198710232,0.9254476077793647,0.8941307528793183,0.9177151699279686,0.8961156213019832,0.933654454952398,0.9511016704226434,0.8686326671635054,0.7088403617432,0.8676499406085267,0.9082407355488131,0.9453030402757782,0.9722155622930324,0.9496037211238535,0.9103107362174552,0.7645217555830743,0.834071026591791,0.9969352503890194,0.9526370111116405,0.9542136024350836,0.9496037211238535,0.9072120922355345,0.743512084093924,0.8991086132420372,0.9511016704226434,0.9526370111116405,0.6396344886263514,0.8039765114147406,0.9629078616894173,0.9526370111116405,0.9388120013913656,0.9209817665727265,0.9937923149342885,0.9662154259494389,0.9113525537588968,0.9511016704226434,0.9526370111116405,0.8656814261022985,0.9526370111116405,0.8398896489883634,0.9131632661895819,0.8781849073732377,0.9526370111116405,0.6923341401884342,0.9526370111116405,0.7871715338102265,0.9987120692432438,0.9681385641755447,0.6538424175338822,0.9558359621451105,0.7866487334406878,0.9496037211238537,0.43518851942535797,0.9425720985427191,0.9123992402861407,0.8063445760987145,0.9243180392978652,0.9652137684610215,0.9061873961293254,0.8981086621953585,0.9505241704836669,0.9041490253843174,0.5322230711047464,0.9209817665727265,0.9481398354780852,0.9674484241224515,0.9496037211238537,0.9526370111116405,0.9092735418441047,0.9526370111116405,0.8527418007931002,0.9665480300996037,0.957509435301382,0.9324454498571317,0.7866487334406876,0.9542136024350836,0.9198856874256711,0.30626478107291477,0.9388267942128117,0.9439253608596805,0.8705954752723888,0.9558359621451105,0.915294934512644,0.8803791478671712,0.8547546403115025,0.9511016704226434,0.9592404230051592,0.8716488174471997,0.9648659912110238,0.8446109430683049,0.8099851764138053,0.9373704232137268,0.9141734198710232,0.9540519331027986,0.9575094353013822,0.8587509369841104,0.7965069792215316,0.876724331949785,0.11775954848708015,0.8404791612293152,0.9198856874256713,0.9386420076357269,0.949173776698871,0.11775954848708015,0.8617298618427947,0.857258806876982,0.9592404230051592,0.9051664401581994,0.9277359074596556,0.9558359621451105,0.9243180392978654,0.8200790560505895,0.3222500432092781,0.9558359621451105,0.9695808922938259,0.7648826756137952,0.9610366993022685,0.8555160230965211,0.8646954736999413,0.6238609283942584,0.8547546403115025,0.955217505042218,0.9526370111116407,0.9348776724743586,0.9496037211238535,0.9575094353013822,0.8458639564984105,0.9051664401581994,0.9558359621451105,0.9348776724743586,0.9220855717829912,0.8354401497332644,0.9155711502428496,0.8921529459435538,0.881438146000566,0.8020674121309703,0.846659656662168,0.9514834428390286,0.9629078616894176,0.9103107362174554,0.9629078616894176,0.5577157597313234,0.9209817665727265,0.997640187429148,0.9558359621451105,0.9526370111116405,0.9575094353013818,0.9092735418441047,0.9900588676412958,0.11775954848708015,0.9592404230051592,0.9511016704226434,0.9526370111116405,0.4220330480075587,0.9610366993022685,0.9648659912110238,0.5139980565501778,0.731943683951616,0.9386420076357269,0.9575094353013822,0.8446109430683049,0.7231456517202988,0.9412414838519028,0.9467071200650465,0.9473375332459506,0.9558359621451105,0.9243180392978652,0.7483585156811934,0.9453030402757783,0.9166400151447351,0.9648659912110238,0.7814252209615564,0.9714058757497572,0.7929984735168571,0.3419997922501381,0.9511016704226434,0.9769855193139068,0.8931410336709438,0.8200790560505897,0.8211902596649285,0.7386871664249517,0.9526370111116405,0.863708282603777,0.9231975163531971,0.9254476077793647,0.47152576728747697,0.9629078616894173,0.855756563598304,0.9526370111116405,0.9526370111116405,0.9348776724743586,0.9103107362174552,0.9977802754820256,0.9526370111116405,0.9629078616894176,0.9526370111116409,0.9277359074596556,0.6585158886812214,0.8039765114147406,0.9073884413700836,0.928895740061739,0.998394872319517,0.7176529953352653,0.753011006155871,0.9526370111116405,0.637802340396505,0.9220855717829912,0.7917437350152448,0.8242743687062482,0.428327725244276,0.8784240722117911,0.9558359621451105,0.8098519714818668,0.9526370111116405,0.7663159483485272,0.9900588676412958,0.6972093964344689,0.8415165991231524,0.9542136024350834,0.7507844886154756,0.9467071200650465,0.9526370111116405,0.9031349604797554,0.8481713308694637,0.9526370111116405,0.928895740061739,0.8388429655759455,0.732026101397933,0.7435863378643108,0.8155856001785136,0.9526370111116405,0.8242743687062484,0.8987613725012116,0.9592404230051592,0.7786690145640724,0.7742042751539622,0.9134510531460025,0.9145082620913982,0.9426205861955201,0.07458314556106327,0.9051664401581994,0.8941307528793183,0.939931930051314,0.8627197720675652,0.9175493208075458,0.6685644304688845,0.939931930051314,0.0378922136098605,0.9361160018916066,0.9526370111116405,0.9610366993022685,0.949173776698871,0.8255892557605071,0.9439253608596803,0.5008123449120355,0.9496037211238537,0.9027950502828764,0.9736183137840243,0.9496037211238537,0.995812608116145,0.9526370111116409,0.9931163690142987,0.644390737869332,0.9103107362174552,0.9610366993022685,0.8567565353887991,0.9629078616894176,0.9931163690142986,0.9464536062171713,0.8527479267327549,0.9425720985427188,0.9629078616894173,0.8239033522938282,0.9220855717829912,0.9375821720172512,0.9373704232137268,0.9425720985427193,0.5957189144811472,0.9558359621451105,0.9243180392978654,0.9061873961293256,0.6507467849476519,0.9386420076357271,0.9061873961293254,0.9439253608596805,0.9300668284196516,0.8825210710884408,0.7879341691923534,0.9951877100611972,0.987327403406299,0.826678007573604,0.6430337485075467,0.9277359074596556,0.9386420076357269,0.9399319300513143,0.7403348078925532,0.9439253608596805,0.7459780033283332,0.9386420076357269,0.48665680757786944,0.7705531152105065,0.9695808922938259,0.855756563598304,0.7645217555830744,0.9231975163531971,0.9868418685480091,0.9610366993022685,0.8398896489883634,0.899108613242037,0.9592404230051592,0.9220855717829912,0.9481398354780852,0.987327403406299,0.9575094353013822,0.9610366993022685,0.9801704643354423,0.7284756911618842,0.9187969445925777,0.3008360691103116,0.9511016704226434,0.8352434350141633,0.913451053146003,0.9481398354780852,0.9851265078035901,0.9526370111116405,0.1573927922435595,0.9526370111116405,0.9526370111116405,0.8309916996778286,0.9399319300513145,0.9243180392978652,0.9526370111116405,0.8222967889645658,0.8486977586224085,0.9209817665727266,0.9610742210840932,0.7105716425687394,0.7864057866094467,0.9518893725088029,0.9092735418441042,0.8507258744656068,0.9467071200650463,0.9314897302747827,0.9592404230051594,0.9231975163531971,0.883074072025955,0.8656814261022983,0.5187931765066538,0.9467071200650465,0.9496037211238537,0.840203440748829,0.9592404230051594,0.6230375309310658,0.0,0.9072120922355345,0.9425720985427191,0.9373704232137268,0.939931930051314,0.85875093698411,0.42832772524427576,0.912399240286141,0.939931930051314,0.9254476077793645,0.9558359621451105,0.9425720985427193,0.9736183137840243,0.5840323192356704,0.8666662211060936,0.9143162677112748,0.9575094353013822,0.8666662211060936,0.9481398354780854,0.7853552691579664,0.6847877535121555,0.9511016704226434,0.7917437350152448,0.982045156274965,0.8505410419770534,0.7560495458914249,0.8567565353887989,0.9092735418441045,0.759039812406635,0.998394872319517,0.9134510531460027,0.8901811511257474,0.9526370111116405,0.0378922136098605,0.9220855717829912,0.9526370111116407,0.9042162740830948,0.9425720985427188,0.9496037211238537,0.5100015725296021,0.8133482612876617,0.939931930051314,0.8178422485024104,0.9629078616894176,0.7705531152105066,0.9439253608596805,0.8754910501451354,0.9496037211238537,0.9902930825832764,0.8341860124462195,0.9209817665727265,0.9386420076357269,0.7840536293380751,0.9244189161714627,0.8413535056044902,0.8725553212046715,0.9344184513464585,0.8425509890153138,0.759575737809846,0.9300668284196516,0.9629078616894176,0.9412414838519028,0.9542136024350834,0.7061352915422269,0.9092735418441047,0.9001110559421444,0.9511016704226434,0.76773864972953,0.7021249138262726,0.9648659912110238,0.8872325694620835,0.9558359621451105,0.9231975163531971,0.5252785195063683,0.9922127245794843,0.9491737766988708,0.4185859046750726,0.9412414838519025,0.9051664401581994,0.9439253608596803,0.9511016704226434,0.19244580608505335,0.9648659912110238,0.9526370111116405,0.9243180392978654,0.9086148915839567,0.8456902516433886,0.9792750106568119,0.9526370111116405,0.8911663603911606,0.8672605145480656,0.9123992402861407,0.9277359074596556,0.5491669919950228,0.9375821720172512,0.889197195483969,0.830438902602139,0.9324454498571317,0.912399240286141,0.8607384721289721,0.9363467946367829,0.1573927922435595,0.5132176572020226,0.9336544549523982,0.9558359621451105,0.9665480300996037,0.9648659912110238,0.9324454498571317,0.9842011665427952,0.8505410419770534,0.9453030402757783,0.933654454952398,0.9526370111116407,0.852744627559685,0.6274475989789223,0.9610366993022688,0.9526370111116407,0.9425720985427191,0.784053629338075,0.8155856001785138,0.9511016704226434,0.957509435301382,0.948139835478085,0.9511016704226434,0.9511016704226434,0.9243180392978652,0.9526370111116405,0.9481398354780852,0.998712069243244,0.9526370111116405,0.9386420076357269,0.9363467946367829,0.9610366993022685,0.07458314556106327,0.9592404230051594,0.9542136024350834,0.9511016704226434,0.7677386497295299,0.8676499406085265,0.939931930051314,0.8517363824474664,0.9526370111116405,0.9987120692432441,0.9695808922938259,0.9386420076357269,0.8075195577599243,0.5264173485154191,0.9610366993022685,0.9736183137840243,0.9412414838519025,0.9209817665727265,0.9429902492134533,0.2775029775378376,0.9209817665727265,0.9748006002614296,0.9300668284196516,0.8013106521092755,0.9439253608596805,0.8714717093867047,0.9348776724743586,0.14916629112212654,0.913451053146003,0.852744627559685,0.9526370111116405,0.9526370111116407,0.6344159246228352,0.9629078616894173,0.8803545486957223,0.21293427001890652,0.9439253608596803,0.8362973223813353,0.9496037211238537,0.8051635979868561,0.7991647789411429,0.9526370111116405,0.9526370111116405,0.9198856874256713,0.7195026022793827,0.9505241704836671,0.9100318062103335,0.855756563598304,0.8889984146598748,0.7359365694375493,0.8435406859332619,0.9373704232137268,0.8561342062066828,0.9526370111116405,0.9072120922355342,0.0378922136098605,0.9648659912110238,0.8738328753514066,0.11775954848708015,0.8425509890153136,0.9526370111116405,0.9526370111116405,0.7892117206997185,0.9073884413700836,0.796719217938705,0.4080645809418808,0.9662154259494389,0.9061873961293254,0.932445449857132,0.6098857693585711,0.8456366655300414,0.9585367020978055,0.9526370111116405,0.9209817665727265,0.8299192991696218,0.2519374759750954,0.9610366993022685,0.8941307528793181,0.9124328455604713,0.9166400151447351,0.9231975163531971,0.9542136024350834,0.6638126320958515,0.9526370111116405,0.8383948208633005,0.983682988822291,0.9061873961293254,0.6277572448391836,0.8745128950949936,0.9453030402757783,0.9113525537588967,0.7417212352549709,0.9592404230051592,0.877446546739326,0.8715757257382066,0.9481398354780852,0.8616993128705425,0.9277359074596556,0.9361160018916064,0.8255892557605071,0.9575094353013818,0.9511016704226434,0.7248986406633606,0.933654454952398,0.9665480300996037,0.9769855193139069,0.9648659912110238,0.9665480300996037,0.9648659912110238,0.9648659912110238,0.6369695431207095,0.9730862985612763,0.9031349604797554,0.9526370111116407,0.9629078616894176,0.4080645809418807,0.9425720985427191,0.7176529953352653,0.9467071200650465,0.9511016704226434,0.933654454952398,0.9011161501496323,0.9542136024350836,0.8140865069385359,0.9231975163531971,0.8352434350141631,0.8144495911033482,0.9526370111116405,0.9375821720172512,0.9526370111116407,0.8039765114147406,0.9629078616894173,0.9373704232137268,0.9386420076357267,0.7373592171107445,0.9526370111116405,0.8178422485024104,0.7560495458914249,0.9386420076357267,0.8189630840562676,0.8383948208633005,0.8255892557605071,0.11516900984745693,0.8650546456747357,0.7903415819956485,0.8189630840562678,0.7605174113429305,0.9399319300513138,0.7620546901141317,0.9648659912110238,0.939931930051314,0.8374011676109454,0.6544139279744577,0.9348776724743586,0.8497130258115504,0.9092735418441045,0.7499222990259989,0.9526370111116407,0.9511016704226434,0.852744627559685,0.9378370728938006,0.6625231566468317,0.791743735015245,0.7691509749968612,0.9526370111116405,0.8027832026517656,0.6873207198416378,0.9765510393593577,0.9526370111116405,0.8507258744656068,0.9902930825832764,0.11775954848708015,0.9399319300513145,0.9511016704226434,0.8890106760597567,0.9361160018916066,0.6187581535962681,0.933654454952398,0.9145082620913982,0.9399319300513143,0.7467814379930323,0.9526370111116405,0.9324454498571317,0.9526370111116405,0.9610366993022685,0.8760112958426582,0.8921529459435535,0.9648659912110238,0.9312498291554212,0.9064206691382042,0.9113525537588969,0.5352976416436223,0.9526370111116405,0.8749227387115647,0.8331249716086315,0.7154691980060808,0.9801704643354423,0.9209817665727265,0.9575094353013822,0.9300668284196516,0.928895740061739,0.9220855717829912,0.9001110559421441,0.7993052872604915,0.9220855717829912,0.9277359074596556,0.9575094353013822,0.6238609283942583,0.9220855717829912,0.9648659912110238,0.9361160018916066,0.9542136024350834,0.5867072331685054,0.9511016704226434,0.928895740061739,0.9386420076357269,0.8991086132420372,0.532223071104747,0.939931930051314,0.9198856874256713,0.9348776724743586,0.9511016704226434,0.9983948723195168,0.8244961955520123,0.5352976416436228,0.9082407355488131,0.8446109430683049,0.9177151699279686,0.9145082620913985,0.9589376456981176,0.9542136024350836,0.2237494366831898,0.9082407355488131,0.9400810957454317,0.500812344912036,0.932445449857132,0.9072120922355342,0.19244580608505346,0.07708672090253421,0.9175493208075458,0.9312498291554212,0.9097206700803182,0.9231975163531971,0.4185859046750726,0.8627197720675652,0.9991256173192249,0.928895740061739,0.2775029775378376,0.8476799949376319,0.922109475719312,0.5454247562740662,0.9072120922355342,0.8597455235253664,0.9592404230051592,0.9243180392978652,0.8842921321245039,0.9361160018916064,0.9227946422906833,0.5100015725296023,0.9061873961293256,0.880379147867171,0.806145885371528,0.3931922978743946,0.8547546403115025,0.9511016704226434,0.8911663603911606,0.8341860124462199,0.9558359621451105,0.2519374759750954,0.8941307528793183,0.9324454498571313,0.9695808922938259,0.9051664401581994,0.8725553212046715,0.8993729787121678,0.9842011665427952,0.32225004320927864,0.9062630668618086,0.9386420076357269,0.9092735418441045,0.9558359621451105,0.8686326671635054,0.3360188683437645,0.1573927922435595,0.9001110559421441,0.9529449740547579,0.9542136024350834,0.9629078616894173,0.8931410336709438,0.9610366993022685,0.8617289235276302,0.1573927922435595
p199_F,0.9594088250779567,0.6788595730201927,0.8089854010455964,0.8061612146332326,0.9386131743457118,0.721899103237125,0.8627712930462378,0.8735866889367871,0.8795079237923467,0.9220700353609517,0.8880390441955598,0.8972654241994791,0.8972654241994791,0.6732133531404852,0.674156944823264,0.7754910920028371,0.8980516101285151,0.8697754037911869,0.9637550377043786,0.6957845084090475,0.9747751557193851,0.8312577725061675,0.8786591003884672,0.9431134523268976,0.8712150485544223,0.865780784275578,0.9332025653862877,0.9366432307997556,0.6957845084090473,0.6552548345501182,0.8530715715896546,0.9107280314569579,0.8880325471109585,0.9281680987989613,0.9004911494084336,0.8537798289138621,0.9038035415131251,0.9403876986933338,0.9261840328635953,0.7897885402105621,0.8895716274552529,0.8982888703716156,0.9261840328635953,0.9753127882991035,0.862900654870743,0.8056590120509544,0.9072120922355345,0.8271827784463164,0.6162723477160389,0.8718549723951896,0.9107280314569579,0.9405091470382947,0.865780784275578,0.9186255087204842,0.9223484979500995,0.9175700816842534,0.626742186165231,0.9004911494084331,0.9835149291263185,0.8941182576784141,0.908045688598518,0.802581797791877,0.8403927580208274,0.8248675029173149,0.5607231806723618,0.9596447724537167,0.8367162284768287,0.8799665519514084,0.9088779896422572,0.8081635455684225,0.7603090137119386,0.8631790748003907,0.9851427757797315,0.7619917648649261,0.9004911494084331,0.7775704755710053,0.9115001904163031,0.7239155881669075,0.7885651503017959,0.8727206163368164,0.9806621909815183,0.9161703950699844,0.9662297700905316,0.8657807842755785,0.9004911494084331,0.6795004892464531,0.8634130271408585,0.7164109938154191,0.8771434063875099,0.8972654241994793,0.9004911494084331,0.39466669519288966,0.632189555468829,0.8055462835623908,0.8555570364268277,0.8050541516245487,0.47083881429268326,0.7796535661369799,0.8148179520313847,0.8290843927093379,0.6267421861652304,0.6865339729756011,0.938613174345712,0.5527728796313831,0.9739071523531079,0.918138754358939,0.7870841000502863,0.8002747901790859,0.9396082402244852,0.78369602323673,0.4883668231984061,0.8029854516603709,0.820594824086011,0.5391882389521453,0.9072120922355345,0.7555068218872572,0.9136599420047977,0.9637550377043786,0.9261840328635951,0.8488608984447561,0.9509929458199466,0.4150051111882196,0.9027445004246046,0.8467228123373565,0.9873059868726243,0.7177510149491277,0.9038035415131251,0.8380026199196463,0.9175213699727839,0.8588039237011789,0.8844254182079556,0.9072120922355342,0.7525309817880903,0.9764578705634923,0.47624014703524575,0.9598152917348466,0.7827024683803403,0.9949132781456955,0.9107280314569581,0.8941182576784141,0.9862248212412983,0.9220700353609517,0.7909884553095283,0.6807631926376995,0.5859539653252968,0.8248620605884831,0.9146268640510405,0.8124055233366319,0.8920984402161447,0.6741812086073127,0.8390890544952982,0.9771157576012952,0.7776795456551246,0.7870238507267042,0.8788088518211976,0.8920984402161445,0.45789881205983696,0.880811265145014,0.9548403111497257,0.6578562502309029,0.8318451486625573,0.9884628791933072,0.7034286704009298,0.7774744388032269,0.7986186992005431,0.5365710004073039,0.7464364778318782,0.8895716274552534,0.9385615866746055,0.8721925088905396,0.6998029254390349,0.8972654241994793,0.8606091151654387,0.9092250879244501,0.9464858626722621,0.8288171116099008,0.7169309788775422,0.8792061373188833,0.4560166642825423,0.9810645954880788,0.8512046835781089,0.9258166942204418,0.9685079852781177,0.8972654241994791,0.7603818162347699,0.5878491566983026,0.92139013746583,0.8295115164075357,0.8850825988655405,0.8531334954793681,0.9301746946212588,0.9846049306378637,0.9616475384687978,0.8504373385003927,0.9080456885985178,0.9004911494084331,0.9038035415131251,0.9301746946212588,0.8271827784463164,0.8928708902783873,0.9556810675279803,0.9343080653650264,0.9004911494084331,0.9491959714733698,0.965184585750257,0.9220700353609517,0.9004911494084331,0.9471902254062591,0.9829035021794315,0.9607151834963714,0.9006159205471591,0.6839322693124157,0.473009675986218,0.9004911494084331,0.7718547933008405,0.9004911494084332,0.9470301265552346,0.943459372584234,0.9959015982237251,0.9004911494084331,0.8872989538170493,0.9004911494084331,0.9983614482751788,0.8878245390380257,0.6369111468440553,0.9310689617816159,0.6865339729756015,0.7643637433128905,0.8941182576784139,0.9356837142274772,0.8793449357816123,0.4933470467107427,0.7243933338807791,0.9794655298616233,0.8788088518211977,0.8468337236578865,0.9942108688133633,0.8318544149375382,0.8981971071981958,0.8836238393968294,0.8588039237011791,0.926193613582623,0.41500511118822003,0.8534866837216744,0.9004911494084331,0.9217311830532826,0.9004911494084331,0.6934329385373585,0.8929969193423162,0.9528206548013269,0.886133027451462,0.7643637433128901,0.9431134523268976,0.8562462145615766,0.8765493364841208,0.49285808794498676,0.8552143529898294,0.8929423051723073,0.9072120922355342,0.43352129521509664,0.7676971900349563,0.8346928360477306,0.8972654241994793,0.9581074754130985,0.7239392926393359,0.9261840328635953,0.8787752140930372,0.8103602027798151,0.8684163025748142,0.7655649192778144,0.3974682496585735,0.9528206548013269,0.8975045551828293,0.8331648620451171,0.9769749432551491,0.918138754358939,0.8346303009047233,0.9717984313543615,0.612253645542763,0.8360454488091439,0.918138754358939,0.7807238380901504,0.7857694644541289,0.9544071893297126,0.9316087992647728,0.3275489132593392,0.9072120922355345,0.8409934614190604,0.7709433916215207,0.8941182576784141,0.9072120922355342,0.9072120922355342,0.7199501090370706,0.6256984121866636,0.7534586527098941,0.8953651227207058,0.7957286869230606,0.95706238840473,0.8993961122593022,0.5658005014696694,0.6451917131317926,0.6732044990074517,0.9949132781456955,0.8104596429035993,0.9098000445023833,0.8490355468911472,0.8476272710420703,0.8613881209721928,0.8448633143740104,0.8698901241857755,0.8740587082567517,0.503559717362402,0.8161961298614975,0.8323805552007117,0.4662104562365448,0.839089054495298,0.9927472117671714,0.7913208724665481,0.8512219522049689,0.9332636707881303,0.8701043555949091,0.9072120922355342,0.9004911494084331,0.9107280314569579,0.9659228568020359,0.48780100877651456,0.918138754358939,0.9143648077845039,0.7323081641450482,0.9004911494084331,0.8765493364841208,0.918138754358939,0.7218991032371249,0.8725745362635549,0.8409659913001482,0.39951192087371035,0.9107280314569581,0.7419451914665931,0.7409173851953338,0.808156144814058,0.9747036495324756,0.5998229211622621,0.9072120922355342,0.8409934614190606,0.737209177620946,0.8850825988655406,0.9441432497761624,0.9764578705634923,0.7535291217609665,0.33824764157835085,0.761349733738993,0.8980516101285153,0.8972654241994793,0.9441435106432321,0.5769058705500083,0.8040443465978475,0.7734230556332637,0.6686391999523155,0.9004911494084331,0.8569349048589092,0.8640003271366137,0.35222160209924336,0.9077500810549197,0.9698382173897016,0.854667952321678,0.9004911494084331,0.9004911494084331,0.8631790748003907,0.8115643510074517,0.530161501603452,0.9004911494084332,0.7913208724665477,0.48955645159511296,0.5668550639462859,0.7986186992005433,0.9487921218574191,0.9004911494084336,0.6376750445261081,0.7026367539674032,0.7823569110285507,0.8289787013693086,0.9004911494084331,0.8266612448281723,0.2857206343154265,0.7096386769188394,0.7476355168671405,0.7723365763718956,0.7083823768267319,0.9072120922355342,0.797718841605841,0.9004911494084331,0.7063741318304471,0.9285406953319055,0.8149554071702916,0.737682580549907,0.9038035415131254,0.938895591650315,0.49428033778449176,0.9004911494084331,0.8610115537985552,0.7659716913059663,0.9004911494084331,0.9877950273251553,0.9584659982765891,0.9440212615168149,0.6614100268247322,0.7609818367530403,0.9004911494084331,0.8294180153172841,0.9700596841602154,0.9143648077845037,0.8631406879542054,0.9616063155417331,0.9574869735191016,0.8672336638266782,0.6443091376780234,0.9072120922355345,0.8443737802152149,0.9403657715046638,0.6620590507737355,0.8365816131473731,0.3840551525586794,0.7466247162709692,0.8737979857661253,0.9107280314569579,0.8403927580208275,0.9004911494084331,0.9637550377043786,0.9252302580846958,0.8506617810739363,0.9150128085700575,0.9983890748485313,0.8941182576784141,0.9338777995773662,0.9389568152317858,0.8941182576784141,0.7567402793726384,0.9851427757797315,0.918625508720484,0.8415773521179453,0.35046491797884516,0.9637550377043786,0.822029541264691,0.9698382173897018,0.8801170321498538,0.8477162361577912,0.857358010139093,0.9436554450509942,0.6480163263802976,0.9865175060419995,0.9630166227634938,0.8928114961783873,0.8982888703716156,0.9436554450509944,0.8093852229086014,0.849035546891147,0.8666421769503914,0.713841861530679,0.8172798848289999,0.9769537449754284,0.89076616513903,0.9806621909815185,0.9076544108756528,0.6035506656441654,0.7343418692857917,0.729597227347156,0.926193613582623,0.7691121218970034,0.547566812696551,0.9279430623812721,0.9014795552136838,0.8737979857661253,0.6718099147865861,0.9150128085700575,0.7807238380901506,0.8710878802609618,0.8681770036466658,0.6820955999945781,0.7271593664544875,0.9175128122831238,0.8775769108739104,0.9584722125679124,0.8907661651390302,0.918138754358939,0.703971209639491,0.9137680199615847,0.9581074754130985,0.9881016593726815,0.8910426583248505,0.827749699612971,0.9629940985099354,0.9637550377043786,0.5465171962643678,0.6322425511491887,0.9517276842634255,0.9916066523038791,0.9545640111383318,0.7043676824840561,0.8646037275443339,0.8910426583248505,0.6617445851436528,0.9004911494084331,0.9143648077845041,0.9004911494084331,0.9004911494084331,0.7955992988867815,0.8737979857661253,0.46649121923500503,0.9004911494084331,0.7758989269615303,0.837307418151424,0.9580835864837808,0.71697165486006,0.7870238507267042,0.9172749170702528,0.5769434939284945,0.8093852229086018,0.8422469654107378,0.8880325471109582,0.9200163595129566,0.9581074754130985,0.8640003271366139,0.777704441426859,0.7718547933008404,0.6011000355503657,0.9060717478541925,0.9662311315641035,0.6525774775923594,0.6919511835581449,0.5797857496097509,0.9072120922355345,0.0,0.8793449357816119,0.8684163025748144,0.8737979857661251,0.7032380717995299,0.8775434408290577,0.8389756195957405,0.8737979857661249,0.9990592592551364,0.9072120922355342,0.9115001904163038,0.9431134523268976,0.7998430772703005,0.7740923424745039,0.7421012578804398,0.9629940985099353,0.846336923307531,0.8910426583248507,0.8130615156272554,0.49154240205499056,0.8434360876416899,0.7586992169596076,0.8555570364268277,0.9261840328635953,0.7024194933499377,0.8395983518347439,0.8093852229086016,0.7413380542420491,0.6061709900633299,0.8878245390380257,0.9087079482022913,0.9004911494084331,0.9107280314569579,0.9617282674089433,0.9004911494084336,0.8140460401468351,0.9436554450509942,0.9616559945502076,0.9108934032586795,0.7173856766303529,0.8786591003884672,0.7659716913059667,0.9698382173897018,0.682095599994578,0.9150128085700575,0.8875675939366199,0.8941182576784141,0.8717557970150513,0.870211206341428,0.6696176780814617,0.5210786206845976,0.9225547415698427,0.8834638133069124,0.7402043668953497,0.7875643721900227,0.8409934614190602,0.7884768206328092,0.6492269843888525,0.962237250161651,0.6957845084090482,0.6189794335929645,0.9038035415131254,0.9607400260234016,0.9217311830532826,0.7901349926747225,0.8972654241994793,0.7421089011538384,0.7734025478105274,0.8727206163368169,0.9397021583472869,0.9884628791933072,0.654139423489957,0.9881016593726814,0.868416302574814,0.8964001233641998,0.6829742944793626,0.9080787883543029,0.8225650254528256,0.8821881173643271,0.8972654241994791,0.9528206548013269,0.8224467786369194,0.9004911494084331,0.8922908924817221,0.8364135773779314,0.7709433916215207,0.6895555541949656,0.9004911494084332,0.8914783469295624,0.6524456981146498,0.8619989759299995,0.6732133531404849,0.8342122086024168,0.7509275995072519,0.826661244828172,0.6006810334826949,0.9454829014529341,0.5854404720477798,0.8317119999145355,0.9942108688133633,0.9143648077845044,0.8311077046284192,0.5697812196464163,0.8490355468911471,0.34695877403800535,0.721899103237124,0.8861330274514618,0.8941182576784144,0.8224467786369195,0.8850825988655404,0.8890895984248461,0.6420445513442258,0.8918270011282676,0.7734151361490378,0.899396112259302,0.9004911494084336,0.8793449357816123,0.7426069521989414,0.8104596429035993,0.8972654241994793,0.9528206548013267,0.8910426583248503,0.8972654241994793,0.8972654241994793,0.8922908924817221,0.9004911494084331,0.926193613582623,0.8413829160506421,0.9004911494084331,0.7338203453536516,0.6100516743088356,0.9906286789501815,0.9072120922355345,0.9143648077845041,0.9038035415131254,0.8972654241994793,0.6928047307352323,0.8669932082000245,0.9714876930804949,0.7405744975743296,0.9004911494084331,0.4155511161512139,0.8084101534122605,0.9318712301664058,0.7269295434586815,0.7813884795099193,0.7625472622229819,0.742407261162924,0.9711376920946673,0.8681770036466657,0.876549336484121,0.9767351992829902,0.8588039237011789,0.970405581633417,0.8194313926943575,0.9780206794625694,0.9208637354012904,0.9906286789501815,0.38491742439000776,0.9072120922355342,0.7870841000502864,0.8298036101328141,0.9004911494084331,0.7564106261560608,0.848949868152769,0.9220700353609517,0.7143632961012671,0.9613445688403954,0.8880390441955601,0.8584509821672037,0.8941182576784141,0.7874481882413011,0.741745137080043,0.9004911494084331,0.9004911494084331,0.8316811639781394,0.7855425735595722,0.7187617444837378,0.983415019605872,0.8721925088905396,0.7114427416108988,0.9981163816765461,0.7559718344502144,0.41464207030195144,0.8165819047925933,0.9004911494084331,0.8935686589116192,0.9107280314569579,0.9261840328635953,0.6321895554688288,0.918138754358939,0.873672941794333,0.9004911494084331,0.9004911494084331,0.7533723321975054,0.8326546760306175,0.8674242897200424,0.8793449357816121,0.6655889546323097,0.9127323858796017,0.9703250629992641,0.8248675029173149,0.8299211209401149,0.6000678863126746,0.9004911494084332,0.49587826821190806,0.7931447746730911,0.9038035415131251,0.9637550377043786,0.8996669475212491,0.7899896490914899,0.888863085361087,0.4766119631944845,0.9038035415131254,0.7785730132132773,0.9004911494084331,0.8127525418170585,0.578056226220469,0.8468337236578865,0.5426062357136625,0.9035317116681525,0.8850825988655404,0.9507480664096606,0.5520287735729614,0.9581074754130985,0.7613062123413639,0.8588178407552973,0.8910426583248505,0.9698382173897016,0.9279430623812721,0.8951634300459379,0.79994408908592,0.9107280314569581,0.8972654241994793,0.795603978276954,0.9685079852781178,0.9332636707881301,0.8457599214352891,0.9732682917366106,0.9178168350379667,0.9764578705634923,0.9261840328635951,0.49406982419437406,0.8433666659801875,0.9255349418668277,0.9470207508424532,0.9346254185527986,0.7991025178714761,0.9436554450509942,0.6287173939560513,0.9223484979501002,0.9713507065305738,0.8890895984248461,0.8771434063875094,0.9038035415131251,0.8647796891736371,0.8640003271366137,0.8390836309924397,0.8079187445433225,0.9004911494084331,0.373710171409692,0.9470207508424532,0.7192976273576905,0.9220700353609517,0.9224757228475762,0.8710878802609618,0.7056050398880798,0.9004911494084331,0.7659716913059667,0.6858844677160327,0.8710878802609616,0.7684596863651094,0.7958322828330142,0.7666684576725731,0.9107280314569579,0.8365829553034734,0.8897170654594009,0.9338099427041575,0.6947622955908119,0.8167733719271149,0.5922595734158174,0.8727206163368165,0.7239447792350873,0.6801665762815039,0.8661825349776044,0.9922240981208397,0.8397754519492282,0.8093852229086018,0.6405993230061922,0.9004911494084333,0.8972654241994793,0.8298036101328141,0.7224798980590672,0.9669260780193851,0.7586992169596074,0.7449405389984085,0.9004911494084331,0.7495093213363202,0.9173768591549447,0.7795716423346832,0.9004911494084331,0.8076093173516694,0.7688079444976272,0.918138754358939,0.904740849996801,0.8972654241994793,0.9495759213246219,0.9245460758162977,0.9068987683438507,0.7691446024622668,0.7111129081772386,0.8477162361577915,0.6842836240072008,0.9004911494084331,0.886133027451462,0.9004911494084331,0.918138754358939,0.5739046954011868,0.8941874226782942,0.9261840328635953,0.8555570364268277,0.9421513263436064,0.9050831083749202,0.6998029254390343,0.9004911494084331,0.8079377101114511,0.7837144885838689,0.9374485788652689,0.6011000355503656,0.833984008005529,0.9107280314569581,0.8530715715896546,0.8506111344599003,0.8864731575813807,0.8323118702853278,0.6792403976820455,0.8864731575813807,0.8481743454856236,0.9107280314569579,0.7957286869230606,0.8864731575813807,0.9261840328635953,0.5759489460875926,0.8996469044180135,0.5971434654702321,0.9175213699727839,0.8506111344599001,0.460295270779154,0.8718549723951892,0.8836238393968296,0.8737979857661251,0.856246214561577,0.9499371710476525,0.8972654241994793,0.9115001904163031,0.8805541905923251,0.806161214633233,0.7914530441713676,0.8787752140930372,0.8993721649821635,0.992215193507961,0.8187079056263163,0.9038035415131251,0.9072120922355342,0.9698226627224718,0.8044938653838822,0.9422610511499967,0.8332268540558649,0.8714400320898514,0.9107280314569579,0.9143648077845041,0.9978558698508486,0.8555570364268275,0.8141147595144514,0.9584722125679125,0.9285970712663533,0.9437288288255894,0.971137692094667,0.9583403599365297,0.9004911494084333,0.8692568535748542,0.672563306557511,0.9517276842634255,0.8271827784463162,0.9355337429686559,0.7356938511867397,0.8768706677362994,0.9891253832836138,0.865780784275578,0.6519949233241086,0.8400929459979872,0.9335040689363964,0.9578832649754201,0.913367848288253,0.8821881173643271,0.9920251176495871,0.9916066523038791,0.7481136213013926,0.8439486598359558,0.5240323990600559,0.9431134523268974,0.7775704755710051,0.8580690156021942,0.8490355468911471,0.8284948983489437,0.8244467182719017,0.9700935518975055,0.7092609359502963,0.9616559945502074,0.7567245377539513,0.8857787201172619,0.7412309365126735,0.849035546891147,0.7785730132132771,0.7946036952590965,0.9581074754130987,0.8534003090906304,0.8982888703716156,0.7030973503491522,0.9220700353609517,0.9576294462848491,0.918138754358939,0.953262497444045,0.9143648077845044
p199_I,0.7714216628559389,0.9288758056186719,0.8688077246092829,0.9446701888736626,0.9384124008873462,0.9543141322095119,0.9636154905080612,0.9437957245915026,0.9491937056321553,0.42352172215405903,0.9270843653068206,0.9559302354841395,0.9364159486136479,0.9446701888736626,0.9609356788097783,0.8448782725245798,0.9325645805415597,0.9169296077473634,0.9493347822888889,0.9517679141853161,0.86362411228767,0.9720496894409938,0.9218915803605507,0.4883225819448611,0.9694100907323093,0.9169296077473634,0.9325645805415597,0.9715878604207602,0.9517679141853161,0.8447179603070155,0.9090636753073356,0.9447481688519044,0.9307015751744632,0.9015883421806548,0.9384124008873462,0.9493347822888889,0.9404624926714931,0.930701575174463,0.3882066400230294,0.915319368665986,0.8780124908814333,0.99462317493945,0.9543141322095119,0.9642336140121307,0.9836426671336505,0.8150338313320775,0.9983948723195168,0.9436554450509942,0.915319368665986,0.9601639163785549,0.44360112512737127,0.8176226485360629,0.9169296077473634,0.9776172307537021,0.9805663112989254,0.9551139594816043,0.7138046051626517,0.938412400887346,0.8509735636641396,0.934468117552512,0.9530007332467465,0.9685827185265123,0.9169296077473637,0.8347141576053575,0.9469990271543745,0.9096700150805574,0.9447481688519046,0.7557309362893819,0.7446583758550658,0.9493347822888889,0.9045383795584439,0.915319368665986,0.8954014960722595,0.8167492967297721,0.938412400887346,0.8623348546394309,0.9253246753246753,0.9270843653068204,0.9450728159774883,0.9543141322095121,0.6436356430904477,0.9914610572055534,0.910601968746465,0.9169296077473637,0.938412400887346,0.900131290598132,0.9812252964426879,0.9071684463189382,0.6968078157916984,0.9364159486136474,0.938412400887346,0.8688077246092829,0.9571378517040273,0.9284723074780148,0.9508067898672805,0.8793449357816123,0.8662102272482621,0.86362411228767,0.7798561299743387,0.9991914931495209,0.9137287800621363,0.9425720985427188,0.9384124008873465,0.9596419119720152,0.8982263051186592,0.9493347822888889,0.8874576548572417,0.7439259857129707,0.9389585973436579,0.7633523910171192,0.849541383511643,0.6907669879810535,0.9453616138838493,0.8902144844650239,0.9425720985427191,0.9988504763234671,0.9736413441112675,0.4540972984960917,0.9543141322095119,0.8805973726982694,0.7521976660362846,0.8742856561410541,0.9235944347702933,0.575390863358624,0.9169296077473634,0.918030048837007,0.9404624926714931,0.9819912974428575,0.9364159486136476,0.8502880286044064,0.9844886142666684,0.998394872319517,0.9447481688519046,0.9543141322095121,0.9325645805415597,0.9074487775611978,0.7759119721951606,0.9447481688519044,0.9447481688519044,0.9868619655962763,0.8831627867342262,0.9517679141853161,0.9586851380450416,0.8720892706611554,0.868744946015998,0.8916043634534068,0.9460262641933365,0.7869804309193134,0.916588943348655,0.8165644249113484,0.9517679141853161,0.94663309065437,0.9128288509685556,0.8559195932254962,0.9940867605460231,0.915319368665986,0.9658609328729841,0.9672160906068992,0.7794090375579645,0.8610478913106774,0.8972623963188338,0.9983948723195168,0.9202142532643907,0.760489710713347,0.875361932645287,0.8986853937484474,0.7158805587636543,0.8780124908814333,0.910601968746465,0.805588579299374,0.906032704732697,0.9364159486136476,0.9137287800621365,0.9602068140942855,0.8488009683941939,0.9656161517043058,0.9493347822888889,0.6889416727523731,0.9784698031455155,0.8623348546394305,0.7220388990050443,0.9855428325999874,0.9137287800621363,0.7406226036797138,0.9593511228726479,0.9008518050676437,0.959641911972015,0.6657348508008569,0.8761584938412068,0.9466763852073139,0.5415934020098456,0.9520770374064558,0.9309831092120702,0.8737755987816811,0.7459007384566037,0.938412400887346,0.5454440744832254,0.9868619655962767,0.6704814993327121,0.8006066801327185,0.9297118524554642,0.7406226036797141,0.938412400887346,0.8406398513598701,0.9690555914915181,0.4235217221540598,0.938412400887346,0.8789608281277379,0.8972500807670709,0.9214745861311222,0.9054156736579474,0.8847289094375662,0.9364159486136476,0.938412400887346,0.8080969078491063,0.9384124008873459,0.9166817637654094,0.8547983376541737,0.875463983205766,0.938412400887346,0.8849533332175408,0.938412400887346,0.8651020128652662,0.9211999702940652,0.8986853937484471,0.8495413835116423,0.9425720985427188,0.7308293389422367,0.934468117552512,0.966854861926912,0.6541501976284603,0.9530007332467463,0.9627605757897473,0.9015883421806543,0.9447481688519046,0.9099317521606787,0.5877095385376463,0.8820255041972336,0.9068304302001384,0.933316065142574,0.9945519661064194,0.6077326401296231,0.8904552749271517,0.9607441863599594,0.938412400887346,0.9220737026051957,0.938412400887346,0.8412191247380186,0.8972500807670709,0.8717566193418782,0.8839433174378557,0.7545944733274379,0.5454440744832254,0.997088271205218,0.9235944347702929,0.900754983216564,0.9270843653068206,0.9021580758390967,0.5261306392174058,0.9273614004407342,0.8444532057713663,0.7316259883597722,0.9364159486136474,0.925875451020248,0.8419119437314357,0.3882066400230294,0.9470641338896126,0.8044000975637454,0.9619687983522078,0.9257484399272569,0.904258640805859,0.7494264781377333,0.6704162484634582,0.7678223766712475,0.9922458171794512,0.9493347822888889,0.9607202236428414,0.9315204524190162,0.9202142532643907,0.9778787924688122,0.9493347822888889,0.9469207829576382,0.8865075612307172,0.989438211932937,0.8766849093977229,0.9446701888736626,0.9425720985427188,0.9015883421806545,0.7529647436237868,0.934468117552512,0.9425720985427188,0.9983948723195168,0.7796601830966358,0.9493347822888889,0.9094800686623228,0.9545755778471186,0.8610478913106774,0.9889488539673454,0.9843798933538866,0.9384124008873462,0.9573422906623257,0.9344681175525125,0.9447481688519044,0.7365242011142288,0.8064106263992199,0.9425720985427188,0.9153193686659862,0.8461559728984573,0.7760341591046289,0.7663166531334917,0.789246926864915,0.9803514991914477,0.7720255751925547,0.8999641075750919,0.8734773996129876,0.9517679141853161,0.9821034579526184,0.9517679141853161,0.9761289800255135,0.7060240911023941,0.8902144844650239,0.9425720985427188,0.938412400887346,0.9447481688519046,0.7588230416072197,0.9169296077473637,0.9493347822888889,0.9469990271543745,0.9364159486136476,0.938412400887346,0.9694100907323093,0.7855239202822131,0.9543141322095121,0.9262700211315922,0.8347009643683225,0.9202142532643909,0.8105915487398058,0.878960828127738,0.8172409646532204,0.9389585973436582,0.9695689525766124,0.8072081079523785,0.5261306392174057,0.9388586611030842,0.8442342956559976,0.9288758056186719,0.9609356788097783,0.9543141322095121,0.7610427657407399,0.9015883421806543,0.7463377045833348,0.9325645805415599,0.9364159486136474,0.9426999693726408,0.8904552749271517,0.728915134841279,0.9677086888504084,0.7802331379151808,0.938412400887346,0.9529026417410933,0.583936045669142,0.9407634795537994,0.915607043783037,0.9094075605567675,0.805588579299374,0.938412400887346,0.938412400887346,0.49635972338525924,0.7546185234836782,0.8556126329150244,0.9384124008873459,0.9094075605567679,0.9384124008873465,0.9833076730146283,0.875361932645287,0.7308556097169255,0.9384124008873465,0.9075408719115727,0.9720496894409938,0.7966052392676444,0.767488014087287,0.938412400887346,0.8847182735650863,0.8986853937484474,0.7717708609035461,0.7921938525659622,0.9858118985030546,0.8693218925956017,0.9425720985427188,0.7218645934534564,0.938412400887346,0.7781461951214987,0.9596257255045417,0.9084801312614037,0.8927781458702715,0.7739300446366844,0.8200238589875917,0.930701575174463,0.938412400887346,0.9990557969402876,0.8831627867342262,0.938412400887346,0.8576460483139818,0.8668909746473383,0.8085191611024443,0.7760341591046289,0.7365242011142291,0.938412400887346,0.8037545953914216,0.9038902485724094,0.9469990271543745,0.998671065258144,0.9456741896226332,0.9438307679586415,0.9569109769301656,0.8740433118343505,0.9425720985427191,0.9331724120804428,0.9898158166313402,0.9218915803605507,0.7633196259201782,0.985769059189977,0.8431820355014632,0.9218915803605507,0.9447481688519044,0.9169296077473634,0.938412400887346,0.9493347822888889,0.9130812730632976,0.8641440236190335,0.9775200810036838,0.9121566723282284,0.934468117552512,0.8513970480753377,0.9452945222517779,0.9868619655962763,0.9270843653068206,0.9384124008873465,0.9776172307537021,0.8533649275956026,0.9491937056321555,0.9493347822888889,0.7777943421171685,0.7705830352988517,0.9736413441112676,0.966854861926912,0.834180781572414,0.9720496894409938,0.9788198231857258,0.955611874752589,0.9919609062430834,0.9297118524554644,0.9946231749394501,0.9253246753246755,0.9146756363968285,0.9425720985427188,0.9015883421806545,0.7708756350468661,0.9638132405078337,0.9202142532643907,0.9623912027223391,0.7867289736246921,0.9090636753073356,0.8562263088127953,0.7767245603680496,0.8847289094375663,0.9325645805415597,0.8865075612307173,0.9280389014923773,0.7462299379986124,0.9472987124405254,0.966854861926912,0.7788386614655773,0.8344267504694403,0.897828370140844,0.8589740229104696,0.9693820495180774,0.9405447860731917,0.9425720985427188,0.8124356772187871,0.7843868042871203,0.9369836237218983,0.8985526801638483,0.9493347822888889,0.8683834516924684,0.7657675083136283,0.9469990271543745,0.9351366270846035,0.9325645805415597,0.9325645805415601,0.9329216899439506,0.4540972984960917,0.9090636753073353,0.7884981212068214,0.894409087337305,0.9364159486136476,0.9364159486136479,0.9815184441377822,0.7751191907745243,0.9836426671336509,0.8444532057713658,0.938412400887346,0.9469990271543745,0.938412400887346,0.938412400887346,0.9521510945761814,0.6734388855421984,0.9015883421806543,0.938412400887346,0.8937092719475044,0.8459514308692057,0.933316065142574,0.9968641222380944,0.8847182735650863,0.8366734136601632,0.8204380281246041,0.8241233060064097,0.917278806974258,0.6205157997053734,0.7532568906645736,0.9469990271543745,0.9001312905981318,0.770102838968536,0.8777072627925468,0.9090636753073356,0.9197042164521495,0.5939872500536103,0.9281363736326393,0.9469990271543745,0.8740433118343505,0.9425720985427191,0.8793449357816119,0.0,0.9185607716438655,0.9218915803605507,0.8163293560597349,0.9858118985030548,0.8860899491808243,0.8532920118076439,0.9784698031455155,0.9393618431817526,0.9253246753246755,0.9975839852098576,0.997088271205218,0.9632612893486825,0.8310602105669125,0.994086760546023,0.826621851461925,0.5055764669454443,0.8512900721023178,0.8662102272482619,0.9364159486136479,0.8668244564253154,0.910601968746465,0.9543141322095119,0.7886191024792866,0.9669121043971765,0.6608726450084353,0.7856556945152353,0.9253246753246755,0.8088615062113474,0.9401862574474984,0.938412400887346,0.9447481688519044,0.8986853937484474,0.7292153930318652,0.8583422593496206,0.9345002823263694,0.8035626422286672,0.910601968746465,0.7952640490644383,0.9668548619269122,0.7567523194950926,0.9517679141853161,0.7735657185963247,0.9775200810036837,0.8909733467865336,0.9868619655962763,0.930701575174463,0.8735551508879957,0.9224199973554131,0.9202142532643907,0.9955473863379039,0.9406099683929963,0.7703597672498939,0.7101715167391462,0.9866007010520571,0.8085789921651071,0.8317311854816998,0.9323069519744984,0.9517679141853161,0.9847742533056744,0.9975839852098578,0.8799089699616287,0.954723834804791,0.8701112326985441,0.9902428565647541,0.8243886953218448,0.8324310788092015,0.9543141322095121,0.7188776490860471,0.998394872319517,0.900131290598132,0.9919609062430835,0.99462317493945,0.6009373313953423,0.9487210184868771,0.9235944347702933,0.9331724120804428,0.9270843653068204,0.7406226036797139,0.9447481688519044,0.9543141322095121,0.938412400887346,0.502086555060473,0.8368251309284127,0.910340733421104,0.903057155962083,0.9384124008873459,0.9457653784365196,0.8361473306338307,0.9864561252797077,0.9446701888736626,0.8833742009912293,0.8688077246092829,0.9424896443973749,0.8788743338318781,0.9121566723282284,0.9131776986214087,0.9479270020870505,0.8675074564961303,0.9469990271543745,0.8820255041972331,0.7138046051626514,0.9425720985427188,0.8972500807670707,0.9543141322095117,0.9121566723282284,0.9344681175525125,0.9726326202607707,0.9288758056186719,0.9964991389010722,0.9384124008873462,0.8590817120997246,0.8890122180890283,0.8518092446394377,0.9384124008873465,0.6074251835121416,0.971776174690262,0.9282482779071723,0.9364159486136474,0.9940867605460231,0.9325645805415599,0.9364159486136474,0.9364159486136474,0.8375194253623388,0.938412400887346,0.4034202937612611,0.6401499290272312,0.938412400887346,0.9202142532643907,0.8675074564961303,0.9493347822888889,0.9425720985427191,0.7351871682821822,0.7739300446366844,0.9364159486136474,0.9915585362993655,0.959641911972015,0.9881818565067269,0.7640013874816272,0.938412400887346,0.8874576548572417,0.9425720985427188,0.9202142532643909,0.9878927564367226,0.888832377235105,0.9493347822888889,0.9404624926714931,0.5266176936855151,0.9693820495180774,0.9694100907323095,0.938412400887346,0.7781560598534005,0.9809768509989651,0.9090636753073353,0.9301302345765383,0.9270843653068206,0.9493347822888889,0.9153193686659862,0.9983948723195168,0.9211999702940652,0.938668083911154,0.938412400887346,0.9384124008873462,0.8571990620055041,0.35410945952510164,0.853369986041107,0.9325645805415599,0.9747821421515683,0.9586851380450419,0.934468117552512,0.9134614777455542,0.7616283513394646,0.938412400887346,0.938412400887346,0.854305718453686,0.9685827185265123,0.9473257685964234,0.8509735636641396,0.8055885792993742,0.8729713194006314,0.8058941123210293,0.7641790479526792,0.9185607716438655,0.8399675030910227,0.938412400887346,0.8955682817755496,0.9447481688519044,0.3882066400230294,0.7952640490644383,0.9493347822888889,0.9933425284496658,0.938412400887346,0.938412400887346,0.7275564768216017,0.9384124008873462,0.7650457953789198,0.9720496894409938,0.826621851461925,0.8780124908814333,0.7616033112975066,0.8780124908814333,0.827188159989343,0.8447164493374324,0.9384124008873459,0.8972500807670707,0.7595338383542088,0.9404624926714931,0.9493347822888889,0.8919047203852764,0.8954896078334165,0.7964047174429204,0.9001312905981322,0.9404624926714931,0.8556126329150244,0.938412400887346,0.9396840003828838,0.7681977112879721,0.8027948963261117,0.8734773996129876,0.8368251309284127,0.7786756435711464,0.9842629902449549,0.8227755500574692,0.925875451020248,0.8679422370740952,0.7931531228418742,0.8120449864979854,0.9517679141853161,0.9446701888736626,0.9169296077473634,0.9608501057310763,0.5047661957294434,0.9364159486136474,0.8495413835116425,0.9621156816794599,0.933316065142574,0.7901689019279807,0.9543141322095121,0.9693820495180774,0.8995793727310535,0.9543141322095119,0.9146756363968283,0.9407634795537994,0.936549554387319,0.9507968637523909,0.9517679141853161,0.9812252964426879,0.9345002823263695,0.7966052392676444,0.9307015751744634,0.9364159486136479,0.8379601434210563,0.9331001879958327,0.5454440744832254,0.9004625397473367,0.9369836237218983,0.981518444137782,0.9981913261515315,0.938412400887346,0.8688077246092829,0.8400061283921281,0.864204421266267,0.42352172215405903,0.9946231749394501,0.9202142532643913,0.8777072627925468,0.938412400887346,0.9728032557575015,0.8126462580697249,0.6823246438503592,0.7548649413023867,0.7429884745379051,0.7674379415069907,0.9447481688519044,0.9309831092120704,0.9397609250460663,0.9568091916123542,0.8081311165025296,0.921891580360551,0.8351684113839297,0.9543141322095121,0.966854861926912,0.9384124008873462,0.9400658022383344,0.915319368665986,0.9443166038861878,0.8241233060064098,0.7944825590748019,0.9384124008873462,0.9364159486136474,0.9133868084125139,0.8317311854817002,0.9052964331108346,0.7480074620231036,0.7750991061349128,0.938412400887346,0.7802394388705269,0.8342796354092272,0.906032704732697,0.938412400887346,0.8166144139907262,0.9805663112989254,0.9493347822888889,0.9218915803605507,0.9364159486136474,0.8647946830029141,0.9976781567382802,0.9068304302001386,0.9551139594816043,0.9228716770826351,0.9218915803605507,0.7732081684608059,0.938412400887346,0.9655033215314222,0.938412400887346,0.4540972984960917,0.9222105570349484,0.9475105553701295,0.3882066400230294,0.910601968746465,0.9039931548990017,0.9842629902449544,0.906032704732697,0.938412400887346,0.880915889902832,0.7290537012835301,0.870519087524837,0.9487210184868768,0.8972500807670707,0.9447481688519044,0.9090636753073356,0.7011039951310187,0.9555096729069269,0.9620424842526039,0.7989664340827627,0.9555096729069269,0.9446701888736626,0.9447481688519044,0.8610478913106774,0.9555096729069269,0.3882066400230294,0.9596257255045417,0.8310515371750488,0.8610478913106772,0.9364159486136479,0.7402395084267585,0.9202142532643909,0.929711852455464,0.8972500807670707,0.966854861926912,0.9315204524190162,0.6224284893742777,0.9559302354841395,0.6074251835121418,0.9649800758383507,0.906032704732697,0.8806825133605403,0.9286679818370662,0.9979911521799527,0.8888323772351052,0.9153193686659862,0.5454440744832254,0.9425720985427191,0.9454800327660546,0.9331001879958329,0.9937166764217946,0.9529366743750114,0.9115001904163034,0.9447481688519044,0.9469990271543745,0.6791722811468234,0.9106019687464648,0.9193759358744262,0.9738359568456645,0.9090636753073353,0.73737023744041,0.9235944347702931,0.9075408719115727,0.938412400887346,0.9269525760029371,0.8804711109122256,0.8944090873373047,0.8793449357816121,0.796399708659825,0.9469990271543745,0.9866007010520571,0.7286477577279437,0.9169296077473634,0.9325645805415599,0.910601968746465,0.9943104640015846,0.7410058208817898,0.8516706130772589,0.9270843653068206,0.9348442848491411,0.9364159486136476,0.7923789689903713,0.9798485441870537,0.9425720985427188,0.9404624926714931,0.84196648790211,0.9121566723282284,0.998394872319517,0.8766849093977229,0.8173594809395289,0.9905817887073164,0.9344681175525122,0.9344681175525122,0.831303755929059,0.9914610572055536,0.8820255041972334,0.9425720985427191,0.8007486278335101,0.9202142532643909,0.9469990271543745,0.9926862347706236,0.9619687983522076,0.9404624926714933,0.42352172215405903,0.9492700421601004,0.4540972984960917,0.9991914931495209,0.9469990271543745
p199_NLMVYKG,0.9608790622722907,0.9677148480463276,0.9450433420557232,0.994794736900322,0.9842968264073595,0.9501760208500687,0.8387339284963122,0.8481158680499015,0.9033840325613385,0.9473991727811975,0.9204798499326443,0.869320293965161,0.980662425002937,0.8153216029426753,0.9784004338929011,0.8757817245775485,0.9786393975617036,0.9490704397550971,0.5626162704182978,0.9473991727811977,0.8512715263045252,0.9185607716438655,0.9148167155454523,0.9350697345319547,0.91667381023818,0.9094052998937725,0.6939269382163584,0.9411735446033731,0.9473991727811975,0.8556079738184156,0.9008268910150359,0.996566586696046,0.9244246976009176,0.8926744609561268,0.9127774219260275,0.9936745866415235,0.9350697345319545,0.751301273401537,0.9501760208500687,0.7409931849660873,0.866963168156325,0.9111842105263159,0.914089517432835,0.9181714599031189,0.9311873210041465,0.9885059862978365,0.9373704232137268,0.8684163025748142,0.9076492093936457,0.9450433420557232,0.9397435965156078,0.9120348216915589,0.9094052998937725,0.9224335544163884,0.9707495588862809,0.9059145492620324,0.9059145492620324,0.9328339505740528,0.944162584777199,0.9741187306463792,0.9690134894816471,0.9607365585655719,0.9094052998937732,0.866963168156325,0.942198331919694,0.9499934238507659,0.8897874329430769,0.9797910163611729,0.9826558183040426,0.932094827181063,0.7495831348205505,0.9076492093936457,0.9842968264073595,0.9763993910467474,0.9328339505740528,0.8498654909309755,0.9619687983522078,0.9908966831572722,0.9254841154416613,0.8462222865742863,0.9204798499326441,0.9639306993826396,0.8733912853721099,0.909405299893773,0.9328339505740528,0.8007887412393744,0.8209910681060815,0.9200918748969287,0.888423181742269,0.980662425002937,0.9328339505740528,0.8601724846083405,0.924252829799068,0.9536242185949373,0.9772059176873138,0.922475722847576,0.7825732662420268,0.8512715263045252,0.9881707587411859,0.9185385633671475,0.9059145492620326,0.9922127245794845,0.6040001669261885,0.8939544673975597,0.9409069832673278,0.9447456538980155,0.8092665098204973,0.9794096703819021,0.9556365193397719,0.8654598851162807,0.7983445287258782,0.9111842105263157,0.8306437276591685,0.8802703877255018,0.9922127245794845,0.8888696253826939,0.9417225646937943,0.9447456538980155,0.9501760208500687,0.9591791255254205,0.9833367336529988,0.8237008396662091,0.6576939550216585,0.9008268910150359,0.9319341406609303,0.8759368663891567,0.9350697345319545,0.9648216134917829,0.9693318146530955,0.9549546039402188,0.9348812958904451,0.9373704232137268,0.8897874329430769,0.9819567482913831,0.926456449323181,0.802379374273176,0.9479749793545431,0.9466104231235154,0.9397435965156078,0.9285324039439791,0.9869964012269032,0.9473991727811975,0.9955289856262721,0.8872197069155324,0.7895934443399037,0.913990916942903,0.9139068488471919,0.9555812918987134,0.9076492093936459,0.9017899056410315,0.9236313915934425,0.9688256924482024,0.8985876457397045,0.8696234264003238,0.8897874329430772,0.9076492093936457,0.9765618597713992,0.7156716592388352,0.9329181680524057,0.8510206065531402,0.8529860657001471,0.8981026726889998,0.9229034192989756,0.938857504533648,0.8933070922890565,0.8057192368727057,0.9153776817116561,0.866963168156325,0.910741984607254,0.9373903551042684,0.9334160095166193,0.9306566646589698,0.9059145492620324,0.7860664458061035,0.8792566610567847,0.8976391604084474,0.9936745866415239,0.9823879636404584,0.9643354540158497,0.820485935259093,0.8833108489700483,0.9638206217090723,0.9787436574258667,0.9306566646589698,0.9898358295255769,0.8547865953907365,0.9591791255254207,0.9300726076798653,0.9224335544163885,0.9917619408419694,0.9772068366487998,0.9951045446708902,0.9918396019515223,0.9654359300315951,0.9690134894816471,0.9328339505740528,0.9881361984083077,0.6333977017126344,0.8684163025748142,0.8520893504671874,0.9700858004968942,0.9693318146530956,0.9328339505740528,0.8262054086487347,0.8990488478679086,0.9881161094061224,0.9328339505740528,0.9181762233864356,0.9214489273204716,0.9048069198992972,0.9085180731352038,0.9359334109845735,0.9306566646589698,0.9328339505740528,0.979791016361173,0.9328339505740529,0.9081595799348638,0.9331873658276161,0.9160999251229596,0.9328339505740528,0.8164898181514023,0.9328339505740528,0.8387339284963122,0.8772638514038553,0.7041285060747047,0.8359132192646184,0.9373704232137268,0.9844586477467467,0.9772068366488,0.7510124144758185,0.9185607716438655,0.9379330804465718,0.9911670260859593,0.9619234929707896,0.9965665866960458,0.9855764781637496,0.9960924775122679,0.734340244860632,0.9810107821540954,0.8879432507007241,0.9884602805599663,0.926456449323181,0.7690613058923466,0.9772068366488,0.9328339505740528,0.9623366128450224,0.9328339505740528,0.8266548342343831,0.7434943064820542,0.996566586696046,0.9042000439512239,0.9182244726931829,0.9350697345319547,0.980964628349323,0.9166738102381797,0.7430966608457164,0.9908966831572723,0.9648216134917829,0.9373704232137268,0.8358713203805136,0.8303641671418636,0.9828176535834503,0.9306566646589698,0.9987511985291292,0.8365853468216276,0.9501760208500687,0.9643546889603312,0.9412654561733835,0.9111842105263159,0.8289778574560311,0.7493518824652456,0.9397435965156078,0.9857386551844644,0.957209673301803,0.9493071771996889,0.9447456538980155,0.9571382752892321,0.9527121293730552,0.9950420205336963,0.8592358864608994,0.9447456538980155,0.97973812930738,0.9790759123617847,0.942198331919694,0.9243968498808315,0.9334160095166193,0.5690488644944536,0.9272989769634583,0.9235905538900671,0.9285324039439791,0.9373704232137268,0.7884180699574841,0.9109395941061968,0.9447456538980155,0.9113422786844656,0.9536242185949373,0.8484619576906176,0.7103954724314319,0.9447456538980155,0.9328339505740533,0.9857286773137051,0.9254442979415586,0.6624954722213241,0.9611217135538488,0.9243968498808313,0.9529449740547578,0.9076492093936459,0.9411735446033731,0.9515712896342317,0.8802703877255018,0.9829246556733111,0.8865312858464787,0.9423849201515987,0.9679947126721138,0.8330749008292149,0.9473991727811975,0.9339575365978556,0.9473991727811977,0.9619234929707896,0.9884602805599663,0.8325520639929123,0.9922127245794845,0.9328339505740528,0.9397435965156078,0.8556695017783704,0.9490704397550973,0.9447456538980155,0.9397007289779524,0.9193260543091281,0.9328339505740528,0.9130732958657555,0.9447456538980155,0.9140895174328345,0.9139909169429032,0.9027516197837718,0.9129874603663681,0.9397435965156078,0.9412654561733833,0.9800578728324698,0.8279468489177231,0.9707495588862811,0.9290656541238994,0.9922127245794845,0.9342029590072162,0.9978988538582882,0.9677148480463276,0.9784004338929011,0.9140895174328347,0.9993325503025987,0.9688274750145474,0.9844586477467469,0.9264564493231813,0.980662425002937,0.8559406827774342,0.9304212583514109,0.9235905538900671,0.9253404118859114,0.9863434305728662,0.9328339505740528,0.8789644811682344,0.9253216361240024,0.9643354540158497,0.9595578389535804,0.9473991727811975,0.913733057774945,0.9328339505740528,0.9328339505740528,0.9076492093936459,0.9645310406343728,0.8916069119479403,0.9328339505740529,0.9236313915934425,0.9328339505740533,0.9693106363081486,0.8640725290007103,0.9654359300315951,0.9842968264073595,0.7372608332532102,0.9078071215227655,0.9913667919720555,0.9924326933314227,0.9328339505740528,0.8696234264003238,0.957235724598626,0.9862605804044757,0.9731832267624045,0.9718807580739222,0.8413627763880543,0.9373704232137268,0.9078372985739693,0.9328339505740528,0.8684096849814067,0.93193414066093,0.862820794107968,0.7655413955061781,0.9881361984083079,0.993259196780284,0.9707495588862809,0.9328339505740528,0.8760552409148304,0.9460990724431222,0.9328339505740528,0.955404639757861,0.9165330677932775,0.9086081532995891,0.9808869836899143,0.938857504533648,0.9328339505740528,0.9290222718288518,0.8824939460418753,0.644448381222068,0.787431915708606,0.8615156540664264,0.9660013292083209,0.8787630926879586,0.7599173350204462,0.9373704232137268,0.9872808818034812,0.9872190633517799,0.9983594330401349,0.9981792104799578,0.9885003441128342,0.9409069832673277,0.9148167155454523,0.9397435965156078,0.7336084413543094,0.9328339505740528,0.7473555487996801,0.8592358864608993,0.9772683367758912,0.9204798499326443,0.9420850922811461,0.9285324039439793,0.9335570445856329,0.9881361984083079,0.9772068366488,0.9647915833876861,0.5525372910928821,0.9417225646937947,0.893068572950261,0.9033840325613385,0.9936745866415237,0.9628839102040201,0.9881161094061226,0.9417225646937949,0.918097849465183,0.8703498329937045,0.6039509345643693,0.9473991727811975,0.8686325153177199,0.957235724598626,0.7187210555293695,0.9515107212475633,0.9185607716438655,0.9016719843861534,0.9373704232137268,0.9619234929707896,0.9262698231600373,0.9160345925329105,0.717767018880655,0.9855764781637497,0.9465849497022307,0.9376689775178677,0.8142348490514517,0.9200312422571182,0.7558392494208602,0.9311873210041459,0.9341027110095166,0.8555066140949477,0.8512162297342047,0.9540147404500321,0.9598692082125242,0.9845205139317708,0.9647915833876859,0.9797381293073799,0.9129874603663681,0.9780340428202864,0.8962260618827895,0.9922127245794845,0.8733512662611458,0.7875553516455134,0.6980801327506412,0.9855764781637497,0.9447456538980155,0.9081595799348638,0.9700858004968942,0.585397911670892,0.9073099676707062,0.5990227851012426,0.9264564493231813,0.9397435965156078,0.9447456538980155,0.9745110640206993,0.9061655271815768,0.8848449272091166,0.9306566646589698,0.9306566646589698,0.8572866284679928,0.966001329208321,0.9264564493231813,0.8872197069155325,0.9328339505740528,0.9421983319196943,0.9328339505740528,0.9328339505740528,0.9185385633671475,0.9148167155454525,0.9965480089781211,0.9328339505740528,0.8823173669792532,0.9251031650463528,0.8775170129610441,0.8330700168025481,0.9231319767555537,0.9219085424782568,0.9951045446708899,0.9016719843861536,0.9519694666749001,0.9244246976009174,0.98721906335178,0.9421983319196943,0.9719697553872638,0.9713852355508772,0.9554667487813486,0.9376689775178677,0.9829255798283555,0.9741187306463792,0.798645625957001,0.9987511985291292,0.9050897173884263,0.9373704232137268,0.8684163025748144,0.9185607716438655,0.0,0.9148167155454523,0.7996929296363378,0.7736181343373187,0.9068526714114968,0.9180978494651831,0.9293058851115359,0.9373704232137268,0.9619687983522078,0.5873320905808674,0.9527121293730549,0.9329181680524057,0.858451192965441,0.9397435965156078,0.835317788383598,0.9264564493231813,0.8943339084369372,0.8820407195883926,0.9806624250029372,0.8371278512025715,0.9398552184521698,0.8462222865742862,0.9442300212690142,0.9422479374989197,0.9320042986155879,0.9406250895146373,0.9619687983522078,0.9713047430365496,0.994394497268808,0.9328339505740528,0.9397435965156078,0.9572357245986263,0.9328339505740533,0.8906557158215926,0.9946231749394501,0.9254442979415589,0.7986898869018214,0.9932591967802841,0.9180978494651831,0.9200918748969287,0.9473991727811977,0.8740653047751787,0.8136497493371049,0.8989412227451095,0.9285324039439793,0.9707495588862809,0.9010466018155183,0.8105056597215491,0.9540147404500321,0.9308132892851024,0.9479627516412066,0.9960731151073943,0.9188478398694271,0.6572068309485648,0.9147323139114281,0.8659337499315292,0.9376689775178677,0.9473991727811977,0.959237033712196,0.9881361984083077,0.9331873658276161,0.9623366128450224,0.8868145984844202,0.9306566646589698,0.9812323226186992,0.9759304614791675,0.9819567482913829,0.9214822380720105,0.9922127245794845,0.9937940417831581,0.97503712153604,0.9111842105263155,0.9300726076798653,0.9376689775178677,0.9981997428137878,0.894956093775602,0.9204798499326441,0.980662425002937,0.9965665866960463,0.981956748291383,0.9328339505740528,0.9965480089781211,0.8721967584517678,0.9906175680130029,0.7904575636539533,0.9328339505740529,0.9808097817179704,0.9589354525982218,0.9690134894816471,0.8975213827250901,0.8728105285248213,0.8318821987925464,0.9966051977116016,0.9515165521708543,0.9042000439512241,0.9999061014832777,0.9703079230133635,0.8352044863869478,0.9421983319196943,0.8556695017783703,0.9059145492620324,0.8432603713232417,0.9445283662005389,0.9819567482913832,0.9420850922811461,0.6333977017126342,0.9501760208500687,0.9224335544163884,0.7480600708016647,0.9842968264073597,0.9974455695021625,0.8742335215938108,0.808935308260141,0.9328339505740533,0.9619687983522078,0.9146007813740898,0.938857504533648,0.980662425002937,0.832964442762639,0.9739085258807387,0.980662425002937,0.980662425002937,0.9272989769634582,0.9328339505740528,0.926456449323181,0.9399577791589849,0.9328339505740528,0.7587942989643192,0.9117409594618757,0.932094827181063,0.9373704232137268,0.9421983319196943,0.9350697345319547,0.9306566646589698,0.9965816016198346,0.9102236564997475,0.9565880742927937,0.9537723274879304,0.9328339505740528,0.9086108152814201,0.9373704232137268,0.9129874603663681,0.9627083332056218,0.8366311178064687,0.9936745866415237,0.9587973377153393,0.8705100723917397,0.9780340428202864,0.7428204019696907,0.9127774219260272,0.9214489273204713,0.8559406827774338,0.9518047629736371,0.9268443942289721,0.7250262824270222,0.8705150677206018,0.9466889433536754,0.9373704232137268,0.7465725820653674,0.9790678611982755,0.9328339505740528,0.932833950574053,0.8980448416283211,0.9473991727811977,0.9352300610400853,0.9739085258807387,0.9647915833876859,0.9817032334859748,0.9285324039439793,0.9893653614455747,0.9975298037667137,0.9328339505740528,0.9328339505740528,0.985873750511866,0.8322443404907798,0.7950048733195012,0.9442300212690142,0.9373903551042684,0.9965991074181342,0.9311326911882758,0.9130932897858537,0.9918372319688109,0.910430461325899,0.9328339505740528,0.9281614381684171,0.9397435965156078,0.9501760208500687,0.983738680892644,0.9447456538980155,0.9377344362385001,0.9328339505740528,0.9328339505740528,0.9659861739710818,0.7069259185928016,0.998865584371639,0.99462317493945,0.9694814522787868,0.866963168156325,0.9799701406110684,0.8068502293232571,0.9430372811319558,0.9338083942297911,0.9328339505740529,0.8440113363412965,0.8942348771285302,0.9057308738389859,0.9936745866415236,0.9578395076798978,0.9700685995162522,0.9461956754179022,0.8007887412393744,0.9881361984083077,0.9898358295255769,0.9328339505740528,0.9535578660071959,0.9937940417831583,0.9559231506618935,0.9864465855082984,0.8519694522909039,0.9224335544163884,0.9667561449440303,0.8789644811682347,0.8806502594267758,0.8262054086487349,0.9588543531207029,0.926456449323181,0.9473991727811977,0.9230054833172634,0.9490704397550971,0.9098876156369653,0.9397435965156078,0.9306566646589698,0.8881621124088332,0.9828090781367664,0.7434943064820541,0.8559406827774342,0.9501760208500687,0.8105056597215491,0.8462222865742863,0.914089517432835,0.9320042986155879,0.894276316207222,0.9207034237699974,0.964240297759334,0.9881161094061225,0.9185607716438655,0.9078071215227655,0.9222315051031126,0.9244246976009178,0.980662425002937,0.9018491285511325,0.888423181742269,0.9350697345319545,0.9808518939487216,0.9253216361240024,0.8800191241258823,0.9370904321835704,0.9328339505740528,0.8035919129767521,0.9642402977593338,0.9433069026436995,0.9473991727811975,0.9275097465886941,0.9950420205336965,0.8742633781598801,0.9328339505740528,0.8754888573436121,0.9219085424782568,0.9639306993826398,0.8995196271956842,0.8850332908885412,0.8874273752573235,0.9397435965156078,0.9237448518495193,0.8496939689318225,0.8102337120326548,0.9720856593855487,0.7510124144758188,0.8778087306591925,0.9501760208500687,0.876326490717842,0.9842968264073595,0.9872808818034811,0.9361918547662358,0.9268443942289721,0.9623366128450224,0.9815165590399766,0.9842968264073595,0.980662425002937,0.9790678611982755,0.8906557158215926,0.8470207644412343,0.9695865274972861,0.9830520595117971,0.9328339505740528,0.9194053059592844,0.8441637851802157,0.6717430957765576,0.9328339505740528,0.9052103298201706,0.9707495588862809,0.9447456538980155,0.9148167155454525,0.9306566646589698,0.9628839102040203,0.9715992805222542,0.8435818381158273,0.9402963929884995,0.9420088236891968,0.9983594330401346,0.9328907017055411,0.9328339505740528,0.7927195694093991,0.9328339505740528,0.9447456538980155,0.8740206815310337,0.9014063051136858,0.9501760208500687,0.9398552184521698,0.9052930323249464,0.9359334109845736,0.994794736900322,0.9328339505740528,0.9222315051031125,0.8966721097355029,0.9577793149190025,0.9745110640206993,0.8879432507007243,0.832964442762639,0.9008268910150359,0.8991661559057054,0.957235724598626,0.9993119428479295,0.9947749432486963,0.957235724598626,0.9589001101087927,0.5488494918604476,0.8484619576906176,0.957235724598626,0.9501760208500687,0.9094052998937732,0.9587973377153391,0.9304212583514109,0.7193030129332592,0.9718807580739222,0.9540147404500321,0.9167530562399291,0.8879432507007241,0.9598692082125242,0.9195505082342443,0.9752315887262653,0.9693318146530956,0.9619687983522076,0.9978988538582882,0.8512162297342049,0.8698750345772266,0.802730059451696,0.9808464777349828,0.8787630926879588,0.7019534510060579,0.9350697345319545,0.9373704232137268,0.9902701807825041,0.9396671510274334,0.9420850922811461,0.9063747143991654,0.9879065737620196,0.9397435965156076,0.9421983319196943,0.9856058729031392,0.9025045192170256,0.8241927065362624,0.9595578389535804,0.9745110640206995,0.9777135362746857,0.7002571784956745,0.9355234569898137,0.932833950574053,0.9930524092524862,0.9503729159023055,0.885340857755158,0.9580340059652186,0.968439422889336,0.8806502594267758,0.9619234929707896,0.992659898697263,0.9490704397550969,0.926456449323181,0.9480926838423981,0.8365035568251133,0.9587351334794108,0.9478740784811293,0.7693380158820632,0.9935833561100021,0.6692972525892917,0.926750528514976,0.8719708978444716,0.9373704232137268,0.9881361984083077,0.9597483488676191,0.9042000439512237,0.8432603713232422,0.894956093775602,0.9686372096622347,0.8657932796987606,0.9285324039439793,0.9772068366488,0.9683216963490745,0.9639306993826398,0.946666444466674,0.9373704232137268,0.9364924822911953,0.9129874603663681,0.9421983319196943,0.9437513278182454,0.6048976608187138,0.9881361984083079,0.9473991727811975,0.8510206065531403,0.9447456538980155,0.9458517022214148,0.9987511985291291
p199_Q,0.9235344247666604,0.9256059689675478,0.6683614018378589,0.9388933740579655,0.9355809960386168,0.9774873843362968,0.9712165878026071,0.9711869952428019,0.8780124908814333,0.9495505106234361,0.9237321696604077,0.9334927596276981,0.9334927596276981,0.9388933740579655,0.9199796380611349,0.6925626451317203,0.9722312205307765,0.9131105611405983,0.9470055188469617,0.9495505106234363,0.7420276282649599,0.921891580360551,0.9518954248366013,0.9926931063209248,0.9200817943852442,0.9131105611405985,0.978616554847229,0.8940275945888625,0.9495505106234363,0.8750973385694876,0.9812071873217105,0.9422080421889416,0.9275156757582277,0.8970640020677765,0.9355809960386168,0.9470055188469617,0.9377253379624282,0.9755002984062808,0.9522137875062906,0.9923032503352311,0.6668591839624435,0.9565880742927937,0.9522137875062904,0.8895546908938252,0.9294643302252341,0.7993867692384725,0.9967391619170713,0.9356837142274772,0.9114262935403583,0.8627763408565621,0.9422080421889416,0.6460057633856325,0.9131105611405985,0.9256059689675475,0.9765150789456656,0.3733913542785712,0.9495873612601233,0.935580996038617,0.7838060288224178,0.9314553797224698,0.8808530918450068,0.8335041150813925,0.9541968529441154,0.6361434151300113,0.944562380594602,0.8480964700748992,0.9989330715481036,0.8928989244507177,0.811637574401982,0.9470055188469617,0.973595133194763,0.32024261690834854,0.9355809960386168,0.827518555311926,0.935580996038617,0.6033499550639576,0.7633654486749212,0.7549722614362545,0.7759124991561703,0.9522137875062904,0.9696315366465986,0.8709676073375177,0.9451809453601019,0.9952831447476325,0.935580996038617,0.9310028073541696,0.921891580360551,0.8319452892405702,0.9842194665695232,0.9334927596276978,0.935580996038617,0.8920802319381607,0.8329282538278908,0.8662087230280735,0.9451809453601021,0.8737979857661256,0.8890096331505415,0.5989497880432806,0.8419141739819647,0.8871867099705899,0.9495873612601233,0.9399319300513138,0.9888877218166614,0.8706984815891998,0.9154258444847002,0.9470055188469617,0.914753761965559,0.7889425681240738,0.9200817943852444,0.8305152326565899,0.9508660665197832,0.9148167155454525,0.8710014135282238,0.9182191089113063,0.939931930051314,0.79383538092612,0.9805867004734363,0.9470055188469617,0.9071885561788835,0.8960532224624076,0.8895546908938252,0.9112569593010917,0.964170004482718,0.9430450953185581,0.9636305634488505,0.9201502699865154,0.9523391253205784,0.9008184272841163,0.9334927596276981,0.9966447233584261,0.9187512106015407,0.6056102150226249,0.9400741852851483,0.9522137875062904,0.9294643302252341,0.9756431574521377,0.8740655253631298,0.9400741852851487,0.9989330715481035,0.9314553797224701,0.7395431143877942,0.9495505106234361,0.8952635136069895,0.7105987003471118,0.8573544191143381,0.9866968667809444,0.8936281262041486,0.8240441573299115,0.9923032503352311,0.7852545083467019,0.9495505106234361,0.8808530918450068,0.8425073736236923,0.651873056429946,0.9422080421889416,0.9114262935403588,0.8967512389337566,0.9597350242898657,0.8439253499767938,0.9112569593010917,0.8015729060125197,0.8328391424856558,0.916546213700882,0.8183613504774256,0.6458561172372939,0.929104460779949,0.9455352361997018,0.9338358212159397,0.6679297777570367,0.8038126664077956,0.9388933740579655,0.9334927596276978,0.8114639501064758,0.8240441573299114,0.9599747589515445,0.9089064260461458,0.9470055188469617,0.9948791429016279,0.9348849767198615,0.9129158007108344,0.7751492867683757,0.99739148678944,0.9707630758620763,0.9111150293377238,0.999385206430063,0.9148044963694493,0.8199889998427838,0.9687286209814427,0.9256059689675474,0.9409501284699298,0.9314553797224698,0.9730192332773053,0.6612497217083743,0.7563078409777637,0.9130470727423967,0.935580996038617,0.9377253379624282,0.9818737559710531,0.9356837142274772,0.7523393528349518,0.8627763408565621,0.9111150293377238,0.935580996038617,0.6412271276709832,0.8250734885790938,0.9495505106234361,0.935580996038617,0.8364863478408802,0.8925262950745887,0.8560058896255163,0.8186510304280258,0.48202904684658643,0.9334927596276981,0.935580996038617,0.8677031490372049,0.935580996038617,0.7845336717228413,0.7211301413300404,0.6803044897315855,0.935580996038617,0.9520338727895101,0.935580996038617,0.9339843133184172,0.8904257216519325,0.929104460779949,0.5891062401471376,0.9399319300513138,0.7784254891184006,0.9314553797224701,0.9183006535947711,0.9218915803605507,0.9452410536397868,0.8283785316724068,0.5649599666338143,0.9989330715481036,0.8724042835510755,0.9929608276679062,0.9394399552106525,0.6458561172372934,0.8925262950745885,0.8925262950745885,0.9294643302252341,0.8829583596177213,0.9172894915317802,0.935580996038617,0.9080208724124175,0.935580996038617,0.8278701298240865,0.8925262950745885,0.9422080421889416,0.9741545378835919,0.7784254891184005,0.9377253379624282,0.8910355038772135,0.9917417854198085,0.8936281262041486,0.892670362394828,0.9008184272841162,0.939931930051314,0.9170843583448693,0.6574105658745377,0.8757834749046431,0.9334927596276978,0.944562380594602,0.9795585447766094,0.9522137875062906,0.8765157615819996,0.9721817251077062,0.9565880742927939,0.9786364242927295,0.895171931573169,0.9422080421889416,0.8325804774157839,0.765947173143517,0.7641927640664479,0.9470055188469617,0.8305152326565899,0.9253852640835392,0.9590434494932021,0.8751970566277454,0.9470055188469617,0.7398712934924392,0.8108470867287223,0.944562380594602,0.5800638687856261,0.9017126880527935,0.9967391619170713,0.5649599666338145,0.8710014135282238,0.9677078677803634,0.3215740556938411,0.8896463743514134,0.7492460136853647,0.9470055188469617,0.9103208643343834,0.8913277886422015,0.5510696467148676,0.8024499377942451,0.9470055188469617,0.9888877218166614,0.9518647719377948,0.9818737559710531,0.9422080421889416,0.8183613504774256,0.9015112496120745,0.9967391619170713,0.9114262935403585,0.999258193162122,0.7445307302578104,0.8851672469450578,0.9377548995041072,0.8197566279957778,0.8963062533852663,0.7914398475103941,0.8920448061418683,0.9495505106234361,0.9096814050133908,0.9836543654419934,0.9329290708210041,0.8925262950745885,0.5860029615949642,0.9399319300513138,0.935580996038617,0.9422080421889414,0.8766017896141822,0.9541968529441154,0.9470055188469617,0.9445623805946022,0.9334927596276981,0.935580996038617,0.9200817943852442,0.8616362273895214,0.9522137875062904,0.979944518859151,0.987835249954192,0.916546213700882,0.881215299022194,0.7886533660780268,0.7184099887472579,0.9200817943852442,0.9275156757582279,0.691944132939174,0.9399319300513138,0.8970640020677765,0.7274551038214632,0.9256059689675475,0.9866968667809444,0.9774873843362968,0.7942501990731499,0.9329290708210038,0.7870618514072054,0.9786165548472288,0.9334927596276978,0.989682131878626,0.8623542432319444,0.7552872343353836,0.8262947097973372,0.7148193194993218,0.935580996038617,0.8146279006262436,0.9980715070378495,0.8986003425351379,0.8955399645501794,0.9495505106234361,0.8773273917878179,0.935580996038617,0.935580996038617,0.9672582712673323,0.9730192332773053,0.9485110385177797,0.935580996038617,0.9495505106234361,0.9355809960386168,0.9017126880527936,0.5852921155868387,0.8021516060453171,0.9044988266272492,0.94095012846993,0.921891580360551,0.6875885626268097,0.733563239403088,0.935580996038617,0.5964473621915196,0.8940275945888625,0.7853502553960312,0.8116375744019819,0.9409501284699298,0.8610204579141909,0.3783812875595972,0.8103201710923735,0.935580996038617,0.7511495322647903,0.9131105611405985,0.9230739545616382,0.7874624835644894,0.992693106320925,0.6899706976461553,0.9275156757582277,0.935580996038617,0.8983273721288971,0.7753454676351301,0.935580996038617,0.9032901911357234,0.8086972859180426,0.6893945734654168,0.7212101764010358,0.8183613504774259,0.935580996038617,0.9488671331832235,0.8425073736236923,0.944562380594602,0.8866356388933212,0.7445307302578106,0.8822836759018073,0.8837215992432155,0.800925176348895,0.9967391619170716,0.9929979934242446,0.856005889625516,0.9183006535947711,0.8881963720527783,0.8399622023066797,0.5813699322080906,0.9183006535947709,0.9422080421889416,0.9541968529441154,0.935580996038617,0.9254223119773605,0.8751970566277454,0.8558415769648628,0.9844690963672101,0.9081181966045124,0.9314553797224701,0.8825828991168784,0.992693106320925,0.9314553797224701,0.9237321696604077,0.9355809960386168,0.9725096342470558,0.6045375615418893,0.9096814050133906,0.9470055188469617,0.878873109687901,0.9495505106234361,0.9725096342470558,0.9183006535947711,0.8628502452440896,0.966854861926912,0.9495505106234361,0.7703573686016446,0.8940275945888625,0.9213841230197592,0.9148167155454527,0.8982552933740051,0.5264356372193488,0.939931930051314,0.6008250353870417,0.8724042835510755,0.9255097068979283,0.9590434494932021,0.9645515900483714,0.9237321696604077,0.9430450953185583,0.8454048198578001,0.871638485524888,0.9752107011246878,0.978616554847229,0.8630611721629813,0.8905408702359403,0.9017126880527935,0.916546213700882,0.9183006535947711,0.7169664105224633,0.9696315366465986,0.6651726799695905,0.9559620789221578,0.9272324378358678,0.8529786463160284,0.9399319300513138,0.8773273917878177,0.7082727211273414,0.9980715070378495,0.9031200523835075,0.9470055188469617,0.9472040798747399,0.8920802319381609,0.944562380594602,0.9641813269710355,0.978616554847229,0.9230789959087818,0.9422080421889416,0.9470055188469617,0.9430450953185581,0.7015598183926666,0.7363696156591222,0.9629124330159166,0.7039254146249523,0.8465534160888444,0.8822836759018076,0.9294643302252337,0.8701631037648339,0.935580996038617,0.944562380594602,0.935580996038617,0.935580996038617,0.8403638899082264,0.9183006535947711,0.9687941395742312,0.935580996038617,0.8278701298240866,0.8665473250740781,0.8925262950745886,0.8382544005945729,0.5687345150723067,0.7375635703669866,0.8780124908814333,0.8766017896141824,0.869622048739517,0.9275156757582277,0.7456247327772538,0.9445623805946022,0.89553996455018,0.7641927640664479,0.8173115982101793,0.9048830033154056,0.975500298406281,0.9314553797224698,0.7497314539915466,0.944562380594602,0.8682526269766764,0.939931930051314,0.8737979857661251,0.9218915803605507,0.9148167155454523,0.0,0.807885351758308,0.9409501284699298,0.9452410536397866,0.9183006535947711,0.9348849767198615,0.9399319300513138,0.9218915803605507,0.992693106320925,0.8910355038772133,0.8944739890743294,0.6944678313895762,0.9422080421889416,0.7264112176941552,0.9294643302252341,0.8573807606623958,0.8890096331505415,0.9629124330159164,0.7853502553960312,0.4357962116273191,0.9774873843362967,0.7375635703669867,0.8051727407663847,0.9708590380088877,0.7415092985355165,0.9881818565067269,0.8822836759018073,0.8784875920032749,0.935580996038617,0.9422080421889416,0.8940275945888625,0.9044988266272491,0.6894580086727322,0.966854861926912,0.9314553797224701,0.9451809453601019,0.6899706976461553,0.9183006535947711,0.8215465550615186,0.9495505106234363,0.7567906191652408,0.9237321696604077,0.9088681107772942,0.9314553797224701,0.9275156757582275,0.8214972846829829,0.9339429911190155,0.916546213700882,0.7291635284435198,0.8479589472056543,0.7527191745136711,0.9040207606105752,0.8877455854128595,0.80967785571777,0.8431043451889133,0.9048830033154056,0.9495505106234361,0.9200817943852442,0.8973713569620819,0.8419494125600889,0.8766017896141822,0.8641397759307592,0.9334927596276978,0.7300603313349736,0.691944132939174,0.9522137875062904,0.9289494109520751,0.9399319300513138,0.9310028073541698,0.895511208264618,0.9148167155454525,0.8751970566277452,0.9048830033154056,0.9200817943852442,0.9320068308827978,0.98446909636721,0.9334927596276981,0.9422080421889416,0.9522137875062904,0.935580996038617,0.9329290708210041,0.6252177095164593,0.8015729060125198,0.9348849767198615,0.935580996038617,0.9079701097502244,0.7274001381362882,0.8808530918450068,0.9017126880527935,0.7102916254031211,0.9027925304906484,0.877008542543432,0.8200776212461187,0.4247606321614139,0.9452410536397868,0.8602481607023704,0.9196654457599787,0.9445623805946022,0.9708590380088877,0.909762579821223,0.9399319300513138,0.8925262950745885,0.9774873843362966,0.9081181966045127,0.9818737559710531,0.9522137875062904,0.370839051839835,0.9495873612601233,0.9888877218166614,0.7137226369256506,0.5556107989186668,0.9470055188469617,0.9044988266272495,0.921891580360551,0.7749133993724278,0.8183613504774256,0.9334927596276978,0.7046386402333293,0.9294643302252337,0.9334927596276978,0.9334927596276978,0.9953407916725414,0.935580996038617,0.9722312205307763,0.9472238480293105,0.935580996038617,0.916546213700882,0.9196654457599787,0.9470055188469617,0.9967391619170716,0.9942714459947757,0.9523391253205784,0.9852901633058906,0.9139081303640348,0.8199889998427838,0.9183006535947713,0.8711606383180506,0.935580996038617,0.9472238480293105,0.9967391619170713,0.4034980136219982,0.8300238972266913,0.9492333450312933,0.9470055188469617,0.9377253379624282,0.9200817943852444,0.8925262950745885,0.964170004482718,0.9355809960386168,0.9686491338802947,0.989682131878626,0.9430450953185581,0.7955927737497686,0.8008716284224459,0.9470055188469617,0.9114262935403583,0.939931930051314,0.9472238480293105,0.8970283477106125,0.935580996038617,0.9888877218166614,0.6201475002096837,0.9495505106234361,0.699440100030374,0.978616554847229,0.9237321696604077,0.7773459047767637,0.9314553797224701,0.7350005299984096,0.7955114422362537,0.935580996038617,0.935580996038617,0.9253852640835394,0.8573303744450151,0.9080208724124175,0.7606847995947021,0.8283175748678029,0.6745690686874866,0.6702506025078592,0.7921320258654094,0.9148167155454523,0.7627817270874746,0.935580996038617,0.9666265784581529,0.9422080421889416,0.9522137875062906,0.6899706976461554,0.9470055188469617,0.8573303744450151,0.935580996038617,0.935580996038617,0.7819039258096627,0.9355809960386168,0.7921525675565455,0.8982552933740051,0.7769598567916904,0.543996108632715,0.9081181966045127,0.9338358212159394,0.8859021998833148,0.8417946167049379,0.935580996038617,0.9966447233584261,0.8388114172229248,0.9377253379624282,0.9470055188469617,0.9413707562534936,0.7567286104978024,0.9199796380611349,0.8955399645501794,0.9377253379624282,0.6444956181839548,0.935580996038617,0.8511784633897346,0.8955399645501794,0.8724042835510755,0.8653384016821959,0.6252177095164598,0.9336830351939285,0.8794294801784419,0.9648927942410519,0.944562380594602,0.7988649428137772,0.825328510159933,0.9230789959087817,0.9836543654419933,0.9017126880527937,0.9131105611405985,0.9721663893115968,0.9422080421889416,0.9334927596276978,0.8426242563237647,0.909762579821223,0.961938580597147,0.989682131878626,0.9522137875062904,0.8925262950745885,0.9522137875062904,0.8368897280214707,0.8766017896141822,0.8986003425351379,0.8682526269766766,0.9888877218166614,0.9836543654419934,0.9218915803605507,0.9668548619269122,0.9262962860121419,0.975500298406281,0.9334927596276981,0.909762579821223,0.924863141961707,0.9377253379624282,0.7904628268029478,0.9980715070378495,0.7759124991561703,0.7476305274161553,0.935580996038617,0.8920802319381607,0.8511921008492046,0.962604783781754,0.9495505106234361,0.9598692082125242,0.916546213700882,0.9180946998642305,0.935580996038617,0.8215465550615186,0.7375635703669866,0.916546213700882,0.8231330743064176,0.8511784633897346,0.8325766144955155,0.9422080421889416,0.8450087843924665,0.8773273917878177,0.7606847995947021,0.8357100362200887,0.9183006535947711,0.979445393054066,0.9774873843362968,0.9086274509803921,0.9355809960386168,0.9015112496120745,0.9518647719377948,0.8680843364877968,0.8766017896141822,0.7295059149458962,0.935580996038617,0.9334927596276978,0.8727002842503788,0.6638502859200353,0.9284021172811181,0.785350255396031,0.7549215864572096,0.935580996038617,0.7775881999586036,0.6318198982512804,0.9388933740579655,0.935580996038617,0.7969703620943658,0.975500298406281,0.9470055188469617,0.9183006535947709,0.9334927596276978,0.6543578871424953,0.9131105611405985,0.8999138703842933,0.9495873612601233,0.9492333450312931,0.7788235294117642,0.7486540610562391,0.935580996038617,0.9866030402791095,0.935580996038617,0.9470055188469617,0.8047662889377196,0.8814621993288598,0.9522137875062906,0.9064920176718159,0.7665243135595916,0.8794294801784415,0.9867452539316912,0.935580996038617,0.8827375352795921,0.8199853309367582,0.7424755425073736,0.9048830033154056,0.9686491338802948,0.9989330715481035,0.9430450953185581,0.9786100658041363,0.8940275945888625,0.864139775930759,0.7549215864572096,0.8940275945888625,0.4662156498592851,0.9989330715481035,0.5510696467148677,0.8940275945888625,0.9522137875062906,0.9131105611405985,0.9377253379624282,0.8829583596177213,0.9852901633058908,0.9032901911357232,0.9590434494932021,0.9213841230197595,0.6562938490287802,0.9951633986928106,0.8910355038772133,0.9114262935403583,0.9629124330159164,0.988181856506727,0.9007268204027683,0.9388933740579655,0.9999058090993416,0.8125698569594535,0.9554368269703841,0.6576961802402408,0.9114262935403583,0.9377253379624282,0.9399319300513138,0.9687286209814427,0.9545413042656152,0.9081181966045124,0.9866030402791095,0.9975694426888291,0.9422080421889416,0.944562380594602,0.9740698251838671,0.9064920176718161,0.8304174956815163,0.8955399645501794,0.9048830033154056,0.938138343510984,0.9035653652248615,0.903290191135723,0.9355809960386168,0.990622723969609,0.8999125858641075,0.9235615721162846,0.8737979857661256,0.8440989034014488,0.944562380594602,0.9953407916725413,0.9950130283822074,0.9131105611405985,0.9294643302252339,0.9838698730483881,0.8724042835510755,0.9968665600537308,0.915064027808654,0.9696315366465988,0.9491170120150412,0.9334927596276981,0.963966237824996,0.9390547832304015,0.9399319300513138,0.9926931063209248,0.8844608451681752,0.908118196604512,0.9399319300513138,0.9929979934242448,0.8266608704208851,0.9613926020445798,0.9818737559710531,0.9314553797224698,0.8111252182639921,0.9590434494932021,0.9663027963946421,0.9399319300513138,0.8467627026932134,0.916546213700882,0.9445623805946022,0.864139775930759,0.9983594330401346,0.9377253379624282,0.9495505106234361,0.8546597599343506,0.9470055188469617,0.9574209400641349,0.9445623805946022
p199_W,0.9433279815439053,0.8250636788182881,0.6940460060581839,0.9386455560880436,0.7559587609448177,0.8876315196146514,0.9058041356764222,0.9165070758386776,0.49155241711740616,0.8813688685160488,0.8730514490577008,0.8607578262346526,0.6833781231570515,0.768879027896967,0.9999424792300513,0.7874458911644804,0.9463507596802521,0.7956809360555224,0.9481959707955332,0.9194920767890469,0.8442264772834189,0.8163293560597351,0.9560561057031627,0.8849349368769786,0.8875634970438158,0.5477209069966885,0.8341365508598,0.7286706694840114,0.9194920767890469,0.6692284545367331,0.5920184236264838,0.7999606879621294,0.8843286129915646,0.668894250217969,0.8168082149013266,0.911790166832309,0.8849349368769783,0.829554322433923,0.8876315196146518,0.7917204089301277,0.7350227544624499,0.8426930450649992,0.8315078880953244,0.7744759965744228,0.9975421359095219,0.7137508126292142,0.85875093698411,0.5550171734642358,0.791720408930128,0.5365971794483233,0.9648840172678319,0.6079572512493296,0.5711708411733951,0.9053742506784082,0.9787356606143293,0.8332680722913413,0.810538143102064,0.848519788337875,0.5925460774142361,0.8388184704910293,0.563560138324998,0.6604408710097764,0.8056701829404649,0.7876156796710823,0.8696393640825606,0.4736673655320952,0.9312904037292549,0.8543708125124178,0.9685286048509213,0.911790166832309,0.7652036013995995,0.8148006046596652,0.9689318497925984,0.3825352546577997,0.848519788337875,0.6776408745151361,0.893317515381256,0.8206574710503429,0.5055439094274271,0.8876315196146514,0.9959636059239043,0.8522702719805189,0.780117541654902,0.9698197221774107,0.848519788337875,0.7543639716991355,0.9189802351550962,0.5673778975463427,0.954761733100846,0.8436093353026795,0.848519788337875,0.6773208579170216,0.6324215938202666,0.4435121377278082,0.8463624691842351,0.7846048356444992,0.7205019295875852,0.6809035884041394,0.49344202827165207,0.4314882585685299,0.8332680722913417,0.85875093698411,0.8485197883378757,0.7793036195284713,0.7049878637564437,0.8753843628690847,0.7231920303957069,0.4494811847410659,0.8608037613841967,0.45329188041904034,0.6453782770392347,0.8712157346960703,0.5451565810910681,0.7488369959559045,0.85875093698411,0.3793026357932474,0.9053742506784084,0.911790166832309,0.8876315196146516,0.46819517193825755,0.8715228571228707,0.6743862331819503,0.8372369487294185,0.8634577788749922,0.8660307385856432,0.5115817004013032,0.8535621725493672,0.9807480760959044,0.9914257545340133,0.9057451742312861,0.57159440819444,0.8587509369841102,0.8641031766521012,0.8315078880953243,0.8341365508598,0.6925162652951027,0.7968140926352909,0.8641031766521015,0.8976967901906778,0.8388184704910295,0.65473083656493,0.8813688685160486,0.6217301888418101,0.7236683834247728,0.6972358772920679,0.5431125242985313,0.8482210653924152,0.5406556835636838,0.7697558722086643,0.46463992525458075,0.8813688685160492,0.7840560847219824,0.92992247034085,0.958952094887396,0.8976967901906785,0.6081945021019053,0.7381159502496382,0.7829819471393762,0.9071291095221627,0.6743862331819506,0.6887367373671124,0.8911735721146647,0.8280150438185903,0.6947561793233437,0.7452917271920134,0.7708277232891028,0.7561717344073047,0.7350227544624501,0.8684441116940129,0.6641214501622599,0.8749831080163901,0.8731726191489464,0.6894034147338308,0.7234285773274305,0.7354979399637389,0.7920810574603443,0.911790166832309,0.8259154391082904,0.8029791912170272,0.7426033527711424,0.9674811855079748,0.7244718825105371,0.8787279306698967,0.9322991868414798,0.9555682461231854,0.6498640485266933,0.3958392865023661,0.9019967901753074,0.825063678818288,0.8370715438632359,0.9826995014173219,0.889202003472368,0.4830991995160092,0.3055931226871733,0.9035746578822836,0.848519788337875,0.9790532298598122,0.9539232952320633,0.9151651445813109,0.8110753452814687,0.653673216436462,0.8436093353026795,0.848519788337875,0.6830157248631545,0.4625846484818431,0.881368868516049,0.848519788337875,0.9646164474490018,0.6386599123863526,0.5103281472847924,0.6907499583150014,0.7164804368330409,0.8436093353026795,0.848519788337875,0.9874442615799786,0.8485197883378752,0.4073940424037302,0.7124205489630506,0.6329156281537371,0.848519788337875,0.6445900561833366,0.848519788337875,0.6623251944009885,0.7579050039302244,0.7508076590000274,0.6608229862892356,0.85875093698411,0.4162656365760392,0.8675946766762876,0.8325804774157837,0.8757180066541809,0.7933266846837896,0.781307600827669,0.9626470166476755,0.8641031766521012,0.9804564054360673,0.8403507729134434,0.9250198541593679,0.8317087406190777,0.7773192338505488,0.6386599123863519,0.9414350314992956,0.6743862331819506,0.9539232952320631,0.848519788337875,0.7163323384237368,0.848519788337875,0.7889998030760016,0.7670858527670898,0.9679287556550145,0.992083041806179,0.36405565905977055,0.9790532298598125,0.6092608911786213,0.8372369487294187,0.6805269527171021,0.846854460054022,0.5807849414094441,0.9884414775063282,0.6781328216492666,0.9272256429630127,0.6692907290218254,0.8436093353026795,0.8859871784573201,0.7608075220732644,0.8876315196146518,0.6643098860546381,0.9646164474490024,0.8950566697159812,0.6601423656463544,0.6883056554727742,0.9984776308064087,0.8033980582524269,0.7119728699192671,0.5917447906148556,0.8753843628690847,0.3990918392116122,0.7268913095686851,0.8280150438185905,0.9556485748187757,0.8753843628690847,0.9306175980453995,0.37116456911354956,0.8696393640825606,0.7141008022323043,0.7900998439208513,0.8587509369841102,0.7988875796990742,0.41306922220454834,0.8388184704910293,0.8587509369841102,0.8911735721146645,0.4255067194914578,0.8753843628690849,0.5632279831591938,0.7445821198770914,0.6743862331819508,0.878565713779235,0.9789924212780187,0.8485197883378757,0.8378808003892022,0.8388184704910291,0.8641031766521015,0.4183427090883983,0.7289294897015867,0.8587509369841102,0.7917204089301286,0.9309882376017067,0.5289969799451901,0.6852341113375218,0.7987328909783659,0.7262120294459873,0.9960834754851555,0.8326052204630672,0.7729722059979125,0.9194920767890471,0.6361522667010285,0.9957384933350424,0.8602973685547997,0.836744657335206,0.7488369959559045,0.7846000765797909,0.848519788337875,0.699179847346399,0.7456959504509193,0.7956809360555233,0.8753843628690847,0.8510766845344462,0.9027359029952129,0.848519788337875,0.8120736745722201,0.8753843628690849,0.8876315196146511,0.8285881055532704,0.7687286999588295,0.8280150438185903,0.9679287556550142,0.4322548158862649,0.5033573263379856,0.9378900453582133,0.8144127889414043,0.581223808192538,0.9560188423757736,0.6484243205993937,0.5182697395211076,0.6930728900209882,0.7144668979753143,0.8876315196146514,0.4060166927270009,0.7579477204619236,0.44816735244511785,0.8341365508598002,0.8436093353026795,0.9328791309286881,0.6905376128937406,0.34702554276128883,0.3554970353462348,0.48618778350211356,0.848519788337875,0.4496197950755684,0.9770079296387542,0.7615603994055544,0.8353254109499058,0.9957384933350426,0.5522323571983226,0.848519788337875,0.848519788337875,0.8609609961187397,0.7988270974826038,0.7540682685219164,0.8485197883378752,0.8813688685160492,0.8485197883378757,0.7688790278969669,0.710724921821188,0.580328292827845,0.8789445153161299,0.7940828479833879,0.8163293560597349,0.5269807925416887,0.4545591582059403,0.848519788337875,0.6614384077732218,0.7708277232891028,0.36090821870806167,0.41793694109617785,0.815577195923312,0.68644021599084,0.8911735721146647,0.3752098076641802,0.848519788337875,0.4218045689926688,0.9832804094691758,0.6506865865005447,0.7238845374506719,0.9476804655322011,0.6188227950669982,0.829554322433923,0.848519788337875,0.9150041742663763,0.6464854839079077,0.848519788337875,0.9479849767375255,0.7335900292423816,0.7511989825768226,0.4890664754702958,0.3788550704834057,0.848519788337875,0.7312311303997867,0.4660987216482978,0.8696393640825604,0.6004071689409232,0.5023766436285938,0.7023082576080031,0.5069169100528272,0.7073633650916173,0.85875093698411,0.833361309963982,0.5428093864127952,0.8819707287307352,0.598184112413397,0.8226822317124924,0.6445240760805195,0.9807512313606377,0.8641031766521012,0.8425808044089365,0.848519788337875,0.911790166832309,0.81329393981286,0.6814378012483012,0.8387816719018307,0.851134119432426,0.8388184704910295,0.8195061859912042,0.9163077012045902,0.8388184704910295,0.9254454270650587,0.8485197883378757,0.9856848225385286,0.7333125817635058,0.7492983725685767,0.9425866173147945,0.5327170019627784,0.957615285062045,0.9875449868414315,0.8819707287307355,0.6333251890267676,0.893317515381256,0.8813688685160492,0.6263306767588446,0.7887308623512373,0.928198080034464,0.9665794747757139,0.8163293560597356,0.7277635600800747,0.8818679819714543,0.9626470166476755,0.7876156796710829,0.8859542286993404,0.9735464127901625,0.8267028687989497,0.9778394050724166,0.5920184236264838,0.6607986378748922,0.6210715684713988,0.7347027621550337,0.9694885837044088,0.796573324555158,0.7738595565993194,0.9340295477686488,0.7839013055905513,0.8819707287307348,0.49606638213779775,0.9959636059239043,0.6856753931252277,0.9294326745621236,0.80670280175686,0.6726236828362643,0.8911735721146645,0.9997887290540712,0.630709851638535,0.9162868502006762,0.8091718937294047,0.9425866173147945,0.7437477112158946,0.737298957142278,0.9394603519283087,0.8509079804454049,0.8902436552700259,0.8621901030649133,0.9343351421164372,0.8753843628690847,0.7981149231751687,0.5067556809251764,0.7596990727930286,0.8436093353026795,0.8436093353026795,0.5593014939173343,0.8876307453487428,0.8902436552700266,0.6781328216492666,0.848519788337875,0.8696393640825613,0.848519788337875,0.848519788337875,0.31123004102082397,0.807885351758308,0.7579477204619236,0.848519788337875,0.6286604455499019,0.5068211821162686,0.8661282252415161,0.988503553151991,0.6614384077732223,0.6057424813649095,0.8215982973603877,0.9853181939864083,0.4822408360225031,0.9664900488280286,0.9212501679751595,0.974370845851183,0.5777041544820125,0.6831122512683265,0.4517182738385159,0.7763339712752277,0.9513485153355081,0.9251470890468048,0.6581540746229586,0.8696393640825608,0.7073633650916173,0.85875093698411,0.7032380717995299,0.8163293560597349,0.7996929296363378,0.807885351758308,0.0,0.7940828479833881,0.5268108139254997,0.8957731403519837,0.8651073789342363,0.7846000765797914,0.944642954928937,0.884934936876979,0.8614022260660863,0.47437080710784085,0.6331547499360983,0.897696790190678,0.7899400787878119,0.8341365508598009,0.6006918848566161,0.6709320807003682,0.8731726191489462,0.36090821870806145,0.780117541654902,0.8876315196146514,0.5133676537101927,0.46260972594504657,0.996749415642747,0.5060206575486648,0.8163293560597351,0.6837760088339294,0.7630278761216098,0.848519788337875,0.8641031766521012,0.6886305409058613,0.8485197883378754,0.673821188349647,0.8243925671064999,0.9826995014173219,0.8684441116940129,0.5236312037941193,0.994553642981886,0.3696089316424295,0.8813688685160488,0.5023056689618164,0.9778394050724166,0.5351613458498933,0.8388184704910295,0.9787356606143293,0.8459432908361438,0.7472773782722046,0.8765255001424477,0.6723025564878442,0.5863224680448305,0.4484282265291397,0.6422848562327469,0.9217071574105251,0.63324327350324,0.6007433579338712,0.700923183126188,0.8813688685160492,0.8372369487294185,0.9582012414849652,0.753794990411861,0.7163323384237361,0.6462559302964941,0.8436093353026795,0.45743468551645494,0.5535174481109324,0.927754461370369,0.843801425195411,0.8494453468409002,0.8758061305752911,0.8709280447344805,0.799692929636338,0.8488825985643385,0.7763339712752277,0.709824116441004,0.783722015740568,0.8468544600540215,0.9618624706877466,0.8641031766521012,0.9919996551181952,0.848519788337875,0.8398274389362246,0.6727805634015094,0.42627795809320057,0.7615603994055544,0.8485197883378752,0.6609471815560788,0.5975749246160558,0.5268108139254979,0.7688790278969668,0.7312233913706239,0.7776717467639982,0.5635255351588708,0.9888268417647672,0.8511341194324265,0.8300760090832877,0.5525900381501337,0.7738595565993198,0.8696393640825613,0.7277635600800749,0.7878082139127862,0.9235962072452191,0.7670858527670903,0.8876315196146516,0.7457100094668436,0.8388184704910293,0.8876315196146514,0.8250636788182879,0.8105381431020642,0.8485197883378754,0.6678877668286485,0.671139153428842,0.8753843628690849,0.9385071228143442,0.952706165975702,0.5156325702540598,0.4051801628867342,0.8436093353026795,0.8641031766521015,0.8341365508598007,0.8436093353026795,0.8436093353026795,0.778417650080499,0.848519788337875,0.8341365508598002,0.7231920303957073,0.848519788337875,0.8037598156566617,0.8071051647563816,0.9061808133515704,0.85875093698411,0.9394603519283089,0.8535621725493676,0.8436093353026795,0.5754818715993126,0.3379545781536528,0.7722975120646056,0.4906131290736956,0.848519788337875,0.7231920303957067,0.9791358873631175,0.8765255001424475,0.5281917905220979,0.7639640053964212,0.8753843628690847,0.8849349368769786,0.887563497043816,0.9651705977159422,0.8372369487294187,0.8485197883378752,0.7868943272619755,0.9119196897375521,0.8852387307749332,0.6945457902706633,0.873051449057701,0.9846017747587572,0.814800604659665,0.8911735721146647,0.9085145181364449,0.5545408861883794,0.848519788337875,0.9093692422943842,0.7123579144897287,0.881368868516049,0.5986633679791242,0.8341365508598002,0.9697666169202254,0.3390647988869002,0.8388184704910295,0.4713634696440885,0.4404004699231404,0.848519788337875,0.848519788337875,0.8614022260660863,0.5780263988071929,0.7456959504509195,0.6189388853155836,0.4823016740958619,0.6221681570532744,0.5364011421503205,0.3748354590976528,0.7996929296363378,0.37603369356706606,0.848519788337875,0.9328257339797927,0.8641031766521012,0.8876315196146518,0.5644276000539246,0.8753843628690847,0.5380516822303612,0.848519788337875,0.848519788337875,0.3560029023660132,0.8485197883378754,0.43573507353983565,0.8419920758335755,0.6024114810749386,0.7350227544624501,0.9407243130103664,0.8226776298101708,0.5226240749845898,0.5829454125952569,0.8485197883378752,0.7670858527670901,0.3696798307779584,0.8535621725493672,0.9789924212780187,0.9975467342048335,0.7718775065920275,0.7333912312883917,0.7543639716991355,0.7385918911916876,0.6669592229154453,0.848519788337875,0.39603910868543624,0.7746043315118281,0.6864550682425958,0.6510311109639306,0.7024300661428453,0.9607747962213916,0.6092935262532226,0.6355701412822847,0.9558081663030686,0.6721883357309995,0.6041061593796943,0.9744043118853651,0.9194920767890471,0.7854838356014566,0.9598304752924693,0.3893121330314676,0.9648840172678319,0.8436093353026795,0.4124944587106595,0.8030530606802188,0.8661282252415159,0.9328791309286881,0.8315078880953242,0.80670280175686,0.9277544613703692,0.927754461370369,0.799493121563454,0.9070892661026632,0.5030414899296389,0.9385071228143441,0.9194920767890471,0.8163293560597351,0.9527061659757019,0.6223502237704484,0.8569414677127443,0.7425046908495854,0.9848924941944379,0.740340535920468,0.8535621725493674,0.6879616663908692,0.8150850511372134,0.6668166628971478,0.7122389487355714,0.848519788337875,0.6773208579170216,0.8789445153161299,0.3971715127340639,0.8813688685160488,0.8950566697159812,0.6141147084570502,0.8004984400528103,0.848519788337875,0.4355319202770671,0.46058203790749697,0.9250359564663049,0.37813441443319484,0.4500545247959781,0.3760336935670663,0.897696790190678,0.5373028363981355,0.9578303191925951,0.8927941685094798,0.5549786871818037,0.8325804774157843,0.5879255092670344,0.8876315196146514,0.8325804774157841,0.8485197883378754,0.9229644427570949,0.9313172423154255,0.44629914157779993,0.8174255119342986,0.47492608676409676,0.9689318497925984,0.8436093353026795,0.485114873064901,0.6007433579338719,0.7073633650916176,0.43921746584810306,0.41434953953268316,0.848519788337875,0.3884066740484552,0.6071136096547618,0.7688790278969668,0.848519788337875,0.344021396328535,0.9391029035492076,0.8753843628690847,0.8325804774157834,0.8731726191489462,0.6119742306208917,0.7353203804103459,0.909040219099731,0.8332680722913413,0.9743009386110008,0.8819707287307355,0.48202051249440636,0.848519788337875,0.9183267646158813,0.848519788337875,0.948195970795533,0.7350769911566326,0.47744322092212577,0.8876315196146518,0.5574331830517656,0.6997666954001094,0.5728488756092369,0.7900998439208515,0.848519788337875,0.7509363710119874,0.5823481678456801,0.6821462625097203,0.9070196826748742,0.7670858527670916,0.8641031766521015,0.7763339712752269,0.9049962808576776,0.8308879161563283,0.47795165104989334,0.5323271377022905,0.8308879161563283,0.7900998439208518,0.8641031766521015,0.6743862331819508,0.8308879161563283,0.8876315196146518,0.9832804094691758,0.9163077012045899,0.7874458911644804,0.8436093353026795,0.7760301932181343,0.8280150438185903,0.620222920154136,0.767085852767091,0.9698585173244103,0.49163047278855254,0.9543974380449627,0.9790109616197198,0.893317515381256,0.6991890645969843,0.768879027896967,0.7599109516856413,0.5141566053574559,0.9867021276452255,0.7452686442540943,0.8609609961187394,0.9476804655322011,0.8587509369841102,0.7596421551693897,0.954761733100846,0.9024928482282392,0.8511341194324267,0.607998941659681,0.8641031766521015,0.8696393640825613,0.8226822317124924,0.5353515405419851,0.7952282331089235,0.7598673927962417,0.7981149231751687,0.9829921479214843,0.8372369487294185,0.6470641055785903,0.8485197883378752,0.6082620307348394,0.7141408876068613,0.837336561231786,0.41373245827638194,0.7068859213490144,0.9045498580054347,0.8398274389362246,0.8616042065392591,0.5711708411733951,0.8902436552700261,0.780117541654902,0.9103325051578914,0.7843824657921146,0.7746428726597149,0.8206574710503429,0.8703043045118739,0.9322991868414798,0.9715162803813309,0.8051588041469764,0.85875093698411,0.8849349368769786,0.4940875277207908,0.5217345255219934,0.85875093698411,0.850766613341048,0.4803904076986796,0.7898722178276629,0.8963708828615462,0.896370882861546,0.4103312594807006,0.9250359564663051,0.7277635600800747,0.8911735721146645,0.5780957151618202,0.8037598156566621,0.8696393640825613,0.46112122312523296,0.8712157346960703,0.8849349368769786,0.9194920767890467,0.6795585783464506,0.948195970795533,0.8603244603171993,0.8696393640825613
p200_E,0.8519126826855303,0.9527620984712091,0.5502971755085109,0.916016184190124,0.9237454173815309,0.9953786045233857,0.9490843473591986,0.9861010713769893,0.855599962426006,0.9402815237871278,0.6108771179979446,0.9663573664294254,0.9212735133449714,0.6309209491475183,0.9528949651900585,0.8279566795146678,0.9551504908703918,0.995570386402843,0.7296190917631378,0.940281523787128,0.8560530782444924,0.6619684818352788,0.9032901911357234,0.9262837350880504,0.6341150863878604,0.8971465330611361,0.5701168087461768,0.8745574900762874,0.940281523787128,0.9392693856479637,0.8874073419940798,0.9828201226319815,0.9559635246111837,0.8781517708121862,0.9237454173815309,0.9927876060457907,0.4517533474293659,0.5428534374393064,0.9434341193662401,0.6824810499682051,0.8489613700399667,0.8991661559057054,0.9434341193662401,0.8988619793084114,0.9551504908703918,0.9074481834226484,0.47777207406689004,0.8506111344599003,0.7176782276174087,0.8375645041075974,0.9828201226319815,0.7947653436088555,0.8971465330611361,0.9527620984712089,0.9559635246111835,0.9278464566365248,0.8931834336273663,0.9237454173815312,0.9902721706664045,0.5106518613797666,0.858962461495268,0.7879827192955117,0.8971465330611366,0.8489613700399667,0.9343769343025807,0.7774917415814295,0.9315900378678905,0.8056767200935728,0.7085494581706631,0.992787606045791,0.5748239979667804,0.8951528182413433,0.9701429667321069,0.7604083864978799,0.9237454173815312,0.8484806915194993,0.907540871911573,0.9097196291136667,0.9578335319008517,0.7506295000818891,0.9496699001876994,0.9382025073594866,0.706595351957511,0.8971465330611363,0.9237454173815312,0.568056305766683,0.9466763852073139,0.7871511343332942,0.8750565832624441,0.9212735133449719,0.9237454173815312,0.6778259922551546,0.9424220209907138,0.8040225658659899,0.9566607558716711,0.8506111344599004,0.6868911027329347,0.8699737162605757,0.7500215128047114,0.7686500618547039,0.9971725026548421,0.9783400888843532,0.4730864410609823,0.9923993791559332,0.8944912810737837,0.45202578957206097,0.3480198101217269,0.7357546514700977,0.9053985774691053,0.784498264835477,0.7623342704366175,0.955404639757861,0.9875245713585525,0.8194832659723873,0.42832772524427587,0.9867012198992403,0.9527620984712089,0.9372689456075767,0.9953786045233857,0.7869159279154594,0.9876595518519546,0.8272125475056475,0.5573673636973573,0.9870548548281963,0.9329075599064767,0.6727695660985358,0.4517533474293659,0.8585242345955859,0.9885587804861203,0.9029881796097647,0.8089841670456617,0.9288957400617388,0.9828201226319815,0.9434341193662401,0.9165049484215364,0.8056567494748164,0.8184440308677503,0.9147197078398366,0.5048790297271084,0.962745373353485,0.7705071305682607,0.47834154602285495,0.7774917415814295,0.8685297004951112,0.7454404410356077,0.8657901242845247,0.8905110693995146,0.7840931815527366,0.8951528182413433,0.9365307020635195,0.9434430901748683,0.8869837251477688,0.6241404817902616,0.8457280231675548,0.9659497926039275,0.9303499958905477,0.9204241466926173,0.7403151586004091,0.9286877343347695,0.7533202390100007,0.906951559059644,0.8733268646478037,0.9382025073594866,0.743237780477719,0.8380352309194489,0.7285460980106717,0.8585242345955859,0.8302228876064213,0.9566607558716713,0.9597266141981964,0.8836545508570985,0.5828041027260322,0.8931834336273665,0.8135844536428662,0.9578525511332965,0.7077018196833712,0.992787606045791,0.8288878399988695,0.9431338207947484,0.8732475513254478,0.9261447996089607,0.8577960695407583,0.9971725026548419,0.9212735133449714,0.8327784007011548,0.521889876918329,0.8089843972083202,0.8522672538974265,0.911937697933272,0.9505842741136858,0.918861809581256,0.8831642141197729,0.6325729694953701,0.7442542914107444,0.9430262524527704,0.9237454173815312,0.9262837350880504,0.510651861379767,0.8506111344599003,0.891588134847008,0.8885760308062551,0.9212735133449714,0.9237454173815312,0.8771639185287955,0.7243033535028858,0.940281523787128,0.9237454173815312,0.8539062257177189,0.9331959995055013,0.8790838506150669,0.8513275505189929,0.8572772924183015,0.9212735133449714,0.9237454173815312,0.8056767200935729,0.9237454173815312,0.9601578145434304,0.8213238588810676,0.8497892677932624,0.9237454173815312,0.8963004860910055,0.9237454173815312,0.7221762797151856,0.9454406310460695,0.6674851115625117,0.8800997741573948,0.9227712134704179,0.6963136639496632,0.918861809581256,0.38117099951435196,0.9075408719115732,0.9729099565897273,0.7880603771578458,0.9405848418047038,0.9315900378678905,0.848961370039966,0.8866539577018828,0.8999487113882563,0.9774650788349086,0.7345179816413969,0.8727803597140282,0.9165049484215362,0.7040587000129028,0.9627453733534854,0.9237454173815312,0.8812768771799535,0.9237454173815312,0.9026201647958283,0.6741023418499243,0.9315900378678905,0.9253930751088408,0.6963136639496632,0.9262837350880504,0.9009132970381386,0.5957412250426075,0.6731615846451517,0.9097196291136669,0.8139469110840569,0.9288957400617388,0.7527938783245842,0.8074099974274136,0.7661544480137752,0.9212735133449719,0.9591464247864105,0.8848826188750346,0.9434341193662401,0.8122729590044733,0.9996226592140793,0.8991661559057054,0.8288878399988695,0.6954615030084363,0.9315900378678905,0.7940828479833881,0.9759337188295419,0.9055866242378162,0.45202578957206097,0.7638345700673839,0.9009132970381386,0.9012134114028683,0.7135525999542776,0.45202578957206097,0.8207291116074924,0.7817709174275675,0.9591464247864104,0.8738606237740509,0.8836545508570981,0.4283277252442741,0.8781517708121864,0.7304698855952667,0.5984189889242251,0.9288957400617388,0.9783400888843532,0.6615167362149177,0.9372689456075765,0.9379185147222926,0.8258859061755139,0.8518433170041958,0.9785309471238596,0.9927876060457907,0.9834594839173173,0.9655471735397518,0.8617203715575985,0.658569284019382,0.7432377804777193,0.8473176272509808,0.9288957400617388,0.8951528182413435,0.8745574900762874,0.7901524484132982,0.8928372012248216,0.8753623611860428,0.8423557944110699,0.6727695660985358,0.7531214951961567,0.749361945656605,0.940281523787128,0.9107284658135402,0.940281523787128,0.7160332677364496,0.9029881796097647,0.8482512192526668,0.9288957400617388,0.9237454173815312,0.9315900378678901,0.8179083071013349,0.9598093595575028,0.45202578957206097,0.9343769343025807,0.9434749274016662,0.9237454173815312,0.6341150863878606,0.9372689456075767,0.9434341193662401,0.6696507242192946,0.916843514453515,0.9012134114028683,0.9315900378678905,0.7706396922912273,0.6989093659621977,0.8643582544593789,0.9141982714487247,0.8161844173588622,0.9288957400617388,0.909368306308445,0.6757628281709229,0.9119376979332718,0.8657901242845243,0.9434341193662401,0.6680119012855612,0.9969820872027786,0.7065367683315564,0.5701168087461792,0.9212735133449719,0.9264174168636581,0.9757412965059609,0.7304698855952667,0.7322785418375493,0.6404164479226528,0.9237454173815312,0.8023679780484716,0.9072141675815737,0.9937027385443848,0.7223885194877842,0.9984192168061299,0.7890963332331149,0.9237454173815312,0.9237454173815312,0.8951528182413433,0.8831642141197731,0.7465589441026702,0.9237454173815312,0.9434430901748684,0.9237454173815309,0.9483778175231494,0.8643923295259694,0.7243033535028858,0.8906643852161655,0.6883541295306,0.9750525882012044,0.6493045083955101,0.6829983007332452,0.9237454173815312,0.8406997915183164,0.9356184765244473,0.7045137276102102,0.6886422915702686,0.6883541295305999,0.7365656576831059,0.9288957400617388,0.7138633607393252,0.9237454173815312,0.6637976801312908,0.8882873058668224,0.9236800620800072,0.9446530444431893,0.9262837350880504,0.5691362767716404,0.9141982714487245,0.9237454173815312,0.8702236433531143,0.7469382493243446,0.9237454173815312,0.951079421667657,0.9481815178402061,0.9406336214758335,0.6480668911291405,0.7231649664338184,0.9237454173815312,0.7881781245722401,0.849536935333278,0.9591464247864105,0.6157919747672633,0.6683648278840204,0.9171790486927811,0.8623579941942758,0.7894791825752531,0.42832772524427576,0.8738606237740507,0.8543169908091184,0.9032901911357234,0.822447245442008,0.9039393306750014,0.5948186622358247,0.9032901911357234,0.40241886019892614,0.6021990911041015,0.9237454173815312,0.9372689456075765,0.8220976364913513,0.8406953778672304,0.9496699001876994,0.7330454845180796,0.918861809581256,0.8578055649097349,0.9741270364328647,0.918861809581256,0.9304792865902035,0.5658815397621344,0.9935864990091459,0.7755084976270161,0.938292717507307,0.9372689456075765,0.7907601520699854,0.940281523787128,0.9119376979332721,0.9084101221932441,0.9620064928809633,0.7793750217225,0.9984192168061299,0.9999394491805796,0.9050879833003673,0.7543432823031408,0.9355234569898139,0.9075408719115732,0.817908307101335,0.9288957400617388,0.8781517708121864,0.8489613700399667,0.829797934627843,0.6919065330743308,0.9558999508245036,0.9097196291136669,0.88740734199408,0.7976856435672461,0.7182838449031006,0.6703105454862763,0.9551504908703917,0.8628641830256312,0.8598491504016519,0.8836545508570983,0.9012134114028683,0.9032901911357234,0.6429874383803884,0.9704295576642359,0.9192036974885487,0.9012134114028683,0.7043101617456595,0.6505692340457165,0.9227712134704179,0.9336294601986277,0.9804632438769202,0.5989227485109032,0.9291653056283693,0.9372689456075765,0.9589356616153148,0.9395875575049126,0.6397165020533839,0.9356184765244473,0.44177224803810533,0.9165049484215366,0.9828201226319815,0.9372689456075765,0.9797293075604314,0.8712386256286828,0.8692627884605635,0.5377202496415783,0.9212735133449714,0.7552363459677907,0.8889174663394934,0.9165049484215362,0.7990882071927949,0.9237454173815312,0.4800015406868704,0.9237454173815312,0.9237454173815312,0.7482730449504749,0.9032901911357234,0.9718013773009626,0.9237454173815312,0.7138971904959466,0.7564028466893729,0.9331959995055013,0.7645981416085793,0.9130626035138847,0.6877366783915878,0.9382927175073073,0.8539300757509798,0.7807465126855613,0.9141982714487247,0.8295501310031698,0.934376934302581,0.8763477248373532,0.7264417539221826,0.8056767200935728,0.7140026066694515,0.9141982714487245,0.9188618095812564,0.7256499506688536,0.9343769343025807,0.5015354198992568,0.42832772524427576,0.8775434408290577,0.9858118985030548,0.7736181343373187,0.9409501284699298,0.7940828479833881,0.0,0.858962461495268,0.9032901911357234,0.8799703801338816,0.9288957400617388,0.9075408719115734,0.5952832514638065,0.6506222725100446,0.8073306074897453,0.907216865809719,0.9315900378678905,0.851327550518993,0.9165049484215366,0.8136785434198741,0.8632765427931799,0.9434749274016662,0.7045137276102105,0.8893119774375076,0.6282549478611406,0.6273633375899617,0.7907601520699856,0.8539300757509798,0.6522316975634994,0.9466763852073137,0.8606558839862051,0.9928954233729246,0.9237454173815312,0.40241886019892614,0.9356184765244473,0.9701429667321066,0.8585242345955859,0.9075408719115727,0.9188618095812564,0.33617707056961166,0.7350410519801173,0.9084101221932441,0.7268318068198698,0.940281523787128,0.6505692340457165,0.9097196291136669,0.8222324177484153,0.918861809581256,0.9559635246111837,0.8762878196130295,0.7949336214328707,0.9382025073594866,0.9907968532129023,0.8440262750110874,0.6983967464607103,0.8172579889167924,0.5911671257514146,0.7465065254933925,0.91858914784677,0.9206231796054518,0.940281523787128,0.9053985774691051,0.9262837350880504,0.6530683746410489,0.9359704800379012,0.8391784404635929,0.9212735133449719,0.6660631323010575,0.5626720929662924,0.9434341193662401,0.9617549031637154,0.9783400888843532,0.9075871759531051,0.7285460980106724,0.9718807580739222,0.9065397721659632,0.6475709314467071,0.9053985774691053,0.8738606237740509,0.9097196291136669,0.9663573664294256,0.5048790297271084,0.9434341193662403,0.9237454173815312,0.909368306308445,0.9110036504655883,0.9520456694172659,0.6147220945791841,0.9237454173815312,0.8247774484253316,0.8735523024204388,0.858962461495268,0.916016184190124,0.7860647655550217,0.6778259922551544,0.8457280231675548,0.9228126925324307,0.9253930751088408,0.8869837251477688,0.7973999783168808,0.7838000828327129,0.4800015406868704,0.3256658813798071,0.8931834336273661,0.9783400888843532,0.9634038194012378,0.9953786045233856,0.8912369310715329,0.422884733835309,0.8118167761922632,0.9119376979332721,0.5868712212352541,0.9834594839173173,0.7840931815527366,0.8306585999962384,0.992787606045791,0.9237454173815309,0.9466763852073139,0.6722356415497023,0.7231649664338187,0.9212735133449719,0.9828201226319815,0.9165049484215362,0.9212735133449719,0.9212735133449719,0.9093683063084449,0.9237454173815312,0.9165049484215362,0.9454406310460695,0.9237454173815312,0.6549174371177126,0.9865975963498849,0.9372689456075765,0.42832772524427576,0.9343769343025807,0.9262837350880504,0.9212735133449719,0.6660631323010573,0.8089843972083199,0.9032901911357234,0.7824210690195701,0.9237454173815312,0.9415130395407783,0.9722155622930323,0.9012134114028683,0.7300648842032202,0.36786315356182064,0.8406564126395661,0.9262837350880504,0.943772438814358,0.9157649010158165,0.59574122504261,0.565881539762132,0.902988179609765,0.6067870360483146,0.9870548548281963,0.968547407591084,0.8505787444421388,0.951693733515995,0.9303499958905475,0.47777207406689004,0.7154203807144736,0.8264429041637258,0.9237454173815312,0.9701429667321066,0.8616438634170542,0.940281523787128,0.8868243314264788,0.4845537682741313,0.9896201712617319,0.7774917415814295,0.918861809581256,0.726232145077254,0.7165009362988817,0.9237454173815312,0.9237454173815312,0.9009132970381388,0.6313505674748192,0.6811742999564661,0.8688567007964672,0.7890963332331151,0.9119400689425765,0.6501368982557287,0.7595526960817365,0.9718807580739222,0.7596971752160062,0.9237454173815312,0.8775434408290577,0.40241886019892614,0.9434341193662401,0.880207730287535,0.45202578957206097,0.7879827192955116,0.9237454173815312,0.9237454173815312,0.7203385273749299,0.7050741878138621,0.7125446369318176,0.5836974552437977,0.8186953767616509,0.8489613700399667,0.9595492191461488,0.6163457260373473,0.77233196780719,0.8352038495880781,0.9237454173815312,0.8251414413286071,0.7465192368593665,0.5474399501189946,0.9372689456075765,0.8543169908091184,0.8129300118277847,0.9309652469358959,0.8149878477204446,0.9262837350880504,0.90153992233284,0.9237454173815312,0.7604083864978797,0.9693200614415456,0.8489613700399667,0.7493619456566041,0.8855273355182854,0.9119376979332721,0.8850662431297969,0.587284278050574,0.9343769343025807,0.8484238679708536,0.8156020551361198,0.9592864686575602,0.943443090174868,0.8836545508570983,0.8971465330611363,0.7394476245532002,0.9315900378678903,0.9212735133449719,0.9272059756457061,0.8931834336273663,0.6136867020584513,0.9776934688917389,0.9434341193662403,0.704310161745661,0.9434341193662401,0.9434341193662401,0.7632147042433877,0.9431338207947484,0.8440469376552966,0.9237454173815309,0.940281523787128,0.6228329685395384,0.9466763852073139,0.6077508274500701,0.9141982714487249,0.9212735133449714,0.9278464566365248,0.8407966457560188,0.9262837350880504,0.9693829953291977,0.8763477248373535,0.734741337244122,0.701263173689234,0.9237454173815312,0.7033317556044834,0.9701429667321069,0.7043524155950269,0.9402815237871278,0.9355234569898137,0.9012134114028683,0.6022103741704091,0.9237454173815312,0.7268318068198698,0.6474877845238368,0.9012134114028683,0.7286543605260236,0.7604083864978797,0.7394476245532,0.45364894496301733,0.7739671506772796,0.890971889957357,0.7085299135921481,0.7147962403369661,0.6447905608537983,0.598714408443315,0.8118167761922629,0.908410122193244,0.9834594839173173,0.7810804214260384,0.9303499958905475,0.7790693660488874,0.8539300757509798,0.6579876483342157,0.9237454173815309,0.9212735133449719,0.8052680428582311,0.9476788816186437,0.501535419899257,0.7045137276102102,0.6683133985762366,0.9237454173815312,0.7223660293873402,0.8909650635169584,0.5661976824814672,0.9237454173815312,0.8018249048729209,0.9559635246111835,0.45202578957206097,0.9032901911357234,0.9212735133449719,0.9404386724941423,0.9329075599064767,0.469035850428161,0.9278464566365248,0.8623579941942756,0.9786100658041363,0.6733154062254254,0.9237454173815312,0.9253930751088406,0.9237454173815312,0.9372689456075765,0.8338442739329378,0.8263658547164228,0.9434341193662401,0.9229863666545894,0.8954515667320708,0.9128551938412921,0.7603674824796207,0.9237454173815312,0.7689439583683324,0.8130673408784512,0.575865375168049,0.8874073419940796,0.8727803597140287,0.9315900378678905,0.8874073419940798,0.8855218855218858,0.9050879833003673,0.8648447549315539,0.7082945584710896,0.9050879833003673,0.916016184190124,0.40241886019892736,0.8518433170041958,0.9050879833003673,0.9434341193662401,0.8971465330611363,0.9741270364328647,0.7533202390100003,0.5828041027260328,0.885521885521886,0.975191603316105,0.8818720990497853,0.7647258015371331,0.94095012846993,0.871015668341351,0.9303499958905477,0.9212735133449714,0.907540871911573,0.8185713978212352,0.4043895158163403,0.9065397721659634,0.7498230589346044,0.9261447996089607,0.8623579941942761,0.7176782276174095,0.9262837350880504,0.5272164228895044,0.8794035130316948,0.9182912196600743,0.73304548451808,0.903826204704619,0.9852726663056872,0.5048790297271086,0.42676322023136615,0.9272844713112529,0.889311977437508,0.860075728740654,0.9072141675815737,0.6807867690580791,0.8876506053813888,0.6341150863878624,0.8855218855218863,0.565881539762132,0.7966491946816792,0.8503318408403304,0.4795550128867845,0.8775434408290577,0.8603987616425721,0.9343769343025807,0.8781517708121864,0.93147541988936,0.8971465330611361,0.9979320111064157,0.7402697411745932,0.8034882424102876,0.8999986551638348,0.6793472240450142,0.2113744072576178,0.872535533373094,0.6278879558104868,0.8978850088092165,0.8781425749411702,0.9288957400617388,0.5474399501189946,0.8543169908091184,0.8912369310715329,0.9783400888843532,0.8473176272509808,0.8172579889167924,0.9123577910091997,0.9494874991020565,0.5984189889242255,0.8104976393137724,0.9508302047706586,0.8999487113882563,0.9288957400617388,0.8106382609539879,0.5809392452044759,0.4800015406868704,0.8905110693995146,0.5554743278326688,0.9262837350880504,0.9402815237871278,0.9011048560012944,0.9372689456075765,0.9256946845818593,0.4800015406868704
p200_F,0.8597760313425404,0.8915068580997119,0.7998787575170994,0.8566618970084514,0.9749557273192732,0.9303105872741888,0.8402279479299788,0.8109269356265044,0.3767397170210742,0.9264265757108794,0.8887741875977793,0.9813702038092995,0.9428298129397875,0.8566618970084512,0.9916014143602029,0.8722653319531637,0.9337059488987847,0.8732840781850193,0.9701757583840656,0.9761261745674079,0.8345550690718773,0.9195453412137855,0.9452410536397866,0.9091812387167528,0.8834506330434524,0.30130761768926206,0.8971337307079474,0.8674533886652149,0.9264265757108796,0.6694840955378849,0.3436575319312337,0.9595131865896311,0.9299953465081172,0.42960167497862467,0.9853808551815852,0.9227150661971701,0.9091812387167528,0.8942918945731193,0.9303105872741886,0.8708278127936304,0.8139197462693821,0.9688256924482025,0.9826171532883465,0.983946629504312,0.8971337307079474,0.7178518370774025,0.9123992402861412,0.30916019603667166,0.8708278127936304,0.9602787658929596,0.9157186269856046,0.7218008296067246,0.30130761768926206,0.926406012588531,0.8914873938168955,0.8684015223223853,0.8684015223223851,0.9060540201833016,0.6753147535219886,0.9000373939808763,0.47908525112172307,0.7272753521533457,0.9038547561156016,0.882482897272908,0.9191520956010528,0.6052593780793261,0.9157186269856048,0.9585409888670253,0.8641657279940321,0.9227150661971701,0.8543824471730523,0.8708278127936304,0.9457174376824435,0.5107466573729567,0.9060540201833016,0.7900050147457429,0.8860899491808243,0.8887741875977793,0.5559036910880533,0.930310587274189,0.9570779796295696,0.9099149954318697,0.86363187133769,0.8732840781850195,0.9060540201833016,0.8476598553448094,0.8860899491808243,0.7597287371302055,0.9532334693539318,0.903008623582165,0.9060540201833016,0.7998787575170998,0.7231512755853582,0.6329174194989626,0.9787794493663242,0.8389756195957412,0.7959165242401376,0.7919716537241257,0.4783799031599212,0.48167776643590454,0.8684015223223851,0.9123992402861407,0.9060540201833018,0.8129413125208098,0.7607892247800208,0.9227150661971699,0.8283274386785908,0.5364803253510615,0.9853322225258765,0.5215089621621969,0.7704898006819791,0.8757722623764219,0.5131152727917477,0.8325327180273931,0.9123992402861412,0.5664500433368614,0.8915068580997119,0.9227150661971699,0.9303105872741884,0.4135750044261495,0.9401438614375082,0.7880418755318435,0.8834506330434524,0.8612853521281927,0.8732840781850195,0.6158783689072498,0.9091812387167528,0.8576441872574088,0.9030086235821644,0.9982056204357297,0.4007429981603008,0.9123992402861405,0.9157186269856046,0.930310587274189,0.8971337307079474,0.7138886019877964,0.8988330091548655,0.9157186269856048,0.9157186269856046,0.9000373939808761,0.6902489554747524,0.9264265757108794,0.46487888293482704,0.7627282731962668,0.8132633613980011,0.34626009278793346,0.9348395426217677,0.5137191987054317,0.9911824756094174,0.611181238041425,0.9264265757108794,0.8383991894630196,0.7523220550758223,0.6836601006501215,0.9157186269856048,0.3769555446077052,0.8058599935760677,0.8666490307048613,0.9071650187800359,0.8090977396371732,0.7292194673449153,0.912399240286141,0.8782944901168632,0.9024866330486784,0.8098765737128351,0.8454542782771104,0.7612820236783147,0.8596285136050661,0.9212056603520071,0.8667494278414473,0.8843265687811641,0.9030086235821648,0.4796936379168024,0.7079143320159371,0.5995020768516,0.9369482369102511,0.9701757583840656,0.819907268531499,0.906118892941232,0.7900050147457427,0.9627543788047246,0.6492809819936392,0.927665598664277,0.865749031200763,0.7306229718983133,0.7296610870173428,0.4890368271630322,0.9964257308790208,0.8915068580997112,0.8589624614952678,0.9000373939808766,0.9870435897770229,0.7760665734156929,0.6724977403911083,0.8262411347517733,0.9060540201833016,0.9091812387167528,0.937551705310049,0.9998608860644455,0.7494428813066718,0.5023976742212513,0.9042894220702752,0.9060540201833016,0.7569113665180076,0.5531109034631976,0.9264265757108796,0.9060540201833016,0.7031785137103967,0.43367820621579034,0.4266235005119794,0.5686639061065046,0.8479206665400941,0.9030086235821644,0.9060540201833016,0.8085635824734234,0.9060540201833016,0.6391887236662104,0.7198804187326959,0.695844600638323,0.9060540201833016,0.7623757399913398,0.9060540201833016,0.7167895202386685,0.47104121943186605,0.8454542782771104,0.7704898006819789,0.9123992402861407,0.5894059541966398,0.9000373939808759,0.8808530918450068,0.8860899491808245,0.8981039224200322,0.6159299427030485,0.8498824478883684,0.9157186269856046,0.8139197462693826,0.9279179626711533,0.8200412134706072,0.8774714760770148,0.6402659056152366,0.3303843565160659,0.9337059488987844,0.7880418755318435,0.9499053607024351,0.9060540201833016,0.9369296717540236,0.9060540201833016,0.6820278794888857,0.8432648458861447,0.9595131865896311,0.9588042122291982,0.5894059541966397,0.9091812387167528,0.8522097537748148,0.8834506330434526,0.8018671341774828,0.9229260836136746,0.5326377502397492,0.9123992402861407,0.7627282731962668,0.6634316397316675,0.9243349282779483,0.903008623582165,0.9191520956010533,0.8602310921149672,0.9303105872741886,0.6319972697604906,0.8163480896277344,0.9379330804465724,0.4706762064507607,0.7885928396723514,0.9157186269856048,0.8943040579204768,0.9844407915613544,0.6108430040401356,0.9227150661971699,0.4861798224066063,0.46883536897437816,0.9099149954318697,0.9803765616887432,0.9227150661971699,0.873950884637416,0.5985630384661436,0.9191520956010528,0.8345851988012258,0.856661897008451,0.9123992402861407,0.8498824478883686,0.513115272791748,0.9000373939808763,0.9123992402861407,0.912399240286141,0.627416822888111,0.9227150661971699,0.6021227546376986,0.5207768249942624,0.7880418755318437,0.7846540188244577,0.9227150661971701,0.9060540201833018,0.8708278127936304,0.900037393980877,0.9157186269856048,0.5592976435655609,0.9707285038906441,0.9123992402861407,0.8708278127936302,0.8413540856599716,0.6757134727858931,0.9063104513897708,0.8788367279410505,0.7917978757033985,0.9060841178544714,0.7860386862343056,0.7646676570615496,0.9264265757108796,0.6359391105477785,0.9264265757108796,0.903253994342665,0.9207352331609373,0.8325327180273934,0.9123992402861407,0.9060540201833016,0.558746657766076,0.8667965967839737,0.8732840781850195,0.9227150661971699,0.9898252637321052,0.9030086235821646,0.9060540201833016,0.8834506330434524,0.8399814728683523,0.9303105872741888,0.8346528452164943,0.7082408993179184,0.8782944901168632,0.9091031345982893,0.7743597576603036,0.6835853933370146,0.8834506330434522,0.6772666822069151,0.7420340447321077,0.9969352503890194,0.4829732214329213,0.6864645605102926,0.5501066700791787,0.7185723936950111,0.930310587274189,0.599218354014889,0.8498824478883684,0.5768110448161685,0.8971337307079474,0.903008623582165,0.9910020899897183,0.7880418755318432,0.5992135977762181,0.5100895535684835,0.6647667146102871,0.9060540201833016,0.48769593749642337,0.9795923197112881,0.8521229825390564,0.9532058268379924,0.9761261745674079,0.6844181364628577,0.9060540201833016,0.9060540201833016,0.9486401929826892,0.9870435897770229,0.7394287588496338,0.9060540201833016,0.9264265757108796,0.9060540201833018,0.8566618970084511,0.8098765737128355,0.5531109034631972,0.9060540201833018,0.8589624614952682,0.8860899491808243,0.689740786101563,0.6453252497188482,0.9060540201833016,0.780219148305163,0.8454542782771104,0.579360747105149,0.5912632617534304,0.8589624614952682,0.7784767130700505,0.9123992402861405,0.539302298338026,0.9060540201833016,0.6251316292456661,0.8732840781850195,0.5413557328797234,0.7918188025090704,0.9909799053419359,0.6876949289878556,0.8942918945731195,0.9060540201833016,0.9868845312964558,0.6050349631753509,0.9060540201833016,0.9710475161052712,0.661727745712934,0.7079143320159373,0.6583615748699749,0.5249787446172496,0.9060540201833016,0.7784595465277411,0.5727796161529679,0.9191520956010528,0.7813170987026579,0.7104172686177292,0.99744534878986,0.3409158555575792,0.8078651440439562,0.912399240286141,0.9707285038906439,0.4054512982216476,0.8808530918450068,0.45478323095087614,0.8065212348582422,0.760789224780021,0.9130470727423967,0.9157186269856046,0.8732840781850195,0.9060540201833016,0.9227150661971701,0.8179926096630918,0.6535278201138693,0.9404663323227448,0.8660034226470059,0.9000373939808761,0.6787808510530572,0.9500805720293444,0.9000373939808761,0.8887741875977795,0.9060540201833018,0.8915068580997121,0.77632225072899,0.8220985211691239,0.9823635494290389,0.46156516148325355,0.9741742265760635,0.9688965239450099,0.8808530918450068,0.6307635017006332,0.8860899491808243,0.9264265757108796,0.7324914799382762,0.8674533886652149,0.8434864805334523,0.8757722623764221,0.9530007332467467,0.8434189051272902,0.912399240286141,0.8765682211155168,0.8824828972729082,0.9949280073929565,0.9415355007468762,0.5690118946988841,0.9746182283386401,0.3436575319312337,0.7039100716877236,0.7060202997304594,0.847920666540094,0.8971337307079474,0.6852172932383533,0.7978953231297465,0.9673205840993027,0.8782944901168632,0.9130470727423969,0.6626395744347193,0.9912298756454649,0.7257368271418032,0.9319824779930975,0.8432648458861447,0.7206872847313976,0.9123992402861407,0.8779867642285273,0.7410786271332261,0.8476598553448094,0.9118276497165126,0.982363549429039,0.7037555019416639,0.5242015357294276,0.9646634159344738,0.8454542782771104,0.8971337307079474,0.8971337307079474,0.9966922538063423,0.9227150661971699,0.8612853521281927,0.6773741544957326,0.8389311826932675,0.9030086235821646,0.9030086235821644,0.503342590402765,0.8283274386785913,0.8971337307079472,0.7627282731962667,0.9060540201833016,0.9191520956010535,0.9060540201833016,0.9060540201833016,0.49909726682271693,0.880853091845007,0.8498824478883682,0.9060540201833016,0.5242928570845193,0.43896204113715054,0.8432648458861454,0.7277003452427384,0.780219148305163,0.6409075767701968,0.8220985211691239,0.8200412134706072,0.4131550970387331,0.929995346508117,0.8323494193264063,0.9191520956010535,0.3343588655830231,0.7299548613240208,0.49779091295616673,0.8612853521281927,0.8942918945731193,0.9750660166392209,0.7038262282761012,0.9191520956010533,0.8526199908570811,0.912399240286141,0.8389756195957405,0.8860899491808243,0.9068526714114968,0.9452410536397866,0.5268108139254997,0.858962461495268,0.0,0.8808530918450068,0.8521229825390562,0.9123992402861405,0.9195453412137857,0.909181238716753,0.8922073230248908,0.39941334976973986,0.7039100716877231,0.9157186269856048,0.8107507206586901,0.8971337307079477,0.6593346380349983,0.7959165242401376,0.9030086235821644,0.579360747105149,0.86363187133769,0.9303105872741888,0.6409075767701969,0.4981235064163908,0.9603073634107071,0.6364513134356831,0.8860899491808243,0.9249662444564586,0.9069577151424576,0.9060540201833016,0.9157186269856046,0.5281624495970593,0.8559654748218479,0.7433220505381262,0.7459007384566029,0.9000373939808768,0.86363187133769,0.6876949289878553,0.8808530918450068,0.5190939776448766,0.9264265757108796,0.6182089820298566,0.9229260836136746,0.858992971367493,0.9000373939808761,0.8942918945731195,0.8215720443359408,0.8690883083110754,0.8782944901168632,0.6964621942374423,0.585673640544226,0.6497058339361239,0.9074280023503153,0.8498824478883684,0.5677217924645825,0.743322050538126,0.9464700431218258,0.9264265757108796,0.8834506330434522,0.7636240947825151,0.7198804187326961,0.9695595616192431,0.5837817783541037,0.903008623582165,0.6570338594602095,0.7059144460884217,0.9303105872741888,0.9396699286301575,0.9185287395081008,0.8476598553448094,0.8454542782771104,0.8757722623764221,0.8643880245275635,0.8612853521281927,0.9490592052587878,0.8345851988012257,0.888774187597779,0.9415490144516765,0.9157186269856046,0.930310587274189,0.9060540201833016,0.9299397675698131,0.7704187714880573,0.5992135977762183,0.8521229825390564,0.9060540201833016,0.4867462897393917,0.6928381461981763,0.9821247647995368,0.8566618970084514,0.8220985211691236,0.7998787575170998,0.6011799851047794,0.9277363217970505,0.8660034226470059,0.8981039224200325,0.4633364619363085,0.8412362029768823,0.9191520956010535,0.820041213470607,0.8684015223223851,0.9123992402861407,0.8432648458861447,0.9826171532883461,0.9244008776882711,0.900037393980877,0.9303105872741888,0.8915068580997114,0.8684015223223853,0.9060540201833018,0.7441174236102924,0.78608197241185,0.9823635494290389,0.9352923098201316,0.9195453412137855,0.5943402084260865,0.5249787446172497,0.903008623582165,0.9157186269856048,0.8971337307079472,0.903008623582165,0.903008623582165,0.9900029127487424,0.9060540201833016,0.9337059488987844,0.8524871401230585,0.9060540201833016,0.8782944901168632,0.7978953231297465,0.9227150661971699,0.912399240286141,0.9646634159344738,0.8863220947202894,0.9415490144516772,0.6228353980899217,0.5079022828472525,0.9581770036680437,0.49945438375049844,0.9060540201833016,0.8283274386785906,0.912399240286141,0.8782944901168632,0.5448848792408878,0.8304244459109724,0.9227150661971699,0.909181238716753,0.9818634913664555,0.8432648458861449,0.9162549191511202,0.9060540201833018,0.9465586955858682,0.8543824471730523,0.8612853521281929,0.6148831042883096,0.9229260836136746,0.9227150661971704,0.8708278127936304,0.912399240286141,0.8283274386785906,0.40510992392236655,0.9060540201833016,0.9457174376824435,0.7821708553032356,0.9264265757108796,0.7178278800270497,0.8971337307079472,0.8887741875977793,0.5701642542932013,0.9000373939808761,0.6527647811097619,0.5638177444573511,0.9060540201833016,0.9060540201833016,0.9433239076649493,0.7586076221828613,0.820041213470607,0.6581111651460929,0.44738745767069144,0.7104172686177292,0.7039100716877229,0.5650398424770389,0.8757722623764215,0.6015962163965974,0.9060540201833016,0.954092401267036,0.9157186269856046,0.9303105872741886,0.6876949289878553,0.9227150661971699,0.4436245793733221,0.9060540201833016,0.9060540201833016,0.5844135167066558,0.9060540201833018,0.5690652169596402,0.8860899491808245,0.7355282511756833,0.8139197462693821,0.8952021501676386,0.8367741299372242,0.4859935207518844,0.7237703744277484,0.9060540201833016,0.8432648458861445,0.502342129665424,0.9091812387167528,0.9701757583840656,0.9382104307780652,0.7659802778206585,0.8346528452164945,0.8476598553448094,0.9681207613454723,0.739428758849634,0.9060540201833016,0.45793346363139176,0.8476598553448094,0.5233031273632017,0.7646676570615496,0.7510923761072201,0.8990982149673707,0.8432556563112634,0.7296610870173428,0.9443139433986842,0.6175311004787707,0.5473135694074821,0.8834329601470299,0.9264265757108796,0.9773500723552714,0.9038547561156014,0.4977330089620531,0.9157186269856046,0.903008623582165,0.4039912714238033,0.8684015223223855,0.8690883083110752,0.9910020899897185,0.9127697146833386,0.8690883083110752,0.9303105872741888,0.8081565826550231,0.820041213470607,0.931893375852241,0.47605730694604287,0.9457174376824435,0.9264265757108796,0.8860899491808243,0.9864561252797077,0.7075020797370495,0.9299953465081172,0.8657490312007632,0.9869296750061689,0.4453396065743018,0.9091812387167528,0.5716635741145026,0.9940211874154162,0.5909444248782445,0.6307635017006332,0.9060540201833016,0.7998787575170998,0.9457174376824435,0.6213319531362889,0.9264265757108794,0.8755844653429767,0.36281338232298055,0.7523220550758221,0.9060540201833016,0.5190939776448765,0.6409075767701968,0.8782944901168632,0.5161165928109044,0.5283510552868113,0.5496646126793243,0.9157186269856046,0.47169258151127236,0.9326861516421043,0.7225596533216547,0.6342082311491122,0.880853091845007,0.7099098837495044,0.930310587274189,0.8808530918450068,0.9060540201833018,0.8345851988012258,0.8708278127936306,0.43508946186155406,0.8200412134706072,0.6669778984329422,0.9060540201833018,0.903008623582165,0.45941456131389913,0.7433220505381262,0.8078651440439562,0.579360747105149,0.6205279198702782,0.9060540201833016,0.5899116837296605,0.747209466656058,0.8566618970084512,0.9060540201833016,0.5573077225527805,0.9656987984431145,0.9227150661971699,0.880853091845007,0.903008623582165,0.7524304224543001,0.9955667899073477,0.8098765737128348,0.927665598664277,0.9035414781343347,0.9774350345371767,0.6540507969891676,0.9060540201833016,0.9535996052089042,0.9060540201833016,0.9227150661971699,0.7985527786402575,0.3971573596983432,0.9303105872741886,0.8924187658448486,0.8229621753648282,0.43940930927073185,0.8566618970084514,0.9060540201833016,0.95616019063386,0.5798619397826985,0.8346194421962856,0.8612853521281927,0.843264845886146,0.9157186269856048,0.8612853521281927,0.971047516105271,0.8976528842875968,0.40825289622027106,0.6205279198702782,0.8976528842875968,0.8566618970084514,0.9157186269856048,0.7880418755318437,0.8976528842875968,0.9303105872741886,0.9955667899073475,0.9681207613454724,0.7880418755318435,0.9030086235821644,0.8869837251477684,0.8782944901168632,0.43698608969672204,0.8432648458861454,0.861595060975874,0.3921604920142906,0.9911824756094174,0.9428298129397872,0.9530007332467465,0.6910615479603257,0.8566618970084516,0.8179926096630916,0.6142019587730142,0.9370155348892897,0.8304244459109731,0.9009164784975774,0.9091812387167526,0.912399240286141,0.462878459937598,0.8921901376261825,0.9880029397498308,0.8660034226470064,0.49334704671074325,0.9157186269856046,0.9191520956010535,0.8264780660398947,0.3015481879547096,0.8500261902449775,0.9676346945421205,0.8612853521281929,0.8020200201342274,0.9853322225258765,0.384463419887208,0.9060540201833018,0.5681130975261924,0.8353409653293995,0.8389311826932679,0.4242769777079658,0.795497448574451,0.9191520956010528,0.8498824478883684,0.8510282326716583,0.30130761768926206,0.9337059488987844,0.86363187133769,0.9967548156121191,0.841878630033793,0.6940561920816606,0.8887741875977793,0.8574067820488562,0.9415490144516765,0.8882862862400267,0.7585726002744597,0.912399240286141,0.9500805720293444,0.4689679050926432,0.3164322067752844,0.9123992402861412,0.9707285038906439,0.5236918568018418,0.8179787033593431,0.937551705310049,0.9000373939808766,0.5642848812080068,0.8782944901168632,0.820041213470607,0.912399240286141,0.4467221133704281,0.8782944901168632,0.9191520956010535,0.34242956542008396,0.9068526714114966,0.909181238716753,0.9264265757108794,0.5592263372029274,0.9227150661971701,0.7692837169311617,0.9191520956010535
p200_L,0.8008564419966571,0.925605968967548,0.8627763408565619,0.9760740600631372,0.6912719235150709,0.9522137875062904,0.9949163625223509,0.9139081303640348,0.9953118525907373,0.9495505106234361,0.9237321696604077,0.859317625659531,0.7039254146249524,0.9017126880527937,0.8866210237012306,0.9961527583512033,0.9230789959087816,0.9131105611405985,0.9892083965651993,0.9495505106234361,0.9137210365309751,0.966854861926912,0.9951633986928106,0.9926931063209248,0.9200817943852442,0.9131105611405985,0.9294643302252341,0.7201268773091843,0.9836543654419934,0.9208305033189341,0.9048830033154058,0.7046386402333291,0.975500298406281,0.8970640020677767,0.6912719235150713,0.9470055188469617,0.9377253379624282,0.9275156757582275,0.9522137875062906,0.9114262935403583,0.8724042835510755,0.8763264907178421,0.9522137875062904,0.736369615659122,0.9294643302252341,0.8065302670697434,0.939931930051314,0.9096019646191432,0.9114262935403583,0.697665292919458,0.9422080421889416,0.8092381015708714,0.9131105611405985,0.9256059689675478,0.8805458336495584,0.909762579821223,0.9097625798212232,0.9355809960386168,0.9156179912172799,0.9314553797224698,0.9774350345371767,0.9520595506460041,0.9636305634488506,0.8724042835510755,0.9445623805946022,0.8689012687325591,0.9422080421889416,0.9055348722411801,0.9139033080355354,0.9470055188469617,0.9001496633415411,0.9114262935403583,0.9044988266272496,0.8175828235209424,0.9355809960386168,0.8560058896255165,0.921891580360551,0.9696315366465988,0.8237889715586775,0.9522137875062904,0.9696315366465988,0.9165462137008822,0.9064920176718159,0.8814579798418161,0.9355809960386168,0.8955399645501794,0.9668548619269117,0.8781463766669582,0.926746046518753,0.9334927596276978,0.9355809960386168,0.8627763408565621,0.8096778557177697,0.9918040510987134,0.9774411992633254,0.9405448288498188,0.8600594271401627,0.8573544191143383,0.6423237359358971,0.6914079094681401,0.9097625798212232,0.9399319300513138,0.9355809960386168,0.850399368805513,0.8359725460677725,0.9470055188469617,0.8822836759018073,0.6821633473231203,0.8153889450299148,0.7658915443889583,0.8426242563237649,0.9148167155454523,0.6661418697004168,0.8851672469450578,0.939931930051314,0.7255977957396955,0.9725096342470558,0.9470055188469617,0.9522137875062904,0.8250446279323054,0.736369615659122,0.8546597599343508,0.9200817943852442,0.9043065366688321,0.9131105611405985,0.8513214662509334,0.9377253379624282,0.8687120679416105,0.9334927596276981,0.69099999179006,0.7340655314227191,0.9399319300513138,0.9422080421889416,0.9071885561788837,0.9294643302252341,0.8038126664077956,0.851515046692143,0.9422080421889416,0.9422080421889416,0.9314553797224698,0.8908481862011011,0.9495505106234361,0.7981507034344237,0.8638962238722947,0.8573544191143383,0.9465859044992464,0.8114883710619583,0.7137226369256504,0.8863813144724595,0.7333859584439868,0.9495505106234361,0.7328191373863139,0.8173115982101793,0.9047213896626456,0.9989330715481036,0.9518647719377946,0.9564983366836282,0.8910355038772135,0.9286057740842968,0.8829583596177213,0.9901415714403683,0.9399319300513138,0.916546213700882,0.7204004984525935,0.8696318695590659,0.8940275945888625,0.9199275134470046,0.9031200523835075,0.9064920176718159,0.926633340532123,0.9867452539316912,0.9334927596276981,0.9495873612601233,0.9326752080677525,0.8597981632083393,0.9818472950454276,0.9470055188469617,0.9683947100959853,0.9562611207259676,0.8844608451681755,0.8880833554050742,0.9738279174540478,0.909762579821223,0.755722818303145,0.9497406256576537,0.8146279006262442,0.7996898870590973,0.8130310621932637,0.8398757046349123,0.9032901911357234,0.9314553797224701,0.805298367798994,0.9860777826493692,0.8998639210155855,0.8808530918450068,0.9355809960386168,0.9377253379624282,0.9818737559710531,0.8167733719271151,0.9595211947515825,0.9799919051829569,0.755722818303145,0.9355809960386168,0.8333134885197047,0.7164888607453718,0.9495505106234361,0.9355809960386168,0.8843193296037337,0.9272324378358678,0.998280667338812,0.9450226281718648,0.8794294801784417,0.9334927596276981,0.9355809960386168,0.9811221984817184,0.9355809960386168,0.7506937335574491,0.7955927737497686,0.8634747106137607,0.9355809960386168,0.8239952590260253,0.9355809960386168,0.8764174889236307,0.914753761965559,0.8940275945888625,0.8426242563237647,0.9399319300513138,0.7184545893849328,0.9818737559710531,0.9951633986928105,0.921891580360551,0.8808530918450068,0.7586486459141027,0.8970640020677767,0.9422080421889416,0.9031200523835075,0.8473379500477141,0.9080208724124175,0.990759872859976,0.9272324378358678,0.8992368483577363,0.9294643302252341,0.8546597599343508,0.9314553797224701,0.9355809960386168,0.7463692168069957,0.9355809960386168,0.7814924440054237,0.8925262950745887,0.7046386402333293,0.895669694208995,0.7184545893849328,0.9377253379624282,0.7311171338532003,0.920081794385244,0.8641397759307594,0.9237321696604077,0.7406734541781261,0.939931930051314,0.8373021566360077,0.8638962238722947,0.635326277692704,0.9334927596276978,0.9942714459947757,0.8067744548357398,0.9522137875062906,0.8047662889377194,0.7808497980562924,0.9148167155454525,0.9683947100959853,0.8412929088258381,0.6457797539703751,0.7229072607496538,0.8201357172064607,0.709818227096128,0.9470055188469617,0.623446877463858,0.8910355038772135,0.916546213700882,0.9375514328635435,0.9470055188469617,0.6153736042876925,0.8630611721629813,0.9445623805946022,0.8710156683413512,0.9388933740579655,0.9399319300513138,0.8970640020677767,0.7587132130546882,0.9314553797224698,0.939931930051314,0.9399319300513138,0.7445187414177196,0.9470055188469617,0.8642994784346638,0.9666849854845854,0.8546597599343506,0.757548839543367,0.9470055188469617,0.9355809960386168,0.9114262935403583,0.9314553797224701,0.9422080421889416,0.7665243135595918,0.7935329376806909,0.9399319300513138,0.9114262935403585,0.7552037435002723,0.7657376387499226,0.9165215812574512,0.6963425493567854,0.9647397534718349,0.8283785316724064,0.8723974580072292,0.8653384016821961,0.9495505106234361,0.96364293845878,0.9495505106234361,0.9329290708210038,0.7604122773126192,0.8851672469450578,0.9967391619170713,0.9355809960386168,0.9989330715481036,0.9080208724124175,0.9131105611405985,0.9470055188469617,0.8719390991735311,0.9334927596276981,0.9355809960386168,0.9200817943852442,0.7340640582138435,0.9522137875062904,0.8866210237012304,0.7994594714670614,0.9165462137008822,0.8223564127592391,0.7569333071748661,0.7830336770148896,0.964170004482718,0.975500298406281,0.7983447668609212,0.9967391619170716,0.9953407916725414,0.8542495609307978,0.8867793699144203,0.9533382524210396,0.9522137875062904,0.725182977592665,0.8970640020677767,0.7098182270961277,0.9294643302252341,0.9334927596276978,0.973595133194763,0.8546597599343506,0.7124275413775525,0.6640671261189446,0.7701296598146816,0.9355809960386168,0.8097098653367366,0.8207572930178969,0.8986003425351379,0.891682978625878,0.7832689936382822,0.9998519340878547,0.9355809960386168,0.9355809960386168,0.7650658792801507,0.9953118525907373,0.8467627026932134,0.9355809960386168,0.9495505106234361,0.935580996038617,0.9017126880527935,0.8696318695590657,0.6935669782115951,0.9355809960386168,0.9032901911357234,0.921891580360551,0.7872544459254587,0.7567985965131945,0.9355809960386168,0.8492956954242192,0.8940275945888625,0.7115665646213174,0.7309305629938803,0.9032901911357234,0.8610204579141907,0.9399319300513138,0.6840983815777084,0.9355809960386168,0.7429517781629602,0.9131105611405985,0.999385206430063,0.977725953314737,0.6225325151695993,0.7858515963541475,0.9275156757582277,0.9355809960386168,0.7107009408922331,0.9012469203801523,0.9355809960386168,0.908410122193244,0.8238238697663803,0.7997160938696781,0.7657376387499224,0.6742766833455953,0.9355809960386168,0.8802523537926024,0.9684862506912559,0.9942714459947757,0.9141680583790843,0.9777362688255564,0.9228958077156838,0.9852549091806292,0.8682526269766766,0.939931930051314,0.6410550313270731,0.9163544660332102,0.9183006535947711,0.7622098277397822,0.972287125665258,0.8359725460677725,0.9615686274509805,0.9422080421889416,0.9131105611405985,0.9355809960386168,0.9470055188469617,0.9063742447456444,0.9580387232803621,0.7549722614362548,0.9081181966045122,0.9314553797224698,0.8365615132171589,0.9926931063209248,0.9314553797224698,0.9696315366465988,0.9355809960386168,0.925605968967548,0.846623582568657,0.9096814050133908,0.9254223119773604,0.8017586249855284,0.6496787457691403,0.9725096342470558,0.9951633986928106,0.7914906012721054,0.966854861926912,0.9495505106234361,0.8381857738162459,0.9305880744557047,0.902792530490649,0.9148167155454525,0.921891580360551,0.8766017896141822,0.7192246787541412,0.9329290708210041,0.8724042835510755,0.7754614538687266,0.9590434494932021,0.9125853346219002,0.800871628422446,0.9430450953185581,0.796970362094366,0.8082176726679702,0.8794294801784417,0.9294643302252341,0.8397689049409602,0.8905408702359403,0.8008418239058331,0.9984593147144779,0.9615686274509803,0.7686710742353542,0.846770995408637,0.811937025370474,0.8284703715451976,0.8925262950745887,0.8759333954053654,0.9399319300513138,0.926633340532123,0.8214972846829829,0.8955399645501794,0.6668591839624436,0.9254223119773604,0.784533671722841,0.9320964215722473,0.944562380594602,0.929104460779949,0.9294643302252341,0.9294643302252341,0.9422080421889416,0.9470055188469617,0.9048830033154056,0.7787746143035073,0.8895546908938254,0.9334927596276981,0.9334927596276981,0.68250713769333,0.914753761965559,0.9786165548472288,0.8373021566360077,0.9355809960386168,0.944562380594602,0.9355809960386168,0.9355809960386168,0.6445850894057767,0.9183006535947713,0.8970640020677765,0.9355809960386168,0.777919540717279,0.7235519097467937,0.9272324378358678,0.9131673577818813,0.8492956954242192,0.7537693866232709,0.8780124908814331,0.8766017896141824,0.597598915862708,0.9275156757582277,0.9129158007108347,0.944562380594602,0.9626086642338588,0.9613781878444607,0.90553487224118,0.9048830033154056,0.9765150789456658,0.9314553797224698,0.9557414010927299,0.944562380594602,0.8682526269766766,0.939931930051314,0.8737979857661249,0.8532920118076439,0.9180978494651831,0.9183006535947711,0.8957731403519837,0.9032901911357234,0.8808530918450068,0.0,0.8986003425351379,0.9399319300513138,0.966854861926912,0.9377253379624282,0.8910355038772133,0.6000396199503168,0.796970362094366,0.9422080421889416,0.9450226281718648,0.9294643302252341,0.9596464942959492,0.8600594271401629,0.9334927596276981,0.7344339818932561,0.9064920176718159,0.9522137875062904,0.753769386623271,0.8508922042665392,0.7777882996052312,0.7507137152048753,0.9218915803605507,0.9472238480293105,0.9822443780558803,0.9355809960386168,0.9422080421889416,0.9992581931621223,0.7445786492931159,0.9008184272841162,0.8982552933740047,0.9314553797224701,0.9064920176718159,0.7858515963541473,0.9183006535947711,0.6702414832482122,0.9495505106234363,0.7382049008693428,0.892670362394828,0.726131738265041,0.9314553797224698,0.9765150789456657,0.8920317838114342,0.8992368483577363,0.916546213700882,0.9734623105185791,0.9858372717944992,0.7598023745630524,0.6576065283145112,0.8970640020677767,0.7614494757370232,0.8239952590260253,0.980630720675137,0.9495505106234361,0.9200817943852442,0.8424035886035846,0.7955927737497688,0.6521119684122896,0.9820931770243162,0.9852901633058908,0.7643582213351082,0.7983447668609212,0.9522137875062904,0.9063989322810884,0.9967391619170716,0.9271458214298682,0.9641813269710355,0.9983594330401349,0.7194994978395666,0.9048830033154056,0.964170004482718,0.8850196814928613,0.9237321696604075,0.6521280109467595,0.9422080421889416,0.9522137875062904,0.9355809960386168,0.8877455854128598,0.8293233915825582,0.9207130639246642,0.8986003425351379,0.9355809960386168,0.9800376341002324,0.7773459047767639,0.7972070991810941,0.9017126880527935,0.8780124908814328,0.8627763408565621,0.9012886805028635,0.9280587182222079,0.9081181966045124,0.8937890418732635,0.8169648481555474,0.8905408702359403,0.944562380594602,0.8766017896141822,0.909762579821223,0.9399319300513138,0.8925262950745887,0.9522137875062904,0.9473606184418109,0.9314553797224698,0.9522137875062904,0.9256059689675478,0.9495873612601233,0.9355809960386168,0.8240441573299115,0.8533158492412363,0.8616362273895215,0.9044988266272497,0.8083287302412823,0.7218380204095862,0.6742766833455955,0.9334927596276978,0.9422080421889416,0.9294643302252341,0.9334927596276978,0.9334927596276978,0.7801503791531781,0.9355809960386168,0.8247745466647922,0.9553658937794354,0.9355809960386168,0.916546213700882,0.861416294711902,0.7340640582138432,0.939931930051314,0.6272744055310409,0.6225325151695993,0.9334927596276978,0.7413772464564754,0.9264635914251372,0.7788235294117649,0.7890319615486798,0.9355809960386168,0.8822836759018076,0.9399319300513138,0.9165462137008822,0.7108811209865669,0.8837215992432155,0.9470055188469617,0.9377253379624282,0.9035653652248617,0.8925262950745887,0.9200817943852442,0.9355809960386168,0.8925262950745885,0.9001496633415411,0.9430450953185581,0.890277121052108,0.9696315366465988,0.9470055188469617,0.9114262935403583,0.939931930051314,0.8822836759018073,0.6164103830847163,0.9355809960386168,0.935580996038617,0.8506339860151058,0.9495505106234361,0.7942118959248201,0.9294643302252341,0.9237321696604077,0.821734225200469,0.9314553797224698,0.8751558052436956,0.7009086870719645,0.9355809960386168,0.9355809960386168,0.8685161746785043,0.9526354118995055,0.8766017896141822,0.8693755327618486,0.8286137066920933,0.8823404080337955,0.7969703620943662,0.7012767466753902,0.9148167155454525,0.8649788734029741,0.9355809960386168,0.847716236157791,0.9422080421889416,0.9522137875062906,0.7858515963541473,0.9470055188469617,0.9044070319187588,0.9355809960386168,0.9355809960386168,0.7150312619464241,0.935580996038617,0.7045068926851455,0.921891580360551,0.8186510304280261,0.8724042835510755,0.8956696942089951,0.8724042835510755,0.898426894946885,0.8105886236035884,0.9355809960386168,0.8925262950745885,0.7403465248516535,0.9377253379624282,0.8616362273895213,0.9698257117961528,0.9884523074603386,0.8866210237012306,0.8955399645501794,0.6775002835280949,0.8467627026932134,0.9355809960386168,0.6283035588984718,0.8955399645501794,0.9125853346219001,0.8386319972225238,0.8293233915825582,0.8398757046349125,0.7374456360365753,0.8396720495620453,0.9331052725841533,0.8514108811947079,0.8406219694925967,0.7756223220427974,0.9495505106234361,0.9123838819213477,0.7581991044312648,0.6555942111788514,0.9422080421889416,0.9334927596276978,0.8326503130881794,0.909762579821223,0.9686491338802947,0.8427911921721819,0.9774873843362967,0.9272324378358678,0.9071885561788839,0.9522137875062904,0.8766017896141822,0.9925457549106912,0.8610746666533362,0.935580996038617,0.9495505106234361,0.921891580360551,0.7633654486749211,0.8111252182639921,0.9275156757582279,0.7557228183031448,0.8911135129842759,0.8655068173538911,0.9377253379624282,0.8206632703013357,0.9626086642338588,0.8002419992477862,0.8145345448376928,0.9355809960386168,0.8627763408565621,0.9355809960386168,0.8310982734142554,0.9495505106234361,0.7927837732231597,0.9165462137008822,0.8425073736236923,0.9355809960386168,0.7626436581009881,0.7537693866232709,0.9134648431298377,0.6681998826838402,0.8175828235209428,0.6555942111788515,0.9422080421889416,0.7552957205463093,0.8041087982320855,0.961860449672711,0.7722375353704279,0.9183006535947711,0.8010844489103162,0.9522137875062904,0.9951633986928106,0.935580996038617,0.9015112496120743,0.9114262935403583,0.6244747243460025,0.9080208724124175,0.7598023745630524,0.8511921008492048,0.9334927596276978,0.7380507003858838,0.8239952590260256,0.8682526269766766,0.7344339818932561,0.7397950026088723,0.9355809960386168,0.6954211266162026,0.8266608704208851,0.9017126880527937,0.9355809960386168,0.9850745779701806,0.9275156757582277,0.9470055188469617,0.9183006535947713,0.9334927596276978,0.8051727407663847,0.7171128126277477,0.8696318695590659,0.9495873612601233,0.8869872904985119,0.9183006535947711,0.7860466895568214,0.9355809960386168,0.8171848505343982,0.9355809960386168,0.9892083965651993,0.9321523113665873,0.8652206498825272,0.9522137875062906,0.9451809453601021,0.9048957588805856,0.9609351515778152,0.9388933740579655,0.9355809960386168,0.830813196658009,0.7574270416878306,0.9099076978011522,0.9430450953185581,0.8925262950745889,0.9422080421889416,0.9048830033154056,0.9460700595274506,0.9305880744557048,0.8999534218821266,0.7627624303785958,0.9305880744557048,0.9017126880527937,0.9422080421889416,0.8546597599343506,0.9305880744557048,0.9522137875062906,0.9952831447476327,0.8424035886035852,0.8546597599343506,0.9334927596276981,0.9032901911357232,0.916546213700882,0.9506880141013583,0.8925262950745887,0.9951633986928106,0.9028659348848306,0.9518647719377948,0.6003306072685664,0.8982552933740042,0.9830800309173037,0.9017126880527937,0.9063742447456444,0.8765157615819992,0.9554368269703841,0.8837215992432157,0.9518647719377948,0.9523391253205784,0.939931930051314,0.8751970566277456,0.8970678842148452,0.9741545378835921,0.9081181966045127,0.9405448288498192,0.9422080421889416,0.944562380594602,0.9722871256652581,0.9064920176718159,0.9347032530979922,0.962608664233859,0.9048830033154056,0.9869486993017075,0.9641700044827177,0.9409501284699295,0.9355809960386168,0.8703173609440517,0.9272241555912142,0.8895546908938254,0.7858305076964394,0.9926687584133116,0.944562380594602,0.923610654166087,0.9679525758332028,0.9131105611405985,0.9230789959087818,0.9451809453601019,0.9740168722867644,0.9765393727099824,0.9838019417336797,0.9237321696604077,0.9980060367553065,0.9334927596276981,0.9520395700628466,0.9625662829398853,0.9399319300513138,0.9377253379624282,0.8594445549478914,0.9741545378835919,0.9464536062171711,0.9015112496120745,0.9813806508002658,0.9913650736550723,0.9818737559710531,0.9314553797224701,0.8785547413350754,0.9590434494932021,0.8766017896141824,0.9967391619170713,0.7971181219208044,0.9165462137008822,0.944562380594602,0.9884184727022943,0.9983594330401346,0.9926931063209248,0.9495505106234361,0.9395555589844624,0.9470055188469617,0.9957562398735018,0.944562380594602
p200_S,0.9955194504865221,0.9470007361724493,0.8296873519133927,0.9972682333865338,0.9200475251844389,0.9406910117203195,0.9331705974311846,0.9740906417808919,0.9920567805038584,0.9373855340691764,0.90534156988644,0.9174557485535397,0.9174557485535397,0.9091923098144419,0.888946675401997,0.9905361668845842,0.9536751187028218,0.8921587537070725,0.9342268638258986,0.9373855340691764,0.8469551213589277,0.9030571559620832,0.8986003425351381,0.9227089361519578,0.9008109730235985,0.8921587537070723,0.9124559366883973,0.9550324217108199,0.9934000968343186,0.7784045207601682,0.8819472699932513,0.9282725629505151,0.9100373996478228,0.8722428588429538,0.9200475251844389,0.9877180384539763,0.9227089361519578,0.9100373996478222,0.9406910117203198,0.8900683556162927,0.8673952205917312,0.9993650229201636,0.999643789860182,0.9659676376416984,0.9536751187028218,0.7805334973937064,0.9254476077793645,0.921212962617662,0.8900683556162929,0.9982924189598988,0.9282725629505151,0.8047696944306457,0.8921587537070723,0.7776645232705195,0.9290024883707138,0.8880034676011161,0.8880034676011164,0.7223272158432528,0.7820875438180124,0.9149270915494647,0.9858892862544166,0.9739827534957808,0.8921587537070734,0.8673952205917312,0.9311946072310933,0.8423201325136478,0.9282725629505151,0.9520602392706956,0.8102842931566732,0.9342268638258988,0.9068683511770192,0.8900683556162929,0.9647506825559773,0.9454515214499812,0.7223272158432528,0.9639540801815841,0.903057155962083,0.9053415698864402,0.879850287513587,0.9996437898601822,0.9438328971193495,0.9320611426402994,0.8564986568025649,0.9955239637156408,0.7223272158432528,0.9298297898147683,0.903057155962083,0.9781697238107209,0.9326289661696303,0.7350447636400568,0.7223272158432528,0.854261670360065,0.8540981791167113,0.9190496392992269,0.7916093882255831,0.8971456785615646,0.8505930211181649,0.8229580323820478,0.8737841584624968,0.9306621646952375,0.9214006317669097,0.9730862985612763,0.9200475251844389,0.9895293178236427,0.7149615937253322,0.934226863825899,0.8811280236189605,0.9702292366616942,0.9747559458370869,0.9696251236731337,0.8500618890587055,0.894276316207222,0.9679861862478472,0.9406295470727737,0.9254476077793645,0.9659669565341589,0.9470007361724493,0.934226863825899,0.9996437898601822,0.9044791141334796,0.8914410719709878,0.8196136051637435,0.9747559458370869,0.8819472699932516,0.995523963715641,0.9036255995027824,0.9227089361519578,0.6815775278334981,0.96089318452934,0.6677144639940105,0.9788895149280636,0.9254476077793645,0.9282725629505149,0.82349787572023,0.9124559366883973,0.8798049357232043,0.8911928604736781,0.9776317763878943,0.9282725629505149,0.7045440882190879,0.8668528731082834,0.9373855340691764,0.9016517385818354,0.8426742380081509,0.8469551213589281,0.8872563660473853,0.9460593878537934,0.9962401928315003,0.9403725843137771,0.8613203293378962,0.9373855340691761,0.8778974654500653,0.9000350661756444,0.8361961589702152,0.9282725629505153,0.8900683556162929,0.8896499488245476,0.8647606979879741,0.8647611146889171,0.9430736098966669,0.8767526803900609,0.9730862985612763,0.8964228513787131,0.8278117313247267,0.8889850942302335,0.8684742769407379,0.9748272373266904,0.8673952205917315,0.883944268889507,0.9146962715308279,0.878012490881434,0.9174557485535397,0.8880034676011159,0.6977361581258359,0.7909308789931144,0.8766944689038771,0.9342268638258988,0.5594921993424681,0.8741496598639458,0.8685044845024187,0.8282479374952667,0.9935833160592291,0.9547977959327028,0.96089318452934,0.8377895849605925,0.9990482437586942,0.9682667669011018,0.9496841779691461,0.7776645232705195,0.8357941368922185,0.9994890516008976,0.8858262490605103,0.7792432744837865,0.9958767769610515,0.7159097342435385,0.7223272158432528,0.9390027279901942,0.9149270915494647,0.845248147469915,0.8015579825068027,0.9245694636198807,0.9956693794948598,0.7223272158432528,0.8151526482938543,0.9958767769610515,0.9373855340691764,0.7223272158432528,0.841123983372319,0.9830296087723853,0.9883211219788335,0.8435660052959395,0.8503560928183399,0.9174557485535397,0.7223272158432528,0.6985093343215627,0.7223272158432528,0.8206635321074085,0.8678869118447401,0.8619666040183734,0.7223272158432528,0.7889510387209391,0.7223272158432528,0.9277065582274444,0.8538985259150689,0.897889827165478,0.8046759588149295,0.9730862985612765,0.9658734548180461,0.7468250682448041,0.8986003425351379,0.9030571559620832,0.8791209377401443,0.7497055678280954,0.9023193977639938,0.9282725629505149,0.6431966469560382,0.7079457093989432,0.8731946797793118,0.8889850942302338,0.8666109663611834,0.8957156269639839,0.9226673352539045,0.8670761621516618,0.7468250682448043,0.7223272158432528,0.8995428034409865,0.7223272158432528,0.833267728770587,0.813237767008013,0.9776317763878946,0.9494934491839361,0.985051530293813,0.9390027279901941,0.89356649526338,0.9008109730235985,0.8561085609507002,0.982324224352259,0.9822233583183334,0.9316363198749003,0.8426742380081511,0.7980705316104622,0.9171979704193708,0.6916073276642576,0.9824887176061117,0.8103525048344353,0.9406910117203198,0.9382552780535445,0.8010111218133855,0.8254871325582673,0.8186302231260765,0.8482066681708338,0.9776317763878946,0.907089266102663,0.9912027685634361,0.9850515302938132,0.934226863825899,0.9298069689634594,0.8935664952633797,0.9320611426402994,0.9457347413890165,0.934226863825899,0.8083506933760087,0.9808801284321398,0.9149230616438514,0.8399134433261002,0.8780124908814337,0.9730862985612765,0.8570682908676869,0.9679861862478469,0.9149270915494647,0.9254476077793645,0.9730862985612765,0.8951791731289519,0.9877180384539763,0.933772825736646,0.7860415780849046,0.8196136051637433,0.9376972013776268,0.9342268638258988,0.9200475251844389,0.9918037916582512,0.9572080715751814,0.9776317763878943,0.9401109686487434,0.9677818078508611,0.9730862985612763,0.9239801676302792,0.8079546705871165,0.9243729732156418,0.9683469235451458,0.9359636428127365,0.8686827738215788,0.7308143252698347,0.9366713242763893,0.8669092175112225,0.9373855340691761,0.9654991476430217,0.9373855340691761,0.9773744465518462,0.9878657306248142,0.857477417655657,0.9254476077793647,0.7223272158432528,0.9282725629505144,0.8106278362805933,0.8921587537070734,0.934226863825899,0.9824887176061117,0.9174557485535397,0.7223272158432528,0.9882715677561686,0.9877180384539763,0.9406910117203193,0.9711802255038668,0.8403571844023628,0.9320611426402994,0.9730090101747265,0.898142416494611,0.7506252727699232,0.9377834594303427,0.8082824043846156,0.7904283274459725,0.9254476077793645,0.872242858842954,0.7427116333911279,0.9076672018071592,0.8889466754019963,0.9406910117203195,0.9572702674031934,0.8722428588429538,0.9765923187546537,0.9124559366883973,0.7350447636400568,0.9684599111378718,0.8956110529087495,0.9485785445775854,0.9715938209658159,0.7539663465832736,0.7223272158432528,0.9780461560338751,0.9809525165694377,0.8741496598639458,0.8703513274042392,0.9373855340691761,0.9352461508054248,0.7223272158432528,0.7223272158432528,0.9742843963277628,0.9548279537744677,0.8209047503398823,0.7223272158432528,0.9373855340691761,0.9200475251844391,0.8413691387214932,0.8635905304363201,0.9958767769610515,0.9647506825559773,0.911552100464315,0.903057155962083,0.7559728170533346,0.9521672811717774,0.7223272158432528,0.8129560940834353,0.8684742769407379,0.9936270868740376,0.9637257078546358,0.9115521004643148,0.8513069733989519,0.9254476077793645,0.9488217396076488,0.7223272158432528,0.7773892627873467,0.995523963715641,0.9275627705584846,0.7723563315090085,0.922708936151958,0.7741751295306649,0.9502774276431882,0.7223272158432528,0.8104252340497073,0.7069592684189772,0.7223272158432528,0.9937027385443848,0.9466989174760287,0.7718228502002125,0.7483628850979835,0.9594507436509543,0.7223272158432528,0.9637257078546357,0.994318723428884,0.9311946072310933,0.9962780417739252,0.9243729732156419,0.9010359947499024,0.883152337585621,0.8617049034566793,0.9254476077793645,0.9677818078508611,0.9639540801815839,0.8986003425351381,0.977667435940702,0.9588201954615949,0.7964203096428097,0.7748379498023513,0.9282725629505149,0.9266138237099293,0.7223272158432528,0.9342268638258988,0.8712483674877678,0.8811713725919921,0.9438328971193493,0.784949469655224,0.7468250682448045,0.8732589112248841,0.968805048104574,0.7468250682448045,0.90534156988644,0.9647506825559773,0.9470007361724493,0.9016911851180713,0.9282703209136305,0.9342268638258988,0.9848131945317582,0.9373855340691761,0.8169980576358108,0.9711696109045853,0.8606986135686319,0.9407634795537994,0.9373855340691761,0.9482528065457387,0.9256168714860794,0.9245694636198807,0.7904575636539535,0.9407634795537994,0.846846556117637,0.9254476077793647,0.872242858842954,0.7719882607592561,0.8291262499604075,0.9320611426402996,0.893153543352375,0.90534156988644,0.9139500985208795,0.8458139326400145,0.8785670371634839,0.9039043450098312,0.9536751187028218,0.9019221402907922,0.9012711872601784,0.9972682333865339,0.9676994339018856,0.7748379498023517,0.7521035603145996,0.9438328971193495,0.9753972252852677,0.9320611426402994,0.8957156269639839,0.9638264500327989,0.9254476077793647,0.9825543320961883,0.9961281200327701,0.8703513274042389,0.9704285116343063,0.9587907869179463,0.7700889996321183,0.8542616703600654,0.9662171720188699,0.7491235701376358,0.9124559366883975,0.9124559366883973,0.9776317763878943,0.934226863825899,0.9139500985208797,0.78485643925148,0.8629228138935252,0.9174557485535395,0.9174557485535397,0.8634445422634563,0.9900460144345289,0.7577906071962066,0.8426742380081511,0.7223272158432528,0.9824887176061119,0.7223272158432528,0.7223272158432528,0.9895607707325591,0.811122583987075,0.9023193977639938,0.7223272158432528,0.7554828354979508,0.9670123206804904,0.8132377670080131,0.8939045044548382,0.8361961589702156,0.9658486661413712,0.9548279537744677,0.705235341633895,0.9714083933984268,0.9905174556385541,0.940091681261793,0.6584525097687597,0.8703513274042394,0.8508050019634457,0.9520602392706955,0.8819472699932516,0.8485224323799813,0.9572080715751812,0.9743092014357326,0.9311946072310935,0.8617049034566793,0.9254476077793645,0.9990592592551364,0.9784698031455155,0.9293058851115359,0.9348849767198615,0.8651073789342363,0.8799703801338816,0.8521229825390562,0.8986003425351379,0.0,0.9254476077793647,0.7952922553041882,0.9227089361519583,0.90479292380878,0.9232877913813078,0.8495566107573878,0.6274945161130703,0.9707366616538043,0.9948943007172464,0.8444725237729116,0.8263153038820887,0.96089318452934,0.8721361884636498,0.8839442688895067,0.9406910117203193,0.7719534430332047,0.9739832594847325,0.9785871744260106,0.9615811908636176,0.9030571559620832,0.9083575213228523,0.9050856432599633,0.7223272158432528,0.9282725629505149,0.9861364778396993,0.9647506825559773,0.8889284286167376,0.9838238732627683,0.7468250682448037,0.9163889031779977,0.9540019910992692,0.9348849767198617,0.9637137500339057,0.9373855340691764,0.9060767151173157,0.8637104667161029,0.9696816270828418,0.7468250682448045,0.9905174556385541,0.7278366219957952,0.8957156269639839,0.9320611426402994,0.92332603571216,0.795577586473462,0.8965500789229097,0.9362364329759869,0.9023193977639941,0.9739827534957808,0.8030296199067855,0.8620301017857247,0.9934000968343188,0.9377834594303425,0.9688050481045742,0.7665675601779391,0.9950647019123147,0.9460593878537935,0.7350447636400568,0.9680936442605139,0.7700738017372333,0.9406910117203193,0.9372186281199564,0.9254476077793645,0.9298297898147683,0.897889827165478,0.9293058851115359,0.8934442010680983,0.8819472699932516,0.9512990813494239,0.878776154719427,0.9053415698864404,0.9522319435190597,0.9282725629505149,0.9406910117203195,0.7223272158432528,0.9472979076308063,0.8535140090672577,0.9155679637305841,0.8741496598639455,0.7223272158432528,0.8550103202676,0.7829885264454604,0.8791209377401441,0.8725489576545012,0.8485974223311201,0.9034103072534103,0.8594362238569957,0.9894422248050396,0.9188713671930944,0.906118892941232,0.9019275594229527,0.9012711872601784,0.9311946072310937,0.8995428034409865,0.8880034676011164,0.9730862985612765,0.8666109663611834,0.9406910117203195,0.949493449183936,0.9572080715751812,0.9406910117203195,0.9076672018071592,0.9881949600984961,0.9647506825559773,0.8813503475514339,0.8179456348562546,0.9587907869179464,0.9011398453294075,0.9407634795537994,0.7506792181660726,0.9787905186531649,0.7350447636400568,0.9282725629505153,0.7577906071962064,0.7350447636400568,0.7350447636400568,0.8570682908676868,0.7223272158432528,0.9536751187028218,0.8193475016382248,0.7223272158432528,0.9320611426402994,0.9277612050281867,0.9342268638258988,0.9254476077793645,0.9311946072310935,0.9688050481045742,0.7350447636400568,0.7753745977318662,0.9892081312538166,0.8474072181717972,0.8311373788634508,0.7223272158432528,0.8811280236189605,0.9730862985612763,0.9320611426402994,0.8821742568592452,0.8556831783106491,0.9342268638258988,0.9227089361519578,0.9377834594303427,0.8423424276108127,0.9008109730235982,0.9200475251844389,0.8714470882136136,0.9376641311574454,0.7980244447304697,0.9092105144882991,0.90534156988644,0.9877180384539763,0.923980167630279,0.9254476077793645,0.9355870190267446,0.9758386162286561,0.7223272158432528,0.9200475251844389,0.8146170891032896,0.9373855340691764,0.7850302897678623,0.9124559366883973,0.9438328971193495,0.9807605466727527,0.7468250682448045,0.7519747414659419,0.9872995826510733,0.7223272158432528,0.7223272158432528,0.818375531982563,0.8461903849356138,0.9258909271026614,0.8689010545872875,0.9825543320961883,0.7483628850979835,0.8292479803172148,0.9745056104402343,0.894276316207222,0.9201914873460106,0.7223272158432528,0.7414530852866155,0.9282725629505149,0.9406910117203198,0.7741751295306649,0.934226863825899,0.8661711473321261,0.7223272158432528,0.7223272158432528,0.9701642688082319,0.9200475251844389,0.9446432228384036,0.9030571559620832,0.7961171350234424,0.8673952205917312,0.8507670614667088,0.8235049062805434,0.9792363665131073,0.8482047472017866,0.7223272158432528,0.8666109663611834,0.9873830485894888,0.9227089361519578,0.9342268638258988,0.7730548888232529,0.9715938209658161,0.9169212952208244,0.9000905586095038,0.922708936151958,0.8422363543836027,0.7223272158432528,0.945451521449981,0.9000905586095038,0.8673952205917315,0.9117013364779587,0.9940115789870262,0.9349986607316811,0.9086767723199491,0.832935054442753,0.9662171720188699,0.815152648293854,0.9771491261260363,0.9948943007172464,0.9934000968343186,0.9715519476804579,0.832200686270079,0.9201914873460106,0.9236497967373473,0.7350447636400568,0.8273689239368172,0.8448192190725382,0.8957156269639839,0.9992556911182977,0.8824506538600928,0.813237767008013,0.9414034319999554,0.9996437898601822,0.846846556117637,0.8824232395660978,0.9878086967234538,0.7223272158432537,0.9373855340691761,0.9030571559620832,0.9784698031455155,0.996189910154736,0.910037399647823,0.96089318452934,0.9881949600984961,0.7936010180085216,0.9390027279901941,0.904027146741752,0.7727778981325856,0.9424307484859047,0.8107813103838797,0.7223272158432528,0.854261670360065,0.7670303732147921,0.9958767769610513,0.9373855340691764,0.9993650229201636,0.8964228513787125,0.9634227924129273,0.7223272158432528,0.8813088468850985,0.7331743984115713,0.7828325272670121,0.965848666141371,0.995024699209174,0.9787216594770385,0.9282725629505149,0.8461374468406961,0.9352461508054246,0.8882905768981044,0.9014314186443212,0.9348849767198617,0.9576176260354319,0.9996437898601822,0.8986003425351379,0.9200475251844391,0.929923500529331,0.923980167630279,0.9700021254883793,0.6261909706488697,0.7408164853969661,0.9011398453294073,0.7350447636400568,0.9554370396258116,0.8030296199067852,0.9365290273164812,0.8913128634154087,0.8696567414260964,0.7223272158432528,0.9745159874661271,0.8064880271258943,0.9091923098144419,0.7223272158432528,0.9714083933984268,0.9100373996478222,0.934226863825899,0.7022686814329042,0.7350447636400568,0.8612025565812302,0.9955239637156411,0.8889850942302338,0.9881949600984963,0.8556831783106491,0.9348849767198617,0.7446009709529273,0.7223272158432528,0.9517801630988365,0.7223272158432528,0.934226863825899,0.8780859857151437,0.9460183492307814,0.9406910117203198,0.9488335374664887,0.7853927686310564,0.9574525972013226,0.8780124908814337,0.7223272158432528,0.943755816569914,0.9863790326685804,0.9643944827667679,0.9139500985208795,0.9005517488164128,0.9282725629505153,0.862030101785725,0.911552100464315,0.5726302687891931,0.9302955801490149,0.7926145653761643,0.5726302687891931,0.878012490881434,0.9282725629505153,0.8196136051637435,0.5726302687891931,0.9406910117203198,0.8921587537070732,0.8468105040849623,0.8670761621516618,0.9174557485535397,0.9747155411251818,0.9320611426402994,0.9771332625934286,0.8666109663611834,0.9925457549106912,0.8647606979879741,0.9403725843137767,0.9956693794948599,0.9407634795537994,0.6726491262367678,0.878012490881434,0.8712483674877678,0.9583117088330111,0.602316759396643,0.8556831783106496,0.8900683556162929,0.9390027279901941,0.9254476077793645,0.975829448129605,0.907740782913099,0.9165846532781935,0.9188713671930944,0.8952641970718371,0.9282725629505149,0.9311946072310937,0.9062242074868004,0.9163889031779977,0.9915452031952149,0.8322563605431144,0.8300272732580977,0.9385696325734338,0.9008109730235982,0.8799703801338812,0.9200475251844387,0.9850039013997476,0.8079838110035127,0.9659676376416982,0.8433666659801875,0.9460481803375178,0.9311946072310933,0.8722428588429538,0.8776225294786416,0.8921587537070723,0.9124559366883973,0.8839442688895067,0.8750215518018307,0.6666849916172677,0.7756942495879604,0.90534156988644,0.6097095060455283,0.9174557485535397,0.8397594488671771,0.7869870344182452,0.9254476077793647,0.9227089361519578,0.8212843295402952,0.8859625712873518,0.9254476077793645,0.8399134433261006,0.9578611672843358,0.7595419117976209,0.9149270915494647,0.9149270915494647,0.876081363604035,0.9676994339018856,0.846846556117637,0.9316363198749,0.9702259786459253,0.8964228513787129,0.9311946072310937,0.9797535929478918,0.894276316207222,0.922708936151958,0.9373855340691764,0.9857325546214564,0.934226863825899,0.7944776737972614,0.9311946072310937
p200_V,0.919922536315012,0.945303040275778,0.8991086132420372,0.9277359074596556,0.9073884413700832,0.9648659912110236,0.963901885593254,0.9305403654214683,0.8402174460344581,0.9629078616894176,0.9439253608596803,0.7768756894075235,0.9128870094924401,0.9277359074596556,0.951968770631014,0.9674484241224512,0.9481398354780852,0.9361160018916064,0.8714717093867045,0.9629078616894176,0.8951222364985463,0.9425720985427188,0.9399319300513138,0.9542136024350834,0.9412414838519025,0.9900588676412958,0.9481398354780852,0.8937024586467958,0.9629078616894176,0.9693431848521966,0.9300668284196516,0.9652137684610215,0.9467071200650465,0.971405875749757,0.8374011676109454,0.9610366993022685,0.9736183137840242,0.9467071200650465,0.9648659912110238,0.9348776724743584,0.9061873961293252,0.9373704232137268,0.942837525383015,0.9026102890296368,0.8582618811750675,0.8577546337645547,0.9558359621451105,0.988462879193307,0.9348776724743586,0.6392086814553967,0.957509435301382,0.8597455235253666,0.9361160018916062,0.9453030402757783,0.9902930825832764,0.9336544549523977,0.933654454952398,0.9526370111116405,0.8189630840562676,0.9496037211238535,0.9185287395081013,0.9676785343596862,0.9361160018916064,0.9868418685480091,0.9592404230051592,0.7921443716179017,0.957509435301382,0.9689188419031359,0.9744168156815498,0.9610366993022685,0.9265867198367659,0.9348776724743586,0.9526370111116407,0.7577799260442377,0.9526370111116405,0.8941307528793181,0.9425720985427188,0.995812608116145,0.8865197128924086,0.9648659912110236,0.9439253608596803,0.9497673578995789,0.9312498291554214,0.9559982666090145,0.9526370111116405,0.9231975163531969,0.8212957849062243,0.9698541749282157,0.9819890130629686,0.9511016704226434,0.9526370111116405,0.9375821720172512,0.8425509890153133,0.937429129222064,0.982045156274965,0.9709117273278065,0.8971110481409439,0.9326920846792617,0.7678042033925443,0.7694243902747525,0.933654454952398,0.9558359621451105,0.9526370111116407,0.8676499406085263,0.8794015740660154,0.9610366993022685,0.9134510531460027,0.7965069792215314,0.7693378488114867,0.9101635890276072,0.9198202436892433,0.9373704232137268,0.8153056432519318,0.9155711502428494,0.9558359621451105,0.7814252209615562,0.945303040275778,0.9610366993022685,0.9648659912110238,0.799463511833891,0.947258480624083,0.8931410336709438,0.9412414838519025,0.9300668284196516,0.9361160018916064,0.8063445760987142,0.9542136024350834,0.8705954752723886,0.9511016704226434,0.9209817665727262,0.8732001770268932,0.9558359621451105,0.957509435301382,0.942837525383015,0.987327403406299,0.855756563598304,0.9326225487423065,0.957509435301382,0.957509435301382,0.9496037211238535,0.9088294956035705,0.9629078616894173,0.8231075637846319,0.950210721158117,0.8951222364985463,0.9957658420390977,0.751447299621845,0.7639668145550393,0.9879700133881206,0.8340710265917908,0.9629078616894176,0.7494567193023436,0.8987613725012114,0.889197195483969,0.957509435301382,0.9589376456981176,0.9021240612426042,0.9899175865127545,0.9010523009261007,0.8931410336709438,0.9416174896164159,0.9558359621451105,0.9386420076357269,0.7907957676628272,0.9041490253843172,0.9220855717829912,0.9949213294847875,0.9465146323386673,0.9671595166054916,0.8868602695609339,0.9765510393593577,0.9511016704226434,0.9336544549523982,0.9875518066547835,0.9952317766508612,0.886251668296631,0.9610366993022685,0.946739196908946,0.9730862985612765,0.9314897302747827,0.9054258771250032,0.9905248313934779,0.9094857206850571,0.9511016704226434,0.9977802754820255,0.8637082826037772,0.7661748570781326,0.9901068178489285,0.9453030402757782,0.9783400888843532,0.9496037211238535,0.9649533549085013,0.8341860124462195,0.8047947912836028,0.95466724533758,0.9526370111116405,0.9542136024350834,0.851810941876093,0.988462879193307,0.9957140897824829,0.8991086132420374,0.9511016704226434,0.9526370111116405,0.877446546739326,0.7747002761065522,0.9629078616894176,0.9526370111116405,0.9388120013913651,0.9878857063735196,0.8817153827478952,0.9342353692072158,0.9113525537588966,0.9511016704226434,0.9526370111116405,0.8987613725012114,0.9526370111116405,0.8093792712193065,0.8814381460005658,0.9097101580843074,0.9526370111116405,0.9378370728938006,0.9526370111116405,0.963901885593254,0.9560815611946232,0.9220855717829912,0.8842921321245036,0.9558359621451105,0.7929984735168571,0.9496037211238535,0.9967391619170713,0.9393618431817529,0.95466724533758,0.8924338763856582,0.9243180392978652,0.957509435301382,0.9325036590333067,0.9489388080389439,0.9092735418441049,0.9836644955542195,0.9423194428466419,0.987885706373519,0.9873274034062989,0.8931410336709438,0.9496037211238535,0.9526370111116405,0.8019720576789588,0.9526370111116405,0.8527418007930996,0.9209817665727262,0.9652137684610214,0.932445449857132,0.7929984735168571,0.9542136024350834,0.5840323192356696,0.9412414838519025,0.9001110559421437,0.995812608116145,0.7931965366205518,0.9558359621451105,0.8803791478671708,0.915294934512644,0.824309351298026,0.9511016704226434,0.7998413629717641,0.8404791612293148,0.9648659912110238,0.778584823639451,0.9041862347368663,0.9373704232137268,0.9119673511039381,0.8833132812750144,0.9652137684610214,0.8170227117103455,0.7965069792215314,0.8466991324467523,0.9610366993022685,0.7854849641560679,0.9198856874256713,0.9386420076357269,0.949173776698871,0.9610366993022685,0.7786690145640724,0.7757716014824818,0.9592404230051592,0.9051664401581994,0.9765510393593577,0.9558359621451105,0.9714058757497572,0.7849210348604752,0.9496037211238535,0.9558359621451105,0.9558359621451105,0.8121617028001503,0.9610366993022685,0.8857271389240955,0.9636331722389386,0.8931410336709438,0.8884965529761202,0.9610366993022685,0.9526370111116407,0.9879700133881204,0.9496037211238535,0.9575094353013822,0.7907957676628273,0.8546046697323413,0.9558359621451105,0.9348776724743586,0.9397554510393483,0.8277625400805722,0.8240628627731426,0.88612422863605,0.9766135065676136,0.9870775046080908,0.964188839071413,0.881356890785397,0.9629078616894173,0.8817960823258066,0.9629078616894176,0.9344184513464586,0.851186915792887,0.9155711502428494,0.7458314556106347,0.9526370111116405,0.9575094353013818,0.9092735418441047,0.9361160018916064,0.9610366993022685,0.9592404230051592,0.9808926695348984,0.9526370111116405,0.9991256173192247,0.9610366993022685,0.9648659912110236,0.9166400151447349,0.8661586408023222,0.9386420076357271,0.9652137684610214,0.7471844708650974,0.840479161229315,0.9412414838519025,0.9467071200650465,0.8517363824474662,0.9558359621451105,0.971405875749757,0.9770480843972957,0.9931163690142983,0.951968770631014,0.9648659912110236,0.7979454077493463,0.9243180392978652,0.7866487334406873,0.9481398354780852,0.9511016704226434,0.9265867198367661,0.9302947288966976,0.7849210348604752,0.7834252014543851,0.8309916996778286,0.9526370111116405,0.7746021087667416,0.969757263765453,0.9254476077793647,0.9231975163531969,0.9629078616894173,0.7581686861405526,0.9526370111116405,0.9526370111116405,0.9348776724743584,0.8817960823258059,0.868632667163505,0.9526370111116405,0.9629078616894176,0.9526370111116407,0.9277359074596555,0.9041490253843172,0.8047947912836028,0.9526370111116407,0.9288957400617388,0.998394872319517,0.8435824105613206,0.821190259664928,0.9526370111116405,0.8891971954839686,0.922085571782991,0.7879341691923529,0.8153837585530268,0.9288957400617388,0.913055425135971,0.9558359621451105,0.7979107482144296,0.9526370111116405,0.811009619429409,0.9361160018916064,0.9643835111434081,0.908683373780483,0.9542136024350834,0.8425509890153136,0.9467071200650465,0.9526370111116405,0.8204656595098915,0.8485378454600021,0.9526370111116405,0.9783400888843532,0.8294595995241213,0.852744627559685,0.8583804773702233,0.7907957676628272,0.9526370111116405,0.9955546949233898,0.9027589491053101,0.9592404230051592,0.8617298618427944,0.8277625400805722,0.9160269146595146,0.7844516820815028,0.9031349604797552,0.9558359621451105,0.8546046697323413,0.8443564053524308,0.9399319300513138,0.8422168808828505,0.8823349016943813,0.8794015740660153,0.8896463743514136,0.957509435301382,0.9361160018916064,0.9526370111116405,0.9610366993022685,0.949173776698871,0.9300511406700868,0.8150265150436211,0.9324454498571317,0.9842011665427951,0.9330061661104523,0.9542136024350834,0.9496037211238535,0.9439253608596805,0.9526370111116407,0.945303040275778,0.8872325694620833,0.9103107362174552,0.8714717093867045,0.7884479172306686,0.9493957255905626,0.945303040275778,0.9399319300513138,0.8224931556269461,0.9425720985427188,0.9629078616894176,0.9040054062556087,0.6634374966840282,0.9375821720172512,0.9373704232137268,0.9425720985427191,0.9092735418441047,0.9558359621451105,0.9243180392978652,0.9061873961293254,0.9005830613528045,0.9386420076357269,0.9868418685480091,0.995812608116145,0.9300668284196516,0.8507258744656065,0.8217667418575592,0.9113525537588965,0.9873274034062989,0.928675597999372,0.8981086621953585,0.9765510393593577,0.8939720406672318,0.939931930051314,0.8299192991696218,0.9439253608596805,0.8617298618427944,0.9386420076357271,0.9209817665727262,0.8075195577599243,0.9558359621451105,0.9522752511635897,0.9267919121317674,0.983682988822291,0.9325036590333068,0.9610366993022685,0.931420782295534,0.9760557307924651,0.9592404230051592,0.9681385641755447,0.9481398354780852,0.9481398354780852,0.887936972223425,0.9610366993022685,0.9300668284196516,0.8373477570245095,0.9187969445925777,0.9511016704226434,0.9511016704226434,0.85560450710425,0.9560815611946234,0.948139835478085,0.8803791478671708,0.9526370111116405,0.9592404230051594,0.9526370111116405,0.9526370111116405,0.7694243902747524,0.939931930051314,0.9243180392978652,0.9526370111116405,0.7514730454359493,0.7081071803511941,0.9423194428466419,0.9282894047452503,0.8891971954839688,0.8189630840562674,0.9518893725088031,0.9092735418441049,0.7359365694375495,0.9467071200650465,0.9688487076702471,0.9592404230051592,0.983682988822291,0.8767243319497848,0.7704391635096572,0.9300668284196516,0.9902930825832764,0.9496037211238535,0.9794806690961565,0.9592404230051592,0.9031349604797552,0.9558359621451105,0.9072120922355342,0.9393618431817526,0.9373704232137268,0.9399319300513138,0.7846000765797914,0.9288957400617388,0.9123992402861405,0.9399319300513138,0.9254476077793647,0.0,0.8803288140439889,0.9542136024350834,0.9198856874256711,0.7683200278016398,0.8507258744656063,0.9575094353013822,0.8998492893872085,0.9481398354780852,0.9054692267382084,0.8971110481409439,0.9808926695348984,0.8179571760346674,0.9312498291554214,0.9648659912110236,0.8189630840562676,0.6916854952177962,0.9092735418441047,0.816716453053983,0.998394872319517,0.9987120692432441,0.7075548360461288,0.9526370111116405,0.957509435301382,0.9220855717829912,0.9526370111116407,0.8705954752723888,0.9393618431817526,0.6532256048760404,0.9312498291554214,0.8425509890153136,0.9399319300513138,0.7878796807258952,0.9629078616894176,0.8075195577599243,0.9439253608596803,0.6795238906974876,0.9842011665427951,0.8012936905282448,0.9267919121317674,0.9209817665727262,0.9386420076357269,0.9942837725413018,0.930762914524653,0.8233987369410405,0.8227434764427731,0.9243180392978652,0.8446301476237548,0.9042162740830946,0.9801704643354423,0.9629078616894176,0.942990249213453,0.9542136024350834,0.8497130258115502,0.7607214290393964,0.9388267942128117,0.9511016704226434,0.8098519714818668,0.8517363824474662,0.9648659912110236,0.896593572383185,0.820414601171699,0.9231975163531969,0.922085571782991,0.9922127245794843,0.9491737766988708,0.9300668284196516,0.7693378488114866,0.9051664401581994,0.94392536085968,0.9511016704226434,0.957509435301382,0.9648659912110238,0.9526370111116405,0.9714058757497572,0.8745128950949936,0.8153056432519317,0.9254476077793647,0.9526370111116405,0.9985562884541683,0.8672605145480656,0.791724724353783,0.9277359074596556,0.9103107362174552,0.8991086132420374,0.9288795490854437,0.9807461421272916,0.9839674685144806,0.9546672453375802,0.8458668379645268,0.9363467946367829,0.9592404230051592,0.9092735418441047,0.933654454952398,0.9695808922938259,0.9209817665727262,0.9648659912110238,0.7584224381987759,0.9496037211238535,0.9648659912110236,0.945303040275778,0.9336544549523977,0.9526370111116407,0.8527446275596849,0.8921529459435535,0.8714717093867046,0.7674138938518074,0.9983948723195168,0.8255189618559329,0.7907957676628272,0.9511016704226434,0.9652137684610215,0.948139835478085,0.9511016704226434,0.9511016704226434,0.9243180392978654,0.9526370111116405,0.987327403406299,0.9560815611946234,0.9526370111116405,0.9386420076357269,0.8981086621953585,0.9552175050422179,0.9558359621451105,0.9592404230051592,0.9542136024350834,0.9511016704226434,0.809851971481867,0.8327521665896491,0.8328391424856556,0.8614601651570806,0.9526370111116405,0.9134510531460027,0.9558359621451105,0.9386420076357271,0.8006907814269039,0.9575139843524121,0.9610366993022685,0.9542136024350834,0.8851061157461311,0.9878857063735189,0.9412414838519025,0.9526370111116407,0.9209817665727265,0.9265867198367659,0.9697258997487671,0.9282111328653389,0.9439253608596805,0.9610366993022685,0.9348776724743586,0.9558359621451105,0.9134510531460027,0.7959075277121457,0.9526370111116405,0.9526370111116407,0.8901811511257471,0.9629078616894176,0.848697758622408,0.9481398354780852,0.9439253608596803,0.7611811794511716,0.9842011665427951,0.7733275845860157,0.7800981440304908,0.9526370111116405,0.9526370111116405,0.9899175865127544,0.9051147616874998,0.9092735418441047,0.8796755654923116,0.7581686861405524,0.8583804773702235,0.8507258744656063,0.763438631971481,0.9373704232137268,0.7773263884392076,0.9526370111116405,0.9478374857144207,0.957509435301382,0.9648659912110238,0.8425509890153136,0.9610366993022685,0.7820663749515685,0.9526370111116405,0.9526370111116405,0.7904815296111656,0.9526370111116409,0.8127820297355115,0.9425720985427191,0.8666662211060934,0.9061873961293252,0.9839674685144804,0.9465146323386673,0.9026674541273162,0.8933378821185829,0.9526370111116405,0.9209817665727262,0.7710309431023974,0.9542136024350834,0.9552175050422179,0.8443564053524306,0.9659103732454717,0.9166400151447351,0.9231975163531969,0.9014502300031317,0.868632667163505,0.9526370111116405,0.7577799260442377,0.9231975163531969,0.972830895242649,0.881356890785397,0.8745128950949936,0.7467940061746052,0.9209771336365021,0.8965891561155481,0.799841362971764,0.9845766062222959,0.8247925972571248,0.987327403406299,0.9629078616894176,0.925818696841238,0.9361160018916064,0.746781437993032,0.957509435301382,0.9511016704226434,0.9025391984870588,0.9094857206850574,0.9665480300996037,0.8805577584645794,0.9648659912110236,0.9209817665727262,0.8505410419770532,0.942837525383015,0.9092735418441047,0.9316363198749003,0.8994369109414206,0.9073884413700832,0.9629078616894176,0.9425720985427188,0.7032297266306959,0.9376033950120524,0.9902930825832766,0.9128870094924401,0.9859410630732464,0.9011161501496316,0.9542136024350834,0.8441193845389972,0.9231975163531969,0.7937740955279329,0.8224931556269461,0.9526370111116405,0.8991086132420374,0.9526370111116407,0.8047947912836029,0.9629078616894176,0.9922127245794845,0.9386420076357269,0.9649212652990378,0.9526370111116405,0.7878796807258951,0.8189630840562676,0.9386420076357269,0.7560495458914245,0.8199068880584627,0.7773263884392076,0.957509435301382,0.7953903888115897,0.8546873737058384,0.8796755654923114,0.8155856001785133,0.9399319300513138,0.853750687582344,0.9648659912110236,0.9399319300513138,0.9526370111116407,0.9051664401581994,0.9348776724743584,0.7378604117312435,0.9505241704836671,0.8233987369410405,0.7674138938518058,0.9511016704226434,0.8278482408692519,0.8705954752723888,0.9031349604797552,0.8179571760346673,0.8086886533123149,0.9526370111116405,0.7760635075271658,0.8725553212046713,0.9277359074596554,0.9526370111116405,0.7359365694375495,0.9467071200650465,0.9610366993022685,0.9399319300513138,0.9511016704226434,0.8567565353887989,0.9559982666090145,0.9041490253843172,0.9859410630732461,0.9575139843524121,0.9399319300513138,0.8255892557605067,0.9526370111116405,0.8099444568561252,0.9526370111116405,0.9610366993022685,0.8760112958426578,0.9230780328727826,0.9648659912110238,0.9671595166054916,0.906420669138204,0.9532701319100467,0.9277359074596556,0.9526370111116405,0.9056949642367282,0.7969935480506791,0.9259372921081943,0.9300668284196516,0.9209817665727267,0.9652137684610215,0.9300668284196516,0.9288957400617388,0.9220855717829912,0.7901630378925124,0.808688653312315,0.9220855717829912,0.9277359074596556,0.9575094353013822,0.8931410336709438,0.9220855717829912,0.9648659912110238,0.9559982666090147,0.9542136024350834,0.8931410336709438,0.9511016704226434,0.9288957400617388,0.9386420076357269,0.9085235928818939,0.9665480300996037,0.9464536062171711,0.9448192234819676,0.7996606229568316,0.9511016704226434,0.9425720985427191,0.900910404526477,0.9277359074596556,0.9082407355488131,0.9669869402855739,0.9938553535985173,0.9145082620913982,0.9348776724743584,0.9542136024350834,0.9558359621451105,0.949173776698871,0.9790460413412314,0.8099444568561254,0.9839674685144806,0.9709117273278066,0.957509435301382,0.9592404230051592,0.9415930027397968,0.9671595166054915,0.8754910501451354,0.797443999173266,0.9300668284196516,0.9733561462382216,0.9412414838519025,0.9288957400617388,0.9526370111116407,0.8364182401773811,0.8862516682966308,0.9187969445925777,0.8490355468911474,0.9897853882679539,0.9592404230051592,0.9714058757497572,0.9735954216165379,0.9361160018916062,0.9481398354780852,0.9312498291554214,0.9868418685480091,0.9799577055509369,0.9531950918735757,0.9439253608596803,0.9847773554932616,0.9808926695348984,0.9646845944942746,0.9885291785887991,0.9558359621451105,0.9542136024350834,0.8069974279569663,0.9324454498571313,0.9558359621451105,0.8946428180839179,0.924310543893625,0.9924108112436552,0.9496037211238535,0.9496037211238535,0.8743546360864839,0.994437324868074,0.9092735418441047,0.9558359621451105,0.8307964537889383,0.9386420076357269,0.9592404230051592,0.8288787761631806,0.9529449740547578,0.9542136024350834,0.9629078616894176,0.9953978806517948,0.9610366993022685,0.9846778189268361,0.9592404230051592
p201_H,0.8191563187516391,0.9288758056186721,0.8688077246092845,0.9833076730146284,0.9384124008873462,0.9543141322095121,0.7408440765635536,0.7935088110152517,0.9821034579526184,0.9517679141853164,0.9270843653068208,0.9364159486136481,0.9364159486136479,0.9060327047326973,0.9609356788097785,0.6096192035927847,0.9325645805415601,0.9169296077473639,0.9493347822888891,0.9517679141853166,0.8933608835872631,0.9253246753246755,0.966854861926912,0.9404624926714933,0.9235944347702933,0.9169296077473637,0.9325645805415601,0.9919609062430835,0.9517679141853164,0.8209554290363836,0.909063675307336,0.9447481688519048,0.9307015751744636,0.9015883421806554,0.9384124008873465,0.9493347822888891,0.9404624926714933,0.9307015751744632,0.9543141322095119,0.9153193686659862,0.8780124908814337,0.918560771643866,0.9543141322095119,0.9995729386747717,0.9652792462742583,0.8150338313320786,0.9425720985427193,0.8793449357816121,0.9153193686659862,0.9906159803016457,0.9447481688519046,0.8176226485360634,0.9169296077473637,0.2912613922208478,0.9805663112989254,0.9137287800621368,0.9137287800621368,0.17526171623055564,0.8269464080737017,0.934468117552512,0.9800884826873312,0.9190630986802055,0.9169296077473641,0.9099317521606791,0.9469990271543747,0.9096700150805577,0.9447481688519048,0.7295479505095195,0.8397293292768595,0.9493347822888891,0.9045383795584441,0.9153193686659862,0.9384124008873465,0.9127943552333815,0.17526171623055564,0.8623348546394323,0.981225296442688,0.9747821421515683,0.8591705443298998,0.9543141322095121,0.9747821421515686,0.9202142532643913,0.44612089332048965,0.9169296077473639,0.17526171623055564,0.9001312905981322,0.8877752682100516,0.7871401483953799,0.9022591883114608,0.20235352416864938,0.17526171623055564,0.8688077246092836,0.8200238589875921,0.9023690371089113,0.44612089332048965,0.6061709900633319,0.8962947481591488,0.8636241122876707,0.9277963435322056,0.8775479624637765,0.9137287800621368,0.9425720985427191,0.9384124008873465,0.8542491929403555,0.6889416727523747,0.9493347822888891,0.8874576548572419,0.8976281499128818,0.9235944347702933,0.9159248809660823,0.8495413835116434,0.9185607716438655,0.9103407334211042,0.8902144844650242,0.9425720985427193,0.8799466210321039,0.9288758056186721,0.9493347822888891,0.9543141322095117,0.9596419119720152,0.9297484119999466,0.8610478913106778,0.9235944347702933,0.909063675307336,0.9169296077473639,0.8465044236130597,0.9404624926714933,0.7158805587636539,0.9364159486136481,0.933316065142574,0.9289830069398279,0.9425720985427191,0.9447481688519048,0.9726326202607709,0.9325645805415601,0.8379007267842438,0.9674335738138296,0.9447481688519048,0.9447481688519046,0.22723031374726355,0.8591571271495144,0.9517679141853164,0.8851624535983154,0.872089270661156,0.8636241122876704,0.8916043634534074,0.9926862347706238,0.9349255385956456,0.915319368665986,0.8499556006042223,0.9517679141853164,0.9195453412137855,0.8253412912328231,0.884718273565086,0.9447481688519046,0.9153193686659857,0.8727288074413175,0.9672160906068992,0.9369966819500086,0.6684339708257332,0.7529647436237878,0.9425720985427191,0.964376598029419,0.7365242011142299,0.8753619326452884,0.8986853937484476,0.9647865548213022,0.8780124908814337,0.9508067898672803,0.9397609250460663,0.9060327047326975,0.9364159486136476,0.9137287800621368,0.6858553289247526,0.8227755500574696,0.8520894306481994,0.9493347822888891,0.7164638075609724,0.9407634795537996,0.6349774276811928,0.8930024213743275,0.9546406372824612,0.9137287800621368,0.9364159486136479,0.5892786344479961,0.8227755500574698,0.9069455524561849,0.9454800327660551,0.2912613922208478,0.9858118985030544,0.9344681175525122,0.88337420099123,0.7843868042871214,0.911844417621186,0.9195453412137857,0.17526171623055564,0.9404624926714933,0.9607441863599598,0.5740157354286406,0.8505115488480841,0.868807724609284,0.9364159486136479,0.17526171623055564,0.8406398513598705,0.8642044212662674,0.9517679141853164,0.17526171623055564,0.7049857901450896,0.9693820495180772,0.9510444518769683,0.6743506079632708,0.8847289094375661,0.9364159486136479,0.17526171623055564,0.7295479505095195,0.17526171623055564,0.8925326077289395,0.8296877053467195,0.8255591144904018,0.17526171623055564,0.742491632631574,0.17526171623055564,0.7654724459742522,0.8874576548572419,0.8986853937484478,0.8495413835116425,0.9425720985427191,0.8413982421241406,0.22723031374726266,0.921891580360551,0.9253246753246758,0.8860899491808245,0.7511369233144625,0.9761289800255137,0.9447481688519048,0.4836022835336564,0.8977731789942542,0.9146756363968291,0.8753619326452873,0.9945519661064196,0.8972500807670707,0.9325645805415603,0.8610478913106778,0.9868619655962767,0.17526171623055564,0.9799759007960187,0.17526171623055564,0.7973195980149685,0.8972500807670707,0.9329216899439512,0.9121566723282291,0.8889285108945431,0.9975839852098576,0.9970882712052179,0.9235944347702931,0.8701112326985447,0.9775200810036838,0.9115644070854618,0.9425720985427193,0.8444532057713665,0.8444532057713674,0.8619374186614905,0.20235352416864938,0.8623126901075597,0.8419119437314362,0.9543141322095119,0.8973569801802848,0.7979426727616283,0.3869108010226576,0.9532705747358552,0.8762635967305408,0.932921689943951,0.8933175153812563,0.9215245408711584,0.8734201452534448,0.9493347822888891,0.9405958600442976,0.8958248142311336,0.9202142532643911,0.8806825133605409,0.9493347822888891,0.9495786524413503,0.9198532777763317,0.9469990271543747,0.8766849093977234,0.9060327047326973,0.9425720985427191,0.9015883421806554,0.8862911246385965,0.9344681175525122,0.9425720985427193,0.9425720985427191,0.7557478947704037,0.9493347822888891,0.8035724714228709,0.627772096247224,0.8610478913106769,0.8365351316003191,0.9843798933538866,0.9384124008873462,0.9153193686659862,0.9344681175525127,0.9447481688519048,0.8800276452998841,0.908375355818029,0.9425720985427191,0.9153193686659855,0.898685393748448,0.8119829096373624,0.9589082569453209,0.9182613867295792,0.7685421777340049,0.795867450267205,0.7252970670713161,0.901230203276408,0.9788198231857259,0.9821034579526184,0.9517679141853164,0.901588342180655,0.933316065142574,0.8902144844650242,0.8803288140439889,0.17526171623055564,0.9447481688519048,0.882025504197234,0.9169296077473639,0.9493347822888891,0.9469990271543747,0.9364159486136481,0.17526171623055564,0.9235944347702933,0.9493347822888891,0.9726326202607709,0.9262700211315926,0.8591705443298998,0.9202142532643913,0.9447481688519048,0.9222105570349488,0.7925699855750055,0.9694100907323095,0.9307015751744636,0.807208107952379,0.9425720985427193,0.9015883421806556,0.7717868275465867,0.9776172307537023,0.9956013364879643,0.9543141322095121,0.8584648973268965,0.938858661103084,0.8496550108682437,0.9325645805415603,0.20235352416864938,0.9809768509989653,0.8610478913106776,0.8622415158560888,0.8878531491156076,0.7802331379151815,0.17526171623055564,0.9008518050676442,0.9893117100305695,0.9407634795537996,0.9001312905981322,0.9517679141853161,0.9142958754806105,0.17526171623055564,0.17526171623055564,0.9153193686659862,0.88337420099123,0.8556126329150247,0.17526171623055564,0.9517679141853164,0.9384124008873465,0.9060327047326974,0.8753619326452886,0.8642044212662674,0.9384124008873465,0.9075408719115732,0.9720496894409938,0.7966052392676446,0.9841452571382637,0.17526171623055564,0.8559195932254959,0.8986853937484478,0.8717781558898197,0.9110325443432027,0.9075408719115727,0.9388015707402727,0.9425720985427191,0.8721515070297086,0.17526171623055564,0.7781461951214994,0.959625725504542,0.9349138804345938,0.8433485724483503,0.9404624926714935,0.8447836689107455,0.9307015751744636,0.17526171623055564,0.9052964331108351,0.7807579790798047,0.17526171623055564,0.9858118985030548,0.8467010899784635,0.8085191611024447,0.8002684491786298,0.8800276452998841,0.17526171623055564,0.7921938525659624,0.9038902485724094,0.9894382119329369,0.7399196537556171,0.8119829096373627,0.9211999702940652,0.9909502767776956,0.8740433118343505,0.9425720985427193,0.9400658022383346,0.9806143176228139,0.9218915803605507,0.8993383238428323,0.9306136377073448,0.8431820355014634,0.35869591457767247,0.9447481688519046,0.9169296077473641,0.17526171623055564,0.9843798933538866,0.8806825133605409,0.8940907711008599,0.9270843653068208,0.9121566723282291,0.227230313747264,0.8138309153573875,0.9404624926714935,0.227230313747264,0.9270843653068208,0.9384124008873465,0.9776172307537023,0.8533649275956028,0.9162839533116929,0.9493347822888891,0.8903240383514801,0.9094075605567677,0.9288758056186723,0.966854861926912,0.8305634338754784,0.9253246753246755,0.9517679141853164,0.7811679883975335,0.9919609062430833,0.6135071886981778,0.3435027743143161,0.9253246753246758,0.882025504197234,0.9425720985427191,0.9388586611030847,0.8780124908814337,0.9638132405078337,0.964376598029419,0.9099317521606793,0.9747821421515686,0.9487210184868773,0.766282217498959,0.8430610575448734,0.8847289094375661,0.9325645805415601,0.8472385924039756,0.897773178994254,0.9060327047326975,0.9202142532643913,0.3137326330113126,0.7788386614655782,0.9747821421515686,0.8719532289905911,0.9202142532643913,0.9333160651425743,0.8447678414565525,0.9425720985427191,0.8888308259151552,0.800256998425521,0.9001312905981322,0.9099317521606791,0.9493347822888891,0.7452300517240024,0.8992597885323743,0.9469990271543747,0.898685393748448,0.9325645805415599,0.9325645805415606,0.994086760546023,0.9843798933538866,0.909063675307336,0.8130447978830292,0.8944090873373047,0.9364159486136476,0.9364159486136476,0.7737857562464537,0.8874576548572419,0.25018603398499273,0.8720892706611562,0.17526171623055564,0.9469990271543749,0.17526171623055564,0.17526171623055564,0.9018766686009254,0.358695914577673,0.938858661103084,0.17526171623055564,0.7250273425655664,0.9285396318135288,0.3453642473473648,0.8474395468832963,0.8559195932254959,0.7886191024792872,0.9162839533116929,0.5955723806092477,0.9317246035504445,0.9307015751744632,0.891904720385277,0.4809361246314322,0.9001312905981322,0.7701028389685369,0.6509989931699331,0.909063675307336,0.9805663112989256,0.9344681175525122,0.8339950230913968,0.9469990271543745,0.8740433118343505,0.9425720985427193,0.9115001904163038,0.9253246753246755,0.9619687983522078,0.9218915803605507,0.944642954928937,0.9075408719115734,0.9195453412137857,0.966854861926912,0.7952922553041882,0.8803288140439889,0.0,0.9404624926714935,0.8958248142311336,0.826621851461925,0.8058941123210306,0.5047661957294463,0.8528864588605991,0.6588107267217145,0.851290072102318,0.8662102272482624,0.9902428565647543,0.8717781558898197,0.9106019687464653,0.9543141322095121,0.7886191024792872,0.9413827490486111,0.8567734382060053,0.7616705812240057,0.9253246753246758,0.9549422857308887,0.9729788794609313,0.17526171623055564,0.9447481688519046,0.898685393748448,0.9384124008873465,0.8583422593496206,0.9253246753246755,0.9083503383161959,0.9106019687464653,0.7952640490644389,0.921891580360551,0.8831627867342267,0.9517679141853166,0.7735657185963245,0.9775200810036838,0.9464688954942895,0.227230313747264,0.9307015751744632,0.7758242809380294,0.8972500807670709,0.9643765980294188,0.8529201164520535,0.9979222146376558,0.843675563551579,0.8610766264593233,0.938858661103084,0.7095397524724927,0.8317311854817002,0.909063675307336,0.9788198231857259,0.9235944347702933,0.9975839852098576,0.8296877053467195,0.9473257685964236,0.6395887590131377,0.20235352416864938,0.7766258836139823,0.807208107952379,0.9543141322095121,0.9674335738138296,0.9425720985427191,0.9001312905981322,0.9351366270846042,0.9185607716438653,0.9130812730632982,0.909063675307336,0.9847742533056745,0.5845775014570813,0.9270843653068206,0.9364159486136479,0.9447481688519046,0.9726326202607708,0.17526171623055564,0.9388586611030845,0.8638170757873314,0.8862911246385965,0.9030571559620835,0.17526171623055564,0.8584801609121502,0.8116397691515891,0.9530007332467467,0.4757675490118525,0.8833742009912298,0.8992597885323739,0.942315634244266,0.7880121130387017,0.9121566723282288,0.8860899491808245,0.6908360632892855,0.897773178994254,0.9469990271543749,0.8820255041972338,0.9137287800621368,0.9983948723195168,0.8972500807670711,0.9543141322095117,0.9247233194846388,0.9344681175525127,0.9543141322095119,0.9288758056186721,0.9137287800621368,0.9384124008873462,0.7616991554206729,0.8597630494484783,0.9493347822888891,0.9384124008873465,0.9253246753246758,0.7816064815091275,0.8800276452998841,0.20235352416864938,0.9940867605460231,0.2501860339849922,0.20235352416864938,0.20235352416864938,0.464816236138045,0.17526171623055564,0.9836426671336509,0.5389229827167628,0.17526171623055564,0.9202142532643913,0.5877095385376472,0.9493347822888891,0.9425720985427193,0.9469990271543747,0.9404624926714935,0.20235352416864938,0.7766258836139825,0.9596419119720152,0.9432185749403662,0.8576540496660254,0.17526171623055564,0.8874576548572422,0.9425720985427191,0.9202142532643913,0.8689823285831062,0.8888323772351057,0.9493347822888891,0.9404624926714935,0.9694100907323095,0.9333160651425743,0.7098803175335778,0.9384124008873462,0.5256941692248802,0.9045383795584441,0.9487210184868773,0.7183209131190954,0.9270843653068208,0.9843798933538865,0.9153193686659862,0.9425720985427193,0.9211999702940652,0.884362987598365,0.17526171623055564,0.9384124008873462,0.8571990620055052,0.9517679141853164,0.8032568888594933,0.9325645805415603,0.9747821421515686,0.9096700150805577,0.227230313747264,0.7529116402851446,0.8815687437465898,0.17526171623055564,0.17526171623055564,0.4973493365748609,0.7590593723187995,0.9146756363968289,0.8126462580697255,0.9142958754806105,0.80026844917863,0.8310602105669127,0.8768844017974897,0.9185607716438657,0.8940907711008599,0.17526171623055564,0.9436554450509949,0.9447481688519046,0.9543141322095119,0.7952640490644391,0.9493347822888891,0.9190630986802057,0.17526171623055564,0.17526171623055564,0.8684804915776487,0.9384124008873462,0.8545453181419482,0.9253246753246758,0.8266218514619252,0.8780124908814337,0.6800433072039428,0.8780124908814335,0.9237882481798889,0.8189138111500287,0.17526171623055564,0.8972500807670711,0.900319582565634,0.9404624926714933,0.9843798933538866,0.5166979646978096,0.7269784187937702,0.5537451136956171,0.9001312905981322,0.9404624926714933,0.8820463820882143,0.17526171623055564,0.9127943552333815,0.9001312905981322,0.9418510134399245,0.8457245959495681,0.8908090206462496,0.9248999189762374,0.8847289094375663,0.8227755500574698,0.9894382119329367,0.8679422370740957,0.9665204937517076,0.9836426671336507,0.9517679141853164,0.9060327047326975,0.39993250813778825,0.9182672916288706,0.9447481688519046,0.20235352416864938,0.8776621074290039,0.96211568167946,0.9333160651425745,0.942699969372641,0.9543141322095121,0.9333160651425743,0.9543141322095121,0.9543141322095119,0.8820255041972338,0.4936416665704557,0.9696910817832283,0.9938077685674775,0.9517679141853164,0.9253246753246755,0.9253246753246755,0.8462173732414175,0.9805663112989258,0.9902428565647541,0.9137287800621368,0.5734438170542081,0.9404624926714933,0.7429692855380383,0.473379046297847,0.7248465963233013,0.7383934145575268,0.17526171623055564,0.8688077246092836,0.9384124008873465,0.7308556097169268,0.9517679141853164,0.918560771643866,0.9202142532643915,0.9300732343522717,0.17526171623055564,0.7327466599103807,0.7645919468888491,0.9202142532643913,0.8847277248410401,0.8882074145027592,0.8940907711008598,0.9447481688519046,0.7025261284755546,0.7291934306030055,0.788619102479287,0.8323862395107016,0.9218915803605512,0.7847160115242043,0.9543141322095121,0.966854861926912,0.9384124008873465,0.8766849093977234,0.9993652126586656,0.9301302345765388,0.5629222484096525,0.7703597672498952,0.8400061283921287,0.20235352416864938,0.8338004366010847,0.8317311854817004,0.6259067477419009,0.8717781558898197,0.8668909746473386,0.17526171623055564,0.9231017872839916,0.8342796354092279,0.9060327047326975,0.17526171623055564,0.9317246035504447,0.9307015751744634,0.9493347822888891,0.358695914577673,0.20235352416864938,0.9820291849056927,0.9976781567382802,0.9068304302001384,0.9551139594816045,0.8888323772351057,0.966854861926912,0.7732081684608065,0.17526171623055564,0.9655033215314222,0.17526171623055564,0.9493347822888891,0.8227962496162924,0.9475105553701295,0.9543141322095119,0.9687835678910894,0.7602000973042946,0.8847289094375661,0.9060327047326973,0.17526171623055564,0.8958295072151907,0.8805949390857777,0.8705190875248374,0.9487210184868773,0.5256941692248811,0.9447481688519048,0.4564188338200007,0.9075408719115727,0.5180948728730483,0.8701112326985447,0.7750991061349137,0.5180948728730483,0.9060327047326975,0.9447481688519046,0.8610478913106772,0.5180948728730483,0.9543141322095119,0.9169296077473639,0.9975839852098576,0.8904552749271522,0.9902428565647543,0.9466763852073137,0.9202142532643913,0.9601639163785549,0.8972500807670709,0.9668548619269122,0.9970882712052179,0.9153193686659862,0.9364159486136479,0.9253246753246758,0.6969317396510617,0.9060327047326975,0.8806825133605412,0.8973569801802848,0.5470576809956726,0.8888323772351059,0.9573422906623259,0.9404624926714933,0.9425720985427193,0.8806825133605412,0.9022591883114608,0.965503321531422,0.9121566723282288,0.9436554450509944,0.9447481688519048,0.9469990271543749,0.6791722811468247,0.9106019687464653,0.8380970570148376,0.9893117100305695,0.909063675307336,0.7114208489606424,0.9235944347702933,0.9075408719115725,0.9384124008873462,0.9019487524837775,0.8804711109122261,0.894409087337305,0.8793449357816123,0.7449360229526111,0.9469990271543747,0.9388586611030845,0.6442855859758628,0.9169296077473637,0.9325645805415601,0.9106019687464653,0.9418510134399245,0.6857336911022114,0.8516706130772593,0.9270843653068208,0.7062237012986021,0.9364159486136481,0.8875752334202736,0.7758242809380296,0.9425720985427191,0.9404624926714933,0.9510444518769683,0.9121566723282295,0.9425720985427193,0.908375355818029,0.9414675996096102,0.7696616986214532,0.9344681175525125,0.9344681175525122,0.9206355742020771,0.9202142532643911,0.882025504197234,0.9425720985427193,0.934913880434594,0.9202142532643913,0.9469990271543749,0.9926862347706236,0.9185607716438657,0.9404624926714933,0.9517679141853164,0.9786774257765747,0.9493347822888891,0.8061788577532891,0.9469990271543749
p201_I,0.8600166410692991,0.9432937551644589,0.8067755837578559,0.8859808679290597,0.9813818316380161,0.9635753483468394,0.8653769312396413,0.8759869691607485,0.9070160137452734,0.9615452872130625,0.9415131363853566,0.9493053971730234,0.9493053971730234,0.5553396551526283,0.9135777978424582,0.8892155845940948,0.7415495463346314,0.9337692322192532,0.5541903723469288,0.9615452872130625,0.9276228731395864,0.9404624926714933,0.9377253379624284,0.9525316455696202,0.9390829980374291,0.933769232219253,0.3668907135029372,0.9192233962368055,0.9615452872130625,0.868617774737093,0.9274978432118419,0.9559485503920393,0.9447494136270196,0.9215378731313926,0.9508971383859763,0.9596053879391779,0.9525316455696202,0.5066122636892834,0.9635753483468394,0.5024097331093753,0.902741203339785,0.9350697345319547,0.9471168020443,0.959016409305403,0.9913221015557613,0.8345680916505782,0.9736183137840244,0.9038035415131256,0.9324854129452833,0.8954023823601895,0.9692769377093197,0.7679194945116128,0.9337692322192532,0.9432937551644589,0.9447494136270196,0.98181078671843,0.9312172606999458,0.9508971383859763,0.841685999863805,0.947752420917731,0.909181238716753,0.8367671217737248,0.9337692322192535,0.902741203339785,0.9577431256853026,0.9201654654521203,0.9559485503920393,0.8927560435416244,0.8738559594940681,0.9596053879391779,0.46962531222607007,0.9324854129452833,0.9813818316380162,0.8625158980695153,0.9508971383859763,0.8902416609981854,0.9975839852098576,0.9418654668890594,0.8591052725560668,0.7685011028265796,0.9998238347481486,0.9903766507571461,0.6780714275971065,0.9337692322192532,0.9508971383859763,0.5389985445009641,0.9975839852098578,0.8404977116318593,0.93518689541171,0.9493053971730236,0.9508971383859763,0.6578645668168783,0.8000054315513372,0.9235477589143899,0.9287243013130126,0.9038035415131255,0.6285489519226684,0.8912695666285135,0.825890984965078,0.8545251315798743,0.9312172606999456,0.9542136024350834,0.30417153187793944,0.7828937631737924,0.8749714078758027,0.9596053879391779,0.5534770339719254,0.8624939268127862,0.9390829980374291,0.8346191856858276,0.7074261846288004,0.9350697345319547,0.8337215482320727,0.9124696683389528,0.9542136024350834,0.8315400581731196,0.9432937551644591,0.9596053879391779,0.9635753483468394,0.8949988213646447,0.9977811431789548,0.6793768683546734,0.3887994136422047,0.9274978432118417,0.9618384623739507,0.7927144738704677,0.9525316455696202,0.8983739487948561,0.9848910203339207,0.918079042897614,0.8769985528794619,0.9542136024350834,0.8945024258106784,0.9635753483468394,0.9462347596389562,0.7448377452012052,0.9179524031336135,0.9559485503920393,0.9559485503920391,0.947752420917731,0.8953792661065003,0.9615452872130625,0.8302837275767863,0.8199484368275466,0.7451973682607597,0.9135777978424582,0.9162478915215846,0.8473352221942345,0.9324854129452833,0.7664239224831367,0.9535979799037623,0.9091812387167528,0.8191648344660394,0.9203333571111536,0.8945024258106786,0.9324854129452831,0.9876170497866433,0.646676880146725,0.8617682235186919,0.6434262394337373,0.8043208177111412,0.9542136024350834,0.9016461085857465,0.8674070011286248,0.9006279533325663,0.6351590063362382,0.8983739487948561,0.9417626114543682,0.9287243013130126,0.8504578012789961,0.9723157551667552,0.9493053971730236,0.9312172606999456,0.7508809619658823,0.9223339547307454,0.7709598306547535,0.9596053879391779,0.9422632192467122,0.968805048104574,0.7844149639904653,0.9146924482852168,0.9288624015119114,0.9818107867184303,0.9493053971730234,0.863806906695046,0.7595043994261451,0.8949988213646447,0.9444775685014402,0.943293755164459,0.9780296622223209,0.9881959173184505,0.9070160137452734,0.8134761540619768,0.8841357084407875,0.9500805720293446,0.9508971383859763,0.9525316455696202,0.475782623207902,0.9038035415131254,0.8715311586797312,0.9326301365954339,0.9848910203339206,0.9508971383859763,0.9063218245476554,0.8258956469281085,0.9615452872130625,0.9508971383859763,0.9300535008187536,0.918079042897614,0.9263909248883351,0.8938767975645256,0.9892166093373966,0.9493053971730236,0.9508971383859763,0.9247648348741063,0.9508971383859763,0.847571515401299,0.787433719298082,0.762415586137982,0.9508971383859763,0.898373948794856,0.9508971383859763,0.8954851986448294,0.9102716897738727,0.5014737271081509,0.8800416198957275,0.9542136024350834,0.8369172238728211,0.947752420917731,0.6225325151695981,0.9404624926714935,0.9909799053419359,0.7992306713783635,0.9873359374176983,0.9692769377093197,0.902741203339785,0.8943656982526555,0.7747400789298702,0.868549959320623,0.9180790428976142,0.918079042897614,0.9462347596389562,0.6434262394337373,0.947752420917731,0.9508971383859763,0.9059407181827082,0.9508971383859763,0.7423434427654405,0.6851038331869267,0.9559485503920393,0.9703287678830984,0.8369172238728212,0.9525316455696202,0.9169426994374763,0.9390829980374291,0.6165511573988217,0.9418654668890594,0.8658418182833447,0.9542136024350834,0.6510225087944341,0.8759848927128511,0.8494190724813766,0.9493053971730236,0.9645511776582261,0.7732961619759445,0.9635753483468394,0.8389027479487043,0.8389027479487043,0.9350697345319547,0.8749714078758029,0.6418366441401779,0.9559485503920393,0.9163077012045902,0.8624939268127865,0.7853943015979803,0.9596053879391779,0.8346191856858276,0.9957812164793639,0.9903766507571461,0.6594464654204721,0.9596053879391779,0.8882829779934613,0.849901617209027,0.9577431256853026,0.9016827426948628,0.9250812961986936,0.32410555975599153,0.9215378731313923,0.8134696855167478,0.947752420917731,0.9542136024350834,0.9736183137840243,0.8147113853885777,0.9596053879391779,0.8052614894098256,0.9235477589143899,0.8892155845940948,0.8710914676569539,0.9593605721085062,0.8459397716860008,0.9647682499737457,0.7319892702631761,0.6701788901147556,0.8967049201048767,0.9404244238472441,0.9542136024350834,0.9324854129452833,0.9192233962368055,0.8230465302315412,0.9544588564256291,0.9597056207265682,0.848829390251254,0.8510080245492062,0.8715311586797312,0.6819387579874752,0.9615452872130625,0.9320548388021017,0.9615452872130625,0.9215378731313923,0.918079042897614,0.709627638880961,0.9542136024350834,0.9508971383859763,0.9559485503920391,0.77474007892987,0.8052500042637565,0.9596053879391779,0.9645511776582261,0.9493053971730234,0.9508971383859763,0.9390829980374291,0.9596053879391779,0.9471168020442999,0.9983355724028917,0.9189335660569544,0.9363880304285925,0.9559485503920393,0.8389027479487043,0.9240979513368014,0.6688484087756911,0.9447494136270196,0.7528528539809524,0.9542136024350834,0.9215378731313926,0.8572042107416498,0.9432937551644589,0.913577797842458,0.9471168020442998,0.8315400581731192,0.80508355851588,0.7853943015979803,0.9913221015557613,0.9493053971730236,0.9828047536783368,0.9310312708012254,0.8722711465586113,0.8146217090393439,0.7885717323084891,0.9508971383859763,0.8587016255621234,0.9654282935645837,0.9850988399428101,0.9895196008050117,0.9615452872130625,0.8504578012789961,0.9508971383859763,0.9508971383859763,0.9324854129452833,0.9070160137452734,0.6837781869428343,0.9508971383859763,0.9535979799037623,0.9508971383859763,0.9723157551667553,0.9006279533325663,0.855015677684448,0.9508971383859763,0.5952832514638065,0.8881730297134133,0.767932024510198,0.802796619016434,0.9508971383859763,0.8851268700668165,0.9916530842778033,0.8421951462913531,0.8157436736103334,0.9741270364328647,0.6904124953802407,0.9542136024350834,0.8612571141464138,0.9508971383859763,0.8161584400199191,0.9096423096705526,0.8638069066950458,0.8621661377272231,0.9525316455696202,0.8000054315513372,0.9447494136270194,0.9508971383859763,0.8995766368965679,0.8698447141053749,0.9508971383859763,0.9262837350880504,0.8190265517098687,0.8473352221942345,0.7934200261883646,0.8381090821523731,0.9508971383859763,0.873855959494068,0.8927560435416246,0.9645511776582262,0.7637600698031106,0.8230465302315411,0.9102716897738727,0.9529808977910947,0.6037317177769168,0.9542136024350834,0.9404244238472441,0.8902416609981851,0.9523391253205785,0.8894000200499048,0.9802349352314219,0.7885695352696507,0.9377253379624282,0.9559485503920393,0.5442692407467675,0.9508971383859763,0.9596053879391779,0.6990540620282806,0.8782940627807798,0.9415131363853565,0.9299638429727952,0.947752420917731,0.9514257683335166,0.9776371308016877,0.9477524209177313,0.9415131363853565,0.5073346218059627,0.9971196828020042,0.9528147324824889,0.9722871256652578,0.9596053879391779,0.8827042327454635,0.9615452872130625,0.9971196828020042,0.9926931063209248,0.8369085204378075,0.6025655670215908,0.9615452872130625,0.9527172944644273,0.9192233962368055,0.7323200752873671,0.9587973377153393,0.9404624926714933,0.9059407181827082,0.9542136024350834,0.9215378731313923,0.9417626114543682,0.881057025746165,0.4697371459573175,0.9417626114543682,0.9418654668890594,0.9274978432118417,0.7240386905967509,0.7801439607674308,0.6051808555124093,0.9913221015557613,0.8203110485944876,0.9576344969711709,0.9250812961986936,0.9903766507571461,0.9377253379624284,0.7902003833393284,0.9998238347481485,0.9199154281937729,0.9363880304285923,0.9621698344437761,0.7912862007463008,0.9736183137840243,0.8070999688196357,0.8579639412160385,0.5840506501313687,0.9807840195689514,0.9596053879391779,0.9066163701727092,0.8954023823601895,0.4206113010629251,0.9192233962368055,0.4293338523082192,0.9913221015557613,0.9559485503920393,0.9596053879391779,0.9270584362010043,0.9814147385519717,0.9158139617897607,0.9848910203339206,0.9493053971730236,0.829191125805623,0.9102716897738727,0.9462347596389562,0.7185928800076793,0.9508971383859763,0.9577431256853026,0.9508971383859763,0.9508971383859763,0.8247832035705711,0.9377253379624282,0.967100967856847,0.9508971383859763,0.815768886536947,0.8431396920965541,0.9937393740100617,0.729921366118399,0.9203333571111534,0.8645811859821559,0.9320548388021017,0.9059407181827082,0.8452423104895892,0.9447494136270194,0.9263909248883352,0.9577431256853026,0.9203761879341787,0.8144472611771494,0.8607472522091426,0.9759790834075597,0.9447494136270194,0.947752420917731,0.8301791195638364,0.9577431256853026,0.7565599163389215,0.9736183137840243,0.9431134523268976,0.9975839852098576,0.5873320905808674,0.992693106320925,0.884934936876979,0.5952832514638065,0.909181238716753,0.9377253379624282,0.9227089361519583,0.9542136024350834,0.9404624926714935,0.0,0.9169426994374763,0.8617682235186921,0.8452423104895892,0.9559485503920393,0.8938767975645256,0.9462347596389564,0.8065264681453902,0.9668883002312161,0.9493053971730234,0.813144308372798,0.9778748351992477,0.8578089524354395,0.805834623151348,0.8827042327454635,0.9059407181827082,0.838153827529465,0.9452945222517777,0.9102716897738727,0.9569175862776931,0.9508971383859763,0.9559485503920393,0.9192233962368055,0.9508971383859763,0.8983739487948561,0.9404624926714931,0.947752420917731,0.6780714275971067,0.8000054315513372,0.9523391253205785,0.8111507091583436,0.9615452872130625,0.7912862007463008,0.9998238347481486,0.8709172314094928,0.947752420917731,0.9942907727414588,0.8579639412160385,0.5528314585484413,0.9903766507571461,0.8460940724740431,0.9541723653130689,0.8292063210402107,0.8678736588799028,0.48614189543769737,0.8367671217737247,0.9309060793063673,0.9274978432118417,0.9615452872130625,0.9390829980374291,0.9525316455696202,0.7874337192980824,0.9458556185436358,0.8964416496516885,0.9493053971730236,0.788401663596469,0.7528528539809524,0.9635753483468394,0.9774606088197603,0.9542136024350834,0.9444674951746068,0.9025295647924121,0.9350697345319545,0.9444775685014402,0.9270584362010041,0.9390829980374291,0.9016827426948628,0.9418654668890594,0.9493053971730236,0.9559485503920393,0.9635753483468394,0.9508971383859763,0.9215378731313923,0.9981058695290849,0.8134696855167478,0.6163299443218824,0.9508971383859763,0.887168371969514,0.7802287416300996,0.9091812387167528,0.9250812961986936,0.9070160137452734,0.6206368125816342,0.9203333571111532,0.7997231721817389,0.9798175375448486,0.9909799053419361,0.8556227195178285,0.6616348874188233,0.9577431256853026,0.6549953778470868,0.9312172606999456,0.9014502300031314,0.9937393740100618,0.9471168020442997,0.9299638429727952,0.4117309614440835,0.9635753483468394,0.9432937551644589,0.6134410051336947,0.845939771686001,0.9091481169388318,0.8881911996032121,0.9596053879391779,0.9508971383859763,0.9404624926714933,0.8342416479355357,0.8674070011286248,0.9493053971730236,0.9559485503920393,0.9462347596389562,0.9493053971730236,0.9493053971730236,0.9215378731313923,0.9508971383859763,0.9462347596389562,0.9102716897738728,0.9508971383859763,0.6317030069429783,0.9206345457771274,0.9596053879391779,0.9542136024350834,0.9577431256853024,0.9525316455696202,0.9493053971730236,0.7592065617417092,0.8627880798184884,0.9377253379624282,0.8462899393398311,0.9508971383859763,0.9927718861206731,0.901450230003132,0.9903766507571461,0.8004488158253997,0.672500638357759,0.8783265321561907,0.9776371308016877,0.9390829980374291,0.9621698344437764,0.5008190116955994,0.9508971383859763,0.918079042897614,0.6562360182087126,0.9270584362010044,0.8748900904594734,0.7082703429341892,0.8783265321561905,0.9647682499737457,0.9736183137840244,0.6772273284921255,0.8473352221942343,0.9508971383859763,0.9508971383859763,0.8861469711805041,0.9615452872130625,0.819911410513212,0.9288789627504791,0.9415131363853565,0.8302837275767865,0.947752420917731,0.798006310201908,0.7917871253834927,0.9508971383859763,0.9508971383859763,0.9169426994374763,0.769736477661759,0.5751655771252311,0.776461341735944,0.8504578012789961,0.7934200261883646,0.8471012617149394,0.8357036456249922,0.9587973377153388,0.8487381822088342,0.9508971383859763,0.9824233631406698,0.9559485503920393,0.9635753483468394,0.8000054315513371,0.9596053879391779,0.8670360756633029,0.9508971383859763,0.9508971383859763,0.8395679974745531,0.6427766817579779,0.7892517270420913,0.9452945222517779,0.7850374619771381,0.902741203339785,0.9703287678830984,0.7460661236289656,0.8399661501805982,0.7343076844988156,0.9508971383859763,0.6410130416407649,0.8236714085807446,0.9525316455696202,0.9596053879391779,0.8902416609981851,0.9323391465606431,0.9592855403168914,0.674154861392178,0.9525316455696202,0.8961222571494831,0.9508971383859763,0.8324582773700502,0.9444674951746068,0.902741203339785,0.9787822503717074,0.7671216431548615,0.9432937551644591,0.9080961023073579,0.727688234841834,0.9577431256853024,0.8729445628956358,0.866858078111955,0.9913221015557613,0.9615452872130625,0.9723157551667552,0.9337692322192532,0.8191823016368887,0.9559485503920391,0.9493053971730236,0.8800416198957273,0.9312172606999456,0.5528314585484408,0.9238898933303423,0.9635753483468394,0.7291946247330887,0.9635753483468394,0.9635753483468394,0.9343996803735808,0.9227089361519583,0.8995766368965676,0.9508971383859763,0.9615452872130625,0.9404624926714933,0.9404624926714933,0.767932024510198,0.9447494136270198,0.9493053971730234,0.9312172606999456,0.8974836658533196,0.9525316455696202,0.846094072474043,0.9203761879341787,0.829191125805623,0.8076334229675872,0.9508971383859763,0.6578645668168785,0.9813818316380162,0.8258956469281085,0.9615452872130625,0.9350697345319547,0.9363880304285923,0.7231384604685943,0.9508971383859763,0.8111507091583436,0.7470880603205401,0.9363880304285925,0.8123127184484009,0.8324582773700502,0.8191823016368884,0.9559485503920393,0.8280948589685853,0.943851136706642,0.8123127184484011,0.7517200521801015,0.5125969784526052,0.7488881586966627,0.8578089524354396,0.8973713569620818,0.8459397716860009,0.9791661049996256,0.9324854129452833,0.8441922549828875,0.9059407181827082,0.7997161239949889,0.9508971383859763,0.9493053971730236,0.8473352221942345,0.9309060793063673,0.7183528666984202,0.8421951462913531,0.8190265517098685,0.9508971383859763,0.7955384713794653,0.8678736588799028,0.5081051961845662,0.9508971383859763,0.8452423104895892,0.9942907727414587,0.9596053879391779,0.9377253379624282,0.9493053971730236,0.8676179604297676,0.9337692322192535,0.5992575240826774,0.9818107867184303,0.9113677351409675,0.9926931063209248,0.7965912509278188,0.9508971383859763,0.9299638429727952,0.9508971383859763,0.9596053879391779,0.7357270719910658,0.8881911996032121,0.9635753483468394,0.9287243013130126,0.7517200521801015,0.9080961023073577,0.9250812961986936,0.9508971383859763,0.9288129423783751,0.8568202095114823,0.7658514995744583,0.9755396763967226,0.918079042897614,0.9559485503920393,0.9274978432118417,0.9262837350880506,0.9192233962368055,0.8964416496516887,0.8190265517098686,0.9192233962368055,0.9250812961986936,0.296306330621551,0.8892155845940946,0.9192233962368055,0.9635753483468394,0.9337692322192535,0.9525316455696202,0.9669818997221614,0.5242659428825309,0.9262837350880504,0.9363880304285925,0.8067755837578559,0.9180790428976142,0.9377253379624282,0.9169426994374765,0.9324854129452833,0.9493053971730236,0.9975839852098576,0.9361387975584141,0.6970430320568135,0.9048699718936315,0.8389027479487043,0.9146924482852168,0.9113677351409675,0.6565292387308322,0.9525316455696202,0.9542136024350834,0.9444775685014404,0.9140001863547293,0.9299638429727952,0.6712066004507791,0.9824233631406698,0.9559485503920393,0.9577431256853026,0.985690916651915,0.9287243013130129,0.7647491558478429,0.9203761879341787,0.9274978432118417,0.9845696735078291,0.5008190116955994,0.9262837350880506,0.9508971383859763,0.8420845410061708,0.736263127655542,0.6521615630538173,0.9431134523268978,0.9175078301540049,0.9577431256853024,0.9873359374176983,0.9831746687645955,0.933769232219253,0.9462347596389562,0.9287243013130126,0.7850875317435487,0.943555263926096,0.8551620913384856,0.5916489462086054,0.9736366101976741,0.5900695253755868,0.887168371969514,0.7537379895670705,0.9542136024350834,0.9525316455696202,0.8902416609981854,0.9299638429727948,0.9014502300031316,0.9404244238472441,0.8678736588799028,0.8085264771793389,0.9881959173184505,0.9881959173184505,0.8681619357560897,0.9556347289143001,0.8146549792907978,0.9542136024350834,0.863806906695046,0.9363880304285925,0.9577431256853026,0.8964416496516885,0.6403985544572209,0.9078059071729961,0.9615452872130625,0.8950806418802894,0.9593605721085061,0.8183136603177923,0.9577431256853026
p201_N,0.908226665109463,0.8758047424217985,0.9038519355176631,0.927946029650792,0.9140827360776209,0.9920754410433736,0.9345174091547483,0.9287317442027788,0.9867076925356217,0.9327142329596736,0.5915774026162515,0.9653389789590384,0.9935398813830467,0.9244681771215602,0.9128705365292993,0.8510876470038164,0.9449459571559087,0.9527978677975054,0.979958676545309,0.9612305818481929,0.8324674078778129,0.6758275275142727,0.9940847844961915,0.9169426994374763,0.6515768171195463,0.8841133455738346,0.9839671309918707,0.918562337325741,0.9612305818481932,0.9625414362933581,0.8731400424546569,0.9696485350828812,0.9033258132980617,0.8911843525479428,0.9140827360776209,0.9694025596111588,0.6030388381051448,0.9062030212356191,0.9362663130722397,0.8613052569026813,0.8785918741646352,0.8863888870954331,0.9362663130722397,0.9313235159082542,0.9449459571559087,0.9374996423021804,0.5389339562048833,0.8316811639781396,0.7007879143669735,0.9969075183938431,0.9229213960709446,0.998871602260876,0.8841133455738346,0.9875129768195829,0.9795142794845892,0.9428805861339855,0.9428805861339855,0.9140827360776205,0.9796480446642108,0.6511298358443383,0.9544429230549324,0.9981141855371606,0.9493488602252984,0.829822347888536,0.976820847338379,0.9089890053334042,0.9229213960709448,0.9363665812039486,0.9899064625934082,0.76684750423703,0.8416369481865441,0.8818669950401858,0.9589591641085065,0.8946777369684908,0.9140827360776205,0.9435592757259673,0.8958248142311331,0.9924040002103832,0.8315319753234404,0.7846880470720905,0.898279654991218,0.8886955627708657,0.9711413348444887,0.8841133455738341,0.9140827360776205,0.7733269347415023,0.9315204524190159,0.8346151610780277,0.8259616223428764,0.9112976020672163,0.9140827360776205,0.7875324569224389,0.9413683139735407,0.953971587538528,0.936715081556081,0.9053763157284516,0.8418956400552995,0.9630755696182973,0.8814704869827474,0.9536193558598605,0.9306543570790528,0.9448192234819672,0.9564021026822451,0.9813307569763223,0.8823584288555366,0.5136536850193718,0.5383415469883333,0.9310034555472422,0.9984138550096489,0.9179482058676551,0.9306187823126201,0.7156716592388352,0.8940931374727854,0.7858044557609347,0.5840323192356704,0.9604818919589893,0.9380148669152273,0.9293199127017768,0.9920754410433734,0.9612020291560053,0.9313235159082541,0.969185866791127,0.9634129222225682,0.9753785508082994,0.9201801104717734,0.8595153289910877,0.6030388381051448,0.8669058313838702,0.9524187417251317,0.8842122443079046,0.9395973111390757,0.9198856874256709,0.9836243259051825,0.9362663130722397,0.9839671309918705,0.9717886753256386,0.8607951445755286,0.9836243259051825,0.5630800747977556,0.9486066482612976,0.9263109427918849,0.53700984107966,0.9838793452579366,0.9425303290374754,0.917640675728544,0.8487835757946518,0.7832245418877202,0.9646402389608917,0.9460739320544691,0.953764513085839,0.908202989252126,0.9033263384148736,0.8036005592714456,0.8210026272716049,0.9368971868932459,0.9139704635473276,0.9878195061463843,0.8819410116987974,0.7201827852153739,0.991651677566759,0.930838600257385,0.9899175865127545,0.8751392531083428,0.9400964113165364,0.8613500706647734,0.9143558464851285,0.8262466991162756,0.80440620504072,0.9674296094225581,0.9893032060609712,0.8063995425394425,0.6363698616957175,0.8796480577405048,0.9260129092449019,0.8495924075606662,0.9678369436816177,0.9293199127017768,0.9494369920998957,0.8759871265333742,0.8757212105163075,0.8774693527540924,0.9599634238526213,0.9938868854725336,0.9653389789590384,0.8424738283325159,0.7501816385961712,0.9985405152033607,0.8582982169801263,0.900778788782632,0.9794961881747105,0.9886329998507342,0.9112833421806057,0.8528195940106039,0.9355671930280656,0.8666490307048613,0.9140827360776205,0.9169426994374763,0.948606648261298,0.8316811639781394,0.8016008240809576,0.857324144079574,0.9112976020672168,0.9140827360776205,0.8260178391724926,0.8991725529125192,0.9327142329596736,0.9140827360776205,0.9079908582186631,0.9780244662094083,0.898379397286536,0.960961376446859,0.965924025680041,0.9524187417251315,0.9140827360776205,0.7563438323022995,0.9140827360776214,0.9768136170650374,0.9848735898511752,0.9541003938439834,0.9140827360776205,0.9704576395457505,0.9140827360776205,0.9714082090319779,0.8687762325700643,0.8907153679608857,0.9306187823126197,0.8997208604511799,0.9034636980407,0.9085802966718612,0.6967673736468756,0.8958248142311334,0.9033263384148736,0.8854882098043302,0.976602485290941,0.9836243259051825,0.8298223478885361,0.9304956730093071,0.8354206684781547,0.8853904722414936,0.7851558609336452,0.8566595864113671,0.9059247833199466,0.8343910021373346,0.6511298358443399,0.9140827360776205,0.9601362333447545,0.9140827360776205,0.9169636896447445,0.9504718083128708,0.9229213960709448,0.9709167163788563,0.9034636980407001,0.9169426994374763,0.9637502059647389,0.7215786826937066,0.8768658817052271,0.9711572181901504,0.9297985072781558,0.9198856874256713,0.8791925007735609,0.7830057484855617,0.9499896877022465,0.9112976020672163,0.8797031317561448,0.8991007777914537,0.9362663130722397,0.9211268267148764,0.9211268267148766,0.985873750511866,0.8443091301970413,0.8480951988186944,0.9229213960709448,0.9594275747244743,0.8316726989050234,0.9216191048296365,0.5136536850193718,0.9367956339438566,0.9092107431207781,0.9561713296625203,0.6714313273934969,0.5136536850193718,0.8480123744747821,0.9444700470426168,0.8797031317561448,0.8279703164673111,0.8949510184760308,0.9649840504564582,0.8627116416336098,0.9492113316496849,0.6511298358443386,0.9198856874256711,0.9198856874256709,0.8657783958001757,0.8174862680805624,0.9205818715281466,0.9938548454567144,0.9242542452398629,0.8917713522841115,0.8174862680805626,0.9987214692868693,0.9781774005616106,0.771208890612649,0.9229213960709448,0.9584048950231168,0.9006001956118517,0.8997208604511799,0.9781774005616108,0.8586619077554181,0.9236514718396964,0.8730839872958023,0.9160883287282691,0.7546739687357265,0.914157427820641,0.9887122674948818,0.8547901424732607,0.9327142329596736,0.8610004419439286,0.9327142329596736,0.7671431164800645,0.9393175601009793,0.899323337829899,0.9649840504564582,0.9140827360776205,0.9229213960709444,0.9102500073981143,0.9201801104717734,0.5136536850193718,0.9260614370793867,0.8419755599852936,0.9140827360776205,0.7215786826937066,0.9293199127017768,0.9920754410433736,0.7539732780786002,0.9810805268968665,0.922433446216693,0.9696485350828812,0.8510300865298428,0.7804929449131224,0.893411056648407,0.830014555049092,0.9799158688312076,0.9198856874256713,0.8627116416336102,0.8018010151040218,0.9007787887826322,0.8863876601208494,0.9920754410433736,0.8941792884679594,0.8810339601373948,0.9149822340699343,0.625821130648508,0.9112976020672166,0.9251342636032049,0.9858825116576089,0.9492113316496846,0.9514954295762588,0.8233492657810177,0.9140827360776205,0.949003176525162,0.8888323841302606,0.8471813292579685,0.7451735446474839,0.8551753966560591,0.9523346160189436,0.9140827360776205,0.9140827360776205,0.8818669950401858,0.8373021566360075,0.8748087899838579,0.9140827360776214,0.9327142329596736,0.9987214692868693,0.9279460296507918,0.909430873818215,0.8627779127969728,0.9166397975038821,0.960708554431714,0.7829144420779199,0.8478796967642307,0.882988974441697,0.9140827360776205,0.8929870887141796,0.9464093066905961,0.9126849037197673,0.9535916704023,0.620724643813257,0.9260435497169752,0.9198856874256711,0.9287317442027787,0.9140827360776205,0.8681840597585206,0.8549445958203096,0.7940323952171071,0.9013173767067484,0.9169426994374763,0.9262246523780133,0.8300145550490916,0.9140827360776205,0.8720369070789846,0.9629892554774279,0.9140827360776205,0.9009132970381386,0.8912050801867886,0.9581051016071293,0.8310823772570569,0.9584048950231168,0.9140827360776205,0.8628046899245304,0.9763716365154262,0.9768208473383792,0.8950120842148004,0.97919292858928,0.7961164254412033,0.8449165396552598,0.984707905468289,0.5840323192356704,0.8521802761821577,0.9209693365062517,0.7311171338532001,0.9913157394301669,0.9366350862756295,0.9874862907583914,0.9253852640835396,0.5630800747977556,0.9819666175510304,0.9140827360776205,0.929319912701777,0.833547140368212,0.9285206419907863,0.9711572181901504,0.5929281499629584,0.9085802966718615,0.8784720508026261,0.9085051323962041,0.9486066482612976,0.955965218610917,0.9564021026822451,0.9875129768195829,0.9213476112377105,0.9112833421806057,0.9293199127017768,0.9672982836329164,0.9327142329596736,0.6523882736262299,0.9372156950911564,0.9744101964886858,0.967216090606899,0.9612305818481929,0.9182064232523067,0.9185623373257409,0.8867730030109326,0.8863888870954333,0.8958248142311336,0.9151482017886459,0.9198856874256709,0.8627116416336098,0.9273614004407342,0.9275624745308604,0.976352903445825,0.8542071110265856,0.9924040002103832,0.8731400424546567,0.943949315974366,0.815003882064558,0.780611985558016,0.9770116951721673,0.9814527722516586,0.8842525931421318,0.8984288710052624,0.922433446216693,0.8910355038772135,0.8259405926991592,0.9347184365906844,0.9666164704642057,0.8886955627708657,0.812708518830184,0.8206838252276663,0.9899175865127544,0.8745183787921633,0.9088158174387538,0.942247275305621,0.8542071110265854,0.9293199127017768,0.7280058924937081,0.9736436226747982,0.9260614370793867,0.9464093066905961,0.9839671309918707,0.9059247833199469,0.9836243259051825,0.9293199127017768,0.7633045813764378,0.8262422460562933,0.8526962823400321,0.5952487220378024,0.9524187417251315,0.7572095078496395,0.9203312082606383,0.9059247833199469,0.9003051101948656,0.9140827360776205,0.5397911272183277,0.9140827360776205,0.9140827360776205,0.9722053040564538,0.8910355038772133,0.9949248037947263,0.9140827360776205,0.9353729453229694,0.9935229539086761,0.9117649022044421,0.991315739430167,0.9589894619482291,0.9245813099273206,0.9630094072277011,0.8354206684781547,0.9824006660520548,0.9033258132980619,0.8757894580668202,0.9282619895472621,0.8606789940362409,0.9149822340699343,0.9363665812039483,0.7330083000290284,0.8681087881423557,0.9713406485598299,0.6556103223519094,0.9260614370793867,0.6026940722610193,0.5840323192356704,0.7998430772703005,0.997088271205218,0.9527121293730549,0.8910355038772133,0.8614022260660863,0.6506222725100446,0.8922073230248908,0.8910355038772133,0.90479292380878,0.9198856874256711,0.8958248142311336,0.9169426994374763,0.0,0.7581302671164092,0.7292142083652795,0.9229213960709448,0.8584546801295274,0.9839671309918707,0.9556213491199304,0.8189125293211329,0.6774910013536335,0.8400685799289205,0.8752860258231279,0.9362663130722397,0.8511589969447997,0.9477950978356107,0.8354206684781544,0.8560694986946357,0.9315204524190162,0.9203312082606383,0.8896377291554597,0.9140827360776205,0.5630800747977556,0.9978967545796937,0.9140827360776209,0.846576265250073,0.997088271205218,0.8112352422020848,0.694710584046198,0.8883940713356001,0.9372156950911563,0.9446500991346563,0.9327142329596736,0.875354062117113,0.9347184365906842,0.9153957924037313,0.9085802966718615,0.9795142794845895,0.9978571435143306,0.9944228758940543,0.9088771365541701,0.8080301713686475,0.9619702916278897,0.8412130502734569,0.850699585699068,0.8627116416336096,0.7711306992826816,0.7468324120739787,0.8541934254186642,0.9327142329596736,0.9665852122032703,0.952143174437784,0.8697737792934509,0.8853068944247944,0.8890307687510062,0.9112976020672166,0.8523374653667788,0.7679555164092563,0.9362663130722397,0.9431333356563862,0.9448192234819672,0.8859404951175814,0.8350214292311762,0.8863888870954333,0.8335471403682118,0.672415737334211,0.9984138550096489,0.8279703164673112,0.8982796549912175,0.9112976020672166,0.5630800747977556,0.93626631307224,0.9140827360776205,0.8627116416336098,0.9991901301220514,0.8486886230350179,0.9912103156349972,0.9140827360776214,0.952926642249124,0.9651567602768036,0.9177656153449203,0.927946029650792,0.8610004419439286,0.9038519355176635,0.8650042094276382,0.8713308974940892,0.8774549020235314,0.9288846307349029,0.9839207572191255,0.9307750873891689,0.5397911272183277,0.6906601850287643,0.9938868854725336,0.9448192234819672,0.9504718083128708,0.896306303014358,0.8774549020235314,0.9313142969703936,0.9521154309854922,0.9007787887826324,0.9938868854725336,0.9987214692868693,0.7908172552389383,0.9498420178963022,0.979958676545309,0.9140827360776211,0.9672160906068992,0.8806703694560748,0.9400964113165364,0.9112976020672166,0.9229213960709448,0.9059247833199466,0.9112976020672166,0.9112976020672163,0.8627116416336097,0.9140827360776205,0.9059247833199466,0.8429987447247776,0.9140827360776205,0.8076634862166878,0.9538966273227565,0.979958676545309,0.5840323192356704,0.976820847338379,0.9169426994374763,0.9112976020672166,0.8523374653667788,0.9381543317424098,0.7311171338531997,0.8081237787468414,0.9140827360776205,0.7703389375959164,0.9198856874256711,0.8886955627708657,0.8695181657321369,0.7390135484978584,0.8681250319240945,0.9169426994374763,0.9634129222225682,0.785155860933646,0.893411056648407,0.5780848646668881,0.9117649022044418,0.9874049408179508,0.8731400424546572,0.7546739687357261,0.9195264370114508,0.979958676545309,0.9460739320544691,0.5840323192356704,0.899226376822352,0.9774187664651239,0.9140827360776205,0.9987214692868693,0.8454126545192087,0.9327142329596736,0.9873350616607146,0.66484230448447,0.955965218610917,0.959952899798664,0.9085802966718615,0.9742595242253803,0.9082615731946504,0.9140827360776205,0.9140827360776205,0.8546712802768166,0.94513994289922,0.8902050888153258,0.8735073293707482,0.969849146754276,0.8912103389950248,0.9247236409355217,0.9538288790269609,0.8814797649328899,0.9839296993702938,0.9140827360776205,0.8316811639781392,0.5630800747977556,0.9362663130722397,0.9981141855371607,0.5136536850193718,0.9981141855371605,0.9140827360776205,0.9140827360776205,0.9080811818853118,0.9589591641085065,0.9218591058966112,0.7115231657021557,0.9408964938442353,0.829822347888536,0.8774549020235314,0.8287909681787691,0.9672967830646098,0.9963672821865431,0.9140827360776214,0.9117649022044418,0.9142039648291607,0.6030388381051448,0.8681250319240946,0.898311149736023,0.767589211818432,0.9658362893461991,0.9985540554936607,0.9169426994374763,0.9555851847506082,0.9140827360776205,0.9885938712988505,0.9732925544123197,0.8542071110265856,0.7275793894745377,0.8342258657521895,0.9007787887826324,0.8059583844342109,0.7104173310103727,0.9746202948705036,0.7985436551374347,0.9065679541155495,0.9059247833199466,0.9857418255557404,0.868911712359733,0.8841133455738341,0.9606612432501984,0.9229213960709446,0.9112976020672166,0.8446873209299338,0.9306543570790528,0.9944228758940543,0.8668270665506421,0.9920754410433736,0.9668702179975168,0.9362663130722397,0.9920754410433736,0.6158308461088051,0.9799838870895972,0.9608320408928344,0.5780848646668882,0.9857418255557402,0.6758275275142728,0.9315204524190159,0.7720771820919841,0.9033258132980622,0.9524187417251317,0.9744968503307261,0.9437667409615019,0.9169426994374763,0.9169904684997889,0.8888323841302606,0.9254516283697425,0.8829390845853918,0.9140827360776205,0.8340602483605286,0.7473623310853851,0.7899886325658803,0.9327142329596736,0.9527121293730549,0.8886955627708655,0.6635828656812734,0.9140827360776205,0.9446500991346563,0.8511589969447995,0.8886955627708657,0.9469296423532685,0.9885938712988505,0.9606612432501984,0.5630800747977556,0.9978571435143304,0.9114869688341909,0.9285740641076383,0.8951272353242403,0.7998166542658521,0.7619563869652644,0.7288789191009564,0.9940847844961915,0.9987214692868693,0.9057201266693716,0.8818669950401858,0.9848735898511752,0.8354206684781547,0.822784410596218,0.9140827360776207,0.9112976020672166,0.9967324313231187,0.846576265250073,0.6504458014119281,0.8582226608766323,0.8729716024864478,0.9140827360776205,0.8969051230819509,0.9241128382985739,0.8063995425394423,0.9140827360776205,0.9791479838702564,0.7157318557693009,0.5136536850193718,0.8910355038772133,0.9524187417251315,0.9741921589751663,0.9819666175510304,0.8373096690880523,0.9428805861339855,0.9990572434021596,0.9028659348848305,0.8546418988181095,0.9140827360776205,0.9979293455027017,0.9140827360776205,0.9293199127017768,0.9401137506111498,0.9831231554159834,0.9362663130722397,0.9674296094225581,0.9767133787296971,0.8645384301752637,0.7473652252483823,0.9140827360776205,0.8110089872106601,0.9395810530524711,0.7992476762432298,0.9450822694608906,0.856659586411368,0.9229213960709448,0.8731400424546569,0.9607085544317142,0.9700497852148386,0.8422100988422527,0.8912050801867886,0.9700497852148386,0.8689117123597327,0.9229213960709448,0.9467200560154949,0.9700497852148386,0.9362663130722397,0.9493488602252982,0.8648670903546242,0.6771303267079105,0.9112976020672166,0.9308109257349264,0.976352903445825,0.9798285858871119,0.8402611767267203,0.9253852640835394,0.9092107431207781,0.9576156624241061,0.9524187417251317,0.9970882712052181,0.9768136170650374,0.7768823838939122,0.9820536000396995,0.8130562387372962,0.9621180793946404,0.8709209091456902,0.9897191309312476,0.9169426994374763,0.5840323192356704,0.9931953233483859,0.9437667409615021,0.5929281499629586,0.9979293455027018,0.9053763157284516,0.5630800747977556,0.5397911272183277,0.9781921769009525,0.8752860258231274,0.8983248769020451,0.9140938852116011,0.7936008627238459,0.9293879778494274,0.9665852122032703,0.9794961881747105,0.6204042312715123,0.914705981723388,0.9461547203794086,0.7693383645944696,0.8316811639781396,0.9618126449338591,0.9746202948705036,0.8627116416336096,0.9834497563046942,0.8841133455738346,0.9449459571559087,0.7561396397791514,0.9517461635787838,0.9730192332773051,0.939385048379207,0.7008937474146504,0.9335736414614834,0.9653389789590386,0.958164476635099,0.9461466330575201,0.9899175865127545,0.6030388381051448,0.830541332076876,0.8774549020235316,0.9899175865127545,0.8763902358970046,0.9325859769726528,0.9862330830752133,0.9486066482612978,0.5310507810760302,0.9247127592190301,0.9426150199999977,0.9351931203714345,0.9198856874256713,0.9232502230992659,0.571498302095898,0.5397911272183277,0.9939175564771106,0.9195505082342439,0.9169426994374763,0.9327142329596736,0.9858825116576089,0.9293199127017768,0.9534509031571721,0.5397911272183277
p201_S,0.933608699429072,0.8622647747663004,0.6954030811565284,0.9121416798754112,0.7381936753103917,0.8939283999593048,0.9167277311833057,0.9091954812119923,0.5123218466711408,0.8880166939342051,0.8307074284906393,0.8450603346239254,0.7542903713682073,0.8035490586609269,0.9821624357299377,0.8426885192375577,0.9582772260637085,0.8071305231050052,0.9685938234748075,0.9270340353108137,0.8505214066953162,0.8791510662592732,0.9702969477206325,0.925985371610359,0.8226046489234888,0.5208716152924309,0.8434311705717128,0.7639671170427877,0.927034035310814,0.7815236502133374,0.5869619529568402,0.8188478718959846,0.8951646744396655,0.6209374319873058,0.7693319769533168,0.9196272041613351,0.8938767975645252,0.8391057200608767,0.8939283999593046,0.8033919351330514,0.7347164777877544,0.8718810726099794,0.9760563522715155,0.8478648076681607,0.9869887399367074,0.5705530306663325,0.8666662211060936,0.376392204751956,0.8033919351330516,0.6712525274893115,0.9061000436892033,0.5910277732799984,0.5448715389210939,0.8896628273818987,0.7965110764769934,0.7996989708450455,0.7996989708450457,0.8570084033315839,0.6695336543054178,0.8478507258139238,0.6438863755895115,0.8072960388438908,0.9031302176196565,0.8423693333483429,0.876944484906568,0.6125669999529256,0.9404815542410547,0.9787015420096823,0.939940146640564,0.882367546706716,0.7783610706674235,0.8033919351330518,0.9250234851679421,0.43753201391584684,0.8570084033315839,0.6803746334600478,0.8528864588605991,0.8575188357488202,0.5208329292079055,0.8939283999593048,0.8843302430070015,0.9140530994042175,0.7924392667982805,0.9528702406083654,0.8570084033315839,0.7681288697670114,0.9054156736579473,0.7403151857118784,0.8477989897203204,0.8523731211903474,0.8570084033315839,0.7125204971390728,0.6499120269287018,0.7188651805378306,0.9732355896660938,0.9729151080172479,0.7062831331447605,0.7000833224200957,0.26083909989461607,0.3478356162899714,0.8229620026521651,0.8666662211060931,0.8570084033315832,0.896639149090668,0.7132587572284492,0.8823675467067158,0.7387037348974259,0.3750887944054059,0.7138332889213119,0.46925254781302217,0.6822851615705012,0.8109176934663958,0.3670795510838326,0.7451044303789696,0.8666662211060936,0.3935797852642532,0.8622647747663008,0.8823675467067158,0.8939283999593046,0.3035894876394618,0.9074585930667864,0.6773866140554352,0.848358096821,0.9003267064040636,0.8071305231050052,0.5225571906491595,0.8617682235186914,0.9234457537419232,0.8523731211903478,0.8128263892083853,0.40658220490667296,0.8998492893872085,0.8717185331373516,0.8186237669479576,0.8721426844447118,0.5931490701405937,0.9557364777176287,0.8717185331373511,0.8717185331373516,0.8478507258139238,0.5580058467014426,0.8880166939342049,0.447255594196456,0.7320648294364134,0.7167986651173421,0.41377404290007014,0.7675903722806869,0.4071794662618794,0.8186638501535697,0.4483621682570129,0.8880166939342053,0.6250807582187599,0.7269439863913563,0.8812551596257665,0.906100043689203,0.5352056891185359,0.7917577566648215,0.7982600323216562,0.8415254237288138,0.7104469950918597,0.6595862462595166,0.9330323576683235,0.8147566802167694,0.6676547147349405,0.7106203762852263,0.7647718449416712,0.7325120521832602,0.7885429055680486,0.8828374282321869,0.7627135361247276,0.8904231556325144,0.8523731211903476,0.665251297591211,0.8112230672909532,0.6214982810826328,0.8799380731296387,0.9196272041613349,0.9453158510117825,0.9656780101672631,0.746860726986976,0.9730182097341877,0.7924689604434358,0.9858032253019999,0.7845470257867802,0.8022583490306066,0.6324149000191799,0.36283181084463745,0.9127930435654095,0.9718569852286914,0.8513275505189928,0.8773018426300594,0.7898054624490234,0.7054062014065681,0.5875964145618733,0.8295563380294408,0.8570084033315839,0.9902025197020266,0.9362040762623298,0.846336923307531,0.7334209074262419,0.6712525274893115,0.7240337169496347,0.8570084033315839,0.6453510020241457,0.3599755243941086,0.8880166939342051,0.8570084033315839,0.8823696614287468,0.6100958094569968,0.5716568143620149,0.7234165923282787,0.7510179517662654,0.8523731211903476,0.8570084033315839,0.8741212221908371,0.8570084033315839,0.4574716310832213,0.6027347231791704,0.6212127629126023,0.8570084033315839,0.6990704097800862,0.8570084033315839,0.6398505741935949,0.6543554668643139,0.7647718449416712,0.6506712696359855,0.8666662211060929,0.40176769520189726,0.8773018426300587,0.9197483086230973,0.8791510662592734,0.8671675727709443,0.5527212758735802,0.7715117931998927,0.8717185331373516,0.7706007629746171,0.8993117111883588,0.7260915872019589,0.8698192496086454,0.8330994471835242,0.4276382876807462,0.9268767184442956,0.7104469950918597,0.9656551930784649,0.8570084033315839,0.8517900430345815,0.8570084033315839,0.5718669903262148,0.7817124512888372,0.8532293824478362,0.9288768201664249,0.40176769520189737,0.9902025197020266,0.6198583722022554,0.8226046489234888,0.7328798434654642,0.8575188357488204,0.40342821437256493,0.9993984942305538,0.6854612868948755,0.8640378018702568,0.5817710310384663,0.8523731211903474,0.8769444849065682,0.7264145198309935,0.8939283999593046,0.5470788793655855,0.9382514584392743,0.8841179782180015,0.6524518530971055,0.6791886625242756,0.7500848507922819,0.6041982978321367,0.8049257636669123,0.5295423344106129,0.8823675467067158,0.35831007438461104,0.7001179026127493,0.8395807850136316,0.9415135680189468,0.8823675467067158,0.8356582875157457,0.4892268812715883,0.9126737616573803,0.7315055336258629,0.8035490586609266,0.8666662211060931,0.7924618199175761,0.3670795510838323,0.8478507258139241,0.8666662211060936,0.9330323576683235,0.4732293651031957,0.882367546706716,0.5455527154540449,0.7335380952716644,0.6773866140554354,0.8959064979779078,0.9196272041613351,0.8570084033315832,0.8742564753918103,0.8478507258139245,0.8717185331373516,0.42517207824103675,0.7519022870345201,0.8666662211060934,0.8033919351330521,0.6820086756487805,0.5072498527194997,0.8687608623232682,0.6021812041449552,0.7579990933922061,0.8173959404535032,0.8037204964549926,0.6730098751205212,0.8880166939342056,0.7343087392934478,0.8880166939342056,0.9391120069413565,0.7317341573078299,0.7451044303789698,0.9330323576683235,0.8570084033315839,0.6813218296885792,0.8178564501940147,0.807130523105005,0.8823675467067158,0.9444091313393704,0.912886430027493,0.8570084033315839,0.874111544718511,0.7077762212924728,0.9349923761154104,0.7483313951996176,0.5851180266422468,0.8395807850136316,0.7157033402404305,0.5610493286182172,0.5322651913312726,0.8226046489234886,0.7965110764769944,0.580739761423885,0.9993984942305538,0.5999874052696229,0.6194632447517738,0.6171722255373421,0.7645206036955479,0.9349923761154104,0.41672035419363274,0.7924618199175755,0.3825974634823338,0.843431170571713,0.8523731211903476,0.92851820495502,0.7104469950918597,0.38059808167628584,0.30845275124910376,0.503429602292631,0.8570084033315839,0.41669013471842353,0.8175696775629792,0.7749220256304652,0.9832902586309832,0.9559139405593611,0.6482002216830074,0.8570084033315839,0.8570084033315839,0.7477993098948117,0.8268032778860737,0.6033944412452703,0.8570084033315839,0.927034035310814,0.8570084033315835,0.8035490586609266,0.7106203762852263,0.37336498852162425,0.8881467049745082,0.7853321359751215,0.9054156736579473,0.5417100144387526,0.4736947694242706,0.8570084033315839,0.6816679711713824,0.7852614552901729,0.39983396619131806,0.47221596604302285,0.829329079004369,0.7408110180404504,0.8666662211060936,0.3524855082763181,0.8570084033315839,0.4697243507042941,0.831130446733668,0.7428236280581955,0.8966251822172273,0.7850374619771381,0.5524878336058339,0.8391057200608767,0.8570084033315839,0.677571696751314,0.5514016175154646,0.8570084033315839,0.8626923197908982,0.6250391199135186,0.5838492588699595,0.5072498527195,0.33087327516007436,0.8570084033315839,0.9531791465746333,0.6843470704107202,0.9126737616573803,0.8152693691754536,0.6979626383620156,0.9198920660935527,0.43534945999429375,0.7075588558188872,0.8666662211060936,0.6272076230559915,0.47192767407162306,0.8186510304280263,0.40799421571058503,0.8014360767879727,0.6513768655528938,0.9702969477206325,0.8717185331373514,0.8551303703623307,0.8570084033315839,0.882367546706716,0.8140318531552584,0.7247538318954562,0.7134986481202826,0.7960489146933998,0.877301842630059,0.6614081441744093,0.958093945656193,0.877301842630059,0.8843302430070015,0.8570084033315835,0.8896628273818983,0.7076379824740973,0.729222936869321,0.8195551936563309,0.3705372539959123,0.838861916429536,0.9718569852286911,0.8691996695255617,0.46986549224751406,0.8791510662592732,0.8880166939342056,0.6919321338537225,0.7229878963457842,0.8836946569645217,0.810917693466396,0.9054156736579471,0.7811505049971921,0.9010523009261006,0.8134118466352591,0.8782536185352057,0.9017493885533007,0.9140530994042178,0.6014242462552821,0.9011784989275505,0.5423783581186579,0.5634789214453073,0.5849847033560738,0.7696676593845877,0.9869887399367074,0.6797083420946575,0.7264095143724529,0.8272360292098271,0.961826376611472,0.8439253499767938,0.5001736823708633,0.9279899061857315,0.6116438355786527,0.8377058526271616,0.801985509263976,0.6602463643940588,0.8998492893872085,0.8937465205501105,0.7191400813128244,0.8302740876675128,0.6373085314421458,0.9313341660201885,0.646612218991921,0.6370176955242218,0.9484030384081925,0.8262406759871768,0.8721426844447118,0.8434311705717132,0.9219924035515391,0.8823675467067158,0.8111595167276993,0.5227414296814472,0.7548432896743342,0.8523731211903478,0.8523731211903478,0.27325011698179413,0.8525051345670998,0.872142684444712,0.6699267727143627,0.8570084033315839,0.8769444849065684,0.8570084033315839,0.8570084033315839,0.2794585459675074,0.8186510304280259,0.7715117931998925,0.8570084033315839,0.42577304609610467,0.3018577755708899,0.8019855092639762,0.7751664797197706,0.6654799389786841,0.46694501294554636,0.8402163831804723,0.7444445598003702,0.21995469690813962,0.8671351972502714,0.7967252971321719,0.8769444849065684,0.4654134427934741,0.796714827007486,0.463581216711499,0.7888677193086082,0.9512236288184552,0.9067529594461947,0.6477127809350798,0.8769444849065682,0.7426942528148757,0.8666662211060936,0.7740923424745039,0.9632612893486825,0.9329181680524057,0.8944739890743294,0.47437080710784085,0.8073306074897453,0.39941334976973986,0.6000396199503168,0.9232877913813078,0.7683200278016398,0.826621851461925,0.8617682235186921,0.7581302671164092,0.0,0.5493328007284872,0.906100043689203,0.8041480820695805,0.8434311705717135,0.7661379097012292,0.6893723168412154,0.912886430027493,0.4131916152762207,0.7924392667982805,0.9349923761154102,0.4669450129455468,0.4135881877228941,0.9619078786250497,0.5275500569881566,0.8528864588605991,0.9473396342918277,0.8271715583953277,0.8570084033315839,0.8717185331373514,0.6205398446032759,0.6759170720245419,0.6841120535159633,0.7006152153619422,0.9951063098946,0.7924392667982805,0.5246523497993001,0.8691996695255617,0.32200657041981884,0.8880166939342053,0.44570776249003297,0.9548013134439124,0.6144382465345606,0.877301842630059,0.9646879396133609,0.9512468009370024,0.9033507991396703,0.8395807850136316,0.7834219079495839,0.7576028805403311,0.46683059555250517,0.511116831654014,0.7924618199175755,0.4593524912622198,0.6242786284594737,0.989493896080428,0.8880166939342056,0.8741115447185108,0.8492546100688056,0.5886197804325313,0.6132013992552342,0.6814645474093337,0.8523731211903476,0.49305203892358496,0.5807397614238852,0.8939283999593051,0.939706690107711,0.8346861643638699,0.8924193055680141,0.8057510656386748,0.8841179782180015,0.9492163906693204,0.788867719308608,0.816847080511356,0.980894861582919,0.8575188357488199,0.7240337169496345,0.8717185331373514,0.9349923761154102,0.8570084033315839,0.9142378060348628,0.636319636441574,0.5833760405630886,0.774922025630465,0.8570084033315839,0.5599070874903114,0.5746519217444304,0.813136931926277,0.8035490586609266,0.7292229368693208,0.7125204971390728,0.638434676735296,0.9740586380315157,0.8189717701217478,0.9988068943662061,0.4631794522857946,0.777447529068706,0.8769444849065684,0.7444445598003693,0.7996989708450457,0.9662154259494387,0.7614393933136985,0.9349923761154098,0.9335860472634878,0.8478507258139245,0.9349923761154102,0.8348667221507029,0.8229620026521651,0.8570084033315832,0.6406927109752079,0.6908447764512673,0.7822955362017119,0.6759170720245429,0.9107320745513346,0.4894570120854387,0.38475830549205303,0.8523731211903476,0.9404815542410545,0.843431170571713,0.8523731211903476,0.8523731211903474,0.8723377525994966,0.8570084033315839,0.9268767184442958,0.9094058344019367,0.8570084033315839,0.8147566802167694,0.7093968428070352,0.8940745085655684,0.8666662211060936,0.8014920243361213,0.6566031657938026,0.8826297756089203,0.4796280569142817,0.5553693612614581,0.9033314545355293,0.3559035341776623,0.8570084033315839,0.7387037348974259,0.8666662211060934,0.8147566802167696,0.41455591489482957,0.7801631855403657,0.8823675467067158,0.8938767975645254,0.9198608721014006,0.9236238571148094,0.874111544718511,0.8570084033315832,0.8628046831893927,0.8212631090353082,0.8780349089849726,0.6491733112489291,0.8843302430070015,0.9568868616159543,0.8033919351330518,0.8998492893872088,0.8145713346772083,0.22243824691982206,0.8570084033315839,0.8881467049745082,0.6684505578431414,0.9270340353108135,0.5854634271720374,0.843431170571713,0.8307074284906393,0.502359396115279,0.877301842630059,0.5969655110691556,0.3628452807807613,0.8570084033315839,0.8570084033315839,0.9408964938442352,0.7473362202515696,0.744444559800369,0.6425218354574351,0.3619169355787072,0.657095612867191,0.5493328007284872,0.3261599582591247,0.810917693466396,0.5344956661740279,0.8570084033315839,0.8824865170425751,0.8717185331373514,0.8939283999593046,0.5246523497992999,0.8823675467067158,0.4315170074556859,0.8570084033315839,0.8570084033315839,0.39416596982874563,0.8570084033315832,0.38418403192170136,0.826621851461925,0.5974576271186449,0.716774335194323,0.9976453864514688,0.7885429055680484,0.5141766345120858,0.6230731898263322,0.8570084033315839,0.7614393933136983,0.3253128656206332,0.8617682235186914,0.9313341660201885,0.9795620543312242,0.8119871247927772,0.7678173152438112,0.7681288697670117,0.7208203138854703,0.6331118017314761,0.8570084033315839,0.28550573989518047,0.788843942400512,0.5475978184749875,0.6574097408836943,0.6363196364415742,0.6719683307685386,0.6894908196840671,0.6470440533309092,0.801492024336121,0.6179954119070368,0.5471608343074585,0.7258961213333034,0.927034035310814,0.783798980724033,0.9768701642370285,0.3306476314724973,0.9748630647929062,0.8523731211903476,0.4325258642630775,0.8229620026521649,0.8830777411645314,0.6853634497340184,0.7775597907918527,0.822258567239115,0.9007517192601684,0.8186237669479578,0.726091587201958,0.9283464428678494,0.5721655057633518,0.9504233082603579,0.8880166939342056,0.8528864588605991,0.6743506079632684,0.6114287317936444,0.8671351972502712,0.6937770625310619,0.8280925202410464,0.7611187859994442,0.8617682235186914,0.5351140152744467,0.9959946687355163,0.5070783285286774,0.5237085490336664,0.8570084033315839,0.6954030811565279,0.888146704974508,0.5072596297967799,0.8880166939342051,0.725480503106768,0.5894648046585438,0.6386376449116677,0.8570084033315839,0.3759818756187945,0.4804509223695381,0.9140530994042178,0.3040172294712318,0.43753201391584695,0.3442375004525995,0.8717185331373514,0.3606899649679439,0.8199701933455878,0.8577595158548812,0.47018479995339857,0.843925349976794,0.572709342487401,0.8939283999593048,0.8691996695255617,0.8570084033315832,0.7671325804768707,0.8270134485526379,0.21161008610309995,0.7627975323987812,0.5075095981353992,0.9561617868108672,0.8523731211903476,0.30770342507769466,0.6242786284594737,0.7251265543168817,0.4131916152762207,0.4492521415398232,0.8570084033315839,0.37745906258390516,0.6152371601633337,0.7818305344180301,0.8570084033315839,0.48873099052772706,0.9231941516290607,0.8823675467067158,0.8439253499767936,0.8523731211903476,0.6392912702834903,0.7608708515790616,0.7283091399878288,0.8694880662664037,0.9715015646782541,0.8691996695255617,0.5006236362387277,0.8570084033315839,0.9059539647380768,0.8570084033315839,0.956886861615954,0.7823395565080913,0.43776864149291284,0.8939283999593046,0.8828374282321871,0.9012650426092295,0.4656943282641971,0.8035490586609269,0.8570084033315839,0.8865965032511374,0.4067029211419074,0.7681124529831378,0.8334513141467903,0.7614393933136989,0.906100043689203,0.7888677193086078,0.9833183796067355,0.9286887277296862,0.30251091797537843,0.43583607286523396,0.9286887277296862,0.8252675829038234,0.8717185331373516,0.6773866140554354,0.9286887277296862,0.8939283999593046,0.9751299885056453,0.8813631841146388,0.6939168045736475,0.8523731211903478,0.8953244935482405,0.8395807850136316,0.6199002795416768,0.7817124512888376,0.9033314545355291,0.5395988417917601,0.9131499038319143,0.6937770625310618,0.9895258967473566,0.7289613734846936,0.7818305344180301,0.7411851589474363,0.6588424733866394,0.9926899555006721,0.741895509712788,0.8270134485526379,0.97768890625214,0.8666662211060936,0.6760412873899893,0.9961766435821005,0.9517996755947727,0.818971770121748,0.5752149702946987,0.8717185331373516,0.8769444849065684,0.9424424956791837,0.5069749820889448,0.867767961878321,0.8797148954634808,0.788867719308608,0.8918578089440057,0.951371888411044,0.5767121901007888,0.857008403331583,0.5322391925320379,0.7842162799684431,0.8343016702058352,0.3763922047519559,0.8658462724617579,0.876944484906568,0.8972119535059904,0.9510032430138786,0.5208716152924309,0.9582772260637085,0.8150388071567569,0.9679643315023625,0.9340135137830787,0.819497093749971,0.8307074284906393,0.9327468836914874,0.912886430027493,0.916744520312246,0.8564788803753971,0.8666662211060931,0.8938767975645252,0.47192767407162295,0.4933425670278164,0.9662154259494389,0.9630813381574144,0.6617454537544711,0.9090836805079257,0.9067529594461947,0.8478507258139243,0.5937778903605935,0.9388772042010798,0.7444445598003693,0.8998492893872088,0.46050870343923866,0.8147566802167694,0.8769444849065684,0.45753740274381505,0.9817183578868096,0.8938767975645256,0.8880166939342051,0.7440567178071373,0.8823675467067158,0.8316395398404584,0.8769444849065684
p201_T,0.82900203630344,0.81734540006112,0.6685512531247899,0.8696693399894575,0.8995853467709887,0.8039807896790847,0.8685137491652271,0.9232522871537908,0.6968509431824828,0.8746288432976692,0.9646082992863596,0.9216975403748093,0.892706361251836,0.9112896472383621,0.9270085194228317,0.9335343761627214,0.9552016686278094,0.6870163610809088,0.8683043280893408,0.863672985459719,0.5216421871000837,0.9676110034660238,0.8882056624433129,0.9375392388282304,0.9271638594441997,0.7840725527723562,0.9897770041581087,0.8151803561408069,0.863672985459719,0.9701497168950668,0.8490641899017137,0.9222692303427624,0.6967007929452265,0.9047859115164789,0.9592572502158767,0.8817866859835521,0.9375392388282306,0.9810133722710495,0.8812473067855704,0.9835889661422075,0.4403082992440227,0.7883124876833467,0.922020253504839,0.8778043817866279,0.9552016686278094,0.4882253444760606,0.8825210710884408,0.7036963731744641,0.857976177822354,0.6917908199187002,0.9222692303427626,0.49005777610649714,0.8070686869526491,0.815124675441804,0.8735847606764742,0.6669958920797894,0.8230263305127776,0.8399134433261015,0.8095596622808916,0.9707576097306716,0.7399482280662351,0.8812282273705214,0.9680416262146987,0.698184068940889,0.7954179656428542,0.7898803096688758,0.880069683179294,0.7011279531388408,0.7525983103601434,0.9397068954970855,0.9809364715318646,0.5863735674758886,0.9592572502158767,0.4935032620407753,0.8399134433261015,0.6252259523385253,0.7411161192530773,0.7528013886558226,0.522199925471186,0.9205937947274887,0.9840116439758554,0.7554585260013129,0.8325878889823026,0.801997031982373,0.8399134433261015,0.9817104390433369,0.9172788069742579,0.901486175819133,0.7820500724794108,0.83472400300589,0.8399134433261015,0.8161646208839831,0.5720106714236928,0.7676192820542915,0.854242210493384,0.7036963731744642,0.8454545816827957,0.48960972987372897,0.5504586091959767,0.5859945075020643,0.7338660799796413,0.8313221593060518,0.9592572502158769,0.8796969225508198,0.9926106793150272,0.8683043280893405,0.9073749583369006,0.541402280161021,0.826072962214246,0.540547483386765,0.6943837850001267,0.9285898982475354,0.6379778446442559,0.7118925464306007,0.9143162677112748,0.5347984980586498,0.8698496749892745,0.8683043280893408,0.8039807896790844,0.6094222966635665,0.9158719108488644,0.8226626335918258,0.9765164951125105,0.9772208888564788,0.8939815687035445,0.935444658531503,0.9683048816077777,0.7919372927094089,0.9043553848873509,0.8494698091218427,0.6139348204015087,0.7359365694375489,0.9130131975922846,0.9205937947274885,0.7351163597714815,0.6371820781830623,0.6956436413152327,0.7812391399403222,0.889325715929772,0.8578802781954207,0.5684063269728779,0.874628843297669,0.789880309668876,0.6749630004579887,0.8900154452031657,0.7369147871623551,0.7283950092326947,0.6112099004684926,0.7798870083823579,0.43093038644390014,0.9758293445636949,0.7759863844447474,0.9745223828905242,0.7540737620062297,0.9881562591687436,0.7798870083823577,0.7957695690822851,0.8478209407801427,0.7190862493303316,0.9335343761627214,0.8711340441480417,0.9267077491745545,0.9219594355678595,0.5961137230957401,0.6460181311147762,0.7529015929661758,0.8922663859023954,0.7325675049004721,0.8425972883514732,0.7319058983376445,0.8696693399894577,0.9796798986207558,0.9317829805210973,0.9380058533494887,0.8336981528273282,0.7882998504559969,0.774682834871935,0.7850827274716052,0.9067398239605342,0.8163419514797983,0.9292166664026174,0.8905004859869645,0.8898965184126297,0.8637151821288627,0.7125887995137107,0.8298868041526303,0.6661868278619676,0.7422042837001099,0.8151246754418041,0.9915304345591576,0.9425382768468591,0.8563777123503651,0.5866496878058569,0.6453489331127695,0.9357083645271562,0.8399134433261015,0.8452423104895885,0.9143189439630466,0.7210151972039982,0.564092965784319,0.8230027023713191,0.8347240030058896,0.8399134433261015,0.5025155462717352,0.6453489331127693,0.8746288432976694,0.8399134433261015,0.7157366328905045,0.7523440914207298,0.705868050667017,0.7190862493303317,0.5669704592416498,0.701417131026538,0.8399134433261015,0.7716387496541965,0.8399134433261015,0.6409197126516379,0.4530508873224025,0.5103354291504187,0.8399134433261015,0.7780808793206493,0.8399134433261015,0.8263948678402215,0.9800694190138084,0.9492279797357287,0.43690475493510306,0.831322159306052,0.5348723615772741,0.8296609453116077,0.8211875909760831,0.8310602105669131,0.7915557390131082,0.7050007112220849,0.6736643247580723,0.8141826543533127,0.803256109645171,0.7860169964085015,0.8318499072920873,0.8324564335321208,0.8300446655816194,0.7329189478805072,0.8247130225158625,0.8226626335918259,0.8860996110792341,0.8399134433261015,0.8516135200842976,0.8399134433261015,0.9257341857256125,0.9854458139033986,0.889325715929772,0.920836289925879,0.5476722658271846,0.8452423104895888,0.7292142083652791,0.9024875416100442,0.8424820697936628,0.8041814453936074,0.6199445615214316,0.8507258744656065,0.7047325762323127,0.7047325762323122,0.6185251436332859,0.83472400300589,0.896467838022496,0.5957460164005892,0.8812473067855704,0.8228257488537913,0.8094396093583804,0.8818307613928058,0.9925658955532999,0.8063530267569723,0.8563822015167815,0.7851961335994639,0.6572376716652027,0.5435345324291772,0.8683043280893405,0.5006841064538741,0.940696633792568,0.7078868375537279,0.846904139031722,0.8683043280893405,0.8959615374602349,0.5184670064146184,0.8981226977544037,0.41590739167834656,0.7448084182427436,0.9461114643341089,0.7338857195759938,0.4566341339190898,0.9728037245017032,0.7041413728147148,0.9585029457973886,0.4757675490118509,0.9174879696874249,0.6613286385065811,0.7254416083346629,0.4900474058791373,0.782705242180104,0.9754081792009581,0.8318910877270137,0.7674419743735322,0.9707576097306716,0.9130131975922845,0.4670354594524948,0.850148042748943,0.8949125525517203,0.6316406692003,0.775915078786896,0.5771118069625248,0.7331303412620982,0.714245773426478,0.9534607022755278,0.8327147641753851,0.7504984421334429,0.7732109800042555,0.82628753242506,0.7323013363309012,0.8636729854597189,0.9145499040297573,0.7717692349609533,0.6748940722767808,0.9461114643341086,0.8399134433261015,0.8563822015167806,0.9747110761045923,0.8249931661626662,0.8683043280893405,0.966592519162104,0.9913289222562708,0.8399134433261015,0.9741308692191786,0.8683043280893408,0.9613667414467572,0.796312027539293,0.4893511703473292,0.6365293048823515,0.8563822015167815,0.6488059354134497,0.462868093290951,0.8778112237758888,0.819870454879186,0.44149252327630295,0.8507258744656068,0.8244907184259174,0.5006355557427254,0.8151246754418042,0.7369147871623551,0.882673765562921,0.5430020181394655,0.8342547109391956,0.5051348196794456,0.9897770041581087,0.83472400300589,0.9192749608841175,0.680113250286388,0.46958725611374486,0.4993502650698458,0.40504029960303345,0.8399134433261015,0.623438750939802,0.8198028502466481,0.7848880413194952,0.938894876672657,0.9120142963323286,0.6496130257099106,0.8399134433261015,0.8399134433261015,0.7798870083823577,0.6968509431824825,0.6609734986182374,0.8399134433261015,0.8636729854597188,0.7423832325596817,0.8072388791161007,0.5612734481978016,0.6325194792177233,0.8318910877270139,0.8187640357546058,0.9568907017963273,0.4598462564007443,0.5541510614994913,0.8399134433261015,0.5214091713737858,0.6743710382583544,0.4752809178012478,0.4581682551423507,0.9873911732534827,0.8794385870131837,0.735936569437549,0.44733874830441267,0.8399134433261015,0.3774673991332852,0.8939815687035445,0.8122493429927178,0.6571211888929795,0.8452423104895892,0.4253186686611641,0.8578437103370884,0.8399134433261015,0.7735944829382242,0.5523909947309452,0.8399134433261015,0.9663127810661231,0.6747426877223055,0.5173342251821849,0.407428116675296,0.4024963276308713,0.8399134433261015,0.9913755546678618,0.7716387496541968,0.9649376594301959,0.9935160164989382,0.7206903141286427,0.7256388066446304,0.7110385499927911,0.7887492098215152,0.9461114643341091,0.8330795644798099,0.6421627176199254,0.9608573490884633,0.5779228630960072,0.7071507335147549,0.5330397164714387,0.7969703620943656,0.9222692303427626,0.9169777028838373,0.8399134433261015,0.9888905370951696,0.7168464637532297,0.7620728333936275,0.810468129073004,0.8595225698014133,0.8578802781954207,0.7719882607592554,0.9683048816077777,0.8296609453116082,0.8812515305002852,0.9810708463392349,0.8698496749892745,0.5671077191385587,0.6650419801459855,0.9397068954970855,0.5295882492225383,0.9120142963323286,0.867628950369957,0.8639884335615957,0.6952852690349789,0.9927771017119068,0.8262875324250601,0.7030648032679017,0.7955477174638514,0.9214116142107813,0.9285898982475354,0.6907839227613097,0.6384108906887672,0.9267077491745546,0.7539595178486342,0.9388681206579638,0.9769703143647314,0.8877538106418017,0.8548312635845443,0.9132282425485745,0.8063452902501247,0.8945945945945946,0.7567809117884934,0.9243642455301773,0.9276910050207683,0.8574227517766171,0.6760459844361612,0.838988509268211,0.9115396548655939,0.9180565065029511,0.4102239569481311,0.8875382141796819,0.533616329602197,0.8401821221942174,0.839727894234602,0.9182550729031203,0.8313221593060518,0.9252071323801312,0.6261280815741348,0.9587435477436583,0.9064064175239173,0.9174879696874247,0.9688781366185267,0.7081923052252779,0.9307027487263462,0.9884932570896393,0.9622663405510676,0.707605696164441,0.9881562591687436,0.8683043280893408,0.8946224121887542,0.4127708939189376,0.4750476241553524,0.9506887194977824,0.7014171310265376,0.522199925471186,0.9073749583369008,0.8797343497299446,0.674963000457989,0.8399134433261015,0.896467838022496,0.8399134433261015,0.8399134433261015,0.4549600668663629,0.7969703620943664,0.673664324758072,0.8399134433261015,0.3993644440047156,0.488599528710592,0.9465955268229542,0.8909760736808614,0.5214091713737858,0.5119159975189178,0.8777443390364964,0.693345233772491,0.5225634725634729,0.9384151690330195,0.9118999510504349,0.862232927318646,0.7404081659626411,0.6075340536787286,0.5460042008050583,0.830544062711371,0.965272321931663,0.9143189439630464,0.9741832595205826,0.7269481442351539,0.9570785587600767,0.9143162677112748,0.7421012578804398,0.8310602105669125,0.858451192965441,0.6944678313895762,0.6331547499360983,0.907216865809719,0.7039100716877231,0.796970362094366,0.8495566107573878,0.8507258744656063,0.8058941123210306,0.8452423104895892,0.7292142083652795,0.5493328007284872,0.0,0.9222692303427629,0.5453154733950094,0.824713022515863,0.7525983103601432,0.6024016827455376,0.9506887194977827,0.5136778263217607,0.582745430218492,0.9220202535048391,0.3825057084919723,0.6395891602132413,0.6933452337724906,0.4826791780911892,0.7159500210071938,0.7801596521523115,0.8938389430979308,0.8399134433261015,0.9222692303427626,0.8348129948177618,0.8697493950485444,0.33376632375170867,0.8058941123210295,0.8578802781954213,0.919205175026629,0.5320037615793665,0.8397712046798788,0.4101670320653872,0.7889020793904019,0.4557324939447084,0.9840116439758553,0.5791606584556703,0.8578802781954207,0.9115580161343757,0.7158986889545687,0.9757038990161571,0.8030302144488979,0.6413949901191844,0.7456389306726998,0.5445153540789618,0.5692379160688963,0.8744023074844763,0.6011798584602404,0.5487572377366813,0.763626390598535,0.7889020793904017,0.7544296346051111,0.8760079532691365,0.6964935000023011,0.8691988852300536,0.6788808260434289,0.83472400300589,0.49793394938074753,0.5773434747721475,0.882673765562921,0.6802842946580199,0.9143162677112746,0.8427697415463264,0.8903300637048626,0.6739574384872626,0.9341540184747317,0.9159818620145489,0.8507492800484011,0.9450302180214638,0.650041275180252,0.8637151821288629,0.889325715929772,0.8433272776210028,0.8399134433261015,0.8847121132438385,0.421032829981403,0.5213997448923635,0.8051966717596684,0.8399134433261015,0.7888491883171638,0.3653340535927433,0.7399482280662353,0.911289647238362,0.6295915869975671,0.7669601649642517,0.7030421931847328,0.9955088174377271,0.5913745795168188,0.935708364527156,0.5709889645922743,0.7086482280213333,0.896467838022496,0.9373620981666264,0.8676064557793456,0.9143162677112748,0.7037518894530472,0.9613667414467569,0.9693431399377672,0.9143189439630464,0.8826737655629211,0.6335804378125838,0.88989651841263,0.8617270394494578,0.6262662094758502,0.49807393846696146,0.8683043280893408,0.8399134433261009,0.8562263088127957,0.46215050562045823,0.570298070367091,0.83472400300589,0.9459567120052752,0.8797343497299444,0.83472400300589,0.83472400300589,0.7642693236079958,0.8399134433261015,0.8247130225158625,0.8892013431676743,0.8399134433261015,0.9933169682392368,0.806454958776849,0.9888905370951695,0.9461114643341091,0.8964678380224962,0.845242310489589,0.83472400300589,0.48507142130373715,0.5668488982647655,0.7969703620943662,0.5260402453552873,0.8399134433261015,0.7291527382785599,0.7677317660603836,0.636529304882351,0.5549831010609094,0.9406236008419152,0.953189253391297,0.8163356189353924,0.826072962214246,0.9368536119357127,0.9001019157167125,0.8995853467709889,0.8883200962022868,0.8576134502363704,0.8946224121887544,0.5867032515513309,0.9583216156069628,0.9754081792009579,0.6542742200625049,0.8825210710884408,0.8927152748016025,0.5431274102849519,0.8399134433261015,0.7722191842821251,0.5449298439273333,0.8746288432976694,0.43176366352862106,0.9897770041581087,0.8298714737624997,0.5654841249102431,0.8578802781954207,0.46980543995044777,0.4621060832946591,0.8399134433261015,0.8399134433261015,0.8445682585983454,0.9879133202887234,0.8670206375836005,0.48603393971352826,0.5398891955395992,0.4335332997964084,0.44729729729729695,0.42053637585010506,0.8142348490514517,0.5016432958714399,0.8399134433261015,0.9461599095879434,0.9222692303427626,0.8812473067855704,0.3186335757429615,0.8683043280893405,0.5611729486159147,0.8399134433261015,0.8399134433261015,0.5051116924092751,0.9810708463392349,0.5049951958498484,0.9676110034660239,0.4887309905277273,0.38873314530464964,0.9034507978559554,0.9407898534834993,0.5453151247225196,0.5117889685142839,0.8399134433261015,0.7231770329932695,0.425128472850437,0.9067735960486834,0.9040056117932131,0.8332787167612001,0.8264315018014625,0.8676112790458939,0.7633750572623207,0.9067735960486834,0.49012685265422284,0.8399134433261015,0.48026073279397385,0.822921070475325,0.7001058017664259,0.6536296727663564,0.5954872071103582,0.8151246754418036,0.7003722788668687,0.731765749938452,0.896467838022496,0.9289625253159947,0.6090734969190719,0.8797343497299446,0.8262875324250605,0.9430392773904719,0.8300648211329422,0.5146647727475493,0.889325715929772,0.83472400300589,0.6089082512945168,0.842622729987961,0.9757038990161571,0.8957405071726412,0.8812473067855706,0.9660206703631764,0.9613667414467569,0.8812473067855704,0.8670206375836006,0.8089393498770416,0.7230956782566549,0.8399134433261009,0.8262875324250604,0.9424449052201409,0.8813924070586785,0.7537783712482843,0.723557945843871,0.8347240030058896,0.9094929178878131,0.6823842755519653,0.9701638328331279,0.5904143620291284,0.899197534530654,0.7330690250299026,0.6952852690349788,0.8399134433261015,0.7833616502708288,0.989093201938321,0.6325194792177231,0.8746288432976692,0.8818307613928058,0.7926104337466324,0.8193986305567417,0.8399134433261015,0.38430812976255835,0.4213287952000556,0.8639679664180098,0.413978603557438,0.4537756743003718,0.41049295773867445,0.8893257159297718,0.4790283263449022,0.7456213771089337,0.7577955466701138,0.5519697368588354,0.9180565065029516,0.8528333483484712,0.9205937947274885,0.8397712046798789,0.8318910877270136,0.9866958689020053,0.8127090760979432,0.5190803035846918,0.8340281549385415,0.4015974295875374,0.9810708463392349,0.83472400300589,0.5975934024317846,0.24776995815772063,0.7735944829382242,0.4880798873080847,0.48968584079654853,0.8399134433261015,0.4231786225177183,0.3915959755956392,0.9638494310149244,0.8399134433261015,0.4954545454545456,0.9541562193724056,0.8683043280893405,0.9907081931481023,0.83472400300589,0.562904235104164,0.853060955313235,0.8963605811335611,0.8676064557793455,0.7572878907549188,0.9124228913250299,0.4175741234114826,0.8399134433261015,0.9473790259104964,0.8399134433261015,0.8683043280893405,0.6952732293114163,0.6669849561400847,0.8812473067855704,0.919205175026629,0.681048000502082,0.7539813468101464,0.8488591863650052,0.8399134433261015,0.7518812537808527,0.6199265005503767,0.9148107857856453,0.7878251630597819,0.8008776071541592,0.9130131975922847,0.8732629623629597,0.7596681204982023,0.7562824401099395,0.6953855537731846,0.27115176363994076,0.7562824401099395,0.6407576501204829,0.955212744755753,0.4900474058791373,0.7562824401099395,0.8812473067855704,0.8249931661626662,0.8760079532691363,0.7751461724900128,0.9333465640103243,0.8229032970602808,0.7078868375537282,0.7245937905318554,0.7231770329932702,0.9366401202067466,0.7292142083652813,0.7798870083823579,0.8347240030058896,0.8562263088127955,0.6539264510092988,0.9320998008628145,0.5248967289786084,0.7023504933950933,0.834971761250833,0.4639507546157252,0.9258768304089705,0.876007953269136,0.9143162677112748,0.8643541149203242,0.9189525367382566,0.7716661136923295,0.8769080618713374,0.8076093173516694,0.9222692303427622,0.896467838022496,0.8424863709922168,0.7892792459601419,0.8517407599399142,0.9587435477436586,0.9985803386822734,0.8294970509385431,0.9247782335508676,0.7596681204982028,0.989093201938321,0.8622372411636183,0.7271543447849105,0.9889592664955447,0.7383340212335323,0.9335513334987284,0.8296528763467039,0.7740333161212744,0.8360956307636551,0.7840725527723562,0.7901376869855635,0.8859059313736365,0.9407898534834993,0.7742998477170242,0.7950827333756195,0.8875382141796819,0.8921586412113167,0.9506887194977827,0.9768965031163175,0.8869717286171059,0.7995269626832175,0.876007953269136,0.6899417174052438,0.7716661136923273,0.9779066609569429,0.9279617397523309,0.6269693665319775,0.9261869549695412,0.7752683943150149,0.8860996110792336,0.6182757470319702,0.9219594355678594,0.6032401603972547,0.735936569437549,0.6414026970287043,0.9695311240154443,0.8622329273186462,0.6623760983136737,0.9753490351022651,0.8163356189353925,0.9120142963323283,0.8447221386954857,0.9040056117932131,0.808753056582757,0.8622329273186464
p202_I,0.8091417233107612,0.9473756291574582,0.9029316112204655,0.9810522968844484,0.9544316996038003,0.9661972965770262,0.7998417332331833,0.8390631391006365,0.9137092609592146,0.9643133649175286,0.991511387719873,0.9529545363721539,0.9529545363721539,0.9304741538905168,0.9651775593373264,0.7948455158104214,0.9501049319099923,0.9385367079941815,0.9625131050152524,0.9643133649175288,0.8990962871160681,0.9447481688519046,0.9422080421889416,0.9559485503920393,0.996557344576431,0.9385367079941813,0.9501049319099923,0.9250379219402804,0.9643133649175288,0.8283051395552844,0.9327167510955896,0.9591194968553456,0.9487265052554268,0.9271857963192045,0.9544316996038003,0.9625131050152524,0.9559485503920393,0.9487265052554266,0.9661972965770262,0.9373453016197315,0.9097421633544909,0.9965665866960463,0.9661972965770262,0.9856046735880618,0.9830316367629125,0.8631446255669608,0.957509435301382,0.9528206548013272,0.9373453016197317,0.9029316112204655,0.9591194968553456,0.865060076107683,0.9385367079941813,0.5421872499962037,0.985998391819751,0.9361684345174044,0.9361684345174046,0.4654487838138114,0.8281985467386979,0.9515133476881703,0.9157186269856048,0.913340411316356,0.938536707994182,0.9515258611582162,0.9607848936032954,0.8425003792101693,0.9591194968553458,0.8207569669980983,0.7934886331492652,0.9625131050152527,0.9293685115305119,0.9373453016197317,0.9544316996038,0.8767037709308809,0.4654487838138114,0.8981423730059306,0.9940867605460231,0.9460501530640812,0.9055499094902304,0.9661972965770262,0.9460501530640812,0.9987774230311344,0.6451062339004482,0.9385367079941815,0.4654487838138114,0.9261077324693097,0.9940867605460231,0.8561690587937525,0.9856074913039303,0.48335140169781754,0.4654487838138114,0.9029316112204655,0.9133404113163559,0.9039927750935628,0.6451062339004482,0.7525309817880903,0.9010097382828826,0.8990962871160681,0.9659890369628097,0.869243130108611,0.9903434298372482,0.957509435301382,0.9544316996038,0.9416467981218895,0.7557519997358104,0.9625131050152524,0.9167305843279034,0.9432965332537007,0.9365826632500471,0.8465237589272379,0.8886765593703838,0.939743596515608,0.9528245839616685,0.9187703462526828,0.957509435301382,0.8989918865893687,0.9473756291574582,0.950716529670402,0.966197296577026,0.9071558877260781,0.9393439644390174,0.8971901564492133,0.9434679740971852,0.9327167510955896,0.938536707994182,0.9054269517278613,0.9559485503920393,0.8109856491133973,0.9529545363721539,0.9711878805915029,0.9221821648495911,0.957509435301382,0.9591194968553456,0.9661972965770262,0.9501049319099923,0.89455712136231,0.9288357786952526,0.9591194968553458,0.9591194968553456,0.49980009110787593,0.8875935086546557,0.9643133649175286,0.8745818404295134,0.9210886546555859,0.8990962871160681,0.9197987094973854,0.9841240669083753,0.8914187460211083,0.9373453016197317,0.8456002034186689,0.9643133649175286,0.9595131865896311,0.9050457185079472,0.8933957590212613,0.9591194968553458,0.937345301619732,0.9464707947698459,0.9696485350828812,0.8532293824478367,0.7948455158104213,0.8897655097007555,0.9575094353013822,0.9987774230311344,0.8637076121118327,0.9077810309891681,0.9727541677821405,0.8754988991654498,0.9097421633544909,0.9608853644890277,0.9278919760223627,0.930474153890517,0.9529545363721539,0.9361684345174048,0.8769212489428944,0.902941079165362,0.927714695159251,0.9625131050152524,0.755751999735811,0.9776317763878946,0.792191730001765,0.9666447254421398,0.9824943201122008,0.9361684345174044,0.9765837058865926,0.7457573645989346,0.9370094808581142,0.9071558877260781,0.9117176971980812,0.5421872499962037,0.9828201226319815,0.9515133476881703,0.95678955450748,0.8724525586652858,0.9361299194129695,0.9528976942023157,0.4654487838138114,0.9559485503920393,0.9515133476881705,0.6683457350993528,0.8851338808206501,0.9029316112204655,0.9529545363721539,0.4654487838138114,0.9178303757589166,0.8737670973648666,0.9643133649175286,0.4654487838138114,0.791622507706202,0.9239759423528267,0.9368506101299683,0.7500848507922824,0.9147116017278334,0.9529545363721539,0.4654487838138114,0.7864823026863539,0.4654487838138117,0.8627587161412211,0.8882786390335264,0.9177976999343657,0.4654487838138114,0.8458206993046364,0.4654487838138114,0.8320813372720232,0.9167305843279037,0.9250379219402804,0.8886765593703845,0.957509435301382,0.919171452966161,0.4998000911078754,0.9422080421889416,0.9447481688519048,0.9966922538063423,0.9054269517278615,0.9759742607288062,0.9591194968553456,0.6724208586082561,0.9791730180618381,0.9127113681766139,0.9077810309891683,0.981600181169821,0.9711878805915029,0.9830316367629124,0.8971901564492133,0.9799008321613357,0.4654487838138114,0.9981922472699298,0.4654487838138114,0.8239794143657333,0.9239759423528267,0.8807450411223992,0.9883880331853732,0.9502810449059291,0.9692769377093197,0.9696485350828812,0.9434679740971852,0.9038960691476476,0.9915113877198729,0.9800040497391675,0.957509435301382,0.9572654625627897,0.9210886546555859,0.893511004325708,0.48335140169781754,0.9607848936032957,0.9434099047538445,0.9661972965770262,0.8504989784061951,0.8830333887596136,0.6056724820408879,0.9199989838706863,0.9243815265814344,0.9608127721335267,0.9648840172678317,0.9432965332537007,0.894170995395229,0.9625131050152524,0.9434099047538447,0.9696485350828812,0.9409669977890665,0.9117176971980814,0.9625131050152524,0.9008409057897286,0.8966160771852034,0.9607848936032954,0.9087598936651087,0.9304741538905168,0.957509435301382,0.9759742607288064,0.8898606214266385,0.9515133476881703,0.957509435301382,0.957509435301382,0.8192793116817604,0.9625131050152524,0.88188375734721,0.7884744044803343,0.8971901564492133,0.8602583085066602,0.8639461643560563,0.9544316996038003,0.9923551296406039,0.9515133476881705,0.9591194968553458,0.8853172535850611,0.9502440628915498,0.957509435301382,0.937345301619732,0.9727541677821405,0.9119211045740185,0.9637319104506128,0.8962395095530546,0.7830122900340046,0.8761027064510567,0.8208917471559107,0.9221821648495911,0.9448229719109481,0.9137092609592148,0.9643133649175286,0.9271857963192041,0.9711878805915029,0.9637319104506126,0.9575094353013822,0.4654487838138114,0.9591194968553454,0.9554518077232719,0.938536707994182,0.9625131050152524,0.9607848936032957,0.9529545363721539,0.4654487838138114,0.9434679740971852,0.9625131050152524,0.9381728330554158,0.9197987094973854,0.9375816512512283,0.9409669977890665,0.9591194968553458,0.8830333887596136,0.8465237589272379,0.8766079819236635,0.9487265052554268,0.8573544191143383,0.9575094353013822,0.9271857963192047,0.8311464231994983,0.9473756291574582,0.9197987094973854,0.9661972965770262,0.9453578082946206,0.9759742607288062,0.9252805873349979,0.9501049319099926,0.48335140169781754,0.9707211351216225,0.8971901564492133,0.9213426026941536,0.8909910300164392,0.8373957982954765,0.4654487838138114,0.902941079165362,0.9743490353345139,0.9236497967373472,0.9261077324693099,0.9643133649175286,0.8945571213623098,0.4654487838138114,0.4654487838138114,0.9373453016197317,0.9137092609592148,0.9082133906734637,0.4654487838138117,0.9448229719109482,0.9544316996038003,0.9810522968844483,0.9077810309891681,0.9361299194129695,0.9544316996038,0.9315900378678905,0.9940867605460231,0.8495094192726707,0.8884205128203206,0.4654487838138114,0.8933957590212616,0.9250379219402804,0.8618496660711303,0.8557146344488492,0.9659497926039277,0.883030853237359,0.957509435301382,0.9421042865426588,0.4654487838138114,0.8494522957885748,0.9496811510501818,0.9082133906734644,0.9122273420708396,0.9559485503920393,0.8809287459442814,0.9487265052554266,0.4654487838138114,0.9477170828887946,0.8924353423190239,0.4654487838138114,0.9659497926039275,0.8784245992207029,0.8914187460211083,0.8660127357937746,0.8853172535850609,0.4654487838138114,0.9490536363982252,0.8707710541962026,0.9607848936032954,0.8281856355221404,0.8801973674837034,0.960900739115506,0.9177477332861095,0.9068053912485843,0.9575094353013822,0.9087598936651087,0.9755588472540062,0.9422080421889416,0.9018904991002987,0.9597659443503783,0.8839713153825193,0.5869208677074217,0.9591194968553456,0.938536707994182,0.4654487838138114,0.950716529670402,0.9541290792408024,0.8638461791854182,0.9460501530640815,0.9350052413014638,0.49980009110787627,0.805094014325541,0.9692769377093197,0.49980009110787627,0.9460501530640815,0.9544316996038,0.9473756291574582,0.8915055770282614,0.9570498583959894,0.9507165296704019,0.8956033810680566,0.9643133649175288,0.9473756291574582,0.9422080421889416,0.9155228711377881,0.9447481688519044,0.9643133649175288,0.8203824865711149,0.9727541677821405,0.7781638062879622,0.4920265016800113,0.9447481688519048,0.9127113681766139,0.957509435301382,0.9759742607288064,0.9933095589619414,0.9265987852931259,0.9409669977890665,0.9515258611582162,0.8666344692877818,0.9846299338167082,0.8800696831792942,0.9515064133963973,0.9147116017278334,0.9501049319099923,0.8649308193595577,0.901969550532447,0.9810522968844484,0.9987774230311344,0.5280619814444671,0.8363640334164018,0.9915113877198729,0.934712588125745,0.9987774230311344,0.981600181169821,0.8416996066004399,0.957509435301382,0.9612268306824154,0.9036630310524923,0.9743490353345139,0.9933095589619412,0.9625131050152524,0.8843429403249956,0.9029316112204655,0.9560086947472866,0.9795295863759994,0.9501049319099923,0.9501049319099926,0.9591194968553458,0.950716529670402,0.9327167510955896,0.8756436752646829,0.9218739081138492,0.9529545363721539,0.9529545363721539,0.8702278981827851,0.9167305843279037,0.5149876174732455,0.8849118467483821,0.4654487838138114,0.9607848936032957,0.4654487838138114,0.4654487838138114,0.9010904619217457,0.586920867707422,0.9759742607288062,0.4654487838138114,0.855523980605551,0.9200311537959005,0.6039046752604105,0.9358593744118064,0.8933957590212613,0.8887281516764469,0.95678955450748,0.7453651154501214,0.9222692303427629,0.9487265052554266,0.9755588472540062,0.2903574015519471,0.9261077324693101,0.8569522690866243,0.8207569669980981,0.9327167510955896,0.9207232888949288,0.9515133476881705,0.8379129021788135,0.9607848936032957,0.9068053912485843,0.9575094353013822,0.9629940985099353,0.994086760546023,0.9397435965156078,0.9422080421889416,0.897696790190678,0.9315900378678905,0.9157186269856048,0.9422080421889416,0.6274945161130703,0.9575094353013822,0.5047661957294463,0.9559485503920393,0.9229213960709448,0.906100043689203,0.9222692303427629,0.0,0.8717185331373518,0.9501049319099928,0.8020423584034373,0.9010097382828826,0.9765837058865926,0.8929569861598758,0.933854925314779,0.9661972965770262,0.825822973546479,0.8956033810680564,0.9163268736367537,0.8550590262373867,0.9447481688519046,0.960900739115506,0.9322326314194609,0.4654487838138114,0.9591194968553456,0.9795295863759994,0.9544316996038,0.9451689995479282,0.9940867605460232,0.9515133476881705,0.933854925314779,0.8809287459442814,0.9422080421889416,0.8875935086546558,0.9448229719109481,0.846039188302693,0.9915113877198729,0.9156748294160986,0.43121427095738263,0.9487265052554266,0.8396960566861433,0.9711878805915029,0.9409669977890665,0.8965882112569321,0.9299622870581812,0.9172872019153646,0.9124629060455851,0.9759742607288062,0.8273662657070464,0.8754988991654498,0.9327167510955896,0.9448229719109482,0.9434679740971852,0.9559485503920393,0.8882786390335264,0.9981922472699298,0.775191939809442,0.48335140169781754,0.848318897532643,0.8573544191143383,0.9661972965770262,0.9661659803622438,0.9575094353013822,0.9261077324693097,0.9250379219402804,0.9397435965156076,0.9541290792408024,0.9327167510955896,0.996557344576431,0.7178825832969216,0.946050153064081,0.9529545363721539,0.9591194968553456,0.9661972965770262,0.4654487838138114,0.9752372748615917,0.8792678792793371,0.9213426026941536,0.9282725629505153,0.4654487838138117,0.9333770200885272,0.8745818404295134,0.9966922538063423,0.6649007021580284,0.9137092609592146,0.9029316112204655,0.9310944809913066,0.9013830433006722,0.9350052413014638,0.9595131865896311,0.8299936449997711,0.9019695505324472,0.9607848936032957,0.9127113681766139,0.9361684345174044,0.9652137684610214,0.9711878805915029,0.966197296577026,0.9350052413014638,0.9515133476881705,0.9661972965770262,0.9473756291574582,0.9361684345174044,0.9544316996038003,0.7445441032080384,0.8962395095530544,0.8639461643560563,0.9544316996038,0.9447481688519046,0.8343531165770126,0.9480610371608378,0.48335140169781754,0.9608127721335267,0.5149876174732451,0.48335140169781754,0.48335140169781754,0.5849295595847745,0.4654487838138114,0.9830316367629124,0.6857380225836753,0.4654487838138114,0.9409669977890665,0.7414581552504101,0.9625131050152524,0.9575094353013822,0.9607848936032954,0.9559485503920393,0.48335140169781754,0.8483188975326428,0.9416467981218899,0.9422080421889416,0.8903723822424183,0.4654487838138114,0.9167305843279034,0.957509435301382,0.9987774230311344,0.8460391883026932,0.9177477332861093,0.9625131050152522,0.9559485503920393,0.996557344576431,0.9239759423528267,0.9434679740971852,0.9544316996038,0.6983285517377629,0.9793236882044447,0.9327167510955896,0.8487541042204986,0.9460501530640815,0.950716529670402,0.9373453016197317,0.9575094353013822,0.9949291060968913,0.8914187460211083,0.4654487838138114,0.9544316996038003,0.8943424304056793,0.9643133649175286,0.9200311537959007,0.9501049319099923,0.9460501530640812,0.9066633016488577,0.49980009110787627,0.8755021461577475,0.9001889664606626,0.4654487838138114,0.4654487838138114,0.7032614918335653,0.8597779310791209,0.9590673131834122,0.9516333298064149,0.8945571213623098,0.8660127357937746,0.8893257159297723,0.8830309554277651,0.9397435965156078,0.8954942934337513,0.4654487838138114,0.9629940985099353,0.9591194968553456,0.9661972965770262,0.8485170805722069,0.9625131050152524,0.9457520766884306,0.4654487838138114,0.4654487838138114,0.9216236926048751,0.9544316996038003,0.897791677275513,0.994086760546023,0.8717185331373518,0.9097421633544909,0.47778404797553586,0.9515258611582162,0.8840841025109967,0.8660153996906965,0.4654487838138117,0.9239759423528267,0.8999735518417349,0.9559485503920393,0.950716529670402,0.7147752557536893,0.8253952393451092,0.7171704917830882,0.9261077324693099,0.9559485503920393,0.8736104662007043,0.4654487838138114,0.9088891430301538,0.9261077324693099,0.9933095589619414,0.8858525408230953,0.9499351329637566,0.9473756291574582,0.9147116017278334,0.8688726774726101,0.9560086947472864,0.8820903683689054,0.8764420057712254,0.9501049319099923,0.9643133649175288,0.9810522968844484,0.558443657705455,0.9271424076820847,0.9591194968553456,0.48335140169781754,0.9254878069711865,0.9903434298372482,0.9816001811698211,0.9293685115305121,0.9661972965770262,0.981600181169821,0.9381728330554159,0.9661972965770262,0.9127113681766139,0.6768537295504495,0.9068053912485845,0.9544316996038,0.9643133649175288,0.9447481688519046,0.9940867605460232,0.8495094192726707,0.985998391819751,0.9529545363721539,0.9361684345174044,0.7721592691164596,0.9559485503920395,0.8233538626834316,0.6397205417438527,0.8702278981827849,0.8336974907151964,0.4654487838138114,0.9029316112204655,0.9544316996038003,0.8144187923946176,0.9643133649175286,0.9466104231235154,0.9409669977890662,0.905045718507947,0.4654487838138114,0.861010892458121,0.825822973546479,0.9409669977890662,0.8887281516764469,0.9088891430301538,0.8954942934337514,0.9591194968553456,0.8396960566861434,0.7720943320371619,0.857275562611463,0.8637076121118328,0.9422080421889416,0.875327452154095,0.9661972965770262,0.9422080421889416,0.9544316996038003,0.9917282321179908,0.9923551296406039,0.9540204532200205,0.7453651154501214,0.8616683307696409,0.9544316996038003,0.48335140169781754,0.9245130324548223,0.87549889916545,0.765901075629732,0.9240643062486213,0.9341151942981756,0.4654487838138114,0.9037626896798772,0.8773844821970236,0.9304741538905168,0.4654487838138114,0.8893257159297725,0.9487265052554266,0.9625131050152524,0.586920867707422,0.48335140169781754,0.8956033810680566,0.9496811510501817,0.9077810309891683,0.9554815748429077,0.9931344261826377,0.9422080421889416,0.8321980649370848,0.4654487838138114,0.9883880331853729,0.4654487838138114,0.9625131050152522,0.8830333887596136,0.9345279402530977,0.9661972965770262,0.933854925314779,0.8539453617971726,0.9581430783864289,0.9304741538905168,0.4654487838138114,0.9793982907739638,0.8713849148811155,0.8997921725028666,0.9115437007410547,0.6983285517377633,0.9591194968553458,0.6519777871354648,0.9315900378678905,0.64551586548298,0.9038960691476474,0.8784245992207029,0.64551586548298,0.9304741538905168,0.9591194968553458,0.8971901564492133,0.64551586548298,0.9661972965770262,0.9944277784720001,0.9559485503920393,0.8971901564492133,0.9765837058865925,0.9315900378678905,0.9409669977890662,0.9029316112204655,0.9239759423528267,0.9422080421889416,0.9696485350828812,0.9373453016197317,0.9529545363721539,0.9447481688519046,0.8843429403249959,0.9304741538905168,0.9541290792408026,0.8830333887596136,0.7126740664642464,0.9177477332861097,0.9923551296406039,0.9559485503920393,0.957509435301382,0.9541290792408026,0.9452352847073289,0.9350052413014638,0.9582291749307176,0.9528206548013272,0.9591194968553456,0.9607848936032957,0.7118580233750362,0.9338549253147792,0.9156748294160986,0.9261077324693097,0.9327167510955896,0.7584207477846285,0.9434679740971852,0.9315900378678905,0.9544316996038,0.886182826862074,0.927714695159251,0.9218739081138492,0.9107280314569584,0.8317830360527902,0.9560086947472868,0.9759742607288062,0.7800222122223968,0.9385367079941811,0.9501049319099923,0.933854925314779,0.9231230454306081,0.7894968820867843,0.909224298289043,0.9460501530640815,0.7739620374838144,0.9529545363721539,0.9714637322658974,0.8077125695029689,0.9652137684610215,0.9559485503920393,0.8981423730059306,0.935005241301464,0.957509435301382,0.9502440628915498,0.8773844821970236,0.8030296776830925,0.9515133476881705,0.9515133476881703,0.8819816371479938,0.9434121517267974,0.9127113681766139,0.957509435301382,0.873610466200704,0.9409669977890662,0.9560086947472867,0.9038960691476476,0.996566586696046,0.9559485503920393,0.9643133649175286,0.8971901564492133,0.9625131050152524,0.8441308835731789,0.9607848936032957
p202_K,0.9322306138250356,0.9444589326130934,0.7568396074020358,0.9990157768469985,0.9561617868108664,0.9760563522715158,0.972103162581248,0.9763153912585097,0.729222936869321,0.8880166939342051,0.8843302430070015,0.8826297756089205,0.9963436067167888,0.9121416798754112,0.9983516442258689,0.9914602339014673,0.9555882323172946,0.8088706988363875,0.9196272041613351,0.9660513766874224,0.5477262562038011,0.9107320745513346,0.9791544131818322,0.8938767975645252,0.9198608721014004,0.8071305231050048,0.9869887399367074,0.8672198966841802,0.9270340353108142,0.978047444720365,0.8780349089849728,0.9219924035515397,0.6843931677194159,0.96006203365904,0.9561617868108667,0.7822955362017113,0.8938767975645252,0.8671351972502712,0.8939283999593046,0.8978779888113964,0.47582924810126304,0.8597178833007999,0.9349923761154102,0.9137600507373362,0.9842997461902937,0.6813051438102782,0.8998492893872088,0.7740923424745036,0.7714208233143978,0.8494598249994321,0.8717185331373516,0.729158044533543,0.8071305231050048,0.8348667221507038,0.97925310600785,0.8280925202410468,0.7815664566268085,0.8570084033315841,0.8712654252788732,0.9362040762623298,0.773139485917187,0.8725958973809713,0.9288703169797029,0.6731928166290087,0.6943041940836849,0.7399633275009003,0.853229382447836,0.7710971571312004,0.8330594398557617,0.9568868616159543,0.92851820495502,0.7950423367339838,0.9504233082603581,0.6779514826911839,0.8570084033315841,0.5882783377437464,0.8319382523553124,0.8743670916693695,0.6126272280007041,0.9760563522715158,0.9915758720397256,0.9618263766114719,0.8150388071567574,0.688871080693073,0.8570084033315841,0.8509891603010136,0.9895258967473566,0.9898082882932451,0.8748243583728721,0.8523731211903476,0.8570084033315841,0.928013767227485,0.6959541036177561,0.7088911448426267,0.8602378878737102,0.864466326812115,0.9385897244807798,0.6313029696900343,0.7257831385929439,0.7222362273245158,0.7117773612054509,0.9662154259494387,0.9504233082603579,0.7775280732808665,0.977331784393773,0.8823675467067158,0.8525051345670998,0.6577780247562042,0.899864992616022,0.7125467106524417,0.8751203513462891,0.8597178833007997,0.6866233074444239,0.8687608623232684,0.8666662211060936,0.6305989808079455,0.8896628273818983,0.8823675467067158,0.982879671572379,0.8077756642829037,0.8541662653387105,0.9093586229892595,0.899864992616022,0.9003267064040639,0.9751299885056453,0.9681758778706107,0.9259853716103588,0.8636123286854331,0.8523731211903478,0.8939186211089408,0.8134110832519674,0.8678692326449853,0.9907554246552424,0.8939283999593048,0.6397615797143077,0.9058551791768785,0.9320550090129469,0.9061000436892026,0.9061000436892033,0.8478507258139236,0.5918830964146959,0.8880166939342049,0.9741544856558995,0.7397616884261546,0.9990405090294633,0.8457609954205849,0.9395818231567123,0.6691144370278326,0.9451210156505687,0.6813226634544809,0.9168965991827527,0.8671675727709443,0.888838945770785,0.7679389342768795,0.9563739141033907,0.8270134485526373,0.6847370594571223,0.8807018460363633,0.7598572702943802,0.9258888135074717,0.90291979692368,0.9674184374883311,0.986650481408334,0.6991961788643088,0.7764054763393151,0.8254359480882931,0.9234457537419227,0.8705563851567544,0.9958351300245707,0.7219765488875294,0.9772972526041017,0.912886430027493,0.892751098073522,0.9614031242880525,0.8372230463833881,0.8648038117738406,0.9941465190705734,0.9607863239306713,0.8011757865099843,0.9795620543312238,0.8746594809017656,0.8376727355793487,0.9211446474695233,0.9733997388646385,0.9005680461073314,0.8701938873820292,0.7633439218790219,0.8868785473630802,0.8348667221507038,0.9286877343347696,0.8478507258139243,0.9932934473528006,0.7864402420619161,0.6625935942972612,0.9988068943662061,0.8570084033315841,0.8617682235186914,0.8773018426300598,0.7740923424745039,0.7335904061339678,0.7638727450867082,0.9431430844460658,0.8570084033315841,0.6947301604558734,0.7830987714449009,0.8880166939342051,0.8570084033315841,0.7683691072554597,0.8019855092639763,0.6969961568417802,0.6122212310437118,0.5962422815924553,0.6332637536939166,0.8570084033315841,0.8152503278710447,0.8570084033315841,0.8095060644328034,0.733862967728768,0.7616424422623778,0.8570084033315841,0.8372205460321176,0.8570084033315841,0.8340828275259545,0.9473396342918281,0.8877095070326824,0.5747883779683962,0.7683200278016398,0.5829768329299876,0.8478507258139234,0.8439253499767938,0.8266218514619252,0.7003032277017666,0.9514135540009321,0.8304376991641307,0.9404815542410547,0.896195761128637,0.9673623974500296,0.8884959882314046,0.9179155859601309,0.7614393933136985,0.7614393933136983,0.9295657121907097,0.9093586229892594,0.9656551930784649,0.8570084033315841,0.8912683405876598,0.8570084033315841,0.9675892426245807,0.9750108530094963,0.9907554246552421,0.9976453864514688,0.6096940821896748,0.8617682235186914,0.8785195627321514,0.9513718884110443,0.9226168570491226,0.9279899061857315,0.8037789036289429,0.8666662211060936,0.8795723160507688,0.786365230967693,0.7614002653608829,0.8826297756089203,0.9484030384081927,0.7466087313840509,0.8939283999593046,0.949984947539672,0.949984947539672,0.9085180731352036,0.9463908385559952,0.8959312362575045,0.9748630647929062,0.7610895252935233,0.6040484035985155,0.8559609326165805,0.8823675467067158,0.6432076647596845,0.8584546801295281,0.6639371190491274,0.7958201796033031,0.8823675467067158,0.7920242446021457,0.6944240009152571,0.9841323151590049,0.6628346699069991,0.8055175049669295,0.8666662211060934,0.6837875121403503,0.619030654482156,0.9951063098946,0.8678692326449855,0.9993984942305538,0.5455527154540452,0.9941465190705734,0.7689388750722466,0.6942182301087922,0.6448755746978643,0.9470257685523709,0.9685938234748075,0.8004702785962421,0.8422853635731559,0.9067529594461949,0.8717185331373516,0.618368633366341,0.8918272444553983,0.9010523009261007,0.7241777964752277,0.9278839998308013,0.6754096373840064,0.9188650486629628,0.871698595368513,0.9414933490985207,0.9815776392253533,0.8736810880682926,0.9057865004851433,0.7998445750529276,0.7477218445878466,0.927034035310814,0.9770878861879118,0.9438969150899481,0.8108406562286042,0.8666662211060931,0.8570084033315841,0.8717185331373509,0.964680230981305,0.7848707752077251,0.8823675467067158,0.9841323151590049,0.9055736434610708,0.8570084033315841,0.8226046489234888,0.9685938234748075,0.8939283999593048,0.9983516442258689,0.727151939396333,0.7384094334397135,0.8532293824478363,0.6566055132344055,0.5801950212414335,0.899864992616022,0.8391057200608769,0.6961776795851673,0.8998492893872085,0.8134118466352593,0.6339399636441786,0.8348667221507038,0.8262750753763912,0.8596877431040634,0.5940909977151707,0.8932877793171796,0.5754298153898647,0.9869887399367074,0.8523731211903476,0.9714202433229047,0.6118151936614398,0.6055121238897025,0.6496067942158945,0.5939930694508418,0.8570084033315841,0.7055606665778258,0.9338494508350152,0.7587855677240293,0.8302740876675132,0.8880166939342053,0.6504057273614541,0.8570084033315841,0.8570084033315841,0.8978779888113966,0.8772141986175228,0.8616930700030194,0.8570084033315841,0.9660513766874224,0.6447787703816176,0.631769311023755,0.6525841304211006,0.6492041301697455,0.9250234851679422,0.7746984337324034,0.8791510662592732,0.5798341468896158,0.5384915528996885,0.8570084033315841,0.670810741120691,0.7844567273912895,0.6117000015258793,0.6326581146342569,0.8293290790043693,0.8585818737081333,0.8346861643638701,0.6272918590166199,0.8570084033315841,0.6706017107726912,0.9528702406083659,0.7668399239194046,0.7004942347958314,0.8938767975645254,0.5150234588752876,0.8951646744396662,0.8570084033315841,0.9586548727192219,0.6794502833991369,0.8570084033315841,0.9613199080921118,0.596828896960305,0.5919206856039372,0.6072979282259652,0.6318398909493357,0.8570084033315841,0.8864997932481629,0.6533553684916162,0.9801384080901827,0.9607161788874539,0.8933671066897375,0.8145713346772083,0.741895509712788,0.8532486817312563,0.8666662211060936,0.9656645681405693,0.6803746334600482,0.9955712672694002,0.7022343989546225,0.869548945799202,0.7143337447726614,0.8691996695255617,0.8717185331373514,0.856870546093714,0.8570084033315841,0.9196272041613354,0.8399463493575883,0.8131906227810743,0.9011784989275506,0.9976453864514686,0.8478507258139238,0.8815862495097839,0.8938767975645256,0.8478507258139238,0.9548013134439125,0.8881467049745084,0.9185508043089182,0.6832300883490279,0.8823000010416493,0.9568868616159543,0.7253931377374552,0.9270340353108142,0.8622647747663006,0.8944739890743296,0.7763317127463425,0.9054156736579473,0.7608272336763193,0.7296837560209686,0.8467302863356787,0.9350469049121561,0.9085180731352036,0.6218213931659229,0.8334370704361703,0.967418437488331,0.9351878327525459,0.7808456721895973,0.9335081311205445,0.8395807850136316,0.8961957611286371,0.8843302430070017,0.8111595167276988,0.8848223705986984,0.9341399295874282,0.9748144431861328,0.9268767184442958,0.9393287362592035,0.8993117111883588,0.9121416798754112,0.8644048898104937,0.8439253499767938,0.5984555288784241,0.8843302430070017,0.6320327539189465,0.9140530994042175,0.9952839109846353,0.9016022915360883,0.8998492893872085,0.7197710432090836,0.6628353229056022,0.9959946687355163,0.9320800463154997,0.882367546706716,0.8782807318055033,0.7809901610692531,0.8769444849065682,0.784456727391289,0.872142684444712,0.9842997461902937,0.9219924035515392,0.8823675467067158,0.944910301242246,0.5941905684294595,0.45057290501065517,0.9733997388646385,0.8148036802053528,0.8602100402268145,0.9094058344019367,0.900854198317711,0.7397616884261546,0.8570084033315841,0.8769444849065684,0.8570084033315841,0.8570084033315841,0.6812099851310376,0.8186510304280263,0.7885376457287647,0.8570084033315841,0.7750480640243935,0.7403933862837819,0.8019855092639763,0.9768644456787298,0.670810741120691,0.6956886027669846,0.9377967241972249,0.89126834058766,0.747378490763972,0.8951646744396662,0.929697484186028,0.8769444849065684,0.7681288697670128,0.642222938539083,0.6827908156515123,0.8321717245668426,0.97925310600785,0.9067529594461945,0.92442043494204,0.9484030384081927,0.9410871742212277,0.8666662211060936,0.846336923307531,0.826621851461925,0.835317788383598,0.7264112176941552,0.7899400787878119,0.851327550518993,0.8107507206586901,0.9450226281718648,0.9707366616538043,0.8998492893872085,0.8528864588605991,0.8938767975645256,0.8584546801295274,0.8041480820695805,0.5453154733950094,0.8717185331373518,0.0,0.8434311705717135,0.37881643602034987,0.6680166636240492,0.9660869522982162,0.7452764923749062,0.8233685471076159,0.8939283999593048,0.6011472367990442,0.7253931377374547,0.7995034775956036,0.5826196597946054,0.8844674671526606,0.7387037348974261,0.9450448811962391,0.8570084033315841,0.8717185331373514,0.8057510656386746,0.9815616099032831,0.5230950644855457,0.8528864588605989,0.8773018426300598,0.8150388071567574,0.5567766845850876,0.9702969477206325,0.6389688044999056,0.7608272336763198,0.6425031794178573,0.8843302430070015,0.8220802743853399,0.8478507258139238,0.9512236288184555,0.8427450004691404,0.9344647370592187,0.7135853286428515,0.6820964632065181,0.9202391329463167,0.7060296852619892,0.7959915066838823,0.9391120069413565,0.7055829945417695,0.6726786271267707,0.8557431115658816,0.8880166939342056,0.7138332889213117,0.958093945656193,0.8326675669552456,0.8729153679892483,0.7673301734140057,0.8523731211903476,0.6209651484623866,0.6536434114092291,0.9007517192601686,0.8198464957435223,0.8666662211060936,0.8175696775629794,0.990157558775191,0.7986807878583739,0.9310047171173652,0.9882143065004803,0.9713677678964225,0.912223997864057,0.6062530190875557,0.8523731211903476,0.8717185331373514,0.9349923761154104,0.8570084033315841,0.8134118466352591,0.46850594713134164,0.713660368629331,0.9444829007742854,0.8570084033315841,0.769552785006715,0.5987910494732209,0.8295563380294411,0.8272360292098266,0.715809831574922,0.9964834311576645,0.6816679711713822,0.9858171058396605,0.8601082538813809,0.8319425492970286,0.7100967477204156,0.7802230102304335,0.9126737616573806,0.7995034775956034,0.7583034248196892,0.967418437488331,0.7317341573078302,0.9349923761154098,0.7960489146934,0.8478507258139247,0.9349923761154104,0.8363566464621248,0.9392771616877615,0.987300088453792,0.5634989595513131,0.6515049729405671,0.882367546706716,0.9504233082603579,0.9842094958539693,0.668734422485421,0.6453111485323304,0.8523731211903476,0.9563739141033907,0.843431170571713,0.8523731211903476,0.8523731211903476,0.8553119000706249,0.8570084033315841,0.900854198317711,0.7766375347873177,0.8570084033315841,0.9885254137948039,0.9163243827537765,0.9685938234748076,0.8666662211060936,0.8769444849065682,0.9580939456561928,0.8826297756089201,0.688085058508904,0.6300486946673771,0.9197483086230973,0.6941644765597204,0.8570084033315841,0.7302230666440963,0.9993984942305538,0.7632335382365756,0.7541070027270702,0.8754277320114355,0.9568868616159543,0.9580939456561928,0.848358096821,0.8830777411645316,0.874111544718511,0.8570084033315835,0.9236238571148094,0.9499692241389623,0.7207127374713863,0.65919449416573,0.9548013134439125,0.9941465190705734,0.7005562830556396,0.8998492893872088,0.9094058344019365,0.7401687521593934,0.8570084033315841,0.8881467049745078,0.7458202868208872,0.8880166939342051,0.6117176937943796,0.9295657121907097,0.9011784989275504,0.64353167414296,0.8478507258139238,0.6662895475726749,0.5808585959158803,0.8570084033315841,0.8570084033315841,0.8584546801295272,0.9325557159732931,0.8729153679892483,0.8442536064308899,0.6933482202770993,0.5391862190679242,0.8282378877314172,0.6112273743013539,0.6522802183551624,0.6365223260397483,0.8570084033315841,0.9728605013801859,0.8717185331373514,0.8939283999593046,0.5428589426818209,0.8823675467067158,0.78908944596137,0.8570084033315841,0.8570084033315841,0.6174040871209174,0.9504233082603581,0.5733863415476461,0.9632612893486825,0.6053077609277439,0.6193663888487142,0.818971770121748,0.9859064740957941,0.7019426288336692,0.6372265680739606,0.8570084033315841,0.7520072152829689,0.6640592803255385,0.8617682235186914,0.9196272041613351,0.8299683438956362,0.9173789909124166,0.806789155332198,0.7968546049294788,0.9455803322063063,0.7279649478150915,0.8570084033315841,0.7055926234222143,0.9832902586309831,0.7706007629746172,0.8589860977746613,0.6657477677000222,0.9444589326130934,0.8815659050945215,0.8409355807585704,0.9841323151590049,0.8788935569730776,0.7623796086291903,0.9842997461902937,0.9660513766874224,0.8687046313896174,0.9271301412483195,0.7180615399203603,0.8717185331373516,0.8523731211903476,0.7455129454395304,0.8229620026521651,0.9844430310402259,0.9070671857710777,0.9349923761154104,0.9547377950343575,0.8939283999593051,0.9418156954162736,0.8517900430345817,0.7749220256304648,0.7953973483088588,0.919285006617433,0.9559139405593606,0.9107320745513345,0.9579448884552955,0.70532783812842,0.7124226449088114,0.8523731211903478,0.8462250344592843,0.7534720731636424,0.8617682235186916,0.6498015007386087,0.9131343782015149,0.8877192415852715,0.9513216473013404,0.8570084033315841,0.8766615192798504,0.9815616099032831,0.7161514508073232,0.8880166939342051,0.9817183578868094,0.8147566802167701,0.8756774769500458,0.8570084033315841,0.5849934993009303,0.6281590556470272,0.8625299574240242,0.6425218354574349,0.6226692012291235,0.6637020639999522,0.8717185331373514,0.6916723215003109,0.8508040276344653,0.7902299687349243,0.7080684874839247,0.9791544131818322,0.9429791397719616,0.9349923761154102,0.9955712672694002,0.987300088453792,0.9452678147319105,0.8186638501535697,0.7438841506455662,0.9096213131860713,0.6382313476238333,0.9504233082603579,0.8523731211903476,0.7401687521593932,0.41838657063668894,0.7426942528148761,0.7452764923749062,0.6921194632864656,0.8570084033315841,0.6187361328334404,0.46592824502387764,0.8904231556325144,0.8570084033315841,0.6342095250294093,0.8951646744396662,0.8823675467067158,0.8691996695255613,0.8523731211903476,0.801046591265738,0.9031302176196566,0.834441722203441,0.9160141298806421,0.6840893528735476,0.9955712672694002,0.6024450110745382,0.8570084033315841,0.8418946255500959,0.8570084033315841,0.8823675467067158,0.7985469659129568,0.773051057777288,0.8939283999593046,0.973235589666094,0.8158385481478821,0.7323682441479424,0.7837989807240329,0.8570084033315841,0.9181910881551667,0.6059049012501272,0.8692893891248489,0.7207127374713868,0.7722802732581082,0.9563739141033909,0.8321717245668417,0.8293290790043693,0.9491783380781875,0.7328798434654644,0.6250391199135192,0.9491783380781875,0.8272360292098269,0.8717185331373516,0.6614057652160763,0.9491783380781875,0.8939283999593046,0.7608708515790621,0.8617682235186916,0.8432378609164106,0.8826297756089205,0.851327550518993,0.8377058526271616,0.7296379131216184,0.8736455631338023,0.8944739890743294,0.7781951497190347,0.8270134485526381,0.9660869522982162,0.9579448884552955,0.8366550386729508,0.8252675829038238,0.5121362254223907,0.9360144982870402,0.8105925868344834,0.5692863253908155,0.9214995022309826,0.8938767975645252,0.9330323576683237,0.9233018944669911,0.8651350304644962,0.7960489146934,0.9106631918351398,0.9548403111497257,0.8717185331373511,0.8769444849065684,0.8327708365415754,0.7924392667982825,0.72104285068485,0.8095590150340128,0.8098799271477509,0.8189257281788584,0.9713677678964225,0.8073306074897453,0.9192850066174327,0.8071802989549741,0.6733602254514501,0.8144370750729597,0.8283167330770702,0.8882634914282465,0.9086798545885582,0.9561378594702288,0.9351962970466212,0.8071305231050048,0.7833191490793018,0.8376383475152336,0.9602670981239116,0.9961515705051298,0.8328811578110731,0.8307074284906395,0.9958586920040942,0.9128864300274933,0.9494537948245863,0.992448440655774,0.7019538912394097,0.9580939456561925,0.763482250368708,0.7960489146933996,0.9330323576683237,0.9300375212895612,0.6754886090035166,0.9943307567854552,0.8576381060247249,0.93620407626233,0.6672037056775577,0.986650481408334,0.6682603170504681,0.9330323576683239,0.7074052029469919,0.8644048898104935,0.8769444849065684,0.7501050084397349,0.8841179782180018,0.97768890625214,0.8880166939342051,0.8261583287193457,0.8823675467067158,0.9547182664208937,0.8769444849065684
p202_M,0.7811044839911794,0.9357714224531071,0.8815270484708908,0.9151430007264563,0.9443834278905732,0.9587434581480647,0.9731584998838414,0.9855666160707569,0.9666327685149194,0.360645243344608,0.9341536654578784,0.9425805352069325,0.9425805352069325,0.9151430007264563,0.9779039859151868,0.5789800515582622,0.9391025641025643,0.9249834296604702,0.954246865036652,0.9564441004788369,0.8768459965606676,0.9325645805415603,0.9294643302252341,0.4917769911135029,0.931002089878733,0.92498342966047,0.9391025641025643,0.9882023505376627,0.9564441004788369,0.8044319414786054,0.9178801133263079,0.9501049319099928,0.9374201804111684,0.9111295270090607,0.9443834278905732,0.9542468650366518,0.9462347596389562,0.9374201804111679,0.322524154852428,0.923529306114933,0.8898393963217801,0.9264564493231815,0.9587434581480647,0.9819096433504797,0.9391025641025643,0.8329666295530207,0.9481398354780854,0.891042658324851,0.923529306114933,0.9481052266646686,0.448124186146151,0.835304456335977,0.92498342966047,0.637969747110368,0.9374201804111679,0.9220929278982626,0.6707401110647635,0.5711669571562623,0.7660694052957562,0.9408215498230332,0.9702781670896217,0.8692466107210823,0.9249834296604704,0.7961238205610734,0.9521375655065458,0.8613516681282447,0.9501049319099926,0.6139017634194663,0.747950785392292,0.9542468650366518,0.9137935530290917,0.923529306114933,0.9443834278905734,0.8941138224539532,0.5711669571562623,0.875681734728839,0.9325645805415601,0.9341536654578784,0.860031087893133,0.9587434581480647,0.5965730555924089,0.9279496229669753,0.729127144134889,0.9249834296604704,0.5711669571562623,0.9098137391625776,0.9325645805415601,0.8385832488776677,0.8126872408584626,0.5866865150344243,0.5711669571562623,0.881527048470891,0.9412877213869522,0.8411169961963996,0.729127144134889,0.8277496996129723,0.8791813830875239,0.8768459965606679,0.9575175763880175,0.854730439106359,0.9220929278982626,0.9481398354780852,0.9443834278905732,0.8445863152939239,0.9009246076843778,0.9542468650366516,0.8983688348924417,0.9345749549280158,0.931002089878733,0.8906557158215932,0.8641286133251775,0.6464748616588003,0.8413059349766412,0.9008583849785587,0.9481398354780854,0.814727459037303,0.9357714224531071,0.3936067758446191,0.9587434581480647,0.9021920595690769,0.9046463136602707,0.8361567121058334,0.931002089878733,0.6919521954441425,0.9249834296604702,0.7843300561281441,0.9462347596389562,0.9192327870446462,0.9425805352069325,0.9072118677365055,0.92135858193183,0.9481398354780852,0.9501049319099926,0.9587434581480647,0.9391025641025643,0.918842432027064,0.8518532243780783,0.9501049319099926,0.9501049319099926,0.6009780523155424,0.7860990203693261,0.9564441004788369,0.8613516681282447,0.8595337434443093,0.8305895885702983,0.902113512733081,0.9497014469643543,0.8689141487262388,0.923529306114933,0.9781302557243623,0.9564441004788367,0.9702781670896219,0.9001246442887981,0.8698884442909982,0.9501049319099926,0.9235293061149332,0.8850679753655402,0.9059247833199471,0.8407421768252992,0.8683037946742796,0.7643416962340797,0.9481398354780854,0.9279496229669753,0.7187846254299264,0.8874458144092714,0.9085080245777928,0.8901425286243826,0.8898393963217799,0.9192692664872617,0.8631674993865631,0.9151430007264563,0.942580535206933,0.9220929278982626,0.9518238623025732,0.8399577749125609,0.8664296227710766,0.9542468650366516,0.5699764394080682,0.9124559366883975,0.8657206482734892,0.7523143836121475,0.9434017467814264,0.9220929278982626,0.9425805352069325,0.923088397875024,0.8399577749125609,0.9021920595690769,0.7889951293127704,0.637969747110368,0.9165049484215366,0.5437030025828611,0.9666327685149196,0.8052908861542933,0.943752276413378,0.7737163055745186,0.5711669571562623,0.4917769911135027,0.9408215498230335,0.5113911022930216,0.8199382162592161,0.9481052266646683,0.9425805352069325,0.5711669571562623,0.8560901005086952,0.8218953199998429,0.3606452433446088,0.5711669571562623,0.7205940589275741,0.907211867736506,0.940331138978256,0.8694536906982979,0.8959046461825674,0.9425805352069325,0.5711669571562623,0.6711463395933326,0.5711669571562623,0.793912499513743,0.8235236725291668,0.8199382162592164,0.5711669571562623,0.9192327870446462,0.5711669571562623,0.9731584998838414,0.8983688348924419,0.9085080245777928,0.8641286133251769,0.9481398354780854,0.9647593589058531,0.6009780523155419,0.9294643302252341,0.6077326401296256,0.8971337307079474,0.9667715530069649,0.9111295270090607,0.9501049319099926,0.8310167964629782,0.7557078946539488,0.8934633408766903,0.8874458144092716,0.9072118677365058,0.9072118677365058,0.5583670715249676,0.8745195447781491,0.94462835071161,0.5711669571562623,0.8934633408766901,0.5711669571562623,0.9979308067510906,0.9072118677365055,0.9501049319099926,0.9206732387984038,0.964759358905853,0.4917769911135028,0.9059247833199471,0.9310020898787328,0.8827041791382024,0.9341536654578786,0.9062256624337732,0.47106531448137323,0.8595337434443093,0.8595337434443098,0.8650987266916547,0.5866865150344243,0.9521375655065458,0.8126806934976476,0.322524154852428,0.8718705422990429,0.8836082184369266,0.6939269382163601,0.858385815387396,0.8629791856785538,0.9501049319099926,0.8572743748839564,0.9345749549280158,0.8088842737990017,0.9542468650366516,0.8666195281668767,0.9059247833199471,0.9279496229669753,0.9630848476738874,0.9542468650366516,0.8376345900059798,0.9124664565689311,0.9521375655065458,0.8886405262183215,0.915143000726456,0.9481398354780852,0.9111295270090607,0.9220826437497923,0.9408215498230332,0.9481398354780852,0.9481398354780852,0.7794285697266244,0.9542468650366518,0.9330309441919719,0.8735315428215504,0.8745195447781495,0.8294438503508308,0.954246865036652,0.9443834278905732,0.9235293061149328,0.9408215498230335,0.9501049319099926,0.9283704154275496,0.7995738794248922,0.9481398354780852,0.9235293061149332,0.9085080245777928,0.9903155969187697,0.7612207098167787,0.8388735800032527,0.9019760248728742,0.7725977371661472,0.6617969974955742,0.8910202260104267,0.9564441004788367,0.9666327685149196,0.9564441004788369,0.9111295270090607,0.7379539268553436,0.9008583849785585,0.9481398354780852,0.5711669571562623,0.9501049319099926,0.7853092223537348,0.9249834296604704,0.9542468650366516,0.9521375655065458,0.9425805352069327,0.5711669571562623,0.9310020898787328,0.9542468650366518,0.9587434581480647,0.902113512733081,0.8065325776074831,0.9279496229669753,0.9501049319099926,0.9379462716067113,0.8126806934976476,0.931002089878733,0.9535591865156563,0.82589962393945,0.47106531448137323,0.9111295270090607,0.793912499513743,0.9357714224531071,0.9779039859151868,0.9587434581480647,0.9707051047990309,0.9111295270090607,0.9573030985407217,0.9391025641025641,0.5866865150344243,0.9137935530290917,0.8745195447781491,0.9220826437497923,0.8426619793851033,0.8015399251065853,0.5711669571562623,0.8968578570865053,0.7276155846772595,0.9124559366883975,0.9098137391625774,0.9564441004788367,0.8631674993865631,0.5711669571562623,0.5711669571562623,0.6630293198676157,0.7815370186155975,0.8457402940353766,0.5711669571562623,0.9564441004788367,0.9443834278905732,0.915143000726456,0.8874458144092716,0.943752276413378,0.9443834278905732,0.9165049484215366,0.9325645805415601,0.8163247221854029,0.7900304636463155,0.5711669571562623,0.869888444290998,0.9085080245777928,0.95879735975308,0.9558070047262102,0.9165049484215366,0.9030449383728076,0.9481398354780852,0.9361145301492523,0.5711669571562623,0.7780757216617369,0.9249834296604702,0.9035331210577766,0.813898917701523,0.9462347596389562,0.815113562751949,0.9374201804111681,0.5711669571562623,0.8862550362254642,0.951479837088965,0.5711669571562623,0.9165049484215366,0.9376498548206778,0.8270835681605355,0.7977480447415821,0.9283704154275495,0.5711669571562623,0.9817890321429499,0.8995193391026699,0.9521375655065456,0.9360793017497224,0.9903155969187696,0.9721405797402527,0.8996102754967268,0.8862550362254642,0.9481398354780852,0.8886405262183215,0.940331138978256,0.9294643302252341,0.8491667876117159,0.8618303114251802,0.8583858153873958,0.677317872798809,0.9501049319099926,0.9249834296604702,0.5711669571562623,0.954246865036652,0.8922505553843609,0.9140861356184492,0.9341536654578786,0.9206732387984036,0.6009780523155426,0.9885489232403726,0.9462347596389562,0.6009780523155426,0.9341536654578786,0.9443834278905732,0.9357714224531071,0.867581458026432,0.8946812791236383,0.9542468650366518,0.8612200060307011,0.9564441004788367,0.9576638699377622,0.9294643302252341,0.9822844986413125,0.9325645805415599,0.9564441004788367,0.9314823107688823,0.9085080245777923,0.8521602387539984,0.6939269382163601,0.9325645805415606,0.8934633408766901,0.9481398354780854,0.9111295270090607,0.7961238205610736,0.8652787172263527,0.9279496229669753,0.8898393963217799,0.9341536654578788,0.9178801133263081,0.9552016686278095,0.9632707892656025,0.8959046461825675,0.9391025641025643,0.912466456568931,0.8803528436582553,0.7047231634301033,0.9279496229669753,0.6773178727988094,0.8002806456228635,0.9341536654578788,0.8376345900059801,0.9279496229669753,0.9072118677365055,0.9825894115428623,0.9481398354780852,0.8306203710906814,0.9810374464344217,0.9098137391625778,0.8898393963217799,0.9542468650366518,0.9420977069067251,0.8188711496571099,0.9521375655065458,0.9085080245777926,0.9391025641025643,0.9391025641025641,0.9501049319099926,0.3936067758446191,0.9178801133263086,0.8090036036042958,0.9046463136602705,0.942580535206933,0.9425805352069325,0.979473381249917,0.7696583132924086,0.6142037786774617,0.8595337434443093,0.5711669571562623,0.9521375655065458,0.5711669571562623,0.5711669571562623,0.854730439106359,0.23494785120085637,0.9111295270090607,0.5711669571562623,0.7081641675480272,0.876368530473485,0.7773799496784721,0.9522647163066622,0.9013701145685415,0.787415175300993,0.7815370186155974,0.4997737230030008,0.8797343497299448,0.5719869707595395,0.768746541899362,0.9521375655065458,0.9098137391625771,0.7494696517315882,0.9287469323757311,0.9178801133263084,0.9535591865156562,0.5437030025828615,0.9498009884578038,0.9521375655065458,0.8862550362254642,0.9481398354780854,0.8910426583248507,0.5055764669454443,0.9264564493231813,0.9294643302252341,0.8341365508598009,0.9165049484215366,0.8971337307079477,0.9294643302252341,0.9948943007172464,0.9481398354780852,0.6588107267217145,0.9462347596389564,0.9839671309918707,0.8434311705717135,0.824713022515863,0.9501049319099928,0.8434311705717135,0.0,0.7583906936896554,0.8791813830875237,0.9425805352069325,0.9892480729260418,0.9192692664872615,0.9587434581480647,0.7874151753009931,0.8876101263905982,0.6425414726783675,0.7847770412204691,0.9325645805415603,0.7696583132924085,0.9343270097479477,0.5711669571562623,0.9501049319099926,0.908508024577793,0.9443834278905734,0.848045145593247,0.9325645805415599,0.94462835071161,0.9192692664872617,0.815113562751949,0.9294643302252341,0.9252377228347941,0.9564441004788369,0.7739774738301917,0.9341536654578786,0.9130279113943875,0.6009780523155426,0.9374201804111681,0.6872389037439045,0.9072118677365055,0.9279496229669753,0.8118186681828431,0.9313860177181099,0.996414933071845,0.88601201430344,0.9111295270090607,0.7247555295104217,0.848045145593247,0.9954159552893472,0.9564441004788369,0.931002089878733,0.9462347596389564,0.8235236725291668,0.8934633408766901,0.8493067495571905,0.5866865150344243,0.7767163393241152,0.82589962393945,0.9587434581480647,0.7895053760235249,0.9481398354780852,0.9098137391625776,0.9085080245777928,0.9264564493231815,0.7889951293127704,0.9178801133263086,0.931002089878733,0.8342167232423126,0.9341536654578781,0.9425805352069327,0.9501049319099926,0.9587434581480647,0.5711669571562623,0.7221874549299864,0.8526452239911775,0.8413059349766414,0.9124559366883975,0.5711669571562623,0.9358121112372149,0.8077701178076953,0.8971337307079474,0.7469602563015963,0.8946812791236378,0.881527048470891,0.869888444290998,0.948293237558445,0.9206732387984038,0.8971337307079474,0.8814645022799505,0.8803528436582551,0.9521375655065458,0.8934633408766901,0.6707401110647635,0.9481398354780852,0.9072118677365058,0.9587434581480645,0.9206732387984038,0.9408215498230335,0.9587434581480647,0.9357714224531071,0.9220929278982626,0.9443834278905732,0.951823862302573,0.8733592706140676,0.954246865036652,0.944383427890573,0.6077326401296252,0.9937194382372248,0.8358455708251256,0.5866865150344243,0.9501049319099926,0.6142037786774612,0.5866865150344243,0.5866865150344243,0.7629300124923148,0.5711669571562623,0.5583670715249678,0.474571333901165,0.5711669571562623,0.9279496229669753,0.8549640569324388,0.9542468650366516,0.9481398354780852,0.9521375655065458,0.9462347596389562,0.5866865150344243,0.9883270993359127,0.9021920595690769,0.9722312205307764,0.9259448639627613,0.5711669571562623,0.8983688348924417,0.9481398354780852,0.9279496229669753,0.8261304582583584,0.8996102754967266,0.9542468650366518,0.9462347596389562,0.6182418262369369,0.9860639133827613,0.6683258355574176,0.944383427890573,0.42254574427032,0.9137935530290917,0.9178801133263086,0.9019760248728742,0.9341536654578788,0.9542468650366518,0.923529306114933,0.9481398354780854,0.8983688348924417,0.8823567105447583,0.5711669571562623,0.9443834278905732,0.8710438663027393,0.3606452433446088,0.8223314825479062,0.9391025641025641,0.9341536654578786,0.8613516681282449,0.6009780523155426,0.9682827714192523,0.9498009884578036,0.5711669571562623,0.5711669571562623,0.78190582599236,0.9683542453715188,0.8934633408766899,0.9761943085443441,0.863167499386563,0.7977480447415823,0.824713022515863,0.9314823107688823,0.9264564493231813,0.9140861356184492,0.5711669571562623,0.8910426583248507,0.9501049319099926,0.322524154852428,0.815113562751949,0.9542468650366516,0.8692466107210821,0.5711669571562623,0.5711669571562623,0.9617810415329378,0.9443834278905734,0.9528086579717437,0.9325645805415603,0.8434311705717135,0.8898393963217799,0.9206732387984038,0.8898393963217799,0.8818171534776712,0.8364704384437265,0.5711669571562623,0.9072118677365055,0.9075625969295051,0.9462347596389562,0.9542468650366516,0.8657206482734889,0.7626016525739883,0.4536674652190247,0.9098137391625778,0.9462347596389562,0.8457402940353771,0.5711669571562623,0.863988230529426,0.7276155846772595,0.7961238205610733,0.8606818700890233,0.8526452239911775,0.9357714224531071,0.9684426716848205,0.8399577749125609,0.9521375655065456,0.8560901005086949,0.8297063710859109,0.9391025641025643,0.9564441004788367,0.915143000726456,0.7016258217322475,0.8480538253549337,0.4481241861461508,0.5866865150344243,0.8641286133251767,0.9874255252046318,0.9072118677365055,0.9137935530290917,0.9587434581480647,0.9072118677365055,0.9587434581480647,0.9587434581480647,0.8934633408766901,0.7577906071962073,0.9545845879666099,0.9345041683711356,0.9564441004788367,0.9325645805415603,0.9325645805415599,0.8163247221854026,0.9374201804111686,0.9425805352069325,0.9220929278982626,0.7789729813283651,0.4917769911135028,0.9802947374692923,0.7679012153617223,0.9259748709642669,0.9561066819014663,0.5711669571562623,0.881527048470891,0.9345041683711355,0.9781302557243623,0.360645243344608,0.9264564493231815,0.9279496229669753,0.8995193391026699,0.5711669571562623,0.951479837088965,0.787415175300993,0.6375603503500671,0.9236630827321969,0.8941138224539533,0.9140861356184493,0.9501049319099926,0.9276195295816008,0.9466798983473146,0.8399464011131408,0.993034913323342,0.9294643302252343,0.9501198382660563,0.9587434581480647,0.9294643302252341,0.9443834278905732,0.8886405262183215,0.9235293061149328,0.8784237330487585,0.4997737230030008,0.7926237952447184,0.944383427890573,0.5866865150344243,0.8823567105447583,0.848045145593247,0.8404267568099515,0.9587973597530799,0.9840774597645725,0.5711669571562623,0.7370398200395538,0.8503465187788168,0.915143000726456,0.5711669571562623,0.8726696778066869,0.9374201804111679,0.9542468650366516,0.6773178727988092,0.5866865150344243,0.9449432952236014,0.9249834296604702,0.8874458144092716,0.9220929278982626,0.8996102754967266,0.9294643302252341,0.7951960389045745,0.5711669571562623,0.9206732387984038,0.5711669571562623,0.3936067758446191,0.8175324891292581,0.9373075260324406,0.322524154852428,0.9192692664872615,0.7834491233257199,0.8959046461825675,0.9151430007264563,0.5711669571562623,0.9396214630912763,0.9025864883212624,0.8364704384437265,0.9178801133263086,0.7773799496784727,0.9501049319099926,0.735304161136314,0.698461369454249,0.7727146715827278,0.8827041791382024,0.7753502986585734,0.7727146715827278,0.9151430007264563,0.9501049319099926,0.8745195447781495,0.7727146715827278,0.322524154852428,0.9249834296604702,0.9288789627504789,0.8745195447781491,0.9425805352069325,0.6984613694542487,0.9279496229669753,0.9481052266646683,0.9072118677365058,0.9294643302252343,0.9059247833199471,0.6170913894212324,0.9985778460732369,0.6077326401296251,0.9420977069067252,0.9151430007264563,0.8922505553843609,0.9379462716067114,0.7140577625088442,0.8996102754967268,0.9235293061149328,0.4917769911135028,0.9481398354780854,0.8922505553843609,0.9513129424308566,0.9901683301057446,0.9206732387984038,0.891042658324851,0.9501049319099923,0.9521375655065458,0.6201944469955301,0.9192692664872615,0.8537938345868614,0.9903850005315029,0.9178801133263084,0.6789652195417536,0.931002089878733,0.9165049484215371,0.944383427890573,0.875802902577574,0.8664296227710766,0.9046463136602705,0.891042658324851,0.6865005879377832,0.9521375655065456,0.9111295270090605,0.6132819862515626,0.9249834296604702,0.9391025641025643,0.9192692664872613,0.8898393963217799,0.6268836538013871,0.7890971283929675,0.9341536654578784,0.8928675833241561,0.9425805352069325,0.8415481608236031,0.9810374464344218,0.9481398354780854,0.9462347596389562,0.8333959461487802,0.9206732387984036,0.9481398354780854,0.8886405262183215,0.8274250216550529,0.9763281206504476,0.9408215498230335,0.9408215498230332,0.8853872820416497,0.9279496229669753,0.8934633408766901,0.9481398354780854,0.8363991573414236,0.9279496229669753,0.9521375655065458,0.9497014469643543,0.9264564493231813,0.9462347596389562,0.360645243344608,0.9388137099150415,0.3936067758446191,0.9856980188943206,0.9521375655065458
p202_R,0.8250058059108945,0.943521911187263,0.9791748965891598,0.9828993841730237,0.9952327064015155,0.9407233198726148,0.9034112040999662,0.91588277722698,0.5975755170180581,0.8271928774348511,0.8973056156694912,0.9540077509594633,0.9540077509594633,0.9435917186262935,0.9827927135172233,0.8162923000552786,0.9558070047262102,0.7675283688723298,0.844349269618882,0.960958390827874,0.6929044602976813,0.9823357594095464,0.9825180874261561,0.8738559594940685,0.9707805236514573,0.6895129103877656,0.8778609224759911,0.8252818489972965,0.9256502688716617,0.6765994663826671,0.740803327926757,0.9576073616523981,0.8278103590286845,0.802798345346493,0.9765891832217262,0.8521929255346841,0.8065264681453893,0.8931765200204659,0.8363155310118788,0.9958668930446197,0.7253046665497846,0.9826558183040426,0.9778835113918657,0.9648623308386057,0.9402648856068312,0.9231804452818493,0.8454122479480872,0.7616694924319989,0.9317391554400474,0.7729829738292474,0.8953813603528138,0.8570482043495009,0.6895129103877655,0.8195547533821173,0.8785400173833846,0.9435234406282149,0.733008337564468,0.77934241058442,0.7554500723538501,0.8350194764363662,0.6763524821053892,0.7385566029907356,0.9284147475133251,0.7090682102333523,0.8101067897872718,0.5783669736552822,0.8953813603528136,0.9735640475325511,0.8998100664767332,0.9196279932783362,0.9149635964452069,0.9317391554400472,0.9484110728449682,0.7023328607305672,0.77934241058442,0.8376803020586379,0.8988255488132137,0.8600688224932602,0.522877269359173,0.9477961055696322,0.8358062663095351,0.9938240476144027,0.9046645363222325,0.7892467177019262,0.77934241058442,0.9641508286701995,0.9938965022350059,0.8107106931980578,0.9586709564585861,0.7721894714790687,0.77934241058442,0.9172143641937616,0.7072792820270304,0.5150112714410904,0.7819579706293964,0.9929830122175708,0.9491435304862492,0.8744198596574448,0.8405831374381645,0.5746020771416496,0.7751113581772171,0.9354977161332687,0.8543421545177244,0.7988800276605836,0.8861409394229204,0.810631735747056,0.8368143194923114,0.7378684584763764,0.9826091309443614,0.6890313753564938,0.9472774083791913,0.8186198844949701,0.6638223084723707,0.9390878956604909,0.8153837585530268,0.5623286262676456,0.8333372047634757,0.8521929255346838,0.9778835113918657,0.7454315953094607,0.9468861817003963,0.8611684983443579,0.9241701782472762,0.9828746144245047,0.9935697940021136,0.8375766131094855,0.8355826110872567,0.9666703746305543,0.8444866399348757,0.9253975186092833,0.7621845579115843,0.9443883262864892,0.926494361002606,0.9477961055696322,0.7843727211063933,0.8720316113640416,0.9678328355891603,0.855714634448849,0.8246016337990569,0.79186205299561,0.9450688408052832,0.8197259030030241,0.8401598424468976,0.7800881293923285,0.8895461429374252,0.7182906163438899,0.9509766404053784,0.7215502651366397,0.9186294568159505,0.6441165733432741,0.9331172433034889,0.8295130787389149,0.9731616738268061,0.9888472093281835,0.9576073616523981,0.7262462440022343,0.7650871754152606,0.9717490664978536,0.9264589698784327,0.8611684983443579,0.9569429407838953,0.9744168156815498,0.8938550600980881,0.9448660774983942,0.9536227451579524,0.9893006839238485,0.9531340482535152,0.9688515112962701,0.9726288979849312,0.7782272604281428,0.8991776191867862,0.8171063621787288,0.7828069253889114,0.8154935411097953,0.800943766214027,0.9957692217761758,0.9455018712343599,0.7321435993184835,0.7677518164239305,0.8376803020586381,0.848067632275513,0.7537340585843196,0.9645749509345898,0.9540077509594633,0.9935003619825624,0.881334168044408,0.6918211980118194,0.9495631154093238,0.8691416165041753,0.8478996243734229,0.9784212882796224,0.982602234240821,0.8986214768219936,0.6894713939180195,0.8301300398532492,0.77934241058442,0.7866875306684662,0.8083681571100788,0.8294180153172843,0.8186987440932332,0.6180816428407527,0.9540077509594632,0.77934241058442,0.8456798113073332,0.6773548115045884,0.8271928774348511,0.77934241058442,0.9966770900245768,0.6893410786070084,0.6208299105199526,0.7527778213531289,0.7557714158767206,0.7721894714790685,0.77934241058442,0.9069711992317475,0.77934241058442,0.6506663358168041,0.8618499334981753,0.8186987440932333,0.77934241058442,0.789675750582748,0.77934241058442,0.8157167526499751,0.8024867311554537,0.9365323292446095,0.8471476995386877,0.8242743687062475,0.6642197123850617,0.7918620529956097,0.7995453423845007,0.9585680210540983,0.6939872872901149,0.9198691750215306,0.9697009365925919,0.9576073616523981,0.9201421423469731,0.8332093297481669,0.9244350605244603,0.8735869195442001,0.7076868596919468,0.7443784218618232,0.7843727211063927,0.9060446966334377,0.9416247537415156,0.77934241058442,0.8746103693563253,0.77934241058442,0.8953096260219776,0.96208908077916,0.8642683597030214,0.8998538077760158,0.6642197123850617,0.7866875306684662,0.8285195764510529,0.8309494874389135,0.9243222489254981,0.932856491044435,0.7500891525979339,0.7942458793111877,0.8503766859500141,0.966873067000003,0.8626266436348217,0.7721894714790685,0.9635647286988951,0.8717377643051716,0.8363155310118788,0.8516148821319711,0.927468896053697,0.8407003619617468,0.8198641385595171,0.8693418903975481,0.9887203623021901,0.9270399987145422,0.7135575758077526,0.6829918537635749,0.810631735747056,0.5760862969837794,0.7195751998777291,0.80399834626808,0.8836416591427343,0.810631735747056,0.8954597013189067,0.6747451530806714,0.9958973689151571,0.8322247068788668,0.7419469569998651,0.8153837585530269,0.8180337912186477,0.6760556875286202,0.8883221150889408,0.9443883262864894,0.9655262055283292,0.7695544307994934,0.9870630610219882,0.6952503419901459,0.807127724821238,0.8761272311073844,0.9272338913712156,0.9533455271501621,0.863876741714694,0.8676114178354748,0.968276073067803,0.824601633799057,0.6766728753229143,0.9611852224622515,0.9143598368914287,0.7393559426263296,0.9336754438001922,0.7646263711472132,0.9560841674086034,0.981705592077054,0.8363037480165532,0.895613753834632,0.978219307666023,0.899005206803198,0.862500999391064,0.6477963931775503,0.855034024959237,0.8975903112052068,0.8153228320996533,0.8687275532995151,0.8454122479480872,0.77934241058442,0.7934886331492644,0.9925237875286486,0.7892467177019258,0.810631735747056,0.9958973689151571,0.881710582503656,0.77934241058442,0.7377287966305516,0.9455018712343598,0.87347572253113,0.9122588209376677,0.9667954467878429,0.8938550600980877,0.9576073616523981,0.7125491899421403,0.7462432327799331,0.9241701782472762,0.7917172033110672,0.8224698422398755,0.8843313474963688,0.7269647726595209,0.7842689270267809,0.7837503416414162,0.7711910357785566,0.9106359140503812,0.6634871401697137,0.8559505775621337,0.6588145043616724,0.903842949892731,0.7721894714790691,0.9149635964452069,0.7414986362401459,0.6760556875286201,0.5962753365760546,0.8066305100172801,0.77934241058442,0.6156058945314478,0.8296456439809798,0.6718509322377046,0.7954388517484362,0.9962665127840864,0.7005070097152954,0.77934241058442,0.77934241058442,0.8462355053006172,0.9839171816528518,0.9258228811259943,0.77934241058442,0.9962665127840864,0.7793424105844196,0.7616007897732306,0.8735869195441999,0.7137045587448818,0.9484110728449684,0.947435457375394,0.851290072102318,0.7886170835657662,0.6934977699562543,0.77934241058442,0.850012668306406,0.8038832168449934,0.6164043320634469,0.7012199576302134,0.972935876223029,0.851890430290057,0.914359836891429,0.6953870204990982,0.77934241058442,0.8488465361570143,0.8544017641907136,0.5632243252281983,0.7645173148890283,0.9227510399128599,0.8080363938419821,0.9546345049154346,0.77934241058442,0.9143642386314565,0.798499669898225,0.77934241058442,0.9275282907749995,0.6893678830977499,0.8540732239225923,0.8139356566853602,0.6766728753229143,0.77934241058442,0.7616699539776461,0.45373745708053814,0.9394373506523193,0.9349456338370983,0.8878995849925809,0.8368143194923116,0.6018104841674501,0.8984666295383616,0.7853552691579664,0.9289450935664054,0.6208299105199526,0.8802523537926028,0.8079855811786012,0.820441239677542,0.984139246762108,0.857380760662396,0.7934886331492647,0.9935697940021135,0.77934241058442,0.9455018712343599,0.9990042076092662,0.87791233727025,0.9571190472281597,0.996427826685377,0.8185133723218974,0.720900319234915,0.9610243883196703,0.7652107336693226,0.8600688224932604,0.8825202648944827,0.9931087743093212,0.8662915277691117,0.8332545531743796,0.919627993278336,0.7453393281862506,0.8903421469154491,0.9820977941296499,0.9367749011657422,0.7925164171985385,0.8397293292768584,0.8271928774348514,0.775349715223443,0.7881983555815255,0.9017242310949118,0.8186198844949701,0.7324513803250803,0.9925237875286486,0.9354977161332688,0.9355070975486929,0.6928317539169204,0.9309729396710105,0.9039673337843951,0.8200745565901103,0.9943558404043903,0.740803327926757,0.7653996171087429,0.8638206163618233,0.9245389760955212,0.9922289404403106,0.8963677946572226,0.9512558219676736,0.8598699536400558,0.9039673337843948,0.8573807606623964,0.8131990856634546,0.9215681718532158,0.8164878362825241,0.8815031553268929,0.9094904516262707,0.9988269287460856,0.8754407373431478,0.8979383616016574,0.6251998450507927,0.9266592782431412,0.9824391197544327,0.810631735747056,0.8334049911273389,0.8969040386200442,0.8665668080501097,0.8038832168449936,0.8518788950592515,0.9038429498927311,0.9264943610026062,0.8184753916628578,0.9162623495347668,0.7666471868744962,0.6756146863972052,0.8718669176910223,0.9090908602598025,0.8838404701332352,0.9228925621496877,0.7843727211063933,0.7800881293923286,0.77934241058442,0.8019015276175867,0.77934241058442,0.77934241058442,0.6241034701689347,0.7201512018811544,0.8938673639056198,0.77934241058442,0.9208248958029672,0.7617230804433965,0.8703601753544681,0.9412192620264295,0.9086090764392825,0.9021135651230643,0.766293384961725,0.8430497140242452,0.6841441927014685,0.9546345049154348,0.9730527489139897,0.9071047104360579,0.6829642004672616,0.7917899260721368,0.7467459896040736,0.896089742326621,0.9292696757380845,0.8451646916481852,0.8750182371096225,0.8988994482663716,0.9461594568176459,0.7853552691579664,0.8130615156272554,0.8512900721023178,0.8943339084369372,0.8573807606623958,0.6006918848566161,0.8136785434198741,0.6593346380349983,0.9596464942959492,0.8444725237729116,0.9054692267382084,0.851290072102318,0.8065264681453902,0.9556213491199304,0.7661379097012292,0.7525983103601432,0.8020423584034373,0.37881643602034987,0.7583906936896554,0.0,0.8114149644121915,0.8269500269913621,0.688931083445967,0.9660178191686504,0.8664029368341126,0.8287818187384571,0.6154784710450536,0.9593073267498924,0.7439354277430283,0.8988255488132137,0.8883057019975974,0.8932434491809833,0.77934241058442,0.7934886331492647,0.8252818489972973,0.9952327064015153,0.7626030978286706,0.8397293292768582,0.9149734344152283,0.788569049445676,0.8080363938419821,0.9031239469228096,0.688600460199729,0.8271928774348511,0.8191637345137459,0.932856491044435,0.698057206969483,0.79186205299561,0.8678116908431159,0.9731910127595937,0.9253975186092833,0.781534167810578,0.7727040232911953,0.8065409456126068,0.7171458664145991,0.8849404010591386,0.8407151316899778,0.9400708266206388,0.8032120769597868,0.7811485423430476,0.855034024959237,0.7728625766255459,0.9227510399128603,0.9384884899430423,0.8912185997457036,0.8574508074035354,0.7721894714790687,0.7944045890163793,0.7968093696553333,0.9477961055696322,0.9016140543564913,0.9955546949233897,0.8108998687674505,0.8252818489972966,0.8848613168952995,0.8361921517242594,0.902184185591922,0.9359987855401803,0.6549039979517124,0.738756041574635,0.9364711380159496,0.8246016337990569,0.9035631283533637,0.77934241058442,0.9697009365925919,0.6487841065016675,0.590422034134874,0.9253653541801454,0.77934241058442,0.6486484358922225,0.7359850366523917,0.8295130787389151,0.6633316259064046,0.9336963054933611,0.9636847634903105,0.6079705564644867,0.8809052961951676,0.9964278266853772,0.8641657279940329,0.795668803556676,0.8947907149722125,0.8342341678338485,0.8081774477988124,0.6909053169517181,0.9744168156815496,0.85201439426953,0.8734757225311298,0.6924170766988027,0.8616707957626535,0.910635914050381,0.943521911187263,0.9091159872271616,0.9670545960247572,0.5325758671492831,0.884390129784232,0.9533455271501621,0.9202329624682106,0.8037545953914222,0.7243369591377946,0.566957474432946,0.7721894714790691,0.9576073616523981,0.8103547485231322,0.7721894714790691,0.7721894714790687,0.7990753980469044,0.77934241058442,0.9142828581900915,0.8885649738128308,0.77934241058442,0.9163192385555898,0.8178139834421552,0.8859104594065099,0.7853552691579664,0.9312320884826334,0.9900805312615375,0.7721894714790691,0.721517676090019,0.5175874067944842,0.8681601217751215,0.7028114149460978,0.77934241058442,0.699763237960116,0.9054692267382083,0.8264625247255821,0.6105403437003929,0.9307928626581105,0.8521929255346838,0.864638754029125,0.8893884401359993,0.907051737524345,0.994085696353548,0.8543421545177234,0.7786312699297766,0.9537871131026365,0.8759171351184756,0.818822747981546,0.9813816034118847,0.9870630610219882,0.8676114178354748,0.8153837585530268,0.9228925621496877,0.734410159407572,0.77934241058442,0.7979859337642075,0.9153509515797547,0.8271928774348511,0.7411992281286479,0.825896867642512,0.9085939348607099,0.5534343194846523,0.8185133723218974,0.7076456547444383,0.6288929930204411,0.77934241058442,0.77934241058442,0.917276878211192,0.9213881446338029,0.9410432909138385,0.8287818187384569,0.804134010665759,0.8262629780698971,0.991375554667862,0.6647345479934754,0.7523784520946406,0.6442515609746328,0.77934241058442,0.8948440140773988,0.7934886331492647,0.8363155310118788,0.7324685599807683,0.810631735747056,0.7511512419676047,0.77934241058442,0.77934241058442,0.6645121158149911,0.9952327064015154,0.6409075767701968,0.9585680210540983,0.726178733070959,0.838959860764811,0.9756841535776561,0.8525474692229741,0.7564539519338336,0.7843280851047465,0.77934241058442,0.9437432996942221,0.6553722887614801,0.8355826110872567,0.9533455271501621,0.9279285999622058,0.7424789350229916,0.7174382430196675,0.9233745200486254,0.9900805312615373,0.9527151334231421,0.77934241058442,0.6272926298865593,0.8858829696215673,0.8687839255394074,0.9272393930769662,0.8135448870585797,0.9820977941296498,0.7716794155106378,0.9210494262621034,0.9071047104360574,0.9182245655894495,0.8104938568057976,0.9558070047262102,0.8903421469154494,0.9239378858529285,0.7458100200427336,0.6073577541911142,0.8331553590532288,0.7721894714790689,0.5377698032982203,0.7828069253889129,0.980434861864099,0.9879776119112189,0.9849562970888832,0.9804348618640988,0.9106359140503812,0.910635914050381,0.8596579444136228,0.9637257078546358,0.6722979249480798,0.9106983752712408,0.960958390827874,0.9938965022350057,0.9463610255241097,0.851707926974,0.8024455298513351,0.7623458066664353,0.9301674975335363,0.8488551377826049,0.9610243883196703,0.7799006332898508,0.7921540935539215,0.8589464562867483,0.9508707727846839,0.77934241058442,0.8552538317983633,0.9765891832217266,0.8106372180523307,0.8271928774348511,0.8186198844949699,0.7017897276668787,0.9598431041666452,0.77934241058442,0.6886004601997282,0.8532257341999927,0.7141416324380723,0.682339872030827,0.677319450449231,0.6811453677581512,0.7934886331492647,0.8403851473964052,0.9497518620768899,0.9998892269692075,0.6894159195350439,0.9717387263134301,0.8471468151090316,0.9477961055696322,0.9825180874261561,0.9484110728449682,0.877614133058517,0.9531150679749048,0.7166380060550565,0.8098332532454886,0.7784988927689684,0.9388764856479986,0.7721894714790691,0.6701106880529102,0.7355304450745932,0.930261847724551,0.8098090024168335,0.7278805437126232,0.77934241058442,0.7560828894315466,0.760656267342775,0.9777929502802463,0.77934241058442,0.6585415792042688,0.9039048465607344,0.810631735747056,0.8802523537926032,0.7995697492352161,0.7611894146772009,0.9935697940021135,0.6942196221415363,0.9301674975335364,0.8094842069545258,0.9031239469228098,0.8392351440561079,0.77934241058442,0.9620848270991802,0.77934241058442,0.8521929255346838,0.8955384047956092,0.6990187826731019,0.8363155310118788,0.8294712380099551,0.9088467213149816,0.7716794155106375,0.918831451960151,0.77934241058442,0.9716377114829451,0.6853616819425516,0.9024539601687216,0.7952267062858924,0.6685565834201472,0.9801666370480175,0.6741910630370176,0.972935876223029,0.8224249635528782,0.7327496967344125,0.8250058059108945,0.8224249635528782,0.9384852847335161,0.7934886331492649,0.891085963870411,0.8224249635528782,0.8363155310118788,0.8544017641907138,0.9518071828547274,0.921003429396464,0.8171063621787289,0.9872497905761826,0.8489267031830838,0.5871013766430537,0.9461820137961477,0.9139033080355353,0.6832604076866196,0.9613812818856654,0.9364711380159496,0.8037545953914227,0.8840626402944545,0.7863610564393736,0.7043492391910802,0.8263302108247293,0.8836708986236936,0.7921693449287015,0.9958668930446197,0.7866875306684662,0.8754407373431476,0.7847594747428505,0.8530733543825879,0.713160749806524,0.9964278266853772,0.8434519908821417,0.7934886331492647,0.8019015276175867,0.806263293669256,0.6863135780349772,0.8333735441660055,0.7954388517484365,0.9566075639510581,0.9016200267430134,0.9707805236514574,0.7937713768194786,0.8261640441409652,0.7430118415659792,0.74436503948625,0.8570054360093488,0.7125999933619125,0.6868900918504415,0.8747720702197954,0.9734238838921789,0.7756264789383287,0.7112312592173617,0.862318803356612,0.9112756151385131,0.9986755760708649,0.7379149954577175,0.9290130221267934,0.7274677223834172,0.8143371176832088,0.8992471954471696,0.9073555051118205,0.7743389169259938,0.7942458793111873,0.8646387540291243,0.771243740359233,0.6716734035910805,0.8843313474963688,0.9098542619543634,0.7077387352600952,0.7791334107905221,0.9784212882796224,0.8350194764363664,0.6309471570784806,0.848926703183084,0.7932250228561104,0.8454122479480872,0.6976855867139373,0.8590389768693912,0.8342341678338485,0.6392238637325718,0.8943339084369372,0.9808633257965951,0.8625009993910635,0.7050282515278712,0.8859104594065099,0.8932579478150295,0.8019015276175867
p203_L,0.738709539593891,0.8449821729033883,0.6664446391820797,0.8698265568486924,0.9253254956419286,0.7525975689189661,0.927228873512415,0.84916301506481,0.791050936648565,0.9135864513673666,0.6699743710523518,0.8860815694795918,0.886081569479592,0.7454402702347126,0.8370846376014214,0.7699850179102157,0.9234947902774613,0.5165499030189158,0.9519058911033431,0.7288774911651122,0.7082340845993287,0.5922683963557782,0.9083389247768066,0.930109868608842,0.6354063896248417,0.8511694599226762,0.9563820947166306,0.8419523798699478,0.7288774911651125,0.9526213991194843,0.8370767014618665,0.9403916813458222,0.6104592517687587,0.9603433430757012,0.8896584524348268,0.9200580495551546,0.7021058151674173,0.9721618040980162,0.9181483053976591,0.9082023278777083,0.6020059989062481,0.8540918850742609,0.9181483053976589,0.8108212549297615,0.9234947902774611,0.655715898186334,0.6847877535121555,0.7838320262642453,0.3941190153424563,0.7649533525616217,0.9010097382828826,0.7800138016081005,0.8511694599226762,0.8725725017627854,0.8758435862211178,0.8987275892579094,0.701576449426923,0.8896584524348263,0.9421853733886227,0.7463289785855662,0.7959165242401376,0.9679716462598084,0.8739259152693218,0.8691773228854076,0.6447745739887387,0.7921966068830886,0.8626986033394783,0.7713693557810313,0.8420213124286484,0.9945845775505104,0.90075159610196,0.8482845240792769,0.8896584524348268,0.6235084402607627,0.8896584524348263,0.7135529458373276,0.8662102272482619,0.7621069123919672,0.7894723616821671,0.9651846090667127,0.8693629222495667,0.9154696071967026,0.9174919622459154,0.6814926779037214,0.8896584524348263,0.8467366359143638,0.9532826472864177,0.575627115750367,0.9920810419396306,0.8860815694795923,0.8896584524348263,0.5684098101723731,0.5378284473821354,0.6847810669273331,0.839832738084962,0.7838320262642454,0.6004798689138582,0.7273804997455665,0.6244367286418773,0.6375901111601983,0.8081620391109678,0.7988153530613099,0.9609925388490306,0.7654678967288691,0.9265482928623394,0.6213072444249826,0.6802225569957248,0.5597091409023092,0.8631102944179316,0.628364327674896,0.6539639475258534,0.9502662733268172,0.580838205934169,0.40056471798943816,0.6847877535121555,0.5292734490608371,0.9391306146813307,0.9092272046561756,0.9181483053976589,0.691664088007186,0.8108212549297615,0.5862476086905206,0.9008975568963153,0.9331181345489767,0.9061503848842776,0.729666337574316,0.7021058151674173,0.7841957663445419,0.940632582624015,0.8159112343441137,0.7235971676208828,0.8971110481409439,0.7839347172135986,0.9181483053976589,0.5617344414466008,0.8933516304110444,0.7372857352851716,0.979773624408762,0.6657888880247789,0.8825917972400852,0.6824674721723707,0.6394934767982309,0.8868737206087556,0.8338344942970333,0.7273804997455657,0.8057962567434171,0.8659406719679215,0.6569391826041673,0.8482845240792771,0.643824313702016,0.862953512715432,0.7959165242401371,0.7397410131523878,0.9243738449837255,0.9020805464024185,0.8482845240792778,0.6483661185335938,0.7729463078528005,0.9599453776979463,0.7566566192962083,0.9855913133289869,0.9351202479906622,0.8017315583434852,0.5703698025145814,0.6559845174138041,0.6417161846042378,0.7327940863205864,0.39648959584535837,0.8398327380849622,0.663956089506978,0.844949299525896,0.7326895651483438,0.8454347944158875,0.9499375125990601,0.950590187978037,0.9360688778621163,0.7493433037664853,0.7367623586035865,0.6881303513963862,0.7325918966260515,0.8083010446683034,0.777237413402937,0.9786667815209427,0.8860815694795918,0.6939535459036312,0.6137327195414171,0.7595225899151794,0.8070888281595501,0.8725725017627854,0.938870302819,0.8825917972400854,0.8122403177666189,0.646924326280196,0.589334576862359,0.7959165242401371,0.8896584524348263,0.893331436986468,0.8825917972400854,0.7838320262642453,0.6021370287216199,0.8237742499674459,0.886081569479592,0.8896584524348263,0.6878266359974416,0.7427027987494845,0.9135864513673666,0.8896584524348263,0.7340039724422165,0.8159112343441137,0.7533564320784047,0.6893723168412156,0.8220039019339662,0.5940608868312296,0.8896584524348263,0.6870780400798959,0.8896584524348263,0.9890548039892401,0.9135925584021193,0.8752582852036803,0.8896584524348263,0.7703230067811775,0.8896584524348263,0.6763385578998513,0.8635432463042103,0.78253384883855,0.5996462427982482,0.7608061532115915,0.5182570861555118,0.8825917972400852,0.7635878947249123,0.8662102272482624,0.7301881088965589,0.8251573327595079,0.9676656874072451,0.9020805464024181,0.7814447919110763,0.8015977415708577,0.8539876535784734,0.9801670789398705,0.928651572152426,0.8159112343441135,0.8791813830875237,0.5673132741787774,0.9163262721650263,0.8896584524348263,0.7886345850844549,0.8896584524348263,0.8709546392577707,0.9518731351981948,0.9010097382828826,0.8426181754406723,0.5029555887481107,0.893331436986468,0.8133576989322111,0.8124005011391582,0.6605300697453589,0.8849503008447888,0.6985262996379493,0.8971110481409439,0.6558960200567163,0.9761852736892871,0.6616219089875046,0.8860815694795923,0.9459681478708939,0.577398795132375,0.9181483053976591,0.6859970558001081,0.7980131946316944,0.8540918850742609,0.9797097689466667,0.6049207349777097,0.9010097382828826,0.6709320807003685,0.7597272539404611,0.9461905045854541,0.6213072444249826,0.628364327674896,0.9972225848055387,0.687993509490268,0.9531114303007859,0.6213072444249826,0.9777530406260118,0.5962117822317539,0.9721803965010323,0.7516344881857058,0.5464222116523427,0.8971110481409439,0.8236837483731401,0.580838205934169,0.7463289785855665,0.8971110481409439,0.8971110481409439,0.4522472073435153,0.8347006766608202,0.7317518380392376,0.6847810669273326,0.6998536157609786,0.8251779080020145,0.962736736002322,0.6466699858728489,0.6917461962839171,0.8812668782853297,0.979773624408762,0.5858003141647194,0.8198749005903769,0.9888613523099014,0.5023470811393522,0.8184827691642289,0.5586688280140525,0.8033061223540905,0.7487487355795239,0.7842500454845465,0.8524736009305027,0.9158842833688627,0.6331184279592803,0.9523375270823129,0.7910509366485656,0.8182615055319924,0.648382475168473,0.8623543604356523,0.9534321899730982,0.8971110481409439,0.8896584524348263,0.9010097382828823,0.9568123551254295,0.5715308279805202,0.6213072444249826,0.9050424200568572,0.8713182434654577,0.8896584524348263,0.812400501139158,0.9092272046561756,0.7996338725880194,0.9486843581186598,0.5488149483122904,0.48895192399713805,0.9010097382828826,0.6379901391579987,0.45032089478153836,0.9598955940677533,0.8758435862211182,0.5821229211302588,0.8971110481409437,0.8236837483731403,0.491494648856326,0.8725725017627854,0.8057962567434167,0.9651846090667124,0.4907863725689574,0.5283975259733843,0.5177485771782262,0.5617344414465989,0.8860815694795923,0.9763941716981472,0.7187879502727221,0.580838205934169,0.5834269768150571,0.3912195338162435,0.8896584524348263,0.6824812079900084,0.8210732662498845,0.5181863307438523,0.7518251793898634,0.9135864513673664,0.663956089506978,0.8896584524348263,0.8896584524348263,0.8482845240792769,0.7910509366485656,0.6933365167623085,0.8896584524348263,0.7735694983485519,0.5753358994586452,0.6210539836207314,0.6559845174138041,0.6966923321833469,0.889658452434827,0.7372869427501476,0.8630290845537578,0.48596167001717994,0.564087424367286,0.8896584524348263,0.738949716758637,0.3835504668413312,0.5148254130936292,0.5359578322640777,0.7120890227415408,0.7890663932802985,0.8971110481409439,0.5570121686658545,0.8896584524348263,0.4555863026021819,0.9336408473650777,0.88117047120015,0.6849621756203548,0.8933314369864678,0.5856542447716251,0.6746713970200229,0.8896584524348263,0.7743335330711705,0.5910834785019767,0.8896584524348263,0.8847442571207544,0.7848114278638387,0.578009622409168,0.40263313272741474,0.5703698025145811,0.8896584524348263,0.9338403564780206,0.8050858820614852,0.9459681478708941,0.7556861067843031,0.8707402185873243,0.7983669324899143,0.8008299119992872,0.782966248131486,0.6847877535121555,0.79947058577019,0.7533564320784047,0.8214883067456699,0.680178275153418,0.6280670266646469,0.7847843566374674,0.8600594271401631,0.6657888880247789,0.8739259152693218,0.8896584524348263,0.9092272046561756,0.6505415067444333,0.9205691679322003,0.9000737693627723,0.7897873815109785,0.8825917972400854,0.8833420512922507,0.8933314369864678,0.8825917972400852,0.8542394537315835,0.9253254956419288,0.8725725017627857,0.6751573618728806,0.5520782486917959,0.9092272046561756,0.6662857236258233,0.9135864513673664,0.8725725017627857,0.850438512756049,0.8452561003346262,0.8962947481591488,0.6841854839816718,0.6645820131467607,0.8184827691642289,0.843381215769387,0.8540918850742609,0.622352917266666,0.998856797635673,0.8748337527607468,0.8236837483731401,0.8280740422732293,0.7398058791729853,0.9992268561633846,0.8225480725232537,0.8693629222495669,0.8370767014618665,0.7482334221078928,0.8119578678034385,0.8647281285183444,0.9120686875266926,0.6117964254315313,0.4189227624048538,0.8316463552777544,0.8570542950968632,0.8600594271401631,0.39505804387725696,0.8693629222495669,0.855646426505436,0.8570542950968632,0.6964359416947348,0.7419162617701649,0.7608061532115921,0.794975568170605,0.5682676780090596,0.963440451036635,0.7814447919110759,0.9092272046561756,0.7247259715748795,0.7845603183635632,0.9050424200568572,0.9358308226928231,0.8791813830875237,0.8577201813991233,0.9403916813458222,0.9092272046561756,0.7033129705598222,0.3674298615447926,0.5975827130664328,0.6633752259897874,0.975289752203294,0.6161666571569087,0.9069941221804065,0.8791813830875237,0.6558960200567174,0.8896584524348263,0.6447745739887387,0.8896584524348263,0.8896584524348263,0.6062613900304059,0.8600594271401634,0.5763915056514193,0.8896584524348263,0.5860048579457424,0.6475111926944681,0.815911234344114,0.935540981276975,0.7204073039361282,0.8184237474654804,0.679214535400113,0.7886345850844552,0.6522360938468756,0.875843586221118,0.7533564320784051,0.9050424200568568,0.8210732662498847,0.5942560642152306,0.6870780400798957,0.3713721781310393,0.8758435862211178,0.916326272165026,0.5183256535448717,0.7266260296168111,0.5616161387328129,0.6847877535121555,0.49154240205499056,0.8662102272482619,0.8820407195883926,0.8890096331505415,0.6709320807003682,0.8632765427931799,0.7959165242401376,0.8600594271401629,0.8263153038820887,0.8971110481409439,0.8662102272482624,0.9668883002312161,0.8189125293211329,0.6893723168412154,0.6024016827455376,0.9010097382828826,0.6680166636240492,0.8791813830875237,0.8114149644121915,0.0,0.8860815694795918,0.514825413093629,0.8398327380849622,0.9181483053976589,0.4316686664556595,0.6827231381317533,0.7886345850844549,0.50040762486396,0.6223529172666649,0.7983669324899143,0.7441550455108807,0.8896584524348263,0.6657888880247789,0.8419523798699478,0.8896584524348268,0.6332518600506307,0.8662102272482619,0.8825917972400854,0.7977575491639219,0.5218865149189726,0.9951895428079431,0.5756271157503678,0.818261505531993,0.5576105069609412,0.8693629222495667,0.7099315196284648,0.8825917972400854,0.899413905399452,0.6608971689337999,0.7428790677862729,0.687993509490268,0.7417963404759074,0.7395730447986586,0.46398936012309755,0.7030921523899187,0.8236837483731394,0.6331910645333836,0.3419756732482162,0.8370767014618672,0.7735694983485523,0.7239034453819998,0.8933314369864682,0.6872431607963683,0.8096568063395766,0.7672887431581867,0.8860815694795923,0.5050298507901327,0.46844190765823945,0.8937064799261267,0.7372857352851718,0.8971110481409439,0.7755530435209886,0.7590642381328313,0.6987267626996296,0.7862284564250879,0.4735078065706645,0.8631102944179316,0.8740603771068243,0.6085526768259406,0.8860815694795918,0.626406944961839,0.8466701762570733,0.8896584524348263,0.8236837483731401,0.6666988892889367,0.7511694662236434,0.7609635031046145,0.8896584524348263,0.7464502873774257,0.5450635970372328,0.7959165242401371,0.7454402702347116,0.6156463920459541,0.8625142972014931,0.7418627242111144,0.913541677708027,0.9735846030351532,0.8378916013654917,0.6755624410064107,0.711227573413961,0.6447745739887387,0.6437654410272551,0.7015764494269229,0.9888613523099014,0.4874418742828128,0.7525975689189656,0.8426181754406723,0.8825917972400854,0.8466701762570731,0.8725725017627854,0.8454347944158869,0.6823370290799504,0.7896195274054794,0.7239422248713432,0.9092272046561758,0.889658452434827,0.8662102272482621,0.49690977513930445,0.5703698025145814,0.8860815694795923,0.9010097382828826,0.8791813830875237,0.8860815694795923,0.8860815694795923,0.8236837483731402,0.8896584524348263,0.8791813830875239,0.7983669324899143,0.8896584524348263,0.8017315583434852,0.7696885356157841,0.9092272046561756,0.6847877535121555,0.905042420056857,0.893331436986468,0.886081569479592,0.458900769779771,0.691664088007186,0.8600594271401631,0.6545902741290399,0.8896584524348263,0.5933208052433305,0.8368245529110285,0.8570542950968634,0.551578344794478,0.6512537056184309,0.7493433037664857,0.7756626784121655,0.8631102944179316,0.9750946982439638,0.8631102944179316,0.7180040722870515,0.839132797389883,0.9990349818618741,0.9075842274390705,0.9732327427950038,0.9614954635891835,0.9519058911033431,0.47529006469012736,0.6847877535121555,0.9843786881291013,0.6732168676038837,0.8896584524348263,0.8250052019083581,0.7340203422080557,0.9135864513673666,0.6265041855113,0.6603963547641067,0.9770828421844056,0.6186218983860299,0.8825917972400854,0.5460896656915915,0.5321142179294636,0.8896584524348263,0.8896584524348263,0.8133576989322113,0.7291316369400929,0.8960320960887171,0.9267151701482299,0.6639560895069776,0.5742723975427164,0.634808735937171,0.565064436697662,0.5869314246431039,0.6248080649870305,0.8896584524348263,0.7838320262642453,0.6657888880247789,0.9181483053976591,0.5378284473821356,0.6213072444249826,0.6331910645333836,0.8896584524348263,0.8896584524348263,0.5089265797516112,0.86067224511546,0.6335742446925687,0.8028600427319846,0.5327301331956827,0.7664191213549612,0.8426181754406725,0.992487164721943,0.6564134793088925,0.4771556231379621,0.8896584524348263,0.5803281264658889,0.603763018739605,0.7021058151674173,0.9092272046561756,0.7914343336558525,0.877922001861157,0.9620358654675498,0.5382744022097381,0.893331436986468,0.7954548396513186,0.8896584524348263,0.6235084402607627,0.7518251793898635,0.7814447919110761,0.5616423830237423,0.8752483555372584,0.8725725017627852,0.7934780588066328,0.5299486632951582,0.9050424200568572,0.9866696981346305,0.700809988989878,0.8791813830875237,0.9135864513673664,0.8316463552777544,0.8511694599226769,0.5936753173085916,0.9010097382828823,0.886081569479592,0.9296003162291764,0.8454347944158871,0.8855759234814213,0.828969093058276,0.9181483053976591,0.9983162612897328,0.9181483053976591,0.9181483053976589,0.4335432284760361,0.8263153038820887,0.7743335330711709,0.8896584524348268,0.9076455198988724,0.5020148336231175,0.8662102272482619,0.6137353955212175,0.6104592517687598,0.8860815694795918,0.8454347944158869,0.7696303109710738,0.8933314369864678,0.7684305288508868,0.8210732662498847,0.9155128740641754,0.8606745924445716,0.8896584524348263,0.5488028443704318,0.889658452434827,0.5433241102962221,0.9135864513673666,0.9938360576449194,0.8570542950968636,0.7397410131523884,0.8896584524348263,0.5756271157503674,0.4316686664556595,0.8570542950968634,0.5782383261592012,0.6235084402607629,0.5936753173085914,0.6657888880247789,0.6451658392795729,0.8935002347346703,0.9731257798694083,0.4729384751768526,0.9372891307871852,0.5738572828587016,0.9181483053976589,0.7635878947249124,0.7180040722870524,0.9964862660279438,0.9294555734269481,0.6498764605010703,0.7886345850844552,0.4173940204226888,0.8896584524348266,0.8860815694795923,0.6569391826041673,0.513314606661402,0.8634571970037301,0.5148254130936292,0.4775583598169968,0.8896584524348263,0.5405440590638109,0.520495911136736,0.8947038141714881,0.8896584524348263,0.6522360938468756,0.8994139053994518,0.6213072444249826,0.8600594271401634,0.886081569479592,0.8241544266903331,0.8511694599226773,0.9801670789398705,0.8881012313740009,0.8265869479807616,0.9083389247768066,0.41007675698136326,0.8896584524348263,0.8426181754406723,0.8896584524348263,0.9092272046561756,0.7859268611367025,0.7487487355795235,0.9181483053976591,0.8398327380849622,0.8741317780804451,0.793478058806633,0.47179043968395507,0.8896584524348263,0.6355939671425638,0.6112312733031213,0.9423300192939922,0.7033129705598211,0.7893221938778119,0.9010097382828826,0.7288468776697288,0.834348417103542,0.8184827691642289,0.767288743158187,0.4621910637270147,0.8184827691642289,0.8316463552777544,0.9010097382828826,0.6998536157609786,0.8184827691642289,0.9181483053976591,0.6814926779037213,0.893331436986468,0.5483789396670344,0.9752897522032937,0.834348417103542,0.5742554606370509,0.7845603183635632,0.8822084460608878,0.8600594271401629,0.8133576989322115,0.8482845240792769,0.886081569479592,0.8662102272482621,0.6999700990526898,0.5712994689751403,0.5253792763376597,0.7820108890843238,0.8083010446683034,0.6731703609137225,0.9082023278777084,0.893331436986468,0.6847877535121555,0.8905303150973991,0.8530793311375408,0.8685576193070534,0.999841348967178,0.8252392017888601,0.6657888880247789,0.6447745739887387,0.8156058247356361,0.8398327380849617,0.9062969189497472,0.9159847227743849,0.7033129705598219,0.763717567233767,0.9516073501750892,0.8847442571207551,0.7180040722870515,0.7578334158068949,0.5157686767950131,0.7113511807594728,0.8045356140265527,0.9622594781370893,0.9312546686869957,0.9363463532366844,0.8571767099257033,0.8511694599226762,0.7261709636424458,0.6424391008420145,0.9047546337476107,0.8102885572223331,0.9391406142751864,0.7928177595051724,0.7433999084947602,0.9553959086381489,0.897617984345036,0.8968671137472104,0.6467785536624368,0.6653273835450431,0.7533564320784047,0.8426181754406721,0.8748337527607468,0.9148690067471974,0.7375993495665121,0.7949208375101817,0.7463289785855669,0.6451255538107445,0.6355939671425637,0.9723386316233111,0.49660989224140206,0.8748337527607469,0.6939535459036312,0.5742554606370511,0.6447745739887387,0.767288743158187,0.8820407195883926,0.7021058151674171,0.9135864513673666,0.8457223559571874,0.9092272046561756,0.8412267985038473,0.6447745739887387
p203_MAFPG,0.991859485128921,0.779811357760911,0.9584544227552207,0.9909903972974268,0.9475597985845112,0.9547434413197933,0.922427777211593,0.8803968326080498,0.938608053802739,0.9589316626844853,0.9928618019927209,0.9458598726114651,0.9458598726114651,0.9464802705130722,0.9724921727166422,0.9494402015988872,0.9985778460732366,0.9723609361240989,0.9568599156354454,0.9589316626844853,0.9866492543882339,0.9559302354841394,0.9334927596276981,0.9493053971730234,0.9594986384506098,0.9292677720165115,0.9985778460732367,0.913733309388403,0.9589316626844853,0.8213642201383589,0.9225701399051967,0.9529545363721539,0.9409942357230057,0.9591402541866405,0.9475597985845112,0.890419571801265,0.9493053971730234,0.8866742233150668,0.9610996995613952,0.8300526594266477,0.9567860036593587,0.9306566646589698,0.9610996995613952,0.9100921482984172,0.8220529899137441,0.9510949776770345,0.9808926695348984,0.8972654241994793,0.9763068251524243,0.8882932693469461,0.9529545363721539,0.7995745024396093,0.9292677720165115,0.9394396415413291,0.9441180703023759,0.9304312867192418,0.9742178060512305,0.9475597985845114,0.993310181341604,0.9442013463068035,0.9030086235821644,0.9112422000431177,0.9292677720165117,0.9329016612088759,0.9719050365344921,0.8752138387990291,0.9765837058865925,0.9417706387957601,0.9813880287156103,0.7376990592379752,0.6856259320381533,0.9752830459923437,0.9475597985845114,0.8493950799487404,0.9475597985845114,0.9509103733010487,0.9559302354841395,0.9521906738117113,0.8739594680062144,0.6181160048445473,0.9379142777971528,0.9661859802146439,0.9371729782453184,0.9292677720165115,0.9475597985845114,0.7029527466030716,0.7944495116308203,0.8536240445709697,0.9260446381122045,0.9458598726114653,0.9475597985845114,0.6556592334992677,0.9746652493326958,0.8501911138182778,0.9371729782453184,0.8972654241994793,0.7673467347276222,0.9866492543882339,0.8701878430758341,0.8969538931148955,0.6920540186454232,0.8448813494499818,0.9475597985845114,0.9037142728512924,0.9432944166867201,0.9568599156354454,0.7459884887998158,0.8182787338913602,0.9349426948340502,0.8233788637195054,0.7717677348931046,0.819314533621194,0.8562018915429417,0.9856553282246239,0.9511016704226434,0.9680526209706675,0.9394396415413291,0.9568599156354454,0.7864297230821705,0.9445210810238398,0.9677758452177638,0.915051350864527,0.9594986384506097,0.8946898694254275,0.7756183524053204,0.829895318207438,0.9493053971730234,0.9180351461270722,0.9301236418134132,0.9125111785873636,0.8686385996787724,0.9511016704226432,0.9765837058865925,0.9610996995613952,0.9397362273534058,0.8370147688196933,0.9079957206615112,0.9765837058865925,0.9529545363721539,0.9442013463068035,0.9365871288980401,0.958931662684485,0.8187487405659171,0.8140783112294061,0.773554795360126,0.9077040005624184,0.9340898362261592,0.8369591621743948,0.9278966962971924,0.7505486208297507,0.8811434002398044,0.9030086235821644,0.9074162269428674,0.8773193685069607,0.906121948145339,0.9278966962971926,0.8222677823909055,0.9112976020672168,0.9431430844460658,0.8811742389803807,0.8944531928030555,0.9128870094924401,0.81356179091074,0.85103298326874,0.99737149233539,0.955724889671401,0.9180351461270724,0.9567860036593587,0.8908572896021122,0.9283006786161674,0.8129498901600084,0.9458598726114651,0.9265423524364671,0.871802212243979,0.999003648905824,0.9297688626423275,0.9568599156354451,0.9932949479190378,0.8219196355916588,0.9168460830759904,0.9088944096710687,0.9883418069846723,0.7874049258749507,0.9458598726114651,0.9627406061213513,0.7311663593169,0.8534622933489191,0.8984043359066811,0.9394396415413291,0.8533072212327577,0.9442013463068035,0.938608053802739,0.8458329454003358,0.8652846490024411,0.9813702038092993,0.9475597985845114,0.9493053971730234,0.9442013463068037,0.8972654241994793,0.8248376279677075,0.8882932693469461,0.9458598726114651,0.9475597985845114,0.9155257476698957,0.8652846490024411,0.9589316626844853,0.9475597985845114,0.9424781900280399,0.995606730632077,0.984974663526107,0.996343606716789,0.8306041887792599,0.9301236418134131,0.9475597985845114,0.9116080119434856,0.9475597985845113,0.8335022262352958,0.7903427454253446,0.8535826677013163,0.9475597985845114,0.9899975093578801,0.9475597985845114,0.9507994962645905,0.9430441133000051,0.7923256286306116,0.9366782695007883,0.8448813494499817,0.8459097615913487,0.9442013463068033,0.9334927596276981,0.9559302354841396,0.8272086403312509,0.8679821713502602,0.9979245843396389,0.9765837058865925,0.9696724395861309,0.9220520382689481,0.8995478568587885,0.8161139846300026,0.9540589546097205,0.9125111785873636,0.9425805352069323,0.745665791443795,0.995441286462974,0.9475597985845114,0.9876139325764797,0.9475597985845114,0.8636318154535148,0.8382021652784959,0.9529545363721539,0.9721820378192461,0.8732870395909533,0.9848910203339207,0.9112976020672168,0.9594986384506099,0.7575828442428153,0.9521906738117114,0.8567235831170406,0.9511016704226434,0.7504051824316142,0.9949023023772161,0.8391846440543806,0.9458598726114653,0.9548710823073732,0.8639922800834697,0.9610996995613952,0.9711093465704743,0.8565847204007375,0.9306566646589698,0.9615896302219167,0.7744441223256037,0.9765837058865925,0.8731726191489462,0.8733357033027651,0.8529401804129993,0.9568599156354454,0.8802204739371464,0.9524187417251317,0.9661859802146437,0.7656872475184059,0.9568599156354454,0.9065235783645926,0.8917498939038877,0.8986811553763572,0.9954779619578477,0.7684397633756535,0.9808926695348984,0.9591402541866407,0.8562018915429417,0.9350839192327516,0.9511016704226434,0.9808926695348984,0.8498657877428388,0.6613388029563294,0.8195726318328567,0.8501911138182776,0.9494402015988872,0.9267092193079062,0.8140593155196199,0.9886251033694343,0.9752830459923438,0.6936544503118629,0.9529545363721539,0.85103298326874,0.9315076677030099,0.9128870094924401,0.9752830459923437,0.913733309388403,0.9115235298246752,0.9856553282246239,0.9479816677342621,0.8481973108811269,0.884826683742402,0.8589669349625968,0.7477088399712895,0.8811434002398041,0.938608053802739,0.9589316626844853,0.9162050927129204,0.9125111785873636,0.9747772854616302,0.9128870094924401,0.9475597985845114,0.9529545363721537,0.9876139325764797,0.8739896442647098,0.9568599156354454,0.9548710823073732,0.8061071562382913,0.9475597985845114,0.9877220281917203,0.9568599156354454,0.9547434413197933,0.9724921727166423,0.9569077640615842,0.9661859802146437,0.9765837058865925,0.8852158769431717,0.8071506698658288,0.9349426948340502,0.9409942357230059,0.8154768127415196,0.9511016704226434,0.997924584339639,0.8604814212774308,0.9394396415413291,0.947638609469398,0.9547434413197933,0.8949709223103033,0.8261839384447572,0.8529401804129992,0.9425805352069325,0.9458598726114653,0.9493973299985367,0.8811742389803807,0.8007919102864964,0.8020222325849233,0.822781017493407,0.9475597985845114,0.8490980979184484,0.99987174125501,0.7784821996158592,0.9576746141532874,0.9611058687776595,0.8696295404751329,0.9475597985845114,0.9475597985845114,0.9278966962971924,0.9006962362816695,0.7800315783608655,0.9475597985845113,0.9589316626844853,0.9886251033694343,0.9644994759182186,0.9663770061235324,0.782963206823625,0.7971798092312717,0.9885587804861203,0.579141879826395,0.8588445447937201,0.8374621799469961,0.9475597985845114,0.9568011828647875,0.8763087891966072,0.8241696600104098,0.9090908602598025,0.898391074317212,0.9451453215839162,0.9511016704226434,0.7894685038194513,0.9475597985845114,0.796322480228806,0.6772470605459311,0.9154533753716585,0.9953551400438523,0.9493053971730234,0.8890958363645559,0.8292303763277579,0.9475597985845114,0.8927512325175624,0.9089327674556833,0.9475597985845114,0.943474927401666,0.9643644808194604,0.9825784749652078,0.7719348185375806,0.8234248743448616,0.9475597985845114,0.9364711380159494,0.9116080119434857,0.8986811553763571,0.9661395621050932,0.9768055011456487,0.9430441133000049,0.9053437280773231,0.9272318200347356,0.9511016704226434,0.9315076677030099,0.9168460830759904,0.8075202219813381,0.877897145441318,0.8412988044066685,0.9615896302219167,0.9852901633058908,0.9529545363721539,0.9784534179462063,0.9475597985845114,0.9667798280829099,0.8984043359066813,0.9981488633635174,0.9521906738117113,0.9721820378192458,0.9350839192327519,0.8498657877428386,0.7874802728547533,0.9954412864629743,0.9521906738117113,0.9886251033694344,0.8921109580400148,0.9736988845472498,0.7960092235497728,0.9568599156354454,0.8708107869705992,0.9611058687776597,0.8921109580400152,0.9629124330159166,0.932491997014441,0.9902428565647541,0.9589316626844853,0.9586923869912622,0.9977164699543988,0.958454422755221,0.9306566646589698,0.9364159486136479,0.9876139325764798,0.9808926695348984,0.9979245843396389,0.9696724395861311,0.8729729119280696,0.9829392900173883,0.896130882831621,0.937914277797153,0.9682551375725406,0.817381847518431,0.8199517167651282,0.7541624525637655,0.9397362273534059,0.9754015323112335,0.9917838634932135,0.919989349133864,0.9829392900173883,0.9334927596276981,0.8244554225159,0.937914277797153,0.9661395621050933,0.9829392900173883,0.995606730632077,0.855876198138082,0.9808926695348984,0.9283006786161676,0.9302719333857006,0.8727673249698822,0.9935567820366139,0.9667798280829097,0.9995797633171007,0.9363038471323668,0.9548710823073729,0.9183003694796051,0.8808946086335749,0.9397362273534055,0.9765837058865925,0.9667798280829097,0.6205798834213629,0.7842016865457024,0.9100921482984174,0.992131884600974,0.9301236418134129,0.8739594680062144,0.9819150380375274,0.9425805352069323,0.8140783112294063,0.9475597985845114,0.9548710823073732,0.9475597985845114,0.9475597985845114,0.8128743662973861,0.9334927596276981,0.8261839384447572,0.9475597985845114,0.8310074465798478,0.8613434560644835,0.9628454933455661,0.7334870386074925,0.9436711479582613,0.9236524445610544,0.8339210410708425,0.8995478568587885,0.8347240030058896,0.9409942357230059,0.9849746635261071,0.971905036534492,0.9149644520716045,0.9624492924114183,0.8512827582389366,0.9682551375725406,0.9409942357230057,0.9350839192327519,0.893536659521248,0.9548710823073729,0.7832182620765739,0.9511016704226434,0.8434360876416899,0.9364159486136479,0.9806624250029372,0.9629124330159164,0.8731726191489462,0.9434749274016662,0.9030086235821644,0.9334927596276981,0.96089318452934,0.9808926695348984,0.9902428565647543,0.9493053971730234,0.6774910013536335,0.912886430027493,0.9506887194977827,0.9765837058865926,0.9660869522982162,0.9425805352069325,0.8269500269913621,0.8860815694795918,0.0,0.7694191025912622,0.923879955825063,0.9610996995613952,0.8682941951628267,0.900220435878943,0.8995478568587885,0.816101465190372,0.9902428565647541,0.9430441133000049,0.9882136121357635,0.9475597985845114,0.9529545363721539,0.8763087891966072,0.9886251033694344,0.9899975093578801,0.9364159486136476,0.995441286462974,0.9371729782453183,0.9176189740206026,0.8075202219813383,0.7983153216862562,0.9589316626844853,0.8833560244147496,0.8422956254205756,0.8621439532920854,0.9954412864629741,0.9984380827103148,0.9865645920426105,0.9540589546097202,0.7118123313748042,0.870441749666166,0.9092428552134855,0.8620609819102153,0.8897634772723557,0.9162050927129204,0.8541959247310245,0.8060628203277848,0.9225701399051964,0.9611058687776597,0.9067193050929394,0.9493053971730236,0.9349791590648004,0.9876139325764797,0.8894031717904971,0.9458598726114653,0.8253743886792999,0.7864201167460121,0.9610996995613952,0.875144138718642,0.8448813494499817,0.7878600357864769,0.960291949762603,0.980662425002937,0.9730506507011063,0.9860598647601156,0.9877220281917203,0.93150766770301,0.9379142777971528,0.9458598726114651,0.9529545363721539,0.9547434413197932,0.9475597985845114,0.9120542613921983,0.7658045494346227,0.8007919102864964,0.96089318452934,0.9475597985845113,0.8794996237395192,0.8142281209188553,0.9030086235821644,0.9644994759182186,0.9855683111551216,0.8310621170199547,0.8773193685069607,0.9195080349677454,0.9252037445446055,0.904289422070275,0.8458099300236455,0.9733502238946539,0.9548710823073732,0.9123884588666585,0.9304312867192419,0.7088700293650654,0.9212977173232092,0.9610996995613952,0.9252037445446055,0.8143691847723075,0.9610996995613952,0.9394396415413291,0.8827558331044781,0.9248100053233801,0.9825784749652078,0.9479816677342621,0.9568599156354454,0.9475597985845114,0.9559302354841396,0.7882889127686583,0.8234248743448616,0.9458598726114653,0.906121948145339,0.9985778460732367,0.9458598726114653,0.9458598726114653,0.9591402541866406,0.9475597985845114,0.9397362273534058,0.9792140372249503,0.9475597985845114,0.8644365206787079,0.7990206608339903,0.8904195718012649,0.9511016704226434,0.9548710823073732,0.9493053971730234,0.9458598726114653,0.8528856106436747,0.8838152225738927,0.9334927596276981,0.8358428353123895,0.9475597985845114,0.7071175640622931,0.9511016704226434,0.9661859802146439,0.8418457128185748,0.9770171254655827,0.8140593155196199,0.9190874378408649,0.9349426948340505,0.7966543892561391,0.9349426948340502,0.9886251033694344,0.9125111785873636,0.9054354303384726,0.9860598647601156,0.8914571445678525,0.8972431496161436,0.9667798280829099,0.9763068251524243,0.9808926695348984,0.7848594135373381,0.9243307498488826,0.9475597985845114,0.9475597985845112,0.921524819262904,0.9589316626844853,0.8211417788605384,0.9425805352069325,0.9521906738117113,0.9034463879155852,0.9350839192327519,0.9215403917946721,0.8598425852017675,0.9475597985845114,0.9475597985845114,0.9112976020672166,0.9968116130112575,0.6490993008822843,0.7852568210654851,0.9283006786161676,0.9673590143395132,0.9623377431332976,0.903560048661052,0.8193145336211939,0.862595176028353,0.9475597985845114,0.9916066523038791,0.9529545363721539,0.9610996995613952,0.8320495610524625,0.9568599156354454,0.825672787074978,0.9475597985845114,0.9475597985845114,0.8487384993671567,0.9475597985845114,0.8297065126827174,0.9559302354841397,0.8450603346239255,0.9696724395861309,0.9808396689061134,0.9935567820366138,0.8290892416048379,0.7380475048800075,0.9475597985845113,0.9628454933455661,0.8116870067162376,0.9493053971730234,0.81405931551962,0.9168460830759904,0.8852181373852496,0.8526883459957034,0.9152209695615847,0.9493053971730234,0.9931921107480989,0.9475597985845114,0.8210710864618271,0.9152209695615848,0.9329016612088761,0.8116509333629455,0.9854391115773633,0.9394396415413293,0.9018497344665104,0.7611474695143753,0.9548710823073729,0.8643090749973128,0.8885705152446663,0.9985778460732366,0.8811434002398043,0.9644994759182186,0.9292677720165115,0.862595176028353,0.9765837058865925,0.9458598726114653,0.8718884926994313,0.9265423524364667,0.9212977173232094,0.9493973299985367,0.9610996995613954,0.9212977173232094,0.9610996995613952,0.9547434413197933,0.7995502483019268,0.96089318452934,0.928754622007103,0.9886251033694343,0.9589316626844853,0.9364159486136479,0.9364159486136476,0.7731152683289881,0.9409942357230059,0.9458598726114651,0.9781067403340057,0.8905160099774292,0.9493053971730234,0.8557154606754749,0.9576746141532875,0.8175818786954805,0.8497321859469595,0.9475597985845114,0.7609009636116799,0.9475597985845112,0.837844168276169,0.9589316626844853,0.9306566646589698,0.9320645602494202,0.7867657195337692,0.9475597985845114,0.7983153216862562,0.8129359457645989,0.9320645602494204,0.8272354331469207,0.8210710864618271,0.8068927917851012,0.9529545363721539,0.8164111026582048,0.954357045101763,0.9102728072442623,0.9004940364163532,0.7039254146249526,0.8116144209696264,0.5339591457257353,0.9334927596276981,0.9248100053233801,0.8950004825334386,0.9268729171371118,0.8625298618399613,0.9876139325764798,0.8342716849000396,0.9475597985845112,0.9458598726114653,0.89520688729072,0.9899975093578801,0.8192216515661145,0.851544938719984,0.8543844635816173,0.9475597985845114,0.8365008054470018,0.9823733478887267,0.723929636591299,0.9475597985845114,0.8637151821288627,0.8292303763277578,0.9568599156354454,0.9852901633058908,0.9458598726114653,0.8056830750376207,0.9784534179462063,0.9973714923353901,0.8350803794897144,0.983769825715386,0.9111150293377238,0.831041710633762,0.9475597985845114,0.8868830823568322,0.9475597985845114,0.9568599156354454,0.8571037141749209,0.8805919691825621,0.9610996995613952,0.923879955825063,0.8728859274924746,0.9018497344665104,0.9909903972974269,0.9475597985845114,0.9125440513003291,0.8714465943048433,0.8866698495572745,0.9403748670927715,0.9628454933455662,0.9765837058865926,0.9225701399051967,0.9212735133449714,0.955724889671401,0.8894031717904969,0.8268894592721568,0.955724889671401,0.990990397297427,0.9529545363721539,0.9494402015988872,0.955724889671401,0.9610996995613952,0.9784534179462063,0.9493053971730234,0.8472971270962343,0.9921318846009741,0.9212735133449714,0.9661859802146437,0.8882932693469461,0.9628454933455662,0.9629124330159164,0.9524187417251317,0.9278966962971924,0.9458598726114651,0.9902428565647543,0.9169612314590976,0.919989349133864,0.9523030345044685,0.8852158769431717,0.9492098513807963,0.9770171254655825,0.926872917137112,0.9493053971730234,0.9511016704226434,0.9357274933038937,0.967369477483469,0.9252037445446055,0.8868830823568324,0.9545640111383319,0.9529545363721539,0.9548710823073732,0.9697342463171641,0.923879955825063,0.9505905824384766,0.9574180966633072,0.9682551375725403,0.9974712426570687,0.9594986384506098,0.9434749274016659,0.9886251033694344,0.946568570450012,0.8643778458620469,0.9100921482984172,0.8972654241994793,0.9774319815079453,0.9719050365344921,0.8691190999184776,0.9985319536978544,0.9292677720165115,0.9985778460732366,0.9371729782453182,0.9200152252821036,0.9949023023772161,0.9736478743700693,0.9379142777971528,0.9852357534673345,0.992131884600974,0.919396386971981,0.817686616071881,0.9808926695348984,0.9493053971730234,0.8827817928509321,0.9252037445446053,0.9808926695348984,0.9680148528725812,0.8588935204002319,0.7842016865457022,0.9442013463068035,0.995441286462974,0.8839676258120852,0.81356179091074,0.9747733305686097,0.9511016704226434,0.8545503661181635,0.8644365206787079,0.9548710823073732,0.9247045701871657,0.980662425002937,0.9848910203339206,0.9589316626844853,0.9494402015988872,0.9568599156354451,0.9629135621892557,0.9548710823073732
p203_S,0.7611184118665135,0.7916533740185656,0.5242449650010994,0.8950403863615903,0.8570924188866518,0.8343249892961566,0.9067210377913857,0.9049634250439964,0.6362811602924039,0.8218918489040508,0.8326115993376899,0.8473269954747022,0.8199517167651282,0.6788876978675573,0.9242591519756664,0.8400927802416371,0.911316221944724,0.6987539300174226,0.9511134098668175,0.8603930719852722,0.7020529183894046,0.7767245603680499,0.899687341755725,0.867296474523096,0.7928259796469515,0.693243331176278,0.755452519982089,0.7741792353230076,0.8956947474420132,0.8579721785171861,0.7650411739240062,0.8892917732189061,0.7994169225165999,0.8261414716570313,0.8852653845498551,0.8499792765287963,0.8131443083727967,0.7486965263003984,0.8312943488564515,0.6929145667756795,0.5738585769248967,0.7213432278150467,0.9056011626003165,0.7179182945869278,0.8853389382842847,0.4854462144795715,0.7917437350152448,0.5708067358165667,0.6929145667756798,0.5929786536727562,0.8270771330414152,0.3778877392711366,0.7149577147050744,0.8660200884684448,0.820180105861901,0.7292417974426424,0.9186707982454536,0.7766590274917051,0.7206445055835393,0.7623554974216553,0.6644344320056716,0.68469695011416,0.9103871664642423,0.8660614309566002,0.8077975275903289,0.612785992537866,0.8307423459823846,0.7944648068688138,0.7856334186226603,0.8836906543081366,0.6538184398512406,0.6929145667756798,0.8289194532234487,0.33654787412878007,0.7766590274917051,0.636119511322355,0.7767245603680495,0.7598372202406345,0.5075494538829838,0.8343249892961566,0.755000252445664,0.8005056606224616,0.6758074104501146,0.9158977653053868,0.7766590274917051,0.6565789463325273,0.8717781558898188,0.6258797709109685,0.8388840683986538,0.7694191025912629,0.7766590274917051,0.5242449650011001,0.5597626817954939,0.5494318756568729,0.8802810139962505,0.8978770027550182,0.545426173052854,0.5205706598159825,0.30510232233732126,0.3616831900076156,0.7292417974426431,0.8217667418575592,0.7766590274917056,0.831506242081415,0.7532517387413756,0.8162678987494556,0.59187698214098,0.26265557559743735,0.7644565844032284,0.3469410721870986,0.4686792310021044,0.9695865274972861,0.46630080199307544,0.7241512662927887,0.7917437350152448,0.36842280709429165,0.8908089932850713,0.8129069456777993,0.8714783961680888,0.49848614293718596,0.7179182945869279,0.6307087575345853,0.7462241442838129,0.9667304151873721,0.8724689982477942,0.5475834448735639,0.7840934704542419,0.8252456314230228,0.9062954961391321,0.6572569816081248,0.5008749069129522,0.8217667418575587,0.7996350258936389,0.8684477557283841,0.755452519982089,0.7083479474933698,0.589045297173729,0.830742345982385,0.8307423459823842,0.815648404165173,0.5683398362388921,0.8250913965285305,0.6127859925378658,0.5483670127202098,0.6566823537460496,0.6173542530191205,0.7852971133606687,0.3700579188162748,0.6872971503142593,0.18467726686563157,0.82509139652853,0.6304049580454627,0.8459994677419889,0.9169003302046175,0.8929569861598758,0.7086691600697788,0.8226550737650402,0.7311440942426506,0.8539940350780115,0.540972747802992,0.87321734069364,0.8517897486998736,0.7555855066537775,0.4313810367042131,0.6120300836673545,0.6511315617130486,0.6087039524376059,0.622559052596847,0.8189389329324099,0.5275424558602666,0.8360896531359454,0.7694191025912622,0.8287572006841353,0.794201569580602,0.8220537447497207,0.752304816461439,0.8499792765287961,0.9388098142174416,0.8402136872599661,0.6060422378169739,0.8006688649242865,0.8205959872379509,0.85552779797785,0.8199517167651282,0.8666192865728202,0.5690901468366261,0.4850859906375584,0.592347247781867,0.8660200884684448,0.9234525794155062,0.811301248630203,0.7869162810332528,0.4169171362795083,0.2767977193187965,0.749508116906195,0.7766590274917051,0.809194798685986,0.9222342176522085,0.8488164627142503,0.5434174178115923,0.654927873414942,0.8473269954747022,0.7766590274917051,0.5054097783579583,0.37371268081899056,0.8571935243607931,0.7766590274917051,0.7973776870746341,0.6755994131501966,0.6420259245484843,0.7738481405685951,0.5988551475975696,0.7694191025912622,0.7766590274917051,0.687935703049793,0.7766590274917051,0.5625685057332495,0.5850467347608572,0.5561077221784044,0.7766590274917051,0.660467880986612,0.7766590274917051,0.5059053105241889,0.8933032049347235,0.6325932003271151,0.4686792310021044,0.8217667418575592,0.19309135839740832,0.8156484041651728,0.80821767266797,0.7717708609035466,0.7570645106707725,0.7127612786440181,0.8326697563181311,0.7996350258936387,0.9391366663555984,0.7108435485795082,0.8046506303755925,0.7880767518337506,0.8773661601129804,0.6389145500660536,0.7509790904695649,0.5110607445591275,0.9178870621172386,0.7766590274917051,0.6639830308823098,0.7766590274917051,0.7625550799546765,0.8108125036718086,0.8581844531301606,0.7170979328889535,0.1447454881158512,0.8091947986859862,0.6153089916397294,0.7229232266022434,0.5289720004517839,0.88112785206906,0.4733654030717207,0.7879341691923534,0.5343118680427361,0.8856904849795793,0.3800788146605918,0.7967943813008362,0.9012618396310074,0.511267195478772,0.8312943488564515,0.658337385272663,0.6583373852726628,0.8371278512025715,0.8268321971115574,0.5779012390427001,0.8270771330414153,0.43921746584810273,0.46926034982875064,0.50157014400057,0.8162678987494556,0.34694107218709913,0.8876202058554047,0.8005056606224614,0.8803773887434152,0.8162678987494556,0.9282385745722452,0.389328740517913,0.9659153135818215,0.5689278712147672,0.6592374534590084,0.7917437350152445,0.8326697563181313,0.2461401828886477,0.7623554974216555,0.7917437350152448,0.8217667418575592,0.23585841407494024,0.8162678987494558,0.5115269552421551,0.6821878389447263,0.4961047429371954,0.7805706161318295,0.917402032087477,0.7766590274917053,0.8211466253087958,0.7623554974216558,0.8618496660711303,0.2729321700378633,0.6574503076918436,0.8517897486998736,0.7142865765311994,0.6814874283933388,0.24943670772766824,0.6469959480069754,0.5267691805658034,0.6872128199633916,0.7658423789175564,0.8093770594810006,0.6099106064450812,0.8603930719852717,0.6864928672060202,0.9309964228987557,0.9084894834347617,0.6755994131501961,0.6193424686760827,0.9080261965616105,0.7766590274917051,0.7959698129526696,0.9794817945104304,0.6987539300174235,0.8162678987494556,0.8366083656801931,0.8241696600104098,0.7766590274917051,0.86272873269166,0.8129069456777993,0.8343249892961564,0.8537381373594799,0.6710980777651829,0.7331254296694356,0.8270771330414151,0.30441661704946266,0.2477767957093593,0.9326314857363687,0.820180105861902,0.35217198720267073,0.8179571760346678,0.8261414716570314,0.35663545007284947,0.7373574344655297,0.7055055212893537,0.8343249892961566,0.20443562504275425,0.6431204385265554,0.22358138988162102,0.7554525199820894,0.7694191025912624,0.9449416522730887,0.7354007688881115,0.22167789187704456,0.22709701331868348,0.2154115996175867,0.7766590274917051,0.5043896881860754,0.687438711254008,0.6676236126941353,0.881487178017144,0.8924951998175354,0.3721303345084648,0.7766590274917051,0.7766590274917051,0.6872971503142591,0.6362811602924036,0.5553028528275905,0.7766590274917051,0.82509139652853,0.7766590274917058,0.8360896531359451,0.5640173559856101,0.3131408298813696,0.7766590274917056,0.6846101956279105,0.7291977626071651,0.2750260851233197,0.2792502106397349,0.7766590274917051,0.4775075074846238,0.6325932003271155,0.16919818898787786,0.33838511843044805,0.7841278555394082,0.7473415568527537,0.7917437350152445,0.18411650805145086,0.7766590274917051,0.1938852286745214,0.9593265323629796,0.8262882730426162,0.6046132155850321,0.7801439607674308,0.3456929108365623,0.7740567244084984,0.7766590274917051,0.6143492804518518,0.5892533894177809,0.7766590274917051,0.8377050367968981,0.6397340003341472,0.49847800393642006,0.212461495680913,0.21199029824311333,0.7766590274917051,0.9185991294906151,0.5414581852986395,0.8401242645657356,0.6638146186054872,0.48361305069044513,0.670214619334194,0.606799498757309,0.5750206863402925,0.7917437350152448,0.7541530353285171,0.5517941040323392,0.80821767266797,0.4595870693858115,0.8420582532561505,0.431316089561957,0.899687341755725,0.7996350258936387,0.72046831354622,0.7766590274917051,0.8499792765287963,0.7156038376575662,0.7035289911040679,0.8520327579084043,0.9925436664482359,0.7623554974216562,0.8074398474933543,0.9874493358841288,0.789001950793415,0.9053859784347451,0.8611779244813154,0.8908089932850713,0.5407595436270236,0.7277038854684545,0.8803297012364802,0.40306292795134324,0.8571935243607938,0.9852464826317965,0.9454221762996025,0.547468131611865,0.8480147570093763,0.8603930719852717,0.7524849246202481,0.7185641511652067,0.7875291489053899,0.903357189349929,0.8480147570093772,0.6053882533473045,0.9980952170885541,0.8705796198764466,0.9391366663555987,0.9950517936145984,0.9128060455441711,0.7281012717771458,0.8520327579084044,0.7247033256713329,0.5648737043491121,0.4047027895428631,0.6157288222887889,0.911316221944724,0.684771644618139,0.6888475689201508,0.7119547254674414,0.7502927996907005,0.8310850899399085,0.22269468574839446,0.8277746315427194,0.5980167465373798,0.7278327227063586,0.737442777503523,0.6382835472589403,0.7917437350152448,0.9932701699716742,0.4417691099971859,0.8065177674556054,0.6956342879958461,0.8466183234571399,0.6759615540392299,0.6394405684793961,0.9047777385165501,0.9477453438879875,0.781429803642528,0.7554525199820896,0.9203990933076514,0.8466183234571398,0.670228950538567,0.2579784947981836,0.6170856233738238,0.769419102591262,0.769419102591262,0.45777051640711564,0.8933032049347225,0.8333843709634072,0.4640361446553677,0.7766590274917051,0.8401242645657363,0.7766590274917051,0.7766590274917051,0.26269847972067284,0.9225547590276637,0.6431204385265556,0.7766590274917051,0.40407360234999423,0.3371967552413677,0.9392095244663072,0.8541515050769737,0.5068003623326232,0.5495683378650411,0.8281272992956874,0.846640209824906,0.36001285707652897,0.7440995115376006,0.8976827493442303,0.9047777385165499,0.6686963586136241,0.5982618845636827,0.6213550131629045,0.670228950538567,0.8962607001862011,0.8912406087454795,0.6941265277288424,0.8077975275903289,0.5909153928737798,0.7917437350152448,0.7586992169596076,0.8668244564253154,0.8371278512025715,0.7853502553960312,0.36090821870806145,0.7045137276102105,0.579360747105149,0.7344339818932561,0.8721361884636498,0.8179571760346674,0.8717781558898197,0.813144308372798,0.8400685799289205,0.4131916152762207,0.5136778263217607,0.8929569861598758,0.7452764923749062,0.9892480729260418,0.688931083445967,0.514825413093629,0.7694191025912622,0.0,0.6758074104501153,0.8343249892961562,0.24407518122486682,0.4679815016299167,0.7137986251393813,0.3186985107518183,0.7291977626071651,0.6358932984725741,0.7670908416743338,0.7766590274917051,0.7996350258936387,0.7371025125511409,0.8289194532234487,0.6198663161768463,0.7480074620231035,0.9178870621172386,0.7371494915139558,0.4464316265819419,0.8768199244837864,0.21078078065483752,0.8603930719852722,0.3835169991787786,0.9490652633711446,0.45725160317875524,0.7623554974216562,0.9769383092732986,0.7008377967429446,0.7741276405876656,0.7780455836381195,0.6521786582961457,0.5943957596365843,0.1795021319743677,0.4016675689502158,0.8326697563181311,0.5335888764960908,0.38979078225483965,0.7247033256713322,0.8956947474420138,0.8161268973285212,0.8091947986859859,0.5339636921595905,0.7137986251393813,0.7852971133606685,0.7694191025912624,0.3948481875774461,0.3008604121282712,0.9086318030400213,0.5890452971737288,0.9380492034039252,0.7690330621748358,0.76236173002865,0.7708985130552137,0.740643443759131,0.6903978746649038,0.7877575020847977,0.8106846903064511,0.759837220240634,0.8199517167651281,0.7996350258936387,0.9086318030400213,0.7766590274917051,0.8071865398778741,0.4906287908656948,0.39291392895826605,0.6484469377423765,0.7766590274917051,0.6105797058682161,0.36516182516735207,0.6304049580454628,0.6592374534590084,0.5770687647276036,0.6326560995499251,0.5558282825313887,0.9248345087142793,0.7436650373086833,0.9612413544320275,0.6331194143354935,0.6580624980226977,0.8077975275903293,0.588783055261614,0.897623131489586,0.8517897486998736,0.7007579144193807,0.8714783961680888,0.7170979328889534,0.7623554974216558,0.8343249892961566,0.7420755643853132,0.85552779797785,0.8048319931549086,0.6013383745952652,0.49144539860233816,0.8129069456777995,0.7725735218970419,0.8192976586644307,0.28949190799484326,0.2363670469610134,0.7694191025912624,0.7996350258936396,0.7554525199820896,0.7694191025912624,0.7694191025912629,0.9843092105513921,0.7766590274917051,0.8029336577904439,0.986572172049608,0.7766590274917051,0.7331254296694356,0.6272774271252441,0.9477524567951611,0.7917437350152448,0.8366083656801931,0.7801439607674308,0.7967943813008362,0.41913938936156736,0.41808522913941826,0.7801688164371339,0.3265549546315396,0.7766590274917051,0.5918769821409802,0.941858769226817,0.8229657376068038,0.33051852003564663,0.6314856701574887,0.8162678987494556,0.7840934704542424,0.7178547490400897,0.9392095244663077,0.7928259796469517,0.8330049588181114,0.9392095244663072,0.7896759389814361,0.9727628124336176,0.8402690359748906,0.8326115993376899,0.9174020320874772,0.7356585862867184,0.791743735015245,0.8149655677415089,0.42148810414569804,0.7766590274917051,0.9175238558077219,0.5115890057795554,0.8218918489040512,0.413964277897545,0.7554525199820892,0.9539022311661152,0.40089712547674994,0.7623554974216562,0.47650921522656153,0.24129198101601412,0.7766590274917051,0.7766590274917051,0.9965446915416745,0.635316718604529,0.6884142437757577,0.610666969193076,0.4109833648464153,0.4466378386436909,0.37288916174654574,0.24958664757862103,0.7046691749078566,0.4084324249257345,0.7766590274917051,0.6525743025511789,0.7996350258936387,0.8312943488564515,0.3205082319002175,0.8162678987494556,0.3321114450053324,0.7766590274917051,0.7766590274917051,0.18120413250036238,0.7766590274917053,0.2778182733455393,0.7291977626071651,0.3979776161674349,0.5738585769248965,0.9659765620285055,0.9309953985192001,0.3601004942741266,0.42204612299360456,0.7766590274917051,0.6273881882510954,0.22038016603445665,0.7840934704542417,0.9477524567951612,0.9970467933869336,0.8424307655406577,0.7832171227432938,0.6378365936921426,0.838245636604541,0.555302852827591,0.7766590274917051,0.3115390307552036,0.8627448253767596,0.5819998447612954,0.609910606445081,0.6416319314338446,0.7373574344655318,0.6249558166063451,0.42349412091162275,0.8042816287047858,0.8419744389376111,0.49197993693025854,0.7769563741300048,0.8603930719852715,0.8495064363272801,0.9376121488341831,0.33465828338115133,0.8270771330414153,0.7967943813008362,0.6017146581586881,0.7866618671723977,0.8291549352138796,0.9192008485967155,0.8312943488564517,0.8658397982980224,0.9056011626003166,0.9056011626003164,0.6718090456900669,0.9744504119222785,0.5825598673848769,0.8852653845498549,0.8603930719852713,0.7767245603680499,0.7242440631426614,0.4894957880312152,0.8247771206246997,0.7652011593459804,0.9129478677076039,0.8388840683986533,0.7801439607674305,0.6103582827578782,0.9939412938594525,0.7191099381554271,0.6936146948477109,0.7766590274917051,0.5242449650011001,0.9738697871341286,0.4585132721316598,0.8218918489040508,0.831725458060642,0.7502927996907013,0.6462573980813235,0.7766590274917051,0.3694951004586523,0.1951962761624384,0.7952129536593846,0.21623930930865087,0.27402576569483905,0.21170138080684575,0.8307423459823844,0.5144479938603644,0.9290237693524243,0.9772587571612872,0.31321640432394016,0.7167480035802152,0.3619106642452232,0.8714783961680888,0.7624828381240925,0.7766590274917056,0.9959098544202011,0.9280066740863926,0.36775089191317334,0.9130610021676682,0.25311232151671326,0.7725735218970419,0.7694191025912624,0.42148810414569804,0.40332463719142897,0.5432312732733173,0.1691981889878782,0.1100065608824694,0.7766590274917051,0.27097977295327247,0.4126608774480365,0.6592374534590091,0.7766590274917051,0.34721388756969174,0.9008577149489985,0.8162678987494556,0.899687341755725,0.7967943813008365,0.428402745834338,0.8452440158778534,0.9641234200001467,0.9186707982454536,0.8911611807547166,0.7853502553960312,0.2021545759846135,0.7766590274917051,0.8207973616970994,0.7766590274917051,0.8129069456777992,0.6211810508443969,0.5713957906036151,0.8312943488564515,0.6698770582022524,0.6057373889387394,0.6080821419151266,0.6788876978675571,0.7766590274917051,0.4507715623062418,0.4344516665356033,0.7369909438839053,0.8517492676755973,0.6273881882510959,0.830742345982385,0.6702289505385672,0.6585732489562016,0.9966395719542115,0.5515252203421859,0.3406369427939675,0.9966395719542115,0.6592374534590089,0.7996350258936396,0.5110607445591275,0.9966395719542115,0.8312943488564515,0.8724689982477942,0.8963473124416508,0.6456647591565177,0.7694191025912622,0.7381873768854004,0.7555855066537775,0.7478517030282201,0.6273881882510957,0.8487710682529493,0.6516171535351514,0.7727851893363367,0.8199517167651282,0.8192976586644309,0.6976680112574873,0.6592374534590089,0.6167397070060558,0.41817686397834675,0.9679521563244875,0.5968622687445255,0.7997746155532763,0.8091947986859861,0.8217667418575592,0.7735981539763002,0.8317286255540062,0.9659765620285053,0.8058846945935716,0.7343418692857916,0.8618496660711301,0.8077975275903293,0.987837457680246,0.6698770582022535,0.7986860525366208,0.8561198850174697,0.8517492676755976,0.8423097874738735,0.8394278150100907,0.7580909088677004,0.7766590274917049,0.7518181224306986,0.6079613204204815,0.814787161277384,0.619867275857334,0.8359220920225754,0.9694312124673643,0.7758049609806585,0.9592554700199221,0.7149577147050744,0.8593616546238456,0.757596851868569,0.9553701582462488,0.9034823448583148,0.9975488354889279,0.7355790938749496,0.9226806102022684,0.82416966001041,0.9213202023106486,0.9139566106330566,0.8217667418575592,0.8131443083727967,0.5367554672796484,0.6756181613656947,0.8517897486998738,0.995909854420201,0.5243232469090171,0.9445954258848499,0.8156484041651733,0.8156484041651728,0.4760032920601117,0.8903459685598292,0.5887830552616142,0.998095217088554,0.4364218089173094,0.7106653526850932,0.8401242645657363,0.5982795989458825,0.8592042972516907,0.8712459842099081,0.8218918489040508,0.8308751840758536,0.8129069456777993,0.9701700155555211,0.8077975275903293
p203_V,0.8459430770421208,0.9173873567154582,0.7902203744548106,0.9130183922143656,0.926270021131592,0.991834013047275,0.8772037904989585,0.9916811099013754,0.8603806964337208,0.9422586572762626,0.9947922739901722,0.923879955825063,0.9238799558250628,0.9207523226987695,0.9000617617241788,0.6349684000192386,0.9049289388238142,0.9005517611723413,0.9393458182324887,0.9980151413438715,0.6771067344569559,0.9508067898672805,0.7839965608218947,0.9778748351992479,0.9085306004621045,0.9005517611723408,0.9632197151594923,0.9414399550230419,0.9422586572762628,0.7965222178097513,0.9593818128282496,0.933854925314779,0.9599453718988953,0.8821858692988971,0.926270021131592,0.9465829649206577,0.9778748351992477,0.954241800259903,0.9453068780840739,0.9928993140851821,0.651665921210977,0.9025045192170256,0.9453068780840737,0.8735911795315161,0.9192692664872613,0.6708440357843798,0.982045156274965,0.8555570364268277,0.8986240534007519,0.8429423482710732,0.933854925314779,0.5319594688385079,0.9005517611723408,0.9148532265533555,0.9170389579782947,0.39107756876782096,0.9323299983666007,0.9262700211315917,0.8063110583456288,0.9666307012815272,0.86363187133769,0.7762038061062161,0.9005517611723417,0.7340612857268165,0.9365495543873188,0.9982161479519411,0.9608853644890277,0.8134355446661008,0.7206046877829769,0.9393458182324887,0.9513902666962701,0.23356288648671786,0.926270021131592,0.7695851515669614,0.9262700211315917,0.6050481505721168,0.44612089332049065,0.7999985225273293,0.7435234063570095,0.9453068780840739,0.9537504332936724,0.8675174643080594,0.8929765886287624,0.9372898940428271,0.9262700211315917,0.9121513639211623,0.9508067898672805,0.7465138347232505,0.9522167807377657,0.9238799558250632,0.9262700211315917,0.8691450109335102,0.9255299981779959,0.9465964222719856,0.8929765886287624,0.8832252198427537,0.8916055541922645,0.44682207128895635,0.7385681083063826,0.7578385111004697,0.9964497455422858,0.9820451562749648,0.973935300439098,0.8846564260425303,0.9780355065250286,0.9393458182324887,0.894303008215138,0.7263604126319398,0.9085306004621048,0.7941304493658201,0.9139593547568133,0.9025045192170256,0.781997907310831,0.8981235706012944,0.9312498291554214,0.7059238645872119,0.9593272108982549,0.9393458182324887,0.740397577572669,0.8166420739405309,0.8735911795315163,0.8589563765519364,0.9085306004621048,0.9252584119301557,0.8790194416047462,0.9036854008085595,0.9729746309145171,0.8443512569825546,0.9701956444682691,0.9080254870413738,0.8153082366508997,0.40841091829051157,0.9608853644890276,0.9453068780840737,0.9192692664872613,0.9616051284891652,0.8489926716035567,0.7503659440966411,0.9864847804128756,0.9215480977067743,0.663890574549342,0.9422586572762626,0.8084270318388385,0.6392825731719864,0.8879111240034918,0.8702334868194925,0.8708704516729386,0.7707675179901414,0.8986240534007521,0.6697719144675782,0.9980151413438716,0.8636318713376898,0.790906236123408,0.701666782376212,0.9608853644890278,0.8986240534007526,0.9010605643043956,0.9060005536896045,0.8150388071567574,0.8589563765519364,0.7613042759141821,0.8147735352468605,0.905517221079318,0.7129220490303518,0.6618205762896628,0.8787105864554916,0.9588395546242758,0.9363572562098184,0.44972826086956463,0.7754561997159459,0.8797725351969923,0.8445416009589061,0.8540092333600584,0.8142743709404071,0.9893782011987766,0.8595966110423857,0.9963814266559157,0.974601318620148,0.9163889031779977,0.8860804513717158,0.8570782533427974,0.9926916426643937,0.8183991053145016,0.923879955825063,0.9092258310688717,0.8102283717361076,0.7939706232398644,0.8571583257780957,0.9148532265533554,0.9566607558716711,0.9215480977067743,0.9130801394464841,0.6484475752693442,0.7563383617907211,0.8924187658448484,0.9262700211315917,0.9287243013130126,0.9215480977067745,0.8555570364268277,0.7019431298721738,0.8953476735959469,0.923879955825063,0.9262700211315917,0.509496410391487,0.7358423002285175,0.9422586572762626,0.9262700211315917,0.8864182724608495,0.876992292556863,0.8606368814689074,0.8150388071567569,0.5099363572077249,0.923879955825063,0.9262700211315917,0.790906236123408,0.9262700211315916,0.7267931754945538,0.6073605075978469,0.5731202911183417,0.9262700211315917,0.8808768286773148,0.9262700211315917,0.9320715441706955,0.9314943148680687,0.9100752707392668,0.4542230608448323,0.9312498291554212,0.688324873666069,0.9215480977067743,0.9064920176718159,0.9106019687464653,0.9787794493663242,0.7600812011132143,0.6047025877791915,0.6977360889985451,0.8814270131992576,0.9455550204029668,0.9164818738668178,0.7159750945519374,0.876992292556863,0.8769922925568627,0.9192692664872615,0.8842601377233774,0.9666307012815274,0.9262700211315917,0.8587660956447001,0.9262700211315917,0.7855736672352156,0.908025487041374,0.933854925314779,0.8948378117301918,0.6678760199858844,0.9287243013130126,0.8752860258231279,0.8155128907757817,0.8972380522258427,0.882082203920328,0.798555937925866,0.9312498291554214,0.9564638994905841,0.5917233346616995,0.7738965054378304,0.9238799558250632,0.936549554387319,0.9511300319055311,0.9453068780840739,0.9211130322381665,0.963883853416163,0.9854433830775422,0.930672331670205,0.8665307604419943,0.933854925314779,0.780117541654902,0.7469222068246366,0.6777606622482091,0.9393458182324887,0.7516738629110455,0.936715081556081,0.9435169778505765,0.8850360346032435,0.9393458182324887,0.8590144168379501,0.8551530937299048,0.9365495543873188,0.5204579941355256,0.9207523226987693,0.9312498291554214,0.4122857591834751,0.7199170131208841,0.943204091568967,0.4084109182905139,0.763978208127317,0.6339927913026573,0.9393458182324887,0.9837758353481649,0.789371403725849,0.40723454947626847,0.7957540570441617,0.9963814266559154,0.926270021131592,0.9347829309054405,0.9215480977067745,0.933854925314779,0.7335433167757845,0.87964080560591,0.8147735352468608,0.9347829309054407,0.8787105864554914,0.6425458590662065,0.8685695845092947,0.8321144589218232,0.7660482226484915,0.8911657424838039,0.7827655151124946,0.9108285080080125,0.8785627385841395,0.8603806964337213,0.9980151413438714,0.9142553407315162,0.8769922925568632,0.6290126519267124,0.9312498291554212,0.9262700211315917,0.9338549253147788,0.8587660956447001,0.9372898940428271,0.9393458182324887,0.936549554387319,0.9701956444682691,0.9262700211315917,0.9479529588566924,0.9393458182324887,0.9453068780840737,0.8016554892289601,0.8353766308660566,0.9044839950643897,0.9338549253147788,0.7581058089268597,0.6114773402673316,0.9085306004621048,0.9170389579782949,0.6665173122499167,0.9312498291554214,0.9142553407315168,0.629048914061882,0.9148532265533553,0.8702334868194925,0.6775384687040183,0.7211315016087698,0.9142553407315159,0.6982095159283939,0.9632197151594926,0.9238799558250632,0.9513902666962699,0.9386135340765334,0.7199170131208841,0.7216468241173295,0.6141480167730382,0.9262700211315917,0.8102283717361074,0.9121513639211623,0.883944268889507,0.8804415508981576,0.9422586572762626,0.7754561997159459,0.9262700211315917,0.9262700211315917,0.8986240534007519,0.8603806964337213,0.9543036924003026,0.9262700211315916,0.9422586572762626,0.9262700211315922,0.8875064656813962,0.580588798896251,0.6948501771041102,0.6447424651008546,0.9229863666545892,0.9508067898672805,0.5818148644225575,0.6362259416803147,0.9262700211315917,0.45386679483926307,0.8787105864554916,0.6962547708047289,0.720604687782977,0.9566607558716711,0.8107427171063764,0.45920624541005617,0.7039965075355052,0.9262700211315917,0.6362239673944714,0.9372898940428271,0.9088135335566939,0.863923377350521,0.9287243013130126,0.6059590741967944,0.9170389579782947,0.9262700211315917,0.8761021015209907,0.7577466042332979,0.9262700211315917,0.8893119774375076,0.7227223565450012,0.5548762612807412,0.6216933175348199,0.7129220490303518,0.9262700211315917,0.9660178191686504,0.8134355446661008,0.954064521144986,0.8070192566355339,0.7051034836603658,0.8652692287290058,0.8669149862082737,0.8818704626960783,0.982045156274965,0.9887137511074673,0.835193311566099,0.9774411992633254,0.7862958284079846,0.8647967161284025,0.47728798264450156,0.9064920176718156,0.9338549253147788,0.9372898940428271,0.9262700211315917,0.7754761396503776,0.9965468699038338,0.8117060761496817,0.9127085925971725,0.8948378117301918,0.9215480977067743,0.9956486914726876,0.9729746309145173,0.9215480977067743,0.9947922739901722,0.9262700211315922,0.7915677941670687,0.5866387515274569,0.8886980919486958,0.9393458182324887,0.7770128560991825,0.9422586572762626,0.9567930807361522,0.9064920176718161,0.7935744429052929,0.8481691045286438,0.9422586572762626,0.7141046152081436,0.9100752707392668,0.8953476735959469,0.9025045192170258,0.910601968746465,0.3265077938345514,0.9312498291554212,0.34814681631823663,0.8539618916939773,0.8700172273324442,0.9044839950643895,0.9638223777150989,0.9537504332936724,0.8911350110320606,0.7892792459601397,0.7312191392660936,0.9096116336419733,0.8609784901515831,0.8116109307677397,0.9976396685145794,0.9207523226987695,0.9044839950643897,0.9064920176718161,0.6166849170545855,0.9127085925971725,0.5250480903114338,0.9044839950643897,0.9678417350205826,0.8235183375189858,0.982045156274965,0.8192793116817607,0.6904941344692889,0.9755709899671716,0.8539618916939773,0.9393458182324887,0.9615175130004966,0.8691450109335102,0.936549554387319,0.8703719392743066,0.9632197151594923,0.773077592807121,0.933854925314779,0.9393458182324887,0.9382479844774667,0.5773180277941923,0.6702897844030606,0.9701956444682691,0.6129631577428756,0.7435234063570098,0.9523705671874025,0.9192692664872615,0.8057399079579857,0.9262700211315917,0.9365495543873188,0.9262700211315917,0.9262700211315917,0.7369047286962533,0.9064920176718161,0.9574667735380062,0.9262700211315917,0.7233693586066929,0.7644677559136386,0.8769922925568631,0.8086241367403573,0.40430679733187336,0.6409165670522473,0.8886980919486958,0.8587660956447005,0.767624924449058,0.9170389579782949,0.6813788602805415,0.936549554387319,0.8804415508981578,0.7595560769689473,0.8134355446661008,0.8911350110320613,0.9599453718988953,0.9215480977067745,0.7692299433285801,0.9540645211449862,0.8761021015209907,0.982045156274965,0.8555570364268277,0.910601968746465,0.9398552184521698,0.4357962116273191,0.780117541654902,0.8893119774375076,0.86363187133769,0.9064920176718159,0.8839442688895067,0.9312498291554214,0.9106019687464653,0.9778748351992477,0.8752860258231279,0.7924392667982805,0.582745430218492,0.933854925314779,0.8233685471076159,0.9192692664872615,0.9660178191686504,0.8398327380849622,0.923879955825063,0.6758074104501153,0.0,0.9453068780840737,0.6202422556405749,0.7770128560991822,0.8587660956447001,0.6455353402737842,0.8883739256494589,0.8652692287290056,0.9037625487122167,0.9262700211315917,0.9338549253147788,0.8787105864554916,0.926270021131592,0.6290025738655299,0.9508067898672805,0.9215480977067745,0.8929765886287624,0.6272638024622079,0.9064920176718159,0.7164349741463436,0.9980151413438716,0.6633454161597221,0.9127085925971723,0.8061768807841627,0.9215480977067743,0.9971482141805039,0.8469937143313189,0.939058681525885,0.9044839950643895,0.6842903035560761,0.8506406171006058,0.714486979566989,0.8016068306706872,0.8612583592401479,0.776203806106216,0.7892861905639391,0.8911350110320613,0.9422586572762626,0.98737531725128,0.9287243013130126,0.7802132716678216,0.8868600994557603,0.8708704516729384,0.9238799558250632,0.8028298884087186,0.7316270859297895,0.9289749041786237,0.8489926716035567,0.9312498291554214,0.9438611769441669,0.9644659921256323,0.9480926838423982,0.9129137434283909,0.9252584119301557,0.9085306004621048,0.9069090419812995,0.9947922739901722,0.923879955825063,0.9338549253147788,0.9453068780840739,0.9262700211315917,0.9142553407315162,0.4985843451590354,0.7199170131208841,0.9163889031779977,0.9262700211315916,0.8556136720879401,0.6643809789580963,0.8636318713376898,0.8875064656813962,0.7148583708416638,0.8688283624421211,0.9266332363183654,0.7097210653285497,0.5086423965417737,0.8924187658448484,0.8054135743605175,0.9242333593180018,0.9912425166211665,0.9430481070778807,0.8967198703210437,0.9312498291554212,0.8769922925568632,0.9453068780840737,0.8948378117301918,0.9666307012815274,0.9453068780840737,0.2463496897907158,0.960839617496729,0.926270021131592,0.8594242319326006,0.4128568169358313,0.9393458182324887,0.9262700211315922,0.9106019687464653,0.6638362206586523,0.7129220490303518,0.9238799558250632,0.6977360889985447,0.9192692664872615,0.9238799558250632,0.9238799558250632,0.8821858692988968,0.9262700211315917,0.9192692664872615,0.8652692287290058,0.9262700211315917,0.9044839950643895,0.8934703722913544,0.9393458182324887,0.982045156274965,0.9912425166211662,0.9287243013130126,0.9238799558250632,0.8028298884087179,0.7939706232398644,0.9064920176718159,0.7691979825245205,0.9262700211315917,0.9314943148680687,0.982045156274965,0.5255196533667329,0.8440437873718378,0.8962043077275959,0.9393458182324887,0.9778748351992477,0.908530600462105,0.8769922925568632,0.9479529588566924,0.9262700211315917,0.905775346051561,0.9829369915750173,0.9252584119301557,0.7660482226484917,0.8410403632238284,0.9465829649206579,0.8986240534007519,0.9312498291554214,0.9233367877012701,0.7707675179901414,0.9262700211315917,0.9783994202533961,0.5234026454598748,0.9422586572762626,0.7180908317461929,0.9928298361682764,0.9231240446168278,0.7451639931344709,0.9215480977067743,0.696698115123464,0.7078272996322454,0.9262700211315917,0.9262700211315917,0.9060005536896041,0.818813262637043,0.8868600994557603,0.6822651898755923,0.7754561997159459,0.6425458590662065,0.5610911087074104,0.7299669570536453,0.9025045192170256,0.7701004093977089,0.9262700211315917,0.8555570364268277,0.9338549253147788,0.9453068780840739,0.5846543459313808,0.9393458182324887,0.7548990778408027,0.9262700211315917,0.9262700211315917,0.6923124368276792,0.926270021131592,0.7040105667043668,0.9687835678910892,0.7329703856737078,0.4319449491687337,0.8948378117301921,0.9812473792743404,0.7597025513876656,0.972566064085988,0.9262700211315916,0.8769922925568632,0.735235322506645,0.9778748351992477,0.9393458182324887,0.9369675911773325,0.7605086321710932,0.8702334868194928,0.8804415508981576,0.9287243013130126,0.47665702454241377,0.9262700211315917,0.7484291696442609,0.8804415508981576,0.8539618916939773,0.9585886436865689,0.6379366388218062,0.9148532265533555,0.8620024941098834,0.8762594267042216,0.936549554387319,0.8853764582234488,0.8000818941171202,0.9192692664872613,0.7591103358244087,0.9795101062491114,0.9005517611723415,0.8533117429016543,0.9338549253147788,0.9238799558250632,0.8198775277151973,0.8967198703210439,0.87474215156705,0.9185538958319137,0.9453068780840739,0.908025487041374,0.9453068780840739,0.9453068780840737,0.8587660956447001,0.9488335374664887,0.8492101642117766,0.926270021131592,0.8188365372042745,0.9106019687464653,0.9106019687464653,0.8592937600878986,0.9599453718988955,0.923879955825063,0.9679401264121574,0.8726048063629355,0.9287243013130126,0.6816331266237832,0.8804415508981578,0.7645784044958566,0.7317588282505751,0.9262700211315917,0.8691450109335102,0.8830688616383843,0.8588186696017395,0.9422586572762626,0.9025045192170256,0.9044839950643899,0.983800678449665,0.9262700211315917,0.7164349741463436,0.6202422556405748,0.9044839950643897,0.718179779185901,0.7484291696442609,0.7284947426457358,0.9338549253147788,0.7418773163314569,0.8192793116817607,0.7029395012872655,0.8952738638064288,0.9451809453601019,0.9467724510290407,0.9453068780840739,0.9000633438867531,0.9739353004390978,0.929481539766365,0.8844226815711155,0.7660482226484917,0.8587660956447003,0.6314605708137919,0.926270021131592,0.9238799558250632,0.7707675179901414,0.5603095952804967,0.9298859761394196,0.6758074104501155,0.6611740409694007,0.9262700211315917,0.6929925529983973,0.5066641765483857,0.9207523226987695,0.9262700211315917,0.767624924449058,0.9599453718988953,0.9393458182324887,0.9064920176718159,0.9238799558250632,0.5420136071251359,0.9005517611723419,0.877866018481003,0.9323299983666007,0.9280597631564667,0.8226854885101816,0.6266174226986838,0.9262700211315917,0.9299272112436057,0.9262700211315917,0.9393458182324887,0.7500297475261815,0.832114458921823,0.9453068780840739,0.8929765886287626,0.6684399186066705,0.8620024941098832,0.9539981797161425,0.9262700211315917,0.8205382833751697,0.7822106174117491,0.7727477386878434,0.9593818128282501,0.9390586815258848,0.6451062339004482,0.8911350110320606,0.8893119774375078,0.8787105864554914,0.8445028511200348,0.6817108277189203,0.8787105864554914,0.24810125186690557,0.933854925314779,0.43253831064770965,0.8787105864554914,0.9453068780840739,0.9005517611723417,0.9287243013130126,0.9133097729050923,0.9701956444682691,0.9229863666545894,0.9044839950643895,0.8429423482710732,0.5023438177529196,0.9451809453601019,0.8752860258231276,0.8986240534007519,0.9701956444682691,0.9910116109880955,0.8514689000965334,0.8875064656813965,0.8640645859704288,0.7581058089268595,0.8719071805898531,0.6644558694825604,0.9347829309054405,0.9778748351992477,0.9671595166054914,0.9407914522535386,0.9416339200957938,0.8948378117301918,0.8946257911893255,0.8832252198427535,0.9338549253147788,0.936549554387319,0.9367457305359568,0.8929765886287624,0.8674509046641694,0.9121513639211623,0.8911350110320613,0.8979373700698488,0.9732023243541322,0.8893119774375082,0.8830688616383839,0.9789403022297661,0.8717703152872653,0.9039991152692111,0.8555570364268277,0.9083585068327505,0.9912425166211662,0.7650499449422892,0.9408607629551926,0.9005517611723408,0.9192692664872613,0.8929765886287624,0.8814270131992576,0.9326842802354414,0.8773827111874647,0.9127085925971725,0.9924720215011427,0.923879955825063,0.8556136720879399,0.8469937143313191,0.9312498291554214,0.9287243013130126,0.8606368814689074,0.8948378117301916,0.982045156274965,0.8749450670155865,0.8016068306706878,0.8524058874227003,0.943204091568967,0.9666307012815272,0.7778492225035787,0.981516734621835,0.9726698814889383,0.9312498291554214,0.7955004339598502,0.9044839950643897,0.936549554387319,0.8445028511200348,0.9025045192170256,0.9287243013130126,0.9422586572762626,0.8589563765519364,0.9393458182324887,0.9462425527384173,0.9912425166211665
p203_Y,0.8851211507720569,0.9673074603196744,0.7469859350282753,0.9425114327004684,0.9623211158059548,0.9720496894409938,0.896697527375475,0.9272418419559989,0.9286491105644255,0.9704919301607369,0.9553906988562064,0.9610996995613952,0.9610996995613952,0.7554454597416757,0.957918165957411,0.9149900225490739,0.8815382336298224,0.8505593707792999,0.9690033562225546,0.9704919301607371,0.9165661374366314,0.9543141322095119,0.9522137875062904,0.9635753483468394,0.953255582527178,0.9491780856091547,0.5621016171855959,0.9380163966266188,0.9704919301607371,0.9066147857307759,0.9443657603723179,0.9661972965770262,0.964434201439255,0.9397924012017989,0.9623211158059548,0.9690033562225546,0.8578089524354392,0.6525857425357664,0.9720496894409938,0.7232987552930357,0.9253688519211307,0.9501760208500687,0.9720496894409938,0.9354001807590553,0.9587434581480645,0.8330390566949093,0.9648659912110238,0.9261840328635953,0.9481929520311925,0.919737437035689,0.9661972965770262,0.8299601563861477,0.9491780856091547,0.9564866901437921,0.9576036838348732,0.9472198404849024,0.9472198404849024,0.9623211158059548,0.9937579514516801,0.8762593501599865,0.9303105872741888,0.913455172226983,0.9491780856091547,0.9253688519211307,0.9675743567407264,0.8697688980991498,0.9661972965770262,0.8931449617140894,0.9106359140503811,0.9690033562225546,0.7600799150447407,0.9481929520311925,0.9623211158059548,0.8714375301735615,0.9623211158059548,0.9917593122917417,0.9543141322095121,0.9553906988562064,0.9454454968314661,0.9720496894409938,0.9553906988562064,0.9511876099263499,0.7403975775726696,0.9491780856091545,0.9623211158059548,0.7730110731649057,0.9543141322095119,0.9301516024075414,0.9213345015882413,0.9610996995613952,0.9623211158059548,0.8422078287242853,0.8929884899833643,0.9331723329592956,0.9453068780840737,0.9764578705634923,0.8466701762570731,0.9904486487301195,0.9044879070278153,0.8655480930335329,0.9233710276669695,0.9648659912110236,0.6046333748805415,0.9817050998145616,0.9901199804948463,0.9690033562225546,0.805076845978226,0.8496516619740195,0.953255582527178,0.8730956945148614,0.7842878470264196,0.9140895174328348,0.9551288496473618,0.932833950574053,0.8505410419770534,0.974838528146068,0.9564866901437921,0.9690033562225546,0.9720496894409938,0.8947109826062525,0.9354001807590553,0.8551218848344515,0.6885869595213392,0.9443657603723179,0.9491780856091547,0.8185746204202073,0.8578089524354392,0.9802655900904539,0.8705865822009817,0.9371382816751241,0.9056153321941813,0.9648659912110236,0.9661972965770262,0.9720496894409938,0.9587434581480645,0.8360533776976244,0.9102896363632473,0.7469130923202991,0.9661972965770262,0.9599080294518358,0.8821875241906421,0.9704919301607369,0.9080857823028665,0.9223296501433531,0.8974634348968703,0.9336842693103169,0.9684455580859814,0.8828532941996559,0.9481929520311925,0.9324920272806523,0.9704919301607369,0.9303105872741888,0.8203004969566803,0.9568784918748878,0.9661972965770262,0.9481929520311925,0.9706728171285299,0.7288789191009565,0.8939283999593048,0.8091442663111565,0.804725297579278,0.9428375253830147,0.9511876099263499,0.8907614131129442,0.9237472579920247,0.777031204531865,0.8970542565865078,0.9253688519211307,0.9453068780840737,0.9156811575686241,0.9425114327004687,0.9610996995613952,0.9472198404849024,0.8404607554034045,0.9322652690737792,0.7798729832649693,0.9690033562225546,0.9040598105946911,0.9406910117203193,0.8992960027516225,0.9345395918631996,0.9173564091624518,0.9472198404849024,0.9610996995613952,0.9781496244714993,0.7829046555068864,0.8947109826062525,0.9270023539448378,0.956486690143792,0.811816776192263,0.9599080294518358,0.9286491105644255,0.8645116474237171,0.8440565830183067,0.9650762806974961,0.9623211158059548,0.9635753483468394,0.7124267297718097,0.9261840328635953,0.9560373517862557,0.919737437035689,0.9610996995613952,0.9623211158059548,0.987877546040212,0.8440565830183067,0.9704919301607369,0.9623211158059548,0.9681858530496634,0.9935264355112596,0.9917593122917417,0.9828796715723791,0.9294779121965993,0.9610996995613952,0.9623211158059548,0.9750176878081551,0.9623211158059548,0.8981372237870209,0.8839998380738072,0.9269253568565106,0.9623211158059548,0.9802655900904539,0.9623211158059548,0.9877851806018296,0.9633423340760361,0.7770312045318649,0.995882341907524,0.9648659912110236,0.867427860856631,0.9599080294518358,0.9522137875062904,0.9543141322095121,0.9650762806974958,0.9950448685899995,0.9980634982842684,0.9661972965770262,0.9752737206364959,0.9662615489004196,0.9788715516976696,0.9778525174284827,0.9935264355112594,0.9371382816751241,0.9587434581480645,0.8091442663111565,0.9599080294518358,0.9623211158059548,0.9278239868212361,0.9623211158059548,0.877639547048157,0.8373091029803345,0.9661972965770262,0.9462580354121288,0.867427860856631,0.9635753483468394,0.9362663130722397,0.9034814342922285,0.7440905811743812,0.9553906988562064,0.8970542565865078,0.9648659912110238,0.7927050158447807,0.9048375041252172,0.8844523283713124,0.9610996995613952,0.9675743567407264,0.8568976243014226,0.9720496894409938,0.8763826688608698,0.9152405383832365,0.9501760208500687,0.9470898955447689,0.8739809654388537,0.9661972965770262,0.9277544613703692,0.9617356707276222,0.8353231768642488,0.9690033562225546,0.8730956945148611,0.9920754410433736,0.9511876099263499,0.8703794419104351,0.9690033562225546,0.930456413254503,0.8999600766760718,0.9675743567407264,0.9245566463845685,0.9425114327004684,0.5736515917591671,0.9397924012017989,0.8568667102675336,0.9599080294518358,0.9648659912110236,0.9428375253830147,0.8129560940834346,0.9690033562225546,0.8505681838601356,0.9331723329592956,0.9930547404043361,0.9566846215389861,0.9690033562225546,0.8644606804686435,0.9861053894336532,0.876259350159987,0.7469130923202993,0.8532920118076435,0.9245566463845685,0.9648659912110236,0.9481929520311925,0.9380163966266188,0.9766480817697785,0.932833950574053,0.9142039648291602,0.9232596065784799,0.855850722618166,0.9170249213338444,0.8340402924414354,0.9704919301607371,0.968443942145051,0.9704919301607371,0.9397924012017989,0.9371382816751241,0.9597652650781769,0.9648659912110236,0.9623211158059548,0.966197296577026,0.9190333185494638,0.9173135519831483,0.9690033562225546,0.9675743567407264,0.9610996995613954,0.9623211158059548,0.9751129258825253,0.9690033562225546,0.9137336093857831,0.9579181659574111,0.9837029979941456,0.9511876099263499,0.9661972965770262,0.8763826688608698,0.8568976243014228,0.9751129258825254,0.9576036838348734,0.8419009527071729,0.9648659912110236,0.9980634982842684,0.8753236120931845,0.9564866901437918,0.987883051676453,0.9137336093857831,0.8632968247935924,0.9436654046332618,0.8724792971491389,0.961397387740879,0.9610996995613952,0.7600799150447405,0.9930547404043362,0.8944675982845545,0.8577507109035436,0.8681911647089423,0.9623211158059548,0.9322652690737792,0.9389009867184677,0.9406910117203195,0.8882462492115563,0.9704919301607369,0.8852493927538767,0.9623211158059548,0.9623211158059548,0.9481929520311925,0.9801025842096873,0.8152082526732528,0.9623211158059548,0.9704919301607371,0.9623211158059548,0.9425114327004686,0.9237472579920247,0.8440565830183067,0.8644606804686437,0.7506295000818888,0.8995793727310532,0.8529504398229275,0.8411492750857319,0.9623211158059548,0.9980955800828026,0.9380163966266188,0.8714783961680888,0.87347572253113,0.9341913284130112,0.8395804738396505,0.9648659912110236,0.8487307132759607,0.9623211158059548,0.8140963117651727,0.9840677331869968,0.9781496244714996,0.8942337378335058,0.9635753483468394,0.8542772224254336,0.9644342014392548,0.9623211158059548,0.9229405345355657,0.9301516024075412,0.9623211158059548,0.9953786045233856,0.9656152610259836,0.9619064228844956,0.8717933901085881,0.8532920118076435,0.9623211158059548,0.8734757225311299,0.8931449617140894,0.933047051418352,0.8672683036808264,0.8339037580781801,0.931147340525424,0.9319883865480125,0.8327425778329425,0.8505410419770534,0.9741037694931156,0.9157773781681391,0.9522137875062904,0.8907888642207369,0.9063933734589966,0.7947295947547655,0.9522137875062904,0.8425429626878574,0.7170510083716032,0.9623211158059548,0.9273614004407342,0.8703794419104351,0.9368488853021562,0.9553906988562064,0.9462580354121288,0.9599080294518358,0.9627267578789453,0.9471168020443,0.9599080294518358,0.9700351664034114,0.7778515786059423,0.9564866901437921,0.8667814570018794,0.9286491105644255,0.9690033562225546,0.8860449046541112,0.9704919301607371,0.9564866901437921,0.9071885561788838,0.8898284922288977,0.9726326202607706,0.9704919301607371,0.8514803618114823,0.995006876394922,0.7945968818762804,0.9501760208500687,0.9543141322095121,0.9190333185494638,0.9648659912110236,0.9397924012017989,0.9752737206364959,0.9970644018597343,0.8416726321970069,0.9249165419327742,0.9700351664034114,0.9443657603723179,0.882673765562921,0.8312943488564517,0.863030433910728,0.72181992540771,0.9756474243794322,0.9189419416378726,0.9970799457879603,0.9511876099263499,0.9522137875062904,0.869400225871045,0.9553906988562064,0.9481784169066947,0.9511876099263499,0.8373091029803343,0.8174671235160884,0.7582445585710914,0.9156811575686242,0.9444890139785416,0.7730110731649057,0.9249165419327742,0.9690033562225546,0.93589375114032,0.919737437035689,0.9675743567407264,0.9380163966266188,0.641960771296653,0.9587434581480645,0.9661972965770262,0.9690033562225546,0.9443657603723179,0.9375052465127016,0.9354001807590553,0.9547434413197933,0.9610996995613952,0.8689304945061072,0.983902503224694,0.9587434581480645,0.8791214387104955,0.9623211158059548,0.9675743567407267,0.9623211158059548,0.9623211158059548,0.8655480930335329,0.9522137875062904,0.9980634982842684,0.9623211158059548,0.8586309929616847,0.8796338709830263,0.9935264355112595,0.7440708737294037,0.9118525638325781,0.9186263852882658,0.9684439421450509,0.9278239868212361,0.8812473067855704,0.9576036838348734,0.9157773781681391,0.9675743567407267,0.9389009867184679,0.9096354174340288,0.8931449617140894,0.9443657603723179,0.9576036838348732,0.9599080294518358,0.936630786293752,0.9675743567407267,0.8816059553592408,0.8505410419770534,0.9261840328635953,0.9543141322095119,0.8462222865742862,0.9774873843362967,0.8876315196146514,0.6282549478611406,0.9303105872741888,0.9522137875062904,0.9406910117203193,0.9648659912110236,0.9543141322095121,0.8578089524354395,0.9362663130722397,0.9349923761154102,0.9220202535048391,0.9661972965770262,0.8939283999593048,0.9587434581480647,0.8664029368341126,0.9181483053976589,0.9610996995613952,0.8343249892961562,0.9453068780840737,0.0,0.8434948191248515,0.9259593348757931,0.9278239868212361,0.8833079980022117,0.9543141322095121,0.931147340525424,0.8610915488041753,0.9623211158059548,0.8425429626878574,0.9380163966266188,0.9623211158059548,0.9386599233384809,0.9543141322095121,0.9599080294518358,0.7403975775726696,0.9521664397849134,0.7665908998640587,0.8550872530468148,0.9704919301607371,0.8174671235160885,0.9553906988562064,0.9009488545209476,0.9599080294518358,0.9576036838348732,0.9826888816980899,0.9500854106526051,0.9511876099263499,0.9487990223782053,0.9558737393033803,0.9519158313359334,0.8986133813304025,0.6523099192209136,0.8747439046690526,0.8970542565865078,0.9443657603723179,0.9704919301607371,0.953255582527178,0.9635753483468394,0.9232596065784798,0.9788715516976696,0.9205349146293753,0.9610996995613952,0.8525660270333191,0.8419009527071729,0.9137336093857831,0.9102896363632473,0.9648659912110236,0.7730110731649052,0.9380163966266188,0.9819567482913831,0.9776569049810195,0.9936310971469995,0.9751129258825254,0.9245566463845684,0.9553906988562064,0.9610996995613952,0.9661972965770262,0.9720496894409938,0.9623211158059548,0.9980634982842684,0.9001706985868914,0.8944675982845545,0.6466395413006416,0.9623211158059548,0.9134191021410438,0.9003297966785492,0.9303105872741888,0.9425114327004684,0.9684439421450509,0.7945968818762801,0.9118525638325778,0.972801702174005,0.9899835764925832,0.9303105872741888,0.9295543723444597,0.8917796293119393,0.9675743567407267,0.7148430590437305,0.9472198404849024,0.9428375253830147,0.9371382816751241,0.9720496894409938,0.9462580354121288,0.5485941093836324,0.7995169082125599,0.9564866901437921,0.7939618958188408,0.9510697823313443,0.9619064228844957,0.9486052736174679,0.9690033562225546,0.9623211158059548,0.9543141322095121,0.8282072461373996,0.8532920118076435,0.9610996995613952,0.9381728330554157,0.9587434581480645,0.9610996995613952,0.9610996995613952,0.9397924012017987,0.9623211158059548,0.9587434581480645,0.9105871713767661,0.9623211158059548,0.9511876099263499,0.8444600220493923,0.9690033562225546,0.8505410419770534,0.9675743567407264,0.9635753483468394,0.9610996995613952,0.8899039344946591,0.8947109826062525,0.9522137875062904,0.9214866072600052,0.9623211158059548,0.9633423340760361,0.9428375253830147,0.9511876099263499,0.8841704956632956,0.6954751870494928,0.9690033562225546,0.9635753483468394,0.9532555825271782,0.8373091029803345,0.7602184511116358,0.9623211158059548,0.9371382816751241,0.7600799150447407,0.9443657603723179,0.8804415508981576,0.9553906988562064,0.9273614004407343,0.9481929520311925,0.9428375253830149,0.7523216832789559,0.8828532941996556,0.9623211158059548,0.9623211158059548,0.9968554189197796,0.9704919301607369,0.8853148682227655,0.8815382336298224,0.9553906988562064,0.9080857823028665,0.9599080294518358,0.9195175599669801,0.8774187727774527,0.9623211158059548,0.9623211158059548,0.9362663130722397,0.8155659548675029,0.7658906239201637,0.8059290360431441,0.8852493927538767,0.8717933901085881,0.8433272776210027,0.8514803618114823,0.9819567482913829,0.8990495743347309,0.9623211158059548,0.9764578705634923,0.8425429626878574,0.9720496894409938,0.9316997575412949,0.9690033562225546,0.8747439046690524,0.9623211158059548,0.9623211158059548,0.8323106849540618,0.8644606804686435,0.8754555700857669,0.9543141322095121,0.8186237669479577,0.9253688519211307,0.9899835764925832,0.9249165419327741,0.8771986663044034,0.9090788265899079,0.9623211158059548,0.9500854106526051,0.8646949616010216,0.9635753483468394,0.9690033562225546,0.9620090329381987,0.9164242785884129,0.7411230364928669,0.9389009867184677,0.9635753483468394,0.980521950957451,0.9623211158059548,0.8714375301735615,0.9458638372348818,0.9253688519211307,0.9642124801236271,0.8466224143039983,0.9564866901437921,0.9294779121965993,0.9049746878294581,0.9675743567407264,0.9025045192170253,0.9395833630597998,0.9587434581480645,0.8124598227993507,0.9970799457879603,0.9491780856091545,0.8612502633673054,0.9661972965770262,0.9610996995613952,0.9079504174811015,0.9880755935910335,0.7809209491441989,0.8794090632343589,0.9720496894409938,0.780920949144199,0.9720496894409938,0.9720496894409938,0.9278239868212361,0.9996437898601822,0.9229405345355655,0.9623211158059548,0.9209839463193068,0.9543141322095121,0.9543141322095121,0.8141668506447515,0.9576036838348734,0.9610996995613952,0.9472198404849022,0.9213345015882413,0.9635753483468394,0.9487990223782053,0.9389009867184677,0.8689304945061072,0.8898284922288976,0.9623211158059548,0.8422078287242853,0.9623211158059548,0.8440565830183067,0.9704919301607369,0.9501760208500687,0.9511876099263499,0.9431095860977792,0.9623211158059548,0.8550872530468148,0.8434948191248514,0.9511876099263499,0.8559789162214912,0.8714375301735615,0.8612502633673055,0.9381728330554157,0.9062891462589933,0.9250632826893765,0.8935446993031986,0.9968303829711529,0.9774873843362968,0.8786263380561987,0.79951690821256,0.9522137875062904,0.8644606804686435,0.8772548611812419,0.9861053894336532,0.8804415508981573,0.9278239868212361,0.8764852160382742,0.9623211158059548,0.9610996995613952,0.9223798585420755,0.8533117429016541,0.9793327104118377,0.8714783961680888,0.8909834669250039,0.9623211158059548,0.8803341432771286,0.9824060674218802,0.7554454597416757,0.9623211158059548,0.8812473067855704,0.9576036838348732,0.9690033562225546,0.9522137875062904,0.9610996995613952,0.9658737650974747,0.9840677331869967,0.8302521805592438,0.9880755935910336,0.9319883865480125,0.9522137875062904,0.836355248893291,0.9623211158059548,0.9462580354121288,0.9623211158059548,0.9690033562225546,0.8516122444825636,0.9142039648291602,0.9720496894409938,0.9453068780840737,0.8094833764446481,0.929477912196599,0.9425114327004684,0.9623211158059548,0.9143480251080162,0.9435331078267024,0.8283954260570916,0.9443657603723179,0.9371382816751244,0.9381728330554158,0.9443657603723179,0.9434341193662401,0.9380163966266188,0.9205349146293753,0.8909834669250039,0.9380163966266188,0.9970799457879603,0.5556533515851831,0.9930547404043361,0.9380163966266188,0.9720496894409938,0.9491780856091547,0.9635753483468394,0.9930547404043361,0.6181160048445469,0.9953786045233857,0.9511876099263499,0.8422078287242853,0.9935264355112594,0.9522137875062904,0.9362663130722397,0.9861053894336532,0.9610996995613952,0.9543141322095121,0.8603806964337217,0.7554454597416759,0.927002353944838,0.8763826688608698,0.9892552360381515,0.9319883865480125,0.7232987552930359,0.9635753483468394,0.9648659912110238,0.927002353944838,0.8857893504540394,0.9462580354121288,0.9262251883972953,0.9732682917366108,0.9661972965770262,0.9330470514183522,0.99354891040716,0.9453068780840737,0.8448966559165226,0.9389009867184677,0.8696248121856338,0.9313600044484991,0.6885869595213391,0.9434341193662399,0.9623211158059548,0.9179169809832546,0.8686209035320767,0.7883396103423302,0.9261840328635953,0.8884227473641773,0.9675743567407264,0.9397924012017986,0.9079504174811015,0.9840677331869966,0.8815382336298225,0.9453068780840737,0.8750116732174092,0.9048375041252172,0.896304586561572,0.6717386274418826,0.9241680908937377,0.7022728639633585,0.9134191021410438,0.9027115151432653,0.9648659912110236,0.9471168020442999,0.9157773781681391,0.9462580354121284,0.9648659912110238,0.9245566463845682,0.9405097243761413,0.8991272068015779,0.9581756603540754,0.9599080294518358,0.9919152034643681,0.979765804114769,0.8679857536730304,0.9648659912110238,0.9368211999004499,0.9107192181558881,0.9675743567407267,0.9205349146293753,0.5068861322815448,0.9635753483468394,0.9704919301607369,0.8551218848344515,0.9690033562225546,0.9442656624968065,0.9675743567407267
p204_Y,0.645338782506242,0.7730606054602875,0.44270268728329265,0.8392524589836743,0.8343356316982855,0.8059290360431441,0.9243955209841738,0.9942122546682377,0.6323463954585369,0.8479521653438946,0.7883680341234209,0.799556308447807,0.7995563084478069,0.6008322823903776,0.9317121210925716,0.9853805413611496,0.8448662440139756,0.6471217056732823,0.9211192409449183,0.8308063456911845,0.5735968154829241,0.7308377857119486,0.8300484872778489,0.8710592812792087,0.7225525935791479,0.7381271605259614,0.7135381794836075,0.7368460910473738,0.8308063456911845,0.9424106435468447,0.7949015697835395,0.8572755626114628,0.7569075950991146,0.8622528960791387,0.8343356316982855,0.8529481410826933,0.7764613417359434,0.7056242388070868,0.8559789162214919,0.6618907255388642,0.49821768209907713,0.7432692756603829,0.9311104823849057,0.7034777077129077,0.8711318569200492,0.37221467039942224,0.7864057866094469,0.6196444556599667,0.6402815017801007,0.5864267310891792,0.8887281516764465,0.2649672460278092,0.7381271605259614,0.7757866041934978,0.8584672327106705,0.6760873335642719,0.8676188606210478,0.8058499662916013,0.8648749533407989,0.7216242962744106,0.6409075767701964,0.698352958633079,0.957681136883375,0.7936637785566021,0.7748548864613385,0.6566133448247138,0.8596511358036816,0.5705776768667514,0.5965646218538685,0.8529481410826933,0.5944844741718232,0.6402815017801009,0.86282129710497,0.3501923886436822,0.8058499662916013,0.5520562980271451,0.7788920968928248,0.7638406599269405,0.5259568300736343,0.8059290360431448,0.8927761013223361,0.7973308992532124,0.9510312382273374,0.8666756820306956,0.8058499662916013,0.5757634113106866,0.971109341616331,0.722383718140446,0.8801216717460757,0.7995563084478072,0.8058499662916013,0.4896802960717217,0.46132808374109135,0.6332818726742112,0.7595284020092468,0.6857845581955859,0.46260907293644493,0.45126576102992044,0.34916553981167786,0.41979614499834494,0.6973686143483588,0.7864057866094465,0.7383793872014479,0.7973397986872863,0.9707114672964413,0.7847770412204684,0.521926528615317,0.3358849767892639,0.7591375004288965,0.42221184875437767,0.43316221954036616,0.9219085424782569,0.5345411756190221,0.6396094839650974,0.7864057866094469,0.4529983924866031,0.8733167810927795,0.8402819095372958,0.8059290360431435,0.4845693284327034,0.7943394728925295,0.545837380222463,0.6989930523976955,0.9807777980692294,0.8447202843949542,0.6413833807648377,0.7470880603205394,0.6474387982424445,0.9513315692601683,0.713181047457008,0.5136589942079035,0.7864057866094465,0.7652933686087298,0.8559789162214914,0.7398037923896812,0.5698906385153442,0.5817372203731359,0.7967459576737135,0.7967459576737135,0.820358135051938,0.43820369828958605,0.7951128469173034,0.6566133448247138,0.46714639903654187,0.6347623427094247,0.6582913314924024,0.7323558933862937,0.4093720602441222,0.7330510092157587,0.32142956363846964,0.7951128469173043,0.6581111651460926,0.7292975693424488,0.8322244077070389,0.9225563139336497,0.7546602329745219,0.7626678626494354,0.6676032144884978,0.7505691108493666,0.6819354029885112,0.9955165308295298,0.8167620273274685,0.7519121637439459,0.3303153745888565,0.5514539806307988,0.5883654477777838,0.7432272954835626,0.5966997142515862,0.8063110583456288,0.5265711250104048,0.7995157628847918,0.7298985716672586,0.8770057699699195,0.9406151453045025,0.9230987927998356,0.6781700983713495,0.8529481410826931,0.7037796283645912,0.8014770661288289,0.7801396207935505,0.878649785913843,0.7894718332327704,0.8676188606210475,0.7995563084478071,0.6382074673774416,0.5415847070265709,0.5523137504025153,0.6738417890065835,0.7757866041934975,0.9292300415980934,0.8473003449739172,0.7846534581659512,0.3102377421070348,0.38019434811478137,0.79573987215326,0.8058499662916013,0.8123127184484012,0.8832775558062886,0.6361794812938715,0.42244284610850547,0.6960411515955125,0.8549145578460347,0.8058499662916013,0.4213240908025522,0.4169408411783685,0.8479521653438947,0.8058499662916013,0.6058563927136515,0.7317270668537128,0.6572548497159798,0.5614863789134865,0.5273959339074629,0.7298985716672579,0.8058499662916013,0.5840416144396516,0.8058499662916014,0.6407007002875732,0.4022796632680159,0.38394937313620847,0.8058499662916013,0.8051983603797372,0.8058499662916013,0.6323464378223291,0.9228372642677358,0.5696213238562602,0.3753207381277608,0.7560495458914245,0.2231969258216432,0.7934159251299584,0.7606847995947024,0.7645919468888489,0.7225596533216541,0.5862315375463749,0.6777794731737723,0.7967459576737135,0.6482713725791804,0.6757080281483125,0.7339041165472415,0.7132727625503696,0.9171872608207574,0.6760890086635989,0.7874151753009924,0.4399833625155378,0.8473003449739174,0.8058499662916013,0.6448842394104553,0.8058499662916013,0.8486441585560008,0.7675304094352664,0.8258229735464788,0.8489013610745821,0.21097630711665105,0.8123127184484011,0.6715959686688167,0.6754335112162426,0.4639976883024328,0.8864775309093422,0.4695458747946538,0.8189630840562676,0.49556869247283286,0.8224250669901809,0.4046112346081039,0.7995563084478072,0.8982897074803418,0.4360097747542724,0.8559789162214919,0.708098974227587,0.6953186515383452,0.8548766696141696,0.901915483179615,0.48501513888667525,0.8572755626114629,0.5001712497595188,0.5447829160595865,0.5302999662691512,0.7847770412204684,0.34609329032162095,0.9102184858620092,0.7519121637439459,0.8596714363812277,0.7847770412204684,0.9654294646872914,0.4388807518958353,0.9709681300963304,0.5413485586623559,0.6604373265387016,0.7560495458914245,0.8119366988083401,0.28720312638141954,0.7216242962744108,0.7560495458914247,0.8471182680454905,0.12228272600559154,0.7847770412204689,0.5620143623653414,0.47220652138171537,0.40973935745641654,0.8879231064020024,0.989290340807143,0.7383793872014479,0.7699368443326817,0.7216242962744119,0.859651135803682,0.2810207482451442,0.725331001371541,0.7864057866094465,0.6618907255388649,0.6806137192828037,0.31030513865769116,0.6715718646439408,0.587995397180263,0.789654871710034,0.6536434614265647,0.6408826448989322,0.47308746172117,0.8664998444650647,0.6831154163610085,0.9021933432389448,0.8119366988083403,0.7131810474570083,0.5689614171557682,0.8189630840562674,0.8058499662916013,0.8258229735464779,0.9974638211641942,0.6471217056732832,0.7847770412204684,0.9636607886920054,0.7852568210654853,0.8058499662916013,0.8403502994864105,0.8402819095372956,0.9186263852882657,0.7178008789629935,0.5680771053164899,0.6837840604800465,0.8258229735464787,0.4141515523750232,0.14422196742870552,0.887469381849316,0.7815421982726286,0.24588239565656655,0.8189630840562676,0.7855916242879573,0.20441673282847228,0.7757866041934975,0.6582913314924024,0.8434948191248515,0.20184906600570962,0.6202835193303864,0.2247844986443448,0.7135381794836078,0.7995563084478073,0.8692153143308545,0.6516913979293892,0.2624693214576592,0.2794033042535031,0.07895330971693726,0.8058499662916013,0.4948455926609612,0.7609733120407717,0.6657504099531124,0.8789694806357344,0.8479521653438945,0.4349078256579447,0.8058499662916013,0.8058499662916013,0.7330510092157585,0.7000384233284989,0.39669760536231546,0.8058499662916014,0.8664998444650647,0.7383793872014481,0.8193841109342328,0.4705445896710141,0.3556966860723896,0.7953507180148167,0.6072388906560862,0.8029192524832629,0.1487465343853347,0.2598812222948341,0.8058499662916013,0.4175726238747264,0.62585369562083,0.2807343600216876,0.31545959404620694,0.7883589130609647,0.7794988784996169,0.7560495458914247,0.22054652772442562,0.8058499662916013,0.11581264979539885,0.8666756820306953,0.8692865344679224,0.5693930149190287,0.812312718448401,0.18122176453248073,0.7056242388070868,0.8058499662916013,0.6190026319968613,0.3890875452523703,0.8058499662916013,0.8896499359970272,0.706704628293191,0.4206049097434037,0.09845334626874247,0.24404977848735987,0.8058499662916013,0.9143355228538323,0.6513613023041513,0.8729115082788343,0.8216803550614233,0.5969281518897994,0.6625702921816665,0.6495528642445088,0.49708541636593573,0.7560495458914249,0.7253310013715412,0.5660215206094175,0.7606847995947024,0.4506056632233473,0.7226991821805151,0.3621513417931559,0.7768906158509865,0.7652933686087295,0.7129878985805065,0.8058499662916013,0.8870336910138059,0.643088291025568,0.7326145837816297,0.8191939787328957,0.9623678861544243,0.793415925129959,0.9092452152042859,0.9820743116437718,0.7934159251299587,0.8374227825163816,0.8238363834215012,0.7981246493684109,0.4210952503565051,0.6907333258418413,0.8402819095372956,0.4128173889463337,0.8479521653438945,0.87604277982599,0.8762909457332801,0.6826991142951968,0.8269464080737015,0.8308063456911847,0.6701459410104889,0.7743343388904207,0.9751155868854848,0.8771981484049269,0.8029192524832638,0.5827985815099255,0.9988994716356003,0.8502673347039309,0.9765448130875445,0.9328088696050092,0.8427496347624792,0.795994420807945,0.7946666045364156,0.7133304308209105,0.6413262865458631,0.5095127396832188,0.5956397754939522,0.9761943085443441,0.750049615189091,0.6083764196675809,0.723643883928617,0.7484817456541228,0.823133074306418,0.08550662725859937,0.8437213529293758,0.5289563572159066,0.7484817456541228,0.6933463318484487,0.709571812999836,0.7864057866094467,0.936543835925185,0.5363880575663296,0.7463168253060259,0.7303397327062724,0.8402819095372956,0.8129032465630286,0.7117003545249887,0.8729115082788346,0.9257596783652051,0.7923350182018281,0.7135381794836082,0.8572755626114628,0.8402819095372958,0.6341004574780569,0.1394195878549387,0.5514558178141913,0.7298985716672579,0.7298985716672575,0.38754534798045825,0.9054861327953309,0.8399464011131401,0.3818795187276687,0.8058499662916013,0.8075404270671709,0.8058499662916013,0.8058499662916013,0.3072023541019907,0.7537693866232712,0.6011182013825911,0.8058499662916013,0.27156023675059626,0.3797829074331155,0.7131810474570084,0.7754530044140036,0.41757262387472593,0.39537140724150843,0.8261173815817662,0.6280947355174205,0.3880965457520492,0.8584672327106707,0.9157492821845741,0.8329186262686781,0.7230725533751408,0.42031439792422076,0.48979405142935173,0.6137076727373993,0.8841089108566849,0.8742425548958968,0.6734740096394027,0.8075404270671704,0.5292276691527431,0.7560495458914249,0.7024194933499377,0.7886191024792866,0.9442300212690142,0.7375635703669867,0.5133676537101927,0.6273633375899617,0.6409075767701969,0.753769386623271,0.7719534430332047,0.8189630840562676,0.7886191024792872,0.805834623151348,0.8511589969447997,0.4669450129455468,0.3825057084919723,0.825822973546479,0.6011472367990442,0.7874151753009931,0.8287818187384571,0.4316686664556595,0.8682941951628267,0.24407518122486682,0.6202422556405749,0.8434948191248515,0.0,0.45220086296026774,0.6280947355174198,0.19726373896739302,0.7068106301215105,0.6625702921816667,0.8326313305257845,0.8058499662916013,0.7652933686087295,0.7743343388904204,0.8343356316982856,0.4904647265874922,0.7886191024792863,0.8742425548958969,0.7236138126989382,0.3085428187182129,0.8531697165055647,0.2533002155572285,0.8308063456911841,0.1943832643617982,0.7946666045364152,0.5035456497505071,0.793415925129959,0.9107576639752013,0.6218302126685231,0.7304383706418573,0.7064934282346798,0.5548489197448356,0.6449189418176389,0.23537846714741972,0.47757966157092424,0.6969447911215674,0.3927824285873225,0.32625587417414703,0.7133304308209116,0.9021933432389448,0.8167907583049581,0.8123127184484009,0.37645464937188144,0.7288317588756309,0.6062937101217806,0.7995563084478075,0.2689632434805115,0.19400129884437112,0.8810606022065588,0.6257299054880046,0.9100318062103332,0.7084160666403951,0.6633419434638772,0.7656581909429558,0.7571429987587599,0.6341004574780569,0.8298161239732539,0.9697711480269091,0.7147859115339796,0.8272354331469209,0.7967459576737135,0.8810606022065586,0.8058499662916013,0.7664263063401615,0.34848222405818885,0.4603397608477413,0.5881923207098456,0.8058499662916014,0.6436383302902124,0.19656888817952067,0.6409075767701966,0.9187258511814396,0.5045802491994433,0.45836189021276885,0.6050338856633961,0.9740506606826038,0.6478166315361031,0.9117991254565094,0.4556768231640057,0.5461228933907032,0.7748548864613389,0.5156405659377847,0.8463375798369615,0.9078307494815345,0.6562542930550397,0.8434948191248504,0.7650210265096962,0.7216242962744122,0.8059290360431439,0.6978684737359191,0.803775018268789,0.7668650526081322,0.7976123305251998,0.40428142241460785,0.8402819095372956,0.8058499662916012,0.8126462580697251,0.13924163111105026,0.26869709165921607,0.7995563084478073,0.8281985467386976,0.7874151753009925,0.7995563084478073,0.7995563084478072,0.7089303524967752,0.8058499662916013,0.7874151753009925,0.7319748180712855,0.8058499662916013,0.6610746927254132,0.7484468537905573,0.8402819095372958,0.7560495458914249,0.8656041668745097,0.8123127184484011,0.7995563084478075,0.21984161002376124,0.47102044403874066,0.7537693866232711,0.392238813023296,0.8058499662916013,0.5219265286153172,0.7864057866094467,0.7519121637439459,0.3581822418456243,0.56277396734172,0.7847770412204684,0.8352079045667513,0.7591375004288966,0.9344445840056068,0.9110289230307687,0.8238363834215006,0.8244571638372351,0.6729789999315463,0.9399922285879148,0.6551073295230732,0.7883680341234216,0.9892903408071427,0.6834999492976279,0.8167620273274689,0.7301401062841726,0.4483728279112047,0.8058499662916013,0.9092933796415543,0.4678107997777161,0.8479521653438947,0.3317475159671299,0.7398037923896814,0.7883680341234212,0.42977027003434276,0.793415925129959,0.2993617956517618,0.2501284069265245,0.8058499662916013,0.8058499662916013,0.7633738598969678,0.7796307192054209,0.7003251087611719,0.46950354609929157,0.4480025827082962,0.33522887893874387,0.26603644836772045,0.28393453349983677,0.6540507969891682,0.396946166202817,0.8058499662916013,0.7188546094633952,0.7652933686087295,0.8559789162214919,0.14302544827676167,0.7847770412204684,0.3673182177501758,0.8058499662916013,0.8058499662916013,0.27035023698934924,0.7668650526081322,0.32565054285476125,0.7068106301215109,0.29051132004724156,0.48180401007365914,0.8069611937921394,0.859318466658274,0.405651119278972,0.3369030126503394,0.8058499662916014,0.5635241960715172,0.30280637741842287,0.8352079045667509,0.8402819095372956,0.77889928852473,0.9778600143303963,0.9791581946867707,0.5757634113106866,0.8123127184484009,0.45106915056007524,0.8058499662916013,0.33754917683090635,0.822118342637288,0.615444028528344,0.544443345106447,0.5150413156486429,0.775786604193498,0.636617006658045,0.3408410194614735,0.8656041668745095,0.9609352406090412,0.4872954171580507,0.8662120140192139,0.8308063456911845,0.8229856241758232,0.738127160525962,0.3596496753607268,0.8258229735464784,0.7995563084478075,0.6847551889174008,0.7705993660494889,0.7675304094352662,0.8168065826302535,0.8559789162214915,0.8417144870220843,0.855978916221492,0.8559789162214912,0.5660090776168902,0.7525639207223882,0.6190026319968605,0.8058499662916012,0.7951128469173041,0.7308377857119486,0.836673413660163,0.37835258935079996,0.7825492732451296,0.7995563084478071,0.834443208401747,0.6263744189751809,0.8416859998638045,0.4794753213707854,0.7420229327079563,0.588871140115987,0.4979882575096011,0.8058499662916013,0.47402109314224505,0.9197926279183388,0.4046920101571726,0.8479521653438946,0.8548766696141696,0.7939004811633893,0.5542663808947488,0.8058499662916013,0.2533002155572287,0.0864874953340804,0.7484817456541227,0.2578947368421064,0.33754917683090646,0.28505669367654596,0.7967459576737135,0.3579881779660157,0.84084529421884,0.9390070921985816,0.3510533707168374,0.6913211119115559,0.4267152877229954,0.8059290360431444,0.7375635703669869,0.7668650526081322,0.9860671578039338,0.8131552918502085,0.3839446836136592,0.6448842394104557,0.12373765224922773,0.8343356316982857,0.7995563084478073,0.4483728279112049,0.2988877321052561,0.7381523122669909,0.2196357286936529,0.17643697838433237,0.8058499662916013,0.2527897347398925,0.3098090054334497,0.6008322823903778,0.8058499662916013,0.40103757465474354,0.9107576639752013,0.7847770412204684,0.776890615850987,0.7995563084478075,0.4713175139922061,0.7600825581617037,0.8103640317021115,0.9527439837573919,0.8953470828942027,0.7375635703669872,0.08632987288550709,0.8058499662916013,0.8069611937921393,0.8058499662916013,0.8402819095372958,0.4483997282824479,0.5579141082129451,0.8559789162214919,0.8422256476559367,0.5359082195057598,0.6536779670546673,0.6604373265387018,0.8058499662916013,0.537396595534499,0.44140223772031906,0.6155384351547211,0.8176355201439716,0.8788065258154936,0.8281985467386979,0.9399922285879148,0.7085299135921486,0.6993578432043268,0.5905359372137164,0.15189064006955277,0.6993578432043268,0.620700630439819,0.76529336860873,0.4248613599859774,0.6993578432043268,0.8559789162214919,0.8666756820306951,0.841685999863805,0.500471372633781,0.7575776963663714,0.728654360526024,0.7064934282346795,0.7743371662428937,0.5820702154682222,0.8000118450787022,0.6715959686688178,0.7762694567332855,0.8272354331469207,0.8126462580697251,0.6282826081705409,0.600832282390378,0.5264665973725204,0.5547351019566837,0.7166863953391738,0.5277662709677735,0.7483276205739182,0.8416859998638051,0.7864057866094467,0.8071237246100658,0.8502718721848468,0.9537517792806898,0.773637133383432,0.7849947119990142,0.8281985467386974,0.7748548864613389,0.7756565369889519,0.7388540905975749,0.7302015782026925,0.8367748293720335,0.8176355201439716,0.7441696168781446,0.7932312171235056,0.789027701327651,0.7668650526081318,0.7356232281513218,0.5468190534402977,0.7150069951375122,0.652714506927776,0.9530285807408863,0.9709681300963304,0.8119366988083399,0.8582796331552172,0.7381271605259614,0.8186006311079024,0.7856367469339556,0.9742141708362011,0.7654516781835985,0.9262037386537665,0.6902585373375003,0.7703607592088915,0.8129359457645993,0.9727892281626976,0.9861834986862734,0.7864057866094465,0.7764613417359432,0.5812270754605109,0.723080859227252,0.8471182680454907,0.9650448128649927,0.5189186842866843,0.9517599051108478,0.7755087161183707,0.7755087161183705,0.49912891970692097,0.8881683702717456,0.5156405659377845,0.9381869901995565,0.48868571808360106,0.6837840604800469,0.8075404270671709,0.6062937101217806,0.8772655848967421,0.8352079045667522,0.8836456641177747,0.8341605160655405,0.8402819095372958,0.9077025722158791,0.7748548864613389
p205_I,0.9923963253996406,0.8758557632723745,0.6727647087858128,0.8922788694484414,0.7298864606206957,0.8860449046541115,0.8156363218679052,0.761663561384846,0.3738683714053965,0.8796938264815499,0.8181251992022522,0.7468637772209332,0.6880444794042461,0.786726192679448,0.9673263264435243,0.7819487664528044,0.9434256525191982,0.7927960017530733,0.9815087400578082,0.9176189154668901,0.7735670207425511,0.8137359723057829,0.8543063200473953,0.8827042327454635,0.809420201655433,0.5540180609161356,0.8597023633262979,0.5954820925524433,0.9176189154668903,0.7878358038553521,0.5984590884509413,0.8036253154520021,0.8816373105758175,0.6549270136122719,0.7298864606206958,0.9098414308144025,0.8827042327454633,0.8271476719118345,0.8860449046541112,0.8347000573825087,0.695724325597511,0.7968646436841649,0.9942118046808438,0.6841221886749679,0.9713334155834983,0.5526200867665076,0.8567565353887989,0.6509061416337206,0.7887795529709354,0.5286002210435236,0.862184347348063,0.5591520599636983,0.5540180609161356,0.9291179050181217,0.90888212990781,0.8074239246703685,0.7848121187341826,0.8463809254714865,0.6753738823725608,0.8365426274325067,0.44328598901668514,0.6042920295389171,0.8627802093242298,0.7654838048890946,0.8677987043663944,0.48651614354905126,0.8956033810680566,0.9635658067224202,0.9819528718172355,0.9098414308144025,0.7827388535592974,0.7887795529709352,0.9674473865880053,0.43602907731199525,0.8463809254714865,0.6566193108706682,0.8392653276543482,0.8963077434412838,0.571770356137626,0.8860449046541117,0.8702468953616065,0.9216348441782116,0.7770128560991825,0.9560924860857705,0.8463809254714865,0.750895652148909,0.9820291849056924,0.7120406286297262,0.9151863297619403,0.870810786970599,0.8463809254714865,0.7060411700429232,0.6381327855337311,0.5688604802726407,0.8868472975146147,0.9625800258251139,0.699160552637683,0.6923299557802547,0.3733404511762476,0.3518359247593158,0.7848121187341823,0.8890106760597565,0.8766475407506158,0.7578780001471992,0.8193695737064188,0.8736248211051396,0.7377195108893602,0.3987360329167138,0.765027208945806,0.519906566347438,0.6861661056913713,0.8680157579069598,0.46665515698029103,0.8387575542024286,0.8890106760597565,0.47297042355711094,0.9557489758909954,0.8736248211051396,0.8860449046541112,0.3063837518138187,0.9876332232685305,0.6694766586770133,0.8344527069141838,0.7731758626479488,0.9794205552761557,0.5412356966517214,0.8514945068923672,0.8710762529305113,0.9002204358789427,0.9804135331642498,0.3840259965857512,0.8890106760597567,0.8956033810680568,0.9542973744591622,0.8597023633262979,0.6991163192303411,0.9450662096910201,0.8956033810680566,0.8621843473480628,0.8937959505222848,0.4616463438232338,0.8796938264815499,0.366003387827994,0.7177142714756961,0.7085773687727137,0.5127559889082464,0.5705505789950305,0.22062717299341605,0.9035808139998691,0.46832643338592694,0.8796938264815504,0.42500681655011385,0.6644855961876011,0.9660107921992529,0.9290224147880504,0.5912936374728275,0.7164684818659055,0.8376698583940259,0.6862441013271174,0.7016115466129538,0.6529586440135235,0.921264816730714,0.8492473095446895,0.6684531376629628,0.723500157780177,0.7472891252000984,0.7799730667560235,0.7480439350661987,0.8868472975146147,0.5773841119784668,0.8711683340946428,0.8414011380622552,0.695116344733544,0.7986467182315924,0.7026337148269375,0.8016412466225944,0.9460580405236656,0.9547061028635058,0.8818043295729845,0.7535566312133621,0.9991912544948497,0.6015928086230228,0.9890698219039585,0.9296300847872865,0.8772586458777454,0.6148243119240588,0.29198777876706594,0.8971046222638392,0.8225936215266271,0.8335254436197446,0.9224226120671739,0.7874324949947343,0.4755414770245614,0.36035604336061733,0.8986638021868478,0.8463809254714865,0.8827042327454633,0.9916974032981591,0.8571671624047967,0.7753170641217548,0.41213260664363505,0.900220435878943,0.8463809254714865,0.6472570480144522,0.39939996080239915,0.9176189154668899,0.8463809254714865,0.8521859980075814,0.5074807290815797,0.40631992581662313,0.4996900551768588,0.7306048384599253,0.8414011380622555,0.8463809254714865,0.7074027420056753,0.8463809254714867,0.5532611283458975,0.7046303419946114,0.7344169439884649,0.8463809254714865,0.7256801361332339,0.8463809254714865,0.6003353209004132,0.7276382264278985,0.7672051489045668,0.640072767864353,0.8567565353887987,0.36755668754645854,0.8365426274325065,0.8543063200473957,0.8647946830029145,0.8072679398540046,0.5469028545553125,0.8359842072188128,0.8956033810680566,0.9224426332951579,0.950140949872212,0.7592516552132214,0.8438552459679147,0.8030637316332491,0.5665973295919129,0.9434256525191982,0.7016115466129538,0.8199374340288258,0.8463809254714865,0.8482859658440167,0.8463809254714865,0.5947908539445415,0.7831200647944139,0.9038824166119825,0.9814211538373907,0.3935260134889125,0.8514945068923672,0.557731381889494,0.809420201655433,0.7095019994309135,0.9733880161603293,0.37286393972364884,0.8567565353887991,0.6573157090054025,0.9349939943201134,0.6244659527640141,0.841401138062255,0.8543687314766315,0.6982770167162735,0.8860449046541112,0.4855432736650257,0.892924078490089,0.8917327959812249,0.654321701793801,0.6674208096960499,0.995860482228037,0.6729315539982421,0.7643146228877105,0.5417316228704712,0.8736248211051396,0.3716310389974511,0.6942536824706323,0.8733764877558636,0.9435786780084983,0.8736248211051396,0.8405578540790379,0.38514031494905665,0.8890978019962532,0.7270426172754045,0.7867261926794478,0.8567565353887989,0.7952571048852999,0.4272348794128502,0.836542627432507,0.8567565353887991,0.9535189574016714,0.4430177645611647,0.8736248211051392,0.4595168485675032,0.5260739978531644,0.6534092147090431,0.931400881947513,0.9822746502329287,0.846380925471486,0.9724615706172288,0.8365426274325074,0.9624414485080435,0.4327585659168619,0.8400861021485067,0.8567565353887989,0.8347000573825085,0.9738865429373436,0.5208038940883608,0.9360472999790223,0.7904606128496079,0.84182842899964,0.749661170661543,0.6657146273899468,0.6758417337379721,0.8796938264815506,0.5177167622190788,0.8796938264815506,0.9807438322803783,0.822769265136693,0.7449262434446997,0.9174644799144983,0.8463809254714865,0.7033682142920205,0.8306084513846335,0.8161240709434594,0.8736248211051396,0.9932850135551184,0.9002204358789427,0.8463809254714865,0.965287251015811,0.8736248211051394,0.9259593348757931,0.8432693662501105,0.5993172922925185,0.8009889531223418,0.995860482228037,0.5127019939866966,0.5230423025753801,0.8344527069141836,0.6279559414483288,0.5880215967626297,0.9819727612564136,0.5938363601120025,0.5890975025421179,0.6714160318887699,0.6642794347533381,0.9259593348757931,0.35764099591006615,0.7748935537185431,0.33397701533084034,0.8317946002619978,0.8708107869705988,0.8452904100729588,0.7819487664528042,0.4009546943678892,0.2909759087723174,0.4651240819002047,0.8463809254714865,0.13384873711943734,0.8515715241131472,0.7993972376059655,0.8113011753274517,0.9306807285917504,0.5634706587324825,0.8463809254714865,0.8463809254714865,0.811739805176722,0.9428517722296093,0.6461313963983366,0.8463809254714867,0.9555440044522299,0.846380925471486,0.8078367280332465,0.6891129897265378,0.39939996080239915,0.8766475407506158,0.7693775062951058,0.9158533937000453,0.5062221314362403,0.4463468775948368,0.8463809254714865,0.6720873350915315,0.7871211726090352,0.3641117837441994,0.47263152818973675,0.7907601520699856,0.7853952308981982,0.8567565353887991,0.42934861306765393,0.8463809254714865,0.5436973318100482,0.8627802093242296,0.5884041260450676,0.9180813118843432,0.8827042327454635,0.516379630813264,0.8543924912438263,0.8463809254714865,0.716519292915745,0.3841386335713748,0.8463809254714865,0.9190560267192627,0.4468622207821499,0.5638249738770154,0.46783990341910564,0.39347613729251174,0.8463809254714865,0.7972836710427298,0.5200886332689834,0.9719859159252597,0.7353166412343417,0.6134908777595584,0.7276382264278975,0.47756462781946885,0.7199757455771902,0.8567565353887989,0.8920306558176377,0.3093826054739296,0.9034398993284061,0.3535479192354414,0.7554192417152403,0.6238834760350713,0.9525734786094173,0.862184347348063,0.8394521401338444,0.8463809254714865,0.9460580405236656,0.7731916335867677,0.6014023401523145,0.8430837757619427,0.8700153915217446,0.8651692889773959,0.6389937265024727,0.8514945068923674,0.8937959505222848,0.8702468953616067,0.846380925471486,0.8758557632723745,0.6498265071906579,0.8349654791193468,0.9815087400578081,0.2650231774125573,0.9686058175770904,0.8045713862531421,0.9982929421095721,0.6990297769404692,0.9413827490486106,0.9176189154668903,0.655961540938921,0.5755660688479756,0.8890617069570332,0.7968646436841651,0.8137359723057829,0.741412456170369,0.9497186205854559,0.7952571048852999,0.8003635445348862,0.8473302763008344,0.9216348441782116,0.7810795797156111,0.9744902876803159,0.5767913281440065,0.5983388185917273,0.5971910373986284,0.8031153474818928,0.9728510582879014,0.6099642442350179,0.7356670999738211,0.9599473830749682,0.9335900865547448,0.9034398993284067,0.46162804464988016,0.9223685915209612,0.6363540234741314,0.8251181313335154,0.8225311318013035,0.5712004860080423,0.8567565353887989,0.8939046646741244,0.5689873704215236,0.851571524113147,0.9729181477674668,0.7642090818022302,0.826598189373128,0.6284296048148559,0.9719859159252597,0.8468692437224408,0.8597023633262977,0.831794600261998,0.8036253154520028,0.8736248211051396,0.7948436229548834,0.526093707586037,0.7366226559312066,0.8414011380622555,0.8414011380622555,0.5450312480224699,0.7745913910743771,0.831794600261998,0.6422160683878292,0.8463809254714865,0.9025277748860165,0.8463809254714865,0.8463809254714865,0.33854334056447877,0.8051727407663853,0.7952571048852997,0.8463809254714865,0.4177430568410898,0.2859971704170464,0.9804135331642498,0.7106985586082804,0.6563524710606958,0.5440956356594473,0.7810223325642158,0.723573257127516,0.23290150213205374,0.9906165879037854,0.9556314077585555,0.9719859159252597,0.5645084184942726,0.63262426366906,0.3913371958147601,0.7948436229548836,0.8459144961042644,0.979675935156952,0.8034814198609636,0.9025277748860163,0.7370516535016467,0.8567565353887989,0.8395983518347439,0.9669121043971765,0.9422479374989197,0.8051727407663847,0.46260972594504657,0.7907601520699856,0.4981235064163908,0.8508922042665392,0.9739832594847325,0.6916854952177962,0.9413827490486111,0.8827042327454635,0.9477950978356107,0.4135881877228941,0.6395891602132413,0.8956033810680564,0.7253931377374547,0.8876101263905982,0.6154784710450536,0.6827231381317533,0.900220435878943,0.4679815016299167,0.7770128560991822,0.9259593348757931,0.45220086296026774,0.0,0.7057340580846634,0.4055305731545451,0.8647946830029141,0.9773867320919685,0.5970813382002705,0.8463809254714865,0.862184347348063,0.6552301636658472,0.8766475407506158,0.682061301094051,0.8543824081628645,0.7340574493941591,0.8209466326653554,0.5028515025109899,0.8543063200473955,0.384138633571375,0.8796938264815501,0.45390078424660585,0.947327168080652,0.5452691689732363,0.8651692889773959,0.9548937734322311,0.8703372691967061,0.7634145312909695,0.8492473095446895,0.7133226375931172,0.5640644226030196,0.45356432446978445,0.8130704599828364,0.7748935537185431,0.5907639012366432,0.6384424660548673,0.8584722121341601,0.9555440044522301,0.9345827279491863,0.8988276862828637,0.5399926375885777,0.6877331744583415,0.7044942853343892,0.841401138062255,0.5137479374267411,0.5328968462940824,0.9259593348757931,0.8515799135867916,0.820702057901626,0.8918418728988424,0.7472891252000982,0.8680157579069601,0.9325083333144308,0.8165113832618183,0.7900597142045565,0.7270426172754039,0.8181251992022522,0.9002204358789427,0.8956033810680566,0.9259593348757931,0.8463809254714865,0.9581655142193521,0.6224853603406106,0.4797952495027712,0.7581936916224563,0.8463809254714867,0.4309808235788367,0.5359915044912642,0.7723110934149167,0.7656156573256492,0.7090981371573744,0.6894029394143677,0.6827832396442153,0.9194450298766157,0.8031719341323567,0.8072679398540048,0.3238543474773544,0.7687399368321339,0.8677987043663951,0.7057340580846636,0.7848121187341826,0.949718620585456,0.7831200647944143,0.886044904654111,0.8403296264575744,0.8651692889773963,0.8860449046541115,0.8225936215266272,0.9430947602874837,0.876647540750616,0.6467032365903951,0.6661854095028097,0.836642301220756,0.9674473865880053,0.905441118859996,0.4145990186492914,0.3149112800438115,0.8708107869705988,0.9290224147880501,0.8876101263905982,0.8708107869705988,0.870810786970599,0.7952571048852998,0.8463809254714865,0.8597023633262979,0.9036429717219352,0.8463809254714865,0.800988953122342,0.6860578446863521,0.8366423012207561,0.8567565353887989,0.9719859159252597,0.8827042327454635,0.841401138062255,0.40936241154964437,0.3639676440008335,0.5806575182209803,0.5713259585920192,0.8463809254714865,0.7377195108893602,0.8567565353887989,0.8009889531223418,0.36006889794331587,0.7599089755509361,0.9098414308144025,0.8827042327454635,0.9152222404983098,0.9212969326539162,0.8344527069141838,0.8766475407506156,0.7831200647944139,0.7618883347214103,0.8815146641826224,0.5133405620767233,0.9223685915209612,0.9815087400578083,0.8347000573825087,0.8567565353887991,0.7377195108893602,0.30350543570679533,0.8463809254714865,0.972019382853735,0.6912533626764084,0.9176189154668899,0.5914016130771009,0.887610126390598,0.8181251992022522,0.21871001972447957,0.8651692889773959,0.34292355976440203,0.3257508375329584,0.8463809254714865,0.8463809254714865,0.9936953447724721,0.7193015553473756,0.8306084513846335,0.5572234603307586,0.31302850030476226,0.5208038940883617,0.6120889324655652,0.3896181047220607,0.8442987198326948,0.28437592747409757,0.8463809254714865,0.8220295412646912,0.862184347348063,0.8860449046541112,0.48932337420871574,0.8736248211051396,0.37431384840025794,0.8463809254714865,0.8463809254714865,0.45027154576312656,0.8766475407506158,0.4382357506754506,0.8137359723057827,0.6105906477988357,0.695724325597511,0.8700153915217441,0.9050027634722617,0.534641450931667,0.6892924387305386,0.8463809254714867,0.7437089977875249,0.39673786111617004,0.9451236844516557,0.9452921303485451,0.9879438478727869,0.7357104057190311,0.7296267818662927,0.7710308265417565,0.711569331164287,0.7183450263565063,0.8463809254714865,0.2882586304562793,0.7508956521489092,0.6415606211324426,0.797149123373621,0.5929899406009063,0.982380046763869,0.489907189553921,0.6717028096948092,0.8543687314766314,0.6963805714160429,0.32230157030401474,0.9155178894548979,0.8796938264815504,0.8966157770135722,0.9560924860857702,0.35042309678205896,0.8621843473480628,0.841401138062255,0.37660269182592987,0.9438462100315866,0.7831200647944141,0.9912440419381683,0.9143829442374807,0.7831200647944141,0.8744685140157993,0.9942118046808438,0.7235732571275166,0.8709743945259592,0.392077042351072,0.6996198453415656,0.9176189154668901,0.8647946830029141,0.828853052814299,0.6282027492695137,0.8543924912438265,0.6586348304959027,0.9890698219039585,0.6466945549506988,0.9612471379890558,0.4034944890077443,0.8918418728988424,0.4648139236770009,0.4896866850934387,0.8463809254714865,0.7226794006714785,0.8812195370163453,0.5816049088640483,0.8796938264815499,0.9866009482782852,0.6199107698094829,0.7932370336418244,0.8463809254714865,0.4628351123853798,0.4522008629602676,0.9698932006005594,0.37942274129302656,0.5300648162201786,0.42967969995161304,0.862184347348063,0.363059562184628,0.8695666301441396,0.904535728145479,0.4673334326013351,0.8051727407663845,0.567186029402658,0.8860449046541115,0.878873109687901,0.8766475407506158,0.7270426172754043,0.8347000573825087,0.28010381416817454,0.8841260485131919,0.4931045580777058,0.7601530758998258,0.8708107869705988,0.38638369842017484,0.6093632426954123,0.7028998376527333,0.5069326458370608,0.41861437265542834,0.8463809254714865,0.42978781343406014,0.6012818566694942,0.7867261926794482,0.8463809254714865,0.4116529824919467,0.9633717685717937,0.8736248211051396,0.9771402682499224,0.8708107869705988,0.5772439949431103,0.7639706836296074,0.6891129897265369,0.9890698219039584,0.9611179525114085,0.8788731096879012,0.48714672339781506,0.8463809254714865,0.8180484739944454,0.8463809254714865,0.9098414308144027,0.726853837006519,0.40691662862778233,0.8860449046541112,0.9966817389300473,0.7554045758465691,0.5624176985758884,0.8289472633870452,0.8463809254714865,0.9109815833603441,0.2749111066400164,0.6188029234596737,0.8815146641826224,0.7437089977875249,0.9290224147880504,0.7731758626479506,0.8335254436197448,0.9464493622447823,0.4198639093632528,0.4838168672854528,0.9464493622447823,0.7656156573256494,0.8621843473480635,0.6534092147090431,0.9464493622447823,0.8860449046541112,0.9560924860857705,0.8051985087235751,0.6855441026449833,0.8414011380622555,0.8762907351695035,0.8251181313335156,0.528600221043523,0.7634145312909695,0.777191835345023,0.4797186387002672,0.8208961595306918,0.9527313195793391,0.8903240383514799,0.619233541354512,0.7656156573256496,0.7200860670108802,0.689233676077557,0.9991912544948498,0.7227125659592488,0.8347000573825087,0.8514945068923672,0.8567565353887991,0.6780508451290601,0.9500077886111797,0.7734861690681866,0.8031719341323567,0.5981997099235623,0.9290224147880499,0.8677987043663948,0.9229358972673116,0.5420136071251385,0.8330089572134212,0.7054546392442036,0.8165113832618183,0.8666574789676607,0.8594852121729344,0.6105257662333884,0.846380925471486,0.4967550655178391,0.739613143299098,0.8717821921897655,0.422511604223034,0.8403365057716101,0.9025277748860163,0.7748935537185431,0.9319972407688,0.577346130106521,0.887610126390598,0.8648804092315285,0.8701230238264699,0.9140095995041515,0.7506206007884695,0.818125199202252,0.9730383661933073,0.9296300847872865,0.7900757241613003,0.7692285705578703,0.8567565353887989,0.8827042327454633,0.4709448060450855,0.5283934919737638,0.921264816730714,0.9521356831749701,0.5202466183090032,0.7675039068167466,0.8937959505222852,0.8937959505222852,0.5043795239161014,0.8733764877558636,0.7057340580846636,0.9174644799144985,0.34287778418729153,0.8009889531223418,0.8677987043663948,0.33614909290115313,0.8917327959812249,0.8827042327454635,0.8796938264815499,0.5914209187963623,0.8736248211051396,0.7575609341866154,0.8677987043663951
p205_L,0.5591210511111682,0.887635694816231,0.7927381955186619,0.8785462170031446,0.9027019168030599,0.9278239868212361,0.6930865286214128,0.7064282995132787,0.8157507865486253,0.591165145597911,0.8848055194072817,0.9747733305686097,0.8995478568587885,0.8515474244094852,0.8529764551059038,0.7263436804327261,0.9648472157143733,0.8687627046182596,0.9199574485923749,0.9238013891436974,0.8468866276120166,0.9473257685964236,0.9977218791928772,0.6549953778470861,0.8792920141466947,0.8687627046182593,0.8934633408766894,0.9163532097707385,0.9238013891436974,0.932277344523506,0.8563358498618108,0.9554518077232719,0.8905201046762894,0.8445260765476386,0.9027019168030599,0.9199574485923749,0.9059407181827079,0.890520104676289,0.6127479292908626,0.8662187967802515,0.8072801833126311,0.4613494167957215,0.9278239868212361,0.9072664504535044,0.8934633408766894,0.9045220297573426,0.9092735418441042,0.9434536647730999,0.8662187967802517,0.9306341541453588,0.7026246759034636,0.7478357383272627,0.8687627046182593,0.8398911548846646,0.7610390746299769,0.8926247385590762,0.847106015035299,0.7876282222528316,0.9353781632636653,0.8964706102804101,0.8667965967839737,0.9428163151462241,0.683714512709805,0.9027640924895547,0.9162673470024436,0.9890833329425415,0.9127113681766139,0.5257980377959823,0.6088786831262745,0.9662757781656686,0.849186641115079,0.8662187967802517,0.9424631527248861,0.7306632135868752,0.7876282222528316,0.7825121459579751,0.8820255041972334,0.8848055194072815,0.8084020505518861,0.9278239868212363,0.7485658933216627,0.9048113045350052,0.9164818738668175,0.8687627046182602,0.7876282222528316,0.8422241792803133,0.8820255041972334,0.9948308239433392,0.7505703324336477,0.7995502483019271,0.7876282222528316,0.7927381955186614,0.8668676002535944,0.9496327051214063,0.7198238471893955,0.606415784339057,0.7886345850844547,0.7845489569349899,0.8683364223103446,0.8881888921140926,0.8637059334028958,0.9092735418441045,0.9027019168030599,0.893814783922898,0.963802575289626,0.9199574485923747,0.8222019591825747,0.8539039811376034,0.9286197968271317,0.6898472331413987,0.7623006060359168,0.8556695017783711,0.9160755741786699,0.8505579307181197,0.9092735418441045,0.933179226839322,0.9898131261783945,0.6168592556746888,0.9278239868212359,0.8754034132987383,0.8704863700621754,0.9654204696009592,0.8792920141466947,0.6448582022807703,0.8985975567963895,0.9480065975507066,0.9059407181827082,0.5778187956620857,0.9123884588666585,0.834702942480823,0.9916218060502977,0.9092735418441047,0.9127113681766137,0.9278239868212361,0.8934633408766897,0.8816224494175551,0.6537759975711108,0.9127113681766139,0.9554518077232717,0.8106385521368198,0.9612818577716803,0.9238013891436971,0.869206946344764,0.7928847555159688,0.9715619689660695,0.9498700207802608,0.8804495008188657,0.9978117832046824,0.5464923668041414,0.7304657106805608,0.9238013891436974,0.8667965967839735,0.8917167917055979,0.8729956675089459,0.9554518077232719,0.8955832386010321,0.8640109719546152,0.8603637814514744,0.980260851223461,0.9654204696009592,0.6133790062737878,0.9092735418441047,0.9048113045350052,0.5917615628792505,0.8690606617940704,0.8399399046211,0.8195547533821181,0.8741930427428961,0.9149541032668207,0.8158750632402936,0.9595425947841232,0.8995478568587885,0.863705933402896,0.9978117832046823,0.865501747513129,0.9249846843441771,0.9199574485923747,0.8438804491223509,0.9258909271026612,0.947812902991064,0.948948678650706,0.786589673526572,0.892624738559076,0.6114865640273738,0.8819742835369297,0.7200150757054353,0.7649351895537813,0.2602884199408467,0.669595435947727,0.8812768771799535,0.7740271974389734,0.9312886605944913,0.9325336793081733,0.9366393275107288,0.9461818699625596,0.7876282222528316,0.6949102782080135,0.8964706102804108,0.4940698241943733,0.6849919772018704,0.7927381955186614,0.6490993008822844,0.7876282222528316,0.7482376773236081,0.8367708389681158,0.6396684921237513,0.7876282222528316,0.9197760771895611,0.8376723506997308,0.7825121459579749,0.8729153679892482,0.8410748755049141,0.8995478568587885,0.7876282222528316,0.4160224116230977,0.7876282222528317,0.9386696993002583,0.6912645324713007,0.7198641028026,0.7876282222528316,0.9015191415563053,0.7876282222528316,0.9340211426089398,0.8693583305852735,0.8399399046211,0.762300606035917,0.9092735418441045,0.7076067607609541,0.737415842741127,0.9394399552106525,0.46497185181086553,0.8901742884406567,0.9353731570717398,0.8445260765476379,0.9127113681766137,0.746634087152271,0.765190373232164,0.9125999448580098,0.8910499671954724,0.8628742512243035,0.9888837538471675,0.7496172849348921,0.7804789596211701,0.9936953256260508,0.7876282222528316,0.7757099531293092,0.7876282222528316,0.9104145695435752,0.8376723506997308,0.916326873636754,0.7968266435591363,0.707606760760954,0.6949102782080137,0.9850793463180743,0.8792920141466944,0.7947975198038115,0.8848055194072821,0.986910416419064,0.6782201717602717,0.7542621380938761,0.792884755515969,0.5706117489746183,0.7995502483019271,0.9606832254354423,0.775731685290824,0.6127479292908626,0.8891870994273072,0.7113722698625088,0.8253371875489368,0.8291806923780101,0.7798518999558515,0.7881055549967804,0.8418590710196503,0.703620818088198,0.8938393798507513,0.9199574485923747,0.7760441817813626,0.8354206684781544,0.9048113045350052,0.8114983712766499,0.9199574485923747,0.9871631608649953,0.8824727564917585,0.9162673470024436,0.8273272241564986,0.8785462170031446,0.9092735418441047,0.8445260765476381,0.6301841998290569,0.8964706102804101,0.9092735418441047,0.9092735418441045,0.6141226156228818,0.9199574485923749,0.9013094863347375,0.9956465904864236,0.7804789596211701,0.8013670436120881,0.9199574485923752,0.9027019168030599,0.8662187967802517,0.8964706102804108,0.9127113681766141,0.7089865546760994,0.9069400111591198,0.9092735418441047,0.8662187967802522,0.7779935696307076,0.7816454622440525,0.6694292121028169,0.792342365344711,0.9369170318751456,0.9686932271796123,0.9662867667908355,0.8144493689600878,0.9723047356695362,0.8157507865486255,0.930688571278786,0.8445260765476379,0.8599048430053958,0.8265572878591665,0.8844733149580836,0.7876282222528316,0.9127113681766135,0.9125999448580098,0.8687627046182604,0.9199574485923747,0.9949008961315589,0.8995478568587885,0.7876282222528316,0.8792920141466944,0.5705409261013967,0.9278239868212361,0.8287530636873146,0.9522167421840103,0.8739518939582047,0.7453651154501224,0.7461062377503508,0.6722953469228674,0.9113067123177234,0.8905201046762894,0.6954211266162029,0.719470800399834,0.8445260765476386,0.6900857041116126,0.9557539823910066,0.9290130221267929,0.9278239868212363,0.7178566903358299,0.8445260765476374,0.6945624501566039,0.8934633408766899,0.7995502483019271,0.9641496021881465,0.7804789596211701,0.7478205547159431,0.7785754493542806,0.6528051955403154,0.7876282222528316,0.7563867436573586,0.5654941031955372,0.846846556117637,0.9517647885373739,0.8821852247529474,0.7269037434337784,0.7876282222528316,0.7876282222528316,0.3996701577002415,0.4483639687768055,0.7486024337275978,0.7876282222528317,0.9238013891436974,0.9027019168030599,0.8515474244094852,0.8030927455898647,0.8534155870585511,0.9027019168030599,0.8539300757509798,0.8820255041972334,0.6786703713622679,0.6999562664649229,0.7876282222528316,0.7723771082592108,0.8399399046211,0.6971934270536909,0.6587033742944084,0.8539300757509798,0.8651697744678213,0.9092735418441047,0.656365325344755,0.7876282222528316,0.6117558835756198,0.8687627046182604,0.804015926137919,0.7089665646040335,0.5751655771252311,0.6765515156534136,0.890520104676289,0.7876282222528316,0.9587635829197785,0.8606349592567035,0.7876282222528316,0.9819891156751774,0.923866503797597,0.9448142398449229,0.6461715128584511,0.6420008450778998,0.7876282222528316,0.9925237875286486,0.9649005424875217,0.9162673470024436,0.9043518922323697,0.9982093700043444,0.8005470695958359,0.8957309203947574,0.822848352223368,0.9092735418441045,0.7962180258739606,0.8238373352162471,0.9080208724124175,0.937494205293887,0.8751387178895034,0.752253902142801,0.8092073824034666,0.9127113681766137,0.8687627046182604,0.7876282222528316,0.9662757781656686,0.9020557574993331,0.9359461803816128,0.9485451227422389,0.8897181908471414,0.81063855213682,0.9013094863347377,0.8944847800126532,0.81063855213682,0.9847951341175694,0.9027019168030599,0.8876356948162312,0.768341164780669,0.8387472004447059,0.8947692331144509,0.9731603591439857,0.8336818782271087,0.921694838603619,0.9708590380088877,0.9293760247257058,0.9146756363968283,0.9238013891436974,0.9989391518357633,0.8654110063376459,0.9842496457512631,0.8860018160078058,0.9799759007960187,0.8364350703060379,0.9092735418441045,0.8950393654425848,0.9473726654430644,0.863012690692228,0.9665301256886063,0.9473726654430646,0.8152256364618553,0.884047291409445,0.8691988852300538,0.8710714227183545,0.8178909988156795,0.8934633408766894,0.9145628038496605,0.854130509411982,0.8244670644666009,0.7865945896969903,0.8720455479999369,0.6675796500643076,0.6819061501814716,0.7159507936084082,0.41628166277538403,0.8376723506997308,0.8786867325002341,0.9092735418441047,0.9883880331853732,0.9154607801116941,0.9452296953714696,0.8804598060127995,0.9199574485923749,0.909457511186416,0.9519132041712034,0.9162673470024436,0.8908821080541922,0.9291552782955312,0.8934633408766899,0.9127113681766141,0.6168592556746884,0.8563358498618108,0.6658624837528401,0.8331840572920641,0.8995478568587885,0.8995478568587885,0.8938953388604947,0.5883433982836932,0.7853092223537343,0.7542621380938762,0.7876282222528316,0.9162673470024438,0.7876282222528316,0.7876282222528316,0.7861875782595165,0.589273802815819,0.8445260765476377,0.7876282222528316,0.8430601629993919,0.9081183942497211,0.960712445103687,0.989974968947223,0.7925008201091579,0.712042254982596,0.9542850744905718,0.4334849738075538,0.9901181936038953,0.7610390746299778,0.866223745346711,0.9060691392655625,0.9194783163486804,0.7942009150036771,0.8704360182531512,0.8563358498618108,0.890520104676289,0.7374158427411275,0.8866116151446591,0.9162673470024436,0.822848352223368,0.9092735418441045,0.8093852229086016,0.6608726450084353,0.9320042986155879,0.9708590380088877,0.996749415642747,0.8539300757509798,0.9603073634107071,0.7777882996052312,0.9785871744260106,0.9092735418441047,0.8567734382060053,0.9059407181827082,0.8354206684781544,0.9619078786250497,0.6933452337724906,0.9163268736367537,0.7995034775956036,0.6425414726783675,0.9593073267498924,0.7886345850844549,0.8995478568587885,0.7137986251393813,0.8587660956447001,0.9278239868212361,0.6280947355174198,0.7057340580846634,0.0,0.6234794674504403,0.8820255041972336,0.5883433982836929,0.8148503025540881,0.7876282222528316,0.9127113681766137,0.8908821080541924,0.5940845591627646,0.8085437732024459,0.954723834804791,0.8964706102804105,0.9430481070778811,0.6765515156534136,0.8766017896141824,0.6361305481684106,0.9238013891436976,0.6045862281410699,0.9818749943123346,0.7446208589192121,0.81063855213682,0.890520104676289,0.777227034351682,0.960712445103687,0.8739518939582049,0.928689594543004,0.790382188499414,0.7720575794149611,0.45663593980544415,0.8445260765476374,0.8217060794915637,0.7341634785193583,0.7002810853760391,0.9238013891436974,0.8792920141466944,0.8146549792907977,0.9018238176745963,0.9276950647918394,0.8840075513897333,0.7619375114470165,0.6761283524082613,0.6954211266162029,0.9700808834258972,0.613922008767785,0.9092735418441049,0.8422241792803133,0.8908821080541922,0.9320042986155883,0.8036327372769464,0.8563358498618108,0.9113067123177234,0.7962180258739613,0.8848055194072812,0.7243247745921055,0.9127113681766137,0.9278239868212361,0.7876282222528316,0.6606482632337866,0.7610722741308495,0.9662880709344444,0.846846556117637,0.7876282222528317,0.8374148432052273,0.6808297674053996,0.7357826450524094,0.9324622348412389,0.8157507865486251,0.7927381955186616,0.7446538073420644,0.9224433445702891,0.8612222667022578,0.9228041783058764,0.9122459514085917,0.832981669558879,0.9162673470024438,0.8136200716845878,0.847106015035299,0.9092735418441047,0.8376723506997308,0.9788715516976692,0.7968266435591357,0.8964706102804108,0.9278239868212361,0.887635694816231,0.892624738559076,0.9414106494210732,0.8741508486985766,0.7784491248459171,0.9874058922610381,0.7489194896348187,0.82412330600641,0.7459723628266628,0.8094651190733989,0.7995502483019271,0.9127113681766141,0.8210011597725762,0.7995502483019271,0.7995502483019271,0.5304309842288975,0.7876282222528316,0.4997737230029986,0.588343398283693,0.7876282222528316,0.8739518939582047,0.9598747086774966,0.9199574485923747,0.9092735418441045,0.7284056255335665,0.5352506767643032,0.7619375114470165,0.7762543007453087,0.9404828804596652,0.8766017896141824,0.5643244157296807,0.7876282222528316,0.8222019591825744,0.9092735418441045,0.8739518939582047,0.8453495041545116,0.8243737901066757,0.9199574485923747,0.9059407181827079,0.7365316078009588,0.8376723506997308,0.9606344949981606,0.9027019168030599,0.6078858377596685,0.849186641115079,0.8563358498618108,0.8667306034740472,0.8848055194072819,0.9199574485923752,0.8662187967802517,0.9092735418441047,0.8222019591825744,0.9845223690087311,0.7876282222528316,0.9027019168030599,0.7743984544652442,0.6396684921237513,0.7241964925837927,0.8934633408766899,0.8848055194072817,0.9890833329425415,0.81063855213682,0.950647459069677,0.6812269853579691,0.7876282222528316,0.7876282222528316,0.7654895239487252,0.9533749114354952,0.8136200716845878,0.8799372939129475,0.9705937692240705,0.8832509242832538,0.6933452337724904,0.6979613726680749,0.8713396701567186,0.9021584285191646,0.7876282222528316,0.8086385125994828,0.9127113681766137,0.6127479292908626,0.6765515156534136,0.9199574485923747,0.9879778359082552,0.7876282222528316,0.7876282222528316,0.7024216353432873,0.9027019168030599,0.6865984973606412,0.8820255041972336,0.7260915872019584,0.8072801833126311,0.853818491848904,0.8295844697893862,0.6732699080735762,0.7139141755418521,0.7876282222528317,0.8376723506997306,0.6872755942666389,0.9059407181827082,0.8947692331144514,0.8248985560884387,0.7953970069085001,0.7352258907780789,0.8422241792803133,0.9059407181827079,0.7301312695908244,0.7876282222528316,0.8337472100826289,0.9260134095145847,0.8581555195360443,0.7562707214632034,0.7422110584707764,0.7377137235225025,0.9569942589510874,0.7200150757054353,0.994900896131559,0.8054721064485295,0.9974068700438738,0.6782334100972082,0.9238013891436974,0.8785462170031448,0.8030539214223207,0.7839012970005961,0.7026246759034633,0.7619375114470165,0.781950580911569,0.7025119892543963,0.9636818533225946,0.8574845983614183,0.9278239868212361,0.8880761517488762,0.9700808834258972,0.7658906239201637,0.8136200716845878,0.9423684545889657,0.8010095457376827,0.9414106494210732,0.9238013891436974,0.8820255041972336,0.9220737026051956,0.696004156740216,0.925364186745663,0.8995478568587885,0.9049436253476606,0.9876294343937337,0.7348251785689414,0.9453002519717624,0.6427482402639043,0.9522167421840102,0.9032901469579648,0.7876282222528316,0.7927381955186614,0.9414106494210732,0.836770838968116,0.591165145597911,0.7343402448606318,0.8739518939582045,0.724068516689305,0.7876282222528316,0.6529050312542399,0.6280947355174198,0.8483134108505918,0.649956597082066,0.5760372188432445,0.6149625376883543,0.9554518077232719,0.9479560263164732,0.9705937692240703,0.9135163016990187,0.755127768538304,0.8766017896141822,0.8412199940491043,0.9278239868212361,0.8766017896141822,0.9027019168030599,0.9069400111591196,0.9836765640633729,0.9928965397237557,0.6616349600220586,0.6372069248776107,0.9811718853428997,0.7995502483019271,0.9668565212221446,0.7341634785193591,0.9757199976231654,0.7304038232250718,0.740410474894256,0.7876282222528316,0.6397940790107216,0.7381896022300454,0.8515474244094852,0.7876282222528316,0.8318499072920876,0.9950523508844094,0.9199574485923747,0.8720455479999368,0.7995502483019271,0.7949300532989279,0.8985975567963895,0.8890569787905109,0.991700040816202,0.8243737901066757,0.8766017896141824,0.6417069213377853,0.7876282222528316,0.9393062642835557,0.7876282222528316,0.6631775852479828,0.76761821181986,0.8806416271814821,0.6127479292908626,0.7198238471893954,0.8556063329356032,0.8642587521941487,0.8515474244094852,0.7876282222528316,0.6279782135198091,0.9470021077902417,0.8942157899661607,0.8840472914094453,0.960712445103687,0.9554518077232721,0.9219726177571139,0.2983190799508332,0.8544068747803459,0.8376235103113383,0.6236657292284942,0.8544068747803459,0.8515474244094852,0.9127113681766141,0.8010280162855912,0.8544068747803459,0.6127479292908626,0.8985975567963893,0.9743145807345087,0.801028016285591,0.8995478568587885,0.5170934913826235,0.9048113045350052,0.8352962955703502,0.837672350699731,0.9663027963946421,0.8603637814514744,0.8107723431911641,0.7995502483019268,0.5955723806092458,0.8925827567960465,0.8515474244094854,0.8114983712766497,0.7982071895821139,0.8511310962100923,0.8243737901066761,0.8955832386010321,0.6549953778470861,0.9505241704836671,0.8794164109436624,0.8399639459989319,0.8612222667022582,0.8612222667022578,0.876792798995411,0.9127113681766137,0.9162673470024438,0.7548082174578501,0.8587660956447005,0.819947696277195,0.8422241792803133,0.8563358498618108,0.6111054893788833,0.9926491931691896,0.8812768771799535,0.9027019168030599,0.8093918692364417,0.8456553888742819,0.8331840572920641,0.8318544149375384,0.8206276622052185,0.9162673470024436,0.9731697328455183,0.7071500723214716,0.8687627046182593,0.9648472157143735,0.8868600994557605,0.9188016156964058,0.724332526707873,0.6564321141554956,0.8848055194072817,0.9611207091303356,0.8995478568587885,0.6136529519308217,0.9650289255129522,0.9092735418441045,0.9458556185436358,0.989138092249336,0.8612222667022582,0.9917747991232289,0.8847956141020876,0.8311356876959142,0.9396293104175029,0.8964706102804105,0.8964706102804103,0.8359836380551864,0.9048113045350055,0.813620071684588,0.9092735418441042,0.9373877759472509,0.8739518939582047,0.9162673470024438,0.7947975198038115,0.9926689270744569,0.9857705189045638,0.639668492123751,0.7804789596211701,0.6631775852479833,0.752187140307991,0.9162673470024438
p205_V,0.561344945683182,0.7766324670341722,0.4495338592084407,0.8635617282685626,0.8603122475559108,0.8083078957473229,0.9152083722165998,0.9096321281613786,0.6277838896195544,0.8460652828957038,0.791993075452749,0.8246995355877353,0.8246995355877353,0.6255587351560157,0.9188753150981593,0.9792037241859557,0.8743674594684078,0.6514471747580827,0.9235188058142835,0.8332553309128998,0.6262242074090227,0.7586271529514029,0.8338323869463544,0.8979492114471499,0.7970035287876279,0.7348773722893926,0.7432691905025915,0.7514955041516727,0.8332553309128994,0.9302766617077511,0.7912013274552292,0.8864565801087378,0.7604262241490389,0.8581011275147419,0.8603122475559108,0.8554669905576379,0.7795100584131579,0.7092326025824339,0.8541916441056754,0.6878336405222059,0.5045408421778385,0.8514954052939794,0.8916916952331204,0.6811427458196966,0.9945342715657757,0.3947081549442295,0.7893429363023051,0.6974547860201485,0.7094050528368512,0.5969261743603316,0.8550590262373863,0.30081175333874277,0.7348773722893926,0.7980243492099175,0.881218424884739,0.6805049942758123,0.9354335123024238,0.8034406041869142,0.8139506033822677,0.7788266702937989,0.6536247992716737,0.6261928523784077,0.9540471769152945,0.7994699721912707,0.7776146431362667,0.6477124282483935,0.9565556505345046,0.5904135981007546,0.5975285642041355,0.9575447134426064,0.6778123309806119,0.6446908158929159,0.8603122475559108,0.37981265372379003,0.8034406041869142,0.4223745181455719,0.782612266242632,0.8409619886996478,0.5674667423192612,0.8083078957473226,0.7917711619486085,0.8465861809462564,0.9551073781877084,0.8048660379962141,0.8034406041869142,0.580963567507651,0.9775366008450719,0.7862327498989474,0.937917745693015,0.7970688433398969,0.8034406041869142,0.5276928728503443,0.496829084495803,0.5456733382780137,0.7765968556202214,0.6314304142862895,0.5930664273499673,0.45831333007111275,0.3905797455698017,0.4110016536240364,0.6805049942758113,0.8802523079893154,0.7700220705456179,0.7377504995521964,0.9071236054239793,0.7874151753009926,0.545107370837489,0.2892776573620912,0.779666763307818,0.46462072131928966,0.5130454151181243,0.925680384154376,0.5496030306816377,0.7156650274236249,0.789342936302305,0.46664222765581354,0.9767939652722473,0.8723257484157794,0.8083078957473231,0.5589403072867569,0.7355644119250664,0.6434077180043578,0.7029302603643939,0.9848705527404968,0.936367920771755,0.6532511929745797,0.7501881738550037,0.77714596622972,0.9266242341817237,0.912745722310693,0.5218698072783641,0.7893429363023047,0.8623629889204496,0.9583081002571008,0.8219281518820813,0.6966621319708626,0.7515865771295664,0.7995678811777467,0.7995678811777467,0.7908522591242595,0.4127915646388185,0.7976242880027448,0.6351320866527748,0.5317670323731902,0.6567534578340959,0.6540507969891682,0.7270263742402352,0.4018584104982086,0.816023876240958,0.41958646228624574,0.97577950255352,0.6364513134356824,0.7375674714508944,0.8389492881468832,0.9565556505345045,0.7513096392970233,0.6890857413047498,0.7278052788775093,0.7297842122648008,0.7641720565034573,0.981276972623566,0.9105554318849857,0.801246918350909,0.2961790555875563,0.5578023015899058,0.6310307451314752,0.6951852049208729,0.5864656005149029,0.8519166988830669,0.571314599992673,0.804060979990426,0.7332093884468578,0.8733700991776157,0.9103336513377951,0.8886036040060692,0.7144735536107282,0.8554669905576378,0.8809594372828482,0.8448628605192957,0.7563113837270219,0.9821983764113766,0.7991631244579227,0.9141894691335394,0.7970688433398971,0.7126302025984885,0.48350011611074795,0.5724654840783157,0.635824346231129,0.773004161930157,0.7928563322485565,0.8446423929470026,0.7967178434601243,0.3210689911211069,0.30876412183682866,0.9112270868115389,0.8034406041869142,0.9272710960053037,0.8864069379392837,0.6809486930866837,0.4835885785104884,0.6750851880022353,0.7970688433398971,0.8034406041869142,0.41543500404712064,0.4432655023622729,0.8460652828957045,0.8034406041869142,0.699590515160027,0.7090964754730236,0.666888575723199,0.5814791650619286,0.6185237750859502,0.8161014651903721,0.8034406041869142,0.6441751125366225,0.8034406041869142,0.6435390196008135,0.47649819129124893,0.4579711666688957,0.8034406041869142,0.7310894659171963,0.8034406041869142,0.6928786130602131,0.9006279647095821,0.631030745131475,0.4264350080273648,0.7590398124066347,0.2243718838598059,0.7908522591242595,0.7645900706382259,0.7856556945152353,0.7968236539766131,0.6613856286267019,0.8357903475639031,0.7995678811777466,0.7909062361234077,0.8412590452106639,0.8066762515768933,0.7516450626631754,0.9127457223106934,0.6720693396843564,0.9158753101862855,0.5377389218176458,0.844642392947003,0.8034406041869142,0.6569997192723622,0.8034406041869142,0.9087026176190247,0.60590151243663,0.8550590262373865,0.7405777400304276,0.19997341330220042,0.9272710960053039,0.667520541984608,0.6794119432585854,0.5808448155986898,0.9388998151934461,0.49028330164875555,0.9379289486366635,0.560139592974467,0.8013063580853194,0.46242071470238133,0.8246995355877347,0.8961018767134863,0.5475695011506171,0.8541916441056754,0.6740745953545282,0.8144121542847744,0.8514954052939794,0.9092150315886045,0.6363946117285535,0.8236614723660352,0.49284734443624156,0.4855434581030642,0.6045015293751275,0.7874151753009926,0.3759711258999223,0.8874020616711109,0.8692558122439302,0.8652429493090354,0.7874151753009926,0.9840290724795471,0.4546524384948525,0.9939869207585603,0.5313880129662902,0.7247266489529103,0.7590398124066347,0.6444725194880576,0.3520788215469859,0.7250365364710567,0.7590398124066348,0.9408585557806558,0.11017166283228197,0.7874151753009924,0.5887023926848438,0.451877127353141,0.41697458331854553,0.9318472692682924,0.9575447134426063,0.74158624886112,0.9035477636686567,0.7250365364710563,0.8623629889204502,0.3576895199167849,0.7365746984267767,0.8499491840936453,0.6878336405222061,0.8637634588274636,0.4210296229452565,0.7377705001885548,0.6274995460797006,0.8889754030626611,0.6899670775316538,0.5941845951921687,0.6233578795114718,0.8688863738230547,0.6784640757717257,0.90451741673321,0.8931856959866573,0.8016643149446911,0.5569850193110321,0.8773227008453233,0.8034406041869142,0.823661472366034,0.8234363774878546,0.6733641552206737,0.7874151753009926,0.8308451806834369,0.9542549264295613,0.8034406041869142,0.961631748528288,0.8382998407874567,0.9208080491296565,0.8121068431199913,0.6788825735660267,0.733238024457888,0.8550590262373865,0.4316733572022846,0.2436280311413589,0.9616317485282881,0.7788311817515328,0.3075978953630628,0.8167164530539832,0.743310430669234,0.2655810227329217,0.7730041619301575,0.6896402876485574,0.8833079980022117,0.214973479316946,0.6444725194880567,0.23852447101104501,0.7170495367094288,0.7970688433398969,0.9891696650568429,0.5981210910671958,0.30269776926332304,0.3320719875421769,0.12784025527981857,0.8034406041869142,0.4477402585561747,0.7758509426848068,0.7287292913490437,0.8647218718345077,0.8816963258058592,0.4667398474160347,0.8034406041869142,0.8034406041869142,0.7944524639263131,0.6953574711557826,0.5275001020185706,0.8034406041869142,0.9045174167332098,0.7984578922301158,0.7048930661935313,0.4770344844760437,0.3821285112143431,0.770022070545618,0.7124993981428092,0.8305824928250912,0.19751567997435437,0.19741118932321866,0.8034406041869142,0.42502305479838676,0.6684533966900719,0.2089134111428863,0.2681131212416279,0.7928563322485562,0.7165877452872564,0.7590398124066347,0.2844271918877026,0.8034406041869142,0.21419561198799653,0.9978811378404746,0.8754594230376898,0.6554656032555446,0.8099835577726884,0.30618167946845787,0.7348294133657356,0.8034406041869142,0.7744770265870806,0.5028105842738482,0.8034406041869142,0.8656266978020222,0.6961135772558376,0.495053386785949,0.14734820225634726,0.308481148453402,0.8034406041869142,0.7683365716661771,0.5904135981007546,0.9939869207585603,0.9362768017525644,0.7071511082109341,0.6754579447755789,0.6452038871546917,0.5998457621970638,0.759039812406635,0.8016446796362817,0.5606359366745557,0.810751614843645,0.45691931666547614,0.8158597028251076,0.3561395164617307,0.773794487307585,0.7681703273063951,0.6952811356832638,0.8034406041869142,0.9744034713007481,0.6324076872277782,0.6857279248536616,0.8407400751955079,0.7779542772420378,0.8177473260356312,0.8712075926241509,0.9847632503202342,0.7908522591242599,0.8899309019465469,0.8268937139146135,0.9267535907127284,0.4872078265653067,0.7302670857862803,0.9403775636724252,0.4055305731545449,0.8816963258058601,0.9231252856087151,0.9492362474599018,0.6601919386923611,0.8785527194075505,0.8688863738230547,0.6078588013839712,0.770206829930971,0.9564576371130908,0.7623657210733217,0.8065973795338627,0.5720344888234432,0.9711616796763259,0.8357903475639031,0.8650097788609219,0.9540868116080646,0.8919254435416041,0.7745212844559948,0.791771161948609,0.7301300220540641,0.6893733367354036,0.5834504931588569,0.6525859899353028,0.9268067670547344,0.8522516518389143,0.661584185679742,0.7596001993032377,0.7906997182909645,0.7737944873075853,0.13439426818334377,0.8162556185720584,0.5510885272077692,0.7680300869932908,0.8465778950629684,0.8681912769076578,0.7590398124066348,0.8535242608358199,0.5217397480706887,0.7890529906806788,0.7253664294537565,0.8723257484157794,0.7738319121001587,0.7063487934589974,0.8754996871813409,0.8181440029244604,0.7694888442957546,0.7170495367094292,0.8864565801087378,0.8382998407874562,0.6591569239342834,0.2511695780563925,0.5569539287051279,0.7332093884468581,0.8161014651903724,0.4795408291725445,0.8833071939454276,0.7847770412204684,0.46083563086999835,0.8034406041869142,0.8102429911512921,0.8034406041869142,0.8034406041869142,0.3735360615446479,0.7507137152048755,0.7209996507183951,0.8034406041869142,0.3985883034559822,0.39781044119862674,0.6905829075786893,0.8104549819558644,0.46937229408572567,0.4439384847333425,0.7809472719384511,0.7910807265600486,0.4063397191961582,0.7788311817515319,0.879393853820487,0.8308451806834372,0.6812648412425208,0.4703099413082972,0.4963309478379849,0.6998711275350606,0.8044279925348341,0.8715374598583743,0.6734920183072013,0.8102429911512916,0.5838027567812726,0.759039812406635,0.7413380542420491,0.7856556945152353,0.9406250895146373,0.7415092985355165,0.5060206575486648,0.6522316975634994,0.6364513134356831,0.7507137152048753,0.9615811908636176,0.816716453053983,0.7616705812240057,0.838153827529465,0.8560694986946357,0.5275500569881566,0.4826791780911892,0.8550590262373867,0.5826196597946054,0.7847770412204691,0.7439354277430283,0.50040762486396,0.816101465190372,0.3186985107518183,0.6455353402737842,0.8833079980022117,0.19726373896739302,0.4055305731545451,0.6234794674504403,0.0,0.8065973795338619,0.6927787155397329,0.7374009961013606,0.8034406041869142,0.7681703273063951,0.8076294814895695,0.8603122475559111,0.5535078164146938,0.8576110343889238,0.7908522591242604,0.7280878837174972,0.2553423714611658,0.9261554753571923,0.31797004147487007,0.7976242880027451,0.26818968279183075,0.9386779016893061,0.4971874836963526,0.7908522591242597,0.9140070888488472,0.6254095348935866,0.7354964876969659,0.7559076557555617,0.6163078257275385,0.7126014090601516,0.25934965749138406,0.5398743463224658,0.8740539131790724,0.4736749283565307,0.34860591314257405,0.7097729202536769,0.9045174167332097,0.797003528787628,0.8099835577726888,0.5022780170269623,0.7743206006490873,0.6011847723927639,0.7970688433398969,0.20772560886402114,0.2040172630214656,0.9583081002571008,0.6344780238518539,0.9379289486366635,0.7323013298153074,0.7620100255865642,0.769703436768225,0.8852906984610467,0.6591569239342834,0.8502217146252433,0.97061038613045,0.6940552489589511,0.9075916123312491,0.7995678811777467,0.9208080491296563,0.8034406041869142,0.819837561899573,0.41232841647882834,0.5125672414688904,0.6513069119022097,0.8034406041869142,0.6379448720474648,0.33327990250655826,0.6707982851076646,0.982563224824836,0.5106529457935395,0.5745882810354865,0.5992936808801534,0.9532474588467392,0.6942207150285533,0.979921030155503,0.4485461356024443,0.5994395895410425,0.7776146431362675,0.5049939851796001,0.9141894691335394,0.9682320725323337,0.7725236234856334,0.8458079468747679,0.7615111305837989,0.7519316033824275,0.808307895747323,0.7015719051948943,0.8292132964580019,0.7984578922301157,0.7805585686653431,0.42659787652137127,0.8723257484157796,0.888748069240409,0.8336259210976948,0.262439533948008,0.28387696272171103,0.7970688433398969,0.9565556505345046,0.8109966950136318,0.7970688433398969,0.7970688433398969,0.7241786478616492,0.8034406041869142,0.7847770412204687,0.7100994863038873,0.8034406041869142,0.6652291305648668,0.8790902721651892,0.8723257484157794,0.759039812406635,0.8634735286984616,0.8099835577726882,0.7970688433398967,0.30579697141675366,0.46426406974584644,0.7507137152048755,0.3976442003669738,0.8034406041869142,0.5797489123657973,0.9105554318849857,0.7559076557555615,0.42160275454707596,0.6209208620231872,0.8214410829293153,0.8381538275294651,0.7561484462020096,0.9021185987459699,0.9381134314224797,0.8837653572836093,0.8201778828390256,0.7757588027343015,0.8016566365370019,0.672767559430214,0.7919930754527491,0.9744034713007481,0.7956907020954315,0.7893429363023051,0.7529566200073373,0.4667459518344348,0.8034406041869142,0.9122011789681068,0.47511621323302733,0.8460652828957045,0.38028527561693937,0.769488844295755,0.938899815193446,0.3961055963360349,0.8177473260356312,0.38714117978592455,0.26420424778617435,0.8034406041869142,0.8034406041869142,0.7041674619323581,0.7637354515340871,0.7061154961111291,0.5179409084631272,0.5059553796322744,0.3837094292149512,0.32765855910802877,0.37261861419489195,0.7697034367682245,0.35064685403729046,0.8034406041869142,0.8625157153547962,0.7681703273063951,0.8541916441056754,0.2299227174575197,0.7874151753009926,0.49909458236017645,0.8034406041869142,0.8034406041869142,0.23499641669725668,0.8268937139146132,0.3516452675350794,0.7106569263689442,0.3803855045179596,0.5045408421778385,0.7824445211371707,0.8322398755260962,0.44886341840392197,0.4123721066193937,0.8034406041869142,0.624415080330964,0.3565135294491413,0.8674757120876195,0.8723257484157794,0.7427833179008021,0.9870080516273366,0.9743562129236722,0.656632448661479,0.8393054423308419,0.541069203721837,0.8034406041869142,0.35457047584276613,0.8458046515460501,0.6270567194492793,0.6376040847316411,0.4816066037234715,0.873084911049196,0.6321074982282908,0.4033431442107672,0.8634735286984616,0.9258602558370641,0.4807384289242922,0.7847770412204687,0.7976242880027442,0.8587681131001326,0.7348773722893931,0.3754676740977625,0.949251687851441,0.7970688433398969,0.6785907853681341,0.7459058401643097,0.7725236234856335,0.8912231933031529,0.9958081513845455,0.6984693519082983,0.8916916952331206,0.8541916441056756,0.689355370200168,0.7486696473848218,0.6140469724291688,0.8034406041869151,0.8688863738230539,0.8065973795338618,0.7616705812240054,0.3375849709241808,0.7604262241490395,0.7970688433398971,0.894614142346501,0.6054572297547585,0.8099835577726877,0.3953014282675641,0.700182061530978,0.5423450528487703,0.5864368775167355,0.8034406041869142,0.543324675578725,0.9171838909249068,0.38212851121434355,0.8460652828957038,0.873777826349144,0.7453604556956166,0.6838059570150261,0.8034406041869142,0.30564733862160476,0.17259626439079756,0.972056768672354,0.3226877864369082,0.39243374266430187,0.33823644400705466,0.7995678811777467,0.41219685563465536,0.6889611966413902,0.8756192898237551,0.47361165782788106,0.6722669822273886,0.5662889979145946,0.8083078957473225,0.8107516148436449,0.7700220705456177,0.8730054143161925,0.9885951747581181,0.4407491278087945,0.8078408524710095,0.17266984924850748,0.8034406041869149,0.7970688433398969,0.4537684435671894,0.36226604002738283,0.7602758163549759,0.33089685515281086,0.2502407577215857,0.8034406041869142,0.2548726337889895,0.35968062934759204,0.6652259006747736,0.8034406041869142,0.44509487394194847,0.9140070888488475,0.7874151753009926,0.773794487307585,0.7970688433398967,0.4674519973028145,0.866379255064934,0.8970271334681275,0.999165641809077,0.9354388266612391,0.7876708427409358,0.1725143523646291,0.8034406041869142,0.7615111305837992,0.8034406041869142,0.8723257484157794,0.5987216901887402,0.6274995460796993,0.8541916441056754,0.7146824480374372,0.5474242150229551,0.7342941427763496,0.7445602317122896,0.8034406041869142,0.541860701477211,0.4076466273676902,0.5448234738029,0.883085043738555,0.8650914629573027,0.9565556505345046,0.9441563491397201,0.7049128295905285,0.8637634588274636,0.6641055733165002,0.2747441452802506,0.8637634588274636,0.6850594834341532,0.7681703273063956,0.43207012563093294,0.8637634588274636,0.8541916441056754,0.8925339598465748,0.8393054423308421,0.598121091067196,0.7608400806946962,0.805358997222712,0.733238024457888,0.7688760043725213,0.6059015124366316,0.8199560315130039,0.685844001958483,0.7513096392970229,0.8246995355877351,0.8336259210976944,0.6311426564455147,0.6057251523966369,0.5492522364844723,0.6230427557435296,0.7842638604732382,0.5335547607348402,0.7741192897807863,0.9272710960053039,0.789342936302305,0.7688730674204198,0.8879362697678999,0.9499116455641394,0.777954277242037,0.7634791577540072,0.8309654350490981,0.7776146431362675,0.7406042433458853,0.7353205838983641,0.6544555749911258,0.8704370441270926,0.6795140257346721,0.6300853915367959,0.8205218458934367,0.7852697636962742,0.7415862488611199,0.7657499998852304,0.5687833212154008,0.7020783716527796,0.6644426001532189,0.987669130288321,0.9613585727435356,0.835790347563903,0.7507661246104325,0.7348773722893926,0.8481478056752447,0.8106404271612115,0.848624827193509,0.844036634398722,0.9995568894199645,0.6940552489589509,0.7884113775953749,0.8161014651903722,0.981455052643508,0.9857908735165988,0.789342936302305,0.8088319429713118,0.6061727819811167,0.7196443494770546,0.9408585557806558,0.9968546232647972,0.539874346322466,0.992805198020063,0.778826670293799,0.80572173720517,0.40179141052738476,0.891925443541604,0.5217541110905607,0.9711616796763259,0.4548172702364204,0.6652291305648672,0.7776146431362675,0.6169149726236987,0.9256803841543759,0.8674757120876189,0.8460652828957038,0.8282483010620805,0.8382998407874562,0.9979625962011209,0.8102429911512921
p206_G,0.942170401769862,0.7786756435711477,0.8992597885323736,0.8621423904215093,0.9384124008873462,0.8265261252013361,0.9636154905080612,0.9676771304454341,0.9162839533116927,0.9517679141853161,0.9775200810036836,0.9364159486136479,0.9364159486136479,0.6689549697166814,0.9697330058338496,0.9492700421601004,0.7609668999058945,0.8695898034667457,0.9493347822888889,0.8399952979278096,0.8984817173155905,0.9345002823263696,0.9881818565067269,0.9975839852098576,0.9389585973436583,0.9169296077473634,0.9652792462742582,0.9351366270846038,0.8399952979278096,0.8447179603070155,0.9090636753073358,0.9447481688519046,0.9307015751744632,0.9761289800255133,0.9384124008873462,0.9180945689966621,0.9975839852098576,0.9197042164521497,0.9543141322095119,0.7064743333669561,0.9943104640015845,0.9185607716438657,0.9543141322095119,0.8944090873373052,0.7098888133138037,0.8778233501273753,0.9425720985427191,0.8793449357816121,0.8325430993559758,0.8688077246092831,0.9447481688519046,0.8221315515134326,0.9169296077473634,0.9288758056186719,0.9805663112989256,0.9964991389010722,0.7965749640015882,0.938412400887346,0.9951364972067693,0.9344681175525122,0.8860899491808243,0.9933425284496658,0.9596257255045417,0.9099317521606789,0.9894382119329368,0.9831926995272839,0.6882614075356617,0.9038902485724094,0.8872648059877548,0.9493347822888889,0.828330491742178,0.9586118653449948,0.9384124008873462,0.7898596515802687,0.938412400887346,0.8919047203852768,0.9720496894409938,0.6436356430904485,0.7857618044451697,0.9726326202607707,0.9747821421515683,0.8148116781454422,0.9106019687464653,0.9596257255045417,0.938412400887346,0.8050500444117383,0.7943252399774148,0.8591571271495144,0.8714181886270882,0.9364159486136476,0.938412400887346,0.6439592526212664,0.8085789921651069,0.8762657667398075,0.910601968746465,0.8793449357816121,0.6524374381775515,0.9528344261864474,0.8059848741599325,0.8775479624637765,0.8793453228405244,0.8803288140439886,0.895401496072259,0.7241799309330033,0.9366408860297535,0.9493347822888889,0.9438307679586413,0.7542498041632224,0.9235944347702933,0.7925699855750052,0.5318026903064182,0.8643990948144241,0.7900926895085651,0.766316653133492,0.9425720985427191,0.7848235367990131,0.9248999189762372,0.9493347822888889,0.9543141322095119,0.8542491929403548,0.8944090873373052,0.6390265872092588,0.7556959734955933,0.8926496087949568,0.9976781567382803,0.7749787983891119,0.9404624926714933,0.8583422593496205,0.9902428565647541,0.8972500807670707,0.8457245959495676,0.9983948723195168,0.5659312663315168,0.9543141322095121,0.7098888133138037,0.9397609250460663,0.8533649275956028,0.8717566193418785,0.9447481688519046,0.934468117552512,0.9247919365880772,0.9517679141853161,0.8116397691515886,0.7962779506613692,0.8092714034168131,0.8916043634534068,0.9766700147113563,0.8085191611024445,0.915319368665986,0.7070356115394663,0.7705830352988516,0.8860899491808241,0.9390118367484177,0.8847182735650863,0.8717566193418786,0.915319368665986,0.7236986490214592,0.8958248142311334,0.9895258967473566,0.8154708889081048,0.9453616138838494,0.9393618431817528,0.5939999543203036,0.7841656069034117,0.9382989277549898,0.8461559728984578,0.9115644070854612,0.8985526801638487,0.9508067898672805,0.8124356772187871,0.7848674221395789,0.9364159486136476,0.9964991389010722,0.9639493594097941,0.9529026417410933,0.920857127239587,0.8518092446394379,0.953270574735855,0.7198796081207546,0.9306760851396484,0.8930024213743273,0.8948241071649097,0.9207305022599922,0.9364159486136479,0.8820463820882143,0.7868431748916589,0.8542491929403546,0.9130812730632978,0.9288758056186719,0.7402395084267586,0.9344681175525122,0.8833742009912298,0.873555150887996,0.8642044212662672,0.9530007332467465,0.938412400887346,0.9404624926714933,0.9344681175525125,0.8793449357816123,0.9997738450058217,0.9601639163785549,0.9364159486136479,0.938412400887346,0.9955458343547788,0.9118444176211855,0.9517679141853161,0.938412400887346,0.9470641338896126,0.8972500807670709,0.8919047203852766,0.8528864588605999,0.8498468750760653,0.7406226036797148,0.938412400887346,0.8515242770126848,0.938412400887346,0.9166817637654094,0.8940953392712783,0.8251068045020447,0.938412400887346,0.7691027064994953,0.938412400887346,0.9871277706705412,0.988684601167712,0.7368022728899879,0.8692513773147479,0.9983948723195168,0.7701028389685363,0.9344681175525118,0.966854861926912,0.9720496894409938,0.8128115225225255,0.8435512004165022,0.938858661103084,0.6882614075356619,0.8780124908814333,0.8977731789942536,0.9146756363968287,0.8728900869159036,0.8972500807670709,0.8972500807670707,0.9325645805415599,0.6390265872092598,0.9607441863599593,0.938412400887346,0.9146756363968285,0.938412400887346,0.7973195980149679,0.814222044228904,0.9447481688519046,0.9121566723282286,0.746337704583335,0.9404624926714933,0.8958248142311331,0.9694100907323095,0.6089450084951171,0.9775200810036837,0.8317311854817002,0.9425720985427191,0.6028254964328422,0.9273614004407349,0.8111328445391479,0.9364159486136476,0.9469990271543745,0.7633523910171192,0.9543141322095119,0.8725034033256203,0.7979426727616277,0.9185607716438655,0.953270574735855,0.6478206539890431,0.9447481688519046,0.8163293560597349,0.7542498041632225,0.8734201452534448,0.9493347822888889,0.7925699855750055,0.9970882712052179,0.814811678145442,0.9249249284229157,0.9493347822888889,0.8719532289905911,0.8230336972798562,0.989438211932937,0.9965533049210542,0.5144050331528176,0.9425720985427188,0.9120600632071982,0.7660430807260572,0.9868619655962765,0.9983948723195168,0.8803288140439886,0.7181817620524507,0.9493347822888889,0.80357247142287,0.8240592260016,0.9919151906069512,0.9381442798450033,0.9843798933538865,0.8954014960722597,0.5383826453815986,0.9344681175525125,0.9329216899439506,0.8081311165025298,0.9400658022383344,0.9425720985427188,0.8745660213523159,0.8986853937484476,0.9089200699333636,0.9245613707051723,0.859763049448478,0.7685421777340042,0.9657137989863054,0.8006066801327185,0.65472493810887,0.9094075605567674,0.8833742009912298,0.9788198231857259,0.912060063207198,0.933316065142574,0.8693573118539373,0.998394872319517,0.938412400887346,0.9447481688519046,0.9473257685964234,0.656109214680856,0.9493347822888889,0.9469990271543745,0.7406226036797143,0.938412400887346,0.9694100907323093,0.9493347822888889,0.6804196301419014,0.9609356788097783,0.8227249161696055,0.7264869886153867,0.9447481688519044,0.8227962496162919,0.7386814119389042,0.9694100907323093,0.9307015751744632,0.6378865331975117,0.9425720985427191,0.9388586611030842,0.6969317396510601,0.9288758056186719,0.8916043634534065,0.8995793727310535,0.7871225841520781,0.6884381496726204,0.7545944733274381,0.8631230730900764,0.9364159486136476,0.942699969372641,0.6390265872092589,0.7660430807260574,0.7674880140872875,0.6845353270675445,0.938412400887346,0.8227755500574694,0.9001312905981322,0.6067606373456041,0.9738359568456645,0.9517679141853161,0.8379007267842431,0.938412400887346,0.938412400887346,0.9153193686659862,0.8833742009912298,0.6685798819675625,0.938412400887346,0.9094075605567683,0.8400061283921278,0.8621423904215098,0.8753619326452875,0.8642044212662672,0.8400061283921284,0.857646048313982,0.7008752117447783,0.7568855549684005,0.7991974998107609,0.938412400887346,0.9423156342442656,0.5545461062092045,0.7529611614876075,0.8037545953914222,0.8576460483139815,0.8291578355036286,0.9425720985427191,0.7527444777600505,0.938412400887346,0.7200295947546946,0.9549820389811022,0.8820463820882143,0.8106444135981956,0.9404624926714933,0.8828584219345672,0.7202452719542993,0.938412400887346,0.8740433118343505,0.8351514675648021,0.938412400887346,0.9750525882012046,0.9899050576655617,0.9386680839111541,0.6665771691933589,0.7602000973042937,0.938412400887346,0.8512900721023177,0.9038902485724094,0.9894382119329368,0.8951705006571324,0.9331543600073642,0.8874576548572417,0.8888323772351052,0.6571598690183849,0.998394872319517,0.9400658022383344,0.8623348546394309,0.7184021671085598,0.8214901584035272,0.6512998467792643,0.953270574735855,0.9218915803605507,0.9447481688519046,0.9976781567382803,0.938412400887346,0.9843798933538865,0.9897224478284306,0.8883205441470443,0.9270843653068206,0.9529366743750116,0.9868619655962765,0.9094800686623228,0.9452945222517778,0.934468117552512,0.7390311967799452,0.9938077685674778,0.9736413441112677,0.9755321030770572,0.6887990188427526,0.9493347822888891,0.8392653276543485,0.9517679141853161,0.9776172307537021,0.943218574940366,0.9502976426440877,0.9253246753246755,0.7705830352988512,0.9077536680526114,0.9351366270846038,0.9601639163785549,0.9185607716438655,0.9253246753246755,0.9799759007960187,0.9983948723195168,0.938858661103084,0.9304719414430939,0.9355636711872983,0.8589740229104704,0.9418510134399245,0.9270843653068206,0.9090636753073358,0.7411161192530771,0.7717708609035461,0.6839567403970839,0.9652792462742583,0.8714434875280939,0.648240983533894,0.906032704732697,0.9202142532643909,0.921891580360551,0.6866452856941754,0.9270843653068206,0.94957865244135,0.9202142532643909,0.88635401297991,0.7732053839664665,0.8803288140439887,0.95837887669211,0.8002569984255209,0.9524593769068035,0.9099317521606789,0.9493347822888891,0.7935283637969429,0.9297118524554642,0.9469990271543745,0.9351366270846038,0.9325645805415599,0.812044986497986,0.9329216899439511,0.9493347822888889,0.5753908633586244,0.6714749919166259,0.9297484119999462,0.9902428565647541,0.848276419581927,0.78576180444517,0.9549422857308885,0.9325645805415601,0.6580976262124214,0.938412400887346,0.9469990271543745,0.938412400887346,0.938412400887346,0.780233137915181,0.9218915803605507,0.5766271929053318,0.938412400887346,0.79302428777175,0.8283134374502998,0.8972500807670708,0.9449653452785577,0.9711143145838554,0.9951364972067693,0.6887990188427526,0.8820255041972338,0.8058941123210297,0.930701575174463,0.8919047203852765,0.9469990271543745,0.900131290598132,0.8734201452534447,0.8253412912328226,0.6150482065381659,0.9805663112989256,0.9344681175525122,0.8329889323222541,0.7351871682821832,0.7509192328478387,0.998394872319517,0.6061709900633299,0.9253246753246755,0.9619687983522078,0.9881818565067269,0.8163293560597351,0.9466763852073137,0.8860899491808243,0.9218915803605507,0.9030571559620832,0.998394872319517,0.9253246753246758,0.9452945222517777,0.9315204524190162,0.8528864588605991,0.7159500210071938,0.9447481688519046,0.8844674671526606,0.9325645805415603,0.8988255488132137,0.6223529172666649,0.9902428565647541,0.7291977626071651,0.8883739256494589,0.9543141322095121,0.7068106301215105,0.8647946830029141,0.8820255041972336,0.8065973795338619,0.0,0.8874576548572417,0.8571990620055041,0.938412400887346,0.9447481688519046,0.8986853937484474,0.9384124008873465,0.9553802235749372,0.9253246753246753,0.9868619655962765,0.9687835678910892,0.808578992165107,0.8532920118076436,0.7631344888106666,0.9517679141853164,0.7254970789730764,0.9270843653068206,0.8380970570148378,0.9868619655962765,0.8698394803276874,0.8576849567495957,0.6699581067268914,0.814811678145442,0.9569101903668125,0.9119538452706664,0.8195527717266706,0.8342796354092272,0.9761289800255133,0.7952640490644385,0.8223248542353354,0.9090636753073353,0.9094075605567682,0.8931429413816419,0.9404624926714933,0.8438740746563687,0.8820255041972334,0.9007549832165642,0.9364159486136474,0.8412716227231138,0.8144473291952737,0.7534728776716186,0.8818820891501595,0.9425720985427188,0.7681977112879728,0.9715878604207602,0.961968798352208,0.8806825133605405,0.8529922656154153,0.9235944347702933,0.876684909397723,0.9270843653068204,0.9364159486136479,0.994086760546023,0.9543141322095121,0.938412400887346,0.9388586611030838,0.839271530764569,0.7660430807260572,0.7198796081207544,0.938412400887346,0.85848016091215,0.6982090012035684,0.8860899491808243,0.8621423904215095,0.8833742009912295,0.7048633804674473,0.942315634244266,0.8312866833848177,0.8839433174378559,0.9131776986214086,0.8189138111500283,0.829835318522635,0.9469990271543747,0.7261729094076249,0.8379601434210561,0.8803288140439886,0.6699581067268916,0.680419630141901,0.9121566723282286,0.9868619655962767,0.6804196301419014,0.9288758056186719,0.9137287800621365,0.729215393031865,0.9854880895929257,0.9767597240106802,0.9493347822888889,0.9384124008873465,0.9253246753246755,0.7191980738903953,0.7602000973042937,0.9364159486136476,0.9940867605460231,0.9325645805415599,0.9364159486136476,0.9364159486136476,0.9015883421806546,0.938412400887346,0.9836426671336507,0.9211999702940652,0.938412400887346,0.8148116781454424,0.7390381510282644,0.9843798933538865,0.998394872319517,0.9894382119329369,0.9404624926714933,0.9364159486136476,0.7218645934534562,0.8279010131824398,0.921891580360551,0.8072081079523783,0.938412400887346,0.5726652981535848,0.8803288140439887,0.9202142532643909,0.79741987109302,0.8728925238321826,0.5866679472105389,0.7739300446366845,0.9235944347702933,0.8863540129799105,0.9694100907323095,0.9384124008873462,0.9945519661064197,0.9809768509989654,0.8529922656154152,0.9552408668839931,0.9270843653068206,0.9180945689966625,0.7064743333669571,0.9425720985427191,0.8088615062113478,0.8085191611024447,0.938412400887346,0.7846107607119962,0.9440339250970746,0.9517679141853161,0.8710079794600136,0.9142011596821674,0.8344267504694404,0.7871322076693468,0.9868619655962765,0.7704785283301391,0.7626344421086073,0.938412400887346,0.938412400887346,0.8958248142311334,0.8580986120114138,0.7588230416072199,0.8990278748450162,0.8124356772187871,0.7150457493413601,0.8669466104824922,0.8050970917475233,0.7341750146893973,0.7973846889888168,0.938412400887346,0.9115001904163031,0.9447481688519046,0.9543141322095119,0.6847799425493395,0.9493347822888889,0.7952640490644383,0.938412400887346,0.938412400887346,0.7496678352244859,0.8400061283921284,0.7832186519271109,0.9253246753246755,0.7006152153619437,0.9943104640015847,0.9121566723282286,0.9418510134399245,0.7992764522645042,0.6392307869144762,0.938412400887346,0.7420900754778976,0.7788386614655776,0.9404624926714933,0.9843798933538865,0.9806143176228139,0.9119261761212715,0.9004016904774774,0.6944930450404404,0.9404624926714933,0.9613476296077832,0.938412400887346,0.7898596515802687,0.7681977112879721,0.8780124908814335,0.7657361527625505,0.9742312550591599,0.9288758056186719,0.8847289094375663,0.6306906648713109,0.9469990271543745,0.8406398513598703,0.8330058363036981,0.9836426671336507,0.9788198231857259,0.906032704732697,0.9169296077473637,0.7973846889888168,0.9447481688519046,0.9364159486136476,0.8495413835116428,0.9137287800621365,0.9945519661064195,0.942699969372641,0.9543141322095121,0.9945519661064194,0.9543141322095121,0.9543141322095119,0.6935227772080306,0.9784698031455155,0.8740433118343502,0.9384124008873462,0.9094075605567674,0.8410502540937331,0.9253246753246755,0.7320794879815146,0.9805663112989256,0.9364159486136479,0.9964991389010722,0.9022591883114603,0.9404624926714933,0.8529201164520533,0.900131290598132,0.8591705443298996,0.8305634338754778,0.938412400887346,0.5830551247750859,0.9384124008873465,0.7689244285564301,0.9517679141853161,0.8643990948144241,0.9202142532643913,0.7557309362893823,0.938412400887346,0.7631344888106664,0.7068106301215102,0.9202142532643911,0.7886191024792868,0.7898596515802687,0.7732081684608061,0.9447481688519046,0.7843868042871207,0.8633657763496989,0.9327820360219161,0.760489710713347,0.8532920118076437,0.7086928961058303,0.9543141322095121,0.8083287302412826,0.5076339223113397,0.9083753558180288,0.9993652126586652,0.8045770730392643,0.9146756363968289,0.6989388126021301,0.9384124008873462,0.9364159486136476,0.8338004366010847,0.7691027064994954,0.9384379605067441,0.7529611614876075,0.723687006960239,0.938412400887346,0.7673631244868373,0.8977504540898162,0.7075924538576471,0.938412400887346,0.8058941123210299,0.7701100080787618,0.9493347822888889,0.9218915803605507,0.9364159486136476,0.9309704742085613,0.9169296077473638,0.9382989277549898,0.8379601434210562,0.8388532239846523,0.8532920118076439,0.7190849004509698,0.938412400887346,0.9937166764217946,0.938412400887346,0.9493347822888891,0.7298393669997533,0.8597630494484776,0.9543141322095119,0.9106019687464653,0.8803172587089366,0.8847289094375661,0.8235049062805442,0.938412400887346,0.8462173732414175,0.8318010191319407,0.923059806975927,0.7340202360767906,0.8972500807670709,0.8717566193418784,0.9090636753073356,0.907540871911573,0.8986853937484471,0.8701112326985441,0.7475543349080889,0.8986853937484471,0.9833076730146284,0.9447481688519044,0.9786774257765747,0.8986853937484471,0.9543141322095119,0.8268936857095681,0.9404624926714933,0.6684339708257333,0.9902428565647541,0.9466763852073139,0.5939999543203034,0.8688077246092831,0.9584859817309161,0.988181856506727,0.8958248142311336,0.915319368665986,0.9364159486136476,0.9812252964426879,0.8925326077289388,0.7462299379986126,0.9573236881256734,0.8476498264709562,0.8930024213743273,0.975010423374774,0.7905201773596361,0.9975839852098576,0.9425720985427191,0.9778787924688122,0.8201718145291879,0.9121566723282286,0.843163315391073,0.8793449357816121,0.9447481688519046,0.9469990271543745,0.958486072074904,0.910601968746465,0.7284155890673571,0.9001312905981322,0.9719642951540399,0.9252877123226004,0.9847742533056744,0.9075408719115727,0.9938077685674775,0.9519563995220974,0.7789487259194532,0.8228763153615667,0.8793449357816121,0.8948181770968855,0.9258754510202482,0.8747897442847685,0.9901450030984478,0.9169296077473634,0.9142011596821672,0.888373925649459,0.9943104640015846,0.9273614004407345,0.9469121786862353,0.9270843653068206,0.9127419927838323,0.9364159486136479,0.9087592590228641,0.873555150887996,0.8803288140439886,0.9404624926714933,0.8919047203852768,0.9121566723282284,0.6441966974929337,0.9965533049210543,0.8878736175094186,0.9905817887073166,0.8035626422286675,0.9344681175525125,0.7966052392676444,0.7706493333804144,0.7914731738068147,0.9393618431817529,0.829178883741835,0.9472987124405255,0.9469990271543745,0.8701112326985443,0.9619687983522078,0.7739300446366844,0.9517679141853161,0.9492700421601004,0.9493347822888891,0.9521510945761814,0.9469990271543747
p206_I,0.7716658635626467,0.8928095235358378,0.8022815916598933,0.9742054644591542,0.9471856021934963,0.931147340525424,0.9233781505195771,0.9414890577980588,0.9905942516406374,0.5714316619801891,0.958999249604074,0.9819150380375274,0.9792140372249502,0.8583829421286899,0.9868402954685713,0.9121029296440536,0.9352547073163471,0.8748055425712824,0.9236430180495621,0.9273099638694315,0.794469427608091,0.8874576548572417,0.9472238480293103,0.6359772303187257,0.9510212795701292,0.998136987240644,0.8983688348924415,0.9262793072625786,0.9774358012844695,0.9669241642860043,0.9775045642801594,0.9167305843279034,0.9315707757470981,0.9862580849438627,0.9071820194155724,0.971510747264704,0.9102716897738725,0.8955611203771285,0.5940561951811458,0.9027254843534638,0.8161539917768375,0.652531690432673,0.9105871713767661,0.9549734637857183,0.9352547073163471,0.9245582221577351,0.9134510531460027,0.9496297805061304,0.87237876929314,0.8458646816703471,0.5973977130084672,0.7623054685545754,0.998136987240644,0.9984049036240452,0.9964099135129637,0.8699816110295118,0.8012705040805246,0.9071820194155717,0.9054861327953307,0.9012376341940858,0.9542352483212059,0.825789442179975,0.7243672622532933,0.9302917218820509,0.9201228276565452,0.8606612345826787,0.9949291060968913,0.6959874682439857,0.8368143194923114,0.971510747264704,0.8561308614012542,0.87237876929314,0.8127929011389605,0.6775065396510191,0.9071820194155717,0.7925264018514979,0.9549422857308885,0.8901096639134571,0.8457690611386215,0.9311473405254242,0.5932184434069174,0.9116474872122646,0.8652692287290058,0.9673041260733033,0.9071820194155717,0.849488987006966,0.988684601167712,0.871580328361003,0.8151648550825131,0.9430441133000047,0.9071820194155717,0.8022815916598933,0.9596479731188965,0.7561978138663652,0.9233367877012701,0.7174216655692105,0.7983669324899145,0.7944694276080908,0.8365059489842352,0.9095546905251796,0.8998677823831449,0.9134510531460027,0.9071820194155724,0.8547950538921116,0.8630364988833326,0.9236430180495616,0.8303886925795054,0.7663828589160417,0.9497218441301533,0.6890531235452116,0.7935527932460547,0.7465725820653673,0.9600183757398066,0.8593469706507231,0.9560815611946234,0.8292537162168289,0.9280079835652404,0.5976796897990189,0.931147340525424,0.9499313111401542,0.8784129321747909,0.9817148430281428,0.8848500287036507,0.7933880750039254,0.9364712649059634,0.8959677839478197,0.9102716897738727,0.8308198545632621,0.9014721877499052,0.9232815443360514,0.9478676309790477,0.9134510531460025,0.9167305843279034,0.8578320086774961,0.8983688348924415,0.9700545573574971,0.5619976897924635,0.9167305843279034,0.960900739115506,0.9012376341940858,0.9030567650066141,0.9273099638694313,0.8738679402841667,0.8454063430574004,0.9907874554041504,0.9618066046645324,0.9965903520488117,0.8869292459516156,0.7027672198623284,0.7018574100547907,0.9273099638694315,0.8524871401230574,0.7905272540493603,0.8660455228280792,0.950758951309289,0.9634189144741112,0.8978644228773436,0.8687762325700643,0.9957596658733353,0.8118232793036579,0.8663081645472799,0.9560815611946234,0.9754308715802917,0.7383616417897563,0.9030588536553079,0.8473098920648876,0.8308198545632621,0.839204381444211,0.9814043466735347,0.6942120291199729,0.9699906710701272,0.9041731885624822,0.959640125090411,0.8209621133458267,0.8456720392434547,0.8795643239426822,0.9236430180495616,0.9382133087904208,0.9083575213228521,0.8565877460559328,0.8832582061569211,0.969201421973177,0.8699816110295118,0.9792140372249503,0.9525369059360133,0.8080836985441049,0.9879858140393711,0.59490560029529,0.8928095235358381,0.9171790486927813,0.5690577325366932,0.9668285821219422,0.6750517685091464,0.5928797194298827,0.7126382338765346,0.9071820194155717,0.5122269357985247,0.9390736794276016,0.9264089690124382,0.789593154137318,0.9778098291715068,0.9041731885624826,0.9071820194155717,0.8386954180677808,0.9197088545467405,0.5714316619801896,0.9071820194155717,0.9096638987827486,0.9493264764640177,0.9847104344648026,0.9283727343468821,0.8262762309308546,0.9041731885624824,0.9071820194155717,0.6014476824386112,0.9071820194155714,0.8556389718407149,0.8142816600742844,0.8076124726316383,0.9071820194155717,0.7656210545202088,0.9071820194155717,0.9343394810202825,0.95222320376914,0.8473098920648876,0.7732455048551017,0.913451053146003,0.6286597399948387,0.9390736794276013,0.8822836759018076,0.43769603640629384,0.9008065430119916,0.7926637934080047,0.9868272766917497,0.9167305843279034,0.8380901632125548,0.8936899388788158,0.8948598124012335,0.8348842372811724,0.9493264764640172,0.9753714085919838,0.6221148235967853,0.790586833838097,0.9769097246611174,0.9071820194155717,0.729812512491788,0.9071820194155717,0.9306028081626074,0.8711916800801189,0.960900739115506,0.9854088830865437,0.628659739994839,0.5122269357985247,0.9976636717964995,0.8848500287036505,0.8042460940964857,0.9589992496040742,0.9770091497622004,0.5323523422219295,0.8254490495909415,0.8853209299903182,0.7343142295074991,0.9041731885624822,0.850368977502452,0.9011773472094529,0.5940561951811458,0.8390650969911146,0.8019763255429749,0.9713047430365496,0.8829115181159575,0.8521933521560985,0.960900739115506,0.9061629941228164,0.6628426575786741,0.9422924170084133,0.9236430180495616,0.8493977219455602,0.9461086961059253,0.8797557950282509,0.8669712684969002,0.9236430180495616,0.91588635716607,0.6754413358361124,0.920122827656545,0.8370383603659155,0.8583829421286899,0.913451053146003,0.8785995314863118,0.6579000128917823,0.9012376341940858,0.9134510531460025,0.9560815611946234,0.6491585693067976,0.9236430180495621,0.8500641975000351,0.9421959311082364,0.7905868338380968,0.8443792983848675,0.8848860650898704,0.9071820194155724,0.87237876929314,0.901237634194086,0.960900739115506,0.634521957655955,0.6823734524908851,0.9134510531460027,0.87237876929314,0.8999561688633484,0.679964303498318,0.49576226185866534,0.7677835250866171,0.7780145388262543,0.9662935619990934,0.9581363869421988,0.9278260349907375,0.9774358012844695,0.9856400788406675,0.9724383613004925,0.9055141698506992,0.738134338000388,0.8345434795933919,0.8307658985622732,0.9071820194155717,0.9507589513092887,0.9655943695052815,0.8748055425712831,0.9236430180495616,0.9421722554388531,0.9041731885624824,0.9071820194155717,0.8848500287036505,0.9236430180495621,0.9633423340760361,0.936772913860493,0.987134075366704,0.8797557950282511,0.9167305843279034,0.5866011790634296,0.6873845493423212,0.9510212795701292,0.9964099135129636,0.745874870645916,0.660243866367791,0.9862580849438625,0.6909409521232242,0.9632064435946426,0.8128901780991136,0.931147340525424,0.6040304959485991,0.8785995314863113,0.6677017974904956,0.8983688348924415,0.9430441133000045,0.9388056615335196,0.790586833838097,0.6057979749779081,0.794119973209392,0.6687918244584035,0.9071820194155717,0.9960254020408541,0.7513191435964455,0.8811280236189603,0.8761017783000717,0.9223125238854546,0.6390435234724677,0.9071820194155717,0.9071820194155717,0.7634606499829755,0.5578580275041559,0.8761807254491139,0.9071820194155714,0.9774358012844695,0.9071820194155724,0.8862848743640492,0.8121593651564607,0.8681042542651314,0.9071820194155724,0.8606558839862049,0.9211999702940652,0.6934660349708075,0.6669680485001932,0.9071820194155717,0.803654905646223,0.8473098920648876,0.6530539589033841,0.6995039661448825,0.9454406310460697,0.8409246404292201,0.9134510531460025,0.6310632397756475,0.9071820194155717,0.6814027339513355,0.9710301515920157,0.9334478608142884,0.7608084405083453,0.9659780157059268,0.7450853884177686,0.8955611203771288,0.9071820194155717,0.9681574584764614,0.9723991978165778,0.9071820194155717,0.9132514571874902,0.9784944131474054,0.9670164336971054,0.6974650164575209,0.651828571678255,0.9071820194155717,0.9741246728397406,0.8283431683715101,0.9660244666247457,0.785086819953845,0.7149657294167242,0.7797408716136638,0.9799487325991088,0.8553107642121001,0.9134510531460027,0.9569952737155705,0.9633566530633242,0.9878359798431867,0.950462666364123,0.9505617723370701,0.7636614027202095,0.9796939340930619,0.9167305843279032,0.8748055425712831,0.9071820194155717,0.980621523520154,0.8903679263755002,0.8354845770278909,0.924554456758766,0.955692827909139,0.9012376341940858,0.9709414606845927,0.9659780157059268,0.9012376341940858,0.9376663718600012,0.972807232250656,0.9632064435946426,0.8201950743608277,0.8480002345284658,0.971510747264704,0.8566898070754562,0.9273099638694315,0.9632064435946426,0.8822836759018076,0.8967114074414603,0.988684601167712,0.9273099638694315,0.9856954422866077,0.8999561688633482,0.8682541654104734,0.939957779158985,0.9549422857308882,0.8222019591825744,0.9987120692432441,0.852254084869811,0.8841909425473032,0.9587679056527301,0.9754308715802917,0.9083555504463323,0.9032215790146929,0.9652185955408618,0.8165068824907658,0.7978049073106985,0.8262762309308544,0.9540876754119362,0.9749689543095212,0.8440345562930198,0.7230880743409205,0.6737605143955594,0.8822836759018073,0.6842356342385654,0.9376663718600011,0.8598294126465451,0.8013272831316139,0.9232815443360514,0.9500908648202141,0.9134510531460027,0.9332755535924939,0.763271801828924,0.9642214739412927,0.9994428908841723,0.9806215235201545,0.8478940553664762,0.8458646816703471,0.9201228276565452,0.952602445661809,0.8983688348924415,0.8983688348924417,0.960900739115506,0.5498119605838774,0.8629508839222022,0.7167004920102975,0.8408651185851412,0.9041731885624824,0.9041731885624826,0.9245127907407447,0.536071849234395,0.8983688348924415,0.7855344626580241,0.9071820194155717,0.9201228276565452,0.9071820194155717,0.9071820194155717,0.8041413192710752,0.8254855495244309,0.8785995314863113,0.9071820194155717,0.9480046797521353,0.8803357408039761,0.9725387271520842,0.8192878068963216,0.803654905646223,0.818730475433308,0.8192803922098018,0.5647652125823437,0.9255485735061275,0.6723230151832418,0.7590441887174584,0.8962706164706526,0.9908342652343985,0.7535113660898445,0.9985147828211846,0.8629508839222022,0.9604002581429945,0.7204019134707564,0.932794574217696,0.9201228276565452,0.832741425359228,0.9134510531460027,0.8878245390380257,0.8088615062113474,0.9713047430365496,0.8822836759018073,0.6837760088339294,0.8606558839862051,0.9249662444564586,0.9472238480293105,0.9083575213228523,0.9987120692432441,0.9549422857308887,0.9102716897738727,0.9203312082606383,0.9473396342918277,0.7801596521523115,0.960900739115506,0.7387037348974261,0.7696583132924085,0.8883057019975974,0.7983669324899143,0.9430441133000049,0.6358932984725741,0.8652692287290056,0.931147340525424,0.6625702921816667,0.9773867320919685,0.5883433982836929,0.6927787155397329,0.8874576548572417,0.0,0.7847863063152287,0.9071820194155717,0.9167305843279032,0.8473098920648878,0.9071820194155726,0.7848381540876628,0.9549422857308885,0.9769097246611174,0.9233367877012701,0.7450853884177686,0.9796939340930617,0.6462174217286207,0.9273099638694318,0.7261502926840111,0.9376663718600012,0.8331351840026613,0.9012376341940858,0.967580431117067,0.9014920715559223,0.8451467479521528,0.9116474872122646,0.8567054576516095,0.9671773090237938,0.6713319730166538,0.6111604560726138,0.9324288082150869,0.879430088355257,0.7656210545202087,0.707472814735457,0.9774358012844695,0.8848500287036505,0.9102716897738727,0.9412165844423916,0.871281626699884,0.9591510804279215,0.9041731885624822,0.6963474878424624,0.7094454995691724,0.983902503224694,0.6443719879053579,0.8307658985622726,0.8761017783000717,0.873633030464118,0.8772638514038558,0.8990621527170958,0.8629508839222022,0.784293716963957,0.974349270978258,0.9245544567587651,0.9014721877499052,0.960900739115506,0.983902503224694,0.9071820194155717,0.7715101697766478,0.7540809830620381,0.7794714346908228,0.8538985259150682,0.9071820194155714,0.8497497691979108,0.7322835002131505,0.567680025209733,0.8583829421286899,0.8242345650097702,0.8242724495767533,0.7596107740807844,0.9960028316646005,0.8970614495800682,0.99744534878986,0.876153356879604,0.8003219721549923,0.9201228276565452,0.8222019591825744,0.831156675434157,0.9560815611946234,0.9232815443360514,0.931147340525424,0.7200996718918715,0.901237634194086,0.931147340525424,0.892809523535838,0.8998677823831449,0.9471856021934963,0.8392189033897366,0.7886504630631688,0.9236430180495621,0.9328036494727322,0.8088615062113478,0.8738717600465855,0.8248947119012576,0.9430441133000045,0.960900739115506,0.9352547073163469,0.9430441133000045,0.9430441133000047,0.932428808215087,0.9071820194155717,0.6958865684445966,0.8772084805653717,0.9071820194155717,0.8797557950282511,0.8658908483620336,0.9806215235201542,0.9134510531460027,0.9880738944070537,0.9102716897738727,0.9041731885624822,0.9377897907487815,0.7456326656661099,0.9796939340930617,0.6894698776645516,0.9071820194155717,0.8303886925795054,0.9560815611946234,0.9435391793962782,0.9293257501833689,0.8324605212725524,0.9236430180495616,0.9102716897738727,0.7842937169639573,0.9753714085919836,0.8848500287036507,0.98718918497142,0.8423140665122539,0.9388056615335196,0.8915893040116913,0.8324152206983,0.9589992496040742,0.9806215235201541,0.87237876929314,0.9134510531460027,0.9990429917550059,0.912246063565376,0.9071820194155717,0.9871891849714203,0.8265913137152636,0.6215574993952275,0.8301521912644834,0.8983688348924415,0.9934440424493824,0.8429631795738017,0.9012376341940858,0.9171779029166429,0.6721205559130521,0.9071820194155717,0.9071820194155717,0.868776232570065,0.7629656038095293,0.8457801448839237,0.9054861327953307,0.8781070479449892,0.80246929421274,0.7256388066446302,0.6573692982737386,0.8772638514038553,0.6783536231856618,0.9071820194155717,0.9496297805061303,0.9167305843279032,0.5940561951811458,0.7272051730260078,0.9236430180495616,0.995408403902418,0.9071820194155717,0.9071820194155717,0.6408835203905194,0.9471856021934963,0.6772560397032918,0.8874576548572417,0.7576706348423718,0.8161539917768372,0.9556928279091391,0.8853051607789586,0.7270471899626041,0.7457203241023502,0.9071820194155714,0.8451467479521528,0.6841296196789683,0.9515217879472728,0.8848860650898701,0.9512282213307627,0.8984255173946338,0.9130249413152709,0.8494889870069657,0.9515217879472728,0.7998245449622134,0.9071820194155717,0.8905710813187088,0.8577703087688691,0.7919893838778073,0.867701247025807,0.7930652716666668,0.9663966363465524,0.9820485438628549,0.7704953578447551,0.9660244666247457,0.8781280743599258,0.923856650872964,0.9352547073163471,0.9273099638694315,0.8346958032823576,0.9056384037386231,0.8529435718992491,0.597397713008466,0.9430441133000047,0.9763183887646292,0.6219534759587267,0.8711916800801192,0.9663639282442746,0.9105871713767661,0.897236612208085,0.9311473405254242,0.983902503224694,0.8929365162866225,0.9628165167306366,0.964134524964922,0.9328036494727322,0.9774358012844695,0.8874576548572417,0.9549422857308885,0.7292932745275387,0.9315707757470981,0.9819150380375277,0.8909290181414239,0.8953026991293735,0.7184774266655262,0.873871760046585,0.9027145695931773,0.8715009104052138,0.8611847291714518,0.9071820194155717,0.8242724495767533,0.9871891849714203,0.9025073211195377,0.5714316619801891,0.8772638514038555,0.9116474872122649,0.8502215598902161,0.9071820194155717,0.8195735037535301,0.6625702921816667,0.8013272831316136,0.6780867118669582,0.6242404042340968,0.6434356334429441,0.9609007391155058,0.9397118684684782,0.8828294275824891,0.9401883957401402,0.777053165585835,0.8822836759018076,0.7316929121211673,0.931147340525424,0.9472238480293103,0.9071820194155724,0.8425695148719521,0.9151942252845938,0.9774837056904222,0.8241252552971855,0.7235925576114437,0.9471856021934961,0.9430441133000045,0.9599564061272551,0.7464039549527552,0.8327414253592278,0.7045359401958138,0.6250842001484725,0.9071820194155717,0.6643157737942934,0.7695960543350131,0.8583829421286899,0.9071820194155717,0.5474165865862886,0.9604002581429945,0.9236430180495616,0.8822836759018076,0.9041731885624822,0.7561554509818686,0.9093644292573353,0.7787929365987263,0.9895262964440439,0.9307859954902566,0.8822836759018076,0.6582045717027027,0.9071820194155717,0.9851419724112976,0.9071820194155717,0.5498119605838772,0.7493254526246371,0.9787501824275471,0.5940561951811458,0.5250214020622168,0.6905200954743334,0.8862109312597096,0.8862848743640492,0.9071820194155717,0.6258164134513009,0.8865729572229368,0.8202534856893522,0.9488661441906701,0.8451467479521528,0.960900739115506,0.8629508839222022,0.4610661395348792,0.8999561688633484,0.9812803641895547,0.7112627624754553,0.8999561688633484,0.8583829421286899,0.9167305843279034,0.8118232793036577,0.8999561688633484,0.5940561951811458,0.8748055425712831,0.9515217879472728,0.8330597247692184,0.9430441133000051,0.40454297482830104,0.8797557950282511,0.9562175970779132,0.8451467479521528,0.9472238480293103,0.9765588403582134,0.824154080103623,0.9430441133000047,0.707634559900878,0.9525294575286438,0.8583829421286902,0.8201779527396988,0.6942887523032023,0.9398348374438543,0.8324605212725529,0.9027254843534638,0.6359772303187254,0.9560815611946234,0.9371612421327014,0.9175744257284595,0.9559597385843852,0.9559597385843852,0.9574869735191016,0.9167305843279032,0.9201228276565452,0.8682863454884309,0.9814043466735347,0.7951280721761331,0.9642214739412927,0.8629508839222022,0.6693736817902627,0.8848500287036507,0.9737022133993571,0.9071820194155722,0.9181732824390452,0.8385728496239446,0.9174256501960689,0.9574869735191016,0.9961263763179653,0.9421722554388531,0.9324288082150871,0.9018378808896544,0.998136987240644,0.9352547073163471,0.9523705671874023,0.8622547711115847,0.9350634288115524,0.8534563289807651,0.8901096639134576,0.9171463857141657,0.9041731885624824,0.7300320103078641,0.9044238551405674,0.913451053146003,0.9102716897738727,0.8658130957248499,0.9851419724112976,0.9560815611946234,0.8425695148719526,0.6305118151223756,0.8762372092695268,0.9390736794276016,0.9769097246611174,0.6795572727863977,0.9754308715802917,0.845780144883924,0.913451053146003,0.9329288233336374,0.8797557950282511,0.9201228276565452,0.9370217966662873,0.9086108152814201,0.951521787947273,0.5714316619801891,0.9817148430281426,0.5976796897990184,0.9271235857341966,0.9201228276565452
p206_L,0.9582351577313436,0.9850397963536648,0.8811721535887156,0.9639168187726064,0.8775612799148106,0.9578899577083524,0.9516488752159511,0.9857871084097288,0.8560609074717449,0.9077662249784124,0.8901116570681229,0.7214584406443261,0.921524819262904,0.9399818829283835,0.8636921302468193,0.8435859019655767,0.9707482750842387,0.920492718849117,0.9326383603933557,0.9507653510800258,0.8681578405822041,0.886144016369361,0.9822443780558803,0.8861469711805039,0.9390352294244491,0.8675944071688324,0.9976101531931567,0.6518083699304655,0.9077662249784126,0.9942186203713468,0.8752367259256746,0.9162065645254144,0.8983711902967619,0.8118082899900723,0.8775612799148106,0.9737004279988793,0.9215322787290985,0.9780690814689982,0.9126353343364841,0.9682266471047165,0.806270742238774,0.8711546763526035,0.9063461721760433,0.6984088990551691,0.9707482750842387,0.8207024395507381,0.8901811511257474,0.9684660282518132,0.8640981341508669,0.6094923723692459,0.9322326314194607,0.8425241079145478,0.8411452513286894,0.9243779949828559,0.9780690814689982,0.9119355268636244,0.8606614009038351,0.8822265994777512,0.817747120532242,0.9395972874156604,0.9484072390830317,0.9927248426156567,0.9204927188491177,0.8853634148492777,0.9380222350786749,0.8301563763525268,0.8943424304056795,0.86362718341168,0.8932434491809833,0.9441754367900739,0.9592904080803091,0.8640981341508669,0.9508586339370195,0.7469172074090863,0.8822265994777512,0.7733797611379021,0.998076166175212,0.8901116570681229,0.8336710720220848,0.9968554189197796,0.9787543252495641,0.9842136791557661,0.9286684098351692,0.8675944071688317,0.8822265994777512,0.9459964655745479,0.998076166175212,0.9176035674699735,0.9975180539523504,0.8784088021185175,0.8822265994777512,0.9000364304050872,0.8232183094186658,0.8351703129482776,0.878856687589264,0.9087079482022914,0.8932477918768993,0.8681578405822044,0.7988365313396688,0.757133587242531,0.9375725898435192,0.9267506068373947,0.9805093316037125,0.834116939657322,0.836512529532327,0.9031133691845501,0.9102013285153332,0.6853759980694742,0.8622933592906679,0.8159109083494572,0.8864800801388508,0.8711546763526035,0.6726914724225901,0.8751662458356948,0.8901811511257474,0.6921945177760807,0.9850397963536648,0.9031133691845501,0.9578899577083524,0.7088663530727788,0.8954351906592593,0.8435859019655767,0.9957984897915584,0.8506700134220446,0.9208123461100257,0.7990732363101843,0.8861469711805039,0.7936152605782912,0.9450975949913771,0.9152220591781886,0.8308312828383272,0.9998895182606897,0.8943424304056795,0.9968554189197797,0.9026854380253433,0.9725963883269413,0.9492446009010542,0.9540967655391958,0.8943424304056795,0.9395972874156602,0.7701076634372169,0.9077662249784122,0.7238837120286823,0.8737476654992786,0.8681578405822046,0.9281156022434441,0.7548265314905755,0.6927395234813787,0.9421945188662542,0.7781714043744747,0.9077662249784124,0.47173771376642937,0.8768577477231594,0.777996504103017,0.9701228324332418,0.9421945188662544,0.8143134426371934,0.977687046935789,0.7620905411357757,0.8618030259801417,0.7760781181658944,0.9633200625490423,0.9294987870150182,0.671727993659164,0.7811496992694233,0.9417406637775505,0.9920812805096402,0.8458170785440258,0.9535742709581216,0.6488048444890967,0.9160469470841606,0.9117531985549474,0.8350243379239406,0.9470550549392766,0.9680967848066885,0.9457144261488413,0.9031133691845501,0.9418470843862625,0.9547657229216628,0.8466508713340972,0.9905030343479797,0.906299456780163,0.9086050322771126,0.9450975949913771,0.8534657138294351,0.8706823872698599,0.6762223025535002,0.9725323173618745,0.8639898558738692,0.9444085189695841,0.9071406350367375,0.8152874032981443,0.7995810981801554,0.6758609889885057,0.9686937130358202,0.8822265994777512,0.8861469711805039,0.8332061459318807,0.9485466682353059,0.9433073128182254,0.9113208014311949,0.9117531985549474,0.8822265994777512,0.7967358394442587,0.7496403952908054,0.9077662249784124,0.8822265994777512,0.8753422946992031,0.9954101114841697,0.8236291327830262,0.8597120670251039,0.800121092861785,0.9117531985549474,0.8822265994777512,0.8444183641150144,0.8822265994777523,0.912817439581761,0.984068642581017,0.9433073128182254,0.8822265994777512,0.8265850234878402,0.8822265994777512,0.829595702262508,0.8265913137152638,0.9417406637775505,0.8342198666839964,0.9267506068373947,0.7502615170824165,0.8746839826578143,0.8784875920032749,0.8861440163693612,0.9686937130358202,0.81692149424399,0.9965123849145676,0.9322326314194607,0.9249097511545294,0.8783874137670074,0.8350762265985097,0.9654291909233454,0.892880101843778,0.9599059738470095,0.9976101531931567,0.8618030259801417,0.8007494935529581,0.8822265994777512,0.9424386089128549,0.8822265994777512,0.8566756942323871,0.9152220591781886,0.8783163635116332,0.9658846209894822,0.6766520443791926,0.8861469711805039,0.6021747440198321,0.8822719690573395,0.9224620983801772,0.9787543252495641,0.8437173474166693,0.8901811511257474,0.9251071772400472,0.7710286420177417,0.6687818979964466,0.8784088021185175,0.9044757289216432,0.832579120560605,0.9126353343364841,0.6473768418338284,0.8783191951242967,0.8980448416283213,0.9588963448540633,0.9006097185072175,0.9540967655391958,0.5404642721385415,0.6409663841509226,0.8669692248608205,0.9031133691845501,0.7394956972429492,0.8892368976632892,0.961071428703486,0.8468358358854193,0.9031133691845501,0.8469255676698743,0.6962631941060835,0.9832267469214837,0.8034485304154142,0.8681770753957145,0.9269715703160148,0.9272483493178816,0.7620801874622953,0.9395972874156606,0.8901811511257471,0.8901811511257471,0.7403016781028049,0.9852375043955974,0.8153067422936889,0.8836812433698427,0.8435859019655767,0.9677672063788705,0.9852375043955974,0.9508586339370195,0.9942587753431791,0.9395972874156604,0.9540967655391956,0.7904961686544549,0.8824486986371005,0.9635410260276625,0.8640981341508671,0.9905175085071188,0.7518624723194889,0.9546175950360456,0.7970768727297641,0.9537097726911549,0.8433815366308566,0.8712039281323442,0.9456707159499202,0.8772381445135209,0.6929668907773416,0.9507653510800258,0.9803996032198704,0.9283842394809381,0.8964432657267272,0.9998895182606902,0.8822265994777512,0.8943424304056788,0.9362058468206162,0.9204927188491177,0.9031133691845501,0.8257247109218018,0.9450975949913771,0.8822265994777512,0.9390352294244491,0.9031133691845503,0.9578899577083524,0.9066411115779025,0.8783215964654956,0.8747838948742701,0.9540967655391956,0.8013384106941406,0.8172960783393035,0.9758198800248867,0.9162892173518786,0.7563257306939888,0.9635410260276626,0.8118082899900725,0.8927053403665635,0.9545720645373488,0.9066411115779024,0.9063461721760435,0.7480054019155833,0.8579843137211958,0.7639159630763073,0.8710438663027387,0.8784088021185175,0.9461490661272861,0.8800201499947069,0.7322839491157269,0.7139118545353034,0.7756650139377481,0.8822265994777512,0.6778992945444753,0.9916546262254411,0.884691406012476,0.9231673852491011,0.9632363967167475,0.7434545362850868,0.8822265994777512,0.8822265994777512,0.8380660059124045,0.9987681720793475,0.9517159138074034,0.8822265994777523,0.9507653510800258,0.9165426167073856,0.8681770753957146,0.8201375623166898,0.7348845140303453,0.9118772971444447,0.9686519711712545,0.8861440163693608,0.7800840489245968,0.7194083511883259,0.8822265994777512,0.831516647687796,0.8288376175853327,0.6934867444757509,0.7754553881106686,0.8716781623645735,0.9184326431616747,0.9267506068373947,0.7627162218466993,0.8822265994777512,0.7817086349079039,0.894363190269883,0.8517836862366599,0.9733575116585536,0.9215322787290985,0.8845705920738918,0.8674812582382021,0.8822265994777512,0.853655590466589,0.8432490986383525,0.8822265994777512,0.8858873156187245,0.7808127475804307,0.7591217915065751,0.7668749968419251,0.7608041249056321,0.8822265994777512,0.9374139720823516,0.7987484161953898,0.9832267469214838,0.8645526139742608,0.8269250949316705,0.6717485974843179,0.9384606111299847,0.875297249750107,0.8901811511257474,0.8824486986371004,0.7137224674887341,0.906341197991444,0.7787382834552581,0.9146076402646033,0.8706110504679287,0.9822443780558803,0.8943424304056793,0.9733910305294031,0.8822265994777512,0.9441754367900739,0.8922514965828943,0.8495991651906254,0.9030554505085147,0.8572801817680795,0.8746839826578146,0.8588060993304067,0.9923028938262877,0.9071406350367375,0.9492067691890838,0.9805093316037125,0.9246516572446783,0.8432506759688712,0.919684819573451,0.9737004279988793,0.7552291824498978,0.9632363967167475,0.8038753790267059,0.9265371660795424,0.8531792049415381,0.8571990620055041,0.9507653510800258,0.8174160614800281,0.584066542215135,0.986777908696682,0.9675043319930905,0.8571990620055041,0.9159799227761949,0.8901811511257471,0.9272483493178816,0.8655902466966519,0.9702871999189118,0.98842887477386,0.9762244080823411,0.9916981186899557,0.8506700134220453,0.862659431266001,0.8943303112121859,0.9028857997004758,0.8125404164712154,0.8612006602149204,0.8966264695504373,0.9642783736947248,0.9884288747738599,0.9620484099677817,0.7727364649468071,0.9787543252495641,0.896610593791579,0.8474264488038963,0.9375640165125991,0.7873624268598518,0.99988951826069,0.9410464910616112,0.7541747624495811,0.9688255458999944,0.8378122310139602,0.932638360393356,0.9824640573134906,0.9754935376705747,0.9773977440785955,0.9905175085071188,0.9707482750842388,0.9026854380253433,0.8783163635116332,0.9031133691845501,0.8752367259256746,0.7628133389761936,0.9075385177366504,0.9784419914278069,0.8784088021185177,0.8943041944457522,0.9520063359153681,0.9343270097479479,0.8566278282523557,0.8822265994777512,0.8986467260787545,0.8822265994777512,0.8822265994777512,0.7269915615122262,0.8506339860151062,0.8810723255867576,0.8822265994777512,0.7999863763123463,0.7087886596335005,0.973068154149759,0.9479869845435867,0.831516647687796,0.8475155405193271,0.8789113153998502,0.7946243785096669,0.6696478912550515,0.9780690814689983,0.9335357980773187,0.8986467260787545,0.9231673852491011,0.9111349084827547,0.8474074916076076,0.8506700134220446,0.7309496250005187,0.9954894078264942,0.9836620101895788,0.8986467260787543,0.8946577611632003,0.8901811511257474,0.9087079482022913,0.9401862574474984,0.994394497268808,0.8784875920032749,0.7630278761216098,0.9928954233729246,0.9069577151424576,0.9822443780558803,0.9050856432599633,0.7075548360461288,0.9729788794609313,0.9569175862776931,0.8896377291554597,0.8271715583953277,0.8938389430979308,0.9322326314194609,0.9450448811962391,0.9343270097479477,0.8932434491809833,0.7441550455108807,0.9882136121357635,0.7670908416743338,0.9037625487122167,0.8610915488041753,0.8326313305257845,0.5970813382002705,0.8148503025540881,0.7374009961013606,0.8571990620055041,0.7847863063152287,0.0,0.8822265994777512,0.8943424304056793,0.806257008346889,0.8822265994777516,0.8595547863973891,0.7954614856282143,0.7358361887951123,0.9784801320810743,0.7311898854358272,0.8986835600913734,0.7688946298067314,0.9937644771816392,0.7873624268598518,0.9787543252495641,0.5711360269170797,0.9071406350367373,0.9471791494104382,0.8674391064623019,0.848196187174957,0.956856233085392,0.9479485760659964,0.8519258408139818,0.7252390868008645,0.835504012405115,0.9342235794887462,0.931372559960431,0.7936152605782909,0.7808292990235075,0.9507653510800258,0.9674168596080037,0.8661558759793346,0.8285146807614465,0.8413089886907477,0.9794111636971032,0.9117531985549474,0.7638782821654011,0.7563257306939888,0.9578899577083524,0.7857705867684874,0.9633200625490421,0.9688255458999944,0.919160054539107,0.8980448416283211,0.9123217017776393,0.8506700134220448,0.8055300989235588,0.8034485304154141,0.9196592131286032,0.8784088021185177,0.8943424304056795,0.9578899577083524,0.8822265994777512,0.9041603374523195,0.8886120513389424,0.7620801874622953,0.9547657229216628,0.8822265994777523,0.6938701214117471,0.8510256306759398,0.9484072390830316,0.8442421395514916,0.7973643070526486,0.986777908696682,0.9385569348573537,0.744660860820314,0.9583288659066158,0.8443451412140979,0.738894562340469,0.9903706848348353,0.8986467260787545,0.8957539987317735,0.8606614009038351,0.9633200625490423,0.8481961871749573,0.9126353343364839,0.9406224499548478,0.9305761030686487,0.9126353343364844,0.8639898558738688,0.8573309063173233,0.9508586339370195,0.7747828967926338,0.8405408498143521,0.8094521575767853,0.9851746511666535,0.9691312118113553,0.7859663243192385,0.7014200374079866,0.8784088021185175,0.8943424304056795,0.8710438663027387,0.8784088021185175,0.8784088021185175,0.8348963018556337,0.8822265994777512,0.8710438663027387,0.8474938174152811,0.8822265994777512,0.8747838948742699,0.952872998721076,0.9441754367900737,0.8901811511257474,0.8986467260787543,0.8861469711805041,0.8784088021185175,0.8230539691638885,0.7415104035920572,0.7315619241623601,0.8842995672086337,0.8822265994777512,0.910201328515333,0.9269715703160148,0.956856233085392,0.7545493644500241,0.9350205210689277,0.9441754367900737,0.8861469711805041,0.8906749894742227,0.8613583674777067,0.9106535992408944,0.9165426167073856,0.8705381445093674,0.9225089346791847,0.948936863436564,0.9070435841452837,0.9196592131286034,0.9737004279988793,0.8901302623893292,0.8901811511257474,0.9852861529845798,0.6927395234813789,0.8822265994777512,0.9851746511666533,0.780715059588299,0.9077662249784124,0.8100326666948972,0.8710438663027387,0.8735078944480344,0.6783382844613204,0.8746839826578146,0.7611259331963101,0.7773670652808817,0.8822265994777512,0.8822265994777512,0.9780878784279605,0.8692325214100852,0.9564317708650376,0.9070523804934971,0.727679587652422,0.8119125704092343,0.862659431266001,0.7971737410946889,0.8711546763526035,0.7148085253298772,0.8822265994777512,0.9684660282518132,0.8943424304056793,0.9126353343364841,0.8385563800824722,0.9031133691845501,0.6859634293395275,0.8822265994777512,0.8822265994777512,0.7292535447750752,0.8822265994777518,0.8132480804977895,0.9729788794609313,0.8148828466771343,0.8458170785440258,0.9835910369412497,0.9762244080823411,0.8130658751790728,0.7815831524812169,0.8822265994777523,0.8705381445093676,0.7456358113070103,0.8861469711805039,0.9441754367900737,0.9931930917264864,0.8983598651703376,0.9215629630977651,0.8546801442727612,0.8661558759793344,0.8698407471590965,0.8822265994777512,0.7164552421917798,0.8318510639473147,0.8853634148492775,0.8940942541318235,0.8718912300206616,0.9850397963536648,0.5216318420028558,0.9029265528545503,0.7863492019218806,0.9489540230278568,0.7734625045644732,0.9976101531931567,0.9077662249784126,0.8206687586293872,0.841145251328689,0.744762000854488,0.8943424304056795,0.8784088021185175,0.8522188525868766,0.9086050322771126,0.8837003248121167,0.9356502766322077,0.9063461721760436,0.9822479311814201,0.9516007955479118,0.9968554189197795,0.8553021506429308,0.9050856432599632,0.8923766132927751,0.7402972109962753,0.9077662249784124,0.8861440163693608,0.7375715769005008,0.8876511290685085,0.8674812582382025,0.7548028370807557,0.8862984638837297,0.9784128413530008,0.9923028938262874,0.7280869204404876,0.9688255458999944,0.8488293526280016,0.8531792049415381,0.8822265994777512,0.8811721535887154,0.843245262685177,0.8086639203326458,0.9077662249784124,0.9406141667173727,0.8474264488038954,0.92850595062797,0.8822265994777512,0.7688946298067314,0.7582102805580717,0.8474264488038958,0.7654949996485668,0.823072120452352,0.7896922141414042,0.8943424304056793,0.746355544514105,0.8065543308157473,0.9219365904870398,0.7344311313643821,0.906341197991444,0.7933158998937551,0.9578899577083524,0.850633986015106,0.8822265994777516,0.8819742231522851,0.8755805834645085,0.6892680375978857,0.8553021506429308,0.7850129036059346,0.8432452626851775,0.8784088021185175,0.7553839446256125,0.8265850234878402,0.836576226923921,0.7376492027949006,0.7164904236586491,0.8822265994777512,0.7381553192864614,0.7992948346479483,0.9639168187726064,0.8822265994777512,0.747596670834876,0.8983711902967619,0.9031133691845501,0.9620484099677817,0.9117531985549472,0.8494012069260348,0.9472615019501687,0.976089014505755,0.9375725898435192,0.9806335670636805,0.9822443780558803,0.7759823907517402,0.8822265994777512,0.8900981078855799,0.8822265994777512,0.9031133691845501,0.9399038226684217,0.8876724420937351,0.9126353343364841,0.9468022845500682,0.9868135032293748,0.9943494934608333,0.8442421395514916,0.8822265994777512,0.8664812591739794,0.7348552856431166,0.9094557618621006,0.9243701509329343,0.8481961871749575,0.9919869665529768,0.8261033009184151,0.8474347101629032,0.9191600545391068,0.8117755968075016,0.8939128338095623,0.9191600545391068,0.9399818829283835,0.9540967655391959,0.8435859019655767,0.9191600545391068,0.9126353343364841,0.9472615019501683,0.8661558759793344,0.9346715220384023,0.9882136121357634,0.920165066767914,0.9021413409446442,0.8547279709820794,0.8705381445093676,0.8708299541032045,0.9780878784279603,0.745419942272197,0.9450975949913771,0.9150889707332177,0.8529782949504762,0.9160469470841606,0.8521110861934043,0.9677192360153908,0.9011005645893052,0.8506746092015369,0.9942587753431791,0.8861469711805039,0.9633200625490423,0.9323919069723845,0.9402024161543012,0.7637872527124097,0.9330666948719817,0.9883853882683205,0.9322326314194607,0.8986467260787545,0.9990610491904477,0.9286684098351685,0.9924956410479697,0.7343964098692002,0.8752367259256744,0.9555631100442409,0.9758198800248868,0.8716781623645735,0.9508586339370195,0.883105442013278,0.9105509722452534,0.9732139482713471,0.9717758916986649,0.938165429529749,0.9380222350786749,0.9041603374523195,0.9915794217998221,0.8675944071688322,0.9343270097479477,0.8539508264663116,0.8971317354718378,0.959346851733893,0.9225962882233801,0.9787543252495641,0.8576147243432405,0.9215248192629041,0.909609463099164,0.9582517779234501,0.9267506068373947,0.9215322787290985,0.9335357980773188,0.8825423528027123,0.8901811511257474,0.9413429681897542,0.8853041696251518,0.9938900201595648,0.9395972874156604,0.9071406350367379,0.8203810819694459,0.9842136791557661,0.8755280746873522,0.9269715703160147,0.7535334862586914,0.8747838948742703,0.8986467260787545,0.7168604879459581,0.8868338361659375,0.9215322787290985,0.9077662249784124,0.8831572378159461,0.9441754367900737,0.971588181184728,0.8986467260787545
p206_Q,0.7524297972473161,0.9413411539914585,0.8918007079504506,0.9225015741707872,0.9492063492063487,0.9623211158059548,0.7050163519970581,0.7509151724713103,0.9038142386822647,0.960221152322577,0.9398636845831869,0.9475597985845114,0.9475597985845114,0.9225015741707872,0.9106019687464653,0.5567710364845595,0.944383427890573,0.9314886672615048,0.9582144552981327,0.960221152322577,0.8875255844205965,0.938412400887346,0.935580996038617,0.9508971383859763,0.9369854052620163,0.9314886672615046,0.944383427890573,0.916441965519317,0.960221152322577,0.7739436107925906,0.9250013316406693,0.9544316996038,0.9428469360414609,0.9188361382271659,0.9492063492063489,0.9582144552981327,0.9508971383859763,0.9428469360414602,0.9623211158059548,0.930160641445072,0.8993922310882436,0.932833950574053,0.9623211158059548,0.912915131908919,0.9443834278905732,0.8474513194974065,0.9526370111116405,0.9004911494084333,0.930160641445072,0.8918007079504506,0.9544316996038,0.8495864161552136,0.9314886672615046,0.13408370177867746,0.9428469360414604,0.9288488221297497,0.9288488221297497,0.0,0.7383793872014479,0.9459533477380775,0.9060540201833016,0.831146423199498,0.931488667261505,0.8993922310882436,0.9562880686171875,0.8244397822834253,0.9544316996038,0.6473831763250288,0.7698078233874499,0.9582144552981327,0.92126914699118,0.9301606414450723,0.9492063492063487,0.8266892096935958,0.0,0.8864622842804517,0.938412400887346,0.9398636845831867,0.8233095582802461,0.9623211158059548,0.9398636845831869,0.9341976401680094,0.31108550994831163,0.9314886672615048,0.0,0.9176344520056336,0.938412400887346,0.8046479448175341,0.8939536575643376,0.03139863267861631,0.0,0.8918007079504506,0.831146423199498,0.8548949080074899,0.31108550994831163,0.48955645159511163,0.8896584524348263,0.8875255844205965,0.8198957816506434,0.8187498553347687,0.9288488221297497,0.9526370111116405,0.9492063492063489,0.8580633769736241,0.6072669396673074,0.9582144552981327,0.907182019415572,0.7973204052495684,0.9369854052620166,0.8289245259008584,0.8759110188590657,0.9328339505740528,0.8070467719220202,0.9094556823349389,0.9526370111116405,0.7833099084134079,0.9413411539914585,0.9582144552981327,0.9623211158059548,0.8580633769736241,0.9129151319089193,0.885400876353422,0.9369854052620166,0.9250013316406696,0.931488667261505,0.7554264789789613,0.9508971383859763,0.6339927913026551,0.9475597985845114,0.9152582079543838,0.8727631680356085,0.9526370111116405,0.9544316996038,0.9623211158059548,0.944383427890573,0.8453085223330421,0.879064442044788,0.9544316996038003,0.9544316996038,0.06018876900101988,0.8046479448175343,0.960221152322577,0.8244397822834253,0.8717146038820363,0.8875255844205967,0.9106019687464659,0.892875760974867,0.8420784215528956,0.9301606414450723,0.7583810530554915,0.9602211523225768,0.9060540201833014,0.8559522762859688,0.8811713725919912,0.9544316996038,0.9301606414450725,0.8950345750758599,0.9140827360776209,0.8938851835250172,0.5567710364845593,0.7367566674079002,0.9526370111116407,0.9341976401680094,0.7431708752992887,0.8972062142375332,0.9164419655193166,0.8612222667022558,0.8993922310882436,0.9262700211315917,0.8453085223330423,0.9225015741707872,0.9475597985845114,0.9288488221297495,0.6783615558233287,0.8538362113124116,0.8780124908814328,0.9582144552981327,0.6072669396673073,0.9200475251844384,0.5526275082095409,0.9117550006367756,0.8885909234541711,0.9288488221297497,0.9475597985845114,0.6394614409405057,0.8538362113124116,0.8580633769736241,0.9015943008452869,0.13408370177867734,0.9237454173815312,0.9459533477380775,0.903814238682265,0.8221755430097122,0.7897778653703145,0.9060540201833014,0.0,0.9508971383859763,0.9459533477380777,0.4895564515951115,0.8355526955775656,0.8918007079504506,0.9475597985845114,0.0,0.8685695845092951,0.7897778653703145,0.960221152322577,0.0,0.6951973979147161,0.9152582079543841,0.8864622842804517,0.6447787703816181,0.9049315186013059,0.9475597985845114,0.0,0.6473831763250286,0.0,0.8117838598171898,0.8388272306091986,0.8355526955775657,0.0,0.6339927913026551,0.0,0.7050163519970583,0.9071820194155717,0.9164419655193166,0.8759110188590655,0.9526370111116407,0.7711949776746383,0.06018876900101888,0.935580996038617,0.9384124008873462,0.9060540201833014,0.7554264789789611,0.9188361382271666,0.9544316996038,0.4951319232791844,0.8907283270583697,0.9027019168030599,0.897206214237533,0.9152582079543838,0.9152582079543838,0.944383427890573,0.885400876353422,0.9459533477380777,0.0,0.9027019168030597,0.0,0.7334713952978886,0.9152582079543841,0.9544316996038,0.9275522446953854,0.7711949776746383,0.9508971383859763,0.9140827360776205,0.9369854052620161,0.892875760974867,0.9398636845831869,0.8612222667022562,0.9526370111116405,0.8717146038820363,0.8717146038820349,0.8442340263447974,0.03139863267861631,0.9562880686171873,0.8289245259008584,0.9623211158059548,0.8333555867103808,0.8333555867103808,0.24376003609304187,0.8706662210952574,0.8748612665230131,0.9544316996038003,0.848519788337875,0.7973204052495684,0.7780046509581313,0.9582144552981327,0.8289245259008584,0.9140827360776214,0.9341976401680094,0.9015943008452874,0.9582144552981327,0.8517144868263773,0.8141237078825918,0.9562880686171873,0.8982973238138026,0.9225015741707867,0.9526370111116407,0.9188361382271666,0.8070467719220202,0.9459533477380775,0.9526370111116405,0.9526370111116407,0.7985559379258667,0.9582144552981327,0.7985559379258667,0.6499526646778642,0.885400876353422,0.8442340263447972,0.9582144552981327,0.9492063492063487,0.930160641445072,0.9459533477380777,0.9544316996038003,0.8022278398026612,0.8982973238138026,0.9526370111116405,0.9301606414450723,0.9164419655193172,0.7250134267509765,0.9094556823349389,0.8843412180810755,0.6848496741376313,0.7923174570100686,0.6911250629978627,0.8727631680356077,0.9602211523225768,0.903814238682265,0.9602211523225768,0.9188361382271668,0.9152582079543841,0.9094556823349389,0.9526370111116405,0.0,0.9544316996038,0.9027019168030597,0.931488667261505,0.9582144552981327,0.9562880686171873,0.9475597985845114,0.0,0.9369854052620163,0.9582144552981327,0.9623211158059548,0.9106019687464655,0.823309558280246,0.9341976401680094,0.9544316996038003,0.8333555867103808,0.8289245259008584,0.9369854052620166,0.9428469360414611,0.8409971458279799,0.9526370111116405,0.9188361382271659,0.8117838598171898,0.9413411539914587,0.9106019687464657,0.9623211158059548,0.7655931084723666,0.9188361382271666,0.7780046509581313,0.944383427890573,0.03139863267861631,0.92126914699118,0.885400876353422,0.8070467719220202,0.8082384637825222,0.8187498553347687,0.0,0.8538362113124116,0.9176344520056336,0.9200475251844387,0.9176344520056336,0.9602211523225768,0.8453085223330421,0.0,0.0,0.930160641445072,0.903814238682265,0.8591172857456586,0.0,0.9602211523225768,0.9492063492063489,0.922501574170787,0.8972062142375332,0.7897778653703145,0.9492063492063489,0.9237454173815309,0.938412400887346,0.8322525541058978,0.9634411459729271,0.0,0.8811713725919912,0.9164419655193168,0.7766590274917047,0.9952327064015152,0.9237454173815312,0.8704033497109469,0.9526370111116405,0.7960789049353036,0.0,0.7973204052495684,0.9314886672615053,0.8591172857456586,0.8300371089395653,0.9508971383859763,0.831146423199498,0.9428469360414606,0.0,0.8961186971729789,0.7399891659895361,0.0,0.9237454173815309,0.7948313236856197,0.8420784215528956,0.8152867967569688,0.8022278398026612,0.0,0.7698078233874488,0.8559522762859684,0.9562880686171873,0.6574604645689301,0.7250134267509767,0.907182019415572,0.908315805590151,0.8961186971729789,0.9526370111116405,0.8982973238138026,0.8864622842804517,0.935580996038617,0.8527760996057683,0.8738120195914167,0.8706662210952574,0.21151139151266862,0.9544316996038,0.9314886672615055,0.0,0.9582144552981327,0.9015943008452869,0.8129560940834346,0.9398636845831869,0.9275522446953854,0.06018876900102055,0.7478523304650295,0.9508971383859763,0.06018876900102055,0.9398636845831869,0.9492063492063489,0.9413411539914582,0.879064442044788,0.903814238682265,0.9582144552981327,0.8463809254714867,0.9602211523225768,0.9413411539914582,0.935580996038617,0.801009545737682,0.938412400887346,0.9602211523225768,0.7997856146881548,0.9164419655193166,0.5305546844946969,0.24376003609304187,0.938412400887346,0.9027019168030597,0.9526370111116405,0.9188361382271666,0.8993922310882436,0.8769613888066743,0.9341976401680094,0.8993922310882436,0.9398636845831869,0.9250013316406693,0.6827113291147924,0.7725735218970409,0.9049315186013058,0.9443834278905732,0.8141237078825918,0.8907283270583697,0.9225015741707872,0.9341976401680094,0.21151139151266984,0.8175997772209664,0.9398636845831869,0.8517144868263774,0.9341976401680094,0.9152582079543841,0.7539334992316542,0.9526370111116405,0.8453085223330421,0.7143607147557585,0.9176344520056336,0.8993922310882432,0.9582144552981327,0.7301312695908229,0.8918007079504506,0.9562880686171875,0.9164419655193166,0.944383427890573,0.944383427890573,0.9544316996038003,0.9582144552981327,0.9250013316406696,0.8255663034700989,0.9129151319089186,0.9475597985845114,0.9475597985845114,0.7125274559321444,0.9071820194155717,0.08671734220308636,0.8717146038820361,0.0,0.9562880686171873,0.0,0.0,0.8187498553347687,0.2115113915126693,0.9188361382271664,0.0,0.7334713952978882,0.8377384241745145,0.4006068367505189,0.8527760996057685,0.8811713725919912,0.8058499662916012,0.903814238682265,0.47795836130872293,0.8399134433261015,0.9428469360414604,0.8864622842804515,0.4408515443948542,0.9176344520056336,0.7711949776746385,0.6473831763250284,0.9250013316406696,0.9428469360414602,0.9459533477380775,0.7846176027958278,0.9562880686171873,0.8961186971729789,0.9526370111116405,0.9004911494084331,0.938412400887346,0.9328339505740528,0.935580996038617,0.848519788337875,0.9237454173815312,0.9060540201833016,0.9355809960386168,0.7223272158432528,0.9526370111116405,0.17526171623055564,0.9508971383859763,0.9140827360776205,0.8570084033315839,0.8399134433261015,0.4654487838138114,0.8570084033315841,0.5711669571562623,0.77934241058442,0.8896584524348263,0.9475597985845114,0.7766590274917051,0.9262700211315917,0.9623211158059548,0.8058499662916013,0.8463809254714865,0.7876282222528316,0.8034406041869142,0.938412400887346,0.9071820194155717,0.8822265994777512,0.0,0.9544316996038,0.9164419655193174,0.9492063492063487,0.8612222667022558,0.938412400887346,0.9459533477380777,0.9262700211315917,0.831146423199498,0.9355809960386168,0.8046479448175343,0.9602211523225772,0.7935775465776653,0.9398636845831869,0.8664724446651941,0.06018876900102055,0.9428469360414602,0.7143607147557588,0.9152582079543841,0.9341976401680094,0.7806724477786732,0.880117361849238,0.7318083230664854,0.8633240709217587,0.9188361382271666,0.6991852245234744,0.8612222667022558,0.9250013316406696,0.960221152322577,0.9369854052620166,0.9508971383859763,0.8388272306091986,0.9027019168030597,0.525843532183836,0.03139863267861631,0.7960789049353036,0.8409971458279799,0.9623211158059548,0.8790644420447877,0.9526370111116405,0.9176344520056336,0.9164419655193168,0.932833950574053,0.9015943008452869,0.9250013316406696,0.9369854052620166,0.500567215157067,0.9398636845831867,0.9475597985845112,0.9544316996038,0.9623211158059548,0.0,0.9188361382271668,0.8654234385275936,0.8070467719220202,0.9200475251844384,0.0,0.8832831707913575,0.8244397822834253,0.9060540201833016,0.34458474155865637,0.9038142386822647,0.8918007079504506,0.8811713725919912,0.7859181167692968,0.9275522446953854,0.9060540201833014,0.6598989712921809,0.8907283270583697,0.9562880686171873,0.9027019168030597,0.9288488221297497,0.9526370111116405,0.9152582079543841,0.9623211158059548,0.9275522446953854,0.9459533477380777,0.9623211158059548,0.9413411539914587,0.9288488221297497,0.9492063492063487,0.6783615558233285,0.8843412180810755,0.9582144552981327,0.9492063492063489,0.9384124008873462,0.7806724477786728,0.8022278398026612,0.03139863267861631,0.9544316996038003,0.08671734220308558,0.03139863267861631,0.03139863267861631,0.3741839079094693,0.0,0.944383427890573,0.4527606561376478,0.0,0.9341976401680094,0.535161772248302,0.9582144552981327,0.9526370111116405,0.9562880686171873,0.9508971383859763,0.03139863267861631,0.7960789049353036,0.8580633769736241,0.935580996038617,0.8409971458279799,0.0,0.9071820194155722,0.9526370111116405,0.9341976401680094,0.7935775465776653,0.9083158055901508,0.9582144552981327,0.9508971383859763,0.9369854052620166,0.9152582079543841,0.6284764518573093,0.9492063492063487,0.4006068367505189,0.92126914699118,0.9250013316406696,0.6848496741376318,0.9398636845831869,0.9582144552981327,0.930160641445072,0.9526370111116405,0.9071820194155722,0.8420784215528954,0.0,0.9492063492063487,0.8822265994777507,0.960221152322577,0.8377384241745145,0.944383427890573,0.9398636845831869,0.8244397822834253,0.06018876900102055,0.7569089328329721,0.7846176027958276,0.0,0.0,0.40880739824839063,0.6991852245234742,0.9027019168030597,0.8058499662916013,0.8453085223330421,0.8152867967569688,0.8399134433261015,0.7997856146881548,0.9328339505740528,0.8129560940834346,0.0,0.9004911494084331,0.9544316996038,0.9623211158059548,0.831146423199498,0.9582144552981327,0.831146423199498,0.0,0.0,0.7739436107925914,0.9492063492063487,0.7819949015164562,0.938412400887346,0.8570084033315841,0.8993922310882436,0.6856702229525599,0.8993922310882436,0.8344556057285131,0.8506512873935228,0.0,0.9152582079543841,0.8175997772209664,0.9508971383859763,0.9582144552981327,0.5526275082095407,0.7351207557283752,0.43182584581086747,0.9176344520056336,0.9508971383859763,0.8591172857456586,0.0,0.8266892096935958,0.9176344520056336,0.8993922310882436,0.8727631680356078,0.8654234385275936,0.9413411539914582,0.9049315186013054,0.8538362113124116,0.9562880686171875,0.8685695845092949,0.862273520033598,0.9443834278905732,0.9602211523225768,0.9225015741707872,0.2586095064370061,0.8129560940834346,0.9544316996038,0.03139863267861631,0.8759110188590655,0.9288488221297497,0.9152582079543841,0.92126914699118,0.9623211158059548,0.9152582079543841,0.9623211158059548,0.9623211158059548,0.9027019168030597,0.3647019568709454,0.8961186971729789,0.9492063492063487,0.9602211523225768,0.938412400887346,0.938412400887346,0.8322525541058978,0.9428469360414611,0.9475597985845114,0.9288488221297497,0.5210240199989242,0.9508971383859761,0.7684119013812074,0.3833143586062788,0.7125274559321442,0.7447432793600621,0.0,0.8918007079504506,0.9492063492063489,0.758381053055492,0.960221152322577,0.9328339505740528,0.9341976401680097,0.855952276285969,0.0,0.7399891659895361,0.8058499662916012,0.9341976401680094,0.8058499662916012,0.8266892096935958,0.8129560940834346,0.9544316996038,0.7143607147557588,0.6716454483484393,0.8058499662916012,0.7431708752992889,0.9355809960386166,0.6761489807685291,0.9623211158059548,0.9355809960386168,0.9492063492063489,0.8982973238138026,0.930160641445072,0.8388272306091984,0.4779583613087228,0.8106069085572598,0.9492063492063489,0.03139863267861631,0.8420784215528954,0.861222266702256,0.5110414539348817,0.7766590274917051,0.7524297972473162,0.0,0.9856724533720749,0.8633240709217587,0.9225015741707872,0.0,0.8399134433261015,0.9428469360414604,0.9582144552981327,0.2115113915126694,0.03139863267861631,0.9114861522954751,0.9314886672615051,0.897206214237533,0.9288488221297497,0.9083158055901508,0.9355809960386172,0.8129560940834346,0.0,0.9275522446953854,0.0,0.9582144552981327,0.8333555867103808,0.8843412180810759,0.9623211158059548,0.9262700211315917,0.8022278398026612,0.904931518601306,0.9225015741707869,0.0,0.8322525541058978,0.8210376473859937,0.8506512873935228,0.9250013316406696,0.40060683675051967,0.9544316996038003,0.3227392978460525,0.9237454173815312,0.392115299153029,0.8928757609748668,0.7948313236856197,0.392115299153029,0.9225015741707872,0.9544316996038003,0.885400876353422,0.392115299153029,0.9623211158059548,0.931488667261505,0.9508971383859763,0.885400876353422,0.9475597985845114,0.9237454173815312,0.9341976401680094,0.8918007079504506,0.9152582079543841,0.9355809960386168,0.9140827360776211,0.930160641445072,0.9475597985845114,0.9384124008873462,0.7301312695908225,0.9225015741707872,0.9015943008452869,0.8333555867103808,0.42440193597169273,0.9083158055901508,0.930160641445072,0.9508971383859763,0.9526370111116405,0.9015943008452867,0.8939536575643379,0.9275522446953854,0.9275522446953854,0.9004911494084333,0.9544316996038,0.9562880686171873,0.5974763156586966,0.9262700211315922,0.8664724446651935,0.9176344520056336,0.9250013316406696,0.6549904556417999,0.9369854052620166,0.9237454173815312,0.9492063492063487,0.8366469404145511,0.8780124908814328,0.9129151319089186,0.9004911494084333,0.6623067578386677,0.9562880686171875,0.9188361382271666,0.5906675167558797,0.9314886672615046,0.944383427890573,0.926270021131592,0.8993922310882434,0.6040574193889983,0.7598430279509716,0.9398636845831869,0.6739104850582693,0.9475597985845114,0.8832831707913573,0.7143607147557586,0.9526370111116407,0.9508971383859763,0.8864622842804517,0.9275522446953852,0.9526370111116405,0.8982973238138026,0.8633240709217587,0.708808264663793,0.9459533477380775,0.9459533477380775,0.8322525541058978,0.9341976401680094,0.9027019168030599,0.9526370111116405,0.8591172857456586,0.9341976401680094,0.9562880686171873,0.8928757609748668,0.9328339505740528,0.9508971383859763,0.960221152322577,0.8854008763534222,0.9582144552981327,0.7197593917099125,0.9562880686171873
p206_R,0.8159378637269956,0.9473756291574582,0.5788484422307301,0.9304741538905168,0.9544316996038,0.9661972965770262,0.8455226223395758,0.817057101195971,0.9137092609592143,0.9643133649175286,0.36712679555941397,0.9529545363721539,0.9529545363721539,0.9304741538905168,0.9894435908227328,0.8971901564492131,0.9501049319099923,0.9385367079941813,0.9625131050152524,0.9643133649175286,0.8990962871160679,0.38243605452529905,0.9422080421889416,0.9559485503920393,0.39681053131259425,0.9385367079941811,0.9830316367629124,0.9250379219402802,0.9643133649175286,0.7984206482463505,0.9327167510955894,0.9608127721335266,0.985998391819751,0.9271857963192043,0.9544316996038,0.9625131050152524,0.07198279492562476,0.9487265052554263,0.966197296577026,0.9373453016197315,0.9097421633544902,0.9397435965156076,0.9661972965770262,0.9218739081138494,0.9501049319099923,0.9301551713322505,0.19244580608505335,0.9107280314569577,0.4575465901506691,0.9029316112204655,0.9591194968553456,0.9324282734053553,0.9385367079941811,0.9473756291574582,0.9487265052554263,0.9361684345174046,0.9361684345174044,0.9544316996038,0.7652933686087295,0.15687099035540542,0.9157186269856046,0.8485170805722068,0.9385367079941818,0.9097421633544902,0.9607848936032954,0.8425003792101682,0.9591194968553456,0.8707710541962024,0.8020423584034363,0.9625131050152524,0.9293685115305117,0.9373453016197317,0.9544316996038,0.8445183988316078,0.9544316996038,0.5986505443815753,0.9447481688519044,0.9460501530640812,0.7421009311387937,0.9661972965770262,0.946050153064081,0.940966997789066,0.9338549253147788,0.9385367079941815,0.9544316996038,0.9261077324693097,0.9447481688519044,0.8875935086546549,0.651042649326655,0.9529545363721537,0.9544316996038,0.9427946840319119,0.8485170805722069,0.8698224617128842,0.9338549253147788,0.9107280314569577,0.9403916813458222,0.6337830280646118,0.8384238384890397,0.8373957982954758,0.9554815748429077,0.957509435301382,0.9544316996038,0.8726649773302662,0.7197243312476425,0.08301287652694123,0.5973977130084658,0.8181708833001988,0.943467974097185,0.8465237589272379,0.962299054571988,0.9466104231235154,0.8268966588916085,0.5866524475700889,0.0378922136098605,0.8056017035197611,0.9473756291574582,0.9625131050152522,0.966197296577026,0.8726649773302662,0.9218739081138492,0.8971901564492131,0.943467974097185,0.9327167510955894,0.9385367079941815,0.7805867564015283,0.07198279492562476,0.9451689995479283,0.9061219481453389,0.9239759423528264,0.8858525408230951,0.957509435301382,0.9591194968553456,0.9661972965770262,0.9501049319099923,0.89455712136231,0.8915055770282612,0.9591194968553456,0.16013546202225548,0.9515133476881703,0.7667375428754117,0.12705000336722982,0.8425003792101682,0.8849118467483819,0.8990962871160679,0.9197987094973854,0.9038960691476476,0.8583244595873938,0.937345301619732,0.8114042753167636,0.9643133649175286,0.9157186269856044,0.6836583097511206,0.8933957590212613,0.9591194968553458,0.937345301619732,0.9058327972212654,0.9229213960709446,0.7500848507922816,0.8971901564492131,0.8898606214266386,0.957509435301382,0.9409669977890662,0.8225734700092833,0.6390890551532901,0.9250379219402802,0.8754988991654495,0.6306371608045289,0.9338549253147788,0.9278919760223627,0.9304741538905168,0.27196612847404966,0.9361684345174046,0.8583244595873937,0.7563749039071171,0.9648675459392011,0.9625131050152522,0.883971315382519,0.9282725629505151,0.8981423730059304,0.9208331242859091,0.9000520303703363,0.9361684345174044,0.9529545363721539,0.8736104662007034,0.6882381005216132,0.8726649773302662,0.9117176971980809,0.9473756291574582,0.9659497926039275,0.9515133476881703,0.9137092609592146,0.7437455951366188,0.8114042753167636,0.9966922538063424,0.9544316996038,0.9559485503920395,0.9515133476881705,0.9107280314569577,0.722900289814764,0.9029316112204657,0.9529545363721539,0.9544316996038,0.6532895355609476,0.8114042753167636,0.9643133649175286,0.9544316996038,0.9155677991130318,0.9239759423528264,0.9755588472540062,0.9404815542410545,0.9147116017278332,0.9529545363721539,0.9544316996038,0.8707710541962024,0.9544316996038,0.8211183544415497,0.9211495461267731,0.8524700617069341,0.9544316996038,0.67164544834844,0.9544316996038,0.7998417332331829,0.9949291060968913,0.9250379219402802,0.6327772218191885,0.957509435301382,0.794733085207088,0.9515133476881701,0.41034420891855095,0.9447481688519046,0.9157186269856044,0.813682608787891,0.9271857963192041,0.9591194968553456,0.9097421633544899,0.9019695505324468,0.9554518077232719,0.9077810309891678,0.5094807987830572,0.9239759423528264,0.9501049319099923,0.9356856974167589,0.9515133476881705,0.9544316996038,0.9127113681766137,0.9544316996038,0.829030356996278,0.9239759423528264,0.9591194968553456,0.9350052413014638,0.794733085207088,0.9559485503920393,0.9229213960709446,0.27686116865982624,0.9038960691476476,0.9460501530640812,0.8754988991654495,0.957509435301382,0.8849118467483819,0.8849118467483819,0.86025830850666,0.9529545363721537,0.9607848936032954,0.8465237589272379,0.966197296577026,0.8504989784061949,0.7916225077062019,0.9397435965156073,0.9199989838706863,0.9243815265814346,0.9591194968553456,0.8641031766521008,0.7751707543509228,0.8569522690866247,0.08301287652694123,0.8465237589272376,0.9229213960709446,0.9409669977890662,0.9117176971980812,0.08301287652694123,0.8669692234537123,0.8332455615339118,0.9607848936032954,0.908759893665108,0.9304741538905166,0.957509435301382,0.9271857963192043,0.8268966588916087,0.2940426306563939,0.9575094353013818,0.957509435301382,0.7737917914928159,0.9625131050152524,0.8363962371582656,0.869822461712884,0.602367810972693,0.86025830850666,0.9625131050152524,0.9544316996038,0.9373453016197315,0.9515133476881705,0.9591194968553458,0.8225734700092833,0.9087598936651085,0.957509435301382,0.937345301619732,0.9250379219402802,0.8167498933030726,0.9187703462526826,0.8962395095530544,0.888278639033526,0.7805867564015283,0.8524700617069341,0.9221821648495907,0.9643133649175286,0.9137092609592146,0.9643133649175286,0.5361410951751719,0.9239759423528264,0.9913065253514575,0.957509435301382,0.9544316996038,0.9591194968553454,0.9127113681766137,0.9385367079941818,0.08301287652694123,0.9607848936032954,0.9529545363721539,0.9544316996038,0.3968105313125939,0.9625131050152522,0.966197296577026,0.4902762425833834,0.7421009311387936,0.9409669977890662,0.9591194968553456,0.8504989784061949,0.7336362758241322,0.943467974097185,0.9487265052554266,0.9233903453704979,0.9575094353013818,0.9271857963192043,0.757893768558104,0.9473756291574582,0.9197987094973852,0.9661972965770262,0.7897075031786098,0.9271857963192038,0.8008422195759235,0.31439732349195837,0.9529545363721537,0.9793236882044447,0.8971901564492131,0.8268966588916087,0.8279657565412282,0.7485888881337752,0.9544316996038,0.8688726774726097,0.9261077324693099,0.9282725629505151,0.44675533028303815,0.9643133649175284,0.8612222667022569,0.9544316996038,0.9544316996038,0.9373453016197315,0.9137092609592146,0.9774192396189842,0.9544316996038,0.9643133649175286,0.9544316996038,0.9304741538905167,0.63908905515329,0.8114042753167634,0.900538421250602,0.9315900378678903,0.9447481688519044,0.728351748348125,0.7623699658698975,0.9544316996038,0.61652085536815,0.9250379219402802,0.7996350258936387,0.8020423584034364,0.40241886019892603,0.8830308532373587,0.9575094353013818,0.8170571011959711,0.9544316996038,0.7751707543509228,0.9385367079941815,0.6765515156534121,0.8475218860027951,0.9559485503920393,0.7301312695908215,0.9487265052554266,0.9544316996038,0.9068053912485843,0.8247446089328486,0.9544316996038,0.9315900378678903,0.8159378637269961,0.711449816774324,0.7533024191224422,0.8225734700092833,0.9544316996038,0.8020423584034366,0.8707710541962022,0.9607848936032954,0.7604422708501075,0.7533024191224422,0.9167305843279032,0.9177477332861093,0.9068053912485843,0.0378922136098605,0.9087598936651085,0.8981423730059304,0.9422080421889416,0.867921623788791,0.8867934927338035,0.6476689942713074,0.9422080421889416,0.0,0.9385367079941818,0.9544316996038,0.9625131050152524,0.9117176971980809,0.832198064937085,0.9460501530640812,0.47778404797553353,0.9515133476881703,0.8818837573472098,0.9559485503920393,0.9515133476881703,0.991511387719873,0.9544316996038,0.9473756291574582,0.6232018013008533,0.9137092609592146,0.9625131050152524,0.862184347348063,0.9643133649175286,0.9473756291574582,0.9400741852851487,0.8336974907151966,0.9447481688519044,0.9643133649175286,0.8350509347173096,0.9250379219402802,0.9427946840319119,0.9397435965156076,0.9447481688519046,0.5744033572634892,0.957509435301382,0.9271857963192043,0.9097421633544904,0.6296422728260445,0.9409669977890662,0.9097421633544904,0.9460501530640812,0.9327167510955894,0.8893257159297718,0.7959698129526698,0.9984254449549754,0.9501049319099923,0.8332455615339118,0.6622198676465976,0.9304741538905168,0.9409669977890662,0.9422080421889416,0.7501740968189339,0.9460501530640815,0.7265705885140912,0.9409669977890662,0.4622688605443812,0.7792473655810663,0.957509435301382,0.8612222667022569,0.7437455951366186,0.9261077324693097,0.9933095589619414,0.9625131050152524,0.8211183544415496,0.9029316112204657,0.9607848936032954,0.9250379219402802,0.9501049319099923,0.9501049319099926,0.9591194968553456,0.9625131050152524,0.9327167510955894,0.7387643482726471,0.9218739081138492,0.27196612847404966,0.9529545363721539,0.8414864259682342,0.9167305843279034,0.9501049319099926,0.9572654625627895,0.9544316996038,0.12394457825310956,0.9544316996038,0.9544316996038,0.8373957982954758,0.9422080421889416,0.9271857963192038,0.9544316996038,0.829030356996278,0.8544309354723387,0.9239759423528265,0.9358593744118062,0.6919182993082406,0.7652933686087294,0.9137092609592146,0.9127113681766139,0.8563822015167812,0.9487265052554263,0.8981423730059303,0.9607848936032954,0.9261077324693099,0.8630614034554602,0.8707710541962024,0.4962382389721034,0.9487265052554266,0.9515133476881703,0.850706776411942,0.9607848936032954,0.6431660007091019,0.0378922136098605,0.9107280314569579,0.9447481688519044,0.9397435965156078,0.9422080421889416,0.8641031766521012,0.40241886019892614,0.9157186269856046,0.9422080421889416,0.9282725629505149,0.957509435301382,0.9447481688519046,0.9559485503920393,0.5630800747977556,0.8717185331373514,0.9222692303427626,0.9591194968553456,0.8717185331373514,0.9501049319099926,0.7934886331492647,0.6657888880247789,0.9529545363721539,0.7996350258936387,0.9338549253147788,0.8425429626878574,0.7652933686087295,0.862184347348063,0.9127113681766137,0.7681703273063951,0.9447481688519046,0.9167305843279032,0.8943424304056793,0.9544316996038,0.0,0.9250379219402804,0.9544316996038,0.9103339493566889,0.9447481688519044,0.9515133476881705,0.48721666860616075,0.7949546003349713,0.9422080421889416,0.8247446089328487,0.9643133649175286,0.7792473655810663,0.9460501530640812,0.8802089698693751,0.9515133476881703,0.9487265052554263,0.8404690714821101,0.9239759423528264,0.9409669977890662,0.7922363153434719,0.8924501786702492,0.8225538587803667,0.8773844821970236,0.9752372748615917,0.8485170805722069,0.7413155487309184,0.9327167510955894,0.9643133649175286,0.943467974097185,0.9559485503920393,0.7172704758475096,0.9127113681766137,0.9038960691476481,0.9529545363721537,0.7765395464272922,0.7134120602206246,0.9661972965770262,0.8915055770282612,0.957509435301382,0.9261077324693097,0.5500833737992555,0.996566586696046,0.9541290792408026,0.44432505625098484,0.943467974097185,0.9087598936651082,0.946050153064081,0.9529545363721539,0.16013546202225548,0.9661972965770262,0.9544316996038,0.9271857963192043,0.8792678792793369,0.826801547165725,0.9730090101747262,0.9544316996038,0.8952903079111569,0.8425003792101684,0.9157186269856044,0.9304741538905168,0.5262469229133326,0.9029316112204655,0.8933957590212609,0.8079415948250697,0.9350052413014638,0.9157186269856044,0.8660153996906965,0.9019695505324468,0.12394457825310956,0.5316629177168315,0.9361684345174044,0.957509435301382,0.9711878805915029,0.966197296577026,0.9350052413014638,0.9515133476881705,0.8425429626878576,0.9473756291574582,0.9361684345174044,0.9544316996038,0.8583244595873937,0.6060108913463811,0.9625131050152524,0.9544316996038,0.9447481688519046,0.7922363153434718,0.8225734700092833,0.9529545363721537,0.9591194968553458,0.9501049319099923,0.9529545363721537,0.9529545363721537,0.9271857963192043,0.9544316996038,0.9501049319099923,0.9949291060968914,0.9544316996038,0.9409669977890662,0.9019695505324468,0.9625131050152522,0.0378922136098605,0.9607848936032954,0.9559485503920393,0.9529545363721537,0.7765395464272921,0.8726649773302662,0.9422080421889416,0.8573544191143379,0.9544316996038,0.9949291060968914,0.957509435301382,0.9409669977890662,0.8148130677930066,0.5029863032607462,0.9625131050152522,0.9559485503920393,0.943467974097185,0.9239759423528264,0.936582663250047,0.24790396509541268,0.9239759423528264,0.9293685115305117,0.9327167510955894,0.7830122900340044,0.9460501530640812,0.9507165296704019,0.9373453016197317,0.11516900984745693,0.9167305843279032,0.8583244595873938,0.9544316996038,0.9544316996038,0.613084956415163,0.9643133649175286,0.8544309354723385,0.18067046083776728,0.9460501530640812,0.8425003792101684,0.9515133476881703,0.8125463805509152,0.8067748700378881,0.9544316996038,0.9544316996038,0.9229213960709446,0.7301312695908215,0.9127113681766137,0.8887281516764465,0.8612222667022571,0.8977364728840895,0.7153521111143408,0.8203824865711142,0.9397435965156076,0.832198064937085,0.9544316996038,0.9107280314569579,0.0,0.966197296577026,0.8485170805722069,0.08301287652694123,0.8485170805722067,0.9544316996038,0.9544316996038,0.7971989552054204,0.9005384212506019,0.8044219767553502,0.38243605452529905,0.9404815542410545,0.9097421633544902,0.9350052413014638,0.6306371608045279,0.8514858339733076,0.9335689453150366,0.9544316996038,0.9239759423528264,0.8363640334164011,0.22153181872290717,0.9625131050152524,0.8981423730059304,0.8909910300164394,0.9197987094973854,0.9261077324693097,0.9559485503920393,0.6765515156534119,0.9544316996038,0.8445183988316076,0.977409661800282,0.90974216335449,0.6418623468324616,0.8792678792793369,0.9473756291574582,0.9147116017278332,0.7563749039071174,0.9607848936032954,0.8820903683689054,0.8764420057712254,0.9501049319099923,0.8539593087394248,0.9304741538905168,0.9385367079941815,0.832198064937085,0.9591194968553456,0.9529545363721537,0.7063997170207922,0.9361684345174044,0.9239759423528264,0.9707211351216223,0.9661972965770262,0.9239759423528264,0.9661972965770262,0.966197296577026,0.6171437968101474,0.9776317763878943,0.9068053912485843,0.9544316996038,0.9643133649175286,0.38243605452529905,0.9447481688519044,0.728351748348125,0.9487265052554266,0.9529545363721539,0.9361684345174044,0.9048630781107279,0.9559485503920395,0.7922363153434719,0.9261077324693099,0.8414864259682342,0.8214805068326567,0.9544316996038,0.9029316112204655,0.9544316996038,0.8114042753167636,0.9643133649175286,0.9397435965156078,0.940966997789066,0.7522076383746092,0.9544316996038,0.8247446089328487,0.7652933686087295,0.9409669977890662,0.8258229735464782,0.8445183988316076,0.832198064937085,0.08006773101112774,0.8724525586652854,0.7720943320371615,0.8258229735464784,0.7695919367481672,0.9422080421889416,0.775809895875169,0.9661972965770262,0.9422080421889416,0.9005384212506019,0.634914244844039,0.9373453016197315,0.8554077319402789,0.9127113681766137,0.7593982966903685,0.9544316996038,0.9529545363721537,0.8583244595873938,0.9451689995479284,0.6431660007091017,0.7996350258936387,0.777898355563907,0.9544316996038,0.8102561836643376,0.6665960077716825,0.9304741538905168,0.9544316996038,0.8563822015167812,0.9487265052554266,0.08301287652694123,0.9422080421889416,0.9529545363721537,0.862184347348063,0.9385367079941817,0.6390890551532902,0.9361684345174044,0.9177477332861093,0.9422080421889416,0.7563764498345815,0.9544316996038,0.9350052413014638,0.9544316996038,0.9625131050152522,0.8504989784061951,0.8962395095530544,0.966197296577026,0.9338549253147788,0.8853172535850609,0.9147116017278332,0.5131662731762368,0.9544316996038,0.8495094192726707,0.8394482358305893,0.6948865537510897,0.9327167510955894,0.9239759423528264,0.9591194968553458,0.9327167510955894,0.9315900378678903,0.9250379219402802,0.9038960691476479,0.7778983555639072,0.9250379219402802,0.9304741538905168,0.9591194968553458,0.602367810972693,0.9250379219402802,0.966197296577026,0.9385367079941815,0.9559485503920393,0.6023678109726931,0.9529545363721539,0.9315900378678903,0.940966997789066,0.9029316112204657,0.5094807987830579,0.9422080421889416,0.922921396070945,0.9373453016197317,0.9529545363721539,0.9447481688519046,0.8311464231994985,0.5131662731762373,0.9117176971980809,0.8504989784061951,0.9208331242859089,0.9177477332861095,0.9923551296406039,0.9559485503920393,0.19244580608505335,0.9117176971980809,0.9048630781107276,0.4777840479755341,0.9350052413014638,0.9107280314569577,0.1601354620222556,0.04073816660369156,0.9232797185420909,0.933854925314779,0.8802089698693754,0.9261077324693099,0.39241187352986606,0.8679216237887912,0.943467974097185,0.9315900378678903,0.2479039650954128,0.8534517371065098,0.8905618443793009,0.5692582912466633,0.9107280314569577,0.8650600761076828,0.9607848936032954,0.9271857963192041,0.888676559370384,0.9385367079941811,0.9161682054358171,0.487216668606161,0.9097421633544904,0.8849118467483819,0.7845489569349895,0.36712679555941397,0.86025830850666,0.9529545363721539,0.8952903079111569,0.840469071482111,0.957509435301382,0.22153181872290717,0.8981423730059304,0.9350052413014638,0.9575094353013818,0.9087598936651082,0.8773844821970236,0.9077763399699053,0.9515133476881705,0.29404263065639447,0.9144538550233172,0.9409669977890662,0.9127113681766137,0.9575094353013818,0.8736104662007036,0.30749747406404604,0.12394457825310956,0.9038960691476479,0.9466104231235155,0.9559485503920393,0.9643133649175286,0.8971901564492131,0.9625131050152524,0.8373957982954758,0.12394457825310956
p206_V,0.84868190230902,0.9824238218303372,0.8220068840377226,0.932795246271596,0.9164419655193168,0.9380163966266188,0.8704418787115218,0.8694744805372406,0.5163893414516403,0.9345618542101832,0.9382829336530905,0.9557248896714008,0.9557248896714008,0.8725113072902908,0.9070227924758549,0.8114788487242626,0.9882023505376625,0.9539119155583538,0.9312607396704551,0.9345618542101832,0.8381724206093377,0.8986853937484474,0.8940275945888627,0.9192233962368055,0.8963379163019165,0.34661586838513114,0.9085080245777921,0.9478522336769757,0.9345618542101832,0.8898939945209738,0.41181202753149626,0.9250379219402804,0.9059804204993027,0.46478401044590745,0.9164419655193168,0.982971410509272,0.9192233962368055,0.9837816225361298,0.9380163966266193,0.9506768980005937,0.8593962429851334,0.9233721476659593,0.9380163966266191,0.9670171466267894,0.9483551875577272,0.788984811223808,0.9681385641755447,0.5616560370164884,0.9178938723744823,0.9170322411079062,0.9250379219402804,0.8529322575984255,0.34661586838513114,0.9035033355391058,0.9448810215177157,0.8829528399528481,0.9152383482658542,0.9164419655193174,0.8118225867334673,0.9110906193450525,0.5281624495970588,0.6789861696760864,0.9206037147937578,0.83449531009486,0.9280917395652362,0.7343570449614634,0.9795295863759994,0.8651641418574889,0.8780502036765351,0.9653179186519116,0.9895667589681865,0.885110846748371,0.9164419655193168,0.7288607865712486,0.9164419655193174,0.8132249165650078,0.9351366270846035,0.9010728262563201,0.7370755954976769,0.9480026438367747,0.9010728262563201,0.8917519066686372,0.9414399550230419,0.9206037147937578,0.9164419655193174,0.9795019860868401,0.97158786042076,0.7969977413798236,0.8736681048119386,0.9137333093884037,0.9164419655193174,0.9407885803754521,0.780174677544047,0.7092475176365659,0.9644659921256323,0.9115581941905686,0.9593004333985418,0.8149740971886756,0.7071074713305254,0.690825484771762,0.9556196184821215,0.922085571782991,0.9164419655193168,0.9309457842588795,0.9160634361285367,0.9312607396704553,0.9526024456618092,0.7555123685946299,0.9964366158728781,0.761775106606872,0.8836180041974133,0.9572357245986263,0.7170449918900239,0.9582292891966593,0.9220855717829912,0.7257007063540554,0.9415276164159576,0.9312607396704553,0.9380163966266191,0.6990676893152217,0.9227068486607595,0.8803029307892649,0.9320797389103184,0.9384986992079645,0.9461634821478583,0.8257483229305191,0.9192233962368053,0.854743442341604,0.913733309388403,0.9731391553474593,0.6247449845532687,0.922085571782991,0.9250379219402804,0.995006876394922,0.9483551875577272,0.904451828245838,0.8900426188690478,0.9250379219402804,0.9250379219402804,0.911090619345053,0.6973636896991846,0.9345618542101832,0.7534759443130084,0.9183213534746963,0.9309657142919867,0.5521080389742007,0.9849775749736709,0.6483914814955529,0.9506768980005937,0.7842519392715934,0.9571380145076699,0.9457512976809442,0.8651641418574889,0.7461489396671461,0.9250379219402804,0.4592286407294033,0.9968538349115335,0.8586619077554181,0.8877095070326824,0.8803029307892649,0.832675644242658,0.9681385641755447,0.9262039440654459,0.9177035669169336,0.8308992056894289,0.8909793814432989,0.730058625146058,0.83449531009486,0.9414399550230419,0.9839152575187717,0.932795246271596,0.9137333093884032,0.4713369937870284,0.9177137156321572,0.7125682124793032,0.932171712785949,0.9829714105092717,0.8731221646579734,0.9273053773902182,0.8362930332131355,0.9640380930896717,0.6233027387801445,0.9556196184821214,0.9137333093884028,0.8193277076235788,0.9016745293649866,0.616848461220578,0.838117822314655,0.9035033355391057,0.8745574900762874,0.9110906193450523,0.9958115516340642,0.783712137213447,0.7140201349595379,0.975950793303326,0.9164419655193174,0.9637851559795012,0.9110906193450523,0.9115581941905684,0.8073399772739782,0.5128156164709892,0.9137333093884028,0.9164419655193174,0.9115857793854756,0.7326026507287552,0.9345618542101832,0.9164419655193174,0.7312508486474658,0.40787138022280345,0.5177997006392876,0.5590710135577706,0.9212564811755437,0.9557248896714008,0.9164419655193174,0.8651641418574887,0.9164419655193174,0.7444457599529428,0.9111672445718766,0.9241357053368235,0.9164419655193174,0.875503338967221,0.9164419655193174,0.8320155900497956,0.5472579247528173,0.9194158075601373,0.8178051785527845,0.9858084434319018,0.7460451083541155,0.951964237396147,0.8940275945888625,0.8986853937484476,0.9759507933033258,0.7836604460762668,0.8664814862756911,0.9250379219402802,0.9340990416559537,0.8910756755394971,0.8399399046211005,0.8554484876704809,0.5766866887036365,0.40787138022280256,0.9483551875577274,0.9491270128542677,0.9519642373961463,0.9164419655193174,0.8908821080541924,0.9164419655193174,0.8368865597045974,0.9450032706006528,0.9250379219402804,0.9919265098151697,0.7460451083541155,0.9637851559795012,0.9700497852148384,0.8963379163019165,0.9433047901650564,0.9754930410498608,0.6262591420179735,0.9681385641755447,0.9398808686261126,0.7151668889512357,0.9419263201446231,0.9137333093884037,0.9280917395652364,0.911036346865636,0.9380163966266193,0.8088061835190344,0.9197501444304768,0.8895085707332926,0.7189357563716756,0.9251780534576666,0.9250379219402804,0.9710283661798578,0.8716454015266432,0.8090017246333314,0.9312607396704553,0.7232823364271659,0.5008577968529092,0.9262039440654459,0.9596821746142157,0.9312607396704553,0.7964346518822158,0.7204093137277279,0.8239745708107342,0.832694134192729,0.9629372157622487,0.922085571782991,0.8955568994617085,0.7545682722123006,0.9110906193450525,0.9220855717829912,0.9681385641755447,0.7805417669717747,0.9312607396704549,0.734440884943756,0.6074287791026076,0.8114788487242626,0.8428418457522013,0.9829714105092717,0.959657136477295,0.9178938723744823,0.9928378554472401,0.9727541677821405,0.7644638806064611,0.8821389927482706,0.9220855717829912,0.9506768980005937,0.9668384879725086,0.7717606226961908,0.8778449561972075,0.8553715264125035,0.950345981476219,0.969656270358749,0.9590685666003324,0.8989421302309218,0.9887119198512568,0.7987993507178112,0.9345618542101832,0.9246323126477254,0.9731391553474595,0.8778449561972073,0.9681385641755447,0.9164419655193174,0.5977996196411143,0.9418243114872846,0.9539119155583538,0.9312607396704553,0.9280917395652364,0.9602919497626031,0.9164419655193174,0.9964366158728782,0.9312607396704551,0.9380163966266188,0.9611097093308496,0.8429604839965288,0.9606559814622548,0.9727541677821405,0.8281950172369253,0.8148044214163719,0.9320797389103184,0.705013569316562,0.8761715888874186,0.9220855717829912,0.5229348368179454,0.8410896574139453,0.602181013061807,0.8495860816766682,0.9380163966266188,0.7362937930927345,0.9246323126477254,0.7348428634645725,0.9483551875577274,0.9137333093884037,0.9002546180665421,0.9491270128542677,0.7358066320511625,0.6957200807516383,0.8157108879926638,0.9164419655193174,0.6110531445435898,0.8932539868674867,0.9567209276149586,0.9220033199406046,0.9345618542101832,0.7776944546624263,0.9164419655193174,0.9164419655193174,0.9178938723744823,0.8674433656039868,0.8713488676698915,0.9164419655193174,0.934561854210183,0.9596571364772952,0.9026532767809433,0.8308992056894289,0.7140201349595376,0.9596571364772952,0.9050879833003673,0.9555096729069271,0.840157886000438,0.7972223696823334,0.9164419655193174,0.8494541037919072,0.9478522336769759,0.7556408739370746,0.8252818489972973,0.9966794629726075,0.9352023051566378,0.9220855717829912,0.7579170939157687,0.9164419655193174,0.8343611785387703,0.9872201163229497,0.7162198993880682,0.8553666722231417,0.9192233962368055,0.7994903615718998,0.9837816225361296,0.9164419655193174,0.9510164975792013,0.7595430325708612,0.9164419655193174,0.9356184765244473,0.7044515668147193,0.8191012604339081,0.8095720510683433,0.764463880606461,0.9164419655193174,0.7881983555815264,0.6446134063877708,0.9727347845851518,0.8771777677923256,0.8095720510683434,0.9789255840610396,0.5135092316877894,0.9022539733648121,0.9220855717829912,0.8574165634704995,0.5177997006392876,0.9641813269710358,0.6551231726029947,0.966365912104518,0.8087102574521299,0.8940275945888627,0.9250379219402804,0.9206037147937578,0.9164419655193174,0.9312607396704551,0.838117822314655,0.6852950071392241,0.975493041049861,0.8808199067953633,0.911090619345053,0.8551598205232314,0.9916530842778032,0.9110906193450532,0.9382829336530907,0.9164419655193168,0.9415276164159581,0.8233019835004449,0.9271675367478892,0.9312607396704551,0.6751461873703168,0.9345618542101832,0.9795518972928103,0.9305880744557049,0.7855863992625287,0.9351366270846035,0.9887119198512566,0.8013109830913812,0.9762886597938145,0.8220068840377224,0.8895085707332926,0.898685393748448,0.8399399046211002,0.9681385641755447,0.8664814862756913,0.9589999745462268,0.9518623460254716,0.8917519066686372,0.6674860320996722,0.9382829336530905,0.41181202753149626,0.8348129948177618,0.7623617300286496,0.9471394054366113,0.9483551875577274,0.7204093137277279,0.9382976158098657,0.9930791852529013,0.9606559814622548,0.9291044607799495,0.8136667268976359,0.9382829336530905,0.7560630939271613,0.9262039440654459,0.8887315011070402,0.8465165931225636,0.9681385641755447,0.7852566843364379,0.783712137213447,0.9507526530137225,0.9340990416559536,0.8618965769742784,0.7092145629397735,0.4653029379358973,0.9776784774900422,0.8909793814432987,0.9719504864824022,0.9085080245777926,0.9250379219402804,0.9312607396704553,0.9686885474691006,0.8279445401335832,0.8567411419143387,0.9137333093884032,0.913733309388403,0.7370755954976769,0.8736330304641182,0.9085080245777928,0.9183213534746965,0.9164419655193174,0.9776784774900422,0.9164419655193174,0.9164419655193174,0.7287842253283445,0.8940275945888627,0.9246323126477254,0.9164419655193174,0.7683357510567739,0.7000600918606843,0.9731391553474595,0.919759106659892,0.8045211086206918,0.8305667106549905,0.9187906400160177,0.8399399046211005,0.6940036769353107,0.9773177764454566,0.9977698497500298,0.9280917395652364,0.4167620193776842,0.8090017246333314,0.6650393418775497,0.907561114766986,0.9448810215177159,0.9110906193450525,0.8126954228033629,0.9280917395652364,0.9266352354720067,0.9220855717829912,0.9617282674089433,0.8986853937484474,0.9572357245986263,0.8940275945888625,0.6886305409058613,0.9356184765244473,0.5281624495970593,0.9992581931621223,0.9861364778396993,0.9220855717829912,0.898685393748448,0.9192233962368055,0.9978967545796937,0.6205398446032759,0.8348129948177618,0.9795295863759994,0.8057510656386746,0.908508024577793,0.8252818489972973,0.8419523798699478,0.8763087891966072,0.7371025125511409,0.8787105864554916,0.9380163966266188,0.7743343388904204,0.6552301636658472,0.8908821080541924,0.8076294814895695,0.8986853937484474,0.8473098920648878,0.806257008346889,0.9164419655193174,0.9250379219402804,0.0,0.9164419655193168,0.9585429254696889,0.9715878604207602,0.9110906193450525,0.9414399550230419,0.7994903615718993,0.9992581931621223,0.7595430325708612,0.9345618542101835,0.7720799518384156,0.8384564219662861,0.864883960928134,0.911090619345053,0.9448810215177157,0.6825935304367716,0.8887315011070398,0.9704399437441277,0.7875511229788077,0.6606859385526269,0.7825327809508618,0.9214959699328418,0.8955568994617082,0.6983018537039387,0.8132236490903701,0.907561114766986,0.9887119198512566,0.9964366158728781,0.9192233962368055,0.793631033858849,0.9927665149203768,0.626389400667311,0.9137333093884039,0.8508440592598927,0.8564945826088475,0.995006876394922,0.8900426188690478,0.9397554510393482,0.8932539868674869,0.8625429553264603,0.9233721476659595,0.8886678230824374,0.9075611147669864,0.9320797389103181,0.8574165634705,0.9010728262563203,0.9557248896714008,0.9250379219402804,0.995006876394922,0.9164419655193174,0.9881414477942227,0.8839001017409067,0.7545682722123006,0.8684742769407376,0.9164419655193174,0.5337710067833261,0.8259082699530014,0.9237521872928398,0.9026532767809434,0.8417697283979713,0.9170322411079062,0.5888834565678931,0.8705700259854452,0.8808199067953635,0.9498514902980826,0.6619386051992117,0.8438537352691284,0.9280917395652364,0.9163532097707388,0.9152383482658542,0.9858084434319018,0.9168673858538465,0.9380163966266191,0.9919265098151698,0.9928378554472403,0.9380163966266188,0.9035033355391053,0.9556196184821215,0.9164419655193168,0.7796562783546088,0.8097356591508627,0.9136072478130948,0.9596571364772952,0.8986853937484476,0.7690066666776432,0.708375783110589,0.9137333093884037,0.9250379219402804,0.9085080245777928,0.9137333093884037,0.9137333093884037,0.8664814862756911,0.9164419655193174,0.9085080245777923,0.9262793072625789,0.9164419655193174,0.9606559814622548,0.9146866456746814,0.9312607396704553,0.9220855717829912,0.9280917395652364,0.9192233962368055,0.9137333093884037,0.7949527954278441,0.6374032682442388,0.9641813269710358,0.730288285541151,0.9164419655193174,0.9789255840610394,0.922085571782991,0.9262039440654459,0.7440818798146167,0.8757298482658953,0.9653179186519114,0.9637851559795012,0.9964366158728782,0.9424531904121208,0.8963379163019167,0.9164419655193168,0.860595616360234,0.9300253317004232,0.9075611147669862,0.6774560179325269,0.975493041049861,0.9312607396704551,0.9178938723744823,0.9681385641755447,0.9789255840610396,0.6681139725352023,0.9164419655193174,0.9164419655193168,0.851418226823776,0.9345618542101832,0.869902024486924,0.9085080245777923,0.9010728262563201,0.6387625482037371,0.911090619345053,0.7116475421325239,0.741944636684791,0.9164419655193174,0.9164419655193174,0.9422028158499833,0.8188060455997532,0.9308201799299847,0.8680549584980374,0.6187675961165586,0.7528549085101144,0.8151803561408062,0.7319982377661789,0.991099301531293,0.7418769477350501,0.9164419655193174,0.9617282674089433,0.9250379219402804,0.9380163966266193,0.8188060455997521,0.9312607396704553,0.6983018537039387,0.9164419655193174,0.9164419655193174,0.7786678872568105,0.9164419655193168,0.7836458326122056,0.8986853937484476,0.8672198966841809,0.83449531009486,0.8808199067953637,0.9589999745462268,0.6895219105284232,0.9354770390567304,0.9164419655193174,0.88873150110704,0.7314372923017545,0.9192233962368055,0.9312607396704553,0.8824292665093911,0.778442460439147,0.9070227924758547,0.9507526530137225,0.9192233962368055,0.8507273060227893,0.9164419655193174,0.7288607865712486,0.9795019860868401,0.46827856897748454,0.9638938873058052,0.7786149885251272,0.9415276164159576,0.8953735569144758,0.8610685021907014,0.9231480466603458,0.7050285390851675,0.6641147469812796,0.9085080245777921,0.9887119198512566,0.9629372157622487,0.9539119155583538,0.7607375946003256,0.9727541677821405,0.9137333093884039,0.6337546077419733,0.8829528399528481,0.9987249599057337,0.9300253317004232,0.9480026438367749,0.8887315011070398,0.8340216843001687,0.9380163966266186,0.9672954132038307,0.897889827165478,0.5857395223841,0.9164419655193168,0.934561854210183,0.9351366270846038,0.9919609062430834,0.840157886000438,0.9059804204993029,0.9602919497626031,0.9152383482658542,0.6210770025228072,0.9470913245351075,0.7302930131909202,0.9795019860868401,0.7370755954976769,0.7669049299695301,0.9164419655193174,0.9407885803754519,0.916441965519317,0.76976768226719,0.9345618542101832,0.9910993015312932,0.31585123320475283,0.8651641418574889,0.9164419655193174,0.7595430325708612,0.7930784628119438,0.8917519066686372,0.757062563071494,0.7096799616845384,0.74187694773505,0.9250379219402804,0.7207145541760414,0.9243176855640716,0.8132949348360643,0.80552737192519,0.9992581931621223,0.8408317600594297,0.8340216843001682,0.8940275945888627,0.916441965519317,0.8574165634704998,0.9506768980005937,0.6774560179325282,0.9418243114872848,0.8013515128476629,0.953912521606748,0.9137333093884037,0.687836463574852,0.8132236490903704,0.9266352354720069,0.7927175967089419,0.7742041471629764,0.9164419655193174,0.7906802734775348,0.7960663611529737,0.9930791852529013,0.9164419655193174,0.6940036769353107,0.9837816225361296,0.9312607396704553,0.999258193162122,0.9137333093884037,0.8468692437224401,0.9539119155583539,0.8554484876704809,0.9556196184821215,0.9022846708766046,0.9291044607799492,0.7866068806330611,0.9164419655193174,0.9601131139678031,0.9164419655193174,0.9312607396704553,0.8615836432768005,0.5741801328169818,0.9380163966266193,0.9100752707392665,0.8055273719251901,0.509319185080963,0.9026532767809432,0.9164419655193174,0.8595096562030184,0.6472928386038912,0.8147017323335122,0.9694362836489427,0.8605956163602348,0.9250379219402804,0.876623530326009,0.8745574900762871,0.9194158075601375,0.5307658875189495,0.8300624635225089,0.9194158075601375,0.872511307290291,0.9250379219402804,0.8114788487242626,0.9194158075601375,0.9380163966266193,0.9539119155583538,0.9637851559795012,0.8803029307892649,0.913733309388403,0.9050879833003678,0.8917519066686372,0.6078409735411743,0.8605956163602342,0.9656649406467912,0.4730108274880547,0.9178938723744825,0.9137333093884032,0.8986853937484476,0.7256064607423467,0.872511307290291,0.8633928226985463,0.7506396823653583,0.909435381221237,0.8491750256551862,0.9837570507471833,0.9637851559795012,0.9220855717829912,0.5552821684719621,0.8496083480183549,0.9126333026427302,0.9762600943374635,0.5867410736256767,0.9727541677821405,0.9280917395652364,0.9446219998127121,0.3999016750176799,0.8226123078725698,0.9507526530137222,0.8766235303260079,0.89951540567241,0.9320797389103184,0.3621801793217053,0.9164419655193168,0.7225545088088059,0.8878893398710557,0.9670171466267896,0.5114859637981128,0.9131542238684311,0.9776784774900422,0.8955568994617085,0.9274932212938325,0.34661586838513114,0.9085080245777921,0.8787105864554916,0.9589999745462268,0.9183213534746963,0.8563943216699783,0.9010728262563199,0.9022925303876546,0.913733309388403,0.9214837186008105,0.8980752084312571,0.922085571782991,0.9192233962368053,0.6100721672317984,0.3556585928678332,0.9220855717829912,0.8326941341927288,0.6813102689309101,0.9045421961063929,0.9110906193450525,0.9110906193450523,0.7728067099479512,0.9704399437441276,0.8399399046211002,0.9397554510393487,0.6337336527996585,0.9606559814622548,0.9280917395652364,0.5546717658060398,0.9233721476659593,0.9192233962368053,0.9345618542101832,0.6379284947557167,0.9312607396704553,0.8157108879926638,0.9280917395652364
p206_Y,0.7524297972473152,0.9413411539914585,0.8918007079504509,0.9225015741707872,0.9492063492063489,0.9623211158059548,0.7634132344665411,0.7792280426333986,0.9038142386822654,0.9602211523225768,0.9398636845831869,0.9475597985845112,0.9475597985845114,0.9683086794376969,0.910601968746465,0.9402778464084467,0.944383427890573,0.9314886672615053,0.9582144552981327,0.9602211523225768,0.9227803491523987,0.9507968637523909,0.9578055524052941,0.981381831638016,0.9369854052620168,0.931488667261505,0.944383427890573,0.9164419655193168,0.9602211523225768,0.9429752331442157,0.9250013316406698,0.9544316996038,0.9428469360414604,0.9188361382271668,0.9492063492063492,0.9582144552981327,0.9508971383859763,0.9428469360414604,0.962321115805955,0.9301606414450718,0.8993922310882434,0.7069259185928011,0.9623211158059548,0.9548120669934363,0.9950603702402812,0.8474513194974067,0.9526370111116407,0.8326546760306183,0.9301606414450718,0.8918007079504509,0.9730533608234009,0.8495864161552147,0.931488667261505,0.9413411539914582,0.6433291602337388,0.9288488221297497,0.9288488221297497,0.9492063492063487,0.9947503758616079,0.9459533477380777,0.9060540201833018,0.9046651286446747,0.9821075314053485,0.9870810478556495,0.9562880686171875,0.8534949983155184,0.9544316996038,0.9577985184431552,0.8261640441409663,0.9582144552981327,0.9212691469911802,0.9301606414450718,0.8537698412698407,0.9984148403325633,0.9492063492063487,0.8864622842804519,0.9384124008873462,0.9398636845831869,0.857578388990773,0.962321115805955,0.9964123220916106,0.9610880275993516,0.926270021131592,0.9314886672615053,0.9492063492063487,0.9176344520056336,0.9507968637523909,0.861568305966651,0.7404073909127018,0.9475597985845114,0.9492063492063487,0.9279034959226291,0.8898549672341265,0.9167889614218214,0.8830688616383842,0.9004911494084337,0.8896584524348268,0.8875255844205971,0.775742325020424,0.8351320799487414,0.9779134885361098,0.9526370111116407,0.9492063492063492,0.9232749504518325,0.9988170690953835,0.9582144552981327,0.9071820194155726,0.8627119636910094,0.9000627911577301,0.8493369404240505,0.909249860383132,0.9328339505740533,0.8508058075754192,0.9094556823349393,0.9526370111116409,0.8501737928062842,0.9991271005058251,0.9582144552981327,0.9623211158059548,0.9232749504518323,0.7938063224994614,0.885400876353422,0.9369854052620168,0.8399176150739306,0.9314886672615055,0.9619134810141818,0.9508971383859763,0.6970909090520432,0.9886251033694344,0.5288821408683528,0.8640156358380557,0.9773757151292213,0.9544316996038,0.9623211158059548,0.944383427890573,0.8754988991654502,0.9857001874039446,0.9544316996038003,0.9544316996038,0.9459533477380777,0.9676706105860005,0.9602211523225765,0.9431184894598297,0.9044788524275964,0.9227803491523987,0.9250049848928679,0.9655358493300292,0.9319959257948536,0.621452614729216,0.8462580005670894,0.9602211523225768,0.9060540201833016,0.9180353447095948,0.9481156253591771,0.9544316996038,0.97998139075904,0.9945515828164377,0.9140827360776209,0.9815616099032829,0.9202651318010482,0.8793180926172992,0.9773757151292214,0.9341976401680094,0.7999960359115466,0.8972062142375332,0.9164419655193168,0.7917380856761216,0.9870810478556497,0.926270021131592,0.9660700296626721,0.9400771100284839,0.9475597985845114,0.92884882212975,0.9481140685492024,0.9610354185769059,0.8528017389969296,0.9582144552981327,0.9359245759999371,0.9905461600724844,0.8864622842804519,0.9117550006367756,0.9595070856400738,0.9779134885361098,0.2866590248628368,0.6708002705226188,0.9155456680159728,0.8580633769736241,0.5990664026184787,0.7697291134367075,0.9834594839173173,0.9459533477380777,0.940119648591411,0.772293682535075,0.8180179329687025,0.9060540201833018,0.9492063492063487,0.9508971383859763,0.9459533477380777,0.6801665762815045,0.8355526955775654,0.8918007079504511,0.2866590248628371,0.9492063492063487,0.8685695845092944,0.758381053055493,0.9602211523225768,0.9492063492063487,0.9898517825240296,0.9152582079543841,0.8864622842804519,0.888146704974508,0.9442661027800154,0.9475597985845112,0.9492063492063487,0.7715493131722806,0.9492063492063487,0.9878040092988161,0.8685974240625229,0.8355526955775654,0.9492063492063487,0.9243203844516433,0.9492063492063487,0.8570070294818277,0.9728072322506559,0.9164419655193168,0.8759110188590662,0.9526370111116407,0.7780046509581318,0.9459533477380775,0.9888877218166614,0.9938077685674775,0.9352923098201313,0.9250225029830753,0.9188361382271666,0.9544316996038003,0.8993922310882433,0.7863348538016321,0.9027019168030599,0.9718218789028326,0.9580166426603274,0.9992249226337294,0.944383427890573,0.9202651318010482,0.867698299150503,0.9492063492063487,0.7876282222528321,0.9492063492063487,0.9522699746113125,0.9152582079543843,0.9005384212506021,0.4439342652325272,0.8061796741685836,0.9508971383859763,0.9140827360776209,0.9369854052620168,0.9292058051524483,0.9398636845831869,0.7601890268014292,0.9526370111116407,0.9044788524275964,0.9700073495187169,0.7943743572075035,0.9475597985845114,0.9562880686171875,0.8874224411145106,0.962321115805955,0.930920905602167,0.9898517825240297,0.9127774219260276,0.9988170690953837,0.9412409472616072,0.5379637233866089,0.7559587609448182,0.8343813277693912,0.8557200473059945,0.9582144552981327,0.8200879828172237,0.9140827360776207,0.9865548062843288,0.9400050159634596,0.9582144552981327,0.9335495544090702,0.8141237078825923,0.968354383009318,0.9734392564424443,0.9225015741707872,0.9526370111116407,0.9188361382271666,0.7937812374916592,0.9459533477380777,0.9526370111116407,0.9773757151292214,0.8269054211514352,0.9582144552981327,0.883604387602573,0.9594229317495175,0.885400876353422,0.8847222613194277,0.9582144552981327,0.9492063492063489,0.9301606414450718,0.9459533477380777,0.9544316996038,0.7999960359115466,0.9358682901281239,0.9526370111116407,0.930160641445072,0.5649759829849436,0.8152867967569699,0.9094556823349393,0.7688919629409912,0.9579080044224919,0.9053814730128105,0.865135335666601,0.8727631680356077,0.9602211523225768,0.9038142386822656,0.9602211523225768,0.9630223853436268,0.9152582079543843,0.9094556823349396,0.9773757151292213,0.9492063492063487,0.9544316996038,0.9811718853428998,0.9314886672615055,0.9582144552981327,0.9562880686171875,0.9475597985845114,0.9492063492063487,0.9913026731221013,0.1773470886819868,0.9623211158059548,0.910601968746465,0.910340118115422,0.9341976401680094,0.46544878381381005,0.9806827790150392,0.858173483507684,0.9369854052620168,0.9428469360414604,0.8409971458279795,0.9526370111116409,0.9927913675399126,0.8117838598171896,0.9413411539914582,0.8428084617125343,0.9623211158059548,0.8115034698580478,0.9188361382271666,0.771194977674639,0.9443834278905732,0.9475597985845114,0.8072734327388269,0.9202651318010482,0.9648549477429393,0.7922008532895146,0.818749855334769,0.9492063492063487,0.8538362113124118,0.5580771559533031,0.9200475251844389,0.7328399533003249,0.8751938654120847,0.9735492166725133,0.9492063492063487,0.9492063492063487,0.37234886815937285,0.7840535358650872,0.859117285745659,0.9492063492063487,0.957486356544754,0.9492063492063492,0.9683086794376969,0.8972062142375334,0.8148611882522669,0.9492063492063492,0.9237454173815309,0.9507968637523908,0.8322525541058985,0.8367785125630913,0.9492063492063487,0.9153139730017579,0.9596571364772952,0.8289194532234487,0.7979859337642079,0.9237454173815309,0.9021152573195566,0.9526370111116409,0.8075409127954851,0.9492063492063487,0.8539816770928066,0.9821075314053485,0.8904561153277739,0.8593380031796714,0.43961359182995463,0.8605006952168124,0.9428469360414604,0.9492063492063487,0.9186188500482276,0.9469488476903253,0.9492063492063487,0.7050741878138624,0.9363122233940779,0.8420784215528958,0.8152867967569699,0.7999960359115466,0.9492063492063487,0.835698631337936,0.918035344709595,0.9562880686171875,0.8108432922578966,0.8686696069047444,0.9071820194155724,0.9706171664191837,0.8961186971729784,0.9526370111116407,0.6508510804143522,0.8864622842804519,0.9355809960386168,0.9318717683150428,0.9279211061273759,0.870666221095258,0.9355809960386168,0.9544316996038,0.9314886672615055,0.9492063492063487,0.9582144552981327,0.9784157310816315,0.8416188407771308,0.8339417653831194,0.9275522446953857,0.9919305345581159,0.8836043876025731,0.9136608016620085,0.9919305345581159,0.9398636845831869,0.9492063492063492,0.9991271005058253,0.8790644420447882,0.9038142386822656,0.8060296021509912,0.972019382853735,0.5460239008814078,0.9991271005058253,0.9355809960386168,0.8583050730856254,0.9938077685674778,0.9602211523225768,0.9983715439550835,0.9539125216067481,0.9279034959226291,0.9328339505740533,0.8954014960722599,0.9811718853428997,0.9526370111116407,0.963022385343627,0.9870810478556495,0.876961388806675,0.9610880275993517,0.7600276057434358,0.6077472153494246,0.9720175422977495,0.8995853467709884,0.8893508901445188,0.9049315186013056,0.9950603702402812,0.8715164809151128,0.9624920646450354,0.9225015741707874,0.9087308614830323,0.9355809960386168,0.8175997772209658,0.6642958528578481,0.8823910523641699,0.28044486808720204,0.9580166426603276,0.7539334992316535,0.9526370111116407,0.9358796528302649,0.9380414785683449,0.9613251513423888,0.6843431250393637,0.9632002305182419,0.9263050774651862,0.8918007079504511,0.9562880686171875,0.959657136477295,0.944383427890573,0.9443834278905732,0.973053360823401,0.9582144552981327,0.92500133164067,0.8255663034700993,0.9129151319089193,0.9475597985845114,0.9475597985845112,0.7125274559321448,0.9071820194155726,0.9950603702402809,0.8717146038820363,0.9492063492063487,0.9562880686171875,0.9492063492063487,0.9492063492063487,0.8062889078890338,0.935580996038617,0.9188361382271666,0.9492063492063487,0.9620231262730154,0.9246129846828502,0.9152582079543843,0.9143052801998224,0.8811713725919916,0.86282129710497,0.9038142386822656,0.9027019168030599,0.742383232559681,0.9428469360414604,0.8864622842804518,0.9562880686171877,0.961325151342389,0.9965951633582535,0.8559522762859699,0.92500133164067,0.9428469360414604,0.9459533477380777,0.8692199447356004,0.9562880686171875,0.9331711877287372,0.9526370111116407,0.9004911494084336,0.7292153930318652,0.9328339505740533,0.9044988266272491,0.8485197883378754,0.9701429667321066,0.8559654748218479,0.7445786492931159,0.9647506825559773,0.9526370111116407,0.9384124008873465,0.9508971383859763,0.9140827360776209,0.6759170720245419,0.8697493950485444,0.9544316996038,0.9815616099032831,0.9443834278905734,0.9952327064015153,0.8896584524348268,0.9886251033694344,0.8289194532234487,0.926270021131592,0.9623211158059548,0.8343356316982856,0.8766475407506158,0.5940845591627646,0.8603122475559111,0.9384124008873465,0.9071820194155726,0.8822265994777516,0.9492063492063487,0.9544316996038,0.9164419655193168,0.0,0.8927713255769505,0.7846107607119965,0.9919305345581159,0.926270021131592,0.8311464231994983,0.9888877218166614,0.7969095271386525,0.9602211523225768,0.8218581062145831,0.9470390403999658,0.7480831877549741,0.9459533477380777,0.9428469360414604,0.8511420268993708,0.7854327491040132,0.9341976401680094,0.7965941295587151,0.880117361849238,0.8106069085572603,0.6919032778503116,0.9630223853436268,0.9340194006619889,0.8612222667022575,0.97201754229775,0.9602211523225768,0.9369854052620168,0.6427766817579782,0.9281378109691689,0.8650456874888591,0.8928757609748674,0.9475597985845114,0.9093303855836504,0.870900523516013,0.9623211158059548,0.9518913447661277,0.9773757151292213,0.9176344520056336,0.9539125216067482,0.9842968264073595,0.7527092630911655,0.92500133164067,0.9369854052620168,0.7635639793573137,0.9398636845831869,0.47810431900100003,0.9544316996038,0.962321115805955,0.9492063492063487,0.5951151434917696,0.8974240433030012,0.9210959120895406,0.9200475251844389,0.9492063492063487,0.9867651452593773,0.9116054303797048,0.9060540201833018,0.9683086794376969,0.9038142386822652,0.8918007079504509,0.9139730249494109,0.9602005416127634,0.9275522446953857,0.6973118048252799,0.8812418962256672,0.9624920646450354,0.9562880686171877,0.9027019168030597,0.9288488221297497,0.9526370111116407,0.9152582079543843,0.9510697823313443,0.9275522446953857,0.9459533477380777,0.9510697823313443,0.9413411539914585,0.9779134885361098,0.9492063492063489,0.9319959257948536,0.9190178999788694,0.9582144552981327,0.6567460317460307,0.9938077685674778,0.808854675956181,0.7715834556054186,0.9475597985845114,0.973053360823401,0.995060370240281,0.9475597985845114,0.9475597985845114,0.4183701550259289,0.9492063492063487,0.6317231590254061,0.7327857355831129,0.9492063492063487,0.9341976401680094,0.9266101958517023,0.9582144552981327,0.9526370111116407,0.44085154439485663,0.1687294719259237,0.9886251033694342,0.7960789049353043,0.8580633769736239,0.935580996038617,0.7403555665395524,0.9492063492063487,0.9071820194155726,0.9526370111116407,0.9341976401680094,0.7539334992316535,0.9083158055901508,0.9582144552981327,0.981381831638016,0.936985405262017,0.9152582079543843,0.9543800590178144,0.9492063492063489,0.8709496185158996,0.9665120503695124,0.97201754229775,0.8388272306092,0.9398636845831869,0.9582144552981327,0.9301606414450718,0.9526370111116409,0.9471856021934963,0.7383065586513005,0.9492063492063487,0.9492063492063489,0.8822265994777514,0.9574863565447539,0.8971505719601738,0.944383427890573,0.9398636845831869,0.8534949983155187,0.9919305345581159,0.8475559529633737,0.7641699068587248,0.9492063492063487,0.9492063492063487,0.705042964480761,0.9046651286446747,0.9414106494210732,0.9662647104549236,0.9660700296626721,0.9261320789662508,0.8399134433261004,0.8030425267779876,0.9328339505740533,0.8416188407771308,0.9492063492063487,0.5276784765323908,0.9544316996038,0.962321115805955,0.8311464231994983,0.9582144552981327,0.8753108566273605,0.9492063492063487,0.9492063492063487,0.775305396269745,0.9492063492063489,0.7670070509957131,0.9384124008873465,0.8570084033315832,0.8993922310882434,0.6856702229525606,0.8993922310882432,0.9293582110651841,0.881241896225667,0.9492063492063487,0.9152582079543843,0.8367448387722002,0.9508971383859763,0.8846149163346169,0.9382532758726713,0.9063610484117897,0.9106019687464653,0.9176344520056336,0.9508971383859763,0.9217949449098886,0.9492063492063487,0.765220240367444,0.961325151342389,0.9372344714402789,0.9056658175513999,0.8974240433030012,0.4230134343505081,0.9442661027800154,0.853836211312412,0.9562880686171875,0.9009382359433893,0.8939314817480963,0.2683859478105304,0.9602211523225768,0.9683086794376969,0.9821075314053485,0.7857654522048227,0.9730533608234009,0.9475597985845114,0.875911018859066,0.9288488221297497,0.9992249226337293,0.44533020571216897,0.9623211158059548,0.9992249226337292,0.962321115805955,0.51802427301784,0.9027019168030599,0.9200475251844389,0.9331711877287372,0.9851190476190474,0.9602211523225768,0.9938077685674778,0.9507968637523909,0.861661666707036,0.998035363426425,0.9475597985845114,0.5805045138066491,0.96708144786893,0.9508971383859763,0.9938697268012673,0.732839953300325,0.9736191354376755,0.9718668668111894,0.9492063492063487,0.8918007079504509,0.9851190476190474,0.9560615262442016,0.9602211523225768,0.6554630427594947,0.9341976401680097,0.8559522762859699,0.9492063492063487,0.7969095271386525,0.86282129710497,0.9341976401680097,0.7953507180148165,0.7943695653630839,0.8144281988985187,0.9544316996038,0.946092585873023,0.9962604064950795,0.8808077142348701,0.8022278398026618,0.9355809960386168,0.8732007079970958,0.9623211158059548,0.9888877218166614,0.9851190476190476,0.9734392564424443,0.9301606414450718,0.7741602544976016,0.9414106494210734,0.8392059565807761,0.9851190476190474,0.9475597985845114,0.7383065586513005,0.8612222667022578,0.933171187728737,0.8007464875602455,0.8231275036273117,0.9492063492063487,0.8727577406615228,0.8633240709217587,0.9225015741707872,0.9492063492063487,0.8697493950485444,0.8797999623621963,0.9582144552981327,0.9888877218166614,0.9475597985845114,0.9069141560297456,0.9821075314053486,0.8972062142375332,0.9239571786511699,0.9083158055901508,0.9355809960386168,0.8416188407771308,0.9492063492063487,0.9274061806725941,0.9492063492063487,0.9582144552981327,0.9603863440630984,0.976952054327751,0.962321115805955,0.926270021131592,0.8568211965238024,0.9442661027800154,0.9225015741707872,0.9492063492063487,0.9030654324838645,0.9764937144271644,0.9352144507814727,0.97201754229775,0.9580166426603276,0.9544316996038,0.9250013316406696,0.7514717371644384,0.8674821796907911,0.8928757609748676,0.8231275036273118,0.8674821796907911,0.9683086794376969,0.9544316996038,0.885400876353422,0.8674821796907911,0.962321115805955,0.9314886672615055,0.8459397716860009,0.885400876353422,0.9475597985845112,0.9237454173815309,0.986554806284329,0.9640062838948074,0.9152582079543843,0.8511921008492049,0.9140827360776207,0.97998139075904,0.6695496131391634,0.8400061283921285,0.9549353818771855,0.9225015741707874,0.9015943008452876,0.9806827790150392,0.8807940420533716,0.9083158055901508,0.9301606414450718,0.9508971383859763,0.9526370111116409,0.9447628386820249,0.9305175527166338,0.9275522446953857,0.9275522446953857,0.9767351992829902,0.9544316996038,0.9562880686171875,0.9609655851742438,0.9262700211315917,0.9949539005251382,0.9176344520056336,0.92500133164067,0.9934009489090969,0.9000627911577297,0.9237454173815309,0.9851190476190477,0.9848647658607781,0.9789571546770472,0.9129151319089193,0.9004911494084336,0.9673735240924916,0.9562880686171875,0.9927913675399128,0.8907170904724734,0.931488667261505,0.9950603702402813,0.9739353004390978,0.9492388075036137,0.8989356562990422,0.9009864188391608,0.9398636845831869,0.8847222613194277,0.9475597985845114,0.9787408632512828,0.888159618093707,0.9526370111116407,0.9813818316380158,0.8864622842804519,0.9275522446953854,0.9773757151292213,0.8982973238138034,0.8633240709217587,0.7670114436470581,0.9459533477380777,0.9459533477380777,0.9498890045104484,0.9610880275993517,0.9027019168030599,0.9526370111116407,0.9844726040741183,0.9865548062843288,0.9562880686171877,0.9292058051524483,0.9842968264073599,0.981381831638016,0.9602211523225768,0.9202651318010482,0.9582144552981327,0.8639752520084489,0.9562880686171877
p207_C,0.8336391965292245,0.9104316773182927,0.7059512344058873,0.8376547953800041,0.8612222667022575,0.8533117429016546,0.9363087745242464,0.9460888383573367,0.7372025494796428,0.8913167644457045,0.8900265369300415,0.9180351461270724,0.8567235831170406,0.9422949886936298,0.8691357463067791,0.9278965215390057,0.9774133038851731,0.798121494293955,0.9235852575057477,0.9110230653978576,0.5282524000935502,0.9021580758390969,0.8431043451889135,0.930906079306367,0.9634222611466375,0.8128142530789662,0.9644061792743,0.792463752464754,0.9110230653978576,0.9409602023837718,0.8854330696055299,0.8754988991654498,0.7017652412015888,0.9692826611948089,0.8927713255769505,0.7366542680310018,0.930906079306367,0.8722463878449838,0.8970542565865081,0.8809851801860682,0.29322269100727694,0.8412117840414655,0.980265590090454,0.86270107120031,0.9062256624337728,0.4984321652238557,0.9042162740830948,0.7464364778318777,0.760018112416501,0.7390657782147771,0.9103339493566891,0.5756267769391741,0.8128142530789662,0.8397330855386309,0.8722463878449838,0.6287206161729061,0.7465701329036012,0.8612222667022558,0.7915142893452918,0.882174077350171,0.7433220505381262,0.9052952559857125,0.9197040732399177,0.6749780002627297,0.6850220107787017,0.7436595102737997,0.8109856491133971,0.74064157225237,0.7490667714516319,0.8858340936764977,0.9760335180154804,0.5924863156310332,0.9558694433263362,0.5824941080327011,0.8612222667022558,0.5692117214156481,0.6360473371598929,0.7839924217909464,0.6426731243310215,0.9386599233384809,0.8628614501567906,0.9785717750121545,0.7985559379258658,0.7494884627155703,0.8612222667022558,0.9218802829549131,0.9647865548213017,0.944775725899246,0.8156499641212986,0.8567235831170401,0.8612222667022558,0.8620401996063268,0.558853970189856,0.7968099283829762,0.867248916510899,0.8013761630845389,0.890260260170407,0.494380717757534,0.5911713080790117,0.6987721425490865,0.7701400362497399,0.8268173354312576,0.8927713255769505,0.9376187580228096,0.9444524261068191,0.8858340936764979,0.9001407514923851,0.5959470922708159,0.9061118815207869,0.5887928569083152,0.8105240273145328,0.8906557158215924,0.6645717928398396,0.6605414370436625,0.9042162740830948,0.5569434672784963,0.8549127357309423,0.9235852575057479,0.7284947426457363,0.6272086098993919,0.9432076175824133,0.8944000283873016,0.8800187100542718,0.99836235477697,0.8224380100831482,0.9156571088624683,0.9634382098178782,0.8330128205128206,0.9286859463478485,0.9122530226440353,0.6839770727222267,0.7931965366205515,0.9451689995479282,0.8970542565865081,0.6283302028420116,0.711999578361326,0.7670289421224428,0.8806557494958757,0.8754988991654495,0.882174077350171,0.6177257615538687,0.8913167644457043,0.8274055561030864,0.6579644641521107,0.9347125881257449,0.7557478947704013,0.8120309192299304,0.6981136912198211,0.833118952533078,0.5433432899346605,0.9110230653978575,0.8766978767106222,0.8748484084969748,0.7178037221490086,0.985160900069593,0.8331189525330787,0.7740545539458786,0.8484802427429659,0.6691536972518413,0.8944000283873016,0.9385089667110785,0.9613005306740816,0.8705188107117408,0.6507350184789358,0.5639676888536698,0.7092987285204408,0.8936355311355311,0.8385874185150672,0.8350815096206265,0.7658928567145236,0.9863050318789031,0.9593417278528642,0.947021123596594,0.9716818462513118,0.8081631004502423,0.751385665342929,0.8876589233480018,0.8190560274118979,0.8748498474308923,0.9060274063369204,0.998073112432196,0.8829782343111663,0.9115594563265729,0.8873793646220565,0.7204649399106322,0.9546827865676109,0.7172443268810051,0.823396818487764,0.8674925563323059,0.9031015581071147,0.9120136950985211,0.9808606898780692,0.6926918234037982,0.6698235095776006,0.9338589450702637,0.8612222667022558,0.8658418182833447,0.8523344596018207,0.7830629346669851,0.6676934910923369,0.8257818699927977,0.8873793646220565,0.8612222667022558,0.5349743723767875,0.7919183165498362,0.8913167644457047,0.8612222667022558,0.6296247957084159,0.7890100968809903,0.740316124495745,0.7439454785724527,0.5039159118426491,0.6527839128027051,0.8612222667022558,0.7853771843339048,0.8612222667022559,0.7608294466175476,0.5679846454843541,0.5966382879602721,0.8612222667022558,0.8032509157509151,0.8612222667022558,0.7410822437412823,0.9385749506272927,0.8962632355928388,0.44216841443035015,0.72595493899914,0.5778846286848767,0.8821740773501707,0.8496029817787225,0.8317311854817004,0.7993894025847421,0.7991933598646805,0.7760007005291609,0.9154907996871146,0.8523725692305202,0.8393461344929363,0.819554753382119,0.8507213359207201,0.8095505845081643,0.8300910721353385,0.8480451455932461,0.8609035352355976,0.852334459601821,0.8612222667022558,0.8085437732024461,0.8612222667022558,0.9854466624748135,0.9122530226440353,0.87549889916545,0.9656883922956944,0.591419472035192,0.8658418182833447,0.846576265250073,0.9112359182136072,0.943635638893912,0.7568273350176958,0.711767399267399,0.8705954752723888,0.8468376948469278,0.6422250282608755,0.7190907211143174,0.8567235831170401,0.880570845753591,0.6103146925176337,0.8970542565865081,0.7994816611334445,0.8844100938459587,0.8906557158215924,0.9458257250351249,0.8795297496699443,0.9451689995479287,0.7907457170148884,0.6912142732221258,0.7047686737484075,0.8858340936764979,0.6028436016552283,0.8872353975176679,0.6264498083679103,0.8233968184877645,0.8858340936764979,0.800945333698675,0.657574859076604,0.8298243919346033,0.42959079589685023,0.8596598169726405,0.8705954752723886,0.7760007005291613,0.5686937819849058,0.9120136950985209,0.6587133413777284,0.9613005306740816,0.5289839296397696,0.8876589233480019,0.7492275551322849,0.7670769868687253,0.5091903571427052,0.7335579641999186,0.9254100871772521,0.7917380856761215,0.8318174538959872,0.998467451656429,0.9451689995479284,0.5551922838644958,0.7582263253041426,0.8940589330526697,0.6882187709370142,0.8755033389672215,0.49712207094282956,0.7721774442554519,0.7506311796869263,0.9970187959334353,0.8070287159966202,0.8207090463567954,0.9050689665415215,0.7924269633039949,0.7746884172332462,0.8319589973352823,0.8821326331441735,0.8300910721353387,0.6996642728161371,0.9042162740830946,0.8612222667022558,0.8754988991654493,0.938709288897849,0.7981214942939561,0.8858340936764979,0.9167714410425667,0.9793467091371042,0.8612222667022558,0.9843913959203323,0.9235852575057477,0.8970542565865083,0.888878712565875,0.5211643034071767,0.5761466702758755,0.9451689995479287,0.7003984896355111,0.5260102240361546,0.9373290896801221,0.843847163114755,0.5006928023586061,0.8705954752723888,0.7782451824877885,0.5377393317616777,0.8397330855386307,0.775490861029497,0.9781287431575731,0.5898003564339616,0.903359019667176,0.5694202402452535,0.9644061792743,0.8567235831170401,0.980498506439994,0.7101693160529291,0.5960874993720298,0.6268838512759298,0.4560233452508855,0.8612222667022558,0.6895860439591686,0.8379269506759399,0.8104257408984279,0.9638569490943998,0.8913167644457047,0.7368868808854041,0.8612222667022558,0.8612222667022558,0.833118952533078,0.7559454833564445,0.8128397702135125,0.8612222667022559,0.9110230653978575,0.6339927913026575,0.7496347090094573,0.5102013800285976,0.6969556889047643,0.854836203425507,0.807145839067948,0.8317311854817002,0.49763503913555795,0.5779247829153786,0.8612222667022558,0.537386400348226,0.7300586251460577,0.5792647513670808,0.49187657028789644,0.9253902198628792,0.8566692093818572,0.6587133413777281,0.5652590776071804,0.8612222667022558,0.45138109821608785,0.9587133478141208,0.8409024340721432,0.7042828454625348,0.9634382098178784,0.4742459532702097,0.9857574885038735,0.8612222667022558,0.8407729789392819,0.5893081844549026,0.8612222667022558,0.9031015581071149,0.65692960943104,0.43798687183862917,0.46951799224997326,0.5415433217767185,0.8612222667022558,0.966670374630554,0.8152009257215946,0.880570845753591,0.9630473332520467,0.6903506217928232,0.8232723532225699,0.7495016703737525,0.8032382066662724,0.9042162740830946,0.8304203589751653,0.7403161244957448,0.8496029817787225,0.6568721531277009,0.8209253213203147,0.5853110787872275,0.823995259026026,0.9103339493566889,0.871071041661533,0.8612222667022558,0.9613364213349977,0.7153054141467851,0.7781130428938605,0.8628614501567906,0.8020592119962242,0.8523344596018207,0.8422129079462357,0.9634382098178786,0.8523344596018207,0.9986868840230454,0.8927713255769505,0.9659506189056432,0.5508388660886356,0.7005094342162941,0.8858340936764977,0.6239028543751399,0.9308487984769924,0.8397330855386309,0.7918888996835198,0.60634257557082,0.9553802235749369,0.7528949292727067,0.7020729412722365,0.8339835457159881,0.8257818699927979,0.8906557158215924,0.6892694848957333,0.7079843113574884,0.9276797318633757,0.7760007005291609,0.8567662427653265,0.9178545522354897,0.9208219488037757,0.8160149207300011,0.8900265369300417,0.7950896414683783,0.9930717933056201,0.8387794863596114,0.9574132646990352,0.9644061792743,0.8643543317942715,0.7124894679207451,0.8982849455083566,0.9208219488037757,0.8752107045314199,0.46055472718728874,0.9443567104765433,0.6683164249731894,0.8705188107117408,0.8823421010842231,0.9658514487828617,0.9276797318633757,0.8860354333360424,0.692691823403798,0.9941663847661136,0.8523725692305204,0.9254100871772519,0.9365923793499614,0.7564089965703811,0.9529720363315421,0.9168976947766092,0.8771354040135095,0.7446912365230653,0.9103339493566893,0.8858340936764979,0.9757764977426819,0.44206900931043114,0.4328666479562866,0.9486909276320883,0.622128131297689,0.6148010385889615,0.8232723532225703,0.8480451455932467,0.705182771825815,0.8612222667022558,0.9167714410425667,0.8612222667022558,0.8612222667022558,0.5740698374703941,0.823995259026026,0.7123215409601531,0.8612222667022558,0.5204861866701358,0.5994821018151908,0.9738744855255579,0.958878237219338,0.537386400348226,0.58625322382861,0.9254246407379201,0.7527585521901305,0.6199445615214316,0.9858432867658982,0.8218234851066026,0.8805708457535912,0.8169386176061959,0.6370944569968311,0.6213466067016102,0.8435366459830154,0.9006456125752125,0.9120136950985209,0.9923873645650552,0.9384261778015307,0.9456337324240508,0.9042162740830948,0.8140460401468351,0.8583422593496206,0.8906557158215926,0.6894580086727322,0.673821188349647,0.8585242345955859,0.7433220505381262,0.9008184272841162,0.8889284286167376,0.8705954752723888,0.8583422593496206,0.8983739487948561,0.846576265250073,0.6841120535159633,0.33376632375170867,0.9451689995479282,0.5230950644855457,0.848045145593247,0.7626030978286706,0.6332518600506307,0.9899975093578801,0.6198663161768463,0.6290025738655299,0.9386599233384809,0.4904647265874922,0.682061301094051,0.8085437732024459,0.5535078164146938,0.9553802235749372,0.7848381540876628,0.8595547863973891,0.8612222667022558,0.9103339493566889,0.9585429254696889,0.8927713255769505,0.0,0.8317311854817002,0.852334459601821,0.798555937925866,0.48834728942348393,0.9008184272841164,0.5346208703865418,0.8714910313665704,0.5722401432872419,0.9469829424304528,0.6968982943139868,0.8523344596018207,0.900559814313188,0.7646212748615404,0.9738744855255579,0.72705608455198,0.6109475756884397,0.7050990291165178,0.5969752062962327,0.7181452277854767,0.9905090477178116,0.6232685329202221,0.515293040293039,0.8402613555369549,0.8319589973352827,0.6763973750149704,0.8983739487948561,0.7825017207088942,0.8271388468732179,0.7247689757027311,0.8567235831170401,0.523469709169232,0.5437881563140965,0.8533117429016541,0.7995114274457247,0.8705954752723886,0.9312013855568838,0.9584174880278431,0.6149049663771398,0.8418487291823824,0.9564659311544542,0.8278323671212415,0.9349490315940101,0.6753320746979415,0.8873793646220562,0.8754988991654495,0.8117060761496815,0.8612222667022558,0.9480562746718066,0.3530971240593336,0.5413000645977821,0.9963019395041788,0.8612222667022559,0.7805301055475364,0.47471072865285713,0.8195368083509811,0.8156497737873674,0.5505659632018765,0.947184398482027,0.7901490365761301,0.88937976485206,0.7102107570168039,0.8184430920379562,0.636037204504847,0.8159120212098951,0.9167714410425667,0.938709288897849,0.77014003624974,0.8705954752723888,0.6974777124396556,0.8970542565865078,0.9646358889918811,0.8821740773501707,0.980265590090454,0.5773180277941905,0.9586992630188506,0.9810324389242784,0.6251650831759648,0.5164106973989224,0.9990875851642478,0.8612222667022573,0.8583422593496204,0.5838709666793718,0.67803294265449,0.8567235831170401,0.9154907996871147,0.8480451455932467,0.8567235831170401,0.8567235831170401,0.7994715690107896,0.8612222667022558,0.8771354040135095,0.9001407514923851,0.8612222667022558,0.9785717750121544,0.9365716667139046,0.8858340936764979,0.9042162740830946,0.9167714410425667,0.8983739487948561,0.8567235831170401,0.6050760864728371,0.6872324212204672,0.8239952590260258,0.6374001185316078,0.8612222667022558,0.8116027549958083,0.9613005306740816,0.651601377413928,0.6262129135402916,0.9015460154075939,0.9235852575057479,0.9389653986475878,0.932205052987302,0.9122530226440353,0.8800187100542716,0.8612222667022573,0.8711720473896869,0.980498506439994,0.9112942170858787,0.616850468662391,0.9198178556572019,0.9613364213349977,0.6403525432840238,0.9378370728938006,0.8617065523574776,0.6549187193727439,0.8612222667022558,0.8863852623001999,0.6294138885046012,0.8913167644457047,0.43013502925653446,0.8771354040135095,0.9741480292037037,0.6459557901396318,0.8523344596018207,0.551260757184768,0.5605544802956708,0.8612222667022558,0.8612222667022558,0.9075649636514651,0.9959953909413664,0.986910416419064,0.5999372948630555,0.6208629775689254,0.44191391355711707,0.5774226929346775,0.5483745291342126,0.7137928299373932,0.5853451090299959,0.8612222667022558,0.9112555335898611,0.9103339493566889,0.8970542565865081,0.43194194481038595,0.8858340936764979,0.651471205226771,0.8612222667022558,0.8612222667022558,0.544772086801188,0.9874185022010289,0.5668587265005427,0.9913976286892221,0.5380534207496672,0.4022956365088345,0.9181854098502649,0.9069090419812991,0.6469794711053367,0.4675523534553099,0.8612222667022559,0.676937224812481,0.5708349991711628,0.8658418182833445,0.8858340936764979,0.8918831827103173,0.7835777223486606,0.775490861029497,0.7423063879291946,0.8658418182833447,0.5117460348097339,0.8612222667022558,0.5824941080327011,0.8892247194173972,0.7978360964797413,0.7470097508737334,0.6759215831492609,0.8674925563323062,0.7591508897657238,0.7916393338923846,0.9891726316205178,0.8615117132808128,0.6541215393994178,0.9353159208540365,0.8319589973352826,0.8982849455083566,0.8614472846573511,0.6404216615625287,0.8754988991654498,0.8567235831170401,0.6769812069335601,0.876311413558178,0.9439635639657454,0.8500945798064174,0.8970542565865081,0.9533339978983837,0.8949174096536271,0.8970542565865081,0.9125301217359769,0.7815549177292971,0.7339763346209489,0.8612222667022573,0.8714910313665701,0.9021580758390968,0.9115644070854612,0.7943163342051187,0.6733660164713612,0.8567235831170406,0.8763114135581778,0.7278263287213993,0.9389653986475878,0.603830763048594,0.9218802829549133,0.8377777245254421,0.7836408691984905,0.8612222667022558,0.8620401996063268,0.9558694433263362,0.656257419914019,0.8913167644457045,0.8906557158215924,0.8202156726197054,0.8716497897076609,0.8612222667022558,0.5346208703865423,0.46309658451860114,0.8202156726197054,0.5379662299668806,0.59649699082135,0.5578068327637298,0.9103339493566889,0.5558955434251316,0.7368868808854041,0.6820417210697283,0.6122210287810981,0.9776415955422071,0.9089584028362145,0.9386599233384809,0.8431043451889135,0.9243203844516432,0.920662901063944,0.9514830230284641,0.6168504686623912,0.8829240678855337,0.48706690004210573,0.9494833800495852,0.8567235831170401,0.6549187193727439,0.3031135531135528,0.7873746567801152,0.5115954766841377,0.5546737712078282,0.8612222667022558,0.5035011059240799,0.33563791708832724,0.8102648591378101,0.8612222667022558,0.6056118339224335,0.843847163114755,0.8858340936764979,0.9967506817050957,0.8567235831170401,0.6200373382790192,0.8128142530789667,0.8446029140705364,0.9351293596727119,0.7852285773347094,0.9199275134470047,0.4783534979169486,0.8612222667022558,0.9646358889918811,0.8612222667022558,0.8858340936764979,0.719257220162309,0.6839986230583683,0.8970542565865081,0.8672489165108987,0.7350616875710921,0.7591508897657242,0.7716397306020941,0.8612222667022558,0.753597882831739,0.6360936095605672,0.9740280269133126,0.6628497897087132,0.7590991753211787,0.985160900069593,0.8209507889487284,0.8139469110840569,0.7924637524647538,0.742221364408171,0.4051502744324418,0.7924637524647538,0.617604579453638,0.8754988991654502,0.5259386037185573,0.7924637524647538,0.8970542565865081,0.7494884627155713,0.8983739487948561,0.7939105489321894,0.98999750935788,0.8362355728398212,0.8779654988280847,0.721722559859173,0.7590991753211784,0.9967506817050958,0.7652580007148837,0.833118952533078,0.8873793646220562,0.8849533332175408,0.6783081264268684,0.8762799239157202,0.4200748430328962,0.7711721835626062,0.8186919229169227,0.5138212218313136,0.9514830230284642,0.8983739487948561,0.9378370728938006,0.9525601933500909,0.9912972349210976,0.8020592119962244,0.9192379131540781,0.8196893915020924,0.9451689995479284,0.9167714410425667,0.8933417018254901,0.8214535974542099,0.9327787358352458,0.9008919498851697,0.9790517881887422,0.8489969579541818,0.9843913959203323,0.791658249328292,0.9243203844516432,0.8954563487580798,0.7675497479929962,0.8828277077958355,0.7647497062494313,0.8687254453442526,0.8298243919346038,0.7123215409601533,0.8691667440905255,0.8128142530789662,0.7446912365230653,0.9588395546242756,0.87055139348078,0.8541130232196128,0.7611528548178386,0.8356963633835397,0.8926976381415355,0.8873793646220565,0.9543438540737574,0.8063664211488226,0.6923341401884341,0.930906079306367,0.7234753402496816,0.8020592119962249,0.8705954752723888,0.8447064895052318,0.6265758547087474,0.9008732751590902,0.7597505096696288,0.9418533128468711,0.6123210756557562,0.9459735178497932,0.6336040166744015,0.7931965366205518,0.735519626680821,0.9711250868958106,0.8805708457535912,0.7247689757027311,0.9153776817116561,0.971497529159099,0.8913167644457045,0.8041315332473618,0.9235852575057479,0.8234744476277784,0.8805708457535912
p207_I,0.9384929584908884,0.9288758056186717,0.8688077246092827,0.9780548428444061,0.9938077685674778,0.9543141322095119,0.8886142930277457,0.9129158402849082,0.8862575327655295,0.9517679141853159,0.9270843653068204,0.9902428565647541,0.9902428565647541,0.9060327047326968,0.7617390597647334,0.919862658543626,0.9325645805415597,0.9169296077473634,0.9843798933538866,0.9517679141853159,0.8636241122876698,0.9253246753246755,0.966854861926912,0.9404624926714931,0.9235944347702931,0.9596257255045415,0.9325645805415597,0.8097047395623008,0.9517679141853161,0.9872931479308097,0.9487210184868771,0.9940867605460231,0.9307015751744627,0.9015883421806543,0.9938077685674778,0.9493347822888889,0.9975839852098576,0.930701575174463,0.9543141322095121,0.915319368665986,0.8780124908814333,0.8643990948144233,0.9543141322095119,0.9650877366625872,0.9325645805415597,0.8150338313320771,0.9425720985427188,0.7026367539674028,0.915319368665986,0.8266716361598099,0.9447481688519044,0.8176226485360629,0.9169296077473632,0.9288758056186719,0.7701100080787616,0.9137287800621363,0.9137287800621363,0.938412400887346,0.9951364972067693,0.9344681175525122,0.9530007332467465,0.9818976616271808,0.9169296077473634,0.9737702747191699,0.9469990271543745,0.9677921775082315,0.9447481688519044,0.8866458651886931,0.8159615909214104,0.9493347822888889,0.9045383795584439,0.915319368665986,0.9384124008873462,0.8167492967297716,0.938412400887346,0.8623348546394303,0.9253246753246753,0.9270843653068204,0.8471944961311819,0.9543141322095121,0.9747821421515683,0.9643765980294186,0.9106019687464653,0.954982038981102,0.938412400887346,0.900131290598132,0.9720496894409938,0.8831627867342262,0.696807815791699,0.9364159486136479,0.938412400887346,0.8688077246092827,0.9438229086033587,0.9932178814146742,0.9508067898672803,0.911500190416303,0.8962947481591488,0.8636241122876698,0.68240695447652,0.7818501516161391,0.9551139594816043,0.998394872319517,0.9384124008873465,0.9069455524561849,0.8707041703100611,0.9493347822888889,0.8874576548572417,0.6961332037964173,0.9847742533056744,0.7140104328606879,0.8776621074290039,0.9185607716438655,0.7048655260587708,0.8902144844650237,0.9425720985427188,0.7633418130938051,0.9776172307537021,0.9843798933538865,0.9543141322095119,0.7768762904488332,0.8582156400242079,0.8610478913106772,0.9235944347702931,0.9719642951540399,0.9596257255045415,0.8435512004165016,0.9404624926714931,0.9021580758390966,0.9364159486136476,0.7420900754778967,0.8767473674162305,0.9425720985427188,0.9447481688519044,0.8265261252013356,0.9325645805415597,0.8379007267842427,0.9959507353683861,0.9447481688519044,0.9447481688519042,0.9344681175525122,0.8831627867342262,0.9517679141853159,0.8207468086147786,0.8444532057713654,0.893360883587262,0.7964047174429197,0.9766700147113564,0.8881055329138736,0.7484972553632956,0.7689244285564296,0.9517679141853161,0.7124453464236414,0.903890248572409,0.9135169539046764,0.9940867605460232,0.9573422906623259,0.9348168910624282,0.9315204524190159,0.8582028597539861,0.8904552749271515,0.9584399509861194,0.9425720985427188,0.9643765980294186,0.7365242011142283,0.8753619326452873,0.9351366270846035,0.9819912974428575,0.9099317521606789,0.9687835678910891,0.8055885792993741,0.9060327047326968,0.9364159486136479,0.9137287800621363,0.9854880895929257,0.8388940115651081,0.9656161517043058,0.9493347822888889,0.9916851556469493,0.9407634795537991,0.9510444518769681,0.9320163606162967,0.9257263024824358,0.9551139594816043,0.7944495116308202,0.9877813787809728,0.8488009683941939,0.750528110690918,0.9573236881256733,0.924899918976237,0.9075408719115727,0.9344681175525122,0.9821034579526184,0.9065503917245783,0.8261356024267623,0.9864561252797077,0.938412400887346,0.8881730297134129,0.9344681175525125,0.7026367539674023,0.8505115488480832,0.9906159803016454,0.7944495116308202,0.938412400887346,0.8406398513598698,0.7308556097169252,0.9517679141853159,0.938412400887346,0.9222105570349484,0.9693820495180776,0.8123966221562648,0.8582028597539861,0.9510849633091586,0.9364159486136476,0.938412400887346,0.9390118367484175,0.9384124008873459,0.8418266758698838,0.8045770730392638,0.8255591144904009,0.938412400887346,0.8317311854817,0.938412400887346,0.8404736434545672,0.9211999702940654,0.8986853937484471,0.8495413835116428,0.9425720985427188,0.7308293389422365,0.9344681175525122,0.9218915803605507,0.9253246753246755,0.9530007332467463,0.8941881737623578,0.9388586611030838,0.9447481688519042,0.9418510134399241,0.9811639310132524,0.9146756363968283,0.9068304302001384,0.9693820495180772,0.9945519661064192,0.8631230730900762,0.8904552749271515,0.9083503383161952,0.938412400887346,0.9873739670043862,0.938412400887346,0.7930242877717497,0.8972500807670709,0.9940867605460232,0.8839433174378557,0.7545944733274377,0.8881730297134129,0.6758275275142706,0.9235944347702931,0.8701112326985438,0.9747821421515683,0.928769149707017,0.8803288140439884,0.8444532057713654,0.8997253355509447,0.6808214142374296,0.9364159486136479,0.9469990271543745,0.792569985575005,0.9543141322095121,0.8541072512730737,0.8973569801802841,0.9619687983522076,0.7990302119867637,0.904258640805859,0.871756619341878,0.6447535286896173,0.7200295947546942,0.8413982421241397,0.9493347822888889,0.7633523910171186,0.8958248142311331,0.9643765980294186,0.9573236881256734,0.9493347822888889,0.8951705006571321,0.8380977709824794,0.9469990271543745,0.8766849093977227,0.9446701888736624,0.9425720985427188,0.9015883421806543,0.7048655260587708,0.9344681175525125,0.9425720985427188,0.998394872319517,0.7796601830966354,0.9493347822888889,0.9094800686623227,0.9671146110455704,0.8610478913106774,0.960246571910312,0.9493347822888889,0.9384124008873462,0.915319368665986,0.9344681175525125,0.9447481688519044,0.7604897107133464,0.8381010728195253,0.9425720985427188,0.9153193686659862,0.8826072062346138,0.8002684491786296,0.9723979705743823,0.6722502523027123,0.9552408668839929,0.7720255751925542,0.8251068045020442,0.8457245959495674,0.9517679141853161,0.754618523483678,0.9517679141853161,0.9388586611030838,0.9584859817309164,0.9245613707051723,0.9425720985427186,0.938412400887346,0.9447481688519044,0.9473257685964234,0.9169296077473634,0.9493347822888889,0.9469990271543745,0.9902428565647541,0.938412400887346,0.9694100907323095,0.7192385959249885,0.9543141322095119,0.8916043634534061,0.8102313844067459,0.9202142532643907,0.749426478137733,0.8292536744184095,0.8172409646532204,0.9694100907323095,0.930701575174463,0.8072081079523783,0.9425720985427188,0.9388586611030838,0.8200851396195266,0.9288758056186717,0.9262700211315922,0.9543141322095121,0.7372619946824667,0.9015883421806543,0.7225725701981331,0.9325645805415594,0.9364159486136479,0.9428152611847683,0.8610478913106772,0.7770143524062945,0.7029053917881041,0.7802331379151806,0.938412400887346,0.8128685932283832,0.8419023775355043,0.9407634795537991,0.9156070437830368,0.9517679141853161,0.7801235297339182,0.938412400887346,0.938412400887346,0.7484972553632956,0.9520770374064557,0.8556126329150242,0.9384124008873459,0.9517679141853161,0.9384124008873465,0.9060327047326968,0.8753619326452873,0.7308556097169251,0.9384124008873462,0.9466763852073137,0.9253246753246753,0.7966052392676441,0.7674880140872872,0.938412400887346,0.8559195932254964,0.8986853937484471,0.7242440631426612,0.8159615909214103,0.9466763852073139,0.9241437602139233,0.9425720985427188,0.7218645934534557,0.938412400887346,0.7781461951214987,0.9169296077473634,0.8800498753530787,0.8927781458702713,0.7739300446366839,0.7952640490644378,0.9307015751744627,0.938412400887346,0.9696910817832282,0.7807579790798049,0.938412400887346,0.8185105350182408,0.9146256305430385,0.8338004366010847,0.7760341591046289,0.7125586915151103,0.938412400887346,0.9585680210540983,0.8604628794088309,0.9894382119329369,0.9495786524413499,0.8972056094746319,0.9438307679586415,0.8728925238321826,0.8740433118343502,0.9425720985427188,0.869791519239831,0.782826756410419,0.9668548619269122,0.8411677913594838,0.9578966248224177,0.8431820355014632,0.966854861926912,0.9447481688519044,0.9169296077473634,0.938412400887346,0.9843798933538865,0.9130812730632976,0.9608501057310763,0.9775200810036837,0.9121566723282282,0.9344681175525125,0.8513970480753374,0.9975839852098576,0.9344681175525125,0.9270843653068204,0.9384124008873465,0.9288758056186717,0.9674335738138293,0.8833742009912293,0.918094568996662,0.828853052814299,0.8399952979278098,0.9736413441112677,0.921891580360551,0.7623402563112479,0.9720496894409938,0.9517679141853161,0.8768844017974895,0.7003510395538315,0.8992597885323734,0.9619687983522076,0.9253246753246753,0.9146756363968283,0.9425720985427188,0.9388586611030838,0.9943104640015847,0.8790645325462272,0.9643765980294188,0.8027948963261118,0.7867289736246921,0.9487210184868773,0.8058941123210295,0.8242513581289338,0.9179069363733623,0.9325645805415597,0.9107124563548362,0.8977731789942536,0.9007798745624748,0.9202142532643907,0.921891580360551,0.7788386614655771,0.882124527314188,0.8460780878403382,0.8589740229104693,0.933316065142574,0.8928364810798012,0.9425720985427188,0.881983727995742,0.9065503917245785,0.9369836237218983,0.5793600673713926,0.9493347822888889,0.8442342956559972,0.9601639163785549,0.9469990271543745,0.9351366270846038,0.9325645805415597,0.9325645805415597,0.9447481688519044,0.9493347822888889,0.9487210184868766,0.8130447978830277,0.8944090873373052,0.9364159486136476,0.9364159486136479,0.8471944961311819,0.9775730833954649,0.9836426671336507,0.8444532057713655,0.938412400887346,0.9469990271543745,0.938412400887346,0.938412400887346,0.6845353270675435,0.9218915803605507,0.9388586611030838,0.938412400887346,0.8455144349812356,0.7958383336875914,0.8972500807670709,0.8993383238428321,0.8847182735650863,0.7886191024792861,0.9821034579526184,0.8820255041972334,0.715950021007194,0.930701575174463,0.9214745861311221,0.9469990271543745,0.936983623721898,0.8889285108945424,0.7295479505095199,0.9090636753073351,0.930701575174463,0.9344681175525125,0.9053556040741858,0.9469990271543745,0.9052964331108346,0.9425720985427188,0.9436554450509942,0.9345002823263694,0.9946231749394501,0.966854861926912,0.8243925671064999,0.9075408719115727,0.7459007384566029,0.8982552933740047,0.9838238732627683,0.9393618431817526,0.9253246753246755,0.9404624926714931,0.997088271205218,0.7006152153619422,0.8058941123210295,0.9940867605460232,0.8528864588605989,0.9325645805415599,0.8397293292768582,0.8662102272482619,0.9364159486136476,0.7480074620231035,0.9508067898672805,0.9543141322095121,0.7886191024792863,0.8543824081628645,0.954723834804791,0.8576110343889238,0.9253246753246753,0.9549422857308885,0.7954614856282143,0.938412400887346,0.9447481688519044,0.9715878604207602,0.7846107607119965,0.8317311854817002,0.0,0.9344681175525125,0.9106019687464653,0.7952640490644378,0.921891580360551,0.7087410003256686,0.9788198231857259,0.773565718596325,0.9298223041589355,0.7013226294474938,0.9344681175525125,0.9307015751744627,0.857684956749595,0.9584859817309163,0.9202142532643907,0.9717761746902622,0.969266091515326,0.7703597672498936,0.6833745256890502,0.9388586611030838,0.7342995623956463,0.8317311854817,0.9883783616664186,0.9517679141853161,0.9235944347702931,0.7739300446366846,0.8296877053467189,0.8241233060064096,0.9460262641933365,0.9364159486136479,0.75274447776005,0.8072081079523781,0.9543141322095121,0.9959507353683861,0.9425720985427188,0.900131290598132,0.9715878604207602,0.9185607716438655,0.9897224478284306,0.9090636753073351,0.8931429413816417,0.9331724120804428,0.9270843653068201,0.7406226036797139,0.9447481688519042,0.9543141322095121,0.938412400887346,0.72570846859505,0.8368251309284127,0.9213120051013415,0.903057155962083,0.9384124008873459,0.7050937514660007,0.8116397691515886,0.9530007332467463,0.9060327047326968,0.8833742009912293,0.8688077246092827,0.9999129949234455,0.8550805086083484,0.9121566723282282,0.9800884826873312,0.8198492542263086,0.8977731789942536,0.9469990271543745,0.8820255041972329,0.9137287800621363,0.9425720985427188,0.8972500807670707,0.9726326202607705,0.9121566723282282,0.9344681175525125,0.9543141322095121,0.9288758056186717,0.9137287800621363,0.9384124008873462,0.8590817120997247,0.8597630494484774,0.9180945689966622,0.7846107607119964,0.9720496894409938,0.8291489048044112,0.7844552203124644,0.9364159486136479,0.9940867605460232,0.9325645805415594,0.9364159486136479,0.9364159486136479,0.8747897442847683,0.938412400887346,0.8631230730900761,0.9775730833954648,0.938412400887346,0.9202142532643907,0.86750745649613,0.9493347822888887,0.9425720985427188,0.8623126901075593,0.8310515371750485,0.9902428565647543,0.8243886953218447,0.8559208297225787,0.8532920118076439,0.8648932709089197,0.938412400887346,0.8874576548572417,0.9425720985427188,0.9202142532643907,0.7970595364631607,0.8888323772351048,0.9493347822888889,0.9404624926714931,0.9694100907323095,0.9584859817309163,0.9235944347702931,0.9384124008873462,0.9333160651425743,0.9426999693726408,0.9090636753073351,0.919205971578733,0.9747821421515683,0.9843798933538865,0.915319368665986,0.9425720985427188,0.9886846011677117,0.7364178799220327,0.938412400887346,0.9384124008873462,0.8861440163693606,0.9517679141853159,0.8283134374502992,0.9325645805415597,0.9270843653068204,0.8697619315792628,0.9344681175525125,0.9197250812697944,0.7140546306842713,0.938412400887346,0.938412400887346,0.925696994829452,0.9190630986802053,0.8820255041972329,0.9327820360219159,0.7801235297339182,0.8972056094746319,0.8310602105669123,0.7163208412527009,0.9185607716438653,0.8883205441470442,0.938412400887346,0.8312577725061671,0.9447481688519044,0.9543141322095121,0.7952640490644378,0.9493347822888889,0.8085789921651065,0.938412400887346,0.938412400887346,0.7275564768216014,0.9384124008873462,0.717494684569028,0.9253246753246755,0.8266218514619248,0.8780124908814333,0.9247233194846389,0.9099317521606789,0.7773834416231886,0.8189138111500278,0.9384124008873459,0.8972500807670707,0.6866452856941748,0.9975839852098576,0.9493347822888889,0.9306760851396483,0.9677086888504083,0.8916043634534063,0.900131290598132,0.9975839852098576,0.8556126329150244,0.938412400887346,0.7429884745379041,0.9369836237218983,0.9418510134399245,0.8457245959495674,0.8908090206462491,0.681192793301086,0.7503127942686765,0.8227755500574689,0.9258754510202482,0.9682434486405537,0.9665204937517073,0.8120449864979852,0.9517679141853161,0.6303174855757153,0.9169296077473634,0.7674379415069904,0.8717566193418782,0.9364159486136479,0.8130099294800256,0.9137287800621363,0.933316065142574,0.7520073121137836,0.7534728776716182,0.933316065142574,0.9543141322095121,0.8995793727310529,0.8820255041972331,0.7575859317124708,0.9678026756638032,0.9384124008873462,0.9517679141853159,0.9253246753246755,0.9812252964426877,0.8214113062545305,0.9805663112989254,0.6329687877775011,0.7551897845821197,0.9639411876802049,0.9404624926714931,0.8855965554238869,0.9738359568456643,0.8471944961311819,0.8820744650798582,0.938412400887346,0.8688077246092827,0.9384124008873462,0.802315604249303,0.9517679141853159,0.9078071215227655,0.9202142532643911,0.8253412912328224,0.938412400887346,0.7087410003256686,0.7886191024792861,0.9202142532643909,0.7068106301215096,0.6938145930766595,0.6949083799229583,0.9447481688519044,0.7513915634505373,0.881983727995742,0.9711093416163311,0.7602000973042934,0.921891580360551,0.8351684113839293,0.9543141322095121,0.921891580360551,0.9384124008873462,0.9083753558180285,0.9573422906623259,0.6429890161967295,0.8820255041972331,0.7703597672498936,0.938412400887346,0.9364159486136479,0.786980430919313,0.8317311854817002,0.9052964331108346,0.7480074620231035,0.7512317781870625,0.938412400887346,0.7326186560660388,0.834279635409227,0.9060327047326968,0.938412400887346,0.866946610482492,0.9307015751744627,0.9493347822888889,0.9218915803605507,0.9364159486136479,0.9413827490486106,0.6988053324380332,0.8753619326452873,0.9621156816794599,0.9228716770826351,0.921891580360551,0.7973846889888163,0.938412400887346,0.9937166764217946,0.938412400887346,0.9493347822888889,0.996771287598941,0.759997758224364,0.9543141322095121,0.910601968746465,0.9758896836963558,0.9162029289476568,0.9446701888736624,0.938412400887346,0.9553340908634913,0.7046567413066109,0.8447164493374322,0.9487210184868768,0.8972500807670711,0.9940867605460232,0.9090636753073356,0.9858118985030548,0.8826072062346139,0.8234512621212563,0.7512317781870625,0.8826072062346139,0.9446701888736626,0.9447481688519044,0.8610478913106774,0.8826072062346139,0.9543141322095121,0.8268936857095677,0.9452945222517778,0.8610478913106772,0.9364159486136476,0.9750525882012046,0.9202142532643907,0.8875757640059917,0.8972500807670709,0.9881818565067269,0.9672160906068992,0.8745660213523156,0.8482764195819265,0.9253246753246755,0.8176775198334132,0.9060327047326968,0.8806825133605403,0.9719177107442769,0.862023873412546,0.888832377235105,0.915319368665986,0.8881730297134129,0.9425720985427188,0.9778787924688119,0.9331001879958327,0.8839433174378558,0.9121566723282284,0.9115001904163029,0.9447481688519044,0.9469990271543745,0.9578966248224176,0.9106019687464648,0.9464688954942893,0.7313453781642056,0.9090636753073351,0.970914733758326,0.9235944347702931,0.9075408719115732,0.9384124008873462,0.873016835843782,0.8520894306481985,0.9995729386747718,0.9598787910449322,0.9765226086350771,0.9894382119329368,0.9015883421806543,0.9536135490668305,0.9169296077473632,0.9325645805415597,0.910601968746465,0.8666334188846028,0.9620943400001073,0.9945329614907235,0.9270843653068204,0.9602465719103122,0.9902428565647541,0.9748604509446428,0.9798485441870535,0.998394872319517,0.9975839852098576,0.9011062193938023,0.9121566723282277,0.9425720985427188,0.9014819656601368,0.897750454089816,0.9660351120311095,0.9868619655962765,0.9868619655962767,0.9305280238766049,0.9914610572055534,0.8820255041972331,0.9425720985427188,0.9064836245262684,0.9202142532643907,0.9894382119329368,0.8540950126392765,0.9185607716438653,0.9404624926714931,0.9517679141853159,0.919862658543626,0.9493347822888889,0.9991914931495209,0.9894382119329368
p207_L,0.9422695592095802,0.937584438157661,0.8848712502248584,0.9958114695283622,0.9459533477380777,0.9599080294518358,0.9272463133532802,0.9704705325368703,0.6964186301552318,0.957673577027655,0.9360123464869743,0.9442013463068035,0.9442013463068035,0.9175383063396303,0.7452806972594492,0.9769871064817428,0.9408215498230332,0.9271009640247971,0.9555383641697377,0.957673577027655,0.9136668681404587,0.9344681175525125,0.9818737559710531,0.947752420917731,0.9329497321807898,0.9271009640247974,0.9408215498230332,0.7210468181951021,0.957673577027655,0.920788057967872,0.9201981569430604,0.9515133476881705,0.9391866557097981,0.997222278815483,0.9459533477380777,0.9555383641697377,0.947752420917731,0.9391866557097979,0.9599080294518358,0.9256878868316012,0.892948960819701,0.9285324039439793,0.9581756603540754,0.6963939956783809,0.8300782512462536,0.8376815732022687,0.9496037211238537,0.8941182576784144,0.9256878868316014,0.7395160455356355,0.9515133476881705,0.8976608398645194,0.9271009640247974,0.9375844381576608,0.9489843611787748,0.924292054060027,0.924292054060027,0.9459533477380777,0.9011847648178763,0.9400070997515088,0.7248194927274024,0.8465025174284122,0.9271009640247971,0.9287407729092758,0.9534886050081051,0.8570328995931124,0.9113150120108423,0.977115483720305,0.9416247537415154,0.895807075630092,0.9162269502513478,0.9256878868316012,0.9919305345581159,0.8535712934243784,0.9459533477380777,0.8791909353978862,0.9344681175525125,0.9894969760647812,0.8587465818383453,0.9599080294518358,0.9894969760647812,0.9299834289466349,0.9215480977067745,0.9271009640247971,0.9459533477380777,0.9123594767995962,0.7511687941849031,0.9386820184716878,0.8871620821950175,0.9442013463068035,0.9459533477380777,0.9190178597011773,0.8758599594503003,0.8909662724972011,0.9215480977067745,0.9662311315641035,0.9500607470899669,0.9136668681404589,0.9730946504396861,0.7563725028925858,0.924292054060027,0.9496037211238535,0.9459533477380777,0.8489732636249694,0.9549668724570903,0.9555383641697377,0.901237634194086,0.7869306107239789,0.9129277772069978,0.8777261541236305,0.9625612010339306,0.9285324039439793,0.8277672007198689,0.9036569103682492,0.9496037211238537,0.8305786781890797,0.8984508716057188,0.9555383641697377,0.9599080294518358,0.8260336234072485,0.9737816581441505,0.9440119213971414,0.9329497321807898,0.9201981569430604,0.9771467307855514,0.8324856481619272,0.947752420917731,0.9418533128468709,0.9442013463068035,0.9502726792490606,0.793066993789372,0.9842011665427952,0.9113150120108422,0.9599080294518358,0.9980965995557116,0.8639560978502498,0.904841982024023,0.9515133476881705,0.9515133476881705,0.9424920127795526,0.9267274517811553,0.9576735770276548,0.8570328995931121,0.9254766905970768,0.9470114033160808,0.943748019357896,0.73600777324572,0.771156650222549,0.9256878868316014,0.8564442696037555,0.8866592451518316,0.7623338040565747,0.8467269607313446,0.8735611753844461,0.9515133476881705,0.9256878868316012,0.9231226334984479,0.9313142969703938,0.8281869892085902,0.8780615512279373,0.9564937016009507,0.918006054209444,0.9299834289466349,0.8610880720503444,0.8906229438722486,0.9110906193450523,0.9984674516564291,0.9287407729092758,0.9882866951437199,0.793389254503074,0.9175383063396305,0.9442013463068035,0.924292054060027,0.9695960369869032,0.8736582841643719,0.8701999879391749,0.9555383641697377,0.8290046461414144,0.9572080715751812,0.879190935397886,0.9845876932424067,0.7496389135961194,0.9364894453503562,0.9442013463068035,0.9424198756037343,0.8736582841643716,0.7669439665040152,0.8952920587572561,0.9375844381576608,0.9627453733534854,0.9424920127795526,0.7333211029494358,0.8107870483721848,0.84974661607768,0.9750660166392209,0.9459533477380777,0.947752420917731,0.9400070997515089,0.8941182576784144,0.8809804133269927,0.8419558739645912,0.8747265520025294,0.9459533477380777,0.8601523251100112,0.8230366965941741,0.957673577027655,0.9459533477380777,0.9620275776222871,0.8879608031238043,0.7560778836599105,0.8281869892085902,0.8988430035065229,0.9442013463068035,0.9459533477380777,0.9641653310969114,0.9459533477380776,0.9622039169705845,0.8848194430340295,0.8809804133269928,0.9459533477380777,0.9120136950985209,0.9459533477380777,0.954862678353354,0.9390736794276016,0.9928378554472403,0.8679639303639388,0.9496037211238535,0.8437324975805104,0.9424920127795526,0.9818737559710533,0.9868619655962765,0.9000373939808768,0.8199664945771148,0.955430200993886,0.9515133476881705,0.999675602911575,0.8108308652408232,0.9696933196761031,0.8906229438722486,0.9688440619373718,0.9907143086558445,0.9408215498230332,0.9110367363125393,0.5875044373446927,0.9459533477380777,0.9204726162303585,0.9459533477380777,0.9053040576526354,0.909831049842277,0.9799008321613357,0.9686400066736423,0.8170840981467902,0.947752420917731,0.8912879453809573,0.9329497321807898,0.9547382576229388,0.9894969760647812,0.7597505096696293,0.9496037211238537,0.863498762425299,0.9254766905970764,0.8808999974486557,0.9442013463068035,0.8326881763485999,0.9009606921643898,0.9599080294518358,0.7871523641444372,0.9264968409407015,0.9772068366488,0.9833107042853396,0.9610214357054916,0.9799008321613357,0.844643261471127,0.7869306107239791,0.8098383097811261,0.9555383641697377,0.8223978656956358,0.9486066482612976,0.9299834289466349,0.8504015472601048,0.9555383641697377,0.9836958360829687,0.7906577530926787,0.9752369887774635,0.8917839318880127,0.9608634184056339,0.9496037211238535,0.955430200993886,0.8277672007198685,0.9424920127795526,0.9496037211238535,0.918006054209444,0.8392815750630274,0.9555383641697377,0.9462111722993197,0.8324258608128108,0.8780615512279373,0.9948367050917049,0.9555383641697377,0.9459533477380777,0.9728091693196088,0.9424920127795526,0.9515133476881705,0.8342149872161329,0.9273191685398656,0.9180060542094438,0.9256878868316012,0.9928378554472403,0.8306315975793845,0.9421708749432607,0.8769340287666247,0.8336091806311383,0.8592200987204626,0.8951816140095674,0.8957343462573437,0.9576735770276548,0.6964186301552322,0.957673577027655,0.913638123172289,0.9907143086558443,0.9036569103682495,0.7856158295427424,0.9459533477380777,0.9515133476881701,0.8964706102804108,0.9271009640247971,0.9555383641697377,0.9752369887774632,0.9350839192327518,0.9459533477380777,0.9129277772069977,0.9555383641697377,0.9599080294518358,0.9048766089350639,0.8394320005991049,0.9299834289466349,0.9515133476881705,0.9543657362999544,0.8732965479503925,0.9843238957181939,0.6694119034002077,0.8308140518782616,0.9496037211238537,0.9609856433629199,0.8538878695010037,0.9375844381576608,0.667537876413786,0.9599080294518358,0.8494301234119778,0.913638123172289,0.7831899103474057,0.9408215498230332,0.9442013463068035,0.9553986077727084,0.9110367363125393,0.8277672007198685,0.8261315571847826,0.8071419677837113,0.9459533477380777,0.7177809962387676,0.9950062379942788,0.9149270915494647,0.9123594767995962,0.9576735770276548,0.7648347005325178,0.9459533477380777,0.9459533477380777,0.9728091693196088,0.9916384125088662,0.8797354478006452,0.9459533477380776,0.9576735770276548,0.9459533477380777,0.9175383063396303,0.8906229438722486,0.7963267771106682,0.9459533477380777,0.9627453733534854,0.9868619655962767,0.8215094261899889,0.7959573902797026,0.9459533477380777,0.8735611753844459,0.9110906193450525,0.7580083418866853,0.7817168377837918,0.9188618095812562,0.8920043141706464,0.9496037211238535,0.8420780260601933,0.9459533477380777,0.8379312624123885,0.9749771166196228,0.8238567578733205,0.9577184299069268,0.9881959173184504,0.8480962071381715,0.9391866557097979,0.9459533477380777,0.9946003397516285,0.8040914887245316,0.9459533477380777,0.9933710628742856,0.8436265091195071,0.8886615438957008,0.8306315975793845,0.8342149872161329,0.9459533477380777,0.8883221150889411,0.8303175207633462,0.9039625825630313,0.9292609662309443,0.884980546877711,0.7204019134707567,0.9830487856961236,0.9595554859827866,0.9496037211238537,0.9273191685398658,0.6897631234886008,0.9314553797224701,0.7783831209320856,0.8969845146010973,0.8623832375707352,0.9314553797224698,0.9515133476881705,0.9271009640247971,0.9459533477380777,0.8958070756300922,0.9316215436119191,0.846596793992335,0.9360123464869743,0.9229124393123014,0.998757543485978,0.8660949816427339,0.947752420917731,0.9987575434859779,0.9360123464869743,0.9459533477380777,0.9531057683512587,0.9032962680264438,0.8976541691085211,0.9555383641697377,0.7340574493941592,0.9576735770276548,0.679831284623558,0.9314553797224701,0.9700651234408995,0.9868619655962767,0.9576735770276548,0.8942922380603227,0.6801732001440077,0.9785423118698662,0.9772068366488,0.9344681175525125,0.9330819649782567,0.9496037211238535,0.913638123172289,0.9287407729092756,0.9408570248830356,0.9299834289466349,0.892948960819701,0.9360123464869743,0.9201981569430606,0.9143189439630466,0.7890019507934143,0.8988430035065229,0.9408215498230332,0.8449407799053098,0.88373019034314,0.9608634184056342,0.9214557696516741,0.9172894915317805,0.8059182346808622,0.9360123464869743,0.9292609662309445,0.9795036960805319,0.909831049842277,0.887350407189178,0.9496037211238535,0.9210652057913624,0.8381840243077956,0.995006237994279,0.9645325849988504,0.9701343557301771,0.9024010236924396,0.9531644691774961,0.9534886050081053,0.9662885265016656,0.9408215498230332,0.9408215498230332,0.9113150120108421,0.9555383641697377,0.9201981569430604,0.8694444869495288,0.907337915084806,0.9442013463068035,0.9442013463068035,0.8943086219741143,0.909582139638336,0.9408215498230332,0.8944877265111879,0.9459533477380777,0.9534886050081053,0.9459533477380777,0.9459533477380777,0.8109331940580489,0.9314553797224703,0.9136381231722888,0.9459533477380777,0.8244859689251431,0.779302477396531,0.9688440619373719,0.9015426796683603,0.9381464391926992,0.8742425548958968,0.9345566419027254,0.8964706102804108,0.7752683943150152,0.9391866557097981,0.8223926438312206,0.9534886050081053,0.9950062379942792,0.7831899103474056,0.9183962985375216,0.9201981569430604,0.7253263949559208,0.9424920127795526,0.8824303364090564,0.9534886050081053,0.8894657784451028,0.9496037211238537,0.9616559945502076,0.8035626422286672,0.9254442979415589,0.9314553797224701,0.9826995014173219,0.9188618095812564,0.9000373939808768,0.9314553797224701,0.7468250682448037,0.6532256048760404,0.9083503383161959,0.947752420917731,0.8112352422020848,0.9951063098946,0.8578802781954213,0.9515133476881705,0.8773018426300598,0.94462835071161,0.9149734344152283,0.8825917972400854,0.995441286462974,0.9178870621172386,0.9215480977067745,0.9599080294518358,0.8742425548958969,0.7340574493941591,0.8964706102804105,0.7908522591242604,0.9868619655962765,0.9769097246611174,0.7358361887951123,0.9459533477380777,0.9515133476881705,0.9110906193450525,0.9919305345581159,0.852334459601821,0.9344681175525125,0.0,0.9215480977067745,0.8203324548260427,0.9818737559710531,0.8310095946739628,0.957673577027655,0.8606021896709701,0.9360123464869743,0.7471395455929462,0.998757543485978,0.9391866557097979,0.860449240400483,0.9098310498422768,0.9299834289466349,0.7535801967671494,0.7098342086276624,0.7984775184678072,0.9447151437112304,0.9609856433629198,0.9853212789890559,0.882174077350171,0.768520916520021,0.957673577027655,0.964301940744402,0.9477524209177313,0.9129765806675125,0.9936953256260505,0.8860151533715297,0.9442013463068035,0.7830190911339334,0.8308140518782614,0.9599080294518358,0.7129802320744899,0.9842011665427952,0.9123594767995962,0.9662885265016657,0.9772068366488,0.9316215436119188,0.9201981569430604,0.9329497321807898,0.9273191685398658,0.9360123464869743,0.9954412864629739,0.9515133476881705,0.9599080294518358,0.9459533477380777,0.997222278815483,0.8870713863070052,0.800799813509971,0.9149270915494647,0.9459533477380776,0.8305669293430169,0.8956389981350421,0.912391049373263,0.9175383063396303,0.8976541691085209,0.9190178597011773,0.9649756650949196,0.9609867177290226,0.9686400066736423,0.9750660166392209,0.811716322278577,0.88373019034314,0.9534886050081053,0.8964706102804105,0.924292054060027,0.8518109418760931,0.9907143086558443,0.9599080294518358,0.9399048586036757,0.9424920127795526,0.9599080294518358,0.937584438157661,0.9706982209232327,0.9459533477380777,0.9170100277191802,0.8769340287666247,0.8958070756300922,0.9459533477380777,0.9868619655962765,0.8732468070952588,0.8342149872161329,0.9442013463068035,0.8427291918603487,0.9408215498230332,0.9442013463068035,0.9442013463068035,0.955430200993886,0.9459533477380777,0.9980965995557116,0.9390736794276018,0.9459533477380777,0.9299834289466349,0.9176678508338107,0.9701343557301771,0.9496037211238537,0.9752369887774635,0.9881959173184504,0.9442013463068035,0.8097978684772098,0.7669439665040152,0.5643608577916975,0.9439464737536059,0.9459533477380777,0.9012376341940862,0.9842011665427952,0.9299834289466349,0.7649227650741173,0.9024440319654483,0.9555383641697377,0.9241442555546322,0.9643019407444021,0.9284024325305882,0.9843238957181939,0.9298144168543094,0.909831049842277,0.9590184309099958,0.9201981569430604,0.8617663182646217,0.9360123464869743,0.9555383641697377,0.9728091693196088,0.9496037211238537,0.901237634194086,0.827853617869507,0.9459533477380777,0.9459533477380777,0.874683982657815,0.9644928340620881,0.8273466303940555,0.9408215498230332,0.9894969760647812,0.7745901988358302,0.998757543485978,0.7947839101759795,0.7757392914505854,0.9459533477380777,0.9459533477380777,0.9713406485598297,0.903623711762429,0.8964706102804108,0.8473003449739175,0.7648347005325176,0.8034571229302214,0.8860996110792339,0.8105528837016676,0.9285324039439793,0.7923774013724338,0.9459533477380777,0.9977124314930521,0.9515133476881705,0.9599080294518358,0.8203324548260429,0.9555383641697377,0.7909750128041542,0.9459533477380777,0.9459533477380777,0.7609151749640044,0.9459533477380777,0.8054055444255795,0.9344681175525125,0.8478507258139245,0.9287407729092758,0.9686400066736423,0.9996756029115748,0.8131396815414458,0.8700195781003914,0.9459533477380776,0.9098310498422768,0.812667473339119,0.947752420917731,0.9701343557301771,0.9550221641738399,0.9309256233281009,0.9048766089350639,0.912359476799596,0.947752420917731,0.9093762272332484,0.9459533477380777,0.7984314733145597,0.912359476799596,0.928740772909276,0.8646144802620155,0.9476047808533716,0.789141078114638,0.8407339288541584,0.8444753756217385,0.8326881763486002,0.8601523251100109,0.7872355230574211,0.8873533009789315,0.9576735770276548,0.9524863574623584,0.9271009640247971,0.792377401372434,0.9515133476881705,0.9442013463068035,0.8994963539206025,0.6580524441711212,0.9098310498422768,0.8270241657967645,0.9599080294518358,0.9502726792490606,0.8762593501599871,0.9599080294518358,0.8964706102804105,0.9572080715751812,0.7600856838664786,0.6192338283352756,0.9576735770276548,0.9868619655962765,0.9607441863599592,0.9049562904994712,0.9951011472655118,0.9954412864629739,0.8900832784871504,0.8707587922918852,0.947752420917731,0.8068906247868051,0.912359476799596,0.8313082711508408,0.8358043627219005,0.9459533477380777,0.8848712502248584,0.6192338283352758,0.9565862940117036,0.957673577027655,0.9285324039439793,0.970976036785571,0.8303175207633462,0.9459533477380777,0.831009594673963,0.8473003449739176,0.9299834289466347,0.8024509260403502,0.826001383369469,0.8465967939923349,0.9515133476881703,0.8330522644648721,0.9781743137324752,0.9371619756502475,0.8164349099391167,0.9314553797224698,0.8899436020594857,0.9599080294518358,0.9314553797224701,0.9459533477380777,0.8917839318880127,0.9329482657043762,0.8054520429976549,0.9330819649782569,0.8255269675299144,0.8676982991505031,0.9442013463068035,0.8562021016929862,0.852334459601821,0.8894657784451028,0.8113012486302034,0.8352175933741239,0.9459533477380777,0.7978608373440581,0.8545708706492459,0.9958114695283622,0.9459533477380777,0.8317070600826402,0.9391866557097979,0.9555383641697377,0.9314553797224701,0.9442013463068035,0.8937959505222854,0.9271009640247971,0.9259093040850026,0.9706982209232327,0.9024440319654483,0.9677078677803638,0.8551965465982105,0.9459533477380777,0.8484497238809944,0.9459533477380777,0.9555383641697377,0.9062897869037814,0.7950882218110951,0.9599080294518358,0.9666307012815274,0.8433079947733282,0.936046298883568,0.9175383063396303,0.9459533477380777,0.9049562904994712,0.7253567585454481,0.8700195781003914,0.9201981569430604,0.9098310498422773,0.8427291918603487,0.9201981569430604,0.9188618095812562,0.9928378554472403,0.9547382576229388,0.8084546019152596,0.9928378554472403,0.9958114695283622,0.9515133476881708,0.8780615512279373,0.9928378554472403,0.9599080294518358,0.9271009640247971,0.7960409320269941,0.9110367363125393,0.9442013463068037,0.9188618095812562,0.9299834289466349,0.7736626550119543,0.9502726792490608,0.9818737559710531,0.9313142969703939,0.8387057007283611,0.9954412864629741,0.9344681175525125,0.7670059643554642,0.9175383063396305,0.8952920587572564,0.9062897869037816,0.8192017861128458,0.9024440319654485,0.9256878868316014,0.947752420917731,0.9496037211238537,0.9593900018240933,0.9745069889403557,0.6198118870742904,0.9686400066736423,0.930174694621259,0.9515133476881703,0.9534886050081053,0.9779994426233324,0.9215480977067745,0.8883008446412399,0.6744067172269894,0.9201981569430604,0.9820667023681657,0.9329497321807898,0.9188618095812562,0.9459533477380777,0.8093289399429965,0.8701999879391749,0.907337915084806,0.8941182576784144,0.9553682708778823,0.9534886050081051,0.9609856433629199,0.9940936245905945,0.9271009640247974,0.9408215498230332,0.9882866951437199,0.9287407729092756,0.9874546187688544,0.9084485436494436,0.9360123464869743,0.8239316436271313,0.9442013463068035,0.8758082204608502,0.9751689039858511,0.9496037211238535,0.947752420917731,0.9786630756548504,0.9229124393123009,0.9180060542094439,0.8917839318880127,0.8449482191441409,0.9795435310761682,0.9424920127795526,0.9424920127795526,0.8168874951355856,0.9795036960805319,0.8964706102804105,0.9496037211238537,0.8534975373059239,0.9299834289466349,0.9534886050081053,0.770369325371424,0.9741187306463793,0.947752420917731,0.957673577027655,0.7921865979260443,0.9555383641697377,0.9435436956973686,0.9534886050081053
p207_T,0.9075534372906806,0.9148532265533555,0.6592070611426262,0.9872440367335156,0.9783994202533958,0.9289749041786237,0.9108799146895461,0.9672210897606435,0.8603806964337211,0.9422586572762626,0.6358311597413266,0.9834886668885245,0.9834886668885245,0.7467891071275004,0.9000617617241786,0.8336526153804953,0.860978490151583,0.9892338402162022,0.8895473564972313,0.9980151413438714,0.8367367544106028,0.6471449989245655,0.9451809453601021,0.9778748351992477,0.6578234571974322,0.900551761172341,0.6851766954626586,0.9958306764094076,0.9980151413438716,0.9785650302307176,0.8911350110320608,0.8556256542928343,0.9170389579782947,0.8821858692988971,0.9783994202533957,0.9393458182324887,0.5306198259384007,0.7397097306568997,0.9453068780840739,0.7759460490570489,0.8539618916939773,0.9025045192170258,0.9289749041786237,0.934407051006906,0.9632197151594926,0.9791740819083306,0.4592062454100587,0.8555570364268277,0.7036282940476735,0.8953476735959469,0.9338549253147788,0.8419351471867077,0.900551761172341,0.9148532265533553,0.9170389579782947,0.9323299983666007,0.8967198703210437,0.9262700211315917,0.9923798610506827,0.5825432629709404,0.9787794493663242,0.8614227191678698,0.9372898940428274,0.8539618916939773,0.936549554387319,0.9138654296794511,0.9338549253147788,0.9260820873795643,0.8024090649115345,0.9393458182324887,0.6217369120670984,0.8986240534007519,0.926270021131592,0.8542090792577641,0.9262700211315917,0.8849274195030089,0.9106019687464653,0.9127085925971723,0.9195966234214438,0.8032566864413211,0.9127085925971725,0.981516734621835,0.7956730769230772,0.9005517611723417,0.9262700211315917,0.675621066779777,0.9910116109880958,0.8197140493637296,0.8620219457209639,0.9238799558250632,0.9262700211315917,0.7378150491299368,0.9681394547088228,0.8792142714664986,0.9967600334448159,0.9385615866746055,0.7200983250029691,0.9073913976249545,0.7804934746584116,0.7787722935046861,0.9679401264121574,0.982045156274965,0.5970771857933488,0.9339719683521371,0.8325117940556779,0.43326248910981524,0.35081872514542467,0.8086075894027258,0.9479529588566924,0.8365870358205949,0.8413694136128165,0.9025045192170256,0.9682405898806716,0.7472285962947107,0.5100015725296021,0.9666792018104914,0.9987329349189487,0.9393458182324887,0.9453068780840737,0.8619849753418638,0.9952229224822957,0.8373984893907686,0.6184010988028432,0.870001182681278,0.9005517611723417,0.6860168857761666,0.5306198259384007,0.9130442355675873,0.844541600958906,0.8769922925568632,0.839188304490178,0.9312498291554214,0.9864847804128756,0.991834013047275,0.9192692664872613,0.8739589045575357,0.9226059642386417,0.8556256542928345,0.48721666860616075,0.9215480977067743,0.829137094897159,0.4604793289250779,0.7662516727025932,0.8532991464682721,0.8306298432356212,0.9000617617241786,0.9236056527787466,0.814274370940407,0.8986240534007519,0.9772128379006316,0.9382889399640055,0.8636318713376898,0.6683903588519682,0.8522932400572809,0.9338549253147788,0.8986240534007524,0.9811966651573607,0.8175686955121055,0.9137667085415224,0.7867909670478861,0.9282912531360834,0.982045156274965,0.981516734621835,0.7129220490303521,0.7701296128142121,0.7762778864229809,0.8901465760392431,0.7889915287373772,0.9621655518394647,0.9288370915962978,0.9207523226987695,0.5666474690996667,0.8967198703210442,0.9029310848828664,0.9658343414355561,0.810754234011413,0.9963814266559154,0.8359459819605584,0.8839442688895067,0.8849274195030088,0.8719071805898531,0.8640179044683405,0.9608396174967289,0.923879955825063,0.7955004339598503,0.6523221398758849,0.8619849753418638,0.9686691610786862,0.9148532265533553,0.8893119774375076,0.9666307012815272,0.9453328829786445,0.6904941344692888,0.7973304849151284,0.8636318713376898,0.9262700211315917,0.9287243013130126,0.6727084701204498,0.8555570364268279,0.8737069148772849,0.8953476735959471,0.9238799558250628,0.9262700211315917,0.8853764582234488,0.7973304849151286,0.9422586572762626,0.9262700211315917,0.8008766301048562,0.9390586815258848,0.8351933115660992,0.815038807156757,0.8905507281409013,0.923879955825063,0.9262700211315917,0.8584941617514863,0.9262700211315916,0.9199589381331699,0.9098528447203035,0.9166478611285624,0.9262700211315917,0.9495698072623473,0.9262700211315917,0.7837301378026491,0.8943030082151382,0.7135485178554305,0.8897627077088145,0.9671595166054916,0.7701202883868075,0.9215480977067743,0.43579621162731885,0.9106019687464653,0.9499925548591655,0.8011109724547416,0.9463248121641354,0.933854925314779,0.8539618916939775,0.8934703722913544,0.9726698814889383,0.9867476858633104,0.7506093736290069,0.876992292556863,0.9192692664872613,0.7361834447050034,0.9215480977067745,0.9262700211315917,0.9149541032668207,0.9262700211315917,0.8826700200793334,0.7506093736290067,0.933854925314779,0.8948378117301918,0.7701202883868074,0.9287243013130126,0.9367150815560814,0.6578234571974318,0.7336155400335024,0.9127085925971723,0.8443512569825544,0.9312498291554214,0.8057399079579861,0.8137861839597269,0.8831842634694869,0.9238799558250632,0.936549554387319,0.8449885657685943,0.9453068780840739,0.8008766301048564,0.9211130322381663,0.9025045192170258,0.8122643945331463,0.7721416635462834,0.933854925314779,0.8242808266744575,0.9652126744776133,0.9950576788688374,0.43326248910981524,0.8578153290479824,0.9674296094225578,0.9044839950643895,0.8361868771452814,0.43326248910981524,0.9183413654777057,0.7926713483232133,0.9540645211449861,0.8796408056059102,0.9872440367335156,0.5100015725295994,0.8821858692988969,0.823385170104129,0.5825432629709406,0.9312498291554214,0.9312498291554212,0.7368701571983949,0.9963814266559157,0.9837758353481649,0.834292837596174,0.8880060117336507,0.8982402204672012,0.9393458182324887,0.9783994202533962,0.9347829309054403,0.9432040915689671,0.5398465237042555,0.816028387757515,0.9069090419812993,0.9312498291554214,0.8986240534007521,0.9414399550230419,0.830218732848683,0.8685695845092947,0.8321144589218232,0.8882462492115565,0.6860168857761662,0.7612950419868558,0.7787306100813709,0.9980151413438714,0.91701548746367,0.9382889399640058,0.7650499449422886,0.908025487041374,0.9541064989387075,0.8147735352468606,0.9262700211315917,0.9338549253147788,0.8602938662446971,0.9524957073457169,0.43326248910981524,0.936549554387319,0.9834886668885247,0.9262700211315917,0.657823457197432,0.9393458182324887,0.9453068780840737,0.7419989394195887,0.9195966234214437,0.9804835086069064,0.9338549253147788,0.865032861871851,0.8025319793138193,0.8549352491703692,0.9170389579782947,0.8835498911828262,0.9312498291554214,0.9463248121641357,0.7537246386638626,0.9148532265533551,0.9597183115335506,0.991834013047275,0.7620561183090566,0.9574667735380062,0.7800049306491321,0.5093749007737365,0.9238799558250632,0.9829369915750175,0.9854751824091426,0.80269153870748,0.825215732859645,0.6978831463899038,0.9262700211315917,0.8326221004189411,0.8804415508981576,0.9862771939565297,0.7073308798027831,0.9422586572762626,0.8411908676646682,0.9262700211315917,0.9262700211315917,0.8986240534007519,0.8886980919486958,0.817833215869477,0.9262700211315916,0.9980151413438713,0.9262700211315922,0.9207523226987694,0.8513613902076239,0.8383226080395358,0.9739353004390978,0.7739441303916745,0.9687835678910892,0.7312265774731264,0.7812224139195565,0.9262700211315917,0.8999067724057707,0.9958306764094076,0.7780442122231832,0.8024090649115345,0.7402697411745938,0.8354687250747826,0.9312498291554214,0.8067410083804589,0.9262700211315917,0.739032938357953,0.9524957073457169,0.908813533556694,0.9702533162007987,0.9778748351992477,0.7124827155238618,0.9599453718988955,0.9262700211315917,0.9298859761394196,0.7784024192767753,0.9262700211315917,0.9229863666545894,0.9692258422121998,0.9464379378331319,0.7051034836603652,0.816028387757515,0.9262700211315917,0.8433112534758136,0.9035527788368716,0.8993715589111386,0.725427886227343,0.8093661913172967,0.9814043466735347,0.8669149862082735,0.8549785253868646,0.5100015725296021,0.9887137511074673,0.8351933115660992,0.9838698730483884,0.8309524450727301,0.9127627257334388,0.6904222694912074,0.9774411992633257,0.48721666860616075,0.7320669101228049,0.9262700211315917,0.9963814266559157,0.8083091683201338,0.8325089095256679,0.9537504332936724,0.6489999945954286,0.9215480977067743,0.8927713255769505,0.9729746309145172,0.9215480977067743,0.9947922739901722,0.6447424651008546,0.9148532265533558,0.8565541578561036,0.9980323259914066,0.9465829649206582,0.7770128560991822,0.9422586572762626,0.9987329349189489,0.9387522715750393,0.9797683033607418,0.8883739256494588,0.9422586572762628,0.9405939746570449,0.8787105864554916,0.8164230371172474,0.9025045192170258,0.9106019687464653,0.860293866244697,0.9820451562749646,0.8821858692988969,0.8539618916939773,0.8626001312649728,0.829517707536801,0.9638223777150989,0.9127085925971725,0.9593818128282499,0.8642516098625549,0.6698770582022533,0.7668704634868839,0.904928938823814,0.8759803421988022,0.7940217390389694,0.8875064656813965,0.9424837518356481,0.9451809453601021,0.700308111949911,0.9641658853133278,0.9703365256801224,0.9044839950643897,0.7816425681135178,0.7454472155711291,0.8147735352468606,0.9616051284891652,0.9941566715311256,0.643911253756772,0.8539618916939773,0.9393458182324887,0.8576210758321798,0.8953476735959469,0.7352926722095968,0.9414399550230419,0.5093749007737343,0.9928298361682766,0.9864847804128756,0.9393458182324887,0.9382479844774668,0.8518954019490219,0.8735911795315163,0.4740160918132543,0.923879955825063,0.7435234063570098,0.9605280943542008,0.9192692664872617,0.8770787657234149,0.9262700211315917,0.4618278610403571,0.9262700211315917,0.9262700211315917,0.8415736407173351,0.9064920176718161,0.957466773538006,0.9262700211315917,0.7233693586066932,0.7644677559136388,0.8769922925568632,0.8787795466064229,0.8999067724057707,0.7649624355222835,0.9980323259914067,0.9430481070778811,0.810933567471221,0.9170389579782949,0.9115240212745241,0.936549554387319,0.8804415508981578,0.739107223288763,0.790906236123408,0.6993841781908039,0.9170389579782947,0.9882866951437199,0.6986138113031892,0.8993715589111386,0.6129510896039343,0.5100015725296021,0.9108934032586795,0.910601968746465,0.7986898869018214,0.9451809453601019,0.8684441116940129,0.33617707056961166,0.86363187133769,0.9064920176718159,0.9163889031779977,0.9312498291554214,0.9106019687464653,0.6780714275971067,0.694710584046198,0.7924392667982805,0.919205175026629,0.933854925314779,0.8150388071567574,0.9192692664872617,0.788569049445676,0.7977575491639219,0.9371729782453183,0.7371494915139558,0.8929765886287624,0.7403975775726696,0.7236138126989382,0.8209466326653554,0.9430481070778811,0.7280878837174972,0.9687835678910892,0.9233367877012701,0.9784801320810743,0.9262700211315917,0.48721666860616075,0.9414399550230419,0.926270021131592,0.798555937925866,0.9106019687464653,0.9215480977067745,0.0,0.7337874437892751,0.9774411992633254,0.8197140493637296,0.9422586572762626,0.7454472155711289,0.9947922739901722,0.8761137839023772,0.9215480977067743,0.9971482141805039,0.8469937143313189,0.87474215156705,0.9424837518356481,0.9475362042902937,0.8752979516341215,0.714486979566989,0.8707797299487798,0.7971194163749087,0.818813262637043,0.8579791691489705,0.9593818128282501,0.9382889399640054,0.9479529588566924,0.9287243013130126,0.7586066761590748,0.9430481070778809,0.9236056527787464,0.9238799558250632,0.7411831879017463,0.6882205701432083,0.991834013047275,0.8735304358152518,0.916364189485948,0.8975897579408095,0.6821838335716566,0.9025045192170258,0.8571583257780957,0.6311373763946153,0.9085306004621048,0.8523725692305208,0.9127085925971723,0.923879955825063,0.43458681350806405,0.9453068780840739,0.9262700211315917,0.8821858692988966,0.8975557156356271,0.9903721473260303,0.7267201196486021,0.9262700211315916,0.8305786408994162,0.9174331337755682,0.9924336561265173,0.8875064656813965,0.828127952901561,0.7378150491299368,0.9018532375646704,0.9422287396157821,0.9998939897295667,0.8636318713376898,0.827615610515867,0.8461063871505825,0.4618278610403571,0.41078980526773257,0.8967198703210437,0.9820451562749648,0.9988749295050935,0.991834013047275,0.9299272112436057,0.5374606593961911,0.9453068780840737,0.9148532265533555,0.7115687211778312,0.8354035823308781,0.8142743709404071,0.8910416755593178,0.9393458182324887,0.9262700211315922,0.9687835678910893,0.7661066351457717,0.816028387757515,0.9238799558250632,0.933854925314779,0.9192692664872615,0.9238799558250632,0.9238799558250632,0.8821858692988969,0.9262700211315917,0.9192692664872615,0.8652692287290058,0.9262700211315917,0.8295177075368009,0.9242333593180018,0.9465829649206582,0.5100015725296021,0.936549554387319,0.9287243013130126,0.9238799558250632,0.7411831879017463,0.861984975341864,0.9064920176718159,0.8777142719909745,0.9262700211315917,0.9814043466735347,0.916364189485948,0.9044839950643897,0.8029928876661341,0.5180092618859458,0.8895473564972312,0.9729746309145171,0.908530600462105,0.8747421515670502,0.8155128907757816,0.5494119064858423,0.8769922925568632,0.7859187663888798,0.9041245835793725,0.9530660357377971,0.9641658853133279,0.9963814266559157,0.9709418084101293,0.5100015725296021,0.8153591969235396,0.8577812238906726,0.9262700211315917,0.9783994202533962,0.8471788400582587,0.9422586572762626,0.9121313613737555,0.5533253494459676,0.9127085925971723,0.8506023909750835,0.9215480977067743,0.7992235684467216,0.7896974912273582,0.9262700211315917,0.9262700211315917,0.8752860258231279,0.6911779872584483,0.6917298433783354,0.9510312382273374,0.8192793116817607,0.9136288989742278,0.6910170377739012,0.8329166658940548,0.9398552184521698,0.8325089095256679,0.9262700211315917,0.8555570364268277,0.48721666860616075,0.9453068780840739,0.925529998177996,0.43326248910981524,0.8614227191678698,0.9262700211315917,0.9262700211315917,0.7740988920856902,0.8354035823308783,0.8267574897624432,0.5667353566829346,0.9363662488999993,0.8539618916939773,0.8948378117301921,0.6791310427162562,0.866839479580934,0.9281619917752891,0.9262700211315916,0.8437089570825391,0.7979527186781383,0.5306198259384007,0.9963814266559154,0.9115240212745241,0.8252157328596451,0.9806251386570771,0.7707505058487906,0.9729746309145175,0.9543036924003027,0.9262700211315917,0.7907411334896624,0.9610093839868189,0.8539618916939773,0.7309704744028132,0.9630919907016028,0.9148532265533558,0.9476471962029371,0.6075346825102177,0.936549554387319,0.8092210029130831,0.8460352920665879,0.9192692664872613,0.9422586572762626,0.8875064656813965,0.9005517611723417,0.8325089095256679,0.9338549253147788,0.9238799558250632,0.8897627077088145,0.9679401264121574,0.7195761791444959,0.9513902666962699,0.9453068780840739,0.8126757625980283,0.9289749041786237,0.9453068780840737,0.7479178510004558,0.8839442688895067,0.8492101642117764,0.926270021131592,0.9422586572762626,0.6471449989245652,0.9106019687464653,0.6671929861657397,0.9170389579782949,0.923879955825063,0.9679401264121574,0.8460674815713254,0.9287243013130126,0.9066280384954457,0.8804415508981578,0.74352340635701,0.7523640331354811,0.9262700211315917,0.7378150491299367,0.926270021131592,0.7973304849151286,0.9422586572762626,0.9025045192170256,0.9044839950643899,0.6683903588519687,0.9262700211315917,0.7784024192767753,0.7236138126989382,0.9804835086069068,0.8215513362442639,0.8118971154123629,0.7909032427736953,0.48721666860616075,0.7839238755314017,0.9177820165233506,0.8215513362442639,0.7921675250792661,0.7453076331336081,0.6389354011016993,0.8032566864413212,0.9451809453601021,0.9783994202533962,0.7658721215140297,0.9709418084101293,0.8092614136659857,0.9430481070778811,0.7144869795669889,0.926270021131592,0.9238799558250632,0.8577812238906726,0.9359418950959315,0.5860591522947194,0.7575968518685694,0.7433211879674801,0.9262700211315917,0.7954315297701016,0.9447592053096394,0.6470515360753811,0.9262700211315917,0.8109335674712213,0.9170389579782947,0.43326248910981524,0.9064920176718161,0.9238799558250632,0.9088141857977012,0.9740280269133123,0.5264342806339761,0.9608396174967289,0.9254936292469189,0.9838698730483884,0.730631589578616,0.9262700211315917,0.8948378117301918,0.9262700211315917,0.9393458182324887,0.8997276216491684,0.8824497071979793,0.9453068780840739,0.9621655518394647,0.8952738638064287,0.8620024941098834,0.7467891071275009,0.9262700211315917,0.8632273442467608,0.8032031292453867,0.6839395940664452,0.9252584119301559,0.8769922925568632,0.933854925314779,0.8911350110320608,0.9229863666545894,0.9100752707392668,0.8972380522258427,0.7638579747170002,0.9100752707392668,0.8875064656813965,0.5398465237042553,0.8627022505622094,0.9100752707392668,0.9453068780840739,0.9372898940428271,0.9287243013130126,0.8373984893907681,0.7055945350292872,0.9759904656941651,0.9804835086069064,0.9474363504294318,0.781642568113518,0.9774411992633254,0.8752860258231276,0.9347829309054405,0.923879955825063,0.9106019687464653,0.8722481875301966,0.41433053695377076,0.8571583257780957,0.8008766301048562,0.9321326397159306,0.8962043077275963,0.8844226815711156,0.9287243013130126,0.5100015725296021,0.8571583257780957,0.9522167807377657,0.7191787936222565,0.9998939897295667,0.9662297700905313,0.48721666860616086,0.4618278610403571,0.960728735338475,0.8929765886287624,0.9607001088217887,0.9438611769441672,0.7335075790888992,0.9202656784022216,0.7366681739866061,0.889311977437508,0.5494119064858423,0.8489421678456057,0.9572813651043306,0.5182501057145854,0.9108934032586795,0.9145125341111346,0.936549554387319,0.9783942835967547,0.9892540570511907,0.900551761172341,0.9192692664872613,0.7264841137123739,0.8988520147584989,0.9564638994905843,0.73334917708006,0.3074964341693275,0.9050418150758182,0.7055945350292876,0.8806487032764638,0.8797036508690402,0.9312498291554214,0.5306198259384007,0.886080451371716,0.8948378117301916,0.982045156274965,0.9069090419812995,0.8246644637633853,0.9786234207897123,0.9666307012815272,0.5825432629709411,0.8205382833751698,0.9424837518356481,0.944575877677878,0.9671595166054915,0.7955004339598504,0.6395189236805086,0.4618278610403571,0.8445028511200348,0.7986898869018213,0.9238240970282822,0.9422586572762626,0.9854751824091426,0.9393458182324887,0.9281547528362842,0.4618278610403571
p208_I,0.6973791453410927,0.9108884088304708,0.5851260519996184,0.8686188002217028,0.8605006952168124,0.7768546873095726,0.9365602336867018,0.9295379789431625,0.6802492126081052,0.8677629859955869,0.6691305284929077,0.825672787074978,0.8256727870749783,0.766247855950007,0.9481658248827172,0.9913845622669759,0.8330216254486857,0.9562540116561442,0.8930334991339012,0.8011999848286614,0.7593505662994403,0.6847799425493393,0.8091019944642682,0.897305029552881,0.7481989228047896,0.7722474481848001,0.8059551014641195,0.7801746775440481,0.8379818769593005,0.9536649259940037,0.8347400355596601,0.8809287459442814,0.9257585671621096,0.9079340780783289,0.8605006952168124,0.8579085866471166,0.8000054315513374,0.8200643122402078,0.8747439046690526,0.8536087869778333,0.5225707180099061,0.7767195799489963,0.913455172226983,0.8041357469285229,0.8963131347056483,0.5170165224939056,0.7507844886154756,0.6692022510066771,0.5863910029134731,0.640312574812359,0.8485170805722069,0.5046343971080051,0.7722474481848001,0.8050001170467127,0.8100057955331383,0.6224824389508063,0.819854291243812,0.831146423199498,0.7668986137868479,0.8742662697405404,0.6876949289878553,0.7535674647217381,0.99849623165068,0.8946824627869437,0.741125226891358,0.7540378718875334,0.8921895964511959,0.6043884028863775,0.6317114481658169,0.9664668509189611,0.6955090675675226,0.5863910029134728,0.9485635112687547,0.4238621090607686,0.831146423199498,0.48428876240922625,0.7590593723187996,0.8460574995249714,0.5941587927863523,0.8542772224254338,0.8759144031389283,0.8677195137462375,0.9681394547088228,0.9562540116561442,0.831146423199498,0.766074238853977,0.9818976616271808,0.8848602390131945,0.9089543428464539,0.8256727870749789,0.831146423199498,0.6173994425491188,0.5772950689709845,0.6144521876050246,0.7975085343716295,0.6862414752389815,0.6653639070874404,0.5387433505193433,0.46582716769837074,0.5006044633502913,0.819854291243812,0.8133482612876617,0.8459565846100465,0.731853149431337,0.8611645436049398,0.752533849186763,0.5933466420870862,0.389545314727505,0.7905202806671947,0.4443662520272478,0.6078390177582276,0.8687280692572841,0.6007007250151575,0.5911742747490002,0.8133482612876617,0.5190854461946899,0.9625450404891647,0.861092113458608,0.7768546873095722,0.5421214310330602,0.8415887034661653,0.6641391650962067,0.8453106694422665,0.9551137937536224,0.978878890002732,0.6670521982540194,0.7697364776617589,0.7501805582996928,0.9968116130112576,0.8902963032538072,0.577025989621569,0.7507844886154751,0.9570129271953451,0.8747439046690524,0.6976890055258533,0.7720687409823805,0.749087156960774,0.8597779310791214,0.7625429349628966,0.8203324548260424,0.42822117357753875,0.7644180926980217,0.5981977741266922,0.5477907274045491,0.7751082245694481,0.7028136961958797,0.7575542752039648,0.4750205398091252,0.767832685597658,0.4744762741090801,0.874763769089939,0.6876949289878551,0.8822554591765026,0.8914241169817534,0.8921895964511958,0.7678326855976585,0.5593184792557979,0.8505634902931872,0.7334184783483026,0.695305393398185,0.9405151499516362,0.9071939202959411,0.9145231919397119,0.3933428155266194,0.5913289989990491,0.5824077495368234,0.7219778859931438,0.7593691010498387,0.8190063568509288,0.5127464840317311,0.9095671779303811,0.6894338727722296,0.9169832390321793,0.9355259979890476,0.8864638672964893,0.6986629779704768,0.8227836741603319,0.8763214452234422,0.7862480977460791,0.9386959746025286,0.9410043930661396,0.8039761428506569,0.8856449086748139,0.8256727870749783,0.7557808528186355,0.4929413816507433,0.5840075129293452,0.7072059800962043,0.8050001170467127,0.9216839240896542,0.8758599594503,0.8372005383026937,0.47769943738822973,0.4147585355744894,0.9536175284691273,0.831146423199498,0.8367671217737243,0.9297937743647982,0.6862414752389814,0.6211039059041564,0.7209960511861109,0.8256727870749783,0.831146423199498,0.49651649432808753,0.5031148575314783,0.8677629859955871,0.831146423199498,0.7225938086570226,0.775627070760154,0.6539044558448539,0.5664055755091011,0.5248827794701749,0.6894338727722293,0.831146423199498,0.7015098343879946,0.8311464231994979,0.7454180502469097,0.6575752433281998,0.621103905904157,0.831146423199498,0.7139686678758754,0.831146423199498,0.6849697123410492,0.870246896160094,0.7562489057874943,0.4439246409539226,0.7507844886154753,0.30234866316436637,0.8203324548260422,0.7137969570097777,0.7952640490644389,0.6918190055558425,0.663349809538055,0.8155698219961852,0.9570129271953453,0.8177766435217089,0.8773169347212819,0.8736104662007043,0.7747573908437809,0.9950344642525408,0.7182924545133276,0.8151135627519484,0.6173898226432397,0.8758599594503,0.831146423199498,0.763058826835314,0.831146423199498,0.8290606134135101,0.7465844605162948,0.8485170805722069,0.8023806185941758,0.3023486631643665,0.8367671217737243,0.7143848277190619,0.6753651128266823,0.690344513372608,0.8966080626769899,0.566863188307124,0.8425509890153136,0.6063686627255919,0.8260359201795019,0.48218642715122395,0.8541959247310253,0.9220526430026654,0.627431536492254,0.8747439046690526,0.7094237786319908,0.8806341689574113,0.8457259469302123,0.8617373334916858,0.6149250255613026,0.8485170805722071,0.5644276000539237,0.5668246912740198,0.7405636436776909,0.752533849186763,0.4312929814430153,0.9224530234523338,0.7507103182625506,0.9647298611984798,0.752533849186763,0.9595286992736847,0.4718745843327221,0.9769007179655417,0.5824092884508425,0.7867220448043462,0.8133482612876615,0.5983228863404476,0.3840526659716974,0.7632112604920249,0.7195026022793825,0.9989604206957794,0.2251404770669856,0.7876587616735475,0.6471194564301901,0.586787690335842,0.5083080235863158,0.8860102533028258,0.9984082365942545,0.6991852245234759,0.8981450843218931,0.7632112604920255,0.9246012618232706,0.39334281552661965,0.7290809865541847,0.8133482612876616,0.9204132329939232,0.9153844657390153,0.35554002301670296,0.6990030907835951,0.6775120579786071,0.8970876523738192,0.6544182738727378,0.6119960187714364,0.6582441084211266,0.8379818769593,0.7848834297378309,0.8747637690899392,0.7958201005729365,0.7565155320112127,0.6275754354909183,0.8425509890153133,0.831146423199498,0.8485170805722069,0.856309003964324,0.7300052281902651,0.752533849186763,0.8546882169814702,0.9461421116766492,0.831146423199498,0.9424224160797433,0.861092113458608,0.9134551722269828,0.801209833757915,0.6278483138484894,0.6337011227788636,0.8485170805722069,0.4591932081563779,0.37903939539183895,0.8453106694422665,0.8100057955331379,0.36575163966166413,0.8425509890153136,0.7301865852690883,0.37160592083724686,0.8050001170467125,0.7028136961958791,0.815565954867503,0.3089708624034082,0.7168212148799402,0.3123928335807169,0.6976890055258539,0.8256727870749789,0.8596067089225854,0.5862235943412616,0.42228467639113143,0.3625262059893646,0.2488813816651383,0.831146423199498,0.5141070166648287,0.7457200427391277,0.7063250481600327,0.9027718400079078,0.8677629859955873,0.5397345887481799,0.831146423199498,0.831146423199498,0.7678326855976576,0.6802492126081057,0.5998800837636812,0.8311464231994979,0.8747637690899395,0.699185224523476,0.6024543451152942,0.541303073950486,0.490492525823337,0.8459565846100465,0.6520886643758789,0.9685827185265123,0.32202733260956107,0.3235632650701503,0.831146423199498,0.5556918111903008,0.6596704856482327,0.27013887402752723,0.3294401127209632,0.8594696333864749,0.6781201276547731,0.7195026022793821,0.38537848588729107,0.831146423199498,0.3441734242259583,0.9110042549629684,0.9238693041449881,0.7792193858451626,0.8670360756633029,0.34112890439194554,0.8993350034316335,0.831146423199498,0.8037175018868281,0.5286802307269081,0.831146423199498,0.8916732038008095,0.6467894974157904,0.4934359013376788,0.26564695416652506,0.3552444987936276,0.831146423199498,0.7828471158882442,0.6460118735299276,0.955734856013263,0.8485122346405987,0.6123773625886386,0.7093249576342471,0.6952137930571682,0.6497635771623236,0.7820663749515686,0.7794597469196707,0.6225660274177294,0.9997120693732493,0.5243335881176572,0.8139280847912749,0.4673935268475131,0.8096778557177702,0.7949546003349713,0.752630106536853,0.831146423199498,0.9984082365942545,0.7434097402189419,0.6728679032269735,0.8506391215629192,0.6789909156351386,0.8203324548260424,0.9347297323946056,0.9578429373320376,0.8203324548260424,0.9471586258290081,0.7872480405754184,0.9883733563185115,0.555789308083757,0.7442625931784066,0.861092113458608,0.48932337420871597,0.8677629859955873,0.8050001170467131,0.9282332912823813,0.6557337473291063,0.8333388020882601,0.8011999848286611,0.6511618756263664,0.7801746775440486,0.9307730897578683,0.7997217022760685,0.858098612011414,0.5967870704186222,0.9697576929681274,0.7958201005729364,0.7931974414841151,0.9898695270601608,0.9613268701331866,0.7839483030874328,0.8759144031389283,0.7506815672849729,0.6920314009566702,0.5965505738369532,0.718275937653416,0.9504461826747814,0.8823158788332583,0.6575824556379539,0.8447425558175494,0.7812528998027031,0.7858515963541477,0.2545141114995405,0.8000885584109012,0.574284997375289,0.8046547388994403,0.7656959992652368,0.8393023248442444,0.875912033959848,0.8125508980570535,0.658957642072042,0.8051306963265286,0.7501199626531565,0.861092113458608,0.6915247718937125,0.7209960511861109,0.8758540789337489,0.7755645898153467,0.8330216254486859,0.6976890055258542,0.9133404113163563,0.861092113458608,0.7869968572042475,0.3311601677530387,0.6340699050068414,0.7179570104282758,0.6894338727722291,0.5293260516725891,0.8166062499848112,0.8151135627519486,0.5770796950650703,0.831146423199498,0.7748074399019571,0.831146423199498,0.831146423199498,0.39746927531032616,0.7858515963541473,0.598322886340447,0.831146423199498,0.48139513114823285,0.46059306572144276,0.8329616870069804,0.8706353531352303,0.50991013312783,0.44859597832251785,0.8837748826847065,0.8322646757808343,0.4678234923124871,0.8100057955331383,0.9202810974754118,0.8546882169814702,0.726191814002852,0.526478238629204,0.5211414615992769,0.6819237718608885,0.9157000504550397,0.8758599594503,0.720219763054222,0.7748074399019563,0.6663247565850765,0.8133482612876617,0.7173856766303529,0.7952640490644383,0.9932591967802841,0.6899706976461553,0.5236312037941193,0.7350410519801173,0.6876949289878553,0.7858515963541473,0.9540019910992692,0.8425509890153136,0.7952640490644389,0.8000054315513372,0.8883940713356001,0.5246523497993001,0.5320037615793665,0.8809287459442814,0.5567766845850876,0.815113562751949,0.8080363938419821,0.5218865149189726,0.9176189740206026,0.4464316265819419,0.6272638024622079,0.9521664397849134,0.3085428187182129,0.5028515025109899,0.6765515156534136,0.2553423714611658,0.808578992165107,0.7450853884177686,0.7311898854358272,0.831146423199498,0.7949546003349713,0.7994903615718993,0.8311464231994983,0.48834728942348393,0.7952640490644378,0.8203324548260427,0.7337874437892751,0.0,0.7858515963541475,0.3505902265837655,0.8677629859955869,0.19464038228143332,0.8000885584109012,0.570470397501349,0.8203324548260424,0.952182130892584,0.6936916269143449,0.7656959992652366,0.774112157359288,0.7339897533445514,0.7381387297526874,0.3641047932501005,0.5456475538419547,0.9340681505356794,0.4911606151894714,0.4319419448103856,0.7506815672849725,0.8747637690899392,0.7724768594641587,0.8367671217737249,0.6575752433282,0.7803602890716941,0.6601246496586548,0.8256727870749789,0.32382457709645696,0.3657516396616639,0.8929884899833643,0.6735302509873538,0.8738328753514064,0.8246589250628045,0.7369332217596427,0.9012507074719958,0.8788885674977214,0.6609091547922168,0.7905202806671945,0.8634243475288141,0.8966080626769894,0.8256727870749783,0.7625429349628962,0.9316997575412951,0.831146423199498,0.7301865852690881,0.4318490400889893,0.6516767389077354,0.8062288601425911,0.8311464231994979,0.6119976852076163,0.37585491561443574,0.6876949289878551,0.8890929890760417,0.5698722312955299,0.730356309472372,0.6660196617476939,0.9565750837202656,0.7006004350422506,0.8868289118421092,0.5171923010093098,0.7377722159208451,0.7411252268913595,0.6486914571277629,0.8198542912438119,0.9676785343596863,0.5745806117758157,0.9908777073428441,0.7807710991870638,0.8187387651162831,0.8747439046690524,0.6526052505370015,0.8637147028644798,0.7285394965407899,0.69438594527012,0.516525627795719,0.861092113458608,0.8311464231994985,0.8447836689107451,0.4190777660664623,0.4187416933486139,0.8256727870749789,0.9570129271953451,0.8151135627519484,0.8256727870749789,0.8256727870749789,0.7301865852690879,0.831146423199498,0.8151135627519484,0.6914447422424863,0.831146423199498,0.7507103182625506,0.8821137844300475,0.9313419384321768,0.7820663749515686,0.8883704299920674,0.8367671217737245,0.8256727870749789,0.39975380868564825,0.5421214310330602,0.7858515963541475,0.47142604973395175,0.831146423199498,0.6469872882623684,0.907193920295941,0.7039066400690759,0.5033953023466142,0.6013202413742609,0.9281584116206856,0.8908122932200716,0.8147982173265642,0.9094078420027494,0.9424224160797435,0.787248040575418,0.8902963032538069,0.8572851488438471,0.70293838892956,0.6771125093228572,0.8207822179489628,0.8962170259453925,0.6309273002575333,0.8133482612876617,0.8794300883552572,0.5286072181911092,0.831146423199498,0.8753108566273604,0.6092730760204947,0.8677629859955871,0.39753456191494874,0.7518220534949871,0.9770155294429645,0.41638432673904324,0.8203324548260424,0.41904065701631643,0.2840032645903747,0.831146423199498,0.831146423199498,0.7143848277190619,0.7084984937371175,0.8390075417279437,0.715970192112555,0.4857583793152822,0.4454330918668803,0.4519899418907144,0.359786653356887,0.7172337288554194,0.41664281086570454,0.831146423199498,0.8907121660266377,0.7949546003349713,0.8747439046690526,0.3411289043919453,0.752533849186763,0.6092436974789914,0.831146423199498,0.831146423199498,0.3240709401161408,0.8459565846100465,0.41387120011540235,0.7342995623956463,0.5011057169720208,0.5733132286613205,0.823990138001288,0.7593691010498389,0.5024634966888124,0.5120288032018279,0.8311464231994979,0.4981344567800474,0.39364606512398836,0.8302743854409156,0.861092113458608,0.7479197411262275,0.9620776123991012,0.831400188430081,0.5122072652823912,0.8367671217737245,0.6138874547075439,0.831146423199498,0.4238621090607686,0.8051306963265287,0.6655491115674657,0.5994187313474881,0.6034869783888488,0.8050001170467129,0.6839633915983834,0.4101954148437077,0.85468821698147,0.9247768805224963,0.5421552024888774,0.8151135627519484,0.8747637690899397,0.8856909335262275,0.8174972048779761,0.4550765747198948,0.8485170805722069,0.8256727870749789,0.7514047820067642,0.8073322099805091,0.8039190767631206,0.7382746479653424,0.8747439046690526,0.7848075380141786,0.8747439046690526,0.8747439046690524,0.6659929193641426,0.7741751295306649,0.6877892459275579,0.8311464231994983,0.8379818769593006,0.6847799425493392,0.7952640490644383,0.36146189556168773,0.8993350034316345,0.8256727870749783,0.8073322099805091,0.6638124297405106,0.836767121773724,0.4724320387146669,0.7261918140028518,0.5811922445635997,0.6176651071395516,0.831146423199498,0.6012627472743683,0.9485635112687547,0.4778701941151957,0.8677629859955869,0.7767195799489963,0.7812528998027037,0.5631421842426172,0.831146423199498,0.3505902265837655,0.2830786078810662,0.9918694516733388,0.35458611233160275,0.4238621090607686,0.37820904701151403,0.7949546003349713,0.4347513345089007,0.7961215835544415,0.9324159842282987,0.48910656030562083,0.7376232163734007,0.5814090803439634,0.8929884899833643,0.713796957009778,0.963373672679303,0.7671314097909573,0.945977874973897,0.46421259017119576,0.8322646757808345,0.24905974157343636,0.8311464231994983,0.8256727870749789,0.4884172094046213,0.41784060865711137,0.8319365508126068,0.4338392871137695,0.36671236804081575,0.831146423199498,0.2969032905443645,0.37516349935870874,0.8276704225130245,0.831146423199498,0.4678234923124873,0.8628529229940889,0.752533849186763,0.8096778557177702,0.8256727870749789,0.6313482861434663,0.7722474481848006,0.8914845492904281,0.9827738564631818,0.7997337188423193,0.8567545131915136,0.3022317273279539,0.831146423199498,0.7807710991870638,0.831146423199498,0.861092113458608,0.6057346600663296,0.6155149568843239,0.8747439046690526,0.7548990778408027,0.7049970217925745,0.7191257839953367,0.6229285339696337,0.831146423199498,0.6526740306351476,0.4309307264787525,0.6077393985612924,0.7659822401355758,0.9568113867546567,0.9246012618232705,0.9818423550403621,0.7465065254933929,0.9153844657390153,0.6438863787344351,0.303475308134188,0.9153844657390153,0.6434027228239731,0.8273662657070467,0.5083080235863159,0.9153844657390153,0.8747439046690526,0.8205047415766167,0.8367671217737245,0.6329729367942285,0.8035264233964157,0.7672446223944527,0.8209158355527626,0.7855428322851128,0.5936921505247577,0.80967785571777,0.7143848277190621,0.7678326855976578,0.8256727870749783,0.8447836689107451,0.7454180502469097,0.7048252893869904,0.5545588940772742,0.7094237786319899,0.7251914035986846,0.6193578302349945,0.9426813816659532,0.8670360756633027,0.7507844886154758,0.8788885674977214,0.9766460977041067,0.9968662932581831,0.787038512670698,0.7884768206328094,0.7949546003349713,0.7748074399019571,0.8759074349651166,0.7762038061062162,0.7116951158428213,0.8433611864205068,0.6398945377235452,0.785596999849365,0.8453106694422663,0.7879827192955129,0.7285394965407892,0.7749561559671654,0.7738609230034773,0.8587876442326954,0.7032806994712861,0.9772193614636777,0.8084896529125535,0.7958201005729361,0.855713930882231,0.7722474481848001,0.8330216254486862,0.8403110851163422,0.8608541223526677,0.9396523385363276,0.9782343062564832,0.7196810916449259,0.9533142243280928,0.8605726987085092,0.9049324460394652,0.9567389783383048,0.7507844886154753,0.769736477661759,0.6382352416312913,0.7591615797799509,0.9051147616874997,0.9182676908874143,0.5740472629682527,0.9815302749026986,0.8187387651162831,0.7632112604920251,0.45550121587451575,0.9379250310364493,0.683294381600523,0.9697576929681275,0.531662917716833,0.7273084791658129,0.7748074399019571,0.6438863787344355,0.9932591967802841,0.8302743854409151,0.8677629859955869,0.8216180679211564,0.861092113458608,0.9837195964498846,0.7748074399019571
p208_L,0.9924367080758312,0.69916470879639,0.9506880141013583,0.9760740600631372,0.935580996038617,0.9522137875062906,0.9949163625223509,0.8909271554854026,0.8780124908814333,0.9495505106234361,0.9696315366465988,0.9334927596276981,0.9334927596276981,0.7636611379006615,0.8866210237012304,0.8546597599343508,0.9294643302252341,0.6760265208242302,0.9470055188469617,0.9495505106234363,0.942336604575311,0.921891580360551,0.9183006535947713,0.9377253379624282,0.9035653652248616,0.9131105611405983,0.9230789959087817,0.8940275945888625,0.9836543654419935,0.7819039258096631,0.9048830033154058,0.9422080421889416,0.9275156757582279,0.8970640020677769,0.9355809960386168,0.9254223119773605,0.9377253379624282,0.8325612110015055,0.9522137875062904,0.684188922485278,0.9031200523835077,0.9148167155454525,0.7665908998640588,0.9915753345612033,0.7264700974208029,0.978941563684899,0.9967391619170713,0.9047408499968013,0.9114262935403585,0.8627763408565621,0.8812152990221936,0.8688605459034261,0.9131105611405983,0.9256059689675478,0.9765150789456657,0.9097625798212232,0.9495873612601233,0.9355809960386168,0.869375532761849,0.9314553797224701,0.8808530918450068,0.8811566338086377,0.9131105611405987,0.9031200523835075,0.944562380594602,0.8009294265428093,0.9400741852851489,0.9684862506912559,0.8224169355147077,0.7978501428016826,0.8427911921721819,0.9114262935403583,0.9578055524052941,0.8038586472341174,0.9355809960386168,0.8560058896255165,0.9432185749403659,0.8467709954086369,0.8701003883997358,0.9071885561788839,0.846770995408637,0.9165462137008822,0.9774411992633254,0.9131105611405985,0.9355809960386168,0.6789059218019352,0.988181856506727,0.9139487299142952,0.8951849796577995,0.9852901633058908,0.9355809960386168,0.7562730750826562,0.9044070319187588,0.9415659198704576,0.9838698730483881,0.9047408499968015,0.7346376887145335,0.8573544191143383,0.8184704426145948,0.7935410698458634,0.8911135129842761,0.9967391619170713,0.8511921008492053,0.7996898870590976,0.9786364242927295,0.9470055188469617,0.8904257216519325,0.9039195430268581,0.9200817943852444,0.7830336770148898,0.7785294079901703,0.7092410557284782,0.9901415714403682,0.8851672469450578,0.9967391619170713,0.9997925909264851,0.9725096342470558,0.9470055188469617,0.9522137875062904,0.845343740715992,0.8383902593265002,0.8340556435485741,0.6831243147374944,0.9430450953185581,0.9225442716453335,0.8504203842282123,0.9377253379624282,0.8496029817787225,0.9852901633058908,0.8925262950745887,0.838631997222524,0.9399319300513138,0.7634975264962841,0.9522137875062904,0.9294643302252341,0.7550989813120709,0.9015074681576025,0.8812152990221938,0.9422080421889416,0.9314553797224701,0.9139487299142952,0.9495505106234361,0.8480964700748994,0.8169749692922607,0.7992587643536317,0.8866210237012304,0.9820931770243164,0.7997160938696783,0.9114262935403585,0.8310982734142551,0.9495505106234361,0.880853091845007,0.678772893519566,0.8492956954242195,0.9989330715481036,0.9518647719377951,0.9240074678166286,0.9940847844961915,0.9955712672694002,0.9678541586678329,0.9635727568824958,0.9967391619170713,0.870967607337517,0.9971433890945817,0.8999138703842935,0.999258193162122,0.9776415955422071,0.9433011034543322,0.9064920176718159,0.9508421171678403,0.7264804518954897,0.9334927596276981,0.9097625798212232,0.9083471446075191,0.9599747589515443,0.9818472950454276,0.9470055188469617,0.8889414116790577,0.9711696109045853,0.8878995104905509,0.9554368269703843,0.9162667259410231,0.9894121426990234,0.9334927596276981,0.9230739545616382,0.734577418529333,0.9214079633356154,0.8751970566277454,0.9256059689675478,0.7577703728564176,0.91728949153178,0.9096814050133908,0.919876218512696,0.962604783781754,0.8937890418732636,0.9355809960386168,0.9926931063209248,0.9172894915317802,0.8737979857661253,0.8723974580072291,0.9213841230197595,0.9852901633058908,0.9355809960386168,0.9384053652815669,0.8021516060453171,0.9495505106234361,0.9355809960386168,0.9960982159891327,0.8925262950745887,0.9413707562534936,0.9702969477206326,0.9752107011246876,0.9334927596276981,0.9355809960386168,0.9055348722411802,0.9355809960386169,0.807772301458827,0.7211301413300408,0.8483858369727737,0.9355809960386168,0.9711429589523988,0.9355809960386168,0.9001172636433747,0.8822836759018076,0.7552037435002726,0.8426242563237649,0.9967391619170713,0.9385091005037032,0.9314553797224701,0.9183006535947711,0.966854861926912,0.9903709845654333,0.8972073354079884,0.8877455854128598,0.7634975264962841,0.9645515900483717,0.8905408702359403,0.9080208724124175,0.8578301230138874,0.8925262950745887,0.8925262950745885,0.9294643302252339,0.7491598444984624,0.9314553797224701,0.9355809960386168,0.9394399552106525,0.9355809960386168,0.7547306978079478,0.7604122773126197,0.9422080421889416,0.7779424286970992,0.9385091005037033,0.9377253379624282,0.8910355038772135,0.9200817943852442,0.7525116705151794,0.9696315366465988,0.8496029817787225,0.939931930051314,0.7105987003471119,0.8638962238722947,0.826894450164378,0.9334927596276981,0.9942714459947756,0.8845954334932088,0.9522137875062904,0.9799852931294406,0.860402838722307,0.9148167155454525,0.8359725460677725,0.7546144205691798,0.9422080421889416,0.9451633916669347,0.9959011229490851,0.7641927640664485,0.9470055188469617,0.8067744548357401,0.8910355038772135,0.9590434494932021,0.6571451216037687,0.9470055188469617,0.8617361010523721,0.8341393539507438,0.944562380594602,0.9015112496120745,0.800841823905833,0.8896463743514136,0.9329290708210041,0.7784300701739517,0.9314553797224701,0.9399319300513138,0.9967391619170713,0.9333315572842431,0.9892083965651993,0.7905401273174393,0.9415659198704573,0.8829583596177213,0.8553268890238976,0.9892083965651993,0.9355809960386168,0.8459428360750242,0.9172894915317804,0.8812152990221939,0.8414232580309253,0.9460108440343082,0.9967391619170713,0.8055043576775879,0.8940275945888625,0.9289815157473449,0.9182191089113065,0.9659012495917307,0.7694578498220601,0.942192122542321,0.8634747106137608,0.653946318043702,0.9495505106234361,0.9413503191453481,0.9495505106234363,0.8970640020677767,0.8925262950745887,0.9495734432236999,0.9967391619170713,0.9355809960386168,0.9422080421889414,0.9977218791928772,0.881457979841816,0.9470055188469617,0.6884405789416634,0.859317625659531,0.9355809960386168,0.9200817943852442,0.9470055188469617,0.6259932435492324,0.9132272901393417,0.9886177777349165,0.9590434494932021,0.9989330715481036,0.9082358204851606,0.9320769891349091,0.9035653652248617,0.9275156757582279,0.8375758758534325,0.939931930051314,0.9329290708210043,0.9598414011813181,0.9256059689675478,0.9533382524210396,0.9774873843362968,0.9315550057400599,0.8160154479064053,0.7870618514072059,0.978616554847229,0.9334927596276981,0.7326229873923491,0.8906528429153151,0.824715741851088,0.7567985965131945,0.9255220097799568,0.9355809960386168,0.8647161984978466,0.9626086642338592,0.9199764865412448,0.8916829786258782,0.9836543654419933,0.8038126664077958,0.9355809960386168,0.9355809960386168,0.9114262935403585,0.8780124908814333,0.6953697860962387,0.9355809960386169,0.9495505106234363,0.935580996038617,0.9017126880527937,0.8696318695590659,0.7792297235115404,0.957805552405294,0.9460700595274506,0.5835123224094763,0.9262962860121418,0.9188862081608038,0.9355809960386168,0.9601470839010713,0.8253574758824459,0.8996873417557252,0.8802523537926028,0.720110435522211,0.9543375701747885,0.9399319300513138,0.787339196213741,0.9355809960386168,0.8661265071675741,0.6760265208242313,0.8213256187370719,0.9301600858771752,0.9377253379624282,0.9520595506460041,0.688607343057345,0.9355809960386168,0.9284021172811179,0.867747642487907,0.9355809960386168,0.833090247524831,0.9845958641544454,0.872700284250379,0.9077746072552325,0.772237535370428,0.9355809960386168,0.8802523537926029,0.8928989244507177,0.9942714459947756,0.9141680583790844,0.9777362688255564,0.8822836759018076,0.9164774721372542,0.7708504311966742,0.939931930051314,0.9929979934242448,0.8560058896255163,0.7355555555555553,0.8881963720527786,0.7308934044863209,0.9419102772903427,0.9183006535947711,0.9422080421889416,0.8814579798418165,0.9355809960386168,0.9470055188469617,0.9687286209814425,0.9954313517809439,0.9844690963672101,0.9473606184418111,0.9818737559710531,0.8182780925349442,0.8424035886035852,0.9314553797224701,0.754972261436255,0.9044988266272496,0.7929720393554056,0.9015074681576025,0.8369672819309515,0.9470055188469617,0.8543063200473957,0.9836543654419933,0.8867793699144207,0.9183006535947713,0.9297542626656277,0.988181856506727,0.9495505106234361,0.977599234380409,0.929104460779949,0.9027925304906489,0.7927837732231602,0.921891580360551,0.9394399552106525,0.946453606217171,0.9329290708210041,0.9031200523835075,0.8711408270373195,0.8284703715451964,0.9645515900483714,0.9696315366465988,0.9048830033154058,0.6460333736261423,0.871638485524888,0.8332268569828207,0.7756223220427974,0.8807238883947859,0.8473379500477142,0.9388933740579655,0.9559620789221579,0.9615686274509805,0.9273874394851741,0.9844690963672101,0.9141680583790841,0.9590434494932021,0.9686491338802947,0.7567906191652412,0.8328391424856562,0.9018323002478255,0.9860777826493692,0.9980715070378494,0.820438028124604,0.9892083965651994,0.9472040798747399,0.9506880141013581,0.9445623805946022,0.999258193162122,0.8247745466647922,0.9294643302252341,0.9422080421889416,0.9470055188469617,0.7516581686562225,0.9913650736550722,0.8895546908938254,0.9334927596276981,0.9334927596276981,0.9171943330215184,0.9796939340930619,0.9722312205307765,0.8435690365285473,0.9355809960386168,0.9445623805946022,0.9355809960386168,0.9355809960386168,0.7701296598146818,0.9183006535947713,0.9329290708210041,0.9355809960386168,0.7583036010960926,0.7942118959248203,0.8992368483577364,0.6872968705524745,0.8492956954242195,0.8531697165055647,0.9003051101948657,0.8766017896141824,0.7969703620943662,0.8805458336495592,0.9982806673388122,0.9445623805946022,0.8955399645501796,0.8785382007702359,0.8173115982101795,0.8661444446656797,0.8805458336495585,0.9314553797224701,0.8840286400507944,0.944562380594602,0.7407756860444537,0.939931930051314,0.8786591003884672,0.9668548619269122,0.9180978494651831,0.9183006535947711,0.994553642981886,0.9084101221932441,0.8808530918450068,0.9183006535947711,0.9348849767198617,0.9399319300513138,0.921891580360551,0.9523391253205785,0.9372156950911563,0.8691996695255617,0.8397712046798788,0.9422080421889416,0.9702969477206325,0.9294643302252341,0.9031239469228096,0.9951895428079431,0.8075202219813383,0.8768199244837864,0.9064920176718159,0.7665908998640587,0.8531697165055647,0.8543063200473955,0.8766017896141824,0.9261554753571923,0.8532920118076436,0.9796939340930617,0.8986835600913734,0.9355809960386168,0.9422080421889416,0.9992581931621223,0.9888877218166614,0.9008184272841164,0.921891580360551,0.9818737559710531,0.9774411992633254,0.7858515963541475,0.0,0.7522449239219364,0.9495505106234363,0.7567906191652414,0.9385697293810191,0.8306537927149376,0.9314553797224701,0.9765150789456657,0.9433877182221797,0.9339429911190156,0.8709676073375179,0.996337245983033,0.9314357334521939,0.9616385106236467,0.8524475004841152,0.7084202416467236,0.8096778557177702,0.9199275134470046,0.9048830033154056,0.9495505106234363,0.9200817943852442,0.9377253379624284,0.8177855583140792,0.9977218791928772,0.8641397759307594,0.9334927596276978,0.9139081303640351,0.8861197901581855,0.9522137875062904,0.9289494109520753,0.9464536062171711,0.7498316074099158,0.8955112082646186,0.9148167155454527,0.9999058090993418,0.9812071873217105,0.9917417854198087,0.9015112496120745,0.9237321696604075,0.9852901633058908,0.9422080421889416,0.8368897280214713,0.9355809960386168,0.9687941395742314,0.9851687912685532,0.9172870852053598,0.7748379498023508,0.9355809960386169,0.8519739816754526,0.7981507034344237,0.880853091845007,0.9017126880527937,0.8780124908814331,0.6097536196746621,0.9324342367818583,0.8364719325743265,0.9866030402791095,0.9581770036680434,0.8105886236035889,0.8473379500477142,0.9445623805946022,0.8092073824034667,0.9495873612601233,0.9464536062171711,0.9272324378358678,0.696292071706645,0.9081181966045124,0.9172894915317803,0.6259932435492325,0.925605968967548,0.9309382944231761,0.935580996038617,0.9813313349882196,0.8533158492412363,0.9470055188469617,0.935580996038617,0.921891580360551,0.7977883348368819,0.8414232580309251,0.9334927596276981,0.9422080421889416,0.9786165548472288,0.9334927596276981,0.9852901633058908,0.9329290708210041,0.9355809960386168,0.9294643302252341,0.914753761965559,0.9355809960386168,0.8284703715451966,0.7308396479515609,0.9470055188469617,0.939931930051314,0.9445623805946022,0.9377253379624282,0.9334927596276981,0.7990032559708719,0.8199889998427843,0.9183006535947711,0.8226167240132978,0.9355809960386168,0.8254855495244307,0.7760319106198985,0.9590434494932021,0.8070691481373542,0.985254909180629,0.7340640582138435,0.9523391253205785,0.9200817943852444,0.7951184200738989,0.964170004482718,0.935580996038617,0.8925262950745887,0.6959002524657387,0.9430450953185581,0.9405758992258255,0.9385697293810192,0.7978501428016826,0.9518647719377948,0.9464536062171713,0.5332547749506673,0.7997160938696783,0.9355809960386168,0.9355809960386168,0.9620484099677817,0.9495505106234361,0.9629945639397555,0.9294643302252341,0.4336766925329174,0.8716799918409446,0.9818737559710531,0.8725924116776669,0.7726214481139004,0.9355809960386168,0.9355809960386168,0.8910355038772135,0.9526354118995055,0.6521119684122902,0.6913211119115559,0.8773273917878179,0.9777362688255564,0.9907081931481025,0.7921320258654092,0.9180978494651831,0.8325766144955156,0.9355809960386168,0.8167733719271152,0.9422080421889416,0.9522137875062904,0.8329282538278912,0.9470055188469617,0.80967785571777,0.9355809960386168,0.9355809960386168,0.919103420058003,0.9578055524052937,0.7692734521129863,0.921891580360551,0.827508495889226,0.9031200523835077,0.8956696942089953,0.9952673588808036,0.7900484642522927,0.941113690902502,0.9355809960386169,0.8925262950745887,0.7686710742353546,0.9926931063209248,0.9470055188469617,0.9129158007108344,0.9189561941761952,0.7130756039799138,0.8955399645501794,0.9377253379624282,0.94851103851778,0.9355809960386168,0.7801987391563086,0.9980715070378495,0.9031200523835077,0.97442317155977,0.7550888759214558,0.925605968967548,0.8794294801784419,0.8347540142725383,0.9942714459947757,0.8858594269006361,0.8253285101599332,0.9230789959087816,0.9836543654419933,0.9495645679265196,0.9131105611405985,0.7627817270874746,0.9989330715481036,0.9334927596276981,0.8426242563237649,0.9097625798212232,0.8992368483577363,0.952959396952015,0.9522137875062904,0.8645307055964573,0.9522137875062906,0.9774873843362967,0.6835310512105254,0.8986003425351381,0.8983273721288974,0.9355809960386168,0.9836543654419934,0.921891580360551,0.9432185749403659,0.8546839689965419,0.9275156757582281,0.9334927596276981,0.9495873612601233,0.8655068173538913,0.9377253379624282,0.9579128830880592,0.9980715070378494,0.7994594714670618,0.8398063016785029,0.9355809960386168,0.7269691840010569,0.9578055524052943,0.8938391361804243,0.9495505106234361,0.8763264907178426,0.9165462137008822,0.8551433214141547,0.9355809960386168,0.7522449239219364,0.8762909457332801,0.9984593147144779,0.7537693866232711,0.7801987391563088,0.7627817270874745,0.9422080421889416,0.7744742852640156,0.8531186151521009,0.7768906158509867,0.7895862211130906,0.865359477124183,0.8331319543636542,0.8368897280214711,0.9183006535947713,0.7445786492931166,0.8850196814928615,0.8055043576775873,0.7955927737497686,0.9977218791928772,0.9616385106236466,0.935580996038617,0.9334927596276981,0.9456844746310797,0.9520338727895103,0.8911494118055572,0.9911570108434797,0.9386610086149985,0.9355809960386168,0.8692387518586377,0.8524475004841154,0.6892997658903174,0.9355809960386168,0.7969703620943662,0.6886073430573447,0.9470055188469617,0.9615686274509805,0.9334927596276981,0.924592573188056,0.9541968529441156,0.7064201188877494,0.9707630758620763,0.9164774721372544,0.8653594771241828,0.9115087983416684,0.9355809960386168,0.9866030402791095,0.9355809960386168,0.9470055188469617,0.7330168162934398,0.8533158492412363,0.9522137875062904,0.8613744161984671,0.8818338513270869,0.8794294801784417,0.9760740600631372,0.9355809960386168,0.9740378306892084,0.9373707829854836,0.7921350796061558,0.9430450953185581,0.9272324378358681,0.9422080421889416,0.9048830033154058,0.9032901911357234,0.929104460779949,0.8641397759307594,0.8008564419966573,0.929104460779949,0.9388933740579655,0.8812152990221939,0.8546597599343508,0.929104460779949,0.9522137875062904,0.9131105611405985,0.9926931063209248,0.7491598444984622,0.9111150293377236,0.9409501284699298,0.7434758999605566,0.9506880141013581,0.8925262950745889,0.9951633986928106,0.8910355038772135,0.9114262935403585,0.9334927596276981,0.921891580360551,0.9472040798747399,0.8008418239058334,0.9063742447456444,0.8843193296037339,0.9772097014643059,0.8837215992432157,0.6437504440878419,0.9377253379624282,0.939931930051314,0.9375514328635437,0.8673897219109374,0.9081181966045124,0.7779424286970987,0.9666265784581534,0.9422080421889416,0.9445623805946022,0.9472483006084298,0.9064920176718159,0.8043460563273976,0.9664656501581601,0.9430450953185581,0.9370067278435019,0.9476535753223352,0.9786100658041361,0.9888877218166616,0.8650108403997214,0.8269717168648258,0.8043833781040409,0.8737979857661253,0.8835230290768028,0.9942714459947756,0.9953407916725414,0.9508660665197832,0.9541968529441154,0.9294643302252341,0.7839965608218951,0.8818695657894681,0.8638962238722947,0.9245475063662869,0.9385697293810191,0.9531049385044282,0.9111150293377236,0.924041506025461,0.6847612214178582,0.9399319300513138,0.9377253379624282,0.8560058896255165,0.9081181966045124,0.719224678754141,0.8710156683413512,0.8782341305473453,0.7488021426930147,0.9677078677803636,0.9314553797224701,0.9979086030277415,0.8709676073375177,0.8720455479999369,0.939931930051314,0.8213256187370719,0.9559620789221579,0.9445623805946022,0.8936281262041488,0.8763264907178421,0.9523391253205785,0.9836543654419934,0.9189514425986853,0.9254223119773604,0.9255220097799567,0.9445623805946022
p208_Y,0.7467913558934353,0.7743984544652449,0.5838662167238966,0.840895560485015,0.7684493465640942,0.8550872530468148,0.9916282551785607,0.9641554962960744,0.524536485074331,0.7963735388385417,0.7687161165969225,0.7592148952360357,0.7315605337936794,0.7019415513043818,0.9698144903029279,0.9218558708912992,0.9173095916401801,0.7365058536917062,0.9755132836179135,0.882672372378398,0.720201132059632,0.8111458079800902,0.9139487299142952,0.8366852611594688,0.757646272787821,0.6492930024488199,0.786099020369325,0.6284515517394931,0.8826723723783978,0.7462433993451683,0.7179572707341279,0.7981619927363148,0.8314271579725276,0.7760068868141412,0.7969095271386524,0.8733481182086198,0.840497711631859,0.7801896825720747,0.8071231748299155,0.7529881658860416,0.6130631660228902,0.6561794583465668,0.994784048231732,0.717620612235442,0.8385832488776672,0.5710978696675568,0.8178422485024104,0.5071380788326793,0.7313982749191235,0.4461317954987096,0.8924353423190239,0.4479505426656427,0.6712287575866582,0.8996065556926165,0.8355292519245278,0.7688775090217481,0.9389754401252532,0.8046479448175343,0.6483179019430962,0.7921369220339978,0.5190939776448773,0.6190318923023357,0.8686505538272042,0.8918459528076781,0.8318841922523379,0.46645611890837635,0.8561690587937523,0.6661817496088196,0.8595547863973896,0.8733481182086198,0.6972016442759028,0.7313982749191235,0.9392104300114426,0.163356027886422,0.8046479448175343,0.5633346735275708,0.7631344888106659,0.7932215472647901,0.3469602081904044,0.8550872530468148,0.9127132847207977,0.8376807489713898,0.7164349741463438,0.9558634050700894,0.8046479448175343,0.6832226306729527,0.8591571271495142,0.6413294582308682,0.7898979761099647,0.798315321686256,0.8046479448175343,0.583866216723897,0.6304459473801325,0.5522529751235997,0.9229931245811154,0.8375427287696571,0.5756271157503678,0.5674241190469937,0.20321796603057052,0.27217482159456874,0.7476152676338104,0.8178422485024099,0.8046479448175352,0.7248479146037958,0.5874225122514516,0.8392930630721882,0.6430226419692497,0.20803300304622074,0.6774306025133676,0.200321386096325,0.5372020077044914,0.9907020899964386,0.4200221736284879,0.6694133502722937,0.8178422485024104,0.33060926036559624,0.8745649354471419,0.7861013304270679,0.8550872530468143,0.34111545068099813,0.8628693726862096,0.6952287674890205,0.7576462727878213,0.9217026731501117,0.7803773639673834,0.4584856262551358,0.8111507091583434,0.9048341604127623,0.9918958517827534,0.8626807108381243,0.34867932745550734,0.8481713308694632,0.824744608932849,0.8071231748299156,0.7860990203693254,0.5620540702070955,0.6007019520972792,0.8247446089328494,0.856169058793752,0.8190550279834292,0.5446754601684176,0.8470108069580575,0.4538650006536121,0.6202026505016793,0.7354788333608959,0.5423747594053523,0.67204640448292,0.2695369874072806,0.6424948870402414,0.21596276358981026,0.8470108069580577,0.587846766069255,0.8360982464295557,0.9868581614989838,0.8875935086546551,0.6640847780071601,0.6441516409020458,0.7612585357069428,0.7268213594121347,0.5894694525679569,0.8139158483322397,0.8481713308694634,0.7696135968297468,0.46780418687589886,0.6693253632348515,0.697363689699185,0.6587412471051393,0.6786591158546056,0.8610256794506839,0.4567177973823563,0.8607461332251054,0.798315321686256,0.7846154218315519,0.6913730005886798,0.8000014469253789,0.8078853879894237,0.9074031733450509,0.945960807413345,0.886225048493408,0.6696783314460719,0.9258535623141579,0.7370172010583689,0.8539264745735007,0.7592148952360358,0.9035399234938235,0.46459688498262497,0.38172573914687624,0.5628461852015427,0.8996065556926165,0.7268318068198698,0.8579277006233941,0.6936151522857597,0.5169309358294607,0.3032546581085537,0.8793191236417977,0.8046479448175343,0.7779912562124376,0.9536455577305865,0.804502263775959,0.5982909295432106,0.6338741157136891,0.8145236181207492,0.8046479448175343,0.5225734651481437,0.2543031679167641,0.796373538838542,0.8046479448175343,0.8747800218509811,0.6403275854606374,0.5403402097307783,0.7403151857118793,0.6514129270009823,0.798315321686256,0.8046479448175343,0.9486714815870392,0.8046479448175361,0.43355191779047353,0.47043724561848665,0.5213728603253949,0.8046479448175343,0.520949041869452,0.8046479448175343,0.6287761919589141,0.8369091119560217,0.6786363352947036,0.5372020077044908,0.8178422485024099,0.17062668231733102,0.8459731339328604,0.8446470987747128,0.7327466599103808,0.7590017438991326,0.6840765250693707,0.7452888229965555,0.824744608932849,0.9082449402656072,0.7049830982805745,0.8438604761708741,0.7824971702340913,0.8812101379529149,0.5662098770014752,0.7153008088014252,0.5592525054476531,0.8040914887245317,0.8046479448175343,0.6696795143400696,0.8046479448175343,0.5270387483546723,0.6926130384069058,0.798161992736315,0.9643637623654486,0.1584169968453082,0.7779912562124378,0.5601926796105132,0.757646272787821,0.5880008637608496,0.7932215472647903,0.33061736269497666,0.7575505983588419,0.5066151893009165,0.9609650341039673,0.2809444779784849,0.798315321686256,0.8742091227240204,0.5701961996621729,0.8071231748299155,0.5427889152735171,0.6960155798477312,0.8754888573436121,0.7480022157559862,0.5474829605536764,0.829586442597218,0.514639506638632,0.5149610144640064,0.38863043198396596,0.8392930630721882,0.14962108035440747,0.8169408684093126,0.7696135968297466,0.9377937111577486,0.8392930630721882,0.7859749259334309,0.24747598708296115,0.8645404905882981,0.6576964510975143,0.7416426967845626,0.8178422485024099,0.6878443081738392,0.04934702296432547,0.792136922033998,0.8178422485024102,0.8481713308694634,0.23753271720563396,0.8392930630721884,0.3742297430797348,0.6863623455281678,0.5592525054476531,0.8682303254594556,0.9414582284814823,0.804647944817535,0.7745780568529601,0.7921369220339984,0.8561690587937525,0.12305051412590551,0.6584834688849037,0.8178422485024099,0.7313982749191243,0.7595430325708611,0.3144956471447167,0.6070918225297202,0.5582188236770933,0.7413572946142848,0.8259589899732049,0.7094464474964486,0.5819400048251117,0.8826723723783978,0.6428915521223315,0.9539955032190779,0.8601778526419883,0.6032687312310583,0.6870595655698053,0.8182087630929484,0.8046479448175343,0.7667375428754112,0.8606349592567033,0.7365058536917068,0.8392930630721882,0.9721780177319008,0.8536240445709695,0.8046479448175343,0.7576462727878208,0.7861013304270676,0.892619427727178,0.6561757451616914,0.5467385788382164,0.7469245461158658,0.7981619927363149,0.3129489184121961,0.34204482382354273,0.8047231998460553,0.707435563423396,0.41439338320900787,0.7575505983588419,0.7377105435989961,0.4498196829889203,0.6997275203797987,0.5779947369801497,0.8550872530468148,0.1666112975205094,0.6878443081738386,0.1322270370714851,0.7860990203693252,0.8259696831286127,0.8932623949501519,0.5592525054476531,0.12348205309715754,0.0925869536516184,0.30291310608258426,0.8046479448175343,0.37213138549003577,0.7298411853861237,0.7312476454124122,0.9104237341339552,0.8320351042588818,0.3651365050240384,0.8046479448175343,0.8046479448175343,0.6424948870402412,0.5752600852377598,0.5260696113471544,0.8046479448175361,0.882672372378398,0.8046479448175352,0.7217921240444714,0.6046557592352861,0.24206529536881638,0.8046479448175352,0.7067253643153952,0.7631344888106661,0.354844398955505,0.2624863615884555,0.8046479448175343,0.542985861107518,0.6786363352947036,0.12531922383739846,0.20015952820640914,0.7268318068198698,0.5830479486857767,0.8178422485024102,0.0542907724940499,0.8046479448175343,0.23277269895143982,0.7365058536917068,0.6862483177189583,0.7399488917335784,0.777991256212438,0.35059022658376526,0.7801896825720747,0.8046479448175343,0.709086648124414,0.6166629406066033,0.8046479448175343,0.9916779981174831,0.5260719555149547,0.5874639993882762,0.28959420500302424,0.024549464768763407,0.8046479448175343,0.9083988795967213,0.5451147216181541,0.8971967889242582,0.6423945844457248,0.4888057421365619,0.5422037725136746,0.5481601624110979,0.6165299238658495,0.8178422485024104,0.6584834688849035,0.4339965518122775,0.8446470987747128,0.2996937696710116,0.7151600296502918,0.5025831158268699,0.9370492736274891,0.8247446089328487,0.7584416088295451,0.8046479448175343,0.9074031733450509,0.7713403432775132,0.5269497148738446,0.7901861313814595,0.8051716883851694,0.792136922033998,0.6429472199541535,0.9578857215259218,0.8190550279834294,0.8667378392683933,0.8046479448175352,0.7743984544652451,0.5788359465919104,0.6469780455896765,0.7861013304270681,0.25297783554803444,0.8320351042588822,0.824935621607168,0.844647098774713,0.5473150220434364,0.8351514675648022,0.8826723723783978,0.6602642006133121,0.6846336149529366,0.8341893103438704,0.7639813134603206,0.8351514675648024,0.6593411622267495,0.9998167427047309,0.9176223674647048,0.9082449402656072,0.936201417034314,0.9057479011130323,0.7145783482020327,0.8391969927171948,0.6364591097677352,0.4101670320653874,0.48287827942145334,0.7025500171897874,0.9697938201485223,0.6329801756272312,0.6263902198448115,0.742242411973085,0.7766053888926342,0.8215465550615189,0.3109724331268988,0.8391969927171947,0.4429885996942676,0.7085382367509918,0.674083611292116,0.5615077430925131,0.8178422485024102,0.9545453231713141,0.5294836018869615,0.8536234582687046,0.812972272949605,0.9904316612456553,0.7103663094737289,0.5712933423086968,0.9298530872602186,0.8097278161260719,0.8123411346234961,0.7860990203693254,0.8924353423190239,0.8201563855634991,0.7115556025011189,0.3417403361510416,0.6650721558487986,0.798315321686256,0.798315321686256,0.5229626738903963,0.8195735037535306,0.8123411346234963,0.5208136219510118,0.8046479448175343,0.8318841922523381,0.8046479448175343,0.8046479448175343,0.0721871623211855,0.9601498173406833,0.687844308173839,0.8046479448175343,0.34634473438087965,0.1822621176418916,0.7852601739808579,0.7537428945630975,0.5577816044539001,0.3150217290550201,0.8836881796856741,0.9212967606275129,0.18052279243044766,0.9380042027254338,0.9049470368799242,0.9298530872602186,0.616240633655625,0.5839853995363313,0.5182109376202284,0.7115556025011194,0.9636229404256603,0.8310095946739624,0.7582413613815631,0.8645404905882981,0.6486434204377416,0.8178422485024104,0.7659716913059667,0.7567523194950926,0.9200918748969287,0.8215465550615186,0.3696089316424295,0.7268318068198698,0.5190939776448766,0.6702414832482122,0.9637137500339057,0.7878796807258952,0.8831627867342267,0.8111507091583436,0.9446500991346563,0.32200657041981884,0.4101670320653872,0.8875935086546558,0.6389688044999056,0.9252377228347941,0.688600460199729,0.5756271157503678,0.7983153216862562,0.21078078065483752,0.7164349741463436,0.8550872530468148,0.2533002155572285,0.384138633571375,0.6361305481684106,0.31797004147487007,0.7631344888106666,0.6462174217286207,0.7688946298067314,0.8046479448175343,0.8247446089328487,0.7595430325708612,0.7969095271386525,0.5346208703865418,0.7087410003256686,0.8310095946739628,0.8197140493637296,0.3505902265837655,0.7522449239219364,0.0,0.8826723723783978,0.20610056804776322,0.9372187153886653,0.330396749798088,0.792136922033998,0.9595208464736602,0.7926724310079809,0.8408484553252291,0.7469245461158658,0.7304696052969606,0.6807752254570429,0.2839888222160194,0.3141282819851079,0.6878443081738388,0.4536626027408449,0.4662617278010912,0.6160845695261368,0.847010806958058,0.8282616633751725,0.7779912562124383,0.5607439286170861,0.7032284805117286,0.7192774299141695,0.8259696831286127,0.27706788444916053,0.3884760426343563,0.9301516024075414,0.5127952983854065,0.848537845460002,0.796823182403454,0.7160910441036661,0.7862828222369784,0.9456889313260857,0.7319301427427174,0.771584456629836,0.8693550472934325,0.7932215472647894,0.786869256678393,0.856169058793752,0.8550872530468148,0.8046479448175343,0.8334514016368576,0.4962869142575421,0.4323780119839603,0.6925032946421634,0.8046479448175361,0.5819070653309419,0.36256988339852225,0.5190939776448761,0.7019415513043823,0.6300701788685341,0.583866216723897,0.49529082137764024,0.9309744657437687,0.7423177204080658,0.9136955178539878,0.47410611353452425,0.6730385929988545,0.8318841922523381,0.6257921960550905,0.9389754401252532,0.8785004132365171,0.6740836112921158,0.8926194277271777,0.7967531810931707,0.7921369220339984,0.8550872530468148,0.7743984544652451,0.7688775090217483,0.8331081253920931,0.509532248487973,0.555177066528433,0.7861013304270678,0.7399891659895366,0.7327466599103805,0.3274469493980816,0.19692630114376153,0.8259696831286127,0.8247446089328494,0.8123411346234959,0.8259696831286127,0.798315321686256,0.9483404312822905,0.8046479448175343,0.7677850373097674,0.9550635896140871,0.8046479448175343,0.746924546115866,0.5797418466907689,0.9223215509727927,0.8178422485024104,0.8088965260521,0.7486442537389223,0.8259696831286127,0.3874926792102722,0.3005051622151197,0.6702414832482126,0.1990288960471388,0.8046479448175343,0.64302264196925,0.8178422485024099,0.746924546115866,0.31099363262759183,0.6823595529017215,0.8392930630721882,0.8111507091583436,0.700969066042485,0.9334955908991813,0.8047231998460558,0.8046479448175345,0.9705544451287622,0.7168077193433278,0.8134283037091103,0.665198788537779,0.8667378392683935,0.9074031733450509,0.7313982749191235,0.8178422485024104,0.6950294665767225,0.24355973710717937,0.8046479448175343,0.8900284865412091,0.5916569382413257,0.796373538838542,0.4531820305357648,0.7860990203693252,0.7687161165969227,0.277589345086908,0.792136922033998,0.4446144888895116,0.0929989742974131,0.8046479448175343,0.8046479448175343,0.9629892554774278,0.5668423744718672,0.6257921960550903,0.5001862695483956,0.24738912913477284,0.5261579053491006,0.3843081297625579,0.06116739902729562,0.7416798046836628,0.24126576908093433,0.8046479448175343,0.9972549462618527,0.8247446089328487,0.8071231748299155,0.35059022658376526,0.8392930630721882,0.33917617150596713,0.8046479448175343,0.8046479448175343,0.14803434323750897,0.8331081253920931,0.11612565187535462,0.7631344888106666,0.46354906260323636,0.6130631660228905,0.930879624339378,0.6786591158546051,0.2037601274982902,0.43886229203657257,0.8046479448175361,0.6740836112921156,0.06629995467072802,0.840497711631859,0.8882664958363614,0.9353309391423531,0.8685119822894809,0.8342756330356822,0.6832226306729527,0.7486442537389222,0.48532743526436617,0.8046479448175343,0.11282842586669917,0.8725568835571216,0.5177904987068875,0.5391647781163365,0.49628691425754257,0.6997275203797978,0.5133479332485279,0.4913387638223339,0.8088965260520998,0.8041305304380187,0.33614026950243026,0.8465113800722809,0.8470108069580577,0.8811964211537184,0.9558634050700896,0.14189744010948768,0.7981619927363149,0.8259696831286127,0.523714826753883,0.7208286976677374,0.8223190282104389,0.8322525541058988,0.8071231748299156,0.7482013197512771,0.8821875241906421,0.8821875241906417,0.6257921960550903,0.9781697238107209,0.5324624169790052,0.7684493465640945,0.8470108069580577,0.8111458079800902,0.7567523194950929,0.4440557577296813,0.8570458956727547,0.731560533793679,0.8271399046074277,0.7423629317438664,0.9247262685800159,0.6100387759594199,0.9104237341339552,0.5732490926618224,0.6211332637892071,0.8046479448175343,0.583866216723897,0.9107502494368844,0.4501091286839217,0.7963735388385417,0.7676870022298568,0.7085382367509923,0.6074160824471877,0.8046479448175343,0.19733214099411223,0.25330021555722837,0.9127396931759197,0.018497406504601854,0.11282842586669906,0.04252911113804103,0.8561690587937523,0.32822378688044307,0.9807114067022622,0.833221384675453,0.2639948026509088,0.7522449239219364,0.39678418908158486,0.8550872530468148,0.8215465550615189,0.804647944817535,0.8205107558636056,0.8177578387867972,0.18786346411661126,0.894183925428363,0.3211691338585174,0.9107502494368845,0.8259696831286127,0.3085028628574319,0.46626172780109143,0.6165299238658497,0.22298957448590007,0.2109225867637411,0.8046479448175343,0.1252895734755799,0.4881125995385531,0.7019415513043818,0.8046479448175343,0.2063816947332765,0.9339021087734336,0.8392930630721882,0.7753454676351303,0.8259696831286127,0.4747624236255681,0.7370360230001745,0.8309993732337646,0.8751887159614389,0.9446823772268964,0.8215465550615186,0.29305137859022445,0.8046479448175343,0.9015097943883446,0.8046479448175343,0.7861013304270679,0.6016955408537843,0.40794694066107984,0.8071231748299155,0.7878254648102048,0.7195621559276852,0.581530720166936,0.7217921240444727,0.8046479448175343,0.6638306545285577,0.35965277834997855,0.6244530520610192,0.8134283037091103,0.6740836112921171,0.8561690587937525,0.7115556025011194,0.6096555905324632,0.9033645881484775,0.4516349524704243,0.2231847756736567,0.9033645881484775,0.7019415513043823,0.8247446089328494,0.574360979007805,0.9033645881484775,0.8071231748299155,0.9558634050700898,0.8073382586859535,0.574360979007805,0.798315321686256,0.649868475541413,0.7696135968297468,0.6338741157136905,0.6740836112921167,0.9012469203801523,0.5785318359532878,0.685674668974078,0.7592148952360362,0.7807579790798047,0.7437264731295308,0.7019415513043825,0.6381776489733235,0.5172511378444817,0.9618132265984272,0.647383176325032,0.7745780568529606,0.7779912562124376,0.8481713308694636,0.7625902266578259,0.9248917576934461,0.8596071490702748,0.721366397749031,0.6888606362980179,0.8247446089328487,0.8318841922523381,0.9698028099477375,0.6432347595058656,0.7230837528996052,0.7677080359629576,0.7115556025011194,0.8996282782550277,0.8753385904334068,0.7101878030548369,0.8046479448175345,0.613414488701977,0.6620703534205159,0.7376965360741818,0.5236583113295281,0.9370946393212549,0.8318841922523379,0.8218815094268439,0.9282429596025827,0.6712287575866582,0.8910674773860092,0.7370907891898208,0.8754469653497496,0.9538443699954606,0.9205413462469365,0.7687161165969227,0.9360077253802204,0.8812784060133265,0.8509714101957344,0.7554315909219813,0.8481713308694636,0.840497711631859,0.4339965518122775,0.6291425998208923,0.8785004132365173,0.9352677869872579,0.3829650129320229,0.783132835178082,0.8459731339328611,0.8459731339328611,0.37070761855626755,0.8149916982575087,0.6425666791409204,0.8481713308694638,0.3738916344175893,0.7469245461158658,0.8645404905882983,0.4831223027579238,0.8977903661202704,0.8698447141053749,0.8320351042588818,0.7457577107853592,0.8542114406999303,0.9278745413119032,0.8318841922523381
p209_C,0.8747790258604977,0.9540615556502023,0.6775937591229136,0.9393074128728374,0.9602211523225768,0.9704919301607371,0.9017356045997869,0.8757769776139177,0.9246724996449087,0.9688473520249223,0.9529044812989522,0.9589316626844853,0.9589316626844853,0.9393074128728374,0.9299882837258,0.9586895913852924,0.9564441004788364,0.6730915242232989,0.967275815149292,0.9688473520249223,0.734680628947491,0.9517679141853161,0.9495505106234363,0.9615452872130625,0.9506503681784948,0.9463456194504822,0.9564441004788367,0.9345618542101832,0.9688473520249223,0.8593316921459322,0.9412650880954545,0.9643133649175288,0.5262238990709431,0.9364368411420325,0.9602211523225768,0.9672758151492922,0.9615452872130625,0.9552408029353749,0.9704919301607371,0.945305581259918,0.7942849631106608,0.9881161094061224,0.9704919301607371,0.9317998283510542,0.9564441004788364,0.7772612928045097,0.9629078616894176,0.969838217389702,0.945305581259918,0.9152641503417582,0.9643133649175288,0.7737627606230963,0.9463456194504822,0.9540615556502026,0.9706827259226706,0.9442782351269046,0.9442782351269043,0.9602211523225772,0.9550326616655347,0.8088256562415743,0.9264265757108796,0.8677629859955869,0.9463456194504827,0.6046145530539164,0.9657671730030435,0.8625107065618562,0.9643133649175288,0.9260856807199045,0.8625009993910636,0.967275815149292,0.9383422423783938,0.9453055812599183,0.9602211523225768,0.8642723367835956,0.9602211523225772,0.7374969182837696,0.9517679141853161,0.9529044812989522,0.8979763176038495,0.9704919301607371,0.952904481298952,0.8547169780516901,0.9422586572762628,0.6730915242232991,0.9602211523225772,0.9354957453078971,0.9517679141853161,0.8826723723783978,0.9456023969539064,0.9589316626844857,0.9602211523225772,0.915264150341758,0.8747637690899399,0.8863615183906013,0.9422586572762628,0.922070035360952,0.9135864513673664,0.6905052205881448,0.8951434532159674,0.8580546626695638,0.8098030425665014,0.9629078616894176,0.9602211523225768,0.9937326311666264,0.898712760153867,0.9672758151492922,0.9273099638694318,0.8767715147934851,0.9812882646010125,0.9759727047473505,0.9028202028772294,0.9473991727811977,0.8846162930362214,0.929090574034799,0.9629078616894176,0.8303000077421618,0.9540615556502021,0.9342541377090322,0.9704919301607373,0.888842892389224,0.9842981000157078,0.9102521474185266,0.9506503681784948,0.9412650880954538,0.9463456194504829,0.8373542339687652,0.9615452872130625,0.9308487984769921,0.9589316626844853,0.9872125588573133,0.9415831046189616,0.9629078616894176,0.9643133649175288,0.9704919301607371,0.9564441004788367,0.7806799850349808,0.9052897938321482,0.9643133649175288,0.9643133649175286,0.9576735770276552,0.7963735388385422,0.9688473520249223,0.7734176444139376,0.8995337970065294,0.911916104177739,0.9299882837258004,0.9161060738860443,0.8763243374738703,0.9453055812599183,0.8461628292403137,0.9688473520249221,0.9264265757108796,0.8871895921957205,0.7080237109667484,0.9643133649175286,0.945305581259918,0.9177967406513874,0.6960926188678569,0.8880166939342053,0.9102521474185266,0.8846162930362216,0.9629078616894173,0.8547169780516901,0.8451155112420425,0.8000147211553106,0.9887119198512566,0.8913167644457045,0.6520321555681026,0.9980151413438716,0.8788539781850344,0.9393074128728374,0.9589316626844855,0.9442782351269041,0.8763243374738705,0.9628564332129779,0.9466283176716463,0.9672758151492922,0.9395982191649279,0.9373855340691761,0.8253518424982006,0.930891276111959,0.9095288973036573,0.9442782351269046,0.9589316626844853,0.9289368665380613,0.8855324042412527,0.888842892389224,0.9229339640663332,0.9540615556502025,0.940281523787128,0.9576735770276548,0.9246724996449087,0.8125986986748958,0.8707511192158015,0.9264265757108796,0.9602211523225772,0.9615452872130625,0.9576735770276548,0.969838217389702,0.7951738539477908,0.9152641503417578,0.9589316626844853,0.9602211523225772,0.7378981123653838,0.8707511192158015,0.9688473520249223,0.9602211523225772,0.9433354585651037,0.9336347991328919,0.9110833848585063,0.9270340353108135,0.9255474930154991,0.9589316626844853,0.9602211523225772,0.9260856807199045,0.9602211523225771,0.852599270700573,0.7904943185503797,0.7581058089268606,0.9602211523225772,0.8913167644457045,0.9602211523225772,0.9153312408587586,0.9223125238854549,0.9345618542101832,0.7212075690335051,0.9629078616894173,0.8561165010554981,0.9576735770276552,0.9495505106234363,0.9517679141853164,0.9264265757108794,0.9501362322562138,0.8974625884738571,0.9643133649175286,0.9686270243184089,0.959385510350397,0.7366751851754321,0.9870066061767572,0.9336347991328917,0.9336347991328917,0.9676769377237682,0.9102521474185266,0.9576735770276548,0.9602211523225772,0.9238013891436976,0.9602211523225772,0.8507520507155972,0.9336347991328913,0.9448229719109481,0.9432628256129658,0.8561165010554981,0.9615452872130625,0.9327142329596734,0.9506503681784948,0.9928483866263513,0.952904481298952,0.930848798476992,0.9629078616894176,0.9773020800644381,0.8130832494923951,0.8780124908814331,0.9589316626844857,0.9657671730030437,0.8407776471276049,0.9704919301607371,0.9064142711340988,0.8694930837030934,0.9236313915934429,0.7742035677576434,0.9019980934674428,0.9643133649175288,0.8813688685160492,0.8412722731891724,0.8614494698822027,0.9672758151492922,0.9026728454973323,0.9612305818481927,0.948467140918744,0.9229339640663334,0.9672758151492922,0.8470578226094765,0.8544317135025308,0.9657671730030435,0.7501042415003538,0.9393074128728371,0.9629078616894176,0.9528294452685607,0.8846162930362216,0.8088256562415745,0.9629078616894176,0.9629078616894176,0.8380544030567043,0.967275815149292,0.9488084494751812,0.8863615183906011,0.6965730689929316,0.8780124908814331,0.967275815149292,0.9602211523225768,0.945305581259918,0.9576735770276548,0.9643133649175288,0.8807174319218227,0.9203519494821841,0.9629078616894176,0.6801319510924899,0.934561854210183,0.9286501757717067,0.9801145305445413,0.9094222802137257,0.9110812357914195,0.9081907452271052,0.8693099439896514,0.900354975895883,0.9688473520249221,0.9246724996449087,0.9688473520249221,0.9364368411420321,0.9336347991328915,0.9801145305445413,0.9629078616894176,0.9602211523225772,0.9643133649175284,0.9723047356695365,0.9463456194504827,0.9672758151492922,0.9657671730030437,0.9589316626844853,0.9602211523225772,0.9506503681784948,0.967275815149292,0.9704919301607371,0.9155191956957985,0.8112177502271443,0.948467140918744,0.9643133649175288,0.8694930837030934,0.8041277175025953,0.9812882646010125,0.9552408029353752,0.9878873607719469,0.9629078616894176,0.9364368411420327,0.8245281024001674,0.9540615556502026,0.9299882837258,0.9704919301607371,0.8517526482728699,0.9364368411420321,0.8614494698822028,0.9564441004788367,0.9589316626844857,0.9950331250804818,0.9102521474185266,0.8488894389623107,0.8855843507261232,0.8166721374016904,0.9602211523225772,0.8855324042412527,0.9354957453078971,0.9934000968343186,0.9354957453078971,0.9688473520249221,0.8788539781850344,0.9602211523225772,0.9602211523225772,0.9453055812599183,0.9246724996449087,0.9532573045342178,0.9602211523225771,0.9688473520249221,0.960221152322577,0.9393074128728373,0.6597708073892234,0.8707511192158015,0.9602211523225768,0.940281523787128,0.9517679141853161,0.7997152688655997,0.8283225054804628,0.9602211523225772,0.7080237109667485,0.9345618542101832,0.8603930719852719,0.8625009993910635,0.940281523787128,0.8978917837274154,0.9629078616894176,0.8757769776139177,0.9602211523225772,0.8392345523720047,0.9463456194504829,0.9289368665380613,0.8026706973086157,0.9615452872130625,0.8011999848286618,0.9552408029353749,0.9602211523225772,0.9186457666042604,0.8826723723783978,0.9602211523225772,0.940281523787128,0.8747790258604977,0.7856666729249,0.8206465546456463,0.8807174319218227,0.9602211523225772,0.8550340249592372,0.8871895921957205,0.7509561835971417,0.8838707840618656,0.8553425819761742,0.9273099638694315,0.9281978840490726,0.9186457666042604,0.9629078616894176,0.9203519494821841,0.9110833848585063,0.8500641175728523,0.8847021819311649,0.9011763798631673,0.7333181087465823,0.9495505106234363,0.9643133649175286,0.9463456194504829,0.9602211523225772,0.967275815149292,0.7401565920500728,0.9612634641352691,0.952904481298952,0.9432628256129656,0.9576735770276552,0.9091001188794083,0.9615452872130625,0.9576735770276552,0.952904481298952,0.9602211523225768,0.9540615556502023,0.7134376329597008,0.9246724996449087,0.9342541377090322,0.8796938264815499,0.9688473520249221,0.9540615556502021,0.9495505106234363,0.9864581638200873,0.9517679141853159,0.9688473520249221,0.8368665707797878,0.934561854210183,0.915264150341758,0.9881161094061224,0.631758510040935,0.9306885712787862,0.9629078616894176,0.9364368411420323,0.9212094218042228,0.844560615599518,0.948467140918744,0.9365377706532191,0.976238170109926,0.9412650880954545,0.8746288432976694,0.9309964228987552,0.925547493015499,0.9564441004788364,0.962304331780133,0.9144243194673916,0.9393074128728374,0.948467140918744,0.9495505106234363,0.818007632441197,0.976238170109926,0.7701802816584327,0.948467140918744,0.9336347991328915,0.8383410681534742,0.9629078616894176,0.856339104319422,0.8125986986748958,0.9902416640337586,0.9212094218042226,0.9672758151492922,0.8884740070227131,0.9152641503417582,0.9657671730030437,0.934561854210183,0.9564441004788364,0.9564441004788367,0.9643133649175288,0.9672758151492922,0.9412650880954538,0.808419611114346,0.6482139983317168,0.9611058687776598,0.9589316626844853,0.8616255760827238,0.9223125238854548,0.9564441004788369,0.8541379571354053,0.9602211523225772,0.9657671730030437,0.9602211523225772,0.9602211523225772,0.8941961293283134,0.9495505106234363,0.9364368411420321,0.9602211523225772,0.8865499284062763,0.9101481973477734,0.9336347991328916,0.8847021819311653,0.7080237109667487,0.8308063456911842,0.9246724996449087,0.9238013891436976,0.9120142963323281,0.9552408029353749,0.9110833848585063,0.9657671730030437,0.9354957453078976,0.8614494698822022,0.8871895921957207,0.9412650880954541,0.9552408029353749,0.957673577027655,0.9566567051397379,0.9657671730030437,0.9186457666042604,0.9629078616894176,0.9698382173897018,0.9517679141853161,0.9473991727811977,0.9495505106234363,0.8813688685160488,0.940281523787128,0.9264265757108796,0.9495505106234363,0.9373855340691764,0.9629078616894176,0.9517679141853166,0.9615452872130625,0.9327142329596736,0.8880166939342053,0.7889020793904019,0.9448229719109481,0.7608272336763198,0.9564441004788369,0.8271928774348511,0.818261505531993,0.9589316626844853,0.8603930719852722,0.9980151413438716,0.9704919301607371,0.8308063456911841,0.8796938264815501,0.9238013891436976,0.7976242880027451,0.9517679141853164,0.9273099638694318,0.9937644771816392,0.9602211523225772,0.9643133649175286,0.9345618542101835,0.9602211523225768,0.8714910313665704,0.9788198231857259,0.957673577027655,0.9422586572762626,0.8677629859955869,0.9495505106234363,0.8826723723783978,0.0,0.8383410681534742,0.952904481298952,0.8954284206508369,0.9576735770276552,0.9552408029353747,0.860737476487488,0.9872125588573131,0.948467140918744,0.818632692178674,0.9486844371905534,0.8258023149199938,0.892962784146768,0.9364368411420321,0.9851094454818563,0.8714910313665702,0.9412650880954538,0.9688473520249223,0.9506503681784948,0.9615452872130625,0.7531912628431041,0.9238013891436974,0.9161060738860443,0.9589316626844857,0.8404071783150315,0.8997028191022892,0.9704919301607371,0.9476534130774978,0.9629078616894176,0.9354957453078971,0.934561854210183,0.6656925203427219,0.9326762742692681,0.9412650880954541,0.9506503681784948,0.6559488674953644,0.40937938138094365,0.9589316626844853,0.9643133649175286,0.9704919301607371,0.9602211523225772,0.9918036979367357,0.8648060867997129,0.8488894389623107,0.8945707776353962,0.9602211523225771,0.9617399238151184,0.9190463040236205,0.9761261745674081,0.9393074128728374,0.781993351913499,0.9490218194797998,0.906939828196573,0.8676894911065123,0.8749951932053412,0.9264265757108794,0.8830381436111516,0.8158085352345761,0.9657671730030437,0.9238013891436976,0.9442782351269043,0.9629078616894176,0.9336347991328915,0.9704919301607371,0.9432628256129656,0.9576735770276548,0.9704919301607371,0.9540615556502023,0.9942420842964472,0.9602211523225768,0.8607797817251746,0.6995182600133582,0.9342541377090323,0.960221152322577,0.9517679141853164,0.8539459738780024,0.8807174319218227,0.9589316626844857,0.9643133649175288,0.9564441004788369,0.9589316626844857,0.9589316626844857,0.9918036979367358,0.9602211523225772,0.9564441004788367,0.9273099638694318,0.9602211523225772,0.948467140918744,0.9144243194673916,0.9672758151492922,0.9629078616894176,0.9657671730030437,0.9615452872130625,0.9589316626844857,0.8404071783150314,0.888842892389224,0.9495505106234363,0.8754775406461839,0.9602211523225772,0.9273099638694315,0.9629078616894176,0.8547169780516901,0.8383410681534742,0.9281978840490726,0.9672758151492922,0.9615452872130625,0.9506503681784948,0.9336347991328915,0.9506503681784948,0.9602211523225768,0.9336347991328915,0.9383422423783938,0.9412650880954538,0.873778180084144,0.952904481298952,0.9672758151492922,0.9453055812599183,0.9629078616894176,0.9273099638694315,0.8763243374738703,0.9602211523225772,0.9602211523225768,0.7052416401070678,0.9688473520249223,0.7920701087559866,0.9564441004788367,0.952904481298952,0.8989178714642769,0.9576735770276552,0.8717637084158273,0.866660652018552,0.9602211523225772,0.9602211523225772,0.9327142329596738,0.8677629859955871,0.9238013891436974,0.7951128469173039,0.8788539781850344,0.8206465546456463,0.7889020793904018,0.8787507296974193,0.9473991727811977,0.853517301351858,0.9602211523225772,0.9698382173897018,0.9643133649175286,0.9704919301607371,0.8011999848286617,0.9672758151492922,0.904544878126226,0.9602211523225772,0.9602211523225772,0.8582652152099639,0.9602211523225768,0.8645898998275021,0.83999529792781,0.8778792578061447,0.6520321555681026,0.9961565139931364,0.9212094218042228,0.8703545592670818,0.8869754734301826,0.9602211523225771,0.9336347991328913,0.8932471373037338,0.9615452872130625,0.9672758151492922,0.9550108469657219,0.7925608625062863,0.9299882837258,0.9354957453078971,0.9615452872130625,0.7569142563213478,0.9602211523225772,0.9007974233889855,0.9354957453078971,0.9212094218042228,0.9759606379348817,0.8247082505369039,0.9540615556502021,0.925547493015499,0.8855324042412527,0.9657671730030437,0.8595751457553652,0.8921400493540421,0.9564441004788364,0.9688473520249221,0.9393074128728371,0.9463456194504825,0.8894326889463284,0.9643133649175286,0.9589316626844857,0.9028202028772292,0.9442782351269046,0.9872125588573131,0.9383422423783936,0.9704919301607371,0.9872125588573131,0.9704919301607371,0.9704919301607371,0.9238013891436976,0.9373855340691764,0.9186457666042604,0.9602211523225768,0.9688473520249221,0.9517679141853161,0.9517679141853161,0.8686292480608164,0.5262238990709445,0.9589316626844853,0.9442782351269046,0.9169502243571082,0.9615452872130623,0.863547772527368,0.9354957453078974,0.8475684917482702,0.871245081400511,0.9602211523225772,0.915264150341758,0.960221152322577,0.8707511192158015,0.9688473520249223,0.9881161094061224,0.9484671409187437,0.8871895921957205,0.9602211523225772,0.8826723723783978,0.8308063456911841,0.948467140918744,0.8836456641177746,0.9007974233889855,0.8894326889463284,0.9643133649175286,0.8970334570250014,0.8788539781850344,0.7951128469173041,0.8344672026399316,0.9495505106234363,0.8771692991060442,0.9704919301607371,0.9495505106234363,0.960221152322577,0.9203519494821844,0.8674131849162845,0.9110812357914193,0.9238013891436976,0.8258023149199937,0.960221152322577,0.9589316626844857,0.9138808918740069,0.7528949292727078,0.9186457666042604,0.8603930719852722,0.8415724373376192,0.9602211523225772,0.8697346212836399,0.7487632090815702,0.9393074128728371,0.9602211523225772,0.8746288432976692,0.9552408029353749,0.9672758151492922,0.9495505106234363,0.9589316626844857,0.7789803726503903,0.9902272378284807,0.9194974513125183,0.9942420842964469,0.9281978840490726,0.9495505106234363,0.8232442102979092,0.9602211523225772,0.9432628256129658,0.9602211523225772,0.9672758151492922,0.8694930837030939,0.9528733312996049,0.9704919301607371,0.9422586572762628,0.8344672026399327,0.9748350526392389,0.9393074128728374,0.9602211523225772,0.9054798572912146,0.8598463380089296,0.9597002712640403,0.9998220154184709,0.6913208827961588,0.9643133649175288,0.7052575329880983,0.9402815237871283,0.9345618542101835,0.9161060738860443,0.8415724373376192,0.9345618542101835,0.9393074128728374,0.9643133649175288,0.6965730689929316,0.9345618542101835,0.9704919301607371,0.9902272378284809,0.9615452872130625,0.9102521474185268,0.9589316626844853,0.9402815237871283,0.948467140918744,0.915264150341758,0.9056319216938431,0.9495505106234361,0.9857418255557409,0.9453055812599183,0.9589316626844853,0.9517679141853164,0.8525992707005732,0.9393074128728374,0.7882865126048723,0.9064142711340983,0.9308912761119588,0.6166989171896216,0.9453055812599183,0.9615452872130625,0.9629078616894176,0.9229339640663332,0.9456023969539064,0.9432628256129658,0.9432628256129658,0.9220700353609519,0.9643133649175286,0.9657671730030437,0.9011763798631671,0.9422586572762632,0.9356763192142938,0.9354957453078971,0.9412650880954541,0.8847021819311651,0.9506503681784948,0.9402815237871287,0.960221152322577,0.9092150805000692,0.7160728403105019,0.9317998283510545,0.9220700353609519,0.7737627606230963,0.9657671730030435,0.9364368411420321,0.9028202028772294,0.9463456194504822,0.9564441004788364,0.9422586572762628,0.9686270243184087,0.8995337970065294,0.834363136168697,0.952904481298952,0.8780124908814328,0.9589316626844853,0.9518158084907125,0.860737476487488,0.9493957255905625,0.9615452872130625,0.9110833848585063,0.9432628256129652,0.9629078616894176,0.9203519494821841,0.892962784146768,0.8633929371948175,0.957673577027655,0.957673577027655,0.8686292480608164,0.920322271728212,0.7851785317012707,0.9493957255905627,0.8896682568954877,0.948467140918744,0.9398072791970182,0.9161060738860443,0.9473991727811977,0.9615452872130625,0.9688473520249223,0.9102521474185268,0.9672758151492922,0.8580546626695638,0.9657671730030437
p209_F,0.6901527228717583,0.7407146531681736,0.6313001628391006,0.8612674490118694,0.8218581062145831,0.8174671235160886,0.9163171018380927,0.9996684958610937,0.6091066398010578,0.8383410681534733,0.7086735748955768,0.8143658865419072,0.7868860602652397,0.624563972841399,0.9562639755146328,0.8945906665941474,0.860951635172634,0.7988852253869213,0.9329331696757048,0.842730482859241,0.7435693924479627,0.7493512314697715,0.8715643646119262,0.8879341694171781,0.7181198450762898,0.7215739138624426,0.7305691741022133,0.7162524708753026,0.8427304828592407,0.8455916732321621,0.7761935588795268,0.846039188302693,0.9522391902169821,0.8414006636167939,0.8501386658515009,0.8652529232203942,0.7912862007463006,0.7231257403883,0.846875198060719,0.6831214510808625,0.6429761873951623,0.7270410672878278,0.9666483139263966,0.7904241934216818,0.8609516351726342,0.5484604791813922,0.8006907814269044,0.6120177657968158,0.6616678205445088,0.5602843470700183,0.9397175498317527,0.44210805423782906,0.7433712257147442,0.7616138489986313,0.8441044099353012,0.7186969447080922,0.8665932866893382,0.7935775465776653,0.8077029651213663,0.8184192001105327,0.6182089820298569,0.7056421862878886,0.9395470323854598,0.9525904672451101,0.7882404231802296,0.6493713520146764,0.8416996066004401,0.5616353209025144,0.7463599998176784,0.8314127999927395,0.6185935604217513,0.6831214510808623,0.9632609043991707,0.32077934465642555,0.7935775465776653,0.5858386337016712,0.7493512314697708,0.7817258830088827,0.4943087281613914,0.8174671235160889,0.9747664232800968,0.8615916205494814,0.9712271639524975,0.9831416560900628,0.7935775465776653,0.6009855196040681,0.9163302989466369,0.8311269793333571,0.8209540021096098,0.814365886541907,0.7935775465776653,0.5224750007114819,0.5738532896713227,0.6368483552160158,0.7619419879604312,0.6776816387464539,0.48081644245709787,0.6221191601464439,0.3675668094876041,0.3876133375551474,0.7820810912714834,0.7705531152105058,0.7539334992316538,0.6486805682612294,0.8090214167637935,0.7975726767650831,0.5503493973374869,0.3715160443433212,0.7439123385701871,0.32994934705806456,0.4562840962284488,0.940547576098011,0.5719071115076906,0.6665730755098287,0.7705531152105066,0.48360230256939785,0.8900161025181322,0.83018596773071,0.8174671235160884,0.4635317734663382,0.8986732316179211,0.5949632756823303,0.71811984507629,0.9988990117681966,0.8424798490915247,0.5416267687042633,0.7621244162157078,0.7484827862276167,0.9657955032447522,0.8581515720886295,0.4829168880481778,0.800690781426904,0.7792473655810666,0.8468751980607188,0.7566456663162976,0.6276209593906352,0.712345878745122,0.8104734860907536,0.8104734860907531,0.7803575371163456,0.48256951023540173,0.8072939885273205,0.5242548335981807,0.5055092331807785,0.6524817182218239,0.6366915814449021,0.721096420025702,0.3711225064186001,0.7161768939012279,0.40721493947434173,0.80729398852732,0.6352886991467797,0.7299140512386932,0.9875629558825321,0.9041518476198137,0.7376305244375818,0.5548965802396774,0.7842370006347021,0.7272896774890669,0.7150682304408063,0.9001450432526388,0.8006907814269039,0.8164999142521172,0.3797892371185385,0.662675900906085,0.6324269178883944,0.7213117034082113,0.7570446062872481,0.8275490149825355,0.5273484469261589,0.8020915799692516,0.7734367193080801,0.8587420782026345,0.8157585468023247,0.9108877827148381,0.6988290369539341,0.8652529232203945,0.7835094966648917,0.824424521943762,0.9028561050307847,0.9834290898439044,0.7304659335870833,0.866593286689338,0.7868860602652397,0.7648361440150777,0.3849249975402994,0.5307884142445531,0.6331655069870721,0.7616138489986313,0.7304874123361762,0.8873504071891778,0.777118199632054,0.48779749811994744,0.4253640451390259,0.9547980900470543,0.7935775465776653,0.8296106003559924,0.8986638526651575,0.6448497022716349,0.5855089271226136,0.6846559609301539,0.841845712818575,0.7935775465776653,0.5444941238644241,0.38888213840819397,0.8383410681534738,0.7935775465776653,0.7668572729535406,0.7292641966099436,0.6593578631337698,0.5797943886800486,0.5563851102535429,0.745956893031412,0.7935775465776653,0.7755072085579993,0.7935775465776653,0.6296182071578058,0.5396974390931721,0.5472926192890719,0.7935775465776653,0.70809555738427,0.7935775465776653,0.7442030702577013,0.8639598755370592,0.5952085972463199,0.5567778541287909,0.7705531152105055,0.28853692328944147,0.7803575371163454,0.779745368254578,0.7497115660996299,0.6815226161762763,0.594175131923004,0.7399982607969429,0.8104734860907538,0.8192726949707163,0.8031473783273153,0.8786867325002341,0.7430027187478733,0.9502139831448326,0.6556142677649803,0.7739774738301901,0.4598452015790454,0.833853972152762,0.7935775465776653,0.7045979131782365,0.7935775465776653,0.6795836114046683,0.626298925996633,0.8148130677930066,0.892948352524592,0.26427167049282174,0.8004488158253993,0.6508372181743511,0.7181198450762898,0.5123322931410254,0.8791289604932915,0.4767719580335603,0.8075195577599243,0.47729158921609205,0.9569915366157576,0.3929129674831713,0.814365886541907,0.9197078271225039,0.5616836009291764,0.846875198060719,0.678039170591382,0.7922338736284427,0.7713625815030494,0.7694588385072605,0.450941990725229,0.8460391883026932,0.580913983057715,0.6033091241653279,0.5952614480660484,0.7975726767650831,0.3047591867850479,0.851294753435655,0.7714082079547532,0.8871662872601567,0.7975726767650831,0.8465105380278557,0.41760939570171596,0.9829415896450739,0.7014521542471566,0.6837398418840162,0.770553115210506,0.682916295944271,0.25268283299068006,0.8184192001105327,0.7705531152105065,0.8308284476433015,0.17061051033090102,0.7975726767650843,0.49874455024489794,0.5435642797210614,0.5949632756823309,0.997570868279055,0.999386583868985,0.7539334992316536,0.7903896037626323,0.738174547555909,0.8729257271101272,0.2941447805003645,0.7322942778015189,0.7705531152105058,0.8118432342989866,0.8465165931225627,0.42684469419449955,0.6495679845086602,0.6344958422226241,0.8089076284800767,0.675516615085954,0.5609935312616217,0.48278847336805697,0.8781669771911613,0.7267147316827547,0.9136034715230821,0.854162190502287,0.6924392321874626,0.6139685416650971,0.8075195577599243,0.7935775465776653,0.8148130677930066,0.8453495041545117,0.6681013542731123,0.7975726767650831,0.982941589645074,0.8009165455847471,0.7935775465776653,0.8350693703705339,0.8301859677307095,0.8920577187212425,0.7261953772743694,0.6187407098952435,0.703770648508707,0.8148130677930066,0.3988965631674555,0.3097819981990051,0.7882895602528365,0.7677332599924074,0.3069824348078529,0.8075195577599243,0.7843186987641215,0.3840875576791496,0.761613848998631,0.6543891659249219,0.8174671235160886,0.26591494308004293,0.6258343310915974,0.25554790891336987,0.7305691741022129,0.7868860602652392,0.8913462519349621,0.5349107983030925,0.3017942604548358,0.2329820414437762,0.2585693588696176,0.7935775465776653,0.4857181406047324,0.7781547696602109,0.6896751404743007,0.8455666177726857,0.8383410681534735,0.4493456228938626,0.7935775465776653,0.7935775465776653,0.7161768939012272,0.6763112637334565,0.43895807520656993,0.7935775465776653,0.8781669771911612,0.753933499231654,0.6640145522031435,0.662675900906085,0.3767215028312496,0.8104946185054889,0.6305896894731013,0.7732053839664661,0.3266630309631543,0.32910990932556894,0.7935775465776653,0.5713661580944072,0.6324269178883948,0.2621995953310825,0.29740363585859386,0.7105078677635615,0.6482503179925723,0.8006907814269042,0.24442839984590092,0.7935775465776653,0.24992511250474536,0.7334932898300173,0.8188161969492032,0.7065586379140594,0.8296106003559924,0.3336851149910597,0.7231257403883,0.7935775465776653,0.7692973156624234,0.524741483605125,0.7935775465776653,0.9897989636472146,0.6657831259299858,0.5705321977737154,0.26600686447746114,0.2085003238821903,0.7935775465776653,0.7584939556003565,0.6284702857948536,0.9504913952342666,0.8100338432170029,0.6124268054064668,0.6400193034008557,0.6274007468567884,0.5286646787603793,0.7705531152105066,0.7484729511715567,0.5385893026274402,0.8486096155225892,0.4414338093451995,0.673280504312034,0.5280082536111632,0.7611596499586799,0.7792473655810663,0.7116959779777158,0.7935775465776653,0.8990930464480499,0.7713843065612117,0.6718570893279789,0.8043110376823828,0.7323079837512714,0.7803575371163458,0.8176213524362459,0.937095123399265,0.7803575371163458,0.8060766523799857,0.7539334992316539,0.7655982280598336,0.6033979799151015,0.6684436529256614,0.8301859677307095,0.38873428326802983,0.8383410681534744,0.8860317234569302,0.9174738627906006,0.680330006079052,0.797059536463161,0.8427304828592407,0.6897567313540316,0.7534707915173771,0.9733221009544724,0.9043271241487139,0.916330298946637,0.645326134080177,0.9815167787252906,0.8731895121198441,0.871113025179334,0.9614831597386122,0.8390457674007993,0.7866817181444059,0.8773633457956886,0.6952097578291017,0.507123891606754,0.5488898469614987,0.6241375746697742,0.9652576040289697,0.7883234149762008,0.6251537699711506,0.8231279160941705,0.7776747290716073,0.8300238972266918,0.2652189854275181,0.8530125764245868,0.47978805595244456,0.7551288759229253,0.663123890419114,0.6697939661515824,0.800690781426904,0.9006308435036714,0.6998460176960994,0.770310895259265,0.835568183383872,0.8640260909583646,0.7292905399862153,0.6846559609301537,0.9180412008234591,0.7626910401356544,0.7827221585303819,0.7566456663162979,0.9084914293220663,0.8301859677307102,0.6569198337674952,0.3304101231674368,0.7404966410612803,0.7734367193080798,0.745956893031412,0.48181646672556955,0.8467336776804284,0.8261304582583575,0.5055092331807782,0.7935775465776653,0.8206906175910372,0.7935775465776653,0.7935775465776653,0.26340991520879564,0.7382049008693425,0.6258343310915973,0.7935775465776653,0.33623520659737505,0.34057835861923413,0.8765640542998698,0.6974633250817115,0.5860685209618424,0.3415799925440942,0.8532563687397563,0.7546037556968201,0.34941751041272573,0.8950185098972305,0.9159910542097209,0.8223572438900817,0.7028990471467902,0.5103330632778789,0.45469937707477204,0.6366738835048891,0.9968467098210889,0.8338539721527618,0.6366423480485968,0.820690617591037,0.5446200879780427,0.7705531152105066,0.682095599994578,0.7735657185963247,0.8740653047751787,0.7567906191652408,0.5023056689618164,0.6505692340457165,0.6182089820298566,0.7382049008693428,0.9060767151173157,0.8075195577599243,0.7735657185963245,0.7912862007463008,0.875354062117113,0.44570776249003297,0.4557324939447084,0.846039188302693,0.6425031794178573,0.7739774738301917,0.8191637345137459,0.5576105069609412,0.8833560244147496,0.3835169991787786,0.6633454161597221,0.8174671235160885,0.1943832643617982,0.45390078424660585,0.6045862281410699,0.26818968279183075,0.7254970789730764,0.7261502926840111,0.7873624268598518,0.7935775465776653,0.7792473655810663,0.7720799518384156,0.8218581062145831,0.5722401432872419,0.773565718596325,0.8606021896709701,0.7454472155711289,0.19464038228143332,0.7567906191652414,0.20610056804776322,0.8383410681534742,0.0,0.7556094989401789,0.4573517528072124,0.7803575371163458,0.9522391902169816,0.7139021928874818,0.7551863014753166,0.7263165016573891,0.7020330230188523,0.7907660064270963,0.41500852167840874,0.4445569443566306,0.6638889743267125,0.37699099988331675,0.43638472919021365,0.6952097578291014,0.9136034715230819,0.8350693703705341,0.8296106003559929,0.5396974390931722,0.7546037556968199,0.5802976122399968,0.786886060265239,0.2925333337805409,0.3327362030888231,0.8920577187212426,0.639552672219613,0.8979325564091183,0.7138691033741993,0.6882543988515053,0.9183868189904003,0.8978100342989461,0.6569198337674954,0.8140820537467333,0.8131876446517083,0.9521812686065972,0.8418457128185746,0.8104734860907531,0.8547624211186657,0.7935775465776653,0.7462640555290077,0.4720725587486454,0.6210185389718461,0.6704252288358064,0.7935775465776653,0.5702306024942212,0.2871382414451056,0.6182089820298562,0.9401686077353596,0.6516424969425614,0.5224750007114817,0.6200038841966475,0.9468235661655803,0.7323079837512716,0.835240070228589,0.41940112071443236,0.6715077309199234,0.7882404231802299,0.5453144490430097,0.8665932866893381,0.8911037800760971,0.6078864437853924,0.8547624211186653,0.7680337979498792,0.7381745475559089,0.8174671235160886,0.7158310782765138,0.8243371889804108,0.782214058868571,0.6995986972624575,0.5890221084482973,0.8301859677307097,0.7935775465776653,0.7974198710930203,0.2772825088898242,0.3063797028743893,0.7868860602652392,0.8416996066004406,0.8000539660442736,0.7868860602652392,0.814365886541907,0.7082094122938927,0.7935775465776653,0.7739774738301901,0.7261502926840113,0.7935775465776653,0.6812247953600252,0.7642156528174695,0.8978662141860194,0.7705531152105066,0.854807438300889,0.8004488158253997,0.7868860602652392,0.3291092904398797,0.4366291171550527,0.7382049008693428,0.36669849872218574,0.7935775465776653,0.5503493973374871,0.7705531152105061,0.7714082079547532,0.4412067696835904,0.5905975798209433,0.7975726767650835,0.8204479852768937,0.767302243629036,0.9577236057989641,0.9286289906059295,0.7822140588685706,0.8213266076661476,0.6770405657460108,0.758149585080527,0.6142133942622714,0.8060766523799854,0.8990930464480494,0.6616678205445088,0.8308284476433021,0.6537065844772729,0.4098424562652223,0.7935775465776653,0.8670557377793239,0.6215560135399886,0.8383410681534738,0.45698098323617486,0.7305691741022133,0.7330243442666786,0.39913831518168497,0.7803575371163458,0.38199697579423697,0.22184816257176565,0.7935775465776653,0.7935775465776653,0.741954279656762,0.6749767316419597,0.6786633624258996,0.5623750848175397,0.4103442108777142,0.4887053979318221,0.430036795113685,0.23520568488201676,0.6746184908066818,0.38797618262955824,0.7935775465776653,0.9731690670198232,0.7792473655810663,0.846875198060719,0.30840425449840014,0.7975726767650831,0.5160357325929439,0.7935775465776653,0.7935775465776653,0.31181458539765305,0.782214058868571,0.3203850042832799,0.820913688959857,0.40114725227582837,0.6755671642214724,0.892948352524592,0.6918626526346272,0.3780899938657343,0.4740822407458496,0.7935775465776653,0.6078864437853919,0.25873606439931285,0.7912862007463007,0.8301859677307097,0.7348382134502263,0.9457911598658107,0.9729456865652863,0.6009855196040681,0.8004488158253997,0.5739082075418833,0.7935775465776653,0.29567499125139807,0.8079387565159754,0.5911358571865419,0.5252937324879372,0.47207255874864607,0.7616138489986315,0.6136472006476237,0.3716384462243585,0.8548074383008888,0.8561516064639803,0.4675524399366344,0.8782834426865263,0.8427304828592405,0.9217543644985329,0.765168537567047,0.31392029392562204,0.8148130677930066,0.786886060265239,0.6536283337970961,0.7742298827847796,0.7367738192640761,0.8553833916599138,0.846875198060719,0.6999488548415951,0.8841704956632959,0.8841704956632956,0.5453144490430097,0.7328275103708648,0.6256986327034517,0.7935775465776653,0.8072939885273199,0.7493512314697717,0.8212740235897154,0.31399898546334226,0.9522391902169821,0.7868860602652397,0.858742078202634,0.600523833612248,0.8296106003559922,0.5334160515488986,0.7217129777751454,0.4568319438539252,0.49694912568419214,0.7935775465776653,0.4758356455139311,0.9349803447622531,0.4375246807159705,0.8383410681534733,0.8378448528258815,0.7776747290716084,0.5160421635832086,0.7935775465776653,0.20610056804776367,0.21891605239218082,0.9805874074097449,0.2109855136633283,0.29567499125139807,0.23986440522168606,0.8104734860907531,0.31475203839119814,0.9043620964155887,0.8979035785140419,0.40895344785299703,0.7108811209865669,0.4601178405316769,0.8174671235160886,0.756790619165241,0.7822140588685712,0.74998817435727,0.8547504953716945,0.3450032048753666,0.8046095982154036,0.2672259005569074,0.8218581062145829,0.7868860602652392,0.44856240611184495,0.46355581200962015,0.7839512262429964,0.3956487395635482,0.33506339945735353,0.7935775465776653,0.21340300738291562,0.48836746887348337,0.6245639728413991,0.7935775465776653,0.36226535982823704,0.9013250902550526,0.7975726767650831,0.784114399048017,0.7868860602652394,0.6077016016619033,0.7869658494193491,0.7590680823162311,0.9722335309616565,0.8686426192244168,0.7797453682545785,0.2543325244649538,0.7935775465776653,0.8096719828081169,0.7935775465776653,0.83018596773071,0.4591564064619368,0.5299694125052477,0.846875198060719,0.8440437873718376,0.678121740081544,0.681399665063855,0.6442892625222713,0.7935775465776653,0.723533556550926,0.45953517945881917,0.5136006921222674,0.7986414856057398,0.9502139831448329,0.8416996066004407,0.9179152107177713,0.6901057950579899,0.8837349137646373,0.5646533002638092,0.24976981016115063,0.8837349137646373,0.6442892625222711,0.7792473655810673,0.6099763950271404,0.8837349137646373,0.846875198060719,0.8860744727961279,0.8587723848865854,0.4898714402686646,0.7734367193080796,0.7300648842032198,0.703770648508707,0.7468417678602215,0.6815363726303554,0.8070691481373542,0.6508372181743516,0.7590841549739353,0.814365886541907,0.8212740235897154,0.7405763086136483,0.6245639728413992,0.6556023258622672,0.6526625699164796,0.7307092157369333,0.72962009952268,0.7045750816172167,0.8296106003559922,0.8006907814269044,0.8481891854279704,0.9113807932864515,0.9345865373828295,0.7114888913221531,0.7597614799335008,0.8104734860907532,0.7882404231802299,0.8286872118004547,0.7208910882547281,0.6435971892571004,0.8345965615452764,0.6569198337674953,0.7991226919678671,0.8116794653116852,0.7700239733484495,0.7822140588685709,0.7190927692882987,0.7133185120655978,0.7404966410612803,0.628433734034225,0.8879215440824946,0.7882404231802296,0.8161075472671722,0.825903347340539,0.7433712257147442,0.8348751429585494,0.6838708660125739,0.8059310715267132,0.8454849556314388,0.9843187396308186,0.708673574895577,0.9635238446419383,0.855876198138082,0.9415725430142503,0.8495273256322068,0.8006907814269035,0.8204479852768936,0.5536853726907309,0.7055765206625222,0.8308284476433019,0.9764896015378001,0.5266396818004679,0.8943330687413953,0.791670982592325,0.7916709825923249,0.5209088285539298,0.8615916205494812,0.6453261340801772,0.9815167787252908,0.4544508396438558,0.7037706485087066,0.8206906175910372,0.5802976122399983,0.851904547667568,0.8496097698074865,0.8737775624853943,0.8495513085597197,0.8978662141860194,0.9913695507130933,0.7882404231802299
p209_GYTIMW,0.9505354826315566,0.9803079821283598,0.8718992107694512,0.7367761372283405,0.9470390403999662,0.9553906988562064,0.9273110661028667,0.9488859772255887,0.8861224347761871,0.952904481298952,0.9288025889967639,0.8422956254205759,0.9521906738117114,0.9082470012068007,0.9289045525716982,0.8943418469797415,0.9862951408967353,0.9188871236697294,0.9505286850464205,0.952904481298952,0.8668377479090335,0.9270843653068206,0.9696315366465988,0.9998238347481487,0.9253948970823005,0.9188871236697294,0.9341536654578784,0.9872968515533684,0.952904481298952,0.8293931832816235,0.9112065483416407,0.9290729285038278,0.9323345609629294,0.9039073680321514,0.9470390403999663,0.9141406930557711,0.9418654668890594,0.9323345609629297,0.9553906988562066,0.9602126215445626,0.9134708556523621,0.8136497493371052,0.8954610316630298,0.9948775608727722,0.9615633836644075,0.8455205739201661,0.995812608116145,0.9208637354012902,0.9173148291382112,0.9726705794236884,0.9460501530640812,0.8481878388280109,0.9188871236697294,0.9803079821283596,0.7622482528379295,0.9157617220296759,0.9157617220296759,0.9398636845831869,0.8864775309093422,0.9360123464869741,0.9912298756454647,0.9218833442529988,0.9188871236697298,0.8808870709207712,0.9482479709168006,0.9172372481692359,0.9290729285038274,0.9032620922382995,0.8487805033020415,0.9505286850464205,0.9067878891240293,0.9173148291382112,0.9470390403999659,0.9291015390756847,0.9398636845831869,0.8655788710295136,0.9775200810036837,0.9738158281847601,0.9843786859955982,0.9553906988562064,0.9288025889967637,0.9671761235857237,0.9127085925971725,0.9503578662718964,0.9398636845831869,0.9024846512059139,0.8821245273141879,0.9157487006041287,0.9051703150845354,0.9379142777971528,0.9398636845831869,0.9340712946921956,0.9264649662909465,0.9880854583596015,0.7999985225273285,0.9806621909815183,0.9000737693627723,0.8668377479090335,0.8899280894556626,0.991071331963573,0.999744732490999,0.9439253608596803,0.9398636845831869,0.979766516145911,0.8721714707818471,0.9505286850464207,0.8901096639134576,0.8740508966514446,0.8875271554498325,0.998934790274302,0.9392053703799945,0.9204798499326443,0.8601894085453341,0.9318887192162125,0.9439253608596805,0.9166846610215875,0.9201796832836568,0.9505286850464207,0.9553906988562064,0.8990763576434594,0.9227274608254377,0.8643222344048871,0.9721643839492675,0.9112065483416407,0.8196028562135226,0.9488235271982494,0.9418654668890594,0.7839924217909464,0.8972431496161436,0.6953434464265819,0.9910129560675494,0.9439253608596803,0.9460501530640812,0.597164492701501,0.9341536654578786,0.9751828268492605,0.8229602558754774,0.9915113877198729,0.9460501530640812,0.9894969760647814,0.8177269779326579,0.952904481298952,0.9422550297728733,0.8481185950649368,0.9579053211365331,0.9649333732985219,0.907855962911867,0.903085041902561,0.8681962088300323,0.8970063522544092,0.952904481298952,0.9404663323227446,0.9898255622888361,0.8887130191001584,0.9290729285038272,0.9173148291382116,0.9074182392409518,0.898279654991218,0.9647644647815445,0.8643222344048871,0.9925088224207315,0.9439253608596803,0.9877421208411418,0.8427180104423653,0.9104226084898324,0.9010728262563201,0.8111575085641975,0.9134708556523616,0.9947922739901722,0.8712020127619848,0.9476888747140071,0.9379142777971528,0.9157617220296759,0.85146983493514,0.8800862405182626,0.9424925414484728,0.9818060040046751,0.9283617007568916,0.982324224352259,0.9533082645638474,0.8955237705353787,0.9902227259458327,0.9574979597513362,0.9521906738117116,0.9779073018976214,0.9332207176112415,0.9528697966450939,0.9511394955727167,0.9305518148343679,0.9704295576642358,0.9570183943574118,0.9459030817608802,0.864291769268863,0.8355187037786177,0.7014030602114782,0.9398636845831869,0.8248917396597724,0.9360123464869741,0.986513117812751,0.9071929577602142,0.9726705794236881,0.9928618019927207,0.9398636845831869,0.8722658915735431,0.8355187037786174,0.9762381701099259,0.9398636845831869,0.9295590647145762,0.8996713357710029,0.9259498258317267,0.9548013134439126,0.8874452201355857,0.9379142777971528,0.9398636845831869,0.8498059195018675,0.9398636845831868,0.9743798833618913,0.9601172055556272,0.9909193772932878,0.9398636845831869,0.9469829424304528,0.9398636845831869,0.9218423061858412,0.8901096639134576,0.9010728262563201,0.8530868722164207,0.9439253608596803,0.8099519168626649,0.9894969760647814,0.9237321696604077,0.9747821421515683,0.9229260836136746,0.9001470545046306,0.9419536134643973,0.9915113877198727,0.8258588664949131,0.9439954904249367,0.9514652625474738,0.9425462450985707,0.8996713357710029,0.9898781502828838,0.8572804327866932,0.8943418469797415,0.9570183943574118,0.9398636845831869,0.9818749943123346,0.9398636845831869,0.9304387991186924,0.9733050117350786,0.9290729285038271,0.7527413697147931,0.7856920188609458,0.7665810412969808,0.9711572181901507,0.9253948970823005,0.8731720022848468,0.8277434539570455,0.9986868840230452,0.8150265150436213,0.9327528459630949,0.8763300120309896,0.8213807058354723,0.9379142777971528,0.9219798955488131,0.898196384786849,0.9553906988562066,0.9943279333937745,0.8928439308715751,0.9204798499326443,0.8468773793429294,0.9375776441335051,0.9915113877198729,0.7601907048907939,0.7764753478898949,0.95551130487298,0.9505286850464207,0.9758806083538348,0.8982796549912178,0.8975786096948726,0.9827139728713292,0.9505286850464207,0.9906633884214366,0.9976858814617973,0.7273216952472331,0.9766413918962566,0.9871307482212135,0.9439253608596803,0.9039073680321512,0.9583905879012904,0.9360123464869743,0.9439253608596803,0.9355505770919703,0.810323815325396,0.9505286850464205,0.9699851449601228,0.878680984783238,0.8643222344048869,0.9510363776961273,0.9141406930557711,0.9398636845831869,0.9968895860490863,0.9360123464869741,0.8666344692877818,0.8916469000509906,0.8616075770924676,0.9439253608596803,0.9602126215445626,0.8756665293630572,0.8307894540196181,0.9318887192162125,0.8682093970897046,0.9117157559872135,0.9731617635450591,0.8817210415235894,0.9343517838458117,0.9762381701099259,0.9197173314687737,0.952904481298952,0.9439076502388635,0.8057939603726957,0.927863480227435,0.8752885460677957,0.9398636845831869,0.9460501530640808,0.915215251172143,0.9188871236697298,0.9505286850464207,0.9868659623160063,0.9379142777971528,0.9398636845831869,0.8407576685828648,0.9818060040046752,0.895461031663029,0.8935171945284385,0.93442066729553,0.9671761235857237,0.9290729285038272,0.8167309289799257,0.8226425806712594,0.9810661291837659,0.9323345609629297,0.811751160996339,0.995812608116145,0.9819538956711094,0.8264683960267649,0.9803079821283596,0.9642919106149582,0.9553906988562064,0.7434532959978101,0.9419536134643973,0.8261496131115468,0.9341536654578784,0.9928618019927207,0.7815635381492401,0.9844006847043052,0.9679585275817424,0.8092715367061025,0.8102470465199716,0.9398636845831869,0.9605103282028016,0.8341784453489842,0.982324224352259,0.9777237664759431,0.9053808215188038,0.8712020127619847,0.9398636845831869,0.9398636845831869,0.9110940012363837,0.9794979784534668,0.86018827584657,0.9398636845831868,0.9762381701099259,0.9398636845831869,0.947688874714007,0.8782989718810938,0.8112027997816197,0.9470390403999658,0.9097196291136669,0.9775200810036838,0.82672064573867,0.8466896548455047,0.9398636845831869,0.8593147823261376,0.975493041049861,0.8035165051770342,0.9700932842206655,0.9896201712617319,0.9305109537712737,0.9439253608596803,0.9488859772255888,0.9398636845831869,0.9795857802062318,0.9939428696246877,0.887172346222538,0.9501511300480874,0.9418654668890594,0.8506391215629194,0.9323345609629294,0.9398636845831869,0.835854588305343,0.8882078540529299,0.9398636845831869,0.8106284733681063,0.974899701752025,0.8388389232603322,0.8307894540196179,0.916111344855303,0.9398636845831869,0.9085939348607102,0.9630974759206201,0.9219798955488128,0.9114218901520919,0.9712999780669318,0.9934440424493824,0.9261999517257278,0.8770114237684188,0.9439253608596805,0.8292573708902125,0.956135303232833,0.9237321696604077,0.9846344164354535,0.8079657150577579,0.8749724943304518,0.9237321696604077,0.9460501530640812,0.9624721270225209,0.9398636845831869,0.9141406930557711,0.8834941755373982,0.926631507052307,0.8764342453662836,0.9142266602978066,0.9894969760647814,0.9455750294362917,0.9418654668890594,0.9894969760647814,0.9288025889967637,0.9398636845831869,0.9699358505776486,0.9441528874718972,0.8787132883757072,0.8464753821068668,0.9484294396006387,0.905380821518804,0.9201796832836565,0.7549722614362548,0.9355262114829321,0.9747821421515683,0.952904481298952,0.9439131925395491,0.9382829336530905,0.9415845374623162,0.9647915833876861,0.9747821421515683,0.9181353909773777,0.995812608116145,0.9799998588966439,0.8584426512265035,0.9696812161068076,0.9220943680125893,0.9134708556523621,0.9251250367755217,0.9673445570347359,0.8875382141796819,0.92964410480043,0.9890514895950071,0.9094219082255504,0.8540612341230163,0.9130996693093603,0.8945436312571672,0.8524968541217386,0.9385697293810191,0.8088522312849595,0.9251250367755219,0.9300951133092187,0.9877421208411417,0.989878150282884,0.9765320379776992,0.995812608116145,0.9468315625852826,0.964057287030121,0.9024846512059139,0.7932750817633222,0.7111447602090584,0.8264683960267649,0.9340712946921954,0.921979895548813,0.9872968515533684,0.9862951408967355,0.9341536654578786,0.9915113877198728,0.9818060040046751,0.951689513216182,0.8937129110881393,0.8968972890562259,0.9379142777971528,0.9379142777971528,0.9406842859542994,0.9032215790146931,0.9341536654578786,0.9045414289970422,0.9398636845831869,0.9868659623160064,0.9398636845831869,0.9398636845831869,0.9414009265844593,0.9237321696604077,0.9419536134643973,0.9398636845831869,0.9219666015754566,0.9613622386524638,0.7689771223906579,0.9358967060666548,0.8593147823261376,0.9418308497152963,0.8451183916831205,0.9514652625474735,0.9902983276552522,0.8640539815709768,0.8325663549594213,0.9868659623160064,0.9777237664759431,0.9717090011218621,0.9363693895524039,0.9112065483416409,0.9323345609629297,0.8500491352017978,0.914976053237414,0.9868659623160063,0.8770114237684188,0.9439253608596805,0.9150128085700575,0.9775200810036837,0.8136497493371049,0.9237321696604077,0.9778394050724166,0.9097196291136669,0.9229260836136746,0.892670362394828,0.8637104667161029,0.9439253608596803,0.9775200810036838,0.9998238347481486,0.9347184365906842,0.9548013134439124,0.9840116439758553,0.9915113877198729,0.8843302430070015,0.9341536654578786,0.932856491044435,0.8693629222495667,0.8422956254205756,0.9490652633711446,0.9127085925971723,0.9553906988562064,0.7946666045364152,0.947327168080652,0.9818749943123346,0.9386779016893061,0.9270843653068206,0.9376663718600012,0.9787543252495641,0.9398636845831869,0.9460501530640812,0.8384564219662861,0.9470390403999658,0.9469829424304528,0.9298223041589355,0.9360123464869743,0.9947922739901722,0.8000885584109012,0.9385697293810191,0.9372187153886653,0.952904481298952,0.7556094989401789,0.0,0.841912226056144,0.9360123464869743,0.9658597103040234,0.9640572870301207,0.9364881737530406,0.9877421208411417,0.9199438575519541,0.9458250385003768,0.8003961361144558,0.9156213688537269,0.9799998588966439,0.8966080626769899,0.8356963633835397,0.9112065483416407,0.8345234729276818,0.8875271554498324,0.9415131363853563,0.8348155329129179,0.8485555080319509,0.8731720022848473,0.9928618019927204,0.9732645673384563,0.8374992460005588,0.9553906988562064,0.9732637445534749,0.9355505770919704,0.9024846512059139,0.975493041049861,0.9465849497022308,0.8849929640167628,0.9112065483416407,0.7939881817158985,0.9263079894969779,0.9774933804060018,0.8422956254205757,0.991511387719873,0.9700351664034114,0.9398636845831869,0.601491441348645,0.868224159401964,0.8943076430647745,0.90534156988644,0.9398636845831868,0.9005785926195297,0.8171661217546866,0.9404663323227448,0.9082470012068007,0.8861224347761871,0.8718992107694512,0.9181112558741784,0.8648317797862427,0.9142266602978069,0.9570779796295696,0.9285403060854762,0.9015254039971805,0.9482479709168004,0.9181353909773777,0.9157617220296759,0.995812608116145,0.9364881737530406,0.9553906988562064,0.7943703659632182,0.9360123464869741,0.9553906988562064,0.9305518148343679,0.8307576415323478,0.9398636845831869,0.9678769406788856,0.8630676692554227,0.9141406930557711,0.8904904028915424,0.9775200810036834,0.9101934299461027,0.8916469000509905,0.9928618019927207,0.9915113877198729,0.9615633836644073,0.9928618019927207,0.9379142777971528,0.9439076502388632,0.9398636845831869,0.9862951408967353,0.8343319933240769,0.9398636845831869,0.9220943680125893,0.9633170462283336,0.8464753821068666,0.9439253608596805,0.9482479709168004,0.9998238347481485,0.9379142777971528,0.9048424820972054,0.9395433253516374,0.9237321696604077,0.9662396710216574,0.9398636845831869,0.8901096639134576,0.9439253608596803,0.9220943680125893,0.927830499235495,0.8914519915852104,0.9505286850464205,0.9415131363853567,0.9342966423167991,0.6585266084445447,0.9253948970823007,0.9964123220916106,0.9364881737530408,0.9847000323057118,0.9921724780907231,0.988615979061509,0.9288025889967637,0.9818060040046752,0.9173148291382112,0.9355505770919705,0.9376663718600012,0.9805078523536932,0.9398636845831869,0.9964123220916106,0.9196592131286032,0.952904481298952,0.8846276446162575,0.9341536654578784,0.9774933804060018,0.9326560622089399,0.9894969760647814,0.9554624495323385,0.7936390317142754,0.9398636845831869,0.9398636845831869,0.8102100922130522,0.9471586258290081,0.8485555080319507,0.9355322793023026,0.9491876233274414,0.8307894540196181,0.9646082992863594,0.9439131925395491,0.9204798499326441,0.9993289467108443,0.9398636845831869,0.6910908969611773,0.9460501530640812,0.9553906988562066,0.8000885584109012,0.9505286850464207,0.9770155294429645,0.9398636845831869,0.9398636845831869,0.9037771690931146,0.9964123220916106,0.9425866173147947,0.9270843653068206,0.8575188357488204,0.8808870709207712,0.960886350956918,0.923610220689685,0.9417856033144019,0.9924402328264146,0.9398636845831868,0.8996713357710031,0.957664253499021,0.9998238347481487,0.7788100711579624,0.8023808775583144,0.9321425397233856,0.8941586572120017,0.9024846512059139,0.9415131363853564,0.9239391611456851,0.9398636845831869,0.9956020206057643,0.9777237664759431,0.9887777901528663,0.9523258717107133,0.8957780464758427,0.8206673486956735,0.8874452201355858,0.8535190019717733,0.8570938287816194,0.8443951006116728,0.9995058817504242,0.9862951408967355,0.9762381701099258,0.815659884242754,0.9624721270225209,0.9759912045435395,0.8041960100717359,0.9379142777971528,0.8530868722164204,0.9580084947693384,0.989878150282884,0.7036513949675578,0.7463127621822652,0.9530613123008462,0.6717386274418835,0.8954610316630289,0.9181353909773777,0.90534156988644,0.9089152002046674,0.9964123220916106,0.952904481298952,0.9270843653068206,0.9775200810036838,0.8520431473989352,0.9323345609629299,0.9928618019927207,0.7462640960530226,0.905931235324579,0.7665810412969811,0.8956777557659621,0.7213197724439409,0.8407682485541628,0.9110808231677554,0.9398636845831869,0.8718992107694512,0.8904904028915421,0.9570982237636055,0.952904481298952,0.9022732162471891,0.922094368012589,0.8829132168159719,0.9398636845831869,0.9892649926077317,0.8437213529293759,0.9877421208411417,0.960059653498783,0.9956020206057645,0.9993289467108442,0.9460501530640812,0.9611185746489358,0.9751828268492605,0.9663582239117763,0.8392442071015723,0.9696315366465988,0.814308704170446,0.9553906988562064,0.9844690963672101,0.9964123220916106,0.9119409794917464,0.9968895860490862,0.9344837978641956,0.8485555080319508,0.849646139056025,0.7208444903662707,0.9928618019927207,0.980507852353693,0.8628614501567908,0.9089152002046677,0.9248071370054596,0.7814581070432911,0.9398636845831869,0.9587310373494924,0.8655396347943327,0.9082470012068007,0.9398636845831869,0.9902983276552522,0.9658597103040234,0.9505286850464207,0.800871628422446,0.9379142777971528,0.9744902876803159,0.7324328495079397,0.9425462450985707,0.70401732331336,0.9609479118662461,0.9237321696604077,0.8279121120698423,0.9398636845831869,0.6694833772179432,0.9398636845831869,0.9818060040046752,0.8788170634534764,0.9279256045685652,0.9553906988562066,0.9947922739901722,0.9126375415145094,0.9432109974320453,0.9082470012068007,0.9398636845831869,0.7934418293573555,0.8134015220677515,0.902200485722773,0.9921724780907233,0.9364881737530406,0.9460501530640815,0.9112065483416407,0.9097196291136669,0.9382829336530905,0.8765742436542545,0.9763718600070381,0.9382829336530905,0.9082470012068007,0.9460501530640815,0.8643222344048869,0.9382829336530905,0.9553906988562066,0.9939428696246877,0.9998238347481485,0.9243614595545959,0.9928618019927209,0.8905290155161711,0.9220943680125893,0.8718992107694512,0.8996713357710031,0.6172741604776817,0.9711572181901502,0.9173148291382112,0.9928618019927207,0.8821245273141878,0.9250760542501826,0.9082470012068007,0.8834941755373982,0.954930065345126,0.8901272710795611,0.8914519915852104,0.9602126215445626,0.8832024380225645,0.9439253608596805,0.9496407070933521,0.9996195398799781,0.9142266602978069,0.9142266602978069,0.9478374997757884,0.9915113877198731,0.9482479709168004,0.9644126257985282,0.9127085925971725,0.980197250304073,0.8717980029839988,0.9112065483416407,0.9316551647701914,0.9810661291837658,0.9496699001876991,0.9964123220916106,0.8871066906788594,0.9424925414484728,0.7784272607307691,0.9806621909815185,0.9007229411258972,0.9482479709168004,0.9439076502388634,0.967911536434519,0.9188871236697294,0.9341536654578786,0.9537504332936724,0.9786384251155431,0.9891756798952003,0.9344249401300653,0.9288025889967637,0.9971013535596107,0.9928618019927207,0.9896809911112329,0.9860599540892503,0.9439253608596803,0.9418654668890594,0.9863207806339396,0.9142266602978062,0.9439253608596805,0.9119409794917464,0.9476042584263105,0.9559408221177331,0.9360123464869743,0.9360123464869743,0.9533331540399952,0.9426603652680073,0.9181353909773777,0.7547644840194467,0.9779073018976213,0.9671761235857237,0.9482479709168004,0.9044537215424595,0.9647915833876859,0.9998238347481486,0.952904481298952,0.9243614595545964,0.9505286850464207,0.98409346534687,0.9482479709168004
p209_S,0.6674830428113487,0.8457962327200856,0.7332204092493941,0.8186737967284907,0.7802035517199599,0.9009488545209479,0.8243199513114796,0.8713994674191119,0.8521262801568287,0.8954284206508372,0.841912226056144,0.7633251181690387,0.7009032967458926,0.7962702979293608,0.913403969592936,0.8863059506286783,0.9722619882019137,0.8198957816506436,0.956107714008541,0.9356763192142938,0.859507295140663,0.8922829762545637,0.9610109894855321,0.9040384689315533,0.8343457370300271,0.8446526322626184,0.853793834586861,0.5644487228217414,0.9356763192142941,0.8226703670348632,0.8488314242849375,0.8360641537568375,0.9075816506348757,0.7866345128825976,0.7480831877549738,0.8901531678626451,0.9040384689315533,0.8497546683289099,0.9009488545209481,0.816404635849562,0.7540279229760958,0.7738534209510569,0.9856670177084574,0.6346888943735801,0.9130279113943873,0.7770696212271744,0.8754910501451354,0.9807918584831603,0.8164046358495622,0.3486011632362238,0.8802089698693754,0.6493501345136565,0.8198957816506429,0.9588448417337108,0.9767643847531919,0.8849462485699273,0.8129560940834357,0.8664724446651941,0.7125236784905437,0.8579208771607549,0.9365878616041678,0.7691218747752879,0.7344809073337994,0.8465679974190514,0.8850890368124649,0.6088912857922366,0.8802089698693756,0.6803085932715932,0.7531830009535434,0.8901531678626449,0.7930304640948211,0.8407711416770662,0.9408053715448896,0.5004211344931719,0.8664724446651941,0.7186751019203272,0.8380970570148378,0.841912226056144,0.542241818032426,0.9009488545209479,0.9248832406049012,0.9038382701629333,0.8061768807841627,0.993193735934472,0.8664724446651941,0.7834754916086064,0.9193759358744265,0.8036564984492417,0.8674728038548002,0.8621439532920854,0.8664724446651941,0.7155631317971944,0.6853239153662818,0.7154858023720787,0.8994260849417821,0.7208904949679114,0.7099315196284643,0.721567108834573,0.5835119832672551,0.40436402626406676,0.8129560940834355,0.8754910501451354,0.8664724446651941,0.8560389494801091,0.7397962504236504,0.8901531678626451,0.7559978886160064,0.5490296497173723,0.7140377233711179,0.5055852438104944,0.6737919398027037,0.8989412227451097,0.6705467593706894,0.7818905928637983,0.8754910501451354,0.48030863491448517,0.9588448417337108,0.9285879473948484,0.9009488545209479,0.6550750463176833,0.7781265882790908,0.7157906341723685,0.8343457370300271,0.9902046097537575,0.8694094828745951,0.6199324292239426,0.8709172314094928,0.8093377458849897,0.9818014931500496,0.8672596809102011,0.6747053596039503,0.9097206700803184,0.8802089698693754,0.9719739006977874,0.853793834586861,0.6228745998429024,0.7061104397383404,0.8802089698693756,0.9156748294160986,0.8883008446412397,0.8066001791321614,0.8954284206508372,0.651522564958901,0.8069803809790179,0.7215671088345732,0.893303488481619,0.6241790290251706,0.6382180526774826,0.598799224290343,0.47498656212351476,0.8954284206508369,0.4516197976249505,0.8642343523793281,0.8045105571866338,0.915674829416099,0.9382371649870824,0.7780659854600851,0.8362317666706374,0.7515013090135036,0.7328421658179995,0.897161718621976,0.9097206700803182,0.8526242193567077,0.4638027370792458,0.7845131893340225,0.8014764813447879,0.9746405217020622,0.809551967641869,0.9460506870205918,0.4616572830499349,0.9082877919250114,0.8933548640036584,0.8129560940834362,0.760760670897755,0.961703770253487,0.8603410228295822,0.9285879473948484,0.9729526952913966,0.9210004923552912,0.7358208469515133,0.9506489580978281,0.9460355866400341,0.908942966732091,0.7009032967458926,0.9208629527114212,0.6459422378435458,0.6550750463176833,0.6199656573122274,0.987106993987117,0.7995401424976345,0.9490607796022086,0.5849735246974708,0.7025351924643879,0.5581908853730553,0.7530325774491335,0.8664724446651941,0.8709172314094928,0.9597993179563378,0.9446287298796079,0.7991911138028327,0.9312913191588125,0.7633251181690387,0.8664724446651941,0.7019855216502107,0.4338851286226135,0.8954284206508369,0.8664724446651941,0.8357313379598336,0.9654407641398766,0.8183897822376477,0.949481288149755,0.7693196142478325,0.8621439532920854,0.8664724446651941,0.9839466295043124,0.8664724446651941,0.5986200741910367,0.678225966949797,0.6979124483002558,0.8664724446651941,0.6814681705702046,0.8664724446651941,0.8186681619258718,0.7951280721761333,0.7803406548170055,0.7064028935705393,0.8754910501451354,0.443973232241894,0.8883008446412393,0.8827966714231752,0.8367874275468093,0.8694249128041454,0.7717923948658929,0.8514668044087847,0.8802089698693754,0.9868598685836287,0.7607790826640819,0.9714021118610541,0.893993057838149,0.9027034310336557,0.9654407641398766,0.9722619882019135,0.6987391025267378,0.7471395455929457,0.8664724446651941,0.5174392355434231,0.8664724446651941,0.7644918744172104,0.7772287648212137,0.9069958728502843,0.8594109967046707,0.4301932936279427,0.8709172314094928,0.43934861396293834,0.8609114158299598,0.7183892567156183,0.8695692309057297,0.5778858897282597,0.8754910501451354,0.6627603044644688,0.7108336633026524,0.2900603667027758,0.8621439532920854,0.8569180351783114,0.6647141889407173,0.9009488545209481,0.6454705234579721,0.6598815828630333,0.9996197939155198,0.956994303386677,0.6872649288141237,0.8005982942101145,0.5649218090072798,0.4520373261673081,0.5087514330978107,0.8901531678626451,0.3482282396771036,0.7948363598496992,0.8270171939535951,0.9393284479789084,0.8901531678626451,0.684656600161632,0.5061909946233003,0.921945169385211,0.7693922683174483,0.7962702979293608,0.8754910501451354,0.80824527672466,0.3777041154302374,0.8579208771607549,0.8754910501451354,0.8754910501451352,0.4843043303251051,0.8901531678626451,0.6283187655734437,0.9122496391436867,0.7157906341723688,0.7761247151110482,0.9945424935407445,0.8664724446651941,0.86513764750457,0.8579208771607552,0.8802089698693756,0.42211436547884607,0.8079749292513368,0.8754910501451354,0.8164046358495625,0.8180786411551303,0.5425254914187754,0.7003026325667813,0.6595744365531335,0.9111877275832725,0.8964211455467448,0.8390993665451076,0.7137932225360121,0.9356763192142938,0.7185499024271498,0.9838278836587923,0.9811313874611598,0.8254347921727205,0.7818905928637985,0.7822127505030358,0.8664724446651941,0.8802089698693747,0.8010158943292127,0.8198957816506443,0.8901531678626451,0.9956574345307037,0.9245657747152314,0.8664724446651941,0.8343457370300271,0.7254990368153201,0.9009488545209479,0.7649883326259899,0.7625264230639234,0.8270171939535951,0.7296665751166677,0.5157709888124231,0.5645779135831046,0.8343457370300271,0.9478508936002092,0.5966347695754264,0.9781799099506838,0.8298560405667226,0.6592416418221756,0.9305826894803042,0.7123991584797653,0.9009488545209479,0.4441489471474128,0.7866345128825973,0.4122918628001514,0.853793834586861,0.8621439532920854,0.903668248953694,0.7157906341723685,0.39164900323692553,0.317637619520708,0.5376320349841766,0.8664724446651941,0.5693497783505195,0.9601037131228738,0.7898190356810506,0.9757910880599963,0.903332086531878,0.5059541274260879,0.8664724446651941,0.8664724446651941,0.8911972942203898,0.7185499024271498,0.6909533916887225,0.8664724446651941,0.8954284206508369,0.8664724446651939,0.7962702979293608,0.7480198998326468,0.572002636123104,0.8664724446651941,0.7995401424976345,0.8380970570148378,0.5734050423178918,0.5098511866812436,0.8664724446651941,0.7043190646892541,0.7803406548170055,0.41591480627405397,0.4362096855451971,0.8222324177484153,0.6731423934610878,0.9097206700803184,0.3590472479922635,0.8664724446651941,0.4810471147819806,0.8198957816506443,0.8798820944022395,0.8971315211486799,0.7647491558478429,0.5704703975013492,0.8497546683289099,0.8664724446651941,0.6931892738755353,0.831495307193427,0.8664724446651941,0.9810783445038807,0.7781965977762108,0.8193968929879758,0.5284735182988434,0.33873762227804516,0.8664724446651941,0.9323418314017389,0.6803085932715932,0.8850890368124646,0.7602175384296437,0.6689932494981616,0.42226825662132905,0.8660129869344678,0.7450361257027782,0.8754910501451354,0.6793475545983583,0.6983695670193446,0.9088681107772942,0.6347030294874954,0.7814046040845326,0.6759626828047718,0.9870824288396509,0.8802089698693751,0.8446526322626198,0.8664724446651941,0.9285879473948484,0.8728110869230437,0.7767631794320897,0.7708897060496548,0.8804850596986347,0.8579208771607552,0.8309359334897347,0.9965978185022657,0.8883008446412397,0.9248832406049015,0.8664724446651941,0.8457962327200859,0.6986170802212162,0.7471445866541335,0.9176729344763376,0.5748749724881574,0.782588390841507,0.7867957879856335,0.9088681107772945,0.8427311542397049,0.9193759358744265,0.9356763192142938,0.7234219238999124,0.5221770697661771,0.8921359063191912,0.8234322943673023,0.8922829762545639,0.8010158943292127,0.9191312302437675,0.9540363210126527,0.8095519676418692,0.913942162677453,0.9806593463722713,0.9946321165277803,0.8262037157488263,0.8488314242849375,0.6083452011020505,0.702233526425651,0.7885575098598172,0.96850393499056,0.8851340721650801,0.7653917200329259,0.9572912152802084,0.7120563487903762,0.8567252320690568,0.5486776865967606,0.8262037157488265,0.625186923492387,0.6096282471779249,0.777228764821214,0.816972175981487,0.8754910501451354,0.9193913416035161,0.6742011345379741,0.9544226884542863,0.8202877345863089,0.9945424935407444,0.9532964335905252,0.9804222935801892,0.9588013019579573,0.886019787455917,0.883410872990624,0.8834108729906243,0.8360641537568382,0.8901531678626451,0.8028417197245652,0.5556776634022047,0.7915603300043799,0.8621439532920854,0.8621439532920854,0.684125850461742,0.9700908264631055,0.883410872990624,0.6787847574105299,0.8664724446651941,0.8850890368124651,0.8664724446651941,0.8664724446651941,0.29151027279721253,0.830653792714938,0.7866345128825971,0.8664724446651941,0.6486585177943076,0.540303320036446,0.860878542296175,0.8537175645707769,0.7043190646892541,0.5732049926638525,0.7471445866541335,0.9528706803470168,0.41397262024420844,0.8786681594818933,0.9212642524247645,0.9956574345307034,0.9544226884542866,0.7705702667628838,0.741036200518137,0.8028417197245652,0.8611104201412592,0.918680812121724,0.875158796654552,0.8850890368124649,0.781279648310629,0.8754910501451354,0.8875675939366199,0.8909733467865336,0.8989412227451095,0.9088681107772942,0.5351613458498933,0.8222324177484153,0.858992971367493,0.726131738265041,0.9696816270828418,0.6795238906974876,0.9464688954942895,0.8709172314094928,0.9153957924037313,0.6144382465345606,0.5791606584556703,0.9156748294160986,0.8220802743853399,0.9130279113943875,0.698057206969483,0.7099315196284648,0.8621439532920854,0.45725160317875524,0.8061768807841627,0.9009488545209476,0.5035456497505071,0.5452691689732363,0.7446208589192121,0.4971874836963526,0.8380970570148378,0.8331351840026613,0.5711360269170797,0.8664724446651941,0.8802089698693751,0.864883960928134,0.7480831877549741,0.6968982943139868,0.7013226294474938,0.7471395455929462,0.8761137839023772,0.570470397501349,0.8306537927149376,0.330396749798088,0.8954284206508369,0.4573517528072124,0.841912226056144,0.0,0.8579208771607552,0.9478508936002088,0.9717087427653179,0.9027034310336555,0.8270171939535951,0.8644973208641424,0.982831887313646,0.516106266100848,0.349331759012828,0.7866345128825973,0.8552620131739874,0.6506079230826407,0.4383281550292848,0.8954284206508369,0.8874770946298924,0.764749155847843,0.7801467372269424,0.7067572550232473,0.9795475232193386,0.8621439532920854,0.5054694548995842,0.5966347695754264,0.9433079361147025,0.5242216263926494,0.9875904701141328,0.9116858892428663,0.8437481344003523,0.8234322943673025,0.9667413194720675,0.8258365720047516,0.8468661173707809,0.8612689644981474,0.8419122260561438,0.9193796717269036,0.8802089698693751,0.9009488545209479,0.8664724446651941,0.98113138746116,0.677523874368273,0.5589876569171841,0.7898190356810508,0.8664724446651941,0.7838442807557322,0.5811144100411489,0.548613410420794,0.7962702979293608,0.766226926329802,0.7155631317971944,0.7279291444922621,0.9143445288919634,0.833193433590145,0.9947840292816738,0.6744660826755678,0.8180394086221474,0.8850890368124653,0.7442204884852659,0.8129560940834355,0.9439502900155012,0.777228764821214,0.9433079361147025,0.6938903053249561,0.8579208771607552,0.9009488545209479,0.8457962327200859,0.8369528122455994,0.8664724446651941,0.6581472822398688,0.7129132402178211,0.8023685958797271,0.8444442796499317,0.9451592660262597,0.43720998508877784,0.33873762227804516,0.8621439532920854,0.8802089698693756,0.8537938345868608,0.8621439532920854,0.8621439532920854,0.9540363210126526,0.8664724446651941,0.9388868965867968,0.8929535310764505,0.8664724446651941,0.8270171939535951,0.7127440314437046,0.9176729344763377,0.8754910501451354,0.7832057700328192,0.7647491558478425,0.8933548640036584,0.4777747403359709,0.48702048237317397,0.5436316627862096,0.525850335448999,0.8664724446651941,0.7559978886160064,0.8754910501451354,0.8526242193567077,0.43612386819501814,0.7984530021533156,0.8901531678626451,0.8709172314094928,0.8999974749706464,0.9236158754023958,0.8874770946298924,0.8664724446651941,0.9027034310336557,0.7930304640948211,0.8948211288453107,0.8558505117832513,0.9525402454544871,0.9670227269270519,0.8164046358495622,0.8754910501451354,0.7559978886160064,0.5062865529744864,0.8664724446651941,0.9628335365601521,0.7239612828726159,0.9356763192142941,0.6460866675693553,0.853793834586861,0.8419122260561438,0.4241557427366942,0.8579208771607552,0.540588288161473,0.3938367873610723,0.8664724446651941,0.8664724446651941,0.9981866060456085,0.7140372948325149,0.7442204884852659,0.6010687298291908,0.6240790457624956,0.7954610075775486,0.59375292977886,0.360827143926322,0.8234322943673018,0.4683567048778263,0.8664724446651941,0.9621470055738519,0.8802089698693751,0.9009488545209481,0.570470397501349,0.8901531678626451,0.5681282185116554,0.8664724446651941,0.8664724446651941,0.4230959194216358,0.8664724446651941,0.40128858420943736,0.8651900166347006,0.6241002952490888,0.7540279229760958,0.9776400619758954,0.8095519676418692,0.583265663418961,0.6223499195715578,0.8664724446651941,0.798141209189954,0.3242933753687438,0.8709172314094928,0.9945424935407445,0.9041185073935785,0.9006882512805926,0.7649883326259901,0.7834754916086064,0.7647491558478428,0.6449714794841825,0.8664724446651941,0.3150872386162953,0.7834754916086064,0.8465679974190512,0.6655167948102201,0.6462219395928765,0.7020093312254153,0.28802350076491656,0.6912138522938882,0.8569180351783114,0.9552810885480576,0.7272398016373283,0.7611846661642178,0.8954284206508369,0.9124842176819482,0.9684368853224965,0.300134991484591,0.8802089698693754,0.8621439532920854,0.7392108923762479,0.5871259518624659,0.8399660979274346,0.8750561813285598,0.8872557375102778,0.798141209189954,0.9719739006977873,0.8448966559165225,0.7442204884852659,0.8603637465209746,0.8200416030030125,0.6517220958600147,0.8954284206508369,0.8922829762545637,0.8096944679269451,0.6740896218176828,0.907581650634876,0.7009032967458926,0.8750865698084337,0.9715820199052692,0.8709172314094931,0.7633491931379599,0.9116858892428665,0.684125850461742,0.7177634584488488,0.8664724446651941,0.7155631317971944,0.8765646436149179,0.5858143868731532,0.8954284206508372,0.8241927065362624,0.8270171939535946,0.8186886469444201,0.8664724446651941,0.38607436728645905,0.5035456497505073,0.9294452955660457,0.340109257887957,0.4291388668482198,0.3562088959490026,0.9156748294160988,0.589113359375271,0.8898601120194138,0.9911610501439256,0.49398797291075325,0.8306537927149376,0.6023820360327075,0.9009488545209476,0.8567252320690564,0.8664724446651939,0.953145660678846,0.913870659159578,0.4481674306746687,0.8388794982251773,0.5440809103975239,0.9408053715448894,0.8621439532920854,0.5209456084970416,0.6351777993388588,0.7450361257027782,0.5123673323850237,0.474486906210969,0.8664724446651941,0.4100881903104342,0.6562409978537576,0.796270297929361,0.8664724446651941,0.5161185195065398,0.9943221240938251,0.8901531678626451,0.8567252320690566,0.8933548640036584,0.6405712343664349,0.7839946085577498,0.985226281591588,0.908942966732091,0.9844367554917206,0.9349395501314133,0.5363314908788686,0.8664724446651941,0.9303484358674055,0.8664724446651941,0.9285879473948486,0.8069092191497123,0.7613331916713569,0.9009488545209481,0.6576401953095266,0.924767812781554,0.942460674755695,0.8186737967284907,0.8664724446651941,0.6786523671122358,0.6924142360203343,0.7719635361147228,0.8718262765651243,0.7981412091899545,0.8802089698693758,0.8028417197245652,0.7239220772359694,0.987165253377389,0.8729369749610881,0.4744869062109691,0.987165253377389,0.8186737967284909,0.8802089698693758,0.7157906341723688,0.987165253377389,0.9009488545209481,0.993193735934472,0.7647491558478426,0.7157906341723685,0.8621439532920854,0.8146911782390925,0.8526242193567077,0.9136340417066129,0.7981412091899542,0.9086318137438733,0.9811156905439224,0.76936476508287,0.7633251181690387,0.9464688954942893,0.8646696476957346,0.7962702979293608,0.7788808543740198,0.8328142957237646,0.9275980366627764,0.7787157073937736,0.840771141677066,0.8709172314094928,0.8754910501451354,0.8915971334328483,0.974769588014754,0.764827744487691,0.8331934335901452,0.9807918584831601,0.8802089698693751,0.8850890368124651,0.9600112510040725,0.8994260849417828,0.8532036070242053,0.7464197170657745,0.8258365720047516,0.8303069199946267,0.9140427734298251,0.7995401424976345,0.8664724446651941,0.8639974522545354,0.7780570757961034,0.7710692308750218,0.8886941711516836,0.9925173058656984,0.8850890368124649,0.8514668044087847,0.934876614983264,0.8198957816506429,0.883410872990624,0.8061768807841629,0.9761241016391893,0.9526528248300675,0.9824398733027428,0.8419122260561438,0.9086877192223954,0.9245657747152314,0.8850669307012914,0.9292076558756976,0.8754910501451354,0.9371597064536137,0.8869727623623923,0.8804850596986344,0.8754910501451354,0.7895995900151972,0.7377799008618176,0.9684377629862788,0.8883008446412397,0.918680812121724,0.6355018330408974,0.8270171939535951,0.7442204884852659,0.9097206700803182,0.7419363577886204,0.8270171939535949,0.8850890368124651,0.7485580019931288,0.9241108655377119,0.8709172314094931,0.8954284206508372,0.9886151405024639,0.8901531678626451,0.8698857593148391,0.8850890368124653
p209_V,0.7365745432840514,0.9375844381576608,0.8848712502248579,0.9175383063396303,0.9459533477380777,0.9599080294518358,0.7413573066458357,0.7885204713736416,0.9345566419027251,0.957673577027655,0.9360123464869743,0.9442013463068033,0.9442013463068033,0.9175383063396303,0.9048766089350637,0.594335487418434,0.9408215498230332,0.9271009640247971,0.9555383641697377,0.957673577027655,0.8803223329648369,0.934468117552512,0.9314553797224701,0.947752420917731,0.9843238957181939,0.9271009640247971,0.9408215498230332,0.9110906193450528,0.957673577027655,0.7594661760243927,0.9201981569430595,0.9515133476881703,0.9391866557097985,0.9554302009938862,0.9459533477380777,0.9555383641697377,0.947752420917731,0.9391866557097979,0.9599080294518356,0.925687886831601,0.8929489608197005,0.9285324039439793,0.9599080294518356,0.9469647240084873,0.9980965995557116,0.8376815732022682,0.9496037211238537,0.8941182576784144,0.925687886831601,0.8848712502248577,0.9515133476881703,0.8399534088511567,0.9271009640247971,0.18793721391370066,0.9951011472655118,0.924292054060027,0.9242920540600268,0.06018876900102055,0.74856650619639,0.9424920127795524,0.9000373939808761,0.8203324548260424,0.9271009640247971,0.9287407729092754,0.9534886050081051,0.8131962973777598,0.9515133476881703,0.6835195578063855,0.7550655184575044,0.9555383641697377,0.9162269502513478,0.925687886831601,0.9459533477380777,0.8431596959716181,0.06018876900102055,0.8791909353978862,0.9344681175525122,0.9894969760647814,0.8119936899116003,0.9599080294518358,0.9360123464869743,0.9795036960805317,0.35713024509717584,0.9271009640247974,0.06018876900102055,0.9123594767995962,0.9607441863599593,0.792136922033998,0.8871620821950175,0.09008077800964032,0.06018876900102055,0.9190178597011769,0.8203324548260424,0.8748720807652388,0.35713024509717584,0.528978751236072,0.8825917972400852,0.9136668681404592,0.8083612831931015,0.8344223133664419,0.924292054060027,0.9496037211238535,0.9459533477380777,0.8489732636249694,0.6438373763687031,0.9555383641697377,0.901237634194086,0.8111356819221287,0.9329497321807898,0.8179682595223983,0.8994963539206025,0.9285324039439793,0.8216567655514619,0.9036569103682488,0.9496037211238537,0.822764190212065,0.9375844381576608,0.9555383641697377,0.9599080294518356,0.8489732636249694,0.9469647240084871,0.8780615512279368,0.9329497321807898,0.9201981569430604,0.9271009640247974,0.7932320440185787,0.947752420917731,0.6702316564245807,0.9442013463068033,0.9098310498422768,0.8646144802620159,0.9496037211238537,0.9515133476881703,0.9599080294518358,0.9980965995557116,0.8354015438796938,0.871319309701521,0.9515133476881703,0.9515133476881703,0.11750088746893528,0.792136922033998,0.957673577027655,0.8131962973777598,0.8634987624252985,0.8803223329648371,0.9048766089350637,0.920376705497234,0.8319645762487431,0.9256878868316012,0.7429069381436557,0.9576735770276548,0.9000373939808766,0.8760865533227364,0.873561175384445,0.9515133476881705,0.9256878868316012,0.8883122254108782,0.9085802966718615,0.8870892228408599,0.5943354874184339,0.7468650390901748,0.9496037211238535,0.9299834289466347,0.7535957327134988,0.8906229438722484,0.9110906193450523,0.8523344596018207,0.9287407729092754,0.9215480977067743,0.8354015438796938,0.9175383063396303,0.9442013463068037,0.9242920540600266,0.686111198752112,0.8444753756217378,0.8701999879391749,0.9555383641697377,0.6129761647399181,0.9149270915494645,0.5902909832316336,0.9061034849845078,0.9149927351303693,0.9706982209232327,0.9954412864629744,0.6163713018450958,0.8736582841643712,0.8489732636249694,0.8952920587572564,0.18793721391370077,0.9627453733534852,0.9424920127795524,0.8976541691085209,0.8381840243077952,0.7763145111532377,0.9750660166392204,0.06018876900102055,0.947752420917731,0.9424920127795526,0.5289787512360719,0.8250209201611334,0.8848712502248581,0.9442013463068033,0.06018876900102055,0.8601523251100109,0.8030244306367436,0.957673577027655,0.06018876900102055,0.703545678066678,0.909831049842277,0.879190935397886,0.6514802883117783,0.898843003506523,0.9442013463068035,0.06018876900102055,0.6541599652149936,0.06018876900102055,0.7997298457662128,0.8285051677670636,0.8250209201611334,0.06018876900102055,0.6403920386762305,0.06018876900102055,0.7413573066458357,0.9390736794276016,0.9110906193450523,0.8679639303639393,0.9496037211238535,0.8098383097811255,0.11750088746893428,0.9314553797224701,0.9868619655962763,0.9375517053100488,0.7932320440185793,0.913638123172289,0.9515133476881703,0.5343820457471007,0.88373019034314,0.8964706102804101,0.8906229438722484,0.9502726792490608,0.9098310498422768,0.9408215498230332,0.8780615512279368,0.9424920127795529,0.06018876900102055,0.9696933196761026,0.06018876900102055,0.7164019795562557,0.909831049842277,0.9799008321613358,0.9229124393123012,0.8098383097811254,0.947752420917731,0.9085802966718615,0.9329497321807896,0.8860151533715295,0.9894969760647814,0.8523344596018207,0.9496037211238537,0.8944877265111872,0.8944877265111875,0.8342582334437214,0.09008077800964032,0.9534886050081051,0.8456324037363956,0.9599080294518356,0.8505519961852752,0.8226831008260223,0.2926766727788924,0.8932444491995202,0.8668469482494165,0.9515133476881705,0.8675946766762874,0.8111356819221288,0.7637872992793497,0.9555383641697377,0.8179682595223983,0.9486066482612976,0.9299834289466349,0.8952920587572561,0.9555383641697377,0.8422177685448577,0.8022195458125898,0.9534886050081051,0.8917839318880132,0.9608634184056339,0.9496037211238533,0.955430200993886,0.7946893783415643,0.9424920127795524,0.9496037211238537,0.9496037211238533,0.7856547619036145,0.9555383641697377,0.7856547619036143,0.6860748316018368,0.878061551227937,0.8342582334437214,0.970134355730177,0.9459533477380777,0.9800695481923838,0.9424920127795529,0.9515133476881705,0.7895618251049052,0.891783931888013,0.9496037211238537,0.9256878868316012,0.9110906193450528,0.7617512826831676,0.9421708749432602,0.876934028766625,0.6928234924637204,0.7790167470448566,0.7273031345119886,0.864614480262015,0.9576735770276548,0.8976541691085209,0.957673577027655,0.913638123172289,0.9098310498422768,0.9036569103682488,0.9842011665427951,0.06018876900102055,0.9515133476881701,0.8964706102804101,0.9271009640247971,0.9555383641697377,0.9534886050081051,0.9442013463068035,0.06018876900102055,0.9843238957181939,0.9555383641697377,0.9599080294518358,0.9048766089350637,0.8668703112866094,0.9299834289466349,0.9515133476881705,0.8505519961852752,0.8179682595223983,0.9843238957181939,0.9391866557097985,0.830814051878261,0.9496037211238537,0.9554302009938862,0.7997298457662128,0.9375844381576606,0.9048766089350637,0.9599080294518358,0.8039127449891679,0.9136381231722888,0.8170840981467904,0.9408215498230332,0.09008077800964032,0.9162269502513478,0.9110367363125387,0.8216567655514619,0.7959573902797019,0.8071419677837106,0.06018876900102055,0.8444753756217376,0.912359476799596,0.957208071575181,0.912359476799596,0.9576735770276548,0.8639560978502501,0.06018876900102055,0.06018876900102055,0.925687886831601,0.8976541691085209,0.8500946683680415,0.06018876900102055,0.9644928340620882,0.9459533477380777,0.960863418405634,0.8906229438722484,0.8030244306367436,0.9459533477380777,0.9188618095812562,0.9868619655962767,0.8215094261899891,0.9880934368428604,0.06018876900102055,0.8735611753844457,0.9110906193450523,0.7890019507934143,0.9784212882796224,0.962745373353485,0.8621035309917526,0.9496037211238537,0.8097978684772098,0.06018876900102055,0.7843401014318689,0.9749771166196228,0.8500946683680417,0.8468653629698404,0.947752420917731,0.8203324548260424,0.9391866557097981,0.06018876900102055,0.8894657784451026,0.7502552768256681,0.06018876900102055,0.9933710628742859,0.7816916104563958,0.8319645762487431,0.8306315975793839,0.7895618251049052,0.06018876900102055,0.8083681571100794,0.8467269607313443,0.9534886050081051,0.6935518437960104,0.7617512826831674,0.9012376341940858,0.9024440319654485,0.8894657784451026,0.9496037211238537,0.891783931888013,0.879190935397886,0.9314553797224701,0.8433473706866228,0.8969845146010973,0.8623832375707348,0.2618506003001947,0.9515133476881703,0.9271009640247969,0.06018876900102055,0.9555383641697377,0.8952920587572566,0.8009771539783099,0.9360123464869743,0.9229124393123009,0.05875044373446936,0.7317039196616644,0.9881959173184502,0.11750088746893583,0.9360123464869743,0.9459533477380777,0.9375844381576608,0.8713193097015215,0.9345566419027251,0.9555383641697377,0.8651692889773959,0.9576735770276548,0.9375844381576608,0.9314553797224701,0.8151176594087008,0.9344681175525122,0.9576735770276548,0.8137954530863194,0.9110906193450523,0.5687829981540427,0.24400224007407167,0.934468117552512,0.8964706102804101,0.9496037211238537,0.913638123172289,0.9287407729092754,0.8690815696440013,0.9299834289466347,0.8929489608197005,0.9894969760647814,0.9201981569430597,0.718829728547389,0.8113012486302023,0.8988430035065227,0.9408215498230332,0.8022195458125898,0.8837301903431398,0.9175383063396303,0.9299834289466347,0.21143222405161355,0.8059182346808624,0.9360123464869743,0.8712321677735536,0.9299834289466344,0.9502726792490608,0.7649227650741166,0.9496037211238537,0.8354015438796938,0.7234643607224283,0.9123594767995962,0.9645325849988504,0.9555383641697377,0.7670059643554638,0.8848712502248579,0.9534886050081051,0.9519642373961463,0.9408215498230332,0.9408215498230332,0.9799008321613357,0.9555383641697377,0.9201981569430604,0.8143949648862083,0.9073379150848064,0.9442013463068035,0.9442013463068033,0.748993339088329,0.9390736794276016,0.14277765445410762,0.8634987624252984,0.06018876900102055,0.9534886050081051,0.06018876900102055,0.06018876900102055,0.8071419677837104,0.26185060030019536,0.9136381231722888,0.06018876900102055,0.7434229768984779,0.8554431226947274,0.4431028796491825,0.9015426796683599,0.8735611753844457,0.8203581350519382,0.9345566419027251,0.5177477145540507,0.8296609453116082,0.9391866557097981,0.8791909353978858,0.47631614527644295,0.9123594767995955,0.7565415109136848,0.6835195578063848,0.9201981569430602,0.9951011472655116,0.9424920127795524,0.7708237674759129,0.9534886050081051,0.8894657784451026,0.9496037211238537,0.8941182576784141,0.9868619655962763,0.9285324039439793,0.9314553797224701,0.8388184704910295,0.918861809581256,0.9000373939808761,0.9314553797224698,0.7468250682448045,0.9842011665427951,0.227230313747264,0.947752420917731,0.9085802966718615,0.877301842630059,0.8578802781954207,0.43121427095738263,0.8478507258139238,0.6009780523155426,0.79186205299561,0.8825917972400854,0.9954412864629741,0.7623554974216562,0.9215480977067743,0.9599080294518358,0.793415925129959,0.8651692889773959,0.81063855213682,0.7908522591242597,0.9868619655962765,0.9012376341940858,0.9071406350367373,0.06018876900102055,0.9515133476881703,0.911090619345053,0.9459533477380777,0.8523344596018207,0.9344681175525125,0.998757543485978,0.9215480977067743,0.8203324548260424,0.9314553797224701,0.792136922033998,0.9576735770276552,0.7803575371163458,0.9360123464869743,0.8579208771607552,0.0,0.9391866557097979,0.7234643607224285,0.9098310498422768,0.9299834289466349,0.7932811650657746,0.9045724413118068,0.7687312965384795,0.8545708706492459,0.955430200993886,0.7354475081798952,0.882174077350171,0.9201981569430604,0.957673577027655,0.9329497321807896,0.9477524209177313,0.8285051677670636,0.8964706102804103,0.5642000126171937,0.09008077800964032,0.7830190911339326,0.830814051878261,0.9599080294518358,0.8713193097015208,0.9496037211238537,0.912359476799596,0.9110906193450525,0.9772068366488,0.9316215436119193,0.9201981569430602,0.9329497321807898,0.5396522816823415,0.9360123464869743,0.9442013463068037,0.9515133476881703,0.9599080294518358,0.06018876900102055,0.955430200993886,0.8568046890338217,0.8216567655514619,0.9149270915494645,0.06018876900102055,0.9084332038159759,0.8406771976301872,0.9000373939808759,0.3892599006043088,0.8976541691085207,0.8848712502248579,0.8735611753844454,0.7988881420122138,0.9229124393123009,0.9000373939808763,0.6959839224163822,0.8837301903431398,0.9534886050081051,0.8964706102804103,0.9242920540600268,0.9842011665427951,0.909831049842277,0.9599080294518354,0.9229124393123014,0.9424920127795526,0.9599080294518358,0.9375844381576608,0.924292054060027,0.9459533477380777,0.686111198752112,0.8769340287666245,0.9555383641697377,0.9459533477380777,0.934468117552512,0.7932811650657743,0.8164349099391168,0.09008077800964032,0.9799008321613357,0.14277765445410684,0.09008077800964032,0.09008077800964032,0.4176886316821615,0.06018876900102055,0.9980965995557116,0.45554959683614626,0.06018876900102055,0.9299834289466347,0.5732672418061278,0.970134355730177,0.9496037211238537,0.9534886050081051,0.947752420917731,0.09008077800964032,0.7830190911339325,0.8489732636249694,0.9314553797224701,0.830814051878261,0.06018876900102055,0.901237634194086,0.9496037211238537,0.9299834289466344,0.8071057546345537,0.9024440319654485,0.9555383641697377,0.947752420917731,0.9329497321807898,0.909831049842277,0.6560569595199766,0.9459533477380775,0.4431028796491824,0.9590184309099958,0.9201981569430604,0.7209806300972039,0.9360123464869743,0.9555383641697377,0.925687886831601,0.9496037211238537,0.9390736794276016,0.8319645762487431,0.06018876900102055,0.9459533477380777,0.874683982657815,0.957673577027655,0.8554431226947274,0.9408215498230332,0.9360123464869743,0.81319629737776,0.05875044373446936,0.7680622242075479,0.7974965287155302,0.06018876900102055,0.06018876900102055,0.45099807789715785,0.7354475081798957,0.9330819649782569,0.8473003449739175,0.8354015438796938,0.8034571229302205,0.8296609453116082,0.8137954530863194,0.9285324039439791,0.8280868502882601,0.06018876900102055,0.9301746946212588,0.9515133476881703,0.9599080294518356,0.8203324548260424,0.9555383641697377,0.8203324548260422,0.06018876900102055,0.06018876900102055,0.8127571370256816,0.9459533477380777,0.7680330993152604,0.9868619655962763,0.8478507258139238,0.8929489608197005,0.6655394544356326,0.9287407729092754,0.8238535688751862,0.8700195781003908,0.06018876900102055,0.9098310498422768,0.8059182346808622,0.947752420917731,0.970134355730177,0.5902909832316341,0.7721442639654235,0.4731808242996284,0.9123594767995962,0.947752420917731,0.8500946683680417,0.06018876900102055,0.8155897859167087,0.912359476799596,0.9287407729092754,0.864614480262015,0.8568046890338219,0.9375844381576608,0.8988430035065225,0.8444753756217382,0.9534886050081051,0.8601523251100107,0.8534530388405703,0.9980965995557116,0.957673577027655,0.9175383063396303,0.3068805944579903,0.8280868502882601,0.9515133476881703,0.09008077800964032,0.8679639303639393,0.9706982209232329,0.9098310498422768,0.9590184309099961,0.9599080294518358,0.9098310498422768,0.9599080294518356,0.9599080294518358,0.8964706102804103,0.36629624801335214,0.8894657784451023,0.9459533477380777,0.957673577027655,0.934468117552512,0.9344681175525122,0.8215094261899891,0.9391866557097985,0.9442013463068033,0.9706982209232327,0.5595142023464725,0.9477524209177308,0.8068906247868051,0.4264664336429419,0.748993339088329,0.7552479062905011,0.06018876900102055,0.8848712502248579,0.9459533477380777,0.7696168576271617,0.957673577027655,0.9285324039439793,0.9299834289466344,0.876086553322736,0.06018876900102055,0.7771733827750995,0.7934159251299588,0.9299834289466344,0.8203581350519382,0.8155897859167087,0.8009771539783097,0.9515133476881703,0.7508613366580396,0.6791710386208469,0.8203581350519384,0.7535957327134986,0.9314553797224696,0.712239433778002,0.9599080294518358,0.9314553797224698,0.9459533477380777,0.9273191685398661,0.925687886831601,0.8285051677670636,0.4811363598562044,0.7984775184678075,0.9459533477380777,0.09008077800964032,0.8603130600722222,0.852334459601821,0.5498165612534267,0.8156484041651737,0.7901005262017793,0.06018876900102055,0.9847548676209205,0.8545708706492452,0.9175383063396303,0.06018876900102055,0.8296609453116082,0.9391866557097981,0.9555383641697377,0.26185060030019536,0.09008077800964032,0.9058174186634923,0.9271009640247974,0.8906229438722484,0.9706982209232327,0.9406130927449243,0.9314553797224703,0.8009771539783097,0.06018876900102055,0.968640006673642,0.06018876900102055,0.9555383641697377,0.8226831008260223,0.8769340287666243,0.9599080294518356,0.9215480977067743,0.789561825104905,0.8988430035065231,0.9175383063396303,0.06018876900102055,0.8493250476264834,0.8369331581733883,0.8410864781348422,0.9646668607340487,0.4431028796491836,0.9799008321613357,0.36830258240112956,0.918861809581256,0.4349314918374444,0.8860151533715295,0.8084546019152599,0.4349314918374444,0.9175383063396303,0.9515133476881705,0.878061551227937,0.4349314918374444,0.9599080294518356,0.9271009640247974,0.947752420917731,0.8780615512279368,0.9442013463068035,0.9188618095812564,0.9299834289466347,0.8848712502248579,0.9502726792490608,0.9818737559710531,0.9085802966718612,0.925687886831601,0.9442013463068035,0.934468117552512,0.7670059643554633,0.9175383063396303,0.8952920587572564,0.8226831008260223,0.4660228489523027,0.9024440319654485,0.925687886831601,0.947752420917731,0.9496037211238537,0.8952920587572564,0.8871620821950175,0.9229124393123009,0.9856324259650173,0.8941182576784144,0.9515133476881703,0.9534886050081051,0.5716973036027304,0.9215480977067743,0.8579208771607556,0.912359476799596,0.9201981569430602,0.6328948484777419,0.9329497321807898,0.9188618095812568,0.9459533477380775,0.8542226146787633,0.8701999879391749,0.9073379150848062,0.8941182576784144,0.6983871430419376,0.9534886050081051,0.955430200993886,0.6275172927294357,0.9271009640247974,0.9408215498230332,0.9215480977067743,0.9287407729092754,0.6406778122004788,0.7711616901616505,0.9360123464869743,0.6530265821625567,0.9442013463068033,0.8758082204608499,0.6960673847868173,0.9496037211238535,0.947752420917731,0.879190935397886,0.9229124393123014,0.9496037211238537,0.8917839318880132,0.854570870649245,0.6901593365439136,0.9424920127795526,0.9424920127795526,0.8215094261899893,0.9709760367855709,0.8964706102804101,0.9496037211238537,0.8500946683680417,0.9299834289466347,0.9534886050081051,0.8860151533715295,0.9772068366488,0.947752420917731,0.957673577027655,0.8780615512279368,0.9555383641697377,0.7018118117271226,0.9534886050081051
p210_F,0.9506737703890515,0.8059197821682587,0.8782540541553361,0.9635000264027251,0.9389176628943107,0.574623627809894,0.9376665153608923,0.9234645986710444,0.8917716903077886,0.9552408029353747,0.9832374253294529,0.8292303763277575,0.944118070302376,0.7160974749891135,0.9156155380048927,0.9024363921718166,0.8990488699790681,0.9229109835440805,0.905538302592469,0.6743768413548519,0.936913592554492,0.9307015751744632,0.7845765883534523,0.9942907727414588,0.9779901913198821,0.9229109835440805,0.9919304969477558,0.9837816225361296,0.6003003702128971,0.8724374978529389,0.9156114273620615,0.985998391819751,0.9356913183279745,0.908674345896699,0.8206822618300815,0.8347988866605849,0.9447494136270194,0.957877813504823,0.9576036838348734,0.9662633710722657,0.954924242646743,0.9244246976009174,0.964434201439255,0.9848460455693226,0.9535591865156562,0.8984966628597324,0.9467071200650465,0.8880325471109582,0.921416687638209,0.9267560680644199,0.9487265052554266,0.8671754624485621,0.9229109835440805,0.933997010939813,0.9889067524115758,0.9641067145740576,0.9199406273027306,0.9428469360414602,0.8841089108566847,0.9391866557097979,0.929995346508117,0.8628529229940889,0.9229109835440807,0.9208601429117473,0.9508152934266845,0.8313794094180802,0.985998391819751,0.9944284094187583,0.9292696757380846,0.9529828655437629,0.7627809409818112,0.9662633710722657,0.9980353634264251,0.9624250054621011,0.9428469360414602,0.8722472547880544,0.9805663112989254,0.9323345609629294,0.9317569054629058,0.9576036838348734,0.9832374253294529,0.6498720808427021,0.9170389579782947,0.985958786288386,0.9428469360414602,0.7780485685454372,0.9695689525766121,0.9339021087734336,0.9465033222027379,0.9409942357230057,0.9428469360414602,0.8292611291742988,0.9786056946230592,0.9961285928884455,0.9971482141805039,0.9747036495324757,0.8030956875225529,0.9051786368334234,0.9793419170821871,0.977801606875008,0.9641067145740576,0.6122942984732123,0.9389176628943109,0.8785205700448545,0.9399259548520489,0.9529828655437629,0.7803519812931491,0.9759617416119464,0.9242212627322113,0.9391495337441298,0.7795012370283051,0.9829255798283554,0.9625483257799177,0.8086417458959222,0.9467071200650465,0.9900325199670665,0.6498698580331024,0.9529828655437629,0.9644342014392548,0.990995231066262,0.9848460455693226,0.9092630002997361,0.9731155357061645,0.745811390296633,0.9859587862883861,0.9283572231607942,0.9447494136270194,0.9289590390434164,0.7143426823531388,0.9431379203344701,0.9753036918480578,0.9902930825832763,0.9487265052554266,0.964434201439255,0.9374201804111677,0.8751208799002063,0.9247899824888337,0.9207232888949289,0.9487265052554266,0.9951011472655114,0.8314271579725276,0.9552408029353747,0.9593856684352828,0.9441324231963979,0.8409417173980275,0.8994092506018594,0.8916161345944679,0.9888330225636904,0.9662633710722657,0.9314949372564659,0.9706827259226706,0.9271908457518929,0.8547165546921686,0.8970277449900299,0.9487265052554266,0.9662633710722657,0.7868065030495007,0.9033258132980617,0.9927174168027555,0.846496131123587,0.9604547539291057,0.9467071200650465,0.9326512786655545,0.982073696570638,0.9515024281619318,0.8606159733902153,0.9574440620356695,0.94288345814827,0.954241800259903,0.9838256497964107,0.7573312335580489,0.9409942357230057,0.9199406273027304,0.9572068382915143,0.8910847978795919,0.9838947726060603,0.6933200547968154,0.9399259548520488,0.9905174556385543,0.9068549014387531,0.9380544853452726,0.938478347862876,0.9475611108832886,0.9984380827103148,0.869688621120644,0.9700441239160356,0.9808861036783865,0.9378470937928912,0.9339970109398129,0.9141982714487245,0.9951011472655116,0.9620139854217533,0.9393433265910527,0.9922432608328509,0.9299953465081165,0.9428469360414602,0.9447494136270194,0.9951011472655116,0.888032547110958,0.9187449455470129,0.959254381027794,0.9409942357230057,0.9428469360414602,0.997799321012899,0.9159814589221675,0.9552408029353749,0.9428469360414602,0.8655388112080707,0.9046484553665961,0.9038040896127961,0.8951646744396662,0.8930288547304029,0.9409942357230057,0.9428469360414602,0.8658597358546524,0.9428469360414603,0.9428502799006224,0.9669680736156905,0.998632340667623,0.9428469360414602,0.9574440620356695,0.9428469360414602,0.9113832243856761,0.9315707757470981,0.8217153723718019,0.9203955946179487,0.9272932852315992,0.9454447741246241,0.9391866557097979,0.975500298406281,0.9805663112989256,0.9985977496218882,0.9698669865654839,0.852677300091254,0.9859983918197511,0.9889883423817387,0.9937547890875104,0.9253641867456623,0.9850854747694644,0.9046484553665963,0.9046484553665959,0.991930496947756,0.7837292619474381,0.9391866557097979,0.9428469360414602,0.9352594849768436,0.9428469360414602,0.9058350609184236,0.7874358248904112,0.9859983918197512,0.9944777937421576,0.9454447741246242,0.9447494136270194,0.9442972543288831,0.9779901913198821,0.8262103744317857,0.9832374253294531,0.9858432867658982,0.9467071200650465,0.7904297597415114,0.8556531508423673,0.9873872545622597,0.9409942357230057,0.9813507987576178,0.9028778832700428,0.9576036838348734,0.945109705409731,0.9487957689880557,0.9707495588862811,0.8838450146253054,0.8719204947876393,0.9859983918197512,0.9938771941068496,0.9759617416119464,0.8770208742556489,0.9529828655437629,0.93914953374413,0.8681087881423561,0.9730889887268284,0.9724229122039046,0.9529828655437629,0.9988320430013828,0.950834569660582,0.981350798757618,0.9115164905744362,0.9952662150283398,0.9467071200650463,0.9484490715653735,0.9625483257799177,0.9951011472655114,0.9467071200650465,0.8642934878799218,0.9204359418609442,0.6933200547968155,0.9519685966854341,0.8645849121197562,0.9024363921718168,0.7957390446641298,0.834798886660585,0.9428469360414604,0.9440432620596214,0.781240886511634,0.9207232888949289,0.982073696570638,0.9791563095579502,0.9902930825832765,0.9662633710722657,0.9448810215177157,0.9492121593044628,0.9552611489247411,0.9740664297104696,0.9133721538450705,0.9029132755923637,0.9747385276255067,0.8173725908039344,0.9552408029353747,0.8917716903077886,0.6003003702128972,0.8526773000912536,0.9798831497297819,0.8981194480464398,0.9902930825832763,0.9428469360414602,0.9487265052554263,0.8655713208380973,0.9684760986278473,0.9529828655437629,0.9813507987576178,0.8866742233150663,0.9428469360414602,0.9779901913198821,0.9529828655437627,0.9576036838348732,0.9896056225621922,0.8593324421275848,0.6498720808427029,0.9207232888949288,0.9981569682108378,0.9128207699131587,0.7775384438103518,0.9356913183279745,0.8828138438639469,0.9467071200650465,0.908674345896699,0.9798340905916365,0.9339970109398128,0.9364042928805087,0.9644342014392548,0.9646537823447512,0.8129025744225793,0.9531070249498175,0.991930496947756,0.9409942357230057,0.7220550548121947,0.9338198267598912,0.9625483257799177,0.9897547933108612,0.8923809350972118,0.9428469360414602,0.9978183395569101,0.9073222074226133,0.9100373996478222,0.817377221549431,0.9706827259226704,0.9346457727814363,0.9428469360414602,0.9428469360414602,0.921416687638209,0.9677437194642821,0.8764215177403109,0.9428469360414603,0.6743768413548519,0.9428469360414604,0.8810325092648543,0.9179193815543989,0.8806537359826769,0.879799962362196,0.9141982714487245,0.9805663112989256,0.917142131363949,0.9126828975357503,0.9428469360414602,0.8970277449900297,0.782814771353388,0.9515781111651986,0.9946358367298656,0.9559635246111835,0.9126833901156505,0.9467071200650465,0.948950733318815,0.9428469360414602,0.8965276249514234,0.9403936712046197,0.8978986056916491,0.9670106849784019,0.9447494136270194,0.8892764867245642,0.6918006430868175,0.9428469360414602,0.8834149545618553,0.9636229404256602,0.9428469360414602,0.9559635246111835,0.8233182165573517,0.8762666295743213,0.8974866969345463,0.9564978067640915,0.9428469360414602,0.9185413491978158,0.8267741837468509,0.9508152934266845,0.8883766811321634,0.8697487224008299,0.9604002581429945,0.9694900493913194,0.9498190556368229,0.9467071200650465,0.945336400066193,0.9038040896127961,0.9765150789456657,0.8897296817044205,0.8445334021661923,0.9132165197124129,0.9285304562976122,0.9487265052554263,0.9859587862883861,0.9428469360414602,0.9762777185243531,0.834119638559851,0.8669412593055823,0.8640539815709767,0.9944777937421575,0.9391866557097979,0.8693977572794953,0.933330959109937,0.9391866557097979,0.9832374253294531,0.9428469360414604,0.8059197821682592,0.8639231957010685,0.827259129236352,0.9762777185243532,0.9633717685717937,0.9706827259226707,0.9860136523181986,0.7365919657053994,0.9805434929743859,0.930701575174463,0.9552408029353749,0.8932999321303232,0.9773177764454565,0.9432506800820841,0.9244246976009174,0.9307015751744632,0.9253641867456623,0.6122942984732125,0.988223797234048,0.9208601429117473,0.921852478408735,0.9259591224230197,0.8867960431767519,0.9658597103040234,0.9156114273620615,0.9384151690330191,0.8709005020781011,0.9284363038146395,0.7900282369058917,0.8941772642218242,0.799958087959316,0.9540324564594047,0.979781144969363,0.9275156757582279,0.8940914910976366,0.9323345609629294,0.8883766811321635,0.9259591224230197,0.9816273853023441,0.9013250902550523,0.48629470376985784,0.8531171953592833,0.9563587051057705,0.9859795134306004,0.9208601429117473,0.9529828655437629,0.8767465845813152,0.9757489930454581,0.981350798757618,0.9773177764454566,0.9919304969477558,0.5719869707595389,0.9207232888949288,0.9529828655437629,0.7034892425039702,0.881919654427527,0.9020120239820866,0.9984380827103148,0.9409942357230057,0.9899015998835283,0.8955611203771288,0.9374201804111677,0.8494159413108651,0.9428469360414602,0.9508152934266847,0.9428469360414602,0.9428469360414602,0.977801606875008,0.9275156757582277,0.7333531230852297,0.9428469360414602,0.965581627051866,0.9953951849170061,0.9046484553665961,0.8333395492831609,0.927761574032681,0.9097505890026991,0.827259129236352,0.890520104676289,0.9921294748303068,0.9356913183279745,0.9669177592622796,0.9813507987576178,0.9466508604266066,0.9531070249498175,0.9776292196359238,0.9579335751547247,0.957877813504823,0.9951011472655116,0.9631108805224227,0.5065134440477341,0.9498190556368229,0.9902930825832764,0.8717557970150513,0.930701575174463,0.9707495588862809,0.9275156757582275,0.9787356606143293,0.9559635246111837,0.8942918945731195,0.9765150789456657,0.9905174556385541,0.8012936905282448,0.9307015751744632,0.9942907727414588,0.9795142794845895,0.9646879396133609,0.9115580161343757,0.9487265052554266,0.9512236288184555,0.9374201804111681,0.8678116908431159,0.899413905399452,0.9984380827103148,0.9769383092732986,0.9971482141805039,0.9576036838348732,0.9107576639752013,0.9548937734322311,0.890520104676289,0.9140070888488472,0.8698394803276874,0.967580431117067,0.9471791494104382,0.9428469360414602,0.9487265052554263,0.9448810215177157,0.9428469360414604,0.900559814313188,0.9307015751744627,0.9391866557097979,0.9971482141805039,0.952182130892584,0.9765150789456657,0.9595208464736602,0.9552408029353747,0.9522391902169816,0.9658597103040234,0.9478508936002088,0.9391866557097979,0.0,0.7999117526510056,0.9046484553665961,0.9797811449693631,0.9054236457666801,0.9568530198238825,0.95566787850422,0.9822020762549045,0.9484490715653733,0.9157000504550397,0.9289590390434164,0.9579335751547247,0.526223899070942,0.9290959183459286,0.9447494136270196,0.8722441670724503,0.8655713208380971,0.9775723450801679,0.9409942357230059,0.92361859344233,0.9018433792809051,0.9576036838348732,0.985656769276599,0.8642934878799219,0.974691833565406,0.8217153723718019,0.9244246976009176,0.993001269385082,0.7034892425039702,0.8264327167843046,0.8855640524750212,0.9323345609629292,0.9409942357230059,0.9859983918197511,0.5746236278098944,0.9428469360414602,0.988223797234048,0.934991391520382,0.9368826856829253,0.7680423763892489,0.9428469360414603,0.9618205257894052,0.9359968704913988,0.9985977496218882,0.9127986978904694,0.8917716903077886,0.7642645032475507,0.9277615740326808,0.9107804410443596,0.77687657096289,0.965698798443114,0.9420985496453858,0.9739457607244573,0.9508152934266847,0.7261949925606038,0.9199406273027306,0.9467071200650463,0.7874358248904112,0.9576036838348732,0.9074373046304507,0.9951011472655116,0.964434201439255,0.933997010939813,0.9641067145740576,0.6433291602337388,0.8223064904295259,0.9010752173319363,0.9762777185243531,0.8797999623621965,0.9805663112989256,0.9677336749333649,0.9923504136228154,0.9409942357230057,0.9487265052554266,0.9374201804111677,0.9409942357230057,0.9409942357230057,0.9086743458966988,0.9428469360414602,0.9374201804111677,0.9315707757470979,0.9428469360414602,0.9797811449693633,0.8322575381473484,0.9529828655437629,0.9467071200650465,0.9508152934266845,0.9447494136270194,0.9409942357230057,0.9745908627378719,0.9527674384230345,0.9765150789456657,0.955679073494692,0.9428469360414602,0.967580431117067,0.5492945011215351,0.9730889887268284,0.9459326098591598,0.9694900493913192,0.9529828655437629,0.5066122636892821,0.9779901913198821,0.9816273853023441,0.9290959183459289,0.9428469360414604,0.9431379203344699,0.8035068271514276,0.8727778336746228,0.8722441670724503,0.9832374253294529,0.8347988866605841,0.8095032117574513,0.9902930825832762,0.8955611203771285,0.984186907863912,0.9428469360414602,0.5842114597016239,0.9292611223553218,0.9552408029353747,0.8884342170243057,0.9919304969477558,0.9832374253294531,0.9883056010280581,0.9391866557097979,0.9683447092276513,0.9607334112837431,0.9428469360414602,0.9428469360414602,0.9823914874221468,0.8729114397011586,0.7610390746299772,0.8594743076831728,0.9618219652554874,0.9233494281195045,0.9384151690330195,0.96991104376777,0.9707495588862809,0.9524511822943205,0.9428469360414602,0.888032547110958,0.9487265052554263,0.9576036838348734,0.8993350034316336,0.9529828655437629,0.9685471779159902,0.9428469360414602,0.9428469360414602,0.9485153144487539,0.9428469360414604,0.8647019707061954,0.930701575174463,0.895164674439666,0.9088193584132743,0.962001961701989,0.9889883423817385,0.8934563659287402,0.8651461910562789,0.9428469360414603,0.8259252898582852,0.9503358027780338,0.9447494136270194,0.9762777185243531,0.8752980666140113,0.9588639428390646,0.8994092506018594,0.817377221549431,0.9942907727414587,0.9543185748336593,0.9428469360414602,0.9886640839263301,0.817377221549431,0.9889883423817387,0.8173725908039344,0.8485743256298055,0.933997010939813,0.9653413489326504,0.8311730457116627,0.9508152934266845,0.9395253414344673,0.9875163083233143,0.9374201804111677,0.8966062547807159,0.9540324564594045,0.9229109835440805,0.970145578391352,0.9487265052554266,0.9409942357230057,0.9895734548759274,0.9641067145740576,0.9413936847619075,0.9928637420004902,0.9644342014392548,0.7104568949546631,0.9576036838348734,0.964434201439255,0.890520104676289,0.9905174556385541,0.9831722535970873,0.8797999623621959,0.9552408029353747,0.930701575174463,0.869839480327687,0.8446015069885637,0.9356913183279747,0.9409942357230057,0.9641067145740576,0.8806765550990436,0.9942907727414589,0.9307921816266712,0.9859795134306004,0.9317569054629058,0.9549875254129641,0.9428469360414602,0.8292611291742988,0.9428469360414604,0.9668226601959564,0.9552408029353747,0.9829255798283554,0.9259591224230199,0.9776292196359238,0.9428469360414602,0.9595208464736602,0.9107576639752013,0.9259591224230197,0.9610339452947274,0.9624250054621011,0.9701455783913521,0.9487265052554263,0.9563587051057705,0.9838256497964106,0.8328255545646563,0.9411986340097223,0.9285304562976123,0.9060410102158504,0.964434201439255,0.7845765883534519,0.9389176628943104,0.9193839619667783,0.9662633710722657,0.9937660335010003,0.960208268815036,0.9299241377759688,0.9389176628943103,0.9409942357230057,0.984186907863912,0.843761364852731,0.8831126597162939,0.8754975168408985,0.9252026596227116,0.9428469360414602,0.9653006723748221,0.9320050194786884,0.9540324564594047,0.9428469360414602,0.9921294748303067,0.9578778135048232,0.9529828655437629,0.975500298406281,0.9409942357230057,0.9276489541002395,0.9684760986278473,0.9477484320154701,0.7708967617979813,0.9941833547400715,0.9275156757582277,0.8750479429799932,0.9428469360414602,0.9944777937421576,0.9428469360414602,0.9529828655437629,0.842701243385843,0.8698606290925377,0.9576036838348734,0.9542418002599031,0.8900468543966292,0.9638437528988764,0.9540324564594045,0.9428469360414602,0.9965609185797778,0.9288130504817436,0.9420985496453855,0.915099981467286,0.9046484553665965,0.9859983918197511,0.9156114273620617,0.9559635246111835,0.9059804204993018,0.989724774838491,0.9506737703890517,0.9059804204993018,0.9540324564594045,0.9487265052554266,0.9338198267598912,0.9059804204993018,0.9576036838348734,0.9229109835440807,0.9447494136270194,0.9406464348878106,0.8292303763277569,0.9141982714487245,0.7441318134503205,0.8782540541553361,0.9431379203344703,0.975500298406281,0.9414200463913254,0.9440432620596213,0.9409942357230059,0.9805663112989256,0.8913065268954619,0.8397987506959192,0.993001269385082,0.8655388112080704,0.9380544853452726,0.8852035671342438,0.9662633710722657,0.9447494136270194,0.9467071200650463,0.9584254509740686,0.9547565271417208,0.9184817171461352,0.9620019617019888,0.9909803996283828,0.9487265052554266,0.9508152934266847,0.9769945381240146,0.9971482141805039,0.965408632940842,0.8567058745534248,0.9156114273620615,0.972808912408146,0.9779901913198821,0.9141982714487247,0.9980353634264252,0.8902813032760319,0.9536059642685943,0.9774399776144804,0.9909803996283828,0.9680590587399729,0.9508152934266845,0.7731278487539045,0.9804162282886981,0.9229109835440805,0.9374201804111677,0.9113353863393027,0.9769475578832656,0.9968813952342487,0.965300672374822,0.9323345609629294,0.9331688293688571,0.9409942357230057,0.9139789241987342,0.9824331971815647,0.9467071200650465,0.9447494136270194,0.9669177592622797,0.9184817171461352,0.9902930825832764,0.9870237809502926,0.9320050194786884,0.9609036925517416,0.7253263949559206,0.9391866557097979,0.890669202292006,0.9259591224230197,0.9253641867456626,0.5492945011215347,0.9543185748336593,0.8383915460579374,0.9508152934266847,0.989724774838491,0.9707495588862809,0.6894917045838485,0.9552408029353747,0.8710529575837422,0.9529828655437629,0.97027140991388,0.9508152934266847
p210_I,0.8696163520604372,0.9730498860455143,0.7008206406439674,0.8297028494237106,0.9380414785683449,0.906289146258993,0.9717922787026653,0.952161948594771,0.7688529205678433,0.8125986986748954,0.8393503898285488,0.9571427493004796,0.9008500906435692,0.8297028494237106,0.868292998335519,0.9245074508282971,0.9388356782863465,0.8717773221078795,0.8883730833751753,0.8607374764874878,0.7150826106836701,0.833252239262104,0.9390547832304017,0.9030834008043366,0.8991770585347529,0.7263548636463293,0.8854177614335255,0.993377767779432,0.8607374764874878,0.9168502839948084,0.7648762399616602,0.9044360458484606,0.7999117526510056,0.8164165368617531,0.8801085107890287,0.9923557552405138,0.8280948589685841,0.9563587051057705,0.7881119119846212,0.9312898439039949,0.6978525212060054,0.9173673979124737,0.9826888816980899,0.9537743612572405,0.9121267198599359,0.7603843913698034,0.8650546456747354,0.8775769108739102,0.8214199807746343,0.9010913711471289,0.8077125695029685,0.6886989462473561,0.7263548636463293,0.7975661440390183,0.9563587051057705,0.8158269723319069,0.9677680856796697,0.7143607147557588,0.9736195922718682,0.810787048372184,0.7515961517710075,0.8531628613761264,0.9719407501298679,0.8647597566546237,0.8469680690265142,0.8585304467259183,0.9364195330316347,0.7375922348735932,0.7533873554692039,0.992355755240514,0.9837829043794639,0.8214199807746343,0.9380414785683449,0.7582100817747532,0.7143607147557588,0.7725980101610048,0.9309831092120704,0.8892331487091776,0.8508637989745782,0.9791112505823617,0.8862944363279919,0.8158166410117746,0.8166338120691233,0.7601473737062707,0.7143607147557588,0.9043473756357256,0.8332522392621036,0.7424617667779767,0.8383899901633916,0.7332476280865154,0.7143607147557588,0.8282087968708165,0.7066386415346178,0.7709273060583217,0.7535639732692063,0.8103204087980003,0.8496731247845284,0.7150826106836701,0.9426160870003961,0.8076388198844646,0.8591079607295915,0.9576605453602831,0.9090749946786869,0.8475308866831743,0.963477899927254,0.8537121927533946,0.8514918351487013,0.8848599290873524,0.9950058988075361,0.8248875025878905,0.8008457522998027,0.9400656479464747,0.9209747844118837,0.8266927936020101,0.8341860124462195,0.863289357053798,0.871101454971974,0.8343397916505889,0.9062891462589928,0.8906950882964831,0.9538301893233547,0.9063427820737524,0.851262638398361,0.9862797486148691,0.9272887707692243,0.9915254379391816,0.8280948589685841,0.9014175548402057,0.8445574319866596,0.9673527390574845,0.8504512039817367,0.9885291785887991,0.8724525586652854,0.906289146258993,0.8854177614335255,0.8845428691692079,0.7970920719803277,0.9364195330316352,0.8724525586652849,0.7508613366580393,0.7679842569794821,0.8607374764874871,0.9994966874130916,0.8110015998884863,0.9016764887322213,0.8779314317213612,0.9935130424704779,0.7596891768225826,0.9588402929666442,0.7747082334776696,0.957782620824947,0.9615238294658071,0.9612013739456857,0.9002287169530014,0.8724525586652854,0.8050224845855384,0.9247197629825004,0.8112030654205007,0.9787145607495168,0.9986062913999072,0.8580965479703777,0.9576605453602833,0.8158166410117746,0.7650406252903681,0.6730373170321498,0.8408936728223517,0.7900971647407884,0.6477803505714197,0.8469937143313189,0.835825592013776,0.9509251221995212,0.8445574319866591,0.8162846262877754,0.8918860896890031,0.9646006564160927,0.8252270260687973,0.8537121927533955,0.7044318615541334,0.8975440993286865,0.9117579377966596,0.8331466215666066,0.8270242238200947,0.9894085798785123,0.8727037613151145,0.732991101639404,0.869339008235009,0.835584767239569,0.920973996558488,0.7975661440390183,0.9990726223359299,0.8878462163360936,0.9385999323415704,0.6329705110390627,0.7270684512132186,0.8565599906184072,0.7143607147557588,0.9030834008043364,0.9203749521146292,0.8607627853549328,0.6852380838015886,0.7418561758635667,0.8727037613151145,0.7143607147557588,0.6826381496100744,0.8765354458059521,0.7763027181373826,0.7143607147557588,0.6866814344177403,0.712043181843852,0.809922206932032,0.6765692028118597,0.8233133867516922,0.9289964199720246,0.7143607147557588,0.6965186360762219,0.7143607147557587,0.9896613082531446,0.7771391811394919,0.8026677329381028,0.7143607147557588,0.9709927986523421,0.7143607147557588,0.9846705624949658,0.9014920715559221,0.8599541846919871,0.712619043414549,0.8959232789032512,0.8317300890319299,0.6960673847868168,0.8214972846829829,0.726958845963046,0.9510063048280262,0.7671190345687104,0.8522736019840067,0.8404690714821108,0.6512092605443822,0.7653341256322734,0.8471691833257777,0.8046774545566842,0.9006338166077716,0.7120431818438514,0.9276195295816007,0.7987020211932381,0.8878462163360938,0.7143607147557588,0.9666794777011314,0.7143607147557588,0.9111483064988157,0.9949291339897315,0.9684030202148093,0.9596067197820779,0.782022511583977,0.9030834008043364,0.9045301044674148,0.8033482182619691,0.8332755094651154,0.864291769268863,0.845757359790497,0.8879962884971375,0.782099557644591,0.9844138533518572,0.8944585865073992,0.7051012987580605,0.9799170694260517,0.6848910434950131,0.7881119119846212,0.8816221208984322,0.8036458463061558,0.8492726478104706,0.950173420615039,0.8107578905723443,0.9364195330316347,0.9130390418009285,0.9848241611452839,0.8824513406423402,0.8537121927533946,0.8248875025878905,0.8154887783918361,0.9774654450934861,0.9773772710355253,0.8537121927533946,0.7108782766176598,0.7394448433122154,0.9536084303741794,0.6936603946097764,0.8701102736823141,0.9267919121317674,0.9918158751198792,0.7952183115288719,0.810787048372184,0.8650546456747357,0.8650546456747354,0.6573720687884081,0.9230339739969551,0.7924588915020409,0.6890302097184164,0.6910612603127237,0.9741563991295684,0.9230339739969549,0.8221755430097126,0.9093158712781231,0.9203749521146292,0.999613492602016,0.8402306540002179,0.9422265231867433,0.9885291785887991,0.7994460081487627,0.8731986491331225,0.7715172303246696,0.9039051150498303,0.9009783780201184,0.8945992887660431,0.8713373155566415,0.8580910584453002,0.8883316378016661,0.969625418100027,0.9065221662575308,0.8607374764874882,0.8327847866219926,0.9194928800841635,0.7907725147555889,0.8650546456747354,0.7143607147557588,0.839696056686143,0.8967373287270356,0.8047993530669151,0.8537121927533946,0.8871339301744107,0.9584182627141555,0.7143607147557588,0.875219848466557,0.8883730833751753,0.906289146258993,0.9408003040335535,0.7780738905943638,0.8389093273091621,0.9044360458484604,0.8426339836022938,0.646189349764716,0.8991770585347527,0.7568218820604942,0.6807495507993835,0.7953903888115904,0.8748829829477948,0.6441353630455162,0.797566144039018,0.8960582581458693,0.9791112505823618,0.8258338717508685,0.7938071558979638,0.8451706575563754,0.8319998445807038,0.7051012987580605,0.9039634448939986,0.9832290398455481,0.7826426642405708,0.8405406814751059,0.6071681075003224,0.7143607147557588,0.84487604722174,0.9414906345185052,0.8778272951878698,0.8272663807128411,0.9333294375625139,0.7692466542002011,0.7143607147557588,0.7143607147557588,0.9808142655925164,0.854896199123898,0.7970498520437139,0.7143607147557587,0.9333294375625141,0.8801085107890287,0.9913325464581244,0.6730373170321498,0.9139021944541353,0.9670079624580028,0.8762878196130297,0.9309831092120704,0.6462114275713879,0.7692346423064502,0.7143607147557588,0.7195212220771778,0.802772649083082,0.7629677310371379,0.7409590994796043,0.8353595520387291,0.9834582469836681,0.8959232789032514,0.8147973230691886,0.7143607147557588,0.5903278526085072,0.9942667398101893,0.9403259750144992,0.6892900651187039,0.8878330234634915,0.6936916269143454,0.8781352288783884,0.7143607147557588,0.9551201270583277,0.7675670988929797,0.7143607147557588,0.9172160871873298,0.8820966838903953,0.7379625542850192,0.6067783968942178,0.8151673110969346,0.7143607147557588,0.8403851473964052,0.7786658336709645,0.9466798193261672,0.9273618970096962,0.8475505380618021,0.7956280315721895,0.8759964096372579,0.8324287252320843,0.8341860124462195,0.8262289965174923,0.7480733502050746,0.8685202841019504,0.7555521198541837,0.8205692580927562,0.6767359356656337,0.8023187199652767,0.8404690714821101,0.8271253427472367,0.7143607147557588,0.8883730833751755,0.7232554400205582,0.7446008432140181,0.914174528149492,0.938282675520304,0.7508613366580396,0.8924896259946866,0.9774402702058511,0.7508613366580396,0.914174528149492,0.9090749946786869,0.9985369938138993,0.6959084116046212,0.8697653094967261,0.9230339739969549,0.7635419624573212,0.860737476487488,0.874027467344175,0.9625662829398856,0.9795336758785016,0.857684956749595,0.8970334570250011,0.8371089368650184,0.974317255909797,0.9488619297321973,0.713083147606465,0.8088195217746128,0.7618046873433832,0.8650546456747352,0.9723270597578649,0.9182608372621721,0.8203728190587152,0.8389093273091621,0.8348072195378629,0.864291769268863,0.7648762399616602,0.9419552317203569,0.7772707551858306,0.8580112621507963,0.9543284880080108,0.7647585377247943,0.8073616935966639,0.9480563171539704,0.8147003782300275,0.7552957205463096,0.6155232486193758,0.9141745281494917,0.8055898605391757,0.9763491823117391,0.8353392947227405,0.913477270135624,0.9267919121317676,0.8712270816064926,0.786282229427204,0.8465366294435623,0.8480690331097618,0.9729833541377065,0.9850832897674526,0.6940856172784982,0.9134425692262829,0.9113196728723928,0.9388356782863467,0.8319998445807038,0.8724525586652856,0.8343397916505888,0.8825947438550896,0.6075263851760387,0.8059974702523061,0.8164111026582044,0.9008500906435695,0.7485017823039437,0.9367800848838336,0.7139478621703137,0.7676485365226434,0.7143607147557588,0.880205319126399,0.7143607147557588,0.7143607147557588,0.858525174024918,0.6377382219988905,0.8327847866219924,0.7143607147557588,0.6213334210555792,0.8081381591835701,0.8063384992258118,0.9323597178868697,0.6894033062645406,0.7977249024701956,0.8697653094967264,0.5552793447974558,0.902476837952079,0.7828963741362881,0.9336199203859465,0.8871339301744108,0.806598893403457,0.6214865590405869,0.8197394324683357,0.799646740047266,0.9132688345152585,0.8604492404004829,0.867876421699231,0.8469680690265142,0.8651135171874056,0.8341860124462195,0.870211206341428,0.8735551508879957,0.9010466018155183,0.8214972846829829,0.8459432908361438,0.8762878196130295,0.8215720443359408,0.8920317838114342,0.7278366219957952,0.9267919121317674,0.7758242809380294,0.8579639412160385,0.9978571435143306,0.9512468009370024,0.7158986889545687,0.8396960566861433,0.8427450004691404,0.6872389037439045,0.9731910127595937,0.6608971689337999,0.9865645920426105,0.7008377967429446,0.8469937143313189,0.9826888816980899,0.6218302126685231,0.8703372691967061,0.777227034351682,0.6254095348935866,0.8576849567495957,0.9014920715559223,0.8674391064623019,0.7143607147557588,0.8404690714821101,0.6825935304367716,0.8511420268993708,0.7646212748615404,0.857684956749595,0.860449240400483,0.8469937143313189,0.6936916269143449,0.9433877182221797,0.7926724310079809,0.860737476487488,0.7139021928874818,0.9640572870301207,0.9717087427653179,0.7234643607224285,0.7999117526510056,0.0,0.7033258503879964,0.9312800724987114,0.6920646768759242,0.6554942860074885,0.7279814940846507,0.9880620576355941,0.9497176787940782,0.7754807736544923,0.6672159335245489,0.827087242817528,0.8970334570250009,0.8752198484665568,0.9177021057109451,0.8427914871583841,0.7959504857363409,0.6379406316171861,0.7332476280865154,0.6482318680580783,0.6016143296171037,0.9062891462589933,0.782180321497532,0.9267919121317674,0.8465366294435623,0.840893672822352,0.8329518517135155,0.9379154519594856,0.7789097390953101,0.9231342686029487,0.9753686736636723,0.7894676309479185,0.9289964199720246,0.8724525586652849,0.9062891462589933,0.7143607147557588,0.9886953095181066,0.7687998936208724,0.7574913696639685,0.8383936869062363,0.7143607147557587,0.8000584571193671,0.7185708312125603,0.9615238294658071,0.8874451807660653,0.7148874080958272,0.8600558359275288,0.7534152512016721,0.8974953083839461,0.7890143656878863,0.8635364391218594,0.6863342676495191,0.8073616935966637,0.8469680690265142,0.761804687343383,0.9677680856796698,0.9576605453602831,0.7787621042935644,0.8680892785394443,0.8911249703855041,0.9751689039858511,0.8680892785394447,0.8201272394352039,0.9028466030831426,0.8221755430097124,0.9362579235846505,0.6868550946534497,0.9036615728941476,0.880108510789029,0.9224205858629797,0.6547744603073624,0.8527623254518596,0.7051012987580605,0.8404690714821108,0.7406568205967241,0.7051012987580605,0.7332476280865154,0.8748829829477933,0.7143607147557588,0.954328488008011,0.7956280315721891,0.7143607147557588,0.8620020136065492,0.8919427717866618,0.8537121927533957,0.8341860124462195,0.8802053191263988,0.9177021057109449,0.7332476280865154,0.7106703342060703,0.7253641251257408,0.9860777826493692,0.7521146973942798,0.7143607147557588,0.9044238551405677,0.9885291785887993,0.8389093273091621,0.7497397870081354,0.8214154711211332,0.9576948646187347,0.828094858968585,0.8372936307150927,0.9862118025338764,0.9950058988075361,0.8221755430097122,0.7309022453202437,0.9638280395080976,0.9862797486148691,0.8026860603395937,0.8892331487091776,0.9230339739969549,0.8433939534005064,0.8341860124462195,0.9220678618045228,0.8786663984023608,0.7143607147557588,0.8801085107890285,0.693632981475482,0.8125986986748956,0.6415702561186767,0.8319998445807035,0.9361771952086213,0.7944548827772033,0.7508613366580396,0.6224785220634925,0.8211672044558134,0.7143607147557588,0.7143607147557588,0.8714850018199869,0.9396849046995172,0.9154607801116941,0.7851609960557899,0.7692466542002009,0.5560895250694631,0.6501013660074388,0.8125372981929976,0.9010466018155183,0.7825268732257546,0.7143607147557588,0.9616475384687977,0.8404690714821101,0.7881119119846212,0.6936916269143454,0.8537121927533946,0.8013748028950373,0.7143607147557588,0.7143607147557588,0.8097879860052801,0.9090749946786869,0.8929541415570481,0.833252239262104,0.732873961219082,0.6978525212060054,0.9550971031708261,0.9850237314416194,0.720134933482167,0.7065115954615393,0.7143607147557587,0.7787621042935644,0.7873613654139301,0.8579639412160376,0.9576948646187342,0.9890690087053564,0.8447619989938906,0.7147899939007833,0.8079961319821201,0.9475711879583983,0.7002935778020021,0.7143607147557588,0.8096365639804124,0.9814283705586102,0.6678999840892441,0.8012592517294674,0.8252567252044152,0.8965885627403589,0.9274070129490044,0.7468597462879012,0.8871339301744107,0.9967220031761845,0.7141997664520304,0.9388356782863467,0.8970334570250009,0.8701102736823143,0.8156588223676154,0.8836629532570511,0.8716795438693173,0.7332476280865154,0.9932919269679391,0.7946441320889311,0.9949291339897315,0.804189120537167,0.9444890139785416,0.9949291339897315,0.9027115151432653,0.9062891462589933,0.881314981718736,0.9447214675447797,0.7753537713040604,0.946092585873023,0.860737476487488,0.8576849567495957,0.9224205858629796,0.7888946566600654,0.8259862447268003,0.9008500906435695,0.8158269723319069,0.5649148664935455,0.7836070718145234,0.8231625077327724,0.8065988934034571,0.79968279063926,0.7700281250746963,0.7143607147557588,0.8282087968708165,0.8591931342040491,0.7768907827441298,0.8125986986748954,0.9464431018835202,0.6992369467430921,0.8653629767518201,0.7143607147557588,0.7173564346629755,0.5715745870109026,0.8147003782300277,0.8002300922688387,0.7582100817747532,0.7951688832296664,0.8724525586652854,0.7665585919407133,0.9423518925154964,0.8228527152990059,0.758755859547249,0.8920317838114342,0.888187673956097,0.9027115151432653,0.8685202841019504,0.8221755430097126,0.941775950144006,0.9752377891557393,0.9077297499698219,0.6918625383692878,0.5892284287949634,0.9460925858730229,0.7051012987580605,0.905105780975645,0.6672159335245493,0.9551201270583277,0.7008377967429446,0.7185326975509436,0.7143607147557588,0.7444061887847703,0.6616313002883079,0.9307214100702195,0.7143607147557588,0.7050848691106903,0.9042097209541822,0.8537121927533946,0.7317842208368257,0.7051012987580605,0.7558791572154471,0.7601473737062717,0.9978623391565123,0.9023889491272763,0.9104119767804297,0.8685202841019506,0.5727306165747312,0.7143607147557588,0.9809307640438516,0.7143607147557588,0.8343397916505891,0.8324648722632204,0.8696038183727366,0.7881119119846212,0.8586803712690679,0.6459708164824742,0.847056796956819,0.7892954251651072,0.7143607147557588,0.8868252772293053,0.8228241374285102,0.8414347369924149,0.8411207419511779,0.9760700705133396,0.9684030202148095,0.9307722475773074,0.8167501735797206,0.7207145541760415,0.8462494245241602,0.6561310384011532,0.7207145541760415,0.8499065615530126,0.9364195330316347,0.6910612603127237,0.7207145541760415,0.7881119119846212,0.8271253427472369,0.9926906475466958,0.7987020211932379,0.9008500906435697,0.8372143073668705,0.8158166410117746,0.8055502539769913,0.7599030408171727,0.9860777826493692,0.7968233705824539,0.9148923477148999,0.9289964199720244,0.9224205858629797,0.66134108252091,0.7892954251651072,0.7401968954215563,0.6866814344177405,0.8331466215666066,0.7146196643299776,0.9312898439039949,0.8433452363094305,0.8959232789032516,0.819325264152502,0.7738824070992767,0.938282675520304,0.8529864984732083,0.8943910363928879,0.9044360458484599,0.8469680690265142,0.815065247604803,0.732540693669234,0.8442054820964564,0.9621581218278892,0.965542747662913,0.6877068671891959,0.9470914786711442,0.714429504643971,0.8801085107890285,0.9249493662047032,0.7658633992127393,0.8429556500200683,0.9112051619118655,0.9210974999564011,0.8802053191263985,0.8132959712599781,0.7727251547548049,0.7263548636463293,0.8587088030071148,0.7839238755314015,0.9982855450135188,0.7121147030872417,0.7693073076993371,0.8642917692688632,0.7749118675741449,0.9852890786289346,0.9674118266891106,0.8815423807318206,0.8650546456747354,0.8579639412160376,0.8408466352955106,0.7418566605530854,0.9267919121317671,0.8925132974713501,0.6938044782916709,0.904722095482415,0.8655810002434066,0.8107870483721842,0.7441420481406298,0.9312800724987114,0.727658888950425,0.9576605453602836,0.7468134265310764,0.8389093273091623,0.8469680690265142,0.7821544113220154,0.9464431018835202,0.8878330234634915,0.8125986986748954,0.8168666899477834,0.7650180104070299,0.8458035854898045,0.8469680690265142
p210_T,0.9893137486628489,0.8721292828577808,0.9454621129724835,0.9205309941406192,0.9580166426603274,0.9935264355112596,0.7930140835413967,0.8240740639748132,0.8395280973905592,0.9336347991328913,0.9530613123008462,0.9540589546097202,0.9125111785873636,0.5328267626067011,0.9578829909052506,0.8769047782559865,0.8168059725015979,0.8836079670195752,0.7115640556679519,0.9056319216938425,0.973024856152525,0.9693820495180774,0.9339429911190156,0.9621698344437761,0.9302334181929384,0.885698841863535,0.5802498355628296,0.8887315011070402,0.9056319216938434,0.7145667211237148,0.9054862779423514,0.9239759423528264,0.9046484553665961,0.9796624177838527,0.9152582079543843,0.98145106467318,0.9180790428976138,0.6719674299867895,0.9371382816751241,0.5002224101444177,0.979977169685071,0.9445283662005388,0.9371382816751241,0.8547116092900202,0.8562319953247268,0.8396211330702817,0.9209817665727265,0.9580835864837807,0.8894609565966471,0.8194852749688186,0.9239759423528264,0.7941210409689854,0.885698841863535,0.9021362778138218,0.9413936847619075,0.9132389320257919,0.8631510629728291,0.9152582079543841,0.9542792996141665,0.9098310498422768,0.8432648458861449,0.9759229255035986,0.9495203073386865,0.8567883809445207,0.8766763317110756,0.8016875724452739,0.8871763046924683,0.9011477921215736,0.9094904516262705,0.9162206421071973,0.7189659513525051,0.915919770177237,0.9580166426603276,0.7677905591505942,0.9152582079543841,0.8562275189872222,0.933316065142574,0.9162444743188086,0.8374304068558618,0.8373091029803345,0.8996713357710029,0.9924821208671799,0.7816425681135175,0.9186550120230903,0.9152582079543841,0.5685052015061188,0.9224199973554131,0.7482013197512773,0.9659099888139071,0.9125111785873636,0.9152582079543841,0.5458726724726971,0.7083613830184102,0.7780618604319121,0.939058681525885,0.8339840080055286,0.5338850003743507,0.8353059983605327,0.8875694521161241,0.8290620467763279,0.863151062972829,0.9665480300996037,0.61439901028024,0.6266735693376517,0.9116877587266515,0.9302869180633684,0.738134338000389,0.8094193621327108,0.9990384391481417,0.8098004043167835,0.5775575309507532,0.8440113363412965,0.9877739866737223,0.9124556971128849,0.9209817665727265,0.9321776639939661,0.9773810909232878,0.98145106467318,0.9371382816751241,0.8242121596239338,0.9816226255653286,0.5329239246248032,0.46857736920624204,0.8802394617762672,0.9516111821826463,0.7023828136303214,0.9180790428976138,0.9327935102712095,0.9125111785873636,0.9186711522287638,0.8948327340196496,0.920981766572726,0.6511166134990862,0.9371382816751241,0.8168059725015981,0.9828975878302718,0.8202484281215612,0.981600181169821,0.9239759423528264,0.9098310498422768,0.8256218566085434,0.9336347991328913,0.7827707385776614,0.6807340808374795,0.6367717134368293,0.9043677125545331,0.9631981626021591,0.7755589905589138,0.9218975021343333,0.7623691292878553,0.9336347991328913,0.8432648458861445,0.8159114226352966,0.9128970390513769,0.8399643664537921,0.8834832246395519,0.7917243604428439,0.8127085188301832,0.9033507991396703,0.6918161969261296,0.7464504300545798,0.9878857063735189,0.7007266197263641,0.8180335093082518,0.8527933965694763,0.6329584581972489,0.9327935102712095,0.9461095570705993,0.9390586815258848,0.741919849688756,0.8310607868635619,0.9125111785873636,0.9132389320257916,0.7951319916449242,0.916854520642427,0.6558388834805504,0.9162206421071969,0.8267128986642147,0.7259237851996108,0.8698807330114567,0.8797889105982799,0.8372157331956336,0.9771275048833288,0.7966543892561384,0.9281866733530676,0.7014652460146704,0.8038745940299183,0.939104698965682,0.9473740959672468,0.8251414413286069,0.9098310498422768,0.9157349837086728,0.6743250548910674,0.667661173569247,0.8432648458861445,0.9152582079543841,0.9180790428976138,0.7261942854966694,0.9426367507336174,0.9952867736628883,0.8664957973805585,0.7966543892561384,0.9152582079543841,0.928246206060751,0.8699084854586625,0.9336347991328913,0.9152582079543841,0.8562655286589183,0.8586206896551725,0.8105788943203351,0.7817124512888372,0.9281235490838953,0.8382021652784959,0.9152582079543841,0.9011477921215736,0.9152582079543838,0.8910309205240108,0.8812466268131877,0.7735905718802178,0.9152582079543841,0.9850445392200939,0.9152582079543841,0.945094745800659,0.8711916800801187,0.5204149192100227,0.9015044103520695,0.8967531793197642,0.8017099301042172,0.9098310498422768,0.7951184200738988,0.8972500807670709,0.8468536050146844,0.8191390421706404,0.9508942993498992,0.7927524282151159,0.8814261386926309,0.9954124083077878,0.9355105445791142,0.8071490758646975,0.8586206896551725,0.8864592094196801,0.9466378905596333,0.5329239246248033,0.9688440619373718,0.9152582079543841,0.9384799527980219,0.9152582079543841,0.7413384653814927,0.7238015138772083,0.9343882429311449,0.9320055225938175,0.7833661589651719,0.9180790428976138,0.8566595864113669,0.8948693468634783,0.5164310025802155,0.9733050117350786,0.9327935102712095,0.9209817665727265,0.5527441503859736,0.807306197356493,0.877379376487226,0.9125111785873636,0.9748016543159651,0.7712542067645285,0.9371382816751241,0.8562655286589183,0.817897698002549,0.8879432507007241,0.8904440437110421,0.5605134200960955,0.8399643664537928,0.8463197507466305,0.7909742770057894,0.9231335028101035,0.9302869180633684,0.8859722932110905,0.9393175601009793,0.9052541259973347,0.7390417248479728,0.9302869180633684,0.9123867684813642,0.708575751330851,0.9748016543159648,0.85478507095173,0.6521203723094444,0.6233555981584997,0.8933580624819937,0.8451558587437946,0.9098310498422768,0.9665480300996037,0.9209817665727262,0.7454446226695062,0.9673847887170086,0.7377494108246845,0.8183589115548069,0.8769047782559865,0.926546099924715,0.916220642107197,0.6999158796921268,0.6948416833705316,0.766635914903453,0.8399643664537925,0.8365319455548637,0.87924621167182,0.9423194428466415,0.8570244110589613,0.9424531904121208,0.8405194713897168,0.8489400226485824,0.8973472988653559,0.6486586592106138,0.9600248912759577,0.764164119205994,0.59104495155087,0.9056319216938427,0.8903326882693017,0.9336347991328913,0.9508942993498992,0.9142977291841883,0.6738514168743527,0.920981766572726,0.9152582079543841,0.9239759423528264,0.8599048430053958,0.5540462654240189,0.9302869180633684,0.9270730230791457,0.9628454933455661,0.9152582079543841,0.8948693468634783,0.7627282022777627,0.7245327953080635,0.8508524342038151,0.9318679907988411,0.9052541259973347,0.7927524282151166,0.7411620366898104,0.7712542067645287,0.8575821538303017,0.9046484553665963,0.6422637014605203,0.9209817665727265,0.8645899440480416,0.7548054924865853,0.902136277813822,0.9043677125545329,0.9500854106526051,0.7741288842579106,0.6175839241408083,0.7947271048367865,0.856231995324726,0.9125111785873636,0.9840705843230203,0.7145150929691761,0.7709024567071354,0.8473067066465352,0.7014684666900229,0.9152582079543841,0.7561470539717314,0.9382965016294352,0.5804004821856089,0.9951874708791759,0.9592096814182646,0.7812316443288949,0.9152582079543841,0.9152582079543841,0.8894609565966469,0.9157349837086728,0.6025301886528579,0.9152582079543838,0.9592096814182648,0.8281911838099564,0.8907075917149334,0.8527933965694763,0.8699084854586623,0.9580166426603276,0.5834788821627148,0.7781560598534008,0.7054448215410976,0.7624833366990771,0.9152582079543841,0.8462098839072107,0.6610943429440546,0.7924700721297371,0.8153228320996531,0.8855570811200798,0.752050083890457,0.9209817665727262,0.8256890852298722,0.9152582079543841,0.7478985948211647,0.9824764774982423,0.826168599876095,0.7875618293796198,0.8614669993715756,0.8421421542610046,0.748946359922537,0.9152582079543841,0.8508127890003336,0.7296718926364865,0.9152582079543841,0.9761805408072894,0.8817276870237212,0.9511854069300709,0.7095781585654695,0.8365319455548637,0.9152582079543841,0.7235939266749611,0.7798874555888031,0.9761356843815903,0.6681920384841759,0.7469899622295402,0.8451467479521528,0.8733124723819161,0.5943448869447263,0.9209817665727265,0.9739869440076382,0.8105788943203351,0.7257061345513391,0.8144676551397416,0.6726736421873187,0.9608499511796932,0.8925262950745887,0.9239759423528264,0.6529147759026857,0.9152582079543841,0.9302869180633688,0.864081083671541,0.9948131704057895,0.9530613123008463,0.942085822740748,0.9098310498422768,0.9592376821843175,0.9621698344437761,0.9098310498422768,0.7321602844086199,0.6999158796921268,0.9397586843685546,0.8862836892666925,0.6778282892613932,0.9673847887170085,0.7831200647944141,0.8520541619694209,0.9021362778138218,0.9686491338802947,0.9637579048469769,0.7781560598534001,0.8520541619694206,0.9799672196519233,0.8605956163602335,0.827935806943135,0.9214489273204716,0.9693820495180776,0.8880761517488762,0.9209817665727262,0.8933580624819939,0.9461095570705992,0.8601436529773288,0.5643749488790506,0.9707473148187092,0.879427636336771,0.8748756693307256,0.6843267459128244,0.8223388654867663,0.5183736200723865,0.9072118677365051,0.7459421763974747,0.8318824090638509,0.8707051888795789,0.9243062854435229,0.8925262950745889,0.704190498041769,0.9898781502828838,0.7925521419000903,0.8711662082855063,0.8864592094196804,0.6815363726303545,0.9878857063735189,0.8649622039098555,0.9383519435605555,0.6822871400056008,0.9799771696850708,0.9302869180633686,0.8480064364311654,0.8429905361746888,0.6804256865012974,0.9987249599057338,0.6985279040322139,0.9466378905596335,0.9711878805915029,0.9302869180633686,0.696575810106513,0.8362885366467139,0.9365444918623458,0.9628454933455662,0.9125111785873636,0.8374304068558618,0.9232815443360516,0.9466378905596335,0.6380707706869773,0.9152582079543841,0.9270730230791457,0.9152582079543841,0.9152582079543841,0.8666196056990201,0.8925262950745887,0.8477288716124305,0.9152582079543841,0.7750549374151887,0.8259931690751114,0.8586206896551725,0.8450266356206386,0.8684389356219329,0.9913713384075755,0.7794374710188767,0.8376723506997308,0.9077452397425096,0.9046484553665963,0.8334032066537784,0.9270730230791455,0.8625851059964713,0.7947271048367865,0.7596773995000079,0.7577970273297638,0.9046484553665961,0.9098310498422768,0.7901573225395608,0.9748016543159649,0.690839204171672,0.9209817665727265,0.6696176780814617,0.9224199973554131,0.8105056597215491,0.9339429911190155,0.7472773782722046,0.7949336214328707,0.8690883083110754,0.8992368483577363,0.8957156269639839,0.9209817665727262,0.8972500807670709,0.5528314585484413,0.9944228758940543,0.9033507991396703,0.9757038990161571,0.9711878805915029,0.9344647370592187,0.9072118677365055,0.9253975186092833,0.7428790677862729,0.9540589546097202,0.7741276405876656,0.939058681525885,0.9500854106526051,0.7304383706418573,0.7634145312909695,0.960712445103687,0.7354964876969659,0.6699581067268914,0.8451467479521528,0.848196187174957,0.9152582079543841,0.9239759423528264,0.8887315011070398,0.7854327491040132,0.9738744855255579,0.9584859817309163,0.9098310498422768,0.87474215156705,0.7656959992652366,0.9339429911190156,0.8408484553252291,0.9872125588573131,0.7551863014753166,0.9364881737530406,0.9027034310336555,0.9098310498422768,0.9046484553665961,0.7033258503879964,0.0,0.8029903728618493,0.9255529168554744,0.8442313474355196,0.7387597232219983,0.9167641131388631,0.8477288716124307,0.8138501482580391,0.8618016134570488,0.9054862779423514,0.9336347991328913,0.8222180825008416,0.9055577909177371,0.842481965546092,0.9636818533225946,0.8212788440155339,0.9540589546097205,0.695039434734434,0.6422637014605201,0.8936972568164698,0.9743307041268674,0.9209817665727262,0.7960690785050831,0.9705890751589275,0.9214489273204716,0.9358559422107495,0.9720712876111448,0.8948693468634785,0.9526296338320908,0.8996713357710027,0.8797499413008527,0.9239759423528264,0.9371382816751241,0.9152582079543841,0.9628013453482422,0.9328387218485342,0.7337757556888058,0.6095051427884095,0.9152582079543838,0.850190667803344,0.7064747469968085,0.8949117707360061,0.9205309941406191,0.8649303928299301,0.6398937172961762,0.8906679873366548,0.7143572795821297,0.9420858227407478,0.7952066801648223,0.7508334733135502,0.7150752667467535,0.9270730230791457,0.6582896388088142,0.863151062972829,0.9423194428466416,0.7794785534062243,0.6117564876357919,0.8791314954080307,0.7261942854966694,0.7809209491441989,0.9397586843685546,0.799262490115292,0.7854327491040132,0.9706994531935329,0.8521937519210798,0.9814510646731802,0.9564664879277861,0.8972500807670709,0.7787652205288144,0.8365319455548639,0.9125111785873636,0.9711878805915029,0.9072118677365053,0.9125111785873636,0.9125111785873636,0.8764969900463835,0.9152582079543841,0.8956580181478541,0.9753714085919838,0.9152582079543841,0.5643749488790507,0.8318824090638511,0.9302869180633686,0.9209817665727265,0.8276136704086307,0.7732854162792504,0.9125111785873636,0.7503399901231678,0.7631994628418877,0.8925262950745887,0.8710102428975535,0.9152582079543841,0.6339546094885242,0.9665480300996037,0.8902183677316946,0.7845016432436667,0.7325750121896464,0.6603999090581406,0.9937393740100617,0.8948693468634785,0.8629941126997481,0.7514899398419218,0.9152582079543841,0.9699747687132043,0.8662463030027914,0.9108500703878931,0.9055477362177866,0.7321602844086204,0.9302869180633688,0.8245878655212752,0.9209817665727265,0.5818647452325914,0.8731292218762232,0.9152582079543841,0.9992249226337293,0.8705381445093674,0.9336347991328913,0.8452168921692309,0.9745100637941104,0.879427636336771,0.7449370708424374,0.9098310498422768,0.688187425655417,0.8059107775749208,0.9152582079543841,0.9152582079543841,0.9780244662094083,0.7083613830184108,0.6834915393333869,0.8417144870220843,0.7615757470088254,0.6160486494052932,0.8591530377748239,0.7952638688103248,0.7434943064820541,0.7252671672544799,0.9152582079543841,0.9426367507336174,0.9239759423528264,0.9371382816751241,0.6892498442694684,0.9302869180633684,0.8138501482580389,0.9152582079543841,0.9152582079543841,0.7879337685382364,0.6143990102802397,0.8014566491906352,0.9693820495180774,0.6303688674321356,0.881426138692631,0.9634826862601762,0.9707473148187092,0.8006996197528133,0.6915052445492804,0.9152582079543838,0.6124474348191764,0.826967588779844,0.9180790428976138,0.98145106467318,0.9247004559875522,0.8844695596612387,0.8815711740425956,0.6253961707558596,0.918079042897614,0.8465722145714896,0.9152582079543841,0.881659188663414,0.8814055323796943,0.8567883809445209,0.933793161170524,0.8078318817278116,0.8721292828577806,0.8413921158471316,0.601023079345485,0.9270730230791457,0.8018016321802295,0.7908348624398815,0.856231995324726,0.9336347991328913,0.8707051888795792,0.9186550120230905,0.8558963430130209,0.9239759423528264,0.9125111785873636,0.7929756481234906,0.8812946455970232,0.6959629941127002,0.954614513992963,0.9371382816751241,0.862994112699748,0.9371382816751241,0.9500854106526051,0.7338953403825335,0.8666109663611836,0.8266892096935972,0.9580166426603276,0.9592096814182646,0.9224199973554131,0.9693820495180772,0.6862975780081249,0.9816273853023441,0.9125111785873636,0.9909282086879025,0.846882629081873,0.9180790428976138,0.817568614572871,0.9763670444959536,0.7807678564900742,0.7419495813526649,0.9152582079543841,0.49886215006095724,0.9580166426603276,0.7412056506199436,0.9336347991328913,0.7769999831018015,0.8902183677316946,0.7754913104577064,0.9152582079543841,0.8408484553252293,0.7304383706418573,0.8902183677316946,0.8430031832339395,0.881659188663414,0.8558963430130209,0.9239759423528264,0.8353392947227405,0.8401993362891034,0.9542792996141665,0.775000893266284,0.6562938490287817,0.6553036062055206,0.9500854106526052,0.8645307055964572,0.6571574449861826,0.8792462116718203,0.9807928612526089,0.9055477362177866,0.8376723506997308,0.7201398843732651,0.9580166426603276,0.9125111785873636,0.8926432681396852,0.9439635639657455,0.7390863627851452,0.7924700721297371,0.7711917747550667,0.9152582079543841,0.7941696200496446,0.9788160918574134,0.5030033601810154,0.9152582079543841,0.7329189478805092,0.7874358248904121,0.9302869180633684,0.8925262950745887,0.9125111785873636,0.9607079996608051,0.9516111821826464,0.904308369454934,0.9270396358303659,0.9427683537514798,0.8298245628351781,0.7148935080660581,0.9152582079543841,0.9106086590743894,0.9152582079543841,0.9302869180633686,0.625768757480095,0.8747705253932176,0.9371382816751241,0.8769922925568632,0.7750008932662837,0.89261085697357,0.8907075917149332,0.9152582079543841,0.8541685772005315,0.7579218268192156,0.6915052445492809,0.8190182445530152,0.8586206896551727,0.9239759423528267,0.8748756693307256,0.9634038194012378,0.945003270600653,0.8212788440155339,0.7343464706655154,0.945003270600653,0.930351993730951,0.6039046752604113,0.8542058822129399,0.945003270600653,0.9371382816751241,0.817695626700464,0.9621698344437761,0.7599128850552692,0.755106613233782,0.8727803597140285,0.8029903728618506,0.9924726353842229,0.9142977291841885,0.9272324378358676,0.9117649022044421,0.8834832246395512,0.9628454933455661,0.9584859817309166,0.8537505429461787,0.6819437747351321,0.9391046989656819,0.894633359315288,0.9068017215907915,0.9521349754676034,0.7597147744459034,0.9180790428976138,0.9209817665727265,0.9358559422107497,0.7960352917220271,0.8791314954080305,0.6801882132629482,0.9332636707881303,0.9239759423528264,0.9270730230791457,0.9400724976363595,0.876992292556863,0.6790476815915385,0.8625851059964715,0.9054862779423516,0.8945866455490639,0.6807617971830018,0.9331959995055013,0.9152582079543841,0.8239687012773427,0.5901173471913554,0.6815687228001354,0.8588039237011791,0.907951523417786,0.9761356843815903,0.979662417783852,0.9899668274193519,0.885698841863535,0.856231995324726,0.9678417350205826,0.8229207683300495,0.9566277828832506,0.8566350037680563,0.8057939603726956,0.9165942812048378,0.7135588372114252,0.9027732006169344,0.7309022453202438,0.8056206522660094,0.9180790428976138,0.8334032066537786,0.8791314954080298,0.8056206522660101,0.9984480847277285,0.8340281415141291,0.8362885366467135,0.9688440619373719,0.9907143086558445,0.7775796030686408,0.9052541259973352,0.6834915393333871,0.9209817665727265,0.826168599876095,0.9734299614209916,0.9761356843815903,0.8212788440155339,0.7769999831018015,0.9055577909177371,0.9336347991328913,0.9677003624281724,0.9302869180633686,0.8141411434580984,0.9270730230791457
p211_C,0.9823486367088856,0.8917189373891499,0.8598295527538453,0.7717325331780397,0.9341976401680094,0.9107192181558882,0.8273518836510728,0.7901726603312551,0.8753928891101745,0.948467140918744,0.9671761235857237,0.9320645602494204,0.9320645602494204,0.95432444114824,0.7226409993560162,0.8515386735783614,0.8789436985072654,0.9919535000677886,0.9458674971126175,0.985927565404734,0.920862119626535,0.7264869886153865,0.9984593147144779,0.9363880304285925,0.7352115082109041,0.911244667414393,0.9272203681387056,0.891751906668637,0.9859275654047339,0.7520660878273886,0.9028404281797042,0.9409669977890662,0.9259591224230199,0.8233368841618821,0.9341976401680094,0.740883229185921,0.9363880304285923,0.9326512786655545,0.9511876099263499,0.8918850562014601,0.7381436279476095,0.9129874603663681,0.9797658041147691,0.8871829502996265,0.8789436985072654,0.810561256147313,0.9386420076357269,0.9014795552136838,0.5344217736533479,0.8598295527538451,0.9987774230311344,0.9997060959500519,0.911244667414393,0.9240084059312026,0.9730889887268284,0.9469401678022589,0.5054445484464427,0.9341976401680094,0.8200402670078457,0.9299834289466347,0.8782944901168632,0.8443176746495,0.7255655856453289,0.9300014988735692,0.3957853697218251,0.8652182557384989,0.8277913012426609,0.9371232834629926,0.971359869156901,0.8661829386665059,0.8855830288196836,0.9095242312718104,0.9341976401680094,0.7754786512031122,0.9341976401680094,0.8529137105219888,0.9914610572055534,0.8975786096948727,0.7942278940301717,0.7726260462381258,0.9671761235857237,0.9982345523329128,0.9044839950643895,0.9112446674143933,0.9341976401680094,0.9325475534270612,0.7706493333804143,0.7923026475436274,0.8917681657699779,0.9320645602494202,0.9341976401680094,0.5933144033683211,0.774112157359288,0.8613619137682151,0.9804835086069066,0.8710878802609618,0.5742554606370509,0.8542911987973543,0.7897039992671337,0.7651933449849071,0.46632917103563565,0.9497673578995787,0.9610880275993516,0.6360085599059492,0.9074232144688463,0.9458674971126175,0.8651106674996403,0.8051891611732336,0.9183656033219387,0.8016923477411808,0.5760300186885362,0.9229034192989757,0.8182239566029239,0.5654259289114565,0.9386420076357269,0.786710951348796,0.9700765701011145,0.9458674971126175,0.9797658041147691,0.8161233816474041,0.9873862869297436,0.5925710657252328,0.9950286745612719,0.9847126547835199,0.8869832509521188,0.7282274248566507,0.9363880304285925,0.8453672416657232,0.9320645602494204,0.9243062854435229,0.8351667251716826,0.9386420076357269,0.9434121517267975,0.9511876099263499,0.39617700219286656,0.9837847339873332,0.843329924573051,0.9409669977890662,0.9409669977890662,0.9795036960805319,0.8446725410342772,0.9484671409187437,0.7725645540758677,0.69602548723023,0.6398037676563963,0.8841862845276727,0.9939623810860376,0.8193098328029464,0.9095242312718104,0.7320136740951813,0.9203222717282118,0.9099149954318695,0.8154071187516387,0.8732786138576025,0.885601726484729,0.9095242312718106,0.5198114677893394,0.922433446216693,0.8644048898104937,0.6481600917948731,0.7726254326831441,0.9497673578995788,0.91828499369483,0.7890915444598163,0.8668322994400735,0.62591956977604,0.9208219488037759,0.8696642492046922,0.9044839950643897,0.8718048700433567,0.8812876779601599,0.9320645602494204,0.9078247903914518,0.7266907818585513,0.9336373275557406,0.7556568837056095,0.9288327934067981,0.8844754883439765,0.5333644884359078,0.8808617942287751,0.885680018846007,0.8556713284264506,0.8183675677328989,0.9320645602494204,0.8424726734166375,0.7219901930414616,0.8908326623446738,0.933760644847901,0.9240084059312025,0.9751916033161048,0.9795036960805321,0.9376024723749292,0.9543727587960986,0.8177148849175344,0.9099149954318695,0.9341976401680094,0.9363880304285923,0.9299834289466349,0.9014795552136838,0.9992162450517965,0.9173933468462485,0.9320645602494204,0.9341976401680094,0.9896312374828667,0.975309889263084,0.948467140918744,0.9341976401680094,0.7841148356942863,0.8902183677316946,0.9367579616423476,0.9140530994042178,0.5273509947965678,0.3556892229990287,0.9341976401680094,0.8876293639059187,0.9341976401680094,0.9699348665599509,0.9810706254550972,0.9771998560522617,0.9341976401680094,0.8025107916900323,0.9341976401680094,0.8273518836510727,0.8797557950282513,0.8326317941568926,0.9721368213039625,0.5592001372731488,0.7485101984028704,0.9299834289466347,0.916546213700882,0.9202142532643911,0.4892954035830053,0.7985533442261596,0.9994678821812104,0.9409669977890662,0.9300014988735689,0.858440300510009,0.9356707151118058,0.9858026338134493,0.8902183677316946,0.8902183677316946,0.9279496229669748,0.5091875266207719,0.9299834289466349,0.9341976401680094,0.8739518939582049,0.9341976401680094,0.7230437990172569,0.9924821208671799,0.9409669977890665,0.9446884865801572,0.7709719157068774,0.9363880304285925,0.8886955627708657,0.9183656033219387,0.6464055357779477,0.8074150985486039,0.8202156726197058,0.9386420076357269,0.5393034253504894,0.8338083271305468,0.7982076797417141,0.9320645602494202,0.9433718940682516,0.7086321670541829,0.9511876099263499,0.8545862256205103,0.8545862256205103,0.9129874603663681,0.8324501640471824,0.5535436320153632,0.9987774230311346,0.8522702719805191,0.8051891611732336,0.9731273714429403,0.9458674971126175,0.7783744674933413,0.9899092131083476,0.4591424968474147,0.9743738807581963,0.9458674971126175,0.8078984963029705,0.804954963221413,0.8763982687835877,0.8682458143938527,0.44306709883167794,0.9386420076357271,0.8948535190071925,0.7500321881506022,0.9299834289466347,0.9386420076357271,0.9944373248680742,0.7411491401914747,0.8661829386665059,0.7616332493823366,0.8366902973473977,0.8515386735783614,0.9857106085223284,0.8035330839262136,0.48987353255247823,0.7727306286854221,0.871935502517777,0.9409669977890665,0.7664404416746766,0.958102892901342,0.9497673578995788,0.8521669136961143,0.891751906668637,0.7582850143029657,0.8827012888689014,0.8778108787653007,0.6629280691833777,0.8634329194044192,0.8577128516761463,0.5352969598109363,0.789111684375167,0.906497680742552,0.948467140918744,0.7881106845580159,0.8902183677316946,0.9225200821124011,0.9386420076357269,0.9341976401680094,0.940966997789066,0.9665301256886063,0.44308467135844587,0.9458674971126175,0.9965514935490281,0.8644365206787079,0.9341976401680094,0.9616684643803335,0.9458674971126175,0.9511876099263499,0.9824794635567504,0.7663490925761947,0.4591424968474149,0.9987774230311346,0.831095762311769,0.7086321670541831,0.9616684643803335,0.9259591224230199,0.6576749019552592,0.9386420076357271,0.8948535190071925,0.741688096636641,0.9240084059312024,0.8841862845276727,0.9797658041147691,0.7637591212169568,0.5415272873309553,0.7348703036049686,0.8789436985072656,0.9320645602494202,0.9577202049352735,0.5647765526904125,0.750032188150602,0.7743287291569785,0.7059359258346487,0.9341976401680094,0.8106471563404556,0.9629590308991038,0.49772619717432176,0.9673786919850061,0.9484671409187437,0.82366807138692,0.9341976401680094,0.9341976401680094,0.9095242312718104,0.875392889110175,0.6078799896499428,0.9341976401680094,0.9859275654047343,0.38515920031983997,0.5891406252078384,0.8668322994400732,0.7952013128681701,0.9610880275993517,0.5809392452044759,0.8589740229104694,0.7484029422269309,0.7933695278239044,0.9341976401680094,0.9277170029726365,0.5225634575856133,0.7780455836381195,0.7815341678105783,0.9508302047706586,0.6766642580654566,0.9386420076357269,0.7358234924027574,0.9341976401680094,0.7205095636306711,0.8869832509521189,0.8174887035560277,0.7997170651160581,0.9363880304285923,0.7273084791658133,0.8855214123617459,0.9341976401680094,0.8654234385275945,0.8149916982575085,0.9341976401680094,0.975191603316105,0.9146737187626446,0.8461643043160518,0.6895695889387644,0.7437893388895367,0.9341976401680094,0.8264625247255821,0.9123763236844555,0.9965514935490281,0.7274375203314072,0.8040952978790998,0.9116474872122644,0.881224596830571,0.6914912645821574,0.9386420076357269,0.9281505333988456,0.8529137105219888,0.8284703715451976,0.8337999729316519,0.5575682715163925,0.8584628261955793,0.9165462137008822,0.9409669977890662,0.6852111693186316,0.9341976401680094,0.9458674971126175,0.9743738807581964,0.9224048105777053,0.9671761235857237,0.9061450951233825,0.9299834289466349,0.9650404536475957,0.847657488257193,0.9299834289466349,0.9877421208411417,0.9865548062843288,0.9377871015590615,0.8702830404599118,0.4714064866099047,0.9458674971126177,0.8009889531223418,0.948467140918744,0.9377871015590615,0.9559620789221579,0.8101114348470415,0.9914610572055534,0.5922958033456,0.9215590215470078,0.9262039440654457,0.9674790649689441,0.9540147404500321,0.9202142532643911,0.8739518939582049,0.9497673578995789,0.8948535190071925,0.6778063782787326,0.8673056527925582,0.9982345523329128,0.8998328740391308,0.9220943680125895,0.9028404281797042,0.6365293048823517,0.8176730306437259,0.9036512250367028,0.9762262925984146,0.8049549632214128,0.6552615132688803,0.8996020324755998,0.9564943253467844,0.9165462137008822,0.7081328128169754,0.9671761235857239,0.8568104945519835,0.9147540983606557,0.8029903728618499,0.7263165016573891,0.9944373248680742,0.8393743380180233,0.9070711234195772,0.7932229991952813,0.9300014988735692,0.9458674971126175,0.787337450621303,0.9461752438924502,0.9965514935490283,0.9704399437441277,0.9762262925984149,0.9762262925984149,0.9987774230311346,0.9458674971126175,0.7598188207099681,0.6691665684359989,0.8122070398100221,0.9829392900173883,0.9829392900173883,0.8404829480716067,0.8797557950282511,0.927949622966975,0.7743865181701004,0.9341976401680094,0.9433718940682516,0.9341976401680094,0.9341976401680094,0.7651933449849071,0.9165462137008822,0.47107488812322396,0.9341976401680094,0.753113329409669,0.7897927313248179,0.924306285443523,0.5775718438178106,0.8460594193000852,0.9982847909550883,0.6580352364041682,0.8739518939582049,0.7926104337466322,0.9730889887268284,0.9088098779355613,0.9433718940682516,0.8932967537832139,0.8696406074290106,0.8133884845703083,0.6098895979942676,0.9730889887268284,0.921455769651674,0.7619326522517726,0.9364748811663081,0.6028742052041078,0.9386420076357269,0.5210786206845976,0.9202142532643907,0.9540147404500321,0.916546213700882,0.8765255001424477,0.9382025073594866,0.8782944901168632,0.916546213700882,0.9320611426402994,0.9386420076357269,0.9643765980294188,0.9903766507571461,0.9088771365541701,0.8395807850136316,0.8030302144488979,0.9409669977890665,0.7135853286428515,0.9279496229669753,0.781534167810578,0.687993509490268,0.7118123313748042,0.7780455836381195,0.9044839950643895,0.9511876099263499,0.7064934282346798,0.8492473095446895,0.8739518939582049,0.7559076557555617,0.814811678145442,0.9116474872122646,0.956856233085392,0.9341976401680094,0.9409669977890662,0.9704399437441277,0.9341976401680094,0.72705608455198,0.9202142532643907,0.9299834289466349,0.9424837518356481,0.774112157359288,0.8709676073375179,0.7469245461158658,0.948467140918744,0.7263165016573891,0.9877421208411417,0.8270171939535951,0.9299834289466349,0.9797811449693631,0.9312800724987114,0.8029903728618493,0.0,0.6999813330995082,0.8988628772910849,0.7437610195286941,0.848265815728716,0.9653059182149237,0.8046547388994403,0.7019045155059623,0.9028404281797042,0.948467140918744,0.4753943418605343,0.9363880304285925,0.9951959541874679,0.9356707151118058,0.861222266702258,0.9320645602494202,0.6773146014584008,0.6576749019552592,0.8416726321970069,0.843329924573051,0.9497673578995787,0.6190673064055563,0.9951080188590635,0.9129874603663684,0.933760644847901,0.7223365150310433,0.9183656033219387,0.8981981738963492,0.922094368012589,0.9829392900173883,0.9409669977890662,0.9107192181558881,0.9341976401680094,0.9653059182149237,0.5875761065582528,0.7727627776347095,0.8964228513787131,0.9341976401680094,0.8762945508619264,0.6715132359483456,0.878294490116863,0.5891406252078384,0.9064976807425518,0.9099152708765407,0.846059419300085,0.7151187813982633,0.9061450951233825,0.5841569195280252,0.8065211384922872,0.9985308211896644,0.9433718940682516,0.9973895362654066,0.5054445484464426,0.838176723434884,0.49619911345539325,0.9511876099263499,0.9446884865801572,0.9795036960805319,0.9511876099263499,0.9240084059312026,0.9357136999653201,0.9087308614830323,0.8700590088075519,0.8501659032843125,0.9458674971126177,0.9341976401680094,0.9643765980294186,0.7224487943538209,0.7664404416746766,0.9320645602494202,0.9409669977890665,0.9279496229669748,0.9320645602494202,0.9320645602494202,0.930079718611058,0.9341976401680094,0.9279496229669748,0.9116474872122646,0.9341976401680094,0.8348045397225726,0.5980499619487492,0.9458674971126175,0.9386420076357269,0.9433718940682516,0.9363880304285923,0.9320645602494202,0.7224578250075424,0.8161233816474041,0.9165462137008822,0.7940143529543535,0.9341976401680094,0.41862697692344986,0.9944373248680742,0.9147540983606557,0.7551288759229255,0.732706744094983,0.9288327934067977,0.9016461085857466,0.9183656033219387,0.9924821208671799,0.9183656033219387,0.9341976401680094,0.8902183677316946,0.9577202049352738,0.7973011263888934,0.8386701033104873,0.8074150985486044,0.9458674971126177,0.5344217736533479,0.994437324868074,0.8332189753156268,0.8193098328029462,0.9341976401680094,0.9341976401680094,0.956856233085392,0.948467140918744,0.7128789076945181,0.9762262925984149,0.9426603652680072,0.8652182557384991,0.9299834289466349,0.8194037998319389,0.7434578109999848,0.9341976401680094,0.9341976401680094,0.922433446216693,0.7741121573592882,0.8483134108505914,0.9790058412902787,0.8718048700433565,0.8040952978791001,0.9115396548655941,0.7632421686937121,0.3485214981276791,0.8033887015349683,0.9341976401680094,0.9318712301664056,0.9409669977890662,0.9511876099263499,0.7039066400690759,0.9458674971126175,0.7812528998027031,0.9341976401680094,0.9341976401680094,0.7520660878273886,0.9341976401680094,0.7175778918924294,0.9202142532643909,0.6391130142522654,0.8696642492046922,0.9832318780369318,0.8998328740391306,0.809076462819897,0.6081795180891021,0.9341976401680094,0.56437494887905,0.7637034372366573,0.9363880304285923,0.9458674971126175,0.8808617942287751,0.8198341757905698,0.9519917504238644,0.5145738907317221,0.9363880304285925,0.8674566432772473,0.9341976401680094,0.7754786512031122,0.7583918606373369,0.8998328740391308,0.5615276396033269,0.8766813250781542,0.9240084059312026,0.8768403073232187,0.6481960903122905,0.9433718940682514,0.8813439357061883,0.8215775544475035,0.9762262925984149,0.9203222717282118,0.9361204140696398,0.9112446674143933,0.7576876202204141,0.9409669977890662,0.9320645602494202,0.8392447154194036,0.9078247903914518,0.9052541259973347,0.9340740308913413,0.9511876099263499,0.9583942031553514,0.9511876099263499,0.9511876099263499,0.5088598945057862,0.8964228513787131,0.8949624583202775,0.9341976401680094,0.8547169780516897,0.7706493333804141,0.9202142532643907,0.6780662647582772,0.9259591224230201,0.9320645602494204,0.9078247903914516,0.8917681657699776,0.9903766507571463,0.7607995967969831,0.9629590308991038,0.7711003670094541,0.764844517262865,0.9341976401680094,0.5069687122297162,0.9865548062843288,0.7501741687694419,0.948467140918744,0.9129874603663681,0.9147540983606555,0.617431440523344,0.9341976401680094,0.7469245461158658,0.7292027959893128,0.9147540983606557,0.7484817456541226,0.7754786512031122,0.7576876202204141,0.9409669977890662,0.7696312684169999,0.9680784673562302,0.9562964735356454,0.689933091481969,0.7009786641682371,0.6523097685756014,0.772626046238126,0.9165462137008822,0.8563736953667129,0.8682458143938525,0.812448771190768,0.7912032625956174,0.9356707151118058,0.7437610195286941,0.986554806284329,0.9320645602494202,0.8193098328029464,0.7270560845519801,0.9868814625089897,0.7555855066537775,0.7695099974882298,0.9341976401680094,0.7485072008495273,0.8224794213265874,0.8082509147720797,0.9341976401680094,0.7926104337466324,0.9326512786655544,0.9458674971126175,0.9590434494932021,0.9320645602494202,0.8975056659670377,0.9112446674143933,0.9858026338134491,0.8574829451437058,0.6361895793263717,0.9590434494932021,0.7167499446622103,0.9341976401680094,0.9061450951233825,0.9341976401680094,0.9458674971126175,0.6051331182784384,0.8501659032843125,0.9511876099263499,0.9804835086069066,0.9703003667409347,0.8768403073232187,0.6256590068018787,0.9341976401680094,0.8530225521173653,0.8142749227592276,0.9772334469893817,0.4599603752785669,0.8902183677316948,0.9409669977890665,0.9028404281797042,0.9012134114028683,0.891751906668637,0.861222266702258,0.6792767735599083,0.891751906668637,0.8996020324755996,0.9409669977890665,0.8515386735783614,0.891751906668637,0.9511876099263499,0.5237935040118411,0.9363880304285923,0.5647765526904125,0.9320645602494204,0.9012134114028683,0.6678436317780578,0.888611449800047,0.9243062854435231,0.9590434494932021,0.8886955627708657,0.9095242312718104,0.9320645602494204,0.9202142532643909,0.8931170714860632,0.97263879566368,0.7293992823744564,0.9574900679095588,0.885680018846007,0.9455693733429786,0.8124487711907681,0.9363880304285923,0.9386420076357269,0.995004294443836,0.7875873196396961,0.9061450951233827,0.9832318780369318,0.9318712301664058,0.9409669977890662,0.9433718940682516,0.9155567433133465,0.9044839950643899,0.7632703995966016,0.9977901694570488,0.8347834320678187,0.931904670140075,0.9517258135028771,0.9751916033161048,0.9341976401680094,0.8356436707807,0.6483566230177904,0.9539851747197043,0.9014795552136838,0.9267444155504523,0.8163216564008666,0.9290154829734788,0.9721368213039625,0.911244667414393,0.5410070110871863,0.9044839950643897,0.9191553769542392,0.9382897017170406,0.9060386460054195,0.9220943680125893,0.9182530751505797,0.9829392900173883,0.8487121404429606,0.9301638097169646,0.4476095028084548,0.9903766507571459,0.8529137105219888,0.906145095123382,0.9497673578995789,0.7723258715761904,0.8735931051860006,0.9828275019633093,0.7728949682499829,0.9709760367855709,0.8530225521173653,0.8348045397225725,0.7865945896969908,0.994437324868074,0.8424726734166375,0.8765447667087012,0.9433718940682516,0.8901853371445989,0.9540147404500321,0.8476574882571928,0.948467140918744,0.9538997351778964,0.9914826481470902,0.9261540016919989,0.9433718940682516
p211_F,0.8547677097382225,0.9698839395572896,0.6770935191953171,0.8235647425933679,0.808854675956181,0.9487990223782055,0.9706633009675947,0.9207156401056305,0.7688389291588383,0.8635477725273676,0.8471455521939786,0.9378682975729825,0.855715460675475,0.8422712744288068,0.8569401985768108,0.8814426287297792,0.9802947374692921,0.8614022483242358,0.8532920118076434,0.9694876176253535,0.6838556153892255,0.7667404971856786,0.8206632703013357,0.933275239635067,0.782617578511497,0.704167298979953,0.9157619653567752,0.9173623170869567,0.8988610542266964,0.9001826083900079,0.7770326868464807,0.8965882112569317,0.7901539239134272,0.8581063372662456,0.865219132311196,0.9106507599689606,0.8051812588818612,0.9815292533466531,0.8373021566360075,0.9336022679318307,0.5737675329787864,0.9587681897571778,0.9859646442922714,0.9116269828430065,0.9023372645888428,0.7602234467433697,0.8441193845389969,0.8647796891736363,0.7457121875949586,0.7651801979711411,0.896588211256932,0.7331176530360188,0.7258888216147436,0.8211016111015104,0.7647853880534365,0.7177031552516264,0.9282490218845951,0.7806724477786732,0.7626525640617272,0.7535801967671494,0.7645435181116798,0.9007123414128664,0.9917313841329802,0.7361558232458456,0.8007002269432066,0.7281868214726757,0.9167065047033103,0.8042568288283292,0.8331628534829456,0.8432058376194189,0.8153560566412258,0.6815750787003165,0.9656874986237598,0.6394065860339085,0.7806724477786732,0.6177294252798675,0.7667404971856782,0.944209959337946,0.8719388155147207,0.9768697337936629,0.9344595317320945,0.9246559456426366,0.7225412924186312,0.8396807256894452,0.7806724477786732,0.8130812741567433,0.8618253437762453,0.90144891386012,0.8773694264794902,0.7735626237779674,0.7806724477786732,0.9665813556610314,0.8095686302912926,0.7319935365515708,0.9066280384954462,0.7502674595739722,0.967400863186876,0.48718519656890447,0.755260479429122,0.76195474407285,0.7387577419149227,0.8855847170568545,0.8652191323111958,0.9635120644209247,0.9703889340495294,0.809483376444649,0.9768695744164378,0.805631432352564,0.922469048895743,0.7131405237588211,0.9063388918729849,0.9528969934766461,0.7663489752175745,0.831807344710269,0.8140865069385359,0.6571511839557483,0.9557248962148213,0.8870144729824134,0.8653728680514656,0.762443695774856,0.9445428085327043,0.9390263462281631,0.7978280103357653,0.898086017607248,0.8179592030546554,0.9765472234474979,0.7761208698281863,0.8475202441302037,0.9926368555046544,0.9827047729403633,0.8459263082837106,0.7840536293380744,0.9789415993832298,0.9768697337936629,0.8243797917083935,0.9295092514488501,0.8550074524259581,0.9478240520432699,0.7922363153434719,0.7932811650657745,0.5734003526958853,0.8186326921786735,0.9401453519013415,0.8368897280214713,0.922803546970132,0.7197946012348055,0.9948661603520348,0.7039460644600231,0.9549813042300448,0.7686163402310042,0.9951991006753178,0.8496451729544778,0.9241414725208472,0.8244949317026813,0.9478240520432701,0.6984328686514765,0.9952285305948705,0.8625103199342192,0.8502321115550711,0.8342999149536292,0.8152896423290965,0.8441193845389972,0.9471234068969496,0.7556366787646206,0.6113704916727376,0.9729956859904496,0.9900201018153889,0.7686334812992577,0.8070148009406195,0.7725195832430405,0.902191562117562,0.7609046338028223,0.8401505248191372,0.9225962147794151,0.8984772856524234,0.8625450481229642,0.954459395331956,0.9315984376544129,0.8272952278323793,0.8707888189359961,0.8682163903410045,0.9297593601791201,0.8861398485580012,0.8156731917344942,0.916142416859745,0.9955998823568819,0.7490391378651182,0.9377040836924007,0.8706957205867698,0.9907968532129023,0.8732468070952589,0.9297917797970385,0.6118512805109244,0.6497027125522552,0.9177264968287155,0.7806724477786732,0.9332752396350669,0.8199363790756029,0.8811385791164462,0.6564437421003175,0.8116573882072695,0.84305747070033,0.7806724477786732,0.48409743109767955,0.8314780085574865,0.8635477725273677,0.7806724477786732,0.6218205043312164,0.7441747664095413,0.7955709136736229,0.6898876229019009,0.6509417623612033,0.8430574707003302,0.7806724477786732,0.8575388926916703,0.7806724477786733,0.8138569700901742,0.7122739521746344,0.6564437421003175,0.7806724477786732,0.8952519702836514,0.7806724477786732,0.7912741181100869,0.9082043648365359,0.8988178607857924,0.5057615267962998,0.9041851397399192,0.7253533898606677,0.793281165065774,0.9350379476236055,0.8053776931567698,0.8439888696114521,0.7582165317290475,0.7816315533544322,0.9478240520432699,0.760440476926266,0.9637156345658666,0.9218144885981705,0.9155510738594397,0.927659386817866,0.7992201525320384,0.9157619653567751,0.9839091024886776,0.8602010528064612,0.7806724477786732,0.8622469648279707,0.7806724477786732,0.7778106361525059,0.7441747664095408,0.9899408532768108,0.8564027191503285,0.7374438311369169,0.9623356286887417,0.8287688381942118,0.7126918433193739,0.9427741727313974,0.8714116539799703,0.8475202441302049,0.9456504722577765,0.994393084400738,0.8087701967585061,0.8055642829512013,0.7735626237779674,0.8977123223576164,0.835013141953024,0.8373021566360075,0.9735656352522426,0.9632134490576729,0.9528969934766459,0.9596020457390008,0.9866181724651031,0.8855889573633509,0.8811958714662238,0.9879896973505835,0.8514811654706045,0.809483376444649,0.7382430978859406,0.7561286401067828,0.8347861006253849,0.8882557664314525,0.809483376444649,0.7978088449580265,0.6899508213812525,0.9947244177720262,0.649154705935284,0.9021915621175618,0.7954860842554717,0.8385150443090623,0.7663489752175746,0.7535801967671494,0.7840536293380747,0.8441193845389974,0.6411418671439929,0.954459395331956,0.7384275571962113,0.6655937316103806,0.49245874113865407,0.896027647690572,0.8432058376194189,0.8529585859137299,0.9977393768264728,0.926557235114915,0.8343531165770126,0.7434442971955957,0.8994175298842654,0.8441193845389972,0.7884702601913869,0.9544512296892853,0.6756434995709921,0.7837673835320973,0.8428339152959642,0.9939019831580942,0.9021579478200294,0.7849992875881202,0.9846438181013665,0.818632692178674,0.7855816675501788,0.9694876176253535,0.9143596989152349,0.9276593868178659,0.8492812206992524,0.93421801734038,0.7806724477786732,0.8032355692370519,0.7625830202554214,0.9048452935938178,0.809483376444649,0.9300496874957529,0.9926368555046544,0.7806724477786732,0.8292347353062457,0.8094833764446481,0.9116334004641395,0.8040320485532622,0.6923522792688431,0.9471234068969496,0.9167065047033107,0.7229739694353519,0.5212309653640268,0.8677537455278882,0.9307921816266719,0.7626640937051596,0.8255189618559335,0.7822616826600728,0.5841382837268831,0.7963045563588808,0.9627564986239072,0.9025384899655313,0.7500273930781836,0.9333208625667782,0.7305767527081108,0.8243797917083937,0.8009469027438033,0.8934250174450784,0.8964035474832839,0.6317621406608886,0.7720784976094395,0.6068102629478529,0.7806724477786732,0.6998719756698698,0.8869424918838968,0.904027146741752,0.8869424918838966,0.8892592555773313,0.7336537790724175,0.7806724477786732,0.7806724477786732,0.8953654416824568,0.9195235746808997,0.8417919434359729,0.7806724477786733,0.9694876176253536,0.8247763577362226,0.9808183816417563,0.5473324743702739,0.7102944778873321,0.8247763577362226,0.9892930710581476,0.9331389787191706,0.5632941851525193,0.6645557888518153,0.7806724477786732,0.47286510508127,0.9342820325037289,0.7730742417299123,0.7364287251761445,0.9310666260260523,0.8832560884357044,0.7840536293380749,0.6783477565952034,0.7806724477786732,0.5865076843207049,0.99173138413298,0.9968309634278392,0.8034571836309197,0.805181258881861,0.49465664301320356,0.9307921816266713,0.7806724477786732,0.8694380182676783,0.6571927587698925,0.7806724477786732,0.8912464745681523,0.6240615027525396,0.49862397555160287,0.5893396397301554,0.7190595340575461,0.7806724477786732,0.8452546195212958,0.684372185135811,0.9623870526338896,0.876792250527137,0.6756434995709919,0.8910380624415605,0.6906935847526403,0.9079629297280614,0.7840536293380751,0.9393582686227169,0.7654837515686737,0.9121630121591515,0.7075290764224936,0.89260028739567,0.592340224907592,0.7447129558740402,0.7922363153434719,0.9865470932322293,0.7806724477786732,0.8432058376194189,0.930433736945071,0.7581300287905263,0.8859273281601108,0.9393895370660708,0.8199363790756027,0.9695683598929974,0.9795435932039087,0.8199363790756027,0.9829917353040782,0.808854675956181,0.8069425677590432,0.5356556683798666,0.9465345181883789,0.9780956823185021,0.7263106210254575,0.9245725372766602,0.9309278414721913,0.9579128830880592,0.8351814013396103,0.9806814020144543,0.8892592555773315,0.7080112552068221,0.935906773388121,0.7961649914618935,0.8645621767104699,0.7667404971856799,0.5729906825942457,0.8555518394563938,0.8574762079606053,0.9715452542734455,0.8126878901500614,0.8731369030685476,0.890351109139915,0.8956777557659623,0.7165060214660961,0.8976906211698029,0.8642390079687882,0.9608361246885908,0.9543089131758091,0.8254066720353037,0.8559324618596018,0.822614569547758,0.9180718255771735,0.8133377622674021,0.613348128803963,0.8471455521939788,0.5608586282506935,0.9695908681512624,0.7787652205288147,0.969019060471383,0.9156175946573155,0.9538933360392812,0.6118512805109242,0.9806850649961967,0.9634994296197301,0.9207369341571852,0.8912835623916495,0.7187030077350126,0.8759261216754276,0.9342820325037289,0.863790316769809,0.9283230888823262,0.9588233059368511,0.8870144729824135,0.998963793241222,0.5044017938374119,0.602946063050017,0.8156731917344942,0.84305747070033,0.6852064275648202,0.9768695744164378,0.8378044924763255,0.8509494936529538,0.7806724477786732,0.8330375920813435,0.7806724477786732,0.7806724477786732,0.76195474407285,0.721838020409587,0.8953985352636917,0.7806724477786732,0.6061777786647093,0.745513254924832,0.8175686145728704,0.9583608831017433,0.5168188334089463,0.6648626137949556,0.963277256579719,0.6629190756828709,0.7952652014562447,0.9054236457666803,0.7681652358046134,0.9406008519517007,0.7193387010444435,0.7305767527081111,0.6177696053066346,0.8396317657444194,0.9677336749333649,0.8999020211050869,0.9498025629822817,0.9406008519517007,0.9556627265861173,0.7840536293380751,0.9225547415698427,0.9955473863379039,0.9308132892851024,0.7291635284435198,0.6723025564878442,0.9907968532129023,0.6964621942374423,0.9734623105185791,0.92332603571216,0.9942837725413018,0.8529201164520535,0.8460940724740431,0.8080301713686475,0.7834219079495839,0.6413949901191844,0.8965882112569321,0.6820964632065181,0.8118186681828431,0.7727040232911953,0.7417963404759074,0.870441749666166,0.6521786582961457,0.6842903035560761,0.9487990223782053,0.5548489197448356,0.7133226375931172,0.928689594543004,0.6163078257275385,0.9569101903668125,0.8567054576516095,0.9479485760659964,0.7806724477786732,0.7922363153434719,0.7875511229788077,0.7965941295587151,0.6109475756884397,0.9717761746902622,0.7535801967671494,0.9475362042902937,0.7339897533445514,0.996337245983033,0.7304696052969606,0.818632692178674,0.7020330230188523,0.9199438575519541,0.8644973208641424,0.7932811650657746,0.9054236457666801,0.6920646768759242,0.9255529168554744,0.6999813330995082,0.0,0.8176559236357204,0.7255580265929886,0.8597171570607784,0.990204353521408,0.6361862720992715,0.5974092711839054,0.8779104624804531,0.8635477725273679,0.8059261569088711,0.9795435932039089,0.7122739521746349,0.8954682796854875,0.6933355050651279,0.8009469027438034,0.6655741652788897,0.5830145364084776,0.8653728680514654,0.8695154733591528,0.9156175946573153,0.9994335796186569,0.785926382094414,0.7379311478417379,0.9212213112720844,0.859807320871214,0.9457776272931171,0.8103789074283031,0.7258150432640211,0.7882889127686583,0.8233538626834316,0.9859646442922712,0.7806724477786732,0.895398535263692,0.4825373787218814,0.7663489752175744,0.7890451776207588,0.7806724477786733,0.7920560542365349,0.6484057360900699,0.9007061658601561,0.9798682085961467,0.5614515351875558,0.9820737524064077,0.7945727561241234,0.9108396320174729,0.8564027191503287,0.8269685386428929,0.6176508938351082,0.8867276540613915,0.8007002269432069,0.9453002519717625,0.9493036085478921,0.8741522621394582,0.9255529168554744,0.9487990223782056,0.8323967136656385,0.846591593085431,0.9487990223782055,0.7325514035311533,0.9454234581356229,0.9215835886662106,0.8201683142565933,0.47266642632198486,0.9780956823185023,0.8529585859137301,0.8053776931567698,0.5442089879430045,0.6824823893504718,0.8009469027438033,0.8233538626834318,0.8378044924763254,0.8009469027438033,0.7735626237779674,0.9522820262183216,0.7806724477786732,0.9802947374692921,0.9253706672315114,0.7806724477786732,0.9180718255771734,0.9746939810305534,0.8870144729824142,0.7840536293380751,0.8330375920813433,0.8051812588818612,0.8009469027438034,0.6655741652788898,0.7222300220456425,0.9963372459830331,0.6598909006983604,0.7806724477786732,0.7999684944488812,0.9756833498582372,0.812318639371072,0.7397234441258546,0.9283237840174419,0.9207369341571852,0.9795435932039087,0.8677537455278883,0.9643563108995308,0.844445167130514,0.8247763577362224,0.9093109247770335,0.931843627006704,0.8980860176072482,0.7128528778241835,0.9199438575519543,0.954459395331956,0.916744477980671,0.8140865069385359,0.976869574416438,0.7811167057492201,0.7806724477786732,0.9779480450212253,0.5219276909446138,0.8635477725273677,0.6681043025033591,0.7724081431214276,0.968476061123938,0.6907823749264406,0.8199363790756027,0.5584558863419804,0.7718630684700933,0.7806724477786732,0.7806724477786732,0.9377291353253547,0.9636947388684838,0.8124149925416958,0.7504288202783813,0.7077432429586688,0.6386561310677763,0.6798045225117684,0.7319911848711549,0.826265964607914,0.6474324340397164,0.7806724477786732,0.8898369616842241,0.7922363153434719,0.8373021566360075,0.671007355888934,0.809483376444649,0.7495545875193839,0.7806724477786732,0.7806724477786732,0.7492330000753014,0.949765816843718,0.6997259222670729,0.7905117088333209,0.6820964632065187,0.6224840200589044,0.9808829460239417,0.9797382586464363,0.7032544870999935,0.778506404114623,0.7806724477786733,0.9805983029779717,0.6820970272849288,0.8051812588818612,0.8432058376194191,0.9938189515917324,0.7747795154137436,0.7374306512426545,0.9818179057588832,0.8170336834203681,0.47869348387954846,0.7806724477786732,0.7394748484717841,0.9255723618915033,0.7279628188728537,0.8152139444864432,0.7983750228965243,0.7573484582737833,0.8089231239689452,0.8631963423685138,0.9623870526338894,0.9603022750787705,0.73133640222074,0.8243797917083935,0.8539459738780026,0.9405547988340496,0.7910533895191151,0.795029227040796,0.9277057585968913,0.8009469027438034,0.721696411984379,0.9664780447989199,0.9827047729403633,0.7769374470796,0.9859646442922713,0.8542655386545359,0.939704111879597,0.8653728680514652,0.8055398865968622,0.8082281573481018,0.7422385599795294,0.8811408140912373,0.8186326921786737,0.8142829204809616,0.9569101903668125,0.8535544757439173,0.764785388053437,0.8009469027438032,0.8019215019048134,0.7146836405025304,0.8460940724740427,0.7422725611983929,0.9818179057588833,0.8221435120614138,0.7499012108313201,0.7806724477786732,0.9665813556610315,0.8247763577362226,0.6860577717533014,0.8635477725273676,0.9808518939487216,0.7607995967969828,0.7295251123674347,0.7806724477786732,0.7182567975424494,0.6037438948782223,0.7383321355426702,0.7239501970377165,0.8020175124954565,0.7458302960404364,0.8233538626834316,0.6920646768759248,0.9150275318686582,0.6404151262282618,0.805437584750486,0.9505873750541253,0.9552863441236985,0.9859646442922712,0.9734623105185791,0.9938697268012671,0.931662370182869,0.7457121875949586,0.827827511824419,0.745972362826663,0.6151064407000564,0.9938697268012668,0.8009469027438033,0.8454255734902179,0.5974092711839059,0.9171378151257339,0.6642682166395224,0.6838198762904106,0.7806724477786732,0.7045192699453083,0.45863837710125477,0.9405547988340496,0.7806724477786732,0.6672334268142972,0.866259531493401,0.809483376444649,0.7904628268029485,0.7735626237779675,0.7671580251132717,0.9431040479626482,0.9403633872100169,0.970358195211189,0.9110063916888091,0.9579128830880594,0.5899841354547026,0.7806724477786732,0.8771494236292641,0.7806724477786732,0.8532920118076426,0.8471238038720739,0.7833122058714376,0.8373021566360075,0.9270821213928698,0.7932452031814614,0.775164679364579,0.7645946279502227,0.7806724477786732,0.7930851704926423,0.7609494283259225,0.8835225262103217,0.7992806554908296,0.9072044548146421,0.8233538626834318,0.9808606516319831,0.9295628438712978,0.8060955792799718,0.693335505065126,0.5988228526641062,0.8060955792799718,0.6859678084260288,0.8032355692370531,0.49245874113865407,0.8060955792799718,0.8373021566360075,0.9265668162286085,0.9795435932039087,0.6869506849342164,0.8283311817096392,0.8300124652265479,0.9695908681512624,0.7187030077350126,0.6319775242021561,0.9505873750541252,0.7561286401067826,0.9122232316336167,0.9525945865636738,0.9569101903668125,0.7524279143572212,0.920898093953001,0.6337438333793819,0.6850414200213012,0.9572375633963669,0.6858802914165842,0.9336022679318308,0.9623356286887417,0.7840536293380753,0.8388074491705041,0.893059693134028,0.8771494236292643,0.9153835315813807,0.7829852394595902,0.8233538626834316,0.8007002269432069,0.8096193367316942,0.7020872095212075,0.9563176673590921,0.9994335796186569,0.8598073208712143,0.786739120636993,0.9609880591173854,0.7901923137686483,0.7684119013812074,0.9179500750655483,0.8047886672009725,0.9625215846107404,0.6357552299743081,0.9425736265868847,0.9729382170898373,0.8005927170059755,0.9076787600556974,0.704167298979953,0.8243797917083937,0.9092852154277391,0.857873451086503,0.8116161311914645,0.8741077890279738,0.9927421629099298,0.9347976611503023,0.9104840186071467,0.9104723055014071,0.8412255431501725,0.8140865069385363,0.7761208698281865,0.6150479410439276,0.6871697823130889,0.964250894940841,0.9961520507800761,0.696122485259665,0.883683825395915,0.9401666948359451,0.8068906247868053,0.7299851073205997,0.8123186393710724,0.8387612014543784,0.8855847170568547,0.7144210504395097,0.812318639371072,0.8007002269432069,0.755695171981693,0.9528969934766464,0.9795435932039087,0.8635477725273676,0.8342999149536297,0.8532920118076429,0.7990862142481029,0.8330375920813435
p212_C,0.8231540150752188,0.8914467850143748,0.7446291736414028,0.8881773271523163,0.9500146876888516,0.9110706954672416,0.6993264909488426,0.7384020633668325,0.4196838158595012,0.9061143838323407,0.8873196151516805,0.9256988210264245,0.9587104857784426,0.8407851316176385,0.9590853466613076,0.8016657263614508,0.9000601858073436,0.8383002760466669,0.9420305227777706,0.9061143838323409,0.8439631906552041,0.8546415990260072,0.9031102770411923,0.8841079446138815,0.9355688794736527,0.45469853365443846,0.9000601858073436,0.8171729370346269,0.9061143838323409,0.8194396158218353,0.5203286707655841,0.9575013877780227,0.8651079420618171,0.5286909661769339,0.9160410975964695,0.9013781987087917,0.8841079446138815,0.8956896346491721,0.9110706954672416,0.8609382465769506,0.7625466063740527,0.8947190755770313,0.7753079976797891,0.7720695916464522,0.9940376815396426,0.6713509711231265,0.888214373845492,0.623521388694467,0.8351658835405404,0.8818500860815499,0.9950134961659547,0.6607766065590737,0.45469853365443846,0.8615540111705795,0.9514019024140521,0.8320697414471749,0.8574509814384921,0.880117361849238,0.7922758002157858,0.8724396621400958,0.35997611289933296,0.7000156191052591,0.8383002760466665,0.8408500417814635,0.8968315612097788,0.6778699170650504,0.8924501786702497,0.8848298628750693,0.9310804871121618,0.9420305227777703,0.8375845073549268,0.8351658835405409,0.9140909519416198,0.6550963900608459,0.880117361849238,0.8952444020641013,0.9119538452706664,0.8873196151516802,0.7266999208210003,0.9110706954672416,0.9371641148022315,0.8717784212905582,0.8259832825670901,0.8906707345873257,0.880117361849238,0.8282029807009899,0.9692660915153262,0.5482727030432946,0.7497105425819202,0.8762311904614675,0.880117361849238,0.7819812476691061,0.6622136417605187,0.6700995023663316,0.9246126207011531,0.8243020375470775,0.7949249211931211,0.7527764253071676,0.7079013317599445,0.6668328188561862,0.8828322214298092,0.8882143738454913,0.9140909519416198,0.9720266010540348,0.8972973656673969,0.9013781987087914,0.8016259076809484,0.6136883992202955,0.9801358600748811,0.7077657669868789,0.7416189823766328,0.8414753995128561,0.5851882537843469,0.7862982577223028,0.888214373845492,0.6509394493869238,0.8914467850143752,0.9420305227777703,0.9110706954672414,0.5593579426068406,0.9454564693598089,0.7295243586973188,0.8512736190221863,0.8229889350297614,0.8906707345873253,0.7145386198585265,0.8841079446138818,0.933584416020724,0.9422545199655035,0.8903404723902574,0.5173554432457901,0.8882143738454917,0.8924501786702492,0.9993232168604812,0.9000601858073436,0.8066917054888647,0.9356433271301442,0.8924501786702499,0.8924501786702492,0.8724396621400958,0.7892146848879653,0.9061143838323407,0.6327789708634148,0.7311201721098164,0.771013778376775,0.6794911771427388,0.8205807652585577,0.6129882316064346,0.8867106096133617,0.5914877640052774,0.9486844371905534,0.9344789105408812,0.7563671319960394,0.8742314166066422,0.8924501786702499,0.572069766622018,0.9807308274313122,0.8628946339906349,0.9347897731226747,0.7475597006133519,0.8100840409956911,0.9244189161714622,0.8717784212905579,0.9670518850172024,0.7573871924904234,0.8251424950065194,0.7726486579595837,0.7821224652259056,0.8506406171006058,0.9278101804730198,0.8407851316176385,0.8762311904614675,0.584161738752525,0.9528765626962081,0.8182544207091909,0.8513366513458887,0.9420305227777703,0.9845487099291069,0.8344220368906714,0.7682994646072605,0.8863306578824536,0.5842729532659126,0.8574509814384916,0.9092428552134855,0.6678329499345153,0.8625214522265598,0.49472132793937507,0.8273537037636274,0.8615540111705795,0.8439537628190883,0.968837999655229,0.9848167773614599,0.595285008791977,0.6050371650910991,0.9139609534822544,0.880117361849238,0.8841079446138815,0.936705220483518,0.8243020375470775,0.7955110426386776,0.4896533087906474,0.8762311904614675,0.880117361849238,0.7065436829297522,0.6926889910078579,0.9061143838323409,0.880117361849238,0.6616712226834629,0.4479601720998809,0.4881659017169597,0.6126317866093229,0.7756203742597141,0.8762311904614675,0.880117361849238,0.9811769110343415,0.8801173618492381,0.8221844162442687,0.727402953421352,0.7036921257678699,0.880117361849238,0.8683028769052363,0.880117361849238,0.6691176788389845,0.6189441876190895,0.8251424950065194,0.72437273982101,0.8882143738454911,0.6946737728872165,0.8724396621400956,0.8479589472056541,0.9119538452706666,0.7782696906383455,0.6567130323306416,0.9684412852077449,0.9299622870581812,0.9242396519963048,0.8681049907653204,0.7703580916432244,0.834584826987582,0.7133883522741088,0.5585552471724731,0.9000601858073434,0.7475597006133519,0.7419669877993723,0.880117361849238,0.9906231570613016,0.880117361849238,0.8457827862339667,0.9788165324483316,0.9950134961659546,0.9790701068242309,0.6217988225163402,0.8841079446138815,0.9942459397767416,0.8512736190221857,0.7847536965491122,0.9165723268260286,0.5115225014976347,0.8882143738454917,0.7650181812629875,0.7773586951692038,0.9283646361029496,0.9092428552134855,0.8692728686562259,0.82318754680201,0.9110706954672416,0.722641319480401,0.9970067550666156,0.8414753995128559,0.6638452008339046,0.7733255388520541,0.9299622870581818,0.9483140830764051,0.9466469365112271,0.6203016936265462,0.9013781987087914,0.6018519991327569,0.5898082585672519,0.8717784212905582,0.9739469775498658,0.9013781987087914,0.8404466068285821,0.696468649140755,0.8968315612097786,0.7793979460939551,0.8881773271523161,0.8882143738454913,0.9629858399810753,0.7031839035833638,0.8724396621400958,0.888214373845492,0.9244189161714622,0.685871476309533,0.9013781987087914,0.7568494586723151,0.5420278827014806,0.7295243586973188,0.9283646361029494,0.9420305227777706,0.8801173618492377,0.8609382465769508,0.872439662140096,0.8924501786702499,0.6583964305085466,0.9737532291466588,0.8882143738454915,0.8351658835405413,0.817172937034627,0.6086300084302525,0.9126864829050028,0.8346532231267401,0.9584055709777586,0.8168930020602894,0.85251644268989,0.8528823698195396,0.9061143838323409,0.6215170163959175,0.9061143838323409,0.8312955355853857,0.9105883924790756,0.828427666116536,0.8945583721986815,0.880117361849238,0.6198924122866383,0.9906231570613016,0.864485505316996,0.9013781987087914,0.8302902736338936,0.8762311904614675,0.880117361849238,0.8793720391726747,0.9013781987087917,0.9558737393033803,0.8953047332149628,0.7180402799578298,0.8446939652900312,0.9299622870581816,0.8598240372735089,0.6113600110937669,0.9801358600748811,0.5232582061910784,0.6865994266666733,0.8882143738454917,0.5058333412398742,0.6002057773383354,0.6900543811724883,0.6582309726606252,0.9558737393033803,0.6927544534934383,0.8541531605224455,0.7369016142199487,0.8687343538965773,0.8762311904614675,0.951777376585137,0.927913119773681,0.6884344473584867,0.6701111743021884,0.5871359474907076,0.880117361849238,0.562875119057793,0.9412093666071353,0.857547060430413,0.873405535063448,0.9486844371905534,0.8341049637536848,0.880117361849238,0.880117361849238,0.8351658835405404,0.7931667020484852,0.8458180664101829,0.8801173618492381,0.9061143838323409,0.880117361849238,0.9696460862436502,0.7573871924904234,0.7072976286606509,0.880117361849238,0.8440262750110874,0.940609968392996,0.6192976365806424,0.6950446320584183,0.880117361849238,0.7195419285891016,0.8027872095090909,0.6235436110391663,0.6316219007624513,0.8200247394595626,0.8940047802874711,0.888214373845492,0.6903922931965024,0.880117361849238,0.5509487386695999,0.9260326605203679,0.6191980515689859,0.7504294313512461,0.8841079446138815,0.7077686945558199,0.8651079420618171,0.880117361849238,0.938502435962398,0.5335502005528783,0.880117361849238,0.9639614405767131,0.7084407155266099,0.6272751584231873,0.6086300084302525,0.6877921880807996,0.880117361849238,0.79196435854176,0.6013192136088106,0.9358141562321112,0.7134942675503622,0.6234927283946384,0.8672712896333603,0.5901101586735722,0.7739877660651966,0.888214373845492,0.8960111159255764,0.4700309106516968,0.8479589472056541,0.5676619838090483,0.8731121445408507,0.6947477809756895,0.8479589472056537,0.8924501786702492,0.8383002760466662,0.880117361849238,0.9013781987087919,0.8074837718949763,0.7149218262346838,0.9750777501747248,0.9458996263037884,0.9045724413118068,0.8911848160530622,0.9541723653130691,0.8724396621400958,0.8873196151516807,0.880117361849238,0.9590893457666488,0.7495479233143536,0.813350022102127,0.9766648290842721,0.611035345818645,0.9912544905487659,0.7498399288600823,0.8755346121234235,0.7940793918610008,0.8832977221483367,0.9061143838323409,0.7916160419368614,0.9289493645217686,0.9313895437799256,0.9455498962304438,0.8546415990260074,0.790382188499414,0.9968280008234045,0.8312955355853857,0.9583051948925798,0.9612144424779849,0.8988628772910849,0.7872086400333381,0.9956695381509273,0.44736396029839964,0.8845466530422739,0.604038326792423,0.816316076243295,0.9313860177181099,0.6074004956528035,0.8163451720903168,0.9592656204543331,0.9259473332916117,0.9031102770411921,0.5844015998094938,0.9458250385003768,0.9356608612872466,0.8446939652900309,0.8884693774645569,0.6298405796001134,0.9244189161714624,0.9003969222081993,0.610269422895988,0.8282029807009899,0.9974569125962849,0.982682846846749,0.9408474580460304,0.6764136789291716,0.9358141562321112,0.9289493645217688,0.8687343538965773,0.9000601858073436,0.9950134961659548,0.9013781987087914,0.8473105051854897,0.6033577361897642,0.7944632140701549,0.8762311904614675,0.8762311904614675,0.6966858776198552,0.9464833838559388,0.9313860177181099,0.7650181812629875,0.880117361849238,0.8968315612097784,0.880117361849238,0.880117361849238,0.6369915695100619,0.8479589472056539,0.8084379106483257,0.880117361849238,0.5630661106211914,0.5992507852108536,0.9327074074935942,0.8753277940410207,0.7195419285891014,0.7775401143759713,0.8335333421557682,0.9505749633489242,0.559822457479427,0.9874347124112377,0.9959456515443215,0.8968315612097784,0.5841638125870512,0.5911517134781958,0.665550579048326,0.8229889350297617,0.8596568246519868,0.968837999655229,0.9293061741233914,0.9358141562321112,0.7931550859300236,0.9244189161714627,0.8834638133069124,0.9406099683929963,0.9479627516412066,0.8479589472056543,0.5863224680448305,0.8440262750110874,0.585673640544226,0.9858372717944992,0.795577586473462,0.930762914524653,0.9979222146376558,0.9541723653130689,0.9619702916278897,0.7576028805403311,0.7456389306726998,0.9299622870581812,0.9202391329463167,0.9313860177181099,0.8065409456126068,0.7395730447986586,0.9092428552134855,0.5943957596365843,0.8506406171006058,0.9558737393033803,0.6449189418176389,0.5640644226030196,0.790382188499414,0.7126014090601516,0.9119538452706664,0.9671773090237938,0.8519258408139818,0.880117361849238,0.8924501786702492,0.6606859385526269,0.880117361849238,0.7050990291165178,0.969266091515326,0.7098342086276624,0.8752979516341215,0.7381387297526874,0.9314357334521939,0.6807752254570429,0.9486844371905534,0.7907660064270963,0.9458250385003768,0.982831887313646,0.9045724413118068,0.9568530198238825,0.6554942860074885,0.8442313474355196,0.8988628772910849,0.8176559236357204,0.0,0.5529964258343432,0.6774189156796302,0.9858434649181352,0.7455706719005614,0.6887786443376458,0.9824385037244137,0.9061143838323409,0.8793720391726749,0.9757632139877431,0.7274029534213529,0.9292804555139437,0.8205807652585564,0.9092428552134855,0.7091094662675164,0.6401922138244434,0.9110706954672416,0.9531327021054499,0.8221492875467393,0.873405535063448,0.9369189224936612,0.8947190755770309,0.9739469775498658,0.8473105051854897,0.9355688794736527,0.7793979460939551,0.8580669034773316,0.9092428552134855,0.8924501786702492,0.9993232168604812,0.880117361849238,0.8770107854595055,0.7651436723492875,0.5704387975594697,0.8112970133509299,0.8801173618492381,0.650940697898641,0.7359477823136824,0.8934429964236276,0.8170890338502994,0.7729833819948424,0.8940374697522204,0.6622870749696392,0.8887260212299819,0.8790297509949241,0.7987876476969722,0.5612624115776338,0.7977834169641786,0.8968315612097784,0.7903821884994144,0.8320697414471745,0.9244189161714622,0.7999933174064826,0.9110706954672414,0.9290499289095773,0.904572441311807,0.9110706954672416,0.8615540111705795,0.882832221429809,0.880117361849238,0.906362076371491,0.7270233644344115,0.9826828468467494,0.91409095194162,0.969266091515326,0.6281325998203857,0.6730943092946731,0.8762311904614675,0.9299622870581818,0.8687343538965773,0.8762311904614675,0.8762311904614675,0.8770107854595053,0.880117361849238,0.9000601858073436,0.8016259076809479,0.880117361849238,0.8446939652900314,0.8905921925948725,0.8953601809463136,0.888214373845492,0.8968315612097786,0.8841079446138815,0.8762311904614675,0.6505242720688851,0.6078354036074394,0.6832547491922736,0.8338593739636188,0.880117361849238,0.7809319825130925,0.8945583721986821,0.8717784212905579,0.5947914547789639,0.7836079326679546,0.9013781987087914,0.9191401549634752,0.907470459323164,0.9769454375226314,0.8793720391726756,0.880117361849238,0.7999933174064826,0.9780099180615509,0.909473793257229,0.6565900664282283,0.8873196151516809,0.9826828468467492,0.8609382465769508,0.888214373845492,0.9257894586880826,0.6129882316064343,0.880117361849238,0.880117361849238,0.7752876758459202,0.9061143838323409,0.632398947787252,0.8687343538965773,0.9079114031278835,0.6177486554628693,0.9045724413118068,0.557794689242753,0.7205742792657732,0.880117361849238,0.880117361849238,0.8628946339906354,0.8140638177448566,0.7903821884994149,0.7333330568565266,0.5686068497155715,0.5789045685014811,0.6221653996775232,0.6800641188545509,0.8414753995128563,0.6704399553124718,0.880117361849238,0.8207273078939163,0.8924501786702492,0.9110706954672416,0.677398659358952,0.9013781987087914,0.47224035512874973,0.880117361849238,0.880117361849238,0.629985498992125,0.880117361849238,0.7417201267418807,0.8546415990260072,0.7108364417126387,0.7821224652259053,0.9959198042184424,0.9438155108481573,0.6576389121568551,0.6791578995420602,0.8801173618492381,0.7999933174064826,0.6854651189199443,0.8841079446138815,0.982682846846749,0.895244402064101,0.7393360874286088,0.8102639152865034,0.8056017035197609,0.9407310036381492,0.7485482696791235,0.880117361849238,0.6098593956519726,0.8056017035197609,0.6306017692185146,0.7677793715851247,0.9803452860377495,0.9512323327019658,0.9395097118552218,0.6709869759880105,0.9862206537232238,0.7743811111647487,0.5389780035901122,0.9746364865495911,0.9061143838323409,0.9118734249196552,0.8906707345873255,0.6407853746976637,0.8924501786702494,0.8762311904614675,0.672008770732184,0.939499098630968,0.9327074074935944,0.9312014478260096,0.9993232168604812,0.8903404723902575,0.9993232168604812,0.9558737393033803,0.87047857592417,0.8344220368906714,0.36348284001758313,0.8141203273193232,0.9486844371905534,0.8546415990260072,0.969266091515326,0.8018582773510978,0.9262713272365275,0.9752661847175215,0.9335947014124442,0.5126212825756126,0.8841079446138818,0.7158251254342218,0.873405535063448,0.7266999208210003,0.6031558028021535,0.880117361849238,0.7633052106552538,0.8480939174117053,0.7803408169246181,0.9061143838323407,0.9213409136091189,0.5052790906973326,0.9972347523942202,0.880117361849238,0.7396652354187079,0.5712405126185658,0.8032081067031229,0.6625038237110743,0.6852543863334288,0.7000945359272799,0.8924501786702492,0.6405098719034776,0.8223092416087541,0.7509179387499614,0.6655011453296329,0.8479589472056546,0.6919875671382565,0.9110706954672416,0.8479589472056546,0.91409095194162,0.9737532291466588,0.9844275752045859,0.5641890194056647,0.9705990602051129,0.5677907647053395,0.982038132126384,0.8762311904614675,0.5199592589569997,0.6724582595587743,0.7548204462003703,0.4778043540262581,0.5304007217013631,0.880117361849238,0.6522252392403536,0.67741891567963,0.8407851316176385,0.880117361849238,0.6832959884746046,0.8956896346491721,0.9013781987087914,0.8479589472056539,0.9092428552134855,0.6687438315417669,0.9784031190610274,0.9310818701090309,0.9082134614211266,0.8879882507776995,0.8755346121234233,0.5733682390099202,0.880117361849238,0.9540600178669041,0.880117361849238,0.9013781987087914,0.8048404303433399,0.4478143855910688,0.9110706954672416,0.9767580411647827,0.6948969029018868,0.5529005430112037,0.8170890338502994,0.880117361849238,0.9851543084167025,0.5994484194856188,0.8848773986138103,0.8959536454969459,0.799993317406483,0.9299622870581818,0.8229889350297614,0.8200247394595626,0.9289493645217686,0.6514383917475586,0.6475020390509056,0.9289493645217686,0.8407851316176385,0.8924501786702501,0.7295243586973188,0.9289493645217686,0.9110706954672416,0.9168559638576548,0.9407310036381493,0.8557717521095498,0.8762311904614675,0.9160308816656622,0.8717784212905579,0.5270053828183523,0.8221123324210013,0.9858372717944994,0.4365650684834623,0.9844275752045858,0.9752661847175212,0.9119538452706666,0.5704057826777129,0.8170890338502996,0.7677439081576747,0.61594365008576,0.9721824599153296,0.7836079326679541,0.9124829726497719,0.8841079446138815,0.888214373845492,0.5964182720455019,0.9388562284389617,0.8958794483891346,0.8790297509949236,0.6038007967745223,0.8924501786702494,0.8968315612097784,0.8218302395872754,0.45895401596095087,0.9839362688314819,0.8327778615805745,0.9581169335686853,0.8912423718167335,0.9074704593231637,0.5319338006492695,0.880117361849238,0.6341453642314253,0.7468989398400288,0.8378099334984943,0.5840802048545772,0.7239012408409828,0.8968315612097786,0.8770107854595053,0.8450964377103707,0.42851330438410895,0.9000601858073436,0.8259832825670896,0.9242396519963046,0.9175592224522577,0.7490621794747085,0.8580669034773325,0.8846868320973889,0.9092428552134855,0.7780575835133141,0.9249421190802123,0.9244189161714624,0.8841079446138815,0.6151108391738004,0.4707079361145823,0.9244189161714627,0.798833474399224,0.5994671991361531,0.9496067391008209,0.904572441311807,0.872439662140096,0.5743928666831742,0.9259473332916117,0.7703580916432256,0.8882143738454917,0.5867747859919662,0.8446939652900309,0.935814156232111,0.46350242117978235,0.8680972375449441,0.9191401549634752,0.9486844371905532,0.5129912808292975,0.9826828468467492,0.8258659422597017,0.8968315612097784
p212_S,0.7278732020520811,0.7909351356417079,0.4601482439315704,0.929912803499346,0.8392059565807759,0.8010546007406152,0.930010294565885,0.9712813248400274,0.6413544133154487,0.8516775459542527,0.7809788388822065,0.8044674539676762,0.8044674539676764,0.6307013412244137,0.9888076850286978,0.744104362408019,0.9173044561905559,0.6382585435582895,0.9162562241355678,0.8258023149199941,0.6210638806364915,0.7471843962519462,0.8687854723525466,0.8758917085075706,0.7855480309011273,0.7445434044715771,0.7590835024279784,0.7448953171572592,0.825802314919994,0.880915959740431,0.8022500484561494,0.8616683307696411,0.7754616934064601,0.8705406387146193,0.8392059565807759,0.8820350021465222,0.8292063210402107,0.7239742119499586,0.8595076304199196,0.6746370074611966,0.5017466098379477,0.749559530728475,0.8595076304199194,0.6935333850764669,0.9772149079677255,0.43239297339285476,0.7803993678854959,0.6289636884733207,0.6963322432650534,0.5965598437405215,0.8300905497246422,0.3519435018862185,0.7445434044715771,0.8160989429517437,0.7868947142132678,0.6670520738673236,0.9448099114301204,0.7318083230664854,0.7811780066496987,0.8228301946626941,0.6497058339361241,0.6260553086991824,0.9649712801751953,0.7983686820387377,0.7691999689649287,0.6364015054616801,0.9564016739046386,0.7737957975989296,0.6680634453311034,0.9504774461246136,0.6828079357135681,0.6312465358534838,0.8106069085572603,0.3537801311061286,0.7318083230664854,0.583711114456419,0.8436755635515778,0.8302288418237757,0.5180397493256594,0.8010546007406154,0.7757711346436711,0.8121602957674057,0.6107039686254931,0.8807292068322711,0.7318083230664854,0.5841337677734215,0.9392193100242501,0.6310050642126674,0.8911894059285677,0.7509037938695111,0.7318083230664854,0.5387559032922296,0.5047154119660231,0.5263319243398319,0.8805397970733833,0.9277788201407924,0.588243599324186,0.4982459070655524,0.34102719301491025,0.4120983657138231,0.7738820113914762,0.8718305744639874,0.7604073710900017,0.8626978849573004,0.8144258469000241,0.7793713361793848,0.5273390631965689,0.25661038544104375,0.7650389622135645,0.41306259284505265,0.5770940867224368,0.9591062331873477,0.5040301199864219,0.7169793550539607,0.8413535056044902,0.4007474229867225,0.9922455941219833,0.8441952219411115,0.8010546007406146,0.4843670645193807,0.7117780702454757,0.6074646233174098,0.6909347662936944,0.9930104020880655,0.9689003571137191,0.6050374202851263,0.7997161239949887,0.7985291093060676,0.9989925330389062,0.6840252724672611,0.5255750162748922,0.8413535056044896,0.8541316398253663,0.8595076304199192,0.8118238203488378,0.6828067289330955,0.5785156224716306,0.8225538587803672,0.7909760777353674,0.7687312965384794,0.5634215168665362,0.7899667439060205,0.6364015054616805,0.49386261874506365,0.6671206207255933,0.6666636628112195,0.7429528164099961,0.4111615235313457,0.7395916258346775,0.2466521398395397,0.9950198300101427,0.6497058339361235,0.80716081535695,0.8186201510836781,0.948864982960364,0.7612868616385344,0.8304317510789111,0.7306412122100229,0.8193819512709184,0.5011892706913796,0.8999957873153683,0.932784712182982,0.7893605370211685,0.4605349390868727,0.5384778189650723,0.6340865302482993,0.6474051882066436,0.5841416298937225,0.859783194885084,0.4889399175033997,0.8301756494077017,0.7231144968593357,0.8628962010264036,0.8579264025502873,0.8983964920261451,0.795482623689985,0.8478137801574763,0.9156051850579336,0.8698495307881747,0.537912880095154,0.8697061299619167,0.7853217881729573,0.9448099114301204,0.8044674539676762,0.774927729037803,0.6313371716266288,0.5251755051770879,0.6665300940347048,0.8160989429517433,0.9379213704008385,0.825526967529914,0.7772773435488383,0.3512027089928822,0.24074484044783628,0.6669778984329424,0.7318083230664854,0.8169113144171267,0.8769290927869089,0.8945771388444068,0.5181812457769275,0.690889034973313,0.8044674539676762,0.7318083230664854,0.48928505650587706,0.37601828123514447,0.8875131169682253,0.7318083230664854,0.7507414829779192,0.7212649501647286,0.6377189014020799,0.7515836136327624,0.5836805148801916,0.8064823878898638,0.7318083230664854,0.6926906259129706,0.7318083230664854,0.6223584322825779,0.5379210608054374,0.4666523256968511,0.7318083230664854,0.7068835125503599,0.7318083230664854,0.49770286045198275,0.8629541165308836,0.615267798351498,0.4754685939756905,0.7499222990259986,0.1591293538850136,0.768731296538479,0.7527191745136712,0.7703597672498947,0.8148601666625007,0.7549008226249194,0.8023521201749919,0.8225538587803669,0.9050092457604719,0.6550625987636249,0.8065341251558178,0.7171869821202543,0.9074633386520639,0.6840252724672604,0.7926237952447175,0.5467358503882498,0.8525764165920211,0.7318083230664854,0.6372069248776104,0.7318083230664854,0.8148536898497563,0.7759994009194655,0.8300905497246422,0.7298657582033237,0.1468600929696925,0.8169113144171267,0.6796423181183284,0.7145880824455527,0.5767659333042979,0.9287288477069136,0.48254272882545335,0.8233987369410409,0.579468890178576,0.836287704479113,0.41919907643585796,0.7509037938695112,0.9026436295204294,0.5297728240061965,0.8595076304199196,0.6480919412867112,0.6609231339981121,0.7798236263663162,0.8871873989482446,0.6138723387536791,0.8300905497246422,0.43517929641166164,0.41699170965499166,0.5035212063449813,0.7793713361793848,0.374851824779435,0.9192146339224361,0.9033593307523543,0.8985794663930375,0.7793713361793848,0.9947937793334392,0.36940892414331294,0.998909450025178,0.5120900858046227,0.7304384953160576,0.7499222990259986,0.8600769274297666,0.30537208908701885,0.7146323984142656,0.7803993678854956,0.9937388499019764,0.25734662991019897,0.7793713361793849,0.5698563018659266,0.6745720363802881,0.4708248842267997,0.7995188844235925,0.981080109897295,0.7318083230664858,0.8915893654997623,0.7146323984142664,0.8225538587803674,0.2749443052569349,0.6698662428415643,0.9023076433234847,0.6746370074611969,0.6884391214668555,0.21238200952708974,0.6801218491438954,0.5687458192537591,0.6545961887814165,0.7158173397814647,0.8119427931820768,0.5860901738704853,0.9333090279619121,0.6923255121529703,0.8974734569479393,0.8985601322662826,0.7212649501647281,0.6283177674359981,0.8233987369410403,0.7318083230664854,0.830090549724642,0.9911898930381564,0.6603013311286527,0.7793713361793848,0.8698279893689653,0.9454288729407425,0.7318083230664854,0.9747745601159941,0.8441952219411115,0.8764852160382741,0.8680171939857557,0.7366164325385158,0.7437610195286939,0.8300905497246422,0.37863689434728887,0.2877712929239512,0.9747745601159941,0.7868947142132687,0.31672397476378944,0.8538758058005382,0.6973662169502965,0.2929672982621445,0.7812801400877056,0.6845605529344123,0.9142005236871038,0.16280453603821377,0.6291776984106687,0.1722511616313105,0.7063431845071195,0.7231144968593352,0.9034555210597499,0.7441043624080195,0.2805398352245936,0.2974114857372814,0.1685971208151985,0.7318083230664854,0.4684386987943945,0.7119113260650163,0.7141159372622312,0.9075725084422478,0.8516775459542525,0.42320552436343895,0.7318083230664854,0.7318083230664854,0.7395916258346773,0.6413544133154487,0.5427227409339214,0.7318083230664854,0.8616378859339667,0.7890064191135175,0.8501230802260304,0.4572463811672628,0.35142311018290684,0.9320016592310968,0.6983967464607105,0.8677983553764863,0.2423561674120429,0.26091533161888947,0.7318083230664854,0.49152553498445517,0.6717239940419015,0.1795021319743677,0.3490277082883819,0.8600331389666884,0.7502754891664157,0.7499222990259983,0.2396442074701386,0.7318083230664854,0.26294662181482176,0.9870140677455572,0.8295156914400652,0.6512521080836193,0.8169113144171272,0.35132200973047123,0.7239742119499583,0.7318083230664854,0.6126602286290415,0.5318575664993392,0.7318083230664854,0.7762849778948604,0.7032291609793693,0.5446783708709878,0.18735906430018323,0.2625715963349389,0.7318083230664854,0.9993697876446983,0.5845503969983585,0.9332781697222495,0.7113170819541814,0.5376802974768848,0.6713319730166538,0.6581393000030438,0.5967201197392467,0.8108764367449929,0.7025879896957166,0.5766545889203936,0.7759324340814464,0.464446633153234,0.8517552184642716,0.41657684136438045,0.8455722127847719,0.8225538587803667,0.7043869062693766,0.7318083230664854,0.9846986681136592,0.647681135870582,0.7019865168633346,0.8250211375852403,0.9543309664209999,0.7687312965384795,0.8252273155764962,0.9938524966884583,0.7687312965384794,0.9287288477069138,0.8176054671370334,0.9574267912579479,0.5528511558365656,0.6960213017967773,0.8441952219411115,0.4403842466004779,0.8516775459542527,0.8567715620178102,0.9616385106236466,0.6165580380328115,0.8677983553764861,0.8616378859339667,0.7582215978944391,0.7448953171572592,0.8217434769906021,0.8918752556294606,0.7954299799017621,0.6548271388012974,0.9937388499019764,0.8793185298480244,0.954446257793937,0.9774844341849921,0.880559572006117,0.773177213671232,0.800396136114456,0.7203542286738358,0.5834929698493501,0.43417263164478825,0.6864537277388537,0.9772149079677255,0.7692904230042381,0.7199242368228523,0.7110334417707349,0.7546442880540885,0.8687854723525469,0.17490020660184902,0.8003961361144563,0.7113170819541814,0.7546442880540887,0.8877184340118671,0.6859433270678275,0.8108764367449932,0.9720380587489231,0.4142722841245581,0.7934176587944268,0.6248661775708371,0.8441952219411115,0.6919279490962695,0.7223320987175765,0.9004625295707854,0.9895388318156753,0.785453661388408,0.7327133434675495,0.8616683307696413,0.8441952219411115,0.6859010779043897,0.28174994124569497,0.5766792081631767,0.723114496859336,0.8064823878898636,0.5433056414658568,0.8281137268010237,0.7854536613884084,0.46532719493389285,0.7318083230664854,0.8020156091163937,0.7318083230664854,0.7318083230664854,0.3241768471802222,0.8687854723525468,0.7061441080837014,0.7318083230664854,0.48846096606885736,0.3949790773495572,0.9808176282555345,0.9192946332003891,0.49152553498445517,0.6075145168080648,0.831944232030167,0.9237645657694813,0.40308902012054126,0.7868947142132685,0.8819761513288252,0.9004625295707855,0.6928855177903799,0.5157904672603023,0.6791730972986438,0.6654271229588113,0.8126384549415191,0.8525764165920211,0.7469702239722822,0.8020156091163932,0.5805850248079871,0.8413535056044902,0.7402043668953497,0.7703597672498939,0.9960731151073943,0.7527191745136711,0.4484282265291397,0.6983967464607103,0.6497058339361239,0.7598023745630524,0.8965500789229097,0.8233987369410405,0.843675563551579,0.8292063210402107,0.8412130502734569,0.46683059555250517,0.5445153540789618,0.9172872019153646,0.7060296852619892,0.996414933071845,0.7171458664145991,0.46398936012309755,0.8620609819102153,0.1795021319743677,0.714486979566989,0.9519158313359334,0.23537846714741972,0.45356432446978445,0.7720575794149611,0.25934965749138406,0.8195527717266706,0.6713319730166538,0.7252390868008645,0.7318083230664854,0.8225538587803667,0.7825327809508618,0.8106069085572603,0.5969752062962327,0.7703597672498936,0.7984775184678072,0.714486979566989,0.3641047932501005,0.9616385106236467,0.2839888222160194,0.8258023149199938,0.41500852167840874,0.8003961361144558,0.516106266100848,0.7687312965384795,0.95566787850422,0.7279814940846507,0.7387597232219983,0.7437610195286941,0.7255580265929886,0.5529964258343432,0.0,0.4903796768006199,0.9370433371027989,0.613272525179553,0.34968151722444696,0.7203542286738367,0.8974734569479393,0.8092013470529856,0.8169113144171272,0.5638488670223218,0.7214885839634548,0.8695167699515227,0.7509037938695109,0.3301583198420377,0.23859257298355485,0.9519158313359334,0.6226834134051118,0.914829943519532,0.6982886174212426,0.7846363854227092,0.8022339522189451,0.6832566494028682,0.6654271229588113,0.7886922783654227,0.7575031872107663,0.7071038344698524,0.832256750977852,0.7593982966903685,0.9519158313359335,0.7318083230664854,0.7166078193685548,0.4287842851757181,0.4171172314679332,0.6751825388807458,0.7318083230664854,0.6098635709514473,0.3260889971919083,0.6497058339361235,0.6705962028610719,0.5261176390050395,0.5544774351643613,0.6163982392903946,0.914234159784689,0.701688346120458,0.9778750593756764,0.6695867888723361,0.6105469330504857,0.7691999689649296,0.5705454797154534,0.9020779364204593,0.9937388499019764,0.7387597232219985,0.838769908389444,0.7509193098950355,0.7687312965384806,0.9142005236871038,0.6902799064015708,0.8593459614107982,0.7604073710900016,0.7013023867106378,0.4950224768136927,0.844195221941112,0.8106069085572605,0.81860535089971,0.3573860736165476,0.2749443052569349,0.7231144968593352,0.980442764005363,0.7590835024279785,0.7231144968593352,0.7509037938695111,0.9755265419393151,0.7318083230664854,0.7926237952447175,0.9500550908555332,0.7318083230664854,0.6525619845437458,0.6574229203815002,0.8441952219411113,0.8108764367449929,0.8698279893689653,0.8169113144171269,0.7509037938695109,0.37947547407265203,0.4843670645193805,0.7598023745630527,0.4071297961590452,0.7318083230664854,0.6144400375212185,0.9327847121829819,0.7437610195286943,0.2918935435084582,0.6564934416865478,0.7793713361793849,0.9176769121758764,0.7650389622135647,0.9808176282555342,0.7855480309011276,0.874803563184065,0.9249581117093341,0.8207201167891289,0.9930104020880655,0.8916672024231089,0.7809788388822063,0.9126376659192033,0.761417950676623,0.8413535056044901,0.8234823759003774,0.4764215301312005,0.7318083230664854,0.9320016592310968,0.5126447489344946,0.8516775459542529,0.37610270594976725,0.7854536613884082,0.9779788506484827,0.3833504085479218,0.7687312965384795,0.4546535966719284,0.20918919706293293,0.7318083230664854,0.7318083230664854,0.9745005529541526,0.6964571647604636,0.7222524660699731,0.6323235867854411,0.4626461602474148,0.4125655713423487,0.36261981381714836,0.29052706921509586,0.7350029746610575,0.34001872936126687,0.7318083230664854,0.6289636884733205,0.8225538587803667,0.8595076304199196,0.24905974157343647,0.7793713361793848,0.3703996383065964,0.7318083230664854,0.7318083230664854,0.16937677365166492,0.8462045151605493,0.2853266429926906,0.69893881260213,0.3805976645988398,0.5017466098379475,0.8982941717370176,0.987404265816247,0.4213076423040174,0.4245739229350375,0.7318083230664854,0.6084208512808629,0.3198885779581775,0.8292063210402107,0.8441952219411115,0.92777438569009,0.919610837482018,0.7248420730002098,0.6221853843226954,0.8169113144171267,0.6246046845373143,0.7318083230664854,0.3664736671932376,0.9075725084422476,0.6248661775708375,0.70071402030334,0.6238766807016416,0.781280140087707,0.64552038867984,0.4163582750107543,0.8370123492175012,0.946897228838725,0.4864625124047164,0.7926237952447179,0.8974734569479395,0.7509283034073926,0.8807292068322712,0.3774636728959635,0.8300905497246422,0.7509037938695109,0.6970095365150999,0.7774322510070815,0.8318589174656659,0.7064381195232352,0.8595076304199194,0.9063382728606002,0.8595076304199196,0.8595076304199192,0.6548271388012975,0.9477163275511471,0.6126602286290415,0.8106069085572603,0.8616378859339666,0.7954299799017625,0.7703597672498939,0.48568279713044094,0.8012054341347125,0.8044674539676762,0.7774322510070817,0.8752670776183795,0.8169113144171269,0.5871876611843205,0.9972984501845683,0.7706986707276344,0.6783733942626671,0.7318083230664854,0.5230343714200976,0.9536021486748398,0.5235893075485722,0.8516775459542527,0.8616111599916203,0.7546442880540891,0.6855030578280115,0.7318083230664854,0.4698903804285095,0.23537846714741972,0.7546442880540889,0.2760773342100047,0.3537801311061286,0.30257378582657013,0.8225538587803667,0.5640005987422931,0.9227869122271399,0.9548414964913319,0.27744875086954357,0.6830793958103462,0.3550270943089102,0.8010546007406152,0.7991456936492214,0.8462045151605493,0.997083711383089,0.9348487480693854,0.39903888430230827,0.9069082339523122,0.19926254797200882,0.81060690855726,0.7231144968593352,0.41116152353134616,0.3908971320697451,0.49990955015168936,0.1672337670506432,0.10153484699411486,0.7318083230664854,0.30971892399988965,0.38902403965155985,0.6506487720427423,0.7318083230664854,0.4030890201205408,0.95566787850422,0.7793713361793848,0.8687854723525467,0.7509037938695109,0.42612905663911227,0.7445434044715771,0.9121424328349972,0.9875418864397815,0.9903903111198247,0.7759324340814466,0.22459176847535833,0.7318083230664854,0.7509193098950355,0.7318083230664854,0.8441952219411115,0.607698881452028,0.56874581925376,0.8595076304199196,0.72508476134893,0.5743937649974457,0.6455203886798397,0.7503859261343867,0.7318083230664854,0.4001373720537381,0.37049364694168974,0.677676076988859,0.9111145823057518,0.5711811735833942,0.9879794549496379,0.6040052581220747,0.7156713307051188,0.9728237043907222,0.6005683686757788,0.3110091961121645,0.9728237043907222,0.7503859261343869,0.7593982966903693,0.48600707745908966,0.9728237043907222,0.8595076304199196,0.9248147819729954,0.8169113144171269,0.6530112030142794,0.7509037938695122,0.735875879768366,0.7209612607824569,0.7852182262061038,0.6084208512808625,0.7830156341308276,0.6796423181183282,0.7395916258346773,0.8044674539676762,0.7944825590748026,0.722098594991109,0.5908064795877565,0.5473218036615997,0.5069488214612996,0.9781115031900831,0.5159052861356933,0.8048084222843361,0.8464015114623487,0.8108764367449929,0.7501628708755239,0.8858979977288076,0.9614548268121528,0.7648490011955933,0.7783712543070578,0.8225538587803668,0.8020156091163937,0.9755678688495368,0.7458413635372292,0.8264895929272622,0.8070403674382001,0.8906406273601735,0.8663545029226101,0.8092013470529857,0.796489526958108,0.7890064191135173,0.687810785412567,0.5610401940497605,0.759126059853265,0.6621653697697063,0.7504819936351406,0.9682749098233578,0.8600769274297663,0.9835960577094162,0.7445434044715771,0.8909342972301265,0.8182699905084857,0.987404265816247,0.9639643288426907,0.9650161524941032,0.6824788329990682,0.8913202173861492,0.8064823878898637,0.9553455570334097,0.8936010551252936,0.810876436744993,0.7997161239949889,0.5766545889203936,0.7298657582033234,0.9632617810424792,0.9865554151898346,0.5180487208388374,0.9534056331820902,0.7957807456005872,0.7957807456005873,0.3873307073317167,0.9489588482448286,0.536832816081116,0.9632617810424792,0.47469393582536057,0.7209612607824565,0.8020156091163937,0.6005683686757788,0.9591062331873476,0.8586965180854327,0.8516775459542527,0.8156120338555732,0.8441952219411115,0.9347703537508593,0.8020156091163937
p212_V,0.5802205013750061,0.8421603457990252,0.7088565492849237,0.9244192185471838,0.8189811782011488,0.8986133813304025,0.7994836916602909,0.8228198159643958,0.9487953329407028,0.7089549861069415,0.83818476025034,0.8324069108785306,0.770666997134283,0.7914666658764193,0.9821011839670586,0.9879242718077597,0.9968140003997856,0.8156492020535613,0.9983921185766228,0.932771007121397,0.8337863173051416,0.8878736175094186,0.9813806508002658,0.7390133621470436,0.830439865086853,0.8401356041885015,0.8503465187788168,0.8067398777107784,0.932771007121397,0.9813902845617108,0.8209366838621504,0.8419881270144886,0.9034073847232191,0.7816036838847071,0.8825201283765672,0.9255780598322527,0.900633073794324,0.8462121152122815,0.7243195312579486,0.8120757404207612,0.7475897054345031,0.5583637773060948,0.9405097243761413,0.9100525951189814,0.9382270077513981,0.750989605667945,0.8725553212046715,0.8436121669911874,0.8120757404207615,0.5576392368982963,0.8069097031659276,0.6395379810344501,0.8156492020535611,0.9819274018196849,0.7820186329666219,0.8560150343893422,0.9541083774946107,0.8633240709217587,0.8496308660127643,0.8545708706492459,0.8815171175980239,0.957357536447824,0.7435955595175135,0.9778228465993066,0.8823796135894799,0.7977496515524692,0.947541329894146,0.5467057695247324,0.6668460431526242,0.9255780598322527,0.7881504417585992,0.8120757404207615,0.8507506532888578,0.47929601396934884,0.8633240709217587,0.694491879616375,0.8610766264593228,0.8655396347943327,0.6334355519451307,0.8986133813304025,0.8335567452217494,0.8735931051860006,0.8016068306706874,0.9884595808669164,0.8633240709217587,0.7783701777629328,0.8878736175094184,0.9336588605073528,0.5955400272191091,0.8588935204002321,0.8633240709217587,0.7088565492849233,0.8154447905417892,0.8215771281461383,0.9630102623195698,0.7145239557046112,0.7203457509782147,0.6973530154526975,0.4786505790325206,0.5807892641246893,0.8322804608748362,0.8725553212046713,0.8633240709217584,0.8598485519198888,0.7309080138375679,0.8875631490366902,0.7502446952852511,0.5175207308768013,0.696601668708779,0.4840563743110896,0.682227809827169,0.8819946809593435,0.76060964693885,0.776060767123018,0.8725553212046715,0.5738317876941115,0.9260205794114211,0.7322877430076871,0.8986133813304022,0.7472708740809461,0.7884490919918861,0.8434231530179124,0.8567153354315402,0.7924212286828698,0.8401356041885018,0.7146345878365588,0.8678736588799028,0.778223220292515,0.9867566952391494,0.8143439790807523,0.8012139373487801,0.9064110103549552,0.8773844821970238,0.8081122173494262,0.8503465187788168,0.7297981588155424,0.5403881395024481,0.877384482197024,0.9124629060455847,0.8846189616699074,0.7359248309474502,0.892962784146768,0.8258600296066925,0.76575450447669,0.867894642768253,0.842934886153887,0.8313183933418249,0.641995012988591,0.5372155777273766,0.4479936028177607,0.8929627841467682,0.6579995077438067,0.9521391700208762,0.7958682010303444,0.947541329894146,0.9325773481711066,0.7887738140789842,0.8302279878806718,0.8123740758549287,0.7253663503958827,0.995083017987604,0.9064110103549552,0.8482658157287162,0.43262118264608707,0.7775436703015051,0.77516142635633,0.8392694690103343,0.8025071950277414,0.9399526292268723,0.5399862187803468,0.9687367361041053,0.8588935204002319,0.8085458873603311,0.8070461314345705,0.9798435596124935,0.8670792616512959,0.9255780598322525,0.8587064407231462,0.9794859015926842,0.7792840881078895,0.8761814354577029,0.8202872433971842,0.9746879019618713,0.6780571265179115,0.8937893395260226,0.6216270888331823,0.8077140393115867,0.4100728649947307,0.981927401819685,0.8172579889167924,0.7848520371028179,0.711474815901954,0.7316926287035272,0.59574559548411,0.9841752314600101,0.8633240709217587,0.6734945323182016,0.9747632347318917,0.6592004365817914,0.7006072387805322,0.8835004097174899,0.7089270833900354,0.8633240709217587,0.6933201687394654,0.5547629896970476,0.7487632090815707,0.8633240709217587,0.8936791142371487,0.8340281415141291,0.9658269467892209,0.8562429555240654,0.7632167683786103,0.8588935204002319,0.8633240709217587,0.7419144438376906,0.8633240709217587,0.6339259277965954,0.6815235482470556,0.7006072387805322,0.8633240709217587,0.6876221034265668,0.8633240709217587,0.790906594836225,0.7889474133847747,0.7751614263563298,0.6661004570293758,0.8725553212046713,0.4162826862860829,0.9146670526905689,0.9298073906738056,0.6297805435888608,0.8623303103206001,0.9435300349699733,0.8457277353047203,0.8773844821970238,0.9489538339430424,0.6865158751259843,0.9816144383588516,0.8858275601988603,0.813344148607946,0.9798159223302202,0.622370547385696,0.7085010928784499,0.9447151437112304,0.8633240709217587,0.6438858137506794,0.8633240709217587,0.7774191490117849,0.7926601557017625,0.8069097031659278,0.8441304263382297,0.4162826862860829,0.6734945323182018,0.5556240775674426,0.830439865086853,0.7117493098686705,0.8381847602503403,0.7934847824719699,0.6534650306913541,0.6706581115680035,0.6865075103861185,0.2245341604465766,0.8588935204002321,0.9718063493248191,0.6528601338674709,0.7243195312579486,0.7784873890789366,0.6074438255916759,0.9686372096622344,0.904532667677266,0.6793310506065839,0.7367528554688061,0.4656727305592192,0.4078832894764557,0.6978060549275926,0.8875631490366902,0.5406520131190533,0.7688131944254832,0.848265815728716,0.9024366390104523,0.8875631490366902,0.7163906716781088,0.5284446913876297,0.918833122860905,0.744512294610038,0.7914666658764191,0.8725553212046713,0.7816036838847067,0.3330405585558278,0.8545708706492459,0.8725553212046715,0.9064110103549552,0.47166663378817064,0.8875631490366904,0.6369365363774897,0.8790161768798272,0.691635835361017,0.676152015015943,0.9603772077810604,0.8633240709217584,0.8602763835208993,0.8545708706492463,0.8773844821970243,0.43262118264608684,0.5648527691348697,0.8725553212046713,0.8120757404207617,0.764930008117489,0.5307692878457617,0.4951101643028655,0.3718423491634124,0.7247267062512461,0.8923889839771622,0.8843933222381435,0.721295592857651,0.9327710071213973,0.9945830251997401,0.9876125469293452,0.9526011543380766,0.5247680783941846,0.7563626841885822,0.8904548547433411,0.8633240709217587,0.8773844821970229,0.9816144383588516,0.8156492020535615,0.8875631490366902,0.971806349324819,0.9206334341444793,0.8633240709217587,0.830439865086853,0.6942728322121249,0.8986133813304025,0.7594471200941939,0.7911947829435306,0.848265815728716,0.7016744316202448,0.39363937123260173,0.5396688562515446,0.830439865086853,0.8462121152122815,0.5721539507302058,0.6873207198416381,0.8029783676913784,0.6597423299624998,0.9901191869761832,0.9025775852166747,0.8986133813304025,0.41692870807883353,0.7816036838847062,0.3979591673383738,0.8503465187788171,0.8588935204002319,0.9632370928894449,0.691635835361017,0.402003314746638,0.42532079853505766,0.5262433926090884,0.8633240709217587,0.8111968324329082,0.5875808061569514,0.7848632928175454,0.9891451830076919,0.7885714320562002,0.5253819063322647,0.8633240709217587,0.8633240709217587,0.48901493462723855,0.39061884536446545,0.6663913536470674,0.8633240709217587,0.8929627841467684,0.8633240709217584,0.7914666658764192,0.7234017253528271,0.5547629896970473,0.8950935460094678,0.7948136083347732,0.834279635409227,0.56285032220178,0.4978126298709602,0.8633240709217587,0.6802550555371414,0.7960663611529744,0.4016675689502156,0.4896443773535807,0.8397023694988115,0.7434886393534157,0.8725553212046713,0.34345680053878136,0.8633240709217587,0.4683329361699995,0.8156492020535615,0.9089492052512862,0.8403173076887775,0.6734945323182013,0.5598474084051039,0.8462121152122815,0.8633240709217587,0.6342679252544984,0.9611935528861193,0.8633240709217587,0.9134094440989775,0.853980749714821,0.8070461314345705,0.5168708211143918,0.32266662260853163,0.8633240709217587,0.8833343436651896,0.8770589106697384,0.918833122860905,0.8235847760122288,0.7114493553535638,0.6692145332218984,0.9343576109128605,0.738399222224531,0.8725553212046715,0.5648527691348696,0.9324224030209621,0.9298073906738056,0.711575343117773,0.8362869890905573,0.667771776077678,0.9670460890732738,0.8773844821970236,0.864622006323442,0.8633240709217587,0.9255780598322527,0.8838558147943765,0.837763006065975,0.7514921215897721,0.8986070543043336,0.8545708706492459,0.8556529604860404,0.9683292665479916,0.8846189616699074,0.9476042584263105,0.8633240709217584,0.8701137570031572,0.7236498456500962,0.7411826461223265,0.8083175645988113,0.6227349628948446,0.8283796550308299,0.9539739906155531,0.9298073906738056,0.6976945286971741,0.914670608559514,0.932771007121397,0.9141352083422267,0.7649300081174892,0.8660360236742335,0.819269100283812,0.9146706085595144,0.7756395770190929,0.9581662330439089,0.9832747942419097,0.9595170167348939,0.976750477542734,0.9997704475275775,0.9412111868704812,0.860911619765742,0.8436803360653844,0.5981036413004372,0.7261142766760834,0.7822445056125704,0.944599006951827,0.9448929495271564,0.7754010527207409,0.6988818822189846,0.6705156845828812,0.8782341305473458,0.537064065790601,0.7788469961337645,0.6009922507011026,0.5692065267537436,0.7719761627955792,0.8412901753351786,0.9064110103549552,0.9196983424304845,0.7597171600696153,0.9474499153842963,0.6666237389042905,0.9983921185766227,0.7428401819908412,0.889462571720173,0.9552866321323303,0.8587811655429083,0.9089335114272044,0.8503465187788171,0.8770665508630495,0.7322877430076871,0.8209366838621508,0.5447101483938792,0.7656713965420971,0.8588935204002319,0.8588935204002319,0.647468958411261,0.7272686103711835,0.8796400151030104,0.6706581115680035,0.8633240709217587,0.8823796135894801,0.8633240709217587,0.8633240709217587,0.41335788726227296,0.9412594590100435,0.7816036838847062,0.8633240709217587,0.6559620686282321,0.5456724447782466,0.8133441486079458,0.9312546686869956,0.6967712191790274,0.5464780327638579,0.9757091445798877,0.7749607255123436,0.5936560522164233,0.83921390247756,0.8815470779260537,0.9917401414037557,0.989719849789638,0.8477294987222017,0.8620428587995108,0.7981930316589165,0.9606026542341575,0.8149001281234796,0.8297033787446684,0.8823796135894799,0.7563230180108445,0.8725553212046715,0.7875643721900227,0.7101715167391462,0.9188478398694271,0.9040207606105752,0.6422848562327469,0.8172579889167924,0.9074280023503153,0.6576065283145112,0.9362364329759869,0.8227434764427731,0.8610766264593233,0.8678736588799028,0.850699585699068,0.511116831654014,0.5692379160688963,0.9124629060455851,0.7959915066838823,0.88601201430344,0.8849404010591386,0.7030921523899187,0.8897634772723557,0.4016675689502158,0.8016068306706872,0.8986133813304025,0.47757966157092424,0.8130704599828364,0.45663593980544415,0.5398743463224658,0.8342796354092272,0.6111604560726138,0.835504012405115,0.8633240709217587,0.8773844821970236,0.9214959699328418,0.6919032778503116,0.7181452277854767,0.6833745256890502,0.9447151437112304,0.8707797299487798,0.5456475538419547,0.8524475004841152,0.3141282819851079,0.892962784146768,0.4445569443566306,0.9156213688537269,0.349331759012828,0.8545708706492459,0.9822020762549045,0.9880620576355941,0.9167641131388631,0.848265815728716,0.8597171570607784,0.6774189156796302,0.4903796768006199,0.0,0.7816036838847062,0.7159600088742883,0.6265758547087474,0.6332156632602313,0.8929627841467682,0.882990805776227,0.8045321919758858,0.7535288115873731,0.7749607255123432,0.9191899888782681,0.8588935204002321,0.5060719624397467,0.586619430026253,0.9824060674218802,0.5403881395024478,0.974122388655523,0.8629100465736146,0.8169712959496189,0.8441637851802155,0.8188509977484055,0.8209366838621508,0.696601668708779,0.9989567448092821,0.8655396347943325,0.7089270833900361,0.8773844821970236,0.9405097243761413,0.8633240709217587,0.7267785885618554,0.6533603920366442,0.6916468907480402,0.7848632928175454,0.8633240709217587,0.9302811491598669,0.5557116532003965,0.6196258931889593,0.7914666658764193,0.7411826461223263,0.7088565492849233,0.8077438715643888,0.8528226159494301,0.8284445490250327,0.9458016169051626,0.9135372232986305,0.8101160896338553,0.8823796135894804,0.7569145896245693,0.9541083774946107,0.9402666995052391,0.7719761627955792,0.9405097243761411,0.7505804192991621,0.8545708706492463,0.8986133813304025,0.8421603457990252,0.8322804608748362,0.8950935460094678,0.6330591244103054,0.6887844990893512,0.7703026538032491,0.6601338027626027,0.7101715167391467,0.6143251493591093,0.5150871026742534,0.8588935204002319,0.8773844821970243,0.8503465187788168,0.8588935204002319,0.8588935204002321,0.8764013752085535,0.8633240709217587,0.65166404370989,0.9207822008688005,0.8633240709217587,0.8229385262714317,0.7233284973510692,0.9983921185766228,0.8725553212046715,0.7166317844248429,0.6407351174037808,0.8897634772723557,0.6430328239899215,0.6717169175426451,0.9670460890732737,0.34293510206625555,0.8633240709217587,0.7502446952852513,0.8725553212046713,0.8229385262714317,0.6114915750392387,0.7923388571645833,0.8875631490366904,0.900633073794324,0.6177752576747184,0.9167641131388631,0.8829908057762272,0.8633240709217587,0.8970799507054856,0.8100362731499549,0.8891676404718531,0.9551435489402613,0.9202493838823178,0.963592970627815,0.8120757404207612,0.9064110103549554,0.8082987724345361,0.627496095736569,0.8633240709217587,0.958632496184886,0.6996945202078746,0.708954986106942,0.6496055711232902,0.8503465187788168,0.83818476025034,0.6571977612813534,0.8545708706492459,0.7695622534341549,0.37906851504529937,0.8633240709217587,0.8633240709217587,0.9650560339353662,0.7302456631628944,0.7569145896245695,0.739393472104071,0.6568207183650047,0.7809416890104108,0.5692379160688963,0.3447989847572239,0.8192691002838122,0.5604562929641812,0.8633240709217587,0.8804945130730659,0.8773844821970236,0.7243195312579486,0.5456475538419547,0.8875631490366902,0.7159600088742882,0.8633240709217587,0.8633240709217587,0.40901801902389157,0.8633240709217584,0.3866962399322651,0.8342796354092272,0.6152371601633337,0.7292838755700903,0.9687695595836345,0.8025071950277409,0.5314252152335099,0.6129293067836308,0.8633240709217587,0.771976162795579,0.3621528348512487,0.8678736588799028,0.8463324753943737,0.9154639613226595,0.9637540843320485,0.9582561169701536,0.7783701777629326,0.8045321919758858,0.6512314879218037,0.8633240709217587,0.49339672732745576,0.9897198497896378,0.849682037548418,0.657630196885175,0.6378803987506392,0.6546782525266002,0.5708124284328009,0.6664041476805964,0.7895388029676925,0.975164752211664,0.7733399516169162,0.7395445326824711,0.932771007121397,0.8096756761112878,0.9870540169981432,0.47726427903364277,0.7016744316202438,0.8897634772723557,0.8500789590368292,0.811700936407575,0.8960801202326796,0.730361267631576,0.8081122173494262,0.8133441486079458,0.8919049034409037,0.8500085603951648,0.7381896022300458,0.8475162239405255,0.8817895885150384,0.9460590785519859,0.8929627841467682,0.8878736175094186,0.6565775346389549,0.6339822381152647,0.8748097499677505,0.7089270833900356,0.7879663628930693,0.7853994912553768,0.8372916068903066,0.8948908352375531,0.9680102158050214,0.8860368683354745,0.9174323513735079,0.8633240709217587,0.7088565492849233,0.9268630210971769,0.6230673326754852,0.7089549861069415,0.707731886684517,0.8229385262714308,0.642427429482981,0.8633240709217587,0.46556909006832325,0.49135933580951074,0.8984612896984406,0.3235886796720361,0.40879244717881236,0.3247455868276563,0.9124629060455847,0.6938044782916712,0.8466767801900734,0.863410540251351,0.49532185698774367,0.852447500484115,0.5779666545358169,0.8986133813304025,0.8782341305473451,0.8633240709217584,0.9626075376379615,0.9325773481711062,0.5984238183497708,0.9434856120630545,0.5318832428579463,0.9142896034642762,0.8588935204002319,0.6854917647446572,0.6418374168882026,0.7204754264382176,0.4970664295848398,0.461618629435643,0.8633240709217587,0.3947499307711977,0.6322314049586777,0.7914666658764193,0.8633240709217587,0.5070588765218017,0.9822020762549046,0.8875631490366902,0.8524475004841154,0.8588935204002319,0.6598466250042616,0.7435955595175137,0.9941114500962163,0.9034841814183538,0.987555665680695,0.8782341305473456,0.5244315537999009,0.8633240709217587,0.8441304263382298,0.8633240709217587,0.6942728322121243,0.7653964416217041,0.9254015278716049,0.7243195312579486,0.6680676081972685,0.8939071371238843,0.9915496151861267,0.8136254246548802,0.8633240709217587,0.4839820045575245,0.7120064913907559,0.7905043580027826,0.9119112926750874,0.7719761627955806,0.9124629060455851,0.7981930316589161,0.4420774518765761,0.9424009047294863,0.7785954360199591,0.461618629435643,0.9424009047294863,0.7914666658764193,0.8773844821970243,0.7085010928784499,0.9424009047294863,0.7243195312579486,0.9870540169981432,0.870051021804728,0.7253663503958827,0.8588935204002319,0.5542993547866721,0.848265815728716,0.9009647957607465,0.7719761627955799,0.8896861988835832,0.8916427813358603,0.7059178285778607,0.7397970402621595,0.683374525689051,0.978284096071143,0.7914666658764196,0.7537900452818436,0.7214728679165161,0.996604388043894,0.7532954954613609,0.8361760619708303,0.6734945323182018,0.9064110103549554,0.8281133421461484,0.9799613568776808,0.9844554368968315,0.8050570472652661,0.9350937565175388,0.8773844821970236,0.8823796135894801,0.8440138568620944,0.8477220968560835,0.842696105941273,0.9046053141970098,0.7981930316589163,0.741339508800709,0.9355417464656015,0.8397023694988113,0.8633240709217587,0.9806780977884915,0.8182482245886753,0.8467403986268276,0.917376859154945,0.9177424335199206,0.8823796135894799,0.9312264705314053,0.8016969006434495,0.8156492020535611,0.9382270077513981,0.8246644637633853,0.9489538339430426,0.8221611262523356,0.8044107028686693,0.8381847602503403,0.9887766735293648,0.9206334341444793,0.6966751080946634,0.9558888796322302,0.8725553212046713,0.900633073794324,0.7967548694345394,0.8752195525445674,0.9402666995052393,0.8011226157484539,0.7684093230569224,0.9670388010280482,0.9146670526905691,0.9146670526905689,0.6973777522979783,0.8989203946432849,0.7569145896245693,0.9064110103549554,0.7726936145181759,0.8229385262714315,0.8823796135894801,0.9719129462001342,0.9935318945586382,0.933392488708745,0.7487632090815703,0.8096926379830465,0.7703026538032494,0.8737941736339185,0.8823796135894804
p214_C,0.9386878311277111,0.9062682363877987,0.7842505301712879,0.9081008136077287,0.9188361382271664,0.9397924012017989,0.9411840674114408,0.8496217685080238,0.8463034707266366,0.9364368411420321,0.9419536134643973,0.9162050927129204,0.9162050927129204,0.7231851254871102,0.9677542544444881,0.910707988599565,0.9666428003039549,0.9926947949559495,0.7495338050235039,0.9364368411420321,0.9863128554450595,0.938858661103084,0.9687941395742312,0.967100967856847,0.9545120045449914,0.8905248145511351,0.5592172246806723,0.8664814862756911,0.9364368411420321,0.8851865539127236,0.8801586131976928,0.9271857963192041,0.9484490715653733,0.8703071672354954,0.9188361382271664,0.9332303128187658,0.9873359374176983,0.6140289460792057,0.9397924012017989,0.7093610486939419,0.941079384442943,0.8926744609561268,0.768852113385853,0.9982116059570765,0.8444151276169702,0.8762697979988535,0.9714058757497572,0.8666421769503914,0.8884027441326565,0.8271068874433853,0.8776603460423872,0.7477463211274189,0.8905248145511351,0.9062682363877987,0.9720014770972775,0.9486384944783341,0.9193175573455776,0.9188361382271666,0.9580794858181152,0.9191935655413225,0.8498824478883684,0.8091854709620838,0.890524814551136,0.992000334180243,0.9301521134798674,0.7585669827232535,0.9264488104519895,0.8533638776609975,0.9128257570773628,0.908151746102369,0.6996495316198228,0.9439988362117595,0.9044188733069922,0.7818998392068106,0.9188361382271666,0.9836818654756583,0.8375194253623386,0.903907368032151,0.795736828001846,0.8853943075507925,0.86781515937437,0.9642416825773447,0.797119416374909,0.8905248145511355,0.9188361382271666,0.7200781040031062,0.9120600632071978,0.9942150538949934,0.8551475116943821,0.9162050927129202,0.9188361382271666,0.8328308529694537,0.9538178719589283,0.9971693047936232,0.9142553407315159,0.9179396080130531,0.7203734446855254,0.9863128554450595,0.7316416747313066,0.8074071940712026,0.9853395314336217,0.9714058757497572,0.5067426492588492,0.9535855008241652,0.9689605766139049,0.9332303128187658,0.7715101697766475,0.923928705519431,0.8993081265656122,0.7659939160922593,0.7496722120299347,0.9619234929707896,0.8671083343732875,0.8827148855675933,0.9815062877983507,0.8910010991537543,0.8993381937147162,0.9332303128187658,0.9980634982842684,0.7942142382641855,0.8572691230504832,0.8078095754619212,0.6256072995438495,0.8801586131976928,0.8710785645042982,0.8564205325439076,0.9873359374176983,0.9268298881488041,0.9549894228659186,0.9221261809159464,0.7966865448611928,0.9243180392978652,0.9752372748615914,0.9397924012017986,0.9111295270090605,0.6175036222599808,0.8749957815817544,0.8776603460423874,0.9271857963192038,0.9136381231722888,0.8143032300292852,0.9364368411420319,0.7585669827232535,0.8522854010955979,0.8002106857634843,0.8571496764250637,0.9021539112208945,0.7678206430161243,0.8884027441326567,0.8039145993323656,0.8974625884738572,0.8765682211155166,0.8124773857179365,0.9249788088801436,0.8776603460423873,0.8884027441326572,0.9313237433631405,0.6817249837370652,0.8134118466352587,0.8547233147850071,0.9246580177432506,0.6989792690869984,0.9994678821812105,0.8560225025122667,0.8859462632868753,0.7555381423060845,0.988264565759186,0.8646979598369935,0.957466773538006,0.8950021976073843,0.9069834982716527,0.9591402541866405,0.9816494815223561,0.808700293642254,0.8079613786411541,0.7647899073490486,0.9332303128187658,0.9250543837045142,0.8722428588429538,0.8747992910075617,0.9148217959918505,0.9633144801824758,0.9523285443895997,0.9591402541866407,0.922476206341707,0.7768538815170563,0.8572643034920979,0.8427562020241621,0.9062682363877987,0.934549016210261,0.9191935655413226,0.8988045555455051,0.8748829829477938,0.9300843038603108,0.8298882733858526,0.9188361382271666,0.9215378731313923,0.5848569429685465,0.8666421769503911,0.9561644839031866,0.8756872102415512,0.9549894228659184,0.9188361382271666,0.9642080655357028,0.7400835204265079,0.9364368411420321,0.9188361382271666,0.9121372710878786,0.8645899440480411,0.8893359697978047,0.8762619267883074,0.9666594865031803,0.9162050927129204,0.9188361382271666,0.9586718329896529,0.9188361382271666,0.7377721470800509,0.6967125880912144,0.7651883534183048,0.9188361382271666,0.9056035016258016,0.9188361382271666,0.9998812998333229,0.9599126383273618,0.6683119027480326,0.9811610381549327,0.9243180392978654,0.8429088365979669,0.9136381231722888,0.8160154479064048,0.9015883421806548,0.9299397675698129,0.7632288974043389,0.743218968924017,0.9752372748615917,0.8901584347056433,0.8253933155080595,0.816908998039652,0.9383472819496208,0.9221261809159464,0.8645899440480409,0.9111295270090602,0.7843527058003784,0.955430200993886,0.9188361382271666,0.9226564439505704,0.9188361382271666,0.7278812432671129,0.790192634744525,0.9759742607288062,0.855539121364187,0.8618651527066334,0.9215378731313923,0.8627116416336096,0.9910569717673405,0.755643239418823,0.9439076502388632,0.7994715690107894,0.9243180392978652,0.786153481928749,0.9272748683482386,0.7713616382369315,0.9162050927129202,0.9808531012828585,0.7813921822843588,0.9397924012017989,0.8724882414083801,0.8130146968891323,0.9272989769634583,0.8372419978857326,0.6863636610263044,0.9759742607288062,0.9964131241151741,0.9998272415719593,0.6831832606853633,0.9332303128187658,0.726636185516313,0.9196570634622756,0.9653059182149235,0.7954425269629117,0.9332303128187658,0.9075281486484881,0.7609070351017311,0.9808531012828583,0.989155678726837,0.9069834982716527,0.463540086827538,0.9810490389797019,0.6916774264569945,0.9136381231722888,0.8873306148945664,0.7931549419907822,0.8259741532391489,0.9332303128187658,0.7734782769480444,0.8722412896855278,0.9954645327542637,0.843656659720782,0.9610243931286575,0.9927913675399129,0.9554421119948899,0.8774014877197256,0.6825064884039787,0.7795579190089543,0.9602884009715161,0.9815062877983506,0.9219224280637734,0.8955568994617082,0.9085449411326725,0.8827148855675933,0.9318406132079879,0.8970081454372002,0.9324906465542583,0.8566476400894334,0.7162974747701247,0.9364368411420321,0.9775561827738073,0.9364368411420321,0.9297646847494163,0.8645899440480407,0.7611257302385841,0.9243180392978652,0.9188361382271666,0.9271857963192041,0.8169089980396517,0.9926947949559497,0.9332303128187658,0.7656419597021864,0.9549894228659185,0.9188361382271666,0.9179670373226423,0.9332303128187658,0.9397924012017986,0.8110365895166631,0.9700445463697858,0.8948535190071922,0.9271857963192041,0.8526637265686308,0.8797865087242246,0.6986972339885477,0.908674345896699,0.7913320663094453,0.9243180392978652,0.9892222022633377,0.9155004788194039,0.9062682363877987,0.8571496764250635,0.9397924012017989,0.834094732939074,0.9892222022633375,0.7590085251200305,0.9518720845713886,0.9162050927129202,0.699649531619823,0.9810785975841936,0.7684103376169453,0.7127835543944039,0.8626933481019048,0.9188361382271666,0.8287206156332434,0.9846362664950942,0.9023193977639941,0.9846362664950942,0.9364368411420321,0.7934409100797521,0.9188361382271666,0.9188361382271666,0.8884027441326565,0.9250550979549392,0.6347399894522174,0.9188361382271666,0.9528294452685606,0.9188361382271664,0.9378027796250891,0.9612490296140914,0.7970837554566488,0.9486051204234526,0.6536001967439321,0.9761289800255133,0.8327403066216019,0.88397639038352,0.9188361382271666,0.993892817004119,0.8664814862756911,0.9084894834347617,0.8369921843903907,0.9345490162102611,0.8366445526597422,0.8873306148945664,0.7503479647102214,0.9188361382271666,0.8092171093004353,0.8029652442344222,0.8381364341119781,0.8378822148792278,0.967100967856847,0.6970714934566915,0.9086743458966988,0.9188361382271666,0.8589357875457213,0.8601778526419883,0.9188361382271666,0.8408994097214848,0.9577256621752981,0.9694773398454679,0.8505533233451524,0.7222094813814699,0.9188361382271666,0.969700936592592,0.9160186407774473,0.9177449231111594,0.8447994349198154,0.7925617055576324,0.8516848931219234,0.8806481140766085,0.742198185140952,0.9344184513464585,0.8880438381235429,0.8185765480394147,0.9329290708210041,0.7854475294144458,0.9570798299834046,0.7456491694750542,0.8970640020677767,0.9752372748615917,0.6667386036946705,0.9188361382271666,0.802406452049792,0.8212854748924064,0.7589733900230866,0.9419536134643975,0.884234751678239,0.9136381231722888,0.9832889087547527,0.9417728426922437,0.9136381231722888,0.9799998588966439,0.5509288963753094,0.7438233377967283,0.8975363993064299,0.9250550979549392,0.9332303128187658,0.7748935537185431,0.9364368411420321,0.9451469503672958,0.9594757229193142,0.9112455261547359,0.7257084685950499,0.9364368411420321,0.9472942139009559,0.8955568994617082,0.6627997231758733,0.7610803789705594,0.9015883421806545,0.9731697328455184,0.9714058757497572,0.9892222022633375,0.8646979598369935,0.8935282839381893,0.6824320857464186,0.9920003341802428,0.9799998588966439,0.8801586131976928,0.7138119213033529,0.8640513352153469,0.80787229272696,0.9259002427416266,0.8767495889655907,0.9702424698108976,0.9378027796250892,0.9653059182149237,0.9236106541660869,0.8651017795434813,0.9439076502388634,0.7828813308118916,0.8948535190071922,0.8189607531784778,0.7399982607969422,0.8873306148945661,0.9831242573594569,0.8522736019840067,0.6318920498391102,0.8552368166078578,0.9861029598450541,0.8148226746579499,0.8513970488424683,0.6642399840962043,0.929990621422188,0.5592172246806721,0.992614642133717,0.9271857963192041,0.9332303128187658,0.9434241618923718,0.9953860489906694,0.8890344077176484,0.9591402541866407,0.9120542613921981,0.834773265606574,0.9862580849438625,0.9926146421337172,0.7641095088731327,0.9188361382271666,0.9301521134798674,0.9188361382271666,0.9188361382271666,0.7103779417691753,0.8970640020677767,0.9297646847494161,0.9188361382271666,0.6954778573821463,0.7407200328079588,0.991569463782195,0.6556904975097464,0.9831358469545557,0.6586141552259768,0.9513056403643732,0.8445260765476377,0.7441955253353554,0.8924520257599287,0.9219722388464882,0.9301521134798674,0.9271776793409097,0.8727464217720315,0.8324789566221809,0.8801586131976926,0.8924520257599284,0.9136381231722888,0.96468952915774,0.9301521134798674,0.8917729453834498,0.9344184513464585,0.8409934614190602,0.9866007010520571,0.6572068309485648,0.8877455854128595,0.9217071574105251,0.5911671257514146,0.8498824478883684,0.8970640020677767,0.9023193977639941,0.9243180392978652,0.938858661103084,0.48614189543769737,0.8627116416336096,0.7924618199175755,0.8744023074844763,0.9759742607288062,0.9391120069413565,0.9111295270090607,0.8407151316899778,0.8236837483731394,0.9162050927129204,0.8326697563181311,0.8612583592401479,0.6523099192209136,0.6969447911215674,0.7748935537185431,0.8445260765476374,0.8740539131790724,0.9761289800255133,0.9324288082150869,0.9342235794887462,0.9188361382271666,0.9752372748615917,0.8955568994617082,0.9630223853436268,0.9905090477178116,0.9388586611030838,0.9609856433629198,0.7971194163749087,0.9340681505356794,0.7084202416467236,0.6878443081738388,0.9364368411420321,0.6638889743267125,0.9799998588966439,0.7866345128825973,0.955430200993886,0.9484490715653733,0.9497176787940782,0.8477288716124307,0.9653059182149237,0.990204353521408,0.9858434649181352,0.9370433371027989,0.7816036838847062,0.0,0.7301865852690879,0.778245182487787,0.8801586131976928,0.9364368411420321,0.9723980610103105,0.9215378731313923,0.6967125880912146,0.8966129881495928,0.8288247292151196,0.9162050927129202,0.8115236478621428,0.7913320663094453,0.9397924012017986,0.9432361273152992,0.9243180392978652,0.9846362664950943,0.8136889686781192,0.9619234929707896,0.9763431624693749,0.9434241618923718,0.9723980610103105,0.9133217982743668,0.9419536134643975,0.997924584339639,0.9271857963192038,0.9436654046332619,0.9188361382271666,0.9594934435063769,0.978209627267857,0.8259600209869087,0.6766090573414464,0.9188361382271666,0.9063276154311983,0.7331716311016783,0.8498824478883682,0.9069834982716527,0.9513056403643734,0.5899292389786243,0.8560648007561682,0.8486251004227323,0.8555391213641869,0.9633171395215939,0.7613536716392537,0.8124837987348459,0.9808531012828585,0.7127351748357411,0.8863065703015556,0.9815062877983505,0.9508942993498994,0.9980634982842684,0.916763017547936,0.5430648651469496,0.8853943075507921,0.899338193714716,0.6515396110821359,0.9630223853436268,0.9901913207886635,0.9748367103570336,0.9332303128187658,0.9188361382271664,0.9015883421806545,0.7247480623998027,0.7795579190089543,0.9162050927129202,0.7312949528135809,0.9111295270090605,0.9162050927129202,0.9162050927129202,0.9297646847494163,0.9188361382271666,0.9111295270090602,0.9593434465794747,0.9188361382271666,0.8233368841618816,0.8607668501691252,0.9332303128187658,0.9344184513464585,0.9808531012828585,0.9215378731313923,0.9162050927129202,0.7162783462474394,0.7731975498548813,0.8970640020677767,0.745927188224143,0.9188361382271666,0.9324288082150871,0.7460671055388903,0.8937892833696129,0.765291377146565,0.7392304842952147,0.9332303128187658,0.9417728426922435,0.8993081265656124,0.9915694637821951,0.6256072995438497,0.9927913675399127,0.8933580624819937,0.42569238363925177,0.9933102894129492,0.7424598513400253,0.753676423077631,0.8552790990760808,0.9219224280637732,0.9815062877983507,0.5831077012259331,0.7476549733331901,0.9188361382271666,0.9188361382271664,0.9803996032198703,0.9364368411420321,0.8195788211528137,0.992614642133717,0.715630177645384,0.7976640124290282,0.9136381231722888,0.7421512585608493,0.7507057829659265,0.9188361382271666,0.9188361382271666,0.9949248037947263,0.8550692648426832,0.7127351748357409,0.658614155225977,0.7528163950686992,0.8505533233451524,0.7539595178486337,0.7182489377681307,0.8926744609561266,0.8168267677622878,0.9188361382271666,0.8768706677362997,0.9752372748615917,0.9397924012017989,0.7958201005729363,0.9332303128187658,0.7696860281155857,0.9188361382271666,0.9188361382271666,0.9230950333689716,0.7276738848411507,0.7275052176575476,0.912060063207198,0.8094876724464477,0.9825391909511073,0.855539121364187,0.753394917133258,0.73547437280098,0.88876021848948,0.9188361382271666,0.8477288716124306,0.7085402163921224,0.967100967856847,0.9332303128187658,0.912922443717268,0.9799859273411571,0.9954053989493441,0.8964502123310981,0.9215378731313923,0.8245044769691068,0.9188361382271666,0.7230643435079143,0.9846362664950942,0.8646979598369935,0.9737832649952589,0.6121964112566078,0.9062682363877987,0.8480887874245628,0.9221685404616827,0.9808531012828583,0.9206524394045177,0.7799249944079749,0.9259002427416266,0.8974625884738571,0.9697393763146015,0.8905248145511355,0.7011200122838854,0.9271857963192038,0.9162050927129202,0.8017165382781775,0.9193175573455776,0.6463520425747613,0.9431669964914421,0.9397924012017989,0.7326563978766196,0.9397924012017989,0.9397924012017986,0.9731697328455183,0.9023193977639941,0.8589357875457213,0.9188361382271666,0.9918036979367357,0.9015883421806545,0.9866007010520571,0.8525269251020344,0.9086743458966993,0.9162050927129202,0.9816494815223561,0.8797479086308417,0.967100967856847,0.8770675009177891,0.9565730307289082,0.7176639527923898,0.7011317164859409,0.9188361382271666,0.8328308529694537,0.9044188733069922,0.87308406883017,0.9364368411420321,0.8926744609561268,0.9653059182149237,0.7289377015626699,0.9188361382271666,0.6878443081738388,0.7544407449649536,0.8948535190071925,0.6897650345489794,0.7230643435079143,0.7011200122838854,0.9759742607288062,0.7353407098119213,0.9424997423484038,0.8047569422357521,0.7807707258469974,0.7801503791531778,0.7655008317668166,0.9436654046332618,0.816015447906405,0.9486051204234524,0.960288400971516,0.776400416556176,0.7424598513400253,0.8705695323486153,0.8793185298480244,0.9630223853436268,0.9162050927129202,0.868648991430796,0.988264565759186,0.8668438186763668,0.8516246880972889,0.851896027348833,0.9188361382271666,0.7380079484458166,0.9526011543380764,0.6307272814268009,0.9188361382271666,0.7642693236079958,0.988223797234048,0.9332303128187658,0.9329290708210041,0.9162050927129202,0.8789260764465955,0.9245814746860738,0.5618334503135407,0.9523285443895997,0.8806481140766083,0.9687941395742314,0.8360529658025057,0.9188361382271666,0.9531239189732772,0.9188361382271666,0.9332303128187658,0.6913724321171364,0.8151872676642644,0.9397924012017989,0.8612583592401479,0.838119163474482,0.8745533197205997,0.9069834982716527,0.9188361382271666,0.9316733990237636,0.9086365686230147,0.7241079314912371,0.9750569362397112,0.8645899440480416,0.9264488104519897,0.8801586131976928,0.8781517708121862,0.8664814862756909,0.8288247292151196,0.718631210015725,0.8664814862756909,0.8464622509008559,0.4385641663559676,0.9954645327542637,0.8664814862756909,0.9397924012017989,0.8905248145511357,0.967100967856847,0.9485507934311781,0.6115081310761559,0.8781517708121864,0.9300797186110579,0.9057013371667025,0.979662417783852,0.9687941395742312,0.86271164163361,0.9219224280637734,0.9591402541866407,0.938858661103084,0.9881863617082225,0.7848236881939834,0.868599149953657,0.8526637265686308,0.9148217959918508,0.9349511714520622,0.6758413647628255,0.9215378731313923,0.9243180392978652,0.946127993742141,0.95354909944022,0.8842347516782392,0.7904825896247933,0.969237039075715,0.9759742607288062,0.9808531012828585,0.9984551425502632,0.8821858692988969,0.8027609741182149,0.9271776793409097,0.9434241618923718,0.92477218824995,0.5890623323215003,0.878151770812186,0.9188361382271664,0.8785864522911682,0.9006221969695165,0.7727036333065267,0.8666421769503914,0.8417523627131693,0.9684459109141506,0.9810490389797017,0.9811610381549327,0.8905248145511351,0.992614642133717,0.9463248121641354,0.7533949171332581,0.8831869222370059,0.9201285729821673,0.6775839322131377,0.9247054390981058,0.6544432925498761,0.8599121075086336,0.7774389061377229,0.9243180392978652,0.9215378731313923,0.8185765480394147,0.8842347516782385,0.8873306148945664,0.93859975842519,0.7816036838847062,0.7696573688418822,0.997222278815483,0.955430200993886,0.9693935085740744,0.8937892833696133,0.8689959096416076,0.9714058757497572,0.7959665479971141,0.9653059182149235,0.9301521134798674,0.8532677898837113,0.5533332829265702,0.967100967856847,0.9918036979367357,0.9250939237696354,0.9610243931286575,0.9015050490227157,0.9808531012828585
p214_F,0.7967243754058847,0.8308284328760598,0.6887226606366104,0.8652167446718884,0.7578937685581039,0.8747439046690528,0.9496109252029863,0.8789184912170348,0.6396283760486798,0.764418092698022,0.8759144031389288,0.8320495610524626,0.7750032857403693,0.7423716115458532,0.9232476828830813,0.8511365349080752,0.8692466107210817,0.7722474481848005,0.9664668509189611,0.9045448781262264,0.7836773438703593,0.8200238589875917,0.8811566338086381,0.8302743854409155,0.7905202806671943,0.5942559581107373,0.8151135627519486,0.7948802738431993,0.9045448781262262,0.9330081565479809,0.6819237718608897,0.7625429349628967,0.862852922994088,0.7168212148799422,0.8166023125927323,0.8962170259453925,0.8670360756633024,0.8100057955331383,0.7768546873095722,0.7678326855976576,0.6824632817846037,0.983738680892644,0.9908777073428441,0.802608209426232,0.8692466107210819,0.5471338429288737,0.842550989015314,0.5810718827719146,0.7678326855976578,0.7949030905713739,0.859777931079121,0.5545211118774174,0.6168808364573253,0.7300901980250423,0.9786056946230592,0.785402004170175,0.9827738564631818,0.6991852245234744,0.9275308561673963,0.9036237117624286,0.585449965763334,0.8397019185032493,0.8174972048779767,0.9192616648245373,0.85468821698147,0.713508460762925,0.9133404113163561,0.7573850472458517,0.9400708266206386,0.8962170259453923,0.7382746479653424,0.7678326855976578,0.9779177832860688,0.4947526154200994,0.6991852245234744,0.6539044558448532,0.8200238589875914,0.8253638399869105,0.7056476031850056,0.8747439046690526,0.8207822179489623,0.8748602561896521,0.9042252699125826,0.9758713533040917,0.6991852245234744,0.7261918140028518,0.9685827185265123,0.9116083276803564,0.8132181556334791,0.717957010428276,0.6991852245234744,0.6403125748123593,0.7010860948152844,0.8322578670113339,0.8190063568509289,0.8707386947210958,0.6491329969965465,0.6891313942503179,0.3464807259020093,0.6227464383100083,0.8731228274115115,0.8425509890153133,0.8311464231994985,0.8632480589045772,0.8617373334916857,0.861092113458608,0.6914447422424861,0.44547592510968104,0.8938665427610051,0.47055228948146555,0.60239171218467,0.983738680892644,0.5327070388110057,0.7172036711545542,0.842550989015314,0.6492125792620247,0.9083133803641006,0.7876587616735474,0.8747439046690524,0.508460712651152,0.9524200355768017,0.7592856113172004,0.814798217326564,0.9551137937536222,0.7948723265313882,0.7138855070631815,0.8367671217737243,0.9254887101749933,0.8827190623870713,0.8994767705078305,0.5700060428106702,0.8738328753514062,0.8485170805722069,0.8155659548675032,0.8151135627519486,0.7151572694050956,0.8580169319774394,0.8485170805722069,0.8485170805722069,0.735447508179895,0.515959516145255,0.8677629859955867,0.6226017370691005,0.6174736942705947,0.7994350021403656,0.599145345961314,0.9176803063116659,0.43984922295569484,0.9649495303379833,0.6040935111966084,0.8677629859955873,0.7804598720496001,0.7431333050315445,0.9677269137525379,0.9133404113163563,0.6086591515855028,0.7497652580413838,0.7900459898038883,0.7655428131340906,0.899533638676101,0.868324797951194,0.8738328753514066,0.8514584170929147,0.5907020715935993,0.6582821252725037,0.7415433094883435,0.7421713401824245,0.750119962653157,0.8401179909024563,0.785562793340605,0.7628458004001928,0.8256727870749787,0.7321334680024771,0.9037139668649998,0.7963432599432081,0.7899909958051179,0.9313419384321768,0.7444916497508873,0.8341174167201995,0.9672887401160981,0.9410043930661396,0.7681134489071159,0.9169832390321795,0.9461421116766492,0.7119390513145825,0.5692709945361865,0.4805366580536292,0.9837653625810651,0.6784335663663486,0.7672446223944525,0.8742662697405406,0.9535310274378562,0.5512744660913504,0.5754549277742105,0.9754697783358666,0.6991852245234744,0.7394675237721807,0.9591512163866867,0.5981111070042193,0.6913305093222375,0.7464930047471234,0.9746652493326958,0.6991852245234744,0.6643588992052591,0.6385665863149168,0.8011999848286613,0.6991852245234744,0.5793946000162653,0.6128036892736972,0.6253116903312868,0.556776684585087,0.7015445877968602,0.8256727870749783,0.6991852245234744,0.8961299493910193,0.6991852245234762,0.6659312638091959,0.5839687946940049,0.5855511885878364,0.6991852245234744,0.8347885752193399,0.6991852245234744,0.753850552458718,0.7542685806129337,0.7222276254604909,0.6321943261490883,0.8425509890153136,0.513884979508705,0.7076837558677659,0.8335041150813927,0.9818976616271808,0.7763357954816124,0.5912486519663294,0.7894357495388351,0.8485170805722067,0.9454249734383582,0.8981517364866256,0.7284559023625539,0.808359900418193,0.7848075380141794,0.593692150524755,0.7788885774795525,0.634620698109289,0.9591512163866867,0.6991852245234744,0.8563090039643237,0.6991852245234744,0.6857045401669757,0.7374039932622707,0.9894245925674199,0.9752567738510713,0.513884979508705,0.7394675237721806,0.6992411661235342,0.7905202806671943,0.6763629205828727,0.8253638399869103,0.5447526340365815,0.7195026022793825,0.6906961134218976,0.9871252423123691,0.6967051263405188,0.717957010428276,0.9894170690238606,0.6273920402065014,0.7768546873095722,0.7506049903416846,0.9991644391827019,0.7862400958366353,0.7444916497508871,0.6581742516243081,0.9894245925674198,0.6876384685163146,0.8633487412550382,0.7557059915023394,0.861092113458608,0.5620651835710924,0.7370717471659476,0.8046547388994403,0.8445520500174182,0.861092113458608,0.944491767683457,0.5533273412285056,0.9220526430026654,0.7122880664323561,0.7833199892545315,0.8425509890153133,0.7894357495388353,0.4944750283915721,0.9036237117624288,0.8425509890153136,0.8738328753514066,0.38102348568233324,0.8610921134586078,0.6559625249444692,0.5694451429541059,0.6657869264112679,0.8994710475078793,0.8962170259453923,0.8311464231994985,0.7901008342696876,0.8203324548260427,0.8485170805722071,0.4764071213946236,0.7503384896691285,0.8738328753514066,0.7678326855976587,0.8141959578710513,0.6042687517169567,0.8459823999424277,0.6560191052578548,0.8767061835275403,0.7517872802070262,0.6343263209959566,0.6064386781583891,0.9045448781262266,0.7617016293666945,0.9045448781262264,0.8289351923853332,0.6510267667715843,0.7354042515255135,0.9697576929681275,0.6991852245234744,0.7301312695908196,0.9014705247263548,0.7722474481848005,0.861092113458608,0.9220526430026654,0.825672787074978,0.6991852245234744,0.8147982173265638,0.9281584116206856,0.8747439046690524,0.8130306895394801,0.5682256963408474,0.8046547388994405,0.9246012618232705,0.5925646300412977,0.47051279319571293,0.9361879006234102,0.8464878759706846,0.49815759710416696,0.8133482612876617,0.6773217720334459,0.5662634936552897,0.7300901980250423,0.8563183304297152,0.8747439046690526,0.5190854461946894,0.7301865852690881,0.49124754997185516,0.8151135627519488,0.717957010428276,0.8798287190821259,0.634620698109289,0.46898702144528304,0.5404222844098413,0.4490368693303084,0.6991852245234744,0.5756873484577785,0.8051306963265289,0.7741751295306647,0.9019458726293343,0.9413267702568655,0.610140112683689,0.6991852245234744,0.6991852245234744,0.764536192289713,0.8663358464964186,0.6016997724361461,0.6991852245234762,0.8677629859955873,0.8311464231994985,0.7423716115458533,0.7083080503210668,0.44923161069279804,0.8605006952168126,0.7465065254933925,0.7952640490644383,0.4949357788266424,0.5156031608173818,0.6991852245234744,0.6507591023935375,0.741543309488343,0.5461812159642632,0.5244477403839626,0.87093510689975,0.7699228124463497,0.8425509890153133,0.43771842448024423,0.6991852245234744,0.3895453147275054,0.8627469615711523,0.8239980188654851,0.8016931114437189,0.9513502009992278,0.4911606151894716,0.8100057955331379,0.6991852245234744,0.8816200890808656,0.5299868902307636,0.6991852245234744,0.921683924089654,0.6828976675739536,0.5420038877866054,0.43732448099519816,0.46370768248362615,0.6991852245234744,0.8645029927594252,0.799008517889402,0.9894170690238606,0.8635491662308263,0.7198455545243279,0.941767757727136,0.5111322970705989,0.6712280665048049,0.8425509890153138,0.8846818506437567,0.5783040476906003,0.8811566338086378,0.4718648825973615,0.8020587491928286,0.6283915457835803,0.7137969570097786,0.8485170805722069,0.7948723265313886,0.6991852245234744,0.8962170259453925,0.7072059800962047,0.7506256389601723,0.7955069363729533,0.8239901380012871,0.7354475081798952,0.7738318234529796,0.9578429373320376,0.7076837558677664,0.8506391215629194,0.8898549672341267,0.8308284328760598,0.6886416321820383,0.750005357361256,0.9632833241074699,0.45548261821390246,0.9115456612205779,0.9883733563185115,0.8811566338086378,0.5828934488798057,0.8447836689107451,0.8677629859955873,0.6387498887718672,0.852827325926756,0.8433131763956259,0.8322443404907794,0.8695434788338985,0.763058826835314,0.9384758066320343,0.7696860281155864,0.9361758350416751,0.959930361496886,0.8046547388994403,0.6917124201812861,0.9471586258290081,0.5768506865175325,0.6945293147636673,0.7108707554135636,0.7542881763922895,0.8421800867365152,0.7200691171193476,0.6848615100423465,0.6229285339696339,0.9216639343831265,0.7614494757370242,0.4451447250621394,0.9264649662909465,0.5756105671022518,0.9918694516733386,0.7182924545133289,0.6930017560415591,0.8738328753514066,0.8366037406291142,0.7584267000157063,0.7652482714754034,0.7931974414841152,0.9984082365942544,0.7454180502469099,0.5689893567248684,0.9220526430026654,0.7415433094883435,0.8692466107210817,0.815113562751949,0.9781637420605056,0.7876587616735474,0.7716961843536445,0.47215883509158574,0.7479563121220592,0.8541959247310249,0.8256727870749785,0.48521628339821066,0.9330707345305392,0.7247555295104215,0.6321181781008551,0.6991852245234744,0.85468821698147,0.6991852245234744,0.6991852245234744,0.5196112502700438,0.6184919195552889,0.7301865852690879,0.6991852245234744,0.3821337811850105,0.4506449048155815,0.7848075380141795,0.7443448822075172,0.6660196617476943,0.4691750610987615,0.9418347554324187,0.8563090039643242,0.4786612151202657,0.8993350034316336,0.9202810974754118,0.8758540789337496,0.5707919514912174,0.5919936229358491,0.3966483016684168,0.7506815672849727,0.9421236141855147,0.7909750128041536,0.6747511904513555,0.8883704299920678,0.7043504253503108,0.8425509890153138,0.7884768206328092,0.8085789921651071,0.9147323139114281,0.80967785571777,0.63324327350324,0.7465065254933925,0.5677217924645825,0.7614494757370232,0.9739827534957808,0.8446301476237548,0.7095397524724927,0.8367671217737247,0.7711306992826816,0.4593524912622198,0.6011798584602404,0.8273662657070464,0.7055829945417695,0.7247555295104217,0.9400708266206388,0.6331910645333836,0.8541959247310245,0.5335888764960908,0.776203806106216,0.8747439046690526,0.3927824285873225,0.5907639012366432,0.8217060794915637,0.4736749283565307,0.7952640490644385,0.879430088355257,0.931372559960431,0.6991852245234744,0.8485170805722069,0.6983018537039387,0.9340194006619889,0.6232685329202221,0.7342995623956463,0.9853212789890559,0.818813262637043,0.4911606151894714,0.8096778557177702,0.4536626027408449,0.9851094454818563,0.37699099988331675,0.8966080626769899,0.8552620131739874,0.7354475081798952,0.9157000504550397,0.7754807736544923,0.8138501482580391,0.8046547388994403,0.6361862720992715,0.7455706719005614,0.613272525179553,0.7159600088742883,0.7301865852690879,0.0,0.5386605160005746,0.7506815672849727,0.8677629859955871,0.8633540906453023,0.8908122932200715,0.5440500598530678,0.7005958438369029,0.6253914296757328,0.6894338727722293,0.4486528455449498,0.48479182341905935,0.9521664397849134,0.8731283131721235,0.8759120339598478,0.8238329576842309,0.7608589935161949,0.7997217022760692,0.8120827751795483,0.7506815672849727,0.9424224160797434,0.8343030902782713,0.9011896847149377,0.8890958363645557,0.8485170805722069,0.9134551722269832,0.6991852245234744,0.8155698219961854,0.5669296531618389,0.8003311117470443,0.7941558919271763,0.6991852245234762,0.6942094601906357,0.4423576763658499,0.7981880453483519,0.9300413667847203,0.6802492126081061,0.6887226606366108,0.6930368453777136,0.9313581586525603,0.8455996574083997,0.9004330085728729,0.38897232345394595,0.6527856059291903,0.8546882169814698,0.6938529778897939,0.9827738564631818,0.8425509890153133,0.7756270707601549,0.9134551722269828,0.9968662932581831,0.8203324548260427,0.8747439046690524,0.8050001170467127,0.8511926216011774,0.8605006952168124,0.809937279696527,0.6620127827050362,0.8227836741603325,0.963373672679303,0.684779942549339,0.4976249976969136,0.578002632682602,0.717957010428276,0.8485170805722071,0.7518220534949879,0.717957010428276,0.717957010428276,0.7563206577264387,0.6991852245234744,0.7788885774795524,0.736388365221172,0.6991852245234744,0.7812528998027031,0.9093928388344381,0.8227836741603317,0.8425509890153138,0.9432185049549442,0.9513502009992277,0.6894338727722293,0.5752015648602684,0.6620430129375297,0.9044070319187587,0.5395066975680658,0.6991852245234744,0.6914447422424859,0.8425509890153133,0.9216639343831265,0.6876171618882895,0.695213793057168,0.861092113458608,0.8670360756633029,0.6996430494860518,0.9094078420027494,0.9667003527391126,0.8898549672341265,0.7848075380141789,0.7584966581248829,0.8347400355596599,0.5644315286993487,0.8506391215629194,0.861092113458608,0.7901008342696876,0.8738328753514071,0.7987260345930505,0.4934359013376791,0.6991852245234744,0.8898549672341265,0.6851756734444079,0.7644180926980222,0.5933689229730248,0.8151135627519486,0.8000885584109012,0.6485750866959077,0.7354475081798952,0.5833558586337793,0.5185434142227476,0.6991852245234744,0.6991852245234744,0.7370717471659476,0.8191691771048043,0.7457573645989337,0.6728887477959327,0.3807412225938773,0.5143756828667794,0.5211660387715884,0.486319963790242,0.7767195799489961,0.5840793289253476,0.6991852245234744,0.9929475114204662,0.8485170805722069,0.7768546873095722,0.4780402727128581,0.861092113458608,0.6035357539242108,0.6991852245234744,0.6991852245234744,0.5174761258685894,0.8311464231994985,0.5026336107479692,0.8695434788338985,0.524652349799301,0.71629162221888,0.8734765902991458,0.7332057924360187,0.5738249022118113,0.5308652432035184,0.6991852245234762,0.7182924545133287,0.44763408626760903,0.8367671217737243,0.9313419384321768,0.8603499035347177,0.9231146714798852,0.8195793326485146,0.7261918140028518,0.7091985698826024,0.6297145143238718,0.6991852245234744,0.5468675684571661,0.9605305588381616,0.5225707180099066,0.7093830880372571,0.5669296531618386,0.7817468296837364,0.8589255072412281,0.527898011132669,0.8421718659231511,0.8148051381602666,0.5239440088623823,0.9412877213869522,0.9045448781262264,0.8481446113673639,0.6847554714970887,0.5968905835434113,0.7625429349628967,0.6894338727722293,0.6078390177582277,0.8731228274115115,0.8329616870069811,0.8775071590033874,0.7768546873095726,0.7947386095090971,0.8542772224254336,0.9521664397849134,0.6765515156534139,0.7263058105565442,0.6166412183168162,0.8605006952168124,0.8677629859955873,0.8200238589875914,0.8828584219345671,0.5080806331440177,0.8892764867245637,0.8320495610524624,0.9075751144851478,0.5680762425275392,0.8605433393304934,0.5324460814865748,0.8246589250628044,0.5111493798437154,0.5321352619604001,0.6991852245234744,0.6403125748123593,0.8605006952168124,0.4997209375253634,0.764418092698022,0.993259196780284,0.657102961875601,0.618262893100894,0.6991852245234744,0.4409418881591918,0.4182466394244686,0.8677195137462376,0.44859597832251785,0.5859537832349659,0.49440054659890453,0.8485170805722069,0.3741233204260511,0.8125508980570534,0.9706123004840181,0.6600310326575616,0.80967785571777,0.6934606523627636,0.8747439046690526,0.8335041150813927,0.8311464231994983,0.7290809865541843,0.8569052802857773,0.484594059017475,0.804404617255184,0.4854446899832603,0.9779177832860688,0.717957010428276,0.5872125885061517,0.5950658606136732,0.9196457578460988,0.5335888764960908,0.5709050255278363,0.6991852245234744,0.42875536525334157,0.5882471175314019,0.7423716115458534,0.6991852245234744,0.5720106714236928,0.8364293592636134,0.861092113458608,0.7852757351006466,0.717957010428276,0.7193015553473758,0.7978798632300288,0.7249833586705876,0.8731228274115115,0.9838152148288897,0.8335041150813929,0.4422653201018314,0.6991852245234744,0.9968662932581829,0.6991852245234744,0.752533849186763,0.6435736285068292,0.5320249030692894,0.7768546873095722,0.7975085343716295,0.7362276661235456,0.5424639756686522,0.7628458004001921,0.6991852245234744,0.9398354855262119,0.4443274842562248,0.6129028963687748,0.8347400355596597,0.9568113867546566,0.8809287459442816,0.9130845596162785,0.983898214792833,0.8141959578710513,0.47924699135776694,0.4444309057145799,0.8141959578710513,0.742371611545853,0.8485170805722071,0.6813700405622565,0.8141959578710513,0.7768546873095722,0.953246474957504,0.9513502009992277,0.650203812260278,0.825672787074978,0.9216839240896544,0.7812528998027031,0.7303563094723731,0.7756270707601547,0.9282332912823814,0.5668341324750887,0.8536087869778333,0.9461421116766491,0.8828584219345674,0.6915247718937129,0.7423716115458532,0.7072059800962043,0.6979248702415565,0.8111916473246816,0.7493265596393661,0.8123689829417176,0.8000054315513374,0.8738328753514071,0.7605779989590934,0.9743255196747049,0.9752567738510713,0.8239901380012877,0.7173856766303526,0.8809287459442814,0.85468821698147,0.7548491361734446,0.6059590741967937,0.7714640537649813,0.9418282974804593,0.7506815672849729,0.843133941373998,0.8876320273046716,0.6728267612769377,0.831146423199498,0.7480565716217271,0.7147930507721167,0.8041357469285226,0.529954210075,0.8591555096642218,0.9894170690238606,0.769686028115586,0.7717533945625319,0.6168808364573253,0.8692466107210819,0.818813262637043,0.8685191541731228,0.7967469525189803,0.9403825831613655,0.8000885584109014,0.9524602162365333,0.911242200043118,0.8740972080571656,0.9526319193197894,0.8738328753514066,0.8670360756633022,0.4059426913414148,0.6357718768209104,0.8425509890153138,0.8466314274069853,0.6449607360585428,0.9664401165253285,0.8758599594503,0.8203324548260424,0.6637935448613248,0.9216639343831268,0.6938529778897937,0.9363966480235932,0.5438505999882302,0.7812528998027031,0.8883704299920678,0.6091531587515151,0.8457259469302121,0.8670360756633029,0.8011999848286611,0.8355534207570855,0.8227836741603318,0.9260371140151462,0.85468821698147
p214_V,0.629743519108243,0.7161153817625663,0.5845487059166565,0.8376547953800039,0.8927713255769503,0.7701004093977086,0.8240969547905164,0.8644824610537312,0.7559454833564447,0.8913167644457045,0.7568273350176953,0.8567235831170403,0.8567235831170403,0.7716397306020941,0.9283646450840664,0.9716139990058821,0.8901425286243823,0.5792728521912238,0.9235852575057477,0.792426963303995,0.5621240824295664,0.6892694848957339,0.8174966224362166,0.9309060793063673,0.7024905464814848,0.8128142530789662,0.9774133038851731,0.7924637524647538,0.792426963303995,0.9544935631946938,0.8854330696055297,0.9103339493566889,0.7017652412015887,0.9905090477178116,0.9243203844516434,0.8876589233480018,0.7763047460900302,0.9858432867658982,0.8970542565865081,0.8318174538959865,0.4568321092596127,0.816489818151402,0.8970542565865081,0.7620678882226806,0.9192327870446461,0.4838550334905247,0.759575737809846,0.7281232494143242,0.6403525432840239,0.7043793415035686,0.8754988991654495,0.5023521098379047,0.8371307688681586,0.8397330855386307,0.8722463878449838,0.7465701329035996,0.8879895529804341,0.8612222667022558,0.9146709286553008,0.8194297451663283,0.7433220505381262,0.7642818944529671,0.9440205890291099,0.8022297700145479,0.6850220107787015,0.8274055561030862,0.9451689995479284,0.7108178308646798,0.7084577923205155,0.8499077595187519,0.8456295913819034,0.7360849985900045,0.8612222667022573,0.5264825768781052,0.8612222667022558,0.5355301529235208,0.8223248542353355,0.7024971614711931,0.7123533386861718,0.894917409653627,0.8356963633835397,0.9031170678741023,0.8901465760392433,0.7738049785047625,0.8612222667022558,0.784283054068681,0.9913976286892221,0.7807137836941633,0.938603053681158,0.887379364622056,0.8612222667022558,0.6539215793390756,0.502448625576758,0.6778781623259729,0.7985559379258655,0.7281232494143244,0.6846535400745851,0.4774448765895255,0.5217966043848423,0.5879256491458045,0.8644196496342953,0.7931965366205517,0.9558694433263362,0.8625889938714651,0.9928493745457201,0.698903104201752,0.6386488588887235,0.4598511194832311,0.8278323671212415,0.5325898779206621,0.6503694130170617,0.8621246252777736,0.4865126298235336,0.6018571833849495,0.7259549389991402,0.43504972780884676,0.8826722065246175,0.8858340936764979,0.8117060761496816,0.6422145627296607,0.7620678882226806,0.710169316052929,0.9634222611466374,0.9112942170858788,0.8467545258723405,0.7662930686719271,0.7763047460900301,0.7269230769230761,0.9593417278528643,0.7684696092538159,0.6523652295886688,0.7595757378098453,0.810985649113397,0.8970542565865081,0.7737814949433286,0.7845145179341233,0.6858227288142382,0.8806557494958757,0.7064804985396791,0.8523344596018205,0.6177257615538685,0.713362895241419,0.7855325331884428,0.6579644641521107,0.7822900176136717,0.7557478947704008,0.8469356966408099,0.5685287756785895,0.8091858387065827,0.502645020943915,0.9703808325082799,0.7433220505381253,0.7970904362384361,0.8162131704039807,0.9503258498783538,0.8331189525330787,0.791734918637111,0.8484802427429659,0.9084873974778007,0.8776517818114493,0.9248121080175168,0.9378370728938006,0.8276623607360499,0.4869474734256096,0.456435071203525,0.813098211648525,0.7572344322344318,0.45683210925961304,0.9037744882056588,0.6208629775689252,0.7276296874168209,0.6527839128027034,0.8291716068658999,0.8852919025571568,0.9546827865676106,0.9291905744936646,0.8121565956895014,0.7406832782275719,0.8104257408984277,0.85550505359873,0.9582106258732463,0.7978106783678864,0.8879895529804339,0.8567235831170403,0.7505743134510098,0.6730622774013109,0.6722264683901984,0.7495891757092914,0.8397330855386307,0.9631664713582988,0.8523344596018207,0.8496601527404541,0.4283058969176824,0.45276607496029264,0.800483118897767,0.8612222667022558,0.8983739487948557,0.8523344596018207,0.7464364778318779,0.3976837191904876,0.7737522149259852,0.8567235831170403,0.8612222667022558,0.4727767836331632,0.5884269715961097,0.8913167644457045,0.8612222667022558,0.6720890120646726,0.7684696092538161,0.7403161244957448,0.6691536972518416,0.6172902500567448,0.8060628203277846,0.8612222667022558,0.6362584773954549,0.8612222667022558,0.8020901067128865,0.6537914755741703,0.5966382879602719,0.8612222667022558,0.7577838827838816,0.8612222667022558,0.6428969014742689,0.8424894527900242,0.7508185217716746,0.4902147987195907,0.7595757378098458,0.42900135183140664,0.8523344596018205,0.8431043451889134,0.8583422593496204,0.7612820236783144,0.731300614323525,0.8821326331441733,0.7761505989221578,0.7614784479792219,0.7703977656335024,0.8567449007236625,0.7611108212122659,0.9944149731527321,0.7684696092538157,0.8480451455932463,0.6599245763253729,0.852334459601821,0.8612222667022558,0.7527585521901303,0.8612222667022558,0.9871051624776837,0.9439635639657454,0.8754988991654498,0.8020592119962242,0.4019316651307756,0.8658418182833445,0.7652580007148833,0.6763973750149685,0.7516593631340742,0.8926527688839507,0.620833333333332,0.8705954752723888,0.7366616436082845,0.75240107949952,0.5744182902583015,0.8567235831170401,0.9167714410425665,0.6665176715052861,0.8970542565865081,0.8277911387042824,0.8419458774897015,0.8659337499315289,0.9914760756174148,0.7200909137673119,0.8754988991654498,0.5861277918507164,0.6503854813858501,0.7183035170987225,0.698903104201752,0.5325898779206621,0.9685536620528574,0.8276623607360496,0.989464014739327,0.698903104201752,0.9777838786659893,0.6024336663518923,0.9891726316205178,0.5920273716566512,0.6396096010462738,0.9042162740830946,0.8396798600981688,0.5002094885170956,0.7597505096696291,0.7931965366205516,0.9042162740830946,0.33832281240974593,0.6989031042017518,0.7083716014401367,0.6184122792974707,0.4589456174151484,0.8348286657991295,0.9631612510065022,0.7917380856761208,0.7839512262429963,0.7597505096696289,0.9451689995479284,0.47329851133783274,0.7582263253041424,0.8268173354312577,0.5446200879780432,0.7717038558391367,0.40050779551783244,0.7721774442554517,0.6839986230583677,0.8969108274953163,0.820607265104851,0.8064980057303821,0.731203829306954,0.9110230653978574,0.7559454833564443,0.87149103136657,0.8184534735751661,0.7890100968809901,0.7387871085886126,0.9042162740830946,0.8612222667022558,0.8754988991654491,0.9387092888978488,0.6765389153479942,0.698903104201752,0.880570845753591,0.9286859463478483,0.8612222667022558,0.8329564038140613,0.8858340936764977,0.8533117429016543,0.8888787125658748,0.6465886892464465,0.7270560845519799,0.87549889916545,0.5588511017813202,0.30119830808554326,0.9843913959203323,0.843847163114755,0.4575974484031161,0.8705954752723888,0.8206979555337932,0.3726966913803188,0.8397330855386307,0.755747894770401,0.8533117429016538,0.4001878728145074,0.5637368352991365,0.4340718067420992,0.7156009781028011,0.8567235831170401,0.9370305308954681,0.6599245763253729,0.47281577112997164,0.4760716956915223,0.2758977934705512,0.8612222667022558,0.6154753836522471,0.7749619514667094,0.7030522300109868,0.7842830540686812,0.8913167644457045,0.5918570017398055,0.8612222667022558,0.8612222667022558,0.8091858387065827,0.7372025494796421,0.6924022760520008,0.8612222667022558,0.8714910313665701,0.7601890268014284,0.8156497737873671,0.4743571741452156,0.5477287026053645,0.8863852623001997,0.9185891478467699,0.7957137803674155,0.3846135933947733,0.4682432152176277,0.8612222667022558,0.42257537738409223,0.6262591420179732,0.4033246371914285,0.45126759115678006,0.7179911920448905,0.9347252996987464,0.7931965366205515,0.4428495116517728,0.8612222667022558,0.32889472270725995,0.9926536206074947,0.976394615003843,0.7324342340595726,0.8658418182833447,0.47424595327020924,0.644966791741131,0.8612222667022558,0.7339763346209482,0.548292698903632,0.8612222667022558,0.8585242345955859,0.7520809255608316,0.4955801676347321,0.2762894413999796,0.4596495492500554,0.8612222667022558,0.8844300352220195,0.7406415722523696,0.9167714410425665,0.9188376970102182,0.7455587791785354,0.7656210545202085,0.7495016703737525,0.7142410030676605,0.759575737809846,0.848468867392921,0.6897937717575542,0.7406734541781261,0.6273144908467034,0.7733031585112822,0.5539619791134971,0.8496029817787227,0.7413155487309184,0.8953875574507253,0.8612222667022558,0.8858340936764977,0.6968535034521666,0.7781130428938605,0.8628614501567906,0.8495621944416533,0.882174077350171,0.8149756054848036,0.9959703403293898,0.8523344596018207,0.8383225953374487,0.9243203844516432,0.9659506189056432,0.5670801087502763,0.6442806325858879,0.8858340936764977,0.594823631015684,0.8913167644457047,0.9507709687133314,0.9199275134470046,0.7836408691984906,0.9913976286892221,0.9110230653978575,0.6339318022182776,0.792463752464754,0.8431250883484018,0.816489818151402,0.7158805587636534,0.6521990903451726,0.9276797318633756,0.8821326331441738,0.997803163232597,0.7891438151464819,0.9711250868958108,0.7614784479792223,0.8356963633835397,0.7950896414683781,0.8210790621176433,0.6628393721839596,0.7873517573778894,0.9934964376945634,0.7540719463448484,0.5918298224167358,0.7882598375451735,0.8202156726197054,0.8239952590260256,0.28066996208242945,0.8628614501567906,0.6388433341453035,0.8202156726197054,0.8001801505755263,0.8847075957104071,0.8268173354312577,0.9875563487379607,0.48396609196739027,0.9218802829549131,0.7432996237289626,0.8858340936764977,0.7027819721430364,0.773752214925985,0.8805708457535908,0.9584174880278429,0.8480451455932461,0.6865107196825389,0.9800040497391678,0.8858340936764979,0.6402639326744255,0.27430959257924226,0.4932465577428634,0.6834396943077203,0.8673743833378168,0.531184781362781,0.8809236519249315,0.8480451455932467,0.68944333593458,0.8612222667022558,0.7212226060676771,0.8612222667022558,0.8612222667022558,0.5047907790933426,0.8239952590260256,0.6910951544371505,0.8612222667022558,0.49303801162263317,0.5709414291996529,0.8095505845081644,0.9440994060788397,0.4717801015115778,0.6409895079663916,0.7754811697235028,0.7341634785193587,0.5626136511254387,0.843847163114755,0.8918831827103172,0.8805708457535912,0.7749619514667088,0.5152808668439922,0.6064347360077651,0.5950922186058498,0.8722463878449838,0.9120136950985209,0.6808013776498023,0.7936237966456275,0.6252437994690491,0.759575737809846,0.6492269843888525,0.8317311854816998,0.8659337499315292,0.8431043451889133,0.6007433579338712,0.91858914784677,0.743322050538126,0.8239952590260253,0.8030296199067855,0.9042162740830946,0.8317311854817002,0.9309060793063673,0.7468324120739787,0.6242786284594737,0.5487572377366813,0.8754988991654498,0.6726786271267707,0.848045145593247,0.8032120769597868,0.3419756732482162,0.8060628203277848,0.38979078225483965,0.7892861905639391,0.8970542565865078,0.32625587417414703,0.6384424660548673,0.7341634785193583,0.34860591314257405,0.8223248542353354,0.7656210545202087,0.7936152605782909,0.8612222667022558,0.7413155487309184,0.8132236490903701,0.8612222667022575,0.515293040293039,0.8317311854817,0.882174077350171,0.8579791691489705,0.4319419448103856,0.9199275134470046,0.4662617278010912,0.8714910313665702,0.43638472919021365,0.8356963633835397,0.6506079230826407,0.882174077350171,0.9289590390434164,0.6672159335245489,0.8618016134570488,0.7019045155059623,0.5974092711839054,0.6887786443376458,0.34968151722444696,0.6265758547087474,0.778245182487787,0.5386605160005746,0.0,0.795089641468379,0.8319589973352826,0.8329564038140613,0.8658418182833447,0.5822857838326565,0.7713536258609022,0.7073165869972913,0.8567235831170401,0.41466120609775814,0.3283113865366468,0.9386599233384809,0.7020639714758792,0.9378370728938006,0.7423063879291945,0.7300586251460576,0.6643488981572665,0.7495891757092912,0.5273346475029861,0.8278323671212413,0.9890945568472773,0.7296622482444434,0.8567235831170403,0.7064804985396791,0.8949174096536272,0.8612222667022558,0.7994715690107896,0.4299600905093165,0.6508749341462774,0.8748498474308927,0.8612222667022558,0.6811078404055213,0.40492235712845126,0.7433220505381257,0.947679903343187,0.4006224921874586,0.8446969812507226,0.6917395883211572,0.9435844988771795,0.8263369548708445,0.9518189182104531,0.6066466982084586,0.6435410990613114,0.7212226060676772,0.6893892376867163,0.8644196496342953,0.8940589330526697,0.6769372248124805,0.8117060761496813,0.8252844515670328,0.9120136950985209,0.8533117429016543,0.7716343233499166,0.9470211235965942,0.7286399679267357,0.783546646615249,0.4830944190846428,0.8858340936764977,0.8612222667022573,0.8849533332175408,0.38079639911136187,0.47329851133783274,0.8567235831170401,0.9451689995479284,0.8771354040135102,0.8567235831170401,0.887379364622056,0.7782451824877874,0.8612222667022558,0.8771354040135095,0.7848381540876627,0.8612222667022558,0.8025107916900325,0.8848603900693293,0.9235852575057479,0.759575737809846,0.880570845753591,0.8658418182833445,0.8567235831170401,0.4554643947495606,0.6122026570691228,0.8239952590260256,0.565574528605792,0.8612222667022558,0.5809975601863624,0.8940589330526696,0.9031170678741023,0.5175285822626696,0.7852285773347096,0.8121565956895014,0.8088368766015424,0.8278323671212415,0.9850445392200937,0.8278323671212413,0.7917380856761219,0.8711720473896869,0.9977675057877434,0.9757764977426819,0.8456686822352353,0.9741480292037037,0.9990875851642478,0.7121518847635102,0.759575737809846,0.9461224519679847,0.597325423576641,0.8612222667022558,0.854836203425507,0.4810499554116301,0.8913167644457045,0.5585680560264523,0.7156009781028014,0.8654876821106997,0.5761674186152255,0.882174077350171,0.49697249352546946,0.4386295288940505,0.8612222667022558,0.8612222667022558,0.7652580007148835,0.8972860378684444,0.8381498270528898,0.6683576500352824,0.6208629775689247,0.5109241102892574,0.43409541694469467,0.4666051622694607,0.7137928299373928,0.544037694630596,0.8612222667022558,0.7464364778318779,0.7413155487309184,0.8970542565865081,0.389637936350562,0.698903104201752,0.5386605160005746,0.8612222667022558,0.8612222667022558,0.4094384786919685,0.981032438924278,0.49915483458123666,0.769102706499495,0.46326163942905507,0.5659050547611706,0.8020592119962244,0.9658391882668839,0.5760668633470325,0.45285710030711523,0.8612222667022558,0.7180182000668296,0.501648551053909,0.7437726155785189,0.9235852575057477,0.7739976929878718,0.9559285543691818,0.9926634898795506,0.7423063879291942,0.8658418182833445,0.5870194686606781,0.8612222667022558,0.5264825768781056,0.9102130524871405,0.7251207994787028,0.6047564567727234,0.72203936301925,0.8397330855386309,0.7402551667300408,0.45073029648054785,0.8805708457535908,0.970357493582155,0.6389135465116924,0.8771354040135093,0.9110230653978576,0.8542749023230833,0.8128142530789664,0.5853451090299957,0.8754988991654495,0.8567235831170401,0.8371358212310311,0.8056017035197611,0.9738744855255579,0.8283605920341546,0.8970542565865081,0.9944149731527321,0.8970542565865081,0.9386599233384809,0.5964138693328576,0.8030296199067852,0.7161768939012263,0.8612222667022575,0.8319589973352824,0.7691027064994955,0.8317311854817002,0.5541457620059499,0.6733660164713611,0.8567235831170403,0.852741510212039,0.7102616016414196,0.8658418182833449,0.6444456765621956,0.774961951466709,0.7402254244282318,0.6881725572451294,0.8612222667022558,0.6365783609834715,0.9243203844516432,0.5341626129417829,0.8913167644457045,0.9400996476017196,0.8202156726197052,0.7225310827692115,0.8612222667022558,0.4662617278010912,0.31257180313970145,0.8453672416657227,0.4832299458290983,0.5264825768781054,0.4889611420980635,0.7413155487309184,0.541980494662704,0.838407796287322,0.859934644517519,0.5166782941666574,0.8431043451889139,0.6347435539075524,0.9365230764056,0.9199275134470045,0.7601890268014285,0.952997540011766,0.9527845216655544,0.5596459152691797,0.7713536258609022,0.3084659023791497,0.8612222667022567,0.8567235831170401,0.5829270996276152,0.45467032967032917,0.8032382066662721,0.41685849212801696,0.36437113894824513,0.8612222667022558,0.44925863247276165,0.39668416580614596,0.8596598169726405,0.8612222667022558,0.5626136511254387,0.843761364852731,0.698903104201752,0.8239952590260256,0.8567235831170401,0.5618788915601082,0.8371307688681588,0.9879797376040624,0.9115594563265729,0.9015460154075938,0.6894580086727331,0.2855855640530842,0.8612222667022558,0.8252844515670321,0.8612222667022558,0.8858340936764979,0.7334119589477279,0.6839986230583683,0.8970542565865081,0.7985559379258653,0.6804658392199832,0.7402551667300414,0.6396096010462743,0.8612222667022558,0.5699380335029615,0.5527255058101095,0.7614574164191935,0.9112942170858788,0.8001801505755268,0.9503258498783538,0.8435366459830159,0.7916582493282924,0.8132236490903704,0.707316586997291,0.37796418410964416,0.8132236490903704,0.7056246658241845,0.87549889916545,0.45894561741514805,0.8132236490903704,0.8970542565865081,0.8953875574507253,0.8658418182833447,0.5091903571427041,0.979346709137104,0.7916582493282924,0.6264498083679102,0.7217225598591728,0.635856249558131,0.8496029817787223,0.7652580007148837,0.8091858387065827,0.8567235831170403,0.8317311854817,0.6232939129664157,0.683619644231548,0.4754305751167488,0.6720890120646725,0.7588981930784984,0.5332074615101274,0.9036167953754732,0.8658418182833447,0.6923341401884345,0.8418487291823815,0.8506202213590839,0.9424631527248861,0.8031117153000367,0.8196893915020922,0.7413155487309184,0.7212226060676771,0.7663492676680701,0.7985559379258647,0.8710582408601177,0.9218802829549131,0.79836493191444,0.7012086465491965,0.958298224453817,0.8808128963513502,0.7286399679267352,0.8384951165587786,0.6220730041423939,0.8353993798668009,0.7464364778318775,0.9420001124455211,0.9891726316205178,0.7760007005291606,0.7730739755120428,0.8128142530789662,0.8319620117838555,0.6519002333938737,0.9069090419812991,0.7439369719809699,0.842516564994815,0.8654876821106993,0.74802520728552,0.979346709137104,0.9212030990264191,0.8620266161985313,0.7595757378098459,0.7112404850670078,0.7066345560036182,0.8020592119962251,0.8604381342419637,0.9169005231762546,0.6876221034265664,0.8030136153992318,0.8492693629146786,0.7000712741729291,0.5840657142205592,0.953420205966137,0.5964138693328577,0.9276797318633756,0.6150821325193094,0.6012982393218931,0.7212226060676772,0.707316586997291,0.8412117840414657,0.7763047460900309,0.8913167644457045,0.7873832866715094,0.8858340936764979,0.809618635952368,0.7212226060676772
p214_Y,0.8572820735704045,0.9133880855304555,0.8402398194588374,0.918363903192055,0.92500133164067,0.9443657603723179,0.8152826412430987,0.8146389457837508,0.8347720624744084,0.9412650880954538,0.9112065483416407,0.9682551375725406,0.9225701399051964,0.8855707623626499,0.8672005666097068,0.8557494301578146,0.9520639895971752,0.8988405313927081,0.9383021271292231,0.9412650880954538,0.8339274444513161,0.9487210184868768,0.9048830033154056,0.9759790834075597,0.9069566644903913,0.8988405313927079,0.9178801133263084,0.7521254563822515,0.9412650880954541,0.8094075791892967,0.9229204799674604,0.9327167510955894,0.9579335751547247,0.8801586131976928,0.92500133164067,0.9383021271292231,0.9274978432118415,0.9156114273620615,0.9443657603723179,0.8968796530895526,0.8514489788174839,0.6570680709509833,0.9443657603723179,0.8286453259504581,0.9178801133263084,0.9862832385481691,0.9300668284196516,0.934945830518652,0.8968796530895526,0.513613800297704,0.9327167510955896,0.8215881246596228,0.8988405313927079,0.9547568354430374,0.9156114273620615,0.9300679213294081,0.894942704273314,0.9250013316406696,0.7949015697835405,0.9201981569430602,0.9115554718887854,0.723953005998232,0.5575915447596691,0.9327223474313893,0.935457747299095,0.6976068841364312,0.9327167510955896,0.6126835975261928,0.7408033279267563,0.9383021271292231,0.8837510389154053,0.8968796530895526,0.9809662470451702,0.6507306792826457,0.9250013316406696,0.8323574432143277,0.9090636753073353,0.9112065483416407,0.6170729333692095,0.9443657603723179,0.9112065483416407,0.9028404281797042,0.8911350110320613,0.8988405313927081,0.9250013316406696,0.8783842798904287,0.9090636753073353,0.7179572707341282,0.9219466081919554,0.9225701399051969,0.9250013316406696,0.8402398194588376,0.7927108014223161,0.6603813235961624,0.8911350110320613,0.6556828748363641,0.8370767014618672,0.8339274444513161,0.9821963430222724,0.7307556310139711,0.894942704273314,0.9300668284196516,0.92500133164067,0.812788154711279,0.8791113128290239,0.9383021271292231,0.862950883922202,0.8733459819741951,0.9763867292456674,0.6453616816538446,0.8167781169846662,0.9008268910150359,0.9991366592659343,0.8954595726456476,0.9300668284196516,0.7144407253133014,0.9547568354430374,0.9945610690582234,0.9443657603723179,0.9412218313240029,0.9186269184048185,0.8307902358986592,0.9069566644903913,0.9761033150294894,0.9350783929825499,0.8147623694742396,0.9274978432118415,0.8209507889487275,0.8946898694254275,0.9360968865539772,0.9523209222309303,0.9300668284196516,0.9327167510955894,0.9443657603723179,0.9178801133263084,0.7932056019826113,0.8155113185235702,0.9327167510955896,0.9846299338167082,0.9646668607340487,0.9560500854002986,0.9412650880954536,0.9680136957658859,0.9044051856928927,0.8339274444513158,0.9848889533625504,0.8720788075949248,0.9542332721737897,0.5681229358233317,0.7098163528201962,0.9412650880954538,0.7695809868993968,0.8793538611119028,0.8245452201344514,0.9327167510955896,0.8968796530895524,0.8713630315529566,0.8731400424546569,0.8767553194050245,0.8307902358986592,0.9583129759836839,0.9300668284196516,0.9403227338586295,0.7224847956737395,0.9283468719361239,0.8766235303260079,0.9757764977426822,0.8514489788174839,0.9593818128282503,0.5800121351285623,0.918363903192055,0.9225701399051967,0.8949427042733138,0.8526518805255295,0.9167165926539573,0.8439696564643357,0.9383021271292231,0.9807340270883385,0.9139500985208795,0.8574545423984332,0.9588110902119733,0.9360407368117247,0.894942704273314,0.9682551375725403,0.8144169153550606,0.8062726510211846,0.9188591027817561,0.6228358392185573,0.9547568354430372,0.8874073419940796,0.92019815694306,0.6392495235332473,0.7581727381433543,0.6634578202566366,0.8612853521281925,0.9250013316406696,0.9274978432118415,0.9646668607340485,0.9076544108756528,0.7783656932698759,0.9013016284437785,0.9682551375725403,0.9250013316406696,0.8059382227955845,0.6432408580978247,0.9412650880954538,0.9250013316406696,0.8383202802574358,0.9667074951656032,0.8664773665764042,0.9436307116622982,0.8596279378142861,0.9225701399051964,0.9250013316406696,0.8571313391464273,0.9250013316406693,0.7654996780636969,0.7833349318296117,0.7783656932698759,0.9250013316406696,0.7950896414683789,0.9250013316406696,0.9756867750012284,0.8629508839222024,0.8766235303260079,0.8406452729382574,0.9300668284196516,0.6923862095274019,0.9646668607340485,0.9048830033154056,0.6547055497177079,0.9464700431218256,0.9968821388921407,0.8801586131976928,0.9327167510955896,0.8505486695981965,0.9301542901134784,0.838838293114211,0.9283468719361241,0.8748756693307256,0.9054862779423511,0.9087120239050034,0.8307902358986592,0.7240522127290328,0.9250013316406696,0.7557039684713078,0.9250013316406696,0.9746043974150045,0.8748756693307256,0.9115437007410547,0.9276398400468782,0.6722158124104387,0.9274978432118415,0.8541934254186642,0.9069566644903913,0.8418271742558863,0.9112065483416407,0.8661225030173032,0.9300668284196516,0.8105819580111953,0.8105819580111953,0.5400769120688014,0.9225701399051969,0.989405943369801,0.8311577467595634,0.9443657603723179,0.908549311064021,0.6765131031086897,0.9008268910150361,0.9491886428703427,0.8152281195719788,0.8596305180199365,0.8533898464257746,0.6502461853452861,0.7226722740806659,0.9383021271292231,0.6244224587903809,0.9034363238020653,0.9028404281797042,0.8703186663040025,0.9383021271292231,0.9993365183621447,0.617056634476383,0.935457747299095,0.849832308499898,0.8855707623626496,0.9300668284196516,0.8801586131976931,0.6113116680845556,0.9201981569430604,0.9300668284196516,0.9300668284196516,0.7025605332873068,0.9383021271292231,0.7088759868167674,0.9040848318315532,0.8307902358986596,0.8203557744633553,0.9383021271292231,0.92500133164067,0.9682126412345016,0.9201981569430602,0.9327167510955896,0.6818038689102357,0.9036261460394368,0.9300668284196516,0.8968796530895524,0.9075611147669862,0.7478328412640212,0.6964188263770392,0.9285252561471544,0.9751462953005141,0.9019402114312476,0.990146742714654,0.8592399763772837,0.9412650880954538,0.778908479919791,0.940909118932396,0.9434241618923718,0.9360968865539774,0.8663080297186967,0.819414992001395,0.9250013316406696,0.9327167510955894,0.8840472914094453,0.8988405313927086,0.9383021271292231,0.989405943369801,0.9860598647601155,0.9250013316406696,0.9069566644903913,0.9945610690582236,0.9443657603723177,0.8680005631963956,0.9909021096736907,0.9028404281797042,0.8596305180199366,0.7819841067247497,0.747400855305709,0.9069566644903913,0.7881335380892968,0.765226516662888,0.9697258997487671,0.8801586131976933,0.742588371193766,0.9547568354430371,0.7495121798568638,0.9443657603723179,0.6800492175355325,0.8801586131976928,0.6621610827297761,0.9178801133263084,0.9225701399051969,0.8837510389154053,0.8307902358986592,0.6113116680845556,0.6088961851334269,0.7323775850440069,0.9250013316406696,0.8403067357539421,0.9096622933762624,0.8819472699932516,0.9096622933762624,0.9998220154184712,0.6232384980864132,0.9250013316406696,0.9250013316406696,0.9325461471620271,0.723044897365174,0.7919815607102552,0.9250013316406693,0.9412650880954538,0.92500133164067,0.8855707623626499,0.8482212456214522,0.865627441844755,0.92500133164067,0.8874073419940796,0.9090636753073353,0.7523148097023784,0.7168571340288867,0.9250013316406696,0.824545220134451,0.8766235303260079,0.6641965532923222,0.6601128990941736,0.8874073419940796,0.8074861214912312,0.9300668284196516,0.6322172145283154,0.9250013316406696,0.7007362244615238,0.8988405313927084,0.8714881196176748,0.7700200286417787,0.9270584362010044,0.7506815672849725,0.9156114273620615,0.9250013316406696,0.9942300496758709,0.9560500854002986,0.9250013316406696,0.9206231796054518,0.9806608641716328,0.9542332721737898,0.7272642534026093,0.6207824787649796,0.9250013316406696,0.8013211495511934,0.6349061194916688,0.935457747299095,0.8249735439337957,0.7684014291254329,0.30653493348260774,0.8935154426967944,0.8466154872169025,0.9300668284196516,0.9349923413419472,0.8162831682081926,0.9048830033154056,0.9090418072319565,0.837335291329129,0.8090339827877051,0.9812071873217105,0.9327167510955894,0.9350783929825499,0.9250013316406696,0.9383021271292231,0.9803110338975327,0.7426686422436006,0.9112065483416405,0.8930282606473354,0.9201981569430604,0.9321242033290145,0.9755396763967223,0.9201981569430604,0.9673445570347357,0.92500133164067,0.9133880855304555,0.8214342607350609,0.857978233475194,0.949179989012776,0.9018077327480296,0.999822015418471,0.7556619151688894,0.9430450953185581,0.9500788052795,0.9487210184868768,0.9998220154184709,0.8465431434837305,0.7830630408232299,0.8402398194588376,0.9008268910150359,0.9090636753073358,0.8563358498618108,0.9300668284196516,0.803513643328913,0.8514489788174842,0.9621880987801927,0.9847126547835199,0.9056312245600875,0.951689513216182,0.8892617449664437,0.7849858404243293,0.8315803435492609,0.8596279378142861,0.9520639895971754,0.9457548619987618,0.8643441101315115,0.918363903192055,0.6473719036731934,0.9430450953185583,0.7513005728192077,0.845895662411112,0.7810510595077811,0.6848542093521188,0.8748756693307258,0.9381611609803776,0.9300668284196516,0.9258230387913633,0.8203837409992218,0.9965036661662361,0.9327223474313895,0.9491799890127761,0.9704629908730878,0.9177773850880526,0.935457747299095,0.9694362836489427,0.9178801133263084,0.9178801133263086,0.8596305180199363,0.9383021271292231,0.8892617449664431,0.7424423180392208,0.8714160325350082,0.9225701399051967,0.9225701399051964,0.9467930276088956,0.7647496549144359,0.9178801133263084,0.8105819580111953,0.9250013316406696,0.9354577472990953,0.9250013316406696,0.9250013316406696,0.5862145737988109,0.9048830033154058,0.8801586131976926,0.9250013316406696,0.9541519778149228,0.8993215719715818,0.8748756693307256,0.9751145836903816,0.824545220134451,0.7949015697835407,0.857978233475194,0.7279925269236736,0.8519035125371655,0.9579335751547249,0.8413802673922985,0.9354577472990955,0.9096622933762624,0.8033538625485188,0.9650884851297661,0.8892617449664431,0.7458113902966332,0.9201981569430604,0.9848126273223877,0.9354577472990953,0.8466154872169025,0.9300668284196516,0.962237250161651,0.9323069519744984,0.9376689775178677,0.9048830033154056,0.700923183126188,0.9206231796054518,0.9464700431218258,0.980630720675137,0.8620301017857247,0.9801704643354423,0.909063675307336,0.9274978432118417,0.8541934254186642,0.989493896080428,0.763626390598535,0.9327167510955896,0.8557431115658816,0.9954159552893472,0.7811485423430476,0.8370767014618672,0.9225701399051964,0.7247033256713322,0.8911350110320613,0.9443657603723179,0.7133304308209116,0.8584722121341601,0.7002810853760391,0.7097729202536769,0.9090636753073353,0.707472814735457,0.7808292990235075,0.9250013316406696,0.9327167510955894,0.907561114766986,0.97201754229775,0.8402613555369549,0.9883783616664186,0.768520916520021,0.9593818128282501,0.7506815672849725,0.9048830033154056,0.6160845695261368,0.9412650880954538,0.6952097578291014,0.9112065483416407,0.4383281550292848,0.9201981569430604,0.9579335751547247,0.827087242817528,0.9054862779423514,0.9028404281797042,0.8779104624804531,0.9824385037244137,0.7203542286738367,0.6332156632602313,0.8801586131976928,0.7506815672849727,0.795089641468379,0.0,0.9412650880954538,0.9069566644903913,0.9759790834075597,0.9964586690195034,0.939470174504714,0.8980873546993963,0.9225701399051969,0.6989031042017526,0.765226516662888,0.9443657603723179,0.5250677819304752,0.9300668284196516,0.8783842798904287,0.8766235303260079,0.9008268910150359,0.8547004147121715,0.92292047996746,0.9763867292456673,0.8767292272696673,0.9112065483416403,0.9682551375725406,0.9327167510955894,0.9443657603723179,0.9250013316406696,0.9117913875450323,0.8012928241009694,0.6317235097256804,0.8819472699932516,0.9250013316406693,0.8513130259870797,0.740778968633163,0.712791192903642,0.8855707623626499,0.857978233475194,0.8402398194588376,0.7354886273239071,0.9868215540765128,0.8930282606473359,0.88968024912607,0.9139229073706455,0.9157195100702642,0.9354577472990953,0.8563358498618108,0.894942704273314,0.9697258997487671,0.8748756693307258,0.9443657603723179,0.691632786558157,0.9201981569430604,0.9443657603723179,0.9133880855304553,0.894942704273314,0.92500133164067,0.7882802647586363,0.8292256120116164,0.9945610690582236,0.92500133164067,0.9090636753073356,0.6761549112125054,0.6207824787649796,0.9225701399051969,0.9327167510955896,0.9178801133263084,0.9225701399051969,0.9225701399051969,0.9117913875450323,0.9250013316406696,0.9612320790184805,0.8915893040116916,0.9250013316406696,0.9028404281797042,0.8386564101621352,0.9383021271292231,0.9300668284196516,0.989405943369801,0.9759790834075597,0.9225701399051969,0.6989031042017526,0.5610554461058019,0.7134960766530701,0.7423959272364422,0.9250013316406696,0.862950883922202,0.9300668284196516,0.9028404281797042,0.6771657840301019,0.9224059250470902,0.9383021271292231,0.9274978432118417,0.9847277353330188,0.972071287611145,0.9069566644903913,0.9250013316406698,0.8748756693307256,0.8837510389154051,0.92292047996746,0.9396042098235292,0.9112065483416407,0.9491799890127761,0.8968796530895526,0.9300668284196516,0.862950883922202,0.8898616564068961,0.9250013316406696,0.9250013316406698,0.8261033009184149,0.9412650880954538,0.7604148959042945,0.9178801133263086,0.9112065483416407,0.5936042642789483,0.9201981569430604,0.6612930874858334,0.6517883107771565,0.9250013316406696,0.9250013316406696,0.9034363238020655,0.7716961843536444,0.8563358498618108,0.7337232155615687,0.9258230387913631,0.8918129562939034,0.7636263905985348,0.625408193110025,0.9008268910150359,0.6195513026858527,0.9250013316406696,0.8803629912326538,0.9327167510955894,0.9443657603723179,0.7506815672849725,0.9383021271292231,0.8080114742729194,0.9250013316406696,0.9250013316406696,0.6682302649251024,0.92500133164067,0.655977457036441,0.9090636753073356,0.788867719308608,0.8514489788174839,0.9622514194464207,0.8785401016887859,0.6103641789628157,0.7794812069687633,0.9250013316406693,0.8748756693307256,0.5888235923363669,0.9274978432118415,0.9383021271292231,0.9076487407666445,0.7985840044334549,0.8680005631963956,0.8783842798904287,0.9274978432118417,0.7919815607102549,0.9250013316406696,0.6507306792826464,0.8783842798904287,0.8514489788174839,0.8121302010293372,0.8012928241009696,0.9547568354430374,0.5490228474869878,0.8504502276742938,0.935457747299095,0.8754560239369928,0.9087284824652205,0.9612320790184805,0.9412650880954538,0.9832566743197297,0.8988405313927081,0.5990317460928944,0.9327167510955894,0.9225701399051969,0.959981052706214,0.3674277375487104,0.9360968865539774,0.9161402696553049,0.9443657603723179,0.8748756693307256,0.9443657603723179,0.9443657603723179,0.8563358498618108,0.9779557555761356,0.8881270742710536,0.6988689831026893,0.9412650880954536,0.9487210184868771,0.9487210184868768,0.8154764414346691,0.9156114273620617,0.8490048717580835,0.9300679213294081,0.9471735909546363,0.9274978432118415,0.9808606516319833,0.8783842798904287,0.9701338221012196,0.9907280437849997,0.9250013316406696,0.8402398194588376,0.6988689831026895,0.8656274418447552,0.9412650880954538,0.9518047629736371,0.9028404281797042,0.9650884851297661,0.9250013316406696,0.6160845695261368,0.7133304308209114,0.9028404281797042,0.6341004574780564,0.5672590943314231,0.5990317460928942,0.9846299338167082,0.8892982456733957,0.8796583278983117,0.9603850133285722,0.7079822296372041,0.9048830033154056,0.7684161422826157,0.9443657603723179,0.9048830033154056,0.92500133164067,0.8543015850326395,0.9604543706205496,0.8543547149475728,0.9671816160523485,0.7203542286738367,0.9339500363880902,0.9225701399051969,0.8254900406400025,0.7950896414683792,0.8466154872169023,0.6843654774186588,0.6970610052201982,0.9250013316406696,0.6656083255900371,0.7981930316589165,0.8855707623626499,0.9250013316406696,0.5742306648018378,0.9579335751547244,0.9383021271292231,0.9430450953185583,0.9682551375725408,0.773175862647949,0.9713162545723913,0.8045677070149695,0.9651931383855019,0.8646249603464982,0.9048830033154058,0.7238228863394935,0.9250013316406696,0.9276398400468782,0.9250013316406696,0.9383021271292231,0.7961318788110125,0.897700366615654,0.9443657603723179,0.49464377280223826,0.7690036197824599,0.9722658834711866,0.8855707623626499,0.9250013316406696,0.7844998909274941,0.9743512767842567,0.8670800314432179,0.8892617449664431,0.874875669330726,0.9327167510955896,0.8892617449664435,0.7140026066694529,0.9384986992079645,0.9718699097782453,0.6970610052201982,0.9384986992079645,0.8855707623626499,0.9327167510955896,0.8307902358986594,0.9384986992079645,0.9443657603723179,0.9713162545723915,0.8300959558095684,0.8557494301578141,0.9225701399051964,0.6807867690580806,0.9028404281797042,0.8754557732340406,0.874875669330726,0.9812071873217105,0.9640288864968829,0.8177883943306522,0.9860598647601155,0.9090636753073356,0.9089739970302709,0.8855707623626499,0.8547004147121715,0.908549311064021,0.8629728426006178,0.8646249603464986,0.8968796530895526,0.9274978432118415,0.9300668284196516,0.9646927823057019,0.9219466081919554,0.7608559453572412,0.8930282606473359,0.8803629912326538,0.9327167510955894,0.9354577472990953,0.9792738288600384,0.8911350110320606,0.8258365720047516,0.7775575717654,0.8892617449664431,0.7989205131345817,0.906956664490391,0.8874073419940802,0.9250013316406698,0.986536068291151,0.8439696564643355,0.871416032535008,0.934945830518652,0.9307862214378493,0.935457747299095,0.9750569362397112,0.9838482086598055,0.8988405313927079,0.9178801133263084,0.891135011032061,0.9327223474313895,0.9747726064541657,0.9081140277547939,0.9112065483416407,0.9497152494146884,0.9225701399051964,0.752536531459681,0.9240687457590013,0.9300668284196516,0.9274978432118417,0.9076487407666443,0.9968629988459623,0.9300668284196516,0.7467139099535625,0.6559593154634654,0.9091120985456094,0.9201981569430604,0.9201981569430602,0.721338259195204,0.9028404281797042,0.856335849861811,0.9300668284196516,0.916358828907284,0.9028404281797042,0.9354577472990953,0.8460702604904531,0.9376689775178677,0.9274978432118417,0.9412650880954538,0.919617821509791,0.9383021271292231,0.854647965769822,0.9354577472990953
p215_C,0.8747790258604979,0.6838997519740109,0.915264150341758,0.8311012003946953,0.9602211523225768,0.37836332871952727,0.9383222355080778,0.9112539581227987,0.9246724996449085,0.9688473520249223,0.952904481298952,0.9589316626844853,0.9589316626844853,0.7163055070284614,0.7610266751173979,0.9102521474185268,0.9676769377237683,0.9463456194504827,0.9672758151492922,0.5155763239875379,0.911916104177739,0.9517679141853161,0.783268993638283,0.9535979799037623,0.9506503681784948,0.9463456194504827,0.9564441004788367,0.9345618542101832,0.515576323987538,0.8229648286294512,0.9412650880954541,0.9643133649175286,0.9552408029353749,0.9364368411420323,0.9602211523225768,0.9672758151492922,0.9615452872130625,0.9552408029353749,0.9704919301607373,0.945305581259918,0.9212094218042226,0.9473991727811977,0.9704919301607371,0.9317998283510542,0.9676769377237683,0.8913301614198379,0.9629078616894176,0.9220700353609519,0.9453055812599183,0.915264150341758,0.9643133649175286,0.8884404424512053,0.9463456194504827,0.9540615556502023,0.9552408029353749,0.9442782351269046,0.9442782351269046,0.960221152322577,0.9550326616655348,0.9576735770276548,0.9264265757108796,0.9781086623875048,0.9463456194504829,0.9212094218042226,0.9657671730030435,0.8826391391212,0.9643133649175288,0.9649817692440881,0.9962665127840864,0.967275815149292,0.7215124614090789,0.9453055812599183,0.9602211523225768,0.864272336783596,0.960221152322577,0.9110833848585063,0.9788198231857259,0.9529044812989522,0.8616255760827238,0.9704919301607371,0.9529044812989522,0.6579010970221223,0.9422586572762628,0.9463456194504827,0.960221152322577,0.7907746610627939,0.9788198231857259,0.847010806958058,0.9627660172534371,0.9589316626844855,0.960221152322577,0.7680697792418765,0.8379818769593002,0.925139185826386,0.9980151413438713,0.9220700353609519,0.7735694983485522,0.911916104177739,0.8951434532159672,0.9664790626458124,0.9442782351269046,0.5109136619904602,0.9602211523225768,0.876308154722476,0.8968599447908276,0.9672758151492922,0.7218091742253039,0.841272273189172,0.9506503681784948,0.8660229158723238,0.8047569530533429,0.9473991727811977,0.8488894389623107,0.6116938173775177,0.9629078616894176,0.8303000077421621,0.6114920134988535,0.9672758151492922,0.9704919301607371,0.8888428923892238,0.9317998283510542,0.7839452431237179,0.9506503681784948,0.6463446365020215,0.9268000951074445,0.8084632097395317,0.9615452872130625,0.8319589973352826,0.6412559946262401,0.9592096814182646,0.9003549758958829,0.9629078616894176,0.9643133649175286,0.9704919301607371,0.9564441004788367,0.780679985034981,0.905289793832148,0.9448229719109482,0.9643133649175286,0.957673577027655,0.918333937798738,0.9688473520249223,0.8625107065618562,0.8995337970065294,0.823031445666184,0.9299882837258002,0.9616288436298466,0.9514374462741437,0.9453055812599183,0.8815485856832991,0.9688473520249221,0.9761261745674079,0.8405377881349922,0.906939828196573,0.9643133649175288,0.9453055812599183,0.7593813069575357,0.9327142329596736,0.8880166939342056,0.8276313301891116,0.8652957284464029,0.9629078616894176,0.9203222717282119,0.9163193526016034,0.919497451312518,0.7405377519433767,0.9900871334604328,0.8417025656248469,0.9980151413438715,0.9923426571116956,0.7737033537115784,0.9589316626844855,0.9442782351269043,0.9514374462741436,0.8855324042412525,0.9466283176716466,0.5403739491423285,0.8987127601538667,0.9934000968343184,0.8692793046054161,0.930891276111959,0.9571805908603364,0.8712827231431498,0.9589316626844853,0.9289368665380614,0.8824955088435709,0.9279843845372737,0.9710638846211328,0.9540615556502023,0.9984192168061299,0.957673577027655,0.9246724996449085,0.8851906597499213,0.9415226321017729,0.924474627719535,0.960221152322577,0.9615452872130625,0.9576735770276548,0.9220700353609519,0.869309943989651,0.9490218194797995,0.9589316626844853,0.960221152322577,0.9376297985946609,0.9061368756587873,0.9688473520249223,0.960221152322577,0.9064142711340987,0.9336347991328915,0.9110833848585065,0.9660513766874222,0.925547493015499,0.9589316626844853,0.960221152322577,0.9649817692440884,0.960221152322577,0.852599270700573,0.9770095970867545,0.9824178759266283,0.960221152322577,0.9703808325082798,0.960221152322577,0.9017356045997869,0.9774358012844697,0.7405377519433767,0.9445948948871477,0.9629078616894173,0.8914207546882855,0.957673577027655,0.9836543654419934,0.9517679141853164,0.9761261745674079,0.8373542339687652,0.7313620180897453,0.9643133649175286,0.9365377706532192,0.959385510350397,0.9238013891436974,0.9662454225678805,0.9336347991328915,0.9336347991328915,0.9564441004788364,0.7839452431237179,0.9644928340620884,0.960221152322577,0.9238013891436974,0.960221152322577,0.7912691723776106,0.8520541619694211,0.9643133649175286,0.9355758535992384,0.9267250083210727,0.9535979799037622,0.9327142329596736,0.9506503681784948,0.7652345379073409,0.8345234729276818,0.8913167644457047,0.9629078616894176,0.8130832494923947,0.8995337970065294,0.9534851367099295,0.9589316626844855,0.9657671730030435,0.8407776471276047,0.9704919301607373,0.8694930837030939,0.9433354585651039,0.9473991727811977,0.8987127601538671,0.8068859867428966,0.9448229719109482,0.9576152850620447,0.9477699980021126,0.8614494698822033,0.9672758151492922,0.9026728454973325,0.7491202114639256,0.9859275654047341,0.9229339640663332,0.9672758151492922,0.8838707840618654,0.8903892529283983,0.84538173139708,0.8442596155053426,0.9458968937609291,0.9629078616894176,0.9364368411420323,0.8488894389623107,0.957673577027655,0.9629078616894176,0.9629078616894176,0.909100118879409,0.5403739491423287,0.9132855915638283,0.9639168532621705,0.9102521474185266,0.8578332487188298,0.9342541377090323,0.9602211523225768,0.945305581259918,0.6531584784210595,0.6722319823963796,0.8451155112420423,0.9674296364846791,0.9629078616894176,0.9453055812599183,0.934561854210183,0.9286501757717067,0.9801145305445416,0.9094222802137257,0.8651004299649292,0.914717976627043,0.9082817858847672,0.7698199943194899,0.9280373831775702,0.9246724996449087,0.4124610591900306,0.9528294452685611,0.9336347991328913,0.929090574034799,0.9629078616894176,0.960221152322577,0.9643133649175286,0.6881718386495925,0.9463456194504829,0.9672758151492922,0.9657671730030437,0.9611058687776598,0.960221152322577,0.9132268973805199,0.967275815149292,0.9209839463193069,0.9670167025552655,0.7748670087060185,0.5922958033456006,0.9643133649175288,0.9433354585651041,0.9026728454973327,0.6409814284985489,0.9552408029353749,0.8622328790603684,0.9629078616894176,0.9364368411420325,0.924348743344853,0.9540615556502023,0.9299882837258,0.9704919301607371,0.9224076136028627,0.6759951612950416,0.8967537235149903,0.9676769377237683,0.9589316626844855,0.7215124614090782,0.9586895913852922,0.8488894389623107,0.9213459937002997,0.8889550707191896,0.960221152322577,0.9628564332129781,0.9902416640337588,0.9934000968343186,0.7360287423369323,0.9688473520249223,0.9545130974694751,0.960221152322577,0.960221152322577,0.945305581259918,0.9246724996449085,0.8354514756064965,0.960221152322577,0.515576323987538,0.960221152322577,0.7737033537115781,0.9194974513125183,0.8461628292403136,0.9602211523225768,0.940281523787128,0.9788198231857259,0.8686292480608162,0.8855843507261232,0.960221152322577,0.9069398281965728,0.6863876863023031,0.8956947474420138,0.8978091213472763,0.940281523787128,0.776346099778846,0.9629078616894176,0.8402999971050362,0.960221152322577,0.8037353107676917,0.9463456194504829,0.8896682568954879,0.9403242468533077,0.9615452872130625,0.9045448781262266,0.6003003702128973,0.960221152322577,0.9884981945888786,0.953995503219078,0.960221152322577,0.9984192168061299,0.8415724373376192,0.8763243374738707,0.8566477616876668,0.8451155112420423,0.960221152322577,0.855034024959237,0.7627456110866246,0.9657671730030435,0.9991870954884332,0.9633462031022336,0.9273099638694315,0.9281978840490726,0.9186457666042604,0.9629078616894176,0.9203519494821841,0.9550108469657219,0.9836543654419934,0.8847021819311651,0.7261710069879411,0.8987127601538667,0.9495505106234363,0.9643133649175286,0.9463456194504829,0.960221152322577,0.9342541377090323,0.7882865126048705,0.853517301351858,0.952904481298952,0.9961565139931364,0.957673577027655,0.8025315451453516,0.9615452872130625,0.957673577027655,0.9529044812989522,0.9602211523225768,0.9540615556502023,0.905289793832148,0.5864372529524386,0.9672758151492922,0.8796938264815504,0.9688473520249221,0.9540615556502023,0.5160884979000018,0.8797355977355368,0.9517679141853161,0.9688473520249221,0.8724144082201369,0.9345618542101832,0.915264150341758,0.9473991727811977,0.9517679141853164,0.9238013891436974,0.5109136619904604,0.9918036979367357,0.9839553731674052,0.945608894039309,0.948467140918744,0.9212094218042226,0.952904481298952,0.999822015418471,0.8636729854597189,0.9277968752742773,0.925547493015499,0.9676769377237683,0.8544317135025308,0.68092496258556,0.9393074128728374,0.9859275654047341,0.9495505106234363,0.8901939400049641,0.9762381701099261,0.9607483250129106,0.948467140918744,0.9872125588573133,0.8072939885273205,0.42321724927044035,0.9166835378272549,0.8970334570250011,0.9354957453078969,0.9212094218042226,0.8357840905673558,0.9321523113665873,0.9152641503417582,0.9657671730030435,0.934561854210183,0.9564441004788364,0.512403166939397,0.9643133649175288,0.9342541377090322,0.7052575329880963,0.8448848835244382,0.9317998283510545,0.9611058687776597,0.9589316626844853,0.8616255760827238,0.9273099638694315,0.9564441004788367,0.8130832494923947,0.960221152322577,0.9657671730030437,0.960221152322577,0.960221152322577,0.8580546626695638,0.9495505106234363,0.6206283045003382,0.960221152322577,0.8507520507155972,0.872925485610744,0.9056319216938429,0.8454543388107645,0.9069398281965728,0.9550326616655347,0.7331043271732343,0.9238013891436974,0.8746288432976697,0.8966062547807161,0.9571342288198472,0.9398072791970182,0.9354957453078971,0.9320579771477779,0.8871895921957202,0.9412650880954541,0.9552408029353749,0.9576735770276548,0.8859836480030538,0.37325399239738843,0.9186457666042604,0.9629078616894176,0.6957845084090482,0.9517679141853161,0.9473991727811977,0.9495505106234361,0.8813688685160492,0.940281523787128,0.9264265757108796,0.9495505106234361,0.9934000968343188,0.9629078616894176,0.9788198231857259,0.9615452872130625,0.9327142329596736,0.8880166939342056,0.7889020793904017,0.9448229719109482,0.8880166939342056,0.9564441004788369,0.855034024959237,0.7735694983485523,0.9611058687776597,0.8956947474420138,0.9422586572762626,0.9704919301607371,0.9021933432389448,0.9555440044522301,0.9238013891436974,0.9045174167332097,0.9094075605567682,0.9774358012844695,0.9507653510800258,0.960221152322577,0.9643133649175286,0.9887119198512566,0.9602211523225768,0.8319589973352827,0.9517679141853161,0.957673577027655,0.9382889399640054,0.8747637690899392,0.9495505106234363,0.847010806958058,0.9688473520249223,0.9136034715230819,0.8345234729276818,0.8954284206508369,0.957673577027655,0.526223899070942,0.8970334570250009,0.9336347991328913,0.948467140918744,0.8635477725273679,0.9061143838323409,0.8974734569479393,0.8929627841467682,0.9364368411420321,0.8677629859955871,0.8319589973352826,0.9412650880954538,0.0,0.9506503681784946,0.9615452872130625,0.873778180084144,0.9238013891436974,0.9161060738860443,0.9589316626844855,0.8404071783150318,0.8754775406461837,0.9704919301607371,0.905289793832148,0.9629078616894176,0.9354957453078971,0.7405377519433767,0.9881161094061227,0.9229339640663332,0.6463446365020215,0.9812882646010126,0.967429636484679,0.952904481298952,0.9589316626844853,0.9448229719109481,0.48688745223948426,0.960221152322577,0.8974625884738575,0.8946068956234317,0.8488894389623107,0.6705125265748269,0.960221152322577,0.9950379423377971,0.8826391391211998,0.9264265757108796,0.9393074128728374,0.9246724996449085,0.7680697792418765,0.9069398281965728,0.8495355068354111,0.6326725516297498,0.9264265757108794,0.8830381436111518,0.9144243194673916,0.9657671730030437,0.736675185175431,0.9442782351269046,0.9493957255905624,0.6913208827961562,0.9704919301607371,0.9355758535992383,0.9576735770276548,0.9704919301607371,0.9540615556502023,0.9327624037197985,0.4637314097487386,0.9138808918740071,0.9094222802137257,0.9672758151492922,0.960221152322577,0.9517679141853164,0.8892592555773317,0.9163193526016034,0.9589316626844855,0.9448229719109482,0.9564441004788367,0.9589316626844855,0.9589316626844855,0.9918036979367357,0.960221152322577,0.9676769377237683,0.9223125238854553,0.960221152322577,0.948467140918744,0.7258861534685654,0.9672758151492922,0.9629078616894176,0.9657671730030437,0.9615452872130625,0.9589316626844855,0.9113611393327946,0.9279843845372737,0.9495505106234363,0.8754775406461837,0.960221152322577,0.9273099638694315,0.42321724927044024,0.948467140918744,0.9092140568173153,0.9281978840490723,0.9672758151492922,0.44445758260470947,0.9506503681784948,0.9592096814182647,0.9506503681784948,0.9602211523225768,0.9336347991328915,0.7782033441111667,0.9409091189323958,0.8737781800841438,0.952904481298952,0.8357840905673568,0.6801319510924876,0.9629078616894176,0.9273099638694315,0.8763243374738707,0.960221152322577,0.38143891861606893,0.9077662249784124,0.9688473520249223,0.8665155322300471,0.9564441004788367,0.9529044812989522,0.9353250363666972,0.957673577027655,0.9071650532985303,0.9373337091552363,0.960221152322577,0.960221152322577,0.9612305818481931,0.7644180926980226,0.5911651455979141,0.7951128469173043,0.8788539781850344,0.8566477616876668,0.7515166263557429,0.8432028922570702,0.9473991727811977,0.853517301351858,0.960221152322577,0.9346254185527987,0.9643133649175286,0.9704919301607373,0.8747637690899392,0.9672758151492922,0.8677629859955871,0.960221152322577,0.960221152322577,0.8229648286294513,0.9602211523225768,0.923491692810338,0.9517679141853164,0.8880166939342056,0.8417025656248469,0.9961565139931364,0.9839553731674051,0.8703545592670818,0.7719822819508488,0.960221152322577,0.6913208827961561,0.85715398352185,0.9615452872130625,0.9342541377090323,0.9989383090729373,0.9213459937002998,0.9299882837258002,0.6812828236110706,0.9615452872130625,0.9682054761806349,0.960221152322577,0.864272336783596,0.6812828236110706,0.9212094218042226,0.7285918655964121,0.9347047318862409,0.9540615556502021,0.925547493015499,0.8438334943577082,0.9657671730030435,0.8970707874646666,0.8921400493540419,0.9564441004788364,0.9688473520249221,0.9393074128728371,0.9463456194504827,0.8894326889463284,0.9643133649175286,0.9589316626844855,0.9028202028772294,0.9442782351269046,0.9336347991328913,0.9383422423783936,0.9704919301607371,0.6377431230717342,0.9209839463193071,0.9704919301607369,0.9238013891436974,0.9373855340691761,0.9186457666042602,0.9602211523225768,0.9688473520249221,0.9517679141853161,0.9517679141853161,0.8734164873263963,0.9552408029353752,0.9589316626844853,0.9442782351269046,0.9169502243571086,0.8687412470205862,0.9341743359260251,0.9002664985145177,0.8616255760827238,0.879735597735537,0.960221152322577,0.7680697792418765,0.9602211523225768,0.8353653627728161,0.9688473520249223,0.9473991727811977,0.9484671409187442,0.9260856807199043,0.960221152322577,0.847010806958058,0.9021933432389448,0.948467140918744,0.8479521653438946,0.864272336783596,0.8535173013518579,0.9643133649175286,0.860737476487488,0.8788539781850342,0.8479521653438946,0.9056710439994937,0.9836543654419935,0.859313354624238,0.9704919301607371,0.6496787457691413,0.957486356544754,0.9203519494821841,0.9922673407988161,0.9110812357914193,0.9791919178046253,0.8974734569479393,0.8751938654120847,0.9589316626844855,0.8763243374738707,0.8319589973352828,0.9186457666042602,0.82509139652853,0.9124845715380898,0.960221152322577,0.8697346212836403,0.8929627841467682,0.9393074128728371,0.960221152322577,0.9120142963323283,0.9552408029353749,0.9672758151492922,0.9168592415074224,0.9589316626844855,0.8927556396064105,0.9902272378284807,0.9662454225678805,0.5024046396832557,0.9281978840490723,0.9495505106234363,0.8950749854868495,0.960221152322577,0.8749951932053408,0.960221152322577,0.9672758151492922,0.8720586042798705,0.9094222802137257,0.9704919301607373,0.9422586572762626,0.9056710439994939,0.925547493015499,0.9393074128728374,0.960221152322577,0.9791810757520109,0.9323320600699363,0.9597002712640406,0.9412650880954538,0.9336347991328917,0.9643133649175288,0.9412650880954543,0.940281523787128,0.9345618542101832,0.9161060738860443,0.8415724373376192,0.9345618542101832,0.9393074128728374,0.9643133649175286,0.9539382344839202,0.9345618542101832,0.9704919301607373,0.9463456194504829,0.9615452872130625,0.9539382344839202,0.64125599462624,0.940281523787128,0.6579010970221223,0.915264150341758,0.9336347991328915,0.9168592415074224,0.9327142329596738,0.9453055812599183,0.9589316626844853,0.9517679141853164,0.8884740070227131,0.7163055070284616,0.9229339640663332,0.906414271134099,0.9828798843095534,0.8189670055279799,0.945305581259918,0.9615452872130625,0.9629078616894176,0.9229339640663332,0.9627660172534371,0.9432628256129658,0.9432628256129658,0.9698382173897018,0.9643133649175286,0.9657671730030437,0.9425822257685996,0.9422586572762628,0.9356763192142941,0.8455205797886557,0.9412650880954541,0.9232512503966039,0.9506503681784946,0.9402815237871283,0.9602211523225768,0.8679186029030668,0.9466283176716466,0.9632036283196383,0.9220700353609519,0.9204300878352805,0.9657671730030435,0.6759951612950419,0.9445948948871477,0.9463456194504827,0.9564441004788367,0.8188365372042741,0.9365377706532192,0.9405885046495401,0.9758490766284683,0.952904481298952,0.9157488137956813,0.9589316626844853,0.832073522273864,0.9333294375625141,0.9629078616894176,0.9615452872130625,0.9110833848585065,0.9432628256129656,0.9629078616894176,0.9854926765128263,0.8929627841467682,0.8998582096049106,0.7309920673313162,0.957673577027655,0.9054798572912146,0.948467140918744,0.9238013891436976,0.3355208365504193,0.9682054761806349,0.7235063906986445,0.9657671730030437,0.9161060738860443,0.9473991727811977,0.5293143154878848,0.9688473520249223,0.9102521474185266,0.9672758151492922,0.8941961293283134,0.9657671730030437
p215_F,0.9502955125811596,0.9750206691499415,0.8657679762547945,0.793060335887529,0.9913026731221011,0.953255582527178,0.7789376606674487,0.8314851724216172,0.8806719604852848,0.9506503681784946,0.9253948970823005,0.9877220281917203,0.9877220281917201,0.941740990578956,0.7370062083727753,0.9154984655951908,0.9810860991992141,0.915004851984079,0.9868438546677247,0.9812882646010125,0.9062714465097337,0.7098803175335778,0.964170004482718,0.9390829980374291,0.8086319218241043,0.9150048519840785,0.868661872839342,0.9320797389103181,0.9506503681784946,0.8127547489247667,0.9069566644903915,0.996557344576431,0.9290959183459289,0.7717871684332462,0.9913026731221011,0.7918579992207198,0.9950927970641261,0.9290959183459286,0.953255582527178,0.995767454475303,0.686641261845319,0.91667381023818,0.9751129258825251,0.9266140809152767,0.9310020898787328,0.7876982253434957,0.9412414838519025,0.8765493364841208,0.46856656338437097,0.9254867932704707,0.943467974097185,0.8890900887740749,0.9150048519840785,0.9272278453848009,0.9779901913198821,0.9117298605520907,0.47957396950503417,0.9369854052620166,0.7932312171235054,0.9329497321807896,0.91625491915112,0.7724768594641587,0.6663434516875015,0.8751860185986184,0.3063205188485587,0.8542918154275816,0.8166333005972799,0.9989916785731422,0.9474753509493667,0.9868438546677248,0.9397454091117983,0.9545623789260471,0.9369854052620168,0.8814243896601137,0.9369854052620166,0.888139508331151,0.9847742533056744,0.8407576685828649,0.8527779327341045,0.953255582527178,0.9253948970823005,0.9183656033219387,0.9479529588566924,0.915004851984079,0.9369854052620166,0.9339524310656602,0.8473272854196257,0.8753385904334068,0.8986797000234017,0.9349426948340502,0.9369854052620166,0.6266220791119596,0.8210327327828971,0.896768399360929,0.9479529588566924,0.8765493364841209,0.7534024639677188,0.9187803324078709,0.8721153647638948,0.8944172155216932,0.5201537141678925,0.9991256173192247,0.9369854052620168,0.7885556442697675,0.8366134476050211,0.9481608601832734,0.9510212795701292,0.84228101433356,0.9883279044516831,0.8361454645127424,0.6851962751432605,0.959237033712196,0.8785300442524799,0.5397959532078599,0.9412414838519025,0.8244461154233773,0.9750206691499417,0.9481608601832734,0.9751129258825253,0.8755842366061313,0.9612656347199036,0.6808106989080194,0.9218241042345277,0.9458421999117048,0.9987351912497631,0.8368493299174995,0.9390829980374291,0.8800187100542716,0.9349426948340502,0.9655974895223984,0.8965753694308916,0.9412414838519025,0.943467974097185,0.9751129258825251,0.3177377703140485,0.9329370334459521,0.9338538560095986,0.9365826632500471,0.943467974097185,0.9329497321807896,0.8421998472171872,0.9506503681784946,0.8542918154275814,0.6984811996753164,0.7021651885802724,0.8890928172755166,0.9526141260519433,0.9280287835949239,0.9133573033767912,0.8170296517925676,0.9132268973805198,0.9818634913664555,0.9476448489900741,0.8808194275061849,0.8766079819236635,0.9133573033767912,0.6431822427549214,0.9634129222225682,0.8741115447185108,0.7096457585863616,0.8384912670500717,0.9991256173192247,0.9950286745612719,0.8486402706645193,0.9033301068535198,0.5675347445720574,0.9061118815207867,0.9064840699954801,0.9479529588566924,0.9329370334459521,0.9796265153694581,0.9877220281917203,0.9117298605520907,0.7745001741980391,0.8697070558558908,0.6782392694726955,0.9481608601832734,0.9205080396281913,0.6185467036887232,0.888139508331151,0.9591535679622782,0.8911121111514895,0.9665309054593343,0.9349426948340502,0.8511402259456595,0.8495848911093742,0.9789258117212394,0.8779179059734528,0.9272278453848009,0.9821463001596105,0.9843238957181939,0.9902509771638304,0.851262638398361,0.9026933628314502,0.9818634913664555,0.9369854052620166,0.9390829980374291,0.9329497321807898,0.876549336484121,0.9672543872250974,0.9553462017783088,0.9349426948340502,0.9369854052620166,0.944031564619854,0.8637424826885646,0.9506503681784946,0.9369854052620166,0.8176308472588916,0.8948693468634783,0.8591451287364844,0.8741115447185108,0.629957156244811,0.37892597151623864,0.9369854052620166,0.8726412474691871,0.9369854052620166,0.9019925705328029,0.9724026086468429,0.9672543872250975,0.9369854052620166,0.7285837179480004,0.9369854052620166,0.8272357691288839,0.9179356541368899,0.9320797389103181,0.9609306835253212,0.4799171814748766,0.8559602437672629,0.9329497321807896,0.964170004482718,0.9235944347702933,0.6572893614491975,0.8124826713986846,0.9358530937879612,0.936582663250047,0.9377821213923416,0.9534676616285476,0.9113067123177236,0.9732456515592671,0.8948693468634783,0.9655974895223982,0.9310020898787328,0.6808106989080194,0.9329497321807898,0.9369854052620166,0.9433214104887524,0.9369854052620166,0.7874868403951456,0.9302334181929384,0.943467974097185,0.990094017201337,0.8559602437672629,0.9390829980374291,0.9634129222225682,0.9667480998914222,0.8023773034771658,0.7939881817158984,0.9061118815207867,0.9412414838519025,0.6984811996753164,0.895045587288557,0.9312963087719359,0.9349426948340502,0.9457709851868579,0.8009920159983039,0.953255582527178,0.8907404833799737,0.9394802407940286,0.91667381023818,0.8665350367911271,0.6885935735393952,0.943467974097185,0.9378900453582131,0.8891436572919007,0.8559602437672629,0.9481608601832734,0.8603362991453392,0.893411056648407,0.43209148080213944,0.9096861238372793,0.9481608601832734,0.9428948240228701,0.8168695460000699,0.8049261828249477,0.9359750562413549,0.5278616623540134,0.9412414838519025,0.9358530937879614,0.8313669294695718,0.9329497321807896,0.9412414838519025,0.9991256173192247,0.8278670997792499,0.9218485695187226,0.8907699867734991,0.896768399360929,0.915498465595191,0.9063883988086396,0.856853284369721,0.4655246482770541,0.7982071677784177,0.9843238957181939,0.943467974097185,0.8486402706645193,0.9359750562413549,0.942990249213453,0.9218223944261854,0.9964366158728782,0.8251902139236031,0.8876707345437711,0.8851936582303366,0.7567561462942765,0.8602271964964205,0.8204535137014939,0.695234415326164,0.7771041629395341,0.8806719604852851,0.9506503681784946,0.771787168433246,0.9990384391481416,0.9102586846626866,0.9991256173192249,0.9369854052620166,0.943467974097185,0.9433214104887524,0.41515243389044965,0.9481608601832734,0.9457709851868579,0.9349426948340502,0.9369854052620166,0.9883279044516831,0.9481608601832734,0.953255582527178,0.9910658102805276,0.7633283852175539,0.4753943418605342,0.943467974097185,0.9151103620870011,0.7768011813657071,0.9218241042345277,0.9290959183459291,0.752081409760748,0.9412414838519025,0.9358530937879614,0.7599175669402095,0.9272278453848009,0.8890928172755164,0.9751129258825253,0.8724205116499744,0.6986972339885476,0.8644083233117048,0.868661872839342,0.9349426948340502,0.977164301389462,0.6231405795513354,0.8077853720781178,0.8801232692753702,0.795464885768304,0.9369854052620166,0.9207448836803878,0.9339524310656602,0.5076292444684897,0.9339524310656602,0.9506503681784946,0.9079675824567623,0.9369854052620166,0.9369854052620166,0.9133573033767912,0.8806719604852851,0.7341510084616073,0.9369854052620166,0.9506503681784946,0.3025728446968007,0.5657471871445166,0.9033301068535196,0.8559805319354532,0.9543800590178143,0.4806196410068512,0.9235944347702933,0.7702881710152129,0.8130179726591436,0.9369854052620166,0.9090576304377902,0.5675347445720572,0.8627287326916602,0.8427780947318175,0.9053985774691051,0.7048350941605873,0.9412414838519025,0.817265407374071,0.9369854052620166,0.782817841999713,0.9987351912497633,0.8770595237952052,0.7746477200892379,0.9390829980374291,0.7967547961235282,0.9779901913198821,0.9369854052620166,0.993704375978276,0.8753385904334068,0.9369854052620166,0.9437724388143578,0.8858847187851939,0.7745001741980392,0.801427569491863,0.8486402706645193,0.9369854052620166,0.8194729220297272,0.8983146622607212,0.9457709851868579,0.7526464390896671,0.8014275694918631,0.9841069050033684,0.8862566036435151,0.7917814937520986,0.9412414838519028,0.9049013665285814,0.9171338879258173,0.9641700044827177,0.8936871448494461,0.664609084931697,0.8935215382096593,0.9200817943852442,0.943467974097185,0.6244782820546593,0.9369854052620166,0.9481608601832734,0.9950092225712419,0.8290446523552835,0.9253948970823005,0.9101213268023747,0.9329497321807896,0.9142168962274368,0.9390829980374291,0.9843238957181939,0.9810661291837657,0.9369854052620168,0.9771865070849176,0.9058916929689564,0.5707505245234568,0.9868438546677248,0.8594852121729344,0.9506503681784946,0.9750206691499417,0.9917417854198085,0.8235748467105688,0.9847742533056744,0.5048586940575628,0.962784641863409,0.9964366158728784,0.9553462017783088,0.91667381023818,0.9235944347702933,0.9433214104887524,0.9412414838519025,0.9358530937879612,0.6240451590515959,0.9027578767165136,0.9183656033219387,0.9064840699954799,0.9253948970823007,0.945842199911705,0.7791059524392667,0.8809611728110756,0.8902157087717008,0.9310020898787328,0.8643371891276947,0.6607353210065958,0.9038554657884541,0.9517258135028772,0.9917417854198087,0.7974656740968142,0.9253948970823007,0.8921517012082931,0.9183656033219387,0.7868540111713821,0.8350693703705341,0.9412414838519025,0.7923990056729588,0.9331224709878762,0.84923687157302,0.9064840699954799,0.9218485695187231,0.807275901471074,0.9254867932704707,0.9919033068160934,0.9249529706560747,0.9310020898787328,0.9310020898787328,0.9965573445764311,0.9481608601832734,0.9458421999117048,0.7831612898663216,0.7615219348430811,0.9594986384506096,0.9594986384506098,0.8287845776060834,0.9510212795701292,0.9310020898787328,0.9152669132945837,0.9369854052620166,0.9919033068160935,0.9369854052620166,0.9369854052620166,0.8467067695663082,0.9200817943852442,0.6256072995438491,0.9369854052620166,0.8108297369993737,0.847836116431743,0.9990384391481417,0.7500917627661237,0.9090576304377902,0.9240542886990639,0.6675583212866202,0.8792920141466947,0.8754255978825567,0.9731155357061645,0.9668885936955169,0.9457709851868581,0.8978173148387736,0.9110135621318769,0.8469678326776529,0.6264169104538433,0.9290959183459286,0.9129277772069977,0.8706966832879393,0.9457709851868579,0.6692019907408842,0.9412414838519028,0.6189794335929645,0.9847742533056744,0.959237033712196,0.9200817943852442,0.8372369487294185,0.9053985774691051,0.8834506330434522,0.9200817943852442,0.9377834594303425,0.942990249213453,0.9235944347702933,0.9390829980374291,0.9665852122032703,0.8741115447185108,0.7544296346051111,0.9434679740971852,0.7138332889213117,0.931002089878733,0.7728625766255459,0.7239034453819998,0.9067193050929394,0.8161268973285212,0.98737531725128,0.953255582527178,0.8167907583049581,0.9345827279491863,0.8792920141466944,0.797003528787628,0.8931429413816419,0.8848500287036505,0.9674168596080037,0.9369854052620166,0.943467974097185,0.9964366158728781,0.9369854052620168,0.6763973750149704,0.9235944347702931,0.964301940744402,0.9479529588566924,0.7724768594641587,0.9200817943852442,0.8282616633751725,0.9506503681784948,0.8350693703705341,0.8875271554498324,0.8874770946298924,0.9329497321807896,0.9290959183459286,0.8752198484665568,0.8222180825008416,0.4753943418605343,0.8059261569088711,0.8793720391726749,0.8092013470529856,0.882990805776227,0.9723980610103105,0.8633540906453023,0.8329564038140613,0.9069566644903913,0.9506503681784946,0.0,0.9390829980374291,0.8000490890639189,0.8792920141466944,0.8671016868583241,0.9349426948340502,0.7846519163943755,0.7768134933560441,0.7602184511116354,0.9058916929689564,0.9991256173192249,0.7046964066654734,0.9320797389103181,0.9592370337121963,0.9096861238372791,0.8986156584030397,0.9218241042345277,0.873827676815808,0.9253948970823003,0.9349426948340502,0.943467974097185,0.9532555825271782,0.9369854052620166,0.9723980610103105,0.6905563201796614,0.8077853720781178,0.9377834594303425,0.9369854052620166,0.9122587745531017,0.8092798201934515,0.9818634913664555,0.5278616623540139,0.9129412260730061,0.8956273847626326,0.9372958333693957,0.7989749113815016,0.950107672001856,0.5916807892338618,0.8906194204189841,0.8644375806981959,0.9919033068160935,0.8792920141466944,0.43899422484217565,0.9412414838519025,0.5039414405357028,0.953255582527178,0.9699196375991819,0.9329497321807898,0.953255582527178,0.9750206691499415,0.9928893498778073,0.9913026731221013,0.7992894277152922,0.9138735820988335,0.9218485695187227,0.9369854052620168,0.9694100907323093,0.8292347353062454,0.8721393656035645,0.9349426948340502,0.943467974097185,0.9310020898787328,0.9349426948340502,0.9349426948340502,0.8993081265656122,0.9369854052620166,0.9310020898787328,0.9510212795701292,0.9369854052620166,0.8651200913860879,0.8091187892238489,0.9218485695187231,0.9412414838519028,0.9457709851868579,0.9390829980374289,0.9349426948340502,0.8080685444079964,0.8755842366061313,0.9200817943852442,0.876937336309811,0.9369854052620166,0.5857799643645216,0.9412414838519025,0.9616684643803335,0.860861863864431,0.6798446068866667,0.9481608601832734,0.9390829980374291,0.9883279044516831,0.9283102964892218,0.9667480998914222,0.9913026731221013,0.8948693468634783,0.9023265168341346,0.8208445875604118,0.8739148831708863,0.934296642316799,0.9481608601832734,0.5097716389336269,0.9412414838519025,0.9828074695633924,0.8784502765604174,0.9369854052620166,0.9369854052620168,0.9390352294244491,0.9506503681784946,0.7590614799694815,0.9310020898787328,0.9721643839492675,0.9023530103388626,0.9329497321807896,0.8576113498032989,0.8494162464230661,0.9369854052620166,0.9369854052620166,0.9634129222225682,0.7724768594641587,0.9753361086597814,0.8533756651547063,0.8829981314675723,0.8014275694918631,0.900101915716712,0.8220042585124196,0.40231461417756087,0.8627773581536333,0.9369854052620166,0.939608240224485,0.943467974097185,0.953255582527178,0.7724768594641587,0.9481608601832734,0.8633540906453023,0.9369854052620166,0.9369854052620166,0.836054815881873,0.9913026731221013,0.8227942614984902,0.9235944347702933,0.7395867368188228,0.9377821213923416,0.9101213268023749,0.9690801727892031,0.8922964985151036,0.7045730677284223,0.9369854052620166,0.5746695831946222,0.8213609819148162,0.9390829980374291,0.921848569518723,0.9461282675204838,0.8329142295729878,0.9230838149438536,0.5601559417579272,0.9950927970641266,0.9548174173438431,0.9369854052620166,0.8573159578281098,0.84923687157302,0.8751860185986184,0.6408090532937716,0.8859776001488879,0.9771865070849176,0.8820580577672703,0.6964714076358824,0.9295775988190449,0.8369474483722918,0.9338695172821552,0.9310020898787328,0.9506503681784946,0.9038554657884539,0.915004851984079,0.8390713589620113,0.943467974097185,0.9349426948340502,0.8460552306072358,0.9117298605520905,0.9636743678186817,0.9854168063328744,0.953255582527178,0.9302334181929384,0.831849942701932,0.9751129258825252,0.6404875132878715,0.900810973023598,0.8711248729670613,0.9913026731221013,0.9812882646010126,0.7556959734955933,0.9847742533056744,0.770288171015213,0.9290959183459291,0.9349426948340502,0.9928893498778073,0.8684389251881859,0.9488974039091764,0.8444451671305139,0.9937773364805664,0.8287845776060834,0.8235748467105688,0.9369854052620166,0.6564814876197975,0.9369854052620168,0.8559805319354532,0.9506503681784946,0.91667381023818,0.918365603321939,0.7165841158662671,0.9369854052620166,0.8047231998460553,0.8167907583049581,0.9616684643803335,0.8298161239732538,0.833207525996106,0.8153653597703894,0.943467974097185,0.851262638398361,0.9079675824567621,0.8639098406678632,0.8458714951278947,0.947653575322335,0.7970133064486451,0.953255582527178,0.964170004482718,0.9543800590178143,0.9049013665285814,0.9218223944261853,0.8739148831708863,0.9433214104887524,0.7855480309011272,0.9543800590178143,0.9349426948340502,0.8784502765604176,0.7024905464814855,0.8711248729670613,0.8161268973285212,0.8566842162190758,0.9369854052620166,0.8076517912158057,0.6966016687087789,0.9038554657884539,0.9369854052620166,0.8507492800484013,0.9779901913198821,0.9481608601832734,0.9917417854198085,0.9349426948340502,0.9095502226904357,0.9568700216169211,0.9033301068535196,0.9928893498778073,0.5797141170090163,0.9200817943852442,0.8053386531636616,0.9369854052620166,0.88994694720022,0.9369854052620166,0.9481608601832734,0.768081214721642,0.8851936582303366,0.953255582527178,0.9479529588566924,0.8956384605426095,0.8820580577672703,0.5657471871445166,0.9369854052620166,0.9135090138467388,0.8975900774078802,0.8653189509281969,0.43198923334727457,0.8948693468634783,0.9965573445764311,0.9069566644903913,0.9053985774691051,0.8963379163019165,0.9572437804031901,0.763072919856992,0.8963379163019165,0.941740990578956,0.943467974097185,0.8866634059168486,0.8963379163019165,0.953255582527178,0.4151524338904501,0.9390829980374291,0.7096457585863616,0.9877220281917203,0.9821463001596107,0.7785143692692988,0.8956273847626326,0.9655974895223984,0.9476535753223353,0.9284119894354876,0.9133573033767912,0.9349426948340502,0.9847742533056744,0.8612157568128747,0.9038554657884541,0.6773270439329784,0.9386703656708343,0.9248384182047,0.9530102635619484,0.9218223944261854,0.9950927970641263,0.9412414838519028,0.9632410047074157,0.8593941012948738,0.9101213268023749,0.990094017201337,0.971137692094667,0.996557344576431,0.9457709851868581,0.9527711463763984,0.9085306004621048,0.7937347597709155,0.9339524310656604,0.8208445875604118,0.9191315085911911,0.9434039087947884,0.9437724388143582,0.9369854052620166,0.9199302278307138,0.7617272248982543,0.9612656347199036,0.939608240224485,0.914321140743684,0.8049261828249471,0.8814220701002932,0.9563489939600605,0.9150048519840785,0.4679897982754915,0.9085306004621045,0.9690801727892031,0.9492420156933739,0.8776927781328225,0.9253948970823005,0.9562042187352318,0.9349426948340502,0.8595106115142983,0.9231342686029484,0.3641489145402327,0.9950927970641261,0.888139508331151,0.9101213268023747,0.9412414838519025,0.6911406672053635,0.830439865086853,0.9280112934163844,0.7074311230573808,0.9129277772069977,0.8162158399581085,0.9616684643803335,0.7045169096299293,0.942990249213453,0.8770595237952055,0.9183656033219387,0.9457709851868581,0.8671016868583241,0.91667381023818,0.9950927970641261,0.9506503681784946,0.9403262360130985,0.9481608601832734,0.9421276614770782,0.9457709851868581
p215_GMS,0.848204443275399,0.9971196828020042,0.8954023823601895,0.9250812961986936,0.9813818316380163,0.9635753483468394,0.8954851986448296,0.8759869691607487,0.9472483006084298,0.9615452872130625,0.9418654668890594,0.9190874378408648,0.9848910203339206,0.9250812961986936,0.9559566851226751,0.9669818997221614,0.9913221015557613,0.9337692322192532,0.9596053879391779,0.9535979799037624,0.9276228731395866,0.9404624926714933,0.9523391253205785,0.95253164556962,0.9390829980374291,0.9337692322192535,0.9462347596389562,0.9916530842778032,0.9615452872130625,0.9861333389502076,0.9274978432118415,0.9692769377093196,0.9447494136270196,0.9215378731313926,0.9813818316380163,0.9596053879391779,0.95253164556962,0.9447494136270196,0.9635753483468394,0.9324854129452833,0.902741203339785,0.7995979460862799,0.9471168020442999,0.9977811431789548,0.9462347596389562,0.8525292702713727,0.9542136024350834,0.8210270827904693,0.9324854129452833,0.9556866006988333,0.9559485503920393,0.8545932950871289,0.9337692322192535,0.9432937551644591,0.68949170458385,0.9312172606999456,0.9312172606999456,0.9508971383859763,0.9591791255254204,0.947752420917731,0.9681207613454725,0.8908122932200717,0.9859653849226515,0.9801945723164652,0.9577431256853026,0.980086624035676,0.9559485503920393,0.9471999997959668,0.8355826110872582,0.9596053879391779,0.9238898933303423,0.9324854129452833,0.9508971383859763,0.8669655156352969,0.9508971383859763,0.8902416609981854,0.9404624926714933,0.9998238347481485,0.9913239936917141,0.9635753483468394,0.9998238347481487,0.9903766507571461,0.9287243013130129,0.9859653849226511,0.9508971383859763,0.920376187934179,0.9975839852098576,0.9872327239994372,0.9894066454715097,0.9493053971730236,0.9508971383859763,0.8954023823601895,0.9578429373320376,0.9873704368446219,0.8746735631420469,0.9038035415131254,0.8933314369864678,0.9276228731395866,0.7571471671425045,0.8777975163363985,0.9312172606999458,0.9542136024350834,0.9508971383859763,0.927209562910801,0.975909124932167,0.9596053879391779,0.9102716897738727,0.8453718612169456,0.7808680068290859,0.9542583092089729,0.8800416198957275,0.9350697345319547,0.8337215482320728,0.9544588564256291,0.9542136024350834,0.8896842091060679,0.9375331207684676,0.9596053879391779,0.9635753483468394,0.8473152462661051,0.9113762481476704,0.8892155845940948,0.9390829980374291,0.9274978432118419,0.9859653849226515,0.8575242220571019,0.9525316455696202,0.8739011376245651,0.9493053971730234,0.7291946247330887,0.7158666571515574,0.9542136024350831,0.9559485503920393,0.9471168020442999,0.9462347596389562,0.9127200248974268,0.9425982794708853,0.9559485503920393,0.9559485503920391,0.9477524209177313,0.8991917165788905,0.9615452872130625,0.7802287416300999,0.8759848927128513,0.8912695666285138,0.8745277657564581,0.9162478915215845,0.8745067514550773,0.9133950814332603,0.8258956469281085,0.9615452872130625,0.9681207613454724,0.8927560435416246,0.9036342076671626,0.9559485503920393,0.9324854129452831,0.898528602418327,0.9169426994374765,0.9134717581604724,0.9251662135150307,0.951324470315799,0.9542136024350834,0.9363880304285923,0.7517200521801013,0.9006279533325665,0.9192233962368055,0.8739011376245647,0.9807840195689514,0.9287243013130126,0.8693621924380661,0.9723157551667554,0.9493053971730236,0.9312172606999458,0.9709610116834293,0.854952893179078,0.9514665453515565,0.9596053879391779,0.942263219246712,0.968805048104574,0.962540188778485,0.9146924482852168,0.9654253597410376,0.9312172606999456,0.655873107868642,0.9099856401238942,0.8905177901464345,0.9761582124507303,0.7782692552438986,0.943293755164459,0.9262837350880506,0.947752420917731,0.8918225519389452,0.9628215652992425,0.9702641377775143,0.9500805720293446,0.9508971383859763,0.95253164556962,0.947752420917731,0.8210270827904691,0.9020355966115885,0.9556866006988335,0.655873107868642,0.9508971383859763,0.872944562895636,0.7664239224831365,0.9615452872130625,0.9508971383859763,0.9908206693987865,0.9180790428976138,0.9651612834412151,0.9776889062521399,0.9486563558223773,0.9493053971730236,0.9508971383859763,0.9471999997959668,0.9508971383859764,0.9656612249441194,0.8748900904594734,0.8715311586797312,0.9508971383859763,0.898373948794856,0.9508971383859763,0.8937569295188521,0.9927718861206729,0.9192233962368057,0.9144193028520169,0.9542136024350834,0.8144472611771495,0.947752420917731,0.9377253379624282,0.9404624926714935,0.9681207613454724,0.9384483505673139,0.9215378731313923,0.9559485503920393,0.9807840195689514,0.9576344969711709,0.9458556185436358,0.9839610029940282,0.9937393740100618,0.8614669993715756,0.9462347596389562,0.8892155845940946,0.731989270263177,0.9508971383859763,0.9857705189045634,0.9508971383859763,0.9041464206764697,0.9180790428976142,0.8197279139120376,0.7709139895948853,0.7853943015979805,0.95253164556962,0.8212290483130444,0.9390829980374291,0.8964416496516887,0.9998238347481484,0.8088368766015429,0.9542136024350834,0.8759848927128513,0.9435552639260965,0.7779283143697306,0.9493053971730236,0.9645511776582263,0.8346191856858276,0.9635753483468394,0.7357270719910657,0.9787957463111969,0.9587973377153394,0.956799063696924,0.9132508500097025,0.9692769377093197,0.7699646555192992,0.8453718612169459,0.8369172238728213,0.9596053879391779,0.7732961619759448,0.9169426994374765,0.9363880304285923,0.9840851651092493,0.9596053879391779,0.9535547710049807,0.9725549711037352,0.9645511776582264,0.9016827426948626,0.9723157551667552,0.9542136024350834,0.9215378731313926,0.7749200871902098,0.947752420917731,0.9542136024350834,0.9542136024350834,0.8052614894098257,0.9596053879391779,0.9316428085275306,0.7573388514344502,0.8892155845940948,0.9115278413395254,0.9596053879391779,0.9508971383859763,0.9838585814857688,0.947752420917731,0.9559485503920393,0.7810179711563532,0.9820922138479927,0.9542136024350834,0.9324854129452831,0.8134060453070211,0.8214354212503414,0.9544588564256291,0.7542366947800082,0.936285761412645,0.8283774467177327,0.9454422137291255,0.8769985528794619,0.9615452872130625,0.8918225519389456,0.9615452872130625,0.9215378731313923,0.9937393740100617,0.912469668338953,0.9542136024350834,0.9508971383859763,0.9559485503920393,0.9343996803735811,0.9337692322192535,0.9596053879391779,0.9645511776582263,0.9493053971730236,0.9508971383859763,0.9950927970641263,0.6352244122992435,0.9635753483468394,0.9559566851226751,0.9488477128073983,0.9363880304285923,0.7449534020133968,0.9180285777311643,0.8346191856858276,0.9950927970641263,0.9447494136270196,0.8462899393398313,0.9736183137840245,0.9215378731313926,0.818049088015594,0.9375331207684676,0.9592855403168913,0.9635753483468394,0.7905229607627163,0.9215378731313923,0.7788113047144831,0.9462347596389562,0.9493053971730236,0.7495413712000341,0.9251662135150307,0.9807252008367306,0.7439379002557843,0.8247832035705713,0.9508971383859763,0.9504013869320107,0.8994153895442022,0.9227089361519583,0.9895196008050117,0.8687412470205864,0.8693621924380662,0.9508971383859763,0.9508971383859763,0.7592755758118036,0.9320548388021017,0.8961222571494831,0.9508971383859764,0.9615452872130625,0.9508971383859763,0.9250812961986937,0.9006279533325665,0.7664239224831366,0.9508971383859763,0.9262837350880506,0.9404624926714933,0.8378364324449472,0.8146217090393443,0.9508971383859763,0.8851268700668167,0.9192233962368055,0.780143960767431,0.8065264681453906,0.9262837350880506,0.9074679597048854,0.9542136024350834,0.7884016635964691,0.9508971383859763,0.8332805056157597,0.9337692322192535,0.877670289669457,0.8659086465703911,0.8379746835443036,0.8367671217737249,0.9447494136270196,0.9508971383859763,0.8711810652604253,0.9540732710535316,0.9508971383859763,0.9262837350880504,0.8482044432753991,0.8473352221942347,0.8214354212503414,0.7810179711563532,0.9508971383859763,0.931968245377803,0.9887824175390698,0.9645511776582262,0.9851872212052921,0.9695679414662237,0.9247279175325267,0.9529808977910952,0.8995766368965679,0.9542136024350834,0.8271254892384673,0.9290120195510653,0.9377253379624282,0.8250910195763229,0.9461607871147593,0.8749714078758029,0.9377253379624282,0.9559485503920393,0.9337692322192535,0.9508971383859763,0.9596053879391779,0.9444775685014404,0.9669617044966168,0.7665810412969813,0.9299638429727952,0.9477524209177313,0.8344943451945639,0.9525316455696202,0.9477524209177313,0.9418654668890594,0.9508971383859763,0.9432937551644591,0.883090073784738,0.987480587471586,0.7972924922038748,0.8676179604297676,0.9535979799037624,0.8183599967013944,0.9926931063209248,0.9288906998004326,0.9404624926714933,0.9615452872130625,0.9887758811158549,0.902529564792412,0.9929143549340775,0.9350697345319547,0.9452945222517781,0.9458556185436358,0.9736183137840245,0.9215378731313926,0.9807840195689514,0.9117317927905748,0.9903766507571461,0.9801945723164651,0.8832024380225647,0.9759790834075595,0.8452423104895894,0.8131443083727982,0.9080961023073579,0.9462347596389562,0.9978544602817252,0.8943656982526558,0.9804497858651832,0.9903766507571461,0.9523391253205786,0.8236714085807448,0.8832024380225649,0.8566505277931497,0.7396802476000857,0.9180790428976142,0.9954186924604507,0.9542136024350834,0.9627555278657121,0.9177021057109449,0.920376187934179,0.8241089398581322,0.8783265321561912,0.9656612249441194,0.9326301365954337,0.9577431256853026,0.9192233962368055,0.9462347596389562,0.9462347596389562,0.9559485503920393,0.9596053879391779,0.9274978432118419,0.8313727497886219,0.9158139617897609,0.9493053971730236,0.9493053971730236,0.9015815534403827,0.9515217879472728,0.9462347596389562,0.8759848927128512,0.9508971383859763,0.9577431256853026,0.9508971383859763,0.9508971383859763,0.7885717323084891,0.9377253379624284,0.9215378731313923,0.9508971383859763,0.7718026208119482,0.7280162566795121,0.993739374010062,0.857676802230597,0.8851268700668167,0.8416859998638047,0.9070160137452734,0.9059407181827082,0.7240386905967513,0.994290772741459,0.9986894526686351,0.9577431256853026,0.9654282935645835,0.9887650186521642,0.9471999997959667,0.9274978432118419,0.9447494136270196,0.9477524209177313,0.9371847234806739,0.9577431256853026,0.937783686537069,0.9542136024350834,0.9038035415131254,0.9975839852098578,0.9881361984083077,0.8973713569620819,0.9582012414849652,0.9262837350880504,0.7636240947825151,0.8424035886035846,0.9688050481045742,0.9542136024350834,0.9975839852098576,0.9525316455696202,0.952143174437784,0.8492546100688056,0.8760079532691365,0.9559485503920393,0.958093945656193,0.9462347596389564,0.9227510399128603,0.8933314369864682,0.9493053971730236,0.8091947986859859,0.9287243013130126,0.9635753483468394,0.8123127184484009,0.8988276862828637,0.8146549792907977,0.8099835577726888,0.9404624926714933,0.9102716897738727,0.8661558759793346,0.9508971383859763,0.9559485503920393,0.9192233962368055,0.6427766817579782,0.8983739487948561,0.7739300446366846,0.9477524209177313,0.9287243013130126,0.8367671217737249,0.9377253379624284,0.7779912562124383,0.9615452872130625,0.8296106003559929,0.9415131363853563,0.764749155847843,0.9477524209177313,0.9447494136270196,0.9177021057109451,0.9055577909177371,0.9363880304285925,0.9795435932039089,0.9757632139877431,0.8169113144171272,0.8045321919758858,0.9215378731313923,0.8908122932200715,0.8658418182833447,0.9759790834075597,0.9615452872130625,0.9390829980374291,0.0,0.8441922549828873,0.9059407181827079,0.8964416496516887,0.9848910203339206,0.9196473178559332,0.8462899393398313,0.9635753483468394,0.8728736207731347,0.9542136024350834,0.9654282935645835,0.9192233962368055,0.9881361984083077,0.9366996416751338,0.9274978432118419,0.9390829980374291,0.940424423847244,0.9418654668890591,0.9848910203339207,0.9559485503920393,0.9635753483468394,0.9508971383859763,0.8506466532413345,0.8699031439713587,0.9219237397948674,0.9227089361519583,0.9508971383859764,0.8282810080069369,0.8602443068685641,0.9681207613454728,0.9250812961986938,0.9070160137452734,0.8954023823601895,0.9555398441554901,0.8578992406396979,0.9299638429727952,0.9909799053419361,0.9235705749526723,0.9946344481652142,0.9577431256853026,0.9059407181827079,0.9312172606999456,0.9542136024350834,0.9180790428976142,0.9471168020443,0.9204750733110448,0.947752420917731,0.9635753483468394,0.9432937551644591,0.9675956872630852,0.9508971383859763,0.9091481169388319,0.8881911996032124,0.9596053879391779,0.6427766817579785,0.9975839852098576,0.7879732943666937,0.7517200521801013,0.9493053971730236,0.9559485503920393,0.9462347596389562,0.9493053971730236,0.9493053971730236,0.7595204637904258,0.9508971383859763,0.9288789627504789,0.9659780157059268,0.9508971383859763,0.9363880304285925,0.8943656982526558,0.9593605721085061,0.9542136024350834,0.9645511776582262,0.6983122362869201,0.9848910203339206,0.8028669104368942,0.9439474709045741,0.8424035886035854,0.876193532959173,0.9508971383859763,0.9102716897738727,0.9542136024350834,0.9363880304285923,0.7912862007463011,0.9113677351409675,0.9596053879391779,0.9525316455696202,0.8928876048824799,0.9621698344437761,0.9390829980374291,0.9508971383859763,0.9055577909177376,0.9238898933303423,0.9274978432118419,0.9409228966810116,0.9418654668890594,0.9596053879391779,0.9324854129452833,0.9542136024350834,0.9102716897738727,0.7508809619658824,0.9508971383859763,0.9813818316380164,0.8861469711805041,0.9615452872130625,0.8737714100411209,0.9462347596389562,0.9418654668890594,0.9300316380889899,0.9477524209177313,0.9689308180833436,0.7720200803249642,0.9508971383859763,0.9508971383859763,0.9521431744377841,0.9275739834424594,0.9458556185436358,0.8416859998638048,0.9316244160564968,0.939941437423047,0.8760079532691365,0.8425088200665607,0.9350697345319547,0.9739265343594922,0.9508971383859763,0.7817171719766969,0.9559485503920393,0.9635753483468394,0.8367671217737249,0.9596053879391779,0.739467523772181,0.9508971383859763,0.9508971383859763,0.811834675374969,0.9508971383859763,0.8038284825883465,0.9404624926714933,0.8617682235186921,0.902741203339785,0.9299638429727954,0.9417626114543682,0.76427197868556,0.8871665345934714,0.9508971383859764,0.9180790428976142,0.8199025531916306,0.95253164556962,0.9593605721085062,0.8567134917707651,0.9793727752983825,0.9135777978424584,0.920376187934179,0.9776371308016877,0.9284376076039202,0.9508971383859763,0.7467350328374358,0.920376187934179,0.9807840195689514,0.9109264520435438,0.8699031439713587,0.6991868726343211,0.8891026301175454,0.8587016255621236,0.9645511776582261,0.9396990861996748,0.9372753612438545,0.7415495463346315,0.9615452872130625,0.980449785865183,0.9618384623739511,0.7670353703558734,0.9559485503920393,0.9493053971730236,0.9136922823665363,0.9312172606999456,0.9937393740100618,0.7961940476956944,0.9635753483468394,0.9621698344437761,0.9471168020442998,0.5898854036088579,0.9059407181827079,0.98509883994281,0.9475951645414276,0.9136608016620085,0.9615452872130625,0.9404624926714933,0.9452945222517776,0.8681619357560899,0.9447494136270198,0.9848910203339206,0.9675956872630854,0.8762969567963396,0.9776371308016877,0.7761208698281865,0.719206967022583,0.9787618595578422,0.9832840077889076,0.9508971383859763,0.8954023823601895,0.9508971383859763,0.7955439532394766,0.9615452872130625,0.6403985544572215,0.9363880304285925,0.8927560435416246,0.9508971383859763,0.7779912562124384,0.8123127184484009,0.9363880304285925,0.7764613417359442,0.8068502742363666,0.7670353703558734,0.9559485503920393,0.7537379895670708,0.9627555278657121,0.9527010302283678,0.8088111631761216,0.9377253379624284,0.8483782396901205,0.9635753483468394,0.992693106320925,0.9508971383859763,0.9791661049996256,0.9324854129452833,0.7567358838214964,0.9857705189045636,0.8169113144171272,0.8459397716860013,0.9493053971730236,0.8436003040827785,0.8658418182833449,0.8995766368965676,0.8091947986859855,0.8016608579382386,0.9508971383859763,0.8551620913384859,0.867873658879903,0.9250812961986936,0.9508971383859763,0.9375392388282306,0.9942907727414589,0.9596053879391779,0.9926931063209248,0.9848910203339206,0.8827042327454637,0.909642309670553,0.9006279533325665,0.9170021612446009,0.9529808977910947,0.9926931063209248,0.8191823016368889,0.9508971383859763,0.8706213787389917,0.9508971383859763,0.9596053879391779,0.9604370851087702,0.8615083264650415,0.9635753483468394,0.9778748351992477,0.9275075660376122,0.9702231371475841,0.9250812961986938,0.9508971383859763,0.858908534443626,0.9045768419588796,0.9866582051039576,0.9759790834075597,0.918079042897614,0.9559485503920393,0.9274978432118415,0.8344997581878779,0.9470913245351076,0.9713658331823796,0.8600166410692993,0.9470913245351076,0.9250812961986938,0.9559485503920393,0.8892155845940948,0.9470913245351076,0.9635753483468394,0.9859653849226515,0.9776371308016877,0.8892155845940948,0.9493053971730236,0.9262837350880506,0.9903766507571461,0.9698578908306779,0.918079042897614,0.9523391253205785,0.9521431744377841,0.9324854129452833,0.6558731078686428,0.831051537175049,0.9951836523298245,0.9250812961986938,0.9444775685014404,0.9484121620211806,0.9141754328202787,0.9113677351409677,0.9324854129452833,0.9525316455696202,0.9542136024350834,0.976307238282942,0.93518689541171,0.9798175375448483,0.9299638429727954,0.978266726045558,0.9692769377093196,0.9577431256853026,0.985690916651915,0.9287243013130129,0.9634765809802052,0.9654282935645837,0.9274978432118419,0.9845696735078289,0.9950927970641263,0.9262837350880508,0.9508971383859763,0.9439446294682724,0.9167698423523452,0.959016409305403,0.98242336314067,0.9881203672456804,0.9577431256853026,0.9873359374176983,0.9480699653228257,0.9337692322192535,0.9288789627504788,0.9778748351992479,0.9801945723164652,0.9550891792540367,0.9715952370991687,0.9418654668890594,0.9332002365151029,0.9493053971730236,0.9705563180187113,0.9926906475466957,0.9542136024350834,0.9776371308016878,0.9625401887784852,0.9299638429727948,0.9542136024350834,0.9404244238472441,0.933392488708745,0.8985516704373485,0.947752420917731,0.9477524209177313,0.9498850443770541,0.9363880304285925,0.9059407181827079,0.9736183137840247,0.8776702896694571,0.9363880304285923,0.9577431256853026,0.9339037414170344,0.9881361984083077,0.9525316455696202,0.9615452872130625,0.9611168424359666,0.9596053879391779,0.9372813723550044,0.9577431256853026
p215_I,0.797913023152844,0.9241869539894626,0.4595977999258446,0.9967379366027328,0.8388272306092,0.9982208564121751,0.9698100200580004,0.9540140892526199,0.6947940286765224,0.8737781800841438,0.8575835747899004,0.83360257911207,0.83360257911207,0.7890950549690028,0.8467405371350891,0.9208372036465446,0.9843261156522615,0.5978653768361908,0.9188536583074237,0.98568734720597,0.7016732329485866,0.8689847069638235,0.9386048295441269,0.8748900904594732,0.8060000090322552,0.7826074507426821,0.8470759643532819,0.7544522969545064,0.9856873472059702,0.8616872949487684,0.8472720529865785,0.8882786390335262,0.698988474762595,0.7424598513400256,0.8685974240625232,0.9900988548597919,0.7567358838214957,0.7793823544185217,0.8804415508981578,0.7247658270648496,0.7531610860196768,0.9098593258370475,0.9589610879075023,0.7806474145949802,0.92942605513267,0.5349408122677364,0.7378604117312431,0.7188108778750544,0.9054351602161334,0.836692729474388,0.9540204532200203,0.42629993518518383,0.7826074507426821,0.8138702669970947,0.8990421269577602,0.8031912387746843,0.8854356647698316,0.8388272306091986,0.9650074962766879,0.6646663548302376,0.701901054490021,0.7303374891107728,0.9649925901227855,0.7703149135501173,0.8612981558461015,0.7721989059218661,0.9473668255002388,0.7821320969911185,0.7724382843124973,0.8832310600312399,0.7576151233519344,0.7699331603526709,0.9281378109691689,0.5954162261406593,0.8388272306091986,0.5498124478107776,0.7685421777340039,0.9601172055556272,0.8338536684569,0.8447400695691349,0.9117157559872135,0.9714625338300327,0.9962792267552911,0.8043744343099004,0.8388272306091986,0.7464251633545955,0.9301302345765381,0.8832677964692262,0.9784182861098651,0.8336025791120698,0.8388272306091986,0.8523658765396676,0.7241064680630944,0.8481898823211189,0.8092614136659853,0.9088980657058989,0.7842500454845466,0.49392115678379733,0.4939763775599326,0.6732938971040521,0.9588777870024263,0.9766135065676136,0.7443900610442785,0.9744181460345016,0.8854275098287161,0.7407406669265033,0.6779786424532888,0.47245971912705054,0.824671020432908,0.6825569160813842,0.7892476089652621,0.8865312858464789,0.6462337260014752,0.991969731298336,0.7378604117312433,0.7086060734606547,0.9972302123065042,0.9030333503116557,0.8447400695691341,0.5921020442123313,0.8566146714812597,0.8737119442974125,0.7567561462942771,0.8685844267055685,0.8273198851403133,0.877406149692326,0.695340212868324,0.8456686822352353,0.9493117100236348,0.7892537524165004,0.6260956588338065,0.9599362530543546,0.8158831971272514,0.8804415508981573,0.9058737633085545,0.642364314426022,0.8461431449123475,0.8816250113137449,0.750141382940757,0.8285051677670636,0.432981603684238,0.7531912628431031,0.7853695892650736,0.7238697987774827,0.9413871669848817,0.7163320995816558,0.7588953749271437,0.5124872801244762,0.9506024935039543,0.6301581154376878,0.8651004299649283,0.7019010544900204,0.7253801651829515,0.8353662668796294,0.9868913603132672,0.8235608400569425,0.8671370535695342,0.6203908564183811,0.8426887498720437,0.9840528504330193,0.9434989184905224,0.864760892487307,0.8527954320428578,0.5914007732610735,0.5820642465163621,0.9321178078107539,0.8027652671903274,0.6330842933065948,0.9314594402290505,0.755484688498901,0.892916495785868,0.7035608972416705,0.9299175356920437,0.8385629765706462,0.8858692905046197,0.8684859095675341,0.9742785468640238,0.752310720351238,0.9692062635115404,0.8040721552219028,0.8140279621841304,0.8715123830219031,0.9366368515413204,0.8625298618399613,0.7518484079744694,0.778457123330515,0.5921020442123313,0.9140996796967527,0.8138702669970947,0.9895793431210863,0.9129765806675123,0.8009108107228164,0.44816360783757203,0.6401747470492782,0.8277566041887492,0.8388272306091986,0.844192254982888,0.889923455898105,0.736091531314222,0.5831224476496362,0.6894047007442037,0.978238992751526,0.8388272306091986,0.49266291577317123,0.5761688577937494,0.8737781800841435,0.8388272306091986,0.6715720101733436,0.7504890911494058,0.7350821250954325,0.6591944941657298,0.8559031273150439,0.9203844272957435,0.8388272306091986,0.8384164098855105,0.8388272306091985,0.7921156026709353,0.5397912589693417,0.47584433699620954,0.8388272306091986,0.9112119658436191,0.8388272306091986,0.6331217669300058,0.9593501450664064,0.7166347548368698,0.4869987292750617,0.9131632661895819,0.5421868839919406,0.8566623054005464,0.7211301413300408,0.919205971578733,0.9924497533844958,0.6869540677492396,0.8970081454372003,0.7830122900340037,0.8866085358410771,0.7508624330638409,0.5015915409160676,0.8695611273051677,0.9830770587519777,0.7311067605158577,0.8509737027889623,0.8104962975109378,0.8566623054005464,0.8388272306091986,0.9018238176745963,0.8388272306091986,0.970147873623959,0.8618642961796398,0.9211495461267734,0.8796953582226248,0.5294151906587197,0.8441922549828875,0.7273768837545143,0.6828903521873086,0.7635224343847948,0.988615979061509,0.5882481919657858,0.8497130258115504,0.8129816901697349,0.8129816901697349,0.6832104854863066,0.8336025791120698,0.8612981558461013,0.6677762854232188,0.8804415508981578,0.7116419197319954,0.8452082849275024,0.9268443942289719,0.9962464550801919,0.825370049927665,0.9211495461267734,0.6296716660654287,0.8320422243216155,0.6787398226815771,0.7407406669265033,0.6295228917144131,0.8232933925526191,0.9336037847402272,0.8595506091796264,0.7407406669265033,0.9883629550900213,0.6833665575449674,0.9637765273080219,0.6925698333822796,0.9552093602759869,0.7695855319202595,0.9170377011717988,0.5945354316555536,0.7209806300972044,0.896486012676323,0.9282111328653387,0.4569285449252922,0.974278546864024,0.7720249081928303,0.5535968817667054,0.447006328488708,0.975501500895569,0.9386559485878401,0.9281378109691689,0.9506024935039543,0.889923455898105,0.9144959184069918,0.5914007732610733,0.7965043834354666,0.8647608924873071,0.7021821604209391,0.7544522969545064,0.6353722826705572,0.9341964092502544,0.6801610579203734,0.9743966079582518,0.8133414757866738,0.7597991245981242,0.7922303064452489,0.9770095970867547,0.7301662893586212,0.9110812357914193,0.9370672569063977,0.7504890911494047,0.6966342934926968,0.8497130258115502,0.8388272306091986,0.8554077319402777,0.9544636389754206,0.9891165082163906,0.7407406669265033,0.9979359844619955,0.8192700281532358,0.8388272306091986,0.8552438717702334,0.8674107520354717,0.9232596065784796,0.7061448198245688,0.6269851968297067,0.8624035236679224,0.8554077319402793,0.6982852832124447,0.40260616358836243,0.9970245400158322,0.8186482473018313,0.609890048570525,0.8497130258115504,0.8025485185438213,0.46813431728238974,0.813870266997095,0.7349618763750034,0.9232596065784799,0.5118080287314841,0.957096812640996,0.5127078093497033,0.7921759038336902,0.8336025791120698,0.9962824405422077,0.9685354144771247,0.5686862844825926,0.5726438223162189,0.4114866126167671,0.8388272306091986,0.5641821037632904,0.8178664929805071,0.9700021254883793,0.8850596363388811,0.8737781800841435,0.6870584388312793,0.8388272306091986,0.8388272306091986,0.8235608400569419,0.9777721141333044,0.708329605775596,0.8388272306091985,0.9483842914986946,0.8983676175158462,0.8371477580902834,0.4975063404020077,0.4353559014315851,0.8337006414042474,0.9475154720610817,0.8438740746563685,0.4124648140125605,0.5088178996751336,0.8388272306091986,0.4484466015654922,0.9503459814762187,0.572275974110541,0.5936149859411413,0.716164181231056,0.9103679125508228,0.8964860126763229,0.5454529243747579,0.8388272306091986,0.46163499761763394,0.9649925901227854,0.9365243506389207,0.7556664783619937,0.8748900904594734,0.4313690792295596,0.8865741939597607,0.8388272306091986,0.6871712265544665,0.5091401097607435,0.8388272306091986,0.9052609792289017,0.6953001152542306,0.46852616848124296,0.413967279388721,0.5656420180852642,0.8388272306091986,0.9720998608712796,0.7680610187675201,0.8995856440760841,0.9282032138947525,0.7656105198951668,0.9230830238183765,0.7456642284961945,0.7753620470327043,0.706135291542227,0.8305661023142834,0.6397347348162601,0.817785558314079,0.5886276361750151,0.9441115490136129,0.40461627962473434,0.8197566279957782,0.7172704758475096,0.9420471392923734,0.8388272306091986,0.9900988548597919,0.7028469630171184,0.8092691648659942,0.8860823482957816,0.9230632945815574,0.8285051677670636,0.7653471636780427,0.9409228966810117,0.8566623054005469,0.8832169824813323,0.8039304479509244,0.8194098423840849,0.4948605810995218,0.9247137231101579,0.9030333503116559,0.5537124462890806,0.8737781800841438,0.9186473786024711,0.9647397534718352,0.7932739919536114,0.8187634423489135,0.9110812357914191,0.7865504250886126,0.7740416654066775,0.9505578956931237,0.9268443942289719,0.74343154542655,0.641964397718263,0.8814381460005662,0.756801255295011,0.7665317431279957,0.8438717124488372,0.8053285913279875,0.8351470532497562,0.8348155329129181,0.7620225581106217,0.899362343902217,0.7636444720729907,0.659769776494137,0.9843261156522616,0.748406690009046,0.8750381000554921,0.7540906054367917,0.9239956931151624,0.8439204822417881,0.40363434180270885,0.9117157559872138,0.5666566128287722,0.9239956931151623,0.86186429617964,0.8089076284800767,0.9916613732433704,0.8750135632959388,0.6582509870980282,0.8652547116268402,0.8179932257193163,0.8674107520354717,0.9997647479471945,0.754866046846508,0.8654261869221105,0.9699353499283898,0.8470759643532818,0.8745259946130781,0.9211495461267734,0.8674107520354715,0.8543547149475728,0.5113489814379804,0.7635490440873435,0.7903427454253444,0.7324881799695622,0.5445476937326403,0.9137149305654867,0.8784237330487583,0.575349979790396,0.8388272306091986,0.76294781546019,0.8388272306091986,0.8388272306091986,0.6079210763698246,0.7955927737497697,0.9627849644206099,0.8388272306091986,0.42118957063283013,0.5120610276348709,0.7698714217829525,0.8953873843325035,0.4948769614031887,0.4926672119044868,0.8893414624280604,0.8842772105743222,0.5326048931780201,0.9258400868430703,0.909885673940581,0.8612981558461013,0.7980615682684662,0.6404247426819143,0.5710659236371467,0.790417593790606,0.9258400868430701,0.8285051677670634,0.8652918684171187,0.9296170701540485,0.7249745414315013,0.7061352915422269,0.9607400260234016,0.8799089699616287,0.9331873658276161,0.8419494125600889,0.753794990411861,0.6530683746410489,0.7198804187326961,0.7955927737497688,0.7665675601779391,0.8497130258115502,0.8296877053467195,0.7874337192980824,0.8697737792934509,0.5886197804325313,0.6964935000023011,0.8882786390335264,0.8326675669552456,0.8235236725291668,0.9384884899430423,0.6872431607963683,0.9349791590648004,0.5339636921595905,0.7802132716678216,0.9232596065784798,0.37645464937188144,0.5399926375885777,0.9018238176745963,0.5022780170269623,0.8438740746563687,0.9412165844423916,0.8285146807614465,0.8388272306091986,0.7172704758475096,0.793631033858849,0.9281378109691689,0.7825017207088942,0.8296877053467189,0.9129765806675125,0.7586066761590748,0.6575752433282,0.8177855583140792,0.5607439286170861,0.7531912628431041,0.5396974390931722,0.8348155329129179,0.7801467372269424,0.8285051677670636,0.8722441670724503,0.8427914871583841,0.842481965546092,0.9951959541874679,0.7122739521746349,0.7274029534213529,0.5638488670223218,0.7535288115873731,0.6967125880912146,0.5440500598530678,0.5822857838326565,0.9964586690195034,0.873778180084144,0.8000490890639189,0.8441922549828873,0.0,0.6912645324713005,0.6600852665089261,0.8336025791120698,0.5433203568443148,0.42011789709832437,0.9589610879075023,0.8921196291440774,0.9766135065676134,0.9840842598990851,0.7166347548368699,0.6999069659219302,0.8270420984953606,0.8543547149475731,0.8492929518018972,0.896940146655181,0.6525163132584455,0.9493117100236348,0.7830122900340042,0.9589610879075023,0.8388272306091986,0.8025485185438213,0.6582147534439056,0.7496303146933174,0.7065718111546988,0.8388272306091985,0.7078274832584934,0.5297548768881424,0.9176534254021267,0.8371477580902835,0.544702366658379,0.6396165017071797,0.8241444276439311,0.8449707519194782,0.9230632945815574,0.8996740611594514,0.5399699326543903,0.533469021599233,0.76294781546019,0.6068711835177136,0.8631947293087254,0.9916613732433704,0.9249300668513345,0.805480301064461,0.9888104103134967,0.777294905364172,0.7662205325597893,0.8194098423840847,0.7809503033135784,0.9579080044224919,0.9576397131504975,0.45530027236030823,0.9030333503116561,0.8388272306091997,0.8799089699616287,0.45677476550744245,0.5656420180852642,0.8336025791120698,0.8487541042204979,0.8235236725291661,0.8336025791120698,0.8336025791120698,0.842607630013019,0.8388272306091986,0.8235236725291664,0.7598809782022387,0.8388272306091986,0.7815951709705525,0.9785751520346815,0.8674107520354712,0.706135291542227,0.9637765273080219,0.9055879259360589,0.8336025791120698,0.44064692374223824,0.7053808891966775,0.795592773749769,0.671686806570428,0.8388272306091986,0.8230471274454105,0.9766135065676136,0.8765288524002925,0.6013938614343237,0.7604203456173402,0.8476084617550557,0.9976814323658167,0.8000490890639191,0.9830770587519779,0.8798658031392225,0.7741602544976014,0.8280184136835957,0.7781236596940893,0.9325215478625362,0.7314905414220481,0.8063167594070366,0.974278546864024,0.8687281733447625,0.7378604117312433,0.7505128849493499,0.5668332295321712,0.8388272306091986,0.8685974240625229,0.5026032834144003,0.9110812357914193,0.639598853077983,0.7647258735738939,0.8063167594070367,0.6800041225194142,0.8285051677670636,0.5675087554233043,0.5338897820889361,0.8388272306091986,0.8388272306091986,0.8041100907929981,0.9698498981563923,0.817430468721009,0.5701422535928906,0.5775764393630842,0.6483961063930177,0.4124771185424193,0.5833187675783331,0.9735004742101094,0.6273702782615524,0.8388272306091986,0.839775451949228,0.7172704758475096,0.8804415508981578,0.484594059017475,0.7407406669265033,0.5174375699591103,0.8388272306091986,0.8388272306091986,0.5764197520899677,0.7443900610442784,0.5254644357580274,0.6429890161967304,0.5503687120224519,0.6502381208370352,0.9016110634666046,0.8389302236718785,0.6486900066457115,0.6973629718145262,0.8388272306091985,0.9200112880802831,0.6040270884386549,0.818131554774667,0.8674107520354715,0.7827558202350184,0.9874927769472461,0.9398894211018272,0.9444744104750035,0.8441922549828875,0.49524197962430494,0.8388272306091986,0.6350562545020135,0.9763058906768334,0.6807626054757945,0.866803900640242,0.5421681663326696,0.8138702669970943,0.716169561802978,0.6665659279422271,0.8612981558461013,0.9791213834276247,0.562981635543188,0.9058737633085545,0.8651004299649285,0.8994406225804021,0.7826074507426821,0.5883919454177433,0.8554077319402789,0.8336025791120698,0.7724915154839471,0.9811187224635325,0.803717304278996,0.8732312224892784,0.8804415508981576,0.9587759493473789,0.8804415508981576,0.8804415508981576,0.7647906474201847,0.7665675601779391,0.6871712265544665,0.8388272306091997,0.8277973742576535,0.8187634423489139,0.8799089699616285,0.6790868959454404,0.672190514877286,0.83360257911207,0.8631947293087257,0.6966542395674304,0.8441922549828877,0.6234281624906661,0.7980615682684662,0.7155012242515213,0.6517111942675293,0.8388272306091986,0.8196352034885155,0.9825516086708621,0.6017712134959607,0.8737781800841438,0.9501724342195408,0.8386701033104875,0.7675933998537452,0.8388272306091986,0.5607439286170859,0.41519217021608334,0.7912032625956167,0.5647197808866016,0.6218429117148956,0.5753991678031403,0.7172704758475096,0.5145299570639206,0.8649666879670967,0.9779200032247553,0.6229571938767546,0.7694578498220602,0.6941779784376543,0.92325960657848,0.8661132668060985,0.8337006414042472,0.7947549900187304,0.9054351602161335,0.5155740378343106,0.6912645324713005,0.43420983593789997,0.8388272306091991,0.8336025791120698,0.5940062042360188,0.6966948906190784,0.7081787062311007,0.5467344528099074,0.4709700080695347,0.8388272306091986,0.5336219773419835,0.5552206603455807,0.6229807496620188,0.8388272306091986,0.654326199517969,0.8597762340744507,0.7407406669265033,0.7955927737497692,0.8336025791120698,0.6093792229802435,0.8284983524035068,0.615887408962104,0.9299175356920437,0.8554232120265197,0.841949412560089,0.4241569558724292,0.8388272306091986,0.857779652978645,0.8388272306091986,0.8674107520354715,0.8475890751228307,0.6487232881123979,0.8804415508981578,0.888246249211556,0.6615953266404682,0.7339998664230603,0.8929164957858677,0.8388272306091986,0.7743378360921568,0.5370265030791845,0.6696296228861234,0.9112091741435469,0.8037173042789958,0.9473668255002388,0.8756670886665621,0.9895793431210864,0.7544522969545062,0.6600852665089247,0.47097000806953504,0.7544522969545062,0.7475664786422569,0.7830122900340041,0.4628102401853268,0.7544522969545062,0.8804415508981578,0.8743892540643303,0.9055879259360593,0.7472806507244631,0.9060518763369093,0.9893887213489112,0.9951959541874675,0.820327392948812,0.6874233204777095,0.8439204822417876,0.7465601855141373,0.8009771734130315,0.83360257911207,0.8296877053467191,0.7012691016125707,0.685273614152138,0.7550815117379539,0.7249985562515464,0.7387982102537269,0.7055408538521771,0.8151004936404916,0.8441922549828875,0.7378604117312433,0.7748075497745255,0.955284291174268,0.9888104103134967,0.813484768361659,0.8052141450708925,0.7830122900340041,0.7287883583062165,0.8392584794302456,0.7660482226484899,0.9723313920999894,0.7782566435564253,0.91829183610454,0.965157215804664,0.830621940401244,0.8421651726388943,0.7741602544976015,0.7235390789536724,0.6854536856019582,0.7255654156442037,0.7015302244358868,0.9517878040492062,0.8954576130000751,0.997155924110193,0.8933910673600276,0.7826074507426821,0.9058737633085545,0.8018198671765697,0.9723776734932787,0.8008667804638399,0.903353360689237,0.6781497209498777,0.8470287320230061,0.8192700281532358,0.9638150124779314,0.9865125171924933,0.9131632661895819,0.7874337192980811,0.6556259665294553,0.7701168320027247,0.8330357722982913,0.9820944438522231,0.7535288115873728,0.9730586339982115,0.9411337183009956,0.8617663182646214,0.7476756278988688,0.9239956931151627,0.7121508261193612,0.881438146000566,0.5529666235665982,0.7341283302556831,0.7287883583062165,0.6765536179119616,0.8865312858464788,0.9669835968892309,0.9110812357914191,0.7786019983769761,0.9030333503116557,0.9344691784905841,0.76294781546019
p215_L,0.8426440048708779,0.9216948386036188,0.814017245544506,0.9864598200285577,0.6327932917807777,0.9278239868212361,0.9799307809669431,0.9598185393632291,0.9082922466984111,0.9238013891436974,0.9485451227422387,0.7243247745921056,0.6867120377371949,0.9055450095968043,0.9740934121988503,0.924322356272117,0.9648472157143733,0.8985975567963893,0.9410875626877445,0.9238013891436974,0.909224298289043,0.9146756363968285,0.9708590380088877,0.9857705189045636,0.8792920141466944,0.9820630344910946,0.9648472157143733,0.7779935696307083,0.9723047356695362,0.918281329058364,0.9948930575999828,0.7881055549967797,0.9253641867456626,0.974743355552526,0.6327932917807779,0.987405892261038,0.9458556185436358,0.9602082688150357,0.9278239868212359,0.9543121222425925,0.8295844697893859,0.9926689270744569,0.919033318549464,0.7223215837392949,0.928076972029101,0.7793253930554531,0.9505241704836669,0.8985152807152272,0.8662187967802515,0.7178436538869117,0.9127113681766137,0.7837971216162227,0.9820630344910946,0.9557539823910066,0.9701035670462173,0.9215435437152564,0.8637059334028956,0.9027019168030597,0.8967267978059827,0.8964706102804103,0.9461818699625596,0.9428163151462243,0.9284324089745184,0.8072801833126309,0.9162673470024436,0.7540386957765053,0.9554518077232719,0.9985075821215166,0.959307326749892,0.9662757781656686,0.9291853939851251,0.8955832386010318,0.9424631527248861,0.7650245457521264,0.9027019168030597,0.7825121459579749,0.9146756363968283,0.8848055194072817,0.876796681198773,0.9278239868212361,0.9485451227422387,0.9717510531577929,0.9430481070778809,0.8627236257785784,0.9027019168030597,0.9194783163486806,0.9220737026051957,0.954845726799172,0.8798752971391495,0.8995478568587885,0.9027019168030597,0.8778543956220399,0.7803602890716941,0.894912000729236,0.9992361147000013,0.9666695671111549,0.8937456913600639,0.8053281804939989,0.6300047742580555,0.7521871403079912,0.950462348871437,0.9505241704836669,0.9414106494210732,0.8852487685871864,0.8868757850544169,0.9199574485923747,0.8929365162866223,0.6201301719496393,0.8645904004850736,0.7760441817813624,0.8802004552898299,0.8713396701567189,0.5965738127185181,0.8505579307181192,0.9092735418441047,0.6340671558465936,0.9557539823910066,0.9199574485923747,0.9278239868212361,0.68272369172143,0.7964039769007353,0.821577072950012,0.9753361086597814,0.9773955008523827,0.9582672611526475,0.80209287664025,0.9059407181827079,0.9125301217359769,0.9876139325764797,0.7842991414316781,0.875264511056528,0.9505241704836671,0.9554518077232719,0.816938188796597,0.8934633408766894,0.8460339214949488,0.8729729359894004,0.9554518077232719,0.9127113681766137,0.9696933196761031,0.7767625438275558,0.9238013891436971,0.8396646862034898,0.8508186816491077,0.930003521848052,0.9290130221267929,0.8197685656284426,0.7372004999965187,0.8988656686535057,0.7803999549518672,0.9723047356695362,0.665649570082359,0.8338441428621897,0.8327482438090523,0.9981922472699298,0.9282301104742863,0.984140074801454,0.9102500073981143,0.9252019334282271,0.862675186278854,0.8656599935128615,0.9505241704836669,0.9356707151118058,0.7424794094751991,0.8470713563926691,0.8654110063376459,0.9683153427482921,0.896497329219651,0.9992361147000013,0.7624922713563843,0.9055450095968045,0.8995478568587885,0.9504623488714368,0.9845223690087308,0.8980824107993682,0.9844816559465988,0.9662757781656683,0.978502332033967,0.9785871744260106,0.9271503083619277,0.9532337389086787,0.9835206818906611,0.9627812356600216,0.9123884588666584,0.9702564033688809,0.9200592494410142,0.7011350623455896,0.9847475097223124,0.9420685862468299,0.9086236786089272,0.8964706102804105,0.9082922466984112,0.8300962841292987,0.7701918466063737,0.969559561619243,0.9027019168030597,0.9743145807345086,0.9204726162303584,0.8760460886862911,0.9814050448080704,0.9842496457512631,0.950001195721569,0.9027019168030597,0.8627065355734509,0.7369023504255028,0.9723047356695362,0.9027019168030597,0.9586550352029916,0.9859143456282597,0.9075489346049833,0.9619078786250497,0.841074875504914,0.8995478568587885,0.9027019168030597,0.9985075821215167,0.9027019168030597,0.7192978922254557,0.8842772105743217,0.8593526052055175,0.9027019168030597,0.8271388468732179,0.9027019168030597,0.7906250128338854,0.9636710733906704,0.8908821080541922,0.7819505809115688,0.9505241704836669,0.6910003499531083,0.8964706102804101,0.9080208724124175,0.9473257685964236,0.9603073634107069,0.7814062470113449,0.8705695323486151,0.9127113681766137,0.9411059021731607,0.9132322522038856,0.8364350703060386,0.9350285779982757,0.9636818533225946,0.9888837538471673,0.9994608468667848,0.8626751862788542,0.9330819649782571,0.9027019168030597,0.6160049627791572,0.9027019168030597,0.8538450075517834,0.9384799527980219,0.9981922472699296,0.8823144159937879,0.6743939391452627,0.9743145807345087,0.7405464109754052,0.9113067123177234,0.8590365055651026,0.9514652625474735,0.7265793850282594,0.9669745722372084,0.8894412990712002,0.8894412990712002,0.7481158217726723,0.8995478568587885,0.9060691392655615,0.8964074133867741,0.9278239868212359,0.9197760771895612,0.9024090932456401,0.8713396701567193,0.9592706344751648,0.916786973191366,0.8735864340900967,0.7163323384237368,0.82050772268218,0.7942009150036771,0.9199574485923747,0.6726078434134057,0.9351931203714345,0.9048113045350052,0.9394688166109708,0.9199574485923747,0.8320285942972796,0.7640768333575862,0.994900896131559,0.8937604153275938,0.8515474244094852,0.9505241704836669,0.8966129881495928,0.7814309418264812,0.9330819649782569,0.9092735418441047,0.9669745722372084,0.7310872806675949,0.9199574485923749,0.8846002484712071,0.9861131747161864,0.801028016285591,0.8368678581716984,0.9662757781656686,0.9414106494210732,0.9249476804218122,0.8964706102804108,0.9981922472699298,0.7089865546760993,0.7740736288169291,0.9505241704836671,0.9249476804218122,0.8544068747803463,0.7477769748976519,0.8134330692565356,0.7310268639433719,0.9895568531759695,0.9353731570717398,0.9488507039904708,0.8920208989559335,0.9238013891436971,0.9082922466984114,0.9238013891436974,0.9731697328455183,0.8095010419562505,0.8745585735770725,0.9257239435976459,0.9027019168030597,0.9590673131834122,0.8820650675489385,0.9284324089745184,0.9199574485923747,0.9504850176985602,0.8995478568587885,0.9027019168030597,0.9433214104887524,0.8484509035411572,0.9700808834258969,0.9498700207802611,0.781230165566794,0.9048113045350052,0.8735864340900966,0.7461062377503507,0.7584922955628315,0.9926491931691896,0.9950523508844094,0.76592155115469,0.9505241704836671,0.895039365442585,0.8250837392345685,0.9898131261783945,0.9532364135453821,0.9788715516976696,0.6680046785037078,0.8705695323486151,0.6779560393487581,0.8934633408766897,0.9371605937136991,0.9825178958984895,0.801028016285591,0.6637945869395958,0.677646104028965,0.7378062904191287,0.9027019168030597,0.7525957389916742,0.8487592724462174,0.9258909271026612,0.9967324534170479,0.930688571278786,0.8692578551242024,0.9027019168030597,0.9027019168030597,0.8988656686535058,0.9542850744905716,0.8224870902746919,0.9027019168030597,0.9723047356695362,0.9027019168030599,0.8785462170031447,0.8030927455898655,0.6703233580637605,0.9801193820390868,0.9086236786089275,0.9799759007960187,0.765339298252008,0.7335993815733616,0.9027019168030597,0.8126245319591052,0.9418243114872844,0.7304038232250718,0.7749609870200556,0.9633172814668749,0.9034777612928437,0.9092735418441047,0.6897406414571043,0.9027019168030597,0.762039046625026,0.9223933301348367,0.970256403368881,0.9456334098812126,0.8944847800126531,0.7976617513080742,0.890520104676289,0.9027019168030597,0.8277307440056662,0.8206498621125353,0.9027019168030597,0.7085211013854398,0.8426440048708776,0.7504899141924715,0.7308427312244516,0.7257329820756491,0.9027019168030597,0.9426990963605137,0.92830866709656,0.994900896131559,0.9148398629299053,0.8493824369368533,0.989172555206631,0.8426262685489437,0.8446871587090532,0.9092735418441047,0.7076404376458334,0.9075489346049833,0.9080208724124175,0.8468306730952744,0.8911435570667202,0.8291806923780101,0.9977218791928772,0.9127113681766137,0.9582672611526475,0.9027019168030597,0.987405892261038,0.8341377178323208,0.9697339322440606,0.7485658933216628,0.9182141149920251,0.9330819649782565,0.8480519457123075,0.9458556185436358,0.8964706102804103,0.9847951341175696,0.9811718853428998,0.9898131261783945,0.8480491423873207,0.9077364421329468,0.987405892261038,0.8126075677583111,0.6396684921237532,0.9898131261783945,0.9708590380088877,0.7453088135777427,0.9146756363968283,0.9723047356695362,0.8171299831173162,0.8798779764968925,0.9519132041712031,0.9016719843861534,0.9473257685964238,0.8820650675489388,0.8432226863185213,0.9226564439505707,0.9634101886499156,0.8408871827456954,0.8739518939582047,0.9250683789663096,0.7485658933216632,0.9773955008523827,0.7988574246470284,0.8212558284612823,0.8874426288833834,0.9637689094479429,0.9501275697112855,0.8752793492650845,0.7704694792792818,0.9973895362654066,0.9080208724124175,0.7354896243452609,0.915215251172143,0.8244357405110427,0.9100322320041923,0.9132780522734489,0.8879526690797095,0.9917747991232293,0.9527995052627671,0.7959504857363406,0.9452296953714696,0.724329800675515,0.8947692331144508,0.8082089848441989,0.9519132041712031,0.9504850176985602,0.9927665149203766,0.963768909447943,0.8934633408766899,0.9163268736367545,0.9199574485923747,0.9671816160523485,0.7687776678823156,0.8331840572920641,0.8995478568587885,0.8995478568587885,0.7400074199049993,0.9636710733906702,0.9291552782955317,0.8315073729380613,0.9027019168030597,0.9162673470024438,0.9027019168030597,0.9027019168030597,0.6841862644049405,0.8766017896141824,0.8966129881495928,0.9027019168030597,0.893575967907529,0.8205743196862715,0.9636818533225946,0.973759618173332,0.8327482438090521,0.7959897744477717,0.9537292699251072,0.8364350703060379,0.6735816209802802,0.890520104676289,0.8444999298453831,0.9162673470024438,0.9517647885373739,0.8938393798507513,0.7453492901417516,0.8563358498618108,0.9352594849768439,0.9570839709282044,0.9032332074330198,0.9949008961315589,0.8665259651947386,0.9092735418441047,0.9217311830532826,0.954723834804791,0.9623366128450224,0.8766017896141822,0.7163323384237361,0.9359704800379012,0.9695595616192431,0.6521119684122896,0.9950647019123147,0.7607214290393964,0.9473257685964236,0.9458556185436358,0.8853068944247944,0.6132013992552342,0.8691988852300536,0.9981922472699298,0.8729153679892483,0.8934633408766901,0.8912185997457036,0.8096568063395766,0.9876139325764797,0.7137986251393813,0.8868600994557603,0.9788715516976696,0.7288317588756309,0.6877331744583415,0.9276950647918394,0.7743206006490873,0.8820255041972334,0.871281626699884,0.8413089886907477,0.9027019168030597,0.9127113681766137,0.9927665149203768,0.8650456874888591,0.8271388468732179,0.8241233060064096,0.9936953256260505,0.9430481070778809,0.7803602890716941,0.9977218791928772,0.7032284805117286,0.9238013891436974,0.7546037556968199,0.8485555080319509,0.7067572550232473,0.8964706102804103,0.8655713208380971,0.7959504857363409,0.9636818533225946,0.9356707151118058,0.8954682796854875,0.9292804555139437,0.7214885839634548,0.7749607255123432,0.8966129881495928,0.7005958438369029,0.7713536258609022,0.939470174504714,0.9238013891436974,0.8792920141466944,0.9059407181827079,0.6912645324713005,0.0,0.7947975198038113,0.8995478568587885,0.7595666426891339,0.76592155115469,0.9278239868212361,0.992534902399377,0.7194708003998334,0.9775161675601629,0.9672954132038305,0.8713396701567191,0.826272083832617,0.9117587329570798,0.8005610041430157,0.9955175993872472,0.8848055194072812,0.7619375114470162,0.9554518077232719,0.9788715516976696,0.9027019168030597,0.8429524538406294,0.8176559211110708,0.8990672967133668,0.873194679779312,0.9027019168030597,0.9592769327710864,0.8007061540031768,0.7357826450524092,0.8515474244094852,0.8157507865486251,0.8991334456478846,0.9257672139915858,0.861412686314396,0.9182141149920253,0.969559561619243,0.7632111426276531,0.8752793492650845,0.9162673470024438,0.8820650675489388,0.8637059334028956,0.9917747991232293,0.9384799527980219,0.9278239868212359,0.9678021884284396,0.9696933196761031,0.9278239868212361,0.887635694816231,0.950462348871437,0.9414106494210732,0.85648500091199,0.7988876253130304,0.8947692331144511,0.8263369548708457,0.8894235704056002,0.7459723628266626,0.6922401272765495,0.9371605937136991,0.9127113681766141,0.9994608468667846,0.9371605937136991,0.8995478568587885,0.9992131886464963,0.9027019168030597,0.9280769720291011,0.9655943695052818,0.9027019168030597,0.9048113045350052,0.8964281891181876,0.755814244394571,0.9092735418441047,0.8616532608325627,0.8944847800126532,0.8995478568587885,0.7929419588014832,0.903660139211346,0.8720455479999358,0.8110759016143857,0.9027019168030597,0.8929365162866223,0.9505241704836669,0.9665301256886063,0.7286692049444832,0.8481595002027027,0.9874058922610378,0.9743145807345088,0.9606344949981607,0.9103086440545414,0.8792920141466944,0.9801193820390868,0.8628742512243035,0.9291853939851253,0.9948930575999828,0.8700702900218327,0.9181353909773777,0.9199574485923749,0.9543121222425925,0.9505241704836671,0.989172555206631,0.6312054132769991,0.9027019168030597,0.9801193820390868,0.835076226598509,0.9238013891436974,0.8117405671472415,0.9648472157143733,0.9514652625474735,0.7711638938619024,0.9330819649782565,0.83408289501712,0.6978485776463297,0.9027019168030597,0.9027019168030597,0.9151482017886459,0.9187719869627351,0.9276950647918392,0.9135163016990179,0.6913152155111721,0.7985797059172526,0.7812720595012719,0.6812403849365365,0.9016719843861534,0.767007421069372,0.9027019168030597,0.8985152807152272,0.9127113681766137,0.9278239868212359,0.7457573645989339,0.9199574485923747,0.8563090039643239,0.9027019168030597,0.9027019168030597,0.6858170435190505,0.9414106494210732,0.7032121900854374,0.8820255041972334,0.8178564501940144,0.8518887562661408,0.8538184918489043,0.9188016156964056,0.9516870547899625,0.8040649827540063,0.9027019168030597,0.8376723506997306,0.7042530878368769,0.9857705189045634,0.9199574485923749,0.9488741238632554,0.9972556975591302,0.8771998465244932,0.8679755583031024,0.6549953778470861,0.8224870902746919,0.9027019168030597,0.6963018814216241,0.9452296953714696,0.9250683789663096,0.8920208989559335,0.7987947054509972,0.8058320110972781,0.7879830974673314,0.8109442455852438,0.9060691392655614,0.9465120340101439,0.8719783015138539,0.856693097191417,0.9723047356695362,0.7164718940919628,0.9522281823129654,0.7501135451381479,0.9163268736367542,0.8995478568587885,0.7660999969484287,0.9215435437152566,0.9384799527980217,0.7774858454913722,0.7148430590437305,0.9384799527980219,0.9700808834258972,0.9788715516976694,0.8592500689274885,0.9687165782506401,0.7840531310342947,0.9811718853428997,0.9238013891436971,0.9146756363968285,0.82412330600641,0.8173406543858521,0.8905201046762896,0.8371629851568374,0.7314307944105772,0.904616428351682,0.9458556185436358,0.8055398865968624,0.8937269373258911,0.791303392890164,0.7955089620726417,0.9027019168030597,0.8352962955703507,0.9801193820390868,0.8201260908776805,0.9238013891436974,0.9623366128450226,0.9048113045350052,0.9253238313395935,0.9027019168030597,0.8038753790267059,0.7456212627686662,0.9717510531577931,0.7171146126542067,0.8681085422478803,0.7670074210693718,0.9127113681766137,0.7772270343516821,0.8158750632402931,0.9470953094850882,0.7718741959378537,0.9394399552106525,0.7703895601276132,0.9788715516976696,0.9394399552106525,0.9801193820390868,0.9159048123846258,0.9543121222425925,0.6419643977182623,0.8820650675489388,0.7889139112321302,0.980119382039087,0.9371605937136991,0.7018688044233453,0.8085437732024463,0.8446871587090532,0.7304038232250716,0.7070548332754668,0.9027019168030597,0.722984254734592,0.7756395770190927,0.9055450095968045,0.9027019168030597,0.8142645421463314,0.9253641867456623,0.9199574485923747,0.9394399552106527,0.8995478568587885,0.8662868494703393,0.7433842170660625,0.9130392725968739,0.950462348871437,0.8901976887409979,0.9708590380088877,0.7599640528563534,0.9027019168030597,0.9678021884284396,0.9027019168030597,0.9662757781656683,0.9933890030908337,0.8127808658118236,0.9278239868212359,0.9430481070778807,0.9769293930688981,0.8111669741565659,0.8785462170031448,0.9027019168030597,0.8879849941890305,0.6608958966870275,0.858155467081299,0.9117587329570795,0.8628742512243037,0.9554518077232719,0.8563358498618108,0.8812768771799535,0.9562912816465309,0.7341165846133876,0.7737661165130452,0.9562912816465309,0.8785462170031448,0.9554518077232719,0.801028016285591,0.9562912816465309,0.9278239868212359,0.9582672611526475,0.934399680373581,0.8626751862788542,0.9371605937136991,0.9906640828958488,0.8739518939582047,0.9519132041712033,0.8628742512243037,0.8092073824034665,0.915148201788646,0.9575945522950665,0.9123884588666585,0.8820255041972334,0.9049201905195197,0.8785462170031448,0.8567770643879917,0.9371430611334822,0.9978574698710138,0.8481595002027029,0.9543121222425925,0.9743145807345088,0.9092735418441047,0.9473344506106751,0.9014261245900665,0.9393062642835558,0.9752059632817929,0.8535768966573543,0.9127113681766137,0.9162673470024438,0.9919975804113912,0.9164818738668178,0.9714021118610541,0.77150513537785,0.8563358498618108,0.9718422625075005,0.9433214104887524,0.9633172814668751,0.9801193820390868,0.7887527722747816,0.8853200366092293,0.9813488436149447,0.7412309365126741,0.8916812714831026,0.9504850176985603,0.9226564439505707,0.9391503799167866,0.9881021133307764,0.9291552782955315,0.9711421108889413,0.9696769519198195,0.947375225204339,0.8943409369356037,0.9181353909773777,0.9856280690302484,0.9876139325764797,0.8984073104123331,0.9666794777011314,0.9092735418441045,0.9059407181827079,0.7835733668301664,0.9678021884284395,0.9092735418441047,0.9512288052731837,0.8685856624849607,0.9746080361412672,0.9330819649782569,0.9330819649782569,0.8186498526772383,0.971751053157793,0.8592500689274887,0.9917747991232293,0.7711472987162867,0.9048113045350052,0.9162673470024438,0.7769425751209149,0.9623366128450224,0.9857705189045634,0.9238013891436974,0.952383303741357,0.9199574485923747,0.9078084801767554,0.9162673470024438
p215_T,0.9318079818170142,0.9082541747635318,0.7718067781551368,0.8618948557210497,0.9655358493300292,0.9205349146293753,0.9431993739690144,0.9758679315609471,0.6201084994929775,0.916106073886044,0.9044537215424595,0.9953073669805033,0.9953073669805033,0.8365551646144354,0.8796633190751932,0.836678271504613,0.9497014469643541,0.855509019935889,0.9553459570547012,0.9161060738860443,0.8017951474918701,0.8701112326985443,0.9526048267509268,0.896441649651688,0.8671016868583243,0.500457121031271,0.8827041791382022,0.9371658183994891,0.9161060738860443,0.9157227773033219,0.5339676952367952,0.9757619342112606,0.8794637048361451,0.6089848754072738,0.9292058051524481,0.9118739328932484,0.8964416496516878,0.912166584917486,0.9205349146293753,0.8527082022594992,0.7878173646451985,0.9152829631513328,0.9205349146293751,0.9090438896657036,0.8827041791382022,0.6950597120813968,0.9001110559421444,0.5983002819714994,0.8527082022594996,0.9715210997591821,0.9038960691476481,0.7334037629203214,0.500457121031271,0.5483208161779332,0.9775723450801679,0.9042249983725679,0.8499415642309929,0.525843532183836,0.9056913953749998,0.8860151533715293,0.6276639988875621,0.8527272226147928,0.9675149084633379,0.8506183652136987,0.9078111670939806,0.7916358022402921,0.9038960691476479,0.805820454661699,0.9977395569062997,0.9118739328932486,0.8339559652714779,0.8802681711979428,0.889143973959648,0.7688927033051993,0.525843532183836,0.7605479974944296,0.8701112326985441,0.873172002284847,0.6825806936530312,0.9205349146293753,0.873172002284847,0.8901853371445987,0.7336155400335034,0.8555090199358888,0.525843532183836,0.8262903628126801,0.8701112326985441,0.8452268310641657,0.9381594359292083,0.5457744538628025,0.525843532183836,0.7718067781551381,0.660124649658655,0.7239697953685844,0.6808803389276955,0.6193887207768023,0.7672887431581876,0.7822928269864629,0.7567161964793768,0.7919031318200735,0.8499415642309931,0.9001110559421437,0.8928757609748676,0.7179344362344287,0.9298180957821303,0.9118739328932484,0.804246094096486,0.7378843938231372,0.9526141260519432,0.7459591338966872,0.7567377547290821,0.9437513278182452,0.8864475415459974,0.8315670489441334,0.9001110559421444,0.8175576055628377,0.9402203517669749,0.9553459570547012,0.9205349146293751,0.6945464346488313,0.9553971960870309,0.7583094792012608,0.8671016868583243,0.9458613626737733,0.8835104920677508,0.8903572218086139,0.8964416496516878,0.8738260840721528,0.9340898362261588,0.8212788440155336,0.6859060689915295,0.9388267942128119,0.9038960691476481,0.9205349146293751,0.8827041791382024,0.6737543655590623,0.9132680404287308,0.9038960691476476,0.9440100680280119,0.5642000126171933,0.6037445389046006,0.916106073886044,0.7916358022402922,0.8200680669365377,0.7627905064810561,0.5974353385272332,0.9951426836672741,0.7361684174124186,0.9353881090748284,0.8222122527510614,0.916106073886044,0.9773960163113153,0.7477170374084543,0.853981677092808,0.9038960691476479,0.5960924189716389,0.7786270312675843,0.8187997638878763,0.9398420220233933,0.9331097594317861,0.9400549757720786,0.9001110559421437,0.9191484075869396,0.8669961354666821,0.8451211616250578,0.8237753987296021,0.804016529250394,0.8087510315013653,0.9499732533316505,0.9409669977890662,0.9860669976392635,0.8894031717904967,0.6072240943532579,0.9848723869486524,0.8303483452585145,0.8544089639699157,0.9118739328932484,0.9117682043321573,0.9055665737495768,0.929166265958102,0.9745520983266813,0.783822478432466,0.931366715443356,0.9953073669805033,0.6210151879627448,0.6917393337250473,0.7636663321919754,0.9738089426972776,0.6122531701848197,0.8391784404635925,0.9547382576229388,0.9913927775374307,0.6730379764597543,0.7872399350681671,0.8018671341774826,0.525843532183836,0.8964416496516878,0.8860151533715297,0.788096231219223,0.6859084447493895,0.6490216891931373,0.9247045701871657,0.525843532183836,0.7765294613917073,0.8028618475553981,0.916106073886044,0.525843532183836,0.6179649950181458,0.5873906618735303,0.6964519635475013,0.5436632276151683,0.7994997688493948,0.8894031717904969,0.525843532183836,0.9088502641839717,0.525843532183836,0.7792758285964374,0.7259586721210705,0.7186376450604084,0.525843532183836,0.9959928050102314,0.525843532183836,0.91143201353416,0.686780379385941,0.8237753987296021,0.7567377547290828,0.9001110559421437,0.7967707598619136,0.5642000126171929,0.9231164764775377,0.8701112326985445,0.8676904649776698,0.6874637567797467,0.9021539112208945,0.9038960691476479,0.8772439656561348,0.8489420118924442,0.8162105150575765,0.865759203292572,0.752963200224593,0.5637374421090922,0.9832000808774302,0.7583094792012612,0.8860151533715297,0.525843532183836,0.8804495008188655,0.525843532183836,0.9299569391087343,0.8212788440155339,0.8955339364505321,0.9274415389579924,0.7967707598619136,0.896441649651688,0.9236865516139805,0.8971490513732798,0.7740740740740746,0.8731720022848473,0.7516593631340747,0.9001110559421441,0.7475696252518083,0.8536889454821773,0.9713615460522476,0.5457744538628025,0.9671293915458045,0.8010005068488366,0.9205349146293753,0.8135621901441985,0.8441427183852062,0.6007548375111538,0.7493191812824033,0.7360813529480195,0.9356479353308964,0.8993225157376834,0.9016593002114613,0.8759246877284854,0.9118739328932484,0.7459591338966873,0.6427625321614598,0.8612222667022582,0.8349578227321088,0.9118739328932484,0.9927199300058553,0.7729154060412249,0.9078111670939806,0.8062917987384597,0.8365551646144354,0.9001110559421437,0.8532677898837113,0.7129500588640724,0.920376705497234,0.9001110559421444,0.9001110559421435,0.5908352090159041,0.9118739328932484,0.8289145367943993,0.5698956002033233,0.777595776786695,0.8880634067138802,0.9577099946223931,0.8928757609748674,0.9078281401363852,0.8860151533715297,0.9038960691476476,0.8041267614423651,0.9933442238788577,0.9001110559421437,0.8527082022595005,0.9433047901650564,0.8806298034091631,0.8991443905192751,0.9945523918243748,0.9235788889575096,0.8434484416517649,0.6431429488747173,0.7498576169192002,0.9616288436298464,0.857524385752174,0.947325616882549,0.9021539112208945,0.9631981626021593,0.8090412684190864,0.8675945144338484,0.525843532183836,0.694963942048713,0.8162105150575749,0.8555090199358881,0.9118739328932484,0.9911841280007907,0.9600059685838347,0.525843532183836,0.8671016868583243,0.9118739328932484,0.9205349146293751,0.834193637127578,0.691550079887062,0.861222266702258,0.9757619342112605,0.8461617226652078,0.6553803913741829,0.8671016868583241,0.7935074943504451,0.7142877158448708,0.9775425324834799,0.6578709967444571,0.6347261381975289,0.6122531701848194,0.7793140663176923,0.9684455580859814,0.8081339281642222,0.8288247292151196,0.782409101325743,0.8827041791382022,0.5457744538628025,0.8339559652714781,0.7583094792012608,0.7129500588640724,0.7097610003650271,0.6336974516332523,0.525843532183836,0.693801967825247,0.8987971596714479,0.8313795545512619,0.874628227385192,0.8562800773949443,0.9087258965815566,0.525843532183836,0.525843532183836,0.9078281401363852,0.9913927775374309,0.7722215384812032,0.525843532183836,0.9161060738860443,0.8928757609748676,0.8365551646144354,0.7832070366225143,0.802861847555398,0.9292058051524485,0.8391784404635929,0.8701112326985443,0.6624878259472546,0.7376640101902459,0.525843532183836,0.768276510618948,0.8237753987296021,0.7852971133606685,0.6703991413998515,0.8391784404635925,0.8868157419101137,0.9001110559421444,0.7409351476395785,0.525843532183836,0.5882190341545908,0.8555090199358883,0.742367842673958,0.6901730553886913,0.9162478915215844,0.6601246496586546,0.8794637048361449,0.525843532183836,0.973125053422524,0.5933280287641702,0.525843532183836,0.8905110693995146,0.9005020761047142,0.7332631142436168,0.6263319107522554,0.7255400439119685,0.525843532183836,0.685986780233492,0.7199622800598044,0.9078111670939806,0.992719930005856,0.9124170399912764,0.9744610682871779,0.6129372960680382,0.7809134539375335,0.9001110559421444,0.9650885705343868,0.6770591050132848,0.9526048267509271,0.7829249850310713,0.7338684822970527,0.7452838581183621,0.5460932186014545,0.9038960691476481,0.8835104920677506,0.525843532183836,0.9988179812161542,0.9199503714301591,0.8870937812580868,0.9357354408000718,0.9274415389579918,0.5642000126171937,0.9672137522740863,0.9713658331823793,0.5642000126171937,0.9982988793152963,0.8928757609748676,0.9082541747635318,0.7449458856646851,0.7971434160526358,0.957709994622393,0.7212372486268086,0.9161060738860443,0.8762879977600886,0.8936281262041486,0.8228787301719251,0.9007549832165642,0.9161060738860443,0.7032939054419893,0.9911165467392382,0.9086503072783924,0.6861599315118914,0.8701112326985445,0.8162105150575749,0.9001110559421439,0.877710850552303,0.7878173646451987,0.8331453593106182,0.9939623810860377,0.6888409639506339,0.967017160057684,0.5599762423412652,0.9264517419897602,0.9723146277754546,0.8212589742627883,0.9163040173833421,0.8522871067807759,0.8092435648391683,0.8872345468276643,0.9481114780292803,0.6640466196950121,0.6312505982586663,0.9078559629118669,0.704234339463257,0.861222266702258,0.8449320637799715,0.8931838517637833,0.9001110559421439,0.8407622607028142,0.9935130424704777,0.9713039565302157,0.9343530326383653,0.9118739328932484,0.9693292447713672,0.6889645535139466,0.9078111670939806,0.8954930335908746,0.9162028130512783,0.9162028130512783,0.9356479353308965,0.9118739328932484,0.867835721360358,0.6482163504021006,0.8163372768230484,0.8894031717904967,0.8894031717904964,0.4739576181663966,0.8927632291430208,0.5813176782525826,0.7294450148306251,0.525843532183836,0.9078111670939808,0.525843532183836,0.525843532183836,0.6802143563804424,0.664046619695012,0.8532677898837113,0.525843532183836,0.5327120402571097,0.701328653796768,0.8002696397534674,0.689503549171635,0.768276510618948,0.6850825746621014,0.7971434160526358,0.7555295798671517,0.6939395202258622,0.8794637048361451,0.9156908657681636,0.6336375479185654,0.593655262317174,0.7200653770572485,0.4452161213337451,0.841827174255886,0.944869464998827,0.8860151533715295,0.6393577808516755,0.9494976475473857,0.7809134539375333,0.9001110559421444,0.7901349926747225,0.8701112326985441,0.8868145984844202,0.8641397759307592,0.6462559302964941,0.8391784404635929,0.5837817783541037,0.9820931770243162,0.9460593878537935,0.9388267942128117,0.6395887590131377,0.8964416496516885,0.8890307687510062,0.6814645474093337,0.6788808260434289,0.775191939809442,0.7673301734140057,0.8493067495571905,0.8574508074035354,0.7672887431581867,0.8894031717904971,0.7852971133606685,0.8708704516729384,0.9205349146293753,0.6062937101217806,0.7044942853343892,0.8840075513897333,0.6011847723927639,0.9007549832165642,0.9591510804279215,0.9794111636971032,0.525843532183836,0.9038960691476481,0.626389400667311,0.8928757609748674,0.7247689757027311,0.9460262641933365,0.8860151533715297,0.9236056527787464,0.6601246496586548,0.8641397759307594,0.7192774299141695,0.9161060738860443,0.5802976122399968,0.8731720022848473,0.9795475232193386,0.5642000126171937,0.9775723450801679,0.6379406316171861,0.8212788440155339,0.861222266702258,0.6933355050651279,0.8205807652585564,0.8695167699515227,0.9191899888782681,0.8288247292151196,0.6253914296757328,0.7073165869972913,0.8980873546993963,0.9161060738860443,0.8671016868583241,0.8964416496516887,0.6600852665089261,0.7947975198038113,0.0,0.5457744538628025,0.569928686191076,0.6646616360537141,0.9684455580859814,0.9132680404287308,0.9001110559421439,0.874628227385192,0.8237753987296021,0.8868145984844211,0.8349578227321084,0.841827174255886,0.8925193970220322,0.8403869537741202,0.8731720022848468,0.9600059685838345,0.9038960691476481,0.9205349146293753,0.525843532183836,0.8288247292151198,0.7338790699175619,0.7287225572897016,0.8313795545512619,0.525843532183836,0.6737125589447296,0.645814854705355,0.9993371265780451,0.7580097776797319,0.7971434160526354,0.7917782103155426,0.6839978615630979,0.7669659620725382,0.8472070714583102,0.9115726855111281,0.5196347268189747,0.8290927883658061,0.9078111670939808,0.7947975198038117,0.8499415642309929,0.9775425324834794,0.8212788440155341,0.9205349146293751,0.8739518939582038,0.8860151533715297,0.9205349146293751,0.8762879977600886,0.8499415642309931,0.8928757609748674,0.9322262898726037,0.7752571861162352,0.9553459570547012,0.9655358493300292,0.9313987337345841,0.5530262545028504,0.7255400439119684,0.5457744538628025,0.9038960691476479,0.5813176782525822,0.5457744538628025,0.5457744538628025,0.7312001787502316,0.525843532183836,0.8827041791382022,0.8416853657173757,0.525843532183836,0.8612222667022578,0.9128673057878998,0.9118739328932484,0.9001110559421444,0.9671293915458044,0.9713658331823796,0.5457744538628025,0.5855908717858338,0.6427065114914707,0.9526048267509268,0.657115273467145,0.525843532183836,0.8263753778581195,0.9001110559421439,0.861222266702258,0.8095742206886204,0.8512853698954566,0.9118739328932484,0.8964416496516883,0.8971490513732798,0.8922385033088467,0.892519397022032,0.892875760974867,0.7293099804601548,0.8339559652714779,0.867835721360358,0.6153072717574624,0.967017160057684,0.998817981216154,0.8527082022594994,0.9001110559421444,0.804246094096486,0.7693289466839163,0.525843532183836,0.99813410649239,0.789580945974018,0.916106073886044,0.7070876092754221,0.9162028130512783,0.8731720022848473,0.6951987720024035,0.5642000126171937,0.5342052669755359,0.7678353931619665,0.525843532183836,0.525843532183836,0.7598142069333433,0.9361752553703682,0.7947975198038113,0.6062937101217806,0.8085211594953063,0.7852680936628227,0.6788808260434287,0.7317412778828332,0.8583462338175079,0.7285364694058452,0.525843532183836,0.8323118702853274,0.9038960691476481,0.9205349146293753,0.6601246496586546,0.9118739328932484,0.6416297005999528,0.525843532183836,0.525843532183836,0.7910489864090181,0.8928757609748674,0.7736929139634487,0.8701112326985443,0.6984295135169232,0.8087510315013653,0.9120895260426461,0.8296846983575321,0.7285276753292802,0.6850223022490074,0.525843532183836,0.8212788440155339,0.7632494049916594,0.8964416496516878,0.8707659462994876,0.7546305391501505,0.9939424235080292,0.8247837482653085,0.8262903628126801,0.9713658331823796,0.7202132578906852,0.525843532183836,0.7366429076871637,0.8262903628126801,0.6469736302383,0.7316564454969656,0.7161768939012263,0.8762879977600886,0.8305937391229155,0.7600125224416816,0.9911841280007907,0.740014667501462,0.695036827747067,0.8827041791382022,0.9161060738860443,0.9632536201475077,0.6404644816905893,0.6968250070353968,0.9038960691476479,0.5457744538628025,0.6346608927527675,0.9585084325141431,0.8922385033088465,0.8589835497410321,0.9205349146293753,0.8212788440155336,0.9205349146293753,0.9205349146293751,0.794797519803812,0.5503952854627803,0.7066667697292504,0.99813410649239,0.9161060738860443,0.8701112326985443,0.9766700147113564,0.7112936492812252,0.8794637048361456,0.934089836226159,0.931366715443356,0.4348187973411528,0.896441649651688,0.6518879923109102,0.7386688560347109,0.5702451914679199,0.6344175237006924,0.525843532183836,0.7718067781551381,0.8928757609748674,0.5372893352724728,0.916106073886044,0.9708435781810171,0.47262711312390504,0.713373767567697,0.525843532183836,0.46737862761417415,0.6062937101217805,0.8612222667022587,0.7318798277395235,0.6882682142601106,0.6968250070353967,0.9038960691476481,0.5097506052128963,0.8586235280384313,0.9052153297282299,0.8343743379178097,0.8641397759307594,0.935128878697977,0.9205349146293753,0.8641397759307592,0.8928757609748672,0.8062917987384595,0.9629480780132713,0.6976490287726471,0.7555295798671513,0.6163888628684695,0.9254740181372285,0.5457744538628025,0.7195881527766699,0.7247689757027311,0.8911378892092096,0.8632210777001628,0.8333977253407345,0.525843532183836,0.6340474237537158,0.7293236289759588,0.8365551646144354,0.525843532183836,0.6774347924961068,0.989724774838491,0.9118739328932484,0.6345582694216227,0.5457744538628025,0.8267027424778537,0.9764821472729375,0.8451211616250576,0.9042249983725683,0.9405815922348739,0.8641397759307603,0.6213785519999646,0.525843532183836,0.9809311839577799,0.525843532183836,0.9118739328932484,0.6811450557801604,0.7259968994217516,0.9205349146293753,0.8918211433509258,0.6929182463630945,0.656520095815766,0.8365551646144354,0.525843532183836,0.939054158173088,0.8814237409152972,0.7696332566034787,0.9198528155693018,0.8002696397534662,0.9440100680280117,0.7420360720725643,0.9931763272713581,0.7698246703898527,0.6431086824529444,0.5829504796423364,0.7698246703898527,0.86189485572105,0.9038960691476476,0.777595776786695,0.7698246703898527,0.9205349146293753,0.9395134363314754,0.9339037414170341,0.7968820743721301,0.8894031717904967,0.9931763272713579,0.861222266702258,0.6889645535139449,0.8449320637799713,0.9231164764775377,0.6193521972070833,0.9819319841098426,0.9953073669805033,0.9926862347706233,0.6050601971027539,0.8365551646144356,0.8137096855575956,0.8135621901441981,0.7500281048165807,0.8289613143106023,0.8527082022594994,0.9713658331823793,0.9001110559421444,0.6975831594286139,0.8774799101166624,0.9274415389579922,0.8472070714583106,0.7037424759980122,0.9038960691476481,0.9078111670939808,0.8457000497069876,0.549042336163172,0.7716945308447443,0.9229660919577038,0.8418271742558858,0.8850355913144186,0.8671016868583241,0.5191636978373871,0.9292058051524479,0.8689622026831072,0.8171817465686351,0.8163372768230484,0.6615655983874069,0.9122052552589012,0.9078111670939806,0.9510400325580777,0.8375280102588184,0.500457121031271,0.9162028130512783,0.8708704516729382,0.8715520320698653,0.8536889454821766,0.9932065010984317,0.8731720022848473,0.9286806867417118,0.9247045701871659,0.8874135384485962,0.942391944327377,0.9001110559421437,0.8964416496516878,0.6964519635475008,0.5109171885442356,0.9775425324834799,0.9102098127053468,0.7785954360199596,0.9976168396474079,0.920376705497234,0.9547382576229388,0.8006481173790688,0.8901853371445987,0.8162105150575749,0.9001110559421441,0.7423678426739577,0.8612222667022584,0.9078111670939808,0.6431086824529444,0.9437513278182454,0.9339037414170339,0.916106073886044,0.7788193787483106,0.9118739328932484,0.9195474466082245,0.9078111670939808
p216_YWT,0.7444044463437758,0.9394396415413286,0.8882932693469465,0.9199893491338635,0.9475597985845114,0.9610996995613952,0.7238257438406102,0.742840722786176,0.90069623628167,0.9589316626844855,0.9379142777971525,0.9921318846009738,0.9458598726114653,0.9199893491338635,0.9077040005624186,0.576280232023062,0.9425805352069323,0.9292677720165115,0.9568599156354454,0.9589316626844855,0.8838795614232455,0.9364159486136474,0.9334927596276978,0.9493053971730236,0.93494269483405,0.9292677720165115,0.9425805352069323,0.9137333093884035,0.9589316626844855,0.7666156616807629,0.922570139905196,0.9529545363721539,0.9409942357230063,0.916205092712921,0.9475597985845114,0.9568599156354451,0.9493053971730236,0.9409942357230057,0.9610996995613954,0.9278966962971924,0.8961308828316217,0.980662425002937,0.9610996995613952,0.9100921482984174,0.9425805352069323,0.8425062304790463,0.9511016704226434,0.9343080653650264,0.9278966962971924,0.8882932693469463,0.9529545363721539,0.8447105394237198,0.9292677720165115,0.16216355622584455,0.9984380827103148,0.9265423524364669,0.9265423524364669,0.03139863267861631,0.7575776963663725,0.9442013463068037,0.903008623582165,0.8256727870749789,0.9292677720165117,0.8961308828316217,0.9548710823073732,0.8187487405659168,0.9529545363721539,0.6359525852723971,0.7623458066664361,0.9568599156354454,0.9187169710212713,0.9278966962971924,0.9475597985845114,0.8493950799487413,0.03139863267861631,0.882781792850933,0.9364159486136476,0.9379142777971523,0.8457706733508468,0.9610996995613952,0.9379142777971525,0.9320645602494202,0.3350690258836352,0.9292677720165115,0.03139863267861631,0.9149644520716045,0.9364159486136476,0.8259696831286127,0.8905160099774292,0.062008242787560564,0.03139863267861631,0.8882932693469463,0.8256727870749789,0.850191113818277,0.28875333724042895,0.510052317151767,0.886081569479592,0.883879561423246,0.8421226412849139,0.8128743662973856,0.9265423524364669,0.9511016704226432,0.9475597985845114,0.8534622933489195,0.626241239715507,0.9568599156354449,0.9041731885624824,0.8182787338913602,0.9877220281917205,0.8233788637195052,0.8718884926994317,0.9306566646589698,0.8284969009147187,0.9065205555971321,0.9511016704226434,0.7762855815640262,0.995589441680881,0.9568599156354451,0.9610996995613954,0.8534622933489195,0.950802817126357,0.881685977830595,0.9349426948340502,0.9225701399051969,0.9292677720165115,0.7749639526724739,0.9493053971730236,0.6221281312976874,0.9458598726114653,0.9540589546097205,0.9006096463746007,0.9511016704226432,0.9529545363721539,0.961099699561395,0.9425805352069325,0.8402939714046163,0.907995720661511,0.9529545363721539,0.9529545363721537,0.09008077800963976,0.8259696831286127,0.9589316626844855,0.8469812896824729,0.8675560447816315,0.883879561423246,0.9077040005624186,0.8894031717904964,0.8660830247325573,0.9278966962971924,0.7779891015560232,0.9589316626844853,0.9030086235821644,0.8512827582389368,0.8773193685069614,0.9529545363721539,0.9278966962971922,0.8916319670140287,0.9112976020672161,0.8753169890424981,0.5762802320230619,0.7282232490337206,0.9511016704226434,0.9320645602494202,0.7348453828730819,0.8938740030413763,0.913733309388403,0.8873793646220562,0.8961308828316217,0.9238799558250632,0.8402939714046163,0.9199893491338638,0.9458598726114653,0.9265423524364671,0.6679351743368398,0.8490980979184488,0.874058087016832,0.9568599156354449,0.5945359220183859,0.9174557485535395,0.5721895635481327,0.9088944096710678,0.8849794349827056,0.9265423524364669,0.9921318846009738,0.6277740552271271,0.8490980979184488,0.8534622933489195,0.9357274933038942,0.16216355622584455,0.9212735133449719,0.9442013463068035,0.9006962362816697,0.8445574319866593,0.782963206823625,0.9030086235821648,0.03139863267861631,0.9493053971730236,0.9442013463068035,0.47300967598621946,0.8302218952289888,0.8882932693469465,0.9458598726114653,0.03139863267861631,0.8643090749973121,0.8104036875498977,0.9589316626844855,0.03139863267861631,0.685316774920314,0.9125111785873636,0.8827817928509323,0.6635204081124888,0.9018497344665103,0.9458598726114653,0.03139863267861631,0.6661152121246716,0.03139863267861642,0.8056825578273628,0.8336025791120698,0.8302218952289888,0.03139863267861631,0.6527839128027031,0.03139863267861631,0.6954540247876129,0.9041731885624822,0.913733309388403,0.8718884926994317,0.9511016704226432,0.7911552055921387,0.09008077800963876,0.9334927596276978,0.9364159486136474,0.9030086235821644,0.7749639526724739,0.9162050927129202,0.9529545363721539,0.4787658847550451,0.8871861256568152,0.8995478568587887,0.8938740030413763,0.9125111785873636,0.9540589546097202,0.9425805352069325,0.881685977830595,0.9442013463068035,0.03139863267861631,0.8995478568587887,0.03139863267861631,0.7525915471020093,0.9125111785873636,0.9765837058865926,0.9252037445446057,0.7911552055921389,0.9493053971730236,0.9112976020672163,0.9349426948340498,0.8894031717904964,0.9379142777971528,0.8873793646220562,0.9511016704226434,0.8675560447816315,0.8675560447816315,0.8391846440543809,0.062008242787560564,0.9719050365344921,0.8233788637195052,0.9610996995613954,0.8565847204007371,0.8565847204007369,0.2692511698375556,0.8664736771305535,0.8708047111031318,0.9529545363721539,0.8436093353026792,0.790750249185658,0.7981856244137903,0.9568599156354449,0.8517996688283256,0.9112976020672157,0.9320645602494202,0.8984043359066818,0.9568599156354449,0.8767155864943417,0.8080982554965415,0.9548710823073729,0.8950004825334388,0.9644994759182184,0.9511016704226432,0.9162050927129208,0.8284969009147185,0.9442013463068037,0.9511016704226434,0.9511016704226432,0.7920258334641644,0.9568599156354451,0.792025833464165,0.6386053673554343,0.8816859778305952,0.8391846440543809,0.9568599156354454,0.9475597985845117,0.9278966962971924,0.9442013463068035,0.9529545363721539,0.8234248743448613,0.8950004825334388,0.9511016704226432,0.9278966962971924,0.955724889671401,0.7440170762801631,0.9065205555971318,0.8805919691825626,0.70356089724167,0.785585123047815,0.7098574690332745,0.8686385996787729,0.9589316626844853,0.9006962362816697,0.9589316626844855,0.9162050927129202,0.9125111785873636,0.9065205555971318,0.9511016704226432,0.03139863267861631,0.9529545363721537,0.9371605937136991,0.9292677720165115,0.9568599156354449,0.9548710823073729,0.9458598726114653,0.03139863267861631,0.93494269483405,0.9568599156354454,0.9610996995613952,0.9077040005624184,0.8175818786954797,0.9320645602494202,0.9529545363721539,0.8279535638583029,0.8233788637195052,0.9877220281917205,0.9409942357230063,0.8358428353123903,0.9511016704226434,0.9162050927129213,0.8056825578273625,0.9394396415413284,0.9077040005624184,0.9610996995613952,0.7853897569350803,0.9162050927129202,0.7981856244137902,0.9425805352069327,0.062008242787560564,0.9626788706813352,0.8816859778305952,0.800791910286496,0.8297542008516978,0.8128743662973856,0.03139863267861631,0.849098097918449,0.9149644520716045,0.9174557485535395,0.9149644520716045,0.9611058687776598,0.8402939714046165,0.03139863267861631,0.03139863267861631,0.9278966962971924,0.9006962362816697,0.8850018707449112,0.03139863267861642,0.9589316626844855,0.9475597985845114,0.9199893491338635,0.8938740030413763,0.8104036875498974,0.9475597985845114,0.9212735133449719,0.9364159486136476,0.8268147748355974,0.976122021280873,0.03139863267861631,0.8773193685069607,0.9137333093884032,0.7967943813008358,0.9813880287156103,0.9212735133449719,0.8819908918248774,0.9511016704226434,0.8169797257838272,0.03139863267861631,0.7907502491856577,0.9292677720165115,0.8850018707449117,0.824527512767756,0.9493053971730236,0.8256727870749789,0.9409942357230061,0.03139863267861631,0.8927512325175624,0.7592148952360369,0.03139863267861631,0.9212735133449719,0.8156754847048544,0.8369591621743948,0.8092990476011352,0.8234248743448611,0.03139863267861631,0.7897260844225815,0.8512827582389364,0.9548710823073729,0.6761645354519015,0.744017076280163,0.9041731885624822,0.9053437280773233,0.8927512325175624,0.9511016704226434,0.8950004825334388,0.8827817928509323,0.9334927596276978,0.8480036211373803,0.9018303117723401,0.8664736771305535,0.23774878152121726,0.9529545363721537,0.9292677720165115,0.03139863267861631,0.9568599156354454,0.898404335906682,0.8068927917851012,0.9928618019927209,0.9252037445446055,0.09008077800964032,0.7672253926367618,0.9493053971730236,0.09008077800964032,0.9379142777971528,0.9475597985845114,0.9394396415413291,0.8751441387186416,0.9386080538027393,0.9568599156354451,0.8414011380622552,0.9589316626844853,0.9394396415413291,0.9334927596276981,0.8221455822577997,0.9364159486136476,0.9589316626844853,0.7932953720006322,0.913733309388403,0.5153369266827186,0.2692511698375556,0.9364159486136474,0.8995478568587887,0.9511016704226434,0.9162050927129208,0.8961308828316215,0.9055162293830299,0.9320645602494202,0.8961308828316217,0.9928618019927207,0.9225701399051962,0.7014171310265381,0.7925764380555538,0.9018497344665102,0.9425805352069323,0.8080982554965417,0.8871861256568152,0.9199893491338638,0.9320645602494204,0.23774878152121848,0.8116870067162374,0.937914277797153,0.8469075946240913,0.9320645602494204,0.9125111785873636,0.7734367193080809,0.9511016704226434,0.8402939714046165,0.7332476280865157,0.9149644520716045,0.9329016612088759,0.9568599156354451,0.7492027476456953,0.8882932693469465,0.9548710823073732,0.913733309388403,0.9425805352069323,0.9425805352069327,0.9529545363721539,0.9568599156354451,0.9225701399051969,0.8199117795876252,0.9100921482984174,0.9458598726114653,0.9458598726114653,0.7313974068186477,0.9430441133000047,0.11595356527577638,0.8675560447816315,0.03139863267861631,0.9548710823073729,0.03139863267861631,0.03139863267861631,0.8409008752365552,0.23774878152121792,0.9162050927129202,0.03139863267861631,0.7248314800141333,0.8613434560644826,0.42272440505492703,0.8480036211373803,0.8773193685069609,0.7995563084478075,0.9006962362816697,0.49864835346264225,0.8637151821288633,0.9409942357230061,0.8827817928509321,0.45933786842754687,0.9149644520716045,0.7637779275925334,0.6661152121246717,0.9225701399051967,0.9409942357230059,0.9442013463068035,0.8050379729179937,0.9548710823073729,0.8927512325175624,0.9511016704226434,0.8972654241994793,0.9902428565647541,0.9306566646589698,0.9334927596276978,0.8436093353026795,0.9212735133449719,0.903008623582165,0.9852901633058908,0.7350447636400568,0.9511016704226434,0.20235352416864938,0.9493053971730236,0.9112976020672166,0.8523731211903476,0.83472400300589,0.48335140169781754,0.8523731211903476,0.5866865150344243,0.7721894714790687,0.8860815694795923,0.9458598726114653,0.7694191025912624,0.9238799558250632,0.9610996995613952,0.7995563084478075,0.841401138062255,0.7619375114470165,0.7970688433398969,0.9364159486136474,0.9041731885624822,0.9117531985549474,0.03139863267861631,0.9529545363721537,0.9137333093884039,0.9475597985845114,0.8567235831170401,0.9364159486136479,0.9442013463068035,0.9238799558250632,0.8256727870749789,0.9334927596276978,0.8259696831286127,0.9589316626844857,0.786886060265239,0.9928618019927204,0.8621439532920854,0.09008077800964032,0.9409942357230059,0.7332476280865154,0.9540589546097205,0.9320645602494202,0.8009469027438034,0.9092428552134855,0.7509037938695109,0.8588935204002321,0.9162050927129202,0.6894338727722293,0.8567235831170401,0.9225701399051969,0.9589316626844855,0.9349426948340502,0.9848910203339206,0.8336025791120698,0.8995478568587885,0.5457744538628025,0.0,0.816979725783827,0.8358428353123903,0.9610996995613952,0.8751441387186416,0.9511016704226434,0.9149644520716045,0.9137333093884035,0.9806624250029372,0.8984043359066818,0.9225701399051969,0.9349426948340502,0.5208845547534251,0.9379142777971521,0.9458598726114651,0.9529545363721537,0.9610996995613954,0.03139863267861631,0.9591402541866407,0.8610609420833555,0.800791910286496,0.9174557485535395,0.03139863267861642,0.8794996237395185,0.8187487405659168,0.9415490144516767,0.3678486223164621,0.9006962362816697,0.8882932693469463,0.8773193685069607,0.8063886684717994,0.9252037445446057,0.9030086235821644,0.6785985670091003,0.8871861256568152,0.9548710823073729,0.8995478568587887,0.9265423524364669,0.9511016704226434,0.9125111785873636,0.9610996995613954,0.9252037445446055,0.9442013463068035,0.9610996995613954,0.9394396415413286,0.9742178060512308,0.9475597985845114,0.6970590368950023,0.8805919691825623,0.9568599156354454,0.9475597985845114,0.9364159486136474,0.7735626237779671,0.8234248743448613,0.062008242787560564,0.9529545363721539,0.1159535652757756,0.062008242787560564,0.062008242787560564,0.35389716223383694,0.03139863267861631,0.9425805352069325,0.4738920156371562,0.03139863267861631,0.9320645602494202,0.5549592725490636,0.9568599156354449,0.9511016704226434,0.9548710823073732,0.9493053971730236,0.062008242787560564,0.7894685038194518,0.8534622933489195,0.9334927596276978,0.8358428353123903,0.03139863267861631,0.9041731885624826,0.9511016704226434,0.9320645602494202,0.786886060265239,0.9053437280773231,0.9568599156354449,0.9493053971730236,0.9349426948340502,0.9125111785873636,0.6428226383045876,0.9475597985845114,0.42272440505492737,0.9187169710212713,0.9225701399051967,0.7035608972416704,0.937914277797153,0.9568599156354454,0.9278966962971924,0.9511016704226434,0.9041731885624826,0.8369591621743946,0.03139863267861631,0.9475597985845114,0.878408802118517,0.9589316626844855,0.8324784774213028,0.9425805352069325,0.9379142777971525,0.8469812896824729,0.09008077800964032,0.7490287796730206,0.8050379729179937,0.03139863267861631,0.03139863267861631,0.3896430237482279,0.6894338727722298,0.8995478568587885,0.7995563084478075,0.8402939714046165,0.8092990476011352,0.83472400300589,0.7932953720006319,0.9306566646589698,0.8068927917851012,0.03139863267861631,0.9343080653650264,0.9529545363721537,0.9610996995613954,0.8256727870749789,0.9568599156354449,0.8541959247310256,0.03139863267861631,0.03139863267861631,0.793989940909561,0.9475597985845117,0.8023172297371288,0.9364159486136474,0.8523731211903476,0.8961308828316217,0.6989699092582711,0.8961308828316215,0.8577765950677174,0.8458099300236446,0.03139863267861642,0.9125111785873636,0.8116870067162374,0.9493053971730236,0.9568599156354451,0.5381252733230745,0.726534306879894,0.45334225692590724,0.9149644520716045,0.9493053971730236,0.8545503661181646,0.03139863267861631,0.8493950799487413,0.9149644520716045,0.8961308828316217,0.8686385996787729,0.8610609420833555,0.9394396415413291,0.9018497344665102,0.8490980979184488,0.9548710823073732,0.8643090749973119,0.8578089143655878,0.9425805352069323,0.9589316626844855,0.9199893491338635,0.28376189310837396,0.8347439839067272,0.9529545363721539,0.062008242787560564,0.8718884926994317,0.9265423524364669,0.9540589546097202,0.9187169710212713,0.9610996995613952,0.9540589546097202,0.9610996995613954,0.961099699561395,0.8995478568587887,0.3875452758336596,0.8927512325175624,0.9475597985845114,0.9589316626844855,0.9364159486136474,0.9364159486136479,0.8268147748355974,0.9409942357230066,0.9458598726114653,0.9265423524364669,0.5410259398661625,0.9493053971730236,0.760904633802822,0.36332358986944646,0.7313974068186478,0.7640553624047928,0.03139863267861631,0.8882932693469463,0.9475597985845114,0.7505486208297514,0.9589316626844855,0.980662425002937,0.9320645602494204,0.8512827582389368,0.03139863267861631,0.7315605337936808,0.7995563084478075,0.9320645602494204,0.8272354331469214,0.8493950799487413,0.8347439839067271,0.9529545363721537,0.7051012987580607,0.6903369234671075,0.8272354331469214,0.7624534917969603,0.9334927596276978,0.6948435845294496,0.9610996995613952,0.9334927596276978,0.9475597985845117,0.8950004825334388,0.9278966962971924,0.862529861839961,0.49864835346264214,0.8044674539676764,0.9475597985845114,0.062008242787560564,0.8660830247325575,0.8567235831170401,0.5311945356497896,0.7967943813008358,0.771899450653236,0.03139863267861631,0.9714932980607037,0.8588935204002328,0.9199893491338635,0.03139863267861631,0.83472400300589,0.9409942357230059,0.9568599156354449,0.23774878152121803,0.062008242787560564,0.923321670670995,0.9784534179462063,0.8938740030413763,0.9742178060512308,0.9053437280773231,0.9334927596276981,0.8068927917851014,0.03139863267861631,0.9252037445446057,0.03139863267861631,0.9568599156354449,0.8279535638583027,0.9142868184584121,0.9610996995613954,0.9238799558250632,0.7958167654209829,0.9400706025742573,0.9199893491338635,0.03139863267861631,0.8553912003238413,0.8152363204804096,0.8755343989590982,0.9225701399051969,0.4227244050549279,0.9529545363721539,0.34646989741729717,0.9212735133449719,0.4144014060836271,0.8894031717904964,0.8156754847048542,0.4144014060836271,0.9199893491338635,0.9529545363721539,0.8816859778305952,0.4144014060836271,0.9610996995613954,0.9784534179462063,0.9493053971730236,0.881685977830595,0.9458598726114653,0.9212735133449719,0.9320645602494202,0.8882932693469465,0.9125111785873639,0.9334927596276978,0.9524187417251313,0.9278966962971924,0.9458598726114653,0.9902428565647541,0.749202747645695,0.9199893491338638,0.898404335906682,0.8565847204007371,0.44605852297328985,0.9053437280773233,0.9278966962971924,0.9493053971730236,0.9511016704226434,0.8984043359066818,0.8905160099774292,0.9252037445446057,0.9252037445446057,0.8972654241994793,0.9529545363721537,0.9548710823073729,0.6165367810633013,0.9238799558250634,0.8933548640036584,0.9149644520716045,0.9225701399051967,0.673699989999619,0.9349426948340502,0.9212735133449719,0.9475597985845114,0.8601558513243792,0.8740580870168317,0.9100921482984172,0.8972654241994793,0.6810028497273858,0.9548710823073732,0.9591402541866405,0.6097932928897107,0.9292677720165115,0.9425805352069325,0.9238799558250632,0.9329016612088763,0.623058924836031,0.7794874015684086,0.9379142777971528,0.6926030826701949,0.9458598726114653,0.9130169552876022,0.7332476280865161,0.9511016704226434,0.9493053971730236,0.8827817928509325,0.9252037445446049,0.9511016704226434,0.8950004825334388,0.8897634772723562,0.727646467421893,0.9442013463068035,0.9442013463068037,0.8553912003238411,0.9320645602494202,0.8995478568587887,0.9511016704226434,0.8850018707449117,0.9320645602494202,0.9548710823073729,0.8894031717904964,0.9306566646589698,0.9493053971730236,0.9589316626844855,0.8816859778305952,0.9568599156354449,0.7106749817367277,0.9548710823073729
p217_L,0.6032652070638823,0.8369053974150205,0.469406085646892,0.8371848439651217,0.8243917750973905,0.8152281195719793,0.8751498707929444,0.8648499151854858,0.613843355004607,0.8402999971050358,0.7782358464355155,0.8444909477482011,0.7894685038194516,0.6199587600065319,0.9954501107652013,0.9457366319268693,0.9100082455559217,0.6640301842398468,0.9306047836741067,0.8758841588239132,0.6308249725784691,0.7696274051613194,0.9368891052426676,0.8612571141464138,0.7846519163943755,0.7249477881963555,0.7272642534026099,0.6831702677637467,0.8404071783150315,0.8818874264711061,0.7799794292041687,0.848318897532643,0.770701785555703,0.8455932663249245,0.8243917750973906,0.8967259981226752,0.8175967654512282,0.7707017855557035,0.8487307132759603,0.6789958761224524,0.5229479396416787,0.7969069197666381,0.8860686207373007,0.7226291548382389,0.9622208147425824,0.48739652069511585,0.76773864972953,0.6662410538228924,0.7219521587193671,0.5656126745131147,0.8795806938693148,0.40706172750265823,0.7249477881963555,0.764502532769542,0.8979784640232732,0.7145413226998265,0.9260631990964181,0.7960789049353036,0.7724599864121988,0.7885204713736398,0.6228353980899226,0.727060028038651,0.9649921561678491,0.8002877416497645,0.7856429156142746,0.583275765165399,0.9953721207839972,0.6090438059182535,0.7215176760900197,0.9644835692255385,0.672428893685348,0.7434303000178244,0.9093303855836502,0.3544758367367211,0.7960789049353036,0.44322721647053065,0.8890344344309766,0.8269930266612506,0.540772168368938,0.8152281195719793,0.8560853018714697,0.8353158838803969,0.9672210897606439,0.8822523369412021,0.7960789049353036,0.5960910862692479,0.9606786519927712,0.6942282202133594,0.9210421294048261,0.7894685038194516,0.7960789049353036,0.5472271533759234,0.5389573999324995,0.5241792607624358,0.9094855092254122,0.6333716068771553,0.5819116524740673,0.5700304780130332,0.4014532077405355,0.43398458998075473,0.7568456979791451,0.8884270436691302,0.7509151724713119,0.6810305168465749,0.844033747821828,0.7950896414683806,0.5448338458805333,0.3328658146526887,0.77043215134683,0.414059642864,0.621447764169619,0.9368601710957667,0.5695240998881822,0.626203077599846,0.7979107482144303,0.47038047227387036,0.8867294061419502,0.8322437174658707,0.8152281195719795,0.5109677056754898,0.8310018675062026,0.6484460287680514,0.6909854043398926,0.9970606770391874,0.8604301216710664,0.6152113410523352,0.7592065617417088,0.8372803352858633,0.9354192765367995,0.9899757301410148,0.5459211569996072,0.9789433391238311,0.8390631391006367,0.8487307132759605,0.8316893917759314,0.527752152035903,0.6893837261517353,0.7765395464272928,0.8390631391006362,0.8097978684772096,0.5205287948187396,0.8049301978061498,0.645905497153345,0.5969057535920301,0.6764208435025469,0.6942474434215324,0.7265505421386538,0.4564425529326207,0.7840505914161159,0.4439072343891044,0.9823151003505577,0.6912323208304973,0.7887542798265645,0.8294178279525524,0.901586731773981,0.7410943088192016,0.6439322755982742,0.7246278376156876,0.7346837150910475,0.7536579315508503,0.9142167590356884,0.8582549451842301,0.8127442721058258,0.3897383004730087,0.576332509611768,0.6647649875290229,0.7828760837501265,0.620832575644533,0.946672189591653,0.574190512439365,0.9359239730372082,0.7428407227861755,0.862414924506992,0.8716448659898344,0.9186625258702721,0.7499353372953428,0.8628472125712434,0.7761650544353054,0.8777311185165679,0.8210601493642784,0.9965415312234278,0.8125930391387628,0.9895197620153955,0.8995133916769508,0.7181177087150807,0.45615610800513506,0.484034313092892,0.7374044199847536,0.764502532769542,0.7860773594545309,0.8633554231637632,0.7988672192536173,0.39021575326284097,0.36298891410707523,0.9838822961517677,0.7960789049353036,0.8028669104368944,0.8956355807467467,0.6826757772957608,0.5634202220961992,0.705690596425372,0.872002169712576,0.7960789049353036,0.48107353050990476,0.43603608868894206,0.8757769776139174,0.7960789049353036,0.6993543520872825,0.715087974452405,0.6650870619002247,0.6272918590166199,0.6355425178484317,0.8253743886792997,0.7960789049353036,0.7428664535305163,0.7960789049353036,0.5776239227365241,0.49198364029327646,0.47414695888879443,0.7960789049353036,0.7682888410800459,0.7960789049353036,0.7598070618118298,0.886052154411713,0.6275041449743239,0.5495844984780296,0.7677386497295289,0.312200534608286,0.7830190911339322,0.776022281092239,0.7527444777600509,0.7957907586151844,0.6536460291446975,0.7924745875392021,0.7765395464272926,0.889744244341196,0.7778730188229692,0.8065542478503267,0.7532534102315116,0.9547237144702514,0.6782209375265819,0.7767163393241144,0.528203854159139,0.916912977850317,0.7960789049353036,0.6761283524082613,0.7960789049353036,0.7305293347136159,0.5844383239569662,0.848318897532643,0.9384159066143357,0.2879075587725439,0.8028669104368944,0.655068256164725,0.7378186603671333,0.5686511060972426,0.8269930266612504,0.5108548260714434,0.8098519714818668,0.4980311644614712,0.9217794035924405,0.4785128451435863,0.816979725783827,0.9544589344528495,0.5141354063511778,0.8487307132759603,0.6104347750878231,0.851787912657785,0.8412790712895706,0.8464986095728732,0.5437300704971371,0.848318897532643,0.5492491635808995,0.5527101440940201,0.582469064865448,0.7950896414683806,0.36362176282706726,0.8922432791310378,0.8578874956549678,0.8651752546883049,0.7950896414683806,0.9469005328727429,0.34036185358674853,0.8181301843558837,0.5984475093230652,0.738445714893035,0.7677386497295293,0.773425527216262,0.2991026450387816,0.78852047137364,0.76773864972953,0.9185991421540303,0.19547250323338028,0.7950896414683801,0.6068009861366868,0.6042283914804193,0.543234125985252,0.919943190442878,0.9644835692255385,0.7509151724713119,0.8078647239131962,0.734962916687087,0.7765395464272931,0.34074269740626106,0.6726804033465721,0.9908845623912688,0.6789958761224528,0.9067353230919394,0.49055359436061163,0.6540469175913438,0.6552603446143233,0.8770090144260625,0.7248827355227805,0.5948604390911254,0.6030024158592244,0.9823151003505575,0.714765462776795,0.9113611393327947,0.8305727081850836,0.6966544559894932,0.6613128339319829,0.809851971481867,0.7960789049353036,0.8170571011959711,0.756491273681803,0.6640301842398464,0.7950896414683806,0.8894843969696307,0.9629304985011746,0.7960789049353036,0.8080685444079962,0.9338800741201665,0.8899039344946593,0.7565006337753057,0.596276996793,0.7450294367821133,0.9421042865426588,0.4198928243746959,0.32499335621268033,0.8314851724216172,0.7705477907844199,0.34918861411504,0.840024069966767,0.7122498440643401,0.3732411841931218,0.7645025327695418,0.7119652473829241,0.9234065281986409,0.302017057268371,0.640082104955676,0.3030998427544125,0.7533705379959403,0.816979725783827,0.8869794240130413,0.5582643978113668,0.2745188764161086,0.3654780087842815,0.23552043579401216,0.7960789049353036,0.47970539646364185,0.782339871087613,0.7428277859465147,0.8786224692888567,0.875776977613917,0.548159865032851,0.7960789049353036,0.7960789049353036,0.7840505914161155,0.6979451114814303,0.5388085709197363,0.7960789049353036,0.8404071783150318,0.8075409127954849,0.6792022374497834,0.49591391842097465,0.46038514688289756,0.9491052636059172,0.7260702458777946,0.8173902168691822,0.30417556396013,0.30570581418118326,0.7960789049353036,0.5497537820697587,0.6833954088063721,0.2976833804409602,0.28419619853185774,0.7260702458777939,0.6688420946021432,0.7677386497295298,0.27896600044251063,0.7960789049353036,0.23814604397865402,0.8822523369412019,0.7586490025531822,0.6718006078496108,0.8028669104368943,0.38709893675411644,0.7197295162601611,0.7960789049353036,0.7746317501630564,0.5347257388917548,0.7960789049353036,0.8738823302772907,0.761848561825063,0.6132169501907792,0.2428280761196273,0.279498193572826,0.7960789049353036,0.8551436831216801,0.6759551297243847,0.948079259322322,0.867950535097378,0.7258928366895461,0.644609851505394,0.6493134492877671,0.6023963575146505,0.76773864972953,0.7050747183390328,0.5441805233742257,0.7990032559708717,0.475255073300042,0.7373358959397751,0.4782992611064747,0.7643582213351083,0.7765395464272922,0.7294968300502533,0.7960789049353036,0.9677588596715982,0.6664650920248347,0.6568482108762672,0.9535996623229406,0.7489409199093615,0.7830190911339326,0.8310008558125289,0.9927673765797875,0.8097978684772096,0.8757502068869858,0.7792280426333984,0.9887105720407259,0.5527019974836018,0.5956001341132602,0.8322437174658711,0.4485069837535558,0.840299997105036,0.8641505502234017,0.776022281092239,0.641730651082543,0.817390216869182,0.8758841588239132,0.5930009634201481,0.7390615315957948,0.9547180131582735,0.7747208440051719,0.6979831875995257,0.723115957569453,0.9487712406389306,0.982965190768609,0.865544165651668,0.9452994337692775,0.8578874956549678,0.8244878203392936,0.9048424820972054,0.6989031042017527,0.652284286304871,0.6213581401656354,0.6694574536348161,0.9594603314774267,0.7857269254129318,0.6652439372667649,0.7481108139321155,0.8035383277264695,0.7873391962137413,0.24213230563803734,0.8804638919843376,0.5637772896197188,0.8261099395010403,0.8425075824377244,0.7436367992457211,0.7677386497295293,0.8531352446173268,0.6274819246252121,0.8221161926849352,0.7755455023378659,0.99836235477697,0.8422661952128099,0.6901263828795656,0.883104721839103,0.9255908854119159,0.8055831071826007,0.7533705379959408,0.848318897532643,0.8322437174658707,0.693024458280127,0.3202451390664288,0.645196687931977,0.7428407227861751,0.8528856106436744,0.4907460330160074,0.7998227605165993,0.7767163393241143,0.46978128185273993,0.7960789049353036,0.7856429156142741,0.7960789049353036,0.7960789049353036,0.3220737977562018,0.7413772464564758,0.7353274065703801,0.7960789049353036,0.3950119377393917,0.39979515649948727,0.8809896406186064,0.7820240988662361,0.593911262998621,0.4163281438507611,0.8142647009529991,0.7762543007453089,0.40875116407338163,0.9234645986710444,0.9824667255309731,0.8245098594864123,0.6693273178797703,0.4610041856867366,0.4216920992610864,0.693024458280127,0.8979784640232734,0.8901342005070401,0.6732509368906747,0.883104721839103,0.6023963575146503,0.76773864972953,0.7421089011538384,0.8243886953218448,0.9812323226186992,0.7300603313349736,0.45743468551645494,0.6660631323010575,0.6570338594602095,0.7643582213351082,0.9680936442605139,0.8098519714818668,0.7766258836139823,0.788401663596469,0.8523374653667788,0.49305203892358496,0.49793394938074753,0.848318897532643,0.6209651484623866,0.7767163393241152,0.7944045890163793,0.5050298507901327,0.8253743886792999,0.3948481875774461,0.8028298884087186,0.8525660270333191,0.2689632434805115,0.5137479374267411,0.6761283524082613,0.20772560886402114,0.8412716227231138,0.6963474878424624,0.7638782821654011,0.7960789049353036,0.7765395464272922,0.8508440592598927,0.9093303855836504,0.523469709169232,0.75274447776005,0.7830190911339334,0.7411831879017463,0.32382457709645696,0.9139081303640351,0.27706788444916053,0.8404071783150315,0.2925333337805409,0.9732645673384563,0.5054694548995842,0.7830190911339326,0.92361859344233,0.6482318680580783,0.695039434734434,0.6773146014584008,0.6655741652788897,0.7091094662675164,0.3301583198420377,0.5060719624397467,0.8115236478621428,0.4486528455449498,0.41466120609775814,0.6989031042017526,0.8404071783150318,0.7846519163943755,0.9196473178559332,0.5433203568443148,0.7595666426891339,0.569928686191076,0.816979725783827,0.0,0.22027265437361443,0.9645797494173389,0.6165073534243641,0.9003682669365679,0.7467744905463727,0.7765475151931189,0.7149994134811042,0.9692329430921363,0.6524862957789193,0.7938487793604506,0.9804263957749484,0.7294786662097805,0.872002169712576,0.7765395464272922,0.8899039344946591,0.7960789049353036,0.8836913869708065,0.4918087230910708,0.5572322155768459,0.6657401673350554,0.7960789049353036,0.694994474728791,0.3770706838346918,0.6399346287750656,0.9951674504804602,0.5283187289318021,0.6094840075591488,0.5376582787337547,0.9230650990836968,0.7280980416776084,0.9154853734111918,0.4135981044572462,0.6343059903828614,0.7856429156142741,0.5228640608953581,0.9260631990964181,0.9789433391238309,0.6950394347344342,0.8525660270333197,0.8550443936873218,0.734962916687087,0.8152281195719795,0.7123453755976963,0.7568456979791449,0.7792280426333986,0.7553523038802601,0.5374716611024852,0.8322437174658714,0.8527046452594775,0.8005072894679135,0.37398390833404105,0.38973830047300917,0.816979725783827,0.9328485281106533,0.8028226239174445,0.816979725783827,0.7894685038194516,0.8074951456790436,0.7960789049353036,0.8028226239174447,0.834314518074645,0.7960789049353036,0.6773146014584008,0.8663405920121385,0.9338800741201663,0.76773864972953,0.8569971282280213,0.8904522160011735,0.789468503819452,0.3783833616048371,0.44363422421899523,0.7413772464564756,0.4003265763931354,0.7960789049353036,0.6828008761127162,0.8884270436691302,0.6998862132329713,0.42730818314259666,0.6373821173016021,0.7950896414683803,0.8759869691607483,0.7470155233332094,0.8609411009006358,0.971984940503342,0.8075409127954849,0.7519550113782273,0.7699518620161174,0.8146389457837511,0.648126357476834,0.8026144365483829,0.9677588596715981,0.7863865826147389,0.7677386497295298,0.7517843912288076,0.4693639487225735,0.7960789049353036,0.8924795232817444,0.5408073956023713,0.840299997105036,0.3451642508704822,0.8055831071826012,0.9732645673384563,0.43296440839432915,0.7830190911339326,0.4047307608570192,0.29335372918611313,0.7960789049353036,0.7960789049353036,0.8375105815234275,0.6655061192478178,0.5896146931200565,0.5391322274926353,0.44403727540679605,0.47816731844856264,0.3693086686106446,0.2818120495685381,0.7371854892425702,0.3602862207980554,0.7960789049353036,0.9949355232802641,0.7765395464272922,0.8487307132759603,0.33647944902798876,0.7950896414683806,0.549891820997205,0.7960789049353036,0.7960789049353036,0.26248439641790433,0.8075409127954851,0.3435083360822012,0.7218645934534567,0.3793334722949244,0.571890257643106,0.8550443936873219,0.7839736356492892,0.4244835973134493,0.3335545246131497,0.7960789049353036,0.6397388793457002,0.2925542739179503,0.846791867305988,0.9000012885687346,0.7406536484789741,0.9560629763551856,0.9600145028424167,0.6525973628731698,0.8028669104368944,0.5523190021991038,0.7960789049353036,0.3670423542948077,0.8597870437542163,0.6124044423331082,0.5746332016211855,0.533195907374723,0.839238545859937,0.6183288948511129,0.4960613015875559,0.8245098594864115,0.9328418339509528,0.47436599840001936,0.8811414776974359,0.80493019780615,0.8073542913753671,0.7685922187366276,0.37264297038464744,0.8170571011959711,0.7894685038194518,0.6599195789144809,0.7778061739483548,0.8609411009006358,0.8204516709946494,0.8487307132759605,0.6766059162715226,0.923406528198641,0.998082343121321,0.6563653253447552,0.6982869791204072,0.6308690057809887,0.8527046452594772,0.8404071783150313,0.8173902168691825,0.7766258836139817,0.4056036772835683,0.7961879202034745,0.7894685038194517,0.7566539863086953,0.6373081167353187,0.9780375215654526,0.5568518162015166,0.8953524242954565,0.5157591006924729,0.5438157748379948,0.7960789049353036,0.5472271533759232,0.9942689960699099,0.35081438501009776,0.8402999971050358,0.9300233743354357,0.7358234924027585,0.6415493674530759,0.7960789049353036,0.2647984628090372,0.26896324348051115,0.9389679983738946,0.2696681611811751,0.3544758367367211,0.29850247286509424,0.8078013427639643,0.37350261700691434,0.7954510153947347,0.9942122546682378,0.4221183251583599,0.7070793564563411,0.5546645312738518,0.815228119571979,0.7990032559708717,0.7792280426333984,0.8576020292627484,0.9558757218037737,0.40427695385940177,0.8763802490823563,0.23152401138080814,0.9659561259078233,0.816979725783827,0.4435211571426677,0.45546439474956113,0.7621327401613927,0.34626578400920316,0.3598436271899331,0.7960789049353036,0.18739299203635384,0.4667215759339389,0.6594544116353662,0.7960789049353036,0.3701635798423516,0.8471601894990164,0.7950896414683806,0.8792630957282715,0.7894685038194521,0.6120232833525743,0.7685922187366285,0.8336720014223045,0.8414544485377815,0.9450738241165639,0.799003255970872,0.280471324676804,0.7960789049353036,0.8550443936873217,0.7960789049353036,0.8322437174658707,0.614694625345459,0.5805133081066207,0.8487307132759603,0.7656432080424773,0.6058518366586636,0.7031162343170735,0.7581935407074523,0.7960789049353036,0.7069003311363491,0.44362288461338484,0.4918089293621515,0.8551771082849591,0.8978081378264584,0.848318897532643,0.9565225145379794,0.7138633607393257,0.8694744805372403,0.569928686191076,0.23785643121979438,0.8694744805372403,0.8174370181507045,0.7765395464272933,0.543234125985252,0.8694744805372403,0.8487307132759603,0.9258967674814731,0.8320620122916541,0.633415756941937,0.797863166714925,0.6938609895470795,0.7224578250075424,0.7523832370627911,0.6581723978086118,0.9482060203641693,0.6915567212364657,0.7625724501176584,0.8169797257838265,0.8960329128836397,0.5899666861844106,0.6199587600065322,0.6167875513589667,0.6739487586588652,0.7172701775152348,0.585189109978872,0.7434303000178244,0.8028669104368944,0.8582549451842307,0.8202003210945326,0.8582758607411114,0.9384159066143357,0.7280980416776084,0.7977188416058411,0.7765395464272922,0.7856429156142741,0.7640628185387268,0.7245454077044955,0.6636891081920113,0.8200107221568942,0.6727553770295231,0.6741981521840745,0.7612352883807547,0.7938728455083093,0.8924795232817444,0.7275746915255853,0.5613569560093037,0.6632588067099703,0.6333716068771551,0.9879608459045303,0.948079259322322,0.9067689494768458,0.7749008040210252,0.7249477881963555,0.8577956763692614,0.7822809882397279,0.8329159536507165,0.8522215355377095,0.9905878475233603,0.7051000760969124,0.8550269631929824,0.8253743886792999,0.9775367855890994,0.9271865621355742,0.82808284669933,0.7884016635964683,0.5592938406899755,0.7091442460650466,0.9185991421540305,0.9804263957749484,0.5060719624397474,0.9600879966230038,0.8152992487169168,0.8152992487169168,0.42797301949689515,0.9030307192041096,0.572927035063882,0.7979107482144301,0.5559925333626772,0.6998862132329713,0.8181301843558837,0.6012530573805918,0.9146740953343004,0.8759869691607483,0.8402999971050358,0.7954339136657298,0.8661225030173026,0.9438004212259382,0.8181301843558837
p217_M,0.6283103252019777,0.9205091709847006,0.36882917569105245,0.8880265470939597,0.8709005235160128,0.9996425793957208,0.9661805489702422,0.9675567992554057,0.6989031042017515,0.8754775406461834,0.7762794789361446,0.8358428353123897,0.8358428353123897,0.6585975420118596,0.9991519733390338,0.9905040071216433,0.898372029285229,0.5691188494995539,0.8803304081752216,0.9878873607719469,0.5334127892865522,0.6883324749111581,0.9832076187676911,0.8771251090843863,0.7273493261654516,0.7855342689816791,0.6502165171874391,0.7581095512159899,0.9878873607719469,0.9978685546888825,0.8508573959847434,0.8903723822424179,0.7213067612225857,0.9269996538414347,0.8709005235160128,0.9161123728491164,0.752852853980952,0.6943889141156923,0.8820512005878682,0.6061360361926784,0.4017192333456425,0.7897455017444921,0.8820512005878682,0.727392255423259,0.9259448639627611,0.42746057333258247,0.7339919640924342,0.6885006095798505,0.6288207363876017,0.6612963237243663,0.8903723822424179,0.34571996977617525,0.7855342689816791,0.8163761849746596,0.8210898379602247,0.6195376551176885,0.865282448042382,0.8409971458279799,0.8554852831998656,0.8015055770268693,0.7059144460884219,0.7387415234361092,0.9839847019044763,0.7635611901031853,0.7250871274579649,0.6224166639589761,0.9445378021171831,0.6338816873837341,0.6043558252712673,0.9161123728491165,0.6902488674656986,0.6515054365825244,0.8709005235160128,0.4574733281236947,0.8409971458279799,0.4615247094036512,0.8396703000520964,0.7762794789361449,0.6582394136555667,0.7630301393628989,0.8374992460005586,0.9608915362427322,0.8835498911828262,0.7995998786134005,0.8409971458279799,0.6013481455934331,0.9910081251930357,0.7254014701048246,0.9177634264252696,0.8358428353123903,0.8409971458279799,0.5332146842647099,0.4593120554574188,0.5598585599203845,0.8343077562043932,0.6885006095798504,0.5658827763485417,0.48525551870777117,0.44935858131589157,0.511418560233829,0.7312398337198219,0.9473375332459506,0.6805488111634861,0.875385833016256,0.966560698767458,0.7372025494796415,0.5437523933575761,0.3655381421849846,0.802741085523923,0.49110633451140817,0.599081495365652,0.8587684430909976,0.6037035730908653,0.7457468410573589,0.7339919640924344,0.5527510098090014,0.9216220425909147,0.8691958391075136,0.8024655460350361,0.5841324454935606,0.7846225916525831,0.6126306339470334,0.6284209917842678,0.9364882753065995,0.9378884960817074,0.6848536871722304,0.6911825144918418,0.6230350005464443,0.9520696192944196,0.7347269473178135,0.6017018048115383,0.9251942656894033,0.7794479864767841,0.8820512005878682,0.7605078558975681,0.6869458524342547,0.6368211727759188,0.812465949604864,0.7794479864767843,0.830814051878261,0.47116097208097885,0.7498230589346039,0.7150239032526198,0.43188290611452684,0.6457797539703752,0.7201512018811549,0.7969978488301324,0.505647235115084,0.7813770585443969,0.4236618718832683,0.9371727591442106,0.7059144460884221,0.75835508151441,0.7656824087243889,0.9115198389891035,0.8040617587393206,0.8425952678077864,0.6523407787245559,0.8359453704795139,0.7396275488050571,0.9801930230018694,0.8614601651570805,0.8483916828562633,0.38090022166562765,0.47242048294338257,0.6712572667054372,0.7235908264425868,0.6257166351479304,0.8835498911828263,0.6394769096553139,0.9714552762147235,0.6701933327639817,0.933653630473779,0.9484619719677945,0.9779715530258775,0.6924243917636137,0.9876763021969064,0.743706832164007,0.7821266326705043,0.7807712098288546,0.9315679709826996,0.7965535042460006,0.9769846266445151,0.8358428353123897,0.616062742313557,0.5443634330111646,0.5983556486906707,0.7094432912124289,0.8163761849746596,0.9429405795551469,0.8308140518782612,0.8410251327353993,0.35643859148288104,0.39336099968516636,0.76009384405395,0.8409971458279799,0.8462899393398311,0.8297886824957056,0.68850060957985,0.491079260968186,0.7106119762964649,0.8358428353123895,0.8409971458279799,0.42395955254340245,0.5090870231186893,0.8754775406461837,0.8409971458279799,0.6393382343831661,0.7736650317691671,0.740359039533339,0.6516302083837817,0.509556192557389,0.7573634207505046,0.8409971458279799,0.5490775156020802,0.8409971458279799,0.7497535235424202,0.4878936654812527,0.4372002382208551,0.8409971458279799,0.8310905160173574,0.8409971458279799,0.5817955770524532,0.9098070404912639,0.6319032541482941,0.4472809634119005,0.7339919640924341,0.309413582900244,0.8308140518782607,0.7162160900915504,0.8072081079523787,0.7884111728999822,0.6845037406188124,0.8919278805412741,0.7464300233487047,0.7022911594452048,0.6906152972201871,0.7229503709412761,0.7272290726502011,0.9878244962516158,0.7347269473178126,0.8258996239394494,0.5173829478035159,0.887380262815934,0.8409971458279799,0.6954211266162027,0.8409971458279799,0.9591676034510461,0.7785469970402595,0.8573544191143383,0.773211815024138,0.28375592165206576,0.8462899393398311,0.731047286957041,0.6531530753795627,0.5909471670789357,0.8792718189530241,0.5655745286057923,0.8517363824474664,0.5959855906712119,0.7750067010966856,0.5123950728669291,0.8358428353123903,0.8974778163860966,0.496739249847303,0.8820512005878682,0.7064201878666301,0.746669359956708,0.8600427127773942,0.966560698767458,0.5907832941105748,0.8573544191143381,0.5258110880293279,0.5719331052678056,0.6386223059244514,0.7372025494796415,0.46447069199453184,0.8273929016942925,0.8722312804688888,0.8008532032332507,0.7372025494796415,0.9194422256497141,0.48346978005049857,0.9652730722844716,0.5827636739015919,0.700311906572241,0.7021249138262728,0.91204704338764,0.42195004554762217,0.8015055770268694,0.7021249138262724,0.9570613159555649,0.21068482965010338,0.9161123728491165,0.6921124866644046,0.5457675630477319,0.43800987601725094,0.8003595459766975,0.9161123728491165,0.6805488111634861,0.8329830381419102,0.8015055770268695,0.8785018758610237,0.4197112115574231,0.7329542800755011,0.9889283662217264,0.6061360361926784,0.7384325449374185,0.3877503311396121,0.7165629027870095,0.6379453701826279,0.8403276610724834,0.6848536871722306,0.714205153508682,0.6192631343266655,0.9371727591442106,0.7521988649018696,0.9129474806881046,0.8315703920021769,0.7736650317691678,0.5417953645845338,0.851736382447466,0.8409971458279799,0.8573544191143372,0.995047930904774,0.5691188494995562,0.7372025494796415,0.8631655385537387,0.9317035967235502,0.8409971458279799,0.9004739113325246,0.8691958391075139,0.8813363593793101,0.886873243427109,0.7341418698941369,0.8483916828562632,0.8903723822424179,0.47834154602285395,0.16379371838635148,0.926401503500403,0.8210898379602254,0.2587001234060061,0.8517363824474664,0.7660463510705093,0.2073559041257076,0.8163761849746596,0.7201512018811544,0.9609220139321422,0.2918945488287139,0.6504979263848848,0.31790154032222473,0.7053621865425033,0.8358428353123903,0.9183456930108493,0.6602544770187923,0.39598525589858724,0.399715690788633,0.1358766301228308,0.8409971458279799,0.5424534520596493,0.7421654672992346,0.6396449527093307,0.9196445757060787,0.8754775406461834,0.5295051157107538,0.8409971458279799,0.8409971458279799,0.7813770585443967,0.7166683577684578,0.5420429498761425,0.8409971458279799,0.9878873607719469,0.7403555665395529,0.8880265470939597,0.4214587650020186,0.38050255263699695,0.9197758326677533,0.626050174064435,0.7640013874816272,0.1324739716895963,0.235805488633142,0.8409971458279799,0.43921586694111325,0.7106112792625798,0.3008604121282712,0.36058133571811846,0.7105542821952908,0.8310650428857047,0.7021249138262726,0.361651788470708,0.8409971458279799,0.21549648662062237,0.9609365989930916,0.8871812482185697,0.5447777790432375,0.8462899393398311,0.23209390281058562,0.8558959967570534,0.8409971458279799,0.6748132219968512,0.4403107237836591,0.8409971458279799,0.8035470960522844,0.77003428644814,0.4571602583423845,0.15227272949541792,0.38090022166562787,0.8409971458279799,0.8353000785321464,0.6056136301231825,0.9661023720508124,0.793731586681929,0.5970637548233397,0.7276601851075439,0.7129946683129407,0.4816380043429408,0.7021249138262726,0.7329542800755009,0.6445850894057779,0.8133039187010562,0.5531428403306484,0.8684041260620083,0.35002077698195977,0.822616724013298,0.7134120602206246,0.6382631582337096,0.8409971458279799,0.940759768455304,0.6434485050193612,0.7929598284014707,0.8889954160089981,0.9185956778854968,0.830814051878261,0.9722725747965031,0.9686990421928383,0.830814051878261,0.8535237339488045,0.7702589442275862,0.947933506994979,0.4549294589491313,0.7326087816636598,0.8691958391075141,0.5191156586769456,0.8754775406461837,0.9216220425909147,0.9925204240799324,0.7002594971861147,0.8144473291952732,0.824762939018447,0.7354481137479277,0.7777865574945615,0.9770555574135862,0.7897455017444923,0.7387784166248055,0.6524499464027895,0.8836034327136275,0.891927880541274,0.9952108387251197,0.8514200002806847,0.8245520852436378,0.8056745756616452,0.8117511609963393,0.7652265166628873,0.7539497117167433,0.5959407237721366,0.5632864110912057,0.9637637973271103,0.8231915280738387,0.7538940446617497,0.7574013541427946,0.7940143529543535,0.7983447668609216,0.14139039102654338,0.8374992460005588,0.6680209477141437,0.7940143529543535,0.798016039265937,0.7834271480057995,0.9251942656894035,0.8519035433510945,0.5278982373778205,0.7207093068856754,0.736752298184018,0.8691958391075141,0.8852347761414247,0.7928047305832939,0.8623362387873973,0.9548796140017048,0.7329350212200358,0.870799194607697,0.8903723822424179,0.8691958391075136,0.7209882074059782,0.2739725978801748,0.5667669310817389,0.7283067247549968,0.7864201167460114,0.47331197821417303,0.818733612799404,0.8258996239394496,0.4766381837208955,0.8409971458279799,0.7593994052903227,0.8409971458279799,0.8409971458279799,0.43262022180800375,0.7983447668609216,0.7913320663094453,0.8409971458279799,0.4034304334811176,0.492061443200559,0.7541959895434911,0.8305082939221752,0.5013999701379279,0.5182581539205939,0.839200303063895,0.6954211266162034,0.4988700550561185,0.8210898379602249,0.9797939148522415,0.8631655385537389,0.7421654672992333,0.45901867718720446,0.5490775156020797,0.5925418884231942,0.8480076850671181,0.8873802628159337,0.6726627371495877,0.9317900942184545,0.46476702886973664,0.7021249138262726,0.7734025478105274,0.8324310788092015,0.9759304614791675,0.691944132939174,0.5535174481109324,0.5626720929662924,0.7059144460884217,0.7983447668609212,0.7700738017372333,0.8517363824474662,0.807208107952379,0.7528528539809524,0.7679555164092563,0.5807397614238852,0.5773434747721475,0.8573544191143383,0.6536434114092291,0.82589962393945,0.7968093696553333,0.46844190765823945,0.7864201167460121,0.3008604121282712,0.7316270859297895,0.8419009527071729,0.19400129884437112,0.5328968462940824,0.6954211266162029,0.2040172630214656,0.8144473291952737,0.7094454995691724,0.7563257306939888,0.8409971458279799,0.7134120602206246,0.8564945826088475,0.870900523516013,0.5437881563140965,0.8072081079523781,0.8308140518782614,0.6882205701432083,0.3657516396616639,0.8861197901581855,0.3884760426343563,0.8997028191022892,0.3327362030888231,0.8374992460005588,0.5966347695754264,0.830814051878261,0.9018433792809051,0.6016143296171037,0.6422637014605201,0.6576749019552592,0.5830145364084776,0.6401922138244434,0.23859257298355485,0.586619430026253,0.7913320663094453,0.48479182341905935,0.3283113865366468,0.765226516662888,0.8754775406461837,0.7768134933560441,0.8462899393398313,0.42011789709832437,0.76592155115469,0.6646616360537141,0.8358428353123903,0.22027265437361443,0.0,0.9602071727235837,0.6983974011335423,0.9473375332459504,0.6610287262395544,0.8483503232125804,0.6947416173475591,0.7444221130377375,0.6995804875755138,0.802741085523923,0.993332901515336,0.7247833089277036,0.8648995313078971,0.7794479864767841,0.9214866072600052,0.8409971458279799,0.7861655139168746,0.3576117870399851,0.5387915989682786,0.7617721069617653,0.8409971458279799,0.6346332920727533,0.3059852813574294,0.7059144460884219,0.9088837293741505,0.3950689638962459,0.664723091123636,0.6435686109058723,0.9977493339298353,0.8525544263661331,0.9328895674747235,0.5324834659391153,0.5088246366684849,0.7250871274579647,0.5290742034604365,0.8429420123219552,0.957061315955565,0.7980160392659367,0.802465546035036,0.7732118150241378,0.6883731551515252,0.7630301393628993,0.6310830625399975,0.8652824480423817,0.9197758326677532,0.798342003915586,0.44628061358102034,0.8691958391075141,0.8409971458279797,0.857654049666025,0.2750438667570223,0.3809002216656281,0.8358428353123903,0.9115198389891033,0.8258996239394494,0.8358428353123903,0.8358428353123903,0.7660463510705084,0.8409971458279799,0.8258996239394496,0.7640895561842883,0.8409971458279799,0.6099957067300077,0.8845977289248239,0.8691958391075136,0.7021249138262726,0.8974778163860964,0.8462899393398311,0.8358428353123903,0.33629701814089674,0.5556860390993403,0.7983447668609214,0.5022624434389149,0.8409971458279799,0.5619670788959481,0.9154704829797891,0.7768728900183863,0.3666984987221853,0.515255211549051,0.7372025494796411,0.9696306183180516,0.8027410855239232,0.9148302926199988,0.9004739113325249,0.8300656996036521,0.7736650317691678,0.8138505852099466,0.977880845371545,0.7936831896596994,0.7247833089277057,0.9765417331291988,0.8329830381419103,0.7339919640924344,0.7441139342796688,0.5602363144067961,0.8409971458279799,0.9008039012040463,0.44679992987269446,0.8754775406461837,0.35823209698027303,0.7329350212200355,0.982264158969903,0.5033502134385774,0.830814051878261,0.3973688402142357,0.33861424575294063,0.8409971458279799,0.8409971458279799,0.7503164099044921,0.8068221712702237,0.7229503709412761,0.5831095249358385,0.5569980641968937,0.3877503311396121,0.37356704752838066,0.4249245322598396,0.671309213669925,0.4797381328808612,0.8409971458279799,0.6885006095798505,0.7134120602206246,0.8820512005878682,0.2721912238659089,0.7372025494796415,0.4847918234190596,0.8409971458279799,0.8409971458279799,0.3051875821267733,0.7702589442275861,0.3303981211880107,0.7135554457679814,0.19994455086588936,0.57402492703971,0.7952255655305929,0.9530974531666601,0.5086704596000609,0.33929098998290075,0.8409971458279799,0.6617327436861973,0.42902005328776127,0.8145231934700623,0.8691958391075139,0.7243967145120784,0.9844923281793009,0.9430126083830715,0.6809222531215944,0.8462899393398313,0.5563123449237752,0.8409971458279799,0.45747332812369423,0.939538102588119,0.702291159445205,0.7091517951953343,0.5178896931173801,0.8163761849746591,0.7024006022799698,0.4319716650198795,0.8631655385537382,0.9545383553487525,0.568865339121065,0.8258996239394496,0.7872929989765256,0.7574013541427946,0.7855342689816796,0.4927890368608865,0.8573544191143379,0.8358428353123903,0.7785363236239684,0.7772705804307922,0.8369541237172905,0.8359445478480174,0.8820512005878685,0.9342993348456758,0.8820512005878682,0.8820512005878682,0.5643244157296801,0.7700738017372333,0.6748132219968512,0.8409971458279797,0.8247629390184467,0.7387784166248044,0.8072081079523783,0.44046108479942236,0.7213067612225865,0.8358428353123897,0.7996110161512187,0.6846843548990922,0.8462899393398311,0.5572340108145417,0.7620589941812745,0.6582394136555667,0.5968441419481776,0.8409971458279799,0.516776133407344,0.9307072788920796,0.4319363408296746,0.8754775406461834,0.9069075201326624,0.7940143529543529,0.5604786806905501,0.8409971458279799,0.3884760426343563,0.18103102464132215,0.7940143529543531,0.3922388130232952,0.4574733281236947,0.4144836129807342,0.7464300233487045,0.4829114978436846,0.7906881263290848,0.8684555574029142,0.4030220950581307,0.6434002186344215,0.4923695523588084,0.8024655460350361,0.8861197901581855,0.7403555665395527,0.9591187992141903,0.894800559519012,0.49546980877481284,0.7130462327508251,0.18650497179673153,0.8409971458279797,0.8358428353123903,0.5192945049380118,0.4432323304179534,0.6503477590749828,0.3008604121282712,0.23789798482872682,0.8409971458279799,0.3379211404299416,0.3574005813623041,0.5543116306109047,0.8409971458279799,0.5124551502057029,0.8558959967570533,0.7372025494796415,0.7983447668609216,0.8358428353123903,0.5851071462091562,0.8085823718930641,0.8291525085329298,0.9113131947533517,0.9746302830597705,0.7162160900915512,0.1890696611565471,0.8409971458279799,0.7952255655305931,0.8409971458279799,0.8691958391075139,0.595927495905348,0.6379453701826279,0.8820512005878682,0.7691979825245208,0.5712030512559076,0.7203106751245758,0.6585975420118596,0.8409971458279799,0.515060879436821,0.47929155744079655,0.5482216462936398,0.8494345263887616,0.8174850814916143,0.8573544191143381,0.8708422462192252,0.7612950419868565,0.7581095512159903,0.6646616360537141,0.27654997425949834,0.7581095512159903,0.7211690888524327,0.7134120602206249,0.45388449037450385,0.7581095512159903,0.8820512005878682,0.868744187347554,0.8771251090843863,0.5491321765180213,0.8445335087370274,0.7612950419868565,0.800712487631012,0.8585589340127573,0.6033256170091674,0.8226167240132978,0.731047286957043,0.80406175873932,0.8358428353123897,0.8324310788092018,0.6063560698467882,0.6377403597316691,0.52102262863078,0.6125054529897809,0.7426521944628788,0.6071302258511952,0.6968748369723712,0.8462899393398311,0.7977260646247577,0.8318691676010088,0.8158604918305271,0.9846369294048609,0.7204719233274057,0.8447222735632884,0.7794479864767843,0.7250871274579647,0.8005833855039828,0.7691979825245219,0.6867280661945208,0.7819525210633156,0.7852113668973699,0.7072300567674425,0.727349326165452,0.8457991501177131,0.8300656996036522,0.7181021361780191,0.4626105625847331,0.6621508247972814,0.723216534909503,0.9291207125233766,0.9995853501168296,0.9724045319267369,0.824076483210094,0.7855342689816791,0.7880806905751001,0.840143375396244,0.9703280225360669,0.7774405228396299,0.9548776753771019,0.6217909689108265,0.7455091701462655,0.7573634207505046,0.9958718307026402,0.9972904355285022,0.7658590143585957,0.7528528539809523,0.660547414427038,0.7732118150241358,0.8614601651570807,0.924904696913045,0.6010849093223005,0.9574856031621495,0.8580717879645416,0.7449393660891974,0.515060879436821,0.9437500733067656,0.4409486727873281,0.8517363824474662,0.5589851621230284,0.7291936947931357,0.7593994052903227,0.6977456892478184,0.8587684430909973,0.9995342119373932,0.8754775406461834,0.8793817066208733,0.8691958391075139,0.9185433087672608,0.7593994052903227
p218_C,0.890983466925004,0.9564866901437921,0.9673483838836943,0.9970799457879603,0.9623211158059548,0.9720496894409938,0.8966975273754749,0.9272418419559991,0.9286491105644255,0.9209839463193067,0.9553906988562064,0.9610996995613952,0.9610996995613952,0.9425114327004684,0.9579181659574109,0.9930547404043363,0.9587434581480645,0.9491780856091547,0.9690033562225546,0.9209839463193068,0.9904486487301195,0.9726326202607707,0.907188556178884,0.9471168020442999,0.9751129258825252,0.9491780856091547,0.9587434581480645,0.995006876394922,0.9704919301607371,0.9437668361191331,0.9443657603723179,0.9381728330554157,0.9576036838348734,0.9397924012017989,0.9623211158059548,0.9273614004407343,0.9471168020443,0.9576036838348732,0.9720496894409938,0.9861053894336532,0.9748214106481392,0.981956748291383,0.9720496894409938,0.9906522225387782,0.9587434581480645,0.9931087807614842,0.9648659912110238,0.9764578705634923,0.7890004138281903,0.919737437035689,0.9661972965770262,0.9688847748640843,0.9491780856091547,0.9564866901437918,0.9576036838348732,0.9233710276669693,0.7292573298947764,0.9623211158059548,0.8434948191248512,0.9599080294518356,0.9303105872741888,0.8929884899833642,0.9840677331869968,0.9748214106481391,0.9675743567407267,0.9080857823028665,0.6512832219527402,0.9340813247611222,0.9035631283533636,0.9273614004407343,0.9987382114239769,0.920403730898499,0.9623211158059548,0.9483195130327327,0.9623211158059548,0.9620090329381987,0.8995793727310533,0.9700351664034113,0.9071879956687867,0.9720496894409938,0.9700351664034113,0.9511876099263499,0.9453068780840737,0.9491780856091547,0.9623211158059548,0.9389009867184677,0.8265261252013358,0.9676837770879045,0.9695535385776712,0.9610996995613952,0.9623211158059548,0.8898187755722902,0.8542772224254337,0.973984063200021,0.9453068780840737,0.9764578705634924,0.8937064799261265,0.9904486487301193,0.9425776694058794,0.8655480930335329,0.7292573298947762,0.9648659912110236,0.9623211158059548,0.9405104606214995,0.880789764654921,0.9690033562225546,0.931147340525424,0.9243743344764213,0.953255582527178,0.9502404605673516,0.872219771452842,0.9501760208500687,0.8944675982845542,0.852364480730407,0.9648659912110238,0.8392586329331393,0.9673074603196744,0.9690033562225546,0.9720496894409938,0.8947109826062525,0.9354001807590553,0.9010995033577462,0.953255582527178,0.9936310971469994,0.9491780856091547,0.9304029270140832,0.9635753483468394,0.938659923338481,0.9547434413197933,0.9371382816751241,0.9056153321941811,0.9648659912110236,0.9661972965770262,0.9720496894409938,0.7218199254077107,0.9648771726248762,0.9548754176902221,0.9661972965770262,0.9661972965770262,0.9599080294518358,0.9197196988710052,0.9704919301607371,0.9847195507103004,0.9223296501433531,0.9439560418134949,0.987883051676453,0.9684455580859814,0.9223798585420757,0.9481929520311925,0.8952501289971454,0.9209839463193069,0.9303105872741888,0.9750176878081551,0.9568784918748876,0.9381728330554158,0.9481929520311922,0.8837177199146214,0.8963063030143585,0.8939283999593048,0.8551218848344512,0.9551288496473618,0.9428375253830147,0.9511876099263499,0.8907614131129442,0.9778525174284827,0.8340216843001685,0.9386599233384809,0.9748214106481392,0.9453068780840737,0.9250632826893765,0.9970799457879603,0.9610996995613952,0.9472198404849026,0.9195138840882444,0.9729552798479699,0.9129948636656304,0.9273614004407347,0.9470898955447686,0.8234978757202301,0.9620090329381987,0.9345395918631998,0.9641171417560046,0.9472198404849024,0.9610996995613952,0.9368211999004498,0.9456646986036489,0.8947109826062527,0.9776569049810195,0.9564866901437918,0.8730040523026371,0.9599080294518356,0.9801025842096873,0.9444890139785416,0.9557822778688272,0.9826171532883463,0.9623211158059548,0.9471168020442999,0.9599080294518358,0.9261840328635953,0.9170249213338444,0.9197374370356892,0.9610996995613952,0.9623211158059548,0.9267494271366014,0.9557822778688272,0.9704919301607371,0.9623211158059548,0.9540984079056033,0.9935264355112596,0.9157773781681391,0.8939283999593048,0.863030433910728,0.7022728639633586,0.9623211158059548,0.9840459491448121,0.9623211158059548,0.9130801394464838,0.9589610879075023,0.9560373517862556,0.9623211158059548,0.8949174096536268,0.9623211158059548,0.9737090553906053,0.983902503224694,0.9380163966266188,0.8282538092396305,0.9648659912110236,0.9417401014264111,0.9599080294518358,0.9522137875062904,0.9543141322095121,0.8081565826550231,0.8832165619961236,0.9980634982842684,0.9661972965770262,0.9253688519211308,0.9189419416378726,0.9788715516976696,0.9778525174284827,0.9371382816751241,0.9371382816751241,0.9613973877408789,0.8551218848344512,0.9599080294518358,0.9623211158059548,0.9278239868212361,0.9623211158059548,0.9153151841896083,0.9935264355112594,0.9661972965770262,0.9462580354121288,0.904583981141521,0.9471168020442999,0.9362663130722397,0.953255582527178,0.8399118680875938,0.9700351664034113,0.8970542565865081,0.9428375253830148,0.8791214387104956,0.9912539269909322,0.9638838534161631,0.9610996995613952,0.9675743567407264,0.8954700073276677,0.9720496894409938,0.9540984079056032,0.9152405383832365,0.9819567482913832,0.9470898955447689,0.9177504307481291,0.9661972965770262,0.9277544613703692,0.9243743344764214,0.9788962217113013,0.9690033562225546,0.9116680775411063,0.9920754410433734,0.7726260462381258,0.9776569049810195,0.9690033562225546,0.970911469867437,0.9756474243794322,0.9675743567407267,0.9763491073983368,0.8158540812532468,0.9648659912110236,0.9436654046332619,0.9320684863015753,0.9599080294518358,0.9428375253830151,0.8505410419770528,0.8877284767626414,0.9690033562225546,0.887954375199739,0.8923606027185702,0.9930547404043363,0.9964003840614115,0.9690033562225546,0.7778515786059421,0.9204037308984989,0.9599080294518358,0.9661972965770262,0.9282308144182454,0.9741037694931156,0.9648659912110236,0.9481929520311925,0.9380163966266188,0.8717933901085883,0.986534342747938,0.9599342186802842,0.9625193750831524,0.8185746204202073,0.8780124908814335,0.9208217508962295,0.5954115757594372,0.9286491105644255,0.9209839463193069,0.9980634982842684,0.9935264355112594,0.852364480730407,0.9428375253830147,0.9623211158059548,0.966197296577026,0.9278239868212361,0.8505593707793003,0.9690033562225546,0.9675743567407267,0.9547434413197934,0.9623211158059548,0.9751129258825254,0.9690033562225546,0.9720496894409938,0.9336842693103169,0.9015244985178157,0.7726260462381259,0.9661972965770262,0.9540984079056032,0.934042390353913,0.9751129258825254,0.9576036838348734,0.8813363593793098,0.9648659912110238,0.9980634982842684,0.8753236120931847,0.9564866901437918,0.987883051676453,0.9720496894409938,0.9748385281460679,0.9397924012017986,0.9467915377189187,0.8016790795187665,0.9610996995613952,0.9987382114239768,0.9010995033577462,0.9320684863015753,0.9330257144062248,0.9062284136028744,0.9623211158059548,0.9322652690737794,0.9965185747417931,0.8234978757202303,0.9389009867184677,0.9704919301607369,0.9648771726248764,0.9623211158059548,0.9623211158059548,0.9861053894336533,0.916990468499789,0.9391935263864014,0.9623211158059548,0.9704919301607371,0.7778515786059422,0.876262702764818,0.972947370281771,0.9185403795853204,0.9510697823313444,0.8118167761922634,0.9726326202607706,0.8917340290011037,0.8787867768370723,0.9623211158059548,0.9980955800828025,0.8340216843001684,0.9457852099119537,0.87347572253113,0.9434341193662401,0.8395804738396503,0.9428375253830151,0.9234065281986408,0.9623211158059548,0.8888189842675743,0.9491780856091547,0.9368211999004499,0.8942337378335059,0.9471168020443,0.8929884899833643,0.9644342014392548,0.9623211158059548,0.971803912061864,0.9301516024075412,0.9623211158059548,0.9434341193662401,0.8851211507720569,0.8404607554034048,0.9096830221389964,0.9282308144182452,0.9623211158059548,0.8734757225311298,0.9340813247611222,0.9675743567407267,0.9481784169066946,0.9475726541694047,0.983902503224694,0.9319883865480127,0.8327425778329425,0.9648659912110238,0.9741037694931156,0.9157773781681393,0.9071885561788837,0.8907888642207369,0.9192955526446764,0.9901199804948464,0.9522137875062904,0.9661972965770262,0.9840677331869969,0.9623211158059548,0.8237261571040231,0.927002353944838,0.9497531817955676,0.9553906988562064,0.9899835764925832,0.9599080294518358,0.9253405665393422,0.9471168020443,0.9599080294518358,0.9553906988562064,0.9623211158059548,0.9564866901437921,0.9113672383288541,0.9169904684997889,0.9690033562225546,0.9259593348757931,0.9704919301607371,0.9564866901437921,0.9774873843362968,0.9272687068821164,0.9726326202607706,0.5954115757594367,0.9263053241256367,0.9480026438367747,0.9197374370356892,0.9501760208500687,0.9543141322095121,0.9700808834258972,0.9648659912110236,0.9397924012017989,0.8750116732174094,0.9528969934766465,0.979765804114769,0.9249165419327742,0.9553906988562064,0.9443657603723179,0.882673765562921,0.8312943488564517,0.9667762608570645,0.9587434581480645,0.8999600766760718,0.7971404147868455,0.9970799457879603,0.9511876099263499,0.9522137875062904,0.90738662766075,0.9700351664034114,0.9886334735196289,0.9511876099263499,0.8936972568164698,0.9293530163238195,0.9648659912110238,0.9156811575686242,0.9444890139785416,0.8306286611882308,0.9253688519211309,0.9690033562225546,0.9130801394464836,0.9673483838836943,0.9675743567407267,0.995006876394922,0.961397387740879,0.9587434581480645,0.9661972965770262,0.9273614004407342,0.9443657603723179,0.8607491670904541,0.9354001807590553,0.9610996995613952,0.7864297230821703,0.8689304945061072,0.9105871713767661,0.9587434581480645,0.8791214387104958,0.9623211158059548,0.9675743567407267,0.9623211158059548,0.9623211158059548,0.9035853419274651,0.9522137875062904,0.768852113385853,0.9623211158059548,0.8963066301031358,0.9188090811153944,0.9371382816751241,0.9469265748682145,0.9980955800828024,0.956192168369973,0.8655369948545275,0.9788715516976696,0.8812473067855704,0.9644342014392547,0.9917593122917416,0.9675743567407267,0.9389009867184679,0.9839476580038088,0.8931449617140894,0.8076216697049505,0.9576036838348732,0.9581756603540754,0.9738208744795109,0.9675743567407267,0.9304693328855392,0.9648659912110238,0.8727206163368169,0.9543141322095121,0.9819567482913829,0.9522137875062904,0.927754461370369,0.9434341193662401,0.9303105872741888,0.9522137875062904,0.9406910117203193,0.9648659912110236,0.9543141322095121,0.9635753483468394,0.9362663130722397,0.8939283999593051,0.882673765562921,0.9661972965770262,0.9007517192601686,0.9587434581480647,0.9477961055696322,0.8937064799261267,0.9610996995613952,0.9086318030400213,0.9289749041786237,0.9137336093857831,0.8810606022065588,0.9259593348757931,0.9700808834258972,0.9583081002571008,0.7534728776716186,0.983902503224694,0.9578899577083524,0.9623211158059548,0.9661972965770262,0.995006876394922,0.9623211158059548,0.8533117429016541,0.9543141322095121,0.9599080294518358,0.991834013047275,0.8929884899833643,0.9522137875062904,0.9301516024075414,0.9704919301607371,0.8920577187212426,0.9553906988562064,0.9433079361147025,0.9599080294518358,0.9576036838348732,0.9062891462589933,0.8936972568164698,0.8416726321970069,0.8653728680514654,0.9110706954672416,0.9519158313359334,0.9824060674218802,0.9397924012017986,0.9521664397849134,0.9386599233384809,0.9443657603723179,0.9704919301607371,0.7602184511116354,0.9635753483468394,0.9589610879075023,0.9278239868212361,0.9684455580859814,0.9610996995613952,0.9645797494173389,0.9602071727235837,0.0,0.9102896363632473,0.9648659912110236,0.9389009867184677,0.9380163966266188,0.9501760208500689,0.927002353944838,0.9443657603723179,0.9034814342922287,0.9741037694931158,0.9553906988562064,0.9547434413197933,0.9661972965770262,0.9720496894409938,0.9623211158059548,0.9436654046332619,0.8888235621555166,0.8944675982845545,0.9996437898601822,0.9623211158059548,0.9134191021410438,0.9386466808822661,0.9826171532883465,0.8158540812532469,0.9801025842096873,0.9197374370356892,0.9980955800828025,0.972801702174005,0.9899835764925833,0.8604631486691809,0.9295543723444597,0.9662615489004198,0.9675743567407267,0.9278239868212361,0.7292573298947762,0.9428375253830147,0.8373091029803346,0.9720496894409938,0.9462580354121288,0.9581756603540755,0.9720496894409938,0.9673074603196741,0.9472198404849024,0.9510697823313443,0.8799873197458246,0.9486052736174677,0.9690033562225546,0.9510697823313443,0.9543141322095121,0.8653728680514654,0.8907614131129444,0.9610996995613952,0.9381728330554158,0.9587434581480645,0.9610996995613952,0.9610996995613952,0.9397924012017987,0.9623211158059548,0.9613973877408789,0.9633423340760361,0.9623211158059548,0.9511876099263499,0.8917796293119395,0.9690033562225546,0.9648659912110238,0.9675743567407264,0.9635753483468394,0.9610996995613952,0.889903934494659,0.9359056217993145,0.9522137875062904,0.9214866072600054,0.9623211158059548,0.9105871713767658,0.9648659912110236,0.9511876099263499,0.9214657932658725,0.8551336555077049,0.9690033562225546,0.9635753483468394,0.9751129258825253,0.9935264355112594,0.9751129258825254,0.9623211158059548,0.9371382816751241,0.9415972144812141,0.8076216697049506,0.8804415508981576,0.9553906988562064,0.9690033562225546,0.7890004138281902,0.9648659912110238,0.983902503224694,0.9223798585420755,0.9623211158059548,0.9623211158059548,0.9578899577083522,0.9704919301607371,0.8069644479580292,0.9587434581480645,0.9553906988562064,0.9464026665065834,0.9599080294518358,0.9195175599669803,0.9517989491489709,0.9623211158059548,0.9623211158059548,0.9362663130722397,0.9704110250992255,0.9788715516976696,0.9311104823849056,0.9250632826893765,0.8717933901085881,0.9599402826694066,0.9263053241256367,0.7104878248571892,0.9368488853021564,0.9623211158059548,0.9764578705634923,0.9661972965770262,0.9720496894409938,0.8929884899833643,0.9690033562225546,0.913455172226983,0.9623211158059548,0.9623211158059548,0.906614785730776,0.9623211158059548,0.9498003965990423,0.9543141322095121,0.9007517192601686,0.9748214106481392,0.9899835764925832,0.9253688519211309,0.9550669449504616,0.8687371263235,0.9623211158059548,0.8373091029803346,0.9406677651804309,0.9635753483468394,0.9690033562225546,0.9917593122917417,0.9916992820910939,0.987883051676453,0.8306286611882304,0.9635753483468394,0.9805219509574511,0.9623211158059548,0.8714375301735617,0.8306286611882305,0.9752737206364959,0.8774310216688324,0.9845729942899282,0.9564866901437921,0.9813508256697674,0.9049746878294582,0.9675743567407264,0.9451910326286188,0.9395833630597998,0.9587434581480645,0.9704919301607371,0.9970799457879603,0.9491780856091547,0.8990495743347309,0.9661972965770262,0.9547434413197934,0.9519163796943126,0.9880755935910335,0.9935264355112594,0.9415972144812141,0.9720496894409938,0.9935264355112594,0.9720496894409938,0.9720496894409938,0.8679857536730305,0.9406910117203195,0.9229405345355655,0.9623211158059548,0.9209839463193068,0.7534728776716186,0.9543141322095121,0.9305176181792798,0.9576036838348734,0.9610996995613952,0.9233710276669693,0.9213345015882413,0.9635753483468392,0.9116334004641397,0.9965185747417931,0.9071879956687867,0.8898284922288977,0.9623211158059548,0.8898187755722902,0.9623211158059548,0.9185403795853202,0.9209839463193067,0.9501760208500687,0.9511876099263497,0.943109586097779,0.9623211158059548,0.9301516024075414,0.8810606022065587,0.9511876099263499,0.9311104823849057,0.9483195130327327,0.9368488853021563,0.9661972965770262,0.9062891462589933,0.9250632826893765,0.8810606022065585,0.921891580360551,0.9774873843362968,0.9182463401305561,0.9720496894409938,0.9071885561788844,0.9623211158059548,0.9245566463845685,0.7890004138281903,0.8804415508981573,0.9700808834258972,0.9142005236871038,0.9623211158059548,0.9610996995613952,0.8828532941996556,0.8533117429016541,0.971803912061864,0.8714783961680888,0.9282993639754937,0.9623211158059548,0.9175610216373451,0.850008560395165,0.9425114327004684,0.9623211158059548,0.9205937947274885,0.9576036838348732,0.9690033562225546,0.9522137875062904,0.9610996995613952,0.9658737650974747,0.9491780856091547,0.972947370281771,0.9880755935910335,0.8551336555077049,0.9522137875062904,0.8741545598607168,0.9623211158059548,0.9899835764925832,0.9623211158059548,0.9690033562225546,0.8516122444825635,0.9142039648291602,0.9720496894409938,0.9453068780840737,0.9968303829711528,0.9813508256697674,0.8158540812532469,0.9623211158059548,0.9919152034643681,0.9435331078267024,0.8892126720780515,0.7456185272242678,0.9935264355112596,0.7469130923202998,0.9443657603723179,0.9341913284130113,0.9380163966266188,0.9205349146293753,0.9282993639754937,0.9380163966266188,0.9970799457879603,0.9661972965770262,0.9930547404043362,0.9380163966266188,0.9720496894409938,0.7838051895754521,0.9635753483468394,0.9609676410723691,0.9547434413197932,0.9341913284130114,0.9511876099263499,0.919737437035689,0.9500854106526052,0.9522137875062904,0.9362663130722395,0.9204037308984989,0.9610996995613952,0.9726326202607707,0.9736502784936192,0.9425114327004687,0.9776569049810198,0.9540984079056032,0.9892552360381515,0.9852078760340832,0.9861053894336532,0.9471168020443,0.9428375253830148,0.9716885439827987,0.9822274244328989,0.9462580354121288,0.946258035412129,0.9732682917366106,0.9661972965770262,0.9675743567407267,0.9192955526446764,0.9453068780840737,0.9719739006977876,0.9965185747417928,0.9316279546663166,0.9469265748682144,0.953255582527178,0.9434341193662399,0.9623211158059548,0.9179169809832546,0.9538832559337085,0.9354001807590553,0.9261840328635953,0.9104221838860548,0.933047051418352,0.9980634982842684,0.9161857336660533,0.9491780856091547,0.961397387740879,0.9453068780840737,0.9253688519211309,0.9223296501433532,0.970758343282005,0.9553906988562064,0.9964003840614116,0.9610996995613952,0.9956022401087514,0.9791112505823619,0.9428375253830148,0.9471168020442999,0.9157773781681391,0.9462580354121284,0.9648659912110238,0.9763491073983367,0.98240606742188,0.9857386740650507,0.8762593501599868,0.9599080294518358,0.9143480251080163,0.910719218155888,0.9700808834258973,0.9648659912110238,0.9781496244714993,0.9511876099263499,0.9675743567407267,0.9205349146293751,0.9501760208500687,0.9471168020443,0.9704919301607371,0.9470771218810413,0.9690033562225546,0.9823029113907386,0.9675743567407267
p218_F,0.6873224187485252,0.8603380509136678,0.8167281584272266,0.8626449186901581,0.9518913447661276,0.9102896363632476,0.853820828278389,0.917083861120459,0.9879851413737649,0.7134376329597013,0.8859311733087405,0.8948947876812734,0.993449533509881,0.9098072961938486,0.9775645171111484,0.9856850717773523,0.9611032305582619,0.8368800800587324,0.8972120410206866,0.9476534130774978,0.7866542948465947,0.9103992507047161,0.9289494109520753,0.698561974028757,0.8779295299283141,0.8368800800587317,0.9611032305582619,0.7985010827441361,0.9476534130774981,0.9436102577817329,0.8456378887844855,0.9661659803622438,0.8943565890949512,0.8295022177593914,0.9518913447661278,0.9409672007288843,0.8830900737847376,0.9552233758827164,0.6884383316939817,0.9106603153163204,0.7799420018782599,0.7095403078117491,0.9994611990171967,0.711272030385731,0.929929306380985,0.8867340891154025,0.8872325694620833,0.9004522358555502,0.833718158429162,0.5327803328042116,0.7351924063018278,0.7518098900484311,0.8629383298176889,0.9198336817342287,0.9839098373295183,0.8811111416610471,0.9420817435948237,0.8790644420447877,0.7870364175758563,0.8713193097015208,0.8561454739933834,0.8429055507827552,0.7722461735569092,0.9862868377741735,0.8959254409068558,0.7449103088106314,0.9288357786952526,0.5759272584079551,0.7275432409506934,0.9814223902914914,0.9057111978523771,0.8593655440582149,0.9518913447661278,0.5573039949208285,0.8790644420447877,0.7296759184472714,0.8818820891501593,0.8859311733087405,0.6739731765200836,0.9102896363632476,0.793849398793899,0.9241892722336333,0.8980682000269469,0.8368800800587328,0.8790644420447877,0.8938610275646672,0.9959507353683861,0.8058174774249824,0.9513221853712003,0.8751441387186418,0.8790644420447877,0.8167281584272263,0.8850895877129308,0.8038185419439479,0.8489926716035567,0.8247983067022935,0.8474526545680372,0.732207549738054,0.75971888615538,0.6891283572032262,0.8558529824118859,0.9232615458212055,0.9857001874039446,0.8389491536683296,0.7928504571972904,0.9005120111662772,0.8613822234172743,0.6512517033573783,0.7585623505433365,0.6544585096962846,0.8075298764389567,0.8949894967894779,0.8282548925696823,0.8053838876338095,0.8872325694620833,0.6741179093209622,0.9793293125547899,0.6544809036450439,0.9102896363632473,0.8233541848380223,0.8838181065623469,0.9604712777488253,0.9338538560095986,0.8397149465729948,0.9411130790945621,0.8110988409331594,0.8830900737847376,0.9568699326296606,0.993449533509881,0.9523189504118235,0.8964270771267544,0.8872325694620835,0.8915055770282614,0.9113672383288542,0.8675814580264318,0.8648191877395788,0.6091597434009899,0.9288357786952526,0.9288357786952526,0.9032962680264431,0.857207016679506,0.9052897938321478,0.9393568882947506,0.8800978441355753,0.9955587247192428,0.9140931937247396,0.787492573324077,0.7742424354450037,0.6276867433607296,0.6157805382783679,0.905289793832148,0.7744716350427993,0.8475867890248088,0.7873842087395007,0.9288357786952526,0.8850129296872677,0.7690326137393009,0.947938042250233,0.8435279644482045,0.8168882098186321,0.8869666204906068,0.9592905221803274,0.8702830404599118,0.5932831744895501,0.8512854451683001,0.8900426188690482,0.9081462046447379,0.7994229319072239,0.9226059642386419,0.529050522065987,0.8862261074420033,0.8751441387186418,0.8558529824118857,0.8863054511770316,0.8426015599507428,0.8827764194926169,0.900512011166277,0.8040148127623546,0.9247040689412098,0.8199111655166065,0.8897211180070735,0.9914522506232062,0.9316274601593699,0.993449533509881,0.874298931947047,0.7314149180013134,0.8233541848380226,0.5817679377633631,0.8900858663239481,0.866214321633072,0.8089111070492554,0.6264471227115957,0.7108201620874159,0.5701028702181816,0.9378193129439666,0.8790644420447877,0.7682866327265078,0.904841982024023,0.8836731904398984,0.6846090394312043,0.9230752380653491,0.9277463696241428,0.8790644420447877,0.7037380166104974,0.6718674441561132,0.7134376329597014,0.8790644420447877,0.9672797982600404,0.9816457884430444,0.9454771921031205,0.9641145842327825,0.7938988441752559,0.875144138718642,0.8790644420447877,0.8316068166355821,0.8790644420447873,0.8585798438759853,0.7541901764488872,0.8216695312670088,0.8790644420447877,0.7345464567991609,0.8790644420447877,0.9357429238937307,0.7996014998326038,0.8677957404128469,0.7217168229654847,0.9232615458212055,0.558472971754223,0.9352732263513654,0.9289494109520751,0.5762918413132627,0.87841454941722,0.9851850848020653,0.8295022177593914,0.8915055770282614,0.9278440476872818,0.7060146608247564,0.9327539191943888,0.9281087267122605,0.9082954429817363,0.9523189504118241,0.695983603491694,0.7989403263273578,0.6810032737495675,0.8790644420447877,0.7733379639810873,0.8790644420447877,0.913934518758898,0.8862836892666925,0.8471830113028012,0.9982705662093612,0.54396865988946,0.7682866327265077,0.7470618158883016,0.8499673668876722,0.8197557322264835,0.8568203162271624,0.7944575060132513,0.7524776669466975,0.7957637736061987,0.745163331288573,0.45615980179575166,0.8751441387186418,0.9101067715940969,0.7583120144834603,0.6884383316939817,0.8506968945815293,0.6383363695633613,0.8400830903851959,0.9104314201257266,0.8045702726342032,0.9218434146367832,0.6558520949549294,0.5637451819256356,0.7743286824666782,0.9005120111662772,0.6243441776029385,0.817223695738176,0.8702830404599118,0.937692323823338,0.9005120111662772,0.9108772742866329,0.5414212810553902,0.8959254409068558,0.7965367465073634,0.8154825411864672,0.9953194985394493,0.8295022177593914,0.5053403890045967,0.8713193097015208,0.8872325694620835,0.9592905221803274,0.607942782235924,0.900512011166277,0.6623510825868993,0.9631317475782787,0.7450966758535351,0.8127402366358987,0.900512011166277,0.8790644420447884,0.9106603153163204,0.967250184676288,0.8915055770282616,0.5640299651796941,0.8940027737404814,0.9232615458212055,0.8593655440582151,0.8874885965689405,0.6637473876046491,0.6495896681672213,0.7933884768181112,0.9840725976075375,0.9851850848020653,0.9346673721360046,0.8495019929989053,0.9052897938321478,0.887557913967607,0.9900170323228479,0.9204893454041174,0.6734812364324327,0.8682715542721524,0.8605645960240629,0.8790644420447877,0.8915055770282607,0.9327539191943888,0.836880080058733,0.9005120111662772,0.987693886593716,0.9736988845472496,0.8790644420447877,0.8779295299283143,0.9781224201459011,0.9102896363632476,0.8506218703383306,0.8779993730017029,0.843329924573051,0.8471830113028014,0.6535049784932302,0.6679690182034212,0.9618160190502407,0.9230430505417533,0.6983974011335425,0.716448690587576,0.8295022177593916,0.7434755921188767,0.9198336817342287,0.7685501893432156,0.9102896363632476,0.5566477638783967,0.8067554358482096,0.5567640044952331,0.8675814580264318,0.8751441387186418,0.9522926807044116,0.7450966758535351,0.5346962529650592,0.6338040704948924,0.6426994754868247,0.8790644420447877,0.8397223201937444,0.7912554908314061,0.8326525336486541,0.9163527048220905,0.9900170323228481,0.5445923243786648,0.8790644420447877,0.8790644420447877,0.8072184427640994,0.5862762317491332,0.7775008237061916,0.8790644420447873,0.905289793832148,0.8790644420447884,0.8154825411864675,0.7552563432383497,0.6864052404329606,0.9466821273204218,0.8900994670157327,0.8533649275956026,0.6611654039102015,0.6168924766595649,0.8790644420447877,0.7346550677001207,0.8010551050442436,0.5600387918670873,0.567978328662046,0.866214321633072,0.7899473181578718,0.8872325694620833,0.5089761738471793,0.8790644420447877,0.6049428644728045,0.9150548293356047,0.9710970401879018,0.8970102113422662,0.9774606088197603,0.7037530133767218,0.8639231957010685,0.8790644420447877,0.8276967590207162,0.9304625614393999,0.8790644420447877,0.9617549031637154,0.8184225615420706,0.8554461681426713,0.6341660946603671,0.5201501512149096,0.8790644420447877,0.9388210333548607,0.8475867890248086,0.9347189984066651,0.8048651241072424,0.7081193270210722,0.47962339167956847,0.9063563565710973,0.8098901699027903,0.9232615458212055,0.9133440537249912,0.8191478462060504,0.846623582568657,0.71703201063974,0.8016231147232147,0.7760531767789423,0.956391353746548,0.8915055770282612,0.9932295786124763,0.8790644420447877,0.900512011166277,0.9832133681633346,0.6780561430850589,0.9685145412833686,0.827507777577166,0.8713193097015208,0.9727958498245125,0.942598279470885,0.8713193097015208,0.9732637445534749,0.9804909699582387,0.919833681734229,0.7468713850036814,0.8111604038139195,0.8972120410206864,0.6957694200797444,0.9900170323228479,0.8124359795732468,0.9289494109520753,0.8891716604200326,0.9959507353683861,0.9476534130774981,0.8738110520809914,0.7317604473755326,0.9282409885018368,0.9195613142327936,0.9103992507047163,0.7882681591823324,0.9232615458212055,0.9202831812176115,0.9552703721389348,0.9826024874311734,0.941045148332063,0.9163085120810068,0.9150420303903186,0.8456378887844855,0.7570810279440832,0.7438050807735141,0.895144736989133,0.9611032305582619,0.8516481107764595,0.7767765078396034,0.7600560612803171,0.6445608735765955,0.87406552536313,0.6546904108181206,0.8811819700386341,0.7101125902385346,0.7523733371240385,0.8642719355516488,0.8724909331012398,0.8872325694620835,0.9642209868209652,0.6959084116046204,0.9838277365943604,0.9357894421099711,0.9814223902914914,0.9203398427878269,0.8301478796698403,0.9101067715940973,0.890042618869048,0.9611032305582619,0.867581458026432,0.8845132129697924,0.7353912827702584,0.8214342607350607,0.599668834994535,0.7926580006064992,0.8751441387186418,0.875144138718642,0.9676048630973455,0.7267462860182526,0.8675814580264318,0.7620301453944481,0.8790644420447877,0.8959254409068562,0.8790644420447877,0.8790644420447877,0.6000387348952327,0.9063989322810884,0.8522489996705727,0.8790644420447877,0.7625090360177136,0.6675847738958023,0.9743307041268674,0.9862678706549893,0.7698078283930405,0.7137152757177421,0.9919294131450036,0.7334839751777618,0.7667792256823236,0.8621762637539874,0.7830537473783155,0.895925440906856,0.9163527048220905,0.8323459299257299,0.9286935975260191,0.8456378887844853,0.801309476966222,0.7769341487243335,0.9175875617150626,0.895925440906856,0.8861876585504731,0.8872325694620835,0.9397021583472869,0.7188776490860471,0.9214822380720105,0.9289494109520751,0.843801425195411,0.9617549031637154,0.9396699286301575,0.9063989322810884,0.9372186281199564,0.896593572383185,0.9674335738138296,0.9774606088197603,0.9431333356563862,0.939706690107711,0.6802842946580199,0.9661659803622438,0.8198464957435223,0.7895053760235249,0.9016140543564913,0.7372857352851718,0.875144138718642,0.5890452971737288,0.8489926716035567,0.9102896363632473,0.6257299054880046,0.8515799135867916,0.613922008767785,0.6344780238518539,0.8818820891501595,0.6443719879053579,0.7857705867684874,0.8790644420447877,0.8915055770282612,0.8900426188690478,0.9518913447661277,0.7995114274457247,0.9959507353683861,0.7129802320744899,0.8735304358152518,0.6735302509873538,0.9289494109520753,0.5127952983854065,0.9476534130774978,0.639552672219613,0.9732637445534749,0.5242216263926494,0.8713193097015208,0.985656769276599,0.782180321497532,0.9743307041268674,0.843329924573051,0.8695154733591528,0.9531327021054499,0.6226834134051118,0.5403881395024478,0.9432361273152992,0.8731283131721235,0.7020639714758792,0.5250677819304752,0.905289793832148,0.9058916929689564,0.8728736207731347,0.8921196291440774,0.992534902399377,0.9132680404287308,0.8751441387186416,0.6165073534243641,0.6983974011335423,0.9102896363632473,0.0,0.8872325694620835,0.8038943185349741,0.8010551050442436,0.8400830903851959,0.9772394778300018,0.86984151683391,0.9822596548684747,0.8352193064763829,0.8859311733087405,0.9736988845472496,0.8915055770282614,0.9102896363632476,0.8790644420447877,0.9430299631287931,0.7454789169018117,0.6814755727673706,0.9016911851180709,0.8790644420447873,0.9760196328571399,0.6717499527370105,0.6519608766169245,0.8154825411864677,0.7709895128514566,0.8538991017854298,0.7029007612131637,0.9288386828497445,0.8523965856076623,0.919251468892512,0.9146476639019573,0.8876069716972397,0.8959254409068562,0.8679761367889836,0.9420817435948237,0.9953194985394493,0.8202484281215612,0.9102896363632471,0.6996048698434076,0.9672501846762882,0.9548754176902221,0.8603380509136676,0.9063693009102085,0.8790644420447882,0.7628683190395904,0.7424771539562727,0.6949360932076507,0.9804909699582387,0.8329462953042742,0.7244352640272065,0.6371629884543346,0.8751441387186418,0.8915055770282616,0.8987553822037084,0.8751441387186418,0.8751441387186418,0.943236127315299,0.8790644420447877,0.7895053760235242,0.9738691803569368,0.8790644420447877,0.9511423881204941,0.7583047638633305,0.900512011166277,0.9232615458212055,0.9489003290939066,0.9425982794708851,0.8751441387186418,0.7622600988791066,0.6303846639845085,0.7691892183087248,0.6242640869325957,0.8790644420447877,0.8201950743608271,0.9232615458212055,0.870283040459912,0.7344257516610159,0.906356356571097,0.9005120111662772,0.9179524031336133,0.5907893722994833,0.9963424578419111,0.9897781820908831,0.879064442044788,0.9596340347280011,0.9522926807044116,0.8940451448833344,0.9534216081197178,0.9976253983649469,0.9376672305832937,0.8850129296872675,0.8872325694620833,0.8613822234172741,0.8205313599965446,0.8790644420447877,0.9128732846826049,0.754922405192052,0.7134376329597016,0.6901307961805629,0.8987553822037084,0.9441528874718967,0.6551657336641148,0.8713193097015208,0.7557365223721733,0.5546482712372249,0.8790644420447877,0.8790644420447877,0.9043665934128808,0.7339757757660901,0.8679761367889833,0.8163648743191024,0.7310939521307984,0.7820725593817772,0.6956436413152325,0.5420135386715705,0.8665758316677283,0.5600130340971381,0.8790644420447877,0.9397021583472869,0.8915055770282612,0.6884383316939817,0.6735302509873535,0.9005120111662772,0.7522372636146506,0.8790644420447877,0.8790644420447877,0.537534010012582,0.9128732846826051,0.5758587561858841,0.8533649275956026,0.7557273453038509,0.7799420018782599,0.9768406257601427,0.8968275820520428,0.5430383843770348,0.7231520380409635,0.8790644420447873,0.8642719355516488,0.4852611339258196,0.917952403133613,0.9409672007288843,0.9281934619998093,0.8960447434059439,0.9775645171111484,0.8713693503072437,0.9425982794708849,0.7291017695857638,0.8790644420447877,0.647339250024488,0.9936805861482163,0.9083631176583182,0.7648116830407916,0.778426307791722,0.8421837949835272,0.6998716917553593,0.7790663359796404,0.7549325415948591,0.7870538335195245,0.6760233606759157,0.9142010727326312,0.9476534130774978,0.9333884849456937,0.8889965795766475,0.6337899772145886,0.7725226079688182,0.8751441387186418,0.8590177085230395,0.5126930363590816,0.9376222810129573,0.954544353591519,0.8667814570018795,0.9523189504118237,0.8667814570018798,0.9994611990171967,0.7882681591823322,0.9016911851180709,0.9802917363160818,0.8504648168526768,0.9052897938321478,0.8818820891501595,0.804429133749717,0.7520030804537139,0.9552233758827164,0.9605979515670119,0.9821437786576928,0.9733864284506095,0.8031489620753834,0.8983561917097331,0.893861027564667,0.9526706147480717,0.9208305924833139,0.8790644420447877,0.8167281584272263,0.8504648168526772,0.7881698143708921,0.7134376329597013,0.7625257903768148,0.8433299245730503,0.9446735699152458,0.8790644420447877,0.6446552789532158,0.65505836223125,0.9140920324452024,0.5237448489578651,0.5272922432196087,0.5157468682266677,0.9288357786952526,0.826915572945919,0.9891536062410013,0.8603575594339707,0.6461333834541849,0.9563913537465478,0.7039009756904584,0.9102896363632473,0.9887247606645067,0.8790644420447884,0.9713678936785203,0.9876024722034791,0.7860449812338115,0.9526809135960516,0.6374060103829389,0.8504648168526767,0.8751441387186418,0.8359610015137249,0.7020639714758792,0.8098901699027903,0.5745420445204079,0.5989101371532791,0.8790644420447877,0.5589931486784155,0.7072951342090414,0.8862261074420033,0.8790644420447877,0.5363890258241335,0.9552233758827164,0.9005120111662772,0.9015074681576027,0.8751441387186418,0.7433128032948864,0.9671713288535192,0.8798330694278388,0.9316274601593699,0.906356356571097,0.8740655253631298,0.6431959802343972,0.8790644420447877,0.923604142117873,0.8790644420447877,0.6544809036450439,0.8004251000314799,0.9719016957510405,0.6884383316939817,0.6847898083742376,0.777772825348539,0.9356430941146838,0.8390637299383128,0.8790644420447877,0.6878312475279595,0.7709380414920997,0.8333869113626831,0.8940451448833346,0.7982366744065177,0.8915055770282618,0.8214342607350607,0.6083124799483891,0.890042618869048,0.9880778869905287,0.6134768196858955,0.890042618869048,0.8154825411864677,0.9965038179707653,0.7450966758535351,0.890042618869048,0.6884383316939817,0.8889965795766475,0.7682866327265081,0.8168882098186321,0.9736988845472496,0.6321976253310511,0.8972361563467728,0.9788316531026545,0.7982366744065175,0.9063989322810884,0.9915094910875855,0.730276285876941,0.9277463696241427,0.7473948106406043,0.9792945930108101,0.8862261074420037,0.7854775981300155,0.8506968945815288,0.9537977299549824,0.7817073781194881,0.9619550865744262,0.8031489620753832,0.8872325694620833,0.9238926371533387,0.9169178888169671,0.8987153340873767,0.9270630096991506,0.8415773521179453,0.8915055770282612,0.8959254409068562,0.8921775374842761,0.8735304358152514,0.8805058935669068,0.8812221998611,0.8214342607350607,0.7328694141700488,0.9542974918278324,0.8423291762504106,0.879064442044788,0.9467963908063144,0.8827764194926169,0.8573627791727301,0.8612023133638136,0.9498021150203096,0.9347189984066651,0.9204893454041174,0.8835431310565455,0.8368800800587317,0.9299293063809853,0.8489926716035567,0.9747513021678988,0.9006335724880457,0.878695676435884,0.9441528874718967,0.9212647168046387,0.9736988845472498,0.7629323436145434,0.9792316707777378,0.9232615458212055,0.8830900737847376,0.9093830932753862,0.827507777577166,0.8872325694620833,0.8746614937559719,0.6712258310308846,0.9442387795040439,0.9352732263513657,0.871319309701521,0.7181104730424638,0.9241892722336333,0.828122147985658,0.9232615458212052,0.8353067433303872,0.843329924573051,0.9347189984066655,0.9184098048072236,0.9744677206370757,0.8830900737847378,0.7134376329597013,0.949789304794804,0.694936093207651,0.8970041425885436,0.8959254409068562
p218_G,0.9802311608422727,0.9315357783043751,0.8991086132420372,0.9765510393593577,0.8374011676109445,0.9648659912110236,0.932786063018689,0.9908845623912689,0.8817960823258062,0.9629078616894173,0.9439253608596803,0.7768756894075242,0.8448813494499824,0.9277359074596556,0.9166400151447349,0.9302947288966976,0.948139835478085,0.9559982666090145,0.9552175050422179,0.9629078616894176,0.895122236498546,0.9425720985427188,0.9399319300513138,0.9542136024350834,0.9412414838519023,0.8481125351096335,0.9481398354780852,0.9397554510393487,0.9629078616894176,0.9993650955442763,0.8695186279171859,0.8879369722234248,0.9467071200650465,0.8873306148945656,0.7674138938518067,0.9610366993022685,0.9542136024350834,0.927293285231599,0.9648659912110238,0.9589376456981175,0.9061873961293252,0.9373704232137268,0.7582445585710917,0.9919066722185296,0.9873274034062992,0.9547667551050749,0.9558359621451105,0.8896609403700335,0.9348776724743584,0.8700500341066801,0.957509435301382,0.9572754220823072,0.8481125351096335,0.9453030402757783,0.9467071200650463,0.9336544549523977,0.933654454952398,0.9526370111116405,0.9100318062103335,0.9496037211238535,0.7917247243537824,0.9071939202959414,0.9361160018916064,0.9061873961293252,0.9592404230051592,0.8231075637846326,0.957509435301382,0.8987613725012114,0.9143598368914291,0.8714717093867045,0.9287716388892431,0.9348776724743586,0.9526370111116407,0.8509703690655748,0.9526370111116405,0.8941307528793181,0.9425720985427188,0.9439253608596803,0.9483501244687262,0.8505410419770533,0.9439253608596803,0.994437324868074,0.982045156274965,0.9559982666090145,0.9526370111116405,0.9371232414100349,0.9425720985427188,0.8788669278270553,0.9011161501496316,0.9511016704226434,0.9526370111116405,0.985470710432321,0.8738328753514064,0.8714706635293993,0.9163641894859478,0.9478374857144206,0.9888613523099012,0.895122236498546,0.8293635215159467,0.8923732856739583,0.9617723288059054,0.9558359621451105,0.9526370111116407,0.9991954403684408,0.9141734198710232,0.9610366993022685,0.9586574227081354,0.8870800718405454,0.9429902492134529,0.8789939328097223,0.9553483552539828,0.952944974054758,0.8760748600348449,0.9155711502428496,0.9558359621451105,0.8715600862377912,0.9931163690142985,0.9610366993022685,0.9648659912110238,0.8327521665896486,0.9919066722185295,0.9674484241224515,0.9412414838519025,0.9801704643354423,0.9559982666090147,0.8967110403534023,0.9542136024350834,0.9714578717045065,0.9808926695348984,0.9878857063735189,0.8381369010000779,0.969580892293826,0.957509435301382,0.8505410419770536,0.9481398354780852,0.9522752511635899,0.9953194985394491,0.957509435301382,0.957509435301382,0.9496037211238537,0.8178422485024099,0.9629078616894173,0.8850339481180927,0.9799577055509368,0.9702619328599773,0.9081716992229302,0.8288787761631806,0.7959075277121458,0.9348776724743586,0.8942600569458918,0.9493957255905623,0.9969352503890196,0.9318413189001244,0.9983511487423218,0.957509435301382,0.9058453047843548,0.9802115232778629,0.9198856874256713,0.9010523009261004,0.9302947288966976,0.9112328812249596,0.9558359621451105,0.9944373248680742,0.9669773817779976,0.9041490253843172,0.9220855717829912,0.9949213294847876,0.9061873961293252,0.9163641894859478,0.9190331654160292,0.9746338287409401,0.9511016704226434,0.9094857206850563,0.9875518066547835,0.9390064763255968,0.9703171020126446,0.9552175050422179,0.9837171114810386,0.9316363198749001,0.968848707670247,0.9938553535985173,0.990524831393478,0.9617723288059054,0.9511016704226434,0.9977802754820253,0.96235090313909,0.8327521665896487,0.9491737766988708,0.9453030402757782,0.9288957400617388,0.9842011665427951,0.9103107362174554,0.9267919121317674,0.8950783368147543,0.9123992402861405,0.9526370111116405,0.9542136024350834,0.9496037211238533,0.9072120922355342,0.901138337649273,0.9085235928818942,0.9808926695348984,0.9526370111116405,0.9809291820181096,0.8649838216377038,0.9629078616894176,0.9526370111116405,0.9669869402855737,0.8511869157928877,0.8443564053524308,0.8678692326449851,0.9951877100611971,0.9511016704226434,0.9526370111116405,0.865681426102298,0.9526370111116403,0.8398896489883629,0.9448883863785975,0.9412354087953774,0.9526370111116405,0.9378370728938005,0.9526370111116405,0.9016702404441241,0.8733964066108935,0.9858084434319019,0.8842921321245034,0.969580892293826,0.8830740720259549,0.9496037211238535,0.9967391619170713,0.9983948723195168,0.9969352503890196,0.9526781858887836,0.9243180392978652,0.957509435301382,0.9465146323386672,0.9489388080389439,0.9092735418441049,0.9041490253843172,0.9665480300996039,0.8511869157928875,0.948139835478085,0.9953978806517947,0.9496037211238535,0.9526370111116405,0.884473314958084,0.9526370111116405,0.8527418007930998,0.9665480300996037,0.9652137684610215,0.9324454498571317,0.8830740720259549,0.9542136024350834,0.9899175865127545,0.9412414838519023,0.9837417292458526,0.9439253608596803,0.8268173354312575,0.9558359621451105,0.98512650780359,0.9450419189054635,0.9526837546542144,0.9511016704226434,0.9592404230051592,0.9725029014633767,0.9648659912110238,0.9983872930599273,0.9669869402855739,0.9922127245794843,0.981511042713954,0.9894212590166909,0.9652137684610216,0.9467132522325631,0.992155804667437,0.8767243319497846,0.9610366993022685,0.8478242765918371,0.8997208604511806,0.9386420076357271,0.9280270998509558,0.9610366993022685,0.9748150819785091,0.9286755979993719,0.8801474343127896,0.9452045885097757,0.9258186968412377,0.9558359621451105,0.9243180392978652,0.8456902516433883,0.9496037211238535,0.9558359621451105,0.9558359621451105,0.9027950502828765,0.9610366993022685,0.8857271389240962,0.9044498963757316,0.8931410336709436,0.9526837546542144,0.9610366993022685,0.9526370111116407,0.9348776724743584,0.9180060542094439,0.957509435301382,0.8513524803026208,0.894642818083918,0.9558359621451105,0.9589376456981175,0.9397554510393488,0.8889984146598746,0.9542458562651465,0.9660605544170191,0.9766135065676136,0.922556031137221,0.9727606595064473,0.9865467188658443,0.9629078616894173,0.9649533549085019,0.9629078616894176,0.9815062877983508,0.987885706373519,0.9589654814068509,0.8949977467327621,0.9526370111116405,0.8106601759858272,0.9092735418441047,0.9361160018916064,0.9610366993022685,0.9592404230051592,0.8448813494499817,0.9526370111116405,0.9412414838519023,0.9610366993022685,0.9648659912110236,0.9166400151447349,0.8352434350141632,0.9386420076357271,0.9575094353013822,0.9041862347368661,0.9339881298829689,0.9412414838519025,0.8642934878799228,0.9473375332459504,0.9558359621451105,0.7460671055388921,0.9770480843972955,0.9315357783043756,0.951968770631014,0.9648659912110236,0.8880802730255813,0.9815062877983508,0.8767243319497848,0.948139835478085,0.9511016704226434,0.9748006002614296,0.9674484241224515,0.8760748600348446,0.8442535920514133,0.923203371227233,0.9526370111116405,0.8403638557902835,0.969757263765453,0.979275010656812,0.9371232414100348,0.9629078616894173,0.9833789571262197,0.9526370111116405,0.9526370111116405,0.9879700133881204,0.9649533549085013,0.9688229601793568,0.9526370111116403,0.9629078616894176,0.9526370111116407,0.9277359074596556,0.9041490253843172,0.8649838216377038,0.9526370111116407,0.9288957400617388,0.8803288140439884,0.9376033950120526,0.912432845560471,0.9526370111116405,0.9619664976562037,0.922085571782991,0.8780031897192965,0.8754407373431473,0.9722155622930323,0.9130554251359708,0.9558359621451105,0.8582549451842305,0.9526370111116405,0.901582712048423,0.9900588676412958,0.9643835111434079,0.9399083771675285,0.9736183137840242,0.8738328753514064,0.9272932852315992,0.9526370111116405,0.8599512852256558,0.8485378454600017,0.9526370111116405,0.9288957400617388,0.7993052872604912,0.8846853407167912,0.919616351949526,0.8513524803026208,0.9526370111116405,0.9655262055283294,0.90275894910531,0.9604535056538152,0.9271118843142729,0.8889984146598746,0.9586574227081353,0.8274574043425168,0.9821062119112849,0.9558359621451105,0.8546046697323413,0.9190743601433597,0.9464536062171711,0.84221688088285,0.9527637399207101,0.8794015740660153,0.9464536062171711,0.957509435301382,0.9361160018916064,0.9526370111116405,0.9610366993022685,0.949173776698871,0.8689612397777349,0.8752885460677957,0.9324454498571315,0.9496037211238537,0.9461493705792463,0.9014502300031318,0.984201166542795,0.9958126081161451,0.9526370111116407,0.945303040275778,0.8872325694620831,0.9649533549085013,0.8714717093867045,0.885210339243541,0.9493957255905625,0.8083745968845285,0.9399319300513138,0.9737670111559904,0.9983948723195168,0.9629078616894176,0.9040054062556087,0.9220855717829912,0.9854707104323214,0.9373704232137268,0.9425720985427191,0.9505241704836671,0.9558359621451105,0.9243180392978652,0.9465146323386671,0.9005830613528044,0.9386420076357271,0.9061873961293252,0.995812608116145,0.719207720169811,0.9461114643341089,0.9718817760691313,0.8790595554853514,0.948139835478085,0.9592563973027499,0.8981086621953585,0.9277359074596556,0.9497673578995789,0.9967391619170713,0.9220077047991557,0.9439253608596805,0.8617298618427944,0.9944373248680742,0.9209817665727262,0.928070222625516,0.9558359621451105,0.8879294594533991,0.8959232789032516,0.9371232414100349,0.9061873961293252,0.9552175050422179,0.9770480843972957,0.8315764753314667,0.960453505653815,0.9858084434319018,0.987327403406299,0.948139835478085,0.8879369722234249,0.9610366993022685,0.9196222638329764,0.9303855895559968,0.9187969445925774,0.9511016704226434,0.9511016704226434,0.8865197128924089,0.9987120692432441,0.948139835478085,0.9851265078035901,0.9526370111116405,0.9592404230051592,0.9526370111116405,0.9526370111116405,0.8308988379743554,0.9399319300513143,0.9243180392978652,0.9526370111116405,0.9341431164071574,0.8980479207910788,0.9209817665727265,0.9938590374229357,0.8891971954839688,0.9100318062103332,0.9103107362174552,0.9092735418441047,0.7995269626832177,0.9467071200650465,0.8941307528793181,0.9592404230051592,0.8440037465855221,0.9067495314528169,0.8696790027063965,0.9300668284196516,0.9467071200650465,0.9180060542094446,0.9193753723778184,0.9604535056538152,0.9784081623729504,0.9558359621451105,0.9884628791933072,0.998394872319517,0.9922127245794845,0.9399319300513138,0.8494453468409002,0.9783400888843532,0.9185287395081008,0.9967391619170716,0.9254476077793645,0.820414601171699,0.9425720985427191,0.9542136024350834,0.9448192234819672,0.8346861643638699,0.9143162677112746,0.9575094353013822,0.8666662211060936,0.9481398354780852,0.9955546949233897,0.8971110481409439,0.8448813494499817,0.9380492034039252,0.9312498291554214,0.9648659912110236,0.9100318062103332,0.820702057901626,0.9092735418441049,0.9379289486366635,0.9425720985427188,0.8307658985622726,0.9633200625490421,0.9526370111116405,0.957509435301382,0.9397554510393482,0.9773757151292213,0.8705954752723886,0.9425720985427188,0.9842011665427952,0.916364189485948,0.8738328753514064,0.9464536062171711,0.848537845460002,0.9629078616894176,0.8979325564091183,0.9355505770919704,0.9875904701141328,0.9496037211238537,0.8642934878799219,0.9267919121317674,0.9209817665727262,0.9497673578995787,0.9156175946573153,0.8221492875467393,0.914829943519532,0.974122388655523,0.9243180392978652,0.8759120339598478,0.9378370728938006,0.9300668284196516,0.9629078616894176,0.9991256173192249,0.9542136024350834,0.9766135065676134,0.7194708003998334,0.9001110559421439,0.9511016704226434,0.9003682669365679,0.9473375332459504,0.9648659912110236,0.8872325694620835,0.0,0.9231975163531969,0.922085571782991,0.9373704232137265,0.9901068178489287,0.9801704643354423,0.9429902492134531,0.9452045885097758,0.94392536085968,0.9808926695348984,0.957509435301382,0.9648659912110238,0.9526370111116405,0.9714058757497572,0.9768188845618833,0.9672286852092142,0.9254476077793647,0.9526370111116403,0.9279254774427177,0.9601500910482565,0.7494567193023427,0.9277359074596556,0.910310736217455,0.985470710432321,0.9288795490854433,0.9891924099676779,0.9324454498571317,0.9607967445595409,0.8458668379645258,0.8981086621953585,0.9592404230051592,0.9505241704836671,0.933654454952398,0.8949977467327623,0.9209817665727262,0.9648659912110238,0.9129884941708223,0.9842011665427953,0.9648659912110238,0.9453030402757783,0.9617723288059055,0.9526370111116407,0.9166260538738976,0.8921529459435535,0.9610366993022688,0.8374011676109452,0.8803288140439887,0.8855847170568545,0.8513524803026208,0.9511016704226434,0.957509435301382,0.948139835478085,0.9511016704226434,0.9511016704226434,0.9714058757497575,0.9526370111116405,0.948139835478085,0.9134510531460025,0.9526370111116405,0.9944373248680742,0.9745849270782074,0.8714717093867044,0.9558359621451105,0.9604535056538152,0.9736183137840241,0.9511016704226434,0.900368266936568,0.9326181308569239,0.9464536062171709,0.8614601651570806,0.9526370111116405,0.9586574227081353,0.9558359621451105,0.9386420076357271,0.8609661138596997,0.914508262091398,0.9552175050422179,0.9542136024350831,0.9412414838519025,0.9423194428466419,0.9991256173192247,0.9526370111116407,0.9209817665727265,0.9748006002614296,0.9196222638329764,0.896486012676323,0.9355505770919704,0.9610366993022685,0.9348776724743584,0.9558359621451105,0.9586574227081353,0.7959075277121458,0.9526370111116405,0.9526370111116407,0.9635410260276626,0.9493957255905623,0.9436681288423503,0.948139835478085,0.9439253608596803,0.7921443716179024,0.9496037211238537,0.8335431299327483,0.8702560891079979,0.9526370111116405,0.9526370111116405,0.9899175865127543,0.9051147616874998,0.9669745722372082,0.9403880469283554,0.7259957902854572,0.8583804773702235,0.8507258744656063,0.8239033522938279,0.9529449740547578,0.8689612397777349,0.9526370111116405,0.9478374857144205,0.957509435301382,0.9648659912110238,0.9363966480235928,0.9610366993022685,0.8133482612876614,0.9526370111116405,0.9526370111116405,0.8805472616874047,0.9526370111116407,0.8728587608625549,0.9425720985427188,0.9662154259494389,0.9061873961293252,0.9645105128281709,0.9061873961293252,0.9341294391701462,0.9585367020978053,0.9526370111116403,0.9209817665727262,0.893815483941776,0.9542136024350834,0.9552175050422179,0.9190743601433596,0.9732612361574995,0.9957658420390977,0.969757263765453,0.9014502300031311,0.868632667163505,0.9526370111116405,0.8199068880584622,0.983682988822291,0.8115219504052802,0.9433267290805243,0.8745128950949934,0.945303040275778,0.9113525537588965,0.96235090313909,0.9592404230051592,0.9155881827031066,0.8922663032581621,0.9873274034062991,0.9629078616894176,0.9746338287409401,0.9361160018916064,0.838416289331559,0.957509435301382,0.9511016704226434,0.8670110869223187,0.9336544549523977,0.9665480300996037,0.8805577584645793,0.9648659912110236,0.920981766572726,0.8505410419770534,0.9428375253830149,0.9669745722372082,0.9254476077793645,0.8204656595098915,0.9073884413700832,0.9629078616894176,0.998394872319517,0.9393618431817526,0.9376033950120524,0.9467071200650465,0.9808926695348984,0.9094857206850573,0.9430240674671688,0.9542136024350834,0.9942837725413021,0.9231975163531969,0.9174349186805676,0.8527479267327545,0.9526370111116405,0.985470710432321,0.9526370111116407,0.9853618823459059,0.9629078616894173,0.9373704232137268,0.994437324868074,0.9318413189001247,0.9526370111116405,0.9091960101941088,0.9100318062103332,0.9497673578995784,0.8471182680454905,0.9130973310798001,0.9300511406700867,0.957509435301382,0.8879962884971375,0.9833789571262196,0.9078307494815345,0.9064206691382038,0.9464536062171711,0.9497993431582252,0.7582445585710912,0.9399319300513138,0.9526370111116407,0.9051664401581991,0.9348776724743584,0.833035772298291,0.9092735418441049,0.945307012379029,0.9526370111116407,0.9511016704226434,0.8278482408692521,0.8705954752723888,0.9784081623729503,0.9080261965616109,0.8991515901032062,0.9526370111116405,0.8663106410602519,0.8725553212046713,0.9258186968412379,0.9526370111116405,0.8949125525517203,0.9272932852315992,0.9610366993022685,0.939931930051314,0.9511016704226434,0.9535189574016716,0.9559982666090141,0.9041490253843172,0.9617723288059055,0.9994802933865736,0.9967391619170713,0.9172241070990337,0.9526370111116405,0.9839674685144804,0.9526370111116405,0.9610366993022685,0.9702123541657188,0.8491704243993169,0.9648659912110238,0.9820451562749648,0.9724659055822086,0.8371419773342004,0.9277359074596556,0.9526370111116405,0.99971594868746,0.8586404614407942,0.9911361120874167,0.9300668284196516,0.9209817665727267,0.9575094353013822,0.9300668284196516,0.9288957400617388,0.9681385641755447,0.7514472996218453,0.8991515901032063,0.9681385641755447,0.9277359074596556,0.957509435301382,0.8931410336709438,0.9681385641755447,0.9648659912110238,0.9900588676412958,0.9542136024350834,0.9674484241224515,0.9511016704226434,0.9722155622930323,0.9386420076357269,0.9085235928818944,0.9209817665727265,0.946453606217171,0.8546224974203935,0.9589376456981176,0.9511016704226432,0.9425720985427191,0.9314207822955339,0.9277359074596556,0.9082407355488131,0.9355865875112197,0.9619299081647257,0.9145082620913982,0.9589376456981176,0.9542136024350834,0.9558359621451105,0.8870940587008984,0.9400810957454315,0.9839674685144804,0.9645105128281708,0.8490355468911474,0.9575094353013818,0.9592404230051592,0.9879781590338745,0.8147735352468601,0.8754910501451354,0.8905634939977785,0.9300668284196516,0.961074221084093,0.9412414838519025,0.7744381670025754,0.9526370111116407,0.8680084166658795,0.9579672831419932,0.9187969445925774,0.7271593664544866,0.9777046455463992,0.9592404230051592,0.9243180392978649,0.9908764668187224,0.8481125351096335,0.9873274034062987,0.9312498291554212,0.9868418685480091,0.98512650780359,0.8930303361848515,0.9439253608596803,0.9510354428286438,0.9808926695348984,0.9985562884541683,0.9885291785887991,0.9558359621451105,0.9542136024350834,0.8069974279569663,0.8099444568561234,0.9558359621451105,0.9852427368613523,0.924310543893625,0.9765765779125157,0.9496037211238535,0.9496037211238535,0.8743546360864839,0.9497673578995787,0.9092735418441047,0.9558359621451105,0.8975899824661729,0.9497673578995787,0.9592404230051592,0.9063102527045159,0.9922127245794845,0.9542136024350834,0.9629078616894173,0.958244185426041,0.9610366993022685,0.923203371227233,0.9592404230051592
p218_S,0.9120204639389049,0.7106926255153669,0.9686535738961322,0.8818801057626694,0.8202213519738354,0.9965185747417931,0.9295786318329137,0.97279959696206,0.844027888989999,0.9354957453078971,0.9470371182540278,0.9149644520716047,0.8727673249698823,0.6380909553804,0.871554944517508,0.8837507054227132,0.8081868460461838,0.841698316503433,0.9322417421501312,0.9354957453078971,0.7602206821195505,0.8419023775355048,0.9664656501581601,0.9203761879341787,0.8853719877999067,0.8889039599111497,0.7679012153617213,0.9629993477669236,0.9550124172403792,0.8208500342550549,0.9096622933762624,0.832685753204669,0.9073222074226135,0.925845563719097,0.8202213519738348,0.8586395319915323,0.9203761879341787,0.8173772215494313,0.9389009867184679,0.6492368693166419,0.8358685427845953,0.8910854332944245,0.9389009867184677,0.998147456221131,0.8081868460461843,0.8032516786914964,0.969757263765453,0.8386392613801179,0.7818119149988476,0.9446358261174748,0.9261077324693099,0.8177139841200266,0.8889039599111497,0.904880473824603,0.9466508604266068,0.9521728905271735,0.7889690427384559,0.9176344520056336,0.9926717566326271,0.9123594767995957,0.8476598553448094,0.9410023301018859,0.8416983165034337,0.8620322227114252,0.5695582585130254,0.9279385803404143,0.9261077324693099,0.8490190724641382,0.8671371944080379,0.9631988949207005,0.7664880923437807,0.9861817550572929,0.9613251513423888,0.8159235508073304,0.9176344520056336,0.8625343546157405,0.9738359568456645,0.758939330078955,0.7520824202525009,0.8306286611882314,0.9024846512059139,0.9977901694570488,0.8975897579408094,0.9427224628479643,0.9176344520056336,0.6103793466807166,0.9738359568456645,0.8346900329802878,0.8766872575086166,0.9149644520716045,0.9176344520056336,0.5269737227520537,0.7660742388539771,0.8264651606032569,0.9121513639211625,0.9838332783244086,0.6094579946031129,0.8879754427987612,0.8232363226850319,0.8595956042813668,0.7563282731807123,0.8905634939977788,0.86391205131059,0.627511800047031,0.942224251653233,0.932241742150131,0.8045447261826573,0.7844239660111574,0.970087547292547,0.8004215171689222,0.5802070650525131,0.8007887412393745,0.8767933840467372,0.848838281584873,0.9231975163531971,0.8924501786702506,0.9048804738246028,0.932241742150131,0.9458638372348815,0.8945255054911534,0.9145303665658233,0.5827918626201543,0.5962910579848142,0.9722183203479302,0.9899281062556811,0.7538404720936187,0.9203761879341787,0.90089194988517,0.9574180966633072,0.9763670444959534,0.9250092890273325,0.969757263765453,0.6397205417438531,0.9389009867184677,0.6873299539927961,0.9897453986038606,0.9388443820795138,0.8809270560698743,0.9261077324693097,0.912359476799596,0.9759757141355434,0.9354957453078971,0.8312921868747625,0.6195117107573607,0.5960455404147618,0.8550346801467699,0.9561892466110163,0.8635559063157405,0.8867504707956386,0.758493490230429,0.9002664985145175,0.9532058268379922,0.7999190766084681,0.8754519965932175,0.9291683589350782,0.8867504707956384,0.7294853602668896,0.9732925544123197,0.9832902586309831,0.6987608695673568,0.8955895561549561,0.8905634939977786,0.7583918606373371,0.8116105678783474,0.8829513350353801,0.7042553501088636,0.858915283745683,0.9365682876192551,0.9438611769441669,0.929916777440585,0.7904591743693185,0.9149644520716045,0.9172640312418525,0.797472387211267,0.9701715731854321,0.7501150506947272,0.9845214236147153,0.8553966797904409,0.7727778981325851,0.9508900282763562,0.8569044040594338,0.8901087413007596,0.8868913514116863,0.9574180966633072,0.8132455256424225,0.703328079249704,0.9360874789226157,0.9170874600876597,0.904880473824603,0.8458542904646649,0.9536828573969374,0.9997647479471945,0.8644096395956207,0.7906186804841477,0.8476598553448089,0.9176344520056336,0.9203761879341785,0.9636703814083795,0.8386392613801177,0.8533798878813565,0.8966003305601591,0.9149644520716045,0.9176344520056336,0.8945440311651076,0.9409146235792893,0.9354957453078971,0.9176344520056336,0.8669894145144217,0.8910305906213416,0.839212402477252,0.8095590150340126,0.7354766310141223,0.6604991020113686,0.9176344520056336,0.78706698112401,0.9176344520056336,0.9423998534512068,0.8256448622027585,0.8140195820327996,0.9176344520056336,0.889224719417397,0.9176344520056336,0.949003192552335,0.876101778300072,0.6755060170357454,0.9096758377798542,0.6112050095242427,0.7601822951112565,0.912359476799596,0.8955399645501794,0.9001312905981322,0.7037697658091626,0.8888788283902884,0.9859683821169072,0.8326857532046695,0.8620322227114248,0.9182912608602747,0.8422241792803133,0.7447574275851596,0.8625851059964713,0.8625851059964709,0.9098137391625774,0.5364042598412733,0.9536828573969376,0.9176344520056336,0.9967324534170481,0.9176344520056336,0.776868508048963,0.7676235938802122,0.9261077324693099,0.914684230466458,0.7601822951112565,0.9203761879341787,0.9985540554936605,0.970087547292547,0.5936552623171762,0.9094175606190132,0.9008919498851697,0.9231975163531971,0.5541214595946848,0.8355695295536745,0.8475890751228303,0.9149644520716045,0.9706172773228456,0.73258246880749,0.9389009867184679,0.9061937812069654,0.8473872311681501,0.9253216361240024,0.8553966797904404,0.5846848008052672,0.9261077324693099,0.7948446913245206,0.7278822328492661,0.9211744403293671,0.932241742150131,0.8198796844199052,0.9169857742242804,0.7583918606373363,0.8273813414860405,0.932241742150131,0.9636233842616819,0.8322222060381801,0.9706172773228456,0.9350596893811607,0.6076173115826162,0.8440037465855227,0.9565730307289084,0.7250486775145328,0.9536828573969374,0.969757263765453,0.969757263765453,0.7042831647606596,0.8063598505269484,0.786502701032407,0.7852895105385098,0.9069445068121538,0.9921312866425608,0.8586395319915323,0.6891492539635686,0.6492368693166419,0.8810236202136965,0.9291683589350782,0.7927088091538046,0.9899569054508075,0.9371232414100349,0.8812431992605019,0.8645046537943692,0.917250753940419,0.9886239962860297,0.9508650863988162,0.7464251633545953,0.8854702034942846,0.8907781241030217,0.5496589579154632,0.9550124172403793,0.8959401753090643,0.9354957453078971,0.8670548609430997,0.9667419862543057,0.848838281584873,0.969757263765453,0.9176344520056336,0.9261077324693099,0.9709810743942586,0.40392701567713396,0.932241742150131,0.9291179679746995,0.99987174125501,0.9176344520056336,0.8978173148387736,0.932241742150131,0.6577758971182552,0.9643988302810584,0.9584277435653887,0.723560722079391,0.9261077324693099,0.8473872311681501,0.6742079670545413,0.8978173148387736,0.9073222074226135,0.6212416724754733,0.9231975163531971,0.9271776793409097,0.6957147103396415,0.904880473824603,0.909716755213914,0.8306286611882309,0.7324287374504339,0.5437059956751142,0.7524809473273442,0.9903850005315029,0.9149644520716045,0.992725485742797,0.6755670681779165,0.8198891190971607,0.8029642652692366,0.6798872530312587,0.9176344520056336,0.8861434685414835,0.8664383561643836,0.4753855860799394,0.9245697225149279,0.9902416640337588,0.7491566735405868,0.9176344520056336,0.9176344520056336,0.8867504707956384,0.8440278889899995,0.5821486735621695,0.9176344520056336,0.9550124172403793,0.6454585546268143,0.7599855305715346,0.9077707508606774,0.7718316875972553,0.9512934499841006,0.6606556339993437,0.6944930450404401,0.6850731555804409,0.741358332488788,0.9176344520056336,0.8981657096112032,0.5605086847432741,0.7502907095344511,0.8296456439809796,0.9384536186973254,0.7790401420944446,0.969757263765453,0.782339871087613,0.9176344520056336,0.7067004355318205,0.7743488856070795,0.8340940015319194,0.7687963343660824,0.9203761879341787,0.8051306963265286,0.7780485685454374,0.9176344520056336,0.9794462990907578,0.8725568835571215,0.9176344520056336,0.9072141675815737,0.8620876697167705,0.9968675086659684,0.6878857816105823,0.7927088091538044,0.9176344520056336,0.8296456439809798,0.807717678237386,0.9204848999716182,0.8731134318822742,0.8981370062462659,0.9027145695931778,0.8513275026111498,0.601511400125522,0.9231975163531971,0.9899569054508074,0.8158904503387641,0.7143687646059254,0.8840646298119643,0.6990097997403852,0.9422242516532329,0.9310028073541698,0.9261077324693097,0.7069994547107259,0.9176344520056336,0.9845214236147153,0.9551469406991902,0.9791459734860601,0.8717980029839987,0.9468476925571214,0.912359476799596,0.9562407457680515,0.899415389544202,0.912359476799596,0.7589393300789554,0.9076027506473454,0.979791455977388,0.8938610275646672,0.610893104659817,0.932241742150131,0.8717066985059947,0.9354957453078971,0.981765853956609,0.9980715070378495,0.9417411993659031,0.9369836237218983,0.8455205797886556,0.9961797764158771,0.9220033199406048,0.8872399394319208,0.8910854332944247,0.9001312905981322,0.9452296953714696,0.8440037465855235,0.9271776793409097,0.8106936065759303,0.9341678196337531,0.8628852763111715,0.9375570313374202,0.9777237664759431,0.8783842798904287,0.664131701907313,0.7811504744559312,0.7616443641684333,0.8887581074151092,0.9467655882341837,0.7475178325435328,0.9428273933582365,0.9281278923411591,0.8955399645501798,0.6825729953415467,0.9024846512059141,0.8411759963696495,0.8932967537832139,0.8814055323796944,0.7703108952592652,0.9371232414100348,0.8491542066816399,0.9029501370570631,0.813839128907622,0.962731967546085,0.932241742150131,0.8480875255856002,0.9446358261174743,0.9291179679746995,0.962999347766924,0.8887581074151091,0.9693293687840344,0.9743490353345139,0.932241742150131,0.652445517822065,0.7407731353021307,0.9182354541235611,0.9574180966633072,0.99987174125501,0.8292797099010638,0.9027145695931778,0.9098137391625774,0.8156824642453882,0.9176344520056336,0.9291179679746995,0.9176344520056336,0.9176344520056336,0.8212191757240859,0.8955399645501798,0.6906827526151074,0.9176344520056336,0.8050039766686254,0.8554548275268312,0.9194760752462124,0.7270726805280053,0.9208794226291896,0.9694274847017419,0.7147176772979476,0.8422241792803136,0.8595001923886509,0.9073222074226135,0.8625343546157399,0.9792503453259271,0.8664383561643836,0.7149935044380058,0.8903204666908904,0.6837235313078986,0.9073222074226133,0.9950062379942792,0.8051931572060222,0.9792503453259269,0.5522123059156725,0.9231975163531971,0.654139423489957,0.900131290598132,0.9937940417831581,0.9310028073541698,0.8758061305752911,0.9075871759531051,0.8476598553448094,0.9271458214298682,0.9298297898147683,0.9231975163531969,0.9001312905981322,0.9444674951746068,0.8859404951175814,0.8924193055680141,0.8427697415463264,0.9261077324693097,0.8175696775629794,0.9098137391625776,0.8108998687674505,0.7755530435209886,0.7878600357864769,0.7690330621748358,0.9438611769441669,0.7730110731649052,0.7084160666403951,0.8918418728988424,0.8422241792803133,0.7323013298153074,0.7681977112879728,0.8761017783000717,0.9688255458999944,0.9176344520056336,0.9261077324693097,0.8932539868674869,0.9176344520056336,0.9312013855568838,0.900131290598132,0.9123594767995962,0.8975897579408095,0.8246589250628045,0.7498316074099158,0.796823182403454,0.9354957453078971,0.7138691033741993,0.9024846512059139,0.9116858892428663,0.912359476799596,0.974691833565406,0.8465366294435623,0.7960690785050831,0.6190673064055563,0.9994335796186569,0.873405535063448,0.6982886174212426,0.8629100465736146,0.9846362664950943,0.8238329576842309,0.7423063879291945,0.8783842798904287,0.9354957453078971,0.7046964066654734,0.9654282935645835,0.9840842598990851,0.9775161675601629,0.874628227385192,0.9149644520716045,0.7467744905463727,0.6610287262395544,0.9389009867184677,0.8038943185349741,0.9231975163531969,0.0,0.8645046537943692,0.8910854332944247,0.9681936997729197,0.9026696257087348,0.9339524310656602,0.8350818158237849,0.9024846512059137,0.9149644520716045,0.9261077324693097,0.9389009867184677,0.9176344520056336,0.8683869765649124,0.7498735182398214,0.7250486775145328,0.8322563605431141,0.9176344520056336,0.8107352897906608,0.6468172884107182,0.9940211874154163,0.8209328181671021,0.8959401753090641,0.6710802094240014,0.8300245705572444,0.7278595755605922,0.914684230466458,0.8093157373023459,0.8595739223381362,0.7713886115861179,0.9291179679746997,0.8230078934234281,0.7236875036229686,0.8905634939977786,0.7107326246304714,0.7730110731649057,0.9146842304664577,0.7983768590190133,0.773011073164906,0.9433231638906059,0.8868913514116862,0.8639120513105901,0.9831929791885613,0.8816580378797017,0.9322417421501312,0.9176344520056336,0.8419023775355045,0.7557028895266765,0.8116105678783474,0.9149644520716045,0.9743490353345139,0.9098137391625776,0.9149644520716045,0.9149644520716045,0.8683869765649121,0.9176344520056336,0.9098137391625774,0.8494889870069657,0.9176344520056336,0.6538984449635015,0.7952593906287029,0.8063598505269488,0.9231975163531971,0.9291179679746995,0.9203761879341787,0.9149644520716045,0.7467744905463727,0.8114015586282293,0.8916829786258779,0.7620589941812752,0.9176344520056336,0.4851912306653865,0.9231975163531969,0.9629590308991038,0.7781547696602107,0.7728141488346038,0.5449614432040273,0.9203761879341787,0.8978173148387738,0.710732624630471,0.9339524310656602,0.9176344520056336,0.9194760752462123,0.9169796060396695,0.996503666166236,0.9961108153888742,0.9470371182540278,0.932241742150131,0.6823806307371936,0.9231975163531971,0.8045447261826573,0.9034349306066809,0.9176344520056336,0.9949841493208558,0.9459964655745479,0.9354957453078971,0.8283488761419413,0.9290437380995717,0.8341784453489841,0.8506214655678928,0.912359476799596,0.811536259430985,0.7633071354356558,0.9176344520056336,0.9176344520056336,0.8606789940362409,0.8441871537990804,0.7457537563550611,0.9168702393013652,0.8696634094739188,0.7834545200813473,0.9420130969013341,0.807449327707711,0.5953715242619076,0.8111039974055001,0.9176344520056336,0.8640003271366137,0.9261077324693097,0.9389009867184679,0.6684330951725979,0.932241742150131,0.7457200427391277,0.9176344520056336,0.9176344520056336,0.7646250292029908,0.9949841493208558,0.7777526801564931,0.9369836237218983,0.6311340238614753,0.9123820951287551,0.8825207683757945,0.93755703133742,0.77083920742259,0.7130610751103685,0.9176344520056336,0.796069078505083,0.8000377760185486,0.9203761879341787,0.9845214236147153,0.9091782588927158,0.8409373821227348,0.7075087193160747,0.7557077625570777,0.8543632839137971,0.8549424774214163,0.9176344520056336,0.8353154364479329,0.9536354056902001,0.8368572865027599,0.7685471883559651,0.9627608040783895,0.9048804738246028,0.9971539625572349,0.6006959661975008,0.9291179679746995,0.916077606541017,0.9030313249111763,0.9098137391625776,0.9550124172403794,0.9048043876528449,0.9427224628479643,0.8111039974055001,0.9261077324693097,0.9149644520716045,0.9318548420045338,0.9172640312418525,0.8529600477548237,0.9024305775252635,0.9389009867184677,0.9667419862543055,0.9389009867184677,0.9389009867184677,0.5912454822183268,0.9298297898147683,0.9547967519858331,0.9613251513423888,0.9902416640337588,0.9524593769068034,0.9001312905981322,0.6459437315928757,0.9073222074226137,0.9149644520716045,0.9172640312418523,0.8280382494458656,0.9203761879341787,0.8318297887792032,0.8664383561643836,0.8292797099010636,0.809531952481278,0.9176344520056336,0.5269737227520541,0.9176344520056336,0.790618680484148,0.9354957453078971,0.9377335525576861,0.8932967537832146,0.758617682381716,0.9176344520056336,0.7210894812497868,0.7084160666403951,0.9673786919850061,0.7988740707064026,0.7383560082449199,0.8111039974055001,0.9261077324693099,0.8272663807128411,0.9500012334294734,0.9315267260361109,0.8103542576307945,0.7852944502139065,0.6347455245763441,0.7730110731649057,0.9664656501581601,0.6891492539635695,0.9850486261598486,0.9198942322161898,0.8574763424045884,0.8422241792803136,0.6982886174212425,0.9176344520056336,0.9149644520716045,0.8834954184612107,0.7842830540686813,0.8973059653846186,0.7502907095344511,0.7491417365446085,0.9176344520056336,0.7884904450340273,0.9046053141970097,0.6380909553804,0.9176344520056336,0.7602568370336436,0.8173772215494309,0.932241742150131,0.8955399645501798,0.9149644520716045,0.9269415575655285,0.8753730319516104,0.992951585838133,0.949904800799596,0.6654260492476758,0.7852944502139063,0.7121913909844102,0.9176344520056336,0.8825207683757945,0.9176344520056336,0.932241742150131,0.6625581851750559,0.9277960702257781,0.9389009867184679,0.9121513639211623,0.7725507401817089,0.8458396385168978,0.8514064619648858,0.9176344520056336,0.8649384685625581,0.8444940347480179,0.8962175047752949,0.7150015447937321,0.8910305906213418,0.9743490353345139,0.8783842798904284,0.9072141675815735,0.8932539868674869,0.8504592950989358,0.7491417365446085,0.8932539868674869,0.996225319046196,0.8809270560698741,0.8837507054227132,0.8932539868674869,0.9389009867184679,0.7743488856070799,0.9203761879341787,0.6523732667884758,0.9152209695615848,0.9072141675815735,0.6190673064055561,0.9446358261174743,0.9479215598710831,0.8955399645501794,0.8606789940362414,0.8867504707956384,0.8727673249698822,0.9001312905981322,0.8090736401109926,0.851406461964886,0.7507219819581505,0.9650003312457804,0.9121079498127294,0.9587156021980774,0.6823806307371935,0.9203761879341787,0.9231975163531971,0.9426405799302902,0.636822661863876,0.8825207683757947,0.7958446107175723,0.933111146811416,0.9261077324693099,0.9291179679746997,0.9052930217188417,0.9121513639211625,0.5968409198258056,0.8955040393396556,0.9339476391945685,0.8635981724614363,0.7769666391192467,0.8763477248373532,0.9613251513423888,0.9323181362161137,0.6605757616879118,0.8067460012498178,0.9908056559190954,0.8372730958138412,0.9204848999716182,0.9552409151070955,0.9318548420045338,0.9225786753593268,0.7276155846772587,0.9610093839868188,0.9365682876192551,0.8791630303287916,0.9950640205788519,0.9470371182540278,0.8475890751228303,0.8727673249698822,0.8450525174659806,0.902950137057063,0.6577647569364992,0.9654282935645835,0.932500211031204,0.882520768375795,0.7508842517610116,0.8649845635040876,0.778370177762933,0.9730946846207086,0.8397002396163548,0.9636703814083794,0.8649384685625581,0.9977901694570488,0.616996861241116,0.9231975163531971,0.8757909533109132,0.9281278923411589,0.9291179679746997,0.8262903628126801,0.8692611468985303,0.9444674951746068,0.9354957453078971,0.9770864862406434,0.932241742150131,0.9293340386535862,0.9291179679746997
p218_T,0.8859207798820421,0.906375260076632,0.7741353484139981,0.9767788452564459,0.9164419655193168,0.7200407247635621,0.9088681673732477,0.9626265869239877,0.8417697283979713,0.934561854210183,0.6524058849824348,0.913733309388403,0.913733309388403,0.9164949062751403,0.9036729985316634,0.9261856521659335,0.9483551875577274,0.8872955140291614,0.982971410509272,0.7946878175844501,0.9994393154460264,0.7003510395538308,0.8253574758824458,0.9192233962368053,0.6390183897888619,0.8872955140291612,0.971950486482402,0.8909793814432987,0.79468781758445,0.9640447326970829,0.9694362836489427,0.9727541677821405,0.905980420499302,0.8955568994617085,0.9164419655193168,0.9312607396704551,0.5905972465935396,0.9773177764454565,0.9380163966266191,0.9506768980005937,0.9839009074365002,0.8895085707332924,0.9480026438367748,0.8843101430924514,0.9321033235024668,0.991373592911665,0.4792255271138147,0.8613881209721932,0.7214928457382913,0.8220068840377224,0.9727541677821403,0.8861058885648833,0.8872955140291612,0.9035033355391053,0.9837816225361296,0.9556196184821215,0.9475238565788602,0.9164419655193168,0.8882714305221584,0.5575523459907257,0.8454542782771104,0.8188060455997528,0.9206037147937578,0.9340990416559534,0.977678477490042,0.8832649680076361,0.9795295863759995,0.8855900773472694,0.8595084569686499,0.9653179186519114,0.8615796728624054,0.852624948242738,0.9971276925647264,0.7148952917141542,0.9164419655193168,0.7946171004168204,0.9555096729069269,0.9010728262563199,0.9852360939783736,0.9380163966266191,0.9500867441565981,0.7981797567600841,0.9414399550230419,0.8872955140291618,0.9164419655193168,0.9055006816206883,0.9919609062430834,0.8659098793395152,0.7894953000778915,0.9137333093884032,0.9164419655193168,0.8929170447517265,0.9880371141217228,0.8834775282276042,0.9100752707392668,0.8864731575813806,0.8529426809557072,0.7674560812394025,0.7607364895185857,0.8536696285492464,0.9475238565788602,0.8476494662542415,0.9539125216067481,0.904615759551833,0.8262889350480855,0.4999218811025572,0.626227339950507,0.8343611785387708,0.8963379163019165,0.7570652661468145,0.875068301772281,0.8895085707332921,0.8701989245649346,0.6666438234725665,0.5713315118989216,0.8476052759658117,0.754278136569222,0.9312607396704551,0.9480026438367741,0.8076169421169139,0.9502758498388719,0.9132248230157267,0.96782156151872,0.8758757941461655,0.9128552813832626,0.7836604460762664,0.5460354868508438,0.9999372812790766,0.7923256286306117,0.9168673858538463,0.7906892017727831,0.9858084434319019,0.9318133405341398,0.9380163966266188,0.9483551875577274,0.8372920266171273,0.8677957404128469,0.9250379219402804,0.5023671279573954,0.9110906193450525,0.7782703869753425,0.5239374893790811,0.7494326725468214,0.9954405859196401,0.8834476983427147,0.8529358756208607,0.8476812770166928,0.7402112962753105,0.9506768980005937,0.8998452926517108,0.9029879488665963,0.84545427827711,0.7671690193264539,0.9168535965487314,0.9727541677821403,0.885110846748371,0.9062735470156762,0.9978967545796937,0.9893528308763072,0.9591075443923952,0.9640071253706259,0.893702458646795,0.9606559814622546,0.8242234044238141,0.8008615645947872,0.8530927835051542,0.9791773846534599,0.7172878978802192,0.9644659921256323,0.7455249696999708,0.8562109672938351,0.5823677272156198,0.9152383482658544,0.9177137156321572,0.9968104026993009,0.9543128992433956,0.8101859061354616,0.9590047075991,0.897889827165478,0.9747017331019021,0.9094353812212375,0.9567192892236172,0.9556196184821215,0.9977164699543988,0.9538351142583001,0.6922651988921613,0.8076169421169139,0.8886678230824372,0.9795518972928103,0.9356184765244473,0.9928378554472401,0.8931170028100022,0.720714554176042,0.7842519392715939,0.9498514902980828,0.9164419655193168,0.9192233962368053,0.9928378554472403,0.9115581941905682,0.764409019828927,0.8932759018403602,0.8763087891966074,0.9164419655193168,0.7902253572028035,0.7099218761947244,0.9345618542101832,0.9164419655193168,0.8228059758410147,0.860595616360234,0.8362930332131355,0.8057510656386747,0.975211821780186,0.955724889671401,0.9164419655193168,0.987719754796174,0.9164419655193169,0.9541254526775216,0.951707176262925,0.9980004759546139,0.9164419655193168,0.8546180048997589,0.9164419655193168,0.8797872449872582,0.8999561688633486,0.8246563573883156,0.7873178675794424,0.9681385641755447,0.753382578756763,0.9110906193450525,0.6148962787359241,0.935136627084604,0.8976528842875962,0.7513499932175263,0.7846135554921013,0.9795295863759994,0.83449531009486,0.8910756755394971,0.9672954132038307,0.9781948975757422,0.829909651424894,0.8605956163602335,0.9085080245777923,0.9132248230157267,0.9110906193450523,0.9164419655193168,0.9418243114872846,0.9164419655193168,0.9375261893019002,0.9424531904121207,0.9250379219402804,0.8964863222730702,0.7904620093411424,0.9192233962368055,0.8586619077554178,0.567534744572058,0.8893540618253073,0.9010728262563199,0.8132236490903708,0.9220855717829912,0.9092025253139772,0.9398808686261126,0.7833911611167483,0.9137333093884032,0.9280917395652364,0.8772534171459853,0.9380163966266191,0.8228059758410153,0.977916645584153,0.9233721476659593,0.9160634361285369,0.8564263177459289,0.9318133405341394,0.9309882376017067,0.9232913720400566,0.9499819765682012,0.4999218811025572,0.776311651236667,0.9978967545796937,0.9606559814622546,0.9644928242341106,0.4999218811025572,0.8973635467698529,0.7697555580912283,0.9280917395652359,0.8706367144740204,0.932795246271596,0.9858084434319019,0.9827831390197601,0.7576290835981054,0.5166787279396317,0.9681385641755447,0.8937024586467951,0.7530953983316211,0.8101859061354616,0.8924688472989581,0.7816587896936467,0.7526352981973861,0.8995385208275024,0.982971410509272,0.9596571364772952,0.8851108467483706,0.8845412903994782,0.9318133405341397,0.7681353069279424,0.9563062805815834,0.8937024586467949,0.9178938723744825,0.9194158075601373,0.7366908084658255,0.8510501785307238,0.878189460043324,0.9517071762629251,0.8394591933610114,0.8073399772739793,0.8412508414695452,0.9345618542101832,0.8674433656039868,0.6863876863023031,0.7846135554921023,0.8605956163602337,0.9613863778038887,0.9681385641755447,0.9164419655193168,0.9250379219402802,0.9817623833630771,0.9539119155583538,0.4999218811025572,0.8735613087355404,0.9602919497626032,0.9164419655193168,0.6390183897888616,0.9653179186519115,0.9380163966266188,0.6602818726841868,0.7561648646115766,0.8670838315537017,0.9795295863759996,0.8034171421231231,0.8387606469662808,0.710502035005665,0.9059804204993023,0.9073813420482949,0.9220855717829912,0.9537077258337427,0.8951601536377107,0.9035033355391053,0.8799793340483575,0.9480026438367748,0.7442526201662356,0.9009152082361704,0.7275053930619251,0.5336316937031133,0.9137333093884032,0.7722675319607608,0.9491270128542677,0.7388674434369671,0.7221027327095886,0.747763595606636,0.9164419655193168,0.8001594614292733,0.9629993477669241,0.897889827165478,0.5605086847432739,0.9887119198512566,0.7455249696999708,0.9164419655193168,0.9164419655193168,0.9506768980005937,0.893117002810002,0.8193277076235783,0.9164419655193169,0.7946878175844497,0.9596571364772952,0.946636875765793,0.7517630006326828,0.8585820023484634,0.9971276925647266,0.9966794629726075,0.9715878604207602,0.8308620205556929,0.8647392639403142,0.9164419655193168,0.7686154372527554,0.9099656357388313,0.8179768141864514,0.8409667102607643,0.7590765912347518,0.9779700758309209,0.9858084434319019,0.720431110318446,0.9164419655193168,0.7368702571006933,0.8795470806186668,0.8811923925648845,0.8746472326315748,0.9916530842778032,0.7562489057874947,0.8606159733902158,0.9164419655193168,0.8291101870432283,0.7722731073171095,0.9164419655193168,0.911729057355152,0.8300624635225093,0.8258939008523993,0.7366908084658255,0.7307432419306945,0.9164419655193168,0.9893006839238486,0.9672938193063929,0.9727347845851518,0.7998497685672347,0.7366908084658255,0.8473098920648874,0.902284670876605,0.9997790217935905,0.5713315118989216,0.9315838513038122,0.8132249165650078,0.8940275945888623,0.7780531997475193,0.8596827895610355,0.7618770278422403,0.8940275945888625,0.5500833737992555,0.9872201163229497,0.9164419655193168,0.9136072478130945,0.9344071742303246,0.7300249400372343,0.9382829336530907,0.7692327388836034,0.9519642373961466,0.9769495589859927,0.9916530842778032,0.9110906193450525,0.9382829336530907,0.9971276925647266,0.7542781365692213,0.820747961200337,0.952841173953905,0.9312607396704551,0.7672051489045664,0.9029879488665965,0.9415276164159578,0.8604343420735323,0.9350381536065211,0.9555096729069269,0.934561854210183,0.8440040247603641,0.8909793814432987,0.9641860625543642,0.9411735446033733,0.935136627084604,0.7015802644810709,0.7555434814691349,0.9881414477942226,0.8593962429851332,0.9159089115216752,0.9951080188590635,0.8842971758754068,0.975493041049861,0.8766235303260081,0.8706974250279074,0.7927175967089415,0.9212564811755435,0.9719504864824021,0.8075211231416759,0.613093951621632,0.8725113072902908,0.9606559814622546,0.999258193162122,0.7503912915017803,0.9754930410498612,0.6989208736795982,0.9951080188590635,0.7455019971844743,0.7626910401356541,0.7555434814691349,0.8051225416546712,0.949440696611663,0.9917486808400419,0.9911981596732263,0.982971410509272,0.8574815552165187,0.8220068840377224,0.9727347845851521,0.9952749140893471,0.9719504864824021,0.6930203456228566,0.9250379219402802,0.9312607396704553,0.8758757941461651,0.7316189380227607,0.9670171466267896,0.5823677272156199,0.9602919497626032,0.8429604839965288,0.9262793072625786,0.9719504864824022,0.8876430101625614,0.9164419655193168,0.5264541432619002,0.9164419655193168,0.9164419655193168,0.7397934068794985,0.8940275945888627,0.9009152082361704,0.9164419655193168,0.6864950590422627,0.7330717887793441,0.88873150110704,0.8980475844527739,0.7236824420815386,0.7570625630714944,0.952841173953905,0.8399399046211,0.7759150787868956,0.9773177764454566,0.9747017331019021,0.9280917395652364,0.9220033199406046,0.8758231153994426,0.803886335388146,0.7521254563822513,0.9773177764454566,0.9110906193450525,0.8718412860007454,0.724801094961123,0.853933405563242,0.5252785195063683,0.9881016593726814,0.9919609062430835,0.97503712153604,0.895511208264618,0.8709280447344805,0.7285460980106724,0.8454542782771104,0.9641813269710355,0.897889827165478,0.922085571782991,0.9351366270846042,0.9025295647924121,0.8350214292311762,0.8057510656386748,0.8903300637048626,0.9250379219402804,0.990157558775191,0.9085080245777928,0.8252818489972966,0.7590642381328313,0.960291949762603,0.76236173002865,0.9644659921256323,0.9380163966266188,0.6633419434638772,0.7472891252000982,0.8908821080541922,0.7620100255865642,0.9715878604207602,0.873633030464118,0.919160054539107,0.9164419655193168,0.5500833737992555,0.8625429553264603,0.9539125216067482,0.9584174880278431,0.9715878604207602,0.9662885265016657,0.6821838335716566,0.7369332217596427,0.8955112082646186,0.7160910441036661,0.934561854210183,0.6882543988515053,0.975493041049861,0.8437481344003523,0.9110906193450525,0.8217153723718019,0.840893672822352,0.9705890751589275,0.9951080188590635,0.785926382094414,0.9369189224936612,0.7846363854227092,0.8169712959496189,0.8136889686781192,0.7608589935161949,0.7300586251460576,0.8766235303260079,0.7405377519433767,0.9320797389103181,0.9192233962368055,0.7166347548368699,0.9672954132038305,0.8237753987296021,0.9137333093884035,0.7765475151931189,0.8483503232125804,0.9380163966266188,0.8010551050442436,0.922085571782991,0.8645046537943692,0.0,0.8895085707332926,0.9392178238502196,0.5355623652954031,0.96782156151872,0.9068614220260416,0.9010728262563199,0.960291949762603,0.5500833737992555,0.7200407247635616,0.9164419655193168,0.9537077258337427,0.9687007397570008,0.9827687655317641,0.8962013212613387,0.9164419655193169,0.8533905592738278,0.8490704410707339,0.84545427827711,0.9026532767809434,0.7474520763057801,0.797891687681543,0.8719206013775151,0.9448184166246438,0.8328595305783371,0.997949903691431,0.7744432967591066,0.9855195560802343,0.5264541432619002,0.6506380610479789,0.9152383482658542,0.9858084434319018,0.858045536171701,0.9380163966266188,0.880819906795363,0.9662885265016656,0.9380163966266191,0.982423821830337,0.9879051267951275,0.8242670087328133,0.9768811887511059,0.7567236018635488,0.9312607396704553,0.9164419655193168,0.8986853937484478,0.693204100588592,0.7494392744293186,0.9137333093884032,0.8840970946922799,0.9483551875577274,0.9137333093884032,0.9137333093884032,0.9537077258337429,0.9164419655193168,0.9882023505376625,0.9262793072625788,0.9164419655193168,0.9606559814622546,0.8492036529734753,0.9312607396704551,0.5713315118989216,0.9727347845851518,0.9916530842778032,0.9137333093884032,0.6833954088063714,0.7665073280695918,0.8940275945888625,0.7777865574945615,0.9164419655193168,0.9262793072625786,0.5713315118989208,0.9359879063473188,0.7906891121594517,0.8056122804055927,0.9312607396704551,0.6351590063362385,0.8963379163019165,0.8605956163602337,0.96782156151872,0.5217608120269644,0.9168673858538465,0.7424968183268796,0.9996261319100789,0.9503459814762185,0.9872968515533684,0.9653179186519115,0.9181909994949611,0.5252785195063683,0.9421050007412697,0.7796562783546097,0.9164419655193168,0.8242670087328132,0.7647114161226832,0.9345618542101832,0.9541733867461883,0.6133260196629841,0.8384564219662866,0.7494326725468214,0.9519642373961466,0.7120406989702884,0.7384687660513891,0.9164419655193168,0.9164419655193168,0.9700497852148386,0.7948802738431995,0.8798779764968924,0.8320390587575879,0.7455249696999711,0.944653664512665,0.69400367693531,0.7453080895942887,0.9233721476659591,0.74888558690251,0.9164419655193168,0.9379315861543059,0.5500833737992555,0.9380163966266191,0.8721430099546084,0.4999218811025572,0.7222276254604905,0.9164419655193168,0.9164419655193168,0.8320407373186156,0.9971276925647266,0.8453972681111299,0.5180948728730479,0.8877095070326824,0.8666934952218595,0.9282997181204365,0.7421888307704926,0.7470982821298633,0.9638768720072552,0.9164419655193169,0.8017737666780879,0.7378507300975343,0.5905972465935398,0.9312607396704553,0.8824292665093911,0.8535620974118922,0.8529358756208607,0.8767513485475704,0.9192233962368055,0.6955983377409662,0.9164419655193168,0.7532569414875749,0.9342500146938062,0.83449531009486,0.7979496700862895,0.8844726491843773,0.9795518972928103,0.8436077083923403,0.6922651988921613,0.977678477490042,0.8689873703266588,0.7734332188743887,0.9321033235024669,0.934561854210183,0.9767788452564459,0.8872955140291618,0.7300249400372345,0.9727541677821405,0.9137333093884032,0.9628187359651192,0.8829528399528479,0.9143173056653141,0.9806625273979319,0.9380163966266188,0.9143173056653144,0.9380163966266191,0.9380163966266188,0.7525224679141627,0.897889827165478,0.8778727112576175,0.9164419655193168,0.934561854210183,0.7003510395538308,0.9715878604207602,0.6953996291376292,0.9059804204993027,0.913733309388403,0.9556196184821214,0.849608348018354,0.919223396236805,0.9544512296892852,0.9220033199406048,0.7475141384270301,0.7100139298265037,0.9164419655193168,0.9404297232868184,0.9106973506487697,0.7842519392715939,0.934561854210183,0.8895085707332924,0.9606559814622548,0.7263171483468929,0.9164419655193168,0.7160910441036661,0.7008301913069241,0.891751906668637,0.7181019671258506,0.7532569414875749,0.7300249400372345,0.5500833737992555,0.7074700897349069,0.8372920266171271,0.8680549584980375,0.764463880606461,0.9641813269710355,0.6649404029768857,0.9380163966266188,0.8955112082646188,0.9971276925647266,0.8211918559184784,0.8526249482427382,0.7740416654066773,0.8654110063376463,0.765817653525908,0.916441965519317,0.9137333093884032,0.8585462425132082,0.9376575914022262,0.8295521434560473,0.7994384528005176,0.7603098831742516,0.9164419655193168,0.7449441938218249,0.8067398777107784,0.9767788452564459,0.9164419655193168,0.7366498014329848,0.9448810215177157,0.4999218811025572,0.9291044607799492,0.9137333093884032,0.8942224481194699,0.887295514029162,0.6781151546895264,0.8910486018561099,0.9288394934873136,0.999258193162122,0.7041556540044998,0.9164419655193168,0.9762600943374635,0.9164419655193168,0.9312607396704551,0.8669726846727095,0.8097356591508624,0.9380163966266191,0.9644659921256323,0.988816270589947,0.8436077083923406,0.7055011198405707,0.9164419655193168,0.8982131966081792,0.819793895693609,0.8632307830712406,0.9694362836489427,0.9987249599057338,0.8840970946922797,0.8766235303260081,0.8745574900762874,0.9194158075601371,0.8237753987296021,0.7044515668147191,0.9194158075601371,0.8562109672938352,0.9795295863759996,0.7526352981973861,0.9194158075601371,0.9380163966266191,0.9206037147937578,0.9192233962368055,0.7526352981973863,0.8763087891966077,0.8745574900762876,0.9015358689505103,0.8457632233052685,0.6610943429440552,0.9291044607799488,0.8586619077554187,0.8851108467483708,0.913733309388403,0.935136627084604,0.9352861534669255,0.6150752113686131,0.9897678246180017,0.8228059758410149,0.8821340252870202,0.8587219256270113,0.9506768980005937,0.9192233962368055,0.5713315118989217,0.8633928226985459,0.8977278616055222,0.7692327388836031,0.9762600943374635,0.9115581941905684,0.5500833737992564,0.5264541432619002,0.9446219998127121,0.8787105864554918,0.9705630935670462,0.9917486808400419,0.752125456382251,0.9992660893901819,0.9678215615187198,0.8745574900762876,0.5217608120269644,0.965348778925144,0.8657481534136093,0.7572928415920821,0.8363030843630053,0.8730062463550938,0.9280917395652362,0.7846135554921014,0.9933060469384616,0.8872955140291612,0.9483551875577274,0.49399572786900514,0.9340990416559534,0.9183213534746966,0.9392804439417413,0.6524058849824348,0.9815601099015916,0.9977164699543988,0.9668791581521321,0.974317255909797,0.9681385641755447,0.5460354868508437,0.8132249165650078,0.8808199067953628,0.9397554510393483,0.9315838513038122,0.7751614263563296,0.9614119059411901,0.8027940542972899,0.6392995820929144,0.8788614264055989,0.9262039440654457,0.9163532097707385,0.8476494662542418,0.7682410594343818,0.5570154949824224,0.5264541432619002,0.8237753987296021,0.991099301531293,0.7688442855643255,0.934561854210183,0.8803029307892647,0.9829714105092717,0.9295871096624115,0.5264541432619002
p218_V,0.8173909653326441,0.9224335544163886,0.6621404838977814,0.9230054833172636,0.932833950574053,0.9501760208500687,0.7723058553222681,0.8634651470510372,0.9033840325613391,0.9473991727811975,0.9204798499326443,0.980662425002937,0.9306566646589698,0.9334160095166193,0.9139909169429035,0.9850607921252732,0.9264564493231813,0.45595246232503883,0.9447456538980157,0.9473991727811977,0.5685872724287833,0.9185607716438655,0.9565880742927937,0.9350697345319545,0.91667381023818,0.9094052998937727,0.9739085258807387,0.8895085707332926,0.9473991727811977,0.8132574257235861,0.9008268910150361,0.9397435965156078,0.3343775218332642,0.9272989769634585,0.9328339505740533,0.9447456538980157,0.9881361984083077,0.9244246976009174,0.9501760208500687,0.9076492093936457,0.5399702818065544,0.9918372319688105,0.9501760208500689,0.884844927209117,0.9786393975617036,0.7023768826996022,0.9373704232137268,0.9281614381684169,0.9076492093936457,0.8569246572337172,0.996566586696046,0.6968884619371705,0.9094052998937727,0.9224335544163884,0.9366007185429919,0.9402963929885,0.9059145492620324,0.932833950574053,0.8995196271956842,0.9772068366488,0.8757722623764221,0.8457259469302124,0.909405299893773,0.6289302643121228,0.942198331919694,0.8589223002997541,0.9397435965156076,0.8338454108822273,0.7965394070281936,0.9447456538980157,0.8958917053231716,0.936191854766236,0.964240297759334,0.793667190730335,0.932833950574053,0.5732495049016467,0.9078071215227663,0.9647915833876861,0.8345541328101038,0.9501760208500687,0.9204798499326445,0.9540147404500325,0.9025045192170258,0.4559524623250393,0.932833950574053,0.8910854332944247,0.9946231749394499,0.8977903661202704,0.8597715705372193,0.9306566646589698,0.932833950574053,0.8852149430495115,0.7632379735095629,0.8323731629466302,0.9854433830775422,0.8684163025748141,0.8540918850742609,0.5409615009398934,0.807108152652517,0.8507336961614287,0.9443618136993994,0.9373704232137268,0.9328339505740533,0.812312718448402,0.9056829105482451,0.9447456538980152,0.8772638514038555,0.7763903617370094,0.9592370337121963,0.8196206900298044,0.8881621124088335,0.9515107212475631,0.7895365256441962,0.9440876206769655,0.9922127245794843,0.757649014873611,0.9677148480463276,0.9447456538980155,0.778355055715737,0.8367904529612387,0.9176755293570777,0.8484619576906176,0.9166738102381802,0.9008268910150361,0.9887355796164214,0.8139722160527819,0.9881361984083077,0.9153776817116556,0.980662425002937,0.9884602805599663,0.883316006272592,0.9373704232137265,0.9397435965156076,0.9501760208500689,0.9739085258807387,0.6604355902972363,0.8665758316677286,0.832964442762638,0.9397435965156076,0.9285324039439791,0.7676870022298585,0.9473991727811972,0.7995609863839505,0.9330609402119014,0.8512715263045254,0.881786158467905,0.8868145984844205,0.885121584000027,0.9076492093936457,0.7911447687015551,0.9473991727811977,0.8757722623764219,0.8338454108822273,0.6220453452249967,0.9397435965156078,0.9076492093936457,0.8612009019176172,0.5830251746835928,0.8841179782180015,0.8484619576906176,0.87890587780811,0.9922127245794843,0.9129874603663684,0.849800668452845,0.5512362052323654,0.8895085707332926,0.9400996476017192,0.6289302643121228,0.9480926838423982,0.8900757604456215,0.9334160095166195,0.8693202939651599,0.9059145492620324,0.9320947225991513,0.8550787752792877,0.9705264508569071,0.9447456538980157,0.8545462084867692,0.9293058851115359,0.710603077322451,0.8833108489700485,0.8804653487557299,0.9828090781367662,0.980662425002937,0.8873780235023768,0.8550787752792877,0.812312718448402,0.9601713942311845,0.9224335544163882,0.9917619408419694,0.9285324039439793,0.9951045446708899,0.7130831476064654,0.7884037109284296,0.9999061014832775,0.932833950574053,0.9350697345319545,0.9285324039439793,0.9281614381684171,0.7306513455950763,0.9135052288653056,0.9306566646589698,0.932833950574053,0.6411463530432226,0.8547907930921173,0.9473991727811977,0.932833950574053,0.8489085250255912,0.8879432507007243,0.8773362054151379,0.8841179782180014,0.9975788789034867,0.9306566646589698,0.932833950574053,0.9068182136217003,0.932833950574053,0.751115850568872,0.6765789259313615,0.7074702731540912,0.932833950574053,0.9857344547280904,0.932833950574053,0.8387339284963131,0.9713047430365496,0.8895085707332926,0.6154734027211257,0.9373704232137268,0.829912239288431,0.9285324039439788,0.9565880742927937,0.9619687983522078,0.9068526714114968,0.9202355688974513,0.8926744609561268,0.8329644427626378,0.9559231506618936,0.883623786778412,0.5220140452545896,0.8640725290007105,0.9214489273204718,0.954954603940219,0.9264564493231813,0.8757817245775488,0.9285324039439793,0.932833950574053,0.9016719843861534,0.932833950574053,0.8375438594736593,0.8879432507007241,0.9466104231235153,0.9799701406110684,0.807834180937243,0.9350697345319545,0.8863888870954333,0.8705100723917398,0.8868145984844205,0.9908966831572721,0.8412117840414655,0.9373704232137268,0.8560383604093733,0.6304777742404368,0.8648227020507129,0.93065666465897,0.998751198529129,0.7449069566486779,0.9501760208500687,0.8489085250255926,0.8719977578125402,0.9111842105263157,0.7363601750214237,0.8605327872651449,0.9397435965156078,0.8712157346960703,0.8429903529773057,0.750604652038998,0.9447456538980152,0.8196206900298055,0.8863888870954331,0.9540147404500323,0.8698750345772266,0.9447456538980152,0.7633936390087607,0.7542099056004459,0.9397007289779526,0.5456695402250417,0.9693106363081487,0.9373704232137268,0.9272989769634583,0.7895365256441966,0.9285324039439793,0.9373704232137268,0.9922127245794843,0.777650998699194,0.9447456538980157,0.8002684491786303,0.8808735852059528,0.5778229376838271,0.817624721437618,0.9447456538980157,0.9328339505740533,0.9466889433536754,0.9285324039439793,0.996566586696046,0.7830080413922436,0.8949560937756018,0.9373704232137268,0.46771504724588153,0.9233721476659595,0.7939739273905736,0.9121790042012337,0.8742335215938111,0.8102041942761287,0.8361215673069284,0.8233756353590183,0.8317507166547388,0.9473991727811977,0.872810528524822,0.9473991727811977,0.9965480089781211,0.8879432507007241,0.9121790042012341,0.9922127245794843,0.932833950574053,0.9397435965156071,0.9926689270744571,0.909405299893773,0.9447456538980152,0.9987511985291293,0.9306566646589698,0.932833950574053,0.9130732958657555,0.9447456538980157,0.9501760208500687,0.9784004338929009,0.6880634583742173,0.9129874603663684,0.939743596515608,0.8719977578125402,0.72198735910544,0.959237033712196,0.9244246976009174,0.8587684430909974,0.9373704232137268,0.9619234929707898,0.77775296133315,0.9677148480463273,0.881786158467905,0.9501760208500689,0.8004992854467701,0.8926744609561268,0.8389168854437492,0.9264564493231813,0.9306566646589698,0.9313442213087995,0.957741025238342,0.7671941876032182,0.8358840366252307,0.765038723006164,0.932833950574053,0.8550787752792877,0.9253216361240026,0.894276316207222,0.9253216361240026,0.9236313915934421,0.8900757604456215,0.932833950574053,0.932833950574053,0.9466889433536754,0.9339575365978563,0.9610497116856047,0.932833950574053,0.9881161094061223,0.9328339505740533,0.9334160095166193,0.5512362052323652,0.8105327383163261,0.9842968264073595,0.8991661559057054,0.9946231749394499,0.7378707401192642,0.7839263685168731,0.932833950574053,0.5685367948697659,0.8895085707332926,0.8150514051534525,0.7523784520946402,0.9355234569898139,0.9294518263568603,0.9373704232137268,0.774720844005172,0.932833950574053,0.7352097025008115,0.9094052998937732,0.9610497116856047,0.8114619860904713,0.9881361984083077,0.7172337288554191,0.9244246976009176,0.932833950574053,0.9497379002435935,0.8531873485669531,0.932833950574053,0.9718807580739222,0.8173909653326437,0.7156067379074194,0.748946109606671,0.7830080413922433,0.932833950574053,0.7839315211030562,0.8824939460418761,0.9421983319196943,0.8760322104935407,0.9358591659060121,0.8772638514038558,0.8787630926879593,0.8626344708228051,0.9922127245794843,0.8949560937756018,0.8498654909309769,0.9148167155454525,0.8294284377624634,0.9108189951607537,0.634086770898472,0.9148167155454523,0.996566586696046,0.9094052998937732,0.932833950574053,0.9447456538980157,0.528149234396387,0.797586413738756,0.9647915833876861,0.9042000439512239,0.9772068366488,0.7110067009956924,0.9350697345319547,0.9285324039439793,0.9908966831572722,0.9328339505740533,0.9677148480463278,0.6035693426816189,0.964531040634373,0.9447456538980157,0.844298719832695,0.9473991727811979,0.9224335544163889,0.9983594330401349,0.7813623674072165,0.8643990948144242,0.9473991727811977,0.753450901703146,0.9233721476659595,0.9135052288653056,0.9111842105263157,0.3869108010226566,0.9769987586961086,0.9373704232137268,0.9688274750145474,0.926269823160037,0.6903032279825793,0.9129874603663684,0.926269823160037,0.9647915833876861,0.9008268910150361,0.8116920561107119,0.8371278512025719,0.9715983871370566,0.9264564493231813,0.8666429089811143,0.9117409594618757,0.8975213827250901,0.9950420205336963,0.9148167155454521,0.7671939848593184,0.9908966831572721,0.6672405322093744,0.9129874603663684,0.954954603940219,0.815684095718271,0.9373704232137268,0.8023793742731757,0.7130831476064653,0.9253216361240026,0.9855764781637497,0.9320948271810628,0.8632899429731515,0.8569246572337172,0.9421983319196943,0.8895085707332926,0.9264564493231813,0.8837352444465899,0.9965665866960463,0.9447456538980155,0.9008268910150359,0.7517726831389293,0.5898654384235149,0.9306566646589698,0.8693202939651599,0.8118216371522153,0.9660013292083208,0.9264564493231813,0.8872197069155328,0.932833950574053,0.9987511985291292,0.932833950574053,0.932833950574053,0.8055304513576165,0.9148167155454521,0.8926744609561268,0.932833950574053,0.815157105720863,0.8552697780895722,0.954954603940219,0.8776429442531763,0.6220453452249962,0.7210152333614412,0.9033840325613389,0.871339670156718,0.8350716245380765,0.9829255798283554,0.9853102221640591,0.942198331919694,0.8910854332944247,0.772682710390186,0.8095211433024021,0.9008268910150361,0.9244246976009176,0.9285324039439793,0.887038593872429,0.9421983319196943,0.8626344708228051,0.9922127245794843,0.868416302574814,0.99462317493945,0.9111842105263155,0.9148167155454525,0.799692929636338,0.9718807580739222,0.8757722623764221,0.9983594330401349,0.9293058851115359,0.9922127245794843,0.9185607716438653,0.9350697345319545,0.8863888870954333,0.8841179782180015,0.6739574384872626,0.9397435965156076,0.7986807878583739,0.9264564493231815,0.8848613168952995,0.6987267626996296,0.980662425002937,0.7708985130552137,0.9480926838423982,0.9819567482913831,0.7656581909429558,0.8680157579069601,0.9320042986155883,0.769703436768225,0.961968798352208,0.8772638514038558,0.8980448416283211,0.932833950574053,0.996566586696046,0.9233721476659595,0.9842968264073595,0.6149049663771398,0.9185607716438655,0.9772068366488,0.9025045192170258,0.9012507074719958,0.9148167155454527,0.7862828222369784,0.6656925203427219,0.9183868189904003,0.9465849497022308,0.8234322943673025,0.9772068366488,0.9244246976009176,0.8329518517135155,0.9214489273204716,0.9129874603663684,0.7379311478417379,0.8947190755770309,0.8022339522189451,0.8441637851802155,0.9619234929707896,0.7997217022760692,0.6643488981572665,0.9008268910150359,0.9881161094061227,0.9592370337121963,0.9881361984083077,0.6999069659219302,0.8713396701567191,0.8868145984844211,0.9806624250029372,0.7149994134811042,0.6947416173475591,0.9501760208500689,0.8400830903851959,0.9373704232137265,0.8910854332944247,0.8895085707332926,0.0,0.9601713942311842,0.9008268910150361,0.9166738102381802,0.6045510524355,0.37053241478669086,0.9693318146530956,0.9397435965156076,0.9501760208500687,0.932833950574053,0.9342029590072161,0.67643885912715,0.7671941876032182,0.9293058851115359,0.932833950574053,0.8997209019134789,0.7312576437206921,0.9068526714114971,0.9334160095166193,0.4851458867083178,0.8569246572337172,0.8428691512227089,0.8274363234290458,0.9042000439512241,0.937933080446572,0.8025114781888854,0.5821499322357737,0.942198331919694,0.901671984386154,0.9059145492620324,0.9922127245794843,0.8879432507007243,0.9501760208500687,0.9799701406110684,0.9285324039439793,0.9140895174328346,0.8964412710638563,0.9787436574258668,0.9328339505740533,0.8330395844052281,0.5551380244888118,0.9447456538980157,0.9842968264073595,0.9185607716438655,0.7820985562248257,0.8275364594326442,0.9306566646589698,0.9466104231235156,0.926456449323181,0.9306566646589698,0.9306566646589698,0.9965480089781211,0.932833950574053,0.973908525880739,0.9660013292083209,0.932833950574053,0.9129874603663684,0.8555066140949483,0.9936745866415239,0.9922127245794843,0.9987511985291291,0.9881361984083077,0.9306566646589698,0.8037437165269692,0.812312718448402,0.9148167155454525,0.8131779054221262,0.932833950574053,0.9086108152814203,0.9373704232137268,0.9129874603663684,0.837844852825882,0.910385958188578,0.9447456538980157,0.9350697345319545,0.9166738102381802,0.954954603940219,0.9592370337121965,0.932833950574053,0.8879432507007243,0.9313442213087995,0.9008268910150361,0.7868761542855598,0.9204798499326445,0.9447456538980155,0.9076492093936457,0.9922127245794843,0.8772638514038555,0.8146618761013409,0.932833950574053,0.9842968264073595,0.5910420181330441,0.9473991727811977,0.7257299001697448,0.9739085258807387,0.9204798499326443,0.8589223002997541,0.9772068366488,0.8343939304354915,0.8477825023812873,0.932833950574053,0.932833950574053,0.9809646283493229,0.8917301915843564,0.9320042986155883,0.698693754570684,0.7954465711283287,0.7714600184986224,0.6739574384872624,0.8019413536155189,0.9111842105263157,0.7751261733591139,0.932833950574053,0.9822208584411788,0.996566586696046,0.9501760208500687,0.7632379735095629,0.9447456538980152,0.8457259469302125,0.932833950574053,0.932833950574053,0.8114566937573489,0.9842968264073595,0.7779881884966267,0.9185607716438657,0.6766803132723644,0.5399702818065545,0.9420850922811461,0.9559231506618933,0.8273645207312037,0.6940991873376765,0.932833950574053,0.8879432507007241,0.7588064219236699,0.9350697345319545,0.9320948271810628,0.9322776343834589,0.806290462332043,0.881786158467905,0.8910854332944247,0.9350697345319545,0.5969201592150292,0.932833950574053,0.8165087157698867,0.9253216361240026,0.8966164956581817,0.9348812958904453,0.6764388591271504,0.9224335544163886,0.8742879430656609,0.9034345468342828,0.9421983319196943,0.7426031603399932,0.8426872262301561,0.973908525880739,0.7301772381554017,0.8975213827250901,0.9490704397550971,0.8200466541183982,0.9397435965156076,0.9306566646589698,0.8359132192646177,0.9059145492620324,0.9214489273204716,0.997750746719945,0.9501760208500687,0.954954603940219,0.9501760208500689,0.9501760208500687,0.8713396701567189,0.9293058851115359,0.8626344708228049,0.9328339505740533,0.7946619559680814,0.9185607716438657,0.9619687983522076,0.8934077299130398,0.3343775218332662,0.9306566646589698,0.9828090781367662,0.8597715705372191,0.9587973377153393,0.8203947683273828,0.9719697553872639,0.8699234236373342,0.907181503040076,0.932833950574053,0.8569246572337172,0.9328339505740533,0.7662746835405343,0.9473991727811975,0.9918372319688105,0.9129874603663675,0.9311424812015243,0.932833950574053,0.7862828222369782,0.7656581909429558,0.9129874603663679,0.8102337120326546,0.8165087157698869,0.7975864137387563,0.996566586696046,0.8102536016795145,0.8427611657869751,0.7656581909429561,0.8830288233047459,0.9148167155454525,0.8161441028835927,0.9501760208500689,0.9565880742927937,0.9842968264073595,0.9832783620912899,0.9076492093936457,0.8335322342666971,0.9623366128450228,0.7798236263663163,0.9127774219260272,0.9306566646589698,0.861635014700465,0.6643488981572668,0.891668947296401,0.7708985130552137,0.7834950843562396,0.932833950574053,0.7866846903996985,0.6579425168917088,0.8975213827250901,0.932833950574053,0.8116920561107119,0.9707495588862811,0.9447456538980152,0.9983594330401344,0.9306566646589698,0.7287945948305328,0.9887355796164213,0.8640725290007105,0.9402963929885,0.878763092687959,0.9148167155454521,0.7756690190480482,0.932833950574053,0.9442597627290877,0.932833950574053,0.9447456538980155,0.8027300594516966,0.8742335215938124,0.9501760208500687,0.9025045192170258,0.7717077782037407,0.9359334109845738,0.8975213827250901,0.932833950574053,0.8703626342900589,0.854012550004037,0.9703079230133635,0.9008268910150359,0.5759659233833179,0.9965665866960463,0.5096997249396567,0.9355234569898139,0.8895085707332926,0.858346233817509,0.7391490898772266,0.8895085707332926,0.9230054833172635,0.939743596515608,0.5778229376838271,0.8895085707332926,0.9501760208500687,0.9490704397550973,0.9881361984083077,0.9850607921252732,0.9306566646589698,0.8991661559057056,0.9129874603663684,0.8569246572337172,0.944528366200539,0.9598692082125241,0.9195505082342443,0.9466889433536754,0.980662425002937,0.99462317493945,0.7511158505688722,0.8975213827250901,0.5281492343963867,0.87199775781254,0.9158227252250268,0.6152710593021383,0.9466889433536754,0.9881361984083077,0.9373704232137268,0.8999738211285466,0.974378015357418,0.9042000439512241,0.9063747143991656,0.868416302574814,0.9397435965156073,0.9987511985291293,0.8590314291927001,0.9025045192170256,0.8737715799525074,0.8910854332944247,0.9376689775178677,0.8294284377624637,0.91667381023818,0.9355234569898139,0.932833950574053,0.9698235957431218,0.7394378939268736,0.9505061315050385,0.868416302574814,0.816414217356275,0.942198331919694,0.8649539269925537,0.8359132192646184,0.9094052998937727,0.973908525880739,0.9398552184521698,0.926269823160037,0.8303641671418633,0.8530449981794909,0.9204798499326443,0.9120206826638078,0.9306566646589698,0.9537801551164731,0.7875553516455138,0.9373704232137268,0.9350697345319545,0.8498654909309771,0.9042000439512237,0.952944974054758,0.9832783620912899,0.8441637851802155,0.8149490499337113,0.9285324039439793,0.9285324039439793,0.8242724430440971,0.9950420205336963,0.6433433021723269,0.9529449740547582,0.9119352528967859,0.9540147404500323,0.942198331919694,0.8868145984844213,0.9918372319688107,0.9350697345319545,0.9473991727811975,0.8484619576906178,0.9447456538980152,0.8055304513576158,0.942198331919694
p219_I,0.8182563836324138,0.920153492271677,0.8748396740376378,0.9302302679046641,0.9063521235638523,0.927002353944838,0.8884054132479475,0.886437041982357,0.8136533416420018,0.6438967509404698,0.9496407070933521,0.9730506507011063,0.9149798771072561,0.8766484086852759,0.8508405294807317,0.9365481101931036,0.8922505553843603,0.8672687335363689,0.9190462651000917,0.9229339640663332,0.9676695223923983,0.8806825133605405,0.9063742447456444,0.6990540620282797,0.9414543417011054,0.8672687335363685,0.9276677015291237,0.9644928242341106,0.9229339640663332,0.8256749522400124,0.8821985066105538,0.8762253925883114,0.9238496325630554,0.8427562020241628,0.8295306933275091,0.9650079910895764,0.9444775685014402,0.8892738141520418,0.6171066867295263,0.8646958665161868,0.8272188776420615,0.9902701807825041,0.9716885439827984,0.8991708042420461,0.9985019938186508,0.7754480959188428,0.9491737766988708,0.8964001233641996,0.8646958665161868,0.9381853435996284,0.6217571003319828,0.7978057018712394,0.8968738879834453,0.920153492271677,0.9724229122039046,0.8621543973586856,0.8795801622208902,0.9015943008452869,0.7930304685794862,0.959390001824093,0.8411903170953277,0.9132250849780248,0.8672687335363696,0.9293228922862454,0.9153141563577833,0.8298097864236367,0.9541290792408026,0.9932535511650025,0.8342005669427923,0.9650079910895764,0.847469821240961,0.864695866516187,0.8295306933275091,0.9777495299091438,0.9015943008452869,0.9739215125774608,0.9130812730632976,0.916567441315375,0.8612908033683546,0.9270023539448378,0.6865533693489005,0.8825084063642938,0.8571583257780957,0.9847054942282473,0.9015943008452869,0.8404281005597698,0.8277286493146441,0.9544390479457725,0.7777520114015621,0.8984043359066818,0.9015943008452869,0.8114940044756469,0.8788885674977214,0.8998769166028207,0.9965468699038338,0.9186963256830881,0.8488095716284749,0.8851925429078809,0.8590410027491264,0.9356315112360543,0.9369724823143172,0.9901068178489285,0.9015943008452878,0.7817028552789519,0.9070609765241839,0.9190462651000915,0.8201779527396991,0.8292983796165573,0.9732225595649318,0.8524485616896338,0.8570881494557263,0.8291370999095794,0.9902766420303715,0.8960304489894682,0.9491737766988708,0.9759384271716576,0.9108618909887135,0.6672982009945427,0.927002353944838,0.9625224371009884,0.8746667926444815,0.9614976396802812,0.9096861238372791,0.7878243906088538,0.9847054942282475,0.9064032121721997,0.9444775685014402,0.7706611462306394,0.9730506507011063,0.5639866224949756,0.9459319431753863,0.9491737766988708,0.9117176971980809,0.9716885439827986,0.8922505553843605,0.9288908274677105,0.7004093997833561,0.9117176971980812,0.9117176971980809,0.9316215436119188,0.9377937111577488,0.922933964066333,0.9147765446344605,0.7706273539389781,0.9498534981230842,0.850840529480732,0.9836947829536971,0.8852351634832593,0.9896123046512102,0.8074393903675865,0.922933964066333,0.9964257308790209,0.9932535511650025,0.8496610284482207,0.996540461283524,0.8938342322827078,0.9019963023690935,0.8582982169801265,0.967428064221276,0.7779799894523736,0.8235185338465867,0.9491737766988708,0.995004294443836,0.8181614063370239,0.8226712151778663,0.8381178223146548,0.8629206997037291,0.9157491431226767,0.9129137434283909,0.8582617618767492,0.9570211975143579,0.8984043359066816,0.8621543973586854,0.9027650023789862,0.9694693046339311,0.9211030933848183,0.9190462651000915,0.7543919106656489,0.9758294481296055,0.8210433487797735,0.7341723326189624,0.9708036818623487,0.9195467174521135,0.8776567197100432,0.9063617427904616,0.9403015867395611,0.8346350832909588,0.7188814985747238,0.9784557376845573,0.8220976364913505,0.7050836078414526,0.9581530071685885,0.8926699940305365,0.9778448015867346,0.5092738748020669,0.9015943008452869,0.7386616586360888,0.9316215436119186,0.8137492464902558,0.8890278843891797,0.8326092276629775,0.8403335623128303,0.9015943008452869,0.8968217682391992,0.9560887959376718,0.6438967509404703,0.9015943008452869,0.7713857555697832,0.8608323269166074,0.8210433487797737,0.8504552002591691,0.8388233021673761,0.8984043359066813,0.9015943008452869,0.6799550491690172,0.9015943008452886,0.8530400335671295,0.8792766472161957,0.8198205923172407,0.9015943008452869,0.936728342482201,0.9015943008452869,0.6834799862580478,0.9605579000113016,0.8381178223146548,0.837589459212464,0.9082407355488129,0.8006144206387673,0.8952920587572564,0.9687286209814425,0.7629311299091293,0.9339811468242711,0.9890620616145741,0.9719709416716358,0.9117176971980809,0.8407926268056294,0.6660624059381524,0.9020557574993333,0.9317712668063538,0.9358559422107491,0.8608323269166074,0.7889951293127694,0.8391525395283426,0.9316215436119188,0.9015943008452869,0.8262720838326171,0.9015943008452869,0.9849064062064095,0.9140968272009687,0.8338140105455902,0.8010391253342477,0.8335715376268162,0.738661658636088,0.9573025234277848,0.9096861238372789,0.8562059599066212,0.9842127613506938,0.9341082826554727,0.7233618941006663,0.9430910370827901,0.7706273539389785,0.8085901834396199,0.9357274933038939,0.9593880781275532,0.7540981634043018,0.6171066867295263,0.935648552467377,0.7196859275763409,0.9601713942311845,0.8066845249910601,0.8740302166787013,0.7914026285028689,0.74184782579365,0.8292983796165574,0.9983571225670609,0.9190462651000915,0.942271468794158,0.9078003702039557,0.9643824696458685,0.8767476584769915,0.9190462651000915,0.9818415621330479,0.9587765153158163,0.908390156563137,0.8469128951732099,0.8766484086852759,0.9082407355488131,0.8729713707513957,0.9930475471512499,0.9957194866787559,0.9082407355488131,0.9280270998509558,0.8915999843765535,0.9190462651000915,0.9923358584147933,0.8817771128865637,0.8595433895536655,0.8085901834396201,0.9890302829209386,0.9015943008452876,0.9812493295822691,0.8952920587572559,0.9117176971980814,0.9178663889473686,0.7355828540654353,0.9491737766988708,0.9229725980492285,0.8080321723108681,0.6925552239552701,0.7705474753130884,0.6967631825036681,0.792219066014803,0.7629613900583034,0.937953885430973,0.7919833254640133,0.922933964066333,0.8821114369988252,0.9229339640663332,0.9202850458126466,0.7640495966126849,0.8483987238898336,0.949173776698871,0.9015943008452869,0.9117176971980805,0.6677966579429218,0.8672687335363696,0.9190462651000915,0.9524640783329065,0.9357274933038937,0.9015943008452869,0.9314727868435894,0.8511451049524841,0.927002353944838,0.9087905087769224,0.9461258811308724,0.9031388200499333,0.8762253925883117,0.8575521355588538,0.7883114916570031,0.9632410047074156,0.8892738141520424,0.7094432912124291,0.7233618941006663,0.9978138896011308,0.7190813447154114,0.9877473389675209,0.8748774256549661,0.927002353944838,0.8110444187621055,0.8427562020241621,0.82037873399867,0.8922505553843605,0.8984043359066818,0.9937644895475864,0.9569389602184265,0.8902217771201005,0.9623294245407592,0.7331994943157121,0.9015943008452869,0.8431485525568203,0.6996157422728908,0.8712483674877678,0.9937468196155497,0.8364164331596694,0.9818626266609313,0.9015943008452869,0.9015943008452869,0.6108135496864435,0.844056181573884,0.8187039301572867,0.9015943008452886,0.9808061948240677,0.9015943008452878,0.8554422952177847,0.8663112358292613,0.8457119966355477,0.9784157310816315,0.8794035130316948,0.9454800327660549,0.76101410395812,0.8788691803840745,0.9015943008452869,0.8895985883066784,0.8886678230824372,0.9054169948449803,0.9825238435426187,0.9306426730284255,0.9674994124841474,0.9082407355488131,0.881734434910261,0.9015943008452869,0.8061710633065429,0.9551003397811707,0.7637170647468365,0.893501839054325,0.7782692552438978,0.8102155325371148,0.889273814152042,0.9015943008452869,0.7245009674662393,0.9290435945380622,0.9015943008452869,0.8220976364913511,0.9831505918250685,0.799227736393648,0.7261629587210581,0.9344838860490928,0.9015943008452869,0.7537903313910225,0.8117027735727902,0.8643162347933665,0.9638999414346565,0.8942016325499975,0.8435746106182995,0.9167848454135987,0.7987442903971527,0.9491737766988708,0.8015045778698602,0.7800363210512204,0.9999058090993418,0.9073708523232764,0.9932269568812845,0.8639354246880113,0.8751970566277452,0.9541290792408026,0.9264790424305227,0.9015943008452869,0.9650079910895764,0.8542826116465312,0.9393767943020834,0.8519196982387858,0.8293156601192901,0.9316215436119193,0.9923358584147934,0.9763072382829421,0.9316215436119193,0.9511394955727168,0.9784157310816315,0.9784557376845573,0.8645719061433428,0.9277501672367068,0.9890302829209388,0.9789823890590899,0.6920266714952712,0.920153492271677,0.9999058090993418,0.8375663368697974,0.9454800327660549,0.922933964066333,0.8569356770443185,0.8886678230824372,0.9984689868383808,0.9601713942311842,0.9778787924688122,0.969973797166346,0.8461610175508397,0.8685991499536572,0.7301297949548577,0.9575099516650529,0.9031388200499335,0.9071903259160915,0.7857731666828318,0.8547004147121711,0.9341540184747317,0.8639000336348306,0.8388233021673761,0.9630848476738871,0.8733886331409512,0.9142172840771445,0.6679057879499275,0.9643824696458685,0.9999058090993416,0.73085862423239,0.8849929640167629,0.9105087136766032,0.882508406364294,0.9641125707303957,0.9639711661269145,0.9491737766988708,0.9465480938654508,0.7910212616245493,0.8659812204023998,0.7301297949548589,0.9430685569314537,0.8865297057800592,0.9984689868383807,0.9593880781275534,0.8333071726947593,0.9276677015291237,0.8922505553843607,0.9186367746310331,0.6672982009945427,0.9096965985089367,0.7812020662531614,0.8802930913798732,0.9357274933038939,0.8984043359066813,0.8333029166865813,0.8756654948384954,0.9276677015291239,0.847277879780672,0.9015943008452869,0.9153141563577836,0.9015943008452869,0.9015943008452869,0.9356315112360543,0.8442082503111629,0.868599149953657,0.9015943008452869,0.8679436743677833,0.9495051285703449,0.9891204424951094,0.9253639555398233,0.889598588306679,0.9429726461334043,0.9581530071685885,0.780993390721276,0.9865039461405374,0.6958163649157988,0.9534179987131841,0.9153141563577833,0.8659812204023993,0.8698144094807434,0.8661680068504538,0.8547004147121715,0.993001269385082,0.7414130926961158,0.9455859926971102,0.9153141563577833,0.7987442903971524,0.9491737766988708,0.8964001233641998,0.6009373313953423,0.9300726076798653,0.8751970566277452,0.8488825985643385,0.9065397721659632,0.8643880245275635,0.7194994978395666,0.8934442010680983,0.9491737766988708,0.9130812730632982,0.9444775685014402,0.8335471403682118,0.9492163906693204,0.9341540184747317,0.9541290792408024,0.9310047171173652,0.7889951293127704,0.8361921517242594,0.7862284564250879,0.9730506507011063,0.740643443759131,0.9129137434283909,0.9776569049810195,0.7571429987587599,0.9325083333144308,0.8036327372769464,0.8852906984610467,0.8806825133605405,0.8990621527170958,0.9123217017776393,0.9015943008452869,0.9541290792408026,0.8886678230824374,0.7527092630911655,0.8418487291823824,0.9897224478284306,0.9316215436119188,0.8571583257780957,0.8788885674977214,0.9999058090993418,0.9456889313260857,0.9326762742692681,0.8978100342989461,0.8849929640167628,0.9667413194720675,0.9316215436119193,0.993001269385082,0.9379154519594856,0.9358559422107495,0.933760644847901,0.9212213112720844,0.9739469775498658,0.6832566494028682,0.8188509977484055,0.9763431624693749,0.8120827751795483,0.7495891757092912,0.8547004147121715,0.9229339640663332,0.9096861238372791,0.9366996416751338,0.8270420984953606,0.826272083832617,0.8349578227321084,0.8984043359066818,0.9692329430921363,0.7444221130377375,0.927002353944838,0.9772394778300018,0.9901068178489287,0.9681936997729197,0.9392178238502196,0.9601713942311842,0.0,0.8547004147121715,0.8779179059734528,0.933348025478709,0.9827139728713292,0.7656872475184059,0.9117176971980809,0.9716885439827987,0.9015943008452869,0.61454189145645,0.7392764565136443,0.9430201146961144,0.9496841779691463,0.9015943008452886,0.9352715942854961,0.7278496765706477,0.9571788542565072,0.8766484086852759,0.836472706760943,0.8748396740376376,0.8496610284482196,0.8868036688186752,0.9727485963854123,0.8804371937178408,0.8358968832358387,0.8302732220802043,0.9153141563577833,0.8567770643879913,0.8795801622208901,0.9491737766988708,0.8858401986813218,0.927002353944838,0.9989748688295451,0.8952920587572559,0.9716885439827987,0.8863565689237551,0.9943648024077448,0.9015943008452876,0.9904141968576234,0.8773327725545246,0.9650079910895764,0.9447628386820245,0.6333360910981001,0.8717729940111363,0.9511013831508174,0.8984043359066818,0.9965404612835242,0.9630848476738874,0.8984043359066818,0.8984043359066818,0.8988143186808906,0.9015943008452869,0.6473265447337133,0.7118888896882927,0.9015943008452869,0.8725169952519656,0.8512592375794392,0.7592216529735141,0.9491737766988708,0.7761683912538266,0.7386616586360895,0.8984043359066818,0.8864370419823568,0.761556595399514,0.9377398146648597,0.9582579014471393,0.9015943008452869,0.8435746106182995,0.9082407355488131,0.9743738807581964,0.8706260043031643,0.8459770917681,0.9190462651000915,0.9763072382829421,0.7408634796606308,0.9358559422107495,0.9414543417011054,0.9784157310816313,0.9140968272009686,0.9797745622505047,0.8428205744056192,0.8270420984953601,0.8834941755373982,0.9650079910895764,0.922972598049228,0.9689601410010137,0.9371612421327014,0.9920559642466495,0.9015943008452869,0.9831735538001969,0.8922514965828945,0.5957668303856707,0.8420066912648008,0.9630848476738874,0.9496407070933521,0.8637964897079657,0.9316215436119193,0.9587152689018379,0.8729841532829063,0.9015943008452869,0.9015943008452869,0.8694399402888129,0.9494288451007618,0.969973797166346,0.9096521622325335,0.9818626266609313,0.7933784282526342,0.846904139031722,0.9233046902164708,0.8698750345772266,0.9600403431113982,0.9015943008452869,0.6353796279391504,0.9541290792408026,0.6171066867295263,0.7415424975765079,0.9190462651000915,0.9494288451007618,0.9015943008452869,0.9015943008452869,0.8447899774655514,0.9400050159634596,0.9112955228905222,0.9897224478284307,0.7593968324993918,0.8714840103823689,0.801039125334248,0.8629251931757829,0.9555541682982922,0.8180055355253848,0.9015943008452886,0.8358244551518945,0.9827460426654273,0.9840851651092488,0.897106830941969,0.9235609181011564,0.8874421359772082,0.9568643011253916,0.8404281005597698,0.8970920450673248,0.9836645263886377,0.9015943008452869,0.9540568997198056,0.8273813414860404,0.8629251931757834,0.9963373251828489,0.9451524968159262,0.9446588143366353,0.9538502253726338,0.7168278004797095,0.9153141563577833,0.8968217682391992,0.8965139954810807,0.895246567747059,0.9808061948240676,0.9893969432662542,0.8662848764399402,0.9226129838709971,0.6641684823747043,0.8984043359066818,0.8765868396989884,0.9195467174521137,0.8608323269166083,0.7820769039323161,0.9776569049810195,0.8890889554362551,0.9776569049810198,0.9716885439827986,0.8567770643879915,0.8451030973273082,0.9721096511741014,0.9015943008452876,0.9710638846211326,0.9130812730632978,0.957323688125673,0.86421610211841,0.8892738141520427,0.9357274933038939,0.8508840021741758,0.8159347326985604,0.6198388688126613,0.9212213112720844,0.9551469406991903,0.8782578189208581,0.9704027605784993,0.9015943008452869,0.7903787812883167,0.9784157310816315,0.9065389940809767,0.6438967509404698,0.9902701807825038,0.8725169952519651,0.8117027735727904,0.9015943008452869,0.8379216904296074,0.8071237246100658,0.4538028591927491,0.9429726461334043,0.9711052923125683,0.960040343111398,0.9541290792408026,0.8418456278275432,0.9465480938654507,0.7904634826596304,0.7996361603233175,0.9063742447456444,0.7488528200210167,0.9270023539448378,0.9375514328635435,0.9784157310816315,0.867426301674284,0.9313355731181688,0.931511195937031,0.6451573113872511,0.7668894262436876,0.829530693327509,0.8984043359066818,0.9394664475594676,0.823396818487764,0.84208563059139,0.7406434437591312,0.7183598924350447,0.9015943008452869,0.9804973223921255,0.8095325179300721,0.849857479075582,0.9015943008452869,0.8992540666975277,0.993001269385082,0.9190462651000915,0.9689170027827593,0.8984043359066818,0.8794027667385429,0.8958900308870177,0.9099512564806562,0.9943648024077447,0.987592599059097,0.9063742447456442,0.7717386899912186,0.9015943008452869,0.8858687296893751,0.9015943008452869,0.6672982009945427,0.8494821724783066,0.8976139175517537,0.6171066867295263,0.9407914522535386,0.949193634238837,0.9308448407315824,0.8766484086852759,0.9015943008452869,0.6369742401068552,0.8392150548780514,0.9851896396596246,0.9646927823057021,0.8858401986813218,0.9541290792408028,0.8547004147121713,0.8220976364913513,0.7827571719269769,0.856205959906621,0.8342058234181797,0.7827571719269769,0.9034393382949699,0.9117176971980814,0.8595433895536657,0.7827571719269769,0.6171066867295263,0.8672687335363696,0.9366996416751332,0.8391525395283426,0.8984043359066813,0.9035064138941566,0.8725169952519656,0.790378781288317,0.9108480704460358,0.9689170027827593,0.833547140368212,0.8147821100520865,0.7656872475184058,0.6657348508008574,0.9367642140994537,0.8498574790755822,0.831817564816071,0.8403188595610398,0.9018358393206811,0.893182260865099,0.8938342322827073,0.659446465420469,0.9082407355488131,0.921677752137912,0.9870139983406148,0.8596424572452424,0.9444720616003699,0.9409925280019757,0.9965404612835238,0.9593880781275532,0.8579412594152162,0.8850360346032429,0.9205424014691039,0.89153434024503,0.8703186663040019,0.9073708523232766,0.9096861238372791,0.879403513031696,0.9400050159634592,0.8742379712316615,0.901423458049758,0.904797102977438,0.9409925280019757,0.9524026752205554,0.9083901565631369,0.9719709416716358,0.8894288773818619,0.8672687335363685,0.9985019938186506,0.9755754212710187,0.9293228922862452,0.7311442280900076,0.8319078681878862,0.8834941755373982,0.8614314255426111,0.8984043359066813,0.984031221942373,0.90403254115749,0.9082407355488131,0.9048699718936308,0.9329144848489074,0.8596424572452421,0.9689601410010138,0.8688868031080181,0.9395982874426048,0.8783884575061631,0.8952920587572561,0.9316215436119188,0.9809809006411552,0.9131302311622613,0.8114983712766497,0.9280270998509561,0.9063617427904612,0.9337606448479006,0.9153141563577833,0.856205959906621,0.9601713942311847,0.984085165109249,0.5957668303856691,0.7983708394776967,0.667298200994543,0.9631524803037748,0.9593880781275534
p219_M,0.8186038019136703,0.838399414994053,0.8496099180243025,0.8520841110021093,0.97201754229775,0.6216122422629042,0.8920745414989595,0.9015939167077927,0.857978233475194,0.9412650880954538,0.5625149082893257,0.9682551375725403,0.9225701399051964,0.7209115476844892,0.8377784699214962,0.8307902358986596,0.7786561268284866,0.9350783929825497,0.9383021271292231,0.7052575329880971,0.9348824782192031,0.4960761769995412,0.9043065366688321,0.9759790834075597,0.5097603041899039,0.8988405313927079,0.8653600582128309,0.8766235303260079,0.705257532988097,0.968742355538398,0.8892617449664435,0.9846299338167082,0.9579335751547244,0.9616775150656097,0.92500133164067,0.9945610690582234,0.4907272744395409,0.9997442770526124,0.9443657603723179,0.9247878765480753,0.9869045931739928,0.9008268910150361,0.9443657603723179,0.9014098966864614,0.9954159552893472,0.8559411895369927,0.5187931765066537,0.8530715715896551,0.5324564417508568,0.8402398194588376,0.9327167510955896,0.938176062428279,0.8988405313927079,0.9547568354430374,0.9156114273620615,0.9996816445584038,0.929431210446216,0.9250013316406696,0.858421089625286,0.5461773975650814,0.8612853521281927,0.8767692696970035,0.9199701606580845,0.8514489788174842,0.7948012723473759,0.968013695765886,0.9327167510955896,0.8984209192333388,0.835571920702184,0.9945610690582234,0.7275781922057978,0.8968796530895526,0.92500133164067,0.7649682260587916,0.9250013316406696,0.8664773665764036,0.9090636753073353,0.9673445570347359,0.9701338221012197,0.9316279546663165,0.951689513216182,0.7973011263888934,0.9252584119301559,0.8988405313927084,0.9250013316406696,0.8088355852512339,0.9719642951540399,0.7523046829843159,0.8686457104425918,0.9225701399051967,0.9250013316406696,0.6945347867658724,0.8920699425476069,0.8079019311629851,0.891135011032061,0.8530715715896551,0.6522451563400091,0.8884462126869941,0.7754240461932225,0.7736750299626236,0.8591807763340281,0.7693113560856039,0.88693382573101,0.8294081886127673,0.7938611469781542,0.4428495116517701,0.42108861384056595,0.721018024155061,0.9069566644903913,0.7683400781691727,0.729745919897099,0.9886468494764689,0.7355093993994386,0.4049033971075301,0.4686895405908631,0.7204165546789434,0.797030665081471,0.9383021271292233,0.9443657603723177,0.8127881547112792,0.9014098966864617,0.7449034616957062,0.9847277353330188,0.7404921700223717,0.9713162545723915,0.6591138522073798,0.4907272744395409,0.9757764977426823,0.7576348764233946,0.9054862779423514,0.812130201029337,0.9300668284196516,0.9115437007410547,0.9443657603723179,0.8653600582128309,0.9474362202702881,0.8214342607350609,0.9846299338167082,0.4962382389721034,0.9646668607340487,0.8809535926669148,0.46960594704379566,0.7615794926046597,0.9982284133745902,0.8127299373610792,0.8680005631963958,0.9978784568827168,0.7882802647586364,0.8968796530895526,0.9060613661623789,0.9998220154184712,0.88968024912607,0.6126835975261931,0.8489877841645423,0.9115437007410553,0.9325461471620269,0.6807160393310077,0.8731400424546572,0.9213389142432067,0.7449034616957059,0.8970774510603083,0.9300668284196518,0.8347834320678186,0.7283226930189559,0.8312762491198605,0.7830630408232299,0.8628472125712427,0.6880019323703842,0.8911350110320613,0.8364319649404615,0.8520841110021096,0.5748948857540184,0.8949427042733138,0.9813951120593167,0.9065731007336061,0.9874098650038853,0.6678852793677754,0.879111312829024,0.8300272732580967,0.9578429391348557,0.8994057344828368,0.8608847680773004,0.96455642750231,0.9225701399051964,0.791981560710255,0.5973300641618429,0.8351508832535264,0.882198506610554,0.9133880855304555,0.9870548548281963,0.92019815694306,0.8859100247525031,0.7234022380577487,0.7300333149790079,0.8896802491260702,0.9250013316406696,0.9274978432118415,0.9646668607340485,0.8530715715896549,0.7768941028960898,0.9436232402977911,0.9225701399051964,0.9250013316406696,0.8464727714973727,0.7906842014554436,0.9412650880954538,0.9250013316406696,0.7961318788110124,0.8748756693307258,0.9076487407666443,0.8557431115658819,0.8869366844576885,0.8033198740907395,0.9250013316406696,0.78730830940596,0.9250013316406693,0.970462990873088,0.953833921581525,0.9689686377701761,0.9250013316406696,0.820950788948728,0.9250013316406696,0.8361856996186665,0.9202277241011809,0.7211878719412732,0.8729488556186467,0.769311356085604,0.6823314798467395,0.9201981569430604,0.6371718926467653,0.9090636753073358,0.8263707808951524,0.7338202497329507,0.9300447407182706,0.9846299338167082,0.851448978817484,0.8643441101315115,0.9117587329570798,0.9283468719361243,0.7884076359413891,0.8748756693307256,0.9178801133263084,0.6450666846590858,0.9201981569430604,0.9250013316406696,0.8840472914094453,0.9250013316406696,0.8927947190146774,0.9108500703878932,0.9327167510955896,0.8930282606473359,0.6823314798467393,0.9274978432118415,0.9034363238020657,0.6264169104538452,0.7160275249680939,0.9673445570347357,0.8176754985026671,0.9300668284196518,0.7437577105007422,0.8105819580111953,0.7700058881907579,0.9225701399051967,0.9566458605594931,0.8547539102884816,0.9443657603723179,0.7961318788110123,0.9859796853199196,0.9008268910150359,0.832393092801478,0.6858016625355684,0.9327167510955896,0.7763339712752282,0.94411782078397,0.9848874366011877,0.4428495116517701,0.7683400781691727,0.8541934254186643,0.9097480434256693,0.9371946904073194,0.4428495116517701,0.8249735439337957,0.7871778281393067,0.989405943369801,0.9843169023487448,0.786497829343299,0.9300668284196518,0.8801586131976928,0.7355093993994388,0.5906461013560693,0.9300668284196516,0.9801704643354423,0.6479901095861544,0.724144221296775,0.9461040422097595,0.8079019311629849,0.86969943299148,0.9497152494146884,0.9945610690582234,0.7929014044168501,0.8891213824756008,0.7685209165200217,0.9634568834621734,0.7690036197824599,0.9036261460394368,0.9300668284196516,0.9682126412345013,0.8766235303260079,0.6968152864778616,0.8954595726456478,0.8540505230455011,0.8543547149475728,0.7805270318193135,0.7783656932698761,0.6932171578172239,0.9412650880954538,0.8859100247525031,0.7052575329880963,0.5820842228975353,0.8748756693307256,0.9246111155725985,0.9300668284196516,0.9250013316406696,0.9327167510955894,0.921972617757114,0.8112565758885595,0.4428495116517701,0.9354577472990953,0.8946898694254275,0.9250013316406696,0.6653024458751581,0.9383021271292231,0.9936310971469994,0.7495121798568647,0.7001460836590945,0.6473719036731931,0.9327167510955896,0.7750376780878006,0.7081793502442357,0.8597301229817257,0.9156114273620619,0.7852113668973697,0.9300668284196518,0.8801586131976928,0.7040106842208801,0.9133880855304553,0.8680005631963956,0.9936310971469995,0.6740733881698904,0.5820842228975356,0.6923862095274018,0.5185443326754531,0.9225701399051967,0.8247458844254977,0.8946586272506357,0.7355093993994388,0.7372888516300289,0.6068632962581197,0.9250013316406696,0.8062726510211848,0.8783842798904287,0.8620301017857248,0.49605545039289534,0.9998220154184712,0.7715924205036864,0.9250013316406696,0.9250013316406696,0.8968796530895526,0.8579782334751942,0.7593113463936517,0.9250013316406693,0.7052575329880962,0.8399176150739303,0.7537046885138943,0.8579847912247511,0.8917690122495028,0.9809662470451702,0.9465134699490592,0.8926496087949567,0.7844998909274942,0.8132133611448471,0.9250013316406696,0.8577014474743628,0.6593127030593164,0.690397874664904,0.754881491869601,0.6807867690580792,0.8202782083435848,0.9300668284196516,0.7191721854523567,0.9250013316406696,0.6502461853452863,0.9199701606580845,0.9387941835520884,0.9378312615314373,0.9274978432118417,0.7869968572042475,0.7458113902966336,0.9250013316406696,0.873141231068107,0.7523046829843159,0.9250013316406696,0.9538390172168238,0.9806608641716328,0.8684044511512649,0.6145409350322142,0.7283226930189561,0.9250013316406696,0.8759171351184752,0.9650884851297661,0.989405943369801,0.7577628540190626,0.820226813646332,0.8915893040116913,0.8646249603464984,0.9411785619734623,0.4686895405908631,0.8767292272696674,0.8574545423984332,0.8661444446656797,0.8046428281148681,0.7131926731563247,0.9106566970470196,0.9048830033154058,0.44432505625098484,0.883732299068243,0.9250013316406696,0.9383021271292233,0.8428205744056197,0.8469402258972414,0.9516895132161818,0.6916327865581564,0.9201981569430602,0.9930100805596276,0.9755396763967223,0.9201981569430604,0.9268615921601944,0.97201754229775,0.9961255853556192,0.8881222026718437,0.6671813148105562,0.9383021271292233,0.7948436229548836,0.9412650880954538,0.9961255853556192,0.7516581686562226,0.9704034245322497,0.9487210184868768,0.8230833259602456,0.8691229608359838,0.9075611147669862,0.9436232402977913,0.9008268910150359,0.9090636753073358,0.838838293114211,0.7693113560856037,0.8801586131976928,0.9589131610834034,0.822023292534354,0.9028404281797042,0.8785401016887859,0.9112065483416407,0.8892617449664435,0.8091846128855763,0.7045344015449959,0.9714151437003635,0.9954159552893472,0.7666341889191581,0.49346339063408173,0.8855707623626501,0.9028404281797042,0.904883003315406,0.6094447121752552,0.951689513216182,0.9554140339361299,0.9028404281797042,0.635354592883262,0.6771657840301017,0.6691040842540223,0.9228846908561616,0.806350241865572,0.9409403068620963,0.8785401016887859,0.9383021271292233,0.7245070155018182,0.8919315298783144,0.935457747299095,0.9384986992079645,0.9178801133263084,0.6919521954441423,0.9634568834621734,0.9383021271292233,0.6731747000203377,0.6117122824985226,0.9786146467077251,0.5292098880866742,0.9225701399051964,0.7391101518841836,0.8629508839222022,0.9178801133263084,0.8375809381824395,0.9250013316406696,0.4711120959231434,0.9250013316406696,0.9250013316406696,0.753026307503315,0.9048830033154058,0.5820842228975354,0.9250013316406696,0.7186093085837708,0.7604148959042945,0.8748756693307259,0.7989205131345818,0.8821440115044541,0.939992228587915,0.7230448973651735,0.856335849861811,0.7849858404243293,0.9156114273620619,0.857454542398433,0.9354577472990953,0.8783842798904284,0.7528974008782917,0.8095308313714358,0.5385397600162705,0.9156114273620617,0.9646668607340487,0.6719771475494041,0.5790084880645534,0.5963438919078053,0.4185859046750726,0.6829742944793626,0.9487210184868771,0.9376689775178677,0.9048830033154056,0.7763339712752277,0.6475709314467071,0.8612853521281927,0.9048830033154056,0.8819472699932516,0.9300668284196516,0.909063675307336,0.9270584362010041,0.672415737334211,0.788867719308608,0.9159818620145489,0.9327167510955896,0.9882143065004803,0.9178801133263086,0.902184185591922,0.4735078065706645,0.9860598647601156,0.6903978746649038,0.9252584119301557,0.9936310971469995,0.6341004574780569,0.8165113832618183,0.8563358498618108,0.6591569239342834,0.8529922656154153,0.8629508839222022,0.8506700134220448,0.9250013316406696,0.44432505625098484,0.9075611147669864,0.92500133164067,0.9564659311544542,0.9090636753073351,0.9201981569430604,0.6311373763946153,0.6609091547922168,0.9812071873217105,0.7319301427427174,0.9412650880954541,0.6569198337674954,0.9112065483416407,0.8258365720047516,0.9201981569430602,0.7034892425039702,0.7789097390953101,0.9720712876111448,0.7223365150310433,0.859807320871214,0.8473105051854897,0.6654271229588113,0.8209366838621508,0.9434241618923718,0.7506815672849727,0.5273346475029861,0.92292047996746,0.6463446365020215,0.8986156584030397,0.9274978432118419,0.8543547149475731,0.9117587329570798,0.841827174255886,0.9225701399051969,0.6524862957789193,0.6995804875755138,0.9443657603723179,0.86984151683391,0.9801704643354423,0.9026696257087348,0.5355623652954031,0.9008268910150361,0.8547004147121715,0.0,0.9069566644903913,0.8498323084998982,0.9112065483416405,0.9225701399051964,0.44432505625098484,0.7456185272242695,0.9250013316406696,0.8801586131976928,0.9237977705799957,0.9600396574518153,0.8300272732580971,0.9250013316406693,0.8276633667988735,0.8640110759084035,0.8612853521281925,0.9504635334903246,0.778908479919791,0.7979182076048257,0.8489877841645421,0.9122047051671393,0.8646906835558681,0.9683452658845412,0.8013809130873772,0.992782609978393,0.4711120959231434,0.5063009945425999,0.929431210446216,0.8695186279171858,0.5435227670483831,0.9443657603723179,0.8930282606473359,0.9646668607340485,0.9316279546663164,0.9133880855304555,0.9300679213294079,0.5578203511314508,0.8741090857811608,0.872875455581769,0.9945610690582236,0.92500133164067,0.9090636753073356,0.6782273247300603,0.7283226930189561,0.9225701399051967,0.9327167510955896,0.9178801133263084,0.9225701399051967,0.9225701399051967,0.8801586131976928,0.9250013316406696,0.9178801133263086,0.8915893040116917,0.9250013316406696,0.9097480434256693,0.7760280902972209,0.9383021271292231,0.4686895405908631,0.9354577472990953,0.9274978432118417,0.9225701399051969,0.6524862957789189,0.8127881547112792,0.9048830033154058,0.7866342364933521,0.9250013316406696,0.7647496549144362,0.6691040842540221,0.9028404281797042,0.7154557080917077,0.6153463573481746,0.949179989012776,0.5876897548309776,0.945842199911705,0.9360968865539774,0.945842199911705,0.5578203511314521,0.8748756693307258,0.8247458844254978,0.9902379499694935,0.9396042098235292,0.9921724780907231,0.836662105154776,0.6751224180407545,0.5187931765066537,0.9938570156303512,0.7882802647586362,0.9250013316406696,0.74588519375977,0.8545294365343971,0.9412650880954538,0.8993215719715819,0.4751923669832808,0.9921724780907231,0.7823800165761561,0.9201981569430602,0.7319308632149283,0.7021689125109218,0.9250013316406696,0.9250013316406696,0.8731400424546572,0.5978653035862016,0.7557039684713077,0.9807777980692294,0.8148187834615364,0.8819325772305672,0.7664657132339868,0.7449953235979145,0.7675943304594784,0.7648619995254093,0.9250013316406696,0.8530715715896549,0.44432505625098484,0.9443657603723179,0.8500407084102631,0.4428495116517701,0.7716961843536443,0.9250013316406696,0.9250013316406696,0.6863877270100089,0.97201754229775,0.83954149688462,0.6547055497177076,0.8990471168241161,0.9869045931739928,0.8930282606473359,0.8234575467268944,0.7767032995465357,0.76062496454035,0.9250013316406693,0.6965758101065123,0.7513005728192079,0.539208514635259,0.9383021271292233,0.8574545423984332,0.7985840044334549,0.9562668532610279,0.652445517822065,0.9274978432118417,0.9163588289072838,0.9250013316406696,0.7649682260587916,0.7775575717654,0.8514489788174839,0.4341133934035183,0.8012928241009694,0.9133880855304555,0.8877874242285113,0.5310636991821794,0.935457747299095,0.8291108231760542,0.8193056753381225,0.9178801133263084,0.9409091189323959,0.8855707623626499,0.8988405313927084,0.7443424429324514,0.9327167510955894,0.9225701399051969,0.9206831675258292,0.894942704273314,0.9667074951656032,0.9161402696553049,0.9443657603723179,0.8496288531646409,0.9443657603723179,0.9443657603723179,0.5894353191855015,0.9459529270485076,0.846615487216902,0.9250013316406698,0.9409091189323958,0.5753908633586244,0.9487210184868768,0.5739611184865264,0.9156114273620621,0.9225701399051964,0.8949427042733138,0.8434187276799101,0.9274978432118415,0.9384371278608375,0.8783842798904284,0.7391101518841836,0.7061833742465016,0.9250013316406696,0.6686889315561341,0.97201754229775,0.6895993906613844,0.9412650880954538,0.9376689775178677,0.9028404281797042,0.6571286414571446,0.9250013316406696,0.7319301427427174,0.6341004574780569,0.9028404281797042,0.7337232155615687,0.7649682260587916,0.7443424429324514,0.4962382389721034,0.7789097390953104,0.9474362202702884,0.8152943545241977,0.6411229421467315,0.8661444446656797,0.5648380765619192,0.9316279546663164,0.8661444446656796,0.745885193759771,0.8543015850326394,0.8968796530895526,0.7833349318296117,0.856335849861811,0.6244792130676543,0.9250013316406698,0.9225701399051967,0.7882802647586362,0.7983649319144398,0.8085498427174406,0.6903978746649038,0.6547107457479506,0.9250013316406696,0.7079186104843409,0.79242122868287,0.9176703926609195,0.9250013316406696,0.7849858404243295,0.9997442770526124,0.4428495116517701,0.9048830033154058,0.9225701399051969,0.9681857054103615,0.8988405313927084,0.7778591649100781,0.7538051251657463,0.9620321455517258,0.9430450953185583,0.6195513026858527,0.9250013316406696,0.9276398400468782,0.9250013316406696,0.9383021271292231,0.8241725081711732,0.8292256120116166,0.9443657603723179,0.8911350110320613,0.9665703562547641,0.8877874242285113,0.5897389843668688,0.9250013316406696,0.7733686869464751,0.7564622451734433,0.8044243767775773,0.875127110026439,0.874875669330726,0.9327167510955896,0.8892617449664435,0.8874073419940798,0.8766235303260079,0.867835721360358,0.6952250113124416,0.8766235303260079,0.8855707623626496,0.9327167510955896,0.8447402387323251,0.8766235303260079,0.9443657603723179,0.9199701606580843,0.9274978432118417,0.5202707133633105,0.8946898694254268,0.8874073419940796,0.6098895979942681,0.8660856746685759,0.7577970273297638,0.9430450953185581,0.8731400424546574,0.8968796530895526,0.9225701399051964,0.9487210184868771,0.7835810337556444,0.4913595618786528,0.9528129419991501,0.8172260795342243,0.8697030566182693,0.9331416632014295,0.9247878765480751,0.9274978432118415,0.5187931765066537,0.8547004147121715,0.8686457104425918,0.7262443659576991,0.9622514194464207,0.9076544108756528,0.4962382389721035,0.4711120959231434,0.8609917142509471,0.8911350110320608,0.9212200529131981,0.9652256526804025,0.6058572300183042,0.8046428281148683,0.9847277353330188,0.9206231796054523,0.5578203511314521,0.9073553270510151,0.8669666660526145,0.7086698693446458,0.8803629912326538,0.8215881246596228,0.935457747299095,0.8351464176762524,0.8645124288918486,0.8988405313927079,0.8220080925206587,0.5970139754965208,0.9860042839547052,0.8340377649316197,0.9889492618097127,0.6434808380384076,0.7915658006826465,0.9682551375725403,0.9007012732507794,0.9240687457590013,0.8695186279171854,0.4907272744395409,0.8574545423984334,0.893028260647335,0.9196222638329765,0.9618892601117166,0.8664239882686187,0.8049434857291167,0.6351148051470565,0.5461773975650821,0.8154764414346687,0.9472303491045946,0.9948930575999828,0.769311356085604,0.81441691535506,0.3475134582417909,0.4711120959231434,0.867835721360358,0.9376689775178677,0.5876897548309776,0.9412650880954538,0.9306270129352789,0.9383021271292231,0.814972474881241,0.4711120959231434
p219_T,0.8332813921285551,0.9272278453848009,0.8657679762547947,0.8688313854685339,0.791428255437561,0.953255582527178,0.899682931821037,0.9251516844761005,0.8806719604852848,0.9812882646010126,0.9253948970823007,0.7483813050199299,0.7483813050199296,0.9038554657884541,0.9069611967144612,0.944333525273533,0.9310020898787328,0.9150048519840788,0.921848569518723,0.9506503681784948,0.8896222955608051,0.9235944347702933,0.9917417854198085,0.9488974039091765,0.9667480998914222,0.9150048519840785,0.9310020898787328,0.9678215615187198,0.9506503681784948,0.859354882838979,0.9069566644903915,0.8166333005972796,0.9290959183459289,0.8993081265656124,0.9000627911577298,0.9868438546677247,0.9390829980374289,0.9290959183459286,0.953255582527178,0.9545623789260471,0.8751860185986184,0.8705100723917393,0.953255582527178,0.9694312576708428,0.9187458821598233,0.810748132306202,0.9412414838519025,0.9342739522947866,0.9133573033767912,0.8356379386668251,0.943467974097185,0.813396932865248,0.9150048519840785,0.9293936833197769,0.8753269897582581,0.9117298605520907,0.9523096052149491,0.9369854052620166,0.9476138298805165,0.9329497321807896,0.9818634913664557,0.9604658372827795,0.9150048519840792,0.9996217758139353,0.9457709851868579,0.9744448027057842,0.9965573445764311,0.9733182637816081,0.994085696353548,0.9868438546677247,0.9023265168341348,0.9133573033767912,0.7914282554375612,0.8774912920198472,0.9369854052620166,0.8591451287364844,0.9694100907323095,0.9253948970823005,0.9552752262417246,0.9532555825271782,0.9342966423167991,0.9950286745612719,0.9085306004621048,0.8756692998517109,0.9369854052620166,0.8978173148387736,0.9235944347702931,0.9930309080789925,0.7989125516244432,0.9349426948340502,0.9369854052620166,0.8657679762547947,0.9847437739421487,0.9752553466632938,0.9479529588566926,0.8081561448140586,0.8631102944179314,0.8604642587137392,0.6978978086352503,0.9147410006567667,0.9117298605520907,0.9412414838519025,0.9369854052620168,0.8239134490485776,0.9474945410467233,0.9481608601832734,0.8848500287036507,0.7593865205205428,0.7637079261672096,0.9219461891612887,0.8736286714454422,0.9556365193397717,0.9092359392244338,0.8876707345437713,0.9412414838519025,0.8257846081227979,0.9272278453848009,0.9481608601832734,0.953255582527178,0.7885556442697677,0.9694312576708428,0.8578283462385066,0.9218241042345277,0.9069566644903913,0.956870021616921,0.8358605379776055,0.9390829980374291,0.9895154326131526,0.9877220281917203,0.9990384391481417,0.885723182439538,0.9412414838519025,0.943467974097185,0.7602184511116357,0.9310020898787328,0.9329370334459521,0.7865245135839787,0.943467974097185,0.943467974097185,0.9329497321807896,0.8047231998460554,0.9506503681784946,0.9054022100160134,0.895045587288557,0.8896222955608051,0.9570748126121906,0.742282574447255,0.8984464417843046,0.7982071677784182,0.8326241164874548,0.9506503681784946,0.8541150780952046,0.9219714341985399,0.8808194275061849,0.9965573445764311,0.9957674544753028,0.8697799112734454,0.9984138550096489,0.9713677678964227,0.8866634059168488,0.8077853720781178,0.9991256173192247,0.9616684643803335,0.7518751153717149,0.9033301068535198,0.8963379163019163,0.8590495752805768,0.8751860185986184,0.9732023243541323,0.8922768096297187,0.9446024350495377,0.9349426948340502,0.9117298605520907,0.9976034558533169,0.8952259697681393,0.932150271874697,0.9481608601832734,0.890586450442085,0.9882715677561686,0.9751226471151502,0.9248384182047,0.920438304161137,0.9259511607964758,0.90671930509294,0.9807367151933889,0.8441881419436421,0.8402264318273216,0.9632410047074156,0.927227845384801,0.9794798384951366,0.9643019407444021,0.9902509771638305,0.7793910081937734,0.7469604054485726,0.8541150780952049,0.9369854052620166,0.7808680068290851,0.9643019407444021,0.9973328560351505,0.9672543872250974,0.9852056102861466,0.9349426948340505,0.9369854052620166,0.890489506496073,0.93381172903256,0.9812882646010125,0.9369854052620166,0.9882199982080834,0.9655974895223984,0.9461282675204838,0.899864992616022,0.8820580577672702,0.9349426948340502,0.9369854052620166,0.947644848990074,0.9369854052620166,0.8783134032673706,0.9477806772778539,0.9427875749711636,0.9369854052620166,0.8539255385877564,0.9369854052620166,0.8346774716410692,0.8848500287036507,0.8963379163019165,0.846055230607236,0.9412414838519028,0.7711978456713607,0.9329497321807896,0.964170004482718,0.9235944347702933,0.9525279364182087,0.905994137714369,0.8814220701002933,0.943467974097185,0.9377821213923416,0.9278255637976507,0.8792920141466947,0.9341861672503229,0.8948693468634783,0.8948693468634781,0.6683258355574165,0.8866634059168488,0.9843238957181939,0.9369854052620166,0.8966050986561026,0.9369854052620166,0.8817150468709293,0.9655974895223984,0.8166333005972791,0.8899469472002202,0.7711978456713606,0.7248582078023876,0.8615824138420283,0.9218241042345277,0.8971490513732794,0.9810661291837658,0.8590495752805768,0.7693378488114869,0.8679473730861487,0.8408491588837401,0.7947166816318085,0.9349426948340502,0.8049261828249478,0.8603362991453394,0.953255582527178,0.8655607295497519,0.9874101230848892,0.9556365193397718,0.8935215382096593,0.8722031149997889,0.81663330059728,0.734987390598203,0.7359551990413724,0.957618800952049,0.9481608601832734,0.9703278584264824,0.8934110566484073,0.9183656033219387,0.9414543417011056,0.9481608601832734,0.8287611233115326,0.803389308978932,0.9457709851868579,0.9049013665285814,0.9038554657884539,0.9412414838519025,0.8993081265656124,0.7913281522671637,0.9329497321807898,0.9412414838519025,0.9429902492134531,0.7969823489577488,0.9481608601832734,0.9919954659568129,0.8455778977706181,0.8578283462385066,0.7199929517419206,0.7918579992207192,0.9369854052620168,0.9630274699754412,0.9329497321807898,0.9965573445764311,0.845871495127895,0.66006697749259,0.9412414838519025,0.9133573033767914,0.9964366158728782,0.8183701196002942,0.6408312436046304,0.7132874076107054,0.8985368145398756,0.9527498708722109,0.9348783637591669,0.9510007314632841,0.9812882646010126,0.8806719604852853,0.9506503681784948,0.9179670373226424,0.6453977258535419,0.8876707345437713,0.9991256173192247,0.9369854052620166,0.943467974097185,0.9113067123177234,0.9150048519840792,0.9481608601832734,0.867251890821996,0.9594986384506098,0.9369854052620166,0.9667480998914222,0.9481608601832736,0.9034814342922287,0.9570748126121906,0.8527779327341045,0.9183656033219387,0.8766079819236637,0.7680812147216421,0.7877637952475487,0.9667480998914222,0.9290959183459291,0.802741085523923,0.9429902492134532,0.9358530937879614,0.8848949240783068,0.9750206691499417,0.9409521943827982,0.953255582527178,0.7311743083690243,0.9358530937879612,0.8093550049470909,0.9310020898787328,0.9877220281917205,0.9854168063328744,0.8866634059168488,0.7913281522671638,0.7658089329567611,0.7751411006332309,0.9369854052620166,0.8495848911093742,0.7769666391192469,0.9377834594303425,0.9937773364805663,0.845165530160027,0.9422157116080984,0.9369854052620166,0.9369854052620166,0.9218223944261853,0.6675583212866198,0.9548174173438431,0.9369854052620166,0.9812882646010126,0.9369854052620168,0.941740990578956,0.8724740464567164,0.8637424826885646,0.9369854052620168,0.9053985774691053,0.9847742533056744,0.791892546485951,0.8093097097217967,0.9369854052620166,0.8525812245745796,0.8963379163019165,0.7411556667216587,0.8309494874389138,0.9053985774691053,0.9726353306003075,0.9412414838519025,0.8080685444079967,0.9369854052620166,0.8188496928543898,0.9987351912497631,0.8511402259456595,0.9442842478843113,0.9390829980374291,0.8633540906453026,0.9779901913198821,0.9369854052620166,0.7917814937520988,0.8421998472171874,0.9369854052620166,0.7108628090783681,0.9794960151472778,0.8040825160086582,0.7946074751685537,0.7988733052498049,0.9369854052620166,0.8660832674339085,0.8983146622607212,0.9919033068160934,0.8921517012082931,0.8421327640320343,0.9497218441301531,0.9863870935211652,0.901769748719865,0.9412414838519025,0.6600669774925902,0.888139508331151,0.9035653652248616,0.8427984173659562,0.9379089197116289,0.8395485353725953,0.8153889450299145,0.943467974097185,0.9568700216169213,0.9369854052620166,0.8568532843697212,0.973222559564932,0.7916593605787678,0.7472186948489317,0.9299332923997008,0.9329497321807898,0.961110715135312,0.9950927970641263,0.9329497321807898,0.9721643839492675,0.9369854052620168,0.9771865070849176,0.9618160190502407,0.9129412260730063,0.7918579992207195,0.890189735239559,0.9812882646010128,0.9750206691499415,0.9200817943852444,0.8711748780162418,0.9694100907323093,0.9506503681784946,0.9393212446382442,0.9606947932644766,0.9550755726981772,0.998199742813788,0.9235944347702933,0.8792920141466944,0.9412414838519025,0.9358530937879614,0.9683237244170737,0.8473583193897771,0.9084229524444823,0.9996217758139353,0.8407576685828655,0.9458421999117053,0.900101915716712,0.9974657612189228,0.8820580577672703,0.7184098448778979,0.8168695460000699,0.8644375806981961,0.8309458606780319,0.9084229524444827,0.9200817943852444,0.7737143139162701,0.9721643839492675,0.9428948240228703,0.9183656033219387,0.9990384391481415,0.9544214840998264,0.9412414838519025,0.9329370334459521,0.9950058988075361,0.9576422202536798,0.8744295702264888,0.9481608601832734,0.9796115931400358,0.9849349812060153,0.9457709851868581,0.9320797389103181,0.9310020898787328,0.9310020898787328,0.7566586192708955,0.9218485695187228,0.9069566644903913,0.8558044392370612,0.8919625271106497,0.9349426948340502,0.9349426948340505,0.8113150954735966,0.9828074695633925,0.9688298914803046,0.8679473730861486,0.9369854052620166,0.9457709851868581,0.9369854052620166,0.9369854052620166,0.7954648857683043,0.9200817943852444,0.9723980610103105,0.9369854052620166,0.8583721502667008,0.8081992804193284,0.9655974895223984,0.9954645998164262,0.8525812245745796,0.8298161239732538,0.8934431804006671,0.9433214104887526,0.8531349059417335,0.9242212627322115,0.9088998345061841,0.8049261828249481,0.970087547292547,0.957618800952049,0.8192777750324035,0.9069566644903913,0.8264327167843049,0.9843238957181939,0.8494162464230663,0.9457709851868581,0.8711248729670613,0.9412414838519025,0.9080787883543029,0.9235944347702933,0.9981997428137878,0.9200817943852442,0.709824116441004,0.9053985774691053,0.9490592052587878,0.964170004482718,0.9512990813494239,0.7693378488114866,0.9847742533056745,0.9390829980374291,0.9984138550096489,0.816847080511356,0.8507492800484011,0.996557344576431,0.9713677678964225,0.931002089878733,0.9359987855401803,0.8631102944179316,0.9877220281917203,0.7877575020847977,0.9085306004621048,0.9751129258825254,0.8298161239732539,0.7900597142045565,0.9113067123177234,0.8502217146252433,0.9235944347702933,0.784293716963957,0.8055300989235588,0.9369854052620166,0.943467974097185,0.9320797389103181,0.9369854052620168,0.8278323671212415,0.8931429413816417,0.9329497321807898,0.9085306004621048,0.7905202806671945,0.9917417854198087,0.771584456629836,0.9506503681784948,0.8140820537467333,0.7939881817158985,0.8468661173707809,0.9329497321807898,0.8264327167843046,0.9231342686029487,0.8948693468634785,0.9183656033219387,0.9457776272931171,0.9355688794736527,0.7886922783654227,0.696601668708779,0.9723980610103105,0.9424224160797434,0.8278323671212413,0.9763867292456673,0.9812882646010126,0.9218241042345277,0.9390829980374291,0.8492929518018972,0.8005610041430157,0.8925193970220322,0.9349426948340502,0.7938487793604506,0.802741085523923,0.9034814342922287,0.9822596548684747,0.9429902492134531,0.9339524310656602,0.96782156151872,0.9166738102381802,0.8779179059734528,0.9069566644903913,0.0,0.9086564951947778,0.9721643839492673,0.8011606383775995,0.996557344576431,0.9532555825271782,0.9369854052620166,0.8448771028779443,0.8330443401899568,0.8620728244415258,0.9008109730235982,0.9369854052620166,0.9978452547778265,0.8542918154275816,0.886919364202873,0.9038554657884539,0.8806719604852848,0.9254867932704707,0.8525812245745796,0.8223056632513202,0.950107672001856,0.9853322225258765,0.9918212983821324,0.9871789510845517,0.9457709851868581,0.8792920141466944,0.9523096052149489,0.8272219822788087,0.8948693468634785,0.953255582527178,0.9699196375991819,0.9843238957181939,0.953255582527178,0.9272278453848009,0.9117298605520905,0.9913026731221013,0.9032395300776708,0.8851936582303366,0.9481608601832736,0.6827937197173927,0.8931429413816419,0.9376794807200113,0.91636877994503,0.9877220281917205,0.9365826632500472,0.9810860991992141,0.9877220281917205,0.9349426948340502,0.9723980610103105,0.9369854052620166,0.9688298914803046,0.9828074695633924,0.9369854052620166,0.9183656033219387,0.9534676616285476,0.9481608601832734,0.9412414838519025,0.929577598819045,0.9390829980374291,0.9349426948340505,0.9109319194285541,0.9694034007212067,0.964170004482718,0.8757418277372286,0.9369854052620166,0.8848500287036507,0.9429902492134531,0.9183656033219387,0.9987987057824761,0.9530102635619488,0.9481608601832734,0.9390829980374291,0.9883279044516831,0.8222180825008418,0.9218241042345277,0.9369854052620168,0.9655974895223984,0.9854168063328744,0.9375011938243535,0.8739148831708863,0.9810661291837659,0.8568532843697211,0.9133573033767912,0.9412414838519025,0.9497218441301533,0.8984464417843046,0.9369854052620166,0.9543800590178145,0.8822719690573397,0.9506503681784946,0.9461117173314366,0.9310020898787328,0.9810661291837659,0.8573410151047326,0.9329497321807898,0.9087216040137163,0.7540770706675246,0.9369854052620166,0.9369854052620166,0.8965833466291091,0.9847437739421486,0.9433214104887524,0.9240542886990638,0.8673073586405287,0.913420697327255,0.8260729622142458,0.7791179886597768,0.959237033712196,0.8527506515469051,0.9369854052620166,0.8712150485544222,0.943467974097185,0.953255582527178,0.839076153985933,0.9481608601832734,0.9181444794203741,0.9369854052620166,0.9369854052620166,0.7911441128044299,0.9913026731221013,0.804200336631877,0.9235944347702933,0.899864992616022,0.8751860185986184,0.990094017201337,0.9690801727892031,0.9856149432948254,0.8653189509281971,0.9369854052620166,0.8948693468634785,0.8451123420953608,0.9950927970641261,0.7918579992207192,0.7639279365328521,0.9074360520639089,0.9230838149438536,0.8978173148387736,0.7808680068290852,0.9288981194942971,0.9369854052620166,0.8533828601878433,0.9339524310656602,0.9057276216233505,0.8693626884146952,0.9124442301283537,0.8816008595546362,0.85768338970584,0.8952259697681393,0.8049261828249475,0.9440315646198538,0.804298069086187,0.9310020898787328,0.9506503681784946,0.8309458606780318,0.9568700216169213,0.8764566507385269,0.8766079819236634,0.9877220281917205,0.8782103610107028,0.9928893498778073,0.9655974895223984,0.9105790217775468,0.6885869595213394,0.9990384391481416,0.9532555825271782,0.953255582527178,0.9433214104887524,0.9512990813494242,0.9630595002254725,0.7371109875774762,0.9812882646010125,0.9235944347702933,0.6640646615715606,0.8891857203745812,0.9290959183459291,0.9349426948340502,0.7230524374821843,0.8986797000234015,0.9390829980374291,0.8758518921009941,0.9576422202536797,0.9552752262417246,0.9650980396387614,0.9369854052620166,0.8657679762547945,0.9913026731221013,0.7936732363445695,0.9812882646010126,0.9556365193397718,0.918365603321939,0.8983146622607214,0.9369854052620166,0.7951229201589531,0.7826970416103487,0.9183656033219387,0.7932312171235056,0.8774912920198471,0.7816326539720402,0.943467974097185,0.8133364206468969,0.8423379076513389,0.971173371061969,0.8251411757254743,0.9200817943852442,0.8799645994864584,0.953255582527178,0.964170004482718,0.9369854052620168,0.873827676815808,0.9218223944261854,0.756756146294277,0.9113067123177236,0.8123455945172808,0.9000627911577296,0.9877220281917205,0.8488679347497983,0.8539255385877567,0.901769748719865,0.8809611728110757,0.7454677742420686,0.9369854052620166,0.7487552916430882,0.8567153354315402,0.9038554657884539,0.9369854052620166,0.7050769989368004,0.9242212627322112,0.9481608601832734,0.964170004482718,0.9349426948340505,0.884517717431685,0.7919389605860272,0.9341861672503229,0.9665309054593344,0.8801055866419674,0.964170004482718,0.8153653597703896,0.9369854052620166,0.8499606020007389,0.9369854052620166,0.9868438546677248,0.963850119501056,0.9425535059673307,0.953255582527178,0.697245815592019,0.9191375554816548,0.9552803469034233,0.941740990578956,0.9369854052620166,0.7459648775430554,0.9110327348546935,0.9828782321270807,0.9763867292456674,0.8948693468634785,0.9365826632500472,0.9069566644903913,0.9411059771498841,0.9320797389103184,0.8324246679921212,0.7922734224231105,0.9320797389103184,0.9038554657884539,0.943467974097185,0.886663405916849,0.9320797389103184,0.953255582527178,0.9150048519840792,0.9390829980374291,0.9154984655951908,0.9877220281917203,0.8259843931141263,0.9616684643803335,0.8657679762547947,0.8948693468634785,0.9476535753223351,0.9284119894354879,0.9218223944261854,0.9877220281917201,0.9389585973436582,0.9493509050636675,0.9038554657884541,0.877917905973453,0.9143004869638068,0.9934687177198567,0.8862566036435153,0.9957674544753028,0.8928876048824795,0.9991256173192244,0.9414543417011054,0.8593941012948739,0.9101213268023749,0.9101213268023749,0.9027445004246044,0.943467974097185,0.9457709851868581,0.9652389031896221,0.9479529588566926,0.9406084522297578,0.9576422202536797,0.945842199911705,0.9536466727000836,0.9218241042345277,0.943772438814358,0.9369854052620168,0.9574837657491485,0.9599795903498831,0.934779703866216,0.9658034041649686,0.9900142966525112,0.9457709851868579,0.9358530937879612,0.905783801848909,0.9150048519840785,0.9310020898787328,0.9085306004621048,0.9377821213923416,0.9694633416994007,0.9822252480331439,0.9253948970823007,0.9192562314482885,0.9594986384506098,0.9693164280362516,0.981036891124268,0.9412414838519028,0.9950927970641261,0.966888593695517,0.9101213268023747,0.9412414838519025,0.9708038746203247,0.9856318425003372,0.9997818524042921,0.9843238957181939,0.9643019407444021,0.9648745187924734,0.9517258135028772,0.9113067123177234,0.9991256173192247,0.9674246891075196,0.9183656033219387,0.9457709851868581,0.9872911449181458,0.9556365193397717,0.9488974039091764,0.9506503681784946,0.944333525273533,0.9481608601832734,0.9624514466121518,0.9457709851868581
p220_I,0.9413627079590985,0.8825490680853296,0.8035724596321672,0.9979415841854358,0.8982973238138033,0.9245566463845685,0.8436607606521482,0.8737991867589789,0.8074099974274125,0.967429636484679,0.8795907732894912,0.8950004825334387,0.8950004825334388,0.8710323322336654,0.9620692331331582,0.750777160924945,0.8886405262183215,0.6738516292774803,0.9163339973465925,0.9203519494821842,0.7814981994642232,0.9400658022383345,0.9320068308827978,0.9820922138479928,0.9049013665285817,0.8628217153184259,0.8886405262183215,0.8326941341927289,0.9203519494821841,0.9664036022552522,0.8498323084998981,0.9087598936651083,0.5394974861651094,0.8374879178218961,0.8982973238138033,0.9612908916295111,0.9016827426948628,0.885564052475021,0.9245566463845687,0.8886639795414619,0.8334162252912936,0.8400771012773351,0.9741037694931158,0.8735690482386772,0.9579262138531631,0.9582532079042756,0.9051664401581994,0.98115618168567,0.860162647158031,0.7833556479805837,0.9917282321179907,0.9346729391868627,0.8628217153184259,0.5554642024215999,0.8776965810826791,0.9136736174586457,0.913673617458646,0.500567215157067,0.8183807248717723,0.9983896418435715,0.81189464795299,0.7962526670414987,0.8628217153184267,0.7035240476032323,0.912476848317918,0.6484807905196129,0.9502440628915495,0.9332593438123526,0.9934253513580977,0.961290891629511,0.8423594617770636,0.888663979541462,0.8762768783002746,0.736363127428852,0.500567215157067,0.8262281511646008,0.9400658022383344,0.8795907732894912,0.812178541128047,0.9245566463845684,0.9442911856940016,0.9819923880936652,0.7113356487632514,0.5580199654264582,0.500567215157067,0.8350818158237849,0.9083753558180286,0.6902593120507328,0.8776554235111353,0.5208845547534251,0.500567215157067,0.7833556479805837,0.9014747707655855,0.744868417536215,0.6022627032616943,0.8284948983489446,0.7790662709500038,0.8016666590228796,0.9037554537648735,0.8020933253939645,0.9417424117820136,0.9051664401581992,0.8982973238138036,0.8766361984066358,0.8856329311700691,0.9163339973465923,0.814153208597192,0.8534975706999006,0.9049013665285817,0.9586485625763556,0.7706125802606789,0.8655153376703726,0.8583238367543504,0.8187056989189525,0.9051664401581994,0.7919322700436734,0.9156071109966869,0.9163339973465923,0.9245566463845688,0.858765993449348,0.9694422327358085,0.770541447969582,0.873827676815808,0.9843169023487448,0.8917796312811822,0.988421836553192,0.9016827426948627,0.7905609642519644,0.93150766770301,0.9250646625674579,0.8205287945313133,0.9452045885097757,0.9087598936651085,0.8772548611812421,0.8886405262183215,0.8952246412892317,0.873901866445402,0.9087598936651087,0.9087598936651082,0.5396522816823413,0.9189863565106487,0.9203519494821837,0.9525951237500734,0.7806251978189606,0.7949641498039909,0.8445122684053997,0.8062917987384586,0.7695311105367922,0.8548240290076601,0.7585459155500012,0.9203519494821841,0.8118946479529897,0.8181263468841443,0.8472828603230926,0.9502440628915496,0.888663979541462,0.8740511019858404,0.7362504086654447,0.8918272444553983,0.9103376246267691,0.9622525422448112,0.9747191147870711,0.9880552524038384,0.9083675645342171,0.8216475390937124,0.8326941341927289,0.9890945568472775,0.7684701364472628,0.8796408056059104,0.8111643310885122,0.9758531990983843,0.8950004825334388,0.8575360288119113,0.8189506026806226,0.8308995033023561,0.8519948552834934,0.9163339973465923,0.8109672511252808,0.9933554807558131,0.5053440118925379,0.847045165508021,0.878352649589119,0.8856048231352784,0.8859564064491339,0.8159511698593545,0.7426430157480828,0.7872851736201958,0.9992697492831331,0.4232320307761711,0.9269466168201911,0.9273191685398656,0.8520509574074738,0.8589205739516841,0.7083222945879939,0.9480379530424075,0.500567215157067,0.9046088515432296,0.8917839318880125,0.5885985959626605,0.9569497244736873,0.8040092425999458,0.8129420361099915,0.500567215157067,0.8742944095397971,0.8214108560738737,0.967429636484679,0.500567215157067,0.9628239980582517,0.8303239302316401,0.812777192154329,0.9656645681405694,0.8321495277836637,0.8950004825334387,0.500567215157067,0.720161364409351,0.500567215157067,0.8196852525153117,0.9480327249734062,0.9569497244736872,0.500567215157067,0.9349490315940102,0.500567215157067,0.7768456693362804,0.9285789674408103,0.8326941341927289,0.8479393617955115,0.9051664401581992,0.8158813110000367,0.5396522816823406,0.9625024121535213,0.8766849093977233,0.8572757496494622,0.7690229671877278,0.9891556787268372,0.9087598936651082,0.8117675290099495,0.945426144078316,0.818362422930994,0.922236779518083,0.8303239302316399,0.8547850709517307,0.9381452546945752,0.7904865059323101,0.9273191685398655,0.500567215157067,0.9380492094416577,0.500567215157067,0.9452906944306227,0.8547850709517302,0.9253034294291276,0.9791100127950296,0.8158813110000365,0.8658671703908485,0.827970316467311,0.873827676815808,0.8478590043252138,0.9442911856940015,0.8304203589751654,0.8946428180839181,0.836856271274245,0.9194757437528551,0.9465442797913416,0.5208845547534251,0.9555872102327531,0.9409554047545026,0.9245566463845687,0.7506152308099442,0.7506152308099442,0.5456695402250415,0.848300091147675,0.7874126136068371,0.7178825832969222,0.9751803528882927,0.8697048915883807,0.7489246335668325,0.9163339973465923,0.8415198577956904,0.876390235897006,0.8682458143938525,0.8029650793035938,0.9163339973465923,0.8055253598153973,0.7263245609637987,0.955587210232753,0.7522727272727288,0.8448271155174855,0.9051664401581992,0.9133217982743667,0.8583238367543506,0.9983896418435716,0.9452045885097758,0.9852427368613524,0.9696706774563097,0.9163339973465923,0.6777448233120333,0.9927258081310119,0.8106123348131291,0.9810016184263288,0.961290891629511,0.8982973238138034,0.860162647158031,0.8917839318880126,0.9502440628915497,0.7990568456988297,0.9887012987012989,0.9051664401581992,0.6838160347070774,0.9810287098593542,0.8110051335256803,0.9817720403804383,0.9667972379297373,0.9480327249734064,0.713525947459569,0.7030962589295742,0.8205287945313133,0.967429636484679,0.8074099974274129,0.9203519494821841,0.8627658779727198,0.9526296338320909,0.8420008905563078,0.9051664401581992,0.500567215157067,0.9087598936651075,0.8273272241564982,0.8628217153184266,0.9163339973465923,0.9150817040227417,0.8950004825334387,0.500567215157067,0.9049013665285812,0.8588815312388145,0.9763491073983366,0.891535054296503,0.988668539854495,0.8682458143938526,0.9253034294291274,0.8686108424524517,0.97442074897755,0.8738276768158082,0.8855640524750213,0.9040247915812281,0.9452045885097758,0.8627658779727196,0.9834727975686374,0.9486651539080442,0.891535054296503,0.9245566463845684,0.8209740421874608,0.8627658779727199,0.8133978269643339,0.8886405262183212,0.484377369583854,0.8941243607371745,0.8104315638950381,0.8583238367543506,0.8772752937889409,0.9835991697870566,0.500567215157067,0.7249917182372276,0.7400122215573677,0.8654871162310526,0.9850486261598486,0.9384149895103318,0.8111643310885124,0.500567215157067,0.500567215157067,0.740818699473937,0.9693852026722847,0.8075557700147983,0.500567215157067,0.9854926765128262,0.8982973238138036,0.8972375489498452,0.7576186187466611,0.8375663648575709,0.8982973238138034,0.8473176272509808,0.9400658022383344,0.982565762647196,0.8941450082279205,0.500567215157067,0.8082184296947637,0.8326941341927289,0.82680181157923,0.8967049646705594,0.8473176272509809,0.999213673723459,0.9452045885097758,0.8346519783088758,0.500567215157067,0.9831561378077425,0.8917796312811822,0.7179145652229306,0.9380146287437985,0.7496421269337041,0.9350606110092428,0.8855640524750213,0.500567215157067,0.8979859252177944,0.918986356510649,0.500567215157067,0.8341664144721785,0.6863222759379938,0.9561233649414842,0.9918065809331944,0.8478194439933218,0.500567215157067,0.8131338752668241,0.7470936870831433,0.9150817040227417,0.8406241089435889,0.9260606000577348,0.8141532085971916,0.8856830854588367,0.8343952307678697,0.9051664401581994,0.9242207792207795,0.792721933449825,0.9929979934242447,0.793216447100739,0.9552814631278862,0.8669665111588714,0.6410550313270733,0.9087598936651082,0.8628217153184267,0.500567215157067,0.9937522140875703,0.8015045778698615,0.7402685276859235,0.9119409794917464,0.8825982719080658,0.5396522816823415,0.7384034683994158,0.9820922138479928,0.5041170450304884,0.9119409794917465,0.8982973238138034,0.9486651539080436,0.7779550938334243,0.8297304774174434,0.9487953198046517,0.7789871709445353,0.8442596155053426,0.9156071109966867,0.8710156683413514,0.8614317096360583,0.9400658022383342,0.9203519494821841,0.9464573347338472,0.8821389927482706,0.8035724596321665,0.6634325646459582,0.5845775014570809,0.9159048123846258,0.9452045885097757,0.8627658779727194,0.9284481156139275,0.9206402651695216,0.9281505333988457,0.941659706698011,0.9263079894969779,0.8767292272696674,0.9962356528288621,0.9718559030342411,0.8096470950969049,0.9232833700357421,0.7591576781515414,0.8017356620663352,0.9496479823822046,0.9880552524038386,0.6410550313270738,0.9808331950441983,0.8939577832947228,0.8581734835076846,0.8921353095861759,0.8792462116718203,0.9764896015378,0.9051664401581994,0.9297671151271447,0.6600676710901128,0.8850707526024728,0.8983623141353236,0.9163339973465923,0.9343365340526398,0.804009242599946,0.912476848317918,0.8574165634704998,0.8886405262183215,0.8886405262183216,0.9502440628915498,0.9937522140875703,0.849832308499898,0.966351187508289,0.7189699176485156,0.93150766770301,0.93150766770301,0.8724960037609777,0.9569952737155709,0.5224311288855292,0.9868058004883371,0.500567215157067,0.9124768483179181,0.500567215157067,0.500567215157067,0.8680954506278161,0.6410550313270735,0.8627658779727198,0.500567215157067,0.9779780232094384,0.7770733498032041,0.7293755368067371,0.8108161786537491,0.8277506450089276,0.9860671578039337,0.9636533573576247,0.7962180258739615,0.850148042748943,0.9532038714585356,0.8729429682678407,0.6995298944485666,0.860076284213129,0.9745808104580851,0.9332593438123526,0.8498323084998981,0.8855640524750212,0.9273191685398658,0.9398057507657782,0.9124768483179179,0.8131983326178945,0.9051664401581994,0.8225650254528256,0.9331724120804428,0.894956093775602,0.9320068308827978,0.783722015740568,0.8738606237740509,0.8345851988012257,0.8850196814928613,0.878776154719427,0.9051664401581994,0.5845775014570813,0.9016827426948628,0.8279703164673112,0.980894861582919,0.9450302180214638,0.7178825832969216,0.912223997864057,0.8342167232423126,0.6549039979517124,0.8740603771068243,0.93150766770301,0.8106846903064511,0.9069090419812995,0.9245566463845684,0.9697711480269091,0.7270426172754039,0.7962180258739613,0.97061038613045,0.876684909397723,0.974349270978258,0.8034485304154141,0.500567215157067,0.9087598936651082,0.8574165634705,0.7635639793573137,0.9349490315940101,0.9331724120804428,0.9273191685398658,0.8523725692305208,0.8634243475288141,0.9015112496120745,0.8693550472934325,0.6559488674953644,0.8131876446517083,0.9263079894969779,0.8612689644981474,0.5396522816823415,0.8855640524750212,0.9753686736636723,0.9526296338320908,0.8981981738963492,0.8103789074283031,0.7793979460939551,0.7575031872107663,0.9989567448092821,0.9133217982743668,0.8343030902782713,0.9890945568472773,0.8767292272696673,0.967429636484679,0.873827676815808,0.940424423847244,0.896940146655181,0.9955175993872472,0.8403869537741202,0.5208845547534251,0.9804263957749484,0.993332901515336,0.9741037694931158,0.8352193064763829,0.9452045885097758,0.8350818158237849,0.9068614220260416,0.6045510524355,0.933348025478709,0.8498323084998982,0.9086564951947778,0.0,0.4087046902608946,0.48437736958385136,0.9502440628915493,0.9245566463845685,0.500567215157067,0.8338986002173987,0.9216290790347617,0.6952114540263152,0.9166344620409568,0.500567215157067,0.8847006561896336,0.9858387975609328,0.8118946479529896,0.7096842003074577,0.7908213627520444,0.8453164318386717,0.8792661252786121,0.7650030490111381,0.9655733010862089,0.9838903944128834,0.980966549128707,0.8698289504777108,0.9124768483179182,0.8051828270994664,0.8856048231352784,0.9452045885097758,0.8303239302316398,0.9245566463845687,0.8549399288486852,0.8917839318880125,0.9741037694931161,0.915607110996687,0.9417424117820137,0.935868290128124,0.7160710309849769,0.7951497459275103,0.9163339973465925,0.8387059119859539,0.9083753558180288,0.9716031089213206,0.7665484468358348,0.484377369583854,0.9917282321179908,0.5224311288855288,0.484377369583854,0.5208845547534251,0.4041732776534005,0.500567215157067,0.8688595670597334,0.6137179971847142,0.500567215157067,0.8682458143938527,0.8493017387617137,0.9163339973465923,0.9051664401581994,0.6995298944485666,0.7109004457813215,0.5208845547534251,0.9709821317363607,0.7336745587483311,0.8710156683413514,0.8527036381295098,0.500567215157067,0.8141532085971921,0.9452045885097758,0.9880552524038384,0.7808302979116329,0.8164233562706871,0.9163339973465923,0.9016827426948627,0.9049013665285814,0.9281684931120008,0.8154354260564571,0.898297323813803,0.7782978182469176,0.92000681021723,0.849832308499898,0.9668129778295514,0.8795907732894914,0.961290891629511,0.8601626471580309,0.9051664401581994,0.9056938156720871,0.9238504680802616,0.500567215157067,0.8982973238138034,0.8235544290844463,0.967429636484679,0.9170314447908747,0.8886405262183212,0.9119409794917464,0.6651026274250428,0.5396522816823415,0.8563918962971446,0.8591405827636432,0.500567215157067,0.500567215157067,0.5909906503763627,0.9014747707655855,0.8273272241564984,0.850972744425821,0.8111643310885125,0.9260606000577352,0.9450302180214636,0.875018082634227,0.8655153376703728,0.658281957653539,0.500567215157067,0.8284948983489442,0.9087598936651082,0.9245566463845687,0.9686464512529,0.9163339973465923,0.7626668267978414,0.500567215157067,0.500567215157067,0.8213548067746667,0.9358682901281239,0.8215004777568674,0.9717562486586401,0.947851044715065,0.7468214401659192,0.6748682391418435,0.798555937925866,0.8036520015962598,0.9490326482224263,0.500567215157067,0.8303239302316396,0.8325269302043725,0.9404244238472442,0.9038384255217331,0.7460071163465853,0.5512754612532105,0.779305444465773,0.8350818158237849,0.9016827426948627,0.8697358927344756,0.500567215157067,0.8364171746152267,0.8600762842131289,0.8851507230512402,0.8205287945313133,0.9033222513428112,0.8199285457124565,0.8321495277836635,0.7073404207263736,0.9555872102327528,0.874294409539798,0.77856663085124,0.8688595670597339,0.9203519494821842,0.9717363674692563,0.5580199654264582,0.8058577837118316,0.9667875986555683,0.484377369583854,0.7515401773634881,0.8856048231352784,0.9037073523919104,0.8729335939423255,0.8772548611812421,0.9281684931120004,0.9245566463845686,0.9245566463845685,0.8273272241564983,0.7509077901946655,0.7920014344679198,0.8982973238138034,0.967429636484679,0.9083753558180288,0.9717562486586401,0.6641240803867996,0.5394974861651107,0.8950004825334388,0.7775696449843106,0.877655423511136,0.9016827426948629,0.931662370182869,0.6150398796106478,0.7065352379130969,0.7325298332953796,0.500567215157067,0.7833556479805837,0.9734392564424441,0.982965943910845,0.967429636484679,0.9832783620912895,0.8682458143938514,0.7293355221328939,0.500567215157067,0.8864234955574308,0.969771148026909,0.868245814393852,0.8556990795877368,0.8864441982084141,0.855049725731263,0.9087598936651081,0.9583470253824704,0.9297671151271447,0.8509727444258213,0.76207976965074,0.871015668341351,0.995326762642484,0.9245566463845682,0.9320068308827978,0.8982973238138034,0.8178571428571433,0.9973306909248147,0.8986895400719173,0.8183624229309934,0.9865554151898348,0.9889897772432357,0.484377369583854,0.8381174916672232,0.8988520147584989,0.826454398832531,0.8106846903064513,0.7956742233970906,0.500567215157067,0.9640916647743811,0.8738210300910958,0.8448271155174856,0.500567215157067,0.7989426079415447,0.9193839619667784,0.9163339973465923,0.6410550313270735,0.5208845547534251,0.7535118460332886,0.9923887048677954,0.8155219122729975,0.9417424117820135,0.8164233562706869,0.8710156683413517,0.9698309237766026,0.500567215157067,0.9932316441455894,0.500567215157067,0.961290891629511,0.8180412946056624,0.8279329785131319,0.9245566463845687,0.8796408056059103,0.8758591656712222,0.9446616912174571,0.8448271155174856,0.500567215157067,0.8155427190865163,0.8567774960813828,0.8409649438309732,0.8767292272696675,0.3379972852852944,0.9502440628915498,0.2625693720977096,0.9934243936105989,0.6234124216963135,0.8686426071185915,0.9453240262704516,0.6234124216963135,0.8972375489498454,0.9087598936651088,0.7906672768504011,0.6234124216963135,0.9245566463845687,0.8628217153184266,0.9433505326956113,0.770541447969582,0.93150766770301,0.926946616820191,0.8682458143938525,0.804009242599946,0.9037073523919106,0.9015112496120745,0.8279703164673116,0.8886639795414619,0.9224635916187052,0.9965533049210542,0.9346334299047001,0.8448271155174858,0.8234784858046691,0.7843282627078038,0.6782426899364711,0.7218451158083203,0.860162647158031,0.9046088515432302,0.9452045885097758,0.8249389872384021,0.934088123306877,0.8549399288486854,0.8549399288486859,0.8443737802152146,0.9087598936651079,0.9124768483179181,0.7989664753641879,0.8523725692305197,0.7510169290813081,0.9350596893811606,0.849832308499898,0.8547889218390639,0.9049013665285814,0.8738606237740512,0.8982973238138029,0.7746733437456484,0.7630173026641403,0.9215056404872426,0.8007562706904358,0.5332726857805599,0.912476848317918,0.9638777185760138,0.7907221531039399,0.8628217153184259,0.9579262138531629,0.8796408056059097,0.8851507230512404,0.8070135968422858,0.89056739685997,0.8795907732894913,0.8467116883987358,0.8950004825334388,0.8649674179263286,0.9086337996670775,0.9051664401581992,0.9016827426948629,0.792721933449825,0.854939928848684,0.9747191147870711,0.8393506493506497,0.7990361053670182,0.8664609907840173,0.8917839318880126,0.891783931888013,0.714596959953372,0.9520400285911688,0.8183624229309943,0.9452045885097758,0.7896275290564253,0.8682458143938525,0.9124768483179181,0.8062917987384591,0.8949560937756021,0.9791661049996256,0.9203519494821839,0.8104315638950382,0.9612908916295111,0.9338981736706291,0.9124768483179181
p220_L,0.7814581070432909,0.9305518148343677,0.5063799500031064,0.9476888747140069,0.9398636845831869,0.9553906988562064,0.821277887711646,0.7829495315328661,0.8861224347761871,0.952904481298952,0.9288025889967639,0.9379142777971528,0.9379142777971528,0.9082470012068002,0.9295460152552617,0.984400684704305,0.9341536654578784,0.38375282268560673,0.9505286850464205,0.952904481298952,0.556400954983465,0.9270843653068204,0.9696315366465986,0.9998238347481485,0.9253948970823,0.9188871236697291,0.9341536654578784,0.9010728262563199,0.952904481298952,0.7582337249338793,0.9112065483416412,0.946050153064081,0.20231674480616446,0.9039073680321503,0.9398636845831869,0.9505286850464205,0.9418654668890594,0.9323345609629292,0.9553906988562064,0.9173148291382112,0.5651885886421899,0.9647915833876861,0.9553906988562064,0.8968972890562259,0.9341536654578786,0.6580455422698798,0.9439253608596803,0.9150128085700577,0.9173148291382114,0.8718992107694505,0.9460501530640812,0.6264611381931253,0.9188871236697291,0.9803079821283596,0.9323345609629292,0.999744732490999,0.9157617220296757,0.9398636845831867,0.8927761013223364,0.9035337647796042,0.888774187597779,0.8000885584109012,0.9188871236697294,0.43485344971582696,0.9482479709168004,0.792148340151049,0.991511387719873,0.8294570440795388,0.7387560415746348,0.9505286850464205,0.9067878891240293,0.9602126215445628,0.9964123220916106,0.7948115130896278,0.9398636845831867,0.5307115809483526,0.9747821421515683,0.9288025889967639,0.8157892392041282,0.9553906988562064,0.9288025889967637,0.942660365268007,0.9127085925971723,0.3401678193328158,0.9398636845831867,0.9024846512059137,0.9270843653068204,0.793221547264789,0.9996195398799781,0.9379142777971521,0.9398636845831867,0.8718992107694505,0.6944058100689159,0.8282051901310086,0.9127085925971721,0.8821881173643272,0.8693629222495662,0.49568923949846533,0.8116380343108165,0.8102470465199714,0.9574979597513363,0.94392536085968,0.9398636845831869,0.9126466058508198,0.8468773793429285,0.9505286850464207,0.8901096639134571,0.7844346826831332,0.9253948970823003,0.8981963847868486,0.8530868722164202,0.9204798499326441,0.7961064637088169,0.8928015300883467,0.9439253608596803,0.7677291562107094,0.9305518148343677,0.9505286850464207,0.9553906988562064,0.8588531668491861,0.8968972890562259,0.8643222344048866,0.9253948970823003,0.9112065483416405,0.9188871236697294,0.7784558727705813,0.9418654668890594,0.8356963633835399,0.9379142777971528,0.8996713357710022,0.8493600255132059,0.94392536085968,0.946050153064081,0.9700351664034111,0.9341536654578784,0.6632403845874325,0.8568203162271628,0.946050153064081,0.946050153064081,0.9360123464869741,0.7166698393778561,0.952904481298952,0.707496027776203,0.8763300120309891,0.8668377479090328,0.894158657212001,0.8731720022848468,0.8130313197766206,0.9602126215445628,0.7382550877906251,0.9529044812989518,0.8887741875977788,0.8561851304477548,0.5527204821934505,0.9460501530640812,0.9173148291382116,0.9074182392409513,0.48226105781785034,0.8307074284906386,0.8643222344048866,0.7715561688698277,0.9958126081161451,0.9426603652680069,0.7903153174929474,0.5755992057703505,0.9010728262563197,0.862861450156791,0.4674372344474177,0.9127085925971723,0.8168555449761872,0.9082470012068002,0.9379142777971523,0.9157617220296763,0.8130313197766206,0.8800862405182621,0.8555748757838355,0.9505286850464207,0.9311627243054961,0.9438328971193495,0.6212680131516717,0.9312485969328892,0.9596918041351779,0.9157617220296754,0.9379142777971528,0.8332042054706008,0.8269517634252832,0.8588531668491861,0.883494175537398,0.9305518148343677,0.9097196291136664,0.9360123464869741,0.9197173314687737,0.6867634008054773,0.7754268322694218,0.9229260836136743,0.9398636845831867,0.9998238347481484,0.9360123464869741,0.8821881173643269,0.6597844662171701,0.9029852527308224,0.9379142777971528,0.9398636845831867,0.5703182891890515,0.7754268322694218,0.952904481298952,0.9398636845831867,0.8534460628229261,0.899671335771002,0.8957643484306199,0.8575188357488197,0.9213139766220594,0.9379142777971528,0.9398636845831867,0.8561851304477548,0.9398636845831867,0.7771645669150555,0.6268829055670135,0.6597844662171701,0.9398636845831867,0.862861450156791,0.9398636845831867,0.8016055430101222,0.9721111647053094,0.9010728262563197,0.5440836406385613,0.94392536085968,0.7533699191063874,0.9360123464869741,0.9237321696604075,0.9270843653068206,0.8887741875977788,0.8321323456804631,0.9439076502388628,0.9460501530640812,0.8808870709207709,0.9015254039971803,0.5485866639010902,0.974669881707309,0.899671335771002,0.899671335771002,0.9862951408967353,0.8643222344048866,0.9360123464869743,0.9398636845831867,0.8848055194072812,0.9398636845831867,0.7743720022696059,0.8996713357710024,0.9460501530640812,0.9142266602978064,0.7533699191063874,0.9998238347481484,0.8982796549912175,0.9253948970823,0.9357354408000715,0.977493380406002,0.8356963633835401,0.9958126081161451,0.9327528459630947,0.6440758995461143,0.8415145473268246,0.9379142777971521,0.9482479709168001,0.724034594635204,0.9553906988562064,0.8534460628229261,0.8027040615618264,0.9465849497022305,0.6474105508816652,0.8518440350388581,0.9460501530640812,0.8468544600540213,0.7844346826831332,0.7371722228575075,0.9505286850464207,0.7974579792993954,0.9711572181901502,0.922094368012589,0.8834941755373982,0.9505286850464207,0.7001112281005049,0.8046436059846203,0.9482479709168001,0.5057553088676604,0.9082470012068002,0.94392536085968,0.9819538956711097,0.7961064637088169,0.9035337647796042,0.9958126081161451,0.94392536085968,0.7258839897218095,0.9505286850464205,0.8347339308492272,0.8282051901310086,0.5052659015231683,0.8415145473268244,0.9505286850464205,0.9398636845831869,0.9173148291382112,0.9360123464869743,0.9460501530640812,0.7903153174929474,0.9119409794917461,0.94392536085968,0.3963204923601643,0.9010728262563201,0.7981282311426644,0.9629254303665231,0.892925772994853,0.809182125221485,0.8758088181578214,0.7871440474002926,0.8776906116240736,0.9529044812989518,0.8861224347761874,0.952904481298952,0.9039073680321512,0.9364881737530404,0.927863480227435,0.94392536085968,0.9398636845831867,0.9460501530640815,0.8848055194072812,0.9188871236697294,0.9505286850464207,0.9482479709168001,0.9379142777971528,0.9398636845831867,0.9253948970823,0.9505286850464205,0.9553906988562064,0.9996792686582181,0.7096095831452198,0.922094368012589,0.9460501530640812,0.8280750621923763,0.6736653918914776,0.9253948970823003,0.9323345609629299,0.8792718189530231,0.9439253608596803,0.9039073680321505,0.7051452274120005,0.9305518148343677,0.9295460152552613,0.9553906988562064,0.7467536395312862,0.903907368032151,0.7614321208592263,0.9341536654578781,0.9379142777971521,0.9067878891240293,0.8943418469797413,0.7961064637088169,0.7975412536385909,0.6930488996888919,0.9398636845831867,0.826951763425283,0.9401042088409284,0.9053415698864398,0.9024846512059137,0.9529044812989518,0.8428507484980061,0.9398636845831867,0.9398636845831867,0.9173148291382112,0.8861224347761871,0.9411404869744744,0.9398636845831867,0.952904481298952,0.9398636845831869,0.9082470012068002,0.4471046593353968,0.7754268322694218,0.9398636845831869,0.9097196291136667,0.9270843653068204,0.6668293210560308,0.7109747342922756,0.9398636845831867,0.5233222454194301,0.9010728262563197,0.759837220240634,0.7630185977583599,0.9097196291136664,0.845636254971224,0.9958126081161451,0.7829495315328658,0.9398636845831867,0.7276875735091177,0.9188871236697294,0.8332042054706008,0.6714090544912882,0.9418654668890591,0.6691305284929068,0.9323345609629297,0.9398636845831867,0.9089152002046677,0.7932215472647892,0.9398636845831867,0.9496699001876994,0.7570938879228224,0.6450090070654535,0.6991729471859397,0.7903153174929474,0.9398636845831867,0.7759928347508667,0.8294570440795384,0.857093828781619,0.8244397822834251,0.8060506330304364,0.8901096639134569,0.8914519915852104,0.9089152002046677,0.9439253608596803,0.9119409794917461,0.8655788710295134,0.9385697293810189,0.8256966614396692,0.8790545036196351,0.563125205919098,0.9237321696604075,0.946050153064081,0.9188871236697294,0.9398636845831867,0.9505286850464205,0.5873335720149689,0.8772718095610739,0.9288025889967637,0.9142266602978062,0.9360123464869743,0.8235244518171347,0.9418654668890591,0.9360123464869743,0.9288025889967637,0.9398636845831869,0.9305518148343679,0.5318516850596965,0.8861224347761871,0.9818060040046751,0.8181251992022522,0.952904481298952,0.9803079821283596,0.9237321696604075,0.8621900465374011,0.9270843653068204,0.952904481298952,0.7240676669807561,0.9010728262563195,0.9029852527308226,0.9204798499326443,0.26205342833246426,0.9818749943123346,0.94392536085968,0.9039073680321505,0.9134708556523612,0.6554287635127102,0.922094368012589,0.9786384251155429,0.9288025889967637,0.9112065483416412,0.8104681290730038,0.8326115993376895,0.8874452201355854,0.9341536654578784,0.8787700481922134,0.870629582881604,0.9082470012068002,0.9671761235857235,0.9237321696604077,0.6951076946681695,0.9288025889967635,0.6208697298311603,0.9220943680125888,0.8996713357710029,0.7556094989401785,0.94392536085968,0.7412259951528896,0.6867634008054773,0.9401042088409284,0.9134708556523616,0.9505286850464207,0.7771645669150555,0.8718992107694503,0.9482479709168004,0.9010728262563199,0.9341536654578784,0.9341536654578781,0.9460501530640812,0.9505286850464207,0.9112065483416403,0.6803059996618337,0.4176767604940963,0.9928618019927207,0.9928618019927207,0.8157892392041284,0.903221579014693,0.9341536654578779,0.8133444013424307,0.9398636845831867,0.9482479709168001,0.9398636845831867,0.9398636845831867,0.8102470465199716,0.9237321696604077,0.903907368032151,0.9398636845831867,0.7989711021539145,0.8334712485921201,0.8996713357710022,0.8521862872722994,0.5233222454194302,0.7147859115339794,0.9197173314687737,0.9181353909773773,0.8104681290730038,0.9323345609629294,0.8957643484306199,0.9482479709168001,0.9024846512059137,0.7371722228575075,0.8561851304477546,0.9112065483416405,0.9323345609629294,0.9360123464869743,0.8664852604763535,0.9482479709168001,0.8770114237684188,0.9439253608596803,0.8821881173643271,0.9270843653068204,0.9204798499326441,0.98446909636721,0.8468544600540215,0.9097196291136669,0.888774187597779,0.9237321696604075,0.9053415698864404,0.94392536085968,0.9270843653068206,0.9418654668890594,0.8982796549912175,0.8575188357488199,0.650041275180252,0.946050153064081,0.6062530190875557,0.9341536654578781,0.738756041574635,0.6085526768259406,0.9379142777971528,0.759837220240634,0.9947922739901722,0.9553906988562064,0.7147859115339796,0.8181251992022522,0.8848055194072812,0.6940552489589511,0.9270843653068204,0.9245544567587651,0.9196592131286032,0.9398636845831867,0.946050153064081,0.9010728262563203,0.9398636845831869,0.6753320746979415,0.9270843653068201,0.9360123464869743,0.9127085925971723,0.8966080626769894,0.9237321696604075,0.7932215472647894,0.40937938138094365,0.9521812686065972,0.9774933804060018,0.8419122260561438,0.9360123464869743,0.9323345609629292,0.7894676309479185,0.8996713357710027,0.922094368012589,0.7258150432640211,0.8580669034773316,0.7071038344698524,0.8655396347943325,0.9419536134643975,0.9011896847149377,0.7296622482444434,0.9112065483416403,0.952904481298952,0.9253948970823003,0.9418654668890591,0.6525163132584455,0.8848055194072812,0.8731720022848468,0.9379142777971521,0.7294786662097805,0.7247833089277036,0.9553906988562064,0.8859311733087405,0.94392536085968,0.9024846512059137,0.9010728262563199,0.37053241478669086,0.9827139728713292,0.9112065483416405,0.9721643839492673,0.4087046902608946,0.0,0.9379142777971528,0.946050153064081,0.9553906988562064,0.9398636845831867,0.903907368032151,0.6633597603420995,0.7961064637088169,0.9791844484148314,0.9398636845831867,0.9509174098942981,0.7575315909834779,0.888774187597779,0.9082470012068002,0.5091694247572502,0.9651573366535677,0.8593147823261376,0.7708304279437772,0.919257354708493,0.8887741875977788,0.8231810246346629,0.6041414581535933,0.9482479709168001,0.8848055194072812,0.9157617220296757,0.94392536085968,0.8996713357710029,0.9553906988562064,0.9142266602978064,0.9360123464869741,0.9553906988562064,0.9803079821283596,0.9580084947693381,0.9398636845831869,0.7482394210002967,0.5099121522165388,0.9505286850464203,0.9398636845831869,0.9270843653068204,0.725815043264018,0.765850872688635,0.9379142777971521,0.9460501530640812,0.9341536654578779,0.9379142777971521,0.9379142777971521,0.9039073680321505,0.9398636845831867,0.9341536654578781,0.8901096639134568,0.9398636845831867,0.922094368012589,0.8706295828816042,0.9505286850464207,0.9439253608596803,0.9482479709168001,0.9418654668890594,0.9379142777971521,0.7051000760969127,0.8319564473483689,0.9237321696604075,0.8117511609963379,0.9398636845831867,0.8901096639134571,0.94392536085968,0.8975786096948724,0.7556094989401796,0.8914519915852099,0.9505286850464207,0.9418654668890591,0.9253948970823003,0.9364881737530404,0.9253948970823003,0.9398636845831867,0.8996713357710022,0.9457439607148705,0.9112065483416403,0.8091821252214852,0.9288025889967635,0.9505286850464205,0.9173148291382112,0.9439253608596803,0.8901096639134571,0.8646465267440422,0.9398636845831867,0.9398636845831869,0.5484847777827513,0.952904481298952,0.6549647911665004,0.9341536654578781,0.9288025889967637,0.792148340151049,0.9360123464869743,0.7526181602736822,0.7692835957132567,0.9398636845831867,0.9398636845831867,0.934718436590684,0.8253638399869103,0.8848055194072815,0.7147859115339794,0.8428507484980061,0.6991729471859398,0.6500412751802518,0.7873867206663687,0.9204798499326441,0.7785524145786091,0.9398636845831867,0.9150128085700575,0.946050153064081,0.9553906988562064,0.6691305284929066,0.9505286850464207,0.8000885584109012,0.9398636845831867,0.9398636845831867,0.7566214612020066,0.9398636845831869,0.7661669509794131,0.9298223041589355,0.6866872408620988,0.43485344971582696,0.9142266602978064,0.8808870709207703,0.8040064111587777,0.7027022088366779,0.9398636845831867,0.8996713357710029,0.8088522312849591,0.9418654668890594,0.9505286850464205,0.8655788710295134,0.7109747342922756,0.8941586572120013,0.9024846512059137,0.9418654668890594,0.600130316634068,0.9398636845831867,0.7948115130896276,0.9024846512059137,0.8808870709207706,0.9343517838458113,0.6633597603420999,0.9803079821283596,0.8874452201355856,0.8269517634252832,0.9868659623160062,0.6818014530365327,0.8369409776400178,0.9341536654578784,0.952904481298952,0.9476888747140069,0.9188871236697294,0.7785524145786091,0.946050153064081,0.9379142777971521,0.8530868722164211,0.9157617220296754,0.8996713357710029,0.9457439607148708,0.9700351664034111,0.8996713357710027,0.9553906988562064,0.9553906988562064,0.8848055194072815,0.9053415698864404,0.877011423768419,0.9398636845831869,0.9762381701099258,0.9270843653068204,0.9270843653068204,0.8013981440784046,0.25321960917269004,0.9379142777971528,0.9580084947693381,0.8744481603927656,0.9418654668890594,0.7403307174441562,0.9024846512059137,0.7595676018452889,0.7955745170501207,0.9398636845831867,0.8718992107694505,0.9398636845831869,0.7754268322694224,0.952904481298952,0.9204798499326443,0.9220943680125899,0.829457044079539,0.9398636845831867,0.7932215472647894,0.7147859115339794,0.9220943680125893,0.7946666045364155,0.8199103265291448,0.8032322633242255,0.9460501530640812,0.7894676309479192,0.816855544976187,0.6902585373374991,0.7203957864208019,0.9237321696604075,0.814308704170446,0.9553906988562064,0.9237321696604075,0.9398636845831869,0.879590773289491,0.9539917936427349,0.809182125221485,0.8848055194072812,0.6824788329990678,0.9398636845831867,0.9379142777971521,0.8388389232603313,0.593836814378189,0.8770114237684188,0.759837220240634,0.7312575105473402,0.9398636845831867,0.773901893236808,0.5873628743258168,0.9082470012068002,0.9398636845831867,0.8361581574418966,0.9323345609629294,0.9505286850464207,0.9237321696604077,0.9379142777971521,0.6345969911245258,0.9188871236697294,0.8782989718810934,0.9157617220296757,0.8914519915852099,0.9237321696604077,0.7031707617634475,0.9398636845831867,0.9142266602978064,0.9398636845831867,0.981806004004675,0.8280750621923763,0.8630676692554227,0.9553906988562064,0.9127085925971723,0.7203957864208019,0.9213139766220595,0.9082470012068002,0.9398636845831867,0.8267206457386697,0.8130253154590168,0.9022004857227719,0.9112065483416405,0.4376255805523179,0.9460501530640812,0.4005830487911607,0.9097196291136662,0.9010728262563203,0.9044537215424593,0.7312575105473405,0.9010728262563203,0.9476888747140069,0.9460501530640812,0.5052659015231683,0.9010728262563203,0.9553906988562064,0.9188871236697294,0.9418654668890594,0.8643222344048866,0.9379142777971528,0.9097196291136664,0.922094368012589,0.8718992107694503,0.989878150282884,0.9237321696604075,0.8982796549912175,0.9173148291382114,0.9928618019927207,0.9747821421515683,0.8018164814709101,0.9082470012068005,0.5542603062369917,0.8280750621923763,0.8955237705353789,0.41358880560443523,0.9173148291382112,0.9418654668890594,0.9439253608596803,0.8834941755373977,0.9996195398799781,0.9142266602978064,0.9142266602978064,0.8821881173643269,0.9460501530640812,0.9482479709168001,0.8790545036196351,0.9127085925971723,0.8419122260561438,0.9024846512059137,0.9112065483416407,0.8521862872722996,0.9253948970823003,0.9097196291136658,0.9398636845831867,0.8321251814261452,0.5649740197852496,0.9329723390798932,0.8821881173643271,0.6264611381931253,0.9482479709168004,0.903907368032151,0.8817930382709451,0.9188871236697291,0.9341536654578784,0.9127085925971721,0.8808870709207706,0.8763300120309891,0.7739018932368082,0.9288025889967637,0.8415145473268244,0.9379142777971528,0.8618150114025944,0.8144090103882342,0.94392536085968,0.9418654668890594,0.8957643484306197,0.914226660297806,0.9439253608596803,0.879590773289491,0.8655396347943325,0.8435974888234294,0.9360123464869743,0.9360123464869741,0.8013981440784044,0.9877421208411415,0.54858666390109,0.9958126081161451,0.8332042054706008,0.922094368012589,0.9482479709168001,0.8731720022848468,0.9204798499326441,0.9418654668890594,0.952904481298952,0.864322234404886,0.9505286850464207,0.8102470465199716,0.9482479709168001
p220_MTVASP,0.8818794678910782,0.9394396415413291,0.8882932693469461,0.9019701437287175,0.9475597985845114,0.9610996995613954,0.8373126200526002,0.7978631667149252,0.9006962362816695,0.9611058687776596,0.9379142777971528,0.9458598726114651,0.9458598726114651,0.9644994759182186,0.9325575638096626,0.9828055746328199,0.9425805352069323,0.9292677720165115,0.9568599156354454,0.9589316626844853,0.9866492543882339,0.9559302354841396,0.9852901633058908,0.9190874378408648,0.9877220281917201,0.9292677720165112,0.9425805352069325,0.9137333093884032,0.9589316626844853,0.9034870578247522,0.9225701399051962,0.9529545363721539,0.9409942357230059,0.9162050927129204,0.9475597985845114,0.9667798280829099,0.9493053971730234,0.9409942357230057,0.9610996995613954,0.9763068251524243,0.896130882831621,0.6192914922453252,0.9547434413197934,0.9915134859542967,0.9985778460732367,0.8425062304790465,0.9511016704226434,0.769350805310596,0.9278966962971924,0.8882932693469461,0.906121948145339,0.8447105394237191,0.9292677720165112,0.9394396415413291,0.6568988353658314,0.9265423524364669,0.9781067403340057,0.9475597985845112,0.840615070463713,0.9442013463068035,0.9030086235821646,0.9746652493326957,0.9292677720165117,0.9696724395861311,0.9548710823073732,0.8187487405659171,0.9529545363721539,0.9719332656480348,0.9540077509594633,0.9667798280829099,0.9187169710212717,0.9278966962971924,0.7333647111852167,0.9626910538963924,0.9475597985845112,0.8827817928509323,0.9364159486136476,0.9379142777971528,0.9287189694062175,0.9610996995613954,0.9521906738117114,0.9661859802146437,0.923879955825063,0.9231752901944041,0.9475597985845112,0.9149644520716047,0.9902428565647541,0.9089327674556831,0.7186690805400406,0.9458598726114653,0.9475597985845112,0.8882932693469461,0.9682884753552108,0.9103327042684297,0.890857289602112,0.9343080653650265,0.8860815694795918,0.8838795614232455,0.7930297354331226,0.9348870532500863,0.9265423524364669,0.9511016704226432,0.9475597985845114,0.9644201313012394,0.9615896302219168,0.9568599156354451,0.9041731885624824,0.7963224802288057,0.9877220281917203,0.7787298647570083,0.9042833811001101,0.9306566646589698,0.8113382209183878,0.9065205555971323,0.9511016704226434,0.8675756309664977,0.995589441680881,0.9568599156354451,0.9610996995613952,0.9340672020762658,0.845643838733945,0.8816859778305945,0.9349426948340502,0.8490048717580836,0.9784534179462063,0.9778449024201883,0.9493053971730234,0.8060628203277849,0.992131884600974,0.6720110611890682,0.9965227864620851,0.9808926695348984,0.9529545363721539,0.7864297230821702,0.9425805352069323,0.9576362476866849,0.9277463696241427,0.9529545363721539,0.9529545363721539,0.9442013463068037,0.9918958517827535,0.9589316626844853,0.931678937032141,0.8993926091805273,0.9181361257449085,0.947638609469398,0.8894031717904967,0.9825784749652078,0.6364121440057217,0.8652846490024411,0.9589316626844853,0.9030086235821644,0.9979041074996909,0.8773193685069611,0.9765837058865926,0.9763068251524243,0.9989195609871786,0.9524187417251317,0.912886430027493,0.8816859778305948,0.9221581834312782,0.9128870094924402,0.9320645602494204,0.845277818568596,0.9301255045824544,0.913733309388403,0.683439694307721,0.896130882831621,0.923879955825063,0.9836926141722804,0.8574600169443632,0.9458598726114651,0.9265423524364669,0.784430624569491,0.999003648905824,0.9624643710324674,0.9568599156354451,0.9749997343838411,0.9087945075432591,0.9849746635261072,0.9088944096710685,0.9538876829840168,0.9742178060512305,0.6820906706631695,0.8713860922411085,0.9090603183133987,0.9445210810238398,0.7656872475184058,0.7798113577609107,0.9885587804861202,0.995441286462974,0.938608053802739,0.9302719333857008,0.9476060911812572,0.9428298129397872,0.9475597985845112,0.7874802728547536,0.9442013463068037,0.6582228818139546,0.8302218952289881,0.8882932693469461,0.5580741850880477,0.9475597985845112,0.8643090749973128,0.8328700630085669,0.9611058687776595,0.9475597985845112,0.9138470334856057,0.9125111785873636,0.9168460830759904,0.8826297756089202,0.9018497344665104,0.9458598726114651,0.9475597985845112,0.696277838976946,0.9475597985845113,0.8604814212774308,0.83360257911207,0.8589669349625969,0.9475597985845112,0.9180351461270723,0.9475597985845112,0.8505984703644269,0.9430441133000049,0.913733309388403,0.8718884926994315,0.9511016704226432,0.7981856244137903,0.9442013463068035,0.9111150293377234,0.9364159486136479,0.9800894053211886,0.9778449024201883,0.9591402541866407,0.9529545363721539,0.9329016612088756,0.9036183986703886,0.8995478568587885,0.9973714923353904,0.9125111785873636,0.9540589546097202,0.8220529899137445,0.9155630897147409,0.9442013463068037,0.9475597985845112,0.8747757220117479,0.9475597985845112,0.8865275807555999,0.9540589546097205,0.7651984326628318,0.7929264958075513,0.8255629024133948,0.7874802728547536,0.9112976020672166,0.9349426948340502,0.9247045701871657,0.9379142777971528,0.9593417278528642,0.776875689407524,0.9312291735794236,0.8675560447816311,0.751129616829622,0.9458598726114653,0.9719050365344921,0.9370620841547874,0.9610996995613954,0.9138470334856059,0.9711093465704743,0.980662425002937,0.9932949479190378,0.9353049232069983,0.48335140169781765,0.7129414070033182,0.796322480228806,0.9280415955901629,0.9568599156354451,0.8924130851922901,0.9112976020672166,0.9320645602494204,0.8984043359066813,0.9568599156354451,0.855012486673405,0.9196337733730031,0.971905036534492,0.9680148528725812,0.9199893491338638,0.9511016704226434,0.9162050927129206,0.8113382209183879,0.9442013463068035,0.9511016704226434,0.91288700949244,0.8471194302015489,0.9568599156354454,0.8471194302015488,0.8501911138182776,0.8816859778305948,0.6926030826701934,0.9568599156354454,0.9475597985845114,0.9278966962971924,0.9442013463068037,0.9765837058865926,0.9004940364163532,0.8129420361099919,0.9511016704226434,0.9278966962971926,0.8343172089136089,0.8372167898585541,0.9352098991478845,0.8161543873347887,0.9928337245205829,0.8679821713502607,0.9452020541634227,0.9325806930704289,0.9589316626844853,0.9006962362816695,0.9589316626844853,0.9591402541866407,0.9212977173232094,0.9065205555971323,0.9511016704226432,0.9475597985845112,0.9529545363721537,0.9371605937136991,0.9292677720165115,0.9568599156354451,0.7522333930600869,0.9458598726114651,0.9475597985845112,0.9877220281917203,0.6613388029563303,0.9547434413197933,0.9077040005624184,0.8457706733508473,0.9320645602494204,0.7651984326628319,0.8571037141749204,0.851799668828326,0.9349426948340502,0.9409942357230059,0.8648995313078971,0.9808926695348984,0.9591402541866407,0.8335022262352958,0.9482607581795666,0.9875732183763779,0.9610996995613952,0.8036808729078324,0.9162050927129204,0.8185324835917436,0.9425805352069325,0.9921318846009739,0.9626788706813354,0.9155630897147411,0.8113382209183879,0.7819982434134453,0.8128743662973861,0.9475597985845112,0.8790792081159238,0.44823087905285486,0.9174557485535397,0.8303136803781795,0.8011809317019497,0.9836926141722804,0.9475597985845112,0.9475597985845112,0.39436149972956,0.7201855885076334,0.8850018707449112,0.9475597985845113,0.8811434002398044,0.9475597985845114,0.9909903972974268,0.8938740030413768,0.8054295822822949,0.9475597985845114,0.9212735133449714,0.9902428565647543,0.8268147748355976,0.8020222325849232,0.9475597985845112,0.9104952582326109,0.913733309388403,0.7925764380555541,0.9266274732033164,0.9212735133449714,0.9451453215839163,0.9511016704226434,0.8253743886793002,0.9475597985845112,0.8458072185970624,0.9784534179462063,0.8545503661181637,0.8814700551931214,0.4584623603894735,0.8827190623870713,0.9409942357230057,0.9475597985845112,0.963235209524276,0.8698323410054627,0.9475597985845112,0.5828041027260327,0.9256555019426969,0.8369591621743948,0.8372167898585539,0.8176697096447174,0.9475597985845112,0.8543303047475088,0.9116080119434857,0.971905036534492,0.8848204785436553,0.9394412720820942,0.9041731885624824,0.9770171254655826,0.9287546220071028,0.9511016704226434,0.666913295431707,0.8827817928509321,0.9852901633058908,0.9974712426570689,0.8091899439290444,0.8664736771305537,0.9334927596276981,0.9529545363721539,0.9292677720165115,0.9475597985845112,0.9667798280829099,0.9730506507011063,0.8904463681499792,0.9928618019927209,0.9721820378192461,0.9442013463068037,0.9848534220450093,0.853283855347809,0.995441286462974,0.9928618019927207,0.9475597985845114,0.9482607581795671,0.9736988845472498,0.9006962362816695,0.890419571801265,0.9884493826039737,0.6412559946262384,0.9394396415413293,0.9334927596276981,0.8744017771614352,0.9559302354841394,0.9589316626844853,0.9862585561563675,0.9977164699543988,0.9935349994593585,0.9306566646589698,0.9364159486136479,0.9371605937136991,0.9808926695348984,0.9162050927129204,0.9200152252821037,0.8729729119280698,0.9661859802146437,0.7729321117730833,0.7324005770294403,0.9225701399051964,0.9216975403748093,0.933670774848706,0.9018497344665104,0.9985778460732367,0.9196337733730031,0.9220520382689481,0.9019701437287175,0.9153112504466758,0.9334927596276981,0.8116870067162374,0.6774530528338718,0.9363315702348428,0.6609376016068363,0.9540589546097205,0.9383156769680847,0.9511016704226434,0.9576362476866849,0.9571427493004794,0.9574180966633072,0.6258489982640634,0.9568599156354454,0.8891415630511637,0.9233738460510836,0.9548710823073732,0.955724889671401,0.9425805352069323,0.9425805352069325,0.9765837058865926,0.9667798280829097,0.9225701399051964,0.84818938914953,0.9100921482984174,0.9458598726114651,0.9458598726114651,0.8441525854401168,0.9403431124874279,0.9985778460732366,0.8993926091805273,0.9475597985845112,0.9548710823073732,0.9475597985845112,0.9475597985845112,0.8227810174934069,0.9334927596276981,0.9162050927129202,0.9475597985845112,0.9420477149313523,0.9768033706372028,0.9540589546097203,0.9974712426570689,0.8773193685069607,0.8549145578460347,0.9097446761129819,0.9371605937136991,0.8753642057643777,0.9441180703023758,0.9849746635261071,0.9548710823073732,0.9574180966633072,0.9827961515893724,0.9417706387957601,0.9225701399051964,0.9409942357230057,0.9954412864629741,0.9420495036274289,0.9548710823073732,0.928754622007103,0.9511016704226434,0.8972654241994791,0.7406226036797139,0.980662425002937,0.9334927596276981,0.9618624706877466,0.9663573664294256,0.9415490144516765,0.6521280109467595,0.9522319435190597,0.9511016704226434,0.9364159486136479,0.9493053971730236,0.9112976020672166,0.7240337169496345,0.8637151821288629,0.9529545363721539,0.8523731211903476,0.9425805352069327,0.9364711380159496,0.8860815694795918,0.9458598726114651,0.8199517167651281,0.923879955825063,0.9610996995613952,0.8272354331469209,0.9002204358789427,0.7243247745921055,0.9075916123312491,0.9364159486136479,0.9014721877499052,0.8784088021185177,0.9475597985845112,0.9529545363721539,0.9557248896714008,0.47810431900100003,0.8873793646220562,0.7406226036797139,0.9954412864629739,0.923879955825063,0.8256727870749783,0.9852901633058908,0.786869256678393,0.9589316626844853,0.8418457128185746,0.8422956254205757,0.9193796717269036,0.9442013463068037,0.9409942357230059,0.9289964199720246,0.8797499413008527,0.9829392900173883,0.7882889127686583,0.9092428552134855,0.832256750977852,0.7089270833900361,0.997924584339639,0.8890958363645557,0.8567235831170403,0.9682551375725406,0.9589316626844853,0.9349426948340502,0.9848910203339207,0.9493117100236348,0.7619375114470162,0.9600059685838345,0.9458598726114651,0.872002169712576,0.8648995313078971,0.9547434413197933,0.9736988845472496,0.9808926695348984,0.9149644520716045,0.960291949762603,0.9693318146530956,0.7656872475184059,0.9225701399051964,0.8011606383775995,0.48437736958385136,0.9379142777971528,0.0,0.9765837058865925,0.9610996995613954,0.9475597985845112,0.5685729696024362,0.892155484456858,0.9116118727993867,0.9174557485535397,0.9475597985845113,0.9800516183837691,0.931678937032141,0.9030086235821646,0.9644994759182186,0.9006962362816693,0.8882932693469461,0.9236252931391372,0.9195080349677454,0.9252037445446055,0.7501278585922263,0.8458099300236452,0.8871861256568154,0.9548710823073732,0.8995478568587885,0.9742178060512305,0.9511016704226434,0.9125111785873636,0.9610996995613954,0.9252037445446055,0.9442013463068037,0.9547434413197933,0.9394396415413291,0.9781067403340057,0.9886251033694343,0.8660830247325574,0.9142868184584121,0.9568599156354454,0.6057345150931085,0.9902428565647541,0.9378682975729826,0.9281021453402318,0.9921318846009739,0.9765837058865926,0.9985778460732366,0.9921318846009739,0.9458598726114653,0.5256378081287159,0.9475597985845112,0.7043697524740825,0.7848594135373383,0.9475597985845112,0.9320645602494204,0.9220520382689481,0.9568599156354451,0.9511016704226434,0.38611398726941426,0.39265877789641745,0.9458598726114651,0.9270246136413258,0.8534622933489193,0.9334927596276981,0.8735902047325348,0.9475597985845112,0.9041731885624826,0.9808926695348984,0.9320645602494204,0.8833560244147496,0.9053437280773229,0.9568599156354454,0.9493053971730236,0.9877220281917203,0.9628454933455662,0.9594986384506098,0.9475597985845112,0.9125111785873636,0.9933592296586006,0.9225701399051962,0.8625298618399613,0.937914277797153,0.9568599156354454,0.9278966962971924,0.9511016704226434,0.9403431124874279,0.8135544871276539,0.9475597985845112,0.9475597985845114,0.9117531985549472,0.9611058687776595,0.9190734133508431,0.9425805352069325,0.9928618019927204,0.8469812896824731,0.9442013463068037,0.8117301156172361,0.7839274349536994,0.9475597985845112,0.9475597985845112,0.8008544203273787,0.9461421116766491,0.8995478568587885,0.8959733198619408,0.9836926141722804,0.9488877588882298,0.8347240030058896,0.7656459213576859,0.9306566646589698,0.862595176028353,0.9475597985845112,0.5470949583173123,0.9529545363721539,0.9610996995613954,0.8541959247310249,0.9568599156354451,0.9968116130112576,0.9475597985845112,0.9475597985845112,0.7953958706584723,0.9886251033694343,0.814232809024636,0.9364159486136479,0.8826297756089203,0.896130882831621,0.6989699092582705,0.896130882831621,0.9414119306921248,0.9052588678945519,0.9475597985845113,0.9125111785873636,0.8804335103263402,0.9848910203339206,0.8140593155196186,0.8787681755736588,0.8374621799469961,0.9476386094693983,0.9149644520716045,0.9493053971730234,0.9154533753716587,0.9475597985845112,0.8673649851821288,0.9574180966633072,0.9567860036593586,0.9006096463746005,0.8921554844568578,0.6113619573422552,0.9400706025742576,0.8490980979184486,0.9548710823073732,0.990117747758908,0.9500937170028239,0.6455281337542521,0.9589316626844853,0.8129498901600083,0.8739896442647094,0.9145952869986396,0.8356601904040851,0.9921318846009739,0.8718884926994315,0.9742178060512305,0.9628454933455661,0.6416640323780896,0.7864297230821703,0.9628454933455661,0.9610996995613952,0.9610996995613952,0.9371605937136991,0.9174557485535397,0.8927512325175626,0.9475597985845114,0.9589316626844853,0.9902428565647541,0.9021033275330335,0.8268147748355976,0.9984380827103148,0.9458598726114651,0.5013522041863686,0.8905160099774294,0.9493053971730234,0.9378682975729826,0.8727673249698822,0.9585258519723152,0.9600786007036017,0.9475597985845112,0.8882932693469461,0.9248100053233803,0.997512947366199,0.9611058687776596,0.8693202939651614,0.9320645602494202,0.8814453850912112,0.9475597985845112,0.8145236181207497,0.8272354331469209,0.9320645602494204,0.8129359457645994,0.8107169982083031,0.8310417106337615,0.9529545363721537,0.9584182627141558,0.9836926141722804,0.8959733198619406,0.85103298326874,0.9334927596276981,0.8964584879299349,0.9610996995613954,0.9629124330159164,0.9475597985845114,0.9315076677030099,0.9763068251524243,0.8192700281532355,0.9371605937136991,0.8600460479880276,0.8609949072773252,0.9921318846009739,0.9300499373603043,0.8567235831170406,0.9647580114966434,0.8199517167651281,0.815675484704854,0.9475597985845112,0.8343462291376362,0.8897634772723559,0.919989349133864,0.9475597985845112,0.9796798986207558,0.9984380827103148,0.9568599156354451,0.9334927596276981,0.9458598726114651,0.9296300847872865,0.8739896442647095,0.9301255045824546,0.9781067403340057,0.9053437280773229,0.9334927596276981,0.8068927917851014,0.9475597985845112,0.8868830823568326,0.9475597985845112,0.9568599156354451,0.9429971838022233,0.9816765170101118,0.9610996995613954,0.9701956444682693,0.9004940364163532,0.907045924994754,0.9199893491338638,0.9475597985845112,0.9731502467466953,0.8475020365729846,0.9647078057654588,0.9682551375725403,0.9125111785873639,0.9765837058865926,0.9225701399051962,0.8082233681483036,0.8343172089136093,0.9953073669805033,0.8156754847048537,0.8343172089136093,0.9644994759182186,0.9529545363721539,0.9155630897147411,0.8343172089136093,0.9610996995613954,0.9292677720165115,0.7874802728547536,0.8816859778305948,0.9458598726114651,0.943474927401666,0.9320645602494204,0.9233738460510834,0.9125111785873639,0.9852901633058908,0.9112976020672166,0.9763068251524243,0.8061071562382913,0.9021033275330338,0.9161207580932988,0.919989349133864,0.8984043359066813,0.9997405031129085,0.8895283817802934,0.9053437280773231,0.9278966962971924,0.7216766903616981,0.9808926695348984,0.9357274933038937,0.96157326624698,0.9252037445446053,0.9252037445446055,0.9343080653650264,0.9529545363721539,0.9548710823073732,0.9055165253619164,0.923879955825063,0.8933548640036584,0.9152209695615849,0.9225701399051962,0.9128481844311183,0.9877220281917203,0.9663573664294256,0.9475597985845112,0.9753728101585559,0.9951598794226075,0.9677758452177637,0.8972654241994793,0.9477890683298893,0.9548710823073729,0.912054261392198,0.9013472884958188,0.9292677720165112,0.9397362273534058,0.9701956444682691,0.9935567820366137,0.9095880044260952,0.7794874015684092,0.9379142777971528,0.8681826851484777,0.9458598726114651,0.9864310500681476,0.9021256040572458,0.9511016704226434,0.9493053971730234,0.8827817928509321,0.9252037445446053,0.8448813494499824,0.9315076677030099,0.9515033910166031,0.8690345152314178,0.9442013463068037,0.9442013463068035,0.8839676258120852,0.8644365206787079,0.8995478568587887,0.9511016704226434,0.9763563846251535,0.9320645602494204,0.9548710823073732,0.9247045701871657,0.980662425002937,0.9190874378408649,0.9589316626844853,0.9494402015988874,0.96677982808291,0.934887053250086,0.9548710823073732
p221_L,0.8471812314738492,0.9473756291574582,0.6585745878536227,0.9810522968844484,0.9544316996038,0.9381728330554157,0.8777622263784157,0.8483188975326428,0.9137092609592143,0.9643133649175286,0.36712679555941397,0.9529545363721539,0.9529545363721539,0.9810522968844484,0.9197987094973854,0.9356856974167589,0.9830316367629124,0.9385367079941813,0.9625131050152524,0.9643133649175286,0.8990962871160679,0.38243605452529905,0.9422080421889416,0.9692769377093196,0.39681053131259425,0.9385367079941811,0.9501049319099923,0.9250379219402802,0.9643133649175286,0.8606330169460781,0.9327167510955894,0.9608127721335266,0.9487265052554266,0.9271857963192043,0.9544316996038,0.9507165296704019,0.22153181872290717,0.9487265052554263,0.966197296577026,0.9923551296406039,0.9097421633544902,0.9397435965156076,0.9661972965770262,0.9681346172628937,0.9501049319099923,0.8966498984496056,0.19244580608505335,0.9107280314569577,0.4575465901506691,0.9029316112204655,0.9591194968553456,0.898744174756519,0.9385367079941811,0.9473756291574582,0.9487265052554263,0.9361684345174044,0.9361684345174044,0.9544316996038,0.7967459576737135,0.29404263065639336,0.9157186269856046,0.8809287459442814,0.9385367079941818,0.9097421633544902,0.9607848936032954,0.8745818404295127,0.9591194968553456,0.9393203828196914,0.8642683597030207,0.9625131050152524,0.9293685115305117,0.9373453016197317,0.9544316996038,0.8445183988316076,0.9544316996038,0.6760670186296511,0.9447481688519044,0.946050153064081,0.8061644146607893,0.9661972965770262,0.946050153064081,0.9434121517267975,0.9338549253147788,0.9385367079941815,0.9544316996038,0.9261077324693097,0.994086760546023,0.8561690587937518,0.651042649326655,0.9529545363721537,0.9544316996038,0.9826577568433585,0.8809287459442814,0.8698224617128842,0.9864847804128756,0.9528206548013267,0.979773624408762,0.7116364755344973,0.8384238384890397,0.8373957982954761,0.9361684345174044,0.9652137684610212,0.9544316996038,0.8726649773302662,0.6476689942713076,0.08301287652694123,0.5532275582208632,0.8494522957885742,0.943467974097185,0.8465237589272379,0.962299054571988,0.9397435965156076,0.8583786401591236,0.541690883372159,0.19244580608505335,0.8056017035197611,0.9473756291574582,0.9625131050152522,0.966197296577026,0.8726649773302662,0.9218739081138492,0.9356856974167589,0.943467974097185,0.9846299338167082,0.9944277784719999,0.7805867564015281,0.22153181872290717,0.9103339493566889,0.9765837058865925,0.9239759423528264,0.8858525408230951,0.957509435301382,0.9591194968553456,0.9661972965770262,0.9501049319099923,0.9612268306824157,0.9288357786952524,0.9608127721335266,0.16013546202225548,0.9515133476881703,0.8295864425972179,0.12705000336722982,0.8425003792101684,0.8849118467483819,0.9380230108510115,0.9197987094973854,0.9038960691476474,0.8583244595873938,0.9373453016197317,0.8737670973648668,0.9643133649175286,0.9157186269856044,0.7179329740628648,0.8933957590212613,0.9591194968553458,0.937345301619732,0.9464707947698459,0.9229213960709446,0.7500848507922816,0.8971901564492131,0.8583786401591237,0.957509435301382,0.9987774230311344,0.8225734700092833,0.5978954266207863,0.9250379219402802,0.9103339493566889,0.6306371608045285,0.9338549253147788,0.8612222667022571,0.9304741538905168,0.27196612847404966,0.9361684345174046,0.8914187460211078,0.7563749039071171,0.8905618443793009,0.9625131050152522,0.883971315382519,0.9282725629505151,0.8981423730059304,0.9208331242859089,0.9392032468761573,0.9903434298372482,0.9529545363721537,0.9082133906734636,0.7223065022143652,0.9071558877260779,0.9117176971980809,0.9473756291574582,0.9315900378678903,0.9515133476881703,0.9137092609592146,0.7757290823197933,0.8114042753167636,0.9157186269856044,0.9544316996038,0.9559485503920393,0.9515133476881705,0.9107280314569577,0.7555641089284795,0.9029316112204657,0.9529545363721537,0.9544316996038,0.6890295429509583,0.8114042753167636,0.944822971910948,0.9544316996038,0.8504989784061949,0.9239759423528264,0.9368506101299683,0.9061000436892029,0.9147116017278332,0.9529545363721539,0.9544316996038,0.9050457185079468,0.9544316996038,0.8211183544415497,0.888278639033526,0.9177976999343654,0.9544316996038,0.7413155487309184,0.9544316996038,0.7676021291943427,0.960900739115506,0.9250379219402802,0.6695884694199903,0.957509435301382,0.794733085207088,0.9515133476881701,0.41034420891855095,0.9447481688519046,0.9966922538063423,0.813682608787891,0.9271857963192043,0.9591194968553456,0.9515258611582155,0.9019695505324468,0.9127113681766139,0.9489746595216719,0.5566927370217335,0.9239759423528264,0.9501049319099923,0.9741812383843045,0.9515133476881705,0.9544316996038,0.9127113681766137,0.9544316996038,0.8921194894759121,0.9711878805915029,0.9591194968553456,0.9350052413014638,0.794733085207088,0.9559485503920393,0.9229213960709446,0.39681053131259414,0.9440100680280115,0.9460501530640812,0.8754988991654495,0.957509435301382,0.9210886546555856,0.8849118467483819,0.86025830850666,0.9529545363721537,0.9560086947472866,0.9111145228116422,0.966197296577026,0.8504989784061949,0.8241569180596201,0.9397435965156076,0.883971315382519,0.9976749810515522,0.9591194968553456,0.8641031766521008,0.8377335793276732,0.8258426771468561,0.08301287652694123,0.8788191408694401,0.9696485350828812,0.9409669977890662,0.9117176971980812,0.08301287652694123,0.9008409057897286,0.8332455615339118,0.9607848936032954,0.9502440628915494,0.9810522968844484,0.957509435301382,0.9271857963192043,0.8268966588916087,0.2940426306563939,0.957509435301382,0.9652137684610214,0.7737917914928159,0.9625131050152524,0.8363962371582656,0.869822461712884,0.6793588929077842,0.9267637001447553,0.9625131050152524,0.9544316996038,0.9373453016197315,0.9515133476881705,0.8807450411223988,0.8225734700092833,0.9087598936651085,0.957509435301382,0.937345301619732,0.9250379219402802,0.7850261562127574,0.9187703462526826,0.8962395095530544,0.95402045322002,0.7805867564015283,0.8524700617069341,0.9948414129025823,0.9643133649175286,0.9137092609592146,0.9643133649175286,0.5361410951751719,0.9239759423528264,0.9187703462526826,0.957509435301382,0.9544316996038,0.9591194968553454,0.9554518077232717,0.9385367079941818,0.08301287652694123,0.9560086947472866,0.9529545363721539,0.9544316996038,0.3968105313125939,0.9625131050152522,0.9381728330554157,0.5810339422632651,0.7741326728997917,0.9987774230311344,0.9591194968553456,0.8504989784061949,0.7659316577663344,0.943467974097185,0.9487265052554266,0.8903723822424179,0.9652137684610216,0.9271857963192043,0.7895060614998269,0.9473756291574582,0.965177559337326,0.9661972965770262,0.820837564201812,0.9759742607288062,0.8008422195759235,0.31439732349195837,0.9765837058865925,0.9293685115305117,0.9356856974167589,0.8268966588916085,0.8594783932788337,0.7804362199469097,0.9544316996038,0.9029410791653618,0.9261077324693099,0.9282725629505151,0.5432379360134465,0.9643133649175284,0.8612222667022569,0.9544316996038,0.9544316996038,0.9373453016197315,0.9137092609592146,0.9428163151462239,0.9544316996038,0.9448229719109481,0.9544316996038,0.9810522968844484,0.63908905515329,0.8737670973648666,0.9544316996038,0.9315900378678903,0.9447481688519044,0.7932961840987716,0.8253952393451089,0.9544316996038,0.6919182993082404,0.9727541677821403,0.8307423459823842,0.864268359703021,0.5048790297271082,0.8830308532373587,0.9575094353013818,0.8170571011959711,0.9544316996038,0.7751707543509229,0.9385367079941818,0.7457573645989335,0.8798746140368174,0.9559485503920393,0.7949546003349713,0.9487265052554266,0.9544316996038,0.9068053912485843,0.8875935086546548,0.9544316996038,0.9659497926039275,0.8159378637269961,0.777638389641752,0.7850261562127575,0.8225734700092833,0.9544316996038,0.8642683597030211,0.9050457185079468,0.9560086947472864,0.7604422708501075,0.8167498933030726,0.9167305843279032,0.9177477332861093,0.9068053912485843,0.19244580608505335,0.9087598936651085,0.8981423730059304,0.9989330715481036,0.867921623788791,0.9597659443503783,0.7197243312476425,0.9422080421889416,0.16013546202225548,0.9385367079941818,0.9544316996038,0.9507165296704019,0.9117176971980809,0.832198064937085,0.9460501530640812,0.42440125609162394,0.9515133476881703,0.8818837573472098,0.9559485503920393,0.9515133476881703,0.9460501530640812,0.9544316996038,0.9473756291574582,0.6978622046348362,0.95678955450748,0.9625131050152524,0.8956033810680566,0.9643133649175286,0.9473756291574582,0.9989330715481036,0.8336974907151966,0.9447481688519044,0.9643133649175286,0.8350509347173096,0.9250379219402802,0.9427946840319119,0.9397435965156076,0.9447481688519046,0.6598842363568053,0.957509435301382,0.9271857963192043,0.951525861158216,0.666622184649447,0.9409669977890662,0.9097421633544904,0.9915113877198729,0.9327167510955894,0.9222692303427624,0.7959698129526698,0.9147116017278332,0.916168205435817,0.8332455615339118,0.6226007238446927,0.9304741538905168,0.9409669977890662,0.9422080421889416,0.7819788560316003,0.9915113877198728,0.7604422708501077,0.9409669977890662,0.5566927370217337,0.7792473655810663,0.9652137684610212,0.8612222667022569,0.7757290823197932,0.9261077324693097,0.9097421633544904,0.9625131050152524,0.7578937685581041,0.9029316112204657,0.9607848936032954,0.9727541677821405,0.9501049319099923,0.9830316367629123,0.9591194968553456,0.9625131050152524,0.9327167510955894,0.7387643482726471,0.9218739081138492,0.20150437073279592,0.9529545363721539,0.8414864259682342,0.9167305843279034,0.9501049319099926,0.9572654625627895,0.9544316996038,0.12394457825310956,0.9544316996038,0.9544316996038,0.8373957982954761,0.9422080421889416,0.9759742607288062,0.9544316996038,0.8290303569962779,0.8544309354723387,0.9711878805915027,0.9018904991002987,0.6919182993082406,0.7967459576737135,0.95678955450748,0.9554518077232717,0.8563822015167812,0.9487265052554266,0.9368506101299682,0.9607848936032954,0.9261077324693099,0.8630614034554602,0.8707710541962024,0.4962382389721034,0.9487265052554266,0.9515133476881703,0.7884307121300929,0.9560086947472867,0.643166000709102,0.19244580608505335,0.9528206548013269,0.9447481688519044,0.9965665866960463,0.9422080421889416,0.8641031766521012,0.5048790297271084,0.9157186269856046,0.9422080421889416,0.9282725629505149,0.957509435301382,0.9447481688519046,0.9559485503920393,0.5630800747977556,0.8717185331373514,0.889325715929772,0.9591194968553456,0.8717185331373514,0.9501049319099926,0.8246016337990569,0.626406944961839,0.9529545363721539,0.7996350258936387,0.9338549253147788,0.9661972965770262,0.7967459576737135,0.8956033810680566,0.9127113681766137,0.7995678811777467,0.994086760546023,0.960900739115506,0.8943424304056795,0.9544316996038,0.16013546202225548,0.9250379219402804,0.9544316996038,0.8754988991654495,0.9447481688519042,0.9515133476881705,0.43458681350806405,0.7625429349628962,0.9422080421889416,0.856169058793752,0.9643133649175286,0.8104734860907531,0.991511387719873,0.8802089698693751,0.9515133476881703,0.9859983918197511,0.8724525586652849,0.9239759423528264,0.9409669977890662,0.8233538626834316,0.8924501786702492,0.7593982966903685,0.8773844821970236,0.9271857963192038,0.8485170805722069,0.7064804985396791,0.9327167510955894,0.9448229719109481,0.943467974097185,0.9559485503920393,0.7830122900340042,0.9554518077232719,0.9038960691476481,0.9529545363721537,0.7765395464272922,0.7794479864767841,0.9661972965770262,0.8915055770282614,0.957509435301382,0.9261077324693097,0.5500833737992555,0.9397435965156076,0.9117176971980809,0.44432505625098484,0.996557344576431,0.9502440628915493,0.946050153064081,0.9765837058865925,0.0,0.9661972965770262,0.9544316996038,0.9759742607288062,0.8792678792793369,0.826801547165725,0.9776317763878946,0.9544316996038,0.8952903079111569,0.9066633016488572,0.9157186269856044,0.9304741538905168,0.6124075100098638,0.9427946840319119,0.8933957590212609,0.8702358938088048,0.9883880331853729,0.9157186269856044,0.8660153996906965,0.9019695505324468,0.12394457825310956,0.5744033572634895,0.9361684345174044,0.957509435301382,0.981600181169821,0.966197296577026,0.9350052413014638,0.9515133476881705,0.966197296577026,0.9473756291574582,0.9361684345174044,0.9730533608234009,0.8914187460211078,0.6825877527464674,0.9625131050152524,0.9544316996038,0.9447481688519046,0.8233538626834314,0.8225734700092833,0.9765837058865925,0.9591194968553458,0.9830316367629122,0.9765837058865925,0.9529545363721537,0.9759742607288064,0.9544316996038,0.9501049319099923,0.960900739115506,0.9544316996038,0.9409669977890662,0.9415886943343517,0.9625131050152522,0.19244580608505335,0.9607848936032954,0.9559485503920393,0.9529545363721537,0.8078013427639641,0.8726649773302662,0.9422080421889416,0.8573544191143379,0.9544316996038,0.9167305843279032,0.9652137684610214,0.9409669977890662,0.846039188302693,0.5921041437919996,0.9625131050152522,0.9692769377093196,0.943467974097185,0.9239759423528264,0.943467974097185,0.24790396509541268,0.9239759423528264,0.9293685115305117,0.9846299338167082,0.750141382940757,0.9460501530640812,0.9625131050152524,0.9923551296406039,0.19244580608505335,0.9167305843279032,0.8914187460211078,0.9544316996038,0.9730533608234009,0.6888653584427256,0.9643133649175286,0.9200311537959003,0.31439732349195826,0.9460501530640812,0.8425003792101686,0.9515133476881703,0.8125463805509152,0.8379129021788128,0.9544316996038,0.9544316996038,0.9229213960709446,0.7301312695908215,0.9554518077232717,0.8572755626114623,0.8612222667022571,0.8660127357937744,0.7482956255273316,0.8517067209994396,0.9397435965156076,0.8638461791854182,0.9544316996038,0.9107280314569579,0.16013546202225548,0.966197296577026,0.8809287459442814,0.08301287652694123,0.8485170805722067,0.9544316996038,0.9544316996038,0.7971989552054204,0.9730533608234009,0.8355452102620708,0.38243605452529905,0.906100043689203,0.9097421633544902,0.9350052413014636,0.6306371608045277,0.8514858339733073,0.9335689453150366,0.9544316996038,0.9711878805915029,0.8363640334164013,0.1467573068242659,0.9625131050152524,0.9368506101299683,0.8594783932788338,0.9197987094973854,0.9743490353345137,0.9559485503920393,0.7111544401261727,0.9544316996038,0.8767037709308809,0.9743490353345139,0.9097421633544902,0.678191970858957,0.8792678792793369,0.9473756291574582,0.9147116017278332,0.7223065022143651,0.9607848936032954,0.8820903683689054,0.8764420057712254,0.9501049319099923,0.9643133649175286,0.9810522968844484,0.9944277784719997,0.832198064937085,0.9591194968553456,0.9529545363721537,0.7063997170207922,0.9903434298372484,0.9239759423528264,0.9293685115305117,0.9661972965770262,0.981600181169821,0.9661972965770262,0.9661972965770262,0.6171437968101474,0.9282725629505149,0.9068053912485843,0.9544316996038,0.9643133649175286,0.38243605452529905,0.9447481688519044,0.7608239662234484,0.9487265052554266,0.9529545363721539,0.9903434298372482,0.9048630781107279,0.9559485503920395,0.8233538626834318,0.9261077324693099,0.8414864259682342,0.8214805068326567,0.9544316996038,0.9427946840319119,0.9730533608234009,0.8114042753167636,0.9643133649175286,0.9397435965156078,0.940966997789066,0.7522076383746092,0.9544316996038,0.824744608932849,0.7967459576737135,0.9409669977890662,0.8258229735464782,0.8445183988316076,0.8321980649370848,0.16013546202225548,0.8404690714821106,0.7387594773771089,0.8258229735464784,0.7695919367481672,0.9989330715481036,0.7426373771155265,0.9661972965770262,0.9989330715481036,0.9730533608234009,0.634914244844039,0.9373453016197315,0.8554077319402786,0.9127113681766137,0.7593982966903685,0.9544316996038,0.9765837058865925,0.8583244595873938,0.9103339493566891,0.6022543090688917,0.7996350258936387,0.8091417233107605,0.9544316996038,0.8102561836643376,0.7016744316202437,0.9304741538905168,0.9544316996038,0.8563822015167812,0.9487265052554266,0.08301287652694123,0.9422080421889416,0.9529545363721537,0.8956033810680564,0.9385367079941817,0.5978954266207865,0.9903434298372484,0.9177477332861093,0.9422080421889416,0.7880245640829149,0.9544316996038,0.9350052413014636,0.9544316996038,0.9625131050152522,0.9155677991130318,0.8962395095530544,0.966197296577026,0.9338549253147788,0.8853172535850609,0.9147116017278332,0.5131662731762368,0.9544316996038,0.8495094192726707,0.8713849148811152,0.7624400993754301,0.9327167510955894,0.9239759423528264,0.9591194968553458,0.9327167510955894,0.9315900378678903,0.9727541677821405,0.9038960691476476,0.8091417233107607,0.9727541677821405,0.9304741538905168,0.9591194968553458,0.6408633519402386,0.9727541677821405,0.966197296577026,0.9385367079941815,0.9559485503920393,0.6793588929077843,0.9529545363721539,0.9315900378678903,0.9987774230311344,0.9029316112204655,0.556692737021734,0.9422080421889416,0.922921396070945,0.9373453016197315,0.9529545363721539,0.9447481688519046,0.8627587161412213,0.4625881301823058,0.9117176971980809,0.8504989784061951,0.9208331242859089,0.9177477332861095,0.9373453016197315,0.9559485503920393,0.19244580608505335,0.9117176971980809,0.9048630781107276,0.4777840479755341,0.9350052413014638,0.9107280314569577,0.1601354620222556,0.12394457825310956,0.9232797185420909,0.933854925314779,0.8802089698693754,0.9261077324693099,0.4962382389721034,0.9018904991002987,0.943467974097185,0.9315900378678903,0.2479039650954128,0.8861828268620737,0.8905618443793009,0.5692582912466633,0.9107280314569577,0.898744174756519,0.9607848936032954,0.9759742607288062,0.9254878069711863,0.9385367079941811,0.9501049319099923,0.487216668606161,0.951525861158216,0.9210886546555856,0.8157177922735026,0.36712679555941397,0.8935110043257077,0.9529545363721539,0.8952903079111569,0.9044360458484604,0.957509435301382,0.22153181872290717,0.8981423730059304,0.9350052413014638,0.9575094353013818,0.9087598936651082,0.8773844821970236,0.8756436752646828,0.9515133476881705,0.29404263065639447,0.8495094192726709,0.9409669977890662,0.9127113681766137,0.9652137684610215,0.8736104662007036,0.3653078993061143,0.12394457825310956,0.9038960691476479,0.9397435965156076,0.9692769377093196,0.9643133649175286,0.8971901564492131,0.9625131050152524,0.8692431301086105,0.12394457825310956
p221_T,0.9970688419235265,0.7386899117100751,0.9197374370356894,0.9970799457879603,0.962321115805955,0.5710835058661164,0.9877851806018296,0.9980823431213209,0.9286491105644257,0.9704919301607371,0.9553906988562064,0.9610996995613954,0.9610996995613954,0.8158540812532469,0.8495206012251394,0.9149900225490744,0.9587434581480645,0.9491780856091547,0.9690033562225546,0.5954115757594403,0.9630587443532561,0.9543141322095121,0.6962920717066448,0.9635753483468392,0.9751129258825254,0.9491780856091547,0.9587434581480645,0.9380163966266191,0.5954115757594401,0.8323106849540621,0.9443657603723179,0.9661972965770262,0.9576036838348734,0.9397924012017989,0.962321115805955,0.9273614004407342,0.9635753483468392,0.9576036838348734,0.9720496894409938,0.9481929520311925,0.9752737206364959,0.9501760208500687,0.9137336093857832,0.9906522225387779,0.8815382336298228,0.9530913497448407,0.9648659912110238,0.9261840328635951,0.9481929520311925,0.9197374370356892,0.9381728330554158,0.8701911701361014,0.9491780856091547,0.9564866901437921,0.9644342014392548,0.9472198404849022,0.9472198404849024,0.9623211158059548,0.9311104823849058,0.9599080294518356,0.9303105872741888,0.9134551722269831,0.9491780856091547,0.9752737206364959,0.9675743567407267,0.9386466808822663,0.9381728330554158,0.9750176878081551,0.9477961055696322,0.9690033562225546,0.7600799150447405,0.9481929520311925,0.962321115805955,0.8714375301735617,0.9623211158059548,0.9157773781681393,0.8995793727310533,0.9553906988562064,0.8689304945061072,0.9720496894409938,0.9700351664034114,0.772626046238125,0.9453068780840739,0.9491780856091547,0.9623211158059548,0.8306286611882318,0.9726326202607706,0.9301516024075414,0.9213345015882413,0.9610996995613952,0.9623211158059548,0.8422078287242858,0.8929884899833644,0.973984063200021,0.991834013047275,0.9261840328635953,0.752597568918966,0.9165661374366314,0.9044879070278156,0.8655480930335333,0.9233710276669694,0.5736515917591667,0.962321115805955,0.8169265430423132,0.9901199804948464,0.9690033562225546,0.8050768459782259,0.9243743344764215,0.9532555825271782,0.8730956945148611,0.828253809239631,0.9501760208500687,0.9696693743185965,0.7986640885565223,0.9648659912110238,0.950800336285615,0.6624840621735417,0.9690033562225546,0.9720496894409938,0.8947109826062527,0.8988436939017765,0.8551218848344521,0.9751129258825255,0.7456185272242692,0.9491780856091547,0.8931268248161248,0.9635753483468392,0.894917409653627,0.6181160048445478,0.9371382816751241,0.9056153321941813,0.9648659912110236,0.9661972965770262,0.9720496894409938,0.9587434581480645,0.7962394877621247,0.9102896363632478,0.9661972965770262,0.9661972965770262,0.9599080294518356,0.8926194277271782,0.9704919301607371,0.9080857823028667,0.9048375041252175,0.8044782210636211,0.9336842693103171,0.9205349146293753,0.8828532941996556,0.9481929520311925,0.8952501289971455,0.9704919301607371,0.9303105872741888,0.7793641339096475,0.9118525638325778,0.9661972965770262,0.9481929520311925,0.786644744610056,0.9920754410433736,0.9349923761154104,0.8551218848344522,0.955128849647362,0.9648659912110236,0.9511876099263499,0.9657002157235461,0.9237472579920245,0.7770312045318655,0.980265590090454,0.825106804502044,0.9453068780840739,0.9648771726248762,0.755445459741676,0.9610996995613954,0.9472198404849024,0.8828532941996557,0.9322652690737792,0.9095092958001549,0.5128204270938903,0.9470898955447686,0.9406910117203195,0.8068326932115029,0.9345395918631998,0.917356409162452,0.9880755935910335,0.9610996995613954,0.9368211999004499,0.8235946662810771,0.9359056217993147,0.927002353944838,0.956486690143792,0.9953786045233857,0.9581756603540754,0.9801025842096873,0.9409113828628137,0.9557822778688272,0.9826171532883465,0.9623211158059548,0.9635753483468392,0.9599080294518358,0.9764578705634923,0.8489004959516886,0.9197374370356894,0.9610996995613954,0.9623211158059548,0.9451910326286188,0.8812984813018137,0.9704919301607371,0.9623211158059548,0.8763826688608702,0.9371382816751244,0.9157773781681393,0.893928399959305,0.9294779121965993,0.9610996995613954,0.9623211158059548,0.9750176878081551,0.9623211158059548,0.8981372237870209,0.9982208564121748,0.9560373517862556,0.9623211158059548,0.938659923338481,0.9623211158059548,0.9107736525866998,0.9311473405254242,0.7770312045318652,0.9079504174811017,0.9648659912110238,0.9045839811415213,0.9599080294518356,0.9522137875062904,0.9543141322095121,0.9303105872741888,0.9204926641940823,0.6523099192209136,0.9661972965770262,0.9752737206364959,0.9189419416378726,0.9278239868212363,0.9237472579920245,0.9371382816751241,0.9371382816751241,0.9587434581480645,0.7631666477878625,0.9599080294518358,0.9623211158059548,0.9278239868212361,0.9623211158059548,0.8399639099067062,0.8373091029803346,0.9661972965770262,0.9899835764925833,0.9045839811415213,0.9635753483468392,0.93626631307224,0.9532555825271782,0.8399118680875937,0.9553906988562064,0.9386599233384809,0.9648659912110238,0.8359132272776386,0.9048375041252172,0.9241680908937377,0.9610996995613952,0.9675743567407267,0.818325241275178,0.9720496894409938,0.9152405383832365,0.9540984079056032,0.9501760208500687,0.9040598105946913,0.8302115001295782,0.9381728330554158,0.967877403126087,0.9243743344764215,0.835323176864249,0.9690033562225546,0.8730956945148614,0.7846880470720905,0.9511876099263499,0.9776569049810195,0.9690033562225546,0.930456413254503,0.9378037505277521,0.9675743567407267,0.8277077380726952,0.9425114327004684,0.9648659912110236,0.9397924012017989,0.8944675982845547,0.9599080294518356,0.9648659912110238,0.9428375253830147,0.9251146681022449,0.5128204270938904,0.9253405665393422,0.8923606027185702,0.9149900225490744,0.7978215714492852,0.9273614004407342,0.962321115805955,0.9481929520311925,0.6305104195777212,0.9661972965770262,0.8907614131129444,0.9741037694931158,0.9648659912110236,0.9481929520311925,0.9380163966266188,0.8339037580781801,0.932833950574053,0.9599342186802842,0.8447400695691346,0.8931268248161247,0.8780124908814333,0.7906495632140387,0.9704919301607371,0.9286491105644257,0.4868874522394835,0.9397924012017989,0.9371382816751241,0.9328339505740533,0.9648659912110236,0.9623211158059548,0.966197296577026,0.7658906239201642,0.9491780856091547,0.9690033562225546,0.9330470514183522,0.9610996995613952,0.9623211158059548,0.953255582527178,0.9690033562225546,0.9720496894409938,0.9579181659574109,0.7867519950297781,0.6345328743203631,0.9381728330554158,0.9152405383832367,0.8730956945148611,0.616955467931043,0.9576036838348734,0.88133635937931,0.9648659912110238,0.9397924012017989,0.860380696433722,0.9564866901437918,0.9336842693103171,0.9720496894409938,0.9376579603619097,0.7688521133858539,0.8724792971491389,0.9587434581480645,0.9610996995613954,0.581086192760314,0.9149900225490744,0.8568667102675338,0.8577507109035438,0.9062284136028745,0.9623211158059548,0.9322652690737794,0.9965185747417931,0.9406910117203195,0.7730110731649067,0.9704919301607371,0.8852493927538769,0.9623211158059548,0.9623211158059548,0.9481929520311925,0.9286491105644257,0.815208252673253,0.9623211158059548,0.4868874522394837,0.962321115805955,0.7554454597416758,0.9237472579920245,0.9697339255641592,0.9510697823313444,0.9434341193662403,0.9726326202607706,0.9143480251080165,0.8953882126548842,0.9623211158059548,0.9118525638325778,0.6630502449952584,0.9086318030400213,0.9106359140503812,0.9953786045233856,0.8395804738396504,0.9648659912110238,0.8487307132759605,0.9623211158059548,0.8888189842675746,0.9173135519831488,0.8954927753294004,0.912561887016883,0.9635753483468394,0.9908777073428441,0.6525857425357662,0.9623211158059548,0.971803912061864,0.892619427727178,0.9623211158059548,0.9341913284130117,0.9656152610259836,0.9619064228844956,0.9096830221389965,0.8532920118076435,0.9623211158059548,0.9035631283533638,0.8612368600037132,0.9675743567407264,0.930456413254503,0.900868817708962,0.9311473405254242,0.9319883865480127,0.9229405345355657,0.9648659912110238,0.9741037694931156,0.9157773781681393,0.9522137875062904,0.9313600044484991,0.7885622472224317,0.9470898955447689,0.9522137875062904,0.9661972965770262,0.9840677331869969,0.9623211158059548,0.9690033562225546,0.8197248908742534,0.8612502633673058,0.9700351664034114,0.9899835764925833,0.9599080294518358,0.8503422854230382,0.9635753483468394,0.9599080294518358,0.9700351664034114,0.962321115805955,0.8148957612466078,0.9102896363632478,0.8140835212092662,0.9690033562225546,0.9259593348757931,0.9704919301607371,0.9564866901437921,0.6259932435492326,0.9272687068821162,0.9726326202607706,0.9704919301607371,0.811807307774824,0.9380163966266191,0.9197374370356894,0.9140895174328345,0.9543141322095121,0.9278239868212363,0.48135510835320494,0.9397924012017989,0.9253688519211309,0.9087295850935584,0.9797658041147691,0.9253688519211309,0.9553906988562064,0.9443657603723179,0.8039807896790847,0.8684477557283841,0.9294779121965993,0.961397387740879,0.899960076676072,0.7025012002617516,0.9425114327004687,0.9511876099263501,0.9522137875062904,0.9073866276607501,0.9700351664034114,0.9886334735196289,0.9511876099263499,0.9935264355112594,0.8920577187212426,0.48135510835320516,0.8852493927538769,0.9062891462589933,0.9389009867184677,0.9748214106481391,0.9690033562225548,0.8753236120931848,0.9197374370356894,0.9675743567407267,0.9380163966266191,0.8815382336298226,0.6419607712966533,0.9661972965770262,0.9690033562225546,0.6836153847435863,0.8991272068015781,0.9354001807590553,0.9610996995613954,0.9610996995613954,0.9837029979941456,0.9311473405254242,0.9587434581480645,0.792705015844781,0.9623211158059548,0.9675743567407267,0.9623211158059548,0.9623211158059548,0.8655480930335331,0.9522137875062906,0.7688521133858538,0.9623211158059548,0.8586309929616845,0.8796338709830265,0.9935264355112595,0.7440708737294041,0.9118525638325778,0.9686762654666128,0.7626300475640044,0.9278239868212361,0.8812473067855706,0.964434201439255,0.9917593122917416,0.9675743567407267,0.9389009867184679,0.9839476580038088,0.8931449617140896,0.9443657603723177,0.886472086713383,0.9599080294518358,0.936630786293752,0.5355326840546673,0.9229405345355657,0.9648659912110238,0.8224467786369194,0.9543141322095121,0.981956748291383,0.9522137875062904,0.9919996551181952,0.9434341193662403,0.930310587274189,0.9522137875062904,0.9406910117203195,0.9648659912110238,0.9726326202607708,0.9635753483468394,0.93626631307224,0.9349923761154102,0.8433272776210028,0.9661972965770262,0.9349923761154104,0.9587434581480647,0.9035631283533637,0.8466701762570733,0.9547434413197932,0.9086318030400213,0.9453068780840739,0.9720496894409938,0.8810606022065586,0.9259593348757931,0.9278239868212361,0.9208080491296563,0.9543141322095121,0.983902503224694,0.9578899577083524,0.9623211158059548,0.9661972965770262,0.995006876394922,0.962321115805955,0.8117060761496815,0.9543141322095121,0.9599080294518358,0.9453068780840739,0.9316997575412951,0.8368897280214713,0.8550872530468148,0.9704919301607371,0.8547624211186657,0.9700351664034114,0.9009488545209479,0.9599080294518358,0.5746236278098944,0.9062891462589933,0.9371382816751241,0.9107192181558881,0.9859646442922712,0.9993232168604812,0.9519158313359335,0.9405097243761413,0.9436654046332619,0.9134551722269832,0.8949174096536272,0.9443657603723179,0.48688745223948426,0.9532555825271782,0.9635753483468394,0.9589610879075023,0.9788715516976696,0.9205349146293753,0.9610996995613954,0.8899039344946591,0.9214866072600052,0.9720496894409938,0.9102896363632476,0.9648659912110238,0.9389009867184677,0.7200407247635616,0.9501760208500687,0.9716885439827987,0.7456185272242695,0.9532555825271782,0.9245566463845685,0.9553906988562064,0.9610996995613954,0.9661972965770262,0.0,0.9623211158059548,0.9980634982842684,0.9423718464384099,0.9320684863015756,0.7645450975803667,0.9623211158059548,0.9134191021410438,0.8620129124748324,0.9303105872741888,0.9425114327004687,0.9286491105644257,0.7469859350282754,0.9568784918748876,0.8983997469640517,0.6711916360161432,0.9303105872741888,0.8892126720780515,0.9189419416378726,0.9675743567407267,0.7658906239201642,0.9472198404849022,0.9648659912110236,0.7809209491441991,0.9720496894409938,0.9462580354121288,0.9599080294518358,0.9720496894409938,0.9564866901437921,0.9472198404849024,0.6046333748805424,0.9619064228844958,0.91420396482916,0.9690033562225546,0.962321115805955,0.9543141322095121,0.8282072461373997,0.8532920118076435,0.9610996995613954,0.9661972965770262,0.9587434581480645,0.9610996995613954,0.9610996995613952,0.9397924012017989,0.9623211158059548,0.9587434581480645,0.9311473405254242,0.9623211158059548,0.9511876099263499,0.7025012002617517,0.9690033562225546,0.9648659912110238,0.9675743567407267,0.9635753483468392,0.9610996995613954,0.8899039344946593,0.8947109826062527,0.9522137875062906,0.8820512005878685,0.9623211158059548,0.9311473405254242,0.5736515917591668,0.9511876099263499,0.8841704956632959,0.9319883865480125,0.9690033562225546,0.5005775539999994,0.9532555825271782,0.9935264355112594,0.9532555825271782,0.9623211158059548,0.9371382816751241,0.7004153409499316,0.9936310971469993,0.9197013194028303,0.9553906988562064,0.9273614004407345,0.7232987552930363,0.9428375253830147,0.963342334076036,0.8828532941996559,0.9623211158059548,0.6046333748805421,0.9126353343364846,0.9704919301607371,0.8853148682227654,0.9587434581480645,0.8954610316630295,0.9080857823028667,0.9599080294518358,0.882259255560086,0.877418772777453,0.9623211158059548,0.9623211158059548,0.93626631307224,0.8929884899833642,0.7658906239201642,0.8059290360431446,0.8852493927538769,0.9096830221389967,0.9220202535048391,0.8888928429685599,0.9501760208500687,0.9368488853021564,0.9623211158059548,0.9732682917366107,0.9661972965770262,0.9720496894409938,0.8929884899833642,0.9690033562225546,0.8747439046690528,0.9623211158059548,0.9623211158059548,0.906614785730776,0.962321115805955,0.938682363631045,0.9543141322095121,0.8939283999593051,0.8251068045020441,0.9899835764925832,0.9752737206364959,0.8771986663044034,0.8687371263234999,0.9623211158059548,0.7809209491441991,0.8646949616010216,0.9471168020443,0.9690033562225546,0.9157773781681393,0.9706632161575653,0.9336842693103171,0.7730110731649064,0.9635753483468394,0.9805219509574512,0.9623211158059548,0.871437530173562,0.7730110731649066,0.9752737206364959,0.7906495632140388,0.9423718464384099,0.9564866901437921,0.9294779121965993,0.8642846770552677,0.9675743567407267,0.9451910326286188,0.8978340794956949,0.961397387740879,0.9209839463193069,0.9425114327004687,0.9491780856091547,0.8612502633673058,0.9661972965770262,0.9610996995613954,0.9079504174811017,0.9472198404849024,0.9935264355112594,0.9390736373291679,0.9720496894409938,0.7245327953080638,0.9720496894409938,0.9720496894409938,0.9788715516976696,0.9406910117203195,0.971803912061864,0.962321115805955,0.9209839463193069,0.9543141322095121,0.9726326202607706,0.8917340290011037,0.9576036838348736,0.9610996995613954,0.9472198404849024,0.9695535385776712,0.9635753483468394,0.9116334004641394,0.9965185747417931,0.9071879956687867,0.9272687068821162,0.9623211158059548,0.794596881876281,0.962321115805955,0.9185403795853204,0.9704919301607371,0.9501760208500687,0.9511876099263499,0.9840459491448121,0.9623211158059548,0.8550872530468148,0.9186263852882659,0.9797658041147691,0.8559789162214917,0.8714375301735617,0.8612502633673058,0.9661972965770262,0.8680892785394452,0.9953089374396239,0.8559789162214917,0.8094833764446481,0.9774873843362968,0.9182463401305564,0.9720496894409938,0.6962920717066448,0.962321115805955,0.9741037694931158,0.8547020723633447,0.8804415508981578,0.9700808834258972,0.9519158313359334,0.9623211158059548,0.9610996995613954,0.9223798585420757,0.8533117429016543,0.9229405345355657,0.9457852099119537,0.8909834669250039,0.9623211158059548,0.8431072649169118,0.8986133813304027,0.9425114327004687,0.9623211158059548,0.8812473067855706,0.9576036838348734,0.9690033562225546,0.9522137875062904,0.9610996995613954,0.9143829442374807,0.9491780856091548,0.9286524051387366,0.7292573298947767,0.9852078760340832,0.9522137875062904,0.9119538708281423,0.9623211158059548,0.9899835764925832,0.9623211158059548,0.9690033562225546,0.8516122444825635,0.91420396482916,0.9720496894409938,0.9289749041786237,0.9218915803605511,0.9294779121965993,0.9970799457879603,0.9623211158059548,0.9919152034643681,0.9435331078267024,0.8892126720780518,0.9316279546663166,0.9371382816751244,0.9661972965770262,0.9443657603723177,0.9434341193662403,0.9380163966266188,0.9205349146293753,0.8536675698745142,0.9380163966266188,0.9425114327004687,0.9661972965770262,0.9149900225490744,0.9380163966266188,0.9720496894409938,0.9491780856091547,0.9471168020443,0.9930547404043361,0.7022728639633591,0.9434341193662403,0.703579460279244,0.9197374370356894,0.9371382816751244,0.9774873843362968,0.9362663130722397,0.9481929520311925,0.9610996995613954,0.9543141322095121,0.9736502784936192,0.8158540812532471,0.927002353944838,0.9540984079056034,0.9892552360381515,0.8551336555077049,0.9481929520311925,0.9635753483468392,0.9648659912110238,0.9776569049810195,0.9695535385776712,0.946258035412129,0.946258035412129,0.9261840328635951,0.9661972965770262,0.9675743567407267,0.9499711419330785,0.9453068780840739,0.9856670177084574,0.8306286611882316,0.9936310971469994,0.9874977150959767,0.9532555825271782,0.9434341193662401,0.9623211158059548,0.9257119151632622,0.9538832559337087,0.9354001807590553,0.9261840328635953,0.9286537611141308,0.9330470514183521,0.7688521133858539,0.9601516958792649,0.9491780856091547,0.9587434581480645,0.740397577572669,0.9253688519211309,0.9480457155580746,0.9547878999975616,0.9553906988562064,0.9964003840614115,0.9610996995613954,0.9046235823585469,0.9791112505823618,0.9648659912110236,0.9635753483468392,0.9157773781681393,0.9462580354121286,0.9648659912110238,0.9245566463845685,0.9405097243761413,0.9758832862238255,0.7124267297718095,0.9599080294518358,0.9919152034643681,0.9511876099263499,0.9278239868212363,0.665948075165129,0.8954927753294004,0.7726260462381249,0.9675743567407267,0.9684455580859814,0.9819567482913829,0.6791932532177203,0.9209839463193069,0.9149900225490744,0.9690033562225546,0.9035853419274651,0.9675743567407267
p222_M,0.7524297972473161,0.9413411539914585,0.8918007079504506,0.9225015741707872,0.9492063492063487,0.9623211158059548,0.7050163519970581,0.7509151724713103,0.9038142386822647,0.960221152322577,0.9398636845831869,0.9475597985845114,0.9475597985845114,0.9225015741707872,0.9106019687464653,0.5567710364845595,0.944383427890573,0.9314886672615048,0.9582144552981327,0.960221152322577,0.8875255844205965,0.938412400887346,0.935580996038617,0.9508971383859763,0.9369854052620163,0.9314886672615046,0.944383427890573,0.916441965519317,0.960221152322577,0.7739436107925906,0.9250013316406693,0.9544316996038,0.9428469360414609,0.9188361382271659,0.9492063492063489,0.9582144552981327,0.9508971383859763,0.9428469360414602,0.9623211158059548,0.930160641445072,0.8993922310882436,0.932833950574053,0.9623211158059548,0.912915131908919,0.9443834278905732,0.8474513194974065,0.9526370111116405,0.9004911494084333,0.930160641445072,0.8918007079504506,0.9544316996038,0.8495864161552136,0.9314886672615046,0.13408370177867746,0.9428469360414604,0.9288488221297497,0.9288488221297497,0.0,0.7383793872014479,0.9459533477380775,0.9060540201833016,0.831146423199498,0.931488667261505,0.8993922310882436,0.9562880686171875,0.8244397822834253,0.9544316996038,0.6473831763250288,0.7698078233874499,0.9582144552981327,0.92126914699118,0.9301606414450723,0.9492063492063487,0.8266892096935958,0.0,0.8864622842804517,0.938412400887346,0.9398636845831867,0.8233095582802461,0.9623211158059548,0.9398636845831869,0.9341976401680094,0.31108550994831163,0.9314886672615048,0.0,0.9176344520056336,0.938412400887346,0.8046479448175341,0.8939536575643376,0.03139863267861631,0.0,0.8918007079504506,0.831146423199498,0.8548949080074899,0.31108550994831163,0.48955645159511163,0.8896584524348263,0.8875255844205965,0.8198957816506434,0.8187498553347687,0.9288488221297497,0.9526370111116405,0.9492063492063489,0.8580633769736241,0.6072669396673074,0.9582144552981327,0.907182019415572,0.7973204052495684,0.9369854052620166,0.8289245259008584,0.8759110188590657,0.9328339505740528,0.8070467719220202,0.9094556823349389,0.9526370111116405,0.7833099084134079,0.9413411539914585,0.9582144552981327,0.9623211158059548,0.8580633769736241,0.9129151319089193,0.885400876353422,0.9369854052620166,0.9250013316406696,0.931488667261505,0.7554264789789613,0.9508971383859763,0.6339927913026551,0.9475597985845114,0.9152582079543838,0.8727631680356085,0.9526370111116405,0.9544316996038,0.9623211158059548,0.944383427890573,0.8453085223330421,0.879064442044788,0.9544316996038003,0.9544316996038,0.06018876900101988,0.8046479448175343,0.960221152322577,0.8244397822834253,0.8717146038820363,0.8875255844205967,0.9106019687464659,0.892875760974867,0.8420784215528956,0.9301606414450723,0.7583810530554915,0.9602211523225768,0.9060540201833014,0.8559522762859688,0.8811713725919912,0.9544316996038,0.9301606414450725,0.8950345750758599,0.9140827360776209,0.8938851835250172,0.5567710364845593,0.7367566674079002,0.9526370111116407,0.9341976401680094,0.7431708752992887,0.8972062142375332,0.9164419655193166,0.8612222667022558,0.8993922310882436,0.9262700211315917,0.8453085223330423,0.9225015741707872,0.9475597985845114,0.9288488221297495,0.6783615558233287,0.8538362113124116,0.8780124908814328,0.9582144552981327,0.6072669396673073,0.9200475251844384,0.5526275082095409,0.9117550006367756,0.8885909234541711,0.9288488221297497,0.9475597985845114,0.6394614409405057,0.8538362113124116,0.8580633769736241,0.9015943008452869,0.13408370177867734,0.9237454173815312,0.9459533477380775,0.903814238682265,0.8221755430097122,0.7897778653703145,0.9060540201833014,0.0,0.9508971383859763,0.9459533477380777,0.4895564515951115,0.8355526955775656,0.8918007079504506,0.9475597985845114,0.0,0.8685695845092951,0.7897778653703145,0.960221152322577,0.0,0.6951973979147161,0.9152582079543841,0.8864622842804517,0.6447787703816181,0.9049315186013059,0.9475597985845114,0.0,0.6473831763250286,0.0,0.8117838598171898,0.8388272306091986,0.8355526955775657,0.0,0.6339927913026551,0.0,0.7050163519970583,0.9071820194155717,0.9164419655193166,0.8759110188590655,0.9526370111116407,0.7711949776746383,0.06018876900101888,0.935580996038617,0.9384124008873462,0.9060540201833014,0.7554264789789611,0.9188361382271666,0.9544316996038,0.4951319232791844,0.8907283270583697,0.9027019168030599,0.897206214237533,0.9152582079543838,0.9152582079543838,0.944383427890573,0.885400876353422,0.9459533477380777,0.0,0.9027019168030597,0.0,0.7334713952978886,0.9152582079543841,0.9544316996038,0.9275522446953854,0.7711949776746383,0.9508971383859763,0.9140827360776205,0.9369854052620161,0.892875760974867,0.9398636845831869,0.8612222667022562,0.9526370111116405,0.8717146038820363,0.8717146038820349,0.8442340263447974,0.03139863267861631,0.9562880686171873,0.8289245259008584,0.9623211158059548,0.8333555867103808,0.8333555867103808,0.24376003609304187,0.8706662210952574,0.8748612665230131,0.9544316996038003,0.848519788337875,0.7973204052495684,0.7780046509581313,0.9582144552981327,0.8289245259008584,0.9140827360776214,0.9341976401680094,0.9015943008452874,0.9582144552981327,0.8517144868263773,0.8141237078825918,0.9562880686171873,0.8982973238138026,0.9225015741707867,0.9526370111116407,0.9188361382271666,0.8070467719220202,0.9459533477380775,0.9526370111116405,0.9526370111116407,0.7985559379258667,0.9582144552981327,0.7985559379258667,0.6499526646778642,0.885400876353422,0.8442340263447972,0.9582144552981327,0.9492063492063487,0.930160641445072,0.9459533477380777,0.9544316996038003,0.8022278398026612,0.8982973238138026,0.9526370111116405,0.9301606414450723,0.9164419655193172,0.7250134267509765,0.9094556823349389,0.8843412180810755,0.6848496741376313,0.7923174570100686,0.6911250629978627,0.8727631680356077,0.9602211523225768,0.903814238682265,0.9602211523225768,0.9188361382271668,0.9152582079543841,0.9094556823349389,0.9526370111116405,0.0,0.9544316996038,0.9027019168030597,0.931488667261505,0.9582144552981327,0.9562880686171873,0.9475597985845114,0.0,0.9369854052620163,0.9582144552981327,0.9623211158059548,0.9106019687464655,0.823309558280246,0.9341976401680094,0.9544316996038003,0.8333555867103808,0.8289245259008584,0.9369854052620166,0.9428469360414611,0.8409971458279799,0.9526370111116405,0.9188361382271659,0.8117838598171898,0.9413411539914587,0.9106019687464657,0.9623211158059548,0.7655931084723666,0.9188361382271666,0.7780046509581313,0.944383427890573,0.03139863267861631,0.92126914699118,0.885400876353422,0.8070467719220202,0.8082384637825222,0.8187498553347687,0.0,0.8538362113124116,0.9176344520056336,0.9200475251844387,0.9176344520056336,0.9602211523225768,0.8453085223330421,0.0,0.0,0.930160641445072,0.903814238682265,0.8591172857456586,0.0,0.9602211523225768,0.9492063492063489,0.922501574170787,0.8972062142375332,0.7897778653703145,0.9492063492063489,0.9237454173815309,0.938412400887346,0.8322525541058978,0.9634411459729271,0.0,0.8811713725919912,0.9164419655193168,0.7766590274917047,0.9952327064015152,0.9237454173815312,0.8704033497109469,0.9526370111116405,0.7960789049353036,0.0,0.7973204052495684,0.9314886672615053,0.8591172857456586,0.8300371089395653,0.9508971383859763,0.831146423199498,0.9428469360414606,0.0,0.8961186971729789,0.7399891659895361,0.0,0.9237454173815309,0.7948313236856197,0.8420784215528956,0.8152867967569688,0.8022278398026612,0.0,0.7698078233874488,0.8559522762859684,0.9562880686171873,0.6574604645689301,0.7250134267509767,0.907182019415572,0.908315805590151,0.8961186971729789,0.9526370111116405,0.8982973238138026,0.8864622842804517,0.935580996038617,0.8527760996057683,0.8738120195914167,0.8706662210952574,0.21151139151266862,0.9544316996038,0.9314886672615055,0.0,0.9582144552981327,0.9015943008452869,0.8129560940834346,0.9398636845831869,0.9275522446953854,0.06018876900102055,0.7478523304650295,0.9508971383859763,0.06018876900102055,0.9398636845831869,0.9492063492063489,0.9413411539914582,0.879064442044788,0.903814238682265,0.9582144552981327,0.8463809254714867,0.9602211523225768,0.9413411539914582,0.935580996038617,0.801009545737682,0.938412400887346,0.9602211523225768,0.7997856146881548,0.9164419655193166,0.5305546844946969,0.24376003609304187,0.938412400887346,0.9027019168030597,0.9526370111116405,0.9188361382271666,0.8993922310882436,0.8769613888066743,0.9341976401680094,0.8993922310882436,0.9398636845831869,0.9250013316406693,0.6827113291147924,0.7725735218970409,0.9049315186013058,0.9443834278905732,0.8141237078825918,0.8907283270583697,0.9225015741707872,0.9341976401680094,0.21151139151266984,0.8175997772209664,0.9398636845831869,0.8517144868263774,0.9341976401680094,0.9152582079543841,0.7539334992316542,0.9526370111116405,0.8453085223330421,0.7143607147557585,0.9176344520056336,0.8993922310882432,0.9582144552981327,0.7301312695908229,0.8918007079504506,0.9562880686171875,0.9164419655193166,0.944383427890573,0.944383427890573,0.9544316996038003,0.9582144552981327,0.9250013316406696,0.8255663034700989,0.9129151319089186,0.9475597985845114,0.9475597985845114,0.7125274559321444,0.9071820194155717,0.08671734220308636,0.8717146038820361,0.0,0.9562880686171873,0.0,0.0,0.8187498553347687,0.2115113915126693,0.9188361382271664,0.0,0.7334713952978882,0.8377384241745145,0.4006068367505189,0.8527760996057685,0.8811713725919912,0.8058499662916012,0.903814238682265,0.47795836130872293,0.8399134433261015,0.9428469360414604,0.8864622842804515,0.4408515443948542,0.9176344520056336,0.7711949776746385,0.6473831763250284,0.9250013316406696,0.9428469360414602,0.9459533477380775,0.7846176027958278,0.9562880686171873,0.8961186971729789,0.9526370111116405,0.9004911494084331,0.938412400887346,0.9328339505740528,0.935580996038617,0.848519788337875,0.9237454173815312,0.9060540201833016,0.9355809960386168,0.7223272158432528,0.9526370111116405,0.17526171623055564,0.9508971383859763,0.9140827360776205,0.8570084033315839,0.8399134433261015,0.4654487838138114,0.8570084033315841,0.5711669571562623,0.77934241058442,0.8896584524348263,0.9475597985845114,0.7766590274917051,0.9262700211315917,0.9623211158059548,0.8058499662916013,0.8463809254714865,0.7876282222528316,0.8034406041869142,0.938412400887346,0.9071820194155717,0.8822265994777512,0.0,0.9544316996038,0.9164419655193174,0.9492063492063487,0.8612222667022558,0.938412400887346,0.9459533477380777,0.9262700211315917,0.831146423199498,0.9355809960386168,0.8046479448175343,0.9602211523225772,0.7935775465776653,0.9398636845831869,0.8664724446651941,0.06018876900102055,0.9428469360414602,0.7143607147557588,0.9152582079543841,0.9341976401680094,0.7806724477786732,0.880117361849238,0.7318083230664854,0.8633240709217587,0.9188361382271666,0.6991852245234744,0.8612222667022558,0.9250013316406696,0.960221152322577,0.9369854052620166,0.9508971383859763,0.8388272306091986,0.9027019168030597,0.525843532183836,0.03139863267861631,0.7960789049353036,0.8409971458279799,0.9623211158059548,0.8790644420447877,0.9526370111116405,0.9176344520056336,0.9164419655193168,0.932833950574053,0.9015943008452869,0.9250013316406696,0.9369854052620166,0.500567215157067,0.9398636845831867,0.9475597985845112,0.9544316996038,0.9623211158059548,0.0,0.9188361382271668,0.8654234385275936,0.8070467719220202,0.9200475251844384,0.0,0.8832831707913575,0.8244397822834253,0.9060540201833016,0.34458474155865637,0.9038142386822647,0.8918007079504506,0.8811713725919912,0.7859181167692968,0.9275522446953854,0.9060540201833014,0.6598989712921809,0.8907283270583697,0.9562880686171873,0.9027019168030597,0.9288488221297497,0.9526370111116405,0.9152582079543841,0.9623211158059548,0.9275522446953854,0.9459533477380777,0.9623211158059548,0.9413411539914587,0.9288488221297497,0.9492063492063487,0.6783615558233285,0.8843412180810755,0.9582144552981327,0.9492063492063489,0.9384124008873462,0.7806724477786728,0.8022278398026612,0.03139863267861631,0.9544316996038003,0.08671734220308558,0.03139863267861631,0.03139863267861631,0.3741839079094693,0.0,0.944383427890573,0.4527606561376478,0.0,0.9341976401680094,0.535161772248302,0.9582144552981327,0.9526370111116405,0.9562880686171873,0.9508971383859763,0.03139863267861631,0.7960789049353036,0.8580633769736241,0.935580996038617,0.8409971458279799,0.0,0.9071820194155722,0.9526370111116405,0.9341976401680094,0.7935775465776653,0.9083158055901508,0.9582144552981327,0.9508971383859763,0.9369854052620166,0.9152582079543841,0.6284764518573093,0.9492063492063487,0.4006068367505189,0.92126914699118,0.9250013316406696,0.6848496741376318,0.9398636845831869,0.9582144552981327,0.930160641445072,0.9526370111116405,0.9071820194155722,0.8420784215528954,0.0,0.9492063492063487,0.8822265994777507,0.960221152322577,0.8377384241745145,0.944383427890573,0.9398636845831869,0.8244397822834253,0.06018876900102055,0.7569089328329721,0.7846176027958276,0.0,0.0,0.40880739824839063,0.6991852245234742,0.9027019168030597,0.8058499662916013,0.8453085223330421,0.8152867967569688,0.8399134433261015,0.7997856146881548,0.9328339505740528,0.8129560940834346,0.0,0.9004911494084331,0.9544316996038,0.9623211158059548,0.831146423199498,0.9582144552981327,0.831146423199498,0.0,0.0,0.7739436107925914,0.9492063492063487,0.7819949015164562,0.938412400887346,0.8570084033315841,0.8993922310882436,0.6856702229525599,0.8993922310882436,0.8344556057285131,0.8506512873935228,0.0,0.9152582079543841,0.8175997772209664,0.9508971383859763,0.9582144552981327,0.5526275082095407,0.7351207557283752,0.43182584581086747,0.9176344520056336,0.9508971383859763,0.8591172857456586,0.0,0.8266892096935958,0.9176344520056336,0.8993922310882436,0.8727631680356078,0.8654234385275936,0.9413411539914582,0.9049315186013054,0.8538362113124116,0.9562880686171875,0.8685695845092949,0.862273520033598,0.9443834278905732,0.9602211523225768,0.9225015741707872,0.2586095064370061,0.8129560940834346,0.9544316996038,0.03139863267861631,0.8759110188590655,0.9288488221297497,0.9152582079543841,0.92126914699118,0.9623211158059548,0.9152582079543841,0.9623211158059548,0.9623211158059548,0.9027019168030597,0.3647019568709454,0.8961186971729789,0.9492063492063487,0.9602211523225768,0.938412400887346,0.938412400887346,0.8322525541058978,0.9428469360414611,0.9475597985845114,0.9288488221297497,0.5210240199989242,0.9508971383859761,0.7684119013812074,0.3833143586062788,0.7125274559321442,0.7447432793600621,0.0,0.8918007079504506,0.9492063492063489,0.758381053055492,0.960221152322577,0.9328339505740528,0.9341976401680097,0.855952276285969,0.0,0.7399891659895361,0.8058499662916012,0.9341976401680094,0.8058499662916012,0.8266892096935958,0.8129560940834346,0.9544316996038,0.7143607147557588,0.6716454483484393,0.8058499662916012,0.7431708752992889,0.9355809960386166,0.6761489807685291,0.9623211158059548,0.9355809960386168,0.9492063492063489,0.8982973238138026,0.930160641445072,0.8388272306091984,0.4779583613087228,0.8106069085572598,0.9492063492063489,0.03139863267861631,0.8420784215528954,0.861222266702256,0.5110414539348817,0.7766590274917051,0.7524297972473162,0.0,0.9856724533720749,0.8633240709217587,0.9225015741707872,0.0,0.8399134433261015,0.9428469360414604,0.9582144552981327,0.2115113915126694,0.03139863267861631,0.9114861522954751,0.9314886672615051,0.897206214237533,0.9288488221297497,0.9083158055901508,0.9355809960386172,0.8129560940834346,0.0,0.9275522446953854,0.0,0.9582144552981327,0.8333555867103808,0.8843412180810759,0.9623211158059548,0.9262700211315917,0.8022278398026612,0.904931518601306,0.9225015741707869,0.0,0.8322525541058978,0.8210376473859937,0.8506512873935228,0.9250013316406696,0.40060683675051967,0.9544316996038003,0.3227392978460525,0.9237454173815312,0.392115299153029,0.8928757609748668,0.7948313236856197,0.392115299153029,0.9225015741707872,0.9544316996038003,0.885400876353422,0.392115299153029,0.9623211158059548,0.931488667261505,0.9508971383859763,0.885400876353422,0.9475597985845114,0.9237454173815312,0.9341976401680094,0.8918007079504506,0.9152582079543841,0.9355809960386168,0.9140827360776211,0.930160641445072,0.9475597985845114,0.9384124008873462,0.7301312695908225,0.9225015741707872,0.9015943008452869,0.8333555867103808,0.42440193597169273,0.9083158055901508,0.930160641445072,0.9508971383859763,0.9526370111116405,0.9015943008452867,0.8939536575643379,0.9275522446953854,0.9275522446953854,0.9004911494084333,0.9544316996038,0.9562880686171873,0.5974763156586966,0.9262700211315922,0.8664724446651935,0.9176344520056336,0.9250013316406696,0.6549904556417999,0.9369854052620166,0.9237454173815312,0.9492063492063487,0.8366469404145511,0.8780124908814328,0.9129151319089186,0.9004911494084333,0.6623067578386677,0.9562880686171875,0.9188361382271666,0.5906675167558797,0.9314886672615046,0.944383427890573,0.926270021131592,0.8993922310882434,0.6040574193889983,0.7598430279509716,0.9398636845831869,0.6739104850582693,0.9475597985845114,0.8832831707913573,0.7143607147557586,0.9526370111116407,0.9508971383859763,0.8864622842804517,0.9275522446953852,0.9526370111116405,0.8982973238138026,0.8633240709217587,0.708808264663793,0.9459533477380775,0.9459533477380775,0.8322525541058978,0.9341976401680094,0.9027019168030599,0.9526370111116405,0.8591172857456586,0.9341976401680094,0.9562880686171873,0.8928757609748668,0.9328339505740528,0.9508971383859763,0.960221152322577,0.8854008763534222,0.9582144552981327,0.7197593917099125,0.9562880686171873
p223_C,0.7947825342060728,0.9840256643467928,0.8271068874433856,0.8772815322542924,0.9188361382271666,0.9397924012017989,0.9215391898263622,0.9448670701227275,0.872554013136071,0.5098945909109296,0.9039073680321512,0.997924584339639,0.9162050927129204,0.9069834982716529,0.9954053989493441,0.8547233147850071,0.9111295270090605,0.8905248145511353,0.933230312818766,0.9364368411420321,0.8202756097183714,0.938858661103084,0.9687941395742312,0.5772680848886076,0.8993081265656124,0.8905248145511351,0.9111295270090605,0.8664814862756911,0.9364368411420323,0.7145983963596086,0.8801586131976931,0.9271857963192041,0.908674345896699,0.9000359259924564,0.9188361382271666,0.9610243931286575,0.9215378731313923,0.9086743458966988,0.5357677250559745,0.9219224280637734,0.8646979598369935,0.7957048949778905,0.9397924012017989,0.8890344077176486,0.9259002427416267,0.7562403996467946,0.9243180392978654,0.9025193832676305,0.8884027441326567,0.8271068874433856,0.5849295595847745,0.7801771652892575,0.8905248145511351,0.9062682363877987,0.7333531230852303,0.8863065703015556,0.7835835592582244,0.9188361382271668,0.7352754270171586,0.9136381231722888,0.8498824478883686,0.9340681505356794,0.890524814551136,0.7788553920019083,0.9301521134798674,0.7194699530174791,0.9759742607288062,0.8960170698732031,0.7080063794877769,0.9861029598450541,0.8741949048548434,0.8884027441326567,0.9927913675399128,0.9239226822987083,0.9188361382271668,0.8185765480394149,0.9761289800255135,0.9419536134643975,0.9128461408160302,0.9397924012017989,0.6775839322131377,0.9994678821812106,0.8821858692988969,0.9926947949559495,0.9188361382271668,0.8683869765649124,0.912060063207198,0.7644369946041278,0.6528445495764283,0.9162050927129202,0.9188361382271668,0.8756872102415514,0.9538178719589283,0.893062625536877,0.8933278306727674,0.8922908924817223,0.8716777280511749,0.8677148227831395,0.7825422802898185,0.9626539977544464,0.9853395314336217,0.9714058757497572,0.9188361382271666,0.8992976803107062,0.8993208446579226,0.9332303128187658,0.8516848931219239,0.8282781225275879,0.9545120045449915,0.8404287781482784,0.9138693507011497,0.7957048949778913,0.9794258433068106,0.9803007358963213,0.9243180392978654,0.9193110134639779,0.8604594797352193,0.5380432169183504,0.9397924012017989,0.8782809919014023,0.8572691230504832,0.972007663092721,0.9358530937879614,0.676982545939554,0.8370219043693605,0.8374030040413201,0.9215378731313923,0.7335479274831562,0.9979245843396389,0.5312795688389507,0.9073719949449841,0.9714058757497572,0.9271857963192043,0.8853943075507923,0.9518720845713888,0.8409384548207716,0.7610557078393408,0.9271857963192041,0.9271857963192041,0.955430200993886,0.8793260242495605,0.9364368411420321,0.8563095569876902,0.8170550030701571,0.8713695053606367,0.912451965434776,0.9265969718894862,0.8691973026910572,0.8434397844184094,0.8160838338000291,0.9364368411420321,0.9566255407969613,0.9169019909120197,0.8790361367974935,0.9752372748615916,0.8884027441326572,0.9313237433631405,0.9481297743766084,0.8932877793171796,0.8637942492764796,0.7328257398433731,0.9815062877983507,0.9653059182149237,0.7425384340953405,0.860845341177803,0.8955568994617085,0.6061896083451416,0.9410793844429433,0.978394283596755,0.7393771672931395,0.9069834982716529,0.9162050927129204,0.886306570301556,0.8490316330081231,0.8909983266095121,0.9409067984732709,0.933230312818766,0.8115084588391405,0.9323959366850338,0.9129224437172683,0.889774343922128,0.9651163230025896,0.9816494815223562,0.6973784540235964,0.8666743630839715,0.8702390896174228,0.836247615082794,0.6403848393859448,0.899338193714716,0.9345490162102613,0.7102331764333376,0.8988045555455053,0.9107400480700496,0.8989149910492673,0.5897163143415185,0.9188361382271668,0.4861418954376979,0.913638123172289,0.620383512422992,0.7770341650384309,0.9485576944388001,0.7403136154973171,0.9188361382271668,0.8117633740765549,0.8989149910492671,0.5098945909109301,0.9188361382271668,0.8896175805146287,0.8933580624819943,0.842163021958878,0.9600620336590393,0.901017852016636,0.9162050927129204,0.9188361382271668,0.5618583332521372,0.9188361382271668,0.8918732022358489,0.9026962972168142,0.8964543776149348,0.9188361382271668,0.9692826611948091,0.9188361382271668,0.8034325239825353,0.959343446579475,0.8664814862756911,0.8017165382781779,0.9243180392978654,0.7021395767940299,0.9136381231722888,0.9329290708210041,0.6884381496726215,0.9900029127487422,0.8012639544095146,0.9297646847494165,0.9271857963192041,0.8552368166078581,0.7642007473005673,0.8966129881495932,0.8357444190687315,0.8933580624819939,0.9508942993498994,0.5184746671183424,0.910707988599565,0.955430200993886,0.9188361382271668,0.9471262770445408,0.9188361382271668,0.9645769437458257,0.9508942993498994,0.9264488104519896,0.6278412602763099,0.7400522090113635,0.4405788007122433,0.8627116416336098,0.8993081265656122,0.877710850552303,0.7917226685098773,0.9905090477178116,0.46354008682753955,0.8611429491813896,0.905230895292622,0.7423456854991277,0.9162050927129202,0.9684459109141506,0.8250305119561787,0.5357677250559745,0.852663726568631,0.8896175805146286,0.9965480089781211,0.9031012872498192,0.8893603794543212,0.731294952813581,0.6688942502179709,0.7329730563918262,0.8917027378806981,0.9332303128187658,0.9627825689719904,0.86271164163361,0.9994678821812106,0.9202850458126464,0.9332303128187658,0.9488068847204376,0.9881007648599058,0.7149409718991955,0.8880438381235429,0.9686220609785254,0.9243180392978654,0.900035925992456,0.8479251065832998,0.9136381231722888,0.9243180392978652,0.8402427784426746,0.7734782769480447,0.933230312818766,0.9642152149541428,0.976347968942274,0.816880509953394,0.9652298287867676,0.9610243931286576,0.9188361382271666,0.9439988362117594,0.913638123172289,0.9264488104519897,0.838119163474482,0.8086206400665751,0.9243180392978652,0.9219224280637737,0.8718397950501537,0.7821664306672218,0.7337288545313669,0.7648606883783323,0.9026962972168144,0.7822464259069268,0.995971221428688,0.8630978149114679,0.9918036979367357,0.8463034707266373,0.9364368411420321,0.9810490389797019,0.7614245163105731,0.8827148855675933,0.9815062877983506,0.9188361382271668,0.9271857963192043,0.634604807432809,0.890524814551136,0.9332303128187658,0.9808531012828585,0.9591402541866407,0.9188361382271668,0.735242201210897,0.6437885109709276,0.9436654046332619,0.9769434565457998,0.9128461408160302,0.9300797186110581,0.780083417223183,0.8103195211556316,0.7659939160922595,0.9910569717673405,0.908674345896699,0.7459271882241432,0.6048035961832157,0.9810490389797015,0.7185095151855765,0.9062682363877987,0.9401031099396322,0.9397924012017989,0.6727167598670303,0.9000359259924555,0.6912583077286336,0.9111295270090607,0.9591402541866405,0.8214082640556326,0.9810785975841936,0.9438412455332386,0.8839763903835203,0.7297837922295813,0.9188361382271668,0.8909983266095121,0.5143106442871163,0.9323959366850341,0.9258455637190969,0.9528294452685606,0.7800016823041923,0.9188361382271668,0.9188361382271668,0.3741642093827765,0.7074373083129852,0.8170514910545466,0.9188361382271668,0.9528294452685607,0.9188361382271664,0.9378027796250892,0.8357444190687311,0.7469143643022254,0.9630223853436268,0.909368306308445,0.912060063207198,0.7517407052893184,0.7703892765689861,0.9188361382271668,0.8330934647148431,0.9246323126477256,0.7124118809820859,0.9165487043769499,0.9405848418047038,0.9241021395091162,0.9243180392978652,0.868670828830965,0.9188361382271668,0.9239287055194312,0.9245814746860739,0.8381364341119784,0.8466968483097477,0.7139573690649708,0.7894357495388353,0.9484490715653735,0.9188361382271668,0.9665603255046986,0.9674886028898624,0.9188361382271668,0.7472498032327086,0.9280473515391809,0.7879863126990589,0.7628358914047149,0.8572353093503101,0.9188361382271668,0.8369921843903908,0.936903561816264,0.9684459109141506,0.8860781709917651,0.9665365589201924,0.8516848931219236,0.9077996427643358,0.8589357875457215,0.9243180392978654,0.8844545205190457,0.8421630219588783,0.9687941395742314,0.9924334453684489,0.8681497750507405,0.8152889014310376,0.8970640020677769,0.9271857963192043,0.9245814746860739,0.9188361382271668,0.855279099076081,0.894442097883152,0.8939646047478893,0.9799998588966439,0.9167630175479358,0.9972222788154832,0.9260678273529234,0.9873359374176983,0.955430200993886,0.9039073680321512,0.9188361382271666,0.9840256643467928,0.9204893454041174,0.9436921899978907,0.9081517461023693,0.9603802811136218,0.7313620180897464,0.9451469503672958,0.9236106541660872,0.8595394087520332,0.9493303821296276,0.9364368411420321,0.8618347226550229,0.9537077258337427,0.9242675330397172,0.9272989769634583,0.9015883421806548,0.9226564439505707,0.9714058757497572,0.9297646847494165,0.6770134925273079,0.8484616112828707,0.9300797186110581,0.9316182412138077,0.6775839322131385,0.943424161892372,0.8244907184259174,0.7758049609806587,0.8480887874245628,0.9666428003039548,0.8960566812762345,0.9943839955280371,0.6923658441336742,0.9642416825773448,0.9687941395742314,0.7279201256677772,0.7156301776453851,0.8662494125765394,0.7528844849541503,0.9628013453482422,0.9112441553549588,0.9714058757497572,0.8137531675852789,0.8327847866219924,0.9271776793409099,0.8043158668705583,0.7495338050235042,0.7955600427634753,0.9299914985657857,0.9808531012828583,0.9537077258337427,0.9518720845713888,0.9111295270090609,0.9752372748615917,0.4851705698920622,0.9434241618923718,0.8387483275457036,0.8608459111363298,0.9162050927129202,0.9162050927129204,0.9518825784207583,0.7176808930478722,0.9518720845713888,0.8390989761257732,0.9188361382271668,0.9808531012828585,0.9188361382271668,0.9188361382271668,0.9626539977544464,0.7801503791531784,0.9594934435063769,0.9188361382271668,0.9969803296307918,0.9394973155271483,0.9340332269142892,0.9661693714407507,0.8560648007561684,0.8814182140269338,0.7074373083129852,0.895039365442585,0.9650073063344002,0.4947047690731813,0.7568669214102444,0.9808531012828585,0.8683869765649124,0.8429088365979671,0.8533638776609977,0.8801586131976928,0.9086743458966988,0.6266490207901463,0.940442241550149,0.9301521134798674,0.8340066608386387,0.9243180392978654,0.8922908924817221,0.502086555060473,0.9965480089781211,0.9329290708210041,0.8398274389362246,0.909368306308445,0.9299397675698131,0.8877455854128598,0.9472979076308063,0.9714058757497572,0.9388586611030845,0.9215378731313923,0.8627116416336098,0.9142378060348628,0.8847121132438385,0.9752372748615917,0.8134118466352591,0.7221874549299864,0.9697009365925919,0.8236837483731401,0.9120542613921983,0.8071865398778741,0.9142553407315162,0.9980634982842684,0.7664263063401615,0.9581655142193521,0.6606482632337866,0.819837561899573,0.9388586611030838,0.7715101697766478,0.9041603374523195,0.9188361382271668,0.9271857963192043,0.9881414477942227,0.5951151434917696,0.9480562746718066,0.72570846859505,0.997222278815483,0.8821858692988966,0.7301865852690881,0.9687941395742314,0.8334514016368576,0.9918036979367357,0.7462640555290077,0.601491441348645,0.98113138746116,0.955430200993886,0.988223797234048,0.9886953095181066,0.9628013453482422,0.9653059182149237,0.895398535263692,0.8770107854595055,0.7166078193685548,0.7267785885618554,0.9594934435063769,0.8155698219961854,0.7994715690107896,0.9117913875450323,0.8974625884738575,0.9723980610103105,0.8506466532413345,0.8025485185438213,0.8429524538406294,0.8288247292151198,0.9591402541866407,0.8836913869708065,0.7861655139168746,0.9436654046332619,0.9430299631287931,0.9714058757497572,0.8683869765649124,0.9537077258337427,0.9342029590072161,0.61454189145645,0.8801586131976928,0.8448771028779443,0.8338986002173987,0.903907368032151,0.5685729696024362,0.9759742607288062,0.9980634982842684,0.9188361382271668,0.0,0.7849582917836875,0.6916774264569951,0.872242858842954,0.9188361382271668,0.9544258608011071,0.8172125272819155,0.903253994342665,0.9069834982716529,0.8463034707266364,0.8271068874433856,0.9249788088801436,0.8296458989984609,0.8842347516782394,0.9633171395215939,0.8025167433888147,0.8736763669423389,0.9301521134798676,0.8705695323486153,0.7835835592582244,0.9344184513464586,0.8645899440480411,0.9980634982842684,0.9205956531035806,0.955430200993886,0.9980634982842684,0.9062682363877987,0.849605533346268,0.9630223853436268,0.8686489914307961,0.8618486058817536,0.9861029598450541,0.771860131957611,0.7257084685950506,0.9902043535214081,0.9719321846052795,0.9591402541866405,0.8288718816327854,0.9926146421337172,0.9591402541866405,0.9162050927129202,0.7134902101670566,0.9188361382271668,0.35550443686902955,0.39470523267522006,0.9188361382271668,0.8948535190071922,0.8978178926594784,0.9861029598450541,0.9243180392978654,0.7656419597021865,0.7139573690649706,0.9591402541866405,0.9217895076166878,0.7942142382641859,0.8970640020677767,0.8919278805412743,0.9188361382271668,0.8516848931219239,0.9243180392978652,0.8948535190071922,0.9302714769725162,0.8534965853888816,0.9332303128187658,0.9873359374176983,0.7352422012108975,0.8477288716124307,0.9358530937879614,0.9188361382271666,0.8189607531784778,0.9350742710727482,0.9117913875450323,0.7825189628092226,0.9039073680321512,0.9610243931286576,0.8884027441326567,0.9714058757497572,0.9593434465794748,0.9694773398454679,0.9188361382271668,0.992791367539913,0.8348963018556339,0.5098945909109301,0.860638527182294,0.9111295270090607,0.903907368032151,0.8954065866934644,0.9972222788154832,0.8752103975173111,0.6421375495645619,0.9188361382271668,0.9188361382271668,0.7101976946513987,0.9340681505356796,0.9210828212435627,0.7352754270171586,0.9628119998539303,0.8981496662422612,0.9047859115164789,0.7854862972774145,0.9272989769634581,0.9903869009798911,0.9188361382271668,0.5690860813603296,0.9271857963192043,0.5357677250559745,0.7301865852690881,0.9332303128187658,0.8881843566550802,0.9188361382271668,0.9188361382271668,0.8115456104372936,0.9630223853436268,0.8173436993045129,0.9015883421806545,0.7924618199175761,0.8392374849683437,0.757954323755097,0.9570787160824574,0.9268473821334834,0.9877505662618375,0.9188361382271668,0.8645899440480409,0.8457218702678272,0.9873359374176982,0.9610243931286575,0.827626343168635,0.7111592238597741,0.8663388785263763,0.8683869765649124,0.9215378731313923,0.9931840214285643,0.9188361382271668,0.9584063263034994,0.808264158167103,0.880697291476508,0.9737832649952589,0.8710790484922164,0.6660659098377351,0.8480887874245631,0.7664429046569756,0.9301521134798674,0.7899855610109623,0.992921564147625,0.6814448973676575,0.9918036979367357,0.908100813607729,0.9245814746860737,0.9518179824870905,0.43856416635596773,0.9591402541866405,0.8017165382781781,0.9523285443895997,0.9221261809159464,0.608330482292966,0.8853943075507924,0.9340332269142894,0.943665404633262,0.8853943075507922,0.8445260765476377,0.9023193977639941,0.8589357875457215,0.9188361382271666,0.9918036979367357,0.938858661103084,0.9015883421806543,0.7913139422501831,0.9484490715653737,0.9162050927129204,0.5525066499500704,0.8305471147579229,0.3950157059867887,0.9529121555239622,0.7494734553911055,0.8542914844089382,0.8730430153058643,0.9188361382271668,0.8271068874433856,0.9630223853436268,0.8540839904867898,0.5098945909109296,0.9342029590072161,0.8948535190071931,0.8115940355833644,0.9188361382271668,0.9750668822874211,0.7855916242879568,0.7881106845580169,0.8311020167561355,0.8258635228005482,0.8553374250489061,0.9271857963192043,0.8912512327080353,0.8950021976073845,0.9772448037659107,0.7222094813814703,0.9329290708210041,0.8100190332360855,0.9397924012017989,0.9687941395742314,0.9630223853436268,0.8627658779727194,0.9775185201428764,0.9771263683755945,0.6606482632337868,0.735849421786813,0.8160463790740711,0.9591402541866405,0.9901913207886635,0.8206979555337921,0.9087940409598871,0.8640513352153474,0.710233858556668,0.9188361382271668,0.825166495601052,0.8029783676913778,0.8761642169182164,0.9188361382271668,0.9546975005750381,0.9484490715653735,0.9332303128187658,0.8518805166596326,0.9162050927129202,0.876711309552326,0.8710785645042987,0.8608453411778034,0.6185286240381146,0.8534965853888816,0.8970640020677767,0.7782578492694872,0.9188361382271668,0.7904825896247932,0.9188361382271668,0.5909158639446388,0.9517863007673772,0.9785019514254769,0.5357677250559745,0.9142553407315159,0.9133709401397516,0.9401949542071436,0.9069834982716529,0.9188361382271668,0.7733804511803051,0.7021575654081034,0.8642613510131556,0.943424161892372,0.8933580624819946,0.8776603460423874,0.8801586131976931,0.6848167322401908,0.9590660346082054,0.9021539112208945,0.8434986758897767,0.9590660346082054,0.9378027796250892,0.9271857963192041,0.8403373796149367,0.9590660346082054,0.5357677250559745,0.9586381348210118,0.9873359374176983,0.8403373796149367,0.9591402541866407,0.7472498032327082,0.8948535190071925,0.8513970488424683,0.8933580624819941,0.8160154479064055,0.9196570634622756,0.7428807326250599,0.8691190999184779,0.7257084685950506,0.8726105703413742,0.8761642169182169,0.8427562020241626,0.8896175805146289,0.9456040182324196,0.8534965853888821,0.9219224280637734,0.5317049901631526,0.9714058757497572,0.9202850458126466,0.9289487025037606,0.8842347516782392,0.9167630175479362,0.8922908924817223,0.9752372748615917,0.9301521134798676,0.8236847475844081,0.8821858692988973,0.9595206236190974,0.9859683821169072,0.9117913875450325,0.8833750050591496,0.8993081265656122,0.878151770812186,0.963022385343627,0.9583638900909168,0.8956293685997814,0.8854576196318019,0.8409934614190606,0.9119468475911835,0.9808531012828585,0.9810490389797019,0.839394461968312,0.8905248145511351,0.9111295270090607,0.9463248121641357,0.9825391909511072,0.8302414280399817,0.7681892491723832,0.9039073680321512,0.9131970021472473,0.9162050927129204,0.7919715830721297,0.9107400480700496,0.9714058757497572,0.9873359374176983,0.9691451866854152,0.8842347516782387,0.9714058757497572,0.9133217982743664,0.9191507428218961,0.9953860489906694,0.913638123172289,0.955430200993886,0.9712466359846285,0.8937892833696132,0.8445260765476379,0.793154941990783,0.7823345908542425,0.9300797186110581,0.9808531012828585,0.877710850552303,0.8926744609561268,0.9873359374176983,0.5652614477056332,0.8872511189380223,0.5909158639446388,0.9238422968336355,0.9808531012828585
p223_F,0.787312799917343,0.9301609821301056,0.6885623657036963,0.8035707911566196,0.897424043303001,0.9732258578585533,0.9421454577159634,0.9746592064003421,0.7451581286540587,0.8946068956234314,0.9940064052286428,0.8610609420833562,0.8610609420833562,0.9732295242324676,0.9765259560881213,0.8789287375941875,0.8227820358708171,0.7375573089932521,0.9275816772658134,0.9748025681490502,0.4390865011465621,0.8932554204824052,0.8589858090454519,0.9029008905962477,0.9816892499537837,0.8184808644825552,0.9703150995699106,0.8207290338114395,0.9748025681490502,0.9263051953102384,0.8929292925406473,0.8792678792793369,0.6905346562871211,0.9787299943778778,0.8974240433030012,0.8426694585966557,0.9029008905962472,0.9497858539588494,0.9001706985868916,0.966556799484175,0.28929041507805,0.8471209594283744,0.9845729942899282,0.8101001254859259,0.9703150995699106,0.4578849925891869,0.94271688807292,0.7363536831977768,0.8209028603955166,0.7133285666562676,0.9146015061215469,0.44717753081377754,0.8184808644825552,0.8445847921458003,0.9926027687807664,0.5191104096150874,0.8059973806287364,0.8654234385275936,0.8620394231287536,0.8568046890338215,0.7510923761072199,0.7957802375616503,0.9348736763373375,0.6580705884738272,0.6751891198247377,0.8038488339388061,0.9440639865096137,0.7091007864345404,0.6487841065016675,0.957543890665421,0.9440548441264979,0.4810436691886477,0.9294246480784079,0.5692238092786435,0.8654234385275936,0.5662972863899547,0.6233359718932234,0.8286830827853715,0.5742694131429451,0.8466224143039984,0.9233319335497212,0.944737818800648,0.8743303333584982,0.7375573089932523,0.8654234385275936,0.9627608040783894,0.9742312550591598,0.9677821373254636,0.8081133662729314,0.8610609420833555,0.8654234385275936,0.8117024678648791,0.6177901399138369,0.7814192517493641,0.8511049510813695,0.7549290196944852,0.8404901111625374,0.45626473653890964,0.5650387637397902,0.6322150657521655,0.7103683902908532,0.976818884561883,0.9614252528538147,0.965098094635087,0.9276144109165836,0.8892901999095577,0.9925211410078733,0.5458315749041467,0.8330443401899568,0.5752433200079421,0.7602068889242685,0.9223483564985548,0.6277039924846153,0.8827499692924854,0.8745128950949936,0.576998322269934,0.9290551267923362,0.8892901999095577,0.7200189707494429,0.6848252182198769,0.8917589218018189,0.8619407817415707,0.9653774900872851,0.938747526760487,0.836215492665295,0.9580155645944115,0.9358986372211366,0.6784294986708896,0.9232500268303596,0.7963131245565658,0.6789212043420336,0.6821611505484855,0.9087303596674036,0.9001706985868914,0.7047555849115426,0.7184549552632511,0.7125315260119014,0.8027294791407743,0.9146015061215467,0.8568046890338217,0.5468551330457945,0.8946068956234312,0.832163720971625,0.5576184633952326,0.9200770921322821,0.7631420569200904,0.8931986540645847,0.581590559496413,0.8392379483976138,0.4286376574806712,0.9049039230625218,0.7510923761072199,0.8754790516861646,0.6826533575401925,0.8380631059829841,0.8392379483976133,0.7580343474897752,0.8358456055080878,0.6818369796497312,0.8789287375941878,0.8777761021550393,0.8526711329933012,0.9192262679261912,0.545228961690388,0.5452051523753421,0.8634156265412213,0.8629006181508472,0.860899683841503,0.7076127856531911,0.604859196092431,0.915170633462076,0.9523718036756335,0.9788373911110271,0.9948818417063778,0.8683251969274117,0.7493628964698649,0.9575438906654211,0.8481199517705624,0.7761909904931465,0.9591790996590255,0.9885785884602019,0.843042746016128,0.7820901330442653,0.892155484456858,0.7947063488594974,0.9211949695305481,0.6848252182198769,0.7954244675051758,0.8445847921458004,0.9985656766383557,0.8870713863070048,0.9162588576915978,0.5537181273766227,0.5531035228403092,0.8283979576305698,0.8654234385275936,0.8699031439713583,0.8568046890338219,0.7735043561911938,0.5708330266071318,0.8012857824856849,0.892155484456858,0.8654234385275936,0.4334487586134582,0.6494253030802168,0.8946068956234314,0.8654234385275936,0.6876955737989612,0.8171475979100193,0.7675118128494451,0.6970094273857832,0.38940410185084806,0.7036154646876194,0.8654234385275936,0.6939754895934838,0.8654234385275935,0.6826810578559612,0.46963904938814627,0.4699319736034502,0.8654234385275936,0.875765295919213,0.8654234385275936,0.6879465252733238,0.9100181374805536,0.9687007397570009,0.41906855182082736,0.6821611505484855,0.434972254698369,0.8568046890338215,0.8552976248635571,0.8368251309284132,0.7270949486101681,0.8078452698681786,0.8059681138507988,0.8380631059829842,0.7334421254231442,0.8153901077305217,0.8051197656874581,0.6906340566755582,0.7963131245565656,0.7754786512031115,0.852645223991177,0.8109769141837193,0.9173380835801883,0.8654234385275936,0.798794705450997,0.8654234385275936,0.9405329120131292,0.9213199646772892,0.8792678792793371,0.9022820103908598,0.4761579370799678,0.8699031439713583,0.7723642666134911,0.8758227300359213,0.8589708817067149,0.8837908569331285,0.6476843120908966,0.8745128950949936,0.781124355308282,0.5895478765256685,0.6019760882746534,0.8610609420833555,0.9576237171356043,0.5553940722151043,0.9001706985868916,0.8599835155865347,0.7594822162104504,0.8972725574751617,0.9133966707913739,0.7978734238506288,0.9146015061215471,0.67278056340151,0.5596359595420459,0.6314856113187266,0.8892901999095577,0.5609914739788118,0.8548463987984214,0.6896223100560799,0.9451524968159262,0.8892901999095577,0.8099278898005222,0.6193860171065371,0.9322201339524983,0.40903790366014947,0.8035707911566194,0.9086148915839567,0.6983171679651372,0.530453727612783,0.977871478126555,0.648059154059523,0.9208751259712274,0.41482219654548036,0.957543890665421,0.6596687357601192,0.6457060276896218,0.4372418854261434,0.763393448777214,0.919252413309166,0.7505693041675244,0.893729829939846,0.9918618246002618,0.8792678792793374,0.5313846488346465,0.8037685055859809,0.818569136504338,0.6509732647920828,0.7996720111682833,0.4254250503674989,0.7799463891987286,0.7780476207298301,0.9646338384445738,0.8478324278709246,0.8093462192273995,0.7599537620635277,0.7846104142740942,0.7831805128846234,0.9347047318862409,0.9997398164449895,0.796313124556566,0.6644946718456246,0.8745128950949936,0.8654234385275936,0.8792678792793365,0.798794705450997,0.6882282171572314,0.8892901999095577,0.9576237171356043,0.9523718036756333,0.8654234385275936,0.8330443401899563,0.8892901999095582,0.9423718464384099,0.9364748811663078,0.6482779503104923,0.7916685135539072,0.8792678792793374,0.57283694594058,0.3273645357490178,0.9389108601078193,0.8485743256298055,0.38675322450860183,0.8745128950949936,0.7849582917836873,0.36869166763506933,0.8445847921458001,0.7831675943809968,0.8044212664524799,0.4476325226737181,0.7844379246736659,0.4392857602046001,0.9998217123097293,0.8610609420833555,0.9236748230582936,0.6920612232153995,0.5165608326310926,0.5058388248558492,0.34183395684880125,0.8654234385275936,0.6127425419120758,0.9307955530023264,0.7326268727943708,0.9095068244184696,0.8946068956234317,0.5901486341653803,0.8654234385275936,0.8654234385275936,0.8392379483976136,0.7641693207693414,0.686108314076411,0.8654234385275935,0.9748025681490502,0.686568094616711,0.848210728078802,0.49066931326276064,0.5118227598803486,0.7505693041675245,0.8403119990702576,0.9202473653413233,0.34104183878092065,0.4372730165039309,0.8654234385275936,0.43310852386693477,0.8002445586117536,0.4906287908656952,0.5252135210839828,0.8883959822415741,0.9337432167271624,0.6480591540595227,0.4873073979121858,0.8654234385275936,0.4188395772533774,0.8362154926652949,0.886327290694338,0.6936235183581194,0.8699031439713585,0.3317269094140717,0.9926027687807661,0.8654234385275936,0.7247689757027325,0.5517569405008268,0.8654234385275936,0.9336113186896022,0.6356492481153548,0.439914643282449,0.35542714520431895,0.5036960231231622,0.8654234385275936,0.994234202291689,0.6939754895934835,0.9943424334395703,0.9210177902734882,0.7614149951507592,0.7735731273643525,0.7767486276134201,0.6974967774965027,0.9086148915839567,0.8586889886618323,0.6991845409765629,0.9628827421694485,0.6399145076490136,0.8351932306489644,0.5318232668904732,0.8552976248635571,0.8792678792793369,0.9102091304193268,0.8654234385275936,0.957543890665421,0.7741074482264184,0.8116882464857444,0.9233319335497214,0.8316090579641471,0.8568046890338217,0.8292292417817793,0.8661148830295287,0.8870713863070048,0.9664525181547641,0.9294246480784081,0.8738474256990825,0.5461521789651202,0.7415396842333266,0.8892901999095579,0.6077376504707586,0.8946068956234317,0.9572119050078478,0.9851687912685534,0.6249483741316084,0.9742312550591601,0.7846104142740942,0.7148895922018693,0.8628430790977517,0.8540601119833358,0.9223483564985546,0.6773198616110612,0.6542300404068692,0.8745128950949934,0.6983171679651372,0.9346557185206579,0.9506482392730301,0.9277044268270678,0.8071981601022997,0.8406702723280857,0.8012928241009689,0.8862445023252792,0.7406279480600926,0.8302259674373341,0.9998217123097292,0.9270032228146607,0.8349339303742149,0.7946697765437372,0.8511697742036972,0.8552976248635573,0.3464028203264148,0.8957780464758429,0.5558210320926431,0.8511697742036972,0.9536731952019879,0.9491680935440499,0.9086148915839567,0.894981698387855,0.5678323352725084,0.9201833469106758,0.8256371687720883,0.8892901999095579,0.9406581125595953,0.8540601119833355,0.8841862845276727,0.905529671827533,0.9411650622106333,0.7932754231309991,0.9146015061215471,0.8892901999095577,0.809252185030398,0.3277547462339503,0.3937266104341204,0.9543445692038612,0.7036154646876198,0.5601339106602796,0.8905259931782394,0.852645223991177,0.6374419962213214,0.8654234385275936,0.8841862845276729,0.8654234385275936,0.8654234385275936,0.5338362049056826,0.8293233915825582,0.6983171679651365,0.8654234385275936,0.5089969927533811,0.5845664208621937,0.8588165446169274,0.9253652507364578,0.4331085238669349,0.5983208614438694,0.8746180290403005,0.742211058470776,0.5903923662878598,0.8485743256298055,0.9420972816908049,0.8841862845276727,0.8030631814991849,0.6040284897309939,0.6183490053881999,0.9008886534700761,0.9061857028901898,0.9476047808533714,0.8973360471407184,0.9689388502564641,0.8419303391966939,0.9086148915839567,0.8364135773779314,0.8368251309284127,0.8721967584517678,0.6252177095164593,0.6727805634015094,0.9110036504655883,0.7704187714880573,0.8293233915825582,0.8535140090672577,0.8745128950949936,0.8638170757873314,0.9981058695290849,0.9991901301220514,0.636319636441574,0.421032829981403,0.8792678792793371,0.46850594713134164,0.8526452239911775,0.6487841065016675,0.6666988892889367,0.7658045494346227,0.4906287908656948,0.4985843451590354,0.9001706985868914,0.34848222405818885,0.6224853603406106,0.7610722741308495,0.41232841647882834,0.839271530764569,0.7540809830620381,0.8886120513389424,0.8654234385275936,0.8792678792793369,0.8839001017409067,0.8974240433030012,0.3530971240593336,0.8368251309284127,0.8870713863070052,0.8975557156356271,0.4318490400889893,0.9851687912685532,0.4962869142575421,0.8648060867997129,0.4720725587486454,0.868224159401964,0.677523874368273,0.8568046890338217,0.934991391520382,0.7687998936208724,0.9328387218485342,0.5875761065582528,0.4825373787218814,0.7651436723492875,0.4287842851757181,0.6533603920366442,0.978209627267857,0.5669296531618389,0.4299600905093165,0.8012928241009694,0.8946068956234317,0.6905563201796614,0.8699031439713587,0.6582147534439056,0.8176559211110708,0.7338790699175619,0.8610609420833555,0.4918087230910708,0.3576117870399851,0.8888235621555166,0.7454789169018117,0.9768188845618833,0.7498735182398214,0.9687007397570008,0.67643885912715,0.7392764565136443,0.9237977705799957,0.8330443401899568,0.9216290790347617,0.6633597603420995,0.892155484456858,0.8792678792793369,0.9423718464384099,0.8654234385275936,0.7849582917836875,0.0,0.488775042667712,0.7881678325190942,0.8654234385275935,0.6907615559142966,0.304232224527375,0.7510923761072199,0.8705306965398935,0.5324165709652241,0.8292939110307624,0.7849843306235245,0.8863846257918493,0.7679108782844831,0.8623797162760306,0.6192097412120214,0.6426121513318215,0.9209050008316386,0.9308232150715123,0.8059973806287362,0.9208751259712274,0.7661629350209039,0.9001706985868911,0.8316090579641475,0.991861824600262,0.9001706985868916,0.5641228653284541,0.9972553613045019,0.942572932819965,0.6443762427017914,0.44471067578176027,0.8892901999095584,0.8654234385275943,0.8908090206462491,0.42760909277846504,0.5175403359789046,0.8610609420833555,0.9087303596674039,0.852645223991177,0.8610609420833555,0.8610609420833555,0.8064884809608193,0.8654234385275936,0.852645223991177,0.7540809830620381,0.8654234385275936,0.9192262679261912,0.8699015265637412,0.927581677265813,0.9086148915839567,0.9576237171356043,0.9029008905962477,0.8610609420833555,0.4642172669019691,0.6391630416357419,0.8293233915825582,0.5932964640897977,0.8654234385275936,0.5636939663569547,0.976818884561883,0.6641107591816231,0.5495485439366266,0.9676232043771458,0.8809609359529107,0.9688963838460258,0.8330443401899568,0.9421544380307427,0.9124442301283537,0.8974240433030007,0.9421544380307425,0.9660998995956993,0.9696160047998347,0.6164940771108618,0.8286830827853715,0.9658731546220687,0.7480758908511875,0.8745128950949936,0.9925211410078733,0.6546125592890353,0.8654234385275936,0.9614252528538145,0.5094383812029344,0.8946068956234314,0.4022129445459147,0.9998217123097293,0.911344744007007,0.577329737676249,0.8568046890338217,0.4876934084661344,0.4430906075182923,0.8654234385275936,0.8654234385275936,0.7723642666134907,0.910205529761555,0.9685456463916597,0.584440937144665,0.6489908818735819,0.4534242124327702,0.5954872071103575,0.5248299077300236,0.6513630601037561,0.5323640680711412,0.8654234385275936,0.8292303656813191,0.8792678792793369,0.9001706985868916,0.30312058636409545,0.8892901999095577,0.5812328146868273,0.8654234385275936,0.8654234385275936,0.4971584091933825,0.8974240433030012,0.46360445423829644,0.9987768000819222,0.37747126071502735,0.3999244670967843,0.8787243595819563,0.862515186111666,0.6189361270632576,0.4864555213791285,0.8654234385275935,0.7869974083743576,0.5307703133341206,0.8699031439713583,0.9275816772658132,0.8016754487858866,0.8683721338440205,0.9033208191464375,0.7711622468236782,0.8699031439713585,0.5334067443516792,0.8654234385275936,0.5550205102320482,0.9840495326622463,0.7334421254231445,0.7920180496974955,0.6081119276427387,0.844584792145801,0.7672845031141353,0.6505780406907826,0.9209050008316386,0.8277474568871029,0.650522646612754,0.9998217123097293,0.8247082505369036,0.8616296819270108,0.8184808644825556,0.602195112674792,0.8792678792793369,0.8610609420833555,0.6712292159033295,0.835393905604203,0.8495008284347189,0.7914044902430846,0.9001706985868916,0.9213199646772892,0.9001706985868916,0.9423718464384099,0.8051197656874574,0.8317319502178697,0.7428231709152555,0.897424043303001,0.7846104142740942,0.9742312550591596,0.8368251309284127,0.6706291511362745,0.6329232790267378,0.8610609420833562,0.8353939056042028,0.7546649995713934,0.8699031439713583,0.48755725983906784,0.8243519100830419,0.7580309454175878,0.694116018527885,0.8654234385275936,0.7941110246989956,0.9934258576292214,0.6494253030802168,0.8946068956234314,0.8471209594283744,0.82565822332924,0.7161379336053049,0.8654234385275936,0.4962869142575421,0.3762420726565976,0.8256582233292402,0.49948405910784244,0.555020510232048,0.5183978591504108,0.8792678792793369,0.5429725672867041,0.8108070630711373,0.6399606343414829,0.5687350155421307,0.8589858090454519,0.8299938899616812,0.8044212664524798,0.9888569754504475,0.9425729328199651,0.9136094717376839,0.9180054864546223,0.5874824303330533,0.742211058470776,0.3591084296307452,0.8654234385275941,0.8610609420833555,0.5961949594549374,0.30697934418934447,0.9233651230404958,0.4906287908656948,0.44058184545435086,0.8654234385275936,0.48089495089773404,0.3249600510870102,0.915170633462076,0.8654234385275936,0.5758545015271137,0.9926027687807664,0.8892901999095577,0.8293233915825582,0.8610609420833555,0.4926520474682585,0.8184808644825559,0.8549006173862639,0.9788373911110273,0.790649857293692,0.8330115757644532,0.39223784503263526,0.8654234385275936,0.8551667087730517,0.8654234385275936,0.8892901999095577,0.6375099875330449,0.6935648268723928,0.9001706985868916,0.8743303333584986,0.5964236412536146,0.7481183350451568,0.8258907596177109,0.8654234385275936,0.6701962241530146,0.5681241870456804,0.8889061532131101,0.7176157165907195,0.745328461667451,0.873396732825194,0.8092521850303984,0.8205729775695318,0.7996720111682831,0.7161768939012263,0.3854314629809007,0.7996720111682831,0.5357311696235243,0.8792678792793374,0.45422984127876054,0.7996720111682831,0.9001706985868916,0.8115509467472843,0.9029008905962477,0.6580853115101652,0.892155484456858,0.8205729775695318,0.8937147170517346,0.7485114529880343,0.7244939883139969,0.8812718581445564,0.7929847996597232,0.8149622918828372,0.8610609420833559,0.9178009655051673,0.7524330633345615,0.8393097134659195,0.38107137128569857,0.7307675592458547,0.8066300056951794,0.49569427882127004,0.966556799484175,0.9029008905962475,0.94271688807292,0.8890044858243946,0.8711964335178473,0.8080514071552434,0.8856991323290032,0.8663810386747361,0.8792678792793369,0.8841862845276729,0.8749842393057377,0.8278795688042409,0.8216451692253852,0.8456406386668989,0.984565760980326,0.8497794518767174,0.9552226199743179,0.8657883140175595,0.9934258576292214,0.8416383069616715,0.6673857410662342,0.8509295236438721,0.7549290196944851,0.8187945846331111,0.968938850256464,0.8059681138507986,0.9148994566915027,0.8184808644825552,0.7932754231309986,0.85110495108137,0.9362712207908208,0.8516873936917069,0.7284796357001113,0.8406702723280852,0.9248108092797744,0.9232500268303596,0.942874671659045,0.9099419725797275,0.7162631470374486,0.9358986372211366,0.7162663589447833,0.8080514071552423,0.976818884561883,0.8484017682669599,0.6688403853226492,0.9207031630945093,0.8405283382343458,0.9778714781265545,0.5985468084235892,0.8937147170517344,0.5976463934266484,0.8745128950949936,0.6267346221622918,0.9532159777015246,0.8841862845276729,0.7161768939012263,0.8721967584517678,0.9651081229041959,0.8946068956234314,0.8322760129113207,0.9275816772658132,0.8570810334012686,0.8841862845276729
p223_S,0.9945442844836414,0.8022561964897679,0.7613883344779255,0.8050361367184551,0.9933672327848193,0.8568667102675338,0.8782917177400971,0.8768212076715929,0.5184461956051688,0.8488894389623107,0.8847397033843235,0.8667482021748328,0.9221581834312781,0.7056015623791771,0.9994070436691997,0.7160260070339723,0.9201764087344961,0.7397414321423508,0.9777360756347164,0.8846162930362216,0.633958623934777,0.9694112226663572,0.8710014135282238,0.8722711465586106,0.8856543818329802,0.6449329538513504,0.78872561913807,0.7733299123734388,0.8846162930362216,0.6601269822564115,0.6929590346490555,0.984306565229184,0.8342201252949568,0.771192195423348,0.9933672327848193,0.8412664651734416,0.833721548232073,0.7828888451009721,0.8568667102675338,0.7346965719236449,0.6178145599317044,0.8753284037411255,0.9696693743185965,0.7851350462423689,0.9201764087344961,0.5654171674324162,0.8456902516433886,0.6497898962927593,0.9726201634571445,0.580310539487569,0.8898606214266385,0.48159114539936465,0.6449329538513504,0.8775185946828159,0.9368826856829253,0.7723156123758672,0.7510144443985955,0.8070467719220202,0.732411615009105,0.8547345879297662,0.5647742677824298,0.660147073542452,0.8646921017107426,0.6835306018343565,0.8339485716413382,0.5316370155126194,0.9528245839616691,0.8194716388302057,0.8840231314848617,0.9436186730193978,0.7009198590764898,0.7346965719236453,0.9363426627010593,0.4814497629996377,0.8070467719220202,0.8730919953553873,0.7900926895085649,0.7961064637088175,0.3613652202809312,0.8568667102675338,0.9434082327427529,0.8409545460870309,0.7199170131208843,0.7836932617142298,0.8070467719220202,0.6871125008814818,0.993460831448865,0.6300714256715145,0.9424986274972894,0.8284969009147185,0.8070467719220202,0.6046499711363769,0.4987486972299995,0.516687690519067,0.8233851701041293,0.8814965811270477,0.6427768460394321,0.725792652846541,0.5681673132608307,0.4613600237951555,0.7510144443985958,0.8504636644420462,0.8070467719220207,0.7862929834229218,0.9619963189496124,0.7834421060580531,0.8384469539407671,0.5030739768564412,0.8384912670500719,0.5451252961131519,0.5720365637355314,0.8118788636851744,0.6313014210919967,0.8681855238440692,0.8153056432519321,0.5012256972281872,0.9026060607471642,0.87538386778876,0.8568667102675334,0.5085066390225013,0.9124603909626837,0.594936935637187,0.7606222572952102,0.7967449243228144,0.8276450912861086,0.6160232173543554,0.8631222787530046,0.9795995427917642,0.9393168634276092,0.9565359617987834,0.5405651806493106,0.8200790560505897,0.8898606214266385,0.9927297376643828,0.7887256191380703,0.569647097302405,0.7988990286092199,0.8268966588916087,0.7953195658982098,0.8216567655514619,0.752136656554879,0.7938420202985803,0.5947078649289426,0.6264691273840741,0.6339586239347761,0.6080558653411146,0.8233575478434783,0.5589148676560333,0.8327150798336284,0.3362782120910437,0.9203431471101322,0.6853119227606894,0.897521451271003,0.9488142114009901,0.858378640159124,0.70293857536081,0.8249602676999337,0.7838567491189872,0.8131910606347967,0.5798008017125886,0.7373971578160049,0.9416174896164158,0.7727627776347092,0.7274709372500261,0.8524653924518641,0.6825825229535525,0.8971287289661777,0.8478207065909875,0.8647724328974271,0.761896208693354,0.8646968813220217,0.8944531928030557,0.7803598601014253,0.7254028832956679,0.7247261685113981,0.7118963038838586,0.87538386778876,0.9761621054672682,0.8515403362262772,0.6295757661532635,0.9209289280958821,0.7304897777411251,0.8788214522622269,0.9947268446840543,0.8685067117762939,0.8198295945622971,0.4813835475780949,0.9068975879384789,0.777168730425418,0.9117591632678115,0.9295263143910528,0.8064061591896232,0.550848029479468,0.46221459687202726,0.9702947773014303,0.8070467719220202,0.8722711465586106,0.929526314391053,0.8536957790623378,0.709224914872991,0.6273320484900342,0.9947268446840543,0.8070467719220202,0.7396220858762284,0.53577626162939,0.8488894389623107,0.8070467719220202,0.8782995618972338,0.6536336775087579,0.5333371959644289,0.7050428158951694,0.6388570207549962,0.8007919102864962,0.8070467719220202,0.9946663925770765,0.8070467719220202,0.4968789221461358,0.5169879901366712,0.5551071355662816,0.8070467719220202,0.7741466623883352,0.8070467719220202,0.7642045645455555,0.848940818575989,0.7201058032758287,0.7023015148576162,0.8200790560505895,0.45026039613640156,0.8486241527613594,0.9207130639246641,0.9694112226663572,0.7636587973387023,0.647684525878,0.8259600209869085,0.8268966588916085,0.9550311677010548,0.8542922745318369,0.8992703806234004,0.771480392288626,0.6165069764904282,0.6165069764904285,0.9201764087344964,0.6100730695617855,0.8007998135099712,0.8070467719220202,0.8822621031580974,0.8070467719220202,0.7845763353894588,0.8451558587437946,0.8582835284332405,0.9346846814992047,0.4502603961364018,0.8428704160376788,0.66496130911202,0.9799806113987957,0.6403775056851164,0.8206567585478068,0.568404120320691,0.8504636644420462,0.5980202735332063,0.925182092818186,0.663415613647824,0.8284969009147185,0.9043227484219141,0.6294863886194499,0.8568667102675338,0.6480387774525593,0.6992078406624871,0.8118788636851746,0.8113510967678945,0.6110823214891334,0.9843065652291845,0.7697050911981543,0.5768715601932477,0.36323184228464167,0.7834421060580531,0.40544419660636133,0.7935704288581171,0.7727627776347092,0.9430201146961146,0.7834421060580531,0.9960568855363043,0.4478036859484794,0.8339485716413382,0.6136552626622971,0.7056015623791769,0.8200790560505895,0.9026929321468598,0.40848915482423276,0.9086693623495614,0.8200790560505897,0.9112328812249593,0.5301477219017499,0.8412664651734414,0.46061434424713354,0.6913490550690342,0.7311621409585709,0.8987600302522442,0.9777360756347164,0.8070467719220207,0.7995848241600538,0.794689378341565,0.8268966588916089,0.4807674782858766,0.9622525422448113,0.8808482728335028,0.7563259893357819,0.8296148328568537,0.4729468578457423,0.9550292589451809,0.8973915321386275,0.7496303146933174,0.9473547328997958,0.8541080437579992,0.6452175793836166,0.8846162930362216,0.6031403025417728,0.9560700011840431,0.9438412455332386,0.9877739866737221,0.6560432631911692,0.8760748600348447,0.8070467719220202,0.7638375846306947,0.8152444128470531,0.7397414321423519,0.7834421060580531,0.8716066634298205,0.9116118727993867,0.8070467719220202,0.9092359392244339,0.9436186730193978,0.8944675982845542,0.9458792585342426,0.8199844409645545,0.7500321881506018,0.9527294722357857,0.5840774484401499,0.5279001344326932,0.854948486861026,0.7037983529591838,0.4608972300211742,0.9112328812249595,0.7520089676333604,0.5708938232097245,0.695994482223251,0.6080558653411138,0.8944675982845545,0.4583669029731059,0.7108606542469822,0.4366240749596283,0.9220826437497919,0.800791910286496,0.877697585229493,0.7311621409585713,0.408489154824233,0.41506298566512856,0.44921622323596644,0.8070467719220202,0.4300269563826117,0.8767933840467375,0.7156868445344464,0.9526657373128395,0.9010225825203135,0.5128633226917747,0.8070467719220202,0.8070467719220202,0.8644730763964628,0.8233449805769439,0.587269738338781,0.8070467719220202,0.8846162930362216,0.8070467719220205,0.9044707110577328,0.7876773923212734,0.5970776489271925,0.8070467719220207,0.7103266325205397,0.8141422982910727,0.5032125267335419,0.5193529205132635,0.8070467719220202,0.7412945750337008,0.7013441631146906,0.47853194749887706,0.4680882435723802,0.9673813182838253,0.6740114912851061,0.8200790560505897,0.4225413865822334,0.8070467719220202,0.43916066198267134,0.9595005800017435,0.5691837593395841,0.6596505479563781,0.9898740686423377,0.5624687145957235,0.7828888451009721,0.8070467719220202,0.7511750421285802,0.6424272640269866,0.8070467719220202,0.9319024163425387,0.7720475870648007,0.7904649059364222,0.44799982652112313,0.4437619594412542,0.8070467719220202,0.8473229943161134,0.5499412484504054,0.9648129116097122,0.7829677610492394,0.6226290457934547,0.5710632830353255,0.6124382358686281,0.6536376025879664,0.8456902516433886,0.9459413039720077,0.42679884568849935,0.8247157418510878,0.5308352428018446,0.6784482677175068,0.6786805885964968,0.9172870852053601,0.826801547165725,0.78369326171423,0.8070467719220202,0.9436186730193978,0.7429103848755716,0.6403709588034768,0.9829408827402797,0.729480438131658,0.7946893783415645,0.7763033155239739,0.9310726076004745,0.7946893783415643,0.9434082327427531,0.8640713420057806,0.9527809928758624,0.7020512840629223,0.6684903778034308,0.9540291191346464,0.4929353420252518,0.9203431471101324,0.8966942107380429,0.8478585776896559,0.6219663718654469,0.8622415158560883,0.8846162930362216,0.7320896431302162,0.698283351728886,0.7613883344779255,0.834221201726153,0.8862911246385965,0.8320496064023226,0.8808482728335025,0.9218761599368475,0.8313916961153243,0.8567065401661229,0.886415725055246,0.8071700734200863,0.9829408827402795,0.6929590346490556,0.6509309668389109,0.6041321395660064,0.6730108282207379,0.9727567245730668,0.6845130185822479,0.8029933660175286,0.9641314556612997,0.7953560221672518,0.8710014135282242,0.45716858651637216,0.9925088224207315,0.8628761827318889,0.9090089695877884,0.9750993123079481,0.7069635370341181,0.8200790560505897,0.9978221006948502,0.6263019132092749,0.8767933840467375,0.9386021572253919,0.9881465217499651,0.9189253316102037,0.7370489028291183,0.8993807416255253,0.9827687655317641,0.8413059349766403,0.7887256191380707,0.9527294722357856,0.8412664651734412,0.7150975577583134,0.5016130209516716,0.6691849049562806,0.8944531928030557,0.8007919102864962,0.5628791498205035,0.9600183757398066,0.841305934976641,0.5268981389060363,0.8070467719220202,0.8061744934456333,0.8070467719220202,0.8070467719220202,0.3611831269704311,0.7552872343353834,0.6916774264569947,0.8070467719220202,0.5208519047877909,0.48148106280417924,0.8822825597621247,0.7479253256887533,0.7561174062027927,0.7324116150091053,0.6515515564161098,0.9326776838239056,0.4553036017299096,0.9112170455859332,0.9948501099564502,0.9320968266176184,0.6110682314070714,0.644568734205424,0.6308003655643448,0.9396278158106901,0.755129633153168,0.8486241527613598,0.9286490218650869,0.8339485716413384,0.8305851946992635,0.8456902516433886,0.7709433916215207,0.910340733421104,0.9906175680130029,0.8015729060125198,0.42627795809320057,0.9520456694172659,0.5992135977762183,0.9207130639246642,0.9155679637305841,0.8153056432519317,0.8862911246385965,0.8134696855167478,0.8486886230350179,0.5833760405630886,0.5213997448923635,0.9213426026941536,0.713660368629331,0.8413059349766414,0.590422034134874,0.7511694662236434,0.8007919102864964,0.39291392895826605,0.7199170131208841,0.8944675982845545,0.4603397608477413,0.4797952495027712,0.9662880709344444,0.5125672414688904,0.7660430807260572,0.7794714346908228,0.7620801874622953,0.8070467719220202,0.826801547165725,0.7545682722123006,0.9210959120895406,0.5413000645977821,0.9213120051013415,0.800799813509971,0.9903721473260303,0.6516767389077354,0.9172870852053598,0.4323780119839603,0.8488894389623107,0.6210185389718461,0.8943076430647745,0.5589876569171841,0.8216567655514619,0.9368826856829253,0.7574913696639685,0.7337757556888058,0.7727627776347095,0.7663489752175744,0.5704387975594697,0.4171172314679332,0.6916468907480402,0.8259600209869087,0.8003311117470443,0.6508749341462774,0.6317235097256804,0.8488894389623107,0.8077853720781178,0.9219237397948674,0.7496303146933174,0.8990672967133668,0.7287225572897016,0.800791910286496,0.5572322155768459,0.5387915989682786,0.8944675982845545,0.6814755727673706,0.9672286852092142,0.7250486775145328,0.9827687655317641,0.7671941876032182,0.9430201146961144,0.9600396574518153,0.8620728244415258,0.6952114540263152,0.7961064637088169,0.9116118727993867,0.826801547165725,0.9320684863015756,0.8070467719220202,0.6916774264569951,0.488775042667712,0.0,0.6962792028641851,0.8070467719220202,0.6197337843981845,0.4213868841764099,0.6853119227606894,0.7056015623791774,0.8209397702893189,0.6516714801388415,0.5472095288498792,0.8235867930470449,0.7667672413146358,0.9014161173138544,0.6111267236882887,0.6939478880105086,0.8061744934456333,0.8152444128470531,0.7297132764213234,0.9720020980078723,0.7894658072163003,0.8568667102675331,0.7924494782008715,0.794689378341565,0.8568667102675336,0.7771687304254187,0.7510144443985958,0.8070467719220205,0.7384152878238188,0.7262409716056732,0.8516769112886904,0.9648549477429393,0.8381919070735808,0.42376430543691845,0.39442126764842433,0.800791910286496,0.8898606214266389,0.8150157770573556,0.800791910286496,0.8284969009147185,0.8259600209869085,0.8070467719220202,0.8150157770573554,0.6821408401991449,0.8070467719220202,0.7500321881506018,0.6472141117217856,0.9095012704040786,0.8456902516433886,0.9648129116097122,0.9898740686423377,0.800791910286496,0.45889714108615465,0.31864499891165343,0.8049988847318241,0.47454639436839907,0.8070467719220202,0.6474061482565618,0.9112328812249593,0.8182239566029232,0.39675291174504457,0.8794758075761906,0.8412664651734412,0.9016718770795429,0.9563990540073418,0.8637192092529598,0.7606222572952102,0.7652689524497791,0.7709024567071356,0.8187716765118254,0.9804514990929405,0.6299901531556257,0.8697573482257857,0.9777360756347164,0.7563259893357812,0.8456902516433886,0.8037122619981842,0.5198776540715805,0.8070467719220202,0.8925836270476606,0.76117999899261,0.8488894389623107,0.4738832875747532,0.8957924858305065,0.8697573482257854,0.3676528070301791,0.7946893783415645,0.40772707288258236,0.47143313761124683,0.8070467719220202,0.8070467719220202,0.8389749432958866,0.7663727701660369,0.663997670849628,0.3614045411527005,0.5652912986921075,0.4355263108588141,0.5732122336709822,0.47965855132401747,0.7448518495622387,0.40393911267291716,0.8070467719220202,0.9807994460560281,0.826801547165725,0.8568667102675338,0.4095406729179869,0.7834421060580531,0.3288029832406921,0.8070467719220202,0.8070467719220202,0.4277437023488857,0.8070467719220207,0.4575614200721986,0.9453616138838493,0.49736387915007496,0.6178145599317046,0.85072596140692,0.8564571048470758,0.47530083970174575,0.4326590871803977,0.8070467719220202,0.6780857041613111,0.45486397096636577,0.804320817711141,0.9199117165193277,0.9187512883307858,0.6432580477018222,0.6782403328594562,0.687112500881482,0.9807252008367309,0.7097200370628891,0.8070467719220202,0.39286457542094255,0.7250486775145326,0.6757379896147804,0.7594936832386443,0.6971684673930665,0.9719566089310901,0.6268361187315552,0.6724799884979042,0.838890578437727,0.8528501793000178,0.5611010823638956,0.893886250815211,0.8488894389623105,0.8369993956601447,0.8496210060720477,0.40393911267291716,0.8268966588916087,0.800791910286496,0.4437393611198226,0.7164563561696088,0.8080291577254648,0.956265463519717,0.9551288496473618,0.8451558587437946,0.955128849647362,0.9927297376643829,0.882465187068131,0.9737908887413687,0.5742274500172817,0.7652689524497791,0.8846162930362214,0.9453616138838493,0.728915134841279,0.7074975223402786,0.8085544851979651,0.7282232490337205,0.9214237882167706,0.7361363206756357,0.8134696855167471,0.5240113516653544,0.8388572074136864,0.7392038381676296,0.671268629908212,0.8070467719220202,0.6203238074705317,0.9078303776591793,0.5602968165485114,0.8488894389623107,0.8976707417821044,0.6589724852626077,0.8705684122330228,0.8070467719220202,0.4323780119839603,0.4356059559239809,0.9999313275242173,0.43900592004492045,0.41817462901485536,0.4163828940482093,0.7953195658982098,0.55628101305115,0.8274311786937696,0.9673827617848294,0.5200835129093176,0.7552872343353838,0.6259251847277962,0.8568667102675336,0.8015729060125198,0.8070467719220202,0.7502064446983647,0.9726201634571445,0.47489527011786137,0.9160755741786697,0.466781739192784,0.9078303776591791,0.800791910286496,0.4938528450152786,0.4728157711299721,0.7823267604870914,0.39291392895826605,0.40488164418496786,0.8070467719220202,0.4921256796145138,0.6325180985820216,0.7453753921148882,0.8070467719220202,0.40349111295129014,0.9625483257799177,0.7834421060580531,0.7784300701739513,0.8284969009147185,0.4689973486987984,0.9525957608544999,0.8883826070257723,0.7723156123758674,0.8619556021777361,0.8478585776896561,0.4761205635507495,0.8070467719220202,0.8973978783162266,0.8070467719220202,0.9095012704040786,0.5716330085960437,0.6113522349842966,0.8568667102675338,0.7006613077729444,0.49541316701290206,0.6609899261972969,0.9840183705291552,0.8070467719220202,0.730718739741195,0.6250278339751397,0.8842046764924061,0.8375686076050644,0.6780857041613095,0.8898606214266391,0.7150975577583141,0.906951559059644,0.9984695943070976,0.5867700714590359,0.4540201975431908,0.9984695943070976,0.7652623069827438,0.8268966588916091,0.7311621409585711,0.9984695943070976,0.8568667102675338,0.8935728356439261,0.8631222787530042,0.7765705427323659,0.8007919102864964,0.9270948121343711,0.8182239566029237,0.658679721158344,0.8822825597621244,0.9438558997632323,0.609843114935124,0.9192327494821738,0.9947268446840543,0.9824895597686272,0.646035282889198,0.9243576259255888,0.6428555199653008,0.6352465116500772,0.989007325172311,0.6517131373962839,0.7995848241600538,0.8722711465586108,0.8456902516433886,0.7568152905730728,0.8193910184777249,0.624532038016302,0.8087466013607778,0.7987441936862304,0.8268015471657251,0.8061744934456333,0.8649474056082691,0.6592740449796468,0.7577128405550939,0.8197172028888539,0.8562537677780576,0.9983052447060875,0.854948486861026,0.7256622813871004,0.879318092617299,0.7196682612932066,0.6242471095691129,0.9056462594368662,0.6497898962927597,0.719988795577706,0.9648129116097122,0.8259600209869087,0.8759881163537311,0.6449329538513504,0.893886250815211,0.8869039903427852,0.9956818008719557,0.9394065197436199,0.9441290114848947,0.9583905879012907,0.9379840996863144,0.8562018915429415,0.9459800283844653,0.8652392116869965,0.8200790560505895,0.8631222787530046,0.6703150748906256,0.6245320380163002,0.9720020980078723,0.9622525422448112,0.5261362758900967,0.8427391932542612,0.84862415276136,0.8547345879297663,0.5136659319090373,0.8409545460870311,0.6471924772943582,0.8504636644420462,0.6508172918223232,0.9999313275242171,0.8061744934456333,0.4921350809052585,0.9906175680130029,0.872271146558611,0.8846162930362216,0.7088009038312961,0.87538386778876,0.9501007073595877,0.8061744934456333
p223_Y,0.8118751093886476,0.6989974545399402,0.7525492344931719,0.9715519476804579,0.9200475251844389,0.7055923194405043,0.9331705974311842,0.9933625464337565,0.8485974223311197,0.9373855340691761,0.982324224352259,0.9174557485535397,0.9174557485535397,0.3113122168603575,0.9169212952208242,0.8908074406456208,0.9638865172683291,0.7632905462643669,0.7448260884056367,0.670512526574828,0.9909376552202114,0.9407634795537994,0.883691852356521,0.968805048104574,0.9747559458370871,0.8921587537070723,0.5516946971240839,0.897889827165478,0.6705125265748282,0.7400525711505557,0.8819472699932516,0.9282725629505151,0.9905174556385543,0.8722428588429538,0.9200475251844389,0.9587907869179464,0.9850988399428099,0.5668422364124197,0.9406910117203195,0.4656072161179715,0.867395220591731,0.894276316207222,0.9406910117203195,0.862922813893525,0.9226673352539048,0.6617832117924068,0.9254476077793645,0.8433666659801877,0.9918037916582512,0.8296873519133925,0.9282725629505151,0.5515098153871095,0.8921587537070723,0.9076672018071592,0.9100373996478222,0.8880034676011164,0.9881949600984963,0.9200475251844384,0.8495115322764712,0.8736680083219526,0.8521229825390564,0.8341174167201993,0.8921587537070734,0.9189118661130187,0.9311946072310933,0.8620973345363774,0.9236497967373473,0.8155180978592678,0.9020130542846475,0.9052996122898685,0.3848287092731765,0.8900683556162929,0.9200475251844389,0.7271976638668829,0.9200475251844384,0.9167339252194597,0.903057155962083,0.7867278122502834,0.7811175297355271,0.8824506538600925,0.90534156988644,0.7828325272670119,0.6942754853601112,0.8921587537070732,0.9200475251844384,0.3266894300536164,0.9407634795537994,0.7312476454124126,0.9077407829130988,0.9174557485535395,0.9200475251844384,0.3839344577930829,0.6064212361774743,0.771595247991292,0.8839442688895067,0.8433666659801876,0.39679774456347083,0.9429434772664502,0.7165043709842343,0.7343334779041661,0.9116135474041246,0.6458041751834304,0.4988114289855621,0.6280659521404504,0.8630500500926087,0.9342268638258988,0.4925935291915191,0.6809692758501729,0.900810973023598,0.7904434274795977,0.4237632270408881,0.7203984258453255,0.9485785445775852,0.8653488176206209,0.9792750106568119,0.9083948744871728,0.8169980576358107,0.9342268638258988,0.9406910117203195,0.7765826220284089,0.8629228138935248,0.4447167615235278,0.43368427165500123,0.8300272732580968,0.9610688937127851,0.6727455519907513,0.9850988399428099,0.9318778329717143,0.7784821996158586,0.8666109663611836,0.7997210390611174,0.9254476077793647,0.824931369862588,0.9406910117203195,0.9638865172683291,0.7297473580594567,0.8096396498255152,0.8742905832999674,0.9282725629505151,0.9149270915494645,0.8813088468850985,0.9373855340691761,0.7829885264454601,0.6889868448161125,0.5291205652421787,0.8592817462285582,0.8561085609507002,0.751421273597368,0.8900683556162929,0.6581209291508349,0.894570777635396,0.8521229825390564,0.5928631239260922,0.905916353630557,0.9282725629505153,0.9239801676302792,0.8896499488245481,0.7319581401563453,0.8808975725953527,0.6108357109812415,0.7603068303684917,0.9254476077793647,0.6759176534822517,0.6886938936200016,0.8635905304363203,0.4843836181149729,0.8030296199067852,0.7719882607592561,0.8839442688895067,0.8798049357232043,0.7166498629894611,0.9174557485535395,0.8880034676011161,0.9017519241542784,0.9169434053420296,0.7339451363273897,0.7983172630337141,0.818630223126076,0.9432800147085861,0.6537428942242964,0.8893380898814516,0.921176871136669,0.9214006317669097,0.9174557485535397,0.7782415422524411,0.558004401537493,0.7978451729509497,0.8451030973273084,0.9076672018071592,0.8357941368922185,0.9149270915494647,0.8485974223311197,0.609535797150896,0.726763881714741,0.906118892941232,0.9200475251844384,0.9227089361519578,0.5777011481419373,0.8433666659801875,0.8762627027648181,0.8788359888067381,0.9174557485535397,0.9200475251844384,0.9693807051549057,0.726763881714741,0.9373855340691761,0.9200475251844384,0.9181988472740772,0.8666109663611838,0.869009127379877,0.8173122444164198,0.9306784711055769,0.9522319435190597,0.9200475251844384,0.7732596137010794,0.9200475251844383,0.8206635321074087,0.7268356814880588,0.7353092525711518,0.9200475251844384,0.9963019395041789,0.9200475251844384,0.9927946735774864,0.9554949901576869,0.36672141721601115,0.9910873550880803,0.9730862985612765,0.6590242472057779,0.9149270915494645,0.7748379498023497,0.9030571559620832,0.931893375852241,0.7308143252698347,0.8269917519466465,0.824931369862588,0.8416368978310875,0.8279993553837639,0.8896722072656162,0.83167470403672,0.8957156269639843,0.8666109663611838,0.9124559366883973,0.42098548302956884,0.9149270915494647,0.9200475251844384,0.846846556117637,0.9200475251844384,0.6776979422253142,0.49308650037720725,0.9282725629505153,0.8859625712873518,0.639846171730011,0.922708936151958,0.8647606979879741,0.9747559458370869,0.37729224066671296,0.982324224352259,0.7815549177292971,0.9254476077793647,0.4213646064299773,0.7980705316104619,0.754814334248533,0.9174557485535395,0.9311946072310933,0.6521024065849579,0.9406910117203195,0.7978602625972757,0.7577474010383416,0.9643354540158497,0.8408401366093421,0.4740470255955246,0.9282725629505153,0.7615603994055546,0.7581052653999119,0.7080992620939185,0.9342268638258988,0.7307161954150858,0.8759871265333741,0.9966622748365281,0.6581367696239637,0.9342268638258988,0.7874698768873514,0.7269517106651595,0.9311946072310933,0.9933554807558131,0.7166498629894605,0.45524941205578406,0.9323959366850338,0.6962792028641851,0.9582299683733857,0.9254476077793647,0.9254476077793647,0.603103342971026,0.6913349137775593,0.7215077363943285,0.7715952479912922,0.9620012761274979,0.8352010465863464,0.9342268638258988,0.9011398453294076,0.8047253362578327,0.535420168116221,0.5781353026756926,0.6886938936200018,0.8399134433261006,0.979275010656812,0.9403725843137768,0.8684742769407376,0.840946909294147,0.8851947941280291,0.8179456348562546,0.6052524594878981,0.730465563868759,0.7411493609952318,0.4836050574710966,0.9373855340691761,0.9017126880527937,0.7265270893399697,0.9624724756060741,0.8957156269639839,0.7267619352587598,0.9254476077793647,0.9200475251844384,0.9282725629505144,0.6788872179722193,0.8322006862700796,0.9342268638258988,0.9311946072310933,0.8219196355916589,0.9200475251844384,0.9008109730235982,0.9342268638258986,0.7645450975803668,0.9728705348584785,0.9621773000415166,0.7471942360054256,0.9282725629505153,0.7376909702588748,0.7516477933591441,0.6924916765022124,0.9100373996478224,0.5582268498743743,0.9254476077793645,0.872242858842954,0.7116250755949072,0.9076672018071592,0.8592817462285576,0.9996437898601822,0.6310284691369408,0.6465325184204065,0.6505650356666179,0.9638865172683292,0.9174557485535395,0.8159696289991438,0.848148495920831,0.6962792028641851,0.6981550025355214,0.5588832496479759,0.9200475251844384,0.7699287912682953,0.8703513274042389,0.7911380768523633,0.8917348229536435,0.9373855340691761,0.7565056600756235,0.9200475251844384,0.9200475251844384,0.8900683556162929,0.8485974223311197,0.4538207121736251,0.9200475251844383,0.7825416521051122,0.9905461600724844,0.9037287765875095,0.914379658024147,0.8036532803565439,0.9458430027009459,0.5831403742487509,0.8329985788959038,0.6835206323767287,0.71904880364331,0.9200475251844384,0.9291564185173373,0.6314613692386741,0.6484469377423765,0.6910311090749497,0.8357941368922185,0.696465740754175,0.9254476077793645,0.6790150744675423,0.9200475251844384,0.6055228208147414,0.9610688937127851,0.8209047503398823,0.729032933508738,0.922708936151958,0.8262096225391028,0.5266022084170559,0.9200475251844384,0.8364841448033244,0.7312476454124125,0.9200475251844384,0.911552100464315,0.822174554374175,0.9554370396258114,0.5671534388888997,0.6886938936200016,0.9200475251844384,0.8636527006101573,0.9422935503338332,0.9149230616438511,0.8366754263168158,0.880060262209182,0.853898525915068,0.8556831783106496,0.6086591648228682,0.9792750106568119,0.8399134433261006,0.8212843295402945,0.66598404724818,0.7682601072260424,0.7712686104351958,0.8038012476583964,0.8986003425351379,0.9730090101747262,0.625470266252945,0.9200475251844384,0.9342268638258988,0.6842820397844227,0.9787216594770383,0.9053415698864398,0.9846889590045791,0.9149270915494645,0.9697430427441189,0.922708936151958,0.9149270915494645,0.7867278122502839,0.588217743728639,0.9863342705377391,0.9372186281199562,0.806153350477999,0.9342268638258986,0.7581936916224563,0.9373855340691761,0.9076672018071594,0.7385533156176267,0.8800233239243667,0.7952922553041872,0.9934000968343186,0.9482528065457387,0.8684742769407376,0.8016978713865173,0.894276316207222,0.9030571559620832,0.9785871744260106,0.7887202475291657,0.872242858842954,0.9446701888736624,0.8747201324780254,0.5690027796974946,0.9704285116343061,0.90534156988644,0.8819472699932518,0.6021103673579362,0.6420160890425428,0.5070648808837652,0.9226673352539045,0.8441494419422273,0.8056414852341628,0.8780124908814337,0.8964228513787131,0.8986003425351381,0.5616645988836428,0.90534156988644,0.8918739593306383,0.8964228513787131,0.9878657306248143,0.6704252288358064,0.5028881028376961,0.8941463922562309,0.9447214675447797,0.7430386669273205,0.8931535433523747,0.9342268638258988,0.9065048223856086,0.8296873519133925,0.6584525097687595,0.9567209276149589,0.5516946971240839,0.7990097892106314,0.9282725629505153,0.9342268638258988,0.6700131306199576,0.7793506791433118,0.9199593300484505,0.9522319435190597,0.9522319435190597,0.7218778750686914,0.9900460144345289,0.9124559366883973,0.443666459628822,0.9200475251844384,0.9311946072310937,0.9200475251844384,0.9200475251844384,0.714700609225059,0.8986003425351381,0.7969152130256065,0.9200475251844384,0.7000229115935939,0.7445898384539444,0.8666109663611835,0.7291623038587742,0.8826762887437765,0.8402561107504622,0.8061533504779992,0.8468465561176368,0.7480134585565221,0.9100373996478224,0.8212843295402944,0.9311946072310935,0.8703513274042394,0.7080992620939182,0.7732596137010794,0.830027273258097,0.9100373996478224,0.9149270915494647,0.7247662979999725,0.7097466201437781,0.6591006821295778,0.9792750106568119,0.6895555541949656,0.903057155962083,0.7904575636539533,0.9348849767198615,0.7615603994055544,0.6147220945791841,0.8521229825390564,0.8986003425351379,0.8741496598639455,0.9254476077793647,0.9030571559620835,0.6163299443218824,0.9912103156349972,0.774922025630465,0.8051966717596684,0.9282725629505153,0.9444829007742854,0.9124559366883975,0.9253653541801454,0.7609635031046145,0.96089318452934,0.6484469377423765,0.9163889031779977,0.6466395413006416,0.5881923207098456,0.7581936916224563,0.846846556117637,0.6513069119022097,0.7198796081207544,0.8538985259150682,0.9547657229216628,0.9200475251844384,0.9730090101747262,0.8684742769407376,0.9200475251844389,0.9963019395041788,0.903057155962083,0.9149270915494647,0.7267201196486021,0.8062288601425911,0.7748379498023508,0.6925032946421634,0.8945707776353962,0.6704252288358064,0.90534156988644,0.7898190356810508,0.9149270915494645,0.7680423763892489,0.8383936869062363,0.6095051427884095,0.8964228513787131,0.7890451776207588,0.8112970133509299,0.6751825388807458,0.7848632928175454,0.6766090573414464,0.7941558919271763,0.8748498474308927,0.8819472699932516,0.6705125265748269,0.9377834594303425,0.9227089361519583,0.7065718111546988,0.873194679779312,0.8313795545512619,0.9174557485535395,0.6657401673350554,0.7617721069617653,0.9996437898601822,0.9016911851180709,0.9254476077793647,0.8322563605431141,0.8962013212613387,0.9293058851115359,0.9496841779691463,0.8300272732580971,0.9008109730235982,0.9166344620409568,0.9791844484148314,0.9174557485535397,0.9776317763878946,0.7645450975803667,0.9200475251844384,0.872242858842954,0.7881678325190942,0.6962792028641851,0.0,0.9200475251844383,0.8867179459233652,0.6632498169181213,0.8521229825390564,0.9715519476804579,0.9017126880527933,0.3839344577930828,0.8129560940834353,0.7225393474862888,0.7520406737494818,0.9601148033434079,0.7649155160766994,0.7567935973165529,0.9311946072310935,0.3627097340321226,0.9784078757357106,0.9254476077793647,0.784133106405212,0.5876867631607772,0.8859625712873518,0.5777011481419372,0.5876867631607796,0.9076672018071592,0.677833398243572,0.6776240584717153,0.8330275800087455,0.9359636428127365,0.9342268638258986,0.9200475251844389,0.9030571559620832,0.6354654305589479,0.6886938936200018,0.9174557485535395,0.9282725629505153,0.9124559366883973,0.9174557485535395,0.9174557485535395,0.8722428588429538,0.9200475251844384,0.9124559366883973,0.9083575213228523,0.9200475251844384,0.5333644884359082,0.7812175412753577,0.9342268638258988,0.9792750106568119,0.9311946072310935,0.922708936151958,0.9174557485535395,0.6079244533764605,0.7765826220284091,0.8986003425351381,0.7497192760284941,0.9200475251844384,0.7921180039343328,0.6934428659653423,0.9966622748365283,0.6750777754553818,0.5949336361899238,0.7983172630337143,0.7546182801797301,0.900810973023598,0.8132377670080129,0.6555191900954684,0.9200475251844387,0.8666109663611836,0.6311949491165872,0.8940329303133525,0.8881507821781001,0.8637104667161029,0.9052996122898691,0.8047253362578325,0.9730862985612763,0.5742820223031951,0.7514212735973682,0.9200475251844384,0.7670303732147918,0.9547657229216628,0.9373855340691761,0.6892438431512112,0.9948943007172464,0.8252191394831929,0.7236569203772727,0.9149270915494645,0.6711007288448582,0.6609742473889244,0.9200475251844384,0.9200475251844384,0.8647606979879741,0.7263058105565445,0.44175410501714696,0.6851399322639291,0.7565056600756233,0.5671534388889001,0.602110367357936,0.6848496741376331,0.9305758392712087,0.7446009709529269,0.9200475251844384,0.8433666659801875,0.9730090101747262,0.9406910117203195,0.5664597113844508,0.9342268638258988,0.7342136047376415,0.9200475251844384,0.9200475251844384,0.6441726971265243,0.45410827161402334,0.79115134228981,0.908411226079336,0.6952002395450969,0.9522965200837624,0.885962571287352,0.9522965200837623,0.7394224709773589,0.6312375582664199,0.9200475251844383,0.5512958215828081,0.7128903122687851,0.922708936151958,0.9342268638258988,0.892871526299668,0.8924204004759113,0.8329974357643426,0.5943425109009978,0.922708936151958,0.9275627705584844,0.9200475251844384,0.7271976638668829,0.6835602045167916,0.8416368978310873,0.8195459497216218,0.7761909904931469,0.9076672018071594,0.85035609281834,0.558004401537493,0.931194607231093,0.7931200687422753,0.7832096581188028,0.9124559366883973,0.9505853404005389,0.8780124908814337,0.8921587537070732,0.7055808561989083,0.9282725629505151,0.9174557485535395,0.8046759588149297,0.8880034676011164,0.7259237851996106,0.9376641311574454,0.9406910117203195,0.6095051427884088,0.9406910117203195,0.9406910117203193,0.8633240836039423,0.9045780474351903,0.8364841448033244,0.9200475251844387,0.9373855340691761,0.9838238732627683,0.903057155962083,0.583430176917811,0.9100373996478226,0.9174557485535397,0.8880034676011164,0.8330762331435031,0.9227089361519578,0.7890451776207587,0.8703513274042392,0.8206106328467511,0.7833997721456938,0.9200475251844384,0.3839344577930829,0.9200475251844389,0.6690968327333886,0.9373855340691761,0.9305758392712088,0.8964228513787125,0.8464140288752242,0.9200475251844384,0.6925032946421634,0.5881923207098457,0.8964228513787129,0.6943953537899379,0.7271976638668827,0.7055808561989085,0.9776317763878943,0.7792432744837863,0.7565056600756235,0.752563920722388,0.6924333063092507,0.6659840472481791,0.59248667832319,0.9414034319999552,0.5934147788787324,0.6776240584717153,0.916634462040957,0.9918037916582512,0.7463036898445792,0.846846556117637,0.5778490429270312,0.9200475251844387,0.9174557485535395,0.7514212735973682,0.7889510387209399,0.7347629580896422,0.6484469377423765,0.6103085702368609,0.9200475251844384,0.6670824330711573,0.9988893640989669,0.49839113045840433,0.9200475251844384,0.7480134585565221,0.8082824043846147,0.9342268638258988,0.8986003425351381,0.9174557485535395,0.78856730255894,0.8921587537070735,0.7554910126549798,0.9116135474041246,0.9380906561355631,0.847407218171798,0.5725470208517476,0.9200475251844384,0.8859625712873518,0.9200475251844384,0.9342268638258988,0.6205032447981829,0.8179456348562544,0.9406910117203195,0.8839442688895067,0.6537537563048295,0.8503560928183398,0.9715519476804579,0.9200475251844384,0.7559728170533346,0.7183017411283747,0.6728821738289632,0.9779557555761353,0.8957156269639841,0.9282725629505153,0.8819472699932516,0.8799703801338814,0.8684742769407374,0.8313795545512619,0.6295691142493445,0.8684742769407374,0.8780124908814337,0.43005766236355525,0.9620012761274979,0.8684742769407374,0.9406910117203195,0.995523963715641,0.922708936151958,0.8718797744147899,0.4309827118094578,0.8799703801338814,0.6759176534822519,0.899995145173208,0.9878657306248141,0.8986003425351379,0.8647606979879741,0.8900683556162929,0.9174557485535397,0.9030571559620832,0.8011755574283383,0.43603149259238905,0.9496841779691461,0.7577474010383418,0.8610966926191235,0.8970943882146084,0.6012544641739158,0.9227089361519578,0.9254476077793645,0.8712483674877676,0.8433773845215852,0.885962571287352,0.7191318778437394,0.9471617281634868,0.9282725629505149,0.9824887176061117,0.9363275959529942,0.8839442688895065,0.7947730181838542,0.9893082522252976,0.9779557555761356,0.8729637715833722,0.6555191900954681,0.9431338207947484,0.9200475251844387,0.8639378370903932,0.6423309257935701,0.6522667987896074,0.8693154315260125,0.9293607570465641,0.9824887176061119,0.9472979076308062,0.9181407844243687,0.8921587537070723,0.9638865172683291,0.8240540225140741,0.8235049062805432,0.9095797976046847,0.8525526381867026,0.6712538305515549,0.8573104890398129,0.5612950197368582,0.9019688173237883,0.767270230277429,0.9730862985612765,0.922708936151958,0.8212843295402947,0.8859625712873518,0.8363589383110775,0.891060789136005,0.7848632928175456,0.8387769811803858,0.8313870282962366,0.9149270915494647,0.7759909081451182,0.9610239835749422,0.731583465295569,0.7410815567472548,0.7782415422524409,0.7828325272670115,0.9311946072310935,0.8313795545512619,0.6503392880366976,0.8007143921323464,0.9373855340691761,0.9668048883906253,0.9342268638258988,0.814110542476369,0.9311946072310935
p224_Y,0.7524297972473162,0.9413411539914588,0.8918007079504506,0.922501574170787,0.9492063492063487,0.9623211158059548,0.7050163519970583,0.7509151724713103,0.903814238682265,0.960221152322577,0.9398636845831868,0.9475597985845114,0.9475597985845114,0.922501574170787,0.9106019687464652,0.5567710364845595,0.9443834278905731,0.9314886672615048,0.9582144552981327,0.960221152322577,0.8875255844205961,0.938412400887346,0.935580996038617,0.9508971383859763,0.9369854052620162,0.9314886672615046,0.9443834278905731,0.916441965519317,0.960221152322577,0.7739436107925906,0.9250013316406692,0.9544316996038,0.9428469360414609,0.918836138227166,0.9492063492063488,0.9582144552981327,0.9508971383859763,0.9428469360414602,0.9623211158059548,0.9301606414450722,0.8993922310882436,0.9328339505740529,0.9623211158059548,0.9129151319089189,0.9443834278905731,0.8474513194974065,0.9526370111116405,0.9004911494084332,0.9301606414450722,0.8918007079504506,0.9544316996038,0.8495864161552136,0.9314886672615046,0.13408370177867734,0.9428469360414604,0.9288488221297497,0.9288488221297497,0.0,0.7383793872014481,0.9459533477380775,0.9060540201833016,0.831146423199498,0.931488667261505,0.8993922310882436,0.9562880686171874,0.8244397822834254,0.9544316996038,0.6473831763250286,0.7698078233874499,0.9582144552981327,0.9212691469911799,0.9301606414450723,0.9492063492063487,0.8266892096935957,0.0,0.8864622842804517,0.9384124008873459,0.9398636845831868,0.8233095582802461,0.9623211158059548,0.9398636845831868,0.9341976401680094,0.31108550994831186,0.9314886672615048,0.0,0.9176344520056336,0.9384124008873459,0.8046479448175361,0.8939536575643378,0.03139863267861642,0.0,0.8918007079504506,0.8311464231994979,0.8548949080074899,0.31108550994831186,0.48955645159511174,0.8896584524348262,0.8875255844205963,0.8198957816506434,0.8187498553347689,0.9288488221297497,0.9526370111116406,0.9492063492063488,0.8580633769736241,0.6072669396673074,0.9582144552981325,0.9071820194155719,0.7973204052495683,0.9369854052620166,0.8289245259008584,0.8759110188590657,0.9328339505740529,0.8070467719220202,0.9094556823349389,0.9526370111116405,0.7833099084134079,0.9413411539914588,0.9582144552981325,0.9623211158059548,0.8580633769736241,0.9129151319089193,0.8854008763534221,0.9369854052620166,0.9250013316406693,0.9314886672615048,0.7554264789789614,0.9508971383859763,0.6339927913026551,0.9475597985845114,0.9152582079543838,0.8727631680356085,0.9526370111116403,0.9544316996038,0.9623211158059548,0.944383427890573,0.8453085223330432,0.8790644420447875,0.9544316996038001,0.9544316996038,0.06018876900101988,0.8046479448175361,0.960221152322577,0.8244397822834253,0.8717146038820363,0.8875255844205963,0.9106019687464658,0.8928757609748665,0.8420784215528954,0.9301606414450723,0.7583810530554915,0.9602211523225768,0.9060540201833015,0.8559522762859684,0.8811713725919912,0.9544316996038001,0.9301606414450724,0.8950345750758598,0.9140827360776214,0.8938851835250172,0.5567710364845593,0.7367566674079002,0.9526370111116407,0.9341976401680094,0.7431708752992887,0.8972062142375331,0.9164419655193166,0.8612222667022558,0.8993922310882436,0.9262700211315916,0.8453085223330432,0.9225015741707872,0.9475597985845114,0.9288488221297494,0.6783615558233287,0.8538362113124117,0.8780124908814328,0.9582144552981325,0.6072669396673074,0.9200475251844382,0.5526275082095409,0.9117550006367755,0.8885909234541712,0.9288488221297497,0.9475597985845114,0.6394614409405002,0.8538362113124117,0.8580633769736241,0.9015943008452886,0.13408370177867746,0.9237454173815312,0.9459533477380775,0.9038142386822652,0.8221755430097109,0.7897778653703146,0.9060540201833015,0.0,0.9508971383859763,0.9459533477380776,0.4895564515951114,0.8355526955775657,0.8918007079504507,0.9475597985845114,0.0,0.8685695845092951,0.7897778653703147,0.960221152322577,0.0,0.6951973979147161,0.9152582079543838,0.8864622842804516,0.644778770381618,0.904931518601306,0.9475597985845114,0.0,0.6473831763250286,0.0,0.8117838598171899,0.8388272306091985,0.8355526955775658,0.0,0.6339927913026551,0.0,0.7050163519970583,0.9071820194155715,0.9164419655193167,0.8759110188590656,0.9526370111116407,0.7711949776746394,0.060188769001018994,0.9355809960386169,0.9384124008873461,0.9060540201833015,0.7554264789789611,0.9188361382271667,0.9544316996038,0.49513192327918454,0.8907283270583697,0.9027019168030599,0.8972062142375331,0.915258207954384,0.9152582079543837,0.944383427890573,0.8854008763534221,0.9459533477380776,0.0,0.9027019168030598,0.0,0.7334713952978886,0.9152582079543838,0.9544316996038001,0.9275522446953854,0.7711949776746394,0.9508971383859763,0.9140827360776214,0.936985405262016,0.8928757609748665,0.9398636845831868,0.8612222667022561,0.9526370111116406,0.8717146038820363,0.8717146038820347,0.8442340263447973,0.03139863267861642,0.9562880686171873,0.8289245259008584,0.9623211158059548,0.8333555867103808,0.8333555867103808,0.24376003609304187,0.8706662210952575,0.8748612665230131,0.9544316996038001,0.8485197883378751,0.7973204052495684,0.7780046509581304,0.9582144552981325,0.8289245259008584,0.9140827360776214,0.9341976401680094,0.9015943008452882,0.9582144552981325,0.8517144868263773,0.8141237078825918,0.9562880686171873,0.8982973238138027,0.9225015741707868,0.9526370111116407,0.9188361382271666,0.8070467719220202,0.9459533477380775,0.9526370111116403,0.9526370111116407,0.7985559379258667,0.9582144552981325,0.7985559379258667,0.6499526646778642,0.8854008763534221,0.8442340263447973,0.9582144552981327,0.9492063492063487,0.9301606414450722,0.9459533477380776,0.9544316996038001,0.8022278398026612,0.8982973238138027,0.9526370111116403,0.9301606414450723,0.9164419655193171,0.7250134267509765,0.9094556823349389,0.8843412180810756,0.6848496741376313,0.7923174570100687,0.6911250629978629,0.8727631680356076,0.9602211523225768,0.9038142386822652,0.9602211523225769,0.9188361382271667,0.9152582079543838,0.9094556823349389,0.9526370111116405,0.0,0.9544316996037999,0.9027019168030598,0.931488667261505,0.9582144552981325,0.9562880686171873,0.9475597985845114,0.0,0.9369854052620161,0.9582144552981325,0.9623211158059548,0.9106019687464654,0.8233095582802461,0.9341976401680094,0.9544316996038001,0.8333555867103808,0.8289245259008584,0.9369854052620166,0.942846936041461,0.8409971458279799,0.9526370111116405,0.9188361382271659,0.8117838598171898,0.9413411539914588,0.9106019687464656,0.9623211158059548,0.7655931084723667,0.9188361382271665,0.77800465095813,0.9443834278905728,0.03139863267861642,0.92126914699118,0.8854008763534221,0.8070467719220202,0.8082384637825221,0.8187498553347689,0.0,0.8538362113124116,0.9176344520056336,0.9200475251844384,0.9176344520056336,0.9602211523225768,0.8453085223330433,0.0,0.0,0.930160641445072,0.9038142386822651,0.8591172857456586,0.0,0.9602211523225768,0.9492063492063489,0.9225015741707869,0.8972062142375331,0.7897778653703147,0.9492063492063488,0.9237454173815309,0.9384124008873459,0.8322525541058978,0.9634411459729272,0.0,0.8811713725919912,0.9164419655193168,0.7766590274917047,0.9952327064015152,0.923745417381531,0.8704033497109469,0.9526370111116403,0.7960789049353038,0.0,0.7973204052495684,0.9314886672615051,0.8591172857456586,0.8300371089395653,0.9508971383859763,0.831146423199498,0.9428469360414605,0.0,0.896118697172979,0.7399891659895362,0.0,0.923745417381531,0.7948313236856198,0.8420784215528955,0.8152867967569688,0.8022278398026612,0.0,0.7698078233874489,0.8559522762859681,0.9562880686171872,0.6574604645689301,0.7250134267509767,0.9071820194155717,0.9083158055901509,0.8961186971729789,0.9526370111116405,0.8982973238138026,0.8864622842804516,0.935580996038617,0.8527760996057683,0.8738120195914164,0.8706662210952575,0.21151139151266873,0.9544316996038,0.9314886672615054,0.0,0.9582144552981327,0.9015943008452887,0.8129560940834346,0.9398636845831868,0.9275522446953853,0.06018876900102055,0.7478523304650294,0.9508971383859763,0.06018876900102055,0.9398636845831868,0.9492063492063488,0.9413411539914588,0.8790644420447877,0.9038142386822651,0.9582144552981325,0.8463809254714867,0.9602211523225767,0.9413411539914589,0.9355809960386171,0.801009545737682,0.9384124008873459,0.9602211523225768,0.7997856146881548,0.9164419655193166,0.5305546844946969,0.24376003609304187,0.938412400887346,0.9027019168030598,0.9526370111116405,0.9188361382271665,0.8993922310882436,0.8769613888066743,0.9341976401680094,0.8993922310882436,0.9398636845831869,0.9250013316406692,0.6827113291147924,0.7725735218970409,0.9049315186013058,0.9443834278905731,0.8141237078825919,0.8907283270583696,0.9225015741707872,0.9341976401680095,0.21151139151267007,0.8175997772209664,0.9398636845831869,0.8517144868263775,0.9341976401680095,0.915258207954384,0.7539334992316543,0.9526370111116405,0.8453085223330434,0.7143607147557587,0.9176344520056336,0.8993922310882433,0.9582144552981325,0.7301312695908226,0.8918007079504507,0.9562880686171874,0.9164419655193166,0.9443834278905731,0.9443834278905728,0.9544316996038001,0.9582144552981325,0.9250013316406693,0.8255663034700989,0.9129151319089183,0.9475597985845114,0.9475597985845114,0.7125274559321444,0.9071820194155714,0.08671734220308647,0.8717146038820363,0.0,0.9562880686171872,0.0,0.0,0.8187498553347689,0.2115113915126694,0.9188361382271665,0.0,0.7334713952978883,0.8377384241745145,0.4006068367505189,0.8527760996057685,0.8811713725919912,0.8058499662916013,0.9038142386822652,0.47795836130872393,0.8399134433261015,0.9428469360414605,0.8864622842804515,0.4408515443948542,0.9176344520056336,0.7711949776746395,0.6473831763250282,0.9250013316406693,0.9428469360414603,0.9459533477380775,0.7846176027958274,0.9562880686171872,0.8961186971729789,0.9526370111116405,0.9004911494084332,0.9384124008873459,0.9328339505740529,0.935580996038617,0.8485197883378752,0.9237454173815312,0.9060540201833016,0.9355809960386168,0.7223272158432528,0.9526370111116405,0.17526171623055564,0.9508971383859763,0.9140827360776214,0.8570084033315839,0.8399134433261015,0.4654487838138117,0.8570084033315841,0.5711669571562623,0.77934241058442,0.8896584524348263,0.9475597985845113,0.7766590274917051,0.9262700211315916,0.9623211158059548,0.8058499662916014,0.8463809254714867,0.7876282222528317,0.8034406041869142,0.938412400887346,0.9071820194155714,0.8822265994777523,0.0,0.9544316996038,0.9164419655193174,0.9492063492063487,0.8612222667022559,0.9384124008873459,0.9459533477380776,0.9262700211315916,0.8311464231994979,0.9355809960386169,0.8046479448175361,0.9602211523225771,0.7935775465776653,0.9398636845831868,0.8664724446651941,0.06018876900102055,0.9428469360414603,0.7143607147557587,0.9152582079543838,0.9341976401680094,0.7806724477786733,0.8801173618492381,0.7318083230664854,0.8633240709217587,0.9188361382271666,0.6991852245234762,0.8612222667022558,0.9250013316406693,0.960221152322577,0.9369854052620166,0.9508971383859764,0.8388272306091985,0.9027019168030597,0.525843532183836,0.03139863267861642,0.7960789049353036,0.8409971458279799,0.9623211158059548,0.8790644420447873,0.9526370111116403,0.9176344520056336,0.9164419655193169,0.932833950574053,0.9015943008452886,0.9250013316406693,0.9369854052620166,0.500567215157067,0.9398636845831867,0.9475597985845113,0.9544316996038,0.9623211158059548,0.0,0.9188361382271668,0.8654234385275935,0.8070467719220202,0.9200475251844383,0.0,0.8832831707913574,0.8244397822834253,0.9060540201833015,0.3445847415586565,0.9038142386822648,0.8918007079504506,0.8811713725919912,0.7859181167692969,0.9275522446953854,0.9060540201833015,0.659898971292181,0.8907283270583696,0.9562880686171872,0.9027019168030598,0.9288488221297497,0.9526370111116406,0.915258207954384,0.9623211158059547,0.9275522446953854,0.9459533477380776,0.9623211158059548,0.9413411539914588,0.9288488221297497,0.9492063492063487,0.6783615558233285,0.8843412180810756,0.9582144552981327,0.9492063492063489,0.938412400887346,0.780672447778673,0.8022278398026612,0.03139863267861642,0.9544316996038001,0.08671734220308558,0.03139863267861642,0.03139863267861642,0.3741839079094692,0.0,0.944383427890573,0.45276065613764793,0.0,0.9341976401680094,0.535161772248302,0.9582144552981325,0.9526370111116405,0.9562880686171874,0.9508971383859763,0.03139863267861642,0.7960789049353035,0.8580633769736241,0.935580996038617,0.84099714582798,0.0,0.9071820194155721,0.9526370111116405,0.9341976401680094,0.7935775465776653,0.9083158055901508,0.9582144552981325,0.9508971383859763,0.9369854052620166,0.915258207954384,0.6284764518573094,0.9492063492063487,0.4006068367505189,0.9212691469911799,0.9250013316406693,0.6848496741376318,0.9398636845831869,0.9582144552981327,0.9301606414450722,0.9526370111116405,0.9071820194155722,0.8420784215528955,0.0,0.9492063492063487,0.8822265994777521,0.960221152322577,0.8377384241745146,0.944383427890573,0.9398636845831868,0.8244397822834255,0.06018876900102055,0.7569089328329721,0.7846176027958275,0.0,0.0,0.40880739824839063,0.6991852245234766,0.9027019168030597,0.8058499662916012,0.8453085223330433,0.8152867967569689,0.8399134433261014,0.7997856146881548,0.9328339505740529,0.8129560940834346,0.0,0.9004911494084332,0.9544316996038,0.9623211158059548,0.8311464231994979,0.9582144552981325,0.8311464231994979,0.0,0.0,0.7739436107925914,0.9492063492063487,0.7819949015164562,0.938412400887346,0.8570084033315841,0.8993922310882436,0.68567022295256,0.8993922310882436,0.834455605728513,0.8506512873935217,0.0,0.9152582079543838,0.8175997772209664,0.9508971383859763,0.9582144552981325,0.5526275082095407,0.7351207557283753,0.43182584581086747,0.9176344520056336,0.9508971383859763,0.8591172857456586,0.0,0.8266892096935957,0.9176344520056336,0.8993922310882436,0.8727631680356078,0.8654234385275936,0.9413411539914588,0.9049315186013054,0.8538362113124117,0.9562880686171875,0.8685695845092951,0.8622735200335979,0.9443834278905732,0.9602211523225768,0.922501574170787,0.2586095064370062,0.8129560940834346,0.9544316996038,0.03139863267861642,0.8759110188590656,0.9288488221297497,0.9152582079543838,0.92126914699118,0.9623211158059548,0.9152582079543838,0.9623211158059548,0.9623211158059548,0.9027019168030598,0.36470195687094553,0.8961186971729788,0.9492063492063487,0.9602211523225769,0.938412400887346,0.9384124008873459,0.8322525541058978,0.9428469360414611,0.9475597985845114,0.9288488221297497,0.5210240199989244,0.9508971383859761,0.7684119013812074,0.3833143586062788,0.7125274559321442,0.7447432793600621,0.0,0.8918007079504506,0.9492063492063488,0.758381053055492,0.960221152322577,0.9328339505740529,0.9341976401680095,0.855952276285969,0.0,0.7399891659895363,0.8058499662916013,0.9341976401680095,0.8058499662916012,0.8266892096935957,0.8129560940834346,0.9544316996038,0.7143607147557587,0.6716454483484393,0.8058499662916013,0.7431708752992889,0.9355809960386166,0.6761489807685293,0.9623211158059548,0.9355809960386169,0.9492063492063489,0.8982973238138027,0.930160641445072,0.8388272306091985,0.47795836130872393,0.8106069085572615,0.9492063492063489,0.03139863267861642,0.8420784215528955,0.8612222667022561,0.5110414539348818,0.776659027491705,0.7524297972473161,0.0,0.9856724533720751,0.8633240709217587,0.922501574170787,0.0,0.8399134433261015,0.9428469360414605,0.9582144552981325,0.21151139151266962,0.03139863267861642,0.9114861522954758,0.931488667261505,0.8972062142375331,0.9288488221297497,0.9083158055901508,0.9355809960386172,0.8129560940834347,0.0,0.9275522446953854,0.0,0.9582144552981325,0.8333555867103809,0.8843412180810759,0.9623211158059548,0.9262700211315917,0.8022278398026612,0.904931518601306,0.9225015741707869,0.0,0.8322525541058978,0.8210376473859937,0.8506512873935216,0.9250013316406693,0.4006068367505198,0.9544316996038001,0.3227392978460526,0.9237454173815312,0.392115299153029,0.8928757609748665,0.7948313236856197,0.392115299153029,0.9225015741707872,0.9544316996038001,0.8854008763534221,0.392115299153029,0.9623211158059548,0.9314886672615049,0.9508971383859763,0.8854008763534221,0.9475597985845113,0.9237454173815312,0.9341976401680094,0.8918007079504507,0.9152582079543841,0.9355809960386168,0.9140827360776215,0.9301606414450722,0.9475597985845113,0.938412400887346,0.7301312695908226,0.9225015741707872,0.9015943008452887,0.8333555867103808,0.4244019359716926,0.9083158055901509,0.9301606414450722,0.9508971383859762,0.9526370111116405,0.9015943008452886,0.8939536575643378,0.9275522446953854,0.9275522446953854,0.9004911494084332,0.9544316996038,0.9562880686171872,0.5974763156586969,0.9262700211315922,0.8664724446651934,0.9176344520056336,0.9250013316406693,0.6549904556418,0.9369854052620166,0.9237454173815312,0.9492063492063487,0.8366469404145512,0.8780124908814328,0.9129151319089184,0.9004911494084332,0.6623067578386679,0.9562880686171874,0.9188361382271666,0.5906675167558797,0.9314886672615046,0.9443834278905731,0.9262700211315917,0.8993922310882435,0.6040574193889983,0.7598430279509687,0.9398636845831868,0.6739104850582693,0.9475597985845114,0.8832831707913574,0.7143607147557585,0.9526370111116406,0.9508971383859763,0.8864622842804516,0.9275522446953852,0.9526370111116405,0.8982973238138026,0.8633240709217587,0.708808264663793,0.9459533477380775,0.9459533477380775,0.8322525541058978,0.9341976401680094,0.9027019168030598,0.9526370111116405,0.8591172857456586,0.9341976401680094,0.9562880686171872,0.8928757609748665,0.9328339505740529,0.9508971383859763,0.960221152322577,0.8854008763534221,0.9582144552981325,0.7197593917099125,0.9562880686171872
p225_F,0.7812025678412593,0.9259113651114299,0.8082592358119727,0.9615490990176622,0.9867651452593773,0.9134191021410438,0.8036928436958912,0.7990890103089044,0.4013222790891705,0.9085936746436276,0.8618150114025946,0.9864310500681476,0.9465342868356856,0.8219192676621396,0.7952929647135328,0.8465365870508674,0.9358121112372144,0.8425703725337486,0.9721923519809479,0.9085936746436278,0.7785826689759494,0.85848016091215,0.8799720457128384,0.8871683719695136,0.883729947811527,0.5193577087969159,0.8722007603974482,0.7607482045399372,0.9518158084907125,0.7648185779791046,0.579677666036734,0.9333770200885274,0.9618205257894055,0.6527250593044347,0.9867651452593773,0.9039825606517029,0.9227371994724571,0.8686701132805101,0.9134191021410438,0.8395187517114715,0.7688171730588842,0.9808097817179702,0.9134191021410438,0.8700288336170401,0.9676177866570976,0.6972775786831023,0.8911663603911606,0.527864268553643,0.8395187517114717,0.8124984997946185,0.8952903079111569,0.7344847126263336,0.5459440387414717,0.8955606990865332,0.9760791992046645,0.8365043712015712,0.8365043712015712,0.8832831707913575,0.8680593970214519,0.9610668627635204,0.5492430321414495,0.6479566032171866,0.9489156923119715,0.8483200465316212,0.899555988792494,0.6861675406068548,0.9714637322658979,0.9787705643733935,0.9890454144557894,0.9865326188966024,0.8190873193696528,0.8395187517114719,0.8832831707913575,0.58681567518198,0.8832831707913575,0.77593149144331,0.8584801609121497,0.8618150114025944,0.7051131152091952,0.9134191021410438,0.8915158108998291,0.9862918743399716,0.8305786408994162,0.9489156923119719,0.8832831707913575,0.8107352897906608,0.9457653784365196,0.8659194293548897,0.9364111442934167,0.8794996237395185,0.8832831707913575,0.7513728961529613,0.766173875119116,0.5857395223841,0.9307187656535114,0.8314103416347219,0.7839167850908506,0.8156160881618817,0.6250100213909904,0.5226865317651735,0.9138144471048284,0.8911663603911604,0.8832831707913575,0.7558825294305538,0.8741855857021749,0.9039825606517027,0.7867170361237772,0.5729311170586742,0.9122587745531017,0.5020942305740321,0.7498814091103712,0.8456616487104847,0.5897830128659531,0.920265818540746,0.8911663603911606,0.6538689677371472,0.9830366368138794,0.9039825606517029,0.9134191021410438,0.5058170189690583,0.9759337277592679,0.7732901707766602,0.8552011210699517,0.8276633667988738,0.9447389879098054,0.6563883506082637,0.8871683719695134,0.9130931257368895,0.8794996237395192,0.9252310307605454,0.5147134372188635,0.8911663603911606,0.9714637322658979,0.9046235823585467,0.8722007603974482,0.8031078703328358,0.8819221743144634,0.8952903079111569,0.8952903079111569,0.9084332038159757,0.640795938392991,0.9085936746436278,0.533562069681144,0.7224264157430769,0.778582668975949,0.4499191326405414,0.9026902472612552,0.49705399110388915,0.977311271793691,0.6207652955100724,0.9950379423377969,0.5909075270761531,0.7505171892140097,0.8068049766552696,0.9333770200885274,0.5848041793047527,0.7588038783931086,0.8470283752403776,0.8542905581013729,0.7549785667081081,0.7213492418927312,0.9646845944942746,0.931293212600949,0.8127634595491479,0.7637940067492197,0.8079951197225061,0.7886400788370654,0.8681957648998053,0.9557537968420353,0.7370460097948759,0.8219192676621396,0.8794996237395187,0.6480951227767138,0.8260258628329105,0.6714307119086187,0.8257269379272756,0.9039825606517029,0.959874003670447,0.9101971944514591,0.8311698303203685,0.9715588477935886,0.5296863809938721,0.9653544977069997,0.9864310500681475,0.879310204933794,0.6965470946818095,0.4565969888623661,0.8949230023994308,0.8652100330616364,0.8247774484253314,0.8758082204608497,0.8931419083462159,0.6978814341714032,0.593116965996864,0.9924475235767904,0.8832831707913575,0.9938748544783449,0.9084332038159759,0.9683629740491423,0.746423203829889,0.4332562354012066,0.9529137185200643,0.8832831707913575,0.7489935128967635,0.5337873253558785,0.9085936746436278,0.8832831707913575,0.8567417407330191,0.5434479183191557,0.4323189846521769,0.4781339012094614,0.7815456945275645,0.879499623739519,0.8832831707913575,0.8809476893050864,0.8832831707913574,0.7708504311966738,0.7860078414164875,0.7774983313872037,0.8832831707913575,0.7805301055475365,0.8832831707913575,0.6656708898063606,0.6459883662090211,0.8533905592738278,0.7849022439599755,0.8911663603911604,0.5786746786467105,0.8758082204608497,0.8519739816754524,0.8584801609121502,0.8257895438379681,0.6458481159643445,0.8831198614699158,0.8952903079111569,0.8880714832679898,0.9562156008409528,0.8577456656075957,0.8813642079011113,0.7231105594680487,0.5883635786063792,0.9994234620769813,0.7549785667081084,0.7000669959225133,0.8832831707913575,0.8780764880099645,0.8832831707913575,0.7421470428944781,0.8052750075161217,0.9714637322658977,0.9379362841850482,0.5638764314726932,0.9938748544783449,0.8195633205754583,0.8552011210699519,0.8301691163694656,0.9896809911112329,0.6229363036003743,0.9985562884541683,0.7740522949652393,0.8817751768870116,0.7410392290527231,0.8794996237395185,0.899555988792494,0.760515122088181,0.9134191021410438,0.6555536566514863,0.9884981945888784,0.926750528514976,0.6630969572691565,0.7473127040232905,0.8952903079111572,0.7248665794800079,0.8407707385917713,0.6666147154784083,0.9039825606517027,0.5481811460326438,0.5972911177860138,0.9037938817314377,0.9638569259993405,0.9039825606517027,0.8848299708736553,0.5680095811783639,0.8629656704240454,0.7860344648731097,0.8219192676621394,0.8911663603911604,0.8599121075086342,0.5748076270998378,0.9736831705262277,0.8911663603911606,0.9646845944942746,0.6115586191100961,0.9039825606517029,0.5843879654844445,0.536976998169711,0.7916017748452113,0.8160656934164845,0.9452575897741526,0.8832831707913575,0.9441873097085216,0.8758082204608499,0.9714637322658977,0.6187642219955689,0.9574334377039285,0.9646845944942746,0.8656858912107348,0.9895768779277929,0.5906448276105303,0.9416531881217942,0.865080102946675,0.8329160563112838,0.7157724811127222,0.694224500138449,0.7249085638199247,0.9085936746436276,0.5242771864034322,0.9085936746436276,0.9991586312763281,0.9175641582341771,0.7919416010544589,0.9279254774427175,0.8832831707913575,0.7238425703151397,0.8984073104123333,0.8425703725337486,0.9039825606517027,0.9787154357203143,0.9465342868356856,0.8832831707913575,0.9165682649974483,0.9721923519809479,0.9134191021410438,0.9888483902408456,0.776832404391848,0.8487952199924149,0.990449555556732,0.7174576825227267,0.6837035963238285,0.8837299478115268,0.6034775491690824,0.6660453389101351,0.9985562884541683,0.6527250593044349,0.6878041560633519,0.7098806425898054,0.7521212357044087,0.9134191021410438,0.5761158678182074,0.8134965995860686,0.5186322437382362,0.8722007603974484,0.8794996237395185,0.9616637414854741,0.8282249829823161,0.6047583986320688,0.4812837056584518,0.62895960427848,0.8832831707913575,0.42834525290493586,0.9484201668880043,0.8397594488671771,0.8566302488231083,0.9518158084907125,0.530908093990057,0.8832831707913575,0.8832831707913575,0.9965215887070467,0.9634106997871457,0.7256507625132858,0.8832831707913574,0.9518158084907122,0.8832831707913575,0.8459783380310503,0.8225791073251654,0.48929009487513897,0.8832831707913575,0.8247774484253316,0.85848016091215,0.6608786900512378,0.6043282465809231,0.8832831707913575,0.78074586105549,0.8079951197225061,0.5365938733819231,0.6782481731586194,0.8491466352199595,0.8710842889392092,0.8911663603911606,0.5912144241504314,0.8832831707913575,0.6979499132123406,0.8691567024783042,0.5665709708293989,0.7941236367946316,0.887168371969514,0.6582505421810663,0.8686701132805101,0.8832831707913575,0.9559042565246652,0.5370630078534766,0.8832831707913575,0.9709925691931012,0.6094602780798835,0.715829559985413,0.6208255965293215,0.5889181854488642,0.8832831707913575,0.6486484358922224,0.4668998102395311,0.9025453938879551,0.8042693630105524,0.7113679032856957,0.8560974764561318,0.5324108168759065,0.8002168848944176,0.8911663603911606,0.9636336092428521,0.3770806457751178,0.9359681737876102,0.514224214368215,0.8488838478178531,0.7542218005465944,0.9079701097502244,0.8952903079111569,0.8425703725337486,0.8832831707913575,0.9865326188966024,0.7738772267412348,0.6620261743364935,0.9896809911112328,0.8335250144394979,0.8758082204608499,0.6264484971731603,0.9227371994724578,0.8758082204608499,0.8618150114025946,0.8832831707913575,0.9259113651114301,0.8286503520038146,0.922425730682392,0.9452575897741526,0.5104648493196391,0.9518158084907122,0.8616339727142921,0.9919643018623818,0.6520374393048189,0.9166703059283963,0.9085936746436276,0.8677425254289968,0.7380504847642766,0.7892971225923022,0.8726912753119818,0.9166703059283967,0.8374148432052273,0.9279254774427177,0.8599121075086342,0.9476986383725425,0.9107713060732212,0.8762945508619262,0.6547869942637718,0.9212166103970638,0.6043717896685837,0.6634843117843945,0.590373303279815,0.802205230273672,0.8722007603974482,0.6433699841666436,0.8242930353643441,0.9662736898756052,0.9312932126009488,0.9800376341002324,0.6262561298688549,0.9212166103970638,0.7559329982926912,0.9312932126009488,0.8726484979469551,0.7039137010814314,0.8911663603911606,0.8189646330870524,0.7283093195477202,0.8795777283393325,0.9727984881547206,0.8070922354911485,0.7629910189439044,0.6608015940372536,0.9391357122564039,0.8987859988251494,0.872200760397448,0.8722007603974486,0.9333770200885274,0.9039825606517029,0.8276633667988735,0.690884758677818,0.8439016375103878,0.9130169552876022,0.8794996237395187,0.7355869081738393,0.9548043243214672,0.8722007603974486,0.7568436685578519,0.8832831707913575,0.9391357122564044,0.8832831707913575,0.8832831707913575,0.5529848840493286,0.8519739816754519,0.8134965995860686,0.8832831707913575,0.6126312379629604,0.5147231110875856,0.9175641582341771,0.7424914813377899,0.8166110056023805,0.7334067569827081,0.8404557924728842,0.7764223759981213,0.5059733811860092,0.9450290617016994,0.9662895937970819,0.8995559887924942,0.5237878042388439,0.7110094570004599,0.5158112477736849,0.8276633667988738,0.8829287866957691,0.9084332038159759,0.8161281386283429,0.899555988792494,0.7807559634406365,0.8911663603911606,0.8914783469295624,0.9457653784365196,0.9808097817179704,0.9079701097502244,0.6609471815560788,0.8247774484253316,0.4867462897393917,0.9800376341002324,0.8550103202676,0.9985562884541683,0.8584801609121502,0.887168371969514,0.952926642249124,0.5599070874903114,0.7888491883171638,0.9333770200885272,0.769552785006715,0.9358121112372149,0.6486484358922225,0.7464502873774257,0.8794996237395192,0.6105797058682161,0.8556136720879401,0.9134191021410438,0.6436383302902124,0.4309808235788367,0.8374148432052273,0.6379448720474648,0.85848016091215,0.8497497691979108,0.6938701214117471,0.8832831707913575,0.8952903079111569,0.5337710067833261,0.9867651452593773,0.7805301055475364,0.7050937514660007,0.8305669293430169,0.8305786408994162,0.6119976852076163,0.8519739816754526,0.5819070653309419,0.9617399238151184,0.5702306024942212,0.9005785926195297,0.7838442807557322,0.9084332038159759,0.9618205257894052,0.8000584571193671,0.850190667803344,0.8762945508619264,0.7920560542365349,0.650940697898641,0.6098635709514473,0.9302811491598669,0.9063276154311983,0.6942094601906357,0.6811078404055213,0.8513130259870797,0.9950379423377971,0.9122587745531017,0.8282810080069369,0.7078274832584934,0.9592769327710864,0.6737125589447296,0.8794996237395185,0.694994474728791,0.6346332920727533,0.9134191021410438,0.9760196328571399,0.9279254774427177,0.8107352897906608,0.8533905592738278,0.8997209019134789,0.9352715942854961,0.8276633667988735,0.9978452547778265,0.8847006561896336,0.9509174098942981,0.9800516183837691,0.8952903079111569,0.9134191021410438,0.8832831707913575,0.9544258608011071,0.6907615559142966,0.6197337843981845,0.8867179459233652,0.8832831707913574,0.0,0.5965867460423044,0.7841250489032627,0.8219192676621394,0.7789783388157523,0.8082592358119727,0.7888724043818242,0.9437345814766998,0.9097045815646494,0.8674540387726737,0.507700122580375,0.7677547930172262,0.8995559887924944,0.7764223759981215,0.8365043712015712,0.9646845944942746,0.850190667803344,0.9134191021410438,0.9887226622684823,0.8758082204608499,0.9134191021410438,0.8652100330616366,0.9831054516908292,0.8832831707913575,0.7473142179418409,0.7888712703941234,0.9721923519809479,0.8752588887832633,0.8875752334202733,0.6144316773392255,0.5292261123554557,0.8794996237395185,0.9714637322658979,0.8722007603974484,0.8794996237395185,0.8794996237395185,0.8831198614699162,0.8832831707913575,0.9040064358173314,0.933793413296756,0.8832831707913575,0.8487952199924147,0.7489087122348534,0.9039825606517029,0.8911663603911606,0.899555988792494,0.9938748544783451,0.8794996237395185,0.6206412350287103,0.53863037237352,0.7840511858385324,0.7057137243422351,0.8832831707913575,0.7867170361237774,0.8911663603911606,0.9312932126009488,0.5385487402577078,0.789322320942444,0.9039825606517029,0.9583060269754013,0.9693164280362516,0.9252310307605455,0.8552011210699517,0.9522711537700372,0.8726484979469551,0.8428500563889565,0.8523574904307232,0.6510935798459541,0.9212166103970638,0.9039825606517029,0.8395187517114717,0.8911663603911606,0.870760680222622,0.49705399110388915,0.8832831707913575,0.9867651452593773,0.7834438763526352,0.9085936746436278,0.6895547750969242,0.8722007603974484,0.8618150114025946,0.5030409754960021,0.8758082204608499,0.6046385213106149,0.5173419574702653,0.8832831707913575,0.8832831707913575,0.9751538625280682,0.7661738751191163,0.8984073104123333,0.7483681614314576,0.4674810429731897,0.6510063654481129,0.8045197978837597,0.6107452748075315,0.8456616487104844,0.5867541138502728,0.8832831707913575,0.9915916890876306,0.8952903079111569,0.9134191021410438,0.6582505421810663,0.9039825606517027,0.5400332702791373,0.8832831707913575,0.8832831707913575,0.602055689254893,0.8832831707913575,0.6126615843394647,0.974860450944643,0.6714249614696945,0.828444328163437,0.8589182034812153,0.9278229200043582,0.5120408422929332,0.7532190320645464,0.8832831707913574,0.8052750075161217,0.541652986465071,0.8871683719695134,0.9039825606517029,0.9784720673258589,0.8141877985259848,0.7945756096997865,0.8107352897906606,0.9583060269754013,0.8408704803412206,0.8832831707913575,0.5561957240984102,0.8336827693068845,0.6945384310001405,0.8631591090855992,0.7243766380135963,0.9526859707889825,0.6813063760736419,0.6803413974148975,0.9817048408157758,0.7579818769735105,0.6513734800130051,0.9994234620769809,0.9085936746436276,0.7931356064352859,0.8425703725337486,0.6018085259475168,0.9904495555567322,0.8794996237395185,0.549701893897521,0.9831054516908289,0.8052750075161217,0.9432853104373118,0.8591342534834445,0.8052750075161217,0.9956022401087514,0.950112911233649,0.7764223759981217,0.9489273143799765,0.49918994276946416,0.771776914315244,0.9085936746436276,0.85848016091215,0.9669494040391106,0.6299858446974356,0.868670113280511,0.7182923976834812,0.9911245230080854,0.5715294713566427,0.8994186630128235,0.5714565952147774,0.9827373945633239,0.6289286327975836,0.6669488333480742,0.8832831707913575,0.7513728961529613,0.8752588887832635,0.6821114269583421,0.9085936746436276,0.9808097817179702,0.4637215082697965,0.815732439259548,0.8832831707913575,0.5819070653309419,0.6286769258414633,0.8487952199924145,0.5783686383748232,0.5561957240984101,0.5716997017530283,0.8952903079111569,0.5262074887325154,0.9616754978750044,0.7728668962085646,0.6201618460634651,0.8519739816754526,0.6711562386352767,0.9134191021410438,0.8799720457128384,0.8832831707913575,0.7860344648731097,0.970354449207784,0.4790967918983663,0.8984073104123331,0.6248845268680545,0.9097528802726034,0.8794996237395185,0.5757656359949591,0.7308189729765291,0.7612950419868558,0.6697683718572507,0.6028599861596424,0.8832831707913575,0.6408958476566108,0.7359959350326992,0.8700374083999616,0.8832831707913575,0.5686558194523939,0.8997202507834752,0.9039825606517027,0.9800376341002323,0.9130169552876017,0.8059725293094608,0.8915663280206938,0.7637940067492193,0.9911245230080854,0.8529098392719738,0.9359681737876102,0.6454708691902806,0.8832831707913575,0.937936284185048,0.8832831707913575,0.9452575897741526,0.7408820911039142,0.42796604821926365,0.9134191021410438,0.8556136720879401,0.7544690105236362,0.5366896258508906,0.8219192676621396,0.8832831707913575,0.985253566266161,0.45415524514768024,0.737152057165523,0.8523574904307234,0.8277328376597328,0.9714637322658977,0.827663366798874,0.8735158220145878,0.9214837186008105,0.5019792927073343,0.6771693951936493,0.9214837186008105,0.8700374083999614,0.8952903079111574,0.7916017748452115,0.9214837186008105,0.9134191021410438,0.9979116477989171,0.8282810080069365,0.7366669626395563,0.879499623739519,0.9222541956038444,0.876294550861926,0.5091046882798886,0.8726484979469553,0.8960434419880753,0.5750638975070697,0.8203084347981154,0.9864310500681475,0.9166703059283965,0.6505514505877918,0.8219192676621399,0.7738772267412348,0.794837714861778,0.854107422941187,0.8529098392719747,0.8395187517114717,0.9938748544783449,0.8911663603911606,0.6007195990247527,0.9099544671016266,0.8109703389764626,0.8589182034812153,0.7080682844381653,0.9714637322658974,0.8995559887924944,0.8488838478178531,0.5936156417645391,0.7775242361468453,0.6844201608524129,0.8276633667988738,0.8232832535436587,0.8837299478115268,0.5903620685035916,0.8832831707913575,0.5813151611613045,0.8080540263016407,0.997939076134081,0.5879322738484838,0.862667844981023,0.899555988792494,0.8599121075086336,0.854943913659187,0.5459440387414717,0.8722007603974482,0.9056837344649877,0.9675743567407269,0.8600954270021766,0.7808734547506734,0.8618150114025946,0.9267894627991826,0.879499623739519,0.9129720853858778,0.7587372049240371,0.8911663603911606,0.8871683719695134,0.6532723401604126,0.5062520704758577,0.9646845944942746,0.9439003709795475,0.5965582333524333,0.7673092768117005,0.9084332038159759,0.8758082204608499,0.6285858668113122,0.9862918743399718,0.7764223759981213,0.8515198202479399,0.46781121269116877,0.8487952199924147,0.8995559887924944,0.44473487062820327,0.9921605916805326,0.8871683719695138,0.9085936746436276,0.6224268949611307,0.9039825606517029,0.7350038372730232,0.8995559887924944
p225_S,0.7665723038397281,0.7170065693483045,0.6392480467014967,0.8828146182764455,0.8534949983155187,0.7853791440673986,0.9751011663518963,0.9156863789310308,0.684810504369811,0.8625107065618558,0.9922905929801478,0.8187487405659173,0.8187487405659173,0.5788305951534312,0.9635254292823742,0.9950604780692187,0.8439498051087311,0.609755936569299,0.9010556603551806,0.846231974218779,0.5465054283492699,0.9677921775082317,0.7745671816683785,0.9201654654521203,0.9534634049272944,0.7632014178211741,0.7099959293073561,0.7685515718983664,0.8098248093163584,0.84185165276523,0.8447815884906456,0.8425003792101686,0.7790706788814199,0.9149551015463513,0.8825502143476118,0.831521527823471,0.8302837275767865,0.6744532178081024,0.86976889809915,0.6462740030848939,0.4436748424674718,0.7906189576364941,0.9847195507103002,0.7731477167173622,0.843949805108731,0.3995721039444815,0.898223706714796,0.6897946650230156,0.8446455664904101,0.6260262656416014,0.9387447628682013,0.31869117361176247,0.7855957980215142,0.7972549794048318,0.933231303166953,0.6381328130934043,0.8334938768474367,0.8244397822834253,0.9905196499458202,0.8131962973777598,0.675290584305114,0.7540378718875332,0.9871452198245783,0.7450281735501887,0.7510145980031692,0.7402718446601937,0.9329293922544223,0.6531863670507607,0.7235187095670765,0.8662885940893258,0.5915770092127765,0.6242327182620586,0.8825502143476116,0.41387467729132155,0.8244397822834253,0.7410228286003384,0.7717316856502946,0.7074960277762036,0.44063523259481396,0.7853791440673987,0.9422550297728733,0.8104937884422917,0.9174331337755681,0.8560941187730418,0.8244397822834253,0.5501708949450667,0.9677921775082317,0.7780767858057507,0.7305253761056321,0.8187487405659168,0.8244397822834253,0.4475804760083928,0.40182826524124327,0.6490718173520489,0.8506023909750839,0.7066602967374347,0.4661660022658429,0.6244910389147269,0.44138914005731245,0.48838257490836945,0.7900803071243185,0.7611811794511714,0.739731977235178,0.7304933224712216,0.8994310104775967,0.8555748757838357,0.6836806844939087,0.42480810921803824,0.8062306205163008,0.44752493770360324,0.44067775391162123,0.9589354525982217,0.6484419420751752,0.8265428921233242,0.836297322381335,0.5878203778935762,0.9470932041494512,0.8555748757838357,0.7853791440673983,0.5508778729392603,0.8843618945991985,0.5169054353168898,0.6650962354596092,0.9888142197373825,0.8560941187730408,0.7549205078179089,0.8902048861603422,0.6738711387493936,0.9553908665016351,0.7449370708424379,0.5747825396330288,0.7302179872844416,0.8366850085963902,0.8697688980991498,0.6832051541470814,0.5462798901482331,0.6567925235459244,0.8046035473770458,0.8745818404295127,0.8131962973777598,0.5545939466917291,0.8625107065618558,0.6759999999999995,0.38524211525020635,0.6088939168016356,0.691009848965896,0.7904704000621894,0.4674292362174497,0.7586113066985587,0.27732597650778235,0.8462319742187793,0.6752905843051136,0.8524206134226053,0.8065088482944505,0.9329293922544226,0.7586113066985594,0.6789190508195955,0.6603915401005334,0.6710835751023714,0.6557246412772433,0.9479046216603539,0.8540707559513623,0.8104937884422916,0.44213241191182373,0.6950735234834494,0.5431680514460135,0.8274055561030866,0.7282863218233715,0.8330824155030772,0.5588294236028686,0.7612210090272402,0.9881440352652531,0.8843179199522964,0.8960817992137851,0.7951188646461176,0.6624257363258477,0.8315215278234708,0.7406401644884086,0.7621358270317673,0.7565324077089484,0.8969083509890257,0.8031770132815794,0.8334938768474369,0.8469812896824731,0.7348958500910177,0.6042593850934268,0.6061570117538386,0.7108563249284829,0.7972549794048318,0.955659586184705,0.8956389981350414,0.805640097582113,0.44844683745413905,0.46080651699643327,0.8332186413426754,0.8244397822834253,0.8302837275767865,0.8570328995931122,0.7235259284518534,0.5606326100049935,0.7218600509881523,0.8752138387990291,0.8244397822834253,0.5664115927503239,0.5107814677487412,0.8989178714642765,0.8244397822834253,0.6456295055144243,0.7449370708424394,0.7006323234896974,0.6159797731835486,0.49328922071757897,0.7012979244526321,0.8244397822834253,0.6669195064820561,0.8244397822834253,0.6154547336536216,0.42438941014248377,0.3643169970347637,0.8244397822834253,0.9213563064090533,0.8244397822834253,0.729664230908441,0.9269621053107975,0.5622869507975585,0.5734232104999948,0.7611811794511711,0.346286214576063,0.8131962973777598,0.9632353557967394,0.8116397691515889,0.6579020637585136,0.6323240915806831,0.694074601395904,0.7725220861577022,0.702490719464832,0.7334416729762301,0.7882890919472988,0.7115789468239202,0.763853904710051,0.7260202369748268,0.8077701178076946,0.4552080104456222,0.8681580978826144,0.8244397822834253,0.7150801635761932,0.8244397822834253,0.7739445966526453,0.7443084147320327,0.8745818404295129,0.8993213548890531,0.37121613714940505,0.8302837275767865,0.7030405705409404,0.9534634049272944,0.48625187315364304,0.8826204990016653,0.5482520700054638,0.8362973223813353,0.47221384620284135,0.7476243275528522,0.47494321445413723,0.8187487405659168,0.94893381925065,0.38786763901521215,0.86976889809915,0.7890239232096874,0.6195577932061942,0.881690081187507,0.9138665419311596,0.46340626280694874,0.9066633016488572,0.6244954379450949,0.4749433339313578,0.4944723857635277,0.8555748757838357,0.4345848552227012,0.9089890053334049,0.7641669376109765,0.8473165323752321,0.8555748757838357,0.9560868224013136,0.4591129527808051,0.951048986500623,0.5038055273034743,0.6193617982364994,0.7302179872844411,0.8113656905132273,0.3835443745266156,0.9231198983874689,0.7611811794511724,0.9159971402848224,0.26645506238666794,0.7619873952917613,0.45424620401648963,0.5532325199457193,0.6248759288416099,0.9412712473082328,0.9705897928868902,0.7106767612030847,0.8005629968447399,0.6921474980785483,0.8046035473770462,0.3792821152279622,0.7814554857630511,0.8231075637846319,0.624232718262059,0.7303137731952762,0.39275039828355474,0.705063047510603,0.6462678335285448,0.7009737603498378,0.7549205078179086,0.6933680607081292,0.39170463214438467,0.8462319742187794,0.719333245287612,0.8826391391211998,0.9931491609579006,0.7449370708424374,0.556315549604437,0.8672605145480656,0.8244397822834253,0.8425003792101677,0.9252906766304744,0.6097559365692997,0.8555748757838357,0.9510489865006232,0.8706932191519672,0.8244397822834253,0.8542918154275814,0.8903419420496905,0.8236960282711154,0.9998901368351878,0.6994567924471362,0.6483498105326877,0.8425003792101686,0.5022350878191606,0.3102271441297997,0.8573410151047325,0.8024594768253057,0.2133780420637852,0.8672605145480656,0.7781154975761404,0.3459018571341763,0.7972549794048318,0.7273745565187095,0.7853791440673986,0.3270144568295317,0.5572349974256927,0.30749796646345984,0.9779036809101056,0.8469812896824729,0.9318488731689073,0.5631785039703412,0.37093020464335114,0.37508594802974193,0.22280104816161406,0.8244397822834253,0.5084584838399906,0.831292186874762,0.6236954128726628,0.9472678590335448,0.8625107065618558,0.5187596913827683,0.8244397822834253,0.8244397822834253,0.8026938763442288,0.7020718748287118,0.3916301669650697,0.8244397822834253,0.8098248093163587,0.7106767612030851,0.7612210090272398,0.6455572534620375,0.4483127793083561,0.9140632734277366,0.5861768092455075,0.7472241241680526,0.29170975052109194,0.4127745747753526,0.8244397822834253,0.6101427101366701,0.5814058501491028,0.36516182516735207,0.44925951369014605,0.9622331300510285,0.7461619610203847,0.7302179872844419,0.33275683721361493,0.8244397822834253,0.2716760482356647,0.7889109781720209,0.7348958500910165,0.5504050538796889,0.8902048861603422,0.3109215415474187,0.7006075830764313,0.8244397822834253,0.6737356265011023,0.4758899476914029,0.8244397822834253,0.9967132280668383,0.8041279911837251,0.61761787721495,0.214795889059878,0.34157193721764534,0.8244397822834253,0.9603789241880621,0.7081189247759421,0.9843880512501987,0.9153718033952487,0.6851042348653096,0.6968873901953963,0.6831080877184383,0.4902490594377411,0.8672605145480656,0.8146991595739106,0.6075748488380368,0.8217342252004692,0.5183651135054324,0.6467084386708527,0.5375832628334593,0.8009294265428089,0.8425003792101684,0.6993334573706603,0.8244397822834253,0.9705897928868902,0.5754229061005947,0.7719766163384407,0.842183903358324,0.8351532582297649,0.8406771976301872,0.7932251291618397,0.9300316380889896,0.8406771976301872,0.8576027173980278,0.797842409299364,0.7937021142820202,0.655165733664115,0.6419960477330844,0.8903419420496907,0.5092108921088072,0.862510706561856,0.8995157059831183,0.9160683122646495,0.6011071403728074,0.7962392471325368,0.8098248093163587,0.7381360797449368,0.7685515718983664,0.9746662954144308,0.9044578620752599,0.7717316856502955,0.771163893861902,0.9469603324515526,0.8113656905132272,0.8957048390915473,0.9303463162724492,0.8336572138579497,0.7694581263721014,0.8922194665655987,0.740778968633163,0.6029300139254128,0.6127859925378658,0.6325058780676366,0.8975313554292808,0.7638077977041702,0.7268232762275288,0.7726701555174718,0.8188914049071836,0.8009294265428095,0.22865248553723172,0.9422550297728733,0.6846533623608821,0.8420548303228415,0.9145599195405432,0.7750926632694406,0.7611811794511716,0.8935509027224332,0.6534886420900298,0.7627929605695001,0.8196836815525539,0.8555748757838357,0.8778899447794509,0.7538046461036692,0.8843708570014718,0.9637838371800039,0.7635774796279061,0.6832051541470816,0.9708262240875452,0.8555748757838357,0.6352053122219417,0.32828884981316686,0.5410315196779827,0.959911486148697,0.7295304735691882,0.504807469531982,0.8561698852752897,0.8613516681282443,0.38524211525020613,0.8244397822834253,0.8489166250019229,0.8244397822834253,0.8244397822834253,0.39905866759638764,0.7773459047767646,0.6354290568372414,0.8244397822834253,0.3665866502152171,0.4654531673569471,0.8016875724452743,0.7194403798725825,0.6252477976872686,0.5620382864528959,0.7455642704864849,0.6808297674054002,0.4730856958919829,0.9070769378986236,0.9953143265532902,0.8489166250019229,0.7153165147159786,0.4820074244768562,0.5021218333065112,0.8224100279654104,0.9332313031669532,0.8681580978826144,0.7088975751293716,0.7843536627527452,0.6705660879607357,0.8672605145480656,0.6524456981146498,0.8361473306338307,0.9589354525982218,0.7274001381362882,0.5975749246160558,0.8735523024204388,0.6928381461981763,0.7773459047767639,0.7829885264454604,0.8672605145480656,0.8116397691515891,0.7802287416300996,0.9651567602768036,0.5746519217444304,0.3653340535927433,0.8745818404295134,0.5987910494732209,0.8077701178076953,0.7359850366523917,0.5450635970372328,0.8142281209188553,0.36516182516735207,0.6643809789580963,0.9003297966785492,0.19656888817952067,0.5359915044912642,0.6808297674053996,0.33327990250655826,0.6982090012035684,0.7322835002131505,0.8510256306759398,0.8244397822834253,0.8425003792101684,0.8259082699530014,0.9116054303797048,0.47471072865285713,0.8116397691515886,0.8956389981350421,0.9174331337755682,0.37585491561443574,0.7981507034344237,0.36256988339852225,0.9190463040236205,0.2871382414451056,0.8171661217546866,0.5811144100411489,0.8406771976301872,0.9359968704913988,0.7185708312125603,0.7064747469968085,0.6715132359483456,0.6484057360900699,0.7359477823136824,0.3260889971919083,0.5557116532003965,0.7331716311016783,0.4423576763658499,0.40492235712845126,0.740778968633163,0.8826391391211998,0.8092798201934515,0.8602443068685641,0.5297548768881424,0.8007061540031768,0.645814854705355,0.8187487405659168,0.3770706838346918,0.3059852813574294,0.9386466808822661,0.6717499527370105,0.9601500910482565,0.6468172884107182,0.8490704410707339,0.7312576437206921,0.7278496765706477,0.8640110759084035,0.8542918154275816,0.9858387975609328,0.7575315909834779,0.931678937032141,0.9066633016488572,0.8620129124748324,0.8244397822834253,0.8172125272819155,0.304232224527375,0.4213868841764099,0.6632498169181213,0.8244397822834253,0.5965867460423044,0.0,0.6752905843051138,0.8828146182764454,0.6765187886508838,0.4475804760083929,0.6346029123334094,0.8288994425387944,0.7156700651552206,0.903567930261388,0.49733344863443163,0.45695575082940953,0.8822556897514986,0.7197882996057121,0.8117870919858778,0.9159971402848224,0.6686410792615844,0.8236960282711149,0.7923745271235738,0.7196283983309755,0.9003297966785492,0.6658762060591608,0.7683735222627597,0.7397319772351778,0.7369595580715935,0.6326877071165741,0.855574875783836,0.8534949983155184,0.860654892116073,0.2618931217789706,0.3667120558911898,0.8469812896824729,0.9008479310350782,0.8613516681282443,0.8469812896824729,0.8187487405659168,0.8172125272819155,0.8244397822834253,0.8345608929679698,0.7499815552220277,0.8244397822834253,0.6483498105326874,0.695074155592456,0.8903419420496905,0.8672605145480656,0.9155947545010741,0.8902048861603424,0.8187487405659168,0.3269668982443348,0.5232383035319712,0.7773459047767641,0.4901206078251994,0.8244397822834253,0.5243981894140166,0.7302179872844412,0.7641669376109762,0.4241616188649844,0.7812771567145984,0.7619873952917612,0.8401499002136551,0.7822000230606603,0.9334767534081554,0.9294328074716539,0.8244397822834253,0.8584380740481112,0.6516249852050349,0.9056121238513963,0.5878093391169621,0.7575315909834787,0.9251090083155455,0.6242327182620592,0.8362973223813353,0.665982629485032,0.5469903567885457,0.8244397822834253,0.8850080573956434,0.6479746660830774,0.8989178714642765,0.2860268034919887,0.9685147687693447,0.7575315909834783,0.457475728155339,0.8406771976301872,0.3652953118940473,0.3304229605850284,0.8244397822834253,0.8244397822834253,0.7404857405032073,0.9083085829639763,0.6684127053495215,0.43601435601380123,0.518759691382769,0.3291952164179568,0.4577324826110035,0.4083983660846333,0.6629543010574313,0.4295967474232263,0.8244397822834253,0.8584509821672037,0.8425003792101684,0.86976889809915,0.11612141934636644,0.8555748757838357,0.4683310259926565,0.8244397822834253,0.8244397822834253,0.39316219903915206,0.7687871932672707,0.39614499460464825,0.9831926995272842,0.24061633700086926,0.5106422493747416,0.8565426237828615,0.9961559494524527,0.48006776375168725,0.31170581375565465,0.8244397822834253,0.5173064083206869,0.3950494886571787,0.8902048861603422,0.8903419420496905,0.7471610608155279,0.9935914075979124,0.9635254292823741,0.530841616251936,0.8302837275767863,0.6550588284878361,0.8244397822834253,0.4396666849776516,0.8207807966488913,0.6522651642843793,0.7410610811210334,0.48827899024070376,0.8228201610494033,0.6714108351820778,0.45410394752831185,0.8822556897514986,0.9673791998536962,0.5379760664134638,0.9685147687693445,0.8826391391211998,0.8739981632251432,0.8079901782218559,0.4676389550804725,0.8425003792101686,0.8187487405659168,0.5711060692638124,0.7974907805060594,0.7253915808644203,0.8479752148594788,0.8697688980991498,0.8199757502024818,0.86976889809915,0.9080857823028665,0.6855379034349187,0.7829885264454604,0.6573431693626481,0.8244397822834255,0.8098248093163583,0.9432846160259895,0.860654892116073,0.4868738045009342,0.7790706788814205,0.8187487405659173,0.8843179199522955,0.6658201889391213,0.8302837275767867,0.40401495140530475,0.7733043507953705,0.6459863907937515,0.5885468724374383,0.8244397822834253,0.43160817845063415,0.998771078475984,0.49828773006066474,0.8625107065618558,0.9044578620752597,0.7725645540758672,0.6052241036592886,0.8244397822834253,0.3499787651437578,0.25958085339906833,0.7725645540758679,0.36675830481479466,0.41387467729132155,0.3661930679944828,0.8425003792101684,0.423823237048472,0.7324649298899679,0.8644957195067257,0.45170236645220707,0.7038166163702431,0.5452368304325579,0.7853791440673986,0.6802330946041977,0.7978424092993639,0.8978083441010594,0.8887281361360803,0.4561025056848871,0.6808297674054002,0.22486855842640463,0.8244397822834255,0.8469812896824729,0.5602505435503948,0.33513398560404606,0.8836680307606387,0.377625876170947,0.319572637456341,0.8244397822834253,0.368886809443441,0.48853549295601506,0.5990961966949655,0.8244397822834253,0.4598859203179453,0.8575337746864098,0.8555748757838357,0.7773459047767641,0.8187487405659168,0.473125837357823,0.8303845584221968,0.9426548735905098,0.9420278011552323,0.8526924574568603,0.7509836599023334,0.2642874563446588,0.8244397822834253,0.8137638926766693,0.8244397822834253,0.8555748757838357,0.3766812829269589,0.6155850905772737,0.86976889809915,0.8927777501113285,0.48941254446252436,0.6888129173508339,0.8828146182764454,0.8244397822834253,0.5763387363958221,0.5222048777619506,0.7583160903593716,0.7808089800224174,0.857809417937706,0.9329293922544226,0.9056121238513963,0.7569649206403626,0.7876704712499112,0.6297420163323735,0.2569798252163462,0.7876704712499112,0.6396273997780346,0.7404406249383582,0.6248759288416099,0.7876704712499112,0.86976889809915,0.833699738572701,0.8602443068685643,0.6711489974950604,0.7577630226857438,0.7569649206403626,0.694676661364003,0.8176938363347039,0.8010589163348689,0.8245129483088542,0.7030405705409422,0.7806525915213938,0.8469812896824731,0.8116397691515886,0.7294521810061807,0.7814866105687743,0.4734627962476057,0.6456295055144246,0.7684181138946595,0.5313236041166798,0.7344391423762344,0.8302837275767865,0.898223706714796,0.8298097864236373,0.8650672041036729,0.7495957960173825,0.6942806996021247,0.8247197187383666,0.8425003792101684,0.8489166250019229,0.8854750570663239,0.7662516727025936,0.6941538441255648,0.8892800229541535,0.9279836843766316,0.885851750626746,0.7612186252821704,0.8185453834635621,0.9406606464117979,0.7894918538508142,0.5433347890557763,0.8932097496371285,0.6897946650230156,0.8990411961136343,0.951048986500623,0.811365690513227,0.9398434486759628,0.7855957980215142,0.8439498051087309,0.9982161479519414,0.8789629873647298,0.8320123061760785,0.8934121621735956,0.9326560622089399,0.9279475892266873,0.7859955718022996,0.9761179353657046,0.8713455595156613,0.7611811794511713,0.8902048861603422,0.6075748488380366,0.7495957960173829,0.8850339481180927,0.9193514499392142,0.5697668422275077,0.907658679104549,0.8020710990882574,0.9231198983874689,0.5503168625318433,0.9031474901049231,0.4800355264101571,0.977923524618283,0.5269258541519903,0.949474340936239,0.8489166250019229,0.645814854705355,0.9133998908227153,0.8101893209218776,0.8989178714642765,0.8815446721882454,0.8903419420496905,0.9884345394071666,0.8489166250019229
p225_W,0.6959060473518285,0.8915068580997119,0.7998787575170994,0.8843265687811639,0.6179849698269959,0.9303105872741888,0.9305292577861592,0.9667830654666236,0.9893928289932772,0.9264265757108794,0.8887741875977793,0.6345066859836905,0.5574259042446656,0.856661897008451,0.8594736652769661,0.8933211960584937,0.9931496147195411,0.8732840781850189,0.9701757583840656,0.9761261745674079,0.9197218997673804,0.8860899491808243,0.9774350345371767,0.9091812387167528,0.8834506330434524,0.9955667899073475,0.8971337307079472,0.7369568736389984,0.9264265757108794,0.8226111374340968,0.9748649401197034,0.6025412173701035,0.8942918945731195,0.9833113140241097,0.6576483873261378,0.9227150661971701,0.9091812387167528,0.8942918945731191,0.9303105872741886,0.8708278127936302,0.8139197462693821,0.7201824201675998,0.8604631486691804,0.7815212720158327,0.9337059488987844,0.9377679483663657,0.9123992402861407,0.9768375297301866,0.8708278127936304,0.4805938127130762,0.9157186269856046,0.7586491390905876,0.9955667899073475,0.9613051670773509,0.9985977496218883,0.8980335604933312,0.8684015223223851,0.9060540201833016,0.7097219302737805,0.9000373939808761,0.8144449269069339,0.7804598720496003,0.6987264307868306,0.836774129937224,0.9191520956010528,0.5701642542932015,0.9157186269856046,0.7227570225465687,0.8975844550204821,0.9227150661971701,0.8543824471730519,0.8708278127936304,0.974955727319273,0.5459554532006663,0.9060540201833016,0.7900050147457425,0.8860899491808241,0.8887741875977793,0.6084647917733397,0.9303105872741888,0.8887741875977793,0.9415355007468762,0.8636318713376898,0.9738625321620705,0.9060540201833016,0.8476598553448091,0.9530007332467463,0.6565995544936356,0.9142724794861656,0.9030086235821648,0.9060540201833016,0.7998787575170998,0.7054231022866064,0.7076778158354315,0.9499925548591657,0.5854404720477802,0.7959165242401374,0.7919716537241253,0.7574766937100368,0.6210337695304036,0.8980335604933309,0.9123992402861407,0.9060540201833018,0.9638649579945746,0.8002012539476728,0.9227150661971699,0.8283274386785906,0.724689886564041,0.5588765031261952,0.7511483705735359,0.7704898006819789,0.9690134894816469,0.8402889077327355,0.8571252958148523,0.9123992402861407,0.651585921158111,0.9962043215661707,0.9823635494290388,0.9303105872741884,0.8286150294789995,0.8574307810740128,0.7880418755318432,0.8834506330434522,0.9748649401197036,0.9038547561156012,0.7012330009505503,0.9091812387167528,0.7422283342251004,0.8657490312007632,0.9759709171393389,0.7385529710466943,0.9123992402861405,0.9157186269856046,0.9650762806974964,0.8971337307079474,0.7138886019877959,0.5090316584534034,0.9157186269856046,0.9595131865896311,0.9000373939808759,0.8965073207478929,0.9264265757108794,0.7982825589030138,0.8418786300337933,0.8132633613980011,0.9835777655793254,0.7373695502212065,0.7128362024743826,0.798196864462956,0.611181238041425,0.9264265757108794,0.8144449269069335,0.939793813067825,0.8626992638505047,0.9157186269856046,0.9787288586866358,0.8058599935760675,0.9177656153449203,0.9635818708922906,0.7880418755318432,0.9702947773014304,0.9123992402861407,0.9099149954318697,0.7480515877812748,0.8774714760770146,0.8715535812823532,0.9338589450702637,0.8367741299372242,0.9499925548591655,0.6661850073249986,0.9396559123265897,0.9030086235821648,0.9572976368352231,0.798422061001824,0.9719077222868919,0.916626782594081,0.9701757583840656,0.977555385202107,0.8521229825390564,0.811177217036074,0.9620730564657862,0.9866725479230198,0.9572976368352228,0.9428298129397872,0.9286959978682231,0.7296610870173428,0.753153206742117,0.7412509491244246,0.8915068580997111,0.858962461495268,0.9874196720316069,0.777320597925978,0.6885967077095263,0.5701661658814695,0.8262411347517731,0.9060540201833016,0.9091812387167528,0.9874196720316069,0.86199897593,0.9281038168678342,0.9820826274011359,0.9030086235821644,0.9060540201833016,0.7960087123307096,0.6213319531362889,0.9264265757108794,0.9060540201833016,0.8875293335776402,0.9982056204357299,0.9982729623509399,0.9423900422539511,0.8241649990671216,0.9030086235821644,0.9060540201833016,0.9477231321369732,0.9060540201833015,0.604606840803467,0.7738185114607228,0.8566394426433692,0.9060540201833016,0.7623757399913393,0.9060540201833016,0.9834314410824353,0.9491259459009258,0.84545427827711,0.7704898006819785,0.9123992402861407,0.5894059541966392,0.9750660166392207,0.9130470727423967,0.7124453464236438,0.8262411347517733,0.9914903236935683,0.9299397675698131,0.9157186269856046,0.820410115045145,0.8770480780167362,0.899426486649193,0.9000031101984081,0.8949117707360061,0.8468536050146845,0.9337059488987844,0.7880418755318435,0.937551705310049,0.9060540201833016,0.548761111798943,0.9060540201833016,0.9235824379230667,0.8432648458861445,0.9966922538063423,0.9535996052089042,0.5894059541966392,0.9091812387167528,0.6221851228945495,0.8834506330434524,0.8018671341774826,0.8887741875977795,0.6850672658654592,0.9123992402861407,0.7627282731962668,0.901241397661938,0.6333238753803536,0.9030086235821648,0.807779982398422,0.8778956619927623,0.9303105872741886,0.8633363125976867,0.6675878917354435,0.9690134894816471,0.9578493706182811,0.7685482192001505,0.9157186269856046,0.9861773689192219,0.7417998466743116,0.6278589836521187,0.9227150661971699,0.5038443922844014,0.94332390766495,0.878294490116863,0.9339811468242711,0.9227150661971699,0.7925674859974539,0.6158938894205854,0.919152095601053,0.8345851988012263,0.9119912405538768,0.9123992402861407,0.8498824478883684,0.5819939327793249,0.9000373939808761,0.9123992402861405,0.9123992402861405,0.6274168228881107,0.9227150661971701,0.6877294682459418,0.9745904997345844,0.7880418755318435,0.7424530202169513,0.9349028572421434,0.9060540201833018,0.8708278127936302,0.9000373939808768,0.9157186269856046,0.5249787446172491,0.8704376401717024,0.9123992402861405,0.8708278127936304,0.8152547826547285,0.6583615748699749,0.7002083040108842,0.9416644716248816,0.8816946969167758,0.8719938388329479,0.981702097536183,0.8044100068128894,0.9761261745674079,0.9870435897770229,0.924474627719535,0.903253994342665,0.6660893680401676,0.8817178736023112,0.6649207091994646,0.9060540201833016,0.9528976942023156,0.8667965967839737,0.8732840781850195,0.9227150661971699,0.964663415934474,0.9030086235821644,0.9060540201833016,0.8834506330434524,0.9227150661971699,0.9303105872741888,0.8346528452164943,0.9184853020590702,0.878294490116863,0.9157186269856046,0.5430207148231072,0.6835853933370144,0.9490592052587876,0.9985977496218881,0.7059144460884221,0.95466724533758,0.9099455930672978,0.7556283262357792,0.9688965239450098,0.7930348538764279,0.9303105872741888,0.599218354014889,0.8498824478883682,0.5768110448161681,0.8971337307079472,0.9030086235821648,0.9363542328630519,0.7880418755318432,0.5647742677824303,0.5100895535684828,0.6647667146102865,0.9060540201833016,0.7299425727659716,0.8740463482181049,0.9061188929412323,0.9268193339646964,0.8747750288630063,0.7573506530142934,0.9060540201833016,0.9060540201833016,0.8708278127936304,0.7066298542368781,0.8340623783589278,0.9060540201833015,0.9264265757108794,0.9060540201833018,0.856661897008451,0.8098765737128348,0.7918845773190186,0.9060540201833018,0.8589624614952682,0.8860899491808241,0.6897407861015625,0.6453252497188482,0.9060540201833016,0.7802191483051633,0.84545427827711,0.5793607471051487,0.5742454176830382,0.8589624614952678,0.7588503190727767,0.9123992402861405,0.5393022983380253,0.9060540201833016,0.6251316292456659,0.8732840781850193,0.995597106524341,0.9781340241977939,0.9681207613454724,0.6876949289878551,0.8942918945731193,0.9060540201833016,0.6998315410116707,0.8972343139789662,0.9060540201833016,0.8869837251477688,0.8497084047268546,0.9794375189735989,0.6583615748699745,0.524978744617249,0.9060540201833016,0.9996915194428329,0.8164929015425704,0.9191520956010528,0.7813170987026579,0.7104172686177288,0.5676800252097323,0.9989691455678478,0.8078651440439559,0.9123992402861407,0.8023659876269932,0.9135841531896122,0.9774350345371767,0.8263816054083257,0.7865644036765898,0.7607892247800203,0.9581770036680436,0.9157186269856044,0.8732840781850193,0.9060540201833016,0.9701757583840656,0.9107834393920355,0.8093226312656862,0.7697068522432685,0.953599605208904,0.9000373939808759,0.9959136372356188,0.9909799053419361,0.9000373939808759,0.9570779796295696,0.9060540201833018,0.8915068580997119,0.77632225072899,0.8456621023988236,0.8874421650552475,0.7905902658814854,0.9761261745674079,0.9339973694561905,0.9774350345371767,0.939392999016518,0.9195453412137853,0.9264265757108794,0.7153580975581615,0.9457512976809446,0.9384749043847834,0.9068526714114971,0.8860899491808245,0.8200412134706068,0.8762607344566619,0.8832598198401493,0.8139197462693821,0.7421227855214142,0.9731560060618827,0.8824828972729082,0.9063144363068492,0.9399503688866634,0.7219291498769793,0.7910939846309819,0.8716763340130667,0.9931496147195411,0.9971726104183086,0.8412362029768821,0.8113620417189933,0.6473979301580385,0.9130470727423969,0.6800357889326323,0.9063144363068496,0.725736827141803,0.8055004567330714,0.8432648458861447,0.8402453045498627,0.9123992402861407,0.8849825569793063,0.7060906808507599,0.9676346945421206,0.973900431944277,0.934902857242143,0.928537740549497,0.9820826274011359,0.9443139433986842,0.9759507933033258,0.9337059488987844,0.8971337307079474,0.9966922538063423,0.9227150661971699,0.8612853521281925,0.6773741544957325,0.8389311826932677,0.9030086235821644,0.9030086235821642,0.8537499283046825,0.7367979353210019,0.8971337307079472,0.7627282731962668,0.9060540201833016,0.9191520956010533,0.9060540201833016,0.9060540201833016,0.4816777664359039,0.8808530918450068,0.8498824478883682,0.9060540201833016,0.8348630036427525,0.7618935606912856,0.8949117707360061,0.9750209551913047,0.780219148305163,0.7269255186496766,0.8220985211691236,0.8059157200224596,0.7014603480668286,0.8942918945731193,0.9347563554799443,0.9443139433986844,0.9412482016688248,0.8150347593839375,0.8352400773417706,0.8612853521281925,0.9299953465081168,0.9499053607024351,0.823046976900888,0.964663415934474,0.8078651440439562,0.9123992402861407,0.8619989759299995,0.9864561252797077,0.9690134894816471,0.8808530918450068,0.5268108139254979,0.858962461495268,0.9821247647995368,0.7972070991810941,0.8791209377401441,0.791724724353783,0.9530007332467467,0.9091812387167528,0.9177656153449203,0.813136931926277,0.7399482280662353,0.9966922538063423,0.8295563380294411,0.8971337307079474,0.8295130787389151,0.7959165242401371,0.9030086235821644,0.6304049580454628,0.8636318713376898,0.9303105872741888,0.6409075767701966,0.7723110934149167,0.7357826450524094,0.6707982851076646,0.8860899491808243,0.567680025209733,0.9484072390830316,0.9060540201833016,0.9157186269856044,0.9237521872928398,0.9060540201833018,0.8195368083509811,0.9530007332467463,0.912391049373263,0.9924336561265173,0.6876949289878551,0.880853091845007,0.5190939776448761,0.9761261745674081,0.6182089820298562,0.9404663323227448,0.548613410420794,0.9000373939808759,0.9985977496218882,0.9615238294658071,0.8949117707360061,0.878294490116863,0.9007061658601561,0.8934429964236276,0.6497058339361235,0.6196258931889593,0.8498824478883682,0.7981880453483519,0.7433220505381257,0.712791192903642,0.9264265757108796,0.9818634913664555,0.9681207613454728,0.9176534254021267,0.7357826450524092,0.9993371265780451,0.9415490144516767,0.6399346287750656,0.7059144460884219,0.9826171532883465,0.6519608766169245,0.7494567193023427,0.9940211874154163,0.84545427827711,0.9068526714114971,0.9571788542565072,0.8612853521281925,0.886919364202873,0.8118946479529896,0.888774187597779,0.9030086235821646,0.9157186269856044,0.9303105872741888,0.9060540201833016,0.903253994342665,0.7510923761072199,0.6853119227606894,0.8521229825390564,0.9060540201833015,0.7841250489032627,0.6752905843051138,0.0,0.8566618970084512,0.8220985211691234,0.7998787575170998,0.6218000139911144,0.9277363217970496,0.8952021501676388,0.8981039224200322,0.7774088206138337,0.7978953231297463,0.9191520956010535,0.8200412134706068,0.8684015223223851,0.9123992402861407,0.8432648458861447,0.9303105872741884,0.6376182095022391,0.9000373939808768,0.9303105872741888,0.8915068580997116,0.8980335604933309,0.9060540201833018,0.780320515204647,0.7860819724118495,0.7925207806814569,0.9853808551815852,0.7793561304895651,0.5943402084260863,0.5249787446172491,0.9030086235821648,0.9157186269856046,0.897133730707947,0.9030086235821648,0.9030086235821648,0.9032539943426648,0.9060540201833016,0.8971337307079472,0.828327438678591,0.9060540201833016,0.878294490116863,0.7978953231297465,0.7450600884945622,0.9123992402861407,0.9898252637321051,0.9091812387167528,0.9030086235821648,0.6228353980899217,0.5267677385314709,0.7650131182837043,0.6439327783252411,0.9060540201833016,0.8283274386785904,0.9123992402861405,0.878294490116863,0.630283464825506,0.8304244459109722,0.9227150661971699,0.9091812387167528,0.8869193642028731,0.946558695585868,0.8834506330434522,0.9060540201833016,0.8949117707360061,0.8543824471730519,0.918075146123948,0.9025529321711184,0.9570779796295699,0.9227150661971701,0.8708278127936304,0.9123992402861407,0.8283274386785904,0.8033439314602704,0.9060540201833016,0.9853808551815852,0.8443451412140974,0.9264265757108794,0.7537091599775094,0.8971337307079472,0.8887741875977793,0.4648788829348267,0.9000373939808759,0.5503881266091657,0.5638177444573508,0.9060540201833016,0.9060540201833016,0.968882199984979,0.7763357954816126,0.8200412134706068,0.6753147535219886,0.7755837821521523,0.7798248602814015,0.7039100716877229,0.5479064600969242,0.8757722623764213,0.5323540781069006,0.9060540201833016,0.8619989759299995,0.9157186269856044,0.9303105872741886,0.6876949289878551,0.9227150661971699,0.7627316987508488,0.9060540201833016,0.9060540201833016,0.5844135167066558,0.9060540201833018,0.5690652169596401,0.8860899491808243,0.7355282511756829,0.8139197462693821,0.9827983327295369,0.8824828972729084,0.7534471121862673,0.7237703744277482,0.9060540201833015,0.8432648458861445,0.5893232021549908,0.9091812387167528,0.8874421650552475,0.8924119508992802,0.9038717385084414,0.8346528452164943,0.8476598553448091,0.5591274282195555,0.7394287588496333,0.9060540201833016,0.5459554532006661,0.8476598553448091,0.9346820333843546,0.8044100068128892,0.7704187714880575,0.9339973694561905,0.7719886538923457,0.7296610870173428,0.8077799823984213,0.9719467684878655,0.7576276301178777,0.8971337307079472,0.9264265757108796,0.9396559123265897,0.9738625321620705,0.4977330089620523,0.9157186269856046,0.9030086235821648,0.8066834313722044,0.6278538287715332,0.946558695585868,0.9910020899897183,0.9127697146833386,0.8949117707360059,0.7035434506267082,0.9826171532883463,0.8200412134706068,0.9871127585444956,0.9012283516707328,0.974955727319273,0.9264265757108794,0.8860899491808243,0.8128115225225252,0.7075020797370488,0.9656987984431145,0.9800894053211886,0.9241742104809935,0.9142724794861656,0.9091812387167526,0.9461108554228088,0.8740463482181049,0.8362295614095867,0.8365164999112231,0.9060540201833016,0.7998787575170998,0.9060540201833018,0.6554424779728348,0.9264265757108794,0.9377452834131272,0.9099149954318697,0.7523220550758218,0.9060540201833016,0.6222231602814454,0.6409075767701966,0.9319824779930975,0.5333201811867998,0.686790636511507,0.5669751472517479,0.9595131865896311,0.7690901249122406,0.9943813318064604,0.984979344288115,0.6342082311491117,0.880853091845007,0.7099098837495039,0.9303105872741888,0.8808530918450068,0.9060540201833018,0.9385092927164111,0.9911824756094174,0.7047799255016882,0.9369296717540236,0.6497058339361237,0.9853808551815852,0.9030086235821648,0.6585315650828503,0.7433220505381257,0.8078651440439559,0.6644344320056721,0.6205279198702777,0.9060540201833016,0.5558149159111516,0.7472094666560578,0.856661897008451,0.9060540201833016,0.6113649571205486,0.9628942976868907,0.9227150661971699,0.8808530918450068,0.9030086235821648,0.7158720775211622,0.7598677866479948,0.8746805485876581,0.9869296750061689,0.8039903929722132,0.9130470727423969,0.6713613315615918,0.9060540201833016,0.9004067571879331,0.9060540201833016,0.9227150661971699,0.7985527786402571,0.8369515654851626,0.9303105872741886,0.6182040275334548,0.8744405237872943,0.9382783262031531,0.8843265687811639,0.9060540201833016,0.6708526430209234,0.8418874980013767,0.7422452190558375,0.9748649401197034,0.8432648458861458,0.9157186269856046,0.8612853521281925,0.7207185837172209,0.8715535812823534,0.7812517707546642,0.6376170706897253,0.8715535812823534,0.8566618970084512,0.9157186269856046,0.7880418755318435,0.8715535812823534,0.9303105872741886,0.9649961119767656,0.9091812387167528,0.8090977396371735,0.9030086235821644,0.6366547927597188,0.878294490116863,0.9743096495825112,0.8432648458861454,0.8615950609758738,0.8522097537748148,0.9911824756094174,0.9042894220702756,0.9864561252797075,0.9112467991181255,0.8566618970084514,0.8411903170953274,0.6675878917354434,0.9370155348892899,0.8304244459109729,0.9009164784975772,0.9091812387167526,0.9123992402861407,0.9107834393920351,0.8869864437739805,0.9880029397498308,0.8660034226470064,0.8847441043931494,0.9157186269856046,0.9191520956010533,0.9063053907665031,0.9060729726050416,0.9470198030408201,0.9940211874154162,0.8612853521281925,0.9192811990226873,0.9490592052587876,0.9710475161052712,0.9060540201833016,0.8724622021248298,0.85566241964557,0.8389311826932677,0.7466039663875941,0.8507699128002457,0.9191520956010528,0.9299397675698131,0.9114320566639176,0.9955667899073475,0.9702781670896217,0.8636318713376898,0.8824828972729089,0.9012413976619378,0.9497819507204744,0.8887741875977793,0.8392185912427563,0.9813702038092993,0.8408944966843873,0.8460424659806263,0.9546672453375802,0.9091812387167528,0.7865509394476206,0.9880029397498306,0.9123992402861407,0.779675436778757,0.7731203514083491,0.8179787033593435,0.9375517053100488,0.9750660166392211,0.6175687621144651,0.878294490116863,0.8200412134706068,0.95466724533758,0.8441833153094679,0.878294490116863,0.9646634159344742,0.912898432355039,0.9690134894816471,0.9091812387167528,0.9264265757108794,0.9564887883744841,0.9227150661971699,0.8997457757194026,0.9191520956010535
p226_G,0.7801591761272766,0.9105012505384156,0.8349149021845172,0.926544401544402,0.9225015741707872,0.9425114327004687,0.5702941218937481,0.639706585820949,0.8532445498042327,0.9393074128728374,0.9082470012068005,0.919989349133864,0.9199893491338638,0.9137065637065638,0.7924136069196484,0.7857724547836906,0.9573800935979493,0.8954688163631979,0.9910578376517607,0.9393074128728374,0.9994799761556171,0.7848674221395782,0.9388933740579655,0.9250812961986934,0.8309458606780317,0.8954688163631979,0.9581457206590637,0.8725113072902908,0.9393074128728374,0.6747439326997797,0.8855707623626501,0.9304741538905168,0.9127986978904699,0.846462250900856,0.9225015741707872,0.789693589217336,0.9250812961986934,0.9127986978904696,0.9425114327004687,0.8934425806304624,0.7839803582266721,0.8975213827250901,0.9425114327004684,0.8671302399974954,0.9573800935979493,0.9364410215438697,0.9277359074596556,0.8481743454856236,0.4810706168043106,0.8349149021845172,0.9810522968844484,0.7705064355650084,0.8954688163631979,0.44462068531389476,0.9127986978904694,0.8914410719709875,0.4925645535558181,0.34458474155865637,0.6207006304398188,0.9175383063396301,0.8566618970084519,0.8686188002217023,0.7514717776798476,0.8464976705745091,0.4359636222915996,0.7321389524344029,0.7660569881458927,0.8084112754124468,0.8256687219861041,0.9362456943690349,0.9745452330464994,0.8934425806304627,0.9683086794376969,0.7355710168869778,0.34458474155865637,0.8267698008899675,0.906032704732697,0.8156598842427538,0.730414512869374,0.9425114327004687,0.9082470012068007,0.9361204140696395,0.580559822040636,0.8954688163631979,0.34458474155865637,0.8743307438550616,0.9007798745624751,0.7019415513043823,0.8637025644628555,0.3678486223164621,0.34458474155865637,0.7118238016013603,0.8890929890760417,0.7786058683809314,0.580559822040636,0.7263924977375846,0.7951947848803037,0.8283921313536702,0.7252059422942556,0.723457544921573,0.6294521923276384,0.9746338287409401,0.9225015741707872,0.8679577393357282,0.6511297106481202,0.9362456943690349,0.8862848743640492,0.6907615559142974,0.9038554657884541,0.7593822847131333,0.7707681416466284,0.8975213827250901,0.7056015623791771,0.6269145503511784,0.9277359074596556,0.669385036744635,0.9105012505384158,0.9362456943690349,0.9425114327004684,0.783440160725098,0.8671302399974956,0.7371378063155158,0.9038554657884541,0.8855707623626499,0.8954688163631979,0.6268418870768071,0.9250812961986932,0.8596598169726406,0.919989349133864,0.8707051888795787,0.8058683707380012,0.9277359074596556,0.9304741538905168,0.9425114327004684,0.32458932758666104,0.7850367980772612,0.8154825411864677,0.9810522968844484,0.9304741538905168,0.3892599006043084,0.9407481393739898,0.9393074128728374,0.752404553975937,0.784384691197584,0.8273520836649044,0.8636009307043997,0.86189485572105,0.759051110859609,0.8934425806304629,0.6313498292378705,0.7737033537115781,0.856661897008451,0.9534273909503796,0.8425111710827857,0.9810522968844486,0.8934425806304633,0.6980784807453779,0.8689117123597327,0.9772972526041017,0.37237794280420655,0.6381302469815886,0.9765510393593577,0.8996020324755996,0.9846729689118636,0.8431623547994256,0.5849332418779605,0.8102648591378103,0.8464976705745091,0.8875064656813965,0.7850367980772612,0.881756756756757,0.9199893491338638,0.8914410719709873,0.5301654557495765,0.7985112975145874,0.7636776364119271,0.9362456943690349,0.8331968226315221,0.6542902251234446,0.7820032760879718,0.8653601694091138,0.8547490818682042,0.9941068010498537,0.9199893491338638,0.8433592138221095,0.8786776641375343,0.8488030544636933,0.849857479075582,0.44462068531389476,0.9160161841901238,0.9175383063396301,0.8804580254427761,0.728684288777202,0.7777387590320328,0.8566618970084512,0.34458474155865637,0.9250812961986934,0.9175383063396303,0.7263924977375844,0.8316283721615738,0.8600960853075241,0.9199893491338638,0.34458474155865637,0.8672000369622694,0.9747092296087323,0.9393074128728374,0.34458474155865637,0.8843266909277843,0.8707051888795785,0.8267698008899675,0.8706730776956202,0.678650401832471,0.3678486223164621,0.34458474155865637,0.8733643664044033,0.3445847415586565,0.9876323489431227,0.7540906054367915,0.7490944827657664,0.34458474155865637,0.5075794714904545,0.34458474155865637,0.6110251200762129,0.9420887388347678,0.8725113072902908,0.9966981620157496,0.5841127735433227,0.6705523575566974,0.3892599006043077,0.9388933740579655,0.9060327047326973,0.6453740110827157,0.9985705036376447,0.8761642169182167,0.9304741538905168,0.7311915051982696,0.8332787167611999,0.8515474244094852,0.8952057237832747,0.8707051888795787,0.8707051888795787,0.9151430007264558,0.7128204820814283,0.9175383063396303,0.34458474155865637,0.8515474244094852,0.34458474155865637,0.5933439124747466,0.8707051888795787,0.9304741538905168,0.8894628186153251,0.6509006780380934,0.9250812961986934,0.8689117123597327,0.9038554657884541,0.8086891598929628,0.8945436312571668,0.7882598375451735,0.9277359074596556,0.7615320920257622,0.8042685237096221,0.7623400254281054,0.3678486223164621,0.9333065093925879,0.8734045114756084,0.9425114327004687,0.7457422433436809,0.7457422433436807,0.5281645886104382,0.8026689534016755,0.7510910296059382,0.930474153890517,0.7688790278969668,0.6907615559142976,0.98497922985436,0.9362456943690349,0.7389815511680635,0.8689117123597325,0.47958548042571814,0.8766484086852762,0.9362456943690349,0.7737533399416665,0.7163991992504981,0.96157184588811,0.8448271155174858,0.6070463320463328,0.9277359074596554,0.8761642169182169,0.7056015623791771,0.9175383063396301,0.9277359074596556,0.9765510393593577,0.9316594345433338,0.9910578376517607,0.6926466702145564,0.8760323286574813,0.8251503574709123,0.7623400254281054,0.8993178757827878,0.5736202678932063,0.793814018086924,0.9175383063396303,0.930474153890517,0.7180664476795502,0.871032332233665,0.9746338287409401,0.9976903810580007,0.8725113072902908,0.6205184249389999,0.8618519839156851,0.8235335835879467,0.5399235970085261,0.9985705036376447,0.9001364873020513,0.7810472552823597,0.8311012003946949,0.8532445498042334,0.9393074128728371,0.7540044068405469,0.8707051888795787,0.9677368608399362,0.9277359074596554,0.34458474155865637,0.9304741538905164,0.8785462170031446,0.5749420747013705,0.9362456943690349,0.9333065093925879,0.9464802705130723,0.34458474155865637,0.9417409905789562,0.9362456943690349,0.9425114327004684,0.8636009307043997,0.9256041864312989,0.47958548042571814,0.930474153890517,0.7457422433436807,0.8734045114756084,0.9038554657884541,0.9127986978904699,0.8671693648137687,0.9277359074596556,0.9069834982716536,0.9277246538237128,0.9105012505384154,0.8636009307043995,0.9425114327004684,0.6423536246545731,0.8156429695474195,0.6809422183293732,0.9159086277875701,0.3678486223164621,0.8798763806688739,0.7128204820814286,0.7056015623791771,0.7074197865434064,0.9144237853295767,0.34458474155865637,0.7769905616247283,0.8743307438550614,0.5607507683244208,0.8743307438550614,0.9393074128728371,0.785036798077261,0.34458474155865637,0.34458474155865637,0.8934425806304627,0.8804580254427758,0.8215008241826153,0.3445847415586565,0.996705259555954,0.3445847415586565,0.5750965250965256,0.8431623547994256,0.679253523743683,0.9225015741707872,0.5338360491484417,0.9446701888736626,0.8867168000149583,0.7750169417181672,0.34458474155865637,0.8425111710827855,0.5849332418779605,0.6592374534590086,0.8205622880933257,0.8836545508570981,0.5869367397364014,0.9277359074596556,0.6888673364888636,0.34458474155865637,0.9337943176658215,0.8954688163631976,0.7850481623064793,0.871018711364614,0.9250812961986936,0.8686188002217026,0.9127986978904696,0.34458474155865637,0.8415030753570436,0.9605987121140804,0.34458474155865637,0.916016184190124,0.6869638390746422,0.8646517773452531,0.9211128761479769,0.6982490754523112,0.34458474155865637,0.9974467830536113,0.8018701786358153,0.9333065093925876,0.49876668511648203,0.6004787948584016,0.8583829421286899,0.8601128166776513,0.7966867035614484,0.9277359074596556,0.8448271155174853,0.8267698008899675,0.9017126880527937,0.7753730959142644,0.7776663361560384,0.8026689534016755,0.503396335864456,0.9304741538905168,0.7514717776798475,0.34458474155865637,0.9362456943690349,0.9570211975143579,0.9855043917305187,0.9082470012068005,0.8894628186153251,0.3892599006043088,0.9712061603582929,0.9250812961986936,0.3892599006043088,0.9476888747140071,0.9225015741707872,0.9508061295476462,0.8862261074420037,0.738553315617626,0.9362456943690349,0.7656156573256492,0.9393074128728371,0.9105012505384156,0.9017126880527935,0.6963902629677239,0.9446701888736626,0.5441119669791117,0.8132464545869329,0.9026532767809434,0.7118238016013585,0.528164588610438,0.9060327047326973,0.8515474244094849,0.9277359074596556,0.8761642169182169,0.6784026521698668,0.8122738071647504,0.8996020324755996,0.8728920970887104,0.9082470012068007,0.8855707623626499,0.51589672837377,0.7316049698759899,0.9921258158818893,0.9151430007264558,0.7163991992504983,0.7412606661028682,0.881756756756757,0.8996020324755993,0.5033963358644566,0.9166625871689299,0.9476888747140071,0.7951498097928977,0.8996020324755993,0.7714139820121894,0.6245639728413988,0.9277359074596556,0.8780454400456082,0.70561177160235,0.912353749560453,0.8464976705745091,0.9362456943690349,0.5882477148137253,0.8349149021845172,0.9333065093925879,0.9629372157622487,0.9151430007264558,0.915143000726456,0.930474153890517,0.9362456943690349,0.8855707623626496,0.9007792228676448,0.8698670921968827,0.9909903972974269,0.9019701437287178,0.925604186431299,0.8583829421286902,0.40906351332964774,0.9900580837439807,0.34458474155865637,0.9333065093925883,0.34458474155865637,0.34458474155865637,0.723457544921573,0.5033963358644564,0.6307272814268006,0.34458474155865637,0.9719464490323066,0.7524293587376012,0.652120372309444,0.8813010501064985,0.818697191013531,0.8428539722252646,0.8201937425332543,0.7164718940919634,0.7557478947704019,0.9127986978904699,0.826769800889967,0.6462069117302025,0.8743307438550612,0.945675870817152,0.8733643664044033,0.6225321251962737,0.9127986978904696,0.9608634184056339,0.954896493870901,0.9333065093925879,0.7191559419011252,0.9277359074596556,0.6732133531404849,0.9446701888736626,0.8975213827250901,0.9017126880527935,0.7688790278969668,0.916016184190124,0.8566618970084514,0.9017126880527935,0.8725489576545012,0.9277359074596556,0.4757675490118525,0.9250812961986936,0.927946029650792,0.8035490586609266,0.911289647238362,0.6649007021580284,0.8272360292098266,0.7469602563015963,0.6633316259064046,0.7454402702347116,0.9644994759182186,0.6592374534590084,0.8875064656813962,0.9425114327004684,0.9187258511814396,0.7656156573256492,0.9324622348412389,0.982563224824836,0.8621423904215095,0.8583829421286899,0.8442421395514916,0.34458474155865637,0.9304741538905168,0.9026532767809434,0.9683086794376969,0.8156497737873674,0.9060327047326968,0.9175383063396303,0.8875064656813965,0.8890929890760417,0.9017126880527937,0.7019415513043823,0.9393074128728374,0.9401686077353596,0.9082470012068007,0.7962702979293608,0.3892599006043088,0.9127986978904694,0.8874451807660653,0.9205309941406191,0.5891406252078384,0.9798682085961467,0.8170890338502994,0.6705962028610719,0.7914666658764193,0.9069834982716527,0.9300413667847203,0.947679903343187,0.8855707623626499,0.9393074128728374,0.5278616623540139,0.9250812961986938,0.8371477580902835,0.8515474244094852,0.7580097776797319,0.3678486223164621,0.9951674504804602,0.9088837293741505,0.8158540812532469,0.8154825411864677,0.9277359074596556,0.8209328181671021,0.9026532767809434,0.9334160095166193,0.8766484086852759,0.9504635334903246,0.9038554657884539,0.7096842003074577,0.9082470012068002,0.9644994759182186,0.9304741538905168,0.9425114327004687,0.34458474155865637,0.9069834982716529,0.8705306965398935,0.7056015623791774,0.9715519476804579,0.3445847415586565,0.8219192676621394,0.8828146182764454,0.8566618970084512,0.0,0.8532445498042325,0.8349149021845175,0.818697191013531,0.9528028065489353,0.8894628186153251,0.6177093393100028,0.8864845765985013,0.8332787167611999,0.9333065093925883,0.8515474244094852,0.49256455355581785,0.9277359074596556,0.5924735674580738,0.9425114327004684,0.8894628186153251,0.9175383063396303,0.9970799457879603,0.9105012505384158,0.8914410719709878,0.9225015741707872,0.5301654557495765,0.8477200779284804,0.9362456943690352,0.9225015741707872,0.9060327047326973,0.9611616767607076,0.6982490754523112,0.3678486223164621,0.9810522968844486,0.4090635133296472,0.3678486223164621,0.3678486223164621,0.5999080000733643,0.34458474155865637,0.9151430007264558,0.6672842098702036,0.34458474155865637,0.9178060595541998,0.44093552459515073,0.9362456943690349,0.9277359074596556,0.9333065093925881,0.9250812961986934,0.3678486223164621,0.9556717988516256,0.7834401607250983,0.9017126880527935,0.7574013541427946,0.34458474155865637,0.6672842098702026,0.9277359074596556,0.8996020324755993,0.7047761780089354,0.7176744993129485,0.9362456943690349,0.9250812961986936,0.9038554657884541,0.8707051888795785,0.7930603358875308,0.9225015741707872,0.652120372309444,0.911432664794749,0.8192909701727045,0.9136807839492407,0.9734273782715801,0.9362456943690349,0.5158198836134903,0.9277359074596556,0.8862848743640492,0.7590511108596087,0.34458474155865637,0.9225015741707872,0.8203072037072685,0.9393074128728374,0.8538988933738461,0.9151430007264558,0.9082470012068005,0.752404553975937,0.3892599006043088,0.9838067765117753,0.6910498967520586,0.34458474155865637,0.34458474155865637,0.629296590666263,0.5410317785522771,0.8515474244094852,0.7236438839286169,0.7639794379599405,0.9211128761479769,0.7557478947704017,0.7143101173082436,0.4563753350273807,0.7346095719329164,0.34458474155865637,0.8481743454856236,0.9304741538905168,0.9425114327004687,0.8890929890760416,0.9362456943690349,0.7628458004001923,0.34458474155865637,0.34458474155865637,0.6747439326997797,0.9400771100284837,0.687038961418613,0.906032704732697,0.8272360292098266,0.8464976705745091,0.8070438511128338,0.8464976705745091,0.768012662221198,0.8224750277979959,0.3445847415586565,0.5924735674580737,0.7217028129421283,0.9250812961986934,0.9362456943690349,0.7330999107102139,0.9342671791761443,0.6777517861276663,0.5771436677848334,0.9250812961986936,0.8069065519459739,0.34458474155865637,0.7355710168869778,0.820932818167102,0.8464976705745091,0.758098123394602,0.7946697765437369,0.9105012505384158,0.8549492399295393,0.835636192357817,0.9333065093925879,0.7994700095886342,0.7898637875872265,0.9151430007264558,0.9393074128728371,0.8817567567567568,0.5396361341056766,0.7146177121945902,0.9304741538905168,0.3678486223164621,0.8106712049456513,0.8914410719709878,0.9601753961566368,0.911432664794749,0.9425114327004687,0.930351993730951,0.9425114327004687,0.9425114327004684,0.6894731014983033,0.6231104061904366,0.841503075357044,0.9225015741707872,0.996705259555954,0.707592453857647,0.9060327047326968,0.8867168000149585,0.9127986978904705,0.9199893491338638,0.925662981663943,0.7537554528113531,0.9250812961986936,0.9798682085961467,0.6380909553803994,0.8851357981137312,0.9273729614271558,0.34458474155865637,0.7118238016013603,0.9225015741707872,0.9944062766664021,0.9393074128728374,0.8975213827250901,0.8996020324755993,0.8300623057430994,0.34458474155865637,0.9804492848541708,0.9187258511814397,0.8996020324755993,0.7037755358791755,0.7355710168869778,0.7146177121945902,0.9304741538905168,0.9480563171539704,0.8569880799282872,0.9620640605219124,0.6279602688215606,0.9760740600631372,0.5058842236880099,0.9425114327004684,0.9123838819213477,0.9683086794376969,0.8448271155174856,0.9675603521328205,0.7540906054367915,0.7164718940919633,0.9299128034993458,0.9225015741707872,0.3678486223164621,0.7799565059593387,0.8156497737873675,0.7191559419011248,0.6592374534590084,0.642005883772218,0.34458474155865637,0.8348137785398617,0.8096756761112878,0.8817567567567568,0.34458474155865637,0.7765580483948542,0.9540324564594047,0.9362456943690349,0.5033963358644564,0.3678486223164621,0.9344999401560385,0.9307747569588934,0.8431623547994251,0.8914410719709878,0.6332319625110681,0.9017126880527935,0.9255288125155404,0.34458474155865637,0.8894628186153251,0.34458474155865637,0.9362456943690349,0.8637749650539771,0.8235335835879463,0.9425114327004687,0.887506465681396,0.7180664476795502,0.8823845551200089,0.5750965250965256,0.34458474155865637,0.7440592910622423,0.7471222880427801,0.7721311631321408,0.5241527027080575,0.6521203723094444,0.930474153890517,0.5897389843668692,0.8836545508570981,0.6452171808592648,0.8365551646144354,0.9577848377266376,0.6452171808592648,0.9137065637065638,0.930474153890517,0.8251503574709123,0.6452171808592648,0.9425114327004687,0.46902425291428407,0.9723157551667554,0.8344071032518648,0.919989349133864,0.8836545508570981,0.8447692963661197,0.8600960853075241,0.930351993730951,0.9017126880527937,0.8689117123597327,0.9281918474396418,0.9199893491338638,0.906032704732697,0.8877861904107736,0.881756756756757,0.7750695063887028,0.9512595020817556,0.642679878165614,0.8601128166776513,0.9675603521328204,0.9250812961986934,0.9277359074596556,0.9626060136565603,0.9832806424468284,0.8894628186153251,0.8894628186153253,0.9013534900827227,0.9304741538905168,0.9333065093925883,0.7315702242034215,0.8875064656813962,0.9124842176819483,0.8743307438550614,0.8520841110021093,0.7954695866116879,0.9796265153694581,0.8836545508570977,0.9225015741707872,0.7921159604555554,0.8810234245122154,0.8671302399974952,0.8747639177841731,0.8039340696003582,0.8038893788091567,0.9994413423319619,0.724261402379103,0.8954688163631979,0.5357747919441286,0.8875064656813965,0.8992865236029117,0.7386794928539417,0.9092278811853902,0.9082470012068007,0.8175507538333263,0.919989349133864,0.9134309582798404,0.867241468636764,0.43766737784421683,0.9723157551667552,0.8267698008899678,0.8894628186153248,0.9765510393593579,0.788299850455997,0.7914666658764193,0.8601833301225159,0.8225110212643469,0.9524863574623583,0.7440592910622423,0.9361204140696398,0.7974682718729413,0.9277359074596556,0.7850481623064793,0.8996020324755993,0.9333065093925883,0.8618948557210497,0.8975213827250901,0.9723157551667554,0.9393074128728374,0.9710543028754368,0.9362456943690349,0.813835265954896,0.9333065093925883
p226_K,0.6451017354724415,0.9232502230992652,0.28261752624586023,0.9893119279969469,0.9038142386822652,0.9286491105644257,0.7086214153151509,0.7315858140721594,0.8178571428571422,0.9246724996449083,0.710738804912774,0.9006962362816693,0.9006962362816695,0.8804580254427756,0.8795427878825162,0.8234748245414767,0.9306570238192786,0.6485835948548144,0.9208725034246266,0.9246724996449085,0.47993219194623016,0.6887990188427522,0.9953118525907373,0.9070160137452734,0.7320968524620612,0.8702630231263369,0.9306570238192788,0.841769728397971,0.9246724996449085,0.6247153249176047,0.9417736073071206,0.95678955450748,0.5111688012235103,0.8463034707266359,0.9428307668638463,0.9208725034246266,0.5699642570336958,0.8917716903077886,0.9286491105644255,0.8973461330227006,0.40365919614402745,0.8728105285248215,0.9286491105644255,0.8350911146232851,0.9306570238192786,0.6218592656296806,0.6323242645777184,0.8115643510074526,0.8066745118424044,0.7951076341784316,0.9137092609592146,0.5598851006868144,0.8702630231263369,0.8889202553233959,0.8917716903077886,0.5517608318800585,0.8652640614492118,0.9038142386822647,0.8091943746142756,0.6226136845668222,0.8220985211691236,0.6802492126081057,0.8702630231263386,0.583512322409474,0.9172245874626139,0.7711173566643112,0.95678955450748,0.7456644136087185,0.59889046443009,0.9208725034246266,0.8777890450020556,0.5698910277344884,0.9038142386822652,0.6718087782679452,0.9038142386822647,0.1736567654939165,0.7875282758041406,0.8787132883757072,0.9066935430739851,0.9801025842096873,0.8861224347761871,0.9376024723749292,0.8603806964337208,0.6185115084786368,0.9038142386822647,0.8699840321495316,0.8833742009912295,0.9851353800125302,0.9401491305195298,0.9006962362816697,0.9038142386822647,0.838004138344743,0.709384520801831,0.7252207012825329,0.8603806964337208,0.8115643510074524,0.8334296988846712,0.18670987505594938,0.6589443545051561,0.7253159531857722,0.9527103274498212,0.910310736217455,0.9038142386822654,0.7497784653778188,0.9929137794212606,0.5655745286057905,0.8905774007658872,0.6161943309836508,0.8806719604852848,0.6934181709497431,0.8244366800443659,0.9339575365978559,0.6515515564161098,0.8811620663517727,0.5491669919950228,0.5896632531113299,0.9232502230992652,0.9208725034246266,0.7111765739187428,0.7312206952770028,0.8350911146232851,0.8451259095144112,0.8806719604852846,0.8859100247525029,0.9905513686310499,0.9257781264349922,0.5699642570336958,0.7746884172332466,0.9765198713238086,0.8395280973905586,0.75905706010639,0.7986388097431091,0.95678955450748,0.9286491105644255,0.894681279123638,0.7727956892478665,0.7709895128514568,0.9139695648477241,0.6124075100098638,0.8976541691085207,0.524536485074331,0.5864372529524398,0.995515172630014,0.8925610068229326,0.8079564670345298,0.8307107766015764,0.7971434160526356,0.7009506697374124,0.8677481975092114,0.7605588489338662,0.9246724996449083,0.8220985211691234,0.9854028644831292,0.5962251415365172,0.95678955450748,0.8677481975092114,0.8230966687612196,0.7101517412338936,0.9697087372101489,0.8037010012713977,0.685429199190751,0.9649533549085013,0.9064976807425518,0.6254873296405825,0.24159752028809311,0.893117002810002,0.8496601527404546,0.5160674000599315,0.8281279529015613,0.7429388861893356,0.8804580254427756,0.4548028658601442,0.865264061449212,0.7187569889165664,0.8918448656304777,0.8889376109828273,0.9675591368764067,0.8713938810668462,0.8751550551919565,0.8609442969421726,0.9206173094830341,0.8943555983523803,0.8652640614492115,0.9006962362816695,0.7704525153185489,0.9285057457905513,0.7312206952770028,0.8136533416420015,0.888920255323396,0.9382927175073068,0.8976541691085207,0.9569327731092436,0.45909711776604356,0.6019113462164656,0.8692256836285233,0.9038142386822647,0.9070160137452734,0.8976541691085209,0.8115643510074522,0.43267146611634644,0.7951076341784318,0.9006962362816695,0.9038142386822647,0.287391928823006,0.6019113462164656,0.9246724996449083,0.9038142386822647,0.7194427687371086,0.8395280973905583,0.8266522796722566,0.7662207523063712,0.7360308345910624,0.938608053802739,0.9038142386822647,0.7272229943106867,0.9038142386822648,0.8306814442647676,0.5977607576815256,0.6435679505885858,0.9038142386822647,0.8504529052307115,0.9038142386822647,0.6669060639825737,0.9192972430845512,0.8674433656039866,0.24467082897069492,0.910310736217455,0.5667217275818066,0.8976541691085207,0.7736294536670363,0.8833742009912298,0.8456621023988231,0.9089856177883633,0.8911911051790227,0.8278089777511932,0.8094833764446472,0.8143939189406748,0.6783281077376087,0.8843580185005766,0.8556443573369895,0.8395280973905581,0.8946812791236376,0.8244134553929046,0.8976541691085209,0.9038142386822647,0.8157507865486253,0.9038142386822647,0.6560890491328715,0.8395280973905588,0.9137092609592146,0.8628087882864628,0.5667217275818067,0.9070160137452734,0.8373021566360073,0.4094041965848515,0.818726678439835,0.95331222816136,0.7372025494796421,0.9103107362174547,0.7960011673063772,0.5421934527184064,0.7050326462200962,0.9006962362816697,0.9172245874626139,0.8374171362039992,0.9286491105644255,0.859483399912252,0.9829708900157115,0.964531040634373,0.8184522000488279,0.8024655460350352,0.9137092609592146,0.7131484101726708,0.8518270111932111,0.7637399522948424,0.5655745286057905,0.676041700844326,0.8875850568726842,0.8753928891101745,0.8136533416420022,0.5655745286057905,0.7158394626173172,0.6480140255942144,0.9172245874626139,0.38905272293149706,0.8804580254427756,0.9103107362174552,0.8386900203601549,0.6684903778034303,0.6226136845668238,0.6739029008690659,0.9103107362174552,0.5225187561878244,0.9675591368764067,0.9385339575314249,0.7252207012825329,0.18138874677475825,0.7229241972739988,0.9208725034246266,0.9038142386822652,0.8677481975092114,0.9345566419027251,0.9137092609592146,0.6254873296405825,0.8074099974274125,0.910310736217455,0.629086898761468,0.8417697283979713,0.5304763952516036,0.8285401031127058,0.7809819176584165,0.7301662893586205,0.8223342438655776,0.9697884945456436,0.817698319742261,0.9735615243851738,0.8410364145658249,0.9246724996449085,0.8649405627695893,0.8395280973905588,0.7843961228399322,0.910310736217455,0.9038142386822647,0.9137092609592141,0.8387472004447054,0.8702630231263386,0.5655745286057905,0.9172245874626137,0.9006962362816693,0.9038142386822647,0.7643661180497823,0.9208725034246266,0.9286491105644255,0.8274651444318472,0.7141448389934015,0.8753928891101748,0.9137092609592146,0.684432610943323,0.4377583237794105,0.8806719604852851,0.891771690307789,0.6970782745302477,0.9103107362174547,0.8463034707266361,0.48896114209806296,0.8889202553233959,0.8307107766015762,0.9286491105644255,0.5561137077682299,0.8725540131360707,0.5796169142609193,0.7095855292243148,0.9006962362816697,0.8777890450020556,0.9891744575135325,0.6346127350287882,0.636869390871942,0.4693203611208724,0.9038142386822647,0.7232158926887486,0.8440278889899993,0.8751550551919565,0.8185422499360779,0.9246724996449083,0.707067373258758,0.9038142386822647,0.9038142386822647,0.8677481975092114,0.8178571428571417,0.9938689841141195,0.9038142386822648,0.9246724996449085,0.9038142386822654,0.8532445498042327,0.13077674473421652,0.6019113462164654,0.9818472950454276,0.8555999624260062,0.9162839533116924,0.42660372081935205,0.498409518326711,0.9038142386822647,0.21083432580168537,0.8674433656039866,0.5770687647276038,0.5988904644300899,0.7860647655550217,0.7531010300092595,0.632324264577718,0.6138433550046065,0.9038142386822647,0.5254294768243791,0.9003351095025163,0.8385686642892034,0.85185367159105,0.9070160137452734,0.43035994178923,0.8917716903077886,0.9038142386822647,0.8032844254553133,0.6300701788685343,0.9038142386822647,0.855599962426006,0.6282912996455063,0.4087333713048936,0.4792697022790434,0.6254873296405825,0.9038142386822647,0.9658619421876575,0.7272229943106865,0.9172245874626139,0.9196686254521735,0.7865098601144036,0.8242345650097702,0.8263815673352466,0.9325660606530386,0.5491669919950228,0.8074099974274127,0.7849984898875135,0.9413503191453483,0.7212084045481599,0.7806745712238654,0.2756828420012587,0.8780124908814331,0.5262469229133326,0.8702630231263386,0.9038142386822647,0.9208725034246263,0.7299593559791813,0.6798593832011792,0.8861224347761871,0.821243582460538,0.8976541691085207,0.9098871182021144,0.9070160137452734,0.8976541691085207,0.9197173314687737,0.9038142386822654,0.8889202553233964,0.24482365856819766,0.8642156862745085,0.9208725034246266,0.7090981371573739,0.9246724996449085,0.8889202553233964,0.9730192332773056,0.8593104535121474,0.9520770374064556,0.9246724996449085,0.6375637837239885,0.8674433656039866,0.8165558862615869,0.8728105285248218,0.5242502572404383,0.47136038267288527,0.910310736217455,0.8124394779507214,0.8319650172278279,0.5763928504558281,0.8753928891101748,0.8544466580110084,0.8861224347761871,0.8579782334751938,0.7677517294793199,0.8538652235847413,0.993081310989549,0.8946812791236378,0.9378333229283313,0.9511190091866659,0.8532445498042327,0.8753928891101745,0.8780124908814328,0.47266642632198363,0.8861224347761869,0.3877967418798609,0.8753928891101745,0.8048397664582476,0.8611239795475513,0.910310736217455,0.9940394767033784,0.5451403963220989,0.9218963184685967,0.8544466580110086,0.9208725034246263,0.9992292023259398,0.8165558862615876,0.9172245874626139,0.8931170028100022,0.894681279123638,0.8175127633112378,0.9137092609592146,0.9208725034246266,0.8859100247525029,0.46587160120444304,0.5177561869945884,0.644361953465493,0.7580974060287022,0.6654088771168674,0.8955315735658562,0.8946812791236376,0.8730961427060144,0.9038142386822647,0.5903158095167628,0.9038142386822647,0.9038142386822647,0.6567743629139984,0.8780124908814324,0.8725540131360707,0.9038142386822647,0.639116554017765,0.6927322025582692,0.8395280973905586,0.7760390748360741,0.25140178008956227,0.5045802491994431,0.817857142857142,0.8157507865486253,0.6968509431824823,0.8917716903077886,0.923424981619287,0.9172245874626139,0.8440278889899993,0.6800476622794218,0.7272229943106865,0.8347720624744083,0.8917716903077886,0.9345566419027251,0.9387551364277329,0.9172245874626137,0.9325660606530388,0.5491669919950228,0.8342122086024168,0.8833742009912293,0.8728105285248213,0.7102916254031211,0.7312233913706239,0.7860647655550217,0.8220985211691236,0.8780124908814328,0.8485974223311201,0.9103107362174552,0.8833742009912298,0.9070160137452734,0.8610004419439286,0.7292229368693208,0.6295915869975671,0.9137092609592146,0.715809831574922,0.8946812791236378,0.9336963054933611,0.6156463920459541,0.9855683111551216,0.5770687647276036,0.7148583708416638,0.9684439421450509,0.5045802491994433,0.7090981371573744,0.8157507865486251,0.5106529457935395,0.8833742009912295,0.8242345650097702,0.7973643070526486,0.9038142386822647,0.5262469229133326,0.8417697283979713,0.9038142386822652,0.5505659632018765,0.8833742009912293,0.8976541691085209,0.828127952901561,0.5698722312955299,0.8780124908814331,0.6300701788685341,0.781993351913499,0.6516424969425614,0.8861224347761871,0.766226926329802,0.8976541691085207,0.8917716903077886,0.7148874080958272,0.8649303928299301,0.9064976807425518,0.5614515351875558,0.7729833819948424,0.5261176390050395,0.7411826461223263,0.9513056403643734,0.6802492126081061,0.4006224921874586,0.857978233475194,0.9246724996449085,0.9129412260730061,0.9070160137452734,0.544702366658379,0.8157507865486251,0.7971434160526354,0.9006962362816697,0.5283187289318021,0.3950689638962459,0.9801025842096873,0.7709895128514566,0.910310736217455,0.8959401753090641,0.7474520763057801,0.4851458867083178,0.836472706760943,0.778908479919791,0.8806719604852848,0.7908213627520444,0.5091694247572502,0.9006962362816693,0.6124075100098638,0.9286491105644257,0.9038142386822647,0.8463034707266364,0.5324165709652241,0.8209397702893189,0.9017126880527933,0.9038142386822648,0.7789783388157523,0.6765187886508838,0.8220985211691234,0.8532445498042325,0.0,0.7951076341784309,0.7749793170013808,0.611360971354852,0.8786886059610841,0.8220985211691232,0.7171847386549133,0.6739979242462495,0.5455467546967061,0.8852958328023309,0.8652640614492118,0.9518893725088029,0.8903326882693012,0.9286491105644252,0.8628087882864626,0.8976541691085209,0.9684439421450509,0.5618002602627004,0.8944128167827483,0.9038142386822652,0.7826660740671243,0.1889671409510718,0.9208725034246266,0.9038142386822654,0.8833742009912295,0.5614515351875558,0.6254873296405825,0.9006962362816697,0.95678955450748,0.8946812791236374,0.9006962362816697,0.9006962362816697,0.8463034707266359,0.9038142386822647,0.8946812791236376,0.8717659040471606,0.9038142386822647,0.9064976807425518,0.7930769124067965,0.9208725034246268,0.5491669919950228,0.9172245874626141,0.9070160137452734,0.9006962362816697,0.6460611879993539,0.7312206952770031,0.8780124908814328,0.6989031042017515,0.9038142386822647,0.8955315735658562,0.910310736217455,0.7202448196689222,0.6091066398010581,0.8379706158235058,0.9208725034246266,0.9070160137452734,0.8806719604852848,0.8649303928299299,0.9452104916607271,0.6670039513203427,0.8395280973905586,0.8509107552317436,0.9138418160298118,0.9070275927691094,0.9197173314687734,0.9675591368764067,0.8677481975092114,0.5907456282863706,0.8480002345284656,0.7187569889165666,0.9038142386822647,0.9038142386822652,0.24445834486773566,0.9246724996449085,0.6542904045441283,0.6376340398330328,0.9197173314687737,0.6675491339109119,0.8976541691085207,0.6043221067780129,0.5921395779625389,0.9038142386822647,0.9038142386822647,0.837302156636007,0.9243957192441312,0.8387472004447054,0.6907333258418404,0.7070673732587576,0.6670275765117628,0.3991640315328455,0.6208625925272284,0.8728105285248211,0.6458029653447079,0.9038142386822647,0.811564351007452,0.5262469229133326,0.9286491105644255,0.6570674122369676,0.5655745286057905,0.680249212608105,0.9038142386822647,0.9038142386822647,0.5719266964096525,0.9818472950454273,0.5871730808645013,0.6229795142018264,0.6233152929822934,0.38117755536084685,0.8628087882864626,0.943218574940366,0.7040551075246839,0.6830887811136004,0.9038142386822648,0.9411372791480437,0.6545965092409001,0.6504288307600085,0.9208725034246266,0.8474791745646277,0.8036051974330694,0.8551267822420461,0.844027888989999,0.9070160137452734,0.33588160949917345,0.9038142386822647,0.6718087782679458,0.8959401753090641,0.8094833764446472,0.967283728259544,0.5704389551957887,0.8889202553233961,0.8199728879933696,0.8735144255504408,0.9172245874626137,0.7489081947149065,0.739193262894265,0.894681279123638,0.7331043271732334,0.8532445498042329,0.870263023126338,0.7479722189141222,0.9137092609592146,0.9006962362816697,0.9828864657439293,0.8652640614492118,0.8395280973905592,0.9046673347723675,0.9286491105644255,0.839528097390559,0.9286491105644255,0.9286491105644252,0.9082922466984111,0.8751550551919569,0.8032844254553129,0.9038142386822652,0.8308823766537641,0.7546185234836781,0.8833742009912293,0.8808657459163473,0.546289948780494,0.9006962362816693,0.8652640614492115,0.7991845826642112,0.9070160137452734,0.8023244059415185,0.8440278889899993,0.9411627810678587,0.8930433328221657,0.9038142386822647,0.8165558862615869,0.9428307668638465,0.7193510471098254,0.9246724996449083,0.8728105285248215,0.8753928891101745,0.88550720043065,0.9038142386822647,0.6300701788685343,0.5045802491994432,0.8753928891101745,0.6323463954585371,0.6718087782679456,0.6458029653447082,0.5693272164615989,0.6804700966734054,0.9043606943769344,0.7415023467443129,0.6655699765499656,0.9096814050133906,0.9885683887295464,0.9801025842096873,0.9096814050133908,0.9818472950454273,0.7908213627520437,0.8677481975092114,0.6947940286765224,0.8157507865486253,0.4921369064466923,0.9038142386822652,0.9006962362816697,0.7009506697374126,0.5693088970786788,0.8885411416710975,0.5770687647276036,0.5311869090077406,0.9038142386822647,0.5994879494978913,0.31512332288505307,0.8804580254427758,0.9038142386822647,0.6968509431824825,0.8917716903077886,0.5655745286057905,0.8780124908814324,0.9006962362816697,0.625603055329341,0.8702630231263384,0.9508504838329029,0.8652640614492115,0.8503564113953352,0.8369672819309513,0.48575837931528343,0.9038142386822647,0.8628087882864626,0.9038142386822647,0.9208725034246266,0.8944935577060378,0.7809819176584163,0.9286491105644255,0.8603806964337211,0.7330883283413427,0.8199728879933692,0.7929802668947117,0.9038142386822647,0.682343845336544,0.6611066567488664,0.7557828999295388,0.857978233475194,0.6016214029432811,0.9137092609592146,0.6671813148105576,0.8555999624260064,0.8417697283979713,0.7971434160526354,0.5311869090077402,0.8417697283979713,0.6024859374249125,0.9137092609592148,0.18138874677475825,0.8417697283979713,0.9286491105644255,0.8702630231263384,0.9070160137452734,0.8441872786629836,0.9006962362816693,0.8555999624260064,0.9064976807425518,0.7951076341784318,0.39840303942831257,0.8780124908814331,0.837302156636007,0.8677481975092114,0.9006962362816695,0.8833742009912295,0.6776010261964065,0.8474072181717973,0.5474044350276532,0.7019376898402148,0.832894223714755,0.43039826680199267,0.8973461330227008,0.9070160137452734,0.6323242645777184,0.8364727067609428,0.9729621072083838,0.8212435824605382,0.9074111177113569,0.8795079237923469,0.6124075100098647,0.5455467546967061,0.819937262908506,0.8603806964337206,0.8998033040594813,0.8959401753090641,0.7509766886424828,0.7577621847401026,0.8806719604852848,0.8555999624260069,0.6670039513203427,0.8667743253329014,0.8711821230159715,0.8911135129842752,0.8115643510074524,0.7954927657458659,0.9172245874626139,0.9174416475884566,0.8046304568319205,0.8702630231263369,0.9666327685149196,0.7714931618716123,0.8319650172278279,0.7960011673063772,0.8510429565495014,0.7443337016053608,0.8302735035974163,0.9765198713238086,0.8404557924728842,0.7148874080958272,0.910310736217455,0.6101965438968522,0.7849984898875133,0.8628087882864637,0.9518893725088027,0.9413328773675944,0.7411826461223265,0.8252826624319249,0.8976541691085209,0.6964186301552306,0.7347586943861972,0.8753928891101748,0.79331017721801,0.9103107362174547,0.7332164371859542,0.7202448196689222,0.5903158095167629,0.7971434160526354,0.9339575365978556,0.9070160137452734,0.9246724996449083,0.7829885471498914,0.9208725034246263,0.7081805556178287,0.5903158095167628
p226_Q,0.8429458040158049,0.616694031724687,0.8533996882120163,0.9636356328314284,0.9279034959226291,0.6517640413322647,0.9976238654078585,0.9674609191126948,0.7951076341784309,0.9152641503417578,0.941584537462316,0.8882932693469461,0.8882932693469461,0.3341060547562592,0.9677150675150614,0.909209220881507,0.8188711496571089,0.8120252635732317,0.8298099072732108,0.7228317691823951,0.9682654461486433,0.8688077246092831,0.814880857245853,0.9698578908306781,0.9553462017783088,0.8540589702876238,0.619136615075775,0.8932759018403602,0.677593759122914,0.6888147905145092,0.8660856746685761,0.9029316112204655,0.9107523671187103,0.8271068874433853,0.8918007079504509,0.9973897225041901,0.8954023823601893,0.4717796865771835,0.919737437035689,0.464080645268244,0.8897015904236056,0.8569246572337175,0.9850406692683007,0.8605574677832935,0.818871149657109,0.7077520148020952,0.9760557307924651,0.7880288772623985,0.8512300448035051,0.7695167286245359,0.9427946840319121,0.4483567602283043,0.8540589702876238,0.875046477041949,0.9757489930454581,0.9357888633762992,0.8484356419795889,0.8918007079504506,0.8213147750313237,0.9873110786538148,0.7998787575170996,0.7209960511861118,0.8540589702876251,0.9729124703547429,0.9068859994145182,0.8975553241234993,0.9029316112204655,0.7784744511280897,0.8552538317983635,0.7866098147175611,0.3967084883720855,0.9022818036223246,0.9279034959226291,0.6308179364408941,0.8918007079504506,0.8930458090739322,0.9789319557752636,0.9726705794236883,0.6555137801212287,0.69937498818027,0.972670579423688,0.6796600945069264,0.7378150491299369,0.8540589702876247,0.8918007079504506,0.2627784971868178,0.9601639163785549,0.7716085369388772,0.8746028111475577,0.8882932693469463,0.8918007079504506,0.45646960067154263,0.7303563094723724,0.8099868446087761,0.8953476735959469,0.8299419248287943,0.4115540837568422,0.9735935723487787,0.6481020004099824,0.6614729305147535,0.9088169265457855,0.7161557990058239,0.5305546844946984,0.6326462226889253,0.9218034222685998,0.9109895373928902,0.4280383812500086,0.6461271845520153,0.8657679762547947,0.6838159527417558,0.4762656969715968,0.7753016271609583,0.90245286148532,0.9862038840158585,0.8991086132420374,0.8948809142686167,0.8708237773413691,0.9109895373928905,0.9850406692683005,0.73199412320449,0.975715846435314,0.554152423971688,0.4474656280649323,0.8237640628145639,0.9233305189529458,0.6965542539646583,0.9698578908306781,0.8257818699927977,0.8661426937240922,0.8194852749688188,0.7289634644081244,0.985470710432321,0.7383007334765153,0.9197374370356892,0.8815270484708908,0.5660889456141016,0.7609717433899212,0.8578899519108549,0.9427946840319119,0.8848712502248577,0.9311327893874057,0.9152641503417578,0.6899154558726359,0.6248656953937897,0.5806589027981255,0.8095666773087122,0.9116068032779687,0.6635996286870587,0.8512300448035053,0.5939790536034182,0.9490218194797996,0.7998787575170996,0.6584062632475499,0.9345638568496293,0.8977530247223016,0.8786176172006355,0.7784836705874497,0.8340602483605288,0.7981075770517971,0.6499807016764748,0.8467657571682019,0.9085235928818935,0.5645325063221196,0.6880441579889687,0.9245940033864735,0.7266226698789058,0.8778115250596104,0.8398630498001977,0.9474363504294318,0.7534619072780842,0.6614614353553456,0.8882932693469461,0.9897327370373274,0.8750569795804257,0.8752225854928526,0.7789280287218883,0.743409722161911,0.8500554881616187,0.9491437820665534,0.7793378423463273,0.8576389948128025,0.8991239933579043,0.854873052884757,0.8882932693469461,0.7860336199426543,0.6159315311166046,0.7663378882913323,0.8326092276629771,0.875046477041949,0.856366335700456,0.9531644691774961,0.8165558862615871,0.5348504219949366,0.6763839054942338,0.9307019265661582,0.8918007079504506,0.8954023823601893,0.7053694360593161,0.8089854010455964,0.7648608663332439,0.8885957548866767,0.8882932693469461,0.8918007079504506,0.9240942645838969,0.5677145589768622,0.915264150341758,0.8918007079504506,0.8717877596466558,0.8664957973805583,0.8352311593245665,0.7981075770517976,0.9430352313323087,0.8882932693469461,0.8918007079504506,0.8126028926810811,0.8918007079504506,0.6462830968076694,0.5577898190792998,0.4884028836456489,0.8918007079504506,0.8604683067040061,0.8918007079504506,0.9702740713268825,0.9998006870883669,0.29900856306307844,0.9739212541784146,0.9469971516571073,0.5745593345979674,0.8848712502248575,0.8734886394090499,0.8688077246092833,0.8948671813684301,0.6974461891711343,0.6385095617767902,0.8578899519108548,0.8064907104924683,0.826407551793241,0.9519132041712031,0.7062450041538794,0.8429905361746886,0.8194852749688186,0.8815270484708906,0.43915849072594415,0.9531644691774963,0.8918007079504506,0.814017245544506,0.8918007079504506,0.6678227424886924,0.4988621500609577,0.9029316112204655,0.9785613318267481,0.6210246426428659,0.8954023823601893,0.816981315853798,0.9254867932704705,0.3694216389474747,0.9726705794236883,0.7043793415035686,0.8991086132420374,0.4087308741150151,0.8528084865158394,0.6681914410253773,0.8882932693469463,0.989737435419342,0.6087167766684358,0.919737437035689,0.8555899537088858,0.6936118943311875,0.9135052288653058,0.7962445375813831,0.4455335643695786,0.9427946840319121,0.794396894905161,0.7084231036655815,0.5271113765339914,0.9109895373928902,0.635579547928814,0.9271158312367084,0.888611449800047,0.5972797462791062,0.9109895373928902,0.8190348353011214,0.6829264417042109,0.968836846578246,0.9068404327289781,0.8125485340933876,0.5622615639049684,0.9542816599648682,0.588976134802222,0.9443957023935474,0.985470710432321,0.9085235928818935,0.556387743939621,0.7002096296062614,0.6643952280621559,0.7249255050976924,0.9949625014137061,0.8020352311694974,0.9973897225041903,0.9276853521886583,0.8475066588280649,0.5346363886777225,0.6984376606650693,0.6099490258564231,0.9072772156967592,0.8700500341066798,0.9570569484165847,0.8220068840377224,0.7617032399201334,0.829509762764606,0.7917518049064638,0.6396165017071795,0.8053234051966951,0.6659609340158239,0.3485833587115428,0.9152641503417578,0.838004138344743,0.7680697792418765,0.8756872102415514,0.8664957973805585,0.7675624968750305,0.8991086132420372,0.8918007079504506,0.9029316112204653,0.781680803964446,0.7841989497283037,0.9109895373928902,0.9274111285758341,0.7959815403158172,0.8918007079504506,0.8657679762547945,0.9109895373928905,0.7469859350282753,0.8063586607615824,0.9139025349757532,0.9099152708765403,0.9029316112204655,0.6936118943311875,0.6891107846900046,0.7162003046354732,0.8782540541553363,0.5003375825499778,0.8991086132420374,0.8271068874433856,0.6454747640540368,0.8750464770419488,0.8321593044810474,0.7945968818762805,0.5626671444404798,0.5413489161804577,0.5271113765339912,0.9853165951415537,0.8882932693469463,0.7697739205843901,0.8608029126270049,0.6046499711363769,0.591514645297784,0.5140289910955407,0.8918007079504506,0.6886457615829864,0.9206180783388167,0.8262721898331896,0.9112576872105786,0.9152641503417578,0.6704803039722531,0.8918007079504506,0.8918007079504506,0.8512300448035051,0.7951076341784311,0.4042667997722289,0.8918007079504506,0.7680697792418765,0.8918007079504511,0.9888168159544353,0.9656118914375456,0.7074322902134826,0.8554797762443019,0.7798490456524698,0.6439592526212661,0.6621569528228295,0.7181650128731285,0.8918007079504506,0.990360360194486,0.7503790091464528,0.6171687946143787,0.7003525008098674,0.9073778623991137,0.7418011523709304,0.985470710432321,0.5656126745131147,0.8918007079504506,0.5595998467500142,0.6450673805036601,0.7515783186539262,0.8144004780422747,0.8954023823601895,0.7142196141976218,0.5042779995405566,0.8918007079504506,0.778714795108338,0.677737376831387,0.8918007079504506,0.9328836257484427,0.8459534247647545,0.9107478742580493,0.5247902615868267,0.5787109730034048,0.8918007079504506,0.9898448372131408,0.9149882173400559,0.803133974568598,0.9111477344496497,0.888056828364564,0.8242724495767533,0.8046967529941971,0.6713336264387186,0.9375821720172512,0.8866236210773966,0.7581449596587455,0.6097536196746616,0.7032995182082109,0.6693479265178908,0.8270788083569665,0.8920802319381609,0.9029316112204655,0.7563726358833744,0.8918007079504506,0.9162100923845102,0.7873167549650782,0.9009384371123315,0.9340712946921956,0.9519838068629043,0.8848712502248579,0.8524902145789464,0.8067755837578557,0.8848712502248579,0.7550682856940842,0.638863048411233,0.7755251227351135,0.9788316531026544,0.7330308199921357,0.9109895373928905,0.6727647087858122,0.915264150341758,0.9978886501497104,0.7855769661642541,0.9038598561071134,0.8571237000829007,0.9152641503417578,0.8806559112015614,0.8457632233052685,0.8137066794579688,0.9733336278715174,0.8688077246092831,0.9519132041712031,0.87005003410668,0.9785718213639512,0.8688988704408214,0.7931396251876046,0.6508781974607241,0.9105043104063899,0.9029852527308235,0.8402398194588374,0.5373393706721716,0.6239532635438487,0.5538195298161352,0.8854493278508868,0.9037770157524123,0.8382664248427233,0.8600960853075243,0.8598295527538451,0.8920802319381611,0.5176446089558056,0.9340712946921959,0.9786020920119569,0.8598295527538451,0.9605168422040375,0.662393066304134,0.6007351226801825,0.919425113889746,0.9170148906754851,0.7671512005386321,0.9105043104063899,0.9109895373928905,0.9759877623185741,0.9084422592637003,0.7617082565661865,0.9641860625543643,0.585847525978886,0.7522929714633314,0.9427946840319121,0.9109895373928905,0.4102303794587504,0.6836690753379162,0.9296524949745055,0.9935349994593583,0.9935349994593583,0.6874088678918229,0.9998006870883668,0.9481052266646686,0.372708403901886,0.8918007079504506,0.9068859994145182,0.8918007079504506,0.8918007079504506,0.6139057336845779,0.8627763408565621,0.7599603687722047,0.8918007079504506,0.5940424774651134,0.654354681011506,0.8900010585864283,0.6540452966743238,0.990360360194486,0.771545948802294,0.775927324158448,0.7927381955186616,0.6589878493055461,0.9757489930454581,0.9315889089068428,0.9068859994145182,0.824547087224186,0.6510188646537217,0.6931533472456106,0.9788391940729938,0.9917526939911679,0.8848712502248584,0.7611850930577386,0.6374311025589512,0.7120707803981958,0.9375821720172512,0.7509275995072519,0.8688077246092829,0.8318821987925464,0.9027925304906484,0.7776717467639982,0.6778259922551544,0.7998787575170998,0.8627763408565621,0.9034103072534103,0.8991086132420374,0.8992597885323739,0.6206368125816342,0.9038519355176635,0.7125204971390728,0.7669601649642517,0.9029316112204655,0.9964834311576645,0.881527048470891,0.9636847634903105,0.8625142972014931,0.8310621170199547,0.6326560995499251,0.8688283624421211,0.7945968818762801,0.45836189021276885,0.6894029394143677,0.7927381955186616,0.5745882810354865,0.7048633804674473,0.8242724495767533,0.986777908696682,0.8918007079504506,0.9029316112204655,0.9170322411079062,0.8918007079504509,0.947184398482027,0.8688077246092827,0.9190178597011773,0.7378150491299368,0.730356309472372,0.6097536196746621,0.583866216723897,0.9490218194797998,0.5224750007114817,0.8718992107694512,0.7155631317971944,0.8848712502248579,0.7642645032475507,0.8600558359275288,0.6398937172961762,0.9099152708765407,0.9820737524064077,0.8940374697522204,0.5544774351643613,0.7088565492849233,0.5899292389786243,0.6887226606366108,0.8446969812507226,0.8402398194588376,0.7680697792418765,0.8956273847626326,0.8954023823601895,0.6396165017071797,0.8991334456478846,0.7917782103155426,0.8882932693469463,0.6094840075591488,0.664723091123636,0.9197374370356892,0.8538991017854298,0.985470710432321,0.6710802094240014,0.797891687681543,0.8569246572337172,0.8748396740376376,0.7979182076048257,0.9254867932704707,0.8453164318386717,0.9651573366535677,0.8882932693469461,0.9427946840319119,0.7469859350282754,0.8918007079504506,0.8271068874433856,0.8292939110307624,0.6516714801388415,0.3839344577930828,0.8918007079504506,0.8082592358119727,0.4475804760083929,0.7998787575170998,0.8349149021845175,0.7951076341784309,0.0,0.8031812366768303,0.7116891033183068,0.6493533186794367,0.8870942035498053,0.6986776579336873,0.6607408830617634,0.9068859994145182,0.4199369535250871,0.9023795156406169,0.9085235928818935,0.8514410681490051,0.6993749881802709,0.8722512319713727,0.5346363886777225,0.7945968818762806,0.9661224319476251,0.6930414319016732,0.5666574724668761,0.8448416754391184,0.9823772268532573,0.9109895373928907,0.8918007079504511,0.9297118524554642,0.522169551741555,0.594329999429914,0.8882932693469463,0.8977530247223017,0.8815270484708906,0.8882932693469463,0.8882932693469463,0.8271068874433856,0.8918007079504506,0.8815270484708906,0.8022815916598935,0.8918007079504506,0.564532506322119,0.6607408830617636,0.9109895373928905,0.9375821720172512,0.94831171741693,0.8954023823601895,0.8882932693469463,0.5005345127385041,0.7148222406610687,0.8627763408565621,0.677734874581732,0.8918007079504506,0.6479469604186077,0.6007351226801821,0.8811333738303389,0.6069237022675695,0.8625370763181528,0.6138094444949616,0.7323200752873661,0.8657679762547947,0.7574200233255257,0.8057785301589873,0.8918007079504506,0.9135063197922979,0.4215795171862391,0.995314950717268,0.8039620564232361,0.6928962017713398,0.9594101849401601,0.8748942312251944,0.8991086132420374,0.47202009708372816,0.7130292778012568,0.8918007079504506,0.7832742002999453,0.9490493550639384,0.915264150341758,0.6597815986661921,0.9520275060446647,0.6928962017713397,0.6739431583148774,0.8848712502248579,0.6170263542418599,0.5411981117069258,0.8918007079504506,0.8918007079504506,0.8169813158537982,0.8594498716703758,0.39865790349924224,0.5209987019306739,0.7202692659557517,0.6511438500312573,0.6193467972050573,0.6202945078457902,0.916753056239929,0.648833661978697,0.8918007079504506,0.9347245437447829,0.9029316112204655,0.919737437035689,0.4398957945268632,0.9109895373928902,0.6403125748123593,0.8918007079504506,0.8918007079504506,0.6268678325594965,0.7471714123277675,0.6595731243766225,0.9180278279290823,0.6370176955242218,0.8606657697829821,0.8988287569352167,0.9022712097485509,0.663591306762082,0.6791178700909066,0.8918007079504506,0.7339147621196558,0.6114558676920612,0.8954023823601893,0.9109895373928905,0.8159596094081112,0.8739184215005923,0.7837660335892471,0.6710802094240012,0.8954023823601895,0.9555516203918821,0.8918007079504506,0.6308179364408941,0.8392044438746054,0.7856879905096839,0.7645916541673787,0.7237452520354621,0.8750464770419488,0.7974876343235751,0.5311238838848478,0.94831171741693,0.8445867697677376,0.7066186935571892,0.9813943157615574,0.9942598295392804,0.8600960853075241,0.8540589702876247,0.6015640166411407,0.9029316112204653,0.8882932693469463,0.735668933010085,0.875407578810103,0.6398937172961765,0.8571606472033044,0.9197374370356892,0.6398937172961764,0.9197374370356892,0.919737437035689,0.8029598539902904,0.8788359888067379,0.7990833720880766,0.8918007079504509,0.9490218194797997,0.8688077246092829,0.9601639163785549,0.5166553715678359,0.8782540541553367,0.8882932693469461,0.8484356419795889,0.8143028554427265,0.8954023823601893,0.6722258174988842,0.8725825827815012,0.6555137801212292,0.622936375325448,0.8918007079504506,0.4167765919174954,0.9998909281330146,0.6608597131346094,0.9152641503417578,0.9983760863126883,0.8598295527538451,0.7266631463535331,0.8918007079504506,0.583866216723897,0.5523171077896268,0.8598295527538453,0.5864267310891793,0.6308179364408941,0.6015640166411407,0.9029316112204655,0.6530500820588985,0.919425113889746,0.7586779633134184,0.6090996528181254,0.5511458375114648,0.5083271086146686,0.6993749881802702,0.6683614018378592,0.6749658363834108,0.9072772156967592,0.8748942312251944,0.6566740276930518,0.7927381955186616,0.5387559032922293,0.8918007079504509,0.8882932693469463,0.7295058275059896,0.775324107828306,0.7324393573779344,0.6326560995499249,0.5815177692282298,0.8918007079504506,0.6270539461441704,0.9708223399337736,0.35928723787926575,0.8918007079504506,0.6589878493055459,0.7642645032475508,0.9109895373928902,0.8627763408565623,0.8882932693469463,0.6450678354434123,0.8818852841325537,0.7062450041538794,0.8279011160542435,0.871249987131727,0.8148808572458537,0.563338915728695,0.8918007079504506,0.8988287569352165,0.8918007079504506,0.9109895373928905,0.44790439096701107,0.7536267205171054,0.919737437035689,0.9998416757543055,0.5466235471120895,0.7974876343235748,0.8349149021845175,0.8918007079504506,0.7881704068805278,0.698280204370902,0.6118525217692415,0.9436232402977913,0.8664957973805585,0.9774791703451948,0.8402398194588372,0.8375645041075974,0.8457632233052683,0.7718067781551383,0.5348526535453141,0.8457632233052683,0.9888168159544352,0.5788484422307298,0.9949625014137061,0.8457632233052683,0.919737437035689,0.8540589702876249,0.8954023823601895,0.7266433238403038,0.5854980800909929,0.8630702674569264,0.6796600945069262,0.9878282767717947,0.992472635384223,0.8920802319381607,0.8169813158537989,0.8512300448035051,0.8882932693469461,0.8992597885323739,0.8981025240568403,0.5607367028633197,0.9381853435996284,0.7098097002689574,0.8804470745402773,0.8403526649389759,0.6557936520481551,0.8954023823601893,0.8991086132420374,0.8114940044756471,0.8238974103282898,0.8456737070075291,0.7290858935709683,0.8928114961783871,0.9029316112204655,0.9068859994145182,0.9310158246693756,0.8691450109335102,0.7194039897324169,0.9446358261174745,0.8402398194588376,0.9738911750997752,0.6266220791119596,0.9395875575049126,0.9640062838948071,0.8475783443801483,0.6679449814624516,0.6788090176086243,0.8089854010455961,0.9311459255281287,0.906885999414518,0.9785718213639512,0.9710974409365866,0.8818852841325526,0.8815270484708908,0.921233687766995,0.7566521698690607,0.9068421918355332,0.8918901822512202,0.7861543276554556,0.9496335214218503,0.6907398102034051,0.9831575187716525,0.64631505869343,0.8991086132420374,0.8954023823601893,0.7581449596587455,0.8456737070075291,0.8315764753314664,0.8866236210773968,0.7437853213714365,0.7956536058867398,0.8078092644882728,0.9190178597011773,0.7396698797955301,0.7660057856455315,0.7816808039644461,0.8315764753314664,0.6998953667208341,0.7947876826917333,0.9068859994145182,0.7718067781551381,0.7470113413451636,0.6950923210521218,0.9605021604012387,0.9667061875043792,0.9109895373928902,0.831143636630042,0.9068859994145182
p228_I,0.9651125996084408,0.9228541974862916,0.7656433451988864,0.86632515115204,0.8811713725919914,0.9118525638325778,0.9322652851790587,0.9939522483319988,0.5962251415365151,0.9069398281965728,0.9475094926481991,0.9899770725904379,0.8773193685069602,0.818697191013531,0.8122247635437356,0.8769028930904446,0.9643334551236289,0.8397219435105809,0.9839544026299674,0.9925034861602795,0.755201089894644,0.9135169539046764,0.9324342367818579,0.9203333571111532,0.8525812245745796,0.4497597078555209,0.8698884442909975,0.9483474179376202,0.9069398281965728,0.7233209458758081,0.5155055510530826,0.9310944809913066,0.8662939159473795,0.5696517982107028,0.9494565734115239,0.9022452837148789,0.9203333571111534,0.9277615740326808,0.9118525638325778,0.8625156829022362,0.7843075457081254,0.809325271468298,0.9980955800828027,0.9859179081902077,0.8698884442909975,0.8797537553526911,0.889197195483969,0.6382339348020133,0.8366151086510358,0.840208794282717,0.9310944809913066,0.7432746515661037,0.4497597078555209,0.8928127143897766,0.8970277449900297,0.9355762097635405,0.8335461879057977,0.8811713725919912,0.7235058239011993,0.8735611753844457,0.4980798406731033,0.5251706924819868,0.7918611349755444,0.7646343017371668,0.8977386203509137,0.5195121848330797,0.9310944809913069,0.9335476753818089,0.9672054845721593,0.9022452837148789,0.8158140032952874,0.9402174056558383,0.9494565734115241,0.5265172296803273,0.8811713725919912,0.7343854850519833,0.942315634244266,0.8593147823261376,0.4632107341920688,0.9118525638325778,0.8593147823261376,0.9277170029726365,0.8275132413035857,0.8397219435105807,0.8811713725919912,0.8073108575392578,0.942315634244266,0.5988610248023147,0.9039804044723279,0.9104952582326109,0.8811713725919912,0.7468743994599163,0.6660196617476939,0.4867690198707221,0.8275132413035857,0.8760582994108175,0.7418627242111144,0.7918572487930258,0.6705651239257147,0.5093376656152906,0.8590536933702333,0.8891971954839684,0.8811713725919916,0.8465829416701274,0.85009947964864,0.9022452837148789,0.782858033252271,0.6788230682529052,0.9937722392326065,0.5030778370257432,0.7790296010336033,0.8428691512227089,0.7102606717098925,0.8093466240123628,0.925581846570086,0.5981908159723026,0.9528956805828062,0.9430998431724231,0.9118525638325781,0.7311889790248227,0.8987931906380352,0.7500274497143593,0.8525812245745796,0.9554717035947282,0.9186684266921246,0.7345613782353326,0.8851268700668165,0.9310241933681163,0.9568011828647873,0.9795841941955428,0.6647676562229685,0.9619664976562035,0.8933957590212611,0.9568784918748878,0.8698884442909975,0.7008897039294752,0.8786645646777619,0.9310944809913071,0.9310944809913064,0.9058538072885722,0.8980837014206907,0.9069398281965728,0.7309834105414583,0.8020841226580646,0.7368730104454522,0.6963579538362769,0.9295300395504562,0.7305874146832979,0.6971745548273522,0.610967407645383,0.9069398281965726,0.9657994082821815,0.8889373474099491,0.8519948519948517,0.8933957590212616,0.5417711093201492,0.8309750639900793,0.8430034183496213,0.8759243574837607,0.7319023863749186,0.9191685490628059,0.9619664976562032,0.9277170029726365,0.9013779344687761,0.8371019234157808,0.8045211086206911,0.7014021474398462,0.7843075457081257,0.9514132350720603,0.8282534095803049,0.913953111290549,0.8773193685069602,0.554273680947747,0.7863717784086682,0.8446823162702752,0.889546484904943,0.9022452837148789,0.9009887845063838,0.8826762887437765,0.8072863179274339,0.96611402962906,0.7629226723046616,0.9355762097635401,0.9236252931391372,0.7756488821518901,0.6901400094328065,0.6337517299544266,0.7909009328256542,0.9870213532241647,0.8698489604994102,0.9058538072885722,0.9207647758395388,0.7195212220771783,0.5668791170513241,0.8214592060778343,0.8811713725919912,0.9203333571111532,0.9704390710968263,0.8861173359803742,0.6921820393305269,0.5962124996760891,0.923625293139137,0.8811713725919912,0.7261819336950524,0.4787912446974001,0.9069398281965728,0.8811713725919912,0.8230753479316752,0.5091476163658517,0.6641826437255482,0.7841269664695796,0.7980422013566694,0.8773193685069605,0.8811713725919912,0.9496854005825583,0.8811713725919912,0.5026163532446938,0.7158069213559735,0.7690784506373911,0.8811713725919912,0.7409443124486436,0.8811713725919912,0.9159392469419185,0.634829539717068,0.8045211086206911,0.7963616394359436,0.8891971954839684,0.5538929964252637,0.9381464391926995,0.8492956954242192,0.8272949230390171,0.7802191483051635,0.7364259746752249,0.8101221286735178,0.8933957590212611,0.9402670386984475,0.9682147741259981,0.9660146376914792,0.934079015770775,0.7314381335130712,0.4202314095069629,0.8698884442909975,0.7500274497143595,0.9704390710968263,0.8811713725919912,0.7849012310419587,0.8811713725919912,0.8363554917637759,0.801751780477767,0.8933957590212616,0.9935455190821888,0.5685404935171432,0.8851268700668165,0.8269847154801294,0.9090576304377902,0.7493894200045359,0.888713019100158,0.5537879750573877,0.8891971954839688,0.7509841574473157,0.7891161556559435,0.8320823588525701,0.8773193685069607,0.9455552839831255,0.903895612004979,0.9118525638325778,0.8996671081129664,0.914985460149225,0.8428691512227089,0.6579705733931672,0.7072456162866392,0.9181106311285121,0.9303284683886182,0.91447740886424,0.5526096809700829,0.9022452837148789,0.41184298303047084,0.6069768046999593,0.8732786138576023,0.8296922485189913,0.9022452837148789,0.9641531651228474,0.5397337149033496,0.8977386203509135,0.8597339099644488,0.8186971910135308,0.8891971954839684,0.9249788088801436,0.4730953730044184,0.9381464391926995,0.889197195483969,0.9619664976562032,0.5876867631607805,0.9022452837148787,0.6606653155559714,0.7120093231114719,0.8044026397326807,0.9103650901480622,0.9022452837148787,0.8811713725919914,0.8366151086510356,0.8735611753844457,0.8933957590212618,0.5025610115490675,0.82066947933612,0.9255818465700858,0.8366151086510358,0.8360149300095796,0.642558093856886,0.9366194244871692,0.8736437688618253,0.8086676410313658,0.8980687279525545,0.9536298377738666,0.7707583355950511,0.9497216571784262,0.7990624129759063,0.9647146848578673,0.9020074728388185,0.9351260907660988,0.7881771280539909,0.8197255958270908,0.8811713725919912,0.6165208553681498,0.7723771082592115,0.83972194351058,0.9022452837148789,0.9847318078996157,0.8773193685069609,0.8811713725919912,0.8525812245745794,0.8934819189973993,0.9118525638325781,0.8763226699724294,0.8882771174126947,0.846059419300085,0.9558093530985573,0.6545734755328345,0.6301910500191605,0.8808194275061849,0.734166306498159,0.7523907915002981,0.925581846570086,0.5926231342520281,0.7234059478173855,0.6565650391625002,0.7177239226458436,0.9980955800828026,0.5223811043726282,0.8101221286735178,0.5379621838782034,0.8698884442909975,0.8773193685069605,0.8158140032952876,0.7319023863749183,0.4730953730044184,0.4841921250039706,0.6359558194889166,0.8811713725919912,0.6201137838510759,0.9890205616831487,0.8129560940834353,0.9663068486651623,0.9497216571784262,0.6556058845338907,0.8811713725919912,0.8811713725919912,0.9920185541582403,0.9207647758395386,0.7518749484264309,0.8811713725919912,0.9069398281965726,0.8811713725919916,0.818697191013531,0.7595202495317857,0.6843296135232237,0.9822582257689434,0.8216070858356987,0.8847182735650863,0.6687214281368838,0.6107347191739347,0.8811713725919912,0.7930072930072951,0.8269876062062993,0.5558282825313887,0.5640232503648293,0.8457280231675544,0.7456628090852557,0.889197195483969,0.5055963011408965,0.8811713725919912,0.6142139099130914,0.8660374379044282,0.7104797553351062,0.7851759665594242,0.8332212335784889,0.6660196617476941,0.8662939159473786,0.8811713725919912,0.9733465134386455,0.8947758917299575,0.8811713725919912,0.9663327098268355,0.8621392152680034,0.9577733550534537,0.6276214354888303,0.5025610115490673,0.8811713725919912,0.798408882896334,0.5462422705638267,0.8977386203509135,0.828523003591684,0.7620513608013342,0.6764232845049761,0.5011723675630553,0.7762387427327295,0.9255818465700862,0.9840083675222407,0.4819305615369215,0.8492956954242195,0.6087088256329833,0.7906860006988088,0.7652839715523996,0.9047213896626456,0.8933957590212609,0.8660374379044282,0.8811713725919912,0.9751910379124882,0.829692248518991,0.5882177437286383,0.888713019100158,0.8556474326498924,0.8735611753844454,0.8824506538600918,0.9388406947114994,0.8735611753844457,0.9181112558741786,0.8811713725919916,0.9228541974862918,0.7522314480465799,0.7952630441453197,0.9022452837148789,0.6513135115825444,0.8791510268941602,0.9228541974862918,0.9601470839010711,0.7570703662437097,0.9135169539046761,0.9497216571784262,0.6790963220400448,0.9258809203520122,0.7468743994599156,0.8696234264003238,0.8559195932254955,0.8327482438090525,0.8891971954839686,0.8682791667479298,0.7646343017371673,0.922200795312004,0.9277170029726363,0.7041881110469406,0.9936940338037601,0.46662042299289996,0.7030421931847333,0.6532646365726209,0.8389403545233518,0.8698884442909975,0.7038376655532627,0.8189820115118878,0.913953111290549,0.772871856894678,0.8492956954242201,0.6481599100562314,0.876101086707678,0.7647310555038471,0.718433467779644,0.890667987336655,0.8111346014733071,0.8891971954839686,0.8735372289758898,0.6442264325455846,0.9208794226291896,0.9220202535048392,0.9839544026299674,0.7829426938895336,0.577443553937118,0.9369151442674037,0.8943870989631233,0.9643334551236289,0.9013701145685415,0.9310944809913069,0.9022452837148789,0.873430348194633,0.6524398606887298,0.7962702979293608,0.8773193685069602,0.9104952582326105,0.7497626137155441,0.9051888808384485,0.9013701145685413,0.7169175139734824,0.8811713725919912,0.8977386203509139,0.8811713725919912,0.8811713725919912,0.44935826106119925,0.8492956954242201,0.8790361367974933,0.8811713725919912,0.8071893468903071,0.7155325391878691,0.9573551424808208,0.8794912090798543,0.7930072930072951,0.7235058239011996,0.774979317001381,0.9056435021416391,0.6144750076267635,0.866293915947379,0.9530879836783351,0.8977386203509137,0.4885640389031608,0.6404946635213604,0.7076195225713193,0.824545220134451,0.9584954030753321,0.8735611753844457,0.7453611974388775,0.976091668183894,0.8147640879371334,0.889197195483969,0.826661244828172,0.9424896443973749,0.9966051977116016,0.877008542543432,0.5635255351588708,0.8457280231675548,0.6011799851047794,0.9012886805028635,0.8594362238569957,0.9288795490854437,0.942315634244266,0.9203333571111532,0.8650042094276382,0.638434676735296,0.7030421931847328,0.9310944809913066,0.6816679711713822,0.869888444290998,0.6079705564644867,0.7418627242111144,0.8773193685069607,0.5558282825313887,0.9266332363183654,0.9118525638325778,0.6050338856633961,0.6827832396442153,0.7446538073420644,0.5992936808801534,0.942315634244266,0.7596107740807844,0.9385569348573537,0.8811713725919912,0.8933957590212609,0.5888834565678931,0.9139730249494109,0.7901490365761301,0.9999129949234455,0.9649756650949196,0.9018532375646704,0.6660196617476939,0.9324342367818583,0.49529082137764024,0.906939828196573,0.6200038841966475,0.9181112558741784,0.7279291444922621,0.8735611753844454,0.9277615740326808,0.7534152512016721,0.8906679873366548,0.846059419300085,0.7945727561241234,0.6622870749696392,0.6163982392903946,0.8077438715643888,0.8560648007561682,0.6930368453777136,0.6917395883211572,0.7354886273239071,0.9069398281965728,0.9372958333693957,0.9555398441554901,0.8241444276439311,0.9257672139915858,0.6839978615630979,0.8773193685069607,0.5376582787337547,0.6435686109058723,0.9980955800828025,0.7029007612131637,0.9288795490854433,0.8300245705572444,0.8719206013775151,0.8428691512227089,0.8496610284482196,0.8489877841645421,0.8525812245745796,0.8792661252786121,0.8593147823261376,0.9236252931391372,0.8933957590212609,0.9568784918748876,0.8811713725919912,0.9249788088801436,0.7849843306235245,0.5472095288498792,0.8129560940834353,0.8811713725919912,0.7888724043818242,0.6346029123334094,0.6218000139911144,0.818697191013531,0.7749793170013808,0.8031812366768303,0.0,0.4991685783608637,0.8807819406945463,0.9451793793958461,0.6973568328439452,0.7443656302048325,0.8977386203509139,0.7925008201091583,0.8335461879057977,0.8891971954839684,0.801751780477767,0.9118525638325778,0.7422004386356598,0.8735611753844457,0.9118525638325781,0.862771231293262,0.8335461879057977,0.8811713725919914,0.6772980478165324,0.8015335748846959,0.7300636811672219,0.8811713725919916,0.8559195932254962,0.5601528717098476,0.47301901725871887,0.8773193685069605,0.8933957590212616,0.8698884442909975,0.8773193685069605,0.9104952582326109,0.9479501449214689,0.8811713725919912,0.9727032043212837,0.886842395222031,0.8811713725919912,0.8460594193000854,0.7443656302048325,0.9022452837148789,0.9255818465700862,0.8280257122336546,0.9036342076671624,0.8773193685069605,0.5965349199722378,0.4063981487901681,0.9844272218605028,0.4547618927403172,0.8811713725919912,0.845248650434127,0.8891971954839686,0.8732786138576025,0.4684496180223593,0.7855104563956017,0.9022452837148789,0.8851268700668165,0.8650367461093666,0.8462098839072107,0.9090576304377902,0.8811713725919912,0.846209883907211,0.8158140032952872,0.8245452201344508,0.7734591204293676,0.9181112558741784,0.9751910379124881,0.8366151086510358,0.889197195483969,0.803654905646223,0.6370956456043232,0.8811713725919912,0.9153139730017577,0.7779965041030157,0.9069398281965728,0.6512859107577713,0.9013701145685413,0.9181112558741784,0.5044070972824815,0.8735611753844454,0.6075567288167849,0.5362553030414053,0.8811713725919912,0.8811713725919912,0.9090057915836711,0.7118013398101647,0.7723771082592115,0.6938878393417482,0.6869963436332371,0.791924677537446,0.6875312204759028,0.5097329674266351,0.8428691512227087,0.5286135338999205,0.8811713725919912,0.9059360330311084,0.8933957590212609,0.9118525638325778,0.6660196617476939,0.9022452837148789,0.6319946079610855,0.8811713725919912,0.8811713725919912,0.5622161264185568,0.8811713725919914,0.5428508212302634,0.8559195932254964,0.6816679711713824,0.8433272776210026,0.9935455190821888,0.8039807896790852,0.5124210787181309,0.6824144570723085,0.8811713725919912,0.801751780477767,0.45335170286864357,0.9203333571111532,0.9022452837148789,0.9166375672406097,0.8184564270675319,0.7908587947341705,0.8073108575392578,0.8851268700668165,0.7355826667222352,0.8811713725919912,0.49620920473818586,0.807310857539258,0.6058218911921451,0.7536530626198397,0.7184390416439892,0.8067724546450772,0.9974670328099186,0.7382618378083501,0.8672022361501449,0.8194712303288416,0.6638750197769696,0.9097398637661961,0.9497216571784259,0.86632515115204,0.8397219435105807,0.4690093240712022,0.8933957590212611,0.8773193685069605,0.7010092468961779,0.6818112082699259,0.9573551424808204,0.996020672910701,0.9568784918748876,0.8239808321924889,0.8630177959558734,0.9568784918748876,0.7925008201091581,0.9059163536305568,0.5880930613946074,0.9153139730017577,0.9069398281965726,0.8847182735650863,0.9136909640577852,0.6840104977529862,0.9277615740326817,0.9768470376839118,0.9865912206924115,0.6778289886900478,0.8851268700668162,0.8244949317026802,0.8300245705572449,0.7195992579762307,0.7423108749123344,0.8811713725919912,0.784412290937859,0.9153139730017577,0.6843296135232237,0.9069398281965728,0.9430966473563718,0.5006799113195097,0.7759732710047038,0.8811713725919912,0.49529082137764024,0.6198428779431215,0.9004978084151192,0.5064265775530786,0.42043914238283286,0.4690093240712021,0.9310944809913066,0.7383562932953539,0.8107563107771931,0.7877974308678632,0.5964081625952978,0.8770085425434322,0.6330762592935439,0.9118525638325778,0.877008542543432,0.8811713725919914,0.9254117215797486,0.9402174056558386,0.6186912543037111,0.9132430912088394,0.6163982392903944,0.9835991738212904,0.8773193685069605,0.5903497610648366,0.7409443124486441,0.7569760701305275,0.5558282825313887,0.5935728960754006,0.8811713725919912,0.5408952458938155,0.7463197101046859,0.818697191013531,0.8811713725919912,0.49038722595612616,0.8970277449900297,0.9022452837148789,0.8492956954242201,0.9104952582326107,0.7192919271840381,0.8397219435105803,0.9495484734032325,0.9100687042991047,0.8484502072227791,0.8770085425434324,0.6071254235836698,0.8811713725919912,0.9684110110375359,0.8811713725919912,0.9022452837148789,0.7480107950530939,0.6576399702868274,0.9118525638325778,0.8007867773909911,0.74411813404704,0.547587347976412,0.86632515115204,0.8811713725919912,0.9949190403088481,0.6668254869985033,0.6983177573308661,0.8489877841645419,0.8017517804777676,0.9935080750686025,0.8245452201344508,0.8406997915183156,0.9617865917199473,0.5517882272622119,0.5935728960754003,0.9617865917199473,0.86632515115204,0.8933957590212618,0.7862775763932399,0.9617865917199473,0.9118525638325778,0.8397219435105803,0.9388406947114993,0.8044026397326816,0.9104952582326111,0.8165788541864599,0.8732786138576023,0.6525193368930027,0.8462098839072112,0.9844272218605025,0.49697284930987684,0.9143168314046379,0.9436711479582613,0.884718273565086,0.7407633375332838,0.8186971910135312,0.8097234685897623,0.6852101796053514,0.8582654123907794,0.8274702902803872,0.8884162571534371,0.9203333571111532,0.889197195483969,0.6710882532502784,0.8089370847365043,0.9561854648285055,0.8556474326498935,0.6778713289034801,0.8933957590212611,0.8977386203509139,0.9452970604355433,0.503426792346652,0.8212091392695302,0.8981657096112032,0.8489877841645423,0.8965963061070126,0.9090576304377902,0.5271276062041903,0.9494565734115239,0.7965381382549853,0.7496034667366613,0.796270297929361,0.6382339348020132,0.8860116454042106,0.9369151442674037,0.970921480962794,0.9350179466546682,0.4497597078555209,0.9328517848460849,0.8770732388109757,0.8433272776210037,0.9213173748164796,0.9601414607492555,0.8593147823261376,0.870443262224561,0.8773193685069605,0.9502655548428316,0.8550518432340457,0.8891971954839684,0.8851268700668165,0.6095070190689602,0.4657208501444805,0.925581846570086,0.9644761522080766,0.5269690896523279,0.8339902122595308,0.9058538072885727,0.8735611753844457,0.597403230290164,0.9277170029726363,0.7925008201091586,0.8891971954839688,0.7267720370393022,0.8460594193000848,0.8977386203509139,0.6273365897198608,0.9231319767555535,0.8851268700668165,0.9069398281965728,0.6518454600840939,0.9430998431724231,0.9741780509094924,0.8977386203509139
p228_V,0.8559514334778202,0.850101305849471,0.7300540483133062,0.8544257849349406,0.7909463138674687,0.8611987693590748,0.960708261260732,0.9109039471241476,0.9130169552876028,0.8141886315781511,0.940854731003101,0.8920977053116996,0.7824563866875175,0.6576717417069506,0.7059817633033653,0.8164978464680306,0.9222826929259906,0.9721489818489681,0.9060787534309978,0.8848823820926706,0.904522048186255,0.9545688896034108,0.9280587182222078,0.8288112064107178,0.9622901744702326,0.7329849321133395,0.7662194251312656,0.8138743137979593,0.849535506835411,0.664363239342005,0.7242898281100076,0.8494397607643861,0.8099002002647686,0.8477076767889316,0.8755734277401159,0.9398332948146457,0.8221323828415268,0.7838170961848725,0.8239977917540982,0.7165714305955633,0.8035245847828707,0.9736212646108642,0.8983997469640517,0.7731758052611315,0.8962721482935364,0.9175045532634385,0.8605003505071696,0.9735832100941229,0.9091657983546457,0.8822675847642031,0.8182926112725183,0.8901843644559801,0.7329849321133395,0.8520509637023563,0.80920976515677,0.7422657244443425,0.6887196459506889,0.7859181167692968,0.8546541279259228,0.7722075708723508,0.8255171872450142,0.9929910661443235,0.9843666454718265,0.8847959699826584,0.7958167654209822,0.9339803710633383,0.9740283587318566,0.9404638926089494,0.8165129801373503,0.8723242120473498,0.6516725987918298,0.7056454661271903,0.8473643897825671,0.9667130503877498,0.7859181167692968,0.5214683800206121,0.7642182878151702,0.937699338240239,0.8409476611124891,0.8239977917540984,0.7190966628782502,0.9400071271105812,0.9831758213870373,0.8851802364905574,0.7859181167692968,0.6340278250507554,0.9502558095024688,0.7145171857674337,0.9286860881924595,0.7789783388157538,0.7859181167692968,0.5411106218724104,0.7660387405349748,0.8004906099018312,0.9963506377273352,0.7934642362227761,0.5611823588596374,0.5410927960499872,0.8534513685300054,0.9670252316559413,0.85731657324105,0.8388851704425249,0.7627372759099207,0.6724311797289412,0.8192853501186693,0.8238849154998196,0.7554459736614593,0.7955570955645979,0.8456364151211389,0.9699393478101668,0.6781257278635645,0.7525741402107647,0.7967622177448441,0.8044340288758396,0.8003774546971087,0.8355101643791607,0.9245632384615148,0.8385696706637012,0.8783943874060882,0.8871081345805103,0.8811510810884071,0.5395706566827287,0.7523134076418643,0.8516204607133304,0.9626244591322239,0.9040455810667847,0.7930443486125469,0.8758285813457803,0.9743286942798364,0.9531141999314104,0.9709662850855133,0.8304389026021386,0.9117340597481213,0.8983997469640516,0.7662194251312656,0.8350255841036904,0.9869259725580911,0.9948244917762759,0.8079415948250697,0.7988881420122138,0.7022927599574745,0.8323426158492522,0.9215003612529244,0.8511053210564884,0.5503340736093439,0.9939201743182626,0.8585200995710474,0.8416613580114849,0.9410385822771794,0.9994503074954246,0.8848823820926709,0.7485697521214996,0.7404660758318413,0.6018248419788652,0.8494397607643864,0.8126423371044584,0.7784409652934512,0.9832505009542025,0.8403111176021039,0.7342476208464526,0.8457494421587939,0.9506846942222611,0.8725406233968865,0.8206273001841256,0.6308501566820497,0.6468154348597622,0.9706868658897392,0.8847959699826584,0.7916152288710598,0.7961228068571852,0.8347503806121414,0.7789783388157538,0.7001164926217529,0.8159133400806577,0.9670878412739878,0.8204093820490415,0.8385696706637016,0.9033760939481734,0.7417405760002005,0.9430893567264746,0.9310304499370652,0.8959652050888334,0.9626896527975259,0.9469183646237909,0.6619732021002116,0.7546002179662679,0.9407773732934024,0.9527974788072591,0.7527683868862985,0.9775422264544438,0.8009032908898461,0.9361550527460222,0.9099372053127739,0.8549911172930168,0.8167158418228577,0.7859181167692968,0.7997231721817382,0.8275838620297092,0.8954211725448978,0.9041058336618857,0.9471539337899009,0.9743286942798364,0.7859181167692968,0.6824101105873093,0.9156405236311662,0.8141886315781514,0.7859181167692968,0.8545109214784526,0.8081288797193122,0.9966790751726877,0.9456928497108369,0.9952019447882698,0.755046057031472,0.7859181167692968,0.9395374173247857,0.7859181167692969,0.932270876013974,0.9600547613966461,0.9803451508546379,0.7859181167692968,0.8622773978395004,0.7859181167692968,0.763378101806433,0.7290750449032402,0.6468154348597621,0.6058770673168115,0.8088237225374943,0.8388723188289566,0.7722075708723508,0.9509554146341784,0.9783627148269409,0.6463506175694635,0.7195827474218546,0.980562086758828,0.9740283587318568,0.7547617536629982,0.9673595681638002,0.7561787529431232,0.984556222948403,0.7897629627693667,0.753031128869478,0.740208880498811,0.5695209588617633,0.8542644331695719,0.7859181167692968,0.9944243596161282,0.7859181167692968,0.7724461247025065,0.8245527812817983,0.818292611272519,0.8484865419197842,0.8267703759046054,0.7997231721817382,0.9440401982699431,0.734410051222125,0.5932393932352535,0.9376993382402389,0.9706868658897392,0.7787622746324638,0.5696425070627567,0.5156033474576174,0.7510183981309534,0.7789783388157538,0.9900255316441284,0.9546812895016907,0.8239977917540982,0.8923648472961477,0.9304481908460722,0.827436323429046,0.6931492343744146,0.47248700172318914,0.9740283587318568,0.5929890874663828,0.8077258784036767,0.9114839763750633,0.8238849154998196,0.919686439351405,0.8560092245964592,0.8050741196831905,0.6558253338586312,0.8238849154998196,0.8493668051184564,0.956133263306957,0.7958167654209823,0.7004520193204224,0.6773471460297493,0.7787622746324641,0.6768948639704919,0.980464309297156,0.772207570872351,0.8003774546971085,0.9206232463172304,0.9302864521917993,0.8048151292800536,0.9059326956487759,0.9201239579498273,0.5319699757672041,0.8545034525571396,0.9060787534309976,0.7627372759099207,0.7593701789864705,0.7475421486101214,0.7871454617806513,0.930463121921328,0.6378999263497358,0.9807461421272916,0.9624379564726331,0.9262563189648441,0.8508658424109157,0.8918865233936687,0.6533747015770413,0.6307576493512026,0.9866852239783039,0.9803451508546381,0.532856066353828,0.9737301168782904,0.9026377211979392,0.95557613260719,0.9814795103926298,0.7327231965320744,0.9968295168150638,0.8905617984121998,0.7859181167692968,0.8079415948250697,0.711774553849948,0.6799760367173898,0.8238849154998196,0.8929211485325553,0.8372770459996086,0.7859181167692968,0.9210560661806741,0.9735878361982936,0.8983997469640514,0.9409616927220796,0.9157116717706182,0.7376076159694951,0.9428812092399893,0.9050210588574176,0.944812893580786,0.7523134076418645,0.9368635451242555,0.8738074817211102,0.8088237225374945,0.7717908710918475,0.9322708760139742,0.8520509637023566,0.9586145199208074,0.9155953650110651,0.8738521011519894,0.6588330861800209,0.8948849368353187,0.9476645839117388,0.8063886684717994,0.7877040480753845,0.8091233762940386,0.955970697090181,0.95011325927414,0.9918030939076632,0.7859181167692968,0.9935937403939636,0.7841586258664947,0.6457344334306432,0.9906451729098953,0.9202292573499304,0.8998635461811999,0.7859181167692968,0.7859181167692968,0.8021689273773775,0.8858790554238972,0.6380608155307839,0.7859181167692969,0.8141886315781515,0.7627372759099207,0.8150749762893426,0.5667512199537921,0.7458221858843481,0.898754268599492,0.6637354818983041,0.8550805086083478,0.9119575055160141,0.8047121129565996,0.7859181167692968,0.5724944809451504,0.6653775325195614,0.8643292129565614,0.9738554764444409,0.982599741140306,0.6980578901763008,0.8003774546971083,0.8987427951645981,0.7859181167692968,0.9975735961710597,0.7669447820758004,0.7561993920345,0.9108746381041631,0.996660588215404,0.9187496961187076,0.7838170961848719,0.7859181167692968,0.9603806413445852,0.979872168983603,0.7859181167692968,0.8231676115193051,0.6128717724080197,0.6047562564757318,0.9866152093563796,0.9182591417283054,0.7859181167692968,0.7235627998880763,0.992870168465348,0.9452382129481562,0.8871047196923739,0.9125701001133992,0.9696319029063796,0.8042477567098267,0.7693999464667854,0.8003774546971085,0.8638285302672435,0.8677998966004279,0.8364719325743262,0.9201556930476382,0.5383036441771287,0.6511038624596626,0.8429743176580899,0.8079415948250697,0.7234604093965955,0.7859181167692968,0.8576394568834671,0.919800573812967,0.9142291068129074,0.8162534074835787,0.8815497271820087,0.7722075708723513,0.8694020608342412,0.9742513775556163,0.8255687131520766,0.8405425936349106,0.762737275909921,0.9742045268695441,0.6645502891918287,0.6009817372651883,0.8048151292800537,0.9194450298766157,0.9383832416210309,0.7756393732374283,0.8593686289862966,0.9606903211416618,0.9264619842789388,0.8495355068354111,0.9603881132358871,0.888122704437159,0.8357461807335039,0.9379598856290956,0.8593935887092912,0.639793538804108,0.8088237225374938,0.6579156625462208,0.7088471040184072,0.7691357269847559,0.7825852851119591,0.949813078142488,0.9134101520889071,0.7444845762612773,0.7392016746597436,0.9127334495627355,0.7586680314780782,0.9482932375584446,0.8575262015385545,0.8440616173759873,0.7560487633209457,0.9475487000332601,0.8658710140700601,0.9859455857881398,0.9376993382402391,0.5858383299292879,0.9250598654620281,0.9917880492187559,0.7524671868784258,0.8088237225374943,0.8350255841036902,0.7979601329533221,0.8216913260704302,0.7576099351382796,0.9060787534309975,0.9693491347841626,0.9161396644361017,0.8281848931248401,0.9448184166246438,0.8442510590286281,0.999685673176647,0.8805869102562541,0.8385696706637012,0.7506467199569823,0.9023041843620379,0.7949230914297676,0.8886196574399359,0.8886196574399359,0.9032510033275971,0.9868145356208895,0.8176118607494689,0.8229590396571154,0.7859181167692968,0.8481338298365839,0.7859181167692968,0.7859181167692968,0.991803093907663,0.9345611033059704,0.7537290933013764,0.7859181167692968,0.99440198188825,0.8545177607895644,0.9183243814189772,0.5897998730322407,0.5431641199114359,0.8057126389569307,0.6009817372651884,0.7728052121058391,0.9314320317432312,0.7330317582410775,0.9816211831474786,0.8805019575404416,0.7466826215843199,0.8267703759046056,0.8595382906139426,0.8718152088646001,0.8092097651567699,0.747542148610121,0.6964795302848419,0.8605530208286978,0.7375698306538188,0.830438902602139,0.6006810334826949,0.8788743338318781,0.9515165521708543,0.8200776212461187,0.9888268417647672,0.9228126925324307,0.9277363217970505,0.9280587182222079,0.9894422248050396,0.9807461421272916,0.7880121130387017,0.7997231721817389,0.8713308974940892,0.9740586380315157,0.9955088174377271,0.9013830433006722,0.9858171058396605,0.948293237558445,0.8809052961951676,0.913541677708027,0.9195080349677454,0.9248345087142793,0.7097210653285497,0.972801702174005,0.9740506606826038,0.9194450298766157,0.9224433445702891,0.9532474588467392,0.8312866833848177,0.9960028316646005,0.744660860820314,0.7859181167692968,0.8079415948250697,0.8705700259854452,0.9602005416127634,0.88937976485206,0.8550805086083484,0.9609867177290226,0.9422287396157821,0.9565750837202656,0.8364719325743265,0.9309744657437687,0.8676894911065123,0.9468235661655803,0.8648317797862427,0.9143445288919634,0.7988881420122138,0.9107804410443596,0.8974953083839461,0.7143572795821297,0.7151187813982633,0.9108396320174729,0.8887260212299819,0.914234159784689,0.8528226159494301,0.8486251004227323,0.9313581586525603,0.9435844988771795,0.9868215540765128,0.8495355068354111,0.7989749113815016,0.8578992406396979,0.8449707519194782,0.861412686314396,0.7669659620725382,0.8063886684717994,0.9230650990836968,0.9977493339298353,0.972801702174005,0.9288386828497445,0.9891924099676779,0.7278595755605922,0.9448184166246438,0.8274363234290458,0.8868036688186752,0.9122047051671393,0.8223056632513202,0.7650030490111381,0.7708304279437772,0.9195080349677454,0.8702358938088048,0.8983997469640517,0.7859181167692968,0.8296458989984609,0.8863846257918493,0.8235867930470449,0.7225393474862888,0.7859181167692969,0.9437345814766998,0.8288994425387944,0.9277363217970496,0.9528028065489353,0.611360971354852,0.7116891033183068,0.4991685783608637,0.0,0.9230826088586566,0.7826427969721788,0.909254066867554,0.9211228366183701,0.8157657021327263,0.8281597679889634,0.6676450300393935,0.9290695141576168,0.6592595287322969,0.8239977917540977,0.9023161680203331,0.774222719749984,0.8983997469640514,0.7527683868862982,0.7730181095958693,0.7627372759099202,0.8236144088877628,0.5274232267898338,0.8913939982671149,0.8191553518250186,0.7123175572671671,0.8954797655069473,0.9670750625003955,0.8063886684717994,0.8390887443169377,0.8176118607494687,0.8063886684717994,0.7789783388157538,0.9426036839102858,0.7859181167692968,0.9222826929259903,0.9696319029063796,0.7859181167692968,0.7151187813982636,0.7978248858305572,0.8385696706637011,0.8003774546971085,0.9776063406520139,0.9451633433266368,0.8063886684717994,0.7892924275286539,0.8445456718550288,0.8593686289862966,0.9335277417553081,0.7859181167692968,0.721080708232439,0.7787622746324637,0.7901268580346372,0.8588200545472655,0.8144071829265975,0.8048151292800533,0.8869872748686776,0.9622901744702322,0.6592595287322964,0.9856209263400513,0.8705452306419437,0.9734221322688112,0.6905387271585597,0.9323994533184088,0.8833320884118676,0.9134101520889071,0.9926576224180585,0.6737726822046561,0.8304389026021388,0.635167544659889,0.9189054118039659,0.7859181167692968,0.8191553518250179,0.621533424505031,0.8141886315781514,0.8927964739681449,0.8696329500143765,0.8405425936349107,0.9839004103049944,0.7722075708723513,0.8231776756947048,0.9266266527876911,0.7859181167692968,0.7859181167692968,0.9650731757602391,0.8542979782719438,0.6120157988736485,0.9373445439558594,0.8609607689346942,0.9887030875626269,0.8378915397565831,0.9543137997451079,0.7083647153307449,0.9880977077971077,0.7859181167692968,0.8626722682046531,0.8079415948250697,0.8239977917540982,0.9047318284073546,0.8238849154998196,0.9944004713218237,0.7859181167692968,0.7859181167692968,0.8637126844861119,0.8191553518250183,0.9018252023914834,0.8118059382622311,0.853685869645045,0.6734903684632123,0.9646154905353037,0.9498130781424883,0.9875871263346231,0.788537364043508,0.7859181167692969,0.6776254456822413,0.9893096742962979,0.8512204170705062,0.9060787534309973,0.9430893567264746,0.7924533815681366,0.882510035290643,0.6152614749487881,0.7706351379527588,0.6485123178238843,0.7859181167692968,0.9917539147551471,0.6715605252546901,0.8847959699826584,0.7448448818691593,0.8039138168819859,0.9990251710735584,0.758668031478078,0.7413472684062798,0.9900255316441281,0.7519262152001913,0.9549747297935294,0.9482932375584447,0.8676894911065118,0.8544257849349405,0.9721489818489679,0.9257222577213253,0.8182926112725182,0.8063886684717994,0.8922759492446606,0.889788035823408,0.8061868643318535,0.9820346899090343,0.861198769359075,0.8429186982317428,0.9899973202210184,0.8611987693590749,0.7450274721753807,0.9318385392633053,0.896383837497065,0.875573427740116,0.9737301168782904,0.9978434599495292,0.9502558095024688,0.8480341512634451,0.784507531292872,0.8646873756556543,0.9205404209749356,0.7729152482296142,0.770635137952759,0.9923200667447372,0.97182212688617,0.7911049873404028,0.7344478301678521,0.7859181167692968,0.525603487195511,0.9037824656976652,0.9388009011572753,0.8141886315781511,0.8630977024108151,0.7226603543209422,0.7271328880467007,0.7859181167692968,0.8734347212968949,0.989243222590652,0.9400071271105814,0.9373445439558594,0.9581643565100584,0.975786274299741,0.8079415948250699,0.9905276192566023,0.8998635461811998,0.7200650332611933,0.9548710823073729,0.7448851469264457,0.8093573353895158,0.8611987693590749,0.8364719325743265,0.8473643897825673,0.7650030490111384,0.9624379564726331,0.9248612291261863,0.8559375079194229,0.9506410352720192,0.8755734277401157,0.8063886684717994,0.9832754566310337,0.88937976485206,0.9918741849359649,0.9248345087142793,0.8888149223988888,0.7859181167692968,0.9820506202175661,0.7105099185425487,0.6773471460297499,0.7859181167692968,0.9660451111455752,0.7838170961848719,0.8238849154998196,0.9116644068940001,0.7789783388157538,0.8465488696869516,0.7669447820758,0.9685314887663384,0.8362419573297547,0.7277378510257839,0.9738521110461488,0.9749679917107923,0.7859181167692968,0.9523187461114024,0.7859181167692968,0.8048151292800534,0.6518968276320176,0.9661609471096889,0.8239977917540982,0.9758770968417076,0.9060551615352828,0.8865310985566355,0.9724782108717344,0.7859181167692968,0.7722420428780117,0.884621096048279,0.9462114000899104,0.7304519718057129,0.6428356271698115,0.8390887443169379,0.683900331807469,0.9427417087350559,0.7963216353462472,0.9074086889561939,0.9045673656917806,0.7963216353462472,0.6930399156406837,0.7871454617806513,0.5469451268567211,0.7963216353462472,0.8239977917540982,0.67997603671739,0.9451633433266368,0.8540488295625901,0.8098667163435631,0.962670724937681,0.7151187813982632,0.9908175275025007,0.6795674610696996,0.8822653253982675,0.8196545742085333,0.7807695531819238,0.8372770459996086,0.7361113824906973,0.8584858841125771,0.8544257849349407,0.9317133537127189,0.9303334819799577,0.9798636910823283,0.7522461575693389,0.7593701789864705,0.7997231721817385,0.8304389026021393,0.9152149012155726,0.7716341599935511,0.9938516277880491,0.8900194235964316,0.9244598535837554,0.8702358938088048,0.8157657021327263,0.9933106128440263,0.7711416879854343,0.8177685062363327,0.7278595755605926,0.8454583170176253,0.9609162117468188,0.7989749113815017,0.818110096833442,0.7859181167692963,0.9754577748623492,0.7770508885831278,0.7911716845656773,0.9572087579240005,0.8115636535005284,0.8605530208286978,0.942603683910286,0.9645246097914144,0.7112427457737369,0.8442510590286282,0.9758770968417076,0.790118489218194,0.9377975684482132,0.9936994013824926,0.986277710542903,0.9967954023931468,0.7824563866875177,0.8103895681267299,0.8661086499683224,0.7787622746324638,0.8512204170705064,0.958147248751684,0.7569510821520691,0.868946618347556,0.9445173173806382,0.9697812261879362,0.960196602364742,0.8009032908898466,0.9322909977115266,0.9743543319058351,0.872540623396886,0.9112920638025457,0.8088237225374945,0.8668958482283436,0.9925263691757236,0.8481338298365839,0.969827678682263,0.8852024148508246,0.7997231721817384,0.8141886315781511,0.9812245084527205,0.8385696706637014,0.991803093907663,0.8157657021327263
p229_G,0.894840125617316,0.9135065748298871,0.7556634185348119,0.9906272620392718,0.9275522446953857,0.6074332479208554,0.8833695907187649,0.8967301501508289,0.8628087882864626,0.9432628256129656,0.9142266602978069,0.9721820378192461,0.9721820378192461,0.8744868133954656,0.9459797321596407,0.8041337802979414,0.9455891145578186,0.9022812459376925,0.9404006431802041,0.6932532120236474,0.823031821801283,0.9121566723282286,0.8564272723716959,0.9703287678830982,0.950107672001856,0.9022812459376919,0.9652524543463297,0.8808199067953635,0.7538338724175451,0.9698624748387523,0.9276398400468779,0.9883880331853732,0.9620019617019888,0.8842347516782392,0.9275522446953857,0.9404006431802039,0.9798175375448483,0.962001961701989,0.9462580354121286,0.9895844092102013,0.8370598945955989,0.9042000439512241,0.9262251883972952,0.9066324902711425,0.9652524543463294,0.7261322018400173,0.9839674685144806,0.8580690156021946,0.9003870625528829,0.8722512319713729,0.9883880331853732,0.6081745083211962,0.9022812459376919,0.9163339973465925,0.9620019617019888,0.5596903643040726,0.9346355708099479,0.9275522446953854,0.878487551589539,0.9399048586036759,0.8660034226470059,0.759161579779952,0.9022812459376932,0.6699116253119519,0.9376530086096915,0.9421000859952451,0.9883880331853732,0.9088006389406291,0.7889910956081633,0.9404006431802041,0.8458459168235164,0.5127941201835656,0.9758994362393925,0.7742628335440054,0.9275522446953854,0.7232118365816382,0.8431633153910729,0.7943703659632183,0.7479837403619538,0.946258035412129,0.997484652794657,0.6313342073953224,0.9299272112436057,0.9395449643646789,0.9275522446953854,0.9244984590802252,0.9529366743750116,0.9224611170473793,0.9897536591171328,0.9252037445446057,0.9275522446953854,0.94170609328172,0.8086480320778103,0.8841625880643922,0.8948378117301918,0.886133027451462,0.9473278571031283,0.6932656122670001,0.7643771998544502,0.8051799669084416,0.8847665488736316,0.7584224381987761,0.9758994362393925,0.9724884149924614,0.9116107977387804,0.9404006431802039,0.8967945389048221,0.7734828869748713,0.950107672001856,0.8205884265357679,0.9070190795022043,0.9042000439512241,0.8717156414299911,0.8893303883970731,0.9324454498571317,0.7739518228885456,0.7433471470063664,0.9404006431802039,0.9462580354121286,0.8205494341553725,0.937475450071793,0.932462598036226,0.950107672001856,0.8300791041563258,0.9395449643646787,0.9742881382500801,0.9703287678830983,0.9181854098502648,0.839904789082192,0.8791314954080307,0.8185201747884037,0.7069004195414257,0.9582291749307172,0.9462580354121288,0.9206732387984038,0.8428133176165026,0.8772853936381586,0.9048463830468079,0.9350052413014638,0.9229124393123012,0.796753181093171,0.9432628256129656,0.8779319893359574,0.8694177891416839,0.995295484850721,0.8724902307321463,0.9006967164580983,0.7968186918205677,0.9003870625528829,0.7385323623858817,0.9432628256129658,0.8952021501676388,0.999792885629691,0.7673349466803134,0.9350052413014638,0.9370632386318551,0.905866131167257,0.9086088401419732,0.8189717701217478,0.9837941251315401,0.8717156414299913,0.9129884941708223,0.9396813390495188,0.7806634085772366,0.7621114662955953,0.8964863222730702,0.941410649421073,0.8649179394762062,0.7893575926490841,0.7793611967910414,0.9082082945367815,0.9252037445446057,0.8486469728103475,0.8188833286340164,0.9586205380315477,0.9758281197688966,0.77034148134542,0.9116107977387802,0.9188713671930941,0.9812875607829841,0.8509734094293142,0.9761840465903812,0.9570057010001997,0.9252037445446055,0.8221273223112767,0.9959512632568182,0.8665410232336315,0.8596424572452426,0.9163339973465925,0.9595492191461488,0.9686400066736423,0.8628087882864626,0.6778845277677645,0.7833141124744869,0.953599605208904,0.9275522446953854,0.929963842972795,0.9856324259650168,0.8580690156021946,0.6901128005875841,0.8722512319713727,0.9252037445446055,0.9275522446953854,0.734717929653335,0.7625248287727637,0.9432628256129658,0.9275522446953854,0.8056952552234847,0.8791314954080307,0.8638670046962087,0.8189717701217479,0.7012478278436836,0.9252037445446055,0.9275522446953854,0.8402457823683693,0.9275522446953854,0.7736975846110217,0.7258219473857401,0.7336680715028745,0.9275522446953854,0.8485096911378402,0.9275522446953854,0.9263591959215365,0.8084471053983466,0.8964863222730702,0.6615909719681494,0.932445449857132,0.7151347237136825,0.9229124393123009,0.9866030402791095,0.9121566723282286,0.8952021501676388,0.7453959900069056,0.30255860157934045,0.9350052413014638,0.8565016117177142,0.8441441538596661,0.946710039136909,0.6522529317212551,0.8791314954080307,0.8791314954080303,0.9206732387984036,0.9581283615838829,0.9686400066736423,0.9275522446953854,0.8897181908471417,0.9275522446953854,0.9384942547187188,0.9949598499265347,0.9350052413014638,0.9678494623655913,0.7358761241647978,0.9299638429727952,0.9086088401419732,0.9101213268023747,0.8853447035427519,0.9608863509569181,0.8252844515670323,0.932445449857132,0.8935376059910717,0.7970583385935212,0.799998878436037,0.9252037445446057,0.9376530086096915,0.8994956921674262,0.9462580354121286,0.9340084728533048,0.9358433911850899,0.9821448110590096,0.9596515628429902,0.9585891805017341,0.935005241301464,0.8511341194324262,0.7734828869748714,0.7041060636550827,0.9404006431802039,0.7775244447977978,0.8421596549104928,0.9061450951233825,0.887918992030285,0.9404006431802039,0.8501747981194121,0.7771322397888567,0.9376530086096915,0.5365765238449394,0.9569057808979562,0.9839674685144806,0.5627847285369154,0.7457775612915647,0.939904858603676,0.39776830759733683,0.8614664755134737,0.7029674449027579,0.7703414813454201,0.9325355903302803,0.7930344042243778,0.6501391990120002,0.9995311427156905,0.9404006431802041,0.9758994362393925,0.9370632386318547,0.8027221565196545,0.9582291749307174,0.7388308463410311,0.9379149580268282,0.932445449857132,0.9003870625528831,0.9126333026427302,0.7346876569871175,0.9008320583427132,0.8605618022541677,0.9892738844425235,0.8176280906197626,0.7654463129712832,0.9150410979553778,0.9432628256129658,0.8915313000367353,0.6326725516297497,0.916763017547936,0.9106086590743894,0.7394464217826346,0.932445449857132,0.9275522446953854,0.9350052413014638,0.9678021884284396,0.9395449643646787,0.9404006431802039,0.9513961626258348,0.9721820378192461,0.9275522446953854,0.9101213268023747,0.9404006431802039,0.9462580354121288,0.9157247259749381,0.9103167944452417,0.8240511646791945,0.9350052413014638,0.8056952552234846,0.813367728691486,0.8099742568012587,0.9184817171461355,0.6764444223144968,0.932445449857132,0.8842347516782392,0.7836946243454254,0.9588738543024726,0.8724902307321463,0.9462580354121288,0.7486820821462659,0.8880673872338835,0.7041060636550829,0.9652524543463294,0.9252037445446057,0.8791520535933699,0.9067968344885686,0.7457775612915647,0.7474977281132698,0.663988365711696,0.9275522446953854,0.8142384684102784,0.9146842304664577,0.8859625712873518,0.924498459080225,0.9432628256129656,0.8015862253553037,0.9275522446953854,0.9275522446953854,0.9003870625528829,0.8915313000367351,0.8548860051144509,0.9275522446953854,0.7538338724175455,0.9275522446953857,0.9419297756780969,0.6797175653648402,0.8664712472813798,0.9274061806725942,0.9595492191461488,0.9121566723282284,0.784613017956546,0.832299898862559,0.9275522446953854,0.6919314225463544,0.8964863222730705,0.7436650373086833,0.7889910956081632,0.9253930751088406,0.9814973640279443,0.44929032625468435,0.7299871242968008,0.9275522446953854,0.7051181950048386,0.9768086827916644,0.8221273223112764,0.7678757090342141,0.9299638429727952,0.7438194738564747,0.8203968155187433,0.9275522446953854,0.8791091811518514,0.7632690430671002,0.9275522446953854,0.9937053631834567,0.8740095341028526,0.7839532087239053,0.6712350662810016,0.7388308463410311,0.9275522446953854,0.96208482709918,0.9773554955128891,0.8959207482435981,0.8336640062910412,0.9250454291054642,0.8676123050779094,0.8692294415124873,0.8481242132671177,0.9839674685144806,0.9102566149674474,0.8380594322760744,0.9349121160462937,0.8126600587163888,0.9610488235500015,0.6800426988754376,0.9081181966045127,0.9350052413014638,0.9768086827916644,0.9275522446953854,0.9438962066300457,0.9706983340445027,0.8598191028367781,0.955855656546232,0.9322580645161287,0.9229124393123009,0.9422454212547077,0.9798175375448486,0.9229124393123009,0.955855656546232,0.9275522446953857,0.9588738543024724,0.6249384457519198,0.9361336294616294,0.9982522182750793,0.7808907816692274,0.9432628256129658,0.9163339973465923,0.8564272723716961,0.9251767784811911,0.9529366743750114,0.9432628256129658,0.7634561429636171,0.9126333026427302,0.9519838068629041,0.9799701406110684,0.9529366743750116,0.6258510986898334,0.7584224381987758,0.7254260578853997,0.8565016117177144,0.9231292113582164,0.944688486580157,0.9400757463595384,0.9142266602978071,0.8930282606473352,0.9867286320076913,0.7793175901738416,0.9512723397097897,0.9652524543463297,0.8848644217007723,0.9445367060586111,0.9231842997566408,0.9061450951233825,0.9473606184418113,0.6664234922138138,0.9142266602978071,0.6920942003246398,0.9061450951233825,0.942085822740748,0.9345865373828295,0.7069004195414275,0.8460362824838279,0.8484768818619562,0.9790111546477847,0.9400757463595384,0.9404006431802039,0.9212335149588726,0.8722512319713727,0.9376530086096915,0.9762600943374635,0.9652524543463297,0.7226930368181887,0.9350052413014638,0.9404006431802039,0.8646906835558681,0.6489393187434334,0.7849379117223527,0.9338613756314729,0.7929264958075513,0.7906961735110545,0.9851419724112976,0.9206732387984036,0.7005790711959701,0.9275522446953854,0.9376530086096917,0.9275522446953854,0.9275522446953854,0.7627134335180525,0.9081181966045124,0.8230108554944899,0.9275522446953854,0.7492115943954369,0.7904323536708824,0.8791314954080307,0.9835102535247079,0.6667969145017014,0.7736371333834318,0.9648561412119022,0.861222266702258,0.793630227719601,0.9620019617019888,0.8006345538420412,0.9376530086096915,0.8825207683757952,0.7248474641061982,0.8173941635109494,0.8930282606473359,0.9620019617019888,0.9229124393123016,0.8796400758394205,0.6740190907146514,0.8518325205937483,0.9324454498571317,0.9454829014529341,0.9121566723282284,0.9042000439512241,0.4247606321614139,0.8511341194324265,0.9253930751088408,0.8660034226470059,0.9081181966045124,0.9188713671930944,0.9839674685144806,0.9121566723282288,0.9798175375448486,0.8774549020235314,0.8189717701217478,0.5913745795168188,0.9350052413014638,0.8601082538813809,0.9206732387984038,0.9964278266853772,0.9735846030351532,0.9252037445446055,0.7436650373086833,0.5086423965417737,0.9899835764925832,0.6478166315361031,0.8031719341323567,0.8612222667022578,0.6942207150285533,0.8839433174378559,0.8970614495800682,0.9583288659066158,0.9275522446953854,0.9350052413014638,0.8808199067953635,0.9275522446953857,0.7102107570168039,0.9121566723282282,0.9686400066736423,0.9998939897295667,0.7006004350422506,0.9866030402791095,0.7423177204080658,0.8749951932053412,0.7323079837512716,0.9142266602978069,0.833193433590145,0.9229124393123009,0.77687657096289,0.7890143656878863,0.9420858227407478,0.9061450951233825,0.8564027191503287,0.8790297509949241,0.701688346120458,0.8284445490250327,0.8555391213641869,0.8455996574083997,0.8263369548708445,0.8930282606473359,0.6326725516297498,0.950107672001856,0.9299638429727952,0.9230632945815574,0.9182141149920253,0.8472070714583102,0.9252037445446057,0.7280980416776084,0.8525544263661331,0.9899835764925833,0.8523965856076623,0.9324454498571317,0.914684230466458,0.8328595305783371,0.9042000439512241,0.9727485963854123,0.8646906835558681,0.950107672001856,0.9655733010862089,0.919257354708493,0.9252037445446055,0.9883880331853729,0.6711916360161432,0.9275522446953854,0.8842347516782394,0.7679108782844831,0.7667672413146358,0.7520406737494818,0.9275522446953854,0.9097045815646494,0.7156700651552206,0.8952021501676388,0.8894628186153251,0.8786886059610841,0.6493533186794367,0.8807819406945463,0.9230826088586566,0.0,0.8660034226470061,0.7869816637136535,0.8441441538596661,0.9376530086096917,0.853818491848904,0.8985159947466637,0.932445449857132,0.9005283589274585,0.9462580354121286,0.8966666666666665,0.9686400066736425,0.9462580354121288,0.4881080052710852,0.9346355708099479,0.6856702229525609,0.8722117559777001,0.6544122986177688,0.9404006431802041,0.9275522446953857,0.9529366743750118,0.6904290833188442,0.7388308463410311,0.9252037445446057,0.7980807992789893,0.9206732387984036,0.9252037445446057,0.9252037445446057,0.8842347516782392,0.9275522446953854,0.9206732387984036,0.8676123050779097,0.9275522446953854,0.9061450951233825,0.8652920285279649,0.9404006431802039,0.9839674685144806,0.9931284229919284,0.9299638429727952,0.9252037445446057,0.8114695546046222,0.8205494341553725,0.9081181966045127,0.7952255655305933,0.9275522446953854,0.8970614495800682,0.6038563822267299,0.43861725011144936,0.726395613091642,0.9286461262885566,0.9404006431802039,0.7210602950228321,0.9101213268023749,0.9106086590743894,0.990094017201337,0.9275522446953857,0.9106086590743891,0.7792336432838092,0.996862998845963,0.7701168320027256,0.8776283584600681,0.9982522182750793,0.842879704894314,0.932445449857132,0.9854088830865437,0.7968186918205677,0.9275522446953854,0.6856702229525613,0.7385250816777752,0.9432628256129658,0.64098657309192,0.9206732387984036,0.997484652794657,0.7709851615704779,0.9229124393123009,0.7227712205371695,0.7135571789258124,0.9275522446953854,0.9275522446953854,0.9086088401419732,0.9752567738510713,0.9108103401386716,0.689756798818546,0.8015862253553037,0.6712350662810018,0.6133386935440895,0.7353156894458193,0.9042000439512241,0.7543168814610925,0.9275522446953854,0.9141970393007293,0.9350052413014638,0.9462580354121286,0.6141623574138027,0.9404006431802039,0.759161579779952,0.9275522446953854,0.9275522446953854,0.7397897255828227,0.9275522446953857,0.8550599826572971,0.8839433174378558,0.8830311093097287,0.4470472662670869,0.8966666666666665,0.9122177014789306,0.7856154486124911,0.7851447122349793,0.9275522446953854,0.8690511952610999,0.7610446756208038,0.929963842972795,0.9404006431802039,0.889674577116343,0.8112897802113503,0.9027452369168487,0.8923349969895622,0.9798175375448483,0.7164631454397627,0.9275522446953854,0.7742628335440056,0.8923349969895622,0.8565016117177144,0.8908193954775397,0.7679108782844832,0.9163339973465923,0.8933590343020352,0.9813346373873647,0.9931284229919284,0.87768948778318,0.8268640403600909,0.9652524543463297,0.9961565139931365,0.8894628186153253,0.9022812459376928,0.8809195471119149,0.9350052413014638,0.9252037445446057,0.8475528129637404,0.8985159947466637,0.9420858227407478,0.8877049890176527,0.946258035412129,0.8690511952611001,0.9462580354121288,0.9462580354121288,0.8897181908471417,0.885962571287352,0.8518325205937485,0.9275522446953857,0.9961565139931364,0.9121566723282284,0.9937166764217946,0.9145123639444901,0.962001961701989,0.9252037445446055,0.9346355708099479,0.8756614665880615,0.9299638429727952,0.7286631912709609,0.8825207683757947,0.8120523900856049,0.7788768592752162,0.9275522446953854,0.9417060932817198,0.9757533722166009,0.9288390983865491,0.9432628256129656,0.9042000439512241,0.9061450951233829,0.9088006389406291,0.9275522446953854,0.7423177204080658,0.689756798818546,0.9061450951233827,0.7440509428684747,0.7528041884845758,0.7543168814610925,0.9350052413014638,0.7676903214261124,0.8460362824838277,0.8575174679483173,0.6755132823520935,0.9866030402791095,0.9140719047383521,0.9899835764925832,0.6994575850225018,0.9758994362393925,0.8549399288486856,0.9162320570522575,0.7920325372467056,0.8612222667022578,0.6806347944287461,0.9275522446953857,0.9252037445446057,0.8188833286340165,0.5940845591627628,0.9063858417099544,0.7436650373086833,0.7093786356078793,0.9275522446953854,0.7398934576079692,0.7271929175393953,0.9231842997566406,0.9275522446953854,0.793630227719601,0.9184817171461352,0.9404006431802039,0.9081181966045124,0.9252037445446057,0.6397992542894106,0.9022812459376931,0.9632421972685554,0.884766548873631,0.9286461262885566,0.817184850534397,0.6970715673853423,0.9275522446953854,0.9678494623655911,0.9275522446953854,0.9404006431802039,0.6954035569236956,0.8350341233526906,0.9462580354121286,0.9650166107570195,0.6964295634701965,0.8644023815981581,0.9231842997566406,0.9275522446953854,0.8473388350776123,0.8086217883306912,0.7851447122349788,0.9276398400468782,0.942085822740748,0.9883880331853732,0.8930282606473354,0.8912369310715329,0.8808199067953635,0.8739518939582045,0.6677174525789524,0.8808199067953635,0.6721579265475734,0.9883880331853732,0.6501391990120002,0.8808199067953635,0.9462580354121286,0.902281245937693,0.9299638429727952,0.9135428206778324,0.7929264958075516,0.9253930751088411,0.8625945561359692,0.8722512319713729,0.7116653769293065,0.9866030402791097,0.8774549020235318,0.9003870625528829,0.9252037445446055,0.9529366743750118,0.9001569534806078,0.874486813395466,0.8596424572452426,0.8056952552234846,0.8741348176232713,0.596020395502886,0.9003870625528827,0.9798175375448483,0.932445449857132,0.887918992030285,0.9897536591171329,0.8966666666666667,0.9322580645161289,0.9141970393007293,0.935005241301464,0.9376530086096917,0.9416467281107574,0.8948378117301918,0.788473557541936,0.988825383261552,0.8930282606473359,0.9485465172223244,0.9699196375991819,0.8912369310715331,0.9275522446953857,0.9493006288103293,0.9250896219463323,0.9066324902711425,0.8861330274514618,0.8776690283122285,0.9376530086096915,0.8880673872338838,0.9702668667307686,0.9022812459376919,0.9206732387984038,0.964804590216153,0.9400757463595384,0.9376236760632148,0.8437979537843656,0.955855656546232,0.9330203879558061,0.9721820378192461,0.9604909596480837,0.938282675520304,0.932445449857132,0.929963842972795,0.8896745771163432,0.896666666666667,0.9324454498571317,0.9655733010862089,0.8050570472652661,0.9225906019943115,0.8027221565196543,0.9229124393123014,0.8256889440796216,0.9396813390495188,0.9962981125733233,0.706900419541427,0.8221273223112766,0.9011379475927439,0.9376530086096917,0.8739518939582045,0.9420850922811461,0.7709139895948849,0.9961565139931364,0.8622112935825186,0.9404006431802039,0.8688797669940249,0.9376530086096917
p229_K,0.8155301030879599,0.9962043215661707,0.7998787575170994,0.8666913852644192,0.9060540201833016,0.9303105872741888,0.7541886467985724,0.710294605189465,0.8220985211691234,0.9264265757108794,0.9746182283386399,0.9800894053211886,0.9800894053211886,0.9119912405538768,0.8178556739368995,0.9143770601638239,0.9337059488987844,0.9344254340461831,0.9701757583840656,0.9264265757108794,0.9951112695371161,0.7793561304895644,0.9452410536397868,0.9500805720293442,0.8869193642028728,0.8732840781850184,0.956577396528704,0.84545427827711,0.9264265757108794,0.8030783157084971,0.8612853521281925,0.9157186269856046,0.8942918945731195,0.9099455930672977,0.9060540201833016,0.8399814728683522,0.9091812387167526,0.965698798443114,0.9303105872741886,0.9610938099054707,0.8661188823808285,0.9377452834131269,0.9650762806974962,0.9839466295043124,0.9931496147195411,0.9706003385965659,0.9546672453375802,0.9310690449327768,0.5875762045353282,0.821682619025276,0.9966922538063423,0.832345758058314,0.8732840781850186,0.9613051670773511,0.8914873938168952,0.8684015223223849,0.5982217906005869,0.9060540201833014,0.8773919487047175,0.9750660166392211,0.8262411347517733,0.8159162186471032,0.7904384645785776,0.8139197462693823,0.534712060397896,0.7630283937704254,0.7339248961821832,0.8835522856702238,0.8805666109500903,0.7925207806814567,0.9543500528836153,0.8708278127936304,0.5783215523278551,0.7850774260728464,0.9060540201833014,0.7900050147457418,0.9195453412137851,0.872162540290954,0.9710464027443582,0.9650762806974961,0.9912298756454649,0.9731560060618827,0.8924187658448484,0.9038547561156012,0.9060540201833014,0.9532058268379922,0.7793561304895642,0.7246253496869421,0.8428217600540127,0.9030086235821644,0.9060540201833014,0.7204362893030186,0.9222852584396121,0.9372103015663511,0.9787794493663242,0.9771157576012952,0.7301881088965583,0.7919716537241248,0.984242836032008,0.9957372219597227,0.6574858669424791,0.876260734456662,0.9060540201833018,0.6588259283210143,0.9830325856302404,0.9227150661971699,0.9491259459009258,0.9471193679975616,0.9818634913664555,0.9132248017483529,0.7261449993825247,0.9066648743780519,0.9702947773014305,0.724800881798342,0.9123992402861407,0.973816216428389,0.9962043215661707,0.9227150661971699,0.9303105872741886,0.8884031352576924,0.7815212720158329,0.7066173859402347,0.883450633043452,0.9683452658845412,0.9127211763009062,0.8378519860156277,0.9091812387167526,0.9708726076636669,0.9030086235821644,0.8985005298645463,0.963379405818251,0.9123992402861405,0.9966922538063423,0.9826171532883465,0.4445663418569824,0.9326861516421039,0.898833009154866,0.9595131865896311,0.9157186269856044,0.9000373939808763,0.8972343139789662,0.9264265757108792,0.8858613270218627,0.8019447641973372,0.803485900472233,0.9091153053979097,0.9993371265780444,0.834625152596179,0.8583741958708495,0.8430503645738378,0.7256762322934216,0.8501953973078598,0.9960353404654259,0.8626992638505051,0.9091031345982893,0.9009164784975772,0.5495360902484479,0.8922073230248908,0.8295563380294411,0.8329525705722152,0.8230692427358415,0.9185287395081015,0.9731560060618827,0.9945566701063857,0.8098765737128346,0.6847582676285127,0.9719663239766914,0.8367741299372244,0.9787794493663242,0.805054247677091,0.8666913852644192,0.9030086235821644,0.8684015223223849,0.7128362024743828,0.9532733657276959,0.6363012224501728,0.9227150661971699,0.8396132831153245,0.6079179134391868,0.8111772170360736,0.8367854485833042,0.9224290532024302,0.8945421723100471,0.6345066859836899,0.9766703826224818,0.7858456424435595,0.850672223889251,0.9036349011500768,0.93399736945619,0.9150049888002696,0.9123910493732625,0.9870435897770229,0.9335123316867928,0.9011206991520666,0.9699667100882907,0.9060540201833014,0.9091812387167526,0.9000373939808768,0.9307908170616679,0.856639442643369,0.9088980650579819,0.6345066859836898,0.9060540201833014,0.9719467684878655,0.8942161518286569,0.9264265757108794,0.9060540201833014,0.9409152665400702,0.8949117707360061,0.895866026197401,0.8295563380294408,0.6769659840004554,0.4803451225056409,0.9060540201833014,0.947723132136973,0.9060540201833015,0.9504256694309011,0.8816946969167756,0.8209072555311365,0.9060540201833014,0.9137115393040254,0.9060540201833014,0.9989344978188062,0.9008065430119918,0.9979499036914311,0.9315666646613372,0.6649207091994642,0.9977894648842438,0.9000373939808763,0.9774350345371767,0.8860899491808243,0.5749023013460702,0.8378004122198313,0.9833113140241097,0.9157186269856046,0.8367741299372242,0.8987185179403041,0.8901742884406569,0.9873387191946249,0.9207352331609369,0.869088308311075,0.8971337307079472,0.6855615218349047,0.9874196720316072,0.9060540201833014,0.8059157200224595,0.9060540201833014,0.7831013125497137,0.8690883083110752,0.9966922538063423,0.6668169370228716,0.968178575891789,0.9091812387167526,0.8666490307048615,0.8834506330434522,0.7593106604879353,0.9063144363068493,0.9518189182104531,0.9123992402861407,0.6634316397316661,0.7627282731962668,0.9483477360793546,0.9030086235821646,0.9443139433986842,0.9277940693514892,0.9303105872741886,0.94091526654007,0.8341434006152102,0.9690134894816469,0.8396132831153245,0.5900239256894342,0.8215140153902363,0.9494280445197238,0.9642293281078327,0.8660826982198879,0.9227150661971699,0.8955602318705576,0.8410907383848318,0.4892954035830053,0.9339811468242711,0.9227150661971699,0.9480579133852232,0.7255337743106203,0.9898252637321052,0.8345851988012261,0.5623799957645765,0.9123992402861407,0.8765682211155166,0.9186357823107485,0.9000373939808763,0.9123992402861407,0.9185287395081014,0.9274282663490239,0.9349028572421432,0.7472662219396513,0.9372103015663511,0.7880418755318437,0.9970876915023467,0.7925207806814567,0.6576483873261387,0.8583741958708491,0.9499053607024347,0.9157186269856046,0.9430783216839178,0.9611998435646473,0.8339927294052223,0.9787288586866358,0.8935526916704579,0.9772485688957449,0.8817178736023112,0.8369515654851628,0.8126561109577408,0.9402775444675879,0.9102377233117178,0.7981664956737051,0.8747750288630066,0.9399164273176233,0.9264265757108794,0.7765167269315564,0.9207352331609369,0.9800881847521479,0.95466724533758,0.9060540201833014,0.9157186269856044,0.84341890512729,0.6375850749256669,0.9227150661971699,0.9443139433986846,0.7501278585922265,0.9060540201833014,0.9853322225258766,0.6975993963076661,0.9303105872741888,0.9587569455188534,0.8362295614095865,0.5841569195280252,0.7777194557862097,0.8697340225901635,0.8571357898403079,0.9197236503105406,0.8942918945731195,0.8967699688310382,0.9123992402861405,0.9566255407969613,0.9504256694309011,0.9613051670773509,0.9667805942997311,0.9826171532883463,0.975102256878861,0.776516726931556,0.9977894648842438,0.956577396528704,0.9030086235821644,0.9816739814469486,0.7276732500455645,0.9875144422983244,0.9211081710944142,0.95200427687984,0.9060540201833014,0.8787359394909116,0.8357022301756416,0.6349158686402747,0.8357022301756416,0.8250754300064784,0.8962198933663859,0.9060540201833014,0.9060540201833014,0.7981968644629558,0.9422656665338773,0.7495496958001727,0.9060540201833015,0.9761261745674079,0.4593312998304312,0.6730386828554282,0.8098765737128348,0.9863970112434317,0.9060540201833018,0.5806122654547167,0.9800884826873312,0.919510753917735,0.9754732333897487,0.9060540201833014,0.8626992638505049,0.6847582676285121,0.9612413544320277,0.8811835720644248,0.8328036383272234,0.8289954069844815,0.9123992402861405,0.9838822961517677,0.9060540201833014,0.9300094078872907,0.9738625321620703,0.7583554827514918,0.8365665329404797,0.7636240947825143,0.9754697783358666,0.9628942976868906,0.9060540201833014,0.9421296844833309,0.8793191236417979,0.9060540201833014,0.8047823746747228,0.8426868805230934,0.9119532062433358,0.9598966709798268,0.9430783216839178,0.9060540201833014,0.6939872872901148,0.7898164066742224,0.944313943398684,0.7555139716235503,0.8557852834843178,0.8524871401230574,0.9766585103576975,0.7669638112313576,0.912399240286141,0.9158187418681747,0.8111772170360738,0.8615950609758736,0.8763396950257165,0.5748169985105398,0.7607892247800203,0.9130470727423967,0.9157186269856044,0.8210091425091597,0.9060540201833014,0.934902857242143,0.9107834393920351,0.965117442417502,0.9063144363068492,0.9880029397498307,0.9000373939808763,0.918479649156138,0.8454227614076976,0.9000373939808763,0.9404663323227447,0.9749557273192732,0.9688965239450098,0.857996089679574,0.6830662730071781,0.9701757583840656,0.9169429746534163,0.8250754300064779,0.9962043215661707,0.880853091845007,0.957730501878187,0.9530007332467465,0.6262770345803647,0.9209586861195331,0.9237521872928394,0.9307019265661582,0.9690134894816469,0.94663309065437,0.8200412134706068,0.9123992402861407,0.8498824478883684,0.7518469640416182,0.7724325244743468,0.9952234886231106,0.8204101150451446,0.6672511641955831,0.8896802491260702,0.7915557390131083,0.8515965387868223,0.938278326203153,0.9931496147195412,0.7255337743106203,0.7686958783988973,0.9773500723552714,0.9415355007468762,0.9452410536397868,0.9546437066111796,0.8721625402909541,0.8739508846374164,0.8055004567330712,0.7693832177398916,0.6132037477085821,0.9123992402861407,0.8120500404278702,0.9440298563245737,0.8357022301756417,0.7975557313773023,0.9227150661971701,0.898552845136786,0.8870942035498053,0.9191520956010528,0.9718506006861878,0.8971337307079472,0.8971337307079474,0.9966922538063423,0.9227150661971699,0.996740162882419,0.8832366303054835,0.9333402901321926,0.9800894053211886,0.9428298129397872,0.9710464027443582,0.9008065430119916,0.9337059488987844,0.9800330670817718,0.9060540201833014,0.919152095601053,0.9060540201833014,0.9060540201833014,0.9434787207992854,0.8808530918450068,0.6964594072501112,0.9060540201833014,0.8373129527680019,0.8972342797793482,0.9501474547144084,0.7706418492397088,0.8420792349641695,0.984979344288115,0.8715749228447776,0.820041213470607,0.9922153227158199,0.8942918945731193,0.8535216216167373,0.9443139433986845,0.9532058268379922,0.8956935872123426,0.8648051098710234,0.7127911929036415,0.9985977496218882,0.9375517053100488,0.9214799903317112,0.919152095601053,0.6774541176051078,0.912399240286141,0.5854404720477798,0.9131776986214087,0.9999061014832777,0.9452410536397868,0.8300760090832877,0.8869837251477688,0.8981039224200325,0.8937890418732635,0.906118892941232,0.9546672453375802,0.8860899491808245,0.9909799053419361,0.9288846307349029,0.9988068943662061,0.935708364527156,0.9595131865896311,0.8319425492970286,0.8971337307079474,0.8641657279940329,0.8378916013654917,0.904289422070275,0.9612413544320275,0.8924187658448484,0.9303105872741888,0.9117991254565094,0.8072679398540048,0.9228041783058764,0.979921030155503,0.9131776986214086,0.99744534878986,0.8443451412140979,0.9060540201833014,0.9157186269856044,0.9498514902980826,0.6973118048252799,0.8184430920379562,0.9800884826873312,0.9750660166392209,0.8636318713376898,0.8868289118421092,0.9581770036680434,0.9136955178539878,0.9264265757108794,0.835240070228589,0.9570779796295696,0.9947840292816738,0.9000373939808763,0.965698798443114,0.8635364391218594,0.7952066801648223,0.5841569195280252,0.8269685386428929,0.7987876476969722,0.9778750593756764,0.9458016169051626,0.9633171395215939,0.9004330085728729,0.9518189182104531,0.88968024912607,0.9264265757108794,0.5916807892338618,0.9909799053419361,0.8996740611594514,0.969559561619243,0.9115726855111281,0.9030086235821644,0.9154853734111918,0.9328895674747235,0.8604631486691809,0.919251468892512,0.9607967445595409,0.8093157373023459,0.997949903691431,0.937933080446572,0.8804371937178408,0.9683452658845412,0.9853322225258765,0.9838903944128834,0.8887741875977788,0.7501278585922263,0.9157186269856044,0.9303105872741888,0.9060540201833014,0.9633171395215939,0.8623797162760306,0.9014161173138544,0.9601148033434079,0.9060540201833015,0.8674540387726737,0.903567930261388,0.8981039224200322,0.6177093393100028,0.8220985211691232,0.8870942035498053,0.9451793793958461,0.7826427969721788,0.8660034226470061,0.0,0.7237703744277486,0.7978953231297465,0.9191520956010533,0.8200412134706068,0.5389577142586947,0.9185287395081015,0.5111485934905824,0.9303105872741886,0.9244008776882713,0.9000373939808768,0.9826171532883463,0.8915068580997119,0.8684015223223849,0.9457174376824433,0.7671408398659154,0.8070245536397933,0.9701757583840656,0.8956288923209892,0.8860899491808243,0.9631311863913682,0.9711244309453025,0.9030086235821644,0.9091031345982893,0.897133730707947,0.9030086235821644,0.9030086235821644,0.8298882733858526,0.9060540201833014,0.8834329601470297,0.9974453487898599,0.9060540201833014,0.9636029833081041,0.8337071981696005,0.9823635494290388,0.912399240286141,0.6712460213981593,0.6409260948447391,0.9030086235821644,0.8983861427260478,0.81294131252081,0.9130470727423969,0.9768114359160631,0.9060540201833014,0.6643188309876007,0.9123992402861407,0.9952234886231107,0.9085641730175571,0.7796180488977593,0.9227150661971699,0.9909799053419359,0.91625491915112,0.8690883083110756,0.9162549191511198,0.9352923098201313,0.9982056204357297,0.9363542328630519,0.8263707808951521,0.7198804187326959,0.838010644275059,0.9823635494290388,0.587576204535328,0.9546672453375802,0.9542352483212059,0.9432344273792439,0.9060540201833014,0.9853808551815852,0.906519427124959,0.9264265757108794,0.7798342006665151,0.8971337307079472,0.9746182283386399,0.8683137651288007,0.9000373939808763,0.8012263948870609,0.9422677255256751,0.9060540201833014,0.9060540201833014,0.8777680460948443,0.7804598720496003,0.9836850550673903,0.9161649907845313,0.8415205059528088,0.8384333855683999,0.7579673062554912,0.8866919213593045,0.4404587388519229,0.8271561427134089,0.9060540201833014,0.7926506790561124,0.9157186269856044,0.9303105872741886,0.9222852584396121,0.9227150661971699,0.9890738750666304,0.9060540201833014,0.9060540201833014,0.9587240635640625,0.9749557273192732,0.9883253137904091,0.8860899491808241,0.8507481666677803,0.8139197462693823,0.8128105746260356,0.9510460482764351,0.8364573809476747,0.8513081991261914,0.9060540201833015,0.6919128304650988,0.8366017194138555,0.9500805720293442,0.7925207806814567,0.934756355479944,0.941000368217803,0.9339361254583816,0.6773832729358669,0.9091812387167528,0.852989102260787,0.9060540201833014,0.9611214052113961,0.7829292444290501,0.8824828972729086,0.6988106212953539,0.82839795763057,0.8292999059897315,0.9429433364319844,0.8603830686803436,0.9191520956010528,0.8351060581434107,0.8599831685904993,0.7371440873836805,0.9264265757108792,0.8943560570371322,0.9955667899073475,0.9310193501479536,0.9157186269856044,0.9030086235821644,0.8510282326716578,0.927665598664277,0.9982056204357297,0.81773041006695,0.9303105872741888,0.9207352331609371,0.9303105872741888,0.9127697146833386,0.6188941867689925,0.93311684814232,0.8749974142636434,0.8956288923209894,0.9761261745674077,0.7793561304895642,0.9800884826873314,0.919510753917735,0.9299953465081172,0.9415490144516765,0.7463819814553171,0.8480254539062144,0.9091812387167526,0.8836858348915967,0.9940211874154163,0.9009649351639741,0.8548540027728915,0.9060540201833014,0.7204362893030186,0.985380855181585,0.9181759615703395,0.9264265757108794,0.937745283413127,0.9415355007468762,0.79774572574337,0.9060540201833014,0.9136955178539878,0.8429847719529255,0.878294490116863,0.9161649907845313,0.9611214052113961,0.9310193501479535,0.9157186269856044,0.846042465980626,0.9214488152550244,0.9462063022083013,0.8681677341003669,0.9903709845654333,0.8183373686216655,0.9127697146833385,0.9581770036680434,0.9853808551815852,0.9707285038906437,0.9185515272787426,0.9895708823728286,0.8200412134706068,0.918492553643412,0.985380855181585,0.9030086235821644,0.9975390647707765,0.8946578498508115,0.9197522610767686,0.9272118804718186,0.9693324604629856,0.9060540201833014,0.8474916472649487,0.8882411950728913,0.9949852558720156,0.9060540201833014,0.8120245408232594,0.7843770380119026,0.9227150661971699,0.9130470727423969,0.9030086235821644,0.8986638021868476,0.9955667899073477,0.9675980125625883,0.9869296750061689,0.609011640376579,0.9452410536397868,0.9131858387002298,0.9060540201833014,0.9588042122291983,0.9060540201833014,0.9227150661971699,0.7565644466728266,0.8489097160956811,0.9303105872741886,0.978779449366324,0.925918872209762,0.9191876689590115,0.6453740110827155,0.9060540201833014,0.9017494602822482,0.8436818321362076,0.9806321115228185,0.48563201692061997,0.8432648458861454,0.9528976942023157,0.8612853521281925,0.9168674292847256,0.9498514902980826,0.8238082444442116,0.9009758571851962,0.9498514902980826,0.9673205840993027,0.9157186269856046,0.7880418755318437,0.9498514902980826,0.9303105872741886,0.5764437190645026,0.8863220947202894,0.7908408423615547,0.9030086235821644,0.9150049888002696,0.8687414673630843,0.8434864805334523,0.8949117707360064,0.9774350345371767,0.8410907383848318,0.9009164784975772,0.9042894220702749,0.846266914555487,0.9112467991181252,0.8566618970084512,0.8340417788533689,0.9943011995025002,0.886900491736297,0.8547967899854267,0.8583741958708491,0.9909799053419359,0.9123992402861407,0.8572394862856046,0.9753158112139154,0.8660034226470059,0.9004067571879328,0.9080456885985178,0.9157186269856044,0.919152095601053,0.8741694662353225,0.8636318713376898,0.975385306722505,0.8476598553448089,0.9115554718887856,0.9378611177455597,0.9197236503105404,0.9430262524527699,0.9060540201833016,0.8231886932765344,0.7988728569795355,0.8389311826932677,0.8389756195957405,0.9981631507356985,0.5802233807313169,0.856574046613001,0.9476256873541435,0.8732840781850186,0.5908552146203319,0.9924336561265172,0.9967548156121191,0.9602454778723903,0.915685182901966,0.8887741875977793,0.8879585466657486,0.9030086235821644,0.86172674415174,0.8915479369008737,0.5381166940451463,0.9500805720293444,0.7900050147457418,0.8660034226470052,0.8762607344566619,0.8477470893234654,0.7472094666560576,0.8656610616975322,0.8748767380440908,0.8748767380440905,0.8318311351854542,0.8687414673630843,0.8526711033358262,0.9123992402861407,0.8151356544570689,0.9415355007468762,0.919152095601053,0.8238082444442116,0.9999061014832775,0.9909799053419359,0.9264265757108794,0.9143770601638239,0.9701757583840656,0.917165276106215,0.964663415934474
p229_Q,0.9310732905226475,0.8275252320423425,0.6818613208532702,0.8148041956658107,0.690489580124326,0.8892126720780515,0.9017158441257827,0.8619855845794197,0.3923123058498482,0.8830381436111516,0.8231810246346638,0.7974964427509145,0.7380475048800081,0.772131163132141,0.9565663768738845,0.9959278744747098,0.9492964621542561,0.7985559379258662,0.9764449697232962,0.9213692074375961,0.7842405144014877,0.8189138111500283,0.8602481607023704,0.8556227195178283,0.8147180119466231,0.5412659972569195,0.8364704384437265,0.5612925162631965,0.9213692074375961,0.7723631500793202,0.607327021710053,0.7962168721876011,0.8870256184172891,0.6623633238668939,0.7210801889564697,0.8771378467726849,0.887166534593471,0.8319526871891938,0.8892126720780513,0.794651139926638,0.7041826974355048,0.8025114781888845,0.9494205268563164,0.6706000000326888,0.8928834502989915,0.5655949739791954,0.8607384721289721,0.617824764868073,0.7946511399266383,0.5782198476084099,0.8660153996906965,0.5719482427137597,0.5648437852861057,0.6879841185037554,0.8594891528032416,0.8136478513745118,0.7907939939476731,0.6598989712921809,0.774117306026156,0.8410864781348424,0.4448616173082186,0.7307958783091775,0.8692893020134245,0.7218092549780515,0.8714736866604262,0.4876431954480285,0.8660153996906965,0.7728955391294244,0.9662950675379729,0.8771378467726849,0.7685074540704857,0.8178571736187799,0.8506512873935237,0.464120253040035,0.6598989712921809,0.6661647388985437,0.8447164493374324,0.8231810246346634,0.6141744755619472,0.8892126720780518,0.902200485722773,0.8309086111347295,0.861555883309242,0.9400226661009825,0.6598989712921809,0.7578203503020662,0.8705190875248372,0.6994663221356381,0.8414716925697154,0.6785985670091003,0.6598989712921809,0.6818613208532709,0.5992299541745658,0.6770816277663241,0.8171518109985433,0.8664210646436707,0.6755624410064114,0.6857124991339201,0.48019381515180526,0.44470529391891234,0.7907939939476734,0.8607384721289717,0.8506512873935239,0.7718143526904397,0.9084884115079621,0.8771378467726847,0.7270870337056001,0.5138557165997483,0.8816763541639328,0.549341550317192,0.6506697408271416,0.8025114781888845,0.4783191974200509,0.7337722911069247,0.8607384721289721,0.5602863549422739,0.8275252320423425,0.8771378467726847,0.8892126720780511,0.3988312632237446,0.9781264721697025,0.6630438782205783,0.8147180119466231,0.7794812069687638,0.798555937925866,0.6263391120663375,0.8556227195178281,0.9446375206169243,0.8755343989590987,0.8902487938478427,0.39326726744474827,0.8933378821185829,0.8660153996906965,0.9897622271227241,0.8364704384437267,0.5732850020740805,0.959369623730363,0.8660153996906967,0.8997921725028666,0.6670508224508336,0.46537525775435107,0.8830381436111514,0.43350861646575956,0.6838472012342305,0.6857124991339212,0.4779868410967768,0.6888566355279118,0.34746464817702016,0.8410632073109217,0.6318084432716753,0.8830381436111521,0.48181130656439974,0.6053737835151409,0.9677129372394235,0.8997921725028668,0.6019919840776786,0.691369869350452,0.8262250724644753,0.6807383470210026,0.9715932448296034,0.7248356449705211,0.8933378821185829,0.8065211384922872,0.6418739439269227,0.6977551460134603,0.7543140789719041,0.9818862136421056,0.7218092549780515,0.8720196828265658,0.7235954025780539,0.7934676793989763,0.8458099300236448,0.683567285235046,0.8428027111211789,0.6968019255990177,0.7510309497930114,0.9503464385246945,0.8179410695579881,0.8690270549830581,0.9600897404712461,0.9917675856474317,0.6504188300895146,0.8822094236550269,0.8755343989590987,0.7573579713290128,0.5846060464278675,0.2824306479134543,0.782222840104478,0.741816412887522,0.7973999783168806,0.8700195781003914,0.7921299593375084,0.5041268831652264,0.5526462650738518,0.7237703744277484,0.6598989712921809,0.8556227195178281,0.9568188779970368,0.8664210646436706,0.76450278360229,0.5614035105279955,0.8755343989590987,0.6598989712921809,0.6286317956381824,0.5394923087568442,0.8830381436111516,0.6598989712921809,0.6939511282013349,0.532173449652944,0.4357310896293146,0.39065982070739036,0.7571132342631193,0.8458099300236455,0.6598989712921809,0.8367154309032099,0.659898971292181,0.6332474197461615,0.5815699560469949,0.6267096447872962,0.6598989712921809,0.8564660017277593,0.6598989712921809,0.860914771055926,0.7511808351853844,0.7543140789719041,0.6661986578008465,0.8607384721289719,0.5834923248059336,0.6670508224508331,0.8105886236035886,0.8447164493374328,0.7791949083120171,0.3862080943469931,0.7613536716392537,0.8660153996906967,0.9609127092561045,0.9368827982743329,0.7139141755418525,0.8020209580713493,0.8110040907215328,0.5122569752909016,0.8646769443713587,0.679283318568422,0.8117163222785768,0.6598989712921809,0.9435127570519615,0.6598989712921809,0.6791809941156872,0.7707499476755919,0.9335689453150369,0.8095013281374099,0.5834923248059336,0.8556227195178281,0.5627041491112534,0.8147180119466229,0.7019444931199026,0.8495208449973668,0.45285710030711745,0.8607384721289719,0.63806337023315,0.9193595967564051,0.7425847425784997,0.6785985670091003,0.976776185955968,0.6604729608700821,0.8892126720780513,0.5704286259539135,0.9821703001119865,0.8139537907837333,0.6811558100909636,0.6475137477874815,0.8660153996906967,0.7793348379546209,0.9493284087090605,0.5765934827798735,0.8771378467726847,0.38585489745938795,0.7006878732715717,0.8309086111347292,0.9494069442387174,0.8771378467726847,0.9644721243288734,0.4504791394919291,0.871473686660426,0.7184635391954572,0.7934676793989759,0.8607384721289717,0.781935207514034,0.5181614553005219,0.8410864781348424,0.8607384721289719,0.8933378821185829,0.4341033065437462,0.8771378467726849,0.549117770219063,0.38878498256241856,0.6792833185684208,0.822555534602597,0.8771378467726851,0.8506512873935237,0.8178571736187801,0.8410864781348433,0.8660153996906965,0.5095308328850684,0.8965320462357764,0.8933378821185829,0.7946511399266389,0.9034892186456466,0.7111592756995413,0.980345220802771,0.8878138677815146,0.9469631121701537,0.7316674100489153,0.5051935806782415,0.641210932190884,0.8830381436111523,0.5195270137777417,0.8830381436111521,0.8848428868879361,0.8906699881696984,0.7717065879832086,0.9762644779229716,0.6598989712921809,0.694886553751089,0.7139141755418523,0.7985559379258662,0.8771378467726847,0.976776185955968,0.8458099300236452,0.6598989712921809,0.8400184814374101,0.9137421426486896,0.8892126720780515,0.7562859016598518,0.4939892735784932,0.8065211384922872,0.9335689453150369,0.6665016832574637,0.5106101957504268,0.8400184814374103,0.6173180005298466,0.5603408867805468,0.9911361120874169,0.6006187162425525,0.6199519840124741,0.714900265695638,0.7459913811319585,0.9295543723444597,0.5861145226705602,0.7613536716392537,0.5503461642669298,0.8646769443713584,0.6785985670091003,0.8317286031650974,0.6630438782205783,0.4915999500468743,0.4604611466977202,0.4805045725362307,0.6598989712921809,0.2943903899340715,0.8392232079309223,0.7857378238579711,0.8392232079309225,0.9597002712640403,0.6673458349502248,0.6598989712921809,0.6598989712921809,0.8178571736187801,0.8807465059907731,0.58576216370291,0.659898971292181,0.8830381436111521,0.8506512873935237,0.772131163132141,0.6977551460134606,0.5263383524398364,0.8812418962256672,0.7757884387818785,0.8447164493374326,0.5204702050129391,0.5690998692064809,0.6598989712921809,0.6665111568137503,0.7543140789719038,0.5543832091129182,0.46754137282341235,0.7757884387818783,0.7680067383376183,0.8607384721289717,0.5049967964245691,0.6598989712921809,0.430452908589801,0.798555937925866,0.5967873376701498,0.8824038602694777,0.8871665345934714,0.5171923010093098,0.8594891528032416,0.6598989712921809,0.8739749944588057,0.36805425066341346,0.6598989712921809,0.8622345969218881,0.5883908747155437,0.5635845591550408,0.4702699930312697,0.48306221067669797,0.6598989712921809,0.6906680257220317,0.5993893035883733,0.871473686660426,0.8640616275961381,0.7513074894775864,0.7325475447886358,0.5176876081699151,0.6945575165658604,0.8607384721289721,0.9984667497909236,0.2887685888429624,0.8105886236035886,0.35814371055472694,0.659752741906118,0.6349178925739116,0.6679862368591999,0.8660153996906965,0.7985559379258662,0.6598989712921809,0.9137421426486898,0.7106574492626636,0.6154071795899125,0.8870809513756027,0.7869816637136526,0.6959839224163822,0.7246115703257996,0.8556227195178288,0.6959839224163822,0.8231810246346638,0.8506512873935239,0.854441379234226,0.6601606818571231,0.7171847386549137,0.9503464385246942,0.3520501535857008,0.9980313350904848,0.7687325600794079,0.8850779292517614,0.7652040439979556,0.870519087524837,0.9213692074375963,0.5302369469332118,0.6418093874120092,0.880913915055903,0.8139537907837335,0.8189138111500285,0.749974498426714,0.9436650679333606,0.8230982792635946,0.7218092549780517,0.8625685817234212,0.8552960837771715,0.8022736913731832,0.8758606653600702,0.5416279033542122,0.7655512212060345,0.6976228412726182,0.7754349114415393,0.8646769443713591,0.6242437090661668,0.6954216313526209,0.9291576091321705,0.9284585017044975,0.7424755425073731,0.47710503530353554,0.8758606653600702,0.5925734014774067,0.8309086111347295,0.7707499476755919,0.6301661947219972,0.8607384721289719,0.8264080563993121,0.7469885379208026,0.7781710647092801,0.9685810605737077,0.9398406738472916,0.9133379325358668,0.6118525217692445,0.976776185955968,0.8549601679079188,0.8364704384437267,0.8364704384437265,0.9988775090606229,0.8771378467726847,0.7794812069687636,0.5142226073937322,0.7634593162933845,0.845809930023645,0.8458099300236452,0.4114844185484129,0.7829869048958518,0.7122254667141537,0.6380633702331499,0.6598989712921809,0.8714736866604267,0.6598989712921809,0.6598989712921809,0.41783554058029115,0.7921350796061555,0.7819352075140338,0.6598989712921809,0.2961681283187152,0.3839903162124537,0.8906699881696987,0.6530962871087977,0.6665111568137501,0.4556768231640058,0.7171847386549137,0.997603241379254,0.3172267119005232,0.8594891528032418,0.9274314069631685,0.8477196485514609,0.5299046454454401,0.5503461642669301,0.22345912658275813,0.7794812069687633,0.9477555878984227,0.9568188779970366,0.747644586827851,0.9065745197589401,0.7118162161248736,0.8607384721289721,0.8317119999145355,0.9479270020870505,0.9703079230133635,0.8602481607023704,0.5525900381501337,0.7973999783168808,0.4633364619363085,0.8169648481555474,0.9019275594229527,0.8458668379645268,0.6908360632892855,0.8556227195178285,0.9839207572191255,0.4631794522857946,0.5709889645922743,0.8299936449997711,0.7100967477204156,0.8814645022799505,0.795668803556676,0.6755624410064107,0.8458099300236455,0.6331194143354935,0.8054135743605175,0.9295543723444597,0.4556768231640057,0.3238543474773544,0.9122459514085917,0.4485461356024443,0.8189138111500283,0.876153356879604,0.738894562340469,0.6598989712921809,0.8660153996906965,0.6619386051992117,0.8812418962256672,0.636037204504847,0.8198492542263086,0.811716322278577,0.827615610515867,0.5171923010093098,0.8105886236035889,0.47410611353452425,0.8830381436111516,0.41940112071443236,0.9285403060854762,0.6744660826755678,0.6959839224163822,0.9420985496453858,0.6863342676495191,0.7508334733135502,0.8065211384922872,0.6176508938351082,0.5612624115776338,0.6695867888723361,0.9135372232986305,0.7613536716392537,0.38897232345394595,0.6066466982084586,0.9139229073706455,0.8830381436111518,0.8906194204189841,0.9235705749526723,0.5399699326543903,0.7632111426276531,0.5196347268189747,0.6785985670091003,0.4135981044572462,0.5324834659391153,0.9295543723444597,0.9146476639019573,0.8458668379645258,0.8595739223381362,0.7744432967591066,0.8025114781888854,0.8358968832358387,0.8013809130873772,0.9918212983821324,0.980966549128707,0.8231810246346629,0.8458099300236452,0.8660153996906965,0.8892126720780515,0.6598989712921809,0.8025167433888147,0.6192097412120214,0.6111267236882887,0.7649155160766994,0.659898971292181,0.507700122580375,0.49733344863443163,0.7774088206138337,0.8864845765985013,0.7171847386549133,0.6986776579336873,0.6973568328439452,0.909254066867554,0.7869816637136535,0.7237703744277486,0.0,0.6787081963356643,0.8714736866604262,0.7139141755418523,0.7907939939476729,0.8933378821185829,0.7508334733135502,0.929554372344459,0.9446193146799471,0.8700195781003917,0.8892126720780515,0.8275252320423421,0.8136478513745116,0.8506512873935237,0.8567636187194857,0.6922323027829536,0.7934234903432731,0.9730137227220972,0.923059806975927,0.3813646191197866,0.48306221067669786,0.6785985670091003,0.8997921725028668,0.7122254667141534,0.6785985670091003,0.6785985670091003,0.8887602184894807,0.6598989712921809,0.8646769443713587,0.9375137391528914,0.6598989712921809,0.8065211384922875,0.9461231566069708,0.8666320820952815,0.8607384721289721,0.8714736866604262,0.8556227195178281,0.6488740980736469,0.4135981044572463,0.4133813401375316,0.6183266997604187,0.6317939088179356,0.6598989712921809,0.7457203241023507,0.8607384721289717,0.8065211384922872,0.48725505787132295,0.7304207083460028,0.8771378467726847,0.8556227195178285,0.8816763541639329,0.9101652682098842,0.9828782321270809,0.8506512873935232,0.9105864625317399,0.7685074540704857,0.8451803253246044,0.26749606342427734,0.87586066536007,0.8771378467726851,0.7946511399266383,0.8607384721289719,0.7270870337056001,0.31954283298040576,0.6598989712921809,0.881241896225667,0.7016627716181647,0.8830381436111516,0.5505754539630905,0.8646769443713587,0.8231810246346636,0.3929076822290585,0.6959839224163822,0.3115581615751588,0.5298942877123303,0.6598989712921809,0.6598989712921809,0.838671597431893,0.790651144893496,0.7319443369842831,0.4689451766165954,0.3017236453693325,0.48365273095728534,0.543194356504594,0.4919117552153449,0.8264823988780956,0.44184630845990713,0.6598989712921809,0.7251707285821376,0.8660153996906965,0.8892126720780513,0.5171923010093096,0.8771378467726847,0.4573370344249912,0.6598989712921809,0.6598989712921809,0.5755298237372488,0.8506512873935237,0.5381302222087948,0.8189138111500283,0.5795614108792912,0.7041826974355048,0.9653020276250281,0.7394358125205986,0.524134358116426,0.575118381403358,0.659898971292181,0.75083347331355,0.44954157980015563,0.8556227195178283,0.9137421426486898,0.8766185919883641,0.8349735634793015,0.9565663768738849,0.757820350302066,0.7027638694231736,0.6149568243681576,0.6598989712921809,0.3826553741773213,0.7578203503020657,0.6260081159477114,0.671862417916737,0.6192097412120212,0.9890221151936427,0.6199497416705968,0.5989778869873299,0.777517982354434,0.7079796935896472,0.4317229338427633,0.8928834502989915,0.8830381436111521,0.9291576091321705,0.6827327254320377,0.44184630845990724,0.8660153996906965,0.6785985670091003,0.43312415772419566,0.9964787107892183,0.8105828963996755,0.93709718498945,0.9090788265899082,0.7707499476755919,0.8283954260570923,0.9698960726108679,0.7139141755418523,0.6104152504851492,0.40799010636544153,0.8434426242850428,0.9213692074375963,0.8447164493374328,0.8198492542263087,0.5752641506902387,0.8594891528032418,0.7083230359445545,0.8822094236550266,0.3580658346315372,0.8556227195178279,0.3715689309937913,0.896217504775295,0.3033830548078611,0.34203597083586,0.6598989712921809,0.6818613208532709,0.8740332331171861,0.47372252717180674,0.8830381436111516,0.9942788437025747,0.6081795180891012,0.7355034601709296,0.6598989712921809,0.3415412849456353,0.4556768231640056,0.9528459743469395,0.4695865471762354,0.5863175713341042,0.5086004896637553,0.8660153996906965,0.2006109581383697,0.7517201863919686,0.9339789180168727,0.6434732564470673,0.8105886236035886,0.7767316034960887,0.8892126720780518,0.8354183921529796,0.8506512873935237,0.7009633385332406,0.8410632073109214,0.33682943574528557,0.997603241379254,0.4697692988298454,0.9118325050578104,0.6785985670091003,0.40330827857024754,0.6213419513566529,0.970696709510074,0.5937513117242059,0.6208035503449874,0.6598989712921809,0.43850095114066356,0.6129293067836308,0.7721311631321413,0.6598989712921809,0.49789166447044486,0.8319526871891936,0.8771378467726847,0.792135079606155,0.6488740980736469,0.7033903417847118,0.8477772416363423,0.6977551460134599,0.8365017088013502,0.9935827975654306,0.8850779292517614,0.4900867922785197,0.6598989712921809,0.965302027625028,0.6598989712921809,0.9137421426486896,0.6884363605615553,0.4032517568943633,0.8892126720780513,0.8054135743605175,0.7493477452805506,0.5833063873137534,0.7934676793989761,0.6598989712921809,0.9040278247540352,0.40798035672072797,0.575118381403358,0.7794812069687638,0.9305029368937818,0.9335689453150369,0.8701234951334181,0.7973999783168804,0.8028431297096315,0.38425719985182205,0.40992206369446293,0.8028431297096315,0.7934676793989761,0.8660153996906967,0.6792833185684208,0.8028431297096315,0.8892126720780513,0.9871782421593549,0.8920267598770295,0.6630438782205783,0.8458099300236452,0.8622345969218883,0.8065211384922875,0.5109544992867474,0.7508334733135498,0.9411136909025021,0.5035682673282562,0.8108462873069545,0.9163943184927281,0.8189138111500285,0.5265616202831105,0.772131163132141,0.728548796973117,0.7762994630329499,0.6796948571759817,0.7304207083460028,0.864269241003063,0.8556227195178281,0.8607384721289721,0.6631453808714569,0.9777206241099277,0.7851447122349791,0.7869816637136537,0.6178247648680733,0.8660153996906967,0.8714736866604265,0.9400603094597498,0.528525340978998,0.8168476210776725,0.7334117895175831,0.801380913087377,0.9970128096606148,0.8653189509281971,0.6190884542380528,0.8506512873935235,0.5689997718955978,0.6883388572722708,0.7439441203046289,0.3869853436478772,0.984030162099039,0.8714736866604262,0.7613536716392537,0.930049500882792,0.5648437852861057,0.8928834502989915,0.7832115382051674,0.8980748304035204,0.9498821507571255,0.7725799749048676,0.8231810246346638,0.9249452715025557,0.9052588678945521,0.8014199567616174,0.8684193652985903,0.8607384721289719,0.918710349669114,0.45206025638335345,0.5149087391499014,0.8607384721289721,0.9459661478042738,0.5583871208603284,0.8937694691940095,0.89895267806594,0.8410864781348426,0.5480327184729701,0.8309086111347292,0.7139141755418523,0.8933378821185833,0.4216193736786613,0.8065211384922877,0.8714736866604265,0.350412818110033,0.8983951609457295,0.8556227195178283,0.8830381436111516,0.6061813061264696,0.8771378467726847,0.8701159959462412,0.8714736866604262
p229_S,0.8059811600900688,0.8736172758491524,0.6410158228638786,0.966504522233656,0.9266101958517023,0.9864188438370333,0.9875654814135939,0.9436854592218975,0.7930769124067967,0.9144243194673913,0.9633170462283336,0.8871861256568154,0.8871861256568152,0.5910980953490097,0.830133640474751,0.9439482786232296,0.8218786695062748,0.48364251905513755,0.8322781973853697,0.959385510350397,0.6641125742482723,0.8977731789942538,0.9347116766198293,0.9313656494466989,0.9237909679850969,0.8526125248565146,0.6895371198016214,0.8202427651339441,0.9506921078835923,0.9754472447494383,0.9157195100702635,0.901969550532447,0.606161386831122,0.8253933155080591,0.9266101958517023,0.9959788276248618,0.8943656982526555,0.7030597373952188,0.9189419416378726,0.6058447760967869,0.6995504770012496,0.9117409594618757,0.9189419416378726,0.8355462780873548,0.8549640569324385,0.6484331057516677,0.9363467946367829,0.8275845711806056,0.8497555614289232,0.8461326119911254,0.901969550532447,0.45686859272244507,0.8802685646935291,0.8738080422252301,0.9416463105364248,0.9118045190541602,0.8469334628212699,0.8907283270583697,0.7846516991328512,0.8837301903431396,0.8195657630533144,0.700899462098924,0.8526125248565162,0.7409013261125117,0.9059631313150907,0.8445635951989852,0.9019695505324468,0.7579513473296948,0.7562325982181095,0.9530430838774198,0.6997146512672775,0.9597045567050754,0.9266101958517023,0.7067888002711156,0.8907283270583697,0.7845651296446835,0.890366763518882,0.9439954904249369,0.7149880643119462,0.7498208075242985,0.932421225112757,0.9728634031502703,0.872148711206389,0.6772347979142421,0.8907283270583697,0.5804223792454359,0.9885703464886242,0.7663353393069401,0.8317949515823662,0.8871861256568154,0.8907283270583697,0.7593661840511858,0.6255065515247967,0.7892864396366654,0.9195126963471612,0.8692411455887943,0.7307145608145698,0.741159516676425,0.7387880214105293,0.6888726318181915,0.9273541355294599,0.9871769404803682,0.6069255098349673,0.9810769867830172,0.8109021643939754,0.910107340129978,0.7625521864647336,0.6878076522627175,0.9871789510845516,0.6479481298324699,0.7569321572390619,0.9757903498042682,0.8497271423062516,0.8497090666239036,0.8981086621953582,0.8881247533070538,0.9369517127066342,0.910107340129978,0.7971404147868458,0.8141213551846795,0.9042185009045358,0.8084228126660491,0.4826751591458933,0.9414072100396405,0.9814512361213982,0.937153425007831,0.8943656982526555,0.8048719500632193,0.9569179508810808,0.8877804493751151,0.7622304525123511,0.9745849270782074,0.7414581552504091,0.9662615489004198,0.8803528436582551,0.6070159633589632,0.8321917397684218,0.7810772990523143,0.9019695505324468,0.88373019034314,0.7360820137166026,0.9144243194673913,0.9715600777392772,0.7926510105847774,0.7796829878904996,0.8076792614799999,0.9680373530522719,0.6766412364083272,0.9314155108000668,0.5882129074216333,0.9956532987665977,0.7978953231297465,0.8858928134003453,0.7333197006457806,0.8999347304580285,0.849755561428923,0.9350574143766859,0.46806487433756006,0.8625108868957936,0.8274711902591814,0.9899284711724202,0.9489388080389439,0.8268961672292721,0.698723115811585,0.7115526818703477,0.8728146231086596,0.873820318922653,0.6375242033343562,0.9976396685145794,0.8156672645783425,0.9164503319823699,0.9384843112825214,0.8469334628212701,0.930341318981476,0.8372795290999735,0.8395983236342689,0.9181496848802537,0.7752477163247107,0.9501190751777879,0.5547216418522256,0.8554967892307377,0.7990728449570714,0.9922251917623502,0.9569179508810806,0.7996543706774986,0.8592811702357521,0.728787331004553,0.9561893150756149,0.8738080422252301,0.9612479071602384,0.9176678508338107,0.9636129646778213,0.5121168333234963,0.6557564321155493,0.8629066429004497,0.8907283270583697,0.8943656982526555,0.7429555442594813,0.8484128583846999,0.7234270021302903,0.7869574313974728,0.9569179508810808,0.8907283270583697,0.7698828003467639,0.6403272349632467,0.9144243194673916,0.8907283270583697,0.8185857730422849,0.8410575924482766,0.7749015187531063,0.7093968428070361,0.9674067338297455,0.9220520382689483,0.8907283270583697,0.7579513473296945,0.8907283270583696,0.6733052726604603,0.5009386331748272,0.4324979905999726,0.8907283270583697,0.9255315955672281,0.8907283270583697,0.7961317301531117,0.8658908483620333,0.5894829814864477,0.7933620671117684,0.9745849270782074,0.6617115408446488,0.8837301903431398,0.9055871010957909,0.8675074564961305,0.8987185179403039,0.9547430009336275,0.921959418376618,0.6622198676465988,0.8042393336636006,0.8433428097607203,0.574850814554239,0.9357705907751432,0.8410575924482764,0.864419020911696,0.9796090059367453,0.7322293022935193,0.9176678508338107,0.8907283270583697,0.790683989852673,0.8907283270583697,0.9573231152801953,0.6683524098199148,0.9395538742599338,0.9498037239005273,0.6463178812377723,0.8943656982526555,0.8151673877212327,0.9871789510845517,0.6945258469948821,0.9324212251127573,0.787634857848361,0.8981086621953582,0.7747499893285337,0.7926510105847772,0.7307192762853647,0.8871861256568154,0.9471353582128483,0.5690116504408236,0.9189419416378726,0.850783150588132,0.7219936404047465,0.9679753048288038,0.9573439231558036,0.779603446479504,0.9791730180618384,0.8071051647563814,0.7032863321759951,0.568605478811514,0.910107340129978,0.6799089551274378,0.9076535474555825,0.9156518518301395,0.7709924834343286,0.910107340129978,0.9167550011741448,0.7569120317908995,0.9883075851106065,0.7261384684657313,0.991531617359299,0.6047956160661232,0.9219594183766182,0.6783699625809343,0.8837301903431398,0.9363467946367829,0.9871769404803682,0.5814700515696589,0.9959788276248618,0.6285921063627415,0.7385619389237461,0.73222930229352,0.9731067248422339,0.9959788276248618,0.9624920646450354,0.823604641086503,0.912643846712835,0.7810772990523138,0.667676213985195,0.8427900854983297,0.9871769404803682,0.5514048098493591,0.8674647054043128,0.7380737918066085,0.8719569641853921,0.8080225602666942,0.9238336826921011,0.9834835281757774,0.9209930948882081,0.7524003273192803,0.9956532987665977,0.8357109254745532,0.9144243194673916,0.8736763669423389,0.9111418778385345,0.7943245723922829,0.8981086621953582,0.8907283270583697,0.9019695505324468,0.8286368927914733,0.8431710369363272,0.910107340129978,0.9883075851106065,0.9733502238946539,0.8907283270583697,0.8941142743416461,0.9959788276248618,0.7971404147868459,0.964859914443259,0.8412131084103522,0.8870460761700742,0.9791730180618383,0.6897962628589003,0.5849920630883071,0.9871789510845517,0.8770474101603605,0.5905144393329067,0.8981086621953585,0.8495348412251986,0.5915016312566231,0.9053798774659323,0.8076792614799997,0.9390992365744862,0.6343578147809994,0.8607668501691251,0.6301801172390213,0.9465236185105816,0.8871861256568154,0.9469030383116224,0.8655679454454462,0.6316361862922113,0.6810246463746952,0.5389506605244636,0.8907283270583697,0.7361330955452152,0.8228081446899338,0.903337261069382,0.8944204818176893,0.9144243194673913,0.6672143803336503,0.8907283270583697,0.8907283270583697,0.904195527676352,0.8357109254745527,0.7380453738990048,0.8907283270583696,0.9956532987665977,0.8907283270583692,0.8833329070124858,0.7115526818703475,0.6866148264201541,0.9657441977682981,0.8598491504016526,0.829835318522635,0.5574770087129959,0.6328792008858355,0.8907283270583697,0.7519737959725443,0.9436475335142127,0.6426699625739711,0.7100465593000755,0.9627030252708222,0.9253852700244686,0.9745849270782074,0.6541212312873543,0.8907283270583697,0.5846943918132388,0.8431710369363271,0.8681432974069041,0.7733136179561871,0.9313656494466989,0.5773926953550637,0.8968564385234131,0.8907283270583697,0.8979852301161761,0.6419396775628259,0.8907283270583697,0.9120036468915291,0.9930407301043381,0.9139655921227178,0.5497031782009331,0.667676213985195,0.8907283270583697,0.9666511682736849,0.7240317435896979,0.9705201879916355,0.9502757975383275,0.9107468542784789,0.8877471404310473,0.8027610705485613,0.7376238832124677,0.8981086621953582,0.9864805675103101,0.7557478947704015,0.8473379500477143,0.7000877664757903,0.9645462752340132,0.5829722184285229,0.8905408702359403,0.9019695505324468,0.7602029174252845,0.8907283270583697,0.910107340129978,0.43521623544656574,0.785536629338865,0.9015254039971807,0.8705590463698816,0.8837301903431398,0.7673377791149762,0.9946344481652142,0.88373019034314,0.7895163848470539,0.6428073786283004,0.9051891110898549,0.7983733807061197,0.951119009186666,0.9181496848802537,0.6860578446863526,0.959385510350397,0.9053798774659318,0.9779145968080556,0.8511190710752929,0.7390381510282646,0.9144243194673916,0.8572232603367144,0.9146866456746814,0.8579914850406082,0.9117409594618759,0.6179752610357698,0.9978276116162976,0.8981086621953582,0.9943839955280371,0.8869410318861257,0.8987229806623138,0.6838672889289452,0.9076164564417568,0.932421225112757,0.8386564101621345,0.8390572023620211,0.849376367618049,0.6457592425798632,0.8218786695062748,0.8039475642210703,0.9802179578298981,0.8332787167611999,0.9156518518301398,0.8905408702359405,0.5425623601813854,0.9633170462283336,0.8329530102636886,0.91565185183014,0.8877804493751149,0.934180176296304,0.9489388080389436,0.8379426721840417,0.796986287170871,0.7713886115861177,0.8869410318861257,0.910107340129978,0.9705109923535553,0.8264075517932417,0.7646590535028456,0.96190858594505,0.6895371198016214,0.8880494443586018,0.8999347304580284,0.910107340129978,0.776028090297221,0.6915612155827677,0.7295296440704964,0.9220520382689479,0.9384843112825212,0.7466879805460673,0.8877471404310473,0.9465236185105814,0.631541819278584,0.8907283270583697,0.9059631313150907,0.8907283270583697,0.8907283270583697,0.6888726318181917,0.861416294711902,0.9943839955280371,0.8907283270583697,0.6836723285077905,0.7483099054084326,0.8644190209116959,0.9637424086122105,0.7146656053190168,0.717320090652118,0.951119009186666,0.7906839898526734,0.7534147528233297,0.941646310536425,0.90897688663204,0.9059631313150904,0.8228081446899336,0.599392798025267,0.6901121398497019,0.9927826099783927,0.9937547890875104,0.9176678508338107,0.8008166558030871,0.9883075851106065,0.8185996358061023,0.9363467946367829,0.9942108688133633,0.8675074564961303,0.8352044863869478,0.9196654457599787,0.7738595565993198,0.7838000828327129,0.8412362029768823,0.8905408702359403,0.9012711872601784,0.9363467946367829,0.897773178994254,0.6616348874188233,0.9307750873891689,0.777447529068706,0.7086482280213333,0.9019695505324472,0.7802230102304335,0.8803528436582551,0.8947907149722125,0.711227573413961,0.9733502238946539,0.6580624980226977,0.9242333593180018,0.8917796293119393,0.5461228933907032,0.7687399368321339,0.832981669558879,0.5994395895410425,0.829835318522635,0.8003219721549923,0.9903706848348353,0.8907283270583697,0.9019695505324468,0.8438537352691284,0.9624920646450354,0.8159120212098951,0.8977731789942536,0.88373019034314,0.8461063871505825,0.7377722159208451,0.8473379500477142,0.6730385929988545,0.8158085352345761,0.6715077309199234,0.9015254039971805,0.8180394086221474,0.8837301903431398,0.9739457607244573,0.8073616935966637,0.7150752667467535,0.9985308211896644,0.8867276540613915,0.7977834169641786,0.6105469330504857,0.8101160896338553,0.8124837987348459,0.6527856059291903,0.6435410990613114,0.9157195100702642,0.9144243194673916,0.8644375806981959,0.9946344481652142,0.533469021599233,0.8752793492650845,0.8290927883658061,0.8871861256568152,0.6343059903828614,0.5088246366684849,0.9662615489004198,0.8876069716972397,0.8981086621953585,0.7713886115861179,0.9855195560802343,0.5821499322357737,0.8302732220802043,0.992782609978393,0.9871789510845517,0.8698289504777108,0.6041414581535933,0.8871861256568154,0.9019695505324468,0.9189419416378726,0.8907283270583697,0.8736763669423389,0.6426121513318215,0.6939478880105086,0.7567935973165529,0.8907283270583696,0.7677547930172262,0.45695575082940953,0.7978953231297463,0.8332787167611999,0.6739979242462495,0.6607408830617634,0.7443656302048325,0.9211228366183701,0.8441441538596661,0.7978953231297465,0.6787081963356643,0.0,0.9059631313150907,0.7017438536728556,0.8469334628212699,0.8342244107146706,0.9578647347653733,0.7971404147868456,0.9233888313903122,0.6072049022967982,0.844460022049393,0.9367609463305568,0.6973493918323203,0.8939804601816318,0.987780046724733,0.756221849784094,0.9101073401299777,0.9624920646450357,0.9280389014923773,0.6095709242452819,0.6831996648983902,0.8871861256568154,0.9415886943343517,0.913438231084418,0.8871861256568154,0.8871861256568154,0.8736763669423384,0.8907283270583697,0.8803528436582548,0.8221782642240061,0.8907283270583697,0.6552615132688799,0.9802179578298982,0.9101073401299777,0.8981086621953582,0.9059631313150904,0.9683656006407424,0.8871861256568152,0.5878990700570059,0.7287873310045534,0.861416294711902,0.7559671393517235,0.8907283270583697,0.8499773547407883,0.9871769404803683,0.9156518518301398,0.6486341751647384,0.8665090122861584,0.6605352223956006,0.9576344969711708,0.8941142743416466,0.785159552137012,0.86847217651075,0.8907283270583695,0.9345033063019541,0.7491523286761463,0.9670949100090167,0.79965801570045,0.9130996693093605,0.9610854286276961,0.9586354939237813,0.8981086621953582,0.7188396023267063,0.7912713244196345,0.8907283270583697,0.9624920646450354,0.7846431984826087,0.9144243194673916,0.6511741022940931,0.9873056066370913,0.8204122059626302,0.7016925523411566,0.8837301903431398,0.627670763323956,0.6445049778845919,0.8907283270583697,0.8907283270583697,0.8151673877212335,0.9735446470607502,0.6805950138197521,0.5772496565291421,0.6672143803336501,0.5497031782009333,0.5293358883028871,0.6932805363087831,0.9398581321453396,0.6915758408691957,0.8907283270583697,0.8692411455887943,0.9019695505324468,0.9189419416378726,0.4811649830155945,0.910107340129978,0.7329753662120797,0.8907283270583697,0.8907283270583697,0.6676077755094414,0.8222167225949654,0.6388115385210686,0.9583046239905009,0.43996957892208044,0.7202259015568806,0.8441441538596661,0.926980147113194,0.7567786618410588,0.6193275329521575,0.8907283270583696,0.9019666944541097,0.7020307983844452,0.9313656494466989,0.9101073401299777,0.8323623907012208,0.9915203716360135,0.9004138115882325,0.8668717277564584,0.8943656982526555,0.7551676055813559,0.8907283270583697,0.7227147778080807,0.9421620399028598,0.804239333663602,0.9779501059205149,0.5551931608580061,0.9369517127066342,0.85995283838797,0.6569883031262365,0.9059631313150904,0.9644165184655091,0.7901939043740356,0.9465236185105819,0.8158085352345759,0.8833329070124858,0.8526125248565155,0.6915758408691957,0.9019695505324468,0.8871861256568152,0.7330491045430576,0.8737403537239998,0.7150752667467537,0.9295027681662049,0.9189419416378728,0.87860526599069,0.9189419416378726,0.9864188438370332,0.9555299319100915,0.8279993553837639,0.7765216012257232,0.8907283270583695,0.7708473443515703,0.8675074564961303,0.9280389014923771,0.734224070064025,0.6061613868311231,0.9220520382689481,0.9273541355294599,0.7718639816940593,0.8943656982526555,0.7437300395171281,0.9182912608602745,0.905187561716676,0.8511190710752928,0.8907283270583697,0.7199160636554167,0.9266101958517023,0.7020440235724565,0.9144243194673913,0.8633216590704117,0.8584403005100096,0.8180536059203533,0.8907283270583697,0.6730385929988545,0.5616862749599227,0.8584403005100094,0.6757080281483123,0.706788800271116,0.6915758408691954,0.9019695505324468,0.7124052089808717,0.8321620294944194,0.9818975773288531,0.7113857494869986,0.6725904969034839,0.8121513884834912,0.8917796293119393,0.9638362521438677,0.7504529850082995,0.965953355794313,0.9858554770474959,0.734597238851638,0.8118328297057764,0.5636709457194706,0.9657441977682981,0.8871861256568154,0.7257684169846019,0.7297265601356033,0.8185996358061023,0.6426699625739711,0.5910845104931506,0.8907283270583697,0.6683827518448675,0.8253760227784424,0.5160168099720805,0.8907283270583697,0.7045113874455715,0.8968564385234131,0.910107340129978,0.8905408702359403,0.8871861256568152,0.6359489997182448,0.9079246045305448,0.8950036982469984,0.9541610264321898,0.8689070539816166,0.8764625255717526,0.5567378513734429,0.8907283270583697,0.8705590463698814,0.8907283270583697,0.910107340129978,0.8272430739534049,0.7890766650515109,0.9189419416378726,0.9976396685145794,0.5561512403550471,0.7954805011229049,0.8332787167611999,0.8907283270583697,0.7837384898877129,0.6624095428270531,0.7196081430538963,0.915719510070264,0.7384366952101734,0.9812078381362566,0.7246526903584669,0.8866539577018826,0.8674647054043128,0.7695451177858923,0.60654436509358,0.8674647054043128,0.941477427108013,0.622600723844694,0.7512776798866525,0.8674647054043128,0.9189419416378726,0.8526125248565162,0.9313656494466989,0.8465195678523141,0.7641547482218575,0.8359545793225898,0.8555019428893369,0.9644829731784323,0.9812261632287929,0.8614162947119017,0.815167387721234,0.8497555614289232,0.9569179508810808,0.8977731789942538,0.8140869293571891,0.7412606661028687,0.645076390438917,0.7219936404047467,0.8328282760721473,0.7121683842756956,0.7147247085916452,0.8943656982526555,0.9363467946367827,0.8302732220802038,0.8685501989761009,0.8441441538596661,0.680387780956457,0.8900694327928893,0.9019695505324468,0.9059631313150907,0.8910207044885503,0.8674280482355494,0.8309760007830436,0.8944204818176895,0.8643441101315115,0.8681726789317894,0.7497654019369477,0.8359545793225895,0.9266101958517023,0.8105409373486552,0.5270705421557467,0.7524203850095579,0.8067562839765106,0.8735580415655528,0.9059631313150904,0.9702424698108973,0.9698435187156453,0.8526125248565146,0.8803528436582551,0.9976396685145794,0.8649538734463005,0.8851306068028351,0.9923118103209785,0.8204122059626309,0.9281686088669656,0.6944229229975927,0.8808312777114622,0.8602906102480649,0.8981086621953585,0.9313656494466989,0.7557478947704008,0.8441441538596661,0.7959862782732468,0.9248989323623185,0.7580435342641836,0.8982598745684949,0.9855431718151524,0.9176678508338107,0.7355347458828865,0.9985308211896643,0.5537019747011371,0.8981086621953582,0.731165443948091,0.9442576274902053,0.9059631313150907,0.7695451177858923,0.8070873137034841,0.9206345457771273,0.9144243194673913,0.9248999010300969,0.910107340129978,0.9171596601933671,0.9059631313150907
p229_T,0.8234362176999173,0.9495194495442565,0.6374311025589524,0.9858673317522388,0.9562880686171875,0.9675743567407267,0.8518157474872083,0.8245098594864121,0.9172245874626141,0.9657671730030437,0.33800529464407636,0.9548710823073732,0.9548710823073732,0.9333065093925881,0.9230659630317124,0.9413830194575712,0.9521375655065456,0.9410406098239266,0.9640402523885963,0.9657671730030437,0.9436595831253995,0.2902478418933613,0.9445623805946022,0.9577431256853028,0.36864622684561166,0.9410406098239263,0.9521375655065456,0.9280917395652364,0.9657671730030437,0.8066326214619564,0.9354577472990955,0.9560086947472868,0.9508152934266847,0.9301521134798676,0.9562880686171875,0.9640402523885963,0.1874942110935155,0.9508152934266847,0.9675743567407267,0.9398977391608507,0.9568407342490963,0.9421983319196943,0.9675743567407267,0.9250566218612029,0.9521375655065456,0.903538552896229,0.1573927922435595,0.9143648077845039,0.43127372142724874,0.9068859994145184,0.9607848936032957,0.9055618072870646,0.9410406098239263,0.9495194495442565,0.9508152934266847,0.9387688154666092,0.9387688154666092,0.9562880686171873,0.8075404270671709,0.2624929266331485,0.9191520956010533,0.8546882169814702,0.9410406098239261,0.9134191021410447,0.9623824451410659,0.8489166250019229,0.9560086947472868,0.8760356045203772,0.8101067897872718,0.964040252388596,0.9322459088752486,0.9398977391608507,0.9562880686171875,0.8508524342038153,0.9562880686171873,0.6150007853708623,0.9894382119329369,0.9482479709168004,0.7858946626455752,0.9675743567407267,0.9482479709168004,0.9433718940682516,0.9365495543873188,0.9410406098239263,0.9562880686171873,0.9291179679746995,0.9469990271543745,0.8645404905882983,0.6297583081743696,0.9548710823073729,0.9562880686171873,0.9483117174169302,0.85468821698147,0.8751256559556833,0.9365495543873186,0.9143648077845041,0.9459681478708941,0.6518137794452566,0.8450061550758594,0.8440199953549765,0.938768815466609,0.9592404230051592,0.9562880686171877,0.8778523726982708,0.6620223134823311,0.04407004266351722,0.5749591436932455,0.8255782681497192,0.9457709851868581,0.8863374708388891,0.8932116722416497,0.9421983319196943,0.8339485716413388,0.5639557158967426,0.1573927922435595,0.8135211337092483,0.9495194495442565,0.964040252388596,0.9330470514183521,0.8778523726982708,0.9250566218612029,0.9013784409842851,0.9457709851868581,0.9354577472990953,0.9410406098239261,0.8219587423920875,0.1874942110935155,0.8805708457535912,0.9548710823073732,0.9270730230791455,0.8905026990324323,0.9592404230051592,0.9607848936032957,0.9675743567407267,0.9521375655065456,0.9361590003494942,0.8959254409068564,0.9607848936032957,0.12394457825310956,0.9534886050081051,0.7762402277161402,0.0899773489975646,0.8489166250019227,0.9271952774457723,0.9032069193824652,0.9230659630317126,0.9078111670939808,0.8640960613563904,0.939897739160851,0.8514910516687031,0.9657671730030437,0.9191520956010533,0.7321637323361279,0.8977386203509139,0.9560086947472868,0.939897739160851,0.9096689964166693,0.9260614370793872,0.7300334708344977,0.9013784409842851,0.833948571641339,0.9604535056538154,0.9433718940682516,0.8298015015479601,0.6175693860257448,0.9280917395652364,0.9167714410425667,0.6089429446703842,0.936549554387319,0.866875817122224,0.9333065093925883,0.16644234379501466,0.9387688154666094,0.8640960613563904,0.7363426026476418,0.8950201541957776,0.964040252388596,0.926138075871473,0.9311946072310935,0.9022918659842718,0.9240582376582436,0.9041237274088108,0.938768815466609,0.9548710823073732,0.8787593440855817,0.7363426026476418,0.8778523726982708,0.9153141563577833,0.9495194495442565,0.9343769343025807,0.9534886050081051,0.9619936422826707,0.754184929774874,0.8190873193696526,0.9191520956010533,0.9562880686171873,0.9577431256853028,0.9534886050081053,0.9143648077845041,0.7341888239741254,0.9068859994145184,0.9548710823073732,0.9562880686171873,0.6674138842245108,0.8190873193696528,0.9657671730030437,0.9562880686171873,0.8565893759313059,0.9270730230791457,0.9022918659842718,0.8769444849065684,0.9633200991265265,0.9548710823073732,0.9562880686171873,0.8760356045203771,0.9562880686171872,0.8006082374759431,0.8954576130000749,0.892424412171627,0.9562880686171873,0.6850220107787024,0.9562880686171873,0.7796467775134234,0.9201228276565452,0.9280917395652364,0.6477372045373879,0.9592404230051592,0.8030952829801481,0.9534886050081051,0.38260971188855086,0.9469990271543747,0.919152095601053,0.8212728377122549,0.9301521134798676,0.9560086947472868,0.913419102141045,0.9059631313150907,0.9606832254354425,0.9115378627127524,0.5332377025939612,0.9270730230791455,0.9521375655065456,0.9413830194575714,0.9534886050081053,0.9562880686171873,0.9162673470024438,0.9562880686171873,0.8359953467971377,0.9270730230791457,0.9607848936032957,0.9376530086096915,0.8030952829801481,0.9577431256853028,0.9260614370793869,0.3063205188485627,0.9078111670939808,0.9482479709168004,0.8805708457535912,0.9592404230051594,0.8896003271096578,0.9271952774457721,0.8659511288161978,0.9548710823073729,0.9623824451410659,0.8863374708388891,0.9675743567407267,0.8565893759313061,0.7715031580899797,0.9421983319196943,0.8886981112672732,0.9303915684461668,0.9607848936032957,0.8696393640825608,0.8168375394702836,0.835424380863864,0.04407004266351722,0.852776099605769,0.9260614370793872,0.9433718940682516,0.9153141563577836,0.04407004266351722,0.9075881164980937,0.8400388316300482,0.9623824451410659,0.9555872102327532,0.9333065093925881,0.9592404230051592,0.9301521134798676,0.8339485716413391,0.26249292663314894,0.9592404230051594,0.9592404230051592,0.7830070991781048,0.964040252388596,0.8155363791473291,0.875125655955683,0.6185666173362778,0.8659511288161978,0.9640402523885963,0.9562880686171875,0.9398977391608507,0.9534886050081053,0.9607848936032957,0.8298015015479603,0.912476848317918,0.9592404230051592,0.9970639700164783,0.9280917395652364,0.7633524262729615,0.9220794934202008,0.9004665216997632,0.8954576130000751,0.7895252496743005,0.8584801609121497,0.9282564559285414,0.9657671730030437,0.9172245874626141,0.9657671730030437,0.5121370206872325,0.9270730230791457,0.9220794934202008,0.9592404230051592,0.9562880686171873,0.9607848936032954,0.9162673470024438,0.9410406098239261,0.04407004266351722,0.9623824451410659,0.9548710823073732,0.9562880686171873,0.3686462268456113,0.964040252388596,0.9675743567407267,0.5110414539348822,0.7526072663729988,0.9433718940682516,0.9607848936032957,0.8565893759313061,0.7444874455967885,0.9457709851868581,0.9508152934266847,0.8974778163860968,0.9592404230051594,0.9301521134798676,0.7677567325503766,0.9495194495442565,0.9230659630317124,0.9675743567407267,0.7982744339496257,0.9301521134798674,0.8089555424152615,0.2835329433063227,0.9548710823073729,0.9322459088752486,0.9013784409842851,0.8339485716413391,0.834974116212793,0.7588309158950004,0.9562880686171873,0.8742145641840273,0.9291179679746995,0.9311946072310935,0.5194258811617958,0.9657671730030437,0.866875817122224,0.9562880686171873,0.9562880686171873,0.939897739160851,0.9172245874626139,0.9506780844219123,0.9562880686171872,0.9657671730030437,0.9562880686171877,0.9333065093925881,0.5747609540928814,0.8190873193696526,0.9562880686171877,0.934376934302581,0.9469990271543745,0.7394182000815224,0.7720505777903306,0.9562880686171873,0.6321430926512028,0.9280917395652364,0.8077975275903295,0.8101067897872718,0.4800015406868703,0.8877959618256668,0.9592404230051592,0.8245098594864126,0.9562880686171873,0.7843298856175563,0.9410406098239263,0.6897282138964369,0.8537335648142308,0.9577431256853026,0.7411252268913595,0.9508152934266847,0.9562880686171873,0.9106019687464653,0.8318841922523382,0.9562880686171873,0.934376934302581,0.8234362176999175,0.7232048222120993,0.7633524262729614,0.8298015015479601,0.9562880686171873,0.8424394300035336,0.876035604520377,0.9623824451410659,0.7404172524417112,0.7633524262729614,0.9201228276565452,0.9210985398310312,0.9106019687464653,0.1573927922435595,0.9124768483179178,0.9022918659842718,0.9445623805946022,0.8733022546836291,0.891405318287436,0.662022313482331,0.9445623805946022,0.12394457825310956,0.9410406098239263,0.9562880686171873,0.9640402523885963,0.9153141563577836,0.8390340081240992,0.9482479709168004,0.4521174331857045,0.9534886050081051,0.8591708211604271,0.9577431256853026,0.9534886050081051,0.9482479709168004,0.9562880686171877,0.9495194495442565,0.6385518690954316,0.9172245874626141,0.964040252388596,0.8677987043663951,0.9657671730030437,0.9495194495442565,0.9445623805946022,0.8129078011894169,0.9469990271543745,0.9657671730030437,0.7816743721250176,0.9280917395652364,0.9068859994145184,0.9421983319196943,0.9469990271543747,0.5951579902345703,0.9592404230051594,0.9808531012828585,0.9134191021410443,0.6831595038010521,0.9433718940682516,0.9134191021410443,0.9482479709168006,0.9354577472990955,0.8964678380224962,0.804281628704786,0.9633200991265265,0.9521375655065456,0.8729661616863007,0.6411423728095715,0.9333065093925881,0.9433718940682516,0.944562380594602,0.760351546084642,0.9482479709168006,0.7404172524417114,0.9433718940682516,0.5332377025939613,0.8206906175910373,0.9592404230051592,0.8668758171222237,0.7541849297748741,0.9291179679746997,0.9134191021410443,0.964040252388596,0.7677567325503766,0.9068859994145184,0.9623824451410659,0.9776784774900422,0.9521375655065456,0.9521375655065458,0.9607848936032957,0.964040252388596,0.9354577472990953,0.7494066097755414,0.9731307655897723,0.23966622495314915,0.9548710823073732,0.8479439783560871,0.9201228276565452,0.9521375655065456,0.9271952774457722,0.9562880686171873,0.08646812957157735,0.9562880686171873,0.9562880686171873,0.8440199953549763,0.9445623805946017,0.9301521134798674,0.9562880686171873,0.8359953467971372,0.8603611522754107,0.9270730230791456,0.8733022546836291,0.6321430926512028,0.7748548864613388,0.9172245874626141,0.916267347002444,0.8622329273186462,0.9508152934266845,0.9425174783713439,0.9623824451410659,0.9291179679746995,0.8089555424152615,0.876035604520377,0.4711120959231433,0.9508152934266847,0.9534886050081053,0.8294083099774059,0.9623824451410659,0.6217281579861218,0.1573927922435595,0.9143648077845044,0.9469990271543745,0.9421983319196943,0.9445623805946022,0.8696393640825613,0.4800015406868704,0.9191520956010535,0.944562380594602,0.9311946072310937,0.9592404230051592,0.9469990271543749,0.9577431256853026,0.5397911272183277,0.8769444849065684,0.896467838022496,0.9607848936032957,0.9126737616573806,0.9521375655065458,0.8342341678338485,0.6447745739887387,0.9548710823073732,0.8077975275903293,0.9912425166211665,0.9675743567407267,0.7748548864613389,0.8677987043663951,0.9162673470024438,0.7776146431362675,0.9469990271543747,0.9201228276565452,0.8986467260787545,0.9562880686171873,0.12394457825310956,0.9280917395652364,0.9562880686171877,0.9167714410425667,0.9469990271543745,0.9534886050081053,0.4618278610403571,0.7411252268913595,0.9445623805946022,0.8318841922523381,0.9657671730030437,0.7882404231802299,0.9482479709168004,0.8850890368124653,0.9534886050081051,0.9508152934266847,0.8469680690265142,0.9270730230791457,0.9433718940682516,0.8007002269432069,0.8968315612097784,0.7691999689649296,0.8823796135894804,0.9808531012828585,0.8546882169814698,0.7212226060676772,0.9354577472990953,0.9657671730030437,0.9919033068160935,0.9577431256853026,0.76294781546019,0.9162673470024438,0.9078111670939808,0.9548710823073729,0.7856429156142741,0.7250871274579647,0.9675743567407267,0.8959254409068562,0.9592404230051592,0.9291179679746997,0.5264541432619002,0.942198331919694,0.9153141563577833,0.4711120959231434,0.9457709851868581,0.9124768483179182,0.9482479709168001,0.9548710823073732,0.12394457825310956,0.9675743567407267,0.9562880686171873,0.9301521134798676,0.9209050008316386,0.8061744934456333,0.9311946072310935,0.9562880686171872,0.8995559887924944,0.8822556897514986,0.9191520956010535,0.9333065093925883,0.5455467546967061,0.9068859994145182,0.8977386203509139,0.8157657021327263,0.9376530086096917,0.9191520956010533,0.8714736866604262,0.9059631313150907,0.0,0.5951579902345695,0.9387688154666092,0.9592404230051594,0.9761356843815903,0.9675743567407264,0.9376530086096915,0.9534886050081053,0.9675743567407267,0.9841747480714134,0.938768815466609,0.9562880686171875,0.8640960613563904,0.6220612852947541,0.9640402523885963,0.9562880686171875,0.9469990271543745,0.8007002269432069,0.8298015015479603,0.9548710823073729,0.9607848936032957,0.9521375655065456,0.9548710823073729,0.9548710823073729,0.9301521134798675,0.9562880686171873,0.9521375655065456,0.9201228276565452,0.9562880686171873,0.9433718940682516,0.9059631313150907,0.964040252388596,0.1573927922435595,0.9623824451410659,0.9577431256853026,0.9548710823073729,0.7856429156142741,0.8778523726982708,0.944562380594602,0.8631655385537389,0.9562880686171873,0.9201228276565452,0.9592404230051592,0.9965514935490281,0.8223572438900819,0.5695393742200042,0.964040252388596,0.9577431256853026,0.9457709851868581,0.9270730230791457,0.9457709851868581,0.21477889927437255,0.9270730230791457,0.9322459088752486,0.9354577472990953,0.7629478154601899,0.9482479709168006,0.9640402523885963,0.939897739160851,0.1573927922435595,0.9201228276565452,0.8640960613563906,0.9562880686171873,0.9562880686171875,0.6288471659222004,0.9657671730030437,0.8944470361963834,0.2835329433063227,0.9482479709168004,0.8489166250019229,0.9534886050081051,0.820182897330497,0.8146465075743061,0.9562880686171873,0.9562880686171873,0.9260614370793872,0.7748074399019571,0.9162673470024438,0.86560416687451,0.866875817122224,0.8740070788027339,0.7269481442351537,0.8276997747581221,0.9421983319196943,0.8390340081240992,0.9562880686171873,0.9143648077845041,0.12394457825310956,0.9675743567407267,0.8883704299920678,0.04407004266351722,0.8546882169814702,0.9562880686171873,0.9562880686171873,0.8054606979556647,0.9562880686171875,0.8123894668503124,0.3538106028060499,0.9126737616573806,0.9568407342490965,0.9376530086096917,0.6089429446703847,0.8575360288119107,0.8714736866604262,0.9562880686171872,0.9270730230791457,0.8430302626854411,0.1874942110935155,0.964040252388596,0.9425174783713439,0.867722058379199,0.9230659630317126,0.9291179679746997,0.9577431256853026,0.6897282138964369,0.9562880686171873,0.8508524342038151,0.9291179679746995,0.9134191021410447,0.694205975110366,0.9209050008316386,0.9495194495442565,0.918186094706007,0.7009387087232484,0.9623824451410659,0.8868937905864736,0.8814755319253362,0.9521375655065456,0.9657671730030437,0.9333065093925881,0.9410406098239263,0.8390340081240992,0.9607848936032957,0.9548710823073729,0.6859914648058021,0.938768815466609,0.9270730230791457,0.9322459088752486,0.9675743567407267,0.9270730230791457,0.9675743567407267,0.9675743567407267,0.5951579902345703,0.9311946072310937,0.910601968746465,0.9562880686171875,0.9657671730030437,0.3538106028060497,0.9469990271543747,0.7394182000815221,0.9508152934266849,0.9548710823073732,0.938768815466609,0.9087387818848158,0.9577431256853028,0.8330375920813433,0.9291179679746995,0.8479439783560871,0.828753063687315,0.9562880686171873,0.9068859994145182,0.9562880686171875,0.8190873193696528,0.9657671730030437,0.9421983319196945,0.9433718940682518,0.6965454902321737,0.9562880686171873,0.8318841922523381,0.7748548864613388,0.9433718940682518,0.8329186262686781,0.8508524342038151,0.8390340081240992,0.12394457825310956,0.8469680690265144,0.7520666751277898,0.86560416687451,0.8115800187854456,0.9445623805946022,0.7557736194544704,0.9675743567407267,0.9445623805946022,0.9562880686171875,0.5701988087040618,0.939897739160851,0.8612981558461015,0.9162673470024438,0.7691999689649295,0.9562880686171873,0.9548710823073729,0.8640960613563906,0.9167714410425667,0.6217281579861216,0.8077975275903293,0.7869463693578993,0.9562880686171873,0.8179859988662408,0.6801782751534187,0.9333065093925881,0.9562880686171873,0.8622329273186462,0.9508152934266847,0.04407004266351722,0.944562380594602,0.9548710823073729,0.9025277748860165,0.9410406098239262,0.6175693860257453,0.9387688154666092,0.9210985398310312,0.944562380594602,0.7663012266098052,0.9562880686171873,0.9376530086096915,0.9562880686171873,0.964040252388596,0.8903991455657347,0.9004665216997625,0.9675743567407267,0.936549554387319,0.8624031815176509,0.918186094706007,0.48852444465125455,0.9562880686171873,0.855640129622627,0.8459888203478394,0.7073163161574052,0.9354577472990953,0.9270730230791457,0.9607848936032957,0.9354577472990953,0.9343769343025807,0.9280917395652364,0.9078111670939808,0.7869463693578995,0.9280917395652364,0.9858673317522391,0.9607848936032957,0.6185666173362778,0.9280917395652364,0.9675743567407267,0.9410406098239261,0.9577431256853026,0.6585711958095638,0.9548710823073732,0.9343769343025805,0.9433718940682516,0.9068859994145184,0.4841750412915172,0.9445623805946022,0.9260614370793872,0.939897739160851,0.9548710823073732,0.9469990271543747,0.8380252083428268,0.488524444651255,0.9593880781275534,0.8565893759313057,0.9240582376582436,0.9674041840082099,0.939897739160851,0.9577431256853026,0.1573927922435595,0.9153141563577833,0.9506935918794348,0.4521174331857052,0.9931284229919284,0.9143648077845039,0.12394457825310967,0.08646812957157735,0.8914053182874362,0.9365495543873186,0.8850890368124651,0.9291179679746995,0.4711120959231432,0.8733022546836291,0.9457709851868581,0.9343769343025807,0.21477889927437255,0.8934360035877267,0.8950201541957776,0.546127797124531,0.9143648077845039,0.8705572812086977,0.9623824451410659,0.9808531012828585,0.8932116722416494,0.9410406098239263,0.9521375655065456,0.4618278610403571,0.9568407342490963,0.8896003271096578,0.8257167010649322,0.33800529464407636,0.9005073409360098,0.9548710823073732,0.8995559887924942,0.8469680690265149,0.9592404230051594,0.1874942110935155,0.9022918659842718,0.9376530086096915,0.9592404230051594,0.955587210232753,0.8823796135894804,0.8498860850829326,0.9534886050081053,0.2624929266331496,0.855640129622627,0.9433718940682516,0.9162673470024438,0.9592404230051594,0.8787593440855817,0.3957853697218289,0.08646812957157735,0.9078111670939808,0.9421983319196943,0.9577431256853026,0.9657671730030437,0.9013784409842849,0.964040252388596,0.8440199953549761,0.08646812957157735
p230_H,0.7737661165130454,0.7717728673098907,0.6540065038093783,0.9865413873777831,0.9027019168030597,0.6637954941672967,0.9971403962517666,0.9598185393632293,0.8157507865486253,0.9238013891436974,0.6819061501814736,0.8995478568587885,0.8995478568587885,0.3654875903743875,0.9774598049639714,0.8010280162855912,0.856693097191417,0.8328887736004498,0.8021325739678646,0.6881718386495925,0.909224298289043,0.758823041607221,0.9034646307981719,0.9458556185436358,0.7365316078009594,0.8687627046182598,0.6425414726783661,0.8654110063376459,0.6396684921237523,0.8492543854023227,0.8563358498618108,0.9554518077232719,0.9253641867456628,0.8445260765476381,0.9027019168030597,0.9410875626877444,0.5751655771252308,0.5868186642831094,0.9278239868212359,0.5171279249833607,0.8741930427428961,0.8713396701567191,0.9278239868212361,0.8331840572920646,0.9280769720291007,0.7735437615806577,0.5957189144811472,0.8093852229086018,0.8107723431911639,0.7927381955186614,0.9127113681766139,0.5868786708269791,0.8687627046182598,0.887635694816231,0.890520104676289,0.892624738559076,0.8926247385590762,0.9027019168030597,0.9303058055920531,0.6275817786475884,0.820041213470607,0.7284559023625539,0.8687627046182604,0.8072801833126309,0.9162673470024436,0.8349565501739704,0.9981922472699298,0.7972522674712283,0.79322502285611,0.9874058922610381,0.4574908340111882,0.8955832386010318,0.9027019168030597,0.6680134735212271,0.9027019168030597,0.9282115292341194,0.9146756363968283,0.9485451227422387,0.9009207691988455,0.8169381887965974,0.9181353909773777,0.8483134108505916,0.747917851000456,0.8985975567963898,0.9027019168030597,0.3337316919904346,0.9799759007960185,0.6928901283984086,0.966078606942817,0.8995478568587887,0.9027019168030597,0.48377410360262085,0.7871031550188036,0.758523538120353,0.9430481070778811,0.8318544149375382,0.454565449731158,0.9661003603569039,0.6720239707316682,0.6868056334918409,0.991700040816202,0.7607214290393963,0.5166670939267379,0.8116032860905478,0.9015755417987579,0.5705409261013937,0.23467061276345458,0.6117558835756203,0.8792920141466947,0.6722953469228674,0.4910003486892971,0.7950048733195019,0.8824651870681306,0.6934298549617699,0.5544682858415849,0.9006474003869409,0.8058320110972776,0.9199574485923747,0.9700808834258969,0.7649351895537815,0.9072664504535046,0.6235983971106213,0.44839932426169726,0.7834154100189422,0.9820630344910946,0.5315057212023016,0.5751655771252308,0.9015191415563053,0.7619375114470164,0.8376723506997306,0.7562707214632036,0.9092735418441047,0.8308459945434374,0.9278239868212361,0.8934633408766897,0.7624922713563843,0.7683411647806695,0.7881055549967804,0.6171437968101473,0.8964706102804101,0.8541988282841948,0.5911651455979094,0.663704569320003,0.8208890702631046,0.5505158891767279,0.8287530636873146,0.8590365055651024,0.6974923708327121,0.8662187967802519,0.7535470985159386,0.9306885712787862,0.8200412134706068,0.4892061624050209,0.812624531959105,0.9590673131834123,0.8955832386010325,0.8973692443763508,0.8153757498953661,0.9619078786250495,0.6441474537750422,0.8318465224922893,0.9669745722372083,0.75573517912019,0.6211563493419043,0.8670676733891094,0.6761091627645239,0.7713536258609024,0.6797212277220057,0.9149541032668205,0.846033921494949,0.8244670644666011,0.6867120377371951,0.9215435437152564,0.949190673435558,0.9928025853448612,0.7775304576437136,0.7558142443945715,0.8099489948192078,0.9785871744260106,0.7215855829427581,0.8554161564680638,0.8074887321250053,0.9917000408162021,0.8995478568587885,0.7486024337275978,0.44343656140032595,0.7465238189296217,0.8341377178323206,0.887635694816231,0.8726019099592823,0.9330819649782569,0.8387472004447059,0.5040606472080174,0.6305972221379477,0.8901742884406567,0.9027019168030597,0.9059407181827082,0.6641931333454351,0.8093852229086014,0.774490075986824,0.8352962955703505,0.8995478568587885,0.9027019168030597,0.8511213188019419,0.6139524740475122,0.9238013891436974,0.9027019168030597,0.854453131539465,0.8880761517488764,0.8444999298453832,0.7995034775956036,0.8410748755049141,0.8995478568587885,0.9027019168030597,0.7240685166893052,0.9027019168030598,0.8757080024056774,0.817430468721009,0.7570540131864592,0.9027019168030597,0.8939350480652053,0.9027019168030597,0.7963442203303529,0.8929365162866227,0.39592704388251676,0.9232997959536475,0.9257239435976461,0.5783175745016851,0.8964706102804101,0.4950165544211136,0.8820255041972338,0.9929372532759263,0.7521127714784415,0.9992131886464962,0.8308459945434379,0.8295844697893859,0.7906839898526727,0.9582299421009098,0.889056978790511,0.8347029424808232,0.8376723506997306,0.8934633408766897,0.43865688713083206,0.9330819649782569,0.9027019168030597,0.813620071684588,0.9027019168030597,0.742028553183117,0.43147253408765873,0.9127113681766139,0.8612222667022578,0.5617111636938394,0.9059407181827079,0.8354206684781547,0.7045169096299295,0.4985736368219875,0.9514652625474735,0.7341634785193589,0.9092735418441047,0.5119081308863641,0.7735734468049229,0.7016215525533627,0.8995478568587887,0.9162673470024436,0.7070866228693913,0.9278239868212359,0.7155172599880968,0.9065540833712284,0.8713396701567193,0.7907172972604055,0.5354727338665746,0.9127113681766141,0.7098311697092301,0.8622278219912969,0.7574259931844911,0.5705409261013937,0.6722953469228674,0.9650344277352859,0.8739518939582047,0.5998786182759096,0.5705409261013937,0.7521124425759529,0.7454257708008434,0.9504850176985602,0.9380492094416575,0.8784646496539198,0.5132176572020222,0.896612988149593,0.6303872837390894,0.700804488043281,0.9505241704836671,0.925723943597646,0.5169970154735402,0.755814244394571,0.831342707848777,0.722043068525573,0.8907361337480943,0.9078694872909197,0.9410875626877446,0.9424631527248862,0.8695012268327248,0.6275817786475894,0.6598842363568069,0.6546492041410048,0.84947162121353,0.9669745722372084,0.9869589941158469,0.8399399046211,0.7272614712331406,0.8265572878591665,0.7784491248459176,0.694604219019086,0.6981060717416638,0.6849919772018704,0.5261926260752223,0.9238013891436971,0.8617436143407862,0.7851785317012702,0.8169089980396524,0.8628742512243035,0.8134330692565358,0.9092735418441047,0.9027019168030597,0.9127113681766135,0.7072649572649583,0.8328887736004501,0.5705409261013937,0.9162673470024436,0.9123884588666586,0.9027019168030597,0.768546305971987,0.9199574485923749,0.8169381887965972,0.7352258907780788,0.8255007082136072,0.8483134108505916,0.9554518077232719,0.6807832921002548,0.672607843413406,0.7685463059719868,0.8905201046762894,0.5995746279989238,0.9092735418441049,0.8445260765476383,0.6180493658832384,0.8876356948162307,0.8287530636873146,0.9278239868212361,0.5842151440144727,0.6866917190347637,0.5747554742981889,0.6068495352595247,0.8995478568587885,0.8308183474047369,0.9523833037413569,0.6303872837390894,0.632670036248046,0.4631834177200266,0.9027019168030597,0.7200150757054349,0.8422241792803133,0.8896722072656167,0.642748240263906,0.9238013891436971,0.703679809804524,0.9027019168030597,0.9027019168030597,0.8662187967802517,0.8157507865486255,0.5864356573485507,0.9027019168030598,0.8336818782271087,0.9027019168030599,0.9865413873777829,0.9330355895933143,0.7471104587709965,0.7876282222528324,0.7905615056723612,0.7914731738068148,0.6279782135198089,0.6776461040289654,0.9027019168030597,0.9458909258415324,0.7525224679141631,0.5721778571759233,0.6437509493517057,0.5444402928115972,0.7517503572819544,0.9092735418441047,0.6093777201835635,0.9027019168030597,0.5199413965833696,0.9223933301348367,0.970256403368881,0.9110934073297372,0.9059407181827079,0.7178973060732832,0.5868186642831104,0.9027019168030597,0.8010095457376829,0.6928901283984088,0.9027019168030597,0.9086236786089272,0.8759996464896671,0.9668565212221445,0.4732478161351361,0.6211563493419046,0.9027019168030597,0.7766167924667318,0.888731955948632,0.994900896131559,0.7235436473946446,0.7949984459259416,0.8457801448839237,0.8243737901066759,0.7185367115772391,0.5132176572020226,0.8716160182705619,0.7825121459579749,0.8406264652017017,0.736117078791108,0.852190602892757,0.6900268686519331,0.9080208724124175,0.5316629177168315,0.6837145127098049,0.9027019168030597,0.9199574485923749,0.7357146976099338,0.7937518047188017,0.9514652625474735,0.7113388711244844,0.8964706102804103,0.9681464377888591,0.9343996803735809,0.8964706102804103,0.8485555080319507,0.594084559162765,0.9761277300342177,0.8530459415877379,0.8163065911140903,0.9199574485923749,0.7057340580846638,0.9238013891436974,0.921694838603619,0.777788299605231,0.9963095560522377,0.8567734382060053,0.9238013891436974,0.8986132254465334,0.8654110063376459,0.7816808039644461,0.8713396701567191,0.8820255041972338,0.88978494623656,0.8019720576789592,0.8445260765476377,0.851888756266141,0.9198472164955832,0.6322975368129882,0.8741930427428959,0.8848055194072819,0.8563358498618108,0.655996255834524,0.5809570404538578,0.579328207264219,0.8923850346102593,0.8130805840203703,0.638297334113548,0.8515474244094854,0.8739518939582047,0.8766017896141824,0.4665681778535429,0.8848055194072819,0.9871631608649953,0.8739518939582047,0.8095010419562513,0.5619830632158711,0.5132176572020224,0.9705937692240703,0.8796644295305566,0.7457537563550609,0.8741930427428959,0.9199574485923749,0.8036716641773033,0.8565753455961951,0.7284056255335671,0.9927665149203766,0.5354656604218404,0.7853092223537343,0.9554518077232721,0.9199574485923747,0.5340124360902335,0.6480362887173217,0.8331840572920644,0.6114865640273738,0.8995478568587885,0.6786382195964644,0.8929365162866225,0.8934633408766899,0.5698420570195026,0.9027019168030597,0.5951579902345695,0.9027019168030597,0.9027019168030597,0.6528051955403154,0.8766017896141824,0.7648220864376963,0.9027019168030597,0.6349431862831874,0.6891788627584128,0.8628742512243035,0.7199017280172171,0.9458909258415326,0.7842726282263479,0.79331017721801,0.813620071684588,0.6933452337724906,0.8905201046762892,0.8238373352162471,0.9162673470024438,0.8422241792803136,0.6577875283374168,0.724068516689305,0.6725696438284048,0.9253641867456623,0.8964706102804105,0.6479838007812486,0.6839897471005689,0.52198745320607,0.5132176572020226,0.8311077046284192,0.8820255041972331,0.8556695017783703,0.9708590380088877,0.7277635600800749,0.3256658813798071,0.820041213470607,0.8766017896141822,0.8995428034409865,0.9092735418441047,0.8820255041972338,0.6549953778470868,0.6906601850287643,0.7444445598003693,0.9373620981666264,0.9127113681766139,0.7995034775956034,0.8934633408766901,0.8081774477988124,0.6437654410272551,0.9123884588666585,0.588783055261614,0.9430481070778807,0.7148430590437305,0.5156405659377847,0.7057340580846636,0.8136200716845878,0.5049939851796001,0.7261729094076249,0.8222019591825744,0.8957539987317735,0.9027019168030597,0.5316629177168315,0.9163532097707388,0.9027019168030597,0.938709288897849,0.8820255041972329,0.8964706102804105,0.41078980526773257,0.6486914571277629,0.8092073824034667,0.6257921960550905,0.9238013891436976,0.5453144490430097,0.9181353909773777,0.7442204884852659,0.8964706102804103,0.7261949925606038,0.761804687343383,0.6582896388088142,0.9973895362654066,0.9453002519717625,0.7903821884994144,0.5705454797154534,0.7569145896245693,0.7127351748357411,0.6938529778897939,0.6893892376867163,0.8563358498618108,0.736675185175431,0.8792920141466944,0.9059407181827079,0.6068711835177136,0.8820650675489388,0.7947975198038117,0.8995478568587887,0.5228640608953581,0.5290742034604365,0.9278239868212361,0.8679761367889836,0.9505241704836671,0.8230078934234281,0.6506380610479789,0.901671984386154,0.8567770643879913,0.5063009945425999,0.8792920141466944,0.8051828270994664,0.8848055194072812,0.8995478568587885,0.5744033572634895,0.7658906239201642,0.9027019168030597,0.8705695323486153,0.9308232150715123,0.8152444128470531,0.3627097340321226,0.9027019168030598,0.7764223759981215,0.7197882996057121,0.8200412134706068,0.8515474244094852,0.8852958328023309,0.4199369535250871,0.7925008201091583,0.8281597679889634,0.853818491848904,0.8200412134706068,0.7139141755418523,0.7017438536728556,0.5951579902345695,0.0,0.8637059334028958,0.9092735418441047,0.8851067435299687,0.6637954941672968,0.8897181908471412,0.4811363598562043,0.6637954941672966,0.887635694816231,0.7025119892543971,0.6715020243987917,0.7328240664058849,0.9149733681473884,0.9199574485923749,0.9027019168030597,0.9473257685964238,0.5729906825942455,0.6379027767414547,0.8995478568587885,0.9127113681766141,0.8934633408766899,0.8995478568587885,0.8995478568587887,0.8445260765476378,0.9027019168030597,0.8934633408766897,0.8693583305852733,0.9027019168030597,0.5088598945057858,0.8286368927914733,0.9199574485923747,0.5132176572020226,0.9606832254354423,0.9059407181827082,0.8995478568587885,0.5562393770077069,0.7465238189296217,0.8766017896141824,0.6954211266162031,0.9027019168030597,0.7769688838944868,0.719470800399834,0.9048113045350052,0.6045862281410699,0.5096263272045628,0.709495914821278,0.6549953778470864,0.8792920141466947,0.8095010419562504,0.7365316078009582,0.6715020243987909,0.8628742512243035,0.5374895868812344,0.9948930575999828,0.9753499326234811,0.9152152511721428,0.8947692331144514,0.9575945522950661,0.5544682858415849,0.6119215839850415,0.7504899141924717,0.9027019168030597,0.787628222252832,0.9222126848684333,0.9238013891436974,0.7505390600355126,0.6425414726783665,0.9152152511721424,0.6637045693200032,0.8964706102804103,0.5997463652990309,0.5874229539541718,0.9027019168030597,0.9027019168030597,0.8354206684781547,0.6313899948913828,0.4106699751861046,0.7339041165472424,0.7036798098045238,0.7441957149063407,0.48014260437696,0.6833620812650101,0.9016719843861534,0.7092824250626812,0.9027019168030597,0.8093852229086014,0.5316629177168315,0.9278239868212359,0.665992919364143,0.5705409261013937,0.6765515156534136,0.9027019168030597,0.9027019168030597,0.5835809162145369,0.6327932917807781,0.7153085645466946,0.6935227772080309,0.723319234845702,0.9634101886499156,0.861222266702258,0.7243298006755152,0.7002915118145552,0.673060335415498,0.9027019168030598,0.6834915393333867,0.65060215649407,0.6549953778470863,0.9199574485923749,0.8444999298453832,0.8008856117902383,0.904789630708204,0.6427482402639048,0.9059407181827079,0.9004454476737036,0.9027019168030597,0.6680134735212273,0.7972565144006392,0.8295844697893859,0.6619428035679525,0.8617034126676781,0.8876356948162312,0.8178909988156795,0.40706489344840247,0.9162673470024436,0.7482376773236081,0.7361772131593285,0.8934633408766894,0.8336818782271085,0.8515474244094854,0.8687627046182602,0.6417069213377851,0.9127113681766137,0.8995478568587885,0.9784503296680915,0.892624738559076,0.6834915393333867,0.9291853939851253,0.9278239868212363,0.6078858377596683,0.9278239868212361,0.9278239868212361,0.7300799558864088,0.873194679779312,0.8010095457376827,0.9027019168030597,0.9791919178046251,0.7588230416072208,0.8820255041972331,0.45464035974032746,0.9253641867456628,0.8995478568587885,0.8637059334028956,0.8184131185480146,0.9059407181827082,0.8954682796854874,0.8679755583031026,0.6615395619347428,0.635556021651837,0.9027019168030597,0.46249505357677634,0.9027019168030599,0.6139524740475124,0.9238013891436974,0.9769987586961085,0.8739518939582045,0.6538696016643478,0.9027019168030597,0.6257921960550905,0.4988510620447494,0.8739518939582047,0.6280947355174198,0.6680134735212271,0.6417069213377852,0.5744033572634895,0.7105859897539457,0.9527995052627674,0.6616737433034905,0.6085079902788,0.5578547200175851,0.4504756667359834,0.8169381887965972,0.7463692168069961,0.6715020243987916,0.884795614102088,0.8955832386010318,0.6912645324713007,0.8364350703060381,0.5031201524467774,0.9027019168030599,0.8995478568587885,0.6974923708327121,0.9311251954067487,0.47830984023469914,0.5721778571759233,0.5257654094923787,0.9027019168030597,0.5948563043296695,0.9434856120630544,0.4194851755617074,0.9027019168030597,0.6933452337724906,0.8307272387687246,0.5705409261013937,0.8766017896141824,0.8995478568587885,0.8482859658440163,0.8687627046182604,0.5592173977694874,0.9049436253476606,0.8481595002027027,0.8092073824034667,0.5135992821010094,0.9027019168030597,0.8897181908471414,0.9027019168030597,0.9199574485923747,0.6766383019746667,0.7784491248459173,0.9278239868212359,0.8587660956447001,0.7089865546760995,0.8178909988156795,0.8244670644666009,0.9027019168030597,0.7133379421181637,0.6912834150580265,0.5468492053184812,0.939470174504714,0.837672350699731,0.9127113681766141,0.8563358498618108,0.8539300757509798,0.8654110063376463,0.7947975198038115,0.5757988719205627,0.8654110063376463,0.8785462170031448,0.5316629177168334,0.8907361337480942,0.8654110063376463,0.9278239868212359,0.8687627046182604,0.9059407181827082,0.6235983971106209,0.5362610903175526,0.8539300757509798,0.6940163579665882,0.9731922541970479,0.8599048430053959,0.9080208724124175,0.8354206684781547,0.8662187967802517,0.8995478568587885,0.9146756363968285,0.7575847216730904,0.2034948348124298,0.9020557574993335,0.6807832921002548,0.8554161564680642,0.9908737607788658,0.6345856922664819,0.9059407181827079,0.6369695431207094,0.8567770643879915,0.9014261245900664,0.8253225677040198,0.7968266435591366,0.8992619910243467,0.6171437968101474,0.550742111801571,0.8946151949764849,0.8868600994557607,0.8014162647631586,0.9452296953714696,0.7834154100189422,0.8267806109897204,0.7045169096299291,0.908623678608927,0.6715020243987908,0.8443358134528571,0.7576981337762394,0.4506861421473468,0.8318544149375382,0.8197585049051825,0.9162673470024436,0.9731697328455184,0.8802004552898295,0.8687627046182598,0.9648472157143733,0.579353828134094,0.8358512330592897,0.8701299903601543,0.7562603250241402,0.3819373060506095,0.8081239962321944,0.6490993008822845,0.9797306000218076,0.8284457319411194,0.9092735418441045,0.6549953778470863,0.803174740587111,0.8612222667022578,0.8432226863185213,0.8273272241564984,0.7756395770190927,0.9053242490410109,0.8472499068346662,0.7008044880432813,0.713337942118164,0.9408916425809927,0.8441549489936592,0.843222686318521,0.7301312695908244,0.4162816627753838,0.5951579902345695,0.8162105150575754,0.7040079306311975,0.7747400789298695,0.9238013891436974,0.965420469600959,0.9199574485923747,0.8711886731383298,0.5951579902345695
p230_Q,0.8646036150933579,0.9610024953181504,0.8484356419795889,0.8690055601783252,0.9288488221297497,0.9472198404849024,0.8267418580830391,0.8837588238170999,0.8652640614492118,0.4409249591066057,0.9157617220296759,0.9265423524364669,0.9265423524364669,0.925662981663943,0.7260758653457876,0.926109367091948,0.9673337013468153,0.9040300914457235,0.9998226281102464,0.9442782351269043,0.9731841775797108,0.7551897845821203,0.9495873612601233,0.5628474791152085,0.8042119268079011,0.9040300914457235,0.8969439783075258,0.8829528399528481,0.9442782351269043,0.7043896368909348,0.8949427042733138,0.9361684345174046,0.9199406273027304,0.8165945463022465,0.9288488221297497,0.7649822460765641,0.9312172606999456,0.9199406273027306,0.47043906619852205,0.9393902601956408,0.7451298011037565,0.9443618136993994,0.9472198404849022,0.8780124908814335,0.9220929278982624,0.8736361361040903,0.9336544549523982,0.8890895984248461,0.4278620480063471,0.8484356419795889,0.5762566076039998,0.8348846396992173,0.9040300914457235,0.9178313446502835,0.9199406273027306,0.9003322259136215,0.07331118493909194,0.9288488221297497,0.6760873335642728,0.9242920540600268,0.8684015223223851,0.8417844970541459,0.7178027688939725,0.8582156400242074,0.3856471151816414,0.7540772107829419,0.7387815935635317,0.9234915831261147,0.8459614563080375,0.882402437093405,0.9412832902906616,0.9021698077369342,0.9288488221297497,0.9749991083317993,0.9288488221297497,0.8409576378165506,0.9137287800621365,0.7885108687926855,0.7741671495920408,0.9472198404849024,0.6617705505736987,0.9078247903914518,0.9323299983666007,0.9040300914457235,0.9288488221297497,0.949904800799596,0.9207305022599918,0.7263530262458722,0.8480678643045041,0.9265423524364669,0.9288488221297497,0.6121256214101307,0.5786220273301376,0.7967384102359392,0.8967198703210439,0.8606091151654388,0.7015764494269225,0.8424470967591313,0.9634932129957607,0.7461068247589626,0.5864894795127361,0.8571991125642087,0.9288488221297497,0.7787562737913207,0.9894686132337763,0.941467276381333,0.959640125090411,0.9277432929243943,0.9117298605520907,0.978874656923622,0.6756819096766079,0.6711655419269309,0.7297132764213237,0.5792437581950466,0.9336544549523982,0.6964629435314076,0.9178313446502835,0.5301418640428824,0.9472198404849022,0.8011767661222198,0.8780124908814335,0.40517647055169004,0.9117298605520907,0.7538051251657457,0.9418468054117539,0.6785213219972437,0.9312172606999456,0.8056017035197615,0.9265423524364667,0.881294645597023,0.821768069014696,0.933654454952398,0.9361684345174046,0.9472198404849024,0.2635731500277857,0.9460319017180564,0.9168235843456626,0.9903434298372484,0.9361684345174044,0.924292054060027,0.8696643873833039,0.9442782351269041,0.7540772107829419,0.6901456239521739,0.5254315581168992,0.9054762298636501,0.9042249983725685,0.9972940087996508,0.9021698077369342,0.8725208594320993,0.7483233619898517,0.8684015223223851,0.7611564165539599,0.8590536933702337,0.9554815748429077,0.902169807736934,0.5971091487841413,0.9112643219372452,0.9909337428908811,0.6916895636488318,0.695155188192337,0.933654454952398,0.9469401678022589,0.9352297684985353,0.856007614722273,0.5359080104130425,0.9586992630188504,0.8873412224047774,0.8967198703210437,0.9911416000294788,0.9598848913568985,0.9265423524364669,0.9003322259136215,0.8181573913365319,0.8413577553147258,0.7183918393473308,0.941467276381333,0.9374008478930761,0.5442447415803989,0.8409576378165506,0.8446414267287854,0.8439394117608212,0.9897009966777409,0.9265423524364669,0.8026530697414007,0.8128745779326901,0.8711879261366295,0.8795801622208903,0.9178313446502834,0.927846456636525,0.65805244417112,0.8944128167827483,0.7941864781330643,0.9991076460160249,0.8352780959681558,0.9288488221297497,0.5628474791152083,0.924292054060027,0.8830665354998961,0.9022489556912219,0.8754075788101028,0.9265423524364669,0.9288488221297497,0.9126225864946287,0.9991076460160248,0.502404639683255,0.9288488221297497,0.9912878046883848,0.881294645597023,0.8671481959671583,0.8229620026521648,0.6042161882162589,0.3106503897273134,0.9288488221297497,0.9698730592895872,0.9288488221297497,0.9214216437174787,0.8187128583865138,0.8138456888436655,0.9288488221297497,0.8172798429420176,0.9288488221297497,0.8921832178865924,0.9297539537367778,0.9475238565788602,0.974566237928235,0.5434794638391192,0.8899845233005252,0.9242920540600268,0.9495873612601231,0.7138046051626521,0.5982217906005867,0.7090806168500567,0.9193175573455776,0.9361684345174044,0.8590697626746646,0.9118045190541602,0.8637059334028958,0.9674964557209342,0.881294645597023,0.8812946455970228,0.6254993376162092,0.6395962739948059,0.924292054060027,0.9288488221297497,0.8637059334028958,0.9288488221297497,0.861428364548761,0.9132389320257919,0.9361684345174044,0.8985159947466637,0.8899845233005254,0.5628474791152084,0.8796480577405048,0.9117298605520907,0.742932679707194,0.873004414272011,0.8056017035197613,0.5434794638391205,0.6901456239521739,0.8202992520772754,0.9932026406994406,0.9265423524364669,0.938768815466609,0.8463131291193493,0.47043906619852205,0.7885796267509584,0.9646856815994838,0.9059145492620324,0.8188306891964299,0.6793787286165802,0.9361684345174044,0.9848924941944381,0.9277432929243944,0.9320829311473764,0.941467276381333,0.760359389477336,0.8796480577405048,0.4272137936248285,0.9195467174521137,0.941467276381333,0.7922833118206054,0.9540136477860037,0.9486338396414329,0.8575360288119112,0.4925645535558174,0.933654454952398,0.8863065703015556,0.9427249561940425,0.9242920540600268,0.933654454952398,0.933654454952398,0.8585897729271927,0.8824024370934049,0.9084352783071552,0.7967384102359392,0.8394708294649358,0.8493025443065989,0.882402437093405,0.5314398474002895,0.7628461201347063,0.9828956122135617,0.9361684345174044,0.9352297684985353,0.8337072336310454,0.9094857206850571,0.9861688348869461,0.8829528399528481,0.8723788060467207,0.8226169622796946,0.902948418015671,0.7809503033135783,0.9108102417448197,0.9906522225387779,0.6620277008691178,0.8098030425665005,0.8652640614492118,0.9442782351269046,0.7505725722142025,0.7992624901152919,0.9443035643220181,0.9336544549523977,0.9288488221297497,0.9361684345174046,0.8760248201914795,0.4909024850977898,0.941467276381333,0.938768815466609,0.8827558331044781,0.9288488221297497,0.9117298605520907,0.941467276381333,0.9472198404849022,0.8747722377977694,0.8790625472010725,0.4272137936248286,0.9361684345174044,0.9866989384555493,0.8026100756300922,0.9117298605520907,0.9199406273027306,0.7759207051606751,0.595766071959968,0.8863065703015558,0.8144749499283563,0.9178313446502833,0.8747722377977694,0.9880755935910336,0.8822759843884915,0.71756158517018,0.8995234374652197,0.8969439783075258,0.9265423524364669,0.88971470176333,0.639596273994806,0.9427249561940425,0.7527044949653576,0.8229257854729173,0.9288488221297497,0.7952553997477141,0.7889690427384551,0.4774504132488121,0.9172640312418525,0.9442782351269043,0.9911416000294788,0.9288488221297497,0.9288488221297497,0.7256256676759998,0.8432483852154222,0.7290900563116723,0.9288488221297497,0.9442782351269046,0.28611651536848914,0.5610083729417277,0.856007614722273,0.9165011629280249,0.9288488221297497,0.4482191291986204,0.9551139594816043,0.7955552154844517,0.8421792166358752,0.9288488221297497,0.8590536933702335,0.5359080104130425,0.8976231314895857,0.9014204200154656,0.927846456636525,0.7213490475816131,0.933654454952398,0.9258714874259681,0.9288488221297497,0.8606021049337869,0.9418468054117539,0.8026530697414005,0.8221658856489193,0.9312172606999456,0.8417844970541459,0.9917271981546155,0.9288488221297497,0.8544842329828619,0.7688775090217482,0.9288488221297497,0.8931834336273661,0.9662786362119307,0.8181573913365318,0.829449319056339,0.9352297684985353,0.9288488221297497,0.711956827258093,0.8214102979747857,0.938768815466609,0.7951913454551172,0.8723788060467206,0.8699816110295118,0.8715698060206927,0.7026126048776196,0.9336544549523982,0.8575360288119107,0.8409576378165506,0.9707630758620763,0.9993750618397792,0.6830204541364197,0.8188306891964301,0.909762579821223,0.9361684345174044,0.7178027688939721,0.9288488221297497,0.941467276381333,0.9769390375455413,0.7266696117783169,0.9157617220296757,0.9346355708099476,0.924292054060027,0.802537574322768,0.9675956872630854,0.924292054060027,0.999744732490999,0.9288488221297497,0.9610024953181504,0.9063693009102087,0.6683558532142033,0.941467276381333,0.9890698219039585,0.9442782351269046,0.9610024953181504,0.9097625798212232,0.954567996744037,0.9551139594816043,0.5024046396832561,0.9201526906279933,0.8829528399528481,0.9023795156406169,0.9059145492620326,0.9137287800621365,0.8637059334028958,0.933654454952398,0.8863065703015556,0.3776008246122903,0.8276488897108552,0.9078247903914518,0.8873412224047774,0.9157617220296759,0.8949427042733138,0.7561561426129253,0.9339955344634718,0.9274662686793818,0.9220929278982624,0.9325749399228589,0.6973493918323204,0.7663398310994596,0.9078247903914518,0.9097625798212232,0.8251129068860497,0.9157617220296759,0.7922833118206056,0.9078247903914518,0.7673182036865231,0.866593286689338,0.933654454952398,0.833257655939501,0.9461275914808273,0.9195321209694297,0.8590697626746644,0.941467276381333,0.8572536274440054,0.8548730528847577,0.938768815466609,0.9798093648918664,0.9220929278982624,0.9220929278982626,0.9361684345174046,0.4714317685344618,0.9651931383855019,0.8095161731921927,0.8402814706191792,0.9781067403340057,0.8827558331044781,0.7524940056416105,0.8311566754341572,0.9220929278982624,0.910445429738922,0.9288488221297497,0.9387688154666092,0.9288488221297497,0.9288488221297497,0.7461068247589624,0.7318143872286755,0.5855176369940919,0.9288488221297497,0.9464800105051056,0.9946361250640621,0.8812946455970231,0.7235690204623073,0.8590536933702335,0.8770057699699192,0.4643145658794481,0.8760248201914795,0.7757525420881082,0.6383984999839996,0.8971367806773709,0.938768815466609,0.8846232616841085,0.9837202531589216,0.7982195598930495,0.5781790398852754,0.9199406273027304,0.5652401104447087,0.6696518434475278,0.938768815466609,0.6195682619764598,0.9336544549523982,0.5697812196464163,0.7138046051626514,0.9059145492620324,0.909762579821223,0.7878082139127862,0.8931834336273661,0.8684015223223851,0.909762579821223,0.8880034676011164,0.933654454952398,0.9137287800621368,0.9312172606999456,0.9938868854725336,0.7996989708450457,0.8676064557793456,0.9361684345174044,0.7583034248196892,0.6707401110647635,0.6909053169517181,0.7015764494269229,0.9304312867192419,0.897623131489586,0.8967198703210437,0.9472198404849024,0.8463375798369615,0.7848121187341826,0.847106015035299,0.9141894691335394,0.8379601434210561,0.831156675434157,0.8606614009038351,0.9288488221297497,0.9361684345174044,0.9152383482658542,0.9288488221297497,0.77014003624974,0.9137287800621363,0.924292054060027,0.8967198703210437,0.8198542912438119,0.9495873612601233,0.9389754401252532,0.9442782351269043,0.8665932866893381,0.9157617220296759,0.8129560940834355,0.9242920540600268,0.9199406273027306,0.9677680856796698,0.863151062972829,0.5054445484464426,0.9493036085478921,0.8320697414471745,0.9020779364204593,0.9541083774946107,0.8863065703015556,0.9827738564631818,0.8644196496342953,0.894942704273314,0.9442782351269046,0.43899422484217565,0.9312172606999456,0.8631947293087254,0.8637059334028956,0.8499415642309929,0.9265423524364669,0.9260631990964181,0.8429420123219552,0.7292573298947762,0.9420817435948237,0.933654454952398,0.7236875036229686,0.9152383482658542,0.9059145492620324,0.8795801622208901,0.929431210446216,0.9523096052149489,0.8856048231352784,0.9157617220296757,0.9742178060512305,0.9361684345174044,0.9472198404849022,0.9288488221297497,0.7835835592582244,0.8059973806287362,0.7297132764213234,0.9784078757357106,0.9288488221297497,0.8365043712015712,0.8117870919858778,0.8684015223223851,0.49256455355581785,0.8652640614492118,0.9023795156406169,0.8335461879057977,0.6676450300393935,0.8985159947466637,0.5389577142586947,0.7907939939476729,0.8469334628212699,0.9387688154666092,0.8637059334028958,0.0,0.933654454952398,0.5117639122563755,0.9472198404849024,0.8985159947466637,0.924292054060027,0.9472198404849022,0.9178313446502835,0.9003322259136215,0.9730218450575302,0.8181573913365319,0.8379864720100321,0.941467276381333,0.9779134885361098,0.7138046051626519,0.6755939819250317,0.7229629702115576,0.9265423524364669,0.9361684345174044,0.9220929278982624,0.9265423524364669,0.9265423524364669,0.8863065703015555,0.9288488221297497,0.6254993376162093,0.8311566754341573,0.9288488221297497,0.896598322554513,0.7509631736377804,0.9414672763813328,0.9336544549523982,0.938768815466609,0.9312172606999456,0.9265423524364669,0.6510847597808491,0.8011767661222198,0.909762579821223,0.9783345019146317,0.9288488221297497,0.5621811332514612,0.933654454952398,0.9078247903914518,0.7108457362213885,0.646042741983269,0.941467276381333,0.9312172606999456,0.6824726928193272,0.9132389320257916,0.9117298605520907,0.9288488221297497,0.8312067765440607,0.8897147017633298,0.7889303422218401,0.7742309874643021,0.9152511870116737,0.941467276381333,0.4650825004650536,0.9336544549523982,0.959640125090411,0.8011772965543404,0.9288488221297497,0.9288488221297497,0.8862984638837297,0.502404639683255,0.7834335494615109,0.9220929278982624,0.9580084947693386,0.775783995644501,0.924292054060027,0.7284135812430305,0.9089792169807254,0.9288488221297497,0.9288488221297497,0.8796480577405048,0.819854291243812,0.9215435437152566,0.9621308931062637,0.9685867508737677,0.8509140625515299,0.775752542088108,0.9314862702261049,0.32514016199062756,0.9307131725951661,0.9288488221297497,0.8890895984248459,0.9361684345174044,0.47043906619852205,0.7979240854334778,0.941467276381333,0.7634717983598407,0.9288488221297497,0.9288488221297497,0.8938117215762231,0.92395717865117,0.9052052366465229,0.9137287800621365,0.73504039301257,0.8590697626746646,0.8985159947466639,0.8590697626746644,0.9892716291785044,0.7521288575155601,0.9288488221297497,0.5437081986851436,0.9596914506577512,0.9312172606999456,0.941467276381333,0.8933387541177662,0.987245504038328,0.7567798574116684,0.5278428862765077,0.9312172606999456,0.8026530697414005,0.9288488221297497,0.7572281835377364,0.4952021167187637,0.8582156400242074,0.6866088546841743,0.8114866580197322,0.9178313446502835,0.8668291346622676,0.7437210445821734,0.9387688154666087,0.8158937441191174,0.9800643430341562,0.9220929278982624,0.9442782351269043,0.925662981663943,0.9040300914457235,0.7379909888052494,0.5762566076039995,0.9742178060512308,0.8261775432373464,0.9003322259136213,0.9771275048833288,0.8897147017633298,0.9472198404849024,0.9132389320257919,0.9472198404849022,0.9472198404849024,0.5868367686296752,0.8880034676011164,0.8544842329828617,0.9288488221297497,0.994242084296447,0.6724194257431844,0.9137287800621363,0.7955552154844517,0.9199406273027309,0.9265423524364669,0.9369878183831672,0.8514514697165172,0.6134410051336938,0.7138230048393555,0.9172640312418523,0.8175134374929016,0.7848868336667587,0.9288488221297497,0.6121256214101308,0.9288488221297497,0.7055231852881501,0.4409249591066057,0.9059145492620324,0.907824790391452,0.7611564165539602,0.9288488221297497,0.7476152676338104,0.8463375798369615,0.7401368129112846,0.9408496123221775,0.9749991083317995,0.9521267485718234,0.9361684345174046,0.7725459839342219,0.828419606724832,0.974025264541478,0.8525034332144863,0.9707630758620763,0.7708032179176927,0.9880755935910335,0.9309382944231761,0.97302184505753,0.8575360288119112,0.9489483824282393,0.7742309874643019,0.8471060150352991,0.8379799739059677,0.9288488221297497,0.9265423524364669,0.7787852193714508,0.7465701329036012,0.8821656806165816,0.8976231314895857,0.8857433336801968,0.9288488221297497,0.9146234226949468,0.7404972158640577,0.925662981663943,0.9288488221297497,0.9986531684209496,0.9641067145740576,0.941467276381333,0.9097625798212232,0.9265423524364669,0.8300357306065542,0.9040300914457235,0.9117520352216038,0.9003322259136215,0.5857443104837649,0.9097625798212232,0.833737491661603,0.9288488221297497,0.9346355708099479,0.9288488221297497,0.5301418640428824,0.793168492983794,0.8379864720100321,0.47043906619852205,0.8967198703210437,0.7866430096976509,0.8962155056134602,0.5267864632487729,0.9288488221297497,0.9932958041441329,0.9653997696054999,0.8365017088013496,0.472803388716993,0.881294645597023,0.9903434298372484,0.8949427042733136,0.7601863362810474,0.8829528399528481,0.8499415642309931,0.8646036150933578,0.8829528399528481,0.8914410719709878,0.9361684345174046,0.8655174742919487,0.8829528399528481,0.47043906619852205,0.41526905716573004,0.9312172606999456,0.7698294981298707,0.9265423524364667,0.7948493592902061,0.8183675677328989,0.8754075788101028,0.9451832184545603,0.9097625798212232,0.8796480577405048,0.7628461201347064,0.9265423524364669,0.713804605162652,0.8432956299464525,0.8914410719709878,0.7360993619873208,0.7931684929837935,0.8763873919722713,0.9017190217704449,0.9489483824282394,0.6134410051336938,0.9859410630732464,0.9656686423610309,0.930017136844226,0.8985159947466637,0.9346355708099479,0.9460505649436606,0.9361684345174046,0.9387688154666092,0.8064560184668257,0.8967198703210442,0.8750865698084337,0.8846232616841088,0.824055559277934,0.861472041151043,0.9665309054593342,0.8931834336273665,0.9288488221297497,0.793323194357584,0.8189444835501715,0.8780124908814337,0.8890895984248461,0.868830374740203,0.7797378223034959,0.9816494815223562,0.8002170464481195,0.9040300914457235,0.48977701727055023,0.8967198703210439,0.91561268213489,0.8125344049448112,0.9799301329469465,0.9157617220296759,0.8943010628763017,0.9265423524364667,0.6480951227767149,0.8807484549284339,0.3866196394765741,0.98181078671843,0.923327338827979,0.898515994746663,0.9336544549523982,0.721432056337576,0.9541083774946109,0.8861038083845729,0.7972709447607388,0.9364894453503557,0.9627618428203824,0.9078247903914518,0.7314307944105776,0.9336544549523982,0.9632184932851355,0.907824790391452,0.9387688154666092,0.8499415642309929,0.9059145492620324,0.9675956872630854,0.5024046396832544,0.995750698427013,0.5301418640428824,0.9184937806662106,0.9387688154666092
p230_TKVED,0.9594602146304667,0.8699551875944518,0.8991086132420372,0.7793733011421322,0.9773757151292214,0.9648659912110238,0.9950177081678189,0.8884270436691302,0.9518893725088029,0.9629078616894176,0.8752885460677957,0.9511016704226434,0.9511016704226434,0.8770035649415358,0.9519687706310139,0.8931410336709438,0.793729120059452,0.9559982666090145,0.9610366993022688,0.9629078616894176,0.8951222364985463,0.998394872319517,0.9399319300513138,0.9736183137840242,0.9991256173192249,0.9361160018916062,0.9227946422906836,0.922085571782991,0.9629078616894173,0.8792774527759575,0.9801704643354421,0.957509435301382,0.9467071200650465,0.9714058757497572,0.9773757151292213,0.9610366993022685,0.9542136024350834,0.8642934878799219,0.9648659912110238,0.7996606229568315,0.9061873961293254,0.9373704232137268,0.9648659912110238,0.9187969445925779,0.5355980755969891,0.9547667551050747,0.9558359621451105,0.9072120922355342,0.9348776724743584,0.9760557307924651,0.957509435301382,0.9126847131751058,0.9900588676412958,0.945303040275778,0.9902930825832764,0.9617723288059055,0.933654454952398,0.9526370111116405,0.9685432309175783,0.9180060542094436,0.9123992402861407,0.936396648023593,0.9361160018916064,0.972830895242649,0.9592404230051592,0.9779235246182829,0.8879369722234247,0.8987613725012116,0.9354977161332689,0.6202343224201641,0.8323438780399159,0.9348776724743584,0.9773757151292214,0.8694583018704125,0.9526370111116405,0.8941307528793181,0.998394872319517,0.995812608116145,0.8970738465904811,0.6659480751651292,0.9439253608596803,0.9497673578995788,0.982045156274965,0.9361160018916064,0.9526370111116405,0.8440037465855229,0.76226275576846,0.8785004132365171,0.9400810957454315,0.9511016704226434,0.9526370111116405,0.8700500341066798,0.9676785343596861,0.9966124050852712,0.9312498291554214,0.9302863338489205,0.7988153530613102,0.9326920846792619,0.9551788650521451,0.9846778189268361,0.9094857206850572,0.969580892293826,0.9773757151292211,0.8993294761011661,0.9119673511039381,0.9610366993022685,0.873396406610894,0.9619647737944323,0.942990249213453,0.8404791612293148,0.7959548637928398,0.9529449740547579,0.8200790560505895,0.9589654814068507,0.9558359621451105,0.888080273025581,0.869955187594452,0.9610366993022685,0.9648659912110236,0.9675159048758009,0.9187969445925777,0.8096294045230256,0.8851061157461309,0.9801704643354423,0.7941696693599458,0.8623117216340954,0.9542136024350834,0.9714578717045065,0.9511016704226434,0.9209817665727262,0.881356890785397,0.9558359621451105,0.57882978727304,0.9648659912110236,0.9873274034062991,0.9522752511635897,0.9686515251014286,0.957509435301382,0.957509435301382,0.9496037211238535,0.939158577970624,0.9629078616894173,0.8672605145480656,0.9799577055509369,0.8794586744171604,0.9166400151447351,0.8288787761631807,0.852744627559685,0.9589376456981176,0.8348893064606533,0.8616993128705425,0.9123992402861405,0.90275894910531,0.8891971954839686,0.8879369722234249,0.9348776724743586,0.901768579624841,0.8997208604511799,0.9330323576683235,0.958244185426041,0.8760748600348449,0.7458314556106351,0.8381767234348843,0.9064206691382037,0.9439067604692684,0.922085571782991,0.9714578717045066,0.932503659033307,0.9163641894859482,0.984448147018685,0.8770035649415359,0.9511016704226434,0.933654454952398,0.7639668145550393,0.971887349837368,0.922109475719312,0.9552175050422179,0.914173419871023,0.836358938311077,0.8941307528793181,0.9619299081647257,0.896115621301983,0.752625896322512,0.9511016704226434,0.9309867468047908,0.939006476325597,0.8676499406085263,0.9689601410010136,0.9453030402757782,0.7744381670025752,0.9496037211238535,0.9934680088001508,0.980602188182685,0.8942600569458918,0.9607967445595411,0.9526370111116405,0.9542136024350834,0.9496037211238535,0.9478374857144207,0.964188839071413,0.9375821720172512,0.9128870094924401,0.9526370111116405,0.9809291820181094,0.8942600569458921,0.9629078616894173,0.9526370111116405,0.9702123541657188,0.9665480300996037,0.968848707670247,0.9330323576683235,0.8790595554853515,0.9808926695348984,0.9526370111116405,0.9980012116979509,0.9526370111116406,0.916027328859182,0.9599362530543546,0.9326635883603431,0.9526370111116405,0.9378370728938006,0.9526370111116405,0.932786063018689,0.9987120692432441,0.7094904890765812,0.8842921321245036,0.9558359621451105,0.9367747309558498,0.9496037211238535,0.9399319300513138,0.998394872319517,0.7494567193023434,0.8967110403534027,0.9815062877983507,0.957509435301382,0.9868418685480091,0.9745849270782074,0.9917747991232295,0.9836644955542195,0.9209817665727262,0.920981766572726,0.9227946422906829,0.8467830997487795,0.9180060542094443,0.9526370111116405,0.9505241704836669,0.9526370111116405,0.9341431164071576,0.9665480300996037,0.8879369722234247,0.9324454498571317,0.9367747309558498,0.9736183137840242,0.9198856874256709,0.9412414838519025,0.7514472996218446,0.9355505770919704,0.9378370728938006,0.9558359621451105,0.9101261322599906,0.915294934512644,0.9189418419895969,0.9511016704226432,0.9604535056538152,0.9413332452454919,0.9648659912110238,0.93558658751122,0.876011295842658,0.9373704232137268,0.9489452656760307,0.8337321114138484,0.8106601759858284,0.9235962072452191,0.9619647737944323,0.8830740720259549,0.9610366993022685,0.8716488174471995,0.9899175865127545,0.9386420076357269,0.9689601410010136,0.9610366993022685,0.9598028955500122,0.9592563973027501,0.9592404230051592,0.945204588509776,0.8770035649415356,0.9558359621451105,0.9714058757497572,0.8808482728335028,0.9496037211238535,0.9558359621451105,0.7458314556106349,0.8857271389240955,0.9552175050422179,0.8725839344553015,0.864695473699941,0.8931410336709438,0.8243093512980261,0.9552175050422179,0.9773757151292214,0.6934759411293079,0.8518109418760929,0.957509435301382,0.8155856001785131,0.9452045885097757,0.894997746732762,0.9058453047843557,0.922085571782991,0.9579118988918691,0.9108515251011452,0.8921529459435535,0.9916613732433704,0.9526781858887836,0.9727606595064473,0.9082634530537086,0.9493957255905624,0.9518893725088031,0.9629078616894176,0.9714058757497572,0.987885706373519,0.9589654814068507,0.9695808922938259,0.9526370111116405,0.9575094353013818,0.9669745722372083,0.9559982666090144,0.9610366993022685,0.9592404230051592,0.6408643693226077,0.9526370111116405,0.7693378488114864,0.9610366993022685,0.8505410419770532,0.9166400151447349,0.9279890523786395,0.9386420076357269,0.8879369722234248,0.876011295842658,0.8789939328097224,0.9991256173192249,0.9467071200650465,0.957061315955565,0.9558359621451105,0.8402427784426749,0.9924415378336475,0.945303040275778,0.9166400151447349,0.9428375253830151,0.9616949515140267,0.7460671055388906,0.996825129961915,0.9481398354780852,0.9511016704226434,0.8323438780399158,0.8467830997487795,0.8808482728335028,0.8820186502619562,0.9845849572233623,0.9526370111116405,0.971887349837368,0.969757263765453,0.8363589383110771,0.983682988822291,0.9629078616894173,0.8879294594533991,0.9526370111116405,0.9526370111116405,0.9348776724743584,0.9233747186171538,0.9309867468047907,0.9526370111116406,0.8616993128705425,0.9526370111116407,0.9746338287409402,0.9041490253843172,0.9544490872999929,0.9526370111116407,0.9288957400617388,0.5851636683551682,0.968375620537216,0.9354961779469575,0.9526370111116405,0.9983511487423209,0.8937024586467951,0.9718817760691316,0.9955546949233898,0.9722155622930323,0.9484191631673089,0.9558359621451105,0.8701961684516677,0.9526370111116405,0.8568890409675403,0.848112535109635,0.868632667163505,0.9086833737804829,0.9542136024350834,0.9697576929681274,0.8642934878799219,0.9526370111116405,0.9821062119112849,0.9694876603376773,0.9526370111116405,0.9783400888843532,0.9500768485786423,0.9166260538738977,0.9272939616022179,0.876142312818307,0.9526370111116405,0.9443883262864892,0.8656814261022983,0.7998413629717638,0.9421240707427696,0.9885298361815205,0.9987120692432441,0.914508262091398,0.7809800337941266,0.9558359621451105,0.9852427368613523,0.9314897302747827,0.7760319106198984,0.8627197720675648,0.9063785836266325,0.9141734198710232,0.9399319300513138,0.957509435301382,0.9559982666090145,0.9526370111116405,0.7039801180756776,0.9901068178489287,0.9783140079913857,0.995812608116145,0.9324454498571317,0.9842011665427951,0.8857271389240957,0.9014502300031318,0.9496037211238535,0.8150265150436212,0.9526370111116407,0.869955187594452,0.9232615458212055,0.7986388097431102,0.9552175050422179,0.921264816730714,0.9629078616894176,0.9315357783043753,0.946453606217171,0.9657234466323916,0.9393618431817528,0.9629078616894173,0.9342377664167825,0.9397554510393483,0.9760557307924651,0.9373704232137268,0.9425720985427191,0.9505241704836669,0.9558359621451105,0.9714058757497572,0.9868418685480091,0.9209624555006568,0.9497673578995788,0.9465146323386673,0.9439253608596805,0.9801704643354421,0.831322159306052,0.9080261965616108,0.8790595554853515,0.9227946422906831,0.8572588068769817,0.9745849270782074,0.9277359074596556,0.9944373248680742,0.9464536062171709,0.9859038895713099,0.995812608116145,0.9748150819785091,0.9386420076357269,0.9423194428466417,0.8609661138596993,0.9558359621451105,0.9201023553084946,0.949733554954169,0.8905634939977783,0.9465146323386673,0.9610366993022685,0.946537706628239,0.9469971516571074,0.9592404230051592,0.9397554510393484,0.9481398354780852,0.9481398354780852,0.7333833797482321,0.9552175050422179,0.7693113560856037,0.8525261345371997,0.9187969445925777,0.9511016704226434,0.9511016704226434,0.9279890523786396,0.9586574227081355,0.948139835478085,0.9450419189054637,0.9526370111116405,0.9592404230051592,0.9526370111116405,0.9526370111116405,0.8924661473774316,0.939931930051314,0.8873306148945661,0.9526370111116405,0.913631824450169,0.9436681288423503,0.9665480300996037,0.9733561462382215,0.9652642001715617,0.9381869901995564,0.9233747186171538,0.9092735418441047,0.9143162677112748,0.9467071200650463,0.9314897302747827,0.9604535056538154,0.983682988822291,0.94312447103202,0.9318413189001247,0.9801704643354423,0.9902930825832764,0.9842011665427952,0.9303613858263362,0.9592404230051592,0.9389225366571855,0.9558359621451105,0.8490355468911471,0.9425720985427188,0.8432603713232417,0.9399319300513138,0.9235962072452191,0.9783400888843532,0.9123992402861407,0.9399319300513138,0.9730862985612765,0.9695808922938259,0.9983948723195168,0.9014502300031314,0.9448192234819672,0.9662154259494387,0.9143162677112748,0.9652137684610214,0.967418437488331,0.9481398354780852,0.9744168156815496,0.9888613523099014,0.7088700293650654,0.8517897486998736,0.9312498291554212,0.9428375253830147,0.9078307494815345,0.949718620585456,0.9092735418441047,0.9682320725323337,0.8803288140439886,0.9560815611946234,0.9633200625490423,0.9526370111116405,0.957509435301382,0.9858084434319018,0.9526370111116407,0.8705954752723888,0.9425720985427188,0.8518109418760931,0.9820451562749648,0.9676785343596863,0.9464536062171711,0.8785004132365171,0.9629078616894176,0.8911037800760971,0.995812608116145,0.9439502900155012,0.9842011665427951,0.9467071200650463,0.9576605453602831,0.9423194428466416,0.838176723434884,0.8741522621394582,0.9244189161714622,0.9937388499019764,0.9402666995052391,0.9815062877983505,0.8425509890153133,0.8940589330526697,0.9697258997487671,0.9493957255905624,0.9412414838519025,0.9542136024350834,0.9916613732433704,0.9917747991232293,0.9775425324834794,0.9511016704226434,0.9789433391238309,0.957061315955565,0.9428375253830147,0.9953194985394493,0.8949977467327623,0.8905634939977786,0.9858084434319018,0.9922127245794843,0.9491737766988708,0.8695186279171858,0.8272219822788087,0.9452045885097758,0.94392536085968,0.9511016704226434,0.957509435301382,0.9648659912110236,0.9526370111116405,0.9344184513464586,0.9208751259712274,0.9720020980078723,0.9254476077793647,0.9526370111116406,0.9646845944942746,0.9159971402848224,0.9123992402861407,0.9277359074596556,0.9518893725088029,0.9085235928818935,0.8891971954839684,0.9290695141576168,0.932445449857132,0.9185287395081015,0.8933378821185829,0.8342244107146706,0.9592404230051594,0.9092735418441047,0.933654454952398,0.0,0.80562065226601,0.9648659912110236,0.9839674685144804,0.9842011665427953,0.9648659912110236,0.945303040275778,0.9859410630732464,0.837401167610945,0.9875518066547833,0.9291067501802863,0.9610366993022688,0.9526370111116407,0.9425720985427191,0.8441193845389973,0.876142312818307,0.9511016704226434,0.656106583510636,0.9873274034062991,0.9511016704226434,0.9511016704226434,0.9714058757497575,0.9526370111116405,0.9227946422906831,0.9160269146595148,0.9526370111116405,0.994437324868074,0.8724625431560951,0.9552175050422179,0.9558359621451105,0.9592404230051592,0.9542136024350834,0.9511016704226434,0.9908845623912688,0.9009385953642843,0.9399319300513138,0.9154704829797891,0.9526370111116405,0.8307658985622735,0.9558359621451105,0.9386420076357269,0.9582078888419137,0.9994802933865738,0.7877259137311908,0.8292821462222395,0.9412414838519025,0.8056206522660097,0.9412414838519025,0.9073884413700835,0.9665480300996037,0.9265867198367659,0.9801704643354423,0.9448883863785977,0.9355505770919704,0.7877259137311909,0.852752963870594,0.9558359621451105,0.9586574227081353,0.852744627559685,0.9526370111116405,0.9073884413700832,0.9998895182606897,0.9629078616894176,0.9436681288423505,0.793729120059452,0.995812608116145,0.9159971402848224,0.9842011665427951,0.9238664479528471,0.9604140341855053,0.9526370111116405,0.9526370111116405,0.9899175865127544,0.9384758066320342,0.8432226863185214,0.9685432309175783,0.9201023553084944,0.9579118988918691,0.9902981424202228,0.9040054062556087,0.7335757685917264,0.9911410415624384,0.9526370111116405,0.9884628791933072,0.957509435301382,0.9648659912110238,0.9989604206957794,0.9610366993022685,0.9051147616874999,0.9526370111116405,0.9526370111116405,0.9693431848521965,0.9526370111116407,0.9469110457563132,0.9425720985427188,0.9010523009261007,0.9061873961293254,0.9645105128281708,0.932503659033307,0.9085606356157014,0.8784662479541377,0.9526370111116406,0.9209817665727262,0.8913115695893112,0.9736183137840241,0.8714717093867044,0.956433337538824,0.9732612361574994,0.8643746278148466,0.9697572637654532,0.9542136024350834,0.9977802754820255,0.9526370111116405,0.9005217828775249,0.983682988822291,0.9061873961293252,0.8381369010000773,0.976818884561883,0.945303040275778,0.9951877100611972,0.8732447293020549,0.9592404230051592,0.8774465467393258,0.9934768622597184,0.987327403406299,0.9493957255905624,0.9746338287409401,0.9361160018916064,0.94776905754521,0.957509435301382,0.9511016704226434,0.8842921321245034,0.9859410630732461,0.9665480300996037,0.8805577584645793,0.9648659912110236,0.987885706373519,0.9648659912110238,0.9648659912110236,0.8432226863185213,0.9730862985612765,0.9031349604797552,0.9526370111116407,0.9493957255905623,0.9425720985427188,0.9425720985427188,0.874354636086484,0.9467071200650468,0.9511016704226434,0.8571991125642087,0.9011161501496316,0.9542136024350834,0.9942837725413021,0.969757263765453,0.8352434350141635,0.8447043622091563,0.9526370111116405,0.9085235928818935,0.9526370111116407,0.9544490872999931,0.9629078616894176,0.9529449740547579,0.9497673578995788,0.9027589491053098,0.9526370111116405,0.8785004132365171,0.8774745087635125,0.9386420076357269,0.9100318062103336,0.9005217828775249,0.8866791566528582,0.957509435301382,0.8959232789032516,0.8546873737058385,0.8493193247742896,0.9972557380978945,0.8896463743514136,0.8260871271647188,0.7582445585710913,0.9967391619170716,0.907388441370083,0.9051664401581994,0.7996606229568318,0.9448883863785977,0.9505241704836671,0.9937388499019764,0.9073884413700835,0.9511016704226434,0.8846853407167914,0.9949213294847875,0.9784081623729504,0.8818127555421882,0.9199225363150119,0.9526370111116405,0.9231127140292135,0.8725553212046713,0.7305581692424299,0.9526370111116405,0.9461114643341089,0.8642934878799218,0.9610366993022685,0.9967391619170713,0.9511016704226434,0.949718620585456,0.9559982666090145,0.9041490253843172,0.7003392882016632,0.9575139843524121,0.8896463743514134,0.8689612397777352,0.9526370111116405,0.8614664755134738,0.9526370111116405,0.9610366993022685,0.93558658751122,0.8921529459435535,0.9648659912110238,0.9671595166054916,0.9724659055822087,0.9113525537588965,0.9277359074596554,0.9526370111116405,0.968375620537216,0.9872422550839188,0.8784662479541376,0.9801704643354423,0.9209817665727265,0.7333833797482324,0.9300668284196516,0.9288957400617388,0.9681385641755447,0.9001110559421437,0.989614526894097,0.9681385641755447,0.9746338287409401,0.957509435301382,0.8931410336709438,0.9681385641755447,0.9648659912110238,0.9361160018916064,0.9542136024350834,0.8839367949745333,0.9808926695348984,0.9288957400617388,0.9497673578995787,0.8991086132420372,0.9665480300996037,0.9967391619170713,0.9198856874256713,0.9879700133881204,0.9511016704226432,0.9425720985427191,0.9619311600645908,0.9277359074596556,0.9901068178489285,0.876011295842658,0.9177151699279686,0.914508262091398,0.9058453047843557,0.9542136024350834,0.9558359621451105,0.9082407355488129,0.9040591218713688,0.9324454498571317,0.8614664755134733,0.9478374857144207,0.957509435301382,0.9592404230051592,0.9879781590338745,0.9312498291554214,0.987590470114133,0.983682988822291,0.9801704643354423,0.961074221084093,0.9991256173192249,0.9722155622930323,0.9526370111116407,0.9740407008916265,0.8627436797446011,0.9472584806240831,0.9072120922355342,0.9897853882679539,0.9592404230051592,0.8873306148945662,0.9735954216165381,0.9361160018916062,0.9481398354780852,0.9163641894859481,0.9325036590333069,0.950210721158117,0.9832774697179376,0.9439253608596803,0.9831290436676912,0.9808926695348984,0.9985562884541684,0.8879962884971374,0.9558359621451105,0.9736183137840242,0.8941307528793181,0.9324454498571315,0.7458314556106354,0.9747191147870711,0.9402666995052391,0.9924108112436552,0.9842011665427952,0.9842011665427952,0.9997159486874598,0.7265860889701896,0.9505241704836669,0.9558359621451105,0.9020294315021224,0.9497673578995786,0.9592404230051592,0.9001110559421437,0.8981026726889996,0.9014502300031314,0.9629078616894176,0.9302947288966976,0.9610366993022685,0.9539405950770348,0.9592404230051592
p232_F,0.9893137486628492,0.8721292828577815,0.8429905361746886,0.7117671771608176,0.9580166426603276,0.6681446414719283,0.8880644974534355,0.8978081378264584,0.8395280973905592,0.9336347991328913,0.8426107983547333,0.9125111785873636,0.9125111785873636,0.7415905795865037,0.6407524214643651,0.8088080901268468,0.8168059725015984,0.8856988418635348,0.9814510646731802,0.7448986425205788,0.973024856152525,0.7420900754778976,0.8992368483577364,0.9621698344437761,0.7514899398419221,0.8856988418635352,0.8562319953247265,0.860595616360234,0.7448986425205787,0.7695920066846061,0.8748756693307258,0.9239759423528267,0.9046484553665961,0.8764969900463839,0.9152582079543843,0.7627282022777628,0.9621698344437761,0.9431379203344701,0.9371382816751244,0.9867705932097052,0.8229207683300495,0.8879432507007241,0.9935264355112594,0.9638221193864542,0.8956580181478542,0.7803519797910818,0.9665480300996037,0.8339840080055287,0.5002224101444159,0.8194852749688188,0.9239759423528267,0.9728775023369225,0.8856988418635352,0.902136277813822,0.9431379203344701,0.9451832184545603,0.5437081986851442,0.9152582079543841,0.8602605064187889,0.9688440619373718,0.8432648458861449,0.8612536930099468,0.7847394565409085,0.8321506231964106,0.4841750412915179,0.9719390772537837,0.6983285517377632,0.8809377360327786,0.9987806429490375,0.9162206421071973,0.7189659513525054,0.8834832246395514,0.956466487927786,0.729834349312988,0.9152582079543841,0.8334032066537789,0.8972500807670707,0.8057939603726952,0.780767856490074,0.9500854106526052,0.9733050117350786,0.8370782905736789,0.9390586815258848,0.8856988418635348,0.9152582079543841,0.8529600477548238,0.669958106726891,0.6926130384069065,0.894493572974687,0.9125111785873636,0.9152582079543841,0.4518516276492184,0.6892498442694681,0.7982103859933596,0.8769922925568632,0.8836238393968294,0.4874418742828128,0.8353059983605327,0.793545926725616,0.7727257083922905,0.6395410579714493,0.6689218616853778,0.9564664879277862,0.5656608725556072,0.8546313761016471,0.98145106467318,0.7641792701283548,0.7909742770057893,0.8948693468634785,0.7145855431989006,0.4907345211678903,0.9549546039402188,0.7709024567071354,0.40873554994264993,0.9665480300996037,0.7302634159171311,0.759262063193583,0.9302869180633686,0.9371382816751241,0.7835370284359033,0.9638221193864545,0.44212834045261695,0.9990384391481416,0.7577970273297637,0.9516111821826463,0.6839798080842046,0.9621698344437761,0.9122530226440353,0.8797499413008519,0.8586206896551725,0.7877239185135085,0.9209817665727262,0.7927524282151159,0.9371382816751241,0.38311972144718875,0.943585793190133,0.8422601818366053,0.9343882429311451,0.9711878805915029,0.9098310498422768,0.8812101379529149,0.9872125588573133,0.7071034031072134,0.7660607011384845,0.5908654275061659,0.8508524342038155,0.9631981626021593,0.7365308980319902,0.8834832246395516,0.6336662944491367,0.6913208827961559,0.8432648458861447,0.8361214787240916,0.8239808321924893,0.74554048997644,0.9159197701772375,0.3364426443583969,0.9117649022044421,0.822258567239115,0.5102250285817567,0.7278870795454155,0.9423194428466419,0.80299037286185,0.7255413280751921,0.8770832199670355,0.464143149716411,0.8095505845081645,0.9461095570705993,0.9700918760103958,0.7615757470088254,0.8907075917149339,0.9540589546097205,0.881294645597023,0.8146460379083862,0.8967660873085901,0.7434675985328104,0.6603999090581403,0.8054691836486054,0.522191160980007,0.9247004559875522,0.8797889105982799,0.8833867634546269,0.8950953494015976,0.9125111785873636,0.8261685998760951,0.6010230793454856,0.8445497252179492,0.8608323269166083,0.902136277813822,0.993611639296974,0.9502726792490606,0.8649303928299308,0.9949291339897315,0.7963640084079662,0.972382158010799,0.9152582079543841,0.918079042897614,0.9098310498422768,0.8588039237011791,0.9854530051323707,0.9135063197922981,0.995606730632077,0.9152582079543841,0.9493203017075047,0.9066807239840107,0.9336347991328913,0.9152582079543841,0.8178976980025492,0.8586206896551725,0.8334032066537786,0.7817124512888373,0.6464204728884835,0.381176629032572,0.9152582079543841,0.8809377360327786,0.915258207954384,0.9842318644685908,0.9443123974848822,0.8989856676391825,0.9152582079543841,0.8823421010842232,0.9152582079543841,0.869054414671028,0.9232815443360514,0.7173661124376681,0.9899668274193519,0.5777893346316229,0.7099910744089919,0.9098310498422768,0.9966447233584261,0.8972500807670709,0.48532513106565167,0.70872100889394,0.9340332269142892,0.9711878805915026,0.8321506231964108,0.8410575924482762,0.9132780522734492,0.9985323369548302,0.9699747687132043,0.8586206896551722,0.9072118677365053,0.4421283404526172,0.9502726792490606,0.9152582079543841,0.9636818533225946,0.9152582079543841,0.5925364354727798,0.9465096719932719,0.9239759423528267,0.9106086590743894,0.7099910744089917,0.918079042897614,0.8566595864113671,0.9302334181929384,0.469124563051341,0.9162444743188085,0.8095505845081645,0.9209817665727265,0.4460858750097191,0.7859745422812421,0.7401272099755853,0.9125111785873636,0.9761356843815903,0.6379534011994913,0.9371382816751244,0.7603459520179952,0.7411620366898104,0.8879432507007241,0.7842254686329961,0.34442598998885743,0.9239759423528267,0.8265112762517457,0.8094193621327112,0.98514764149467,0.98145106467318,0.7145855431989006,0.8953664925197957,0.496199113455393,0.8858401986813222,0.98145106467318,0.7725797041365445,0.7459421763974747,0.9257389930135203,0.9770907745521813,0.5030033601810157,0.9209817665727262,0.8933580624819939,0.6780857041613113,0.9502726792490606,0.9209817665727265,0.987885706373519,0.6716151988829617,0.6603999090581412,0.6823773429847766,0.8385074371162542,0.8315069861698934,0.9461535522835212,0.916220642107197,0.5716405755742966,0.6624051378328462,0.807077544310237,0.981600181169821,0.7625382005684163,0.9037073523919106,0.8967531793197643,0.9807928612526089,0.8887315011070402,0.7469899622295404,0.8489400226485824,0.8973472988653557,0.6486586592106145,0.7759948358147888,0.8026845616154763,0.5053578991459573,0.8520541619694213,0.9411372791480437,0.744898642520578,0.7901926347445257,0.8864592094196804,0.9654788704992254,0.9209817665727262,0.9152582079543841,0.9239759423528264,0.960712445103687,0.521090095264463,0.98145106467318,0.9270730230791457,0.713558837211425,0.9152582079543841,0.9990384391481416,0.9302869180633688,0.9935264355112594,0.9846406300806096,0.6714941566406434,0.2916716071844224,0.9239759423528267,0.7411620366898104,0.6950823178702215,0.7868540111713818,0.9046484553665963,0.6227946592348435,0.9209817665727265,0.9221261809159469,0.7734456812755014,0.902136277813822,0.8508524342038153,0.9500854106526051,0.7007055213208797,0.47374333197104435,0.7396957914196509,0.8562319953247265,0.9125111785873636,0.8367902326727341,0.6237195087969898,0.7523391061979707,0.6800738680803695,0.6639109077673311,0.9152582079543841,0.7963239206394057,0.891030590621342,0.4639818397744062,0.8814055323796944,0.9336347991328913,0.8008875416489643,0.9152582079543841,0.9152582079543841,0.8834832246395514,0.8903326882693019,0.5821265739574637,0.915258207954384,0.6913208827961561,0.40060683675052366,0.4433565553296446,0.8527933965694765,0.9434529625093588,0.9992249226337292,0.5532710622669783,0.9945519661064194,0.8203282827389337,0.8553904692358361,0.9152582079543841,0.8239808321924889,0.3234637259823794,0.7007579144193807,0.7419397077598995,0.9761805408072894,0.5827870321095674,0.9209817665727262,0.733521492915316,0.9152582079543841,0.6741182543134778,0.7847394565409082,0.7853613704853064,0.8638689747679497,0.9621698344437761,0.8039190767631206,0.7874358248904114,0.9152582079543841,0.8266892096935974,0.785260173980858,0.9152582079543841,0.9157649010158165,0.8972004884389706,0.85367413043531,0.6721663549013992,0.7070428918285803,0.9152582079543841,0.8703601753544685,0.9213578482103688,0.9257389930135201,0.7281093517748132,0.821813569557682,0.8451467479521528,0.847038304686687,0.6908392041716725,0.9665480300996037,0.85478507095173,0.8105788943203351,0.8992368483577364,0.7543784123327502,0.3929902987266408,0.8054691836486056,0.8925262950745887,0.9711878805915029,0.7517832863813526,0.9152582079543841,0.9673847887170084,0.8890889554362549,0.9574905487604921,0.9364881737530408,0.9949598499265346,0.909831049842277,0.9961523940775896,0.918079042897614,0.9502726792490606,0.8057939603726957,0.9137080532218429,0.9097516894125137,0.8862836892666925,0.4492076303070546,0.9302869180633688,0.7437089977875249,0.9336347991328913,0.9021362778138218,0.7951184200738984,0.8343697161419616,0.9693820495180774,0.5841653633473124,0.983092110179757,0.8887315011070402,0.9840221034099073,0.9214489273204716,0.9693820495180776,0.8628742512243035,0.8056206522660098,0.8645899440480411,0.6504564640932797,0.860143652977329,0.8902183677316946,0.9307016541888509,0.9898781502828838,0.8748756693307258,0.5483507411312687,0.7489691393184812,0.8512954373942376,0.9466378905596333,0.7272589638641631,0.5281838390393994,0.9899987985823229,0.8902183677316946,0.961938580597147,0.6666831449874984,0.8996713357710033,0.8924143307178188,0.9243062854435231,0.7794785534062245,0.626298925996633,0.7600543887391324,0.8059945119496473,0.9194928800841636,0.8529600477548239,0.9553394119369607,0.9302869180633686,0.7361653036976694,0.8429905361746888,0.9270730230791457,0.9143173056653143,0.9072118677365053,0.7773799496784708,0.9711878805915029,0.9302869180633686,0.7271864187181379,0.6278712506084914,0.8997897429930031,0.9212977173232095,0.9212977173232094,0.7052177893356903,0.8972366122080853,0.9072118677365055,0.7233973909879818,0.9152582079543841,0.9761356843815903,0.9152582079543841,0.9152582079543841,0.6976105905469068,0.8925262950745887,0.3299027398012807,0.9152582079543841,0.6820536687222425,0.729290245911683,0.9978132884777122,0.604669664392673,0.8906679873366545,0.9913713384075755,0.5508168120645385,0.837672350699731,0.7329189478805094,0.9046484553665963,0.8334032066537785,0.9270730230791455,0.9194760752462123,0.7947271048367867,0.8000975116775986,0.5741333756600089,0.9798831497297817,0.9688440619373718,0.6983546180201259,0.631363025198853,0.6425920455582004,0.9665480300996037,0.34695877403800535,0.8972500807670707,0.9445283662005389,0.8925262950745885,0.7670858527670903,0.9634038194012378,0.8432648458861447,0.8925262950745887,0.8666109663611834,0.9209817665727262,0.8972500807670711,0.9937393740100618,0.9504718083128708,0.7614393933136985,0.7037518894530472,0.9711878805915029,0.7317341573078302,0.9072118677365058,0.85201439426953,0.4874418742828128,0.9212977173232092,0.7007579144193807,0.8769922925568632,0.9371382816751241,0.6562542930550397,0.7831200647944143,0.8376723506997308,0.7725236234856334,0.6699581067268916,0.9232815443360514,0.8481961871749573,0.9152582079543841,0.9711878805915029,0.9168673858538465,0.9152582079543843,0.6974777124396556,0.8972500807670707,0.9907143086558443,0.9988749295050935,0.5745806117758157,0.9272324378358678,0.6740836112921158,0.9336347991328915,0.6078864437853924,0.9364881737530406,0.777228764821214,0.909831049842277,0.7874358248904112,0.7787621042935644,0.7794785534062243,0.49619911345539325,0.9255529168554744,0.7999933174064826,0.7387597232219985,0.7719761627955792,0.9508942993498994,0.7756270707601549,0.6769372248124805,0.8748756693307258,0.6913208827961562,0.5039414405357028,0.9180790428976142,0.9249300668513345,0.9384799527980219,0.8212788440155341,0.9125111785873636,0.6950394347344342,0.7980160392659367,0.8373091029803346,0.8202484281215612,0.9209817665727262,0.7107326246304714,0.858045536171701,0.8879432507007243,0.8858401986813218,0.5435227670483831,0.8948693468634785,0.8303239302316398,0.8996713357710029,0.9125111785873636,0.981600181169821,0.7809209491441991,0.9152582079543841,0.8645899440480411,0.7661629350209039,0.7894658072163003,0.784133106405212,0.915258207954384,0.850190667803344,0.6686410792615844,0.8432648458861447,0.5924735674580738,0.8903326882693012,0.8514410681490051,0.801751780477767,0.6592595287322969,0.9005283589274585,0.5111485934905824,0.7508334733135502,0.9578647347653733,0.9761356843815903,0.8851067435299687,0.5117639122563755,0.80562065226601,0.0,0.9371382816751241,0.8791314954080309,0.909831049842277,0.9935264355112594,0.902136277813822,0.9132389320257919,0.5288821408683524,0.8146460379083862,0.8296169784489422,0.930286918063369,0.9152582079543843,0.8972500807670709,0.6870229103246525,0.7440397643218044,0.9125111785873636,0.9816001811698213,0.9072118677365055,0.9125111785873636,0.9125111785873636,0.864589944048041,0.9152582079543841,0.9072118677365053,0.845146747952153,0.9152582079543841,0.8711662082855066,0.5749066959662379,0.916220642107197,0.9665480300996037,0.9270730230791457,0.918079042897614,0.9125111785873636,0.6213053608827889,0.7631994628418883,0.8925262950745887,0.734726947317814,0.9152582079543841,0.5037299488486946,0.7600543887391324,0.9924821208671799,0.6924392321874631,0.6537525091039598,0.9162206421071971,0.5969222500946033,0.8948693468634787,0.9978132884777122,0.8948693468634785,0.8281911838099563,0.9142977291841885,0.8957023733328484,0.7884076359413892,0.8086360830500479,0.9898781502828838,0.9673847887170083,0.2731665913806136,0.9665480300996037,0.8944039307681858,0.7365308980319902,0.9152582079543841,0.7426743143980692,0.848196187174957,0.9336347991328913,0.6711516304750592,0.9350840409709823,0.9530613123008462,0.7449370708424377,0.909831049842277,0.688187425655417,0.6773869912477104,0.9152582079543841,0.9152582079543841,0.9117649022044421,0.5936921505247579,0.8095010419562506,0.9542792996141666,0.741919849688756,0.6721663549013994,0.9854458139033986,0.6659715232212065,0.3414261870450861,0.7439284780771289,0.9152582079543841,0.9332636707881301,0.9711878805915029,0.9371382816751244,0.6701383055205261,0.98145106467318,0.7756270707601549,0.9152582079543841,0.9152582079543841,0.7512502448309757,0.956466487927786,0.8748639087470715,0.933316065142574,0.7114610993326913,0.9553394119369607,0.9735629864071067,0.9553394119369609,0.7430349118316437,0.5919228727390712,0.915258207954384,0.38973927670311315,0.6956918530898959,0.9621698344437761,0.9814510646731802,0.9247004559875522,0.865888133153887,0.9578829909052509,0.34094132450715453,0.918079042897614,0.8669758292668841,0.9152582079543841,0.7108562443941848,0.540059716881248,0.8321506231964106,0.41967084674104393,0.8171475979100202,0.9021362778138218,0.8413921158471316,0.5407577793439746,0.9270730230791457,0.7807275365334763,0.7908348624398815,0.9072118677365053,0.9872125588573133,0.9801777989919911,0.9186550120230907,0.6879445456091826,0.9239759423528264,0.9125111785873636,0.8146814005692065,0.8812946455970232,0.9978132884777122,0.9275612046868082,0.9371382816751241,0.890832632464256,0.9371382816751241,0.9935264355112594,0.5574820367105227,0.8666109663611834,0.8749363683070703,0.9580166426603276,0.9056319216938428,0.7060240911023944,0.8972500807670709,0.6097086038762345,0.9046484553665965,0.9125111785873636,0.9451832184545603,0.8230771571354665,0.9180790428976138,0.7808716904912062,0.891030590621342,0.7618803397014782,0.7234655543948056,0.9152582079543841,0.42834636644334856,0.9152582079543843,0.777977889145292,0.9336347991328913,0.8879432507007241,0.9583942031553516,0.5733907495697561,0.9152582079543841,0.6740836112921158,0.637708273658335,0.8902183677316946,0.6760890086635993,0.7108562443941846,0.6879445456091826,0.9711878805915029,0.7033258503879969,0.9581347202095198,0.9171872608207574,0.6270134032933878,0.829824562835178,0.5575027264301289,0.9935264355112594,0.7257061345513401,0.7854327491040132,0.952629633832091,0.9218975021343331,0.7311067605158568,0.8376723506997308,0.6084208512808627,0.9152582079543843,0.9125111785873636,0.7560449442954522,0.57423478667661,0.8749363683070701,0.719100345961452,0.6975011665759634,0.9152582079543841,0.6471399879728883,0.7936599861745688,0.9205309941406192,0.9152582079543841,0.7329189478805092,0.9431379203344703,0.98145106467318,0.8925262950745889,0.9125111785873636,0.9604698663254161,0.8856988418635351,0.9985323369548302,0.7992624901152924,0.6274783414087304,0.9966447233584261,0.6402482647754639,0.9152582079543841,0.9735629864071067,0.9152582079543841,0.9302869180633686,0.6257687574800956,0.8070402049768046,0.9371382816751244,0.8769922925568632,0.9969821282256283,0.89261085697357,0.5924735674580746,0.9152582079543841,0.8733158207335042,0.7390903637586193,0.9898311656580512,0.4823015498251316,0.8586206896551727,0.9816001811698212,0.874875669330726,0.8727803597140285,0.8605956163602337,0.8212788440155341,0.6422332104416362,0.8605956163602337,0.930351993730951,0.9239759423528267,0.8542058822129399,0.8605956163602337,0.9371382816751244,0.521090095264463,0.918079042897614,0.601020612753943,0.9212977173232091,0.8727803597140285,0.49619911345539325,0.8429905361746888,0.9421362489486964,0.8925262950745887,0.8842122443079048,0.8834832246395514,0.9125111785873636,0.933316065142574,0.8723907317350947,0.860884189289248,0.7140338530832586,0.9330011899716573,0.8527760996057683,0.9427683537514799,0.9218975021343331,0.918079042897614,0.9665480300996037,0.9641125707303955,0.8436462356148401,0.9106086590743894,0.9320055225938174,0.90844375509248,0.9711878805915029,0.9761356843815903,0.9831007043226176,0.8769922925568632,0.8045223478039805,0.9951874708791761,0.8496288531646414,0.9346461407537252,0.9636743678186818,0.902988179609765,0.9580166426603274,0.920468137973599,0.7434675985328105,0.9638221193864542,0.8588039237011791,0.84836603629514,0.6313630251988522,0.7901926347445248,0.9449159152435009,0.885698841863535,0.58024983556283,0.8437089570825393,0.9707473148187094,0.8926328176574974,0.8309270280688343,0.9364881737530408,0.9362017335636437,0.9540589546097205,0.8353997101861013,0.9383519435605556,0.48665680757786833,0.9937393740100617,0.8105788943203356,0.87913149540803,0.8967531793197646,0.7782978182469162,0.813344148607946,0.9174001253081148,0.6048693972763179,0.8879608031238044,0.777579603068641,0.8711662082855065,0.7842991414316781,0.8056206522660101,0.7649577557899119,0.8370782905736789,0.9761356843815903,0.8212788440155341,0.9884602805599663,0.5969222500946023,0.9336347991328913,0.945001466385126,0.9302869180633686,0.9229559440830579,0.9761356843815903
p232_I,0.8851211507720569,0.662484062173541,0.9850406692683005,0.9970799457879603,0.9623211158059548,0.9720496894409938,0.9107736525866996,0.9234065281986406,0.9286491105644252,0.9704919301607371,0.8954610316630288,0.961099699561395,0.961099699561395,0.5742195952069614,0.9336842693103167,0.9609676410723687,0.9587434581480645,0.5835426459639058,0.9273614004407346,0.8124598227993508,0.850970827980245,0.9543141322095117,0.9071885561788835,0.9635753483468394,0.953255582527178,0.9491780856091547,0.9613973877408789,0.995006876394922,0.8124598227993493,0.8694627353424192,0.9443657603723175,0.966197296577026,0.9576036838348736,0.9397924012017989,0.9623211158059548,0.9690033562225546,0.9635753483468394,0.8085099719875108,0.9720496894409936,0.526193779687572,0.9253688519211305,0.9501760208500687,0.9720496894409936,0.9354001807590553,0.7218199254077109,0.9530913497448402,0.9648659912110238,0.9764578705634923,0.9481929520311922,0.9197374370356886,0.966197296577026,0.7897291426361932,0.9491780856091547,0.9564866901437918,0.9644342014392546,0.9472198404849024,0.9472198404849024,0.9623211158059548,0.8559789162214915,0.9599080294518354,0.9303105872741884,0.9521664397849134,0.9491780856091547,0.9752737206364956,0.9675743567407264,0.8697688980991496,0.966197296577026,0.9340813247611224,0.8664029368341126,0.8237261571040239,0.9987382114239769,0.9481929520311922,0.9623211158059548,0.9098785216031469,0.9623211158059548,0.9157773781681391,0.9543141322095119,0.6717386274418833,0.8689304945061069,0.913733609385783,0.9700351664034111,0.9511876099263497,0.9289749041786236,0.9491780856091547,0.9623211158059548,0.6001583090949306,0.9543141322095119,0.8926194277271777,0.9213345015882415,0.9610996995613954,0.9623211158059548,0.6993749881802709,0.8155659548675025,0.8923606027185702,0.9453068780840737,0.9261840328635952,0.7055612652499118,0.9165661374366316,0.9044879070278153,0.9035853419274646,0.9472198404849024,0.9648659912110236,0.9623211158059548,0.7757319038492504,0.904059810594691,0.9690033562225546,0.9105871713767657,0.8870129982252202,0.953255582527178,0.9116680775411066,0.7403218848132072,0.5747533631400945,0.9320684863015751,0.9328339505740526,0.9648659912110238,0.9136197685014562,0.9564866901437918,0.9690033562225546,0.9720496894409936,0.9359056217993145,0.9354001807590551,0.7171890292645675,0.6169554679310417,0.9443657603723179,0.9173135519831479,0.8558507226181651,0.9635753483468392,0.9386599233384809,0.961099699561395,0.9935264355112596,0.9490060614215787,0.9648659912110238,0.5556533515851805,0.9720496894409938,0.9587434581480645,0.9250632826893765,0.9102896363632471,0.966197296577026,0.966197296577026,0.9599080294518354,0.892619427727178,0.9704919301607371,0.9080857823028665,0.7494968044119232,0.7114930072303711,0.9878830516764527,0.9205349146293751,0.9223798585420759,0.9481929520311922,0.8580082307136382,0.9704919301607369,0.9303105872741888,0.7793641339096467,0.9568784918748874,0.9661972965770262,0.9481929520311922,0.9221363294762475,0.9521154309854926,0.9007517192601684,0.9930547404043363,0.9927297376643827,0.9648659912110236,0.5654862883614794,0.8907614131129444,0.9237472579920245,0.9950068763949222,0.9386599233384809,0.7752019357866782,0.9453068780840737,0.8852493927538769,0.634628216718533,0.9610996995613954,0.9472198404849022,0.9223798585420757,0.904974687829458,0.9538832559337087,0.9690033562225546,0.9040598105946911,0.9414034319999546,0.8068326932115018,0.9345395918631996,0.9173564091624513,0.9472198404849024,0.9547434413197933,0.9368211999004498,0.7829046555068864,0.8947109826062525,0.9776569049810198,0.9564866901437917,0.6282549478611408,0.9599080294518356,0.9286491105644255,0.7881119119846206,0.8440565830183067,0.9303105872741884,0.9623211158059548,0.9635753483468394,0.9581756603540752,0.9261840328635951,0.8489004959516883,0.9197374370356886,0.9547434413197933,0.9623211158059548,0.987877546040212,0.8812984813018134,0.9704919301607371,0.9623211158059548,0.89047011400493,0.9371382816751241,0.9157773781681391,0.8939283999593042,0.9813508256697675,0.9610996995613952,0.9623211158059548,0.9340813247611223,0.9623211158059547,0.9358937511403203,0.8839998380738068,0.8098880654992775,0.9623211158059548,0.8949174096536265,0.9623211158059548,0.9492794165942646,0.931147340525424,0.6630502449952584,0.9079504174811017,0.9648659912110236,0.9045839811415208,0.9599080294518354,0.9774873843362966,0.9543141322095117,0.9127697146833386,0.845940459798165,0.9397924012017986,0.5556533515851805,0.9253688519211305,0.9662615489004198,0.9788715516976694,0.7318519559797516,0.9371382816751241,0.9371382816751241,0.9587434581480645,0.7171890292645675,0.9599080294518358,0.9623211158059548,0.9788715516976692,0.9623211158059548,0.8399639099067064,0.724532795308063,0.9661972965770262,0.9899835764925834,0.8674278608566307,0.9635753483468394,0.9362663130722395,0.953255582527178,0.7920012246309863,0.8954610316630288,0.9386599233384809,0.9648659912110238,0.749496804411923,0.9048375041252168,0.9241680908937375,0.9610996995613954,0.9675743567407264,0.8954700073276672,0.9720496894409936,0.9929562774279699,0.8763826688608696,0.9501760208500687,0.9040598105946911,0.6989031042017514,0.9661972965770262,0.9277544613703692,0.9617356707276223,0.8353231768642488,0.9690033562225546,0.8730956945148616,0.9362663130722395,0.9511876099263499,0.6677612377657074,0.9690033562225546,0.890001356641569,0.8621164028243917,0.9675743567407264,0.9245566463845687,0.6346282167185323,0.9428375253830149,0.9397924012017986,0.894467598284554,0.9599080294518356,0.9648659912110238,0.9648659912110236,0.8503422854230369,0.9273614004407346,0.8505681838601358,0.9331723329592958,0.9609676410723689,0.9241680908937375,0.9690033562225546,0.8644606804686434,0.7232987552930354,0.8762593501599861,0.9381728330554158,0.8907614131129444,0.9245566463845685,0.8505410419770535,0.723298755293036,0.9950068763949222,0.9766480817697787,0.9328339505740526,0.9599342186802844,0.8054803010644609,0.9676790292120419,0.8780124908814335,0.7472588339866415,0.9704919301607369,0.9286491105644255,0.9704919301607371,0.9397924012017986,0.9935264355112596,0.7449636963826367,0.9648659912110236,0.9623211158059548,0.9661972965770258,0.9700808834258973,0.7170510083716037,0.9690033562225546,0.9675743567407264,0.9547434413197935,0.9623211158059548,0.953255582527178,0.927361400440734,0.4568668046928924,0.9336842693103167,0.8689304945061069,0.9511876099263497,0.9381728330554157,0.8763826688608696,0.8568976243014226,0.9751129258825251,0.9576036838348736,0.8024655460350358,0.9648659912110238,0.9397924012017989,0.8375670847398855,0.9564866901437916,0.9878830516764527,0.9720496894409938,0.8632968247935926,0.710581016303385,0.8724792971491389,0.9613973877408789,0.9610996995613954,0.9987382114239766,0.8551218848344516,0.8568667102675331,0.8953882126548838,0.8301539158150102,0.9623211158059548,0.891575258299588,0.9965185747417931,0.6466395413006398,0.9389009867184677,0.9704919301607371,0.9250632826893768,0.9623211158059548,0.9623211158059548,0.9861053894336533,0.9801025842096873,0.7738798281022029,0.9623211158059547,0.9704919301607371,0.9623211158059548,0.9425114327004684,0.9237472579920245,0.8812984813018134,0.9623211158059548,0.9953786045233854,0.5343131350824657,0.8141668506447503,0.8411492750857319,0.9623211158059548,0.9118525638325781,0.6630502449952584,0.8714783961680885,0.8734757225311296,0.6282549478611406,0.9461383996104074,0.9648659912110238,0.8860686207373003,0.9623211158059548,0.8514576480163736,0.9491780856091547,0.8954927753294002,0.8169519877736622,0.9471168020442999,0.913455172226983,0.49666151308401907,0.9623211158059548,0.9718039120618638,0.8926194277271776,0.9623211158059548,0.9434341193662399,0.9282993639754934,0.9619064228844953,0.83390375807818,0.8907614131129444,0.9623211158059548,0.8734757225311294,0.9340813247611222,0.9675743567407264,0.9481784169066947,0.985462286199813,0.9311473405254238,0.9319883865480127,0.7350158227803454,0.9648659912110238,0.9245566463845685,0.9157773781681391,0.5556944153918173,0.9313600044484991,0.7885622472224324,0.9470898955447686,0.9522137875062906,0.966197296577026,0.9840677331869967,0.9623211158059548,0.9690033562225546,0.9776569049810198,0.9497531817955672,0.9553906988562064,0.9262251883972947,0.9599080294518354,0.8877284767626408,0.9635753483468394,0.9599080294518356,0.6717386274418835,0.9510697823313443,0.9564866901437918,0.9548754176902221,0.7626300475640045,0.9690033562225546,0.9259593348757926,0.9704919301607369,0.9673074603196745,0.9071885561788836,0.9604106491582282,0.9726326202607707,0.9704919301607371,0.8492197889319004,0.9380163966266186,0.967348383883694,0.9501760208500687,0.9543141322095117,0.9788715516976692,0.9648659912110238,0.9397924012017986,0.9752737206364959,0.9087295850935582,0.6345328743203607,0.9253688519211305,0.9553906988562064,0.9936310971469995,0.803980789679084,0.8684477557283834,0.6555387800180568,0.9587434581480645,0.8621164028243915,0.8444600220493926,0.9425114327004684,0.9511876099263497,0.9522137875062906,0.8314138240813397,0.9700351664034113,0.890001356641569,0.9797658041147692,0.9371382816751241,0.8174671235160882,0.8505410419770536,0.9648771726248766,0.826311779704169,0.9965185747417931,0.9752737206364959,0.9690033562225546,0.8753236120931845,0.9197374370356886,0.9330470514183519,0.9480026438367741,0.9613973877408789,0.9587434581480645,0.9661972965770262,0.9690033562225546,0.6216122422629038,0.8607491670904543,0.9354001807590557,0.9610996995613952,0.961099699561395,0.9071879956687867,0.9633423340760361,0.9587434581480645,0.749496804411923,0.9623211158059548,0.9675743567407264,0.9623211158059548,0.9623211158059548,0.9035853419274646,0.9522137875062906,0.9397924012017986,0.9623211158059548,0.8963066301031358,0.9188090811153939,0.9371382816751241,0.9313600044484991,0.9118525638325778,0.99375795145168,0.8655369948545262,0.9278239868212357,0.9205937947274883,0.9576036838348734,0.915777378168139,0.9675743567407264,0.9389009867184674,0.8353231768642487,0.8931449617140892,0.7456185272242684,0.9576036838348732,0.9599080294518356,0.8622506099222329,0.9675743567407264,0.7838792003066437,0.9648659912110238,0.721899103237124,0.9543141322095117,0.9819567482913832,0.9774873843362966,0.8876315196146516,0.9953786045233856,0.9826171532883461,0.9522137875062904,0.9406910117203195,0.9648659912110238,0.9543141322095117,0.9471168020442997,0.896306303014358,0.9349923761154098,0.9613667414467569,0.966197296577026,0.9349923761154098,0.9587434581480645,0.8734757225311298,0.7525975689189656,0.9610996995613952,0.8714783961680888,0.9453068780840737,0.9720496894409938,0.8434948191248504,0.886044904654111,0.9788715516976692,0.8458079468747679,0.680419630141901,0.931147340525424,0.9126353343364839,0.9623211158059548,0.966197296577026,0.9380163966266191,0.9510697823313443,0.8970542565865078,0.9726326202607705,0.9599080294518358,0.991834013047275,0.9908777073428441,0.696292071706645,0.8926194277271777,0.9704919301607371,0.8547624211186653,0.9553906988562064,0.9433079361147025,0.9599080294518354,0.9576036838348732,0.8680892785394443,0.6117564876357919,0.9511876099263499,0.9487990223782056,0.9110706954672414,0.838769908389444,0.9405097243761411,0.9980634982842684,0.9134551722269828,0.8117060761496813,0.9443657603723179,0.9704919301607371,0.953255582527178,0.9471168020443,0.805480301064461,0.9278239868212359,0.9205349146293751,0.9610996995613954,0.8525660270333197,0.802465546035036,0.9720496894409938,0.9102896363632471,0.9648659912110238,0.7730110731649057,0.9380163966266188,0.9501760208500687,0.927002353944838,0.9443657603723179,0.953255582527178,0.9245566463845687,0.9553906988562064,0.9610996995613954,0.966197296577026,0.9720496894409938,0.9623211158059548,0.9980634982842684,0.9001706985868911,0.8568667102675331,0.5876867631607772,0.9623211158059547,0.9134191021410438,0.8236960282711149,0.9303105872741884,0.9425114327004684,0.9286491105644252,0.6993749881802709,0.9118525638325778,0.8239977917540977,0.9462580354121286,0.9303105872741886,0.929554372344459,0.7971404147868456,0.9675743567407264,0.6637954941672968,0.9472198404849024,0.9648659912110236,0.9371382816751241,0.0,0.9462580354121286,0.9599080294518358,0.45686680469289254,0.9564866901437918,0.9880755935910337,0.9623211158059548,0.9223798585420758,0.9142039648291602,0.9690033562225546,0.9510697823313443,0.9543141322095117,0.8653728680514658,0.8907614131129444,0.9610996995613954,0.9661972965770262,0.9587434581480645,0.9610996995613954,0.9610996995613954,0.9980634982842684,0.9623211158059548,0.9613973877408789,0.983902503224694,0.9623211158059548,0.49643970240259827,0.9189419416378728,0.9690033562225546,0.9648659912110238,0.9675743567407264,0.9635753483468394,0.954743441319793,0.8525660270333197,0.8947109826062525,0.9522137875062904,0.921486607260005,0.9623211158059548,0.6995665205796846,0.9648659912110238,0.9511876099263497,0.8841704956632956,0.9852078760340834,0.5128204270938892,0.9635753483468394,0.953255582527178,0.6681446414719276,0.9751129258825251,0.9623211158059548,0.9371382816751241,0.9415972144812141,0.9936310971469995,0.8447400695691338,0.9700351664034113,0.9690033562225546,0.9481929520311922,0.9648659912110238,0.6468113578804147,0.9223798585420759,0.9623211158059548,0.9623211158059548,0.9126353343364841,0.9704919301607371,0.9636652884875014,0.9587434581480645,0.6717386274418833,0.8697688980991496,0.9599080294518354,0.8450009511531916,0.8774187727774527,0.9623211158059548,0.9623211158059548,0.9362663130722395,0.913455172226983,0.7658906239201635,0.9186263852882655,0.8852493927538769,0.7960141260477717,0.8039807896790839,0.8888928429685592,0.9501760208500687,0.9368488853021559,0.9623211158059548,0.9764578705634923,0.966197296577026,0.9720496894409936,0.8155659548675025,0.9690033562225546,0.9134551722269828,0.9623211158059548,0.9623211158059548,0.8694627353424191,0.6046333748805407,0.8754555700857669,0.9543141322095117,0.7775597907918518,0.9253688519211305,0.9462580354121286,0.9752737206364959,0.9161328056274323,0.8687371263235002,0.9623211158059547,0.9935264355112596,0.9026813633907262,0.9635753483468394,0.9690033562225546,0.9620090329381987,0.8953882126548839,0.795321818859003,0.9965185747417928,0.9635753483468394,0.9781496244714993,0.9623211158059548,0.9098785216031471,0.9965185747417931,0.9253688519211305,0.9056153321941813,0.7622201186009614,0.9673074603196745,0.929477912196599,0.7829046555068863,0.9675743567407264,0.9025045192170251,0.8978340794956947,0.9613973877408789,0.9704919301607371,0.9425114327004684,0.9491780856091547,0.8990495743347309,0.966197296577026,0.9610996995613954,0.9079504174811017,0.9472198404849024,0.9935264355112596,0.9987382114239766,0.9720496894409938,0.9935264355112596,0.9720496894409936,0.9137336093857829,0.7148430590437301,0.9406910117203193,0.9229405345355652,0.9623211158059548,0.9704919301607371,0.9543141322095117,0.9543141322095119,0.7753832614665742,0.9576036838348736,0.961099699561395,0.9472198404849024,0.921334501588241,0.9635753483468392,0.939704111879597,0.9965185747417928,0.8689304945061072,0.8523882775756786,0.9623211158059548,0.6993749881802709,0.9623211158059548,0.8812984813018134,0.9704919301607371,0.6426205939986416,0.9511876099263497,0.9340813247611222,0.9623211158059548,0.8926194277271777,0.8434948191248502,0.9511876099263497,0.8935446993031986,0.9098785216031469,0.8990495743347309,0.966197296577026,0.9826888816980899,0.9250632826893765,0.8559789162214915,0.9218915803605505,0.9071885561788835,0.7993863339074856,0.9720496894409938,0.9071885561788835,0.6046333748805408,0.9245566463845687,0.9481929520311922,0.9197013194028303,0.9278239868212357,0.8387699083894442,0.9623211158059548,0.9610996995613954,0.9223798585420759,0.8970542565865078,0.686152445254047,0.8714783961680888,0.8536675698745142,0.9623211158059548,0.8803341432771281,0.8986133813304016,0.5742195952069614,0.9623211158059548,0.8812473067855702,0.49666151308401907,0.9690033562225546,0.9522137875062906,0.9610996995613954,0.7946396535724355,0.9491780856091548,0.972947370281771,0.9880755935910334,0.9319883865480125,0.5556944153918177,0.83635524889329,0.9623211158059548,0.9899835764925835,0.9623211158059548,0.9690033562225546,0.8127543749601961,0.91420396482916,0.9720496894409936,0.9453068780840737,0.8094833764446485,0.9294779121965993,0.9425114327004684,0.9623211158059548,0.9143480251080164,0.9053891459708625,0.7880537257906831,0.9443657603723179,0.9371382816751241,0.9661972965770262,0.9443657603723175,0.9953786045233858,0.9380163966266191,0.9205349146293751,0.8536675698745142,0.9380163966266191,0.9425114327004684,0.9381728330554158,0.9149900225490737,0.9380163966266191,0.9720496894409936,0.9491780856091547,0.9635753483468394,0.7631666477878625,0.9547434413197934,0.9434341193662399,0.7035794602792431,0.9850406692683008,0.9371382816751241,0.9522137875062904,0.9362663130722395,0.9481929520311922,0.954743441319793,0.9543141322095117,0.8603806964337213,0.6950368382301042,0.9716885439827988,0.8763826688608696,0.9892552360381517,0.9319883865480127,0.6575970967578812,0.9635753483468392,0.9648659912110238,0.97765690498102,0.7411322394857488,0.9462580354121284,0.7349500241114311,0.9764578705634923,0.966197296577026,0.9675743567407264,0.9063933734589966,0.9453068780840737,0.8448966559165226,0.9389009867184677,0.9443657603723179,0.8907888642207369,0.9751129258825251,0.9341913284130114,0.9623211158059548,0.8788242050198836,0.7354990231314156,0.62258348500316,0.9261840328635951,0.8884227473641773,0.9675743567407264,0.9397924012017986,0.9079504174811013,0.9491780856091547,0.9587434581480645,0.7403975775726681,0.9752737206364959,0.9048375041252168,0.8590777082013559,0.9700351664034111,0.8844523283713119,0.7864297230821703,0.8591342534834442,0.826311779704169,0.9648659912110236,0.9471168020442999,0.9157773781681391,0.9462580354121286,0.5736515917591659,0.9245566463845687,0.8986133813304016,0.8607491670904543,0.9599080294518358,0.9599080294518356,0.8755644359298405,0.9107192181558882,0.7658906239201637,0.9648659912110238,0.8954927753294002,0.9107192181558882,0.9675743567407264,0.9205349146293751,0.9819567482913832,0.9635753483468394,0.9704919301607371,0.9609676410723689,0.9690033562225546,0.7921166669210778,0.9675743567407264
p232_S,0.8551927762091232,0.9985862887416473,0.8456737070075293,0.9906272620392718,0.927406180672594,0.9462580354121286,0.901682383267377,0.9573697022268968,0.9776988352875526,0.9432628256129654,0.9142266602978066,0.8868830823568324,0.9338613756314729,0.9231842997566406,0.9330002431015507,0.8878770571301755,0.9901683301057446,0.9022812459376923,0.9438962066300456,0.9961565139931365,0.865529275316437,0.9121566723282286,0.9081181966045124,0.9798175375448483,0.9101213268023747,0.9022812459376919,0.9206732387984036,0.9601131139678032,0.9961565139931364,0.9283842177561201,0.9276398400468775,0.9883880331853732,0.918481717146135,0.884234751678239,0.8790589891285873,0.998252218275079,0.929963842972795,0.9184817171461352,0.946258035412129,0.9003870625528827,0.8843596565983227,0.6790644244196316,0.9262251883972957,0.9699956705262556,0.9455891145578187,0.9495187005855923,0.9324454498571317,0.8861330274514618,0.9003870625528829,0.622775793715592,0.9350052413014638,0.8079206983649017,0.9395449643646776,0.9163339973465925,0.9184817171461352,0.8985159947466634,0.8985159947466637,0.9275522446953854,0.9118116119982469,0.9229124393123012,0.9296054847085659,0.6789909156351379,0.6505541329384786,0.8565016117177144,0.9376530086096915,0.7584487962614122,0.9350052413014638,0.8626831724851713,0.8583664615605735,0.998252218275079,0.8877049890176527,0.9003870625528829,0.9275522446953857,0.7536469751485397,0.9275522446953854,0.8380594322760748,0.9121566723282284,0.9558556565462317,0.8248919281470397,0.946258035412129,0.9142266602978069,0.9832318780369318,0.8948378117301918,0.976808682791664,0.9275522446953854,0.9146842304664577,0.8839433174378551,0.9015097943883446,0.8756614665880615,0.9252037445446055,0.9275522446953854,0.8456737070075289,0.7591615797799518,0.6374144467755309,0.9650166107570195,0.7209708066587959,0.8688749213726972,0.865529275316437,0.9770030091460995,0.7276881657972794,0.8985159947466637,0.9645105128281709,0.9275522446953857,0.843545228694502,0.9923076720528001,0.9404006431802037,0.8676123050779094,0.9971015890962014,0.9101213268023749,0.7272397652155463,0.8720956237171462,0.9042000439512239,0.9766640415453469,0.9193071817199613,0.9324454498571317,0.8317022725749942,0.8709667178740068,0.9404006431802039,0.9899835764925835,0.9264968259142019,0.8757895304704921,0.8365455300348617,0.950107672001856,0.8930282606473359,0.7996090066464221,0.8910546297980166,0.929963842972795,0.7334359965876116,0.9721820378192461,0.9005283589274583,0.963850389655432,0.9324454498571317,0.9350052413014638,0.8624668003020075,0.9206732387984036,0.9349363967408761,0.7742712939348961,0.9883880331853732,0.9883880331853732,0.9686400066736423,0.9643637623654484,0.9432628256129654,0.9421000859952446,0.8411444086656643,0.8655292753164372,0.9330002431015509,0.9923239935423266,0.8501471191642513,0.6961750005784259,0.7417355450710401,0.9432628256129656,0.9004067571879332,0.9312380290574311,0.8556474326498924,0.9350052413014638,0.9370632386318551,0.8773804039030875,0.9086088401419732,0.9794317581201835,0.8622112935825184,0.7714597981778004,0.9839674685144806,0.9061450951233825,0.7591784068245044,0.9357775636249703,0.8808199067953635,0.9424631527248861,0.8843596565983223,0.9998939897295667,0.6205630319738813,0.8894628186153253,0.9252037445446055,0.8985159947466634,0.9384056664180465,0.8369525677660956,0.9003190573751396,0.998252218275079,0.9116107977387804,0.9188713671930944,0.9154821495364778,0.874134817623271,0.9455072059402425,0.9208861249369155,0.9252037445446055,0.9144092287610687,0.8142384684102786,0.9724884149924614,0.6879329861940777,0.9163339973465924,0.8912369310715329,0.9399048586036761,0.9202538117870076,0.7676903214261124,0.6969537949824359,0.9296054847085656,0.9275522446953854,0.929963842972795,0.9856324259650172,0.9141970393007293,0.8961121257171545,0.9682836182455641,0.9721820378192461,0.9275522446953854,0.8601959889787731,0.6969537949824359,0.9432628256129656,0.9275522446953854,0.914152035191489,0.9735629864071065,0.9670972943767466,0.9517996755947726,0.8644023815981577,0.9252037445446053,0.9275522446953854,0.7941283159129116,0.9275522446953854,0.7626180628671608,0.9235267687105844,0.9396673966324447,0.9275522446953854,0.964635888991881,0.9275522446953854,0.9876615936729205,0.8970614495800682,0.8808199067953635,0.8230100022103346,0.9839674685144806,0.7041060636550823,0.9686400066736423,0.9081181966045127,0.6392633051571592,0.8660034226470059,0.9534797611370638,0.8842347516782392,0.9350052413014638,0.5584794457895186,0.9498037239005275,0.7683307194142526,0.9632421972685552,0.9735629864071067,0.9106086590743889,0.9206732387984036,0.8622112935825184,0.9229124393123014,0.9275522446953854,0.6258510986898329,0.9275522446953854,0.8722230849579988,0.9106086590743894,0.9883880331853732,0.8897849462365582,0.7041060636550824,0.929963842972795,0.8421596549104927,0.9101213268023747,0.8472070714583104,0.8776283584600683,0.9878611285626893,0.9324454498571317,0.8411444086656643,0.8170245918162768,0.6679150834848862,0.9252037445446055,0.8959207482435987,0.7990564356667826,0.946258035412129,0.9990825408341074,0.6954035569236952,0.9042000439512241,0.9116107977387802,0.8215127245154954,0.9350052413014638,0.9248903966227244,0.6842622382840271,0.8395831264203746,0.9404006431802037,0.7487717560845311,0.8774549020235318,0.9832318780369318,0.9161955268153275,0.9404006431802037,0.9856724533720749,0.7581131697593824,0.729494505096888,0.8549399288486854,0.9231842997566406,0.932445449857132,0.8842347516782392,0.7924494782008715,0.9229124393123012,0.9324454498571317,0.9645105128281708,0.7544169386321904,0.9404006431802039,0.807316601915268,0.8880169523355715,0.8365455300348619,0.8674473477645402,0.9404006431802039,0.9275522446953857,0.9529082331312292,0.9229124393123014,0.9582291749307174,0.801010969060709,0.9514516697356489,0.9839674685144806,0.9737394147108269,0.9126333026427302,0.7788424809326606,0.7094696284597467,0.98627212433697,0.7920325372467056,0.9632867304108729,0.9396673966324454,0.891185282221918,0.9432628256129658,0.9935786529621748,0.9961565139931364,0.855539121364187,0.9735629864071065,0.8708552650198254,0.8099444568561252,0.9275522446953854,0.935005241301464,0.9678021884284397,0.902281245937693,0.9404006431802037,0.9931284229919284,0.9252037445446053,0.9275522446953854,0.8099742568012582,0.9404006431802039,0.9462580354121288,0.9459797321596404,0.8248919281470399,0.944688486580157,0.935005241301464,0.6086381329492925,0.7775244447977974,0.9101213268023749,0.9184817171461352,0.7952255655305929,0.9839674685144806,0.9492912834176326,0.8158507075675505,0.9985862887416471,0.9762347383443425,0.9462580354121288,0.7116866800669991,0.884234751678239,0.6943933232625669,0.9206732387984036,0.9252037445446055,0.9876233993272145,0.98379412513154,0.8344288382470137,0.6642189496528895,0.7627134335180523,0.9275522446953854,0.9359064386757299,0.9146842304664582,0.8859625712873518,0.914684230466458,0.9432628256129658,0.6205630319738811,0.9275522446953854,0.9275522446953854,0.9003870625528829,0.7063535354594477,0.7990568456988287,0.9275522446953854,0.9432628256129658,0.9275522446953857,0.8894628186153251,0.8808482963378008,0.925635915701389,0.9275522446953857,0.8912369310715327,0.9121566723282284,0.7823891620836401,0.7474977281132695,0.9275522446953854,0.8556474326498928,0.8808199067953633,0.7170979328889536,0.8168791153451309,0.9253930751088408,0.9575740339234504,0.9324454498571317,0.8114695546046222,0.9275522446953854,0.877762670578929,0.9395449643646789,0.9374797053735171,0.8870006960879628,0.9798175375448483,0.7807710991870638,0.9620019617019888,0.9275522446953854,0.902677534383324,0.9224611170473793,0.9275522446953854,0.8912369310715327,0.9176845507525133,0.9604703032314948,0.7576916173639552,0.8010109690607089,0.9275522446953854,0.7753917691296879,0.6570186027683917,0.9931284229919284,0.9465787190015935,0.884596798776188,0.7495488163940299,0.8931038193832332,0.8791091811518514,0.9324454498571317,0.9791100127950296,0.9929048667968814,0.9081181966045124,0.9485465172223242,0.9416467281107572,0.8395496500824655,0.974154537883592,0.9350052413014638,0.9395449643646787,0.9275522446953854,0.9404006431802039,0.8596424572452426,0.8236742330361656,0.9608863509569181,0.8966666666666667,0.9229124393123014,0.849056264720272,0.9798175375448483,0.9229124393123012,0.955855656546232,0.9275522446953857,0.9985862887416475,0.8275077775771664,0.9648561412119022,0.9982522182750793,0.9814211538373909,0.9961565139931365,0.9588738543024724,0.8956696942089944,0.946076766939187,0.9529366743750114,0.9432628256129656,0.9232762522922799,0.8646729264257034,0.8988287569352162,0.9042000439512241,0.9121566723282286,0.8897181908471417,0.9324454498571315,0.7904825896247928,0.967933791240146,0.97824973809748,0.9061450951233823,0.8843596565983223,0.9142266602978069,0.96225141944642,0.8375584557741425,0.7851448088319414,0.9223156870059124,0.9206732387984036,0.8827582830733476,0.997366491079042,0.9231842997566406,0.6313342073953234,0.934912116046293,0.7822495582935953,0.960886350956918,0.8110810637489306,0.7084209903088714,0.9735629864071067,0.9404989080424584,0.9324454498571317,0.9094884033092887,0.7890143656878863,0.9790111546477847,0.9400757463595384,0.7124899062505448,0.9423100764371375,0.8456737070075291,0.9513961626258347,0.944446698490097,0.9206732387984036,0.9206732387984036,0.9582291749307175,0.9404006431802039,0.8930282606473359,0.7940495782156358,0.8757895304704919,0.9252037445446055,0.9252037445446053,0.897477256383806,0.7789979608961888,0.9206732387984036,0.8170245918162766,0.9275522446953854,0.9931284229919284,0.9275522446953854,0.9275522446953854,0.7701546991876683,0.9081181966045124,0.884234751678239,0.9275522446953854,0.9384942547187188,0.9872488790222194,0.8060968679283829,0.9382147673560617,0.8807819406945459,0.9118116119982469,0.8628087882864628,0.7968266435591362,0.9867286320076915,0.8639170600745967,0.9929048667968813,0.9376530086096915,0.9790111546477849,0.8603245268714901,0.9773554955128889,0.8930282606473359,0.9184817171461352,0.9856324259650169,0.8173589894968174,0.9376530086096915,0.8791091811518514,0.9324454498571317,0.8861330274514618,0.9121566723282284,0.9420850922811461,0.9081181966045127,0.7457100094668436,0.8912369310715329,0.9244008776882711,0.9473606184418109,0.949493449183936,0.7584224381987759,0.9247233194846388,0.9299638429727952,0.8774549020235314,0.9335860472634878,0.9693431399377672,0.9350052413014638,0.7960489146934,0.9206732387984038,0.6924170766988027,0.8426181754406723,0.9252037445446055,0.7170979328889534,0.8948378117301918,0.9462580354121288,0.7650210265096962,0.8403296264575744,0.7968266435591357,0.7615111305837989,0.9121566723282286,0.7200996718918715,0.9406224499548478,0.9275522446953854,0.9350052413014638,0.9919265098151698,0.9275522446953857,0.9646358889918811,0.9121566723282282,0.9399048586036757,0.9299272112436057,0.7807710991870638,0.9081181966045124,0.7967531810931707,0.9432628256129656,0.7680337979498792,0.7943703659632182,0.6938903053249561,0.9229124393123014,0.9074373046304507,0.8911249703855041,0.8791314954080307,0.9446884865801572,0.8323967136656385,0.9290499289095773,0.7509193098950355,0.7505804192991621,0.916763017547936,0.9968662932581831,0.8252844515670328,0.691632786558157,0.9355758535992383,0.9699196375991819,0.9204750733110448,0.9888104103134967,0.9678021884284396,0.8739518939582038,0.9252037445446055,0.8550443936873218,0.7732118150241378,0.9462580354121288,0.6996048698434076,0.9129884941708223,0.9146842304664577,0.880819906795363,0.9799701406110684,0.9989748688295451,0.8930282606473359,0.9699196375991819,0.8549399288486852,0.9142266602978064,0.9252037445446055,0.9350052413014638,0.9462580354121288,0.9275522446953854,0.9205956531035806,0.8316090579641475,0.7924494782008715,0.8859625712873518,0.9275522446953854,0.9887226622684823,0.7923745271235738,0.6376182095022391,0.8894628186153251,0.8628087882864626,0.8722512319713727,0.7422004386356598,0.9023161680203331,0.8966666666666665,0.9244008776882713,0.9446193146799471,0.9233888313903122,0.9376530086096915,0.8897181908471412,0.8985159947466637,0.9839674685144804,0.8791314954080309,0.9462580354121286,0.0,0.9229124393123016,0.9462580354121288,0.9163339973465923,0.8847665488736309,0.9275522446953857,0.8188833286340159,0.8350341233526903,0.9982522182750793,0.9274061806725941,0.9529366743750116,0.7079164867920251,0.6545970012339903,0.9252037445446055,0.9350052413014638,0.9652524543463294,0.9252037445446055,0.9252037445446055,0.884234751678239,0.9275522446953854,0.9206732387984036,0.9262436834069807,0.9275522446953854,0.944688486580157,0.8441441538596661,0.998252218275079,0.9324454498571317,0.9376530086096915,0.9299638429727952,0.9252037445446055,0.709144246065047,0.7425304696011636,0.9349121160462939,0.8085269253532237,0.9275522446953854,0.8676123050779094,0.9324454498571317,0.944688486580157,0.6906697988930339,0.8692294415124868,0.9404006431802039,0.9798175375448483,0.969919637599182,0.8690511952611,0.9101213268023749,0.9275522446953854,0.8791314954080309,0.8877049890176527,0.9622514194464205,0.9235267687105844,0.9142266602978069,0.9404006431802039,0.9370632386318549,0.9324454498571317,0.8676123050779094,0.9733357863281586,0.9275522446953854,0.9274061806725941,0.8825423528027132,0.9432628256129656,0.7904323536708819,0.9652524543463294,0.9142266602978069,0.6301126029428366,0.9229124393123014,0.6948724041089076,0.684392319762356,0.9275522446953854,0.9275522446953854,0.9356214692658182,0.8888186962226239,0.9962981125733232,0.8698714447158039,0.9793864538694004,0.7576916173639552,0.9254149118832258,0.7843406499465574,0.9042000439512239,0.7392724559356161,0.9275522446953854,0.9983890748485311,0.9350052413014638,0.946258035412129,0.7807710991870638,0.9404006431802037,0.9599146679275931,0.9275522446953854,0.9275522446953854,0.7832103179669064,0.9275522446953857,0.8129320883431548,0.9121566723282286,0.818971770121748,0.8565016117177144,0.8966666666666665,0.8927759843568142,0.8231737834956924,0.9220996502561909,0.9275522446953854,0.8791314954080307,0.7936527882505646,0.9798175375448483,0.998252218275079,0.8264421262621756,0.9996191519277726,0.872490230732146,0.8825207683757943,0.9703287678830984,0.9836206585984133,0.9275522446953854,0.7751056202079696,0.8825207683757947,0.9679337912401467,0.9634845029110538,0.8080514071552432,0.9135065748298868,0.9512723397097897,0.8142384684102784,0.9931284229919284,0.9078531750220546,0.9633872716499582,0.9206732387984036,0.9961565139931365,0.9569057808979562,0.939544964364678,0.7814733444858908,0.9350052413014638,0.9252037445446055,0.9457240559773628,0.4874512121775041,0.8791314954080305,0.9876233993272145,0.9462580354121288,0.8791314954080305,0.8624668003020068,0.9462580354121286,0.8612222667022578,0.9517801630988367,0.9882158233842637,0.9757533722166009,0.9432628256129658,0.9121566723282286,0.9655033215314223,0.8256889440796216,0.962001961701989,0.9338613756314729,0.970755146873232,0.8756614665880613,0.7709139895948846,0.9601362415450061,0.9244984590802254,0.918833472958356,0.9251767784811906,0.9275522446953854,0.8456737070075291,0.9275522446953857,0.8009002134910509,0.9432628256129654,0.9420850922811461,0.9061450951233829,0.8630974012257893,0.9275522446953854,0.817704503752205,0.765021026509696,0.944688486580157,0.8155773006658747,0.8180229103268297,0.8025737887610285,0.9883880331853732,0.9977451916943743,0.9571614253051384,0.7859911101509172,0.7388308463410306,0.9081181966045127,0.8205265444224048,0.9899835764925831,0.9473606184418111,0.9275522446953857,0.8408182974981273,0.9737394147108267,0.9892738844425235,0.9108103401386718,0.7509193098950355,0.5889758398645479,0.9252037445446055,0.9512711495147095,0.8252844515670321,0.8518325205937485,0.862277133220358,0.7490259850160721,0.9275522446953854,0.802926759215885,0.8284445490250332,0.8894628186153251,0.9275522446953854,0.7670874917349838,0.9944777937421577,0.9404006431802037,0.8564272723716961,0.9252037445446055,0.8254530865954859,0.9486638803543643,0.7895760999391797,0.8847665488736309,0.8989377839005215,0.9473606184418113,0.7754173257362298,0.9275522446953854,0.854193548387096,0.9275522446953854,0.9404006431802039,0.8056952552234846,0.98627212433697,0.946258035412129,0.5788211955686011,0.8224959708134425,0.9512723397097897,0.8894628186153253,0.9275522446953854,0.7196633449625738,0.8932785031397029,0.8095013281374088,0.9276398400468784,0.8791314954080311,0.9350052413014638,0.8930282606473352,0.7330454845180803,0.9126333026427302,0.9809311839577799,0.8531789425883889,0.9126333026427302,0.8894628186153253,0.9350052413014638,0.8365455300348619,0.9126333026427302,0.946258035412129,0.9768086827916644,0.9703287678830984,0.8622112935825186,0.9252037445446053,0.6988893404807721,0.9061450951233825,0.9254062818990603,0.8791314954080309,0.8171848505343977,0.9979293455027016,0.9895844092102012,0.9252037445446055,0.9121566723282288,0.9212335149588724,0.8894628186153253,0.887918992030285,0.7604776249044977,0.965765408605743,0.8692294415124873,0.9003870625528829,0.929963842972795,0.9324454498571317,0.9161955268153275,0.8756614665880618,0.9609677419354835,0.9322580645161287,0.8861330274514618,0.9582291749307172,0.9376530086096915,0.917320616025947,0.9650166107570195,0.833193433590145,0.8601715348988982,0.8930282606473356,0.8702715381030934,0.9101213268023747,0.8912369310715331,0.9275522446953854,0.9711231149790952,0.8507779282327539,0.939152710725605,0.9983890748485311,0.8752943283626595,0.9376530086096915,0.884234751678239,0.9211812452239574,0.9022812459376919,0.9652524543463297,0.9650166107570195,0.9122177014789303,0.9376236760632148,0.8652694569217232,0.9142266602978066,0.9108501363691779,0.9252037445446055,0.8109703389764626,0.8316624542114344,0.932445449857132,0.929963842972795,0.9554799883628495,0.896666666666667,0.9324454498571317,0.7301849252606045,0.8207429245784625,0.8583200901049732,0.9229124393123014,0.9229124393123014,0.8062629089545367,0.9061450951233823,0.8612222667022578,0.7584224381987761,0.9010269583393468,0.9061450951233827,0.9376530086096915,0.954186361457886,0.9799701406110681,0.929963842972795,0.9432628256129654,0.9392085842254891,0.9404006431802039,0.9187875660540296,0.9376530086096915
p232_V,0.94226955920958,0.9922393349032013,0.7736626550119533,0.9175383063396303,0.9459533477380777,0.9581756603540755,0.7413573066458359,0.7617416940303636,0.8976541691085209,0.9576735770276548,0.9360123464869741,0.9442013463068035,0.9442013463068035,0.5625603488683246,0.943748019357896,0.8780615512279373,0.8873533009789314,0.9292705781907253,0.6728252353298367,0.9576735770276548,0.9136668681404589,0.9344681175525125,0.9314553797224701,0.947752420917731,0.9329497321807898,0.9271009640247969,0.4291529031175031,0.9110906193450523,0.9576735770276548,0.7861116565250369,0.9201981569430602,0.9515133476881705,0.9391866557097979,0.913638123172289,0.9459533477380777,0.9555383641697375,0.947752420917731,0.3898394456216373,0.9599080294518358,0.5088567233123078,0.8929489608197012,0.9285324039439793,0.9599080294518358,0.9073379150848058,0.9408215498230332,0.8179120212204941,0.9842011665427952,0.8941182576784144,0.9256878868316014,0.8848712502248586,0.9515133476881705,0.6695334275352576,0.9271009640247969,0.937584438157661,0.9391866557097979,0.924292054060027,0.924292054060027,0.9459533477380777,0.820358135051938,0.9424920127795526,0.900037393980877,0.8480962071381715,0.9271009640247969,0.8929489608197012,0.9534886050081051,0.8406771976301872,0.9515133476881705,0.8760865533227362,0.8185133723218982,0.9555383641697375,0.35631787855163566,0.9256878868316014,0.9459533477380777,0.8155897859167089,0.9459533477380777,0.879190935397886,0.9344681175525125,0.9360123464869741,0.8119936899116005,0.7124267297718101,0.9894969760647812,0.9299834289466349,0.537460659396191,0.9271009640247969,0.9459533477380777,0.3851430530455987,0.9344681175525125,0.7921369220339982,0.8871620821950175,0.9442013463068035,0.9459533477380777,0.5346363886777226,0.7909750128041542,0.8456018749230434,0.9882866951437199,0.8941182576784144,0.5439221290359226,0.8803223329648369,0.8356792914890032,0.8071419677837113,0.9828956122135616,0.9842011665427952,0.2465371221124395,0.9146681087620985,0.8932444491995201,0.9555383641697375,0.4555495968361478,0.7843401014318694,0.9329497321807898,0.8179682595223976,0.6590497162861018,0.9772068366488,0.8817019751396638,0.9036569103682495,0.9496037211238535,0.8039127449891676,0.937584438157661,0.9555383641697375,0.9581756603540754,0.9080629205282023,0.9865915329321682,0.7262362277568399,0.3991861418329574,0.9908644354749632,0.9771467307855514,0.7397631429015088,0.947752420917731,0.9120136950985207,0.9350839192327518,0.9098310498422768,0.8646144802620153,0.9496037211238535,0.9515133476881705,0.9599080294518358,0.9408215498230332,0.6506164846502923,0.8713193097015215,0.8427291918603484,0.9515133476881705,0.9424920127795526,0.8848458065728255,0.9576735770276548,0.8406771976301872,0.7336447044581456,0.5861651042252105,0.9048766089350642,0.9203767054972343,0.8319645762487426,0.9256878868316014,0.7429069381436562,0.8088256562415742,0.9000373939808768,0.7715983355805623,0.9058538072885725,0.9799008321613357,0.9256878868316012,0.9927434496735881,0.5710771326654682,0.8478507258139245,0.5283851172492289,0.719897651880278,0.8518109418760929,0.970976036785571,0.7895618251049048,0.9259093040850026,0.5984259640418201,0.8523344596018207,0.9287407729092758,0.9882866951437199,0.9496197597619187,0.9175383063396303,0.9442013463068035,0.924292054060027,0.6577627149286318,0.8736582841643716,0.6205993721540615,0.9555383641697375,0.89324444919952,0.9149270915494647,0.722920503574256,0.9061034849845075,0.8814559000030189,0.9364894453503559,0.9442013463068035,0.8797354478006449,0.6885980876961344,0.8489732636249694,0.8952920587572559,0.937584438157661,0.9627453733534854,0.9424920127795526,0.8976541691085211,0.750861336658039,0.8030244306367436,0.9000373939808768,0.9459533477380777,0.947752420917731,0.4112531061412845,0.8941182576784144,0.9369399064928525,0.8848712502248586,0.9442013463068035,0.9459533477380777,0.9213819287986174,0.7763145111532377,0.9576735770276548,0.9459533477380777,0.9341586822630342,0.9688440619373718,0.9123483154835408,0.9067529594461947,0.8988430035065228,0.9442013463068037,0.9459533477380777,0.8760865533227362,0.9459533477380776,0.8268088576336086,0.777294905364172,0.6993233879290577,0.9459533477380777,0.8523344596018207,0.9459533477380777,0.7689736716459097,0.901237634194086,0.4758051098885381,0.8679639303639388,0.9180060542094439,0.7831899103474056,0.9424920127795526,0.7156159865374475,0.9344681175525127,0.9499053607024347,0.9126889998375329,0.955430200993886,0.9799008321613357,0.8929489608197012,0.8837301903431398,0.8472499068346662,0.9329452550639807,0.9502726792490606,0.9098310498422768,0.9408215498230332,0.5283851172492289,0.9424920127795526,0.9459533477380777,0.8964706102804108,0.9459533477380777,0.7164019795562551,0.44310287964918305,0.9515133476881705,0.9229124393123016,0.7565415109136854,0.947752420917731,0.9085802966718619,0.9329497321807898,0.49547690836578706,0.9360123464869741,0.8523344596018207,0.9496037211238535,0.5786998840287011,0.863498762425299,0.8342582334437219,0.9442013463068035,0.9534886050081051,0.6840771446256484,0.9599080294518358,0.8226831008260227,0.8226831008260227,0.9285324039439793,0.8623832375707352,0.5994976228328238,0.9515133476881705,0.8388184704910293,0.7843401014318695,0.7637872992793495,0.9555383641697375,0.8179682595223976,0.9486066482612978,0.9299834289466349,0.5234361835681396,0.9555383641697375,0.8712321677735531,0.883644086031536,0.9039625825630317,0.8917839318880125,0.9175383063396303,0.18985981854257927,0.913638123172289,0.794689378341565,0.9424920127795526,0.9496037211238535,0.9180060542094441,0.7317039196616659,0.9701343557301771,0.7856547619036138,0.8456018749230434,0.8780615512279375,0.8239316436271313,0.8958070756300921,0.9298144168543094,0.9728091693196088,0.7050053248136313,0.5683859112583732,0.8164349099391166,0.8917839318880125,0.9496037211238535,0.9256878868316014,0.9110906193450523,0.8704491812798201,0.9036569103682495,0.8769340287666247,0.7209806300972055,0.7932320440185795,0.8250209201611327,0.6063477978174014,0.9576735770276548,0.9714591146969296,0.9576735770276548,0.913638123172289,0.9098310498422768,0.8267453376066711,0.9496037211238535,0.9459533477380777,0.9515133476881703,0.7008044880432813,0.8335182730010737,0.9555383641697375,0.9534886050081051,0.995441286462974,0.9459533477380777,0.9843238957181939,0.9555383641697375,0.9599080294518358,0.9785091597964404,0.9217469326616186,0.9299834289466349,0.9515133476881705,0.8226831008260227,0.8223978656956354,0.8101794501321897,0.9391866557097979,0.6883731551515252,0.9496037211238535,0.9554302009938862,0.794084976222859,0.937584438157661,0.9048766089350639,0.9599080294518358,0.7772468117892557,0.9191935655413227,0.7904356987130698,0.9980965995557116,0.9442013463068035,0.8698156464554125,0.9900377084336549,0.794689378341565,0.7959573902797026,0.7290921573098543,0.9459533477380777,0.8736582841643714,0.912359476799596,0.9582299683733857,0.912359476799596,0.9576735770276548,0.8354015438796933,0.9459533477380777,0.9459533477380777,0.9256878868316012,0.9345566419027254,0.6460120812776995,0.9459533477380776,0.9576735770276548,0.9459533477380777,0.9175383063396303,0.8906229438722486,0.7763145111532377,0.9298144168543095,0.5545354251519958,0.855956490272431,0.7612562522625974,0.7721442639654232,0.9459533477380777,0.8735611753844457,0.9519642373961463,0.7890019507934143,0.7918620529956106,0.9188618095812564,0.6162113761541533,0.9496037211238535,0.7830190911339336,0.9459533477380777,0.7333394497434598,0.833518273001074,0.8500946683680417,0.8205754362189001,0.947752420917731,0.7354475081798966,0.9951011472655116,0.9459533477380777,0.889465778445103,0.8728912398822923,0.9459533477380777,0.9188618095812564,0.7901005262017787,0.8603130600722217,0.734576808034004,0.7895618251049048,0.9459533477380777,0.871816010974473,0.9054461459141279,0.9039625825630317,0.7805950414820988,0.843274706630657,0.9390736794276016,0.9024440319654483,0.6549511225599528,0.9496037211238535,0.9273191685398654,0.879190935397886,0.9314553797224701,0.8724450251774913,0.9282385252949898,0.7672822228838444,0.9818737559710531,0.9515133476881705,0.49838520483729376,0.9459533477380777,0.9701343557301773,0.6687541229867906,0.8551965465982103,0.9894969760647812,0.9686400066736423,0.9424920127795526,0.8929083882224405,0.9241442555546319,0.9424920127795526,0.9894969760647812,0.37076935752005213,0.9922393349032013,0.9992271430012103,0.9714591146969296,0.9555383641697375,0.8365426274325074,0.9576735770276548,0.9922393349032013,0.9818737559710533,0.8419698115525012,0.6463810980973745,0.9576735770276548,0.8674599764023219,0.9519642373961463,0.6370762171066788,0.9285324039439793,0.9344681175525127,0.8964706102804108,0.9496037211238535,0.913638123172289,0.8929489608197012,0.8690815696440015,0.5252936325804969,0.9996756029115749,0.9360123464869743,0.9201981569430604,0.6906103956635775,0.7580083418866854,0.6175141565918856,0.8300782512462529,0.9922101396567975,0.9176678508338107,0.9175383063396303,0.9299834289466351,0.9314553797224701,0.7309358393434001,0.9360123464869743,0.8712321677735532,0.9299834289466349,0.9502726792490606,0.7381745475559089,0.7856158295427421,0.8219438084736305,0.8107870483721848,0.46778981424028165,0.892948960819701,0.9555383641697375,0.908045893235794,0.9531644691774963,0.547590551490875,0.9928378554472403,0.25732775391946805,0.9980965995557116,0.9515133476881708,0.9555383641697375,0.8574583241019983,0.965406946860512,0.9073379150848058,0.9954412864629741,0.9442013463068035,0.8119936899116005,0.9390736794276018,0.9408215498230332,0.7026557403722566,0.9459533477380777,0.9534886050081053,0.9459533477380777,0.9459533477380777,0.8071419677837113,0.9314553797224701,0.9191935655413227,0.9459533477380777,0.7972200682837468,0.8273466303940555,0.9502726792490606,0.6328948484777428,0.8735611753844457,0.8293931359623298,0.9547359397146619,0.8964706102804108,0.8296609453116086,0.9391866557097979,0.9123483154835408,0.9534886050081051,0.9123594767995962,0.7904356987130698,0.8467269607313443,0.9201981569430602,0.9391866557097979,0.9424920127795526,0.7757392914505856,0.9534886050081051,0.6549511225599527,0.9842011665427952,0.8941182576784144,0.9344681175525125,0.6333977017126342,0.9818737559710531,0.8388184704910293,0.422884733835309,0.900037393980877,0.9314553797224698,0.9572080715751812,0.9496037211238535,0.9344681175525127,0.4117309614440835,0.9313142969703936,0.8478507258139245,0.9143189439630464,0.9515133476881705,0.8478507258139247,0.9408215498230335,0.8616707957626535,0.8825917972400854,0.8143691847723075,0.7623554974216558,0.9666307012815274,0.5485941093836324,0.7216242962744122,0.8651692889773963,0.8964706102804108,0.7519316033824275,0.9868619655962767,0.901237634194086,0.9305761030686487,0.9459533477380777,0.9515133476881705,0.9928378554472403,0.9459533477380777,0.8821740773501707,0.9344681175525125,0.9424920127795526,0.5374606593961911,0.8187387651162831,0.9172894915317803,0.7921369220339984,0.9576735770276548,0.7381745475559089,0.9360123464869741,0.8579208771607552,0.9424920127795526,0.9951011472655116,0.9751689039858511,0.7261942854966694,0.9795036960805319,0.846591593085431,0.904572441311807,0.7687312965384806,0.8545708706492463,0.5430648651469496,0.8203324548260427,0.9120136950985209,0.9201981569430604,0.9576735770276548,0.9329497321807898,0.947752420917731,0.777294905364172,0.9696933196761031,0.8860151533715297,0.9442013463068035,0.734962916687087,0.6883731551515252,0.9581756603540755,0.9672501846762882,0.9842011665427953,0.7983768590190133,0.9662885265016656,0.9285324039439793,0.8952920587572559,0.9646668607340485,0.9843238957181939,0.8917839318880125,0.9360123464869741,0.9442013463068037,0.9515133476881705,0.9599080294518358,0.9459533477380777,0.955430200993886,0.991861824600262,0.794689378341565,0.5777011481419372,0.9459533477380776,0.8758082204608499,0.7196283983309755,0.9000373939808768,0.9175383063396303,0.8976541691085209,0.5346363886777225,0.8735611753844457,0.774222719749984,0.9686400066736425,0.9000373939808768,0.8700195781003917,0.6072049022967982,0.9534886050081053,0.4811363598562043,0.924292054060027,0.9842011665427953,0.909831049842277,0.9599080294518358,0.9229124393123016,0.0,0.9599080294518358,0.937584438157661,0.4260216098550923,0.9298144168543094,0.8603130600722219,0.9097318037088526,0.9555383641697377,0.9459533477380777,0.9607441863599593,0.7535801967671492,0.789561825104905,0.9442013463068035,0.9799008321613357,0.9408215498230332,0.9442013463068035,0.9442013463068035,0.9136381231722889,0.9459533477380777,0.9408215498230332,0.9390736794276017,0.9459533477380777,0.574813899714394,0.8787061862221642,0.9555383641697375,0.9496037211238535,0.9534886050081051,0.947752420917731,0.9442013463068035,0.7617416940303634,0.8489732636249692,0.9314553797224701,0.8308140518782616,0.9459533477380777,0.9474181848718515,0.9180060542094439,0.9299834289466349,0.8071057546345539,0.6395272386808399,0.8214797955300067,0.9881959173184505,0.93294973218079,0.7666359149034533,0.6046827959825738,0.9459533477380777,0.9098310498422768,0.4419008398689317,0.9908644354749632,0.8285051677670632,0.7965645056239913,0.9701343557301773,0.9256878868316014,0.9496037211238535,0.6068937777702105,0.9170100277191802,0.9459533477380777,0.9459533477380777,0.874683982657815,0.9576735770276548,0.6669165081938414,0.9408215498230332,0.9360123464869741,0.8406771976301872,0.9424920127795526,0.8043908002975608,0.7974965287155307,0.9459533477380777,0.9459533477380777,0.9085802966718619,0.7632112604920254,0.444525005158358,0.7216242962744122,0.8354015438796933,0.843274706630657,0.7470490614312024,0.8406277147443209,0.9772068366488,0.8551965465982103,0.9459533477380777,0.8941182576784144,0.9515133476881705,0.9599080294518358,0.7076837558677677,0.9555383641697375,0.8203324548260427,0.9459533477380777,0.9459533477380777,0.7594661760243921,0.74346606374289,0.7946931840814577,0.9607441863599593,0.7103825219440498,0.8929489608197012,0.9686400066736425,0.7849247303741269,0.8238535688751865,0.7249170223819312,0.9459533477380776,0.7261942854966693,0.8059182346808622,0.947752420917731,0.9555383641697375,0.9123483154835408,0.9039319767184212,0.8618949285279447,0.674406717226989,0.947752420917731,0.9093762272332486,0.9459533477380777,0.8155897859167089,0.995006237994279,0.8929489608197012,0.9486663237660142,0.7799949436879796,0.9375844381576612,0.8988430035065229,0.6594151791535015,0.9534886050081051,0.8601523251100112,0.8833956586824045,0.9408215498230332,0.9576735770276548,0.9175383063396303,0.9271009640247969,0.8009771539783097,0.9515133476881705,0.9442013463068035,0.8679639303639388,0.9706982209232327,0.40266125024239896,0.9162269502513476,0.9599080294518358,0.5644277678695342,0.9599080294518358,0.9599080294518358,0.9696933196761031,0.9149270915494647,0.8894657784451028,0.9459533477380777,0.9644928340620882,0.9344681175525125,0.9344681175525125,0.6778093879531145,0.9391866557097981,0.9442013463068035,0.9242920540600268,0.8871620821950175,0.947752420917731,0.793281165065775,0.912359476799596,0.8119936899116005,0.7882655072649013,0.9459533477380777,0.5346363886777226,0.9459533477380777,0.7763145111532379,0.9576735770276548,0.9285324039439793,0.9299834289466349,0.7128791503977787,0.9459533477380777,0.7921369220339984,0.7216242962744122,0.9299834289466349,0.7934159251299584,0.8155897859167089,0.8009771539783097,0.9515133476881705,0.8107870483721851,0.9210652057913624,0.7934159251299586,0.8342149872161326,0.5139424815431142,0.6554084388976413,0.7124267297718098,0.9172894915317802,0.9919305345581159,0.9983896418435716,0.9728091693196088,0.8285051677670632,0.8964706102804108,0.7416818474763736,0.9459533477380777,0.9442013463068035,0.8319645762487426,0.9716929305952209,0.6549511225599527,0.7623554974216558,0.7633375347429145,0.9459533477380777,0.7749528077373988,0.8545708706492463,0.3459347885383056,0.9459533477380777,0.8296609453116086,0.9951011472655116,0.9555383641697375,0.9314553797224701,0.9442013463068035,0.8771907571186035,0.927100964024797,0.6506543733619476,0.9706982209232327,0.9024440319654481,0.9172894915317803,0.7381580087525332,0.9459533477380777,0.9229124393123016,0.9459533477380777,0.9555383641697375,0.6756767827074259,0.8769340287666245,0.9599080294518358,0.9215480977067745,0.7267226478792865,0.8988430035065227,0.9175383063396303,0.9459533477380777,0.877140669062977,0.8642900383784609,0.7249170223819312,0.9646668607340485,0.9098310498422773,0.9799008321613357,0.9201981569430604,0.9188618095812564,0.9519642373961463,0.8860151533715297,0.8168635176606429,0.9519642373961463,0.9175383063396303,0.22545681050590494,0.8780615512279373,0.9519642373961463,0.9599080294518358,0.9271009640247969,0.947752420917731,0.9440119213971412,0.4522249813909742,0.9188618095812564,0.9299834289466349,0.7736626550119534,0.909831049842277,0.9314553797224698,0.9085802966718617,0.9728091693196088,0.9442013463068035,0.9868619655962765,0.9351249051031894,0.6492105730003324,0.8952920587572559,0.8226831008260227,0.9061034849845075,0.9024440319654483,0.5559780058003156,0.947752420917731,0.9496037211238535,0.8952920587572559,0.9745069889403558,0.9229124393123016,0.8027221565196538,0.9977124314930521,0.9515133476881705,0.9534886050081053,0.9779994426233324,0.9215480977067745,0.7471395455929459,0.912359476799596,0.9646668607340485,0.9888356431409657,0.45056030537036096,0.9188618095812562,0.9459533477380777,0.8261852442305768,0.7478995321307523,0.6963939956783811,0.9301746946212588,0.9842219863845638,0.9534886050081051,0.9136381231722888,0.9743739518527413,0.9271009640247969,0.9408215498230332,0.9215480977067745,0.7491329182845521,0.9815564171452564,0.7978608373440581,0.5291413577349564,0.9766791179975329,0.5125823486211964,0.8758082204608499,0.750861336658039,0.9496037211238535,0.9881959173184504,0.879190935397886,0.9229124393123012,0.9842011665427952,0.8917839318880125,0.8846189616699076,0.8002583806705531,0.9400070997515089,0.9424920127795526,0.8215094261899887,0.970976036785571,0.81063855213682,0.9496037211238535,0.8797354478006452,0.9795036960805319,0.9534886050081053,0.8860151533715297,0.5360488363029927,0.947752420917731,0.9576735770276548,0.8251617830106454,0.9555383641697375,0.7290921573098545,0.9534886050081053
p233_D,0.9224370478225468,0.6624840621735417,0.9850406692683007,0.9425114327004687,0.9623211158059548,0.9720496894409938,0.8722678885791348,0.8487307132759605,0.9286491105644255,0.9704919301607371,0.9553906988562064,0.9610996995613952,0.9610996995613952,0.6346282167185335,0.9579181659574111,0.9149900225490739,0.9587434581480645,0.7170510083716036,0.9690033562225546,0.9704919301607371,0.8509708279802457,0.9543141322095119,0.9522137875062904,0.9635753483468394,0.9751129258825252,0.949178085609155,0.961397387740879,0.9380163966266191,0.920983946319307,0.9066147857307763,0.9443657603723179,0.9661972965770262,0.9644342014392548,0.9397924012017989,0.9623211158059548,0.9273614004407345,0.8578089524354392,0.9576036838348734,0.9720496894409938,0.7232987552930358,0.9253688519211307,0.9501760208500687,0.9720496894409938,0.9354001807590553,0.6419607712966545,0.9530913497448406,0.9648659912110238,0.9261840328635953,0.9481929520311925,0.919737437035689,0.9381728330554158,0.7897291426361939,0.949178085609155,0.9564866901437918,0.9576036838348732,0.9472198404849024,0.9472198404849022,0.9623211158059548,0.9311104823849057,0.8762593501599865,0.9303105872741886,0.913455172226983,0.9491780856091547,0.9253688519211307,0.9675743567407267,0.8697688980991498,0.9661972965770262,0.8931449617140894,0.9778835113918658,0.9690033562225546,0.9987382114239769,0.9481929520311922,0.9510697823313443,0.8714375301735617,0.9623211158059548,0.9917593122917417,0.9543141322095119,0.6717386274418837,0.9837029979941456,0.9720496894409938,0.9553906988562064,0.9797658041147691,0.9453068780840737,0.949178085609155,0.9623211158059548,0.7153934851415806,0.9726326202607707,0.9301516024075411,0.9213345015882415,0.9610996995613954,0.9623211158059548,0.7945968818762806,0.8929884899833642,0.8923606027185702,0.9453068780840737,0.9261840328635953,0.7996338725880194,0.9904486487301194,0.8663981446497515,0.8655480930335329,0.9233710276669694,0.9648659912110236,0.9510697823313444,0.858121182235375,0.9901199804948464,0.9690033562225546,0.983902503224694,0.8496516619740198,0.953255582527178,0.9116680775411066,0.7403218848132078,0.5068861322815461,0.8568667102675334,0.932833950574053,0.8505410419770534,0.8392586329331393,0.9673074603196743,0.9690033562225546,0.9720496894409938,0.8947109826062527,0.9354001807590553,0.8551218848344515,0.6885869595213389,0.9936310971469995,0.9491780856091547,0.8185746204202073,0.8578089524354392,0.9802655900904541,0.8705865822009818,0.9371382816751241,0.9056153321941813,0.9648659912110238,0.5556533515851813,0.9720496894409938,0.9587434581480645,0.9648771726248762,0.9102896363632476,0.9661972965770262,0.966197296577026,0.9599080294518356,0.9301516024075415,0.9704919301607371,0.9080857823028665,0.8359132272776384,0.8044782210636212,0.9336842693103169,0.9205349146293753,0.8828532941996559,0.9481929520311925,0.8952501289971455,0.9704919301607371,0.9303105872741888,0.7793641339096472,0.9118525638325781,0.9661972965770262,0.9861053894336534,0.9221363294762475,0.9362663130722397,0.8596877431040635,0.9609676410723689,0.9696693743185963,0.9428375253830147,0.7035794602792436,0.8532920118076432,0.972947370281771,0.9380163966266191,0.9386599233384811,0.8251068045020435,0.9453068780840737,0.9554950475041243,0.755445459741676,0.9610996995613952,0.9472198404849026,0.9619064228844955,0.9049746878294583,0.9573688237991839,0.9690033562225546,0.9040598105946911,0.9406910117203195,0.853064347981562,0.9892552360381517,0.9641171417560044,0.9472198404849024,0.9610996995613952,0.9368211999004499,0.7829046555068867,0.8947109826062527,0.927002353944838,0.9564866901437918,0.567067671750767,0.9599080294518356,0.9286491105644255,0.8263117797041692,0.8812984813018137,0.965076280697496,0.9623211158059548,0.9635753483468394,0.9599080294518358,0.9261840328635953,0.8489004959516881,0.9673483838836943,0.9610996995613952,0.9623211158059548,0.987877546040212,0.8812984813018134,0.9704919301607371,0.9623211158059548,0.8516122444825636,0.9371382816751244,0.9917593122917417,0.9760563522715155,0.9294779121965993,0.9610996995613954,0.9623211158059548,0.8931449617140894,0.9623211158059548,0.8603806964337217,0.8054803010644616,0.8879129264040997,0.9623211158059548,0.8117060761496815,0.9623211158059548,0.9107736525866996,0.9105871713767663,0.8340216843001688,0.995882341907524,0.9428375253830149,0.904583981141521,0.9599080294518356,0.9522137875062904,0.9543141322095121,0.965076280697496,0.845940459798165,0.9397924012017989,0.5556533515851811,0.9253688519211306,0.9189419416378728,0.9788715516976696,0.8302521805592447,0.9935264355112596,0.9371382816751241,0.9587434581480645,0.7631666477878623,0.9599080294518358,0.9623211158059548,0.9278239868212361,0.9623211158059548,0.8776395470481568,0.7245327953080636,0.9661972965770262,0.9462580354121288,0.830271740571741,0.9635753483468394,0.9362663130722397,0.9034814342922286,0.7440905811743809,0.9553906988562064,0.8970542565865081,0.9648659912110238,0.7927050158447809,0.904837504125217,0.8844523283713124,0.9610996995613954,0.9675743567407264,0.8568976243014226,0.9720496894409938,0.87638266886087,0.9152405383832365,0.9501760208500689,0.9470898955447689,0.7864420348203028,0.9661972965770262,0.8876315196146514,0.9243743344764215,0.8353231768642491,0.9690033562225546,0.8730956945148616,0.9362663130722395,0.9511876099263499,0.7690703398380716,0.9690033562225546,0.8900013566415688,0.899960076676072,0.9675743567407267,0.9245566463845687,0.7554454597416754,0.9648659912110236,0.9397924012017989,0.8568667102675334,0.9599080294518358,0.9648659912110238,0.9428375253830147,0.8129560940834344,0.9690033562225546,0.850568183860136,0.8923606027185702,0.9470771218810413,0.9241680908937377,0.9690033562225546,0.9623211158059548,0.6575970967578816,0.9599080294518358,0.9661972965770262,0.8907614131129444,0.9245566463845685,0.9648659912110236,0.7232987552930363,0.9380163966266188,0.9008688177089619,0.932833950574053,0.9142039648291602,0.8839998380738068,0.9950448685899995,0.8780124908814335,0.8340402924414356,0.9704919301607371,0.9286491105644255,0.9704919301607371,0.9980634982842684,0.9371382816751241,0.6912633042087521,0.9648659912110236,0.9623211158059548,0.966197296577026,0.9788715516976696,0.7170510083716042,0.9690033562225546,0.9675743567407267,0.9547434413197934,0.9623211158059548,0.9751129258825254,0.9690033562225546,0.4568668046928933,0.9037193835912748,0.9837029979941456,0.9511876099263499,0.9661972965770262,0.8763826688608698,0.7797528582489325,0.953255582527178,0.9576036838348734,0.8024655460350362,0.9648659912110238,0.9980634982842684,0.8375670847398858,0.9564866901437918,0.9336842693103169,0.9720496894409938,0.8261162570094343,0.8271232104683225,0.8724792971491389,0.961397387740879,0.9610996995613952,0.9390736373291677,0.8091442663111569,0.8568667102675334,0.8577507109035436,0.8301539158150107,0.9623211158059548,0.8915752582995886,0.9389009867184677,0.7645450975803668,0.9458638372348815,0.9704919301607371,0.9250632826893765,0.9623211158059548,0.9623211158059548,0.9481929520311925,0.9801025842096873,0.8152082526732527,0.9623211158059548,0.9209839463193069,0.962321115805955,0.9970799457879602,0.9237472579920245,0.8440565830183069,0.7778515786059426,0.9434341193662403,0.6073663826121839,0.8529504398229271,0.8411492750857321,0.9623211158059548,0.9530696520404929,0.7770312045318655,0.8343249892961566,0.8363155310118788,0.6282549478611412,0.9889946249203956,0.9648659912110238,0.8487307132759605,0.9623211158059548,0.8140963117651729,0.9840677331869968,0.9781496244714993,0.894233737833506,0.9635753483468394,0.9704110250992255,0.6525857425357656,0.9623211158059548,0.9229405345355655,0.892619427727178,0.9623211158059548,0.9953786045233856,0.9282993639754936,0.9619064228844956,0.8339037580781802,0.8532920118076437,0.9623211158059548,0.8734757225311297,0.9340813247611222,0.9675743567407267,0.9304564132545028,0.9766480817697786,0.931147340525424,0.9319883865480127,0.8327425778329425,0.8505410419770534,0.9245566463845685,0.9157773781681391,0.6962920717066452,0.8907888642207369,0.8321400156965139,0.9901199804948464,0.9522137875062904,0.8425429626878576,0.9840677331869968,0.9623211158059548,0.9690033562225546,0.927002353944838,0.8741545598607164,0.9553906988562066,0.9462580354121286,0.9599080294518358,0.8503422854230378,0.9635753483468394,0.9599080294518358,0.5225903579611197,0.962321115805955,0.8911016107831408,0.9994611990171964,0.8140835212092656,0.9690033562225546,0.8860449046541115,0.9704919301607371,0.9564866901437921,0.9071885561788838,0.9604106491582279,0.9543141322095119,0.9704919301607371,0.9614572324031322,0.995006876394922,0.9850406692683006,0.9501760208500689,0.9543141322095119,0.9700808834258972,0.9648659912110238,0.9397924012017989,0.9253688519211309,0.9970644018597343,0.7035794602792436,0.9752737206364959,0.9553906988562064,0.9443657603723177,0.8433272776210028,0.8684477557283841,0.6555387800180554,0.9587434581480645,0.899960076676072,0.8444600220493929,0.9425114327004687,0.9511876099263499,0.9522137875062906,0.8314138240813402,0.9700351664034114,0.9886334735196289,0.9511876099263499,0.8936972568164698,0.8174671235160886,0.9648659912110238,0.9250632826893763,0.8645116474237176,0.9965185747417931,0.974821410648139,0.9690033562225546,0.8753236120931849,0.919737437035689,0.9675743567407267,0.995006876394922,0.9587434581480645,0.9587434581480645,0.9661972965770262,0.9690033562225546,0.7456185272242687,0.8607491670904546,0.9354001807590553,0.9610996995613952,0.9610996995613952,0.9071879956687869,0.931147340525424,0.9587434581480645,0.7494968044119235,0.9623211158059548,0.9675743567407267,0.9623211158059548,0.9623211158059548,0.8655480930335329,0.9522137875062906,0.9980634982842684,0.9623211158059548,0.8586309929616849,0.8796338709830263,0.9371382816751241,0.9469265748682146,0.9118525638325781,0.956192168369973,0.8655369948545264,0.9278239868212361,0.8812473067855704,0.9576036838348734,0.9157773781681392,0.9675743567407267,0.9389009867184677,0.9096354174340289,0.8931449617140894,0.683615384743586,0.9576036838348734,0.9599080294518356,0.899440698107993,0.9675743567407267,0.7838792003066442,0.8505410419770534,0.8224467786369195,0.9726326202607707,0.9501760208500687,0.9522137875062904,0.8876315196146514,0.8118167761922632,0.9303105872741888,0.9522137875062904,0.9406910117203195,0.9648659912110236,0.9543141322095119,0.9635753483468394,0.9521154309854922,0.9349923761154102,0.8826737655629211,0.9661972965770262,0.9349923761154104,0.9587434581480647,0.910635914050381,0.8466701762570731,0.9610996995613952,0.8343249892961566,0.9453068780840737,0.7995169082125599,0.8059290360431439,0.8860449046541115,0.9278239868212361,0.808307895747323,0.6804196301419014,0.931147340525424,0.9126353343364844,0.9623211158059548,0.8425429626878576,0.9380163966266188,0.9510697823313443,0.980265590090454,0.9543141322095121,0.9599080294518358,0.9453068780840737,0.8747439046690524,0.6259932435492325,0.8550872530468148,0.9704919301607371,0.8174671235160886,0.9553906988562064,0.9009488545209479,0.9599080294518358,0.964434201439255,0.8680892785394447,0.7809209491441989,0.9511876099263499,0.9487990223782055,0.9110706954672416,0.9142005236871038,0.8986133813304025,0.8853943075507921,0.8747439046690524,0.8533117429016543,0.9443657603723179,0.9704919301607371,0.953255582527178,0.9635753483468394,0.7662205325597893,0.9278239868212361,0.9205349146293751,0.9610996995613954,0.8152281195719795,0.7630301393628993,0.9720496894409938,0.9548754176902221,0.9648659912110238,0.773011073164906,0.9380163966266191,0.9140895174328346,0.9716885439827987,0.9316279546663164,0.953255582527178,0.9741037694931161,0.9553906988562064,0.9547434413197933,0.966197296577026,0.9720496894409938,0.9623211158059548,0.9980634982842684,0.9001706985868916,0.8568667102675336,0.5876867631607796,0.9623211158059548,0.9134191021410438,0.9003297966785492,0.9303105872741888,0.9970799457879603,0.9684439421450509,0.7945968818762806,0.9118525638325781,0.8983997469640514,0.9462580354121288,0.9826171532883463,0.8892126720780515,0.844460022049393,0.9675743567407267,0.6637954941672966,0.9472198404849022,0.9648659912110236,0.9935264355112594,0.45686680469289254,0.9462580354121288,0.9599080294518358,0.0,0.9564866901437918,0.9472198404849024,0.9623211158059548,0.882853294199656,0.9486052736174678,0.9690033562225546,0.9623211158059548,0.9543141322095119,0.8282072461373999,0.8532920118076435,0.9610996995613952,0.9381728330554158,0.9587434581480645,0.9610996995613952,0.9610996995613954,0.9980634982842684,0.9623211158059548,0.9587434581480645,0.9105871713767661,0.9623211158059548,0.6345328743203626,0.9189419416378728,0.9690033562225546,0.8505410419770534,0.9675743567407267,0.9635753483468394,0.9610996995613952,0.8525660270333194,0.8947109826062527,0.9522137875062904,0.8820512005878685,0.9623211158059548,0.6468113578804153,0.9648659912110236,0.9511876099263499,0.8841704956632956,0.9083531449937755,0.5128204270938901,0.9635753483468394,0.9532555825271782,0.7809209491441991,0.9034814342922287,0.9623211158059548,0.9371382816751241,0.9390736373291679,0.9443657603723179,0.9232596065784797,0.9553906988562064,0.8237261571040233,0.9481929520311925,0.9428375253830148,0.8050768459782252,0.8828532941996559,0.9623211158059548,0.9623211158059548,0.9968554189197797,0.9704919301607371,0.9188090811153944,0.8815382336298225,0.5971644927015016,0.9080857823028665,0.9599080294518358,0.8822592555600862,0.8774187727774532,0.9623211158059548,0.9623211158059548,0.9920754410433734,0.9704110250992255,0.7658906239201639,0.8059290360431439,0.8852493927538767,0.8339037580781803,0.8433272776210029,0.8888928429685596,0.981956748291383,0.8990495743347309,0.9623211158059548,0.9261840328635953,0.8425429626878576,0.9720496894409938,0.8929884899833642,0.9690033562225546,0.913455172226983,0.9623211158059548,0.9623211158059548,0.8694627353424191,0.6912424767432414,0.8754555700857671,0.9543141322095119,0.7775597907918526,0.9253688519211307,0.9899835764925832,0.9253688519211309,0.8771986663044031,0.7477120255242755,0.9623211158059548,0.9371382816751241,0.8646949616010216,0.9635753483468394,0.9690033562225546,0.9620090329381987,0.9706632161575655,0.7953218188590034,0.9389009867184677,0.9635753483468394,0.9805219509574512,0.9623211158059548,0.8714375301735617,0.9458638372348815,0.9253688519211307,0.9208217508962299,0.8888235621555168,0.9564866901437918,0.9294779121965993,0.8642846770552678,0.9675743567407264,0.9025045192170251,0.8978340794956949,0.9587434581480645,0.8124598227993508,0.9425114327004687,0.949178085609155,0.8612502633673056,0.9661972965770262,0.9610996995613952,0.9079504174811015,0.9472198404849024,0.9935264355112594,0.879409063234359,0.9720496894409938,0.9500854106526051,0.9720496894409938,0.9720496894409938,0.8169381887965973,0.999643789860182,0.9229405345355655,0.9623211158059548,0.9704919301607371,0.9543141322095119,0.9543141322095121,0.8141668506447509,0.9576036838348736,0.9610996995613952,0.9880755935910335,0.9213345015882413,0.9635753483468392,0.9025384899655311,0.9389009867184677,0.8689304945061074,0.8523882775756788,0.9623211158059548,0.7945968818762806,0.9623211158059548,0.8440565830183069,0.9704919301607371,0.7104878248571904,0.9511876099263497,0.9340813247611222,0.9623211158059548,0.8550872530468148,0.8059290360431438,0.9511876099263497,0.8559789162214915,0.8714375301735617,0.8612502633673056,0.9381728330554158,0.906289146258993,0.9250632826893765,0.8559789162214917,0.846952777749949,0.9071885561788842,0.8390063359818425,0.9720496894409938,0.9774873843362967,0.43141517115514083,0.9245566463845687,0.9481929520311925,0.8804415508981576,0.9278239868212361,0.8387699083894447,0.9623211158059548,0.9610996995613952,0.9223798585420755,0.9781287431575729,0.7838792003066442,0.8343249892961566,0.8163516728240241,0.9623211158059548,0.8431072649169118,0.9756975895323811,0.7554454597416757,0.9623211158059548,0.9205937947274885,0.5746236278098931,0.9690033562225546,0.9522137875062906,0.9610996995613952,0.9143829442374808,0.9840677331869967,0.972947370281771,0.9472198404849024,0.9319883865480127,0.6962920717066454,0.8363552488932908,0.9623211158059548,0.9462580354121288,0.9623211158059548,0.9690033562225546,0.8516122444825633,0.9142039648291602,0.9720496894409938,0.9453068780840737,0.846952777749949,0.9813508256697674,0.9425114327004687,0.9623211158059548,0.8755644359298403,0.9053891459708627,0.7880537257906837,0.9443657603723177,0.9371382816751244,0.9661972965770262,0.9443657603723177,0.9434341193662401,0.9380163966266188,0.9205349146293751,0.8909834669250036,0.9380163966266188,0.9970799457879603,0.9661972965770262,0.9930547404043363,0.9380163966266188,0.9720496894409938,0.9491780856091547,0.9471168020443,0.7171890292645675,0.9610996995613952,0.9434341193662401,0.6345328743203626,0.919737437035689,0.9935264355112596,0.9522137875062904,0.9362663130722395,0.9861053894336533,0.9610996995613952,0.9543141322095119,0.8603806964337217,0.755445459741676,0.9776569049810195,0.8763826688608698,0.9892552360381517,0.9319883865480127,0.6575970967578817,0.9635753483468394,0.9648659912110238,0.9776569049810198,0.7893512764751798,0.9462580354121288,0.7349500241114315,0.9261840328635953,0.9661972965770262,0.9330470514183522,0.9499711419330785,0.9453068780840737,0.8448966559165225,0.9389009867184677,0.9316279546663166,0.8907888642207369,0.953255582527178,0.9434341193662401,0.9623211158059548,0.9179169809832546,0.8242469433985233,0.7883396103423301,0.9261840328635953,0.8884227473641773,0.9675743567407264,0.9397924012017989,0.9079504174811015,0.949178085609155,0.8815382336298225,0.7403975775726686,0.9752737206364959,0.904837504125217,0.8590777082013556,0.9553906988562064,0.8844523283713124,0.9610996995613952,0.7681555957332398,0.9027115151432656,0.9648659912110236,0.9635753483468394,0.9157773781681393,0.9462580354121284,0.4813551083532044,0.9245566463845685,0.8986133813304022,0.8607491670904543,0.9581756603540754,0.9599080294518358,0.9531316142861923,0.9797658041147691,0.8169381887965974,0.9648659912110238,0.8954927753294002,0.9107192181558881,0.9675743567407267,0.9684455580859812,0.9140895174328348,0.9635753483468392,0.9704919301607371,0.9149900225490741,0.9690033562225546,0.9062284136028746,0.9675743567407267
p233_L,0.8626510442250319,0.9322580645161287,0.7437589045330278,0.8879743544154323,0.9413411539914582,0.9673074603196743,0.9039102436851649,0.963798567677261,0.8889202553233959,0.9540615556502023,0.9305518148343679,0.9394396415413291,0.9394396415413291,0.9105012505384156,0.9329206874136777,0.6415210651144816,0.9357714224531068,0.9208799593226005,0.9517441295565185,0.9540615556502023,0.6025496594527784,0.9776172307537021,0.8867793699144211,0.9971196828020042,0.9272278453848009,0.9208799593226003,0.9357714224531068,0.9035033355391053,0.9540615556502021,0.8396643278024518,0.9961255853556192,0.9473756291574582,0.9339970109398135,0.906268236387799,0.9413411539914585,0.9517441295565183,0.9432937551644589,0.933997010939813,0.9564866901437921,0.919346293979701,0.5501420344904885,0.9224335544163886,0.9564866901437918,0.8994303857428696,0.9357714224531068,0.7489735433975485,0.9931163690142986,0.8850825988655409,0.9193462939797008,0.8750464770419488,0.9473756291574582,0.6100162996643117,0.9208799593226005,0.9322580645161282,0.933997010939813,0.26191679266024526,0.9178313446502835,0.9413411539914587,0.7479965615521647,0.9375844381576608,0.8915068580997114,0.8050001170467127,0.9208799593226005,0.6167354989733367,0.9495194495442563,0.899515705983118,0.9888197307367492,0.8609599666520567,0.7699678902600599,0.9517441295565183,0.9090779869018049,0.20392540740883902,0.9413411539914585,0.7998527217210254,0.9413411539914587,0.48335365356974447,0.48622709276096543,0.7211550141076873,0.7959497447008526,0.9564866901437921,0.9305518148343679,0.9700765701011147,0.9148532265533553,0.9208799593226003,0.9413411539914587,0.9048804738246028,0.9288758056186719,0.7748523811162193,0.9740486176425376,0.9394396415413286,0.9413411539914587,0.8750464770419486,0.7817468296837362,0.8324259604645756,0.9148532265533555,0.8850825988655407,0.8725725017627854,0.4784694305245729,0.792007358310141,0.7906839898526714,0.9610024953181504,0.945303040275778,0.9413411539914585,0.836085054273805,0.8793492472178115,0.9517441295565183,0.8928095235358378,0.7659362744796998,0.9272278453848009,0.8281698192730855,0.8566963326642258,0.9224335544163884,0.8273436625541168,0.8954352541336303,0.9453030402757783,0.749756307819019,0.9322580645161287,0.9517441295565183,0.6624840621735402,0.836085054273805,0.8994303857428696,0.8676556569243747,0.9272278453848009,0.9133880855304555,0.9208799593226005,0.8347709424809344,0.9375331207684674,0.8397330855386307,0.9394396415413291,0.902136277813822,0.8530610496352258,0.6236328247547578,0.9888197307367491,0.9564866901437918,0.9357714224531068,0.9130049391484115,0.8900858663239481,0.7974058104193733,0.9473756291574582,0.9375844381576608,0.6997275203797972,0.9540615556502023,0.8483853426939749,0.6004046726599762,0.8701093676023466,0.8967590384461326,0.8762879977600884,0.8176248919537716,0.919346293979701,0.7458152648045812,0.9540615556502021,0.8915068580997119,0.8336470580240631,0.5964820729694732,0.9888197307367492,0.9193462939797008,0.9111648384628754,0.9380148669152273,0.8348667221507031,0.8676556569243747,0.7771687304254187,0.8083745968845283,0.9240084059312026,0.7716036057947147,0.5606602255910765,0.9035033355391053,0.9507709687133314,0.983703714129575,0.4979888148874927,0.8213551610187866,0.9105012505384158,0.7798113577609103,0.8663129020103819,0.8176248919537714,0.9516083401288556,0.8744184037082304,0.9791100127950297,0.936768944084676,0.9076672018071592,0.8688814196559582,0.7368443744770706,0.9961354772721065,0.9958263540139827,0.9394396415413291,0.8373021566360082,0.8583518701737862,0.836085054273805,0.8863565689237551,0.9322580645161282,0.9119376979332718,0.9375844381576608,0.9050999380213892,0.6701306051970926,0.7572258022380447,0.8915068580997116,0.9413411539914587,0.9432937551644589,0.937584438157661,0.8850825988655406,0.6693262579342278,0.875046477041949,0.9394396415413291,0.9413411539914587,0.55368895556227,0.7572258022380447,0.9540615556502023,0.9413411539914587,0.80755136075863,0.9021362778138224,0.8688814196559582,0.8348667221507036,0.4175930635521343,0.9394396415413291,0.9413411539914587,0.8336470580240635,0.9413411539914588,0.7826393375786724,0.6360498970746753,0.6432970049915951,0.9413411539914587,0.9937100896993183,0.9413411539914587,0.9933249442301486,0.8608012562583445,0.9035033355391051,0.5272840064508248,0.9453030402757778,0.7357654281420163,0.9375844381576606,0.9256059689675478,0.9288758056186721,0.8915068580997119,0.760158639563048,0.5105510539197458,0.6697965302077882,0.883813517405303,0.8738080422252299,0.8739502986720542,0.6591397732181785,0.9021362778138222,0.9021362778138222,0.9357714224531066,0.8676556569243747,0.937584438157661,0.9413411539914587,0.887635694816231,0.9413411539914587,0.7799153825380117,0.9021362778138218,0.9473756291574582,0.9163339973465923,0.7357654281420163,0.9432937551644589,0.9007787887826324,0.8338080357894954,0.8762879977600884,0.8704235159896652,0.8397330855386307,0.9453030402757783,0.8806788146347353,0.571575977509682,0.8201142835916595,0.9394396415413286,0.9495194495442563,0.9402093172040735,0.9564866901437921,0.9072612173944726,0.9850396051708987,0.9870038583237334,0.9367689440846765,0.855484030345619,0.9473756291574582,0.8250636788182881,0.7908639106274539,0.7436295523044576,0.9517441295565183,0.8024341677705478,0.9380148669152271,0.9240084059312026,0.8863565689237551,0.9517441295565183,0.7663702511734077,0.7853415018296623,0.9495194495442563,0.4562900736875283,0.9105012505384156,0.945303040275778,0.5883084818787405,0.7771687304254187,0.9375844381576608,0.25414928049521424,0.9315357783043752,0.708808264663795,0.9517441295565183,0.9333062407420959,0.8324259604645761,0.4881387907516249,0.8201142835916593,0.9517441295565185,0.9413411539914585,0.919346293979701,0.937584438157661,0.9473756291574582,0.7716036057947147,0.8825490680853296,0.945303040275778,0.9631827089102738,0.9035033355391051,0.6824328473619541,0.8954352541336303,0.8664319147745596,0.8138702669970941,0.8170383105689285,0.8100886832131162,0.8820115214035236,0.9540615556502021,0.8889202553233964,0.9735307058746405,0.9062682363877987,0.902136277813822,0.6029570519276978,0.9453030402757778,0.9413411539914587,0.947375629157458,0.887635694816231,0.9208799593226003,0.9517441295565183,0.9495194495442563,0.9394396415413291,0.9413411539914587,0.9272278453848011,0.9517441295565183,0.9564866901437918,0.9947560146512322,0.9998457670027974,0.9240084059312026,0.9473756291574582,0.80755136075863,0.6571171506761567,0.9272278453848009,0.9339970109398132,0.6310830625399979,0.9453030402757783,0.906268236387799,0.6883431678517735,0.9322580645161282,0.8967590384461326,0.9564866901437918,0.7292961317287507,0.9062682363877987,0.7436295523044572,0.9357714224531068,0.9394396415413286,0.9090779869018049,0.8869327040950545,0.7771687304254187,0.7785449510404483,0.676365245849131,0.9413411539914587,0.831203328788449,0.9048804738246028,0.9076672018071592,0.9048804738246028,0.9540615556502021,0.8213551610187866,0.9413411539914587,0.9413411539914587,0.9193462939797008,0.8889202553233964,0.9972508812949249,0.9413411539914588,0.9540615556502021,0.9413411539914587,0.9105012505384157,0.42935416208827293,0.7572258022380449,0.9413411539914585,0.9119376979332721,0.9288758056186719,0.6503145207613311,0.6941052561134256,0.9413411539914587,0.5063576236799282,0.9035033355391051,0.7420755643853132,0.7451744586990308,0.9119376979332718,0.8494287671902627,0.2541492804952137,0.764502532769542,0.9413411539914587,0.7105833664174674,0.9208799593226003,0.9972508812949248,0.80956072541611,0.9432937551644589,0.6526052505370016,0.933997010939813,0.9413411539914587,0.8800330897565918,0.774398454465245,0.9413411539914587,0.9119376979332718,0.7630617685152523,0.6285571193920854,0.682432847361954,0.7716036057947147,0.9413411539914587,0.9820977941296498,0.8336470580240634,0.949519449544256,0.8287530636873142,0.6824328473619541,0.8928095235358375,0.8941188719993176,0.8265503046480779,0.9453030402757783,0.8825490680853294,0.868881419655958,0.9725096342470558,0.8299790629918333,0.8542723116913433,0.5464537841135426,0.9256059689675475,0.9473756291574582,0.9208799593226005,0.9413411539914587,0.9099641551465777,0.9784557376845573,0.8092129423355157,0.9305518148343679,0.9163339973465923,0.9375844381576608,0.91702844187237,0.9432937551644589,0.9375844381576608,0.9305518148343679,0.9413411539914587,0.9322580645161287,0.5447056408807187,0.9232502230992654,0.9517441295565183,0.8225936215266272,0.9540615556502021,0.9322580645161289,0.9256059689675478,0.8451374561487024,0.8274170687061769,0.9540615556502021,0.7319815834279972,0.9035033355391051,0.8750464770419488,0.9224335544163886,0.9776172307537023,0.43118142943601423,0.945303040275778,0.39391491198125306,0.8838135174053026,0.9168466987756683,0.9240084059312026,0.9171102496467269,0.9305518148343681,0.9133880855304559,0.8151246754418033,0.7869352440987845,0.9021305399434104,0.9357714224531066,0.7601683304024367,0.9053798774659318,0.9105012505384158,0.9240084059312026,0.9256059689675478,0.6784058423020523,0.9305518148343681,0.6044195771176959,0.9240084059312026,0.9397586843685546,0.786497423890291,0.945303040275778,0.8213551610187864,0.7211048207338628,0.9817658539566088,0.8838135174053028,0.9517441295565183,0.9337871931699739,0.875046477041949,0.9495194495442563,0.9795518972928101,0.9357714224531066,0.7978168085240662,0.9473756291574582,0.9517441295565183,0.9133880855304555,0.6637183802472113,0.7319257347542492,0.995589441680881,0.49906235706315094,0.7959497447008526,0.892809523535838,0.9357714224531068,0.8022055387120322,0.9413411539914587,0.9495194495442565,0.9413411539914587,0.9413411539914587,0.7906839898526712,0.9256059689675475,0.9062682363877987,0.9413411539914587,0.7799153825380117,0.8126128632076957,0.9021362778138222,0.8299790629918338,0.5063576236799283,0.6978684737359191,0.8889202553233964,0.887635694816231,0.8151246754418038,0.933997010939813,0.5450455513577721,0.9495194495442565,0.904880473824603,0.7436295523044576,0.8336470580240638,0.9133880855304555,0.933997010939813,0.9375844381576608,0.7512664934860486,0.9495194495442563,0.8800330897565918,0.9453030402757783,0.8850825988655404,0.9288758056186719,0.9224335544163884,0.370839051839835,0.8250636788182879,0.9119376979332721,0.8915068580997114,0.9256059689675478,0.9076672018071592,0.945303040275778,0.9288758056186721,0.9432937551644589,0.9007787887826324,0.8348667221507029,0.6335804378125838,0.9473756291574582,0.8363566464621248,0.9357714224531071,0.943521911187263,0.8725725017627854,0.9394396415413291,0.7420755643853132,0.2463496897907158,0.9564866901437921,0.6978684737359191,0.8225936215266272,0.887635694816231,0.7015719051948943,0.9288758056186719,0.892809523535838,0.8639898558738688,0.9413411539914587,0.9473756291574582,0.9035033355391053,0.9413411539914585,0.5773180277941905,0.9288758056186717,0.937584438157661,0.9148532265533555,0.6526052505370015,0.925605968967548,0.7743984544652451,0.9540615556502023,0.7158310782765138,0.9305518148343679,0.8457962327200859,0.9375844381576608,0.933997010939813,0.8201272394352039,0.9397586843685546,0.9240084059312026,0.7325514035311533,0.8615540111705795,0.6902799064015708,0.8421603457990252,0.899338193714716,0.8050001170467127,0.7716343233499166,0.9133880855304553,0.9540615556502023,0.9750206691499415,0.9432937551644591,0.8194098423840847,0.887635694816231,0.8762879977600886,0.9394396415413286,0.7123453755976963,0.6310830625399975,0.9673074603196741,0.8603380509136676,0.9453030402757783,0.9433231638906059,0.982423821830337,0.8964412710638563,0.8863565689237551,0.9133880855304555,0.9272278453848009,0.915607110996687,0.9803079821283596,0.9394396415413291,0.9473756291574582,0.9564866901437921,0.9413411539914587,0.9062682363877987,0.5641228653284541,0.7771687304254187,0.9076672018071592,0.9413411539914588,0.8652100330616366,0.6658762060591608,0.8915068580997116,0.9105012505384158,0.5618002602627004,0.9661224319476251,0.862771231293262,0.7527683868862982,0.4881080052710852,0.8915068580997119,0.8275252320423421,0.9367609463305568,0.9841747480714134,0.887635694816231,0.9178313446502835,0.945303040275778,0.902136277813822,0.9564866901437918,0.9163339973465923,0.937584438157661,0.9564866901437918,0.0,0.9178313446502833,0.9413411539914585,0.7867908304361257,0.4928284300135437,0.9517441295565185,0.9413411539914587,0.9288758056186719,0.7325514035311529,0.7716036057947147,0.9394396415413286,0.6697965302077881,0.9357714224531068,0.9394396415413286,0.9394396415413286,0.9062682363877987,0.9413411539914587,0.9357714224531068,0.892809523535838,0.9413411539914587,0.9240084059312026,0.8738080422252299,0.9517441295565183,0.9453030402757783,0.9495194495442563,0.9432937551644589,0.9394396415413286,0.88672940614195,0.836085054273805,0.9256059689675478,0.8163761849746594,0.9413411539914587,0.8928095235358375,0.945303040275778,0.38496913152011913,0.7616138489986313,0.8941188719993174,0.9517441295565183,0.9432937551644589,0.9272278453848009,0.902136277813822,0.9272278453848009,0.9413411539914582,0.9021362778138222,0.988694881969272,0.9961255853556192,0.8138702669970947,0.7709111814016814,0.9517441295565183,0.919346293979701,0.9453030402757783,0.8928095235358375,0.8176248919537714,0.9413411539914587,0.9413411539914582,0.562322822590757,0.9540615556502023,0.6384920723829901,0.9357714224531068,0.9305518148343679,0.7972549794048318,0.9375844381576608,0.7586960035506491,0.7512664934860482,0.9413411539914587,0.9413411539914587,0.900778788782632,0.8050001170467128,0.887635694816231,0.6978684737359191,0.8213551610187866,0.6824328473619536,0.6335804378125831,0.7687832118149227,0.9224335544163884,0.7839930876682057,0.9413411539914587,0.8850825988655406,0.9473756291574582,0.9564866901437921,0.6526052505370015,0.9517441295565183,0.8050001170467127,0.9413411539914587,0.9413411539914587,0.7389396761883908,0.9413411539914585,0.7482376773236081,0.9736413441112675,0.6719683307685382,0.450251837766215,0.9163339973465923,0.8838135174053028,0.8347987301368458,0.9302294432307072,0.9413411539914588,0.9021362778138218,0.789355826707844,0.9432937551644589,0.9517441295565183,0.8997273685499723,0.8196647306005975,0.8967590384461326,0.9048804738246028,0.9432937551644589,0.5836334761222555,0.9413411539914587,0.7998527217210254,0.9048804738246028,0.883813517405303,0.8530610496352258,0.5641228653284546,0.9322580645161287,0.8902105416031847,0.9940945771004706,0.949519449544256,0.7530532682598257,0.8409471212756858,0.9357714224531066,0.7563074904491661,0.9105012505384156,0.9208799593226003,0.9353122156720659,0.9473756291574582,0.9394396415413286,0.8566963326642258,0.9178313446502835,0.9021362778138218,0.9090779869018049,0.9564866901437921,0.9021362778138218,0.9564866901437921,0.9564866901437918,0.887635694816231,0.9076672018071592,0.8800330897565916,0.9413411539914585,0.756307490449166,0.9288758056186719,0.9288758056186717,0.8832036427492576,0.9339970109398137,0.9394396415413291,0.9178313446502833,0.8775328023580431,0.9432937551644589,0.7467104468736223,0.904880473824603,0.7959497447008526,0.7701966637294341,0.9413411539914587,0.8750464770419486,0.8853010064654411,0.9311614287731251,0.9540615556502023,0.9224335544163886,0.9240084059312026,0.9702116011640309,0.9413411539914587,0.7743984544652451,0.6978684737359191,0.9240084059312026,0.775786604193498,0.7998527217210254,0.783993087668206,0.9473756291574582,0.7946401316668192,0.8213551610187866,0.6978684737359189,0.8284005927134905,0.9256059689675478,0.9510440287614077,0.9564866901437921,0.8867793699144205,0.9413411539914585,0.9191026744465279,0.919346293979701,0.8138702669970943,0.887635694816231,0.690279906401571,0.9413411539914587,0.9394396415413286,0.8176248919537714,0.6050774985878657,0.9126349348227394,0.7420755643853134,0.7140945340084044,0.9413411539914587,0.7557478947704022,0.5708180189142041,0.9105012505384156,0.9413411539914587,0.815124675441804,0.9339970109398128,0.9517441295565183,0.9256059689675475,0.9394396415413286,0.6181538901430245,0.9208799593226006,0.881289004522013,0.9178313446502835,0.8941188719993172,0.7460683740758988,0.6863899643182838,0.9413411539914587,0.9163339973465923,0.9413411539914587,0.9517441295565183,0.7776305711004288,0.8664319147745594,0.9564866901437921,0.9148532265533555,0.7034019047473056,0.890210541603184,0.9105012505384156,0.9413411539914587,0.8062775279335068,0.7933260374223106,0.6610679713118723,0.9133880855304555,0.9773810909232876,0.9473756291574582,0.9133880855304561,0.9119376979332718,0.9035033355391053,0.8762879977600886,0.7140945340084045,0.9035033355391053,0.32370604828620364,0.9473756291574582,0.4881387907516249,0.9035033355391053,0.9564866901437921,0.9208799593226005,0.9432937551644589,0.9903614764146604,0.9394396415413291,0.9119376979332718,0.9240084059312026,0.875046477041949,0.45828281075571664,0.925605968967548,0.900778788782632,0.919346293979701,0.9394396415413291,0.9288758056186719,0.8834045746395403,0.9105012505384158,0.9108618909887136,0.8075513607586298,0.8980906127480353,0.6442737381456307,0.919346293979701,0.9432937551644589,0.9453030402757783,0.920153492271677,0.9294355670729678,0.9163339973465923,0.8284268609181266,0.9186255087204842,0.9473756291574582,0.9495194495442565,0.9705733721619045,0.9148532265533558,0.8715822447458522,0.9433231638906059,0.9133880855304555,0.9382559848767844,0.9771865070849177,0.9119376979332712,0.9413411539914582,0.9539018943187545,0.8591232092880787,0.8994303857428694,0.8850825988655406,0.8515969699284043,0.9495194495442563,0.8604594797352192,0.9740334109280264,0.9208799593226003,0.9357714224531068,0.9148532265533555,0.9171102496467267,0.9671649000856168,0.8550995959452066,0.9305518148343679,0.9413990456560278,0.9394396415413291,0.8955606990865332,0.8965885627403591,0.9453030402757778,0.9432937551644589,0.8688814196559584,0.9163339973465923,0.9453030402757783,0.8199285457124563,0.8421603457990252,0.9009798773214703,0.992239334903201,0.9375844381576608,0.8062775279335068,0.9240084059312026,0.9761277300342177,0.9453030402757783,0.8373021566360082,0.9240084059312026,0.9495194495442565,0.8762879977600886,0.9224335544163884,0.9432937551644589,0.9540615556502023,0.8676556569243747,0.9517441295565183,0.892198421147566,0.9495194495442565
p233_N,0.9239991990382528,0.8231417513425148,0.8548730528847573,0.9941068010498537,0.9288488221297497,0.9880755935910336,0.8703694312854078,0.8203022608981225,0.8652640614492118,0.9442782351269043,0.9580084947693384,0.9781067403340056,0.9265423524364667,0.6978960117135489,0.9054762298636496,0.8655174742919487,0.8969439783075257,0.9825197666561855,0.7062721505681435,0.9442782351269046,0.8424470967591315,0.9551139594816043,0.9894121426990234,0.9312172606999456,0.9928893498778073,0.9040300914457235,0.6254993376162087,0.8829528399528481,0.9442782351269043,0.7675303317860308,0.8949427042733138,0.9361684345174044,0.9199406273027306,0.8863065703015558,0.9288488221297497,0.9411125326018255,0.9312172606999456,0.5942324127126726,0.9472198404849024,0.6511847627585863,0.8590697626746646,0.9443618136993994,0.9880755935910337,0.8780124908814335,0.9673337013468153,0.8963062927163103,0.9859410630732461,0.9175700816842534,0.9021698077369342,0.8484356419795889,0.9903434298372484,0.7320834583276282,0.9040300914457235,0.9178313446502833,0.9641067145740574,0.9369878183831672,0.9369878183831672,0.9288488221297497,0.9408496123221775,0.9706982209232327,0.8684015223223853,0.9169832390321796,0.9040300914457235,0.91561268213489,0.938768815466609,0.8626111350907362,0.9361684345174044,0.8446010360565219,0.8803689097090909,0.941467276381333,0.5694788728094429,0.9393902601956408,0.9288488221297497,0.7790052760171424,0.9288488221297497,0.8409576378165506,0.9207305022599921,0.9157617220296757,0.7741671495920408,0.7292573298947771,0.9580084947693384,0.9469401678022586,0.7115687211778313,0.9040300914457233,0.9288488221297497,0.5931244253919945,0.9137287800621365,0.8539264745735007,0.8787678938964243,0.9265423524364669,0.9288488221297497,0.720013368732187,0.9075751144851479,0.9816994719868783,0.889619361405615,0.8606091151654389,0.7282228468479339,0.9995225669598761,0.7908682630185726,0.8323003027125864,0.9897009966777409,0.9859410630732461,0.531439847400289,0.9887897538345507,0.961777694184125,0.9414672763813328,0.6518396473123598,0.7795850714251209,0.9523096052149489,0.8259139697112217,0.7254959643852121,0.9443618136993994,0.9720703718968702,0.9138819138114372,0.933654454952398,0.9875912524085166,0.8663129020103818,0.9414672763813328,0.9880755935910336,0.8011767661222196,0.9967848253410609,0.8219227877838965,0.6013132034936094,0.9996816445584039,0.7178027688939725,0.7629900200872712,0.9312172606999456,0.994160930288872,0.9265423524364667,0.8631510629728291,0.8463492228297524,0.80491250444336,0.9903434298372482,0.9472198404849024,0.9220929278982624,0.6979285610052341,0.8811111416610473,0.9013065795230636,0.9903434298372482,0.9706982209232327,0.8696643873833039,0.9442782351269043,0.7974907805060594,0.7880566487462841,0.7361386731582228,0.8747722377977698,0.8499415642309933,0.9579218368345694,0.9021698077369342,0.8303252639041241,0.9327624037197981,0.9869296750061687,0.9003008450443782,0.8845611988346691,0.9903434298372484,0.902169807736934,0.9079581313098615,0.7409567718986104,0.8927510980735227,0.7437828533028578,0.7803598601014239,0.9094857206850571,0.9748290773761272,0.8715497290124419,0.8560076147222733,0.7296210602910794,0.9351293596727117,0.8873412224047772,0.9608396174967289,0.9911416000294788,0.9032274698712808,0.9265423524364669,0.9003322259136215,0.7061970054220823,0.8644089330982312,0.7183918393473308,0.9414672763813328,0.8919612280695786,0.954797795932703,0.8185651062255476,0.8763873919722711,0.89691998069125,0.769767441860465,0.9742178060512305,0.943130131925479,0.8359257557161957,0.8011767661222196,0.9482428774988274,0.9178313446502834,0.9278464566365248,0.9706982209232327,0.8652640614492118,0.7730036378900889,0.8532077696360623,0.9538062486519394,0.9288488221297497,0.9312172606999456,0.5652401104447096,0.8890895984248461,0.9906522225387779,0.9832953261321589,0.9742178060512305,0.9288488221297497,0.9609870076823843,0.8743055674000497,0.9442782351269043,0.9288488221297497,0.8546193973191551,0.9451832184545601,0.8409576378165506,0.9625401934948806,0.9256018765646534,0.9742178060512305,0.9288488221297497,0.9605547264652037,0.9288488221297497,0.7791276136729792,0.6475046905469422,0.633633893359107,0.9288488221297497,0.9351293596727117,0.9288488221297497,0.8267418580830389,0.8998677823831449,0.6650500436650673,0.9507126800088579,0.9617723288059054,0.8689353193770999,0.9242920540600268,0.7318143872286751,0.9137287800621368,0.8945421723100472,0.814666489462591,0.9523285443895997,0.9361684345174044,0.943030019214546,0.9541610264321898,0.8471060150352997,0.9396242454712691,0.9132389320257914,0.9132389320257914,0.9220929278982624,0.7437828533028576,0.924292054060027,0.9288488221297497,0.8637059334028956,0.9288488221297497,0.7760543090171461,0.6714853444002172,0.9554815748429076,0.884766548873631,0.8689353193770999,0.9312172606999456,0.8796480577405048,0.9117298605520907,0.7157909626364063,0.8730044142720108,0.8291716068659003,0.933654454952398,0.739101136349229,0.9182102768713849,0.9168003221611534,0.9265423524364669,0.995067487912588,0.868164655863978,0.9472198404849024,0.8986459110312868,0.9692745478323191,0.9443618136993994,0.8432075354874797,0.7785615705118253,0.9903434298372484,0.9469177182377293,0.8854123724960306,0.7311298060778155,0.9414672763813328,0.7822109162219644,0.9112643219372452,0.8965983225545131,0.736099361987321,0.9414672763813328,0.8610375356079851,0.84682010847028,0.5545431325195787,0.8856048231352784,0.9598848913568983,0.43890624759742236,0.9816494815223562,0.7723156123758677,0.9706982209232327,0.933654454952398,0.933654454952398,0.8374102321303154,0.9998226281102465,0.8237171151196454,0.9585793392680111,0.9697040536000001,0.9032056035600345,0.9998226281102464,0.9779134885361098,0.9861688348869461,0.8436771116239447,0.5220816122841563,0.7654163298689531,0.8856048231352784,0.8571991125642087,0.9393902601956408,0.9152383482658542,0.936773036532293,0.9035881831250774,0.8379864720100318,0.8254321742357902,0.9530445907898335,0.8138456888436654,0.7603523161293433,0.8712827231431497,0.9235615721162846,0.9442782351269046,0.9816494815223562,0.8812946455970232,0.7617736612585327,0.9336544549523977,0.9288488221297497,0.9361684345174044,0.6157555737858553,0.9825197666561853,0.9414672763813328,0.995067487912588,0.9742178060512305,0.9288488221297497,0.8447916714707591,0.9414672763813328,0.9472198404849022,0.7260758653457879,0.9440819790523638,0.9078247903914518,0.9361684345174044,0.942672424743418,0.8900161826086066,0.8447916714707591,0.9199406273027306,0.8429420123219552,0.933654454952398,0.8863065703015558,0.8572536274440052,0.9178313446502833,0.8747722377977694,0.7939618958188411,0.8612129307844862,0.9853395314336217,0.8574250296183685,0.9874255252046317,0.9265423524364669,0.9074828887014603,0.8740160774379223,0.7510144443985958,0.9019578643754296,0.8013774159845113,0.9288488221297497,0.8644089330982312,0.949904800799596,0.9784078757357106,0.884623261684109,0.994242084296447,0.9411938525033876,0.9288488221297497,0.9288488221297497,0.9393902601956408,0.8944128167827483,0.7525029000090184,0.9288488221297497,0.9442782351269046,0.9288488221297497,0.8914410719709877,0.8838798249719386,0.8743055674000497,0.8258278458384498,0.6908602902627301,0.9621156816794599,0.7955552154844518,0.8421792166358752,0.9288488221297497,0.9610837152279759,0.9475238565788602,0.8765754647337181,0.7751113581772171,0.8931834336273663,0.6727923404215783,0.933654454952398,0.7566539863086956,0.9288488221297497,0.7124438834345138,0.9068863387241245,0.9197172882281326,0.9535078533325364,0.98181078671843,0.7540636738128099,0.9199406273027306,0.9288488221297497,0.9652100235177417,0.917713198737315,0.9288488221297497,0.8931834336273661,0.8011844593328409,0.9131376824687898,0.7865198320659574,0.7654163298689531,0.9288488221297497,0.9224719303218403,0.9837454645469401,0.8923351671954536,0.7493551962635306,0.7435903450755759,0.8998677823831449,0.8715698060206925,0.785656947778779,0.933654454952398,0.9740512052478837,0.8409576378165506,0.9894121426990234,0.8397380806900288,0.9960470786045246,0.76676292385573,0.909762579821223,0.9361684345174044,0.6421693409619119,0.9288488221297497,0.941467276381333,0.7647955220340346,0.7808181407585646,0.999744732490999,0.8985159947466634,0.924292054060027,0.993153441494665,0.98181078671843,0.9706982209232329,0.9574979597513364,0.5314398474002895,0.8663129020103818,0.9063693009102085,0.8432483852154222,0.941467276381333,0.8074239246703683,0.9442782351269046,0.9178313446502835,0.8512887315453755,0.7848868336667589,0.5896490669042486,0.9442782351269043,0.9950695727172054,0.9152383482658542,0.7200133687321872,0.9059145492620326,0.9137287800621365,0.9627812356600217,0.9859410630732464,0.9816494815223562,0.9995729386747717,0.8776911857684926,0.7010214355004778,0.9438841418650028,0.9580084947693384,0.8949427042733138,0.8453163931460617,0.8498048674400007,0.7805344139234169,0.7612216579618672,0.8896975241965694,0.9386114099568902,0.8914410719709878,0.9357136999653202,0.9894121426990234,0.8035933426404298,0.9580084947693384,0.9297917593953646,0.9469401678022586,0.9451832184545603,0.8032091401259471,0.9094857206850571,0.9460319017180565,0.8591079607295915,0.5931244253919945,0.91561268213489,0.7649822460765638,0.9074636462199257,0.9023795156406167,0.5545431325195793,0.9233341101691156,0.44453624382199675,0.9220929278982624,0.9903434298372482,0.9414672763813328,0.96455642750231,0.9948109578214425,0.996784825341061,0.9742178060512305,0.9265423524364669,0.7958402935424713,0.9297539537367778,0.9220929278982624,0.8125344049448118,0.9288488221297497,0.995067487912588,0.9288488221297497,0.9288488221297497,0.7892035637357744,0.9097625798212232,0.9853395314336217,0.9288488221297497,0.754388385558972,0.7948988321370778,0.9270396358303659,0.7925205308066754,0.9610837152279759,0.7186498951324445,0.9235615721162846,0.8637059334028958,0.8203326673546767,0.8150628490693073,0.9981009867201975,0.938768815466609,0.8846232616841085,0.794277417848092,0.7982195598930493,0.8949427042733138,0.9199406273027306,0.9828956122135617,0.9224732071905759,0.938768815466609,0.7579755001450591,0.933654454952398,0.8890895984248461,0.9964991389010722,0.7480600708016647,0.9495873612601233,0.8105381431020642,0.5868712212352541,0.8684015223223853,0.9495873612601233,0.9881949600984961,0.9336544549523977,0.9137287800621368,0.6134410051336947,0.9938868854725336,0.8229620026521651,0.88989651841263,0.9361684345174044,0.9392771616877615,0.9220929278982626,0.9091159872271616,0.8454347944158869,0.8827558331044781,0.85552779797785,0.960839617496729,0.7939618958188408,0.803775018268789,0.9430947602874837,0.892624738559076,0.8292132964580019,0.9137287800621365,0.8998677823831449,0.8573309063173233,0.9288488221297497,0.9361684345174044,0.9556196184821215,0.9779134885361098,0.9586992630188506,0.9137287800621363,0.9706982209232327,0.7115687211778312,0.8637147028644798,0.9309382944231761,0.7688775090217483,0.9942420842964472,0.8243371889804108,0.8307576415323478,0.8369528122455994,0.924292054060027,0.9641067145740576,0.9028466030831426,0.799262490115292,0.9357136999653201,0.9454234581356229,0.882832221429809,0.8593459614107982,0.8322804608748362,0.6515396110821359,0.8511926216011774,0.9470211235965942,0.894942704273314,0.9327624037197985,0.9928893498778073,0.9675956872630852,0.7809503033135784,0.950462348871437,0.8499415642309931,0.9742178060512308,0.7568456979791449,0.8652824480423817,0.9472198404849024,0.9063693009102085,0.9617723288059055,0.8868913514116862,0.9879051267951275,0.9787436574258668,0.9943648024077448,0.9300679213294079,0.9117298605520905,0.9417424117820137,0.9580084947693381,0.9781067403340057,0.9361684345174044,0.9472198404849024,0.9288488221297497,0.849605533346268,0.9972553613045019,0.7510144443985958,0.677833398243572,0.9288488221297497,0.9831054516908292,0.7683735222627597,0.8980335604933309,0.8914410719709878,0.8944128167827483,0.6930414319016732,0.8335461879057977,0.7730181095958693,0.9346355708099479,0.8684015223223849,0.8136478513745116,0.6973493918323203,0.938768815466609,0.7025119892543971,0.9003322259136215,0.9859410630732464,0.9132389320257919,0.9880755935910337,0.8847665488736309,0.4260216098550923,0.9472198404849024,0.9178313446502833,0.0,0.9288488221297497,0.8011772965543407,0.9675190269971803,0.941467276381333,0.9288488221297497,0.9964991389010722,0.8440306752314072,0.8927764088411396,0.9265423524364669,0.9361684345174044,0.9220929278982624,0.9265423524364669,0.9265423524364669,0.9853395314336216,0.9288488221297497,0.9220929278982624,0.9507013608486898,0.9288488221297497,0.6227906806788639,0.9809679173349197,0.9414672763813328,0.933654454952398,0.995067487912588,0.98181078671843,0.9265423524364669,0.8203022608981224,0.8011767661222196,0.9097625798212232,0.7996110161512187,0.9288488221297497,0.8909290181414238,0.9859410630732464,0.9469401678022586,0.9432542736204887,0.7364903892325265,0.8824024370934048,0.9312172606999456,0.9117298605520905,0.7034296308289856,0.6824726928193262,0.9288488221297497,0.9909282086879025,0.6708800775770485,0.9996816445584039,0.7964719229254074,0.8307576415323483,0.941467276381333,0.9021698077369342,0.933654454952398,0.6817258186659928,0.8459614509201203,0.9288488221297497,0.9730218450575303,0.9119355268636244,0.9942420842964468,0.8722056796512816,0.9673337013468153,0.8730044142720107,0.8843179199522955,0.924292054060027,0.833949040985408,0.8668423230235505,0.9288488221297497,0.9288488221297497,0.867421828685572,0.7540636738128099,0.5289991583173139,0.6760873335642721,0.8058647575691209,0.8509140625515298,0.6447058294465046,0.761930796916503,0.9059145492620324,0.759404564781907,0.9288488221297497,0.9115470187593031,0.9361684345174044,0.9472198404849024,0.7540636738128098,0.9414672763813328,0.829262415790843,0.9288488221297497,0.9288488221297497,0.7675303317860309,0.7767631794320896,0.7367377645928266,0.96211568167946,0.874618583855285,0.8873412224047772,0.970755146873232,0.6320439621833052,0.7901637284665253,0.7749827149423982,0.9288488221297497,0.8312067765440603,0.7660153724471725,0.9312172606999456,0.9414672763813328,0.9457198704189818,0.9659235941226033,0.9410038098069492,0.7889690427384557,0.9312172606999456,0.9632184932851355,0.9288488221297497,0.8007823684965487,0.9825455703573394,0.8590697626746646,0.8340957775745131,0.8538118757976776,0.9178313446502835,0.8668291346622676,0.743721044582173,0.9387688154666087,0.8400759547129952,0.8070742874273193,0.9673337013468153,0.9942420842964469,0.9716712892571912,0.9040300914457233,0.7808181407585646,0.9361684345174044,0.9265423524364669,0.8261775432373462,0.9003322259136213,0.44787533939883795,0.9235151033525315,0.9472198404849024,0.7353739172577544,0.9233710276669693,0.9472198404849024,0.9793811540276176,0.8880034676011164,0.8544842329828615,0.9288488221297497,0.9442782351269043,0.9551139594816043,0.9137287800621363,0.7955552154844518,0.9199406273027309,0.9265423524364667,0.9369878183831672,0.851451469716517,0.7652215831891479,0.8401505248191379,0.8868913514116861,0.7524940056416105,0.7424665428974391,0.9288488221297497,0.7200133687321871,0.9730218450575301,0.7477187808161248,0.9442782351269043,0.9443618136993994,0.907824790391452,0.830728630799169,0.9288488221297497,0.7688775090217483,0.8250562990528754,0.907824790391452,0.7705993660494888,0.7790052760171424,0.7594045647819071,0.9361684345174044,0.7725459839342221,0.8960841541919653,0.8557244891858331,0.9586368323579755,0.6123400429119741,0.8381382488667255,0.793961895818841,0.9707630758620763,0.9288488221297497,0.9417424117820135,0.8745074775108261,0.7964719229254076,0.9627812356600215,0.7952479988963066,0.77676317943209,0.9265423524364669,0.8235693737372303,0.9941609302888721,0.7856569477787791,0.7502894641985107,0.8434638965065187,0.9288488221297497,0.7669984005935975,0.9272187549328597,0.561008372941728,0.9288488221297497,0.7757525420881084,0.9199406273027304,0.9414672763813328,0.851288731545376,0.9265423524364669,0.9438462100315866,0.9418468054117539,0.7816536520320793,0.8430786267995567,0.9776841152305459,0.9894121426990234,0.8337374916616032,0.9288488221297497,0.9208861249369151,0.9288488221297497,0.9414672763813328,0.7271287224155968,0.8638929830074615,0.9472198404849024,0.9679401264121574,0.8100500735570905,0.9256018765646534,0.8914410719709875,0.9288488221297497,0.9407906663026401,0.9437909464723311,0.8435442872229134,0.894942704273314,0.9132389320257919,0.8471315842032197,0.8949427042733136,0.8931834336273663,0.9475238565788602,0.8499415642309933,0.695485866398646,0.9475238565788602,0.971671289257191,0.41373162164446864,0.9697040536000001,0.9475238565788602,0.9472198404849024,0.9418468054117539,0.9312172606999456,0.9436574087729872,0.5967031114158962,0.8931834336273663,0.9469401678022589,0.8818449897152715,0.9132389320257919,0.8512887315453759,0.9112643219372452,0.9021698077369342,0.9265423524364667,0.9551139594816043,0.9074636462199257,0.7663398310994594,0.9482428774988274,0.9206591678873524,0.9073841898943757,0.9017190217704447,0.7256256676759997,0.9312172606999456,0.9617723288059055,0.8621543973586858,0.9334007422562385,0.8985159947466637,0.9208861249369155,0.9745310482030676,0.9554815748429073,0.938768815466609,0.9960470786045248,0.8967198703210442,0.8990832879705976,0.9825455703573396,0.8949427042733138,0.9776411013787649,0.6418929481564675,0.8931834336273665,0.9730218450575299,0.8376158603774222,0.8189444835501716,0.6524774449529205,0.8890895984248459,0.9716315561117921,0.938768815466609,0.9853395314336217,0.9994732652825374,0.9040300914457235,0.9220929278982624,0.9323299983666007,0.7734012608338692,0.9838786983345046,0.7268586664874903,0.661770550573698,0.9617988407308564,0.5490276578011324,0.8880444218037429,0.8162846262877734,0.933654454952398,0.9312172606999454,0.8409576378165506,0.898515994746663,0.9859410630732464,0.8575360288119109,0.8322804608748362,0.8747404628543142,0.9706982209232327,0.924292054060027,0.8309347837139285,0.9469401678022586,0.9049436253476606,0.7003392882016655,0.9665429756228252,0.9469401678022586,0.938768815466609,0.8499415642309931,0.6711655419269308,0.9312172606999456,0.9442782351269043,0.9000627222649352,0.9998226281102464,0.7798290464961052,0.938768815466609
p233_S,0.8797198635106949,0.7697291134367075,0.9279034959226291,0.7568486889608452,0.9851190476190474,0.43141517115514116,0.9446023531860506,0.9093303855836503,0.9038142386822652,0.957486356544754,0.9470390403999657,0.9475597985845112,0.9475597985845112,0.5278131626262966,0.8428084617125348,0.885400876353422,0.6922793608945521,0.9314886672615053,0.9582144552981327,0.5460239008814076,0.8875255844205971,0.9384124008873465,0.7978853750711608,0.9136608016620082,0.9369854052620168,0.931488667261505,0.8133917646328429,0.9164419655193168,0.5460239008814076,0.7739436107925921,0.9250013316406696,0.9544316996038,0.9428469360414604,0.9188361382271668,0.9492063492063489,0.9582144552981327,0.9508971383859763,0.9389176628943108,0.962321115805955,0.8705563612990551,0.8993922310882434,0.9842968264073595,0.9623211158059548,0.9129151319089193,0.9345041683711355,0.8491014855124583,0.9526370111116407,0.9386131743457118,0.930160641445072,0.8918007079504509,0.9544316996038,0.784333464340198,0.931488667261505,0.9413411539914582,0.9428469360414604,0.9779134885361098,0.9779134885361098,0.9492063492063487,0.8913069625116543,0.9459533477380777,0.9060540201833018,0.8898549672341265,0.9314886672615055,0.9372344714402792,0.9562880686171875,0.85595284136355,0.9544316996038,0.9180353447095948,0.9484110728449684,0.8846149163346162,0.5810589158471654,0.930160641445072,0.9492063492063489,0.8558385346892365,0.9492063492063487,0.8864622842804519,0.9384124008873462,0.9398636845831869,0.8233095582802457,0.8644606804686438,0.9964123220916106,0.6469450309014353,0.9307341409458902,0.9314886672615053,0.9492063492063487,0.6454585546268141,0.8954014960722596,0.8046479448175348,0.9305175527166338,0.9475597985845114,0.9492063492063487,0.674965836383411,0.757893768558104,0.8548949080074908,0.926270021131592,0.9004911494084337,0.6466699858728484,0.8875255844205971,0.8776617664119197,0.8764361994541838,0.9779134885361098,0.557452072574393,0.8537698412698407,0.735850659673652,0.9685537534522769,0.9582144552981327,0.5727714044714182,0.8256510411711879,0.9369854052620168,0.8581734835076842,0.6906840413280788,0.9842968264073595,0.8355590569639006,0.764781609544028,0.9526370111116407,0.8396970313026868,0.7119431669223408,0.9582144552981327,0.9623211158059548,0.8893007587699875,0.9129151319089193,0.6613638028274368,0.7914282554375611,0.6048365617885301,0.9314886672615053,0.7836924829796468,0.9508971383859763,0.9494833800495852,0.6695496131391625,0.9152582079543843,0.8727631680356078,0.9526370111116407,0.8280234816778029,0.9623211158059548,0.944383427890573,0.7622165788456623,0.9128732846826051,0.973053360823401,0.9544316996038,0.9459533477380777,0.9184886671157672,0.9602211523225768,0.8244397822834255,0.9700073495187167,0.7951815329931903,0.9517002303366318,0.9254740181372286,0.8720509229668816,0.930160641445072,0.7866211206538801,0.9602211523225768,0.9060540201833016,0.802590847384093,0.8811713725919916,0.6829936025322061,0.9301606414450723,0.6265054424574308,0.9987214692868693,0.8570084033315832,0.6613638028274371,0.8222935225335393,0.9773757151292214,0.7516593631340741,0.8306404201087898,0.9345140465701829,0.7810518377748348,0.9558694433263362,0.7600276057434353,0.926270021131592,0.8754988991654504,0.7568486889608457,0.9475597985845114,0.92884882212975,0.9619684272088397,0.9155456680159728,0.9789571546770472,0.41310303123286274,0.9359245759999371,0.8564366879578689,0.9031963879032959,0.9117550006367756,0.9240490045471226,0.9730218450575301,0.9475597985845114,0.8591172857456589,0.7450523201144433,0.8893007587699875,0.9400050159634594,0.9413411539914583,0.9370619345667415,0.9459533477380777,0.9038142386822656,0.743327198645417,0.8180179329687025,0.9457174376824435,0.9492063492063487,0.981381831638016,0.9919305345581159,0.9004911494084336,0.8686209035320765,0.9640062838948074,0.9475597985845114,0.9492063492063487,0.9009382359433893,0.7897778653703156,0.9602211523225768,0.9492063492063487,0.8628210251713133,0.9152582079543841,0.8864622842804519,0.8570084033315832,0.9836006869587253,0.9475597985845114,0.9492063492063487,0.8869938104977824,0.9492063492063487,0.869044468641188,0.952781415217539,0.8982035436211124,0.9492063492063487,0.8612222667022572,0.9492063492063487,0.9154039119513095,0.9471856021934963,0.47854564106898667,0.9092498603831318,0.9526370111116407,0.7993700008850906,0.9459533477380775,0.9888877218166616,0.9384124008873465,0.9352923098201313,0.8488494650114393,0.7276738848411506,0.9544316996038003,0.8993922310882434,0.9266101958517023,0.9414106494210734,0.8789467917665686,0.9152582079543843,0.9152582079543841,0.995060370240281,0.6264995473798107,0.9919305345581159,0.9492063492063487,0.9027019168030599,0.9492063492063487,0.7906093280416717,0.7854327491040132,0.9544316996038003,0.9275522446953857,0.7993700008850907,0.981381831638016,0.9140827360776209,0.9369854052620166,0.56217357636142,0.9398636845831869,0.8612222667022573,0.9773757151292214,0.669585916480121,0.8717146038820363,0.8743499943821069,0.9475597985845114,0.968354383009318,0.790839025210397,0.962321115805955,0.8628210251713135,0.8333555867103821,0.9328339505740533,0.8706662210952578,0.6272911279375322,0.9544316996038,0.8789445153161299,0.8256510411711881,0.7780046509581318,0.9582144552981327,0.8289245259008577,0.7050429644807608,0.9341976401680094,0.9400050159634596,0.9582144552981327,0.88239105236417,0.8428200943988524,0.9683543830093179,0.8762768783002747,0.8942700047615741,0.9073884413700833,0.9188361382271666,0.8355590569639006,0.9459533477380777,0.9526370111116407,0.9526370111116407,0.7762018136905979,0.491688345416489,0.7985559379258662,0.8548949080074906,0.885400876353422,0.7642583891701951,0.9582144552981327,0.9194444444444441,0.8705563612990557,0.5571177106314704,0.9005384212506021,0.8590530004149177,0.9734392564424441,0.9526370111116407,0.930160641445072,0.9164419655193168,0.8399383708739914,0.9501760208500685,0.9190178999788696,0.7741602544976015,0.8967564989823896,0.8355526955775654,0.6665997387433034,0.9602211523225768,0.9428307668638465,0.5460239008814078,0.9188361382271666,0.9992249226337293,0.9501760208500687,0.9526370111116407,0.9492063492063487,0.9544316996038,0.7876282222528321,0.8660358761631226,0.9582144552981327,0.9562880686171875,0.8609949072773261,0.9492063492063487,0.9369854052620168,0.9582144552981327,0.9510697823313443,0.951700230336632,0.8865885756024983,0.6993021970177551,0.9544316996038003,0.8628210251713138,0.9078348556377036,0.737110987577477,0.9428469360414604,0.7104521888515193,0.9526370111116407,0.9188361382271668,0.8732827916508189,0.9413411539914582,0.9106019687464653,0.8644606804686437,0.7937866699170064,0.5067426492588489,0.8061796741685836,0.9950603702402812,0.9475597985845114,0.8072734327388269,0.8705493355131941,0.8355590569639006,0.8367785125630913,0.7486025637696192,0.9492063492063487,0.8538362113124118,0.9613251513423888,0.9011398453294074,0.7765306526370804,0.9602211523225768,0.8754988991654504,0.9492063492063487,0.9492063492063487,0.97998139075904,0.9428307668638465,0.7021391001047338,0.9492063492063487,0.4637314097487385,0.9492063492063492,0.7568486889608455,0.8972062142375332,0.8995813910474277,0.9851190476190476,0.9834594839173173,0.9507968637523909,0.979298117111586,0.9509387076853666,0.9492063492063487,0.8811713725919916,0.6514063249009001,0.8048319931549086,0.8356986313379358,0.9237454173815309,0.675419298594237,0.9526370111116407,0.8243917750973908,0.9492063492063487,0.7777200559261546,0.8154170120192794,0.859117285745659,0.9179397916598837,0.9508971383859763,0.9927279446966171,0.5842114597016241,0.9492063492063487,0.8961186971729784,0.890028486541209,0.9492063492063487,0.9834594839173173,0.8090221571306981,0.8420784215528958,0.7537446627817317,0.8306404201087898,0.9492063492063487,0.9106983752712405,0.8957154500195306,0.9683543830093178,0.9949026854846567,0.9589429769107362,0.9071820194155724,0.908315805590151,0.9186188500482275,0.9526370111116407,0.9358682901281237,0.8864622842804519,0.7445786492931158,0.8527760996057685,0.6966097527993009,0.9032953985475976,0.9888877218166614,0.9544316996038,0.9821075314053485,0.9492063492063487,0.9582144552981327,0.8295306933275088,0.9276070808582184,0.9964123220916106,0.927406180672594,0.9459533477380777,0.8329007801417363,0.9813818316380161,0.9459533477380777,0.8339417653831189,0.9194444444444442,0.9991271005058253,0.9128732846826049,0.667003951320344,0.9582144552981327,0.8766475407506158,0.9602211523225768,0.9413411539914585,0.6379651977370272,0.9429617878946375,0.9384124008873462,0.9602211523225768,0.8881507821781,0.9164419655193168,0.9637881401608364,0.9328339505740533,0.9384124008873462,0.9027019168030597,0.6274393463335319,0.9188361382271666,0.9372344714402792,0.9439445800977779,0.9865548062843288,0.9750767117923147,0.9398636845831869,0.9250013316406696,0.6827113291147928,0.7725735218970422,0.8197263921477259,0.9950603702402812,0.8715164809151128,0.7504529850082992,0.9683086794376969,0.9341976401680094,0.935580996038617,0.7503309927704913,0.9398636845831869,0.88239105236417,0.9341976401680097,0.9152582079543843,0.8104946185054887,0.5574520725743934,0.9056892759978576,0.995974446347661,0.9949841493208558,0.8993922310882434,0.9582144552981327,0.8446524872388197,0.9640062838948074,0.9562880686171875,0.959657136477295,0.9950603702402812,0.5711669571562614,0.973053360823401,0.9632002305182419,0.4637879298172911,0.7379098541554265,0.912915131908919,0.9248100053233803,0.9475597985845114,0.8233095582802457,0.9871891849714203,0.9443834278905732,0.669585916480121,0.9492063492063487,0.9562880686171875,0.9492063492063487,0.9492063492063487,0.818749855334769,0.935580996038617,0.595115143491769,0.9492063492063487,0.8379941091237495,0.8674444980673444,0.9152582079543843,0.778048816829908,0.9153139730017579,0.8913069625116543,0.5889708949571815,0.9027019168030599,0.8399134433261006,0.9980353634264248,0.9215191722498273,0.9562880686171875,0.9176344520056339,0.8343546973790353,0.8559522762859697,0.97201754229775,0.9428469360414604,0.9919305345581159,0.7923706875053151,0.36549399602136157,0.970223678284496,0.9526370111116407,0.6420445513442258,0.9384124008873462,0.9842968264073597,0.9888877218166614,0.8485197883378754,0.9834594839173173,0.9060540201833018,0.9355809960386168,0.9647506825559773,0.9526370111116407,0.9384124008873462,0.845939771686001,0.9987214692868693,0.8570084033315832,0.8617270394494578,0.9544316996038003,0.987300088453792,0.9443834278905732,0.9670545960247572,0.6823370290799504,0.9248100053233801,0.8048319931549086,0.926270021131592,0.9510697823313443,0.7668650526081322,0.876647540750616,0.9414106494210732,0.7984578922301157,0.729215393031865,0.9471856021934963,0.9508586339370195,0.9492063492063487,0.9544316996038,0.9164419655193168,0.9492063492063489,0.9810324389242784,0.9384124008873462,0.9459533477380777,0.8354035823308781,0.7285394965407899,0.935580996038617,0.8331081253920931,0.9602211523225768,0.782214058868571,0.9398636845831869,0.8664724446651941,0.9459533477380777,0.6433291602337388,0.8221755430097124,0.7854327491040132,0.9087308614830323,0.9215835886662106,0.880117361849238,0.7604073710900016,0.8950935460094678,0.9630223853436268,0.8605006952168124,0.7286399679267357,0.92500133164067,0.4637314097487386,0.9913026731221013,0.9508971383859763,0.9579080044224919,0.9414106494210732,0.8928757609748674,0.9475597985845114,0.7792280426333986,0.9197758326677532,0.9510697823313443,0.8790644420447882,0.9526370111116407,0.8639120513105901,0.8242670087328133,0.9328339505740533,0.9015943008452876,0.5578203511314508,0.9913026731221013,0.935868290128124,0.9398636845831869,0.9886251033694343,0.9730533608234009,0.6046333748805424,0.9492063492063487,0.9630223853436268,0.942572932819965,0.8070467719220205,0.6776240584717153,0.9492063492063487,0.8832831707913575,0.7397319772351778,0.9060540201833018,0.9225015741707872,0.9038142386822652,0.5666574724668761,0.8811713725919914,0.7627372759099202,0.6856702229525609,0.9457174376824433,0.8506512873935237,0.8939804601816318,0.9562880686171875,0.6715020243987917,0.9730218450575302,0.837401167610945,0.5288821408683524,0.9623211158059548,0.9275522446953857,0.9298144168543094,0.9623211158059548,0.9413411539914585,0.9288488221297497,0.0,0.8420784215528958,0.8843412180810761,0.9582144552981327,0.9851190476190476,0.9938077685674775,0.7684119013812076,0.8022278398026619,0.9475597985845114,0.9544316996038,0.9443834278905732,0.9475597985845114,0.9475597985845114,0.9188361382271666,0.9492063492063487,0.9950603702402812,0.9471856021934963,0.9492063492063487,0.9341976401680094,0.5710436410416344,0.9582144552981327,0.9526370111116407,0.9562880686171875,0.9508971383859763,0.9475597985845114,0.750915172471312,0.8580633769736241,0.9355809960386168,0.8409971458279795,0.9492063492063487,0.8127929011389605,0.4874647988152553,0.9341976401680094,0.7935775465776653,0.9890271575839278,0.8060296021509908,0.4396135918299545,0.9913026731221013,0.9137080532218428,0.9913026731221013,0.9492063492063489,0.9580166426603276,0.67154472260383,0.9809662470451701,0.8983676175158462,0.9398636845831869,0.963200230518242,0.6214526147292149,0.9526370111116407,0.9328036494727322,0.9020234243808676,0.9492063492063487,0.5253968253968249,0.9165426167073856,0.9602211523225768,0.8057886891115331,0.8739479665019891,0.9964123220916106,0.8244397822834255,0.9459533477380777,0.791050936648566,0.8128183834424192,0.9492063492063487,0.9492063492063487,0.9140827360776209,0.7285394965407899,0.5940845591627643,0.823836383421501,0.8754988991654504,0.782475898812485,0.8318910877270138,0.8281550331548588,0.8613145460927204,0.812956094083435,0.9492063492063487,0.938613174345712,0.9544316996038,0.962321115805955,0.7578937685581041,0.9582144552981327,0.8311464231994983,0.9492063492063487,0.9492063492063487,0.8021155478511961,0.9492063492063489,0.9925060747396283,0.9384124008873462,0.893885183525017,0.9113965671515781,0.9275522446953857,0.9372344714402792,0.8639788786293001,0.6904895801243254,0.9492063492063487,0.6571574449861831,0.8464043925548688,0.9508971383859763,0.9582144552981327,0.8864622842804519,0.86531856134366,0.8839067233027015,0.6017678552900588,0.9508971383859763,0.8591172857456588,0.9492063492063487,0.8266892096935965,0.68914925396357,0.9372344714402789,0.6665997387433036,0.8974240433030012,0.9413411539914585,0.9049315186013056,0.6833428634108822,0.9562880686171875,0.8685695845092944,0.8622735200335967,0.944383427890573,0.9602211523225768,0.9683086794376969,0.9314886672615053,0.812956094083435,0.9544316996038,0.9886251033694342,0.875911018859066,0.9288488221297497,0.9992249226337292,0.9212691469911802,0.962321115805955,0.7426743143980699,0.962321115805955,0.9623211158059548,0.9424631527248862,0.9200475251844389,0.8961186971729782,0.9492063492063489,0.8751938654120845,0.9384124008873465,0.9384124008873465,0.7266107568770395,0.9428469360414606,0.9475597985845114,0.9779134885361098,0.8939536575643379,0.9508971383859763,0.8088546759561811,0.961325151342389,0.8233095582802457,0.8010095457376825,0.9492063492063487,0.6027602604390545,0.9492063492063489,0.7897778653703156,0.957486356544754,0.9328339505740533,0.9341976401680097,0.8957154500195305,0.9492063492063487,0.8331081253920929,0.7668650526081321,0.9341976401680097,0.8343356316982855,0.8558385346892365,0.8416188407771308,0.9544316996038,0.8511420268993708,0.9056892759978576,0.8343356316982855,0.7715834556054186,0.7978853750711603,0.706192334850823,0.9510697823313443,0.6912719235150715,0.6567460317460305,0.8982973238138032,0.9301606414450718,0.8388272306092,0.9414106494210734,0.7604073710900014,0.9492063492063489,0.9475597985845114,0.8420784215528956,0.7286399679267359,0.970223678284496,0.8048319931549086,0.7807259771890065,0.9492063492063487,0.8167267993844587,0.8950935460094678,0.8026557942277547,0.9492063492063487,0.8697493950485446,0.9428469360414604,0.9582144552981327,0.935580996038617,0.9475597985845114,0.8509529217372154,0.9314886672615055,0.9908702887645178,0.5805045138066496,0.9083158055901506,0.9578055524052941,0.757102705511127,0.9492063492063487,0.9758994362393925,0.9492063492063487,0.9582144552981327,0.724662836375648,0.8843412180810761,0.962321115805955,0.926270021131592,0.7715834556054184,0.9442661027800154,0.9225015741707872,0.9492063492063487,0.8910707793081735,0.8499617385555434,0.9046238419493294,0.97201754229775,0.9152582079543843,0.973053360823401,0.9250013316406696,0.9701429667321069,0.9164419655193168,0.8928757609748674,0.7807259771890065,0.9164419655193168,0.9225015741707874,0.973053360823401,0.9551293872486744,0.9164419655193168,0.962321115805955,0.9314886672615053,0.9508971383859763,0.8705493355131941,0.7333647111852168,0.9237454173815309,0.5945878647851169,0.9279034959226291,0.9152582079543843,0.9355809960386168,0.9140827360776207,0.930160641445072,0.9475597985845114,0.9384124008873462,0.9263050774651864,0.6652344784270261,0.9400050159634596,0.8628210251713133,0.9117550006367758,0.7688387864347414,0.930160641445072,0.9508971383859763,0.9773757151292214,0.9015943008452876,0.886662971521886,0.9275522446953857,0.9274061806725941,0.9386131743457118,0.9544316996038,0.9562880686171875,0.9729454567320206,0.9262700211315917,0.8765646436149181,0.9076027506473456,0.92500133164067,0.9450698704968492,0.9000627911577297,0.9237454173815312,0.9492063492063489,0.9854916690499765,0.8864499602621341,0.9194971277530125,0.9004911494084336,0.9411064460313614,0.9562880686171875,0.8160463790740708,0.9573947735206049,0.931488667261505,0.944383427890573,0.883068861638384,0.8735543267995425,0.9700073495187169,0.9856724533720749,0.9964123220916106,0.9044659624194151,0.9475597985845114,0.9442468717619433,0.888159618093707,0.9526370111116407,0.9508971383859763,0.8864622842804519,0.9275522446953854,0.9773757151292214,0.9889897772432354,0.9586324961848862,0.9419726614366257,0.7434660637428889,0.9919305345581159,0.8322525541058985,0.8563736953667129,0.9811718853428998,0.6274393463335323,0.8904561153277737,0.6993021970177546,0.9562880686171875,0.8928757609748674,0.9642402977593338,0.3041715318779389,0.9602211523225768,0.885400876353422,0.9582144552981327,0.9052793715138914,0.9562880686171875
p236_K,0.9921971125522837,0.8439971771277784,0.8256273304662292,0.9900841479436326,0.9020234243808677,0.9223798585420759,0.8557539220321804,0.8845662617797875,0.7543696272748746,0.8763243374738703,0.9420693371951749,0.8952068872907201,0.8952068872907201,0.7799565059593385,0.9590872956128369,0.8312247489478459,0.882356710544758,0.8202838247630333,0.9059500308908428,0.9138808918740071,0.7382899440592623,0.9892306349084343,0.9700125380913132,0.9091481169388319,0.9728142023360637,0.7869927119133107,0.9099932817368694,0.8191012604339092,0.913880891874007,0.8885978956308724,0.8311946752699001,0.9245130324548216,0.7190323268397123,0.9493116701625338,0.9319959257948538,0.9147265833077114,0.8473352221942345,0.8492865600019238,0.8828532941996562,0.8510751843250228,0.552900153406334,0.8381484454009026,0.9590404484306645,0.9395757210440814,0.9652664241210924,0.837246526203516,0.9166260538738976,0.7428131761519019,0.8078677539469967,0.7459823772107216,0.9245130324548216,0.9246665212755503,0.8100940921088199,0.7604185452621208,0.903246699146719,0.8181573913365319,0.795765314153642,0.6783615558233285,0.6156087480788144,0.8886615438957008,0.7622189694074699,0.9439039756514873,0.9357907257405791,0.7601449416745139,0.7232048222120981,0.5867709170740925,0.8107326760754663,0.9629782602445008,0.9015887849296926,0.9505912604680007,0.8378110159479334,0.7851306164984644,0.9619684272088396,0.5808909265892422,0.6783615558233285,0.6490321495739693,0.9386680839111539,0.825662231451429,0.5830514542531141,0.8828532941996557,0.9420693371951748,0.986572764243447,0.8594242319326006,0.8202838247630335,0.6783615558233285,0.7638583455883898,0.8881055329138738,0.8991910029894871,0.787102248549565,0.6679351743368396,0.6783615558233285,0.9931306227817129,0.7613692932475999,0.7465864731141025,0.8159173789823351,0.944021261516815,0.9987705675982088,0.7865585335000413,0.6509467834933016,0.5944395777287541,0.8181573913365319,0.9805074801881103,0.8420784215528958,0.9138174673372719,0.702219643748164,0.8700853537305534,0.7479349531701873,0.6413722853882513,0.8784502765604179,0.5215069062597244,0.9749938436300303,0.8146618761013403,0.6473284561267627,0.9284154823858668,0.8846853407167914,0.532164069951514,0.9758586029978124,0.9059500308908426,0.9619064228844956,0.6727561803241329,0.9395757210440814,0.9937508451618398,0.8040825160086582,0.7882802647586363,0.9819934861315971,0.8330014191260637,0.9091481169388319,0.9275298861055071,0.9243307498488827,0.9902134994569948,0.6794907442152798,0.8917296671834647,0.9907016053222497,0.9223798585420758,0.6754581503814581,0.9711530895250517,0.9017350926942118,0.924513032454822,0.8914187460211078,0.7144596825755911,0.7111502425089977,0.8763243374738701,0.8387144655492291,0.8455919961985197,0.9881880491096582,0.8345925427892955,0.7498433788793664,0.5774030911645598,0.8283380468764913,0.5323268497645104,0.8607797817251743,0.7441174236102914,0.7929778552631795,0.8552431067885975,0.9576073188885356,0.782863771979428,0.7720500225603357,0.8229094476011647,0.7970122042646411,0.8153134393214543,0.9102497899161072,0.9875518066547833,0.8670992417859468,0.8130180654091148,0.7406929932671722,0.8653388829316981,0.741308663066899,0.9328489318979987,0.9029310848828662,0.6430559057392768,0.8217672961587986,0.8660830247325574,0.9131376824687901,0.7523349037110503,0.7708680693164617,0.9185789365869026,0.9418147080511319,0.880914850732949,0.8813503475514339,0.8090243799706309,0.9145911675745959,0.8963549350345327,0.9803139140174593,0.9243307498488827,0.8373158316434794,0.8770957765048748,0.7155244236695046,0.7291083808107388,0.7604185452621208,0.8771090375593498,0.9170100277191798,0.843401223170644,0.9891366887312186,0.642830255007065,0.911953206243336,0.6783615558233285,0.8782416695665332,0.8319645762487429,0.9266231747206326,0.8902389720206683,0.729505827505988,0.9825784749652079,0.6783615558233285,0.7586435957381377,0.6686065954829534,0.9138808918740069,0.6783615558233285,0.966767443642127,0.775558990558914,0.7429973749187144,0.9391208345277624,0.6672740538209625,0.6970590368950034,0.6783615558233285,0.8528546343590677,0.6783615558233285,0.7153448801533231,0.9304667384466501,0.94424253985591,0.6783615558233285,0.7403516747681714,0.6783615558233285,0.6691961979733247,0.893989273521466,0.7993787693942598,0.716336413678154,0.8278482408692518,0.584371798197661,0.7144596825755909,0.8240441573299115,0.8338004366010849,0.8214454772574482,0.9491014827021329,0.8490316330081229,0.858324459587394,0.7601449416745136,0.9386528661484586,0.9138589778623851,0.9450110711768711,0.8145870830858378,0.7365308980319898,0.8823567105447581,0.9903378452117682,0.9453585115426594,0.6783615558233285,0.8388191531254041,0.6783615558233285,0.7450249573403063,0.9511854069300709,0.924513032454822,0.9954004231416075,0.5715133128442098,0.8782416695665332,0.7715035903809431,0.8784502765604175,0.9488065545083523,0.8514698349351397,0.6837153672707957,0.8527446275596852,0.9652152829353013,0.8306390853564218,0.6119210000434745,0.6679351743368396,0.9672708404642685,0.8778058091838987,0.8828532941996562,0.8180740985690027,0.7777318877335895,0.7625798765065432,0.9850637440284618,0.9497993512712273,0.8914187460211079,0.7511989825768226,0.6543017890955258,0.8369963608970359,0.8700853537305534,0.6149471505240494,0.7715035903809446,0.7266907818585511,0.8167575752893762,0.8700853537305534,0.901026225893192,0.5661562078286988,0.932879247428309,0.6817778404197614,0.8437463822455231,0.852744627559685,0.7078719452275823,0.543229219901556,0.8886615438957008,0.7000853882408267,0.8917296671834645,0.7077004506802376,0.9418147080511319,0.6583323936073766,0.9866871492863446,0.7834908200686699,0.7768524988480241,0.9505912604680007,0.7982515614792725,0.9442905786381888,0.8603130600722217,0.8914187460211079,0.5666469389389526,0.8209708963846154,0.9236703803405708,0.762393479049932,0.9966036797907554,0.5646389813278025,0.755658179877092,0.7986645201101998,0.9304667384466501,0.9347984537217978,0.9442425398559102,0.9948283007559151,0.9358928905254469,0.8255949039914904,0.9138808918740073,0.9694773398454678,0.7755589905589139,0.7983281668470861,0.9485667670310041,0.6783615558233285,0.8583244595873933,0.8918166964851633,0.8664865851540515,0.8700853537305534,0.9639459734638129,0.9591737999184669,0.6783615558233285,0.9280287835949238,0.941814708051132,0.9985670127730844,0.890861677770532,0.8608838217471542,0.7983748953330516,0.9245130324548216,0.5894682371683289,0.7443197459491482,0.9480249488188106,0.8223064904295255,0.8119892737385139,0.9166260538738977,0.9089803307966653,0.8534683393605782,0.8176248919537719,0.8533489211163743,0.9619064228844956,0.5928836148402319,0.9901913207886635,0.5798266538280121,0.9652664241210924,0.6679351743368396,0.9970057418328848,0.767579510442278,0.5562416244297069,0.5210235145108613,0.8395336042494141,0.6783615558233285,0.7145422846478757,0.8436163941702703,0.7793424645372125,0.8236768820248004,0.9138808918740073,0.6292776555701461,0.6783615558233285,0.6783615558233285,0.828338046876491,0.7899822656331824,0.9767532317195727,0.6783615558233285,0.9514374462741437,0.6783615558233287,0.6765032214476845,0.7406929932671722,0.5783894038173443,0.9020234243808677,0.8347593149483608,0.9602068140942855,0.7833470371575921,0.6193215149012552,0.6783615558233285,0.7773332992227864,0.8456163918920485,0.5370506429334867,0.6354550213167421,0.9534920719966932,0.8121244609767844,0.7000853882408267,0.5598137192522429,0.6783615558233285,0.7768000477843873,0.958892105936088,0.6764032571521963,0.7127175527178888,0.8473352221942345,0.7345759540566077,0.8762666295743211,0.6783615558233285,0.9137642418635384,0.9251682532895882,0.6783615558233285,0.9958417946076822,0.49125173840889436,0.6702620051243904,0.8399978931376701,0.5018124319731209,0.6783615558233285,0.9569523780900513,0.5946440494516374,0.9639459734638129,0.8170254073563876,0.7219869309334411,0.766191743214097,0.7517813621227047,0.8494961235367207,0.852744627559685,0.8381174916672232,0.7109989288393819,0.8727002842503787,0.668631738966218,0.9399045981881766,0.8511323162354847,0.8110348907665845,0.8583244595873937,0.9588921059360882,0.6783615558233285,0.8429972289871333,0.9378246801704411,0.6931678447875537,0.8904541302277534,0.9384056664180462,0.686111198752112,0.7982671872105784,0.9400545643111305,0.7144596825755913,0.9162617337114642,0.9020234243808677,0.9758586029978125,0.7279535108934629,0.9429229466795095,0.9776793852114212,0.6328901928048319,0.9138808918740071,0.8967417474757918,0.8483722207901453,0.6663721636209081,0.9349255385956454,0.7856666729249011,0.8844921716852405,0.8388237514735591,0.8915335292851592,0.6686335993082948,0.6605740534261122,0.9138589778623849,0.8527446275596849,0.9498599814227946,0.7774153406968625,0.9995843996669787,0.8432045372944468,0.8080950827667756,0.980507852353693,0.8311946752698998,0.7215816957328074,0.871502225778149,0.8659876425414175,0.937629852928981,0.8018918497581666,0.9630927726989922,0.8844834814579884,0.8670992417859469,0.6893945734654172,0.8440770964784479,0.942069337195175,0.5790230881687775,0.8909939462774469,0.8731881766987719,0.906105096444444,0.8846853407167914,0.7920358373263465,0.6935907203893725,0.9433139548976213,0.8771766788561683,0.9776793852114211,0.8273358072099053,0.6800761783917901,0.8984876543923498,0.8258939008523989,0.8547201393526465,0.937629852928981,0.9576073188885357,0.9059500308908426,0.8311946752698984,0.7321661164680805,0.5824023780379202,0.8952068872907202,0.8135544871276539,0.8875630888243963,0.9305028536092859,0.703094721573569,0.980168193777399,0.6783615558233285,0.8640960613563904,0.6783615558233285,0.6783615558233285,0.5417859202383508,0.8110348907665852,0.8490316330081227,0.6783615558233285,0.8116737712102582,0.576858952526218,0.7170758065910765,0.9634782292946642,0.7461693761964616,0.7066105393020066,0.968045457424721,0.8431955867160379,0.6112099004684921,0.903246699146719,0.9349880513947098,0.8263796013199767,0.8037373698793304,0.9527227290780964,0.8638113573387296,0.9113188616625274,0.9888330225636903,0.9170100277191804,0.9489078670056612,0.8984876543923497,0.9814041374634643,0.852744627559685,0.8918270011282676,0.8590817120997246,0.9974455695021625,0.7137226369256506,0.6678877668286485,0.7840931815527366,0.7441174236102924,0.8240441573299115,0.8813503475514339,0.8527446275596849,0.7616991554206729,0.9091481169388318,0.7908172552389383,0.6406927109752079,0.6262662094758502,0.7445441032080384,0.5634989595513131,0.951823862302573,0.5325758671492831,0.7896195274054794,0.9825784749652078,0.6013383745952652,0.8594242319326006,0.9619064228844957,0.7976123305251998,0.6467032365903951,0.8741508486985766,0.7805585686653431,0.9854880895929257,0.8392189033897366,0.7747828967926338,0.6783615558233285,0.8583244595873937,0.7796562783546088,0.9319959257948536,0.6251650831759648,0.8590817120997247,0.9170100277191802,0.8142743709404071,0.69438594527012,0.9813313349882196,0.509532248487973,0.8607797817251746,0.6995986972624575,0.9678769406788856,0.6581472822398688,0.686111198752112,0.8223064904295259,0.9362579235846505,0.9706994531935329,0.8700590088075519,0.8201683142565933,0.906362076371491,0.7013023867106378,0.6330591244103054,0.9901913207886635,0.809937279696527,0.783546646615249,0.7882802647586363,0.9138808918740071,0.7992894277152922,0.9091481169388319,0.9576397131504975,0.85648500091199,0.9322262898726037,0.6970590368950023,0.7553523038802601,0.798342003915586,0.8799873197458246,0.7628683190395904,0.9166260538738976,0.9831929791885613,0.9768811887511059,0.8330395844052281,0.9904141968576234,0.8741090857811608,0.9032395300776708,0.7160710309849769,0.7482394210002967,0.8660830247325574,0.8914187460211078,0.9619064228844958,0.6783615558233285,0.8686489914307961,0.6443762427017914,0.7384152878238188,0.8330275800087455,0.6783615558233285,0.7473142179418409,0.7369595580715935,0.780320515204647,0.5301654557495765,0.7826660740671243,0.8448416754391184,0.6772980478165324,0.8236144088877628,0.8722117559777001,0.7671408398659154,0.8567636187194857,0.987780046724733,0.8640960613563904,0.7328240664058849,0.8181573913365319,0.9875518066547833,0.8146460379083862,0.9223798585420758,0.8188833286340159,0.8603130600722219,0.882853294199656,0.7867908304361257,0.8011772965543407,0.8420784215528958,0.0,0.7740414443222052,0.9059500308908428,0.9020234243808677,0.8590817120997247,0.8330300878047929,0.6055476431184513,0.6679351743368396,0.8107326760754665,0.6478215791893458,0.6679351743368396,0.6679351743368396,0.8288659633251884,0.6783615558233285,0.882356710544758,0.8869292459516156,0.6783615558233285,0.9387833552604469,0.7665840503938939,0.9864559376282898,0.852744627559685,0.8640960613563903,0.9091481169388318,0.6970590368950023,0.9104090533596929,0.6157318558636371,0.7997160938696783,0.6148253936985089,0.6783615558233285,0.9416996160833453,0.9166260538738976,0.7027960773670507,0.6808821051915808,0.9903739465696542,0.8700853537305535,0.9709610116834293,0.8288717695259116,0.8536151756127615,0.9728142023360637,0.9619684272088397,0.8731881766987719,0.9204026370575242,0.7396612196174768,0.8113900018667985,0.980507852353693,0.9505912604680007,0.7851306164984646,0.8846853407167914,0.9305028536092858,0.6184395404578898,0.6783615558233285,0.9020234243808677,0.7710450499116703,0.8763243374738705,0.6910509223603984,0.8823567105447581,0.9420693371951749,0.6000311038359419,0.686111198752112,0.8403266395111941,0.5491527533718707,0.6783615558233285,0.6783615558233285,0.88085044217515,0.8149559716295839,0.8211533053388174,0.9536154011935303,0.6017211552318835,0.8137732348700637,0.9258291662834295,0.4940420727221748,0.7625798765065415,0.6277624845510005,0.6783615558233285,0.9092250879244501,0.8583244595873937,0.8828532941996562,0.7613692932475999,0.8700853537305534,0.7697472709100386,0.6783615558233285,0.6783615558233285,0.5928851269550827,0.9919409286228257,0.5408945785678695,0.9602068140942857,0.7198184528407467,0.7256041436298171,0.8280824823508026,0.9980694720126077,0.6200470368691988,0.7942136913228417,0.6783615558233285,0.8536741304353099,0.511777826543445,0.9709610116834292,0.9418147080511319,0.8410228260499626,0.6583967408370681,0.9590872956128367,0.8971699479386177,0.9091481169388319,0.7658039329369606,0.6783615558233285,0.5808909265892424,0.9968675086659684,0.7217430876550333,0.9751395510021195,0.6151674427847438,0.8703694623017848,0.7403273300235969,0.9116825309879266,0.8640960613563904,0.9359120198742539,0.6440373320386845,0.9376298529289809,0.8763243374738706,0.9691787528439026,0.7740810643720153,0.6146814125036896,0.8914187460211078,0.6970590368950023,0.6598427258496755,0.8683535281030101,0.8731292218762232,0.9823463528897176,0.882853294199656,0.9707584080160814,0.9619064228844956,0.9985670127730846,0.9138589778623849,0.9017519241542784,0.761574476763705,0.8720509229668817,0.9889940006742801,0.9386680839111541,0.8843629875983651,0.9846725023480387,0.6920522572673158,0.9243307498488826,0.9803139140174593,0.9539721413511134,0.8473352221942347,0.8068402528456193,0.8572909236476776,0.9670009065386435,0.9190102084397118,0.6783615558233285,0.9903928275135545,0.9919409286228256,0.9134818300038918,0.8763243374738703,0.861635014700465,0.8432045372944472,0.9913116610747209,0.6783615558233285,0.6783843754386294,0.7716118187471448,0.8939537132990518,0.5003738514673153,0.5409815182753865,0.49695176407789354,0.8583244595873937,0.7776216281449457,0.9573748393559207,0.8886141217483927,0.5905044705052332,0.8483722207901454,0.8020788981998785,0.8828532941996559,0.9570032715279861,0.9020234243808678,0.9904165555066995,0.8988163037411248,0.6211791789398659,0.8078638911428642,0.8187703985903747,0.8420784215528957,0.6679351743368396,0.6731548061823298,0.6827583789720681,0.9509559669366097,0.7041987452541111,0.6822664231289893,0.6783615558233285,0.60008295811258,0.6274960957365692,0.8217672961587985,0.6783615558233285,0.5567439083216592,0.9032466991467191,0.8700853537305534,0.7623787638461179,0.6970590368950023,0.7455228368448197,0.9487023732818753,0.7995913314360057,0.9131376824687898,0.8061991670641966,0.932675208067753,0.7835892733200209,0.6783615558233285,0.885077239074363,0.6783615558233285,0.8700853537305534,0.9398726364185181,0.7511874050471332,0.8828532941996562,0.8360277974155399,0.9426870793407783,0.7941817496740908,0.7601248018466038,0.6783615558233285,0.9079539162170567,0.6679973866905995,0.9684508795059408,0.7611184248731084,0.5219353439564545,0.9762041082440365,0.5465463723167963,0.7840931815527363,0.707558954614502,0.7166828496078695,0.7984904316627248,0.707558954614502,0.7810301969463336,0.8583244595873938,0.7834908200686697,0.707558954614502,0.8828532941996562,0.7278783039809971,0.8782416695665332,0.9619282259090556,0.8660830247325575,0.8264429041637258,0.9895325312650529,0.7130292778012552,0.9512443617526196,0.921356411170846,0.8101309200969342,0.8056009094279591,0.89520688729072,0.8843629875983648,0.9897364677353852,0.7590511108596087,0.6924069356302591,0.8180740985690029,0.8199149333722893,0.7325292552620135,0.9420237341191509,0.8473352221942345,0.852744627559685,0.9394664475594668,0.8872241842304941,0.8188833286340161,0.9071418758878118,0.8298036101328139,0.8583244595873937,0.8640960613563904,0.8946621918203674,0.7707675179901416,0.8434448299932551,0.8834954184612107,0.8040328353843711,0.9522799163257802,0.9280287835949238,0.7840931815527363,0.8720509229668816,0.7762247274661317,0.903222599270814,0.7674878367136009,0.7602112629480844,0.7575952887275252,0.7575964152480574,0.9694773398454679,0.9445635577533393,0.8100940921088199,0.8136410063420154,0.9883017827414696,0.980799072990259,0.8605449070406181,0.8706253773981714,0.8130313197766212,0.8245630457076485,0.9243307498488826,0.9047375077239803,0.9051057809756453,0.7000853882408264,0.9400545643111307,0.7109989288393819,0.7968186918205663,0.9485667670310041,0.956123364941484,0.6620569589143496,0.8516982721297417,0.969596036986903,0.9453585115426596,0.7066284510266096,0.9865727642434469,0.701868804423345,0.852744627559685,0.6334961179282853,0.8432045372944467,0.8984876543923499,0.7166828496078692,0.9320947225991513,0.9400545643111307,0.9138808918740069,0.8664603681507039,0.9059500308908426,0.9580043336028206,0.8984876543923498
p237_M,0.667289656100793,0.9884775633863494,0.29324616974893025,0.9686525496311507,0.8843412180810759,0.9599342186802842,0.7158335671693794,0.7449567884235664,0.7809819176584165,0.9094222802137255,0.748776982131983,0.8805919691825623,0.8805919691825623,0.8477200779284806,0.8615383669814793,0.7455054454285945,0.9692816537416273,0.7283682909217255,0.9048529663349025,0.9528733312996052,0.5115166905832741,0.789246926864915,0.8933669999701507,0.9239484101648903,0.8280071030846939,0.843997484560278,0.9053333983232539,0.8553715264125035,0.9094222802137257,0.6073630851763316,0.9285252561471546,0.9345279402530977,0.5682767825982868,0.8151872676642644,0.9190178999788696,0.9878402341692827,0.611207852533294,0.9322898055713349,0.91420396482916,0.8935849837824916,0.4498286797141384,0.8470607380739363,0.91420396482916,0.801704945212492,0.9053333983232537,0.5622685593021289,0.6644014032156547,0.7734151361490391,0.8696634603459948,0.7536267205171054,0.9345279402530977,0.44046238645176283,0.843997484560278,0.8664319147745585,0.8698606290925379,0.4884442420567955,0.8638929830074618,0.8843412180810755,0.7802975345060732,0.5983015721577258,0.7860819724118504,0.6465135074314654,0.8439974845602787,0.5297526239821305,0.9004665216997629,0.7843401768092657,0.9728163709531412,0.6883888471605049,0.5273120547476623,0.9048529663349028,0.8446158986523806,0.3961603486029678,0.9190178999788694,0.6053657379014348,0.8843412180810755,0.1849316907550882,0.6137519150216109,0.927925604568565,0.8121165010415419,0.91420396482916,0.8630676692554227,0.8733843419058073,0.8321144589218226,0.6749140128569764,0.8843412180810755,0.8124509893605874,0.8890122180890281,0.9489257195187267,0.9132687697248496,0.8805919691825623,0.8843412180810755,0.7726892627117845,0.7800133074464198,0.7676325931399142,0.8321144589218226,0.7734151361490389,0.7675812012777072,0.06476198070456918,0.6051473191292802,0.6634346251889309,0.9806679510079603,0.8921529459435535,0.8843412180810761,0.7592735858499853,0.9671566409236112,0.6387170605760057,0.9790054354914803,0.5384920224795882,0.8565137343618396,0.6876739674208492,0.9110801213832305,0.9014063051136862,0.6058033728038494,0.94816461190478,0.6274475989789223,0.5065896690785261,0.9579661512334019,0.9048529663349028,0.7656842582129721,0.6768057292119649,0.801704945212492,0.7942798607168646,0.8565137343618394,0.8540505230455009,0.9421854031807242,0.9300660115741552,0.5754506419716157,0.717314901372647,0.9479816677342621,0.807040204976804,0.7102776278080831,0.6274475989789209,0.9728163709531412,0.9142039648291602,0.8733592706140674,0.7624299261185635,0.7424771539562727,0.8740299062466852,0.6442993220464241,0.8769340287666243,0.43800131726428226,0.6560672089274779,0.9837780059925301,0.8250162399076689,0.7438921262855442,0.7964377980480561,0.7752571861162347,0.6404074698999782,0.8409735269221554,0.6585793990426895,0.9094222802137255,0.7860819724118495,0.9014609575479748,0.5494746793211311,0.9345279402530979,0.8409735269221552,0.7804234519232733,0.7710824800623999,0.9045811078989208,0.7574626852085014,0.6058033728038494,0.8491704243993171,0.9883907806892529,0.5496664093151278,0.26882285017264773,0.8553715264125035,0.8838962929440441,0.5697145961161265,0.71486830659277,0.6955847482253075,0.9928390439716848,0.5465955931279896,0.9806679510079599,0.6720588799420226,0.925531477265308,0.988728194418725,0.9463466002520926,0.8950157602898945,0.8415492364475508,0.9068333582708729,0.981865395635786,0.9709835233022466,0.9547614400105306,0.8805919691825623,0.8281297421527329,0.9767193580611309,0.6768057292119654,0.7759270475683788,0.8664319147745586,0.9733553741252823,0.8769340287666243,0.9251890494530881,0.3954736909179698,0.5511393497903907,0.8489097160956809,0.8843412180810755,0.8881911996032124,0.8769340287666245,0.7734151361490385,0.42164064394583856,0.7917518049064642,0.8805919691825623,0.8843412180810755,0.1883634367231165,0.5660503167935405,0.9094222802137257,0.8843412180810755,0.7605670413747728,0.8296169784489413,0.7784915558889134,0.7072860327164716,0.6972501305573064,0.8805919691825623,0.8843412180810755,0.6883888471605045,0.8843412180810756,0.7377129398199558,0.502456927072271,0.5309796312155419,0.8843412180810755,0.8162572022274404,0.8843412180810755,0.7137376010199965,0.9367610534105075,0.8097356591508627,0.10314304246818162,0.8921529459435535,0.5087568270085241,0.8769340287666241,0.8370742997949028,0.859763049448478,0.911737459779512,0.8405180418683349,0.7648606883783322,0.874029906246685,0.7709128636729377,0.8459143506970603,0.7105883634762594,0.8203896599235767,0.9220385133575429,0.8070402049768035,0.8733592706140669,0.7942798607168646,0.9097318037088529,0.8843412180810755,0.7784491248459173,0.8843412180810755,0.6113087844302281,0.8296169784489418,0.8962395095530544,0.8350341233526903,0.4790035808492964,0.8881911996032124,0.8043636175820787,0.45516809279423254,0.8328047916310823,0.9876418120474258,0.6839986230583679,0.8921529459435535,0.8635879289602797,0.47902087198316523,0.6453158515704152,0.8805919691825623,0.9004665216997627,0.8181286413215533,0.91420396482916,0.8850308172757546,0.9939366211891136,0.9829246556733113,0.8121005922888063,0.750104033894951,0.8962395095530546,0.6550746699260299,0.7479150510567129,0.6581522805331047,0.6387170605760057,0.6104556250368496,0.8713984442697933,0.9331008297272765,0.7962081925656088,0.6387170605760057,0.7221475649522165,0.6676651256388704,0.9004665216997629,0.31904371364200623,0.8235335835879467,0.8921529459435533,0.5782153355083754,0.5907486729536213,0.5327060222732698,0.590493794742189,0.8861242286360499,0.42585161990846165,0.9048529663349028,0.9454613306245749,0.6695910231326634,0.027570523015510995,0.6612173080420651,0.9048529663349028,0.8843412180810764,0.8935849837824916,0.8769340287666245,0.8962395095530546,0.5646684643188209,0.7882574758226728,0.9230780328727827,0.7118290897649862,0.8097356591508627,0.4800388524371664,0.815328310332442,0.7366412213740456,0.6487232881123977,0.8609887257789302,0.8754658664632076,0.7797690083845503,0.9167735154427568,0.7809819176584167,0.9528733312996052,0.8815140339220556,0.8070402049768042,0.6901568907090222,0.8921529459435535,0.8843412180810755,0.896239509553054,0.7988876253130304,0.8439974845602787,0.6387170605760057,0.9004665216997629,0.8805919691825621,0.8843412180810755,0.7706472553476997,0.9048529663349028,0.9142039648291602,0.639357271195605,0.6364500571877738,0.8501659032843125,0.8962395095530546,0.6205452934861677,0.37026225549435576,0.8851936582303366,0.8698606290925381,0.6831187212283524,0.8921529459435535,0.8618486058817536,0.4157342223779704,0.8664319147745585,0.7964377980480559,0.811414512064096,0.5109071781267831,0.8151872676642644,0.5242626728165809,0.7429511968756924,0.8805919691825623,0.8685044901740071,0.9783657382586808,0.5606392732531655,0.5633527940742686,0.39234191317433,0.8843412180810755,0.6834718640404485,0.8355200055336254,0.8179456348562546,0.8876518003899165,0.9094222802137255,0.6637032584808291,0.8843412180810755,0.8843412180810755,0.8409735269221552,0.8221839553140371,0.9936011073285487,0.8843412180810756,0.9528733312996052,0.8843412180810766,0.8477200779284806,0.1309311477349161,0.5213174157840916,0.7342152810431977,0.8263658547164228,0.9182613867295788,0.34157483603173366,0.41193077270955203,0.8843412180810755,0.0627308699754997,0.8097356591508627,0.5063209352816089,0.512433801621138,0.8306585999962383,0.7374334655451258,0.5904937947421888,0.5356650862019989,0.8843412180810755,0.42935162239030267,0.8439974845602785,0.8243803909780557,0.7836384225779766,0.8881911996032124,0.33053432451286957,0.9010752173319363,0.8843412180810755,0.7634589213141179,0.5852314431316357,0.8843412180810755,0.8508641079512327,0.5328243034382312,0.2992702936915437,0.40418731438370736,0.5496664093151278,0.8843412180810755,0.9668273389505302,0.6883888471605044,0.9801654300488658,0.8567185752342537,0.7379340818189266,0.7886504630631692,0.7912321307688623,0.998226828495608,0.5904937947421897,0.8676084812035902,0.7414709575547707,0.965901249591731,0.6647664280300507,0.7126658966460822,0.140191048204649,0.8533158492412365,0.6060108913463811,0.8707246235926531,0.8843412180810755,0.887678864079147,0.8184500524870427,0.6951681483287298,0.8630676692554227,0.8841614087310613,0.8769340287666245,0.9497574944642639,0.9239484101648903,0.8769340287666247,0.9526419804737134,0.8843412180810764,0.9199882001548086,0.18644353244614875,0.8015829364862268,0.9048529663349028,0.6502044101602336,0.9094222802137257,0.8664319147745596,0.9377548995041072,0.8167189601640741,0.9647419387082187,0.9094222802137257,0.5721179675376789,0.878189460043324,0.791751804906464,0.8470607380739368,0.6137519150216126,0.2609413531997733,0.8921529459435535,0.6248766737258644,0.770912863672937,0.6789132423679674,0.8778108787653003,0.8907987800749251,0.8630676692554227,0.829225612011617,0.7299993791886092,0.7945288407926729,0.991215547829642,0.9987442185491859,0.9989929246231481,0.9456808019359252,0.8235335835879467,0.8501659032843123,0.8533158492412367,0.3963246802134207,0.8929257729948528,0.2362238805519945,0.8501659032843123,0.7640010990525792,0.8136840074524115,0.8921529459435535,0.9346959213088937,0.4566517718798744,0.9047270540527399,0.8108748358069331,0.9048529663349028,0.990180790886521,0.7917518049064642,0.9004665216997629,0.9694611945666058,0.9053333983232539,0.8068994522940657,0.8962395095530546,0.9048529663349028,0.9037003451132697,0.36767873618350677,0.4461506171135582,0.6813749902313893,0.6813749902313895,0.612987758179905,0.9365058003465743,0.8733592706140672,0.8077164715114438,0.8843412180810755,0.6618506347118776,0.8843412180810755,0.8843412180810755,0.587287571831129,0.8533158492412367,0.9318406132079877,0.8843412180810755,0.5660549003804236,0.6305251558219069,0.807040204976804,0.7297421635428913,0.09878596696406516,0.40428142241460785,0.7809819176584165,0.7784491248459173,0.6354777446158222,0.8698606290925379,0.906833358270873,0.9004665216997625,0.8124509893605874,0.6135224112942634,0.6719986848230066,0.8977003666156537,0.9010752173319363,0.8769340287666245,0.9562740273442062,0.9800452205340104,0.9786628362304839,0.6274475989789223,0.7734151361490378,0.8890122180890283,0.8742335215938108,0.5556107989186668,0.671139153428842,0.8306585999962384,0.78608197241185,0.8533158492412363,0.8179456348562546,0.8921529459435535,0.8597630494484783,0.8881911996032121,0.9498420178963022,0.6908447764512673,0.49807393846696146,0.8962395095530544,0.6515049729405671,0.8733592706140676,0.884390129784232,0.7239422248713432,0.9479816677342621,0.49144539860233816,0.4128568169358313,0.9486052736174679,0.40428142241460785,0.6661854095028097,0.7784491248459171,0.42659787652137127,0.9767597240106802,0.7886504630631688,0.8405408498143521,0.8843412180810755,0.6060108913463811,0.8097356591508627,0.9190178999788694,0.5164106973989224,0.8597630494484774,0.8769340287666247,0.8910416755593178,0.516525627795719,0.8533158492412363,0.555177066528433,0.6995182600133582,0.5890221084482973,0.8630676692554227,0.7129132402178211,0.8769340287666245,0.9010752173319363,0.6868550946534497,0.8521937519210798,0.8501659032843125,0.47266642632198486,0.7270233644344115,0.4950224768136927,0.6887844990893512,0.9748367103570336,0.6620127827050362,0.4830944190846428,0.8292256120116164,0.9094222802137257,0.9138735820988335,0.8881911996032124,0.45530027236030823,0.7988876253130304,0.7752571861162352,0.8805919691825623,0.5374716611024852,0.44628061358102034,0.9486052736174677,0.7424771539562727,0.8921529459435535,0.8816580378797017,0.7567236018635488,0.5551380244888118,0.8773327725545246,0.872875455581769,0.8851936582303366,0.7951497459275103,0.5099121522165388,0.9142868184584121,0.6825877527464674,0.91420396482916,0.8843412180810755,0.8618486058817536,0.44471067578176027,0.7262409716056732,0.9359636428127365,0.8843412180810756,0.7888712703941234,0.6326877071165741,0.7860819724118495,0.8477200779284804,0.1889671409510718,0.9823772268532573,0.8015335748846959,0.5274232267898338,0.6544122986177688,0.8070245536397933,0.6922323027829536,0.756221849784094,0.6220612852947541,0.9149733681473884,0.8379864720100321,0.9291067501802863,0.8296169784489422,0.9142039648291602,0.8350341233526903,0.9097318037088526,0.9486052736174678,0.4928284300135437,0.9675190269971803,0.8843412180810761,0.7740414443222052,0.0,0.9048529663349025,0.8843412180810764,0.8597630494484778,0.47266642632198463,0.5496664093151278,0.8805919691825623,0.7974530448465984,0.8733592706140667,0.8805919691825623,0.8805919691825623,0.8385179367730087,0.8843412180810755,0.8733592706140669,0.8731392272251148,0.8843412180810755,0.8501659032843123,0.7701307698363278,0.9048529663349028,0.5904937947421897,0.9402558711168865,0.8881911996032124,0.8805919691825623,0.5673704757055666,0.6768057292119654,0.8533158492412365,0.6379453701826281,0.8843412180810755,0.9787501824275469,0.8921529459435535,0.5692896116149384,0.6494281893251062,0.9104544847053613,0.9048529663349028,0.8881911996032124,0.8565137343618396,0.829616978448942,0.9425535059673309,0.7342152810431968,0.9650776192817683,0.8923930816956338,0.8788754340793854,0.8059121371522742,0.9577837083079959,0.9463466002520928,0.8409735269221552,0.6644014032156544,0.830894845144142,0.6562331749210004,0.8843412180810755,0.9536945818766627,0.16290788718196503,0.9094222802137257,0.6009084086612948,0.6470288137481328,0.9825000842131435,0.63092646205291,0.8769340287666245,0.5540513115882385,0.5393477777825826,0.8843412180810755,0.8843412180810755,0.8267085598113166,0.8480040859878841,0.7988876253130301,0.5998098007021695,0.64776251360859,0.5710606981013167,0.30903066932138556,0.5590846491506722,0.8742335215938111,0.6043632799592769,0.8843412180810755,0.7734151361490378,0.6060108913463811,0.91420396482916,0.5475241783428604,0.6387170605760057,0.6310142321578947,0.8843412180810755,0.8843412180810755,0.500137300722943,0.9536945818766631,0.5333616489082484,0.5552535777405108,0.6843874854709756,0.25001881904415757,0.8860894811556448,0.9293723453220912,0.6386385812916178,0.758597304878274,0.8843412180810756,0.8973472988653557,0.5846688068540953,0.7184794842183291,0.9048529663349028,0.8525327525571991,0.7133179589496061,0.7964377980480559,0.8124509893605874,0.8881911996032124,0.1790420667923811,0.8843412180810755,0.605365737901435,0.8585890217066634,0.7709128636729372,0.9075197790213485,0.5629865871821714,0.8664319147745598,0.7835260000876083,0.8603653674829346,0.9004665216997629,0.7694537022055288,0.703108001488193,0.8733592706140669,0.7864203621851179,0.8960930666095488,0.8439974845602782,0.6648998588722457,0.8962395095530544,0.8805919691825623,0.9110801213832307,0.8638929830074618,0.9650776192817689,0.8923930816956336,0.91420396482916,0.8521937519210798,0.91420396482916,0.9142039648291602,0.99672737001584,0.8887564396301435,0.7634589213141174,0.8843412180810759,0.8298714132709977,0.8184960955054656,0.8597630494484776,0.8229500129094235,0.5994913708376866,0.8805919691825623,0.8897994940048912,0.7778350664976146,0.8881911996032121,0.7089100690907801,0.8124509893605874,0.8733868834605072,0.8167189601640741,0.8843412180810755,0.7536267205171052,0.9769520543277507,0.6406051518092875,0.9094222802137255,0.8470607380739363,0.8501659032843121,0.9346374190770486,0.8843412180810755,0.555177066528433,0.40428142241460796,0.8501659032843121,0.5579141082129448,0.605365737901435,0.5740949905027928,0.6442993220464239,0.6103824934510684,0.8709329418199374,0.6599723786368037,0.6852287854965331,0.8814621993288598,0.9922841038145959,0.9142039648291602,0.9778060502330218,0.9536945818766627,0.8348252486179689,0.9485806456364991,0.6330044032084103,0.7784491248459173,0.4195199200449402,0.8843412180810759,0.8805919691825623,0.6562331749210004,0.41646186245608396,0.9430811947090195,0.49144539860233816,0.4512152542224168,0.8843412180810755,0.5184033970277102,0.18732262292734825,0.8235335835879467,0.8843412180810755,0.6512313503779534,0.9010752173319363,0.6387170605760057,0.8533158492412367,0.8805919691825623,0.502802624683239,0.8707246235926533,0.9826221937368071,0.8638929830074618,0.9403888230317505,0.8933669999701505,0.4119173127049841,0.8843412180810755,0.8605618022541675,0.8843412180810755,0.9048529663349028,0.9939366211891136,0.7366412213740452,0.91420396482916,0.832114458921823,0.6402226204854546,0.8042949548618121,0.8378554956445776,0.8843412180810755,0.6490901156763345,0.6383133578577422,0.7747493752411788,0.8540505230455009,0.6511172316918917,0.7974530448465986,0.7487509004123463,0.8263658547164228,0.8097356591508627,0.7560746509446192,0.46615584896270124,0.8097356591508627,0.42668509185549863,0.8962395095530546,0.0459791107696923,0.8097356591508627,0.91420396482916,0.8439974845602785,0.9239484101648903,0.8559569719536844,0.9142868184584121,0.8508641079512327,0.8501659032843123,0.7536267205171054,0.33504240308196376,0.8814621993288598,0.8043636175820779,0.8935849837824916,0.8805919691825621,0.8890122180890285,0.6772448799769502,0.9104149786661797,0.5953574575175237,0.6205452934861677,0.8209704204189829,0.377752012337903,0.8935849837824916,0.9239484101648905,0.627447598978923,0.8367704825600666,0.9708951688585743,0.8841614087310614,0.9607444454354929,0.8338012794136664,0.6825877527464674,0.6220612852947539,0.8348000220306042,0.8321144589218223,0.9673101280133805,0.8355200055336254,0.7984007224801155,0.7622300312993111,0.9138735820988337,0.826365854716423,0.5955085534520237,0.8941242231433588,0.9224392425478933,0.954954207304759,0.7734151361490391,0.7948329641051162,0.9004665216997629,0.8581833648133105,0.8230643324413931,0.843997484560278,0.9373075260324406,0.8407064272831617,0.8108748358069331,0.8116886237716039,0.8761222763182076,0.8084931896108436,0.8202318727585662,0.9142868184584121,0.8252974416214081,0.6868550946534491,0.8921529459435535,0.6469650630949719,0.759981256721842,0.8350341233526901,0.9291067501802863,0.9469594865845077,0.705559019656266,0.8025649853159416,0.9425295786510806,0.762290446868867,0.6490901156763342,0.9839642438297591,0.7719038648775981,0.9291067501802863,0.6957526500120825,0.7904494154628433,0.6618506347118776,0.7752571861162352,0.9014063051136858,0.8881911996032124,0.9094222802137255,0.7758712729626833,0.9048529663349028,0.7395816785467328,0.6618506347118776
p237_N,0.7963356519499136,0.9517441295565185,0.9109895373928907,0.9362456943690352,0.9582144552981327,0.9690033562225546,0.8970846333621981,0.9306047836741067,0.9208725034246266,0.967275815149292,0.9505286850464205,0.7376990592379751,0.9568599156354454,0.9362456943690352,0.926456449323181,0.9057246972976498,0.9732924283946005,0.9436389526644002,0.8463068181818181,0.9672758151492922,0.9074725945748126,0.9493347822888889,0.9470055188469617,0.9596053879391779,0.9481608601832736,0.9436389526644002,0.9542468650366518,0.9136072478130949,0.9672758151492922,0.9151644941927574,0.9383021271292231,0.9625131050152524,0.9529828655437629,0.9332303128187662,0.8846149163346164,0.965625,0.9596053879391779,0.9529828655437629,0.9690033562225548,0.9425464483602057,0.9172347260035336,0.9936745866415236,0.9690033562225546,0.8711074675536818,0.9542468650366518,0.8745053838668204,0.9610366993022688,0.9637550377043789,0.9425464483602057,0.8730099998288605,0.9625131050152524,0.8762618273483116,0.9436389526644002,0.9099641551465778,0.9762777185243531,0.9998226281102465,0.941467276381333,0.9582144552981327,0.9084530093995202,0.9555383641697375,0.9227150661971701,0.8962170259453924,0.9436389526644005,0.9625162230164763,0.9640402523885963,0.9010556603551806,0.9625131050152524,0.858494211008805,0.9117843373625338,0.965625,0.9352318345617441,0.942546448360206,0.9582144552981327,0.8286575445566602,0.9582144552981327,0.906597867618917,0.9493347822888889,0.9505286850464205,0.7982230593880602,0.9690033562225546,0.9505286850464205,0.9458674971126175,0.9393458182324887,0.9436389526644005,0.9582144552981327,0.9322417421501312,0.9493347822888889,0.9223215509727928,0.9559837914106136,0.9568599156354454,0.9582144552981327,0.9109895373928907,0.8962170259453925,0.9546904346937621,0.939345818232489,0.9906286789501815,0.9092272046561756,0.9074725945748126,0.7679924152536277,0.8039725851265409,0.9998226281102464,0.9610366993022685,0.9582144552981327,0.9953700699977106,0.8936031902522542,0.965625,0.9236430180495621,0.7938344767596361,0.6618674289227162,0.9657412631626018,0.8979178384019251,0.9447456538980155,0.7834421060580532,0.9255134534695353,0.9610366993022688,0.840900510655941,0.9517441295565185,0.940340909090909,0.9690033562225546,0.9298734992336185,0.7708408911970868,0.9057246972976498,0.9481608601832736,0.9383021271292233,0.9436389526644005,0.8291493513794044,0.9596053879391779,0.9613364213349977,0.9568599156354454,0.9673847887170084,0.8684466411726355,0.9610366993022688,0.9625131050152524,0.9273614004407342,0.9542468650366518,0.8727426055411929,0.8567568514580794,0.9625131050152524,0.9625131050152524,0.970134355730177,0.8733481182086198,0.967275815149292,0.7967544615576163,0.9336708882449212,0.9074725945748126,0.9264564493231813,0.6968778496536767,0.7712678746665549,0.942546448360206,0.8270601489234033,0.967275815149292,0.65013870412077,0.8814987207179206,0.9022452837148789,0.9625131050152524,0.9978387378693494,0.9136498875984245,0.9187637957676267,0.9941465190705734,0.9057246972976496,0.8753838677887605,0.9552175050422179,0.9458674971126175,0.8567149674919388,0.915436392877107,0.982971410509272,0.9235852575057477,0.9172347260035336,0.8895473564972312,0.8382543236810016,0.9362456943690352,0.9568599156354454,0.941467276381333,0.8700853537305537,0.9166782713163666,0.9801726050158863,0.965625,0.7940478605104611,0.8518084376617914,0.906597867618917,0.9236552523379649,0.9507776441281286,0.9998226281102465,0.9568599156354454,0.9216020313541385,0.8797579337068853,0.7803606376962772,0.9650079910895764,0.9517441295565184,0.9372689456075767,0.9701343557301771,0.752321062412913,0.8537121927533957,0.8350231408856079,0.9227150661971701,0.9582144552981327,0.9596053879391779,0.895807075630092,0.9637550377043789,0.8647169462584849,0.9594101849401598,0.9667798280829097,0.9582144552981327,0.8918783860608355,0.8012314698665091,0.967275815149292,0.9582144552981327,0.9334253536579322,0.9814510646731802,0.906597867618917,0.9196272041613351,0.9217916370027819,0.9568599156354454,0.9582144552981327,0.9186425876141028,0.9582144552981327,0.9150261950454616,0.9742785468640243,0.8874958319872934,0.9582144552981327,0.8858340936764977,0.9582144552981327,0.897084633362198,0.9236430180495623,0.9312607396704553,0.8979178384019251,0.9610366993022685,0.8173748798116491,0.970134355730177,0.9470055188469617,0.9493347822888891,0.9227150661971701,0.8326235870570962,0.9332303128187658,0.9625131050152524,0.9625162230164764,0.7034709661430438,0.9199574485923752,0.9952795434620394,0.9302869180633688,0.7627282022777633,0.9732924283946005,0.9057246972976498,0.9555383641697377,0.9582144552981327,0.9410875626877445,0.9582144552981327,0.8432230388608026,0.9302869180633688,0.950716529670402,0.9404006431802041,0.8173748798116491,0.9596053879391779,0.6655699765499665,0.9481608601832736,0.9118739328932484,0.9505286850464205,0.7744054318602522,0.9610366993022688,0.8944656454039728,0.9336708882449212,0.8038142058245128,0.9568599156354454,0.9457879562525048,0.8942631579092648,0.9690033562225548,0.8197691174227544,0.7845111847199954,0.9447456538980157,0.9326468089069149,0.8970542565865081,0.9625131050152524,0.7969634014618984,0.8616345643826471,0.8117728822598591,0.965625,0.7557478947704017,0.9293199127017768,0.9458674971126177,0.9190462651000917,0.965625,0.7549160044072434,0.8095347141367152,0.9640402523885963,0.9163339973465925,0.9362456943690349,0.9610366993022685,0.933230312818766,0.7834421060580531,0.9555383641697375,0.9610366993022688,0.9610366993022685,0.8342814558669874,0.965625,0.7925699855750046,0.991721215227996,0.9057246972976498,0.8758869004661181,0.965625,0.9582144552981327,0.942546448360206,0.9555383641697375,0.9625131050152524,0.7887187728537047,0.9937522140875702,0.9610366993022688,0.942546448360206,0.7584752352966448,0.8480451455932461,0.9770357682633349,0.8876788640791472,0.9188536583074236,0.9644401760048043,0.9936903555962455,0.8953282497576123,0.967275815149292,0.9208725034246266,0.9672758151492922,0.8552790990760811,0.7627282022777634,0.9742388426031001,0.9610366993022688,0.9582144552981327,0.9625131050152522,0.9662757781656686,0.9436389526644005,0.965625,0.9457879562525049,0.9568599156354454,0.9582144552981327,0.9481608601832736,0.965625,0.9690033562225546,0.926456449323181,0.8546450937171785,0.9458674971126177,0.9625131050152524,0.7845111847199953,0.8592642631772314,0.9868438546677247,0.9529828655437629,0.8691958391075141,0.9610366993022688,0.9332303128187662,0.9150261950454616,0.9517441295565183,0.9756340559373771,0.9690033562225546,0.8217392653025246,0.9332303128187658,0.8117728822598592,0.9542468650366518,0.9568599156354454,0.9893688617336196,0.9057246972976498,0.8175595086733717,0.7820963185522346,0.8508940408143368,0.9582144552981327,0.7510386901983005,0.9322417421501312,0.9877180384539761,0.9322417421501312,0.8357840905673565,0.8743797075282272,0.9582144552981327,0.9582144552981327,0.9425464483602057,0.9208725034246266,0.9216020313541384,0.9582144552981327,0.9672758151492922,0.9582144552981329,0.936245694369035,0.915436392877107,0.8012314698665091,0.9582144552981327,0.9372689456075767,0.9493347822888889,0.8620020752690571,0.8422468139518782,0.9582144552981327,0.9022452837148789,0.9312607396704553,0.8129069456777995,0.878066803490708,0.992787606045791,0.9316266645899962,0.9610366993022688,0.7950896414683801,0.9582144552981327,0.8332650413138041,0.9436389526644005,0.9216020313541384,0.7892100533164267,0.9596053879391779,0.861092113458608,0.9529828655437629,0.9582144552981327,0.6420933219872029,0.9755132836179136,0.9582144552981327,0.992787606045791,0.8640532804828904,0.905950030890843,0.8480451455932458,0.7887187728537046,0.9582144552981327,0.9196279932783362,0.9929303214064669,0.9640402523885963,0.9881339422948303,0.9511833345378166,0.6934151482293025,0.9788461913526098,0.9145417437978427,0.9610366993022688,0.9612908916295111,0.7158648835842771,0.9470055188469617,0.7898018532418958,0.9357316532939286,0.8936031902522541,0.9470055188469617,0.9625131050152524,0.9436389526644005,0.9582144552981327,0.965625,0.9650079910895766,0.8451952273822543,0.9505286850464205,0.9404006431802041,0.9555383641697377,0.9961055629702817,0.9596053879391779,0.9555383641697377,0.9505286850464205,0.9582144552981329,0.9517441295565185,0.900512011166277,0.9208725034246266,0.940340909090909,0.800425691511493,0.9342541377090323,0.9517441295565185,0.8616362273895217,0.9258987741380019,0.9493347822888889,0.9342541377090323,0.8692395034995124,0.8101859061354616,0.9109895373928907,0.9936745866415236,0.9493347822888891,0.9199574485923749,0.9610366993022688,0.9610243931286576,0.9625162230164763,0.8607646142845442,0.9458674971126175,0.9922022799705809,0.9818060040046753,0.9945610690582234,0.8683043280893408,0.9174020320874771,0.9840739333532937,0.9542468650366518,0.8782101058804487,0.910107340129978,0.899317875782788,0.8661829386665059,0.9470055188469619,0.8499479257057736,0.9141406930557713,0.8780124908814335,0.9458674971126177,0.9302869180633688,0.8301859677307099,0.9610366993022688,0.9449933732356441,0.8537121927533957,0.9845214236147153,0.9625162230164763,0.965625,0.8794220672691386,0.7434097221619114,0.9457879562525049,0.982971410509272,0.9542468650366518,0.9542468650366518,0.8639461643560564,0.965625,0.9383021271292233,0.8565016117177147,0.9283593797331273,0.9568599156354454,0.9568599156354454,0.8329362440775363,0.9236430180495621,0.9542468650366518,0.8944656454039728,0.9582144552981327,0.9640402523885963,0.9582144552981327,0.9582144552981327,0.7694592477206288,0.9470055188469617,0.9332303128187658,0.9582144552981327,0.8149246940965469,0.778026220704043,0.9814510646731802,0.8788858297250925,0.9022452837148789,0.8402819095372955,0.9208725034246266,0.9199574485923752,0.7389815511680626,0.9529828655437629,0.8836592163828574,0.9640402523885963,0.9109192134561164,0.9466282415065834,0.8956380779049868,0.9383021271292233,0.9529828655437629,0.9555383641697375,0.9577936870954209,0.9640402523885963,0.9588782372193381,0.9610366993022688,0.899396112259302,0.8518092446394377,0.808935308260141,0.9470055188469617,0.8753843628690849,0.992787606045791,0.9823635494290389,0.8616362273895215,0.9587907869179464,0.8714717093867046,0.9493347822888891,0.9596053879391779,0.979958676545309,0.7822955362017119,0.8683043280893408,0.8639461643560563,0.882367546706716,0.954246865036652,0.9533455271501621,0.9092272046561758,0.9568599156354454,0.8129069456777995,0.9393458182324887,0.9690033562225546,0.8402819095372956,0.836642301220756,0.9874058922610381,0.8723257484157796,0.9493347822888889,0.9236430180495621,0.8094521575767853,0.9582144552981327,0.9625131050152524,0.9136072478130948,0.9582144552981327,0.9990875851642478,0.9180945689966622,0.8958070756300922,0.9393458182324887,0.861092113458608,0.9470055188469617,0.7861013304270678,0.9342541377090323,0.8301859677307097,0.9141406930557711,0.8023685958797271,0.9555383641697377,0.9762777185243531,0.9036615728941476,0.9814510646731802,0.9458674971126177,0.9780956823185023,0.9826828468467494,0.844195221941112,0.7703026538032491,0.9332303128187658,0.8227836741603325,0.8858340936764977,0.9945610690582236,0.9672758151492922,0.9218485695187227,0.9596053879391779,0.9030333503116561,0.8947692331144511,0.9553459570547012,0.9568599156354454,0.8322437174658714,0.8691958391075141,0.9690033562225546,0.6949360932076507,0.9610366993022688,0.9322417421501312,0.9312607396704553,0.9447456538980157,0.9650079910895764,0.9945610690582236,0.9481608601832736,0.9163339973465925,0.9505286850464203,0.9568599156354454,0.9625131050152524,0.9690033562225546,0.9582144552981327,0.9861029598450541,0.8892901999095584,0.8516769112886904,0.9342268638258986,0.9582144552981327,0.9721923519809479,0.855574875783836,0.7925207806814569,0.9362456943690352,0.9208725034246266,0.9109895373928907,0.7300636811672219,0.8913939982671149,0.9404006431802041,0.9701757583840656,0.7934234903432731,0.9101073401299777,0.9640402523885963,0.9199574485923749,0.941467276381333,0.9610366993022688,0.930286918063369,0.9690033562225546,0.9982522182750793,0.9555383641697377,0.9690033562225546,0.9517441295565185,0.941467276381333,0.9582144552981327,0.9059500308908428,0.9048529663349025,0.0,0.9582144552981327,0.9493347822888889,0.8195695506328726,0.7887187728537047,0.9568599156354454,0.9625131050152524,0.9542468650366518,0.9568599156354454,0.9568599156354454,0.9861029598450541,0.9582144552981327,0.9542468650366518,0.9236430180495622,0.9582144552981327,0.9458674971126175,0.910107340129978,0.965625,0.9610366993022688,0.9640402523885963,0.9596053879391779,0.9568599156354454,0.8322437174658714,0.855117068464948,0.9470055188469617,0.772984514153537,0.9582144552981327,0.9236430180495621,0.9610366993022685,0.9458674971126175,0.8314127999927395,0.9245757305468909,0.965625,0.9596053879391779,0.4668815734757117,0.9302869180633688,0.9481608601832736,0.9582144552981327,0.9302869180633688,0.9352318345617441,0.9383021271292233,0.8832310600312395,0.9141406930557713,0.965625,0.9425464483602057,0.9610366993022688,0.9236430180495621,0.7712678746665549,0.9582144552981327,0.9632002305182419,0.9031133691845503,0.967275815149292,0.8665150422521168,0.9542468650366518,0.9505286850464205,0.7619873952917615,0.9555383641697377,0.8000204258796426,0.8059936873009321,0.9582144552981327,0.9582144552981327,0.929319912701777,0.861092113458608,0.9199574485923749,0.8743674594684079,0.8021289398337759,0.8480451455932461,0.8683043280893405,0.7912959918600063,0.9447456538980155,0.8108977844528875,0.9582144552981327,0.9637550377043786,0.9625131050152524,0.9690033562225548,0.861092113458608,0.965625,0.7525338491867637,0.9582144552981327,0.9582144552981327,0.815154330083859,0.9582144552981327,0.8083276721850544,0.9493347822888889,0.8823675467067162,0.9172347260035336,0.9982522182750793,0.9625162230164763,0.8182413486180352,0.8771378467726851,0.9582144552981327,0.9302869180633688,0.7709128636729371,0.9596053879391779,0.965625,0.9675563827821476,0.9446986869053019,0.926456449323181,0.9322417421501312,0.9596053879391779,0.8841024249642828,0.9582144552981327,0.7588981930784985,0.9322417421501312,0.9469207829576383,0.8953282497576123,0.9275816772658136,0.9099641551465778,0.8428722888874072,0.8797579337068853,0.4949289994580106,0.9693421397704967,0.7723678106736593,0.9542468650366518,0.9672758151492922,0.9362456943690352,0.9436389526644005,0.7766003415235208,0.9625131050152524,0.9568599156354454,0.9425109904577549,0.9998226281102465,0.916220642107197,0.9564941110945049,0.9273614004407342,0.9814510646731802,0.5128204270938908,0.9690033562225546,0.9199574485923749,0.9877180384539761,0.9967852693591666,0.9582144552981327,0.967275815149292,0.9843798933538866,0.45409729849609193,0.8620020752690571,0.9762777185243534,0.9667798280829097,0.9414672763813328,0.9127606676606754,0.9596053879391779,0.8094833764446481,0.9322417421501312,0.8676494287670125,0.857955544885034,0.9582144552981327,0.9109895373928907,0.9632002305182419,0.8350231408856079,0.967275815149292,0.624196029878759,0.9458674971126177,0.8814987207179206,0.9582144552981327,0.7861013304270678,0.8402819095372955,0.9458674971126177,0.7847770412204691,0.7937778688175793,0.8108977844528875,0.9625131050152524,0.7650180104070297,0.8021289398337758,0.8743674594684079,0.837302156636008,0.9470055188469617,0.8709729405791935,0.9690033562225546,0.9470055188469617,0.9582144552981327,0.9163339973465925,0.9425464483602057,0.7763632652026873,0.9199574485923752,0.8784164439301576,0.9582144552981327,0.9568599156354454,0.7712678746665549,0.8858340936764977,0.9145417437978425,0.8129069456777995,0.8312173911187128,0.9582144552981327,0.802434167770548,0.8875631490366906,0.9362456943690352,0.9582144552981327,0.8103841185758074,0.9529828655437629,0.965625,0.9470055188469617,0.9568599156354454,0.9098414308144025,0.9957912204911727,0.9154363928771068,0.9998226281102465,0.9245757305468909,0.9892083965651993,0.8461277862534455,0.9582144552981327,0.6546383311556698,0.9582144552981327,0.965625,0.9334253536579322,0.9878402341692827,0.9690033562225548,0.9393458182324887,0.9052983512742421,0.8428722888874071,0.9362456943690352,0.9582144552981327,0.9268547209438454,0.8011222595526784,0.8771378467726851,0.9945610690582236,0.930286918063369,0.9625131050152524,0.9383021271292231,0.9372689456075767,0.982971410509272,0.6968778496536766,0.8312173911187126,0.982971410509272,0.9362456943690352,0.9625131050152524,0.9057246972976498,0.982971410509272,0.9690033562225548,0.9957912204911727,0.8783265321561907,0.9057246972976496,0.9568599156354454,0.9372689456075767,0.9458674971126175,0.9109895373928907,0.930286918063369,0.9254223119773605,0.979958676545309,0.9978387378693495,0.9667798280829097,0.9493347822888889,0.9492848179930282,0.9362456943690352,0.9190462651000917,0.8981674209551733,0.9274049943645875,0.9245757305468909,0.9978387378693494,0.9596053879391779,0.9610366993022688,0.9190462651000917,0.9997356383868505,0.9404006431802041,0.9404006431802041,0.9637550377043789,0.9625131050152524,0.9640402523885963,0.8665655329541233,0.939345818232489,0.9176729344763377,0.9322417421501312,0.9383021271292233,0.8266143329122304,0.9868438546677247,0.9372689456075767,0.9582144552981327,0.9720303595848359,0.8996466204791786,0.9283593797331273,0.9637550377043789,0.8317072625075969,0.9640402523885963,0.9332303128187658,0.8627254048875949,0.9436389526644002,0.9542468650366518,0.939345818232489,0.9016392859446953,0.8703028975503371,0.9713243807559524,0.9505286850464205,0.9119232477869206,0.9568599156354454,0.8896422937360484,0.9383224635159271,0.9552175050422179,0.9596053879391779,0.9256077995825027,0.9404006431802037,0.9610366993022688,0.9163339973465925,0.9983921185766227,0.9345630516777264,0.9555383641697375,0.9555383641697375,0.9972357888728779,0.9458674971126175,0.9199574485923749,0.9610366993022688,0.9658991494762945,0.9458674971126177,0.9457879562525049,0.9577099946223933,0.9936745866415236,0.9596053879391779,0.967275815149292,0.9474427791084492,0.965625,0.9420259347501898,0.9640402523885963
p237_Q,0.8939106969557729,0.9413411539914587,0.8918007079504511,0.8942700047615741,0.9194444444444443,0.962321115805955,0.9094054406402452,0.8641666531196579,0.9038142386822654,0.9574863565447539,0.9398636845831869,0.860994907277326,0.9886251033694343,0.9225015741707872,0.9250049848928679,0.9054135909608206,0.944383427890573,0.9314886672615053,0.8846149163346164,0.960221152322577,0.9580351138842003,0.9384124008873465,0.9044988266272495,0.9813818316380161,0.9369854052620168,0.9314886672615053,0.944383427890573,0.916441965519317,0.9602211523225768,0.9711471702028197,0.92500133164067,0.9544316996038,0.9428469360414606,0.9188361382271666,0.8537698412698407,0.9582144552981327,0.9508971383859763,0.9428469360414604,0.962321115805955,0.9301606414450718,0.8993922310882434,0.5525372910928824,0.9510697823313443,0.9548120669934363,0.9345041683711353,0.8474513194974067,0.9526370111116409,0.680166576281505,0.930160641445072,0.9637881401608364,0.9544316996038,0.8495864161552145,0.9314886672615053,0.9413411539914587,0.46597605863739544,0.9288488221297497,0.9779134885361098,0.9492063492063489,0.9767639587317075,0.9459533477380777,0.9457174376824435,0.9192092392514407,0.9821075314053485,0.9492388075036137,0.9562880686171875,0.9697158624438909,0.9544316996038,0.9490768789214075,0.9765891832217266,0.963200230518242,0.9212691469911802,0.930160641445072,0.9194444444444441,0.7943695653630838,0.9492063492063489,0.8864622842804519,0.9384124008873462,0.9398636845831869,0.9973706779505989,0.962321115805955,0.9470390403999658,0.9610880275993516,0.9262700211315922,0.8154170120192791,0.9492063492063489,0.9176344520056336,0.9384124008873465,0.9961307911605586,0.8135351812172936,0.9475597985845114,0.9492063492063489,0.8918007079504511,0.9779177832860688,0.9477359881289866,0.7877383030233723,0.938613174345712,0.889658452434827,0.8875255844205974,0.7179763402591479,0.8639752520084489,0.9288488221297497,0.9526370111116407,0.9492063492063492,0.8893007587699875,0.9032953985475978,0.9582144552981327,0.9071820194155724,0.7777200559261545,0.8457455232976454,0.8493369404240506,0.8759110188590662,0.9328339505740533,0.7937812374916593,0.9094556823349396,0.9526370111116409,0.8219802313616453,0.9413411539914587,0.9582144552981327,0.9623211158059548,0.7670880414700159,0.9613940628375297,0.885400876353422,0.9369854052620168,0.92500133164067,0.9314886672615055,0.7923174570100681,0.9508971383859761,0.8863852623001995,0.9475597985845114,0.7426743143980699,0.7653076872906794,0.9526370111116407,0.9544316996038,0.6912424767432425,0.9443834278905732,0.8754988991654504,0.918082502128311,0.9544316996038003,0.9544316996038,0.9459533477380777,0.8615683059666511,0.9602211523225768,0.8559528413635503,0.8717146038820363,0.8875255844205974,0.9250049848928682,0.8891439739596478,0.8881690657212306,0.8207356119850878,0.7897778653703158,0.9602211523225768,0.974955727319273,0.9490768789214075,0.9481156253591771,0.9730533608234011,0.9799813907590402,0.8950345750758604,0.9564021026822451,0.9815616099032829,0.9202651318010482,0.9781204821733006,0.9526370111116407,0.9341976401680094,0.7431708752992903,0.8972062142375334,0.916441965519317,0.8548362034255071,0.9750767117923149,0.9783994202533962,0.8829780861752915,0.940077110028484,0.9475597985845114,0.9288488221297495,0.9780865699631884,0.9301806902251256,0.9453089334118425,0.9582144552981327,0.9009295367383648,0.9011398453294074,0.9733101638420467,0.9117550006367758,0.8885909234541713,0.9779134885361098,0.733364711185218,0.9841885663437668,0.8538362113124123,0.954512332248196,0.7527092630911655,0.9413411539914586,0.9701429667321069,0.9459533477380777,0.9818472950454273,0.946092585873023,0.9843015938425885,0.9352923098201313,0.9492063492063489,0.7782187417099928,0.9459533477380777,0.7182886012187831,0.9538832559337085,0.8918007079504511,0.605734515093109,0.9492063492063489,0.8685695845092949,0.7866211206538798,0.960221152322577,0.9492063492063489,0.9806827790150388,0.9152582079543843,0.8864622842804519,0.8570084033315836,0.9442661027800155,0.9475597985845114,0.9492063492063489,0.8025908473840928,0.9492063492063489,0.9591737048868169,0.8388272306091997,0.8355526955775655,0.9492063492063489,0.8927713255769505,0.9492063492063489,0.8862054707165685,0.98718918497142,0.916441965519317,0.8759110188590662,0.9526370111116407,0.778004650958132,0.9459533477380777,0.9578055524052942,0.9938077685674775,0.9749557273192732,0.9619134810141818,0.9188361382271664,0.9544316996038,0.937234471440279,0.8939804601816318,0.9027019168030599,0.9908702887645178,0.9580166426603274,0.9564664879277861,0.8133917646328437,0.885400876353422,0.9298144168543095,0.9492063492063489,0.9424631527248862,0.9492063492063489,0.8665630754956404,0.9152582079543843,0.8280234816778044,0.8307117975845807,0.778004650958132,0.778218741709993,0.9589591641085065,0.9369854052620168,0.8928757609748676,0.9398636845831869,0.8863852623001997,0.7674138938518081,0.871714603882036,0.9372431009731561,0.7341424211328866,0.9475597985845114,0.9562880686171875,0.8289245259008577,0.962321115805955,0.8719900286803046,0.930920905602167,0.9642402977593341,0.870666221095258,0.9080511068923101,0.9005384212506022,0.7255340339665635,0.8060506918477728,0.912070093726898,0.9582144552981327,0.8493369404240504,0.9140827360776211,0.9341976401680094,0.9015943008452878,0.9582144552981327,0.9642261199468635,0.956305199987326,0.9562880686171875,0.8982973238138034,0.9225015741707872,0.9526370111116407,0.9188361382271664,0.7367566674078996,0.9459533477380777,0.9526370111116407,0.9526370111116407,0.7985559379258661,0.9582144552981327,0.9746481962695819,0.9903699584566829,0.885400876353422,0.8244903252448113,0.9582144552981327,0.9492063492063492,0.930160641445072,0.9459533477380777,0.9544316996038003,0.7999960359115466,0.6884220467286719,0.9526370111116407,0.930160641445072,0.8674821796907912,0.8152867967569701,0.7647816095440279,0.5955085534520255,0.8685974240625229,0.8771154690121252,0.9869514638882199,0.872763168035608,0.9602211523225768,0.9038142386822656,0.960221152322577,0.9486051204234525,0.8709496185158996,0.9094556823349396,0.9526370111116407,0.9492063492063489,0.9544316996038,0.9801193820390868,0.9314886672615055,0.9582144552981327,0.8929968346358241,0.9475597985845114,0.9492063492063489,0.9369854052620168,0.6488589737837398,0.9623211158059548,0.9106019687464653,0.8813299315036967,0.9341976401680094,0.8280234816778034,0.8425245902193732,0.8289245259008577,0.9369854052620168,0.9428469360414606,0.8409971458279797,0.9526370111116407,0.9188361382271666,0.9263050774651864,0.9430869529798079,0.9661032464830348,0.962321115805955,0.7833099084134091,0.9188361382271666,0.771194977674639,0.944383427890573,0.9475597985845114,0.8525163361171592,0.885400876353422,0.8793180926172995,0.735120755728377,0.818749855334769,0.9492063492063489,0.9155456680159728,0.6017678552900582,0.9200475251844389,0.9949841493208558,0.7929013742794153,0.8527877093428844,0.9492063492063489,0.9492063492063489,0.4719903667873093,0.5889708949571817,0.859117285745659,0.9492063492063489,0.960221152322577,0.9492063492063492,0.9225015741707872,0.8972062142375334,0.7583810530554927,0.9492063492063492,0.9237454173815309,0.9384124008873465,0.8322525541058987,0.8082384637825228,0.9492063492063489,0.8811713725919916,0.916441965519317,0.7725735218970419,0.910698375271241,0.9237454173815309,0.9678953752693028,0.9526370111116407,0.7509151724713119,0.9492063492063489,0.7973204052495699,0.9314886672615055,0.8904561153277739,0.94724068589999,0.7104977117339855,0.8311464231994985,0.9428469360414604,0.9492063492063489,0.7704088878251923,0.8538298882877686,0.9492063492063489,0.9370619345667414,0.8939106969557729,0.8420784215528958,0.8152867967569699,0.7431708752992904,0.9492063492063489,0.8920548520914525,0.9801184131332199,0.9562880686171875,0.9642261199468634,0.9876742129414895,0.9471856021934963,0.9706171664191839,0.9331711877287372,0.9526370111116407,0.5757091477857111,0.8864622842804519,0.9888877218166614,0.9318717683150429,0.9729454567320206,0.870666221095258,0.9044988266272495,0.9544316996038,0.9314886672615055,0.9492063492063489,0.9582144552981327,0.9400050159634596,0.8989443341645225,0.7773931278746957,0.9758994362393925,0.9459533477380777,0.9119538708281419,0.9813818316380161,0.9459533477380777,0.9964123220916106,0.9492063492063492,0.9413411539914587,0.9804909699582387,0.9038142386822656,0.7274442879673653,0.9114861522954752,0.9574863565447542,0.9991271005058253,0.935580996038617,0.8015241762228436,0.9384124008873465,0.9602211523225768,0.8030425267779875,0.9596571364772952,0.8918007079504511,0.9328339505740533,0.9507968637523913,0.9414106494210732,0.9526370111116407,0.9188361382271666,0.911396567151578,0.9104529844522264,0.9865548062843288,0.9113965671515782,0.8904904028915424,0.9720175422977497,0.8697493950485449,0.8611779244813156,0.9049315186013058,0.944383427890573,0.900212867431373,0.8907283270583692,0.8942700047615743,0.9865548062843288,0.935580996038617,0.8175997772209662,0.7773931278746954,0.8517144868263771,0.7516593631340742,0.9152582079543843,0.9632609043991707,0.9526370111116407,0.9660700296626723,0.9460925858730231,0.9949841493208559,0.7600276057434353,0.9582144552981327,0.9835656862891848,0.9279034959226291,0.9562880686171875,0.9596571364772952,0.944383427890573,0.944383427890573,0.9544316996038003,0.963200230518242,0.92500133164067,0.8255663034700994,0.912915131908919,0.9475597985845114,0.9475597985845114,0.8285682023790473,0.9328036494727323,0.944383427890573,0.8717146038820361,0.9492063492063489,0.9562880686171875,0.9492063492063489,0.9492063492063489,0.7774457358293272,0.935580996038617,0.9188361382271666,0.9492063492063489,0.8191782944135622,0.7760826152187037,0.9152582079543843,0.9758344607938763,0.8811713725919916,0.8058499662916012,0.9401196485914107,0.9027019168030599,0.8020551360045698,0.9980353634264252,0.9215191722498273,0.9562880686171875,0.9949841493208558,0.8907047437999392,0.9267569842313427,0.92500133164067,0.9428469360414604,0.9919305345581159,0.8692199447356003,0.9562880686171875,0.8961186971729784,0.9526370111116407,0.9004911494084336,0.9384124008873465,0.9328339505740533,0.9044988266272495,0.9385071228143442,0.9237454173815309,0.9352923098201316,0.9044988266272497,0.9011398453294075,0.7674138938518074,0.9384124008873465,0.9508971383859763,0.9140827360776211,0.6759170720245429,0.8399134433261009,0.9544316996038,0.9504233082603579,0.944383427890573,0.9202329624682106,0.889658452434827,0.9475597985845114,0.7725735218970419,0.9262700211315922,0.9623211158059548,0.8058499662916012,0.9674473865880053,0.7489194896348187,0.888748069240409,0.9384124008873465,0.9328036494727322,0.9851746511666535,0.9492063492063489,0.9544316996038,0.9596571364772952,0.6567460317460307,0.8612222667022573,0.7846107607119964,0.9459533477380777,0.9262700211315922,0.8311464231994985,0.935580996038617,0.7399891659895366,0.960221152322577,0.7935775465776653,0.8904904028915424,0.8444442796499317,0.9459533477380777,0.8797999623621965,0.880108510789029,0.9564664879277861,0.9341976401680094,0.8529585859137301,0.91409095194162,0.8106069085572605,0.6601338027626027,0.9188361382271664,0.963373672679303,0.8612222667022573,0.92500133164067,0.960221152322577,0.9369854052620168,0.6427766817579785,0.8388272306091997,0.8263369548708457,0.9655358493300292,0.9475597985845114,0.8527046452594775,0.8409971458279797,0.9510697823313443,0.9804909699582387,0.8374011676109452,0.9176344520056336,0.9164419655193168,0.9842968264073595,0.9447628386820245,0.92500133164067,0.6827937197173927,0.8387059119859539,0.9398636845831869,0.6057345150931085,0.9544316996038,0.962321115805955,0.9492063492063489,0.771860131957611,0.8654234385275943,0.9648549477429393,0.9200475251844389,0.9492063492063489,0.8752588887832633,0.8534949983155184,0.9853808551815852,0.9225015741707872,0.9038142386822654,0.8918007079504511,0.8811713725919916,0.8191553518250186,0.9275522446953857,0.8956288923209892,0.9730137227220972,0.9624920646450357,0.9562880686171875,0.9027019168030597,0.9779134885361098,0.9526370111116407,0.9152582079543843,0.9510697823313443,0.9274061806725941,0.9459533477380777,0.9623211158059548,0.9413411539914587,0.9288488221297497,0.9851190476190476,0.9020234243808677,0.8843412180810764,0.9582144552981327,0.0,0.9384124008873465,0.8934013604887032,0.8568211965238025,0.9475597985845114,0.9544316996038003,0.944383427890573,0.9475597985845114,0.9475597985845114,0.7276738848411504,0.9492063492063489,0.8739479665019894,0.972807232250656,0.9492063492063489,0.9341976401680097,0.8907283270583695,0.9582144552981327,0.9526370111116407,0.8929968346358241,0.5750556517819703,0.9886251033694343,0.9093303855836503,0.8893007587699873,0.9888877218166614,0.8300656996036528,0.9492063492063489,0.9071820194155724,0.9526370111116407,0.9341976401680094,0.867055737779324,0.9083158055901508,0.9582144552981327,0.9508971383859763,0.9543800590178143,0.956466487927786,0.9369854052620168,0.9492063492063492,0.9137080532218429,0.9212691469911802,0.9809662470451701,0.8983676175158457,0.9398636845831871,0.9582144552981327,0.930160641445072,0.9526370111116407,0.972807232250656,0.7682790600652867,0.9492063492063489,0.9492063492063492,0.8822265994777516,0.960221152322577,0.8971505719601738,0.944383427890573,0.9398636845831869,0.9406606464117979,0.9459533477380777,0.9040609692781816,0.7641699068587244,0.9492063492063489,0.9492063492063489,0.9987214692868691,0.8898549672341266,0.9027019168030599,0.9197926279183387,0.8829780861752916,0.9302117408799828,0.8399134433261009,0.7746731083112837,0.9328339505740533,0.9276070808582184,0.9492063492063489,0.6420445513442266,0.9544316996038,0.962321115805955,0.8311464231994985,0.9582144552981327,0.8166023125927323,0.9492063492063489,0.9492063492063489,0.7753053962697455,0.9492063492063492,0.767007050995713,0.9384124008873465,0.8570084033315835,0.8993922310882434,0.9758994362393925,0.8993922310882434,0.8112651194620317,0.8506512873935235,0.9492063492063489,0.9152582079543843,0.8079402234382975,0.9508971383859763,0.8060296021509905,0.6577981721176684,0.7922008532895144,0.951700230336632,0.9176344520056336,0.981381831638016,0.859117285745659,0.9492063492063489,0.8235188903587238,0.9613251513423888,0.8357120864475067,0.872763168035608,0.8654234385275945,0.5963712738936078,0.9049315186013058,0.8538362113124123,0.968354383009318,0.9695871583202313,0.9794366713939051,0.7528355627636972,0.9602211523225768,0.8484628994946645,0.9166547403069654,0.8430909455922146,0.8280234816778032,0.9886251033694343,0.9759275434312635,0.9288488221297497,0.9580166426603276,0.6715447226038306,0.7778515786059427,0.9152582079543843,0.962321115805955,0.5180242730178396,0.9027019168030599,0.9200475251844389,0.9702236782844957,0.8537698412698408,0.9602211523225768,0.9384124008873465,0.6738200253517348,0.861661666707036,0.9428469360414609,0.9475597985845114,0.7767631794320897,0.9305175527166338,0.9508971383859763,0.8811408140912376,0.6891492539635695,0.9973706779505986,0.9713522363260285,0.9492063492063489,0.8918007079504511,0.9492063492063492,0.7866211206538799,0.9574863565447539,0.6554630427594952,0.9341976401680097,0.8559522762859697,0.9492063492063489,0.7399891659895366,0.8058499662916012,0.9341976401680097,0.738379387201448,0.7360709153718032,0.7284399588174317,0.9544316996038,0.7433271986454173,0.9131684630076989,0.9662647104549236,0.802227839802662,0.9355809960386168,0.8431573539148045,0.962321115805955,0.9355809960386168,0.9492063492063489,0.9734392564424443,0.9301606414450718,0.7146198675909553,0.9414106494210732,0.8106069085572605,0.8537698412698407,0.9475597985845114,0.8881690657212304,0.8612222667022573,0.8961186971729784,0.8007464875602451,0.7948313236856199,0.9492063492063489,0.7880717061286091,0.8633240709217587,0.9225015741707872,0.9492063492063489,0.9213989428943465,0.9980353634264248,0.9582144552981327,0.935580996038617,0.9475597985845114,0.9674473865880053,0.9166547403069656,0.8972062142375332,0.9779134885361098,0.9083158055901508,0.935580996038617,0.8129560940834348,0.9492063492063489,0.7340174144965679,0.9492063492063489,0.9582144552981327,0.8628210251713138,0.9075986905321642,0.962321115805955,0.9739353004390978,0.9420589374421862,0.8983955605051455,0.9225015741707872,0.9492063492063489,0.7854289820793146,0.9475696232576157,0.9352144507814727,0.9720175422977502,0.9152582079543843,0.9730533608234011,0.9250013316406698,0.7050741878138622,0.916441965519317,0.8891439739596478,0.7948313236856199,0.916441965519317,0.9225015741707872,0.9544316996038003,0.9202651318010482,0.916441965519317,0.962321115805955,0.9314886672615055,0.9813818316380162,0.885400876353422,0.9475597985845114,0.9370619345667415,0.9865548062843288,0.9279034959226291,0.9152582079543843,0.9888877218166616,0.9140827360776211,0.9203771106130236,0.6057345150931086,0.7846107607119963,0.9263050774651864,0.9225015741707872,0.9015943008452878,0.930920905602167,0.8393038505914012,0.9083158055901508,0.9301606414450718,0.7104977117339852,0.9773757151292214,0.9831735538001968,0.9670814478689298,0.9275522446953857,0.9275522446953857,0.9088987259051751,0.9544316996038,0.9562880686171875,0.9399009776851528,0.9783994202533963,0.9307131725951661,0.9076027506473454,0.92500133164067,0.9143052801998222,0.9913026731221015,0.9701429667321069,0.9492063492063492,0.8669174086929953,0.9453089334118425,0.9613940628375296,0.9851427757797315,0.9411064460313616,0.9562880686171875,0.9486051204234524,0.9759275434312635,0.9314886672615053,0.934504168371135,0.973935300439098,0.9750767117923149,0.9700073495187167,0.9292150970167989,0.9398636845831869,0.9646978984940315,0.9475597985845114,0.8407648972939235,0.9380414785683449,0.9526370111116407,0.981381831638016,0.9565760602192026,0.9275522446953854,0.907388441370083,0.951418810928915,0.9904019712725953,0.9707225700884794,0.9459533477380777,0.9459533477380777,0.9912927702872768,0.9087308614830324,0.9027019168030599,0.9526370111116409,0.8588332480153076,0.9341976401680094,0.9562880686171875,0.9292058051524485,0.8613145460927206,0.9136608016620085,0.9602211523225768,0.9202651318010484,0.9582144552981327,0.9629657156333062,0.9562880686171875
p237_S,0.7236870069602392,0.9776172307537021,0.8688077246092836,0.9060327047326973,0.5076339223113403,0.9726326202607707,0.8404736434545677,0.8005072894679137,0.8833742009912298,0.42352172215406014,0.9270843653068206,0.8482764195819269,0.5253149718752892,0.9446701888736626,0.9262700211315924,0.8742856561410541,0.9325645805415599,0.9169296077473637,0.9493347822888889,0.9517679141853164,0.9579552599147754,0.9253246753246755,0.966854861926912,0.5454440744832264,0.9235944347702931,0.9169296077473637,0.9325645805415599,0.7732535062261456,0.9517679141853164,0.9872931479308098,0.9090636753073358,0.38243605452529994,0.9307015751744634,0.901588342180655,0.6184246576716017,0.9493347822888889,0.9404624926714933,0.9805663112989256,0.3882066400230304,0.9573422906623259,0.8780124908814335,0.9185607716438657,0.8995793727310535,0.822876315361567,0.9325645805415599,0.8662243010888355,0.9425720985427191,0.9115001904163034,0.9153193686659862,0.7962195722367191,0.5047661957294445,0.869086334243278,0.9169296077473637,0.9288758056186719,0.9307015751744632,0.9137287800621365,0.7138046051626521,0.9384124008873462,0.9470821860258927,0.934468117552512,0.9800884826873312,0.9190630986802055,0.9169296077473639,0.8347141576053577,0.9469990271543747,0.9432846160259896,0.9447481688519046,0.808096907849107,0.9110325443432026,0.9493347822888889,0.9808615591868379,0.9153193686659862,0.9384124008873465,0.7184015338072834,0.9384124008873462,0.8623348546394316,0.9253246753246755,0.9270843653068206,0.9081097042530526,0.8995793727310535,0.6436356430904484,0.9643765980294188,0.9106019687464653,0.869589803466746,0.9384124008873462,0.9738359568456645,0.9253246753246755,0.9791854250730745,0.7893308148448165,0.9364159486136474,0.9384124008873462,0.9297118524554642,0.932378041780874,0.8762657667398075,0.9508067898672805,0.9277235364102416,0.9263792690700354,0.8636241122876702,0.7067692483509743,0.9764798007133303,0.9551139594816043,0.998394872319517,0.9384124008873465,0.9613135487542395,0.8707041703100611,0.9493347822888889,0.9549422857308887,0.7678223766712479,0.9389585973436583,0.7633523910171197,0.9057828313463652,0.6473589612727111,0.9694112226663573,0.8902144844650239,0.9425720985427191,0.9773687526182602,0.9776172307537023,0.4540972984960927,0.9726326202607708,0.8559208297225789,0.8944090873373054,0.8742856561410544,0.9694100907323095,0.7340202360767908,0.9596257255045417,0.9895556740609543,0.9404624926714933,0.9819912974428575,0.9559302354841396,0.9224199973554132,0.9045001710796507,0.9983948723195168,0.9447481688519046,0.9726326202607709,0.9325645805415599,0.9074487775611981,0.5762918413132645,0.9447481688519046,0.9447481688519046,0.934468117552512,0.7631344888106668,0.9517679141853161,0.9677921775082317,0.8997253355509451,0.8092714034168134,0.9609356788097783,0.8847387631572966,0.6605740534261122,0.9153193686659862,0.7927444267338895,0.9517679141853161,0.846266914555487,0.9128288509685557,0.8559195932254959,0.9940867605460231,0.9573422906623255,0.8727288074413173,0.8958248142311334,0.6743506079632696,0.9198626585436263,0.9694112226663572,0.9983948723195168,0.9202142532643909,0.808420729911583,0.9068304302001386,0.8986853937484476,0.902158075839097,0.9099317521606789,0.9106019687464653,0.7037283810375496,0.9060327047326973,0.9364159486136474,0.9137287800621365,0.9096442630970051,0.9789280600778181,0.9372344714402792,0.9843798933538863,0.7990302119867646,0.9407634795537994,0.9214745861311229,0.7920313862087949,0.8649158421061338,0.9207305022599923,0.9364159486136479,0.8556126329150247,0.8748263867309192,0.882269009480494,0.8277286493146435,0.928875805618672,0.907540871911573,0.5415934020098465,0.9520770374064559,0.8332522392621042,0.7784956060718443,0.8128115225225263,0.9384124008873462,0.5454440744832261,0.9607441863599593,0.799102517871477,0.9498689762904569,0.8688077246092831,0.9902428565647541,0.9384124008873462,0.8406398513598703,0.9928755896689774,0.4235217221540608,0.9384124008873462,0.9535215586917305,0.9333160651425743,0.8919047203852768,0.8528864588606002,0.8847289094375662,0.9364159486136479,0.9384124008873462,0.9390118367484179,0.938412400887346,0.9384233000157669,0.8296877053467191,0.8505115488480839,0.9384124008873462,0.8583422593496204,0.9384124008873462,0.8404736434545679,0.8874576548572419,0.9715878604207602,0.8495413835116423,0.9425720985427188,0.7783596077126396,0.934468117552512,0.9881818565067271,0.6541501976284609,0.9195453412137853,0.9627605757897473,0.9015883421806548,0.9447481688519046,0.8780124908814334,0.7390381510282649,0.8820255041972338,0.9697674253098407,0.8972500807670707,0.8972500807670707,0.6077326401296238,0.9198626585436263,0.9344681175525125,0.9384124008873462,0.8241233060064105,0.9384124008873462,0.8171217062548846,0.9693820495180774,0.994086760546023,0.9121566723282286,0.7783596077126396,0.5454440744832262,0.7829144420779208,0.9235944347702931,0.9313987337345839,0.9270843653068208,0.902158075839097,0.5261306392174068,0.8997253355509449,0.8444532057713667,0.6554191271762595,0.9364159486136474,0.9469990271543745,0.841911943731436,0.3882066400230304,0.9286679818370664,0.7049857901450891,0.961968798352208,0.8431820355014632,0.904258640805859,0.9940867605460231,0.7474044077849795,0.8395115495460774,0.9839890484353477,0.9493347822888889,0.936049244564626,0.8958248142311334,0.9202142532643909,0.9778787924688122,0.9493347822888889,0.8951705006571327,0.7654830856101222,0.989438211932937,0.9083753558180288,0.9446701888736626,0.998394872319517,0.9015883421806548,0.8251135699713106,0.934468117552512,0.9425720985427191,0.9425720985427191,0.8035724714228701,0.9843798933538866,0.7660063387049185,0.8762657667398075,0.8610478913106772,0.9094419977879702,0.9843798933538865,0.9384124008873465,0.915319368665986,0.9868619655962767,0.9447481688519046,0.7365242011142294,0.5845775014570803,0.9425720985427191,0.9153193686659862,0.9190584395707704,0.8245027392526305,0.5945822219327503,0.6137519150216124,0.8547983376541739,0.8435512004165022,0.7752019357866801,0.9289830069398282,0.9517679141853161,0.8833742009912298,0.9517679141853164,0.9015883421806548,0.41749621609836973,0.9245613707051725,0.9393618431817528,0.9384124008873462,0.9447481688519046,0.7914731738068151,0.9596257255045417,0.9493347822888889,0.9469990271543745,0.9364159486136479,0.9384124008873462,0.9235944347702931,0.9493347822888889,0.9543141322095121,0.9609356788097785,0.8347009643683229,0.9202142532643909,0.9447481688519046,0.6801322132904251,0.8419119437314362,0.9235944347702933,0.9307015751744634,0.857654049666025,0.4670976100796449,0.9493303821296278,0.8442342956559981,0.9776172307537023,0.8916043634534068,0.9543141322095121,0.7848235367990127,0.9015883421806545,0.7701028389685365,0.9325645805415601,0.9364159486136474,0.9426999693726408,0.8610478913106774,0.7529647436237872,0.9436356618447445,0.8288905501894788,0.9384124008873462,0.9169702665752827,0.6944930450404406,0.9784698031455155,0.9524593769068034,0.9517679141853161,0.9074487775611982,0.9384124008873462,0.9384124008873462,0.6644514113706178,0.6558892665222901,0.8820463820882143,0.938412400887346,0.9517679141853161,0.9384124008873465,0.9060327047326971,0.8753619326452877,0.754675607894385,0.950796863752391,0.907540871911573,0.9253246753246755,0.7966052392676448,0.7674880140872874,0.9384124008873462,0.8559195932254962,0.8986853937484476,0.7717708609035462,0.7684261142105138,0.907540871911573,0.8967328264047627,0.9425720985427191,0.7457459993073883,0.9384124008873462,0.8020425860797755,0.9976781567382803,0.829178883741835,0.9342183471530009,0.9975839852098576,0.8447836689107451,0.9307015751744632,0.9384124008873462,0.750919232847839,0.9247919365880775,0.9384124008873462,0.9858118985030546,0.7475543349080891,0.8085191611024445,0.8245027392526303,0.7365242011142294,0.9384124008873462,0.7562191186805278,0.8515242770126847,0.9469990271543747,0.8719532289905909,0.8245027392526304,0.9549422857308885,0.8888323772351052,0.8740433118343505,0.9425720985427191,0.711339287138303,0.8623348546394309,0.921891580360551,0.6854714604808736,0.8469963346046665,0.8431820355014632,0.898255293374005,0.9447481688519046,0.9169296077473637,0.9384124008873462,0.9493347822888891,0.9130812730632978,0.9608501057310764,0.6436356430904479,0.9529366743750118,0.934468117552512,0.8513970480753378,0.9975839852098576,0.9868619655962763,0.9270843653068206,0.9938077685674778,0.9288758056186719,0.8818820891501595,0.8833742009912298,0.851809244639438,0.7267356314200379,0.9517679141853161,0.9248999189762372,0.921891580360551,0.7862870980649704,0.9720496894409938,0.9517679141853161,0.9965299185474337,0.8986853937484474,0.7657675083136288,0.918560771643866,0.9253246753246755,0.9146756363968287,0.7622627557684605,0.901588342180655,0.8027948963261122,0.992062809828369,0.9643765980294188,0.9418510134399245,0.9270843653068206,0.9883783616664188,0.8562263088127955,0.8955415547702613,0.9825589828192492,0.9325645805415599,0.8380977709824797,0.8675074564961305,0.4371300648708867,0.9914610572055533,0.966854861926912,0.8274310299056002,0.9270843653068206,0.8202029466900852,0.964376598029419,0.8972500807670709,0.8212740235897156,0.9425720985427191,0.9906910241769782,0.7843868042871207,0.9369836237218985,0.930471941443094,0.9493347822888889,0.9166817637654097,0.8266716361598098,0.9894382119329367,0.9919609062430834,0.9325645805415599,0.9325645805415601,0.9329216899439507,0.4540972984960927,0.9883783616664186,0.8375914745592352,0.894409087337305,0.9364159486136476,0.9364159486136479,0.9695423959390649,0.7076345599008782,0.9325645805415601,0.899725335550945,0.9384124008873462,0.9469990271543747,0.9384124008873462,0.9384124008873462,0.9278223884390326,0.6734388855421989,0.9761289800255133,0.9384124008873462,0.7973195980149679,0.7457252365059774,0.933316065142574,0.9190159567987892,0.884718273565086,0.788619102479287,0.7875282758041415,0.82412330600641,0.8921127087283753,0.6205157997053741,0.8715363536479561,0.9469990271543745,0.900131290598132,0.9839890484353477,0.9651948225282797,0.9090636753073356,0.9805663112989256,0.48919955396608295,0.9519232339602357,0.9894382119329368,0.9052964331108346,0.9425720985427191,0.8793449357816123,0.6074251835121416,0.9619687983522078,0.921891580360551,0.952706165975702,0.9466763852073139,0.9195453412137855,0.8083287302412823,0.9407634795537994,0.9983948723195168,0.9253246753246758,0.9404624926714933,0.9672160906068992,0.9107320745513346,0.8562263088127957,0.9447481688519046,0.9842094958539693,0.6077326401296252,0.8037545953914222,0.8662102272482621,0.9559302354841396,0.8192976586644307,0.9106019687464653,0.9543141322095121,0.8126462580697251,0.905441118859996,0.82412330600641,0.8336259210976948,0.9253246753246755,0.8088615062113478,0.9691312118113553,0.9384124008873462,0.9447481688519046,0.8986853937484476,0.9938077685674778,0.8583422593496204,0.9720496894409938,0.9868619655962765,0.9687835678910893,0.8447836689107451,0.921891580360551,0.7327466599103805,0.9517679141853164,0.7974198710930203,0.9775200810036834,0.9451592660262597,0.934468117552512,0.9805663112989256,0.9224205858629797,0.8972500807670709,0.9643765980294186,0.8053776931567698,0.969266091515326,0.81860535089971,0.7101715167391467,0.9015883421806545,0.684779942549339,0.8849533332175408,0.9090636753073356,0.9517679141853164,0.9694100907323093,0.9975839852098576,0.8799089699616287,0.8894235704056002,0.9313987337345841,0.9364159486136474,0.8005072894679135,0.857654049666025,0.9543141322095121,0.8329462953042742,0.8803288140439887,0.8419023775355045,0.8986853937484478,0.9185607716438655,0.6333360910981001,0.9090636753073356,0.8931429413816419,0.9083753558180288,0.9270843653068204,0.9902428565647541,0.9447481688519046,0.9543141322095121,0.9384124008873462,0.7257084685950506,0.8908090206462491,0.8381919070735808,0.9030571559620832,0.938412400887346,0.8875752334202733,0.860654892116073,0.7793561304895651,0.9060327047326973,0.8833742009912295,0.9297118524554642,0.8559195932254962,0.7123175572671671,0.9529366743750118,0.8860899491808243,0.923059806975927,0.9280389014923773,0.9469990271543745,0.9473257685964238,0.7138046051626519,0.9425720985427191,0.8972500807670709,0.9543141322095117,0.9529366743750116,0.9607441863599593,0.9543141322095119,0.9288758056186719,0.9964991389010722,0.9938077685674775,0.8590817120997247,0.8597630494484778,0.9493347822888889,0.9384124008873465,0.0,0.9955473863379039,0.9522137875062904,0.9364159486136474,0.9447481688519046,0.9325645805415601,0.9364159486136474,0.9364159486136474,0.9388586611030841,0.9384124008873462,0.6077326401296239,0.808861506211348,0.9384124008873462,0.9643765980294188,0.8977731789942538,0.5866679472105382,0.9425720985427191,0.989438211932937,0.9975839852098576,0.9364159486136474,0.9845600578467029,0.9332937322141002,0.8532920118076432,0.7892243583384507,0.9384124008873462,0.9549422857308887,0.9425720985427191,0.9202142532643911,0.9640386039400275,0.8888323772351052,0.9843798933538865,0.9404624926714933,0.6640646615715629,0.9584859817309164,0.9694100907323093,0.9384124008873462,0.7781560598534009,0.9808615591868379,0.9883783616664186,0.9803514991914479,0.9270843653068206,0.9493347822888891,0.9153193686659862,0.9425720985427191,0.8874576548572419,0.837542981916594,0.9384124008873462,0.9384124008873462,0.9150889707332182,0.35410945952510275,0.8533699860411073,0.9325645805415601,0.9270843653068206,0.9432846160259896,0.934468117552512,0.9912165559775021,0.761628351339465,0.9384124008873462,0.9384124008873462,0.9256969948294521,0.9438229086033588,0.9473257685964236,0.9711093416163312,0.6527982819066379,0.7760341591046294,0.8562263088127955,0.7402499446026913,0.9185607716438655,0.7432614209789805,0.9384124008873462,0.9115001904163036,0.9447481688519046,0.3882066400230304,0.8447836689107451,0.9493347822888889,0.9190630986802053,0.9384124008873462,0.9384124008873462,0.7750815393628674,0.9384124008873465,0.7650457953789196,0.9253246753246755,0.8791510662592732,0.8780124908814335,0.9529366743750116,0.8780124908814335,0.9018952375385736,0.8705190875248372,0.938412400887346,0.8972500807670709,0.7595338383542093,0.9404624926714933,0.9843798933538863,0.9510444518769685,0.9436356618447446,0.7617390597647349,0.9369836237218983,0.4312010894064976,0.829178883741835,0.9384124008873462,0.9150970596522615,0.7681977112879724,0.7708756350468664,0.9567358106032482,0.8368251309284129,0.9288758056186719,0.8830249020118612,0.874826386730919,0.9894382119329367,0.9682434486405538,0.6329355339042642,0.9836426671336507,0.9517679141853161,0.9060327047326973,0.8695898034667461,0.9366735852030657,0.5047661957294443,0.9364159486136474,0.9254928251494697,0.9137287800621365,0.9693820495180774,0.9428152611847687,0.9726326202607707,0.9693820495180774,0.8995793727310535,0.9543141322095121,0.8820255041972336,0.9407634795537994,0.9696910817832284,0.9384124008873462,0.9517679141853161,0.9720496894409938,0.8877752682100513,0.8462173732414178,0.9307015751744636,0.9364159486136479,0.9621156816794599,0.8714181886270882,0.5454440744832262,0.9480049630426205,0.9001312905981322,0.9940119759006414,0.9539149903410244,0.9384124008873462,0.9297118524554642,0.9384124008873465,0.9690555914915182,0.42352172215406014,0.9185607716438657,0.9202142532643913,0.8777072627925471,0.9384124008873462,0.9071684463189384,0.8126462580697251,0.4173505752601929,0.730837785711949,0.9888578818441288,0.7916144620350019,0.9447481688519046,0.9468533033504714,0.95837887669211,0.836673413660163,0.8081311165025298,0.9881818565067269,0.8605094498567212,0.9543141322095121,0.921891580360551,0.9384124008873462,0.8766849093977231,0.9153193686659862,0.919205971578733,0.82412330600641,0.8427281427246178,0.9384124008873462,0.9364159486136474,0.9133868084125142,0.8317311854817002,0.936549554387319,0.7717708609035463,0.7989664340827632,0.9384124008873462,0.7564290474682833,0.8342796354092274,0.9833076730146284,0.9384124008873462,0.8669466104824926,0.9307015751744632,0.9493347822888889,0.9218915803605507,0.9364159486136474,0.8647946830029141,0.7841975679523903,0.8753619326452873,0.9137287800621365,0.7367353244420622,0.9881818565067271,0.8457377300448383,0.9384124008873462,0.9121566723282286,0.9384124008873462,0.4540972984960927,0.9470641338896126,0.9354927700676682,0.3882066400230304,0.9106019687464653,0.9282482779071725,0.8847289094375661,0.9446701888736626,0.9384124008873462,0.7320794879815151,0.7046567413066125,0.8705190875248372,0.9090636753073356,0.8972500807670707,0.9447481688519046,0.9090636753073356,0.7402395084267595,0.9351366270846042,0.9153825136753165,0.7989664340827631,0.9351366270846042,0.9060327047326973,0.9447481688519046,0.8610478913106772,0.9351366270846042,0.3882066400230304,0.9596257255045417,0.9404624926714933,0.8904552749271519,0.9364159486136479,0.622832968539538,0.9202142532643911,0.8688077246092831,0.8972500807670707,0.8982552933740048,0.9315204524190164,0.664451411370619,0.7944495116308216,0.6541501976284606,0.8200851396195274,0.9060327047326973,0.9130812730632978,0.7298393669997532,0.9279986649762024,0.8888323772351054,0.9573422906623259,0.5454440744832262,0.9425720985427191,0.9130812730632976,0.8510128142135613,0.9121566723282288,0.9121566723282286,0.8634130271408591,0.9447481688519046,0.9469990271543747,0.8464068873521804,0.910601968746465,0.9451592660262599,0.9738359568456643,0.9090636753073356,0.8930665683190209,0.9694100907323095,0.9466763852073137,0.9384124008873462,0.9480283064012623,0.9088527911762525,0.894409087337305,0.799102517871477,0.899327080074255,0.9469990271543745,0.9015883421806548,0.8411306533973872,0.9169296077473637,0.9325645805415599,0.9106019687464653,0.9099317521606791,0.8515500804409488,0.9469121786862356,0.9270843653068206,0.8873397057226611,0.9021033275330336,0.879664186514741,0.8821176742370871,0.9425720985427191,0.9404624926714933,0.5758376961895,0.9121566723282288,0.9425720985427191,0.9083753558180288,0.8977504540898161,0.886684827911649,0.9868619655962765,0.9344681175525122,0.7320794879815151,0.9643765980294186,0.8820255041972336,0.998394872319517,0.7214473803139422,0.9643765980294188,0.9469990271543745,0.9620424842526041,0.9946231749394501,0.9404624926714933,0.42352172215406014,0.8610478913106774,0.4540972984960927,0.8775479624637763,0.9469990271543745
p238_L,0.7090585263788438,0.782145513016413,0.506677154996179,0.784251332831271,0.808854675956181,0.8282072461373999,0.9330744724009128,0.994237201618789,0.6014115452454349,0.8186326921786737,0.8228794504079865,0.7735626237779674,0.7735626237779674,0.6663111035449797,0.8745762485846602,0.9412863037437984,0.9023372645888428,0.68763006724591,0.9443732211437313,0.8539459738780028,0.638470134122997,0.7667404971856786,0.8435382057657896,0.8051812588818612,0.7360004217167482,0.7041672989799528,0.746422318827944,0.6948288414729853,0.8892592555773313,0.8459459356710772,0.7770326868464805,0.8343531165770122,0.7901539239134272,0.8391451736147022,0.8370369041336885,0.8769282987941895,0.8051812588818612,0.7394168521934456,0.8282072461374005,0.7029541149985301,0.5575287039520801,0.8203947683273822,0.9487990223782055,0.6599241177504998,0.7983939674149104,0.47375045891485834,0.8140865069385359,0.6684730098599263,0.6815750787003163,0.5327942467904985,0.8233538626834317,0.3534787009750766,0.7258888216147434,0.771507501616252,0.956160717486662,0.7177031552516262,0.6755939819250318,0.7806724477786728,0.7504288202783806,0.7535801967671492,0.5943402084260869,0.623589792608148,0.9213825253278576,0.6549616781123162,0.8007002269432063,0.5785690352877353,0.8233538626834316,0.657731153204141,0.6880616610227444,0.8094833764446479,0.641035281653209,0.6815750787003164,0.8652191323111957,0.4392700611581546,0.7806724477786728,0.6177294252798675,0.7667404971856782,0.7500811450500104,0.4486787361616118,0.8282072461373998,0.8714116539799702,0.8347861006253849,0.9911015470174346,0.8396807256894452,0.7806724477786728,0.6432118017919161,0.9093677670715288,0.6327671432608686,0.9401304930976406,0.7735626237779671,0.7806724477786728,0.522169551741555,0.3560953686108441,0.5593540437044764,0.7634494582134788,0.6357552299743083,0.49690977513930434,0.5023136903243133,0.47019285854385773,0.3535085721450679,0.7177031552516258,0.8140865069385362,0.7684119013812079,0.8220150090232681,0.9843907380918233,0.8094833764446474,0.5768065633142001,0.4287576846899903,0.7279022751436424,0.4997686436783031,0.4771488578622515,0.7600148520332818,0.5094104728820825,0.7094902127873852,0.8140865069385359,0.4272816526015588,0.9061307867295617,0.8769282987941893,0.8653728680514656,0.49435253758009745,0.7857755502967532,0.4774978223851487,0.7360004217167483,0.8396317657444188,0.8831237709590274,0.6110503588620952,0.7761208698281862,0.6173690675531273,0.9799788655295095,0.7074778423278758,0.4505899365155579,0.8140865069385355,0.7922363153434719,0.9859646442922714,0.7464223188279442,0.5019854055719973,0.7244352640272065,0.8233538626834314,0.8233538626834316,0.7666259510559459,0.5123363139233283,0.8186326921786734,0.5785690352877348,0.5275748841288547,0.5325706778351329,0.6316143511955588,0.7245153385234098,0.4467105934960309,0.7839490138443324,0.3687106890194948,0.818632692178674,0.594340208426086,0.6096404686749166,0.8977511455821422,0.8855889573633509,0.7198119049496905,0.8057057658231239,0.6809098247156485,0.8235080301128759,0.7617552787017403,0.9767125224469344,0.8140865069385361,0.7449162556081335,0.4264423764009502,0.6113704916727376,0.6375707316850994,0.8745968531392725,0.6224840200589041,0.8070148009406196,0.6559221707311713,0.823564742593368,0.7609046338028224,0.8401505248191372,0.974509596834988,0.8455158696570757,0.7325931910484831,0.8769282987941893,0.8475876134006488,0.808112248105036,0.7982523979095625,0.9928460326185118,0.7319547311547439,0.8440306752314073,0.7735626237779674,0.6337325038714158,0.5719085543941042,0.5345662113093119,0.7399108146486078,0.7467104468736225,0.8713363988392023,0.9401666948359448,0.768838929158838,0.425400197668116,0.4800457696140392,0.9631311863913682,0.7806724477786728,0.8051812588818612,0.913511480826117,0.7993441294024,0.5041100229244356,0.6567334207535078,0.8283311817096388,0.7806724477786728,0.4840974310976802,0.3709805920108997,0.8539459738780026,0.7806724477786728,0.6850414200213011,0.6891293802870435,0.6150479410439273,0.5028190528065349,0.5834248731524716,0.7609046338028223,0.7806724477786728,0.7243337330333176,0.780672447778673,0.6295698028913141,0.48232468417416163,0.49141554632644624,0.7806724477786728,0.8410987522655158,0.7806724477786728,0.7035668514544957,0.9082043648365361,0.6190262753839348,0.4485361889282009,0.8140865069385363,0.3263688277444372,0.7666259510559454,0.7977883348368817,0.9717761746902622,0.7759075457372147,0.5034973913908545,0.6868257350967164,0.7922363153434719,0.6467686737393225,0.7899228278198134,0.8055398865968617,0.7714655349288969,0.8726140006953684,0.6340839941645453,0.8763514402953597,0.4924587411386535,0.8465915930854309,0.7806724477786728,0.6296977608253542,0.7806724477786728,0.9034426285130162,0.8154621446104793,0.8032355692370527,0.7909033047077674,0.3263688277444372,0.7761208698281863,0.629008293453784,0.7126918433193737,0.5115787417486343,0.8956777557659622,0.414294499985119,0.7840536293380751,0.5275748841288546,0.8790690249159189,0.5212508509131784,0.7735626237779671,0.8759261216754275,0.47102581710978697,0.8282072461374005,0.6471088706072501,0.7356181525733685,0.820394768327382,0.8475876134006488,0.5433827852079613,0.8654706639169722,0.6331350599293983,0.6475876026876143,0.4283157208018775,0.8094833764446474,0.2738454765342251,0.8650889372379253,0.7898511781167592,0.9139509645247549,0.8094833764446474,0.8994214336937147,0.5544949707272016,0.9729382170898375,0.6007874454873785,0.6859678084260277,0.7840536293380754,0.8385150443090622,0.3748236383253962,0.7535801967671492,0.7840536293380748,0.8441193845389973,0.2153561779657036,0.8094833764446476,0.5924438923350832,0.3999945118456196,0.4774978223851486,0.9218743233303921,0.9443732211437315,0.7684119013812076,0.8312283327878145,0.7535801967671492,0.885588957363351,0.37767285012485097,0.9316623701828688,0.8441193845389973,0.7029541149985307,0.6391954725694926,0.3920736743796708,0.9060845154549804,0.7535513511591749,0.8527985048415907,0.7323451875945679,0.7088324280001796,0.4904733533911738,0.8539459738780028,0.6348970220281165,0.9245725372766602,0.8953985352636918,0.9276593868178657,0.6221208328424686,0.8255189618559324,0.7806724477786728,0.8032355692370516,0.8719825163118956,0.6876300672459117,0.8094833764446474,0.9729382170898373,0.8156731917344942,0.7806724477786728,0.8525433137036198,0.8195695506328724,0.8653728680514656,0.786395998545413,0.605210498225556,0.7224487943538207,0.8343531165770126,0.5206670392270811,0.22000007583858938,0.9224690488957425,0.7532124306067356,0.32637231169893144,0.93421801734038,0.7822616826600726,0.31385043850188965,0.7467104468736223,0.6492504012034073,0.8282072461373998,0.3265835195309914,0.6299422441420863,0.31950174931563335,0.7464223188279442,0.7735626237779674,0.8545958273232521,0.7019116036877213,0.350353304769635,0.2332069455289001,0.18598693429498825,0.7806724477786728,0.4350648956931329,0.9619365503737369,0.6930143697409774,0.9056910065063565,0.8282344908280386,0.5393247582193028,0.7806724477786728,0.7806724477786728,0.9763603405282588,0.8692953595068791,0.4652453927848663,0.780672447778673,0.8892592555773314,0.768411901381208,0.8628781523554647,0.5473324743702739,0.40733565121194637,0.7684119013812079,0.6523255658207524,0.7429692855380365,0.24779386929230363,0.3583787706242356,0.7806724477786728,0.47286510508127,0.637570731685099,0.36202925805510366,0.3736757440256411,0.811606171652352,0.7820583707967868,0.7840536293380747,0.28956074733540627,0.7806724477786728,0.1974767189915958,0.8614022483242366,0.7951095970076034,0.6148535726389437,0.7879732943666935,0.2301305736996101,0.7647853880534363,0.7806724477786728,0.5991391694053618,0.40072379592514973,0.7806724477786728,0.9892930710581478,0.7212009583254586,0.4857622020034035,0.17014946336037595,0.3289033238487513,0.7806724477786728,0.7968875553678955,0.5778080574091289,0.8653749572194795,0.863628349598952,0.6633143767365868,0.616377224121953,0.6041066231094765,0.5581644194356523,0.784053629338075,0.7704381686898514,0.5247864547290797,0.7749133993724278,0.5095039658862437,0.7224400726113078,0.4103167723577704,0.7447129558740404,0.7922363153434718,0.7093515898807028,0.7806724477786728,0.8769282987941895,0.6996749230606459,0.7827294942907062,0.8131290228021353,0.9601362415450062,0.7932811650657745,0.9331091968662506,0.9795435932039088,0.7932811650657743,0.8714116539799702,0.8529585859137301,0.7573484582737835,0.44860754278069825,0.7456216574922966,0.8532920118076435,0.4925269192433326,0.828234490828039,0.8706957205867707,0.9121630121591515,0.762084095189647,0.814282920480962,0.8539459738780026,0.5862726552237734,0.7133732977741496,0.9975661491517835,0.8424784725189258,0.8380541321286045,0.6062119974517621,0.9642508949408412,0.8764373716121486,0.8660664554594935,0.9851505003317852,0.8797210231340108,0.7604404769262665,0.7888629210161433,0.6963304663393008,0.6798045225117695,0.5861791660711246,0.6340625400590203,0.9543089131758091,0.7761499990701941,0.6711613086488621,0.960211503715098,0.7607995967969834,0.7904628268029483,0.19308734471663558,0.837395124588127,0.5345308263943229,0.7158646742883574,0.7053713723654849,0.7869831258446571,0.7840536293380751,0.9813303236763472,0.5621309917528419,0.7931999187715966,0.8253957930330909,0.8195695506328726,0.9035693735382399,0.8116573882072695,0.9300496874957528,0.9899154014072219,0.7724081431214271,0.7464223188279445,0.8965882112569319,0.8094833764446476,0.6580517696032655,0.24215277350883735,0.602946063050017,0.7609046338028223,0.760904633802822,0.3490881292549983,0.8858000064237582,0.8118186681828423,0.4291565247084763,0.7806724477786728,0.8330375920813434,0.7806724477786728,0.7806724477786728,0.26686847506947764,0.9277124395896712,0.6299422441420863,0.7806724477786728,0.3242095127919029,0.4523220336389273,0.7441747664095419,0.6851939179330067,0.4728651050812701,0.4937302008281024,0.5781942735788954,0.7459723628266632,0.30874445781684345,0.8916280673533917,0.933644627381834,0.843588756537291,0.6818416717995235,0.48876792718312445,0.471243929682446,0.6580517696032655,0.8800551099066891,0.8868562668162889,0.5988592287265813,0.8330375920813432,0.5899642840076895,0.784053629338075,0.7426069521989414,0.971776174690262,0.9146007813740898,0.7749133993724278,0.5156325702540598,0.6722356415497023,0.5943402084260865,0.7218380204095862,0.7506792181660726,0.8255189618559329,0.7816064815091275,0.8342416479355357,0.8806703694560748,0.4894570120854387,0.46215050562045823,0.8343531165770126,0.668734422485421,0.9937194382372248,0.7243369591377946,0.49690977513930445,0.7882889127686583,0.28949190799484326,0.6638362206586523,0.8282072461373996,0.13924163111105026,0.4145990186492914,0.7459723628266628,0.262439533948008,0.7191980738903953,0.8738717600465855,0.7859663243192385,0.7806724477786728,0.7922363153434718,0.7690066666776432,0.808854675956181,0.5838709666793718,0.8291489048044112,0.8732468070952588,0.7661066351457717,0.4190777660664623,0.7977883348368819,0.3274469493980816,0.8539459738780024,0.2772825088898242,0.9101934299461027,0.43720998508877784,0.7932811650657743,0.9677336749333649,0.6547744603073624,0.7787652205288144,0.7224487943538209,0.5442089879430045,0.6281325998203857,0.3573860736165476,0.6143251493591093,0.7247480623998027,0.4976249976969136,0.38079639911136187,0.6761549112125054,0.8892592555773317,0.8292347353062454,0.7879732943666937,0.45677476550744245,0.7459723628266626,0.5530262545028504,0.7735626237779671,0.37398390833404105,0.2750438667570223,0.8653728680514654,0.7244352640272065,0.8855847170568545,0.7557028895266765,0.693204100588592,0.7820985562248257,0.8717729940111363,0.6782273247300603,0.9376794807200113,0.9716031089213206,0.725815043264018,0.9378682975729826,0.8233538626834314,0.8282072461373997,0.7806724477786728,0.9902043535214081,0.42760909277846504,0.42376430543691845,0.6354654305589479,0.780672447778673,0.6144316773392255,0.2618931217789706,0.5943402084260863,0.9611616767607076,0.5614515351875558,0.522169551741555,0.5601528717098476,0.8954797655069473,0.6904290833188442,0.9631311863913682,0.3813646191197866,0.6095709242452819,0.8007002269432069,0.5729906825942455,0.6755939819250317,0.8441193845389973,0.6870229103246525,0.8653728680514658,0.7079164867920251,0.7535801967671492,0.8282072461373999,0.7325514035311529,0.8440306752314072,0.7684119013812076,0.8330300878047929,0.47266642632198463,0.8195695506328726,0.8934013604887032,0.9955473863379039,0.0,0.14601760031337863,0.7735626237779674,0.792236315343472,0.7858328438893589,0.7735626237779674,0.7735626237779671,0.7064170280538996,0.7806724477786728,0.9283230888823258,0.8910380624415611,0.7806724477786728,0.7224487943538207,0.7635468852542318,0.8870144729824141,0.784053629338075,0.843588756537291,0.7879732943666933,0.7735626237779674,0.14314162158603538,0.4005206322119319,0.7218380204095864,0.4417450096952451,0.7806724477786728,0.5768065633142001,0.7840536293380749,0.8123186393710717,0.26643001409636646,0.6166107221020536,0.8094833764446474,0.8051812588818612,0.9609880591173858,0.9072044548146418,0.9457776272931169,0.8247763577362224,0.9460078488586983,0.6798644717750348,0.9808606516319832,0.5851032844905872,0.8228794504079867,0.9443732211437313,0.7029541149985303,0.8140865069385361,0.6798043776840527,0.39526349930323246,0.7806724477786728,0.9093230422687447,0.5072020316949084,0.8539459738780026,0.40040797002492456,0.7464223188279442,0.7986133486219944,0.3541423560103243,0.7932811650657745,0.2311162145243355,0.3483107685063147,0.7806724477786728,0.7806724477786728,0.7198085410630692,0.8347615892735396,0.7224865994530704,0.3837165067779831,0.5522800262761771,0.41673192004848236,0.34692190844270443,0.3667753849220097,0.69376373945865,0.4506367100382771,0.7806724477786728,0.8157030193452093,0.7922363153434718,0.8282072461374005,0.2427270531907333,0.8094833764446474,0.283484846347815,0.7806724477786728,0.7806724477786728,0.3623812576921934,0.7965941295587151,0.3973323487925733,0.7429692855380372,0.36140748590018124,0.5412898749253741,0.8116500091867029,0.8660664554594937,0.4752124690607511,0.4109499767796775,0.780672447778673,0.6136290621613225,0.38544235616446265,0.8051812588818612,0.9207369341571852,0.7504401705161987,0.8972503227047752,0.8745762485846604,0.6244632871694561,0.7879732943666933,0.5055896660689132,0.7806724477786728,0.25164206908713593,0.6807088310368365,0.7442016478995601,0.6175457586023662,0.5511977361511525,0.8458986658441408,0.5894932340405679,0.4130243064080621,0.8759261216754275,0.9047422456964156,0.5683159606718211,0.8637903167698089,0.8539459738780025,0.9208980939530009,0.7041672989799523,0.2907401842871069,0.8233538626834315,0.8009469027438032,0.6215520707152071,0.7138230048393555,0.7971136825696468,0.9512582220676169,0.9859646442922712,0.8521590686921443,0.8373021566360077,0.8744677785500734,0.6062119974517621,0.7314962384387298,0.567339304833324,0.8088546759561808,0.8186326921786736,0.7667404971856787,0.8053776931567695,0.46233408407725074,0.8155224597734188,0.7735626237779674,0.9454234581356229,0.5734712406116917,0.9504832041502341,0.4278407014979895,0.7568357302893634,0.5109228654782452,0.44532910187313945,0.7806724477786728,0.522169551741555,0.9215835886662105,0.358862238943884,0.8186326921786737,0.8203947683273825,0.7607995967969827,0.5696789207774102,0.7806724477786728,0.21753167960747777,0.18813660624443707,0.9405392868314864,0.34501413975397277,0.42676152835342007,0.36453858078764734,0.8233538626834314,0.3191625111903078,0.7725195832430403,0.9582324645952721,0.4396661376797413,0.7062885929790661,0.5040601217134626,0.8653728680514655,0.7749133993724279,0.7965941295587152,0.9639072104814725,0.7670912238931726,0.3551540164901157,0.7958043351129382,0.22238969085851956,0.7806724477786731,0.7735626237779674,0.42098704639963147,0.38079639911136276,0.7966634037259313,0.33785014136835034,0.2709771901055045,0.7806724477786728,0.3411153004824534,0.40410681983421737,0.646654398663931,0.7806724477786728,0.5135952972439597,0.8916280673533917,0.8094833764446474,0.7218380204095869,0.7735626237779674,0.507398356466466,0.8562179574234862,0.851513056556976,0.9703581952111892,0.9283237840174419,0.7749133993724279,0.1840929547017307,0.7806724477786728,0.8531434181445738,0.7806724477786728,0.8432058376194185,0.5310192254216517,0.5452253681733332,0.8282072461374005,0.8248117069057503,0.6225518612151133,0.690768567853665,0.6859678084260283,0.7806724477786728,0.6290250062453311,0.5747712183868172,0.6866172972808866,0.8396317657444191,0.9255529168554744,0.792236315343472,0.980860651631983,0.8698326166844479,0.6762843851718214,0.5997960046902746,0.2588347581588898,0.6762843851718214,0.6466543986639317,0.7922363153434722,0.4774978223851488,0.6762843851718214,0.8282072461374005,0.9048452935938178,0.8460940724740429,0.5523024161526728,0.7609046338028223,0.9494729196002478,0.7224487943538207,0.7187030077350125,0.6136290621613234,0.7904628268029479,0.6471683429756421,0.9336022679318308,0.8283311817096388,0.9569101903668126,0.5927123694515424,0.6466543986639315,0.6007782885387498,0.6218205043312162,0.743586748063497,0.5819759374447888,0.7884702601913864,0.8342416479355359,0.7840536293380753,0.7563935870689236,0.8302986265158778,0.9153835315813805,0.8149093101924577,0.7829852394595902,0.8544714100233909,0.8007002269432069,0.8805194262251792,0.6816331266237834,0.7771326555823265,0.8693268180241231,0.839631765744419,0.8395458167799932,0.8292347353062455,0.7702822380396983,0.7965941295587149,0.7398613855356877,0.5882022387435035,0.7108187195182338,0.6030374500886899,0.9033006315460974,0.9623870526338894,0.8005927170059755,0.9362914289897462,0.7258888216147434,0.8503656160018767,0.7865607180431957,0.9877840833001519,0.825675896822947,0.992644088835646,0.7258150432640189,0.7667942694914709,0.84305747070033,0.9267053490093936,0.965526265045378,0.8140865069385363,0.8051812588818612,0.6752222652538258,0.6871697823130887,0.874152262139458,0.9716031089213205,0.6552238173093865,0.9211479711571402,0.806890624786805,0.8068906247868051,0.5911649683421054,0.8572535618796977,0.5563800251654868,0.9942837725413022,0.5395958662086389,0.722448794353821,0.8330375920813434,0.568616171231991,0.8704333729910018,0.8342416479355358,0.8186326921786737,0.819338996200125,0.8432058376194186,0.8238405276982714,0.8007002269432069
p238_M,0.7705517113369464,0.8216030809811898,0.5787109730034037,0.8369706810429851,0.7715834556054183,0.8532920118076435,0.9737818750220475,0.9409388349739205,0.5305332729672153,0.8451155112420421,0.8637086519058852,0.7348453828730822,0.7348453828730823,0.7180664476795504,0.9363995220079753,0.7649571968714175,0.9406384658239362,0.7332415752367154,0.9732945459124762,0.8807174319218227,0.7145866737204691,0.8081311165025298,0.8875470731379231,0.8381090821523731,0.7781429858473838,0.6535845456198998,0.783449123325719,0.6335916531160938,0.9163193526016034,0.6857649875085288,0.7224847956737392,0.8009638285360555,0.8286183577313586,0.7807707258469967,0.7999960359115466,0.8713002539551249,0.8381090821523731,0.7774665781182655,0.8532920118076435,0.7280707215884723,0.6246411864244394,0.7717077782037409,0.9218915803605509,0.6140479301167173,0.8358455708251249,0.5766935734772691,0.8458639564984105,0.5958066832896936,0.7280707215884723,0.45290938855303586,0.8539453617971722,0.453937742459094,0.6754836127321635,0.871602556167663,0.9156227442031757,0.7654163298689536,0.7229629702115576,0.8022278398026612,0.56446484972149,0.7895618251049048,0.5249787446172502,0.5145054381276157,0.8725752167425384,0.7228705452017572,0.8298015015479603,0.4517023664522075,0.8539453617971722,0.7819650748349797,0.8473412767073112,0.8373021566360079,0.6934504484233752,0.7280707215884723,0.8284086162176745,0.3128461974593616,0.8022278398026612,0.5579250762472645,0.8081311165025298,0.7903153174929476,0.3199558192924862,0.8532920118076435,0.9126375415145098,0.8570448528152359,0.7129220490303521,0.8865350450225613,0.8022278398026612,0.6982000155310899,0.9519241740972377,0.6155557609116105,0.9858063487718773,0.8234248743448613,0.8022278398026612,0.5943299994299138,0.469539448992603,0.4537408263899011,0.9397559942301106,0.8431957140424888,0.5703698025145816,0.5773173325860299,0.3392458437426681,0.22080221183941773,0.7654163298689529,0.8458639564984103,0.8022278398026619,0.7987171513467408,0.7081646539444504,0.8373021566360079,0.6386002534074322,0.29385767824958675,0.6813778305545802,0.37541074323836177,0.5456887927834817,0.8052722504124434,0.38208609470021737,0.7707699882830237,0.8458639564984105,0.2702633602336292,0.9466017689473758,0.9052983512742421,0.8907614131129447,0.39043551107643726,0.7228023016814451,0.5537923365189841,0.7781429858473843,0.8910464000729714,0.908434112134825,0.4359315714874389,0.8088111631761212,0.8715513084488646,0.9890735278881326,0.8119977657595078,0.3566494301450991,0.8458639564984101,0.8225734700092835,0.9593609816658519,0.7834491233257193,0.5936045685320606,0.7834290350036163,0.8539453617971722,0.8539453617971717,0.8433079947733284,0.5348726883830459,0.8451155112420421,0.4517023664522073,0.6139004104438026,0.5925694816009677,0.5657548445206715,0.6469533263815712,0.33116644264190453,0.7330847432450079,0.3036448574475361,0.8451155112420423,0.5249787446172484,0.7077179752719005,0.9804540883698296,0.9166891453729491,0.6684233990250252,0.7346063809247936,0.7387030905441514,0.8293098057308768,0.5990419494516486,0.7914573177698825,0.8458639564984103,0.7890915444598163,0.4793894830659544,0.664319507966936,0.6933511769334473,0.7896575359222012,0.6901274256093173,0.85727092324838,0.5443588652140713,0.8766054254974633,0.7958167654209829,0.7888233937283919,0.748183558443283,0.7414973605425623,0.8161669392449238,0.9052983512742421,0.8916759054535881,0.8627518686398994,0.6337577875667897,0.907702440051859,0.6667813163355788,0.8927764088411396,0.7348453828730823,0.8842039336697045,0.5376795228174651,0.4309778779552783,0.6686039324215054,0.8966022937609004,0.743237780477719,0.9776734189443859,0.6993291524456549,0.5457174448693414,0.3280058451547684,0.8744405237872945,0.8022278398026612,0.8381090821523731,0.9508003341101745,0.9916291324941652,0.61566623590839,0.5778615999651096,0.7900616007208391,0.8022278398026612,0.5722785931593413,0.2180492051853109,0.8451155112420423,0.8022278398026612,0.8840013057268774,0.6270134032933872,0.5472489301823424,0.6272409419859566,0.6468548021911562,0.7958167654209829,0.8022278398026612,0.9699765826903397,0.8022278398026612,0.4942226531542264,0.5914007732610731,0.5900697618813633,0.8022278398026612,0.5961391701278275,0.8022278398026612,0.607453226312636,0.8422013259235581,0.6746551444348232,0.531265523112594,0.8458639564984101,0.1600086905086031,0.8433079947733282,0.8414232580309247,0.9282482779071723,0.8229621753648266,0.6591501623358075,0.7413256272572983,0.8225734700092835,0.9988129382625097,0.8510968077057566,0.8723527603351526,0.841863475353976,0.8119977657595072,0.5715180945535507,0.9144402420742332,0.5688755408298727,0.8073419023819209,0.8022278398026612,0.5582687080801505,0.8022278398026612,0.7152789340036273,0.6885444555819684,0.7695919367481677,0.7382621257064018,0.1600086905086031,0.8088111631761212,0.5655745286057949,0.7546438909083384,0.5828968418205396,0.9371019863188219,0.31194386285000075,0.8155856001785136,0.6139004104438028,0.9682675470429081,0.4078313967049695,0.7958167654209827,0.9093850586945161,0.5743174578258767,0.8532920118076435,0.5270703965225967,0.7310309160679003,0.8720648774730455,0.7554178416442227,0.6132665510366033,0.8323357203239441,0.5236430787017112,0.5022196522658202,0.38946883296545876,0.8373021566360079,0.16029483261296495,0.803584816791341,0.8343937500300962,0.9824286284422854,0.8373021566360079,0.8076234179491081,0.4201791402000731,0.9419867386642066,0.6527690508153532,0.7378838199067892,0.8155856001785131,0.7222094813814706,0.23406401932172727,0.789561825104905,0.8155856001785136,0.8458639564984101,0.22791420278135055,0.8373021566360079,0.4474938176163905,0.507294854221058,0.5537923365189843,0.9420191204032452,0.973294545912476,0.8022278398026619,0.8789471914350984,0.7895618251049048,0.8853172535850606,0.23354872251931058,0.8596049662397247,0.876142312818307,0.7496245029951332,0.7457678481078369,0.305653187375476,0.8416625760719747,0.6702267304928412,0.7459533043159265,0.8639334541386059,0.7956148614699949,0.5615239030587855,0.8807174319218227,0.5642924488629032,0.951921273281384,0.9516032318914078,0.8674930744993442,0.6826864801818873,0.7907957676628271,0.8022278398026612,0.7695919367481674,0.7886206233374036,0.7332415752367158,0.8373021566360079,0.9745884186338969,0.85103298326874,0.8022278398026612,0.8956384605426095,0.7887187728537043,0.8532920118076435,0.8474985160309476,0.7262002214168414,0.7664404416746766,0.8009638285360557,0.3995950718067821,0.3338937930092567,0.9661357453597448,0.7110156257508033,0.4326482081880214,0.9366990254581009,0.7234222882195123,0.44056145787627177,0.7034019047473058,0.6013152469114813,0.8532920118076435,0.16848420560883726,0.6839771896298137,0.15787280730165265,0.7834491233257195,0.7958167654209827,0.9087565667278679,0.6442915623843133,0.20939367342531234,0.10447476431371572,0.30675561824544273,0.8022278398026612,0.34104007352035615,0.9804700861516809,0.7467132186266343,0.9628246376746905,0.7988652819601519,0.4268084243612702,0.8022278398026612,0.8022278398026612,0.9270687759049544,0.8006066801327187,0.5599176028819588,0.8022278398026612,0.8807174319218227,0.8022278398026623,0.7180664476795502,0.6158984259522886,0.26691882294951397,0.8022278398026619,0.7030921523899183,0.784165606903412,0.3595750991719888,0.2780440949942792,0.8022278398026612,0.552095171159775,0.693351176933447,0.21199029824311333,0.32314547245523906,0.8636746647411226,0.6329313233891092,0.8155856001785136,0.14039360752456165,0.8022278398026612,0.32114802387780284,0.908434112134825,0.6943917754190532,0.7185161781100198,0.7517200521801014,0.34254505988263073,0.803042467924812,0.8022278398026612,0.6671012547876342,0.5786178674026823,0.8022278398026612,0.9556700088637724,0.574684829202915,0.5925807417252864,0.2932232904052907,0.18438057040998168,0.8022278398026612,0.847341276707311,0.47308902621546023,0.8624031815176505,0.7544171394202355,0.5915408176897266,0.5479888875444529,0.5364150630788146,0.6275834520391181,0.8155856001785138,0.6970629719247504,0.44108313433500757,0.8183613504774261,0.4019937297475372,0.7945879198461065,0.49642090220313717,0.9336708882449205,0.8225734700092833,0.7551406423489795,0.8022278398026612,0.8713002539551251,0.7664011661198686,0.6494583228151862,0.7693246760294279,0.8224959708134416,0.8164349099391168,0.7552980465118792,0.9861034039901162,0.8164349099391168,0.9126375415145096,0.8874655807210459,0.7966033433879527,0.5291205462147595,0.8111627970668687,0.8227168701728214,0.39347613729251185,0.7988652819601525,0.8284005927134909,0.9567327957984202,0.6202455338900223,0.8560621357007658,0.8807174319218227,0.6131850622843302,0.6522876856147178,0.8129963694010416,0.8498006684528447,0.8800276452998839,0.6713956315405545,0.9972557380978944,0.9324870860155796,0.7719852245904164,0.928472488389271,0.924998161170655,0.6877533021343364,0.7693246760294281,0.6411229421467324,0.46703545945249436,0.53260714278504,0.6979063644890424,0.9668366895736389,0.7553792840665559,0.7452934685511703,0.905403480002907,0.7125841942671088,0.8875470731379231,0.3147225909274318,0.8182535656380532,0.5022586724510684,0.6672819886968295,0.7625382005684163,0.7223670635912355,0.8155856001785136,0.9723782112799733,0.4830590876111329,0.8494140853274332,0.7532395413192151,0.7887187728537042,0.7130585457521907,0.7340518642301974,0.9602082214267222,0.8616154694210618,0.809647347075422,0.7834491233257197,0.8637076121118322,0.8373021566360079,0.7079822296372038,0.3459983292836907,0.6609229261184333,0.7958167654209829,0.7958167654209827,0.533315652291716,0.9501193058088384,0.8096473470754224,0.5005029267320888,0.8022278398026612,0.8624031815176509,0.8022278398026612,0.8022278398026612,0.1334539475224179,0.7491756278169295,0.6839771896298135,0.8022278398026612,0.49370059884002426,0.33377265156747593,0.9969821282256282,0.7861218833060213,0.5520951711597752,0.5151702233777775,0.6254873296405836,0.889099187734703,0.19055059865774648,0.9309219169575449,0.9977548019005092,0.9276065414570318,0.6213366703853664,0.645443387646508,0.58052417356138,0.7079822296372043,0.8388950747835361,0.9239272492759629,0.6249941100474572,0.8624031815176507,0.6596432380924477,0.8155856001785138,0.8104596429035993,0.9282482779071723,0.938857504533648,0.8183613504774256,0.4051801628867342,0.7231649664338187,0.5249787446172497,0.6742766833455955,0.9787905186531649,0.7907957676628272,0.8800276452998841,0.8674070011286248,0.9400964113165364,0.38475830549205303,0.570298070367091,0.9480610371608378,0.6453111485323304,0.8358455708251256,0.566957474432946,0.5703698025145814,0.8234248743448616,0.2363670469610134,0.7129220490303518,0.8532920118076435,0.26869709165921607,0.3149112800438115,0.8094651190733989,0.28387696272171103,0.7602000973042937,0.8248947119012576,0.7014200374079866,0.8022278398026612,0.8225734700092833,0.708375783110589,0.7715834556054186,0.67803294265449,0.7844552203124644,0.8342149872161329,0.816028387757515,0.4187416933486139,0.8414232580309251,0.19692630114376153,0.8807174319218227,0.3063797028743893,0.8916469000509905,0.33873762227804516,0.8164349099391168,0.9923504136228154,0.8527623254518596,0.8365319455548639,0.7664404416746766,0.6824823893504718,0.6730943092946731,0.2749443052569349,0.5150871026742534,0.7795579190089543,0.578002632682602,0.47329851133783274,0.6207824787649796,0.9163193526016034,0.8721393656035645,0.7517200521801013,0.5656420180852642,0.6922401272765495,0.7255400439119684,0.8234248743448613,0.38973830047300917,0.3809002216656281,0.8907614131129444,0.6371629884543346,0.8513524803026208,0.8116105678783474,0.7494392744293186,0.8275364594326442,0.9511013831508174,0.7283226930189561,0.91636877994503,0.7665484468358348,0.765850872688635,0.9281021453402318,0.8225734700092833,0.8532920118076435,0.8022278398026612,0.9719321846052795,0.5175403359789046,0.39442126764842433,0.6886938936200018,0.8022278398026612,0.5292261123554557,0.3667120558911898,0.5249787446172491,0.6982490754523112,0.6254873296405825,0.594329999429914,0.47301901725871887,0.9670750625003955,0.7388308463410311,0.9711244309453025,0.48306221067669786,0.6831996648983902,0.8298015015479603,0.6379027767414547,0.7229629702115576,0.876142312818307,0.7440397643218044,0.8907614131129444,0.6545970012339903,0.789561825104905,0.8532920118076435,0.7716036057947147,0.8927764088411396,0.8022278398026619,0.6055476431184513,0.5496664093151278,0.7887187728537047,0.8568211965238025,0.9522137875062904,0.14601760031337863,0.0,0.7958167654209827,0.8225734700092842,0.8096473470754222,0.7958167654209827,0.8234248743448613,0.9719321846052793,0.8022278398026612,0.9668366895736391,0.8808928497196371,0.8022278398026612,0.7664404416746766,0.5900589594192189,0.8567149674919381,0.8155856001785138,0.8115800187854451,0.7517200521801015,0.8234248743448613,0.279498193572826,0.2958366550258078,0.6742766833455953,0.32540011527454105,0.8022278398026612,0.6386002534074322,0.8155856001785133,0.8570448528152363,0.23766453461664927,0.6779326857616625,0.8373021566360079,0.8381090821523731,0.91636877994503,0.9660209992811477,0.8016420807864293,0.8590530004149175,0.8180335093082525,0.7325970153878285,0.8503654733094674,0.6873540818162776,0.8637086519058848,0.973294545912476,0.7496245029951334,0.8458639564984105,0.7424399375412345,0.29226573846240533,0.8022278398026612,0.9442907413333015,0.5859709126202679,0.8807174319218227,0.496728312233675,0.7834491233257193,0.8392442071015722,0.22544129839030436,0.8164349099391168,0.38350627920674274,0.20376673532977818,0.8022278398026612,0.8022278398026612,0.9500526864439816,0.6219327159245702,0.7886206233374033,0.5151702233777775,0.43986958445602586,0.5418212298089877,0.4541276330881696,0.23311862137313188,0.7384796233518409,0.32705138962586,0.8022278398026612,0.8926735201930475,0.8225734700092833,0.8532920118076435,0.3552444987936276,0.8373021566360079,0.27321609881866693,0.8022278398026612,0.8022278398026612,0.19824781321896878,0.8022278398026619,0.23914478699400965,0.7841656069034117,0.44324228478741023,0.6082696266282195,0.9265086557693248,0.7883567843866359,0.35454230457061664,0.4978958343010276,0.8022278398026612,0.6700460193353561,0.2521884860779907,0.8088111631761212,0.8907130648110554,0.9264124867799657,0.8213202033183109,0.6519163028814865,0.6792982568065469,0.7517200521801011,0.5870336254891946,0.8022278398026612,0.1362953701709767,0.736003532980176,0.6713817423381176,0.703869517110906,0.5175403359789048,0.8034008551202538,0.5193030136100327,0.5109823703493179,0.8441816987551352,0.811565663099081,0.46796329381064816,0.8235775204287377,0.8807174319218227,0.8855861077756679,0.9741313134716161,0.1534476563700694,0.853945361797172,0.7958167654209827,0.5312219482797527,0.6826899945849028,0.8550303818014757,0.8955105984498661,0.9593609816658519,0.7255413280751921,0.8094833764446487,0.8469527777499489,0.6713956315405545,0.9825299313424135,0.4907724314943225,0.7715834556054184,0.8451155112420421,0.8081311165025298,0.7604897107133466,0.46136041442272857,0.8541942475379054,0.7348453828730822,0.9161834727005798,0.7485286438977042,0.9845986770336319,0.4762432823868159,0.9993718448762237,0.5835179659385932,0.6079630707004193,0.8022278398026612,0.594329999429914,0.9136463571360584,0.40131027180107326,0.8451155112420421,0.7717077782037416,0.7125841942671096,0.6674297950171806,0.8022278398026612,0.27080208816161744,0.31799171800292836,0.9023470583855153,0.20316949168569953,0.30023542408161963,0.22784925633683661,0.853945361797172,0.3890904817411194,0.8839490276777155,0.9056179170836024,0.36515894236482505,0.749175627816929,0.4023088471352678,0.8907614131129444,0.7952994429239268,0.8306404201087898,0.9615988400138036,0.8142858472151158,0.23657586623961924,0.8556063329356038,0.3368078498669149,0.7431708752992898,0.7958167654209827,0.3052326398555719,0.47329851133783274,0.5955236659857885,0.28512054439681345,0.21338883759276284,0.8022278398026612,0.2847399378562554,0.4815775369830497,0.6982490754523112,0.8022278398026612,0.39707582048694023,0.9309219169575449,0.8373021566360079,0.9567327957984202,0.8234248743448613,0.5066158612256855,0.8068780154057471,0.9225652787117218,0.9989098079846288,0.9921935862254709,0.8183613504774261,0.3089192776500709,0.8022278398026612,0.8010109690607089,0.8022278398026612,0.8713002539551251,0.6315924603530265,0.4601979604411398,0.8532920118076435,0.7715462573338336,0.7462121212121202,0.6214061382058046,0.7378838199067892,0.8022278398026612,0.6225717483206146,0.45799507585735566,0.6699418786554374,0.8910464000729719,0.6885444555819695,0.8225734700092839,0.7079822296372045,0.8151603105564684,0.8990075344183093,0.5212145783329366,0.39701403959341786,0.8990075344183093,0.6982490754523114,0.8225734700092839,0.5537923365189843,0.8990075344183093,0.8532920118076435,0.9522322463593524,0.8103158901326049,0.6292083580734249,0.7958167654209829,0.8954515667320708,0.7664404416746766,0.640337705671146,0.670046019335357,0.7434624060060925,0.583883012312377,0.8839612130916329,0.790061600720839,0.9998551932954738,0.7791059722972323,0.6982490754523112,0.6666961835095235,0.6163031238236667,0.9666492365639795,0.6430148079323514,0.8358396286217766,0.867407001128625,0.8155856001785138,0.685221429523229,0.9034640556201763,0.8637598124150168,0.864328533049648,0.7112548976409974,0.8853172535850602,0.8298015015479603,0.9661389674430922,0.6271973831158046,0.7441182025131536,0.8103542576307946,0.707982229637204,0.9609960945303329,0.8721393656035645,0.7147962403369662,0.8306404201087894,0.6228949211975006,0.6705957834795404,0.7696772976831601,0.5298362750889483,0.7838877374317845,0.9928099013964127,0.8560225025122672,0.9062705345556561,0.6754836127321635,0.8882420183245305,0.8366496555029475,0.9357008225526118,0.8973941197230877,0.823749235692733,0.7658508726886353,0.9941349958860038,0.8786410921926187,0.9918396788293753,0.8339458882570991,0.8458639564984101,0.8381090821523731,0.5927485569740574,0.633680720115887,0.906420669138204,0.9571301628287094,0.5563200626883371,0.8747834418984481,0.8433079947733282,0.8433079947733282,0.46989377544450417,0.9023470583855153,0.6211563493419048,0.9724659055822086,0.4367895606503117,0.7664404416746766,0.8624031815176507,0.4897798913207778,0.916593295513447,0.867407001128625,0.8451155112420421,0.7372970608692759,0.8713002539551251,0.9805850858337266,0.8298015015479603
p239_GAP,0.7444044463437758,0.9394396415413289,0.8882932693469465,0.9199893491338635,0.9475597985845114,0.9610996995613952,0.6954540247876126,0.742840722786176,0.90069623628167,0.9589316626844855,0.9379142777971525,0.9458598726114653,0.9458598726114653,0.9199893491338635,0.9077040005624186,0.5424031201389157,0.9425805352069323,0.9292677720165115,0.9568599156354454,0.9589316626844855,0.8838795614232458,0.9364159486136474,0.9334927596276978,0.9493053971730236,0.93494269483405,0.9292677720165115,0.9425805352069323,0.9137333093884032,0.9589316626844855,0.7666156616807629,0.9225701399051962,0.9529545363721539,0.9409942357230063,0.916205092712921,0.9475597985845114,0.9667798280829099,0.9493053971730236,0.9409942357230057,0.9610996995613954,0.9763068251524243,0.8961308828316217,0.9306566646589698,0.9610996995613954,0.950802817126357,0.9425805352069323,0.8425062304790463,0.9511016704226434,0.8972654241994793,0.9278966962971924,0.8882932693469463,0.9529545363721539,0.8447105394237198,0.9292677720165115,0.16216355622584455,0.9409942357230059,0.9265423524364669,0.9265423524364669,0.03139863267861631,0.7298985716672586,0.9442013463068037,0.903008623582165,0.8541959247310256,0.9292677720165117,0.8961308828316217,0.9548710823073732,0.8187487405659168,0.9529545363721539,0.6359525852723971,0.7623458066664361,0.9568599156354454,0.9187169710212713,0.9278966962971924,0.9475597985845114,0.8210710864618282,0.03139863267861631,0.8827817928509327,0.9364159486136476,0.9379142777971523,0.8175818786954798,0.9610996995613952,0.9379142777971528,0.9829392900173883,0.3350690258836352,0.9292677720165115,0.03139863267861631,0.9149644520716045,0.9364159486136476,0.8259696831286127,0.8905160099774292,0.062008242787560564,0.03139863267861631,0.8882932693469463,0.8256727870749789,0.850191113818277,0.28875333724042895,0.4730096759862199,0.886081569479592,0.883879561423246,0.8140574394939937,0.8128743662973856,0.9265423524364669,0.9511016704226432,0.9475597985845114,0.8534622933489195,0.5945359220183861,0.9568599156354449,0.9041731885624824,0.8182787338913602,0.9349426948340502,0.8233788637195052,0.9042833811001103,0.9306566646589698,0.8284969009147187,0.9065205555971321,0.9511016704226434,0.7762855815640268,0.9394396415413289,0.9568599156354451,0.9610996995613954,0.8534622933489195,0.9100921482984174,0.881685977830595,0.9349426948340505,0.9225701399051969,0.9784534179462063,0.7474982699049919,0.9493053971730236,0.6221281312976874,0.9921318846009738,0.9125111785873636,0.8686385996787731,0.9511016704226432,0.9529545363721539,0.961099699561395,0.9425805352069325,0.8696295404751337,0.907995720661511,0.9529545363721539,0.9529545363721537,0.09008077800963976,0.7983153216862559,0.9589316626844855,0.8187487405659168,0.8675560447816315,0.9181361257449088,0.9077040005624186,0.8894031717904964,0.8369591621743946,0.9278966962971924,0.7505486208297516,0.9589316626844853,0.9030086235821644,0.8512827582389366,0.8773193685069614,0.9529545363721539,0.9278966962971922,0.8916319670140287,0.9112976020672161,0.9055736434610706,0.5762802320230619,0.7282232490337206,0.9511016704226434,0.9320645602494202,0.7624534917969603,0.9301255045824539,0.913733309388403,0.887379364622056,0.8961308828316217,0.9238799558250632,0.8402939714046163,0.9199893491338638,0.9458598726114653,0.9265423524364671,0.6679351743368398,0.849098097918449,0.874058087016832,0.9568599156354449,0.626241239715507,0.9174557485535395,0.5721895635481327,0.908894409671068,0.9194335589833611,0.9265423524364669,0.9458598726114653,0.6277740552271271,0.8790792081159238,0.8534622933489195,0.8984043359066818,0.16216355622584455,0.9212735133449719,0.9442013463068035,0.9006962362816697,0.8164111026582044,0.7829632068236254,0.9030086235821648,0.03139863267861631,0.9493053971730236,0.9442013463068035,0.5100523171517668,0.8302218952289888,0.8882932693469465,0.9458598726114653,0.03139863267861631,0.8643090749973119,0.7829632068236254,0.9611058687776594,0.03139863267861631,0.7139479314627482,0.9125111785873636,0.9168460830759904,0.6332637536939161,0.9018497344665103,0.9458598726114653,0.03139863267861631,0.6359525852723973,0.03139863267861642,0.8056825578273628,0.8336025791120698,0.8589669349625975,0.03139863267861631,0.6527839128027031,0.03139863267861631,0.6954540247876129,0.9041731885624822,0.913733309388403,0.8718884926994317,0.9511016704226432,0.7637779275925338,0.09008077800963876,0.9334927596276978,0.9364159486136474,0.9415490144516763,0.7749639526724739,0.9162050927129202,0.9529545363721539,0.4787658847550451,0.8871861256568152,0.8995478568587887,0.8938740030413763,0.9125111785873636,0.9125111785873636,0.9425805352069325,0.881685977830595,0.9442013463068033,0.03139863267861631,0.8995478568587887,0.03139863267861631,0.7248314800141329,0.9540589546097205,0.9529545363721539,0.9252037445446057,0.7637779275925338,0.9493053971730236,0.9112976020672166,0.9349426948340498,0.8894031717904967,0.9379142777971528,0.8567235831170401,0.9511016704226434,0.8675560447816315,0.8675560447816315,0.8391846440543809,0.062008242787560564,0.9719050365344921,0.8517996688283256,0.9610996995613954,0.8279535638583029,0.8279535638583029,0.2692511698375556,0.8664736771305535,0.9030548171550652,0.9529545363721539,0.8436093353026792,0.790750249185658,0.7981856244137907,0.9568599156354449,0.8517996688283258,0.9112976020672157,0.9320645602494202,0.8984043359066816,0.9568599156354449,0.8767155864943414,0.8080982554965415,0.9548710823073732,0.9315076677030101,0.9199893491338635,0.9511016704226432,0.9162050927129206,0.800791910286496,0.9442013463068037,0.9511016704226434,0.9808926695348984,0.8195726318328564,0.9568599156354451,0.7920258334641643,0.6686761625805101,0.8816859778305952,0.868447911134095,0.9568599156354454,0.9475597985845114,0.9278966962971924,0.9442013463068033,0.9765837058865926,0.7958167654209827,0.8950004825334388,0.9511016704226432,0.9278966962971924,0.9137333093884035,0.7160993340227442,0.9065205555971318,0.8805919691825626,0.6746336145137789,0.813050805815297,0.7098574690332745,0.9006096463746007,0.9589316626844853,0.90069623628167,0.9589316626844853,0.9162050927129202,0.9125111785873636,0.9065205555971321,0.9511016704226432,0.03139863267861631,0.9529545363721537,0.8995478568587887,0.9292677720165115,0.9568599156354449,0.971905036534492,0.9458598726114653,0.03139863267861631,0.93494269483405,0.9568599156354454,0.9547434413197933,0.9077040005624186,0.8175818786954796,0.9320645602494202,0.9529545363721539,0.8279535638583029,0.8233788637195052,0.9349426948340502,0.9409942357230066,0.8358428353123903,0.9808926695348984,0.916205092712921,0.8056825578273625,0.9394396415413284,0.9476386094693983,0.9610996995613952,0.7853897569350805,0.9162050927129202,0.7708083464141857,0.9425805352069327,0.0,0.9187169710212713,0.8816859778305952,0.800791910286496,0.8297542008516978,0.8128743662973856,0.03139863267861631,0.879079208115924,0.9149644520716045,0.9174557485535395,0.9149644520716045,0.9589316626844853,0.8402939714046165,0.03139863267861631,0.03139863267861631,0.9278966962971924,0.9006962362816697,0.8545503661181639,0.03139863267861642,0.9611058687776595,0.9475597985845114,0.9644994759182183,0.8938740030413763,0.8104036875498974,0.9475597985845114,0.9212735133449717,0.9364159486136476,0.8268147748355974,0.976122021280873,0.03139863267861631,0.8773193685069602,0.913733309388403,0.7967943813008358,0.9813880287156102,0.9212735133449719,0.8819908918248773,0.9511016704226434,0.7894685038194522,0.03139863267861631,0.8182787338913602,0.9292677720165115,0.8545503661181646,0.8529987839804387,0.9493053971730236,0.8256727870749789,0.9409942357230059,0.03139863267861631,0.8927512325175624,0.7315605337936808,0.03139863267861631,0.9663573664294258,0.7881804803953936,0.8369591621743948,0.8092990476011352,0.7958167654209827,0.03139863267861631,0.7623458066664348,0.8512827582389364,0.971905036534492,0.6761645354519015,0.744017076280163,0.9041731885624824,0.9053437280773233,0.8927512325175624,0.9511016704226434,0.8950004825334388,0.8827817928509321,0.9334927596276978,0.8480036211373803,0.9018303117723403,0.8664736771305535,0.23774878152121726,0.9529545363721537,0.9292677720165115,0.03139863267861631,0.9667798280829097,0.898404335906682,0.8068927917851012,0.9379142777971528,0.9252037445446057,0.09008077800964032,0.7396785942680699,0.9493053971730236,0.09008077800964032,0.9379142777971528,0.9475597985845114,0.9394396415413291,0.8751441387186416,0.9006962362816697,0.9568599156354451,0.8708107869705988,0.9589316626844853,0.9394396415413291,0.9334927596276981,0.7945589785686391,0.9364159486136479,0.9589316626844853,0.7932953720006315,0.913733309388403,0.5153369266827186,0.2692511698375556,0.9364159486136474,0.8995478568587887,0.9511016704226434,0.9162050927129206,0.9329016612088765,0.8729729119280698,0.9320645602494202,0.8961308828316217,0.9928618019927209,0.9225701399051962,0.7014171310265381,0.7652011593459793,0.9018497344665102,0.9985778460732369,0.8080982554965415,0.8871861256568152,0.9199893491338638,0.9320645602494204,0.23774878152121848,0.8116870067162374,0.9928618019927209,0.8767155864943416,0.9320645602494204,0.9125111785873636,0.7459568930314135,0.9511016704226434,0.8402939714046165,0.7332476280865157,0.9149644520716045,0.8961308828316212,0.9568599156354451,0.7213830792377613,0.8882932693469465,0.9548710823073732,0.9557248896714008,0.9425805352069323,0.9425805352069327,0.9529545363721539,0.9568599156354449,0.9225701399051969,0.8481893891495305,0.9100921482984174,0.9458598726114653,0.9458598726114653,0.7313974068186477,0.9041731885624822,0.11595356527577638,0.8993926091805278,0.03139863267861631,0.9548710823073729,0.03139863267861631,0.03139863267861631,0.8128743662973856,0.23774878152121792,0.9162050927129202,0.03139863267861631,0.7525915471020095,0.8324784774213028,0.38117662903257044,0.8480036211373803,0.8773193685069605,0.7995563084478075,0.9386080538027393,0.46103561660773174,0.83472400300589,0.9409942357230059,0.9168460830759904,0.45933786842754687,0.9149644520716045,0.763777927592534,0.6661152121246717,0.9225701399051967,0.9409942357230057,0.9442013463068035,0.8050379729179937,0.9548710823073729,0.8927512325175624,0.9511016704226434,0.8972654241994793,0.9364159486136474,0.980662425002937,0.9334927596276978,0.8436093353026795,0.9212735133449719,0.903008623582165,0.9334927596276978,0.7350447636400568,0.9511016704226434,0.20235352416864938,0.9493053971730236,0.9112976020672166,0.8523731211903476,0.83472400300589,0.48335140169781754,0.8523731211903476,0.5866865150344243,0.7721894714790691,0.8860815694795923,0.9458598726114653,0.7694191025912624,0.9238799558250632,0.9610996995613952,0.7995563084478073,0.8708107869705988,0.7995502483019271,0.7970688433398969,0.9364159486136476,0.9430441133000045,0.8784088021185175,0.03139863267861631,0.9529545363721537,0.9137333093884037,0.9475597985845114,0.8567235831170401,0.9364159486136479,0.9442013463068035,0.9238799558250632,0.8256727870749789,0.9334927596276981,0.8259696831286127,0.9589316626844857,0.7868860602652392,0.9928618019927207,0.8621439532920854,0.09008077800964032,0.9409942357230057,0.7051012987580605,0.9125111785873636,0.9320645602494202,0.8009469027438033,0.8762311904614675,0.7231144968593352,0.8588935204002319,0.9162050927129202,0.717957010428276,0.8567235831170401,0.9225701399051969,0.9589316626844855,0.9349426948340502,0.9493053971730236,0.8336025791120698,0.9371605937136991,0.5457744538628025,0.062008242787560564,0.816979725783827,0.8358428353123903,0.9610996995613952,0.8751441387186418,0.9511016704226434,0.9149644520716045,0.9137333093884032,0.9306566646589698,0.8984043359066818,0.9225701399051967,0.9877220281917205,0.484377369583854,0.9379142777971521,0.9921318846009739,0.9765837058865925,0.9610996995613954,0.03139863267861631,0.9591402541866405,0.8610609420833555,0.800791910286496,0.9174557485535395,0.03139863267861642,0.8794996237395185,0.8469812896824729,0.9030086235821648,0.3678486223164621,0.9006962362816697,0.8882932693469463,0.8773193685069605,0.8063886684717994,0.9252037445446057,0.9030086235821644,0.6785985670091003,0.8871861256568154,0.9548710823073729,0.8995478568587885,0.9265423524364669,0.9511016704226434,0.9125111785873636,0.9610996995613954,0.9252037445446055,0.9442013463068035,0.9610996995613952,0.9394396415413286,0.9265423524364669,0.9475597985845114,0.6679351743368396,0.8805919691825623,0.9568599156354454,0.9475597985845114,0.9364159486136474,0.7735626237779674,0.7958167654209827,0.0,0.9529545363721539,0.05711194655594465,0.0,0.062008242787560564,0.35389716223383694,0.03139863267861631,0.9425805352069325,0.4350210908996335,0.03139863267861631,0.9320645602494202,0.5549592725490636,0.9568599156354449,0.9511016704226434,0.9548710823073732,0.9493053971730236,0.062008242787560564,0.7894685038194518,0.8534622933489195,0.9334927596276978,0.8358428353123903,0.03139863267861631,0.9041731885624826,0.9511016704226434,0.9320645602494202,0.814365886541907,0.9053437280773231,0.9568599156354451,0.9493053971730236,0.9349426948340505,0.9125111785873636,0.6428226383045876,0.9475597985845114,0.42272440505492737,0.9187169710212713,0.9225701399051969,0.6746336145137792,0.937914277797153,0.9568599156354454,0.9278966962971924,0.9511016704226434,0.9041731885624826,0.8660830247325573,0.03139863267861631,0.9475597985845114,0.8784088021185172,0.9589316626844855,0.8613434560644826,0.9425805352069325,0.9379142777971525,0.8187487405659168,0.09008077800964032,0.7764813487173796,0.8050379729179937,0.03139863267861631,0.03139863267861631,0.43076416340614276,0.6894338727722298,0.8995478568587885,0.7995563084478075,0.8402939714046165,0.8092990476011352,0.83472400300589,0.8208615411657367,0.9306566646589698,0.8347439839067272,0.03139863267861631,0.8972654241994793,0.9529545363721537,0.9610996995613954,0.8256727870749789,0.9568599156354449,0.8256727870749789,0.03139863267861631,0.03139863267861631,0.7666156616807631,0.9886251033694342,0.7749279467915409,0.9364159486136474,0.8826297756089203,0.8961308828316217,0.6989699092582711,0.8961308828316215,0.8290892416048379,0.875534398959098,0.03139863267861642,0.9125111785873636,0.8116870067162374,0.9848910203339205,0.9568599156354451,0.5381252733230745,0.726534306879894,0.45334225692590724,0.9149644520716045,0.9493053971730236,0.8850018707449121,0.03139863267861631,0.8493950799487413,0.9149644520716045,0.8961308828316217,0.8686385996787727,0.8610609420833555,0.9394396415413291,0.9018497344665102,0.8490980979184486,0.9548710823073732,0.8643090749973119,0.8578089143655878,0.9425805352069323,0.9589316626844853,0.9644994759182184,0.2345762471786782,0.8068927917851012,0.9529545363721539,0.062008242787560564,0.8718884926994317,0.9742178060512308,0.9125111785873636,0.918716971021271,0.9610996995613952,0.9540589546097205,0.9610996995613954,0.961099699561395,0.8995478568587885,0.3875452758336596,0.8927512325175624,0.9475597985845114,0.9589316626844855,0.9364159486136474,0.9364159486136479,0.8268147748355974,0.9409942357230066,0.9458598726114653,0.9742178060512305,0.5410259398661625,0.9493053971730236,0.760904633802822,0.4057772344611492,0.7313974068186475,0.7640553624047928,0.03139863267861631,0.8882932693469463,0.9886251033694343,0.7779891015560232,0.9589316626844855,0.9306566646589698,0.9320645602494204,0.8512827582389368,0.03139863267861631,0.7592148952360376,0.7995563084478072,0.9320645602494204,0.7995563084478075,0.8210710864618282,0.8068927917851012,0.9529545363721537,0.7332476280865157,0.66100135439659,0.7995563084478075,0.7348453828730819,0.9334927596276981,0.6948435845294496,0.9610996995613952,0.9852901633058906,0.9475597985845114,0.8950004825334388,0.9278966962971924,0.8336025791120698,0.49864835346264214,0.832256750977852,0.9475597985845114,0.0,0.8369591621743946,0.8567235831170401,0.4951911461602493,0.7694191025912624,0.7718994506532364,0.03139863267861631,0.9989227118453173,0.8897634772723566,0.9199893491338635,0.03139863267861631,0.83472400300589,0.9409942357230059,0.9568599156354449,0.23774878152121803,0.062008242787560564,0.923321670670995,0.9292677720165116,0.8938740030413763,0.9742178060512308,0.9053437280773231,0.9334927596276981,0.8068927917851014,0.03139863267861631,0.9252037445446057,0.03139863267861631,0.9568599156354451,0.8565847204007369,0.8805919691825623,0.9610996995613954,0.9238799558250632,0.8234248743448616,0.9018497344665102,0.9199893491338635,0.03139863267861631,0.8268147748355974,0.8433414573926268,0.8458099300236446,0.9225701399051967,0.4227244050549279,0.9529545363721539,0.34646989741729717,0.9212735133449719,0.37240982580062965,0.8894031717904964,0.7881804803953933,0.37240982580062965,0.9199893491338638,0.9529545363721539,0.8816859778305952,0.37240982580062965,0.9610996995613954,0.9292677720165115,0.9493053971730236,0.881685977830595,0.9458598726114653,0.9212735133449719,0.9320645602494202,0.8882932693469465,0.9125111785873639,0.9334927596276978,0.9112976020672159,0.9278966962971924,0.9458598726114653,0.9364159486136476,0.7213830792377611,0.9199893491338638,0.898404335906682,0.8279535638583029,0.44605852297328985,0.9053437280773233,0.9278966962971924,0.9493053971730236,0.9511016704226434,0.8984043359066818,0.8905160099774292,0.9252037445446057,0.9252037445446057,0.8972654241994793,0.9529545363721539,0.9548710823073729,0.5844279205856774,0.9238799558250634,0.8621439532920854,0.9149644520716045,0.9225701399051969,0.6438064656956815,0.9349426948340505,0.9212735133449719,0.9475597985845114,0.831351611615835,0.8740580870168317,0.9100921482984172,0.8972654241994793,0.6513599365493299,0.9548710823073732,0.9162050927129204,0.5773984044890321,0.9292677720165115,0.9425805352069325,0.9238799558250632,0.8961308828316215,0.5912223604371347,0.7520579877837947,0.9379142777971525,0.6633398155904807,0.9458598726114653,0.8794996237395185,0.705101298758061,0.9511016704226434,0.9493053971730236,0.8827817928509323,0.9252037445446051,0.9511016704226434,0.8950004825334388,0.858893520400233,0.6993688578599878,0.9442013463068033,0.9442013463068035,0.8268147748355972,0.9320645602494202,0.8995478568587887,0.9511016704226434,0.8545503661181646,0.9320645602494202,0.9548710823073729,0.8894031717904964,0.9306566646589698,0.9493053971730236,0.9589316626844855,0.8816859778305952,0.9568599156354451,0.7106749817367277,0.9548710823073729
p239_QSVM,0.9966019297918831,0.9473756291574582,0.9376160975337484,0.9177914171276885,0.9544316996038,0.9381728330554158,0.9932793574662238,0.9641103244473253,0.95678955450748,0.9643133649175286,0.9460501530640815,0.9529545363721539,0.9529545363721539,0.9810522968844486,0.898685891142851,0.9873232206481497,0.9501049319099923,0.9385367079941818,0.9625131050152524,0.9643133649175286,0.9451968179441582,0.9447481688519044,0.9400741852851485,0.9692769377093197,0.943467974097185,0.9385367079941818,0.9501049319099923,0.9250379219402804,0.9643133649175286,0.9838360613046024,0.9634568834621733,0.9591194968553458,0.9487265052554268,0.9759742607288062,0.9544316996038,0.9625131050152524,0.9559485503920393,0.9487265052554266,0.9661972965770262,0.9373453016197315,0.9231230454306082,0.9397435965156078,0.9661972965770262,0.9218739081138496,0.7155779114545315,0.9636604442148959,0.9652137684610215,0.9107280314569581,0.9373453016197317,0.9029316112204655,0.9608127721335267,0.8654671347016268,0.9385367079941815,0.9473756291574582,0.9859983918197512,0.7929565888833757,0.9361684345174046,0.9544316996038003,0.8596511358036816,0.9113150120108421,0.9157186269856048,0.9781637420605055,0.9385367079941818,0.8395556498231578,0.9607848936032954,0.8425003792101688,0.8807450411223986,0.8707710541962026,0.9887203623021902,0.8639461643560565,0.9293685115305119,0.7325957302550347,0.973053360823401,0.8767037709308811,0.9544316996038003,0.8696082042498425,0.7494264781377338,0.9915113877198729,0.8414864259682346,0.9661972965770262,0.9460501530640815,0.8856017264847292,0.933854925314779,0.9385367079941818,0.9544316996038003,0.9261077324693099,0.7494264781377339,0.9190179585155582,0.9336480955028664,0.9529545363721539,0.9544316996038003,0.9427946840319121,0.9781637420605056,0.9723334018549192,0.933854925314779,0.9629940985099354,0.980844432528298,0.8284166467393281,0.9022064377259249,0.93293779373488,0.9903434298372484,0.9652137684610215,0.9544316996038,0.8726649773302662,0.899862673688478,0.9625131050152524,0.9167305843279034,0.9120151207653253,0.9434679740971852,0.8788191408694404,0.9640784502264073,0.9397435965156078,0.858378640159124,0.9187703462526826,0.957509435301382,0.8367317645429639,0.8612104505251645,0.9625131050152524,0.9661972965770262,0.8726649773302662,0.9218739081138494,0.9741812383843047,0.943467974097185,0.9327167510955896,0.8937900805723638,0.9366370005594447,0.8945024258106785,0.9800040497391678,0.9529545363721539,0.9711878805915029,0.8858525408230953,0.957509435301382,0.800677310111271,0.9661972965770262,0.9830316367629125,0.9054337506773731,0.9965038179707651,0.9591194968553458,0.9591194968553458,0.9515133476881705,0.8924353423190239,0.9643133649175286,0.9066633016488572,0.8980273058083952,0.9841235416791017,0.9197987094973856,0.9841240669083755,0.8583244595873938,0.9373453016197317,0.8144187923946176,0.8539593087394248,0.9157186269856046,0.905045718507947,0.880411909158467,0.9608127721335266,0.9373453016197317,0.9058327972212654,0.9368971868932461,0.9404815542410545,0.9356856974167591,0.9843065652291844,0.57882978727304,0.9434121517267975,0.8539453617971724,0.9274444548808167,0.9250379219402804,0.9800040497391678,0.951525861158216,0.6451062339004481,0.9278919760223632,0.930474153890517,0.9529545363721539,0.7929565888833761,0.9431098218103224,0.9710778825508661,0.923673901720948,0.9625131050152524,0.9199989838706863,0.9776317763878946,0.8981423730059306,0.9666447254421402,0.9041918871005591,0.7929565888833757,0.9529545363721539,0.9187719869627349,0.9370094808581142,0.8726649773302662,0.9117176971980814,0.9473756291574582,0.8634896230757456,0.9515133476881705,0.9998698480557453,0.9676300054188415,0.9049485083889184,0.9966922538063424,0.9544316996038003,0.9559485503920393,0.9515133476881705,0.9107280314569581,0.9515470236107724,0.9029316112204655,0.9061219481453391,0.9544316996038003,0.9034695872910271,0.8737670973648668,0.9643133649175286,0.9544316996038003,0.9806366198198687,0.9711878805915029,0.8981423730059306,0.8717185331373515,0.7812680616619969,0.9529545363721539,0.9544316996038003,0.99213028855682,0.9544316996038001,0.8311464231994985,0.9473668255002388,0.9515470236107724,0.9544316996038003,0.9451689995479284,0.9544316996038003,0.9422414344560963,0.7740783321588789,0.9795295863759996,0.8904559550248031,0.957509435301382,0.919171452966161,0.9515133476881705,0.9422080421889416,0.9940867605460231,0.9966922538063423,0.8761027064510567,0.7312949528135808,0.9608127721335264,0.9933095589619413,0.9415886943343517,0.8735864340900966,0.9274444548808167,0.9239759423528267,0.9239759423528267,0.9501049319099923,0.9488276796806041,0.9799008321613357,0.9544316996038003,0.9554518077232719,0.9544316996038003,0.950157679325002,0.9711878805915029,0.9591194968553458,0.9350052413014638,0.8569522690866245,0.9692769377093197,0.9229213960709448,0.943467974097185,0.9356479353308964,0.6793190916396445,0.87549889916545,0.9575094353013822,0.9934422704699934,0.8980273058083951,0.8602583085066604,0.9529545363721539,0.9607848936032957,0.8305224216507392,0.9661972965770262,0.915567799113032,0.8504989784061951,0.9397435965156078,0.9920543208470207,0.9656782917133889,0.9608127721335267,0.8641031766521012,0.9432965332537007,0.8941709953952294,0.9625131050152524,0.8788191408694404,0.9229213960709448,0.9987774230311346,0.9541290792408028,0.9625131050152524,0.9636723648662061,0.9599865928364955,0.9607848936032954,0.8838192602026866,0.9683695601216199,0.957509435301382,0.8776603460423874,0.8268966588916089,0.9515133476881705,0.8106601759858286,0.5015529910354435,0.8363962371582656,0.9625131050152524,0.9444882030126602,0.8698224617128845,0.8718365977455129,0.9932690917828513,0.950716529670402,0.9544316996038003,0.9526350423385237,0.9515133476881705,0.9591194968553458,0.8539453617971724,0.9502440628915496,0.8879369722234247,0.9373453016197317,0.9250379219402804,0.9119211045740192,0.9913065253514577,0.8962395095530546,0.8882786390335262,0.9073127552826399,0.9831253381617966,0.9221821648495908,0.9448229719109482,0.9137092609592148,0.9448229719109483,0.9759742607288062,0.9239759423528267,0.9013833969555977,0.9652137684610215,0.9544316996038003,0.9591194968553456,0.9554518077232719,0.9385367079941818,0.9625131050152524,0.9607848936032954,0.8356601904040855,0.9544316996038003,0.6966839379445116,0.9625131050152524,0.9381728330554158,0.9894435908227328,0.9663231234657788,0.9409669977890665,0.9591194968553458,0.8830333887596136,0.8305224216507393,0.9965573445764311,0.9487265052554268,0.9445378021171832,0.9575094353013822,0.7800834172231833,0.9791798191501645,0.9473756291574582,0.9197987094973856,0.9661972965770262,0.9142277472714189,0.9759742607288062,0.9874997712145344,0.9501049319099923,0.9529545363721539,0.8208556050998246,0.9741812383843047,0.8268966588916089,0.8279657565412284,0.9715202108257165,0.9544316996038003,0.9948537157563817,0.9743490353345139,0.9776317763878946,0.9261077324693099,0.9643133649175286,0.9278919760223632,0.9544316996038003,0.9544316996038003,0.9373453016197315,0.9139695648477242,0.8736104662007036,0.9544316996038001,0.9448229719109482,0.9544316996038003,0.9810522968844485,0.8450571978158093,0.8737670973648668,0.9544316996038,0.9828201226319815,0.8105915487398061,0.9556572734753894,0.9199331495579264,0.9544316996038003,0.8427131871884218,0.9250379219402804,0.9551716263373669,0.8953813603528138,0.9828201226319815,0.990677157903997,0.8106601759858285,0.8170571011959711,0.9544316996038003,0.806452166839298,0.938536707994182,0.9082133906734637,0.7642453775889375,0.9559485503920393,0.8921895964511959,0.9859983918197511,0.9544316996038003,0.9477170828887946,0.9867086919017329,0.9544316996038003,0.9659497926039275,0.8471812314738494,0.8438269625091804,0.9119211045740193,0.8225734700092839,0.9544316996038003,0.886827635098641,0.9050457185079468,0.7895958714484506,0.9685842704617613,0.880197367483704,0.9167305843279034,0.9177477332861093,0.988628774529005,0.957509435301382,0.9087598936651087,0.9368506101299683,0.9989330715481035,0.8679216237887917,0.9232797185420909,0.899862673688478,0.9422080421889416,0.9591194968553458,0.938536707994182,0.9544316996038003,0.4300943377843268,0.9117176971980814,0.8954942934337513,0.9460501530640815,0.9350052413014638,0.9799008321613357,0.9444882030126602,0.9559485503920393,0.9515133476881705,0.9460501530640815,0.9544316996038,0.8612104505251649,0.8471830113028013,0.9998698480557455,0.9625131050152524,0.8956033810680568,0.9643133649175286,0.9473756291574584,0.9422080421889416,0.8841754163694111,0.8717566193418783,0.9643133649175286,0.9603478724306096,0.9795295863759995,0.977479170345195,0.9397435965156078,0.9447481688519046,0.8308459945434388,0.957509435301382,0.731294952813581,0.9097421633544907,0.8896188734697232,0.9987774230311344,0.9933095589619414,0.9915113877198729,0.9846299338167082,0.9881562591687434,0.9862789464261124,0.9581430783864289,0.9501049319099923,0.9599865928364955,0.9019695505324468,0.9810522968844486,0.9409669977890665,0.940074185285149,0.9728074113075993,0.9915113877198729,0.7265705885140921,0.9409669977890665,0.8871763046924689,0.9978302091488738,0.957509435301382,0.8945571213623102,0.9676300054188415,0.8809270560698744,0.951525861158216,0.9625131050152524,0.9259833020246668,0.9029316112204655,0.9607848936032954,0.8840970946922797,0.9501049319099923,0.9830316367629125,0.9608127721335266,0.9507165296704019,0.9846299338167082,0.8030296776830927,0.9856046735880616,0.9765837058865926,0.8356601904040855,0.8735181677292323,0.9065887965216866,0.9501049319099923,0.8980273058083952,0.9544316996038003,0.9607848936032957,0.9544316996038003,0.9544316996038003,0.8373957982954765,0.9422080421889418,0.9264488104519895,0.9544316996038003,0.8605749232360953,0.8872310446341196,0.9711878805915029,0.9698282497233137,0.7673157432483314,0.8281985467386976,0.9998698480557453,0.9127113681766141,0.8563822015167815,0.9487265052554266,0.8308999671258044,0.9560086947472867,0.9774096618002821,0.9563901792747659,0.9735950471314356,0.9327167510955896,0.9487265052554266,0.9515133476881705,0.962465030742511,0.9607848936032954,0.9068053912485843,0.957509435301382,0.9528206548013267,0.9940867605460231,0.832964442762639,0.7046386402333293,0.8641031766521015,0.9828201226319815,0.9157186269856048,0.9422080421889416,0.9282725629505153,0.9652137684610215,0.9940867605460231,0.9559485503920393,0.9229213960709448,0.9404815542410545,0.9459567120052752,0.9608127721335267,0.9563739141033907,0.9501049319099926,0.9576073616523981,0.9010097382828826,0.906121948145339,0.7996350258936396,0.6977360889985447,0.9381728330554157,0.8281985467386976,0.9290224147880501,0.9127113681766141,0.9565556505345046,0.9940867605460231,0.960900739115506,0.8943424304056795,0.9544316996038003,0.9591194968553458,0.9250379219402804,0.973053360823401,0.9154907996871147,0.9940867605460232,0.8427291918603487,0.933854925314779,0.9570129271953451,0.9422080421889416,0.8247446089328494,0.9643133649175288,0.8416996066004406,0.9915113877198729,0.8802089698693756,0.9799008321613357,0.9487265052554266,0.8404690714821108,0.9711878805915029,0.9409669977890665,0.8233538626834318,0.9299622870581818,0.980442764005363,0.8773844821970243,0.7312949528135809,0.8485170805722071,0.9451689995479284,0.9327167510955896,0.9448229719109482,0.943467974097185,0.9559485503920393,0.8487541042204979,0.9127113681766141,0.9038960691476479,0.9529545363721539,0.9328485281106533,0.9115198389891033,0.9381728330554158,0.8915055770282616,0.957509435301382,0.9743490353345139,0.8840970946922799,0.9466104231235156,0.9965404612835242,0.9327167510955896,0.9365826632500472,0.9917282321179908,0.9460501530640812,0.9765837058865926,0.9591194968553458,0.9661972965770262,0.9544316996038003,0.8288718816327854,0.9087303596674039,0.8898606214266389,0.9282725629505153,0.9544316996038001,0.9714637322658979,0.9008479310350782,0.9157186269856046,0.9810522968844486,0.95678955450748,0.8977530247223017,0.8933957590212616,0.8390887443169377,0.7980807992789893,0.9091031345982893,0.8997921725028668,0.9415886943343517,0.9607848936032957,0.9127113681766141,0.9361684345174044,0.656106583510636,0.9816001811698213,0.9661972965770262,0.9350052413014638,0.9799008321613357,0.9381728330554158,0.6697965302077881,0.9361684345174044,0.9544316996038,0.8107326760754665,0.7974530448465984,0.9625131050152524,0.9544316996038003,0.9447481688519046,0.792236315343472,0.8225734700092842,0.9529545363721539,0.0,0.9501049319099923,0.9529545363721539,0.9529545363721539,0.9752372748615916,0.9544316996038003,0.9161682054358172,0.9065887965216863,0.9544316996038003,0.9409669977890665,0.9415886943343517,0.950716529670402,0.957509435301382,0.9607848936032957,0.9559485503920393,0.9529545363721539,0.9953721207839972,0.9071558877260779,0.9422080421889416,0.8573544191143383,0.9544316996038003,0.9167305843279034,0.957509435301382,0.7699808760005927,0.9978302091488739,0.9177477332861093,0.9625131050152524,0.8945024258106785,0.9434679740971852,0.9711878805915029,0.9434679740971852,0.900538421250602,0.9239759423528267,0.8708107817737571,0.9327167510955896,0.8554077319402793,0.6793190916396452,0.8639461643560564,0.9373453016197317,0.9575094353013822,0.9167305843279034,0.8583244595873938,0.9544316996038003,0.9544316996038,0.8404261624978521,0.9643133649175286,0.8831681912334156,0.9501049319099923,0.9460501530640812,0.9708262240875449,0.9799008321613357,0.9685221171965841,0.9752589049756402,0.9544316996038003,0.9544316996038003,0.8901700478813095,0.9894245925674199,0.9981922472699298,0.8596511358036818,0.8612222667022575,0.9436448416643345,0.8141826543533129,0.8830309554277653,0.996566586696046,0.9904386361787514,0.9544316996038003,0.9949132781456955,0.9591194968553458,0.9661972965770262,0.9570129271953453,0.9625131050152524,0.8809287459442816,0.9544316996038003,0.9544316996038003,0.9527298769547388,0.9544316996038003,0.9600381442889538,0.9329216899439506,0.9907554246552424,0.8395556498231578,0.9048463830468081,0.9231230454306081,0.8514858339733076,0.9673457181272069,0.9544316996038001,0.9239759423528267,0.836364033416402,0.9692769377093197,0.8639461643560564,0.9083164413738802,0.8569078760827151,0.9197987094973856,0.9261077324693099,0.9559485503920393,0.7457573645989339,0.9544316996038003,0.8445183988316081,0.9261077324693099,0.9097421633544907,0.9585117888760866,0.7673958522985649,0.9473756291574582,0.9147116017278334,0.902941079165362,0.9607848936032954,0.9392095946810385,0.9113973015744092,0.9830316367629125,0.9643133649175286,0.9177914171276885,0.9385367079941818,0.8954942934337513,0.9591194968553458,0.9529545363721539,0.888676559370384,0.9903434298372482,0.9239759423528267,0.8208556050998246,0.9661972965770262,0.934388242931145,0.9661972965770262,0.9661972965770262,0.9127113681766141,0.9776317763878946,0.9068053912485843,0.9544316996038,0.9448229719109481,0.9447481688519044,0.9447481688519044,0.923185055600066,0.9487265052554268,0.9529545363721539,0.7929565888833756,0.9048630781107274,0.9559485503920393,0.9277057585968915,0.9743490353345139,0.8414864259682344,0.8528279616010342,0.9544316996038003,0.9029316112204657,0.8280234816778034,0.8737670973648668,0.9643133649175286,0.9397435965156078,0.9434121517267977,0.9050457185079468,0.9544316996038003,0.8247446089328494,0.8281985467386976,0.9409669977890662,0.8572755626114625,0.8445183988316081,0.8321980649370849,0.9591194968553456,0.840469071482111,0.9721034599974784,0.9540089029986337,0.989195179263386,0.9422080421889416,0.8089824146348111,0.9661972965770262,0.822356412759239,0.9544316996038003,0.9502440628915496,0.7876055582759066,0.8882786390335262,0.9554518077232721,0.980442764005363,0.9544316996038003,0.9529545363721539,0.9245130324548216,0.8806557494958754,0.988628774529005,0.830742345982385,0.9028718265513223,0.9544316996038003,0.8725938543413643,0.9121449747116105,0.96836956012162,0.9544316996038003,0.9222692303427626,0.9859983918197511,0.9625131050152524,0.9422080421889418,0.9529545363721539,0.8370443491719959,0.9496811510501817,0.9077810309891681,0.8471315842032199,0.9177477332861093,0.9400741852851489,0.8513207925795825,0.9544316996038003,0.8514635911628984,0.9544316996038003,0.9625131050152524,0.8892257387664577,0.8962395095530546,0.9661972965770262,0.933854925314779,0.9578232874754975,0.9581430783864289,0.9810522968844486,0.9544316996038003,0.9881294913507128,0.9689316898662559,0.9313239634362824,0.9327167510955896,0.9711878805915029,0.6405418480890168,0.9327167510955896,0.9315900378678905,0.9250379219402804,0.9038960691476476,0.9966019297918831,0.9250379219402804,0.6649007021580307,0.9591194968553458,0.8718365977455129,0.9250379219402804,0.9661972965770262,0.9385367079941818,0.9692769377093198,0.8971901564492135,0.9765837058865926,0.9315900378678905,0.9409669977890665,0.9029316112204655,0.8399643664537927,0.9989330715481036,0.9229213960709448,0.9526350423385238,0.9765837058865926,0.9447481688519046,0.9575955949663899,0.930474153890517,0.9541290792408028,0.8504989784061951,0.9666447254421402,0.9040165856513842,0.9923551296406039,0.9559485503920393,0.957509435301382,0.9965404612835242,0.974020302099468,0.9350052413014638,0.9582291749307174,0.9528206548013269,0.9591194968553456,0.9607848936032957,0.9962521701586653,0.9338549253147792,0.9424617323970079,0.9261077324693099,0.9846299338167082,0.9698282497233137,0.9365826632500472,0.9315900378678905,0.9544316996038,0.8846995448489818,0.927714695159251,0.9218739081138494,0.9107280314569581,0.9324282734053555,0.9560086947472867,0.8288718816327849,0.962299054571988,0.9385367079941818,0.9501049319099923,0.9608853644890277,0.9933095589619414,0.9572654625627897,0.9349315250183907,0.9460501530640815,0.9600163959638037,0.9529545363721539,0.990449555556732,0.9364195330316347,0.957509435301382,0.9692769377093198,0.8981423730059306,0.9350052413014636,0.8106601759858286,0.8423350909762455,0.9124629060455851,0.939909004675128,0.9799008321613358,0.9799008321613358,0.979398290773964,0.8856017264847292,0.9590673131834124,0.957509435301382,0.908213390673464,0.9409669977890665,0.9607848936032957,0.9440100680280117,0.9466104231235155,0.9559485503920393,0.9643133649175286,0.9356856974167589,0.9625131050152524,0.93293779373488,0.9560086947472868
p240_GAP,0.7289226937146788,0.9357714224531068,0.8815270484708906,0.915143000726456,0.9443834278905732,0.9587434581480645,0.677007281935557,0.7272642534026101,0.8946812791236374,0.9564441004788367,0.9341536654578784,0.9425805352069323,0.9425805352069323,0.9151430007264558,0.9021135127330808,0.5789800515582604,0.9391025641025641,0.9249834296604698,0.9542468650366518,0.9564441004788367,0.8768459965606674,0.9325645805415601,0.9294643302252339,0.9913221015557613,0.9310020898787328,0.92498342966047,0.9391025641025643,0.9085080245777923,0.9564441004788367,0.7784556062576656,0.9612320790184798,0.9501049319099926,0.9374201804111684,0.9111295270090602,0.9950603702402809,0.9732924283946004,0.946234759638956,0.9374201804111677,0.9587434581480645,0.9694672365613164,0.8898393963217794,0.9264564493231813,0.9587434581480645,0.9432779785053749,0.9949392712550611,0.8329666295530203,0.948139835478085,0.8910426583248505,0.9235293061149328,0.8815270484708906,0.9501049319099926,0.8353044563359762,0.9716572732363806,0.21171091667384734,0.9374201804111677,0.9220929278982624,0.9220929278982624,0.08671734220308558,0.7398037923896821,0.940821549823033,0.8971337307079472,0.8692466107210818,0.92498342966047,0.8898393963217794,0.9521375655065456,0.8345608929679691,0.9501049319099926,0.6425240515063981,0.7479507853922907,0.9732924283946003,0.9137935530290913,0.9235293061149328,0.944383427890573,0.8102331311923985,0.08671734220308558,0.8756817347288384,0.9325645805415597,0.9341536654578779,0.8332818327503073,0.9587434581480645,0.9341536654578784,0.975497037770145,0.37752355475704336,0.9249834296604702,0.08671734220308558,0.9098137391625774,0.9652792462742584,0.8123411346234961,0.8838844233706618,0.1159535652757756,0.08671734220308558,0.9148161375677795,0.8151135627519484,0.8696521422946042,0.33357310608481194,0.5113911022930202,0.912068687526693,0.8768459965606676,0.802794658573921,0.8015399251065851,0.9673337013468153,0.9873274034062992,0.944383427890573,0.8733891874315001,0.5699764394080673,0.9542468650366516,0.8983688348924415,0.830321053190872,0.9310020898787328,0.8126806934976472,0.9563502722233994,0.9264564493231813,0.8150157770573556,0.9008583849785583,0.948139835478085,0.7887311847436809,0.9890537762576723,0.9542468650366516,0.9587434581480645,0.9021920595690764,0.9046463136602703,0.8745195447781486,0.9310020898787328,0.9178801133263086,0.9816688831877091,0.7582669851454551,0.946234759638956,0.5992399444217482,0.9397362273534059,0.9072118677365053,0.8606818700890231,0.948139835478085,0.9501049319099926,0.9587434581480645,0.9391025641025643,0.8584578374109313,0.9611032305582619,0.9501049319099926,0.9501049319099923,0.14277765445410617,0.8123411346234961,0.9564441004788367,0.8077701178076941,0.8595337434443087,0.9743674681836798,0.9021135127330804,0.882704179138202,0.8270835681605351,0.923529306114933,0.7354390287806862,0.9564441004788364,0.8971337307079472,0.8708970510157366,0.8698884442909978,0.9501049319099923,0.923529306114933,0.8850679753655399,0.9449459571559087,0.9268767184442954,0.6111271341267067,0.7117613803955081,0.948139835478085,0.927949622966975,0.7711810729293311,0.9562462491840285,0.9085080245777921,0.8771354040135102,0.9596253481255899,0.9192692664872617,0.8584578374109313,0.9573800935979495,0.9425805352069327,0.9220929278982624,0.6754581503814574,0.8399577749125602,0.8974554437274085,0.9542468650366516,0.6301488336401242,0.9124559366883971,0.6071230312758179,0.9033760264581217,0.9434017467814264,0.9673337013468153,0.9425805352069323,0.6052278492518248,0.9253078981734775,0.8445863152939237,0.8922505553843605,0.21171091667384734,0.9592864686575602,0.940821549823033,0.8946812791236378,0.8319998445807031,0.7698170080916689,0.9337059488987842,0.08671734220308558,0.946234759638956,0.9408215498230332,0.51139110229302,0.8199382162592155,0.8815270484708904,0.9425805352069323,0.08671734220308558,0.8859360759044479,0.7958561640457558,0.9676769377237681,0.08671734220308558,0.6934250323426814,0.9072118677365058,0.9080064368535468,0.6397615797143088,0.8959046461825669,0.9425805352069323,0.08671734220308558,0.6425240515063981,0.08671734220308558,0.8203114788716954,0.8509737027889621,0.8744924042850272,0.08671734220308558,0.6574204612622754,0.08671734220308558,0.7308529579261542,0.9352547073163471,0.9085080245777921,0.8641286133251762,0.9481398354780852,0.8014280134338714,0.14277765445410528,0.9294643302252339,0.9836426671336511,0.9337059488987842,0.784330056128143,0.9111295270090607,0.9501049319099926,0.4820870374439252,0.8803528436582546,0.8934633408766901,0.8874458144092712,0.9072118677365055,0.9072118677365055,0.9391025641025641,0.8745195447781486,0.9408215498230332,0.08671734220308558,0.9291552782955317,0.08671734220308558,0.7345065892937583,0.9466378905596335,0.9501049319099923,0.9652524543463294,0.8014280134338713,0.946234759638956,0.9059247833199466,0.9310020898787328,0.882704179138202,0.9341536654578784,0.8480451455932467,0.948139835478085,0.8595337434443087,0.889744484782798,0.8294438503508303,0.1159535652757756,0.9783779352946236,0.8396501108322616,0.9587434581480645,0.8718705422990425,0.8175324891292577,0.3143103257558931,0.8583858153873953,0.8935823500108064,0.9501049319099923,0.8621901030649131,0.8041983874263043,0.808884273799001,0.9542468650366516,0.8666195281668763,0.9059247833199466,0.9279496229669748,0.9276677015291239,0.9542468650366516,0.8659203535365165,0.8229344304111246,0.9521375655065456,0.9579262138531626,0.9151430007264558,0.948139835478085,0.9111295270090605,0.7887256191380703,0.940821549823033,0.948139835478085,0.9227946422906832,0.831708658105061,0.9542468650366518,0.7794285697266237,0.7023206662323174,0.8745195447781486,0.9127504202483345,0.9542468650366518,0.9443834278905732,0.9235293061149328,0.9408215498230332,0.9830316367629124,0.8096473470754222,0.888640526218321,0.948139835478085,0.9694672365613166,0.9085080245777926,0.725395148994208,0.9008583849785583,0.9053333983232537,0.7098258130543014,0.8247238791315248,0.7163511855213847,0.8910202260104263,0.9564441004788364,0.8946812791236378,0.9564441004788367,0.9111295270090607,0.9072118677365053,0.9008583849785583,0.9873274034062992,0.08671734220308558,0.9501049319099921,0.9291552782955319,0.92498342966047,0.9542468650366516,0.9783779352946236,0.9425805352069325,0.08671734220308558,0.9810860991992141,0.9542468650366518,0.9613973877408789,0.9021135127330808,0.8065325776074822,0.9279496229669748,0.9501049319099923,0.8447015157141502,0.8396501108322618,0.9310020898787328,0.9374201804111684,0.8258996239394496,0.9873274034062991,0.9926146421337168,0.7939124995137423,0.9357714224531066,0.9779039859151863,0.9587434581480645,0.8213247008519975,0.9111295270090607,0.808884273799001,0.9391025641025641,0.05711194655594465,0.9137935530290915,0.9066666273465951,0.7887256191380703,0.8163462215157087,0.8015399251065849,0.08671734220308558,0.8684078159995325,0.9098137391625774,0.9124559366883971,0.9098137391625774,0.9676769377237681,0.8306203710906808,0.08671734220308558,0.08671734220308558,0.9235293061149328,0.8946812791236378,0.8457402940353762,0.08671734220308558,0.9676769377237682,0.944383427890573,0.9573800935979494,0.887445814409271,0.7958561640457555,0.944383427890573,0.9165049484215362,0.9836426671336507,0.8163247221854022,0.9731277155291385,0.08671734220308558,0.9013701145685413,0.9483551875577274,0.7814298036425282,0.95580700472621,0.9165049484215362,0.9030449383728072,0.948139835478085,0.7767163393241141,0.08671734220308558,0.8564437189554401,0.9716572732363804,0.8457402940353766,0.867933530193449,0.9462347596389562,0.842180086736515,0.9374201804111679,0.08671734220308558,0.886255036225464,0.7415429230555954,0.08671734220308558,0.9979320111064159,0.8014411937968222,0.8270835681605351,0.7977480447415815,0.7834491233257193,0.08671734220308558,0.7999148402257721,0.8422747629288032,0.9783779352946236,0.6532216664443502,0.7253951489942079,0.8983688348924412,0.8996102754967266,0.886255036225464,0.948139835478085,0.888640526218321,0.8756817347288375,0.9294643302252339,0.8387970042600204,0.92276857514039,0.8884720125034238,0.28410007582284436,0.9501049319099923,0.9716572732363804,0.08671734220308558,0.9732924283946003,0.8922505553843605,0.8216249321297533,0.9341536654578784,0.9206732387984033,0.08550260472142823,0.750050634867441,0.9462347596389562,0.14277765445410684,0.9341536654578784,0.944383427890573,0.9890537762576723,0.8675814580264316,0.8946812791236378,0.9542468650366518,0.8597023633262981,0.9676769377237683,0.9357714224531068,0.9294643302252339,0.8344707841797641,0.9325645805415597,0.9564441004788364,0.780775005851071,0.9483551875577272,0.5525584368819952,0.3143103257558931,0.9325645805415603,0.9648472157143737,0.9481398354780852,0.9518720845713888,0.9247323722236847,0.8961601193025834,0.927949622966975,0.8898393963217794,0.9862951408967358,0.9178801133263077,0.6800950325573991,0.7509790904695639,0.8959046461825673,0.9492240215924425,0.79647451910913,0.913438231084418,0.915143000726456,0.9762262925984151,0.28410007582284547,0.8002806456228626,0.9615633836644074,0.8942061170670537,0.9762262925984151,0.9466378905596335,0.7305691741022116,0.948139835478085,0.8306203710906808,0.7673657790231347,0.9098137391625776,0.8898393963217794,0.9732924283946004,0.7309058720430983,0.8815270484708904,0.9521375655065456,0.9882023505376625,0.9391025641025641,0.9391025641025641,0.9830316367629123,0.9542468650366516,0.9178801133263084,0.8358371380724523,0.9046463136602703,0.9425805352069325,0.9425805352069323,0.7119808298216674,0.8983688348924415,0.16751012145749278,0.8897444847827971,0.08671734220308558,0.9521375655065456,0.08671734220308558,0.08671734220308558,0.8015399251065851,0.28410007582284513,0.9111295270090607,0.08671734220308558,0.787191432785225,0.8223314825479051,0.4225457442703182,0.8671639322716809,0.9013701145685413,0.8399464011131401,0.9306570238192786,0.49977372300299905,0.8247130225158623,0.9374201804111679,0.9080064368535465,0.4919864409028083,0.9098137391625767,0.7494696517315877,0.6997686276802646,0.9178801133263081,0.9374201804111677,0.9408215498230332,0.8161726337891392,0.9521375655065456,0.8862550362254638,0.948139835478085,0.8910426583248503,0.9325645805415599,0.9739085258807387,0.9294643302252337,0.8341365508598007,0.9165049484215362,0.8971337307079472,0.9294643302252341,0.7577906071962064,0.948139835478085,0.2501860339849922,0.9462347596389562,0.9059247833199466,0.843431170571713,0.8797343497299444,0.5149876174732451,0.843431170571713,0.6142037786774612,0.8103547485231322,0.8791813830875237,0.9985778460732367,0.7554525199820896,0.9192692664872615,0.9587434581480645,0.7874151753009925,0.8876101263905982,0.8210011597725762,0.8109966950136318,0.9325645805415599,0.9352547073163469,0.8710438663027387,0.08671734220308558,0.9501049319099923,0.9085080245777928,0.995060370240281,0.8480451455932467,0.9325645805415594,0.9408215498230332,0.9192692664872615,0.8151135627519484,0.9786165548472288,0.8123411346234959,0.9564441004788369,0.8000539660442736,0.9615633836644073,0.8537938345868608,0.14277765445410684,0.9374201804111677,0.7406568205967241,0.9072118677365053,0.9279496229669748,0.8378044924763254,0.8687343538965773,0.7590835024279785,0.8503465187788168,0.9111295270090605,0.7518220534949879,0.8771354040135102,0.9178801133263084,0.9564441004788367,0.9310020898787328,0.9462347596389562,0.8235236725291661,0.9994608468667846,0.5813176782525822,0.1159535652757756,0.8028226239174445,0.8258996239394494,0.9587434581480645,0.8987553822037084,0.948139835478085,0.9098137391625776,0.9483551875577274,0.926456449323181,0.9630848476738874,0.9178801133263084,0.9810860991992141,0.5224311288855288,0.9341536654578779,0.9985778460732366,0.9830316367629122,0.9587434581480645,0.08671734220308558,0.9926146421337172,0.852645223991177,0.8150157770573556,0.9124559366883973,0.08671734220308558,0.8722007603974484,0.8613516681282443,0.897133730707947,0.4090635133296472,0.8946812791236374,0.8815270484708906,0.8698884442909975,0.8176118607494687,0.9206732387984036,0.897133730707947,0.7122254667141534,0.913438231084418,0.9521375655065456,0.8934633408766899,0.9220929278982624,0.9873274034062991,0.9072118677365055,0.9587434581480645,0.9652524543463294,0.9408215498230332,0.9587434581480645,0.9357714224531068,0.9220929278982624,0.9443834278905732,0.6478215791893458,0.8733592706140667,0.9542468650366518,0.944383427890573,0.9325645805415601,0.7858328438893589,0.8096473470754222,0.05711194655594465,0.9501049319099923,0.0,0.05711194655594465,0.1159535652757756,0.39624699443135647,0.08671734220308558,0.9391025641025641,0.400799589053352,0.08671734220308558,0.927949622966975,0.5571955700969677,0.9542468650366516,0.948139835478085,0.9521375655065456,0.9462347596389562,0.1159535652757756,0.7767163393241143,0.8445863152939237,0.9294643302252339,0.8258996239394496,0.08671734220308558,0.8983688348924415,0.948139835478085,0.9279496229669753,0.8261304582583575,0.8996102754967263,0.9542468650366516,0.9288789627504787,0.9310020898787328,0.9072118677365055,0.6683258355574166,0.944383427890573,0.46197176709344623,0.9137935530290913,0.9612320790184805,0.7098258130543009,0.9341536654578786,0.9542468650366518,0.9694672365613162,0.948139835478085,0.9352547073163471,0.8547201393526467,0.08671734220308558,0.9950603702402808,0.9026854380253435,0.9564441004788367,0.8497223904550515,0.9949392712550607,0.9341536654578784,0.8345608929679691,0.08550260472142823,0.7598777558316079,0.84217556465059,0.08671734220308558,0.08671734220308558,0.46973643530465936,0.7247555295104213,0.9291552782955315,0.8136807882070662,0.8306203710906808,0.7977480447415817,0.8522236861229033,0.8330918573747159,0.926456449323181,0.8480538253549332,0.08671734220308558,0.9261936135826228,0.9501049319099923,0.9587434581480645,0.8151135627519484,0.9542468650366516,0.8151135627519484,0.08671734220308558,0.08671734220308558,0.8044319414786043,0.9950603702402809,0.7872856147178919,0.9325645805415601,0.9008541983177107,0.8898393963217794,0.6781138212702615,0.9247323722236847,0.8187369563429279,0.864676944371358,0.08671734220308558,0.9072118677365053,0.8002806456228626,0.9288789627504785,0.9542468650366516,0.5747983291511086,0.7626016525739874,0.49156270181007655,0.9098137391625776,0.9462347596389562,0.9324295345689766,0.08671734220308558,0.8371106808609119,0.9500993698470401,0.8898393963217794,0.8910202260104263,0.8821518367309957,0.9357714224531068,0.8959046461825675,0.8399577749125604,0.9521375655065456,0.8560901005086945,0.8783868905890562,0.9391025641025643,0.9564441004788367,0.999617186469443,0.28156122954905016,0.7951960389045736,0.9830316367629122,0.1159535652757756,0.8641286133251764,0.9673337013468153,0.9072118677365053,0.9972272780214038,0.9587434581480645,0.9466378905596335,0.9587434581480645,0.9587434581480645,0.8934633408766897,0.4280371510808101,0.920419812096037,0.9443834278905732,0.9564441004788367,0.9325645805415601,0.9325645805415597,0.816324722185402,0.9374201804111684,0.9425805352069323,0.9421847517560786,0.5766874241477837,0.9462347596389562,0.7724081431214274,0.4456161698860196,0.7654793401073174,0.7990397814623895,0.08671734220308558,0.8815270484708906,0.9950603702402809,0.7614781847347725,0.9564441004788367,0.9264564493231813,0.927949622966975,0.8708970510157363,0.08671734220308558,0.7940271515639374,0.8399464011131399,0.9279496229669753,0.7874151753009926,0.8102331311923985,0.7951960389045736,0.9501049319099923,0.7673657790231347,0.6683052351448104,0.7874151753009926,0.7711810729293314,0.9294643302252341,0.7008027211428738,0.9587434581480645,0.978616554847229,0.9950603702402809,0.888640526218321,0.9694672365613162,0.8235236725291661,0.49977372300299905,0.818993954205147,0.944383427890573,0.05711194655594465,0.8547201393526467,0.8480451455932465,0.5329437739747951,0.7814298036425287,0.7811044839911785,0.08671734220308558,0.9766449840166709,0.8796400151030097,0.915143000726456,0.08671734220308558,0.8247130225158623,0.991930496947756,0.9542468650366516,0.23494785120085115,0.1159535652757756,0.889127769095001,0.9716572732363804,0.8874458144092712,0.9874255252046317,0.8996102754967263,0.9294643302252339,0.8480538253549332,0.08671734220308558,0.9652524543463294,0.08671734220308558,0.9542468650366516,0.84470151571415,0.8733592706140669,0.9587434581480645,0.9192692664872615,0.8096473470754222,0.8959046461825668,0.915143000726456,0.08671734220308558,0.816324722185402,0.8573846851353468,0.8364704384437256,0.9178801133263084,0.4225457442703193,0.9501049319099923,0.38848843559893576,0.9165049484215362,0.37424304178337076,0.882704179138202,0.8014411937968222,0.37424304178337076,0.915143000726456,0.9501049319099923,0.8745195447781486,0.37424304178337076,0.9587434581480645,0.9249834296604698,0.9462347596389562,0.8745195447781486,0.9425805352069323,0.9165049484215364,0.927949622966975,0.8815270484708904,0.9072118677365055,0.978616554847229,0.9059247833199469,0.9235293061149328,0.9425805352069325,0.9325645805415601,0.7309058720430981,0.915143000726456,0.8922505553843605,0.8175324891292579,0.4462614147857191,0.8996102754967263,0.9235293061149328,0.946234759638956,0.948139835478085,0.8922505553843605,0.8838844233706618,0.9206732387984036,0.9206732387984036,0.8910426583248505,0.9501049319099923,0.9521375655065456,0.6201944469955285,0.919269266487261,0.883410872990624,0.9500993698470401,0.9178801133263084,0.6789652195417519,0.9310020898787328,0.9165049484215371,0.9950603702402809,0.8484696318017602,0.8664296227710759,0.9046463136602703,0.8910426583248505,0.6865005879377821,0.9521375655065456,0.9111295270090605,0.6132819862515604,0.92498342966047,0.9391025641025643,0.9928298361682764,0.8898393963217794,0.6268836538013856,0.7890971283929664,0.9341536654578784,0.6707167302641438,0.9425805352069323,0.8722007603974484,0.7139478621703134,0.948139835478085,0.946234759638956,0.8756817347288381,0.9206732387984031,0.948139835478085,0.9232833700357417,0.8796400151030097,0.7079927759688762,0.9408215498230332,0.9408215498230332,0.8434418127102157,0.9762262925984149,0.8934633408766901,0.948139835478085,0.8457402940353766,0.9762262925984151,0.9521375655065456,0.882704179138202,0.926456449323181,0.9913221015557613,0.9564441004788367,0.9066666273465949,0.9542468650366516,0.7197454488954544,0.9521375655065456
p243_S,0.7444044463437758,0.9394396415413289,0.8882932693469465,0.9199893491338635,0.9475597985845114,0.9610996995613952,0.6954540247876126,0.742840722786176,0.90069623628167,0.9589316626844855,0.9379142777971525,0.9458598726114653,0.9458598726114653,0.9199893491338635,0.9077040005624186,0.5424031201389157,0.9425805352069323,0.9292677720165115,0.9568599156354454,0.9589316626844855,0.8838795614232458,0.9364159486136474,0.9334927596276978,0.9493053971730236,0.93494269483405,0.9292677720165115,0.9425805352069323,0.9137333093884032,0.9589316626844855,0.7666156616807629,0.9225701399051962,0.9529545363721539,0.9409942357230063,0.916205092712921,0.9475597985845114,0.9667798280829099,0.9493053971730236,0.9409942357230057,0.9610996995613954,0.9763068251524243,0.8961308828316217,0.9306566646589698,0.9610996995613954,0.950802817126357,0.9425805352069323,0.8425062304790463,0.9511016704226434,0.8972654241994793,0.9278966962971924,0.8882932693469463,0.9529545363721539,0.8447105394237198,0.9292677720165115,0.16216355622584455,0.9409942357230059,0.9265423524364669,0.9265423524364669,0.03139863267861631,0.7298985716672586,0.9442013463068037,0.903008623582165,0.8541959247310256,0.9292677720165117,0.8961308828316217,0.9548710823073732,0.8187487405659168,0.9529545363721539,0.6359525852723971,0.7623458066664361,0.9568599156354454,0.9187169710212713,0.9278966962971924,0.9475597985845114,0.8210710864618282,0.03139863267861631,0.8827817928509327,0.9364159486136476,0.9379142777971523,0.8175818786954798,0.9610996995613952,0.9379142777971528,0.9829392900173883,0.3350690258836352,0.9292677720165115,0.03139863267861631,0.9149644520716045,0.9364159486136476,0.8259696831286127,0.8905160099774292,0.062008242787560564,0.03139863267861631,0.8882932693469463,0.8256727870749789,0.850191113818277,0.28875333724042895,0.4730096759862199,0.886081569479592,0.883879561423246,0.8140574394939937,0.8128743662973856,0.9265423524364669,0.9511016704226432,0.9475597985845114,0.8534622933489195,0.5945359220183861,0.9568599156354449,0.9041731885624824,0.8182787338913602,0.9349426948340502,0.8233788637195052,0.9042833811001103,0.9306566646589698,0.8284969009147187,0.9065205555971321,0.9511016704226434,0.7762855815640268,0.9394396415413289,0.9568599156354451,0.9610996995613954,0.8534622933489195,0.9100921482984174,0.881685977830595,0.9349426948340505,0.9225701399051969,0.9784534179462063,0.7474982699049919,0.9493053971730236,0.6221281312976874,0.9921318846009738,0.9125111785873636,0.8686385996787731,0.9511016704226432,0.9529545363721539,0.961099699561395,0.9425805352069325,0.8696295404751337,0.907995720661511,0.9529545363721539,0.9529545363721537,0.09008077800963976,0.7983153216862559,0.9589316626844855,0.8187487405659168,0.8675560447816315,0.9181361257449088,0.9077040005624186,0.8894031717904964,0.8369591621743946,0.9278966962971924,0.7505486208297516,0.9589316626844853,0.9030086235821644,0.8512827582389366,0.8773193685069614,0.9529545363721539,0.9278966962971922,0.8916319670140287,0.9112976020672161,0.9055736434610706,0.5762802320230619,0.7282232490337206,0.9511016704226434,0.9320645602494202,0.7624534917969603,0.9301255045824539,0.913733309388403,0.887379364622056,0.8961308828316217,0.9238799558250632,0.8402939714046163,0.9199893491338638,0.9458598726114653,0.9265423524364671,0.6679351743368398,0.849098097918449,0.874058087016832,0.9568599156354449,0.626241239715507,0.9174557485535395,0.5721895635481327,0.908894409671068,0.9194335589833611,0.9265423524364669,0.9458598726114653,0.6277740552271271,0.8790792081159238,0.8534622933489195,0.8984043359066818,0.16216355622584455,0.9212735133449719,0.9442013463068035,0.9006962362816697,0.8164111026582044,0.7829632068236254,0.9030086235821648,0.03139863267861631,0.9493053971730236,0.9442013463068035,0.5100523171517668,0.8302218952289888,0.8882932693469465,0.9458598726114653,0.03139863267861631,0.8643090749973119,0.7829632068236254,0.9611058687776594,0.03139863267861631,0.7139479314627482,0.9125111785873636,0.9168460830759904,0.6332637536939161,0.9018497344665103,0.9458598726114653,0.03139863267861631,0.6359525852723973,0.03139863267861642,0.8056825578273628,0.8336025791120698,0.8589669349625975,0.03139863267861631,0.6527839128027031,0.03139863267861631,0.6954540247876129,0.9041731885624822,0.913733309388403,0.8718884926994317,0.9511016704226432,0.7637779275925338,0.09008077800963876,0.9334927596276978,0.9364159486136474,0.9415490144516763,0.7749639526724739,0.9162050927129202,0.9529545363721539,0.4787658847550451,0.8871861256568152,0.8995478568587887,0.8938740030413763,0.9125111785873636,0.9125111785873636,0.9425805352069325,0.881685977830595,0.9442013463068033,0.03139863267861631,0.8995478568587887,0.03139863267861631,0.7248314800141329,0.9540589546097205,0.9529545363721539,0.9252037445446057,0.7637779275925338,0.9493053971730236,0.9112976020672166,0.9349426948340498,0.8894031717904967,0.9379142777971528,0.8567235831170401,0.9511016704226434,0.8675560447816315,0.8675560447816315,0.8391846440543809,0.062008242787560564,0.9719050365344921,0.8517996688283256,0.9610996995613954,0.8279535638583029,0.8279535638583029,0.2692511698375556,0.8664736771305535,0.9030548171550652,0.9529545363721539,0.8436093353026792,0.790750249185658,0.7981856244137907,0.9568599156354449,0.8517996688283258,0.9112976020672157,0.9320645602494202,0.8984043359066816,0.9568599156354449,0.8767155864943414,0.8080982554965415,0.9548710823073732,0.9315076677030101,0.9199893491338635,0.9511016704226432,0.9162050927129206,0.800791910286496,0.9442013463068037,0.9511016704226434,0.9808926695348984,0.8195726318328564,0.9568599156354451,0.7920258334641643,0.6686761625805101,0.8816859778305952,0.868447911134095,0.9568599156354454,0.9475597985845114,0.9278966962971924,0.9442013463068033,0.9765837058865926,0.7958167654209827,0.8950004825334388,0.9511016704226432,0.9278966962971924,0.9137333093884035,0.7160993340227442,0.9065205555971318,0.8805919691825626,0.6746336145137789,0.813050805815297,0.7098574690332745,0.9006096463746007,0.9589316626844853,0.90069623628167,0.9589316626844853,0.9162050927129202,0.9125111785873636,0.9065205555971321,0.9511016704226432,0.03139863267861631,0.9529545363721537,0.8995478568587887,0.9292677720165115,0.9568599156354449,0.971905036534492,0.9458598726114653,0.03139863267861631,0.93494269483405,0.9568599156354454,0.9547434413197933,0.9077040005624186,0.8175818786954796,0.9320645602494202,0.9529545363721539,0.8279535638583029,0.8233788637195052,0.9349426948340502,0.9409942357230066,0.8358428353123903,0.9808926695348984,0.916205092712921,0.8056825578273625,0.9394396415413284,0.9476386094693983,0.9610996995613952,0.7853897569350805,0.9162050927129202,0.7708083464141857,0.9425805352069327,0.0,0.9187169710212713,0.8816859778305952,0.800791910286496,0.8297542008516978,0.8128743662973856,0.03139863267861631,0.879079208115924,0.9149644520716045,0.9174557485535395,0.9149644520716045,0.9589316626844853,0.8402939714046165,0.03139863267861631,0.03139863267861631,0.9278966962971924,0.9006962362816697,0.8545503661181639,0.03139863267861642,0.9611058687776595,0.9475597985845114,0.9644994759182183,0.8938740030413763,0.8104036875498974,0.9475597985845114,0.9212735133449717,0.9364159486136476,0.8268147748355974,0.976122021280873,0.03139863267861631,0.8773193685069602,0.913733309388403,0.7967943813008358,0.9813880287156102,0.9212735133449719,0.8819908918248773,0.9511016704226434,0.7894685038194522,0.03139863267861631,0.8182787338913602,0.9292677720165115,0.8545503661181646,0.8529987839804387,0.9493053971730236,0.8256727870749789,0.9409942357230059,0.03139863267861631,0.8927512325175624,0.7315605337936808,0.03139863267861631,0.9663573664294258,0.7881804803953936,0.8369591621743948,0.8092990476011352,0.7958167654209827,0.03139863267861631,0.7623458066664348,0.8512827582389364,0.971905036534492,0.6761645354519015,0.744017076280163,0.9041731885624824,0.9053437280773233,0.8927512325175624,0.9511016704226434,0.8950004825334388,0.8827817928509321,0.9334927596276978,0.8480036211373803,0.9018303117723403,0.8664736771305535,0.23774878152121726,0.9529545363721537,0.9292677720165115,0.03139863267861631,0.9667798280829097,0.898404335906682,0.8068927917851012,0.9379142777971528,0.9252037445446057,0.09008077800964032,0.7396785942680699,0.9493053971730236,0.09008077800964032,0.9379142777971528,0.9475597985845114,0.9394396415413291,0.8751441387186416,0.9006962362816697,0.9568599156354451,0.8708107869705988,0.9589316626844853,0.9394396415413291,0.9334927596276981,0.7945589785686391,0.9364159486136479,0.9589316626844853,0.7932953720006315,0.913733309388403,0.5153369266827186,0.2692511698375556,0.9364159486136474,0.8995478568587887,0.9511016704226434,0.9162050927129206,0.9329016612088765,0.8729729119280698,0.9320645602494202,0.8961308828316217,0.9928618019927209,0.9225701399051962,0.7014171310265381,0.7652011593459793,0.9018497344665102,0.9985778460732369,0.8080982554965415,0.8871861256568152,0.9199893491338638,0.9320645602494204,0.23774878152121848,0.8116870067162374,0.9928618019927209,0.8767155864943416,0.9320645602494204,0.9125111785873636,0.7459568930314135,0.9511016704226434,0.8402939714046165,0.7332476280865157,0.9149644520716045,0.8961308828316212,0.9568599156354451,0.7213830792377613,0.8882932693469465,0.9548710823073732,0.9557248896714008,0.9425805352069323,0.9425805352069327,0.9529545363721539,0.9568599156354449,0.9225701399051969,0.8481893891495305,0.9100921482984174,0.9458598726114653,0.9458598726114653,0.7313974068186477,0.9041731885624822,0.11595356527577638,0.8993926091805278,0.03139863267861631,0.9548710823073729,0.03139863267861631,0.03139863267861631,0.8128743662973856,0.23774878152121792,0.9162050927129202,0.03139863267861631,0.7525915471020095,0.8324784774213028,0.38117662903257044,0.8480036211373803,0.8773193685069605,0.7995563084478075,0.9386080538027393,0.46103561660773174,0.83472400300589,0.9409942357230059,0.9168460830759904,0.45933786842754687,0.9149644520716045,0.763777927592534,0.6661152121246717,0.9225701399051967,0.9409942357230057,0.9442013463068035,0.8050379729179937,0.9548710823073729,0.8927512325175624,0.9511016704226434,0.8972654241994793,0.9364159486136474,0.980662425002937,0.9334927596276978,0.8436093353026795,0.9212735133449719,0.903008623582165,0.9334927596276978,0.7350447636400568,0.9511016704226434,0.20235352416864938,0.9493053971730236,0.9112976020672166,0.8523731211903476,0.83472400300589,0.48335140169781754,0.8523731211903476,0.5866865150344243,0.7721894714790691,0.8860815694795923,0.9458598726114653,0.7694191025912624,0.9238799558250632,0.9610996995613952,0.7995563084478073,0.8708107869705988,0.7995502483019271,0.7970688433398969,0.9364159486136476,0.9430441133000045,0.8784088021185175,0.03139863267861631,0.9529545363721537,0.9137333093884037,0.9475597985845114,0.8567235831170401,0.9364159486136479,0.9442013463068035,0.9238799558250632,0.8256727870749789,0.9334927596276981,0.8259696831286127,0.9589316626844857,0.7868860602652392,0.9928618019927207,0.8621439532920854,0.09008077800964032,0.9409942357230057,0.7051012987580605,0.9125111785873636,0.9320645602494202,0.8009469027438033,0.8762311904614675,0.7231144968593352,0.8588935204002319,0.9162050927129202,0.717957010428276,0.8567235831170401,0.9225701399051969,0.9589316626844855,0.9349426948340502,0.9493053971730236,0.8336025791120698,0.9371605937136991,0.5457744538628025,0.062008242787560564,0.816979725783827,0.8358428353123903,0.9610996995613952,0.8751441387186418,0.9511016704226434,0.9149644520716045,0.9137333093884032,0.9306566646589698,0.8984043359066818,0.9225701399051967,0.9877220281917205,0.484377369583854,0.9379142777971521,0.9921318846009739,0.9765837058865925,0.9610996995613954,0.03139863267861631,0.9591402541866405,0.8610609420833555,0.800791910286496,0.9174557485535395,0.03139863267861642,0.8794996237395185,0.8469812896824729,0.9030086235821648,0.3678486223164621,0.9006962362816697,0.8882932693469463,0.8773193685069605,0.8063886684717994,0.9252037445446057,0.9030086235821644,0.6785985670091003,0.8871861256568154,0.9548710823073729,0.8995478568587885,0.9265423524364669,0.9511016704226434,0.9125111785873636,0.9610996995613954,0.9252037445446055,0.9442013463068035,0.9610996995613952,0.9394396415413286,0.9265423524364669,0.9475597985845114,0.6679351743368396,0.8805919691825623,0.9568599156354454,0.9475597985845114,0.9364159486136474,0.7735626237779674,0.7958167654209827,0.0,0.9529545363721539,0.05711194655594465,0.0,0.062008242787560564,0.35389716223383694,0.03139863267861631,0.9425805352069325,0.4350210908996335,0.03139863267861631,0.9320645602494202,0.5549592725490636,0.9568599156354449,0.9511016704226434,0.9548710823073732,0.9493053971730236,0.062008242787560564,0.7894685038194518,0.8534622933489195,0.9334927596276978,0.8358428353123903,0.03139863267861631,0.9041731885624826,0.9511016704226434,0.9320645602494202,0.814365886541907,0.9053437280773231,0.9568599156354451,0.9493053971730236,0.9349426948340505,0.9125111785873636,0.6428226383045876,0.9475597985845114,0.42272440505492737,0.9187169710212713,0.9225701399051969,0.6746336145137792,0.937914277797153,0.9568599156354454,0.9278966962971924,0.9511016704226434,0.9041731885624826,0.8660830247325573,0.03139863267861631,0.9475597985845114,0.8784088021185172,0.9589316626844855,0.8613434560644826,0.9425805352069325,0.9379142777971525,0.8187487405659168,0.09008077800964032,0.7764813487173796,0.8050379729179937,0.03139863267861631,0.03139863267861631,0.43076416340614276,0.6894338727722298,0.8995478568587885,0.7995563084478075,0.8402939714046165,0.8092990476011352,0.83472400300589,0.8208615411657367,0.9306566646589698,0.8347439839067272,0.03139863267861631,0.8972654241994793,0.9529545363721537,0.9610996995613954,0.8256727870749789,0.9568599156354449,0.8256727870749789,0.03139863267861631,0.03139863267861631,0.7666156616807631,0.9886251033694342,0.7749279467915409,0.9364159486136474,0.8826297756089203,0.8961308828316217,0.6989699092582711,0.8961308828316215,0.8290892416048379,0.875534398959098,0.03139863267861642,0.9125111785873636,0.8116870067162374,0.9848910203339205,0.9568599156354451,0.5381252733230745,0.726534306879894,0.45334225692590724,0.9149644520716045,0.9493053971730236,0.8850018707449121,0.03139863267861631,0.8493950799487413,0.9149644520716045,0.8961308828316217,0.8686385996787727,0.8610609420833555,0.9394396415413291,0.9018497344665102,0.8490980979184486,0.9548710823073732,0.8643090749973119,0.8578089143655878,0.9425805352069323,0.9589316626844853,0.9644994759182184,0.2345762471786782,0.8068927917851012,0.9529545363721539,0.062008242787560564,0.8718884926994317,0.9742178060512308,0.9125111785873636,0.918716971021271,0.9610996995613952,0.9540589546097205,0.9610996995613954,0.961099699561395,0.8995478568587885,0.3875452758336596,0.8927512325175624,0.9475597985845114,0.9589316626844855,0.9364159486136474,0.9364159486136479,0.8268147748355974,0.9409942357230066,0.9458598726114653,0.9742178060512305,0.5410259398661625,0.9493053971730236,0.760904633802822,0.4057772344611492,0.7313974068186475,0.7640553624047928,0.03139863267861631,0.8882932693469463,0.9886251033694343,0.7779891015560232,0.9589316626844855,0.9306566646589698,0.9320645602494204,0.8512827582389368,0.03139863267861631,0.7592148952360376,0.7995563084478072,0.9320645602494204,0.7995563084478075,0.8210710864618282,0.8068927917851012,0.9529545363721537,0.7332476280865157,0.66100135439659,0.7995563084478075,0.7348453828730819,0.9334927596276981,0.6948435845294496,0.9610996995613952,0.9852901633058906,0.9475597985845114,0.8950004825334388,0.9278966962971924,0.8336025791120698,0.49864835346264214,0.832256750977852,0.9475597985845114,0.0,0.8369591621743946,0.8567235831170401,0.4951911461602493,0.7694191025912624,0.7718994506532364,0.03139863267861631,0.9989227118453173,0.8897634772723566,0.9199893491338635,0.03139863267861631,0.83472400300589,0.9409942357230059,0.9568599156354449,0.23774878152121803,0.062008242787560564,0.923321670670995,0.9292677720165116,0.8938740030413763,0.9742178060512308,0.9053437280773231,0.9334927596276981,0.8068927917851014,0.03139863267861631,0.9252037445446057,0.03139863267861631,0.9568599156354451,0.8565847204007369,0.8805919691825623,0.9610996995613954,0.9238799558250632,0.8234248743448616,0.9018497344665102,0.9199893491338635,0.03139863267861631,0.8268147748355974,0.8433414573926268,0.8458099300236446,0.9225701399051967,0.4227244050549279,0.9529545363721539,0.34646989741729717,0.9212735133449719,0.37240982580062965,0.8894031717904964,0.7881804803953933,0.37240982580062965,0.9199893491338638,0.9529545363721539,0.8816859778305952,0.37240982580062965,0.9610996995613954,0.9292677720165115,0.9493053971730236,0.881685977830595,0.9458598726114653,0.9212735133449719,0.9320645602494202,0.8882932693469465,0.9125111785873639,0.9334927596276978,0.9112976020672159,0.9278966962971924,0.9458598726114653,0.9364159486136476,0.7213830792377611,0.9199893491338638,0.898404335906682,0.8279535638583029,0.44605852297328985,0.9053437280773233,0.9278966962971924,0.9493053971730236,0.9511016704226434,0.8984043359066818,0.8905160099774292,0.9252037445446057,0.9252037445446057,0.8972654241994793,0.9529545363721539,0.9548710823073729,0.5844279205856774,0.9238799558250634,0.8621439532920854,0.9149644520716045,0.9225701399051969,0.6438064656956815,0.9349426948340505,0.9212735133449719,0.9475597985845114,0.831351611615835,0.8740580870168317,0.9100921482984172,0.8972654241994793,0.6513599365493299,0.9548710823073732,0.9162050927129204,0.5773984044890321,0.9292677720165115,0.9425805352069325,0.9238799558250632,0.8961308828316215,0.5912223604371347,0.7520579877837947,0.9379142777971525,0.6633398155904807,0.9458598726114653,0.8794996237395185,0.705101298758061,0.9511016704226434,0.9493053971730236,0.8827817928509323,0.9252037445446051,0.9511016704226434,0.8950004825334388,0.858893520400233,0.6993688578599878,0.9442013463068033,0.9442013463068035,0.8268147748355972,0.9320645602494202,0.8995478568587887,0.9511016704226434,0.8545503661181646,0.9320645602494202,0.9548710823073729,0.8894031717904964,0.9306566646589698,0.9493053971730236,0.9589316626844855,0.8816859778305952,0.9568599156354451,0.7106749817367277,0.9548710823073729
p245_V,0.7718994506532365,0.9394396415413289,0.8882932693469465,0.9199893491338635,0.9475597985845114,0.9610996995613952,0.6954540247876126,0.742840722786176,0.90069623628167,0.9589316626844855,0.9379142777971525,0.9458598726114653,0.9458598726114653,0.9199893491338635,0.9077040005624184,0.576280232023062,0.9425805352069325,0.9292677720165115,0.9568599156354454,0.9589316626844855,0.8838795614232458,0.9364159486136474,0.9334927596276978,0.9493053971730236,0.93494269483405,0.9292677720165115,0.9425805352069323,0.9137333093884032,0.9589316626844855,0.7666156616807629,0.922570139905196,0.9529545363721539,0.9409942357230063,0.916205092712921,0.9475597985845114,0.9568599156354454,0.9493053971730236,0.9409942357230057,0.9610996995613954,0.9278966962971924,0.8961308828316217,0.9306566646589698,0.9610996995613954,0.9100921482984174,0.9425805352069323,0.8425062304790463,0.9511016704226434,0.8972654241994793,0.9278966962971924,0.8882932693469463,0.9529545363721539,0.8447105394237198,0.9292677720165115,0.16216355622584455,0.9409942357230059,0.9265423524364669,0.9265423524364669,0.03139863267861631,0.7575776963663723,0.9442013463068037,0.903008623582165,0.8541959247310256,0.9292677720165117,0.8961308828316217,0.9548710823073732,0.8187487405659168,0.9765837058865926,0.6359525852723971,0.7623458066664364,0.9568599156354454,0.9187169710212713,0.9278966962971924,0.9475597985845114,0.8210710864618282,0.03139863267861631,0.882781792850933,0.9902428565647543,0.9379142777971523,0.8175818786954798,0.9610996995613952,0.9379142777971528,0.9320645602494202,0.3350690258836352,0.9292677720165115,0.03139863267861631,0.9149644520716045,0.9364159486136476,0.8259696831286127,0.8905160099774292,0.0,0.03139863267861631,0.8882932693469463,0.8541959247310256,0.850191113818277,0.3350690258836352,0.510052317151767,0.886081569479592,0.8838795614232458,0.8140574394939937,0.8128743662973856,0.9265423524364669,0.9511016704226432,0.9475597985845114,0.8838152225738931,0.5945359220183861,0.9568599156354449,0.9041731885624824,0.7907502491856577,0.9349426948340502,0.8233788637195052,0.8718884926994317,0.9306566646589698,0.8007919102864962,0.9065205555971321,0.9808926695348984,0.7762855815640268,0.9394396415413289,0.9568599156354451,0.9610996995613954,0.8534622933489195,0.9100921482984174,0.881685977830595,0.9349426948340502,0.9225701399051969,0.9292677720165115,0.7474982699049919,0.9493053971730236,0.6527839128027031,0.9458598726114653,0.9125111785873636,0.8686385996787735,0.9511016704226432,0.9529545363721539,0.961099699561395,0.9425805352069325,0.8696295404751335,0.8751441387186418,0.9529545363721539,0.9529545363721537,0.09008077800963976,0.7983153216862557,0.9589316626844855,0.8469812896824729,0.8675560447816315,0.883879561423246,0.9077040005624186,0.8894031717904964,0.8369591621743946,0.9278966962971924,0.7779891015560232,0.9589316626844853,0.9030086235821644,0.8512827582389368,0.8773193685069614,0.9529545363721539,0.9278966962971922,0.9273944983384121,0.9112976020672159,0.9055736434610706,0.5762802320230619,0.7282232490337206,0.9511016704226434,0.9320645602494202,0.7348453828730819,0.8938740030413763,0.913733309388403,0.8567235831170401,0.8961308828316217,0.9238799558250632,0.8402939714046163,0.9199893491338638,0.9458598726114653,0.9265423524364671,0.6679351743368398,0.849098097918449,0.874058087016832,0.9568599156354449,0.626241239715507,0.9174557485535395,0.5721895635481327,0.908894409671068,0.8849794349827056,0.9265423524364669,0.9458598726114653,0.6277740552271271,0.8490980979184488,0.8534622933489195,0.8984043359066818,0.16216355622584455,0.9212735133449719,0.9442013463068035,0.9006962362816697,0.8164111026582044,0.8104036875498974,0.9415490144516767,0.03139863267861631,0.9848910203339205,0.9442013463068033,0.5100523171517668,0.8589669349625975,0.8882932693469465,0.9458598726114653,0.03139863267861631,0.8643090749973119,0.7829632068236254,0.9589316626844855,0.03139863267861631,0.685316774920314,0.9125111785873636,0.8827817928509321,0.6332637536939161,0.9018497344665103,0.9458598726114653,0.03139863267861631,0.6359525852723973,0.03139863267861642,0.8056825578273628,0.8336025791120698,0.8302218952289888,0.03139863267861631,0.6527839128027031,0.03139863267861631,0.7238257438406104,0.9041731885624822,0.913733309388403,0.8718884926994317,0.9511016704226432,0.7911552055921387,0.09008077800963876,0.9334927596276978,0.9364159486136474,0.9030086235821642,0.7474982699049917,0.9162050927129204,0.9529545363721539,0.4787658847550451,0.8871861256568152,0.9371605937136991,0.8938740030413763,0.9125111785873636,0.9125111785873636,0.9425805352069325,0.881685977830595,0.9442013463068033,0.03139863267861631,0.8995478568587887,0.03139863267861631,0.7248314800141329,0.9125111785873636,0.9529545363721539,0.9252037445446057,0.7637779275925334,0.9493053971730236,0.9112976020672166,0.9349426948340498,0.8894031717904964,0.9928618019927209,0.8567235831170401,0.9511016704226434,0.8675560447816315,0.8675560447816315,0.8391846440543809,0.062008242787560564,0.9548710823073729,0.8233788637195052,0.9610996995613954,0.8279535638583029,0.8279535638583029,0.2692511698375556,0.8664736771305535,0.8708047111031318,0.9529545363721539,0.8436093353026792,0.8182787338913604,0.7981856244137906,0.9568599156354449,0.8233788637195052,0.9112976020672157,0.9320645602494202,0.8984043359066818,0.9568599156354449,0.8469075946240912,0.8080982554965415,0.9548710823073732,0.8950004825334388,0.9199893491338635,0.9511016704226432,0.9591402541866407,0.800791910286496,0.9442013463068037,0.9511016704226434,0.9511016704226432,0.7920258334641648,0.9568599156354451,0.7920258334641646,0.6386053673554343,0.8816859778305952,0.8391846440543809,0.9568599156354454,0.9475597985845114,0.9278966962971922,0.9442013463068033,0.9529545363721539,0.7958167654209827,0.8950004825334388,0.9511016704226432,0.9278966962971924,0.9137333093884035,0.7440170762801631,0.9065205555971318,0.8805919691825626,0.70356089724167,0.785585123047815,0.7098574690332745,0.8686385996787727,0.9589316626844853,0.90069623628167,0.9589316626844853,0.9162050927129204,0.9125111785873636,0.9065205555971321,0.9511016704226432,0.03139863267861631,0.9529545363721537,0.8995478568587887,0.9292677720165115,0.9568599156354449,0.9548710823073729,0.9458598726114653,0.03139863267861631,0.93494269483405,0.9568599156354454,0.9610996995613952,0.9077040005624184,0.8175818786954797,0.9320645602494202,0.9529545363721539,0.8279535638583029,0.8233788637195052,0.9349426948340502,0.9409942357230066,0.8648995313078978,0.9511016704226434,0.916205092712921,0.8056825578273625,0.9394396415413284,0.9077040005624184,0.9610996995613952,0.7853897569350803,0.9162050927129202,0.7981856244137904,0.9425805352069327,0.062008242787560564,0.9187169710212713,0.8816859778305952,0.800791910286496,0.8020222325849224,0.8128743662973856,0.03139863267861631,0.8790792081159238,0.9149644520716045,0.9174557485535395,0.9149644520716045,0.9589316626844853,0.8402939714046165,0.03139863267861631,0.03139863267861631,0.9278966962971924,0.9006962362816697,0.8850018707449112,0.03139863267861642,0.9589316626844853,0.9475597985845114,0.9199893491338635,0.8938740030413763,0.7829632068236254,0.9475597985845114,0.9212735133449717,0.9364159486136476,0.8268147748355974,0.976122021280873,0.03139863267861631,0.9104952582326105,0.9137333093884032,0.7694191025912624,0.991231693528243,0.9212735133449719,0.8504136769453576,0.9511016704226434,0.7894685038194522,0.03139863267861631,0.8182787338913602,0.9784534179462063,0.8545503661181646,0.824527512767756,0.9493053971730236,0.8256727870749789,0.9409942357230061,0.03139863267861631,0.9287546220071028,0.7315605337936808,0.03139863267861631,0.9212735133449719,0.7881804803953936,0.8660830247325573,0.8092990476011352,0.7958167654209827,0.03139863267861631,0.7897260844225815,0.8512827582389364,0.9548710823073729,0.6463565435816511,0.716099334022744,0.9041731885624824,0.9053437280773233,0.9287546220071028,0.9511016704226434,0.9315076677030099,0.8827817928509321,0.9334927596276978,0.877897145441318,0.8697214512947165,0.8664736771305535,0.23774878152121726,0.9529545363721537,0.9292677720165115,0.03139863267861631,0.9568599156354454,0.898404335906682,0.8068927917851012,0.9379142777971528,0.9252037445446057,0.09008077800964032,0.7672253926367623,0.9493053971730236,0.09008077800964032,0.9379142777971528,0.9475597985845114,0.9394396415413291,0.8751441387186416,0.9006962362816697,0.9568599156354451,0.8414011380622552,0.9589316626844853,0.995589441680881,0.9334927596276981,0.7945589785686391,0.9364159486136479,0.9589316626844853,0.8208615411657367,0.913733309388403,0.550417503386856,0.2692511698375556,0.9364159486136474,0.8995478568587887,0.9511016704226434,0.9162050927129208,0.8961308828316215,0.8729729119280702,0.9320645602494202,0.8961308828316217,0.937914277797153,0.9225701399051962,0.6724259519035649,0.7925764380555538,0.9018497344665102,0.9425805352069323,0.8080982554965415,0.8871861256568152,0.9199893491338638,0.9320645602494204,0.23774878152121848,0.8116870067162374,0.937914277797153,0.8767155864943418,0.9320645602494204,0.9125111785873636,0.7734367193080807,0.9511016704226434,0.8402939714046165,0.7332476280865157,0.9149644520716045,0.8961308828316212,0.9568599156354451,0.7213830792377613,0.8882932693469465,0.9548710823073732,0.9137333093884032,0.9425805352069323,0.942580535206933,0.9529545363721539,0.9568599156354449,0.9225701399051969,0.8199117795876252,0.9100921482984174,0.9458598726114653,0.9458598726114653,0.7313974068186477,0.9041731885624822,0.11595356527577638,0.8675560447816315,0.03139863267861631,0.9548710823073729,0.03139863267861631,0.03139863267861631,0.8128743662973856,0.23774878152121792,0.9162050927129202,0.03139863267861631,0.7525915471020097,0.8324784774213028,0.38117662903257044,0.877897145441318,0.8773193685069607,0.8272354331469214,0.9006962362816697,0.49864835346264225,0.83472400300589,0.9409942357230059,0.8827817928509321,0.45933786842754687,0.9149644520716045,0.7637779275925336,0.6661152121246717,0.9225701399051964,0.998438082710315,0.9442013463068035,0.8050379729179937,0.9548710823073729,0.9287546220071028,0.9511016704226434,0.8972654241994793,0.9364159486136474,0.980662425002937,0.9334927596276978,0.8436093353026795,0.9212735133449719,0.903008623582165,0.9334927596276978,0.7350447636400568,0.9511016704226434,0.20235352416864938,0.9493053971730236,0.9112976020672163,0.8523731211903474,0.83472400300589,0.48335140169781754,0.8523731211903476,0.5866865150344243,0.7721894714790687,0.8860815694795923,0.9458598726114653,0.7694191025912629,0.9238799558250632,0.9610996995613952,0.7995563084478072,0.870810786970599,0.7995502483019271,0.7970688433398969,0.9364159486136476,0.9430441133000047,0.8784088021185175,0.03139863267861631,0.9529545363721537,0.9137333093884037,0.9475597985845114,0.8567235831170401,0.9364159486136479,0.9442013463068035,0.9238799558250632,0.8256727870749789,0.9852901633058908,0.798315321686256,0.9589316626844857,0.814365886541907,0.9379142777971528,0.8621439532920854,0.09008077800964032,0.9409942357230057,0.7332476280865154,0.9125111785873636,0.9320645602494202,0.7735626237779674,0.8762311904614675,0.7509037938695111,0.8588935204002321,0.9162050927129202,0.717957010428276,0.887379364622056,0.9225701399051969,0.9589316626844855,0.9349426948340502,0.9493053971730236,0.8336025791120698,0.8995478568587885,0.5457744538628025,0.062008242787560564,0.7894685038194516,0.8358428353123903,0.9610996995613952,0.8751441387186418,0.9511016704226434,0.9149644520716045,0.9137333093884032,0.9306566646589698,0.8984043359066818,0.9225701399051967,0.9349426948340502,0.5208845547534251,0.9379142777971521,0.9458598726114653,0.9529545363721537,0.9610996995613952,0.03139863267861631,0.9162050927129202,0.8610609420833555,0.8284969009147185,0.9174557485535395,0.03139863267861642,0.8794996237395185,0.8187487405659168,0.9030086235821648,0.3678486223164621,0.9006962362816697,0.8882932693469463,0.9104952582326109,0.7789783388157538,0.9252037445446057,0.9030086235821644,0.6785985670091003,0.8871861256568154,0.9548710823073729,0.8995478568587887,0.9265423524364669,0.9511016704226434,0.9125111785873636,0.9610996995613954,0.9252037445446055,0.9442013463068035,0.9610996995613954,0.9394396415413286,0.9265423524364669,0.9475597985845114,0.6679351743368396,0.8805919691825623,0.9568599156354454,0.9475597985845114,0.9364159486136474,0.7735626237779671,0.8234248743448613,0.062008242787560564,0.9529545363721539,0.1159535652757756,0.062008242787560564,0.0,0.3968323237075575,0.03139863267861631,0.9425805352069325,0.4738920156371562,0.03139863267861631,0.9320645602494202,0.5549592725490636,0.9568599156354449,0.9511016704226434,0.9548710823073732,0.9493053971730236,0.062008242787560564,0.7894685038194518,0.8534622933489195,0.9334927596276978,0.8358428353123903,0.03139863267861631,0.9041731885624826,0.9511016704226434,0.9320645602494202,0.814365886541907,0.9053437280773231,0.9568599156354451,0.9493053971730236,0.9349426948340502,0.9125111785873636,0.6428226383045876,0.9475597985845114,0.42272440505492737,0.9187169710212713,0.9225701399051969,0.7035608972416704,0.937914277797153,0.9667798280829099,0.9278966962971924,0.9511016704226434,0.9041731885624826,0.8369591621743946,0.03139863267861631,0.9475597985845114,0.878408802118517,0.9589316626844855,0.8324784774213028,0.9425805352069327,0.9379142777971525,0.8187487405659168,0.09008077800964032,0.7764813487173801,0.777635666776106,0.03139863267861631,0.03139863267861631,0.43076416340614276,0.6894338727722298,0.8995478568587885,0.7995563084478075,0.8402939714046165,0.8092990476011352,0.83472400300589,0.7932953720006317,0.9306566646589698,0.8347439839067272,0.03139863267861631,0.8972654241994793,0.9529545363721537,0.9610996995613954,0.8256727870749789,0.9568599156354449,0.8256727870749789,0.03139863267861631,0.03139863267861631,0.7666156616807631,0.9475597985845117,0.7749279467915411,0.9364159486136474,0.8523731211903476,0.8961308828316217,0.6989699092582711,0.8961308828316215,0.8290892416048379,0.8458099300236446,0.03139863267861642,0.9125111785873636,0.8116870067162374,0.9493053971730236,0.9568599156354451,0.5381252733230745,0.726534306879894,0.45334225692590724,0.9149644520716045,0.9493053971730236,0.8545503661181646,0.03139863267861631,0.8210710864618282,0.9149644520716045,0.8961308828316217,0.9006096463746007,0.8610609420833555,0.9394396415413291,0.9018497344665102,0.8790792081159235,0.9548710823073732,0.8643090749973119,0.8578089143655878,0.9425805352069323,0.9589316626844855,0.9199893491338635,0.28376189310837396,0.8068927917851012,0.9529545363721539,0.062008242787560564,0.8718884926994317,0.9265423524364669,0.9125111785873636,0.918716971021271,0.9610996995613952,0.9125111785873636,0.9610996995613954,0.9547434413197936,0.8995478568587885,0.3875452758336596,0.8927512325175624,0.9475597985845114,0.9589316626844855,0.9364159486136474,0.9364159486136479,0.8553912003238413,0.9409942357230066,0.9458598726114653,0.9265423524364669,0.5410259398661625,0.9493053971730236,0.760904633802822,0.4057772344611492,0.7313974068186475,0.7364687587156324,0.03139863267861631,0.9233738460510836,0.9475597985845114,0.777989101556023,0.9589316626844855,0.9306566646589698,0.9320645602494204,0.8512827582389368,0.03139863267861631,0.7592148952360376,0.7995563084478072,0.9829392900173883,0.7995563084478075,0.8210710864618282,0.8068927917851012,0.9529545363721537,0.7332476280865157,0.66100135439659,0.799556308447807,0.7348453828730819,0.9334927596276978,0.6948435845294496,0.9610996995613952,0.9334927596276978,0.9475597985845114,0.9315076677030101,0.9278966962971924,0.8336025791120698,0.4610356166077315,0.8044674539676764,0.9475597985845114,0.062008242787560564,0.8369591621743946,0.8567235831170401,0.5311945356497896,0.7967943813008362,0.771899450653236,0.03139863267861631,0.9714932980607038,0.8588935204002328,0.9199893491338635,0.03139863267861631,0.83472400300589,0.9409942357230059,0.9568599156354449,0.23774878152121803,0.062008242787560564,0.923321670670995,0.9292677720165116,0.8938740030413763,0.9265423524364669,0.9053437280773231,0.9334927596276981,0.8068927917851014,0.03139863267861631,0.9252037445446057,0.03139863267861631,0.9568599156354451,0.8279535638583029,0.8805919691825621,0.9610996995613954,0.9238799558250632,0.7958167654209829,0.9018497344665102,0.9644994759182184,0.03139863267861631,0.8553912003238412,0.8433414573926268,0.8458099300236446,0.9225701399051967,0.4227244050549279,0.9529545363721539,0.34646989741729717,0.9212735133449719,0.37240982580062965,0.8894031717904964,0.7881804803953933,0.37240982580062965,0.9199893491338638,0.9529545363721539,0.8816859778305952,0.37240982580062965,0.9610996995613954,0.9292677720165115,0.9493053971730236,0.881685977830595,0.9458598726114653,0.9212735133449719,0.9320645602494202,0.8882932693469465,0.9125111785873639,0.9334927596276978,0.9112976020672159,0.9278966962971924,0.9458598726114653,0.9364159486136476,0.7213830792377611,0.9199893491338638,0.898404335906682,0.8279535638583029,0.44605852297328985,0.9053437280773233,0.9278966962971924,0.9493053971730236,0.9511016704226434,0.8984043359066818,0.8905160099774292,0.9252037445446057,0.9252037445446057,0.8972654241994793,0.9529545363721539,0.9548710823073729,0.6165367810633013,0.9238799558250634,0.8933548640036584,0.9149644520716045,0.9225701399051967,0.673699989999619,0.9349426948340502,0.9212735133449719,0.9475597985845114,0.8601558513243792,0.8740580870168317,0.9100921482984172,0.8972654241994793,0.6810028497273858,0.9548710823073732,0.9162050927129204,0.6097932928897107,0.9292677720165115,0.9425805352069325,0.9701956444682693,0.8961308828316215,0.623058924836031,0.7520579877837947,0.9379142777971525,0.6926030826701949,0.9458598726114653,0.8794996237395185,0.7332476280865161,0.9511016704226434,0.9493053971730236,0.8827817928509325,0.9252037445446049,0.9808926695348984,0.8950004825334388,0.8897634772723562,0.727646467421893,0.9442013463068035,0.9442013463068035,0.8553912003238411,0.9320645602494202,0.8995478568587887,0.9511016704226434,0.8545503661181646,0.9320645602494202,0.9548710823073729,0.8894031717904964,0.9306566646589698,0.9493053971730236,0.9589316626844855,0.9155630897147413,0.9568599156354451,0.7387014906758973,0.9548710823073729
p246_N,0.6424798858253784,0.9062682363877987,0.8271068874433853,0.9069834982716529,0.9188361382271665,0.9397924012017987,0.6465109036352592,0.6210330446327369,0.8463034707266361,0.9364368411420323,0.9039073680321512,0.9591402541866405,0.9162050927129203,0.9069834982716529,0.8848008209299197,0.6201546181695778,0.9111295270090606,0.8905248145511353,0.9332303128187659,0.9364368411420323,0.8914344293155234,0.9761289800255134,0.9953407916725414,0.967100967856847,0.9358530937879613,0.8905248145511351,0.9111295270090605,0.8664814862756912,0.9364368411420322,0.8093695950002278,0.8801586131976925,0.9271857963192042,0.9086743458966993,0.8703071672354955,0.9188361382271665,0.9861029598450541,0.9215378731313922,0.9086743458966988,0.9397924012017989,0.9219224280637733,0.8392374849683436,0.7264558629632281,0.9980634982842684,0.9172229042989672,0.9926146421337171,0.7562403996467942,0.9243180392978652,0.8512219522049687,0.888402744132657,0.8271068874433853,0.9752372748615914,0.7596520994812865,0.8905248145511351,0.4716723399402467,0.6538036717478806,0.8863065703015556,0.9193175573455776,0.3741839079094693,0.7927713808605446,0.9136381231722888,0.8498824478883684,0.9276837995015781,0.9245814746860741,0.9665398593115929,0.9301521134798674,0.7390184678703664,0.9271857963192042,0.7080527805238528,0.7080063794877773,0.9332303128187659,0.8741949048548434,0.8884027441326569,0.8602326261905313,0.8603471668053388,0.3741839079094693,0.8185765480394152,0.9388586611030838,0.9039073680321509,0.9909190160254863,0.9397924012017987,0.9799998588966439,0.9994678821812104,0.6047025877791903,0.8905248145511361,0.3741839079094693,0.8683869765649121,0.9388586611030839,0.8218815094268439,0.8742481220045635,0.3968323237075575,0.3741839079094693,0.8271068874433856,0.7894357495388348,0.8097772821314799,0.3160773448856191,0.7229783745483163,0.8236837483731396,0.8202756097183714,0.9185707728839034,0.982059848214852,0.9193175573455776,0.9243180392978654,0.9188361382271666,0.9413310571293143,0.7456491694750542,0.9332303128187656,0.8516848931219237,0.9807662283448071,0.9179670373226423,0.9824614342599634,0.8241471007627722,0.8926744609561267,0.9630244733232263,0.8553180098603765,0.9243180392978652,0.9382798022022047,0.9840256643467928,0.986102959845054,0.9397924012017987,0.9413310571293143,0.8572691230504832,0.8168805099533938,0.8993081265656123,0.9616775150656098,0.9245814746860738,0.8754380610464955,0.9215378731313922,0.5425104487761341,0.9591402541866406,0.7038882794426664,0.9376683749377082,0.9714058757497573,0.9271857963192043,0.9397924012017987,0.9111295270090605,0.8137531675852789,0.9204893454041174,0.9271857963192041,0.9271857963192042,0.4176886316821613,0.9176223674647044,0.9364368411420322,0.9540521312521263,0.817055003070157,0.8439952162507555,0.9677542544444879,0.9021539112208945,0.868648991430796,0.8099201004872925,0.9559152260794079,0.9364368411420321,0.8498824478883682,0.8115940355833644,0.9249788088801437,0.9271857963192042,0.9219224280637739,0.9065613893905915,0.8911843525479426,0.9561378594702286,0.7843527058003774,0.7136425120533846,0.9815062877983505,0.930079718611058,0.7043061423436838,0.8608453411778026,0.8955568994617082,0.8821326331441737,0.8901584347056434,0.9463248121641356,0.854377682596332,0.9697393763146016,0.9162050927129204,0.8863065703015557,0.7078719452275821,0.9325168005936905,0.9911770567164953,0.9332303128187658,0.8115084588391404,0.9773744465518461,0.8040398692491701,0.8589921216815586,0.8935471261876557,0.9193175573455775,0.5256378081287163,0.5082303311076244,0.8079613786411539,0.773197549854882,0.743756631103923,0.2772787700427659,0.9405848418047036,0.9554302009938859,0.9513056403643733,0.9723270597578653,0.7400835204265082,0.8765682211155165,0.3741839079094693,0.9215378731313922,0.9136381231722889,0.36389635710968316,0.757130796275681,0.8271068874433852,0.5256378081287161,0.3741839079094693,0.7899855610109623,0.9749153044227883,0.991803697936736,0.3741839079094693,0.8103195211556317,0.8645899440480416,0.842163021958878,0.8513877258818137,0.8745533197205997,0.9162050927129203,0.3741839079094693,0.5618583332521367,0.3741839079094692,0.8533479384468993,0.742459851340026,0.7770341650384314,0.3741839079094693,0.8396798600981679,0.3741839079094693,0.8822494346562049,0.9324288082150871,0.8664814862756911,0.8017165382781777,0.9243180392978654,0.9864843184240322,0.4176886316821604,0.9953407916725412,0.901588342180655,0.9833113140241097,0.8374030040413196,0.9297646847494164,0.9271857963192043,0.651553017658657,0.8849083758862648,0.8445260765476382,0.9110471853959474,0.8933580624819941,0.9796624177838523,0.9518720845713888,0.8403373796149365,0.9191935655413228,0.3741839079094693,0.9731697328455184,0.3741839079094693,0.8624307864489529,0.893358062481994,0.780083417223183,0.7254260578854002,0.9864843184240321,0.967100967856847,0.8627116416336097,0.8993081265656122,0.8532677898837112,0.9419536134643974,0.9245854061901786,0.9243180392978653,0.8390989761257732,0.8611429491813893,0.9652298287867676,0.3968323237075575,0.9684459109141506,0.8250305119561785,0.9397924012017989,0.9319617859276279,0.9121372710878788,0.44945973490457725,0.9031012872498194,0.8670300657954068,0.6337180239943765,0.9350033352594485,0.9811117452008884,0.986484318424032,0.9332303128187656,0.9388231045881441,0.8627116416336098,0.930079718611058,0.8427562020241625,0.9332303128187656,0.9892750111716382,0.7222928504804447,0.9808531012828584,0.8880438381235429,0.9069834982716527,0.9243180392978653,0.8703071672354955,0.9630244733232263,0.9136381231722888,0.9243180392978652,0.9815062877983505,0.7162571955462151,0.9332303128187658,0.7925519707486544,0.7529746649901858,0.8168805099533937,0.9942457815245708,0.9861029598450541,0.9188361382271666,0.8884027441326569,0.9136381231722889,0.9759742607288062,0.9707193777672362,0.9638777185760137,0.9243180392978653,0.8884027441326574,0.7555381423060841,0.9665365589201924,0.8827148855675934,0.9281753721395445,0.7968603667642076,0.7442113689017511,0.8248984597065552,0.8630978149114674,0.9918036979367356,0.846303470726637,0.9364368411420322,0.900035925992456,0.864589944048041,0.8827148855675933,0.9243180392978654,0.3741839079094693,0.9271857963192043,0.974743355552526,0.890524814551136,0.9332303128187656,0.8670439353081685,0.9162050927129204,0.3741839079094693,0.9358530937879613,0.4851705698920621,0.9436654046332618,0.8571496764250633,0.8152550468042099,0.8948535190071923,0.6825064884039787,0.8724882414083801,0.7463150508042864,0.9723980610103105,0.908674345896699,0.7660463510705083,0.9714058757497572,0.9000359259924562,0.6992468832911017,0.9840256643467928,0.9769434565457997,0.9397924012017987,0.9762173796786582,0.9000359259924556,0.9945593654673011,0.9111295270090606,0.35389716223383694,0.8214082640556326,0.8403373796149364,0.8835097043568717,0.9415821125581025,0.7103779417691759,0.3741839079094693,0.7872021416490642,0.6612874012271095,0.9323959366850338,0.8964502123310982,0.8420957316791524,0.8746899401018584,0.3741839079094693,0.3741839079094693,0.575282312969476,0.8911911051790229,0.8381364341119786,0.3741839079094692,0.9528294452685606,0.9188361382271665,0.9378027796250892,0.8357444190687306,0.9749153044227881,0.9188361382271666,0.8781517708121863,0.9761289800255134,0.7319540868088863,0.8663988135266234,0.3741839079094693,0.8330934647148429,0.8664814862756912,0.9777809258902928,0.8217567385182347,0.8781517708121863,0.9896953296461461,0.9243180392978652,0.9829651907686088,0.3741839079094693,0.7333185732479071,0.9245814746860739,0.838136434111978,0.787555422657681,0.5772680848886071,0.7894357495388349,0.9086743458966989,0.3741839079094693,0.9914894522117814,0.8143032300292854,0.3741839079094693,0.8721159452177438,0.8625365069373636,0.7476549733331903,0.7435053521422084,0.9719321846052793,0.3741839079094693,0.9734238838921789,0.8324789566221811,0.9808531012828584,0.6384057545600694,0.7345700877701122,0.8516848931219236,0.9349511714520626,0.8340066608386388,0.9243180392978652,0.8086206400665752,0.8421630219588779,0.8970640020677767,0.9510362621776484,0.9762226288170973,0.7933358049763422,0.5290948978805876,0.9271857963192043,0.890524814551136,0.3741839079094693,0.9610243931286575,0.9202850458126467,0.7589733900230866,0.9058614048066171,0.884234751678239,0.4176886316821615,0.8641215408403687,0.9873359374176984,0.3758965538605641,0.9419536134643977,0.9188361382271665,0.9840256643467928,0.8067554358482096,0.898804555545505,0.8024064520497922,0.917438411885839,0.7867288748844501,0.9451469503672959,0.8970640020677767,0.9685492924280434,0.9761289800255133,0.9364368411420322,0.851858682178945,0.9246323126477255,0.6870898845749562,0.5187087669192403,0.986600701052057,0.8966129881495933,0.9714058757497573,0.9000359259924562,0.941079384442943,0.8259282749552115,0.9653059182149236,0.8552368166078581,0.6775839322131383,0.9434241618923718,0.8944761057571169,0.9398710623319776,0.848088787424563,0.9518720845713888,0.7802141274123747,0.849534841225199,0.8761642169182167,0.9994678821812106,0.5290948978805883,0.7085402163921224,0.6775839322131383,0.8456100445405645,0.6119796865386875,0.9221261809159467,0.7019436175618283,0.9243180392978654,0.8950021976073848,0.8553941675857788,0.9271776793409097,0.7788553920019079,0.9332303128187658,0.8769752150304548,0.8271068874433852,0.9301521134798674,0.8955568994617081,0.9111295270090605,0.9111295270090607,0.9759742607288062,0.986102959845054,0.8801586131976928,0.7604294668232208,0.8608459111363296,0.9162050927129204,0.9162050927129202,0.618716607927235,0.8785995314863115,0.39624699443135647,0.8170550030701569,0.3741839079094693,0.9301521134798675,0.3741839079094693,0.3741839079094693,0.9597226004039316,0.529094897880588,0.9000359259924556,0.3741839079094693,0.7663239698904966,0.9805570215566286,0.6175839241408106,0.8061461210098465,0.8101221286735178,0.7280956704445705,0.898804555545505,0.7127351748357427,0.8944761057571169,0.9484490715653735,0.8893359697978047,0.6135389962932141,0.897782327952911,0.8429088365979671,0.8960170698732028,0.8801586131976928,0.9086743458966988,0.9136381231722889,0.7886530746827711,0.9301521134798674,0.8589357875457215,0.9243180392978652,0.8922908924817221,0.8375194253623388,0.9272989769634582,0.9953407916725414,0.778417650080499,0.9093683063084449,0.9900029127487424,0.7801503791531781,0.8570682908676868,0.9243180392978654,0.464816236138045,0.9215378731313923,0.8627116416336097,0.8723377525994966,0.7642693236079958,0.5849295595847745,0.8553119000706249,0.7629300124923148,0.7990753980469044,0.8236837483731402,0.9591402541866406,0.9843092105513921,0.8821858692988968,0.9397924012017987,0.7089303524967752,0.7952571048852998,0.5304309842288975,0.7241786478616492,0.9015883421806546,0.932428808215087,0.8348963018556337,0.3741839079094693,0.9271857963192043,0.8664814862756911,0.4183701550259289,0.7994715690107896,0.8747897442847683,0.955430200993886,0.8821858692988969,0.7301865852690879,0.9329290708210041,0.9483404312822905,0.9918036979367358,0.7082094122938927,0.9439076502388632,0.9540363210126526,0.4176886316821615,0.9086743458966988,0.8748829829477933,0.8764969900463835,0.930079718611058,0.9522820262183216,0.8770107854595053,0.9755265419393151,0.8764013752085535,0.9297646847494163,0.7563206577264387,0.7782451824877874,0.9117913875450323,0.9918036979367357,0.8993081265656122,0.7595204637904258,0.842607630013019,0.9992131886464963,0.7312001787502316,0.35389716223383694,0.8074951456790436,0.7660463510705084,0.9397924012017987,0.943236127315299,0.9714058757497575,0.8683869765649121,0.9537077258337429,0.9965480089781211,0.8988143186808906,0.8801586131976928,0.9723980610103105,0.4041732776534005,0.9039073680321505,0.5256378081287159,0.9759742607288064,0.9397924012017989,0.3741839079094693,0.7134902101670566,0.8064884809608193,0.8259600209869085,0.8722428588429538,0.3741839079094692,0.8831198614699162,0.8172125272819155,0.9032539943426648,0.5999080000733643,0.8463034707266359,0.8271068874433856,0.9479501449214689,0.9426036839102858,0.8842347516782392,0.8298882733858526,0.8887602184894807,0.8736763669423384,0.9301521134798675,0.8445260765476378,0.8863065703015555,0.9714058757497575,0.864589944048041,0.9980634982842684,0.884234751678239,0.9136381231722889,0.9980634982842684,0.9062682363877987,0.9853395314336216,0.9188361382271666,0.8288659633251884,0.8385179367730087,0.9861029598450541,0.7276738848411504,0.9388586611030841,0.7064170280538996,0.9719321846052793,0.35389716223383694,0.9752372748615916,0.39624699443135647,0.35389716223383694,0.3968323237075575,0.0,0.3741839079094693,0.7629300124923137,0.44853450940399486,0.3741839079094693,0.8948535190071922,0.7400592215834279,0.9332303128187658,0.9243180392978652,0.6135389962932134,0.3950157059867889,0.35389716223383694,0.6932007837413995,0.7942142382641861,0.8970640020677767,0.9321662062340057,0.3741839079094693,0.8516848931219237,0.9714058757497573,0.8948535190071923,0.9873534418251886,0.8534965853888816,0.9332303128187658,0.9215378731313923,0.8993081265656124,0.8645899440480411,0.735242201210897,0.9188361382271665,0.531279568838952,0.9350742710727482,0.8801586131976926,0.9170377011717985,0.9039073680321512,0.9861029598450541,0.8884027441326569,0.9243180392978653,0.8785995314863115,0.909528642056926,0.3741839079094693,0.9188361382271665,0.834896301855634,0.991803697936736,0.8006792799951266,0.9111295270090606,0.9419536134643974,0.7781154975761407,0.4176886316821615,0.9727220151038761,0.9457158832993178,0.3741839079094693,0.3741839079094693,0.3969978745937357,0.716821214879941,0.8705695323486151,0.8814182140269338,0.8340654250908053,0.898149666242261,0.7642693236079957,0.9954444670658378,0.8926744609561266,0.7396889307766863,0.3741839079094693,0.6460322279543218,0.9271857963192043,0.9397924012017989,0.749936306692337,0.9332303128187656,0.9933173148054262,0.3741839079094693,0.3741839079094693,0.982133767990409,0.9630223853436268,0.9880253554437401,0.9015883421806546,0.7924618199175758,0.8392374849683436,0.5302564626672182,0.8392374849683436,0.9539720607845623,0.8025167433888141,0.3741839079094692,0.8645899440480409,0.9604790369756298,0.967100967856847,0.8024064520497924,0.5445886561350743,0.6919573164682471,0.700432011497238,0.8683869765649121,0.9215378731313923,0.8170514910545463,0.3741839079094693,0.9043108503990762,0.8683869765649121,0.9156189095742931,0.818823634877951,0.849548859315084,0.6660659098377344,0.8745533197205997,0.7664429046569752,0.9301521134798674,0.8770968132733326,0.8438239653298703,0.5592172246806724,0.9364368411420321,0.9378027796250892,0.4283419827501056,0.9324752620345076,0.9271857963192042,0.3968323237075575,0.8017165382781776,0.9193175573455776,0.991569463782195,0.7300892147287756,0.9397924012017987,0.9628013453482422,0.9397924012017989,0.7105810163033834,0.8705695323486152,0.6465325184204065,0.8340066608386392,0.9630223853436268,0.9364368411420321,0.9388586611030841,0.9493303821296275,0.7517407052893187,0.9882237972340482,0.9162050927129203,0.7835835592582239,0.726645740385806,0.9215378731313923,0.7816315533544327,0.3085431845711255,0.833417014753238,0.8404381533275973,0.3741839079094693,0.8271068874433856,0.9486051204234525,0.803914599332366,0.9364368411420323,0.6918313469558965,0.8948535190071931,0.790709114544548,0.3741839079094693,0.6611178571687075,0.7089303524967752,0.8948535190071928,0.9652592423907032,0.9435345141983404,0.9710441805273082,0.9271857963192043,0.7384612754136932,0.7596894247986659,0.9389141678703199,0.9719321846052791,0.8970640020677767,0.8867808703374158,0.9397924012017987,0.9687941395742313,0.9188361382271665,0.8880438381235431,0.95544211199489,0.8970081454371999,0.7387786306367203,0.7358494217868128,0.9486051204234525,0.35389716223383694,0.9296943117398604,0.7782451824877873,0.7172690584338692,0.9967358576694503,0.9958013242704717,0.3741839079094693,0.8631513265534982,0.8029783676913776,0.8761642169182164,0.3741839079094693,0.784343121880636,0.9720014770972774,0.9332303128187656,0.529094897880588,0.3968323237075575,0.9378019630525956,0.9732485449091124,0.8608453411778034,0.9156275074343121,0.8534965853888816,0.8970640020677765,0.7011200122838858,0.3741839079094693,0.9531239189732772,0.3741839079094693,0.9332303128187656,0.9121372710878788,0.9551712823167322,0.9397924012017989,0.914255340731516,0.970719377767236,0.9274823843126732,0.8761642169182167,0.3741839079094693,0.9712466359846285,0.8891762753245704,0.9877505662618377,0.9434241618923718,0.675120161008717,0.9271857963192041,0.6137169972448739,0.8408994097214848,0.4938594236319296,0.8288247292151196,0.710233858556668,0.4938594236319296,0.9069834982716533,0.9271857963192041,0.8168805099533938,0.4938594236319296,0.9397924012017989,0.9586381348210119,0.896209747966789,0.8168805099533938,0.9591402541866406,0.8781517708121861,0.930079718611058,0.875687210241551,0.8645899440480415,0.9953407916725414,0.9196570634622755,0.9219224280637736,0.7403136154973167,0.837519425362339,0.8577125831359804,0.8761642169182169,0.8427562020241626,0.9319617859276277,0.5827111352155203,0.8534965853888821,0.8884027441326567,0.9873359374176982,0.9243180392978654,0.9461279937421413,0.8797479086308417,0.8842347516782391,0.8842347516782392,0.9179396080130532,0.9271857963192043,0.9301521134798675,0.7125221789185767,0.8821858692988972,0.8946883320929098,0.8977823279529108,0.8801586131976926,0.759183455486748,0.9910569717673405,0.9093683063084447,0.9188361382271666,0.8985308117411052,0.9182680835365258,0.8608459111363296,0.8409934614190604,0.7682713869353908,0.9301521134798674,0.9513202802227414,0.6599499620915581,0.8905248145511351,0.9926146421337168,0.9142553407315163,0.9570787160824574,0.6759336166506666,0.7491968336961601,0.9039073680321512,0.7018212958104666,0.9162050927129202,0.9776336147623894,0.7579500907757077,0.9714058757497573,0.967100967856847,0.8185765480394149,0.8842347516782386,0.9344184513464586,0.8627658779727199,0.8029783676913779,0.6717587929387792,0.9136381231722889,0.9136381231722889,0.870460416171913,0.9653059182149237,0.8445260765476379,0.9243180392978653,0.9224762063417068,0.8948535190071926,0.9808531012828585,0.8532677898837112,0.9619234929707896,0.967100967856847,0.9364368411420323,0.8403373796149365,0.9861029598450541,0.7462582453394728,0.9301521134798675
p246_Y,0.7524297972473161,0.9413411539914585,0.8918007079504506,0.9225015741707872,0.9492063492063487,0.9623211158059548,0.7050163519970581,0.7509151724713103,0.9038142386822647,0.960221152322577,0.9398636845831869,0.9475597985845114,0.9475597985845114,0.9225015741707872,0.9106019687464653,0.5567710364845595,0.944383427890573,0.9314886672615048,0.9582144552981327,0.960221152322577,0.8875255844205965,0.938412400887346,0.935580996038617,0.9508971383859763,0.9369854052620163,0.9314886672615046,0.944383427890573,0.916441965519317,0.960221152322577,0.7739436107925906,0.9250013316406693,0.9544316996038,0.9428469360414609,0.9188361382271659,0.9492063492063489,0.9582144552981327,0.9508971383859763,0.9428469360414602,0.9623211158059548,0.930160641445072,0.8993922310882436,0.932833950574053,0.9623211158059548,0.912915131908919,0.9443834278905732,0.8474513194974065,0.9526370111116405,0.9004911494084333,0.930160641445072,0.8918007079504506,0.9544316996038,0.8495864161552136,0.9314886672615046,0.13408370177867746,0.9428469360414604,0.9288488221297497,0.9288488221297497,0.0,0.7383793872014479,0.9459533477380775,0.9060540201833016,0.831146423199498,0.931488667261505,0.8993922310882436,0.9562880686171875,0.8244397822834253,0.9544316996038,0.6473831763250288,0.7698078233874499,0.9582144552981327,0.92126914699118,0.9301606414450723,0.9492063492063487,0.8266892096935958,0.0,0.8864622842804517,0.938412400887346,0.9398636845831867,0.8233095582802461,0.9623211158059548,0.9398636845831869,0.9341976401680094,0.31108550994831163,0.9314886672615048,0.0,0.9176344520056336,0.938412400887346,0.8046479448175341,0.8939536575643376,0.03139863267861631,0.0,0.8918007079504506,0.831146423199498,0.8548949080074899,0.31108550994831163,0.48955645159511163,0.8896584524348263,0.8875255844205965,0.8198957816506434,0.8187498553347687,0.9288488221297497,0.9526370111116405,0.9492063492063489,0.8580633769736241,0.6072669396673074,0.9582144552981327,0.907182019415572,0.7973204052495684,0.9369854052620166,0.8289245259008584,0.8759110188590657,0.9328339505740528,0.8070467719220202,0.9094556823349389,0.9526370111116405,0.7833099084134079,0.9413411539914585,0.9582144552981327,0.9623211158059548,0.8580633769736241,0.9129151319089193,0.885400876353422,0.9369854052620166,0.9250013316406696,0.931488667261505,0.7554264789789613,0.9508971383859763,0.6339927913026551,0.9475597985845114,0.9152582079543838,0.8727631680356085,0.9526370111116405,0.9544316996038,0.9623211158059548,0.944383427890573,0.8453085223330421,0.879064442044788,0.9544316996038003,0.9544316996038,0.06018876900101988,0.8046479448175343,0.960221152322577,0.8244397822834253,0.8717146038820363,0.8875255844205967,0.9106019687464659,0.892875760974867,0.8420784215528956,0.9301606414450723,0.7583810530554915,0.9602211523225768,0.9060540201833014,0.8559522762859688,0.8811713725919912,0.9544316996038,0.9301606414450725,0.8950345750758599,0.9140827360776209,0.8938851835250172,0.5567710364845593,0.7367566674079002,0.9526370111116407,0.9341976401680094,0.7431708752992887,0.8972062142375332,0.9164419655193166,0.8612222667022558,0.8993922310882436,0.9262700211315917,0.8453085223330423,0.9225015741707872,0.9475597985845114,0.9288488221297495,0.6783615558233287,0.8538362113124116,0.8780124908814328,0.9582144552981327,0.6072669396673073,0.9200475251844384,0.5526275082095409,0.9117550006367756,0.8885909234541711,0.9288488221297497,0.9475597985845114,0.6394614409405057,0.8538362113124116,0.8580633769736241,0.9015943008452869,0.13408370177867734,0.9237454173815312,0.9459533477380775,0.903814238682265,0.8221755430097122,0.7897778653703145,0.9060540201833014,0.0,0.9508971383859763,0.9459533477380777,0.4895564515951115,0.8355526955775656,0.8918007079504506,0.9475597985845114,0.0,0.8685695845092951,0.7897778653703145,0.960221152322577,0.0,0.6951973979147161,0.9152582079543841,0.8864622842804517,0.6447787703816181,0.9049315186013059,0.9475597985845114,0.0,0.6473831763250286,0.0,0.8117838598171898,0.8388272306091986,0.8355526955775657,0.0,0.6339927913026551,0.0,0.7050163519970583,0.9071820194155717,0.9164419655193166,0.8759110188590655,0.9526370111116407,0.7711949776746383,0.06018876900101888,0.935580996038617,0.9384124008873462,0.9060540201833014,0.7554264789789611,0.9188361382271666,0.9544316996038,0.4951319232791844,0.8907283270583697,0.9027019168030599,0.897206214237533,0.9152582079543838,0.9152582079543838,0.944383427890573,0.885400876353422,0.9459533477380777,0.0,0.9027019168030597,0.0,0.7334713952978886,0.9152582079543841,0.9544316996038,0.9275522446953854,0.7711949776746383,0.9508971383859763,0.9140827360776205,0.9369854052620161,0.892875760974867,0.9398636845831869,0.8612222667022562,0.9526370111116405,0.8717146038820363,0.8717146038820349,0.8442340263447974,0.03139863267861631,0.9562880686171873,0.8289245259008584,0.9623211158059548,0.8333555867103808,0.8333555867103808,0.24376003609304187,0.8706662210952574,0.8748612665230131,0.9544316996038003,0.848519788337875,0.7973204052495684,0.7780046509581313,0.9582144552981327,0.8289245259008584,0.9140827360776214,0.9341976401680094,0.9015943008452874,0.9582144552981327,0.8517144868263773,0.8141237078825918,0.9562880686171873,0.8982973238138026,0.9225015741707867,0.9526370111116407,0.9188361382271666,0.8070467719220202,0.9459533477380775,0.9526370111116405,0.9526370111116407,0.7985559379258667,0.9582144552981327,0.7985559379258667,0.6499526646778642,0.885400876353422,0.8442340263447972,0.9582144552981327,0.9492063492063487,0.930160641445072,0.9459533477380777,0.9544316996038003,0.8022278398026612,0.8982973238138026,0.9526370111116405,0.9301606414450723,0.9164419655193172,0.7250134267509765,0.9094556823349389,0.8843412180810755,0.6848496741376313,0.7923174570100686,0.6911250629978627,0.8727631680356077,0.9602211523225768,0.903814238682265,0.9602211523225768,0.9188361382271668,0.9152582079543841,0.9094556823349389,0.9526370111116405,0.0,0.9544316996038,0.9027019168030597,0.931488667261505,0.9582144552981327,0.9562880686171873,0.9475597985845114,0.0,0.9369854052620163,0.9582144552981327,0.9623211158059548,0.9106019687464655,0.823309558280246,0.9341976401680094,0.9544316996038003,0.8333555867103808,0.8289245259008584,0.9369854052620166,0.9428469360414611,0.8409971458279799,0.9526370111116405,0.9188361382271659,0.8117838598171898,0.9413411539914587,0.9106019687464657,0.9623211158059548,0.7655931084723666,0.9188361382271666,0.7780046509581313,0.944383427890573,0.03139863267861631,0.92126914699118,0.885400876353422,0.8070467719220202,0.8082384637825222,0.8187498553347687,0.0,0.8538362113124116,0.9176344520056336,0.9200475251844387,0.9176344520056336,0.9602211523225768,0.8453085223330421,0.0,0.0,0.930160641445072,0.903814238682265,0.8591172857456586,0.0,0.9602211523225768,0.9492063492063489,0.922501574170787,0.8972062142375332,0.7897778653703145,0.9492063492063489,0.9237454173815309,0.938412400887346,0.8322525541058978,0.9634411459729271,0.0,0.8811713725919912,0.9164419655193168,0.7766590274917047,0.9952327064015152,0.9237454173815312,0.8704033497109469,0.9526370111116405,0.7960789049353036,0.0,0.7973204052495684,0.9314886672615053,0.8591172857456586,0.8300371089395653,0.9508971383859763,0.831146423199498,0.9428469360414606,0.0,0.8961186971729789,0.7399891659895361,0.0,0.9237454173815309,0.7948313236856197,0.8420784215528956,0.8152867967569688,0.8022278398026612,0.0,0.7698078233874488,0.8559522762859684,0.9562880686171873,0.6574604645689301,0.7250134267509767,0.907182019415572,0.908315805590151,0.8961186971729789,0.9526370111116405,0.8982973238138026,0.8864622842804517,0.935580996038617,0.8527760996057683,0.8738120195914167,0.8706662210952574,0.21151139151266862,0.9544316996038,0.9314886672615055,0.0,0.9582144552981327,0.9015943008452869,0.8129560940834346,0.9398636845831869,0.9275522446953854,0.06018876900102055,0.7478523304650295,0.9508971383859763,0.06018876900102055,0.9398636845831869,0.9492063492063489,0.9413411539914582,0.879064442044788,0.903814238682265,0.9582144552981327,0.8463809254714867,0.9602211523225768,0.9413411539914582,0.935580996038617,0.801009545737682,0.938412400887346,0.9602211523225768,0.7997856146881548,0.9164419655193166,0.5305546844946969,0.24376003609304187,0.938412400887346,0.9027019168030597,0.9526370111116405,0.9188361382271666,0.8993922310882436,0.8769613888066743,0.9341976401680094,0.8993922310882436,0.9398636845831869,0.9250013316406693,0.6827113291147924,0.7725735218970409,0.9049315186013058,0.9443834278905732,0.8141237078825918,0.8907283270583697,0.9225015741707872,0.9341976401680094,0.21151139151266984,0.8175997772209664,0.9398636845831869,0.8517144868263774,0.9341976401680094,0.9152582079543841,0.7539334992316542,0.9526370111116405,0.8453085223330421,0.7143607147557585,0.9176344520056336,0.8993922310882432,0.9582144552981327,0.7301312695908229,0.8918007079504506,0.9562880686171875,0.9164419655193166,0.944383427890573,0.944383427890573,0.9544316996038003,0.9582144552981327,0.9250013316406696,0.8255663034700989,0.9129151319089186,0.9475597985845114,0.9475597985845114,0.7125274559321444,0.9071820194155717,0.08671734220308636,0.8717146038820361,0.0,0.9562880686171873,0.0,0.0,0.8187498553347687,0.2115113915126693,0.9188361382271664,0.0,0.7334713952978882,0.8377384241745145,0.4006068367505189,0.8527760996057685,0.8811713725919912,0.8058499662916012,0.903814238682265,0.47795836130872293,0.8399134433261015,0.9428469360414604,0.8864622842804515,0.4408515443948542,0.9176344520056336,0.7711949776746385,0.6473831763250284,0.9250013316406696,0.9428469360414602,0.9459533477380775,0.7846176027958278,0.9562880686171873,0.8961186971729789,0.9526370111116405,0.9004911494084331,0.938412400887346,0.9328339505740528,0.935580996038617,0.848519788337875,0.9237454173815312,0.9060540201833016,0.9355809960386168,0.7223272158432528,0.9526370111116405,0.17526171623055564,0.9508971383859763,0.9140827360776205,0.8570084033315839,0.8399134433261015,0.4654487838138114,0.8570084033315841,0.5711669571562623,0.77934241058442,0.8896584524348263,0.9475597985845114,0.7766590274917051,0.9262700211315917,0.9623211158059548,0.8058499662916013,0.8463809254714865,0.7876282222528316,0.8034406041869142,0.938412400887346,0.9071820194155717,0.8822265994777512,0.0,0.9544316996038,0.9164419655193174,0.9492063492063487,0.8612222667022558,0.938412400887346,0.9459533477380777,0.9262700211315917,0.831146423199498,0.9355809960386168,0.8046479448175343,0.9602211523225772,0.7935775465776653,0.9398636845831869,0.8664724446651941,0.06018876900102055,0.9428469360414602,0.7143607147557588,0.9152582079543841,0.9341976401680094,0.7806724477786732,0.880117361849238,0.7318083230664854,0.8633240709217587,0.9188361382271666,0.6991852245234744,0.8612222667022558,0.9250013316406696,0.960221152322577,0.9369854052620166,0.9508971383859763,0.8388272306091986,0.9027019168030597,0.525843532183836,0.03139863267861631,0.7960789049353036,0.8409971458279799,0.9623211158059548,0.8790644420447877,0.9526370111116405,0.9176344520056336,0.9164419655193168,0.932833950574053,0.9015943008452869,0.9250013316406696,0.9369854052620166,0.500567215157067,0.9398636845831867,0.9475597985845112,0.9544316996038,0.9623211158059548,0.0,0.9188361382271668,0.8654234385275936,0.8070467719220202,0.9200475251844384,0.0,0.8832831707913575,0.8244397822834253,0.9060540201833016,0.34458474155865637,0.9038142386822647,0.8918007079504506,0.8811713725919912,0.7859181167692968,0.9275522446953854,0.9060540201833014,0.6598989712921809,0.8907283270583697,0.9562880686171873,0.9027019168030597,0.9288488221297497,0.9526370111116405,0.9152582079543841,0.9623211158059548,0.9275522446953854,0.9459533477380777,0.9623211158059548,0.9413411539914587,0.9288488221297497,0.9492063492063487,0.6783615558233285,0.8843412180810755,0.9582144552981327,0.9492063492063489,0.9384124008873462,0.7806724477786728,0.8022278398026612,0.03139863267861631,0.9544316996038003,0.08671734220308558,0.03139863267861631,0.03139863267861631,0.3741839079094693,0.0,0.944383427890573,0.4527606561376478,0.0,0.9341976401680094,0.535161772248302,0.9582144552981327,0.9526370111116405,0.9562880686171873,0.9508971383859763,0.03139863267861631,0.7960789049353036,0.8580633769736241,0.935580996038617,0.8409971458279799,0.0,0.9071820194155722,0.9526370111116405,0.9341976401680094,0.7935775465776653,0.9083158055901508,0.9582144552981327,0.9508971383859763,0.9369854052620166,0.9152582079543841,0.6284764518573093,0.9492063492063487,0.4006068367505189,0.92126914699118,0.9250013316406696,0.6848496741376318,0.9398636845831869,0.9582144552981327,0.930160641445072,0.9526370111116405,0.9071820194155722,0.8420784215528954,0.0,0.9492063492063487,0.8822265994777507,0.960221152322577,0.8377384241745145,0.944383427890573,0.9398636845831869,0.8244397822834253,0.06018876900102055,0.7569089328329721,0.7846176027958276,0.0,0.0,0.40880739824839063,0.6991852245234742,0.9027019168030597,0.8058499662916013,0.8453085223330421,0.8152867967569688,0.8399134433261015,0.7997856146881548,0.9328339505740528,0.8129560940834346,0.0,0.9004911494084331,0.9544316996038,0.9623211158059548,0.831146423199498,0.9582144552981327,0.831146423199498,0.0,0.0,0.7739436107925914,0.9492063492063487,0.7819949015164562,0.938412400887346,0.8570084033315841,0.8993922310882436,0.6856702229525599,0.8993922310882436,0.8344556057285131,0.8506512873935228,0.0,0.9152582079543841,0.8175997772209664,0.9508971383859763,0.9582144552981327,0.5526275082095407,0.7351207557283752,0.43182584581086747,0.9176344520056336,0.9508971383859763,0.8591172857456586,0.0,0.8266892096935958,0.9176344520056336,0.8993922310882436,0.8727631680356078,0.8654234385275936,0.9413411539914582,0.9049315186013054,0.8538362113124116,0.9562880686171875,0.8685695845092949,0.862273520033598,0.9443834278905732,0.9602211523225768,0.9225015741707872,0.2586095064370061,0.8129560940834346,0.9544316996038,0.03139863267861631,0.8759110188590655,0.9288488221297497,0.9152582079543841,0.92126914699118,0.9623211158059548,0.9152582079543841,0.9623211158059548,0.9623211158059548,0.9027019168030597,0.3647019568709454,0.8961186971729789,0.9492063492063487,0.9602211523225768,0.938412400887346,0.938412400887346,0.8322525541058978,0.9428469360414611,0.9475597985845114,0.9288488221297497,0.5210240199989242,0.9508971383859761,0.7684119013812074,0.3833143586062788,0.7125274559321442,0.7447432793600621,0.0,0.8918007079504506,0.9492063492063489,0.758381053055492,0.960221152322577,0.9328339505740528,0.9341976401680097,0.855952276285969,0.0,0.7399891659895361,0.8058499662916012,0.9341976401680094,0.8058499662916012,0.8266892096935958,0.8129560940834346,0.9544316996038,0.7143607147557588,0.6716454483484393,0.8058499662916012,0.7431708752992889,0.9355809960386166,0.6761489807685291,0.9623211158059548,0.9355809960386168,0.9492063492063489,0.8982973238138026,0.930160641445072,0.8388272306091984,0.4779583613087228,0.8106069085572598,0.9492063492063489,0.03139863267861631,0.8420784215528954,0.861222266702256,0.5110414539348817,0.7766590274917051,0.7524297972473162,0.0,0.9856724533720749,0.8633240709217587,0.9225015741707872,0.0,0.8399134433261015,0.9428469360414604,0.9582144552981327,0.2115113915126694,0.03139863267861631,0.9114861522954751,0.9314886672615051,0.897206214237533,0.9288488221297497,0.9083158055901508,0.9355809960386172,0.8129560940834346,0.0,0.9275522446953854,0.0,0.9582144552981327,0.8333555867103808,0.8843412180810759,0.9623211158059548,0.9262700211315917,0.8022278398026612,0.904931518601306,0.9225015741707869,0.0,0.8322525541058978,0.8210376473859937,0.8506512873935228,0.9250013316406696,0.40060683675051967,0.9544316996038003,0.3227392978460525,0.9237454173815312,0.392115299153029,0.8928757609748668,0.7948313236856197,0.392115299153029,0.9225015741707872,0.9544316996038003,0.885400876353422,0.392115299153029,0.9623211158059548,0.931488667261505,0.9508971383859763,0.885400876353422,0.9475597985845114,0.9237454173815312,0.9341976401680094,0.8918007079504506,0.9152582079543841,0.9355809960386168,0.9140827360776211,0.930160641445072,0.9475597985845114,0.9384124008873462,0.7301312695908225,0.9225015741707872,0.9015943008452869,0.8333555867103808,0.42440193597169273,0.9083158055901508,0.930160641445072,0.9508971383859763,0.9526370111116405,0.9015943008452867,0.8939536575643379,0.9275522446953854,0.9275522446953854,0.9004911494084333,0.9544316996038,0.9562880686171873,0.5974763156586966,0.9262700211315922,0.8664724446651935,0.9176344520056336,0.9250013316406696,0.6549904556417999,0.9369854052620166,0.9237454173815312,0.9492063492063487,0.8366469404145511,0.8780124908814328,0.9129151319089186,0.9004911494084333,0.6623067578386677,0.9562880686171875,0.9188361382271666,0.5906675167558797,0.9314886672615046,0.944383427890573,0.926270021131592,0.8993922310882434,0.6040574193889983,0.7598430279509716,0.9398636845831869,0.6739104850582693,0.9475597985845114,0.8832831707913573,0.7143607147557586,0.9526370111116407,0.9508971383859763,0.8864622842804517,0.9275522446953852,0.9526370111116405,0.8982973238138026,0.8633240709217587,0.708808264663793,0.9459533477380775,0.9459533477380775,0.8322525541058978,0.9341976401680094,0.9027019168030599,0.9526370111116405,0.8591172857456586,0.9341976401680094,0.9562880686171873,0.8928757609748668,0.9328339505740528,0.9508971383859763,0.960221152322577,0.8854008763534222,0.9582144552981327,0.7197593917099125,0.9562880686171873
p247_I,0.7811044839911785,0.9357714224531068,0.8815270484708906,0.9996171864694428,0.944383427890573,0.9587434581480645,0.9999186621208602,0.985566616070757,0.9306570238192786,0.28476628154721206,0.9341536654578786,0.9425805352069323,0.9425805352069323,0.9151430007264558,0.9779039859151868,0.7718625469689399,0.9391025641025641,0.9249834296604695,0.9542468650366518,0.9564441004788367,0.8768459965606676,0.9836426671336507,0.9294643302252341,0.366890713502936,0.9310020898787328,0.9249834296604695,0.9391025641025641,0.9085080245777923,0.9564441004788367,0.8044319414786048,0.9178801133263084,0.9501049319099923,0.9374201804111679,0.951872084571389,0.944383427890573,0.9542468650366516,0.9462347596389562,0.9374201804111677,0.3225241548524259,0.9235293061149326,0.8898393963217797,0.9786393975617036,0.9587434581480645,0.9046463136602703,0.9492240215924427,0.83296662955302,0.9481398354780852,0.9964955240981679,0.9235293061149326,0.8815270484708906,0.44812418614614924,0.8353044563359768,0.9249834296604695,0.9357714224531068,0.953559186515656,0.9220929278982624,0.6254993376162095,0.944383427890573,0.7660694052957546,0.940821549823033,0.8971337307079472,0.9775127066593481,0.92498342966047,0.6914448928553572,0.9521375655065456,0.8077701178076946,0.9501049319099923,0.8428800681149311,0.7479507853922924,0.9732924283946004,0.9137935530290915,0.9235293061149326,0.9950603702402812,0.8941138224539529,0.944383427890573,0.8756817347288379,0.9836426671336507,0.9862951408967355,0.9402788533216082,0.9587434581480645,0.4922901047146935,0.9279496229669748,0.9192692664872615,0.92498342966047,0.944383427890573,0.9098137391625774,0.9836426671336507,0.8123411346234963,0.5766874241477833,0.9425805352069325,0.944383427890573,0.9148161375677795,0.8600881494332524,0.869652142294604,0.9192692664872615,0.8910426583248505,0.8791813830875235,0.9093531537683386,0.7178298113499548,0.9877067241057924,0.9220929278982624,0.948139835478085,0.944383427890573,0.9886006759818051,0.918558209619452,0.9542468650366516,0.8983688348924415,0.8039616261051754,0.9310020898787328,0.7558086291485204,0.8948691662912509,0.6464748616587994,0.9464665666537815,0.9008583849785581,0.9481398354780852,0.9447088305054094,0.9357714224531068,0.39360677584461723,0.9587434581480645,0.9021920595690764,0.9021953621142067,0.8361567121058329,0.9310020898787328,0.4751923669832806,0.92498342966047,0.8364561980935203,0.9462347596389562,0.9483230454649096,0.9425805352069323,0.8168059725015978,0.9213585819318297,0.948139835478085,0.9501049319099923,0.9587434581480645,0.9949392712550609,0.8910049657068134,0.8206793002008012,0.9501049319099923,0.9501049319099923,0.940821549823033,0.9435517058943511,0.9564441004788367,0.8613516681282445,0.8595337434443089,0.8305895885702973,0.9842007774937604,0.9497014469643541,0.8689141487262383,0.8008431112067665,0.8218953199998422,0.9564441004788364,0.8971337307079472,0.9001246442887977,0.9328517848460851,0.9830316367629124,0.923529306114933,0.986876628766092,0.9449459571559087,0.8694536906982978,0.9066666273465951,0.790631854153365,0.948139835478085,0.9762262925984149,0.7449828491796286,0.8874458144092712,0.9085080245777921,0.6574204612622747,0.9247323722236849,0.9632197151594926,0.8353300330663125,0.9151430007264558,0.9425805352069325,0.9220929278982624,0.9929029953132039,0.8684078159995325,0.947415451490929,0.9542468650366516,0.8407522134523208,0.9536751187028218,0.8756817347288377,0.7523143836121469,0.8780124908814337,0.9673337013468153,0.645528133754252,0.8941919843638235,0.8399577749125604,0.8445863152939237,0.5410751062994228,0.7978168085240658,0.9551504908703919,0.5437030025828595,0.9306570238192788,0.992253595139168,0.9437522764133779,0.663999651002005,0.944383427890573,0.4293338523082184,0.9408215498230332,0.5816930128085644,0.8472153102721218,0.8815270484708906,0.7043697524740822,0.944383427890573,0.8560901005086945,0.9781302557243623,0.3606452433446069,0.944383427890573,0.8564391918520338,0.9072118677365055,0.8756817347288377,0.8434311705717131,0.9321736589336936,0.9425805352069323,0.944383427890573,0.6425240515063984,0.944383427890573,0.952306375661462,0.8235236725291664,0.819938216259216,0.944383427890573,0.8771354040135095,0.944383427890573,0.8653044721443675,0.9352547073163471,0.9085080245777923,0.8641286133251769,0.9481398354780852,0.7829050929478595,0.940821549823033,0.9294643302252341,0.5566545535375335,0.9337059488987844,0.9289761630622799,0.9518720845713888,0.9501049319099923,0.9247323722236849,0.5571955700969679,0.8934633408766899,0.8874458144092714,0.9072118677365055,0.9072118677365055,0.5025303643724706,0.8745195447781486,0.9446283507116099,0.944383427890573,0.8566930971914171,0.944383427890573,0.8703570845202444,0.9072118677365053,0.9501049319099923,0.7672722523661146,0.7569259120967178,0.3668907135029359,0.9059247833199466,0.9310020898787328,0.8827041791382022,0.9615633836644075,0.9483230454649095,0.4065325533657549,0.8595337434443091,0.8897444847827973,0.6984855868966457,0.9425805352069325,0.9521375655065456,0.8396501108322616,0.3225241548524259,0.8990395688839348,0.8564391918520341,0.9264564493231813,0.9787306038515089,0.8935823500108064,0.648714480127436,0.7170066138583897,0.7778389603406075,0.9387801780547109,0.9542468650366516,0.9985333851600512,0.9059247833199469,0.9279496229669748,0.8922505553843605,0.9542468650366516,0.979063407658666,0.9124664565689306,0.9521375655065456,0.8886405262183212,0.9573800935979491,0.9481398354780852,0.9518720845713888,0.7643416962340795,0.940821549823033,0.948139835478085,0.948139835478085,0.7794285697266239,0.9542468650366518,0.9591709883811903,0.898187288392809,0.8745195447781486,0.996056990145838,0.9732924283946004,0.944383427890573,0.9694672365613162,0.9408215498230332,0.9501049319099923,0.7973792966790345,0.730288191790051,0.948139835478085,0.9235293061149328,0.8125618345626611,0.7977480447415815,0.6485804080818899,0.7109770691665067,0.9607738238281465,0.8247238791315248,0.9072908436117252,0.92135858193183,0.9676769377237683,0.8946812791236383,0.9564441004788364,0.9111295270090607,0.6985279040322147,0.9008583849785581,0.987327403406299,0.944383427890573,0.9501049319099926,0.7853092223537341,0.92498342966047,0.9542468650366516,0.9521375655065456,0.9425805352069325,0.944383427890573,0.9810860991992141,0.5385281889821132,0.9613973877408789,0.9021135127330808,0.8867803430359579,0.9279496229669748,0.648714480127436,0.8564391918520339,0.8126806934976472,0.9310020898787328,0.9374201804111679,0.8258996239394496,0.4710653144813717,0.9518720845713888,0.8203114788716956,0.9357714224531068,0.9779039859151868,0.9587434581480645,0.7627349104500594,0.9518720845713886,0.7754488325827292,0.9391025641025641,0.9425805352069325,0.9610558594824402,0.9066666273465951,0.8169220120726504,0.9994434733985325,0.8015399251065849,0.944383427890573,0.8399577749125602,0.36504490851709415,0.9536751187028218,0.8887581074151091,0.9564441004788364,0.8074925667460617,0.944383427890573,0.944383427890573,0.2955258762965446,0.6736097845286739,0.8457402940353764,0.944383427890573,0.9564441004788364,0.944383427890573,0.9151430007264558,0.8874458144092712,0.7875173406888581,0.944383427890573,0.9165049484215362,0.9652792462742585,0.816324722185402,0.8163462215157089,0.944383427890573,0.8698884442909975,0.9085080245777923,0.7769563741300044,0.7999148402257722,0.9165049484215362,0.9171672442680852,0.948139835478085,0.7794768225892708,0.944383427890573,0.8041983874263043,0.92498342966047,0.8457402940353764,0.8679335301934488,0.6791064075293489,0.842180086736515,0.9374201804111677,0.944383427890573,0.9204198120960367,0.8648253631318381,0.944383427890573,0.8268059301623197,0.911558959682428,0.8270835681605351,0.8507321343264937,0.7711810729293316,0.944383427890573,0.7843727211063931,0.8708970510157363,0.9521375655065456,0.9643650652802596,0.983192358288774,0.8983688348924412,0.9740313254644388,0.9204198120960365,0.9481398354780852,0.9035024108771544,0.9080064368535468,0.978616554847229,0.8491667876117155,0.9858240292867939,0.8583858153873953,0.9294643302252341,0.9501049319099923,0.92498342966047,0.944383427890573,0.9732924283946004,0.8922505553843605,0.9669439220688084,0.9862951408967355,0.9652524543463294,0.9980965995557116,0.8839887464834982,0.9288789627504787,0.9408215498230332,0.9341536654578786,0.944383427890573,0.9357714224531068,0.8675814580264316,0.9306570238192788,0.9542468650366518,0.8054044799021002,0.6641610905341864,0.9890537762576723,0.9294643302252341,0.7990397814623884,0.9325645805415597,0.9564441004788367,0.8791654592452369,0.9085080245777921,0.8815270484708906,0.9264564493231813,0.9836426671336507,0.9291552782955315,0.9481398354780852,0.9518720845713888,0.7961238205610728,0.865278717226353,0.9279496229669748,0.8659097723648839,0.8051389573478364,0.9954159552893472,0.8522236861229036,0.781429803642528,0.8959046461825673,0.9391025641025641,0.9389263678709251,0.9134382310844182,0.6624860705586089,0.927949622966975,0.9294643302252341,0.8002806456228626,0.8572804327866934,0.8659203535365169,0.7341136896129457,0.9466378905596333,0.9825894115428623,0.9481398354780852,0.886295303731182,0.8854177614335248,0.9098137391625776,0.8659097723648843,0.9542468650366516,0.8203114788716956,0.7855820605602203,0.9521375655065456,0.9085080245777921,0.9391025641025641,0.9391025641025641,0.9830316367629125,0.2486853627071216,0.9178801133263084,0.8358371380724523,0.9046463136602703,0.9425805352069325,0.9425805352069323,0.9937773636072582,0.6958865684445968,0.9949392712550607,0.8595337434443089,0.944383427890573,0.9521375655065456,0.944383427890573,0.944383427890573,0.9877067241057924,0.6281656481768115,0.9518720845713886,0.944383427890573,0.866218698022426,0.8215867146591924,0.9466378905596334,0.9806316443183225,0.9013701145685413,0.7874151753009926,0.6736097845286735,0.7853092223537342,0.9827123322348504,0.5174766542229501,0.7687465418993618,0.9783779352946236,0.9098137391625774,0.8014280134338712,0.842274762928803,0.9178801133263084,0.9374201804111677,0.4864279528501806,0.9498009884578036,0.9521375655065456,0.8862550362254635,0.9481398354780852,0.926193613582623,0.4034202937612611,0.926456449323181,0.9722312205307763,0.8341365508598002,0.9165049484215362,0.9337059488987844,0.8247745466647922,0.9536751187028218,0.987327403406299,0.9836426671336509,0.9462347596389562,0.9059247833199466,0.9268767184442958,0.8247130225158625,0.9830316367629124,0.900854198317711,0.5583670715249678,0.9142828581900915,0.8791813830875239,0.9397362273534058,0.8029336577904439,0.9192692664872615,0.9587434581480645,0.7874151753009925,0.8597023633262979,0.4997737230029986,0.7847770412204687,0.9836426671336507,0.6958865684445966,0.8710438663027387,0.944383427890573,0.9501049319099923,0.9085080245777923,0.6317231590254061,0.8771354040135095,0.8631230730900761,0.9980965995557116,0.9192692664872615,0.8151135627519484,0.9294643302252341,0.7677850373097674,0.9564441004788367,0.7739774738301901,0.9862951408967353,0.9388868965867968,0.9980965995557116,0.9374201804111677,0.954328488008011,0.8956580181478541,0.9279496229669748,0.9802947374692921,0.9000601858073436,0.7926237952447175,0.65166404370989,0.9111295270090602,0.7788885774795524,0.8771354040135095,0.9612320790184805,0.9676769377237683,0.9310020898787328,0.9288789627504789,0.8235236725291664,0.9280769720291011,0.8827041791382022,0.9425805352069325,0.8028226239174447,0.8258996239394496,0.9613973877408789,0.7895053760235242,0.948139835478085,0.9098137391625774,0.9882023505376625,0.973908525880739,0.6473265447337133,0.9178801133263086,0.9688298914803046,0.8688595670597334,0.9341536654578781,0.7043697524740825,0.9501049319099923,0.9587434581480645,0.944383427890573,0.35550443686902955,0.852645223991177,0.8150157770573554,0.9124559366883973,0.944383427890573,0.9040064358173314,0.8345608929679698,0.8971337307079472,0.9151430007264558,0.8946812791236376,0.8815270484708906,0.9727032043212837,0.9222826929259903,0.9206732387984036,0.8834329601470297,0.8646769443713587,0.8803528436582548,0.9521375655065456,0.8934633408766897,0.6254993376162093,0.9227946422906831,0.9072118677365053,0.9613973877408789,0.9206732387984036,0.9408215498230332,0.9587434581480645,0.9357714224531068,0.9220929278982624,0.9950603702402812,0.882356710544758,0.8733592706140669,0.9542468650366518,0.8739479665019894,0.6077326401296239,0.9283230888823258,0.9668366895736391,0.9425805352069325,0.9161682054358172,0.9391025641025641,0.9425805352069325,0.9425805352069325,0.7629300124923137,0.944383427890573,0.0,0.40079958905335245,0.944383427890573,0.9279496229669748,0.9134382310844185,0.9732924283946004,0.9481398354780852,0.7004399384993003,0.6791064075293489,0.9985778460732367,0.9622208147425825,0.8733891874315001,0.9294643302252341,0.7329350212200354,0.944383427890573,0.8983688348924415,0.948139835478085,0.927949622966975,0.9825894115428624,0.8996102754967261,0.9542468650366516,0.9462347596389562,0.5681578169164545,0.9072118677365053,0.9310020898787328,0.944383427890573,0.6985279040322148,0.9137935530290913,0.9178801133263084,0.8235236725291664,0.9341536654578786,0.9732924283946004,0.9235293061149326,0.9481398354780852,0.8983688348924415,0.951823862302573,0.944383427890573,0.944383427890573,0.8710438663027387,0.3606452433446069,0.8771132983621985,0.9391025641025641,0.9341536654578784,0.8077701178076946,0.9980965995557116,0.7972615860446494,0.7417775415661962,0.944383427890573,0.944383427890573,0.8989693475002435,0.9775127066593481,0.9291552782955312,0.7923350182018285,0.8910049657068133,0.9903155969187698,0.8522236861229033,0.7483733304361245,0.926456449323181,0.9669439220688084,0.944383427890573,0.7574477890974255,0.9501049319099923,0.3225241548524259,0.8151135627519484,0.9542468650366516,0.8692466107210817,0.944383427890573,0.944383427890573,0.7799466949863588,0.944383427890573,0.7968652215855252,0.9325645805415599,0.843431170571713,0.8898393963217797,0.8118514679140411,0.9247323722236849,0.8545947998249975,0.8646769443713589,0.944383427890573,0.9072118677365053,0.7482043655944327,0.9462347596389562,0.9008317218258524,0.9726558411029649,0.7362858947045932,0.7189341213563909,0.9098137391625774,0.9462347596389562,0.8457402940353764,0.944383427890573,0.998375978871993,0.7276155846772585,0.7612308446591676,0.8606818700890229,0.8821518367309957,0.691252100914934,0.8959046461825675,0.8399577749125604,0.9521375655065456,0.8560901005086945,0.8880877187509167,0.6142037786774619,0.9564441004788367,0.9573800935979493,0.92498342966047,0.9669439220688084,0.4481241861461489,0.9985778460732369,0.8641286133251769,0.9220929278982624,0.9072118677365051,0.7524715470016594,0.9587434581480645,0.9466378905596333,0.9587434581480645,0.8815382336298224,0.8934633408766897,0.9536751187028218,0.8862550362254638,0.9950603702402812,0.9564441004788364,0.9325645805415599,0.9836426671336507,0.8434418127102155,0.9374201804111681,0.9425805352069323,0.7612216579618672,0.8838844233706618,0.49177699111350115,0.8637903167698088,0.9290437380995717,0.9402788533216082,0.9391820511391488,0.944383427890573,0.8815270484708906,0.944383427890573,0.8218953199998424,0.28476628154721206,0.9786393975617036,0.9279496229669753,0.8708970510157363,0.944383427890573,0.9960359344026932,0.7874151753009926,0.637560350350066,0.7398037923896812,0.7328485244428715,0.7555127762673703,0.9501049319099923,0.885417761433525,0.886295303731182,0.9712744656435086,0.7834491233257191,0.9294643302252341,0.8282649465133354,0.9587434581480645,0.9294643302252341,0.944383427890573,0.8886405262183212,0.9694672365613162,0.9568760853924656,0.7139253475160503,0.7926237952447177,0.944383427890573,0.9425805352069325,0.951823862302573,0.8480451455932463,0.8862550362254638,0.7769563741300045,0.7753502986585725,0.944383427890573,0.7370398200395534,0.8503465187788166,0.9151430007264558,0.944383427890573,0.8726696778066865,0.9374201804111677,0.9542468650366516,0.9294643302252339,0.9425805352069323,0.8597023633262979,0.9716572732363805,0.8874458144092714,0.9421847517560787,0.8996102754967261,0.9294643302252339,0.7951960389045738,0.944383427890573,0.9010098990098928,0.944383427890573,0.39360677584461723,0.9533776220537196,0.8733592706140669,0.3225241548524259,0.9192692664872615,0.9668366895736389,0.932173658933694,0.9151430007264558,0.944383427890573,0.8040360104672089,0.7692371402416002,0.9210899562266237,0.9178801133263086,0.9072118677365058,0.9161682054358173,0.9178801133263081,0.5273352885101545,0.9321033235024668,0.8827041791382022,0.7753502986585727,0.9321033235024668,0.9151430007264558,0.9501049319099923,0.9066666273465949,0.9321033235024668,0.3225241548524259,0.92498342966047,0.9913221015557613,0.8745195447781486,0.9985778460732369,0.6984613694542492,0.9762262925984149,0.9148161375677795,0.9466378905596335,0.978616554847229,0.9059247833199469,0.6630293198676147,0.8808946086335749,0.5566545535375345,0.8995084169455554,0.915143000726456,0.8922505553843605,0.8564391918520337,0.9416326475614254,0.8996102754967263,0.9235293061149326,0.49177699111350115,0.9873274034062991,0.9276677015291239,0.9513129424308564,0.9206732387984036,0.9652524543463297,0.9964955240981679,0.9501049319099923,0.9521375655065456,0.6811327107107399,0.9192692664872617,0.853793834586861,0.9098137391625776,0.9178801133263084,0.7356990755650732,0.9310020898787328,0.9165049484215364,0.944383427890573,0.848469631801761,0.928481264683741,0.9046463136602703,0.8910426583248505,0.7427588180232221,0.9521375655065456,0.9666428003039549,0.6747630921837098,0.9249834296604695,0.9391025641025641,0.9192692664872615,0.9596253481255901,0.6873051364783633,0.7630684742162603,0.9341536654578786,0.996056990145838,0.9425805352069323,0.8097424854037194,0.9655446367127574,0.9481398354780852,0.9913221015557613,0.8333959461487794,0.9206732387984031,0.9481398354780852,0.9579262138531626,0.8567185179792461,0.9763281206504475,0.9408215498230332,0.9408215498230332,0.8853872820416493,0.9762262925984149,0.8934633408766897,0.9481398354780852,0.836399157341423,0.927949622966975,0.9521375655065456,0.8827041791382022,0.926456449323181,0.9913221015557613,0.3606452433446061,0.8745195447781486,0.39360677584461723,0.9877067241057924,0.9521375655065456
p247_V,0.7027230137010605,0.9632064435946427,0.8462633074936134,0.9978926033054865,0.9071820194155725,0.9311473405254241,0.8344516702319891,0.8897514214609904,0.8480002345284655,0.5714316619801896,0.8901096639134574,0.9430441133000051,0.9041731885624827,0.8862848743640493,0.9367729138604929,0.6147926931262067,0.8983688348924415,0.874805542571283,0.9236430180495622,0.9273099638694317,0.7944694276080912,0.9211999702940652,0.8822836759018076,0.5947271321453258,0.8848500287036507,0.8748055425712828,0.9352547073163471,0.8473098920648878,0.9273099638694317,0.6727151240400382,0.8915893040116918,0.9167305843279034,0.9315707757470981,0.8785995314863118,0.9471856021934963,0.971510747264704,0.992771886120673,0.8955611203771286,0.5940561951811463,0.9027254843534638,0.8161539917768377,0.9399577791589849,0.9311473405254241,0.8663852957887841,0.9540876754119363,0.7582065891509938,0.9134510531460032,0.8878245390380265,0.8723787692931401,0.8022815916598937,0.6415678677960708,0.7623054685545756,0.9056384037386231,0.544015115993725,0.967580431117067,0.8699816110295121,0.8311566754341573,0.4527606561376478,0.5913310545049355,0.9769097246611171,0.8283274386785915,0.9775281885106573,0.8748055425712833,0.9072413322146773,0.9201228276565452,0.6968873901953965,0.9167305843279034,0.714895425405061,0.6308487894711692,0.9806215235201541,0.8561308614012544,0.87237876929314,0.9871891849714203,0.8786089985412942,0.4527606561376478,0.8352339646544548,0.9211999702940652,0.9245544567587657,0.8184890300696824,0.9311473405254242,0.7309976147881523,0.9754308715802918,0.6701902994928775,0.874805542571283,0.4527606561376478,0.8494889870069658,0.977573083395465,0.7123650747792137,0.8374365816815987,0.4738920156371562,0.4527606561376478,0.8462633074936134,0.9238875423353753,0.8479439764127996,0.5830889610344809,0.7870841000502877,0.8200923704280131,0.8803666744031946,0.9948443033327279,0.8620496717575943,0.959640125090411,0.9560815611946234,0.9071820194155726,0.8547950538921119,0.6599630395336757,0.9236430180495617,0.8303886925795055,0.9575099375176466,0.8848500287036508,0.9919262538569815,0.8950892352008182,0.7779195459429329,0.7689775700556013,0.9833644259373792,0.9987120692432441,0.7414161414842528,0.9663966363465524,0.6455474190141608,0.931147340525424,0.8167405509928952,0.9684660046033542,0.9817148430281427,0.8848500287036507,0.7361112348249468,0.878531568089995,0.6391642586230133,0.992771886120673,0.6002146597538158,0.9403431124874277,0.8162691343842878,0.8075764590608762,0.9134510531460025,0.9167305843279034,0.9311473405254241,0.9352547073163471,0.9332755535924941,0.9532756058287133,0.9167305843279036,0.9167305843279033,0.4555495968361458,0.7990431157916684,0.9273099638694314,0.7499815552220275,0.7655771691915655,0.9478388320065987,0.9117392230564539,0.8485046616197532,0.9782131961711649,0.9455409403449178,0.9885149882555533,0.9273099638694315,0.9249662444564587,0.9825772600177406,0.8244517780401754,0.960900739115506,0.8723787692931401,0.8754460700738961,0.9203312082606386,0.8819582662036614,0.827157147781812,0.5884306290066171,0.9987120692432442,0.9116474872122647,0.6518285716782557,0.8576091094058845,0.8473098920648877,0.7731685558609009,0.8853051607789587,0.8943030082151381,0.8781070479449893,0.8862848743640493,0.9041731885624823,0.8699816110295125,0.704361345512518,0.8080836985441057,0.9615472725801572,0.9236430180495617,0.699713077998924,0.8811280236189604,0.8444593143233716,0.9338030508424136,0.8828088005589536,0.9895262964440439,0.8237303382748609,0.6847712367512152,0.845672039243455,0.7406315451944613,0.7586822054454934,0.36802281584671226,0.9132514571874899,0.758237958704272,0.8480002345284663,0.8514918351487014,0.9254773446084315,0.6643188309876011,0.4527606561376478,0.6772273284921262,0.9012376341940861,0.4387719276449056,0.7715738356429979,0.9122358812441934,0.8626012630123832,0.4527606561376478,0.8189790899217093,0.8910742777540256,0.57143166198019,0.4527606561376478,0.694288752303202,0.8711916800801188,0.856587746055933,0.7681568665339873,0.8502356340816408,0.9041731885624826,0.4527606561376478,0.45018402515001255,0.45276065613764793,0.778137120591698,0.8686823419463308,0.8436511096202786,0.4527606561376478,0.753951456293447,0.4527606561376478,0.9767340386921295,0.9522232037691399,0.8473098920648877,0.8138600816370072,0.913451053146003,0.9375741869524976,0.49338564206966096,0.8822836759018076,0.7413768753377017,0.9249662444564588,0.9662935619990936,0.8785995314863116,0.9167305843279034,0.6075862665388158,0.8281210626717748,0.8693583305852736,0.8121593651564609,0.8711916800801188,0.8451467479521525,0.7327724408685024,0.8330597247692185,0.9769097246611174,0.4527606561376478,0.9891725552066308,0.4527606561376478,0.8435934502149673,0.897236612208085,0.9167305843279034,0.7200996718918713,0.9547361006723675,0.6359772303187259,0.8429987447247772,0.951021279570129,0.8485046616197531,0.8687767861693851,0.8809236519249313,0.6602438663677912,0.805491756124483,0.8054917561244832,0.8810676546773244,0.4738920156371562,0.9660244666247457,0.7586488152980316,0.5940561951811463,0.7852213103712289,0.963507685402635,0.6211847265551078,0.8630364988833324,0.8319768230501763,0.8182484869464812,0.8690984965746689,0.9216931609220923,0.7487931360339288,0.9236430180495617,0.8477291477426698,0.8429987447247782,0.9435391793962782,0.8669712684969002,0.9236430180495617,0.8411437644733701,0.8875715268459291,0.8044673385342516,0.8599235121346391,0.8862848743640491,0.913451053146003,0.8785995314863118,0.9426510297685153,0.901237634194086,0.9134510531460027,0.9160269146595148,0.7354994715814818,0.923643018049562,0.8736449152209762,0.8127489866836279,0.8330597247692189,0.8988022075679377,0.971510747264704,0.9071820194155725,0.9758876554052414,0.9012376341940861,0.9507589513092889,0.9501193058088383,0.9341101219468471,0.9134510531460027,0.9330721994137876,0.9684281391405001,0.994977136763975,0.8678146277186343,0.9156388623700213,0.8774478093174567,0.741011798138097,0.7959625204933167,0.8276180550491861,0.9774358012844695,0.824234565009771,0.9273099638694317,0.9862580849438625,0.8944039307681861,0.8841504617080546,0.998712069243244,0.4527606561376478,0.9167305843279033,0.8005470695958363,0.8748055425712833,0.9236430180495617,0.9660244666247457,0.9041731885624826,0.4527606561376478,0.7842937169639572,0.7412828774444438,0.9633423340760361,0.9630923229233499,0.8715009104052136,0.8797557950282511,0.8182484869464814,0.963507685402635,0.7586488152980319,0.9179356541368899,0.8955611203771291,0.7458748706459164,0.6602438663677912,0.9862580849438626,0.708380185816919,0.8928095235358382,0.936772913860493,0.9311473405254241,0.930321404095777,0.8785995314863115,0.9251305032885435,0.8983688348924415,0.4350210908996335,0.9785195383342151,0.9604783975625821,0.9079163378259326,0.91034765159909,0.7039296148764382,0.4527606561376478,0.8268778688937799,0.6714807697171281,0.8811280236189604,0.9642214739412927,0.9774358012844694,0.9148860517099924,0.4527606561376478,0.4527606561376478,0.6117270746813572,0.8430460617284972,0.780735499840489,0.45276065613764793,0.9724383613004925,0.9071820194155725,0.9141868065994085,0.8121593651564609,0.97131345482835,0.9871891849714203,0.860655883986205,0.9438307679586415,0.7292932745275391,0.875579136870676,0.4527606561376478,0.8660455228280792,0.8736330304641181,0.9619458466579622,0.9226332903344547,0.9171790486927816,0.8819493384237895,0.9134510531460026,0.9205439119697588,0.4527606561376478,0.8712264364031743,0.9056384037386233,0.7807354998404884,0.7965038445623299,0.8422277211857261,0.7808458192012901,0.9315707757470981,0.4527606561376478,0.9004494419178448,0.8542447201585123,0.4527606561376478,0.8849898748342022,0.9525627369910082,0.7479349531701873,0.7324664423759276,0.932812691786538,0.4527606561376478,0.9741246728397406,0.8880374742123658,0.9660244666247456,0.691715031197254,0.7600128818071814,0.8303886925795053,0.8816232583814052,0.832741425359228,0.998712069243244,0.9514641192095346,0.8138801832529765,0.9147537619655589,0.9371017398063328,0.9706897592453478,0.8232864604180834,0.5981949470781709,0.9949291060968914,0.9056384037386235,0.4527606561376478,0.9327537943050122,0.8201779527396991,0.8502535152876508,0.924554456758766,0.8970614495800681,0.4177135516026307,0.8846005584099086,0.9927718861206731,0.49338564206966184,0.9245544567587659,0.9071820194155725,0.9632064435946429,0.8407886488890512,0.9905942516406373,0.923643018049562,0.9773867320919686,0.7719350116403416,0.9280079835652403,0.8904257216519331,0.9476503946668404,0.9549422857308887,0.9273099638694315,0.9624635876060974,0.9262793072625788,0.8018829658366271,0.6211847265551078,0.9211999702940652,0.9400928876893213,0.913451053146003,0.9055141698506994,0.8841909425473031,0.8567662372749554,0.9116474872122647,0.9994428908841724,0.9032215790146931,0.9202277241011811,0.9108888899708296,0.9865721720496079,0.8741950372324273,0.9721405797402527,0.8351330703677745,0.9314597245690749,0.8625977355177168,0.9754308715802917,0.5332547749506689,0.7017810438519673,0.8343319933240769,0.8598294126465456,0.8651106674996403,0.9464937950241179,0.7398375737604279,0.9134510531460028,0.7541029144049772,0.9544240915477888,0.8761017783000719,0.9763925012167984,0.7891506066595859,0.9951528413902722,0.9778098291715069,0.9660244666247457,0.8999561688633484,0.8983688348924415,0.8983688348924417,0.9949291060968914,0.5498119605838776,0.8629508839222022,0.7876056996810665,0.8408651185851415,0.9041731885624824,0.9041731885624827,0.863439687917132,0.9015753828032986,0.4745713339011637,0.8254490495909419,0.4527606561376478,0.9660244666247457,0.4527606561376478,0.4527606561376478,0.7917740909215247,0.30596417250440466,0.9055141698506992,0.4527606561376478,0.8435934502149676,0.938719216738811,0.5558198131046264,0.9371017398063328,0.8244517780401752,0.8534327383781172,0.8668117312471921,0.5647652125823466,0.834680497659993,0.5642940490733344,0.8444593143233714,0.6667624216296497,0.8494889870069654,0.7020256249302352,0.9606988684990347,0.8629508839222023,0.8955611203771288,0.6825658682372411,0.8469065590287286,0.9201228276565452,0.8101720865063557,0.998712069243244,0.8413829160506421,0.6401499290272312,0.9399577791589849,0.9472238480293105,0.7231920303957073,0.9454406310460695,0.8524871401230585,0.9553658937794354,0.8193475016382248,0.9560815611946234,0.5389229827167628,0.9102716897738728,0.8429987447247776,0.9094058344019367,0.8892013431676743,0.6857380225836753,0.7766375347873177,0.474571333901165,0.8885649738128308,0.7983669324899143,0.9792140372249503,0.986572172049608,0.8652692287290058,0.9105871713767661,0.7319748180712855,0.9036429717219352,0.588343398283693,0.7100994863038873,0.9211999702940652,0.8772084805653717,0.8474938174152811,0.4527606561376478,0.9949291060968914,0.9262793072625789,0.7327857355831129,0.9001407514923851,0.9775730833954648,0.9390736794276018,0.8652692287290058,0.6914447422424863,0.914753761965559,0.9550635896140871,0.9273099638694318,0.7261502926840113,0.8343319933240769,0.8929535310764505,0.45554959683614626,0.9315707757470979,0.7956280315721891,0.9753714085919838,0.9116474872122646,0.9253706672315114,0.8016259076809479,0.9500550908555332,0.9207822008688005,0.9593434465794747,0.736388365221172,0.7848381540876627,0.8915893040116916,0.9223125238854553,0.9510212795701292,0.9659780157059268,0.7598809782022387,0.9655943695052818,0.8416853657173757,0.4738920156371562,0.834314518074645,0.7640895561842883,0.9633423340760361,0.9738691803569368,0.9134510531460025,0.8494889870069657,0.9262793072625788,0.9660013292083209,0.7118888896882927,0.8915893040116917,0.9828074695633924,0.6137179971847142,0.8901096639134568,0.7848594135373383,0.960900739115506,0.9311473405254242,0.4527606561376478,0.39470523267522006,0.7540809830620381,0.6821408401991449,0.9083575213228523,0.45276065613764793,0.933793413296756,0.7499815552220277,0.828327438678591,0.6672842098702036,0.8717659040471606,0.8022815916598935,0.886842395222031,0.9696319029063796,0.8676123050779097,0.9974453487898599,0.9375137391528914,0.8221782642240061,0.9201228276565452,0.8693583305852733,0.8311566754341573,0.9160269146595148,0.845146747952153,0.983902503224694,0.9262436834069807,0.9390736794276017,0.9105871713767661,0.892809523535838,0.9507013608486898,0.9471856021934963,0.8869292459516156,0.8731392272251148,0.9236430180495622,0.972807232250656,0.808861506211348,0.8910380624415611,0.8808928497196371,0.4350210908996335,0.9065887965216863,0.400799589053352,0.4350210908996335,0.4738920156371562,0.44853450940399486,0.4527606561376478,0.40079958905335245,0.0,0.4527606561376478,0.8797557950282512,0.8062647706027615,0.9715107472647038,0.998712069243244,0.8503689775024521,0.8422277211857261,0.4350210908996335,0.8343145180746449,0.7596587966440698,0.8822836759018077,0.9991195318168764,0.4527606561376478,0.8791224970553594,0.913451053146003,0.8797557950282512,0.9328646669635832,0.8816232583814048,0.9236430180495618,0.992771886120673,0.7842937169639574,0.9725387271520842,0.7842937169639574,0.9071820194155722,0.4776850167207298,0.8836891281120094,0.8915893040116916,0.9862491730615475,0.8901096639134578,0.9806215235201541,0.9027254843534638,0.9560815611946234,0.8547555948174324,0.8757324834775566,0.4527606561376478,0.9728072322506562,0.8474938174152812,0.621557499395228,0.793963182773041,0.9909735478358417,0.8901096639134575,0.8207737752575356,0.4177135516026307,0.9343870141122433,0.8782517923665751,0.4527606561376478,0.4527606561376478,0.43523159560718794,0.7363883652211713,0.9891725552066308,0.8863002895358142,0.9012189294649909,0.8374707201311468,0.8892013431676742,0.9970242343442942,0.9086108152814202,0.9026304999017275,0.4527606561376478,0.8103049115439784,0.9949291060968914,0.5940561951811463,0.6914447422424865,0.9236430180495617,0.7629656038095295,0.4527606561376478,0.4527606561376478,0.9644357001570518,0.972807232250656,0.9450162973457874,0.8874576548572418,0.8145713346772089,0.8161539917768375,0.6317522383853968,0.9994428908841724,0.9132896726075472,0.9506865184666059,0.45276065613764793,0.8451467479521529,0.9649621880529952,0.9927718861206731,0.9806215235201541,0.694982844513024,0.6376616569315285,0.5124858884506407,0.849488987006966,0.9102716897738728,0.9716259510577382,0.4527606561376478,0.8253428631243714,0.8311575174757635,0.9533421115494247,0.9879508229556684,0.7930652716666672,0.8608012562583447,0.8262762309308548,0.7329070171454055,0.9201228276565451,0.759830105483492,0.9604427436440265,0.8065441857163138,0.9724383613004925,0.9420887388347677,0.6010358175839319,0.8153355255449325,0.6415678677960703,0.4350210908996335,0.7732455048551017,0.9297539537367779,0.845146747952153,0.7856116713589298,0.9311473405254242,0.9493264764640174,0.9633423340760359,0.9633423340760361,0.8222019591825747,0.6559705154148723,0.8327414253592278,0.9471856021934963,0.9774358012844696,0.8874576548572418,0.9211999702940653,0.7651205140842702,0.8955611203771292,0.9041731885624826,0.8012705040805246,0.8374365816815978,0.4709768376251251,0.8686337040287833,0.4585784393722814,0.9517928218096832,0.9831770729368488,0.4527606561376478,0.8022815916598935,0.9471856021934963,0.9598804114628376,0.5714316619801896,0.939957779158985,0.8797557950282513,0.7745897312459166,0.4527606561376478,0.940922761170967,0.7493259495436899,0.8332189753156267,0.9575395272125444,0.9851412693751386,0.9550074845158034,0.960900739115506,0.9720680982117444,0.8597175460624875,0.7666770810160949,0.9674259198311388,0.8822836759018076,0.9389080296505028,0.9311473405254241,0.9472238480293105,0.972807232250656,0.8141532085971921,0.9634189144741112,0.8505487813223152,0.37613972697155207,0.706172362746514,0.852796483916884,0.4350210908996335,0.8939892735214665,0.8040552536551167,0.7835798141419448,0.9179295303263685,0.9697984494564047,0.4527606561376478,0.9050401167588935,0.8082987724345367,0.8583829421286902,0.4527606561376478,0.925548573506128,0.9675804311170673,0.9236430180495617,0.37090434463190736,0.4738920156371562,0.9220789118144436,0.9673041260733035,0.8121593651564608,0.7713843327268919,0.8324605212725527,0.8822836759018077,0.7454995460594973,0.4527606561376478,0.8378962499005052,0.4527606561376478,0.6455474190141608,0.8570130258644103,0.7886504630631684,0.5940561951811463,0.8943030082151381,0.8289730076527363,0.8981544403832137,0.8583829421286903,0.4527606561376478,0.9303479496835153,0.8689547727277667,0.8202534856893524,0.8629508839222023,0.7120894058724216,0.9507589513092889,0.6788343946459681,0.7719435454210501,0.5735810631520468,0.8042460940964862,0.7802056123370419,0.5735810631520468,0.8862848743640493,0.9167305843279034,0.8542961702347794,0.5735810631520468,0.5940561951811463,0.8748055425712831,0.992771886120673,0.8330597247692186,0.9430441133000051,0.8849898748342027,0.9116474872122647,0.8242724495767537,0.8972366122080851,0.8579556355881817,0.8429987447247784,0.7938073650432995,0.9792140372249503,0.7751191907745247,0.960274374002883,0.8583829421286904,0.8201779527396991,0.9826485279774787,0.655806405072205,0.8324605212725533,0.9330721994137876,0.7184774266655263,0.9560815611946234,0.8669712684968996,0.8730309725302883,0.8676123050779097,0.8970614495800683,0.8878245390380264,0.9949291060968912,0.9660244666247457,0.5663665418642663,0.8652692287290051,0.814693163956197,0.9027145695931778,0.9488661441906703,0.669373681790264,0.8848500287036507,0.8606558839862046,0.9471856021934961,0.7917782793798906,0.8385728496239446,0.9939861818069966,0.8181621045569506,0.6802295580743654,0.9201228276565452,0.9324288082150871,0.5769212666344119,0.8748055425712828,0.9721405797402527,0.9523705671874023,0.8853051607789586,0.5758321464152951,0.6299265819422077,0.8901096639134575,0.8443792983848688,0.9041731885624826,0.961152031579688,0.9014920715559223,0.913451053146003,0.9927718861206731,0.9847104344648024,0.8676123050779093,0.9560815611946236,0.8828086639033634,0.9824610038823912,0.8224156581297057,0.9012376341940861,0.901237634194086,0.9442567118679257,0.9926774362356947,0.8222019591825749,0.8307658985622737,0.9138397782119128,0.9754308715802918,0.9201228276565452,0.8263753778581199,0.9399577791589847,0.9927718861206731,0.6215574993952275,0.8330597247692187,0.6455474190141604,0.8919857953161621,0.9201228276565452
p247_W,0.7524297972473161,0.9413411539914585,0.8918007079504506,0.9225015741707872,0.9492063492063487,0.9623211158059548,0.7050163519970581,0.7509151724713103,0.9038142386822647,0.960221152322577,0.9398636845831869,0.9475597985845114,0.9475597985845114,0.9225015741707872,0.9106019687464653,0.5567710364845595,0.944383427890573,0.9314886672615048,0.9582144552981327,0.960221152322577,0.8875255844205965,0.938412400887346,0.935580996038617,0.9508971383859763,0.9369854052620163,0.9314886672615046,0.944383427890573,0.916441965519317,0.960221152322577,0.7739436107925906,0.9250013316406693,0.9544316996038,0.9428469360414609,0.9188361382271659,0.9492063492063489,0.9582144552981327,0.9508971383859763,0.9428469360414602,0.9623211158059548,0.930160641445072,0.8993922310882436,0.932833950574053,0.9623211158059548,0.912915131908919,0.9443834278905732,0.8474513194974065,0.9526370111116405,0.9004911494084333,0.930160641445072,0.8918007079504506,0.9544316996038,0.8495864161552136,0.9314886672615046,0.13408370177867746,0.9428469360414604,0.9288488221297497,0.9288488221297497,0.0,0.7383793872014479,0.9459533477380775,0.9060540201833016,0.831146423199498,0.931488667261505,0.8993922310882436,0.9562880686171875,0.8244397822834253,0.9544316996038,0.6473831763250288,0.7698078233874499,0.9582144552981327,0.92126914699118,0.9301606414450723,0.9492063492063487,0.8266892096935958,0.0,0.8864622842804517,0.938412400887346,0.9398636845831867,0.8233095582802461,0.9623211158059548,0.9398636845831869,0.9341976401680094,0.31108550994831163,0.9314886672615048,0.0,0.9176344520056336,0.938412400887346,0.8046479448175341,0.8939536575643376,0.03139863267861631,0.0,0.8918007079504506,0.831146423199498,0.8548949080074899,0.31108550994831163,0.48955645159511163,0.8896584524348263,0.8875255844205965,0.8198957816506434,0.8187498553347687,0.9288488221297497,0.9526370111116405,0.9492063492063489,0.8580633769736241,0.6072669396673074,0.9582144552981327,0.907182019415572,0.7973204052495684,0.9369854052620166,0.8289245259008584,0.8759110188590657,0.9328339505740528,0.8070467719220202,0.9094556823349389,0.9526370111116405,0.7833099084134079,0.9413411539914585,0.9582144552981327,0.9623211158059548,0.8580633769736241,0.9129151319089193,0.885400876353422,0.9369854052620166,0.9250013316406696,0.931488667261505,0.7554264789789613,0.9508971383859763,0.6339927913026551,0.9475597985845114,0.9152582079543838,0.8727631680356085,0.9526370111116405,0.9544316996038,0.9623211158059548,0.944383427890573,0.8453085223330421,0.879064442044788,0.9544316996038003,0.9544316996038,0.06018876900101988,0.8046479448175343,0.960221152322577,0.8244397822834253,0.8717146038820363,0.8875255844205967,0.9106019687464659,0.892875760974867,0.8420784215528956,0.9301606414450723,0.7583810530554915,0.9602211523225768,0.9060540201833014,0.8559522762859688,0.8811713725919912,0.9544316996038,0.9301606414450725,0.8950345750758599,0.9140827360776209,0.8938851835250172,0.5567710364845593,0.7367566674079002,0.9526370111116407,0.9341976401680094,0.7431708752992887,0.8972062142375332,0.9164419655193166,0.8612222667022558,0.8993922310882436,0.9262700211315917,0.8453085223330423,0.9225015741707872,0.9475597985845114,0.9288488221297495,0.6783615558233287,0.8538362113124116,0.8780124908814328,0.9582144552981327,0.6072669396673073,0.9200475251844384,0.5526275082095409,0.9117550006367756,0.8885909234541711,0.9288488221297497,0.9475597985845114,0.6394614409405057,0.8538362113124116,0.8580633769736241,0.9015943008452869,0.13408370177867734,0.9237454173815312,0.9459533477380775,0.903814238682265,0.8221755430097122,0.7897778653703145,0.9060540201833014,0.0,0.9508971383859763,0.9459533477380777,0.4895564515951115,0.8355526955775656,0.8918007079504506,0.9475597985845114,0.0,0.8685695845092951,0.7897778653703145,0.960221152322577,0.0,0.6951973979147161,0.9152582079543841,0.8864622842804517,0.6447787703816181,0.9049315186013059,0.9475597985845114,0.0,0.6473831763250286,0.0,0.8117838598171898,0.8388272306091986,0.8355526955775657,0.0,0.6339927913026551,0.0,0.7050163519970583,0.9071820194155717,0.9164419655193166,0.8759110188590655,0.9526370111116407,0.7711949776746383,0.06018876900101888,0.935580996038617,0.9384124008873462,0.9060540201833014,0.7554264789789611,0.9188361382271666,0.9544316996038,0.4951319232791844,0.8907283270583697,0.9027019168030599,0.897206214237533,0.9152582079543838,0.9152582079543838,0.944383427890573,0.885400876353422,0.9459533477380777,0.0,0.9027019168030597,0.0,0.7334713952978886,0.9152582079543841,0.9544316996038,0.9275522446953854,0.7711949776746383,0.9508971383859763,0.9140827360776205,0.9369854052620161,0.892875760974867,0.9398636845831869,0.8612222667022562,0.9526370111116405,0.8717146038820363,0.8717146038820349,0.8442340263447974,0.03139863267861631,0.9562880686171873,0.8289245259008584,0.9623211158059548,0.8333555867103808,0.8333555867103808,0.24376003609304187,0.8706662210952574,0.8748612665230131,0.9544316996038003,0.848519788337875,0.7973204052495684,0.7780046509581313,0.9582144552981327,0.8289245259008584,0.9140827360776214,0.9341976401680094,0.9015943008452874,0.9582144552981327,0.8517144868263773,0.8141237078825918,0.9562880686171873,0.8982973238138026,0.9225015741707867,0.9526370111116407,0.9188361382271666,0.8070467719220202,0.9459533477380775,0.9526370111116405,0.9526370111116407,0.7985559379258667,0.9582144552981327,0.7985559379258667,0.6499526646778642,0.885400876353422,0.8442340263447972,0.9582144552981327,0.9492063492063487,0.930160641445072,0.9459533477380777,0.9544316996038003,0.8022278398026612,0.8982973238138026,0.9526370111116405,0.9301606414450723,0.9164419655193172,0.7250134267509765,0.9094556823349389,0.8843412180810755,0.6848496741376313,0.7923174570100686,0.6911250629978627,0.8727631680356077,0.9602211523225768,0.903814238682265,0.9602211523225768,0.9188361382271668,0.9152582079543841,0.9094556823349389,0.9526370111116405,0.0,0.9544316996038,0.9027019168030597,0.931488667261505,0.9582144552981327,0.9562880686171873,0.9475597985845114,0.0,0.9369854052620163,0.9582144552981327,0.9623211158059548,0.9106019687464655,0.823309558280246,0.9341976401680094,0.9544316996038003,0.8333555867103808,0.8289245259008584,0.9369854052620166,0.9428469360414611,0.8409971458279799,0.9526370111116405,0.9188361382271659,0.8117838598171898,0.9413411539914587,0.9106019687464657,0.9623211158059548,0.7655931084723666,0.9188361382271666,0.7780046509581313,0.944383427890573,0.03139863267861631,0.92126914699118,0.885400876353422,0.8070467719220202,0.8082384637825222,0.8187498553347687,0.0,0.8538362113124116,0.9176344520056336,0.9200475251844387,0.9176344520056336,0.9602211523225768,0.8453085223330421,0.0,0.0,0.930160641445072,0.903814238682265,0.8591172857456586,0.0,0.9602211523225768,0.9492063492063489,0.922501574170787,0.8972062142375332,0.7897778653703145,0.9492063492063489,0.9237454173815309,0.938412400887346,0.8322525541058978,0.9634411459729271,0.0,0.8811713725919912,0.9164419655193168,0.7766590274917047,0.9952327064015152,0.9237454173815312,0.8704033497109469,0.9526370111116405,0.7960789049353036,0.0,0.7973204052495684,0.9314886672615053,0.8591172857456586,0.8300371089395653,0.9508971383859763,0.831146423199498,0.9428469360414606,0.0,0.8961186971729789,0.7399891659895361,0.0,0.9237454173815309,0.7948313236856197,0.8420784215528956,0.8152867967569688,0.8022278398026612,0.0,0.7698078233874488,0.8559522762859684,0.9562880686171873,0.6574604645689301,0.7250134267509767,0.907182019415572,0.908315805590151,0.8961186971729789,0.9526370111116405,0.8982973238138026,0.8864622842804517,0.935580996038617,0.8527760996057683,0.8738120195914167,0.8706662210952574,0.21151139151266862,0.9544316996038,0.9314886672615055,0.0,0.9582144552981327,0.9015943008452869,0.8129560940834346,0.9398636845831869,0.9275522446953854,0.06018876900102055,0.7478523304650295,0.9508971383859763,0.06018876900102055,0.9398636845831869,0.9492063492063489,0.9413411539914582,0.879064442044788,0.903814238682265,0.9582144552981327,0.8463809254714867,0.9602211523225768,0.9413411539914582,0.935580996038617,0.801009545737682,0.938412400887346,0.9602211523225768,0.7997856146881548,0.9164419655193166,0.5305546844946969,0.24376003609304187,0.938412400887346,0.9027019168030597,0.9526370111116405,0.9188361382271666,0.8993922310882436,0.8769613888066743,0.9341976401680094,0.8993922310882436,0.9398636845831869,0.9250013316406693,0.6827113291147924,0.7725735218970409,0.9049315186013058,0.9443834278905732,0.8141237078825918,0.8907283270583697,0.9225015741707872,0.9341976401680094,0.21151139151266984,0.8175997772209664,0.9398636845831869,0.8517144868263774,0.9341976401680094,0.9152582079543841,0.7539334992316542,0.9526370111116405,0.8453085223330421,0.7143607147557585,0.9176344520056336,0.8993922310882432,0.9582144552981327,0.7301312695908229,0.8918007079504506,0.9562880686171875,0.9164419655193166,0.944383427890573,0.944383427890573,0.9544316996038003,0.9582144552981327,0.9250013316406696,0.8255663034700989,0.9129151319089186,0.9475597985845114,0.9475597985845114,0.7125274559321444,0.9071820194155717,0.08671734220308636,0.8717146038820361,0.0,0.9562880686171873,0.0,0.0,0.8187498553347687,0.2115113915126693,0.9188361382271664,0.0,0.7334713952978882,0.8377384241745145,0.4006068367505189,0.8527760996057685,0.8811713725919912,0.8058499662916012,0.903814238682265,0.47795836130872293,0.8399134433261015,0.9428469360414604,0.8864622842804515,0.4408515443948542,0.9176344520056336,0.7711949776746385,0.6473831763250284,0.9250013316406696,0.9428469360414602,0.9459533477380775,0.7846176027958278,0.9562880686171873,0.8961186971729789,0.9526370111116405,0.9004911494084331,0.938412400887346,0.9328339505740528,0.935580996038617,0.848519788337875,0.9237454173815312,0.9060540201833016,0.9355809960386168,0.7223272158432528,0.9526370111116405,0.17526171623055564,0.9508971383859763,0.9140827360776205,0.8570084033315839,0.8399134433261015,0.4654487838138114,0.8570084033315841,0.5711669571562623,0.77934241058442,0.8896584524348263,0.9475597985845114,0.7766590274917051,0.9262700211315917,0.9623211158059548,0.8058499662916013,0.8463809254714865,0.7876282222528316,0.8034406041869142,0.938412400887346,0.9071820194155717,0.8822265994777512,0.0,0.9544316996038,0.9164419655193174,0.9492063492063487,0.8612222667022558,0.938412400887346,0.9459533477380777,0.9262700211315917,0.831146423199498,0.9355809960386168,0.8046479448175343,0.9602211523225772,0.7935775465776653,0.9398636845831869,0.8664724446651941,0.06018876900102055,0.9428469360414602,0.7143607147557588,0.9152582079543841,0.9341976401680094,0.7806724477786732,0.880117361849238,0.7318083230664854,0.8633240709217587,0.9188361382271666,0.6991852245234744,0.8612222667022558,0.9250013316406696,0.960221152322577,0.9369854052620166,0.9508971383859763,0.8388272306091986,0.9027019168030597,0.525843532183836,0.03139863267861631,0.7960789049353036,0.8409971458279799,0.9623211158059548,0.8790644420447877,0.9526370111116405,0.9176344520056336,0.9164419655193168,0.932833950574053,0.9015943008452869,0.9250013316406696,0.9369854052620166,0.500567215157067,0.9398636845831867,0.9475597985845112,0.9544316996038,0.9623211158059548,0.0,0.9188361382271668,0.8654234385275936,0.8070467719220202,0.9200475251844384,0.0,0.8832831707913575,0.8244397822834253,0.9060540201833016,0.34458474155865637,0.9038142386822647,0.8918007079504506,0.8811713725919912,0.7859181167692968,0.9275522446953854,0.9060540201833014,0.6598989712921809,0.8907283270583697,0.9562880686171873,0.9027019168030597,0.9288488221297497,0.9526370111116405,0.9152582079543841,0.9623211158059548,0.9275522446953854,0.9459533477380777,0.9623211158059548,0.9413411539914587,0.9288488221297497,0.9492063492063487,0.6783615558233285,0.8843412180810755,0.9582144552981327,0.9492063492063489,0.9384124008873462,0.7806724477786728,0.8022278398026612,0.03139863267861631,0.9544316996038003,0.08671734220308558,0.03139863267861631,0.03139863267861631,0.3741839079094693,0.0,0.944383427890573,0.4527606561376478,0.0,0.9341976401680094,0.535161772248302,0.9582144552981327,0.9526370111116405,0.9562880686171873,0.9508971383859763,0.03139863267861631,0.7960789049353036,0.8580633769736241,0.935580996038617,0.8409971458279799,0.0,0.9071820194155722,0.9526370111116405,0.9341976401680094,0.7935775465776653,0.9083158055901508,0.9582144552981327,0.9508971383859763,0.9369854052620166,0.9152582079543841,0.6284764518573093,0.9492063492063487,0.4006068367505189,0.92126914699118,0.9250013316406696,0.6848496741376318,0.9398636845831869,0.9582144552981327,0.930160641445072,0.9526370111116405,0.9071820194155722,0.8420784215528954,0.0,0.9492063492063487,0.8822265994777507,0.960221152322577,0.8377384241745145,0.944383427890573,0.9398636845831869,0.8244397822834253,0.06018876900102055,0.7569089328329721,0.7846176027958276,0.0,0.0,0.40880739824839063,0.6991852245234742,0.9027019168030597,0.8058499662916013,0.8453085223330421,0.8152867967569688,0.8399134433261015,0.7997856146881548,0.9328339505740528,0.8129560940834346,0.0,0.9004911494084331,0.9544316996038,0.9623211158059548,0.831146423199498,0.9582144552981327,0.831146423199498,0.0,0.0,0.7739436107925914,0.9492063492063487,0.7819949015164562,0.938412400887346,0.8570084033315841,0.8993922310882436,0.6856702229525599,0.8993922310882436,0.8344556057285131,0.8506512873935228,0.0,0.9152582079543841,0.8175997772209664,0.9508971383859763,0.9582144552981327,0.5526275082095407,0.7351207557283752,0.43182584581086747,0.9176344520056336,0.9508971383859763,0.8591172857456586,0.0,0.8266892096935958,0.9176344520056336,0.8993922310882436,0.8727631680356078,0.8654234385275936,0.9413411539914582,0.9049315186013054,0.8538362113124116,0.9562880686171875,0.8685695845092949,0.862273520033598,0.9443834278905732,0.9602211523225768,0.9225015741707872,0.2586095064370061,0.8129560940834346,0.9544316996038,0.03139863267861631,0.8759110188590655,0.9288488221297497,0.9152582079543841,0.92126914699118,0.9623211158059548,0.9152582079543841,0.9623211158059548,0.9623211158059548,0.9027019168030597,0.3647019568709454,0.8961186971729789,0.9492063492063487,0.9602211523225768,0.938412400887346,0.938412400887346,0.8322525541058978,0.9428469360414611,0.9475597985845114,0.9288488221297497,0.5210240199989242,0.9508971383859761,0.7684119013812074,0.3833143586062788,0.7125274559321442,0.7447432793600621,0.0,0.8918007079504506,0.9492063492063489,0.758381053055492,0.960221152322577,0.9328339505740528,0.9341976401680097,0.855952276285969,0.0,0.7399891659895361,0.8058499662916012,0.9341976401680094,0.8058499662916012,0.8266892096935958,0.8129560940834346,0.9544316996038,0.7143607147557588,0.6716454483484393,0.8058499662916012,0.7431708752992889,0.9355809960386166,0.6761489807685291,0.9623211158059548,0.9355809960386168,0.9492063492063489,0.8982973238138026,0.930160641445072,0.8388272306091984,0.4779583613087228,0.8106069085572598,0.9492063492063489,0.03139863267861631,0.8420784215528954,0.861222266702256,0.5110414539348817,0.7766590274917051,0.7524297972473162,0.0,0.9856724533720749,0.8633240709217587,0.9225015741707872,0.0,0.8399134433261015,0.9428469360414604,0.9582144552981327,0.2115113915126694,0.03139863267861631,0.9114861522954751,0.9314886672615051,0.897206214237533,0.9288488221297497,0.9083158055901508,0.9355809960386172,0.8129560940834346,0.0,0.9275522446953854,0.0,0.9582144552981327,0.8333555867103808,0.8843412180810759,0.9623211158059548,0.9262700211315917,0.8022278398026612,0.904931518601306,0.9225015741707869,0.0,0.8322525541058978,0.8210376473859937,0.8506512873935228,0.9250013316406696,0.40060683675051967,0.9544316996038003,0.3227392978460525,0.9237454173815312,0.392115299153029,0.8928757609748668,0.7948313236856197,0.392115299153029,0.9225015741707872,0.9544316996038003,0.885400876353422,0.392115299153029,0.9623211158059548,0.931488667261505,0.9508971383859763,0.885400876353422,0.9475597985845114,0.9237454173815312,0.9341976401680094,0.8918007079504506,0.9152582079543841,0.9355809960386168,0.9140827360776211,0.930160641445072,0.9475597985845114,0.9384124008873462,0.7301312695908225,0.9225015741707872,0.9015943008452869,0.8333555867103808,0.42440193597169273,0.9083158055901508,0.930160641445072,0.9508971383859763,0.9526370111116405,0.9015943008452867,0.8939536575643379,0.9275522446953854,0.9275522446953854,0.9004911494084333,0.9544316996038,0.9562880686171873,0.5974763156586966,0.9262700211315922,0.8664724446651935,0.9176344520056336,0.9250013316406696,0.6549904556417999,0.9369854052620166,0.9237454173815312,0.9492063492063487,0.8366469404145511,0.8780124908814328,0.9129151319089186,0.9004911494084333,0.6623067578386677,0.9562880686171875,0.9188361382271666,0.5906675167558797,0.9314886672615046,0.944383427890573,0.926270021131592,0.8993922310882434,0.6040574193889983,0.7598430279509716,0.9398636845831869,0.6739104850582693,0.9475597985845114,0.8832831707913573,0.7143607147557586,0.9526370111116407,0.9508971383859763,0.8864622842804517,0.9275522446953852,0.9526370111116405,0.8982973238138026,0.8633240709217587,0.708808264663793,0.9459533477380775,0.9459533477380775,0.8322525541058978,0.9341976401680094,0.9027019168030599,0.9526370111116405,0.8591172857456586,0.9341976401680094,0.9562880686171873,0.8928757609748668,0.9328339505740528,0.9508971383859763,0.960221152322577,0.8854008763534222,0.9582144552981327,0.7197593917099125,0.9562880686171873
p248_D,0.8695571067984837,0.7535144448794144,0.9386971679227425,0.9178060595541999,0.9341976401680094,0.9797658041147691,0.8739070987317205,0.9030307192041096,0.8753928891101745,0.948467140918744,0.9426603652680073,0.9320645602494204,0.9320645602494204,0.47958548042571725,0.9519917504238645,0.8515386735783614,0.9754970377701452,0.8062744182987225,0.6155835197053368,0.9203222717282123,0.892756284429521,0.8589740229104696,0.9559620789221579,0.9363880304285923,0.8651200913860876,0.911244667414393,0.7341136896129457,0.9262039440654457,0.8547169780516887,0.7296068308681289,0.9028404281797042,0.9409669977890662,0.9259591224230199,0.9290154829734791,0.9341976401680094,0.9288327934067983,0.9363880304285923,0.6498720808427023,0.9511876099263499,0.4947036311480012,0.9493240017886778,0.9129874603663681,0.9511876099263499,0.8871829502996265,0.830667028875826,0.7863698116198286,0.9944373248680742,0.8710878802609621,0.89188505620146,0.8598295527538451,0.9409669977890662,0.6841266223183499,0.911244667414393,0.9240084059312026,0.9259591224230197,0.9469401678022586,0.8965983225545131,0.9341976401680094,0.9074473199365553,0.9299834289466347,0.8782944901168632,0.9450657734798644,0.8869832509521187,0.8696642492046924,0.7562450440181463,0.7957279794915257,0.9409669977890662,0.8133884845703083,0.8938550600980879,0.9288327934067976,0.6331029124151184,0.9095242312718104,0.9341976401680094,0.775478651203112,0.9341976401680094,0.8529137105219888,0.9202142532643907,0.7172515874023355,0.7942278940301717,0.7035794602792447,0.9220943680125893,0.9564943253467844,0.7535181939942841,0.9112446674143933,0.9341976401680094,0.3752493364999425,0.9202142532643907,0.746924546115866,0.8626186644435845,0.9320645602494202,0.9341976401680094,0.42062302109111094,0.7039066400690761,0.836690297347398,0.9804835086069066,0.9014795552136841,0.4320828995705295,0.8542911987973543,0.76667787414554,0.7651933449849073,0.818367567732899,0.9497673578995789,0.646945030901436,0.7356209341689754,0.9625134747891679,0.9458674971126173,0.6418688222115456,0.7374318361452197,0.9183656033219387,0.778374467493341,0.5228731763347126,0.7177670188806542,0.9546074935075681,0.9225200821124012,0.9386420076357269,0.9665229223224947,0.9700765701011145,0.9458674971126175,0.910719218155888,0.8161233816474038,0.9539851747197046,0.5647765526904124,0.475394341860536,0.9472303491045946,0.9676920836055141,0.6831589266740612,0.9363880304285923,0.8202156726197056,0.9320645602494204,0.8902183677316944,0.8351667251716828,0.9386420076357269,0.7121704507585236,0.9511876099263499,0.8306670288758254,0.8875111366744599,0.8433299245730512,0.9434121517267972,0.9409669977890662,0.9299834289466344,0.9581177946036821,0.9484671409187437,0.7725645540758681,0.5654237689971129,0.471168756474314,0.8841862845276727,0.8901853371445987,0.7954151283114463,0.9095242312718104,0.686986529996453,0.9203222717282117,0.878294490116863,0.642178400301881,0.8460594193000857,0.9434121517267975,0.9492423737771563,0.9012497646515274,0.8076634862166882,0.9637013089979418,0.6481600917948732,0.7953560221672513,0.9497673578995788,0.7095838587641852,0.7437893388895367,0.9263174666267615,0.6603716071728485,0.8202156726197056,0.9493240017886776,0.9804835086069064,0.8477364707151382,0.80825091477208,0.9320645602494204,0.9078247903914518,0.7744801908415515,0.9336373275557406,0.6751816881897454,0.9458674971126175,0.8324501640471824,0.818470818528598,0.7837612012897897,0.9187568665400383,0.8556713284264508,0.9748290773761272,0.9320645602494204,0.8174887035560277,0.5990000218261768,0.8161233816474038,0.9031388200499335,0.9240084059312025,0.8028738209441856,0.9795036960805321,0.875392889110175,0.7454223193378654,0.7276605967200775,0.878294490116863,0.9341976401680094,0.9363880304285923,0.6738544339821888,0.8710878802609618,0.9300320582603783,0.8886114498000468,0.9320645602494204,0.9341976401680094,0.9329538664305663,0.8402284569668987,0.948467140918744,0.9341976401680094,0.9720385421642171,0.9583942031553516,0.8529137105219888,0.8395807850136313,0.9663679300767252,0.81356179091074,0.9341976401680094,0.8133884845703084,0.9341976401680094,0.9159417484783943,0.7815951709705526,0.7177769681969033,0.9341976401680094,0.953420205966137,0.9341976401680094,0.8506294911913966,0.9116474872122649,0.5570154949824228,0.8392447154194034,0.5592001372731491,0.7260484810988634,0.9299834289466344,0.7009786641682372,0.9202142532643911,0.8055004567330711,0.7760190951348649,0.8948535190071922,0.7699808760005917,0.8696642492046925,0.858440300510009,0.8791728214273921,0.8059992810331443,0.9243062854435231,0.8902183677316946,0.9279496229669748,0.4258039875163111,0.9299834289466349,0.9341976401680094,0.8739518939582049,0.9341976401680094,0.6547164679425082,0.4961991134553936,0.9409669977890662,0.9061450951233825,0.7035867637948563,0.9363880304285923,0.8886955627708657,0.9183656033219387,0.5884793948932654,0.8074150985486037,0.8202156726197058,0.9386420076357269,0.48706273805724276,0.8338083271305468,0.7982076797417144,0.9320645602494202,0.9433718940682516,0.6619964065585036,0.9511876099263499,0.8310957623117692,0.8076052990030278,0.9129874603663684,0.8324501640471824,0.5006243633303445,0.9409669977890665,0.8037598156566619,0.7826033861638957,0.8247171728209969,0.9458674971126173,0.7783744674933413,0.922433446216693,0.91828499369483,0.4844246839907167,0.9458674971126173,0.8078984963029707,0.8278323222482422,0.8763982687835876,0.8682458143938527,0.6621773883959172,0.6149954545054954,0.8948535190071925,0.7500321881506018,0.9299834289466347,0.9386420076357271,0.994437324868074,0.6733467387697218,0.9288327934067977,0.739032448908419,0.8120186809265801,0.8793331866131817,0.9617015294405553,0.9288327934067979,0.7516593631340742,0.7330124861800765,0.7728949682499832,0.7699808760005928,0.7437893388895369,0.8682458143938527,0.8381767234348844,0.8918850562014595,0.891751906668637,0.8040952978791001,0.8827012888689014,0.8501659032843127,0.6154612284685075,0.7732959230392402,0.7869611549883211,0.4828356002261549,0.9484671409187437,0.906497680742552,0.948467140918744,0.929015482973479,0.9243062854435231,0.695278348257254,0.9386420076357269,0.9341976401680094,0.940966997789066,0.8174540002737911,0.6045023366652356,0.9458674971126173,0.9433718940682516,0.9153112504466758,0.9341976401680094,0.9183656033219387,0.9458674971126175,0.7035794602792436,0.9824794635567504,0.9561205831751944,0.8765447667087011,0.9409669977890665,0.7841148356942864,0.7552679275498629,0.8651200913860877,0.9259591224230199,0.5861561091173824,0.9386420076357271,0.8948535190071927,0.696038742651979,0.9240084059312024,0.8841862845276729,0.9511876099263499,0.6963296321018195,0.6119796865386874,0.7124085863009615,0.9762262925984149,0.9320645602494202,0.9340740308913413,0.7593381439341546,0.7500321881506018,0.7515760058401828,0.6369527872458953,0.9341976401680094,0.8106471563404554,0.8932967537832139,0.5333644884359072,0.8932967537832139,0.948467140918744,0.7995996720587015,0.9341976401680094,0.9341976401680094,0.9095242312718104,0.8753928891101748,0.5828960197893327,0.9341976401680094,0.948467140918744,0.8040165292503936,0.9178060595541999,0.8965748830334175,0.7276605967200775,0.9610880275993517,0.6179283411610943,0.6381622990853317,0.6546207056020595,0.6796059112399262,0.9341976401680094,0.8460594193000854,0.6259195697760405,0.7106653526850937,0.7590699893530763,0.8398629169008038,0.72847937817213,0.9386420076357269,0.7358234924027574,0.9341976401680094,0.6753380136119952,0.8466288346254215,0.8174887035560274,0.7529984946815377,0.9363880304285923,0.7975139964560253,0.6970019471465109,0.9341976401680094,0.8654234385275947,0.792302647543628,0.9341976401680094,0.9012134114028683,0.8597432214165518,0.986572764243447,0.6437593053626303,0.7437893388895369,0.9341976401680094,0.8039983462680804,0.8381354443488451,0.9364748811663076,0.7763495185804202,0.8499055814552343,0.9116474872122644,0.8812245968305712,0.5142571458260582,0.9386420076357271,0.8981981738963489,0.8529137105219888,0.743475899960556,0.8337999729316519,0.7419745163259839,0.9594485387656406,0.916546213700882,0.9409669977890662,0.5237935040118417,0.9341976401680094,0.9458674971126177,0.7600211071724239,0.9404919454786316,0.9671761235857239,0.9832318780369318,0.9299834289466347,0.9897579454045689,0.9556347289143001,0.9299834289466347,0.7623333429754702,0.6469450309014355,0.9838552657289732,0.8972361563467726,0.6891400280365454,0.9458674971126175,0.800988953122342,0.948467140918744,0.9240084059312028,0.9559620789221579,0.9006452700153948,0.6381622990853303,0.723506390698645,0.9441757148117644,0.9606559814622546,0.852351476784137,0.9129874603663684,0.9202142532643911,0.8739518939582049,0.9386420076357271,0.8948535190071922,0.8889867521198009,0.8406054528377478,0.5008827238335425,0.8696642492046924,0.9220943680125895,0.9028404281797042,0.5889576164347667,0.7053726457220166,0.49599264227655615,0.9279496229669748,0.8507096812750714,0.8555019428893371,0.8996020324755996,0.9147540983606557,0.9165462137008822,0.639241888910927,0.9220943680125895,0.8078984963029708,0.9147540983606557,0.9734299614209916,0.7037706485087072,0.9497673578995791,0.8875111366744599,0.9301638097169643,0.6887295835214464,0.8696642492046924,0.9458674971126175,0.8786361585906272,0.9173933468462483,0.5760152068699853,0.8670838315537015,0.5892836807186257,0.927949622966975,0.9409669977890665,0.9458674971126175,0.6848542093521179,0.8315693355829885,0.9792126008602176,0.9829392900173883,0.9320645602494204,0.7711003670094545,0.9435391793962782,0.927949622966975,0.6176644562903595,0.9341976401680094,0.9433718940682516,0.9341976401680094,0.9341976401680094,0.7651933449849071,0.9165462137008822,0.8233368841618816,0.9341976401680094,0.7531133294096686,0.7897927313248181,0.924306285443523,0.7492550639325506,0.8732786138576025,0.8654590025171124,0.8446639861984311,0.8739518939582047,0.7926104337466322,0.9259591224230195,0.8529137105219887,0.9433718940682516,0.8932967537832139,0.7124085863009614,0.8133884845703083,0.7598188207099688,0.9259591224230197,0.9795036960805319,0.7169681489110229,0.9433718940682516,0.5142571458260585,0.9386420076357269,0.7338203453536516,0.9202142532643907,0.7587942989643192,0.916546213700882,0.8037598156566617,0.6549174371177126,0.8782944901168632,0.916546213700882,0.9320611426402994,0.9386420076357269,0.9202142532643913,0.6317030069429783,0.8076634862166878,0.8147566802167694,0.9933169682392368,0.9409669977890665,0.9885254137948039,0.9279496229669753,0.9163192385555898,0.8017315583434852,0.8644365206787079,0.7331254296694356,0.9044839950643895,0.9511876099263499,0.6610746927254132,0.800988953122342,0.8739518939582047,0.6652291305648668,0.8148116781454424,0.8797557950282511,0.8747838948742699,0.9341976401680094,0.9409669977890662,0.9606559814622548,0.9341976401680094,0.9785717750121544,0.9202142532643907,0.9299834289466349,0.8295177075368009,0.7507103182625506,0.8284703715451966,0.746924546115866,0.948467140918744,0.6812247953600252,0.9220943680125893,0.8270171939535951,0.9299834289466347,0.9797811449693633,0.8620020136065492,0.5643749488790507,0.8348045397225726,0.9180718255771734,0.8446939652900314,0.6525619845437458,0.8229385262714317,0.8233368841618816,0.7812528998027031,0.8025107916900325,0.9028404281797042,0.948467140918744,0.8651200913860879,0.9363880304285925,0.7815951709705525,0.9048113045350052,0.8612222667022578,0.9320645602494202,0.6773146014584008,0.6099957067300077,0.9511876099263499,0.9511423881204941,0.9944373248680742,0.6538984449635015,0.9606559814622546,0.9129874603663684,0.8725169952519656,0.9097480434256693,0.9183656033219387,0.8682458143938527,0.922094368012589,0.9320645602494204,0.9409669977890662,0.9511876099263499,0.9341976401680094,0.8948535190071922,0.9192262679261912,0.7500321881506018,0.5333644884359082,0.9341976401680094,0.8487952199924147,0.6483498105326874,0.878294490116863,0.9178060595541998,0.9064976807425518,0.564532506322119,0.8460594193000854,0.7151187813982636,0.9061450951233825,0.9636029833081041,0.8065211384922875,0.6552615132688799,0.9433718940682516,0.5088598945057858,0.896598322554513,0.994437324868074,0.8711662082855066,0.49643970240259827,0.944688486580157,0.574813899714394,0.6345328743203626,0.9240084059312026,0.6227906806788639,0.9341976401680094,0.9387833552604469,0.8501659032843123,0.9458674971126175,0.9341976401680097,0.9643765980294188,0.7224487943538207,0.7664404416746766,0.9320645602494202,0.9409669977890665,0.927949622966975,0.9320645602494202,0.9320645602494202,0.8948535190071922,0.9341976401680094,0.9279496229669748,0.8797557950282512,0.9341976401680094,0.0,0.858440300510009,0.9458674971126175,0.9386420076357271,0.9433718940682516,0.9363880304285923,0.9320645602494202,0.6998862132329715,0.8410264752131604,0.9165462137008822,0.7940143529543533,0.9341976401680094,0.5780854378435193,0.9386420076357269,0.9564943253467844,0.7325830227742434,0.6361895793263718,0.5529336649650431,0.9363880304285925,0.9183656033219387,0.7348145374381938,0.7352115082109041,0.9341976401680094,0.8902183677316946,0.7773772646462984,0.9847126547835199,0.9810706254550972,0.8074150985486043,0.9914826481470903,0.89188505620146,0.9386420076357269,0.5780854378435185,0.8432045372944463,0.9341976401680094,0.9341976401680094,0.8474264488038961,0.948467140918744,0.7602435135022003,0.9279496229669748,0.7623333429754702,0.7725645540758679,0.9299834289466347,0.7293098401399598,0.7209755593296103,0.9341976401680094,0.9341976401680094,0.8886955627708659,0.8443176746495,0.5705787156593873,0.8200402670078457,0.7995996720587015,0.7124747307268315,0.7792443702251051,0.785858861958469,0.8408488591316472,0.8033887015349683,0.9341976401680094,0.8710878802609616,0.9409669977890662,0.9511876099263499,0.6102992836821264,0.9458674971126173,0.7812528998027028,0.9341976401680094,0.9341976401680094,0.7296068308681292,0.48987353255247845,0.7400494586673347,0.9914610572055533,0.6142889094554032,0.8696642492046924,0.9061450951233827,0.9191553769542392,0.8090764628198968,0.6325669907315443,0.9341976401680094,0.6666387020145355,0.7637034372366573,0.9363880304285923,0.9458674971126175,0.9088098779355613,0.8198341757905696,0.8864629644044794,0.5842361678476113,0.9363880304285923,0.8924406131378575,0.9341976401680094,0.775478651203112,0.9673786919850063,0.8696642492046924,0.8762957971120173,0.7916685135539077,0.9240084059312026,0.8768403073232187,0.5498039533400629,0.9433718940682514,0.8297340049818103,0.8215775544475035,0.9279496229669748,0.920322271728212,0.8996020324755996,0.9112446674143933,0.7576876202204139,0.9409669977890662,0.9320645602494202,0.8392447154194032,0.9469401678022586,0.700726619726364,0.8980054428335462,0.9511876099263499,0.8029903728618497,0.9511876099263499,0.9511876099263499,0.6940163579665886,0.8964228513787134,0.8654234385275945,0.9341976401680094,0.948467140918744,0.9202142532643909,0.9202142532643907,0.6077295872896239,0.9259591224230201,0.9320645602494204,0.9078247903914518,0.8626186644435843,0.9363880304285925,0.828201980559922,0.8932967537832139,0.7711003670094545,0.7422110584707766,0.9341976401680094,0.42062302109111094,0.9341976401680094,0.7501741687694414,0.948467140918744,0.8818761392153114,0.9147540983606555,0.7659131991945651,0.9341976401680094,0.7469245461158662,0.661074692725413,0.9147540983606555,0.7484817456541228,0.775478651203112,0.7576876202204139,0.9409669977890662,0.8158166410117746,0.8958732693715752,0.8393192166726557,0.7125841942671087,0.5309897209989578,0.5804561994175517,0.772626046238126,0.8284703715451975,0.8040165292503935,0.8682458143938527,0.9095242312718104,0.7912032625956174,0.8739518939582047,0.6525619845437458,0.9341976401680094,0.9320645602494202,0.7954151283114461,0.9962766559418281,0.5733351854114244,0.7106653526850937,0.6792767735599081,0.9341976401680094,0.7260027086843996,0.9997704475275775,0.4065487172376381,0.9341976401680094,0.7926104337466322,0.7441318134503208,0.9458674971126173,0.9165462137008822,0.9320645602494202,0.8612025519212236,0.9112446674143933,0.8357418646264874,0.9078247903914518,0.9257410736322061,0.7009786641682365,0.6710488633476559,0.9341976401680094,0.9061450951233825,0.9341976401680094,0.9458674971126175,0.6051331182784383,0.8501659032843123,0.9511876099263499,0.9044839950643897,0.7805375026225275,0.8768403073232187,0.9178060595541999,0.9341976401680094,0.7826858746487118,0.791216032824233,0.7301168813013128,0.872265737746744,0.8902183677316948,0.9409669977890665,0.9028404281797042,0.9012134114028683,0.9262039440654459,0.8612222667022578,0.7243933855240692,0.9262039440654459,0.8996020324755996,0.5965496002743886,0.8515386735783614,0.9262039440654459,0.9511876099263499,0.8869832509521187,0.9363880304285925,0.7037491178645137,0.7626870611427722,0.9012134114028683,0.6261034047919289,0.9674790649689444,0.8902183677316944,0.9165462137008822,0.8886955627708657,0.9095242312718104,0.9320645602494204,0.9202142532643911,0.8474677175014012,0.6986957699899594,0.821264756768359,0.831095762311769,0.9187568665400383,0.8812245968305712,0.45498548864265576,0.9363880304285923,0.9386420076357269,0.933760644847901,0.7584378183133021,0.9061450951233825,0.7084209903088707,0.9318712301664058,0.9409669977890662,0.9433718940682516,0.9419004925718597,0.9424837518356484,0.7888774249997144,0.9281278923411589,0.9472303491045945,0.9073784958379691,0.7352115082109039,0.9751916033161048,0.9341976401680094,0.8120112012013831,0.5947064926738808,0.7120037031799039,0.9014795552136841,0.9024238554172521,0.9433718940682514,0.9642416825773447,0.9455584001270505,0.911244667414393,0.8306670288758254,0.9055172210793178,0.8889867521198009,0.9382897017170406,0.8914209245084335,0.8074150985486044,0.8942439960688064,0.6100628718388683,0.8762114713124722,0.7685150056352527,0.7823814062025373,0.9363880304285923,0.8529137105219888,0.9061450951233823,0.7265860889701894,0.9819923880936652,0.8229385262714317,0.8315693355829885,0.8224152353838798,0.9795036960805321,0.8061314338049297,0.9600252206809587,0.6631569473897885,0.9386420076357269,0.8174887035560274,0.9600252206809586,0.9433718940682516,0.861222266702258,0.799821579047983,0.9363880304285923,0.948467140918744,0.8705161960734356,0.9458674971126175,0.7289303053642331,0.9433718940682516
p248_E,0.853902038700466,0.9051891110898548,0.8658576721890101,0.8914232368567269,0.9266101958517023,0.7498208075242988,0.7004148545228708,0.6497749638248134,0.7930769124067967,0.9144243194673916,0.932421225112757,0.8871861256568154,0.8871861256568154,0.7412606661028682,0.8779594325934811,0.9417614558179761,0.7887932820801113,0.9908927240415877,0.910107340129978,0.8158085352345761,0.8928675067898602,0.9885703464886242,0.9638362521438677,0.9313656494466989,0.9278255637976507,0.8526125248565148,0.7557078946539482,0.8202427651339441,0.815808535234576,0.5752559347374429,0.8386564101621345,0.9019695505324468,0.8770474101603603,0.9219594183766175,0.8907283270583692,0.8322781973853697,0.8943656982526555,0.8322575381473484,0.9189419416378728,0.8236046410865028,0.9903181546642816,0.8555066140949479,0.9390992365744864,0.858437019026415,0.8880494443586013,0.88054038427379,0.8981086621953582,0.8067562839765103,0.7963846579627885,0.7672323711995879,0.9812078381362566,0.9568959313341749,0.8526125248565148,0.6210425939235344,0.9739457607244573,0.873740353724,0.7509631736377804,0.535161772248302,0.8573905247750953,0.8837301903431398,0.7978953231297465,0.925430790891016,0.9908927240415877,0.8249147582192324,0.8058312804006036,0.8286890348814488,0.781077299052314,0.8519732096603501,0.8280930515195819,0.8752139411328118,0.6008392964495397,0.849755561428923,0.9266101958517023,0.6271589125862931,0.535161772248302,0.7749015187531061,0.9583046239905006,0.9942128673439101,0.6515882318437043,0.8917796293119393,0.9439954904249369,0.9127134942094678,0.5596408225367134,0.8802685646935304,0.535161772248302,0.7475178325435325,0.8601010410207586,0.6885880507168687,0.8118179616195973,0.5549592725490636,0.535161772248302,0.5621155820723412,0.8339999282603134,0.7385619389237466,0.6898524428157441,0.880819407962067,0.5748186616097117,0.758035357540596,0.6598856989857123,0.6415965068595788,0.7509631736377804,0.7195100133903969,0.8222167225949655,0.7250749142426371,0.7790716828094795,0.910107340129978,0.7188396023267061,0.656850292436163,0.8644375806981961,0.631967717184986,0.5929975628118861,0.9679753048288038,0.7718375151583801,0.7053329821463299,0.8981086621953585,0.7648944482975195,0.9051891110898548,0.910107340129978,0.9189419416378728,0.7458541358405779,0.972890723721717,0.6179390367347245,0.8387954828672994,0.8787788901747262,0.9632366842045734,0.5819559673869115,0.8943656982526555,0.884860390069329,0.8338865734461227,0.8176961639848566,0.7262771769443239,0.8981086621953582,0.9395538742599334,0.9189419416378728,0.6895371198016216,0.8874269669322723,0.7583047638633307,0.899934730458029,0.9019695505324468,0.5732672418061274,0.999577205077154,0.9144243194673913,0.6381943110710102,0.8821561168659964,0.7218977810693866,0.8076792614800001,0.9283389059989959,0.6602655095495689,0.8497555614289234,0.5573545131170287,0.8158085352345759,0.7978953231297465,0.8350134077903513,0.7816738208583605,0.9395538742599335,0.849755561428923,0.5823383759024473,0.9538966273227563,0.8625108868957936,0.35126175043087005,0.6362013185177964,0.9745849270782074,0.9127134942094681,0.9315748795095116,0.8196280540559877,0.6130939516216322,0.839346134492936,0.9903181546642814,0.8674280482355481,0.7496882049140345,0.8663961417310839,0.8871861256568154,0.873740353724,0.6355782355238284,0.7698485733968017,0.8579823107800644,0.746406709890485,0.9216894750865388,0.7079457093989432,0.7462578816792735,0.8328282760721477,0.7990728449570714,0.9654183008596202,0.8871861256568154,0.960634385769578,0.7412769977552014,0.8141213551846791,0.8092872065809691,0.6210425939235344,0.986597596349885,0.9516055113244815,0.8357109254745527,0.9972746628282478,0.7483316150293637,0.9279179626711536,0.535161772248302,0.8943656982526555,0.9805191676941768,0.8599911207579719,0.98564398633939,0.8461326119911257,0.8871861256568154,0.535161772248302,0.8941044138117689,0.7020440235724563,0.9144243194673916,0.535161772248302,0.9473752832256712,0.8176961639848572,0.8323623907012212,0.9503497258846119,0.8176854752867038,0.6944229229975926,0.535161772248302,0.902852615270344,0.535161772248302,0.7828021167579164,0.9726292653287099,0.9981932907978144,0.535161772248302,0.7642007445653198,0.535161772248302,0.7801789175480716,0.8440345562930196,0.6603158918920007,0.9151986539065871,0.9107006755975193,0.5847432428102657,0.573267241806127,0.8905408702359403,0.897773178994254,0.7470254384753292,0.9084128977656816,0.7883422730177065,0.9415886943343519,0.8442784488906703,0.8041340914475241,0.8118328297057764,0.9826956241685669,0.817696163984857,0.817696163984857,0.8803528436582548,0.5607939039553269,0.9516055113244817,0.535161772248302,0.8329816695588788,0.535161772248302,0.5046651965780917,0.9019666944541097,0.901969550532447,0.997366491079042,0.6463178812377726,0.9313656494466989,0.8151673877212327,0.8644375806981959,0.5357320587817792,0.9324212251127573,0.7014493967740687,0.8981086621953585,0.595739776766097,0.7419224367528852,0.6649028320914976,0.5549592725490636,0.9883075851106065,0.7927374275055945,0.9189419416378728,0.7863883954964392,0.6736975740859776,0.6946186229696295,0.739593268255446,0.5620008835703789,0.9812078381362568,0.8071051647563814,0.703286332175995,0.7533293940940362,0.910107340129978,0.6639285424799539,0.9767387528764816,0.7696846159091411,0.9808526384266797,0.910107340129978,0.7145162388198472,0.6628409669305559,0.9883075851106065,0.9248989323623187,0.6912064758515818,0.872462543156095,0.8495348412251993,0.5849024100034885,0.8837301903431398,0.9363467946367829,0.9745849270782074,0.8447826655921906,0.7034709661430432,0.5976141517718556,0.9752762755840356,0.7725128802850376,0.9237443916968341,0.8752139411328119,0.7504529850082992,0.8236046410865029,0.7090178837688106,0.8999347304580287,0.6211058612456093,0.9454261440783158,0.9745849270782072,0.9858554770474957,0.8202427651339441,0.6438884850037712,0.8274611690624152,0.8080225602666942,0.46840824475042053,0.9525967927304798,0.9533185406137992,0.5007273983430893,0.8607697261175814,0.835710925474553,0.8158085352345761,0.9943839955280371,0.8410575924482762,0.9609485544313452,0.9363467946367829,0.535161772248302,0.9019695505324468,0.9555299319100916,0.704890837751256,0.910107340129978,0.8881757341961193,0.7990206608339901,0.535161772248302,0.8644375806981959,0.9101073401299777,0.9864188438370332,0.9199511564537564,0.8729130246444736,0.5408384106286188,0.9415886943343519,0.7219936404047469,0.8726394907430138,0.8684721765107501,0.8770474101603605,0.7212181235959816,0.8981086621953585,0.8495348412251988,0.9043497572493524,0.8738080422252301,0.8301336404747508,0.9864188438370333,0.6035502385286158,0.6193515929977291,0.5378181595977609,0.9211348317847647,0.5549592725490636,0.7244334899717118,0.7703260574797843,0.5849024100034885,0.5874660800920408,0.7910899936370658,0.535161772248302,0.6855598787678363,0.9421620399028601,0.7323696533577481,0.9384840648842141,0.959385510350397,0.6672143803336503,0.535161772248302,0.535161772248302,0.8497555614289232,0.7930769124067967,0.5839452887578391,0.535161772248302,0.7708473443515707,0.7145711162149666,0.7162335709772247,0.7788611615278427,0.7020440235724561,0.9983739334383686,0.6570516368844799,0.8903667635188821,0.9109711314150543,0.819996333451146,0.535161772248302,0.8189820115118878,0.5894829814864476,0.6272774271252439,0.817813983442155,0.9627030252708222,0.5880365735355286,0.8981086621953585,0.5613073906356434,0.535161772248302,0.8168745905124031,0.7602029174252846,0.6969209805833874,0.9654190818943191,0.8943656982526555,0.8339999282603134,0.7676586377712836,0.535161772248302,0.7765216012257239,0.890731001051054,0.535161772248302,0.9358982179705919,0.8987402876926502,0.9059014124309419,0.7694688940742218,0.5745355085060235,0.535161772248302,0.935860475661662,0.910589564159678,0.9471353582128483,0.5983074357144107,0.7223762406728025,0.8003219721549923,0.802761070548561,0.778111759509285,0.8981086621953585,0.8017356620663352,0.7749015187531063,0.9055871010957909,0.6832792752301904,0.5854095970057419,0.8465566124632402,0.6434659213794468,0.9019695505324468,0.8431710369363271,0.535161772248302,0.95304308387742,0.9598666229274446,0.910817680631758,0.9324212251127573,0.8969739388800968,0.5393295813154568,0.7828267564104188,0.9576344969711709,0.5732672418061278,0.943995490424937,0.929862328974965,0.8736172758491526,0.8876069716972399,0.6739979242462502,0.910107340129978,0.669521426257196,0.959385510350397,0.9999046168119617,0.8764625255717527,0.742539558227151,0.8977731789942536,0.9057309170005868,0.8947788343642495,0.8438537352691284,0.6212907626659943,0.5259155868688458,0.8675074564961305,0.8329816695588788,0.7959862782732463,0.8736763669423389,0.926980147113194,0.8085024044837628,0.944257627490205,0.8662656073304946,0.8706295828816044,0.8643441101315108,0.382625792169614,0.6492734067846009,0.8606670334634139,0.8880494443586013,0.6785194777406134,0.6861525704809277,0.8332787167611999,0.9156518518301398,0.6434659213794474,0.7943646406594418,0.9324212251127573,0.8485994242765774,0.8870460761700745,0.9486895513809488,0.5324458480736045,0.643033748507548,0.9863955564287341,0.8444645294787662,0.8907425067990439,0.9282918809973881,0.95304308387742,0.7166408816537151,0.8461326119911259,0.9059631313150907,0.9382976158098657,0.9211348317847647,0.8218786695062752,0.9415886943343517,0.95304308387742,0.6732772904197157,0.8028604934981598,0.927109241843596,0.9917838634932132,0.973350223894654,0.9844373523019798,0.8658908483620336,0.5241101826708039,0.7389479468160463,0.535161772248302,0.9059631313150907,0.535161772248302,0.535161772248302,0.6100790902205033,0.6725904969034855,0.5710685415634498,0.535161772248302,0.839761265991275,0.6509289336845177,0.7617981236735925,0.6611895661914108,0.7816738208583602,0.9247221332558286,0.6739979242462502,0.8709345724976788,0.6556080220678135,0.9937547890875105,0.8898232626493354,0.7234868266050867,0.8228081446899336,0.96884062859031,0.9614689697696721,0.8274034902359735,0.9739457607244573,0.9176678508338107,0.877855317790909,0.7234868266050871,0.778111759509285,0.9363467946367829,0.6100516743088356,0.8675074564961303,0.9117409594618757,0.9196654457599787,0.8071051647563816,0.9865975963498849,0.7978953231297465,0.861416294711902,0.9277612050281867,0.8981086621953585,0.5877095385376472,0.9206345457771274,0.9538966273227565,0.7093968428070352,0.806454958776849,0.7414581552504101,0.9163243827537765,0.8549640569324388,0.8178139834421552,0.7696885356157841,0.7990206608339903,0.6272774271252441,0.8934703722913544,0.8444600220493923,0.7484468537905573,0.6860578446863521,0.9598747086774966,0.8790902721651892,0.7390381510282644,0.8658908483620336,0.952872998721076,0.535161772248302,0.9019695505324468,0.9146866456746814,0.9266101958517023,0.9365716667139046,0.86750745649613,0.9176678508338107,0.9242333593180018,0.8821137844300475,0.7308396479515609,0.5797418466907689,0.9144243194673916,0.7642156528174695,0.9633170462283336,0.7127440314437046,0.5732672418061278,0.8322575381473484,0.8919427717866618,0.8318824090638511,0.5980499619487492,0.9746939810305534,0.8905921925948725,0.6574229203815002,0.7233284973510692,0.8607668501691252,0.9093928388344381,0.8848603900693293,0.8386564101621352,0.7258861534685654,0.8091187892238489,0.8943656982526558,0.9785751520346815,0.8964281891181876,0.9128673057878998,0.5549592725490636,0.8663405920121385,0.8845977289248239,0.8917796293119395,0.7583047638633305,0.9745849270782074,0.7952593906287029,0.8492036529734753,0.8555066140949483,0.8512592375794392,0.7760280902972209,0.9534676616285476,0.8493017387617137,0.8706295828816042,0.9220520382689481,0.9415886943343517,0.7025012002617517,0.535161772248302,0.8978178926594784,0.8699015265637412,0.6472141117217856,0.7812175412753577,0.535161772248302,0.7489087122348534,0.695074155592456,0.7978953231297465,0.44093552459515073,0.7930769124067965,0.6607408830617636,0.7443656302048325,0.7978248858305572,0.8652920285279649,0.8337071981696005,0.9461231566069708,0.9802179578298982,0.9059631313150907,0.8286368927914733,0.7509631736377804,0.8724625431560951,0.5749066959662379,0.9189419416378728,0.8441441538596661,0.8787061862221642,0.9189419416378728,0.8738080422252299,0.9809679173349197,0.5710436410416344,0.7665840503938939,0.7701307698363278,0.910107340129978,0.8907283270583695,0.8977731789942538,0.7635468852542318,0.5900589594192189,0.5549592725490636,0.9415886943343517,0.5571955700969677,0.5549592725490636,0.5549592725490636,0.7400592215834279,0.535161772248302,0.9134382310844185,0.8062647706027615,0.535161772248302,0.858440300510009,0.0,0.9101073401299777,0.8981086621953585,0.9059631313150907,0.8943656982526555,0.5549592725490636,0.7580577779184755,0.7117205261685275,0.861416294711902,0.6579393761544188,0.535161772248302,0.7188396023267061,0.5665574836246985,0.858440300510009,0.5713775735834501,0.8224116899974546,0.9610854286276961,0.6616348874188231,0.8644375806981961,0.9954124083077877,0.8091187892238494,0.8907283270583692,0.7617981236735925,0.6749958125628431,0.8274034902359736,0.9623099578224785,0.943995490424937,0.9610854286276961,0.551404809849358,0.9363467946367827,0.7625521864647336,0.6766412364083272,0.535161772248302,0.7863348538016328,0.8591287834366783,0.9144243194673916,0.8134757218339518,0.9796090059367453,0.8822038481937838,0.6699434317060833,0.5393295813154568,0.8592106756606991,0.5674663158967701,0.535161772248302,0.535161772248302,0.8148879733413698,0.5453167912419077,0.7017438536728551,0.9196440510519743,0.7166986750818807,0.8636542008770598,0.9327270925417752,0.6157811909028352,0.5821499322357719,0.6289353152227481,0.535161772248302,0.9733825816092685,0.9019695505324468,0.9189419416378728,0.721734263864267,0.910107340129978,0.6367476538726122,0.535161772248302,0.535161772248302,0.6368238285854422,0.9624920646450354,0.6542119482530699,0.8675074564961305,0.7632103386650171,0.9282918809973881,0.8124622435075339,0.9076164564417568,0.6599969392236169,0.7530350130878095,0.535161772248302,0.6216295528930758,0.6076049432051738,0.8943656982526555,0.9530430838774198,0.8611796255755024,0.9772934396031017,0.5860525056617123,0.6042931582880211,0.8943656982526555,0.8338988340422013,0.535161772248302,0.6271589125862931,0.675905495415777,0.8042393336636018,0.6984704139672394,0.9552604924886274,0.8738080422252299,0.7954805011229049,0.6907037809778225,0.9471353582128486,0.7703102295543882,0.7037109434123991,0.9796090059367453,0.959385510350397,0.8833329070124858,0.7048908377512564,0.6132751838111368,0.9415886943343517,0.5549592725490636,0.7330491045430578,0.8469334628212699,0.9019666944541097,0.880065090757336,0.9189419416378726,0.785159552137012,0.9189419416378728,0.9189419416378726,0.7017438536728555,0.7812175412753589,0.8170094775225407,0.8907283270583695,0.9057309170005867,0.8298353185226353,0.9583046239905006,0.7502919847323004,0.909346860348393,0.8871861256568154,0.8737403537239998,0.8885271889388695,0.8943656982526555,0.8669108083242884,0.6997762744583623,0.9210375198337368,0.8976531480102108,0.535161772248302,0.5423905218744569,0.9266101958517023,0.9026235865523873,0.9144243194673916,0.8555066140949479,0.8584403005100096,0.6993349928303672,0.535161772248302,0.8285331701789969,0.8107003800674362,0.8584403005100092,0.5823277387329937,0.6271589125862931,0.5976150523995245,0.9019695505324468,0.8706660166738589,0.8544374371001185,0.7379615544251916,0.5251043385286569,0.8182133745236758,0.41820488112151943,0.8444600220493923,0.8473379500477141,0.7863348538016328,0.8427900854983301,0.7963846579627885,0.6695364620028257,0.8286368927914728,0.8293015405952191,0.8907283270583695,0.5549592725490636,0.74214414384336,0.7814378367801786,0.7578678213608767,0.6426699625739709,0.622004219694011,0.535161772248302,0.745497624079902,0.9663337557428706,0.8163419514797976,0.535161772248302,0.6719091438603995,0.9937547890875104,0.910107340129978,0.6434659213794471,0.5549592725490636,0.9336045314430557,0.8802685646935305,0.874620251982926,0.7777700645405103,0.8885576734305104,0.9196654457599789,0.7916398225476193,0.535161772248302,0.923388831390312,0.535161772248302,0.910107340129978,0.6662561862241727,0.7511848746211445,0.9189419416378728,0.9763180074296144,0.9626217813359017,0.7954805011229049,0.8413690466054408,0.535161772248302,0.7998064045559885,0.6624095428270533,0.9870231033252027,0.7246526903584684,0.7851595521370123,0.9019695505324468,0.7503403903278434,0.8359545793225898,0.8019817127031066,0.7695451177858923,0.7456830564974543,0.8019817127031066,0.858305811886843,0.8999347304580286,0.7915612578781701,0.8019817127031066,0.9189419416378728,0.7878589572622988,0.8943656982526555,0.7512776798866516,0.764154748221858,0.8359545793225898,0.7696846159091413,0.8855827323868948,0.864419020911696,0.8905408702359403,0.815167387721234,0.8497555614289232,0.8871861256568154,0.8977731789942538,0.9043497572493528,0.8413690466054409,0.998161346074085,0.8668818393610549,0.781807000231814,0.979150359703377,0.9869245398287897,0.8943656982526555,0.8981086621953585,0.9142172840771443,0.9684351487899453,0.8441441538596661,0.997366491079042,0.9108977199969839,0.9019695505324468,0.9059631313150907,0.856221510025936,0.8413857241797431,0.7958775417235628,0.9660328189454452,0.9414072100396405,0.8124659874018105,0.8684721765107498,0.8866539577018824,0.9266101958517023,0.7781489178560952,0.8212143364884735,0.9584370534611018,0.8067562839765106,0.9068931974730017,0.8881757341961197,0.9814744787548233,0.7387172023027093,0.8526125248565148,0.8549640569324382,0.9715973444587731,0.8649538734463005,0.8642550956097523,0.8997739636389355,0.9748913115405136,0.8414738364545011,0.9733502238946539,0.9872461568119291,0.654551560247184,0.7959862782732463,0.9313656494466989,0.7749015187531063,0.8441441538596661,0.9745849270782074,0.9724650090576955,0.7406860158076263,0.7710606998080469,0.8108308652408229,0.9855431718151524,0.7516026605511623,0.9127134942094681,0.8920834123507826,0.8724625431560952,0.6969209805833876,0.8555019428893371,0.9059631313150907,0.7893943413125304,0.9757903498042682,0.6246349362247796,0.959385510350397,0.9058515234369646,0.9530430838774198,0.8698835352347538,0.9059631313150907
p249_T,0.7963356519499132,0.9517441295565183,0.9109895373928902,0.9362456943690349,0.49168834541648687,0.9690033562225546,0.893284681363264,0.8661225030173028,0.9675591368764067,0.9672758151492922,0.9141406930557708,0.8904195718012649,0.5086182903930365,0.9362456943690349,0.9264564493231808,0.9057246972976492,0.9542468650366516,0.9436389526644002,0.965625,0.9672758151492922,0.8816006065564745,0.9493347822888889,0.9470055188469617,0.9596053879391779,0.9481608601832734,0.9436389526644,0.9542468650366516,0.7067645644578286,0.9672758151492922,0.8825746240147043,0.9383021271292233,0.43009433778432504,0.9529828655437631,0.9861029598450541,0.4916883454164872,0.965625,0.9596053879391779,0.9529828655437629,0.9690033562225546,0.942546448360206,0.9172347260035332,0.9447456538980155,0.8237261571040233,0.6705743148404913,0.9732924283946003,0.9108154519962628,0.9610366993022685,0.9181387543589392,0.942546448360206,0.786609814717561,0.9625131050152522,0.8762618273483118,0.9436389526644,0.9517441295565183,0.905538302592469,0.9414672763813328,0.941467276381333,0.9582144552981327,0.9425385593306326,0.9555383641697375,0.9823635494290385,0.9984082365942544,0.9436389526644002,0.9625162230164761,0.964040252388596,0.8315215278234708,0.9625131050152522,0.9557864545102848,0.919627993278336,0.965625,0.9352318345617441,0.942546448360206,0.8846149163346163,0.8635372202957403,0.9582144552981327,0.9065978676189168,0.9493347822888889,0.9141406930557707,0.9240714630961304,0.9690033562225546,0.9141406930557708,0.9458674971126175,0.9393458182324887,0.7535119131134654,0.9582144552981327,0.932241742150131,0.7855239202822132,0.9223215509727928,0.9127606676606757,0.9568599156354449,0.9582144552981327,0.9973897225041903,0.861092113458608,0.9176596541595283,0.9963814266559154,0.8993961122593015,0.9092272046561753,0.949657954348555,0.8025534011001836,0.9075125973442775,0.9414672763813328,0.9610366993022685,0.9582144552981327,0.7803606376962764,0.9326468089069146,0.9656250000000002,0.9236430180495618,0.8277345205711406,0.9218485695187232,0.9657412631626018,0.9378106311870051,0.9447456538980157,0.8175595086733718,0.9255134534695351,0.9610366993022685,0.8071644882517875,0.9517441295565183,0.9656250000000002,0.9690033562225546,0.8177388530806118,0.971374043910277,0.9057246972976494,0.9481608601832734,0.9383021271292231,0.9436389526644002,0.829149351379404,0.9596053879391779,0.9254100871772517,0.9667798280829099,0.8650564954973854,0.8684466411726356,0.9610366993022685,0.9625131050152522,0.9273614004407346,0.9732924283946004,0.9811187570828699,0.8163016618954728,0.950716529670402,0.9625131050152522,0.9555383641697377,0.839293063072188,0.9672758151492922,0.9358227266210353,0.8944656454039726,0.9074725945748126,0.9756340559373771,0.74034987381513,0.8788619061474223,0.942546448360206,0.9622268329997987,0.967275815149292,0.8874421650552483,0.8814987207179201,0.9022452837148791,0.950716529670402,0.9425464483602062,0.9982703367315555,0.9293199127017768,0.8195551936563297,0.9057246972976496,0.8753838677887599,0.9610366993022685,0.9914826481470901,0.8907130648110554,0.9154363928771065,0.9312607396704551,0.8858340936764979,0.9625162230164761,0.9963814266559157,0.8743797075282272,0.9362456943690349,0.9568599156354449,0.9414672763813332,0.9776793852114208,0.8987200406362263,0.9801726050158863,0.9403409090909086,0.9326468089069146,0.9342268638258986,0.9485464508185621,0.9274049943645879,0.9083489988323228,0.9998226281102464,0.9568599156354454,0.959101637743994,0.9535986089258479,0.8551170684649472,0.9190462651000915,0.9517441295565182,0.9516937335159947,0.970134355730177,0.8456943293164721,0.8537121927533957,0.8350231408856071,0.8874421650552475,0.9582144552981327,0.9596053879391779,0.9555383641697375,0.918138754358939,0.8874958319872938,0.9109895373928902,0.9568599156354454,0.9582144552981327,0.9693421397704964,0.9026064829238051,0.9672758151492922,0.9582144552981327,0.9334253536579321,0.9302869180633686,0.906597867618917,0.8823675467067157,0.9217916370027819,0.9568599156354451,0.9582144552981327,0.9929303214064666,0.9582144552981325,0.9150261950454613,0.9030333503116554,0.8647169462584843,0.9582144552981327,0.9235852575057478,0.9582144552981327,0.8583462338175076,0.9715107472647038,0.9312607396704551,0.8979178384019253,0.9610366993022685,0.8173748798116491,0.9555383641697375,0.9470055188469617,0.9843798933538865,0.9823635494290388,0.9982628821611546,0.9332303128187658,0.9507165296704019,0.9172347260035332,0.9610854286276956,0.9199574485923747,0.9600784247075336,0.9673847887170086,0.9302869180633684,0.9542468650366516,0.9057246972976496,0.9555383641697375,0.9582144552981327,0.5705409261013961,0.9582144552981327,0.979963945677863,0.9302869180633686,0.9625131050152524,0.9404006431802039,0.8173748798116491,0.9596053879391779,0.8174862680805612,0.9481608601832732,0.9118739328932484,0.9818060040046751,0.8499077595187514,0.9610366993022685,0.9879186260731821,0.933670888244921,0.8758869004661173,0.9568599156354449,0.964040252388596,0.8942631579092644,0.9690033562225546,0.8550270501255137,0.8902849828282725,0.9447456538980157,0.9326468089069144,0.9838022431692058,0.9625131050152524,0.9425866173147945,0.9633346958171634,0.9466282415065836,0.9656250000000002,0.8957434736985354,0.9293199127017766,0.9914826481470901,0.9190462651000917,0.9656250000000002,0.86503745582064,0.9812231934960488,0.964040252388596,0.9612908916295109,0.9541300190655133,0.9610366993022685,0.9861029598450541,0.9436186730193976,0.9555383641697375,0.9610366993022685,0.9610366993022685,0.8342814558669873,0.965625,0.9282603705051891,0.9712480042377699,0.9057246972976494,0.9119232477869199,0.965625,0.9582144552981327,0.9978387378693493,0.9555383641697375,0.9625131050152524,0.8227168701728211,0.768967742672977,0.9610366993022685,0.9425464483602062,0.9653179186519116,0.8480451455932456,0.7821342117290753,0.7631979623275763,0.9030333503116557,0.9644401760048043,0.9582921810599283,0.9346991012692376,0.967275815149292,0.9857542296718133,0.9672758151492922,0.933230312818766,0.7627282022777622,0.9742388426031001,0.7877259137311897,0.9582144552981327,0.9625131050152522,0.9199574485923749,0.9436389526644002,0.9656250000000002,0.964040252388596,0.9568599156354451,0.9582144552981327,0.986843854667725,0.965625,0.9690033562225546,0.9751883374484267,0.9934978324750827,0.9458674971126175,0.9625131050152524,0.8550270501255136,0.8942631579092644,0.921848569518723,0.9529828655437629,0.8691958391075136,0.9610366993022685,0.8024064520497918,0.8451634443215719,0.9517441295565181,0.9264564493231808,0.9690033562225546,0.821739265302524,0.9332303128187658,0.8117728822598584,0.9542468650366516,0.9568599156354449,0.9564941110945047,0.947442779108449,0.8857943139040091,0.9186988158234661,0.8508940408143366,0.9582144552981327,0.8617997030267436,0.9845214236147153,0.9877180384539763,0.9845214236147153,0.967275815149292,0.9811187570828699,0.9582144552981327,0.9582144552981327,0.942546448360206,0.9208725034246268,0.8841024249642828,0.9582144552981325,0.9672758151492922,0.9582144552981327,0.9362456943690349,0.9154363928771065,0.8688148119047063,0.963200230518242,0.9372689456075765,0.9843798933538865,0.8620020752690567,0.842246813951878,0.9582144552981327,0.9022452837148789,0.9312607396704551,0.8803297012364801,0.9117843373625341,0.9516937335159946,0.9316266645899962,0.9610366993022685,0.8628472125712436,0.9582144552981327,0.8332650413138041,0.8746515668023191,0.8841024249642824,0.8593321360825186,0.9596053879391779,0.861092113458608,0.9529828655437629,0.9582144552981327,0.7751028022516899,0.8542114406999304,0.9582144552981327,0.8406564126395661,0.9317709090158673,0.8700853537305533,0.8824245419081027,0.8907130648110552,0.9582144552981327,0.8184753916628578,0.8814987207179201,0.964040252388596,0.8780124908814333,0.8480451455932456,0.9715107472647038,0.9245757305468909,0.9145417437978427,0.9610366993022685,0.7689677426729769,0.906597867618917,0.9470055188469617,0.8634268125825653,0.9851872212052921,0.8936031902522539,0.9470055188469617,0.9625131050152522,0.9436389526644005,0.9582144552981327,0.965625,0.9190462651000917,0.9490201150415454,0.711144760209058,0.9438962066300457,0.970134355730177,0.9621829667377353,0.9596053879391779,0.970134355730177,0.914140693055771,0.8846149163346164,0.9791100127950296,0.9005120111662772,0.9208725034246266,0.8463068181818176,0.9090755206392827,0.967275815149292,0.8408182974981251,0.9892083965651993,0.9598703887644858,0.9493347822888889,0.967275815149292,0.9031859539635603,0.9312607396704551,0.7866098147175609,0.9447456538980155,0.9180945689966622,0.9199574485923747,0.6202343224201619,0.9332303128187658,0.9172347260035332,0.9008401905209052,0.9458674971126175,0.9922022799705811,0.9141406930557711,0.9491799890127757,0.9040056117932131,0.9848247876461579,0.9370067185313313,0.9542468650366516,0.9812231934960488,0.9101073401299777,0.6800693026518849,0.9914826481470901,0.9892083965651993,0.8499479257057734,0.9505286850464205,0.9881339422948304,0.9458674971126173,0.9302869180633686,0.8978662141860195,0.9610366993022685,0.8021289398337756,0.9230339739969551,0.932241742150131,0.720513297892925,0.965625,0.9136806902167052,0.9109895373928902,0.9457879562525044,0.982971410509272,0.9542468650366516,0.9542468650366516,0.8639461643560559,0.9656250000000002,0.9383021271292231,0.8565016117177141,0.9283593797331273,0.9568599156354451,0.9568599156354451,0.9717889828354405,0.9327537943050119,0.9542468650366516,0.8944656454039726,0.9582144552981327,0.964040252388596,0.9582144552981327,0.9582144552981327,0.9075125973442775,0.9470055188469617,0.9332303128187658,0.9582144552981327,0.9516656009136066,0.9202097155215787,0.9162206421071972,0.8266143329122306,0.9022452837148789,0.9084530093995205,0.9857542296718134,0.9199574485923747,0.8817866859835524,0.9529828655437629,0.9485464508185621,0.964040252388596,0.932241742150131,0.9522302390583733,0.9327819448011693,0.9383021271292231,0.9055383025924689,0.8214797955300072,0.8903043654943787,0.9457879562525044,0.9145417437978425,0.9610366993022685,0.9906286789501815,0.9493347822888889,0.932094827181063,0.9470055188469617,0.9061808133515704,0.9372689456075765,0.9227150661971699,0.7340640582138432,0.9342268638258988,0.9552175050422179,0.9493347822888891,0.9596053879391779,0.979958676545309,0.8940745085655684,0.9888905370951695,0.9625131050152524,0.9685938234748076,0.9542468650366516,0.8859104594065099,0.9092272046561756,0.8904195718012649,0.9477524567951611,0.9393458182324887,0.9690033562225546,0.8402819095372958,0.8366423012207561,0.9199574485923747,0.8723257484157794,0.9843798933538865,0.9806215235201542,0.9441754367900737,0.9582144552981327,0.9625131050152522,0.9312607396704553,0.9582144552981327,0.8858340936764979,0.9493347822888887,0.9701343557301771,0.9465829649206582,0.9313419384321768,0.9470055188469617,0.9223215509727927,0.9672758151492922,0.8978662141860194,0.8464753821068666,0.9176729344763377,0.970134355730177,0.9529828655437629,0.8537121927533957,0.9302869180633686,0.9458674971126175,0.8870144729824142,0.8953601809463136,0.8441952219411113,0.9983921185766228,0.9332303128187658,0.8227836741603317,0.9235852575057479,0.9383021271292231,0.9672758151492922,0.9218485695187231,0.9593605721085061,0.8674107520354712,0.755814244394571,0.9118739328932484,0.9568599156354449,0.9338800741201663,0.8691958391075136,0.9690033562225546,0.900512011166277,0.8714717093867044,0.8063598505269488,0.9312607396704551,0.9936745866415239,0.7592216529735141,0.9383021271292231,0.9481608601832734,0.9163339973465923,0.9505286850464207,0.9568599156354451,0.9625131050152522,0.9690033562225546,0.9582144552981327,0.9861029598450541,0.927581677265813,0.9095012704040786,0.9342268638258988,0.9582144552981325,0.9039825606517029,0.8903419420496905,0.7450600884945622,0.9362456943690349,0.9208725034246268,0.9109895373928905,0.9022452837148789,0.8385696706637011,0.9404006431802039,0.9823635494290388,0.8666320820952815,0.9101073401299777,0.964040252388596,0.9199574485923747,0.9414672763813328,0.9552175050422179,0.916220642107197,0.9690033562225546,0.998252218275079,0.9555383641697375,0.9690033562225546,0.9517441295565183,0.9414672763813328,0.9582144552981327,0.9864559376282898,0.9048529663349028,0.965625,0.9582144552981327,0.5866679472105382,0.8870144729824141,0.8567149674919381,0.9568599156354449,0.950716529670402,0.9542468650366516,0.9568599156354449,0.9568599156354449,0.9332303128187658,0.9582144552981327,0.9732924283946004,0.9715107472647038,0.9582144552981327,0.9458674971126175,0.9101073401299777,0.0,0.9610366993022685,0.964040252388596,0.9596053879391779,0.9568599156354449,0.9338800741201663,0.8832354238447047,0.7340640582138434,0.9407597684553035,0.9582144552981327,0.9236430180495618,0.9610366993022685,0.9288327934067979,0.8990930464480493,0.9245757305468907,0.965625,0.9596053879391779,0.9481608601832734,0.9162206421071967,0.9481608601832734,0.8060296021509905,0.9302869180633684,0.9352318345617441,0.9945610690582238,0.8832310600312397,0.9505286850464205,0.965625,0.942546448360206,0.9610366993022685,0.9327537943050119,0.8788619061474223,0.9582144552981327,0.9582144552981327,0.9852375043955968,0.9672758151492922,0.9731526633652692,0.9542468650366516,0.9505286850464205,0.9010556603551805,0.970134355730177,0.901440097535166,0.907227669702495,0.9582144552981327,0.9582144552981327,0.9293199127017768,0.861092113458608,0.9199574485923749,0.8743674594684081,0.8743797075282272,0.8480451455932456,0.8683043280893405,0.8931353432521508,0.9447456538980155,0.8794926703116204,0.9582144552981327,0.9450123956047417,0.9625131050152522,0.9690033562225546,0.861092113458608,0.9656250000000002,0.9984082365942543,0.9582144552981327,0.9582144552981327,0.8151543300838582,0.9582144552981327,0.8420562955272904,0.9493347822888889,0.8823675467067158,0.9172347260035332,0.9438962066300457,0.992202279970581,0.934468695273913,0.9137421426486894,0.9582144552981325,0.9302869180633686,0.9777160694663676,0.9596053879391779,0.7522727272727262,0.9904950340182073,0.9788493112231098,0.9264564493231808,0.932241742150131,0.47315633239461263,0.9216020313541384,0.9582144552981327,0.8984168960348214,0.9631988949207005,0.9172347260035332,0.9471883441958859,0.8892901999095577,0.9517441295565183,0.842872288887407,0.9166782713163664,0.964040252388596,0.9144622296650116,0.8102492861221356,0.9732924283946004,0.967275815149292,0.9541300190655136,0.7535119131134654,0.8794926703116204,0.9625131050152522,0.9568599156354449,0.9026181976726753,0.9414672763813328,0.9302869180633686,0.9023570839226295,0.9690033562225546,0.9302869180633686,0.8237261571040235,0.9273614004407342,0.9199574485923747,0.9877180384539763,0.7751028022516895,0.963200230518242,0.967275815149292,0.9493347822888889,0.9493347822888889,0.8971926092335734,0.9529828655437631,0.9568599156354454,0.8824024370934052,0.9127606676606757,0.9596053879391782,0.9106507599689606,0.9845214236147153,0.9717889828354407,0.9258987741380018,0.9582144552981327,0.9109895373928905,0.9582144552981327,0.8350231408856075,0.9672758151492922,0.9447456538980155,0.9458674971126175,0.9699258116973509,0.9582144552981327,0.8733481182086196,0.8402819095372958,0.6782333744456268,0.8870336910138054,0.8574253737916118,0.9823849990997209,0.9625131050152522,0.9036615728941472,0.8382543236810014,0.9425385593306326,0.9052983512742422,0.9470055188469617,0.8709729405791935,0.9690033562225546,0.9470055188469617,0.9582144552981327,0.9937522140875703,0.942546448360206,0.8832310600312397,0.9662757781656683,0.9468588879082487,0.9582144552981327,0.9568599156354449,0.8429972289871333,0.8858340936764977,0.9145417437978427,0.8129069456777993,0.8312173911187126,0.9582144552981327,0.9037682955617903,0.8875631490366902,0.9362456943690349,0.9582144552981327,0.8683043280893405,0.9762777185243532,0.9656250000000002,0.9470055188469617,0.9568599156354449,0.9098414308144025,0.6323722594246122,0.9952795434620394,0.9998226281102464,0.7374009961013603,0.9470055188469617,0.8461277862534453,0.9582144552981327,0.9438962066300456,0.9582144552981327,0.9656250000000002,0.8629094882524138,0.8046915962447662,0.9690033562225546,0.9393458182324887,0.8907130648110553,0.9840739333532935,0.9362456943690349,0.9582144552981327,0.7860925850857807,0.8703425877209889,0.950346438524694,0.9945610690582236,0.9302869180633684,0.950716529670402,0.9383021271292236,0.9372689456075762,0.9312607396704553,0.9577099946223931,0.9327938339181783,0.9312607396704553,0.9362456943690349,0.9625131050152524,0.9057246972976494,0.9312607396704553,0.9690033562225546,0.9957912204911729,0.9596053879391779,0.947442779108449,0.9568599156354451,0.9516937335159951,0.9458674971126175,0.9109895373928902,0.98145106467318,0.8616362273895213,0.979958676545309,0.942546448360206,0.6613388029563283,0.9843798933538865,0.8451634443215719,0.9362456943690349,0.9650079910895764,0.9255429155310316,0.9770515787970702,0.9245757305468911,0.942546448360206,0.9596053879391779,0.9610366993022685,0.9190462651000915,0.7809764035056658,0.9404006431802037,0.8860446315351704,0.8081635455684217,0.9625131050152522,0.964040252388596,0.985187221205292,0.9393458182324887,0.8792381549441344,0.9631988949207005,0.9383021271292231,0.9893232687360964,0.9481608601832734,0.9927876060457907,0.9582144552981327,0.8151431811641451,0.8996466204791784,0.9283593797331273,0.7625472622229813,0.876261827348312,0.8556161648936055,0.9861029598450541,0.8979178384019251,0.9436389526644,0.9542468650366516,0.9465829649206576,0.9172347260035334,0.8944656454039726,0.8597854062586425,0.9505286850464205,0.9839959424285257,0.9667798280829099,0.9039825606517029,0.992355755240514,0.9610366993022685,0.9596053879391779,0.7997620499835654,0.9404006431802034,0.9610366993022685,0.9163339973465923,0.8875631490366904,0.9693856077784861,0.9555383641697375,0.9555383641697375,0.8916641869793293,0.9288327934067979,0.9199574485923747,0.9610366993022685,0.928399543086439,0.9458674971126175,0.964040252388596,0.9118739328932484,0.9447456538980155,0.9596053879391779,0.9672758151492922,0.9057246972976496,0.9656250000000002,0.9199207156261615,0.964040252388596
p251_S,0.8086886533123154,0.9453030402757783,0.5622615639049686,0.9277359074596556,0.9526370111116407,0.9648659912110238,0.8394385952949948,0.8098519714818673,0.9103107362174547,0.9629078616894173,0.39319229787439447,0.9511016704226434,0.9511016704226434,0.9277359074596556,0.9957658420390977,0.9302947288966976,0.9481398354780852,0.9361160018916064,0.9610366993022688,0.9629078616894176,0.8951222364985463,0.4080645809418807,0.939931930051314,0.9542136024350836,0.42203304800755903,0.9361160018916064,0.987327403406299,0.9220855717829912,0.9629078616894173,0.7904815296111656,0.9300668284196516,0.9652137684610215,0.9902930825832763,0.9243180392978654,0.9526370111116407,0.9610366993022688,0.10760130841331061,0.9467071200650465,0.9648659912110238,0.9348776724743586,0.9465146323386673,0.9373704232137268,0.9648659912110238,0.9187969445925779,0.9481398354780852,0.9547667551050749,0.2237494366831898,0.9072120922355345,0.481106577474263,0.8991086132420372,0.957509435301382,0.957275422082307,0.9361160018916064,0.9453030402757783,0.9467071200650463,0.9859410630732461,0.9336544549523982,0.9526370111116405,0.7560495458914249,0.18985981854257494,0.9123992402861412,0.8425509890153137,0.9361160018916066,0.9061873961293254,0.9592404230051592,0.8672605145480654,0.957509435301382,0.8656814261022983,0.7942458793111882,0.9610366993022688,0.9265867198367661,0.9879700133881206,0.9526370111116407,0.8383948208633007,0.9526370111116405,0.620202540979643,0.9425720985427188,0.9439253608596803,0.7628588897397749,0.9648659912110238,0.9439253608596803,0.9944373248680742,0.9312498291554212,0.9361160018916064,0.9526370111116405,0.9231975163531971,0.9425720985427188,0.9088294956035707,0.670269448296569,0.9511016704226434,0.9526370111116405,0.9375821720172512,0.8425509890153136,0.8976747065462733,0.9312498291554212,0.9072120922355345,0.9351202479906622,0.6540395853328662,0.8320602288053405,0.8617289235276302,0.9617723288059055,0.9558359621451105,0.9526370111116407,0.8676499406085267,0.7033362762738922,0.11775954848708015,0.617613358319171,0.811009619429409,0.9412414838519025,0.8404791612293152,0.9908764668187224,0.952944974054758,0.8200790560505897,0.6070912069531367,0.07458314556106327,0.7979454077493469,0.9931163690142985,0.9610366993022685,0.9648659912110238,0.8676499406085267,0.9187969445925779,0.9302947288966976,0.9412414838519025,0.9300668284196518,0.9900588676412958,0.7719452573794077,0.1076013084133105,0.9378370728938006,0.9128870094924402,0.9209817665727265,0.881356890785397,0.9558359621451105,0.957509435301382,0.9648659912110238,0.9481398354780852,0.8879294594533993,0.8872325694620833,0.9652137684610216,0.19244580608505335,0.9496037211238537,0.7575505983588418,0.160128011110376,0.836297322381335,0.880379147867171,0.8951222364985465,0.9166400151447351,0.9001110559421439,0.852744627559685,0.9348776724743586,0.8340710265917912,0.9629078616894173,0.9123992402861405,0.7042792707118314,0.9255818465700865,0.957509435301382,0.9348776724743588,0.9021240612426045,0.9198856874256713,0.7683200278016402,0.8931410336709438,0.8808482728335029,0.969580892293826,0.9386420076357269,0.8155856001785136,0.6585158886812212,0.9220855717829912,0.9042162740830948,0.6502130055679127,0.9312498291554214,0.9201023553084948,0.9277359074596558,0.3008360691103116,0.9859410630732464,0.8527446275596853,0.7746021087667416,0.9579672831419932,0.9610366993022685,0.9141734198710234,0.9254476077793647,0.9314897302747827,0.9177151699279686,0.8961156213019832,0.933654454952398,0.9511016704226434,0.9020294315021227,0.7088403617432,0.8676499406085267,0.9082407355488131,0.9453030402757782,0.9722155622930324,0.9496037211238535,0.9103107362174554,0.7645217555830743,0.834071026591791,0.9607967445595413,0.9526370111116405,0.9542136024350836,0.9496037211238535,0.9072120922355345,0.7119868333828544,0.8991086132420372,0.9511016704226434,0.9526370111116405,0.674128700385946,0.8340710265917912,0.9629078616894173,0.9526370111116405,0.907411648617012,0.9209817665727265,0.968848707670247,0.9330323576683239,0.953270131910047,0.9511016704226434,0.9526370111116405,0.8656814261022985,0.9526370111116405,0.8398896489883634,0.9131632661895819,0.8781849073732377,0.9526370111116405,0.6923341401884344,0.9526370111116405,0.8182873563847913,0.9987120692432438,0.9220855717829912,0.6183143059691427,0.9558359621451105,0.7866487334406878,0.9496037211238537,0.43518851942535797,0.9425720985427191,0.9123992402861407,0.8063445760987145,0.9243180392978652,0.957509435301382,0.9061873961293254,0.8981086621953585,0.9505241704836669,0.9041490253843174,0.5322230711047464,0.9209817665727265,0.9481398354780852,0.9302947288966976,0.9842011665427952,0.9526370111116405,0.9092735418441047,0.9526370111116405,0.8222967889645657,0.9209817665727265,0.957509435301382,0.9324454498571317,0.7866487334406876,0.9542136024350836,0.9198856874256711,0.30626478107291477,0.9001110559421439,0.9439253608596803,0.8705954752723888,0.9558359621451105,0.880379147867171,0.9152949345126442,0.8547546403115025,0.9511016704226434,0.9592404230051592,0.8716488174471997,0.9648659912110238,0.8446109430683049,0.8099851764138053,0.9373704232137268,0.9141734198710232,0.9186826071889067,0.9575094353013822,0.8587509369841104,0.7965069792215316,0.876724331949785,0.11775954848708015,0.8404791612293152,0.9198856874256713,0.9386420076357269,0.9082407355488133,0.11775954848708015,0.8944208730785339,0.826678007573604,0.9592404230051592,0.945204588509776,0.9277359074596556,0.9558359621451105,0.9714058757497572,0.8200790560505895,0.3222500432092781,0.9558359621451105,0.969580892293826,0.7648826756137952,0.9610366993022685,0.8555160230965211,0.8646954736999413,0.5867072331685047,0.8547546403115025,0.9610366993022685,0.9526370111116407,0.9348776724743586,0.9496037211238535,0.9575094353013822,0.8155856001785138,0.945204588509776,0.9558359621451105,0.9348776724743586,0.9220855717829912,0.8048222124436132,0.9155711502428496,0.8921529459435538,0.881438146000566,0.8020674121309703,0.846659656662168,0.9164201668122128,0.9629078616894176,0.9103107362174554,0.9629078616894176,0.5106279232794315,0.9209817665727265,0.997640187429148,0.9558359621451105,0.9526370111116405,0.9575094353013818,0.9092735418441047,0.9361160018916066,0.11775954848708015,0.9592404230051592,0.9511016704226434,0.9526370111116405,0.4220330480075587,0.9610366993022685,0.9648659912110238,0.4702009851420942,0.731943683951616,0.9386420076357269,0.9575094353013822,0.8446109430683049,0.7543153079381834,0.9412414838519028,0.9467071200650465,0.9473375332459506,0.9558359621451105,0.9243180392978652,0.7483585156811934,0.9453030402757783,0.9166400151447351,0.9648659912110238,0.8114701760536347,0.9243180392978652,0.7929984735168571,0.3419997922501381,0.9511016704226434,0.9748006002614296,0.8931410336709438,0.8200790560505897,0.8211902596649285,0.7386871664249517,0.9526370111116405,0.863708282603777,0.9231975163531971,0.9254476077793647,0.47152576728747697,0.9629078616894173,0.855756563598304,0.9526370111116405,0.9526370111116405,0.9348776724743586,0.9103107362174552,0.9977802754820256,0.9526370111116405,0.9629078616894176,0.9526370111116409,0.9277359074596556,0.6585158886812214,0.8039765114147406,0.8374011676109455,0.928895740061739,0.9425720985427191,0.7176529953352653,0.753011006155871,0.9526370111116405,0.637802340396505,0.9220855717829912,0.7917437350152448,0.8242743687062482,0.428327725244276,0.8784240722117911,0.9558359621451105,0.8098519714818668,0.9526370111116405,0.7663159483485272,0.9361160018916066,0.6972093964344689,0.872741602510198,0.9542136024350834,0.7195026022793827,0.9467071200650465,0.9526370111116405,0.9031349604797554,0.8178422485024104,0.9526370111116405,0.928895740061739,0.808688653312315,0.7000853882408262,0.7435863378643108,0.8155856001785136,0.9526370111116405,0.794245879311188,0.8656814261022983,0.9592404230051592,0.7786690145640724,0.7742042751539622,0.9134510531460025,0.9145082620913982,0.9031349604797554,0.0,0.9452045885097757,0.8941307528793183,0.939931930051314,0.8627197720675652,0.8823349016943813,0.6337925846638767,0.939931930051314,0.0378922136098605,0.9361160018916066,0.9526370111116405,0.9610366993022685,0.9082407355488131,0.8561342062066828,0.9439253608596803,0.5008123449120355,0.9496037211238537,0.9027950502828763,0.9736183137840243,0.9496037211238537,0.995812608116145,0.9526370111116409,0.9453030402757783,0.6083617615102102,0.9103107362174552,0.9610366993022685,0.8567565353887991,0.9629078616894176,0.9453030402757783,0.9464536062171713,0.8224931556269461,0.9425720985427188,0.9629078616894173,0.8239033522938282,0.9220855717829912,0.9375821720172512,0.9373704232137268,0.9425720985427193,0.5957189144811472,0.9558359621451105,0.9243180392978654,0.9061873961293254,0.6507467849476519,0.9386420076357271,0.9061873961293254,0.9439253608596805,0.9300668284196516,0.9143162677112748,0.817957176034668,0.9951877100611972,0.9481398354780852,0.857258806876982,0.681271880948972,0.9277359074596556,0.9386420076357269,0.9399319300513143,0.7403348078925531,0.9439253608596805,0.7132869920925939,0.9386420076357269,0.44109054405099213,0.7705531152105065,0.9558359621451105,0.855756563598304,0.7336531223545585,0.9231975163531971,0.9868418685480091,0.9610366993022685,0.8398896489883633,0.937582172017251,0.9592404230051592,0.9220855717829912,0.9481398354780852,0.9481398354780852,0.9575094353013822,0.9610366993022685,0.9300668284196518,0.7284756911618842,0.9187969445925777,0.3008360691103116,0.9511016704226434,0.8352434350141633,0.913451053146003,0.9481398354780852,0.9502107211581171,0.9526370111116405,0.1573927922435595,0.9526370111116405,0.9526370111116405,0.8309916996778286,0.9399319300513145,0.9714058757497572,0.9526370111116405,0.8222967889645658,0.8486977586224085,0.9209817665727266,0.9282894047452506,0.6741869914826224,0.7560495458914248,0.9103107362174552,0.9092735418441042,0.8507258744656068,0.9467071200650463,0.8941307528793182,0.9592404230051594,0.9231975163531971,0.8530488725229224,0.8656814261022983,0.5187931765066538,0.9902930825832764,0.9496037211238537,0.870256089107998,0.9592404230051592,0.6625231566468313,0.07458314556106327,0.9072120922355345,0.9425720985427191,0.9373704232137268,0.9967391619170716,0.85875093698411,0.42832772524427576,0.912399240286141,0.939931930051314,0.9254476077793645,0.9558359621451105,0.9425720985427193,0.9542136024350834,0.5840323192356704,0.8666662211060936,0.9461114643341091,0.9575094353013822,0.8666662211060936,0.9481398354780852,0.7853552691579664,0.6847877535121555,0.9511016704226434,0.7917437350152448,0.982045156274965,0.8505410419770534,0.7560495458914249,0.8567565353887989,0.9092735418441045,0.759039812406635,0.998394872319517,0.9134510531460027,0.8901811511257474,0.9526370111116405,0.0378922136098605,0.9220855717829912,0.9526370111116407,0.9042162740830946,0.9425720985427188,0.9496037211238537,0.5100015725296021,0.7820663749515686,0.939931930051314,0.8178422485024104,0.9629078616894176,0.7705531152105066,0.9439253608596805,0.8754910501451354,0.9496037211238537,0.9467071200650465,0.8341860124462195,0.9209817665727265,0.9386420076357269,0.7840536293380751,0.888214373845492,0.8108764367449929,0.8725553212046715,0.9344184513464585,0.8425509890153138,0.759575737809846,0.9300668284196516,0.9629078616894176,0.9412414838519028,0.9542136024350834,0.706135291542227,0.9092735418441047,0.9001110559421444,0.9511016704226434,0.76773864972953,0.7021249138262726,0.9648659912110238,0.9232615458212055,0.9558359621451105,0.9231975163531971,0.5713315118989216,0.9922127245794843,0.9491737766988708,0.4686895405908631,0.9412414838519025,0.9051664401581994,0.9439253608596803,0.9511016704226434,0.19244580608505335,0.9648659912110238,0.9526370111116405,0.9243180392978654,0.9086148915839567,0.8456902516433886,0.9792750106568119,0.9526370111116405,0.8911663603911606,0.8672605145480656,0.9123992402861407,0.9277359074596556,0.5491669919950228,0.9375821720172512,0.9255818465700862,0.8003774546971085,0.9839674685144806,0.912399240286141,0.8607384721289721,0.8981086621953582,0.1573927922435595,0.5132176572020226,0.9336544549523982,0.9558359621451105,0.9665480300996037,0.9648659912110238,0.9324454498571317,0.9496037211238535,0.8505410419770534,0.9453030402757783,0.933654454952398,0.9526370111116407,0.852744627559685,0.5904937947421897,0.9610366993022688,0.9526370111116407,0.9425720985427191,0.784053629338075,0.8155856001785138,0.9511016704226434,0.957509435301382,0.948139835478085,0.9511016704226434,0.9511016704226434,0.9243180392978652,0.9526370111116405,0.9481398354780852,0.998712069243244,0.9526370111116405,0.9386420076357271,0.8981086621953585,0.9610366993022685,0.0,0.9604535056538152,0.9542136024350834,0.9511016704226434,0.7677386497295299,0.8676499406085265,0.939931930051314,0.8517363824474664,0.9526370111116405,0.9586574227081355,0.9558359621451105,0.9386420076357269,0.8075195577599243,0.5264173485154191,0.9610366993022685,0.9542136024350834,0.9412414838519025,0.9209817665727265,0.9429902492134533,0.2775029775378376,0.9209817665727265,0.9265867198367661,0.9300668284196516,0.8013106521092755,0.9439253608596805,0.955217505042218,0.9348776724743586,0.14916629112212654,0.913451053146003,0.852744627559685,0.9526370111116405,0.9526370111116407,0.5978464689111876,0.9629078616894176,0.8803545486957223,0.21293427001890652,0.9439253608596803,0.8362973223813353,0.9496037211238537,0.8051635979868561,0.7991647789411429,0.9526370111116405,0.9526370111116405,0.9198856874256713,0.7507844886154758,0.9092735418441047,0.8796755654923115,0.855756563598304,0.9196163519495262,0.7041413728147147,0.8133083257720886,0.9373704232137268,0.8255892557605071,0.9526370111116405,0.9072120922355342,0.0378922136098605,0.9648659912110238,0.8738328753514066,0.11775954848708015,0.8425509890153136,0.9526370111116405,0.9526370111116405,0.7892117206997185,0.9073884413700836,0.796719217938705,0.4080645809418808,0.9662154259494389,0.9465146323386673,0.932445449857132,0.650213005567913,0.8456366655300414,0.9585367020978055,0.9526370111116405,0.9209817665727262,0.8299192991696218,0.2519374759750954,0.9610366993022685,0.8941307528793181,0.9124328455604713,0.9166400151447351,0.9231975163531971,0.9542136024350834,0.6638126320958515,0.9526370111116405,0.8383948208633005,0.983682988822291,0.9061873961293254,0.6277572448391837,0.8745128950949936,0.9453030402757783,0.9113525537588967,0.774602108766742,0.9592404230051592,0.877446546739326,0.8715757257382066,0.9481398354780852,0.7740029001505224,0.9277359074596556,0.9361160018916064,0.8255892557605071,0.9575094353013818,0.9511016704226434,0.7248986406633606,0.933654454952398,0.9209817665727262,0.9769855193139069,0.9648659912110238,0.9209817665727262,0.9648659912110238,0.9648659912110238,0.6369695431207095,0.9730862985612763,0.9031349604797554,0.9526370111116407,0.9629078616894176,0.4080645809418807,0.9425720985427191,0.7489933234855091,0.9467071200650465,0.9511016704226434,0.933654454952398,0.940081095745432,0.9542136024350836,0.8140865069385359,0.9231975163531971,0.8352434350141631,0.8144495911033482,0.9526370111116405,0.8991086132420374,0.9526370111116407,0.8039765114147406,0.9629078616894173,0.9373704232137268,0.9386420076357267,0.7373592171107445,0.9526370111116405,0.8178422485024104,0.7560495458914248,0.9386420076357267,0.8189630840562676,0.8383948208633005,0.8255892557605071,0.11516900984745693,0.8650546456747357,0.7903415819956485,0.8493193247742898,0.7907957676628272,0.9399319300513138,0.7940709086394254,0.9648659912110238,0.9967391619170713,0.9073884413700836,0.6544139279744577,0.9348776724743586,0.8497130258115504,0.9092735418441045,0.7499222990259988,0.9526370111116407,0.9511016704226434,0.852744627559685,0.9714578717045066,0.6625231566468317,0.7917437350152448,0.7691509749968612,0.9526370111116405,0.8027832026517656,0.653465030691354,0.9277359074596556,0.9526370111116405,0.8507258744656068,0.9467071200650465,0.11775954848708015,0.9399319300513145,0.9511016704226434,0.8890106760597567,0.9361160018916066,0.6585158886812199,0.933654454952398,0.914508262091398,0.9399319300513143,0.777326388439208,0.9526370111116405,0.9839674685144806,0.9526370111116405,0.9610366993022685,0.8446109430683049,0.8921529459435535,0.9648659912110238,0.9312498291554212,0.9064206691382042,0.9113525537588967,0.5352976416436223,0.9526370111116405,0.8749227387115646,0.8639484283036891,0.7154691980060808,0.9300668284196518,0.9209817665727265,0.9575094353013822,0.9300668284196516,0.928895740061739,0.9220855717829912,0.9001110559421441,0.7691509749968612,0.9220855717829912,0.9277359074596556,0.9575094353013822,0.5867072331685046,0.9220855717829912,0.9648659912110238,0.9361160018916066,0.9542136024350834,0.6238609283942591,0.9511016704226434,0.928895740061739,0.9386420076357269,0.8991086132420372,0.532223071104747,0.9967391619170713,0.9198856874256713,0.9348776724743586,0.9511016704226434,0.9425720985427191,0.8550065733210688,0.5352976416436228,0.9082407355488131,0.8446109430683049,0.9177151699279686,0.9145082620913985,0.9879700133881206,0.9542136024350836,0.2237494366831898,0.9082407355488131,0.9011161501496319,0.500812344912036,0.932445449857132,0.9072120922355342,0.19244580608505346,0.07708672090253421,0.9175493208075458,0.9312498291554212,0.9097206700803182,0.9231975163531971,0.4185859046750726,0.8627197720675652,0.9412414838519028,0.928895740061739,0.2775029775378376,0.8792701714261306,0.8862516682966308,0.5900729478685124,0.9072120922355342,0.8597455235253666,0.9592404230051592,0.9243180392978652,0.8842921321245039,0.9361160018916064,0.9227946422906833,0.5100015725296023,0.9061873961293256,0.880379147867171,0.806145885371528,0.3931922978743946,0.8547546403115025,0.9511016704226434,0.8911663603911606,0.8341860124462199,0.9558359621451105,0.2519374759750954,0.8941307528793183,0.9324454498571313,0.9558359621451105,0.9051664401581994,0.8725553212046715,0.8993729787121678,0.9496037211238535,0.32225004320927864,0.9062630668618086,0.9944373248680742,0.9092735418441047,0.9558359621451105,0.8686326671635054,0.3360188683437645,0.1573927922435595,0.9001110559421441,0.9529449740547579,0.9542136024350834,0.9629078616894173,0.8931410336709438,0.9610366993022685,0.8309916996778286,0.1573927922435595
p252_N,0.8518826048482635,0.9495194495442563,0.9483117174169302,0.9333065093925879,0.9562880686171875,0.9675743567407267,0.8801569979677967,0.8831047218391028,0.9172245874626141,0.9657671730030435,0.9482479709168004,0.8986811553763574,0.8986811553763574,0.9333065093925879,0.9230659630317122,0.8985986666492831,0.9521375655065456,0.9410406098239261,0.9640402523885963,0.9657671730030437,0.9841122468683341,0.9258754510202482,0.9942714459947757,0.964551177658226,0.9457709851868579,0.9410406098239259,0.9521375655065456,0.9280917395652362,0.9657671730030437,0.9347629248164577,0.9354577472990953,0.9607848936032954,0.9508152934266847,0.9301521134798676,0.9562880686171875,0.964040252388596,0.9577431256853026,0.9508152934266845,0.9675743567407267,0.9398977391608507,0.9568407342490963,0.821599789875599,0.9675743567407267,0.9731307655897723,0.9521375655065456,0.9035385528962288,0.9592404230051594,0.9544071893297127,0.939897739160851,0.9068859994145182,0.9607848936032954,0.9055618072870646,0.9410406098239259,0.9178689456870833,0.8456829831262227,0.9950674879125883,0.938768815466609,0.9562880686171873,0.9382825894904985,0.9534886050081051,0.919152095601053,0.9769007179655418,0.9410406098239261,0.9134191021410443,0.9623824451410659,0.8822556897514984,0.9607848936032954,0.9472720887282853,0.9635647286988953,0.9640402523885963,0.9322459088752486,0.9970639700164783,0.6669241895153397,0.8842994831730135,0.9562880686171873,0.9022918659842716,0.9469990271543745,0.9482479709168004,0.8191820589181512,0.9675743567407267,0.9482479709168004,0.9965514935490281,0.9365495543873188,0.9410406098239261,0.9562880686171873,0.9291179679746995,0.9469990271543745,0.9298530872602186,0.7556227381582274,0.9548710823073732,0.9562880686171873,0.9068859994145182,0.8883704299920676,0.9473253411290726,0.9912425166211665,0.9981498569583072,0.9050424200568572,0.903206919382465,0.7904379086393871,0.7919266732908357,0.938768815466609,0.9592404230051592,0.9562880686171877,0.9429328017836778,0.9635780404756726,0.964040252388596,0.9201228276565452,0.8493451933230107,0.8672518908219965,0.8787329305292697,0.9314659325100629,0.9397007289779528,0.9043227484219137,0.9220794934202008,0.9592404230051594,0.8629751726731469,0.9178689456870834,0.964040252388596,0.9675743567407264,0.9853812680091016,0.7384243720388096,0.9413830194575712,0.9457709851868581,0.7948012723473754,0.9991226281223797,0.9841262059810225,0.9577431256853026,0.7936237966456279,0.9548710823073732,0.7294883478037419,0.9207285164870211,0.9604535056538153,0.9607848936032954,0.9675743567407267,0.9521375655065456,0.8668758171222237,0.987693886593716,0.9560086947472868,0.9607848936032954,0.9534886050081051,0.9395217193959409,0.9657671730030435,0.9822728840002257,0.9271952774457721,0.903206919382465,0.9230659630317124,0.9911841280007905,0.9639459734638129,0.7171048757053851,0.8514910516687033,0.9657671730030435,0.919152095601053,0.9116538466243311,0.936915144267404,0.9607848936032957,0.9970639700164783,0.9636379434728117,0.9260614370793867,0.9126737616573803,0.9013784409842849,0.9043227484219138,0.9604535056538153,0.9433718940682516,0.8441816987551354,0.9115378627127524,0.9280917395652362,0.8298243919346041,0.9134191021410443,0.936549554387319,0.9015174087358588,0.8038893788091565,0.9548710823073729,0.9950674879125883,0.8951627873918946,0.9804262459572082,0.8347150649949071,0.964040252388596,0.9635780404756726,0.9149230616438515,0.9425174783713439,0.9240582376582436,0.9041237274088105,0.995067487912588,0.459337868427547,0.7616469542327662,0.8742145641840269,0.8778523726982705,0.7320944694840577,0.7189515385340934,0.9343769343025807,0.9039625825630313,0.9619936422826709,0.8871339301744109,0.9162985162668038,0.964663415934474,0.9562880686171873,0.9577431256853026,0.9534886050081051,0.7356938511867399,0.8924244121716267,0.989737435419342,0.5325617495856823,0.9562880686171873,0.9611758447846424,0.8568753576398451,0.9657671730030437,0.9562880686171873,0.9580186848345916,0.9270730230791455,0.9022918659842718,0.8769444849065682,0.9633200991265265,0.9548710823073732,0.9562880686171873,0.8390184586479896,0.9562880686171874,0.9320142571782084,0.9296170701540485,0.960312914690581,0.9562880686171873,0.9529720363315421,0.9562880686171873,0.8518157474872081,0.9201228276565452,0.9280917395652362,0.9314659325100627,0.9592404230051592,0.8412846402989775,0.9534886050081051,0.9331052725841534,0.9469990271543745,0.919152095601053,0.9516927132632356,0.9684459109141506,0.9607848936032954,0.9134191021410445,0.7646590535028454,0.9162673470024438,0.9971547265784804,0.9270730230791455,0.9761356843815903,0.9521375655065456,0.9013784409842851,0.9752369887774633,0.9562880686171873,0.7284056255335676,0.9562880686171873,0.8359953467971375,0.9270730230791457,0.7895958714484503,0.6185436763324144,0.8412846402989775,0.9577431256853026,0.9260614370793867,0.9457709851868579,0.9078111670939806,0.9482479709168004,0.8298243919346036,0.9592404230051594,0.8896003271096575,0.9271952774457721,0.8230429621054949,0.9548710823073732,0.8646812957157788,0.9198988420720091,0.9675743567407267,0.9918284544690201,0.9580186848345917,0.8806502594267762,0.9615420303159279,0.8923082777943998,0.4567702248507801,0.8161661906115721,0.8168375394702836,0.900082576631295,0.964040252388596,0.8787329305292693,0.9260614370793867,0.9433718940682516,0.9153141563577836,0.964040252388596,0.7404172524417102,0.8400388316300482,0.9511494252873565,0.9986975721475881,0.9333065093925879,0.9592404230051592,0.9808531012828583,0.8061744934456334,0.9534886050081051,0.9592404230051594,0.9604535056538153,0.8591708211604271,0.964040252388596,0.859170821160427,0.875125655955683,0.9413830194575712,0.8230429621054949,0.8556161648936056,0.9562880686171875,0.9398977391608507,0.9534886050081051,0.9607848936032957,0.909385058694516,0.8719713421079067,0.9592404230051592,0.939897739160851,0.7743878328859287,0.8740070788027339,0.9220794934202008,0.860797381797495,0.9979359844619955,0.8537063304300416,0.9942571659500581,0.890502699032432,0.9657671730030435,0.9172245874626141,0.9657671730030435,0.9808531012828585,0.974801654315965,0.9220794934202008,0.9592404230051592,0.9562880686171873,0.9607848936032954,0.9162673470024436,0.9410406098239261,0.964040252388596,0.9511494252873566,0.9548710823073732,0.9562880686171873,0.9457709851868579,0.5851007908169094,0.9675743567407264,0.9702236782844962,0.8812313746286633,0.9433718940682516,0.7063894597990332,0.9067422366276939,0.8527760996057687,0.9457709851868579,0.9508152934266847,0.8974778163860966,0.9592404230051592,0.9301521134798676,0.870876713268393,0.9841747480714136,0.9354608912099367,0.9675743567407267,0.8135211337092477,0.9301521134798674,0.8354243808638633,0.9521375655065456,0.9548710823073732,0.9322459088752486,0.9013784409842849,0.8061744934456334,0.8047985199567372,0.8771157527508111,0.9562880686171873,0.9450223520328143,0.6196906358642522,0.9311946072310933,0.7700877679179361,0.6565306357972032,0.9015174087358588,0.9562880686171873,0.9562880686171873,0.5456061831385025,0.9036991932571591,0.9866374545900776,0.9562880686171874,0.9657671730030435,0.9562880686171875,0.933306509392588,0.9115378627127524,0.8892790899388952,0.968354383009318,0.9343769343025807,0.9469990271543745,0.8893852688139479,0.8677220583791987,0.9562880686171873,0.8977386203509137,0.9280917395652362,0.836608365680193,0.8019015276175862,0.9343769343025807,0.8877959618256668,0.9592404230051592,0.8181301843558839,0.9562880686171873,0.8580859220024455,0.9410406098239261,0.8787593440855817,0.8873545301242929,0.42061130106292455,0.8883704299920676,0.9508152934266845,0.9562880686171873,0.9618517021806038,0.972178017731901,0.9562880686171873,0.7461931429643924,0.9857768064258265,0.8984876543923497,0.8740070788027339,0.8115800187854451,0.9562880686171873,0.8101067897872718,0.8760356045203768,0.9623824451410659,0.8460156417597691,0.8952216971545266,0.920122827656545,0.9399845276374331,0.910601968746465,0.9604535056538152,0.6995298944485664,0.9022918659842718,0.9331052725841537,0.9854958810075533,0.9190121941236469,0.926138075871473,0.944562380594602,0.9607848936032954,0.9410406098239261,0.9562880686171873,0.964040252388596,0.9965380001026767,0.9048114690017823,0.9868659623160063,0.9513961626258347,0.9534886050081051,0.989287941037325,0.8091397843452833,0.9752369887774635,0.9868659623160063,0.9562880686171875,0.9495194495442563,0.9347189984066655,0.9172245874626139,0.9457879562525046,0.9585559430354967,0.5621050879972654,0.9495194495442563,0.9445623805946022,0.9106366562230357,0.989438211932937,0.9657671730030435,0.9253562380373368,0.9776784774900422,0.9483117174169302,0.9421983319196943,0.9469990271543747,0.9606832254354423,0.9592404230051594,0.9301521134798674,0.9568407342490961,0.8941155981922166,0.8163216564008666,0.826051105210643,0.5975495617128475,0.9354577472990953,0.8964678380224962,0.9694312124673643,0.918186094706007,0.9088934360957928,0.9717481518550581,0.9471353582128486,0.9333065093925881,0.9364748811663077,0.9445623805946022,0.8760817786212671,0.792207762014427,0.9075881164980935,0.5760152068699854,0.9761356843815903,0.8206906175910369,0.9592404230051592,0.9599162248096005,0.9134425692262831,0.9706172773228458,0.7392078409945395,0.964040252388596,0.9365797231195259,0.9483117174169302,0.9623824451410659,0.9280917395652362,0.9521375655065456,0.9521375655065456,0.9560086947472866,0.964040252388596,0.9354577472990953,0.883278360511393,0.9250566218612026,0.9548710823073732,0.9548710823073729,0.7858946626455751,0.9201228276565452,0.9783779352946236,0.8896003271096575,0.9562880686171873,0.9623824451410659,0.9562880686171873,0.9562880686171873,0.7919266732908358,0.944562380594602,0.9808531012828583,0.9562880686171873,0.9999009633736698,0.9692094281197253,0.9270730230791456,0.8733022546836289,0.936915144267404,0.8656041668745096,0.9172245874626139,0.9162673470024438,0.7611830549390041,0.9508152934266847,0.982743090758416,0.864681295715779,0.9792503453259271,0.900082576631295,0.9472720887282853,0.9354577472990953,0.9813507987576179,0.9534886050081051,0.879363813473994,0.9623824451410659,0.9531174117707755,0.9592404230051594,0.9143648077845041,0.7351871682821822,0.9421983319196943,0.9942714459947757,0.9394603519283089,0.9343769343025807,0.9646634159344738,0.6272744055310409,0.9311946072310935,0.9592404230051592,0.9469990271543747,0.9577431256853024,0.976820847338379,0.8014920243361213,0.8964678380224962,0.9607848936032954,0.8769444849065682,0.9521375655065458,0.9312320884826334,0.905042420056857,0.9548710823073732,0.8366083656801931,0.9912425166211662,0.9675743567407264,0.8656041668745097,0.9719859159252597,0.7284056255335665,0.8634735286984616,0.9894382119329369,0.9880738944070537,0.8986467260787543,0.9562880686171873,0.9607848936032954,0.9280917395652364,0.44085154439485663,0.9167714410425667,0.8623126901075593,0.9752369887774635,0.936549554387319,0.8883704299920674,0.9445623805946022,0.8088965260521,0.9657671730030437,0.854807438300889,0.9482479709168004,0.7832057700328192,0.9534886050081051,0.9508152934266845,0.8802053191263988,0.8276136704086307,0.9433718940682516,0.8330375920813433,0.8968315612097786,0.8698279893689653,0.7166317844248429,0.9808531012828585,0.9432185049549442,0.880570845753591,0.989405943369801,0.9657671730030437,0.9457709851868579,0.9645511776582262,0.9637765273080219,0.8616532608325627,0.9671293915458044,0.9548710823073732,0.8569971282280213,0.8974778163860964,0.9675743567407264,0.9489003290939066,0.9604535056538152,0.9291179679746995,0.9727347845851518,0.9987511985291291,0.7761683912538266,0.9354577472990953,0.929577598819045,0.6995298944485666,0.9482479709168001,0.38611398726941426,0.9607848936032954,0.9675743567407267,0.9562880686171873,0.7656419597021865,0.9576237171356043,0.9648129116097122,0.9311946072310935,0.9562880686171874,0.899555988792494,0.9155947545010741,0.9898252637321051,0.9333065093925881,0.9172245874626141,0.94831171741693,0.8280257122336546,0.9776063406520139,0.9931284229919284,0.6712460213981593,0.8714736866604262,0.9059631313150904,0.9623824451410659,0.9606832254354423,0.938768815466609,0.9592404230051592,0.9270730230791457,0.9675743567407264,0.9376530086096915,0.9534886050081051,0.9675743567407267,0.9495194495442563,0.995067487912588,0.9562880686171875,0.8640960613563903,0.9402558711168865,0.9640402523885963,0.8929968346358241,0.989438211932937,0.843588756537291,0.8115800187854451,0.9548710823073732,0.9607848936032957,0.9521375655065456,0.9548710823073732,0.9548710823073732,0.6135389962932134,0.9562880686171873,0.7004399384993003,0.8503689775024521,0.9562880686171873,0.9433718940682516,0.9059631313150907,0.964040252388596,0.9604535056538152,0.0,0.34290560440645546,0.9548710823073732,0.8569971282280213,0.9495383029054911,0.944562380594602,0.759399405290323,0.9562880686171873,0.9660244666247457,0.9592404230051592,0.9433718940682516,0.8855910064126518,0.921098539831031,0.964040252388596,0.9577431256853026,0.9457709851868581,0.9270730230791457,0.929577598819045,0.9562880686171875,0.974801654315965,0.9322459088752486,0.9354577472990953,0.8612981558461017,0.921979895548813,0.964040252388596,0.939897739160851,0.9592404230051594,0.920122827656545,0.826379601319976,0.9562880686171873,0.8929968346358232,0.9380222350786749,0.939807279197018,0.9626188040383288,0.9521375655065456,0.9482479709168004,0.9155947545010743,0.9534886050081051,0.8850189114738582,0.8294083099774059,0.9562880686171873,0.9562880686171873,0.7825854161739106,0.9432185049549442,0.9162673470024436,0.9709681300963307,0.936159000349494,0.8952216971545265,0.8964678380224962,0.8142265265514224,0.9421983319196943,0.9048114690017823,0.9562880686171873,0.6919511835581453,0.9607848936032954,0.9675743567407267,0.8883704299920676,0.964040252388596,0.9432185049549441,0.9562880686171873,0.9562880686171873,0.838958178177154,0.9562880686171875,0.8318345169007222,0.9469990271543745,0.9126737616573803,0.9568407342490965,0.7294945050968881,0.913419102141044,0.9591644220516902,0.9065745197589399,0.9562880686171874,0.9270730230791457,0.9256091257637743,0.9577431256853026,0.6752725821758081,0.9368056844674394,0.8375464621231437,0.9230659630317124,0.9291179679746995,0.9577431256853026,0.914718714253747,0.9562880686171873,0.7812300271349996,0.9291179679746995,0.9997376336428517,0.9282564559285413,0.8841862845276727,0.7189515385340937,0.9464118920324349,0.8742145641840269,0.9623824451410659,0.9611758447846424,0.9732222498053538,0.561470940101639,0.9398072791970182,0.9333065093925879,0.9427953535791663,0.7991899570486458,0.9607848936032954,0.9548710823073732,0.9697201927784764,0.938768815466609,0.9748016543159648,0.7562734777595748,0.9675743567407267,0.9761356843815903,0.9675743567407267,0.9675743567407264,0.9162673470024436,0.9662171720188699,0.910601968746465,0.8929968346358234,0.9657671730030435,0.989438211932937,0.9258754510202483,0.855640129622627,0.981350798757618,0.9548710823073729,0.6108418049655591,0.950693591879435,0.9577431256853026,0.9082634868135642,0.9204848999716183,0.9190442477358797,0.9106366562230355,0.9562880686171873,0.9068859994145182,0.9562880686171875,0.9864902868360456,0.9657671730030435,0.8806502594267756,0.9433718940682516,0.9116538466243311,0.9562880686171873,0.8088965260521002,0.8656041668745096,0.9433718940682516,0.8075404270671704,0.8146770761041983,0.832078687487487,0.9607848936032954,0.9799170694260517,0.9361590003494942,0.8402259676730024,0.8298015015479603,0.9445623805946022,0.8650245675108716,0.9675743567407267,0.9942714459947756,0.9562880686171875,0.955587210232753,0.939897739160851,0.7971072726141634,0.9162673470024436,0.9026436295204296,0.892996834635824,0.9548710823073732,0.8607711943559354,0.9167714410425667,0.910601968746465,0.9012618396310074,0.8559043354450988,0.9562880686171873,0.8257167010649323,0.9188331228609052,0.9333065093925879,0.9562880686171873,0.930702748726346,0.9135168909419205,0.964040252388596,0.944562380594602,0.9548710823073732,0.9025277748860163,0.9427953535791664,0.9115378627127524,0.995067487912588,0.9862901718146118,0.9445623805946022,0.8390340081240995,0.9562880686171873,0.7849699194791248,0.9562880686171873,0.964040252388596,0.9743617758965512,0.9004665216997629,0.9675743567407267,0.9540645211449865,0.8441816987551355,0.9181860947060068,0.9333065093925881,0.9562880686171873,0.9081438960381265,0.954879537211281,0.976776185955968,0.9026976644887871,0.9270730230791457,0.9607848936032957,0.9354577472990953,0.7461931429643924,0.8239745708107343,0.9078111670939806,0.8559043354450988,0.8239745708107343,0.9333065093925881,0.9607848936032957,0.9413830194575712,0.8239745708107343,0.9675743567407267,0.9410406098239261,0.8868454810017548,0.9013784409842849,0.9548710823073729,0.9591464247864105,0.9433718940682516,0.94831171741693,0.9270730230791457,0.9331052725841535,0.9260614370793867,0.939897739160851,0.8254572742182219,0.7987499291948721,0.9648657621037748,0.9333065093925881,0.9153141563577833,0.9743617758965512,0.9716656682171858,0.9210985398310312,0.939897739160851,0.9645511776582262,0.9592404230051594,0.9153141563577833,0.9653967881313256,0.9376530086096915,0.9376530086096915,0.9143648077845037,0.9607848936032954,0.9623824451410659,0.9190121941236469,0.9365495543873188,0.9219451693852112,0.9291179679746995,0.9354577472990953,0.950195414930349,0.9919033068160935,0.9876152547580854,0.9562880686171875,0.9274501625197058,0.9119335737975687,0.9250566218612026,0.9143648077845039,0.9544200883994679,0.9623824451410659,0.9177449231111594,0.9155170264162832,0.9410406098239259,0.9783779352946236,0.9912425166211665,0.9568407342490963,0.9224249212097696,0.9228886919927946,0.9482479709168004,0.8921553863451187,0.9548710823073732,0.9391357122564039,0.9203711802742952,0.9592404230051592,0.9577431256853026,0.9022918659842716,0.9376530086096913,0.9604535056538153,0.9124768483179178,0.8823796135894801,0.8829757114893828,0.9534886050081051,0.9039625825630313,0.95687554719659,0.9965514935490281,0.9162673470024436,0.9592404230051594,0.9506780844219125,0.9433718940682516,0.9623824451410659,0.9078111670939806,0.9987511985291292,0.9577431256853026,0.9657671730030435,0.9013784409842849,0.964040252388596,0.8581181880825063,0.9623824451410659
p253_E,0.7898486601443385,0.9432937551644589,0.8954023823601893,0.9250812961986936,0.9508971383859763,0.9635753483468392,0.7750521290240768,0.7592065617417094,0.9070160137452734,0.9615452872130625,0.9418654668890594,0.9493053971730234,0.9493053971730234,0.9250812961986936,0.913577797842458,0.8950806418802895,0.9462347596389562,0.9337692322192532,0.9596053879391779,0.9615452872130625,0.9996705138382683,0.9452945222517779,0.8973713569620818,0.9776371308016877,0.9390829980374291,0.9337692322192532,0.9462347596389562,0.9192233962368055,0.9615452872130625,0.9848168837872526,0.9274978432118417,0.9559485503920393,0.9447494136270196,0.9215378731313926,0.9508971383859763,0.9596053879391779,0.9525316455696202,0.9447494136270194,0.9635753483468394,0.9324854129452831,0.902741203339785,0.5873320905808683,0.9635753483468394,0.9590164093054028,0.9462347596389562,0.8525292702713729,0.9542136024350834,0.7817171719766969,0.9324854129452831,0.8954023823601895,0.9559485503920393,0.8545932950871284,0.9337692322192532,0.9432937551644589,0.5675720773208043,0.9312172606999456,0.9312172606999458,0.9508971383859763,0.9527010302283678,0.947752420917731,0.9091812387167528,0.9513502009992278,0.9859653849226513,0.9807840195689514,0.9577431256853024,0.8602443068685646,0.9559485503920393,0.9887824175390698,0.8646387540291252,0.9596053879391779,0.9238898933303423,0.9324854129452831,0.7782187417099931,0.9827463808673766,0.9508971383859763,0.8902416609981851,0.9404624926714931,0.9418654668890594,0.8118391131890512,0.9635753483468392,0.9418654668890594,0.9903766507571461,0.9287243013130126,0.9337692322192535,0.9508971383859763,0.9203761879341787,0.9404624926714933,0.8698447141053749,0.6877808090043881,0.9493053971730236,0.9508971383859763,0.8954023823601895,0.8973050295528813,0.9235477589143899,0.7763724953695772,0.9038035415131254,0.8933314369864678,0.8912695666285135,0.7273641780073312,0.7885717323084889,0.9312172606999456,0.9542136024350834,0.9508971383859763,0.9117367293584175,0.9422632192467122,0.9596053879391782,0.9102716897738727,0.8161584400199193,0.8928876048824794,0.8336168777202873,0.8800416198957275,0.9350697345319547,0.8043208177111414,0.9124696683389528,0.9542136024350834,0.8315400581731195,0.9971196828020042,0.9596053879391779,0.9635753483468394,0.9117367293584174,0.7817689056007437,0.8892155845940946,0.9390829980374291,0.8300959558095686,0.9337692322192535,0.9449645480752092,0.9525316455696202,0.7437726155785196,0.9493053971730234,0.5528314585484398,0.8176503546438024,0.9736183137840241,0.9559485503920393,0.9635753483468394,0.9462347596389562,0.8504578012789958,0.9876770618313642,0.9559485503920393,0.9559485503920393,0.947752420917731,0.9540732710535316,0.9615452872130623,0.9300316380889899,0.9097700783194738,0.8912695666285135,0.9592855403168915,0.9713658331823793,0.9709610116834293,0.6051560701903468,0.7967756161717692,0.9615452872130625,0.9091812387167528,0.8927560435416244,0.9740471817558362,0.9559485503920393,0.9838585814857688,0.9876170497866431,0.9169426994374763,0.9580939456561928,0.8892155845940946,0.8631222787530044,0.9542136024350834,0.9363880304285923,0.7810179711563532,0.9006279533325661,0.9192233962368055,0.7763047460900308,0.9807840195689514,0.9287243013130126,0.943851136706642,0.8859808679290602,0.9493053971730236,0.9312172606999456,0.9054131988273757,0.9504013869320106,0.8403532366531759,0.9596053879391779,0.9086173135612574,0.8929066160375781,0.8902416609981851,0.9146924482852168,0.8922994432827851,0.98181078671843,0.3268551954033636,0.7484088878517086,0.8587016255621234,0.8627880798184886,0.5406236755970437,0.7587734346678572,0.9262837350880504,0.947752420917731,0.9320548388021015,0.7537379895670702,0.7967756161717692,0.9091812387167528,0.9508971383859763,0.9525316455696202,0.947752420917731,0.5851676179078362,0.8410267207478741,0.8954023823601893,0.2610516129103061,0.9508971383859763,0.8729445628956358,0.7664239224831364,0.9615452872130625,0.9508971383859763,0.9300535008187536,0.918079042897614,0.8902416609981851,0.8617682235186916,0.9080961023073578,0.9493053971730236,0.9508971383859763,0.7551472518010762,0.9508971383859763,0.9752939202844704,0.8441922549828877,0.8410267207478741,0.9508971383859763,0.9309060793063672,0.9508971383859763,0.8335403947084747,0.9927718861206731,0.9192233962368055,0.8800416198957273,0.9542136024350834,0.7853943015979802,0.947752420917731,0.8973713569620818,0.9404624926714933,0.9909799053419359,0.9093015752279445,0.9215378731313923,0.9559485503920393,0.902741203339785,0.7726347410009538,0.9059407181827082,0.9839610029940284,0.9621698344437761,0.9496485824638995,0.9462347596389562,0.8892155845940946,0.8600925937908129,0.9508971383859763,0.8545698796517253,0.9508971383859763,0.9041464206764696,0.918079042897614,0.7449534020133965,0.5216455167346192,0.7853943015979803,0.9525316455696202,0.9169426994374763,0.9390829980374291,0.8964416496516885,0.9418654668890594,0.7763047460900311,0.9542136024350834,0.8759848927128513,0.943555263926096,0.7468739299406563,0.9493053971730236,0.9577431256853026,0.8647795435579988,0.9635753483468394,0.9180285777311642,0.9484121620211804,0.9057308738389862,0.9904449693823784,0.8790268110981545,0.4458553544188324,0.7385918911916871,0.8161584400199193,0.807864264293652,0.9596053879391782,0.7732961619759438,0.9169426994374763,0.9903766507571461,0.9048699718936315,0.9596053879391782,0.8586574204040455,0.8203110485944873,0.964551177658226,0.9404244238472441,0.9250812961986934,0.9542136024350834,0.9215378731313923,0.7455193566692776,0.947752420917731,0.9542136024350834,0.9542136024350834,0.8052614894098256,0.9596053879391779,0.9514257683335166,0.9807182241902621,0.8892155845940948,0.8400370832278793,0.9596053879391779,0.9508971383859763,0.9324854129452831,0.947752420917731,0.9559485503920393,0.8689117280851086,0.9820922138479926,0.9542136024350834,0.9324854129452831,0.5905972465935423,0.8214354212503419,0.9124696683389528,0.7542366947800069,0.9669835968892309,0.8575242220571015,0.9325400345434456,0.8769985528794618,0.9615452872130625,0.9070160137452734,0.9615452872130625,0.9215378731313923,0.918079042897614,0.9124696683389528,0.9542136024350831,0.9508971383859763,0.9559485503920393,0.9857705189045636,0.9337692322192535,0.9596053879391782,0.8868454810017546,0.9493053971730236,0.9508971383859763,0.9390829980374291,0.23005421253766434,0.9635753483468394,0.9135777978424582,0.9189335660569543,0.9363880304285923,0.5206298663174734,0.9787957463111969,0.8346191856858274,0.9390829980374291,0.9447494136270194,0.8462899393398311,0.9542136024350834,0.9215378731313926,0.818049088015594,0.9375331207684675,0.9169066530366747,0.9635753483468394,0.7905229607627162,0.9215378731313923,0.7788113047144829,0.9462347596389562,0.9493053971730236,0.8428467241913549,0.8892155845940946,0.892523009273936,0.7439379002557842,0.8247832035705713,0.9508971383859763,0.8587016255621231,0.4939464388705589,0.922708936151958,0.7192069670225828,0.7838845141374107,0.9749822485158575,0.9508971383859763,0.9508971383859763,0.29691705894743325,0.7711256913494772,0.863806906695046,0.9508971383859763,0.9615452872130625,0.9508971383859763,0.9250812961986935,0.9006279533325661,0.7664239224831363,0.9508971383859763,0.9262837350880504,0.9404624926714933,0.837836432444947,0.8146217090393439,0.9508971383859763,0.8851268700668165,0.9192233962368055,0.7801439607674308,0.80652646814539,0.9262837350880504,0.9074679597048854,0.9542136024350834,0.759206561741709,0.9508971383859763,0.8040670844187323,0.9337692322192535,0.8961222571494829,0.8356947337145706,0.34915611814346004,0.8367671217737245,0.9447494136270194,0.9508971383859763,0.871181065260425,0.9578857215259216,0.9508971383859763,0.7866564568430634,0.9940939011030497,0.8473352221942347,0.8214354212503416,0.7517200521801012,0.9508971383859763,0.7866875306684661,0.8607472522091428,0.9577431256853024,0.7953925200034222,0.8526730342747173,0.9102716897738725,0.9637927769086504,0.8995766368965676,0.9542136024350834,0.555933721171795,0.8902416609981851,0.9377253379624282,0.8885374552149385,0.951616768535252,0.8749714078758026,0.9377253379624282,0.9559485503920393,0.9337692322192535,0.9508971383859763,0.9596053879391779,0.984085165109249,0.8782940627807798,0.8248917396597722,0.929963842972795,0.947752420917731,0.9221929125487784,0.9078059071729956,0.9881959173184502,0.9998238347481485,0.9508971383859763,0.9432937551644591,0.8830900737847378,0.9070160137452734,0.7162584522515594,0.9612471379890558,0.6141710483710605,0.9432937551644591,0.9377253379624282,0.8117903099195527,0.9975839852098576,0.9615452872130625,0.959522468905996,0.9637851559795012,0.9326301365954337,0.9350697345319547,0.8881730297134133,0.9458556185436358,0.9542136024350834,0.9215378731313923,0.9801945723164652,0.881057025746165,0.9556347289143001,0.707044715514382,0.5916489462086052,0.9274978432118415,0.845242310489589,0.9293476600470186,0.9080961023073579,0.9462347596389562,0.9386733230526458,0.9313656494466991,0.9250812961986936,0.9556347289143002,0.9377253379624282,0.8236714085807446,0.6499596445713978,0.8566505277931495,0.3617599053002102,0.918079042897614,0.8204479852768936,0.9542136024350834,0.9749822485158575,0.9774402702058511,0.920376187934179,0.6290018992852155,0.9596053879391779,0.9066163701727092,0.8954023823601893,0.9577431256853026,0.9192233962368055,0.9462347596389562,0.9462347596389562,0.9692769377093198,0.9596053879391779,0.9274978432118417,0.8313727497886217,0.9158139617897607,0.9493053971730236,0.9493053971730236,0.7220966729377198,0.9102716897738727,0.9913221015557613,0.8759848927128513,0.9508971383859763,0.9577431256853026,0.9508971383859763,0.9508971383859763,0.7588298042991857,0.9377253379624282,0.9215378731313923,0.9508971383859763,0.9190985110444854,0.8811748464023454,0.918079042897614,0.857676802230597,0.8851268700668165,0.8123127184484011,0.9070160137452734,0.9059407181827082,0.6932730478172033,0.9447494136270196,0.8902416609981851,0.9577431256853026,0.9654282935645835,0.9887650186521642,0.8607472522091428,0.9274978432118417,0.9447494136270194,0.947752420917731,0.849946164622365,0.9577431256853026,0.937783686537069,0.9542136024350834,0.9038035415131254,0.7739300446366844,0.9350697345319547,0.9523391253205784,0.8535621725493676,0.9262837350880504,0.8863220947202894,0.6225325151695993,0.9688050481045742,0.9542136024350834,0.9404624926714935,0.9525316455696202,0.9169426994374763,0.6566031657938026,0.845242310489589,0.9559485503920393,0.9580939456561928,0.9462347596389562,0.9900805312615375,0.893331436986468,0.9493053971730234,0.7801439607674308,0.9287243013130126,0.9635753483468394,0.8123127184484011,0.8827042327454635,0.5352506767643032,0.8099835577726882,0.9404624926714933,0.9102716897738727,0.8861469711805041,0.9508971383859763,0.9559485503920393,0.9192233962368055,0.1687294719259237,0.8983739487948561,0.8310515371750485,0.9881959173184504,0.9287243013130126,0.8367671217737245,0.9377253379624282,0.7486442537389223,0.9615452872130625,0.8004488158253997,0.9998238347481485,0.7647491558478425,0.947752420917731,0.9447494136270194,0.9177021057109449,0.7732854162792504,0.9363880304285923,0.8051812588818612,0.8841079446138815,0.8169113144171269,0.6407351174037808,0.9215378731313923,0.9513502009992277,0.8658418182833445,0.9759790834075597,0.9615452872130625,0.9390829980374289,0.6983122362869201,0.9055879259360589,0.8944847800126532,0.9713658331823796,0.9493053971730236,0.8904522160011735,0.8462899393398311,0.9635753483468394,0.9425982794708851,0.9736183137840241,0.9203761879341787,0.9916530842778032,0.9881361984083077,0.7386616586360895,0.9274978432118417,0.9390829980374291,0.7109004457813215,0.9418654668890594,0.39265877789641745,0.9559485503920393,0.9635753483468392,0.9508971383859763,0.7139573690649706,0.9029008905962477,0.9898740686423377,0.922708936151958,0.9508971383859763,0.9938748544783451,0.8902048861603424,0.9091812387167528,0.9250812961986934,0.9070160137452734,0.8954023823601895,0.9036342076671624,0.9451633433266368,0.9299638429727952,0.6409260948447391,0.8556227195178281,0.9683656006407424,0.9577431256853026,0.9059407181827082,0.9312172606999456,0.9542136024350834,0.918079042897614,0.9635753483468394,0.9299638429727952,0.947752420917731,0.9635753483468394,0.9432937551644589,0.98181078671843,0.9508971383859763,0.9091481169388318,0.8881911996032124,0.9596053879391779,0.5750556517819703,0.9975839852098576,0.7879732943666933,0.7517200521801015,0.9493053971730236,0.9559485503920393,0.9462347596389562,0.9493053971730236,0.9493053971730236,0.3950157059867889,0.9508971383859763,0.6791064075293489,0.8422277211857261,0.9508971383859763,0.9363880304285923,0.8943656982526555,0.9596053879391779,0.9542136024350834,0.34290560440645546,0.0,0.9493053971730236,0.8028669104368942,0.8627880798184884,0.9377253379624282,0.6911825144918422,0.9508971383859763,0.9102716897738727,0.9542136024350834,0.9363880304285925,0.762124416215708,0.9113677351409675,0.9596053879391779,0.9525316455696202,0.9390829980374291,0.918079042897614,0.9488974039091765,0.9508971383859763,0.8614669993715752,0.9238898933303423,0.9274978432118417,0.8441922549828877,0.9418654668890594,0.9596053879391779,0.9324854129452833,0.9542136024350834,0.9102716897738727,0.6890680672212848,0.9508971383859763,0.9508971383859763,0.8861469711805039,0.9535979799037622,0.8431396920965541,0.9462347596389562,0.9418654668890594,0.8302837275767865,0.947752420917731,0.7980063102019078,0.7720200803249637,0.9508971383859763,0.9508971383859763,0.7339529642298845,0.9210812471096497,0.9059407181827079,0.9885524069408245,0.9749822485158575,0.941552546404247,0.845242310489589,0.8132554078567014,0.9350697345319547,0.8191823016368882,0.9508971383859763,0.5065477962802916,0.9559485503920393,0.9635753483468394,0.8367671217737245,0.9596053879391782,0.8605433393304934,0.9508971383859763,0.9508971383859763,0.7827848981124289,0.9508971383859763,0.7747627832762347,0.9404624926714933,0.8617682235186916,0.902741203339785,0.7709139895948853,0.902741203339785,0.8860448621113572,0.8556227195178283,0.9508971383859763,0.918079042897614,0.8496047230439325,0.9525316455696202,0.7162584522515593,0.8928627556609148,0.8616553377770833,0.913577797842458,0.9203761879341787,0.9525316455696202,0.863806906695046,0.9508971383859763,0.7166774121379705,0.9203761879341787,0.9801945723164651,0.8769985528794617,0.8699031439713587,0.4608406245001746,0.9486563558223773,0.8587016255621234,0.9577431256853024,0.9730763478516944,0.9647913584340504,0.30444757469765404,0.9615452872130625,0.9250812961986936,0.9096423096705522,0.7374794897839274,0.9559485503920393,0.9493053971730236,0.8800416198957273,0.9312172606999456,0.9937393740100617,0.5629306652173904,0.9635753483468394,0.9621698344437764,0.9635753483468394,0.5898854036088579,0.9059407181827082,0.922708936151958,0.8995766368965676,0.9813818316380162,0.9615452872130625,0.9975839852098576,0.8310515371750485,0.837836432444947,0.9942907727414587,0.9493053971730234,0.6640345311521786,0.9728901249701003,0.9525316455696202,0.9504832041502342,0.674154861392178,0.9614098469412703,0.9581657972706525,0.9508971383859763,0.8954023823601895,0.9813818316380161,0.9411441070211747,0.9615452872130625,0.5873320905808668,0.9363880304285925,0.8607472522091426,0.9508971383859763,0.7486442537389224,0.8123127184484011,0.9363880304285925,0.7470880603205401,0.7467350328374358,0.767035370355873,0.9559485503920393,0.9030834008043362,0.9749822485158575,0.8645811859821558,0.8088111631761213,0.9377253379624282,0.8483782396901205,0.9635753483468394,0.9377253379624282,0.9508971383859763,0.9791661049996256,0.9324854129452833,0.7260380483449103,0.9059407181827082,0.8464015114623489,0.8459397716860005,0.9493053971730236,0.8126938567104796,0.8658418182833447,0.8995766368965676,0.7801439607674308,0.8016608579382385,0.9508971383859763,0.8260538048983149,0.8678736588799028,0.9250812961986936,0.9508971383859763,0.845242310489589,0.933330959109937,0.9596053879391782,0.9377253379624282,0.9493053971730236,0.8514945068923674,0.9337692322192535,0.9006279533325661,0.98181078671843,0.9113677351409675,0.9377253379624282,0.8191823016368882,0.9508971383859763,0.9204750733110447,0.9508971383859763,0.9596053879391779,0.978795746311197,0.9687799581500754,0.9635753483468394,0.9287243013130126,0.8103158901326053,0.9080961023073577,0.9250812961986934,0.9508971383859763,0.8589085344436258,0.9761216837763014,0.8604829448013865,0.9759790834075597,0.918079042897614,0.9559485503920393,0.9274978432118415,0.6909698541534361,0.8579678050497165,0.8964416496516885,0.8016608579382385,0.8579678050497165,0.9250812961986936,0.9559485503920393,0.8892155845940948,0.8579678050497165,0.9635753483468394,0.9337692322192535,0.8379746835443039,0.8892155845940946,0.9493053971730234,0.9262837350880506,0.9903766507571461,0.9326301365954339,0.918079042897614,0.8973713569620818,0.9169426994374763,0.9324854129452833,0.5900695253755868,0.7168085520983196,0.9656612249441192,0.9250812961986936,0.904869971893631,0.9484121620211806,0.999741492267531,0.9113677351409675,0.9324854129452833,0.907805907172996,0.9542136024350834,0.9840851651092486,0.93518689541171,0.9299638429727952,0.9299638429727952,0.98242336314067,0.9559485503920393,0.9577431256853026,0.951616768535252,0.9287243013130129,0.9371597064536137,0.9203761879341787,0.9274978432118417,0.9837071086728629,0.8928876048824796,0.9741270364328649,0.9508971383859763,0.9949208478101401,0.979140048650021,0.9158139617897607,0.9038035415131254,0.9566630997122422,0.9577431256853026,0.8962097479667896,0.8793145994102467,0.9337692322192532,0.9288789627504792,0.9778748351992477,0.9801945723164652,0.8875188080407914,0.8842703777786565,0.9418654668890594,0.8710914676569537,0.9493053971730234,0.9349874905157676,0.9030834008043365,0.9542136024350834,0.9525316455696202,0.8902416609981851,0.9299638429727948,0.9014502300031315,0.9016827426948626,0.8678736588799028,0.808526477179339,0.947752420917731,0.947752420917731,0.9591384456895178,0.9903766507571461,0.9059407181827082,0.9542136024350834,0.9423009905783313,0.9363880304285925,0.9577431256853026,0.8964416496516885,0.9587973377153388,0.9776371308016877,0.9615452872130625,0.8892155845940948,0.9596053879391779,0.9075394443457012,0.9577431256853026
p253_K,0.7444044463437758,0.9394396415413289,0.8882932693469465,0.9199893491338635,0.9475597985845114,0.9610996995613952,0.7238257438406102,0.742840722786176,0.90069623628167,0.9589316626844855,0.9379142777971525,0.9458598726114653,0.9458598726114653,0.9199893491338635,0.9077040005624186,0.5424031201389157,0.9425805352069323,0.9292677720165115,0.9568599156354454,0.9589316626844855,0.8838795614232458,0.9364159486136474,0.9334927596276978,0.9493053971730236,0.93494269483405,0.9292677720165115,0.9425805352069323,0.9137333093884032,0.9589316626844855,0.7939899409095608,0.9225701399051962,0.9529545363721539,0.9409942357230063,0.916205092712921,0.9475597985845114,0.9568599156354454,0.9493053971730236,0.9409942357230057,0.9610996995613954,0.9278966962971924,0.8961308828316217,0.9306566646589698,0.9610996995613952,0.9100921482984174,0.9425805352069323,0.8425062304790463,0.9511016704226434,0.9343080653650266,0.9278966962971924,0.8882932693469463,0.9529545363721539,0.8447105394237198,0.9292677720165115,0.16216355622584455,0.998438082710315,0.9265423524364669,0.9265423524364669,0.03139863267861631,0.7575776963663725,0.9442013463068035,0.903008623582165,0.8256727870749789,0.9292677720165117,0.9329016612088767,0.9548710823073732,0.8187487405659168,0.9529545363721539,0.6359525852723971,0.7623458066664361,0.9568599156354454,0.9187169710212713,0.9278966962971924,0.9475597985845114,0.8493950799487413,0.03139863267861631,0.8827817928509327,0.9364159486136476,0.9379142777971523,0.8175818786954798,0.9610996995613952,0.9928618019927207,0.9320645602494202,0.3350690258836352,0.9292677720165115,0.03139863267861631,0.9149644520716045,0.9364159486136476,0.8259696831286127,0.8905160099774292,0.062008242787560564,0.03139863267861631,0.8882932693469463,0.8256727870749789,0.850191113818277,0.3350690258836352,0.510052317151767,0.886081569479592,0.883879561423246,0.8421226412849139,0.8409008752365554,0.9265423524364669,0.9511016704226432,0.9475597985845114,0.8534622933489195,0.626241239715507,0.9568599156354449,0.9041731885624824,0.8182787338913602,0.9349426948340505,0.8517996688283256,0.8718884926994317,0.9306566646589698,0.8284969009147187,0.9065205555971321,0.9511016704226434,0.8036808729078326,0.9394396415413289,0.9568599156354451,0.9610996995613954,0.8838152225738931,0.9100921482984174,0.881685977830595,0.9349426948340505,0.9225701399051969,0.9292677720165115,0.7749639526724739,0.9493053971730236,0.6221281312976874,0.9458598726114653,0.9540589546097205,0.9006096463746014,0.9511016704226432,0.9529545363721539,0.961099699561395,0.9425805352069325,0.8402939714046163,0.8751441387186418,0.9529545363721539,0.9529545363721537,0.09008077800963976,0.798315321686256,0.9589316626844855,0.8469812896824729,0.8675560447816315,0.883879561423246,0.9476386094693983,0.8894031717904964,0.8660830247325573,0.9278966962971924,0.7779891015560235,0.9589316626844853,0.9030086235821642,0.8512827582389366,0.9104952582326116,0.9529545363721539,0.9278966962971922,0.8916319670140287,0.9112976020672163,0.9055736434610706,0.5424031201389155,0.7282232490337206,0.9511016704226434,0.9320645602494202,0.7348453828730819,0.8938740030413763,0.913733309388403,0.887379364622056,0.8961308828316217,0.9238799558250632,0.8402939714046163,0.9199893491338638,0.9458598726114653,0.9265423524364671,0.6970590368950025,0.879079208115924,0.874058087016832,0.9568599156354449,0.626241239715507,0.9174557485535395,0.5721895635481327,0.9088944096710678,0.8849794349827056,0.9265423524364669,0.9921318846009738,0.6277740552271271,0.8490980979184486,0.8534622933489195,0.9357274933038944,0.16216355622584455,0.9212735133449719,0.9442013463068035,0.9006962362816697,0.8445574319866593,0.7829632068236254,0.9030086235821648,0.03139863267861631,0.9493053971730236,0.9442013463068035,0.5100523171517668,0.8302218952289888,0.8882932693469465,0.9921318846009738,0.03139863267861631,0.8643090749973121,0.8104036875498977,0.9589316626844855,0.03139863267861631,0.685316774920314,0.9125111785873636,0.8827817928509321,0.6635204081124888,0.9400706025742573,0.9458598726114653,0.03139863267861631,0.6359525852723973,0.03139863267861642,0.8056825578273628,0.8336025791120698,0.8302218952289888,0.03139863267861631,0.6527839128027031,0.03139863267861631,0.6954540247876129,0.9041731885624822,0.913733309388403,0.8718884926994317,0.9511016704226432,0.7911552055921387,0.09008077800963876,0.9334927596276978,0.9364159486136474,0.9415490144516763,0.7749639526724738,0.9162050927129202,0.9529545363721539,0.5155366631323002,0.9220520382689479,0.8995478568587887,0.8938740030413763,0.9125111785873636,0.9125111785873636,0.9425805352069325,0.881685977830595,0.9442013463068033,0.03139863267861631,0.9371605937136991,0.03139863267861631,0.7525915471020093,0.9125111785873636,0.9529545363721539,0.9721820378192463,0.7911552055921386,0.9493053971730236,0.9112976020672166,0.9349426948340498,0.8894031717904967,0.9379142777971528,0.887379364622056,0.9511016704226434,0.8675560447816315,0.8675560447816315,0.868447911134095,0.062008242787560564,0.9548710823073732,0.8233788637195052,0.9610996995613954,0.8565847204007371,0.8279535638583029,0.2692511698375556,0.8664736771305535,0.903054817155065,0.9529545363721539,0.8731726191489462,0.8182787338913604,0.770808346414186,0.9568599156354449,0.8233788637195052,0.9112976020672157,0.9320645602494202,0.8984043359066816,0.9568599156354449,0.8469075946240912,0.8080982554965415,0.9548710823073732,0.8950004825334388,0.9199893491338635,0.9511016704226432,0.9162050927129206,0.8284969009147185,0.9442013463068037,0.9511016704226434,0.9511016704226432,0.7920258334641643,0.9568599156354451,0.7920258334641643,0.6386053673554343,0.8816859778305952,0.8391846440543809,0.9568599156354454,0.9475597985845114,0.9278966962971924,0.9442013463068035,0.9529545363721539,0.8234248743448613,0.8950004825334388,0.9511016704226432,0.9278966962971924,0.9557248896714012,0.7440170762801631,0.9065205555971318,0.9142868184584123,0.70356089724167,0.813050805815297,0.7098574690332745,0.8686385996787728,0.9589316626844853,0.9006962362816697,0.9589316626844853,0.9162050927129202,0.9125111785873636,0.9065205555971321,0.9511016704226432,0.03139863267861631,0.9529545363721537,0.8995478568587887,0.9292677720165115,0.9568599156354449,0.9548710823073732,0.9458598726114653,0.03139863267861631,0.93494269483405,0.9667798280829097,0.9610996995613952,0.9077040005624186,0.8175818786954796,0.9320645602494202,0.9765837058865926,0.8279535638583029,0.8233788637195052,0.9349426948340502,0.9409942357230063,0.8358428353123903,0.9511016704226434,0.9162050927129213,0.8056825578273625,0.9394396415413284,0.9476386094693983,0.9610996995613952,0.7853897569350805,0.9162050927129202,0.7981856244137902,0.9425805352069327,0.062008242787560564,0.9626788706813352,0.8816859778305952,0.800791910286496,0.829754200851698,0.8128743662973856,0.03139863267861631,0.849098097918449,0.9574180966633072,0.9174557485535395,0.9149644520716045,0.9589316626844853,0.8696295404751337,0.03139863267861631,0.03139863267861631,0.9763068251524243,0.9386080538027395,0.8545503661181639,0.03139863267861642,0.9589316626844853,0.9475597985845114,0.9199893491338635,0.8938740030413763,0.8104036875498974,0.9475597985845114,0.9212735133449717,0.9364159486136476,0.8268147748355974,0.976122021280873,0.03139863267861631,0.8773193685069602,0.9137333093884032,0.7967943813008358,0.9813880287156102,0.9212735133449719,0.8819908918248773,0.9511016704226434,0.8169797257838272,0.03139863267861631,0.7907502491856577,0.9292677720165115,0.8545503661181646,0.824527512767756,0.9848910203339206,0.8256727870749789,0.9409942357230061,0.03139863267861631,0.9287546220071028,0.7315605337936808,0.03139863267861631,0.9212735133449719,0.7881804803953936,0.8369591621743948,0.8092990476011352,0.8234248743448611,0.03139863267861631,0.7623458066664348,0.881445385091211,0.9548710823073729,0.6463565435816511,0.716099334022744,0.9041731885624824,0.9053437280773233,0.8927512325175624,0.9511016704226434,0.8950004825334388,0.8827817928509321,0.9334927596276978,0.877897145441318,0.8697214512947162,0.8664736771305535,0.23774878152121726,0.9529545363721537,0.9292677720165115,0.03139863267861631,0.9568599156354454,0.898404335906682,0.8068927917851012,0.9379142777971528,0.9252037445446057,0.09008077800964032,0.7672253926367618,0.9493053971730236,0.09008077800964032,0.9379142777971528,0.9475597985845114,0.9394396415413291,0.8751441387186416,0.9006962362816697,0.9568599156354451,0.8708107869705988,0.9589316626844853,0.995589441680881,0.9334927596276981,0.7945589785686391,0.9364159486136479,0.9589316626844853,0.8208615411657367,0.913733309388403,0.550417503386856,0.2692511698375556,0.9364159486136474,0.9371605937136991,0.9511016704226434,0.9162050927129206,0.8961308828316215,0.8729729119280698,0.9320645602494202,0.8961308828316217,0.937914277797153,0.9682551375725403,0.7014171310265381,0.7925764380555536,0.9018497344665102,0.9425805352069323,0.8080982554965415,0.8871861256568152,0.9199893491338638,0.9320645602494204,0.23774878152121848,0.8116870067162374,0.9928618019927209,0.8469075946240913,0.9829392900173883,0.9125111785873636,0.7459568930314133,0.9511016704226434,0.8696295404751337,0.7051012987580607,0.9149644520716045,0.9329016612088763,0.9568599156354451,0.7492027476456953,0.8882932693469465,0.9548710823073732,0.913733309388403,0.9425805352069323,0.9425805352069327,0.9529545363721539,0.9568599156354451,0.9225701399051969,0.8199117795876252,0.9100921482984174,0.9458598726114653,0.9458598726114653,0.7032086121632808,0.9041731885624822,0.11595356527577638,0.8675560447816315,0.03139863267861631,0.9548710823073729,0.03139863267861631,0.03139863267861631,0.8409008752365552,0.23774878152121792,0.9162050927129202,0.03139863267861631,0.7248314800141333,0.8613434560644826,0.42272440505492703,0.8480036211373803,0.8773193685069605,0.7995563084478075,0.9006962362816697,0.49864835346264225,0.8637151821288633,0.9409942357230059,0.8827817928509321,0.45933786842754687,0.9149644520716045,0.7911552055921387,0.6661152121246717,0.9225701399051967,0.9409942357230059,0.9442013463068035,0.7776356667761064,0.9548710823073729,0.8927512325175624,0.9511016704226434,0.8972654241994793,0.9364159486136474,0.9306566646589698,0.9852901633058906,0.8436093353026795,0.9212735133449719,0.9415490144516772,0.9334927596276978,0.7350447636400568,0.9511016704226434,0.20235352416864938,0.9493053971730236,0.9112976020672166,0.8826297756089203,0.83472400300589,0.48335140169781754,0.8826297756089201,0.5866865150344243,0.7721894714790691,0.886081569479592,0.9458598726114653,0.7967943813008362,0.9238799558250632,0.9610996995613952,0.7995563084478075,0.841401138062255,0.7619375114470165,0.7970688433398967,0.9364159486136476,0.9041731885624822,0.8784088021185175,0.03139863267861631,0.9529545363721537,0.9137333093884037,0.9886251033694342,0.8567235831170401,0.9902428565647543,0.9442013463068035,0.9238799558250632,0.8256727870749789,0.9334927596276981,0.8259696831286127,0.9589316626844857,0.7868860602652392,0.9379142777971528,0.8933548640036584,0.09008077800964032,0.9409942357230057,0.7332476280865154,0.9125111785873636,0.9320645602494202,0.8009469027438034,0.8762311904614675,0.7509037938695109,0.8897634772723557,0.9162050927129202,0.6894338727722293,0.8567235831170401,0.9225701399051969,0.9589316626844855,0.9349426948340502,0.9848910203339206,0.8336025791120698,0.8995478568587885,0.5457744538628025,0.062008242787560564,0.789468503819452,0.8358428353123903,0.9610996995613952,0.8751441387186418,0.9511016704226434,0.9149644520716045,0.9137333093884032,0.9306566646589698,0.8984043359066818,0.9225701399051969,0.9349426948340505,0.5208845547534251,0.9379142777971521,0.9458598726114651,0.9529545363721537,0.9610996995613954,0.03139863267861631,0.9591402541866405,0.8610609420833555,0.800791910286496,0.9174557485535395,0.03139863267861642,0.8794996237395185,0.8187487405659168,0.9030086235821648,0.3678486223164621,0.9006962362816697,0.8882932693469463,0.8773193685069605,0.8063886684717994,0.9252037445446057,0.9030086235821644,0.6488740980736469,0.8871861256568152,0.9548710823073729,0.8995478568587885,0.9265423524364669,0.9511016704226434,0.9125111785873636,0.954743441319793,0.9252037445446055,0.9442013463068035,0.9610996995613952,0.9394396415413286,0.9265423524364669,0.9475597985845114,0.6970590368950023,0.8805919691825623,0.9568599156354454,0.9886251033694343,0.9364159486136474,0.7735626237779674,0.8234248743448613,0.062008242787560564,0.9529545363721539,0.1159535652757756,0.062008242787560564,0.062008242787560564,0.35389716223383694,0.03139863267861631,0.9985778460732367,0.4350210908996335,0.03139863267861631,0.9320645602494202,0.5549592725490636,0.9568599156354449,0.9511016704226434,0.9548710823073732,0.9493053971730236,0.0,0.789468503819452,0.8534622933489195,0.9334927596276978,0.8648995313078978,0.03139863267861631,0.9041731885624826,0.9511016704226434,0.9320645602494202,0.814365886541907,0.9053437280773231,0.9568599156354451,0.9493053971730236,0.9349426948340505,0.9125111785873636,0.6428226383045876,0.9475597985845114,0.42272440505492737,0.9187169710212713,0.9225701399051969,0.7035608972416704,0.937914277797153,0.9568599156354454,0.9278966962971924,0.9511016704226434,0.9041731885624829,0.8660830247325573,0.03139863267861631,0.9475597985845114,0.8784088021185172,0.9589316626844855,0.8613434560644826,0.9425805352069325,0.9379142777971525,0.8187487405659168,0.09008077800964032,0.7764813487173796,0.8050379729179937,0.03139863267861631,0.03139863267861631,0.43076416340614276,0.7179570104282764,0.8995478568587885,0.7995563084478075,0.8402939714046165,0.8372167898585543,0.83472400300589,0.8208615411657367,0.9306566646589698,0.8068927917851012,0.03139863267861631,0.9343080653650266,0.9529545363721537,0.9610996995613954,0.8256727870749789,0.9568599156354449,0.8541959247310256,0.03139863267861631,0.03139863267861631,0.793989940909561,0.9475597985845117,0.802317229737129,0.9364159486136474,0.8523731211903476,0.8961308828316217,0.6989699092582711,0.8961308828316215,0.8577765950677174,0.8458099300236446,0.03139863267861642,0.9125111785873636,0.8396760506214576,0.9493053971730236,0.9568599156354451,0.5381252733230745,0.726534306879894,0.45334225692590724,0.9149644520716045,0.9493053971730236,0.8545503661181646,0.03139863267861631,0.8493950799487413,0.9149644520716045,0.8961308828316217,0.8686385996787729,0.8610609420833555,0.995589441680881,0.9018497344665102,0.8490980979184486,0.9548710823073732,0.8643090749973119,0.8578089143655878,0.9985778460732369,0.9589316626844853,0.9199893491338635,0.28376189310837396,0.8347439839067272,0.9529545363721539,0.062008242787560564,0.8718884926994317,0.9265423524364669,0.9125111785873636,0.9626788706813352,0.9610996995613952,0.9125111785873636,0.9610996995613954,0.9547434413197934,0.8995478568587885,0.3875452758336596,0.8927512325175624,0.9475597985845114,0.9589316626844855,0.9364159486136474,0.9364159486136479,0.8553912003238413,0.9409942357230066,0.9458598726114653,0.9265423524364669,0.5410259398661625,0.9493053971730236,0.7609046338028223,0.36332358986944646,0.7313974068186475,0.7640553624047928,0.03139863267861631,0.8882932693469463,0.9475597985845114,0.7505486208297512,0.9589316626844855,0.980662425002937,0.9320645602494204,0.8512827582389368,0.03139863267861631,0.7315605337936808,0.7995563084478075,0.9320645602494204,0.8272354331469214,0.8493950799487413,0.8347439839067271,0.9529545363721537,0.7051012987580607,0.66100135439659,0.7995563084478077,0.7624534917969603,0.9334927596276981,0.6948435845294496,0.9610996995613952,0.9334927596276978,0.9475597985845114,0.8950004825334388,0.9278966962971924,0.862529861839961,0.49864835346264214,0.8044674539676764,0.9475597985845114,0.062008242787560564,0.8660830247325573,0.8567235831170401,0.5311945356497896,0.7967943813008362,0.7718994506532364,0.03139863267861631,0.9714932980607038,0.8588935204002328,0.9199893491338635,0.03139863267861631,0.83472400300589,0.9409942357230059,0.9568599156354449,0.23774878152121803,0.062008242787560564,0.8939120217626514,0.9292677720165116,0.8938740030413763,0.9742178060512308,0.9053437280773231,0.9334927596276981,0.8068927917851014,0.03139863267861631,0.9721820378192463,0.03139863267861631,0.9568599156354449,0.8279535638583029,0.8805919691825623,0.9610996995613954,0.9238799558250632,0.8234248743448616,0.9018497344665102,0.9199893491338635,0.03139863267861631,0.8553912003238413,0.8433414573926268,0.8458099300236446,0.9225701399051969,0.4227244050549279,0.9529545363721539,0.34646989741729717,0.966357366429426,0.4144014060836271,0.8894031717904964,0.7881804803953933,0.4144014060836271,0.9199893491338638,0.9529545363721539,0.8816859778305952,0.4144014060836271,0.9610996995613954,0.9292677720165115,0.9493053971730236,0.881685977830595,0.9458598726114653,0.9212735133449719,0.9320645602494202,0.9233738460510839,0.9125111785873639,0.9334927596276978,0.9112976020672159,0.9278966962971924,0.9921318846009739,0.9364159486136476,0.749202747645695,0.9199893491338638,0.898404335906682,0.8279535638583029,0.4057430812635623,0.9053437280773233,0.9278966962971924,0.9493053971730236,0.9511016704226434,0.9357274933038944,0.8905160099774292,0.9252037445446057,0.9252037445446057,0.8972654241994793,0.9529545363721539,0.9548710823073729,0.6165367810633013,0.9238799558250634,0.8621439532920854,0.9149644520716045,0.9225701399051969,0.673699989999619,0.9349426948340505,0.9212735133449719,0.9475597985845114,0.831351611615835,0.874058087016832,0.9100921482984172,0.8972654241994793,0.6810028497273858,0.9548710823073732,0.9162050927129202,0.6097932928897107,0.9292677720165115,0.9425805352069325,0.9238799558250632,0.8961308828316215,0.623058924836031,0.7520579877837947,0.9379142777971528,0.6926030826701949,0.9458598726114653,0.8794996237395185,0.7332476280865161,0.9511016704226434,0.9848910203339205,0.8827817928509323,0.9252037445446051,0.9511016704226434,0.8950004825334388,0.858893520400233,0.6993688578599878,0.9442013463068033,0.9442013463068035,0.8268147748355972,0.9320645602494202,0.8995478568587887,0.9511016704226434,0.8545503661181646,0.9320645602494202,0.9548710823073729,0.8894031717904964,0.9306566646589698,0.9493053971730236,0.9589316626844855,0.8816859778305952,0.9568599156354449,0.7106749817367277,0.9548710823073729
p253_N,0.7374511226310352,0.7870813886880909,0.578355580467536,0.7779413665218697,0.8243917750973906,0.8152281195719793,0.9129129467303816,0.9624972343093149,0.6138433550046067,0.8049301978061499,0.7051000760969124,0.7894685038194513,0.7894685038194513,0.6594544116353662,0.8982430654664446,0.9908274474052112,0.8839019609625915,0.6640301842398468,0.9306047836741068,0.8404071783150318,0.7068180907852641,0.7457459993073878,0.8449652057281369,0.8175967654512282,0.714402032353513,0.7249477881963553,0.7272642534026097,0.7204311103184455,0.8758841588239129,0.8697422690190824,0.7799794292041686,0.8483188975326428,0.7707017855557029,0.8455932663249246,0.8243917750973906,0.8967259981226752,0.7884016635964682,0.7197295162601615,0.8152281195719799,0.6789958761224524,0.6534607876454835,0.8412790712895706,0.964579749417339,0.7768155111722206,0.9622208147425824,0.5135602449279479,0.7677386497295299,0.6991105007686296,0.6575177348239953,0.5656126745131145,0.8078013427639643,0.4333650938762583,0.7249477881963553,0.7894145371330068,0.9489507333188152,0.8414544485377816,0.6510847597808493,0.7960789049353036,0.882983661689887,0.7885204713736398,0.6228353980899219,0.638475924517928,0.9431699408977134,0.7513454236483372,0.7856429156142746,0.6459054971533447,0.9015867317739811,0.6893373944856112,0.6850742196268395,0.8967259981226751,0.6139151126868865,0.8078647239131962,0.9659561259078233,0.4927075298756738,0.7960789049353036,0.6850402935225293,0.7696274051613191,0.9245073871127208,0.5407721683689382,0.8152281195719792,0.8026144365483829,0.8804591074295386,0.9672210897606437,0.8167856911307959,0.7960789049353036,0.6149265118038885,0.9915585362993657,0.6328811120127424,0.8898018621488345,0.7894685038194518,0.7960789049353036,0.5005345127385041,0.42506355254871186,0.5642038261214282,0.7656432080424769,0.6005021599314182,0.5357825714637063,0.5852291016543919,0.5259702011651366,0.3842464601031754,0.7145413226998267,0.85825494518423,0.7509151724713118,0.7483639983030697,0.9308988757379546,0.7950896414683805,0.5448338458805332,0.5160694225204645,0.7470155233332092,0.540154342956332,0.5208391922013931,0.7371854892425702,0.6186916371335278,0.6788677120980513,0.7979107482144301,0.543307351707004,0.9863774235958093,0.8628472125712439,0.8525660270333193,0.5244344019667884,0.9032503426181779,0.46808276685468286,0.7378186603671341,0.8146389457837508,0.9258967674814731,0.6517684725424835,0.7592065617417088,0.6060622662589829,0.9629304985011744,0.7150879744524046,0.48918272852352884,0.9908845623912688,0.8390631391006365,0.998082343121321,0.7533705379959402,0.4366448861131039,0.7331095497881579,0.8078013427639648,0.8078013427639641,0.7830190911339325,0.5818759030193572,0.8049301978061496,0.5958017115629883,0.5969057535920302,0.5700304780130331,0.658811835498748,0.7578749133281695,0.49520674030247913,0.805528732714573,0.4439072343891043,0.8758841588239132,0.6228353980899217,0.6014025731693969,0.9471711104295183,0.8390631391006369,0.7410943088192015,0.739132935353502,0.7246278376156876,0.8286515891561717,0.7386276597247359,0.9997400507849569,0.9185991421540305,0.7450294367821131,0.5122273081398785,0.7050022555170368,0.6088737236969741,0.8780835239376654,0.6208325756445326,0.9877699899296339,0.6392671309556504,0.7976891923362872,0.7428407227861757,0.8624149245069916,0.9862197803206846,0.8122486763171497,0.7064172493062568,0.8628472125712433,0.8605653206003867,0.8006434999051089,0.7757201974170285,0.8961378595535705,0.7820204890919071,0.9260631990964181,0.7894685038194516,0.5695029646420438,0.5359664951699767,0.5917678834232829,0.7705227804286654,0.764502532769542,0.9260939578002522,0.86885680340347,0.7652265166628882,0.4526542194108334,0.5577813796587194,0.8983861427260479,0.7960789049353036,0.7884016635964683,0.8956355807467465,0.8305882885515781,0.5634202220961989,0.6901263828795656,0.8169797257838263,0.7960789049353036,0.5229367187627009,0.41168703049498667,0.8404071783150315,0.7960789049353036,0.7374627422299079,0.6966544559894936,0.6650870619002249,0.5467479669607991,0.6864149215280084,0.7428407227861752,0.7960789049353036,0.7830132478141951,0.7960789049353035,0.6640232668717292,0.49198364029327635,0.5379135754655118,0.7960789049353036,0.8226930926157827,0.7960789049353036,0.7849824457701213,0.886052154411713,0.6275041449743235,0.5064665390630753,0.7979107482144292,0.39722595003338323,0.7830190911339323,0.776022281092239,0.9676771304454341,0.7273938358746086,0.4952317926873877,0.8305727081850833,0.7765395464272924,0.596090336332632,0.7933419922649212,0.8232419059065015,0.8175882831841459,0.9547237144702514,0.6597874190636706,0.8577956763692615,0.5432341259852529,0.8365766458204869,0.7960789049353036,0.7095036685206102,0.7960789049353036,0.8783251759891637,0.8240740639748131,0.8170571011959709,0.8758872719190751,0.4215189258691253,0.7884016635964683,0.655068256164725,0.6909854043398916,0.5529889205024843,0.9488859772255887,0.4700516374196404,0.7677386497295298,0.46978128185274015,0.9500292862011717,0.556412317843461,0.7894685038194518,0.8894843969696307,0.5141354063511778,0.8152281195719799,0.5977319783736146,0.6739487586588657,0.8412790712895706,0.8746320316279002,0.48649640051496856,0.8483188975326428,0.7459944737189947,0.723700178103945,0.4610041856867372,0.7950896414683805,0.3131838827901343,0.892243279131038,0.7676010485566842,0.8982936151322167,0.7950896414683805,0.8411011431413833,0.5259306335143243,0.9869462031944589,0.6794332968042156,0.6989500632642005,0.7677386497295292,0.9448670701227275,0.42202148815214535,0.7349629166870872,0.9789433391238309,0.9607124639063684,0.32991119320204687,0.7950896414683799,0.5456924906963845,0.5108377389761056,0.5432341259852522,0.8939766995429197,0.99836235477697,0.7509151724713119,0.8508210065101107,0.734962916687087,0.870324935437309,0.47548060583981777,0.9804263957749482,0.8884270436691302,0.7004740174209101,0.6831702677637466,0.4781673184485624,0.9173700900823725,0.8645520468358909,0.8128381187372646,0.7370684460194966,0.7096403489292169,0.4753409517880489,0.8758841588239132,0.7484061653675242,0.9113611393327946,0.8877198891539055,0.9547237144702512,0.7139774684301882,0.809851971481867,0.7960789049353036,0.8170571011959711,0.8899925381311995,0.6640301842398464,0.7950896414683805,0.9805665280639315,0.8803968326080497,0.7960789049353036,0.9954015685169627,0.8322437174658712,0.9272418419559992,0.6679116139683443,0.5462508614400685,0.7224578250075422,0.8170571011959711,0.5723263849451978,0.3123838862034467,0.8080685444079965,0.7705477907844198,0.3749718060633249,0.9185991421540307,0.6741517234184589,0.3362128938494622,0.7645025327695418,0.6588118354987469,0.8525660270333192,0.3870984166070277,0.6400821049556762,0.3273928185901547,0.7272642534026103,0.7894685038194518,0.9454932050115031,0.8137790188553062,0.47118902539749086,0.2916548878379188,0.2230859033246173,0.7960789049353036,0.4131967404929404,0.9351287458927786,0.68501207198792,0.8409516182195756,0.8402999971050356,0.6002211598458793,0.7960789049353036,0.7960789049353036,0.9988320044006882,0.8325079218443461,0.3901938268466999,0.7960789049353035,0.9113611393327945,0.7509151724713118,0.8569326697795387,0.6245836643262437,0.5212577923677864,0.7792280426333984,0.6460607611088118,0.8651530285770452,0.29149704979470037,0.4164404956007277,0.7960789049353036,0.5644729423793793,0.6461345662516725,0.40699378846950696,0.381378749100338,0.7260702458777939,0.7809210993942602,0.9789433391238309,0.42543697912825484,0.7960789049353036,0.33585463484146827,0.7949634758606597,0.8397115902293839,0.7602236301301286,0.832062012291654,0.3111697051649249,0.770701785555703,0.7960789049353036,0.5989217292516407,0.3752232575701485,0.7960789049353036,0.9660987001847436,0.7618485618250628,0.5873741586108734,0.23044180020757765,0.4142361020063827,0.7960789049353036,0.8065524078374399,0.6090438059182532,0.9805665280639315,0.8811754588137978,0.7506653885136443,0.6446098515053937,0.649313449287767,0.6662909105733472,0.7677386497295299,0.7860605058201844,0.5441805233742258,0.7760222810922393,0.5548323048536545,0.6376156388354752,0.49236597213398814,0.7643582213351081,0.7765395464272921,0.7294968300502531,0.7960789049353036,0.9677588596715982,0.6664650920248343,0.8051292059153738,0.8317067117586021,0.9156839457633896,0.7830190911339325,0.8798876521647709,0.9927673765797876,0.8097978684772096,0.8026144365483828,0.7509151724713118,0.8618174017784853,0.538126722938127,0.6965222418854473,0.8661225030173028,0.5267961281613782,0.840299997105036,0.8890625545868664,0.8909271554854024,0.813081684510502,0.865153028577045,0.8404071783150318,0.6052312567572282,0.7018006890410962,0.9858464402498863,0.9300233743354356,0.76962740516132,0.7231159575694539,0.9789433391238309,0.9979857489084503,0.8329159536507166,0.9597379404856803,0.8578874956549678,0.8081737143388175,0.8317067117586021,0.6989031042017526,0.6651468143818813,0.609212539273575,0.6016275820620476,0.9883270993359127,0.7362419174322445,0.6188370169409094,0.9754196246660427,0.8035383277264696,0.7643582213351086,0.22971439529529125,0.8317067117586023,0.6431268319182388,0.7583951041773278,0.7503399901231679,0.7558287847988341,0.7979107482144298,0.9051965394303546,0.6149942313956136,0.8221161926849351,0.9060583503416715,0.8322437174658708,0.8916372490043558,0.8457685183376291,0.9155919905807125,0.9998874294786868,0.8055831071826008,0.7272642534026108,0.8483188975326428,0.8289684270198121,0.6727553770295227,0.3453370158333531,0.6993830442659581,0.7428407227861752,0.7428407227861745,0.3656806946336797,0.9414890577980587,0.8289289085107749,0.42740645793964305,0.7960789049353036,0.8181301843558837,0.7960789049353036,0.7960789049353036,0.3220737977562016,0.9482060203641693,0.659131165278617,0.7960789049353036,0.3703792975268002,0.4894409131159172,0.8256890852298724,0.6361325076846119,0.5939112629986208,0.5268518191284481,0.5956001341132604,0.7762543007453087,0.35730105176534055,0.8726463241467872,0.9824667255309731,0.8245098594864122,0.6693273178797703,0.47315067360460816,0.4752211583059913,0.6322172145283149,0.9489507333188152,0.8688568034034699,0.6246205682354642,0.8181301843558837,0.5544754427206277,0.7677386497295299,0.6928047307352323,0.9915585362993655,0.9965816016198346,0.9139081303640348,0.5754818715993126,0.6660631323010573,0.6228353980899217,0.7413772464564754,0.7753745977318662,0.809851971481867,0.7766258836139825,0.7592065617417092,0.8523374653667788,0.4796280569142817,0.48507142130373715,0.8483188975326428,0.688085058508904,0.9883270993359127,0.721517676090019,0.458900769779771,0.8528856106436747,0.41913938936156736,0.8028298884087179,0.8899039344946591,0.21984161002376124,0.40936241154964437,0.7762543007453087,0.30579697141675366,0.7218645934534562,0.9377897907487815,0.8230539691638885,0.7960789049353036,0.7765395464272921,0.7949527954278441,0.7960789049353043,0.6050760864728371,0.8243886953218447,0.8097978684772098,0.7411831879017463,0.39975380868564825,0.7990032559708719,0.3874926792102722,0.8404071783150314,0.3291092904398797,0.9048424820972054,0.4777747403359709,0.7830190911339325,0.9745908627378719,0.7106703342060703,0.7503399901231678,0.7224578250075424,0.6655741652788898,0.6505242720688851,0.37947547407265203,0.6430328239899215,0.7162783462474394,0.5752015648602684,0.4554643947495606,0.6989031042017526,0.9113611393327946,0.8080685444079964,0.8028669104368942,0.44064692374223824,0.7929419588014832,0.5855908717858338,0.7894685038194518,0.3783833616048371,0.33629701814089674,0.889903934494659,0.7622600988791066,0.900368266936568,0.7467744905463727,0.6833954088063714,0.8037437165269692,0.8864370419823568,0.6524862957789189,0.9109319194285541,0.9709821317363607,0.7051000760969127,0.9270246136413258,0.8078013427639641,0.8899039344946593,0.7960789049353036,0.9217895076166878,0.4642172669019691,0.45889714108615465,0.6079244533764605,0.7960789049353035,0.6206412350287103,0.3269668982443348,0.6228353980899217,0.9556717988516256,0.6460611879993539,0.5005345127385041,0.5965349199722378,0.7892924275286539,0.8114695546046222,0.8983861427260478,0.4135981044572463,0.5878990700570059,0.7856429156142741,0.5562393770077069,0.6510847597808491,0.9908845623912688,0.6213053608827889,0.8525660270333197,0.709144246065047,0.7617416940303634,0.8525660270333194,0.88672940614195,0.8203022608981224,0.750915172471312,0.9104090533596929,0.5673704757055666,0.8322437174658714,0.9093303855836503,0.9845600578467029,0.14314162158603538,0.279498193572826,0.7894685038194518,0.9953721207839972,0.7767163393241143,0.7894685038194518,0.7894685038194518,0.6932007837413995,0.7960789049353036,0.9622208147425825,0.8343145180746449,0.7960789049353036,0.6998862132329715,0.7580577779184755,0.9338800741201663,0.7677386497295299,0.8569971282280213,0.8028669104368942,0.789468503819452,0.0,0.4301675279276962,0.7413772464564756,0.4776761522379902,0.7960789049353036,0.5448338458805332,0.7677386497295294,0.8578874956549678,0.24442839984590092,0.5851891099788726,0.7950896414683803,0.9051820710155081,0.9811818034694166,0.8978081378264584,0.9251516844761005,0.8075409127954849,0.9915907513960738,0.6724288936853482,0.9565225145379794,0.6224579992013151,0.8026144365483829,0.9983623547769701,0.7004740174209099,0.7979107482144301,0.5965714822176018,0.4435211571426678,0.7960789049353036,0.9207923934438307,0.5999830826008588,0.8404071783150315,0.4348100074869129,0.7533705379959404,0.7051000760969124,0.33275683721361515,0.7830190911339325,0.19767259131646397,0.30551132134991565,0.7960789049353036,0.7960789049353036,0.6733124887005952,0.8679840701523274,0.706428299513279,0.4408889605791355,0.6002211598458791,0.44100849071241477,0.4464838370727061,0.39188468960225253,0.6928133377196374,0.40971321914442393,0.7960789049353036,0.8963271824430523,0.7765395464272921,0.8152281195719799,0.27320508937032917,0.7950896414683805,0.37272361395575837,0.7960789049353036,0.7960789049353036,0.43251660074623377,0.7792280426333986,0.42857103518171646,0.7218645934534562,0.4196054183228346,0.6208325756445323,0.8758872719190753,0.9144864836530954,0.5263054343091058,0.5049967964245687,0.7960789049353035,0.584438323956966,0.4415691980309,0.8759869691607477,0.866122503017303,0.7104270138474744,0.9578100492073907,0.86280745754366,0.5960910862692479,0.8028669104368942,0.6333815898753057,0.7960789049353036,0.30420976650437503,0.614926511803888,0.7592313963373907,0.5888178087402047,0.6573574602256782,0.8641505502234017,0.6183288948511128,0.3763457208402925,0.8894843969696304,0.8491154574453608,0.5835500928647783,0.8811414776974358,0.8758841588239128,0.9455890720762883,0.7467700034664921,0.24907547451872514,0.8078013427639642,0.8169797257838269,0.6599195789144809,0.7143496110293777,0.7319064716602566,0.8009470773284955,0.998082343121321,0.8978081378264584,0.8487307132759605,0.8860686207373005,0.5228640608953578,0.7368307884261367,0.6308690057809883,0.8243917750973906,0.8404071783150313,0.7457459993073878,0.8243886953218447,0.43096070561442745,0.7961879202034745,0.7894685038194516,0.8412627368673316,0.6057821153275953,0.9343771728702679,0.4839542519653047,0.7446690200183319,0.553278702207171,0.45814025812401504,0.7960789049353036,0.5005345127385041,0.9659561259078235,0.36298891410707546,0.8049301978061499,0.8412790712895706,0.7358234924027582,0.4943444550795859,0.7960789049353036,0.27706788444916075,0.2566828351163236,0.9389679983738946,0.39247224482304977,0.48014101231758755,0.4220699687310159,0.8078013427639641,0.37350261700691423,0.8214816628012487,0.9942122546682379,0.40986942439167295,0.7070793564563411,0.5287606493393369,0.852566027033319,0.7760222810922391,0.7792280426333984,0.9385878167439001,0.8937772891070254,0.39144277472164246,0.7762543007453089,0.20686543426550097,0.7960789049353041,0.7894685038194518,0.4435211571426678,0.45546439474956135,0.794080016690741,0.44343059114568906,0.359843627189933,0.7960789049353036,0.36993727737430926,0.4530254897789212,0.6594544116353662,0.7960789049353036,0.5373764448434832,0.9236185934423298,0.7950896414683805,0.7413772464564756,0.789468503819452,0.5728787111486628,0.790414434006764,0.7532534102315112,0.9681758627052863,0.8983471539152486,0.9598700801213002,0.280471324676804,0.7960789049353036,0.7925157589920611,0.7960789049353036,0.8289684270198121,0.6019918286312501,0.5805133081066205,0.8152281195719799,0.8478388087184401,0.6425985389587241,0.7370311701034578,0.6989500632642004,0.7960789049353036,0.6815433028054894,0.5309088062296612,0.6896269352984052,0.8146389457837513,0.8978081378264583,0.9328485281106532,0.9565225145379795,0.8938847014695364,0.6831702677637472,0.6325774285701073,0.22565771162278014,0.6831702677637472,0.8569326697795392,0.7765395464272932,0.5432341259852522,0.6831702677637472,0.8152281195719799,0.882252336941202,0.8028669104368942,0.4981433105069111,0.7703519447505499,0.9538918150462734,0.7224578250075422,0.752383237062791,0.7319064716602568,0.7643582213351081,0.6733124887005955,0.9129194392068591,0.816979725783826,0.9367972461388399,0.6269949765280702,0.6199587600065322,0.5505508304711426,0.673948758658865,0.7172701775152346,0.6721774555167545,0.7219521587193671,0.8175967654512281,0.7677386497295295,0.7870819606506207,0.8582758607411113,0.9384159066143356,0.7072551634458549,0.7977188416058412,0.8390631391006365,0.7856429156142741,0.9777490837622258,0.7039965075355048,0.871399467419112,0.8765169987608157,0.8551771082849593,0.939455590696118,0.8080685444079962,0.7938728455083093,0.7792280426333981,0.7020155143416194,0.5758629853389989,0.6813209254879639,0.6333716068771551,0.9462807381614684,0.8831047218391028,0.8305727081850832,0.9761179479574775,0.7249477881963553,0.831689391775931,0.8028298884087185,0.996057013655474,0.866346476842075,0.9729032954090484,0.7051000760969123,0.8550269631929823,0.8253743886792998,0.9183686788307875,0.9396742553651725,0.7979107482144292,0.817596765451228,0.7104270138474742,0.7091442460650463,0.9487712406389308,0.9871792892325911,0.6567289101449396,0.9851798733899283,0.78852047137364,0.8152992487169168,0.5674366753166213,0.812744272105826,0.5228640608953576,0.9789433391238309,0.569502964642044,0.6998862132329708,0.8181301843558837,0.569928686191076,0.9368601710957667,0.8175967654512286,0.8049301978061499,0.8254944573179577,0.7950896414683803,0.9064968238177542,0.8181301843558837
p253_S,0.9919491418736712,0.836085054273805,0.6976503581176488,0.8488030544636931,0.9545123322481959,0.8947109826062527,0.9354694781406578,0.8880352018318588,0.34089079968219604,0.8888428923892238,0.8319564473483687,0.8733613436263186,0.8733613436263187,0.8052277919712965,0.9174971344859197,0.79584633414516,0.9825964518806184,0.8085534893437152,0.8832354238447047,0.9279843845372737,0.7192411098887073,0.8279010131824398,0.8960532224624076,0.8627880798184884,0.8239134490485773,0.5173103933453214,0.8445863152939235,0.6579580752679006,0.9671258766853237,0.6401117686909066,0.5834181746480529,0.9548804706906753,0.8965301079123318,0.6383351746846027,0.9517755223627138,0.92061363922904,0.8949988213646447,0.8402927774016276,0.8947109826062527,0.8048424841938346,0.7368631711703988,0.9184322019103962,0.9771002609923765,0.7650807024347561,0.8733891874315001,0.746918904491858,0.8676499406085265,0.6071698088971891,0.8048424841938353,0.4952711623415559,0.8726649773302664,0.6232181673602164,0.5413866832492845,0.9185407488564348,0.8684114426569793,0.8478508727984932,0.80117676612222,0.8580633769736241,0.5929604035844025,0.8489732636249692,0.39470954874192854,0.4805366580536288,0.7821495822889151,0.718863937786931,0.8778523726982703,0.35735913547281517,0.8726649773302662,0.7085896243570781,0.8928601878779756,0.8832354238447044,0.7799962942326113,0.8048424841938353,0.951775522362714,0.33353836727995456,0.8580633769736241,0.6827327883788248,0.8542491929403544,0.8588531668491859,0.3622736619390051,0.8947109826062525,0.8588531668491859,0.8908326623446736,0.7939706232398647,0.8085534893437156,0.8580633769736241,0.7906205719124983,0.9332937322141,0.5983139442982279,0.9297521499952714,0.8534622933489195,0.8580633769736241,0.6976503581176476,0.6258935948256297,0.4045453633198327,0.8166420739405311,0.8247575259604112,0.6916640880071854,0.6857040501172031,0.52789047166768,0.3403723707211973,0.8011767661222196,0.9009385953642846,0.8580633769736239,0.6925217703564044,0.7161911235675482,0.8832354238447049,0.7406315451944607,0.4883515419166068,0.8143910380485448,0.4068303673417212,0.6691058148529974,0.885745921986911,0.5491912761891111,0.7663531853713816,0.8676499406085265,0.4120284536108716,0.8910555173288917,0.92061363922904,0.9359056217993147,0.505162043271387,0.9045753237721907,0.6797668141977578,0.8497488428273543,0.8798763403380205,0.832629779247678,0.5272118628147031,0.8627880798184886,0.942333619335039,0.9947730605262131,0.8242121596239331,0.46351065526865964,0.8676499406085263,0.8726649773302664,0.9405104606214995,0.8445863152939237,0.5964530737741693,0.8394349782424819,0.9071558877260777,0.9071558877260779,0.878518092076586,0.6571641004939981,0.8888428923892235,0.4817371978056184,0.7194419257776317,0.7024725800029548,0.48744282763299873,0.7809463065777633,0.40059854719280996,0.8871007327856484,0.45285625194341095,0.8888428923892235,0.6210950169525731,0.7894155237394402,0.926063477165615,0.9071558877260779,0.6027406253820959,0.7241927010620608,0.8001722065934693,0.8367703964860417,0.712932391325587,0.7591698919785148,0.9009385953642843,0.8659295687789172,0.7418026906930608,0.7837355750231825,0.7665073280695918,0.8926008995320035,0.7548624045538657,0.861984975341864,0.613762816148294,0.8488030544636931,0.8534622933489195,0.6620710071006374,0.6442440180938852,0.7333544589738001,0.8031604387997988,0.9206136392290398,0.9024275116709175,0.8191077238734903,0.7160816124647602,0.9900433994324622,0.5861138851861274,0.8945249794747658,0.9445210810238398,0.9166887451792665,0.6062389341779695,0.356584971720979,0.9095902090889822,0.8360850542738055,0.8089843972083206,0.9671525774314353,0.7862772821017797,0.5168689603416892,0.33825757623979724,0.7563449454681486,0.8580633769736241,0.8627880798184884,0.9966974058830518,0.8669932082000247,0.6671080229844644,0.49527116234155544,0.8838152225738929,0.8580633769736241,0.6789211831827491,0.40541791911850766,0.8888428923892238,0.8580633769736241,0.8630265585090815,0.4843106101795487,0.36682572517203116,0.5553693612614581,0.7343427968823377,0.8534622933489193,0.8580633769736241,0.8337091871426885,0.8580633769736241,0.4773855200863868,0.6345816110814608,0.6952493189599822,0.8580633769736241,0.6272086098993919,0.8580633769736241,0.7827024884853493,0.7266054142165014,0.7665073280695918,0.6691058148529971,0.9009385953642843,0.41986463636309246,0.9080629205282025,0.8453437407159918,0.8559208297225789,0.7374794897839279,0.6392350314020778,0.8572643034920984,0.8726649773302662,0.9931483280775926,0.9469433771109669,0.9674602664195369,0.8192256715364821,0.769036528495758,0.5046481757735632,0.8733891874315001,0.696349602761672,0.7669439665040155,0.8580633769736241,0.8116032860905474,0.8580633769736241,0.7256435570190936,0.7835370284359029,0.9416467981218895,0.8665410232336315,0.39306237446570713,0.8949988213646447,0.5959659587970211,0.8239134490485773,0.700654461848641,0.8588531668491859,0.4874401731147431,0.8676499406085265,0.657106149595317,0.906543417128479,0.6331070096777194,0.8534622933489195,0.871246871576457,0.7723654268775431,0.8947109826062527,0.6107583160352346,0.8630265585090809,0.8857459219869113,0.6475012170792693,0.6503151680969264,0.9071558877260777,0.8444457762048929,0.7174290302707813,0.4142369711006497,0.8832354238447049,0.22597520335613464,0.6764808700782878,0.8161233816474041,0.9095902090889826,0.8832354238447049,0.9766368294214657,0.2773393379843939,0.8778523726982703,0.715804353791043,0.7834401607250976,0.8676499406085261,0.7731975498548822,0.2915219074672468,0.8489732636249692,0.8676499406085265,0.9009385953642843,0.45057340348384967,0.8832354238447044,0.4572136151863866,0.5959002028743348,0.6797668141977584,0.9371634085930702,0.9672517146179539,0.8580633769736241,0.8285391598107978,0.8489732636249694,0.8726649773302662,0.33637902190464875,0.9625319569777703,0.9009385953642843,0.8048424841938357,0.945725373599155,0.5111729987233389,0.9431242915554676,0.9438421302531429,0.8469794454271109,0.9708772255702871,0.7841367054929271,0.7227011538865517,0.9671258766853237,0.4707951903879076,0.9937326311666262,0.8362476150827942,0.8910619220598515,0.7469850171665045,0.7994635118338909,0.8580633769736241,0.6789531875241799,0.7281124483054622,0.8085534893437152,0.8832354238447049,0.9495383029054911,0.8534622933489193,0.8580633769736241,0.8239134490485776,0.8832354238447044,0.9359056217993147,0.750188173855004,0.7408324850486854,0.8410264752131607,0.9071558877260779,0.48462419479831065,0.5219505844359635,0.8239134490485773,0.5973339174913366,0.5983556486906707,0.999195440368441,0.6803685515032112,0.5966122195109056,0.64169554670287,0.546086596749305,0.8947109826062527,0.4078960827894226,0.7942142382641857,0.3874347092032647,0.8445863152939237,0.8534622933489195,0.823034844237934,0.6963496027616727,0.3050834531894502,0.2869769640773221,0.507237644706523,0.8580633769736241,0.3371104948648608,0.8114015586282293,0.7978451729509497,0.8321825453439604,0.9545911390185763,0.44144628304046774,0.8580633769736241,0.8580633769736241,0.8048424841938351,0.8976239027066761,0.6510384250779084,0.8580633769736241,0.8888428923892238,0.8580633769736241,0.7834401607250981,0.7305004302532321,0.5397386048759287,0.8580633769736239,0.7869159279154592,0.8542491929403546,0.5452384623940341,0.49129542519355296,0.8580633769736241,0.6679479850410681,0.7665073280695918,0.39128492454016217,0.3701588142259694,0.8089843972083202,0.6356632671085884,0.8676499406085265,0.33089641327280106,0.8580633769736241,0.4605870409289512,0.8326297792476778,0.49932187508274517,0.7619824201580347,0.9594203044569571,0.5421214310330604,0.8684114426569796,0.8580633769736241,0.9378115943641042,0.6389242327641067,0.8580633769736241,0.8310528665011807,0.5773706092673774,0.7725487481300009,0.5111729987233384,0.3093507773187547,0.8580633769736241,0.6784185986874087,0.3985339805343384,0.9136953378018806,0.6585891393759462,0.5521700605702744,0.498278396821199,0.5076061249092582,0.72734004686522,0.8676499406085265,0.9302468132785002,0.23343042882829157,0.8960532224624076,0.41636673269679436,0.678817641349651,0.6385926285244761,0.9467627042088236,0.8726649773302662,0.808553489343715,0.8580633769736241,0.9579918546133754,0.779826217372376,0.4320223500698501,0.9664400448524546,0.8665410232336317,0.8489732636249694,0.7337397319767509,0.9594203044569571,0.8489732636249694,0.8857498863500033,0.8580633769736239,0.8635702858013483,0.6620604262192764,0.7497784653778186,0.9206136392290398,0.3783636170475875,0.9671258766853235,0.8615773989232183,0.9214079633356154,0.7593422659943778,0.8805973726982694,0.9279843845372737,0.5754614019167368,0.6168484612205787,0.7835097708347543,0.812312718448402,0.8279010131824405,0.7281124483054622,0.9009385953642846,0.9956188776427733,0.7368631711703979,0.849989445594458,0.9157357559104304,0.7771575274759834,0.9395433253516376,0.5386927175635586,0.581040031064366,0.5635031960888542,0.753051846718922,0.9309949317066526,0.6322162371174211,0.7458541358405781,0.9795288419408832,0.8103302148662455,0.8706984815892005,0.517706142818539,0.9933367643532718,0.6002252943835329,0.9348456826950292,0.7835370284359033,0.6114963831784102,0.8676499406085263,0.9985249843590973,0.558201701134375,0.8945255054911532,0.9528539717720055,0.9298734992336184,0.8008774240115022,0.632646222688925,0.9495383029054911,0.8898361702115574,0.8733891874314998,0.8445863152939241,0.9416467981218897,0.92061363922904,0.790425426169032,0.5402501274516291,0.756652024408325,0.8534622933489195,0.8534622933489195,0.6658377352662485,0.9739596830614119,0.8445863152939237,0.6415222055497377,0.8580633769736241,0.8778523726982708,0.8580633769736241,0.8580633769736241,0.24433987200684026,0.819988999842785,0.7942142382641855,0.8580633769736241,0.5269886374343844,0.40784757550692696,0.8852248564059794,0.7641948304957351,0.684187526552801,0.5387648660085527,0.7497784653778186,0.9773056217079845,0.3688161417652064,0.8684114426569796,0.9004069105469892,0.9787757668872881,0.5443878531841102,0.5482482805875757,0.5018858618085846,0.7904254261690322,0.9347579005555582,0.9080629205282027,0.840781937788716,0.8778523726982705,0.7449636446952557,0.8676499406085265,0.8669932082000245,0.959641911972015,0.9102236564997475,0.8199889998427838,0.3379545781536528,0.8089843972083199,0.5079022828472525,0.9264635914251372,0.9892081312538166,0.8327521665896491,0.9596419119720152,0.8627880798184884,0.9381543317424098,0.5553693612614581,0.5668488982647655,0.9416467981218899,0.6300486946673771,0.9021920595690769,0.5175874067944842,0.691664088007186,0.8838152225738927,0.41808522913941826,0.7939706232398644,0.8947109826062525,0.47102044403874066,0.3639676440008335,0.9404828804596652,0.46426406974584644,0.8279010131824398,0.7456326656661099,0.7415104035920572,0.8580633769736241,0.8726649773302662,0.6374032682442388,0.8580633769736239,0.6872324212204672,0.8559208297225787,0.7669439665040152,0.861984975341864,0.5421214310330602,0.8199889998427843,0.3005051622151197,0.888842892389224,0.4366291171550527,0.9395433253516374,0.48702048237317397,0.8489732636249694,0.9527674384230345,0.7253641251257408,0.7631994628418877,0.8161233816474041,0.7222300220456425,0.6078354036074394,0.4843670645193805,0.6717169175426451,0.7731975498548813,0.6620430129375297,0.6122026570691228,0.5610554461058019,0.9279843845372737,0.8755842366061313,0.9439474709045741,0.7053808891966775,0.903660139211346,0.6427065114914707,0.8534622933489195,0.44363422421899523,0.5556860390993403,0.9359056217993145,0.6303846639845085,0.9326181308569239,0.8114015586282293,0.7665073280695918,0.812312718448402,0.761556595399514,0.8127881547112792,0.9694034007212067,0.7336745587483311,0.8319564473483689,0.8534622933489193,0.8726649773302662,0.8947109826062527,0.8580633769736241,0.7942142382641859,0.6391630416357419,0.31864499891165343,0.7765826220284091,0.8580633769736241,0.53863037237352,0.5232383035319712,0.5267677385314709,0.7834401607250983,0.7312206952770031,0.7148222406610687,0.4063981487901681,0.8445456718550288,0.8205494341553725,0.81294131252081,0.4133813401375316,0.7287873310045534,0.8778523726982708,0.7465238189296217,0.8011767661222198,0.9009385953642843,0.7631994628418883,0.8947109826062525,0.7425304696011636,0.8489732636249692,0.8947109826062527,0.836085054273805,0.8011767661222196,0.8580633769736241,0.6157318558636371,0.6768057292119654,0.855117068464948,0.8893007587699873,0.9332937322141002,0.4005206322119319,0.2958366550258078,0.8534622933489195,0.9071558877260779,0.8445863152939237,0.8534622933489195,0.8534622933489195,0.7942142382641861,0.8580633769736241,0.8733891874315001,0.7596587966440698,0.8580633769736241,0.8410264752131604,0.7117205261685275,0.8832354238447047,0.8676499406085265,0.9495383029054911,0.8627880798184884,0.8534622933489195,0.4301675279276962,0.0,0.6729161826930581,0.42024333070873343,0.8580633769736241,0.740631545194461,0.8676499406085263,0.8410264752131604,0.3796540051483711,0.7437997715050164,0.8832354238447047,0.8627880798184886,0.9435680069424297,0.8648872908119642,0.8239134490485771,0.8580633769736241,0.8038745940299183,0.7799962942326113,0.8127881547112792,0.5441467627820238,0.8857498863500033,0.92061363922904,0.8048424841938351,0.8676499406085267,0.7406315451944607,0.42911070942305785,0.8580633769736241,0.9205381405663506,0.6872187123205689,0.8888428923892238,0.6030973729140294,0.8445863152939239,0.8319564473483689,0.21916128843636928,0.8489732636249694,0.3475878199553837,0.35441513130873825,0.8580633769736241,0.8580633769736241,0.8605583900544205,0.6119315675268684,0.7465238189296213,0.49811821282666513,0.4127268608558301,0.5931671224172108,0.5668488982647655,0.30457039132874997,0.8123127184484011,0.2684250168194834,0.8580633769736241,0.7400670399131453,0.8726649773302662,0.8947109826062527,0.5421214310330602,0.8832354238447049,0.382802466962298,0.8580633769736241,0.8580633769736241,0.3855181706365882,0.8580633769736241,0.36233680755261966,0.82790101318244,0.6004275330647892,0.7188639377869315,0.889536817772761,0.7908608713208003,0.33920063931851974,0.582663352811218,0.8580633769736241,0.7631994628418881,0.2903425865622957,0.8627880798184884,0.9672517146179538,0.9495233810663035,0.694916693648407,0.7501881738550045,0.769839585196767,0.9117367293584178,0.6361324654316034,0.8580633769736241,0.278080181011251,0.7698395851967672,0.6331636604082482,0.6601020622831066,0.6391630416357421,0.9990035565609351,0.5547133093274581,0.6209146365523748,0.8712468715764569,0.7514348548353778,0.4964524217370394,0.8733891874315001,0.9279843845372737,0.911533001828125,0.8326297792476782,0.2547919057152861,0.8726649773302662,0.8534622933489195,0.4904603223941625,0.592059847086227,0.8038745940299186,0.9091119442485787,0.9405104606214996,0.7835370284359029,0.8993158214284374,0.9359056217993145,0.728112448305462,0.8619540122883984,0.5148452464432481,0.7983254232663788,0.8888428923892238,0.8542491929403548,0.9086171892384092,0.5872027971996023,0.8684114426569804,0.6305379098265296,0.9178620328129026,0.6180765731605298,0.8627880798184886,0.6343511982869368,0.7906205719124988,0.5278540655720464,0.5837955242710029,0.8580633769736241,0.6976503581176476,0.892037568655469,0.5263065363001869,0.8888428923892238,0.9347013910125843,0.5862023727744354,0.7598864148039415,0.8580633769736241,0.3005051622151197,0.47102044403874044,0.8161233816474045,0.30957996050463443,0.3196738207127785,0.29569123902787786,0.9071558877260777,0.4635901001053987,0.9267264288975028,0.8244375674752112,0.47437821631601285,0.8199889998427841,0.5760122568516333,0.9359056217993145,0.8706984815891996,0.8580633769736241,0.9123766083212121,0.9233258622786491,0.37422849530550195,0.8385806720504205,0.4843670645193803,0.9830129041590774,0.8534622933489195,0.41485462830793396,0.6272086098993919,0.7097164490351848,0.47168583833793043,0.44014007302314206,0.8580633769736241,0.35576411972849664,0.6331866823049856,0.7834401607250978,0.8580633769736241,0.2269048137692028,0.9527674384230347,0.8832354238447049,0.819988999842785,0.8838152225738931,0.5851263235861561,0.8784547419047672,0.9789311058463339,0.8711879261366295,0.9357469775526388,0.8453437407159925,0.5045949838027675,0.8580633769736241,0.9724884149924613,0.8580633769736241,0.9206136392290403,0.7025114683415161,0.44903499042502293,0.8947109826062527,0.7752718134474705,0.6500618061243244,0.5734223591640419,0.8052277919712965,0.8580633769736241,0.9372014083372859,0.49579691437934625,0.5972134297250045,0.8798763403380201,0.7631994628418897,0.8726649773302662,0.7904254261690324,0.882057032691629,0.889836170211558,0.45262679324782185,0.4401400730231422,0.889836170211558,0.7834401607250983,0.8726649773302662,0.6797668141977584,0.889836170211558,0.8947109826062527,0.9770875186714552,0.8473152462661049,0.712932391325587,0.8838152225738929,0.8379200941059072,0.8161233816474041,0.47809927979813427,0.7631994628418886,0.9518183322983449,0.4550648640548015,0.8397073815517223,0.8838152225738929,0.8805973726982699,0.6544153639869051,0.7834401607250983,0.7432869734266534,0.6247732183948924,0.9505747193383898,0.7437997715050169,0.8285391598107976,0.8627880798184886,0.8676499406085267,0.6538155014689255,0.8949697440841795,0.7425304696011643,0.8205494341553721,0.6796990479182626,0.8726649773302662,0.8778523726982708,0.8831416640096827,0.5032144050394723,0.718539760798238,0.7521977203414172,0.7904254261690322,0.9836872689263081,0.8755842366061313,0.5951669318844371,0.8580633769736241,0.6245921258050603,0.7551472518010767,0.7566520244083252,0.4983759503655778,0.7973400334736793,0.8778523726982703,0.8362476150827942,0.8911072125612953,0.5413866832492845,0.9021920595690762,0.7939706232398644,0.8988562716216035,0.8752813662334187,0.7983568466925046,0.8319564473483687,0.9085147698111222,0.9141681517988662,0.9980173200359843,0.7648654050978032,0.8676499406085263,0.8627880798184884,0.5669186696876405,0.48957672967074084,0.8676499406085265,0.8195703173194643,0.38461188269709934,0.7340359114601012,0.9080629205282025,0.9080629205282025,0.4056531674667505,0.8161233816474041,0.728112448305462,0.9009385953642846,0.514227834729049,0.8161233816474045,0.8778523726982708,0.3316669725473146,0.8857459219869108,0.8627880798184884,0.8888428923892238,0.5905904889899979,0.8832354238447049,0.9462433531150105,0.8778523726982708
p254_D,0.9694692803061076,0.9256059689675478,0.8627763408565621,0.9388933740579657,0.7978853750711603,0.9522137875062904,0.8764174889236305,0.8792630957282713,0.6786227112711629,0.9495505106234361,0.9237321696604077,0.9852901633058908,0.807520221981338,0.9017126880527937,0.7797928326997228,0.9395555589844622,0.9722312205307765,0.9131105611405985,0.9470055188469617,0.9836543654419936,0.9995677406639827,0.9218915803605507,0.9183006535947711,0.9377253379624282,0.9200817943852442,0.9131105611405987,0.9294643302252341,0.43951194778049374,0.9495505106234363,0.8293641738200408,0.9430450953185583,0.7634975264962849,0.9275156757582279,0.8970640020677767,0.7445786492931157,0.9470055188469617,0.9377253379624282,0.9275156757582277,0.9522137875062906,0.9114262935403583,0.8724042835510755,0.9148167155454525,0.9071885561788837,0.5323283283243664,0.9294643302252341,0.8065302670697434,0.939931930051314,0.9975694426888291,0.9114262935403585,0.4925380553482679,0.9422080421889416,0.8092381015708716,0.9131105611405987,0.9256059689675478,0.975500298406281,0.909762579821223,0.9097625798212232,0.935580996038617,0.8000118450787022,0.9314553797224701,0.7006251564889248,0.8329282538278908,0.9541968529441154,0.8724042835510755,0.9445623805946022,0.7038166163702426,0.9422080421889416,0.9307306476546929,0.9946103194436371,0.9470055188469617,0.9001496633415411,0.9114262935403585,0.9888877218166616,0.699283283131898,0.935580996038617,0.8560058896255165,0.921891580360551,0.9237321696604077,0.8237889715586777,0.9522137875062904,0.9237321696604077,0.9590434494932021,0.9064920176718159,0.8814579798418161,0.935580996038617,0.8955399645501796,0.9432185749403661,0.8550458329537644,0.9545413042656155,0.9334927596276978,0.935580996038617,0.8627763408565621,0.8335041150813927,0.9077196864447743,0.9451809453601019,0.971487693080495,0.8600594271401627,0.8573544191143383,0.7829861241401165,0.6445850894057772,0.9097625798212232,0.939931930051314,0.9355809960386168,0.9467627042088231,0.8359725460677726,0.9470055188469617,0.8822836759018076,0.6821633473231206,0.9476535753223354,0.6946692109264082,0.8426242563237649,0.9565880742927937,0.689284705538985,0.8851672469450578,0.939931930051314,0.702713661295211,0.9256059689675478,0.9470055188469617,0.9522137875062904,0.6729161826930581,0.940410902993878,0.8546597599343508,0.9200817943852444,0.9048830033154058,0.9131105611405985,0.7366067933582974,0.9377253379624282,0.9776415955422072,0.9334927596276981,0.9339429911190155,0.6005335091243582,0.9399319300513138,0.9422080421889416,0.9774873843362967,0.9294643302252341,0.8038126664077956,0.9338408750755611,0.9422080421889416,0.9422080421889416,0.9314553797224701,0.8215465550615189,0.9495505106234361,0.6566495728381526,0.8638962238722949,0.8573544191143383,0.9465859044992463,0.6345582694216229,0.6407384465449499,0.9923032503352311,0.733385958443987,0.9495505106234361,0.6040432137967546,0.8173115982101795,0.9047213896626454,0.9422080421889416,0.9518647719377948,0.8668776900588209,0.8910355038772135,0.7011368981453869,0.8546597599343508,0.847858577689656,0.9399319300513138,0.9165462137008822,0.7434624060060929,0.8696318695590657,0.8940275945888625,0.9776415955422073,0.8724042835510755,0.9064920176718159,0.6325744390120335,0.9388933740579652,0.9334927596276981,0.9495873612601233,0.8727002842503788,0.8597981632083396,0.8726010161370013,0.9470055188469617,0.952151991487087,0.8986003425351379,0.8560058896255165,0.9554368269703841,0.7095855292243165,0.909762579821223,0.9852901633058908,0.9485110385177798,0.814627900626244,0.5968519600734349,0.9375514328635435,0.9256059689675478,0.9032901911357234,0.9314553797224701,0.615284883007249,0.7744742852640152,0.6935669782115954,0.8808530918450068,0.935580996038617,0.9377253379624282,0.9677078677803633,0.904740849996801,0.9595211947515827,0.7269691840010574,0.9334927596276981,0.935580996038617,0.8333134885197044,0.7164888607453721,0.9495505106234363,0.935580996038617,0.9560688022480138,0.8992368483577364,0.6318049106066176,0.7264112176941546,0.8794294801784417,0.9334927596276981,0.935580996038617,0.8173115982101795,0.935580996038617,0.9133641417093473,0.8197566279957782,0.8154514685448496,0.935580996038617,0.8496029817787225,0.935580996038617,0.8290179394841424,0.914753761965559,0.8940275945888625,0.8426242563237649,0.9399319300513138,0.7184545893849333,0.9314553797224701,0.9183006535947711,0.966854861926912,0.8808530918450068,0.7815915804926303,0.9329290708210041,0.9422080421889416,0.9952673588808038,0.8764625255717525,0.8766017896141824,0.8999138703842935,0.9686491338802947,0.961938580597147,0.9294643302252341,0.8546597599343508,0.564360857791699,0.935580996038617,0.7777882996052302,0.935580996038617,0.7583036010960924,0.8925262950745887,0.9422080421889416,0.9473606184418109,0.7184545893849332,0.9377253379624282,0.6624176134405488,0.920081794385244,0.8641397759307594,0.9237321696604077,0.638242563167339,0.939931930051314,0.8373021566360077,0.8638962238722945,0.7086598148031025,0.9334927596276978,0.8107729257629093,0.8067744548357401,0.9522137875062906,0.685183834530586,0.8286827798191462,0.9565880742927937,0.952151991487087,0.8412929088258383,0.9422080421889416,0.7969926377220812,0.7971403222259039,0.7326873144368853,0.9470055188469617,0.6471876552847082,0.9253852640835394,0.9165462137008822,0.7818538740753651,0.9470055188469617,0.9141680583790844,0.6767230343868111,0.9445623805946022,0.8710156683413515,0.9017126880527935,0.9399319300513138,0.8970640020677767,0.7587132130546889,0.9314553797224701,0.939931930051314,0.9399319300513138,0.7445187414177198,0.9470055188469617,0.7952673995850844,0.7318862271458788,0.8546597599343506,0.9491170120150412,0.9892083965651993,0.935580996038617,0.9114262935403585,0.9314553797224701,0.9422080421889416,0.6973385908990943,0.8240285189514143,0.9399319300513138,0.9114262935403588,0.929104460779949,0.7657376387499226,0.9165215812574512,0.8933669999701503,0.9144409752981175,0.8513214662509339,0.7283277318004966,0.8386319972225239,0.9495505106234361,0.5519470547433349,0.9495505106234363,0.9329290708210041,0.8992368483577362,0.8851672469450578,0.7760319106198981,0.935580996038617,0.9989330715481036,0.8766017896141824,0.9131105611405985,0.9470055188469617,0.9942714459947758,0.9334927596276981,0.935580996038617,0.9200817943852442,0.9470055188469617,0.9522137875062904,0.8866210237012304,0.7759124991561703,0.9165462137008822,0.9989330715481036,0.8286827798191461,0.7830336770148898,0.9200817943852442,0.6886073430573452,0.7983447668609214,0.9967391619170718,0.9953407916725417,0.7845336717228413,0.9725096342470558,0.6797169896200086,0.9522137875062904,0.7251829775926649,0.8970640020677765,0.7098182270961277,0.9294643302252339,0.9334927596276978,0.9001496633415411,0.8546597599343508,0.6661418697004172,0.6640671261189445,0.7701296598146816,0.935580996038617,0.5843125249145252,0.8955399645501796,0.8986003425351381,0.8955399645501796,0.9836543654419934,0.7796038897720784,0.935580996038617,0.935580996038617,0.9114262935403583,0.8780124908814333,0.8467627026932136,0.935580996038617,0.9495505106234363,0.9355809960386168,0.9017126880527935,0.8696318695590657,0.7164888607453721,0.935580996038617,0.9032901911357234,0.9218915803605507,0.7872544459254587,0.7567985965131947,0.935580996038617,0.8492956954242195,0.8940275945888625,0.7115665646213181,0.7080589698636739,0.9032901911357234,0.834643033355474,0.939931930051314,0.6840983815777087,0.935580996038617,0.7429517781629602,0.9131105611405985,0.7208068700523798,0.9509252455289201,0.9377253379624282,0.7858515963541475,0.9275156757582277,0.935580996038617,0.9212241569577779,0.6702414832482124,0.935580996038617,0.9032901911357234,0.6860193031480388,0.7997160938696783,0.7657376387499224,0.6742766833455953,0.935580996038617,0.9367749011657422,0.8047517705871294,0.944562380594602,0.8368365632114223,0.7890581926066971,0.5981949470781702,0.9852549091806291,0.8682526269766768,0.939931930051314,0.946010844034308,0.6318049106066176,0.96156862745098,0.5874129276360627,0.8399622023066797,0.8359725460677725,0.9183006535947713,0.9422080421889416,0.9131105611405985,0.935580996038617,0.9470055188469617,0.8751970566277456,0.8184489484642802,0.8008716284224459,0.9473606184418109,0.9314553797224701,0.7675294343675796,0.9377253379624282,0.9314553797224701,0.9237321696604077,0.9355809960386168,0.925605968967548,0.846623582568657,0.8780124908814333,0.9470055188469617,0.6052243078614852,0.9836543654419936,0.6522610435168825,0.9183006535947711,0.9297542626656277,0.921891580360551,0.9495505106234363,0.8381857738162455,0.6148962787359253,0.9907042037354447,0.9148167155454525,0.9218915803605507,0.8766017896141824,0.7760319106198981,0.8970640020677767,0.8724042835510755,0.8298303337293348,0.9590434494932021,0.9338358212159397,0.9844690963672101,0.9430450953185583,0.796970362094366,0.7853502553960312,0.8794294801784417,0.978616554847229,0.7233075688308537,0.861416294711902,0.8380225099110049,0.9590434494932021,0.9183006535947711,0.7686710742353544,0.9237321696604077,0.8119370253704743,0.9165462137008822,0.8925262950745887,0.7611596499586799,0.939931930051314,0.9511382489921303,0.7979857849734993,0.8955399645501794,0.943301103454332,0.8616362273895215,0.9366027714453327,0.9506880141013583,0.9445623805946022,0.929104460779949,0.9294643302252341,0.9294643302252341,0.9989330715481035,0.9470055188469617,0.9048830033154058,0.7787746143035075,0.8895546908938257,0.9334927596276981,0.9334927596276981,0.9415238331131339,0.8822836759018076,0.9294643302252339,0.8373021566360076,0.935580996038617,0.944562380594602,0.935580996038617,0.935580996038617,0.644585089405777,0.9183006535947713,0.8970640020677765,0.935580996038617,0.6619753261706218,0.602992861164697,0.9966447233584261,0.938138343510984,0.8492956954242199,0.7537693866232711,0.8780124908814333,0.8766017896141824,0.5975989158627082,0.9275156757582277,0.8594445549478917,0.9942714459947757,0.9310028073541701,0.8241636637999159,0.703968668933079,0.9048830033154058,0.7845765883534521,0.9314553797224701,0.9526986224178553,0.9445623805946022,0.8983273721288974,0.939931930051314,0.9714876930804949,0.9881818565067269,0.9565880742927937,0.9183006535947713,0.7722975120646056,0.9032901911357234,0.9581770036680437,0.7788235294117649,0.8474072181717972,0.8328391424856556,0.9432185749403662,0.9377253379624282,0.7311171338531997,0.9033314545355293,0.7969703620943662,0.9422080421889416,0.9197483086230973,0.9722312205307764,0.8681601217751215,0.8600594271401631,0.9334927596276981,0.7801688164371339,0.9064920176718159,0.9522137875062904,0.7537693866232711,0.5806575182209803,0.8766017896141824,0.7507137152048755,0.921891580360551,0.9796939340930617,0.7315619241623601,0.935580996038617,0.9422080421889416,0.9641813269710358,0.935580996038617,0.8239952590260258,0.8532920118076439,0.5643608577916975,0.9064920176718159,0.7858515963541475,0.9183006535947711,0.6702414832482126,0.9495505106234363,0.7382049008693428,0.9237321696604077,0.5436316627862096,0.9314553797224701,0.9765150789456657,0.9860777826493692,0.8925262950745887,0.9165462137008822,0.9963372459830331,0.6832547491922736,0.7598023745630527,0.9670460890732737,0.8970640020677767,0.9044070319187587,0.8239952590260256,0.7134960766530701,0.9495505106234363,0.9200817943852442,0.8424035886035854,0.795592773749769,0.8720455479999358,0.9526048267509268,0.9334927596276978,0.7413772464564756,0.7983447668609214,0.9522137875062904,0.7691892183087248,0.9464536062171709,0.8916829786258779,0.8940275945888625,0.9148167155454525,0.9377398146648597,0.9048830033154058,0.964170004482718,0.8710156683413514,0.9237321696604075,0.9334927596276981,0.9422080421889416,0.9522137875062906,0.935580996038617,0.8970640020677767,0.8293233915825582,0.8049988847318241,0.8986003425351381,0.935580996038617,0.7840511858385324,0.7773459047767641,0.7650131182837043,0.9017126880527935,0.8780124908814328,0.8627763408565621,0.9844272218605028,0.8593686289862966,0.9081181966045127,0.9130470727423969,0.6183266997604187,0.861416294711902,0.944562380594602,0.8766017896141824,0.909762579821223,0.9399319300513138,0.8925262950745887,0.9522137875062904,0.9349121160462939,0.9314553797224701,0.9522137875062904,0.9256059689675478,0.9097625798212232,0.9355809960386168,0.7997160938696783,0.8533158492412365,0.9470055188469617,0.9888877218166614,0.8532920118076432,0.7218380204095864,0.6742766833455953,0.9334927596276978,0.9422080421889416,0.9294643302252339,0.9334927596276978,0.9334927596276978,0.8970640020677767,0.935580996038617,0.9294643302252341,0.8822836759018077,0.935580996038617,0.9165462137008822,0.861416294711902,0.7340640582138434,0.939931930051314,0.944562380594602,0.9377253379624282,0.9334927596276978,0.7413772464564756,0.6729161826930581,0.0,0.7983447668609216,0.935580996038617,0.8822836759018076,0.9399319300513138,0.9165462137008822,0.7108811209865675,0.8837215992432155,0.9470055188469617,0.9377253379624282,0.964170004482718,0.9686491338802947,0.9200817943852444,0.9355809960386168,0.8925262950745887,0.9001496633415411,0.9048830033154058,0.6728024328380214,0.9237321696604077,0.9470055188469617,0.9114262935403585,0.939931930051314,0.8822836759018076,0.6650665100051834,0.935580996038617,0.9355809960386168,0.8784875920032749,0.9495505106234363,0.8183237056412396,0.9294643302252341,0.9237321696604077,0.633066051072107,0.9314553797224701,0.6916999630046874,0.7009086870719643,0.935580996038617,0.935580996038617,0.9253852640835396,0.8096778557177702,0.8766017896141824,0.7768906158509867,0.6080695305520267,0.7657376387499226,0.7969703620943662,0.6782498726999725,0.9148167155454525,0.6555942111788522,0.935580996038617,0.8737979857661251,0.9422080421889416,0.9522137875062906,0.7858515963541475,0.9470055188469617,0.737623216373401,0.935580996038617,0.935580996038617,0.7150312619464239,0.935580996038617,0.7045068926851457,0.9218915803605507,0.8186510304280261,0.8724042835510755,0.9473606184418111,0.9031200523835077,0.7786097254081068,0.8105886236035884,0.935580996038617,0.8925262950745887,0.6702061818640839,0.9377253379624282,0.9892083965651993,0.9732643771185288,0.8957908230814808,0.8866210237012306,0.8955399645501796,0.7874358202450875,0.8213256187370719,0.935580996038617,0.6283035588984717,0.8955399645501796,0.9338358212159397,0.838631997222524,0.8293233915825582,0.8867793699144199,0.545883194144084,0.814627900626244,0.9942714459947756,0.9909513036624982,0.6864452677937642,0.9294643302252341,0.9495505106234363,0.912383881921348,0.8814579798418161,0.6555942111788522,0.9422080421889416,0.9334927596276978,0.8055898605391748,0.7318143872286753,0.8925262950745887,0.9368723982681522,0.9774873843362968,0.8925262950745887,0.9522137875062904,0.9774873843362967,0.8766017896141824,0.9562611207259676,0.5904019602833503,0.6379651977370269,0.9495505106234361,0.9218915803605507,0.921891580360551,0.8349959906025257,0.975500298406281,0.8075202219813375,0.9495873612601233,0.8377115596070294,0.9377253379624282,0.7520384639079738,0.8955399645501798,0.7060541100042215,0.7223587705753438,0.935580996038617,0.8627763408565621,0.6912719235150715,0.8769420384818086,0.9495505106234361,0.9565880742927937,0.9165462137008822,0.9559264230682056,0.935580996038617,0.7626436581009886,0.7537693866232711,0.9134648431298377,0.6681998826838405,0.746603099287516,0.6555942111788522,0.9422080421889416,0.6612497217083744,0.9753470256278476,0.8994121749609957,0.7491756278169293,0.9183006535947711,0.8010844489103162,0.9522137875062904,0.9183006535947711,0.9355809960386168,0.8710156683413512,0.9114262935403585,0.6003108700999928,0.8766017896141824,0.7598023745630527,0.9044988266272498,0.9334927596276978,0.6893945734654169,0.8239952590260258,0.8682526269766768,0.7344339818932566,0.7397950026088727,0.935580996038617,0.6954211266162023,0.8266608704208853,0.9017126880527937,0.935580996038617,0.767119518034727,0.975500298406281,0.9470055188469617,0.9183006535947711,0.9334927596276978,0.8051727407663849,0.7581991044312648,0.8696318695590659,0.9097625798212232,0.9197431633925509,0.9615686274509805,0.7627817270874746,0.935580996038617,0.9473606184418111,0.935580996038617,0.9470055188469617,0.8364863478408804,0.5556107989186664,0.9522137875062906,0.9451809453601021,0.9106089806914224,0.9928622252265638,0.9017126880527935,0.935580996038617,0.978220624633725,0.6635186800488497,0.8105886236035886,0.9430450953185581,0.8925262950745889,0.9422080421889416,0.9048830033154058,0.9409501284699298,0.9641813269710358,0.9589301224289053,0.7397950026088724,0.9641813269710358,0.9017126880527935,0.9422080421889416,0.8546597599343506,0.9641813269710358,0.9522137875062906,0.9952831447476325,0.787435820245088,0.8546597599343508,0.9334927596276981,0.9032901911357232,0.9165462137008822,0.7269691840010559,0.8925262950745887,0.9183006535947711,0.8685161746785046,0.7650658792801512,0.7557228183031451,0.921891580360551,0.7971709930294201,0.9017126880527937,0.9063742447456444,0.9004322524634262,0.8761794941163408,0.8837215992432157,0.9114262935403585,0.9377253379624282,0.939931930051314,0.9689170027827593,0.9267460465187531,0.5817303195106079,0.9081181966045127,0.9405448288498193,0.9422080421889416,0.944562380594602,0.9472483006084296,0.9451809453601021,0.9870824288396509,0.6079802361939541,0.9048830033154058,0.9131673577818815,0.9200817943852442,0.9032901911357232,0.9355809960386168,0.7018898527082712,0.8452894464098946,0.8895546908938257,0.8477162361577912,0.9082846715787802,0.944562380594602,0.8970640020677767,0.9508660665197832,0.9131105611405987,0.9722312205307765,0.9064920176718159,0.9338358212159394,0.9436784255811563,0.8234134759086209,0.9237321696604077,0.9286604261342954,0.9334927596276981,0.8799720457128384,0.8685202841019504,0.9399319300513138,0.9377253379624282,0.8025346438625727,0.9866030402791095,0.939931930051314,0.9929979934242448,0.786539678630662,0.8732592629042035,0.9314553797224698,0.9314553797224701,0.7114593349653437,0.9165462137008822,0.8766017896141824,0.939931930051314,0.6444956181839543,0.9165462137008822,0.944562380594602,0.7230233202417906,0.9148167155454523,0.9377253379624282,0.9495505106234361,0.8057570438652029,0.9470055188469617,0.8637752999394084,0.944562380594602
p254_E,0.7146058544749085,0.8426876493787232,0.6612963237243661,0.7782585364229855,0.8599690772916861,0.8820512005878685,0.9540505320925861,0.9933399912036907,0.6615477673968359,0.7872929989765255,0.8117511609963388,0.7573634207505047,0.8154768127415197,0.7574013541427946,0.8324299317930792,0.9587547784071375,0.908618127972046,0.7855342689816793,0.9876763021969063,0.8754775406461837,0.7281757285054695,0.857654049666025,0.9439765097751798,0.8453583632146175,0.802741085523923,0.569118849499551,0.8258996239394496,0.9073813420482949,0.9129474806881048,0.7968926386260486,0.6567650479145835,0.9115198389891034,0.8749255321740121,0.6907362520776151,0.9197758326677533,0.8691958391075139,0.8771251090843863,0.8210898379602247,0.7630301393628995,0.7813770585443964,0.6850605900757982,0.7416064247028271,0.9609220139321424,0.9673792846870116,0.8810452932945139,0.688267392946029,0.8517363824474664,0.5824649584974353,0.7813770585443967,0.6811616419810019,0.8454839127329439,0.5569310141040882,0.5921669524109355,0.9216220425909152,0.936649538077734,0.8219514518716458,0.9783345019146317,0.8409971458279799,0.7294659423025689,0.830814051878261,0.6439327783252402,0.6731644344191439,0.8226479815247854,0.9435191306168995,0.8631655385537385,0.5705773936249845,0.8573544191143381,0.7018189669933073,0.8439440141610781,0.8691958391075141,0.7535434026851853,0.7813770585443967,0.9496792103557865,0.3214607286407365,0.8409971458279799,0.6445850894057774,0.8072081079523785,0.8374992460005584,0.4171234091374608,0.8820512005878685,0.8792718189530244,0.8416935481796046,0.7691979825245205,0.8316304748044483,0.8409971458279799,0.7421654672992348,0.8324310788092018,0.7044170372528427,0.815860491830527,0.8358428353123903,0.8409971458279799,0.6612963237243661,0.6719126550105698,0.5383176402298661,0.9211207877775562,0.8254764358050073,0.654590274129039,0.6479136108741672,0.34073215526189493,0.41167081461322086,0.777270580430792,0.8517363824474662,0.8409971458279797,0.7832572902531019,0.6842791344030867,0.8691958391075136,0.7094454995691724,0.40899176451076735,0.7273493261654524,0.36356103726292244,0.6115557384748422,0.9524980578015336,0.6173527374380905,0.7351039461027209,0.8517363824474664,0.47161635081840236,0.8953105781868513,0.772984514153536,0.882051200587868,0.5198057530885039,0.9101489484576872,0.7841340204773557,0.802741085523923,0.8494345263887615,0.8085823718930643,0.6201524577403472,0.8462899393398311,0.946011459898662,0.9898169887145654,0.9732374192970299,0.5443559169361079,0.8836034327136275,0.8573544191143381,0.9602071727235838,0.8258996239394496,0.6669698581414543,0.68584031529022,0.8573544191143379,0.8903723822424181,0.8590971573470971,0.6346907780935441,0.8754775406461834,0.6102662104651178,0.717766819364472,0.808437846136772,0.5500370536913357,0.839077566034719,0.4298657186965279,0.6968748369723712,0.35478565854065947,0.8754775406461834,0.7703513735781393,0.9024282313589727,0.9366886925156295,0.8903723822424177,0.6061360361926782,0.738451963169837,0.7888546557993914,0.8663147522889196,0.6730117199765857,0.9022986540547646,0.8836034327136277,0.8178539505669791,0.610014041147703,0.7291792693085828,0.7384325449374187,0.7018044541508903,0.753982867553425,0.8994175298842655,0.659452903948115,0.9034016301041312,0.8358428353123899,0.731239833719822,0.7240035522819324,0.8393918239882854,0.8785897937691438,0.9407597684553037,0.966560698767458,0.9329100074071468,0.7084343894908185,0.8795162524974804,0.8966915180995032,0.9113131947533517,0.7573634207505043,0.8702390359716825,0.5705513940574716,0.6051449722711646,0.5035332177181259,0.9479335069949791,0.7824210690195703,0.8015055770268694,0.8924960637640126,0.6411819402082435,0.47509566007594484,0.868452639985007,0.8409971458279799,0.8761935329591726,0.9439464737536059,0.8081184731401809,0.6333866193876854,0.7633543962678313,0.7573634207505044,0.8409971458279799,0.6180509423913816,0.4108034248350987,0.7872929989765257,0.8409971458279799,0.8240061377491248,0.6617327436861986,0.7328842347650741,0.8804928416808988,0.7203106751245749,0.8358428353123895,0.8409971458279799,0.8996953678171673,0.84099714582798,0.46807854720867625,0.5632455771577418,0.6064471080140204,0.8409971458279799,0.5943047645761182,0.8409971458279799,0.7135789723358656,0.7623286198180391,0.7384325449374185,0.6267357916702168,0.8517363824474662,0.3307303709463134,0.8873802628159335,0.8954325954704268,0.6883324749111588,0.8142732420194787,0.7363347134750025,0.7861655139168744,0.8573544191143381,0.8918274225086792,0.737556084128866,0.9245475063662867,0.8480899445050982,0.8758922081686452,0.5254494481064589,0.815653525252632,0.6412624912620799,0.972229579222442,0.8409971458279799,0.7582005832105199,0.8409971458279799,0.6766027033673332,0.734726947317814,0.8124659496048643,0.9185956778854971,0.3050727096981354,0.8761935329591726,0.7101481475669067,0.8027410855239228,0.6812036626507667,0.8374992460005586,0.5006928023586067,0.8614601651570806,0.6133378382829453,0.9540278115221594,0.44544778635486193,0.8358428353123903,0.9661023720508124,0.6908736533879782,0.7630301393628995,0.6764258400855045,0.7569241842656607,0.9069075201326622,0.7511577368681706,0.6233818356708833,0.7794479864767844,0.6291449294817192,0.6153867275935885,0.5018460422615805,0.8691958391075136,0.31028975222917055,0.7486863934618072,0.8178539505669791,0.831869167601009,0.8691958391075136,0.8356351330045241,0.41896764941255493,0.8974778163860966,0.7158472289249287,0.7782585364229853,0.8517363824474662,0.7459271882241432,0.1889337082290159,0.8308140518782612,0.8517363824474662,0.8517363824474662,0.38231408185908944,0.8691958391075141,0.43012536638720167,0.791955583937608,0.6412624912620808,0.8842507929983178,0.940759768455304,0.8409971458279795,0.8267464589342426,0.8308140518782616,0.8573544191143383,0.29952612201334494,0.8051553388590363,0.8517363824474662,0.7813770585443973,0.7106112792625799,0.4348616606394242,0.7086647544259367,0.6515403068753753,0.6852419602470139,0.9032981024055937,0.8143533974521722,0.6766090222020957,0.9129474806881046,0.8569655566306015,0.9878873607719469,0.9068804909950687,0.7201398703632286,0.7351039461027213,0.9251942656894035,0.8409971458279799,0.7464300233487045,0.9069224002316647,0.7855342689816798,0.8691958391075136,0.9995853501168295,0.8939562273034045,0.8409971458279799,0.802741085523923,0.7372025494796415,0.9214866072600054,0.7201512018811544,0.6978667212501515,0.7940143529543535,0.7794479864767846,0.4080980261516496,0.46447069199453184,0.802741085523923,0.8558959967570533,0.5294940353763886,0.7658590143585962,0.7108554149239821,0.5672476733843428,0.6573945269440624,0.7371682702112096,0.9214866072600054,0.3345173931072358,0.7660463510705084,0.29658475227615444,0.8258996239394496,0.8358428353123903,0.9183456930108493,0.6412624912620801,0.2798104720006376,0.30078067056543834,0.43262022180800397,0.8409971458279799,0.5584124040100754,0.7406028337677166,0.7700738017372333,0.99921868323424,0.8622328790603682,0.49449521303127486,0.8409971458279799,0.8409971458279799,0.6515054365825247,0.5371909924298954,0.587523952218294,0.84099714582798,0.8754775406461837,0.8409971458279797,0.7574013541427947,0.6782175513672177,0.4236618718832681,0.8409971458279795,0.761295041986856,0.8324310788092018,0.4748886472920617,0.3997156907886332,0.8409971458279799,0.6280225851066681,0.7384325449374187,0.30089916709433995,0.31790432617796627,0.7824210690195703,0.6214497970775728,0.8517363824474662,0.2331642503477579,0.8409971458279799,0.37843782737766096,0.8085823718930643,0.8274308508287859,0.7748072827620487,0.7220176842363972,0.47142604973395175,0.8210898379602247,0.8409971458279799,0.7347026364410045,0.8210450698387737,0.8409971458279799,0.9936813393467108,0.6759538650441368,0.7103562824590046,0.421779571659191,0.20896714559915708,0.8409971458279799,0.895264959330162,0.6028807665813773,0.9317900942184543,0.7592972525437243,0.6310929953429181,0.7258992487412965,0.5152552115490519,0.6748132219968508,0.8517363824474664,0.7025130319556001,0.5892233095737327,0.8468886811656742,0.46630214598066155,0.7253532744962534,0.5951375877617062,0.9925204240799326,0.8573544191143379,0.8085823718930643,0.8409971458279799,0.9049778037814089,0.8318691676010088,0.554494972597259,0.9050199039572437,0.8172393160370477,0.830814051878261,0.7695620878657334,0.9995342119373934,0.8590971573470971,0.9147435010132181,0.8409971458279797,0.8163761849746591,0.621427115686513,0.6989031042017522,0.8087664788274316,0.43351408242065026,0.8247629390184472,0.9742449713990431,0.895432595470427,0.5887599355530656,0.8828770205228482,0.9129474806881048,0.7220234421340148,0.868027329491152,0.7928047305832933,0.7897455017444921,0.8828770205228484,0.7482964450200686,0.8836034327136277,0.9873571423805314,0.9262885612474925,0.9808343318191517,0.9370519386301066,0.6774083432561511,0.8792718189530243,0.5711341685927277,0.5124551502057031,0.6087298625746697,0.7740408936583916,0.9913366320046424,0.7325569552802539,0.7069532577530713,0.867169364813769,0.7530332924057612,0.871160638318051,0.44213555379863934,0.8277756489445849,0.5497795209307501,0.6338353043426339,0.7541959895434909,0.7143743705152832,0.8517363824474662,0.9281528687597851,0.6016143296171039,0.9013136823555581,0.884175175689033,0.940759768455304,0.6715367306175302,0.5167761334073456,0.9661023720508124,0.8368175763302759,0.8534724586169817,0.8258996239394498,0.8785018758610237,0.8087664788274309,0.765226516662888,0.45395821763815514,0.7273922554232584,0.8358428353123899,0.8358428353123897,0.5095871268581582,0.7987579908947846,0.8534724586169817,0.6133378382829453,0.8409971458279799,0.8631655385537391,0.8409971458279799,0.8409971458279799,0.26720719416587346,0.9832076187676911,0.7459271882241427,0.8409971458279799,0.5168886903019361,0.38528401368190035,0.7931340739948454,0.763261771835368,0.6435686109058718,0.45709018403854085,0.8587903863021051,0.8639512200182514,0.3599819523787974,0.9097316909708405,0.988281435105238,0.9317900942184545,0.5416675649473093,0.6686208403747382,0.6876849383630317,0.765226516662888,0.9287612263877985,0.8015055770268694,0.7366715643246506,0.8974778163860964,0.7085551729432591,0.8517363824474664,0.7405744975743296,0.7640013874816272,0.9537723274879304,0.8711606383180506,0.4906131290736956,0.7824210690195701,0.49945438375049844,0.7890319615486798,0.8311373788634508,0.8614601651570806,0.8576540496660254,0.8462899393398311,0.8081237787468414,0.3559035341776623,0.5260402453552873,0.8903723822424183,0.6941644765597204,0.9259448639627613,0.7028114149460978,0.6545902741290399,0.8358428353123895,0.3265549546315396,0.7691979825245205,0.9214866072600052,0.392238813023296,0.5713259585920192,0.5643244157296807,0.3976442003669738,0.8072081079523783,0.6894698776645516,0.8842995672086337,0.8409971458279799,0.8573544191143379,0.730288285541151,0.7403555665395524,0.6374001185316078,0.8648932709089197,0.9439464737536059,0.8777142719909745,0.47142604973395175,0.8226167240132978,0.1990288960471388,0.8754775406461839,0.36669849872218574,0.9662396710216574,0.525850335448999,0.830814051878261,0.955679073494692,0.7521146973942798,0.8710102428975535,0.7940143529543535,0.6598909006983604,0.8338593739636188,0.4071297961590452,0.34293510206625555,0.745927188224143,0.5395066975680658,0.565574528605792,0.7423959272364422,0.8754775406461837,0.876937336309811,0.876193532959173,0.671686806570428,0.8110759016143857,0.657115273467145,0.8358428353123903,0.4003265763931354,0.5022624434389149,0.9214866072600054,0.6242640869325957,0.8614601651570806,0.7620589941812752,0.7777865574945615,0.8131779054221262,0.9582579014471393,0.7866342364933521,0.8757418277372286,0.8527036381295098,0.8117511609963379,0.8735902047325348,0.8573544191143379,0.8820512005878685,0.8409971458279799,0.8919278805412743,0.5932964640897977,0.47454639436839907,0.7497192760284941,0.84099714582798,0.7057137243422351,0.4901206078251994,0.6439327783252411,0.7574013541427946,0.6989031042017515,0.677734874581732,0.4547618927403172,0.9335277417553081,0.7952255655305933,0.9768114359160631,0.6317939088179356,0.7559671393517235,0.8631655385537389,0.6954211266162031,0.9783345019146317,0.9154704829797891,0.734726947317814,0.921486607260005,0.8085269253532237,0.8308140518782616,0.8820512005878685,0.8163761849746594,0.7996110161512187,0.8409971458279795,0.6148253936985089,0.6379453701826281,0.772984514153537,0.8300656996036528,0.7892243583384507,0.4417450096952451,0.32540011527454105,0.8358428353123903,0.8573544191143383,0.8258996239394496,0.8358428353123903,0.8358428353123903,0.9321662062340057,0.8409971458279799,0.7329350212200354,0.9991195318168764,0.8409971458279799,0.7940143529543533,0.6579393761544188,0.9407597684553035,0.8517363824474664,0.759399405290323,0.6911825144918422,0.8648995313078978,0.4776761522379902,0.42024333070873343,0.7983447668609216,0.0,0.8409971458279799,0.7094454995691724,0.8517363824474662,0.7940143529543535,0.4099975079317333,0.7497446740337976,0.8691958391075136,0.8462899393398313,0.6778851589748602,0.8515412006718763,0.852205252714515,0.8409971458279797,0.9537683770713528,0.7535434026851853,0.8722651158152075,0.8132173537193124,0.9147435010132181,0.940759768455304,0.7813770585443967,0.8517363824474664,0.7276601851075442,0.4025711790506715,0.8409971458279799,0.9307072788920796,0.6625758084077162,0.7498230589346044,0.5326393182530007,0.8258996239394496,0.8117511609963388,0.4382813374912071,0.830814051878261,0.5606381232182347,0.27460541857787824,0.8409971458279799,0.8409971458279799,0.9815458852738921,0.6585468813254622,0.6954211266162027,0.5997632002720794,0.46700226454513427,0.6703392622836168,0.4988700550561185,0.244589045260163,0.7897455017444921,0.371782316876903,0.8409971458279799,0.9835859748819014,0.8573544191143379,0.7630301393628995,0.47142604973395175,0.8691958391075136,0.44594628177231055,0.8409971458279799,0.8409971458279799,0.30945047274901294,0.8409971458279797,0.28348062316481626,0.8072081079523785,0.5523835826399268,0.6850605900757982,0.9493218190757751,0.753982867553425,0.32181253139869337,0.5324834659391144,0.84099714582798,0.734726947317814,0.24631439511356723,0.8462899393398311,0.8803304081752213,0.9797939148522412,0.8805320370876265,0.9072824184010293,0.742165467299235,0.8453583632146177,0.5732545571706611,0.8409971458279799,0.28164336092653297,0.9212072092375985,0.45341094145386274,0.6316646917677613,0.5932964640897973,0.8415747777725088,0.7244770666926554,0.5986493360552927,0.8280239609550393,0.7629404543357097,0.4509347672362003,0.7880806905751003,0.8754775406461837,0.9868303592248946,0.8777266806272173,0.2804259890167252,0.8454839127329439,0.8358428353123903,0.5839014421702764,0.8652824480423815,0.8515412006718763,0.8344508715006544,0.9602071727235838,0.7541959895434911,0.841900952707173,0.8813363593793099,0.6954211266162027,0.9856718897578967,0.7178316609677988,0.9496792103557866,0.8754775406461834,0.857654049666025,0.6883324749111572,0.5418423675333279,0.848007685067119,0.8154768127415198,0.9099633194832351,0.7992119867215136,0.8761935329591726,0.736999871234205,0.9411007361196388,0.6813054597680244,0.7051022101957458,0.8409971458279799,0.6612963237243661,0.9008039012040461,0.5265294482686217,0.7872929989765255,0.7650388283804616,0.6338353043426349,0.5914796014929071,0.8409971458279799,0.34157426920772205,0.3922388130232961,0.9437500733067653,0.2069715730474203,0.2683709050217985,0.2412732770766488,0.8903723822424177,0.527898237377821,0.9893682857817949,0.9203366542151102,0.3938372182962264,0.7983447668609212,0.5090246912010619,0.8820512005878685,0.8468886811656742,0.8409971458279795,0.9211318427318007,0.872115859324089,0.4065627434217387,0.9597977186355302,0.4331735967524568,0.9496792103557866,0.8358428353123903,0.44351298851945575,0.5655745286057925,0.674813221996851,0.3650386359373392,0.3577463991865799,0.8409971458279799,0.286779917083677,0.572153950730206,0.7574013541427946,0.8409971458279799,0.3328117620796279,0.955679073494692,0.8691958391075136,0.8226167240132982,0.864899531307898,0.5466780339112192,0.9378884960817073,0.9160389017602499,0.8666323233124986,0.9151196997776567,0.8468886811656746,0.4275345169607596,0.8409971458279799,0.8745681768725879,0.8409971458279799,0.772984514153536,0.7064201878666303,0.6831187212283525,0.7630301393628995,0.7316270859297896,0.794884113844774,0.670746848158839,0.7782585364229857,0.8409971458279799,0.6547129895714754,0.5461357679932124,0.7274854118291365,0.82944967615428,0.7347269473178137,0.8573544191143383,0.7652265166628875,0.5626720929662927,0.9155256014445621,0.4916950074966232,0.3577463991865799,0.9155256014445621,0.7782585364229857,0.8573544191143381,0.6412624912620806,0.9155256014445621,0.7630301393628995,0.9238228864499862,0.907028702703728,0.6571371056193329,0.8358428353123895,0.6049241470317207,0.8178539505669788,0.7469158454104652,0.734726947317814,0.8375758758534327,0.6523407787245593,0.7876136377520642,0.9026469007280427,0.7640013874816279,0.8591625118331276,0.7574013541427949,0.6919538802997749,0.5690947145119625,0.9504595486346816,0.7129946683129409,0.8267464589342428,0.8145231934700623,0.8517363824474664,0.7483849704952856,0.901114921316257,0.9273080685693209,0.7732118150241385,0.7039706971512214,0.8573544191143379,0.8631655385537391,0.9285882148681917,0.5797042806767574,0.7136367555721699,0.9808877898837196,0.765226516662888,0.8305082939221753,0.926401503500403,0.6260501740644348,0.8409971458279797,0.7959879917978637,0.7560224182070749,0.7273922554232584,0.5651069958326091,0.987536324227023,0.8631655385537385,0.8666421653023371,0.9026825592731542,0.569118849499551,0.8810452932945139,0.7909012404178117,0.8918274225086791,0.9241909597845804,0.9934374588112995,0.811751160996339,0.9100602976375618,0.9230129232989122,0.7999498648543799,0.8390199931639426,0.8517363824474662,0.8771251090843863,0.5094116844674319,0.5883894202886771,0.9154704829797893,0.9249046969130451,0.5165208536188213,0.8647305584603608,0.8873802628159337,0.887380262815934,0.4672425728959294,0.8178539505669788,0.6954211266162029,0.8836034327136277,0.5420429498761439,0.7940143529543535,0.8631655385537389,0.5909471670789362,0.9772047311655645,0.8771251090843861,0.7872929989765255,0.8190006205913208,0.8087664788274309,0.9973416471930863,0.8631655385537389
p254_P,0.7524297972473161,0.9413411539914585,0.8918007079504506,0.9225015741707872,0.9492063492063487,0.9623211158059548,0.7050163519970581,0.7509151724713103,0.9038142386822647,0.960221152322577,0.9398636845831869,0.9475597985845114,0.9475597985845114,0.9225015741707872,0.9106019687464653,0.5567710364845595,0.944383427890573,0.9314886672615048,0.9582144552981327,0.960221152322577,0.8875255844205965,0.938412400887346,0.935580996038617,0.9508971383859763,0.9369854052620163,0.9314886672615046,0.944383427890573,0.916441965519317,0.960221152322577,0.7739436107925906,0.9250013316406693,0.9544316996038,0.9428469360414609,0.9188361382271659,0.9492063492063489,0.9582144552981327,0.9508971383859763,0.9428469360414602,0.9623211158059548,0.930160641445072,0.8993922310882436,0.932833950574053,0.9623211158059548,0.912915131908919,0.9443834278905732,0.8474513194974065,0.9526370111116405,0.9004911494084333,0.930160641445072,0.8918007079504506,0.9544316996038,0.8495864161552136,0.9314886672615046,0.13408370177867746,0.9428469360414604,0.9288488221297497,0.9288488221297497,0.0,0.7383793872014479,0.9459533477380775,0.9060540201833016,0.831146423199498,0.931488667261505,0.8993922310882436,0.9562880686171875,0.8244397822834253,0.9544316996038,0.6473831763250288,0.7698078233874499,0.9582144552981327,0.92126914699118,0.9301606414450723,0.9492063492063487,0.8266892096935958,0.0,0.8864622842804517,0.938412400887346,0.9398636845831867,0.8233095582802461,0.9623211158059548,0.9398636845831869,0.9341976401680094,0.31108550994831163,0.9314886672615048,0.0,0.9176344520056336,0.938412400887346,0.8046479448175341,0.8939536575643376,0.03139863267861631,0.0,0.8918007079504506,0.831146423199498,0.8548949080074899,0.31108550994831163,0.48955645159511163,0.8896584524348263,0.8875255844205965,0.8198957816506434,0.8187498553347687,0.9288488221297497,0.9526370111116405,0.9492063492063489,0.8580633769736241,0.6072669396673074,0.9582144552981327,0.907182019415572,0.7973204052495684,0.9369854052620166,0.8289245259008584,0.8759110188590657,0.9328339505740528,0.8070467719220202,0.9094556823349389,0.9526370111116405,0.7833099084134079,0.9413411539914585,0.9582144552981327,0.9623211158059548,0.8580633769736241,0.9129151319089193,0.885400876353422,0.9369854052620166,0.9250013316406696,0.931488667261505,0.7554264789789613,0.9508971383859763,0.6339927913026551,0.9475597985845114,0.9152582079543838,0.8727631680356085,0.9526370111116405,0.9544316996038,0.9623211158059548,0.944383427890573,0.8453085223330421,0.879064442044788,0.9544316996038003,0.9544316996038,0.06018876900101988,0.8046479448175343,0.960221152322577,0.8244397822834253,0.8717146038820363,0.8875255844205967,0.9106019687464659,0.892875760974867,0.8420784215528956,0.9301606414450723,0.7583810530554915,0.9602211523225768,0.9060540201833014,0.8559522762859688,0.8811713725919912,0.9544316996038,0.9301606414450725,0.8950345750758599,0.9140827360776209,0.8938851835250172,0.5567710364845593,0.7367566674079002,0.9526370111116407,0.9341976401680094,0.7431708752992887,0.8972062142375332,0.9164419655193166,0.8612222667022558,0.8993922310882436,0.9262700211315917,0.8453085223330423,0.9225015741707872,0.9475597985845114,0.9288488221297495,0.6783615558233287,0.8538362113124116,0.8780124908814328,0.9582144552981327,0.6072669396673073,0.9200475251844384,0.5526275082095409,0.9117550006367756,0.8885909234541711,0.9288488221297497,0.9475597985845114,0.6394614409405057,0.8538362113124116,0.8580633769736241,0.9015943008452869,0.13408370177867734,0.9237454173815312,0.9459533477380775,0.903814238682265,0.8221755430097122,0.7897778653703145,0.9060540201833014,0.0,0.9508971383859763,0.9459533477380777,0.4895564515951115,0.8355526955775656,0.8918007079504506,0.9475597985845114,0.0,0.8685695845092951,0.7897778653703145,0.960221152322577,0.0,0.6951973979147161,0.9152582079543841,0.8864622842804517,0.6447787703816181,0.9049315186013059,0.9475597985845114,0.0,0.6473831763250286,0.0,0.8117838598171898,0.8388272306091986,0.8355526955775657,0.0,0.6339927913026551,0.0,0.7050163519970583,0.9071820194155717,0.9164419655193166,0.8759110188590655,0.9526370111116407,0.7711949776746383,0.06018876900101888,0.935580996038617,0.9384124008873462,0.9060540201833014,0.7554264789789611,0.9188361382271666,0.9544316996038,0.4951319232791844,0.8907283270583697,0.9027019168030599,0.897206214237533,0.9152582079543838,0.9152582079543838,0.944383427890573,0.885400876353422,0.9459533477380777,0.0,0.9027019168030597,0.0,0.7334713952978886,0.9152582079543841,0.9544316996038,0.9275522446953854,0.7711949776746383,0.9508971383859763,0.9140827360776205,0.9369854052620161,0.892875760974867,0.9398636845831869,0.8612222667022562,0.9526370111116405,0.8717146038820363,0.8717146038820349,0.8442340263447974,0.03139863267861631,0.9562880686171873,0.8289245259008584,0.9623211158059548,0.8333555867103808,0.8333555867103808,0.24376003609304187,0.8706662210952574,0.8748612665230131,0.9544316996038003,0.848519788337875,0.7973204052495684,0.7780046509581313,0.9582144552981327,0.8289245259008584,0.9140827360776214,0.9341976401680094,0.9015943008452874,0.9582144552981327,0.8517144868263773,0.8141237078825918,0.9562880686171873,0.8982973238138026,0.9225015741707867,0.9526370111116407,0.9188361382271666,0.8070467719220202,0.9459533477380775,0.9526370111116405,0.9526370111116407,0.7985559379258667,0.9582144552981327,0.7985559379258667,0.6499526646778642,0.885400876353422,0.8442340263447972,0.9582144552981327,0.9492063492063487,0.930160641445072,0.9459533477380777,0.9544316996038003,0.8022278398026612,0.8982973238138026,0.9526370111116405,0.9301606414450723,0.9164419655193172,0.7250134267509765,0.9094556823349389,0.8843412180810755,0.6848496741376313,0.7923174570100686,0.6911250629978627,0.8727631680356077,0.9602211523225768,0.903814238682265,0.9602211523225768,0.9188361382271668,0.9152582079543841,0.9094556823349389,0.9526370111116405,0.0,0.9544316996038,0.9027019168030597,0.931488667261505,0.9582144552981327,0.9562880686171873,0.9475597985845114,0.0,0.9369854052620163,0.9582144552981327,0.9623211158059548,0.9106019687464655,0.823309558280246,0.9341976401680094,0.9544316996038003,0.8333555867103808,0.8289245259008584,0.9369854052620166,0.9428469360414611,0.8409971458279799,0.9526370111116405,0.9188361382271659,0.8117838598171898,0.9413411539914587,0.9106019687464657,0.9623211158059548,0.7655931084723666,0.9188361382271666,0.7780046509581313,0.944383427890573,0.03139863267861631,0.92126914699118,0.885400876353422,0.8070467719220202,0.8082384637825222,0.8187498553347687,0.0,0.8538362113124116,0.9176344520056336,0.9200475251844387,0.9176344520056336,0.9602211523225768,0.8453085223330421,0.0,0.0,0.930160641445072,0.903814238682265,0.8591172857456586,0.0,0.9602211523225768,0.9492063492063489,0.922501574170787,0.8972062142375332,0.7897778653703145,0.9492063492063489,0.9237454173815309,0.938412400887346,0.8322525541058978,0.9634411459729271,0.0,0.8811713725919912,0.9164419655193168,0.7766590274917047,0.9952327064015152,0.9237454173815312,0.8704033497109469,0.9526370111116405,0.7960789049353036,0.0,0.7973204052495684,0.9314886672615053,0.8591172857456586,0.8300371089395653,0.9508971383859763,0.831146423199498,0.9428469360414606,0.0,0.8961186971729789,0.7399891659895361,0.0,0.9237454173815309,0.7948313236856197,0.8420784215528956,0.8152867967569688,0.8022278398026612,0.0,0.7698078233874488,0.8559522762859684,0.9562880686171873,0.6574604645689301,0.7250134267509767,0.907182019415572,0.908315805590151,0.8961186971729789,0.9526370111116405,0.8982973238138026,0.8864622842804517,0.935580996038617,0.8527760996057683,0.8738120195914167,0.8706662210952574,0.21151139151266862,0.9544316996038,0.9314886672615055,0.0,0.9582144552981327,0.9015943008452869,0.8129560940834346,0.9398636845831869,0.9275522446953854,0.06018876900102055,0.7478523304650295,0.9508971383859763,0.06018876900102055,0.9398636845831869,0.9492063492063489,0.9413411539914582,0.879064442044788,0.903814238682265,0.9582144552981327,0.8463809254714867,0.9602211523225768,0.9413411539914582,0.935580996038617,0.801009545737682,0.938412400887346,0.9602211523225768,0.7997856146881548,0.9164419655193166,0.5305546844946969,0.24376003609304187,0.938412400887346,0.9027019168030597,0.9526370111116405,0.9188361382271666,0.8993922310882436,0.8769613888066743,0.9341976401680094,0.8993922310882436,0.9398636845831869,0.9250013316406693,0.6827113291147924,0.7725735218970409,0.9049315186013058,0.9443834278905732,0.8141237078825918,0.8907283270583697,0.9225015741707872,0.9341976401680094,0.21151139151266984,0.8175997772209664,0.9398636845831869,0.8517144868263774,0.9341976401680094,0.9152582079543841,0.7539334992316542,0.9526370111116405,0.8453085223330421,0.7143607147557585,0.9176344520056336,0.8993922310882432,0.9582144552981327,0.7301312695908229,0.8918007079504506,0.9562880686171875,0.9164419655193166,0.944383427890573,0.944383427890573,0.9544316996038003,0.9582144552981327,0.9250013316406696,0.8255663034700989,0.9129151319089186,0.9475597985845114,0.9475597985845114,0.7125274559321444,0.9071820194155717,0.08671734220308636,0.8717146038820361,0.0,0.9562880686171873,0.0,0.0,0.8187498553347687,0.2115113915126693,0.9188361382271664,0.0,0.7334713952978882,0.8377384241745145,0.4006068367505189,0.8527760996057685,0.8811713725919912,0.8058499662916012,0.903814238682265,0.47795836130872293,0.8399134433261015,0.9428469360414604,0.8864622842804515,0.4408515443948542,0.9176344520056336,0.7711949776746385,0.6473831763250284,0.9250013316406696,0.9428469360414602,0.9459533477380775,0.7846176027958278,0.9562880686171873,0.8961186971729789,0.9526370111116405,0.9004911494084331,0.938412400887346,0.9328339505740528,0.935580996038617,0.848519788337875,0.9237454173815312,0.9060540201833016,0.9355809960386168,0.7223272158432528,0.9526370111116405,0.17526171623055564,0.9508971383859763,0.9140827360776205,0.8570084033315839,0.8399134433261015,0.4654487838138114,0.8570084033315841,0.5711669571562623,0.77934241058442,0.8896584524348263,0.9475597985845114,0.7766590274917051,0.9262700211315917,0.9623211158059548,0.8058499662916013,0.8463809254714865,0.7876282222528316,0.8034406041869142,0.938412400887346,0.9071820194155717,0.8822265994777512,0.0,0.9544316996038,0.9164419655193174,0.9492063492063487,0.8612222667022558,0.938412400887346,0.9459533477380777,0.9262700211315917,0.831146423199498,0.9355809960386168,0.8046479448175343,0.9602211523225772,0.7935775465776653,0.9398636845831869,0.8664724446651941,0.06018876900102055,0.9428469360414602,0.7143607147557588,0.9152582079543841,0.9341976401680094,0.7806724477786732,0.880117361849238,0.7318083230664854,0.8633240709217587,0.9188361382271666,0.6991852245234744,0.8612222667022558,0.9250013316406696,0.960221152322577,0.9369854052620166,0.9508971383859763,0.8388272306091986,0.9027019168030597,0.525843532183836,0.03139863267861631,0.7960789049353036,0.8409971458279799,0.9623211158059548,0.8790644420447877,0.9526370111116405,0.9176344520056336,0.9164419655193168,0.932833950574053,0.9015943008452869,0.9250013316406696,0.9369854052620166,0.500567215157067,0.9398636845831867,0.9475597985845112,0.9544316996038,0.9623211158059548,0.0,0.9188361382271668,0.8654234385275936,0.8070467719220202,0.9200475251844384,0.0,0.8832831707913575,0.8244397822834253,0.9060540201833016,0.34458474155865637,0.9038142386822647,0.8918007079504506,0.8811713725919912,0.7859181167692968,0.9275522446953854,0.9060540201833014,0.6598989712921809,0.8907283270583697,0.9562880686171873,0.9027019168030597,0.9288488221297497,0.9526370111116405,0.9152582079543841,0.9623211158059548,0.9275522446953854,0.9459533477380777,0.9623211158059548,0.9413411539914587,0.9288488221297497,0.9492063492063487,0.6783615558233285,0.8843412180810755,0.9582144552981327,0.9492063492063489,0.9384124008873462,0.7806724477786728,0.8022278398026612,0.03139863267861631,0.9544316996038003,0.08671734220308558,0.03139863267861631,0.03139863267861631,0.3741839079094693,0.0,0.944383427890573,0.4527606561376478,0.0,0.9341976401680094,0.535161772248302,0.9582144552981327,0.9526370111116405,0.9562880686171873,0.9508971383859763,0.03139863267861631,0.7960789049353036,0.8580633769736241,0.935580996038617,0.8409971458279799,0.0,0.9071820194155722,0.9526370111116405,0.9341976401680094,0.7935775465776653,0.9083158055901508,0.9582144552981327,0.9508971383859763,0.9369854052620166,0.9152582079543841,0.6284764518573093,0.9492063492063487,0.4006068367505189,0.92126914699118,0.9250013316406696,0.6848496741376318,0.9398636845831869,0.9582144552981327,0.930160641445072,0.9526370111116405,0.9071820194155722,0.8420784215528954,0.0,0.9492063492063487,0.8822265994777507,0.960221152322577,0.8377384241745145,0.944383427890573,0.9398636845831869,0.8244397822834253,0.06018876900102055,0.7569089328329721,0.7846176027958276,0.0,0.0,0.40880739824839063,0.6991852245234742,0.9027019168030597,0.8058499662916013,0.8453085223330421,0.8152867967569688,0.8399134433261015,0.7997856146881548,0.9328339505740528,0.8129560940834346,0.0,0.9004911494084331,0.9544316996038,0.9623211158059548,0.831146423199498,0.9582144552981327,0.831146423199498,0.0,0.0,0.7739436107925914,0.9492063492063487,0.7819949015164562,0.938412400887346,0.8570084033315841,0.8993922310882436,0.6856702229525599,0.8993922310882436,0.8344556057285131,0.8506512873935228,0.0,0.9152582079543841,0.8175997772209664,0.9508971383859763,0.9582144552981327,0.5526275082095407,0.7351207557283752,0.43182584581086747,0.9176344520056336,0.9508971383859763,0.8591172857456586,0.0,0.8266892096935958,0.9176344520056336,0.8993922310882436,0.8727631680356078,0.8654234385275936,0.9413411539914582,0.9049315186013054,0.8538362113124116,0.9562880686171875,0.8685695845092949,0.862273520033598,0.9443834278905732,0.9602211523225768,0.9225015741707872,0.2586095064370061,0.8129560940834346,0.9544316996038,0.03139863267861631,0.8759110188590655,0.9288488221297497,0.9152582079543841,0.92126914699118,0.9623211158059548,0.9152582079543841,0.9623211158059548,0.9623211158059548,0.9027019168030597,0.3647019568709454,0.8961186971729789,0.9492063492063487,0.9602211523225768,0.938412400887346,0.938412400887346,0.8322525541058978,0.9428469360414611,0.9475597985845114,0.9288488221297497,0.5210240199989242,0.9508971383859761,0.7684119013812074,0.3833143586062788,0.7125274559321442,0.7447432793600621,0.0,0.8918007079504506,0.9492063492063489,0.758381053055492,0.960221152322577,0.9328339505740528,0.9341976401680097,0.855952276285969,0.0,0.7399891659895361,0.8058499662916012,0.9341976401680094,0.8058499662916012,0.8266892096935958,0.8129560940834346,0.9544316996038,0.7143607147557588,0.6716454483484393,0.8058499662916012,0.7431708752992889,0.9355809960386166,0.6761489807685291,0.9623211158059548,0.9355809960386168,0.9492063492063489,0.8982973238138026,0.930160641445072,0.8388272306091984,0.4779583613087228,0.8106069085572598,0.9492063492063489,0.03139863267861631,0.8420784215528954,0.861222266702256,0.5110414539348817,0.7766590274917051,0.7524297972473162,0.0,0.9856724533720749,0.8633240709217587,0.9225015741707872,0.0,0.8399134433261015,0.9428469360414604,0.9582144552981327,0.2115113915126694,0.03139863267861631,0.9114861522954751,0.9314886672615051,0.897206214237533,0.9288488221297497,0.9083158055901508,0.9355809960386172,0.8129560940834346,0.0,0.9275522446953854,0.0,0.9582144552981327,0.8333555867103808,0.8843412180810759,0.9623211158059548,0.9262700211315917,0.8022278398026612,0.904931518601306,0.9225015741707869,0.0,0.8322525541058978,0.8210376473859937,0.8506512873935228,0.9250013316406696,0.40060683675051967,0.9544316996038003,0.3227392978460525,0.9237454173815312,0.392115299153029,0.8928757609748668,0.7948313236856197,0.392115299153029,0.9225015741707872,0.9544316996038003,0.885400876353422,0.392115299153029,0.9623211158059548,0.931488667261505,0.9508971383859763,0.885400876353422,0.9475597985845114,0.9237454173815312,0.9341976401680094,0.8918007079504506,0.9152582079543841,0.9355809960386168,0.9140827360776211,0.930160641445072,0.9475597985845114,0.9384124008873462,0.7301312695908225,0.9225015741707872,0.9015943008452869,0.8333555867103808,0.42440193597169273,0.9083158055901508,0.930160641445072,0.9508971383859763,0.9526370111116405,0.9015943008452867,0.8939536575643379,0.9275522446953854,0.9275522446953854,0.9004911494084333,0.9544316996038,0.9562880686171873,0.5974763156586966,0.9262700211315922,0.8664724446651935,0.9176344520056336,0.9250013316406696,0.6549904556417999,0.9369854052620166,0.9237454173815312,0.9492063492063487,0.8366469404145511,0.8780124908814328,0.9129151319089186,0.9004911494084333,0.6623067578386677,0.9562880686171875,0.9188361382271666,0.5906675167558797,0.9314886672615046,0.944383427890573,0.926270021131592,0.8993922310882434,0.6040574193889983,0.7598430279509716,0.9398636845831869,0.6739104850582693,0.9475597985845114,0.8832831707913573,0.7143607147557586,0.9526370111116407,0.9508971383859763,0.8864622842804517,0.9275522446953852,0.9526370111116405,0.8982973238138026,0.8633240709217587,0.708808264663793,0.9459533477380775,0.9459533477380775,0.8322525541058978,0.9341976401680094,0.9027019168030599,0.9526370111116405,0.8591172857456586,0.9341976401680094,0.9562880686171873,0.8928757609748668,0.9328339505740528,0.9508971383859763,0.960221152322577,0.8854008763534222,0.9582144552981327,0.7197593917099125,0.9562880686171873
p254_Q,0.918091312060215,0.6144120360525276,0.8902450233273334,0.834695803282358,0.9471856021934963,0.9633423340760361,0.887807558404542,0.8725055426819672,0.8242345650097711,0.9273099638694315,0.8687767861693849,0.9041731885624824,0.9041731885624824,0.7230880743409213,0.7878564872950745,0.8542961702347793,0.8065441857163136,0.847698706922654,0.971510747264704,0.9223125238854549,0.9478388320065988,0.8088615062113482,0.8579556355881812,0.9102716897738727,0.8173793423971963,0.8748055425712822,0.8434300581402193,0.9262793072625786,0.9223125238854553,0.7241952257077469,0.8629508839222022,0.9167305843279034,0.9315707757470981,0.9060833615985865,0.9071820194155724,0.6934151482293016,0.9927718861206731,0.8163616366631176,0.931147340525424,0.7027672198623278,0.8380901632125554,0.8772638514038553,0.931147340525424,0.8408651185851415,0.8434300581402193,0.7057714822717284,0.9560815611946234,0.8181621045569498,0.6117270746813569,0.8022815916598935,0.9167305843279034,0.7359760554114719,0.8748055425712822,0.8928095235358378,0.8955611203771285,0.9895262964440439,0.6219534759587274,0.9071820194155722,0.938353683953028,0.9769097246611171,0.8283274386785908,0.9330707345305391,0.8168658457553146,0.8161539917768375,0.529057504725047,0.9092640503019207,0.862418641734084,0.7934976884069913,0.9743839446549736,0.7891506066595861,0.7580534046481746,0.993765629534435,0.9071820194155724,0.6832998353459117,0.9071820194155722,0.8352339646544547,0.9775730833954648,0.7309976147881522,0.7478065229556417,0.7523216832789563,0.8901096639134576,0.960785744051681,0.960528094354201,0.8748055425712828,0.9071820194155722,0.6448679784240221,0.9100884525218184,0.7990431157916686,0.8284875193321173,0.9041731885624826,0.9071820194155722,0.40604752333314853,0.7363883652211718,0.8290935854737118,0.9233367877012704,0.8181621045569498,0.46296817761473985,0.9662639211982977,0.6884789879702877,0.703929614876438,0.5322949618978281,0.8733964066108939,0.972807232250656,0.593414654069242,0.9580883280230452,0.9236430180495618,0.779740871613664,0.6296326332826518,0.8848500287036507,0.6873845493423214,0.333233805942978,0.6525316904326732,0.6474061482565618,0.6941901903173151,0.9987120692432441,0.6555501130244692,0.9632064435946426,0.9236430180495618,0.983902503224694,0.7596587966440693,0.8919054729924267,0.48737402033284194,0.8173793423971963,0.9365801754513725,0.8168658457553146,0.6047295951097409,0.9927718861206731,0.8040552536551163,0.9792140372249502,0.8451467479521528,0.7674932670842551,0.8307658985622732,0.685738022583674,0.931147340525424,0.47457133390116346,0.9196084313474926,0.7790079253043802,0.9949291060968914,0.960900739115506,0.9012376341940858,0.8542447201585124,0.9273099638694313,0.6791893351865192,0.49600297254945847,0.5613012214286334,0.8366381506443359,0.9591510804279211,0.7114213730823677,0.8723787692931402,0.5928797194298824,0.7719350116403413,0.8283274386785904,0.7905272540493604,0.8244517780401752,0.8182484869464814,0.9027254843534638,0.5640951098399105,0.8687762325700645,0.8525051345670995,0.6360291385917661,0.7794714346908229,0.9160269146595147,0.609977130027533,0.6386002534074322,0.8576091094058844,0.7051967551481968,0.8232723532225701,0.9533421115494247,0.960528094354201,0.7908819181699809,0.6114803453994845,0.9041731885624826,0.8998677823831451,0.7956452957320665,0.9208487206421543,0.6695294585512055,0.9327537943050122,0.8630364988833328,0.49259352919151866,0.942002871661846,0.8640175704156152,0.7964161791447304,0.7116119900196256,0.9041731885624826,0.8380026352056635,0.5905028502662969,0.7977132995432865,0.8435746106182995,0.8928095235358378,0.8002051277743383,0.9012376341940858,0.8717659040471615,0.7956280315721895,0.6846558766275876,0.9008065430119916,0.9071820194155722,0.9102716897738727,0.9012376341940862,0.81816210455695,0.7779432019989965,0.9122358812441933,0.9041731885624826,0.9071820194155722,0.9049923160332758,0.8566712108996191,0.9273099638694315,0.9071820194155722,0.9288047413575922,0.8972366122080848,0.8992953088588895,0.8525051345670998,0.5986980934502748,0.4738920156371579,0.9071820194155722,0.7367738169237663,0.9071820194155721,0.9350902238349492,0.8411806880694256,0.7779432019989965,0.9071820194155722,0.7155172571585395,0.9071820194155722,0.8166663741744715,0.9034893992932862,0.6788736167489666,0.9018378808896544,0.532352342221929,0.5990541426110161,0.9012376341940858,0.914753761965559,0.8874576548572422,0.39856211509846196,0.6893598028681898,0.9055141698506992,0.8624186417340839,0.8161539917768376,0.9096034325000613,0.8693583305852735,0.8015178087234383,0.897236612208085,0.8451467479521524,0.8983688348924415,0.40242823847059883,0.9769097246611174,0.9071820194155722,0.8222019591825744,0.9071820194155722,0.7217803490882722,0.8423140665122539,0.9167305843279034,0.8676123050779097,0.5818922288911462,0.9102716897738727,0.8429987447247771,0.9828074695633924,0.4876168255312382,0.8687767861693853,0.746403954952755,0.913451053146003,0.43613109215008183,0.8653636365238593,0.7153604261056556,0.9041731885624826,0.9660244666247457,0.7068691900341391,0.931147340525424,0.8749609547377057,0.803169239244524,0.8772638514038553,0.8034114411854585,0.4402281291366297,0.9167305843279034,0.7231920303957067,0.6986594341742298,0.8860884457928879,0.9236430180495618,0.6873845493423212,0.9203312082606381,0.5143020534754914,0.8054755212026945,0.9236430180495618,0.76640117178067,0.7652151283969011,0.8503689775024519,0.9056938156720871,0.3603629552812486,0.9560815611946234,0.959912638327362,0.6474061482565618,0.9769097246611171,0.913451053146003,0.9560815611946234,0.5392369493111733,0.7891506066595858,0.631890388851861,0.7348416307782744,0.9970487115062967,0.8988022075679374,0.8848860650898702,0.5327678216934948,0.5813803596210334,0.7960740039377887,0.9167305843279034,0.6559068674297326,0.8828086639033632,0.6602438663677906,0.8241540801036231,0.8473098920648876,0.7250114558887746,0.8345434795933919,0.7886504630631694,0.6235779605812428,0.8285549079460071,0.7175158801600368,0.43084289338333237,0.7218091742253034,0.8480002345284663,0.9273099638694315,0.8522540848698109,0.8972366122080853,0.7189936813746465,0.913451053146003,0.9071820194155722,0.9167305843279032,0.9165147019879718,0.3543729282452107,0.9236430180495618,0.9201228276565452,0.7071175640622933,0.9071820194155722,0.8848500287036505,0.9236430180495621,0.7523216832789551,0.837923868903153,0.7750865540245808,0.6099771300275323,0.9167305843279034,0.6954816660047511,0.47526032567807963,0.8848500287036507,0.895561120377129,0.4891083367424601,0.913451053146003,0.8516848931219241,0.5068542979668216,0.8928095235358375,0.8366381506443352,0.646811357880416,0.5888288365294339,0.4485345094039942,0.5943359125550993,0.880315930564125,0.9041731885624826,0.9388056615335196,0.5086104657984022,0.6474061482565618,0.6495837911359861,0.4879012055087615,0.9071820194155722,0.7329070171454051,0.8761017783000717,0.27475754756038095,0.9908342652343987,0.9273099638694313,0.7173239106399738,0.9071820194155722,0.9071820194155722,0.8723787692931402,0.8242345650097711,0.4557026952905153,0.9071820194155721,0.9724383613004927,0.4927642389155702,0.6672842098702021,0.8121593651564607,0.6674543432003843,0.6127749872493422,0.6306356336546093,0.6064076135904076,0.5362483145594732,0.5855088848389078,0.9071820194155722,0.9883763704142566,0.3893190943574336,0.5918769821409802,0.6482718554548303,0.8002051277743383,0.703796896257867,0.913451053146003,0.6273639727263713,0.9071820194155722,0.5420457560184125,0.8168658457553145,0.8952697705708386,0.7929990088168478,0.9102716897738727,0.6648675036541292,0.6723230151832418,0.9071820194155722,0.810172086506356,0.677693858374232,0.9071820194155722,0.888917466339493,0.9353270245256116,0.7591317156442469,0.49750218741913355,0.6386002534074322,0.9071820194155722,0.7169270321285446,0.774589731245916,0.9421722554388531,0.8038289202363041,0.7600128818071807,0.8547555948174324,0.8324605212725524,0.6030251033189672,0.9586574227081355,0.9743492709782584,0.7925264018514984,0.6306650331419221,0.7497090834237592,0.505982581139433,0.9425365758138315,0.914753761965559,0.9949291060968914,0.7860329845879747,0.9071820194155722,0.9806215235201541,0.9371612421327016,0.8704025667706081,0.9589992496040742,0.9559597385843852,0.901237634194086,0.9018687388648456,0.8834778193591262,0.901237634194086,0.5932184434069183,0.9871891849714203,0.8256027962289421,0.9231629470019451,0.43902967991067954,0.9236430180495621,0.7192835707968519,0.9273099638694315,0.9984049036240452,0.8904257216519325,0.8093053298742183,0.9549422857308885,0.6716833368102656,0.916574148810214,0.8736330304641178,0.9782084549947732,0.8772638514038553,0.8874576548572422,0.9891725552066312,0.9134510531460027,0.9868272766917497,0.722838214875686,0.8363659035994002,0.9288940518676674,0.839204381444211,0.8901096639134578,0.8629508839222022,0.5655902017555166,0.6530539589033841,0.5507792871487025,0.9540876754119362,0.8176535848750559,0.5877018499126234,0.8583829421286904,0.8797557950282511,0.8822836759018073,0.4911301139315484,0.8901096639134578,0.8972007089928952,0.8797557950282511,0.764179270128355,0.6364803866206419,0.9987120692432438,0.9516650554749956,0.7074079982524124,0.857770308768869,0.8622547711115847,0.9236430180495618,0.6812466349037678,0.9562175970779132,0.9201228276565452,0.8104893087451177,0.9909735478358418,0.9721405797402527,0.960900739115506,0.9236430180495618,0.47836545401954345,0.48561592169355494,0.8273725777675058,0.9819150380375274,0.9792140372249502,0.6771240158416008,0.9034893992932864,0.8983688348924415,0.5957894398817527,0.9071820194155722,0.9201228276565452,0.9071820194155722,0.9071820194155722,0.6687918244584032,0.8822836759018076,0.4485345094039942,0.9071820194155722,0.6517522736887215,0.7034906615444347,0.871191680080119,0.7255914787050355,0.9492330124038872,0.9036514210082186,0.6529207055789356,0.8222019591825749,0.707465191475404,0.8955611203771285,0.7925264018514983,0.9201228276565452,0.849488987006966,0.7316312223140586,0.7367738169237661,0.5356422941985219,0.9315707757470979,0.9769097246611171,0.7064757619886395,0.8962706164706525,0.4901784090546061,0.9987120692432441,0.4155511161512139,0.8874576548572417,0.9086108152814201,0.9472238480293105,0.7231920303957067,0.9415130395407783,0.8283274386785906,0.8822836759018076,0.8811280236189605,0.9134510531460027,0.8874576548572422,0.9927718861206731,0.7703389375959164,0.7387037348974259,0.7291527382785599,0.9167305843279034,0.7302230666440963,0.8983688348924417,0.699763237960116,0.5933208052433305,0.7071175640622931,0.5918769821409802,0.9314943148680687,0.9633423340760361,0.5219265286153172,0.7377195108893602,0.8222019591825744,0.5797489123657973,0.5726652981535848,0.8303886925795054,0.910201328515333,0.9071820194155722,0.9949291060968914,0.9789255840610394,0.9071820194155726,0.8116027549958083,0.8874576548572417,0.9012376341940862,0.9814043466735347,0.6469872882623684,0.8254855495244307,0.64302264196925,0.9273099638694315,0.5503493973374871,0.8901096639134576,0.7559978886160064,0.901237634194086,0.967580431117067,0.9044238551405677,0.6339546094885242,0.41862697692344986,0.7999684944488812,0.7809319825130925,0.6144400375212185,0.7502446952852513,0.9324288082150871,0.6914447422424859,0.5809975601863624,0.862950883922202,0.9273099638694315,0.5857799643645216,0.9102716897738727,0.8230471274454105,0.8929365162866223,0.8263753778581195,0.9041731885624826,0.6828008761127162,0.5619670788959481,0.9105871713767658,0.8201950743608271,0.9586574227081353,0.4851912306653865,0.9262793072625786,0.9086108152814203,0.8435746106182995,0.7647496549144362,0.8848500287036507,0.8141532085971921,0.8901096639134571,0.9041731885624826,0.9167305843279032,0.9311473405254242,0.9071820194155722,0.8516848931219239,0.5636939663569547,0.6474061482565618,0.7921180039343328,0.9071820194155721,0.7867170361237774,0.5243981894140166,0.8283274386785904,0.6672842098702026,0.8955315735658562,0.6479469604186077,0.845248650434127,0.721080708232439,0.8970614495800682,0.6643188309876007,0.7457203241023507,0.8499773547407883,0.9201228276565452,0.7769688838944868,0.5621811332514612,0.8307658985622735,0.5037299488486946,0.6995665205796846,0.8676123050779094,0.9474181848718515,0.6468113578804153,0.8928095235358375,0.8909290181414238,0.8127929011389605,0.9416996160833453,0.9787501824275469,0.9236430180495621,0.9071820194155724,0.9549422857308887,0.5768065633142001,0.6386002534074322,0.9041731885624826,0.9167305843279034,0.8983688348924415,0.9041731885624826,0.9041731885624826,0.8516848931219237,0.9071820194155722,0.8983688348924415,0.8791224970553594,0.9071820194155722,0.5780854378435193,0.7188396023267061,0.9236430180495618,0.9586574227081355,0.9660244666247457,0.9102716897738727,0.9041731885624826,0.5448338458805332,0.740631545194461,0.8822836759018076,0.7094454995691724,0.9071820194155722,0.0,0.913451053146003,0.8797557950282511,0.7261502926840111,0.7004934761933528,0.5498119605838762,0.9927718861206731,0.8848500287036507,0.7641792701283554,0.9510212795701292,0.9071820194155722,0.9725387271520841,0.9509612716234601,0.8793033352723937,0.8868159025703461,0.9032215790146929,0.9806215235201541,0.5510336445607096,0.9560815611946236,0.7797408716136638,0.766191743214097,0.9071820194155722,0.98718918497142,0.993811343315403,0.9273099638694315,0.7717687153296486,0.8434300581402194,0.6965528219428433,0.7322835002131505,0.901237634194086,0.6698034283889502,0.606420116499619,0.9071820194155722,0.9071820194155722,0.8429987447247775,0.7900290113964537,0.7533906981931373,0.9036514210082187,0.7724924162874789,0.6025064651743527,0.8927152748016023,0.6514177669623271,0.3390620516570254,0.6931225614454206,0.9071820194155722,0.8181621045569498,0.9949291060968914,0.931147340525424,0.5039455651282829,0.9236430180495618,0.6914447422424863,0.9071820194155722,0.9071820194155722,0.5869149545938588,0.7327857355831129,0.6016275128449511,0.8874576548572419,0.46468646741485764,0.8853051607789586,0.8676123050779097,0.9314059401137063,0.7154749470211297,0.5275813504243791,0.9071820194155721,0.6599995416164908,0.666690224625164,0.9102716897738727,0.9236430180495618,0.8779415274574112,0.858194879506469,0.8379238689031533,0.5384168132515982,0.9102716897738727,0.9525369059360134,0.9071820194155722,0.6832998353459117,0.7513191435964455,0.8161539917768375,0.4709260853599534,0.9100181374805543,0.8928095235358378,0.8262762309308547,0.4213553171192227,0.9201228276565452,0.7598301054834908,0.7483249669251761,0.8983688348924415,0.8721866864704171,0.9420887388347678,0.8748055425712828,0.658204571702703,0.9167305843279032,0.9041731885624826,0.7732455048551017,0.869981611029512,0.7902242022563213,0.9112473948227646,0.931147340525424,0.9493264764640177,0.9311473405254242,0.931147340525424,0.399717912672899,0.9355870190267446,0.8101720865063557,0.9071820194155724,0.9223125238854548,0.8088615062113483,0.8874576548572417,0.46459383544601096,0.8955611203771292,0.9041731885624826,0.869981611029512,0.8284875193321168,0.9102716897738727,0.7193750384918058,0.8494889870069657,0.7124652693986211,0.6709602650815962,0.9071820194155722,0.36206580749942874,0.9471856021934963,0.615849742918775,0.9273099638694315,0.9660013292083212,0.8797557950282513,0.658171553921836,0.9071820194155722,0.64302264196925,0.521926528615317,0.8797557950282511,0.6452191607092619,0.6832998353459117,0.6582045717027027,0.960900739115506,0.727983788501013,0.8828294275824893,0.9575395272125444,0.6864417997228554,0.6956052052694242,0.5729090760634696,0.7523216832789561,0.8904257216519326,0.5727714044714176,0.8599235121346394,0.8848475102242702,0.7054802963301932,0.8222019591825749,0.509918868331639,0.9071820194155724,0.9041731885624826,0.7114213730823675,0.6194317593212704,0.8512878307005611,0.5918769821409802,0.5648373139778866,0.9071820194155722,0.6135111973119072,0.7079172513214217,0.6114803453994841,0.9071820194155722,0.707465191475404,0.7443423259231802,0.9236430180495618,0.8822836759018073,0.9041731885624826,0.8566898070754564,0.8748055425712832,0.8803339815305962,0.95070136084869,0.5775866334212226,0.7605453773969283,0.5386816642147912,0.9071820194155722,0.8970614495800682,0.9071820194155722,0.9236430180495618,0.5148094635702471,0.788650463063169,0.931147340525424,0.8652692287290056,0.8075880978789572,0.8262762309308547,0.6951861421055616,0.9071820194155722,0.7292932745275389,0.7082087993881467,0.8629805775658892,0.6215575544669893,0.845146747952153,0.8182484869464813,0.8629508839222022,0.8606558839862051,0.8736330304641182,0.8042460940964855,0.5820730264432834,0.8736330304641182,0.9742054644591542,0.9167305843279034,0.9817148430281428,0.8736330304641182,0.931147340525424,0.6010358175839328,0.9102716897738727,0.40242823847059894,0.9041731885624824,0.8606558839862051,0.5780854378435188,0.8242724495767535,0.9753714085919838,0.914753761965559,0.8429987447247775,0.8723787692931402,0.9041731885624826,0.8874576548572419,0.8653332890601706,0.9463035322237948,0.6416989160524909,0.8929088836110013,0.8387451480728689,0.9553673640446825,0.7331139349226519,0.9102716897738727,0.9987120692432441,0.9605579000113016,0.7483496752852565,0.8676123050779097,0.8673453944026637,0.8646037275443339,0.9167305843279032,0.9660244666247457,0.9706897592453478,0.8652692287290058,0.7548748168824075,0.8761017783000717,0.8506649151829043,0.8996232085298179,0.9497218441301533,0.9737022133993574,0.9328036494727321,0.7376089923545379,0.5875465099137303,0.9039331093784334,0.8413829160506419,0.9295449605658936,0.850368977502452,0.9329979999629742,0.9966256771555819,0.8748055425712822,0.5483430787489747,0.9895618738403332,0.9994428908841723,0.9451928103896947,0.956623904537022,0.8901096639134576,0.8804580294217093,0.9792140372249503,0.8140756544067094,0.848560051564056,0.5323523422219291,0.9515217879472728,0.7925264018514981,0.8676123050779092,0.7881353905136526,0.8425695148719518,0.7889474133847749,0.9642260734712437,0.7960740039377886,0.9474181848718515,0.7472068943059043,0.8013272831316132,0.6826561410890897,0.913451053146003,0.7425574095970391,0.8332189753156267,0.9201228276565452,0.8042460940964855,0.9973482930858857,0.8834778193591266,0.9273099638694315,0.918005506631461,0.9236430180495618,0.8744169001071447,0.9201228276565452
p254_V,0.9896145268940972,0.8083745968845285,0.937582172017251,0.9746338287409402,0.9526370111116407,0.4813551083532047,0.932786063018689,0.9487712406389308,0.910310736217455,0.9629078616894173,0.9439253608596803,0.9511016704226434,0.9511016704226434,0.6817430373427285,0.8643746278148464,0.8931410336709438,0.8582618811750674,0.9361160018916064,0.9610366993022685,0.5986100747104803,0.9921682189593071,0.9425720985427188,0.8328391424856558,0.9736183137840243,0.9429902492134531,0.9361160018916062,0.9227946422906831,0.9220855717829912,0.5986100747104802,0.8492555420838778,0.9300668284196516,0.957509435301382,0.9467071200650465,0.9243180392978654,0.9526370111116409,0.9610366993022685,0.9542136024350834,0.9272932852315992,0.9648659912110238,0.9589376456981176,0.9061873961293254,0.9373704232137268,0.8505410419770532,0.9634451361870242,0.9227946422906832,0.8835463759940588,0.9558359621451105,0.9478374857144207,0.9348776724743584,0.8991086132420372,0.9652137684610212,0.8801747469894594,0.9361160018916062,0.945303040275778,0.9272932852315992,0.933654454952398,0.9859410630732464,0.9526370111116405,0.8796755654923115,0.9496037211238535,0.912399240286141,0.8738328753514066,0.9361160018916064,0.9465146323386673,0.9592404230051592,0.9159971402848226,0.957509435301382,0.968918841903136,0.9955546949233898,0.9552175050422179,0.687702236765926,0.9348776724743586,0.9773757151292213,0.8383948208633003,0.9526370111116405,0.8941307528793181,0.9425720985427188,0.9439253608596803,0.8352434350141633,0.9648659912110236,0.7547644840194465,0.7265860889701895,0.982045156274965,0.9361160018916064,0.9526370111116405,0.7508842517610115,0.998394872319517,0.9391585779706237,0.9011161501496319,0.9511016704226434,0.9526370111116405,0.7546293577810382,0.8759120339598478,0.8976747065462736,0.982045156274965,0.9072120922355343,0.7227969533618733,0.8951222364985463,0.8628398878670416,0.86172892352763,0.933654454952398,0.5966651644885088,0.9073884413700835,0.799463511833891,0.9837171114810386,0.9610366993022685,0.7028743744164113,0.9317737429214277,0.9412414838519025,0.840479161229315,0.7959548637928398,0.9373704232137268,0.9720020980078725,0.7806685316091411,0.9558359621451105,0.9782151383018163,0.6852134154646816,0.9610366993022685,0.9648659912110236,0.9009385953642843,0.9026102890296366,0.8096294045230257,0.9991256173192247,0.7192077201698135,0.9900588676412958,0.8924338763856581,0.9542136024350834,0.9276797318633756,0.6408643693226077,0.9209817665727265,0.881356890785397,0.9558359621451105,0.957509435301382,0.9648659912110236,0.9481398354780852,0.6938228944303615,0.8872325694620833,0.9652137684610215,0.957509435301382,0.9496037211238535,0.9391585779706239,0.9629078616894173,0.8672605145480656,0.8803791478671708,0.8418888262364448,0.9166400151447351,0.9388267942128117,0.852744627559685,0.9348776724743586,0.8649838216377038,0.9493957255905624,0.9123992402861405,0.7373592171107439,0.8891971954839688,0.957509435301382,0.9348776724743586,0.7448826923187983,0.9649840504564584,0.8998492893872083,0.8096294045230256,0.9368440768177579,0.9695808922938258,0.9497673578995787,0.9366990254581007,0.9041490253843172,0.7555434814691349,0.9276797318633756,0.8921764228239644,0.9312498291554214,0.8557565635983038,0.7793733011421324,0.9511016704226434,0.9336544549523982,0.9805074801881104,0.863708282603777,0.9938250905646744,0.6202343224201621,0.914173419871023,0.9254476077793647,0.9190743601433595,0.9619299081647257,0.9339021370701628,0.9859410630732464,0.9511016704226434,0.9020294315021224,0.8403638557902837,0.9675159048758009,0.9082407355488131,0.9453030402757782,0.9783400888843532,0.9842011665427952,0.9103107362174552,0.9188649217256533,0.9845436024770435,0.9185287395081014,0.9526370111116405,0.9542136024350834,0.9842011665427953,0.9072120922355342,0.869613086938203,0.9760557307924651,0.9511016704226434,0.9526370111116405,0.9464349702585146,0.8039765114147404,0.9629078616894173,0.9526370111116405,0.876011295842658,0.9209817665727265,0.9314897302747827,0.8998492893872087,0.9113525537588967,0.9511016704226434,0.9526370111116405,0.9689188419031363,0.9526370111116405,0.8855169510901251,0.9599362530543547,0.995714089782483,0.9526370111116405,0.9042162740830946,0.9526370111116405,0.8705544178695592,0.9560815611946236,0.7094904890765813,0.9198202436892431,0.9558359621451105,0.8767243319497848,0.9496037211238535,0.9967391619170713,0.9425720985427191,0.9546672453375802,0.8063445760987142,0.5577157597313229,0.9652137684610212,0.9061873961293253,0.8981086621953582,0.9092735418441047,0.9765777693608294,0.9209817665727262,0.9209817665727262,0.948139835478085,0.7724757092972719,0.9496037211238535,0.9526370111116405,0.9505241704836669,0.9526370111116405,0.7514730454359491,0.8511869157928872,0.957509435301382,0.8614664755134731,0.9367747309558498,0.9542136024350834,0.9198856874256709,0.9412414838519025,0.7514472996218444,0.9439253608596803,0.8705954752723886,0.9558359621451105,0.770462985678099,0.880379147867171,0.8547546403115023,0.9511016704226432,0.9604535056538154,0.8166546203739525,0.9648659912110238,0.9388120013913652,0.876011295842658,0.9373704232137268,0.8794015740660155,0.7276241336721718,0.957509435301382,0.9791358873631177,0.9619647737944323,0.7929984735168571,0.9610366993022685,0.8404791612293148,0.7644257713588184,0.9386420076357269,0.9901068178489285,0.9610366993022685,0.8617298618427944,0.8572588068769817,0.9592404230051592,0.8946428180839173,0.9746338287409402,0.969580892293826,0.9243180392978652,0.8200790560505897,0.9496037211238535,0.9558359621451105,0.9695808922938259,0.915938254751671,0.6202343224201623,0.8121617028001502,0.8976747065462736,0.8931410336709438,0.7922157504589786,0.9552175050422179,0.9773757151292214,0.9348776724743584,0.653225604876039,0.8879369722234249,0.8458639564984103,0.934680966435494,0.9558359621451105,0.9348776724743586,0.922085571782991,0.8966760243125667,0.9155711502428494,0.9291067501802863,0.7695855319202591,0.8924338763856581,0.8781849073732375,0.6277572448391833,0.9629078616894173,0.9518893725088031,0.5109136619904602,0.9243180392978652,0.9209817665727262,0.9155711502428494,0.9558359621451105,0.9526370111116405,0.9575094353013818,0.843222686318521,0.9559982666090147,0.9610366993022685,0.71953529163074,0.9808926695348984,0.9526370111116405,0.9412414838519025,0.9610366993022685,0.9648659912110236,0.9957658420390977,0.8246893013160919,0.6707907717378425,0.957509435301382,0.9388120013913654,0.9339881298829691,0.5956854484095205,0.9467071200650465,0.8295931148909189,0.9558359621451105,0.9243180392978652,0.946537706628239,0.945303040275778,0.9166400151447349,0.9648659912110236,0.8715600862377917,0.6989792690869985,0.7929984735168571,0.987327403406299,0.9511016704226434,0.5912744759165987,0.9953978806517948,0.8200790560505895,0.8211902596649281,0.8923732856739581,0.9526370111116405,0.8637082826037767,0.9371232414100348,0.9254476077793647,0.7974439991732671,0.9629078616894173,0.8557565635983038,0.9526370111116405,0.9526370111116405,0.9348776724743584,0.9103107362174552,0.6638126320958513,0.9526370111116405,0.5986100747104803,0.9526370111116407,0.8281884330418343,0.9041490253843172,0.9853618823459059,0.9526370111116407,0.9722155622930323,0.998394872319517,0.9062630668618084,0.8820186502619567,0.9526370111116405,0.8891971954839686,0.7555434814691349,0.941858769226817,0.9744168156815498,0.9288957400617388,0.8445251043947688,0.9558359621451105,0.809851971481867,0.9526370111116405,0.9172711027135496,0.7402268036102575,0.8686326671635052,0.9039666058972435,0.9542136024350834,0.9697576929681275,0.6752940958248903,0.9526370111116405,0.9031349604797552,0.9088294956035704,0.9526370111116405,0.8238825158251895,0.9500768485786422,0.852744627559685,0.8660580870229153,0.8155856001785133,0.9526370111116405,0.8153837585530268,0.7704391635096571,0.9592404230051592,0.9598028955500122,0.9196163519495258,0.9134510531460027,0.914508262091398,0.9821062119112849,0.9558359621451105,0.9051664401581991,0.8941307528793181,0.9967391619170716,0.8627197720675648,0.6598776498344825,0.9141734198710232,0.9399319300513138,0.957509435301382,0.9900588676412958,0.9526370111116405,0.9610366993022685,0.8052279764007821,0.8561342062066823,0.9439253608596803,0.9839674685144804,0.9496037211238537,0.7950937914413698,0.9736183137840243,0.9496037211238537,0.9439253608596805,0.9526370111116407,0.8083745968845284,0.9953194985394493,0.7986388097431101,0.9610366993022685,0.8567565353887989,0.9629078616894176,0.9931163690142987,0.7192246787541414,0.9657234466323918,0.998394872319517,0.9629078616894173,0.9448327929385232,0.9220855717829912,0.9085235928818935,0.8432603713232423,0.9425720985427191,0.9092735418441045,0.5220820189274471,0.9243180392978652,0.9061873961293254,0.9566533521299645,0.9944373248680742,0.9061873961293254,0.9439253608596805,0.9300668284196516,0.7359365694375493,0.9380492034039252,0.953270131910047,0.9227946422906831,0.8266780075736038,0.7959862782732463,0.9277359074596556,0.9944373248680742,0.9967391619170713,0.8938154839417759,0.995812608116145,0.9421240707427694,0.9386420076357269,0.9665480300996037,0.800690781426904,0.44749887336638317,0.8879294594533991,0.8650546456747354,0.969757263765453,0.8921764228239647,0.9610366993022685,0.9619311600645907,0.8991086132420372,0.9592404230051592,0.9681385641755447,0.987327403406299,0.5355980755969896,0.957509435301382,0.9610366993022685,0.7192077201698126,0.8835387453810291,0.9187969445925777,0.9128870094924402,0.9511016704226434,0.9279890523786396,0.9987120692432438,0.9227946422906836,0.7704629856780989,0.9526370111116405,0.9592404230051592,0.9526370111116405,0.9526370111116405,0.8309916996778284,0.939931930051314,0.7460671055388904,0.9526370111116405,0.8222967889645653,0.848697758622408,0.9665480300996037,0.6782927991886369,0.8891971954839686,0.9988994716356004,0.7570601734517624,0.9092735418441045,0.8507258744656065,0.864293487879922,0.9564333375388239,0.9592404230051592,0.9231975163531969,0.9130992715289875,0.865681426102298,0.9300668284196516,0.9272932852315992,0.9496037211238535,0.8702560891079982,0.47861707760766337,0.9426205861955199,0.9695808922938259,0.8084101534122605,0.9425720985427188,0.9373704232137268,0.9967391619170713,0.9791358873631175,0.9722155622930323,0.912399240286141,0.9399319300513138,0.9730862985612763,0.9558359621451105,0.9425720985427191,0.901450230003132,0.9198856874256711,0.8666662211060934,0.7677317660603836,0.957509435301382,0.9993984942305538,0.9481398354780852,0.9054692267382083,0.8368245529110285,0.9511016704226434,0.941858769226817,0.982045156274965,0.9428375253830147,0.7864057866094467,0.8567565353887989,0.9092735418441045,0.9105554318849857,0.8803288140439887,0.9560815611946234,0.9269715703160148,0.9526370111116405,0.957509435301382,0.922085571782991,0.9526370111116407,0.9613005306740816,0.9425720985427188,0.9842011665427952,0.916364189485948,0.907193920295941,0.7760319106198985,0.8178422485024099,0.9629078616894176,0.7705531152105061,0.9439253608596803,0.8754910501451354,0.9496037211238537,0.5492945011215351,0.9885291785887993,0.9665480300996037,0.9944373248680742,0.9756833498582372,0.8945583721986821,0.9327847121829819,0.8725553212046713,0.7460671055388903,0.8425509890153133,0.8940589330526696,0.9300668284196516,0.42321724927044024,0.9412414838519025,0.9542136024350834,0.9766135065676136,0.9505241704836669,0.9001110559421439,0.9511016704226434,0.8884270436691302,0.9154704829797891,0.9648659912110236,0.9232615458212055,0.9558359621451105,0.9231975163531969,0.5713315118989208,0.9373704232137268,0.9082407355488131,0.6691040842540221,0.9429902492134531,0.9452045885097758,0.94392536085968,0.9808926695348984,0.9652137684610214,0.5736515917591668,0.9526370111116405,0.9243180392978652,0.976818884561883,0.9112328812249593,0.6934428659653423,0.9526370111116405,0.8911663603911606,0.7302179872844412,0.9123992402861405,0.9277359074596556,0.910310736217455,0.6007351226801821,0.8891971954839686,0.7787622746324637,0.6038563822267299,0.9123992402861407,0.8607384721289717,0.9871769404803683,0.9592404230051592,0.719470800399834,0.933654454952398,0.9558359621451105,0.7600543887391324,0.9648659912110238,0.9324454498571317,0.9180060542094439,0.9648659912110236,0.945303040275778,0.9859410630732464,0.4874647988152553,0.9166260538738976,0.8921529459435535,0.9610366993022685,0.9526370111116407,0.9425720985427191,0.7840536293380749,0.8155856001785133,0.9511016704226434,0.957509435301382,0.948139835478085,0.9511016704226434,0.9511016704226434,0.9714058757497573,0.9526370111116405,0.948139835478085,0.913451053146003,0.9526370111116405,0.9386420076357269,0.5665574836246985,0.9610366993022685,0.9558359621451105,0.9592404230051592,0.9542136024350834,0.9511016704226434,0.7677386497295294,0.8676499406085263,0.9399319300513138,0.8517363824474662,0.9526370111116405,0.913451053146003,0.0,0.9386420076357269,0.8075195577599243,0.9575139843524121,0.9610366993022685,0.46844172731777767,0.9412414838519025,0.9209817665727265,0.9429902492134532,0.9526370111116407,0.9209817665727265,0.4948467150672712,0.969725899748767,0.8497130258115502,0.9439253608596805,0.8714717093867045,0.6934759411293078,0.9558359621451105,0.8733964066108938,0.852744627559685,0.9526370111116405,0.5574520725743931,0.9267506068373945,0.9629078616894173,0.8663911307177646,0.948139835478085,0.7547644840194464,0.836297322381335,0.9496037211238537,0.8051635979868558,0.7991647789411422,0.9526370111116405,0.9526370111116405,0.9198856874256711,0.8759120339598478,0.719470800399834,0.7560495458914245,0.855756563598304,0.9272939616022179,0.8949125525517202,0.8435406859332613,0.9373704232137268,0.8561342062066823,0.9526370111116405,0.8896609403700333,0.957509435301382,0.9648659912110238,0.7820663749515684,0.9610366993022685,0.8425509890153133,0.9526370111116405,0.9526370111116405,0.9393212741601169,0.9526370111116407,0.993012223116643,0.9425720985427191,0.9993984942305538,0.8518491866146226,0.9645105128281709,0.932503659033307,0.8456366655300411,0.8458668379645261,0.9526370111116405,0.714488125212255,0.8299192991696216,0.9542136024350834,0.9610366993022685,0.8941307528793181,0.8820186502619565,0.9604370865528187,0.750884251761011,0.9542136024350834,0.968822960179357,0.9526370111116405,0.8383948208633001,0.750884251761011,0.9061873961293252,0.8381369010000776,0.9208751259712276,0.945303040275778,0.9113525537588965,0.8403638557902837,0.9604535056538152,0.9464349702585149,0.8715757257382066,0.9227946422906831,0.9629078616894176,0.9765510393593577,0.9361160018916064,0.8255892557605067,0.957509435301382,0.9511016704226434,0.8842921321245034,0.933654454952398,0.9423194428466417,0.9265867198367659,0.9648659912110236,0.6233555981585003,0.9648659912110238,0.9648659912110236,0.9669745722372084,0.9254476077793647,0.9031349604797552,0.9526370111116407,0.9629078616894176,0.9425720985427188,0.9393618431817528,0.8430143079362402,0.9467071200650468,0.9511016704226434,0.933654454952398,0.9011161501496316,0.9542136024350834,0.9156175946573154,0.9836829888222907,0.8352434350141633,0.8144495911033477,0.9526370111116405,0.7546293577810382,0.9773757151292214,0.9243545721229425,0.9629078616894173,0.9373704232137268,0.9386420076357269,0.9027589491053098,0.9526370111116405,0.8178422485024099,0.9078307494815345,0.9386420076357269,0.8189630840562674,0.8383948208633001,0.8255892557605067,0.9575094353013818,0.8341860124462197,0.9833789571262196,0.8189630840562674,0.7605174113429303,0.9967391619170713,0.7620546901141314,0.9428375253830147,0.7192246787541408,0.9073884413700835,0.9051664401581994,0.7996606229568313,0.8497130258115502,0.9092735418441045,0.9023076433234846,0.9526370111116407,0.9511016704226434,0.9485667670310041,0.8940589330526696,0.9426205861955201,0.941858769226817,0.9199225363150121,0.9526370111116405,0.9231127140292137,0.8725553212046713,0.9746338287409402,0.9526370111116405,0.8507258744656065,0.9902930825832764,0.9610366993022685,0.939931930051314,0.9511016704226434,0.8852103392435412,0.9361160018916065,0.7777890939360741,0.7526258963225116,0.914508262091398,0.939931930051314,0.8995061902239109,0.9526370111116405,0.9324454498571317,0.9526370111116405,0.9610366993022685,0.7157841180907438,0.8921529459435535,0.9648659912110238,0.8147735352468602,0.9119091929424148,0.9113525537588967,0.9277359074596556,0.9526370111116405,0.968375620537216,0.8947718849987467,0.976264477922972,0.9801704643354423,0.9209817665727265,0.957509435301382,0.9300668284196516,0.9288957400617388,0.9220855717829912,0.9001110559421437,0.799305287260491,0.9220855717829912,0.9277359074596556,0.9652137684610215,0.9302947288966976,0.9220855717829912,0.9648659912110238,0.9361160018916064,0.9542136024350834,0.8839367949745331,0.7088700293650658,0.9288957400617388,0.6707907717378423,0.937582172017251,0.9209817665727262,0.9399319300513138,0.9198856874256713,0.9348776724743586,0.9511016704226434,0.998394872319517,0.9924415378336475,0.7305581692424303,0.9082407355488129,0.9388120013913652,0.9619299081647257,0.8704631266035312,0.9879700133881204,0.9542136024350834,0.9558359621451105,0.9082407355488129,0.9819890130629687,0.9324454498571317,0.9839674685144806,0.9478374857144207,0.957509435301382,0.9592404230051592,0.9175493208075456,0.9312498291554214,0.9533608501789502,0.7974439991732669,0.9300668284196516,0.9405713298993787,0.9429902492134531,0.9288957400617388,0.9526370111116407,0.962778946131376,0.9579672831419932,0.947258480624083,0.9072120922355342,0.8922554897110133,0.9592404230051592,0.7931549419907826,0.9908764668187224,0.9361160018916062,0.9481398354780852,0.8655688623664035,0.8921764228239649,0.915294934512644,0.9832774697179377,0.995812608116145,0.9526837546542146,0.9511016704226434,0.9617971714026112,0.9188649217256531,0.9558359621451105,0.9542136024350834,0.8941307528793181,0.9324454498571313,0.9695808922938259,0.9452045885097757,0.8725553212046713,0.9455639670686868,0.7194207172093909,0.9496037211238535,0.9689437231622964,0.9944373248680742,0.9505241704836669,0.59666516448851,0.8686326671635052,0.7823814062025368,0.9592404230051592,0.9001110559421439,0.9922127245794845,0.5406098110986706,0.9629078616894173,0.9674484241224515,0.9552175050422179,0.9539405950770345,0.9592404230051592
p255_E,0.9146737187626446,0.9240084059312026,0.679660094506926,0.97263879566368,0.9341976401680094,0.9797658041147691,0.8700392183247176,0.8261099395010404,0.8753928891101745,0.948467140918744,0.8975786096948726,0.9320645602494204,0.9320645602494204,0.9361204140696398,0.9169506775373653,0.7037491178645139,0.9762262925984149,0.911244667414393,0.9458674971126175,0.948467140918744,0.6960154380504241,0.9643765980294186,0.9559620789221579,0.9903766507571461,0.9183656033219387,0.9112446674143926,0.9279496229669748,0.891751906668637,0.985927565404734,0.7987487729874201,0.9778050395375548,0.9409669977890662,0.9730889887268284,0.8948535190071929,0.9341976401680094,0.9914826481470901,0.9363880304285925,0.9259591224230197,0.9511876099263499,0.9095242312718104,0.6778063782787332,0.9129874603663684,0.9797658041147692,0.9792126008602176,0.9279496229669748,0.7863698116198287,0.994437324868074,0.8710878802609621,0.9095242312718104,0.8598295527538451,0.9987774230311344,0.6598060621851498,0.9112446674143926,0.9240084059312026,0.9259591224230197,0.4272137936248285,0.9078247903914518,0.9341976401680094,0.7746215314985789,0.9214557696516739,0.8782944901168632,0.8280565779961774,0.9112446674143935,0.6174691286098566,0.9433718940682516,0.818891404907184,0.9987774230311344,0.8381354443488453,0.7815341678105783,0.9458674971126177,0.8980054428335462,0.4152673461373113,0.9610880275993516,0.7987171022511947,0.9341976401680094,0.5881246153422848,0.770649333380414,0.7623333429754706,0.8173554210508895,0.9511876099263499,0.9877421208411418,0.7930643127364432,0.9044839950643897,0.911244667414393,0.9341976401680094,0.9281278923411589,0.9914610572055534,0.8673615917481577,0.9624843275980559,0.9320645602494202,0.9341976401680094,0.8598295527538451,0.8677195137462376,0.8613619137682156,0.9044839950643897,0.9014795552136842,0.8570542950968632,0.5554862620653553,0.8357562495103223,0.8571708631032455,0.9357136999653203,0.9944373248680738,0.9341976401680097,0.9655419430419439,0.9104881504923736,0.9458674971126173,0.8797557950282511,0.8277749361825715,0.9183656033219387,0.8716459884847003,0.8658231365963154,0.9129874603663681,0.9091463145393535,0.8827012888689014,0.9386420076357269,0.8316639440922211,0.9700765701011145,0.9458674971126175,0.7726260462381253,0.8161233816474041,0.9792126008602174,0.8793331866131817,0.9616684643803335,0.9028404281797042,0.9273376672788167,0.9112245896826332,0.9556347289143002,0.8202156726197054,0.9320645602494204,0.8902183677316946,0.8351667251716828,0.6707907717378416,0.9987774230311344,0.9511876099263499,0.9279496229669748,0.815305938689805,0.8972361563467726,0.9987774230311344,0.9409669977890662,0.9299834289466344,0.7766053888926339,0.9484671409187437,0.8652182557384991,0.7221458308768538,0.8542911987973543,0.8841862845276725,0.8901853371445987,0.7954151283114466,0.9095242312718106,0.7095001020458171,0.948467140918744,0.878294490116863,0.8381354443488453,0.7184334677796442,0.9987774230311344,0.9095242312718108,0.9892739870043402,0.8886955627708657,0.8147566802167696,0.8793331866131817,0.7727627776347091,0.8939720406672313,0.9600252206809586,0.834393750030096,0.6870289466597688,0.9262039440654459,0.9962766559418281,0.9794926266231159,0.7535181939942839,0.7995996720587015,0.8996020324755996,0.9661859802146439,0.8965983225545132,0.8432045372944467,0.8695783984998033,0.9970824702532014,0.9458674971126175,0.9854612009140378,0.8964228513787131,0.8529137105219888,0.8166283519077122,0.8616494390833429,0.9860555452130657,0.9320645602494204,0.8674566432772475,0.9828333960418545,0.8410264752131607,0.9031388200499333,0.9240084059312025,0.9382025073594866,0.9795036960805321,0.906497680742552,0.7223296330404783,0.8177148849175342,0.9731560060618827,0.9341976401680094,0.9363880304285925,0.9299834289466349,0.9014795552136841,0.741360867092845,0.8598295527538451,0.9320645602494204,0.9341976401680094,0.5251418609634648,0.7501741687694417,0.948467140918744,0.9341976401680094,0.9250576155467344,0.8902183677316946,0.8808617942287751,0.8395807850136318,0.5900676998365888,0.9320645602494204,0.9341976401680094,0.9123763236844559,0.9341976401680094,0.7561690095320774,0.639194648825943,0.6941930693009617,0.9341976401680094,0.8956703797577582,0.9341976401680094,0.9864272560263367,0.8013272831316132,0.891751906668637,0.602608439865447,0.9944373248680742,0.7934336330108842,0.9299834289466344,0.916546213700882,0.9202142532643911,0.9731560060618827,0.7760190951348649,0.5063010877270904,0.9987774230311344,0.8696642492046925,0.8584403005100092,0.9973895362654066,0.5978011958797367,0.9924821208671799,0.8902183677316946,0.927949622966975,0.8793331866131819,0.9299834289466349,0.9341976401680094,0.9665301256886063,0.9341976401680094,0.8669922145342502,0.9243062854435231,0.9409669977890662,0.9832318780369318,0.7934336330108842,0.9363880304285923,0.8886955627708657,0.9084229524444827,0.9191484075869396,0.9426603652680072,0.8453672416657232,0.9386420076357269,0.9572289236964652,0.6960254872302298,0.7982076797417141,0.9320645602494202,0.9433718940682516,0.9651288497804209,0.9511876099263499,0.9574900679095588,0.9955290054729584,0.9229034192989756,0.9885261369375651,0.9172636811344497,0.9409669977890665,0.9007807283043763,0.8277749361825715,0.7124085863009613,0.9458674971126173,0.778374467493341,0.9561713296625203,0.9564943253467844,0.9031388200499335,0.9458674971126173,0.7518935194559135,0.7820776041945836,0.9433718940682516,0.5626593550587151,0.8996020324755996,0.9386420076357269,0.5415272873309567,0.7954933671188165,0.82241523538388,0.39181418557610836,0.8939720406672316,0.7637499406653925,0.9458674971126177,0.9445563444567334,0.9107051466098508,0.5647765526904125,0.7982076797417141,0.9458674971126175,0.9341976401680094,0.949242373777156,0.9299834289466349,0.9409669977890662,0.8117426472449565,0.8682458143938527,0.994437324868074,0.9492423737771563,0.891751906668637,0.8040952978791001,0.9476274985418003,0.9331008297272767,0.8149366829530524,0.7732959230392401,0.7869611549883211,0.8876280847564645,0.948467140918744,0.9687072640073062,0.985927565404734,0.9300797186110581,0.8902183677316946,0.5978890337479069,0.9386420076357271,0.9341976401680094,0.940966997789066,0.8739518939582047,0.9112446674143933,0.9458674971126173,0.9965514935490281,0.9320645602494204,0.9341976401680094,0.9183656033219387,0.9458674971126175,0.9511876099263499,0.820934178385094,0.9744968357626529,0.9564943253467844,0.9409669977890665,0.7841148356942864,0.731950047302023,0.9084229524444823,0.9259591224230199,0.7530332924057609,0.9386420076357271,0.8948535190071929,0.7416880966366408,0.9240084059312024,0.8841862845276727,0.9511876099263499,0.7862356175886687,0.8948535190071922,0.7797937382129825,0.927949622966975,0.9320645602494202,0.8980054428335462,0.8705161960734358,0.8409545460870307,0.7515760058401828,0.7289303053642335,0.9341976401680094,0.8106471563404556,0.9281278923411589,0.8964228513787131,0.9281278923411589,0.9484671409187437,0.8718048700433565,0.9341976401680094,0.9341976401680094,0.9095242312718104,0.875392889110175,0.9576555676984829,0.9341976401680094,0.948467140918744,0.9341976401680097,0.8996020324755994,0.47883086150636145,0.8177148849175342,0.9341976401680097,0.9012134114028685,0.9202142532643907,0.7015118239144948,0.7478640811903134,0.9341976401680094,0.5823374949920596,0.891751906668637,0.7331254296694356,0.7366058108955744,0.9878193007272769,0.856999660974483,0.33601886834376193,0.8261099395010405,0.9341976401680094,0.7656811136493468,0.9273376672788165,0.9174245829984673,0.8230763503333188,0.9363880304285923,0.7273084791658131,0.9730889887268284,0.9341976401680094,0.8654234385275945,0.769613596829747,0.9341976401680094,0.9878193007272769,0.7567655768880821,0.7027960773670507,0.7353798725148983,0.7437893388895369,0.9341976401680094,0.9938240476144025,0.8133884845703085,0.8763982687835875,0.8078984963029705,0.8270004396671673,0.8797557950282509,0.8812245968305714,0.8096473437528893,0.9386420076357269,0.8682458143938525,0.8529137105219888,0.9559620789221579,0.8092737986295462,0.9419004925718597,0.6212839308364788,0.916546213700882,0.9409669977890662,0.9112446674143933,0.9341976401680094,0.9288327934067979,0.8725169952519658,0.8262392421922453,0.9220943680125893,0.9832318780369318,0.9299834289466344,0.9198388526997606,0.9903766507571461,0.9299834289466344,0.9877421208411418,0.9610880275993517,0.9700765701011145,0.590654641802874,0.9376024723749292,0.9458674971126175,0.8009889531223418,0.948467140918744,0.9240084059312026,0.9590434494932021,0.9459121875995717,0.9643765980294186,0.948467140918744,0.8070406592759141,0.9262039440654457,0.8598295527538451,0.9540147404500323,0.9472987124405253,0.5088598945057847,0.9386420076357269,0.6472058861425538,0.930001498873569,0.9207060527021791,0.9564943253467844,0.9903387485424457,0.9426603652680072,0.9028404281797042,0.8639679664180093,0.7727528766750422,0.9081986598432299,0.9279496229669748,0.8061299333224891,0.9156518518301395,0.9908428227422801,0.9564943253467844,0.9165462137008822,0.7310964541189915,0.9220943680125895,0.6051575247088752,0.9564943253467844,0.9243062854435231,0.8227664353689713,0.9386420076357269,0.8718048700433563,0.7685150056352529,0.9281278923411589,0.9903387485424457,0.9458674971126175,0.8702923944937322,0.8598295527538449,0.9433718940682516,0.9951080188590635,0.9279496229669748,0.8789436985072655,0.9409669977890665,0.9458674971126175,0.9028404281797042,0.7155673590494247,0.6786025909698653,0.9829392900173883,0.7118123313748043,0.7711003670094545,0.9754308715802917,0.9279496229669753,0.852747549109971,0.9341976401680094,0.9433718940682516,0.9341976401680094,0.9341976401680094,0.7651933449849073,0.9165462137008822,0.8948535190071922,0.9341976401680094,0.7531133294096686,0.7897927313248181,0.9734299614209916,0.9073784958379694,0.5551183004345427,0.661074692725413,0.8753928891101748,0.8739518939582047,0.7926104337466324,0.9259591224230197,0.7558131175830032,0.9433718940682516,0.8932967537832144,0.7797937382129825,0.8133884845703085,0.9028404281797042,0.9326512786655545,0.9299834289466349,0.7209755593296101,0.9433718940682516,0.8654234385275947,0.9386420076357269,0.9318712301664058,0.9202142532643909,0.9129874603663681,0.4034980136219982,0.8765255001424475,0.9012134114028683,0.8782944901168632,0.9165462137008822,0.9320611426402994,0.9386420076357271,0.9202142532643913,0.9903766507571461,0.8886955627708657,0.8147566802167696,0.636529304882351,0.9987774230311344,0.7632335382365756,0.9279496229669753,0.8264625247255821,0.8570542950968634,0.9661859802146439,0.8229657376068038,0.5255196533667329,0.9511876099263499,0.7519121637439459,0.8009889531223418,0.8739518939582047,0.7559076557555615,0.9202142532643909,0.9435391793962782,0.956856233085392,0.9341976401680094,0.9409669977890662,0.9262039440654459,0.9341976401680094,0.651601377413928,0.9202142532643907,0.9299834289466349,0.9044839950643897,0.7039066400690759,0.9590434494932021,0.746924546115866,0.8547169780516901,0.7714082079547532,0.9220943680125893,0.8526242193567077,0.9299834289466344,0.9730889887268284,0.8389093273091621,0.8902183677316946,0.9147540983606557,0.812318639371072,0.8717784212905579,0.7437610195286943,0.8229385262714317,0.8937892833696129,0.9216639343831265,0.9031170678741023,0.9028404281797042,0.948467140918744,0.9616684643803335,0.9363880304285923,0.8765288524002925,0.9665301256886063,0.861222266702258,0.9320645602494202,0.6998862132329713,0.7768728900183863,0.9511876099263499,0.870283040459912,0.9386420076357271,0.9629590308991038,0.9359879063473188,0.9129874603663684,0.9743738807581964,0.9028404281797042,0.9183656033219387,0.9880552524038384,0.8975786096948724,0.9320645602494204,0.9409669977890662,0.9511876099263499,0.9341976401680094,0.8948535190071922,0.6641107591816231,0.8182239566029232,0.9966622748365283,0.9341976401680094,0.9312932126009488,0.7641669376109762,0.878294490116863,0.8996020324755993,0.7202448196689222,0.8811333738303389,0.8732786138576025,0.7901268580346372,0.43861725011144936,0.9952234886231107,0.8065211384922872,0.9156518518301398,0.9965514935490281,0.9048113045350052,0.9078247903914518,0.9386420076357269,0.9924821208671799,0.9511876099263497,0.944688486580157,0.9299834289466349,0.9511876099263499,0.38496913152011913,0.9469401678022586,0.9341976401680094,0.7027960773670507,0.5692896116149384,0.9458674971126175,0.9341976401680094,0.9202142532643911,0.8123186393710717,0.8570448528152363,0.9320645602494202,0.7699808760005927,0.9279496229669753,0.9320645602494202,0.9320645602494202,0.8948535190071923,0.9341976401680094,0.927949622966975,0.8797557950282512,0.9341976401680094,0.9564943253467844,0.858440300510009,0.9288327934067979,0.9386420076357269,0.9433718940682516,0.9363880304285925,0.9320645602494202,0.8578874956549678,0.8410264752131604,0.9165462137008822,0.7940143529543535,0.9341976401680094,0.8797557950282511,0.9386420076357269,0.0,0.7325830227742436,0.881224596830571,0.9458674971126175,0.9363880304285923,0.918365603321939,0.8902183677316946,0.9183656033219387,0.9610880275993516,0.8902183677316946,0.9701426189491364,0.9403227338586295,0.7912032625956174,0.8524968541217385,0.99148264814709,0.9095242312718104,0.9386420076357269,0.9754308715802917,0.7954151283114463,0.9341976401680094,0.9341976401680094,0.6327820758589972,0.948467140918744,0.6181496960791537,0.927949622966975,0.9671761235857237,0.7725645540758681,0.9299834289466344,0.7293098401399598,0.7209755593296103,0.9341976401680094,0.9341976401680094,0.8886955627708657,0.781252899802703,0.9048113045350052,0.7064934282346795,0.7995996720587015,0.7353798725148984,0.7078868375537279,0.7632421686937123,0.9129874603663681,0.7576876202204139,0.9341976401680094,0.9926545800718498,0.9409669977890662,0.9511876099263499,0.7039066400690758,0.9458674971126173,0.8748602561896519,0.9341976401680094,0.9341976401680094,0.8194438587051671,0.9341976401680094,0.807464158992051,0.7264869886153869,0.8873540622208855,0.5269632541065414,0.9782247305062935,0.8998328740391308,0.8326130329527142,0.9008291897984079,0.9341976401680094,0.9924821208671799,0.7637034372366573,0.9363880304285923,0.9458674971126175,0.9367579616423476,0.7023586345567214,0.8841862845276725,0.8932967537832139,0.9363880304285923,0.632863959510553,0.9341976401680094,0.775478651203112,0.9629590308991038,0.8696642492046924,0.992550803926028,0.7151338609305372,0.9240084059312026,0.8768403073232187,0.9336373275557406,0.9433718940682516,0.8348014453097331,0.8215775544475032,0.9762262925984149,0.985927565404734,0.99084282274228,0.951599083741091,0.8947908641640772,0.9409669977890662,0.9320645602494202,0.8392447154194034,0.9469401678022586,0.9583942031553514,0.8980054428335464,0.9511876099263499,0.8902183677316946,0.9511876099263499,0.9511876099263499,0.9048113045350055,0.8964228513787131,0.9245014781129608,0.9341976401680094,0.948467140918744,0.9202142532643909,0.9202142532643907,0.9594129746328919,0.9259591224230201,0.9320645602494204,0.9078247903914516,0.8626186644435845,0.9363880304285925,0.8057345193056092,0.8932967537832142,0.8173554210508898,0.7874779760549534,0.9341976401680094,0.8598295527538451,0.9610880275993517,0.9978234613124481,0.948467140918744,0.9129874603663684,0.9147540983606555,0.988635837201397,0.9341976401680094,0.746924546115866,0.7292027959893127,0.9147540983606555,0.7484817456541228,0.775478651203112,0.7576876202204141,0.9409669977890662,0.7696312684170001,0.9199416686997937,0.7746215314985789,0.7578863998373881,0.9165462137008822,0.9876264246464991,0.9797658041147691,0.9559620789221579,0.9341976401680097,0.9819923880936651,0.9713213412121519,0.7912032625956174,0.8739518939582047,0.6753617432899827,0.9341976401680094,0.9320645602494202,0.7954151283114463,0.651601377413928,0.8949624583202778,0.8005056606224616,0.7695099974882298,0.9341976401680094,0.7260027086843994,0.6198611056683123,0.8996020324755996,0.9341976401680094,0.7926104337466324,0.9259591224230197,0.9458674971126173,0.9165462137008822,0.9320645602494202,0.6440399480206577,0.9112446674143934,0.9858026338134493,0.9078247903914518,0.9133969850867747,0.7434758999605561,0.7396004853194875,0.9341976401680094,0.9061450951233825,0.9341976401680094,0.9458674971126175,0.8165472880571105,0.8501659032843123,0.9511876099263499,0.9044839950643897,0.7805375026225275,0.9395570123632411,0.9726387956636797,0.9341976401680094,0.8764681112735829,0.7681571428892384,0.7301168813013128,0.9778050395375548,0.9393420437091633,0.9409669977890665,0.9028404281797042,0.9012134114028683,0.891751906668637,0.8612222667022578,0.6792767735599082,0.891751906668637,0.5161038620197568,0.9409669977890665,0.5647765526904125,0.891751906668637,0.9511876099263499,0.9112446674143933,0.9363880304285925,0.907127699648002,0.9320645602494204,0.9012134114028683,0.9147540983606557,0.8598295527538451,0.530287031167221,0.9165462137008822,0.8886955627708657,0.9095242312718104,0.9320645602494204,0.9202142532643911,0.8474677175014009,0.8996020324755996,0.943752055960229,0.7841148356942864,0.9187568665400383,0.5718448028139644,0.9889605162825024,0.9363880304285923,0.9386420076357269,0.9337606448479008,0.9792166697491576,0.9061450951233827,0.8240511646791946,0.9318712301664058,0.9409669977890662,0.9433718940682516,0.9527245103940882,0.9424837518356481,0.8913055266121656,0.8932967537832142,0.9403227338586295,0.9945168069536078,0.9950286745612719,0.9012134114028683,0.9341976401680094,0.9774384882566038,0.9224423342309347,0.8871829502996262,0.8710878802609621,0.8543705432507491,0.8763982687835875,0.9642416825773449,0.9455584001270507,0.9112446674143926,0.927949622966975,0.9435169778505764,0.9601701237080074,0.9382897017170408,0.8160206773449095,0.9220943680125893,0.9857106085223284,0.9829392900173883,0.931293212600949,0.9543727587960986,0.9386420076357269,0.9903766507571461,0.8529137105219888,0.9061450951233825,0.9386420076357269,0.9880552524038384,0.8229385262714317,0.9475713121165523,0.9795036960805319,0.9299834289466349,0.782685874648712,0.8765447667087011,0.9665301256886063,0.994437324868074,0.8174887035560279,0.9147540983606557,0.9433718940682516,0.8612222667022578,0.9129874603663681,0.9363880304285925,0.948467140918744,0.8515386735783614,0.9914826481470902,0.9031596221624147,0.9433718940682516
p255_GAP,0.8833793306472292,0.9109152983485898,0.5602843470700181,0.8231279160941702,0.7822140588685709,0.8468751980607188,0.9666104096757528,0.9515635619264545,0.5340344050608652,0.8383410681534733,0.8043110376823825,0.8283963718614143,0.8009165455847469,0.7047761780089352,0.9552481020852659,0.7594725924908623,0.9565129193287785,0.7215739138624431,0.96554646064133,0.8737775624853952,0.694723283157511,0.79741987109302,0.9677523917627138,0.8296106003559927,0.7439123385701869,0.6681013542731119,0.7739774738301906,0.6138177575673571,0.8737775624853945,0.7419442134411711,0.737903634817921,0.8104734860907534,0.8186473599543369,0.7780529040320587,0.8104946185054884,0.9317063374136749,0.8296106003559924,0.8186473599543365,0.846875198060719,0.7376305244375809,0.5911358571865422,0.8297437905599572,0.9960563884710265,0.7404966410612809,0.9304364271146943,0.5891219327959358,0.8075195577599243,0.6492636635197595,0.7161768939012274,0.5069285489789649,0.8460391883026932,0.5200946568858076,0.6898986661254135,0.8113809987819507,0.9776962401979464,0.7742298827847796,0.7108457362213887,0.7935775465776653,0.7016412742709808,0.8338539721527616,0.5448848792408874,0.5106511384396746,0.8860744727961276,0.6726132992523182,0.8223572438900812,0.4372780635449013,0.9084914293220661,0.8502169880449033,0.804683636223239,0.8978662141860199,0.6800423756871357,0.7805377855102891,0.9349803447622531,0.3863464549846637,0.7935775465776653,0.6744539331970607,0.868982328583106,0.8043110376823823,0.4813258341012009,0.8468751980607188,0.8286618070534841,0.9129498479636988,0.7003656384018762,0.8741550968285554,0.7935775465776653,0.6652711858900795,0.9882530910665823,0.5438466093810478,0.9154240743227646,0.814365886541907,0.7935775465776653,0.5913772505350527,0.45283358136129515,0.4969423723308355,0.9261455867832442,0.8955031870809014,0.5976547834967829,0.6643607250821311,0.48818415495399226,0.29583038557352237,0.7319737850758519,0.837657223976322,0.7935775465776653,0.8536202899799825,0.9240160782412068,0.8301859677307104,0.6227931055442251,0.4695185565466461,0.858459275429383,0.3979475591545656,0.6679845849257162,0.727041067287828,0.5440871941375119,0.7547770521981241,0.8376572239763225,0.47230530059421316,0.985566023023569,0.864026090958365,0.8468751980607185,0.4469106459265857,0.9750362238197998,0.5643020410083386,0.7439123385701871,0.8774233101925586,0.973263720205334,0.6063469361395213,0.8004488158253997,0.7896088058424873,0.9932753295214196,0.6815363726303545,0.4544516339548027,0.9815167787252906,0.8772653088123796,0.9666483139263965,0.8000539660442745,0.5403489175982072,0.7198671103559144,0.8148130677930066,0.8772653088123799,0.8338539721527618,0.6840619413838058,0.8383410681534726,0.5123479745947992,0.619743803913948,0.6339981670067518,0.5846147014342082,0.7626412847600528,0.4156523983872241,0.7903896037626322,0.3402395961004179,0.9092140568173153,0.5448848792408878,0.6418372787733213,0.943455867280226,0.8772653088123796,0.683121451080863,0.7794592995464669,0.7601776919532441,0.8704504439408849,0.5793151603531481,0.9034092468907396,0.9582078888419137,0.822766435368971,0.6414169729594694,0.6465134656545346,0.6604249899121903,0.8031943472521901,0.6889087876654734,0.9671964864889473,0.5756190767024377,0.9020290748176603,0.7868860602652394,0.8032091401259467,0.8615752044758206,0.783521537018524,0.7650603839145007,0.8978662141860194,0.9916799728130038,0.8483269802018318,0.6291657230071868,0.9476963780415091,0.7351250026796221,0.9299774332527292,0.8833560244147495,0.7358483663442605,0.6052971024482003,0.47381330223787155,0.7713843065612117,0.88603172345693,0.9498398745019849,0.8338539721527618,0.7356482768580597,0.5517474426233662,0.48017875293600576,0.9085641730175569,0.7935775465776653,0.8296106003559922,0.9408468422255942,0.9403371305450043,0.6501649162065524,0.6157537111065842,0.7734367193080793,0.7935775465776653,0.5495052359343262,0.2856085837049006,0.8737775624853945,0.7935775465776653,0.877870317597826,0.6447114082078744,0.5858386337016712,0.6961378298938636,0.6644615489597969,0.7868860602652394,0.7935775465776653,0.9036849599587744,0.7935775465776653,0.5443603708931445,0.5501157301225326,0.5864710698173162,0.7935775465776653,0.775653869047022,0.7935775465776653,0.6774238896092089,0.8259685630435827,0.6976433105542652,0.5962033292826145,0.8075195577599243,0.3283436673032296,0.8338539721527616,0.8300238972266913,0.9163302989466371,0.8060858703160152,0.5537985729207808,0.6891820906763351,0.8148130677930066,0.8711130251793342,0.7333130121849543,0.9046212832525706,0.7750363742013961,0.9024861591652418,0.6078864437853926,0.8261304582583577,0.609341399042767,0.8184192001105333,0.7935775465776653,0.712000590771622,0.7935775465776653,0.7791167384964558,0.8581515720886295,0.9353779681295005,0.8988607231842209,0.3768741728964691,0.8004488158253997,0.5837794653733983,0.7906921486878846,0.6272305481685658,0.9747664232800966,0.4499702705999168,0.8075195577599243,0.5350908720198895,0.999318002562787,0.4528968491729589,0.814365886541907,0.9829415896450739,0.6070411100612554,0.846875198060719,0.5860394098364481,0.6241043108488018,0.7935233386106602,0.7668694422908984,0.5771959714675559,0.9041518476198138,0.6854084187138947,0.6647127290283366,0.31280217608606153,0.8301859677307104,0.2090213571069368,0.8389072375241483,0.8904039948150171,0.9474308831699225,0.8301859677307104,0.9025026636510793,0.3961057426199346,0.9504913952342665,0.6837582576914056,0.7442267573706798,0.8075195577599243,0.9936192365572543,0.34764148428088915,0.8338539721527618,0.8075195577599243,0.9883455550583113,0.4377057915557159,0.8301859677307095,0.5124275589903289,0.6435316338229069,0.6243545183875763,0.8030444328840205,0.8301859677307097,0.7935775465776655,0.8448986771193507,0.7803575371163458,0.9084914293220665,0.38448360310494756,0.9603109281677622,0.9815167787252908,0.737630524437582,0.6324269178883941,0.3854297940489073,0.8945260555036647,0.8279396620880141,0.7295891897138016,0.7889239993872819,0.8657618512352533,0.5679274062879391,0.9800870454811565,0.6684436529256623,0.944650551149236,0.9175099500870245,0.957723605798964,0.7197073629683028,0.8006907814269035,0.7935775465776653,0.7792473655810658,0.9046212832525706,0.7215739138624444,0.8301859677307104,0.982941589645074,0.8693255390952424,0.7935775465776653,0.9754088007236272,0.7975726767650843,0.8841704956632956,0.8490625952051447,0.6941849111345435,0.7325830227742436,0.8729257271101273,0.47184470679938706,0.43070998815013417,0.7673022436290358,0.7231257403883005,0.4310829194246111,0.9582078888419139,0.6258343310915968,0.4693453939438108,0.7158310782765136,0.6554050393542881,0.9293530163238195,0.3379149913829248,0.6701547690587779,0.26427167049282185,0.8000539660442738,0.814365886541907,0.9333127320922598,0.8045119505252907,0.4090307686110837,0.2185015978462873,0.33793196861660646,0.7935775465776653,0.3583518949084171,0.9960780627995272,0.6943276870938762,0.8910383534303419,0.9490399658550024,0.48461578199809274,0.7935775465776653,0.7935775465776653,0.9405650175171101,0.7860517448073583,0.46794585287738766,0.7935775465776653,0.9092140568173153,0.7935775465776653,0.9020290748176601,0.582252011381104,0.41937557505128564,0.9632609043991704,0.710085339630605,0.868982328583106,0.39426837355580746,0.42961903962916503,0.7935775465776653,0.6347062470640832,0.6976433105542652,0.30625503926610764,0.4285310069602254,0.7300648842032198,0.7780002908388213,0.8075195577599241,0.3656852470992188,0.7935775465776653,0.43251422324384947,0.7651685375670474,0.6818683134101353,0.7887435660326989,0.7912862007463008,0.4022718603759765,0.7931903099733724,0.7935775465776653,0.5605754971957064,0.4948249300645311,0.7935775465776653,0.9698194190745997,0.6884225551130507,0.6937887551404549,0.3359412310590493,0.33554391360884783,0.7935775465776653,0.8410855035712728,0.4893081776262723,0.9846082159441185,0.754041717593779,0.6576168904931278,0.6192541887640104,0.5732197648582267,0.6256986327034517,0.8075195577599243,0.6852734808771186,0.4650700731953419,0.7611596499586799,0.4325085972130669,0.6863922735468806,0.5586989661427861,0.9218428935840399,0.8148130677930066,0.743371225714746,0.7935775465776653,0.8990930464480494,0.6993266388150414,0.6739825604539225,0.8304274217510873,0.9137674449537108,0.8338539721527618,0.7795228402151425,0.9170959539477708,0.8071057546345537,0.8773633457956884,0.7935775465776653,0.985566023023569,0.5376421830839015,0.7099135756996555,0.9329331696757048,0.4382686991176067,0.8072939885273199,0.8402489527348129,0.9447976426733768,0.7695273527363693,0.9166906335764966,0.8737775624853945,0.7360754682265838,0.6882543988515059,0.8245740265228074,0.727041067287828,0.8212740235897154,0.7546037556968199,0.9883455550583113,0.9683261202076309,0.8681591602101824,0.966406692486957,0.8678581416663351,0.740749117874093,0.9521812686065975,0.6569198337674953,0.567830950476421,0.46843918187216604,0.681399665063855,0.9565129193287785,0.655605556112073,0.7413420970622846,0.9993444767779771,0.8164999142521172,0.898888144494703,0.3455622379389096,0.8304274217510876,0.7012023916314503,0.703770648508707,0.7845016432436664,0.6482339955849888,0.8075195577599243,0.9823649204478848,0.4893802309833224,0.8345965615452762,0.9037040020056445,0.7975726767650837,0.8392057321299524,0.7712182284317532,0.9521580215333112,0.8929551623829162,0.8522069504724423,0.800053966044274,0.9666040886391871,0.8301859677307102,0.7559476086169206,0.4414910175826091,0.7182581679575235,0.7868860602652394,0.7868860602652397,0.5063103569728451,0.9845432605334763,0.8000539660442743,0.5068732280552031,0.7935775465776653,0.8548074383008892,0.7935775465776653,0.7935775465776653,0.25856935886961696,0.7382049008693423,0.7462640555290072,0.7935775465776653,0.495049639780051,0.44418906134101954,0.8949765365111109,0.7063885372138423,0.6494086099315186,0.628042910179833,0.6427089517672577,0.9620298033645398,0.31440615037408226,0.9204755598781948,0.9461831943363036,0.8223572438900817,0.6009855196040679,0.5675873304505683,0.6096111144324827,0.6952097578291012,0.9776962401979463,0.9140986247073859,0.7804591892894593,0.9197078271225039,0.641654041921115,0.8075195577599243,0.7269295434586815,0.9878927564367226,0.9627083332056218,0.8300238972266913,0.5281917905220979,0.7300648842032202,0.5448848792408878,0.7108811209865669,0.8821742568592452,0.8006907814269039,0.8689823285831062,0.8004488158253997,0.8695181657321369,0.41455591489482957,0.5549831010609094,0.8460391883026932,0.7541070027270702,0.8261304582583584,0.6105403437003929,0.551578344794478,0.8418457128185748,0.33051852003564663,0.8440437873718378,0.8841704956632956,0.3581822418456243,0.36006889794331587,0.8453495041545116,0.42160275454707596,0.79741987109302,0.9293257501833689,0.7545493644500241,0.7935775465776653,0.8148130677930066,0.7440818798146167,0.7539334992316535,0.6262129135402916,0.7970595364631607,0.7649227650741173,0.8029928876661341,0.5033953023466142,0.8070691481373542,0.31099363262759183,0.8383410681534742,0.4412067696835904,0.927830499235495,0.43612386819501814,0.8071057546345537,0.9459326098591598,0.7497397870081354,0.7845016432436667,0.7551288759229255,0.7397234441258546,0.5947914547789639,0.2918935435084582,0.6114915750392387,0.765291377146565,0.6876171618882895,0.5175285822626696,0.6771657840301019,0.9092140568173153,0.860861863864431,0.7912862007463011,0.6013938614343237,0.7286692049444832,0.8095742206886204,0.786886060265239,0.42730818314259666,0.3666984987221853,0.9214657932658725,0.7344257516610159,0.8609661138596997,0.7781547696602107,0.7906891121594517,0.837844852825882,0.8706260043031643,0.7154557080917077,0.9987987057824761,0.7808302979116329,0.7556094989401796,0.8833560244147496,0.846039188302693,0.8841704956632959,0.7935775465776653,0.9302714769725162,0.5495485439366266,0.39675291174504457,0.6750777754553818,0.7935775465776653,0.5385487402577078,0.4241616188649844,0.630283464825506,0.7047761780089354,0.6091066398010581,0.6069237022675695,0.4684496180223593,0.8588200545472655,0.726395613091642,0.9085641730175571,0.48725505787132295,0.6486341751647384,0.8223572438900819,0.6045862281410699,0.7108457362213885,0.9582078888419137,0.6924392321874631,0.8841704956632956,0.6906697988930339,0.8071057546345539,0.8841704956632956,0.7616138489986313,0.9432542736204887,0.7935775465776653,0.6808821051915808,0.6494281893251062,0.8314127999927395,0.867055737779324,0.9640386039400275,0.26643001409636646,0.23766453461664927,0.814365886541907,0.9978302091488739,0.8261304582583575,0.814365886541907,0.814365886541907,0.9873534418251886,0.7935775465776653,0.9825894115428624,0.9328646669635832,0.7935775465776653,0.7325830227742434,0.5713775735834501,0.8990930464480493,0.8075195577599243,0.8855910064126518,0.762124416215708,0.814365886541907,0.24442839984590092,0.3796540051483711,0.7108811209865675,0.4099975079317333,0.7935775465776653,0.7261502926840111,0.8075195577599243,0.7325830227742436,0.0,0.6274007468567881,0.8301859677307095,0.8879341694171781,0.9520188956647785,0.931801500933592,0.7906921486878846,0.8501386658515004,0.8581515720886288,0.7190070459033087,0.9988990117681968,0.7063513658564938,0.8043110376823828,0.96554646064133,0.7161768939012274,0.8075195577599243,0.6400193034008561,0.32530584874510426,0.7935775465776653,0.9066997851253356,0.6100379589798031,0.8737775624853945,0.391746046199855,0.8261304582583577,0.8530125764245864,0.2871382414451059,0.8338539721527618,0.3284077995546757,0.23589965496851117,0.7935775465776653,0.7935775465776653,0.9118008867100773,0.7688443375195367,0.7212665273510976,0.5053789700279196,0.4716153113260432,0.5091512015235531,0.5421352516453977,0.32326664597995614,0.7492018243954384,0.3654163575208573,0.7935775465776653,0.8790872188434918,0.8148130677930066,0.846875198060719,0.38963143012964685,0.8301859677307104,0.3336851149910589,0.7935775465776653,0.7935775465776653,0.3780052899176414,0.8218581062145831,0.3444408742012729,0.7497115660996294,0.43229909987103143,0.6237268340128523,0.9554056298119482,0.9851814440714206,0.45229516505220746,0.5247836577182141,0.7935775465776653,0.6556142677649814,0.3272376808129458,0.8879341694171783,0.9667732929033599,0.9481443152206582,0.7737337864535948,0.6366915814449021,0.6652711858900795,0.7621244162157079,0.6838660646138899,0.7935775465776653,0.248272511257013,0.684085116518435,0.7081581410477831,0.6954431836475816,0.646008435221177,0.8153653778431531,0.624137574669774,0.5388643458684963,0.8531408120018441,0.837202023006366,0.5509121136346736,0.8348751429585499,0.838341068153474,0.8612674490118695,0.93954703238546,0.2666751725822766,0.8460391883026932,0.7868860602652394,0.5998466075146511,0.7186969447080922,0.8397390898773887,0.7939345763945297,0.9666483139263965,0.8949765365111106,0.8174671235160889,0.8547624211186655,0.6045862281410699,0.9976737266902119,0.5446200879780418,0.8670557377793238,0.8737775624853945,0.79741987109302,0.7732053839664659,0.5968931015528036,0.8186473599543376,0.745956893031412,0.8877213355438018,0.7696756849667186,0.9754195230089564,0.5928114622428167,0.9662940759437624,0.6437252327668879,0.5739210803151864,0.7935775465776653,0.5913772505350527,0.8953362974162413,0.6017851087054468,0.8383410681534733,0.8740653047751789,0.6812247953600246,0.6151032928163858,0.7935775465776653,0.3967815714314965,0.3581822418456242,0.8841374736981633,0.3170472045137114,0.4240029850922048,0.3530737094035348,0.846039188302693,0.5002709404479566,0.9526327261918688,0.9426332992884708,0.24520509100426469,0.7382049008693428,0.42728637640705625,0.8468751980607188,0.8300238972266913,0.8218581062145831,0.9926682749078379,0.9736204603374743,0.36022397950190277,0.978698417537401,0.34115441721562534,0.8104946185054889,0.814365886541907,0.38983909848947573,0.5311141236723724,0.6256986327034519,0.34265026042041635,0.2880543733325146,0.7935775465776653,0.4008436465498977,0.5403201380411078,0.7245014676898074,0.7935775465776653,0.48142819277573046,0.8695614599162658,0.8301859677307104,0.8988881444947028,0.814365886541907,0.5321005854208964,0.9078717846484292,0.8071671013381116,0.9722335309616565,0.9923348610738467,0.8529786463160287,0.3879761826295587,0.7935775465776653,0.7947652610386275,0.7935775465776653,0.864026090958365,0.6780391705913822,0.514360372935886,0.846875198060719,0.8891253645410908,0.7590718307133102,0.6918900390860054,0.7639520470515528,0.7935775465776653,0.668592259458086,0.4070427736484046,0.6696846460984152,0.7154557080917079,0.674026749976222,0.8416996066004406,0.6952097578291012,0.8903237689170954,0.9301734830249901,0.5436209170934047,0.3246087687451733,0.9301734830249901,0.8823037851367876,0.8148130677930066,0.6243545183875765,0.9301734830249901,0.846875198060719,0.8959524086808568,0.762124416215708,0.609341399042767,0.7868860602652394,0.9502624026349402,0.7776747290716073,0.6623930663041351,0.7108517143987036,0.7108811209865673,0.638449702262845,0.8547504953716943,0.7734367193080798,0.8928364810798015,0.692304506167601,0.6850508883280633,0.6827863558580491,0.5860394098364474,0.965562733942707,0.6621563767822227,0.7805377855102891,0.8587723848865851,0.8677948901927202,0.7383037406472271,0.8681890382161872,0.8780416307551022,0.7263956130916422,0.7313435047068066,0.8772653088123796,0.8223572438900819,0.8571461994511695,0.6633454161597225,0.844635285456431,0.8267526871443306,0.9179152107177713,0.9316000559021886,0.860861863864431,0.7304874123361763,0.9349803447622533,0.6298919970977221,0.6201656327978615,0.7543411806896023,0.5507678540953025,0.7565547986551053,0.8872576327116963,0.9175099500870247,0.8833283518550201,0.6898986661254138,0.8782834426865263,0.8440437873718376,0.982227579102269,0.999318002562787,0.9792140670516237,0.7556094989401785,0.9975708682790551,0.8693255390952424,0.9712798982558526,0.8261631738395616,0.8075195577599243,0.8587723848865854,0.616030773828254,0.6490316140347954,0.9883455550583113,0.9603109281677622,0.5704502063173205,0.855034511003512,0.8338539721527618,0.8071057546345539,0.5039596679605263,0.8453122885176532,0.621254842313931,0.9815167787252908,0.465948101673633,0.7551288759229258,0.8223572438900819,0.4966879811648366,0.9486486383639352,0.8587723848865854,0.8383410681534731,0.7450944691304255,0.8301859677307102,0.9913695507130933,0.8548074383008892
p255_N,0.8383128151580508,0.9651353935154794,0.6628773739055622,0.9428545974512955,0.9083158055901506,0.9319883865480127,0.7725560850709461,0.8113588083773666,0.8263815673352459,0.9281978840490721,0.691572486728576,0.9053437280773229,0.9053437280773229,0.7458220115802419,0.8835720740018725,0.7931448484714045,0.9143370995839922,0.9696475261641206,0.7374009961013608,0.9281978840490723,0.9486232470547771,0.4303816258142904,0.9164774721372542,0.9113677351409675,0.4462067971721494,0.8763348124829182,0.5422318497454299,0.8491750256551858,0.9281978840490723,0.8516268828969287,0.8646249603464984,0.962306653551736,0.9331634535227102,0.9835942424847568,0.9083158055901508,0.7856900351516105,0.5476611504073785,0.7035705877911975,0.9319883865480127,0.6974689360615411,0.9258143453563904,0.8787630926879588,0.9319883865480125,0.842808976093194,0.9368208004805825,0.7719079862167013,0.6124287930374472,0.8203832829382249,0.3301031806462068,0.84906557575255,0.9177477332861093,0.9153327865456318,0.8763348124829182,0.8941188719993174,0.8968368576541008,0.9017190217704447,0.6460427419832693,0.9083158055901508,0.8253316901463117,0.6013581779013628,0.8304244459109724,0.965777625968157,0.9059355222609431,0.8649062368563816,0.6621506625743607,0.7009619129040034,0.7703398248545043,0.7781379186745823,0.7748544829028777,0.9728647695971406,0.5860953154089161,0.8739376826205691,0.9486714815870392,0.7050800306582665,0.9083158055901508,0.9033550891302351,0.888832377235105,0.865312287431165,0.9662864852844693,0.8551336555077049,0.8914519915852104,0.881224596830571,0.8109024770791751,0.9074390503766523,0.9083158055901508,0.7191200990411399,0.9750104233747737,0.7348241177667563,0.9218040771478564,0.9053437280773231,0.9083158055901508,0.48540208287214925,0.7636585411208542,0.7570968852495339,0.8669149862082735,0.8672336638266784,0.5635870844372659,0.9430601591562494,0.7104020132208464,0.6905611127931237,0.7063411734827739,0.9564745711255597,0.567060406450299,0.8147216545854521,0.8324526832543317,0.5442448399003639,0.4792611592035184,0.6689739002860293,0.9530102635619488,0.6912031960493867,0.5274598427255253,0.9947454453095648,0.8794758075761906,0.4628250422838306,0.5264173485154191,0.8687326712559971,0.9651353935154794,0.9245757305468909,0.9319883865480127,0.7821892127145409,0.842808976093194,0.5641543834813625,0.679844606886667,0.9801868897476822,0.8763348124829182,0.5932745686316019,0.5476611504073785,0.7882741497313808,0.9837698257153857,0.847038304686687,0.7703333732535163,0.9145082620913978,0.9931344261826374,0.9319883865480125,0.5422318497454304,0.9824014309141864,0.8024822078614227,0.8594576653857575,0.5921041437919995,0.9024440319654483,0.618112915564478,0.5661318951050305,0.6831080877184379,0.6275708664351665,0.6397736965471237,0.8386336412280213,0.8959334810651653,0.7149464062216131,0.9351653085231248,0.8241639311615923,0.8189670055279796,0.8304244459109722,0.5733332856796379,0.8064903733379947,0.962306653551736,0.9045514955718472,0.827615309413043,0.8170266569691491,0.9902307594941684,0.5641543834813625,0.787640289853174,0.914508262091398,0.9455693733429784,0.6779326857616623,0.8875226134880515,0.40728994124495255,0.7882741497313808,0.9025610767133648,0.8669149862082732,0.8506363483640345,0.9445553534795308,0.663312734913333,0.9017190217704449,0.7141117773114676,0.9826442441884957,0.5585552278928351,0.9245757305468909,0.7665483157130137,0.6773411140148375,0.9464385443462516,0.8662097599854564,0.798902987411837,0.9017190217704445,0.9053437280773231,0.7457021111721929,0.467527702891939,0.7629944921097787,0.8695796763165993,0.8941188719993177,0.9763993056378169,0.9024440319654481,0.8983060995155134,0.7869999039779613,0.7246597991832688,0.8791691340598808,0.9083158055901508,0.9113677351409675,0.6395272386808399,0.8203832829382247,0.9878081649084767,0.8268811643733736,0.9053437280773231,0.9083158055901508,0.8991085235681542,0.8634832667694652,0.9281978840490723,0.9083158055901508,0.771624998464524,0.847038304686687,0.8381441795736675,0.7801631855403656,0.8090474633092013,0.5456735884562378,0.9083158055901508,0.7399891659895366,0.9083158055901508,0.8295472151641541,0.9616451487562709,0.9878081649084769,0.9083158055901508,0.7076836186194533,0.9083158055901508,0.6469632464411517,0.9307859954902564,0.752502635184174,0.7732921288675316,0.7414459598204888,0.6216254108727797,0.9024440319654483,0.46116094287600684,0.8888323772351054,0.7065010166743967,0.6946017274462557,0.9077996427643353,0.9177477332861093,0.8183996995703311,0.8027610705485606,0.9615548190290798,0.9290782981599541,0.8376716829705627,0.8470383046866867,0.9740313254644388,0.5213076656115471,0.9024440319654483,0.9083158055901508,0.8243737901066757,0.9083158055901508,0.7997877440180117,0.8113975152753339,0.9931344261826374,0.8692294415124868,0.6216254108727797,0.9113677351409675,0.8449165396552598,0.6798446068866668,0.6129372960680388,0.9348082077122006,0.788274149731381,0.9145082620913982,0.5873049695839627,0.7684406807967785,0.7558486135009483,0.9053437280773231,0.921098539831031,0.7696105434917438,0.9319883865480127,0.735413201813869,0.9345780833924722,0.8787630926879588,0.8066482158162789,0.5732565869951187,0.9931344261826374,0.7639640053964214,0.8952855156449767,0.9505717463747272,0.5442448399003639,0.6912031960493867,0.8969252786361199,0.6683619675825756,0.870791893649906,0.5442448399003639,0.7888901500367258,0.7350205650360122,0.9862901718146118,0.8164233562706871,0.7176744993129484,0.526417348515418,0.8806481140766085,0.6867535481931917,0.6776962994603152,0.9575139843524121,0.914508262091398,0.5797055763080785,0.9305571523023599,0.8802692444403803,0.7380805818005263,0.9069281264398866,0.9850724936580612,0.9728647695971406,0.6074160824471873,0.8199241878666526,0.8303725425782199,0.7257809045888781,0.6604737468470065,0.8395099326667366,0.9994802933865738,0.8739376826205694,0.8491750256551858,0.6448782466980773,0.8866081569695672,0.7912321307688628,0.7055408538521771,0.6106434394589713,0.7213451745297788,0.5826908526776649,0.8695340276125693,0.8983060995155132,0.9281978840490723,0.6306243695443072,0.8995866400771453,0.7630866426284154,0.914508262091398,0.9083158055901508,0.9177477332861093,0.8901976887409982,0.6571016191110701,0.5442448399003639,0.921098539831031,0.8593779790084883,0.9083158055901508,0.7465982668051004,0.9245757305468909,0.9319883865480125,0.8078099963372983,0.8019734926373709,0.6683619675825756,0.9931344261826375,0.6992014051632136,0.5898817900054532,0.9468592465604012,0.8968368576541013,0.6622552344324812,0.9145082620913982,0.8534965853888823,0.5832490533527068,0.8941188719993172,0.8386336412280213,0.9852078760340832,0.6115366371858089,0.7935335416706684,0.6339170929912337,0.5422318497454319,0.9053437280773231,0.9968923552496205,0.7569646138955325,0.6867535481931917,0.6889387113021788,0.5296036296742671,0.9083158055901508,0.774088775839695,0.8513275026111493,0.677341114014838,0.7996611737313364,0.9281978840490721,0.7207768433582065,0.9083158055901508,0.9083158055901508,0.8739376826205691,0.8743312554554241,0.6188149696637406,0.9083158055901508,0.9281978840490723,0.5670604064502989,0.7739695238475353,0.9333723855760502,0.6552480653901704,0.9302614904222952,0.3108424978400496,0.9228716770826353,0.507652965293915,0.5569588662764127,0.9083158055901508,0.9207707064109043,0.7259478125734645,0.6314856701574887,0.6709653107479325,0.7384974157533291,0.6562446552843668,0.914508262091398,0.6667111183953425,0.9083158055901508,0.582456910449759,0.9696475261641204,0.9960438672065222,0.7846496648024124,0.9113677351409673,0.5111322970705983,0.93316345352271,0.9083158055901508,0.8580268318889415,0.6648713646133764,0.9083158055901508,0.8623579941942756,0.907862468416901,0.7509467332125592,0.5389497693689063,0.6779326857616623,0.9083158055901508,0.6190207246704595,0.7590635423320593,0.9210985398310307,0.4948056436406242,0.5742592618119633,0.8816232583814045,0.8345070422535215,0.5272376044441354,0.5264173485154191,0.8625965090627861,0.7950607243576511,0.9492333450312933,0.7342560636100546,0.8622808193264391,0.6921030328929032,0.8837215992432155,0.5029863032607462,0.4704761917486655,0.9083158055901508,0.9245757305468909,0.7527789709074084,0.9089569097107184,0.8914519915852102,0.8039787922191282,0.9024440319654485,0.7409079078593377,0.9113677351409675,0.9024440319654485,0.9695561678527186,0.6477717584440761,0.9651353935154794,0.8235708567837484,0.8619454598835953,0.9788461913526095,0.7227125659592486,0.9281978840490723,0.8941188719993174,0.9492333450312931,0.8850504981954326,0.7707746242895915,0.6166989171896211,0.9175251818498114,0.9288394934873136,0.8181682535597993,0.8787630926879588,0.8888323772351052,0.8664119786449705,0.914508262091398,0.8534965853888816,0.809548002141264,0.9339702684827471,0.7970515206073909,0.8881595054994069,0.8914519915852104,0.8646249603464986,0.7022871777288198,0.6067994987573091,0.6881960490746808,0.9143370995839922,0.7526538969566154,0.6460224008426387,0.8601128166776508,0.9455693733429784,0.8837215992432157,0.5327457118646486,0.8914519915852104,0.9773912569637389,0.881224596830571,0.548655838323042,0.6079753947836606,0.9564745711255597,0.7412337787605054,0.8581971085053988,0.6117319994542123,0.8649062368563818,0.9245757305468909,0.74158358594578,0.8046967529941969,0.7084563067515395,0.9288394934873136,0.6166528997131422,0.8996102754967263,0.9931344261826375,0.9245757305468909,0.9512964073973862,0.7247419213860642,0.997277740803197,0.5456735884562393,0.9378040766465512,0.7167203076618367,0.8324605212725527,0.8996102754967263,0.7483685569887777,0.9083158055901508,0.5695393742200042,0.9083158055901508,0.9083158055901508,0.7082846413734101,0.8837215992432157,0.7120789556074874,0.9083158055901508,0.6911162440161326,0.7436200971417521,0.8470383046866872,0.6986179341651109,0.9627305402956892,0.8078278419593388,0.8379706158235062,0.8243737901066759,0.7477056920101903,0.8968368576541008,0.7950607243576508,0.9210985398310312,0.8513275026111498,0.7031689530969072,0.7399891659895366,0.4420034632463966,0.9694900493913192,0.9787821535244003,0.6609629613110395,0.921098539831031,0.32232574988849405,0.5264173485154191,0.7813884795099193,0.888832377235105,0.8366311178064687,0.9492333450312933,0.7639640053964212,0.36786315356182064,0.8304244459109724,0.8837215992432155,0.8556831783106491,0.9575139843524121,0.8888323772351057,0.672500638357759,0.7390135484978584,0.7801631855403657,0.9406236008419152,0.9177477332861093,0.8754277320114355,0.8996102754967266,0.9307928626581105,0.6512537056184309,0.9770171254655827,0.6314856701574887,0.8962043077275959,0.6954751870494928,0.56277396734172,0.7599089755509361,0.8243737901066757,0.6209208620231872,0.8728925238321826,0.8324605212725524,0.9350205210689277,0.9083158055901508,0.5029863032607462,0.8757298482658953,0.9083158055901508,0.9015460154075939,0.8888323772351048,0.9024440319654483,0.5180092618859458,0.6013202413742609,0.985254909180629,0.6823595529017215,0.9281978840490726,0.5905975798209433,0.8914519915852104,0.7984530021533156,0.9024440319654485,0.9694900493913192,0.8214154711211332,0.7325750121896464,0.732706744094983,0.9283237840174419,0.7836079326679546,0.6564934416865478,0.7923388571645833,0.7392304842952147,0.695213793057168,0.7852285773347096,0.9224059250470902,0.9281978840490723,0.6798446068866667,0.9113677351409675,0.7604203456173402,0.8481595002027027,0.8512853698954566,0.9053437280773231,0.6373821173016021,0.515255211549051,0.8551336555077049,0.906356356571097,0.914508262091398,0.7728141488346038,0.8056122804055927,0.910385958188578,0.8459770917681,0.6153463573481746,0.9530102635619488,0.8164233562706871,0.8914519915852099,0.9053437280773229,0.5921041437919996,0.9319883865480125,0.9083158055901508,0.8534965853888816,0.9676232043771458,0.8794758075761906,0.5949336361899238,0.9083158055901508,0.789322320942444,0.7812771567145984,0.8304244459109722,0.7176744993129485,0.8379706158235058,0.8625370763181528,0.7855104563956017,0.8144071829265975,0.9286461262885566,0.7796180488977593,0.7304207083460028,0.8665090122861584,0.5695393742200042,0.5096263272045628,0.646042741983269,0.9994802933865738,0.6537525091039598,0.9852078760340834,0.8692294415124868,0.6395272386808399,0.9083531449937755,0.8941188719993174,0.7364903892325265,0.9890271575839278,0.9903739465696542,0.9104544847053613,0.9245757305468909,0.9083158055901508,0.8888323772351052,0.6166107221020536,0.6779326857616625,0.9053437280773231,0.9177477332861093,0.8996102754967263,0.9053437280773231,0.9053437280773231,0.8534965853888816,0.9083158055901508,0.8996102754967261,0.8816232583814048,0.9083158055901508,0.6361895793263718,0.8224116899974546,0.9245757305468907,0.5264173485154191,0.921098539831031,0.9113677351409675,0.9053437280773231,0.5851891099788726,0.7437997715050164,0.8837215992432155,0.7497446740337976,0.9083158055901508,0.7004934761933528,0.9575139843524121,0.881224596830571,0.6274007468567881,0.0,0.9245757305468909,0.9113677351409673,0.8862566036435153,0.9690425214467089,0.7132214368458838,0.6477717584440748,0.8733124723819161,0.8363027130137941,0.8175797338002455,0.9285958677134034,0.900060247571683,0.9305571523023597,0.666855123110264,0.5694230707764332,0.7742375818566308,0.733363884172159,0.9083158055901508,0.9486714815870392,0.896287655196289,0.9281978840490723,0.7817820443944747,0.6166528997131444,0.9956958720067637,0.7188157380895688,0.9024440319654485,0.6575612894497114,0.6458853413075782,0.9083158055901508,0.9083158055901508,0.84491653965526,0.49309470820986556,0.7950548483568893,0.9821259797969885,0.7207768433582062,0.6978424853626629,0.7756214617636183,0.6734713457655377,0.5836481938015161,0.6976049783085998,0.9083158055901508,0.8203832829382245,0.5029863032607462,0.9319883865480127,0.7275833633993891,0.5442448399003639,0.7312889707786332,0.9083158055901508,0.9083158055901508,0.6265829904420417,0.6477717584440758,0.641134808723619,0.6686567247470026,0.6458216770459697,0.8416529682133564,0.8692294415124868,0.7397881962121882,0.7556112844794498,0.7056605290409377,0.9083158055901508,0.49610750293258343,0.7061613283012411,0.630887475707633,0.9245757305468909,0.8812276347896835,0.811699570766129,0.9845881775546386,0.5311909247640164,0.9113677351409675,0.9846990746369911,0.9083158055901508,0.7229916838421406,0.7459671239378718,0.8183996995703311,0.6029088456173155,0.967623204377146,0.8941188719993174,0.876738859681045,0.41064893879681186,0.921098539831031,0.7627638183722885,0.7903055332959794,0.8996102754967261,0.9201010496971589,0.8601128166776508,0.8763348124829182,0.6976049783085998,0.9177477332861093,0.9053437280773231,0.9986383911643693,0.8715698060206925,0.7325750121896464,0.9134898893813279,0.9319883865480125,0.8376716829705629,0.9319883865480127,0.9319883865480125,0.5334120373005902,0.8831523375856205,0.8124908642099102,0.9083158055901508,0.9787649061336618,0.4644209256618207,0.8888323772351048,0.47151039077900836,0.9331634535227105,0.9053437280773229,0.8715698060206922,0.8085828971848574,0.9113677351409675,0.8638675080389662,0.8513275026111493,0.7345464632063106,0.693151765471715,0.9083158055901508,0.5075864942513258,0.9083158055901508,0.6552480653901709,0.9281978840490721,0.942008823689197,0.8812245968305716,0.4588870276245003,0.9083158055901508,0.6823595529017215,0.5627739673417199,0.8812245968305712,0.6845605606184528,0.7229916838421406,0.6976049783085998,0.5475452235263729,0.7324189654618365,0.9804958533698627,0.8420951943012067,0.6237097576520956,0.6904520531342787,0.48928242180772197,0.9083531449937756,0.8869872904985121,0.9302614904222953,0.8603645741846178,0.9963929344256803,0.7456642284961938,0.8243737901066759,0.5510523250234074,0.9890271575839278,0.9053437280773231,0.7149464062216131,0.8240010566923377,0.663845507481229,0.6314856701574887,0.5879025454564355,0.9083158055901508,0.6529240883605301,0.641532398138692,0.7458220115802419,0.9083158055901508,0.7477056920101903,0.8968368576541008,0.5442448399003639,0.9164774721372544,0.9053437280773231,0.8343017947343108,0.8763348124829183,0.5894990949160623,0.8715698060206922,0.7439316751573277,0.8837215992432155,0.5450506008338079,0.9083158055901508,0.8692294415124866,0.9083158055901508,0.9245757305468909,0.739515746751632,0.7912321307688626,0.9319883865480127,0.9254936292469189,0.9747346473108147,0.8283982939872365,0.40805186437272223,0.9083158055901508,0.7514242571504984,0.6769671233957173,0.6680659448667332,0.7020178043990615,0.8470383046866876,0.9177477332861093,0.8646249603464984,0.8623579941942758,0.849175025655186,0.806637258725748,0.6052899587711478,0.849175025655186,0.8882603289449442,0.5029863032607456,0.9069281264398866,0.849175025655186,0.9319883865480127,0.6571016191110699,0.9113677351409673,0.607001101351178,0.6633127349133313,0.8623579941942758,0.8292239088635945,0.9290903104556831,0.785123347580105,0.8837215992432155,0.84491653965526,0.8739376826205691,0.9053437280773229,0.8888323772351052,0.8010055421186757,0.5206419134418963,0.870791893649906,0.8440485917658342,0.8407149013528634,0.8593047647587659,0.6974689360615418,0.9113677351409675,0.6124287930374472,0.9875925990590968,0.9892073335646783,0.8039787922191292,0.9228121617712687,0.9609344256035854,0.5921041437919992,0.5232337300428256,0.9549728825771076,0.8669149862082737,0.8068011026558412,0.8781745275078814,0.5286749102972854,0.8854896642033441,0.64646777692745,0.8623579941942761,0.6477717584440748,0.7415731126811158,0.7239642779196883,0.6165503474217945,0.8672336638266782,0.8784643210213547,0.8473732392830755,0.9621027001397893,0.939903537300129,0.8763348124829182,0.6538634246969988,0.8109024770791746,0.9025610767133652,0.9295042682015937,0.8266978650473007,0.34409288532339843,0.8668824247185156,0.6633127349133314,0.9800848759310332,0.9293943130328359,0.6554345152984606,0.589274313057506,0.8166024519656592,0.869229441512487,0.9575139843524121,0.9296243033727669,0.7532954954613607,0.957212090625665,0.8303725425782196,0.5631891171218875,0.7514242571504985,0.881224596830571,0.6761262978767534,0.914508262091398,0.7457021111721931,0.7005343558387798,0.5695393742200041,0.8066372587257478,0.7101396558039925,0.9529808977910947,0.9281978840490721,0.8855047675049792,0.9245757305468909,0.9017977298602853,0.5695393742200041
p255_Q,0.8989350196516899,0.633380724552771,0.9109895373928902,0.8993178757827877,0.963200230518242,0.9273614004407343,0.9282231289090204,0.9000012885687347,0.9208725034246266,0.9672758151492922,0.914140693055771,0.9568599156354454,0.9568599156354454,0.5704450160864336,0.9756340559373771,0.9057246972976494,0.8283710152571044,0.7535119131134653,0.965625,0.9672758151492922,0.8816006065564745,0.9493347822888889,0.9470055188469617,0.9596053879391779,0.9481608601832734,0.9436389526644,0.9008317218258524,0.9312607396704551,0.9342541377090324,0.8140340532964887,0.9383021271292233,0.9625131050152522,0.9529828655437629,0.933230312818766,0.9582144552981327,0.965625,0.9596053879391779,0.905538302592469,0.9690033562225546,0.5805350414762362,0.9172347260035334,0.9447456538980157,0.9690033562225546,0.9283593797331273,0.6109888955508609,0.9834355882551484,0.955217505042218,0.9181387543589392,0.942546448360206,0.9109895373928902,0.9625131050152524,0.7586995349715743,0.9436389526644,0.9517441295565183,0.9529828655437629,0.9998226281102465,0.941467276381333,0.9582144552981327,0.8743674594684081,0.9555383641697375,0.9227150661971699,0.8962170259453923,0.9436389526644005,0.9172347260035334,0.964040252388596,0.9598760745814003,0.9625131050152524,0.8814987207179203,0.987063061021988,0.965625,0.7940830295788783,0.942546448360206,0.9582144552981327,0.857425373791612,0.9582144552981327,0.906597867618917,0.9493347822888889,0.7111447602090579,0.8546450937171783,0.8237261571040233,0.9505286850464207,0.9914826481470901,0.8895473564972312,0.9436389526644002,0.9582144552981327,0.5449614432040268,0.9843798933538863,0.839293063072188,0.9127606676606757,0.9568599156354451,0.9582144552981327,0.6570095370506115,0.8579085866471163,0.8806288736252947,0.9465829649206576,0.9181387543589389,0.6639859308721496,0.9074725945748126,0.8518367404342475,0.8854073782202487,0.9998226281102465,0.9552175050422179,0.9632002305182422,0.8177388530806119,0.8936031902522539,0.9656250000000002,0.8370183358747277,0.8332650413138041,0.9481608601832734,0.8592642631772309,0.7829398193174355,0.6857757893392202,0.8412664651734412,0.9255134534695351,0.9610366993022685,0.8892113101108312,0.9517441295565183,0.965625,0.9273614004407342,0.8832354238447047,0.971374043910277,0.7605306482159556,0.5318768586247133,0.9491799890127762,0.9957912204911729,0.7988008809007463,0.9596053879391779,0.8858340936764978,0.9568599156354454,0.9302869180633686,0.8953282497576123,0.9610366993022685,0.34332397246997925,0.9690033562225546,0.9542468650366518,0.9811187570828697,0.9005120111662772,0.9625131050152524,0.9625131050152522,0.9555383641697377,0.8392930630721882,0.9672758151492922,0.8555748757838357,0.7918924118684402,0.7128591674615046,0.9264564493231808,0.998817981216154,0.8700853537305535,0.942546448360206,0.8012314698665082,0.8357840905673564,0.9227150661971699,0.8956380779049873,0.9022452837148791,0.7771757990417101,0.9425464483602062,0.8661506732265254,0.9293199127017768,0.9313341660201885,0.8856848936483532,0.988146521749965,0.7877259137311908,0.5529336649650436,0.8373021566360079,0.9154363928771065,0.9312607396704551,0.9235852575057477,0.765794794905868,0.9465829649206576,0.9088679893884184,0.7348814459346097,0.9568599156354451,0.941467276381333,0.9505912604680005,0.9356403782457078,0.97956440271576,0.9403409090909087,0.9326468089069149,0.9587907869179463,0.8836592163828572,0.9274049943645877,0.9083489988323228,0.8236923415849838,0.9568599156354454,0.8841024249642825,0.7510386901982995,0.8832354238447047,0.9650079910895764,0.9517441295565182,0.6741004313249234,0.9555383641697375,0.9208725034246266,0.7650180104070297,0.8270601489234033,0.9227150661971699,0.9582144552981327,0.9596053879391779,0.9555383641697375,0.918138754358939,0.7813013083783414,0.9541896299485404,0.9568599156354454,0.9582144552981327,0.9306102629156656,0.8270601489234033,0.9672758151492922,0.9582144552981327,0.9255429155310315,0.9673847887170086,0.906597867618917,0.9196272041613349,0.9840739333532937,0.9568599156354451,0.9582144552981327,0.8814987207179201,0.9582144552981325,0.8451634443215719,0.7763632652026874,0.7459031338420241,0.9582144552981327,0.9254100871772517,0.9582144552981327,0.9631615764547767,0.9236430180495618,0.655053893619012,0.8979178384019253,0.8714717093867044,0.8454867220715401,0.9555383641697375,0.9470055188469617,0.9493347822888891,0.8874421650552472,0.8629720575357542,0.9861029598450541,0.6036350684130168,0.9172347260035334,0.95304308387742,0.9199574485923752,0.6827853206490504,0.98145106467318,0.9302869180633684,0.9542468650366516,0.677094484594357,0.9701343557301771,0.9582144552981327,0.9199574485923747,0.9582144552981327,0.814924694096546,0.6603999090581395,0.9625131050152524,0.9404006431802039,0.8117728822598588,0.9596053879391779,0.9293199127017768,0.9481608601832732,0.6099338013307716,0.9505286850464207,0.8858340936764979,0.9610366993022685,0.7134819261865433,0.8944656454039726,0.8718586682882639,0.9568599156354451,0.9457879562525047,0.7907467895024353,0.9690033562225546,0.8981674209551731,0.8629094882524138,0.9447456538980155,0.8936031902522537,0.6660862425177759,0.9625131050152524,0.8753843628690847,0.8332650413138041,0.817374879811649,0.9656250000000002,0.8592642631772311,0.979958676545309,0.9458674971126175,0.7132599269840298,0.9656250000000002,0.9147196413525658,0.8814260230164841,0.8556161648936055,0.9612908916295109,0.789693589217335,0.9610366993022685,0.9332303128187658,0.8412664651734412,0.9555383641697375,0.9610366993022685,0.9610366993022685,0.7925699855750041,0.965625,0.8342814558669873,0.8806288736252947,0.9474427791084492,0.9078950156090664,0.9403409090909088,0.963200230518242,0.5805350414762365,0.9555383641697375,0.9625131050152524,0.8373021566360079,0.9163339973465923,0.9610366993022685,0.7593794827875704,0.9312607396704551,0.9511833345378164,0.9255134534695351,0.9048529663349028,0.8119858634788716,0.9679144116824957,0.8647169462584843,0.7109632351261344,0.967275815149292,0.9208725034246268,0.9672758151492922,0.933230312818766,0.9814510646731802,0.782134211729075,0.9610366993022685,0.9582144552981327,0.9625131050152522,0.9199574485923749,0.5112326057357576,0.9656250000000002,0.964040252388596,0.890419571801265,0.9582144552981327,0.9481608601832732,0.965625,0.4091851837571786,0.9751883374484267,0.9587846477856065,0.9458674971126175,0.9625131050152524,0.862909488252414,0.755747894770402,0.9481608601832734,0.9529828655437629,0.7372025494796413,0.9610366993022685,0.933230312818766,0.7779917032551947,0.9517441295565183,0.9264564493231808,0.9273614004407347,0.8071644882517874,0.6966611579972148,0.8173748798116489,0.9732924283946002,0.9568599156354451,0.9893688617336198,0.8022487300267552,0.8412664651734412,0.842246813951878,0.7694592477206292,0.9582144552981327,0.8797579337068848,0.932241742150131,0.47737021526524914,0.932241742150131,0.967275815149292,0.8727426055411924,0.9582144552981327,0.9582144552981327,0.942546448360206,0.9208725034246268,0.7034019047473051,0.9582144552981325,0.8357840905673567,0.9582144552981327,0.9541300190655135,0.9154363928771065,0.8608518199425024,0.963200230518242,0.9372689456075765,0.4540972984960916,0.7860925850857805,0.8162469428700425,0.9582144552981327,0.9022452837148789,0.603343222780194,0.8162678987494556,0.8184753916628578,0.7851377522013521,0.8739440053351646,0.9610366993022685,0.8322437174658708,0.9582144552981327,0.793834476759635,0.692942086269039,0.8841024249642826,0.9645152602316598,0.9596053879391779,0.9281584116206856,0.6933200547968152,0.9582144552981327,0.9145417437978427,0.8733481182086195,0.9582144552981327,0.9372689456075765,0.8301944662164017,0.9059500308908426,0.7737814949433292,0.8373021566360079,0.9582144552981327,0.979219405106186,0.9186425876141024,0.7654443735347064,0.9881339422948303,0.9511833345378166,0.9715107472647038,0.9245757305468909,0.7307663088301941,0.9610366993022685,0.9612908916295111,0.906597867618917,0.6064918890381654,0.9156983093954272,0.7479438447029546,0.8936031902522539,0.9470055188469617,0.9625131050152522,0.9436389526644005,0.9582144552981327,0.965625,0.9190462651000917,0.8794926703116205,0.914140693055771,0.9404006431802037,0.9555383641697377,0.7925699855750041,0.9593605721085061,0.9555383641697377,0.44048351641344285,0.9582144552981327,0.9517441295565183,0.9409672007288845,0.6122611620575714,0.965625,0.8736248211051396,0.967275815149292,0.9517441295565183,0.8616362273895215,0.9598703887644858,0.9493347822888889,0.967275815149292,0.8252424423240544,0.9312607396704551,0.9541896299485402,0.9447456538980155,0.9493347822888889,0.9199574485923747,0.9610366993022685,0.9332303128187658,0.9625162230164761,0.8987819282972862,0.6782333744456277,0.9625162230164763,0.9505286850464205,0.9383021271292231,0.7389815511680624,0.8129069456777991,0.5604689999556335,0.9542468650366518,0.9501014147602176,0.789342453637927,0.9362456943690349,0.9458674971126175,0.9470055188469617,0.7709128636729368,0.9505286850464205,0.8780124908814334,0.9458674971126175,0.9302869180633688,0.8314127999927385,0.9610366993022685,0.9088679893884184,0.9036615728941468,0.8586395319915322,0.9172347260035334,0.965625,0.9150261950454613,0.95941018494016,0.964040252388596,0.982971410509272,0.9008317218258525,0.9542468650366518,0.9625131050152524,0.965625,0.44284951165177266,0.7604502711739276,0.9283593797331275,0.9568599156354451,0.9568599156354454,0.8546450937171783,0.9236430180495618,0.9542468650366516,0.7134819261865433,0.9582144552981327,0.964040252388596,0.9582144552981327,0.9582144552981327,0.8508940408143366,0.9470055188469617,0.908151746102369,0.9582144552981327,0.843223038860803,0.8665150422521173,0.98145106467318,0.9893232687360962,0.9430998431724231,0.989290340807143,0.7990076958646923,0.9199574485923749,0.8683043280893408,0.9529828655437629,0.906597867618917,0.964040252388596,0.932241742150131,0.8173748798116494,0.8814987207179201,0.7241442212967752,0.9529828655437629,0.9555383641697377,0.8397383481014533,0.964040252388596,0.6864298154086984,0.9610366993022685,0.7625472622229819,0.9493347822888889,0.9936745866415237,0.9470055188469617,0.8753843628690847,0.8406564126395661,0.9227150661971699,0.9470055188469617,0.9342268638258988,0.9610366993022685,0.9493347822888891,0.8783265321561907,0.8681250319240945,0.8823675467067158,0.953189253391297,0.9625131050152522,0.9568868616159543,0.9542468650366518,0.8521929255346838,0.7493433037664857,0.8140593155196199,0.8162678987494556,0.9393458182324887,0.9690033562225546,0.7847770412204684,0.9098414308144025,0.9199574485923747,0.8214410829293153,0.5866679472105389,0.9236430180495616,0.9441754367900737,0.9582144552981327,0.9625131050152522,0.9653179186519114,0.9582144552981327,0.9235852575057479,0.9493347822888889,0.9555383641697377,0.8895473564972312,0.9281584116206856,0.7340640582138435,0.8392930630721882,0.9672758151492922,0.7975726767650835,0.9505286850464205,0.8901531678626451,0.9555383641697377,0.9529828655437629,0.9576948646187347,0.6603999090581406,0.9288327934067977,0.9207369341571852,0.9013781987087914,0.7793713361793849,0.8875631490366904,0.9332303128187658,0.861092113458608,0.8121565956895014,0.9383021271292231,0.9672758151492922,0.9481608601832734,0.9596053879391779,0.8476084617550557,0.9874058922610378,0.9118739328932484,0.9568599156354449,0.7950896414683803,0.7372025494796411,0.9690033562225546,0.9005120111662772,0.9552175050422179,0.5449614432040273,0.9312607396704551,0.9447456538980157,0.9190462651000915,0.949179989012776,0.9481608601832734,0.9163339973465923,0.9505286850464207,0.9568599156354454,0.9625131050152522,0.9690033562225546,0.9582144552981327,0.9332303128187658,0.8809609359529107,0.8412664651734412,0.7983172630337143,0.9582144552981325,0.9039825606517029,0.7619873952917612,0.9227150661971699,0.9362456943690349,0.9208725034246266,0.6138094444949616,0.9022452837148789,0.8048151292800533,0.9404006431802039,0.9227150661971699,0.8771378467726847,0.6605352223956006,0.964040252388596,0.709495914821278,0.941467276381333,0.7877259137311908,0.9162206421071971,0.5128204270938892,0.9404006431802039,0.8214797955300067,0.5128204270938901,0.9517441295565183,0.8824024370934048,0.8060296021509908,0.8700853537305535,0.9048529663349028,0.965625,0.9582144552981327,0.9843798933538865,0.8094833764446474,0.8373021566360079,0.9568599156354451,0.9625131050152524,0.9542468650366516,0.9568599156354451,0.9568599156354451,0.9332303128187658,0.9582144552981327,0.9542468650366516,0.9236430180495618,0.9582144552981327,0.5529336649650431,0.9610854286276961,0.965625,0.9610366993022685,0.964040252388596,0.9596053879391779,0.9568599156354451,0.7950896414683803,0.8832354238447047,0.9470055188469617,0.8691958391075136,0.9582144552981327,0.5498119605838762,0.9610366993022685,0.9458674971126175,0.8301859677307095,0.9245757305468909,0.0,0.9596053879391779,0.9481608601832734,0.5580716158385185,0.9481608601832734,0.9582144552981327,0.98145106467318,0.9023570839226291,0.9383021271292231,0.8832310600312397,0.9505286850464205,0.965625,0.87860911032846,0.9610366993022685,0.7891506066595853,0.9418147080511319,0.9582144552981327,0.963200230518242,0.9031133691845499,0.9672758151492922,0.9731526633652692,0.8283710152571044,0.7111447602090581,0.855574875783836,0.9555383641697377,0.8281074447167713,0.8228150438933362,0.9582144552981327,0.9582144552981327,0.9293199127017768,0.9984082365942546,0.6631775852479836,0.8529481410826931,0.8727426055411924,0.8425402875730427,0.8817866859835519,0.8692395034995122,0.8705150677206018,0.8461277862534453,0.9582144552981327,0.918138754358939,0.9625131050152522,0.9690033562225546,0.7876587616735474,0.9656250000000002,0.861092113458608,0.9582144552981327,0.9582144552981327,0.8140340532964887,0.8846149163346171,0.8206574710503434,0.9493347822888889,0.7077762212924724,0.9172347260035334,0.9404006431802039,0.9625162230164761,0.863814422100184,0.7202148985912621,0.9582144552981325,0.9302869180633686,0.8499479257057734,0.9596053879391779,0.965625,0.906597867618917,0.842246813951878,0.6801226977632484,0.9109192134561164,0.9596053879391779,0.8841024249642826,0.9582144552981327,0.857425373791612,0.932241742150131,0.9172347260035332,0.8684466411726349,0.9192524133091662,0.9517441295565183,0.9217916370027819,0.7141183525888188,0.964040252388596,0.891878386060835,0.8866989102900564,0.9542468650366516,0.967275815149292,0.9362456943690349,0.9436389526644002,0.8461277862534453,0.9625131050152522,0.9568599156354449,0.8979178384019251,0.941467276381333,0.916220642107197,0.9352318345617441,0.9690033562225546,0.98145106467318,0.9690033562225546,0.9690033562225546,0.6168592556746897,0.9342268638258988,0.9145417437978427,0.9582144552981327,0.967275815149292,0.9493347822888889,0.9493347822888889,0.7509020511212644,0.9529828655437631,0.9568599156354454,0.9414672763813328,0.9127606676606759,0.9596053879391779,0.9881818565067269,0.932241742150131,0.8546450937171781,0.8362999234766112,0.9582144552981327,0.6570095370506115,0.9582144552981327,0.8270601489234035,0.9672758151492922,0.7473555487996806,0.9458674971126175,0.9327819448011689,0.9582144552981327,0.8392930630721882,0.7847770412204684,0.9458674971126175,0.8402819095372958,0.857425373791612,0.8461277862534453,0.9625131050152522,0.8537121927533957,0.9827558590699044,0.8402819095372958,0.788718772853704,0.7978501428016824,0.733583016195928,0.8237261571040231,0.9892083965651993,0.4916883454164893,0.9163339973465923,0.942546448360206,0.8674107520354715,0.9199574485923752,0.7793713361793849,0.9582144552981327,0.9568599156354451,0.8700853537305535,0.9990875851642478,0.7307663088301942,0.8162678987494556,0.796335651949913,0.9582144552981327,0.8260073636615617,0.8875631490366904,0.5156328728037083,0.9582144552981327,0.8683043280893408,0.6933200547968152,0.9656250000000002,0.9470055188469617,0.9568599156354451,0.8004256915114927,0.9436389526644003,0.9154363928771065,0.9411125326018255,0.9245757305468909,0.5427058044503268,0.8108977844528868,0.9582144552981327,0.9404006431802039,0.9582144552981327,0.965625,0.7492532520172364,0.9048529663349028,0.9690033562225546,0.9393458182324887,0.7887187728537041,0.9217916370027819,0.9362456943690349,0.9582144552981327,0.8620020752690568,0.8873862636899235,0.793423490343272,0.9945610690582236,0.9302869180633686,0.9625131050152524,0.9383021271292233,0.9372689456075765,0.9829714105092717,0.9118739328932484,0.8301944662164017,0.9829714105092717,0.9362456943690349,0.9625131050152524,0.9057246972976494,0.9829714105092717,0.9690033562225546,0.9436389526644005,0.9596053879391779,0.7188125664051563,0.9568599156354454,0.9372689456075765,0.6782333744456277,0.9109895373928902,0.9302869180633686,0.9470055188469617,0.9293199127017768,0.942546448360206,0.9568599156354454,0.9493347822888889,0.9821979361118387,0.7896935892173355,0.9650079910895764,0.8629094882524138,0.9274049943645877,0.9245757305468909,0.6997646690171246,0.9596053879391779,0.9610366993022685,0.9190462651000915,0.7809764035056648,0.9404006431802039,0.7124899062505451,0.9181387543589392,0.9625131050152524,0.964040252388596,0.9752722160443184,0.9393458182324887,0.7639338163475239,0.932241742150131,0.9383021271292231,0.9525107890657618,0.9218485695187231,0.9372689456075762,0.9582144552981327,0.8656171299593258,0.7379864491056367,0.6705743148404912,0.918138754358939,0.9492695548843346,0.964040252388596,0.9332303128187658,0.9425109904577548,0.9436389526644,0.9542468650366518,0.7754761396503772,0.9922022799705809,0.9728761310858693,0.8024341677705482,0.9505286850464207,0.9439313629298689,0.9568599156354454,0.8896422937360482,0.7650180104070295,0.9610366993022685,0.9596053879391779,0.906597867618917,0.9404006431802034,0.5364885267646489,0.9612908916295111,0.8875631490366904,0.8649179394762069,0.9701343557301771,0.970134355730177,0.8620020752690567,0.8661829386665056,0.8021325739678644,0.9610366993022685,0.8841024249642826,0.9914826481470901,0.964040252388596,0.9118739328932484,0.9320948271810624,0.8783265321561906,0.9672758151492922,0.9057246972976496,0.965625,0.8729992599383648,0.964040252388596
p256_K,0.9475503157658896,0.818359996701394,0.8954023823601893,0.8387464089609982,0.9508971383859763,0.41126970439113997,0.9840817317344173,0.9635722747250279,0.9070160137452734,0.9615452872130625,0.9418654668890594,0.9493053971730234,0.9493053971730236,0.6970430320568137,0.7897699911960242,0.8892155845940948,0.8664358239451965,0.9337692322192535,0.9596053879391779,0.5293143154878844,0.9276228731395861,0.9404624926714933,0.7874358202450877,0.9078059071729956,0.9390829980374291,0.9337692322192535,0.9913221015557613,0.9192233962368055,0.5293143154878843,0.8976675519996327,0.9759790834075595,0.9559485503920393,0.9447494136270196,0.9215378731313926,0.9813818316380158,0.9593605721085062,0.9525316455696202,0.9942907727414588,0.9635753483468394,0.9838585814857688,0.9417626114543682,0.9350697345319547,0.9635753483468394,0.9158139617897607,0.8039926851399137,0.8971486192661879,0.9542136024350836,0.9038035415131254,0.9324854129452831,0.8954023823601893,0.9559485503920393,0.7993767620450507,0.9859653849226515,0.9432937551644589,0.9447494136270194,0.9312172606999456,0.9312172606999456,0.9508971383859763,0.9591791255254203,0.9241442555546322,0.909181238716753,0.8973050295528813,0.9337692322192535,0.9027412033397848,0.9577431256853026,0.8701104795054335,0.8197279139120374,0.9792087911284484,0.9227510399128598,0.7972924922038745,0.7495413712000327,0.9324854129452831,0.9508971383859763,0.8324582773700502,0.9508971383859763,0.8902416609981851,0.9975839852098576,0.9418654668890594,0.8591052725560668,0.9635753483468394,0.9998238347481485,0.6317030069429781,0.9287243013130126,0.9337692322192535,0.9508971383859763,0.8093111782833922,0.6596870595599551,0.8111507091583436,0.8974836658533198,0.9493053971730236,0.9508971383859763,0.7695478295226107,0.8908122932200716,0.9554590978795059,0.9778748351992479,0.9824233631406698,0.6285489519226686,0.8912695666285135,0.8556739741002506,0.9140089875984803,0.9675956872630855,0.5406098110986696,0.9136608016620085,0.8151045047199486,0.85586134664056,0.9596053879391779,0.7184774266655264,0.8917073480098132,0.9390829980374291,0.8346191856858274,0.6386708187162214,0.9350697345319545,0.8428704160376792,0.7516168269676368,0.9542136024350834,0.8777391871621385,0.5204271865337109,0.9596053879391779,0.9635753483468394,0.9594203044569571,0.9590164093054028,0.7512781261965453,0.9950927970641263,0.6361709950266957,0.8574461569671549,0.7927144738704675,0.9525316455696202,0.8088368766015421,0.5900695253755873,0.9180790428976138,0.8769985528794617,0.9542136024350831,0.8945024258106783,0.9635753483468394,0.9462347596389562,0.8382310806288515,0.9774606088197603,0.9692769377093196,0.9559485503920391,0.947752420917731,0.9872327239994372,0.9615452872130625,0.8302837275767865,0.8759848927128511,0.6724907552386141,0.9135777978424584,0.9713658331823796,0.8473352221942343,0.9324854129452833,0.7664239224831363,0.7838845141374112,0.9091812387167528,0.8511736257985211,0.8851268700668167,0.8945024258106786,0.9324854129452831,0.6840054556665642,0.952143174437784,0.8617682235186916,0.7872287551174811,0.8043208177111414,0.901450230003132,0.8476574882571929,0.8381090821523731,0.9390983012237013,0.8134060453070213,0.8983739487948561,0.8241089398581319,0.9729746309145171,0.9127200248974268,0.7915119499929368,0.9493053971730236,0.9312172606999458,0.9709610116834293,0.8587016255621234,0.9514665453515565,0.4731563323946123,0.9759091249321667,0.98509883994281,0.929012019551065,0.9146924482852168,0.9654253597410378,0.815815109207632,0.9493053971730236,0.9930683085127945,0.7913205640104563,0.8949988213646447,0.9048699718936313,0.9432937551644589,0.9741270364328649,0.947752420917731,0.9472483006084298,0.8732143185568829,0.8258956469281085,0.9500805720293444,0.9508971383859763,0.9525316455696202,0.947752420917731,0.9431134523268976,0.9759466516609824,0.9326301365954337,0.9190874378408648,0.9508971383859763,0.9935463904962862,0.8258956469281087,0.9615452872130625,0.9508971383859763,0.9300535008187536,0.9180790428976138,0.9263909248883351,0.9259853716103591,0.9080961023073578,0.9493053971730234,0.9508971383859763,0.956773626206588,0.9508971383859763,0.8475715154012993,0.9669835968892309,0.9935489104071601,0.9508971383859763,0.9309060793063672,0.9508971383859763,0.984081731734417,0.9927718861206731,0.5905972465935421,0.9144193028520167,0.9542136024350834,0.8369172238728213,0.947752420917731,0.9926931063209248,0.9975839852098576,0.9909799053419359,0.9449645480752094,0.8506466532413351,0.9692769377093197,0.9807840195689517,0.8943656982526555,0.9743145807345088,0.9390983012237013,0.918079042897614,0.9180790428976138,0.9462347596389562,0.6793768683546735,0.947752420917731,0.9508971383859763,0.9458556185436358,0.9508971383859763,0.7718026208119477,0.7732854162792506,0.9559485503920393,0.9798175375448483,0.8369172238728212,0.9525316455696202,0.9169426994374763,0.9390829980374291,0.6540132491641666,0.9418654668890594,0.8658418182833445,0.9542136024350834,0.7523780656143013,0.9097700783194735,0.8494190724813768,0.9493053971730236,0.9577431256853024,0.7732961619759443,0.9635753483468394,0.8996699165287372,0.8692863322387208,0.9350697345319547,0.8749714078758024,0.7102847219632731,0.9559485503920393,0.8849349368769788,0.8917073480098132,0.8725531803354876,0.9596053879391779,0.8647795435579988,0.7775910062714644,0.9363880304285925,0.9763072382829421,0.9596053879391779,0.8566505277931493,0.9682638916671855,0.9645511776582261,0.8658671703908487,0.9332153268971211,0.9542136024350834,0.9215378731313923,0.8134696855167474,0.947752420917731,0.9542136024350834,0.684945978660454,0.7854785296038393,0.6352244122992436,0.8344943451945637,0.8597250809841579,0.8892155845940948,0.7468739299406559,0.8783265321561905,0.9508971383859763,0.9838585814857688,0.7319892702631758,0.8945024258106786,0.8967049201048767,0.9404244238472441,0.9014502300031322,0.9838585814857688,0.9192233962368055,0.9119260423610707,0.9124696683389528,0.9239484101648903,0.8795272257278394,0.9384483505673138,0.9325400345434456,0.7837224554797211,0.9615452872130625,0.9070160137452734,0.5293143154878844,0.9215378731313923,0.918079042897614,0.9124696683389528,0.9736183137840242,0.9508971383859763,0.9559485503920393,0.7348251785689419,0.9859653849226513,0.9596053879391779,0.9577431256853026,0.787480272854754,0.9508971383859763,0.8928876048824791,0.9596053879391779,0.9635753483468394,0.913577797842458,0.8716674066899388,0.6317030069429781,0.9692769377093197,0.8692863322387208,0.9542583092089727,0.7248582078023884,0.9447494136270196,0.8453583632146175,0.9542136024350834,0.8962097479667891,0.9656612249441194,0.9432937551644589,0.9559566851226751,0.9635753483468394,0.8606121336395935,0.6683942743395166,0.9016061399146567,0.9913221015557613,0.9493053971730236,0.6562360182087117,0.9669818997221614,0.8134696855167474,0.8146217090393439,0.8480555883270952,0.9508971383859763,0.9223339547307452,0.9203761879341787,0.922708936151958,0.7642590726529874,0.9535979799037622,0.8504578012789961,0.9508971383859763,0.9508971383859763,0.9324854129452831,0.9874805874715857,0.8453549392150206,0.9508971383859763,0.6141710483710604,0.9508971383859763,0.8387464089609984,0.9006279533325658,0.8829040455084948,0.981381831638016,0.9262837350880504,0.9452945222517778,0.8984874390672324,0.9029097871803184,0.9508971383859763,0.9203333571111534,0.679720766078934,0.8421951462913531,0.9610243883196703,0.9741270364328649,0.8579623057614376,0.9542136024350834,0.8028669104368944,0.9508971383859763,0.7577315976258658,0.9618384623739508,0.863806906695046,0.9867642979936737,0.9525316455696202,0.9275739834424594,0.6285318909523261,0.9508971383859763,0.8995766368965676,0.9578857215259217,0.9508971383859763,0.9301863608775065,0.9357381179719895,0.9400545643111307,0.8526730342747174,0.8088111631761212,0.9508971383859763,0.92275103991286,0.8831824171310029,0.8868454810017548,0.9535547710049804,0.9991944455094001,0.9102716897738725,0.9113677351409675,0.9858022141819286,0.9542136024350834,0.9404244238472441,0.8902416609981851,0.9523391253205785,0.8576768022305965,0.7471718798352742,0.942263219246712,0.9377253379624282,0.9559485503920393,0.9618384623739508,0.9508971383859763,0.8783265321561905,0.7782692552438985,0.848738182208834,0.9998238347481487,0.9798175375448483,0.9881959173184502,0.8731770969580541,0.9776371308016877,0.947752420917731,0.9418654668890594,0.9813818316380161,0.7587734346678575,0.8830900737847376,0.7711256913494773,0.9596053879391779,0.8514945068923674,0.9535979799037622,0.9971196828020042,0.7324680518865916,0.9874408947408725,0.9404624926714931,0.9615452872130625,0.9595224689059959,0.9637851559795012,0.9556866006988332,0.9350697345319547,0.9404624926714933,0.9857705189045634,0.5406098110986695,0.967100967856847,0.9027412033397848,0.984662616477795,0.9363880304285923,0.902741203339785,0.9418654668890594,0.9274978432118415,0.7548043333762983,0.8382456366045405,0.9486563558223773,0.8039926851399137,0.849901617209027,0.6986348386128668,0.9250812961986936,0.9903766507571461,0.9523391253205786,0.8496047230439324,0.9998238347481487,0.9831803285943962,0.9903766507571459,0.9621698344437761,0.7621244162157081,0.3962736435368852,0.8504578012789961,0.9475711879583981,0.9895196008050117,0.9417626114543682,0.9593605721085062,0.91624906551306,0.8954023823601893,0.9577431256853024,0.9470913245351076,0.9913221015557613,0.4917769911135026,0.8945024258106787,0.9596053879391779,0.5876897548309776,0.7785180794266691,0.9158139617897609,0.9848910203339206,0.9493053971730236,0.9189335660569544,0.9927718861206731,0.9462347596389562,0.7523780656143013,0.9508971383859763,0.9577431256853026,0.9508971383859763,0.9508971383859763,0.8247832035705711,0.9377253379624282,0.6683942743395166,0.9508971383859763,0.8157688865369472,0.8431396920965541,0.9180790428976139,0.7616445839377061,0.9907463311998268,0.9591791255254203,0.6906611176231651,0.9059407181827082,0.8452423104895892,0.9447494136270194,0.962540188778485,0.9577431256853026,0.9895196008050116,0.9887650186521642,0.9247648348741062,0.9274978432118417,0.9447494136270194,0.947752420917731,0.8301791195638364,0.34290560440645246,0.937783686537069,0.9736183137840243,0.742407261162924,0.9404624926714931,0.9587973377153393,0.9377253379624282,0.8849349368769786,0.9262837350880504,0.909181238716753,0.9377253379624282,0.9227089361519578,0.9542136024350834,0.9404624926714935,0.9776371308016877,0.9169426994374763,0.8938767975645254,0.8163356189353924,0.9559485503920393,0.9580939456561928,0.9462347596389562,0.864638754029125,0.7756626784121655,0.9190874378408649,0.7840934704542424,0.9778748351992477,0.9635753483468394,0.8352079045667513,0.8827042327454635,0.9059407181827079,0.8381538275294651,0.7739300446366845,0.9102716897738727,0.8861469711805041,0.9508971383859763,0.9559485503920393,0.9637851559795012,0.981381831638016,0.9389653986475878,0.9404624926714931,0.9241442555546322,0.9729746309145171,0.8908122932200716,0.9523391253205785,0.8111507091583436,0.9615452872130625,0.8204479852768937,0.9415131363853567,0.8709172314094928,0.947752420917731,0.5066122636892821,0.828094858968585,0.9937393740100617,0.9016461085857466,0.9795435932039087,0.9191401549634752,0.9176769121758764,0.900633073794324,0.9417728426922435,0.8670360756633029,0.8088368766015424,0.9274978432118417,0.44445758260470947,0.9390829980374291,0.9525316455696202,0.9976814323658167,0.9743145807345088,0.8964416496516883,0.9493053971730236,0.8759869691607483,0.9696306183180516,0.9635753483468394,0.9179524031336133,0.9542136024350831,0.9203761879341787,0.6351590063362385,0.9350697345319545,0.9763072382829421,0.5876897548309776,0.9390829980374291,0.9016827426948627,0.9418654668890591,0.9493053971730236,0.9692769377093196,0.5005775539999994,0.9508971383859763,0.9873359374176983,0.9688963838460258,0.9016718770795429,0.7546182801797301,0.9508971383859763,0.9583060269754013,0.8401499002136551,0.9091812387167528,0.9250812961986936,0.9070160137452734,0.7323200752873661,0.8851268700668165,0.8869872748686776,0.7210602950228321,0.9909799053419359,0.8556227195178285,0.9576344969711708,0.9577431256853026,0.6549953778470864,0.9312172606999456,0.8292821462222395,0.5969222500946033,0.9635753483468394,0.9798175375448483,0.9881959173184505,0.9635753483468394,0.9432937551644589,0.9312172606999456,0.4396135918299545,0.9709610116834293,0.8881911996032124,0.9596053879391779,0.9508971383859763,0.9404624926714933,0.8051812588818612,0.8381090821523731,0.9493053971730236,0.8945024258106785,0.9288789627504787,0.9493053971730236,0.9493053971730236,0.9215378731313923,0.9508971383859763,0.9462347596389562,0.992771886120673,0.9508971383859763,0.9363880304285925,0.6616348874188231,0.9596053879391779,0.9542136024350834,0.9577431256853026,0.9525316455696202,0.9493053971730236,0.9051820710155081,0.8627880798184886,0.9377253379624282,0.8462899393398313,0.9508971383859763,0.9927718861206731,0.46844172731777767,0.9363880304285923,0.8879341694171781,0.9113677351409673,0.9596053879391779,0.0,0.9390829980374291,0.918079042897614,0.9390829980374291,0.9136608016620087,0.9180790428976138,0.702888694704372,0.9270584362010044,0.8748900904594734,0.9418654668890594,0.8783265321561908,0.7079024072713178,0.9736183137840242,0.9659780157059268,0.8473352221942343,0.9508971383859763,0.507334621805962,0.9215322787290985,0.9615452872130625,0.8199114105132119,0.9913221015557613,0.9418654668890594,0.9201654654521201,0.9881959173184502,0.9145377460592824,0.9081052038612374,0.9508971383859763,0.9508971383859763,0.9957812164793639,0.8000054315513374,0.6150804774861586,0.8352079045667518,0.8504578012789961,0.8822995383178941,0.7855699761558452,0.89421047004471,0.9350697345319547,0.9669617044966168,0.9508971383859763,0.9431134523268976,0.9559485503920393,0.9635753483468394,0.8605433393304937,0.9596053879391779,0.8367671217737247,0.9508971383859763,0.9508971383859763,0.8976675519996327,0.9508971383859763,0.9200912798367926,0.9404624926714933,0.9902025197020266,0.9021517560872986,0.9798175375448483,0.9411731642018819,0.839966150180598,0.7973953146501016,0.9508971383859763,0.6851038331869259,0.8236714085807446,0.9776371308016877,0.9596053879391779,0.962540188778485,0.932339146560643,0.9135777978424582,0.6741548613921777,0.9525316455696202,0.9423009905783313,0.9508971383859763,0.8324582773700502,0.6291027557617731,0.9417626114543682,0.7497945563156392,0.968896383846026,0.9432937551644591,0.9080961023073579,0.8231367285947674,0.9577431256853024,0.8729445628956358,0.899502504885987,0.9462347596389562,0.9535979799037622,0.9332153268971213,0.9337692322192535,0.8191823016368882,0.9692769377093197,0.9493053971730236,0.8800416198957275,0.9312172606999456,0.9621698344437764,0.8428467241913546,0.9635753483468394,0.685103833186926,0.9635753483468394,0.9635753483468394,0.9059407181827082,0.922708936151958,0.9377836865370688,0.9508971383859763,0.8687412470205864,0.9404624926714933,0.9404624926714931,0.8285830311324831,0.9447494136270196,0.9493053971730236,0.8664086352261162,0.8974836658533196,0.9525316455696202,0.9042148505813925,0.9654282935645835,0.829191125805623,0.8369085204378071,0.9508971383859763,0.7323200752873661,0.9508971383859763,0.913255739197127,0.9615452872130625,0.9350697345319547,0.9556347289143005,0.9471999997959666,0.9508971383859763,0.8111507091583436,0.7470880603205398,0.9363880304285925,0.8123127184484011,0.8324582773700502,0.8191823016368881,0.9559485503920393,0.8280948589685848,0.943851136706642,0.8123127184484011,0.8689117280851084,0.8424035886035852,0.7488881586966628,0.9635753483468394,0.732468051886591,0.7104977117339855,0.9016827426948626,0.8620219128927744,0.8441922549828873,0.9857705189045636,0.8881867151306546,0.9508971383859763,0.9493053971730236,0.8782416695665332,0.8088368766015421,0.8995766368965676,0.8131443083727974,0.7898486601443382,0.9508971383859763,0.7955384713794651,0.867873658879903,0.8387464089609983,0.9508971383859763,0.8452423104895892,0.9333309591099369,0.9596053879391779,0.9926931063209248,0.9493053971730236,0.8051985087235753,0.9859653849226513,0.9839610029940282,0.6134410051336951,0.9113677351409673,0.9523391253205786,0.7374794897839279,0.9508971383859763,0.9204750733110452,0.9508971383859763,0.9596053879391779,0.8268778248611148,0.8881911996032124,0.9635753483468394,0.9287243013130126,0.8689117280851084,0.9080961023073577,0.9250812961986936,0.9508971383859763,0.928812942378375,0.9164709466438918,0.9502541647447567,0.9755396763967223,0.9621698344437759,0.8945024258106785,0.9274978432118415,0.9262837350880506,0.9637851559795012,0.8964416496516885,0.8773823348409291,0.9637851559795012,0.980449785865183,0.9559485503920393,0.9251662135150307,0.9637851559795012,0.9635753483468394,0.9337692322192535,0.9525316455696202,0.9310312708012254,0.7874802728547545,0.9262837350880506,0.6317030069429781,0.8954023823601893,0.918079042897614,0.9926931063209248,0.9169426994374763,0.9324854129452831,0.9493053971730234,0.9975839852098576,0.9361387975584143,0.697043032056814,0.9048699718936313,0.8389027479487046,0.9574754780088428,0.7973401263081408,0.9838585814857688,0.9525316455696202,0.9542136024350834,0.9048699718936313,0.9517034159131195,0.9299638429727952,0.9299638429727952,0.9038035415131254,0.9559485503920393,0.9577431256853026,0.9120866389980962,0.9287243013130129,0.9303553434581446,0.8543632839137971,0.9274978432118417,0.8894000200499046,0.9950927970641263,0.9262837350880506,0.9813818316380158,0.8828101067466851,0.9791400486500211,0.959016409305403,0.9038035415131254,0.8860505626205668,0.9577431256853024,0.6683942743395168,0.9144193028520167,0.9337692322192535,0.9462347596389562,0.6780714275971069,0.9411731642018819,0.9097700783194738,0.8828633306999775,0.9418654668890594,0.9115278413395254,0.9493053971730234,0.970556318018711,0.9926906475466957,0.9542136024350834,0.95253164556962,0.8902416609981851,0.9299638429727948,0.8292821462222394,0.9791661049996256,0.9661519036231663,0.9213979430466315,0.7319892702631753,0.947752420917731,0.9288129423783751,0.9016461085857466,0.9059407181827082,0.6127778948795628,0.863806906695046,0.6317030069429781,0.9577431256853026,0.9339037414170339,0.958797337715339,0.4189873417721498,0.9615452872130625,0.9251662135150307,0.9596053879391779,0.9140089875984803,0.9577431256853026
p256_N,0.7396700957664717,0.9272278453848011,0.8657679762547947,0.941740990578956,0.9913026731221013,0.9532555825271782,0.9554227427946571,0.9343485474421751,0.8806719604852848,0.368735959616577,0.9253948970823007,0.8011606383775999,0.9349426948340505,0.9038554657884541,0.9230838149438536,0.882656116656415,0.9688298914803046,0.9150048519840788,0.8568532843697214,0.9812882646010128,0.8604642587137394,0.9235944347702933,0.9200817943852444,0.5008190116955972,0.9218241042345277,0.9150048519840785,0.9310020898787328,0.9964366158728781,0.9506503681784948,0.8127547489247671,0.9069566644903915,0.9434679740971852,0.9290959183459291,0.8993081265656127,0.9000627911577299,0.9481608601832736,0.9390829980374289,0.9290959183459289,0.4020609931601544,0.9133573033767914,0.8751860185986184,0.9592370337121963,0.9751129258825251,0.9347797038662161,0.9810860991992141,0.8107481323062022,0.9412414838519025,0.9396082402244854,0.9133573033767914,0.8953567556825013,0.5167598939653609,0.813396932865248,0.9150048519840785,0.9771865070849175,0.9290959183459289,0.9523096052149489,0.6824726928193272,0.9369854052620166,0.9345884642122211,0.9329497321807898,0.9818634913664559,0.911909963964041,0.9150048519840792,0.8118334674327652,0.9457709851868581,0.9774940023829349,0.9434679740971852,0.7936043602408699,0.8542546601410044,0.9868438546677247,0.9023265168341348,0.9133573033767912,0.9913026731221013,0.7087322691958202,0.9369854052620166,0.8591451287364846,0.9235944347702933,0.9721643839492675,0.9792685813697458,0.9532555825271782,0.5601407473810669,0.918365603321939,0.908530600462105,0.9150048519840792,0.9369854052620166,0.8978173148387738,0.9694100907323093,0.9694924445498756,0.768671776789227,0.9349426948340502,0.9369854052620166,0.8657679762547947,0.8938665427610049,0.9479589009512401,0.908530600462105,0.9396082402244853,0.8631102944179316,0.8604642587137394,0.6501214945684888,0.9385962236344593,0.9117298605520907,0.9412414838519025,0.936985405262017,0.9014196303849085,0.8665350367911274,0.9481608601832734,0.8848500287036507,0.7125238775622018,0.8535559174809993,0.8009920159983043,0.8460552306072364,0.7002571784956744,0.9328174966158879,0.8876707345437713,0.9412414838519025,0.9656923187043277,0.9272278453848009,0.4668815734757126,0.953255582527178,0.9952387944999835,0.9001281500615893,0.8826561166564149,0.9218241042345277,0.7430735167177855,0.9150048519840792,0.976127737451132,0.9390829980374291,0.8800187100542717,0.9349426948340505,0.9655974895223984,0.967361225488127,0.9412414838519025,0.9434679740971852,0.9751129258825252,0.9310020898787328,0.9172462606189086,0.6746758614214099,0.9434679740971852,0.943467974097185,0.9843238957181939,0.7576462727878213,0.9506503681784946,0.929432807471654,0.8679473730861487,0.877113409662668,0.9570748126121909,0.8023773034771663,0.6505539066117746,0.9133573033767914,0.7859112855914578,0.9506503681784948,0.7885065058798696,0.8962980194070059,0.8808194275061851,0.9965573445764311,0.9957674544753028,0.8697799112734457,0.9984138550096489,0.8168470805113561,0.8578283462385068,0.9964378312097502,0.9412414838519028,0.9183656033219387,0.6813778305545802,0.8724740464567164,0.8963379163019165,0.806863232347546,0.8751860185986184,0.9873753172512802,0.6925212017162,0.9038554657884541,0.9349426948340502,0.9117298605520907,0.8288717695259117,0.8952259697681395,0.8764916349243246,0.9481608601832734,0.6477079376752966,0.9512990813494242,0.9171338879258175,0.6976949344619385,0.8617859181418421,0.9523096052149489,0.9349426948340505,0.8511402259456596,0.8441881419436421,0.9177326131636528,0.7726316975244572,0.9272278453848011,0.9437724388143582,0.6046827959825728,0.8289046492252253,0.7793910081937736,0.7236039900005744,0.7557022197722023,0.9369854052620166,0.5008190116955968,0.9643019407444021,0.8396855966842409,0.8449203259554283,0.9553462017783088,0.9349426948340505,0.9369854052620166,0.8369474483722923,0.9571681444805586,0.4367973268370705,0.9369854052620166,0.8655607295497516,0.9302334181929384,0.9171338879258175,0.874111544718511,0.8820580577672705,0.9349426948340505,0.9369854052620166,0.9219714341985399,0.9369854052620166,0.9730300723290999,0.8739148831708863,0.9427875749711636,0.9369854052620166,0.8278323671212415,0.9369854052620166,0.9554227427946573,0.8848500287036507,0.8963379163019165,0.8736286714454422,0.9412414838519028,0.7478952262612748,0.9843238957181939,0.9200817943852444,0.6640646615715633,0.91625491915112,0.9771165293910259,0.8993081265656124,0.9434679740971852,0.8751860185986187,0.6607353210065964,0.9113067123177236,0.9423895911624639,0.8948693468634785,0.857582153830302,0.5681578169164545,0.8578283462385068,0.9843238957181939,0.9369854052620166,0.9753361086597814,0.9369854052620166,0.7872013003755225,0.8948693468634785,0.9965573445764311,0.950107672001856,0.7245926068511888,0.5008190116955971,0.721578682693706,0.9218241042345277,0.8671016868583241,0.9253948970823007,0.9373290896801224,0.47991718147488027,0.8679473730861487,0.8408491588837403,0.6452692218520331,0.9349426948340502,0.9919033068160935,0.8119546298801459,0.4020609931601544,0.9143004869638071,0.7437113360146148,0.9166738102381804,0.8935215382096593,0.8722031149997891,0.9434679740971852,0.6091710198122096,0.712523877562202,0.9724733408176929,0.9481608601832734,0.8977553545286918,0.8934110566484075,0.9183656033219387,0.9096861238372793,0.9481608601832734,0.9048758075333985,0.6847202011598706,0.9457709851868581,0.873827676815808,0.9038554657884541,0.9412414838519028,0.8993081265656124,0.697001922701348,0.9329497321807898,0.9412414838519025,0.9412414838519028,0.750088530049874,0.9481608601832736,0.7340794619635002,0.9735541517463955,0.857828346238507,0.9690720513748802,0.9481608601832736,0.936985405262017,0.9133573033767912,0.9329497321807898,0.9434679740971852,0.7048769254936254,0.7222143569181372,0.9991256173192249,0.9133573033767914,0.8892111480476732,0.7708448307368139,0.6745096737368876,0.627247636005215,0.9477806772778539,0.8826162711354477,0.8370111147434317,0.8693626884146953,0.9506503681784948,0.9452104916607273,0.9506503681784948,0.9179670373226425,0.5393055118651636,0.8876707345437715,0.9412414838519025,0.9369854052620166,0.943467974097185,0.8325757023140449,0.9150048519840792,0.9481608601832734,0.929577598819045,0.9349426948340502,0.9369854052620166,0.9218241042345277,0.9481608601832736,0.953255582527178,0.8890928172755166,0.8287845776060834,0.9183656033219387,0.9434679740971852,0.6462318211865055,0.7877637952475489,0.9667480998914222,0.9290959183459291,0.8027410855239232,0.47991718147487916,0.8993081265656127,0.9796115931400358,0.9771865070849174,0.8890928172755166,0.9532555825271782,0.7311743083690243,0.8993081265656122,0.7161445273067475,0.9310020898787328,0.9349426948340505,0.9397454091117985,0.8578283462385068,0.697001922701348,0.9074360520639088,0.7751411006332312,0.9369854052620166,0.9006227189338717,0.7046964066654741,0.9008109730235982,0.8978173148387738,0.9132268973805198,0.6925212017162001,0.9369854052620166,0.9369854052620166,0.6745919411306508,0.7643661180497827,0.825220928096114,0.9369854052620166,0.9506503681784948,0.936985405262017,0.903855465788454,0.8724740464567164,0.700247574552576,0.936985405262017,0.9053985774691053,0.9235944347702933,0.7918925464859512,0.7621006700194146,0.9369854052620166,0.8525812245745796,0.8963379163019165,0.741155666721659,0.7843391420347328,0.943772438814358,0.8920029367905316,0.9412414838519025,0.6909854043398929,0.9369854052620166,0.7485557284168789,0.956870021616921,0.9029788216447514,0.9685180375693218,0.9390829980374291,0.7905202806671949,0.9290959183459289,0.9369854052620166,0.8224263695049024,0.8988770539625242,0.9369854052620166,0.9821463001596107,0.7864757439475137,0.8288717695259116,0.7708448307368139,0.7048769254936252,0.9369854052620166,0.8427780947318182,0.9239880770522555,0.9919033068160934,0.8921517012082931,0.8421327640320343,0.7842937169639572,0.9530102635619488,0.9017697487198653,0.9412414838519025,0.9670487459541284,0.8509110753168516,0.964170004482718,0.6992030352826344,0.9254411628984052,0.8395485353725953,0.964170004482718,0.943467974097185,0.9150048519840794,0.9369854052620166,0.9481608601832736,0.877917905973453,0.7579266547804189,0.9721643839492675,0.950107672001856,0.9329497321807898,0.8673230773195619,0.9488974039091768,0.9329497321807898,0.9253948970823007,0.936985405262017,0.9272278453848011,0.8499673668876722,0.9129412260730063,0.9481608601832736,0.6648971879108037,0.91322689738052,0.9750206691499417,0.9476535753223351,0.8007325067993525,0.9235944347702933,0.9812882646010126,0.9902885636862613,0.8892111480476731,0.9254867932704707,0.9166738102381802,0.9235944347702933,0.8792920141466947,0.9412414838519025,0.9723980610103105,0.8118334674327653,0.9033436726399081,0.918365603321939,0.9064840699954801,0.9253948970823009,0.9069566644903915,0.826072962214246,0.8161268973285215,0.9145903768331318,0.9310020898787328,0.8033893089789322,0.8644375806981961,0.5278616623540142,0.9517258135028771,0.964170004482718,0.7737143139162701,0.9721643839492675,0.8160370169864277,0.918365603321939,0.8948693468634785,0.767302243629036,0.9412414838519025,0.8330592294891925,0.7793910081937738,0.8978173148387738,0.9377821213923416,0.9868438546677248,0.8138574222820105,0.5967626706041229,0.9919033068160935,0.9320797389103184,0.9310020898787328,0.931002089878733,0.8766079819236636,0.4018862883267108,0.9069566644903913,0.7835975850577379,0.8919625271106499,0.9349426948340505,0.9349426948340505,0.9792685813697458,0.7842937169639574,0.9310020898787328,0.8408491588837403,0.9369854052620166,0.9457709851868581,0.9369854052620166,0.9369854052620166,0.9147410006567669,0.6831243147374937,0.8993081265656122,0.9369854052620166,0.7166015305235909,0.6607858790697878,0.9655974895223985,0.9445758723329363,0.8808194275061851,0.7826970416103491,0.7966353836375039,0.8325757023140449,0.8778112237758889,0.5819613519145393,0.6769447977488532,0.9457709851868581,0.9215071040267931,0.832657624357177,0.9476448489900742,0.9069566644903913,0.9290959183459289,0.553308632445169,0.917344528336105,0.9457709851868581,0.8711248729670615,0.9412414838519025,0.9711376920946673,0.5266176936855151,0.8705100723917397,0.9200817943852444,0.887563497043816,0.943772438814358,0.9818634913664555,0.9035653652248617,0.9377834594303427,0.8851061157461311,0.9694100907323095,0.9390829980374291,0.9634129222225682,0.9198608721014006,0.826072962214246,0.996557344576431,0.848358096821,0.6182418262369369,0.8893884401359993,0.8631102944179316,0.9349426948340505,0.7178547490400897,0.908530600462105,0.9532555825271782,0.7591375004288966,0.9152222404983098,0.7365316078009588,0.7561484462020096,0.9235944347702933,0.7842937169639573,0.8906749894742227,0.9369854052620166,0.943467974097185,0.9964366158728782,0.936985405262017,0.932205052987302,0.9694100907323095,0.9643019407444021,0.908530600462105,0.8147982173265642,0.9200817943852444,0.700969066042485,0.9506503681784948,0.767302243629036,0.9342966423167991,0.8999974749706464,0.9329497321807898,0.9779901913198821,0.8372936307150927,0.8948693468634785,0.9183656033219387,0.8677537455278883,0.907470459323164,0.7650389622135647,0.6177752576747184,0.8993081265656124,0.6996430494860518,0.8278323671212415,0.9847277353330188,0.9506503681784948,0.9883279044516831,0.8928876048824799,0.8000490890639191,0.9606344949981607,0.8971490513732798,0.9349426948340502,0.7470155233332094,0.8027410855239232,0.9751129258825253,0.5907893722994833,0.9412414838519025,0.8978173148387738,0.8963379163019165,0.9166738102381802,0.7408634796606308,0.945842199911705,0.9883279044516831,0.9049013665285814,0.9253948970823003,0.9877220281917203,0.943467974097185,0.9532555825271782,0.9369854052620166,0.7352422012108975,0.8330443401899568,0.9563990540073418,0.900810973023598,0.9369854052620166,0.9693164280362516,0.7822000230606603,0.8869193642028731,0.9038554657884541,0.8806719604852848,0.8657679762547947,0.8650367461093666,0.9622901744702322,0.9101213268023749,0.91625491915112,0.8816763541639329,0.8941142743416466,0.9457709851868581,0.8792920141466947,0.6824726928193272,0.9412414838519025,0.8948693468634787,0.953255582527178,0.969919637599182,0.93294973218079,0.9532555825271782,0.9272278453848009,0.9117298605520905,0.9913026731221013,0.8288717695259116,0.8565137343618396,0.4668815734757117,0.9543800590178143,0.6640646615715629,0.9609880591173858,0.91636877994503,0.9349426948340505,0.9434679740971852,0.9310020898787328,0.9349426948340505,0.9349426948340502,0.8993081265656124,0.9369854052620166,0.5681578169164545,0.7842937169639574,0.9369854052620166,0.9183656033219387,0.8644375806981961,0.9481608601832734,0.9412414838519025,0.9457709851868581,0.9390829980374291,0.9349426948340505,0.9811818034694166,0.9435680069424297,0.964170004482718,0.6778851589748602,0.9369854052620166,0.8848500287036507,0.9412414838519025,0.918365603321939,0.9520188956647785,0.8862566036435153,0.9481608601832734,0.9390829980374291,0.0,0.8948693468634785,0.9218241042345277,0.936985405262017,0.7868540111713811,0.9023265168341348,0.945842199911705,0.9537315972461898,0.9810661291837657,0.9481608601832736,0.9545623789260471,0.9412414838519025,0.8848500287036507,0.8488679347497985,0.9369854052620166,0.9913026731221013,0.8538903388737851,0.4367973268370705,0.847836116431743,0.9310020898787328,0.9253948970823007,0.9054022100160135,0.9329497321807898,0.9554550132503132,0.7307531481434417,0.9369854052620166,0.9369854052620166,0.8934110566484075,0.790520280667195,0.9113067123177236,0.9947329122434214,0.6425822997378201,0.7708448307368139,0.8013966443800904,0.7087277969842825,0.91667381023818,0.6868086572055535,0.9369854052620166,0.9080787883543031,0.943467974097185,0.4020609931601544,0.7905202806671949,0.9481608601832734,0.8695886061016358,0.9369854052620166,0.9369854052620166,0.7212439119331122,0.936985405262017,0.734261823781321,0.9235944347702933,0.8226046489234891,0.8751860185986184,0.9101213268023749,0.8751860185986184,0.643766980362628,0.8147180119466231,0.9369854052620166,0.8948693468634785,0.6783490041004494,0.9390829980374291,0.9481608601832734,0.9171338879258175,0.9310405719151,0.7709972060411141,0.8978173148387738,0.9950927970641261,0.8770595237952057,0.9369854052620166,0.9015997238518512,0.7769666391192472,0.6553432104484576,0.8693626884146952,0.8330443401899568,0.9293936833197768,0.9552803469034233,0.8186692280313936,0.6179490588338021,0.8637184774341828,0.647198620907193,0.9310020898787328,0.9506503681784948,0.9824879598400398,0.956870021616921,0.9238686491217705,0.5167598939653607,0.9877220281917203,0.9609306835253213,0.9523096052149489,0.9655974895223987,0.9854168063328744,0.9751129258825254,0.8948693468634785,0.6885869595213399,0.953255582527178,0.8792920141466947,0.9747559458370869,0.9630595002254723,0.9913026731221013,0.9506503681784948,0.9694100907323095,0.6182490056095455,0.7918925464859512,0.9290959183459293,0.9877220281917203,0.9928893498778073,0.9289204748586171,0.5568288107222951,0.922469048895743,0.9339524310656604,0.9967380635022325,0.9885788300443916,0.9369854052620166,0.8657679762547947,0.9913026731221013,0.9571681444805585,0.368735959616577,0.7853836254437074,0.918365603321939,0.8469678326776533,0.9369854052620166,0.912815237804539,0.7826970416103489,0.6919086471525094,0.6989930523976956,0.7328407010278242,0.7105146563971751,0.943467974097185,0.8852080508514847,0.9172462606189085,0.8298161239732542,0.7781429858473845,0.9200817943852444,0.8054210393176366,0.9532555825271782,0.964170004482718,0.9369854052620168,0.9049013665285817,0.9133573033767914,0.9291096658772007,0.7685463059719879,0.7886922783654229,0.9913026731221013,0.9349426948340505,0.9232356953015577,0.8278323671212418,0.8711248729670613,0.7178547490400896,0.7454677742420686,0.9369854052620166,0.7487552916430884,0.8304398650868534,0.9038554657884541,0.9369854052620166,0.6804006811026452,0.9290959183459289,0.9481608601832734,0.964170004482718,0.9877220281917203,0.8594852121729346,0.956870021616921,0.8724740464567164,0.9117298605520907,0.9196334336027321,0.9917417854198086,0.7679533613871463,0.9369854052620166,0.6900152212028149,0.9369854052620166,0.4668815734757126,0.8663706046729465,0.8851936582303368,0.4020609931601544,0.9479529588566924,0.8486402706645197,0.9552803469034233,0.9038554657884541,0.9369854052620166,0.794611464487371,0.6718112501829114,0.8147180119466231,0.945842199911705,0.8948693468634785,0.9965573445764311,0.9069566644903915,0.7108628090783671,0.9678215615187202,0.8324246679921217,0.7688705983325894,0.9678215615187202,0.9038554657884539,0.9434679740971852,0.8866634059168492,0.9678215615187202,0.4020609931601544,0.9150048519840792,0.9488974039091765,0.8866634059168488,0.9349426948340502,0.7492366704236213,0.918365603321939,0.8657679762547947,0.8948693468634785,0.9917417854198086,0.9284119894354879,0.6333868655813952,0.9877220281917203,0.6182490056095482,0.9559324258746036,0.9038554657884541,0.877917905973453,0.9143004869638067,0.8905232684471218,0.8862566036435156,0.9545623789260471,0.5568288107222951,0.9991256173192247,0.9096861238372791,0.9894020245290482,0.950107672001856,0.9101213268023749,0.9396082402244854,0.943467974097185,0.9457709851868581,0.6919390684096907,0.9479529588566924,0.9671741310296904,0.8978173148387738,0.9069566644903915,0.6992030352826343,0.9667480998914222,0.9053985774691053,0.936985405262017,0.8954130265466864,0.8486623164491385,0.8919625271106499,0.9711376920946673,0.7072130797121803,0.9919033068160935,0.8993081265656124,0.685196275143261,0.9150048519840785,0.9810860991992141,0.9085306004621048,0.9996217758139353,0.6984811996753173,0.8654902698381166,0.9253948970823007,0.9939799613381762,0.9349426948340505,0.7453953045479987,0.9710486887393404,0.9412414838519028,0.9390829980374289,0.7059391773435197,0.9101213268023747,0.9412414838519025,0.9670487459541286,0.8279790204322142,0.9761491962026001,0.9329497321807898,0.9329497321807898,0.8432580514316856,0.9183656033219387,0.8792920141466947,0.9412414838519025,0.7600703063111538,0.918365603321939,0.9457709851868581,0.9572437804031906,0.9981997428137878,0.9950927970641263,0.43679732683706984,0.915498465595191,0.4668815734757126,0.9659828844547709,0.9457709851868581
p256_Q,0.8972004884389706,0.7216396566388492,0.9135063197922981,0.8310607868635619,0.9564664879277861,0.9935264355112594,0.9978750058521177,0.9731572329331626,0.9411372791480437,0.9336347991328915,0.9162444743188087,0.9628454933455654,0.995606730632077,0.6819437747351316,0.9618440915686725,0.8542058822129399,0.9745100637941104,0.7847394565409085,0.9302869180633688,0.9592096814182649,0.927118570221861,0.933316065142574,0.9686491338802947,0.9621698344437761,0.9655974895223984,0.8856988418635352,0.8956580181478542,0.9705890751589276,0.9592096814182646,0.7512502448309759,0.8748756693307258,0.9816001811698215,0.9046484553665963,0.8933580624819943,0.9992249226337294,0.9302869180633686,0.9180790428976138,0.8259252898582857,0.9371382816751241,0.6624051378328466,0.8321506231964106,0.9780340428202864,0.8936972568164698,0.9816226255653286,0.8562319953247263,0.9430586382393187,0.9665480300996037,0.9332636707881306,0.8834832246395514,0.9454621129724836,0.9711878805915029,0.9132920152142767,0.8856988418635352,0.939758684368555,0.9413936847619078,0.9451832184545603,0.8812946455970232,0.9152582079543841,0.9542792996141665,0.9098310498422768,0.9759709171393395,0.9568113867546566,0.885698841863535,0.9060638964407408,0.9270730230791457,0.8962717417833346,0.9711878805915029,0.9011477921215738,0.9645277948810858,0.9162206421071973,0.8367902326727342,0.8834832246395514,0.9992249226337292,0.9575716083386272,0.9152582079543841,0.8105788943203356,0.8972500807670707,0.8794276363367713,0.9129804740102454,0.8373091029803347,0.9364881737530406,0.8902183677316946,0.8437089570825393,0.984567352342202,0.9152582079543841,0.6253961707558595,0.9693820495180774,0.8593778824400198,0.9182990449210937,0.9125111785873636,0.9152582079543841,0.7339147621196558,0.9376998480057147,0.9392500649234912,0.9678417350205827,0.9084437550924801,0.789322193877811,0.8353059983605331,0.9627882724285304,0.941734723544404,0.9909282086879025,0.987885706373519,0.956466487927786,0.9520746188418976,0.9754189037734793,0.9302869180633684,0.8423140665122537,0.9754251282750075,0.9283102964892216,0.905015265434667,0.8814380651907733,0.8105056597215492,0.9750993123079481,0.9654788704992254,0.9209817665727265,0.9576872916004876,0.9849965025219795,0.9302869180633686,0.9935264355112596,0.9317370532478821,0.9638221193864542,0.8734073652705019,0.716125868512462,0.997318103777229,0.8176956267004644,0.8864128690914903,0.9180790428976138,0.994414973152732,0.995606730632077,0.890832632464256,0.8948327340196496,0.9209817665727262,0.6983285517377631,0.7809209491441991,0.9072118677365053,0.9239298958700636,0.93030719669678,0.8871763046924684,0.9239759423528264,0.9502726792490606,0.7667307468660673,0.9336347991328913,0.8395212401804979,0.87271897651474,0.7974437141941543,0.9043677125545333,0.9658421781045281,0.9706994531935329,0.8570244110589613,0.9830025604399447,0.9592096814182649,0.9759709171393393,0.7957013665465018,0.8017517804777674,0.8871763046924684,0.8834832246395519,0.9446914881398445,0.9944228758940543,0.9344647370592187,0.9415040533996415,0.9506472856553927,0.8967531793197644,0.7007266197263651,0.9845194355277598,0.8527933965694763,0.9450032706006533,0.9439635639657455,0.9214717993224893,0.9700918760103958,0.825650409269717,0.8310607868635626,0.9125111785873636,0.8812946455970228,0.7561038991180005,0.977119820643938,0.99364625631041,0.9673847887170085,0.9116877587266514,0.9296564094192133,0.8698807330114566,0.8797889105982799,0.952643308843117,0.9589839222591343,0.9125111785873636,0.8261685998760955,0.8822611460192039,0.992749750029928,0.9608638139754633,0.9021362778138222,0.7647258015371341,0.9907143086558443,0.9572535390944724,0.9572110070369475,0.9462303219145964,0.8468536050146845,0.9152582079543841,0.9055577909177376,0.9688440619373719,0.90844375509248,0.8891518991086647,0.9454621129724836,0.9125111785873636,0.9152582079543841,0.8439498234737368,0.9830025604399447,0.9336347991328915,0.9152582079543841,0.933001189971657,0.9978132884777122,0.9475247683209957,0.9750108530094963,0.89261085697357,0.9540589546097205,0.9152582079543841,0.9978019274344512,0.915258207954384,0.9096711093129268,0.803717304278996,0.7928507930849595,0.9152582079543841,0.9850445392200939,0.9152582079543841,0.8457943435928557,0.8451467479521528,0.717366112437668,0.7929756481234909,0.987885706373519,0.9414772739491488,0.9098310498422768,0.8925262950745887,0.8972500807670709,0.8726770674396154,0.8375420477167577,0.9221261809159467,0.7927524282151158,0.9953850725668192,0.9345033063019539,0.8628742512243037,0.8557287226598165,0.9142977291841883,0.8586206896551722,0.816805972501598,0.782611781098316,0.8879608031238045,0.9152582079543841,0.9384799527980219,0.9152582079543841,0.8343397340744385,0.7516400336417164,0.9343882429311452,0.9005283589274587,0.9781648162272394,0.9055577909177376,0.8842122443079046,0.8948693468634783,0.7766164199890281,0.8426107983547333,0.9738744855255579,0.8967531793197644,0.8087240112889864,0.8073061973564932,0.9265460999247148,0.9125111785873639,0.9748016543159651,0.9807269012238725,0.9371382816751241,0.9713690206280263,0.9713690206280268,0.8879432507007241,0.8479566136798238,0.7982095932140576,0.9343882429311452,0.8961700808198613,0.9139043609634618,0.7580395625586961,0.9302869180633684,0.847886348763937,0.884212244307905,0.9924821208671799,0.7140338530832588,0.9302869180633684,0.9123867684813645,0.951457514263903,0.6804256865012963,0.8792462116718203,0.8310607868635619,0.8967531793197644,0.8645899440480411,0.9379726112896185,0.9098310498422768,0.9209817665727265,0.9665480300996037,0.9853902499757745,0.8650564954973858,0.9038656143444093,0.9801558328307194,0.8315069861698934,0.946153552283521,0.98145106467318,0.9564664879277861,0.6948416833705322,0.8879608031238043,0.8399643664537926,0.9105256905413117,0.9984480847277284,0.987885706373519,0.9218975021343327,0.9168673858538468,0.841480197465682,0.9654788704992254,0.9199240723374935,0.8230996349125441,0.9968309023681914,0.8219447828202175,0.8052625825631543,0.9336347991328913,0.9919418700267857,0.9336347991328913,0.991569463782195,0.890832632464256,0.9654788704992256,0.9423194428466417,0.9152582079543841,0.9239759423528264,0.8599048430053959,0.8176956267004646,0.9302869180633684,0.9761356843815903,0.8797499413008527,0.9152582079543841,0.8575821538303015,0.9302869180633688,0.7245327953080637,0.8815711740425954,0.9318679907988412,0.8902183677316946,0.9343882429311452,0.9710792333874196,0.9235979845531425,0.9302334181929386,0.9816273853023441,0.9148302926199988,0.9209817665727265,0.9508942993498997,0.9598475691646613,0.9021362778138222,0.9846406300806096,0.9935264355112594,0.9688893454624815,0.8477288716124304,0.966803870355625,0.9466378905596333,0.9125111785873636,0.8662463030027914,0.8961062613135484,0.9194092607804538,0.9482976017725955,0.9643713791488662,0.9152582079543841,0.9626148793545514,0.995187470879176,0.696819124596811,0.891030590621342,0.9336347991328913,0.9828975878302719,0.9152582079543841,0.9152582079543841,0.9807928612526091,0.9919418700267857,0.8473735649975928,0.915258207954384,0.9872125588573131,0.9152582079543843,0.9005285913052649,0.8285035731719175,0.9646164411772706,0.956466487927786,0.993611639296974,0.6699581067268912,0.9735062310027147,0.9959581187053494,0.9152582079543841,0.801751780477767,0.829909651424894,0.9507358862812648,0.907051737524345,0.9157649010158164,0.8155237283082903,0.9209817665727262,0.9178566775444286,0.9152582079543841,0.8770141907096182,0.7847394565409084,0.8465722145714896,0.983516734455391,0.918079042897614,0.9285193807516914,0.7489463599225371,0.9152582079543841,0.9561985765457743,0.936798419297286,0.9152582079543841,0.9459727209115529,0.8264597308893941,0.795073036822376,0.9714607842139643,0.9475225630345359,0.9152582079543841,0.9620890807791606,0.9775918713456563,0.974801654315965,0.9877510427009072,0.935009706625859,0.9204488628961521,0.8733124723819163,0.8838278386255646,0.9209817665727265,0.9250646625674576,0.9247004559875522,0.7604122773126197,0.8945866455490639,0.7587300555598343,0.8479566136798238,0.9272324378358678,0.9239759423528264,0.9824764774982423,0.9152582079543841,0.9814510646731802,0.985871685740177,0.9865255187715616,0.9733050117350783,0.9735629864071065,0.909831049842277,0.8931034702425946,0.9621698344437764,0.9502726792490608,0.6953434464265824,0.9137080532218429,0.9849965025219793,0.93030719669678,0.7286328801401352,0.8138923488875749,0.861942198808193,0.9336347991328913,0.9097516894125142,0.7604122773126192,0.9992740412373046,0.9945519661064195,0.9336347991328913,0.8722700996747985,0.942453190412121,0.992472635384223,0.9214489273204716,0.8972500807670709,0.8376723506997308,0.9209817665727262,0.8645899440480411,0.9214717993224893,0.8601436529773288,0.837078290573679,0.906063896440741,0.8996713357710031,0.9360968865539776,0.8591530377748242,0.8957085916550513,0.7232485845781415,0.8562319953247265,0.9701407267972146,0.9019666944541095,0.960175396156637,0.9052541259973353,0.9966447233584261,0.9667419694216661,0.9364881737530408,0.812524579663636,0.8902183677316946,0.9699747687132043,0.8656611947427606,0.8511869157928871,0.8795111309292425,0.9572110070369475,0.9382965016294351,0.9799771696850708,0.7627282022777628,0.9971279467424933,0.9370115809981678,0.9748016543159652,0.9705890751589273,0.8956580181478542,0.9072118677365055,0.8871763046924684,0.9302869180633686,0.6659652014948864,0.9689177186710369,0.8547116092900202,0.9125111785873636,0.9125111785873636,0.7996553732786702,0.920448862896152,0.9072118677365055,0.9153822866652424,0.9152582079543841,0.9761356843815903,0.9152582079543841,0.9152582079543841,0.9605135030057499,0.8925262950745887,0.9915694637821951,0.9152582079543841,0.8494559523695457,0.9033555076058546,0.918671152228764,0.9051158784276302,0.8239808321924891,0.99008264219572,0.8302420618976184,0.8628742512243037,0.927170383282732,0.8644147548261597,0.9611779823452307,0.9270730230791455,0.8625851059964713,0.8497584182539224,0.9011477921215736,0.9720712876111449,0.9413936847619077,0.8879608031238043,0.9370416497706586,0.9761356843815903,0.8355806800120914,0.9209817665727265,0.8681770036466657,0.9693820495180774,0.9780340428202864,0.8925262950745885,0.9651705977159422,0.9157649010158165,0.8432648458861449,0.8925262950745887,0.8423424276108127,0.9878857063735189,0.9333160651425743,0.9621698344437764,0.785155860933646,0.9236238571148094,0.9368536119357127,0.9239759423528267,0.8830777411645316,0.9860639133827613,0.907051737524345,0.9750946982439638,0.7966543892561391,0.9392095244663077,0.8769922925568632,0.8373091029803345,0.9344445840056068,0.9212969326539162,0.8376723506997308,0.9021185987459699,0.8863540129799105,0.9753714085919836,0.8613583674777067,0.9152582079543841,0.9239759423528264,0.9424531904121208,0.9152582079543843,0.9122530226440353,0.9584859817309163,0.9284024325305882,0.8747421515670502,0.9094078420027494,0.7951184200738989,0.9334955908991813,0.9336347991328915,0.9577236057989641,0.6585266084445447,0.9236158754023958,0.909831049842277,0.9816273853023441,0.9862118025338764,0.8629941126997481,0.9924821208671799,0.9643563108995308,0.9769454375226314,0.9808176282555342,0.9167641131388631,0.9915694637821951,0.9094078420027494,0.9850445392200937,0.972071287611145,0.9592096814182647,0.9283102964892218,0.9621698344437761,0.9830770587519779,0.9103086440545414,0.8922385033088467,0.9125111785873636,0.8609411009006358,0.9148302926199988,0.9935264355112594,0.9963424578419111,0.9423194428466419,0.710732624630471,0.8605956163602337,0.954954603940219,0.9358559422107495,0.9360968865539774,0.8222180825008418,0.9281684931120008,0.9364881737530404,0.9628454933455662,0.9239759423528264,0.9935264355112594,0.9152582079543841,0.8477288716124307,0.9421544380307427,0.8637192092529598,0.8132377670080129,0.915258207954384,0.9252310307605455,0.9334767534081554,0.946558695585868,0.8707051888795785,0.8649303928299299,0.7574200233255257,0.8462098839072107,0.6592595287322964,0.9106086590743894,0.8690883083110756,0.9101652682098842,0.785159552137012,0.9270730230791457,0.8095010419562504,0.9132389320257916,0.8056206522660097,0.9978132884777122,0.6681446414719276,0.8690511952611,0.7666359149034533,0.7809209491441991,0.902136277813822,0.7034296308289856,0.9137080532218428,0.8536151756127615,0.829616978448942,0.9302869180633688,0.956466487927786,0.9584859817309164,0.9072044548146418,0.9660209992811477,0.9125111785873636,0.9711878805915029,0.9072118677365055,0.9125111785873636,0.9125111785873636,0.8645899440480411,0.9152582079543841,0.9072118677365053,0.9725387271520842,0.9152582079543841,0.7348145374381938,0.9954124083077877,0.9162206421071967,0.9209817665727265,0.9270730230791457,0.918079042897614,0.9125111785873636,0.8978081378264584,0.8648872908119642,0.9686491338802947,0.8515412006718763,0.9152582079543841,0.7641792701283554,0.9209817665727265,0.8902183677316946,0.931801500933592,0.9690425214467089,0.5580716158385185,0.918079042897614,0.8948693468634785,0.0,0.8948693468634785,0.9580166426603276,0.8864592094196804,0.8662463030027915,0.9360968865539774,0.939393618713831,0.8996713357710031,0.9673847887170086,0.9483563157149228,0.9209817665727265,0.6860444737444574,0.9706994531935329,0.9152582079543841,0.9564664879277861,0.8705381445093674,0.9336347991328915,0.942036676871226,0.9860639133827613,0.8057939603726956,0.9902272550109921,0.909831049842277,0.9457064899064949,0.973762731578433,0.9152582079543841,0.9152582079543841,0.9504718083128706,0.9759229255035988,0.6582896388088147,0.8602605064187889,0.9581347202095198,0.9714607842139643,0.8785781813150465,0.9430265494836039,0.9780340428202864,0.967864207948913,0.9152582079543841,0.9178168350379668,0.9239759423528264,0.9371382816751241,0.9185883092567726,0.9302869180633684,0.9285193807516912,0.9152582079543841,0.9152582079543841,0.93466786336728,0.913708053221843,0.929919353414399,0.8972500807670709,0.8736455631338021,0.8321506231964106,0.9106086590743896,0.9461095570705993,0.9736937435163242,0.8508370394456147,0.915258207954384,0.8586206896551727,0.9207359714155212,0.9180790428976138,0.9673847887170085,0.9611779823452307,0.9030509861685903,0.8012982565165189,0.9479215598710831,0.993739374010062,0.9689939027438565,0.9152582079543841,0.9006372935822173,0.891030590621342,0.881426138692631,0.8266843456643826,0.9838233847376507,0.9097516894125137,0.9694389686632277,0.8019074126838557,0.9761356843815903,0.7807275365334765,0.9969487669721804,0.9072118677365053,0.9872125588573133,0.9801777989919911,0.8856988418635348,0.8745576538356696,0.934388242931145,0.9125111785873636,0.8146814005692067,0.9909282086879025,0.890832632464256,0.954614513992963,0.7809209491441992,0.9743481917577798,0.8373091029803345,0.9935264355112594,0.8095010419562505,0.8666109663611836,0.9231835269205428,0.956466487927786,0.9592096814182649,0.8972500807670709,0.933316065142574,0.8203282827389337,0.9046484553665968,0.995606730632077,0.927039635830366,0.8706881010282796,0.8173762078254128,0.9805983029779717,0.9382965016294352,0.7996553732786702,0.797401662226243,0.9152582079543841,0.7809252845313956,0.9992249226337292,0.9066807239840107,0.9336347991328915,0.8440113363412967,0.8902183677316946,0.9573818152568614,0.9152582079543841,0.8964367366696007,0.9715366227990155,0.9583942031553514,0.935733280217462,0.9385935034198238,0.9118802754809672,0.9239759423528264,0.9862118025338764,0.9384788228894505,0.8615492026306439,0.929024126787924,0.8992368483577364,0.8900257176664622,0.8936972568164698,0.9966447233584261,0.7854327491040134,0.9037073523919106,0.9483563157149231,0.9830770587519779,0.9888837538471675,0.9435779505580673,0.6571574449861822,0.9125111785873636,0.8926432681396852,0.9122530226440353,0.8838278386255647,0.9208670929242364,0.989313748662849,0.9152582079543841,0.9228205481168079,0.792660155701763,0.6521203723094455,0.9152582079543841,0.9660206703631764,0.787435824890411,0.9302869180633684,0.8645307055964574,0.9125111785873636,0.921296932653916,0.9495203073386864,0.9499526901597122,0.8631510629728293,0.9258608077723747,0.7257061345513406,0.9761518595831409,0.9152582079543841,0.9005283589274586,0.9152582079543841,0.98145106467318,0.8943435720746804,0.9671920603018179,0.9371382816751241,0.9678417350205826,0.9229883832391803,0.9950483392264469,0.8707051888795785,0.9152582079543841,0.9735062310027147,0.9219433011506383,0.8508370394456146,0.9054862779423516,0.8586206896551727,0.9711878805915029,0.874875669330726,0.8727803597140285,0.8887315011070402,0.9631981626021593,0.8817276870237213,0.8887315011070402,0.8707051888795787,0.9343882429311451,0.8088080901268471,0.8887315011070402,0.9371382816751241,0.9186550120230907,0.9496485824638997,0.8961062613135485,0.9628454933455662,0.9761805408072894,0.871166208285507,0.9840221034099075,0.8586206896551727,0.8298245628351774,0.9393175601009798,0.9483563157149231,0.995606730632077,0.9693820495180774,0.9655916756796747,0.8907075917149339,0.9358559422107495,0.8946333593152878,0.93112141245414,0.8733124723819166,0.7921513199835891,0.9496485824638998,0.9209817665727265,0.8358244551518945,0.8198407636684343,0.9949598499265346,0.9005283589274589,0.90844375509248,0.9816001811698214,0.9270730230791457,0.9400724976363595,0.8769922925568632,0.9090845696476818,0.8245145631299533,0.9054862779423518,0.9146163931513942,0.9283102964892214,0.9634038194012378,0.9152582079543841,0.9783677999913529,0.8530034923481352,0.5451805851795937,0.8836238393968294,0.8880896943769039,0.9270730230791457,0.8645899440480411,0.9883274201349324,0.8856988418635352,0.9072118677365053,0.936808540536072,0.9799771696850708,0.9566277828832506,0.8382562997584619,0.9898781502828838,0.9754166382812555,0.7966543892561386,0.9849376486650103,0.8251975627022038,0.9209817665727262,0.9621698344437759,0.901876143654109,0.87913149540803,0.8056206522660103,0.8547850709517302,0.9374481060450464,0.9310236666640872,0.9907143086558443,0.9502726792490606,0.8733158207335043,0.8711662082855067,0.8851067435299687,0.80562065226601,0.9893975174392511,0.9924821208671799,0.9270730230791457,0.9158917230732841,0.9445283662005389,0.9621698344437761,0.9872125588573133,0.9869018454857346,0.9302869180633686,0.9268138202261745,0.9270730230791457
p256_T,0.9268926884906392,0.9272278453848009,0.8356379386668253,0.9038554657884541,0.9369854052620168,0.9532555825271782,0.7306395522060132,0.7612352883807552,0.8806719604852848,0.9506503681784946,0.9253948970823007,0.9349426948340502,0.9349426948340505,0.7930603358875298,0.9570748126121906,0.8826561166564149,0.9688298914803046,0.9150048519840788,0.6618674289227169,0.9812882646010125,0.9187803324078709,0.9694100907323093,0.9200817943852444,0.9390829980374291,0.9218241042345277,0.9150048519840785,0.6182418262369357,0.8963379163019165,0.9506503681784948,0.7894546819676608,0.9069566644903915,0.943467974097185,0.9779901913198823,0.8993081265656127,0.9369854052620168,0.9481608601832736,0.8928876048824793,0.6797498978624448,0.9532555825271782,0.7157970166799061,0.8751860185986184,0.959237033712196,0.953255582527178,0.9266140809152767,0.9810860991992141,0.9131837385779651,0.9412414838519025,0.8765493364841213,0.9133573033767914,0.8657679762547947,0.943467974097185,0.8585993915298346,0.9150048519840785,0.6904295644940753,0.9731155357061647,0.9117298605520905,0.9117298605520907,0.6284764518573093,0.9817075465751259,0.9643019407444021,0.8834506330434528,0.8147982173265641,0.9150048519840792,0.8751860185986187,0.9457709851868581,0.78220002306066,0.943467974097185,0.9733182637816081,0.959303958242271,0.9868438546677247,0.7234845603892288,0.9545623789260471,0.9913026731221011,0.7849906623320986,0.6284764518573093,0.9171338879258173,0.9694100907323093,0.9253948970823007,0.852777932734105,0.8318499427019325,0.9721643839492675,0.9183656033219387,0.5001340236190803,0.9150048519840792,0.6284764518573093,0.7408315228923602,0.9235944347702933,0.8518001269042899,0.8986797000234017,0.6428226383045876,0.6284764518573093,0.8356379386668252,0.9424224160797435,0.8711731485657737,0.7760905323811931,0.8712150485544234,0.8124005011391577,0.947938369254937,0.8243390506971333,0.7989963236109232,0.9665309054593344,0.9412414838519028,0.574159183997224,0.9694034007212068,0.8905864504420853,0.9481608601832734,0.7842937169639572,0.7954183713752192,0.9218241042345277,0.8361454645127426,0.795490038496085,0.9981997428137878,0.9328174966158878,0.8876707345437713,0.9429902492134533,0.9890102704679159,0.9750206691499417,0.9481608601832734,0.953255582527178,0.8497488428273543,0.9266140809152767,0.8538210569780723,0.6289359391965256,0.9069566644903913,0.9150048519840792,0.7900935967596581,0.9488974039091765,0.8590495752805767,0.9594986384506098,0.9655974895223984,0.8693626884146954,0.9991256173192247,0.9434679740971852,0.953255582527178,0.9310020898787328,0.9172462606189085,0.8779295299283143,0.9434679740971852,0.943467974097185,0.6560569595199763,0.9128152378045387,0.9506503681784946,0.8302612179719411,0.9152669132945839,0.8771134096626679,0.8890928172755168,0.9271964158882349,0.8288717695259116,0.9545623789260473,0.8170296517925679,0.9506503681784946,0.883450633043452,0.8449511898239378,0.8808194275061851,0.943467974097185,0.9545623789260471,0.8697799112734454,0.7565796154807867,0.848358096821,0.6231405795513362,0.7441650374842559,0.9412414838519025,0.9183656033219387,0.9896348402987898,0.9033301068535198,0.7462438576140663,0.8800187100542716,0.8751860185986184,0.9085306004621048,0.8580286804783825,0.9796265153694581,0.9349426948340505,0.9117298605520909,0.7249216671635335,0.8697070558558906,0.7895565433734407,0.9481608601832734,0.9175729518606172,0.9377834594303425,0.6189560385595201,0.9248384182047,0.8617859181418421,0.9523096052149489,0.9877220281917203,0.8896667955588831,0.8495848911093743,0.8239134490485773,0.9096861238372793,0.6904295644940754,0.941105977149884,0.9329497321807898,0.9129412260730063,0.8852080508514846,0.7625548701434592,0.9818634913664555,0.6284764518573093,0.9390829980374291,0.6046827959825738,0.8396855966842411,0.8449203259554281,0.8956273847626328,0.9594986384506098,0.6284764518573093,0.8904895064960727,0.8092677010394564,0.9506503681784948,0.6284764518573093,0.938670365670834,0.8948693468634783,0.9171338879258173,0.9198608721014003,0.8820580577672704,0.9349426948340502,0.6284764518573093,0.9219714341985399,0.6284764518573094,0.8375365895474425,0.8798658031392225,0.9348783637591671,0.6284764518573093,0.8068632323475464,0.6284764518573093,0.8272357691288837,0.9510212795701292,0.7462438576140663,0.9287755531218542,0.9412414838519028,0.7627497661269191,0.6560569595199759,0.6831243147374937,0.9235944347702933,0.91625491915112,0.9761277374511321,0.9723980610103105,0.9434679740971852,0.8744295702264877,0.8644375806981961,0.8325757023140449,0.9732456515592671,0.9302334181929384,0.8948693468634781,0.9310020898787328,0.8538210569780723,0.9329497321807898,0.6284764518573093,0.9113067123177234,0.6284764518573093,0.7874868403951454,0.8222180825008417,0.9965573445764311,0.990094017201337,0.786052385537005,0.9390829980374291,0.893411056648407,0.9883279044516831,0.8324246679921216,0.9253948970823007,0.8539255385877564,0.9412414838519028,0.8881686990921753,0.8679473730861487,0.856572578882048,0.6428226383045876,0.9919033068160935,0.9461370237938854,0.9532555825271782,0.842000725965919,0.8176308472588918,0.7002571784956738,0.920508039628191,0.8532948153372011,0.9965573445764311,0.887563497043816,0.8657123358127304,0.7711978456713608,0.9481608601832734,0.8119546298801459,0.9284119894354881,0.9183656033219387,0.8043999153882844,0.9481608601832734,0.8667801398010047,0.7694019028724453,0.9919033068160935,0.9359750562413549,0.9038554657884541,0.4799171814748767,0.9358530937879614,0.8077853720781183,0.9329497321807898,0.9412414838519025,0.9991256173192247,0.9451016470489375,0.9481608601832736,0.7735354395038114,0.9496600958681387,0.9443335252735334,0.9441641414115842,0.9481608601832736,0.9543800590178144,0.9133573033767912,0.8101794501321898,0.7566586192708958,0.7781429858473843,0.8738276768158082,0.9412414838519025,0.9133573033767912,0.9320797389103181,0.753902280628383,0.8876707345437713,0.9138735820988337,0.7567561462942773,0.9069829296542627,0.9917211994790314,0.8585105014233418,0.9506503681784946,0.9452104916607273,0.9506503681784948,0.8993081265656124,0.8948693468634785,0.7755449641336588,0.9412414838519025,0.6284764518573093,0.943467974097185,0.8645904004850739,0.9987351912497631,0.9481608601832734,0.9457709851868581,0.9349426948340502,0.6284764518573093,0.9218241042345277,0.9481608601832736,0.953255582527178,0.9570748126121906,0.8527779327341047,0.9183656033219387,0.9434679740971852,0.842000725965919,0.9570996376757273,0.8086319218241044,0.9290959183459291,0.8757418277372289,0.9412414838519025,0.8993081265656127,0.9730300723290999,0.9272278453848011,0.9230838149438536,0.9532555825271782,0.7791487045956211,0.9910569717673405,0.7711978456713608,0.9810860991992141,0.6428226383045876,0.977164301389462,0.9731685849518752,0.8077853720781183,0.8093097097217967,0.9147410006567669,0.6284764518573093,0.8186692280313932,0.9937773364805663,0.9008109730235982,0.9937773364805664,0.9506503681784946,0.8330592294891925,0.6284764518573093,0.6284764518573093,0.995767454475303,0.9452104916607273,0.8378281998597908,0.6284764518573094,0.9506503681784948,0.9369854052620168,0.903855465788454,0.8724740464567164,0.7859112855914578,0.90006279115773,0.7108628090783684,0.9235944347702933,0.8919046383760009,0.9310405719151,0.6284764518573093,0.9372958333693957,0.8963379163019165,0.7928259796469517,0.7728625766255464,0.9821463001596107,0.6510801649540705,0.9412414838519025,0.7938487793604505,0.6284764518573093,0.9468370923539066,0.9568700216169213,0.9029788216447514,0.9685180375693216,0.9950927970641263,0.8695886061016358,0.9290959183459289,0.6284764518573093,0.901769748719865,0.9930309080789929,0.6284764518573093,0.9821463001596107,0.9971011607622013,0.8784502765604179,0.9202407916505638,0.8016420807864293,0.6284764518573093,0.9359987855401802,0.8469678326776531,0.9457709851868579,0.7019033162750902,0.730139636196643,0.8848500287036507,0.9196334336027319,0.8224263695049023,0.9429902492134533,0.9049013665285814,0.8591451287364846,0.9200817943852444,0.8682427811077016,0.870781195942419,0.8096269461864892,0.7272125248349683,0.936582663250047,0.62447828205466,0.6284764518573093,0.9481608601832736,0.8043999153882845,0.8153653597703898,0.9721643839492675,0.9101213268023747,0.6560569595199766,0.9216547375949999,0.9950927970641263,0.6046827959825725,0.9721643839492675,0.6284764518573087,0.9272278453848009,0.9822596548684748,0.8806719604852853,0.9481608601832736,0.8594852121729344,0.9506503681784948,0.9272278453848009,0.9917417854198085,0.776613265899309,0.6640646615715613,0.9506503681784946,0.7750774640620901,0.9678215615187198,0.5370438535884461,0.7002571784956738,0.9235944347702933,0.9926491931691895,0.9412414838519028,0.8993081265656124,0.9064840699954799,0.930457655379882,0.6053029250357197,0.9064840699954801,0.9253948970823007,0.9069566644903915,0.7297533167709565,0.741155666721659,0.6950217943765337,0.9310020898787328,0.7931357244362578,0.8644375806981961,0.9038554657884541,0.9616684643803335,0.7272125248349688,0.9165823440931798,0.9721643839492675,0.9175232626155817,0.9950286745612718,0.9655974895223987,0.71811984507629,0.9412414838519028,0.8922768096297187,0.981036891124268,0.7046964066654735,0.9996217758139353,0.9481608601832734,0.9493509050636675,0.8657679762547947,0.5556233508367532,0.9320797389103181,0.5681578169164545,0.931002089878733,0.9965573445764311,0.9481608601832734,0.9069566644903913,0.9039423420232767,0.8919625271106499,0.9877220281917205,0.9877220281917205,0.9792685813697463,0.9510212795701292,0.6683258355574169,0.8068740564849499,0.6284764518573093,0.9457709851868581,0.6284764518573093,0.6284764518573093,0.8228515465886157,0.7272125248349686,0.8993081265656122,0.6284764518573093,0.9762287933663365,0.8232672162068193,0.7868540111713807,0.8518692177331039,0.8808194275061849,0.9581480053936737,0.9452104916607273,0.8645904004850736,0.8507492800484018,0.9290959183459289,0.8591451287364845,0.9457709851868581,0.9339524310656604,0.9957759602277789,0.9733182637816082,0.9069566644903913,0.9290959183459289,0.9329497321807898,0.9893597815675634,0.9457709851868581,0.8837161210105097,0.9429902492134533,0.876549336484121,0.9694100907323095,0.7428204019696907,0.964170004482718,0.8372369487294187,0.59574122504261,0.9162549191511202,0.9200817943852442,0.9008109730235982,0.9412414838519025,0.7098803175335778,0.5008190116955994,0.893411056648407,0.874111544718511,0.9001019157167125,0.9434679740971852,0.874111544718511,0.6683258355574176,0.994085696353548,0.8631102944179316,0.9349426948340502,0.7928259796469517,0.9479529588566924,0.7602184511116358,0.9110289230307687,0.8344527069141838,0.9606344949981606,0.9381134314224797,0.9694100907323095,0.8848500287036507,0.9106535992408944,0.6284764518573093,0.936582663250047,0.8963379163019167,0.9543800590178144,0.8800187100542716,0.9235944347702931,0.9843238957181939,0.8155128907757816,0.9424224160797435,0.964170004482718,0.8047231998460558,0.9506503681784948,0.9286289906059295,0.9253948970823007,0.8874770946298924,0.6560569595199766,0.9290959183459289,0.9950058988075361,0.7514899398419218,0.9183656033219387,0.844445167130514,0.8793720391726756,0.7855480309011276,0.8829908057762272,0.6256072995438497,0.9667003527391126,0.8278323671212413,0.9069566644903913,0.9506503681784948,0.9667480998914222,0.9390829980374291,0.8798658031392225,0.8792920141466944,0.892519397022032,0.6428226383045876,0.971984940503342,0.9004739113325249,0.9751129258825254,0.9897781820908831,0.9991256173192247,0.9339524310656602,0.96782156151872,0.9592370337121965,0.9414543417011054,0.945842199911705,0.9218241042345277,0.8154354260564571,0.9253948970823003,0.9594986384506098,0.943467974097185,0.9532555825271782,0.6284764518573093,0.9358530937879614,0.9124442301283537,0.7606222572952102,0.6555191900954684,0.6284764518573094,0.8552011210699517,0.9294328074716539,0.8834506330434522,0.7930603358875308,0.9452104916607271,0.8057785301589873,0.9090576304377902,0.9856209263400513,0.990094017201337,0.9162549191511198,0.9828782321270809,0.86847217651075,0.9457709851868581,0.7365316078009582,0.9117298605520907,0.9412414838519025,0.8948693468634785,0.9751129258825251,0.9101213268023749,0.6046827959825738,0.9034814342922287,0.9272278453848009,0.6824726928193262,0.9913026731221013,0.9728142023360637,0.9425535059673309,0.9481608601832736,0.9369854052620168,0.9694100907323093,0.9457776272931169,0.8016420807864293,0.6428226383045876,0.9434679740971852,0.6683258355574166,0.6428226383045876,0.6428226383045876,0.735242201210897,0.6284764518573093,0.9310020898787328,0.7842937169639574,0.6284764518573093,0.7352115082109041,0.8091187892238494,0.9481608601832734,0.9429902492134533,0.929577598819045,0.9488974039091765,0.6428226383045876,0.9251516844761005,0.8239134490485771,0.9200817943852444,0.852205252714515,0.6284764518573093,0.9510212795701292,0.9429902492134532,0.9183656033219387,0.7906921486878846,0.7132214368458838,0.9481608601832734,0.9390829980374291,0.9218241042345277,0.8948693468634785,0.0,0.9369854052620168,0.8222180825008406,0.7983223449445562,0.9763867292456674,0.997024540015832,0.7939881817158989,0.9868438546677248,0.9133573033767912,0.9991256173192244,0.7181224660974788,0.8536610230431647,0.6284764518573093,0.9369854052620168,0.9106535992408944,0.9812882646010124,0.931043781543946,0.9688298914803046,0.9721643839492675,0.78220002306066,0.6560569595199766,0.9277114636581942,0.7794444788508179,0.6284764518573093,0.6284764518573093,0.791580548267867,0.6996430494860513,0.8005610041430159,0.9110289230307687,0.8580286804783823,0.9202407916505638,0.8778112237758886,0.7985408612872549,0.91667381023818,0.7679533613871461,0.6284764518573093,0.9711376920946673,0.936582663250047,0.9532555825271782,0.9424224160797435,0.9481608601832734,0.8390761539859333,0.6284764518573093,0.6284764518573093,0.7894546819676611,0.628476451857308,0.7761685862647862,0.9847742533056744,0.9198608721014006,0.9064840699954801,0.990094017201337,0.8744295702264889,0.8190433636010614,0.8563758846731455,0.6284764518573094,0.7514899398419218,0.8213609819148164,0.9390829980374291,0.9481608601832734,0.9088998345061841,0.9546450917662912,0.7709972060411143,0.8131017553461333,0.9390829980374291,0.9029788216447514,0.6284764518573093,0.8332075259961063,0.9215071040267933,0.8751860185986184,0.8965753694308916,0.8493561000564558,0.9272278453848009,0.9145903768331318,0.9006227189338717,0.9457709851868579,0.8637184774341826,0.8291365518294922,0.9187458821598234,0.9132268973805199,0.9038554657884541,0.7500737909531848,0.8153653597703898,0.943467974097185,0.6428226383045876,0.846055230607236,0.9117298605520905,0.680761797183002,0.9854168063328744,0.9532555825271782,0.7868540111713821,0.9532555825271782,0.953255582527178,0.8792920141466947,0.7664366493157013,0.8711248729670613,0.9369854052620168,0.9506503681784948,0.9694100907323095,0.9235944347702933,0.9162279318481583,0.9779901913198823,0.9349426948340502,0.9928893498778073,0.8896348761300884,0.9390829980374291,0.992394784087866,0.7769666391192471,0.9727447083742113,0.9644595891443488,0.6284764518573093,0.8356379386668252,0.936985405262017,0.980524559928557,0.9506503681784946,0.959237033712196,0.918365603321939,0.92197143419854,0.6284764518573093,0.9930309080789927,0.9345884642122212,0.918365603321939,0.8062565827918013,0.8090990941641025,0.791659360578768,0.996557344576431,0.9810368911242678,0.9671851625972884,0.8298161239732542,0.7283760204326701,0.6390361046400201,0.7473175996694306,0.9034814342922289,0.9476535753223351,0.9543800590178144,0.8738276768158082,0.9545623789260471,0.8246710204329082,0.8645904004850735,0.9038146116604191,0.9369854052620168,0.6428226383045876,0.8288717695259116,0.9061118815207867,0.5772673634824738,0.7928259796469517,0.7630729198569925,0.6284764518573093,0.9944277563278503,0.9092662761209143,0.7172892863065258,0.6284764518573093,0.8013966443800906,0.9290959183459289,0.9481608601832734,0.7272125248349686,0.6428226383045876,0.8401247247220577,0.9150048519840793,0.7881092891784472,0.9523096052149489,0.8862566036435153,0.9200817943852444,0.9238686491217704,0.6284764518573093,0.9101213268023749,0.6284764518573093,0.9481608601832734,0.8899306082567796,0.8565137343618396,0.9532555825271782,0.9479529588566924,0.892869685005985,0.8820580577672703,0.9038554657884541,0.6284764518573093,0.8405391334302661,0.8258236320063457,0.8563758846731455,0.945842199911705,0.8222180825008407,0.9965573445764311,0.7819590521390982,0.943772438814358,0.7819856802224692,0.8671016868583243,0.9268926884906385,0.7819856802224692,0.9038554657884541,0.456785212638977,0.9154984655951912,0.7819856802224692,0.9532555825271782,0.9150048519840792,0.9950927970641263,0.944333525273533,0.5900433049469196,0.9437724388143582,0.9183656033219387,0.8654973471746634,0.9302334181929384,0.964170004482718,0.8934110566484075,0.9133573033767914,0.9349426948340502,0.9694100907323093,0.9493509050636676,0.7930603358875299,0.8779179059734528,0.8176308472588918,0.800640383734674,0.8862566036435156,0.7982071677784179,0.9950927970641263,0.9412414838519025,0.8779179059734528,0.9591612496938329,0.9101213268023749,0.8499606020007389,0.9396082402244852,0.943467974097185,0.9919033068160935,0.8285889857996555,0.9085306004621048,0.926563153770579,0.9339524310656604,0.9847277353330188,0.8773135814748487,0.6738599348534199,0.9053985774691053,0.9369854052620168,0.8218614226946037,0.9008738172741856,0.8654765962569624,0.9080787883543033,0.9090614954690531,0.9457709851868581,0.9358530937879614,0.850636920172497,0.9150048519840785,0.9688298914803047,0.9085306004621048,0.874429570226489,0.8610704848897667,0.7487552916430884,0.7004492079819649,0.8694404115216972,0.6956019716622596,0.8552011210699519,0.7175075803741131,0.9412414838519028,0.9390829980374291,0.8591451287364846,0.9101213268023747,0.9412414838519025,0.8738276768158082,0.8304398650868532,0.6628165329007829,0.9843238957181939,0.9329497321807898,0.8405391334302663,0.9950286745612719,0.9286197968271317,0.9412414838519025,0.8252209280961138,0.9950286745612719,0.9457709851868581,0.8671016868583243,0.6576939550216584,0.9390829980374291,0.9506503681784946,0.9114911763347562,0.9481608601832734,0.7477544398129192,0.9457709851868581
p257_D,0.8797198635106946,0.9413411539914582,0.7110686243555888,0.9858842152953933,0.9492063492063489,0.9623211158059548,0.8570070294818275,0.8810175154215636,0.903814238682265,0.9602211523225768,0.32500402780730375,0.9475597985845112,0.9475597985845114,0.9225015741707869,0.9927984919267985,0.885400876353422,0.944383427890573,0.931488667261505,0.9582144552981327,0.9602211523225768,0.8875255844205967,0.4522385546312103,0.9355809960386168,0.9508971383859763,0.465524648277051,0.9314886672615048,0.944383427890573,0.9164419655193168,0.9602211523225768,0.8034773333283485,0.9250013316406696,0.9730533608234009,0.9428469360414604,0.9188361382271668,0.9492063492063489,0.9582144552981327,0.30417153187793744,0.9428469360414604,0.9623211158059548,0.9301606414450718,0.8993922310882436,0.932833950574053,0.9623211158059548,0.9967090020779532,0.9345041683711355,0.8474513194974067,0.2775029775378376,0.9004911494084333,0.5218111161012755,0.8918007079504509,0.9544316996038,0.9105997694059791,0.9314886672615048,0.9413411539914585,0.9980353634264252,0.9288488221297497,0.9288488221297497,0.9492063492063487,0.7953507180148163,0.24653712211243872,0.9060540201833018,0.8898549672341264,0.9314886672615053,0.8993922310882436,0.9562880686171875,0.8825502143476116,0.9005384212506019,0.8869938104977821,0.8638767417146936,0.884614916334617,0.92126914699118,0.930160641445072,0.9194444444444441,0.8558385346892361,0.9492063492063487,0.7279119480564189,0.938412400887346,0.9964123220916106,0.857578388990772,0.9623211158059548,0.9470390403999656,0.9341976401680094,0.9262700211315917,0.9314886672615053,0.9492063492063487,0.9176344520056336,0.7846107607119962,0.8046479448175343,0.7038434957604057,0.9475597985845114,0.9492063492063487,0.9640062838948071,0.831146423199498,0.9167889614218212,0.9262700211315917,0.9767351992829902,0.9966595820561324,0.7599267682613889,0.9065447587925577,0.8764361994541838,0.9288488221297497,0.9526370111116407,0.9492063492063489,0.9205381405663509,0.6725252945719871,0.17734708868199078,0.6527785700272668,0.9389735848576621,0.9369854052620168,0.8289245259008582,0.9425887019071979,0.932833950574053,0.8925836270476606,0.642620593998638,0.2775029775378376,0.8678905927473253,0.9430869529798077,0.9582144552981327,0.9623211158059548,0.8893007587699875,0.9967090020779532,0.9551293872486744,0.9369854052620168,0.9250013316406698,0.9672736044508083,0.8402244909810175,0.30417153187793744,0.9243203844516433,0.9475597985845112,0.9152582079543841,0.872763168035608,0.9526370111116407,0.9005384212506018,0.9623211158059548,0.944383427890573,0.9660700296626721,0.9466821273204218,0.9730533608234009,0.24790396509541268,0.9459533477380775,0.8253697077132103,0.21685393635072725,0.8244397822834253,0.8717146038820363,0.9580351138842,0.9106019687464655,0.9292058051524481,0.8420784215528956,0.930160641445072,0.9309782033622505,0.8751938654120848,0.9060540201833016,0.8025908473840934,0.8811713725919914,0.973053360823401,0.9301606414450723,0.9686438031476614,0.9987214692868693,0.7693319769533163,0.885400876353422,0.8640713420057804,0.9073884413700835,0.986554806284329,0.8590530004149175,0.69240763010332,0.9164419655193168,0.8612222667022571,0.6843431250393639,0.93073414094589,0.8453085223330428,0.9225015741707872,0.35047412290888946,0.9288488221297497,0.9020234243808676,0.7450523201144429,0.9116607121466378,0.9582144552981327,0.8706662210952576,0.9200475251844387,0.8864622842804517,0.9117550006367756,0.8885909234541711,0.9730218450575299,0.9475597985845112,0.9531337744920034,0.745052320114443,0.8580633769736241,0.9015943008452871,0.9413411539914586,0.9701429667321069,0.9459533477380775,0.9038142386822652,0.8591931342040491,0.8744980681654759,0.9749557273192732,0.9492063492063487,0.9508971383859763,0.9459533477380777,0.9004911494084333,0.83903826344304,0.8918007079504509,0.9248100053233799,0.9492063492063487,0.7106379468474713,0.7897778653703149,0.960221152322577,0.9492063492063487,0.8922864636322441,0.9152582079543841,0.8864622842804517,0.8570084033315833,0.9049315186013056,0.9475597985845112,0.9492063492063487,0.9801184131332199,0.9492063492063487,0.8732827916508182,0.8685974240625227,0.8355526955775654,0.9492063492063487,0.791738085676122,0.9492063492063487,0.792611675701282,0.9071820194155722,0.9971276925647266,0.75736172437621,0.9526370111116407,0.8557200473059943,0.9459533477380775,0.4780450204028919,0.9384124008873462,0.985380855181585,0.8488494650114395,0.9188361382271666,0.9730533608234009,0.8993922310882436,0.8907283270583695,0.9801193820390866,0.9345140465701829,0.5288821408683504,0.9152582079543838,0.944383427890573,0.9551293872486746,0.9459533477380777,0.9492063492063487,0.9811718853428997,0.9492063492063487,0.9522699746113128,0.9152582079543841,0.9544316996038,0.9275522446953854,0.8557200473059943,0.9508971383859763,0.9140827360776207,0.46552464827705065,0.9655358493300292,0.9398636845831869,0.8612222667022571,0.9526370111116407,0.9700073495187167,0.871714603882036,0.8442340263447985,0.9475597985845114,0.9562880686171873,0.9166713987213368,0.9623211158059548,0.8333555867103815,0.8719900286803045,0.932833950574053,0.8706662210952576,0.9259996912612046,0.9544316996038,0.909369242294384,0.7493894200045361,0.8557200473059943,0.17734708868199078,0.828924525900858,0.9140827360776209,0.9865548062843288,0.9015943008452876,0.17734708868199078,0.8517144868263764,0.8715164809151126,0.9562880686171875,0.8982973238138028,0.9225015741707869,0.9526370111116407,0.9188361382271666,0.8070467719220202,0.37076935752005236,0.9526370111116405,0.9073884413700833,0.8329007801417352,0.9582144552981327,0.8895997465928738,0.916788961421821,0.7310923137226891,0.9345819304567231,0.9582144552981327,0.9492063492063489,0.930160641445072,0.9459533477380777,0.9544316996038,0.8874655807210454,0.898297323813803,0.9073884413700833,0.9301606414450723,0.9164419655193168,0.8686696069047447,0.9094556823349391,0.9883712637744562,0.8685974240625227,0.8402244909810175,0.8947179757556367,0.9385684670671918,0.9602211523225768,0.9818472950454273,0.9602211523225768,0.5951151434917712,0.9152582079543841,0.9094556823349391,0.9526370111116407,0.9492063492063487,0.9544316996038,0.9027019168030599,0.9314886672615053,0.17734708868199078,0.9562880686171875,0.9248100053233799,0.9492063492063487,0.35689011255688163,0.9582144552981327,0.9623211158059548,0.5551206305813674,0.7705478291555952,0.9341976401680094,0.9544316996038,0.8333555867103815,0.7615900676035702,0.9543800590178142,0.9428469360414606,0.8409971458279795,0.9526370111116405,0.9927913675399128,0.8732827916508183,0.9413411539914585,0.910601968746465,0.9623211158059548,0.8501737928062845,0.9188361382271666,0.918879767010391,0.3894983515488182,0.9475597985845114,0.9430021428738233,0.885400876353422,0.8640713420057804,0.8082384637825224,0.8639752520084486,0.9492063492063487,0.9155456680159726,0.9613251513423888,0.9200475251844387,0.6017678552900565,0.9602211523225768,0.9056892759978574,0.9492063492063487,0.9492063492063487,0.9301606414450718,0.9818472950454276,0.8904561153277737,0.9492063492063487,0.9602211523225768,0.9492063492063489,0.922501574170787,0.69240763010332,0.9027381357638633,0.9851190476190476,0.9237454173815309,0.9384124008873462,0.8442472072815895,0.877820999631221,0.9492063492063487,0.743260022900579,0.9164419655193168,0.8611779244813151,0.863876741714694,0.47308644106097986,0.8696179154667711,0.9526370111116405,0.8527046452594771,0.9492063492063487,0.8343813277693917,0.9166547403069654,0.7961555888510775,0.8886388974197774,0.9508971383859763,0.8459565846100463,0.9428469360414604,0.9492063492063487,0.8961186971729784,0.8900284865412089,0.9492063492063487,0.9370619345667414,0.7948313236856197,0.7682790600652863,0.8686696069047446,0.8306404201087894,0.9492063492063487,0.8356986313379364,0.8559522762859695,0.8929968346358229,0.7494901611823099,0.8112071348432381,0.9071820194155724,0.9083158055901508,0.9702236782844957,0.2775029775378376,0.8982973238138032,0.8864622842804517,0.935580996038617,0.8527760996057683,0.9729454567320206,0.7704128269290065,0.935580996038617,0.24790396509541268,0.9314886672615053,0.9492063492063487,0.8846149163346169,0.9015943008452874,0.8416188407771306,0.9398636845831869,0.443934265232529,0.9459533477380775,0.8836043876025736,0.9508971383859763,0.9919305345581159,0.9470390403999657,0.9194444444444441,0.8853010064654409,0.7490382889392259,0.9038142386822652,0.9582144552981327,0.846380925471486,0.9602211523225768,0.9413411539914582,0.9888877218166614,0.7731337277914523,0.9384124008873462,0.9602211523225768,0.8597813637113952,0.9164419655193166,0.9640062838948071,0.932833950574053,0.9507968637523911,0.7102107570168048,0.9526370111116407,0.9188361382271668,0.8993922310882434,0.754631059092259,0.9341976401680094,0.9750767117923149,0.9470390403999657,0.9250013316406696,0.9592572502158767,0.8289194532234487,0.9442661027800152,0.944383427890573,0.814123707882592,0.7145711162149666,0.9858842152953933,0.9341976401680094,0.9578055524052942,0.8655494541061022,0.9398636845831869,0.6881370301067236,0.9341976401680094,0.6143990102802371,0.7822140588685709,0.9526370111116407,0.9358796528302649,0.8302266503143911,0.9949841493208558,0.9870810478556494,0.9582144552981327,0.8732827916508182,0.8918007079504509,0.9562880686171875,0.9971276925647266,0.944383427890573,0.944383427890573,0.9544316996038,0.9582144552981327,0.9250013316406698,0.7961130331386894,0.912915131908919,0.35047412290888946,0.9475597985845114,0.8233095582802461,0.98718918497142,0.944383427890573,0.8717146038820363,0.9492063492063487,0.21477889927437266,0.9492063492063487,0.9492063492063487,0.8187498553347687,0.9355809960386172,0.9188361382271664,0.9492063492063487,0.8094251427518581,0.8377384241745147,0.956466487927786,0.9450698704968494,0.6749748220810461,0.7668650526081316,0.9428307668638463,0.9027019168030599,0.8399134433261006,0.9428469360414606,0.921519172249827,0.9562880686171873,0.9949841493208558,0.8625297205894871,0.9180353447095948,0.5578203511314521,0.9389176628943106,0.9919305345581159,0.8205714681519056,0.9562880686171873,0.6963039067136751,0.2775029775378376,0.9767351992829902,0.938412400887346,0.9127774219260272,0.9355809960386168,0.8485197883378752,0.565881539762132,0.9060540201833018,0.9355809960386168,0.9200475251844389,0.9526370111116407,0.9384124008873462,0.9508971383859763,0.5780848646668881,0.8570084033315832,0.8995853467709889,0.9544316996038,0.8570084033315835,0.944383427890573,0.8543421545177234,0.7180040722870515,0.9886251033694344,0.8330049588181114,0.9262700211315917,0.9623211158059548,0.8238363834215006,0.8766475407506156,0.9027019168030599,0.8837653572836093,0.9384124008873462,0.98718918497142,0.9165426167073856,0.9492063492063487,0.24790396509541268,0.9164419655193168,0.9492063492063489,0.8612222667022573,0.9384124008873462,0.9298144168543094,0.5494119064858423,0.787248040575418,0.935580996038617,0.8046479448175345,0.9602211523225768,0.7822140588685706,0.9964123220916106,0.8664724446651941,0.9459533477380775,0.9428469360414604,0.8221755430097122,0.9152582079543841,0.9341976401680094,0.8247763577362224,0.880117361849238,0.874803563184065,0.8633240709217587,0.9927913675399127,0.8898549672341265,0.7917380856761219,0.9250013316406698,0.9602211523225768,0.9913026731221013,0.9508971383859763,0.7741602544976014,0.9801193820390868,0.892875760974867,0.9475597985845114,0.8075409127954849,0.8300656996036521,0.9623211158059548,0.879064442044788,0.9526370111116407,0.9176344520056336,0.5217608120269644,0.932833950574053,0.9784157310816313,0.5578203511314521,0.9369854052620168,0.898297323813803,0.9398636845831867,0.9475597985845112,0.24790396509541268,0.9623211158059548,0.9492063492063487,0.9188361382271666,0.8974240433030007,0.7652689524497791,0.9200475251844387,0.9492063492063487,0.9522711537700372,0.8244397822834253,0.9060540201833016,0.9225015741707872,0.6670039513203427,0.8918007079504506,0.8811713725919912,0.8705452306419437,0.9275522446953857,0.9352923098201313,0.8506512873935232,0.8907283270583695,0.21477889927437255,0.6715020243987909,0.9288488221297497,0.9073884413700835,0.8281911838099563,0.9623211158059548,0.9275522446953854,0.9459533477380777,0.9623211158059548,0.9413411539914582,0.9288488221297497,0.9492063492063489,0.9619684272088397,0.7342152810431968,0.9582144552981327,0.9492063492063492,0.9384124008873462,0.8247763577362224,0.8590530004149175,0.9475597985845114,0.900538421250602,0.944383427890573,0.9475597985845114,0.9475597985845114,0.9188361382271665,0.9492063492063487,0.944383427890573,0.9071820194155722,0.9492063492063487,0.9341976401680094,0.8907283270583692,0.8060296021509905,0.2775029775378376,0.9562880686171875,0.9508971383859763,0.9475597985845114,0.8075409127954849,0.8580633769736241,0.9355809960386168,0.8409971458279797,0.9492063492063487,0.9071820194155722,0.9526370111116407,0.9610880275993516,0.8501386658515004,0.6477717584440748,0.9582144552981327,0.9136608016620087,0.936985405262017,0.9580166426603276,0.9369854052620168,0.0,0.9152582079543841,0.92126914699118,0.9250013316406698,0.8337006414042477,0.9398636845831869,0.9582144552981327,0.9301606414450718,0.2775029775378376,0.9728072322506559,0.8420784215528956,0.9492063492063487,0.9492063492063489,0.7402972109962743,0.9602211523225768,0.926856645853003,0.38949835154881807,0.9398636845831869,0.8825502143476118,0.9459533477380775,0.8475559529633732,0.8410191640890095,0.9492063492063487,0.9492063492063487,0.9987214692868693,0.7872480405754179,0.9027019168030597,0.8058499662916012,0.8453085223330425,0.8152867967569692,0.7722191842821244,0.7997856146881548,0.932833950574053,0.8989443341645225,0.9492063492063487,0.9767351992829902,0.24790396509541268,0.9623211158059548,0.831146423199498,0.17734708868199078,0.8898549672341263,0.9492063492063487,0.9492063492063487,0.9148032960856118,0.9492063492063489,0.9229317913564032,0.45223855463121054,0.8570084033315835,0.8993922310882436,0.9757533722166009,0.5708164039832561,0.8344556057285126,0.8506512873935232,0.9492063492063487,0.9152582079543841,0.8175997772209664,0.30417153187793744,0.9632002305182419,0.9565760602192026,0.9223986589047976,0.9106019687464653,0.9176344520056336,0.9508971383859763,0.7021391001047346,0.9492063492063487,0.826689209693596,0.9949841493208558,0.8993922310882436,0.6995023882590949,0.9294246480784081,0.9413411539914582,0.9049315186013056,0.7759070484662232,0.9562880686171875,0.8685695845092944,0.8939314817480961,0.944383427890573,0.9602211523225768,0.8942700047615739,0.9314886672615053,0.8129560940834348,0.9544316996038,0.9475597985845114,0.7573617243762097,0.9288488221297497,0.9152582079543841,0.9882450462521555,0.9623211158059548,0.9152582079543841,0.9623211158059548,0.9510697823313443,0.671502024398791,0.9200475251844384,0.9702236782844962,0.9851190476190474,0.9602211523225768,0.4522385546312103,0.9384124008873462,0.8148380946804519,0.9428469360414609,0.9475597985845112,0.9730218450575299,0.8939536575643376,0.9508971383859763,0.7684119013812074,0.9613251513423888,0.8233095582802461,0.8010095457376821,0.9492063492063487,0.8918007079504506,0.9492063492063489,0.9309782033622502,0.9602211523225768,0.932833950574053,0.9610880275993516,0.7094662447486555,0.9492063492063487,0.8046479448175345,0.8238363834215005,0.9341976401680094,0.8058499662916012,0.826689209693596,0.8129560940834347,0.24790396509541268,0.8221755430097122,0.6716454483484396,0.8058499662916012,0.8284086162176745,0.9355809960386168,0.7662790430154048,0.9623211158059548,0.9355809960386168,0.9492063492063489,0.6132801141000308,0.9701978599269916,0.8388272306091995,0.9027019168030599,0.7890064191135172,0.9492063492063489,0.9475597985845114,0.8420784215528956,0.8612222667022571,0.696303906713674,0.8611779244813147,0.8373183370723893,0.9492063492063487,0.7884981212068203,0.7872117031134389,0.9858842152953933,0.9492063492063487,0.8399134433261011,0.998035363426425,0.17734708868199078,0.9355809960386172,0.9475597985845114,0.9371807713088756,0.9314886672615054,0.61779196543802,0.9288488221297497,0.9083158055901508,0.9578055524052941,0.8144281988985184,0.9492063492063487,0.927406180672594,0.9492063492063487,0.9582144552981327,0.8333555867103819,0.8843412180810759,0.9623211158059548,0.9262700211315917,0.8306404201087894,0.9836006869587255,0.5736202678932056,0.9492063492063487,0.9792981171115859,0.8788858297250919,0.7516707977886122,0.97201754229775,0.9152582079543843,0.900538421250602,0.9250013316406696,0.9237454173815309,0.9164419655193166,0.892875760974867,0.8090221571306979,0.9164419655193166,0.9858842152953933,0.9544316996038,0.731092313722689,0.9164419655193166,0.9623211158059548,0.9314886672615053,0.9508971383859763,0.6962280582750632,0.9475597985845112,0.9237454173815309,0.9341976401680094,0.8918007079504509,0.6143990102802377,0.9355809960386168,0.9564021026822451,0.930160641445072,0.9475597985845112,0.9938077685674775,0.8690444686411878,0.5736202678932061,0.9015943008452874,0.8333555867103812,0.9117550006367756,0.9083158055901508,0.9301606414450718,0.9508971383859763,0.2775029775378376,0.9015943008452871,0.9305175527166338,0.5406286483205431,0.9757533722166009,0.9386131743457118,0.24790396509541268,0.21477889927437266,0.9399009776851526,0.9262700211315917,0.8985928086301802,0.9176344520056336,0.5578203511314521,0.9143052801998224,0.9369854052620168,0.9701429667321069,0.3283730158730175,0.9255776356822873,0.8780124908814328,0.6262185821613941,0.9004911494084333,0.849586416155214,0.8929968346358234,0.9927913675399128,0.8759110188590657,0.9314886672615048,0.944383427890573,0.35875078925581805,0.8993922310882432,0.8717146038820363,0.9009864188391608,0.43810130282415105,0.9345819304567236,0.9475597985845112,0.8832831707913575,0.9090749946786867,0.9526370111116407,0.30417153187793744,0.8864622842804517,0.9275522446953854,0.9073884413700836,0.8982973238138032,0.8633240709217587,0.912871071944994,0.9459533477380777,0.3707693575200529,0.8910707793081731,0.9865548062843288,0.9027019168030599,0.9526370111116407,0.8591172857456588,0.4898735325524808,0.21477889927437255,0.892875760974867,0.964240297759334,0.9508971383859763,0.9602211523225768,0.8854008763534222,0.9582144552981327,0.8475930273944763,0.21477889927437255
p257_K,0.6975011665759625,0.9473740959672469,0.8194852749688186,0.9303519937309508,0.9152582079543841,0.9371382816751241,0.8500443318886198,0.8609411009006356,0.8395280973905586,0.5841653633473125,0.989878150282884,0.995606730632077,0.995606730632077,0.900528591305265,0.8508524342038153,0.4648272364956618,0.9350840409709825,0.885698841863535,0.9302869180633688,0.9336347991328915,0.8123528553952013,0.8972500807670707,0.8992368483577364,0.685103833186927,0.8948693468634783,0.885698841863535,0.9072118677365053,0.9168673858538465,0.9336347991328915,0.7879337685382377,0.8748756693307265,0.9239759423528267,0.9046484553665968,0.8645899440480416,0.9152582079543843,0.9673847887170085,0.9180790428976138,0.9798831497297819,0.5553683337996579,0.9159197701772372,0.8321506231964104,0.9780340428202863,0.9935264355112596,0.8819892368141287,0.9466378905596335,0.844276716107319,0.9209817665727265,0.9332636707881306,0.8834832246395516,0.8194852749688186,0.6511166134990864,0.9079515234177857,0.885698841863535,0.42066040420098305,0.9413936847619075,0.9132389320257914,0.7992624901152923,0.4006068367505189,0.8046224482286755,0.9098310498422768,0.8432648458861456,0.7756270707601548,0.9186550120230905,0.8968340415743792,0.9270730230791457,0.8584380740481112,0.9711878805915029,0.694651086102525,0.7994157651166391,0.9302869180633688,0.898105134356751,0.9807928612526091,0.956466487927786,0.957571608338627,0.4006068367505189,0.8334032066537793,0.9584859817309161,0.8996713357710027,0.8185428900672662,0.9935264355112594,0.7689771223906572,0.9924821208671799,0.6264765956909637,0.918655012023091,0.4006068367505189,0.8910305906213418,0.8972500807670707,0.8223190282104378,0.8198407636684337,0.42272440505492737,0.4006068367505189,0.8429905361746886,0.9094078420027492,0.8788044882391495,0.5023438177529189,0.7192575094727631,0.815911234344114,0.950071713187193,0.9996023174152665,0.8290620467763281,0.8812946455970232,0.9209817665727262,0.9152582079543843,0.8852248564059793,0.7909002310548197,0.9302869180633684,0.8451467479521528,0.9569800431480853,0.9636743678186817,0.9240582376582436,0.9666216676892168,0.7434943064820543,0.7709024567071356,0.8754516093417526,0.9209817665727265,0.7669750973856464,0.9397586843685548,0.6092357624483304,0.9371382816751241,0.8242121596239338,0.9910997469105629,0.964202949442688,0.9302334181929384,0.8190182445530148,0.984567352342202,0.7943978413609045,0.9180790428976138,0.759099175321178,0.9125111785873636,0.9978132884777122,0.937676260222106,0.8056206522660094,0.9816001811698212,0.9371382816751241,0.9072118677365053,0.9384788228894505,0.9156105272979138,0.9711878805915029,0.9711878805915029,0.44310287964918205,0.8408484553252287,0.9336347991328915,0.8395212401804988,0.8713011625822464,0.958115714951479,0.9311253517298921,0.9158917230732841,0.9511854069300709,0.9807928612526089,0.9094580833892482,0.9336347991328913,0.8432648458861445,0.9415679042991638,0.8906679873366552,0.9816001811698211,0.8834832246395521,0.8728049013896686,0.8566595864113675,0.8330994471835244,0.8280095731844086,0.8207038320912388,0.9665480300996037,0.9924821208671799,0.7380040207730592,0.8527933965694763,0.8605956163602337,0.9439635639657455,0.9060638964407404,0.9988749295050935,0.9581347202095198,0.8907075917149333,0.9125111785873636,0.9132389320257912,0.9317303154891576,0.7963239206394062,0.99364625631041,0.98145106467318,0.620950510929946,0.9248202875667844,0.8242321083445691,0.9041086014616287,0.837215733195634,0.9270396358303656,0.7966543892561386,0.6841446474344357,0.7963239206394057,0.7631994628418886,0.8140653401421137,0.4959052173104488,0.9331959995055013,0.6048693972763175,0.9411372791480437,0.9484936755810924,0.8515223661959883,0.8985005298645464,0.4006068367505189,0.6851038331869266,0.9098310498422768,0.4462384368206075,0.8219447828202169,0.9135063197922979,0.9212977173232095,0.4006068367505189,0.9703943973542584,0.7412056506199438,0.5841653633473131,0.4006068367505189,0.6449526728082795,0.8586206896551725,0.8105788943203358,0.9141916790840798,0.8670014864103508,0.9125111785873636,0.4006068367505189,0.6542309739249359,0.4006068367505189,0.685988843845935,0.9443123974848817,0.9182458888439238,0.4006068367505189,0.759099175321178,0.4006068367505189,0.8690544146710278,0.8972366122080848,0.8887315011070402,0.9449159152435009,0.920981766572726,0.9301163280775344,0.4431028796491814,0.8925262950745887,0.7781560598534011,0.9759709171393394,0.9600248912759578,0.9221261809159467,0.9239759423528262,0.7736452528338302,0.7384366952101732,0.8376723506997308,0.8527933965694763,0.8864592094196804,0.9142977291841883,0.7379539268553428,0.8088080901268468,0.9284024325305882,0.4006068367505189,0.9132780522734492,0.4006068367505189,0.9273410027673843,0.8586206896551725,0.9239759423528267,0.9005283589274589,0.9301163280775344,0.6851038331869268,0.8566595864113671,0.9655974895223982,0.8449320637799713,0.8996713357710031,0.9327935102712095,0.6689218616853783,0.8713011625822462,0.913964472732749,0.9754166382812552,0.42272440505492737,0.9748016543159651,0.7336285154224775,0.5553683337996579,0.9713690206280268,0.9518953180592347,0.4419432169043285,0.8267128986642145,0.8344417756036386,0.9239759423528267,0.9952124532942874,0.9385349580211637,0.7030082491415599,0.9302869180633684,0.7907574320932076,0.8566595864113682,0.9734299614209916,0.8358244551518947,0.9302869180633684,0.7925521419000903,0.951457514263903,0.9270730230791455,0.903707352391911,0.8707051888795787,0.9209817665727262,0.9340332269142895,0.9750993123079483,0.9907143086558443,0.9665480300996039,0.920981766572726,0.8115788346112283,0.9302869180633688,0.9038656143444095,0.798819102777694,0.9677003624281724,0.7401272099755858,0.9673847887170087,0.9152582079543843,0.9483563157149231,0.909831049842277,0.9239759423528267,0.9845194355277598,0.8761423811272766,0.8511869157928871,0.8834832246395519,0.9705890751589275,0.8779312750537875,0.912455697112885,0.8091546459968546,0.9393936187138308,0.7271240144400573,0.7350701294707366,0.851989207817193,0.9056319216938428,0.8649303928299301,0.9336347991328913,0.8645899440480411,0.8073170731707322,0.9549863694212639,0.920981766572726,0.4006068367505189,0.9239759423528262,0.8851067435299687,0.885698841863535,0.9302869180633684,0.9270730230791457,0.9540589546097205,0.4006068367505189,0.8948693468634783,0.8138923488875743,0.9371382816751241,0.9618440915686723,0.9318679907988416,0.8902183677316946,0.9343882429311452,0.9521851052998418,0.866929320987514,0.8948693468634783,0.9046484553665965,0.8126031162205223,0.6689218616853781,0.8645899440480418,0.8351103541572629,0.9021362778138224,0.9846406300806096,0.7245327953080638,0.9209756101319722,0.8933580624819939,0.9231335028101033,0.9466378905596335,0.42272440505492737,0.9840705843230203,0.8769047782559865,0.9008459102712891,0.8101438536318317,0.8478408262376742,0.4006068367505189,0.7963239206394057,0.7676235938802118,0.8957156269639839,0.9479215598710828,0.9592096814182647,0.9777906175295894,0.4006068367505189,0.4006068367505189,0.6624051378328466,0.8556443573369895,0.8873794439622786,0.4006068367505189,0.9872125588573131,0.9152582079543843,0.9005285913052647,0.8285035731719173,0.9434529625093588,0.7854327491040133,0.8727803597140285,0.8972500807670709,0.8733158207335041,0.9773766921979975,0.4006068367505189,0.9573551424808209,0.8887315011070402,0.9392095244663072,0.9278362327112092,0.9331959995055013,0.9728974569655979,0.9209817665727265,0.9731572329331626,0.4006068367505189,0.8094193621327115,0.9186550120230907,0.9077830586576734,0.7355185119433181,0.9937393740100617,0.8711847645048652,0.9046484553665963,0.4006068367505189,0.8749363683070706,0.9738572735268667,0.4006068367505189,0.9029881796097647,0.9340457925285219,0.8731292218762234,0.841480197465682,0.9845194355277598,0.4006068367505189,0.9437432996942222,0.7596773995000081,0.9270730230791457,0.8479439783560871,0.8218135695576818,0.8451467479521528,0.8470383046866876,0.8749363683070703,0.9209817665727265,0.9495258032875479,0.8105788943203358,0.961938580597147,0.9947353835607169,0.8325019809207141,0.9329314737422605,0.5521754207449416,0.9239759423528264,0.885698841863535,0.4006068367505189,0.9673847887170084,0.8358244551518943,0.8745576538356701,0.9898781502828842,0.942085822740748,0.4431028796491824,0.9484755380825023,0.918079042897614,0.4431028796491824,0.9898781502828841,0.9580166426603276,0.8721292828577809,0.8202484281215612,0.8649303928299306,0.9673847887170085,0.9804135331642502,0.9336347991328913,0.902136277813822,0.9272324378358678,0.9452738778891174,0.8972500807670709,0.9336347991328915,0.9276811049272777,0.8605956163602335,0.7809252845313941,0.5424602467635697,0.9945519661064196,0.9859143456282597,0.9209817665727262,0.962801345348242,0.8968340415743794,0.816533242365455,0.9583942031553514,0.9307016541888509,0.916244474318809,0.8748756693307262,0.9174284683954912,0.8773661601129803,0.89261085697357,0.8562319953247259,0.8954078766639681,0.9345033063019541,0.8310607868635624,0.8902183677316946,0.5521754207449423,0.8457212653069797,0.9733050117350786,0.8924143307178186,0.9393420437091632,0.9421362489486964,0.8472487125315202,0.9209817665727265,0.800887541648964,0.7874794357494197,0.9194760752462128,0.9307016541888506,0.9302869180633686,0.8107260588533334,0.9454621129724834,0.9270730230791457,0.9987249599057338,0.9466378905596333,0.9466378905596335,0.9239759423528267,0.6092357624483304,0.997318103777229,0.8605590472976901,0.9638221193864545,0.9125111785873636,0.9125111785873636,0.8603693245266026,0.9204488628961522,0.4619717670934467,0.8286378524317441,0.4006068367505189,0.9270730230791457,0.4006068367505189,0.4006068367505189,0.810283267314982,0.23982013589343532,0.9508942993498994,0.4006068367505189,0.7227382116429046,0.9612603999653453,0.6681244743481927,0.854527150344403,0.9795841941955428,0.8430031832339395,0.931851243655102,0.532280136185949,0.8688949526620651,0.7489463599225374,0.9383536700117867,0.5823003638964059,0.8625851059964713,0.8200537012432625,0.8765415909016819,0.874875669330726,0.9046484553665963,0.7261942854966694,0.8426318593826956,0.9748016543159651,0.8266892096935974,0.9209817665727265,0.8588039237011789,0.7781560598534005,0.9214489273204713,0.9686491338802947,0.7868943272619755,0.902988179609765,0.9465586955858682,0.8925262950745885,0.8714470882136136,0.9209817665727265,0.5256941692248802,0.918079042897614,0.9117649022044418,0.8628046831893927,0.8883200962022868,0.6983285517377629,0.9236238571148094,0.42254574427032,0.7786312699297766,0.839132797389883,0.9125111785873636,0.9392095244663072,0.905775346051561,0.9371382816751241,0.8244571638372351,0.7831200647944139,0.6078858377596685,0.8201778828390256,0.9945519661064197,0.8423140665122539,0.8705381445093674,0.4006068367505189,0.9239759423528264,0.860595616360234,0.8709496185158996,0.8711720473896869,0.9333160651425743,0.909831049842277,0.8769922925568632,0.8902963032538069,0.8925262950745887,0.9705544451287622,0.9336347991328915,0.8213266076661476,0.9364881737530408,0.9027034310336557,0.4431028796491824,0.9431379203344699,0.7309022453202437,0.9699747687132043,0.8902183677316946,0.9093109247770335,0.7999933174064826,0.9249581117093341,0.8970799507054856,0.8933580624819937,0.7848075380141789,0.8711720473896869,0.8748756693307256,0.9336347991328915,0.8948693468634783,0.9055577909177376,0.8280184136835957,0.8628742512243035,0.7293099804601548,0.42272440505492737,0.7519550113782273,0.7736650317691678,0.9371382816751241,0.9596340347280011,0.9209817665727265,0.9194760752462123,0.9168673858538465,0.8879432507007243,0.9140968272009686,0.8748756693307258,0.9655974895223984,0.7782978182469176,0.8996713357710022,0.9125111785873636,0.9239759423528264,0.9371382816751241,0.4006068367505189,0.8189607531784778,0.9421544380307425,0.7709024567071356,0.8666109663611836,0.4006068367505189,0.8726484979469551,0.8584380740481112,0.8949117707360061,0.652120372309444,0.8395280973905586,0.9135063197922979,0.846209883907211,0.9734221322688112,0.9106086590743891,0.9982056204357297,0.9105864625317399,0.9345033063019541,0.9270730230791457,0.8628742512243035,0.8312067765440607,0.9665480300996037,0.9142977291841885,0.9371382816751241,0.8791314954080309,0.9098310498422768,0.9371382816751241,0.9021362778138222,0.9909282086879025,0.9580166426603276,0.8731881766987719,0.9650776192817683,0.9302869180633688,0.9137080532218429,0.7781560598534009,0.9460078488586983,0.8180335093082525,0.42272440505492737,0.9239759423528267,0.46197176709344623,0.42272440505492737,0.42272440505492737,0.531279568838952,0.4006068367505189,0.6985279040322148,0.4776850167207298,0.4006068367505189,0.8902183677316946,0.7617981236735925,0.9302869180633684,0.9209817665727265,0.974801654315965,0.8614669993715752,0.42272440505492737,0.9915907513960738,0.8038745940299183,0.8925262950745887,0.9537683770713528,0.4006068367505189,0.9725387271520841,0.9209817665727265,0.8902183677316946,0.8581515720886288,0.8733124723819161,0.98145106467318,0.9180790428976138,0.7868540111713811,0.8864592094196804,0.8222180825008406,0.9152582079543841,0.0,0.8686490640266937,0.8748756693307258,0.939393618713831,0.9733050117350786,0.9302869180633686,0.9159197701772372,0.9209817665727265,0.8972366122080853,0.8341011293492995,0.4006068367505189,0.8709496185158996,0.892880101843778,0.5841653633473131,0.7679714151770545,0.9745100637941103,0.9162444743188085,0.7449370708424383,0.4431028796491824,0.9824949276566488,0.9344345639021312,0.4006068367505189,0.4006068367505189,0.6473925714509605,0.8994767705078308,0.8376723506997306,0.9913713384075755,0.9581347202095201,0.9537156084578946,0.8688949526620644,0.9245562143994439,0.9214489273204713,0.8932189646583184,0.4006068367505189,0.9829035021794312,0.9239759423528264,0.5553683337996579,0.8711847645048649,0.9302869180633684,0.8520732257559231,0.4006068367505189,0.4006068367505189,0.9346678633672798,0.9152582079543843,0.9299193534143995,0.8972500807670707,0.8019855092639763,0.9060638964407406,0.8375740315947406,0.9307016541888506,0.9929153128233807,0.7707499476755915,0.4006068367505189,0.8586206896551725,0.9394896479426567,0.9180790428976138,0.9162206421071968,0.6644619220104651,0.6324133511476135,0.4534489472368566,0.8625851059964715,0.9180790428976138,0.9281866733530677,0.4006068367505189,0.8437029788258072,0.8814055323796945,0.9461095570705992,0.8948327340196496,0.8171475979100196,0.9097516894125137,0.89261085697357,0.916854520642427,0.9270730230791455,0.7807275365334769,0.9969487669721804,0.8956580181478544,0.9336347991328913,0.960175396156637,0.5870024355835745,0.8185737213677242,0.6511166134990863,0.42272440505492737,0.8363871530149223,0.881294645597023,0.9743481917577798,0.9840705843230203,0.9371382816751241,0.8586206896551725,0.9371382816751241,0.7809209491441989,0.8880761517488764,0.5512958215828085,0.8266892096935978,0.9564664879277861,0.9336347991328913,0.8972500807670707,0.9333160651425743,0.8541685772005316,0.9431379203344707,0.9125111785873636,0.9909282086879025,0.7484243478292141,0.6851038331869252,0.9622498409371394,0.5400597168812469,0.9170318748923907,0.9623059873215858,0.4006068367505189,0.8429905361746886,0.9992249226337292,0.9278442026519224,0.5841653633473125,0.9445283662005389,0.8902183677316946,0.8607276799439836,0.4006068367505189,0.8997395650677052,0.8430031832339395,0.8029903728618506,0.9728253190108709,0.9854940769049633,0.986525518771562,0.9239759423528264,0.8817747531313798,0.8649622039098559,0.8800952220273486,0.9784836919790159,0.8925262950745887,0.9095858936215404,0.9371382816751241,0.9272324378358678,0.9152582079543843,0.9281684931120009,0.9867705932097053,0.8667830749506911,0.532280136185949,0.8329839832571295,0.9152582079543841,0.42272440505492737,0.8926432681396852,0.9122530226440353,0.7632099420918818,0.9025246613821647,0.9001503390684968,0.4006068367505189,0.9485285238160296,0.9167641131388629,0.900528591305265,0.4006068367505189,0.946595526822954,0.9413936847619075,0.9302869180633684,0.5521754207449421,0.42272440505492737,0.9804135331642498,0.9516111821826464,0.8527933965694763,0.9132389320257916,0.9164941860562507,0.8925262950745887,0.8372350321903728,0.4006068367505189,0.942085822740748,0.4006068367505189,0.6092357624483304,0.8754494439871032,0.8973472988653552,0.5553683337996579,0.9390586815258848,0.8735288180480882,0.8413921158471316,0.9005285913052647,0.4006068367505189,0.954358987469742,0.8709106051827966,0.9101652682098844,0.9360968865539774,0.6959629941127012,0.7927524282151165,0.6353545928832622,0.7043101617456602,0.6892302276908611,0.8212788440155341,0.8235098802598677,0.6892302276908611,0.9205309941406191,0.9239759423528267,0.9677003624281724,0.6892302276908611,0.5553683337996579,0.8856988418635352,0.918079042897614,0.9677003624281724,0.9125111785873636,0.7949336214328707,0.9583942031553514,0.8194852749688184,0.9142977291841885,0.961938580597147,0.8566595864113684,0.8245878655212752,0.9628454933455662,0.5978261379758854,0.9598475691646614,0.8707051888795787,0.960863813975463,0.9905529359562111,0.6880061135215356,0.8995866400771457,0.9159197701772372,0.6851038331869268,0.9878857063735189,0.9358559422107495,0.8706881010282803,0.8791314954080303,0.9106086590743896,0.8836238393968296,0.9239759423528264,0.9270730230791457,0.6081313321579322,0.876992292556863,0.8608785422961751,0.8625851059964715,0.874875669330726,0.6847886548019957,0.9655974895223982,0.8727803597140285,0.9137080532218427,0.8239687012773425,0.8622031837320205,0.8819892368141287,0.8339840080055287,0.6948118957645775,0.9761356843815903,0.9796624177838522,0.5558517785050371,0.885698841863535,0.9072118677365055,0.8769922925568632,0.8814261386926308,0.5954074605364781,0.7279840757008937,0.8996713357710029,0.8481162904894906,0.9125111785873636,0.9252310307605455,0.8817747531313798,0.9209817665727262,0.9180790428976138,0.9611779823452306,0.8791314954080303,0.9209817665727265,0.8303239302316399,0.9581320989512299,0.8552355626501886,0.9502726792490606,0.9907143086558443,0.9881992819313401,0.9583942031553514,0.8880761517488764,0.9209817665727265,0.9901988678653544,0.8902183677316946,0.9270730230791457,0.8212788440155339,0.9549546039402188,0.9180790428976138,0.5841653633473125,0.8088080901268468,0.6092357624483304,0.7953623639967514,0.9270730230791457
p257_N,0.9866316230827042,0.8918797754295268,0.9190000934693122,0.9745452330464994,0.92126914699118,0.7004153409499312,0.9048351777065644,0.8479702366807336,0.8509107552317436,0.9383422423783936,0.9067878891240293,0.9187169710212715,0.9187169710212715,0.5521105050653726,0.9686938578007994,0.8463876019324001,0.9193389969862841,0.9984197395506036,0.848220056750754,0.7782033441111667,0.9228104379814754,0.9045383795584439,0.8795139270987927,0.9828047536783365,0.9105790217775469,0.893806497800568,0.6690378220093471,0.8704839044326604,0.7782033441111667,0.7466470346562806,0.8837510389154053,0.9293685115305117,0.9114119696612573,0.8741949048548436,0.9212691469911802,0.9893688617336196,0.9238898933303421,0.6406032824729612,0.9415972144812141,0.7307180641057973,0.8701259118167615,0.9313442213087995,0.879409063234359,0.9516050268681802,0.9610558594824403,0.8601746999584791,0.9769855193139066,0.8982840634156588,0.8917480396328272,0.8322896183891506,0.9207659584476898,0.7287616095362854,0.893806497800568,0.9488864344355383,0.9928637420004902,0.9573155049417332,0.9235151033525317,0.92126914699118,0.8364302140701841,0.9162269502513474,0.8543824471730521,0.8191626886035044,0.893806497800568,0.9222645694136711,0.9322459088752486,0.8679912068568985,0.9793236882044447,0.8622614856628787,0.87150706193893,0.9893688617336196,0.46751412429378514,0.9603905662258045,0.8977592394954912,0.7715275524841925,0.92126914699118,0.8723160158709273,0.9808615591868377,0.9067878891240293,0.7860823145909537,0.939073637329168,0.8594756813309228,0.8134458527040939,0.7202460246601673,0.893806497800568,0.92126914699118,0.5257016704303575,0.9428152611847684,0.834444169747877,0.8860040861751493,0.9187169710212713,0.92126914699118,0.6454187765136215,0.8370631386843066,0.8816813782464903,0.9842266375606263,0.8720219924254741,0.5813305923822384,0.8742367782321763,0.7805280437578137,0.7389297143038789,0.991115906530935,0.735916117190589,0.49057310909050145,0.8756953057248082,0.911921254988219,0.9352318345617441,0.5375872709621331,0.8614953494640845,0.9023265168341348,0.7751295959672735,0.7100334563514935,0.9667967372944273,0.9455246886175035,0.9720327132254525,0.9265867198367661,0.9085797489974131,0.81226288036206,0.9352318345617441,0.9987382114239771,0.8445541192405952,0.8752194476547134,0.7933452481357938,0.6860656681115651,0.792356653685598,0.9984197395506036,0.8156307774729479,0.9238898933303421,0.9587645186677308,0.7735497313582813,0.8981051343567508,0.802781171304414,0.9265867198367659,0.9293685115305117,0.9987382114239769,0.9137935530290915,0.5326419539011811,0.812548232148308,0.9207659584476898,0.9293685115305117,0.9162269502513478,0.9694950795778736,0.9383422423783936,0.7679112468698013,0.882848356033384,0.664313454149479,0.8614318296100956,0.9340663031496945,0.7552193948383423,0.9260693029293159,0.7227595313739235,0.8915851095153423,0.8543824471730521,0.7314357391653786,0.886375999718042,0.8208556050998242,0.9260693029293157,0.8837981975597096,0.8416369481865441,0.8212631090353082,0.6252205781676171,0.8276728711821679,0.8805577584645793,0.9216516168774787,0.8304634327989613,0.9434729382409754,0.6829553910591168,0.9370305308954683,0.9995274441909644,0.950100620710661,0.8850140865339018,0.9307859145758749,0.9187169710212715,0.9573155049417335,0.8318224996137034,0.7946997966500464,0.7718406834494511,0.685808975235128,0.8894431789674793,0.9684599111378716,0.8137273077248445,0.9203838126931747,0.9738757694980786,0.991115906530935,0.9626788706813356,0.8463973528488049,0.6526528620832346,0.8660733942432564,0.8474698212409608,0.9090779869018046,0.9457304308102046,0.9553986077727082,0.9046673347723677,0.776758717164141,0.8881516616927232,0.9270261243202824,0.92126914699118,0.9705425698260028,0.6986497238208199,0.8457599214352891,0.949205593010302,0.9069027048316121,0.9626788706813354,0.92126914699118,0.8854754633534663,0.7130616985727145,0.9383422423783936,0.92126914699118,0.883789026742275,0.9275612046868085,0.8723160158709273,0.8641651474031931,0.9339347452127675,0.9187169710212717,0.92126914699118,0.9477989120148245,0.9212691469911799,0.7477089551079441,0.8191407323783989,0.7861709388179137,0.92126914699118,0.8500945798064171,0.92126914699118,0.9450644959429976,0.9388056615335194,0.5341018228897094,0.8535943031590456,0.9287716388892431,0.8200357723073597,0.9162269502513478,0.9162366620254039,0.9045383795584439,0.9543500528836153,0.794923066455232,0.6692098485108706,0.9793236882044447,0.8701259118167616,0.8306274133484668,0.9641496021881466,0.9280211727326704,0.9275612046868082,0.8686490640266937,0.9555104155252474,0.5771849581767102,0.9162269502513478,0.92126914699118,0.9025191430284432,0.92126914699118,0.6459200708019055,0.6011416700322765,0.9793236882044447,0.9124581903632238,0.8200357723073598,0.9705425698260028,0.8668270665506421,0.9023265168341346,0.5653820074592243,0.9763438961034467,0.7848926164896286,0.9748006002614296,0.5894237204173483,0.8462981341671982,0.7793073504415977,0.9187169710212713,0.9841593444361112,0.680834995034221,0.9415972144812141,0.8228932502541897,0.7619974737661046,0.8958917053231716,0.7995308748845202,0.5537659587041943,0.9293685115305119,0.9538385721198241,0.8810121818725085,0.6559041746170047,0.9352318345617441,0.734830676782199,0.899944145239107,0.9340740308913413,0.7291550075284987,0.9352318345617441,0.833554222243367,0.7909643911516206,0.9120137844421631,0.9764633918625475,0.9429889489206242,0.5430605954919342,0.9350742710727482,0.7205618286490456,0.9162269502513476,0.9769855193139068,0.9287716388892431,0.7849360117031285,0.7399460024070034,0.7268185827669371,0.8177236257145168,0.8704054119278537,0.7435176591897235,0.9023570839226293,0.9882450462521555,0.9947118295222932,0.6130667625035235,0.8208556050998244,0.7913168658345082,0.950580942382492,0.9265867198367659,0.891748039632827,0.8704839044326604,0.8706591098712138,0.8877071061324977,0.8923930816956338,0.6960895143254696,0.8935200086873119,0.8062424257011154,0.5398912118035966,0.9383422423783936,0.9315456245426796,0.7782033441111667,0.9046345879637958,0.898105134356751,0.9439806770970421,0.9265867198367659,0.92126914699118,0.9293685115305115,0.7241533435780085,0.9318380992827058,0.9352318345617441,0.8081869133204377,0.9054354303384726,0.92126914699118,0.977164301389462,0.9352318345617441,0.9415972144812139,0.9120690869377643,0.9141431135614833,0.9216516168774788,0.9293685115305119,0.8431918424168847,0.8621801313670565,0.6860656681115644,0.9114119696612573,0.7108491537564066,0.9265867198367661,0.9350742710727484,0.936718684535814,0.9090779869018046,0.889744215041613,0.9415972144812141,0.7920453340480309,0.7909685809466801,0.7335427009985804,0.9555104155252476,0.9187169710212713,0.623352165725047,0.9854877280994236,0.7598457677941575,0.722428093621357,0.7841923023505281,0.92126914699118,0.7946997966500462,0.992725485742797,0.9992556911182979,0.9169796060396697,0.9383422423783936,0.8018220923103423,0.92126914699118,0.92126914699118,0.891748039632827,0.8777890450020558,0.6354627622386295,0.9212691469911799,0.66482157870699,0.9212691469911802,0.8992296304499996,0.8920705826304338,0.8686972213460558,0.9430021428738234,0.7346391883744519,0.9428152611847683,0.956113990587217,0.9826554682939088,0.92126914699118,0.886375999718042,0.9508918137640501,0.8284923673043494,0.7938600286240705,0.9776934688917389,0.6647998898048291,0.9769855193139068,0.7424332963300333,0.92126914699118,0.7872016671842825,0.6528694546159443,0.7816298672347344,0.9606662271357131,0.9238898933303423,0.7561750980461444,0.8442327133210441,0.92126914699118,0.8900331089872158,0.8344441697478773,0.92126914699118,0.8305283026190547,0.9086592396531893,0.8378110159479333,0.7716950908406356,0.7325970153878283,0.92126914699118,0.9731988714313513,0.9880480182212161,0.9120137844421631,0.8705847366656329,0.9102447174834452,0.8836891281120094,0.8856890674252309,0.8802394237427394,0.9265867198367661,0.9458892596972854,0.8240149887318153,0.973595133194763,0.8141880846823524,0.7630737656918226,0.9307322128666022,0.9368723982681522,0.9293685115305117,0.7226116157826346,0.92126914699118,0.9023570839226293,0.7291550075284985,0.7890618765858726,0.984700032305712,0.9210111257875064,0.9162269502513478,0.9216447252515103,0.936152077182676,0.9162269502513478,0.9763438961034467,0.6263018192254981,0.8122628803620602,0.9988741635564464,0.9071846368354484,0.9893688617336196,0.7827388535592974,0.9383422423783938,0.988694881969272,0.8795139270987928,0.8675844084768913,0.8283304917421775,0.9383422423783938,0.9437311097234975,0.9002546180665421,0.6454187765136219,0.8559406827774342,0.9045383795584441,0.9025191430284432,0.7841299976152528,0.9350742710727482,0.8961952406152165,0.8554328540249281,0.8134458527040935,0.9744032270105807,0.9847000323057118,0.8837510389154053,0.6315212445279643,0.8027515636279761,0.7950912853377412,0.9193389969862841,0.9293459642092476,0.9469030383116223,0.911432664794749,0.9701426189491364,0.973595133194763,0.786638977502605,0.9763438961034469,0.976249394198133,0.8980054428335464,0.9840705843230204,0.6965229008540974,0.6394883563412621,0.9901979221307589,0.8241439854085331,0.7062914868654249,0.9213194577956004,0.9352318345617441,0.9843882253751255,0.8820316760174582,0.8081869133204378,0.9508918137640504,0.5856040970170356,0.794188409497816,0.9793236882044447,0.9352318345617441,0.6951889614658981,0.9295596604051499,0.8650172641296272,0.9626788706813354,0.9933592296586007,0.8460372289604665,0.9663639282442746,0.9972272780214038,0.679708223683821,0.92126914699118,0.9322459088752486,0.92126914699118,0.92126914699118,0.7389297143038791,0.9001496633415413,0.7605288978377276,0.92126914699118,0.724287383427109,0.7689567042799645,0.9570172750168653,0.5288112044029754,0.886375999718042,0.8495916828909233,0.7996714777542003,0.8758528920717612,0.7518636489945645,0.9256844856602767,0.9930685837187073,0.9322459088752486,0.872332274786086,0.772361964189368,0.8194927724869057,0.9161402696553049,0.9664103718298932,0.9162269502513476,0.8093065140320634,0.7043600421987117,0.8547141496016235,0.9748006002614296,0.970405581633417,0.9809768509989651,0.8559406827774338,0.989682131878626,0.9119196897375521,0.6067870360483146,0.8543824471730523,0.9001496633415411,0.9376641311574454,0.9265867198367659,0.9045383795584441,0.6562360182087126,0.9874049408179508,0.8212631090353082,0.8576134502363704,0.9793236882044447,0.9499692241389623,0.9137935530290917,0.9537871131026365,0.9990349818618741,0.9054354303384726,0.7896759389814361,0.9829369915750173,0.7600799150447407,0.6729789999315463,0.7618883347214103,0.849186641115079,0.7757588027343015,0.9809768509989654,0.9388056615335196,0.9225089346791847,0.92126914699118,0.9293685115305117,0.9300253317004232,0.9665120503695124,0.980498506439994,0.9426999693726408,0.9590184309099958,0.7859187663888798,0.8572851488438471,0.6959002524657387,0.7168077193433278,0.9383422423783938,0.6770405657460108,0.9847000323057118,0.7930304640948211,0.9590184309099958,0.8035068271514276,0.9638280395080976,0.8662463030027914,0.9577202049352738,0.931843627006704,0.9780099180615509,0.8207201167891289,0.8100362731499549,0.42569238363925177,0.7584966581248829,0.9977675057877434,0.8837510389154051,0.7782033441111667,0.9023265168341346,0.9238898933303423,0.7781236596940893,0.9291853939851253,0.8339559652714779,0.9187169710212713,0.7699518620161174,0.8138505852099466,0.9415972144812141,0.9522926807044116,0.9748006002614296,0.9169796060396695,0.7424968183268796,0.9313442213087995,0.9797745622505047,0.8247458844254978,0.9854168063328744,0.92000681021723,0.9457439607148705,0.9933592296586006,0.9293685115305117,0.7004153409499316,0.92126914699118,0.9350742710727482,0.9660998995956993,0.8187716765118254,0.6311949491165872,0.9212691469911799,0.8428500563889565,0.6516249852050349,0.8543824471730519,0.911432664794749,0.8509107552317436,0.4215795171862391,0.8158140032952872,0.6905387271585597,0.7792336432838092,0.9363542328630519,0.7685074540704857,0.7491523286761463,0.9322459088752486,0.5374895868812344,0.8897147017633298,0.9265867198367659,0.8957023733328484,0.9415972144812141,0.8877049890176527,0.4419008398689317,0.9390736373291679,0.988694881969272,0.6708800775770485,0.67154472260383,0.9204026370575242,0.8923930816956338,0.9352318345617441,0.9212691469911802,0.9808615591868379,0.6798644717750348,0.7325970153878285,0.9187169710212713,0.8708107817737571,0.9137935530290913,0.9187169710212713,0.9187169710212713,0.9350742710727482,0.92126914699118,0.9137935530290913,0.8836891281120094,0.92126914699118,0.7773772646462984,0.6749958125628431,0.9352318345617441,0.9265867198367661,0.9322459088752486,0.9238898933303423,0.9187169710212713,0.6724288936853482,0.7799962942326113,0.9001496633415411,0.7535434026851853,0.92126914699118,0.9509612716234601,0.4948467150672712,0.9701426189491364,0.7190070459033087,0.8363027130137941,0.9023570839226291,0.702888694704372,0.9023265168341348,0.8662463030027915,0.7983223449445562,0.92126914699118,0.8686490640266937,0.0,0.8837510389154053,0.7501800044363498,0.8984317529217641,0.9023570839226296,0.9023243805882409,0.9748006002614296,0.6202620710943985,0.8378110159479331,0.92126914699118,0.8525163361171589,0.9120101451841065,0.9383422423783936,0.7194341782238373,0.9137935530290915,0.7815635381492406,0.7478952548723818,0.9162269502513478,0.6955891063469057,0.7244364676455952,0.92126914699118,0.92126914699118,0.9542878621294864,0.7763971082056849,0.4841570849678699,0.6337317370516846,0.7810240937544526,0.8706591098712139,0.7753981027060408,0.7678391641477351,0.9313442213087992,0.7890618765858726,0.92126914699118,0.9441435106432322,0.9293685115305117,0.9415972144812141,0.6752870574079822,0.9352318345617441,0.7584966581248829,0.92126914699118,0.92126914699118,0.8630920680218503,0.9430021428738233,0.817434259328718,0.9046536713705714,0.8355205840216144,0.9473887865940551,0.945764327133078,0.8691808001986907,0.7434039261172423,0.7889445022672328,0.9212691469911799,0.7189659513525051,0.7371205159732857,0.9705425698260028,0.9352318345617441,0.8723160158709273,0.8600557647275662,0.9686938578007995,0.676193184126247,0.9238898933303423,0.9543431622055896,0.92126914699118,0.7313659061072768,0.9169796060396697,0.8701259118167615,0.8572217854755914,0.8117845113112895,0.9488864344355386,0.8526425543779204,0.7376755299704221,0.9639272200030258,0.8854754633534663,0.7865220735223775,0.9972272780214035,0.9383422423783938,0.9938984828276253,0.893806497800568,0.7100793891989088,0.9293685115305117,0.9187169710212713,0.8076603831075231,0.9235151033525317,0.6305977403623335,0.9714689265536722,0.998738211423977,0.5716855997022192,0.9415972144812141,0.9415972144812141,0.9641496021881466,0.8760725711965929,0.8389825607049832,0.92126914699118,0.8915851095153421,0.9045383795584439,0.9809768509989654,0.7332563054101691,0.9114119696612575,0.9187169710212715,0.991115906530935,0.8356267197185061,0.9238898933303421,0.7571122714584865,0.9325288802644414,0.7261274002214413,0.711120112915449,0.92126914699118,0.5956767188853138,0.8977592394954913,0.8103339003060526,0.9383422423783936,0.8958917053231716,0.8980054428335462,0.7528200957533651,0.92126914699118,0.7168077193433278,0.7514735256912695,0.8980054428335462,0.7186884254305994,0.7514467292957347,0.7298250110456497,0.9293685115305117,0.7243696610517016,0.9901979221307589,0.7579356883104613,0.7193510471098263,0.6591775175391273,0.6222067855401794,0.8197444891395499,0.6959002524657383,0.9430021428738233,0.971771709177341,0.8680031172917522,0.7501800044363496,0.849186641115079,0.7813166364818258,0.92126914699118,0.9187169710212713,0.8791068265027286,0.9325655424709547,0.8291888754605072,0.8284923673043494,0.8111937603662955,0.92126914699118,0.7694021680940006,0.8538079359326662,0.5836667891912477,0.92126914699118,0.7929713227597293,0.9928637420004902,0.9352318345617441,0.9001496633415411,0.9187169710212713,0.8211012885208483,0.9286775783839132,0.6710093946799621,0.8398820855230574,0.8856890674252307,0.989682131878626,0.7962800646325667,0.92126914699118,0.9210111257875067,0.92126914699118,0.9893688617336196,0.6087461691903495,0.8207273071307539,0.9415972144812141,0.9172642498463048,0.7976441810387328,0.9068373482678183,0.911432664794749,0.92126914699118,0.9628468511665839,0.8820111932013266,0.7889445022672328,0.9485295003952046,0.8686490640266942,0.9793236882044447,0.8837510389154053,0.8818043546471357,0.9002546180665418,0.8589835497410323,0.752714472794159,0.9002546180665418,0.9938984828276254,0.5710797217301602,0.8704054119278537,0.9002546180665418,0.9415972144812141,0.893806497800568,0.9705425698260028,0.9614699181039701,0.5097783333978979,0.8818043546471357,0.8134458527040939,0.9438711222834658,0.898105134356751,0.9001496633415413,0.8668270665506417,0.9260693029293159,0.9933592296586006,0.9808615591868377,0.9449416803305954,0.6467793574429985,0.87393076944287,0.8431918424168849,0.9203838126931747,0.9475060008381843,0.7993605906987749,0.9238898933303423,0.9265867198367661,0.9268526658466871,0.9880524976832432,0.8877049890176527,0.8791520535933703,0.9245461344058437,0.9293685115305117,0.9322459088752486,0.9865203071337003,0.8857175249675573,0.8086735104132357,0.9470779087788476,0.8837510389154051,0.9314890594797098,0.6486467758339012,0.8818043546471355,0.92126914699118,0.8897496437321539,0.8645610441348183,0.8174942724956776,0.872021992425474,0.8929522644377754,0.9841593444361112,0.9736066796003946,0.9856369766606267,0.893806497800568,0.9137935530290913,0.9829369915750175,0.7388341562064168,0.936582637433671,0.938898918424907,0.7426074665583988,0.9509850463065406,0.7295878316982173,0.9616637414854741,0.7368489874214084,0.9265867198367659,0.9238898933303421,0.8481655023013712,0.887704989017652,0.9769855193139069,0.8941243607371745,0.8538079359326665,0.8293199682043964,0.7842326851381156,0.9590184309099956,0.8818076929203849,0.8855830288196836,0.9108171002747826,0.8805577584645803,0.7816298672347344,0.8495144407618889,0.9322459088752486,0.8589835497410321,0.7141306188349228,0.7495413712000326,0.9950331250804818,0.9614699181039698,0.9893688617336196,0.86367196624146,0.9841593444361114
p257_S,0.9788248702638767,0.9133880855304555,0.9177773850880531,0.9504635334903246,0.9339500363880904,0.9316279546663166,0.9197979331209353,0.9565225145379794,0.857978233475194,0.9412650880954538,0.9112065483416407,0.9403748670927714,0.9403748670927713,0.9832566743197297,0.9554668566743396,0.8557494301578141,0.9954159552893472,0.8988405313927081,0.8929210470837758,0.9998220154184709,0.9853599951031464,0.9323069519744983,0.980630720675137,0.9759790834075597,0.9375011938243535,0.8988405313927079,0.9520639895971753,0.9075611147669864,0.999822015418471,0.7468922902660922,0.8892617449664435,0.9634568834621733,0.9156114273620617,0.943424161892372,0.9339500363880904,0.8366621051547752,0.9274978432118417,0.9997442770526124,0.9443657603723181,0.9682126412345016,0.9589131610834035,0.9008268910150359,0.9936310971469996,0.9314037608379149,0.9954159552893472,0.964559563712973,0.9300668284196516,0.8530715715896551,0.7821219002581776,0.9694690955075296,0.9327167510955896,0.9089466020822039,0.8988405313927079,0.9133880855304555,0.9579335751547244,0.9651931383855019,0.7889303422218402,0.9250013316406696,0.8584210896252862,0.92019815694306,0.918075146123948,0.9971430278909659,0.9713162545723915,0.959813470302691,0.8487494684180812,0.8655821124621421,0.8077173352988182,0.9428659631642904,0.9021841855919217,0.9383021271292233,0.9219135766451964,0.9682126412345016,0.97201754229775,0.8484398110100146,0.9250013316406696,0.8915744657605094,0.9719642951540399,0.9921724780907231,0.8221833021740685,0.8696248121856341,0.9516895132161818,0.9778050395375548,0.8911350110320613,0.971316254572391,0.9250013316406696,0.9965036661662361,0.8529922656154152,0.9420772133917099,0.869594687850592,0.9225701399051969,0.9250013316406696,0.772072352395087,0.8920699425476069,0.8743665243180916,0.9252584119301557,0.907654410875653,0.8309825061093521,0.8844049613352594,0.8581329649248424,0.8356211973405494,0.859180776334028,0.9196222638329764,0.9809662470451701,0.6952318173592844,0.7938611469781542,0.9383021271292231,0.9938570156303512,0.8427088223162842,0.9847277353330188,0.8102185238961002,0.8252145437114642,0.9008268910150359,0.8988041325284397,0.8130249980848432,0.9300668284196516,0.9020695718242926,0.9547568354430374,0.9383021271292231,0.9443657603723179,0.9246017974225142,0.9314037608379149,0.8197810444731706,0.9763867292456673,0.9565792149684766,0.8988405313927084,0.8412336216252805,0.9274978432118417,0.9564659311544548,0.9860598647601154,0.8496288531646407,0.9063497517252301,0.9300668284196516,0.9327167510955894,0.9443657603723179,0.6919521954441423,0.9228846908561616,0.9123258307212684,0.9846299338167082,0.9327167510955894,0.9201981569430602,0.7994554317005218,0.9412650880954538,0.8655821124621421,0.9079483589437124,0.8632074542450229,0.8974226598846065,0.9458613626737733,0.8526518805255294,0.9325461471620271,0.9464952904800025,0.8819962224463205,0.9464700431218256,0.9682439489738065,0.8734303481946333,0.9327167510955896,0.8968796530895524,0.6280194594350026,0.9753785508082994,0.9003267064040636,0.8447402387323256,0.8154300844958076,0.9300668284196516,0.9403227338586295,0.8503654733094677,0.9016383298312336,0.7211878719412733,0.8628472125712427,0.9327223474313893,0.9593818128282503,0.8796583278983117,0.918363903192055,0.9225701399051967,0.894942704273314,0.7396612196174768,0.78418386269463,0.8669666660526146,0.9491799890127759,0.8405793670057005,0.8620301017857245,0.9578429391348555,0.8035674868714806,0.9116533918550442,0.999681644558404,0.9225701399051964,0.9612295381968934,0.7077740057946147,0.9246017974225142,0.8821985066105542,0.9133880855304556,0.7472184442808253,0.9201981569430604,0.9417736073071206,0.9033317448070455,0.8917690122495028,0.8547656778930306,0.9250013316406696,0.9274978432118415,0.9019270278929864,0.8803629912326538,0.9266124278812204,0.8660856746685763,0.9225701399051964,0.9250013316406696,0.9449738250784014,0.9119859744083145,0.9412650880954538,0.9250013316406696,0.9859796853199196,0.9054862779423514,0.857454542398433,0.8334513141467907,0.8587771980434633,0.6662648810887066,0.9250013316406696,0.9682439489738064,0.9250013316406693,0.9885443465650341,0.9538339215815252,0.9054343229367426,0.9250013316406696,0.820950788948728,0.9250013316406696,0.9825071082476371,0.9202277241011811,0.9996261319100789,0.9684174794330119,0.9196222638329763,0.8033538625485186,0.9201981569430602,0.9424686286719846,0.9487210184868771,0.7979758838972747,0.9361755490861736,0.9750569362397112,0.9327167510955896,0.9047309153408001,0.8274034902359735,0.939470174504714,0.9550554140410148,0.8748756693307258,0.8748756693307256,0.9612320790184805,0.8197810444731706,0.9201981569430602,0.9250013316406696,0.9773955008523828,0.9250013316406696,0.749627781814105,0.7271864187181385,0.9846299338167082,0.9622514194464207,0.8235242596654819,0.9274978432118417,0.9640288864968833,0.9069566644903913,0.8200617133859809,0.9921724780907231,0.9080189266398186,0.9300668284196516,0.8375809381824394,0.8809493787724683,0.8778054506502011,0.9682551375725406,0.989405943369801,0.9385108017423363,0.9443657603723181,0.9016028824270719,0.9718319132336567,0.9376689775178677,0.8557522028152509,0.8046040953671045,0.9634568834621733,0.9505815864747562,0.8629906220098215,0.8638650538994086,0.9383021271292231,0.8520969696230272,0.9337326051494741,0.7598188207099681,0.9646927823057021,0.9383021271292231,0.9128185127858255,0.8077214673594546,0.9354577472990953,0.9574199835789754,0.7537046885138938,0.9196222638329762,0.7718808689815729,0.8171567659639392,0.9201981569430602,0.9697258997487671,0.9300668284196516,0.7900571564575845,0.9945610690582234,0.8040369953383288,0.8300567955480207,0.8807086244169691,0.7987958619714663,0.9945610690582234,0.79290140441685,0.8891213824756008,0.9201981569430602,0.8077173352988181,0.8096845465459637,0.9574199835789754,0.9697258997487671,0.9325461471620269,0.7830630408232291,0.9436383408148024,0.9537626584995493,0.9781750782149234,0.9396042098235292,0.9221757413665699,0.841900008103309,0.8345464838610637,0.8230833259602459,0.8579782334751942,0.9998220154184708,0.8984119663709309,0.9054862779423514,0.8130249980848431,0.969725899748767,0.9250013316406696,0.9327167510955894,0.7557039684713079,0.8474944374784016,0.9383021271292231,0.9354577472990953,0.9403748670927715,0.9250013316406696,0.9069566644903913,0.9383021271292231,0.9443657603723179,0.8974226598846062,0.990902109673691,0.6848542093521175,0.9846299338167082,0.8594144809806481,0.9986715296672726,0.8597301229817258,0.9156114273620619,0.8922499660496893,0.9300668284196516,0.9434241618923718,0.9089739970302708,0.9133880855304555,0.8974226598846062,0.9443657603723179,0.7951753996001241,0.9933102894129493,0.8134085922291807,0.9087120239050035,0.9225701399051969,0.9161402696553049,0.6700258789182412,0.8375686076050641,0.819015722034597,0.9372428556070561,0.9250013316406696,0.8946278043274025,0.9096622933762624,0.7980244447304689,0.9409403068620963,0.9998220154184708,0.8364319649404615,0.9250013316406696,0.9250013316406696,0.8968796530895526,0.9417736073071208,0.8714881196176748,0.9250013316406693,0.9412650880954538,0.7458851937597704,0.589738984366869,0.9016383298312334,0.8513350879318791,0.92500133164067,0.7140026066694529,0.9487210184868768,0.9529309088802671,0.792781643543705,0.9250013316406696,0.873430348194633,0.7521254563822517,0.7912424952965873,0.8355719207021841,0.9206231796054518,0.680689832031641,0.9697258997487671,0.8205175917053769,0.9250013316406696,0.9544731807483441,0.9924458838377672,0.7919815607102554,0.85240469735649,0.9274978432118417,0.9340991766849507,0.9579335751547247,0.9250013316406696,0.7820240988662364,0.9967991658834953,0.9250013316406696,0.9797293075604313,0.8591180674781609,0.9971476826850523,0.9436383408148022,0.8096845465459637,0.9250013316406696,0.7750540990777465,0.8984209192333388,0.935457747299095,0.9334527917231225,0.964206928676214,0.8915893040116913,0.9224059250470908,0.8616013304198491,0.9300668284196516,0.9843169023487448,0.8323574432143275,0.9812071873217105,0.8046428281148683,0.8551312106872341,0.9258295328565698,0.980630720675137,0.9327167510955894,0.8837322990682431,0.9250013316406696,0.9383021271292233,0.9921908742040846,0.929018452269073,0.9673445570347358,0.7608559453572413,0.9646668607340487,0.9727147881494229,0.9759790834075597,0.9201981569430602,0.9112065483416407,0.9339500363880902,0.9547568354430374,0.9182487729327593,0.8627038537517174,0.9945610690582236,0.8598469038756875,0.9998220154184712,0.9547568354430374,0.9812071873217105,0.8891049475212507,0.9719642951540399,0.8819962224463206,0.9097420887903103,0.9075611147669862,0.9788391940729937,0.9376689775178677,0.9487210184868773,0.9117587329570798,0.9801704643354423,0.9117913875450323,0.6609108094990819,0.8662820504755466,0.9097480434256693,0.8785401016887857,0.9112065483416407,0.9229204799674602,0.7023873637566034,0.9263925669346988,0.9714151437003636,0.9520639895971753,0.9720705811206436,0.8017157902665975,0.918363903192055,0.9778050395375548,0.904883003315406,0.9393826295974672,0.951689513216182,0.9334527917231223,0.9403227338586295,0.972071287611145,0.9403631374439843,0.969725899748767,0.7529175869599634,0.9033317448070455,0.8088355852512334,0.8785401016887859,0.9945610690582236,0.8064923406255748,0.891931529878315,0.9026976644887873,0.7521254563822506,0.9520639895971753,0.9954159552893472,0.9634568834621733,0.9383021271292231,0.9229204799674597,0.9867192886378975,0.9613976249893681,0.9860598647601154,0.8946898694254274,0.9493655345287484,0.8915893040116916,0.9178801133263084,0.9079483589437125,0.9250013316406696,0.9354577472990953,0.9250013316406696,0.9250013316406696,0.8356211973405496,0.9048830033154058,0.7718808689815733,0.9250013316406696,0.9844907633848321,0.8454807789353249,0.9054862779423514,0.8870175484124818,0.873430348194633,0.838028304884629,0.9744310188609528,0.8942611762094799,0.8704236397275067,0.9156114273620619,0.857454542398433,0.9354577472990953,0.9096622933762624,0.9647170394842248,0.8317533533369117,0.807809640024405,0.9997442770526123,0.9646668607340483,0.8132990049551372,0.9026976644887871,0.861601330419849,0.9300668284196516,0.8194313926943575,0.9090636753073353,0.9518047629736371,0.9430450953185581,0.8852387307749332,0.9870548548281963,0.8612853521281929,0.9430450953185581,0.7980244447304697,0.9697258997487671,0.9487210184868773,0.9270584362010044,0.8731400424546572,0.8780349089849726,0.8946224121887544,0.9327167510955896,0.7207127374713863,0.9178801133263086,0.8759171351184756,0.9075842274390705,0.9860598647601156,0.9727628124336176,0.9252584119301557,0.9443657603723179,0.9399922285879148,0.8815146641826224,0.8563358498618108,0.8016566365370019,0.8529922656154152,0.8915893040116913,0.948936863436564,0.9250013316406696,0.9327167510955894,0.9075611147669862,0.97201754229775,0.9112942170858787,0.9090636753073351,0.9201981569430604,0.9041245835793725,0.70293838892956,0.9430450953185581,0.8134283037091103,0.9412650880954538,0.758149585080527,0.9921724780907231,0.8948211288453107,0.9201981569430604,0.8727778336746228,0.9862797486148691,0.9108500703878931,0.7973011263888934,0.8980860176072482,0.909473793257229,0.9930104020880655,0.8891676404718531,0.9933102894129492,0.8347400355596599,0.9757764977426819,0.92292047996746,0.9409091189323958,0.8208445875604118,0.9274978432118419,0.9325215478625362,0.9948930575999828,0.867835721360358,0.9225701399051967,0.8146389457837511,0.977880845371545,0.8076216697049506,0.8940451448833344,0.9196222638329764,0.996503666166236,0.9996261319100789,0.9008268910150361,0.8428205744056192,0.9902379499694935,0.9375011938243535,0.849832308499898,0.9112065483416403,0.9225701399051962,0.9846299338167082,0.9936310971469993,0.9250013316406696,0.9117913875450323,0.9696160047998347,0.9804514990929405,0.8940329303133525,0.9250013316406693,0.8523574904307232,0.9056121238513963,0.918075146123948,0.8192909701727045,0.9138418160298118,0.995314950717268,0.8245452201344508,0.9323994533184088,0.996862998845963,0.8263707808951521,0.8451803253246044,0.9670949100090167,0.9354577472990953,0.9948930575999828,0.7889303422218401,0.9801704643354423,0.7884076359413892,0.9936310971469995,0.9622514194464205,0.9908644354749632,0.9443657603723179,0.9961255853556192,0.9996816445584039,0.9809662470451701,0.7396612196174768,0.8788754340793854,0.9383021271292233,0.9809662470451701,0.9883783616664186,0.9808606516319832,0.8503654733094674,0.9225701399051969,0.9327167510955896,0.9612320790184805,0.9225701399051969,0.9225701399051969,0.8801586131976926,0.9250013316406696,0.9178801133263084,0.8915893040116916,0.9250013316406696,0.9847126547835199,0.8274034902359736,0.9945610690582238,0.9300668284196516,0.9354577472990953,0.9274978432118417,0.9225701399051969,0.9565225145379794,0.8127881547112792,0.9048830033154058,0.8722651158152075,0.9250013316406696,0.8793033352723937,0.969725899748767,0.9403227338586295,0.9988990117681968,0.8175797338002455,0.9383021271292231,0.9270584362010044,0.945842199911705,0.9360968865539774,0.9763867292456674,0.9250013316406698,0.8748756693307258,0.8837510389154053,0.0,0.7833349318296117,0.9268615921601945,0.9491799890127761,0.7107889121132288,0.9300668284196516,0.9938570156303512,0.8526518805255294,0.9250013316406696,0.9809662470451702,0.8752367259256744,0.9412650880954538,0.8780551012138241,0.9178801133263084,0.9516895132161818,0.8447815884906458,0.9646668607340487,0.9948671512445986,0.8031130963721593,0.9250013316406696,0.9250013316406696,0.9034363238020655,0.7449676230669038,0.9496840593047483,0.9172582782274845,0.8580451464193866,0.9230697529533906,0.9131425393790953,0.8262335795065674,0.7675943304594783,0.8469402258972414,0.9250013316406696,0.8467228123373567,0.9327167510955894,0.9443657603723181,0.9130845596162788,0.9383021271292231,0.9551137937536218,0.9250013316406696,0.9250013316406696,0.8275650412742035,0.8399176150739303,0.8395414968846198,0.9090636753073356,0.9213389142432071,0.8785401016887859,0.9622514194464207,0.8234575467268933,0.8401101121145342,0.8920232012520317,0.9250013316406693,0.6965758101065119,0.8131639323358726,0.9274978432118417,0.9383021271292231,0.9578429391348555,0.8803108748380231,0.8680005631963956,0.6837235313078985,0.9755396763967225,0.9041583339342789,0.9250013316406696,0.8484398110100146,0.7150015447937322,0.9056312245600875,0.8816562592090107,0.8321613021403179,0.9133880855304555,0.9159469106427363,0.8844843124070515,0.935457747299095,0.9449738250784012,0.8872971358872865,0.9612320790184805,0.9412650880954538,0.9839501848508652,0.9350783929825497,0.8264206693042835,0.9846299338167082,0.9225701399051967,0.8883795848454401,0.9300679213294081,0.972071287611145,0.9485295003952046,0.9936310971469994,0.6965758101065129,0.9936310971469996,0.9443657603723179,0.8942611762094795,0.8819472699932516,0.9527184626217198,0.98096624704517,0.9412650880954538,0.773677579256332,0.97196429515404,0.7213382591952042,0.9156114273620619,0.9225701399051964,0.9996816445584038,0.8695946878505916,0.9274978432118415,0.7770326868464797,0.8783842798904284,0.8429515897465398,0.9889473369622508,0.9250013316406696,0.7979182076048253,0.92500133164067,0.8513350879318791,0.9412650880954538,0.9376689775178677,0.9028404281797042,0.901576383077379,0.9250013316406696,0.7930537634675119,0.9195994438472576,0.7223365150310437,0.8152943545241977,0.8067040185344032,0.8059011127113254,0.9327167510955894,0.8411207419511779,0.9228846908561616,0.9172582782274841,0.9258894294912599,0.9043065366688322,0.9304728597762064,0.9443657603723179,0.9424686286719846,0.9339500363880902,0.8811985038024087,0.9247878765480753,0.8685844267055685,0.8665497346618455,0.9520624921969087,0.97201754229775,0.9225701399051969,0.8741090857811606,0.9338800741201664,0.9527184626217202,0.9929317365599544,0.9990820030461218,0.9250013316406696,0.7887538445392601,0.951626794105508,0.9839501848508652,0.9250013316406696,0.8490641899017124,0.9156114273620615,0.9383021271292231,0.9812071873217105,0.9225701399051969,0.8815146641826224,0.9350783929825498,0.9817639561459053,0.9651931383855019,0.7886892514499493,0.9048830033154058,0.9068250949872637,0.9250013316406696,0.9276398400468782,0.9250013316406696,0.9383021271292231,0.866360909617597,0.8540505230455007,0.9443657603723181,0.9935052137263443,0.9113868634547238,0.8596279378142864,0.8192909701727042,0.9250013316406696,0.9318770316361709,0.7978755494876433,0.8701234951334184,0.7404921700223714,0.9360968865539778,0.9327167510955896,0.8892617449664433,0.8874073419940798,0.8449382097051857,0.9198528155693015,0.9180534719171407,0.8449382097051857,0.9511570440214601,0.911543700741055,0.9056678186761242,0.8449382097051857,0.9443657603723181,0.7750187142987188,0.9274978432118417,0.9445770157689458,0.9860598647601154,0.9206231796054518,0.9472303491045946,0.9177773850880533,0.9667074951656032,0.9812071873217105,0.9034363238020657,0.9325461471620271,0.9225701399051962,0.9487210184868771,0.9294703283112098,0.9832566743197297,0.9803110338975327,0.8452667088943855,0.8994057344828372,0.9224059250470904,0.9682126412345016,0.9274978432118417,0.9300668284196516,0.9528129419991501,0.9481225683626371,0.8930282606473356,0.8930282606473359,0.9831799105523512,0.9327167510955894,0.9354577472990953,0.9792738288600384,0.8911350110320606,0.7602560869518931,0.97221832034793,0.6731747000203383,0.9588126398511934,0.9847277353330188,0.88740734199408,0.9720175422977497,0.8649118851878814,0.9874098650038853,0.9314037608379147,0.9622372501616507,0.9526258407934947,0.7948012723473756,0.9434241618923718,0.9922846353866033,0.8988405313927079,0.822008092520659,0.9252584119301555,0.7692753009842896,0.8141251312620154,0.9283228362685236,0.9921724780907231,0.8419156869552442,0.9403748670927714,0.9264398613262723,0.8063502418655724,0.8194149920013951,0.9759790834075597,0.9076487407666445,0.893028260647335,0.9300668284196516,0.9349923413419471,0.8209366838621504,0.7992157855682095,0.9646668607340485,0.9908644354749632,0.8154764414346685,0.9403227338586295,0.921972617757114,0.9196222638329765,0.81441691535506,0.9778050395375548,0.9354577472990953,0.8678357213603582,0.9886468494764689,0.8785771960052863,0.9412650880954538,0.9555862071944341,0.9383021271292233,0.8133505208512053,0.9354577472990953
p258_N,0.8876993175641308,0.9710359344051598,0.8530580659999643,0.8579120462536565,0.8932410283108929,0.8804415508981578,0.863925163254802,0.8149706862677084,0.4562717149531359,0.8737781800841438,0.780683351715605,0.9928337245205828,0.9349791590648004,0.961733487070521,0.9957787514818699,0.9682489387364006,0.9843261156522616,0.9432256065555662,0.9030333503116559,0.98568734720597,0.8188988989788226,0.8940953392712782,0.868084336487797,0.844192254982888,0.904487734508212,0.574919926005776,0.8509737027889623,0.7166347548368701,0.9483842914986946,0.8361467061778021,0.6412309777576815,0.8816250113137448,0.8454462071871409,0.6967125880912148,0.8932410283108935,0.9386559485878399,0.7874337192980811,0.8990421269577602,0.880441550898158,0.9957698267917752,0.6979164330062348,0.7868761542855598,0.9625193750831523,0.8395163009736227,0.9568760853924656,0.5847255416845234,0.8013106521092755,0.6936469051932468,0.9731861601478647,0.7705391939117874,0.8554077319402786,0.6610106083667766,0.5978653768361881,0.7408270086800534,0.8186482473018306,0.8409537938476193,0.7742309874643023,0.6848496741376318,0.9004449615363518,0.861766318264621,0.5249862830749318,0.7773314478510094,0.8514438032339184,0.6807626054757945,0.8612981558461015,0.6482910269770079,0.888278639033526,0.8660909474189311,0.997646046352902,0.9386559485878401,0.7911970771206593,0.7783935067691214,0.8388272306091997,0.6646365777807294,0.6848496741376318,0.814538283661409,0.8296877053467191,0.9629825713700773,0.6401354684080818,0.9589610879075023,0.8348155329129179,0.8386701033104875,0.8234264626853169,0.8973347048947422,0.6848496741376318,0.9366960412527519,0.8799089699616287,0.8716140639631479,0.9618439304308983,0.7035608972416704,0.6848496741376318,0.836692729474388,0.650500019428899,0.7870759265162754,0.8018198671765694,0.9010147464632574,0.8277224157627341,0.8029179700430693,0.6942815150598534,0.6468287672599844,0.8187128583865138,0.8497130258115502,0.8388272306092,0.8469794454271116,0.9518741919210325,0.7407406669265031,0.9774837056904222,0.7056374118568014,0.9783535286151788,0.7075518036984474,0.7724915154839476,0.9501724342195408,0.6558393003285861,0.9341964092502542,0.8013106521092755,0.7546298657536049,0.8138702669970945,0.8674107520354715,0.8804415508981578,0.5866263296511531,0.9515737425891087,0.7944059100735952,0.9970245400158322,0.7833349318296117,0.8514438032339182,0.8535222199039352,0.818131554774667,0.9171743739767483,0.8914571445678525,0.8667830749506904,0.5386800861822724,0.84971302581155,0.8816250113137447,0.9625193750831524,0.8235236725291666,0.550205939496035,0.8461431449123478,0.8554077319402791,0.7830122900340044,0.6928234924637205,0.5349420191889147,0.7531912628431031,0.6219496602905931,0.7117548890715875,0.8188988989788228,0.5571066054777888,0.8293958399969412,0.5500450925927851,0.8235608400569423,0.7041806363048075,0.8737781800841438,0.6868005612590127,0.8384164098855105,0.9943890803821513,0.9211495461267734,0.6570148271331203,0.7169857950656056,0.8041100907929974,0.5785985975157311,0.9208372036465446,0.6979320203473965,0.9131632661895819,0.9951959541874676,0.854785990459035,0.8767651543517687,0.7348629285023351,0.9743789273699595,0.9933146714458406,0.7660482226484921,0.8750135632959383,0.9202049107437751,0.848197310881127,0.7142274969302593,0.8249764892187222,0.5686611319774753,0.7044389011794552,0.974278546864024,0.937083437534646,0.8678869118447401,0.9788757040670516,0.9644874660449376,0.7105872270636986,0.8409537938476193,0.83360257911207,0.85038802320979,0.8718828910810839,0.4733474846668062,0.7399845172939676,0.7670212865813977,0.9683567858189088,0.8848194430340299,0.8276804521151586,0.7114868751205987,0.7325675382465344,0.7019010544900204,0.6848496741376318,0.8441922549828882,0.8566623054005462,0.9182953999024251,0.9207162905782642,0.6232511651816047,0.8625298618399613,0.6848496741376318,0.7883768248056899,0.7325675382465344,0.9110812357914191,0.6848496741376318,0.7407359829664235,0.6098939979435203,0.4862475209579964,0.45156411279597397,0.7339998664230603,0.8625298618399613,0.6848496741376318,0.7821320969911185,0.6848496741376318,0.636849247819351,0.6370270711024122,0.7061600692714107,0.6848496741376318,0.9541153808885272,0.6848496741376318,0.9036319845560012,0.7867800061973811,0.9111672445718759,0.787603959468457,0.8497130258115502,0.7936850626805662,0.6928234924637202,0.938604829544127,0.8296877053467195,0.8097772399460736,0.5698957149451966,0.7424598513400251,0.9802377325934858,0.9761608439154001,0.9460447636102758,0.7088111395715757,0.8767651543517687,0.6680409898441619,0.571129336676425,0.8509737027889623,0.8102098217702138,0.8054520429976554,0.6848496741376318,0.9018238176745963,0.6848496741376318,0.7449462492196441,0.8667830749506906,0.9211495461267729,0.7701168320027254,0.7936850626805663,0.8441922549828877,0.7354906669761059,0.9291096658772006,0.7918320777332168,0.8860823482957816,0.6108880605292619,0.8497130258115504,0.7414588528690047,0.9763534910555306,0.920895418716669,0.7035608972416703,0.9979359844619955,0.7223324343566127,0.880441550898158,0.714022709927323,0.9921312866425605,0.839875205865342,0.7595943848980098,0.7834624981403944,0.8554077319402791,0.9565839194464647,0.9753242907527253,0.6188170439912666,0.7407406669265031,0.5617082366892769,0.7163073652164846,0.7912032625956171,0.8943736416601833,0.7407406669265031,0.9188347625773325,0.6532240913214338,0.8612981558461015,0.7283809456778325,0.940969198907148,0.8497130258115502,0.7424598513400253,0.7204621682609884,0.8617663182646211,0.8497130258115504,0.9131632661895819,0.6563679261605477,0.9386559485878399,0.572585526957573,0.4503982115969477,0.8260137334668323,0.6832104854863059,0.9030333503116559,0.9281378109691689,0.9364791732764937,0.9129765806675125,0.8882786390335262,0.7002334594041819,0.9991253032916316,0.9131632661895819,0.891311839988673,0.9503459814762187,0.8566985921534656,0.878821014661697,0.96310098619215,0.8771607958251795,0.853522219903935,0.6769907944713847,0.7603281283847934,0.8737781800841435,0.5623884969994275,0.8737781800841438,0.997155924110193,0.9587759493473786,0.8419040849359922,0.9766135065676136,0.6848496741376318,0.7172704758475081,0.743904353772125,0.9202801557251545,0.7407406669265031,0.9637765273080219,0.8914571445678525,0.6848496741376318,0.9291096658772008,0.8674107520354717,0.8447400695691345,0.9212596443084795,0.6234493232028927,0.8149366829530522,0.9211495461267734,0.83423243860328,0.7355909404483552,0.8000490890639189,0.6453925549919745,0.6581316528938421,0.9766135065676136,0.6566534766220169,0.779137531091169,0.714632730778709,0.7992937037913066,0.8804415508981576,0.7852866535729037,0.9227258529514126,0.7720773639899197,0.8470759643532821,0.6746336145137792,0.8322141498049691,0.746994174983739,0.6946130210880275,0.6511266469722484,0.7125175895445883,0.6848496741376318,0.48474273543625834,0.7782566435564253,0.9692062635115404,0.9763058906768334,0.9110812357914191,0.8202725635618406,0.6848496741376318,0.6848496741376318,0.7783935067691212,0.7124801590175722,0.7092308827442111,0.6848496741376318,0.9483842914986946,0.8388272306092,0.7956191817635376,0.8598535731288977,0.7069651825443228,0.8685974240625229,0.7580374305188855,0.9694272361936423,0.7610067319955127,0.7796383638392941,0.6848496741376318,0.7931908544188007,0.9503459814762185,0.7636444720729902,0.6527725423510002,0.8213238588810675,0.7335959903322866,0.8497130258115502,0.710164685635188,0.6848496741376318,0.652250971724333,0.8514438032339184,0.5094478213677245,0.8060259084253367,0.8441922549828877,0.6638062643758786,0.9937660335010002,0.6848496741376318,0.9391087545604802,0.5877930602532664,0.6848496741376318,0.80010130157889,0.6505425968921084,0.7026981030514086,0.7004127074839346,0.6873540818162776,0.6848496741376318,0.7805034697591124,0.7253801651829517,0.9296170701540483,0.9977314064074411,0.8566985921534658,0.804913566821395,0.5957818703218511,0.8215379081576737,0.8013106521092755,0.8646278211931004,0.37500889896562895,0.986932538036146,0.5049122647165726,0.7943214496088022,0.7671014747376235,0.7936217040680686,0.7830122900340044,0.8055529015730944,0.6848496741376318,0.9030333503116559,0.6877499685731328,0.6580269529352833,0.9601172055556273,0.9449789998255371,0.7209806300972039,0.7848756839741953,0.8441922549828875,0.7209806300972039,0.988615979061509,0.8388272306092,0.8400645448984387,0.8001666606806177,0.8539692017459628,0.9386559485878399,0.540780179477729,0.98568734720597,0.8717983981867736,0.9405758992258255,0.7176908887671944,0.8296877053467191,0.9110812357914191,0.6733374543401973,0.6970453863846986,0.9341925591675475,0.839875205865342,0.8045770730392647,0.8667306034740472,0.9599362530543547,0.7424598513400253,0.7493779155975551,0.7679632765213474,0.9336037847402274,0.8732378787327589,0.8860823482957818,0.5772938566007138,0.8571950434178841,0.8660034690678253,0.9123029126238846,0.8784237330487583,0.731272250278328,0.9623099578224783,0.940969198907148,0.8861369440253577,0.7452939955760497,0.7084837799921957,0.8604489406043501,0.6824389080341919,0.7912032625956176,0.9443123974848824,0.832145452337384,0.9448883863785977,0.769169938432426,0.9478351767886135,0.7584517188443844,0.9552238459628386,0.9544762565836077,0.9483229657337404,0.7214431843350599,0.9296170701540485,0.8915778761197051,0.8509737027889626,0.8235236725291666,0.9540204532200203,0.8674107520354715,0.9964586690195034,0.7499155744656487,0.72367197193027,0.8481973108811269,0.83360257911207,0.6006846536729555,0.796148099450269,0.7372758433140971,0.7563108347677134,0.6848496741376318,0.7629478154601899,0.6848496741376318,0.6848496741376318,0.6206796389662935,0.8177855583140794,0.7624894070746238,0.6848496741376318,0.49098798931547316,0.5722702721821777,0.8812466268131878,0.6304642561338656,0.808667641031366,0.590544794782736,0.8185969410638652,0.9895568531759693,0.5206738352890412,0.8454462071871403,0.9257769056537763,0.8654261869221105,0.6077906903703083,0.6699038173241507,0.3876742878165983,0.8969794623855512,0.9794360066136898,0.9129765806675127,0.9046074870958385,0.8954576130000749,0.9937079046379164,0.8013106521092755,0.9780206794625694,0.9301302345765383,0.9268443942289721,0.7955927737497686,0.6945457902706633,0.968547407591084,0.6148831042883096,0.890277121052108,0.9092105144882991,0.9282111328653389,0.7183209131190954,0.8748900904594734,0.7546739687357261,0.6491733112489291,0.5867032515513309,0.8487541042204986,0.65919449416573,0.9019760248728742,0.818822747981546,0.9732327427950038,0.8914571445678525,0.8402690359748906,0.7660482226484917,0.8804415508981576,0.6551073295230732,0.5133405620767233,0.8667306034740472,0.672767559430214,0.9552408668839931,0.8324152206983,0.9070435841452837,0.6848496741376318,0.7830122900340044,0.6774560179325269,0.8388272306092,0.616850468662391,0.919205971578733,0.8617663182646217,0.9530660357377971,0.6771125093228572,0.9405758992258255,0.665198788537779,0.873778180084144,0.6142133942622714,0.988615979061509,0.8558505117832513,0.7209806300972039,0.8722441670724503,0.8026860603395937,0.9055477362177866,0.8386701033104873,0.7128528778241835,0.6565900664282283,0.8916672024231089,0.9551435489402613,0.7424598513400253,0.5644315286993487,0.8456686822352353,0.9396042098235292,0.8737781800841438,0.8739148831708863,0.9409228966810116,0.7314905414220481,0.8700702900218327,0.6153072717574624,0.7035608972416704,0.648126357476834,0.7936831896596994,0.8804415508981576,0.9534216081197178,0.896486012676323,0.9961108153888742,0.9503459814762185,0.7868761542855598,0.8270420984953601,0.9396042098235292,0.8739148831708863,0.9668129778295514,0.8091821252214852,0.8625298618399613,0.750141382940757,0.9197013194028303,0.6848496741376318,0.7825189628092226,0.6164940771108618,0.6299901531556257,0.8881507821781001,0.6848496741376318,0.6510935798459541,0.5878093391169621,0.9025529321711184,0.9136807839492407,0.9070275927691094,0.8039620564232361,0.7734591204293676,0.8833320884118676,0.7701168320027256,0.7198804187326959,0.26749606342427734,0.79965801570045,0.7629478154601899,0.9753499326234811,0.7742309874643021,0.9448883863785977,0.8086360830500479,0.8447400695691338,0.9235267687105844,0.8285051677670632,0.9232596065784797,0.8138702669970947,0.7964719229254074,0.8983676175158462,0.8113900018667985,0.8059121371522742,0.8832310600312395,0.8983676175158457,0.9803514991914479,0.5851032844905872,0.6873540818162776,0.6746336145137792,0.8554077319402793,0.7098258130543009,0.6746336145137792,0.7035608972416704,0.9170377011717985,0.6848496741376318,0.8235236725291664,0.9862491730615475,0.6848496741376318,0.9810706254550972,0.9623099578224785,0.8832310600312397,0.8013106521092755,0.8612981558461017,0.8441922549828877,0.7035608972416704,0.6224579992013151,0.5441467627820238,0.6728024328380214,0.8132173537193124,0.6848496741376318,0.8868159025703461,0.8497130258115502,0.7912032625956174,0.7063513658564938,0.9285958677134034,0.8832310600312397,0.8748900904594734,0.9537315972461898,0.939393618713831,0.997024540015832,0.8337006414042477,0.939393618713831,0.7501800044363498,0.7833349318296117,0.0,0.8091821252214864,0.8674107520354717,0.8235608400569419,0.7695855319202596,0.8505487813223156,0.49569914318509056,0.6848496741376318,0.8685974240625229,0.8285146807614456,0.8737781800841438,0.5389924599931932,0.8196259340934862,0.9629825713700773,0.5956082936041784,0.7209806300972039,0.5232072278655742,0.7374581770354285,0.6848496741376318,0.6848496741376318,0.9273236845723132,0.9033186734214981,0.8140907821732233,0.4872447391981979,0.519197065024301,0.5571506465368647,0.7489983266712621,0.6708121135376439,0.8335322342666973,0.5930630648622683,0.6848496741376318,0.6842495709967189,0.7830122900340044,0.880441550898158,0.5972750396409838,0.7407406669265031,0.6309627534342424,0.6848496741376318,0.6848496741376318,0.7850655286358686,0.9876781978758149,0.7590071156298182,0.9192059715787328,0.7015393224056481,0.6807626054757945,0.9673581791985437,0.8866085358410771,0.6554016488251121,0.6647700028322032,0.6848496741376318,0.7311067605158568,0.6517189842423678,0.7874337192980811,0.9030333503116559,0.9629844723538562,0.7537640461489097,0.8365532573780022,0.7386467941323438,0.910225061204426,0.7802600914613069,0.6848496741376318,0.5721431782709029,0.7386467941323438,0.6845457758979159,0.8349017225797861,0.6745173706664811,0.9186473786024711,0.7667516042146321,0.8299236928104756,0.8654261869221105,0.7861160828838409,0.6190396459839286,0.8235236725291664,0.9483842914986946,0.9344450721126141,0.6896471801578403,0.6450341753206803,0.8554077319402784,0.7035608972416704,0.41143650935251097,0.9743994066142554,0.7698714217829521,0.8937397588314333,0.9197013194028298,0.7698714217829521,0.8447400695691349,0.9197013194028301,0.9402567184229316,0.6863079408213397,0.5234245190266891,0.8932410283108934,0.8737781800841438,0.894095339271278,0.9803514991914479,0.7743378360921567,0.8186482473018315,0.6746336145137798,0.8409537938476195,0.4083305537683636,0.8441922549828882,0.3673500501739251,0.9246694857629627,0.4823322094675777,0.5246507101043552,0.6848496741376318,0.8039620564232361,0.8932410283108931,0.6813628268421115,0.8737781800841438,0.9798434458087533,0.6391946488259445,0.8947007227799024,0.6848496741376318,0.5490901961110095,0.6680198364711403,0.9336037847402276,0.6734423091774289,0.7042766061420833,0.6710197305498862,0.7830122900340044,0.3825113018186801,0.7792168137612672,0.9962549828791103,0.8489883250191621,0.8922481907338065,0.993787283027591,0.9197013194028298,0.9164120449798159,0.9825516086708621,0.8646278211931004,0.8009771734130315,0.5397912589693419,0.9928965397237558,0.6842447526880349,0.8983676175158459,0.6746336145137792,0.5772180672966326,0.6025493303140885,0.7249745414315009,0.776415232723307,0.8363928636148237,0.6848496741376318,0.6474330597943376,0.7391277589193093,0.940969198907148,0.6848496741376318,0.6964935000023014,0.9937660335010002,0.7407406669265031,0.8177855583140791,0.6746336145137792,0.732069959395617,0.873210786801137,0.8767651543517687,0.8187128583865133,0.8554232120265195,0.9627686837901366,0.692334166334567,0.6848496741376318,0.9673581791985437,0.6848496741376318,0.8674107520354715,0.7116419197319956,0.4553002723603079,0.880441550898158,0.8092614136659861,0.7201945491401178,0.6419394718740528,0.9824977752338939,0.6848496741376318,0.7476756278988692,0.6107425946063599,0.8311700964026221,0.7833349318296119,0.9587759493473788,0.8554077319402795,0.8969794623855509,0.7580374305188853,0.8145815970977258,0.5494338661453161,0.6311670478175968,0.8145815970977258,0.754090605436792,0.8554077319402793,0.8102098217702136,0.8145815970977258,0.880441550898158,0.9661710573859785,0.9102250612044256,0.9840528504330193,0.8336025791120703,0.8211332371088924,0.9573372050976623,0.590520492130453,0.9443123974848822,0.9405758992258255,0.5820242528991433,0.928018826860044,0.9928337245205828,0.8045770730392645,0.5849369615002864,0.9136807839492409,0.774807549774525,0.927728894240135,0.7345935262334492,0.7090779006527526,0.9364791732764937,0.8441922549828877,0.8013106521092755,0.7550815117379539,0.9884330025322015,0.5943277159218622,0.9016110634666046,0.7109275586324142,0.7830122900340043,0.7629478154601899,0.9660143913435006,0.6073605075978465,0.8238270673457193,0.8058399374907179,0.9964586690195034,0.9372661358320973,0.824671020432908,0.6320364391110459,0.8337006414042477,0.6986535364277687,0.7807023278317788,0.896491743638332,0.5035597173624029,0.9237545427987885,0.8612981558461015,0.7624894070746238,0.9403720488103622,0.5978653768361881,0.8784237330487585,0.8882462492115561,0.8523008807801966,0.9763534910555304,0.9558904738185678,0.908850390172764,0.975501500895569,0.9493117100236348,0.8016439130480866,0.9609656379923923,0.8497130258115502,0.818131554774667,0.5974861429503642,0.550496305433902,0.9599362530543547,0.8646278211931007,0.7136322396942789,0.9214077311308781,0.8566623054005464,0.8336091806311378,0.7190802082353724,0.8624035236679224,0.7965441750729492,0.8497130258115504,0.6088887135716601,0.9002622727577274,0.7629478154601899,0.5000288119362062,0.8568602742572657,0.8748900904594734,0.8737781800841438,0.6840650039379887,0.8674107520354715,0.9086360517472705,0.7629478154601899
p258_S,0.9748997017520252,0.9699358505776485,0.8483264115782,0.9082470012068007,0.9398636845831869,0.9700351664034114,0.902169961484318,0.9001287969998533,0.8861224347761869,0.952904481298952,0.9288025889967637,0.8422956254205759,0.9521906738117116,0.8945436312571672,0.9642919106149581,0.9855797027208402,0.9341536654578786,0.9939428696246878,0.5758141383112507,0.952904481298952,0.9882611788790332,0.9270843653068206,0.9844690963672101,0.9998238347481486,0.9253948970823007,0.9188871236697294,0.7529974819089794,0.975493041049861,0.9529044812989522,0.8779076646680346,0.9921724780907231,0.9460501530640815,0.9323345609629294,0.9819538956711094,0.9470390403999658,0.9505286850464205,0.9418654668890594,0.7113453884714065,0.9553906988562066,0.78240062401733,0.8910264359580943,0.9204798499326443,0.9553906988562064,0.9690473891035605,0.9341536654578786,0.8409422363051282,0.995812608116145,0.8821881173643276,0.953991793642735,0.9340712946921956,0.9460501530640815,0.7840664450867837,0.9188871236697294,0.9699358505776486,0.9323345609629294,0.873004414272011,0.9574979597513364,0.9398636845831869,0.9663582239117764,0.9360123464869741,0.8887741875977793,0.8759144031389284,0.9503578662718964,0.9561940054212755,0.8570938287816195,0.8672016849619615,0.9460501530640815,0.8829132168159719,0.8600688224932606,0.846475382106867,0.742607466558399,0.8252984164236813,0.9470390403999659,0.8450091399686626,0.9398636845831869,0.9533082645638475,0.882124527314188,0.9288025889967637,0.9157052766042657,0.6717386274418834,0.9288025889967637,0.9671761235857237,0.9641658853133278,0.9188871236697296,0.9398636845831869,0.7589393300789553,0.9270843653068206,0.8667378392683935,0.9366533900163497,0.937914277797153,0.9398636845831869,0.7550682856940838,0.89660806267699,0.8814986128738729,0.9127085925971725,0.9478374997757879,0.7621069123919668,0.9510271056359668,0.8862465033691971,0.8847526545886426,0.8307576415323485,0.995812608116145,0.7773931278746951,0.9259730771442766,0.8468773793429295,0.9505286850464205,0.7998872004787685,0.8576163442542952,0.9810661291837659,0.8478271820431229,0.8024391351292832,0.8579614827921473,0.9925088224207315,0.9979873805056112,0.9439253608596805,0.986211898126812,0.9305518148343681,0.9505286850464205,0.9553906988562064,0.8857498863500033,0.9690473891035605,0.7754424146968589,0.7939881817158987,0.9112065483416409,0.9503578662718963,0.9051470547208933,0.9415131363853565,0.8900265369300415,0.937914277797153,0.8996713357710031,0.906021197734943,0.9439253608596805,0.9915113877198728,0.9553906988562064,0.9094219082255506,0.8452068092401658,0.9732637445534751,0.9460501530640812,0.9460501530640815,0.9360123464869743,0.8391969927171947,0.952904481298952,0.8922194665655987,0.6440758995461153,0.829603674665967,0.8941586572120022,0.9391376821694793,0.9162617337114645,0.9173148291382114,0.8355187037786178,0.952904481298952,0.9570779796295699,0.8765340058700836,0.9348975602557189,0.9460501530640815,0.9173148291382116,0.934130039914969,0.8830876554119846,0.8575188357488206,0.8655012524214222,0.9583905879012904,0.9355505770919704,0.9220943680125893,0.8637086519058848,0.9932064816839525,0.7640362071727458,0.8900265369300415,0.8808870709207715,0.8820822039203281,0.8688459520198257,0.8945436312571673,0.937914277797153,0.8730044142720111,0.8772774384188502,0.9332207176112415,0.6808642406714338,0.9505286850464205,0.9030676093179744,0.9022017939490121,0.9533082645638474,0.9312485969328885,0.9596918041351779,0.873004414272011,0.9521906738117116,0.8871723462225382,0.907375851109823,0.9395433253516376,0.8834941755373982,0.9305518148343679,0.9097196291136669,0.9570183943574118,0.9197173314687734,0.8364116774473632,0.848374544260414,0.8887741875977795,0.9398636845831869,0.9418654668890594,0.7430798760461843,0.8821881173643273,0.939975544820039,0.972670579423688,0.937914277797153,0.9398636845831869,0.8490261988077545,0.8483745442604143,0.952904481298952,0.9398636845831869,0.8534460628229268,0.8996713357710033,0.9561353032328332,0.9111416502651825,0.7061297020267292,0.8972431496161436,0.9398636845831869,0.8294570440795397,0.9398636845831869,0.8264683960267651,0.7550499440241731,0.7616721311636683,0.9398636845831869,0.9171916237032925,0.9398636845831869,0.9273110661028668,0.9376663718600012,0.7640362071727458,0.9746761314564315,0.8752885460677958,0.8261496131115469,0.9360123464869743,0.8008716284224459,0.9270843653068208,0.9063144363068494,0.8027941091173922,0.8297689139421239,0.9915113877198729,0.8808870709207713,0.9324212251127573,0.8485555080319513,0.8968355718577374,0.8996713357710033,0.9364881737530408,0.9341536654578786,0.7754424146968588,0.9360123464869743,0.9398636845831869,0.9514652625474738,0.9398636845831869,0.9957639012283819,0.8794276363367709,0.9460501530640815,0.997484652794657,0.8261496131115469,0.9418654668890594,0.9711572181901507,0.9253948970823007,0.7514473666238057,0.9251250367755219,0.8900265369300415,0.9439253608596805,0.7851329843763786,0.9891756798952003,0.8674456816989564,0.937914277797153,0.921979895548813,0.8499576014945192,0.9553906988562066,0.9943279333937743,0.8534460628229268,0.9908966831572722,0.9030676093179744,0.8052215285825557,0.9460501530640815,0.8730514490577008,0.8576163442542953,0.8584717128661032,0.9505286850464205,0.8478271820431229,0.898279654991218,0.9426603652680072,0.8188464324608091,0.9505286850464205,0.9378357229085401,0.8293524200538189,0.9482479709168006,0.9586581956992329,0.8551017577499604,0.6945024529952721,0.9819538956711097,0.8697573482257857,0.9360123464869741,0.8752885460677959,0.9355505770919704,0.7991143362933042,0.9818060040046752,0.9079642774207208,0.8282051901310088,0.9555600901459856,0.8991741089518656,0.7788100711579629,0.9964123220916106,0.9968895860490864,0.7430798760461843,0.866634469287782,0.8637086519058848,0.9442911856940017,0.995812608116145,0.8681962088300329,0.9382829336530907,0.7981282311426632,0.8928015300883472,0.9825000842131437,0.883216982481332,0.9294852910677028,0.9071929577602142,0.8106729411563693,0.952904481298952,0.8861224347761871,0.976238170109926,0.9058614048066169,0.9733050117350786,0.7565789685207722,0.9439253608596805,0.9398636845831869,0.946050153064081,0.9152152511721429,0.9503578662718964,0.9505286850464205,0.9868659623160062,0.8972431496161436,0.9398636845831869,0.9253948970823007,0.9505286850464205,0.9553906988562064,0.9649333732985219,0.9406842859542996,0.9426603652680072,0.9460501530640815,0.9041880640840265,0.8247730001226562,0.9342966423167991,0.9323345609629297,0.7247833089277057,0.9439253608596805,0.9039073680321517,0.7544490565237101,0.9305518148343679,0.9649333732985219,0.9553906988562064,0.819581220169987,0.9058614048066169,0.834211814864384,0.9862951408967355,0.937914277797153,0.9067878891240293,0.9555600901459858,0.8697573482257857,0.8712638554489613,0.7675545077575614,0.9398636845831869,0.9332207176112415,0.9024846512059141,0.9791844484148314,0.9846566758890424,0.9053808215188041,0.8688459520198257,0.9398636845831869,0.9398636845831869,0.9173148291382112,0.8861224347761871,0.7890188092658448,0.9398636845831869,0.9529044812989522,0.8904904028915424,0.9734273782715801,0.9289592084664757,0.7997427362664191,0.9398636845831871,0.7307279312200418,0.929822304158936,0.7427968260368256,0.7846973361026461,0.9398636845831869,0.8761010867076777,0.9872968515533684,0.8326115993376899,0.8358062663095356,0.9704295576642358,0.902529354864086,0.8752885460677959,0.8560853018714703,0.9398636845831869,0.8008692350802827,0.9188871236697298,0.86018827584657,0.7218676965527077,0.9418654668890594,0.8207822179489627,0.9149568459375,0.9398636845831869,0.9408189766409163,0.8667378392683935,0.9398636845831869,0.9097196291136671,0.9261712635110884,0.9547002488699823,0.7733894101534821,0.8637086519058848,0.9398636845831869,0.9328564910444351,0.8829132168159719,0.9482479709168006,0.9378357229085402,0.8476058731210254,0.9589992496040742,0.8914519915852102,0.8358545883053425,0.9439253608596805,0.8795907732894914,0.9259498258317267,0.8467709954086371,0.87867591310493,0.9786819594155435,0.8159812408068023,0.9237321696604077,0.9460501530640812,0.688847846155149,0.9398636845831869,0.9141406930557712,0.9180662297947398,0.9993289467108443,0.9288025889967637,0.997484652794657,0.9360123464869743,0.9079642774207209,0.8832024380225647,0.9360123464869743,0.9774933804060018,0.7208444903662716,0.9305518148343681,0.9976253983649469,0.8787132883757074,0.9505286850464205,0.9223685915209612,0.952904481298952,0.920179683283657,0.9237321696604077,0.813299269907048,0.7390311967799441,0.9529044812989522,0.958377684989876,0.9382829336530907,0.9104984955009439,0.9204798499326445,0.9270843653068208,0.915215251172143,0.9439253608596805,0.7917226685098779,0.9786384251155433,0.854330440605122,0.7172515874023351,0.8808870709207715,0.97381582818476,0.9112065483416405,0.8812515305002852,0.8520327579084046,0.7399984585132029,0.9615633836644075,0.9281876763306096,0.9633170462283336,0.9476888747140071,0.9220943680125895,0.9237321696604079,0.7695137057752006,0.9288025889967637,0.9829227788221151,0.9220943680125895,0.9364881737530408,0.9034797298643933,0.9439253608596805,0.8971972162838037,0.9361771952086213,0.7589393300789553,0.8808870709207715,0.9505286850464207,0.9250760542501826,0.972670579423688,0.66243562848004,0.9872968515533684,0.7529974819089793,0.9862951408967355,0.9460501530640815,0.9505286850464205,0.9673445570347357,0.9058253998530241,0.9227274608254379,0.9928618019927207,0.8972431496161437,0.8907262672542315,0.8901096639134578,0.9341536654578786,0.7287101504442732,0.9398636845831869,0.9482479709168006,0.9398636845831869,0.9398636845831869,0.8847526545886424,0.9237321696604079,0.9819538956711096,0.9398636845831869,0.8727684018068397,0.9102058426283262,0.8996713357710031,0.8564278285687625,0.9642957970297396,0.8128954083199017,0.9197173314687734,0.8848055194072821,0.9132282425485745,0.9323345609629297,0.8929373097616344,0.9219798955488133,0.9024846512059141,0.7856920188609455,0.9363693895524041,0.9673445570347358,0.9323345609629297,0.9360123464869743,0.9636135654924565,0.9482479709168006,0.7401432589965964,0.9439253608596805,0.9208637354012904,0.9270843653068206,0.7250262824270222,0.8008716284224459,0.873051449057701,0.8505787444421388,0.9229260836136746,0.9696315366465988,0.90534156988644,0.9439253608596805,0.9270843653068208,0.7082703429341892,0.9195264370114508,0.8843302430070015,0.9583216156069628,0.9460501530640815,0.9548013134439125,0.9341536654578788,0.9813816034118847,0.9614954635891835,0.8972431496161436,0.8326115993376899,0.8410403632238284,0.9553906988562064,0.7883680341234216,0.9223685915209612,0.8848055194072819,0.7919930754527491,0.9270843653068206,0.9589992496040742,0.9196592131286034,0.9398636845831869,0.9460501530640812,0.975493041049861,0.9398636845831869,0.9198178556572019,0.9747821421515683,0.9360123464869743,0.9641658853133279,0.8207822179489628,0.9385697293810192,0.8667378392683935,0.952904481298952,0.8060766523799854,0.9288025889967637,0.9525402454544871,0.9360123464869743,0.9832374253294529,0.8892331487091776,0.7321602844086204,0.8074150985486044,0.9199438575519543,0.8873196151516809,0.7809788388822063,0.9202493838823178,0.753676423077631,0.8506391215629194,0.9741480292037037,0.9112065483416407,0.952904481298952,0.934296642316799,0.9418654668890594,0.8063167594070366,0.9181353909773777,0.967017160057684,0.937914277797153,0.8026144365483829,0.7247833089277057,0.9553906988562064,0.9976253983649469,0.9355505770919704,0.9470371182540278,0.9872968515533684,0.9204798499326445,0.8834941755373982,0.9921724780907231,0.9810661291837659,0.8795907732894914,0.9288025889967635,0.937914277797153,0.9460501530640812,0.9553906988562064,0.9398636845831869,0.9039073680321512,0.8286830827853715,0.8697573482257857,0.8637104667161029,0.9398636845831869,0.9212166103970638,0.7575315909834787,0.9570779796295699,0.9734273782715801,0.9197173314687734,0.6928962017713398,0.9181112558741784,0.9134101520889071,0.8776283584600681,0.838010644275059,0.87586066536007,0.9130996693093605,0.9482479709168006,0.9152152511721428,0.9152511870116737,0.9355505770919704,0.9898781502828838,0.9700351664034113,0.9142266602978069,0.7965645056239913,0.9553906988562064,0.7709111814016814,0.8307576415323483,0.9398636845831869,0.980507852353693,0.9577837083079959,0.9141406930557713,0.9398636845831871,0.9270843653068206,0.8228794504079867,0.8637086519058848,0.937914277797153,0.6793190916396452,0.9341536654578786,0.937914277797153,0.937914277797153,0.9039073680321512,0.9398636845831869,0.9341536654578786,0.8901096639134578,0.9398636845831869,0.8074150985486043,0.943995490424937,0.9505286850464205,0.9439253608596805,0.921979895548813,0.9418654668890594,0.937914277797153,0.8026144365483829,0.8857498863500033,0.9237321696604077,0.9147435010132181,0.9398636845831869,0.9032215790146929,0.9439253608596805,0.8524968541217385,0.8043110376823828,0.900060247571683,0.9505286850464205,0.9418654668890594,0.9810661291837657,0.8996713357710031,0.7939881817158989,0.9398636845831869,0.9733050117350786,0.8984317529217641,0.9268615921601945,0.8091821252214864,0.0,0.9505286850464205,0.9968895860490864,0.9439253608596805,0.7654424076334603,0.8646465267440429,0.9398636845831869,0.9470390403999658,0.8735078944480344,0.952904481298952,0.6805429891785711,0.9341536654578786,0.9288025889967637,0.9672728113765106,0.9360123464869743,0.9229044712201705,0.8421298244753364,0.9398636845831869,0.9398636845831869,0.8982796549912182,0.9724339074050172,0.8152256364618551,0.861950156712862,0.9468315625852828,0.7981282311426632,0.881251530500285,0.8606685625193011,0.8136497493371052,0.8772718095610748,0.9398636845831869,0.8821881173643271,0.9460501530640812,0.9553906988562066,0.7449563732209354,0.9505286850464205,0.9011896847149374,0.9398636845831869,0.9398636845831869,0.8293931832816233,0.8339417653831184,0.8389785589058611,0.9775200810036838,0.7403100553784643,0.923610220689685,0.9142266602978071,0.9236102206896848,0.8548480082641416,0.8607411310128994,0.9398636845831869,0.768977122390658,0.8336542349873033,0.9418654668890594,0.914140693055771,0.9259498258317267,0.9449864572593312,0.9996792686582181,0.7589393300789553,0.9418654668890594,0.9951086277264105,0.9398636845831869,0.8952067668476966,0.9094175606190134,0.8808870709207712,0.9806564578215821,0.8286830827853715,0.9305518148343681,0.9770797539185191,0.8276741354703553,0.9868659623160062,0.9837490554210244,0.9459764047130568,0.9341536654578786,0.952904481298952,0.9082470012068007,0.9188871236697296,0.8772718095610748,0.9460501530640812,0.937914277797153,0.967911536434519,0.9157617220296759,0.768977122390658,0.9067878891240293,0.9553906988562064,0.8794276363367709,0.9553906988562064,0.9553906988562064,0.9152152511721429,0.982324224352259,0.9408189766409163,0.947039040399966,0.952904481298952,0.9775200810036838,0.9775200810036838,0.7427968260368256,0.9323345609629297,0.937914277797153,0.9997447324909989,0.874448160392765,0.9418654668890594,0.7888629210161431,0.9024846512059141,0.8657472579041974,0.8621900465374017,0.9398636845831869,0.7550682856940838,0.8904904028915422,0.8483745442604143,0.952904481298952,0.9908966831572723,0.9220943680125893,0.9032620922382996,0.9398636845831869,0.8667378392683935,0.7883680341234215,0.9220943680125893,0.8682487271258559,0.8952067668476966,0.8772718095610748,0.9460501530640812,0.864291769268863,0.9468315625852828,0.9600596534987831,0.7937891208337406,0.7090728944500639,0.745924914670926,0.820886896922647,0.800871628422446,0.9398636845831869,0.9119409794917466,0.9173148291382112,0.9117157559872135,0.8848055194072819,0.7809788388822064,0.9398636845831869,0.937914277797153,0.9162617337114645,0.919817855657202,0.8358545883053425,0.7840953466063199,0.8287143870292148,0.9398636845831869,0.8468201848950911,0.915621368853727,0.7367761372283412,0.9398636845831869,0.9132282425485745,0.8131511172044532,0.9505286850464205,0.9237321696604079,0.937914277797153,0.8691446238416203,0.9939428696246877,0.8968355718577374,0.999744732490999,0.9348082077122006,0.9237321696604079,0.7772103080002984,0.9398636845831869,0.9192573547084931,0.9398636845831869,0.9505286850464205,0.7659889277188263,0.8630676692554227,0.9553906988562066,0.9947922739901722,0.8671824552466781,0.9551827331085334,0.9734273782715801,0.9398636845831869,0.8773656490592002,0.8379301929572327,0.8080614902874933,0.8863786272856532,0.936488173753041,0.9460501530640815,0.9112065483416405,0.9896201712617319,0.9010728262563201,0.9357354408000718,0.8043501679087465,0.9010728262563201,0.9339855047643736,0.6793190916396452,0.9555600901459856,0.9010728262563201,0.9553906988562066,0.9503578662718964,0.9418654668890594,0.9855797027208403,0.787348101225008,0.9896201712617319,0.9220943680125893,0.9726705794236881,0.9530613123008465,0.9237321696604077,0.898279654991218,0.9602126215445623,0.9928618019927209,0.9775200810036838,0.8757722251384741,0.8945436312571673,0.9842127613506938,0.9295590647145762,0.8955237705353787,0.9695561678527186,0.7824006240173302,0.9418654668890594,0.9439253608596805,0.8834941755373982,0.9051703150845355,0.9142266602978069,0.8359993622116433,0.9478374997757881,0.9460501530640812,0.9482479709168006,0.9644126257985282,0.9127085925971725,0.7985467108992406,0.9024846512059139,0.9112065483416407,0.9846344164354528,0.7472186948489317,0.9896201712617321,0.9398636845831869,0.9086983072156898,0.7967544615576163,0.9588025108491051,0.915012808570058,0.9679393031293866,0.9482479709168006,0.9419536134643975,0.9679115364345192,0.9188871236697294,0.9094219082255505,0.9127085925971725,0.825858866494913,0.9609642629291475,0.9683506709922264,0.8277434539570456,0.919307950443218,0.7873481012250081,0.9005785926195295,0.9361771952086213,0.8752885460677959,0.9418654668890594,0.9259498258317267,0.9142266602978064,0.9439253608596805,0.8939577832947228,0.8928945093383254,0.9308831109853785,0.9570183943574118,0.9570183943574118,0.9026881507194651,0.9877421208411418,0.7818957648917593,0.9439253608596805,0.887172346222538,0.9877421208411417,0.9482479709168006,0.9357354408000718,0.8579614827921471,0.9418654668890594,0.952904481298952,0.9855797027208402,0.9505286850464207,0.9414009265844593,0.9482479709168006
p259_DPSNVIH,0.9994885375488447,0.9517441295565183,0.9541896299485404,0.8993178757827878,0.9582144552981327,0.9273614004407345,0.9320230809079544,0.9306047836741067,0.9208725034246263,0.9672758151492922,0.9818060040046752,0.9568599156354454,0.9568599156354451,0.8993178757827875,0.9260107308342307,0.9057246972976496,0.9732924283946004,0.9436389526644002,0.965625,0.9342541377090323,0.949657954348555,0.9493347822888891,0.9470055188469617,0.9596053879391779,0.9868438546677248,0.9436389526644002,0.9732924283946004,0.9312607396704553,0.9342541377090323,0.9151644941927575,0.9383021271292231,0.9625131050152524,0.9762777185243533,0.933230312818766,0.9582144552981327,0.940340909090909,0.9593605721085061,0.9762777185243531,0.9690033562225548,0.9978387378693494,0.9172347260035336,0.9447456538980155,0.9273614004407343,0.9784926679114252,0.9732924283946005,0.9802543436154089,0.9610366993022685,0.918138754358939,0.942546448360206,0.9973897225041903,0.9507165296704019,0.9857734186523461,0.9436389526644002,0.9517441295565183,0.9529828655437629,0.941467276381333,0.941467276381333,0.9582144552981327,0.9766241092617448,0.970134355730177,0.9227150661971701,0.9984082365942546,0.9436389526644005,0.9922022799705809,0.964040252388596,0.9251090083155455,0.950716529670402,0.9699258116973511,0.9117843373625341,0.965625,0.9023570839226296,0.942546448360206,0.9632002305182421,0.9620644010088546,0.9582144552981327,0.9485464508185621,0.8518092446394376,0.9505286850464205,0.9934978324750832,0.9690033562225546,0.9818060040046752,0.9288327934067981,0.9393458182324887,0.9436389526644002,0.9582144552981327,0.9109192134561168,0.9843798933538865,0.9904316612456552,0.9565125146369127,0.9667798280829099,0.9582144552981327,0.9594101849401601,0.9632833241074701,0.991721215227996,0.9393458182324887,0.9450123956047418,0.9200580495551548,0.9496579543485548,0.9900806838204748,0.9544340530320736,0.9998226281102465,0.9552175050422179,0.8846149163346162,0.9672517146179538,0.8721350978197822,0.965625,0.9327537943050117,0.9688652165598257,0.9218485695187232,0.8592642631772311,0.9026181976726751,0.9320948271810625,0.8753838677887604,0.9742388426031001,0.8714717093867046,0.9566833549191383,0.8408182974981261,0.965625,0.9690033562225546,0.9953700699977108,0.9784926679114252,0.9474427791084492,0.9481608601832734,0.949179989012776,0.8746515668023194,0.866446293213446,0.9593605721085061,0.9990875851642479,0.890419571801265,0.9814510646731802,0.8953282497576123,0.9610366993022685,0.9625131050152524,0.9690033562225546,0.9542468650366518,0.8743797075282271,0.9814223902914916,0.9625131050152524,0.9625131050152524,0.9555383641697377,0.9414582284814822,0.967275815149292,0.9251090083155455,0.9728761310858696,0.9237859663302174,0.926456449323181,0.9142379704609406,0.8700853537305535,0.9382239240989046,0.9363981539429046,0.9342541377090323,0.9227150661971701,0.895638077904987,0.9022452837148789,0.950716529670402,0.9978387378693492,0.9542304488965457,0.929319912701777,0.9196272041613351,0.9691210572699522,0.9540291191346464,0.9610366993022685,0.866182938666506,0.9927073567684068,0.9600784247075338,0.982971410509272,0.9631612510065022,0.9172347260035336,0.9465829649206577,0.910505091375453,0.9362456943690352,0.9568599156354454,0.9414672763813332,0.8788619061474223,0.9535986089258479,0.97956440271576,0.965625,0.9716904275615754,0.9877180384539763,0.9485464508185621,0.9733018367704473,0.9932062894239346,0.941467276381333,0.9568599156354454,0.9591016377439943,0.9725607158551891,0.92061363922904,0.9890302829209386,0.9517441295565183,0.8961750730777805,0.9555383641697375,0.9390675962200332,0.9576948646187344,0.9026064829238055,0.9349028572421433,0.9582144552981327,0.9593605721085062,0.9555383641697375,0.918138754358939,0.9936903555962455,0.9973897225041901,0.9568599156354454,0.9582144552981327,0.9693421397704967,0.9622268329997989,0.967275815149292,0.9582144552981327,0.8902849828282724,0.9302869180633688,0.9904950340182073,0.9941465190705733,0.9688588518247441,0.9568599156354454,0.9582144552981327,0.9557864545102847,0.9582144552981327,0.9479393131642719,0.9900988548597918,0.9355132953311196,0.9582144552981327,0.9235852575057478,0.9582144552981327,0.9981000240005331,0.971510747264704,0.9653179186519115,0.9378106311870051,0.9552175050422179,0.9859440788700544,0.9555383641697377,0.9892083965651993,0.9493347822888891,0.9349028572421431,0.8967947636921043,0.9610243931286576,0.950716529670402,0.9469207829576383,0.95304308387742,0.9410875626877445,0.9600784247075336,0.9302869180633686,0.9302869180633688,0.9008317218258524,0.8856848936483535,0.9701343557301771,0.9582144552981327,0.9199574485923749,0.9582144552981327,0.9174803742093418,0.916220642107197,0.8639461643560566,0.998252218275079,0.9466282415065833,0.9593605721085061,0.9293199127017768,0.9868438546677248,0.9577099946223933,0.8464753821068668,0.9990875851642478,0.9610366993022685,0.9487133832322339,0.8944656454039726,0.9799677102506719,0.9568599156354454,0.964040252388596,0.9657412631626018,0.9690033562225548,0.9334253536579322,0.9334253536579322,0.9447456538980155,0.9716904275615754,0.9440877430877771,0.7771757990417105,0.9846017747587572,0.929434652005658,0.8848025594350112,0.965625,0.8942631579092646,0.9293199127017768,0.9288327934067979,0.9890302829209386,0.965625,0.9881339422948303,0.9468854976241821,0.964040252388596,0.9163339973465923,0.9541300190655133,0.9610366993022685,0.9861029598450541,0.9436186730193976,0.9555383641697375,0.9610366993022685,0.8714717093867045,0.9961055629702815,0.965625,0.936049244564626,0.9546904346937621,0.9474427791084492,0.9119232477869205,0.8463068181818179,0.9582144552981327,0.8786091103284602,0.9555383641697375,0.9507165296704021,0.939296448593359,0.9612908916295111,0.9610366993022685,0.942546448360206,0.9312607396704553,0.9855627308526733,0.8795849899962052,0.9463466002520926,0.9742785468640243,0.9340917055261456,0.9355132953311196,0.9471883441958859,0.9342541377090322,0.9675591368764067,0.9342541377090323,0.9861029598450539,0.9814510646731802,0.9742388426031001,0.9610366993022685,0.9582144552981327,0.9625131050152522,0.9662757781656686,0.9957912204911729,0.965625,0.9457879562525047,0.737699059237974,0.9582144552981327,0.9868438546677248,0.965625,0.9273614004407342,0.9260107308342306,0.8676494287670122,0.9914826481470902,0.8639461643560565,0.862909488252414,0.9992598421053647,0.9218485695187231,0.9529828655437629,0.9161123728491162,0.9610366993022688,0.9861029598450544,0.9821979361118385,0.9517441295565183,0.9264564493231808,0.9690033562225546,0.9566833549191383,0.9610243931286576,0.9859440788700544,0.9732924283946003,0.9568599156354454,0.7940830295788787,0.9057246972976496,0.9436186730193976,0.910548062587494,0.988947390437986,0.9582144552981327,0.9356403782457077,0.9631988949207005,0.9877180384539763,0.9109192134561164,0.967275815149292,0.8727426055411927,0.9582144552981327,0.9582144552981327,0.942546448360206,0.9675591368764067,0.9283995430864388,0.9582144552981327,0.9672758151492922,0.9582144552981327,0.936245694369035,0.9154363928771065,0.9622268329997987,0.8846149163346162,0.992787606045791,0.851809244639438,0.9323831431980896,0.9788493112231099,0.9582144552981327,0.9839544026299676,0.9653179186519114,0.9511134098668175,0.9533455271501621,0.9516937335159948,0.9128298713501324,0.9610366993022685,0.9338800741201665,0.9582144552981327,0.8955346081941521,0.8746515668023194,0.9216020313541384,0.9995763016147063,0.9596053879391779,0.9664668509189611,0.9762777185243532,0.9582144552981327,0.8637757890946799,0.9755132836179136,0.9582144552981327,0.9372689456075765,0.9666526481846669,0.9864559376282896,0.9800578728324697,0.9052983512742421,0.9582144552981327,0.9196279932783361,0.9557864545102848,0.9457879562525046,0.9751589072340373,0.9800578728324698,0.9806215235201541,0.9245757305468909,0.9967852693591663,0.955217505042218,0.903838425521733,0.9485464508185621,0.9892083965651993,0.9525107890657616,0.9456466584549023,0.9326468089069146,0.9470055188469617,0.9507165296704019,0.9352213936467461,0.9582144552981327,0.8463068181818179,0.8971068309419691,0.8804252291828121,0.9505286850464207,0.998252218275079,0.9555383641697377,0.8604151780400968,0.9593605721085062,0.9555383641697377,0.9141406930557711,0.9582144552981327,0.9099641551465774,0.9814223902914916,0.9390675962200333,0.940340909090909,0.9460580405236654,0.9672758151492922,0.9099641551465774,0.9892083965651994,0.9721863819825465,0.918094568996662,0.967275815149292,0.994974694644295,0.9829714105092717,0.9973897225041901,0.9936745866415239,0.9493347822888891,0.9662757781656683,0.9552175050422179,0.9861029598450541,0.9172347260035336,0.9388575045336478,0.9288327934067981,0.9625162230164763,0.9818060040046753,0.9945610690582236,0.953189253391297,0.9140410790158207,0.9840739333532936,0.8283710152571047,0.9501014147602178,0.9610854286276961,0.9910578376517607,0.9288327934067979,0.9470055188469617,0.9878167295680607,0.9505286850464207,0.8650374558206404,0.9458674971126177,0.8650564954973856,0.8990930464480498,0.8714717093867045,0.9449933732356441,0.9576948646187342,0.932241742150131,0.9922022799705809,0.965625,0.9835434409405948,0.9541896299485404,0.964040252388596,0.9653179186519116,0.9732924283946005,0.9008317218258528,0.8639461643560563,0.9403409090909088,0.8929210470837762,0.9693856077784861,0.9283593797331273,0.9568599156354454,0.9568599156354451,0.9240714630961306,0.971510747264704,0.9542468650366518,0.9487133832322339,0.9582144552981327,0.964040252388596,0.9582144552981327,0.9582144552981327,0.9199207156261613,0.9470055188469617,0.8552790990760807,0.9582144552981327,0.9115934922693327,0.9376067896608848,0.8650564954973858,0.8634268125825653,0.9430998431724231,0.9552047908760306,0.9390675962200332,0.9199574485923752,0.9397068954970855,0.9529828655437627,0.9904950340182073,0.9457879562525048,0.932241742150131,0.9803420813182646,0.9186425876141024,0.9945610690582234,0.8347988866605852,0.9555383641697377,0.940972330503016,0.9457879562525047,0.9524487759376709,0.8714717093867047,0.9906286789501815,0.9493347822888889,0.8705150677206018,0.9470055188469617,0.9846017747587572,0.951693733515995,0.9227150661971704,0.9470055188469617,0.9877180384539763,0.9610366993022685,0.9843798933538865,0.8783265321561905,0.979958676545309,0.9568868616159543,0.9754081792009579,0.950716529670402,0.9941465190705734,0.9542468650366518,0.9870630610219882,0.9519058911033431,0.9667798280829099,0.9174020320874772,0.9465829649206579,0.9273614004407343,0.9892903408071427,0.9815087400578083,0.9199574485923752,0.9744034713007481,0.9180945689966625,0.9806215235201541,0.9737004279988793,0.9582144552981327,0.9507165296704019,0.9312607396704551,0.9582144552981327,0.9613364213349977,0.9843798933538865,0.9555383641697377,0.9963814266559157,0.8962170259453925,0.7978501428016826,0.9074031733450509,0.9672758151492922,0.8990930464480494,0.9818060040046752,0.9670227269270519,0.9555383641697377,0.8347988866605841,0.9230339739969549,0.9302869180633688,0.9458674971126177,0.954459395331956,0.9826828468467492,0.9126376659192033,0.963592970627815,0.8552790990760808,0.861092113458608,0.9990875851642478,0.9491799890127761,0.8357840905673568,0.9481608601832734,0.9596053879391779,0.974278546864024,0.9199574485923749,0.998817981216154,0.9568599156354454,0.9677588596715981,0.9765417331291988,0.9690033562225546,0.9376672305832937,0.9610366993022685,0.932241742150131,0.9653179186519115,0.9447456538980155,0.9650079910895764,0.836662105154776,0.8568532843697211,0.961290891629511,0.9505286850464205,0.9568599156354454,0.9625131050152524,0.9273614004407345,0.9582144552981327,0.9610243931286576,0.9658731546220687,0.9777360756347164,0.9052996122898691,0.9582144552981327,0.9039825606517029,0.9251090083155455,0.9227150661971701,0.9362456943690349,0.9675591368764067,0.9594101849401601,0.9751910379124881,0.9926576224180585,0.9982522182750793,0.9823635494290388,0.8771378467726851,0.9610854286276961,0.9640402523885963,0.8947692331144514,0.941467276381333,0.7877259137311909,0.9673847887170083,0.9690033562225546,0.9404006431802039,0.9701343557301773,0.8237261571040233,0.9517441295565183,0.941467276381333,0.963200230518242,0.9505912604680007,0.9463466002520928,0.965625,0.9582144552981327,0.9493347822888891,0.9443732211437313,0.973294545912476,0.9568599156354454,0.8639461643560564,0.9542468650366518,0.9568599156354454,0.9667798280829099,0.9861029598450541,0.9582144552981327,0.9732924283946004,0.9806215235201541,0.9582144552981327,0.9914826481470903,0.9610854286276961,0.965625,0.955217505042218,0.964040252388596,0.9596053879391779,0.9568599156354454,0.9983623547769701,0.92061363922904,0.9470055188469617,0.940759768455304,0.9582144552981327,0.9806215235201541,0.8714717093867045,0.99148264814709,0.96554646064133,0.9305571523023597,0.965625,0.8783265321561908,0.9481608601832736,0.9673847887170086,0.9868438546677248,0.9582144552981327,0.9302869180633686,0.9023570839226296,0.9491799890127761,0.8674107520354717,0.9505286850464205,0.0,0.942546448360206,0.9610366993022685,0.9236430180495621,0.8700853537305535,0.9582144552981327,0.963200230518242,0.9852375043955974,0.967275815149292,0.9376067896608848,0.9732924283946004,0.914140693055771,0.9598760745814003,0.9555383641697377,0.9295271163722949,0.9915383478959421,0.9582144552981327,0.9582144552981327,0.979958676545309,0.8579085866471168,0.894769233114451,0.921119240944918,0.8727426055411927,0.9112990802027559,0.9888905370951696,0.9371324044276088,0.9936745866415235,0.9480875561703543,0.9582144552981327,0.9906286789501817,0.9507165296704019,0.9690033562225548,0.9664668509189611,0.965625,0.9664668509189611,0.9582144552981327,0.9582144552981327,0.9488746411581803,0.963200230518242,0.9893005877615262,0.9493347822888891,0.9941465190705734,0.9172347260035336,0.9438962066300457,0.992202279970581,0.9344686952739127,0.9764449697232962,0.9582144552981327,0.9814510646731802,0.9188823276369171,0.8783265321561903,0.9403409090909088,0.9256077995825025,0.8845481915056583,0.9264564493231808,0.9845214236147153,0.9596053879391779,0.9966012441338499,0.9582144552981327,0.9271847252697738,0.9631988949207005,0.9172347260035336,0.8684466411726357,0.9958353680216763,0.9517441295565185,0.9840739333532936,0.8617997030267445,0.964040252388596,0.8918783860608352,0.9624618611870088,0.9732924283946004,0.9342541377090323,0.9910578376517607,0.9436389526644002,0.9490201150415456,0.9625131050152524,0.9568599156354454,0.8979178384019251,0.941467276381333,0.8650564954973856,0.9023570839226293,0.9690033562225546,0.8650564954973856,0.9690033562225546,0.9273614004407346,0.9662757781656686,0.9877180384539761,0.9145417437978425,0.9582144552981327,0.9672758151492922,0.9493347822888891,0.9493347822888889,0.8916641869793293,0.9529828655437629,0.9568599156354454,0.9998226281102465,0.9127606676606757,0.9596053879391779,0.9443732211437315,0.9845214236147153,0.8893582784066547,0.9382147673560626,0.9582144552981327,0.8730099998288605,0.9582144552981327,0.9284351619806999,0.9672758151492922,0.932094827181063,0.9458674971126175,0.969925811697351,0.9582144552981327,0.9074031733450509,0.9552047908760305,0.9288327934067979,0.9084530093995202,0.9271847252697738,0.9147226721121788,0.9625131050152524,0.9576948646187342,0.9105050913754529,0.8402819095372955,0.9247111621301727,0.9892083965651994,0.9852292255208502,0.9690033562225546,0.9892083965651994,0.8846149163346161,0.9487953198046517,0.9382239240989046,0.974278546864024,0.987405892261038,0.9810801098972948,0.8846149163346169,0.9568599156354454,0.8700853537305535,0.9990875851642478,0.9588782372193381,0.984824787646158,0.9994885375488445,0.9582144552981327,0.9611195340498857,0.963592970627815,0.9910578376517607,0.9582144552981327,0.9754081792009579,0.9762777185243532,0.965625,0.9892083965651993,0.9568599156354454,0.9822746502329287,0.9957912204911727,0.9506375116316126,0.8824024370934049,0.9728647695971406,0.9470055188469617,0.982384999099721,0.9582144552981327,0.9982522182750793,0.9582144552981327,0.965625,0.9608008482337906,0.9048529663349028,0.9690033562225548,0.9465829649206577,0.9927073567684068,0.9217916370027819,0.8993178757827877,0.9582144552981327,0.8564736530148129,0.9566065918582343,0.8666320820952822,0.9945610690582234,0.9302869180633688,0.950716529670402,0.9383021271292231,0.9372689456075765,0.982971410509272,0.9118739328932484,0.9327938339181783,0.982971410509272,0.9910578376517607,0.9625131050152524,0.9474427791084492,0.982971410509272,0.9690033562225548,0.9436389526644005,0.9593605721085061,0.8856848936483536,0.9667798280829099,0.9372689456075765,0.866182938666506,0.9109895373928905,0.9814510646731802,0.9892083965651994,0.9293199127017768,0.942546448360206,0.9667798280829099,0.9843798933538865,0.9479393131642719,0.9910578376517607,0.9650079910895764,0.8629094882524138,0.9770515787970702,0.9728647695971406,0.9382239240989046,0.9596053879391779,0.9610366993022685,0.9890302829209388,0.9559837914106136,0.9404006431802039,0.9982522182750793,0.9637550377043786,0.9625131050152524,0.9640402523885963,0.9456466584549025,0.939345818232489,0.9945424935407444,0.932241742150131,0.949179989012776,0.9893232687360964,0.9868438546677247,0.9372689456075765,0.9582144552981327,0.9720303595848359,0.97956440271576,0.9784926679114252,0.918138754358939,0.9492695548843346,0.8556161648936055,0.9081517461023692,0.9777034239720852,0.9436389526644002,0.9732924283946004,0.9465829649206576,0.9922022799705809,0.9728761310858696,0.9713243807559524,0.9505286850464207,0.9799677102506716,0.9568599156354454,0.9865326188966024,0.9923557552405138,0.9610366993022685,0.9596053879391779,0.906597867618917,0.9404006431802034,0.8714717093867046,0.9487953198046516,0.963592970627815,0.9957918361207541,0.8958070756300922,0.9701343557301771,0.9620452549083616,0.9914826481470901,0.9199574485923752,0.955217505042218,0.8841024249642826,0.9914826481470903,0.9640402523885963,0.9118739328932484,0.932094827181063,0.9593605721085062,0.9672758151492922,0.9474427791084492,0.9403409090909087,0.988947390437986,0.9457879562525048
p259_E,0.9969520315268063,0.9053080462980071,0.8512300448035053,0.7590647512777454,0.97998139075904,0.7232987552930361,0.8159079382874971,0.8293428652116537,0.8677481975092114,0.945305581259918,0.9968895860490864,0.9278966962971924,0.9278966962971924,0.8285632848961031,0.6552618541185872,0.8424305171733326,0.8467810416531495,0.9057994954598185,0.9978387378693494,0.8049861069750196,0.940693992967143,0.748497255363296,0.88638131447246,0.9647682499737457,0.7982071677784179,0.9057994954598185,0.8927189720995333,0.885110846748371,0.8049861069750195,0.731923429903606,0.9325461471620269,0.9373453016197317,0.9214166876382093,0.8434397844184096,0.97998139075904,0.7593794827875705,0.9324854129452831,0.9662633710722657,0.9481929520311925,0.9795615437314458,0.7651393254994574,0.9076492093936457,0.9861053894336533,0.9120445952292815,0.892718972099533,0.7723781563530422,0.9348776724743586,0.8631790748003907,0.4535282027860247,0.8512300448035053,0.9373453016197317,0.9783258838517443,0.9441989622120355,0.9193462939797008,0.9662633710722657,0.939390260195641,0.46508250046505384,0.930160641445072,0.8563737393677353,0.925687886831601,0.8708278127936302,0.8313406383058033,0.7486053037702296,0.8616681034607223,0.4312737214272475,0.9790241549269092,0.732595730255035,0.8961322227985651,0.9531150679749046,0.9978387378693494,0.7650393274022862,0.9039735099337751,0.9701978599269917,0.7617041847450774,0.930160641445072,0.8438899131338644,0.915319368665986,0.7824006240173303,0.7570572912227629,0.9861053894336532,0.9968895860490863,0.812448771190768,0.9347829309054405,0.9057994954598185,0.930160641445072,0.9143869606810531,0.7905201773596359,0.7745780568529603,0.881927637781732,0.9278966962971924,0.930160641445072,0.46408064526824355,0.6531954489295632,0.8474387831237264,0.8986240534007519,0.8631790748003907,0.5294040975885741,0.8453519108162275,0.7742741127852304,0.7945487278081083,0.61396431029988,0.5872912593017843,0.9799813907590402,0.6264373009990567,0.9550566540378436,0.942546448360206,0.8545007951639467,0.7857980389442638,0.9133573033767912,0.7647776604185779,0.5130557665385654,0.9076492093936457,0.7779554067479175,0.4140147737763876,0.9348776724743586,0.7448345452083962,0.8176352164368612,0.942546448360206,0.9481929520311922,0.8285391598107978,0.9438276072152072,0.46992091832042926,0.9630274699754413,0.8891213824756008,0.9441989622120353,0.7066057887820232,0.9324854129452831,0.9527845216655546,0.8300526594266476,0.8834832246395514,0.825054143773712,0.9348776724743584,0.8976252143176511,0.9481929520311925,0.2955258762965469,0.9476219630869853,0.8593655440582149,0.9526350423385238,0.9373453016197315,0.925687886831601,0.8799836876763443,0.945305581259918,0.7586113066985587,0.7289983732370735,0.6197628486421991,0.8770810709357257,0.9353881090748282,0.7828637719794274,0.9039735099337753,0.6892059529765253,0.7425590290337527,0.8708278127936304,0.8212905093630108,0.8366151086510358,0.8976252143176513,0.9039735099337756,0.3904841144024922,0.9139704635473276,0.8270134485526379,0.5492649834557651,0.7461974101850828,0.9879700133881204,0.9713213412121521,0.771178284401794,0.8869641315110044,0.3936625894771789,0.8570520663595731,0.9086749297455423,0.8986240534007519,0.8331098744594563,0.8980618185144618,0.9278966962971924,0.902169807736934,0.7623934790499325,0.8224366852123799,0.7082685460280576,0.6997646690171253,0.8716759040414968,0.5673426521599287,0.9768606767794918,0.8786664463981002,0.8468167119003356,0.8745074775108261,0.9278966962971924,0.8300652029984741,0.6626226304851723,0.8996291866616861,0.8938342322827075,0.9193462939797008,0.9655471735397518,0.9256878868316012,0.9269440685361907,0.953263816529867,0.8394899548900008,0.9610938099054707,0.930160641445072,0.9324854129452831,0.9256878868316014,0.8920984402161447,0.9343708029079997,0.8786176172006352,0.9278966962971924,0.930160641445072,0.9420624076429491,0.9891267388796452,0.945305581259918,0.930160641445072,0.8379276408825636,0.9159197701772372,0.8704840658629895,0.8270134485526377,0.5936097547769394,0.34595137087432914,0.930160641445072,0.8254879058389587,0.9301606414450722,0.9112869601026542,0.8913118399886728,0.8860980876915697,0.930160641445072,0.8078843400694917,0.930160641445072,0.9045076800931511,0.9937656295344353,0.8526249482427384,0.9430000944355513,0.5872912593017843,0.7281488451023699,0.925687886831601,0.9518647719377948,0.9153193686659862,0.5273988731274342,0.735886906792738,0.8769594683495257,0.9373453016197315,0.8903752243099391,0.8769755445526377,0.8662187967802519,0.9715272736710775,0.8834832246395514,0.8834832246395514,0.9235293061149326,0.4963689400322081,0.9728091693196088,0.930160641445072,0.9249476804218122,0.930160641445072,0.6768780293229666,0.9807928612526091,0.9373453016197315,0.9737394147108267,0.7495224157130861,0.9324854129452831,0.8818669950401858,0.9133573033767912,0.5685324500331959,0.8681962088300327,0.8091858387065824,0.9348776724743586,0.5301587202395045,0.8236124075183946,0.7858276474562267,0.9278966962971924,0.9970639700164783,0.6583276532212848,0.9481929520311925,0.8155751613542839,0.7708702022977243,0.9076492093936457,0.8221709206355943,0.4670823542976916,0.9373453016197317,0.837880800389202,0.7643064205418848,0.9418845512095328,0.942546448360206,0.7647776604185776,0.893408725409823,0.45498548864265564,0.8938342322827075,0.942546448360206,0.8193842395832205,0.7661961693528556,0.9457697991278943,0.9688293585413835,0.5505691504226697,0.9348776724743584,0.888402744132657,0.7346965719236449,0.925687886831601,0.9348776724743586,0.9879700133881204,0.6963182742469955,0.6997646690171255,0.7230219946758532,0.8239623708568522,0.8424305171733326,0.991441388425579,0.8786091103284602,0.521811116101278,0.6424982872802014,0.8387057007283609,0.9923551296406039,0.7280707215884725,0.9171653119248926,0.9058453047843558,0.982644439369719,0.8851108467483708,0.7090858635681918,0.8755049702528588,0.8672792553523236,0.6570148271331187,0.7494909660455034,0.8187739216664083,0.5259872188627386,0.804986106975019,0.8677481975092118,0.7425590290337536,0.7764004165561761,0.915919770177237,0.9082619083647379,0.9348776724743584,0.930160641445072,0.9373453016197317,0.928230110474286,0.47980903650471174,0.942546448360206,0.9970639700164783,0.8784627882818802,0.930160641445072,0.9545623789260471,0.942546448360206,0.9861053894336533,0.8770810709357255,0.714771696591586,0.21667663361057898,0.9373453016197315,0.7708702022977243,0.7470806818920752,0.7982071677784179,0.9214166876382093,0.6288207363876019,0.9348776724743586,0.9219224280637739,0.8026922256129296,0.9193462939797008,0.8770810709357255,0.9861053894336533,0.7204746119451819,0.4747232611761244,0.7375118896297232,0.9386569025459167,0.9278966962971924,0.8680031172917524,0.6021610268793223,0.7563259893357812,0.7363351033903187,0.6803209934620364,0.930160641445072,0.7990302904713598,0.9198942322161898,0.43169540410398566,0.9475307221016044,0.945305581259918,0.8102074567339503,0.930160641445072,0.930160641445072,0.9039735099337751,0.8677481975092116,0.5518203156003718,0.9301606414450722,0.6177048731512209,0.3225281188454072,0.3420735495675933,0.8586624125474207,0.8823357814475894,0.930160641445072,0.47129798407298007,0.9993652126586656,0.7844514113273959,0.8306553169629207,0.930160641445072,0.8625156829022365,0.26253048697273385,0.7142865765311992,0.7607318551611872,0.9303499958905475,0.5629584294956489,0.9348776724743584,0.741094308819201,0.930160641445072,0.6984031193986369,0.902203170779097,0.8062915690984296,0.8335947664755627,0.9324854129452833,0.7422680436176833,0.8543498951915077,0.930160641445072,0.8571671175052393,0.7745780568529604,0.930160641445072,0.9992556488110439,0.9110901111330123,0.8306048913955286,0.6872903499514127,0.7280707215884723,0.930160641445072,0.9103632429051898,0.9667765397581713,0.9970639700164783,0.7384621920006146,0.8180634316520854,0.87237876929314,0.8739376826205691,0.6649965984293507,0.9348776724743586,0.8601626471580306,0.8438899131338642,0.9672582712673323,0.7975726767650844,0.47161261983610947,0.8469234123385456,0.9114262935403583,0.9373453016197317,0.7102058370180127,0.930160641445072,0.942546448360206,0.8730588415851275,0.9092814106943903,0.9602126215445626,0.9370632386318549,0.925687886831601,0.9810929862656985,0.9838585814857688,0.925687886831601,0.9539917936427349,0.9301606414450718,0.963182708910274,0.9363077009453733,0.42190135016704167,0.942546448360206,0.7887795529709356,0.945305581259918,0.919346293979701,0.7650658792801502,0.7910065895958045,0.9573422906623257,0.4928507172686889,0.973992702310172,0.885110846748371,0.9333927619948952,0.9466889433536756,0.9153193686659862,0.8955832386010321,0.799660622956831,0.8884027441326567,0.6216037212533727,0.8816399835277962,0.9095242312718104,0.890375224309939,0.9173148291382112,0.8968796530895524,0.5863735674758885,0.7727851893363367,0.8920018824806506,0.9694672365613162,0.7444270925753018,0.49696484360192916,0.9281918474396418,0.9095242312718104,0.9518647719377948,0.682662784958895,0.9602126215445623,0.8426554800261766,0.9095242312718104,0.7597147744459036,0.6831214510808628,0.7465682820430695,0.8233538596579564,0.936866320340772,0.8812431992605019,0.9190823451591557,0.942546448360206,0.7158164380211499,0.8786176172006352,0.939897739160851,0.9837570507471834,0.9235293061149326,0.8008431112067667,0.9526350423385235,0.942546448360206,0.8177883943306522,0.665851712184192,0.8654743208692396,0.926872917137112,0.8784627882818803,0.7790644167304985,0.9027254843534638,0.9235293061149328,0.7289983732370737,0.930160641445072,0.939897739160851,0.930160641445072,0.930160641445072,0.7507878712472869,0.9114262935403585,0.37416420938277384,0.930160641445072,0.7379667423202653,0.7768964388915278,0.9159197701772371,0.6889909708153219,0.8884162571534373,0.9707524705621569,0.5994889632479783,0.8662187967802519,0.7798870083823579,0.921416687638209,0.8438899131338642,0.939897739160851,0.8867504707956384,0.8230061720725881,0.8019398001857567,0.5681229358233313,0.921416687638209,0.9728091693196088,0.7185287162514711,0.7171048757053848,0.6649965984293508,0.9348776724743586,0.38491742439000776,0.9153193686659862,0.9466889433536754,0.9114262935403583,0.814800604659665,0.9303499958905475,0.8708278127936304,0.9114262935403583,0.923980167630279,0.9348776724743586,0.9153193686659862,0.9647682499737457,0.9460739320544691,0.8033919351330518,0.6542742200625049,0.9373453016197317,0.7005562830556396,0.923529306114933,0.8676114178354748,0.47529006469012736,0.9763068251524243,0.7356585862867184,0.8986240534007519,0.9481929520311925,0.6834999492976279,0.8347000573825087,0.8662187967802517,0.7956907020954315,0.7064743333669571,0.87237876929314,0.8901302623893292,0.930160641445072,0.9373453016197317,0.9178938723744823,0.9301606414450718,0.6403525432840238,0.915319368665986,0.9728091693196088,0.9709418084101293,0.6309273002575333,0.9518647719377948,0.7313982749191235,0.9453055812599183,0.6616678205445088,0.9173148291382112,0.8164046358495622,0.925687886831601,0.8095032117574513,0.8433939534005064,0.8245878655212752,0.5344217736533479,0.916744477980671,0.8609382465769508,0.761417950676623,0.8120757404207612,0.9219224280637732,0.7901008342696876,0.7121518847635102,0.8968796530895526,0.6801319510924876,0.5097716389336269,0.9324854129452833,0.8687281733447625,0.9543121222425925,0.8527082022594994,0.9278966962971924,0.7863865826147389,0.8329830381419103,0.7890004138281902,0.8850129296872675,0.9348776724743584,0.6823806307371936,0.9181909994949611,0.9076492093936457,0.922972598049228,0.6751224180407545,0.9133573033767912,0.8601626471580309,0.9173148291382112,0.9278966962971924,0.9923551296406039,0.7232987552930363,0.930160641445072,0.8884027441326567,0.7480758908511875,0.7563259893357812,0.8047253362578325,0.9301606414450722,0.8395187517114717,0.6242327182620592,0.8708278127936304,0.5158198836134903,0.8677481975092114,0.8748942312251944,0.8366151086510358,0.6737726822046561,0.842879704894314,0.587576204535328,0.7946511399266383,0.9586354939237813,0.939897739160851,0.9575945522950661,0.4650825004650536,0.852752963870594,0.2731665913806136,0.9481929520311922,0.9370632386318549,0.9256878868316014,0.9481929520311925,0.919346293979701,0.9021698077369342,0.6214526147292149,0.7851306164984646,0.8409735269221552,0.9425464483602057,0.930160641445072,0.9153193686659862,0.7029541149985303,0.7496245029951334,0.9278966962971924,0.9373453016197317,0.9694672365613162,0.9278966962971924,0.9278966962971924,0.8884027441326569,0.930160641445072,0.9235293061149326,0.9027254843534638,0.930160641445072,0.89188505620146,0.551404809849358,0.942546448360206,0.9348776724743586,0.939897739160851,0.9324854129452833,0.9278966962971924,0.7004740174209099,0.8048424841938351,0.9114262935403585,0.7813770585443967,0.930160641445072,0.5510336445607096,0.6934759411293078,0.9095242312718104,0.7161768939012274,0.666855123110264,0.87860911032846,0.7079024072713178,0.9545623789260471,0.9483563157149228,0.9133573033767912,0.9301606414450718,0.9159197701772372,0.9023243805882409,0.7107889121132288,0.8235608400569419,0.9968895860490864,0.942546448360206,0.0,0.9348776724743586,0.8723787692931402,0.7828637719794271,0.930160641445072,0.6712733640431822,0.8640981341508669,0.945305581259918,0.682262947911736,0.892718972099533,0.9602126215445623,0.7806525915213935,0.925687886831601,0.7341352510071133,0.7252504185499435,0.930160641445072,0.930160641445072,0.8818669950401858,0.6531954489295633,0.8988656686535054,0.9275340230446298,0.7873050390084446,0.6872903499514127,0.9383218644177964,0.7247127539531704,0.31155611140576156,0.7863087827580384,0.930160641445072,0.8920984402161447,0.9373453016197317,0.9481929520311925,0.6754635976015932,0.942546448360206,0.7901008342696874,0.930160641445072,0.930160641445072,0.7532946593597494,0.9203771106130235,0.8285488503524965,0.9153193686659862,0.7005562830556392,0.9660891714439764,0.9003870625528829,0.890375224309939,0.8171753925161553,0.6019919840776788,0.9301606414450722,0.3704762279936711,0.7492065571164641,0.9838585814857688,0.942546448360206,0.8970782185921151,0.8012865403373326,0.9394353475951509,0.3177992551111284,0.9324854129452831,0.8538388368985184,0.930160641445072,0.7617041847450774,0.5829493464755391,0.8616681034607223,0.4760673236809264,0.8392379483976138,0.919346293979701,0.8692844153563803,0.5924034462621109,0.9970639700164783,0.8192881242230787,0.8346469999931956,0.9694672365613162,0.945305581259918,0.9281918474396416,0.9441989622120353,0.7428216675369568,0.9373453016197315,0.9278966962971924,0.8293823202072206,0.9393902601956408,0.9483563157149231,0.9260693029293159,0.9481929520311925,0.857024411058961,0.9481929520311925,0.9481929520311925,0.5758568086249223,0.8900683556162929,0.8571671175052396,0.9301606414450718,0.9922673407988162,0.6644514113706173,0.915319368665986,0.6282831561821731,0.9214166876382093,0.9278966962971924,0.9766107126543475,0.8541902695104422,0.9324854129452831,0.7625699775461183,0.8867504707956384,0.8230786677459694,0.7910065895958045,0.930160641445072,0.4640806452682439,0.9301606414450718,0.7752212150536184,0.945305581259918,0.9076492093936457,0.9095242312718106,0.6800018754437985,0.930160641445072,0.7313982749191235,0.6618907255388643,0.9095242312718106,0.7330510092157585,0.7617041847450774,0.7428216675369567,0.9373453016197317,0.755498062897018,0.9018171276359737,0.9923616943209206,0.6684233990250252,0.9268197928698959,0.6002988071239433,0.9481929520311925,0.6841889224852777,0.8705563612990556,0.8886639795414619,0.8692623886732129,0.778393506769121,0.8662187967802519,0.6963322432650536,0.930160641445072,0.9278966962971924,0.7828637719794271,0.5685532018045387,0.8571671175052396,0.7356585862867184,0.7239967271933636,0.930160641445072,0.7306071484122401,0.7782187932280664,0.9629411142488209,0.930160641445072,0.7798870083823577,0.9662633710722657,0.942546448360206,0.9518647719377948,0.9278966962971924,0.9954218228230154,0.9441989622120355,0.9152658504745881,0.8372870250521197,0.5750136842564302,0.9518647719377948,0.6701022769784419,0.930160641445072,0.9003870625528827,0.930160641445072,0.942546448360206,0.6256128504387235,0.8409735269221552,0.9481929520311925,0.9347829309054405,0.9436085356550807,0.8692844153563803,0.550569150422669,0.930160641445072,0.8139730754420306,0.7758753127430558,0.8642692410030628,0.42545695953343365,0.8834832246395519,0.9373453016197315,0.8968796530895524,0.8951528182413433,0.9178938723744823,0.8527082022594994,0.6810657669964666,0.9178938723744823,0.8934425806304627,0.9373453016197315,0.868878538885111,0.9178938723744823,0.9481929520311925,0.4414095697524949,0.9324854129452833,0.6815050920146568,0.8784627882818797,0.8951528182413433,0.574139916158693,0.8786176172006352,0.9483563157149231,0.9114262935403583,0.8818669950401858,0.9039735099337753,0.9278966962971924,0.9573422906623259,0.9366804116117318,0.9328110853236411,0.7273670127525249,0.9720425180522423,0.8786664463981002,0.9963929344256806,0.9448504224708836,0.9324854129452831,0.9348776724743586,0.931335573118169,0.8684360477766639,0.9003870625528829,0.9370632386318549,0.9499371710476523,0.9373453016197317,0.939897739160851,0.9518339725119342,0.8986240534007521,0.8180977767378782,0.9475307221016045,0.8177883943306521,0.9376007728795193,0.9630274699754413,0.8951528182413433,0.9301606414450718,0.932808934423685,0.7848451608295746,0.9756106192011327,0.8920984402161445,0.9088987956736216,0.7171048757053845,0.8099201004872921,0.9935817800704909,0.9057994954598185,0.5252155285284645,0.9205815590758042,0.9947962922931933,0.9478871906418755,0.8805070612673889,0.9173148291382112,0.9685954172067621,0.9278966962971924,0.8203084347981155,0.9972117617816114,0.42801423656049853,0.9838585814857688,0.8438899131338644,0.9003870625528827,0.9879700133881206,0.7123173670905056,0.8361760619708303,0.9146954770226712,0.6030992882883232,0.8858269832163685,0.8139730754420309,0.9889605162825024,0.7520434595496039,0.7996606229568314,0.8062915690984296,0.8918850562014599,0.939897739160851,0.8527082022594994,0.9466889433536756,0.656529238730832,0.945305581259918,0.9988813525559972,0.942546448360206,0.9477117257709824,0.939897739160851
p259_M,0.8388429655759457,0.9453030402757783,0.639208681455397,0.9765510393593577,0.9526370111116407,0.9648659912110238,0.8705544178695597,0.8400240699667674,0.910310736217455,0.9629078616894173,0.39319229787439447,0.9511016704226434,0.9511016704226434,0.9277359074596556,0.9604370865528187,0.8931410336709438,0.9481398354780852,0.9361160018916064,0.9610366993022688,0.9629078616894176,0.8951222364985463,0.4080645809418807,0.939931930051314,0.9542136024350836,0.42203304800755903,0.9361160018916064,0.987327403406299,0.9220855717829912,0.9629078616894176,0.8205034403032454,0.9300668284196516,0.9652137684610215,0.9467071200650465,0.9243180392978652,0.9526370111116407,0.955217505042218,0.17976939219420307,0.9467071200650465,0.9648659912110238,0.9348776724743586,0.9465146323386673,0.9373704232137268,0.9648659912110238,0.9187969445925779,0.9873274034062992,0.8900920075447281,0.14916629112212654,0.9072120922355345,0.481106577474263,0.8991086132420372,0.957509435301382,0.9247654558966603,0.9361160018916064,0.9453030402757783,0.9467071200650463,0.9336544549523982,0.9336544549523982,0.9526370111116405,0.7864057866094467,0.25605493087592635,0.9123992402861412,0.8425509890153137,0.9361160018916066,0.9061873961293254,0.9592404230051592,0.836297322381335,0.9652137684610216,0.8987613725012114,0.8543028581013088,0.9610366993022688,0.9265867198367661,0.9348776724743586,0.9773757151292215,0.8383948208633007,0.9526370111116405,0.6575615183751081,0.998394872319517,0.9439253608596803,0.762858889739775,0.9648659912110238,0.9439253608596803,0.9386420076357269,0.9312498291554212,0.9361160018916064,0.9526370111116405,0.9231975163531971,0.998394872319517,0.8481713308694638,0.6313045027007684,0.9511016704226434,0.9526370111116405,0.9375821720172512,0.8425509890153138,0.8976747065462736,0.9820451562749646,0.9072120922355345,0.9731294478403805,0.6916094335135825,0.8320602288053403,0.8309916996778286,0.9617723288059055,0.9558359621451105,0.9526370111116409,0.9342272501200428,0.7033362762738924,0.11775954848708015,0.617613358319171,0.8412006503024139,0.9412414838519025,0.8404791612293154,0.955348355253983,0.9922127245794843,0.8808482728335028,0.6070912069531369,0.14916629112212654,0.8580353179335032,0.9453030402757783,0.9610366993022685,0.9648659912110238,0.8676499406085267,0.9919066722185295,0.8931410336709438,0.9991256173192244,0.9300668284196518,0.9361160018916066,0.8020674121309701,0.17976939219420296,0.9042162740830946,0.9808926695348984,0.9209817665727265,0.881356890785397,0.9558359621451105,0.957509435301382,0.9648659912110238,0.9481398354780852,0.9201023553084944,0.8872325694620833,0.957509435301382,0.19244580608505335,0.9496037211238537,0.8182087630929487,0.160128011110376,0.836297322381335,0.880379147867171,0.9326920846792619,0.9166400151447351,0.9388267942128117,0.852744627559685,0.9348776724743586,0.8641655417688416,0.9629078616894176,0.9123992402861405,0.7042792707118314,0.8891971954839692,0.9652137684610215,0.9348776724743588,0.9413455330691154,0.9198856874256713,0.7683200278016402,0.8931410336709438,0.8504636644420462,0.9558359621451105,0.9386420076357269,0.8458639564984103,0.6585158886812212,0.9220855717829912,0.8705954752723888,0.6502130055679127,0.9312498291554214,0.9201023553084948,0.9277359074596558,0.3008360691103116,0.9336544549523982,0.8527446275596853,0.7746021087667416,0.922109475719312,0.9610366993022685,0.9141734198710234,0.9254476077793647,0.8941307528793183,0.9177151699279686,0.933902137070163,0.9859410630732461,0.9511016704226434,0.8686326671635054,0.675959488231429,0.8676499406085267,0.9082407355488129,0.9453030402757782,0.9783400888843532,0.9842011665427951,0.9518893725088031,0.7953903888115903,0.834071026591791,0.9969352503890194,0.9526370111116405,0.9542136024350836,0.9496037211238535,0.9072120922355345,0.7750373348049937,0.8991086132420372,0.9808926695348984,0.9526370111116405,0.6741287003859457,0.8039765114147406,0.9629078616894173,0.9526370111116405,0.907411648617012,0.9209817665727265,0.9314897302747827,0.8998492893872089,0.9113525537588968,0.9511016704226434,0.9526370111116405,0.8987613725012116,0.9526370111116405,0.8398896489883634,0.9131632661895819,0.846659656662168,0.9526370111116405,0.6587133413777286,0.9526370111116405,0.8182873563847913,0.9560815611946234,0.9220855717829912,0.6893705290986212,0.9558359621451105,0.8166739329437203,0.9496037211238537,0.43518851942535797,0.9425720985427191,0.9123992402861407,0.8364667308502771,0.9243180392978652,0.9575094353013818,0.9465146323386673,0.8981086621953585,0.9092735418441045,0.9439067604692684,0.5322230711047464,0.9209817665727265,0.9481398354780852,0.9674484241224515,0.9496037211238535,0.9526370111116405,0.9092735418441047,0.9526370111116405,0.8831868126216347,0.9665480300996039,0.957509435301382,0.9839674685144806,0.8166739329437201,0.9542136024350836,0.9198856874256711,0.3641489145402368,0.9001110559421439,0.9439253608596805,0.8705954752723888,0.9558359621451105,0.950210721158117,0.8803791478671712,0.8547546403115025,0.9511016704226434,0.9592404230051592,0.8716488174471997,0.9648659912110238,0.8446109430683049,0.7785848236394517,0.9373704232137268,0.8794015740660157,0.9540519331027986,0.9575094353013822,0.8911735721146647,0.7965069792215318,0.8767243319497853,0.11775954848708015,0.8404791612293152,0.9198856874256713,0.9386420076357269,0.9901068178489287,0.11775954848708015,0.8617298618427947,0.857258806876982,0.9592404230051592,0.9051664401581994,0.9277359074596556,0.9558359621451105,0.9243180392978654,0.8200790560505895,0.3222500432092781,0.9558359621451105,0.969580892293826,0.7950937914413703,0.9610366993022685,0.8253049072689458,0.8976747065462738,0.6610146236200114,0.8547546403115025,0.955217505042218,0.9526370111116407,0.9348776724743586,0.9496037211238535,0.9575094353013822,0.8458639564984105,0.945204588509776,0.9558359621451105,0.9348776724743586,0.9220855717829912,0.8048222124436132,0.9155711502428496,0.9291067501802863,0.881438146000566,0.8020674121309702,0.878184907373238,0.9164201668122128,0.9629078616894176,0.9518893725088031,0.9629078616894176,0.5577157597313234,0.9209817665727265,0.9589654814068509,0.9558359621451105,0.9526370111116405,0.9575094353013818,0.9505241704836671,0.9361160018916066,0.11775954848708015,0.9592404230051592,0.9511016704226434,0.9526370111116405,0.4220330480075587,0.9610366993022685,0.9648659912110238,0.5139980565501778,0.731943683951616,0.994437324868074,0.9652137684610216,0.8446109430683049,0.7854849641560682,0.9991256173192249,0.9467071200650465,0.8836034327136277,0.9558359621451105,0.9243180392978652,0.8093792712193066,0.945303040275778,0.9166400151447351,0.9648659912110238,0.8415151311457132,0.9243180392978652,0.7929984735168571,0.3419997922501381,0.9511016704226434,0.9748006002614298,0.8931410336709438,0.8504636644420462,0.8211902596649285,0.7694243902747528,0.9526370111116405,0.863708282603777,0.9231975163531971,0.9254476077793647,0.47152576728747697,0.9629078616894173,0.8557565635983042,0.9526370111116405,0.9526370111116405,0.9348776724743586,0.9103107362174554,0.9354261958407397,0.9526370111116405,0.9629078616894176,0.9526370111116409,0.9277359074596556,0.6585158886812215,0.834071026591791,0.9073884413700835,0.928895740061739,0.9425720985427191,0.7489933234855091,0.7834252014543854,0.9526370111116405,0.6741869914826217,0.9681385641755447,0.8217667418575592,0.794245879311188,0.3788833764216616,0.8784240722117911,0.9558359621451105,0.8400240699667674,0.9526370111116405,0.7965069792215317,0.9361160018916066,0.7306061607730862,0.8415165991231524,0.9542136024350834,0.7507844886154756,0.9467071200650465,0.9526370111116405,0.9031349604797554,0.8481713308694636,0.9526370111116405,0.928895740061739,0.808688653312315,0.732026101397933,0.7742042751539622,0.8458639564984105,0.9526370111116405,0.794245879311188,0.8656814261022983,0.9592404230051592,0.7459780033283332,0.7742042751539622,0.9134510531460025,0.9575139843524121,0.9031349604797554,0.14916629112212654,0.9452045885097757,0.8941307528793183,0.939931930051314,0.8955045884064079,0.8823349016943813,0.6685644304688847,0.939931930051314,0.11516900984745693,0.9900588676412958,0.9526370111116405,0.9610366993022685,0.9082407355488133,0.8255892557605071,0.9355505770919705,0.5008123449120355,0.9496037211238537,0.9027950502828765,0.9542136024350834,0.9496037211238537,0.995812608116145,0.9526370111116409,0.9931163690142985,0.6804197142284534,0.9103107362174552,0.9610366993022685,0.8890106760597565,0.9629078616894176,0.9453030402757783,0.9967391619170713,0.8224931556269461,0.9425720985427191,0.9629078616894176,0.7936709921326546,0.9220855717829912,0.937582172017251,0.9922127245794843,0.9425720985427193,0.6369695431207094,0.969580892293826,0.9243180392978654,0.9061873961293256,0.686437681576959,0.9386420076357271,0.9061873961293254,0.9439253608596805,0.9300668284196516,0.9143162677112748,0.7879341691923536,0.953270131910047,0.9873274034062991,0.826678007573604,0.6047956160661221,0.9277359074596556,0.9386420076357269,0.9399319300513143,0.7710309431023977,0.995812608116145,0.7459780033283332,0.9386420076357269,0.5322230711047468,0.7705531152105065,0.9695808922938262,0.8557565635983042,0.7645217555830744,0.9231975163531971,0.972830895242649,0.9610366993022685,0.8398896489883633,0.899108613242037,0.9592404230051592,0.9220855717829912,0.9873274034062991,0.9481398354780852,0.9575094353013822,0.9610366993022685,0.9801704643354423,0.7594883020057135,0.9187969445925777,0.3008360691103116,0.9511016704226434,0.8661586408023219,0.9134510531460027,0.9481398354780852,0.9502107211581171,0.9526370111116405,0.1573927922435595,0.9526370111116405,0.9526370111116405,0.8309916996778286,0.9399319300513145,0.9243180392978652,0.9526370111116405,0.8222967889645658,0.8486977586224083,0.9665480300996038,0.961074221084093,0.7105716425687394,0.7864057866094467,0.9518893725088029,0.9092735418441042,0.8507258744656068,0.9467071200650463,0.9314897302747827,0.9592404230051594,0.9231975163531971,0.8530488725229224,0.8656814261022983,0.5187931765066538,0.9467071200650465,0.9496037211238537,0.870256089107998,0.9592404230051592,0.6625231566468313,0.14916629112212654,0.9072120922355342,0.9983948723195168,0.9373704232137268,0.939931930051314,0.8911735721146647,0.47777207406689004,0.912399240286141,0.939931930051314,0.9254476077793645,0.9558359621451105,0.9425720985427193,0.9736183137840244,0.5840323192356704,0.8998492893872088,0.8825210710884408,0.9575094353013822,0.8998492893872088,0.9481398354780854,0.8153837585530268,0.6847877535121555,0.9808926695348984,0.791743735015245,0.9312498291554214,0.9428375253830149,0.8167620273274689,0.8567565353887991,0.9092735418441047,0.7893429363023051,0.9425720985427191,0.9134510531460027,0.8901811511257474,0.9526370111116405,0.11516900984745693,0.9681385641755447,0.9526370111116409,0.9378370728938006,0.9425720985427188,0.9496037211238537,0.5100015725296021,0.8133482612876617,0.9464536062171713,0.8178422485024104,0.9629078616894176,0.8308284476433021,0.9355505770919705,0.8754910501451354,0.9496037211238537,0.9902930825832762,0.8341860124462195,0.9209817665727265,0.994437324868074,0.8140865069385359,0.888214373845492,0.8413535056044901,0.9064110103549554,0.9815062877983507,0.8738328753514071,0.759575737809846,0.9300668284196516,0.9629078616894176,0.9412414838519025,0.9542136024350834,0.7378604117312433,0.9505241704836671,0.9001110559421444,0.9511016704226434,0.7677386497295298,0.7339919640924344,0.9648659912110238,0.8872325694620833,0.9558359621451105,0.9231975163531971,0.5252785195063683,0.9922127245794843,0.9689601410010137,0.5187931765066537,0.9412414838519025,0.9051664401581994,0.9439253608596803,0.9511016704226434,0.19244580608505335,0.9428375253830147,0.9526370111116405,0.9714058757497572,0.8745128950949936,0.8456902516433886,0.9730862985612763,0.9526370111116405,0.8911663603911606,0.8362973223813353,0.9123992402861407,0.9277359074596556,0.5907456282863706,0.8991086132420374,0.889197195483969,0.8304389026021388,0.932445449857132,0.9546672453375802,0.8607384721289719,0.8981086621953582,0.1573927922435595,0.5544682858415849,0.9336544549523982,0.9558359621451105,0.9665480300996037,0.9648659912110238,0.9324454498571317,0.9496037211238535,0.9428375253830148,0.9453030402757783,0.933654454952398,0.9526370111116407,0.8846853407167914,0.6644014032156544,0.9610366993022688,0.9526370111116407,0.9425720985427191,0.8140865069385361,0.8458639564984105,0.9511016704226434,0.9575094353013822,0.948139835478085,0.9511016704226434,0.9511016704226434,0.9243180392978653,0.9526370111116405,0.9481398354780852,0.9560815611946234,0.9526370111116405,0.9386420076357269,0.9363467946367827,0.9610366993022685,0.14916629112212654,0.9592404230051594,0.9542136024350834,0.9511016704226434,0.7979107482144301,0.8676499406085267,0.939931930051314,0.8517363824474664,0.9526370111116405,0.9560815611946236,0.9558359621451105,0.9386420076357269,0.8075195577599243,0.5694230707764332,0.9610366993022685,0.9736183137840242,0.9412414838519025,0.9209817665727265,0.9991256173192244,0.2775029775378376,0.9209817665727265,0.9748006002614296,0.9300668284196516,0.7695855319202596,0.9439253608596805,0.9610366993022685,0.9348776724743586,0.0,0.9134510531460027,0.852744627559685,0.9526370111116405,0.9526370111116407,0.6709853803344821,0.9629078616894176,0.8803545486957225,0.2774670311345221,0.995812608116145,0.836297322381335,0.9496037211238537,0.8051635979868561,0.7991647789411429,0.9526370111116405,0.9526370111116405,0.9198856874256713,0.7820663749515688,0.9917747991232293,0.9100318062103334,0.8557565635983042,0.8889984146598748,0.7677317660603834,0.8435406859332621,0.9373704232137268,0.856134206206683,0.9526370111116405,0.9478374857144207,0.11516900984745693,0.9648659912110238,0.8425509890153136,0.11775954848708015,0.8425509890153136,0.9526370111116405,0.9526370111116405,0.8192336313917981,0.9773757151292214,0.796719217938705,0.4080645809418808,0.8998492893872088,0.9061873961293254,0.9839674685144804,0.650213005567913,0.8456366655300414,0.9259372921081943,0.9526370111116405,0.9209817665727265,0.8299192991696218,0.2519374759750954,0.9610366993022685,0.8941307528793181,0.8820186502619571,0.9166400151447351,0.9231975163531971,0.9542136024350834,0.6972093964344688,0.9526370111116405,0.8383948208633005,0.969757263765453,0.9465146323386673,0.6978837968928152,0.8745128950949936,0.9453030402757783,0.9113525537588967,0.774602108766742,0.9592404230051592,0.877446546739326,0.8715757257382066,0.9481398354780852,0.8616993128705424,0.9765510393593577,0.9361160018916064,0.8255892557605071,0.957509435301382,0.9511016704226434,0.7248986406633605,0.933654454952398,0.9209817665727262,0.9769855193139068,0.9648659912110238,0.9665480300996037,0.9648659912110238,0.9648659912110238,0.5957189144811472,0.9254476077793645,0.9031349604797554,0.9526370111116407,0.9629078616894176,0.4080645809418807,0.9425720985427191,0.7489933234855091,0.9467071200650465,0.9511016704226434,0.933654454952398,0.9011161501496323,0.9542136024350836,0.7840536293380751,0.969757263765453,0.8352434350141631,0.844704362209157,0.9526370111116405,0.8991086132420374,0.9773757151292214,0.8039765114147406,0.9629078616894173,0.9373704232137268,0.9386420076357267,0.7373592171107445,0.9526370111116405,0.8178422485024104,0.7560495458914248,0.9386420076357267,0.8189630840562676,0.8383948208633005,0.8255892557605071,0.11516900984745693,0.8341860124462195,0.7581686861405526,0.8189630840562678,0.7605174113429305,0.9967391619170713,0.7940709086394254,0.9648659912110236,0.939931930051314,0.9773757151292215,0.6143757796228813,0.9879700133881204,0.8497130258115502,0.9505241704836667,0.8108764367449931,0.9526370111116407,0.9511016704226434,0.852744627559685,0.9378370728938006,0.6625231566468321,0.8217667418575592,0.7993052872604913,0.9526370111116405,0.8027832026517656,0.7211764089919217,0.9277359074596556,0.9526370111116405,0.8507258744656068,0.9467071200650465,0.11775954848708015,0.9399319300513145,0.9511016704226434,0.8890106760597565,0.9361160018916066,0.579000418511317,0.933654454952398,0.9145082620913982,0.9399319300513143,0.777326388439208,0.9526370111116405,0.9324454498571317,0.9526370111116405,0.9610366993022685,0.8760112958426585,0.8921529459435535,0.9648659912110238,0.9312498291554212,0.9064206691382042,0.9113525537588969,0.5352976416436223,0.9526370111116405,0.8749227387115647,0.8639484283036893,0.748068607995692,0.9801704643354423,0.9209817665727265,0.9575094353013822,0.9300668284196516,0.928895740061739,0.9220855717829912,0.9001110559421441,0.7993052872604913,0.9220855717829912,0.9277359074596556,0.9575094353013822,0.6610146236200114,0.9220855717829912,0.9648659912110238,0.9361160018916066,0.9542136024350834,0.6238609283942582,0.9511016704226434,0.928895740061739,0.9386420076357269,0.899108613242037,0.5777893346316242,0.939931930051314,0.9198856874256713,0.9348776724743586,0.9511016704226434,0.9425720985427191,0.8244961955520123,0.5352976416436228,0.9082407355488131,0.8446109430683049,0.9177151699279686,0.9145082620913985,0.9879700133881206,0.9542136024350836,0.2237494366831898,0.9491737766988708,0.9400810957454317,0.500812344912036,0.932445449857132,0.9072120922355342,0.19244580608505346,0.07708672090253421,0.9175493208075458,0.9312498291554212,0.909720670080318,0.9231975163531971,0.4686895405908632,0.8955045884064077,0.9412414838519025,0.928895740061739,0.2775029775378376,0.8476799949376321,0.922109475719312,0.5900729478685125,0.9072120922355342,0.8597455235253666,0.9592404230051592,0.9815062877983508,0.8842921321245039,0.9361160018916064,0.987327403406299,0.5100015725296023,0.9061873961293254,0.880379147867171,0.8061458853715278,0.3931922978743946,0.8868482411505496,0.9511016704226434,0.8911663603911606,0.8959232789032516,0.9558359621451105,0.2519374759750954,0.8941307528793183,0.9324454498571313,0.9558359621451105,0.9051664401581994,0.8725553212046715,0.9303855895559969,0.9496037211238535,0.32225004320927864,0.9062630668618088,0.9386420076357271,0.9092735418441047,0.9558359621451105,0.8686326671635054,0.3918141855761116,0.1573927922435595,0.9388267942128121,0.9922127245794845,0.9542136024350834,0.9629078616894173,0.8931410336709438,0.9610366993022685,0.8617289235276302,0.1573927922435595
p259_Q,0.9525627369910081,0.7552058761701363,0.9338281133377869,0.9463035322237948,0.9071820194155724,0.983902503224694,0.9055928544620594,0.8380137851239218,0.8242345650097707,0.9273099638694315,0.9032215790146929,0.9041731885624824,0.9041731885624824,0.5556764809287646,0.9367729138604928,0.8118232793036577,0.9172018029880306,0.755200123420633,0.7891506066595859,0.872186686470417,0.9447896094995218,0.9211999702940652,0.9878359798431867,0.9102716897738727,0.9497218441301533,0.874805542571282,0.6221148235967856,0.8736330304641178,0.9223125238854551,0.7070351918185109,0.8629508839222022,0.9167305843279032,0.895561120377129,0.8785995314863118,0.9071820194155724,0.9236430180495621,0.9515217879472728,0.5642940490733332,0.931147340525424,0.3993000692590907,0.839204381444211,0.9713047430365496,0.910587171376766,0.9804936409893609,0.8434300581402194,0.8906066300569966,0.9134510531460027,0.9110453505317178,0.9027254843534638,0.8022815916598935,0.9949291060968914,0.7359760554114716,0.874805542571282,0.8928095235358375,0.8883809474030562,0.8998677823831449,0.959640125090411,0.9071820194155722,0.853432738378117,0.9012376341940858,0.8283274386785908,0.8344864653765718,0.9056384037386234,0.8622547711115847,0.9660244666247457,0.7676796102309045,0.960900739115506,0.831313602729141,0.9912884670081692,0.7412828774444442,0.5927038043836436,0.9027254843534638,0.9728072322506559,0.7720767277074487,0.9071820194155722,0.8138801832529763,0.9549422857308885,0.9032215790146934,0.7478065229556414,0.7523216832789563,0.9032215790146929,0.943539179396278,0.7282578584651431,0.998136987240644,0.9071820194155722,0.4585784393722805,0.9100884525218181,0.7817075075891775,0.895302699129374,0.9041731885624826,0.9071820194155722,0.5599835287511679,0.7900290113964535,0.8290935854737118,0.9233367877012704,0.8413829160506419,0.5498699293671336,0.8159437393068667,0.829224191835614,0.668791824458403,0.9208151894950569,0.9987120692432441,0.5727714044714182,0.7075781627668931,0.9226615565812069,0.9236430180495618,0.6335394581861024,0.8712264364031741,0.8848500287036507,0.740832748809104,0.6175358434163164,0.7779195459429328,0.8663081645472797,0.9337574438227167,0.9134510531460027,0.8979465389846558,0.9280079835652402,0.9236430180495618,0.931147340525424,0.8357678024425033,0.8784129321747909,0.6360291385917658,0.5196087134980434,0.9652185955408619,0.9710301515920157,0.8285549079460066,0.9102716897738725,0.8232723532225701,0.9430441133000049,0.9232815443360514,0.7674932670842551,0.9134510531460027,0.7740783321588798,0.9105871713767659,0.9352547073163471,0.694212029119972,0.8613822234172741,0.862418641734084,0.9167305843279032,0.9012376341940858,0.9755939775759492,0.9273099638694313,0.7145854452042733,0.7354904941469637,0.6686727799225123,0.8366381506443357,0.9591510804279209,0.7114213730823675,0.9634189144741114,0.7132904534203035,0.9774358012844695,0.8283274386785902,0.6203556395996859,0.8244517780401752,0.9065887965216862,0.8723787692931402,0.9003704018916263,0.7703389375959164,0.9094058344019365,0.8059207023162507,0.9184102024611538,0.9560815611946234,0.6737605143955594,0.8635862356973367,0.8576091094058844,0.7841661703458875,0.9001407514923851,0.9994428908841724,0.9233367877012701,0.8276609219349842,0.7230880743409208,0.9041731885624826,0.8998677823831449,0.850415665863796,0.9772312316911793,0.8539910929855242,0.9806215235201542,0.8630364988833328,0.8738064970460098,0.7590441887174585,0.8640175704156152,0.8828088005589536,0.929753953736778,0.9430441133000049,0.8570916803273887,0.5717086799166222,0.8547950538921119,0.8201779527396991,0.8928095235358376,0.715420380714474,0.9852542301053671,0.8242345650097711,0.7603400182442787,0.8394696774724157,0.8575964425433373,0.9071820194155722,0.9659780157059267,0.6447298230037258,0.9342661620254098,0.9878056575748406,0.8462633074936134,0.9041731885624826,0.9071820194155722,0.9569933869442162,0.7018574100547907,0.9273099638694315,0.9071820194155722,0.9288047413575922,0.8711916800801187,0.8779415274574112,0.8904389344569908,0.9460732466847862,0.9819150380375274,0.9071820194155722,0.9796068256601096,0.9071820194155722,0.7781371205916974,0.6779786424532884,0.6878466095273952,0.9071820194155722,0.9193578510598389,0.9071820194155722,0.9699100731353176,0.8303886925795054,0.4682885095551238,0.813860081637007,0.9987120692432441,0.8393209346891939,0.9012376341940858,0.8579556355881811,0.9211999702940652,0.8575964425433371,0.7582291298947332,0.9329979999629742,0.8182484869464818,0.8392043814442112,0.8221782642240063,0.9655943695052817,0.8696924250975736,0.9753714085919833,0.8451467479521524,0.9909735478358417,0.5935562476606447,0.901237634194086,0.9071820194155722,0.9872492590920197,0.9071820194155722,0.6521728627301604,0.6599995416164904,0.960900739115506,0.9556928279091391,0.8736447621289338,0.9659780157059267,0.8429987447247771,0.8848500287036505,0.5761339605777723,0.958999249604074,0.7848381540876626,0.9586574227081355,0.496002972549458,0.8054917561244828,0.77039296054434,0.9041731885624826,0.9660244666247457,0.8137655889677051,0.931147340525424,0.9108568124842966,0.7134295948780462,0.8772638514038553,0.8034114411854585,0.5008777164543956,0.960900739115506,0.9802919892191119,0.9575099375176465,0.6286597399948392,0.9236430180495618,0.7052006158312489,0.9461086961059253,0.943539179396278,0.618302258173891,0.9236430180495618,0.76640117178067,0.7302561574114643,0.9880738944070536,0.8599235121346396,0.7509900065762795,0.5323523422219287,0.9324288082150871,0.6995081861704358,0.9012376341940858,0.9560815611946234,0.9560815611946234,0.8155278365901615,0.8848860650898703,0.6664267497617347,0.8479439764127994,0.8542961702347789,0.7710025857999552,0.971510747264704,0.8928000666948086,0.8848475102242704,0.6447298230037262,0.7299081773712761,0.7943597796081354,0.9798804254842943,0.9586574227081355,0.8848475102242703,0.8736330304641178,0.9525207243584155,0.9089539527653856,0.9998723734680333,0.6779786424532888,0.8974242349725501,0.7535545171486773,0.4909676813482631,0.9273099638694313,0.9668285821219422,0.9273099638694315,0.8785995314863115,0.9493264764640175,0.843011136661303,0.9560815611946234,0.9071820194155722,0.9167305843279032,0.847703440998535,0.8476987069226545,0.9236430180495618,0.8962706164706526,0.862601263012383,0.9071820194155722,0.8848500287036505,0.9236430180495621,0.7523216832789551,0.9881260137273893,0.9598540442977651,0.9116474872122644,0.9167305843279034,0.8570130258644102,0.8493977219455602,0.7512080915307179,0.895561120377129,0.7076845632029245,0.9134510531460027,0.8785995314863118,0.8381997381470201,0.8928095235358375,0.886705532252414,0.9633423340760361,0.829253716216829,0.6907662546834841,0.7487931360339288,0.9909735478358417,0.9041731885624826,0.89584473820195,0.8271571477818115,0.8037122619981842,0.7017365632286066,0.7865724240620577,0.9071820194155722,0.7329070171454046,0.9642214739412927,0.8193475016382247,0.9908342652343985,0.9774358012844693,0.8276609219349842,0.9071820194155722,0.9071820194155722,0.9634189144741114,0.8955315735658567,0.5893260111425895,0.9071820194155722,0.9774358012844695,0.9471856021934963,0.9141868065994087,0.8121593651564607,0.7878650771908065,0.9728072322506561,0.7154203807144734,0.6401499290272308,0.7870389914565905,0.828888487937806,0.9071820194155722,0.8868423952220312,0.8894587239428088,0.7806442468798891,0.7684184146338304,0.6871587983611859,0.8225651910351488,0.9134510531460027,0.7653310029585534,0.9071820194155722,0.8008962593618308,0.6318686787512728,0.761646454718764,0.8465421148978247,0.9515217879472728,0.8615498729634964,0.6723230151832417,0.9071820194155722,0.8101720865063557,0.7817075075891775,0.9071820194155722,0.6588972160078974,0.9612587006820088,0.8209621133458267,0.7775135947663838,0.7251333235189339,0.9071820194155722,0.7512546204654019,0.8124056455680659,0.9880738944070537,0.8412002165826543,0.9350200113992122,0.8303886925795054,0.8324605212725524,0.6481637810247114,0.913451053146003,0.9285789674408109,0.7925264018514981,0.6956052052694248,0.7309698177855017,0.6066225156808209,0.9382133087904205,0.8822836759018076,0.9167305843279032,0.6627015399186134,0.9071820194155722,0.9236430180495621,0.8756654948384952,0.902630499901727,0.924554456758766,0.9854088830865437,0.9390736794276016,0.9018687388648456,0.8834778193591265,0.9390736794276016,0.7309976147881523,0.49276423891557075,0.8608012562583445,0.9643500960583922,0.8192803922098018,0.9236430180495621,0.7192835707968517,0.9774358012844695,0.9984049036240452,0.9878359798431867,0.9822366608649957,0.7751191907745247,0.9273099638694315,0.9279029408679007,0.9262793072625786,0.7579012500029071,0.9033074014531917,0.9549422857308889,0.9165147019879716,0.9560815611946232,0.8785995314863115,0.9763925012167985,0.8363659035994002,0.6099771300275318,0.9775067194484539,0.9376663718600011,0.8629508839222022,0.6019374320939703,0.7560179214882434,0.5507792871487025,0.9172018029880307,0.7652151283969009,0.9811151071548703,0.9184015999884356,0.9435391793962782,0.9147537619655592,0.7894020773593794,0.9589992496040742,0.9719433016855953,0.9435391793962782,0.9985836592800501,0.6881589801905346,0.8733964066108939,0.9148860517099922,0.9897121048756998,0.7247063523033392,0.8380901632125555,0.971510747264704,0.9525294575286438,0.8902450233273334,0.7126640605978503,0.9684281391405002,0.5852289511728799,0.9352547073163471,0.960900739115506,0.9236430180495618,0.6788343946459678,0.9642260734712436,0.8663852957887839,0.9430441133000049,0.9430441133000049,0.7831477765126622,0.9746760895170791,0.9721405797402527,0.675618613747587,0.9071820194155722,0.9201228276565452,0.9071820194155722,0.9071820194155722,0.7214985100854552,0.8822836759018078,0.9862580849438625,0.9071820194155722,0.6517522736887216,0.7034906615444345,0.9725387271520842,0.5381988223224623,0.8244517780401752,0.7995446321737909,0.8192803922098013,0.8222019591825749,0.707465191475404,0.9604002581429945,0.8992953088588894,0.9201228276565452,0.849488987006966,0.7316312223140587,0.7934976884069909,0.9652185955408616,0.8523712920330868,0.9769097246611171,0.843896586290988,0.9880738944070537,0.6933024587304557,0.913451053146003,0.7870841000502864,0.9211999702940652,0.7465725820653674,0.9472238480293105,0.9085145181364449,0.7154203807144736,0.8283274386785906,0.8822836759018073,0.9355870190267446,0.9134510531460027,0.9211999702940652,0.6772273284921255,0.899226376822352,0.8145713346772083,0.8927152748016025,0.9949291060968913,0.9094058344019365,0.8983688348924417,0.9228925621496877,0.9843786881291013,0.7848594135373381,0.8149655677415089,0.9233367877012701,0.7523216832789559,0.7301401062841726,0.7377195108893602,0.8222019591825744,0.7529566200073373,0.8088615062113478,0.9990429917550059,0.9852861529845798,0.9071820194155722,0.9167305843279032,0.9789255840610396,0.9471856021934963,0.8617065523574776,0.9886846011677117,0.901237634194086,0.8153591969235396,0.8794300883552572,0.5332547749506673,0.6950294665767225,0.9273099638694315,0.6537065844772729,0.9376663718600012,0.7559978886160064,0.9390736794276016,0.8955611203771285,0.9220678618045228,0.5818647452325914,0.8332189753156268,0.976869574416438,0.9257894586880826,0.8234823759003774,0.8082987724345361,0.5831077012259331,0.7987260345930505,0.9461224519679847,0.862950883922202,0.9273099638694315,0.9828074695633924,0.9102716897738727,0.7505128849493499,0.989172555206631,0.804246094096486,0.9041731885624826,0.7517843912288076,0.7441139342796688,0.983902503224694,0.8613822234172741,0.9586574227081353,0.8045447261826573,0.9421050007412697,0.8772638514038555,0.9371612421327014,0.9938570156303512,0.9497218441301533,0.9056938156720871,0.8901096639134571,0.9403431124874279,0.9167305843279032,0.963342334076036,0.9071820194155722,0.9593434465794748,0.9925211410078733,0.8037122619981842,0.5742820223031951,0.9071820194155722,0.870760680222622,0.665982629485032,0.8283274386785904,0.8862848743640492,0.8480002345284656,0.47202009708372816,0.803654905646223,0.635167544659889,0.9854088830865437,0.9542352483212059,0.7270870337056001,0.7188396023267063,0.9201228276565452,0.6119215839850415,0.959640125090411,0.9586574227081353,0.8944039307681858,0.6468113578804147,0.8676123050779094,0.6068937777702105,0.8050768459782252,0.8928095235358375,0.6817258186659928,0.9328036494727322,0.9305028536092858,0.830894845144142,0.9236430180495621,0.972807232250656,0.8874576548572419,0.6798043776840527,0.7424399375412345,0.9041731885624826,0.9167305843279034,0.9352547073163471,0.9041731885624826,0.9041731885624826,0.8785995314863115,0.9071820194155722,0.8983688348924415,0.8547555948174324,0.9071820194155722,0.5780854378435185,0.7625521864647336,0.9327537943050119,0.913451053146003,0.920122827656545,0.9102716897738727,0.9041731885624829,0.5965714822176018,0.7406315451944607,0.8822836759018076,0.7276601851075442,0.9071820194155722,0.7797408716136638,0.8733964066108938,0.9754308715802917,0.6400193034008561,0.7742375818566308,0.7891506066595853,0.9659780157059268,0.8848500287036507,0.6860444737444574,0.7181224660974788,0.9728072322506559,0.8972366122080853,0.6202620710943985,0.9938570156303512,0.8505487813223156,0.7654424076334603,0.9236430180495621,0.8723787692931402,0.9134510531460027,0.0,0.7114213730823675,0.9071820194155722,0.9471856021934963,0.9102013285153332,0.9273099638694315,0.7898632195753699,0.8983688348924415,0.6276632362522261,0.7322835002131505,0.9390736794276016,0.7042216507801509,0.6751305286507929,0.9071820194155722,0.9071820194155722,0.8429987447247773,0.9509509499222999,0.4940306554782955,0.6433844489221494,0.827660921934984,0.8300157336439933,0.8381944292939213,0.7205390604387203,0.9660013292083209,0.7280405511881385,0.9071820194155722,0.8335257230376703,0.9167305843279032,0.931147340525424,0.6827477190458895,0.9236430180495618,0.7450853884177684,0.9071820194155722,0.9071820194155722,0.8614754968216354,0.6927821528051888,0.7389830266452857,0.9886846011677117,0.6922892667542049,0.8622547711115847,0.8967945389048221,0.8611405528799293,0.7514412607641145,0.8070807063756376,0.9071820194155722,0.8162691343842872,0.7193264534653694,0.9102716897738725,0.971510747264704,0.8779415274574112,0.8755791368706759,0.7628227964910352,0.831157517475763,0.9102716897738727,0.9525369059360134,0.9071820194155722,0.6832998353459114,0.857770308768869,0.8392043814442112,0.9719659850677109,0.6806468321708421,0.9984049036240452,0.8262762309308547,0.6656795316649964,0.920122827656545,0.8189790899217082,0.7676084011723443,0.9721405797402527,0.9774358012844693,0.8904996677530763,0.9056384037386229,0.658204571702703,0.9065887965216861,0.9041731885624826,0.7732455048551015,0.8998677823831449,0.6599995416164903,0.9939221949550296,0.9105871713767659,0.8683589986402196,0.9311473405254242,0.983902503224694,0.729812512491788,0.8538985259150682,0.9004494419178448,0.9471856021934963,0.9223125238854549,0.8874576548572419,0.988684601167712,0.7691253716782249,0.9315707757470983,0.9041731885624824,0.980587532202323,0.8284875193321168,0.9102716897738727,0.8223728528616586,0.9293273608862835,0.6771240158416003,0.6709602650815959,0.9071820194155722,0.5599835287511679,0.9471856021934963,0.8910742777540253,0.9273099638694315,0.966001329208321,0.8797557950282513,0.6770795110829108,0.9071820194155722,0.6950294665767227,0.7821935007013864,0.8797557950282511,0.6972725551264756,0.7365659707628338,0.7105815563167798,0.9167305843279032,0.7632718018289237,0.9700545573574972,0.7666770810160939,0.7210550277674554,0.5657248610144181,0.6827087621395793,0.6995665205796863,0.9553658937794353,0.7327857355831126,0.9798804254842942,0.9455409403449176,0.7598809782022391,0.845780144883924,0.7363814015757277,0.9071820194155724,0.9041731885624826,0.8392189033897364,0.9001407514923851,0.6707331198775837,0.8836082094647486,0.8406087134242326,0.9071820194155722,0.7338733687942067,0.8276501314842979,0.38826488751660826,0.9071820194155722,0.7619860369830849,0.7083326705532109,0.9236430180495618,0.914753761965559,0.9041731885624829,0.838253866982948,0.9981369872406441,0.6424437038504553,0.980587532202323,0.9553673640446827,0.8579556355881822,0.783107592413814,0.9071820194155722,0.9559597385843852,0.9071820194155722,0.9236430180495618,0.6404449656833153,0.8520170361846284,0.931147340525424,0.9605280943542008,0.8075880978789572,0.9460732466847861,0.9141868065994085,0.9071820194155722,0.9263430920895602,0.796299721863998,0.6393810928048826,0.9652185955408619,0.8711916800801192,0.960900739115506,0.8629508839222022,0.8606558839862051,0.8473098920648876,0.8706339453813863,0.6165444513740765,0.8473098920648876,0.9141868065994085,0.509057403433263,0.8118232793036577,0.8473098920648876,0.931147340525424,0.9056384037386234,0.9102716897738727,0.7634478113851294,0.6293757145872481,0.9980362042473544,0.8332189753156272,0.955818971254647,0.845146747952153,0.914753761965559,0.8687762325700643,0.8723787692931402,0.9041731885624824,0.9549422857308887,0.9002117564475598,0.639382277634843,0.9371612421327016,0.8211171681178193,0.9903796821293473,0.9062046269358306,0.5813803596210332,0.9247279175325265,0.9134510531460027,0.8903679263755002,0.8819800348797702,0.8676123050779097,0.5728539493810789,0.9342661620254096,0.9167305843279032,0.9201228276565452,0.9706897592453478,0.8652692287290058,0.735309725102344,0.9908342652343985,0.862950883922202,0.9692019320023806,0.7181224660974785,0.9980362042473544,0.9471856021934963,0.8278911373967914,0.710520932869943,0.6232111601383653,0.8413829160506419,0.8366341316707171,0.8962706164706525,0.8785995314863113,0.9357038119827237,0.9056384037386223,0.9352547073163471,0.9024605353819365,0.7458886045430599,0.8454063430574004,0.9222347126849362,0.7309976147881514,0.9544443672622369,0.5905047898497258,0.9968261463708896,0.5662559449407683,0.9560815611946234,0.9102716897738727,0.8138801832529765,0.8676123050779092,0.830765898562273,0.8370383603659157,0.8276501314842979,0.6806052427881688,0.9852542301053671,0.901237634194086,0.8188613734193666,0.6418688222115454,0.7769688838944868,0.9134510531460027,0.7425574095970391,0.8970023596836538,0.9201228276565452,0.8042460940964855,0.7152256181878027,0.9247279175325267,0.9774358012844695,0.8908664841784935,0.971510747264704,0.8217102144800924,0.9201228276565452
p259_T,0.927628218922431,0.8439971771277781,0.6800761783917906,0.8426726912585285,0.7083340572373142,0.9223798585420755,0.8910605953165169,0.8699272182111101,0.44434600966320126,0.9138808918740069,0.8130313197766212,0.7844306245694912,0.726182899453166,0.7799565059593385,0.940330917285758,0.8505490585243114,0.937629852928981,0.7869927119133109,0.9864559376282898,0.9138808918740071,0.8272927509737296,0.859081712099725,0.9456844746310797,0.9400545643111307,0.8040825160086582,0.5661686426124279,0.8270835681605351,0.6089464994162543,0.9138808918740071,0.7128327205017571,0.632375193339321,0.7776383896417522,0.8762666295743207,0.6877062755446479,0.7383065586513005,0.9059500308908428,0.8782416695665332,0.8492865600019237,0.8828532941996561,0.8283380468764907,0.7044726886326849,0.9504724309030381,0.9590404484306646,0.6780067582215195,0.8823567105447581,0.5672598510341822,0.8846853407167914,0.4742729180198938,0.7828637719794271,0.5620025351905058,0.858324459587394,0.58804238379271,0.589270022807937,0.8967417474757924,0.9348728834188953,0.8235693737372303,0.8011772965543407,0.8420784215528954,0.6563769221356455,0.8319645762487426,0.47751610711107717,0.6809892756746243,0.8793982326953484,0.790824683744427,0.8640960613563904,0.5115363831201554,0.8914187460211078,0.9236881364346186,0.9826721666319158,0.9059500308908428,0.8171631106705353,0.7828637719794271,0.9919409286228256,0.3814644572505175,0.8420784215528954,0.6630012597203829,0.8085191611024445,0.8388389232603319,0.4769343694616268,0.9619064228844956,0.9162617337114642,0.8909939462774465,0.7925209444652743,0.9718037534773845,0.8420784215528954,0.8037373698793302,0.859081712099725,0.698161617358947,0.9292189336878024,0.8369591621743946,0.8420784215528954,0.7130292778012568,0.6357805749550776,0.6884707594217979,0.9883017827414695,0.8993959573175438,0.7057722376033158,0.6663974528378018,0.268163039390347,0.2866702006001831,0.8235693737372303,0.8846853407167914,0.8420784215528956,0.8580852348207453,0.6574558645563553,0.8700853537305533,0.7661917432140972,0.311337914322497,0.7745001741980393,0.39725598153879593,0.6598427258496753,0.8146618761013407,0.2986667770930146,0.7184903754374405,0.852744627559685,0.3612785902262826,0.8439971771277783,0.8700853537305533,0.9223798585420757,0.25803773604156954,0.8883363946254389,0.643702033381214,0.8288717695259114,0.8955662910367919,0.8331954723043298,0.4832982064815291,0.8473352221942345,0.8996902265061828,0.9243307498488829,0.8731881766987718,0.2844001414369193,0.8846853407167912,0.858324459587394,0.8799873197458248,0.8270835681605351,0.615499405401015,0.9748277751683467,0.8583244595873938,0.8583244595873938,0.8603130600722224,0.5225208736380238,0.8763243374738701,0.3258937684542651,0.6908677676964503,0.7307555720921728,0.4339087024546272,0.6532670942336753,0.28725514505330996,0.921553441189657,0.4237313609620146,0.9138808918740073,0.4775161071110753,0.6229774502818577,0.9019889913280852,0.9576073188885357,0.5804963794616782,0.7408413769402566,0.8294445849549277,0.7482401788933706,0.7232585815131745,0.6603408606549137,0.9485667670310041,0.7954151283114463,0.6553389774710647,0.731485305466107,0.7402112962753109,0.7979449705642748,0.7562838856997303,0.8795346503658057,0.6818098359732979,0.8635780863582583,0.8369591621743948,0.7061970054220827,0.7552277047689896,0.6517926378305283,0.8971450156200362,0.9418147080511319,0.9701724767797297,0.9554370396258114,0.7429973749187146,0.9717973513826359,0.6829047682235758,0.9579218368345694,0.8135544871276539,0.8659205911260863,0.6159721614778493,0.28654989827181776,0.9553545190661688,0.9494863178238062,0.7840931815527368,0.8886615438957008,0.7114407973505094,0.6983034804250932,0.5323268497645104,0.7441174236102917,0.8420784215528954,0.9091481169388318,0.9453585115426593,0.9440212615168149,0.7857396209678826,0.5620025351905067,0.7553067620113287,0.8420784215528954,0.606144551107445,0.339004296195349,0.9138808918740069,0.8420784215528954,0.8860830219713003,0.5414493902199148,0.4410422500583089,0.6345532746828733,0.7223758568067653,0.836959162174395,0.8420784215528954,0.7788111548480693,0.8420784215528955,0.5268116874771687,0.594006204236019,0.6507307013797787,0.8420784215528954,0.6261220714746926,0.8420784215528954,0.6378751126652151,0.740874925600339,0.7796562783546102,0.6446275829113299,0.8846853407167914,0.3869493735262447,0.8603130600722222,0.8970283477106125,0.8338004366010849,0.8346251525961788,0.4718012213338485,0.7476549733331901,0.858324459587394,0.739013486677382,0.7829597772526522,0.7151582186192997,0.9017503703908549,0.8341600841718481,0.4829072514295282,0.9376298529289808,0.6914359622603903,0.7428081663990691,0.8420784215528954,0.8431955867160383,0.8420784215528954,0.5117934993474035,0.8145870830858377,0.8769212489428941,0.960470303231495,0.37409088817279357,0.9091481169388318,0.5718318044472327,0.8040825160086582,0.7166828496078688,0.8646465267440429,0.29400363234837135,0.9166260538738977,0.6460090351701573,0.9203565504090089,0.5084443396655961,0.8369591621743946,0.9672708404642685,0.6950387884648994,0.8828532941996561,0.4692135100053634,0.8860830219713005,0.861635014700465,0.6575458420019675,0.6866692417083813,0.8438269625091803,0.5406556835636844,0.750941040369838,0.4043530032493443,0.8700853537305533,0.21037549301014447,0.7263411233111932,0.8193098328029464,0.920294841274714,0.8700853537305533,0.8030252709335868,0.43851552624688295,0.932879247428309,0.7523845152541846,0.7799565059593383,0.8846853407167914,0.7476549733331903,0.29866677709301515,0.8319645762487426,0.852744627559685,0.8846853407167914,0.43838460489083464,0.9059500308908428,0.4748145567450751,0.5754822059289779,0.6596133430076065,0.9894945445121979,0.9059500308908428,0.8420784215528956,0.7828637719794269,0.8603130600722217,0.8914187460211078,0.34413334403507123,0.8018040073980148,0.852744627559685,0.7828637719794278,0.6878364635748526,0.47816099190456196,0.9655832868255187,0.663261509175051,0.9064954133302647,0.7928983760177135,0.7147273765561333,0.6794907442152804,0.876324337473871,0.5689902439172787,0.8763243374738707,0.8888146611137304,0.7951319916449242,0.7370742776572667,0.9805074801881102,0.8420784215528954,0.7114498167743233,0.7504899141924712,0.83319547230433,0.8700853537305533,0.9295543804278538,0.8660830247325575,0.8420784215528954,0.804082516008658,0.7354031975062657,0.9223798585420755,0.7783234078080583,0.5565721816816986,0.7954151283114466,0.8107326760754665,0.5633453352879945,0.5215069062597237,0.8040825160086582,0.6380921181225203,0.5875308540526523,0.9875518066547833,0.6473749361787795,0.6500135497766408,0.6285571193920867,0.6589852423795737,0.8828532941996556,0.3777607202088813,0.7476549733331901,0.35291906183553934,0.8270835681605351,0.8660830247325573,0.920402637057524,0.6596133430076063,0.3507163952056186,0.22856925554312313,0.48913226274794885,0.8420784215528954,0.2997564836518647,0.8772304357931477,0.8126260034059012,0.9831929791885614,0.9358928905254469,0.5991403349585113,0.8420784215528954,0.8420784215528954,0.8306048913955286,0.9429229466795096,0.6048913584456781,0.8420784215528955,0.9138808918740073,0.8420784215528956,0.7799565059593385,0.6974322924811571,0.3003397854815162,0.9020234243808676,0.7629183202472418,0.8338004366010847,0.5053029858361642,0.42984798732729823,0.8420784215528954,0.6461341247902075,0.7599337873149603,0.34434282615156353,0.38719301409239837,0.7840931815527366,0.6836181299682993,0.852744627559685,0.2901820554419593,0.8420784215528954,0.43450022607185534,0.8562968524998391,0.637082515265229,0.8994854832178463,0.8126938567104796,0.5286072181911092,0.8223064904295259,0.8420784215528954,0.6973063584368869,0.5163208652582401,0.8420784215528954,0.9829833440868232,0.4756459635134608,0.5363666418712301,0.47816099190456196,0.2663319356760725,0.8420784215528954,0.8758689963878279,0.6120207273021958,0.9672708404642683,0.776970636382392,0.6486212706440038,0.722618135556427,0.4746845639543692,0.6939345811637789,0.852744627559685,0.6989244357023686,0.3290476887806456,0.8240441573299118,0.2643047722260736,0.7735601614823637,0.6127820628101592,0.9700125380913129,0.8583244595873938,0.7869927119133118,0.8420784215528954,0.9059500308908428,0.7466382197064665,0.6004542646576718,0.748239421000297,0.818883328634016,0.8319645762487431,0.6195180779515164,0.9709610116834293,0.8603130600722224,0.8388389232603322,0.8720509229668816,0.8176248919537716,0.6548608284193289,0.7187569889165668,0.8071325518268441,0.27587934813566906,0.7856666729249009,0.7604185452621188,0.8970283477106125,0.5821333857389671,0.859081712099725,0.9138808918740073,0.6364613083788084,0.6483914814955538,0.9437009736675148,0.7911753068017786,0.9096442630970052,0.7328240664058852,0.9556110934976771,0.7879863126990589,0.7908246837444266,0.8934216034874054,0.8909939462774465,0.6047113504733792,0.9030850419025611,0.5465463723167961,0.5567439083216601,0.575623281930554,0.8300846961077544,0.8823567105447581,0.5694797717632529,0.6766412364083272,0.906462567544713,0.989532531265053,0.8727002842503788,0.48548619074842003,0.9288926453862717,0.5669685900403825,0.8700590088075524,0.7365308980319902,0.5905355555494615,0.852744627559685,0.8910644087836375,0.5925459501319565,0.8236768820248004,0.7774153406968629,0.9505912604680006,0.7414774123039951,0.6114321843047048,0.9672708404642685,0.8782687335528578,0.8547201393526465,0.8270835681605353,0.9431098218103223,0.9059500308908426,0.8311946752698984,0.5240782483038047,0.748366960676881,0.836959162174395,0.8369591621743953,0.4107361880330874,0.8027053233019168,0.8547201393526467,0.6759148568543527,0.8420784215528954,0.8640960613563904,0.8420784215528954,0.8420784215528954,0.22085312873717922,0.7997160938696786,0.8081519823819929,0.8420784215528954,0.3669150493393176,0.2301052880297474,0.8341011293492996,0.6686317389662184,0.6461341247902079,0.4353725720221775,0.7721759464540283,0.732824066405886,0.1088392840809389,0.8762666295743213,0.9349880513947098,0.8640960613563906,0.5183192171746834,0.7000981663787222,0.4703537231510947,0.7668230595030054,0.9348728834188953,0.9737069953661386,0.7936873229315352,0.8984876543923499,0.7615744767637047,0.852744627559685,0.8298036101328141,0.938668083911154,0.9790678611982755,0.8970283477106125,0.5545408861883794,0.8264429041637258,0.40510992392236655,0.6164103830847163,0.9758386162286561,0.7959075277121457,0.884362987598365,0.8473352221942343,0.9774187664651239,0.22243824691982206,0.5431274102849519,0.8914187460211083,0.7401687521593934,0.8823567105447583,0.734410159407572,0.6732168676038837,0.9243307498488826,0.42148810414569804,0.7707675179901414,0.8828532941996556,0.4483728279112047,0.30350543570679533,0.9845223690087311,0.4667459518344348,0.8085191611024447,0.912246063565376,0.6927395234813789,0.8420784215528954,0.8583244595873938,0.6681139725352023,0.7383065586513005,0.6549187193727439,0.7364178799220327,0.827853617869507,0.8577812238906726,0.5286072181911092,0.7997160938696783,0.24355973710717937,0.8763243374738703,0.4098424562652223,0.9805078523536932,0.5062865529744864,0.8319645762487431,0.984186907863912,0.8786663984023608,0.8731292218762232,0.8193098328029462,0.7811167057492201,0.6129882316064343,0.4764215301312005,0.627496095736569,0.7476549733331901,0.4934359013376791,0.597325423576641,0.8898616564068961,0.8763243374738707,0.8784502765604174,0.7508809619658824,0.5668332295321712,0.6312054132769991,0.7693289466839163,0.8369591621743946,0.4693639487225735,0.5602363144067961,0.9223798585420755,0.8205313599965446,0.7959075277121458,0.9034349306066809,0.7796562783546097,0.8146618761013409,0.9920559642466495,0.7882802647586362,0.8984464417843046,0.9238504680802616,0.8646465267440422,0.8135544871276539,0.8914187460211078,0.8828532941996559,0.8420784215528954,0.9694773398454679,0.6546125592890353,0.5198776540715805,0.7514212735973682,0.8420784215528955,0.49705399110388915,0.5469903567885457,0.8033439314602704,0.7590511108596087,0.7187569889165666,0.7130292778012568,0.6370956456043232,0.9189054118039659,0.7968186918205677,0.9432344273792439,0.31954283298040576,0.7912713244196345,0.8640960613563906,0.7504899141924717,0.8011772965543404,0.852744627559685,0.7365308980319902,0.9223798585420759,0.9733357863281586,0.9170100277191802,0.8828532941996559,0.8176248919537714,0.8459614509201203,0.9020234243808676,0.6184395404578898,0.6562331749210004,0.7712678746665549,0.7682790600652867,0.837542981916594,0.39526349930323246,0.29226573846240533,0.8660830247325573,0.8583244595873938,0.8547201393526467,0.8660830247325573,0.8369591621743946,0.909528642056926,0.8420784215528954,0.951823862302573,0.8757324834775566,0.8420784215528954,0.8432045372944463,0.6766412364083272,0.8788619061474223,0.852744627559685,0.826379601319976,0.6890680672212848,0.8660830247325573,0.4435211571426678,0.42911070942305785,0.6650665100051834,0.4025711790506715,0.8420784215528954,0.766191743214097,0.852744627559685,0.7954151283114463,0.32530584874510426,0.733363884172159,0.9418147080511319,0.8473352221942343,0.8488679347497985,0.9706994531935329,0.8536610230431647,0.8420784215528956,0.8341011293492995,0.8378110159479331,0.8526518805255294,0.49569914318509056,0.8646465267440429,0.8700853537305535,0.7828637719794271,0.852744627559685,0.7114213730823675,0.0,0.8420784215528954,0.8720509229668816,0.680816265076283,0.9138808918740069,0.5904161770653549,0.8270835681605351,0.8130313197766212,0.4054548890253613,0.8319645762487431,0.5407686638686195,0.31826608235179,0.8420784215528954,0.8420784215528954,0.9774187664651239,0.7161605925280545,0.750489914192471,0.5393746191343971,0.2546840807302321,0.5699472958411846,0.5567439083216597,0.28892082257568164,0.7911753068017784,0.44348140008994386,0.8420784215528954,0.996215521905362,0.8583244595873938,0.8828532941996561,0.5286072181911092,0.8700853537305533,0.33267586619172584,0.8420784215528954,0.8420784215528954,0.36569164423017564,0.8720509229668818,0.33992665050340354,0.8085191611024445,0.6264818479488963,0.7044726886326851,0.9512711495147097,0.7390134866773814,0.42331330312041127,0.6054672819499611,0.8420784215528955,0.73653089803199,0.27880692688541553,0.8782416695665332,0.9505912604680006,0.9669864974740423,0.7684999454376767,0.7595670294809798,0.78379785773386,0.6890680672212844,0.6048913584456783,0.8420784215528954,0.16861427957662223,0.7439188334429196,0.5529001534063354,0.6794907442152804,0.5961949594549372,0.7604185452621188,0.5775166877368049,0.6159721614778493,0.757596415248057,0.6552370149920688,0.40239302427242396,0.7860044351499038,0.8763243374738707,0.8646517773452531,0.9819934861315971,0.24726531938028373,0.8583244595873938,0.8660830247325575,0.44246384078793166,0.9803139140174593,0.8926432681396852,0.8111745943363058,0.8799873197458247,0.8145870830858375,0.8404607554034049,0.8404607554034045,0.7151582186192984,0.9629566539628114,0.44365674993716275,0.7982515614792722,0.9138808918740073,0.8590817120997247,0.6858553289247524,0.5724114742329793,0.8492865600019233,0.6679351743368409,0.8853336228852015,0.6288531266450129,0.8473352221942345,0.4600386549070039,0.963253467043091,0.4504550968902109,0.4784789787541217,0.8420784215528954,0.7130292778012566,0.8581965643072444,0.5581031902403988,0.9138808918740069,0.7860664458061035,0.6311119638925505,0.7221443531876286,0.8420784215528954,0.334480113157533,0.4483728279112047,0.9387833552604465,0.25160158318604664,0.3947675933551358,0.29958960756952635,0.8583244595873938,0.2837802905034712,0.888483588510265,0.7976123305252002,0.46291172779362333,0.8483722207901454,0.5534969534735219,0.9223798585420757,0.8727002842503788,0.8420784215528958,0.7180913246889691,0.7828637719794271,0.15603695938699746,0.7328240664058858,0.5155775340911131,0.9780865699631883,0.8660830247325573,0.24621869575997968,0.5829270996276148,0.7446645028637238,0.3829154651486305,0.4137690660530706,0.8420784215528954,0.3563962817858487,0.6040612899062614,0.8217672961587985,0.8420784215528954,0.4764847310720609,0.8762666295743213,0.8700853537305533,0.7997160938696783,0.8660830247325573,0.6052641052337053,0.8433852049585429,0.6804057859886818,0.8459614509201203,0.9727910975292542,0.9213564111708461,0.4707896199832722,0.8420784215528954,0.8722117559776998,0.8420784215528954,0.9418147080511319,0.7777318877335897,0.3783988187966538,0.8828532941996561,0.8577812238906728,0.9297201779476116,0.5595652145199725,0.7799565059593387,0.8420784215528954,0.9175640139512233,0.3287764583050403,0.7311154503347232,0.788280264758636,0.7560449442954527,0.8914187460211076,0.7882802647586375,0.9746669333021878,0.9966036797907549,0.37140259542594656,0.4008552873271003,0.9966036797907549,0.759051110859609,0.8583244595873938,0.6755246526339986,0.9966036797907549,0.8828532941996561,0.9718037534773847,0.7508809619658818,0.6596133430076059,0.836959162174395,0.8476177654692203,0.8193098328029467,0.5455259854857741,0.7365308980319905,0.8596910176870519,0.5525181395892421,0.8533420288440607,0.6970590368950031,0.9854880895929257,0.6574743482305325,0.759051110859609,0.729108380810739,0.6978193714060381,0.9713969080959799,0.7333638841721593,0.851075184325023,0.9091481169388318,0.8846853407167914,0.6573472578388023,0.9959668908084219,0.8280824823508026,0.7747540550071192,0.5786614387969881,0.8583244595873936,0.8640960613563904,0.9696105890762043,0.5548762612807424,0.8193968929879758,0.7775328750657969,0.7668230595030052,0.9073169930416265,0.952818037112177,0.6230107018934128,0.8420784215528956,0.5338117336034139,0.75893797977524,0.748366960676881,0.40468057083516396,0.9221848488887601,0.8640960613563904,0.8283176520649271,0.9902089865683761,0.589270022807937,0.937629852928981,0.7925209444652741,0.9462582749455621,0.9899259845384054,0.7675615986227082,0.8130313197766212,0.9757502529451519,0.9243307498488826,0.8575105207893385,0.830500393291514,0.852744627559685,0.8782416695665329,0.4730406961376411,0.5412422037759661,0.9166260538738977,0.9409970633628695,0.5984982612325251,0.9092374165469364,0.8886615438957008,0.8319645762487426,0.541756478929057,0.8432045372944463,0.7151582186192986,0.8846853407167916,0.37963967992176406,0.8193098328029469,0.8640960613563906,0.3879828600616949,0.9555812918987134,0.9091481169388318,0.8763243374738703,0.6721116526839257,0.8700853537305533,0.8313810364355683,0.8640960613563906
p259_W,0.7524297972473161,0.9413411539914585,0.8918007079504506,0.9225015741707872,0.9492063492063487,0.9623211158059548,0.7050163519970581,0.7509151724713103,0.9038142386822647,0.960221152322577,0.9398636845831869,0.9475597985845114,0.9475597985845114,0.9225015741707872,0.9106019687464653,0.5567710364845595,0.944383427890573,0.9314886672615048,0.9582144552981327,0.960221152322577,0.8875255844205965,0.938412400887346,0.935580996038617,0.9508971383859763,0.9369854052620163,0.9314886672615046,0.944383427890573,0.916441965519317,0.960221152322577,0.7739436107925906,0.9250013316406693,0.9544316996038,0.9428469360414609,0.9188361382271659,0.9492063492063489,0.9582144552981327,0.9508971383859763,0.9428469360414602,0.9623211158059548,0.930160641445072,0.8993922310882436,0.932833950574053,0.9623211158059548,0.912915131908919,0.9443834278905732,0.8474513194974065,0.9526370111116405,0.9004911494084333,0.930160641445072,0.8918007079504506,0.9544316996038,0.8495864161552136,0.9314886672615046,0.13408370177867746,0.9428469360414604,0.9288488221297497,0.9288488221297497,0.0,0.7383793872014479,0.9459533477380775,0.9060540201833016,0.831146423199498,0.931488667261505,0.8993922310882436,0.9562880686171875,0.8244397822834253,0.9544316996038,0.6473831763250288,0.7698078233874499,0.9582144552981327,0.92126914699118,0.9301606414450723,0.9492063492063487,0.8266892096935958,0.0,0.8864622842804517,0.938412400887346,0.9398636845831867,0.8233095582802461,0.9623211158059548,0.9398636845831869,0.9341976401680094,0.31108550994831163,0.9314886672615048,0.0,0.9176344520056336,0.938412400887346,0.8046479448175341,0.8939536575643376,0.03139863267861631,0.0,0.8918007079504506,0.831146423199498,0.8548949080074899,0.31108550994831163,0.48955645159511163,0.8896584524348263,0.8875255844205965,0.8198957816506434,0.8187498553347687,0.9288488221297497,0.9526370111116405,0.9492063492063489,0.8580633769736241,0.6072669396673074,0.9582144552981327,0.907182019415572,0.7973204052495684,0.9369854052620166,0.8289245259008584,0.8759110188590657,0.9328339505740528,0.8070467719220202,0.9094556823349389,0.9526370111116405,0.7833099084134079,0.9413411539914585,0.9582144552981327,0.9623211158059548,0.8580633769736241,0.9129151319089193,0.885400876353422,0.9369854052620166,0.9250013316406696,0.931488667261505,0.7554264789789613,0.9508971383859763,0.6339927913026551,0.9475597985845114,0.9152582079543838,0.8727631680356085,0.9526370111116405,0.9544316996038,0.9623211158059548,0.944383427890573,0.8453085223330421,0.879064442044788,0.9544316996038003,0.9544316996038,0.06018876900101988,0.8046479448175343,0.960221152322577,0.8244397822834253,0.8717146038820363,0.8875255844205967,0.9106019687464659,0.892875760974867,0.8420784215528956,0.9301606414450723,0.7583810530554915,0.9602211523225768,0.9060540201833014,0.8559522762859688,0.8811713725919912,0.9544316996038,0.9301606414450725,0.8950345750758599,0.9140827360776209,0.8938851835250172,0.5567710364845593,0.7367566674079002,0.9526370111116407,0.9341976401680094,0.7431708752992887,0.8972062142375332,0.9164419655193166,0.8612222667022558,0.8993922310882436,0.9262700211315917,0.8453085223330423,0.9225015741707872,0.9475597985845114,0.9288488221297495,0.6783615558233287,0.8538362113124116,0.8780124908814328,0.9582144552981327,0.6072669396673073,0.9200475251844384,0.5526275082095409,0.9117550006367756,0.8885909234541711,0.9288488221297497,0.9475597985845114,0.6394614409405057,0.8538362113124116,0.8580633769736241,0.9015943008452869,0.13408370177867734,0.9237454173815312,0.9459533477380775,0.903814238682265,0.8221755430097122,0.7897778653703145,0.9060540201833014,0.0,0.9508971383859763,0.9459533477380777,0.4895564515951115,0.8355526955775656,0.8918007079504506,0.9475597985845114,0.0,0.8685695845092951,0.7897778653703145,0.960221152322577,0.0,0.6951973979147161,0.9152582079543841,0.8864622842804517,0.6447787703816181,0.9049315186013059,0.9475597985845114,0.0,0.6473831763250286,0.0,0.8117838598171898,0.8388272306091986,0.8355526955775657,0.0,0.6339927913026551,0.0,0.7050163519970583,0.9071820194155717,0.9164419655193166,0.8759110188590655,0.9526370111116407,0.7711949776746383,0.06018876900101888,0.935580996038617,0.9384124008873462,0.9060540201833014,0.7554264789789611,0.9188361382271666,0.9544316996038,0.4951319232791844,0.8907283270583697,0.9027019168030599,0.897206214237533,0.9152582079543838,0.9152582079543838,0.944383427890573,0.885400876353422,0.9459533477380777,0.0,0.9027019168030597,0.0,0.7334713952978886,0.9152582079543841,0.9544316996038,0.9275522446953854,0.7711949776746383,0.9508971383859763,0.9140827360776205,0.9369854052620161,0.892875760974867,0.9398636845831869,0.8612222667022562,0.9526370111116405,0.8717146038820363,0.8717146038820349,0.8442340263447974,0.03139863267861631,0.9562880686171873,0.8289245259008584,0.9623211158059548,0.8333555867103808,0.8333555867103808,0.24376003609304187,0.8706662210952574,0.8748612665230131,0.9544316996038003,0.848519788337875,0.7973204052495684,0.7780046509581313,0.9582144552981327,0.8289245259008584,0.9140827360776214,0.9341976401680094,0.9015943008452874,0.9582144552981327,0.8517144868263773,0.8141237078825918,0.9562880686171873,0.8982973238138026,0.9225015741707867,0.9526370111116407,0.9188361382271666,0.8070467719220202,0.9459533477380775,0.9526370111116405,0.9526370111116407,0.7985559379258667,0.9582144552981327,0.7985559379258667,0.6499526646778642,0.885400876353422,0.8442340263447972,0.9582144552981327,0.9492063492063487,0.930160641445072,0.9459533477380777,0.9544316996038003,0.8022278398026612,0.8982973238138026,0.9526370111116405,0.9301606414450723,0.9164419655193172,0.7250134267509765,0.9094556823349389,0.8843412180810755,0.6848496741376313,0.7923174570100686,0.6911250629978627,0.8727631680356077,0.9602211523225768,0.903814238682265,0.9602211523225768,0.9188361382271668,0.9152582079543841,0.9094556823349389,0.9526370111116405,0.0,0.9544316996038,0.9027019168030597,0.931488667261505,0.9582144552981327,0.9562880686171873,0.9475597985845114,0.0,0.9369854052620163,0.9582144552981327,0.9623211158059548,0.9106019687464655,0.823309558280246,0.9341976401680094,0.9544316996038003,0.8333555867103808,0.8289245259008584,0.9369854052620166,0.9428469360414611,0.8409971458279799,0.9526370111116405,0.9188361382271659,0.8117838598171898,0.9413411539914587,0.9106019687464657,0.9623211158059548,0.7655931084723666,0.9188361382271666,0.7780046509581313,0.944383427890573,0.03139863267861631,0.92126914699118,0.885400876353422,0.8070467719220202,0.8082384637825222,0.8187498553347687,0.0,0.8538362113124116,0.9176344520056336,0.9200475251844387,0.9176344520056336,0.9602211523225768,0.8453085223330421,0.0,0.0,0.930160641445072,0.903814238682265,0.8591172857456586,0.0,0.9602211523225768,0.9492063492063489,0.922501574170787,0.8972062142375332,0.7897778653703145,0.9492063492063489,0.9237454173815309,0.938412400887346,0.8322525541058978,0.9634411459729271,0.0,0.8811713725919912,0.9164419655193168,0.7766590274917047,0.9952327064015152,0.9237454173815312,0.8704033497109469,0.9526370111116405,0.7960789049353036,0.0,0.7973204052495684,0.9314886672615053,0.8591172857456586,0.8300371089395653,0.9508971383859763,0.831146423199498,0.9428469360414606,0.0,0.8961186971729789,0.7399891659895361,0.0,0.9237454173815309,0.7948313236856197,0.8420784215528956,0.8152867967569688,0.8022278398026612,0.0,0.7698078233874488,0.8559522762859684,0.9562880686171873,0.6574604645689301,0.7250134267509767,0.907182019415572,0.908315805590151,0.8961186971729789,0.9526370111116405,0.8982973238138026,0.8864622842804517,0.935580996038617,0.8527760996057683,0.8738120195914167,0.8706662210952574,0.21151139151266862,0.9544316996038,0.9314886672615055,0.0,0.9582144552981327,0.9015943008452869,0.8129560940834346,0.9398636845831869,0.9275522446953854,0.06018876900102055,0.7478523304650295,0.9508971383859763,0.06018876900102055,0.9398636845831869,0.9492063492063489,0.9413411539914582,0.879064442044788,0.903814238682265,0.9582144552981327,0.8463809254714867,0.9602211523225768,0.9413411539914582,0.935580996038617,0.801009545737682,0.938412400887346,0.9602211523225768,0.7997856146881548,0.9164419655193166,0.5305546844946969,0.24376003609304187,0.938412400887346,0.9027019168030597,0.9526370111116405,0.9188361382271666,0.8993922310882436,0.8769613888066743,0.9341976401680094,0.8993922310882436,0.9398636845831869,0.9250013316406693,0.6827113291147924,0.7725735218970409,0.9049315186013058,0.9443834278905732,0.8141237078825918,0.8907283270583697,0.9225015741707872,0.9341976401680094,0.21151139151266984,0.8175997772209664,0.9398636845831869,0.8517144868263774,0.9341976401680094,0.9152582079543841,0.7539334992316542,0.9526370111116405,0.8453085223330421,0.7143607147557585,0.9176344520056336,0.8993922310882432,0.9582144552981327,0.7301312695908229,0.8918007079504506,0.9562880686171875,0.9164419655193166,0.944383427890573,0.944383427890573,0.9544316996038003,0.9582144552981327,0.9250013316406696,0.8255663034700989,0.9129151319089186,0.9475597985845114,0.9475597985845114,0.7125274559321444,0.9071820194155717,0.08671734220308636,0.8717146038820361,0.0,0.9562880686171873,0.0,0.0,0.8187498553347687,0.2115113915126693,0.9188361382271664,0.0,0.7334713952978882,0.8377384241745145,0.4006068367505189,0.8527760996057685,0.8811713725919912,0.8058499662916012,0.903814238682265,0.47795836130872293,0.8399134433261015,0.9428469360414604,0.8864622842804515,0.4408515443948542,0.9176344520056336,0.7711949776746385,0.6473831763250284,0.9250013316406696,0.9428469360414602,0.9459533477380775,0.7846176027958278,0.9562880686171873,0.8961186971729789,0.9526370111116405,0.9004911494084331,0.938412400887346,0.9328339505740528,0.935580996038617,0.848519788337875,0.9237454173815312,0.9060540201833016,0.9355809960386168,0.7223272158432528,0.9526370111116405,0.17526171623055564,0.9508971383859763,0.9140827360776205,0.8570084033315839,0.8399134433261015,0.4654487838138114,0.8570084033315841,0.5711669571562623,0.77934241058442,0.8896584524348263,0.9475597985845114,0.7766590274917051,0.9262700211315917,0.9623211158059548,0.8058499662916013,0.8463809254714865,0.7876282222528316,0.8034406041869142,0.938412400887346,0.9071820194155717,0.8822265994777512,0.0,0.9544316996038,0.9164419655193174,0.9492063492063487,0.8612222667022558,0.938412400887346,0.9459533477380777,0.9262700211315917,0.831146423199498,0.9355809960386168,0.8046479448175343,0.9602211523225772,0.7935775465776653,0.9398636845831869,0.8664724446651941,0.06018876900102055,0.9428469360414602,0.7143607147557588,0.9152582079543841,0.9341976401680094,0.7806724477786732,0.880117361849238,0.7318083230664854,0.8633240709217587,0.9188361382271666,0.6991852245234744,0.8612222667022558,0.9250013316406696,0.960221152322577,0.9369854052620166,0.9508971383859763,0.8388272306091986,0.9027019168030597,0.525843532183836,0.03139863267861631,0.7960789049353036,0.8409971458279799,0.9623211158059548,0.8790644420447877,0.9526370111116405,0.9176344520056336,0.9164419655193168,0.932833950574053,0.9015943008452869,0.9250013316406696,0.9369854052620166,0.500567215157067,0.9398636845831867,0.9475597985845112,0.9544316996038,0.9623211158059548,0.0,0.9188361382271668,0.8654234385275936,0.8070467719220202,0.9200475251844384,0.0,0.8832831707913575,0.8244397822834253,0.9060540201833016,0.34458474155865637,0.9038142386822647,0.8918007079504506,0.8811713725919912,0.7859181167692968,0.9275522446953854,0.9060540201833014,0.6598989712921809,0.8907283270583697,0.9562880686171873,0.9027019168030597,0.9288488221297497,0.9526370111116405,0.9152582079543841,0.9623211158059548,0.9275522446953854,0.9459533477380777,0.9623211158059548,0.9413411539914587,0.9288488221297497,0.9492063492063487,0.6783615558233285,0.8843412180810755,0.9582144552981327,0.9492063492063489,0.9384124008873462,0.7806724477786728,0.8022278398026612,0.03139863267861631,0.9544316996038003,0.08671734220308558,0.03139863267861631,0.03139863267861631,0.3741839079094693,0.0,0.944383427890573,0.4527606561376478,0.0,0.9341976401680094,0.535161772248302,0.9582144552981327,0.9526370111116405,0.9562880686171873,0.9508971383859763,0.03139863267861631,0.7960789049353036,0.8580633769736241,0.935580996038617,0.8409971458279799,0.0,0.9071820194155722,0.9526370111116405,0.9341976401680094,0.7935775465776653,0.9083158055901508,0.9582144552981327,0.9508971383859763,0.9369854052620166,0.9152582079543841,0.6284764518573093,0.9492063492063487,0.4006068367505189,0.92126914699118,0.9250013316406696,0.6848496741376318,0.9398636845831869,0.9582144552981327,0.930160641445072,0.9526370111116405,0.9071820194155722,0.8420784215528954,0.0,0.9492063492063487,0.8822265994777507,0.960221152322577,0.8377384241745145,0.944383427890573,0.9398636845831869,0.8244397822834253,0.06018876900102055,0.7569089328329721,0.7846176027958276,0.0,0.0,0.40880739824839063,0.6991852245234742,0.9027019168030597,0.8058499662916013,0.8453085223330421,0.8152867967569688,0.8399134433261015,0.7997856146881548,0.9328339505740528,0.8129560940834346,0.0,0.9004911494084331,0.9544316996038,0.9623211158059548,0.831146423199498,0.9582144552981327,0.831146423199498,0.0,0.0,0.7739436107925914,0.9492063492063487,0.7819949015164562,0.938412400887346,0.8570084033315841,0.8993922310882436,0.6856702229525599,0.8993922310882436,0.8344556057285131,0.8506512873935228,0.0,0.9152582079543841,0.8175997772209664,0.9508971383859763,0.9582144552981327,0.5526275082095407,0.7351207557283752,0.43182584581086747,0.9176344520056336,0.9508971383859763,0.8591172857456586,0.0,0.8266892096935958,0.9176344520056336,0.8993922310882436,0.8727631680356078,0.8654234385275936,0.9413411539914582,0.9049315186013054,0.8538362113124116,0.9562880686171875,0.8685695845092949,0.862273520033598,0.9443834278905732,0.9602211523225768,0.9225015741707872,0.2586095064370061,0.8129560940834346,0.9544316996038,0.03139863267861631,0.8759110188590655,0.9288488221297497,0.9152582079543841,0.92126914699118,0.9623211158059548,0.9152582079543841,0.9623211158059548,0.9623211158059548,0.9027019168030597,0.3647019568709454,0.8961186971729789,0.9492063492063487,0.9602211523225768,0.938412400887346,0.938412400887346,0.8322525541058978,0.9428469360414611,0.9475597985845114,0.9288488221297497,0.5210240199989242,0.9508971383859761,0.7684119013812074,0.3833143586062788,0.7125274559321442,0.7447432793600621,0.0,0.8918007079504506,0.9492063492063489,0.758381053055492,0.960221152322577,0.9328339505740528,0.9341976401680097,0.855952276285969,0.0,0.7399891659895361,0.8058499662916012,0.9341976401680094,0.8058499662916012,0.8266892096935958,0.8129560940834346,0.9544316996038,0.7143607147557588,0.6716454483484393,0.8058499662916012,0.7431708752992889,0.9355809960386166,0.6761489807685291,0.9623211158059548,0.9355809960386168,0.9492063492063489,0.8982973238138026,0.930160641445072,0.8388272306091984,0.4779583613087228,0.8106069085572598,0.9492063492063489,0.03139863267861631,0.8420784215528954,0.861222266702256,0.5110414539348817,0.7766590274917051,0.7524297972473162,0.0,0.9856724533720749,0.8633240709217587,0.9225015741707872,0.0,0.8399134433261015,0.9428469360414604,0.9582144552981327,0.2115113915126694,0.03139863267861631,0.9114861522954751,0.9314886672615051,0.897206214237533,0.9288488221297497,0.9083158055901508,0.9355809960386172,0.8129560940834346,0.0,0.9275522446953854,0.0,0.9582144552981327,0.8333555867103808,0.8843412180810759,0.9623211158059548,0.9262700211315917,0.8022278398026612,0.904931518601306,0.9225015741707869,0.0,0.8322525541058978,0.8210376473859937,0.8506512873935228,0.9250013316406696,0.40060683675051967,0.9544316996038003,0.3227392978460525,0.9237454173815312,0.392115299153029,0.8928757609748668,0.7948313236856197,0.392115299153029,0.9225015741707872,0.9544316996038003,0.885400876353422,0.392115299153029,0.9623211158059548,0.931488667261505,0.9508971383859763,0.885400876353422,0.9475597985845114,0.9237454173815312,0.9341976401680094,0.8918007079504506,0.9152582079543841,0.9355809960386168,0.9140827360776211,0.930160641445072,0.9475597985845114,0.9384124008873462,0.7301312695908225,0.9225015741707872,0.9015943008452869,0.8333555867103808,0.42440193597169273,0.9083158055901508,0.930160641445072,0.9508971383859763,0.9526370111116405,0.9015943008452867,0.8939536575643379,0.9275522446953854,0.9275522446953854,0.9004911494084333,0.9544316996038,0.9562880686171873,0.5974763156586966,0.9262700211315922,0.8664724446651935,0.9176344520056336,0.9250013316406696,0.6549904556417999,0.9369854052620166,0.9237454173815312,0.9492063492063487,0.8366469404145511,0.8780124908814328,0.9129151319089186,0.9004911494084333,0.6623067578386677,0.9562880686171875,0.9188361382271666,0.5906675167558797,0.9314886672615046,0.944383427890573,0.926270021131592,0.8993922310882434,0.6040574193889983,0.7598430279509716,0.9398636845831869,0.6739104850582693,0.9475597985845114,0.8832831707913573,0.7143607147557586,0.9526370111116407,0.9508971383859763,0.8864622842804517,0.9275522446953852,0.9526370111116405,0.8982973238138026,0.8633240709217587,0.708808264663793,0.9459533477380775,0.9459533477380775,0.8322525541058978,0.9341976401680094,0.9027019168030599,0.9526370111116405,0.8591172857456586,0.9341976401680094,0.9562880686171873,0.8928757609748668,0.9328339505740528,0.9508971383859763,0.960221152322577,0.8854008763534222,0.9582144552981327,0.7197593917099125,0.9562880686171873
p260_TNACG,0.9363122233940779,0.7119431669223406,0.8918007079504509,0.8484628994946646,0.9492063492063489,0.5180242730178407,0.9154039119513095,0.9093303855836502,0.9038142386822652,0.9602211523225768,0.9470390403999659,0.8609949072773262,0.92481000532338,0.756848688960845,0.883906723302701,0.9899936426963007,0.8739479665019896,0.931488667261505,0.9582144552981327,0.6283163920140769,0.8875255844205969,0.9384124008873462,0.7978853750711603,0.9136608016620082,0.9369854052620168,0.9314886672615048,0.944383427890573,0.959657136477295,0.6283163920140769,0.858459421968404,0.9720175422977495,0.9544316996038,0.9428469360414604,0.918836138227167,0.9851190476190477,0.9582144552981327,0.9508971383859763,0.9389176628943108,0.9623211158059548,0.97998139075904,0.8993922310882434,0.932833950574053,0.9623211158059548,0.912915131908919,0.9345041683711353,0.9097909245104854,0.9526370111116407,0.9004911494084336,0.930160641445072,0.8918007079504509,0.9544316996038,0.8758534942163446,0.982107531405348,0.8853010064654411,0.9428469360414604,0.9779134885361098,0.97791348853611,0.9492063492063487,0.9482782933250231,0.9459533477380775,0.9060540201833018,0.9192092392514406,0.9314886672615055,0.8993922310882434,0.9562880686171875,0.8850080573956434,0.9730533608234009,0.9180353447095948,0.9202329624682105,0.9632002305182419,0.7620305293604945,0.97998139075904,0.9194444444444437,0.8558385346892363,0.9492063492063487,0.9215191722498273,0.9384124008873462,0.9398636845831869,0.910340118115422,0.9510697823313443,0.9398636845831869,0.646945030901436,0.926270021131592,0.9821075314053487,0.9492063492063487,0.8202213519738353,0.9507968637523909,0.8615683059666508,0.996354656978774,0.9475597985845114,0.9492063492063487,0.8193769882721237,0.9633736726793029,0.9594229317495175,0.926270021131592,0.9767351992829902,0.8250052019083579,0.9580351138842,0.9065447587925577,0.9918088876930138,0.9288488221297497,0.5574520725743934,0.9492063492063489,0.8608001868591055,0.9335587141907045,0.9582144552981327,0.8127929011389603,0.9106429489360433,0.9543800590178145,0.8581734835076842,0.7573617243762101,0.964240297759334,0.8355590569639004,0.6833409325137694,0.9526370111116407,0.8678905927473257,0.5385853273792407,0.9582144552981327,0.9623211158059548,0.9205381405663509,0.9967090020779534,0.8356850800655677,0.9913026731221013,0.6988689831026907,0.9166547403069656,0.868490494981704,0.9508971383859763,0.8232871445508145,0.7333647111852164,0.9992249226337294,0.9714711165829839,0.9773757151292212,0.9005384212506019,0.9623211158059548,0.944383427890573,0.8829780861752914,0.9804909699582387,0.900538421250602,0.9544316996038,0.9459533477380777,0.9184886671157672,0.9602211523225768,0.9116054303797048,0.9044788524275964,0.8304362977249916,0.9106019687464653,0.9981341064923901,0.9919409286228258,0.930160641445072,0.8995813910474277,0.9602211523225768,0.985380855181585,0.9267569842313427,0.8811713725919914,0.973053360823401,0.9799813907590402,0.8105285126369339,0.9564021026822449,0.888146704974508,0.9054135909608203,0.9363426627010591,0.9773757151292214,0.9610880275993517,0.9442907413333015,0.9718218789028326,0.8242670087328132,0.9558694433263359,0.8357120864475067,0.9783994202533963,0.9660700296626721,0.7110415836939357,0.9475597985845114,0.97791348853611,0.9619684272088397,0.8538362113124118,0.9200981815273386,0.5702736596001141,0.9032953985475973,0.9458430027009459,0.9382532758726713,0.9117550006367756,0.9240490045471226,0.8748925122448097,0.92481000532338,0.9531337744920034,0.8993259618733452,0.8893007587699875,0.9784157310816313,0.9413411539914583,0.9834594839173173,0.9298144168543093,0.9428307668638465,0.8881596180937071,0.9027381357638635,0.9749557273192732,0.9492063492063487,0.9508971383859763,0.9919305345581159,0.9386131743457118,0.957368823799184,0.8915825642164801,0.9475597985845112,0.9492063492063487,0.9372185068861362,0.8744980681654764,0.9602211523225768,0.9492063492063487,0.980682779015039,0.9152582079543841,0.8864622842804519,0.9192850066174333,0.9049315186013057,0.9475597985845114,0.9492063492063487,0.9180353447095946,0.9492063492063487,0.8404141642291889,0.8634708348575704,0.8982035436211124,0.9492063492063487,0.9810324389242782,0.9492063492063487,0.8570070294818275,0.9871891849714203,0.7810518377748348,0.9759275434312635,0.9526370111116407,0.9402451169373498,0.9459533477380775,0.9888877218166616,0.9384124008873462,0.985380855181585,0.9053814730128107,0.7718601319576105,0.9544316996038,0.9870810478556493,0.9657441977682982,0.9027019168030599,0.9345140465701829,0.9152582079543841,0.9152582079543841,0.944383427890573,0.870549335513194,0.9919305345581159,0.9492063492063487,0.9811718853428998,0.9492063492063487,0.9334541599011243,0.9137080532218428,0.9544316996038,0.8790589891285873,0.9402451169373498,0.9508971383859763,0.9140827360776207,0.9913026731221013,0.816483885604486,0.9470390403999661,0.9558694433263362,0.9526370111116407,0.8006429106623617,0.8717146038820363,0.9345819304567233,0.9475597985845114,0.8929968346358232,0.9663327708513568,0.9623211158059548,0.980682779015039,0.9217519020931759,0.9642402977593341,0.9359245759999371,0.8596200105226105,0.9544316996038,0.9397939692726385,0.9389735848576618,0.8061796741685834,0.9582144552981327,0.8581734835076842,0.8320010642946336,0.9865548062843288,0.9015943008452878,0.9582144552981327,0.9437441834397564,0.900212867431373,0.892996834635824,0.838705911985954,0.9858842152953933,0.9526370111116407,0.9927913675399127,0.8925836270476606,0.9919305345581159,0.9773757151292214,0.9773757151292213,0.8895997465928742,0.6488589737837395,0.883604387602573,0.9167889614218212,0.9551293872486746,0.8847222613194272,0.8846149163346169,0.9492063492063489,0.9203771106130231,0.7434660637428889,0.8280234816778032,0.8874655807210456,0.9889897772432354,0.9526370111116407,0.9799813907590404,0.9164419655193168,0.9261320789662509,0.9501760208500685,0.9883712637744559,0.9230112217642162,0.953288506983761,0.9538832559337083,0.8640156358380553,0.9602211523225768,0.9038142386822654,0.5460239008814076,0.9927913675399128,0.956466487927786,0.9094556823349393,0.9526370111116407,0.9492063492063487,0.9544316996038,0.7489194896348184,0.9314886672615053,0.9582144552981327,0.9562880686171875,0.92481000532338,0.9492063492063487,0.9000627911577295,0.9582144552981327,0.9623211158059548,0.9661032464830344,0.8285682023790473,0.6993021970177549,0.9544316996038003,0.980682779015039,0.9751693139349904,0.737110987577477,0.9428469360414606,0.8599690772916864,0.9526370111116407,0.9630223853436273,0.9835656862891848,0.9413411539914582,0.9927984919267985,0.9510697823313443,0.9347544771402012,0.7718601319576108,0.9470547902208428,0.9950603702402812,0.9475597985845114,0.852516336117159,0.9402778464084469,0.8925836270476606,0.9509387076853664,0.8928184240681565,0.9492063492063487,0.9772551247195334,0.9176344520056336,0.9647506825559773,0.8202213519738352,0.7929013742794153,0.9056892759978574,0.9492063492063487,0.9492063492063487,0.9301606414450718,0.9038142386822654,0.7961555888510782,0.9492063492063487,0.5460239008814075,0.9492063492063489,0.8026557942277546,0.8972062142375332,0.8995813910474276,0.9194444444444441,0.9237454173815309,0.9384124008873462,0.9204798919093109,0.893858610124229,0.9492063492063487,0.9835991738212904,0.7378366668168561,0.9175238558077219,0.8920548520914517,0.9701429667321066,0.8054086660053767,0.9526370111116407,0.8810175154215638,0.9492063492063487,0.834381327769391,0.9821075314053485,0.8904561153277737,0.94724068589999,0.9508971383859763,0.9485635112687547,0.7024468607658529,0.9492063492063487,0.970223678284496,0.9961307911605586,0.9492063492063487,0.9834594839173174,0.8656145170140812,0.9020234243808676,0.8974008429354976,0.8874655807210456,0.9492063492063487,0.9106983752712408,0.8336323815959055,0.9562880686171875,0.9949026854846565,0.9876742129414895,0.9071820194155724,0.9486714815870394,0.9702236782844957,0.9526370111116407,0.9358682901281237,0.8864622842804519,0.9044988266272493,0.8527760996057685,0.7957431899399041,0.9685537534522768,0.9355809960386168,0.9544316996038,0.9821075314053485,0.9492063492063487,0.963200230518242,0.867941408445681,0.8702815874708267,0.9398636845831869,0.927406180672594,0.9459533477380777,0.8895997465928747,0.9508971383859763,0.9459533477380777,0.9964123220916106,0.9492063492063492,0.943086952979808,0.9128732846826049,0.7060204795019249,0.9582144552981327,0.9069141560297456,0.9574863565447539,0.9413411539914585,0.5846584719589822,0.8861808910318554,0.9384124008873462,0.9602211523225768,0.8881507821781001,0.9164419655193168,0.9279034959226291,0.932833950574053,0.9384124008873462,0.9811718853428997,0.6274393463335317,0.963022385343627,0.9750767117923149,0.9890722286111192,0.9610880275993516,0.8993922310882432,0.9470390403999658,0.9250013316406696,0.8915629911719021,0.8289194532234483,0.9836006869587253,0.8739479665019891,0.8428200943988524,0.7863348538016321,0.9225015741707872,0.986554806284329,0.9888877218166616,0.8943540694400055,0.9964123220916106,0.9744207489775499,0.9341976401680094,0.9992249226337293,0.8104946185054884,0.5574520725743934,0.9358796528302649,0.9380414785683449,0.9949841493208558,0.8993922310882434,0.8846149163346161,0.8732827916508188,0.9640062838948071,0.9562880686171875,0.9164419655193168,0.944383427890573,0.5711669571562598,0.9005384212506021,0.9582144552981327,0.6518527724456107,0.8834178016135845,0.9129151319089193,0.9886251033694342,0.9475597985845114,0.9393503047271476,0.9071820194155724,0.9443834278905732,0.8661714077534826,0.9492063492063487,0.9562880686171875,0.9492063492063487,0.9492063492063487,0.9052793715138912,0.935580996038617,0.6834876377246903,0.9492063492063487,0.8951320418675309,0.926856645853003,0.9992249226337293,0.9318717683150427,0.9835991738212904,0.994750375861608,0.862086592228249,0.9027019168030599,0.9294212984934327,0.938917662894311,0.9733101638420467,0.8929968346358234,0.961325151342389,0.9752298134312947,0.9490768789214075,0.9250013316406698,0.9428469360414604,0.9459533477380777,0.9615753713848572,0.4408515443948564,0.8961186971729782,0.9526370111116407,0.7564106261560608,0.9384124008873462,0.932833950574053,0.9888877218166614,0.9093692422943842,0.9701429667321066,0.9457174376824435,0.935580996038617,0.9200475251844389,0.9526370111116407,0.9384124008873462,0.9508971383859763,0.9987214692868693,0.8881467049745082,0.7722191842821251,0.9544316996038003,0.8881467049745078,0.9443834278905732,0.7979859337642075,0.8250052019083581,0.9475597985845112,0.9175238558077219,0.9783994202533961,0.9623211158059548,0.9092933796415543,0.972019382853735,0.9027019168030599,0.9122011789681068,0.7846107607119962,0.9871891849714203,0.9851746511666533,0.9492063492063487,0.9544316996038,0.9164419655193168,0.9492063492063489,0.8863852623001999,0.9384124008873462,0.9459533477380777,0.9783994202533962,0.8753108566273604,0.9355809960386168,0.8900284865412091,0.9602211523225768,0.8670557377793239,0.9964123220916106,0.9628335365601521,0.9459533477380777,0.5842114597016239,0.8801085107890285,0.9992249226337293,0.9341976401680094,0.9779480450212253,0.880117361849238,0.9320016592310968,0.958632496184886,0.9188361382271664,0.8898549672341265,0.854836203425507,0.9250013316406698,0.38143891861606893,0.9369854052620168,0.9813818316380164,0.8685974240625229,0.9801193820390868,0.99813410649239,0.9475597985845114,0.8924795232817444,0.9008039012040463,0.9623211158059548,0.9128732846826049,0.9526370111116407,0.9949841493208558,0.8242670087328132,0.9842968264073595,0.9831735538001969,0.74588519375977,0.9543800590178145,0.8982973238138034,0.9398636845831869,0.9475597985845114,0.9730533608234009,0.6046333748805421,0.9492063492063487,0.992791367539913,0.9614252528538145,0.8925836270476606,0.7670303732147918,0.9492063492063487,0.9867651452593773,0.8850080573956434,0.9853808551815852,0.9225015741707872,0.9038142386822652,0.7832742002999453,0.9153139730017577,0.8191553518250179,0.6856702229525613,0.9853808551815852,0.881241896225667,0.9624920646450354,0.9562880686171875,0.787628222252832,0.9288488221297497,0.9073884413700832,0.7426743143980692,0.9623211158059548,0.9274061806725941,0.9459533477380777,0.9623211158059548,0.9413411539914582,0.9730218450575303,0.5253968253968249,0.9020234243808677,0.9536945818766627,0.9632002305182419,0.9492063492063492,0.9384124008873462,0.9093230422687447,0.9442907413333015,0.9475597985845114,0.9544316996038,0.9950603702402808,0.9475597985845114,0.9475597985845114,0.9188361382271665,0.9492063492063487,0.944383427890573,0.9728072322506562,0.9492063492063487,0.9341976401680094,0.7863348538016328,0.9582144552981327,0.9526370111116407,0.8929968346358232,0.9508971383859763,0.9475597985845114,0.9207923934438307,0.9205381405663506,0.9355809960386168,0.9307072788920796,0.9492063492063487,0.98718918497142,0.5574520725743931,0.9341976401680094,0.9066997851253356,0.9486714815870392,0.963200230518242,0.507334621805962,0.9913026731221013,0.9564664879277861,0.9369854052620168,0.9492063492063489,0.8709496185158996,0.8525163361171589,0.9809662470451702,0.8685974240625229,0.9470390403999658,0.963200230518242,0.6712733640431822,0.9526370111116407,0.9471856021934963,0.8720509229668816,0.9492063492063487,0.0,0.9851746511666535,0.9602211523225768,0.894906910790021,0.8739479665019891,0.9398636845831869,0.9697158624438911,0.9459533477380777,0.9323134774355852,0.9538222866753714,0.9492063492063487,0.9492063492063487,0.9987214692868693,0.8459565846100463,0.7489194896348184,0.8808077142348698,0.87549889916545,0.8399383708739909,0.802055136004569,0.8848938700882669,0.9842968264073595,0.9276070808582184,0.9492063492063487,0.97673519928299,0.9544316996038,0.9623211158059548,0.8753108566273604,0.9582144552981327,0.9485635112687547,0.9492063492063487,0.9492063492063487,0.8866313590270078,0.9492063492063489,0.9361313188036495,0.9384124008873462,0.9504233082603579,0.8357120864475068,0.9275522446953857,0.9870810478556493,0.8639788786293001,0.8434426242850425,0.9492063492063487,0.7854327491040131,0.8464043925548688,0.9813818316380158,0.8846149163346169,0.9382532758726713,0.9509387076853666,0.9517002303366318,0.7765306526370799,0.9508971383859763,0.9841885663437668,0.9492063492063487,0.9141371846805166,0.7765306526370799,0.8993922310882434,0.7653076872906787,0.897424043303001,0.9413411539914585,0.9770647288625649,0.837616505169784,0.9562880686171875,0.8685695845092942,0.9889053668915952,0.944383427890573,0.9602211523225768,0.9225015741707872,0.9314886672615053,0.8989443341645225,0.9544316996038,0.9475597985845114,0.9759275434312635,0.9288488221297497,0.9580166426603276,0.9665120503695124,0.9510697823313443,0.7854327491040131,0.9510697823313444,0.9623211158059548,0.9414106494210732,0.9458430027009458,0.8961186971729784,0.9194444444444437,0.9602211523225768,0.9384124008873462,0.9938077685674778,0.9030654324838644,0.9980353634264252,0.9475597985845112,0.9239571786511697,0.8939536575643379,0.9136608016620085,0.8934013604887029,0.9949841493208557,0.9103401181154223,0.8861808910318554,0.9492063492063487,0.8193769882721236,0.9492063492063489,0.9027381357638633,0.9602211523225768,0.932833950574053,0.9341976401680097,0.9888400526549677,0.9492063492063487,0.8900284865412091,0.8808077142348698,0.9341976401680097,0.8913069625116543,0.8849878596848766,0.8702815874708265,0.9544316996038,0.8801085107890287,0.9056892759978574,0.8913069625116541,0.9420589374421864,0.9888877218166614,0.8564091052622804,0.9623211158059548,0.6912719235150713,0.9851190476190474,0.9358682901281239,0.97998139075904,0.8983676175158459,0.980119382039087,0.8748035631840649,0.9194444444444437,0.9475597985845114,0.9020234243808676,0.854836203425507,0.933171187728737,0.8048319931549086,0.8939106969557729,0.9492063492063487,0.8731841557397346,0.9268630210971771,0.9683086794376969,0.9492063492063487,0.9294212984934327,0.8797999623621957,0.9582144552981327,0.957805552405294,0.9475597985845114,0.8812195370163451,0.9166547403069654,0.9345140465701829,0.6295691802130097,0.9302614904222952,0.9888877218166614,0.8717536922859106,0.9492063492063487,0.8790589891285873,0.9492063492063487,0.9582144552981327,0.901455467141236,0.8843412180810761,0.9623211158059548,0.9783994202533962,0.9136463571360582,0.9442661027800157,0.9683086794376969,0.9492063492063487,0.9792981171115857,0.9367340120641894,0.9424231138899537,0.9809662470451701,0.9152582079543843,0.973053360823401,0.9250013316406696,0.9834594839173174,0.959657136477295,0.9292058051524483,0.8656145170140811,0.959657136477295,0.9858842152953934,0.9544316996038,0.9899936426963007,0.959657136477295,0.9623211158059548,0.9314886672615055,0.981381831638016,0.975142101856073,0.7971798092312707,0.9834594839173174,0.6993021970177555,0.8918007079504509,0.9580166426603276,0.9578055524052942,0.9140827360776207,0.9301606414450718,0.9475597985845112,0.950796863752391,0.8976747730531875,0.8026557942277551,0.9784157310816315,0.9512173405541076,0.9117550006367756,0.8495501384285182,0.9301606414450718,0.9508971383859763,0.9526370111116407,0.9400050159634596,0.9670814478689298,0.9275522446953857,0.9275522446953857,0.9004911494084336,0.9730533608234009,0.9562880686171875,0.9399009776851526,0.9262700211315917,0.9628335365601521,0.8639120513105902,0.9250013316406698,0.9143052801998224,0.9369854052620168,0.9237454173815312,0.9851190476190476,0.9262045388714859,0.9789571546770472,0.9613940628375297,0.9004911494084336,0.9105997694059789,0.9562880686171875,0.7718601319576103,0.9759275434312635,0.9314886672615048,0.944383427890573,0.7877383030233716,0.9750767117923147,0.9372431009731568,0.9860988684502869,0.9398636845831869,0.9345819304567233,0.9475597985845114,0.9442468717619431,0.9380414785683449,0.9526370111116407,0.9508971383859763,0.9215191722498273,0.9275522446953854,0.9526370111116407,0.9734392564424441,0.895093546009468,0.8837694824533624,0.7434660637428887,0.9298144168543094,0.9204798919093109,0.9865548062843288,0.9801193820390868,0.4874647988152574,0.9217949449098886,0.8040165292503934,0.9562880686171875,0.8928757609748674,0.9842968264073595,0.6427766817579776,0.9602211523225768,0.885400876353422,0.9582144552981327,0.962965715633306,0.9562880686171875
p261_V,0.6721348211209215,0.9850397963536647,0.3076639433072975,0.9639168187726064,0.9508586339370193,0.9578899577083524,0.7075425293090647,0.7490843604157793,0.7769775549658493,0.9077662249784124,0.7553176702061137,0.9450975949913771,0.9450975949913769,0.8442421395514916,0.8571394911011403,0.773854493728555,0.9026854380253431,0.6827699435487385,0.9031133691845501,0.9077662249784124,0.5239435071085587,0.7954614856282138,0.9543907720677113,0.9569175862776929,0.8055300989235583,0.8411452513286894,0.9343270097479477,0.8965794453006632,0.9077662249784124,0.6114912889545105,0.948936863436564,0.991986966552977,0.5764999647077191,0.8118082899900725,0.9805093316037127,0.9031133691845501,0.6538440306877671,0.9910409864724419,0.9126353343364846,0.9421945188662542,0.462122036114065,0.8442645110768852,0.9516007955479112,0.819971277023722,0.9026854380253433,0.5609293510344819,0.6709853803344824,0.7891917881032462,0.8755805834645085,0.7868507695068558,0.9322326314194607,0.48798664077904297,0.8675944071688322,0.8639898558738679,0.8983711902967619,0.5496861505585869,0.8862984638837297,0.8822265994777507,0.7654949996485667,0.6060095792794198,0.8236203792438099,0.6544995321167952,0.8411452513286892,0.560987876877195,0.8986467260787543,0.7902983939194566,0.970122832433242,0.7146608296824342,0.6208807989039669,0.8915762927878322,0.9356502766322077,0.4850986598875724,0.9165426167073853,0.6438434882447863,0.8822265994777507,0.23746025121346492,0.7954614856282141,0.9326030065689952,0.8631633158595793,0.9968554189197796,0.8901116570681227,0.85164164442199,0.8539508264663109,0.6827699435487389,0.8822265994777507,0.9003383049236544,0.9150889707332175,0.9931710699320808,0.9019919909556019,0.878408802118517,0.8822265994777507,0.8434435999559715,0.8086679946499787,0.7605719335386796,0.8788566875892636,0.8091111481197535,0.8746111985811467,0.19236242403079307,0.627674323417891,0.6852389367468343,0.959879158236902,0.9635410260276627,0.8822265994777516,0.8830830154362399,0.992994865789665,0.6452038871546906,0.9016761381845098,0.6188733838732146,0.9106535992408944,0.6797486983475882,0.9387402935937053,0.9675043319930906,0.6270969264330528,0.9546175950360459,0.6344159246228352,0.5564948481258885,0.985039796353665,0.9031133691845499,0.770582302060438,0.7198627628398473,0.8418630872019539,0.8618030259801419,0.8538903388737851,0.8752367259256744,0.8943631902698829,0.9172287038319764,0.5830734155905781,0.7771303791235169,0.9784419914278069,0.8258542298405465,0.7393648686775331,0.744124291757776,0.9701228324332418,0.9578899577083524,0.8710438663027387,0.7276795876524216,0.807919367658144,0.8783163635116333,0.6509751574289443,0.8746839826578152,0.5012185420128941,0.6622425140054534,0.9421164858106637,0.8009754268091862,0.8128943267359106,0.8141905097700572,0.827546989518634,0.680816265076283,0.8380660059124045,0.6906168702489652,0.9077662249784124,0.7821708553032363,0.9579562067435221,0.561921725018043,0.9701228324332418,0.8380660059124045,0.8335444346544298,0.7790750425648352,0.9287746268813508,0.7525002818927506,0.6568931647796215,0.9269715703160147,0.961071428703486,0.5562788688714451,0.30263551911981745,0.8514182268237762,0.8595547863973891,0.5807610450298211,0.7226495344434962,0.7201972102043004,0.9642783736947248,0.5547364584621779,0.9855162212167968,0.7434606862205169,0.9197305364296527,0.9808778800524294,0.985237504395597,0.8706110504679281,0.9080495116488716,0.9152180205282696,0.9688237541354368,0.9825360994715715,0.9855162212167967,0.9117531985549472,0.771590547181128,0.9680967848066884,0.7035407375802083,0.7919004706091688,0.8639898558738679,0.8959216145662436,0.9395972874156602,0.9400715716602512,0.44364663964361073,0.601100829248955,0.8650699031843847,0.8822265994777507,0.8861469711805039,0.8746839826578152,0.7891917881032462,0.4229394270962178,0.8057150463232274,0.8784088021185175,0.8822265994777507,0.2223025330169952,0.5568331854675752,0.9077662249784124,0.8822265994777507,0.7521730396109527,0.8035122725061365,0.8283330937850475,0.7498018294175821,0.6655024315770224,0.8784088021185175,0.8822265994777507,0.682221446074289,0.8822265994777521,0.7879868372618155,0.5337140757783141,0.5465985997958389,0.8822265994777507,0.8766871103262179,0.8822265994777507,0.7737314856388022,0.9852861529845794,0.8965794453006632,0.22509629112862295,0.8901811511257471,0.5578094395072819,0.874683982657815,0.8429763481150354,0.8571990620055048,0.8650699031843847,0.8286121031906322,0.7264314726986876,0.8783163635116327,0.8062707422387736,0.8403799403797987,0.6997275203797992,0.8484656017815458,0.9283842394809383,0.8035122725061359,0.8710438663027387,0.8435859019655767,0.9071406350367377,0.8822265994777507,0.835076226598509,0.8822265994777507,0.6178319172200282,0.8258542298405462,0.8943424304056793,0.8572801817680791,0.543087544966637,0.8861469711805039,0.8007867483907876,0.46495053672090303,0.8655130330632512,0.9621505626294753,0.7276757347591929,0.8901811511257476,0.9079873399931242,0.5955373798461128,0.6703032097897736,0.878408802118517,0.9380222350786751,0.84647699279206,0.9126353343364846,0.8907384515852343,0.983115392901422,0.978715337455474,0.8566007820472585,0.8138986400303834,0.8943424304056795,0.6964605142052236,0.8113150441869384,0.6766520443791921,0.6452038871546906,0.6338995716836835,0.8671243603451642,0.9021413409446439,0.8320408809986592,0.6452038871546906,0.7347226383092597,0.6139983112569631,0.8986467260787543,0.3720316958474359,0.9639168187726064,0.8901811511257471,0.726431472698688,0.6270969264330528,0.5410962745215746,0.6709853803344822,0.9269715703160148,0.4746065312643335,0.9852375043955972,0.9328713625976577,0.6958906929765931,0.15447227723334245,0.7489835541009378,0.9441754367900737,0.8822265994777514,0.8640981341508664,0.9954894078264941,0.8943424304056795,0.5859709126202679,0.8623427999680677,0.99988951826069,0.6412914293183496,0.851418226823776,0.5275363506035669,0.8113351861625975,0.7499452804503812,0.7196269074877466,0.8612297945646628,0.9278499162307727,0.8425177923137266,0.9507653510800258,0.7769775549658486,0.9507653510800258,0.888047555757622,0.8258542298405465,0.7844014359077857,0.9998895182606897,0.8822265994777507,0.8943424304056784,0.7946243785096658,0.867594407168832,0.6452038871546906,0.9380222350786749,0.9882136121357635,0.8822265994777507,0.7771484687400034,0.9031133691845501,0.9126353343364841,0.7133706955880286,0.6820882659629166,0.8474264488038958,0.8943424304056795,0.6751922551807967,0.3879857261530115,0.8538903388737848,0.8674812582382021,0.6655497485406644,0.8901811511257476,0.9041603374523202,0.46402385484712627,0.8639898558738681,0.814190509770057,0.9063461721760435,0.559610288229369,0.9041603374523195,0.5588768880540333,0.749257273026007,0.8784088021185172,0.9120101451841063,0.989322894082098,0.5824025689132004,0.6001073418669849,0.44064231707433155,0.8822265994777507,0.7255836421387523,0.854680144272761,0.8613333003760804,0.8028836508455397,0.9507653510800258,0.6413224670409747,0.8822265994777507,0.8822265994777507,0.8380660059124043,0.7769775549658491,0.9336588528849669,0.8822265994777521,0.9077662249784124,0.8822265994777516,0.8203072037072685,0.18567192997801862,0.5420773042071152,0.8775612799148108,0.8716781623645735,0.9440339250970744,0.39011276139380013,0.47530983589262155,0.8822265994777507,0.13376057633981076,0.806257008346889,0.5557514640987051,0.5914337836363881,0.7404266024087038,0.6976877774539296,0.6709853803344816,0.5715572994203169,0.8822265994777507,0.47813113311623145,0.8940435630089747,0.8845337528959825,0.7510592495596102,0.8861469711805039,0.42521622805481907,0.9910409864724417,0.8822265994777507,0.8365762269239212,0.6511405133066233,0.8822265994777507,0.823191257961233,0.6425644194291025,0.39517852304626655,0.4374612034689481,0.5859709126202679,0.8822265994777507,0.9521374797161408,0.6984411378783617,0.9438512379215631,0.8645526139742605,0.8127743165298571,0.8265913137152634,0.7874151753009924,0.9891791703582409,0.5978464689111876,0.8427113767838497,0.7367442060398037,0.8708299541032044,0.6907872367777941,0.8110100676106646,0.24282740520643076,0.8506339860151058,0.613084956415163,0.8675944071688322,0.8822265994777507,0.8915762927878323,0.8267656306906738,0.7610056529894349,0.8605641010076424,0.8648359368509461,0.874683982657815,0.8893720055609398,0.972311798625118,0.874683982657815,0.9196592131286032,0.8822265994777516,0.9548457267991718,0.2558009621075723,0.8585245633130496,0.9852375043955972,0.6596237938264831,0.9077662249784124,0.9850397963536649,0.9341948039796129,0.8056282697898187,0.9401862574474984,0.9077662249784124,0.6341155806455309,0.806257008346889,0.8623078767723438,0.8442645110768852,0.6507367138089302,0.3558868116246312,0.9267506068373947,0.7033434608331257,0.7667244059335221,0.7077888860352759,0.8474264488038961,0.8655902466966516,0.9196592131286034,0.8752367259256748,0.7847106516861768,0.7818116611140495,0.9121377279898807,0.9343270097479477,0.9588675585754396,0.9903706848348353,0.8442421395514916,0.9294987870150182,0.8784875920032751,0.4446184839656473,0.8901116570681231,0.3339978905927814,0.8474264488038956,0.7719905381400642,0.8760246607998758,0.8901811511257471,0.9252715424289464,0.45878208488713534,0.8318510639473145,0.8260439103913999,0.9031133691845499,0.9824640573134906,0.8623078767723431,0.9380222350786749,0.9191600545391068,0.9026854380253431,0.8125404164712156,0.9919869665529767,0.9031133691845497,0.9773629990525466,0.4160604981069904,0.5232744176293109,0.6881140442078968,0.7881472335171863,0.6357891067708263,0.9729088396153853,0.8710438663027391,0.7838555895622634,0.8822265994777507,0.6682226749221207,0.8822265994777507,0.8822265994777507,0.6249548852862252,0.850633986015106,0.9272483493178814,0.8822265994777507,0.5730487090302114,0.6392918470049727,0.8035122725061363,0.7711621579546042,0.18728071992458972,0.45292658978417377,0.797364307052649,0.774398454465244,0.6755823602744222,0.8983711902967619,0.9152180205282696,0.9380222350786751,0.8090219836218671,0.6766520443791917,0.6984411378783617,0.9036628615416568,0.8983711902967619,0.9395972874156604,0.9541913037740506,0.9832267469214838,0.9504581475320545,0.6344159246228352,0.848949868152769,0.8571990620055041,0.8980448416283211,0.6201475002096837,0.7123579144897287,0.8616438634170542,0.7821708553032356,0.8506339860151058,0.8146170891032896,0.8901811511257471,0.8571990620055052,0.8861469711805041,0.8454126545192087,0.6684505578431414,0.5449298439273333,0.8943424304056793,0.7458202868208872,0.8710438663027393,0.9153509515797547,0.7340203422080557,0.921524819262904,0.5115890057795554,0.5234026454598748,0.9968554189197796,0.4678107997777161,0.6912533626764084,0.7743984544652442,0.47511621323302733,0.9440339250970746,0.8265913137152636,0.780715059588299,0.8822265994777507,0.613084956415163,0.851418226823776,0.8822265994777514,0.6294138885046012,0.8861440163693606,0.874683982657815,0.8471788400582587,0.6092730760204947,0.9620484099677817,0.5916569382413257,0.7052416401070678,0.6215560135399886,0.9196592131286032,0.7239612828726159,0.874683982657815,0.9292611223553218,0.693632981475482,0.8705381445093674,0.956856233085392,0.5219276909446138,0.7752876758459202,0.5126447489344946,0.6996945202078746,0.9803996032198703,0.6851756734444079,0.4810499554116301,0.8261033009184149,0.9077662249784124,0.9390352294244491,0.8861469711805041,0.5026032834144003,0.835076226598509,0.789580945974018,0.878408802118517,0.5408073956023713,0.44679992987269446,0.9578899577083522,0.754922405192052,0.9635410260276626,0.9459964655745479,0.7647114161226832,0.5910420181330441,0.8922514965828945,0.8545294365343971,0.8822719690573397,0.8235544290844463,0.5484847777827513,0.9117531985549472,0.6888653584427256,0.9126353343364846,0.8822265994777507,0.8348963018556339,0.5094383812029344,0.76117999899261,0.9547657229216628,0.8822265994777521,0.7834438763526352,0.6479746660830774,0.8443451412140974,0.8203072037072685,0.24445834486773566,0.9490493550639384,0.7779965041030157,0.621533424505031,0.7385250816777752,0.906519427124959,0.7016627716181647,0.7846431984826087,0.6288471659222004,0.9222126848684333,0.8862984638837297,0.9998895182606897,0.848196187174957,0.9126353343364841,0.8825423528027132,0.874683982657815,0.9968554189197797,0.562322822590757,0.9119355268636244,0.9165426167073856,0.7710450499116703,0.16290788718196503,0.9031133691845503,0.8822265994777516,0.9150889707332182,0.5072020316949084,0.5859709126202679,0.8784088021185172,0.8404261624978521,0.9026854380253435,0.8784088021185172,0.878408802118517,0.834896301855634,0.8822265994777507,0.8710438663027387,0.8474938174152812,0.8822265994777507,0.8474264488038961,0.8591287834366783,0.9852375043955968,0.5978464689111876,0.9380222350786749,0.8861469711805039,0.8784088021185172,0.5999830826008588,0.6872187123205689,0.8784875920032749,0.6625758084077162,0.8822265994777507,0.993811343315403,0.9267506068373945,0.6327820758589972,0.6100379589798031,0.896287655196289,0.9031133691845499,0.9215322787290985,0.8538903388737851,0.8705381445093674,0.9106535992408944,0.7402972109962743,0.892880101843778,0.9120101451841065,0.8752367259256744,0.8285146807614456,0.8735078944480344,0.9852375043955974,0.8640981341508669,0.6709853803344821,0.9102013285153332,0.680816265076283,0.8822265994777507,0.9851746511666535,0.0,0.9077662249784124,0.6311791961380815,0.6226909861355892,0.9492067691890838,0.6992075387847341,0.874683982657815,0.618854037545866,0.5742773935774994,0.8822265994777507,0.8822265994777507,0.8228992857089128,0.8538944507462787,0.8553021506429306,0.6464213197002269,0.7201972102043006,0.6626490713054947,0.3890322847676839,0.580240555372161,0.9518251721797564,0.6411917508909926,0.8822265994777507,0.7891917881032466,0.613084956415163,0.9126353343364846,0.5785969346928816,0.6452038871546906,0.654499532116795,0.8822265994777507,0.8822265994777507,0.5641729203015335,0.9508586339370195,0.553432865350445,0.5639018507173597,0.6319285066166693,0.30393669089305775,0.8572801817680797,0.9366780717770894,0.6470109545266267,0.7868467908583001,0.8822265994777521,0.892880101843778,0.5770752021749201,0.6538440306877671,0.985237504395597,0.9016042039812429,0.7586497330308062,0.8786139817666818,0.8090219836218677,0.9569175862776931,0.2950325530281753,0.8822265994777507,0.6438434882447863,0.9003383049236544,0.7667244059335219,0.882407744656424,0.593042487794341,0.8639898558738692,0.8001210928617848,0.8713642880526173,0.8986467260787543,0.7804358728235228,0.746825733095879,0.8710438663027387,0.7912398923102942,0.8681770753957145,0.8411452513286897,0.7010987019402133,0.8943424304056791,0.8784088021185172,0.9213202224420871,0.8350243379239404,0.892880101843778,0.9592904080803091,0.9126353343364844,0.8035122725061361,0.9968554189197796,0.9126353343364841,0.901986760824012,0.9080495116488725,0.7591341812715484,0.9165426167073853,0.8772381445135209,0.8244064399920706,0.8571990620055039,0.8511145334391348,0.6073898967662802,0.8784088021185177,0.9632096528234138,0.7732193948554527,0.8861469711805039,0.6976123688210063,0.8090219836218671,0.8783215964654958,0.8501316426509463,0.8822265994777507,0.8245793231395999,0.9461933143740785,0.6748802355512553,0.9077662249784124,0.8442645110768852,0.847426448803895,0.8798468752157522,0.8822265994777507,0.5619151507086775,0.45292658978417344,0.9021413409446439,0.594483970629103,0.6133815230274797,0.581284799841771,0.6509751574289443,0.6482266457449082,0.9094965937962811,0.7208423696679396,0.671727993659164,0.9063411979914437,0.9241178154726956,0.9516007955479115,0.9899020159559508,0.9851746511666533,0.8431858522686649,0.9797090964183585,0.6729607189418751,0.7743984544652442,0.46781438633069194,0.8822265994777512,0.8784088021185172,0.6964773703623415,0.5305045997759542,0.8923766132927748,0.5263098252192719,0.4998939315081503,0.8822265994777507,0.5538480355166864,0.28770228298470735,0.8921120112399374,0.8822265994777507,0.644402848442492,0.9780690814689983,0.6452038871546906,0.850633986015106,0.8784088021185172,0.5180074160754553,0.9469418746892606,0.9654291909233452,0.9119355268636244,0.935020521068928,0.8986835600913734,0.4452272456083777,0.8822265994777507,0.8572801817680793,0.8822265994777507,0.9031133691845497,0.9523230791293595,0.7680643943231757,0.9126353343364846,0.8788566875892636,0.6717279936591637,0.7795681514940465,0.8206687586293872,0.8822265994777507,0.7186171459852189,0.6757262336210452,0.7548786385130788,0.8506700134220446,0.6602807514680109,0.9540967655391955,0.7562625865198771,0.8474347101629032,0.8288376175853325,0.7895809459740171,0.4998939315081501,0.8288376175853325,0.5573844643429342,0.8943424304056795,0.15447227723334245,0.8288376175853325,0.9126353343364846,0.8675944071688322,0.8861469711805039,0.8467229897868156,0.8784088021185175,0.8716781623645735,0.8474264488038958,0.7491222158741118,0.3474933487862678,0.9341948039796129,0.8007867483907867,0.8380660059124045,0.9117531985549472,0.8571990620055048,0.683268334157066,0.916408502006279,0.6461337839379679,0.644399941408734,0.8170687926476352,0.3691257060250931,0.9161623906277918,0.8861469711805039,0.7075548360461297,0.832040880998659,0.9642715208489503,0.8900981078855802,0.8900981078855801,0.8290305081362614,0.6888653584427257,0.6288471659222001,0.8110100676106646,0.8290449653433583,0.925362051504131,0.9231673852491009,0.8299627240307671,0.7550871737192419,0.9390352294244491,0.8716781623645733,0.6716651765370059,0.9000453259168781,0.8784683043332188,0.9611106211939561,0.8091111481197537,0.7908508258938488,0.9380222350786749,0.9342235794887463,0.7993797243807594,0.8411452513286894,0.9343270097479475,0.822272978935306,0.8655902466966516,0.7881484792646651,0.8193467774655052,0.8144127823270745,0.8276638984121021,0.9450975949913771,0.8555384973506517,0.7239038719625319,0.8901811511257471,0.6892293382363617,0.79169753868695,0.8320180107334441,0.8901811511257474,0.9801313390733748,0.699694520207875,0.854049579300284,0.9071406350367379,0.7358361887951117,0.7186171459852175,0.9842136791557661,0.7604052925130632,0.9267506068373947,0.6733403472031592,0.7422118601404935,0.6682226749221207,0.7516149024294005,0.8980448416283209,0.8861469711805039,0.9077662249784124,0.7525002818927509,0.9441754367900734,0.6852389367468343,0.6288471659222002
p263_F,0.8061163702373836,0.9540615556502023,0.9152641503417578,0.9393074128728374,0.9602211523225768,0.9704919301607371,0.9017356045997866,0.8757769776139175,0.9246724996449085,0.10311526479750699,0.9529044812989522,0.9589316626844853,0.9589316626844853,0.9393074128728371,0.9299882837258,0.6965730689929308,0.9564441004788364,0.9463456194504825,0.967275815149292,0.9688473520249223,0.9119161041777393,0.9517679141853164,0.9495505106234361,0.27474411683835787,0.9506503681784948,0.9463456194504825,0.9564441004788364,0.9345618542101832,0.9688473520249221,0.8229648286294511,0.9412650880954541,0.9643133649175286,0.9552408029353749,0.9364368411420323,0.9602211523225768,0.9672758151492922,0.9615452872130625,0.9552408029353747,0.052790958159660284,0.945305581259918,0.9212094218042226,0.9473991727811977,0.9704919301607371,0.9317998283510542,0.9564441004788364,0.8805321013495042,0.9629078616894173,0.9220700353609519,0.945305581259918,0.915264150341758,0.21791366653875988,0.8822041938925775,0.9463456194504825,0.9540615556502023,0.9552408029353747,0.9442782351269046,0.5024046396832551,0.960221152322577,0.7951128469173039,0.957673577027655,0.9264265757108796,0.9045448781262261,0.9463456194504827,0.6520321555681023,0.9657671730030435,0.862510706561856,0.9643133649175286,0.7627456110866244,0.8197259030030246,0.9672758151492922,0.9383422423783936,0.945305581259918,0.9602211523225768,0.8070018837678951,0.960221152322577,0.9110833848585063,0.9517679141853161,0.9529044812989522,0.8616255760827236,0.9704919301607371,0.40937938138094565,0.948467140918744,0.9422586572762628,0.9463456194504825,0.960221152322577,0.9354957453078971,0.9517679141853161,0.8470108069580577,0.6707076395759345,0.9589316626844855,0.960221152322577,0.915264150341758,0.7644180926980222,0.8863615183906013,0.9422586572762628,0.9220700353609519,0.9135864513673662,0.911916104177739,0.7791342810179901,0.8580546626695638,0.9442782351269043,0.9629078616894176,0.9602211523225768,0.8888428923892238,0.939598219164928,0.9672758151492922,0.9273099638694315,0.8392345523720044,0.9506503681784948,0.7674777878775865,0.9028202028772294,0.4722383669046841,0.8488894389623107,0.929090574034799,0.9629078616894173,0.8303000077421614,0.9735307058746402,0.14649376057562757,0.9704919301607371,0.8888428923892238,0.9317998283510542,0.6965730689929299,0.9506503681784948,0.5285188435298718,0.9463456194504827,0.8438814653687012,0.9615452872130625,0.9308487984769921,0.9589316626844853,0.9872125588573135,0.9003549758958833,0.9493957255905623,0.9643133649175286,0.9704919301607369,0.9564441004788364,0.7806799850349808,0.6710740137143512,0.9643133649175286,0.9643133649175286,0.957673577027655,0.8470108069580577,0.9688473520249223,0.862510706561856,0.9405885046495401,0.6905052205881463,0.9299882837258002,0.9161060738860443,0.7481101185247636,0.945305581259918,0.8353653627728159,0.9688473520249221,0.9264265757108794,0.7627456110866244,0.906939828196573,0.9643133649175286,0.945305581259918,0.9177967406513874,0.9327142329596738,0.7218098922997108,0.9102521474185266,0.8295688743724918,0.9629078616894173,0.948467140918744,0.8344672026399325,0.919497451312518,0.934561854210183,0.7133628952414197,0.9212094218042226,0.9422586572762626,0.7806799850349808,0.9393074128728371,0.9589316626844855,0.9442782351269043,0.8763243374738705,0.8855324042412525,0.9044659624194149,0.9672758151492922,0.6924326497355213,0.9934000968343186,0.9110833848585063,0.6012112501096871,0.9127504202483341,0.9442782351269043,0.9589316626844853,0.9289368665380613,0.8855324042412525,0.8888428923892238,0.6438967509404704,0.9540615556502023,0.940281523787128,0.3418241227800314,0.9246724996449085,0.860737476487488,0.8461628292403134,0.6262770345803654,0.960221152322577,0.2747441168383574,0.9576735770276548,0.6480163263802972,0.8712137408638367,0.9152641503417578,0.9611058687776596,0.960221152322577,0.8970707874646666,0.8707511192158015,0.10311526479750777,0.960221152322577,0.7982162294178599,0.9336347991328915,0.9110833848585063,0.8880166939342051,0.9255474930154989,0.9589316626844853,0.960221152322577,0.7627456110866244,0.960221152322577,0.8884740070227131,0.8737781800841438,0.8712137408638367,0.960221152322577,0.9308487984769921,0.960221152322577,0.8651489736914957,0.9273099638694318,0.934561854210183,0.9028202028772292,0.9629078616894173,0.8261452162494147,0.957673577027655,0.9836543654419931,0.42352172215406136,0.9264265757108794,0.8373542339687656,0.9364368411420323,0.9643133649175286,0.9212094218042226,0.6809249625855597,0.9238013891436974,0.919497451312518,0.9336347991328915,0.9336347991328915,0.3606452433446067,0.9102521474185266,0.9576735770276548,0.960221152322577,0.9238013891436974,0.960221152322577,0.8507520507155971,0.9336347991328913,0.9448229719109481,0.9432628256129658,0.826145216249415,0.27474411683835753,0.9327142329596734,0.9506503681784946,0.9161060738860443,0.952904481298952,0.8913167644457047,0.24782442383039827,0.8995337970065294,0.8995337970065294,0.7446242799760852,0.9589316626844855,0.9657671730030435,0.8660229158723236,0.052790958159660284,0.8694930837030936,0.79821622941786,0.9881161094061224,0.8987127601538671,0.9019980934674425,0.9448229719109481,0.7373990487539737,0.8037353107676908,0.8614494698822022,0.9672758151492922,0.8660229158723236,0.9327142329596738,0.948467140918744,0.9229339640663332,0.9672758151492922,0.922309554537388,0.8219504316646625,0.939807279197018,0.9203519494821841,0.9393074128728371,0.9629078616894176,0.9364368411420323,0.7938420202985809,0.957673577027655,0.9629078616894176,0.9629078616894176,0.8422398757411227,0.9672758151492922,0.8380544030567044,0.8863615183906011,0.9102521474185268,0.9157488137956811,0.967275815149292,0.9602211523225768,0.945305581259918,0.9576735770276548,0.9643133649175286,0.7988652819601518,0.6559488674953633,0.9629078616894176,0.945305581259918,0.9345618542101832,0.8553425819761742,0.6116938173775173,0.6995182600133587,0.8737781800841438,0.8373542339687652,0.7951738539477904,0.9415831046189614,0.9688473520249221,0.9246724996449085,0.9688473520249221,0.9364368411420321,0.5841653633473128,0.929090574034799,0.9629078616894173,0.960221152322577,0.9643133649175284,0.6396684921237514,0.9463456194504827,0.9672758151492922,0.9657671730030435,0.9589316626844853,0.960221152322577,0.9506503681784946,0.967275815149292,0.9704919301607371,0.9299882837258,0.8616255760827236,0.948467140918744,0.9643133649175286,0.7612950419868549,0.8660229158723238,0.9506503681784948,0.9552408029353752,0.8754775406461837,0.24782442383039827,0.9364368411420323,0.8525992707005727,0.9540615556502023,0.9299882837258,0.9704919301607371,0.8303000077421612,0.9364368411420321,0.8208122474227111,0.9564441004788367,0.9589316626844855,0.9383422423783938,0.9102521474185266,0.793842020298581,0.8855843507261227,0.8580546626695638,0.960221152322577,0.8855324042412525,0.517045067433485,0.9373855340691761,0.9354957453078971,0.9688473520249221,0.7428504253927604,0.960221152322577,0.960221152322577,0.4304236393274222,0.5864372529524395,0.8896682568954879,0.960221152322577,0.9688473520249221,0.9602211523225768,0.9393074128728373,0.919497451312518,0.8107770727973278,0.9602211523225768,0.940281523787128,0.9517679141853161,0.8686292480608162,0.8498227077519458,0.960221152322577,0.9069398281965728,0.9345618542101832,0.8218918489040509,0.8197259030030244,0.940281523787128,0.8978917837274156,0.9629078616894173,0.8049301978061503,0.960221152322577,0.8412722731891722,0.9463456194504827,0.8896682568954877,0.8668942308995709,0.9535979799037622,0.8677629859955871,0.9552408029353749,0.960221152322577,0.9650737860076912,0.8826723723783978,0.960221152322577,0.940281523787128,0.8061163702373836,0.8763243374738705,0.855342581976174,0.7988652819601517,0.960221152322577,0.8271928774348513,0.8871895921957202,0.9657671730030435,0.922309554537388,0.8913437890181939,0.9273099638694315,0.9281978840490726,0.9186457666042602,0.9629078616894176,0.9674296364846791,0.9110833848585063,0.9495505106234361,0.7298071334144483,0.9011763798631671,0.8987127601538671,0.9495505106234363,0.9643133649175286,0.9463456194504829,0.960221152322577,0.967275815149292,0.9710638846211328,0.8232442102979091,0.9529044812989522,0.9432628256129656,0.957673577027655,0.8777627336524754,0.9615452872130625,0.9644928340620879,0.952904481298952,0.9602211523225768,0.9540615556502023,0.9052897938321482,0.9246724996449085,0.9672758151492922,0.7410552836650508,0.9688473520249221,0.9540615556502021,0.9495505106234363,0.8356708927056608,0.9788198231857258,0.9688473520249221,0.8368665707797875,0.934561854210183,0.9605021604012387,0.9473991727811977,0.9517679141853164,0.9723047356695362,0.9629078616894173,0.9364368411420323,0.6046145530539162,0.903642795967075,0.948467140918744,0.9212094218042226,0.952904481298952,0.9412650880954541,0.8746288432976694,0.860393071985272,0.9255474930154988,0.9564441004788364,0.8219504316646626,0.9144243194673916,0.5441119669791129,0.9859275654047338,0.9495505106234361,0.8571539835218496,0.952904481298952,0.8838707840618654,0.9859275654047338,0.9336347991328913,0.8737775624853945,0.9629078616894176,0.8788539781850342,0.8607374764874876,0.9354957453078969,0.9212094218042226,0.967275815149292,0.8884740070227128,0.677593759122914,0.9657671730030435,0.934561854210183,0.9564441004788364,0.9564441004788369,0.9448229719109481,0.14649376057562757,0.9412650880954538,0.8633929371948169,0.9317998283510545,0.9589316626844855,0.9589316626844853,0.8979763176038495,0.6215574993952278,0.9564441004788367,0.8995337970065292,0.960221152322577,0.9657671730030437,0.960221152322577,0.960221152322577,0.8941961293283132,0.4492933739654307,0.9364368411420321,0.960221152322577,0.8270670500682897,0.7920701087559869,0.9336347991328915,0.96110154420708,0.9497216571784262,0.8479521653438946,0.6353262776927048,0.6396684921237523,0.9120142963323281,0.3780709567870302,0.6935694561765535,0.9657671730030437,0.9354957453078971,0.8208122474227109,0.8871895921957202,0.9412650880954541,0.9552408029353749,0.34182412278003227,0.8506471194347118,0.9657671730030435,0.9186457666042602,0.9629078616894173,0.9220700353609517,0.35410945952510164,0.9473991727811977,0.9495505106234361,0.881368868516049,0.940281523787128,0.9264265757108796,0.9495505106234361,0.9373855340691764,0.9629078616894176,0.9517679141853164,0.9615452872130625,0.9327142329596736,0.9270340353108135,0.8746288432976694,0.9643133649175286,0.8880166939342051,0.3606452433446088,0.8271928774348511,0.9135864513673666,0.9589316626844853,0.8218918489040512,0.9422586572762626,0.9704919301607369,0.8479521653438947,0.9176189154668899,0.6396684921237513,0.8460652828957045,0.9517679141853161,0.6215574993952275,0.9077662249784124,0.960221152322577,0.9643133649175286,0.9345618542101832,0.9574863565447539,0.8913167644457047,0.9517679141853159,0.9644928340620881,0.9422586572762626,0.8677629859955871,0.9495505106234361,0.796373538838542,0.9688473520249223,0.8383410681534738,0.952904481298952,0.9356763192142941,0.957673577027655,0.9552408029353747,0.8125986986748956,0.9336347991328913,0.948467140918744,0.8635477725273677,0.9061143838323409,0.8516775459542529,0.708954986106942,0.9364368411420321,0.7644180926980222,0.8913167644457045,0.9412650880954538,0.9688473520249223,0.9506503681784946,0.9615452872130625,0.9110812357914193,0.9238013891436974,0.916106073886044,0.9589316626844855,0.840299997105036,0.8754775406461837,0.9704919301607371,0.7134376329597016,0.9493957255905623,0.9354957453078971,0.9345618542101832,0.9473991727811977,0.5957668303856707,0.9412650880954538,0.9506503681784946,0.967429636484679,0.952904481298952,0.9611058687776595,0.9643133649175286,0.9704919301607371,0.960221152322577,0.5098945909109301,0.8946068956234314,0.8488894389623107,0.9373855340691761,0.960221152322577,0.9085936746436278,0.8989178714642765,0.9264265757108794,0.9393074128728374,0.9246724996449085,0.915264150341758,0.9069398281965728,0.8141886315781514,0.9432628256129658,0.9264265757108794,0.8830381436111516,0.9144243194673916,0.9657671730030437,0.9238013891436974,0.502404639683255,0.9629078616894176,0.9336347991328913,0.9704919301607371,0.9432628256129656,0.9576735770276548,0.9704919301607371,0.9540615556502023,0.9942420842964468,0.9602211523225768,0.8763243374738705,0.9094222802137257,0.967275815149292,0.960221152322577,0.35410945952510275,0.8539459738780026,0.8807174319218227,0.9589316626844855,0.9643133649175286,0.9564441004788367,0.9589316626844855,0.9589316626844855,0.991803697936736,0.960221152322577,0.3606452433446069,0.621557499395228,0.960221152322577,0.948467140918744,0.9144243194673916,0.9672758151492922,0.9629078616894176,0.939807279197018,0.9535979799037622,0.9589316626844855,0.8404071783150315,0.8888428923892238,0.9495505106234363,0.7498230589346044,0.960221152322577,0.9273099638694315,0.9629078616894173,0.948467140918744,0.8737775624853945,0.9281978840490723,0.9672758151492922,0.9615452872130625,0.4367973268370705,0.9336347991328915,0.9812882646010124,0.9602211523225768,0.5841653633473131,0.9383422423783936,0.9412650880954538,0.8737781800841438,0.952904481298952,0.967275815149292,0.945305581259918,0.9629078616894176,0.9273099638694315,0.9138808918740069,0.960221152322577,0.9602211523225768,0.9077662249784124,0.0,0.8729254856107438,0.9564441004788367,0.952904481298952,0.862510706561856,0.957673577027655,0.8363623635331235,0.8153105908663699,0.960221152322577,0.960221152322577,0.9857418255557406,0.9045448781262261,0.9238013891436974,0.8308063456911841,0.7428504253927605,0.855342581976174,0.8746288432976694,0.8013187333394386,0.9473991727811975,0.8232442102979091,0.960221152322577,0.9698382173897018,0.9643133649175286,0.052790958159660284,0.8677629859955871,0.9672758151492922,0.904544878126226,0.960221152322577,0.960221152322577,0.8240313055654189,0.9602211523225768,0.8175324891292571,0.9517679141853164,0.8880166939342053,0.9212094218042226,0.9961565139931364,0.9212094218042226,0.796702537333468,0.8830381436111516,0.960221152322577,0.9336347991328913,0.7819144786593132,0.9615452872130625,0.9672758151492922,0.9110833848585063,0.8283225054804628,0.6065341545389953,0.9354957453078969,0.9615452872130625,0.8896682568954879,0.960221152322577,0.9007974233889857,0.5717909861593466,0.6520321555681022,0.9003549758958829,0.8946068956234317,0.9540615556502023,0.9255474930154988,0.8855324042412525,0.9657671730030435,0.8970707874646668,0.7508435140078354,0.9676769377237682,0.9688473520249221,0.9393074128728371,0.9463456194504825,0.8894326889463282,0.21791366653875943,0.9589316626844855,0.9028202028772292,0.9442782351269046,0.9336347991328913,0.9950331250804818,0.9704919301607371,0.9336347991328913,0.9704919301607371,0.9704919301607371,0.9238013891436974,0.9373855340691761,0.9186457666042602,0.9602211523225768,0.9688473520249221,0.9788198231857257,0.9517679141853161,0.8686292480608162,0.9552408029353752,0.9589316626844853,0.9942420842964468,0.9169502243571082,0.27474411683835753,0.828234490828039,0.9354957453078974,0.8616255760827236,0.8797355977355369,0.960221152322577,0.915264150341758,0.9602211523225768,0.8707511192158015,0.10311526479750699,0.9473991727811977,0.9484671409187437,0.8871895921957202,0.960221152322577,0.8826723723783978,0.8479521653438946,0.4610852159925566,0.7951128469173039,0.8070018837678951,0.8232442102979092,0.9643133649175286,0.860737476487488,0.8788539781850342,0.8836456641177748,0.8451155112420428,0.9495505106234361,0.877169299106044,0.9704919301607369,0.9495505106234361,0.9602211523225768,0.9203519494821841,0.945305581259918,0.8737781800841438,0.6396684921237523,0.8875131169682253,0.960221152322577,0.9589316626844855,0.8763243374738705,0.8913167644457047,0.9186457666042602,0.8218918489040512,0.8393229587602622,0.960221152322577,0.8119220126818758,0.8929627841467682,0.9393074128728371,0.960221152322577,0.7889020793904014,0.9552408029353747,0.9672758151492922,0.9495505106234361,0.9589316626844855,0.8796938264815501,0.9463456194504828,0.919497451312518,0.9442782351269046,0.9281978840490723,0.9495505106234363,0.8535173013518575,0.960221152322577,0.9432628256129658,0.960221152322577,0.14649376057562757,0.9064142711340988,0.9094222802137255,0.052790958159660284,0.9422586572762628,0.8807174319218227,0.925547493015499,0.9393074128728374,0.960221152322577,0.7997152688655997,0.7777250516860362,0.8830381436111516,0.9412650880954538,0.9336347991328917,0.9643133649175286,0.9412650880954543,0.5364792390418555,0.9887119198512568,0.9161060738860443,0.8393229587602624,0.9887119198512568,0.9393074128728374,0.9643133649175288,0.9102521474185268,0.9887119198512568,0.052790958159660284,0.9463456194504829,0.9615452872130625,0.9102521474185266,0.9589316626844853,0.5364792390418555,0.948467140918744,0.915264150341758,0.9336347991328915,0.9495505106234361,0.9327142329596738,0.49285071726868823,0.9589316626844853,0.4235217221540608,0.8884740070227131,0.9393074128728374,0.9229339640663332,0.7982162294178599,0.9308912761119588,0.9281978840490723,0.945305581259918,0.27474411683835753,0.9629078616894173,0.9229339640663332,0.9169502243571086,0.9432628256129656,0.9432628256129658,0.9220700353609517,0.9643133649175284,0.9657671730030437,0.6847651610825083,0.942258657276263,0.8954284206508372,0.9354957453078971,0.9412650880954541,0.7298071334144483,0.9506503681784946,0.9402815237871285,0.9602211523225768,0.8720706944005916,0.9044659624194149,0.9317998283510545,0.9220700353609519,0.7355368666803934,0.9657671730030435,0.9364368411420323,0.6794328770235872,0.9463456194504822,0.9564441004788364,0.9422586572762628,0.9212094218042226,0.689919126563362,0.811922012681876,0.9529044812989522,0.9157488137956811,0.9589316626844853,0.7024071207326098,0.8970334570250009,0.9629078616894173,0.9615452872130623,0.6935694561765539,0.9432628256129654,0.9629078616894173,0.9203519494821841,0.7487632090815708,0.8998582096049104,0.9576735770276548,0.957673577027655,0.7997152688655997,0.948467140918744,0.9238013891436974,0.9629078616894173,0.7569142563213483,0.948467140918744,0.9657671730030437,0.9161060738860443,0.9473991727811977,0.9615452872130625,0.10311526479750699,0.9102521474185268,0.14649376057562757,0.8941961293283132,0.9657671730030437
p263_I,0.8309450982070472,0.9955778846774679,0.545470978612473,0.9160575904088807,0.8377384241745149,0.7677892378256611,0.9425431298240888,0.9470714738665182,0.6927322025582687,0.9101481973477736,0.935784040640395,0.8902084347076633,0.8902084347076633,0.7503010649821215,0.9137911924712495,0.8929935508738226,0.9859321621020699,0.692252447793567,0.8846638418171949,0.7920701087559872,0.5938698782312141,0.9712341738232426,0.8923345777617286,0.9350348459302542,0.9952495177812837,0.7811388502627219,0.7668048988448997,0.7526189653089987,0.8292928204930172,0.9149967395066575,0.8454807789353258,0.854430935472339,0.7279927651852528,0.9205977743694613,0.8674444980673444,0.8491179681128108,0.8737714100411207,0.7279927651852545,0.8796338709830263,0.7949380756610561,0.3799655377440544,0.8087141867850514,0.8796338709830265,0.8355106873674196,0.8771132983621985,0.3755479919543053,0.9120113387690363,0.7166033796809947,0.8174731012109202,0.654354681011506,0.8872310446341196,0.3903912606802954,0.7811388502627219,0.8648885836276305,0.8976438471902932,0.6724683867242974,0.8056265820089537,0.8377384241745145,0.9244435212030175,0.9116361072960726,0.6998872400518201,0.8058102945755564,0.9899008445443607,0.6880694014739064,0.7306082406729155,0.6757302248981794,0.8831681912334155,0.7083252382347214,0.677471318971218,0.9202097155215789,0.6375767194244453,0.6371928968120075,0.9543190585756794,0.49909392139188613,0.8377384241745145,0.6649908299725662,0.8208948822783988,0.8084339792389151,0.5142896963541488,0.8461396580903975,0.9613622386524641,0.7839258164060416,0.9336914202212626,0.8296286309093182,0.8377384241745145,0.6900129964970287,0.8960645280508206,0.7235185672175501,0.8596962224112363,0.8324784774213028,0.8377384241745145,0.5454709786124745,0.41081214764010654,0.6344443557955812,0.8507079913036668,0.7683336818826075,0.5942382023204447,0.62576289609728,0.5814255989778183,0.5645023657189783,0.6946614192717404,0.8030775505711365,0.7463765413258745,0.8317283118979464,0.882017995211721,0.8665150422521173,0.7174852025924847,0.5063098834325246,0.8724050166566664,0.5461048075903998,0.6122508083742981,0.9949365520031337,0.718921279461177,0.8103596397276848,0.8486977586224083,0.6776026841665188,0.9782842551125648,0.8665150422521171,0.7677892378256608,0.6030973729140294,0.9302652339761635,0.6249057106097982,0.8081992804193285,0.9943460742396293,0.9212127529864855,0.857970730984468,0.9044031279856874,0.7279151285851096,0.9366016934332577,0.7486308305443685,0.653069169148826,0.929704710864393,0.8872310446341196,0.8796338709830263,0.684632175123461,0.4972942262391945,0.7054232826073166,0.751967754586293,0.854430935472339,0.8273466303940551,0.5684571700444421,0.8729254856107436,0.8202957019577766,0.5206112695442193,0.6895489318294129,0.7515950777200884,0.8385506619260459,0.5633017279870813,0.7768964388915283,0.30478392681195265,0.8292928204930174,0.6998872400518201,0.9266146978106556,0.7000890867475184,0.9159683003951962,0.7768964388915289,0.6860605898568446,0.6236373574791394,0.6136325106468998,0.6406755835665054,0.9586603101619502,0.8663911307177647,0.9497019367329295,0.4838766744732479,0.6533710246353832,0.5045883265641423,0.7707261375084158,0.8250044520205079,0.869011243678742,0.6150804374896737,0.9574967217655704,0.9943316507196173,0.9058639948742915,0.9350809640648587,0.8261579367030447,0.6287004284311978,0.8491179681128104,0.7787057105955291,0.8307854227499225,0.77598986428596,0.9057684653022013,0.9167549929707808,0.9831708423884951,0.976803370637203,0.7200496185295444,0.671416153462729,0.6030973729140294,0.7377626011823737,0.8126128632076948,0.9033093027593166,0.9116361072960726,0.8515645413711996,0.5198901862466521,0.532817886094116,0.8434123598536585,0.8377384241745145,0.8737714100411207,0.8354954619978758,0.6993599456137904,0.6823354441133047,0.7360051239070171,0.8613434560644833,0.8377384241745145,0.49747118223964404,0.5583650989972795,0.9101481973477736,0.8377384241745145,0.7075519310296414,0.8066525844424262,0.7482999886566373,0.6699706775966248,0.5030630560677825,0.705681864287819,0.8377384241745145,0.6381213797819092,0.8377384241745146,0.6447911417928605,0.531873123644695,0.48162221937705696,0.8377384241745145,0.941970173201641,0.8377384241745145,0.7180224294908568,0.9568137209845324,0.7000600918606847,0.5519312302151584,0.7397639704245085,0.43475109844485216,0.8273466303940549,0.964670006910987,0.8032568888594931,0.6542497208399065,0.6817570988798018,0.7196467425075354,0.8831681912334154,0.7128397523847146,0.7320797434544464,0.7330302451228226,0.7546219652257831,0.8259931690751119,0.7292902459116828,0.8497223904550522,0.5145165999128468,0.8554431226947279,0.8377384241745145,0.8642670118853113,0.8377384241745145,0.859298374088383,0.7871951382711735,0.8872310446341196,0.8997748677549584,0.4092627275689237,0.8737714100411207,0.7255351718801459,0.9801815819937928,0.569865601146144,0.8851685732751224,0.6280227744307283,0.8803545486957223,0.461331295777202,0.7725511580540434,0.5296459735268568,0.8324784774213028,0.9967046879593018,0.40872916684438076,0.8796338709830263,0.7608634060835804,0.6009289809217653,0.9716587563508736,0.955812484223286,0.5290338987929599,0.854430935472339,0.6124251441315023,0.5319390284425367,0.5329698810800397,0.8665150422521173,0.4667251094462057,0.9552389850474574,0.7839258164060414,0.8800090685153941,0.8665150422521173,0.8770471487205721,0.48409363739427747,0.9692094281197254,0.4751828147600998,0.7503010649821212,0.7081071803511942,0.8595516526109253,0.4738832875747536,0.9678290918974175,0.7397639704245083,0.8347343406444506,0.3355620960744883,0.8135720944084264,0.5616515140273357,0.6064483080788616,0.6249057106097993,0.8838210327470744,0.7780262207040427,0.7166704674330449,0.9301482289602403,0.7231094927951862,0.7847678637480737,0.509579949994102,0.794067527881311,0.9297047108643931,0.7273329990114636,0.7526189653089987,0.4594386716150144,0.7475913514685386,0.7716904194882588,0.8281188795862373,0.6534053220352543,0.7422866449761163,0.6028010679446263,0.9409609557041068,0.7633243531417939,0.8665155322300471,0.9594837312562041,0.8066525844424257,0.6998473875267406,0.8803545486957223,0.8377384241745145,0.8544309354723381,0.925627209162411,0.7609405393514435,0.8665150422521173,0.8944470361963832,0.8788717361468981,0.8377384241745145,0.8478361164317427,0.902060915956501,0.9188090811153944,0.9374915942804565,0.6852714576685917,0.5944673931753127,0.9200311537959003,0.5209617683408578,0.40872916684438143,0.783630380194405,0.8174231212707674,0.30412826357701783,0.8803545486957223,0.7806928642660702,0.409850157815125,0.8126128632076957,0.8073640326881988,0.8796338709830263,0.45522250885690374,0.7196467425075348,0.4565047684522543,0.9866769299907838,0.8613434560644826,0.9854709193218602,0.7352948213067494,0.4996767604049033,0.4648687892452814,0.28741408904275634,0.8377384241745145,0.6028575323322769,0.7961680219647265,0.7701247457790461,0.9345039016096379,0.9845936208218335,0.6014246630855022,0.8377384241745145,0.8377384241745145,0.821966489991256,0.7633243531417935,0.5144871539344419,0.8377384241745146,0.8292928204930176,0.6869643935402157,0.7503010649821213,0.5521200840449831,0.5455914925456975,0.9840251324685088,0.5930114192865925,0.9461776252324352,0.3652629344123166,0.4636597616573943,0.8377384241745145,0.6074283721054174,0.7000600918606851,0.3884777683697678,0.42255968234149677,0.9872558490849985,0.7403425793213063,0.7081071803511942,0.4766343764564276,0.8377384241745145,0.34037859111694935,0.9441087835057772,0.7200496185295449,0.5224356493112334,0.8737714100411209,0.4108121476401069,0.8082134911047807,0.8377384241745145,0.7016679246337982,0.5432942094296929,0.8377384241745145,0.9662692125035781,0.7541511743825267,0.5690359015081674,0.3034893982023784,0.44532176119196754,0.8377384241745145,0.9323829556009381,0.6942844665441588,0.9351235441987524,0.9603012784992775,0.7843329912246721,0.7396796700358768,0.7071125695676159,0.5776666937152923,0.8803545486957223,0.7260908155688839,0.6373009543432431,0.84411095832889,0.5575206105356356,0.7753472182948768,0.5128671948934413,0.81832370564124,0.8544309354723385,0.646460386754985,0.8377384241745145,0.9913014629303472,0.5499027832543768,0.7654978279487059,0.8590494466041887,0.9872488790222194,0.8273466303940551,0.9254245836944426,0.8505431284577787,0.8554431226947277,0.9102058426283264,0.7166704674330449,0.943302164257533,0.5605373689085299,0.7248825551276546,0.8665150422521171,0.5914016130771009,0.8729254856107445,0.943302164257533,0.9405581971945672,0.5954693504985995,0.8208948822783988,0.7920701087559875,0.8183344727593168,0.8112604948979614,0.9972865411726564,0.8087141867850514,0.6956121393243636,0.8030655047735816,0.929704710864393,0.8995244840690366,0.9277057399304578,0.9402278576548282,0.878655028021406,0.8840085655679659,0.9874813653233984,0.7816813666620535,0.7421592457598484,0.6175483600469194,0.7165658728659183,0.9037594383806311,0.8475339056087681,0.8783963696498949,0.8560271871293255,0.8134750342286592,0.8183237056412402,0.2928146078978232,0.8846276446162573,0.7105388891631577,0.8371573371325005,0.9612603999653453,0.8279467181956763,0.7081071803511945,0.7567539399184476,0.6902185338911946,0.7097752650177309,0.8155410402946657,0.8665150422521171,0.9926055210704758,0.8013254782234269,0.8669517763568069,0.9871850836648492,0.7394139909377533,0.6846321751234619,0.9528312629576812,0.9020609159565012,0.8355221596983087,0.38569979154304157,0.5391093050148701,0.9943316507196172,0.6768168856446392,0.5142896963541492,0.9025302082473685,0.8223314825479053,0.44651130233544745,0.8377384241745145,0.8603611522754107,0.8377384241745145,0.8377384241745145,0.4731775382568433,0.7942118959248208,0.6596874953203675,0.8377384241745145,0.4558157703712469,0.5488349435739222,0.8646743383404832,0.7188731898006469,0.6383152769861178,0.5765567355210837,0.81312274335706,0.7066876776711031,0.5425813690986305,0.8441633632439434,0.9345599133050941,0.962618804038329,0.7368812164026219,0.5202256956420758,0.5819582930196594,0.9205880427293396,0.9511243311366435,0.9116361072960726,0.7951358770908254,0.832865892435834,0.7620229541376187,0.8803545486957223,0.7143632961012671,0.853369986041107,0.9352300610400853,0.699440100030374,0.5986633679791242,0.8868243314264788,0.7178278800270497,0.7942118959248201,0.7850302897678623,0.848697758622408,0.8032568888594933,0.819911410513212,0.9873350616607146,0.5854634271720374,0.43176366352862106,0.9200311537959007,0.6117176937943796,0.8223314825479062,0.7411992281286479,0.6265041855113,0.8211417788605384,0.413964277897545,0.7180908317461929,0.8853148682227655,0.3317475159671299,0.5914016130771009,0.7241964925837927,0.38028527561693937,0.8710079794600136,0.8301521912644834,0.8100326666948972,0.8377384241745145,0.8544309354723385,0.869902024486924,0.8971505719601738,0.43013502925653446,0.8283134374502992,0.8273466303940555,0.9121313613737555,0.39753456191494874,0.9629945639397555,0.4531820305357648,0.7920701087559866,0.45698098323617486,0.8846276446162575,0.6460866675693553,0.8554431226947274,0.8884342170243057,0.6415702561186767,0.8452168921692309,0.7128789076945181,0.6681043025033591,0.632398947787252,0.37610270594976725,0.6496055711232902,0.8195788211528137,0.5933689229730248,0.5585680560264523,0.7604148959042945,0.8665155322300471,0.7590614799694815,0.8737714100411209,0.639598853077983,0.8117405671472415,0.7070876092754221,0.8324784774213028,0.3451642508704822,0.35823209698027303,0.8069644479580292,0.6901307961805629,0.9436681288423503,0.8283488761419413,0.9541733867461883,0.7257299001697448,0.8420066912648008,0.8993215719715819,0.9461117173314366,0.9170314447908747,0.6549647911665004,0.9190734133508431,0.9200311537959003,0.8853148682227654,0.8377384241745145,0.860638527182294,0.4022129445459147,0.4738832875747532,0.6892438431512112,0.8377384241745146,0.6895547750969242,0.2860268034919887,0.7537091599775094,0.8538988933738461,0.6542904045441283,0.6597815986661921,0.6512859107577713,0.8927964739681449,0.64098657309192,0.7798342006665151,0.5505754539630905,0.6511741022940931,0.8944470361963834,0.7505390600355126,0.7834335494615109,0.9436681288423505,0.6711516304750592,0.9636652884875014,0.7904323536708819,0.6669165081938414,0.9188090811153944,0.6384920723829901,0.8722056796512816,0.8057886891115331,0.6910509223603984,0.6009084086612948,0.8665150422521168,0.8971505719601738,0.8533699860411073,0.40040797002492456,0.496728312233675,0.8613434560644826,0.8831681912334156,0.8497223904550515,0.8613434560644826,0.8324784774213028,0.8006792799951266,0.8377384241745145,0.8771132983621985,0.793963182773041,0.8377384241745145,0.7602435135022003,0.8134757218339518,0.9731526633652692,0.8803545486957223,0.9626188040383288,0.8431396920965541,0.8613434560644826,0.4348100074869129,0.6030973729140294,0.8183237056412396,0.5326393182530007,0.8377384241745145,0.7717687153296486,0.8663911307177646,0.6181496960791537,0.391746046199855,0.7817820443944747,0.9731526633652692,0.8199114105132119,0.847836116431743,0.942036676871226,0.931043781543946,0.926856645853003,0.7679714151770545,0.7194341782238373,0.8780551012138241,0.5389924599931932,0.6805429891785711,0.9376067896608848,0.682262947911736,0.8803545486957225,0.7898632195753699,0.5904161770653549,0.8377384241745145,0.894906910790021,0.6311791961380815,0.8729254856107438,0.0,0.822331482547906,0.8078930505800508,0.5443070639349086,0.8273466303940551,0.43474090933641385,0.414002284996821,0.8377384241745145,0.8377384241745145,0.7446771563107553,0.9419155766464378,0.698012615297443,0.5636720397550861,0.5604573398729884,0.36846826212430983,0.5127364241106802,0.5015634477734816,0.7024521045174827,0.5710259247860756,0.8377384241745145,0.7683336818826072,0.8544309354723385,0.8796338709830263,0.2382035332130491,0.8665150422521173,0.5800913372478667,0.8377384241745145,0.8377384241745145,0.44351352788439,0.8057886891115331,0.5458230136090441,0.8960645280508209,0.3581959425206157,0.44843306301735464,0.8779063649381429,0.9011254468862913,0.5512885026421035,0.3563166998533761,0.8377384241745146,0.4777457841482018,0.44337589726612037,0.8737714100411207,0.9913014629303472,0.8275850131662046,0.8767571878153992,0.9003122909683827,0.512152579810714,0.8431396920965539,0.6420643585237775,0.8377384241745145,0.5122788050514722,0.7492998020591339,0.7299566337030396,0.7367444252678046,0.6048570714642945,0.8387507234176637,0.7496770851387413,0.5876785018236912,0.8603611522754102,0.9659849783595004,0.6316273250430866,0.8497223904550522,0.8665155322300475,0.8767467528076702,0.8498269418205968,0.5321315441535495,0.854430935472339,0.8613434560644826,0.6488343591762533,0.8836709623268486,0.8258763075365451,0.8098854336796606,0.8796338709830263,0.7871951382711735,0.8796338709830265,0.9579842912477623,0.8906095793370314,0.8052505154248208,0.7016679246337982,0.9565627197458326,0.7920701087559876,0.9461776252324353,0.8032568888594922,0.5914035870691419,0.7547330071584286,0.8324784774213034,0.9502500599691768,0.6777709894337827,0.8431396920965539,0.42682714483145734,0.8159302904854284,0.7504847656589138,0.698202366694985,0.8377384241745145,0.5291408900333721,0.9565627197458326,0.571138705448861,0.9101481973477736,0.8087141867850514,0.7897927313248179,0.7160031224522192,0.8377384241745145,0.4403088621223463,0.3059781244351346,0.7897927313248181,0.4442063862631025,0.5122788050514722,0.4673075764326722,0.8544309354723385,0.5105484502382598,0.7379824071272152,0.7955965635430425,0.4751406669321725,0.6994401000303745,0.6585028070394856,0.8069644479580294,0.675328290313955,0.9862687936386618,0.9300209525061649,0.9797116688403036,0.5389924599931935,0.7241964925837927,0.2726148561223425,0.8377384241745149,0.8613434560644826,0.5633017279870816,0.33024267510215355,0.9463792145599444,0.3884777683697678,0.3883166762436605,0.8377384241745145,0.38819428225887354,0.47382226762659796,0.7295814993037766,0.8377384241745145,0.5560768291956404,0.8884342170243057,0.8665150422521173,0.81832370564124,0.8324784774213028,0.49135105148518987,0.8727229723398889,0.9908741599367161,0.9387847772936098,0.8547970995427475,0.8682227680453096,0.3269666239590151,0.8377384241745145,0.8997748677549582,0.8377384241745145,0.8665150422521173,0.5727431557421909,0.6305251558219074,0.8796338709830263,0.8291479324561601,0.5522504934947333,0.7674689865385873,0.8538988933738458,0.8377384241745145,0.6503601069638574,0.5198813689191459,0.8267681779576824,0.6228574521207308,0.8065357229038594,0.952831262957681,0.878055101213824,0.8613360295964754,0.7721661418386527,0.6577889645314381,0.33712072702731366,0.7721661418386527,0.7503010649821209,0.7191676454245125,0.609135837653092,0.7721661418386527,0.8796338709830263,0.8067326003900269,0.8737714100411209,0.8772236779171153,0.705681864287819,0.8193627564336343,0.8549727251175647,0.8666458325398365,0.767854553638488,0.8183237056412396,0.744677156310755,0.8219664899912562,0.8613434560644833,0.9535961804043358,0.6318410226094076,0.8538988933738463,0.532528768240639,0.6409125872122188,0.7743999539334898,0.48972182380138174,0.7949380756610562,0.8737714100411207,0.8803545486957223,0.8941287363060142,0.8426079418074768,0.7685638508540675,0.7721975899928126,0.8717942862858326,0.8544309354723385,0.8603611522754107,0.9257178239387083,0.7860278147611457,0.7727633235776457,0.8356925590061295,0.9730796034818716,0.8358306873293739,0.7836303801944049,0.8613360295964747,0.8377384241745147,0.8133755885507752,0.5526012592737528,0.9681670526196606,0.7166033796809947,0.8181554181144393,0.8328658924358339,0.8395652368818691,0.8750327772730231,0.7811388502627219,0.8215867146591923,0.9369482266936953,0.9105888586121326,0.8569490059020992,0.7712479252077631,0.9107467712871915,0.8838210327470744,0.7922768002173587,0.9547954797020881,0.995329131995804,0.7397639704245085,0.965666563874821,0.6373009543432431,0.7685638508540686,0.9120113387690363,0.900037266712768,0.6208655002626315,0.9912112160245363,0.7793024773965308,0.9678290918974175,0.4907314109708061,0.8312904222137237,0.5754509109086146,0.9297047108643931,0.5782971689858378,0.9260196338290883,0.8603611522754107,0.690654727694094,0.911952265387825,0.8505431284577787,0.8729254856107438,0.9019981006889815,0.8665150422521173,0.9689408873370038,0.8603611522754107
p263_L,0.8275320889350728,0.9890537762576723,0.6857147932695523,0.9581457206590637,0.9950603702402812,0.9587434581480645,0.8653044721443677,0.8289289085107753,0.8946812791236378,0.9564441004788367,0.33586567839812276,0.9425805352069323,0.9425805352069325,0.9581457206590637,0.9779039859151868,0.9066666273465951,0.8933873144399463,0.9249834296604698,0.9542468650366518,0.9564441004788367,0.8768459965606676,0.5055764669454441,0.978616554847229,0.9913221015557613,0.5180738075959728,0.9249834296604695,0.8933873144399463,0.9483551875577274,0.9564441004788367,0.8578757006491784,0.9612320790184805,0.9830316367629124,0.991930496947756,0.9111295270090607,0.995060370240281,0.9542468650366516,0.24200443589237086,0.9535591865156562,0.9587434581480645,0.9845948329923001,0.8898393963217797,0.9264564493231813,0.9587434581480645,0.9046463136602705,0.8933873144399463,0.94488575023713,0.3419997922501379,0.8910426583248507,0.5711534589748459,0.8815270484708906,0.9501049319099923,0.9959208534077022,0.9716572732363802,0.9357714224531068,0.9374201804111677,0.9874255252046318,0.9220929278982624,0.944383427890573,0.7923350182018285,0.31460280365214277,0.8971337307079472,0.8421800867365152,0.92498342966047,0.8898393963217797,0.9521375655065456,0.9685147687693445,0.9501049319099923,0.8422747629288032,0.7843727211063931,0.9732924283946004,0.9972272780214038,0.9845948329923003,0.944383427890573,0.8102331311923985,0.944383427890573,0.7040971376499442,0.9836426671336507,0.9341536654578784,0.8457271055357924,0.961397387740879,0.9341536654578784,0.9272203681387052,0.9632197151594926,0.92498342966047,0.944383427890573,0.9903850005315029,0.9652792462742582,0.8910674773860092,0.7452587217982689,0.9425805352069327,0.944383427890573,0.9813943157615574,0.8692466107210819,0.8981872883928093,0.9192692664872615,0.8910426583248506,0.9892693991557998,0.6680538025319436,0.8027946585739212,0.828135182106472,0.9874255252046318,0.9873274034062991,0.9950603702402812,0.9886006759818051,0.720407424988208,0.24868536270712183,0.6221148235967855,0.8041983874263043,0.9310020898787328,0.8126806934976472,0.9206875159123044,0.9786393975617036,0.7887256191380703,0.6861271753268525,0.21293427001890652,0.7627349104500596,0.9890537762576723,0.9542468650366516,0.9587434581480645,0.8733891874315001,0.9046463136602705,0.9709607924834878,0.9187458821598233,0.9178801133263084,0.9716572732363804,0.784330056128143,0.24200443589237086,0.9353159208540363,0.9397362273534058,0.9072118677365053,0.8606818700890229,0.9227946422906832,0.8493047741087218,0.9587434581480645,0.9391025641025641,0.8584578374109315,0.8987553822037084,0.9501049319099923,0.24753389216486277,0.9408215498230332,0.7940271515639385,0.2847662815472135,0.8077701178076944,0.9501659674597744,0.9418603109760091,0.902113512733081,0.9497014469643541,0.8270835681605351,0.9235293061149328,0.9260519438161889,0.9564441004788364,0.8971337307079472,0.7570132038541314,0.8698884442909978,0.9161682054358172,0.923529306114933,0.986876628766092,0.9449459571559087,0.840742176825299,0.9388137099150415,0.9201764087344964,0.987327403406299,0.9272203681387055,0.7834491233257193,0.6997515769421838,0.9085080245777923,0.8771354040135095,0.6216589410515467,0.9928298361682764,0.9141327700514328,0.9581457206590638,0.41016165887492995,0.9220929278982624,0.9099932817368693,0.8186417320437713,0.9595070856400736,0.9732924283946004,0.9486444067354804,0.9948943007172464,0.8756817347288379,0.9033760264581219,0.8780124908814337,0.8969439783075257,0.9425805352069323,0.9035331210577765,0.7048415676958819,0.8445863152939239,0.9276677015291237,0.9357714224531068,0.9123689706343678,0.940821549823033,0.8946812791236383,0.713947862170315,0.7698170080916689,0.9931496147195412,0.944383427890573,0.9462347596389562,0.9408215498230332,0.926193613582623,0.7436282795342906,0.9481052266646683,0.9425805352069323,0.944383427890573,0.6663742931592542,0.7698170080916693,0.9564441004788367,0.944383427890573,0.9533776220537196,0.9072118677365058,0.9403311389782558,0.900854198317711,0.9952883155640533,0.9425805352069325,0.944383427890573,0.8422747629288032,0.944383427890573,0.8892997481908187,0.9843261156522616,0.9836007803366518,0.944383427890573,0.6865107196825377,0.944383427890573,0.8654671479026472,0.9909735478358417,0.971950486482402,0.6747630921837111,0.9481398354780852,0.7754488325827293,0.940821549823033,0.5298611989328199,0.9325645805415601,0.9931496147195411,0.8247238791315252,0.9518720845713886,0.9501049319099923,0.9247323722236849,0.9465236185105819,0.9291552782955317,0.9562462491840289,0.6196758583859588,0.9072118677365055,0.9391025641025641,0.970960792483488,0.9980965995557116,0.944383427890573,0.8934633408766897,0.944383427890573,0.8440146627745115,0.9072118677365053,0.9501049319099923,0.9206732387984036,0.7754488325827295,0.9462347596389562,0.9059247833199469,0.36782177963452856,0.9832000808774302,0.9341536654578784,0.8480451455932461,0.9481398354780852,0.9501659674597744,0.8897444847827976,0.8294438503508301,0.9425805352069327,0.9783779352946236,0.866619528166876,0.9587434581480645,0.8990395688839348,0.8564391918520341,0.9264564493231813,0.9185582096194524,0.9853918430075652,0.9501049319099923,0.8341365508598,0.8823296233988795,0.9573030985407218,0.24868536270712183,0.8126806934976472,0.9449459571559087,0.9762262925984149,0.8922505553843605,0.24868536270712183,0.865920353536517,0.8493943417131191,0.9521375655065456,0.9579262138531626,0.9151430007264558,0.9481398354780852,0.9926146421337172,0.7887256191380703,0.37187785338482193,0.948139835478085,0.9873274034062991,0.723910590678223,0.9542468650366518,0.9330309441919717,0.8411169961963989,0.6432742166951542,0.8849815636158327,0.9542468650366518,0.9950603702402812,0.9386569025459166,0.9408215498230332,0.9501049319099923,0.7834491233257195,0.8886405262183212,0.9873274034062991,0.9694672365613164,0.9085080245777923,0.7783792385791206,0.9008583849785581,0.8733592706140672,0.8784237330487585,0.8103931271108318,0.8472153102721216,0.982035293774637,0.9564441004788364,0.8946812791236383,0.9564441004788364,0.6407023398053273,0.9466378905596333,0.9489545460415916,0.9481398354780852,0.944383427890573,0.9501049319099926,0.9291552782955315,0.9816688831877088,0.24868536270712183,0.9521375655065456,0.9985778460732365,0.944383427890573,0.46798979827549125,0.9542468650366518,0.9613973877408789,0.5294579384011286,0.7654793401073172,0.9279496229669748,0.9501049319099923,0.8175324891292577,0.6749003771446775,0.9310020898787328,0.9374201804111679,0.9913366320046424,0.9481398354780852,0.9518720845713888,0.730905872043099,0.9357714224531068,0.9021135127330808,0.8016790795187662,0.7693321522647549,0.9666428003039547,0.7829050929478596,0.3908569500674792,0.9425805352069325,0.9972272780214038,0.9709607924834878,0.7887256191380703,0.7900304636463149,0.7197454488954538,0.944383427890573,0.8399577749125602,0.9098137391625774,0.9638865172683291,0.566473061939408,0.9564441004788364,0.830620371090681,0.944383427890573,0.944383427890573,0.9235293061149328,0.894681279123638,0.9519848113862236,0.944383427890573,0.8917979759263731,0.944383427890573,0.9996171864694426,0.7341517943295626,0.7958561640457558,0.8133917646328434,0.9165049484215364,0.9652792462742582,0.6955676483679543,0.7362858947045936,0.944383427890573,0.6264048312683022,0.9719504864824022,0.7554525199820892,0.7843727211063931,0.5273352885101552,0.947131880494603,0.948139835478085,0.7767163393241143,0.944383427890573,0.7255936288114715,0.9349950396117982,0.7208135032966234,0.8409162239474857,0.9462347596389562,0.6706224815412873,0.9374201804111679,0.944383427890573,0.8862550362254635,0.8123411346234963,0.944383427890573,0.9165049484215364,0.8797138792115726,0.7583678639577922,0.7253951489942083,0.7834491233257195,0.944383427890573,0.8363367759398719,0.842274762928803,0.9783779352946236,0.7663647205664994,0.7253951489942083,0.8983688348924415,0.8996102754967266,0.9887493638371827,0.21293427001890652,0.9232833700357419,0.8756817347288377,0.9722312205307765,0.8387970042600204,0.9532377069979954,0.6602350307561514,0.9294643302252339,0.18067046083776728,0.9716572732363806,0.944383427890573,0.9732924283946004,0.8922505553843605,0.8744827185801132,0.9862951408967353,0.5889553901744096,0.9408215498230332,0.9624088790511539,0.9462347596389562,0.9408215498230332,0.8572804327866933,0.944383427890573,0.9043815161331966,0.727157527668971,0.9973914867894399,0.9542468650366518,0.8317946002619978,0.9564441004788364,0.9357714224531068,0.8739267712867871,0.9037510484217735,0.9325645805415597,0.9564441004788367,0.8006901819597694,0.9085080245777921,0.9148161375677795,0.9264564493231813,0.9325645805415601,0.5711575978406827,0.9481398354780852,0.9926146421337172,0.9247323722236849,0.7023816537064173,0.9279496229669748,0.9247323722236849,0.9341536654578786,0.9178801133263084,0.9622663405510676,0.7509790904695652,0.9227502900617999,0.9949392712550609,0.8229344304111246,0.6564517323754582,0.915143000726456,0.927949622966975,0.9294643302252341,0.7216446603719207,0.9862951408967355,0.7380789570359625,0.927949622966975,0.5013977899165744,0.7827221585303816,0.9481398354780852,0.8584578374109315,0.7406568205967261,0.9500993698470401,0.9596253481255901,0.9542468650366516,0.8101028101169588,0.9148161375677795,0.9521375655065456,0.9483551875577274,0.9391025641025641,0.9949392712550609,0.9830316367629124,0.9542468650366516,0.9087120239050033,0.7079927759688767,0.9432779785053749,0.41016165887492995,0.9425805352069323,0.8332818327503075,0.8983688348924415,0.9391025641025641,0.9894125498632487,0.944383427890573,0.2835329433063227,0.944383427890573,0.944383427890573,0.8015399251065851,0.9294643302252339,0.992614642133717,0.944383427890573,0.7913298192830456,0.8223314825479058,0.9072118677365055,0.8955308602833414,0.657886501545846,0.7660694052957546,0.9666327685149194,0.8934633408766901,0.8247130225158625,0.9374201804111679,0.8756817347288376,0.9521375655065456,0.9098137391625771,0.860842635501285,0.8422747629288032,0.561896298367625,0.9374201804111677,0.9408215498230332,0.8457892650119996,0.9783779352946236,0.7037676533276607,0.21293427001890652,0.9613445688403954,0.9325645805415599,0.9739085258807387,0.978616554847229,0.8341365508598002,0.4845537682741313,0.8971337307079472,0.9294643302252341,0.9124559366883973,0.9481398354780852,0.9325645805415603,0.9288789627504791,0.66484230448447,0.843431170571713,0.9897770041581087,0.9501049319099923,0.9295657121907097,0.9391025641025641,0.825896867642512,0.6603963547641067,0.9425805352069325,0.7554525199820892,0.9928298361682764,0.8815382336298224,0.7398037923896814,0.887610126390598,0.8934633408766899,0.769488844295755,0.9142011596821674,0.8983688348924415,0.8710438663027387,0.944383427890573,0.18067046083776728,0.9085080245777923,0.944383427890573,0.8771354040135095,0.9325645805415597,0.9408215498230332,0.5533253494459676,0.7518220534949871,0.9294643302252341,0.7860990203693252,0.9564441004788367,0.7305691741022133,0.9341536654578784,0.853793834586861,0.9408215498230332,0.9919304969477558,0.8319998445807035,0.9745100637941104,0.9762262925984149,0.7724081431214276,0.8687343538965773,0.7854536613884082,0.8503465187788168,0.992614642133717,0.8151135627519486,0.7156009781028014,0.9178801133263086,0.9564441004788367,0.9310020898787328,0.9462347596389562,0.7647258735738939,0.9648472157143733,0.9162028130512783,0.9425805352069325,0.8055831071826012,0.7329350212200355,0.9587434581480645,0.8987553822037084,0.948139835478085,0.9290437380995717,0.6133260196629841,0.9739085258807387,0.9630848476738874,0.4751923669832808,0.9310020898787328,0.8886405262183212,0.9341536654578781,0.9425805352069325,0.31439732349195826,0.9587434581480645,0.944383427890573,0.9111295270090607,0.9998217123097293,0.8957924858305065,0.9948943007172464,0.944383427890573,0.8722007603974484,0.9685147687693447,0.8971337307079472,0.9151430007264558,0.6376340398330328,0.9520275060446647,0.9013701145685413,0.8696329500143765,0.9206732387984036,0.8971337307079472,0.8646769443713587,0.9873056066370913,0.2835329433063227,0.6425414726783665,0.9220929278982624,0.793729120059452,0.9350840409709823,0.9587434581480645,0.9652524543463294,0.9408215498230332,0.8815382336298225,0.9357714224531068,0.9673337013468153,0.8739479665019891,0.8823567105447581,0.6470288137481328,0.9542468650366518,0.944383427890573,0.9325645805415601,0.7464223188279442,0.7834491233257193,0.9425805352069325,0.9501049319099923,0.9949392712550607,0.9425805352069325,0.9425805352069327,0.9111295270090606,0.944383427890573,0.9391025641025641,0.9909735478358417,0.944383427890573,0.9279496229669748,0.9796090059367453,0.9542468650366516,0.21293427001890652,0.9521375655065456,0.9462347596389562,0.9425805352069325,0.7533705379959404,0.8445863152939239,0.9294643302252341,0.8258996239394496,0.944383427890573,0.8434300581402194,0.948139835478085,0.927949622966975,0.8261304582583577,0.6166528997131444,0.8283710152571044,0.9913221015557613,0.9310020898787328,0.9860639133827613,0.9688298914803046,0.38949835154881807,0.9745100637941103,0.9137935530290915,0.9178801133263084,0.8196259340934862,0.9341536654578786,0.9732924283946004,0.892718972099533,0.2774670311345221,0.8983688348924415,0.8270835681605351,0.944383427890573,0.8739479665019891,0.6226909861355892,0.9564441004788367,0.822331482547906,0.0,0.9341536654578784,0.8345608929679695,0.9408215498230332,0.7972615860446495,0.7901697029276884,0.944383427890573,0.944383427890573,0.9059247833199469,0.7518220534949869,0.9291552782955312,0.9187432398313613,0.830620371090681,0.983192358288774,0.7351163597714814,0.7807750058510712,0.9311873210041461,0.8216249321297535,0.944383427890573,0.8910426583248505,0.18067046083776728,0.9587434581480645,0.923379658690215,0.24868536270712183,0.8151135627519486,0.944383427890573,0.944383427890573,0.7784556062576649,0.9345041683711355,0.7612950419868558,0.5055764669454443,0.9842997461902936,0.9247323722236849,0.9206732387984038,0.656551916953452,0.8187369563429279,0.9775029680818883,0.944383427890573,0.9072118677365053,0.8002806456228628,0.3044475746976534,0.9542468650366518,0.9080064368535468,0.895293495123891,0.9779039859151868,0.9500993698470401,0.9462347596389562,0.6919170897854235,0.944383427890573,0.8102331311923985,0.9903850005315029,0.8898393963217797,0.6235660792471173,0.882151836730996,0.9357714224531068,0.8959046461825675,0.7048415676958819,0.9521375655065456,0.8560901005086945,0.8783868905890571,0.9391025641025641,0.891797975926373,0.9151430007264558,0.92498342966047,0.7951960389045738,0.9501049319099926,0.9425805352069325,0.7977253040480085,0.9220929278982624,0.9860639133827613,0.9610558594824402,0.9587434581480645,0.9072118677365053,0.9587434581480645,0.9587434581480645,0.6068495352595246,0.9948943007172464,0.8862550362254638,0.944383427890573,0.9564441004788367,0.5055764669454441,0.9325645805415597,0.6955676483679543,0.9374201804111684,0.9425805352069323,0.9673337013468153,0.8838844233706618,0.9462347596389562,0.8763514402953598,0.9098137391625774,0.8065325776074825,0.7821151507000712,0.944383427890573,0.9481052266646686,0.995060370240281,0.7958561640457558,0.9564441004788367,0.9264564493231813,0.9279496229669753,0.699768627680265,0.944383427890573,0.7860990203693252,0.7135381794836075,0.9279496229669753,0.7874151753009928,0.8102331311923985,0.7951960389045738,0.24753389216486277,0.8319998445807038,0.7796551004258119,0.787415175300993,0.7973792966790345,0.978616554847229,0.7562065249480249,0.9587434581480645,0.978616554847229,0.813391764632844,0.6956453479726304,0.9845948329923003,0.8235236725291664,0.8934633408766899,0.732713343467549,0.944383427890573,0.9425805352069325,0.8270835681605351,0.9483230454649096,0.7379324291982323,0.7554525199820892,0.7289226937146789,0.944383427890573,0.768415750603016,0.7102510363582777,0.9996171864694428,0.944383427890573,0.8247130225158625,0.9919304969477558,0.24868536270712183,0.9294643302252339,0.9425805352069325,0.9434256525191982,0.9716572732363804,0.7341517943295625,0.9874255252046317,0.9740313254644388,0.9786165548472288,0.7026549898170109,0.944383427890573,0.9206732387984036,0.944383427890573,0.9542468650366516,0.9262085954688273,0.8733592706140669,0.9587434581480645,0.9192692664872615,0.9668366895736391,0.8959046461825673,0.6202489776871154,0.944383427890573,0.8163247221854022,0.8307148155194142,0.7404319726417871,0.9612320790184805,0.9072118677365058,0.9161682054358172,0.9178801133263081,0.9165049484215364,0.9483551875577274,0.8827041791382022,0.7550135888529286,0.9483551875577274,0.9996171864694428,0.9501049319099923,0.6432742166951542,0.9483551875577274,0.9587434581480645,0.92498342966047,0.9462347596389562,0.578980051558261,0.9425805352069325,0.9165049484215364,0.9762262925984149,0.8815270484708906,0.580249835562831,0.9294643302252341,0.9059247833199469,0.9235293061149326,0.9425805352069325,0.9325645805415601,0.8995084169455554,0.6202489776871158,0.9630848476738874,0.8175324891292579,0.9033760264581221,0.9368208004805827,0.9694672365613162,0.9462347596389562,0.34199979225013777,0.8922505553843605,0.9513129424308564,0.5889553901744099,0.9652524543463297,0.8910426583248507,0.31439732349195826,0.21404844410749202,0.9227685751403902,0.9192692664872617,0.9426449497981504,0.9500993698470401,0.5185443326754529,0.8671639322716809,0.9810860991992141,0.9165049484215364,0.32894214967967206,0.8484696318017606,0.9595070856400736,0.5545103785082668,0.8910426583248507,0.8634335713786971,0.9521375655065456,0.9518720845713888,0.9563502722233992,0.9249834296604695,0.9492240215924427,0.5533253494459677,0.9247323722236849,0.8897444847827973,0.7630684742162603,0.4922901047146937,0.8849815636158329,0.9425805352069323,0.8722007603974484,0.9121267198599359,0.9481398354780852,0.366890713502936,0.8756817347288379,0.9206732387984033,0.9873274034062989,0.9579262138531626,0.8796400151030104,0.8895042070087666,0.9980965995557116,0.3718778533848224,0.8976759937598426,0.9754970377701453,0.9648472157143733,0.9481398354780852,0.8457402940353764,0.4444536718243062,0.2835329433063227,0.8827041791382022,0.9311873210041461,0.9288789627504791,0.9564441004788367,0.8745195447781486,0.9542468650366516,0.8547304391063584,0.2835329433063227
p263_V,0.9763718600070381,0.571886512225715,0.871899210769451,0.97342737827158,0.9398636845831869,0.9553906988562064,0.8464189923301948,0.997643157451324,0.8861224347761869,0.952904481298952,0.9251250367755219,0.9379142777971528,0.9379142777971528,0.7762180107355466,0.8941586572120015,0.8943418469797415,0.9094219082255504,0.8631878595663136,0.9505286850464205,0.952904481298952,0.8903153901509672,0.9747821421515683,0.892670362394828,0.9418654668890594,0.8407576685828648,0.9188871236697291,0.9862951408967353,0.9382829336530907,0.9762381701099261,0.9021649053612403,0.9112065483416407,0.9460501530640812,0.9323345609629294,0.9039073680321512,0.9398636845831869,0.8464753821068667,0.9418654668890594,0.9832374253294529,0.9553906988562064,0.7824006240173305,0.8808870709207715,0.9204798499326443,0.6717386274418828,0.958802510849105,0.6487145310312646,0.976161069659627,0.995812608116145,0.9150128085700577,0.9173148291382112,0.8718992107694512,0.8666344692877815,0.8628690985336129,0.9188871236697291,0.9305518148343679,0.9149568459374999,0.9580084947693384,0.9580084947693384,0.9398636845831869,0.8437213529293757,0.9360123464869741,0.8887741875977793,0.8253638399869102,0.9188871236697298,0.9460546403839527,0.9482479709168004,0.9172372481692359,0.9460501530640812,0.9096413031841879,0.9215681718532158,0.9141406930557711,0.9763438961034467,0.9602126215445623,0.8904904028915422,0.8199103265291452,0.9398636845831869,0.8655788710295136,0.8344267504694403,0.8277434539570452,0.8657472579041969,0.9700351664034114,0.8277434539570454,0.9671761235857237,0.9537504332936724,0.9188871236697294,0.9398636845831869,0.7965588877139695,0.9270843653068204,0.9372187153886652,0.9059312353245792,0.9379142777971525,0.9398636845831869,0.8794124535395723,0.9977091889810265,0.9586211188975344,0.9537504332936724,0.8821881173643271,0.8235286066183779,0.9882611788790332,0.8116380343108167,0.8102470465199714,0.9997447324909988,0.995812608116145,0.9964123220916106,0.7914894796401903,0.9592578392930189,0.9505286850464207,0.9934440424493824,0.9795857802062318,0.9253948970823007,0.7974579792993961,0.8024391351292824,0.769338015882063,0.9925088224207315,0.927863480227435,0.9439253608596803,0.9619360379139117,0.9803079821283598,0.9505286850464207,0.9553906988562064,0.8319564473483687,0.7784272607307691,0.9255404775711312,0.8407576685828644,0.9673445570347357,0.906772862919105,0.9294852910677025,0.9418654668890594,0.8356963633835397,0.9379142777971528,0.8996713357710029,0.8493600255132054,0.8150265150436209,0.6793190916396434,0.9553906988562064,0.9341536654578784,0.8712020127619846,0.8859311733087407,0.9460501530640812,0.9460501530640812,0.9360123464869743,0.9402541312719964,0.952904481298952,0.8171661217546866,0.8979786522405891,0.8903153901509666,0.8941586572120019,0.9357354408000715,0.8130313197766212,0.9173148291382114,0.8598346077756154,0.952904481298952,0.8887741875977793,0.8230778331336515,0.8593147823261378,0.9290729285038272,0.9602126215445628,0.9707989275785835,0.9347184365906842,0.9816127207020934,0.9543810721294508,0.8452070533867961,0.995812608116145,0.672169831829201,0.9615664311231344,0.9104226084898324,0.9010728262563201,0.9469829424304527,0.9236102206896852,0.9947922739901722,0.8428507484980066,0.6184505167067212,0.9379142777971525,0.9157617220296759,0.9420693371951749,0.9870775667492906,0.9995623481084358,0.9505286850464205,0.8749724943304518,0.9823242243522592,0.9834937419649539,0.9669734233303986,0.9291608823245232,0.9152511870116736,0.9379142777971528,0.9681245573504426,0.8808086125633339,0.9395433253516374,0.8834941755373982,0.9305518148343678,0.7307279312200419,0.8500491352017975,0.9197173314687734,0.9112358157683065,0.9699540642454019,0.872162540290954,0.9398636845831869,0.9418654668890594,0.9360123464869741,0.9150128085700577,0.8380878798735414,0.9651573366535677,0.9928618019927207,0.9398636845831869,0.9558782644591541,0.7754268322694216,0.952904481298952,0.9398636845831869,0.9943279333937742,0.8996713357710029,0.8655788710295136,0.8307074284906392,0.9213139766220594,0.9928618019927207,0.9398636845831869,0.9032620922382995,0.9398636845831868,0.8018164814709106,0.6781497209498776,0.7871440474002926,0.9398636845831869,0.8654876821106996,0.9398636845831869,0.9218423061858412,0.8901096639134576,0.8756665293630569,0.967911536434519,0.995812608116145,0.9231892051184236,0.9360123464869743,0.9237321696604077,0.9270843653068206,0.9404663323227446,0.7541176364237723,0.791722668509877,0.7417575508556896,0.8808870709207711,0.9633170462283336,0.8848055194072819,0.8004646620315229,0.8996713357710029,0.8996713357710029,0.9341536654578784,0.8955208649962769,0.9360123464869743,0.9398636845831869,0.9514652625474735,0.9398636845831869,0.7582450999285324,0.8426107983547331,0.9460501530640812,0.794370365963218,0.9717090011218621,0.9418654668890594,0.898279654991218,0.9721643839492673,0.8765742436542546,0.9288025889967637,0.8628614501567908,0.9439253608596803,0.8133444013424312,0.9327528459630949,0.8155834129546942,0.9379142777971525,0.9868659623160063,0.9255114056101086,0.9553906988562064,0.9943279333937743,0.9295590647145762,0.9204798499326443,0.8468773793429292,0.77664365888434,0.9915113877198729,0.9173726389128676,0.996020332603381,0.737172222857507,0.9505286850464207,0.7974579792993963,0.934718436590684,0.9426603652680073,0.8519196982387859,0.9505286850464207,0.8244397822834255,0.878770048192214,0.9482479709168004,0.9119409794917464,0.815659884242753,0.9439253608596803,0.9439076502388632,0.7715561688698287,0.9894969760647812,0.9439253608596803,0.9439253608596803,0.9455750294362917,0.9141406930557711,0.7615035842777333,0.9347920356167372,0.9855797027208401,0.9510363776961273,0.9505286850464205,0.9398636845831869,0.8252984164236818,0.9570183943574119,0.9460501530640812,0.8392442071015724,0.8939577832947226,0.815026515043621,0.8681962088300327,0.9382829336530905,0.9712999780669317,0.927863480227435,0.9876418120474261,0.8575835747899003,0.9244852908514398,0.8817210415235897,0.6973505967128948,0.8345234729276817,0.9794979784534669,0.952904481298952,0.903907368032151,0.8996713357710029,0.8267028687989474,0.9439253608596803,0.9398636845831869,0.9460501530640808,0.9181353909773777,0.8196028562135227,0.9505286850464207,0.66243562848004,0.9928618019927209,0.9398636845831869,0.9253948970823005,0.9505286850464205,0.6717386274418837,0.6811930462688773,0.8844626485954616,0.9220943680125893,0.9460501530640812,0.9295590647145762,0.9003268042382455,0.8407576685828654,0.9323345609629297,0.9307679889614637,0.9439253608596803,0.9039073680321512,0.9270124584146906,0.9305518148343677,0.8941586572120015,0.6717386274418828,0.8924088008086872,0.86781515937437,0.737172222857507,0.9862951408967355,0.9379142777971525,0.8205196097400813,0.8354816398465678,0.8452070533867961,0.7729670530351349,0.9165657238949024,0.9398636845831869,0.8269517634252839,0.8717980029839987,0.8252191394831931,0.9846566758890424,0.952904481298952,0.8168555449761876,0.9398636845831869,0.9398636845831869,0.9173148291382112,0.8861224347761871,0.7080665981379406,0.9398636845831868,0.952904481298952,0.9398636845831869,0.9082470012068006,0.8782989718810936,0.8240586402634162,0.7773931278746947,0.9896201712617319,0.786728973624693,0.92005433765868,0.9321425397233856,0.9398636845831869,0.9769077294222195,0.8756665293630569,0.9781603575318001,0.932856491044435,0.8106284733681066,0.9295810516927872,0.9439253608596803,0.8317067117586021,0.9398636845831869,0.9472325582226064,0.645262842802357,0.9411404869744742,0.9249218090173792,0.9998238347481487,0.8713327811009808,0.7622482528379302,0.9398636845831869,0.8770114237684188,0.8667378392683933,0.9398636845831869,0.8106284733681064,0.9520076408865699,0.916261733711464,0.8970835150993879,0.8147797622972599,0.9398636845831869,0.9328564910444349,0.9630974759206201,0.9482479709168004,0.9300951133092186,0.9792223799547058,0.8901096639134574,0.9261999517257278,0.9315659176140885,0.9439253608596803,0.9910084019014881,0.8655788710295136,0.7549722614362546,0.8521862872722992,0.6941548854859001,0.9592578392930191,0.9237321696604077,0.9460501530640812,0.9624721270225209,0.9398636845831869,0.9818060040046752,0.8834941755373982,0.9513113557979231,0.9774933804060018,0.9142266602978066,0.9360123464869743,0.7747042207694728,0.9418654668890594,0.9360123464869743,0.5842894969108547,0.9964123220916106,0.5221303449317238,0.9150420303903186,0.8787132883757072,0.9505286850464205,0.8441860472819294,0.952904481298952,0.9305518148343681,0.9696315366465988,0.9178014586260064,0.9775200810036838,0.952904481298952,0.8462040700689741,0.9382829336530905,0.9726705794236883,0.6807145489719798,0.9270843653068206,0.9818749943123346,0.995812608116145,0.9439076502388632,0.9134708556523621,0.8831681344805433,0.7623333429754702,0.9134708556523619,0.9288025889967637,0.9112065483416407,0.7271113602869297,0.8762908842740893,0.8754734844590978,0.9094219082255505,0.8293524200538185,0.7586205637314771,0.9476888747140071,0.9877421208411417,0.9696315366465988,0.9183257279892616,0.9251250367755219,0.8321803918827471,0.9220943680125893,0.9162444743188086,0.8304274217510876,0.9439253608596803,0.8428507484980066,0.9611185746489357,0.9401042088409284,0.8258588664949127,0.9505286850464207,0.9023605438588361,0.8718992107694512,0.9482479709168004,0.8384564219662862,0.9862951408967355,0.9341536654578784,0.9460501530640815,0.9505286850464207,0.764929732662029,0.9308831109853786,0.9948775608727722,0.9379142777971528,0.9379142777971528,0.9157052766042655,0.9589992496040742,0.9615633836644072,0.8697672352745365,0.9398636845831869,0.9482479709168004,0.9398636845831869,0.9398636845831869,0.7854118438304147,0.9237321696604077,0.9819538956711097,0.9398636845831869,0.7743720022696058,0.8078930505800508,0.9530613123008462,0.8299382027361314,0.9769077294222195,0.8374227825163816,0.9123081850682936,0.8848055194072817,0.810468129073004,0.8640539815709768,0.9863207806339396,0.9482479709168004,0.9024846512059139,0.882731610867822,0.8294570440795392,0.8458956624111116,0.9149568459375003,0.9894969760647812,0.9878956417464826,0.9868659623160063,0.8677583647415908,0.9439253608596803,0.8880390441955601,0.9747821421515683,0.9647915833876859,0.9237321696604077,0.9697666169202254,0.9896201712617319,0.8887741875977793,0.9237321696604077,0.9438328971193495,0.9439253608596803,0.9747821421515686,0.9415131363853565,0.955965218610917,0.8307074284906393,0.8298714737624997,0.9460501530640812,0.9011784989275504,0.9341536654578786,0.9085939348607099,0.9770828421844056,0.9521906738117113,0.9539022311661152,0.9231240446168278,0.9553906988562064,0.7883680341234212,0.8181251992022522,0.8848055194072817,0.938899815193446,0.8344267504694404,0.9934440424493824,0.8735078944480344,0.9398636845831869,0.9460501530640812,0.9010728262563201,0.9398636845831869,0.9741480292037037,0.9270843653068204,0.9894969760647812,0.9127085925971723,0.9770155294429645,0.4336766925329174,0.7687161165969227,0.952904481298952,0.7330243442666786,0.9774933804060018,0.8419122260561438,0.9360123464869743,0.9832374253294531,0.9361771952086213,0.879427636336771,0.9426603652680072,0.968476061123938,0.9079114031278835,0.9779788506484827,0.83818476025034,0.715630177645384,0.8000885584109012,0.8654876821106997,0.9112065483416407,0.9529044812989522,0.9721643839492675,0.9418654668890594,0.8063167594070367,0.9514652625474735,0.8731720022848473,0.9379142777971525,0.9732645673384563,0.982264158969903,0.9553906988562064,0.9441528874718967,0.9439253608596803,0.8341784453489841,0.8384564219662866,0.9204798499326443,0.9496407070933521,0.9921724780907231,0.9810661291837659,0.9119409794917464,0.9288025889967637,0.9928618019927204,0.9460501530640812,0.8954610316630295,0.9398636845831869,0.903907368032151,0.911344744007007,0.8697573482257854,0.8252191394831929,0.9398636845831868,0.8618150114025946,0.7575315909834783,0.8887741875977793,0.9082470012068005,0.9197173314687737,0.6928962017713397,0.9181112558741784,0.8405425936349107,0.997484652794657,0.9746182283386399,0.8231810246346636,0.8204122059626302,0.9482479709168004,0.9152152511721424,0.9580084947693386,0.995812608116145,0.9530613123008462,0.6717386274418833,0.9142266602978069,0.9360123464869741,0.5971644927015016,0.9305518148343679,0.8730044142720107,0.9964123220916106,0.9420693371951749,0.9825000842131435,0.9505286850464205,0.9398636845831869,0.9270843653068206,0.7986133486219944,0.8392442071015722,0.9379142777971525,0.9460501530640812,0.9341536654578784,0.9379142777971525,0.9379142777971525,0.9419536134643974,0.9398636845831869,0.9341536654578784,0.8901096639134575,0.9398636845831869,0.7623333429754702,0.8822038481937838,0.9505286850464205,0.9439253608596803,0.9482479709168004,0.9418654668890594,0.9379142777971525,0.7051000760969124,0.8319564473483689,0.9237321696604077,0.8117511609963388,0.9398636845831869,0.6965528219428433,0.7547644840194464,0.9671761235857237,0.8530125764245864,0.9956958720067637,0.7111447602090581,0.9418654668890594,0.9253948970823007,0.8057939603726956,0.9721643839492675,0.9398636845831869,0.9162444743188085,0.7815635381492406,0.9516895132161818,0.9629825713700773,0.9288025889967637,0.914140693055771,0.9602126215445623,0.995812608116145,0.6276632362522261,0.8130313197766212,0.9398636845831869,0.9398636845831869,0.9492067691890838,0.952904481298952,0.8078930505800508,0.9341536654578784,0.0,0.7921483401510492,0.9360123464869743,0.7526181602736828,0.7450015194592317,0.9398636845831869,0.9398636845831869,0.898279654991218,0.8759144031389283,0.8152256364618542,0.6902585373375003,0.8168555449761876,0.8723446941102067,0.9326315872380699,0.7629594400487256,0.9908966831572723,0.7785524145786098,0.9398636845831869,0.7895649705783688,0.9460501530640812,0.9553906988562064,0.7955069363729533,0.9505286850464207,0.8253638399869101,0.9398636845831869,0.9398636845831869,0.9749366274408569,0.9470390403999657,0.7418964150039304,0.9270843653068206,0.9011784989275505,0.9460546403839525,0.8359993622116432,0.923610220689685,0.8040064111587775,0.9661004124637117,0.9398636845831868,0.8996713357710029,0.784050227582616,0.9418654668890594,0.9505286850464207,0.8957643484306201,0.9695606578627879,0.8581298364851786,0.9024846512059139,0.9418654668890594,0.9239391611456851,0.9398636845831869,0.7948115130896283,0.9024846512059139,0.880887070920771,0.9239952855998443,0.8286830827853717,0.9305518148343681,0.8874452201355858,0.8542413740168446,0.9868659623160062,0.9280074734972836,0.8369409776400185,0.8572804327866933,0.9762381701099258,0.8945436312571668,0.9188871236697296,0.7785524145786096,0.9460501530640812,0.9379142777971525,0.8530868722164204,0.9157617220296757,0.8057939603726952,0.9067878891240293,0.9553906988562064,0.9898781502828838,0.9553906988562064,0.9553906988562064,0.6485762786113765,0.9438328971193495,0.9089152002046674,0.9398636845831869,0.9762381701099259,0.9270843653068206,0.9298223041589355,0.86940933433815,0.9323345609629297,0.9379142777971528,0.9157617220296757,0.9059312353245794,0.9418654668890596,0.9684760611239378,0.9777237664759431,0.7908102298540949,0.764408493276695,0.9398636845831869,0.8794124535395723,0.9470390403999661,0.9456381602484041,0.952904481298952,0.8579614827921467,0.922094368012589,0.8230778331336513,0.9398636845831869,0.7687161165969227,0.8619501567128618,0.9220943680125893,0.770139230339935,0.7948115130896285,0.7785524145786096,0.9460501530640812,0.7894676309479194,0.9231924198056225,0.8682487271258559,0.7937891208337404,0.9385697293810191,0.9011365786092649,0.9700351664034113,0.9237321696604077,0.7208444903662701,0.9910084019014881,0.6537072467982756,0.8091821252214859,0.8848055194072817,0.9287288477069137,0.9398636845831869,0.9379142777971525,0.9420693371951749,0.9986868840230454,0.9315659176140884,0.9781603575318001,0.9505354826315566,0.9398636845831869,0.8468201848950909,0.9976859924857046,0.8551017577499598,0.9398636845831869,0.810468129073004,0.8131511172044537,0.9505286850464207,0.9237321696604077,0.9379142777971525,0.86914462384162,0.9188871236697297,0.7362173888140451,0.9157617220296759,0.9348082077122007,0.846770995408637,0.9252894004739957,0.9398636845831869,0.955855656546232,0.9398636845831869,0.9505286850464207,0.6898759258271765,0.8630676692554227,0.9553906988562064,0.7999985225273286,0.8671824552466778,0.8874452201355858,0.9082470012068007,0.9398636845831869,0.92005433765868,0.8877399479536634,0.8344013106501966,0.951689513216182,0.8996713357710029,0.8041960100717361,0.9112065483416409,0.9097196291136667,0.9010728262563201,0.873172002284847,0.7556217296678093,0.9010728262563201,0.9339855047643736,0.9460501530640812,0.9844006847043054,0.9010728262563201,0.9553906988562064,0.9188871236697296,0.9418654668890594,0.5953247392477321,0.9379142777971528,0.9097196291136667,0.7172515874023349,0.8718992107694512,0.9364881737530408,0.9237321696604077,0.8982796549912178,0.9173148291382112,0.9379142777971528,0.9270843653068206,0.9990317979177459,0.8945436312571667,0.9511394955727168,0.9549300653451258,0.9312485969328888,0.9609479118662456,0.7824006240173309,0.9418654668890594,0.9355505770919705,0.9496407070933521,0.8736872401527205,0.9142266602978069,0.7527413697147933,0.9150128085700577,0.9460501530640815,0.9482479709168004,0.9644126257985282,0.9127085925971725,0.9091747302975836,0.9846566758890424,0.9112065483416409,0.882917454401393,0.9721643839492675,0.9097196291136667,0.8904904028915421,0.8066008061629641,0.9126446824437987,0.8866524108017708,0.8821881173643273,0.8481878388280109,0.9868659623160063,0.9058614048066168,0.9966177024890439,0.9188871236697291,0.9341536654578784,0.8820822039203282,0.988777790152866,0.8763300120309894,0.9587310373494922,0.9288025889967637,0.8991741089518654,0.9928618019927207,0.930279392116764,0.7366461596861057,0.9439253608596803,0.9418654668890594,0.8655788710295136,0.9142266602978062,0.6945024529952721,0.8795907732894912,0.8381847602503403,0.7805368441912517,0.9894969760647812,0.9360123464869741,0.996021842639475,0.9426603652680074,0.915215251172143,0.9439253608596803,0.8332042054706015,0.9220943680125893,0.9482479709168004,0.8731720022848473,0.9204798499326441,0.9998238347481486,0.9762381701099258,0.9243614595545964,0.914140693055771,0.8668953185157885,0.9482479709168004
p264_K,0.8829079476162991,0.8739505243385466,0.6260262656416016,0.8739981632251432,0.7397319772351776,0.86976889809915,0.9215569660929646,0.9089503715027197,0.4693823431440821,0.8625107065618558,0.7921483401510494,0.7295304735691874,0.7012979244526321,0.7524045539759372,0.9817077830587809,0.7118767537922575,0.9417239936090696,0.8079901782218555,0.9946431408472549,0.8989178714642767,0.7204298323354348,0.7871322076693466,0.8480964700748994,0.8602443068685646,0.7822000230606596,0.6097559365692988,0.8077701178076948,0.581405850149103,0.8989178714642769,0.7094588935086941,0.6560058361934369,0.7725220861577018,0.8547682073619651,0.7331716311016787,0.7397319772351776,0.855574875783836,0.8602443068685643,0.8547682073619645,0.86976889809915,0.8026938763442284,0.6522651642843793,0.9361676717104686,0.9769635650859829,0.7078527865007349,0.9685147687693445,0.6606876669548469,0.836297322381335,0.6861769615434893,0.7586113066985587,0.3836912857773581,0.8745818404295127,0.5745948299893167,0.6097559365692988,0.8995157059831189,0.880922572630294,0.7974907805060596,0.7540772107829423,0.8244397822834253,0.5809989865612575,0.8681580978826142,0.46487888293482627,0.5316950133752765,0.856094118773041,0.719232571191649,0.8489166250019227,0.3599223300970862,0.906663301648857,0.7974880556974238,0.8900251507881576,0.9358227266210355,0.7879272388672205,0.7586113066985585,0.9697158624438909,0.30942094223535876,0.8244397822834253,0.6075748488380361,0.7871322076693466,0.8171661217546866,0.4042645025361674,0.9464026665065834,0.842183903358324,0.8652182557384989,0.7451639931344709,0.9199620792235577,0.8244397822834253,0.773304350795371,0.9831926995272839,0.5923673014560229,0.8599357504386542,0.8187487405659168,0.8244397822834253,0.6739431583148774,0.5332644000596742,0.4199178649864629,0.8506023909750837,0.7705051201155815,0.7132990121116976,0.6112499775437952,0.4596877957320097,0.2866038390987442,0.8191975653676185,0.8982237067147958,0.8244397822834255,0.7443548587902844,0.7550756959419711,0.8555748757838357,0.7322835002131505,0.4095479161972926,0.7131574303708902,0.41374780397701605,0.6596030403227284,0.9044578620752599,0.5568653552791492,0.7951388283502325,0.836297322381335,0.43927292220300385,0.9982235674385946,0.9251090083155455,0.8697688980991498,0.41263827428739386,0.9488168385780471,0.681028041356623,0.7822000230606598,0.8239810645191492,0.9680660197747415,0.5322823935233103,0.8302837275767865,0.9632293293236966,0.9881440352652531,0.9719390772537835,0.42081766955910327,0.8362973223813353,0.906663301648857,0.9386466808822661,0.807770117807695,0.6256123106363685,0.7449103088106317,0.8425003792101688,0.8745818404295129,0.8681580978826144,0.5766188937295179,0.8625107065618558,0.43704854368931934,0.701554709747126,0.689235588109252,0.5816959999778324,0.6148345801374955,0.31263358169241606,0.8887281361360805,0.3983378285560488,0.935325036366697,0.48242644482788954,0.7767846219324193,0.9669148384465747,0.8745818404295127,0.6462740030848937,0.6860519966800456,0.8528212503900046,0.7778784057093961,0.6347549727031718,0.7619694710245579,0.9911132832149867,0.7957279794915257,0.6528233158405652,0.7107312362596074,0.7303137731952762,0.8655256091895289,0.7024907194648318,0.9349531092475738,0.47949700311473364,0.8739981632251432,0.8187487405659171,0.7466667374011995,0.772413531739983,0.727113834010338,0.757005895732555,0.9251090083155453,0.8994310104775967,0.8620973345363772,0.7006323234896974,0.95197559545804,0.6634625502799177,0.9928518442600907,0.931678937032141,0.9600814891984106,0.5903614497845977,0.3573591354728157,0.8813032356595615,0.7972549794048319,0.7774917415814295,0.9231198983874689,0.728302900027585,0.4366383498382149,0.27732597650778257,0.7805759556634884,0.8244397822834253,0.8302837275767869,0.978081698892324,0.8415853504527853,0.7326311833021757,0.5274419637971856,0.9034463879155852,0.8244397822834253,0.6316531930429341,0.30231345188393666,0.862510706561856,0.8244397822834253,0.9372230975539002,0.5740569099235262,0.46185040464535765,0.5850150989935146,0.7236170816883489,0.8187487405659171,0.8244397822834253,0.8454503190888963,0.8244397822834255,0.44723292144756166,0.6273213891465845,0.6933680607081301,0.8244397822834253,0.618040441529869,0.8244397822834253,0.7148732309826857,0.7898690145471716,0.8067893706014562,0.5858555644402987,0.8362973223813353,0.3074979664634597,0.8681580978826142,0.8009294265428091,0.9187770545437476,0.8156710794496131,0.6423735975033642,0.7781154975761411,0.8425003792101688,0.9626722459988177,0.9490671206730401,0.937707738686351,0.7932583529619603,0.8578094179377049,0.5740569099235252,0.9417239936090698,0.7118767537922572,0.8570328995931125,0.8244397822834253,0.7369134976911083,0.8244397822834253,0.6699285630853822,0.7260202369748257,0.9008479310350785,0.9207107204421492,0.33242788903680176,0.8302837275767865,0.5106108602514693,0.7822000230606594,0.7422518849432447,0.9172372481692359,0.4049223571284517,0.8362973223813353,0.6290782672865969,0.9914604795892425,0.499135113266854,0.8187487405659168,0.8843708570014721,0.6804464223598394,0.86976889809915,0.5200757006222229,0.7416852552421769,0.836154519412001,0.7396807031833379,0.6555792182897768,0.9387447628682011,0.7563327554870056,0.6727578459422179,0.4335409435827604,0.8555748757838357,0.23258664924438743,0.7727270499873315,0.8188914049071836,0.9492766422282211,0.8555748757838357,0.8339417653831189,0.25862957483337157,0.9843880512501988,0.6651026274250429,0.8334669601420743,0.8362973223813355,0.7194699530174791,0.30458195761385576,0.8131962973777598,0.8362973223813353,0.9911132832149869,0.4040776262283784,0.8903419420496907,0.37933436240991947,0.6252877880000256,0.6039062602675376,0.8988448557132203,0.9598760745814003,0.8244397822834255,0.8688177308127336,0.8956389981350419,0.906663301648857,0.3134317137477113,0.8861077761283547,0.9291868988815264,0.8467764459898994,0.944664937828459,0.43783425538942167,0.8085277359553987,0.8781496507267483,0.8117109559514886,0.907438761238458,0.7307728079125275,0.6475651331698307,0.8989178714642767,0.5902119363563848,0.9717322012691176,0.9931491609579008,0.8199757502024818,0.723078203678529,0.7921443716179016,0.8244397822834253,0.7404406249383582,0.8178313520885738,0.7632014178211768,0.8555748757838357,0.94893381925065,0.983623415618191,0.8244397822834253,0.9774940023829348,0.855574875783836,0.8697688980991498,0.7819216178479302,0.6588208381811855,0.7725645540758679,0.9708262240875449,0.41578885138930355,0.4992852676272117,0.8542918154275816,0.6744532178081022,0.5298094246653324,0.9601500910482565,0.5963320271314678,0.5521228184577549,0.7170065693483039,0.6544254150834583,0.8697688980991498,0.32588395868880815,0.7781154975761408,0.24656652428269565,0.8077701178076946,0.8187487405659168,0.8880071988543179,0.7427254662278917,0.31719612749712056,0.19812487568875448,0.41181922578381336,0.8244397822834253,0.20839504969448763,0.773304350795371,0.763211324422731,0.8506214655678928,0.9190463040236206,0.4527838483013338,0.8244397822834253,0.8244397822834253,0.7586113066985587,0.8318711227809854,0.6239785189235361,0.8244397822834255,0.8989178714642767,0.8244397822834255,0.7524045539759371,0.6447095428977248,0.4272508287647079,0.8244397822834255,0.7364380996992963,0.9341775765627998,0.4592403040079165,0.3877124009171893,0.8244397822834253,0.6648130874346065,0.7303137731952765,0.2887206664443941,0.3664394132049269,0.8185453834635628,0.6787498055624164,0.836297322381335,0.31444095184674536,0.8244397822834253,0.4749433339313578,0.7632014178211763,0.6273294956959661,0.9181094919566573,0.9201654654521203,0.4423576763658501,0.9070769378986239,0.8244397822834253,0.7197434593760985,0.5294117101822,0.8244397822834253,0.8390722044046293,0.5198696366243254,0.6928524111688874,0.3997011462700619,0.28829159507416646,0.8244397822834253,0.7279628986790625,0.39922701218985945,0.9489338192506498,0.6639063335420796,0.5268115100012608,0.4890020793962624,0.5491774293022442,0.7229129979164639,0.8362973223813353,0.8861077761283546,0.3687929299936967,0.9188470353730347,0.4472280560790153,0.7100438679677654,0.5674137870456593,0.9660140789051248,0.8425003792101684,0.807990178221857,0.8244397822834253,0.9946431408472551,0.7788297314971429,0.5052214381738855,0.857602717398028,0.8351532582297649,0.81319629737776,0.7427155262981298,0.980086624035676,0.81319629737776,0.8672016849619615,0.8244397822834255,0.8995157059831183,0.5969628067815798,0.8229014680410129,0.9358227266210354,0.3927840002104518,0.9918606338284618,0.7681369326374485,0.9660140789051253,0.7331986590526252,0.9096700150805574,0.8989178714642767,0.5464589704357312,0.6196436488521937,0.865610729007982,0.7906189576364944,0.7871322076693468,0.6808297674054002,0.977923524618283,0.9540521312521262,0.719232571191649,0.862214628204755,0.9115451065698144,0.8287374321842768,0.9672728113765106,0.6144047882504435,0.5786839004842803,0.552122590221275,0.7932254103633776,0.9685147687693445,0.6902806051414694,0.7175671126586933,0.9638770244425825,0.7641669376109765,0.9188470353730347,0.4205364891350598,0.9576738438125774,0.5689046225279277,0.9958011917675542,0.8016875724452741,0.6243480483313776,0.8362973223813353,0.9461701683971668,0.5135290265766737,0.9472678590335448,0.9536184953670945,0.831521527823471,0.7801177131628729,0.6232757491437385,0.9822728840002257,0.8641460686560911,0.8613516681282449,0.807770117807695,0.8687664698157342,0.855574875783836,0.8031805405476526,0.48722172141334086,0.6990049314628051,0.8187487405659171,0.8187487405659173,0.6224501081225366,0.9668495646359405,0.8077701178076944,0.6000876903023851,0.8244397822834253,0.8822556897514988,0.8244397822834253,0.8244397822834253,0.21004048997418856,0.7773459047767646,0.7390184678703662,0.8244397822834253,0.5085204228912485,0.3648807000699503,0.8962717417833346,0.8041880534886765,0.6346029123334096,0.5683965935173481,0.6675491339109119,0.9377077386863513,0.29933517572255774,0.9332313031669532,0.9581569361208795,0.9489338192506498,0.5501708949450677,0.620515362882825,0.467892709346336,0.7407789686331632,0.9098425052230693,0.9506007986398965,0.7920481577092777,0.8822556897514986,0.7229129979164641,0.8362973223813353,0.8584509821672037,0.9586851380450419,0.9817032334859748,0.7773459047767637,0.3390647988869002,0.7774917415814295,0.5701642542932013,0.821734225200469,0.9807605466727527,0.7611811794511716,0.9096700150805577,0.8302837275767865,0.959952899798664,0.502359396115279,0.5654841249102431,0.9066633016488577,0.64353167414296,0.8613516681282449,0.5534343194846523,0.6186218983860299,0.9034463879155852,0.40089712547674994,0.7451639931344709,0.9080857823028665,0.42977027003434276,0.21871001972447957,0.9890833329425415,0.3961055963360349,0.7871322076693468,0.8429631795738017,0.6783382844613204,0.8244397822834253,0.8425003792101684,0.6387625482037371,0.8534949983155187,0.6459557901396318,0.8697619315792628,0.7745901988358302,0.8506023909750835,0.41638432673904324,0.8716799918409446,0.277589345086908,0.8989178714642769,0.39913831518168497,0.9326560622089399,0.4241557427366942,0.81319629737776,0.9883056010280581,0.7944548827772033,0.7449370708424374,0.8652182557384991,0.6907823749264406,0.6177486554628693,0.3833504085479218,0.6571977612813534,0.7976640124290282,0.6485750866959077,0.5761674186152255,0.5936042642789483,0.9353250363666972,0.9023530103388626,0.9300316380889899,0.6800041225194142,0.7711638938619024,0.6951987720024035,0.8469812896824729,0.43296440839432915,0.5033502134385774,0.9464026665065834,0.6551657336641148,0.7921443716179024,0.8506214655678928,0.7494326725468214,0.8589223002997541,0.8637964897079657,0.7823800165761561,0.8573410151047326,0.6651026274250428,0.792148340151049,0.8469812896824731,0.8425003792101686,0.9080857823028667,0.8244397822834253,0.8954065866934644,0.577329737676249,0.3676528070301791,0.7236569203772727,0.8244397822834255,0.5030409754960021,0.457475728155339,0.4648788829348267,0.752404553975937,0.6675491339109119,0.6739431583148774,0.5044070972824815,0.9839004103049944,0.7709851615704779,0.8683137651288007,0.3929076822290585,0.7016925523411566,0.8489166250019229,0.6637045693200032,0.775783995644501,0.9159971402848224,0.7449370708424377,0.8697688980991496,0.6301126029428366,0.8406771976301872,0.9080857823028665,0.7972549794048318,0.8843179199522955,0.8244397822834255,0.6000311038359419,0.63092646205291,0.7619873952917615,0.9406606464117979,0.9432846160259896,0.3541423560103243,0.22544129839030436,0.8187487405659168,0.9708262240875449,0.8345608929679691,0.8187487405659168,0.8187487405659168,0.7781154975761407,0.8244397822834253,0.8077701178076946,0.8207737752575356,0.8244397822834253,0.7725645540758679,0.6699434317060833,0.9010556603551805,0.8362973223813353,0.9155947545010743,0.8302837275767865,0.8187487405659168,0.33275683721361515,0.21916128843636928,0.633066051072107,0.4382813374912071,0.8244397822834253,0.7322835002131505,0.836297322381335,0.7725645540758681,0.2871382414451059,0.7188157380895688,0.855574875783836,0.9201654654521201,0.9054022100160135,0.9902272550109921,0.78220002306066,0.8825502143476118,0.7449370708424383,0.7478952548723818,0.8447815884906458,0.5956082936041784,0.9672728113765106,0.9598760745814003,0.7806525915213935,0.836297322381335,0.7322835002131505,0.4054548890253613,0.8244397822834253,0.9697158624438911,0.6992075387847341,0.862510706561856,0.5443070639349086,0.8345608929679695,0.7921483401510492,0.0,0.81319629737776,0.15979418667554368,0.22231966464705377,0.8244397822834253,0.8244397822834253,0.9838793452579369,0.6241711237534991,0.8007061540031768,0.49278223525389064,0.3592878064544337,0.4886784008819012,0.5522843493362055,0.29885233862780236,0.8589223002997537,0.17552230514441802,0.8244397822834253,0.7572571918806907,0.8425003792101684,0.86976889809915,0.4553443511792534,0.8555748757838357,0.37585491561443585,0.8244397822834253,0.8244397822834253,0.3355510154036313,0.8244397822834255,0.3069305790333847,0.7871322076693466,0.5608759712647253,0.6522651642843793,0.8779319893359572,0.8531673850061894,0.40970959911668736,0.6191362513445366,0.8244397822834255,0.7071034031072132,0.29236998673193537,0.8902048861603422,0.9946431408472551,0.9581569361208796,0.7160001759908088,0.7455569102951165,0.7153165147159799,0.7203075830465431,0.6517078517154067,0.8244397822834253,0.2320449191763705,0.7539750721022402,0.6780607666429177,0.7640172828287137,0.5773297376762492,0.9506460692722618,0.47588713854882225,0.6040119441086991,0.8176927275023205,0.7812156679842754,0.397579014335424,0.8345608929679698,0.862510706561856,0.9233458213595139,0.8975676990232175,0.2389259845731614,0.8425003792101686,0.8187487405659168,0.4554272490881064,0.6815463828165229,0.8206044063128859,0.9880871588414151,0.9386466808822661,0.7827707385776619,0.8236960282711157,0.9080857823028665,0.7150801635761934,0.9401306452363304,0.4738566022992853,0.7687871932672707,0.8989178714642767,0.8116397691515886,0.8207468086147787,0.5503168625318433,0.8547682073619653,0.7012979244526318,0.9928518442600907,0.7194805329790217,0.9800866240356763,0.5237242476026187,0.8312921868747623,0.5582778711853693,0.6075959796989336,0.8244397822834253,0.6899154558726361,0.9431184894598297,0.4772257795170164,0.8625107065618558,0.9589354525982218,0.6251863851170316,0.6943857853446471,0.8244397822834253,0.3531360546154957,0.4297702700343424,0.9347085319854722,0.28478563948688773,0.38679696529434715,0.30232966400190486,0.8745818404295129,0.4100014990849099,0.9069074801291332,0.9401100777701822,0.37928211522796207,0.8245129483088545,0.5642304709804971,0.9847195507103002,0.8480964700748994,0.8244397822834255,0.8479428333847703,0.934941585281239,0.33219462674003253,0.8692069463447651,0.39600296339360996,0.8268976253314573,0.8187487405659168,0.3789345155016628,0.5342943957005832,0.70652054077801,0.46321738049472494,0.39101543039975684,0.8244397822834253,0.34477720648023036,0.5276012751461725,0.8334669601420748,0.8244397822834253,0.28613540014852057,0.9621512357597285,0.8555748757838357,0.9188470353730347,0.8469812896824729,0.5627721168737212,0.721727837571001,0.8922908930047839,0.9854413708783502,0.995523058941384,0.8952635136069897,0.4549582191947237,0.8244397822834253,0.8440062584737957,0.8244397822834253,0.8903419420496907,0.6586653616685392,0.4485912494089458,0.86976889809915,0.7276440176624643,0.6683934799737268,0.5977017137301219,0.7726701555174715,0.8244397822834253,0.747092543140724,0.39010471329173024,0.6056026065989693,0.8239810645191492,0.7071034031072152,0.9387447628682009,0.7407789686331632,0.9556595861847049,0.8450271693045466,0.4541061964076808,0.40353399284775593,0.8450271693045466,0.7929357570590061,0.8425003792101688,0.6039062602675376,0.8450271693045466,0.86976889809915,0.9871452198245783,0.8101893209218773,0.6501793289209887,0.8187487405659173,0.8530254814793723,0.7957279794915257,0.6073034515859785,0.7071034031072143,0.7981507034344236,0.5293334452326018,0.8005629968447401,0.983623415618191,0.8606548921160733,0.7132269652701988,0.7321389524344031,0.6768696216441537,0.6243625498551422,0.9746014119166077,0.683108087718439,0.8688177308127338,0.8302837275767865,0.836297322381335,0.7283630708800772,0.9569935311884212,0.8226168929207003,0.7923745271235738,0.686176961543489,0.8745818404295129,0.8489166250019231,0.870855791308111,0.6011179402537319,0.7800603794855805,0.7434636818763701,0.7823800165761563,0.967515447764816,0.8302612179719411,0.6477572720687095,0.8244397822834255,0.5547750727878022,0.6974604220975196,0.7916834130310018,0.4669237492560442,0.8175320487110309,0.8822556897514986,0.8172125272819153,0.8808454679700191,0.6321503167696392,0.8613516681282449,0.8295147114069612,0.9201347919134595,0.875498171652396,0.793502571177376,0.7921483401510494,0.8879766149820503,0.903446387915585,0.9608573882731335,0.7313859440023036,0.8672605145480656,0.8602443068685646,0.523888721079798,0.5873338718366444,0.9291868988815264,0.8861077761283547,0.4463699258746815,0.7060947680345291,0.8681580978826147,0.8681580978826142,0.39579724597700805,0.8652182557384991,0.6637045693200032,0.9779235246182829,0.4332241661528744,0.8188914049071838,0.8822556897514988,0.40588768128873554,0.9499934238507659,0.8302837275767865,0.8625107065618558,0.6865733537128782,0.855574875783836,0.8711993205311479,0.8489166250019229
p264_Q,0.7365745432840514,0.9375844381576608,0.8848712502248579,0.9175383063396303,0.9459533477380777,0.9599080294518358,0.713740941645762,0.761741694030365,0.9345566419027251,0.957673577027655,0.9360123464869743,0.9442013463068033,0.9442013463068033,0.9175383063396303,0.9048766089350637,0.594335487418434,0.9408215498230332,0.9271009640247971,0.9555383641697377,0.957673577027655,0.8803223329648369,0.934468117552512,0.9314553797224701,0.947752420917731,0.9329497321807898,0.9271009640247971,0.9408215498230332,0.9110906193450528,0.957673577027655,0.7594661760243927,0.9201981569430595,0.9515133476881703,0.9391866557097985,0.9554302009938862,0.9459533477380777,0.9555383641697377,0.947752420917731,0.9391866557097979,0.9599080294518356,0.925687886831601,0.8929489608197005,0.9285324039439793,0.9599080294518356,0.9073379150848058,0.9980965995557116,0.8376815732022682,0.9496037211238537,0.8941182576784144,0.925687886831601,0.8848712502248577,0.9515133476881703,0.8399534088511567,0.9271009640247971,0.18793721391370066,0.9951011472655118,0.924292054060027,0.9242920540600268,0.06018876900102055,0.7755087161183696,0.9424920127795524,0.9000373939808761,0.8480962071381712,0.9271009640247971,0.9287407729092754,0.9534886050081051,0.8131962973777598,0.9515133476881703,0.6541599652149938,0.7550655184575044,0.9555383641697377,0.9162269502513478,0.925687886831601,0.9459533477380777,0.8155897859167087,0.06018876900102055,0.8791909353978862,0.9344681175525122,0.9894969760647814,0.8394320005991049,0.9599080294518358,0.9360123464869743,0.9299834289466344,0.35713024509717584,0.9271009640247974,0.06018876900102055,0.9123594767995962,0.9607441863599593,0.792136922033998,0.8871620821950175,0.09008077800964032,0.06018876900102055,0.9531644691774956,0.8203324548260424,0.8456018749230438,0.35713024509717584,0.528978751236072,0.8825917972400852,0.9136668681404592,0.8083612831931015,0.8344223133664419,0.9706982209232329,0.9496037211238535,0.9459533477380777,0.8489732636249694,0.6129761647399181,0.9555383641697377,0.901237634194086,0.7843401014318692,0.9329497321807898,0.8179682595223983,0.9310287774772665,0.9285324039439793,0.7946893783415643,0.9036569103682488,0.9496037211238537,0.822764190212065,0.9375844381576608,0.9555383641697377,0.9599080294518356,0.878518092076586,0.9073379150848058,0.8780615512279368,0.9329497321807898,0.9201981569430604,0.9271009640247974,0.7932320440185787,0.947752420917731,0.6403920386762305,0.9954412864629744,0.9098310498422768,0.8646144802620159,0.9496037211238537,0.9515133476881703,0.9599080294518358,0.9980965995557116,0.8354015438796938,0.9032962680264434,0.9515133476881703,0.9515133476881703,0.11750088746893528,0.792136922033998,0.957673577027655,0.8131962973777598,0.8634987624252985,0.9136668681404594,0.9048766089350637,0.920376705497234,0.8319645762487431,0.9256878868316012,0.7429069381436557,0.9576735770276548,0.9000373939808766,0.8760865533227364,0.873561175384445,0.9515133476881705,0.9256878868316012,0.8883122254108782,0.9085802966718615,0.8870892228408599,0.5943354874184339,0.7198976518802773,0.9496037211238535,0.9299834289466347,0.7267226478792872,0.8906229438722484,0.9110906193450523,0.8523344596018207,0.9645325849988502,0.9215480977067743,0.8354015438796938,0.9608634184056342,0.9442013463068037,0.9242920540600266,0.686111198752112,0.8444753756217378,0.8701999879391749,0.9555383641697377,0.6129761647399181,0.9149270915494645,0.5902909832316336,0.9061034849845078,0.9149927351303693,0.9706982209232327,0.9442013463068033,0.6163713018450958,0.8736582841643712,0.8489732636249694,0.8952920587572564,0.18793721391370077,0.9933710628742858,0.9424920127795524,0.8976541691085209,0.8381840243077952,0.7763145111532377,0.9375517053100484,0.06018876900102055,0.947752420917731,0.9424920127795526,0.5289787512360719,0.8250209201611334,0.8848712502248581,0.9442013463068033,0.06018876900102055,0.8601523251100109,0.8297343501202494,0.957673577027655,0.06018876900102055,0.703545678066678,0.909831049842277,0.879190935397886,0.6514802883117783,0.898843003506523,0.9442013463068035,0.06018876900102055,0.6248003726236018,0.06018876900102055,0.7997298457662128,0.8566623054005467,0.8250209201611334,0.06018876900102055,0.6403920386762305,0.06018876900102055,0.7413573066458357,0.9390736794276016,0.9110906193450523,0.8679639303639393,0.9496037211238535,0.8098383097811255,0.11750088746893428,0.9314553797224701,0.9607441863599597,0.9000373939808766,0.7932320440185793,0.913638123172289,0.9515133476881703,0.5343820457471007,0.88373019034314,0.8964706102804101,0.8906229438722484,0.909831049842277,0.9098310498422768,0.9408215498230332,0.8780615512279368,0.9424920127795529,0.06018876900102055,0.9696933196761026,0.06018876900102055,0.7164019795562557,0.909831049842277,0.9515133476881705,0.968640006673642,0.8098383097811254,0.947752420917731,0.9085802966718615,0.9329497321807896,0.8860151533715295,0.9894969760647814,0.8523344596018207,0.9496037211238537,0.8634987624252985,0.9254766905970764,0.8342582334437214,0.09008077800964032,0.9534886050081051,0.817968259522398,0.9599080294518356,0.8784208915445282,0.8226831008260223,0.2926766727788924,0.8932444491995202,0.8668469482494165,0.9515133476881705,0.8675946766762876,0.8111356819221288,0.7904356987130701,0.9555383641697377,0.8456324037363958,0.9085802966718612,0.9299834289466349,0.9316215436119188,0.9555383641697377,0.8422177685448577,0.8022195458125898,0.9534886050081051,0.9273191685398661,0.9608634184056339,0.9496037211238533,0.955430200993886,0.7946893783415643,0.9424920127795524,0.9496037211238537,0.9496037211238533,0.7856547619036145,0.9555383641697377,0.7856547619036143,0.6860748316018368,0.878061551227937,0.8627424103544836,0.9555383641697377,0.9459533477380777,0.9728091693196086,0.9424920127795529,0.9515133476881705,0.8164349099391168,0.891783931888013,0.9496037211238537,0.9256878868316012,0.9110906193450528,0.7617512826831676,0.9421708749432602,0.9097318037088531,0.6928234924637204,0.8057511976033918,0.7273031345119886,0.864614480262015,0.9576735770276548,0.8976541691085209,0.957673577027655,0.913638123172289,0.9098310498422768,0.9036569103682488,0.9180060542094439,0.06018876900102055,0.9515133476881701,0.8964706102804101,0.9271009640247971,0.9555383641697377,0.9534886050081051,0.9442013463068035,0.06018876900102055,0.9843238957181939,0.9555383641697377,0.9599080294518358,0.9048766089350637,0.8394320005991047,0.9299834289466349,0.9515133476881705,0.8784208915445282,0.8179682595223983,0.9329497321807898,0.9391866557097985,0.830814051878261,0.9496037211238537,0.9972222788154832,0.7997298457662128,0.9375844381576606,0.9437480193578955,0.9599080294518358,0.8039127449891679,0.9136381231722888,0.8170840981467904,0.9408215498230332,0.09008077800964032,0.9162269502513478,0.9110367363125387,0.7946893783415643,0.7959573902797019,0.8071419677837106,0.06018876900102055,0.8444753756217376,0.912359476799596,0.9149270915494645,0.912359476799596,0.9644928340620881,0.8639560978502498,0.06018876900102055,0.06018876900102055,0.925687886831601,0.8976541691085209,0.8500946683680415,0.06018876900102055,0.957673577027655,0.9459533477380777,0.9175383063396302,0.8906229438722484,0.7763145111532377,0.9459533477380777,0.9188618095812562,0.9607441863599593,0.8215094261899891,0.9610997902331808,0.06018876900102055,0.8735611753844457,0.9519642373961463,0.7890019507934143,0.9949273923940903,0.918861809581256,0.8621035309917526,0.9496037211238537,0.783019091133933,0.06018876900102055,0.8111356819221285,0.9749771166196228,0.8500946683680417,0.8468653629698404,0.947752420917731,0.8203324548260424,0.9391866557097981,0.06018876900102055,0.8894657784451026,0.7502552768256681,0.06018876900102055,0.9933710628742859,0.7816916104563958,0.8319645762487431,0.8306315975793839,0.7895618251049052,0.06018876900102055,0.8083681571100794,0.8467269607313443,0.9534886050081051,0.6645374445673147,0.7345768080340043,0.9012376341940858,0.9024440319654485,0.8894657784451026,0.9496037211238537,0.891783931888013,0.879190935397886,0.9314553797224701,0.8433473706866228,0.8969845146010971,0.8623832375707348,0.2618506003001947,0.9515133476881703,0.9271009640247969,0.06018876900102055,0.9555383641697377,0.8952920587572566,0.8009771539783099,0.9360123464869743,0.9229124393123009,0.0,0.7585173262413711,0.9477524209177313,0.11750088746893583,0.9360123464869743,0.9459533477380777,0.9375844381576608,0.8713193097015215,0.8976541691085209,0.9555383641697377,0.8651692889773959,0.9644928340620883,0.9375844381576608,0.9314553797224701,0.8151176594087008,0.9344681175525122,0.9576735770276548,0.8137954530863194,0.9519642373961461,0.5687829981540427,0.2926766727788924,0.934468117552512,0.9330819649782565,0.9496037211238537,0.955430200993886,0.8929489608197005,0.8690815696440013,0.9299834289466347,0.8929489608197005,0.9360123464869743,0.9201981569430597,0.6906103956635765,0.7846547952584433,0.8988430035065227,0.9980965995557116,0.8022195458125898,0.917667850833811,0.9175383063396303,0.9795036960805317,0.2618506003001957,0.8059182346808624,0.9360123464869743,0.842217768544858,0.9795036960805317,0.909831049842277,0.7649227650741166,0.9496037211238537,0.8354015438796938,0.7234643607224283,0.9123594767995962,0.9287407729092756,0.970134355730177,0.7670059643554636,0.8848712502248579,0.9534886050081051,0.9519642373961463,0.9408215498230332,0.9408215498230332,0.9799008321613357,0.9555383641697377,0.9201981569430604,0.8143949648862083,0.9073379150848064,0.9442013463068035,0.9442013463068033,0.7215550284008245,0.9390736794276016,0.14277765445410762,0.8634987624252984,0.06018876900102055,0.9534886050081051,0.06018876900102055,0.06018876900102055,0.8071419677837104,0.26185060030019536,0.9136381231722888,0.06018876900102055,0.7434229768984779,0.8554431226947277,0.4431028796491825,0.9015426796683599,0.8735611753844457,0.8203581350519382,0.9345566419027251,0.5177477145540507,0.8296609453116082,0.9391866557097981,0.8791909353978858,0.47631614527644295,0.9123594767995955,0.7565415109136848,0.6835195578063848,0.9201981569430602,0.9391866557097979,0.9424920127795524,0.7708237674759129,0.9534886050081051,0.8894657784451026,0.9496037211238537,0.8941182576784141,0.934468117552512,0.9285324039439793,0.9314553797224701,0.8388184704910295,0.918861809581256,0.9000373939808761,0.9314553797224698,0.7468250682448045,0.9842011665427951,0.227230313747264,0.947752420917731,0.9085802966718615,0.877301842630059,0.8578802781954207,0.49980009110787627,0.8478507258139238,0.6009780523155426,0.8185133723218974,0.8825917972400854,0.9350839192327519,0.7623554974216562,0.9215480977067743,0.9599080294518358,0.793415925129959,0.8651692889773959,0.81063855213682,0.8177473260356312,0.9868619655962765,0.9012376341940858,0.8746839826578146,0.06018876900102055,0.9515133476881703,0.911090619345053,0.9919305345581159,0.8523344596018207,0.9344681175525125,0.998757543485978,0.9215480977067743,0.8203324548260424,0.9818737559710531,0.792136922033998,0.9576735770276552,0.7803575371163458,0.9894969760647814,0.8579208771607552,0.05875044373446936,0.9391866557097979,0.7508613366580396,0.9098310498422768,0.9299834289466349,0.8199363790756027,0.9045724413118068,0.7687312965384795,0.8545708706492459,0.9136381231722888,0.7354475081798952,0.882174077350171,0.9201981569430604,0.957673577027655,0.9329497321807896,0.9477524209177313,0.8285051677670636,0.9330819649782565,0.5642000126171937,0.09008077800964032,0.7830190911339326,0.830814051878261,0.9599080294518358,0.8713193097015208,0.9496037211238537,0.912359476799596,0.9519642373961466,0.9772068366488,0.9316215436119193,0.9201981569430602,0.9329497321807898,0.5396522816823415,0.9360123464869743,0.9442013463068037,0.9515133476881703,0.9599080294518358,0.06018876900102055,0.9972222788154832,0.8568046890338217,0.7946893783415645,0.9149270915494645,0.06018876900102055,0.8758082204608499,0.8406771976301872,0.9000373939808759,0.3892599006043088,0.8976541691085207,0.8848712502248579,0.8735611753844454,0.7722075708723513,0.9229124393123009,0.9000373939808763,0.6959839224163822,0.8837301903431398,0.9534886050081051,0.8964706102804103,0.924292054060027,0.9842011665427951,0.909831049842277,0.9599080294518354,0.9229124393123014,0.9424920127795526,0.9599080294518358,0.9375844381576608,0.924292054060027,0.9459533477380777,0.686111198752112,0.8769340287666245,0.9555383641697377,0.9459533477380777,0.934468117552512,0.7932811650657745,0.8164349099391168,0.09008077800964032,0.9799008321613357,0.08550260472142823,0.09008077800964032,0.09008077800964032,0.4176886316821615,0.06018876900102055,0.9980965995557116,0.4177135516026307,0.06018876900102055,0.9299834289466347,0.5393295813154568,0.970134355730177,0.9496037211238537,0.9534886050081051,0.947752420917731,0.09008077800964032,0.7830190911339325,0.8489732636249694,0.9314553797224701,0.830814051878261,0.06018876900102055,0.901237634194086,0.9496037211238537,0.9299834289466344,0.8338539721527618,0.9024440319654485,0.9555383641697377,0.9881959173184502,0.9329497321807898,0.909831049842277,0.6560569595199766,0.9459533477380775,0.4431028796491824,0.9162269502513478,0.9646668607340487,0.7209806300972039,0.9360123464869743,0.9555383641697377,0.925687886831601,0.9496037211238537,0.9390736794276016,0.8319645762487431,0.06018876900102055,0.9459533477380777,0.874683982657815,0.957673577027655,0.8273466303940551,0.9408215498230332,0.9360123464869743,0.81319629737776,0.0,0.7413405382391172,0.824169289955148,0.06018876900102055,0.06018876900102055,0.45099807789715785,0.7354475081798957,0.9330819649782569,0.8473003449739176,0.8354015438796938,0.8034571229302205,0.8296609453116082,0.8406277147443204,0.9285324039439791,0.8009771539783097,0.06018876900102055,0.9662311315641035,0.9515133476881703,0.9599080294518356,0.8203324548260424,0.9555383641697377,0.8203324548260422,0.06018876900102055,0.06018876900102055,0.8127571370256816,0.9459533477380777,0.794693184081458,0.934468117552512,0.8478507258139238,0.8929489608197005,0.6655394544356327,0.9287407729092754,0.8238535688751862,0.8700195781003908,0.06018876900102055,0.9098310498422768,0.8059182346808622,0.947752420917731,0.970134355730177,0.5902909832316341,0.7721442639654235,0.4731808242996284,0.9123594767995962,0.947752420917731,0.8797354478006452,0.06018876900102055,0.8155897859167087,0.9536828573969374,0.8929489608197005,0.864614480262015,0.887071386307005,0.9375844381576608,0.8988430035065225,0.8444753756217382,0.9534886050081051,0.8601523251100107,0.8534530388405703,0.9980965995557116,0.957673577027655,0.9608634184056339,0.3068805944579903,0.8280868502882601,0.9799008321613358,0.09008077800964032,0.8679639303639393,0.924292054060027,0.9098310498422768,0.998190088431356,0.9599080294518358,0.9098310498422768,0.9599080294518356,0.9599080294518358,0.8964706102804103,0.36629624801335214,0.9245106322139443,0.9459533477380777,0.957673577027655,0.934468117552512,0.9344681175525122,0.8215094261899891,0.9391866557097985,0.9442013463068033,0.9828956122135615,0.5595142023464725,0.9477524209177308,0.8068906247868051,0.4264664336429419,0.748993339088329,0.782100058434301,0.06018876900102055,0.8848712502248579,0.9459533477380777,0.7696168576271617,0.957673577027655,0.9285324039439793,0.9299834289466344,0.876086553322736,0.06018876900102055,0.7771733827750995,0.8203581350519382,0.9299834289466344,0.8203581350519382,0.8155897859167087,0.8009771539783097,0.9515133476881703,0.7508613366580397,0.6791710386208469,0.8203581350519384,0.7804688175477101,0.9314553797224696,0.712239433778002,0.9599080294518358,0.9314553797224698,0.9919305345581159,0.8917839318880132,0.925687886831601,0.8285051677670636,0.4445250051583578,0.7984775184678075,0.9459533477380777,0.09008077800964032,0.8886615438957013,0.852334459601821,0.5498165612534267,0.8156484041651737,0.7901005262017793,0.06018876900102055,0.9847548676209205,0.8545708706492452,0.9175383063396303,0.06018876900102055,0.8296609453116082,0.9391866557097981,0.9555383641697377,0.211432224051613,0.09008077800964032,0.9058174186634923,0.9271009640247974,0.8906229438722484,0.9828956122135616,0.9024440319654485,0.9314553797224703,0.8280868502882601,0.06018876900102055,0.9856324259650171,0.06018876900102055,0.9555383641697377,0.8226831008260223,0.8769340287666243,0.9599080294518356,0.9215480977067743,0.789561825104905,0.8988430035065231,0.9175383063396303,0.06018876900102055,0.8215094261899891,0.8369331581733883,0.8410864781348422,0.9201981569430604,0.40266125024239996,0.9799008321613357,0.36830258240112956,0.918861809581256,0.4349314918374444,0.8860151533715295,0.8084546019152599,0.4349314918374444,0.9175383063396303,0.9515133476881705,0.878061551227937,0.4349314918374444,0.9599080294518356,0.9271009640247974,0.947752420917731,0.8780615512279368,0.9442013463068035,0.9188618095812564,0.9299834289466347,0.8848712502248579,0.9502726792490608,0.9677078677803636,0.9085802966718612,0.925687886831601,0.9442013463068035,0.934468117552512,0.7670059643554633,0.9175383063396303,0.8952920587572564,0.8226831008260223,0.42678074482335315,0.9024440319654485,0.925687886831601,0.947752420917731,0.9496037211238537,0.8952920587572564,0.8871620821950177,0.9229124393123009,0.968640006673642,0.8941182576784144,0.9515133476881703,0.9534886050081051,0.6029513142966232,0.9215480977067743,0.8883008446412402,0.912359476799596,0.9201981569430602,0.6619925029686105,0.9329497321807898,0.9188618095812568,0.9919305345581159,0.8542226146787633,0.8701999879391749,0.9073379150848062,0.8941182576784144,0.6983871430419376,0.9534886050081051,0.955430200993886,0.6275172927294357,0.9271009640247971,0.9408215498230332,0.9666307012815272,0.8929489608197008,0.6406778122004788,0.7711616901616505,0.9360123464869743,0.6815107590733192,0.9442013463068033,0.8758082204608499,0.6960673847868173,0.9496037211238535,0.947752420917731,0.879190935397886,0.9229124393123014,0.9496037211238537,0.8917839318880132,0.854570870649245,0.6901593365439136,0.9424920127795526,0.9424920127795526,0.8215094261899893,0.9709760367855709,0.8964706102804101,0.9496037211238537,0.8500946683680417,0.9795036960805317,0.9534886050081051,0.8860151533715295,0.9285324039439791,0.9881959173184502,0.957673577027655,0.9110367363125387,0.9555383641697377,0.7018118117271226,0.9534886050081051
p264_R,0.8214914022466089,0.8581315750722617,0.5549022293969951,0.8191359817749038,0.7851614409903767,0.8450009511531917,0.9923724110228538,0.9650058078491084,0.5396688562515426,0.8363623635331233,0.7526181602736828,0.7764813487173796,0.7490287796730208,0.700901636746911,0.9504852325002374,0.8735345803939336,0.9014640938384707,0.761717361992172,0.9633336735908028,0.871763708415827,0.6434792643245109,0.7466480367609032,0.8037964708380383,0.827139169166251,0.7407778267118061,0.6721146692901676,0.7712109590961939,0.6558754364327972,0.871763708415827,0.887667966039689,0.7219706924157574,0.8131118514994795,0.8157539143881274,0.7826375308803597,0.7851614409903767,0.8281074447167716,0.8271391691662509,0.8157539143881263,0.845000951153192,0.7555676016930958,0.5861313618627166,0.9884958626958418,0.9940341687807692,0.7814841361151679,0.9535653477353816,0.5552184382417189,0.8051635979868561,0.7697603101998434,0.7127029003211305,0.4821738355076173,0.8437415278800491,0.47311145371365215,0.6721146692901676,0.7441261388412883,0.866617512667968,0.7495206731915056,0.7073064892945551,0.7569089328329721,0.7650224209776351,0.8311124862659915,0.5503881266091653,0.6591232118755445,0.9116472714399471,0.667527986475575,0.820182897330497,0.5097729497268277,0.8749366752091826,0.6845129851158613,0.7197675748596317,0.9690532119721817,0.7345151275171486,0.7127029003211303,0.9323134774355856,0.4589733236010054,0.7569089328329721,0.6686715041841371,0.746648036760903,0.8012713919726792,0.5412610793605923,0.9195175599669804,0.8012713919726793,0.8194037998319389,0.9752204342421129,0.870595817514799,0.7569089328329721,0.7175599139529134,0.984952952453262,0.6405067077933508,0.7839703091230293,0.7764813487173801,0.7569089328329721,0.6325573854530756,0.419040657016317,0.531870342657462,0.8726949809188569,0.572964087284797,0.6381511366818394,0.5524819399379899,0.6102030622065462,0.43035555916105483,0.791734857088457,0.8653791433335885,0.7910509366485662,0.7789431038990087,0.9565328116422495,0.8281074447167713,0.6698034283889505,0.5784438434734969,0.7685213763039256,0.5587351334637556,0.6042731480724557,0.8565327062940746,0.714369034460298,0.7326339379752498,0.8051635979868561,0.5936380422567913,0.957567146593874,0.895720559153787,0.8450009511531917,0.5222816351845057,0.9842089208755044,0.6035664793502413,0.7407778267118066,0.7723825998348774,0.9794742730374264,0.7050071299466185,0.7980063102019075,0.7158476834146978,0.9764455298833901,0.9255339779679659,0.5326065831410767,0.8051635979868556,0.8749366752091825,0.9687075268123364,0.7972615860446494,0.5324865190758035,0.6975597200013794,0.8125463805509152,0.843741527880049,0.7413405382391169,0.5514378892283109,0.8363623635331231,0.5847683989521029,0.6273174326164982,0.6283130435934248,0.6605541019838288,0.690493210848925,0.4505117289448428,0.9443794887031447,0.47537248086415196,0.90716505329853,0.5674509023592655,0.6878615045833012,0.8783709852653563,0.8437415278800491,0.7086236311573351,0.7740336791552886,0.7922061592382191,0.7711052244810876,0.7985434412151302,0.9667233254988776,0.9557024613536875,0.7518333300629545,0.5790708641316367,0.6413364911775694,0.6748592951704696,0.9737169357963666,0.6675279864755753,0.8812439311053275,0.6103334973513901,0.8388417059462357,0.7842775465728771,0.8072303958905116,0.9920533384875053,0.8446895127988214,0.6718830880726996,0.895720559153787,0.8302023198200654,0.8057164524390047,0.8647257557649484,0.9524935142304138,0.7413786054768934,0.9605915926762604,0.8940878227503132,0.6897596467586881,0.6376489640201773,0.48196767782393946,0.958665347824331,0.8435617103629007,0.9657488674898416,0.8845558582028527,0.8082207109873696,0.33079160432794497,0.4555530559072909,0.8865402736375573,0.7569089328329721,0.7980063102019073,0.9379992301397138,0.96655653311489,0.6162167173605255,0.6219531164085608,0.8666352537059542,0.7569089328329721,0.5428845876181065,0.4555530559072909,0.8363623635331235,0.7569089328329721,0.7221682447483997,0.6496206948418117,0.5621925857680663,0.46301188536767,0.659682189643245,0.7842775465728771,0.7569089328329721,0.8848189990416606,0.7569089328329721,0.6041991862054004,0.5290883040129751,0.5780383162724674,0.7569089328329721,0.8769903391405616,0.7569089328329721,0.7940930458209121,0.8483414581342414,0.7492221027701064,0.5038790699036041,0.8051635979868561,0.47464007814701015,0.7413405382391165,0.7579325102782858,0.9197250812697948,0.750038067636763,0.4924506235793866,0.7231428101384982,0.8125463805509153,0.6161817169312698,0.8783774236909916,0.8661796545620185,0.7215836328702989,0.9255339779679659,0.6496206948418115,0.9014640938384707,0.6335629350217629,0.9016706540497026,0.7569089328329721,0.78412665328031,0.7569089328329721,0.8796984851831398,0.835341176656033,0.9378924408160147,0.8891587563525765,0.48676067019645164,0.7980063102019074,0.5888123998054309,0.7407778267118058,0.6843550136575236,0.8985778553706721,0.5258387606071517,0.805163597986856,0.5568432953884711,0.9233088089742132,0.630237979912603,0.7490287796730206,0.8880550390243784,0.5730663580230371,0.845000951153192,0.633438241038137,0.7601953891956554,0.855663207544342,0.8302023198200654,0.5708861834625188,0.9061318225383166,0.8509267918736041,0.8100070078018382,0.49510959765044915,0.8281074447167713,0.36999632726523113,0.8436871107874571,0.7743568199859494,0.9917630222113705,0.8281074447167713,0.9501634113962532,0.419044869902347,0.9822729326888996,0.6139525100731811,0.7994302576035714,0.8051635979868559,0.8562019490949595,0.46905546519812513,0.7776691143291308,0.8051635979868559,0.9557024613536876,0.39084421871452313,0.8619140019352793,0.5481348514071795,0.5185572645081042,0.5285753401714377,0.8893492928139017,0.929527116372295,0.7910509366485661,0.8412970044370273,0.8578341722344222,0.8749366752091828,0.4690657851113844,0.9658192204719487,0.8954869160069548,0.7984323030650616,0.84178245543189,0.5120652388877878,0.8644646704581582,0.9536700099355946,0.9132928181162664,0.765805784982527,0.6456675282703463,0.5756683553988027,0.8717637084158267,0.6739447836194568,0.9425663981812337,0.9322357427843659,0.8887455402178122,0.662564130746277,0.7733275845860155,0.7569089328329721,0.7819167041703448,0.8994838157198924,0.718165979783122,0.8281074447167713,0.9174369185455388,0.97644552988339,0.7569089328329721,0.9978115775130898,0.8281074447167714,0.882259255560086,0.7206448392408213,0.5601882543553318,0.7293098401399599,0.9373269698674503,0.5320325225121221,0.3843275518245136,0.810877940566702,0.7264737010932976,0.4230970633393598,0.9255946886803212,0.6305699435015462,0.4228013327459029,0.7689850317216911,0.6959141624852763,0.8822592555600858,0.49671943285816145,0.7421512585608494,0.41026545330435704,0.7712109590961942,0.7764813487173796,0.8318301804427563,0.813541669050891,0.46905546519812535,0.364642328160834,0.2916181232868178,0.7569089328329721,0.3403013620070743,0.7175599139529132,0.7095623641574712,0.8115362594309851,0.9158282222879528,0.5713707708253535,0.7569089328329721,0.7569089328329721,0.7127029003211305,0.908927656513304,0.5283059562967507,0.7569089328329721,0.871763708415827,0.7910509366485665,0.8782531542889,0.5771387778233854,0.60133593725664,0.7910509366485662,0.6863126913418226,0.961122460884026,0.34789435303207616,0.48126119209114626,0.7569089328329721,0.584615393312296,0.6934499970703789,0.4643895083118237,0.42884149209498457,0.7661515988126847,0.8411094062079274,0.8051635979868558,0.48689903748471686,0.7569089328329721,0.36124061460199297,0.7617173619921728,0.7436861568927944,0.8050234445168184,0.8854048870949385,0.3306454115675914,0.8666175126679686,0.7569089328329721,0.6622349379954056,0.35891164311908164,0.7569089328329721,0.8459905062835477,0.6875915661485252,0.5824496825861165,0.28958760004899053,0.45684299855357846,0.7569089328329721,0.6955237346292449,0.524268173975222,0.9498549256172192,0.7990987440205753,0.6233040583071863,0.5729956790046371,0.6306550161287874,0.6523629907882552,0.8051635979868561,0.9496565947236844,0.47170600811538455,0.8725924116776669,0.5733342188319601,0.6372716131327957,0.4819983358147103,0.7146319432845634,0.8125463805509152,0.761717361992173,0.7569089328329721,0.9633336735908028,0.7108571190803432,0.6473727553762487,0.906809217833342,0.9723525242602797,0.7413405382391172,0.9274525050897535,0.9728034639879695,0.7947839101759788,0.8255980078221775,0.7910509366485663,0.8581315750722616,0.517053447992905,0.7553825250669137,0.9690532119721815,0.5121884018581382,0.9866309120533598,0.818702817482498,0.9184563722374193,0.8659492623728027,0.8658004946070825,0.8717637084158266,0.5303034946379577,0.6744661383327066,0.9636358030553098,0.8999407592615085,0.7466480367609034,0.6497026070358412,0.985810234027054,0.9132272943620143,0.8140419107787203,0.9586485252862258,0.8644507796779284,0.9092095655375609,0.9472310870696686,0.6815189557958081,0.8035181865156817,0.6145127661680947,0.7273674504082055,0.979615974683837,0.727666793350898,0.6585427516355217,0.9964874993168925,0.7976968714771495,0.7604959038443162,0.2992287403087974,0.995884318768665,0.601147814086493,0.9770682292929025,0.7617643011557255,0.6983127856143154,0.8051635979868559,0.9480889353535282,0.6049351426539968,0.8867173358134425,0.9117178603141506,0.8338269830981504,0.9524086452154469,0.7151393036758549,0.9498549256172192,0.9909012274689264,0.8233122129931044,0.7712109590961946,0.8755021461577472,0.8281074447167714,0.7521567315249029,0.37006911039252044,0.6417603118618722,0.784277546572877,0.7842775465728768,0.44142211644013885,0.9967765411053557,0.8119790097285191,0.5286536404972599,0.7569089328329721,0.8526009044021775,0.7569089328329721,0.7569089328329721,0.3683154466585241,0.8980877855235718,0.6851259132937948,0.7569089328329721,0.3460275986205682,0.4918034689976938,0.8519571024676575,0.7384667908705705,0.5552398341169901,0.5567005622792188,0.6211065976990015,0.7175183309645632,0.4392105808939779,0.892049311807889,0.9552123334176303,0.8232190248810176,0.6246056677005865,0.4708684135515654,0.37737709709630285,0.6914791265949791,0.955359893352586,0.9112775441712831,0.7569633802013831,0.8526009044021776,0.6523629907882551,0.8051635979868561,0.7874481882413011,0.9134614777455542,0.9893653614455747,0.7350005299984096,0.4713634696440885,0.726232145077254,0.6527647811097619,0.8751558052436956,0.7519747414659419,0.7733275845860157,0.7529116402851446,0.798006310201908,0.9742595242253803,0.5969655110691556,0.46980543995044777,0.8755021461577475,0.6662895475726749,0.9682827714192523,0.7076456547444383,0.5460896656915915,0.9215403917946721,0.47650921522656153,0.696698115123464,0.9195175599669801,0.2993617956517618,0.34292355976440203,0.950647459069677,0.38714117978592455,0.7704785283301391,0.9171779029166429,0.7611259331963101,0.7569089328329721,0.8125463805509152,0.7116475421325239,0.8475559529633737,0.551260757184768,0.9197250812697944,0.7947839101759795,0.7992235684467216,0.41904065701631643,0.8725924116776669,0.4446144888895116,0.8717637084158273,0.38199697579423697,0.9554624495323385,0.540588288161473,0.7680622242075479,0.9683447092276513,0.6224785220634925,0.688187425655417,0.8194037998319389,0.5584558863419804,0.557794689242753,0.4546535966719284,0.7695622534341549,0.7421512585608493,0.5833558586337793,0.49697249352546946,0.6612930874858334,0.9071650532985303,0.8576113498032989,0.9689308180833436,0.5675087554233043,0.83408289501712,0.5342052669755359,0.7490287796730206,0.4047307608570192,0.3973688402142357,0.9195175599669803,0.7557365223721733,0.8335431299327483,0.811536259430985,0.7120406989702884,0.8343939304354915,0.9587152689018379,0.7319308632149283,0.9087216040137163,0.8563918962971446,0.7526181602736822,0.8117301156172361,0.8125463805509152,0.882259255560086,0.7569089328329721,0.8752103975173111,0.4876934084661344,0.40772707288258236,0.6711007288448582,0.7569089328329721,0.6046385213106149,0.3652953118940473,0.5503881266091657,0.9838067765117753,0.6043221067780129,0.6170263542418599,0.6075567288167849,0.8231776756947048,0.7227712205371695,0.8012263948870609,0.3115581615751588,0.627670763323956,0.820182897330497,0.5997463652990309,0.7284135812430305,0.9238664479528471,0.688187425655417,0.8450009511531916,0.6948724041089076,0.8043908002975608,0.8822592555600862,0.7586960035506491,0.833949040985408,0.791050936648566,0.8403266395111941,0.5540513115882385,0.8000204258796426,0.9040609692781816,0.9912165559775021,0.2311162145243355,0.38350627920674274,0.7764813487173796,0.9685221171965841,0.7598777558316079,0.7764813487173796,0.7764813487173801,0.9727220151038761,0.7569089328329721,0.7972615860446494,0.9343870141122433,0.7569089328329721,0.7293098401399598,0.8592106756606991,0.901440097535166,0.8051635979868561,0.8850189114738582,0.7980063102019078,0.7764813487173796,0.19767259131646397,0.3475878199553837,0.6916999630046874,0.5606381232182347,0.7569089328329721,0.6698034283889502,0.8051635979868558,0.7293098401399598,0.3284077995546757,0.6575612894497114,0.8281074447167713,0.9145377460592824,0.9554550132503132,0.9457064899064949,0.9277114636581942,0.8475559529633732,0.9824949276566488,0.6955891063469057,0.9948671512445986,0.5232072278655742,0.9229044712201705,0.9295271163722949,0.7341352510071133,0.8051635979868561,0.7042216507801509,0.5407686638686195,0.7569089328329721,0.9323134774355852,0.618854037545866,0.8363623635331235,0.43474090933641385,0.7972615860446495,0.7526181602736828,0.15979418667554368,0.7413405382391172,0.0,0.381687863670237,0.7569089328329721,0.7569089328329721,0.7890711012913088,0.8357610998460232,0.7496150905094614,0.3973956115098405,0.49344531777328005,0.36374681299525624,0.44413522867619903,0.44454212628313283,0.8122551545769079,0.3391126191770586,0.7569089328329721,0.8858462996988247,0.8125463805509152,0.845000951153192,0.3432733037745521,0.8281074447167713,0.40656536773632723,0.7569089328329721,0.7569089328329721,0.4998515045965286,0.7910509366485659,0.47807312362936294,0.7466480367609032,0.4653591090204474,0.5861313618627166,0.9860505917858686,0.9605558350818657,0.5506445226324901,0.5303837493951125,0.7569089328329721,0.6513989879052628,0.4492362427171883,0.8562720281305944,0.9971402308093106,0.8034901261752179,0.7882017452156198,0.9858452930016861,0.6611741066660703,0.7650008053329389,0.5687508388973312,0.7569089328329721,0.3837349663901377,0.7175599139529133,0.7626956412344161,0.6747489177832605,0.6391228856357078,0.9078493608330677,0.5619373115597068,0.5049152401276131,0.8556370319526976,0.886204933692893,0.5179068759089673,0.8233122129931045,0.8363623635331237,0.9443953281691113,0.8027688159173205,0.3884342409689292,0.8437415278800489,0.7764813487173798,0.5638902042427749,0.7439091200450842,0.7617643011557251,0.9875342651237287,0.9687075268123364,0.8905238332812637,0.8569326135916528,0.8822592555600857,0.649702607035841,0.6750514708407152,0.5506578566346065,0.8134139491477805,0.8717637084158272,0.770478528330139,0.8720640981313228,0.5503180976157541,0.8157539143881279,0.7490287796730208,0.9816986846247359,0.5553951192598034,0.9436706050236259,0.5080198644002877,0.9253299732304148,0.5038214682654223,0.45069822982215924,0.7569089328329721,0.6170263542418599,0.9829289980922029,0.4434044824615122,0.8363623635331233,0.9893653614455747,0.6850794218621752,0.6077390990129814,0.7569089328329721,0.3221818520746118,0.31161602263402133,0.9103143210921236,0.438452825175478,0.5342116808118735,0.4624166736567349,0.8437415278800487,0.3607960536613519,0.8051471299815729,0.9365815987292718,0.4431062112438986,0.7808644905581623,0.6649826785431479,0.9567758643738745,0.8037964708380383,0.8193034448059697,0.9372050250384659,0.884161705808993,0.4719799593184679,0.7508224921224367,0.27010855219783625,0.8699189654625878,0.7764813487173796,0.4762994246373502,0.44268422986617073,0.8914567365613975,0.5007486290560372,0.44814585540020757,0.7569089328329721,0.400667505012249,0.43775832377940904,0.7797245334322396,0.7569089328329721,0.4263754752568536,0.9937765083675724,0.8281074447167713,0.7375639235644398,0.7490287796730208,0.5763855253294334,0.7592174337082699,0.8178802029015751,0.9971942234267888,0.9353305360532229,0.8496604313977909,0.3415339978904035,0.7569089328329721,0.8612599399243137,0.7569089328329721,0.8619140019352792,0.5553160107537444,0.5508965457278225,0.845000951153192,0.7906746182602511,0.540888503706345,0.6803865178983886,0.7206073609182428,0.7569089328329721,0.7665017644143342,0.5167970520023997,0.6225020064770221,0.7723825998348779,0.964100708781572,0.9373269698674503,0.9849069804454267,0.9857085943575572,0.7488289459323427,0.5498340613628747,0.2777278821844654,0.7488289459323427,0.7600188092609073,0.8125463805509155,0.5285753401714377,0.7488289459323427,0.845000951153192,0.9359228908283757,0.8523993822259694,0.5735700236787201,0.7842775465728771,0.894533044436149,0.7518333300629546,0.69960827246464,0.6697932067803396,0.8063598644040673,0.6070177363041471,0.8586500859592134,0.9764455298833901,0.8181395114686109,0.5549333896966071,0.6811959125755789,0.6117138591517463,0.6461139558538886,0.720461268751948,0.6228401336242743,0.8198646537510446,0.7980063102019075,0.8051635979868561,0.809950457931436,0.8940760710592242,0.8820583819012393,0.7643681044910219,0.7697603101998434,0.8437415278800491,0.820182897330497,0.9646977582281739,0.6676440742723446,0.8237912916246776,0.8125583586567287,0.9139636780047001,0.9041991180134359,0.7875112359484033,0.7148955026267094,0.819303444805969,0.6645478843128236,0.6139826760519413,0.7318783668654596,0.5565644020418761,0.9193153591923602,0.8526009044021776,0.7801681554055528,0.9798085280851598,0.6721146692901674,0.8233122129931046,0.7992235684467204,0.993114484927009,0.8652687793417058,0.9557177814979054,0.7526181602736828,0.8763937271688365,0.8666352537059542,0.9501931508307171,0.9538451005235182,0.8352713706602223,0.8271391691662509,0.6225169708698544,0.6532755201550555,0.8954869160069548,0.9658192204719487,0.5645589544376641,0.9334327009481139,0.8311124862659915,0.8311124862659918,0.5261235677212157,0.8644507796779284,0.5997463652990307,0.9858102340270539,0.5549433714234187,0.7968803099089441,0.8526009044021775,0.5029476782008584,0.9229490338698246,0.8271391691662512,0.8363623635331233,0.75150972371205,0.8281074447167714,0.9266764591812993,0.820182897330497
p265_L,0.7399955806704697,0.8008932509641185,0.5411981117069269,0.9270856363367523,0.7923706875053153,0.840228684591694,0.9904166826993496,0.9741788903590539,0.5534186518197445,0.8153105908663697,0.7450015194592323,0.7565251288118119,0.7565251288118118,0.6910498967520589,0.9555342950271007,0.8733590657563843,0.8941814263734915,0.7094885905953818,0.9577936870954209,0.8666606520185522,0.6744546593682457,0.7864213024362037,0.8870714187256687,0.8301791195638363,0.7327966338026524,0.6819083935000048,0.7641667720662373,0.6677179799328163,0.8666606520185522,0.8093340131728246,0.7325436578661471,0.8195687442710173,0.8084219948960745,0.7939267164319397,0.7923706875053151,0.8565597046938576,0.8208666450029285,0.7576515227668519,0.8250605217364745,0.7252504185499431,0.5733887581026955,0.688154416062717,0.9889890373347301,0.7575887382891555,0.972190218957844,0.5095024425640391,0.7991647789411429,0.5543595232149123,0.7038573083499979,0.4976409704132787,0.8818448085528664,0.4145935865509607,0.6819083935000048,0.875333387181223,0.836184700199366,0.7404316411520258,0.9089792169807254,0.7846176027958276,0.7271682450393522,0.8241692899551478,0.5638177444573511,0.543752957826682,0.8992666134659396,0.8658801020870615,0.814646507574305,0.534228581622898,0.9001889664606624,0.7177493717434518,0.7740897061531054,0.9577936870954209,0.6661543403553027,0.7038573083499979,0.9333745907382668,0.23288477394672613,0.7846176027958276,0.518561375237502,0.7626344421086073,0.7935656719672841,0.4163264704723052,0.8402286845916942,0.9393314892384307,0.8783513210222331,0.6873597517334669,0.9268468105613143,0.7846176027958276,0.6507419943856592,0.9994969546154283,0.72848304392181,0.8216488231986041,0.777635666776106,0.7846176027958276,0.5722033026062741,0.5991225596395529,0.5123326941787043,0.9329703265188054,0.8326437272843481,0.5933761617053139,0.5533470361604789,0.2506100564946817,0.2699405464594624,0.7404316411520262,0.8592700756594802,0.7846176027958291,0.679821351608207,0.7458121329016589,0.8228150438933353,0.606420116499619,0.24145621664657357,0.7074292256193588,0.2559510314861334,0.5740306791238641,0.9803719542544294,0.5081628013167776,0.7384588762324016,0.7991647789411429,0.4055447667354719,0.9757863403845671,0.8059936873009326,0.8402286845916938,0.3812418956721566,0.9015136308923654,0.6787390871669998,0.7327966338026521,0.9546208623608696,0.9703184545545012,0.5441665809517879,0.7917871253834925,0.8162735458738257,0.9968541159112032,0.7717967816356738,0.4092514819408466,0.8292174273003112,0.8690509343197377,0.8250605217364746,0.7901697029276882,0.6292589177242878,0.5982009860945656,0.8067748700378887,0.8379129021788125,0.8241692899551478,0.5138244115260263,0.8313241234502098,0.49679951158579705,0.5685783520346699,0.7652853767740713,0.5849334373932594,0.6898344950058677,0.26678512033922863,0.6757424958515799,0.2541024424982299,0.9019971805868943,0.5638177444573504,0.8157256563130313,0.9359527381277815,0.9001889664606619,0.6971356060515255,0.6023226929733325,0.7992295470812905,0.7372287168882806,0.5589729464966093,0.8919193581595564,0.9494280207369874,0.7884223143407343,0.4477748925428542,0.6442195185633666,0.6642421092994151,0.6130652935377907,0.6871353918743934,0.9125027786200273,0.3984563403050223,0.8484070564751878,0.7776356667761062,0.8171309722976401,0.793687322931535,0.8115910171827396,0.7717033811584508,0.8903043654943787,0.973967437424566,0.8721259349114914,0.6540427339346002,0.9644219142238494,0.7263503624549118,0.9511161109379,0.7839274349536989,0.8572588203299722,0.4729591933811612,0.4483088065807016,0.5760989376138423,0.8753333871812243,0.7961936667320624,0.8824303364090565,0.7209562538232173,0.4574140082238902,0.2786115518287168,0.9933623320791551,0.7846176027958276,0.8010995999443998,0.9308603349136193,0.8326437272843479,0.5694468636045422,0.606159138560997,0.783927434953699,0.7846176027958276,0.4843876813544039,0.23010622932712865,0.8153105908663699,0.7846176027958276,0.8715636766649211,0.6616335362123529,0.5932830510815201,0.7104870428806005,0.6306578936683696,0.777635666776106,0.7846176027958276,0.8643715057828429,0.7846176027958275,0.49494731773239076,0.49553967467442916,0.5440411967631308,0.7846176027958276,0.574101697118073,0.7846176027958276,0.6083718673066194,0.8267189832531945,0.6827987734874086,0.48813616483205724,0.799164778941142,0.11915603416868392,0.8241692899551476,0.8184014363586074,0.7140546306842726,0.7549208348295811,0.7154478857844001,0.7507057829659265,0.8067748700378883,0.9878742259207556,0.7391857262128292,0.8699900228562989,0.7403397792262911,0.918681108866771,0.6065519135006914,0.7417775415661961,0.5889144816642069,0.8024120526902034,0.7846176027958276,0.6812269853579692,0.7846176027958276,0.6212622398745503,0.6773869912477106,0.8195687442710177,0.8504752166759653,0.14335283508906826,0.7720200803249634,0.6010943092952299,0.7327966338026524,0.6081574215892378,0.9635402057454656,0.3827626075569516,0.7800981440304909,0.4841642246593847,0.9343729039942394,0.27679338851659563,0.777635666776106,0.894125615877095,0.5760108534767725,0.8250605217364745,0.5805560190607676,0.6817760738796033,0.8477825023812873,0.7918241581366117,0.5548797309105837,0.8195687442710177,0.5057226043763218,0.4725954120295712,0.44113431106847467,0.8228150438933353,0.20571283298991372,0.8555023702264033,0.8109045660111087,0.9290923696043845,0.8228150438933353,0.8384271265696448,0.26021678867522147,0.9588429217767838,0.6332781123576661,0.750058831648232,0.7991647789411422,0.6748111995322379,0.12862294302629484,0.7708237674759126,0.7991647789411425,0.9904666825446744,0.23102169257523053,0.8228150438933364,0.4055671537181812,0.67179713302963,0.5140606437452133,0.845794581841878,0.9577936870954209,0.7846176027958289,0.853609079749617,0.7708237674759129,0.9001889664606622,0.17936591960847026,0.6891344764244003,0.8592700756594802,0.7466435287498894,0.797614629248771,0.29077647607440404,0.6145820967464357,0.5970192766969113,0.7128569500233024,0.7747784683618275,0.706491631415237,0.5452431566905904,0.9019971805868943,0.6874487334225228,0.9373337091552363,0.9214685956917266,0.6432729953084644,0.6510319806890013,0.7800981440304909,0.7846176027958276,0.7884307121300924,0.9364763920097403,0.7094885905953818,0.8228150438933353,0.9912015747266284,0.9146471974855417,0.7846176027958276,0.9639923733842708,0.8059936873009318,0.9146088609632119,0.7268078270010361,0.599568872643324,0.7209755593296101,0.8195687442710176,0.28954836145661234,0.337379410619731,0.8027684013749006,0.7346437559409216,0.36429536308014754,0.7800981440304909,0.6231639037061397,0.3740139794868149,0.7276525529942158,0.6025810972805852,0.840228684591694,0.11747921470252998,0.6748111995322372,0.053985496342333406,0.7641667720662375,0.8050379729179937,0.9769923525701965,0.6338267844156036,0.2143254916725329,0.10966941260433194,0.23143759029662414,0.7846176027958276,0.33462449089200597,0.7489105866810235,0.7185610712587154,0.8758722764856528,0.8153105908663696,0.33363735750697665,0.7846176027958276,0.7846176027958276,0.6757424958515796,0.5534186518197444,0.46989397843420777,0.7846176027958275,0.9019971805868943,0.7846176027958294,0.7107195417174497,0.5641193013442634,0.24223255995252557,0.7846176027958291,0.6965777536905864,0.8815687437465896,0.2886936367632684,0.22363113539735435,0.7846176027958276,0.5254478812593708,0.6827987734874084,0.09612177766304186,0.24170175800000349,0.7165009362988821,0.6704060854947784,0.7991647789411422,0.1504744738471666,0.7846176027958276,0.33521294862654205,0.7312244125919751,0.7496032681322415,0.782573445842998,0.8010995999443999,0.32181757999627614,0.7830367588314631,0.7846176027958276,0.6767929767115328,0.5329494840373801,0.7846176027958276,0.964728141968396,0.5212879242585898,0.5748932343781514,0.24142751950106578,0.11836388030520062,0.7846176027958276,0.8829872410026036,0.5178100980533726,0.9764397723235272,0.7400507366386502,0.5621957372277674,0.5862325407240839,0.5916477915729008,0.6072390560246772,0.7991647789411429,0.6891344764244003,0.47285517668409927,0.8412914304809611,0.3560845170631537,0.7345176404322444,0.46559170322788246,0.909961412848022,0.8067748700378881,0.7529602345885684,0.7846176027958276,0.940972330503016,0.7311688924916746,0.5869626210441516,0.8179211079683016,0.7965986273826167,0.824169289955148,0.65708767810854,0.937184723480674,0.7974965287155307,0.8421298244753364,0.7846176027958291,0.8505200084421882,0.55977985999685,0.7261696595653193,0.8059936873009321,0.2997577705894936,0.81531059086637,0.8517194466893923,0.9328514069703762,0.5881242178798142,0.9053556040741861,0.8666606520185522,0.6748433303686081,0.6677179799328161,0.835747425250734,0.7372912924870021,0.8102081627638005,0.6539093231076134,0.9794806690961566,0.9214685956917266,0.914628659417789,0.9608531961667891,0.9008335726926071,0.7278819201568754,0.842203184222327,0.6517883107771556,0.43648287160444266,0.44007867186113947,0.6644385615865152,0.972190218957844,0.7038186780746805,0.6599127102821567,0.7582000442169894,0.7394504005813979,0.8870714187256687,0.23892961531535573,0.7936390317142755,0.489771967918576,0.7169681489110235,0.7691896957671469,0.6468782915960971,0.7991647789411425,0.9014986454760812,0.469852263177688,0.8758722764856528,0.8416285539285726,0.8059936873009323,0.6813614530685528,0.6216617340106713,0.9440811193736829,0.8498087511793511,0.8161726337891388,0.7641667720662377,0.8507067764119421,0.8059936873009326,0.7021689125109216,0.34781554104610735,0.630730468147201,0.7776356667761062,0.7776356667761062,0.5658107221509434,0.7923637771776073,0.7901697029276886,0.4700952034301705,0.7846176027958276,0.8470051605241504,0.7846176027958276,0.7846176027958276,0.15847280456528712,0.9328514069703762,0.7127584912490819,0.7846176027958276,0.42186805752060974,0.2466349249903219,0.8793529411904698,0.772031409536676,0.5694305444952721,0.40914168629746683,0.8769535013684457,0.963794054260097,0.2567333321945239,0.8361847001993663,0.8642457684757172,0.9440811193736829,0.6175845887893592,0.5500199152102021,0.5444686678787167,0.6819800757386745,0.9631108805224228,0.8290848139298208,0.7527255432794332,0.8470051605241498,0.6072390560246772,0.7991647789411429,0.741745137080043,0.7616283513394646,0.9975298037667137,0.7955114422362537,0.4404004699231404,0.7165009362988817,0.5638177444573511,0.7009086870719645,0.9872995826510733,0.7800981440304908,0.8815687437465898,0.7917871253834927,0.9082615731946504,0.3628452807807613,0.4621060832946591,0.9001889664606626,0.5808585959158803,0.9498009884578036,0.6288929930204411,0.5321142179294636,0.8598425852017675,0.24129198101601412,0.7078272996322454,0.8774187727774527,0.2501284069265245,0.3257508375329584,0.6812269853579691,0.26420424778617435,0.7626344421086073,0.6721205559130521,0.7773670652808817,0.7846176027958276,0.8067748700378881,0.741944636684791,0.7641699068587248,0.5605544802956708,0.7140546306842713,0.7757392914505854,0.7896974912273582,0.2840032645903747,0.7726214481139004,0.0929989742974131,0.866660652018552,0.22184816257176565,0.7936390317142754,0.3938367873610723,0.7974965287155302,0.9607334112837431,0.8211672044558134,0.8059107775749208,0.7434578109999848,0.7718630684700933,0.7205742792657732,0.20918919706293293,0.37906851504529937,0.7507057829659265,0.5185434142227476,0.4386295288940505,0.6517883107771565,0.9373337091552363,0.8494162464230661,0.7720200803249642,0.5338897820889361,0.6978485776463297,0.7678353931619665,0.8050379729179937,0.29335372918611313,0.33861424575294063,0.9517989491489709,0.5546482712372249,0.8702560891079979,0.7633071354356558,0.7384687660513891,0.8477825023812873,0.8729841532829063,0.7021689125109218,0.7540770706675246,0.8591405827636432,0.7692835957132567,0.7839274349536994,0.8379129021788128,0.877418772777453,0.7846176027958276,0.6421375495645619,0.4430906075182923,0.47143313761124683,0.6609742473889244,0.7846176027958275,0.5173419574702653,0.3304229605850284,0.5638177444573508,0.6910498967520586,0.5921395779625389,0.5411981117069258,0.5362553030414053,0.9266266527876911,0.7135571789258124,0.9422677255256751,0.5298942877123303,0.6445049778845919,0.8146465075743061,0.5874229539541718,0.9089792169807254,0.9604140341855053,0.6773869912477104,0.8774187727774527,0.684392319762356,0.7974965287155307,0.8774187727774532,0.7512664934860482,0.8668423230235505,0.8128183834424192,0.5491527533718707,0.5393477777825826,0.8059936873009321,0.7641699068587244,0.761628351339465,0.3483107685063147,0.20376673532977818,0.8050379729179937,0.9752589049756402,0.84217556465059,0.8050379729179937,0.777635666776106,0.9457158832993178,0.7846176027958276,0.7417775415661962,0.8782517923665751,0.7846176027958276,0.7209755593296103,0.5674663158967701,0.907227669702495,0.7991647789411429,0.8294083099774059,0.7720200803249637,0.8050379729179937,0.30551132134991565,0.35441513130873825,0.7009086870719643,0.27460541857787824,0.7846176027958276,0.606420116499619,0.7991647789411422,0.7209755593296103,0.23589965496851117,0.6458853413075782,0.8228150438933362,0.9081052038612374,0.7307531481434417,0.973762731578433,0.7794444788508179,0.8410191640890095,0.9344345639021312,0.7244364676455952,0.8031130963721593,0.7374581770354285,0.8421298244753364,0.9915383478959421,0.7252504185499435,0.7991647789411429,0.6751305286507929,0.31826608235179,0.7846176027958276,0.9538222866753714,0.5742773935774994,0.8153105908663699,0.414002284996821,0.7901697029276884,0.7450015194592317,0.22231966464705377,0.824169289955148,0.381687863670237,0.0,0.7846176027958276,0.7846176027958276,0.8918463789308564,0.6495416468474213,0.720395692261055,0.5681549656684094,0.32067356094736754,0.46349782408108986,0.46210608329465863,0.11915113401723787,0.7372912924870021,0.2300355594131479,0.7846176027958276,0.914492022598888,0.8067748700378881,0.8250605217364745,0.2840032645903747,0.8228150438933353,0.3924956962030759,0.7846176027958276,0.7846176027958276,0.15609194904613888,0.8128183834424192,0.13306751458109534,0.738847581781011,0.42040855186980064,0.5733887581026953,0.9834418864104257,0.8171315447563339,0.28210247516565146,0.4980671071235485,0.7846176027958275,0.6406659094399356,0.1531331011877981,0.9081052038612374,0.8397383481014532,0.864245768475717,0.8976640020143208,0.7973984665503393,0.6507419943856589,0.7720200803249637,0.5910064746566555,0.7846176027958276,0.19533447228691658,0.8571114196439866,0.5653867290544494,0.6300138616664199,0.5117961643246463,0.727652552994217,0.5586060762961312,0.44646105303167594,0.8294083099774061,0.8623522126785352,0.37414302309475056,0.8457892650119999,0.8313241234502102,0.8368786240785541,0.9268468105613143,0.20541989999032062,0.7884307121300929,0.8050379729179937,0.5813399303400351,0.7328571843832902,0.7875502366710336,0.7121696352149092,0.8250605217364748,0.7691896957671467,0.8250605217364748,0.8994406981079928,0.5874229539541713,0.9935048093923297,0.5654201818038314,0.7923706875053153,0.8666606520185522,0.7864213024362037,0.7854152116670609,0.3897202002609541,0.8338072309606863,0.7565251288118119,0.7117887374047025,0.7902476319638909,0.7720200803249632,0.5625547458725428,0.992801725622684,0.6405528479902627,0.6856514530630613,0.7846176027958276,0.5567007071566001,0.9333745907382667,0.49688550308586443,0.8153105908663697,0.798645625957001,0.6944858972406489,0.5757985278849371,0.7846176027958276,0.2885325341818421,0.2623601976473662,0.9193084139443952,0.09857984575984102,0.19533447228691636,0.13157292172183688,0.8379129021788128,0.41070479098047374,0.9818271854874359,0.9058780333353961,0.19797983492457472,0.726841459869193,0.4123376944094188,0.8402286845916938,0.8184014363586076,0.8128183834424194,0.7946084483619353,0.9177884103494538,0.25169014978500504,0.9970372388368176,0.24603062926169006,0.7641699068587241,0.8050379729179937,0.34400656335807056,0.4250823120716485,0.6072390560246772,0.2896820488003391,0.19076698798256242,0.7846176027958276,0.18771703802911488,0.4340893256396514,0.7107195417174499,0.7846176027958276,0.25673333219452366,0.9607334112837431,0.8228150438933353,0.9099614128480222,0.8050379729179937,0.47856808306764975,0.7036442154965998,0.7883999095577525,0.9224732071905758,0.9231460202601305,0.8412914304809613,0.2930248752171811,0.7846176027958276,0.7259130439907586,0.7846176027958276,0.8059936873009326,0.5843785286838346,0.46300726790924773,0.8250605217364745,0.8009515507970797,0.6493949257687646,0.5923867442142763,0.7303891866828414,0.7846176027958276,0.5873858443249693,0.26845521723510657,0.5768810480828015,0.7829242595999122,0.6590264503438212,0.9936030628834354,0.6819800757386743,0.645957220235673,0.8869220795553374,0.5026323394312313,0.22721826405120948,0.8869220795553374,0.7500588316482322,0.8067748700378887,0.5290314113290122,0.8869220795553374,0.8250605217364745,0.9268468105613143,0.7720200803249636,0.5290314113290118,0.8050379729179933,0.6858035854522634,0.7659400626703596,0.6836721158093677,0.6590264503438226,0.723798681194318,0.6192663136474554,0.6757424958515796,0.7565251288118122,0.8092020719946578,0.7900008923708588,0.6713802517866683,0.5992199077498692,0.5425984985037029,0.9287900038096107,0.6112277564385098,0.7680366389498345,0.8010995999443995,0.8292174273003119,0.7575287916338265,0.911441051306328,0.8919959409043677,0.7135571789258124,0.7180561138439923,0.8690509343197375,0.8146465075743061,0.989925988293489,0.6781462634044126,0.7096483628467687,0.7676714435226898,0.7223577492831692,0.9505509307450879,0.8494162464230661,0.7455731332771478,0.8128183834424185,0.5852501269114114,0.6416659762771932,0.810636583901214,0.5707291822778202,0.8730801536011992,0.8793638134739938,0.8645476581164597,0.9821809970351337,0.703644215496598,0.8681784955120406,0.830632587024914,0.8658801020870615,0.9952819898596896,0.9395392827097996,0.7450015194592323,0.8955685121011752,0.8598425852017675,0.8580127972420872,0.7061791072998549,0.8292174273003112,0.8499461646223647,0.48790866098377694,0.6636319576481546,0.9494280207369876,0.9311299804308054,0.40635224284564586,0.7351998960866788,0.8241692899551483,0.8508420511947659,0.37270439689238277,0.8783513210222329,0.6040445462425326,0.9904666825446744,0.34589494739075055,0.7434578109999848,0.8470051605241504,0.5182325190624515,0.9361754702967153,0.8790256842418012,0.8506471194347117,0.767342512232443,0.8734830089019743,0.8754734323518576,0.8470051605241504
p265_Q,0.7524297972473161,0.9413411539914585,0.8918007079504506,0.9225015741707872,0.9492063492063487,0.9623211158059548,0.7050163519970581,0.7509151724713103,0.9038142386822647,0.960221152322577,0.9398636845831869,0.9475597985845114,0.9475597985845114,0.9225015741707872,0.9106019687464653,0.5567710364845595,0.944383427890573,0.9314886672615048,0.9582144552981327,0.960221152322577,0.8875255844205965,0.938412400887346,0.935580996038617,0.9508971383859763,0.9369854052620163,0.9314886672615046,0.944383427890573,0.916441965519317,0.960221152322577,0.7739436107925906,0.9250013316406693,0.9544316996038,0.9428469360414609,0.9188361382271659,0.9492063492063489,0.9582144552981327,0.9508971383859763,0.9428469360414602,0.9623211158059548,0.930160641445072,0.8993922310882436,0.932833950574053,0.9623211158059548,0.912915131908919,0.9443834278905732,0.8474513194974065,0.9526370111116405,0.9004911494084333,0.930160641445072,0.8918007079504506,0.9544316996038,0.8495864161552136,0.9314886672615046,0.13408370177867746,0.9428469360414604,0.9288488221297497,0.9288488221297497,0.0,0.7383793872014479,0.9459533477380775,0.9060540201833016,0.831146423199498,0.931488667261505,0.8993922310882436,0.9562880686171875,0.8244397822834253,0.9544316996038,0.6473831763250288,0.7698078233874499,0.9582144552981327,0.92126914699118,0.9301606414450723,0.9492063492063487,0.8266892096935958,0.0,0.8864622842804517,0.938412400887346,0.9398636845831867,0.8233095582802461,0.9623211158059548,0.9398636845831869,0.9341976401680094,0.31108550994831163,0.9314886672615048,0.0,0.9176344520056336,0.938412400887346,0.8046479448175341,0.8939536575643376,0.03139863267861631,0.0,0.8918007079504506,0.831146423199498,0.8548949080074899,0.31108550994831163,0.48955645159511163,0.8896584524348263,0.8875255844205965,0.8198957816506434,0.8187498553347687,0.9288488221297497,0.9526370111116405,0.9492063492063489,0.8580633769736241,0.6072669396673074,0.9582144552981327,0.907182019415572,0.7973204052495684,0.9369854052620166,0.8289245259008584,0.8759110188590657,0.9328339505740528,0.8070467719220202,0.9094556823349389,0.9526370111116405,0.7833099084134079,0.9413411539914585,0.9582144552981327,0.9623211158059548,0.8580633769736241,0.9129151319089193,0.885400876353422,0.9369854052620166,0.9250013316406696,0.931488667261505,0.7554264789789613,0.9508971383859763,0.6339927913026551,0.9475597985845114,0.9152582079543838,0.8727631680356085,0.9526370111116405,0.9544316996038,0.9623211158059548,0.944383427890573,0.8453085223330421,0.879064442044788,0.9544316996038003,0.9544316996038,0.06018876900101988,0.8046479448175343,0.960221152322577,0.8244397822834253,0.8717146038820363,0.8875255844205967,0.9106019687464659,0.892875760974867,0.8420784215528956,0.9301606414450723,0.7583810530554915,0.9602211523225768,0.9060540201833014,0.8559522762859688,0.8811713725919912,0.9544316996038,0.9301606414450725,0.8950345750758599,0.9140827360776209,0.8938851835250172,0.5567710364845593,0.7367566674079002,0.9526370111116407,0.9341976401680094,0.7431708752992887,0.8972062142375332,0.9164419655193166,0.8612222667022558,0.8993922310882436,0.9262700211315917,0.8453085223330423,0.9225015741707872,0.9475597985845114,0.9288488221297495,0.6783615558233287,0.8538362113124116,0.8780124908814328,0.9582144552981327,0.6072669396673073,0.9200475251844384,0.5526275082095409,0.9117550006367756,0.8885909234541711,0.9288488221297497,0.9475597985845114,0.6394614409405057,0.8538362113124116,0.8580633769736241,0.9015943008452869,0.13408370177867734,0.9237454173815312,0.9459533477380775,0.903814238682265,0.8221755430097122,0.7897778653703145,0.9060540201833014,0.0,0.9508971383859763,0.9459533477380777,0.4895564515951115,0.8355526955775656,0.8918007079504506,0.9475597985845114,0.0,0.8685695845092951,0.7897778653703145,0.960221152322577,0.0,0.6951973979147161,0.9152582079543841,0.8864622842804517,0.6447787703816181,0.9049315186013059,0.9475597985845114,0.0,0.6473831763250286,0.0,0.8117838598171898,0.8388272306091986,0.8355526955775657,0.0,0.6339927913026551,0.0,0.7050163519970583,0.9071820194155717,0.9164419655193166,0.8759110188590655,0.9526370111116407,0.7711949776746383,0.06018876900101888,0.935580996038617,0.9384124008873462,0.9060540201833014,0.7554264789789611,0.9188361382271666,0.9544316996038,0.4951319232791844,0.8907283270583697,0.9027019168030599,0.897206214237533,0.9152582079543838,0.9152582079543838,0.944383427890573,0.885400876353422,0.9459533477380777,0.0,0.9027019168030597,0.0,0.7334713952978886,0.9152582079543841,0.9544316996038,0.9275522446953854,0.7711949776746383,0.9508971383859763,0.9140827360776205,0.9369854052620161,0.892875760974867,0.9398636845831869,0.8612222667022562,0.9526370111116405,0.8717146038820363,0.8717146038820349,0.8442340263447974,0.03139863267861631,0.9562880686171873,0.8289245259008584,0.9623211158059548,0.8333555867103808,0.8333555867103808,0.24376003609304187,0.8706662210952574,0.8748612665230131,0.9544316996038003,0.848519788337875,0.7973204052495684,0.7780046509581313,0.9582144552981327,0.8289245259008584,0.9140827360776214,0.9341976401680094,0.9015943008452874,0.9582144552981327,0.8517144868263773,0.8141237078825918,0.9562880686171873,0.8982973238138026,0.9225015741707867,0.9526370111116407,0.9188361382271666,0.8070467719220202,0.9459533477380775,0.9526370111116405,0.9526370111116407,0.7985559379258667,0.9582144552981327,0.7985559379258667,0.6499526646778642,0.885400876353422,0.8442340263447972,0.9582144552981327,0.9492063492063487,0.930160641445072,0.9459533477380777,0.9544316996038003,0.8022278398026612,0.8982973238138026,0.9526370111116405,0.9301606414450723,0.9164419655193172,0.7250134267509765,0.9094556823349389,0.8843412180810755,0.6848496741376313,0.7923174570100686,0.6911250629978627,0.8727631680356077,0.9602211523225768,0.903814238682265,0.9602211523225768,0.9188361382271668,0.9152582079543841,0.9094556823349389,0.9526370111116405,0.0,0.9544316996038,0.9027019168030597,0.931488667261505,0.9582144552981327,0.9562880686171873,0.9475597985845114,0.0,0.9369854052620163,0.9582144552981327,0.9623211158059548,0.9106019687464655,0.823309558280246,0.9341976401680094,0.9544316996038003,0.8333555867103808,0.8289245259008584,0.9369854052620166,0.9428469360414611,0.8409971458279799,0.9526370111116405,0.9188361382271659,0.8117838598171898,0.9413411539914587,0.9106019687464657,0.9623211158059548,0.7655931084723666,0.9188361382271666,0.7780046509581313,0.944383427890573,0.03139863267861631,0.92126914699118,0.885400876353422,0.8070467719220202,0.8082384637825222,0.8187498553347687,0.0,0.8538362113124116,0.9176344520056336,0.9200475251844387,0.9176344520056336,0.9602211523225768,0.8453085223330421,0.0,0.0,0.930160641445072,0.903814238682265,0.8591172857456586,0.0,0.9602211523225768,0.9492063492063489,0.922501574170787,0.8972062142375332,0.7897778653703145,0.9492063492063489,0.9237454173815309,0.938412400887346,0.8322525541058978,0.9634411459729271,0.0,0.8811713725919912,0.9164419655193168,0.7766590274917047,0.9952327064015152,0.9237454173815312,0.8704033497109469,0.9526370111116405,0.7960789049353036,0.0,0.7973204052495684,0.9314886672615053,0.8591172857456586,0.8300371089395653,0.9508971383859763,0.831146423199498,0.9428469360414606,0.0,0.8961186971729789,0.7399891659895361,0.0,0.9237454173815309,0.7948313236856197,0.8420784215528956,0.8152867967569688,0.8022278398026612,0.0,0.7698078233874488,0.8559522762859684,0.9562880686171873,0.6574604645689301,0.7250134267509767,0.907182019415572,0.908315805590151,0.8961186971729789,0.9526370111116405,0.8982973238138026,0.8864622842804517,0.935580996038617,0.8527760996057683,0.8738120195914167,0.8706662210952574,0.21151139151266862,0.9544316996038,0.9314886672615055,0.0,0.9582144552981327,0.9015943008452869,0.8129560940834346,0.9398636845831869,0.9275522446953854,0.06018876900102055,0.7478523304650295,0.9508971383859763,0.06018876900102055,0.9398636845831869,0.9492063492063489,0.9413411539914582,0.879064442044788,0.903814238682265,0.9582144552981327,0.8463809254714867,0.9602211523225768,0.9413411539914582,0.935580996038617,0.801009545737682,0.938412400887346,0.9602211523225768,0.7997856146881548,0.9164419655193166,0.5305546844946969,0.24376003609304187,0.938412400887346,0.9027019168030597,0.9526370111116405,0.9188361382271666,0.8993922310882436,0.8769613888066743,0.9341976401680094,0.8993922310882436,0.9398636845831869,0.9250013316406693,0.6827113291147924,0.7725735218970409,0.9049315186013058,0.9443834278905732,0.8141237078825918,0.8907283270583697,0.9225015741707872,0.9341976401680094,0.21151139151266984,0.8175997772209664,0.9398636845831869,0.8517144868263774,0.9341976401680094,0.9152582079543841,0.7539334992316542,0.9526370111116405,0.8453085223330421,0.7143607147557585,0.9176344520056336,0.8993922310882432,0.9582144552981327,0.7301312695908229,0.8918007079504506,0.9562880686171875,0.9164419655193166,0.944383427890573,0.944383427890573,0.9544316996038003,0.9582144552981327,0.9250013316406696,0.8255663034700989,0.9129151319089186,0.9475597985845114,0.9475597985845114,0.7125274559321444,0.9071820194155717,0.08671734220308636,0.8717146038820361,0.0,0.9562880686171873,0.0,0.0,0.8187498553347687,0.2115113915126693,0.9188361382271664,0.0,0.7334713952978882,0.8377384241745145,0.4006068367505189,0.8527760996057685,0.8811713725919912,0.8058499662916012,0.903814238682265,0.47795836130872293,0.8399134433261015,0.9428469360414604,0.8864622842804515,0.4408515443948542,0.9176344520056336,0.7711949776746385,0.6473831763250284,0.9250013316406696,0.9428469360414602,0.9459533477380775,0.7846176027958278,0.9562880686171873,0.8961186971729789,0.9526370111116405,0.9004911494084331,0.938412400887346,0.9328339505740528,0.935580996038617,0.848519788337875,0.9237454173815312,0.9060540201833016,0.9355809960386168,0.7223272158432528,0.9526370111116405,0.17526171623055564,0.9508971383859763,0.9140827360776205,0.8570084033315839,0.8399134433261015,0.4654487838138114,0.8570084033315841,0.5711669571562623,0.77934241058442,0.8896584524348263,0.9475597985845114,0.7766590274917051,0.9262700211315917,0.9623211158059548,0.8058499662916013,0.8463809254714865,0.7876282222528316,0.8034406041869142,0.938412400887346,0.9071820194155717,0.8822265994777512,0.0,0.9544316996038,0.9164419655193174,0.9492063492063487,0.8612222667022558,0.938412400887346,0.9459533477380777,0.9262700211315917,0.831146423199498,0.9355809960386168,0.8046479448175343,0.9602211523225772,0.7935775465776653,0.9398636845831869,0.8664724446651941,0.06018876900102055,0.9428469360414602,0.7143607147557588,0.9152582079543841,0.9341976401680094,0.7806724477786732,0.880117361849238,0.7318083230664854,0.8633240709217587,0.9188361382271666,0.6991852245234744,0.8612222667022558,0.9250013316406696,0.960221152322577,0.9369854052620166,0.9508971383859763,0.8388272306091986,0.9027019168030597,0.525843532183836,0.03139863267861631,0.7960789049353036,0.8409971458279799,0.9623211158059548,0.8790644420447877,0.9526370111116405,0.9176344520056336,0.9164419655193168,0.932833950574053,0.9015943008452869,0.9250013316406696,0.9369854052620166,0.500567215157067,0.9398636845831867,0.9475597985845112,0.9544316996038,0.9623211158059548,0.0,0.9188361382271668,0.8654234385275936,0.8070467719220202,0.9200475251844384,0.0,0.8832831707913575,0.8244397822834253,0.9060540201833016,0.34458474155865637,0.9038142386822647,0.8918007079504506,0.8811713725919912,0.7859181167692968,0.9275522446953854,0.9060540201833014,0.6598989712921809,0.8907283270583697,0.9562880686171873,0.9027019168030597,0.9288488221297497,0.9526370111116405,0.9152582079543841,0.9623211158059548,0.9275522446953854,0.9459533477380777,0.9623211158059548,0.9413411539914587,0.9288488221297497,0.9492063492063487,0.6783615558233285,0.8843412180810755,0.9582144552981327,0.9492063492063489,0.9384124008873462,0.7806724477786728,0.8022278398026612,0.03139863267861631,0.9544316996038003,0.08671734220308558,0.03139863267861631,0.03139863267861631,0.3741839079094693,0.0,0.944383427890573,0.4527606561376478,0.0,0.9341976401680094,0.535161772248302,0.9582144552981327,0.9526370111116405,0.9562880686171873,0.9508971383859763,0.03139863267861631,0.7960789049353036,0.8580633769736241,0.935580996038617,0.8409971458279799,0.0,0.9071820194155722,0.9526370111116405,0.9341976401680094,0.7935775465776653,0.9083158055901508,0.9582144552981327,0.9508971383859763,0.9369854052620166,0.9152582079543841,0.6284764518573093,0.9492063492063487,0.4006068367505189,0.92126914699118,0.9250013316406696,0.6848496741376318,0.9398636845831869,0.9582144552981327,0.930160641445072,0.9526370111116405,0.9071820194155722,0.8420784215528954,0.0,0.9492063492063487,0.8822265994777507,0.960221152322577,0.8377384241745145,0.944383427890573,0.9398636845831869,0.8244397822834253,0.06018876900102055,0.7569089328329721,0.7846176027958276,0.0,0.0,0.40880739824839063,0.6991852245234742,0.9027019168030597,0.8058499662916013,0.8453085223330421,0.8152867967569688,0.8399134433261015,0.7997856146881548,0.9328339505740528,0.8129560940834346,0.0,0.9004911494084331,0.9544316996038,0.9623211158059548,0.831146423199498,0.9582144552981327,0.831146423199498,0.0,0.0,0.7739436107925914,0.9492063492063487,0.7819949015164562,0.938412400887346,0.8570084033315841,0.8993922310882436,0.6856702229525599,0.8993922310882436,0.8344556057285131,0.8506512873935228,0.0,0.9152582079543841,0.8175997772209664,0.9508971383859763,0.9582144552981327,0.5526275082095407,0.7351207557283752,0.43182584581086747,0.9176344520056336,0.9508971383859763,0.8591172857456586,0.0,0.8266892096935958,0.9176344520056336,0.8993922310882436,0.8727631680356078,0.8654234385275936,0.9413411539914582,0.9049315186013054,0.8538362113124116,0.9562880686171875,0.8685695845092949,0.862273520033598,0.9443834278905732,0.9602211523225768,0.9225015741707872,0.2586095064370061,0.8129560940834346,0.9544316996038,0.03139863267861631,0.8759110188590655,0.9288488221297497,0.9152582079543841,0.92126914699118,0.9623211158059548,0.9152582079543841,0.9623211158059548,0.9623211158059548,0.9027019168030597,0.3647019568709454,0.8961186971729789,0.9492063492063487,0.9602211523225768,0.938412400887346,0.938412400887346,0.8322525541058978,0.9428469360414611,0.9475597985845114,0.9288488221297497,0.5210240199989242,0.9508971383859761,0.7684119013812074,0.3833143586062788,0.7125274559321442,0.7447432793600621,0.0,0.8918007079504506,0.9492063492063489,0.758381053055492,0.960221152322577,0.9328339505740528,0.9341976401680097,0.855952276285969,0.0,0.7399891659895361,0.8058499662916012,0.9341976401680094,0.8058499662916012,0.8266892096935958,0.8129560940834346,0.9544316996038,0.7143607147557588,0.6716454483484393,0.8058499662916012,0.7431708752992889,0.9355809960386166,0.6761489807685291,0.9623211158059548,0.9355809960386168,0.9492063492063489,0.8982973238138026,0.930160641445072,0.8388272306091984,0.4779583613087228,0.8106069085572598,0.9492063492063489,0.03139863267861631,0.8420784215528954,0.861222266702256,0.5110414539348817,0.7766590274917051,0.7524297972473162,0.0,0.9856724533720749,0.8633240709217587,0.9225015741707872,0.0,0.8399134433261015,0.9428469360414604,0.9582144552981327,0.2115113915126694,0.03139863267861631,0.9114861522954751,0.9314886672615051,0.897206214237533,0.9288488221297497,0.9083158055901508,0.9355809960386172,0.8129560940834346,0.0,0.9275522446953854,0.0,0.9582144552981327,0.8333555867103808,0.8843412180810759,0.9623211158059548,0.9262700211315917,0.8022278398026612,0.904931518601306,0.9225015741707869,0.0,0.8322525541058978,0.8210376473859937,0.8506512873935228,0.9250013316406696,0.40060683675051967,0.9544316996038003,0.3227392978460525,0.9237454173815312,0.392115299153029,0.8928757609748668,0.7948313236856197,0.392115299153029,0.9225015741707872,0.9544316996038003,0.885400876353422,0.392115299153029,0.9623211158059548,0.931488667261505,0.9508971383859763,0.885400876353422,0.9475597985845114,0.9237454173815312,0.9341976401680094,0.8918007079504506,0.9152582079543841,0.9355809960386168,0.9140827360776211,0.930160641445072,0.9475597985845114,0.9384124008873462,0.7301312695908225,0.9225015741707872,0.9015943008452869,0.8333555867103808,0.42440193597169273,0.9083158055901508,0.930160641445072,0.9508971383859763,0.9526370111116405,0.9015943008452867,0.8939536575643379,0.9275522446953854,0.9275522446953854,0.9004911494084333,0.9544316996038,0.9562880686171873,0.5974763156586966,0.9262700211315922,0.8664724446651935,0.9176344520056336,0.9250013316406696,0.6549904556417999,0.9369854052620166,0.9237454173815312,0.9492063492063487,0.8366469404145511,0.8780124908814328,0.9129151319089186,0.9004911494084333,0.6623067578386677,0.9562880686171875,0.9188361382271666,0.5906675167558797,0.9314886672615046,0.944383427890573,0.926270021131592,0.8993922310882434,0.6040574193889983,0.7598430279509716,0.9398636845831869,0.6739104850582693,0.9475597985845114,0.8832831707913573,0.7143607147557586,0.9526370111116407,0.9508971383859763,0.8864622842804517,0.9275522446953852,0.9526370111116405,0.8982973238138026,0.8633240709217587,0.708808264663793,0.9459533477380775,0.9459533477380775,0.8322525541058978,0.9341976401680094,0.9027019168030599,0.9526370111116405,0.8591172857456586,0.9341976401680094,0.9562880686171873,0.8928757609748668,0.9328339505740528,0.9508971383859763,0.960221152322577,0.8854008763534222,0.9582144552981327,0.7197593917099125,0.9562880686171873
p267_W,0.7524297972473161,0.9413411539914585,0.8918007079504506,0.9225015741707872,0.9492063492063487,0.9623211158059548,0.7050163519970581,0.7509151724713103,0.9038142386822647,0.960221152322577,0.9398636845831869,0.9475597985845114,0.9475597985845114,0.9225015741707872,0.9106019687464653,0.5567710364845595,0.944383427890573,0.9314886672615048,0.9582144552981327,0.960221152322577,0.8875255844205965,0.938412400887346,0.935580996038617,0.9508971383859763,0.9369854052620163,0.9314886672615046,0.944383427890573,0.916441965519317,0.960221152322577,0.7739436107925906,0.9250013316406693,0.9544316996038,0.9428469360414609,0.9188361382271659,0.9492063492063489,0.9582144552981327,0.9508971383859763,0.9428469360414602,0.9623211158059548,0.930160641445072,0.8993922310882436,0.932833950574053,0.9623211158059548,0.912915131908919,0.9443834278905732,0.8474513194974065,0.9526370111116405,0.9004911494084333,0.930160641445072,0.8918007079504506,0.9544316996038,0.8495864161552136,0.9314886672615046,0.13408370177867746,0.9428469360414604,0.9288488221297497,0.9288488221297497,0.0,0.7383793872014479,0.9459533477380775,0.9060540201833016,0.831146423199498,0.931488667261505,0.8993922310882436,0.9562880686171875,0.8244397822834253,0.9544316996038,0.6473831763250288,0.7698078233874499,0.9582144552981327,0.92126914699118,0.9301606414450723,0.9492063492063487,0.8266892096935958,0.0,0.8864622842804517,0.938412400887346,0.9398636845831867,0.8233095582802461,0.9623211158059548,0.9398636845831869,0.9341976401680094,0.31108550994831163,0.9314886672615048,0.0,0.9176344520056336,0.938412400887346,0.8046479448175341,0.8939536575643376,0.03139863267861631,0.0,0.8918007079504506,0.831146423199498,0.8548949080074899,0.31108550994831163,0.48955645159511163,0.8896584524348263,0.8875255844205965,0.8198957816506434,0.8187498553347687,0.9288488221297497,0.9526370111116405,0.9492063492063489,0.8580633769736241,0.6072669396673074,0.9582144552981327,0.907182019415572,0.7973204052495684,0.9369854052620166,0.8289245259008584,0.8759110188590657,0.9328339505740528,0.8070467719220202,0.9094556823349389,0.9526370111116405,0.7833099084134079,0.9413411539914585,0.9582144552981327,0.9623211158059548,0.8580633769736241,0.9129151319089193,0.885400876353422,0.9369854052620166,0.9250013316406696,0.931488667261505,0.7554264789789613,0.9508971383859763,0.6339927913026551,0.9475597985845114,0.9152582079543838,0.8727631680356085,0.9526370111116405,0.9544316996038,0.9623211158059548,0.944383427890573,0.8453085223330421,0.879064442044788,0.9544316996038003,0.9544316996038,0.06018876900101988,0.8046479448175343,0.960221152322577,0.8244397822834253,0.8717146038820363,0.8875255844205967,0.9106019687464659,0.892875760974867,0.8420784215528956,0.9301606414450723,0.7583810530554915,0.9602211523225768,0.9060540201833014,0.8559522762859688,0.8811713725919912,0.9544316996038,0.9301606414450725,0.8950345750758599,0.9140827360776209,0.8938851835250172,0.5567710364845593,0.7367566674079002,0.9526370111116407,0.9341976401680094,0.7431708752992887,0.8972062142375332,0.9164419655193166,0.8612222667022558,0.8993922310882436,0.9262700211315917,0.8453085223330423,0.9225015741707872,0.9475597985845114,0.9288488221297495,0.6783615558233287,0.8538362113124116,0.8780124908814328,0.9582144552981327,0.6072669396673073,0.9200475251844384,0.5526275082095409,0.9117550006367756,0.8885909234541711,0.9288488221297497,0.9475597985845114,0.6394614409405057,0.8538362113124116,0.8580633769736241,0.9015943008452869,0.13408370177867734,0.9237454173815312,0.9459533477380775,0.903814238682265,0.8221755430097122,0.7897778653703145,0.9060540201833014,0.0,0.9508971383859763,0.9459533477380777,0.4895564515951115,0.8355526955775656,0.8918007079504506,0.9475597985845114,0.0,0.8685695845092951,0.7897778653703145,0.960221152322577,0.0,0.6951973979147161,0.9152582079543841,0.8864622842804517,0.6447787703816181,0.9049315186013059,0.9475597985845114,0.0,0.6473831763250286,0.0,0.8117838598171898,0.8388272306091986,0.8355526955775657,0.0,0.6339927913026551,0.0,0.7050163519970583,0.9071820194155717,0.9164419655193166,0.8759110188590655,0.9526370111116407,0.7711949776746383,0.06018876900101888,0.935580996038617,0.9384124008873462,0.9060540201833014,0.7554264789789611,0.9188361382271666,0.9544316996038,0.4951319232791844,0.8907283270583697,0.9027019168030599,0.897206214237533,0.9152582079543838,0.9152582079543838,0.944383427890573,0.885400876353422,0.9459533477380777,0.0,0.9027019168030597,0.0,0.7334713952978886,0.9152582079543841,0.9544316996038,0.9275522446953854,0.7711949776746383,0.9508971383859763,0.9140827360776205,0.9369854052620161,0.892875760974867,0.9398636845831869,0.8612222667022562,0.9526370111116405,0.8717146038820363,0.8717146038820349,0.8442340263447974,0.03139863267861631,0.9562880686171873,0.8289245259008584,0.9623211158059548,0.8333555867103808,0.8333555867103808,0.24376003609304187,0.8706662210952574,0.8748612665230131,0.9544316996038003,0.848519788337875,0.7973204052495684,0.7780046509581313,0.9582144552981327,0.8289245259008584,0.9140827360776214,0.9341976401680094,0.9015943008452874,0.9582144552981327,0.8517144868263773,0.8141237078825918,0.9562880686171873,0.8982973238138026,0.9225015741707867,0.9526370111116407,0.9188361382271666,0.8070467719220202,0.9459533477380775,0.9526370111116405,0.9526370111116407,0.7985559379258667,0.9582144552981327,0.7985559379258667,0.6499526646778642,0.885400876353422,0.8442340263447972,0.9582144552981327,0.9492063492063487,0.930160641445072,0.9459533477380777,0.9544316996038003,0.8022278398026612,0.8982973238138026,0.9526370111116405,0.9301606414450723,0.9164419655193172,0.7250134267509765,0.9094556823349389,0.8843412180810755,0.6848496741376313,0.7923174570100686,0.6911250629978627,0.8727631680356077,0.9602211523225768,0.903814238682265,0.9602211523225768,0.9188361382271668,0.9152582079543841,0.9094556823349389,0.9526370111116405,0.0,0.9544316996038,0.9027019168030597,0.931488667261505,0.9582144552981327,0.9562880686171873,0.9475597985845114,0.0,0.9369854052620163,0.9582144552981327,0.9623211158059548,0.9106019687464655,0.823309558280246,0.9341976401680094,0.9544316996038003,0.8333555867103808,0.8289245259008584,0.9369854052620166,0.9428469360414611,0.8409971458279799,0.9526370111116405,0.9188361382271659,0.8117838598171898,0.9413411539914587,0.9106019687464657,0.9623211158059548,0.7655931084723666,0.9188361382271666,0.7780046509581313,0.944383427890573,0.03139863267861631,0.92126914699118,0.885400876353422,0.8070467719220202,0.8082384637825222,0.8187498553347687,0.0,0.8538362113124116,0.9176344520056336,0.9200475251844387,0.9176344520056336,0.9602211523225768,0.8453085223330421,0.0,0.0,0.930160641445072,0.903814238682265,0.8591172857456586,0.0,0.9602211523225768,0.9492063492063489,0.922501574170787,0.8972062142375332,0.7897778653703145,0.9492063492063489,0.9237454173815309,0.938412400887346,0.8322525541058978,0.9634411459729271,0.0,0.8811713725919912,0.9164419655193168,0.7766590274917047,0.9952327064015152,0.9237454173815312,0.8704033497109469,0.9526370111116405,0.7960789049353036,0.0,0.7973204052495684,0.9314886672615053,0.8591172857456586,0.8300371089395653,0.9508971383859763,0.831146423199498,0.9428469360414606,0.0,0.8961186971729789,0.7399891659895361,0.0,0.9237454173815309,0.7948313236856197,0.8420784215528956,0.8152867967569688,0.8022278398026612,0.0,0.7698078233874488,0.8559522762859684,0.9562880686171873,0.6574604645689301,0.7250134267509767,0.907182019415572,0.908315805590151,0.8961186971729789,0.9526370111116405,0.8982973238138026,0.8864622842804517,0.935580996038617,0.8527760996057683,0.8738120195914167,0.8706662210952574,0.21151139151266862,0.9544316996038,0.9314886672615055,0.0,0.9582144552981327,0.9015943008452869,0.8129560940834346,0.9398636845831869,0.9275522446953854,0.06018876900102055,0.7478523304650295,0.9508971383859763,0.06018876900102055,0.9398636845831869,0.9492063492063489,0.9413411539914582,0.879064442044788,0.903814238682265,0.9582144552981327,0.8463809254714867,0.9602211523225768,0.9413411539914582,0.935580996038617,0.801009545737682,0.938412400887346,0.9602211523225768,0.7997856146881548,0.9164419655193166,0.5305546844946969,0.24376003609304187,0.938412400887346,0.9027019168030597,0.9526370111116405,0.9188361382271666,0.8993922310882436,0.8769613888066743,0.9341976401680094,0.8993922310882436,0.9398636845831869,0.9250013316406693,0.6827113291147924,0.7725735218970409,0.9049315186013058,0.9443834278905732,0.8141237078825918,0.8907283270583697,0.9225015741707872,0.9341976401680094,0.21151139151266984,0.8175997772209664,0.9398636845831869,0.8517144868263774,0.9341976401680094,0.9152582079543841,0.7539334992316542,0.9526370111116405,0.8453085223330421,0.7143607147557585,0.9176344520056336,0.8993922310882432,0.9582144552981327,0.7301312695908229,0.8918007079504506,0.9562880686171875,0.9164419655193166,0.944383427890573,0.944383427890573,0.9544316996038003,0.9582144552981327,0.9250013316406696,0.8255663034700989,0.9129151319089186,0.9475597985845114,0.9475597985845114,0.7125274559321444,0.9071820194155717,0.08671734220308636,0.8717146038820361,0.0,0.9562880686171873,0.0,0.0,0.8187498553347687,0.2115113915126693,0.9188361382271664,0.0,0.7334713952978882,0.8377384241745145,0.4006068367505189,0.8527760996057685,0.8811713725919912,0.8058499662916012,0.903814238682265,0.47795836130872293,0.8399134433261015,0.9428469360414604,0.8864622842804515,0.4408515443948542,0.9176344520056336,0.7711949776746385,0.6473831763250284,0.9250013316406696,0.9428469360414602,0.9459533477380775,0.7846176027958278,0.9562880686171873,0.8961186971729789,0.9526370111116405,0.9004911494084331,0.938412400887346,0.9328339505740528,0.935580996038617,0.848519788337875,0.9237454173815312,0.9060540201833016,0.9355809960386168,0.7223272158432528,0.9526370111116405,0.17526171623055564,0.9508971383859763,0.9140827360776205,0.8570084033315839,0.8399134433261015,0.4654487838138114,0.8570084033315841,0.5711669571562623,0.77934241058442,0.8896584524348263,0.9475597985845114,0.7766590274917051,0.9262700211315917,0.9623211158059548,0.8058499662916013,0.8463809254714865,0.7876282222528316,0.8034406041869142,0.938412400887346,0.9071820194155717,0.8822265994777512,0.0,0.9544316996038,0.9164419655193174,0.9492063492063487,0.8612222667022558,0.938412400887346,0.9459533477380777,0.9262700211315917,0.831146423199498,0.9355809960386168,0.8046479448175343,0.9602211523225772,0.7935775465776653,0.9398636845831869,0.8664724446651941,0.06018876900102055,0.9428469360414602,0.7143607147557588,0.9152582079543841,0.9341976401680094,0.7806724477786732,0.880117361849238,0.7318083230664854,0.8633240709217587,0.9188361382271666,0.6991852245234744,0.8612222667022558,0.9250013316406696,0.960221152322577,0.9369854052620166,0.9508971383859763,0.8388272306091986,0.9027019168030597,0.525843532183836,0.03139863267861631,0.7960789049353036,0.8409971458279799,0.9623211158059548,0.8790644420447877,0.9526370111116405,0.9176344520056336,0.9164419655193168,0.932833950574053,0.9015943008452869,0.9250013316406696,0.9369854052620166,0.500567215157067,0.9398636845831867,0.9475597985845112,0.9544316996038,0.9623211158059548,0.0,0.9188361382271668,0.8654234385275936,0.8070467719220202,0.9200475251844384,0.0,0.8832831707913575,0.8244397822834253,0.9060540201833016,0.34458474155865637,0.9038142386822647,0.8918007079504506,0.8811713725919912,0.7859181167692968,0.9275522446953854,0.9060540201833014,0.6598989712921809,0.8907283270583697,0.9562880686171873,0.9027019168030597,0.9288488221297497,0.9526370111116405,0.9152582079543841,0.9623211158059548,0.9275522446953854,0.9459533477380777,0.9623211158059548,0.9413411539914587,0.9288488221297497,0.9492063492063487,0.6783615558233285,0.8843412180810755,0.9582144552981327,0.9492063492063489,0.9384124008873462,0.7806724477786728,0.8022278398026612,0.03139863267861631,0.9544316996038003,0.08671734220308558,0.03139863267861631,0.03139863267861631,0.3741839079094693,0.0,0.944383427890573,0.4527606561376478,0.0,0.9341976401680094,0.535161772248302,0.9582144552981327,0.9526370111116405,0.9562880686171873,0.9508971383859763,0.03139863267861631,0.7960789049353036,0.8580633769736241,0.935580996038617,0.8409971458279799,0.0,0.9071820194155722,0.9526370111116405,0.9341976401680094,0.7935775465776653,0.9083158055901508,0.9582144552981327,0.9508971383859763,0.9369854052620166,0.9152582079543841,0.6284764518573093,0.9492063492063487,0.4006068367505189,0.92126914699118,0.9250013316406696,0.6848496741376318,0.9398636845831869,0.9582144552981327,0.930160641445072,0.9526370111116405,0.9071820194155722,0.8420784215528954,0.0,0.9492063492063487,0.8822265994777507,0.960221152322577,0.8377384241745145,0.944383427890573,0.9398636845831869,0.8244397822834253,0.06018876900102055,0.7569089328329721,0.7846176027958276,0.0,0.0,0.40880739824839063,0.6991852245234742,0.9027019168030597,0.8058499662916013,0.8453085223330421,0.8152867967569688,0.8399134433261015,0.7997856146881548,0.9328339505740528,0.8129560940834346,0.0,0.9004911494084331,0.9544316996038,0.9623211158059548,0.831146423199498,0.9582144552981327,0.831146423199498,0.0,0.0,0.7739436107925914,0.9492063492063487,0.7819949015164562,0.938412400887346,0.8570084033315841,0.8993922310882436,0.6856702229525599,0.8993922310882436,0.8344556057285131,0.8506512873935228,0.0,0.9152582079543841,0.8175997772209664,0.9508971383859763,0.9582144552981327,0.5526275082095407,0.7351207557283752,0.43182584581086747,0.9176344520056336,0.9508971383859763,0.8591172857456586,0.0,0.8266892096935958,0.9176344520056336,0.8993922310882436,0.8727631680356078,0.8654234385275936,0.9413411539914582,0.9049315186013054,0.8538362113124116,0.9562880686171875,0.8685695845092949,0.862273520033598,0.9443834278905732,0.9602211523225768,0.9225015741707872,0.2586095064370061,0.8129560940834346,0.9544316996038,0.03139863267861631,0.8759110188590655,0.9288488221297497,0.9152582079543841,0.92126914699118,0.9623211158059548,0.9152582079543841,0.9623211158059548,0.9623211158059548,0.9027019168030597,0.3647019568709454,0.8961186971729789,0.9492063492063487,0.9602211523225768,0.938412400887346,0.938412400887346,0.8322525541058978,0.9428469360414611,0.9475597985845114,0.9288488221297497,0.5210240199989242,0.9508971383859761,0.7684119013812074,0.3833143586062788,0.7125274559321442,0.7447432793600621,0.0,0.8918007079504506,0.9492063492063489,0.758381053055492,0.960221152322577,0.9328339505740528,0.9341976401680097,0.855952276285969,0.0,0.7399891659895361,0.8058499662916012,0.9341976401680094,0.8058499662916012,0.8266892096935958,0.8129560940834346,0.9544316996038,0.7143607147557588,0.6716454483484393,0.8058499662916012,0.7431708752992889,0.9355809960386166,0.6761489807685291,0.9623211158059548,0.9355809960386168,0.9492063492063489,0.8982973238138026,0.930160641445072,0.8388272306091984,0.4779583613087228,0.8106069085572598,0.9492063492063489,0.03139863267861631,0.8420784215528954,0.861222266702256,0.5110414539348817,0.7766590274917051,0.7524297972473162,0.0,0.9856724533720749,0.8633240709217587,0.9225015741707872,0.0,0.8399134433261015,0.9428469360414604,0.9582144552981327,0.2115113915126694,0.03139863267861631,0.9114861522954751,0.9314886672615051,0.897206214237533,0.9288488221297497,0.9083158055901508,0.9355809960386172,0.8129560940834346,0.0,0.9275522446953854,0.0,0.9582144552981327,0.8333555867103808,0.8843412180810759,0.9623211158059548,0.9262700211315917,0.8022278398026612,0.904931518601306,0.9225015741707869,0.0,0.8322525541058978,0.8210376473859937,0.8506512873935228,0.9250013316406696,0.40060683675051967,0.9544316996038003,0.3227392978460525,0.9237454173815312,0.392115299153029,0.8928757609748668,0.7948313236856197,0.392115299153029,0.9225015741707872,0.9544316996038003,0.885400876353422,0.392115299153029,0.9623211158059548,0.931488667261505,0.9508971383859763,0.885400876353422,0.9475597985845114,0.9237454173815312,0.9341976401680094,0.8918007079504506,0.9152582079543841,0.9355809960386168,0.9140827360776211,0.930160641445072,0.9475597985845114,0.9384124008873462,0.7301312695908225,0.9225015741707872,0.9015943008452869,0.8333555867103808,0.42440193597169273,0.9083158055901508,0.930160641445072,0.9508971383859763,0.9526370111116405,0.9015943008452867,0.8939536575643379,0.9275522446953854,0.9275522446953854,0.9004911494084333,0.9544316996038,0.9562880686171873,0.5974763156586966,0.9262700211315922,0.8664724446651935,0.9176344520056336,0.9250013316406696,0.6549904556417999,0.9369854052620166,0.9237454173815312,0.9492063492063487,0.8366469404145511,0.8780124908814328,0.9129151319089186,0.9004911494084333,0.6623067578386677,0.9562880686171875,0.9188361382271666,0.5906675167558797,0.9314886672615046,0.944383427890573,0.926270021131592,0.8993922310882434,0.6040574193889983,0.7598430279509716,0.9398636845831869,0.6739104850582693,0.9475597985845114,0.8832831707913573,0.7143607147557586,0.9526370111116407,0.9508971383859763,0.8864622842804517,0.9275522446953852,0.9526370111116405,0.8982973238138026,0.8633240709217587,0.708808264663793,0.9459533477380775,0.9459533477380775,0.8322525541058978,0.9341976401680094,0.9027019168030599,0.9526370111116405,0.8591172857456586,0.9341976401680094,0.9562880686171873,0.8928757609748668,0.9328339505740528,0.9508971383859763,0.960221152322577,0.8854008763534222,0.9582144552981327,0.7197593917099125,0.9562880686171873
p268_I,0.7271037808837222,0.9752509450478222,0.8169813158537989,0.9539853357670899,0.9589591641085066,0.9362663130722397,0.8020743217680844,0.8158490002950387,0.837302156636007,0.9327142329596736,0.898279654991218,0.8830966996432088,0.9653389789590384,0.8984288710052624,0.9282322050200014,0.7894593805860715,0.9059247833199469,0.8841133455738346,0.929319912701777,0.9327142329596738,0.8324674078778131,0.9315204524190162,0.9597350242898657,0.9957812164793639,0.8934110566484073,0.8841133455738341,0.9059247833199469,0.9143558464851282,0.9327142329596736,0.7991606730692197,0.8731400424546578,0.8901700478813094,0.9033258132980624,0.86271164163361,0.9987214692868693,0.9293199127017768,0.9169426994374763,0.9033258132980619,0.9362663130722397,0.8818669950401858,0.8298223478885363,0.947803007210512,0.9920754410433734,0.9336888579969249,0.9770116951721675,0.7419644967636327,0.9198856874256713,0.9790714674787637,0.8818669950401858,0.9333007944490224,0.9696485350828812,0.7848917573101684,0.8841133455738341,0.4662078829632518,0.9823914874221469,0.8796480577405048,0.8796480577405048,0.40880739824839063,0.7593811057166482,0.9886329998507342,0.8922073230248906,0.9829705239416329,0.9167311028995666,0.8298223478885365,0.9260614370793867,0.8340986654088725,0.9368971868932461,0.7635955039599672,0.6832604076866211,0.969402559611159,0.8668270665506419,0.8818669950401856,0.9589591641085067,0.8946777369684911,0.40880739824839063,0.8079513928571618,0.8958248142311331,0.8982796549912178,0.9067580594230646,0.93626631307224,0.9347184365906842,0.9426150199999976,0.6332815283132449,0.8841133455738341,0.40880739824839063,0.8606789940362409,0.961392633017335,0.7429193793641713,0.9437667409615021,0.43076416340614276,0.40880739824839063,0.8169813158537982,0.752215408761475,0.9340299585794347,0.4489943611143855,0.6524527737696784,0.8823070311347092,0.8324674078778125,0.9931401325483376,0.9348649549605784,0.8796480577405048,0.9649840504564584,0.9140827360776211,0.9008158456950544,0.6510771326692562,0.9293199127017768,0.8429987447247775,0.9959738227457623,0.9984138550096489,0.9933379181724606,0.854552564230666,0.8863888870954331,0.9492113316496849,0.9957192600337123,0.9198856874256713,0.887812482172464,0.8013325861566094,0.9293199127017768,0.9362663130722395,0.9209445735153714,0.9583210411272185,0.8510876470038167,0.8934110566484073,0.9753785508082993,0.8223268384945777,0.7866591972183496,0.9169426994374763,0.5435367507360049,0.9112976020672168,0.7024978872440335,0.9331919358622016,0.9649840504564586,0.9836243259051825,0.9521154309854926,0.9059247833199469,0.8939724380988585,0.9697237666689094,0.9229213960709448,0.9229213960709446,0.4109717263077214,0.8162760047352569,0.9327142329596736,0.890266420352271,0.8041183579068665,0.877902301767566,0.9282322050200014,0.9124411037053828,0.9967324313231187,0.8613052569026816,0.9916435267408414,0.9612305818481927,0.9288846307349031,0.7763463599580389,0.8210026272716047,0.9696485350828812,0.9139704635473274,0.8935998036904742,0.9364804745427586,0.9408964938442356,0.8343910021373357,0.756824966073518,0.9448192234819671,0.922433446216693,0.6571169471386977,0.8261247088378547,0.8586619077554183,0.889139375010561,0.8298223478885363,0.9674296094225581,0.9717886753256386,0.868911712359733,0.9112976020672161,0.879648057740505,0.649086463879214,0.8521752855458464,0.9454341631095466,0.9293199127017768,0.7562049945721094,0.9223722925387856,0.8080196404076714,0.8507339247788814,0.8800973572965571,0.8990380928823124,0.7597332806694631,0.6728678030669812,0.7925288241671493,0.8605583900544203,0.8694399402888129,0.3172635704328757,0.9009132970381386,0.9085802966718615,0.9378679571093622,0.848533881039266,0.9173698729702924,0.9800012153749618,0.40880739824839063,0.9605807414790561,0.9886329998507342,0.5787576220193662,0.7790253590707206,0.9565646901680673,0.7597332806694638,0.40880739824839063,0.7776859603768742,0.955248886625295,0.9327142329596738,0.40880739824839063,0.9021399028186035,0.8842122443079052,0.8531312712965915,0.7603125504206207,0.8645384301752636,0.9112976020672166,0.40880739824839063,0.6435803380255345,0.40880739824839063,0.9030184944547239,0.8616599960718592,0.836212697731856,0.40880739824839063,0.7265028459401814,0.40880739824839063,0.9149635799440132,0.8687762325700652,0.9143558464851285,0.7901039681936519,0.9198856874256709,0.9512930476478076,0.45099807789715696,0.9597350242898655,0.9315204524190164,0.8666490307048613,0.8048732301615343,0.8911843525479426,0.922921396070945,0.5605585736602248,0.999860292810069,0.9351931203714345,0.850165110414576,0.856659586411368,0.884212244307905,0.9449459571559087,0.8735534577794486,0.9886329998507339,0.40880739824839063,0.9650344277352858,0.40880739824839063,0.806897475181884,0.8566595864113673,0.9368971868932461,0.7175439024367258,0.9876038612256808,0.9605807414790561,0.9637502059647389,0.8934110566484075,0.889030768751006,0.8466488738125182,0.9888832281866549,0.9649840504564586,0.8041183579068665,0.783005748485563,0.8753553060433483,0.43076416340614276,0.9746202948705038,0.7671687812580439,0.9362663130722397,0.851030086529843,0.9780875984036965,0.5498635535447816,0.8653347025776128,0.8738757244126301,0.7967157698574366,0.8837318674221062,0.922951101038767,0.9149822340699343,0.9293199127017768,0.955643062020058,0.8546712802768162,0.976352903445825,0.8582982169801268,0.9293199127017768,0.9666164704642057,0.852013234020012,0.7340265583827938,0.8279703164673118,0.927946029650792,0.9198856874256711,0.86271164163361,0.9675840630419843,0.9085802966718615,0.9198856874256713,0.8997208604511798,0.7323294488613692,0.9293199127017768,0.878472050802626,0.7269623491159793,0.8061560254525522,0.9723858650735734,0.9293199127017768,0.9140827360776209,0.9781774005616108,0.9085802966718617,0.9836243259051821,0.9584048950231168,0.9006001956118519,0.9899175865127545,0.9139704635473276,0.8350214292311755,0.9977067475058078,0.9518020388980937,0.9831231554159834,0.8314071757742084,0.7215619133156703,0.8206632703013365,0.7847793906970253,0.9327142329596736,0.8373021566360075,0.9327142329596736,0.9949248037947263,0.9780244662094082,0.8468446367617051,0.9198856874256709,0.40880739824839063,0.9229213960709446,0.9899775407086058,0.8841133455738344,0.9293199127017768,0.9260614370793869,0.9653389789590384,0.40880739824839063,0.7565796154807866,0.7162087403934978,0.9362663130722395,0.992319165754649,0.8693709215297082,0.8886955627708657,0.7967157698574373,0.9970745222999698,0.7860162093342455,0.9284119894354876,0.9033258132980622,0.7310472869570419,0.9649840504564584,0.9766024852909412,0.7000819072763615,0.9380148669152268,0.9282322050200014,0.9362663130722397,0.9786492444056207,0.8627116416336098,0.9034636980407,0.9059247833199469,0.43076416340614276,0.9290977437653886,0.9409508901063448,0.9124658688650851,0.9197702179932622,0.6934160811075505,0.40880739824839063,0.9317039007174432,0.829633714929542,0.8647606979879741,0.9140938852116012,0.9857418255557402,0.9912427346323338,0.40880739824839063,0.40880739824839063,0.8613052569026814,0.9112833421806057,0.7818915322574531,0.40880739824839063,0.9857418255557404,0.9140827360776211,0.8984288710052624,0.8261247088378547,0.9188542465097485,0.9140827360776209,0.9009132970381388,0.9315204524190162,0.7162558438703519,0.8227610771457801,0.40880739824839063,0.8210026272716049,0.8586619077554183,0.9239283677508278,0.9011491608332688,0.9009132970381386,0.9064314884785342,0.9198856874256713,0.946975976738649,0.40880739824839063,0.8397250534134975,0.8841133455738344,0.7818915322574533,0.9013173767067484,0.8212290483130443,0.7333001182402685,0.9033258132980619,0.40880739824839063,0.9130803117419259,0.7252450866954561,0.40880739824839063,0.8300080446907723,0.8717597097087815,0.790817255238939,0.6875583309132178,0.9584048950231168,0.40880739824839063,0.9011491608332687,0.8963615258924706,0.9282619895472617,0.6578038922359533,0.7570271015909456,0.8945537204153511,0.8969252786361204,0.8720369070789848,0.9198856874256713,0.8088802878099842,0.8079513928571602,0.9253852640835394,0.8500916951290212,0.9579282704814839,0.7812324130553292,0.4563190522025946,0.9229213960709446,0.8841133455738346,0.40880739824839063,0.9187637957676269,0.8582982169801265,0.7390250137321681,0.8466488738125184,0.8774549020235316,0.45099807789715785,0.9023140462854897,0.9605807414790561,0.4109717263077217,0.898279654991218,0.9140827360776211,0.9875129768195829,0.8172236957381762,0.9867076925356216,0.969402559611159,0.8571730441913314,0.6960926188678584,0.9380148669152275,0.9372156950911561,0.9195275293467098,0.997088271205218,0.9327142329596736,0.8258641813062289,0.8865088771202732,0.6246851868891246,0.5830251746835925,0.9672160906068992,0.8603637814514746,0.9198856874256711,0.8627116416336098,0.9517461635787838,0.8566245557996064,0.8886955627708657,0.8775604944548685,0.73733252901412,0.8731400424546578,0.9054979658966767,0.9783906105939628,0.8391920312990693,0.9059247833199469,0.7040823331838448,0.9307750873891691,0.986980346941851,0.976352903445825,0.42196929199626965,0.6914707284248625,0.9195264370114509,0.8282450251432114,0.8414013696625156,0.9668702179975168,0.7295667637452556,0.9198856874256713,0.777248082258688,0.9274812252481367,0.9451391643182998,0.9263300207309677,0.8174862680805617,0.9124936990194921,0.8635091072918883,0.9746202948705038,0.9700497852148386,0.9059247833199469,0.9059247833199471,0.9836243259051825,0.9293199127017768,0.9034363238020655,0.7799559451198717,0.8526962823400319,0.9112976020672163,0.9112976020672166,0.7006769926966927,0.9461086961059253,0.4307152614686979,0.7830057484855619,0.40880739824839063,0.9746202948705041,0.40880739824839063,0.40880739824839063,0.9907912522530475,0.5593683328215728,0.8911843525479426,0.40880739824839063,0.8437159865383332,0.916955016186239,0.564734597761346,0.8302676244489202,0.865004209427638,0.8551517511251179,0.8624436067543462,0.7405464109754039,0.9824006660520549,0.90620302123562,0.9209010889557385,0.6854677005916785,0.9169857742242808,0.8308420708849542,0.7435929763042284,0.8731400424546574,0.9414200463913256,0.9486066482612978,0.7447135340246109,0.9260614370793869,0.8242851779280758,0.9198856874256713,0.8316811639781394,0.854305718453686,0.985873750511866,0.9253852640835394,0.8614022260660863,0.9009132970381388,0.9433239076649493,0.8685161746785043,0.818375531982563,0.9899175865127544,0.4973493365748609,0.9169426994374763,0.8546712802768166,0.9408964938442352,0.8445682585983454,0.7032614918335653,0.8584546801295272,0.78190582599236,0.917276878211192,0.8133576989322113,0.9112976020672166,0.9965446915416745,0.9060005536896041,0.9362663130722397,0.7633738598969678,0.9936953447724721,0.7654895239487252,0.7041674619323581,0.8958248142311334,0.868776232570065,0.9780878784279605,0.40880739824839063,0.9229213960709446,0.9422028158499833,0.705042964480761,0.9075649636514651,0.925696994829452,0.9713406485598297,0.8752860258231279,0.7143848277190619,0.8910355038772135,0.9629892554774278,0.9327142329596738,0.741954279656762,0.8102100922130522,0.9981866060456085,0.45099807789715785,0.9823914874221468,0.8714850018199869,0.9780244662094083,0.922433446216693,0.9377291353253547,0.8628946339906354,0.9745005529541526,0.9650560339353662,0.9949248037947263,0.7370717471659476,0.7652580007148835,0.9034363238020655,0.9612305818481931,0.9634129222225682,0.9521431744377841,0.8041100907929981,0.9151482017886459,0.7598142069333433,0.3896430237482279,0.8375105815234275,0.7503164099044921,0.9362663130722397,0.9043665934128808,0.9899175865127543,0.8606789940362409,0.9700497852148386,0.9809646283493229,0.8694399402888129,0.8731400424546572,0.8965833466291091,0.5909906503763627,0.934718436590684,0.8008544203273787,0.9229213960709446,0.93626631307224,0.40880739824839063,0.7101976946513987,0.7723642666134907,0.8389749432958866,0.8647606979879741,0.40880739824839063,0.9751538625280682,0.7404857405032073,0.968882199984979,0.629296590666263,0.837302156636007,0.8169813158537982,0.9090057915836711,0.9650731757602391,0.9086088401419732,0.8777680460948443,0.838671597431893,0.8151673877212335,0.9260614370793872,0.8354206684781547,0.8796480577405048,0.9899175865127544,0.9117649022044421,0.9362663130722395,0.9356214692658182,0.9085802966718619,0.9920754410433734,0.900778788782632,0.867421828685572,0.9140827360776209,0.88085044217515,0.8267085598113166,0.929319912701777,0.9987214692868691,0.9256969948294521,0.7198085410630692,0.9500526864439816,0.43076416340614276,0.8901700478813095,0.46973643530465936,0.43076416340614276,0.43076416340614276,0.3969978745937357,0.40880739824839063,0.8989693475002435,0.43523159560718794,0.40880739824839063,0.8886955627708659,0.8148879733413698,0.9293199127017768,0.9198856874256713,0.7825854161739106,0.7339529642298845,0.43076416340614276,0.6733124887005952,0.8605583900544205,0.9253852640835396,0.9815458852738921,0.40880739824839063,0.8429987447247775,0.9198856874256711,0.8886955627708657,0.9118008867100773,0.84491653965526,0.9293199127017768,0.9957812164793639,0.8934110566484075,0.9504718083128706,0.791580548267867,0.9987214692868693,0.6473925714509605,0.9542878621294864,0.9034363238020655,0.9273236845723132,0.8982796549912182,0.979958676545309,0.8818669950401858,0.9198856874256713,0.8429987447247773,0.9774187664651239,0.40880739824839063,0.9987214692868693,0.8228992857089128,0.9857418255557406,0.7446771563107553,0.9059247833199469,0.898279654991218,0.9838793452579369,0.45099807789715785,0.7890711012913088,0.8918463789308564,0.40880739824839063,0.40880739824839063,0.0,0.4911729703902621,0.9601362333447543,0.9102184858620082,0.9328805567122487,0.780127425495857,0.9022452837148784,0.9172675368210377,0.8863888870954328,0.8867825000775216,0.40880739824839063,0.7998430772703009,0.9229213960709446,0.9362663130722397,0.7143848277190619,0.9293199127017768,0.9035377329311274,0.40880739824839063,0.40880739824839063,0.9988482725653889,0.9140827360776209,0.9945125776612793,0.8958248142311334,0.7581302671164099,0.8298223478885365,0.6240820880814009,0.9507147838690173,0.8151032532844444,0.8853609542474692,0.40880739824839063,0.8566595864113673,0.9513261708965437,0.9605807414790561,0.979958676545309,0.6047101874302301,0.7542546220112172,0.7274904016701507,0.8606789940362407,0.9085051323962041,0.9434443217909538,0.40880739824839063,0.9885938712988507,0.8606789940362409,0.9029766373026851,0.9331919358622016,0.834225865752189,0.8013325861566091,0.8898848290514583,0.752764516581351,0.9282619895472616,0.8194013498979933,0.869034896105239,0.7819058259923581,0.9327142329596736,0.986980346941851,0.5940025372144537,0.9606612432501984,0.9229213960709446,0.43076416340614276,0.8760354295763375,0.8796480577405048,0.8842122443079046,0.6958689555551372,0.9521154309854925,0.9117649022044421,0.9521154309854921,0.8963063030143582,0.8354206684781547,0.6455407483301259,0.8481610425035302,0.9564021026822449,0.9327142329596736,0.9315204524190164,0.9613926330173349,0.7162558438703517,0.9033258132980626,0.9112976020672168,0.7725730360953508,0.7317175274479757,0.8212290483130441,0.7898701218467907,0.43548625361326265,0.7941448374300843,0.8243533573240673,0.40880739824839063,0.8169813158537984,0.9564021026822451,0.846064966278655,0.9327142329596736,0.985873750511866,0.9561713296625203,0.7763463599580382,0.40880739824839063,0.7435842430382271,0.745018281651338,0.8886955627708657,0.9652852205988984,0.913460963834563,0.9606612432501984,0.9229213960709446,0.8528195940106036,0.7753085536873255,0.8918629076163782,0.9584048950231167,0.8910355038772135,0.8781123121463414,0.9362663130722397,0.9253852640835396,0.9140827360776209,0.8279703164673116,0.9781774005616108,0.9959431083892039,0.6158308461088059,0.7164995974728063,0.8320010642946337,0.43076416340614276,0.9581051016071291,0.7652580007148837,0.7459492597137459,0.9126849037197671,0.9993940536111667,0.40880739824839063,0.9393850483792072,0.7688131944254835,0.927946029650792,0.40880739824839063,0.8830196086760345,0.9823914874221471,0.9293199127017768,0.3532697715836176,0.43076416340614276,0.9546889731778605,0.9493488602252986,0.8261247088378552,0.8674218286855719,0.94893401761698,0.9940847844961915,0.7574946995253373,0.40880739824839063,0.8421596549104928,0.40880739824839063,0.979958676545309,0.9269777821149365,0.8713984442697933,0.9362663130722397,0.9367150815560812,0.8302455090770533,0.965924025680041,0.9279460296507922,0.40880739824839063,0.9236822114364769,0.9113142204637853,0.8459370330588061,0.8731400424546572,0.702497887244036,0.936897186893246,0.642119455986802,0.9009132970381386,0.5565517355826255,0.9592617736141362,0.7805923212070776,0.5565517355826255,0.986980346941851,0.9229213960709448,0.8061560254525522,0.5565517355826255,0.9362663130722397,0.9167311028995664,0.9957812164793639,0.8061560254525522,0.9112976020672166,0.9308109257349264,0.8886955627708657,0.8169813158537989,0.856659586411368,0.7311171338532012,0.9092107431207777,0.9781774005616106,0.9653389789590385,0.9613926330173349,0.8755961377143354,0.8689117123597327,0.8335471403682118,0.9269777821149363,0.6412929436921073,0.8449165396552607,0.9139704635473276,0.9169426994374763,0.9198856874256713,0.957302523427785,0.8913060929724224,0.8774549020235316,0.8774549020235316,0.9790714674787635,0.9836243259051823,0.9260614370793872,0.7662896126287931,0.9060005536896047,0.8569294700811065,0.8888323841302606,0.8731400424546572,0.8327231739893568,0.9634129222225685,0.9009132970381382,0.9140827360776207,0.9911128018845752,0.8587052699007107,0.9583210411272183,0.929941366311889,0.8416085910398186,0.9746202948705038,0.976602485290941,0.737272994201577,0.8841133455738341,0.9059247833199469,0.9674296094225581,0.9273614004407342,0.7314042348244256,0.7938652007891245,0.898279654991218,0.797730858819168,0.9935398813830467,0.8914828157982662,0.8714850018199862,0.9198856874256709,0.9169426994374763,0.8983111497360234,0.8774549020235316,0.9448192234819673,0.9006001956118521,0.8711711835174643,0.8637471802299914,0.9486066482612978,0.9486066482612978,0.9057621305509682,0.922433446216693,0.8603637814514746,0.7644257713588187,0.9555851847506085,0.8886955627708657,0.9260614370793872,0.9592617736141362,0.9809646283493229,0.9169426994374763,0.9327142329596736,0.8286218362281845,0.9293199127017768,0.8605211621742053,0.9746202948705041
p268_V,0.9882696209115801,0.9625450404891647,0.9724067385936288,0.8481446113673639,0.9485635112687547,0.8542772224254338,0.7241217868899024,0.7793999666316046,0.6802492126081054,0.8677629859955869,0.8460574995249712,0.9682884753552109,0.911242200043118,0.7252994782413289,0.874687829320316,0.9151167528270898,0.8871546734178191,0.8401220832245639,0.8930334991339013,0.9115456612205783,0.7679196856003524,0.6847799425493395,0.9764616712631281,0.9275739834424593,0.7239209861454206,0.7722474481848001,0.6706224815412871,0.7608589935161958,0.9115456612205783,0.575908534467285,0.7506815672849729,0.9894245925674199,0.8364293592636128,0.907934078078329,0.8898549672341265,0.8930334991339011,0.769736477661759,0.8464878759706831,0.8747439046690527,0.8313406383058033,0.9023474946073996,0.8917301915843561,0.913455172226983,0.7854092686597015,0.9954207693560855,0.9781598206913764,0.7820663749515686,0.7714375964005051,0.5863910029134731,0.7209960511861117,0.8809287459442816,0.9499485066516613,0.7722474481848001,0.7559185138543894,0.8892764867245643,0.807332209980509,0.819854291243812,0.6991852245234742,0.6395775596011161,0.7632112604920247,0.7231512755853583,0.9634929443475506,0.9788788900027321,0.6655491115674657,0.741125226891358,0.6761178230071129,0.7949546003349717,0.9651251484638129,0.8770976317362937,0.9664668509189612,0.6348430370889007,0.767832685597658,0.9192092392514406,0.5541494916534353,0.6991852245234742,0.9829579543296604,0.844783668910745,0.9770155294429647,0.7367908232366314,0.8929884899833644,0.8506391215629192,0.8911213528429749,0.6272638024622079,0.7948723265313883,0.6991852245234742,0.7660742388539767,0.932378041780874,0.5795630890535204,0.9766460977041067,0.6894338727722298,0.6991852245234742,0.6012627472743683,0.9184239733629298,0.655948933508798,0.7337874437892751,0.9388955916503149,0.601596177234788,0.8309503186803795,0.6465629230200522,0.6810910424202297,0.819854291243812,0.8446301476237548,0.6991852245234762,0.6899670675350524,0.49656175031102556,0.752533849186763,0.5754664266953258,0.5794875038844851,0.8633540906453026,0.6273920402065016,0.6227403247404371,0.8687280692572841,0.7281407597466036,0.48197079252324504,0.7195026022793827,0.6577024419519043,0.7817468296837364,0.8610921134586081,0.8747439046690524,0.6677796767219146,0.8603151817349864,0.664139165096207,0.7967547961235282,0.850040708410263,0.9788788900027321,0.3259362399594157,0.769736477661759,0.7139686678758757,0.8890958363645556,0.8039190767631208,0.6799703995004377,0.8738328753514065,0.9246012618232706,0.9521664397849136,0.6976890055258533,0.9744795263557451,0.8699782065182466,0.9570129271953454,0.7949546003349715,0.7076837558677667,0.8098426110271316,0.7644180926980217,0.5722244244998853,0.8992583393308053,0.6963199332194134,0.7579221928676806,0.8225073589008389,0.66257391414607,0.9459778749738972,0.7774122351044701,0.8011999848286613,0.8472484886766185,0.8267574983184356,0.650759102393538,0.9570129271953451,0.8123689829417184,0.5757688664630078,0.9829705239416331,0.9282668649940384,0.4148093386803826,0.481731024918428,0.9989604206957793,0.9847287092299237,0.8505226163225217,0.9084117505153191,0.5630920655089708,0.83478857521934,0.9961674840897725,0.8614227191678698,0.7556394264797687,0.9061651223805665,0.8605726987085087,0.7854020041701744,0.43984922295569495,0.7899269060216141,0.7287421559836771,0.8579085866471166,0.9486692139954793,0.7662673353495675,0.8133422608940313,0.8920935052662725,0.7088849410190508,0.951435526105816,0.9461421116766493,0.8940348735847977,0.5343143650542612,0.6538176494231531,0.8960568262378732,0.6526052505370017,0.8802077302875349,0.8203324548260424,0.7674443935495439,0.917897934477488,0.5914711794884671,0.9577416050371153,0.6991852245234742,0.8973050295528808,0.7909750128041542,0.9218563674180102,0.9161115658828392,0.8016795275598645,0.9461421116766491,0.6991852245234742,0.8379708867500839,0.768183823402445,0.9045448781262261,0.6991852245234742,0.9333142890575403,0.7565155320112121,0.7165813126991027,0.9421846068973052,0.9468314882336104,0.6894338727722293,0.6991852245234742,0.8961299493910193,0.6991852245234766,0.8861823447117543,0.8900124284745193,0.8896667356992387,0.6991852245234742,0.558853970189856,0.6991852245234742,0.684969712341049,0.7987260345930514,0.6983018537039374,0.9302204657932788,0.7820663749515684,0.5668071046948506,0.7354475081798952,0.6661444382825328,0.8200238589875922,0.8336443919458547,0.9160282971636873,0.9276837995015779,0.8809287459442813,0.6917124201812873,0.9575066950041722,0.9360734491991147,0.8417105171172349,0.9476309195006334,0.7374039932622698,0.8421800867365151,0.5550573660392837,0.9313874640745579,0.6991852245234742,0.8149632135444542,0.6991852245234742,0.4970578237580532,0.6892498442694688,0.9457520766884308,0.9599146679275932,0.5416205864538521,0.897305029552881,0.7900459898038881,0.8938665427610049,0.5766766169030786,0.8460574995249717,0.7078765498398694,0.8738328753514067,0.6795910818768953,0.5735402427798131,0.764863105457345,0.6894338727722298,0.9894170690238606,0.8627504070084369,0.8747439046690527,0.5513834183316031,0.9333142890575403,0.8322443404907793,0.6575597692470931,0.6000903169324376,0.9246012618232704,0.768409581352949,0.8200809434833274,0.9798355669671766,0.752533849186763,0.6273920402065015,0.9035377329311274,0.7273084791658133,0.9647298611984799,0.752533849186763,0.712724185734906,0.5616586175047147,0.7748074399019556,0.7794597469196707,0.7867220448043464,0.719502602279382,0.9474335209248269,0.5752127180688682,0.8742662697405406,0.8738328753514066,0.9697576929681273,0.681304998349027,0.8227836741603323,0.6471194564301903,0.9049294089314363,0.8372011820721452,0.8313130683910526,0.9632833241074701,0.7578937685581042,0.8313406383058033,0.818738765116283,0.7301312695908226,0.583834399191578,0.7626668267978419,0.9676785343596862,0.8569052802857778,0.8914586939824605,0.7022704314388162,0.7900059926383904,0.7395091590728897,0.5777377736463265,0.9323646102609335,0.810332245148438,0.6582441084211267,0.9483275533512172,0.7325663211729684,0.9115456612205783,0.7365709363031898,0.852073225755923,0.9915870429101004,0.8425509890153134,0.6991852245234742,0.8485170805722069,0.7005958438369033,0.7300052281902651,0.752533849186763,0.8883704299920678,0.8890958363645556,0.6991852245234742,0.6996430494860515,0.8930334991339011,0.9704110250992255,0.893057328210916,0.861246181858037,0.6571029618756015,0.9570129271953454,0.6435736285068291,0.8366038658399719,0.9181444794203741,0.8100057955331379,0.8068221712702237,0.9051147616874999,0.8091854709620843,0.8962728365698496,0.8308284328760596,0.7946611906488802,0.9908777073428442,0.5610017637801612,0.6970714934566913,0.6146310524726988,0.7247555295104204,0.6894338727722298,0.8572851488438471,0.695305393398185,0.5369807076494338,0.6559237027430651,0.7903411188749512,0.6991852245234742,0.6795989502789002,0.9605305588381616,0.7662673353495677,0.7074895526451495,0.9045448781262266,0.6611810599721988,0.6991852245234742,0.6991852245234742,0.9459778749738972,0.8546395744909814,0.7399537932023081,0.6991852245234766,0.8011999848286615,0.6991852245234762,0.561505967406616,0.8417105171172348,0.7429391599861623,0.9779177832860688,0.5691362767716406,0.9818976616271808,0.8741112139393341,0.7317684779448632,0.6991852245234742,0.8491463739975782,0.678986169676085,0.584947360731839,0.6820900040732929,0.9424220209907137,0.4021415977053344,0.8425509890153133,0.5245820771341418,0.6991852245234742,0.6860693647085228,0.9788788900027321,0.7277661109309101,0.9494736838215541,0.981619154888806,0.8397019185032502,0.9786056946230592,0.6991852245234742,0.9809871656173836,0.9739052410847662,0.6991852245234742,0.9631601178917732,0.8491480891169989,0.97069731484248,0.7921635002889937,0.5457360824585862,0.6991852245234742,0.7828471158882444,0.7431333050315445,0.9095362919443466,0.36861456942630655,0.5353261607170579,0.7272051730260076,0.7312889707786335,0.7491306536988418,0.7507844886154758,0.9809747883816142,0.6382352416312916,0.9526354118995055,0.6068378234013547,0.7105399247100719,0.9638261156139817,0.7376232163734011,0.7301312695908215,0.6847554714970894,0.6991852245234742,0.9632833241074701,0.897924068880307,0.685679157845037,0.9977091889810263,0.7438194738564745,0.7354475081798957,0.9854146792037214,0.9275739834424593,0.7076837558677669,0.9770155294429647,0.7872480405754185,0.9599700120227945,0.9002009689076148,0.691945484613544,0.9313419384321767,0.5975484006269091,0.8747637690899392,0.8824850645347538,0.832928253827891,0.7191814809783632,0.8580986120114138,0.8011999848286611,0.9557535653797994,0.7608589935161962,0.6173994425491194,0.8552464628178513,0.8447836689107453,0.9360734491991152,0.9697576929681273,0.7499363066923372,0.7255407606155628,0.8754042279051025,0.984728709229924,0.9361758350416751,0.8966080626769899,0.7716961843536447,0.4786612151202656,0.6846969501141602,0.8589255072412281,0.9954207693560855,0.6129637793172816,0.6575824556379541,0.8447425558175493,0.8748602561896521,0.7376232163734013,0.7952500408501302,0.9517402478669557,0.9458173374104193,0.9684676125766016,0.7083613830184108,0.4474489872080264,0.8133482612876619,0.9070092645646235,0.917897934477488,0.7856024675902527,0.885433324390261,0.9632833241074699,0.6147442476401612,0.704859355911361,0.8421718659231514,0.8914586939824607,0.7788885774795529,0.9412877213869524,0.9457520766884309,0.8962170259453925,0.871055325478935,0.838448851329773,0.8790416600038077,0.7464801480843222,0.9397653376991643,0.9442555948006737,0.7987260345930508,0.7247555295104213,0.8406804040097626,0.6991852245234742,0.7411252268913588,0.6991852245234742,0.6991852245234742,0.603739651390256,0.832928253827891,0.6180726077636958,0.6991852245234742,0.8133979208036897,0.5933689229730243,0.7848075380141795,0.7743804119709172,0.8491463739975782,0.9196838788097257,0.7965797017432688,0.8563090039643242,0.6678580415341168,0.942123614185515,0.7479197411262275,0.8421718659231521,0.7652482714754036,0.9042760122441809,0.8680037169621955,0.6609091547922168,0.8892764867245644,0.9036237117624291,0.720219763054222,0.8421718659231514,0.6000800388940646,0.7195026022793827,0.7855425735595722,0.9685827185265123,0.8322443404907798,0.8573303744450151,0.5780263988071929,0.6313505674748192,0.7586076221828613,0.9526354118995055,0.8461903849356138,0.9051147616874998,0.7590593723187995,0.769736477661759,0.94513994289922,0.7473362202515696,0.9879133202887234,0.8597779310791209,0.9325557159732931,0.9683542453715188,0.9213881446338029,0.7291316369400929,0.9968116130112575,0.635316718604529,0.818813262637043,0.8155659548675029,0.7796307192054209,0.7193015553473756,0.9533749114354952,0.7637354515340871,0.8580986120114138,0.7629656038095293,0.8692325214100852,0.6991852245234742,0.7301312695908215,0.8188060455997532,0.9046651286446747,0.9959953909413664,0.9190630986802053,0.903623711762429,0.6911779872584483,0.7084984937371175,0.9526354118995055,0.5668423744718672,0.8677629859955871,0.6749767316419597,0.9471586258290081,0.7140372948325149,0.7354475081798957,0.8729114397011586,0.9396849046995172,0.7083613830184108,0.7741121573592882,0.9636947388684838,0.8140638177448566,0.6964571647604636,0.7302456631628944,0.8550692648426832,0.8191691771048043,0.8972860378684444,0.7716961843536444,0.7644180926980226,0.7724768594641587,0.9275739834424594,0.9698498981563923,0.9187719869627351,0.9361752553703682,0.6894338727722298,0.6655061192478178,0.8068221712702237,0.9704110250992255,0.7339757757660901,0.9051147616874998,0.8441871537990804,0.7948802738431995,0.8917301915843564,0.9494288451007618,0.5978653035862016,0.9847437739421486,0.9014747707655855,0.8253638399869103,0.9461421116766491,0.7301312695908215,0.8929884899833642,0.6991852245234742,0.9340681505356796,0.910205529761555,0.7663727701660369,0.7263058105565445,0.6991852245234766,0.7661738751191163,0.9083085829639763,0.7763357954816126,0.5410317785522771,0.9243957192441312,0.8594498716703758,0.7118013398101647,0.8542979782719438,0.9752567738510713,0.7804598720496003,0.790651144893496,0.9735446470607502,0.7748074399019571,0.6313899948913828,0.819854291243812,0.9384758066320342,0.5936921505247579,0.913455172226983,0.8888186962226239,0.7632112604920254,0.9704110250992255,0.8050001170467128,0.7540636738128099,0.7285394965407899,0.8149559716295839,0.8480040859878841,0.861092113458608,0.8898549672341266,0.9438229086033588,0.8347615892735396,0.6219327159245702,0.6894338727722298,0.9894245925674199,0.7247555295104213,0.6894338727722298,0.6894338727722298,0.716821214879941,0.6991852245234742,0.9775127066593481,0.7363883652211713,0.6991852245234742,0.8443176746495,0.5453167912419077,0.861092113458608,0.7507844886154758,0.9432185049549442,0.9210812471096497,0.7179570104282764,0.8679840701523274,0.6119315675268684,0.8096778557177702,0.6585468813254622,0.6991852245234742,0.7900290113964537,0.8759120339598478,0.781252899802703,0.7688443375195367,0.49309470820986556,0.9984082365942546,0.8000054315513374,0.790520280667195,0.9759229255035988,0.6996430494860513,0.7872480405754179,0.8994767705078308,0.7763971082056849,0.7449676230669038,0.9033186734214981,0.9724339074050172,0.8579085866471168,0.6531954489295633,0.7820663749515688,0.9509509499222999,0.7161605925280545,0.6991852245234742,0.8459565846100463,0.8538944507462787,0.9045448781262261,0.9419155766464378,0.7518220534949869,0.8759144031389283,0.6241711237534991,0.7354475081798957,0.8357610998460232,0.6495416468474213,0.6991852245234742,0.6991852245234742,0.4911729703902621,0.0,0.717897306073283,0.9657271724231158,0.6206989028975259,0.9077403030963649,0.8787303135635238,0.5373087122573292,0.6942316065283474,0.5703778662824661,0.6991852245234742,0.8877779189534005,0.7301312695908215,0.8747439046690527,0.9184239733629298,0.752533849186763,0.6879657523386712,0.6991852245234742,0.6991852245234742,0.512949135879499,0.8166023125927324,0.6280504816889232,0.8828584219345674,0.862967006456959,0.7670341328702946,0.8734765902991461,0.6578840797470114,0.5288552567202234,0.7307958783091772,0.6991852245234766,0.5745806117758159,0.5738913749075172,0.7394675237721808,0.9313419384321768,0.8603499035347182,0.9493211994967663,0.819579332648515,0.5317354940186672,0.9578429373320375,0.8818471913134001,0.6991852245234742,0.6323219212090351,0.8051306963265286,0.7162916222188804,0.5700060428106692,0.9531150143365194,0.9883733563185118,0.7191257839953366,0.6170603318612968,0.9557348560132629,0.592020571061582,0.6129052622349943,0.9683542453715188,0.9781086623875049,0.8652167446718882,0.8431296199232046,0.5831891209005295,0.8485170805722069,0.7179570104282764,0.8110100099356023,0.785402004170175,0.8803652317588886,0.8775071590033876,0.9521664397849137,0.6319152280226425,0.9521664397849137,0.9704110250992253,0.7351987683096632,0.906132672125149,0.6712280665048049,0.8605006952168124,0.978108662387505,0.6600201326261856,0.894303288757052,0.6112141275918235,0.8364293592636133,0.8256727870749783,0.9733657319161502,0.9579827254676422,0.981619154888806,0.8881158619217424,0.7660742388539765,0.8145901125731471,0.8968351351962829,0.6991852245234742,0.552852661450117,0.8898549672341266,0.6545828380291737,0.8677629859955869,0.8457259469302121,0.8280565779961776,0.729636066816818,0.6991852245234742,0.7576530931966637,0.792362824623994,0.9613268701331867,0.5582997990287741,0.567178229912702,0.5703778662824657,0.7625429349628963,0.7325326707751614,0.9339973692810724,0.698352958633079,0.6541992661485856,0.7852757351006459,0.4336973592286668,0.9704110250992253,0.832928253827891,0.8753108566273606,0.9014747707655857,0.9459778749738971,0.6638062643758784,0.7525002305460429,0.7859366493978692,0.9927279446966171,0.6894338727722298,0.7027639229325583,0.939590046328268,0.6166412183168171,0.6101320396681842,0.6449554316299774,0.6991852245234742,0.6249515573687189,0.957357536447824,0.7867220448043464,0.6991852245234742,0.5878442218454649,0.9157000504550397,0.752533849186763,0.6899706976461562,0.7179570104282764,0.8545828383701168,0.8627469615711523,0.8748092409409072,0.7979240854334781,0.8538464854245171,0.9049828931722604,0.7762481481963,0.6991852245234742,0.9752567738510712,0.6991852245234742,0.8962170259453925,0.7374349603166523,0.6620127827050362,0.8747439046690527,0.7975085343716295,0.9140198108775082,0.7718693725907663,0.5819801562609552,0.6991852245234742,0.8761365540305308,0.7412043235173793,0.799160589280224,0.8290260913415914,0.9759229255035988,0.9457520766884309,0.9130845596162782,0.7672446223944528,0.6403548016203813,0.7413160042797455,0.8346666113498618,0.6403548016203813,0.8652167446718886,0.7301312695908226,0.8527842962231341,0.6403548016203813,0.8747439046690527,0.7978798632300288,0.9275739834424594,0.788804078304119,0.7179570104282758,0.8087208161965715,0.774112157359288,0.8339529181093643,0.9858539969985173,0.9282332912823814,0.7522154087614752,0.8346371316137475,0.9112422000431181,0.9190630986802054,0.962962868965306,0.6434027228239731,0.9647298611984798,0.8542941089073465,0.9039150371400086,0.8395145039430288,0.8758769356498632,0.8367671217737243,0.8133482612876617,0.8960568262378731,0.9906683138817678,0.996866293258183,0.9320377350368475,0.890712166026638,0.7301312695908213,0.7411252268913588,0.9320859820269356,0.7762038061062162,0.7834785645084046,0.8433611864205068,0.5978653035862018,0.9506054704167594,0.7724768594641587,0.7672446223944533,0.8459565846100463,0.7882058024230296,0.8490588680364781,0.6902493398133045,0.7714375964005048,0.9226776518396443,0.9095362919443464,0.9735675933821775,0.9058651574024172,0.7948723265313881,0.7788885774795531,0.8190063568509289,0.8101116117012532,0.8113914363492405,0.6937174269191638,0.6438552469168985,0.9255386278264266,0.8035264233964159,0.935767684021765,0.7754807736544924,0.7507844886154753,0.8000054315513374,0.7009120984855401,0.7591615797799509,0.9384758066320342,0.9977677085034428,0.6734462449102971,0.8644636556157592,0.7632112604920254,0.7354475081798961,0.6658188849525237,0.8982620952863897,0.8736104662007043,0.7507844886154758,0.7277661109309104,0.7507103182625503,0.7748074399019571,0.7413160042797452,0.7632379735095636,0.8302743854409154,0.8677629859955869,0.8995336386761009,0.8610921134586081,0.8290168143899379,0.7411252268913595
p270_I,0.8738330413694131,0.567418004585565,0.9731922541970478,0.9324622348412386,0.9027019168030597,0.6637954941672966,0.9340211426089398,0.9233678542435488,0.8157507865486251,0.9238013891436971,0.9514652625474735,0.9371605937136991,0.8995478568587885,0.3654875903743874,0.9983168036174392,0.7804789596211701,0.8566930971914171,0.8328887736004494,0.8021325739678643,0.78517853170127,0.909224298289043,0.9146756363968283,0.9663027963946421,0.9458556185436358,0.9753361086597814,0.8687627046182602,0.6068495352595238,0.8399399046211,0.7366751851754313,0.6167900998630098,0.8563358498618108,0.9127113681766139,0.8905201046762892,0.8445260765476379,0.9027019168030597,0.987405892261038,0.9059407181827079,0.5868186642831092,0.9278239868212361,0.4583990413418001,0.8295844697893857,0.8713396701567189,0.9278239868212361,0.9072664504535046,0.8210011597725755,0.8450846968388799,0.9917747991232293,0.8093852229086016,0.8662187967802517,0.7927381955186612,0.9127113681766139,0.604859362471459,0.86876270461826,0.887635694816231,0.8905201046762887,0.892624738559076,0.8637059334028958,0.9027019168030597,0.812779278340807,0.8964706102804103,0.820041213470607,0.8322646757808345,0.8687627046182604,0.8072801833126309,0.9162673470024436,0.8692069463447638,0.9554518077232719,0.8155482051667089,0.990867982081973,0.894769233114451,0.32415957922777794,0.8662187967802515,0.9801193820390868,0.685194139603853,0.9027019168030597,0.7825121459579751,0.9473257685964234,0.9485451227422386,0.7470328502433508,0.663795494167297,0.9514652625474738,0.8483134108505916,0.7760118548115164,0.8687627046182604,0.9027019168030597,0.28222893394485626,0.9220737026051956,0.6425666791409195,0.8615147734498485,0.8995478568587885,0.9027019168030597,0.41993695352508686,0.7178973060732831,0.813244242512523,0.9992361147000013,0.8093852229086016,0.39149878596579213,0.8053281804939989,0.7401187273180367,0.7548065093948915,0.9338624305038411,0.7194708003998338,0.47795836130872404,0.7011350623455894,0.9592706344751649,0.9199574485923747,0.3997179126728986,0.6785484004864673,0.8792920141466944,0.6722953469228676,0.49100034868929676,0.7950048733195016,0.9328807677339392,0.8374337121154887,0.9092735418441047,0.9671167494964354,0.8058320110972776,0.9199574485923749,0.9788715516976696,0.7833465601779406,0.993957025331242,0.5619512271173581,0.4483993242616975,0.7557039684713078,0.8328887736004493,0.6148058964719825,0.9059407181827079,0.9758994362393925,0.7995502483019269,0.9636818533225946,0.7562707214632034,0.9092735418441047,0.7881055549967799,0.9278239868212361,0.8934633408766894,0.5845496317433536,0.7882681591823324,0.9163268736367542,0.9127113681766137,0.8964706102804103,0.9277328916000215,0.9238013891436971,0.6808297674053994,0.7629551441299656,0.50895744205871,0.8287530636873148,0.9661014818339211,0.7858216097656441,0.8662187967802517,0.620389113792454,0.9306885712787862,0.8901742884406569,0.5989817885779052,0.7925008201091586,0.9163268736367545,0.8955832386010321,0.7889057063449711,0.815375749895366,0.854562395390837,0.5825002837817791,0.7142101676054038,0.9669745722372083,0.6940163579665887,0.7718741959378537,0.8470713563926691,0.6761091627645237,0.8643289942147616,0.9027640924895544,0.9430481070778807,0.9350052413014642,0.6894731014983035,0.8995478568587885,0.8637059334028958,0.7901980433562787,0.9200592494410142,0.8568597531136095,0.7558142443945715,0.8676440874956146,0.9687165782506401,0.7422481775718941,0.855416156468064,0.911984025117172,0.87602482019148,0.9371605937136991,0.8040159261379184,0.5525515652560955,0.7465238189296213,0.8567770643879917,0.887635694816231,0.8999487113882563,0.9330819649782569,0.8617436143407862,0.6577167399763286,0.7637552068614317,0.9461818699625596,0.9027019168030597,0.9059407181827079,0.664193133345435,0.831854414937538,0.9488507039904708,0.9629705957254182,0.9371605937136991,0.9027019168030597,0.900862821656732,0.6971762144996898,0.9238013891436971,0.9027019168030597,0.9239210673151492,0.9384799527980219,0.9064877137327916,0.9830332035797164,0.9338103822618526,0.9371605937136991,0.9027019168030597,0.8887319559486319,0.9027019168030597,0.656336195330874,0.6595110048185369,0.652437636384271,0.9027019168030597,0.9573043625686205,0.9027019168030597,0.9856499884634101,0.8457801448839242,0.2940426370163318,0.7819505809115685,0.9669745722372083,0.7609880933879862,0.8964706102804101,0.8406264652017016,0.9146756363968287,0.8526711033358261,0.7187927013705688,0.9210828212435627,0.8308459945434379,0.9634101886499155,0.8118328297057757,0.9810449407223601,0.8450783679877076,0.9132780522734492,0.8376723506997306,0.8934633408766894,0.3770097171375689,0.9330819649782569,0.9027019168030597,0.9048800661703891,0.9027019168030597,0.539965333550567,0.4062706335630858,0.9554518077232719,0.882314415993788,0.7443816825801406,0.9458556185436358,0.8354206684781544,0.8792920141466944,0.3486826700456416,0.9485451227422386,0.752758552190131,0.9092735418441047,0.37672896990904003,0.7735734468049227,0.7903735889523895,0.8995478568587885,0.9162673470024436,0.655368453685413,0.9278239868212361,0.7502512278759386,0.7849851957637808,0.8713396701567191,0.752253902142801,0.41809981395041873,0.9554518077232719,0.8891550734176783,0.7954353050804499,0.6079682959138801,0.9199574485923747,0.706774126378853,0.8902050888153259,0.9048113045350052,0.531960578608897,0.9199574485923747,0.7340316180921804,0.7454257708008432,0.7284056255335661,0.9380492094416575,0.7974682718729412,0.5132176572020223,0.8705695323486151,0.6303872837390894,0.8964706102804105,0.9092735418441047,0.9669745722372083,0.7007986319723734,0.6631775852479835,0.6976688049405342,0.8679649469046933,0.8010280162855912,0.7658662290524774,0.8484509035411576,0.9801193820390868,0.7814079013703836,0.5177477145540502,0.5744033572634908,0.6881420589401039,0.8716160182705619,0.9917747991232293,0.9282301104742863,0.8399399046210998,0.896603907965143,0.8505579307181192,0.8397646262472565,0.6419643977182622,0.8313863521731533,0.7198641028025998,0.4680139785783375,0.972304735669536,0.9077364421329468,0.7851785317012702,0.9226564439505707,0.8376723506997306,0.8614343549744419,0.9505241704836669,0.9027019168030597,0.9127113681766135,0.5931899641577068,0.7732190692441923,0.9199574485923747,0.9162673470024436,0.8371629851568374,0.9027019168030597,0.9286197968271314,0.9199574485923749,0.7658906239201638,0.9290130221267929,0.928092654183938,0.8791728214273917,0.9554518077232719,0.784985195763781,0.8450017406933334,0.6084728151168426,0.8905201046762894,0.6171997341335456,0.9092735418441049,0.8966129881495932,0.8205464185676723,0.8876356948162307,0.852976455105904,0.9700808834258973,0.7670058540655837,0.5564744400298747,0.7408195823766455,0.9994608468667848,0.8995478568587885,0.8041520964480546,0.7468927370971471,0.6976080579601671,0.7167778240191425,0.6671860454291779,0.9027019168030597,0.7927584116092821,0.8679755583031024,0.8106278362805928,0.8745106514690064,0.9723047356695362,0.8282396575336457,0.9027019168030597,0.9027019168030597,0.8662187967802517,0.8387472004447059,0.5864356573485506,0.9027019168030597,0.7366751851754314,0.9027019168030597,0.9594610274348983,0.8030927455898653,0.896913191584916,0.9424631527248862,0.7632147042433873,0.5955723806092439,0.8359836380551863,0.8290401220169381,0.9027019168030597,0.8327482438090521,0.7270513661976171,0.6884142437757577,0.6769674101304621,0.790561505672361,0.6176724033943757,0.9092735418441047,0.6761283524082615,0.9027019168030597,0.586733913494216,0.7433842170660625,0.7301312695908238,0.8938234060539995,0.9059407181827079,0.925514852909844,0.5171305001443631,0.9027019168030597,0.8665259651947386,0.8103115099992148,0.9027019168030597,0.9819891156751774,0.6925436175863255,0.7328240664058847,0.6595244965403392,0.6379027767414542,0.9027019168030597,0.876266174803001,0.9985075821215166,0.9504850176985602,0.8139477698135071,0.9135381516383432,0.8457801448839235,0.8481595002027025,0.6748590986058682,0.9092735418441047,0.8716160182705617,0.803174740587111,0.7149501340087603,0.7542497852308303,0.6574258320229434,0.978502332033967,0.9080208724124175,0.9127113681766137,0.6837145127098047,0.9027019168030597,0.987405892261038,0.7357146976099339,0.8613273084436983,0.9847951341175696,0.9182141149920249,0.9330819649782569,0.8344725348806161,0.8146549792907976,0.8964706102804105,0.8152256364618546,0.5940845591627646,0.9761277300342177,0.8480491423873207,0.517353210465046,0.9199574485923749,0.7235732571275166,0.9723047356695362,0.9761277300342176,0.7463692168069955,0.8530899984630653,0.7588230416072196,0.9238013891436971,0.9989391518357632,0.9163532097707383,0.8029598539902907,0.9320042986155879,0.8820255041972336,0.8364350703060384,0.8019720576789588,0.896612988149593,0.9411059021731607,0.8235326738172841,0.6014381262361878,0.8964973292196508,0.9514652625474735,0.884047291409445,0.5856547952514983,0.6971934270536906,0.5793282072642192,0.8566930971914173,0.7961668807154882,0.7651903732321638,0.9055450095968045,0.9665301256886063,0.9708590380088877,0.6702981006964003,0.9514652625474735,0.8063549160272704,0.9356707151118058,0.9384799527980219,0.5286458348701488,0.5957189144811469,0.9938177028533236,0.8813149817187358,0.6942509983094831,0.9188016156964056,0.8021325739678646,0.9938312831382636,0.8991334456478843,0.728405625533567,0.9927665149203766,0.53546566042184,0.7853092223537342,0.9981922472699298,0.9662757781656683,0.4508781114473306,0.8195615955997813,0.8331840572920641,0.9747733305686097,0.8995478568587885,0.6957368772581858,0.845780144883924,0.8934633408766897,0.5312194395974099,0.9027019168030597,0.9606832254354423,0.9027019168030597,0.9027019168030597,0.6528051955403151,0.8766017896141824,0.7127351748357409,0.9027019168030597,0.6349431862831874,0.6891788627584126,0.9103086440545414,0.5567073700597149,0.7723771082592115,0.8346411399054539,0.7243209355297691,0.813620071684588,0.6933452337724901,0.9352594849768441,0.9478129029910638,0.9606832254354425,0.8422241792803131,0.7076067607609542,0.724068516689305,0.9496840593047484,0.9602082688150357,0.9330819649782569,0.7477133545114112,0.6839897471005687,0.6530202921201828,0.9505241704836671,0.7187617444837378,0.9473257685964234,0.7950048733195012,0.9080208724124175,0.7456959504509195,0.6811742999564661,0.820041213470607,0.8766017896141822,0.9258909271026614,0.9092735418441047,0.9146756363968289,0.5751655771252311,0.8902050888153258,0.744444559800369,0.8670206375836005,0.9590673131834122,0.8729153679892483,0.8934633408766899,0.9410432909138385,0.8960320960887171,0.6490993008822843,0.6884142437757577,0.8868600994557603,0.7658906239201637,0.7003251087611719,0.8306084513846335,0.8136200716845878,0.7061154961111291,0.7588230416072199,0.8457801448839237,0.9564317708650376,0.9027019168030597,0.9127113681766137,0.9308201799299847,0.9414106494210732,0.986910416419064,0.8820255041972329,0.8964706102804108,0.6917298433783354,0.8390075417279437,0.6521119684122902,0.6257921960550903,0.9238013891436974,0.6786633624258996,0.8485555080319507,0.7442204884852659,0.9330819649782569,0.7610390746299772,0.9154607801116941,0.6834915393333869,0.8483134108505914,0.8124149925416958,0.7903821884994149,0.7222524660699731,0.7569145896245695,0.7127351748357409,0.7457573645989337,0.8381498270528898,0.8563358498618108,0.5911651455979141,0.9753361086597814,0.9458556185436358,0.817430468721009,0.9276950647918392,0.7947975198038113,0.8995478568587885,0.5896146931200565,0.7229503709412761,0.9788715516976696,0.8679761367889833,0.9669745722372082,0.7457537563550611,0.8798779764968924,0.9320042986155883,0.969973797166346,0.7557039684713077,0.9433214104887524,0.8273272241564984,0.8848055194072815,0.8995478568587885,0.9554518077232717,0.7658906239201642,0.9027019168030597,0.9210828212435627,0.9685456463916597,0.663997670849628,0.44175410501714696,0.9027019168030597,0.8984073104123333,0.6684127053495215,0.8200412134706068,0.8515474244094852,0.8387472004447054,0.39865790349924224,0.7723771082592115,0.6120157988736485,0.9108103401386716,0.9836850550673903,0.7319443369842831,0.6805950138197521,0.9162673470024438,0.4106699751861046,0.9215435437152566,0.8432226863185214,0.8095010419562506,0.7658906239201635,0.9962981125733232,0.444525005158358,0.7658906239201639,0.887635694816231,0.5289991583173139,0.5940845591627643,0.8211533053388174,0.7988876253130301,0.9199574485923749,0.9027019168030599,0.9473257685964236,0.7224865994530704,0.7886206233374033,0.8995478568587885,0.9981922472699298,0.9291552782955315,0.8995478568587885,0.8995478568587885,0.8705695323486151,0.9027019168030597,0.9291552782955312,0.9891725552066308,0.9027019168030597,0.5705787156593873,0.7017438536728551,0.9199574485923749,0.9092735418441047,0.9162673470024436,0.9059407181827079,0.8995478568587885,0.706428299513279,0.7465238189296213,0.8766017896141824,0.6954211266162027,0.9027019168030597,0.7533906981931373,0.719470800399834,0.9048113045350052,0.7212665273510976,0.7950548483568893,0.6631775852479836,0.6150804774861586,0.9113067123177236,0.6582896388088147,0.8005610041430159,0.9027019168030597,0.8376723506997306,0.4841570849678699,0.9496840593047483,0.8140907821732233,0.8152256364618551,0.894769233114451,0.8988656686535054,0.9917747991232293,0.4940306554782955,0.750489914192471,0.9027019168030597,0.7489194896348184,0.8553021506429306,0.9238013891436974,0.698012615297443,0.9291552782955312,0.8152256364618542,0.8007061540031768,0.9330819649782569,0.7496150905094614,0.720395692261055,0.9027019168030597,0.9027019168030597,0.9601362333447543,0.717897306073283,0.0,0.49885106204474905,0.7570626016884332,0.7780642022527411,0.6559962558345237,0.6833620812650101,0.9163341302372394,0.7261763009939051,0.9027019168030597,0.9883920488309723,0.9127113681766137,0.9278239868212361,0.6659929193641427,0.9199574485923747,0.7284559023625536,0.9027019168030597,0.9027019168030597,0.6666038753357197,0.7876282222528321,0.7485359499962869,0.9799759007960187,0.7233192348457019,0.9188016156964058,0.9962981125733233,0.8358512330592894,0.7002915118145552,0.5107888824336195,0.9027019168030597,0.6834915393333867,0.65060215649407,0.9059407181827079,0.9662757781656683,0.8858251191036555,0.8345287268986774,0.7836726736152577,0.6169968612411159,0.9059407181827079,0.9148429109585599,0.9027019168030597,0.6680134735212273,0.77150513537785,0.851888756266141,0.7007285685658748,0.8805646283277517,0.887635694816231,0.8178909988156795,0.5707373992320572,0.9162673470024434,0.7482376773236079,0.7548364743653677,0.8934633408766894,0.979191917804625,0.9595425947841236,0.9284324089745186,0.6586007972690089,0.9554518077232717,0.8995478568587885,0.7623006060359161,0.950462348871437,0.658289638808814,0.9025191430284434,0.9278239868212361,0.5574820367105224,0.9700808834258973,0.9278239868212361,0.8669699476151096,0.8468465561176373,0.8228483522233678,0.9027019168030597,0.9306885712787862,0.8820255041972331,0.8820255041972329,0.6106444281418608,0.8905201046762896,0.8995478568587885,0.9215435437152564,0.7968622910970977,0.8944847800126527,0.8456363073992124,0.977516167560163,0.6615395619347426,0.6690227873151029,0.9027019168030597,0.3773788534733976,0.9414106494210732,0.6638867183188188,0.9238013891436971,0.9769987586961084,0.8739518939582043,0.8002371032281944,0.9027019168030597,0.6257921960550903,0.6331670931890307,0.8739518939582047,0.6280947355174196,0.6680134735212273,0.6417069213377848,0.9127113681766137,0.659367292164508,0.9172109773401611,0.6280947355174198,0.6922401272765493,0.46359747162287956,0.5921365345789653,0.663795494167297,0.8406264652017016,0.6327932917807778,0.9601936064986891,0.9543121222425925,0.7088111395715753,0.9733250620347398,0.6885398024356353,0.9037544201068726,0.8995478568587885,0.715158218619298,0.9497202690775204,0.6966979050915536,0.6552038476043764,0.7258992592051148,0.9027019168030597,0.6114943394744434,0.7756395770190929,0.33848879778072827,0.9027019168030597,0.7109305989182466,0.7958831566993505,0.9199574485923747,0.903464630798172,0.8995478568587885,0.7769291696726054,0.8985975567963894,0.7571211463821015,0.5868367686296748,0.9195166304907842,0.8720455479999368,0.665644165482027,0.9027019168030597,0.9393062642835555,0.9027019168030597,0.9199574485923749,0.6071703661989822,0.7784491248459173,0.9278239868212361,0.8868600994557603,0.6754936998769996,0.841074875504914,0.8515474244094854,0.9027019168030597,0.9040095812755926,0.7935708921509124,0.7271508197427907,0.9773955008523827,0.8628742512243037,0.9554518077232721,0.8563358498618105,0.8539300757509798,0.8654110063376461,0.7947975198038115,0.6258323343487466,0.8654110063376461,0.8515474244094854,0.5316629177168333,0.801028016285591,0.8654110063376461,0.9278239868212361,0.8687627046182604,0.9059407181827079,0.8496380204192522,0.4986483534626418,0.8539300757509798,0.6631569473897876,0.9731922541970478,0.8376723506997308,0.934883713596407,0.8354206684781544,0.8955832386010318,0.8995478568587885,0.9473257685964234,0.77445947606346,0.5004815533426863,0.8794164109436626,0.7676182118198596,0.879870552078218,0.9853405291251072,0.546492366804141,0.9059407181827079,0.9092735418441047,0.8794164109436626,0.8583244696882328,0.8612222667022578,0.6828429469796011,0.9217311830532828,0.9981922472699296,0.9162673470024438,0.9530446262374286,0.8587660956447003,0.763552660867194,0.9709810743942588,0.8840472914094453,0.8993114367486104,0.6404875132878711,0.908623678608927,0.9414106494210732,0.8093918692364415,0.6585365144388695,0.6235450595240405,0.831854414937538,0.8737005798386224,0.994900896131559,0.9210828212435626,0.9195004050411344,0.8687627046182602,0.8934633408766897,0.8321998624336366,0.7020255141987601,0.8894412990712004,0.8727265710375587,0.7485658933216635,0.8968760326312217,0.6867120377371949,0.9186152879663501,0.6747896391728077,0.9092735418441045,0.9458556185436355,0.7825121459579749,0.8612222667022571,0.7607214290393968,0.84947162121353,0.7943645644136166,0.802409064911535,0.8472499068346661,0.8964706102804105,0.7306717274961119,0.817454000273791,0.8441549489936591,0.6369695431207094,0.8409582544114653,0.7865945896969907,0.9162673470024438,0.8162105150575754,0.734340244860632,0.6949102782080138,0.9238013891436971,0.993481417070199,0.9199574485923749,0.8201880162110419,0.9162673470024438
p270_L,0.8294363198670893,0.6978684737359191,0.6462723253664848,0.8988575031319983,0.8058499662916011,0.8059290360431441,0.8610729436708174,0.9328102128473004,0.6492694024260274,0.8308063456911841,0.8927761013223363,0.8549145578460347,0.7995563084478068,0.6803056745881433,0.8900285104661128,0.8936434384023637,0.9236630827321965,0.6910325009447649,0.9552047908760306,0.937886842012825,0.6653451063226765,0.8607005692506016,0.8994121749609958,0.8352079045667511,0.9004947475176113,0.7381271605259613,0.8186006311079022,0.7181019671258504,0.8664998444650647,0.8202178423545727,0.7949015697835394,0.8258229735464786,0.7569075950991146,0.7089303524967754,0.8628212971049698,0.989290340807143,0.8710592812792085,0.7825492732451298,0.8059290360431437,0.7483276205739182,0.7280090904549308,0.8771981484049269,0.9186263852882659,0.8306841789643782,0.8711318569200492,0.6222869998811826,0.9100318062103335,0.7188546094633952,0.7330510092157585,0.6020859340186555,0.7652933686087298,0.34435893849470256,0.7381271605259613,0.7757866041934978,0.9876826984132439,0.7186498951324438,0.9621308931062635,0.8058499662916013,0.9390070921985816,0.9281269747398554,0.6409075767701964,0.5710319044473473,0.7381271605259625,0.596699714251586,0.8329186262686776,0.6314085587368945,0.9201807407414305,0.7186809901686514,0.8043379032769216,0.989290340807143,0.6729789999315463,0.6834999492976279,0.9947503758616081,0.5271973540225428,0.8058499662916013,0.7193174013891759,0.7308377857119481,0.911004905105822,0.5259568300736341,0.8434948191248517,0.8374227825163814,0.7973308992532124,0.9869458275376448,0.8008094891234716,0.8058499662916013,0.6515649286419485,0.9568091916123542,0.7717609289386792,0.977145498570295,0.7995563084478075,0.8058499662916013,0.8185235575907224,0.5377207162525304,0.6869736564383763,0.8628999590676092,0.6527145069277762,0.7874833409846944,0.5888881972895494,0.6498301683145873,0.5449003571054052,0.9527439837573919,0.8774745087635125,0.7383793872014479,0.9192797582329486,0.8594578000049669,0.8402819095372958,0.7821935007013863,0.6307997145826603,0.8062565827918016,0.6505675240526474,0.7657507376628467,0.7656581909429554,0.7571454199328657,0.936502115178926,0.8796755654923115,0.697571581851637,0.9234448689090258,0.8188625911515808,0.8059290360431435,0.552313750402515,0.9330752315686048,0.7877894206954374,0.7225525935791479,0.6952788117000288,0.8447202843949542,0.8007644293672856,0.9298058441100162,0.8253317216902354,0.9236524445610546,0.972825319010871,0.542201347562014,0.7864057866094465,0.8911037248686653,0.9937579514516801,0.8136807882070664,0.3210902545586658,0.7577079608326104,0.8596511358036814,0.8572755626114623,0.820358135051938,0.734466963078986,0.8479521653438946,0.694420523956442,0.7371581866813073,0.7723847789690532,0.6582913314924024,0.7638714392024222,0.6043758985795346,0.92753402304463,0.5174108599776015,0.9550326616655346,0.7097219302737803,0.7562254444882488,0.8618423922664897,0.9854614920636176,0.7762694567332853,0.9701948260754625,0.7043143709797575,0.7640750202733582,0.9541314485206069,0.9831496283676496,0.9078307494815343,0.7973308992532124,0.7246723853385553,0.7456365189342833,0.9070155544436815,0.9420390707241917,0.7936637785566019,0.8269853697573013,0.8277505371684886,0.7995157628847918,0.9656310566424899,0.8557244891858335,0.9813833193613324,0.8160354927651174,0.8533048249460855,0.8870336910138055,0.9019154831796148,0.849511532276471,0.7497285110913632,0.9593868235114877,0.8817492420166411,0.8676188606210475,0.9933101813416039,0.7605434440724019,0.8493916946263873,0.5658626347964775,0.9570659021639838,0.9011068237341135,0.9292300415980934,0.8293931359623294,0.8015764651334418,0.4107489934222772,0.6251709685386957,0.8085775952011338,0.8058499662916013,0.8352079045667511,0.8832775558062886,0.9668799939719671,0.640572526284855,0.7586779633134175,0.96563105664249,0.8058499662916013,0.6178779398988621,0.46593616526315096,0.8308063456911841,0.8058499662916013,0.8103415557415221,0.7502730862504172,0.6876659594181673,0.710051382577392,0.8686151418399086,0.8272354331469207,0.8058499662916013,0.9879597416266512,0.8058499662916012,0.44201122641506474,0.31189211463154454,0.38394937313620836,0.8058499662916013,0.9484883610002446,0.8058499662916013,0.9616238398517845,0.9054861327953313,0.6820860673854008,0.6789885155439375,0.9403880469283556,0.6386979617913773,0.7934159251299584,0.961860449672711,0.9470821860258929,0.9677757559122191,0.6597920215167353,0.658614155225977,0.7967459576737135,0.7959944208079446,0.9247221332558286,0.7842726282263475,0.7456365189342837,0.7502730862504171,0.6760890086635988,0.8711318569200492,0.7726674181658764,0.8203581350519381,0.8058499662916013,0.8631477900199125,0.8058499662916013,0.9353845702863363,0.748984390038562,0.8887281516764467,0.8155773006658744,0.6509185804963695,0.8058346231513471,0.6715959686688165,0.9345884642122209,0.7161220548314597,0.9355322793023026,0.6063865851391084,0.8167620273274687,0.6803135998087253,0.8082139202720353,0.7311733101445217,0.7995563084478075,0.8656041668745098,0.6263061708361641,0.8059290360431437,0.6953186515383449,0.823121878430764,0.8548766696141695,0.9726782884706949,0.8017214777623809,0.9540089029986338,0.935652580131759,0.765968969404635,0.27366697346431357,0.8402819095372958,0.47295755437621534,0.9285740641076388,0.884737952181922,0.8596714363812277,0.8402819095372958,0.9813479902498872,0.6131353153400583,0.8729115082788346,0.5576445684393803,0.9819324085713539,0.7560495458914245,0.8119366988083401,0.5469080780809021,0.9820113945838143,0.7560495458914247,0.9685432309175783,0.5649491261798572,0.8529481410826933,0.6234958068339893,0.6198589267331694,0.606325390340706,0.98145206338343,0.989290340807143,0.86282129710497,0.9212014106440258,0.7755087161183711,0.7967459576737139,0.5644648497214901,0.9697711480269093,0.9381869901995563,0.7267183968151554,0.8118225867334672,0.7090849831545376,0.9541641318812584,0.8737676423697772,0.9446049550868412,0.9478853973080072,0.7820253791306883,0.7299686419081652,0.9735803407867052,0.7338844372634798,0.9021933432389448,0.8047569422357522,0.9171872608207575,0.6749335173697619,0.8796755654923115,0.8058499662916013,0.8258229735464779,0.7506936204402774,0.9984080678451426,0.8402819095372958,0.9709681300963304,0.9933101813416039,0.8058499662916013,0.9711733710619688,0.989290340807143,0.8810606022065584,0.7891046263395194,0.756820035443547,0.9528660554458218,0.9830859188713984,0.7208792969168288,0.600933318025245,0.7461121347606006,0.7815421982726285,0.5312284281236428,0.9078307494815347,0.766426306340162,0.6390499569245842,0.7757866041934977,0.7117691420247969,0.8059290360431441,0.6176234879262685,0.8502673347039307,0.5669618223841278,0.8924776269252875,0.7995563084478075,0.8692153143308541,0.8482774308136809,0.5840087854665426,0.47746641929779754,0.5043076308809396,0.8058499662916013,0.508228505165301,0.8410687219701036,0.9658486661413712,0.8979198599685498,0.8836456641177746,0.6968029666649738,0.8058499662916013,0.8058499662916013,0.877982963126499,0.8861914999708944,0.6685553313511157,0.8058499662916012,0.8664998444650649,0.805849966291601,0.8627223202747059,0.6485452497825408,0.6986639546658701,0.8238363834215012,0.9896033823997199,0.7548649413023867,0.582446860431213,0.6560074523834198,0.8058499662916013,0.595280531231432,0.9819920501297752,0.610666969193076,0.5354548332000288,0.9493544885319689,0.9063572873350054,0.7560495458914247,0.5398371451933005,0.8058499662916013,0.45987984388769676,0.7788540914877302,0.719764785174082,0.8235720823497941,0.9885524069408245,0.5631849270896769,0.7569075950991155,0.8058499662916013,0.6832871375704761,0.5619077830461876,0.8058499662916013,0.7883589130609652,0.8908021656540387,0.8626136099703379,0.48477132062506145,0.5151702233777775,0.8058499662916013,0.938779438315368,0.732144927741551,0.9382825894904985,0.9255125558901753,0.8337036845598024,0.6799214236540709,0.7195682569923989,0.8024368178406058,0.8796755654923115,0.9045871089188111,0.5812270754605111,0.8531697165055645,0.6240752722011815,0.8086953446086065,0.5319820744917467,0.7768906158509866,0.8887281516764465,0.9325418749379188,0.8058499662916013,0.9552047908760306,0.6930690168768741,0.658021602097449,0.868248727125856,0.7859911101509174,0.8473003449739176,0.78628232626699,0.8645811859821562,0.7934159251299587,0.9110049051058222,0.7953507180148169,0.7981246493684111,0.6410586759308488,0.8261173815817662,0.8743674594684079,0.5834791096733813,0.9021933432389451,0.8760427798259899,0.8531697165055647,0.8181537426046338,0.8029192524832631,0.8479521653438945,0.6578410054164925,0.7930784628119442,0.9779068043260865,0.9888055423587137,0.8029192524832638,0.733904116547242,0.9381869901995565,0.8119366988083401,0.9437174690367083,0.9364514978367431,0.7973308992532127,0.878062780935036,0.9845870276952633,0.7337232155615676,0.900146864599753,0.8150058963233936,0.7662493794601748,0.8973974698261229,0.8620704059746632,0.9352074326211941,0.9783308953297636,0.862028584427289,0.8462543035341334,0.5102923469561287,0.9908855981082567,0.6354014473415488,0.9301566876911888,0.972825319010871,0.8935677232277056,0.8167620273274687,0.8801295653698944,0.8253579050976487,0.8979198599685498,0.9578004988107831,0.9552047908760304,0.8145539899260179,0.8213147750313231,0.8729115082788346,0.980519702027178,0.7398037923896807,0.7135381794836082,0.9201807407414305,0.8188625911515808,0.7156715964406857,0.5938298413720475,0.7150069951375118,0.9102728072442623,0.8682941951628267,0.5133739680651638,0.9557048154254324,0.8662120140192139,0.5382021326272692,0.8058499662916013,0.86560416687451,0.8058499662916013,0.8058499662916013,0.4448169874197566,0.9618604496727111,0.9269286064951123,0.8058499662916013,0.4326495728212203,0.5472839523910824,0.9542792996141665,0.7087339240379134,0.6545165003503337,0.5312803284807768,0.792271367646785,0.7792002705547376,0.4916247769736052,0.7569075950991155,0.8257562853468321,0.86560416687451,0.7041221740423251,0.6525061533190739,0.5032579890022517,0.8560799240055126,0.9353922671487133,0.910219765728268,0.9303416147770793,0.8075404270671704,0.979219208168046,0.9100318062103335,0.983415019605872,0.8509735636641396,0.9442300212690142,0.7606847995947021,0.6189388853155836,0.8688567007964672,0.6581111651460929,0.8693755327618486,0.8689010545872875,0.8796755654923116,0.8126462580697255,0.776461341735944,0.8735073293707482,0.6425218354574351,0.48603393971352826,0.9516333298064149,0.8442536064308899,0.9761943085443441,0.8287818187384569,0.9267151701482299,0.7852568210654851,0.610666969193076,0.6822651898755923,0.8059290360431441,0.46950354609929157,0.5572234603307586,0.8799372939129475,0.5179409084631272,0.8990278748450162,0.9054861327953307,0.9070523804934971,0.8058499662916013,0.8887281516764465,0.8680549584980374,0.9662647104549236,0.5999372948630555,0.9327820360219159,0.8473003449739175,0.9510312382273374,0.715970192112555,0.6913211119115559,0.5001862695483956,0.7951128469173039,0.5623750848175397,0.9355322793023026,0.6010687298291908,0.8473003449739175,0.8594743076831728,0.7851609960557899,0.8417144870220843,0.9790058412902787,0.7504288202783813,0.7333330568565266,0.6323235867854411,0.739393472104071,0.658614155225977,0.6728887477959327,0.6683576500352824,0.7337232155615687,0.7951128469173043,0.8533756651547063,0.8416859998638048,0.5701422535928906,0.9135163016990179,0.6062937101217806,0.7995563084478075,0.5391322274926353,0.5831095249358385,0.9311104823849056,0.8163648743191024,0.9403880469283554,0.9168702393013652,0.8320390587575879,0.698693754570684,0.9096521622325335,0.9807777980692294,0.9240542886990638,0.850972744425821,0.7147859115339794,0.8959733198619408,0.8572755626114623,0.8059290360431446,0.8058499662916013,0.7352754270171586,0.584440937144665,0.3614045411527005,0.6851399322639291,0.8058499662916012,0.7483681614314576,0.43601435601380123,0.6753147535219886,0.7236438839286169,0.6907333258418404,0.5209987019306739,0.6938878393417482,0.9373445439558594,0.689756798818546,0.9161649907845313,0.4689451766165954,0.5772496565291421,0.86560416687451,0.7339041165472424,0.9621308931062637,0.9685432309175783,0.9542792996141666,0.9186263852882655,0.8698714447158039,0.7216242962744122,0.8059290360431439,0.6978684737359191,0.6760873335642721,0.823836383421501,0.9536154011935303,0.5998098007021695,0.8743674594684079,0.9197926279183387,0.9711093416163312,0.3837165067779831,0.5151702233777775,0.7995563084478075,0.8596511358036818,0.8136807882070662,0.7995563084478075,0.7995563084478075,0.8814182140269338,0.8058499662916013,0.7923350182018285,0.8863002895358142,0.8058499662916013,0.8200402670078457,0.9196440510519743,0.8743674594684081,0.8796755654923115,0.9709681300963307,0.9885524069408245,0.7995563084478075,0.4408889605791355,0.49811821282666513,0.7768906158509867,0.5997632002720794,0.8058499662916013,0.9036514210082187,0.7560495458914245,0.7064934282346795,0.5053789700279196,0.9821259797969885,0.8529481410826931,0.8352079045667518,0.9947329122434214,0.8602605064187889,0.9110289230307687,0.8058499662916012,0.9913713384075755,0.6337317370516846,0.9172582782274845,0.4872447391981979,0.861950156712862,0.921119240944918,0.9275340230446298,0.9100318062103334,0.6433844489221494,0.5393746191343971,0.8058499662916013,0.8808077142348698,0.6464213197002269,0.8308063456911841,0.5636720397550861,0.9187432398313613,0.6902585373375003,0.49278223525389064,0.8473003449739176,0.3973956115098405,0.5681549656684094,0.8058499662916013,0.8058499662916013,0.9102184858620082,0.9657271724231158,0.49885106204474905,0.0,0.6313291814132165,0.5221569310466405,0.4213287952000555,0.5669480521617496,0.8995196271956842,0.5088356387290877,0.8058499662916013,0.8843047753228899,0.8887281516764465,0.8059290360431437,0.4358638729039448,0.8402819095372958,0.45644295568018833,0.8058499662916013,0.8058499662916013,0.600270800208484,0.9092933796415545,0.570170091866181,0.9470821860258929,0.6011472367990447,0.5146313541244956,0.8994576352307599,0.9578004988107829,0.5721214202450968,0.5359283144391829,0.8058499662916012,0.8973525452121978,0.5526803301816757,0.8416859998638049,0.9084530093995203,0.8245159530780115,0.6931442864542245,0.8782343105601771,0.9168702393013652,0.8123127184484009,0.5734051272550356,0.8058499662916013,0.43869487133311236,0.8031679633044724,0.7959944208079447,0.8869515853557735,0.5150413156486429,0.9762989554584818,0.6536779670546673,0.782477132104688,0.8656041668745094,0.9749748012587778,0.6108771755758975,0.9236630827321968,0.8308063456911845,0.9421957124724712,0.7820379557974444,0.48397131150102746,0.7652933686087295,0.7995563084478075,0.5256911150327364,0.8131619276176607,0.7489843900385618,0.967333471530508,0.9686762654666128,0.7860764288319708,0.9311104823849057,0.8935446993031985,0.9638848133781235,0.7719534430332047,0.6350737583902641,0.8058499662916012,0.8308063456911845,0.7645919468888484,0.8366734136601629,0.7865411315116284,0.7312659169531011,0.799556308447807,0.9834121738903496,0.6105152156769997,0.7470880603205399,0.5039228089374781,0.89362596737048,0.6392025881498689,0.5965007144619192,0.8058499662916013,0.78720515173177,0.9767639587317076,0.514931489347934,0.8308063456911841,0.8995196271956843,0.7484817456541226,0.9043287577901489,0.8058499662916013,0.3890875452523703,0.4818589025755886,0.975575423200455,0.5173572228443447,0.5904134130864216,0.533699965957148,0.8572755626114623,0.39567989720923125,0.7491819948663798,0.9637178051511759,0.6344974721931848,0.7606847995947024,0.8827998497151048,0.8059290360431444,0.9225334041887112,0.7953507180148165,0.9371791284728602,0.8995921868852623,0.5388947669904673,0.9470953094850886,0.5454918418646242,0.9767639587317076,0.7995563084478075,0.6173761544685623,0.58625322382861,0.9631480817746423,0.5984472429274689,0.5937247297355854,0.8058499662916013,0.5343992272856943,0.7369789068296353,0.7001740226375845,0.8058499662916013,0.5822119792924667,0.9620410202672298,0.8402819095372958,0.9387392204449956,0.7995563084478075,0.4713175139922061,0.8918149439761509,0.9074553008538533,0.782493737484703,0.8595990424881796,0.8531697165055647,0.5214555993765622,0.8058499662916013,0.9327816956394684,0.8058499662916013,0.8529481410826931,0.6401045686210762,0.6180766861475797,0.8059290360431437,0.8835742704792817,0.4866135931620472,0.7560437294344011,0.7832489280769407,0.8058499662916013,0.8307821102125947,0.7299491751769078,0.7482219696806176,0.8968654934868272,0.8602605064187892,0.9225563139336497,0.9399922285879148,0.9298988298647781,0.7743343388904205,0.6535670288459731,0.4219003615321286,0.7743343388904205,0.6604373265387018,0.76529336860873,0.606325390340706,0.7743343388904205,0.8059290360431437,0.7600825581617037,0.9298058441100164,0.8785214358728026,0.7575776963663714,0.9701477237325292,0.8654590025171118,0.7743371662428936,0.8046224482286757,0.9849816789004265,0.6899515469144479,0.9923616943209204,0.8272354331469207,0.971109341616331,0.6407007002875726,0.819384110934233,0.7930304685794862,0.6441973607813776,0.8426579213416943,0.5277662709677733,0.7699368443326815,0.8352079045667511,0.8796755654923115,0.7738032407091952,0.9454270919739332,0.7230808592272531,0.6897567988185462,0.784994711999014,0.8887281516764464,0.86560416687451,0.9950203632028043,0.7595284020092474,0.9113158697773904,0.9125763467032955,0.8152943545241977,0.9710144901568524,0.8167907583049583,0.7487788074599,0.9482782933250231,0.7870535610822138,0.7219537800150335,0.8422134663889831,0.652714506927776,0.8339410420405458,0.9636607886920056,0.8311020167561352,0.9739625959804283,0.7600825581617027,0.8399464011131402,0.9923798610506827,0.8921458107091105,0.8933519986469078,0.9758451335042154,0.9600596534987829,0.914048072444916,0.8682941951628267,0.9823265584910545,0.9007413435840799,0.8493193247742896,0.8710592812792085,0.7180770691203547,0.723080859227252,0.9078307494815345,0.8068110502566639,0.698054449388311,0.8715249962991665,0.9910463954942064,0.7934159251299587,0.6649555149597587,0.8200402670078457,0.7506936204402768,0.7864057866094469,0.7061718988746423,0.9562964735356454,0.86560416687451,0.6378092559379089,0.8772655848967421,0.8645811859821557,0.7951128469173037,0.7887945084768582,0.7847770412204684,0.945233835847997,0.8329186262686781
p271_M,0.999528423518931,0.8744831409853471,0.6704803039722536,0.9113809587811852,0.7018358251808479,0.8852493927538769,0.757463809232803,0.7303743968784495,0.3961448034768057,0.74285042539276,0.8168555449761876,0.7783436306786586,0.7196724925376237,0.7639794379599405,0.8755135161284731,0.8913942669451078,0.9419702363716831,0.8378881427506741,0.9827558590699044,0.9166835378272546,0.7871123642003577,0.8379007267842429,0.8773273917878179,0.8070999688196362,0.8080897785000025,0.5571098435946376,0.830620371090681,0.5591700241618589,0.9166835378272546,0.7689639801790524,0.6232384980864092,0.772094332037162,0.880293387833335,0.6784403947765634,0.7320262020132555,0.8727426055411927,0.8815889130882111,0.8802933878333343,0.7564255978266246,0.8331098744594561,0.6936002001320851,0.9847049497629148,0.955495047504124,0.6489001511647534,0.8862953037311823,0.5772628253567342,0.855756563598304,0.5319725677681725,0.7873050390084448,0.5494926249529357,0.8387640413572676,0.5839885909134845,0.5803791518121255,0.9010471309686272,0.9889981577295384,0.8058647575691209,0.9911416000294788,0.8453085223330421,0.7098977237153253,0.8354015438796936,0.44738745767069155,0.7315865839077074,0.8844267591856494,0.8675596062320505,0.8668758171222235,0.46614042570803327,0.89455712136231,0.8679084544794946,0.9886119874333136,0.9827558590699044,0.822620090866232,0.7873050390084448,0.9056892759978576,0.26823115116058716,0.8453085223330421,0.6542221962556178,0.8124356772187868,0.8168555449761874,0.5779255191336571,0.9648771726248764,0.8712020127619848,0.8718048700433567,0.7754561997159459,0.9759573915094233,0.8453085223330421,0.8094100415072529,0.8888308259151545,0.7445447162227832,0.8691390839134875,0.8402939714046165,0.8453085223330421,0.7202692659557517,0.7826275311962174,0.687925380813504,0.8631024236475755,0.8721925088905396,0.7131441206271978,0.657460464568929,0.2605968583299769,0.3984533892631271,0.828419606724832,0.8879294594533991,0.8453085223330432,0.8262084512512711,0.6361144970206678,0.8727426055411924,0.7724924162874789,0.30188582181617174,0.8673073586405288,0.32434644946801017,0.6680656726241982,0.9206658609197923,0.3949003766910263,0.7242483248377702,0.855756563598304,0.4805236841484053,0.8479191510020667,0.8021289398337758,0.8852493927538769,0.29784917211728024,0.9659024674482177,0.8433133516871905,0.8080897785000025,0.9661110538140119,0.8611574509681619,0.5364243441020053,0.8504578012789956,0.7803958446290831,0.8696295404751329,0.9974465148496587,0.35898275798315527,0.8879294594533993,0.8612222667022571,0.8360533776976244,0.830620371090681,0.7231865828092243,0.8088029636941872,0.8612222667022573,0.8612222667022569,0.8639560978502501,0.47047277784877695,0.878853978185034,0.41271411608123354,0.7147395490791082,0.8357318265621438,0.4598736373790636,0.6582140538659289,0.19957108005370727,0.9934267985379968,0.41169834008326367,0.878853978185034,0.4656205868085497,0.818158570820662,0.9852057050770446,0.9278919760223632,0.5714272646773942,0.7310858516750618,0.8161562008720782,0.6482002216830077,0.6670166624081615,0.6351820673028209,0.8557565635983038,0.7995996720587015,0.6357869858773597,0.6869427110255242,0.7455249696999708,0.7555085421050053,0.7109961407420815,0.8631024236475755,0.5412578616352204,0.8482088784292232,0.8402939714046163,0.6979285610052355,0.6843906562466704,0.6792145713104322,0.7677001351673707,0.9449933732356441,0.8539020097627188,0.9414545735469946,0.7509153416000762,0.8491455367576927,0.6546971052929403,0.9186390033476766,0.9283006786161674,0.9824599469867747,0.6115950940900041,0.21169090556336767,0.9651655741458478,0.8213551610187866,0.7890963332331151,0.8790529164147427,0.7369241763172898,0.5383323925386154,0.3680071368067801,0.9691524099178217,0.8453085223330421,0.71370663339199,0.9932711322969685,0.9175128122831238,0.7847573100025249,0.5660889456141017,0.9283006786161674,0.8453085223330421,0.644369440389462,0.44589827657975656,0.7806799850349809,0.8453085223330421,0.8167107250685797,0.5504678467887418,0.3627308260757206,0.562315235851718,0.764715933326205,0.8402939714046156,0.8453085223330421,0.7753495288161376,0.8453085223330433,0.546632812190353,0.6049469392301328,0.635167954346711,0.8453085223330421,0.6353659654834842,0.8453085223330421,0.5963947990794316,0.7677700366499804,0.805122541654671,0.6374141836127909,0.8557565635983035,0.37572354869983027,0.8639560978502501,0.8528224833278102,0.9329138271266544,0.768587989401373,0.5670048704754937,0.7528163950686995,0.8612222667022571,0.7631839625720709,0.7884583774358108,0.7036798098045234,0.8412951876648758,0.8059945119496489,0.5308119494686716,0.7518176341055607,0.6990706059134393,0.7648347005325177,0.8453085223330421,0.9226406470081117,0.8453085223330421,0.45900562083850527,0.741919849688756,0.9612268306824159,0.8460362824838277,0.3627715927401738,0.7137066333919899,0.5224057827002899,0.8080897785000023,0.7238567341021886,0.8428507484980068,0.40743683215557036,0.6938228944303619,0.6544931242873937,0.9539051145664607,0.5052893883712672,0.8402939714046165,0.9945578164232356,0.6403392931876248,0.7564255978266246,0.5187173113488643,0.8438010354067351,0.8191038684576517,0.6739078356862689,0.6646631781210417,0.8945571213623102,0.5522323571983232,0.7316610102455212,0.536312150689044,0.8727426055411924,0.35123772887955196,0.7169463757672432,0.8236680713869198,0.9112335610699702,0.8727426055411924,0.9439332079914797,0.2864965001927009,0.9015174087358586,0.724808146493731,0.8482088784292228,0.8557565635983038,0.7528163950686997,0.2900444246903613,0.8354015438796936,0.8557565635983042,0.8557565635983038,0.4256008960817327,0.9088679893884184,0.4145373448992633,0.6167942012578433,0.6509896906555233,0.9547867626673436,0.8727426055411927,0.845308522333043,0.7873050390084446,0.9210652057913622,0.8612222667022575,0.29619682341371323,0.6534273244238442,0.8879294594533995,0.8331098744594567,0.8571578839353609,0.47708100482662985,0.751619902109821,0.6189632222684124,0.851281438033572,0.7962999340795411,0.6168852673742204,0.6881278388391108,0.878853978185034,0.5216950987338258,0.8788539781850342,0.8950021976073848,0.6094355387489527,0.742967316732499,0.9512060612711243,0.8453085223330421,0.7054246227170566,0.863828185456252,0.791349526315698,0.8727426055411924,0.9708005919631293,0.9283006786161676,0.8453085223330421,0.8080897785000023,0.9449933732356441,0.8852493927538767,0.727739326883456,0.4885630526806647,0.7995996720587013,0.9612268306824159,0.4374463803343962,0.5193285358356867,0.8080897785000025,0.6305351476337477,0.584491012683034,0.725995790285457,0.6378158797655109,0.6505311161498866,0.7004930192821732,0.6865862985151041,0.8852493927538767,0.37895425900941393,0.8137531675852787,0.34203281129420093,0.830620371090681,0.8402939714046165,0.8226200908662324,0.6990706059134395,0.276937430690278,0.35075039921795237,0.48778207954369,0.8453085223330421,0.2962517906266675,0.8290697506927515,0.7770555393502201,0.9098323214516961,0.9545130974694751,0.4302306079664572,0.8453085223330421,0.8453085223330421,0.8233538596579562,0.8266029586437337,0.614162357413804,0.8453085223330433,0.8788539781850342,0.845308522333043,0.7639794379599398,0.6869427110255242,0.3030978536626331,0.8453085223330432,0.7677675481124802,0.8888308259151545,0.5296848753602295,0.4553517237883925,0.8453085223330421,0.6851944743798022,0.7455249696999708,0.3462283142831647,0.4025793819827106,0.8317539034743855,0.6776174161045014,0.8557565635983042,0.2804610016740209,0.8453085223330421,0.42181210345424347,0.7913495263156982,0.6223012902015775,0.9134044487366091,0.8815889130882113,0.48575837931528243,0.9074695803073856,0.8453085223330421,0.8394482358305895,0.5090499644442519,0.8453085223330421,0.9597266141981964,0.3891119668151166,0.5328299043862277,0.47708100482662985,0.257013343129446,0.8453085223330421,0.9207143867350305,0.611054202452351,0.8668758171222233,0.6189077093341833,0.5034962947773944,0.7493805347674771,0.4815147687488509,0.7517622723226811,0.855756563598304,0.8779534043702758,0.2982687291794157,0.9018323002478252,0.18969771123978296,0.7524098053312451,0.6061154680079255,0.9508421171678398,0.8612222667022571,0.7913495263156982,0.8453085223330421,0.8727426055411927,0.7179638445774836,0.47601872213638385,0.7672211986747091,0.8015862253553034,0.8354015438796938,0.5689545966346443,0.9938866396749274,0.8639560978502501,0.8168555449761878,0.8453085223330432,0.8213551610187868,0.6783175599874447,0.7608746426546245,0.9827558590699044,0.17389396784491762,0.9923426571116956,0.7004930192821708,0.8773273917878179,0.5619442412349347,0.8633657763496987,0.9166835378272546,0.6901997300279845,0.6386334534347929,0.8862324725674138,0.7954465711283287,0.8633657763496991,0.7214740737658267,0.9512060612711243,0.7934409100797526,0.9545393092820331,0.8666458256320269,0.8477364707151382,0.7671256409580222,0.8948411555416449,0.580012135128559,0.567320153082177,0.5270338059162665,0.8189618302862882,0.830620371090681,0.5239457462325765,0.6672143803336503,0.646414478755081,0.9680784673562302,0.8528224833278102,0.48422635675150816,0.842850748498007,0.5483981798705808,0.895873269371575,0.741919849688756,0.46234609356591183,0.8557565635983038,0.8342138364779874,0.60491133035219,0.7893255855183641,0.9410850470579877,0.9466304752226786,0.7163373515318343,0.4167220596636062,0.9708005919631291,0.8249883989729043,0.8306203710906808,0.8306203710906812,0.9721034599974785,0.7660035559865499,0.8364319649404615,0.5088978743907933,0.7347840386159992,0.8402939714046158,0.8402939714046156,0.5779255191336572,0.988444059239999,0.830620371090681,0.6544931242873937,0.8453085223330421,0.8668758171222237,0.8453085223330421,0.8453085223330421,0.3188987798921856,0.9756431574521378,0.752816395068699,0.8453085223330421,0.3327537605897435,0.19686718934742786,0.8008875416489644,0.7779092382296022,0.6538040152804543,0.44800258270829607,0.9581679637728007,0.8816224494175549,0.266864151358261,0.8751208799002066,0.9267741739183961,0.8668758171222237,0.507718454870534,0.6140238864469816,0.38273931176155596,0.7715924205036864,0.9566494573223596,0.7648347005325172,0.9144624420356908,0.9015174087358588,0.7687951678162948,0.855756563598304,0.8721925088905396,0.8055885792993742,0.9373903551042684,0.8283175748678029,0.4823016740958619,0.7890963332331151,0.44738745767069144,0.8286137066920933,0.9825543320961883,0.7581686861405524,0.9142958754806105,0.8504578012789961,0.969849146754276,0.3619169355787072,0.5398891955395992,0.8945571213623098,0.6933482202770993,0.863167499386563,0.804134010665759,0.6639560895069776,0.9283006786161676,0.4109833648464153,0.7754561997159459,0.8852493927538767,0.4480025827082962,0.31302850030476226,0.9705937692240705,0.5059553796322744,0.8124356772187871,0.8781070479449892,0.727679587652422,0.8453085223330421,0.8612222667022571,0.6187675961165586,0.9660700296626721,0.6208629775689254,0.7801235297339182,0.7648347005325176,0.8192793116817607,0.4857583793152822,0.8773273917878179,0.24738912913477284,0.8788539781850344,0.4103442108777142,0.9491876233274414,0.6240790457624956,0.8354015438796938,0.9618219652554874,0.7692466542002009,0.7615757470088254,0.8718048700433565,0.7077432429586688,0.5686068497155715,0.4626461602474148,0.6568207183650047,0.7528163950686992,0.3807412225938773,0.6208629775689247,0.9258230387913631,0.8788539781850344,0.8829981314675723,0.9316244160564968,0.5775764393630842,0.6913152155111721,0.8085211594953063,0.8402939714046165,0.44403727540679605,0.5569980641968937,0.9250632826893765,0.7310939521307984,0.7259957902854572,0.8696634094739188,0.7455249696999711,0.7954465711283287,0.9818626266609313,0.8148187834615364,0.8673073586405287,0.8111643310885125,0.8428507484980061,0.9836926141722804,0.8612222667022571,0.8852493927538769,0.8453085223330421,0.9628119998539303,0.6489908818735819,0.5652912986921075,0.7565056600756233,0.8453085223330433,0.4674810429731897,0.518759691382769,0.7755837821521523,0.7639794379599405,0.7070673732587576,0.7202692659557517,0.6869963436332371,0.8609607689346942,0.8015862253553037,0.8415205059528088,0.3017236453693325,0.6672143803336501,0.866875817122224,0.7036798098045238,0.9685867508737677,0.9201023553084944,0.741919849688756,0.8852493927538769,0.9793864538694004,0.8354015438796933,0.8852493927538767,0.8213551610187866,0.8058647575691209,0.8754988991654504,0.6017211552318835,0.64776251360859,0.8021289398337759,0.8829780861752916,0.6527982819066379,0.5522800262761771,0.43986958445602586,0.8402939714046165,0.8612222667022575,0.8306203710906808,0.8402939714046165,0.8402939714046165,0.8340654250908053,0.8453085223330421,0.8910049657068133,0.9012189294649909,0.8453085223330421,0.7995996720587015,0.7166986750818807,0.8743797075282272,0.855756563598304,0.936159000349494,0.9749822485158575,0.8402939714046165,0.6002211598458791,0.4127268608558301,0.6080695305520267,0.46700226454513427,0.8453085223330421,0.7724924162874789,0.855756563598304,0.7995996720587015,0.4716153113260432,0.7207768433582062,0.8727426055411924,0.8504578012789961,0.6425822997378201,0.9581347202095198,0.8580286804783823,0.8453085223330425,0.9581347202095201,0.7810240937544526,0.8580451464193866,0.519197065024301,0.9468315625852828,0.8727426055411927,0.7873050390084446,0.8557565635983042,0.827660921934984,0.2546840807302321,0.8453085223330421,0.87549889916545,0.7201972102043006,0.7428504253927605,0.5604573398729884,0.830620371090681,0.8168555449761876,0.3592878064544337,0.8354015438796938,0.49344531777328005,0.32067356094736754,0.8453085223330421,0.8453085223330421,0.9328805567122487,0.6206989028975259,0.7570626016884332,0.6313291814132165,0.0,0.43745806990048264,0.5124582379970208,0.292577407179507,0.8664184631162986,0.3310809547048379,0.8453085223330421,0.854667952321678,0.8612222667022571,0.7564255978266246,0.5262405363899554,0.8727426055411924,0.4212233796685495,0.8453085223330421,0.8453085223330421,0.3545467876399375,0.845308522333043,0.3292955672063601,0.8124356772187873,0.6074632344458091,0.6936002001320856,0.8460362824838279,0.7109961407420815,0.33699377864920266,0.5873473939810372,0.8453085223330433,0.7419198496887558,0.2313600572887219,0.8504578012789958,0.9449933732356441,0.9120705838408396,0.7702258891493565,0.973344709780833,0.7491566735405868,0.682575521582775,0.5709433185995798,0.8453085223330421,0.33523034593981016,0.9901701454072507,0.45399870997808234,0.6881278388391108,0.5901486341653799,0.8598769591818511,0.6024152688061579,0.6115950940900041,0.7520666751277895,0.7158012390522281,0.313412594502255,0.9698077026919338,0.8788539781850342,0.8148733596936462,0.9309653756206251,0.3969617580828134,0.7387594773771091,0.8696295404751337,0.4277154015392759,0.9863035508148099,0.8008875416489643,0.9486019250189789,0.7564255978266249,0.7615757470088256,0.8360533776976247,0.9953089374396239,0.7570626016884332,0.9557960300800213,0.39659295299663155,0.822597332510477,0.8788539781850342,0.8633657763496989,0.7801235297339184,0.5702426624872199,0.8802933878333352,0.7196724925376239,0.991141600029479,0.6170147345267856,0.8693621924380666,0.5538064777994953,0.8294944974961416,0.5112461314061085,0.5358422689304816,0.8453085223330421,0.7202692659557519,0.8829780861752916,0.6016805561257094,0.74285042539276,0.9679804555784388,0.6227587440640594,0.7468101674797887,0.8453085223330421,0.44363475561688215,0.44800258270829607,0.8393743380180239,0.24252171225655683,0.3754298628073436,0.29155247267805273,0.8612222667022569,0.32982566463060337,0.9714884696016771,0.8448805365727248,0.4499318074897487,0.8528224833278104,0.5637699929326572,0.9953089374396239,0.8283175748678029,0.845308522333043,0.6902656726558178,0.7873050390084446,0.25917731628733676,0.8816224494175549,0.5020867961313917,0.9358796528302649,0.8402939714046165,0.36491008208328146,0.5773540138252464,0.7347293768290675,0.3721303345084652,0.4141841163919565,0.8453085223330421,0.34646443717930797,0.5837550343347211,0.8271515183119025,0.8453085223330421,0.294295108900839,0.9618219652554874,0.8727426055411924,0.8038126664077956,0.8696295404751337,0.6295490530004186,0.7898029257695205,0.7040929862076744,0.8509744558805432,0.9804958533698627,0.8773273917878179,0.48306458449161105,0.8453085223330421,0.9761634890020754,0.8453085223330421,0.7298781721393242,0.7092088440136914,0.33202981456811054,0.7564255978266246,0.8192793116817607,0.7633996497638833,0.5120054405393502,0.7850367980772612,0.8453085223330421,0.9295446296132348,0.2419904020951691,0.6576593535158239,0.7715924205036866,0.7419198496887554,0.8945571213623107,0.7715924205036861,0.9976158155605334,0.8845859709276054,0.3241982635784252,0.4141841163919566,0.8845859709276054,0.7639794379599407,0.8612222667022578,0.6670166624081622,0.8845859709276054,0.7564255978266246,0.9775039920556008,0.8693621924380666,0.6830436341608008,0.8402939714046156,0.8909718899573573,0.7995996720587015,0.5162999836306033,0.7419198496887556,0.8531186151521007,0.5029517233935998,0.6401345178539095,0.9250214760312454,0.8819837279957417,0.6914065300306378,0.7639794379599407,0.7179638445774836,0.6135333975324103,0.9445099892657212,0.7207768433582071,0.8789147099104677,0.7759688570104208,0.8879294594533995,0.6640318315016047,0.9963945964136043,0.776138231923716,0.8238112539195659,0.5845462374747566,0.8612222667022571,0.8668758171222237,0.9802662124731114,0.5452855648139237,0.7852963625554634,0.6683941027816425,0.7715924205036864,0.9193329437817408,0.9329370334459521,0.5923688982684668,0.8453085223330428,0.48908894823557947,0.7212962394162536,0.8118235148934052,0.39177611521728095,0.9345838053132114,0.8668758171222235,0.7528163950686992,0.9947679482503187,0.5803791518121255,0.886295303731182,0.7754561997159455,0.9197474280620401,0.985848460641825,0.7321954751272856,0.8168555449761876,0.8994099576456627,0.9283006786161676,0.9933890233834382,0.7247534184166267,0.8557565635983038,0.8504578012789958,0.2821532049553407,0.5316629177168326,0.855756563598304,0.9493342264401614,0.39394309429952434,0.7363220913937567,0.8925106518208059,0.8354015438796936,0.41581265933802636,0.8958732693715752,0.7214740737658267,0.8879294594533993,0.27654897968779024,0.8477364707151376,0.8668758171222237,0.3408990530928002,0.913733057774945,0.8815889130882113,0.7806799850349806,0.6117696087230795,0.8021289398337758,0.6866686029710445,0.866875817122224
p271_T,0.7985705269957522,0.8341135508586258,0.5879670558090436,0.8609939859061815,0.8440180327877229,0.8339037580781801,0.8853068894920577,0.9116869753702839,0.650216517187439,0.855342581976174,0.9792223799547057,0.8651345321159731,0.8651345321159731,0.660597685100197,0.9475277801707196,0.8981639542574175,0.8578553729564891,0.673382816436684,0.9112990802027561,0.8206465546456466,0.6070111068267678,0.9573886500813646,0.7678512841145855,0.9103149333798706,0.9847086306224755,0.7508557165936525,0.7253951489942085,0.7906663368822671,0.8566477616876665,0.9174138710278583,0.809538604848256,0.8660127357937746,0.742310309824796,0.8788191269797554,0.8440180327877231,0.8425402875730424,0.9103149333798704,0.7940357721947133,0.8629791856785536,0.73088137718497,0.47188501751505596,0.8232896214462557,0.9387584497393702,0.7382993327112575,0.9638235521263138,0.3998100661740057,0.8583804773702237,0.7048422525504889,0.861654458885643,0.6539114135243747,0.8660127357937748,0.31915141019984405,0.7508557165936525,0.8372449248985869,0.8697487224008298,0.6362666275996209,0.8509140625515299,0.8152867967569688,0.9333986456840142,0.9393294961760374,0.6930653707018113,0.8097386233745054,0.961263549921516,0.6871022511198213,0.7633524262729611,0.730188091971179,0.8801973674837039,0.6798646417670626,0.7153170856090655,0.9511833345378164,0.7123166794222889,0.6219038091010762,0.9589429769107363,0.5100224499578938,0.8152867967569688,0.6920625163620409,0.7150457493413591,0.7486505891643018,0.6366673442090738,0.9475726541694048,0.8060506330304367,0.8499055814552341,0.9553339820370005,0.8505401908888881,0.8152867967569688,0.7069995293047353,0.9699084796966337,0.8374259321202522,0.8862888004596254,0.8092990476011352,0.8152867967569688,0.5879670558090422,0.4454330918668805,0.6889379663855884,0.8152880611177493,0.8049076821228229,0.6210831061287064,0.5761646938221816,0.5472146669583728,0.5806235450681128,0.7650550885707665,0.8966760243125667,0.7537446627817315,0.7645455753141214,0.8579874534000321,0.8480451455932454,0.8125150206847902,0.5108282665983064,0.9371833417589952,0.5698139046409498,0.5323977364609432,0.9515712896342315,0.6351025614557639,0.8126540703749286,0.8889984146598748,0.6066881454243311,0.9099539026069616,0.8824245419081027,0.8717933901085885,0.5521700605702746,0.9582475025104291,0.5931166136167402,0.7063769917649028,0.7996582257849203,0.9834082217280414,0.7536185114172962,0.9399414374230468,0.8127759617357635,0.8556880453098374,0.8601860992977177,0.6236632578523311,0.7742042751539615,0.8167498933030729,0.8629791856785536,0.7253951489942085,0.7568755866011945,0.7081193270210722,0.8167498933030732,0.8977364728840898,0.8034571229302205,0.49023513005406194,0.8553425819761737,0.7301880919711787,0.4488253471347413,0.7149735523428196,0.7108596002574974,0.8647361851181063,0.46504866277075907,0.9421859185633483,0.405494553378015,0.9286501757717067,0.6583615748699745,0.9263151219548436,0.7450389130528227,0.9436448416643343,0.7678218096291192,0.7698642573989649,0.7199994637578899,0.6298509292039745,0.7303879169050451,0.9532714216880254,0.9885298361815203,0.7124747307268313,0.46724184798787816,0.6883158875326761,0.566539380791139,0.8403800404286201,0.7202125947513235,0.8093661913172968,0.6487803895066004,0.7808354655837876,0.9768055011456489,0.8915090155061809,0.9973458427433086,0.778929907323197,0.6045510524355,0.8425402875730426,0.7295163400318849,0.8018335563791115,0.7840823542351955,0.8969062951467852,0.7965142942046761,0.936773036532293,0.8836057875672563,0.7481655087274992,0.7621284171584962,0.5521700605702746,0.9446132346986793,0.9130852766469223,0.952535942452336,0.8849805468777108,0.9574566750227977,0.3794441666106848,0.44554379648608755,0.7451210644495652,0.8152867967569688,0.8214354212503419,0.8704491812798201,0.7715525389320446,0.6532699573009982,0.7328824063021446,0.9673590143395132,0.8152867967569688,0.5716741300192241,0.6555690443603917,0.855342581976174,0.8152867967569688,0.6904722254119211,0.7105388846414336,0.617788699589298,0.5208721945511081,0.5541505916992955,0.7160993340227428,0.8152867967569688,0.693444649914583,0.8152867967569689,0.7038237989078004,0.4660625742785649,0.48502690658676717,0.8152867967569688,0.9387873300285301,0.8152867967569688,0.7831173347730028,0.9599757108455687,0.698879380093673,0.5032276744120499,0.8048222124436128,0.43911247003361575,0.8034571229302203,0.9989431773176689,0.7760341591046296,0.716970100156973,0.6528243861411576,0.7345700877701125,0.8167498933030728,0.6672460480658835,0.8537898787144267,0.7611299585795412,0.7536014064231573,0.7479506883055045,0.7292447864734686,0.8772241791189497,0.5931166136167401,0.9121550215268743,0.8152867967569688,0.7985797059172528,0.8152867967569688,0.8931413158017585,0.8405194713897168,0.9294602099744049,0.9903511166197145,0.43911247003361575,0.8510619252935181,0.7616136065793293,0.9202407916505639,0.6107744112770225,0.8970835150993879,0.7023596469643385,0.8277625400805726,0.5778282769654767,0.7641658422765392,0.6311770117362823,0.8092990476011352,0.9399417142435167,0.4449099439916775,0.8629791856785536,0.7807057248734934,0.7162532252580847,0.9583730747979635,0.986458566768178,0.6419607712966526,0.8801973674837039,0.6221681570532738,0.5851925549124342,0.5871358355638504,0.8480451455932454,0.557018110467348,0.9282379768280802,0.7582850143029656,0.9881712957697453,0.8480451455932454,0.814547900338759,0.5249181056817758,0.972909031963908,0.5151482195861125,0.7207165753419922,0.7742042751539617,0.7925617055576328,0.5602614674819077,0.9936784454743641,0.7435863378643106,0.9808522265288284,0.355905067659557,0.8425402875730423,0.5526931179592656,0.5535513350557129,0.5473595125206384,0.9210290515092581,0.9112990802027561,0.7250134267509785,0.7744724044185277,0.8161002319814937,0.8484736303933889,0.5169614358686181,0.7452094955649675,0.8966760243125667,0.7090858635681913,0.8851949078126484,0.515341383762437,0.7776175290977319,0.7159348441961708,0.8567772859523933,0.7165211925146995,0.6737578398420749,0.6422322188989054,0.784645347603627,0.7355610054750383,0.7846453476036269,0.9561412840297812,0.8040683938016115,0.5454398961179687,0.9808522265288282,0.8152867967569688,0.8342889987034598,0.9474066389847438,0.6955274882432101,0.8480451455932454,0.8740070788027339,0.8836057875672564,0.8152867967569688,0.7708448307368134,0.8425402875730423,0.8717933901085885,0.9985333851600511,0.7033831336852463,0.6666644471506973,0.8484736303933889,0.5100052264887758,0.3809309731236661,0.9440034360823041,0.7921605288459559,0.309257797258214,0.8277625400805726,0.7048442736171963,0.394365644757806,0.7866846903996969,0.8367168811523642,0.8339037580781802,0.455921706427348,0.6572479307200858,0.4268982149659659,0.9903155969187698,0.8092990476011352,0.9498303250956764,0.7151355498730112,0.5103674048326703,0.5398788475022442,0.2584954617870956,0.8152867967569688,0.5359607849899752,0.8916117691180507,0.6649368211764881,0.9554782493287253,0.9273449960602136,0.5299115847281595,0.8152867967569688,0.8152867967569688,0.9421859185633483,0.7696988007900782,0.49778072258567885,0.8152867967569689,0.8926489687296866,0.7250134267509784,0.8209147257449847,0.6393517483648147,0.593796912632655,0.811207134843238,0.6277689543742613,0.9331543600073642,0.3105687814968191,0.4113255692834903,0.8152867967569688,0.6106089877403211,0.604350809163291,0.44663783864369067,0.4934253006874032,0.9662723105281457,0.8343796404935615,0.7435863378643104,0.518544332675454,0.8152867967569688,0.34891931258507025,0.9058684192393314,0.7892957142922341,0.618232857298751,0.8526730342747177,0.38122375697389654,0.8198985033796715,0.8152867967569688,0.7681184218641144,0.36429853142810087,0.8152867967569688,0.885080563508627,0.6995387326186171,0.5121896647925894,0.2639553429027113,0.5293913328388027,0.8152867967569688,0.8509176208389704,0.6662846336195423,0.9941236503157006,0.8950699532305877,0.6536037062352853,0.7674678682943339,0.7018961431053714,0.5834946521550768,0.9196163519495262,0.9917569238479409,0.6024520599437722,0.7911718379713597,0.49153192443470406,0.7939001167834934,0.4711078434552046,0.8123787464634713,0.8977364728840895,0.6512381446301592,0.8152867967569688,0.9456784765176128,0.5344668764316103,0.7210659934837715,0.880267095997981,0.8422950716387774,0.8034571229302205,0.901605974850145,0.939941437423047,0.8034571229302205,0.7733894101534824,0.8112071348432381,0.9857942543552967,0.6263015817325823,0.718234269484324,0.9855627308526733,0.5075628964210479,0.9646513828137268,0.8119648076491426,0.9077746072552331,0.6613896740676382,0.8362171997113619,0.8206465546456468,0.7103846626189663,0.7717606226961908,0.9224127889687903,0.8007757125543047,0.763514329489362,0.7103272275599402,0.9579118988918691,0.8118922448201394,0.9850953438033417,0.9335133225079679,0.781190156091033,0.8990184534864001,0.9960387990561129,0.7684014291254326,0.812058455052536,0.5920066481406985,0.6746068742357618,0.8313633281640329,0.7885532843027228,0.7380737918066093,0.7382134124818509,0.829422433511827,0.7657376387499228,0.26455008779559763,0.9465611570777505,0.7474461895955691,0.9668532842402291,0.9340489805498936,0.8227531981133633,0.774204275153962,0.8361214564534885,0.607544089822083,0.7069995293047355,0.8493529380391465,0.8480451455932454,0.8577960695407583,0.6854998106354824,0.8952216971545265,0.9824650928848175,0.7518871937866647,0.7253951489942088,0.9611839470647201,0.8824245419081027,0.7585210500620969,0.37393426881529557,0.5285401012915035,0.9768055011456489,0.7160993340227427,0.5605193224276497,0.8899728590087561,0.824240089534038,0.46315900600482296,0.8152867967569688,0.8410397610823426,0.8152867967569688,0.8152867967569688,0.5680052734034955,0.7657376387499231,0.6572479307200858,0.8152867967569688,0.41945149485937616,0.526891051202858,0.7479506883055052,0.9162786271420278,0.6106089877403212,0.6093900220303259,0.8206476554294437,0.7308427312244525,0.6005749247224372,0.7921605288459559,0.9834586696270309,0.9399417142435167,0.7004742921765219,0.47620209822685367,0.5033245358492957,0.820226813646332,0.8697487224008298,0.8578060722285477,0.8579540230355025,0.7963197439933525,0.7780107299493197,0.8889984146598748,0.7114427416108988,0.8729713194006314,0.9965991074181342,0.6745690686874866,0.6221681570532744,0.9119400689425765,0.7104172686177292,0.8823404080337955,0.7483628850979835,0.8583804773702235,0.80026844917863,0.7934200261883646,0.8912103389950248,0.657095612867191,0.4335332997964084,0.8660127357937746,0.5391862190679242,0.7977480447415823,0.8262629780698971,0.5742723975427164,0.9673590143395132,0.4466378386436909,0.6425458590662065,0.8717933901085881,0.33522887893874387,0.5208038940883617,0.8832509242832538,0.3837094292149512,0.7150457493413601,0.80246929421274,0.8119125704092343,0.8152867967569688,0.8977364728840895,0.7528549085101144,0.9261320789662508,0.44191391355711707,0.8972056094746319,0.8034571229302214,0.9136288989742278,0.4454330918668803,0.9777362688255564,0.5261579053491006,0.8206465546456463,0.4887053979318221,0.8307894540196181,0.7954610075775486,0.8034571229302205,0.9233494281195045,0.5560895250694631,0.6160486494052932,0.8040952978791001,0.6386561310677763,0.5789045685014811,0.4125655713423487,0.7809416890104108,0.8505533233451524,0.5143756828667794,0.5109241102892574,0.8918129562939034,0.8566477616876668,0.8014275694918631,0.939941437423047,0.6483961063930177,0.7985797059172526,0.7852680936628227,0.8092990476011352,0.47816731844856264,0.3877503311396121,0.8717933901085881,0.7820725593817772,0.8583804773702235,0.7834545200813473,0.944653664512665,0.7714600184986224,0.7933784282526342,0.8819325772305672,0.913420697327255,0.9260606000577352,0.6991729471859398,0.9488877588882298,0.8660127357937744,0.9096830221389967,0.8152867967569688,0.8981496662422612,0.4534242124327702,0.4355263108588141,0.5671534388889001,0.8152867967569689,0.6510063654481129,0.3291952164179568,0.7798248602814015,0.9211128761479769,0.6670275765117628,0.6511438500312573,0.791924677537446,0.9887030875626269,0.6712350662810018,0.8384333855683999,0.48365273095728534,0.5497031782009333,0.8740070788027339,0.7441957149063407,0.8509140625515299,0.9579118988918691,0.6721663549013994,0.7960141260477717,0.7576916173639552,0.843274706630657,0.8339037580781803,0.6824328473619536,0.8509140625515298,0.782475898812485,0.8137732348700637,0.5710606981013167,0.8480451455932461,0.9302117408799828,0.7760341591046294,0.41673192004848236,0.5418212298089877,0.8092990476011352,0.9436448416643345,0.7977480447415817,0.8092990476011352,0.8092990476011352,0.898149666242261,0.8152867967569688,0.9903155969187698,0.8374707201311468,0.8152867967569688,0.7124747307268315,0.8636542008770598,0.8480451455932456,0.9196163519495262,0.8952216971545265,0.941552546404247,0.8372167898585543,0.44100849071241477,0.5931671224172108,0.7657376387499226,0.6703392622836168,0.8152867967569688,0.6025064651743527,0.9272939616022179,0.7353798725148984,0.5091512015235531,0.6978424853626629,0.8425402875730427,0.8822995383178941,0.7708448307368139,0.9714607842139643,0.9202407916505638,0.8152867967569692,0.9537156084578946,0.8706591098712139,0.9230697529533906,0.5571506465368647,0.7981282311426632,0.9112990802027559,0.6872903499514127,0.8889984146598748,0.8300157336439933,0.5699472958411846,0.8152867967569688,0.8399383708739909,0.6626490713054947,0.855342581976174,0.36846826212430983,0.983192358288774,0.8723446941102067,0.4886784008819012,0.8034571229302205,0.36374681299525624,0.46349782408108986,0.8152867967569688,0.8152867967569688,0.780127425495857,0.9077403030963649,0.7780642022527411,0.5221569310466405,0.43745806990048264,0.0,0.44658589135696414,0.5325434475492832,0.7264322007147188,0.4828185444846458,0.8152867967569688,0.8382628253136,0.8977364728840895,0.8629791856785536,0.2399632202093318,0.8480451455932454,0.5785850177597631,0.8152867967569688,0.8152867967569688,0.4367536641291312,0.7537446627817318,0.5278312496871016,0.9573886500813646,0.3757181170886257,0.4718850175150556,0.9268985259135987,0.8493529380391467,0.5529806067105745,0.418962759109477,0.8152867967569689,0.5412250420771518,0.5509179436606733,0.8214354212503414,0.9511833345378164,0.8631749339177108,0.810866743841306,0.9266149389344125,0.5923170431398178,0.8214354212503414,0.6897216818877787,0.8152867967569688,0.5482790710611969,0.8407957631638067,0.6506908762501322,0.8293569012956492,0.5654208606938578,0.9857942543552967,0.8263599552560223,0.5191592948252753,0.8410397610823424,0.9610262817067032,0.5684003928702368,0.9373315073338575,0.8206465546456467,0.7782926726430475,0.7508557165936529,0.6458299569577322,0.8342889987034594,0.8092990476011352,0.5925004020722575,0.8271147850206084,0.7844017658936109,0.9512056558737452,0.8629791856785536,0.9153430787178582,0.8629791856785536,0.985462286199813,0.8119326895991418,0.8070329144705364,0.6222313635184324,0.9014805048492296,0.8566477616876665,0.9816229401553651,0.8002684491786298,0.5421542356233309,0.7681730410097547,0.8092990476011352,0.9559032459917531,0.6303540309033906,0.8214354212503421,0.42433053351741734,0.8151567783414395,0.7381980399176395,0.6738098888153785,0.8152867967569688,0.5563786586979347,0.930211740879983,0.5073159282138242,0.855342581976174,0.9740851985261829,0.7607070081476273,0.7633550241845979,0.8152867967569688,0.5261579053491006,0.2978432685171645,0.7607070081476266,0.518279068132822,0.6120401062333689,0.5580545810106863,0.8660127357937746,0.4927284352885195,0.595949809605071,0.7215468532950644,0.5756560853078889,0.7445307302578104,0.729191900242416,0.9854622861998132,0.7445307302578105,0.7824758988124849,0.8767014573158864,0.8834499725024217,0.609245941426708,0.7477769748976526,0.31247379043471957,0.9014805048492294,0.8092990476011352,0.6355089415102007,0.2762894413999796,0.9788441728078769,0.3973375559146848,0.3844171693928855,0.8152867967569688,0.4778535805951696,0.4407441740329051,0.7607958355031894,0.8152867967569688,0.5483645584802128,0.9492121593044626,0.8480451455932454,0.7890581926066973,0.8092990476011352,0.5523262691996729,0.8172897320132295,0.9852565180149135,0.9582377800274838,0.8390804551348905,0.8144923918281345,0.3008655316777141,0.8152867967569688,0.8422950716387776,0.8152867967569688,0.8480451455932456,0.5232072792800886,0.6097426909213286,0.8629791856785536,0.9195507687746818,0.4389272186358558,0.654279551632498,0.8810336159867799,0.8152867967569688,0.6472966749338743,0.42511806574626765,0.7000002555557939,0.7996582257849203,0.8592253732217529,0.9436448416643345,0.9230697529533908,0.885080563508627,0.7717606226961908,0.6104382924611989,0.3596592207986019,0.7717606226961908,0.6806373151807953,0.7533024191224433,0.5626118795526722,0.7717606226961908,0.8629791856785536,0.8505401908888884,0.8510619252935179,0.7303879169050451,0.7160993340227426,0.8444846899988676,0.6895695889387643,0.8118533990799137,0.7656958640615766,0.8123787464634717,0.687558330913218,0.7896173232458972,0.9488877588882301,0.8729713194006317,0.6537232124447789,0.8008750956643864,0.5176630090487162,0.6260197257965121,0.7335466426160802,0.5036402769258486,0.7962679180353065,0.8510619252935181,0.8889984146598751,0.8101822956355282,0.8097886606923441,0.7365407537952497,0.7769893841245278,0.821585253718212,0.8342889987034596,0.8740070788027339,0.9169748086470482,0.7318778949922038,0.7548758525846335,0.8151567783414386,0.9535187198781387,0.814544350847396,0.8251902139236033,0.7632929429793491,0.9302117408799828,0.7301705334446285,0.5015084060671976,0.9501074267399159,0.6714871093597115,0.8529921853362935,0.9611563325953092,0.715239548507606,0.9279561156345311,0.7508557165936525,0.804871283371577,0.9612558518374543,0.9983494843809071,0.8774926859714165,0.9224335544163881,0.9465611570777506,0.8419784952075375,0.7998525607949996,0.9566436386075972,0.924349538726801,0.774204275153962,0.9103149333798706,0.6024520599437719,0.7365407537952475,0.9579118988918691,0.9096241048388697,0.5446677545771306,0.9595751622857329,0.7889257573323305,0.9665039708252008,0.5315039478706172,0.9644312903955696,0.4901820598083362,0.9579118988918691,0.5288044123822417,0.9873364321836368,0.8410397610823426,0.6263319107522558,0.906543471850329,0.8526730342747174,0.855342581976174,0.8272934391659736,0.8824245419081023,0.9272638600118133,0.8410397610823426
p272_I,0.559048176286455,0.7385889876688907,0.3241200616866692,0.911289647238362,0.8399134433261004,0.7646343017371666,0.8021895354707598,0.8203520625377088,0.6968509431824828,0.8746288432976692,0.7784914170247148,0.8637151821288627,0.8347240030058893,0.6823779573693873,0.9422949886936298,0.9176955557954506,0.9552016686278094,0.6180279585400288,0.9174879696874246,0.7889020793904015,0.6337557873923253,0.8669466104824923,0.8155539757981617,0.9375392388282304,0.9024875416100445,0.7840725527723562,0.8451590141996453,0.795547717463851,0.8262875324250604,0.8933587036225319,0.8704236397275078,0.889325715929772,0.6967007929452264,0.7441955253353556,0.8995853467709884,0.9397068954970855,0.7240386905967504,0.7504150987425129,0.8812473067855704,0.7221748726491212,0.6466089150015149,0.7883124876833467,0.8812473067855704,0.7255342655376824,0.9276910050207684,0.5020109410726117,0.7359365694375493,0.68637754914493,0.9711439321333816,0.6589878493055454,0.8563822015167812,0.24059265007336905,0.8070686869526491,0.815124675441804,0.8198704548791864,0.6224157668132209,0.7980426047213924,0.8399134433261015,0.8872058356970587,0.6623910627797636,0.7039100716877229,0.6145154950750156,0.7840725527723569,0.7153757869206805,0.862232927318646,0.7370812073727264,0.9881562591687436,0.5883106787142718,0.5989826293769465,0.953189253391297,0.7548442658234584,0.563740016613683,0.8399134433261004,0.4670182035471728,0.8399134433261015,0.434109953197251,0.7159500210071938,0.8812515305002847,0.627634475250544,0.882673765562921,0.810468129073004,0.7792443702251052,0.9508688959068814,0.8019970319823728,0.8399134433261015,0.6839803729783143,0.9568907017963273,0.8109800177592326,0.9647707001797252,0.83472400300589,0.8399134433261015,0.8161646208839831,0.6120175812680184,0.7395008329078723,0.8325878889823024,0.7383340212335324,0.7482334221078928,0.3134312151287789,0.45860786823540045,0.5859945075020643,0.9986531684209496,0.863117355928886,0.7722191842821255,0.9642006166535761,0.9332721950266079,0.7389815511680626,0.6019374320939705,0.42556688865684,0.8013966443800906,0.5272596910758012,0.6943837850001269,0.9778918280430055,0.5991184780602916,0.7858894947382411,0.7359365694375493,0.509181845730819,0.764841125132967,0.8683043280893405,0.8039807896790844,0.5810400310643657,0.7445680300688005,0.8226626335918256,0.7297533167709557,0.9800602114919321,0.7330086294414949,0.7685085802028115,0.6932730478172033,0.8206027479074051,0.9333465640103242,0.8688949526620646,0.5989871569967709,0.7359365694375489,0.8141826543533125,0.8812473067855704,0.8247130225158625,0.5686046843266173,0.6802842946580199,0.8141826543533125,0.7482956255273312,0.8578802781954207,0.49082962006439157,0.751516626355742,0.7502809829467643,0.7047325762323122,0.8259505307504562,0.7182438597504208,0.7448997369624502,0.583976904395076,0.7798870083823579,0.4950776559191311,0.9867852024016464,0.7759863844447474,0.8758072677690262,0.7385627892974,0.9789002264182657,0.7798870083823577,0.8531036128843144,0.597887165275166,0.8322552150648943,0.9652120168972631,0.8970402885373513,0.8631173559288862,0.7792443702251051,0.4541276330881696,0.45957982869743286,0.851064786350952,0.820602747907405,0.5262668891429778,0.7343256807960641,0.7044749407950666,0.828049032740553,0.6724259519035646,0.9317829805210971,0.8699233631659476,0.9458365005006755,0.8800181089626264,0.8460854022796798,0.7702593023399316,0.8901738716377341,0.6730049521238428,0.9103676853722604,0.87439189081438,0.8676064557793455,0.8347240030058896,0.7125887995137103,0.7317657499384516,0.5668488982647655,0.724754307811508,0.815124675441804,0.9663127810661231,0.8296609453116082,0.838652515776156,0.2576630730702084,0.45290712468707417,0.9021199317695396,0.8399134433261015,0.8452423104895885,0.8317070600826403,0.7036963731744641,0.4431385083580426,0.7901997317581646,0.8927063612518358,0.8399134433261015,0.3995800685713987,0.44007767079202775,0.8746288432976694,0.8399134433261015,0.6889643538996826,0.7523440914207298,0.6740153841434711,0.6625017664630501,0.8171461096436197,0.8637151821288627,0.8399134433261015,0.6588214752296273,0.8399134433261014,0.6018994975786547,0.3854279393557639,0.3356234350902403,0.8399134433261015,0.8354117897166413,0.8399134433261015,0.7070112831901787,0.9618958038445815,0.6351057609044437,0.36117562844539,0.8825210710884404,0.39407341482825986,0.8296609453116077,0.7186850602712933,0.8058941123210304,0.9201390099587958,0.7306831848111142,0.7338857195759936,0.7812391399403223,0.837639545604753,0.7534147528233297,0.6384108906887671,0.7477117506151464,0.9660206703631764,0.7329189478805072,0.8247130225158623,0.790984992857284,0.8860996110792339,0.8399134433261015,0.6933452337724906,0.8399134433261015,0.9704348342328994,0.8008776071541576,0.8563822015167815,0.903450797855955,0.38127351057834946,0.876007953269136,0.7292142083652791,0.6063717276001773,0.7599584311448851,0.8298714737624997,0.5626136511254387,0.8507258744656065,0.808926091442445,0.704732576232312,0.5774801189965812,0.83472400300589,0.862232927318646,0.6223216010225164,0.8812473067855704,0.742508911881326,0.8763703068354347,0.9052103298201706,0.9925658955532999,0.8365092949966533,0.889325715929772,0.5916889180279079,0.6958494688332633,0.4795350111796247,0.7389815511680626,0.4741085218319463,0.9599223088314126,0.9353254990893862,0.9436961503050547,0.7389815511680626,0.9238342457570071,0.5445405252886182,0.8638877870505536,0.4500443482166121,0.9945302617361712,0.704141372814715,0.7338857195759936,0.41777476733512553,0.6623910627797638,0.704141372814715,0.8949125525517202,0.2954592896873438,0.8460854022796797,0.7643619295491553,0.6270270363221955,0.2841427411046159,0.8647952914535135,0.9397068954970855,0.9592572502158769,0.993777482995587,0.7752683943150152,0.7482956255273319,0.38958850126654676,0.7306686948650132,0.863117355928886,0.6769077709247109,0.7366498014329848,0.47269107447807623,0.7516295783390081,0.6354777446158222,0.9653917601645059,0.8070322905863555,0.7773772104503933,0.8330016336232053,0.9384438915290361,0.7500265329051106,0.8636729854597188,0.9346237023023978,0.7523440914207309,0.6008971239691403,0.8507258744656063,0.8399134433261015,0.8563822015167806,0.8318499072920877,0.9910377603949916,0.7389815511680626,0.862232927318646,0.9913289222562709,0.8399134433261015,0.680400681102644,0.8683043280893405,0.8826737655629211,0.6282736808318862,0.6475029950163671,0.9591113433131788,0.8563822015167815,0.5551029589455734,0.32999017018131205,0.9271638594441997,0.8198704548791858,0.46866271357547173,0.8507258744656065,0.8244907184259171,0.38357491052377446,0.8151246754418042,0.7182438597504208,0.8826737655629209,0.4021104303363989,0.8744023074844762,0.42833539417998345,0.7626270233785224,0.83472400300589,0.9603826346492822,0.870179094693638,0.3918685229458161,0.4734187945648958,0.26090241490376154,0.8399134433261015,0.6234387509398018,0.7801055081046449,0.9714083933984268,0.862618412617328,0.8746288432976694,0.5947511106247547,0.8399134433261015,0.8399134433261015,0.7798870083823577,0.732301336330901,0.717922380606242,0.8399134433261014,0.9384438915290364,0.8399134433261006,0.8597986628926628,0.37483514578045896,0.5555427558474451,0.7722191842821254,0.9452343888787635,0.9424449052201409,0.3396013003267502,0.4374594442272175,0.8399134433261015,0.3352774988678294,0.9492279797357286,0.4112860702670589,0.394161721399352,0.7766072513798858,0.9680197805728645,0.704141372814715,0.35730105176534077,0.8399134433261015,0.21014961140502297,0.8760570894935278,0.9830959889567326,0.6837439631074816,0.8452423104895892,0.37197612220206266,0.8041294045398011,0.8399134433261015,0.7399286131505118,0.5394615435795309,0.8399134433261015,0.8018249048729209,0.8290020363034398,0.5173342251821846,0.263849609509179,0.3766806749022218,0.8399134433261015,0.9830218318349387,0.7434344310480545,0.8981226977544038,0.9098978916086212,0.6293221732047494,0.7256388066446304,0.7110385499927911,0.7550833400338026,0.7041413728147147,0.7989426079415443,0.6580890508816981,0.8397712046798789,0.5499701755579474,0.9325589500908225,0.20692436357463095,0.8211875909760824,0.7153521111143408,0.8709854345232517,0.8399134433261015,0.8460854022796798,0.6295965843102198,0.6058151108803143,0.810468129073004,0.8988721758986078,0.8296609453116082,0.8879007131821528,0.9067735960486836,0.8296609453116082,0.9840116439758553,0.7722191842821257,0.9486060873815052,0.3827955592520049,0.8777443390364962,0.8683043280893405,0.5158381353487003,0.8746288432976697,0.8151246754418033,0.7913367469164447,0.7597741283376784,0.791448315744843,0.8746288432976697,0.6128472775888723,0.775915078786896,0.9801794739497552,0.7883124876833469,0.7411161192530754,0.4625572392312035,0.9585029457973887,0.753959517848634,0.7688726736855895,0.8096028784405533,0.8268160586726901,0.8376395456047532,0.8361581574418968,0.7849858404243306,0.9623669123669123,0.6543891557337926,0.7456673523859141,0.9552016686278094,0.8704595112136169,0.8064549587768487,0.776558048394854,0.8401821221942172,0.893839277621234,0.2662787516423356,0.8618481858107894,0.4639345588602657,0.7926104337466326,0.8397278942346019,0.8668636752410743,0.7677317660603831,0.951353558678268,0.6129686169847088,0.8427697415463263,0.7172975197462164,0.9531892533912971,0.9428646599032043,0.7081923052252781,0.8296528763467039,0.968860618412684,0.7626270233785223,0.6800950325574,0.9222692303427624,0.9040056117932131,0.7451062634081922,0.32022499276332517,0.6273177404042978,0.7304083101495109,0.7883906683954576,0.456303331859087,0.9437221886753548,0.8247130225158625,0.5409999094735323,0.8399134433261015,0.7269481442351546,0.8399134433261015,0.8399134433261015,0.4287531787392225,0.7969703620943669,0.8744023074844762,0.8399134433261015,0.39936444400471516,0.488599528710592,0.8688949526620651,0.9413078010907814,0.3042555534501702,0.38250570849197163,0.9804540883698296,0.6933452337724908,0.4954545454545458,0.9541562193724058,0.9596789508357533,0.8964678380224957,0.780105508104644,0.5179347239293561,0.5883106787142713,0.894622412188754,0.8467276077778301,0.8860996110792336,0.8204439893792845,0.7611830549390037,0.8392480145030836,0.7359365694375493,0.9981163816765461,0.8058941123210293,0.9311326911882758,0.6702506025078592,0.5364011421503205,0.6501368982557287,0.7039100716877229,0.7969703620943662,0.8292479803172148,0.8507258744656063,0.8310602105669127,0.8471012617149394,0.9247236409355217,0.5493328007284872,0.44729729729729695,0.8893257159297723,0.8282378877314172,0.824713022515863,0.991375554667862,0.634808735937171,0.9623377431332976,0.37288916174654574,0.5610911087074104,0.8433272776210027,0.26603644836772045,0.6120889324655652,0.6933452337724904,0.32765855910802877,0.8669466104824922,0.7256388066446302,0.862659431266001,0.8399134433261015,0.7153521111143408,0.8151803561408062,0.8399134433261004,0.5774226929346775,0.8310602105669123,0.8860996110792339,0.6910170377739012,0.4519899418907144,0.9907081931481025,0.3843081297625579,0.7889020793904018,0.430036795113685,0.9646082992863594,0.59375292977886,0.8296609453116082,0.9384151690330195,0.6501013660074388,0.8591530377748239,0.9115396548655941,0.6798045225117684,0.6221653996775232,0.36261981381714836,0.5692379160688963,0.7539595178486337,0.5211660387715884,0.43409541694469467,0.7636263905985348,0.7515166263557429,0.900101915716712,0.8760079532691365,0.4124771185424193,0.7812720595012719,0.6788808260434287,0.83472400300589,0.3693086686106446,0.37356704752838066,0.9599402826694066,0.6956436413152325,0.8507258744656063,0.9420130969013341,0.69400367693531,0.6739574384872624,0.846904139031722,0.7664657132339868,0.8260729622142458,0.9450302180214636,0.6500412751802518,0.8347240030058896,0.7482956255273316,0.9220202535048391,0.8399134433261015,0.9047859115164789,0.5954872071103575,0.5732122336709822,0.602110367357936,0.8399134433261014,0.8045197978837597,0.4577324826110035,0.7039100716877229,0.7557478947704017,0.3991640315328455,0.6193467972050573,0.6875312204759028,0.8378915397565831,0.6133386935440895,0.7579673062554912,0.543194356504594,0.5293358883028871,0.7269481442351537,0.48014260437696,0.775752542088108,0.9902981424202228,0.9854458139033986,0.8039807896790839,0.9254149118832258,0.7470490614312024,0.8433272776210029,0.6335804378125831,0.6447058294465046,0.8318910877270138,0.9258291662834295,0.30903066932138556,0.8683043280893405,0.8399134433261009,0.8562263088127955,0.34692190844270443,0.4541276330881696,0.83472400300589,0.8141826543533129,0.8522236861229033,0.83472400300589,0.83472400300589,0.7642693236079957,0.8399134433261015,0.8522236861229033,0.8892013431676742,0.8399134433261015,0.7792443702251051,0.9327270925417752,0.8683043280893405,0.7041413728147147,0.8964678380224962,0.845242310489589,0.83472400300589,0.4464838370727061,0.5668488982647655,0.7969703620943662,0.4988700550561185,0.8399134433261015,0.8927152748016023,0.8949125525517202,0.7078868375537279,0.5421352516453977,0.7756214617636183,0.8817866859835519,0.7855699761558452,0.8013966443800904,0.8785781813150465,0.8778112237758886,0.7722191842821244,0.8688949526620644,0.7753981027060408,0.9131425393790953,0.7489983266712621,0.881251530500285,0.9888905370951696,0.9383218644177964,0.7677317660603834,0.8381944292939213,0.5567439083216597,0.8399134433261015,0.802055136004569,0.3890322847676839,0.8746288432976694,0.5127364241106802,0.7351163597714814,0.9326315872380699,0.5522843493362055,0.8296609453116082,0.44413522867619903,0.46210608329465863,0.8399134433261015,0.8399134433261015,0.9022452837148784,0.8787303135635238,0.6559962558345237,0.4213287952000555,0.5124582379970208,0.44658589135696414,0.0,0.3689835040335172,0.7883124876833465,0.5016432958714396,0.8399134433261015,0.7902904933221351,0.7153521111143408,0.8812473067855704,0.37197612220206233,0.7389815511680626,0.48115912892726254,0.8399134433261015,0.8399134433261015,0.3515296658642044,0.8020551360045697,0.44096761078783153,0.6404517262695445,0.5453154733950087,0.3887331453046494,0.7936302277196012,0.7325675049004718,0.4916654700689784,0.5256862725581245,0.8399134433261014,0.8203027506943795,0.42512847285043653,0.754804333376298,0.9040056117932131,0.8332787167611997,0.8653287075588869,0.94229498869363,0.8824670836883294,0.845242310489589,0.33351742718721034,0.8399134433261015,0.4537756743003716,0.9817104390433371,0.6829140837866348,0.8031063068137302,0.4355706947421498,0.8151246754418033,0.7003722788668685,0.5915928153467684,0.862232927318646,0.9583726618018055,0.5803090926688133,0.8247130225158625,0.8262875324250603,0.8806088165171151,0.7840725527723567,0.5016432958714396,0.8563822015167812,0.83472400300589,0.7755123295718844,0.7757525420881084,0.8203027506943794,0.8751866702900588,0.8812473067855704,0.8785781813150462,0.9599402826694068,0.8812473067855702,0.9549474633123823,0.8089393498770416,0.6725968735750862,0.8399134433261006,0.8636729854597192,0.9172788069742582,0.8058941123210297,0.6201728644994022,0.7235579458438709,0.8347240030058896,0.887202855254529,0.6823842755519651,0.9701638328331279,0.6672334268142969,0.8793488634596527,0.6803517501402232,0.6178986378717386,0.8399134433261015,0.7997631355774061,0.9592572502158769,0.478566032477167,0.8746288432976692,0.9052103298201706,0.8401821221942176,0.8476029491628838,0.8399134433261015,0.3843081297625579,0.2660364483677202,0.7926104337466322,0.3880965457520489,0.4537756743003718,0.41049295773867434,0.7482956255273316,0.4790283263449022,0.7456213771089333,0.9389699513078366,0.603601042316134,0.7913367469164444,0.7026977981486346,0.961366741446757,0.8155539757981617,0.8617270394494576,0.9279617397523308,0.9485103812711759,0.5055557139913642,0.798857424647029,0.29765712086650087,0.9810708463392349,0.83472400300589,0.5022779161748268,0.5057590549396871,0.7214174702460903,0.29609534470551946,0.3225715465003187,0.8399134433261015,0.35905722409394203,0.4637602886744905,0.6615678037449345,0.8399134433261015,0.5090090090090094,0.965272321931663,0.7389815511680626,0.9422737353846684,0.83472400300589,0.4116529824919467,0.8300648211329423,0.9002521798657003,0.8676064557793456,0.8577071180623881,0.718685060271293,0.26131640089816954,0.8399134433261015,0.9693431399377672,0.8399134433261015,0.8683043280893405,0.7622039267884706,0.6354777446158217,0.8812473067855704,0.7892792459601399,0.5132462577658614,0.7182419681812937,0.9320998008628142,0.8399134433261015,0.6182757470319706,0.5936460893705511,0.6090700968211648,0.7849858404243295,0.8008776071541595,0.8141826543533128,0.8732629623629596,0.7596681204982023,0.7759150787868947,0.6623760983136735,0.2968616550701295,0.7759150787868947,0.5575170356226744,0.7153521111143415,0.2999815614718867,0.7759150787868947,0.8812473067855704,0.7840725527723567,0.845242310489589,0.8226626335918261,0.6724259519035645,0.7807465126855617,0.8743877471202743,0.8394041876778962,0.5289255975910461,0.9664909642663855,0.7292142083652808,0.7798870083823577,0.8637151821288629,0.8310602105669131,0.6018994975786542,0.5158967283737703,0.7168464637532288,0.5417168194501625,0.7407268560990483,0.4456171836070254,0.857976177822354,0.876007953269136,0.7359365694375493,0.7422042837001102,0.9521744690474047,0.9867286320076913,0.8110157197895254,0.8249281413812035,0.7153521111143413,0.7269481442351546,0.7824379849264798,0.7676249244490603,0.9247021165558647,0.899197534530654,0.9373413118403435,0.6897336132482452,0.8531349059417332,0.8018249048729218,0.7125472808372362,0.8487701787965651,0.7118679683671386,0.6273177404042979,0.7036963731744639,0.9335513334987283,0.896467838022496,0.7941071143939147,0.7755123295718851,0.7840725527723562,0.8797343497299446,0.6693627162628186,0.9751732894430813,0.7742998477170242,0.9869045119835431,0.6243512468113595,0.7416602175433995,0.7593994892724845,0.8672022361501446,0.8869717286171062,0.8507258744656063,0.7855699761558455,0.6580890508816979,0.7716661136923273,0.8949125525517203,0.9013534775563412,0.612536503916207,0.8865244259028497,0.9728037245017033,0.8317070600826404,0.5781940950073059,0.9933169682392367,0.6735816209802798,0.735936569437549,0.6414026970287043,0.660315149106144,0.7611830549390037,0.6623760983136735,0.8376144174788165,0.9086325472740335,0.8746288432976692,0.7972056775936733,0.8683043280893403,0.8873737209641777,0.7269481442351537
p272_T,0.7330862574431232,0.7687832118149229,0.5735086096314803,0.8330337220426711,0.7746731083112833,0.8514803618114826,0.9976374754017603,0.9544781831079094,0.5195861617639557,0.8013187333394383,0.7629594400487258,0.7932120905227914,0.7380797521925806,0.7538846522197193,0.9795650579657534,0.894668959904958,0.9638839861838282,0.7299474608183198,0.9710788548916569,0.8787507296974193,0.7241760391969401,0.8050970917475231,0.9072663957425002,0.8425088200665598,0.7516140668369251,0.6578101387081428,0.8069334316128935,0.6386600819376909,0.9142985671377684,0.759295598011116,0.7269560129958412,0.8037267002889845,0.8257926585323712,0.7663991909330121,0.8030425267779874,0.9371324044276088,0.8357036456249929,0.800255621319889,0.8118073077748236,0.7677548316298355,0.6361256527972219,0.7312205144690782,0.9988697135602091,0.7279256452221212,0.9115671346601832,0.5822075675181466,0.8133083257720886,0.5688586987452746,0.7247127539531704,0.45958282727276334,0.8663751691456347,0.486179364869209,0.6796759387250548,0.8935920130041928,0.8932999321303233,0.7619307969165032,0.9314862702261049,0.7997856146881548,0.6530826013197233,0.7869631914283184,0.5307730777168105,0.6258015814977322,0.8983339388941771,0.8976726862915101,0.8276997747581216,0.4871167991065741,0.8830309554277649,0.6828023783544747,0.8716599289785263,0.8692395034995124,0.728752065130899,0.7247127539531704,0.9165202006448042,0.22251524960272595,0.7997856146881548,0.5524660344882761,0.781167988397534,0.8118140012840132,0.3806555399756105,0.8514803618114828,0.8950586313042617,0.8537089417527384,0.7299669570536458,0.9486054609874393,0.7997856146881548,0.7319571482244447,0.9486717118474561,0.6758637453539256,0.8336091713281256,0.7932953720006317,0.7997856146881548,0.6358898072505603,0.6133895946432328,0.5559829524496238,0.8946864911983003,0.8323394662787409,0.6112856497069958,0.5718862459929148,0.26263856002860375,0.3065289186423975,0.7831252310802033,0.8435406859332615,0.828155033154859,0.7103973304413764,0.6311504248527713,0.8352930530354636,0.6686980903314257,0.26916040610976755,0.7087277969842822,0.23398113066343007,0.597284047863677,0.9979851612778791,0.4550256824007126,0.6606895277217406,0.8133083257720886,0.30742985773869447,0.843668492528485,0.7912959918600065,0.8888928429685592,0.358544762738606,0.8546130005316758,0.683824882237388,0.7985408612872549,0.9097420887903106,0.7955448608690556,0.49883468235387785,0.8064502334151338,0.9337528140556977,0.9586091055134223,0.9276811049272778,0.4071358652808166,0.8435406859332613,0.8203824865711145,0.8118073077748237,0.8069334316128935,0.5989104987517337,0.6150354648275004,0.8517067209994402,0.8517067209994396,0.8137954530863196,0.51273707749492,0.8432028922570698,0.49966776313849215,0.6217131702224916,0.7850919564785495,0.5889948535211791,0.6689674093633677,0.3018680258171942,0.694219197411847,0.28115266177640996,0.9142985671377684,0.5993066072372663,0.8612918701769758,0.9593189311333745,0.8830309554277651,0.6726981585735141,0.6975448781401634,0.752741496894382,0.7296837560209684,0.6235837171895109,0.8429375532850888,0.8737730460944353,0.8084755552232255,0.5031326528575557,0.6753948141440862,0.6893051960971961,0.7020729412722366,0.7015124111707935,0.8740965494302184,0.44907323222450757,0.8726082569541471,0.7932953720006315,0.7929860856457894,0.7270917310693941,0.8030955330179421,0.7953243414180147,0.9031859539635605,0.9319105898567981,0.8779536316727006,0.6584705527964609,0.9356198067586343,0.7192535934158848,0.9102918360624044,0.8483444288530017,0.9190617986018819,0.503832956614946,0.39902554129599777,0.6080518776487497,0.8935920130041927,0.7795950173098771,0.8373851453596681,0.7218335136954409,0.49926780638524804,0.30378133471510615,0.8866919213593047,0.7997856146881548,0.7840019956468417,0.9479567613763247,0.8488070142495826,0.5945917608694331,0.6467264201300067,0.8483444288530017,0.7997856146881548,0.5658316094946381,0.2793836449994428,0.8013187333394386,0.7997856146881548,0.8549911785817415,0.6321557435807221,0.538923808584424,0.7162329627622404,0.6422579343742001,0.7932953720006317,0.7997856146881548,0.9375732394692524,0.7997856146881548,0.4556842752690696,0.5061598932110205,0.543476580542905,0.7997856146881548,0.5347463013234204,0.7997856146881548,0.6239775365253344,0.8128922085956234,0.6893051960971961,0.5252772521867521,0.8737730460944353,0.19798082101276748,0.8406277147443202,0.8381857738162459,0.6923917379027141,0.7667582446985044,0.6953021107200819,0.7373360441125327,0.8517067209994396,0.8976726862915103,0.7487241767683863,0.8338509708488548,0.7882057059437189,0.8722700996747992,0.5952150734124019,0.7222149046743018,0.6235837171895109,0.8642174070176692,0.7997856146881548,0.6477984094734608,0.7997856146881548,0.5696710338177307,0.7583231986420049,0.8350509347173096,0.9931857197759593,0.19798082101276737,0.7840019956468415,0.5708736722960355,0.7516140668369249,0.6248265697926576,0.8118140012840134,0.38862370162402615,0.7634386319714811,0.5651005600014654,0.975541984103907,0.3260774976605578,0.7932953720006317,0.9118829898306376,0.6162653132628793,0.8118073077748236,0.5749714921410731,0.7277095029268921,0.8686325153177201,0.7486781121543609,0.5784230385121472,0.8350509347173097,0.5325460692255728,0.5383956933414509,0.4267246919315095,0.8352930530354636,0.18344251281403745,0.8268030677375002,0.7406254754289556,0.9896737033886229,0.8352930530354636,0.8159225095584415,0.23276118997291906,0.8928040836109319,0.6640344849783155,0.7340973847639813,0.8133083257720879,0.6991618314237289,0.11016551747444048,0.7869631914283186,0.8133083257720881,0.964470126577956,0.27944042280859904,0.8352930530354641,0.41022590778351986,0.7431373092213579,0.5482822608796649,0.8724629077919466,0.994974694644295,0.7997856146881548,0.8107969093065008,0.7869631914283193,0.8517067209994402,0.14720506590081606,0.670555707029962,0.8435406859332615,0.7247127539531708,0.8253363935946665,0.32155619956338466,0.600532996066459,0.5870972327671906,0.750496328707511,0.8407160428679554,0.728132099804071,0.6121714445727765,0.8787507296974193,0.6544177297182792,0.9498464045781176,0.8900328948677496,0.6136854084965615,0.6782794676315458,0.7634386319714811,0.7997856146881548,0.7724024658606593,0.867292946311931,0.7518132608352319,0.8352930530354636,0.9769872986834479,0.875993879495947,0.7997856146881548,0.7985408612872549,0.8591888927881025,0.8888928429685594,0.6476179287007864,0.5541658804788053,0.7858588619584688,0.8350509347173094,0.3076799732658886,0.36357222401591605,0.7750774640620901,0.714540671642948,0.43784187616741277,0.7634386319714811,0.6900507655554039,0.4683506008239702,0.7070198231901436,0.606748044632295,0.8514803618114826,0.1945832006534589,0.6991618314237282,0.15896824312419944,0.7807750058510712,0.8208615411657367,0.8655569116898254,0.5934631346655723,0.1471148208593981,0.15317483773835938,0.33540002103621536,0.7997856146881548,0.3899182864529329,0.7773436851343238,0.7427808613981535,0.901814552061794,0.8368665707797875,0.3838666384557571,0.7997856146881548,0.7997856146881548,0.6942191974118468,0.6038558917354075,0.5259041785715082,0.7997856146881548,0.9142985671377684,0.7997856146881546,0.7340973847639816,0.6109314474014389,0.30378133471510615,0.8281550331548588,0.6994257323973156,0.8768844017974897,0.3896017644029828,0.3057717188865794,0.7997856146881548,0.5463592966800475,0.7079728272628936,0.1765674943248795,0.22653962355454005,0.7395103748535963,0.6124109503733783,0.8133083257720881,0.11601952327404685,0.7997856146881548,0.28675941692030005,0.8174106608859675,0.7160005707384866,0.7477377056789198,0.784001995646842,0.3724668004212046,0.800255621319889,0.7997856146881548,0.7212327831290956,0.5898062568681977,0.7997856146881548,0.9398124854961587,0.5497400023525176,0.5976196986542723,0.3339672141507899,0.08583824056344702,0.7997856146881548,0.8838320102129411,0.5353034587617076,0.9253562380373368,0.6407726573005437,0.4828993891996598,0.5536873580591479,0.5595023122553147,0.6385455427389395,0.8133083257720886,0.7030147220539484,0.4480627928916937,0.8381857738162457,0.34440488753158094,0.7309894810428215,0.5042971710587754,0.9302932697179189,0.8203824865711142,0.7736790608521438,0.7997856146881548,0.9031859539635605,0.7780347505088454,0.5362761966502141,0.8217767894513307,0.7979692103946394,0.8406277147443204,0.6835620217848595,0.9887758811158548,0.8137954530863194,0.8850958431369449,0.7997856146881548,0.8686302527663394,0.5671189622260879,0.63771653852152,0.791295991860006,0.28502409328764844,0.8013187333394388,0.8068668641415593,0.8381857738162459,0.5702481220997732,0.829026195097512,0.8787507296974193,0.664235468345058,0.6386600819376909,0.8074381007030327,0.7574805791473855,0.781167988397534,0.6666410935334719,0.9750651530996967,0.9282071075565539,0.9140193758849031,0.9641594493135244,0.8989423282822513,0.742700142653846,0.8950586313042617,0.6457177570871888,0.446312811758399,0.509087747107777,0.7102232801753998,0.9576407365307045,0.6418278918778256,0.6777806672275941,0.7514336613868338,0.7618072727464015,0.8151588998408283,0.34324282521465,0.8217767894513307,0.4420025963952946,0.7391905794816451,0.684441858305366,0.5772630978978185,0.8737730460944353,0.9379847863492365,0.5242930753096755,0.8829415071909774,0.82443359062081,0.9610282441802468,0.7033314899530767,0.5687499231061548,0.9253562380373368,0.8386462454227768,0.8592502831365385,0.8069334316128938,0.8663751691456347,0.8252424423240547,0.7653048875750776,0.3752860654574116,0.6567357718457525,0.7932953720006317,0.7932953720006317,0.5310336923820462,0.8301725319647222,0.8069334316128938,0.5509474074462085,0.7997856146881548,0.8276997747581223,0.7997856146881548,0.7997856146881548,0.13209777328001782,0.9533201436933367,0.6800747250793262,0.7997856146881548,0.39369176502719916,0.22805719624061094,0.7767935337261649,0.8183653445521999,0.5611078550533803,0.3454592114698176,0.9242336204244583,0.9320552009096104,0.23908895691860876,0.9443740065552879,0.8872243687398897,0.9253562380373372,0.6263593261677913,0.5727736640082235,0.535303458761708,0.7043761956435879,0.9699110437677702,0.8373851453596679,0.7601164490483979,0.860251929184527,0.6705566264455376,0.8435406859332619,0.7559718344502144,0.7641790479526792,0.9130932897858537,0.7921320258654094,0.3748354590976528,0.7595526960817365,0.5650398424770389,0.7012767466753902,0.9745056104402343,0.763438631971481,0.8768844017974897,0.8357036456249922,0.9538288790269609,0.3261599582591247,0.42053637585010506,0.8830309554277651,0.6112273743013539,0.9314823107688823,0.6647345479934754,0.565064436697662,0.903560048661052,0.24958664757862103,0.7299669570536453,0.8514803618114823,0.28393453349983677,0.3896181047220607,0.6979613726680749,0.37261861419489195,0.8050970917475233,0.6573692982737386,0.7971737410946889,0.7997856146881548,0.8203824865711142,0.7319982377661789,0.8030425267779876,0.5483745291342126,0.7163208412527009,0.8105528837016676,0.8329166658940548,0.359786653356887,0.7921320258654092,0.06116739902729562,0.8787507296974193,0.23520568488201676,0.9439131925395491,0.360827143926322,0.8137954530863194,0.96991104376777,0.8125372981929976,0.7952638688103248,0.7632421686937121,0.7319911848711549,0.6800641188545509,0.29052706921509586,0.3447989847572239,0.7182489377681307,0.486319963790242,0.4666051622694607,0.625408193110025,0.8432028922570702,0.8220042585124196,0.8425088200665607,0.5833187675783331,0.6812403849365365,0.7317412778828332,0.7932953720006319,0.2818120495685381,0.4249245322598396,0.9263053241256367,0.5420135386715705,0.8239033522938279,0.807449327707711,0.7453080895942887,0.8019413536155189,0.9233046902164708,0.7449953235979145,0.7791179886597768,0.875018082634227,0.7873867206663687,0.7656459213576859,0.8517067209994396,0.8888928429685599,0.7997856146881548,0.7854862972774145,0.5248299077300236,0.47965855132401747,0.6848496741376331,0.7997856146881548,0.6107452748075315,0.4083983660846333,0.5479064600969242,0.7143101173082436,0.6208625925272284,0.6202945078457902,0.5097329674266351,0.9543137997451079,0.7353156894458193,0.8866919213593045,0.4919117552153449,0.6932805363087831,0.8276997747581221,0.6833620812650101,0.9314862702261049,0.9040054062556087,0.6659715232212065,0.8888928429685592,0.7843406499465574,0.8406277147443209,0.8888928429685596,0.7687832118149227,0.761930796916503,0.8281550331548588,0.4940420727221748,0.5590846491506722,0.7912959918600063,0.7746731083112837,0.7402499446026913,0.3667753849220097,0.23311862137313188,0.8208615411657367,0.8830309554277653,0.8330918573747159,0.8208615411657367,0.7932953720006317,0.9954444670658378,0.7997856146881548,0.7483733304361245,0.9970242343442942,0.7997856146881548,0.785858861958469,0.6157811909028352,0.8931353432521508,0.8133083257720886,0.8142265265514224,0.8132554078567014,0.8208615411657367,0.39188468960225253,0.30457039132874997,0.6782498726999725,0.244589045260163,0.7997856146881548,0.6514177669623271,0.8435406859332613,0.7632421686937123,0.32326664597995614,0.6734713457655377,0.8692395034995122,0.89421047004471,0.7087277969842825,0.9430265494836039,0.7985408612872549,0.7997856146881548,0.9245562143994439,0.7678391641477351,0.8262335795065674,0.6708121135376439,0.8606685625193011,0.9371324044276088,0.7247127539531704,0.8435406859332621,0.7205390604387203,0.28892082257568164,0.7997856146881548,0.8848938700882669,0.580240555372161,0.8013187333394386,0.5015634477734816,0.7807750058510712,0.7629594400487256,0.29885233862780236,0.8406277147443204,0.44454212628313283,0.11915113401723787,0.7997856146881548,0.7997856146881548,0.9172675368210377,0.5373087122573292,0.6833620812650101,0.5669480521617496,0.292577407179507,0.5325434475492832,0.3689835040335172,0.0,0.735250191913319,0.22674046439890427,0.7997856146881548,0.9700499580711579,0.8203824865711142,0.8118073077748236,0.37246680042120417,0.8352930530354636,0.38487878727570346,0.7997856146881548,0.7997856146881548,0.1629942850650774,0.8281550331548588,0.14248729018402073,0.7572388850475453,0.47671944171407343,0.6034322736104358,0.9650452662581608,0.7015124111707944,0.2496832373913589,0.4905943267500441,0.7997856146881548,0.6659715232212062,0.10141814972989505,0.8357036456249927,0.8931353432521507,0.9477983792017096,0.8728793860486023,0.8251498398119586,0.6942110584828116,0.7547485834369834,0.5394415937624011,0.7997856146881548,0.17214878470762918,0.8829415071909774,0.5138464883463463,0.5837455694960689,0.4971833440911837,0.7569433436658511,0.5251665795611059,0.5171612548912365,0.8142265265514221,0.8189486552144398,0.3531307846304499,0.8791654592452371,0.9142985671377684,0.8701572661212604,0.9486054609874393,0.18959617652874738,0.7724024658606596,0.8208615411657367,0.5386344040132265,0.7082083489909896,0.8322045389786448,0.8022027466670684,0.8118073077748238,0.7767935337261651,0.886632270088978,0.9614572324031321,0.6331991180703951,0.9675632022992455,0.5291662808895049,0.7746731083112832,0.84320289225707,0.8050970917475231,0.7641790479526788,0.47852862002913277,0.851329695744854,0.7380797521925808,0.7717916514820913,0.7862257205477499,0.9302690566961371,0.659315815213602,0.8640684623201609,0.5936912558847276,0.631567145974665,0.7997856146881548,0.6046992084410201,0.9448896191115084,0.474565162724751,0.8013187333394383,0.8423724506394116,0.7165738862168898,0.6467479871329525,0.7997856146881548,0.2578702298518165,0.30854440468782895,0.9201241255996965,0.06720409690467899,0.17214878470762918,0.10292617149838112,0.8517067209994398,0.3871077264777313,0.9837673011282627,0.8793298461084246,0.29407757053000905,0.7921320258654092,0.43368133128760444,0.9263053241256367,0.8381857738162459,0.8565244516215631,0.8101000525862543,0.8323179481448337,0.24643830451742144,0.9341768972380842,0.3399427228717433,0.916520200644804,0.8208615411657367,0.32776243230021795,0.48023339008025356,0.6385455427389397,0.26175650645424453,0.2523977977221957,0.7997856146881548,0.15091968923817012,0.48870854141783626,0.7340973847639816,0.7997856146881548,0.2133125210103144,0.9279408073823006,0.8352930530354636,0.7921320258654094,0.8208615411657367,0.5121447752166031,0.7452733387757942,0.8687849143720281,0.8890974018987041,0.9349575987129739,0.8381857738162461,0.3370137379550209,0.7997856146881548,0.8678786778783183,0.7997856146881548,0.7912959918600065,0.6486102863643466,0.46726311093110007,0.8118073077748236,0.7964643822804713,0.7481920780265425,0.5931319253623056,0.7143101173082433,0.7997856146881548,0.708425842817497,0.3560328244556197,0.5830937738440998,0.8668527074608936,0.6844418583053664,0.8830309554277653,0.7043761956435881,0.6191353458459129,0.8946491389198694,0.46495233667510705,0.24017471404948854,0.8946491389198694,0.7143101173082438,0.8203824865711151,0.5633425521416342,0.8946491389198694,0.8118073077748236,0.9267396609705274,0.7840019956468423,0.6085234259275416,0.7932953720006317,0.6592199883021935,0.7632421686937121,0.6467264201300056,0.6844418583053662,0.9085186124541542,0.6074350145019602,0.6726981585735141,0.7656459213576859,0.8359663580026456,0.7525022404847833,0.6945228498525058,0.6452967241645409,0.5495151570101031,0.9356198067586344,0.6386065120392133,0.7892758704681684,0.7840019956468418,0.8435406859332621,0.7739744105791286,0.9452680583634527,0.8678786778783184,0.7562001964287595,0.7170666304828501,0.8203824865711142,0.8276997747581223,0.9549780407516358,0.6317448481358168,0.7511719521476026,0.7773436851343241,0.7043761956435881,0.889268704746898,0.8454676557375844,0.719346951986615,0.828155033154859,0.6322882256027764,0.679044327703126,0.7472267399240065,0.535923602803591,0.9342296847019944,0.8276997747581218,0.8327715758345431,0.9418724598040054,0.6796759387250548,0.8854087088983609,0.7505568988217279,0.8813259966981171,0.9678454056750667,0.9345359375119848,0.7629594400487258,0.9323994457325573,0.875993879495947,0.8789515489716032,0.7745457645539502,0.8435406859332615,0.8357036456249929,0.44806279289169304,0.6381491010659752,0.9342377664167825,0.9464573347338471,0.4134161890998683,0.8152709236053775,0.8674599764023219,0.8406277147443206,0.4162376029030046,0.8763256350174948,0.6331991180703955,0.8435406859332619,0.4181774365388412,0.7632421686937121,0.8602519291845272,0.46495233667510727,0.8686325153177199,0.89421047004471,0.8368665707797875,0.7438840498077789,0.8591888927881027,0.9459090298045447,0.8276997747581221
p272_V,0.9830520595117972,0.9417225646937946,0.8569246572337172,0.7794269761511456,0.9842968264073595,0.9501760208500687,0.7700938903466502,0.7815576407655027,0.8728105285248213,0.9473991727811975,0.9908966831572723,0.9306566646589698,0.9306566646589698,0.9230054833172634,0.7317567398321083,0.8484619576906176,0.8837352444465885,0.9887355796164214,0.9936745866415236,0.9473991727811975,0.9553480732732442,0.734175014689397,0.9565880742927935,0.9350697345319547,0.7428204019696903,0.9094052998937725,0.7888310913314734,0.8895085707332921,0.9473991727811975,0.7231541336352159,0.9008268910150359,0.9397435965156076,0.9244246976009174,0.7957048949778905,0.932833950574053,0.6857757893392198,0.9350697345319545,0.9366007185429919,0.9501760208500687,0.897152120806206,0.7178902468176886,0.9111842105263157,0.9501760208500687,0.8848449272091166,0.9786393975617036,0.7499333643923028,0.9373704232137268,0.8684163025748144,0.38963557932582094,0.8569246572337172,0.9397435965156076,0.968439422889336,0.9094052998937725,0.9224335544163884,0.9244246976009172,0.9443618136993994,0.4020346908653618,0.9328339505740528,0.81030114852447,0.9285324039439791,0.8757722623764215,0.7632379735095636,0.6939433014929854,0.866963168156325,0.3491960334661848,0.8589223002997532,0.7193184624017626,0.8824939460418755,0.9605753408372664,0.8089353082601407,0.7495831348205503,0.9076492093936457,0.932833950574053,0.770825665690783,0.9328339505740528,0.8498654909309757,0.9185607716438655,0.7693380158820629,0.8118216371522142,0.8462222865742863,0.9204798499326441,0.9540147404500323,0.9772059176873138,0.909405299893773,0.9328339505740528,0.8692611468985302,0.8643990948144237,0.7416798046836623,0.8884231817422692,0.9306566646589698,0.9328339505740528,0.435818197371426,0.6712294842012756,0.8081229518169688,0.9025045192170256,0.8684163025748144,0.5310337556148406,0.8512715263045252,0.7844753268914326,0.7829288289557099,0.4789292197400954,0.843260371323242,0.9642402977593334,0.6002216532435213,0.9409069832673278,0.9447456538980155,0.8719604375756267,0.7319903675768105,0.91667381023818,0.7737814949433293,0.5109756164326968,0.8871832358674467,0.7448518495622389,0.5453745157113257,0.9373704232137268,0.7134638449056481,0.9677148480463273,0.9447456538980155,0.9501760208500687,0.8123127184484011,0.8848449272091166,0.4685438701361042,0.9556365193397716,0.9745110640206993,0.9715992805222543,0.6765927051018303,0.9350697345319547,0.8164898181514022,0.9306566646589698,0.8879432507007239,0.8317507166547382,0.9373704232137268,0.889787432943077,0.9501760208500687,0.21940617264078055,0.9373903551042684,0.8400830903851957,0.996566586696046,0.9397435965156076,0.9285324039439791,0.8345915285598313,0.9473991727811975,0.7906189576364939,0.5534551944379094,0.6514645868954533,0.8817861584679043,0.9993119428479295,0.7911753068017784,0.9076492093936457,0.680499631762076,0.7301772381554018,0.8757722623764213,0.8256148430002312,0.8696234264003238,0.8897874329430772,0.9466889433536754,0.417793111496243,0.9195505082342441,0.810917693466396,0.5505031707968975,0.7189320374542754,0.9529449740547578,0.9639306993826395,0.7384796233518409,0.8933070922890565,0.5009470444787028,0.8412117840414657,0.9559231506618935,0.9025045192170258,0.8191038684576519,0.9230054833172634,0.9306566646589698,0.9059145492620324,0.6451470300087307,0.9517903183892786,0.6603372606860851,0.9936745866415237,0.8545462084867688,0.4051323057065003,0.8498654909309755,0.9158227252250266,0.8526802577712809,0.9018491285511326,0.9306566646589698,0.8382635647135586,0.6855413949482501,0.8857459219869108,0.8999738211285457,0.9224335544163884,0.9917619408419694,0.9285324039439791,0.9033840325613385,0.9464431018835202,0.8105327383163261,0.8757722623764215,0.9328339505740528,0.9350697345319545,0.9285324039439793,0.8684163025748142,0.9856431424459154,0.9417955146810999,0.9306566646589698,0.9328339505740528,0.9783906195938903,0.9681769878047182,0.9473991727811975,0.9328339505740528,0.825819292238644,0.9214489273204716,0.9322776343834582,0.8841179782180018,0.44761190982629406,0.2692511698375524,0.9328339505740528,0.8338454108822264,0.9328339505740529,0.9123618722182874,0.9735004742101092,0.967994712672114,0.9328339505740528,0.7879587276075832,0.9328339505740528,0.8387339284963125,0.9399577791589848,0.8734463907380392,0.9550912081585222,0.45936426176293843,0.7195219475324903,0.9285324039439791,0.9565880742927935,0.9185607716438655,0.37829792078177227,0.725374811036192,0.9619234929707896,0.9397435965156076,0.866963168156325,0.8836237867784118,0.8713396701567189,0.960520091269212,0.8879432507007241,0.8879432507007241,0.926456449323181,0.44122410324917305,0.9772068366488,0.9328339505740528,0.8713396701567189,0.9328339505740528,0.7371078192231939,0.988460280559966,0.9397435965156078,0.9042000439512239,0.6974438891813025,0.9350697345319547,0.8863888870954328,0.9166738102381797,0.5153497435104164,0.8579614827921467,0.8164898181514024,0.9373704232137268,0.5021068079028908,0.8303641671418636,0.7940257311310703,0.9306566646589698,0.9987511985291292,0.7219873591054384,0.9501760208500687,0.8719977578125397,0.7796408266647483,0.9111842105263159,0.8289778574560311,0.4892749956188396,0.9397435965156078,0.7996929296363378,0.7319903675768105,0.8961464143419948,0.9447456538980155,0.7737814949433293,0.9195505082342441,0.38954877821134326,0.9495322461148573,0.9447456538980155,0.8279556570938464,0.7991831069527124,0.9397007289779525,0.8949560937756023,0.38458608144432127,0.9373704232137268,0.8926744609561266,0.7448518495622387,0.9285324039439791,0.9373704232137268,0.9922127245794845,0.6665771691933577,0.8705150677206017,0.7336241514751283,0.8081229518169688,0.8484619576906176,0.9592186632769029,0.8705150677206017,0.44961153942626875,0.5457945151659391,0.8767698652367379,0.9397435965156078,0.7384796233518409,0.894956093775602,0.898102672689,0.8971521208062061,0.8895085707332921,0.7039182918227671,0.8802703877255018,0.8470607380739359,0.6532508859407917,0.7651901101184196,0.8057272055852169,0.5236831631220944,0.7946619559680822,0.8728105285248213,0.9473991727811977,0.7264558629632276,0.9214489273204713,0.8963692969443756,0.9373704232137268,0.9328339505740528,0.9397435965156078,0.8713396701567189,0.3766221826023929,0.9447456538980155,0.942198331919694,0.6692972525892921,0.9328339505740528,0.959237033712196,0.9447456538980155,0.981956748291383,0.9139909169429032,0.8017259366636651,0.3895487782113435,0.9397435965156076,0.7796408266647483,0.6303089689324874,0.959237033712196,0.9244246976009176,0.6010120026370231,0.9373704232137268,0.9272989769634585,0.6655788689288693,0.9224335544163884,0.8817861584679043,0.914089517432835,0.7121289455108455,0.5187087669192381,0.7285265936878089,0.8837352444465887,0.9306566646589698,0.997750746719945,0.4958636370230355,0.7448518495622387,0.7464276613645477,0.652030610996633,0.9328339505740528,0.8309008895017884,0.8910854332944245,0.3350731678978728,0.9937940417831581,0.9473991727811975,0.7954465711283287,0.9328339505740528,0.9328339505740528,0.9076492093936457,0.9033840325613385,0.5723629298206206,0.9328339505740529,0.9236313915934429,0.2437600360930432,0.4563753350273805,0.8640725290007105,0.7441456561526394,0.9842968264073595,0.410045123496235,0.820991068106081,0.6456903576273405,0.6497418056258502,0.9328339505740528,0.9231319767555535,0.3993563136807018,0.7267456209569756,0.7302979746278644,0.9917619408419694,0.586712334993514,0.9373704232137268,0.7303486924822393,0.9328339505740528,0.6686097112605148,0.8922690007996061,0.8137063353191496,0.7196208049218852,0.9350697345319547,0.7172337288554195,0.8439509959722646,0.9328339505740528,0.8626344708228053,0.786282822236979,0.9328339505740528,0.8991661559057054,0.9060829542906701,0.7860664458061036,0.6588904740388646,0.7384796233518409,0.9328339505740528,0.7965394070281935,0.8338454108822262,0.9987511985291293,0.6912788089092193,0.7714600184986211,0.8772638514038551,0.8787630926879586,0.5566759997052739,0.9373704232137268,0.8655153376703728,0.8498654909309755,0.8345551319705008,0.8053211845171073,0.49362399620663056,0.8289778574560309,0.9148167155454523,0.9397435965156076,0.6542781616316613,0.9328339505740528,0.9936745866415235,0.9902701807825041,0.7756690190480475,0.9647915833876859,0.9042000439512239,0.9285324039439791,0.9335570445856328,0.905730873838986,0.9285324039439791,0.8136497493371051,0.9328339505740533,0.9870038583237334,0.9460540555153263,0.4851458867083168,0.9447456538980155,0.7968646436841649,0.9473991727811975,0.9417225646937943,0.9983594330401346,0.7591155010105946,0.99462317493945,0.4722383669046828,0.9575540642539873,0.9233721476659591,0.9417955146811001,0.9111842105263159,0.9185607716438655,0.8713396701567186,0.9373704232137268,0.8926744609561266,0.5696236093084085,0.8373021566360079,0.9540147404500323,0.896616495658181,0.9204798499326441,0.9008268910150359,0.5804391647778036,0.7654961199132848,0.7250165154614037,0.926456449323181,0.7766965062765787,0.6102671049192361,0.8975213827250901,0.9129874603663681,0.9148167155454525,0.6543369388552673,0.9204798499326443,0.8279556570938464,0.9129874603663681,0.7099886298623066,0.6967792479142925,0.9373704232137268,0.7550647796145294,0.8265743977764696,0.8692611468985302,0.866963168156325,0.9447456538980155,0.7777529613331504,0.970085800496894,0.942198331919694,0.97503712153604,0.926456449323181,0.9264564493231813,0.9397435965156076,0.9447456538980155,0.8412785034651418,0.637752086579098,0.8196796534592368,0.9693318146530956,0.8693202939651606,0.7663566458364353,0.8772638514038553,0.926456449323181,0.7588487405779849,0.9328339505740528,0.9421983319196943,0.9328339505740528,0.9328339505740528,0.7603272065538036,0.9148167155454525,0.4494597349045748,0.9328339505740528,0.7479968444624704,0.7854363911327908,0.8879432507007239,0.6884264973304101,0.8696234264003238,0.9888729788505287,0.668586910927421,0.8713396701567189,0.7883124876833465,0.9244246976009172,0.8498654909309754,0.942198331919694,0.8910854332944247,0.794760768741373,0.8095211433024019,0.4728576384368234,0.9244246976009172,0.9772068366488,0.7323509000204302,0.942198331919694,0.4695725702844856,0.9373704232137268,0.41464207030195144,0.9185607716438655,0.9918372319688109,0.9148167155454523,0.7996929296363378,0.9718807580739222,0.8757722623764215,0.9148167155454525,0.894276316207222,0.9373704232137268,0.9185607716438657,0.9587973377153388,0.8814797649328899,0.810917693466396,0.8142348490514517,0.9397435965156078,0.6522802183551624,0.9264564493231813,0.7523784520946406,0.5869314246431039,0.8193145336211939,0.7046691749078566,0.9025045192170256,0.9819567482913829,0.6540507969891682,0.8442987198326948,0.8713396701567186,0.7697034367682245,0.7341750146893973,0.8772638514038553,0.8711546763526035,0.9328339505740528,0.9397435965156076,0.991099301531293,0.9328339505740533,0.7137928299373932,0.9185607716438653,0.9285324039439793,0.9398552184521698,0.7172337288554194,0.9180978494651831,0.7416798046836628,0.9473991727811977,0.6746184908066818,0.9204798499326441,0.8234322943673018,0.9285324039439791,0.9707495588862809,0.9010466018155183,0.7434943064820541,0.3485214981276791,0.826265964607914,0.8414753995128563,0.7350029746610575,0.8192691002838122,0.8926744609561266,0.7767195799489961,0.7137928299373928,0.9008268910150359,0.9473991727811977,0.40231461417756087,0.9350697345319547,0.9735004742101094,0.9016719843861534,0.8583462338175079,0.9306566646589698,0.7371854892425702,0.671309213669925,0.7104878248571892,0.8665758316677283,0.9529449740547578,0.5953715242619076,0.9233721476659591,0.9111842105263157,0.8698750345772266,0.7675943304594784,0.959237033712196,0.8655153376703728,0.9204798499326441,0.9306566646589698,0.9397435965156076,0.9501760208500687,0.9328339505740528,0.9272989769634581,0.6513630601037561,0.7448518495622387,0.9305758392712087,0.9328339505740529,0.8456616487104844,0.6629543010574313,0.8757722623764213,0.4563753350273807,0.8728105285248211,0.916753056239929,0.8428691512227087,0.7083647153307449,0.9042000439512241,0.4404587388519229,0.8264823988780956,0.9398581321453396,0.9421983319196943,0.9016719843861534,0.32514016199062756,0.7335757685917264,0.3414261870450861,0.9501760208500687,0.9042000439512239,0.9772068366488,0.981956748291383,0.9224335544163884,0.9059145492620324,0.8613145460927204,0.7625798765065415,0.8742335215938111,0.9447456538980155,0.9328339505740533,0.9185607716438655,0.69376373945865,0.7384796233518409,0.9306566646589698,0.996566586696046,0.926456449323181,0.9306566646589698,0.9306566646589698,0.8926744609561266,0.9328339505740528,0.926456449323181,0.9086108152814202,0.9328339505740528,0.8408488591316472,0.5821499322357719,0.9447456538980155,0.9373704232137268,0.9421983319196943,0.9350697345319547,0.9306566646589698,0.6928133377196374,0.8123127184484011,0.9148167155454525,0.7897455017444921,0.9328339505740528,0.3390620516570254,0.9373704232137268,0.9129874603663681,0.7492018243954384,0.5836481938015161,0.8705150677206018,0.9350697345319547,0.91667381023818,0.9780340428202864,0.91667381023818,0.932833950574053,0.9214489273204713,0.9313442213087992,0.7675943304594783,0.8335322342666973,0.8136497493371052,0.9936745866415235,0.31155611140576156,0.9373704232137268,0.9660013292083209,0.7911753068017784,0.9328339505740528,0.9842968264073595,0.9518251721797564,0.9473991727811975,0.7024521045174827,0.9311873210041461,0.9908966831572723,0.8589223002997537,0.9285324039439791,0.8122551545769079,0.7372912924870021,0.9328339505740528,0.9328339505740528,0.8863888870954328,0.6942316065283474,0.9163341302372394,0.8995196271956842,0.8664184631162986,0.7264322007147188,0.7883124876833465,0.735250191913319,0.0,0.7751261733591137,0.9328339505740528,0.8684163025748142,0.9397435965156076,0.9501760208500687,0.6482273618742034,0.9447456538980155,0.7767195799489959,0.9328339505740528,0.9328339505740528,0.7010784936046828,0.9127774219260273,0.7338127093216245,0.9185607716438655,0.5546798386863547,0.866963168156325,0.9420850922811461,0.866963168156325,0.804229968651053,0.550273663202409,0.9328339505740529,0.5089545701438225,0.7588064219236694,0.9350697345319547,0.9447456538980155,0.9597483488676191,0.8358840366252298,0.9249852906821023,0.4584267129435965,0.9350697345319547,0.838263564713559,0.9328339505740528,0.770825665690783,0.6980801327506417,0.866963168156325,0.47211787350424095,0.822045160404981,0.9224335544163884,0.8742879430656605,0.5646519660607596,0.942198331919694,0.8262054086487347,0.8426872262301555,0.926456449323181,0.9473991727811975,0.8975213827250901,0.909405299893773,0.7526659329794718,0.9397435965156076,0.9306566646589698,0.8359132192646184,0.9443618136993994,0.9780340428202864,0.8958917053231714,0.9501760208500687,0.9884602805599663,0.9501760208500687,0.9501760208500687,0.4006847883368524,0.894276316207222,0.8626344708228051,0.932833950574053,0.9236313915934424,0.6473589612727123,0.9185607716438655,0.5996001663813786,0.9244246976009176,0.9306566646589698,0.9059145492620324,0.8597715705372193,0.9350697345319545,0.7320599515612065,0.8910854332944245,0.8345541328101034,0.8036092338038384,0.9328339505740528,0.4358181973714259,0.9328339505740533,0.7220166287647438,0.9473991727811975,0.9111842105263157,0.9129874603663686,0.6066964347818107,0.9328339505740528,0.7416798046836628,0.6540507969891682,0.9129874603663681,0.7432692756603827,0.770825665690783,0.7526659329794718,0.9397435965156076,0.7648571016115122,0.9610476524335916,0.9665515000597714,0.6826509421229381,0.8345551319705008,0.5717615642019778,0.8462222865742863,0.8763264907178421,0.8613145460927208,0.8655153376703728,0.8971521208062061,0.7868761542855598,0.8713396701567189,0.6677719971031704,0.932833950574053,0.9306566646589698,0.7911753068017784,0.5901830004870756,0.9497379002435935,0.7046691749078566,0.7169760926377187,0.9328339505740528,0.7203243826199046,0.682837201788113,0.9230054833172634,0.9328339505740528,0.7883124876833467,0.9366007185429917,0.9447456538980155,0.9148167155454525,0.9306566646589698,0.91544983405549,0.9094052998937733,0.951776218865749,0.9018491285511328,0.5520253283008967,0.9565880742927937,0.640907576770196,0.9328339505740528,0.9042000439512239,0.9328339505740528,0.9447456538980155,0.5969498880876594,0.8470607380739359,0.9501760208500687,0.9025045192170256,0.9611217135538488,0.8742879430656603,0.49226996181891014,0.9328339505740528,0.8242724430440966,0.7860174572057299,0.9703079230133635,0.3991734654311597,0.8879432507007243,0.996566586696046,0.9008268910150359,0.8991661559057054,0.8895085707332924,0.8583462338175081,0.7169760926377187,0.8895085707332924,0.8975213827250901,0.9397435965156078,0.8484619576906176,0.8895085707332924,0.9501760208500687,0.37662218260239266,0.9350697345319547,0.5778229376838289,0.9306566646589698,0.8991661559057054,0.7177670188806546,0.8852149430495113,0.9549546039402188,0.9148167155454523,0.8863888870954333,0.9466889433536754,0.9306566646589698,0.9185607716438655,0.9081595799348638,0.8975213827250901,0.6485443806016635,0.989466845465773,0.8833108489700481,0.9103859581885778,0.8190726528861467,0.9350697345319545,0.9373704232137268,0.9495322461148574,0.8250607062072348,0.9042000439512239,0.9442597627290875,0.9281614381684171,0.9397435965156076,0.9421983319196943,0.9626065611288073,0.9025045192170256,0.7486837781584548,0.8910854332944245,0.7675943304594783,0.925857450743889,0.9130732958657556,0.9718807580739222,0.932833950574053,0.8072219011775712,0.6339703829391552,0.9833367336529988,0.8982888703716156,0.968439422889336,0.762549320324422,0.9688274750145474,0.9812156547306297,0.9094052998937725,0.4566665554285696,0.9025045192170256,0.9847701943343942,0.9587351334794108,0.8972852033660198,0.9204798499326441,0.9120206826638078,0.9306566646589698,0.7759235788685552,0.9627638979804757,0.3496796590314234,0.958797337715339,0.8498654909309755,0.9042000439512237,0.9922127245794845,0.6928733207511888,0.8441637851802157,0.9517737658055092,0.6820721344174552,0.8767698652367377,0.7781822517981347,0.8818761392153118,0.6736756164017629,0.9373704232137268,0.8382635647135586,0.9950420205336963,0.9421983319196943,0.8583462338175081,0.9515107212475633,0.9057308738389862,0.9473991727811975,0.9602996741008646,0.9447456538980155,0.9637418081709601,0.9421983319196943
p273_I,0.8046098181856729,0.783993087668206,0.6173205650869933,0.8345688706245464,0.7571027055111268,0.8612502633673058,0.9138772268230924,0.8792697034349273,0.5027865882435196,0.823244210297909,0.827912112069842,0.77533932639051,0.7196369421472582,0.7945851511478943,0.9936598188242958,0.8366692497538928,0.9537693982556523,0.7918957924827221,0.9833175579709124,0.9612634641352691,0.7089127128523183,0.7732081684608061,0.8791065394342092,0.8852588926436558,0.7916593605787672,0.6337152370574657,0.8216249321297535,0.5909917728128471,0.9253480765407989,0.7627501316522052,0.6811099724647263,0.7880245640829151,0.8411401795341402,0.7589151288169047,0.7571027055111268,0.9147226721121786,0.8487381822088331,0.8669412593055823,0.7985559379258652,0.82979589797912,0.6460349533413543,0.9997285771555333,0.9875524927629928,0.6806974059392368,0.980198291480832,0.6369034557699986,0.8255892557605071,0.7508348868338949,0.7428216675369566,0.42152997971602524,0.8513207925795817,0.5526266148464809,0.6337152370574659,0.8848725063374459,0.8411401795341398,0.7808181407585644,0.9307131725951661,0.8129560940834346,0.6580216020974492,0.8551965465982101,0.49773300896205275,0.5712680743072842,0.8767259553289254,0.8277077380726947,0.8390340081240995,0.416456286973643,0.9587905219304178,0.6769441310825135,0.8410185304867315,0.9823849990997211,0.7298250110456495,0.7428216675369566,0.9849325742456101,0.22608358296944475,0.8129560940834346,0.5819056617272436,0.8215612095168274,0.8279121120698418,0.49849104252813614,0.8612502633673058,0.9006095517283795,0.9176414048213541,0.7701004093977089,0.9023552098788397,0.8129560940834346,0.7538994440122893,0.9366735852030657,0.6387390849667227,0.9765213149202068,0.8347439839067272,0.8129560940834346,0.6645902104245491,0.6472453939908467,0.46733410316705304,0.8117060761496817,0.7674727025405688,0.7182063080223471,0.5858211867636784,0.4026634858437186,0.38344479239818197,0.759404564781907,0.8866791566528582,0.8416188407771308,0.7363578725741196,0.737345921689369,0.8461277862534458,0.7105815563167797,0.3244349233627749,0.7816326539720403,0.35344376325226834,0.6740037680197084,0.9328907017055408,0.5781520519270139,0.7021207946352246,0.8561342062066828,0.4444307324592053,0.9605320703393758,0.8108977844528866,0.8612502633673056,0.43202235006985024,0.9549772293841656,0.7758052156064552,0.7916593605787678,0.9905771220479469,0.9686308603165106,0.5929767874934562,0.8191823016368875,0.9571118386245914,0.9702976712418913,0.8558963430130211,0.492067572978512,0.8255892557605065,0.8954942934337511,0.9497531817955674,0.795196038904574,0.6807069946255364,0.6485453658380788,0.863846179185418,0.8638461791854182,0.8551965465982105,0.49178803653311776,0.8535173013518571,0.5052214381738845,0.6562938202189952,0.8781635612241978,0.6117316399664874,0.6651135446649482,0.3126706796168375,0.9092814106943905,0.4230719720270735,0.9612634641352691,0.5496646126793243,0.8895315101725203,0.9349485776416186,0.9271424076820847,0.6701022769784422,0.6616610472826259,0.8313734426980139,0.68398422495515,0.6236451302378614,0.7996588793083559,0.9783140079913857,0.8947908641640769,0.6370580561540574,0.7028817629976432,0.6923036463066834,0.836351089378411,0.6955820764499019,0.9365230764056003,0.4364902401095987,0.8345688706245464,0.8068927917851012,0.7694967637316332,0.6800867727402425,0.8110676646667864,0.7270133677469002,0.9147226721121786,0.949362186704076,0.8421512578379733,0.6737061432982436,0.9084762651148579,0.6829225412193521,0.9307131725951661,0.918297560271605,0.9716948344857765,0.5964236075569587,0.40475612786145576,0.7924022388005346,0.783993087668206,0.8204458272044244,0.8465967939923345,0.7071250953823431,0.38310046651604956,0.2335056501986137,0.9137088155755295,0.8129560940834346,0.8852588926436555,0.9636353318380122,0.933046614739308,0.6913860430958871,0.6263651095121032,0.890446368149979,0.8129560940834346,0.6149049663771391,0.4430302412276351,0.7873288227034386,0.8129560940834346,0.8034902570608329,0.5842643323075205,0.5000895225627608,0.6703943559750483,0.6670842869164548,0.8068927917851012,0.8129560940834346,0.8895315101725206,0.8129560940834346,0.4810491198300124,0.5234280573447285,0.6010095847861261,0.8129560940834346,0.5440376946305963,0.8129560940834346,0.684498826023801,0.818025582156533,0.7866068806330608,0.5576016614550079,0.8255892557605065,0.28089106147409804,0.8551965465982105,0.7860466895568217,0.7190849004509701,0.8271561427134089,0.6791817770115987,0.7782578492694869,0.8954942934337515,0.9763491073983369,0.8542803481940662,0.9457966880998185,0.816859073450368,0.8641839946472473,0.6215869539528165,0.8612283491680894,0.7149411814590176,0.8737064903022854,0.8129560940834346,0.7163257932756995,0.8129560940834346,0.6972146319833468,0.7625897888997779,0.946265135324582,0.8387186585616409,0.3300774144527774,0.9148147732156012,0.5406572403342331,0.7679533613871454,0.6848014767408608,0.9266315070523072,0.47835349791694837,0.899506190223911,0.6562938202189952,0.942283627930188,0.48267087189173374,0.8068927917851012,0.8978561483651695,0.701924655304311,0.7985559379258652,0.5977339109544989,0.7263316272709577,0.8200466541183984,0.792716240900797,0.6840381007493281,0.9271424076820844,0.7079946801771047,0.5840894905568783,0.5017467023035904,0.8461277862534458,0.3023825966877587,0.7807631556454329,0.8262392421922455,0.9600403431113982,0.8461277862534458,0.8900213719429442,0.18158027622993012,0.8719227385629407,0.658281957653539,0.7945851511478941,0.8255892557605067,0.7204044715302862,0.2795012989199904,0.8009771539783097,0.8255892557605069,0.899506190223911,0.3942969846425538,0.8804252291828121,0.3808028604421071,0.7104491187431754,0.5779971046272834,0.9426998824178515,0.9480875561703543,0.8702815874708265,0.8515394555896607,0.8551965465982105,0.8638461791854182,0.2650500563202205,0.767812052119765,0.9783140079913857,0.7863087827580382,0.9870653569836327,0.43266118680061894,0.675865760132093,0.7448684967263111,0.7572980544075822,0.876711584381316,0.6630678261201053,0.660698709281256,0.889432688946328,0.6219840507411665,0.9612634641352691,0.9132490639942896,0.6589095755981124,0.6843489819142909,0.8078713388853834,0.8129560940834346,0.7563764498345805,0.8782211843749224,0.7698039090034989,0.8461277862534458,0.9705889298794652,0.9739999445148568,0.8129560940834346,0.9338953557284986,0.8461277862534451,0.8990495743347309,0.6887350369808107,0.6405552838560687,0.7805381608776911,0.9904386361787514,0.4048373364798128,0.4849146974051459,0.8390713589620113,0.6944403845798974,0.5058399408409118,0.746781437993032,0.6046394548457024,0.5068324508226745,0.7368296736529041,0.6655418955859258,0.8612502633673054,0.275882652229703,0.7589733900230866,0.21892517267618306,0.7951960389045738,0.8347439839067272,0.9075356076663186,0.6084291217010018,0.24216995479411263,0.3235431093852983,0.3829123613035328,0.8129560940834346,0.2589572592389139,0.9445812886563254,0.7836210857069454,0.7729676284766926,0.96690576067579,0.4233140794340038,0.8129560940834346,0.8129560940834346,0.9385136860318242,0.7071250953823431,0.576951409438512,0.8129560940834346,0.9612634641352691,0.8129560940834348,0.7745932914095686,0.6214693983885538,0.4183802893418678,0.8702815874708265,0.7394476245532,0.9182672916288701,0.4336230492579194,0.3561316534035628,0.8129560940834346,0.6071254235836703,0.7677462337677854,0.2854755223514289,0.31220729992296414,0.8609449285300363,0.6049755214611341,0.8255892557605067,0.2681145750902121,0.8129560940834346,0.4267502534655885,0.8581714429203928,0.6981471035308008,0.8856424241910115,0.9078499433527254,0.41664281086570476,0.8669412593055823,0.8129560940834346,0.7680360636046358,0.5890549204809994,0.8129560940834346,0.9014440298556481,0.569969976018343,0.7193299888821745,0.3699644896955856,0.25264978965909246,0.8129560940834346,0.8041247237032128,0.4872772241315916,0.9965223396816935,0.6146096476176435,0.4702792050636392,0.5212226693434321,0.5802759227341616,0.6983198594689606,0.8255892557605071,0.8989905641715809,0.4082890409917612,0.9023715019035561,0.36058566880861487,0.6939617098071176,0.5522188948309499,0.9489014268422507,0.832198064937085,0.813987675961946,0.8129560940834346,0.9480875561703542,0.7549748795601319,0.4753590325018887,0.8759297029827633,0.8598191028367772,0.8009771539783097,0.7159879344183,0.9669617044966168,0.8280868502882601,0.8525919608154582,0.8129560940834348,0.9605320703393758,0.5989298143639274,0.7139158010576514,0.9823849990997208,0.31079479519728226,0.9971788517297395,0.8124892376548345,0.94890142684225,0.6671755545246164,0.8940907711008597,0.889432688946328,0.634168040916278,0.647573713408673,0.8694253402206273,0.7751261733591144,0.7732081684608065,0.6586007972690091,0.9605960911162627,0.9325335232406902,0.8442234457755438,0.912254255979655,0.8947908641640769,0.8584938155731712,0.9759912045435395,0.6400708592788087,0.5537292033758772,0.5587295934500988,0.7700864065899118,0.9669439220688084,0.6324489506841213,0.6602555780459716,0.765593934608931,0.8310026479485964,0.902371501903557,0.3911813373583428,0.9993289467108443,0.6012212967949575,0.9861930267931858,0.7999124105450752,0.5854585525067205,0.94776905754521,0.9047017261106514,0.48423654654734616,0.9064449197275182,0.9763491073983368,0.982384999099721,0.7817288143491046,0.5633389157286941,0.9705889298794652,0.937492055555265,0.8744827185801132,0.8216249321297537,0.8513207925795825,0.8451952273822535,0.8264206693042833,0.48467041325496474,0.6793163393559278,0.8068927917851012,0.8068927917851014,0.6630851271899807,0.8005665872851735,0.7951960389045738,0.5990958586767566,0.8129560940834346,0.8390340081240992,0.8129560940834346,0.8129560940834346,0.29532744623401874,0.9721663893115973,0.7396889307766861,0.8129560940834346,0.479863105054249,0.326966623959015,0.8745576538356703,0.8606617885147239,0.6369275284980294,0.508835638729088,0.8671696814117706,0.9190523044503887,0.3785096927831543,0.9524511822943206,0.8519913685849239,0.9377001994406238,0.5787140997335857,0.5263398787929296,0.5008248603423714,0.7238228863394933,0.8750479429799931,0.7923774013724336,0.8838007013650498,0.8719227385629409,0.682148826834827,0.8561342062066828,0.8165819047925933,0.8399675030910227,0.910430461325899,0.7627817270874746,0.37603369356706606,0.7596971752160062,0.6015962163965974,0.8649788734029741,0.9201914873460106,0.7773263884392076,0.8940907711008599,0.8487381822088342,0.9839296993702938,0.5344956661740279,0.5016432958714399,0.8954942934337513,0.6365223260397483,0.9140861356184492,0.6442515609746328,0.6248080649870305,0.862595176028353,0.4084324249257345,0.7701004093977089,0.8990495743347309,0.396946166202817,0.28437592747409757,0.9021584285191646,0.35064685403729046,0.7973846889888168,0.6783536231856618,0.7148085253298772,0.8129560940834346,0.832198064937085,0.7418769477350501,0.8416188407771308,0.5853451090299959,0.8883205441470442,0.7923774013724338,0.8325089095256679,0.41664281086570454,0.8325766144955156,0.24126576908093433,0.853517301351858,0.38797618262955824,0.9993289467108443,0.4683567048778263,0.8280868502882601,0.9524511822943205,0.7825268732257546,0.7252671672544799,0.8033887015349683,0.6474324340397164,0.6704399553124718,0.34001872936126687,0.5604562929641812,0.8168267677622878,0.5840793289253476,0.544037694630596,0.6195513026858527,0.853517301351858,0.8627773581536333,0.9739265343594922,0.6273702782615524,0.767007421069372,0.7285364694058452,0.8068927917851012,0.3602862207980554,0.4797381328808612,0.9368488853021564,0.5600130340971381,0.8689612397777349,0.8111039974055001,0.74888558690251,0.7751261733591139,0.9600403431113982,0.7648619995254093,0.8527506515469051,0.658281957653539,0.7785524145786091,0.862595176028353,0.8638461791854182,0.9368488853021564,0.8129560940834346,0.9903869009798911,0.5323640680711412,0.40393911267291716,0.7446009709529269,0.8129560940834346,0.5867541138502728,0.4295967474232263,0.5323540781069006,0.7346095719329164,0.6458029653447079,0.648833661978697,0.5286135338999205,0.9880977077971077,0.7543168814610925,0.8271561427134089,0.44184630845990713,0.6915758408691957,0.8390340081240992,0.7092824250626812,0.9307131725951661,0.9911410415624384,0.7439284780771289,0.9368488853021559,0.7392724559356161,0.8551965465982103,0.8990495743347309,0.7839930876682057,0.759404564781907,0.812956094083435,0.6277624845510005,0.6043632799592769,0.8108977844528875,0.9276070808582184,0.7432614209789805,0.4506367100382771,0.32705138962586,0.8347439839067272,0.9904386361787514,0.8480538253549332,0.8347439839067272,0.8347439839067272,0.7396889307766863,0.8129560940834346,0.9669439220688084,0.9026304999017275,0.8129560940834346,0.8033887015349683,0.6289353152227481,0.8794926703116204,0.8255892557605071,0.9048114690017823,0.8191823016368882,0.8068927917851012,0.40971321914442393,0.2684250168194834,0.6555942111788522,0.371782316876903,0.8129560940834346,0.6931225614454206,0.8561342062066823,0.7576876202204139,0.3654163575208573,0.6976049783085998,0.8461277862534453,0.9669617044966168,0.6868086572055535,0.967864207948913,0.7679533613871461,0.8989443341645225,0.8932189646583184,0.7890618765858726,0.8469402258972414,0.5930630648622683,0.8772718095610748,0.9480875561703543,0.7863087827580384,0.856134206206683,0.7280405511881385,0.44348140008994386,0.8129560940834346,0.9276070808582184,0.6411917508909926,0.8232442102979091,0.5710259247860756,0.8216249321297535,0.7785524145786098,0.17552230514441802,0.8009771539783097,0.3391126191770586,0.2300355594131479,0.8129560940834346,0.8129560940834346,0.8867825000775216,0.5703778662824661,0.7261763009939051,0.5088356387290877,0.3310809547048379,0.4828185444846458,0.5016432958714396,0.22674046439890427,0.7751261733591137,0.0,0.8129560940834346,0.6335659320191844,0.832198064937085,0.7985559379258652,0.41664281086570454,0.8461277862534458,0.4431555281266505,0.8129560940834346,0.8129560940834346,0.2832357194866082,0.8989443341645225,0.2650403006338077,0.7973846889888168,0.541393243179034,0.6295192456385053,0.8598191028367776,0.8111920303698454,0.3468738904809465,0.5301393010008277,0.8129560940834346,0.6879445456091824,0.251111267001363,0.9374058239246705,0.982384999099721,0.9950078287967434,0.8045439981167799,0.8322290519659803,0.6966948906190782,0.7374794897839275,0.6726931152727533,0.8129560940834346,0.30241443339766727,0.8683085507987109,0.5281796615161869,0.6750586028022769,0.5742626948333318,0.9353122156720659,0.5088987556958886,0.5964236075569587,0.8320786874874866,0.8200215275642687,0.3051176454335536,0.8216249321297535,0.8894326889463282,0.8855450930388882,0.9244470933580633,0.3252456538170816,0.8829689068279152,0.8068927917851012,0.4966312227068077,0.6410153078716875,0.7812510997224258,0.9937362830999764,0.9497531817955674,0.7812510997224265,0.8741545598607169,0.9746481962695817,0.6754946732002332,0.9627481683919339,0.5092995414585009,0.7571027055111268,0.8894326889463282,0.7973846889888168,0.8399675030910227,0.5491397503575126,0.8153390997626979,0.7196369421472582,0.962218947521547,0.7521962190756932,0.8852588926436555,0.6022838682047935,0.7538994440122886,0.6124407934478747,0.6300037319673055,0.8129560940834346,0.6803467588704013,0.9290791856733022,0.5293050728278204,0.823244210297909,0.9772683367758914,0.6481983226903776,0.6863169670108176,0.8129560940834346,0.44000242702382875,0.4218104934308773,0.8538531886058739,0.2603801634819277,0.3533016670164818,0.275207860922146,0.8638461791854182,0.46647662312795213,0.9108320244310188,0.9812578560622325,0.37092061095571005,0.7860466895568214,0.5404463735264673,0.8612502633673056,0.9023715019035561,0.8416188407771308,0.8714470397377403,0.9602572436423649,0.41116417825782603,0.9626905640310426,0.3774636728959635,0.9577419323669982,0.8347439839067272,0.45656247213725454,0.5164994183643303,0.6983198594689601,0.396136734668304,0.3556265361628318,0.8129560940834346,0.3127595895230929,0.5105662181448116,0.8145770108862203,0.8129560940834346,0.22225197026984178,0.9524511822943206,0.8461277862534458,0.8325766144955158,0.8347439839067272,0.5796127604289611,0.7883584214120309,0.88198896513764,0.8664724446651944,0.9853671245882221,0.9256364643729031,0.4363189720332581,0.8129560940834346,0.9291764544118509,0.8129560940834346,0.8108977844528866,0.656399334410044,0.5178563258026799,0.7985559379258652,0.7722372563305888,0.6561267441616523,0.6634019352060743,0.7945851511478943,0.8129560940834346,0.6807489089785328,0.34617091732869676,0.543490137241597,0.8879793390831572,0.6879445456091826,0.958790521930418,0.7238228863394931,0.7948127102022616,0.8620494680941633,0.4907005016274817,0.3309276054083763,0.8620494680941633,0.7945851511478943,0.832198064937085,0.5779971046272834,0.8620494680941633,0.7985559379258652,0.9244470933580635,0.8261471314997644,0.6845091643852987,0.8068927917851014,0.6935649568882314,0.7805381608776913,0.6421216579579542,0.6879445456091824,0.9115087983416681,0.5775966119205724,0.6266151617573603,0.9702976712418914,0.8883205441470444,0.7559454833564442,0.7146177121945905,0.6879196378357864,0.6234534542177901,0.9828769103293189,0.6623796564082469,0.82979589797912,0.9148147732156012,0.8255892557605071,0.7253469970761891,0.9915631008440169,0.8447746773113026,0.7543168814610925,0.7009214397138746,0.8321980649370853,0.8390340081240992,0.9823975698693159,0.6266174226986856,0.7746455848526181,0.7693959443776209,0.7648619995254091,0.9379366918275189,0.8390713589620113,0.6530658555626188,0.8129560940834346,0.6182847530513735,0.6829575046187792,0.752457625607909,0.5012676512337924,0.8721675401890059,0.9377001994406238,0.7975423085158875,0.9795592977520449,0.6558071205366892,0.8480538253549335,0.8325089095256681,0.8607391534783928,0.9708826087013072,0.8371600522185614,0.7785524145786096,0.8864321993867328,0.9461487523932308,0.9330055920868867,0.7370767466255872,0.8255892557605067,0.8487381822088331,0.4235891212535937,0.6126697902847937,0.9783140079913857,0.898990564171581,0.3663415937929244,0.6878860120190526,0.8823062429081607,0.8823062429081605,0.32136361666868973,0.8719403235067997,0.6417069213377851,0.8866791566528585,0.42459937257582514,0.8033887015349683,0.8390340081240992,0.4272775768865852,0.9548080963962491,0.8191823016368882,0.823244210297909,0.7068504941403246,0.8451952273822534,0.8738518613610144,0.8719227385629407
p273_M,0.7524297972473161,0.9413411539914585,0.8918007079504506,0.9225015741707872,0.9492063492063487,0.9623211158059548,0.7050163519970581,0.7509151724713103,0.9038142386822647,0.960221152322577,0.9398636845831869,0.9475597985845114,0.9475597985845114,0.9225015741707872,0.9106019687464653,0.5567710364845595,0.944383427890573,0.9314886672615048,0.9582144552981327,0.960221152322577,0.8875255844205965,0.938412400887346,0.935580996038617,0.9508971383859763,0.9369854052620163,0.9314886672615046,0.944383427890573,0.916441965519317,0.960221152322577,0.7739436107925906,0.9250013316406693,0.9544316996038,0.9428469360414609,0.9188361382271659,0.9492063492063489,0.9582144552981327,0.9508971383859763,0.9428469360414602,0.9623211158059548,0.930160641445072,0.8993922310882436,0.932833950574053,0.9623211158059548,0.912915131908919,0.9443834278905732,0.8474513194974065,0.9526370111116405,0.9004911494084333,0.930160641445072,0.8918007079504506,0.9544316996038,0.8495864161552136,0.9314886672615046,0.13408370177867746,0.9428469360414604,0.9288488221297497,0.9288488221297497,0.0,0.7383793872014479,0.9459533477380775,0.9060540201833016,0.831146423199498,0.931488667261505,0.8993922310882436,0.9562880686171875,0.8244397822834253,0.9544316996038,0.6473831763250288,0.7698078233874499,0.9582144552981327,0.92126914699118,0.9301606414450723,0.9492063492063487,0.8266892096935958,0.0,0.8864622842804517,0.938412400887346,0.9398636845831867,0.8233095582802461,0.9623211158059548,0.9398636845831869,0.9341976401680094,0.31108550994831163,0.9314886672615048,0.0,0.9176344520056336,0.938412400887346,0.8046479448175341,0.8939536575643376,0.03139863267861631,0.0,0.8918007079504506,0.831146423199498,0.8548949080074899,0.31108550994831163,0.48955645159511163,0.8896584524348263,0.8875255844205965,0.8198957816506434,0.8187498553347687,0.9288488221297497,0.9526370111116405,0.9492063492063489,0.8580633769736241,0.6072669396673074,0.9582144552981327,0.907182019415572,0.7973204052495684,0.9369854052620166,0.8289245259008584,0.8759110188590657,0.9328339505740528,0.8070467719220202,0.9094556823349389,0.9526370111116405,0.7833099084134079,0.9413411539914585,0.9582144552981327,0.9623211158059548,0.8580633769736241,0.9129151319089193,0.885400876353422,0.9369854052620166,0.9250013316406696,0.931488667261505,0.7554264789789613,0.9508971383859763,0.6339927913026551,0.9475597985845114,0.9152582079543838,0.8727631680356085,0.9526370111116405,0.9544316996038,0.9623211158059548,0.944383427890573,0.8453085223330421,0.879064442044788,0.9544316996038003,0.9544316996038,0.06018876900101988,0.8046479448175343,0.960221152322577,0.8244397822834253,0.8717146038820363,0.8875255844205967,0.9106019687464659,0.892875760974867,0.8420784215528956,0.9301606414450723,0.7583810530554915,0.9602211523225768,0.9060540201833014,0.8559522762859688,0.8811713725919912,0.9544316996038,0.9301606414450725,0.8950345750758599,0.9140827360776209,0.8938851835250172,0.5567710364845593,0.7367566674079002,0.9526370111116407,0.9341976401680094,0.7431708752992887,0.8972062142375332,0.9164419655193166,0.8612222667022558,0.8993922310882436,0.9262700211315917,0.8453085223330423,0.9225015741707872,0.9475597985845114,0.9288488221297495,0.6783615558233287,0.8538362113124116,0.8780124908814328,0.9582144552981327,0.6072669396673073,0.9200475251844384,0.5526275082095409,0.9117550006367756,0.8885909234541711,0.9288488221297497,0.9475597985845114,0.6394614409405057,0.8538362113124116,0.8580633769736241,0.9015943008452869,0.13408370177867734,0.9237454173815312,0.9459533477380775,0.903814238682265,0.8221755430097122,0.7897778653703145,0.9060540201833014,0.0,0.9508971383859763,0.9459533477380777,0.4895564515951115,0.8355526955775656,0.8918007079504506,0.9475597985845114,0.0,0.8685695845092951,0.7897778653703145,0.960221152322577,0.0,0.6951973979147161,0.9152582079543841,0.8864622842804517,0.6447787703816181,0.9049315186013059,0.9475597985845114,0.0,0.6473831763250286,0.0,0.8117838598171898,0.8388272306091986,0.8355526955775657,0.0,0.6339927913026551,0.0,0.7050163519970583,0.9071820194155717,0.9164419655193166,0.8759110188590655,0.9526370111116407,0.7711949776746383,0.06018876900101888,0.935580996038617,0.9384124008873462,0.9060540201833014,0.7554264789789611,0.9188361382271666,0.9544316996038,0.4951319232791844,0.8907283270583697,0.9027019168030599,0.897206214237533,0.9152582079543838,0.9152582079543838,0.944383427890573,0.885400876353422,0.9459533477380777,0.0,0.9027019168030597,0.0,0.7334713952978886,0.9152582079543841,0.9544316996038,0.9275522446953854,0.7711949776746383,0.9508971383859763,0.9140827360776205,0.9369854052620161,0.892875760974867,0.9398636845831869,0.8612222667022562,0.9526370111116405,0.8717146038820363,0.8717146038820349,0.8442340263447974,0.03139863267861631,0.9562880686171873,0.8289245259008584,0.9623211158059548,0.8333555867103808,0.8333555867103808,0.24376003609304187,0.8706662210952574,0.8748612665230131,0.9544316996038003,0.848519788337875,0.7973204052495684,0.7780046509581313,0.9582144552981327,0.8289245259008584,0.9140827360776214,0.9341976401680094,0.9015943008452874,0.9582144552981327,0.8517144868263773,0.8141237078825918,0.9562880686171873,0.8982973238138026,0.9225015741707867,0.9526370111116407,0.9188361382271666,0.8070467719220202,0.9459533477380775,0.9526370111116405,0.9526370111116407,0.7985559379258667,0.9582144552981327,0.7985559379258667,0.6499526646778642,0.885400876353422,0.8442340263447972,0.9582144552981327,0.9492063492063487,0.930160641445072,0.9459533477380777,0.9544316996038003,0.8022278398026612,0.8982973238138026,0.9526370111116405,0.9301606414450723,0.9164419655193172,0.7250134267509765,0.9094556823349389,0.8843412180810755,0.6848496741376313,0.7923174570100686,0.6911250629978627,0.8727631680356077,0.9602211523225768,0.903814238682265,0.9602211523225768,0.9188361382271668,0.9152582079543841,0.9094556823349389,0.9526370111116405,0.0,0.9544316996038,0.9027019168030597,0.931488667261505,0.9582144552981327,0.9562880686171873,0.9475597985845114,0.0,0.9369854052620163,0.9582144552981327,0.9623211158059548,0.9106019687464655,0.823309558280246,0.9341976401680094,0.9544316996038003,0.8333555867103808,0.8289245259008584,0.9369854052620166,0.9428469360414611,0.8409971458279799,0.9526370111116405,0.9188361382271659,0.8117838598171898,0.9413411539914587,0.9106019687464657,0.9623211158059548,0.7655931084723666,0.9188361382271666,0.7780046509581313,0.944383427890573,0.03139863267861631,0.92126914699118,0.885400876353422,0.8070467719220202,0.8082384637825222,0.8187498553347687,0.0,0.8538362113124116,0.9176344520056336,0.9200475251844387,0.9176344520056336,0.9602211523225768,0.8453085223330421,0.0,0.0,0.930160641445072,0.903814238682265,0.8591172857456586,0.0,0.9602211523225768,0.9492063492063489,0.922501574170787,0.8972062142375332,0.7897778653703145,0.9492063492063489,0.9237454173815309,0.938412400887346,0.8322525541058978,0.9634411459729271,0.0,0.8811713725919912,0.9164419655193168,0.7766590274917047,0.9952327064015152,0.9237454173815312,0.8704033497109469,0.9526370111116405,0.7960789049353036,0.0,0.7973204052495684,0.9314886672615053,0.8591172857456586,0.8300371089395653,0.9508971383859763,0.831146423199498,0.9428469360414606,0.0,0.8961186971729789,0.7399891659895361,0.0,0.9237454173815309,0.7948313236856197,0.8420784215528956,0.8152867967569688,0.8022278398026612,0.0,0.7698078233874488,0.8559522762859684,0.9562880686171873,0.6574604645689301,0.7250134267509767,0.907182019415572,0.908315805590151,0.8961186971729789,0.9526370111116405,0.8982973238138026,0.8864622842804517,0.935580996038617,0.8527760996057683,0.8738120195914167,0.8706662210952574,0.21151139151266862,0.9544316996038,0.9314886672615055,0.0,0.9582144552981327,0.9015943008452869,0.8129560940834346,0.9398636845831869,0.9275522446953854,0.06018876900102055,0.7478523304650295,0.9508971383859763,0.06018876900102055,0.9398636845831869,0.9492063492063489,0.9413411539914582,0.879064442044788,0.903814238682265,0.9582144552981327,0.8463809254714867,0.9602211523225768,0.9413411539914582,0.935580996038617,0.801009545737682,0.938412400887346,0.9602211523225768,0.7997856146881548,0.9164419655193166,0.5305546844946969,0.24376003609304187,0.938412400887346,0.9027019168030597,0.9526370111116405,0.9188361382271666,0.8993922310882436,0.8769613888066743,0.9341976401680094,0.8993922310882436,0.9398636845831869,0.9250013316406693,0.6827113291147924,0.7725735218970409,0.9049315186013058,0.9443834278905732,0.8141237078825918,0.8907283270583697,0.9225015741707872,0.9341976401680094,0.21151139151266984,0.8175997772209664,0.9398636845831869,0.8517144868263774,0.9341976401680094,0.9152582079543841,0.7539334992316542,0.9526370111116405,0.8453085223330421,0.7143607147557585,0.9176344520056336,0.8993922310882432,0.9582144552981327,0.7301312695908229,0.8918007079504506,0.9562880686171875,0.9164419655193166,0.944383427890573,0.944383427890573,0.9544316996038003,0.9582144552981327,0.9250013316406696,0.8255663034700989,0.9129151319089186,0.9475597985845114,0.9475597985845114,0.7125274559321444,0.9071820194155717,0.08671734220308636,0.8717146038820361,0.0,0.9562880686171873,0.0,0.0,0.8187498553347687,0.2115113915126693,0.9188361382271664,0.0,0.7334713952978882,0.8377384241745145,0.4006068367505189,0.8527760996057685,0.8811713725919912,0.8058499662916012,0.903814238682265,0.47795836130872293,0.8399134433261015,0.9428469360414604,0.8864622842804515,0.4408515443948542,0.9176344520056336,0.7711949776746385,0.6473831763250284,0.9250013316406696,0.9428469360414602,0.9459533477380775,0.7846176027958278,0.9562880686171873,0.8961186971729789,0.9526370111116405,0.9004911494084331,0.938412400887346,0.9328339505740528,0.935580996038617,0.848519788337875,0.9237454173815312,0.9060540201833016,0.9355809960386168,0.7223272158432528,0.9526370111116405,0.17526171623055564,0.9508971383859763,0.9140827360776205,0.8570084033315839,0.8399134433261015,0.4654487838138114,0.8570084033315841,0.5711669571562623,0.77934241058442,0.8896584524348263,0.9475597985845114,0.7766590274917051,0.9262700211315917,0.9623211158059548,0.8058499662916013,0.8463809254714865,0.7876282222528316,0.8034406041869142,0.938412400887346,0.9071820194155717,0.8822265994777512,0.0,0.9544316996038,0.9164419655193174,0.9492063492063487,0.8612222667022558,0.938412400887346,0.9459533477380777,0.9262700211315917,0.831146423199498,0.9355809960386168,0.8046479448175343,0.9602211523225772,0.7935775465776653,0.9398636845831869,0.8664724446651941,0.06018876900102055,0.9428469360414602,0.7143607147557588,0.9152582079543841,0.9341976401680094,0.7806724477786732,0.880117361849238,0.7318083230664854,0.8633240709217587,0.9188361382271666,0.6991852245234744,0.8612222667022558,0.9250013316406696,0.960221152322577,0.9369854052620166,0.9508971383859763,0.8388272306091986,0.9027019168030597,0.525843532183836,0.03139863267861631,0.7960789049353036,0.8409971458279799,0.9623211158059548,0.8790644420447877,0.9526370111116405,0.9176344520056336,0.9164419655193168,0.932833950574053,0.9015943008452869,0.9250013316406696,0.9369854052620166,0.500567215157067,0.9398636845831867,0.9475597985845112,0.9544316996038,0.9623211158059548,0.0,0.9188361382271668,0.8654234385275936,0.8070467719220202,0.9200475251844384,0.0,0.8832831707913575,0.8244397822834253,0.9060540201833016,0.34458474155865637,0.9038142386822647,0.8918007079504506,0.8811713725919912,0.7859181167692968,0.9275522446953854,0.9060540201833014,0.6598989712921809,0.8907283270583697,0.9562880686171873,0.9027019168030597,0.9288488221297497,0.9526370111116405,0.9152582079543841,0.9623211158059548,0.9275522446953854,0.9459533477380777,0.9623211158059548,0.9413411539914587,0.9288488221297497,0.9492063492063487,0.6783615558233285,0.8843412180810755,0.9582144552981327,0.9492063492063489,0.9384124008873462,0.7806724477786728,0.8022278398026612,0.03139863267861631,0.9544316996038003,0.08671734220308558,0.03139863267861631,0.03139863267861631,0.3741839079094693,0.0,0.944383427890573,0.4527606561376478,0.0,0.9341976401680094,0.535161772248302,0.9582144552981327,0.9526370111116405,0.9562880686171873,0.9508971383859763,0.03139863267861631,0.7960789049353036,0.8580633769736241,0.935580996038617,0.8409971458279799,0.0,0.9071820194155722,0.9526370111116405,0.9341976401680094,0.7935775465776653,0.9083158055901508,0.9582144552981327,0.9508971383859763,0.9369854052620166,0.9152582079543841,0.6284764518573093,0.9492063492063487,0.4006068367505189,0.92126914699118,0.9250013316406696,0.6848496741376318,0.9398636845831869,0.9582144552981327,0.930160641445072,0.9526370111116405,0.9071820194155722,0.8420784215528954,0.0,0.9492063492063487,0.8822265994777507,0.960221152322577,0.8377384241745145,0.944383427890573,0.9398636845831869,0.8244397822834253,0.06018876900102055,0.7569089328329721,0.7846176027958276,0.0,0.0,0.40880739824839063,0.6991852245234742,0.9027019168030597,0.8058499662916013,0.8453085223330421,0.8152867967569688,0.8399134433261015,0.7997856146881548,0.9328339505740528,0.8129560940834346,0.0,0.9004911494084331,0.9544316996038,0.9623211158059548,0.831146423199498,0.9582144552981327,0.831146423199498,0.0,0.0,0.7739436107925914,0.9492063492063487,0.7819949015164562,0.938412400887346,0.8570084033315841,0.8993922310882436,0.6856702229525599,0.8993922310882436,0.8344556057285131,0.8506512873935228,0.0,0.9152582079543841,0.8175997772209664,0.9508971383859763,0.9582144552981327,0.5526275082095407,0.7351207557283752,0.43182584581086747,0.9176344520056336,0.9508971383859763,0.8591172857456586,0.0,0.8266892096935958,0.9176344520056336,0.8993922310882436,0.8727631680356078,0.8654234385275936,0.9413411539914582,0.9049315186013054,0.8538362113124116,0.9562880686171875,0.8685695845092949,0.862273520033598,0.9443834278905732,0.9602211523225768,0.9225015741707872,0.2586095064370061,0.8129560940834346,0.9544316996038,0.03139863267861631,0.8759110188590655,0.9288488221297497,0.9152582079543841,0.92126914699118,0.9623211158059548,0.9152582079543841,0.9623211158059548,0.9623211158059548,0.9027019168030597,0.3647019568709454,0.8961186971729789,0.9492063492063487,0.9602211523225768,0.938412400887346,0.938412400887346,0.8322525541058978,0.9428469360414611,0.9475597985845114,0.9288488221297497,0.5210240199989242,0.9508971383859761,0.7684119013812074,0.3833143586062788,0.7125274559321442,0.7447432793600621,0.0,0.8918007079504506,0.9492063492063489,0.758381053055492,0.960221152322577,0.9328339505740528,0.9341976401680097,0.855952276285969,0.0,0.7399891659895361,0.8058499662916012,0.9341976401680094,0.8058499662916012,0.8266892096935958,0.8129560940834346,0.9544316996038,0.7143607147557588,0.6716454483484393,0.8058499662916012,0.7431708752992889,0.9355809960386166,0.6761489807685291,0.9623211158059548,0.9355809960386168,0.9492063492063489,0.8982973238138026,0.930160641445072,0.8388272306091984,0.4779583613087228,0.8106069085572598,0.9492063492063489,0.03139863267861631,0.8420784215528954,0.861222266702256,0.5110414539348817,0.7766590274917051,0.7524297972473162,0.0,0.9856724533720749,0.8633240709217587,0.9225015741707872,0.0,0.8399134433261015,0.9428469360414604,0.9582144552981327,0.2115113915126694,0.03139863267861631,0.9114861522954751,0.9314886672615051,0.897206214237533,0.9288488221297497,0.9083158055901508,0.9355809960386172,0.8129560940834346,0.0,0.9275522446953854,0.0,0.9582144552981327,0.8333555867103808,0.8843412180810759,0.9623211158059548,0.9262700211315917,0.8022278398026612,0.904931518601306,0.9225015741707869,0.0,0.8322525541058978,0.8210376473859937,0.8506512873935228,0.9250013316406696,0.40060683675051967,0.9544316996038003,0.3227392978460525,0.9237454173815312,0.392115299153029,0.8928757609748668,0.7948313236856197,0.392115299153029,0.9225015741707872,0.9544316996038003,0.885400876353422,0.392115299153029,0.9623211158059548,0.931488667261505,0.9508971383859763,0.885400876353422,0.9475597985845114,0.9237454173815312,0.9341976401680094,0.8918007079504506,0.9152582079543841,0.9355809960386168,0.9140827360776211,0.930160641445072,0.9475597985845114,0.9384124008873462,0.7301312695908225,0.9225015741707872,0.9015943008452869,0.8333555867103808,0.42440193597169273,0.9083158055901508,0.930160641445072,0.9508971383859763,0.9526370111116405,0.9015943008452867,0.8939536575643379,0.9275522446953854,0.9275522446953854,0.9004911494084333,0.9544316996038,0.9562880686171873,0.5974763156586966,0.9262700211315922,0.8664724446651935,0.9176344520056336,0.9250013316406696,0.6549904556417999,0.9369854052620166,0.9237454173815312,0.9492063492063487,0.8366469404145511,0.8780124908814328,0.9129151319089186,0.9004911494084333,0.6623067578386677,0.9562880686171875,0.9188361382271666,0.5906675167558797,0.9314886672615046,0.944383427890573,0.926270021131592,0.8993922310882434,0.6040574193889983,0.7598430279509716,0.9398636845831869,0.6739104850582693,0.9475597985845114,0.8832831707913573,0.7143607147557586,0.9526370111116407,0.9508971383859763,0.8864622842804517,0.9275522446953852,0.9526370111116405,0.8982973238138026,0.8633240709217587,0.708808264663793,0.9459533477380775,0.9459533477380775,0.8322525541058978,0.9341976401680094,0.9027019168030599,0.9526370111116405,0.8591172857456586,0.9341976401680094,0.9562880686171873,0.8928757609748668,0.9328339505740528,0.9508971383859763,0.960221152322577,0.8854008763534222,0.9582144552981327,0.7197593917099125,0.9562880686171873
p273_V,0.9091908922893167,0.9857113284303718,0.7880288772623982,0.8593403592303316,0.9004911494084336,0.9261840328635951,0.9983614482751789,0.9228908593553928,0.8342122086024171,0.9698382173897018,0.9865131178127511,0.9713507065305735,0.8972654241994791,0.8481743454856234,0.9679994876136981,0.917154256444402,0.8910426583248505,0.8657807842755783,0.918138754358939,0.9220700353609519,0.9024392052087975,0.9436554450509942,0.9714876930804949,0.9782667260455581,0.971137692094667,0.865780784275578,0.8910426583248505,0.8363030843630053,0.9220700353609517,0.8187839972957638,0.8530715715896546,0.9107280314569579,0.8880325471109585,0.8666421769503914,0.9004911494084336,0.918138754358939,0.9038035415131251,0.888032547110958,0.9261840328635953,0.8631790748003907,0.8029012821767434,0.6536226126763636,0.8224467786369195,0.9760475267425827,0.9332025653862874,0.7011448553335604,0.9478374857144207,0.8187591924054026,0.8631790748003905,0.7880288772623985,0.9629940985099353,0.7053276815529932,0.865780784275578,0.9186255087204842,0.49428033778449243,0.8606091151654389,0.9175700816842534,0.9004911494084331,0.8843047753228901,0.8941182576784141,0.815952263261482,0.9588690629558566,0.8951634300459383,0.978631048101317,0.9143648077845039,0.706660296737434,0.9528206548013269,0.916003804834931,0.7289564930519414,0.9906286789501815,0.8457599214352889,0.8631790748003907,0.7182886012187824,0.863513318769191,0.9004911494084331,0.9607151834963714,0.9758106996856857,0.9150128085700575,0.9737995795008241,0.9261840328635951,0.8223896617840991,0.9014795552136838,0.8555570364268277,0.9539287215866565,0.9004911494084331,0.8386392613801175,0.9920340456796233,0.980734713765004,0.8044938653838819,0.8972654241994793,0.9004911494084331,0.829941924828794,0.8225552690974187,0.9133288905523689,0.8677611294139131,0.8271827784463164,0.8252392017888603,0.8205821124942525,0.883400143757179,0.9965098618221202,0.9460505649436606,0.9072120922355342,0.9004911494084336,0.8247575259604105,0.8556310205852875,0.9181387543589388,0.8181621045569498,0.8543794552275873,0.9658034041649687,0.9534769487967074,0.7956039782769542,0.868416302574814,0.8483956261507207,0.940800720609225,0.9072120922355342,0.9008183386664993,0.9807457617146846,0.9637550377043786,0.9261840328635951,0.9576547569763669,0.6598895745135429,0.7754910920028371,0.876549336484121,0.9895286698046499,0.957923341102265,0.9705061211617021,0.9038035415131251,0.6675402128064065,0.9343080653650264,0.37177868973365524,0.9799201425543527,0.9478374857144205,0.9107280314569579,0.8727206163368165,0.926193613582623,0.9525619254208466,0.8640482291940301,0.9107280314569579,0.9107280314569579,0.8941182576784141,0.997254946261853,0.9220700353609517,0.8584509821672033,0.7867157975290029,0.8001178393156163,0.9441432497761624,0.9166656255065382,0.8993959573175436,0.7608691747948085,0.7520825551433661,0.9220700353609517,0.8850223322642585,0.916003804834931,0.8662986389296403,0.9629940985099354,0.8920984402161445,0.8210853086117234,0.9053763157284516,0.8283167330770704,0.7957286869230606,0.8649461036388844,0.9478374857144207,0.9318712301664056,0.7277474996911846,0.7986186992005431,0.8613881209721928,0.7407931264766208,0.89076616513903,0.9108934032586795,0.9247661785971237,0.9922882207230792,0.8972654241994793,0.8606091151654387,0.7700403935549915,0.9106654795469209,0.9563339064430632,0.918138754358939,0.9313918326126671,0.9990592592551364,0.838618711546127,0.9320416501036446,0.9052344023402792,0.9745310482030678,0.621180240648406,0.7302646683670311,0.9639631795143848,0.8669932082000242,0.8137492464902554,0.9472028518597411,0.6915396572644223,0.9616559945502074,0.9248036389822765,0.9374677084173377,0.9815770496430947,0.47032369037648336,0.9004911494084331,0.8996469044180135,0.8941182576784144,0.7523733119400997,0.7636934165704865,0.9347245437447826,0.584137599482859,0.9004911494084331,0.7988841641677649,0.9200681669998787,0.9220700353609517,0.9004911494084331,0.9159797519672968,0.8339840080055287,0.8182692995544196,0.9006159205471591,0.8365856713228093,0.8972654241994793,0.9004911494084331,0.39928839037813635,0.9004911494084332,0.830697238620143,0.9607400260234018,0.849552339858268,0.9004911494084331,0.9056121822346033,0.9004911494084331,0.7135094718633206,0.8878245390380259,0.836303084363005,0.7568996972756221,0.9072120922355342,0.7940591491147252,0.8941182576784139,0.9666265784581531,0.9436554450509946,0.954092401267036,0.9212835637055172,0.9538168143302922,0.9107280314569579,0.801706744492966,0.7558496847374976,0.8093852229086016,0.9285547821725124,0.9332636707881306,0.9332636707881303,0.8980516101285151,0.7754910920028371,0.9616559945502076,0.9004911494084331,0.8760460886862911,0.9004911494084331,0.809516592959477,0.9426367507336171,0.8367162284768284,0.4122666763168533,0.7122856106753948,0.8603369936042411,0.8316811639781392,0.8765493364841208,0.8112234314800251,0.9208637354012905,0.9788650959048172,0.8896609403700338,0.8818088349992346,0.8437716200111418,0.8856053299934137,0.9343080653650264,0.9544071893297128,0.7667179306807324,0.9261840328635953,0.9642939782345645,0.9330835047956022,0.9580340059652181,0.8602659343120391,0.9282339984378885,0.6683457350993536,0.6079989416596812,0.7392642036964785,0.9933296509430152,0.9181387543589388,0.9534769487967074,0.8316811639781396,0.9622629051191278,0.8741039210453121,0.9181387543589388,0.9053712539746255,0.7357974367827524,0.8231791864439286,0.8443737802152147,0.9013534900827225,0.9072120922355342,0.8768706677362998,0.9973499235441915,0.8941182576784141,0.9072120922355342,0.9072120922355342,0.7699146289053014,0.918138754358939,0.7699146289053012,0.9249971989626641,0.7754910920028371,0.763235777636414,0.9637550377043786,0.9004911494084336,0.9499371710476525,0.8941182576784144,0.9949132781456955,0.9751365304439789,0.8503036531113333,0.9072120922355342,0.8631790748003905,0.5867410736256804,0.6881646809550994,0.9882886829673255,0.7434957177339343,0.8916174122667309,0.7900234104890249,0.832380555200712,0.9226233079465145,0.9698382173897018,0.9248036389822765,0.9220700353609517,0.9179396080130531,0.9580835864837807,0.8462532587112923,0.9884628791933072,0.9004911494084331,0.9107280314569577,0.7861693205705471,0.8657807842755789,0.9181387543589388,0.7356938511867396,0.8972654241994791,0.9004911494084331,0.9342739522947868,0.5800821288412235,0.9732682917366106,0.8411506096860151,0.9756819398085319,0.8710878802609616,0.752530981788091,0.9330835047956023,0.6648493753447453,0.808156144814058,0.8880325471109585,0.7058585722446769,0.9072120922355342,0.8922908924817223,0.6478884147221424,0.952168418575428,0.9842880367112302,0.9764578705634923,0.7882377589773756,0.8922908924817221,0.8952014048158188,0.8910426583248505,0.8972654241994793,0.7603090137119384,0.9007073892735861,0.9860995989676451,0.9118116686604397,0.6449163766852779,0.9004911494084331,0.7673839470455566,0.5273340947074767,0.8952641970718371,0.8570279495419273,0.8390890544952976,0.9700864819897079,0.9004911494084331,0.9004911494084331,0.558433616884531,0.8940135002580035,0.9241025890413344,0.9004911494084332,0.9220700353609517,0.9004911494084336,0.9125195038274307,0.7986186992005433,0.8544983114285275,0.9004911494084336,0.8775434408290577,0.9920340456796234,0.6713692504914519,0.8065562425497159,0.9004911494084331,0.7672051536759701,0.8613881209721928,0.7997559226734821,0.9906604880924004,0.9852726663056872,0.8404281131746826,0.9072120922355342,0.9228908593553928,0.9004911494084331,0.7344946464470239,0.7816274664801086,0.7785730132132769,0.7010454953260257,0.6244775287216081,0.8055160448651137,0.888032547110958,0.9004911494084331,0.7733559138145687,0.870583193763355,0.9004911494084331,0.5299458190494784,0.8608586131034119,0.6906189157633547,0.6881646809550994,0.9751365304439787,0.9004911494084331,0.7967050159372268,0.8979851783931698,0.9581074754130983,0.8809474616519877,0.978283887137122,0.8181621045569498,0.9140840447151317,0.8179959617530401,0.9072120922355342,0.7630686340617758,0.7979198875627123,0.904740849996801,0.8901552209864811,0.7676806008662853,0.7466247162709692,0.8737979857661256,0.9107280314569579,0.8657807842755789,0.9004911494084331,0.9637550377043786,0.8741039210453119,0.6834793791392053,0.9208637354012904,0.8051628422065974,0.9662311315641035,0.8351419424049222,0.9389568152317858,0.9301746946212588,0.9865131178127512,0.9851427757797314,0.9472028518597411,0.8612023133638136,0.9846049306378637,0.8081635455684224,0.8747359729748496,0.7913208724665486,0.9521684185754278,0.9714876930804952,0.8954456618820573,0.9758106996856855,0.9220700353609517,0.8323394662787408,0.8864731575813805,0.9347245437447829,0.8328580194571723,0.959878791044932,0.8992619910243467,0.9478374857144207,0.8922908924817221,0.7358080822712506,0.8172798848289999,0.9926545800718498,0.8676054067146811,0.6582662057554468,0.9076544108756526,0.9499271462348511,0.7914062436534528,0.8137531923054391,0.9613445688403952,0.852398834682631,0.9942108688133633,0.9125195038274307,0.885778720117262,0.9666265784581534,0.642663281083625,0.6910908969611773,0.8987542353497702,0.6426453204954854,0.9922765821249184,0.8626712506060823,0.9072120922355342,0.9525619254208466,0.8365829553034734,0.8640003271366137,0.4941796541249628,0.8081635455684218,0.8639352066015977,0.8089854010455961,0.9143648077845039,0.8626764763267432,0.8910426583248505,0.8910426583248507,0.9949132781456957,0.9906286789501815,0.8530715715896549,0.675162897316761,0.8293937334241626,0.8972654241994793,0.8972654241994793,0.8072870041730524,0.9728505919998223,0.9964955240981677,0.8057344050230492,0.9004911494084331,0.9581074754130987,0.9004911494084331,0.9004911494084331,0.9965098618221204,0.8737979857661253,0.8666421769503911,0.9004911494084331,0.9753503849910738,0.9407680225546491,0.8185371722553647,0.9312660862164919,0.7672051536759701,0.9339098522246043,0.9927472117671714,0.965922856802036,0.9981163816765464,0.7688079444976256,0.9985859925202138,0.9581074754130987,0.8640003271366139,0.960620235567283,0.7898734197426021,0.8530715715896549,0.9060717478541924,0.9301746946212588,0.8563327505203995,0.9143648077845039,0.8179959617530401,0.9072120922355342,0.8935686589116192,0.8955682817755496,0.9281614381684171,0.9666265784581529,0.9328257339797927,0.8775434408290577,0.954092401267036,0.847716236157791,0.7414530852866155,0.9478374857144207,0.9436554450509949,0.9824233631406698,0.8316811639781392,0.8824865170425751,0.9461599095879434,0.9629940985099353,0.9728605013801859,0.8910426583248507,0.8948440140773988,0.7838320262642453,0.9916066523038791,0.6525743025511789,0.8555570364268277,0.9764578705634923,0.7188546094633952,0.8220295412646912,0.8086385125994828,0.8625157153547962,0.9115001904163031,0.9496297805061303,0.9684660282518132,0.9004911494084331,0.9107280314569579,0.9617282674089433,0.5276784765323908,0.9112555335898611,0.8312577725061671,0.9977124314930521,0.8555570364268277,0.8907121660266377,0.8167733719271152,0.9972549462618527,0.9698382173897018,0.9731690670198232,0.6910908969611773,0.9621470055738519,0.9301746946212588,0.888032547110958,0.9616475384687977,0.9426367507336174,0.9318712301664056,0.8898369616842241,0.8207273078939163,0.6289636884733205,0.8804945130730659,0.8768706677362997,0.9929475114204662,0.7464364778318779,0.8803629912326538,0.9346254185527987,0.939608240224485,0.7817171719766969,0.839775451949228,0.8985152807152272,0.8323118702853274,0.9343080653650264,0.9949355232802641,0.6885006095798505,0.9764578705634923,0.9397021583472869,0.9478374857144205,0.8640003271366137,0.9379315861543059,0.9822208584411788,0.6353796279391504,0.8530715715896549,0.8712150485544222,0.8284948983489442,0.9150128085700575,0.5470949583173123,0.9107280314569579,0.9732682917366107,0.9004911494084331,0.5690860813603296,0.8292303656813191,0.9807994460560281,0.8433666659801875,0.9004911494084332,0.9915916890876306,0.8584509821672037,0.8619989759299995,0.8481743454856236,0.811564351007452,0.9347245437447829,0.9059360330311084,0.8626722682046531,0.9141970393007293,0.7926506790561124,0.7251707285821376,0.8692411455887943,0.9143648077845041,0.8093852229086014,0.8890895984248459,0.9884628791933072,0.9332636707881301,0.9764578705634923,0.9983890748485311,0.8941182576784144,0.9261840328635953,0.8850825988655406,0.9115470187593031,0.938613174345712,0.9092250879244501,0.7734151361490378,0.9637550377043786,0.6420445513442266,0.9115001904163036,0.8157030193452093,0.8926735201930475,0.8972654241994793,0.9949132781456955,0.9261936135826228,0.8972654241994793,0.8972654241994793,0.6460322279543218,0.9004911494084331,0.7574477890974255,0.8103049115439784,0.9004911494084331,0.8710878802609616,0.9733825816092685,0.9450123956047417,0.9072120922355342,0.6919511835581453,0.5065477962802916,0.9343080653650266,0.8963271824430523,0.7400670399131453,0.8737979857661251,0.9835859748819014,0.9004911494084331,0.8181621045569498,0.8896609403700333,0.9926545800718498,0.8790872188434918,0.8203832829382245,0.918138754358939,0.9431134523268976,0.9080787883543031,0.9178168350379668,0.9711376920946673,0.9767351992829902,0.9829035021794312,0.9441435106432322,0.8467228123373567,0.6842495709967189,0.8821881173643271,0.9906286789501817,0.8920984402161447,0.9478374857144207,0.8335257230376703,0.996215521905362,0.9004911494084331,0.97673519928299,0.7891917881032466,0.9698382173897018,0.7683336818826072,0.8910426583248505,0.7895649705783688,0.7572571918806907,0.9662311315641035,0.8858462996988247,0.914492022598888,0.9004911494084331,0.9004911494084331,0.7998430772703009,0.8877779189534005,0.9883920488309723,0.8843047753228899,0.854667952321678,0.8382628253136,0.7902904933221351,0.9700499580711579,0.8684163025748142,0.6335659320191844,0.9004911494084331,0.0,0.9107280314569579,0.9261840328635953,0.737359147935895,0.9181387543589388,0.8707386947210957,0.9004911494084331,0.9004911494084331,0.8050989283892542,0.9004911494084336,0.985318797183763,0.8793449357816121,0.756017545606982,0.8248675029173149,0.6648427829602611,0.7577743030118225,0.9327450642621642,0.8139551213591356,0.9004911494084332,0.8339840080055283,0.9436262682625565,0.9038035415131251,0.8081635455684221,0.9171883445533838,0.9118116686604394,0.8725745362635551,0.8386392613801175,0.9038035415131254,0.9241025890413344,0.9004911494084331,0.9650348726734559,0.9400835244061025,0.89076616513903,0.9226233079465143,0.892139586868056,0.6117737533103049,0.8365856713228093,0.7136533723575453,0.9981498569583073,0.855251091907367,0.7853120685020587,0.47624014703524675,0.9220700353609517,0.8327507869317821,0.983311367357016,0.9663222461526548,0.9209014751655664,0.9343080653650264,0.7568996972756221,0.8606091151654387,0.9674566664292678,0.6552607297511992,0.8727206163368166,0.7937172565597141,0.973268291736611,0.7721729409370222,0.9666695671111549,0.8693154315260123,0.8825193498213124,0.938613174345712,0.9698382173897016,0.9115001904163034,0.8955682817755497,0.8591508824689509,0.9566644487892415,0.8972654241994791,0.7121836359434524,0.8559192245056022,0.8996469044180131,0.9552725214554612,0.6541394234899569,0.7717256567382476,0.9232770309334528,0.9004911494084331,0.7880288772623985,0.9851427757797313,0.952853094785554,0.9698382173897018,0.7731128838635691,0.8710878802609618,0.9520410577184539,0.9004911494084331,0.9972549462618527,0.6857845581955857,0.8553870451645404,0.9835149291263185,0.9672840913903674,0.9995978775660017,0.9107280314569579,0.9206535828983604,0.9700864819897078,0.9503449683380623,0.8269522449537855,0.8737979857661251,0.7450502746813716,0.9261840328635953,0.8737979857661251,0.9386131743457118,0.806686143586555,0.905466001873578,0.95285670678076,0.8086385125994824,0.7119678917142851,0.7945326510933385,0.8972654241994793,0.90922508792445,0.7281232494143246,0.7964881657302825,0.652574302551179,0.5980580478379582,0.9004911494084331,0.9555453301502007,0.732240853067204,0.8481743454856234,0.9004911494084331,0.7902904933221353,0.9566644487892413,0.9181387543589388,0.9405448288498192,0.8972654241994793,0.822029541264691,0.9285406953319055,0.9415091348555182,0.7976250857216745,0.8438084733824514,0.8737979857661256,0.650203747725858,0.9004911494084331,0.7490348185080629,0.9004911494084331,0.9637550377043786,0.9300864725779536,0.9545735659429229,0.9261840328635953,0.9230974962457649,0.909415255204717,0.9579220175208585,0.8481743454856234,0.9004911494084331,0.5945752790510512,0.9812322609699886,0.8131504289774713,0.962237250161651,0.8588039237011793,0.9949132781456955,0.8530715715896546,0.8800658018485255,0.8125064031083682,0.8744887478959327,0.9101337190906842,0.8125064031083682,0.8747639177841733,0.9107280314569579,0.7957286869230606,0.8125064031083682,0.9261840328635953,0.9245460758162976,0.978266726045558,0.917154256444402,0.9343080653650264,0.9583403599365299,0.9318712301664056,0.8299419248287938,0.8588039237011791,0.816773371927115,0.8808112651450144,0.8631790748003907,0.7693508053105949,0.8634130271408588,0.9532559695004015,0.8481743454856236,0.829511516407536,0.830460987825769,0.9320416501036446,0.8203832829382249,0.9499371710476525,0.8996469044180132,0.9478374857144207,0.940992528001976,0.8983675882694171,0.8580690156021946,0.9735469133022013,0.9156972857333865,0.994913278145696,0.9143648077845041,0.9786745974354684,0.8555570364268275,0.9446287298796076,0.9654445901625988,0.9013056516233546,0.9134082169367891,0.9711376920946673,0.8775434408290577,0.9386131743457118,0.9208783026405281,0.8782070039168683,0.9274078417842686,0.8050541516245484,0.8292847915460424,0.9106645217011181,0.9281680987989613,0.9891253832836135,0.8951634300459375,0.9613445688403954,0.9938979535064574,0.779740523752394,0.9280050900603019,0.8572302139790415,0.8821881173643271,0.7107916837691284,0.8972654241994793,0.971569020656017,0.7598780322410684,0.9478374857144207,0.9431134523268974,0.7979198875627125,0.8580690156021942,0.988462879193307,0.8443737802152151,0.8244467182719015,0.6829202012614362,0.8941182576784141,0.8941182576784141,0.9103640548264504,0.8249953702118182,0.8318544149375375,0.8896609403700334,0.9604849829983486,0.9014795552136836,0.9581074754130987,0.7901349926747223,0.9580340059652186,0.9389568152317858,0.9698382173897018,0.8766790666039548,0.9906286789501816,0.9030348567102107,0.9143648077845041
p273_Y,0.8159378637269956,0.9473756291574582,0.5788484422307301,0.9304741538905168,0.9544316996038,0.9661972965770262,0.8455226223395758,0.817057101195971,0.9137092609592143,0.9643133649175286,0.36712679555941397,0.9529545363721539,0.9529545363721539,0.9304741538905168,0.9894435908227328,0.8971901564492131,0.9501049319099923,0.9385367079941813,0.9625131050152524,0.9643133649175286,0.8990962871160679,0.38243605452529905,0.9422080421889416,0.9559485503920393,0.39681053131259425,0.9385367079941811,0.9830316367629124,0.9250379219402802,0.9643133649175286,0.7984206482463505,0.9327167510955894,0.9608127721335266,0.985998391819751,0.9271857963192043,0.9544316996038,0.9625131050152524,0.07198279492562476,0.9487265052554263,0.966197296577026,0.9373453016197315,0.9097421633544902,0.9397435965156076,0.9661972965770262,0.9218739081138494,0.9501049319099923,0.9301551713322505,0.19244580608505335,0.9107280314569577,0.4575465901506691,0.9029316112204655,0.9591194968553456,0.9324282734053553,0.9385367079941811,0.9473756291574582,0.9487265052554263,0.9361684345174046,0.9361684345174044,0.9544316996038,0.7652933686087295,0.15687099035540542,0.9157186269856046,0.8485170805722068,0.9385367079941818,0.9097421633544902,0.9607848936032954,0.8425003792101682,0.9591194968553456,0.8707710541962024,0.8020423584034363,0.9625131050152524,0.9293685115305117,0.9373453016197317,0.9544316996038,0.8445183988316078,0.9544316996038,0.5986505443815753,0.9447481688519044,0.9460501530640812,0.7421009311387937,0.9661972965770262,0.946050153064081,0.940966997789066,0.9338549253147788,0.9385367079941815,0.9544316996038,0.9261077324693097,0.9447481688519044,0.8875935086546549,0.651042649326655,0.9529545363721537,0.9544316996038,0.9427946840319119,0.8485170805722069,0.8698224617128842,0.9338549253147788,0.9107280314569577,0.9403916813458222,0.6337830280646118,0.8384238384890397,0.8373957982954758,0.9554815748429077,0.957509435301382,0.9544316996038,0.8726649773302662,0.7197243312476425,0.08301287652694123,0.5973977130084658,0.8181708833001988,0.943467974097185,0.8465237589272379,0.962299054571988,0.9466104231235154,0.8268966588916085,0.5866524475700889,0.0378922136098605,0.8056017035197611,0.9473756291574582,0.9625131050152522,0.966197296577026,0.8726649773302662,0.9218739081138492,0.8971901564492131,0.943467974097185,0.9327167510955894,0.9385367079941815,0.7805867564015283,0.07198279492562476,0.9451689995479283,0.9061219481453389,0.9239759423528264,0.8858525408230951,0.957509435301382,0.9591194968553456,0.9661972965770262,0.9501049319099923,0.89455712136231,0.8915055770282612,0.9591194968553456,0.16013546202225548,0.9515133476881703,0.7667375428754117,0.12705000336722982,0.8425003792101682,0.8849118467483819,0.8990962871160679,0.9197987094973854,0.9038960691476476,0.8583244595873938,0.937345301619732,0.8114042753167636,0.9643133649175286,0.9157186269856044,0.6836583097511206,0.8933957590212613,0.9591194968553458,0.937345301619732,0.9058327972212654,0.9229213960709446,0.7500848507922816,0.8971901564492131,0.8898606214266386,0.957509435301382,0.9409669977890662,0.8225734700092833,0.6390890551532901,0.9250379219402802,0.8754988991654495,0.6306371608045289,0.9338549253147788,0.9278919760223627,0.9304741538905168,0.27196612847404966,0.9361684345174046,0.8583244595873937,0.7563749039071171,0.9648675459392011,0.9625131050152522,0.883971315382519,0.9282725629505151,0.8981423730059304,0.9208331242859091,0.9000520303703363,0.9361684345174044,0.9529545363721539,0.8736104662007034,0.6882381005216132,0.8726649773302662,0.9117176971980809,0.9473756291574582,0.9659497926039275,0.9515133476881703,0.9137092609592146,0.7437455951366188,0.8114042753167636,0.9966922538063424,0.9544316996038,0.9559485503920395,0.9515133476881705,0.9107280314569577,0.722900289814764,0.9029316112204657,0.9529545363721539,0.9544316996038,0.6532895355609476,0.8114042753167636,0.9643133649175286,0.9544316996038,0.9155677991130318,0.9239759423528264,0.9755588472540062,0.9404815542410545,0.9147116017278332,0.9529545363721539,0.9544316996038,0.8707710541962024,0.9544316996038,0.8211183544415497,0.9211495461267731,0.8524700617069341,0.9544316996038,0.67164544834844,0.9544316996038,0.7998417332331829,0.9949291060968913,0.9250379219402802,0.6327772218191885,0.957509435301382,0.794733085207088,0.9515133476881701,0.41034420891855095,0.9447481688519046,0.9157186269856044,0.813682608787891,0.9271857963192041,0.9591194968553456,0.9097421633544899,0.9019695505324468,0.9554518077232719,0.9077810309891678,0.5094807987830572,0.9239759423528264,0.9501049319099923,0.9356856974167589,0.9515133476881705,0.9544316996038,0.9127113681766137,0.9544316996038,0.829030356996278,0.9239759423528264,0.9591194968553456,0.9350052413014638,0.794733085207088,0.9559485503920393,0.9229213960709446,0.27686116865982624,0.9038960691476476,0.9460501530640812,0.8754988991654495,0.957509435301382,0.8849118467483819,0.8849118467483819,0.86025830850666,0.9529545363721537,0.9607848936032954,0.8465237589272379,0.966197296577026,0.8504989784061949,0.7916225077062019,0.9397435965156073,0.9199989838706863,0.9243815265814346,0.9591194968553456,0.8641031766521008,0.7751707543509228,0.8569522690866247,0.08301287652694123,0.8465237589272376,0.9229213960709446,0.9409669977890662,0.9117176971980812,0.08301287652694123,0.8669692234537123,0.8332455615339118,0.9607848936032954,0.908759893665108,0.9304741538905166,0.957509435301382,0.9271857963192043,0.8268966588916087,0.2940426306563939,0.9575094353013818,0.957509435301382,0.7737917914928159,0.9625131050152524,0.8363962371582656,0.869822461712884,0.602367810972693,0.86025830850666,0.9625131050152524,0.9544316996038,0.9373453016197315,0.9515133476881705,0.9591194968553458,0.8225734700092833,0.9087598936651085,0.957509435301382,0.937345301619732,0.9250379219402802,0.8167498933030726,0.9187703462526826,0.8962395095530544,0.888278639033526,0.7805867564015283,0.8524700617069341,0.9221821648495907,0.9643133649175286,0.9137092609592146,0.9643133649175286,0.5361410951751719,0.9239759423528264,0.9913065253514575,0.957509435301382,0.9544316996038,0.9591194968553454,0.9127113681766137,0.9385367079941818,0.08301287652694123,0.9607848936032954,0.9529545363721539,0.9544316996038,0.3968105313125939,0.9625131050152522,0.966197296577026,0.4902762425833834,0.7421009311387936,0.9409669977890662,0.9591194968553456,0.8504989784061949,0.7336362758241322,0.943467974097185,0.9487265052554266,0.9233903453704979,0.9575094353013818,0.9271857963192043,0.757893768558104,0.9473756291574582,0.9197987094973852,0.9661972965770262,0.7897075031786098,0.9271857963192038,0.8008422195759235,0.31439732349195837,0.9529545363721537,0.9793236882044447,0.8971901564492131,0.8268966588916087,0.8279657565412282,0.7485888881337752,0.9544316996038,0.8688726774726097,0.9261077324693099,0.9282725629505151,0.44675533028303815,0.9643133649175284,0.8612222667022569,0.9544316996038,0.9544316996038,0.9373453016197315,0.9137092609592146,0.9774192396189842,0.9544316996038,0.9643133649175286,0.9544316996038,0.9304741538905167,0.63908905515329,0.8114042753167634,0.900538421250602,0.9315900378678903,0.9447481688519044,0.728351748348125,0.7623699658698975,0.9544316996038,0.61652085536815,0.9250379219402802,0.7996350258936387,0.8020423584034364,0.40241886019892603,0.8830308532373587,0.9575094353013818,0.8170571011959711,0.9544316996038,0.7751707543509228,0.9385367079941815,0.6765515156534121,0.8475218860027951,0.9559485503920393,0.7301312695908215,0.9487265052554266,0.9544316996038,0.9068053912485843,0.8247446089328486,0.9544316996038,0.9315900378678903,0.8159378637269961,0.711449816774324,0.7533024191224422,0.8225734700092833,0.9544316996038,0.8020423584034366,0.8707710541962022,0.9607848936032954,0.7604422708501075,0.7533024191224422,0.9167305843279032,0.9177477332861093,0.9068053912485843,0.0378922136098605,0.9087598936651085,0.8981423730059304,0.9422080421889416,0.867921623788791,0.8867934927338035,0.6476689942713074,0.9422080421889416,0.0,0.9385367079941818,0.9544316996038,0.9625131050152524,0.9117176971980809,0.832198064937085,0.9460501530640812,0.47778404797553353,0.9515133476881703,0.8818837573472098,0.9559485503920393,0.9515133476881703,0.991511387719873,0.9544316996038,0.9473756291574582,0.6232018013008533,0.9137092609592146,0.9625131050152524,0.862184347348063,0.9643133649175286,0.9473756291574582,0.9400741852851487,0.8336974907151966,0.9447481688519044,0.9643133649175286,0.8350509347173096,0.9250379219402802,0.9427946840319119,0.9397435965156076,0.9447481688519046,0.5744033572634892,0.957509435301382,0.9271857963192043,0.9097421633544904,0.6296422728260445,0.9409669977890662,0.9097421633544904,0.9460501530640812,0.9327167510955894,0.8893257159297718,0.7959698129526698,0.9984254449549754,0.9501049319099923,0.8332455615339118,0.6622198676465976,0.9304741538905168,0.9409669977890662,0.9422080421889416,0.7501740968189339,0.9460501530640815,0.7265705885140912,0.9409669977890662,0.4622688605443812,0.7792473655810663,0.957509435301382,0.8612222667022569,0.7437455951366186,0.9261077324693097,0.9933095589619414,0.9625131050152524,0.8211183544415496,0.9029316112204657,0.9607848936032954,0.9250379219402802,0.9501049319099923,0.9501049319099926,0.9591194968553456,0.9625131050152524,0.9327167510955894,0.7387643482726471,0.9218739081138492,0.27196612847404966,0.9529545363721539,0.8414864259682342,0.9167305843279034,0.9501049319099926,0.9572654625627895,0.9544316996038,0.12394457825310956,0.9544316996038,0.9544316996038,0.8373957982954758,0.9422080421889416,0.9271857963192038,0.9544316996038,0.829030356996278,0.8544309354723387,0.9239759423528265,0.9358593744118062,0.6919182993082406,0.7652933686087294,0.9137092609592146,0.9127113681766139,0.8563822015167812,0.9487265052554263,0.8981423730059303,0.9607848936032954,0.9261077324693099,0.8630614034554602,0.8707710541962024,0.4962382389721034,0.9487265052554266,0.9515133476881703,0.850706776411942,0.9607848936032954,0.6431660007091019,0.0378922136098605,0.9107280314569579,0.9447481688519044,0.9397435965156078,0.9422080421889416,0.8641031766521012,0.40241886019892614,0.9157186269856046,0.9422080421889416,0.9282725629505149,0.957509435301382,0.9447481688519046,0.9559485503920393,0.5630800747977556,0.8717185331373514,0.9222692303427626,0.9591194968553456,0.8717185331373514,0.9501049319099926,0.7934886331492647,0.6657888880247789,0.9529545363721539,0.7996350258936387,0.9338549253147788,0.8425429626878574,0.7652933686087295,0.862184347348063,0.9127113681766137,0.7681703273063951,0.9447481688519046,0.9167305843279032,0.8943424304056793,0.9544316996038,0.0,0.9250379219402804,0.9544316996038,0.9103339493566889,0.9447481688519044,0.9515133476881705,0.48721666860616075,0.7949546003349713,0.9422080421889416,0.8247446089328487,0.9643133649175286,0.7792473655810663,0.9460501530640812,0.8802089698693751,0.9515133476881703,0.9487265052554263,0.8404690714821101,0.9239759423528264,0.9409669977890662,0.7922363153434719,0.8924501786702492,0.8225538587803667,0.8773844821970236,0.9752372748615917,0.8485170805722069,0.7413155487309184,0.9327167510955894,0.9643133649175286,0.943467974097185,0.9559485503920393,0.7172704758475096,0.9127113681766137,0.9038960691476481,0.9529545363721537,0.7765395464272922,0.7134120602206246,0.9661972965770262,0.8915055770282612,0.957509435301382,0.9261077324693097,0.5500833737992555,0.996566586696046,0.9541290792408026,0.44432505625098484,0.943467974097185,0.9087598936651082,0.946050153064081,0.9529545363721539,0.16013546202225548,0.9661972965770262,0.9544316996038,0.9271857963192043,0.8792678792793369,0.826801547165725,0.9730090101747262,0.9544316996038,0.8952903079111569,0.8425003792101684,0.9157186269856044,0.9304741538905168,0.5262469229133326,0.9029316112204655,0.8933957590212609,0.8079415948250697,0.9350052413014638,0.9157186269856044,0.8660153996906965,0.9019695505324468,0.12394457825310956,0.5316629177168315,0.9361684345174044,0.957509435301382,0.9711878805915029,0.966197296577026,0.9350052413014638,0.9515133476881705,0.8425429626878576,0.9473756291574582,0.9361684345174044,0.9544316996038,0.8583244595873937,0.6060108913463811,0.9625131050152524,0.9544316996038,0.9447481688519046,0.7922363153434718,0.8225734700092833,0.9529545363721537,0.9591194968553458,0.9501049319099923,0.9529545363721537,0.9529545363721537,0.9271857963192043,0.9544316996038,0.9501049319099923,0.9949291060968914,0.9544316996038,0.9409669977890662,0.9019695505324468,0.9625131050152522,0.0378922136098605,0.9607848936032954,0.9559485503920393,0.9529545363721537,0.7765395464272921,0.8726649773302662,0.9422080421889416,0.8573544191143379,0.9544316996038,0.9949291060968914,0.957509435301382,0.9409669977890662,0.8148130677930066,0.5029863032607462,0.9625131050152522,0.9559485503920393,0.943467974097185,0.9239759423528264,0.936582663250047,0.24790396509541268,0.9239759423528264,0.9293685115305117,0.9327167510955894,0.7830122900340044,0.9460501530640812,0.9507165296704019,0.9373453016197317,0.11516900984745693,0.9167305843279032,0.8583244595873938,0.9544316996038,0.9544316996038,0.613084956415163,0.9643133649175286,0.8544309354723385,0.18067046083776728,0.9460501530640812,0.8425003792101684,0.9515133476881703,0.8125463805509152,0.8067748700378881,0.9544316996038,0.9544316996038,0.9229213960709446,0.7301312695908215,0.9127113681766137,0.8887281516764465,0.8612222667022571,0.8977364728840895,0.7153521111143408,0.8203824865711142,0.9397435965156076,0.832198064937085,0.9544316996038,0.9107280314569579,0.0,0.966197296577026,0.8485170805722069,0.08301287652694123,0.8485170805722067,0.9544316996038,0.9544316996038,0.7971989552054204,0.9005384212506019,0.8044219767553502,0.38243605452529905,0.9404815542410545,0.9097421633544902,0.9350052413014638,0.6306371608045279,0.8514858339733076,0.9335689453150366,0.9544316996038,0.9239759423528264,0.8363640334164011,0.22153181872290717,0.9625131050152524,0.8981423730059304,0.8909910300164394,0.9197987094973854,0.9261077324693097,0.9559485503920393,0.6765515156534119,0.9544316996038,0.8445183988316076,0.977409661800282,0.90974216335449,0.6418623468324616,0.8792678792793369,0.9473756291574582,0.9147116017278332,0.7563749039071174,0.9607848936032954,0.8820903683689054,0.8764420057712254,0.9501049319099923,0.8539593087394248,0.9304741538905168,0.9385367079941815,0.832198064937085,0.9591194968553456,0.9529545363721537,0.7063997170207922,0.9361684345174044,0.9239759423528264,0.9707211351216223,0.9661972965770262,0.9239759423528264,0.9661972965770262,0.966197296577026,0.6171437968101474,0.9776317763878943,0.9068053912485843,0.9544316996038,0.9643133649175286,0.38243605452529905,0.9447481688519044,0.728351748348125,0.9487265052554266,0.9529545363721539,0.9361684345174044,0.9048630781107279,0.9559485503920395,0.7922363153434719,0.9261077324693099,0.8414864259682342,0.8214805068326567,0.9544316996038,0.9029316112204655,0.9544316996038,0.8114042753167636,0.9643133649175286,0.9397435965156078,0.940966997789066,0.7522076383746092,0.9544316996038,0.8247446089328487,0.7652933686087295,0.9409669977890662,0.8258229735464782,0.8445183988316076,0.832198064937085,0.08006773101112774,0.8724525586652854,0.7720943320371615,0.8258229735464784,0.7695919367481672,0.9422080421889416,0.775809895875169,0.9661972965770262,0.9422080421889416,0.9005384212506019,0.634914244844039,0.9373453016197315,0.8554077319402789,0.9127113681766137,0.7593982966903685,0.9544316996038,0.9529545363721537,0.8583244595873938,0.9451689995479284,0.6431660007091017,0.7996350258936387,0.777898355563907,0.9544316996038,0.8102561836643376,0.6665960077716825,0.9304741538905168,0.9544316996038,0.8563822015167812,0.9487265052554266,0.08301287652694123,0.9422080421889416,0.9529545363721537,0.862184347348063,0.9385367079941817,0.6390890551532902,0.9361684345174044,0.9177477332861093,0.9422080421889416,0.7563764498345815,0.9544316996038,0.9350052413014638,0.9544316996038,0.9625131050152522,0.8504989784061951,0.8962395095530544,0.966197296577026,0.9338549253147788,0.8853172535850609,0.9147116017278332,0.5131662731762368,0.9544316996038,0.8495094192726707,0.8394482358305893,0.6948865537510897,0.9327167510955894,0.9239759423528264,0.9591194968553458,0.9327167510955894,0.9315900378678903,0.9250379219402802,0.9038960691476479,0.7778983555639072,0.9250379219402802,0.9304741538905168,0.9591194968553458,0.602367810972693,0.9250379219402802,0.966197296577026,0.9385367079941815,0.9559485503920393,0.6023678109726931,0.9529545363721539,0.9315900378678903,0.940966997789066,0.9029316112204657,0.5094807987830579,0.9422080421889416,0.922921396070945,0.9373453016197317,0.9529545363721539,0.9447481688519046,0.8311464231994985,0.5131662731762373,0.9117176971980809,0.8504989784061951,0.9208331242859089,0.9177477332861095,0.9923551296406039,0.9559485503920393,0.19244580608505335,0.9117176971980809,0.9048630781107276,0.4777840479755341,0.9350052413014638,0.9107280314569577,0.1601354620222556,0.04073816660369156,0.9232797185420909,0.933854925314779,0.8802089698693754,0.9261077324693099,0.39241187352986606,0.8679216237887912,0.943467974097185,0.9315900378678903,0.2479039650954128,0.8534517371065098,0.8905618443793009,0.5692582912466633,0.9107280314569577,0.8650600761076828,0.9607848936032954,0.9271857963192041,0.888676559370384,0.9385367079941811,0.9161682054358171,0.487216668606161,0.9097421633544904,0.8849118467483819,0.7845489569349895,0.36712679555941397,0.86025830850666,0.9529545363721539,0.8952903079111569,0.840469071482111,0.957509435301382,0.22153181872290717,0.8981423730059304,0.9350052413014638,0.9575094353013818,0.9087598936651082,0.8773844821970236,0.9077763399699053,0.9515133476881705,0.29404263065639447,0.9144538550233172,0.9409669977890662,0.9127113681766137,0.9575094353013818,0.8736104662007036,0.30749747406404604,0.12394457825310956,0.9038960691476479,0.9466104231235155,0.9559485503920393,0.9643133649175286,0.8971901564492131,0.9625131050152524,0.8373957982954758,0.12394457825310956
p274_C,0.8163516728240249,0.9564866901437921,0.9197374370356892,0.9425114327004687,0.9623211158059548,0.9720496894409938,0.8722678885791351,0.8487307132759605,0.9286491105644255,0.052790958159659174,0.9553906988562066,0.9610996995613952,0.9610996995613952,0.9425114327004687,0.9336842693103169,0.6712114107412733,0.9587434581480645,0.9491780856091547,0.9690033562225548,0.9704919301607371,0.9165661374366312,0.9543141322095119,0.9522137875062906,0.2326540051734195,0.953255582527178,0.949178085609155,0.9587434581480645,0.9380163966266193,0.9704919301607371,0.8323106849540625,0.9443657603723177,0.9661972965770262,0.9576036838348736,0.9397924012017989,0.962321115805955,0.9690033562225546,0.9635753483468394,0.9576036838348734,2.220446049250313e-16,0.9481929520311925,0.9253688519211307,0.9501760208500689,0.9720496894409938,0.9354001807590555,0.9587434581480645,0.8868389261885843,0.9648659912110238,0.9261840328635953,0.9481929520311925,0.919737437035689,0.17313387011495374,0.8884227473641775,0.949178085609155,0.9564866901437918,0.9576036838348734,0.9472198404849024,0.47043906619852216,0.9623211158059548,0.8059290360431437,0.9599080294518356,0.9303105872741886,0.8747439046690526,0.9491780856091547,0.6254873296405832,0.9675743567407267,0.8697688980991498,0.9661972965770262,0.7384277708626144,0.8292427453148619,0.9690033562225548,0.9415972144812144,0.9481929520311925,0.9623211158059548,0.782593546960169,0.9623211158059548,0.9157773781681393,0.9543141322095119,0.9553906988562064,0.8689304945061074,0.9720496894409938,0.373442088480355,0.9511876099263499,0.9453068780840739,0.949178085609155,0.9623211158059548,0.9389009867184679,0.9543141322095119,0.8550872530468148,0.6446941655068895,0.9610996995613954,0.9623211158059548,0.919737437035689,0.7768546873095724,0.8923606027185707,0.9453068780840739,0.9261840328635954,0.9181483053976589,0.9165661374366314,0.7907939939476721,0.8655480930335329,0.9472198404849024,0.9648659912110238,0.962321115805955,0.8947109826062527,0.9040598105946911,0.9690033562225546,0.931147340525424,0.814096311765173,0.9532555825271782,0.7797528582489333,0.9079504174811017,0.4390189014229985,0.8568667102675334,0.9328339505740528,0.9648659912110238,0.8392586329331393,0.9564866901437921,0.09827945374704128,0.9720496894409936,0.8947109826062527,0.9354001807590553,0.6712114107412732,0.9532555825271782,0.49760595730153656,0.949178085609155,0.8185746204202071,0.9635753483468394,0.8970542565865081,0.9610996995613952,0.9371382816751241,0.905615332194182,0.9648659912110238,0.9661972965770262,0.9720496894409938,0.9587434581480645,0.7564255978266243,0.6884383316939826,0.9661972965770262,0.966197296577026,0.9599080294518356,0.8550872530468148,0.9704919301607371,0.8697688980991498,0.9048375041252172,0.6650004003137481,0.9336842693103169,0.9205349146293753,0.7614076267185659,0.9481929520311925,0.8440565830183069,0.9704919301607371,0.9303105872741886,0.7384277708626144,0.9118525638325776,0.9661972965770262,0.9481929520311925,0.9221363294762477,0.9362663130722397,0.7364958146357469,0.9149900225490741,0.804725297579278,0.9648659912110238,0.9511876099263499,0.8094833764446487,0.9237472579920247,0.9380163966266191,0.7284947426457362,0.9253688519211307,0.9453068780840739,0.7564255978266244,0.9425114327004687,0.9610996995613954,0.9472198404849024,0.8828532941996561,0.8915752582995884,0.9095092958001549,0.9690033562225548,0.7086694248546104,0.9406910117203195,0.9157773781681393,0.5730196105622355,0.9173564091624518,0.9472198404849024,0.9610996995613952,0.8954927753294004,0.8915752582995886,0.8947109826062527,0.6171066867295263,0.956486690143792,0.9434341193662401,0.3028451788013694,0.9286491105644257,0.8680892785394447,0.8207663324301318,0.5989303185983939,0.9623211158059548,0.23265400517341905,0.9599080294518358,0.6213514278373327,0.8780124908814337,0.9197374370356892,0.9610996995613952,0.9623211158059548,0.9025045192170253,0.8440565830183069,0.052790958159660284,0.9623211158059548,0.7738965054378302,0.9371382816751244,0.9157773781681393,0.8939283999593045,0.9294779121965995,0.9610996995613952,0.9623211158059548,0.7384277708626144,0.9623211158059548,0.860380696433722,0.8804415508981578,0.8780124908814337,0.9623211158059548,0.8970542565865081,0.9623211158059548,0.8722678885791348,0.931147340525424,0.9380163966266191,0.907950417481102,0.9648659912110236,0.8353231768642491,0.9599080294518356,0.9522137875062906,0.38820664002303085,0.9303105872741888,0.8459404597981655,0.9397924012017989,0.9661972965770262,0.9253688519211307,0.655181592999205,0.9278239868212359,0.9237472579920247,0.9371382816751241,0.9371382816751241,0.3225241548524257,0.9149900225490741,0.9599080294518358,0.9623211158059548,0.9278239868212359,0.9623211158059548,0.8586309929616845,0.9371382816751241,0.9661972965770262,0.9462580354121288,0.8353231768642491,0.23265400517341916,0.9362663130722397,0.953255582527178,0.9205349146293753,0.9553906988562066,0.8970542565865081,0.20446565813531903,0.9048375041252172,0.9048375041252172,0.7581058089268597,0.9610996995613954,0.9675743567407267,0.8730956945148616,2.220446049250313e-16,0.8763826688608698,0.7738965054378302,0.9501760208500689,0.9040598105946913,0.9071717080147699,0.9661972965770262,0.7512620045838893,0.8140963117651734,0.8353231768642491,0.9690033562225546,0.8730956945148616,0.9362663130722397,0.9511876099263499,0.9270023539448382,0.9690033562225546,0.8900013566415692,0.7972905325104861,0.9675743567407267,0.9245566463845687,0.9425114327004684,0.9648659912110236,0.9397924012017989,0.8047252975792779,0.9599080294518356,0.9648659912110238,0.9648659912110238,0.8505681838601363,0.9690033562225548,0.8129560940834343,0.8923606027185707,0.9149900225490741,0.8844523283713124,0.9690033562225548,0.962321115805955,0.9481929520311925,0.9599080294518358,0.9661972965770262,0.8094833764446488,0.6295192456385066,0.9648659912110238,0.9481929520311925,0.9380163966266193,0.8629791856785534,0.5838625198609824,0.6742237505107236,0.8804415508981578,0.8459404597981652,0.7708756350468666,0.9490060614215786,0.9704919301607371,0.9286491105644257,0.9704919301607371,0.9397924012017989,0.5553683337996577,0.9328339505740528,0.9648659912110238,0.9623211158059548,0.966197296577026,0.6127479292908626,0.949178085609155,0.9690033562225546,0.9675743567407267,0.9610996995613954,0.9623211158059548,0.953255582527178,0.9690033562225548,0.9720496894409938,0.9336842693103169,0.8689304945061069,0.9511876099263499,0.9661972965770262,0.7738965054378302,0.8730956945148616,0.953255582527178,0.9576036838348736,0.8820512005878682,0.20446565813531903,0.9397924012017989,0.8603806964337217,0.9564866901437918,0.9336842693103169,0.9720496894409938,0.8392586329331393,0.9397924012017989,0.830271740571741,0.9587434581480645,0.9610996995613954,0.9415972144812141,0.9149900225490741,0.8047252975792779,0.8577507109035436,0.8655480930335331,0.9623211158059548,0.8915752582995884,0.542540721071606,0.9406910117203195,0.9389009867184677,0.9704919301607371,0.7564255978266244,0.9623211158059548,0.9623211158059548,0.4604921211524192,0.6082696266282197,0.8954927753294006,0.9623211158059548,0.9704919301607371,0.962321115805955,0.9425114327004686,0.9237472579920245,0.8207663324301318,0.962321115805955,0.9434341193662401,0.9543141322095119,0.8755644359298407,0.8577507109035436,0.9623211158059548,0.9118525638325778,0.9380163966266191,0.8312943488564513,0.8292427453148619,0.9434341193662401,0.9032821743004193,0.9648659912110238,0.81522811957198,0.9623211158059548,0.8496516619740198,0.9491780856091547,0.8954927753294006,0.8739210119869605,0.9635753483468394,0.8747439046690526,0.9576036838348734,0.9623211158059548,0.9229405345355657,0.8550872530468148,0.9623211158059548,0.9434341193662401,0.8163516728240249,0.8828532941996561,0.8629791856785534,0.8094833764446488,0.9623211158059548,0.8363155310118788,0.8931449617140896,0.9675743567407267,0.8900013566415692,0.8629791856785535,0.931147340525424,0.9319883865480127,0.9229405345355657,0.9648659912110238,0.9245566463845687,0.9157773781681393,0.9522137875062906,0.7440708737294037,0.9063933734589966,0.9040598105946911,0.9522137875062906,0.966197296577026,0.9491780856091547,0.9623211158059548,0.9690033562225548,0.9270023539448382,0.7985559379258652,0.9553906988562066,0.9462580354121288,0.9599080294518356,0.8505681838601363,0.9635753483468394,0.9599080294518356,0.9553906988562066,0.962321115805955,0.9564866901437921,0.9102896363632478,0.9286491105644255,0.9690033562225548,0.7547252233507542,0.9704919301607371,0.9564866901437921,0.9522137875062906,0.8106497905453541,0.9543141322095119,0.9704919301607371,0.8118073077748235,0.9380163966266188,0.919737437035689,0.9501760208500689,0.9543141322095119,0.9278239868212359,0.9648659912110238,0.9397924012017989,0.6254873296405832,0.9087295850935582,0.9511876099263499,0.9253688519211307,0.9553906988562066,0.9443657603723177,0.8812473067855704,0.8343249892961567,0.9294779121965993,0.9587434581480645,0.7972905325104862,0.9189419416378726,0.5138109736953936,0.9511876099263499,0.9522137875062906,0.8646949616010218,0.9553906988562066,0.8900013566415693,0.9511876099263499,0.9371382816751241,0.846875198060719,0.9648659912110238,0.8852493927538772,0.8680892785394447,0.9389009867184679,0.9253688519211307,0.9690033562225548,0.860380696433722,0.6517640413322651,0.9675743567407267,0.9380163966266191,0.9587434581480645,0.9587434581480647,0.9661972965770262,0.09827945374704128,0.9443657603723179,0.870604554931679,0.9354001807590557,0.9610996995613954,0.9610996995613954,0.8689304945061074,0.594056195181146,0.9587434581480645,0.9048375041252172,0.9623211158059548,0.9675743567407267,0.9623211158059548,0.9623211158059548,0.8655480930335329,0.41509675907699617,0.9397924012017989,0.9623211158059548,0.8022882727652556,0.7677892378256611,0.9371382816751243,0.9469265748682146,0.9568784918748878,0.8559789162214919,0.6082696266282197,0.6127479292908633,0.8812473067855704,0.3407372836322805,0.6681377289013237,0.9675743567407267,0.9389009867184677,0.830271740571741,0.8931449617140896,0.9443657603723177,0.9576036838348734,0.3028451788013702,0.8250605217364744,0.9675743567407267,0.9229405345355657,0.9648659912110238,0.9261840328635953,0.3882066400230294,0.9501760208500687,0.9522137875062906,0.8876315196146518,0.9434341193662401,0.9303105872741886,0.9522137875062906,0.9406910117203198,0.9648659912110238,0.9543141322095119,0.9635753483468394,0.9362663130722397,0.8939283999593046,0.8812473067855704,0.9661972965770262,0.8939283999593046,0.322524154852428,0.8363155310118788,0.9181483053976591,0.9610996995613952,0.8312943488564515,0.9453068780840739,0.9720496894409938,0.8559789162214919,0.8860449046541112,0.6127479292908626,0.8541916441056754,0.9543141322095119,0.5940561951811458,0.9126353343364841,0.9623211158059548,0.966197296577026,0.9380163966266193,0.962321115805955,0.8970542565865081,0.9543141322095121,0.9599080294518358,0.9453068780840739,0.8747439046690526,0.9522137875062904,0.8071231748299155,0.9704919301607371,0.846875198060719,0.9553906988562066,0.9009488545209481,0.9599080294518356,0.9576036838348734,0.7881119119846212,0.9371382816751241,0.9511876099263499,0.8373021566360075,0.9110706954672416,0.8595076304199196,0.7243195312579486,0.9397924012017989,0.7768546873095722,0.8970542565865081,0.9443657603723179,0.9704919301607373,0.953255582527178,0.9635753483468394,0.8804415508981578,0.9278239868212359,0.9205349146293753,0.9610996995613954,0.8487307132759603,0.8820512005878682,0.9720496894409938,0.6884383316939817,0.9648659912110238,0.9389009867184679,0.9380163966266191,0.9501760208500687,0.6171066867295263,0.9443657603723179,0.953255582527178,0.9245566463845687,0.9553906988562064,0.9610996995613954,0.966197296577026,0.9720496894409938,0.9623211158059548,0.5357677250559745,0.9001706985868916,0.8568667102675338,0.9406910117203195,0.9623211158059548,0.9134191021410438,0.86976889809915,0.9303105872741886,0.9425114327004687,0.9286491105644255,0.919737437035689,0.9118525638325778,0.8239977917540982,0.9462580354121286,0.9303105872741886,0.8892126720780513,0.9189419416378726,0.9675743567407267,0.9278239868212359,0.47043906619852205,0.9648659912110238,0.9371382816751244,0.9720496894409936,0.946258035412129,0.9599080294518358,0.9720496894409938,0.9564866901437921,0.9472198404849024,0.962321115805955,0.8828532941996562,0.91420396482916,0.9690033562225548,0.962321115805955,0.3882066400230304,0.8282072461374005,0.8532920118076435,0.9610996995613954,0.9661972965770262,0.9587434581480645,0.9610996995613954,0.9610996995613954,0.9397924012017989,0.9623211158059548,0.3225241548524259,0.5940561951811463,0.9623211158059548,0.9511876099263499,0.9189419416378728,0.9690033562225546,0.9648659912110238,0.9675743567407267,0.9635753483468394,0.9610996995613954,0.8152281195719799,0.8947109826062527,0.9522137875062906,0.7630301393628995,0.9623211158059548,0.931147340525424,0.9648659912110238,0.9511876099263499,0.846875198060719,0.9319883865480127,0.9690033562225546,0.9635753483468394,0.4020609931601544,0.9371382816751241,0.9532555825271782,0.9623211158059548,0.5553683337996579,0.9415972144812141,0.9443657603723181,0.880441550898158,0.9553906988562066,0.9690033562225548,0.9481929520311925,0.9648659912110238,0.931147340525424,0.8828532941996561,0.9623211158059548,0.9623211158059548,0.9126353343364846,0.052790958159660284,0.8796338709830263,0.9587434581480645,0.9553906988562064,0.86976889809915,0.9599080294518356,0.845000951153192,0.8250605217364745,0.9623211158059548,0.9623211158059548,0.9362663130722397,0.8747439046690527,0.9278239868212361,0.8059290360431437,0.7564255978266246,0.8629791856785536,0.8812473067855704,0.8118073077748236,0.9501760208500687,0.7985559379258652,0.9623211158059548,0.9261840328635953,0.966197296577026,0.0,0.8747439046690526,0.9690033562225546,0.8747439046690526,0.9623211158059548,0.9623211158059548,0.8333208615507239,0.962321115805955,0.827165123861132,0.9543141322095119,0.8939283999593046,0.9253688519211307,0.9462580354121288,0.9253688519211307,0.7723940797883342,0.8892126720780513,0.9623211158059548,0.9371382816751241,0.7934274222916354,0.9635753483468394,0.9690033562225548,0.9157773781681393,0.8035117733343915,0.5785266893944587,0.9389009867184679,0.9635753483468394,0.8954927753294006,0.9623211158059548,0.8714375301735617,0.542540721071606,0.6254873296405832,0.9056153321941816,0.9001706985868916,0.9564866901437921,0.9294779121965995,0.8915752582995886,0.9675743567407267,0.9025045192170253,0.7264223684273604,0.9587434581480645,0.9704919301607371,0.9425114327004687,0.949178085609155,0.8612502633673058,0.17313387011495318,0.9610996995613954,0.907950417481102,0.9472198404849024,0.9371382816751241,0.9415972144812144,0.9720496894409938,0.9371382816751241,0.9720496894409938,0.9720496894409938,0.9278239868212359,0.9406910117203195,0.9229405345355655,0.9623211158059548,0.9704919301607371,0.9543141322095119,0.9543141322095119,0.8755644359298407,0.9576036838348738,0.9610996995613952,0.9472198404849024,0.921334501588241,0.23265400517341916,0.837302156636007,0.9389009867184674,0.8689304945061074,0.852388277575679,0.9623211158059548,0.919737437035689,0.962321115805955,0.8440565830183071,0.052790958159659174,0.9501760208500689,0.9511876099263499,0.8931449617140896,0.9623211158059548,0.8550872530468148,0.8559789162214919,0.4273931164437189,0.8059290360431437,0.7825935469601689,0.7985559379258651,0.966197296577026,0.868089278539445,0.8852493927538769,0.8559789162214919,0.8532920118076435,0.9522137875062904,0.8836536494976579,0.9720496894409938,0.9522137875062906,0.962321115805955,0.9245566463845687,0.9481929520311925,0.8804415508981578,0.6127479292908631,0.8595076304199196,0.9623211158059548,0.9610996995613954,0.8828532941996561,0.8970542565865081,0.9229405345355657,0.8312943488564515,0.847805253721567,0.9623211158059548,0.8218508298411398,0.898613381330402,0.9425114327004687,0.9623211158059548,0.7646343017371665,0.9576036838348734,0.9690033562225546,0.9522137875062906,0.9610996995613954,0.8860449046541115,0.949178085609155,0.9237472579920247,0.9472198404849024,0.9319883865480127,0.9522137875062906,0.861250263367306,0.9623211158059548,0.9462580354121286,0.9623211158059548,0.09827945374704139,0.87638266886087,0.91420396482916,2.220446049250313e-16,0.9453068780840739,0.8532920118076437,0.9294779121965995,0.9425114327004687,0.9623211158059548,0.775383261466575,0.789459159182419,0.8892126720780513,0.9443657603723179,0.9371382816751244,0.9661972965770262,0.9443657603723177,0.5058803956403932,0.9380163966266193,0.9205349146293753,0.847805253721567,0.9380163966266193,0.9425114327004687,0.9661972965770262,0.9149900225490741,0.9380163966266193,2.220446049250313e-16,0.949178085609155,0.9635753483468394,0.9149900225490741,0.9610996995613952,0.5058803956403932,0.9511876099263499,0.919737437035689,0.9371382816751244,0.9522137875062904,0.9362663130722397,0.46049212115241933,0.9610996995613954,0.3882066400230304,0.860380696433722,0.9425114327004687,0.9270023539448382,0.7738965054378302,0.9345395918631998,0.9319883865480127,0.9481929520311925,0.23265400517341916,0.9648659912110238,0.9270023539448382,0.9213345015882415,0.9462580354121288,0.9462580354121288,0.9261840328635953,0.9661972965770262,0.9675743567407267,0.7014067102742694,0.9453068780840739,0.9009488545209483,0.9389009867184677,0.9443657603723177,0.7440708737294037,0.953255582527178,0.9434341193662403,0.9623211158059548,0.8788242050198838,0.9095092958001549,0.9354001807590557,0.9261840328635953,0.7494981288862403,0.9675743567407267,0.9397924012017989,0.6963559225999967,0.949178085609155,0.9587434581480645,0.9453068780840739,0.9253688519211307,0.7062885929790664,0.8218508298411398,0.9553906988562066,0.8844523283713124,0.9610996995613952,0.6771769379830352,0.868089278539445,0.9648659912110238,0.9635753483468392,0.6681377289013237,0.9462580354121288,0.9648659912110238,0.9245566463845687,0.7243195312579482,0.870604554931679,0.9599080294518358,0.9599080294518356,0.7753832614665751,0.9511876099263499,0.9278239868212359,0.9648659912110238,0.732551403531154,0.9511876099263497,0.9675743567407267,0.9205349146293753,0.9501760208500687,0.9635753483468394,0.052790958159659174,0.9149900225490744,0.09827945374704139,0.8655480930335329,0.9675743567407267
p274_F,0.710026557322418,0.7300901980250425,0.5689893567248681,0.8890929890760417,0.8605006952168124,0.7768546873095725,0.9981863087318757,0.9439133017415187,0.6802492126081052,0.8677629859955869,0.9770155294429648,0.825672787074978,0.8256727870749783,0.581980156260955,0.9481658248827172,0.9446352198140091,0.8330216254486857,0.594255958110737,0.8930334991339012,0.8011999848286615,0.5387433505193435,0.9571378517040273,0.8091019944642682,0.897305029552881,0.9181444794203742,0.7722474481848001,0.7247555295104199,0.7801746775440481,0.8011999848286615,0.9032974071237745,0.8347400355596601,0.8485170805722069,0.7407936210487834,0.9079340780783289,0.8605006952168124,0.8227836741603323,0.8670360756633024,0.6615229298573564,0.8747439046690526,0.6309273002575329,0.4210856967070786,0.7767195799489963,0.9521664397849134,0.7479563121220589,0.9775127066593481,0.2864448733951709,0.9051147616874997,0.6862414752389816,0.8313406383058032,0.640312574812359,0.9133404113163559,0.218290421581828,0.7722474481848001,0.8050001170467127,0.8100057955331383,0.6224824389508063,0.7979240854334779,0.831146423199498,0.9578801950654452,0.9036237117624286,0.6876949289878553,0.740447122245125,0.99849623165068,0.7255407606155626,0.7411252268913581,0.74105119707413,0.8921895964511959,0.6598863637444443,0.6569007261195547,0.9281584116206857,0.5539549964507384,0.5863910029134728,0.8311464231994983,0.4238621090607688,0.831146423199498,0.6723193329719728,0.7590593723187997,0.7196810916449257,0.4515267623360737,0.776854687309573,0.9011896847149372,0.8209158355527626,0.9042252699125826,0.8205047415766165,0.831146423199498,0.5122072652823912,0.9438229086033587,0.7830945223599697,0.7618691949828886,0.8256727870749789,0.831146423199498,0.42375909925211264,0.3673695893451723,0.6282844362396158,0.818813262637043,0.6862414752389815,0.4900026499926462,0.5545010087893498,0.4270980772722961,0.48771256484529557,0.6882730563818079,0.7820663749515685,0.7285394965407902,0.7318531494313372,0.8617373334916859,0.861092113458608,0.6648675036541289,0.36421968950657435,0.7905202806671947,0.48358606377994495,0.4290233339717132,0.9242528297990679,0.613444728488302,0.7913806588295508,0.8425509890153136,0.5442885363323653,0.9367167246598178,0.861092113458608,0.7768546873095721,0.5560834583318217,0.8041357469285226,0.5083080235863167,0.675365112826682,0.9340991766849505,0.8883793766163804,0.7554896689229909,0.8973050295528808,0.6373698690734962,0.9746652493326956,0.7182924545133285,0.5770259896215695,0.7507844886154751,0.8273662657070464,0.8747439046690524,0.6976890055258536,0.5561639032507915,0.6130847262086179,0.7625429349628972,0.8809287459442814,0.8203324548260424,0.4791040319041515,0.8677629859955867,0.7280645222607267,0.3867014052716835,0.6017739835993716,0.70281369619588,0.7737925461281832,0.4750205398091252,0.767832685597658,0.23465197165439688,0.8379818769592999,0.6876949289878551,0.8406319885329523,0.7540790827943415,0.9246012618232704,0.7901008342696885,0.7238223513278982,0.6803258756023278,0.6499120269287018,0.6329729367942288,0.9787471603710698,0.875912033959848,0.7507103182625506,0.3806433766156221,0.6580302323971333,0.5244606974532662,0.7501805582996928,0.7086265903984248,0.8190063568509289,0.5532286411064042,0.7457736670956682,0.9968116130112576,0.9169832390321793,0.9489226675845439,0.8175088949572928,0.6385046219440764,0.8227836741603319,0.7450644396376331,0.7462865729530559,0.7193269756126585,0.9106381832293378,0.8198246764892578,0.8856449086748139,0.8256727870749783,0.6297145143238717,0.6722243097326539,0.6258935948256297,0.6900377213560527,0.8050001170467127,0.9953636883061072,0.9036237117624286,0.8197615021144062,0.36117630580577864,0.4273808672826307,0.758607622182861,0.831146423199498,0.8367671217737243,0.8465025174284119,0.6692022510066766,0.502102170077956,0.7209960511861109,0.8256727870749783,0.831146423199498,0.510984159956823,0.5031148575314783,0.8677629859955871,0.831146423199498,0.630403598481796,0.756515532011212,0.685242884271978,0.5942410593156351,0.4897203870732221,0.6894338727722293,0.831146423199498,0.5766394224573441,0.8311464231994979,0.6174505098243239,0.37814409944164407,0.303765943700955,0.831146423199498,0.9254887101749936,0.831146423199498,0.6849697123410492,0.9238875423353756,0.563092065508971,0.47372725491834156,0.7195026022793821,0.30234866316436637,0.8203324548260422,0.9758858100096267,0.7952640490644389,0.6918190055558426,0.663349809538055,0.6970714934566917,0.7625429349628964,0.6655491115674659,0.7329753662120799,0.7525002305460438,0.6747055407466545,0.7374039932622702,0.7182924545133276,0.8151135627519484,0.4459755669823606,0.8758599594503,0.831146423199498,0.6765515156534136,0.831146423199498,0.8418299514771816,0.7274729217673527,0.8485170805722069,0.8239901380012877,0.289755404043867,0.8367671217737243,0.7143848277190619,0.9424224160797434,0.4630087204335499,0.8966080626769899,0.5386605160005749,0.8425509890153136,0.43063485676246516,0.7381690171979373,0.4821864271512242,0.8256727870749789,0.8883704299920676,0.39211266597607175,0.8747439046690526,0.788443958782185,0.643573628506829,0.8917301915843563,0.9638261156139816,0.5259167737881122,0.8485170805722069,0.550828801300655,0.41487093994843594,0.48869846126770633,0.861092113458608,0.4312929814430153,0.9413683139735407,0.7507103182625506,0.8292510339197001,0.861092113458608,0.9444917676834569,0.49752716523900586,0.9769007179655417,0.4648588475980424,0.6229285339696329,0.719502602279382,0.7563206577264385,0.3840526659716974,0.9853212789890557,0.7195026022793822,0.9697576929681274,0.21246924036470682,0.7525338491867631,0.5330783261096799,0.5176264471628875,0.5238911377373046,0.8994710475078793,0.96328332410747,0.699185224523476,0.7868043409617431,0.679920003555639,0.8273662657070466,0.36794393770462475,0.7794597469196707,0.8133482612876617,0.630927300257533,0.7222276254604907,0.39406562395249334,0.7172036711545542,0.6155149568843243,0.7108002231161153,0.7049539713978641,0.691330509322237,0.4376489443949816,0.8379818769593,0.7325663211729685,0.8747637690899392,0.9869329637713249,0.7565155320112127,0.5365725336361229,0.8425509890153133,0.831146423199498,0.8485170805722069,0.9601177773826044,0.6168808364573259,0.861092113458608,0.9894170690238606,0.8320495610524624,0.831146423199498,0.7905202806671945,0.861092113458608,0.8929884899833642,0.9297963259921169,0.6408148620712422,0.6337011227788638,0.8485170805722069,0.4987032982314743,0.2483066895495155,0.9424224160797435,0.8100057955331379,0.1518992606999382,0.8425509890153136,0.7301865852690883,0.24363838041466046,0.8050001170467125,0.7028136961958789,0.8542772224254336,0.2963693173345705,0.5785731649171981,0.2620197970987199,0.9683542453715188,0.8256727870749789,0.9786172098010899,0.6018067084922507,0.35856465902540813,0.3625262059893646,0.1199623966151826,0.831146423199498,0.5141070166648283,0.7652482714754034,0.6264019985739859,0.92147410136561,0.8677629859955873,0.485758379315282,0.831146423199498,0.831146423199498,0.7678326855976578,0.6802492126081057,0.3757621486618785,0.8311464231994979,0.9115456612205783,0.699185224523476,0.8071962336586853,0.5746536906495281,0.4273808672826309,0.8166023125927324,0.5898743736727002,0.8333388020882606,0.20372364375318097,0.31080685216781534,0.831146423199498,0.5404312518361438,0.5824077495368236,0.30791589243204465,0.3924133076053078,0.9746255914050479,0.7652712423756487,0.7195026022793821,0.3221041262296316,0.831146423199498,0.21754529812130485,0.8883793766163806,0.769788223762498,0.5172896966507144,0.8367671217737247,0.2755271920088793,0.6879464935878323,0.831146423199498,0.654666887082052,0.42691451407368364,0.831146423199498,0.8501970099986902,0.7985584411916968,0.5202292405286715,0.12438641740196099,0.3425450598826305,0.831146423199498,0.9465774225875409,0.673760853958961,0.9769007179655418,0.9307804058201916,0.6894285644602194,0.7093249576342469,0.6952137930571682,0.4675906035120406,0.8738328753514066,0.7794597469196707,0.6225660274177294,0.7614494757370232,0.5243335881176572,0.6957701875556142,0.45280941511575656,0.8096778557177702,0.8485170805722069,0.6621305931505015,0.831146423199498,0.9984082365942545,0.5717271528174267,0.813791704025671,0.8506391215629192,0.8455996574083993,0.8203324548260424,0.8587023121809321,0.9513502009992278,0.8203324548260424,0.8460574995249718,0.7872480405754184,0.8334034613424302,0.586012070473125,0.6570674122369685,0.8610921134586078,0.48932337420871574,0.8677629859955875,0.9083133803641006,0.9520595506460039,0.6049755604097,0.8085789921651068,0.8011999848286611,0.7272427580122698,0.7801746775440486,0.9724067385936288,0.8457259469302123,0.759059372318799,0.7178973060732833,0.9384758066320343,0.7958201005729364,0.9623391436554962,0.935282559031652,0.8443176746495001,0.8008624733045706,0.8000885584109012,0.7506815672849729,0.6386888544975691,0.5713658949006084,0.5776263680656046,0.9412877213869522,0.856663297926975,0.7217342638642665,0.7423716115458534,0.8046547388994403,0.7858515963541479,0.12576746165416286,0.8000885584109012,0.683975892281413,0.7812528998027031,0.9568113867546566,0.8519427550905743,0.7507844886154755,0.8530330551317264,0.5812755543504078,0.766074238853977,0.7332057924360182,0.861092113458608,0.883476082527591,0.7694061370103624,0.8758540789337489,0.949405746066018,0.7518220534949862,0.670622481541288,0.8809287459442816,0.861092113458608,0.6188799206548734,0.25311575489507954,0.4842580788562726,0.9968116130112574,0.6894338727722289,0.46449331055882626,0.8702468961600933,0.8692466107210819,0.35741243761116204,0.831146423199498,0.8546882169814702,0.831146423199498,0.831146423199498,0.39746927531032616,0.7858515963541475,0.5983228863404472,0.831146423199498,0.3664710885751895,0.46059306572144276,0.7374039932622704,0.7743804119709172,0.5404312518361438,0.512256505415384,0.796579701743269,0.6765515156534141,0.4678234923124873,0.9157000504550399,0.9986271685432228,0.8546882169814702,0.726191814002852,0.4509186839062086,0.5211414615992769,0.8080114742729194,0.8892764867245642,0.8758599594503,0.732824534856189,0.7748074399019564,0.6332023977395705,0.8738328753514066,0.6321895554688288,0.7952640490644383,0.983738680892644,0.6899706976461554,0.5644276000539246,0.880207730287535,0.6876949289878553,0.7858515963541473,0.7741751295306649,0.8425509890153136,0.7952640490644391,0.8000054315513371,0.9981141855371607,0.5246523497992999,0.3186335757429615,0.8485170805722069,0.5428589426818209,0.815113562751949,0.7324685599807683,0.5378284473821356,0.8320495610524625,0.3205082319002175,0.5846543459313808,0.9316997575412949,0.14302544827676167,0.48932337420871574,0.6765515156534136,0.2299227174575197,0.6847799425493395,0.7272051730260078,0.8385563800824722,0.831146423199498,0.8485170805722069,0.8188060455997521,0.8311464231994983,0.43194194481038595,0.7952640490644378,0.8203324548260429,0.925529998177996,0.3411289043919453,0.8329282538278912,0.35059022658376526,0.8011999848286617,0.30840425449840014,0.8000885584109012,0.570470397501349,0.8203324548260424,0.8993350034316336,0.6936916269143454,0.6892498442694684,0.7039066400690759,0.671007355888934,0.677398659358952,0.24905974157343647,0.5456475538419547,0.7958201005729363,0.4780402727128581,0.389637936350562,0.7506815672849725,0.8747637690899392,0.7724768594641587,0.8367671217737249,0.484594059017475,0.7457573645989339,0.6601246496586546,0.8256727870749789,0.33647944902798876,0.2721912238659089,0.8929884899833643,0.6735302509873535,0.9363966480235928,0.6684330951725979,0.8721430099546084,0.7632379735095629,0.7415424975765079,0.8500407084102631,0.839076153985933,0.9686464512529,0.6691305284929066,0.8541959247310249,0.8809287459442814,0.8929884899833642,0.831146423199498,0.7301865852690881,0.30312058636409545,0.4095406729179869,0.5664597113844508,0.8311464231994979,0.6582505421810663,0.11612141934636644,0.6876949289878551,0.8890929890760416,0.6570674122369676,0.4398957945268632,0.6660196617476939,0.9047318284073546,0.6141623574138027,0.9222852584396121,0.5171923010093096,0.4811649830155945,0.8883704299920678,0.665992919364143,0.7979240854334778,0.9989604206957794,0.6701383055205261,0.8155659548675025,0.7807710991870638,0.7076837558677677,0.8929884899833642,0.6526052505370015,0.7540636738128098,0.7578937685581041,0.7613692932475999,0.5475241783428604,0.861092113458608,0.8311464231994985,0.8447836689107451,0.2427270531907333,0.3552444987936276,0.8256727870749789,0.9570129271953453,0.8151135627519484,0.8256727870749789,0.8256727870749789,0.749936306692337,0.831146423199498,0.8151135627519484,0.6914447422424865,0.831146423199498,0.6102992836821264,0.721734263864267,0.861092113458608,0.8738328753514066,0.8883704299920676,0.8367671217737245,0.8256727870749789,0.27320508937032917,0.5421214310330602,0.7858515963541475,0.47142604973395175,0.831146423199498,0.5039455651282829,0.7820663749515684,0.7039066400690758,0.38963143012964685,0.7275833633993891,0.7876587616735474,0.8605433393304937,0.7905202806671949,0.9185883092567726,0.9424224160797435,0.831146423199498,0.8711847645048649,0.6752870574079822,0.9130845596162788,0.5972750396409838,0.7449563732209354,0.9664668509189611,0.6754635976015932,0.8425509890153136,0.6827477190458895,0.5286072181911092,0.831146423199498,0.8753108566273604,0.5785969346928816,0.8677629859955871,0.2382035332130491,0.923379658690215,0.7955069363729533,0.4553443511792534,0.8203324548260424,0.3432733037745521,0.2840032645903747,0.831146423199498,0.831146423199498,0.7143848277190619,0.9184239733629298,0.6659929193641427,0.4358638729039448,0.5262405363899554,0.2399632202093318,0.37197612220206233,0.37246680042120417,0.6482273618742034,0.41664281086570454,0.831146423199498,0.737359147935895,0.8485170805722069,0.8747439046690526,0.0,0.861092113458608,0.4386792452830184,0.831146423199498,0.831146423199498,0.3114790603985833,0.7872480405754183,0.3760748563083105,0.932378041780874,0.22275087890668477,0.42108569670707874,0.7807710991870644,0.9530900052588132,0.4892676166731069,0.30693467028868826,0.8311464231994979,0.4981344567800474,0.3936460651239879,0.8367671217737243,0.861092113458608,0.7635889553397897,0.948627497284555,0.9665353237733174,0.5317354940186672,0.8367671217737245,0.6138874547075439,0.831146423199498,0.4238621090607688,0.8051306963265287,0.6655491115674659,0.7023631412263556,0.4890616861889431,0.8050001170467129,0.6839633915983834,0.39640442037586876,0.85468821698147,0.9739494600763559,0.5421552024888772,0.8151135627519484,0.8747637690899397,0.82426836696321,0.7722474481848003,0.4550765747198948,0.8485170805722069,0.8256727870749789,0.5874904052024597,0.7854020041701748,0.7083613830184103,0.7382746479653424,0.8747439046690526,0.8612536930099465,0.8747439046690528,0.8747439046690524,0.6832943816005228,0.7741751295306647,0.654666887082052,0.8311464231994983,0.8011999848286615,0.9571378517040273,0.8695434788338985,0.4666207301006926,0.7407936210487842,0.8256727870749783,0.7854020041701748,0.6638124297405108,0.8367671217737243,0.35906372329455594,0.7652482714754034,0.6849246303456207,0.6049755604097,0.831146423199498,0.40762240397736216,0.9779177832860688,0.4526255306989131,0.8677629859955869,0.8917301915843561,0.7812528998027037,0.6463891255297174,0.831146423199498,0.3505902265837655,0.1812217645324804,0.7812528998027033,0.354586112331603,0.4238621090607686,0.37820904701151425,0.8485170805722069,0.4347513345089007,0.6611810599721986,0.8178270354611404,0.41290992683963723,0.6423181789189105,0.5276957272111285,0.7768546873095725,0.713796957009778,0.8166023125927322,0.8634243475288139,0.8981450843218931,0.464212590171196,0.6765515156534141,0.15958025693603117,0.8311464231994983,0.8256727870749789,0.5286072181911092,0.2486245748178172,0.8816200890808656,0.30791589243204465,0.2402382482275598,0.831146423199498,0.32213777260777676,0.38936335392185806,0.6024543451152939,0.831146423199498,0.4678234923124873,0.8993350034316339,0.861092113458608,0.7858515963541477,0.8256727870749789,0.4013701050048061,0.7722474481848007,0.9581857826885122,0.9952959377264843,0.8358088965637847,0.737623216373401,0.1741191811473194,0.831146423199498,0.8023806185941758,0.831146423199498,0.861092113458608,0.42135423971587715,0.6155149568843241,0.8747439046690526,0.8401179909024563,0.4510082435726287,0.6839633915983836,0.8481446113673636,0.831146423199498,0.5343703417787684,0.45678685956530485,0.7034499939207585,0.8080114742729196,0.8230306155120635,0.9246012618232706,0.8920699425476064,0.7465065254933929,0.7415433094883421,0.6438863787344351,0.21494342426490898,0.7415433094883421,0.6434027228239731,0.7301312695908226,0.5394742518882936,0.7415433094883421,0.8747439046690526,0.8205047415766167,0.8367671217737245,0.679722279247196,0.7179570104282758,0.7672446223944525,0.6571029618756012,0.8339529181093643,0.7465844605162952,0.80967785571777,0.7143848277190621,0.7678326855976578,0.8256727870749783,0.8447836689107455,0.6686375259933586,0.7662478559500073,0.4515493416363643,0.6435736285068283,0.7251914035986846,0.4570195304884015,0.7422680436176831,0.8670360756633024,0.9051147616874997,0.8273837912772664,0.8295609498405421,0.7591615797799518,0.7222099544493628,0.8225552690974189,0.8485170805722069,0.8546882169814702,0.8315982235017438,0.7762038061062162,0.6973384261097046,0.8628894151567825,0.9398131209030189,0.7993477057299812,0.7724768594641588,0.829458913097632,0.9485635112687547,0.7749561559671658,0.47306914287147506,0.896240600770338,0.7032806994712861,0.8591555096642214,0.9769007179655418,0.7958201005729362,0.9004178518288597,0.7722474481848001,0.8330216254486863,0.9892510887603503,0.9454249734383582,0.8224964678942432,0.8520618959394244,0.9218833442529991,0.8321670764826121,0.7750032857403693,0.9717266020313353,0.9437919637180325,0.7507844886154753,0.8973050295528808,0.6382352416312915,0.7591615797799509,0.9384758066320344,0.9182676908874143,0.5740472629682527,0.9945376770456918,0.7354475081798963,0.9313874640745576,0.5080806331440177,0.9379250310364492,0.44107391029120113,0.9384758066320344,0.5316629177168328,0.9379250310364492,0.8546882169814702,0.6438863787344355,0.924252829799068,0.8302743854409154,0.9045448781262262,0.8839505245251122,0.8962170259453925,0.9837195964498846,0.8546882169814702
p274_M,0.8312173911187126,0.9517441295565183,0.6138094444949616,0.9362456943690349,0.9582144552981327,0.9690033562225546,0.8583462338175076,0.8322437174658709,0.9208725034246266,0.9672758151492922,0.305152894515638,0.9568599156354454,0.9568599156354451,0.9362456943690349,0.9264564493231808,0.9057246972976492,0.9542468650366516,0.9436389526644002,0.965625,0.9672758151492922,0.9074725945748128,0.32152664978164625,0.9470055188469617,0.9596053879391779,0.33689100317770826,0.9436389526644,0.9542468650366516,0.9312607396704553,0.9672758151492922,0.8151543300838582,0.9383021271292233,0.950716529670402,0.9529828655437629,0.9332303128187658,0.9582144552981327,0.965625,0.1490201725853415,0.9529828655437629,0.9690033562225546,0.942546448360206,0.9172347260035334,0.9447456538980155,0.9690033562225546,0.9283593797331273,0.9542468650366518,0.87450538386682,0.11775954848708015,0.918138754358939,0.40169060016490543,0.9109895373928902,0.9625131050152524,0.876261827348312,0.9436389526644,0.9517441295565183,0.9529828655437629,0.941467276381333,0.941467276381333,0.9582144552981327,0.7847770412204684,0.2268615547293238,0.9227150661971699,0.861092113458608,0.9436389526644005,0.9172347260035334,0.964040252388596,0.8555748757838357,0.9625131050152522,0.8814987207179201,0.8184753916628578,0.965625,0.9352318345617441,0.942546448360206,0.9582144552981327,0.8574253737916122,0.9582144552981327,0.6319677171849858,0.9493347822888889,0.9505286850464207,0.7635098746985826,0.9690033562225546,0.9505286850464207,0.9458674971126173,0.9393458182324887,0.9436389526644002,0.9582144552981327,0.932241742150131,0.9493347822888889,0.839293063072188,0.6059690156007205,0.9568599156354449,0.9582144552981327,0.9541896299485404,0.861092113458608,0.8806288736252947,0.9393458182324887,0.9181387543589391,0.9519058911033429,0.6706738076877616,0.8518367404342477,0.8508940408143362,0.941467276381333,0.9610366993022685,0.9582144552981327,0.8832354238447049,0.6769170045464781,2.220446049250313e-16,0.5498119605838785,0.8332650413138045,0.9481608601832734,0.8592642631772309,0.8979178384019253,0.9447456538980155,0.8412664651734412,0.538507266061247,0.11775954848708015,0.8217392653025242,0.9517441295565183,0.9656250000000002,0.9690033562225546,0.8832354238447049,0.9283593797331275,0.9057246972976494,0.9481608601832734,0.9383021271292231,0.9436389526644002,0.7988008809007465,0.1490201725853415,0.8858340936764979,0.9568599156354454,0.9302869180633684,0.8953282497576125,0.9610366993022685,0.9625131050152524,0.9690033562225546,0.9542468650366516,0.9088679893884184,0.9005120111662777,0.9625131050152524,0.08301287652694123,0.9555383641697377,0.7861013304270679,0.04802371343395373,0.8555748757838357,0.8944656454039723,0.9074725945748126,0.9264564493231808,0.9118739328932484,0.8700853537305533,0.942546448360206,0.827060148923404,0.9672758151492922,0.9227150661971699,0.7099187434240761,0.9022452837148789,0.9625131050152524,0.9425464483602062,0.913649887598424,0.9293199127017768,0.707776221292472,0.9057246972976494,0.8412664651734412,0.9610366993022685,0.9458674971126173,0.8373021566360079,0.5935012569881961,0.9312607396704551,0.8858340936764979,0.5846688068540971,0.9393458182324887,0.8727426055411924,0.9362456943690349,0.2031772652664633,0.9414672763813332,0.8700853537305534,0.7141183525888175,0.8996466204791784,0.9656250000000002,0.8936031902522537,0.9342268638258988,0.906597867618917,0.9274049943645879,0.9083489988323226,0.9414672763813328,0.9568599156354451,0.8841024249642824,0.7141183525888184,0.8832354238447049,0.9190462651000917,0.9517441295565182,0.9372689456075765,0.9555383641697375,0.9208725034246268,0.7650180104070299,0.827060148923404,0.9227150661971699,0.9582144552981327,0.9596053879391782,0.9555383641697377,0.9181387543589388,0.7459031338420239,0.9109895373928902,0.9568599156354451,0.9582144552981327,0.6820709685360269,0.827060148923404,0.9672758151492922,0.9582144552981327,0.8629094882524135,0.9302869180633684,0.9065978676189168,0.8823675467067157,0.9217916370027818,0.9568599156354451,0.9582144552981327,0.8814987207179201,0.9582144552981325,0.777991703255195,0.8674107520354712,0.8647169462584842,0.9582144552981327,0.698903104201752,0.9582144552981327,0.7573308431791724,0.9236430180495616,0.9312607396704553,0.6632614409621944,0.9610366993022685,0.8117728822598584,0.9555383641697375,0.351347550686809,0.9493347822888891,0.9227150661971699,0.8291493513794035,0.9332303128187656,0.9625131050152524,0.9172347260035337,0.910107340129978,0.9199574485923747,0.9154363928771068,0.5069074692287098,0.9302869180633684,0.9542468650366516,0.947442779108449,0.9555383641697377,0.9582144552981327,0.9199574485923747,0.9582144552981327,0.8432230388608029,0.9302869180633684,0.9625131050152524,0.9404006431802039,0.8117728822598583,0.9596053879391782,0.9293199127017768,0.3368910031777078,0.9118739328932484,0.9505286850464207,0.8858340936764979,0.9610366993022685,0.8944656454039726,0.8944656454039726,0.8718586682882639,0.9568599156354449,0.964040252388596,0.8592642631772309,0.9690033562225546,0.8629094882524138,0.7845111847199955,0.9447456538980155,0.8936031902522537,0.9367687566679366,0.9625131050152524,0.8753843628690847,0.7938344767596348,0.8117728822598584,2.220446049250313e-16,0.8592642631772309,0.9293199127017768,0.9458674971126175,0.9190462651000917,2.220446049250313e-16,0.8780124908814333,0.8470883271446172,0.964040252388596,0.9163339973465923,0.9362456943690349,0.9610366993022685,0.9332303128187656,0.8412664651734412,0.22686155472932423,0.9610366993022685,0.9610366993022685,0.7925699855750041,0.965625,0.7925699855750041,0.8806288736252947,0.6353764027835573,0.8718586682882639,0.965625,0.9582144552981327,0.942546448360206,0.9555383641697377,0.9625131050152524,0.8373021566360079,0.9163339973465923,0.9610366993022685,0.942546448360206,0.9312607396704553,0.7737814949433295,0.9255134534695351,0.9048529663349028,0.9030333503116557,0.7988008809007466,0.864716946258484,0.9346991012692377,0.967275815149292,0.9208725034246268,0.9672758151492922,0.4851705698920621,0.9302869180633684,0.9255134534695351,0.9610366993022685,0.9582144552981327,0.9625131050152524,0.9199574485923749,0.9436389526644005,2.220446049250313e-16,0.964040252388596,0.9568599156354451,0.9582144552981327,0.3368910031777078,0.965625,0.9690033562225546,0.5325898779206594,0.7635098746985824,0.9458674971126173,0.9625131050152522,0.8629094882524138,0.755747894770402,0.9481608601832734,0.9529828655437631,0.8691958391075136,0.9610366993022685,0.9332303128187658,0.7779917032551948,0.9517441295565183,0.9264564493231806,0.9690033562225546,0.8071644882517874,0.9332303128187658,0.8173748798116494,0.24868536270712194,0.9568599156354449,0.9352318345617441,0.9057246972976494,0.8412664651734412,0.842246813951878,0.7694592477206295,0.9582144552981327,0.8797579337068848,0.932241742150131,0.9342268638258988,0.49268176173944034,0.967275815149292,0.8727426055411924,0.9582144552981327,0.9582144552981327,0.942546448360206,0.9208725034246268,0.9216020313541384,0.9582144552981325,0.9672758151492922,0.9582144552981327,0.9362456943690349,0.5935012569881961,0.827060148923404,0.9582144552981327,0.9372689456075765,0.9493347822888889,0.7509020511212644,0.7820963185522347,0.9582144552981327,0.6483545622521333,0.9312607396704553,0.8162678987494558,0.8184753916628578,0.45202578957206085,0.8927407985750284,0.9610366993022685,0.8322437174658706,0.9582144552981327,0.7938344767596347,0.9436389526644002,0.703401904747305,0.8601795328531072,0.9596053879391779,0.752533849186763,0.9529828655437631,0.9582144552981327,0.9145417437978427,0.8392930630721879,0.9582144552981327,0.9372689456075765,0.8312173911187126,0.7354031975062649,0.7737814949433295,0.8373021566360079,0.9582144552981327,0.8184753916628578,0.8814987207179201,0.964040252388596,0.7182088539361106,0.7737814949433295,0.9236430180495616,0.9245757305468909,0.9145417437978427,0.11775954848708015,0.9163339973465923,0.906597867618917,0.9470055188469617,0.8788858297250928,0.8961910905435388,0.6769170045464781,0.9470055188469617,0.08301287652694123,0.9436389526644005,0.9582144552981327,0.965625,0.9190462651000917,0.8461277862534458,0.9505286850464207,0.4232320307761679,0.9555383641697377,0.8342814558669874,0.9596053879391779,0.9555383641697377,0.9505286850464207,0.9582144552981327,0.9517441295565183,0.6544809036450439,0.9208725034246268,0.965625,0.8736248211051396,0.9672758151492922,0.9517441295565183,0.9470055188469617,0.7900123156320648,0.9493347822888889,0.9672758151492922,0.7912959918600064,0.9312607396704551,0.9109895373928902,0.9447456538980155,0.9493347822888889,0.6168592556746881,0.9610366993022685,0.9332303128187656,0.9172347260035332,0.6603867331027351,0.9458674971126175,0.9172347260035334,0.9505286850464207,0.9383021271292233,0.9040056117932131,0.8129069456777991,0.9217916370027819,0.9542468650366516,0.8470883271446172,0.6175994786481587,0.9362456943690349,0.9458674971126175,0.9470055188469617,0.7709128636729368,0.9505286850464205,0.7549160044072432,0.9458674971126173,0.5069074692287099,0.797572676765083,0.9610366993022685,0.8727426055411924,0.7650180104070299,0.932241742150131,0.9172347260035332,0.9656250000000002,0.777991703255195,0.9109895373928902,0.964040252388596,0.9312607396704553,0.9542468650366518,0.9542468650366516,0.9625131050152524,0.9656250000000002,0.9383021271292231,0.7604502711739276,0.9283593797331273,0.2031772652664633,0.9568599156354451,0.8546450937171788,0.9236430180495616,0.9542468650366516,0.8944656454039724,0.9582144552981327,0.04407004266351722,0.9582144552981327,0.9582144552981327,0.8508940408143364,0.9470055188469617,0.9332303128187658,0.9582144552981327,0.8432230388608029,0.8665150422521173,0.9302869180633684,0.8788858297250928,0.6483545622521334,0.7847770412204684,0.9208725034246268,0.9199574485923749,0.8683043280893405,0.9529828655437629,0.9065978676189169,0.964040252388596,0.932241742150131,0.8173748798116494,0.8814987207179199,0.4428495116517701,0.9529828655437629,0.9555383641697377,0.8059936873009328,0.964040252388596,0.5977568285657049,0.11775954848708015,0.918138754358939,0.9493347822888889,0.9447456538980155,0.9470055188469617,0.8753843628690847,0.45202578957206097,0.9227150661971699,0.9470055188469617,0.934226863825899,0.9610366993022685,0.9493347822888891,0.9596053879391779,0.5136536850193718,0.8823675467067158,0.8683043280893405,0.9625131050152524,0.8823675467067158,0.9542468650366516,0.810631735747056,0.6213072444249826,0.9568599156354454,0.8162678987494556,0.9393458182324887,0.9690033562225546,0.7847770412204684,0.8736248211051396,0.9199574485923747,0.7874151753009926,0.9493347822888889,0.9236430180495616,0.9031133691845501,0.9582144552981327,0.08301287652694123,0.9312607396704553,0.9582144552981327,0.8858340936764979,0.9493347822888889,0.9555383641697377,0.43326248910981524,0.752533849186763,0.9470055188469617,0.8392930630721882,0.9672758151492922,0.7975726767650831,0.9505286850464207,0.8901531678626451,0.9555383641697377,0.9529828655437629,0.8537121927533946,0.9302869180633684,0.9458674971126175,0.809483376444649,0.9013781987087914,0.7793713361793848,0.8875631490366902,0.9332303128187658,0.861092113458608,0.698903104201752,0.9383021271292231,0.9672758151492922,0.9481608601832734,0.9596053879391779,0.7407406669265033,0.9199574485923747,0.9118739328932484,0.9568599156354449,0.7950896414683806,0.7372025494796415,0.9690033562225546,0.9005120111662772,0.9610366993022685,0.932241742150131,0.4999218811025572,0.9447456538980152,0.9190462651000915,0.4428495116517701,0.9481608601832734,0.9163339973465923,0.9505286850464207,0.9568599156354451,0.08301287652694123,0.9690033562225546,0.9582144552981327,0.9332303128187658,0.8892901999095577,0.7834421060580531,0.9342268638258988,0.9582144552981325,0.9039825606517027,0.8555748757838357,0.9227150661971699,0.9362456943690349,0.5655745286057905,0.9109895373928902,0.9022452837148789,0.8238849154998196,0.9404006431802039,0.9227150661971699,0.8771378467726847,0.910107340129978,0.04407004266351722,0.5705409261013937,0.941467276381333,0.9610366993022685,0.98145106467318,0.9690033562225546,0.9404006431802037,0.9555383641697375,0.9690033562225546,0.9517441295565183,0.9414672763813328,0.9582144552981327,0.8700853537305534,0.6387170605760057,0.965625,0.9582144552981327,0.9493347822888889,0.8094833764446474,0.8373021566360079,0.9568599156354449,0.9625131050152524,0.9542468650366516,0.9568599156354449,0.9568599156354449,0.9332303128187656,0.9582144552981327,0.9542468650366516,0.9236430180495617,0.9582144552981327,0.9458674971126173,0.910107340129978,0.9656250000000002,0.11775954848708015,0.964040252388596,0.9596053879391782,0.9568599156354449,0.7950896414683805,0.8832354238447049,0.9470055188469617,0.8691958391075136,0.9582144552981327,0.9236430180495618,0.9610366993022685,0.9458674971126173,0.8301859677307104,0.5442448399003639,0.9656250000000002,0.9596053879391779,0.9481608601832734,0.9302869180633684,0.9481608601832734,0.17734708868199078,0.9302869180633684,0.9352318345617441,0.9383021271292231,0.7407406669265031,0.9505286850464205,0.965625,0.942546448360206,0.11775954848708015,0.9236430180495618,0.8700853537305533,0.9582144552981327,0.9582144552981327,0.6452038871546906,0.9672758151492922,0.8665150422521173,0.24868536270712183,0.9505286850464207,0.8555748757838357,0.9555383641697377,0.8281074447167713,0.8228150438933353,0.9582144552981327,0.9582144552981327,0.9293199127017768,0.752533849186763,0.9199574485923747,0.8402819095372958,0.8727426055411924,0.8480451455932454,0.7389815511680626,0.8352930530354636,0.9447456538980155,0.8461277862534458,0.9582144552981327,0.9181387543589388,0.08301287652694123,0.9690033562225546,0.861092113458608,0.0,0.861092113458608,0.9582144552981327,0.9582144552981327,0.8140340532964885,0.9582144552981327,0.8206574710503438,0.32152664978164647,0.8823675467067158,0.9172347260035336,0.9404006431802039,0.5846688068540971,0.863814422100184,0.8771378467726845,0.9582144552981325,0.9302869180633686,0.8499479257057734,0.1490201725853415,0.965625,0.9065978676189168,0.842246813951878,0.9264564493231808,0.932241742150131,0.9596053879391779,0.703401904747305,0.9582144552981327,0.8574253737916122,0.932241742150131,0.9172347260035336,0.671592383614509,0.8892901999095579,0.9517441295565183,0.9217916370027819,0.7141183525888184,0.964040252388596,0.891878386060835,0.8866989102900564,0.9542468650366518,0.9672758151492922,0.9362456943690349,0.9436389526644002,0.8461277862534455,0.9625131050152524,0.9568599156354449,0.6632614409621942,0.9414672763813328,0.9302869180633686,0.9352318345617441,0.9690033562225546,0.9302869180633686,0.9690033562225548,0.9690033562225546,0.5705409261013937,0.934226863825899,0.9145417437978427,0.9582144552981327,0.9672758151492922,0.32152664978164625,0.9493347822888889,0.7509020511212644,0.9529828655437631,0.9568599156354451,0.9414672763813328,0.9127606676606761,0.9596053879391782,0.809483376444649,0.932241742150131,0.8546450937171788,0.836299923476612,0.9582144552981327,0.9109895373928902,0.9582144552981327,0.827060148923404,0.9672758151492922,0.9447456538980155,0.9458674971126177,0.7099187434240761,0.9582144552981327,0.839293063072188,0.7847770412204684,0.9458674971126177,0.8402819095372958,0.8574253737916122,0.8461277862534455,0.08301287652694123,0.8537121927533953,0.7298781721393242,0.8402819095372958,0.788718772853704,0.9470055188469617,0.7335830161959275,0.9690033562225546,0.9470055188469617,0.9582144552981327,0.5891401655413022,0.942546448360206,0.8674107520354712,0.9199574485923749,0.7793713361793848,0.9582144552981327,0.9568599156354449,0.8700853537305533,0.8858340936764979,0.5977568285657053,0.8162678987494556,0.796335651949913,0.9582144552981327,0.8260073636615606,0.6942728322121243,0.9362456943690349,0.9582144552981327,0.8683043280893405,0.9529828655437629,2.220446049250313e-16,0.9470055188469617,0.9568599156354449,0.8736248211051396,0.9436389526644003,0.5935012569881961,0.9414672763813328,0.9245757305468909,0.9470055188469617,0.7766003415235199,0.9582144552981327,0.9404006431802039,0.9582144552981327,0.9656250000000002,0.8629094882524138,0.9048529663349028,0.9690033562225546,0.9393458182324887,0.8373021566360079,0.9217916370027819,0.46082072952098563,0.9582144552981327,0.8620020752690568,0.8527760996057681,0.7202148985912618,0.9383021271292231,0.9302869180633686,0.9625131050152524,0.9383021271292236,0.9372689456075762,0.9312607396704553,0.9118739328932484,0.7963356519499131,0.9312607396704553,0.9362456943690349,0.9625131050152524,0.6353764027835573,0.9312607396704553,0.9690033562225546,0.9436389526644002,0.9596053879391779,0.6353764027835573,0.9568599156354451,0.937268945607576,0.9458674971126175,0.9109895373928902,0.5069074692287105,0.9470055188469617,0.9293199127017768,0.942546448360206,0.9568599156354451,0.9493347822888889,0.8451634443215716,0.46082072952098607,0.9190462651000915,0.8629094882524135,0.9274049943645877,0.9245757305468911,0.942546448360206,0.9596053879391782,0.11775954848708015,0.9190462651000915,0.9127606676606757,0.42323203077616856,0.9404006431802039,0.9181387543589388,0.08301287652694123,0.04407004266351722,0.8961910905435388,0.9393458182324887,0.8901531678626451,0.932241742150131,0.44284951165177,0.8788858297250928,0.9481608601832734,0.9372689456075762,0.17734708868199078,0.8656171299593258,0.8996466204791784,0.5201744503055977,0.918138754358939,0.876261827348312,0.964040252388596,0.9332303128187656,0.8979178384019253,0.9436389526644,0.9542468650366516,0.43326248910981524,0.9172347260035334,0.8944656454039723,0.8024341677705487,0.305152894515638,0.8718586682882636,0.9568599156354451,0.9039825606517029,0.8537121927533957,0.9610366993022685,0.1490201725853415,0.9065978676189168,0.9404006431802034,0.9610366993022685,0.9163339973465923,0.8875631490366904,0.8565016117177142,0.9555383641697377,0.2268615547293249,0.8620020752690567,0.9458674971126175,0.9199574485923747,0.9610366993022685,0.8841024249642824,0.3649841007441661,0.04407004266351722,0.9118739328932484,0.9447456538980155,0.9596053879391782,0.9672758151492922,0.9057246972976492,0.9656250000000002,0.8508940408143366,0.04407004266351722
p274_S,0.9737881431444432,0.8308284328760598,0.6403125748123586,0.8037941781088709,0.9340194006619887,0.8747439046690526,0.8582560845889946,0.8536087473539707,0.44779897797751667,0.8677629859955869,0.9011896847149374,0.7464801480843224,0.9176189740206024,0.7628458004001923,0.9967256784454821,0.8216180679211562,0.9504461826747814,0.7722474481848003,0.9984082365942544,0.9045448781262264,0.6891313942503179,0.8200238589875917,0.9049828931722603,0.8367671217737245,0.7905202806671947,0.5942559581107377,0.8151135627519484,0.6596704856482327,0.8677629859955871,0.8070893593724078,0.6609091547922188,0.9894245925674199,0.8364293592636127,0.7168212148799431,0.9340194006619887,0.861092113458608,0.8670360756633027,0.8100057955331383,0.8747439046690526,0.7678326855976572,0.6655491115674659,0.993259196780284,0.9316997575412949,0.708975818082126,0.8963131347056483,0.5064447283820381,0.8425509890153138,0.5299542100750001,0.7678326855976576,0.6658095283733705,0.9133404113163561,0.5272502570654005,0.6168808364573257,0.9083133803641004,0.8729114397011584,0.8073322099805091,0.7634717983598409,0.831146423199498,0.6474245369587864,0.8203324548260422,0.46135275267207354,0.6691374663072776,0.9306215966109164,0.7839483030874332,0.85468821698147,0.5576683630020836,0.8485170805722069,0.9100044396055362,0.9400708266206386,0.8610921134586078,0.7382746479653424,0.7678326855976576,0.8459565846100463,0.42960892412376595,0.831146423199498,0.7635889553397897,0.8200238589875917,0.8253638399869103,0.4333500905071993,0.8747439046690526,0.9264649662909463,0.8514584170929149,0.7548990778408027,0.8174972048779761,0.831146423199498,0.7261918140028518,0.9685827185265123,0.593590463139029,0.9579827254676423,0.8256727870749789,0.831146423199498,0.6403125748123593,0.556762327572538,0.5971096402232876,0.9466416322295235,0.9418298387235522,0.6331910645333831,0.6418584194402972,0.35939042271070076,0.4293679607350752,0.785402004170175,0.8425509890153133,0.8311464231994983,0.821361977008292,0.817984998296416,0.861092113458608,0.6914447422424863,0.3441734242259581,0.6996430494860513,0.5097721012341629,0.5874904052024605,0.8457259469302121,0.4434990144989941,0.7354042515255133,0.8425509890153138,0.4601894032294601,0.9341416961934474,0.931341938432177,0.8747439046690524,0.38280246696229814,0.8213346876950532,0.6190375839583,0.7905202806671947,0.8347400355596597,0.8401220832245642,0.5370105657252384,0.8367671217737245,0.9899032729053593,0.9968116130112576,0.8421421542610041,0.33470453451611515,0.8738328753514062,0.8485170805722067,0.9704110250992253,0.8151135627519486,0.5802167458228529,0.8429055507827553,0.8485170805722069,0.8809287459442814,0.848096207138171,0.5668423744718669,0.8677629859955867,0.4018282652412425,0.6760516295916368,0.6418584194402968,0.4889283526177136,0.6903445133726076,0.3728658749782141,0.9682460236459269,0.38951387215820654,0.8677629859955873,0.6031781390620847,0.6043884028863773,0.9372057950442242,0.8485170805722071,0.6309273002575326,0.8484675812846432,0.7900459898038881,0.7933782969406246,0.6346206981092888,0.7153967562734587,0.9051147616874999,0.8046547388994403,0.7303958996145684,0.7083080503210666,0.7415433094883432,0.8126780209487969,0.7162916222188807,0.9040321756986966,0.7045984791912588,0.9061651223805667,0.8256727870749787,0.7321334680024769,0.8099372796965274,0.6998062986683329,0.8050305848117181,0.9313419384321768,0.9486692139954792,0.914040466306246,0.685242884271978,0.8668256812138782,0.6413251797983077,0.8731228274115113,0.8605726987085092,0.7679685350900336,0.7071809392145787,0.4246885488585831,0.9150923276204583,0.8050001170467127,0.9746255914050477,0.9313874640745574,0.7093845208018319,0.5512744660913498,0.47447627410908044,0.9358893551703757,0.831146423199498,0.836767121773724,0.9313874640745579,0.9929475114204662,0.6119960187714364,0.5528526614501178,0.8890958363645558,0.831146423199498,0.6354235679477882,0.398742283860233,0.8677629859955869,0.831146423199498,0.6979248702415561,0.5554690730268712,0.4686195481956641,0.6402831360046881,0.70154458779686,0.825672787074978,0.831146423199498,0.9096271876057458,0.8311464231994979,0.653134509766937,0.5839687946940051,0.5987736036796361,0.831146423199498,0.7219778859931435,0.831146423199498,0.5711408712307344,0.7542685806129332,0.7222276254604909,0.6023917121846691,0.8425509890153133,0.38795238830371237,0.848096207138171,0.8573303744450151,0.8200238589875921,0.8827048352741214,0.578614727585048,0.7894357495388351,0.8485170805722067,0.9361758350416752,0.7377722159208451,0.7111544401261738,0.8583858254667558,0.7848075380141795,0.49813445678004464,0.9504461826747814,0.6346206981092886,0.7632112604920255,0.831146423199498,0.908213390673464,0.831146423199498,0.6729352021033042,0.8902963032538072,0.7949546003349717,0.9383051485204812,0.38795238830371237,0.8367671217737245,0.6235800040387078,0.7905202806671943,0.6601246496586546,0.8506391215629192,0.37553660019728785,0.8425509890153136,0.6614071457613759,0.9578362746518482,0.6563227437253585,0.8541959247310253,0.8421718659231514,0.6666118519591984,0.8747439046690526,0.5135444498911037,0.8427952005169104,0.9147323139114283,0.7007393145556181,0.6730089602531732,0.9570129271953453,0.6332432735032407,0.7240578025399191,0.4282812543693588,0.861092113458608,0.33981958363914144,0.755987037687154,0.8280565779961775,0.9818981199386316,0.861092113458608,0.8622235965038642,0.5276747603222218,0.9220526430026654,0.695495146310527,0.7833199892545315,0.8425509890153133,0.9276837995015779,0.32880298324069224,0.8203324548260422,0.8425509890153133,0.8738328753514066,0.45705090589600617,0.861092113458608,0.5799351047307953,0.5002838997811501,0.6190375839583004,0.9533142243280928,0.9664668509189611,0.8311464231994983,0.8346371316137471,0.8203324548260427,0.8485170805722071,0.3748116101066453,0.9182676908874141,0.8738328753514064,0.7678326855976583,0.6596704856482335,0.398798880059408,0.9174100552351045,0.7645140321728494,0.7835624688986882,0.8275908264947158,0.8062177171893585,0.5770259896215697,0.9045448781262266,0.5175551227306685,0.9781086623875046,0.9276837995015779,0.9568113867546566,0.7354042515255135,0.7820663749515683,0.831146423199498,0.7301312695908194,0.9533749114354952,0.7722474481848007,0.861092113458608,0.9432185049549442,0.8827190623870711,0.831146423199498,0.8390761539859333,0.9281584116206855,0.8747439046690524,0.7762916917582801,0.5811922445635995,0.7812528998027031,0.8921895964511959,0.6189046900913617,0.44436625202724755,0.9604658372827795,0.6615229298573582,0.49815759710416696,0.9676785343596863,0.6970714934566934,0.5406699855707726,0.6784335663663483,0.5440368492895125,0.8747439046690526,0.4056715405751503,0.7301865852690876,0.3653149587668625,0.8151135627519486,0.8256727870749789,0.9404947495607479,0.7904518396191784,0.3925230006064151,0.310806852167815,0.3974692753103264,0.831146423199498,0.3826134259080284,0.9800587875744373,0.7741751295306647,0.8628894151567823,0.8011999848286608,0.529175798534343,0.831146423199498,0.831146423199498,0.9872176790100131,0.9360919912495688,0.615707143380009,0.8311464231994979,0.9045448781262264,0.8311464231994985,0.947113500089245,0.6582821252725035,0.3608752887358091,0.8311464231994985,0.7465065254933925,0.8200238589875917,0.4423563615571402,0.4773339221103776,0.831146423199498,0.6202379836852234,0.7222276254604907,0.4202578212825392,0.4740691844764868,0.8501970099986902,0.7699228124463497,0.8425509890153131,0.31116970516492537,0.831146423199498,0.35155687689610904,0.8627469615711523,0.5858727128198185,0.7362106891451063,0.8908122932200715,0.4517995877596319,0.8100057955331379,0.831146423199498,0.6332023977395711,0.5045454610674573,0.831146423199498,0.9538874945039884,0.5943657837046745,0.5286072181911092,0.385957013080811,0.34941273228465064,0.831146423199498,0.8896922707131627,0.5631421842426163,0.8883704299920676,0.6715901001451094,0.5400594168239727,0.6648675036541283,0.5111322970705989,0.6546668870820516,0.8425509890153136,0.8678889305219284,0.3432658344871661,0.8573303744450151,0.4031113531942808,0.6986705891116258,0.570055098856554,0.9526354118995057,0.8485170805722067,0.7948723265313886,0.831146423199498,0.8962170259453923,0.8273837912772664,0.6481356020156648,0.9218833442529991,0.9383051485204811,0.8203324548260422,0.7738318234529795,0.9578429373320376,0.8480962071381712,0.9517402478669554,0.8898549672341267,0.8308284328760598,0.5979733450139337,0.7674443935495434,0.8227836741603319,0.37431384840025794,0.9851094454818562,0.8334034613424302,0.9049828931722603,0.6717202759887655,0.8447836689107451,0.9045448781262264,0.7275109182220882,0.6017234335646757,0.7694061370103631,0.8227238246031403,0.9190630986802053,0.7111544401261738,0.8425509890153136,0.7696860281155862,0.9023474946073988,0.9449607787152485,0.9684676125766016,0.6917124201812861,0.871332781100981,0.5768506865175325,0.6145154950750156,0.6227243791363563,0.7542881763922893,0.9775127066593481,0.5918062125879308,0.6848615100423461,0.9914639333477375,0.9847287092299238,0.8811566338086381,0.39364606512398814,0.8713327811009808,0.6853014620083754,0.9847287092299238,0.7565155320112129,0.5665974535782624,0.8425509890153133,0.985038316569582,0.5642214807116224,0.92147410136561,0.8946824627869439,0.9281584116206855,0.9117758527962718,0.6819462236481216,0.955734856013263,0.9880371141217226,0.842180086736515,0.8151135627519488,0.8273662657070466,0.861092113458608,0.7506815672849725,0.4201292265196127,0.7105033555844167,0.8256727870749785,0.8256727870749783,0.44631663872995253,0.834486465376572,0.8151135627519486,0.5735402427798125,0.831146423199498,0.8546882169814702,0.831146423199498,0.831146423199498,0.2875570771801247,0.7858515963541475,0.7301865852690876,0.831146423199498,0.33105642893032483,0.3045914618388402,0.9285193807516909,0.6068378234013552,0.6049774243310666,0.62196032612164,0.6802492126081057,0.9187719869627349,0.22528411943953375,0.8628529229940887,0.985703617243215,0.955734856013263,0.5707919514912172,0.6549599185383452,0.5492676940280996,0.7506815672849725,0.8993350034316335,0.9313874640745579,0.8512179956788953,0.8883704299920678,0.7043504253503103,0.8425509890153136,0.873672941794333,0.9933425284496658,0.9377344362385001,0.8573303744450151,0.5380516822303612,0.7879827192955116,0.4436245793733221,0.9044070319187588,0.8661711473321261,0.7820663749515685,0.9190630986802057,0.8670360756633029,0.9981141855371605,0.4315170074556859,0.5611729486159147,0.9457520766884306,0.78908944596137,0.8692466107210821,0.7511512419676047,0.6331910645333836,0.825672787074978,0.3321114450053324,0.7548990778408027,0.8747439046690524,0.3673182177501758,0.37431384840025794,0.9879778359082552,0.49909458236017645,0.7952640490644383,0.995408403902418,0.6859634293395275,0.831146423199498,0.8485170805722067,0.6983018537039387,0.8753108566273605,0.651471205226771,0.8085789921651065,0.7909750128041542,0.8614227191678698,0.6092436974789914,0.80967785571777,0.33917617150596713,0.904544878126226,0.5160357325929439,0.9770155294429645,0.5681282185116554,0.8203324548260422,0.9685471779159902,0.8013748028950373,0.8138501482580389,0.7812528998027031,0.7495545875193839,0.47224035512874973,0.3703996383065964,0.7159600088742882,0.7696860281155857,0.6035357539242108,0.5386605160005746,0.8080114742729194,0.8677629859955871,0.8633540906453023,0.739467523772181,0.5174375699591103,0.8563090039643239,0.6416297005999528,0.8541959247310256,0.549891820997205,0.4847918234190596,0.913455172226983,0.7522372636146506,0.8133482612876614,0.7457200427391277,0.7222276254604905,0.8457259469302125,0.9494288451007618,0.7716961843536443,0.9181444794203741,0.7626668267978414,0.8000885584109012,0.9968116130112576,0.8485170805722067,0.8747439046690528,0.831146423199498,0.8881843566550802,0.5812328146868273,0.3288029832406921,0.7342136047376415,0.8311464231994979,0.5400332702791373,0.4683310259926565,0.7627316987508488,0.7628458004001923,0.680249212608105,0.6403125748123593,0.6319946079610855,0.9944004713218237,0.759161579779952,0.9890738750666304,0.4573370344249912,0.7329753662120797,0.8546882169814702,0.6765515156534136,0.7634717983598407,0.9051147616874999,0.7756270707601549,0.9134551722269828,0.9599146679275931,0.8203324548260427,0.913455172226983,0.8050001170467127,0.829262415790843,0.8311464231994983,0.7697472709100386,0.6310142321578947,0.7525338491867637,0.8166023125927323,0.9190630986802053,0.283484846347815,0.27321609881866693,0.8256727870749789,0.8809287459442816,0.8151135627519484,0.8256727870749789,0.8256727870749789,0.9933173148054262,0.831146423199498,0.8692466107210817,0.7629656038095295,0.831146423199498,0.7812528998027028,0.6367476538726122,0.9984082365942543,0.8425509890153136,0.9432185049549441,0.8605433393304934,0.8541959247310256,0.37272361395575837,0.382802466962298,0.737623216373401,0.44594628177231055,0.831146423199498,0.6914447422424863,0.8425509890153133,0.8748602561896519,0.3336851149910589,0.7312889707786332,0.861092113458608,0.8367671217737247,0.8695886061016358,0.9285193807516912,0.8390761539859333,0.8898549672341263,0.8520732257559231,0.7584966581248829,0.9551137937536218,0.6309627534342424,0.9011896847149374,0.9664668509189611,0.7901008342696874,0.8425509890153136,0.7450853884177684,0.33267586619172584,0.831146423199498,0.9485635112687547,0.654499532116795,0.904544878126226,0.5800913372478667,0.8151135627519486,0.8253638399869101,0.37585491561443585,0.8203324548260422,0.40656536773632723,0.3924956962030759,0.831146423199498,0.831146423199498,0.9035377329311274,0.6879657523386712,0.7284559023625536,0.45644295568018833,0.4212233796685495,0.5785850177597631,0.48115912892726254,0.38487878727570346,0.7767195799489959,0.4431555281266505,0.831146423199498,0.8707386947210957,0.8485170805722067,0.8747439046690526,0.4386792452830184,0.861092113458608,0.0,0.831146423199498,0.831146423199498,0.37896544897545825,0.8311464231994983,0.37664579805766385,0.795264049064438,0.5246523497993005,0.6655491115674661,0.9536472544439596,0.9192616648245371,0.3758867019762291,0.5308652432035184,0.8311464231994979,0.7182924545133287,0.40901009131399546,0.8367671217737243,0.8579085866471163,0.9386959746025286,0.7962442446687483,0.7028136961958793,0.7261918140028518,0.9513502009992278,0.5876924014922835,0.831146423199498,0.29932154153109947,0.7652482714754036,0.6071415690955972,0.6799703995004376,0.7099612684117214,0.8850600930011241,0.5776263680656042,0.5554800000683469,0.8084896529125534,0.8003374725315311,0.4531939491162663,0.9412877213869522,0.8677629859955873,0.8686188002217026,0.9079967182643278,0.3022317273279538,0.8485170805722067,0.8256727870749789,0.5333324828471804,0.9075751144851479,0.9094078420027492,0.9583951996415495,0.9704110250992253,0.9667424582495754,0.8155659548675032,0.8542772224254337,0.6938529778897939,0.9460941969181726,0.500712962357545,0.7285394965407898,0.8677629859955873,0.8447836689107451,0.7590593723187995,0.639529176317772,0.8892764867245639,0.6894338727722293,0.9733657319161502,0.6661330077699142,0.8670360756633024,0.5072531225043275,0.9605305588381616,0.6019152174029844,0.5194457152305485,0.831146423199498,0.6403125748123593,0.9046651286446746,0.5249656009416453,0.8677629859955869,0.7172337288554196,0.6571029618756009,0.7431333050315445,0.831146423199498,0.3646176006692733,0.39278242858732204,0.9613268701331867,0.3467391349739317,0.3644652328274327,0.3790992550363341,0.8485170805722067,0.36117630580577886,0.9609854739975208,0.8305591408797135,0.406042254437616,0.7858515963541473,0.4920355781146335,0.8747439046690526,0.8335041150813924,0.8311464231994983,0.9305960280161285,0.8569052802857773,0.27169413986581226,0.9533749114354952,0.43431355590474263,0.8459565846100463,0.8256727870749789,0.34607253578722197,0.5386605160005753,0.6712280665048045,0.34470378447350514,0.33060419788264883,0.831146423199498,0.4413726062850467,0.5456475538419545,0.7423716115458534,0.831146423199498,0.4386543052759394,0.9949707416464655,0.861092113458608,0.8573303744450156,0.8541959247310256,0.5434358874178129,0.8657544982697927,0.7583339753696297,0.9169832390321795,0.8936272705252266,0.8573303744450154,0.3782090470115145,0.831146423199498,0.8518670708920336,0.831146423199498,0.861092113458608,0.6304035984817968,0.439029251427865,0.8747439046690526,0.9681394547088228,0.685429910479556,0.5248827794701756,0.7423716115458534,0.831146423199498,0.7426626707655788,0.5477520166024337,0.8590158558645424,0.8977838867656749,0.7182924545133287,0.8485170805722071,0.7506815672849727,0.9953636883061072,0.9687214300938704,0.4792469913577668,0.40648866977060294,0.9687214300938704,0.7628458004001926,0.8485170805722071,0.6190375839583004,0.9687214300938704,0.8747439046690526,0.99849623165068,0.8000054315513372,0.6657869264112668,0.825672787074978,0.9331493976029286,0.8046547388994403,0.5528526614501179,0.7182924545133287,0.880580772555136,0.5290035514326756,0.8090724896337734,0.9176189740206024,0.9571378517040275,0.6019474935979026,0.7423716115458534,0.6900377213560525,0.6715848101914922,0.9410043930661396,0.695213793057168,0.8569052802857773,0.897305029552881,0.8425509890153138,0.6404001877780339,0.8599259602252654,0.80864803207781,0.8455996574083999,0.751464125094962,0.8809287459442814,0.8546882169814702,0.9497561207374039,0.5846543459313797,0.8719608818967972,0.7856024675902527,0.9398131209030187,0.8956026468942944,0.9119099639640409,0.6520886643758788,0.831146423199498,0.642059399974814,0.714793050772117,0.7292298338532377,0.5810718827719142,0.8272296599975852,0.9894170690238606,0.8684346352318306,0.9302204657932789,0.6168808364573257,0.9233796586902148,0.8401179909024563,0.8777682925698056,0.9578362746518477,0.8142101728443067,0.8000885584109012,0.8582346568011594,0.8827190623870711,0.9203500650306156,0.9655789339400618,0.8738328753514066,0.8670360756633024,0.6096424761177244,0.5709433185995745,0.9363966480235932,0.9305960280161283,0.6307608814953938,0.9794475186683218,0.8480962071381712,0.8758599594502998,0.6112141275918226,0.8982620952863898,0.6765515156534136,0.8738328753514066,0.48782111621277946,0.7812528998027031,0.8883704299920681,0.4142939076608936,0.9377344362384998,0.8670360756633029,0.8677629859955869,0.6797222792471944,0.8962170259453923,0.9518209110251374,0.8546882169814702
p275_I,0.7524297972473161,0.9413411539914585,0.8918007079504506,0.9225015741707872,0.9492063492063487,0.9623211158059548,0.7050163519970581,0.7509151724713103,0.9038142386822647,0.960221152322577,0.9398636845831869,0.9475597985845114,0.9475597985845114,0.9225015741707872,0.9106019687464653,0.5567710364845595,0.944383427890573,0.9314886672615048,0.9582144552981327,0.960221152322577,0.8875255844205965,0.938412400887346,0.935580996038617,0.9508971383859763,0.9369854052620163,0.9314886672615046,0.944383427890573,0.916441965519317,0.960221152322577,0.7739436107925906,0.9250013316406693,0.9544316996038,0.9428469360414609,0.9188361382271659,0.9492063492063489,0.9582144552981327,0.9508971383859763,0.9428469360414602,0.9623211158059548,0.930160641445072,0.8993922310882436,0.932833950574053,0.9623211158059548,0.912915131908919,0.9443834278905732,0.8474513194974065,0.9526370111116405,0.9004911494084333,0.930160641445072,0.8918007079504506,0.9544316996038,0.8495864161552136,0.9314886672615046,0.13408370177867746,0.9428469360414604,0.9288488221297497,0.9288488221297497,0.0,0.7383793872014479,0.9459533477380775,0.9060540201833016,0.831146423199498,0.931488667261505,0.8993922310882436,0.9562880686171875,0.8244397822834253,0.9544316996038,0.6473831763250288,0.7698078233874499,0.9582144552981327,0.92126914699118,0.9301606414450723,0.9492063492063487,0.8266892096935958,0.0,0.8864622842804517,0.938412400887346,0.9398636845831867,0.8233095582802461,0.9623211158059548,0.9398636845831869,0.9341976401680094,0.31108550994831163,0.9314886672615048,0.0,0.9176344520056336,0.938412400887346,0.8046479448175341,0.8939536575643376,0.03139863267861631,0.0,0.8918007079504506,0.831146423199498,0.8548949080074899,0.31108550994831163,0.48955645159511163,0.8896584524348263,0.8875255844205965,0.8198957816506434,0.8187498553347687,0.9288488221297497,0.9526370111116405,0.9492063492063489,0.8580633769736241,0.6072669396673074,0.9582144552981327,0.907182019415572,0.7973204052495684,0.9369854052620166,0.8289245259008584,0.8759110188590657,0.9328339505740528,0.8070467719220202,0.9094556823349389,0.9526370111116405,0.7833099084134079,0.9413411539914585,0.9582144552981327,0.9623211158059548,0.8580633769736241,0.9129151319089193,0.885400876353422,0.9369854052620166,0.9250013316406696,0.931488667261505,0.7554264789789613,0.9508971383859763,0.6339927913026551,0.9475597985845114,0.9152582079543838,0.8727631680356085,0.9526370111116405,0.9544316996038,0.9623211158059548,0.944383427890573,0.8453085223330421,0.879064442044788,0.9544316996038003,0.9544316996038,0.06018876900101988,0.8046479448175343,0.960221152322577,0.8244397822834253,0.8717146038820363,0.8875255844205967,0.9106019687464659,0.892875760974867,0.8420784215528956,0.9301606414450723,0.7583810530554915,0.9602211523225768,0.9060540201833014,0.8559522762859688,0.8811713725919912,0.9544316996038,0.9301606414450725,0.8950345750758599,0.9140827360776209,0.8938851835250172,0.5567710364845593,0.7367566674079002,0.9526370111116407,0.9341976401680094,0.7431708752992887,0.8972062142375332,0.9164419655193166,0.8612222667022558,0.8993922310882436,0.9262700211315917,0.8453085223330423,0.9225015741707872,0.9475597985845114,0.9288488221297495,0.6783615558233287,0.8538362113124116,0.8780124908814328,0.9582144552981327,0.6072669396673073,0.9200475251844384,0.5526275082095409,0.9117550006367756,0.8885909234541711,0.9288488221297497,0.9475597985845114,0.6394614409405057,0.8538362113124116,0.8580633769736241,0.9015943008452869,0.13408370177867734,0.9237454173815312,0.9459533477380775,0.903814238682265,0.8221755430097122,0.7897778653703145,0.9060540201833014,0.0,0.9508971383859763,0.9459533477380777,0.4895564515951115,0.8355526955775656,0.8918007079504506,0.9475597985845114,0.0,0.8685695845092951,0.7897778653703145,0.960221152322577,0.0,0.6951973979147161,0.9152582079543841,0.8864622842804517,0.6447787703816181,0.9049315186013059,0.9475597985845114,0.0,0.6473831763250286,0.0,0.8117838598171898,0.8388272306091986,0.8355526955775657,0.0,0.6339927913026551,0.0,0.7050163519970583,0.9071820194155717,0.9164419655193166,0.8759110188590655,0.9526370111116407,0.7711949776746383,0.06018876900101888,0.935580996038617,0.9384124008873462,0.9060540201833014,0.7554264789789611,0.9188361382271666,0.9544316996038,0.4951319232791844,0.8907283270583697,0.9027019168030599,0.897206214237533,0.9152582079543838,0.9152582079543838,0.944383427890573,0.885400876353422,0.9459533477380777,0.0,0.9027019168030597,0.0,0.7334713952978886,0.9152582079543841,0.9544316996038,0.9275522446953854,0.7711949776746383,0.9508971383859763,0.9140827360776205,0.9369854052620161,0.892875760974867,0.9398636845831869,0.8612222667022562,0.9526370111116405,0.8717146038820363,0.8717146038820349,0.8442340263447974,0.03139863267861631,0.9562880686171873,0.8289245259008584,0.9623211158059548,0.8333555867103808,0.8333555867103808,0.24376003609304187,0.8706662210952574,0.8748612665230131,0.9544316996038003,0.848519788337875,0.7973204052495684,0.7780046509581313,0.9582144552981327,0.8289245259008584,0.9140827360776214,0.9341976401680094,0.9015943008452874,0.9582144552981327,0.8517144868263773,0.8141237078825918,0.9562880686171873,0.8982973238138026,0.9225015741707867,0.9526370111116407,0.9188361382271666,0.8070467719220202,0.9459533477380775,0.9526370111116405,0.9526370111116407,0.7985559379258667,0.9582144552981327,0.7985559379258667,0.6499526646778642,0.885400876353422,0.8442340263447972,0.9582144552981327,0.9492063492063487,0.930160641445072,0.9459533477380777,0.9544316996038003,0.8022278398026612,0.8982973238138026,0.9526370111116405,0.9301606414450723,0.9164419655193172,0.7250134267509765,0.9094556823349389,0.8843412180810755,0.6848496741376313,0.7923174570100686,0.6911250629978627,0.8727631680356077,0.9602211523225768,0.903814238682265,0.9602211523225768,0.9188361382271668,0.9152582079543841,0.9094556823349389,0.9526370111116405,0.0,0.9544316996038,0.9027019168030597,0.931488667261505,0.9582144552981327,0.9562880686171873,0.9475597985845114,0.0,0.9369854052620163,0.9582144552981327,0.9623211158059548,0.9106019687464655,0.823309558280246,0.9341976401680094,0.9544316996038003,0.8333555867103808,0.8289245259008584,0.9369854052620166,0.9428469360414611,0.8409971458279799,0.9526370111116405,0.9188361382271659,0.8117838598171898,0.9413411539914587,0.9106019687464657,0.9623211158059548,0.7655931084723666,0.9188361382271666,0.7780046509581313,0.944383427890573,0.03139863267861631,0.92126914699118,0.885400876353422,0.8070467719220202,0.8082384637825222,0.8187498553347687,0.0,0.8538362113124116,0.9176344520056336,0.9200475251844387,0.9176344520056336,0.9602211523225768,0.8453085223330421,0.0,0.0,0.930160641445072,0.903814238682265,0.8591172857456586,0.0,0.9602211523225768,0.9492063492063489,0.922501574170787,0.8972062142375332,0.7897778653703145,0.9492063492063489,0.9237454173815309,0.938412400887346,0.8322525541058978,0.9634411459729271,0.0,0.8811713725919912,0.9164419655193168,0.7766590274917047,0.9952327064015152,0.9237454173815312,0.8704033497109469,0.9526370111116405,0.7960789049353036,0.0,0.7973204052495684,0.9314886672615053,0.8591172857456586,0.8300371089395653,0.9508971383859763,0.831146423199498,0.9428469360414606,0.0,0.8961186971729789,0.7399891659895361,0.0,0.9237454173815309,0.7948313236856197,0.8420784215528956,0.8152867967569688,0.8022278398026612,0.0,0.7698078233874488,0.8559522762859684,0.9562880686171873,0.6574604645689301,0.7250134267509767,0.907182019415572,0.908315805590151,0.8961186971729789,0.9526370111116405,0.8982973238138026,0.8864622842804517,0.935580996038617,0.8527760996057683,0.8738120195914167,0.8706662210952574,0.21151139151266862,0.9544316996038,0.9314886672615055,0.0,0.9582144552981327,0.9015943008452869,0.8129560940834346,0.9398636845831869,0.9275522446953854,0.06018876900102055,0.7478523304650295,0.9508971383859763,0.06018876900102055,0.9398636845831869,0.9492063492063489,0.9413411539914582,0.879064442044788,0.903814238682265,0.9582144552981327,0.8463809254714867,0.9602211523225768,0.9413411539914582,0.935580996038617,0.801009545737682,0.938412400887346,0.9602211523225768,0.7997856146881548,0.9164419655193166,0.5305546844946969,0.24376003609304187,0.938412400887346,0.9027019168030597,0.9526370111116405,0.9188361382271666,0.8993922310882436,0.8769613888066743,0.9341976401680094,0.8993922310882436,0.9398636845831869,0.9250013316406693,0.6827113291147924,0.7725735218970409,0.9049315186013058,0.9443834278905732,0.8141237078825918,0.8907283270583697,0.9225015741707872,0.9341976401680094,0.21151139151266984,0.8175997772209664,0.9398636845831869,0.8517144868263774,0.9341976401680094,0.9152582079543841,0.7539334992316542,0.9526370111116405,0.8453085223330421,0.7143607147557585,0.9176344520056336,0.8993922310882432,0.9582144552981327,0.7301312695908229,0.8918007079504506,0.9562880686171875,0.9164419655193166,0.944383427890573,0.944383427890573,0.9544316996038003,0.9582144552981327,0.9250013316406696,0.8255663034700989,0.9129151319089186,0.9475597985845114,0.9475597985845114,0.7125274559321444,0.9071820194155717,0.08671734220308636,0.8717146038820361,0.0,0.9562880686171873,0.0,0.0,0.8187498553347687,0.2115113915126693,0.9188361382271664,0.0,0.7334713952978882,0.8377384241745145,0.4006068367505189,0.8527760996057685,0.8811713725919912,0.8058499662916012,0.903814238682265,0.47795836130872293,0.8399134433261015,0.9428469360414604,0.8864622842804515,0.4408515443948542,0.9176344520056336,0.7711949776746385,0.6473831763250284,0.9250013316406696,0.9428469360414602,0.9459533477380775,0.7846176027958278,0.9562880686171873,0.8961186971729789,0.9526370111116405,0.9004911494084331,0.938412400887346,0.9328339505740528,0.935580996038617,0.848519788337875,0.9237454173815312,0.9060540201833016,0.9355809960386168,0.7223272158432528,0.9526370111116405,0.17526171623055564,0.9508971383859763,0.9140827360776205,0.8570084033315839,0.8399134433261015,0.4654487838138114,0.8570084033315841,0.5711669571562623,0.77934241058442,0.8896584524348263,0.9475597985845114,0.7766590274917051,0.9262700211315917,0.9623211158059548,0.8058499662916013,0.8463809254714865,0.7876282222528316,0.8034406041869142,0.938412400887346,0.9071820194155717,0.8822265994777512,0.0,0.9544316996038,0.9164419655193174,0.9492063492063487,0.8612222667022558,0.938412400887346,0.9459533477380777,0.9262700211315917,0.831146423199498,0.9355809960386168,0.8046479448175343,0.9602211523225772,0.7935775465776653,0.9398636845831869,0.8664724446651941,0.06018876900102055,0.9428469360414602,0.7143607147557588,0.9152582079543841,0.9341976401680094,0.7806724477786732,0.880117361849238,0.7318083230664854,0.8633240709217587,0.9188361382271666,0.6991852245234744,0.8612222667022558,0.9250013316406696,0.960221152322577,0.9369854052620166,0.9508971383859763,0.8388272306091986,0.9027019168030597,0.525843532183836,0.03139863267861631,0.7960789049353036,0.8409971458279799,0.9623211158059548,0.8790644420447877,0.9526370111116405,0.9176344520056336,0.9164419655193168,0.932833950574053,0.9015943008452869,0.9250013316406696,0.9369854052620166,0.500567215157067,0.9398636845831867,0.9475597985845112,0.9544316996038,0.9623211158059548,0.0,0.9188361382271668,0.8654234385275936,0.8070467719220202,0.9200475251844384,0.0,0.8832831707913575,0.8244397822834253,0.9060540201833016,0.34458474155865637,0.9038142386822647,0.8918007079504506,0.8811713725919912,0.7859181167692968,0.9275522446953854,0.9060540201833014,0.6598989712921809,0.8907283270583697,0.9562880686171873,0.9027019168030597,0.9288488221297497,0.9526370111116405,0.9152582079543841,0.9623211158059548,0.9275522446953854,0.9459533477380777,0.9623211158059548,0.9413411539914587,0.9288488221297497,0.9492063492063487,0.6783615558233285,0.8843412180810755,0.9582144552981327,0.9492063492063489,0.9384124008873462,0.7806724477786728,0.8022278398026612,0.03139863267861631,0.9544316996038003,0.08671734220308558,0.03139863267861631,0.03139863267861631,0.3741839079094693,0.0,0.944383427890573,0.4527606561376478,0.0,0.9341976401680094,0.535161772248302,0.9582144552981327,0.9526370111116405,0.9562880686171873,0.9508971383859763,0.03139863267861631,0.7960789049353036,0.8580633769736241,0.935580996038617,0.8409971458279799,0.0,0.9071820194155722,0.9526370111116405,0.9341976401680094,0.7935775465776653,0.9083158055901508,0.9582144552981327,0.9508971383859763,0.9369854052620166,0.9152582079543841,0.6284764518573093,0.9492063492063487,0.4006068367505189,0.92126914699118,0.9250013316406696,0.6848496741376318,0.9398636845831869,0.9582144552981327,0.930160641445072,0.9526370111116405,0.9071820194155722,0.8420784215528954,0.0,0.9492063492063487,0.8822265994777507,0.960221152322577,0.8377384241745145,0.944383427890573,0.9398636845831869,0.8244397822834253,0.06018876900102055,0.7569089328329721,0.7846176027958276,0.0,0.0,0.40880739824839063,0.6991852245234742,0.9027019168030597,0.8058499662916013,0.8453085223330421,0.8152867967569688,0.8399134433261015,0.7997856146881548,0.9328339505740528,0.8129560940834346,0.0,0.9004911494084331,0.9544316996038,0.9623211158059548,0.831146423199498,0.9582144552981327,0.831146423199498,0.0,0.0,0.7739436107925914,0.9492063492063487,0.7819949015164562,0.938412400887346,0.8570084033315841,0.8993922310882436,0.6856702229525599,0.8993922310882436,0.8344556057285131,0.8506512873935228,0.0,0.9152582079543841,0.8175997772209664,0.9508971383859763,0.9582144552981327,0.5526275082095407,0.7351207557283752,0.43182584581086747,0.9176344520056336,0.9508971383859763,0.8591172857456586,0.0,0.8266892096935958,0.9176344520056336,0.8993922310882436,0.8727631680356078,0.8654234385275936,0.9413411539914582,0.9049315186013054,0.8538362113124116,0.9562880686171875,0.8685695845092949,0.862273520033598,0.9443834278905732,0.9602211523225768,0.9225015741707872,0.2586095064370061,0.8129560940834346,0.9544316996038,0.03139863267861631,0.8759110188590655,0.9288488221297497,0.9152582079543841,0.92126914699118,0.9623211158059548,0.9152582079543841,0.9623211158059548,0.9623211158059548,0.9027019168030597,0.3647019568709454,0.8961186971729789,0.9492063492063487,0.9602211523225768,0.938412400887346,0.938412400887346,0.8322525541058978,0.9428469360414611,0.9475597985845114,0.9288488221297497,0.5210240199989242,0.9508971383859761,0.7684119013812074,0.3833143586062788,0.7125274559321442,0.7447432793600621,0.0,0.8918007079504506,0.9492063492063489,0.758381053055492,0.960221152322577,0.9328339505740528,0.9341976401680097,0.855952276285969,0.0,0.7399891659895361,0.8058499662916012,0.9341976401680094,0.8058499662916012,0.8266892096935958,0.8129560940834346,0.9544316996038,0.7143607147557588,0.6716454483484393,0.8058499662916012,0.7431708752992889,0.9355809960386166,0.6761489807685291,0.9623211158059548,0.9355809960386168,0.9492063492063489,0.8982973238138026,0.930160641445072,0.8388272306091984,0.4779583613087228,0.8106069085572598,0.9492063492063489,0.03139863267861631,0.8420784215528954,0.861222266702256,0.5110414539348817,0.7766590274917051,0.7524297972473162,0.0,0.9856724533720749,0.8633240709217587,0.9225015741707872,0.0,0.8399134433261015,0.9428469360414604,0.9582144552981327,0.2115113915126694,0.03139863267861631,0.9114861522954751,0.9314886672615051,0.897206214237533,0.9288488221297497,0.9083158055901508,0.9355809960386172,0.8129560940834346,0.0,0.9275522446953854,0.0,0.9582144552981327,0.8333555867103808,0.8843412180810759,0.9623211158059548,0.9262700211315917,0.8022278398026612,0.904931518601306,0.9225015741707869,0.0,0.8322525541058978,0.8210376473859937,0.8506512873935228,0.9250013316406696,0.40060683675051967,0.9544316996038003,0.3227392978460525,0.9237454173815312,0.392115299153029,0.8928757609748668,0.7948313236856197,0.392115299153029,0.9225015741707872,0.9544316996038003,0.885400876353422,0.392115299153029,0.9623211158059548,0.931488667261505,0.9508971383859763,0.885400876353422,0.9475597985845114,0.9237454173815312,0.9341976401680094,0.8918007079504506,0.9152582079543841,0.9355809960386168,0.9140827360776211,0.930160641445072,0.9475597985845114,0.9384124008873462,0.7301312695908225,0.9225015741707872,0.9015943008452869,0.8333555867103808,0.42440193597169273,0.9083158055901508,0.930160641445072,0.9508971383859763,0.9526370111116405,0.9015943008452867,0.8939536575643379,0.9275522446953854,0.9275522446953854,0.9004911494084333,0.9544316996038,0.9562880686171873,0.5974763156586966,0.9262700211315922,0.8664724446651935,0.9176344520056336,0.9250013316406696,0.6549904556417999,0.9369854052620166,0.9237454173815312,0.9492063492063487,0.8366469404145511,0.8780124908814328,0.9129151319089186,0.9004911494084333,0.6623067578386677,0.9562880686171875,0.9188361382271666,0.5906675167558797,0.9314886672615046,0.944383427890573,0.926270021131592,0.8993922310882434,0.6040574193889983,0.7598430279509716,0.9398636845831869,0.6739104850582693,0.9475597985845114,0.8832831707913573,0.7143607147557586,0.9526370111116407,0.9508971383859763,0.8864622842804517,0.9275522446953852,0.9526370111116405,0.8982973238138026,0.8633240709217587,0.708808264663793,0.9459533477380775,0.9459533477380775,0.8322525541058978,0.9341976401680094,0.9027019168030599,0.9526370111116405,0.8591172857456586,0.9341976401680094,0.9562880686171873,0.8928757609748668,0.9328339505740528,0.9508971383859763,0.960221152322577,0.8854008763534222,0.9582144552981327,0.7197593917099125,0.9562880686171873
p276_M,0.7524297972473161,0.9413411539914585,0.8918007079504506,0.9225015741707872,0.9492063492063487,0.9623211158059548,0.7050163519970581,0.7509151724713103,0.9038142386822647,0.960221152322577,0.9398636845831869,0.9475597985845114,0.9475597985845114,0.9225015741707872,0.9106019687464653,0.5567710364845595,0.944383427890573,0.9314886672615048,0.9582144552981327,0.960221152322577,0.8875255844205965,0.938412400887346,0.935580996038617,0.9508971383859763,0.9369854052620163,0.9314886672615046,0.944383427890573,0.916441965519317,0.960221152322577,0.7739436107925906,0.9250013316406693,0.9544316996038,0.9428469360414609,0.9188361382271659,0.9492063492063489,0.9582144552981327,0.9508971383859763,0.9428469360414602,0.9623211158059548,0.930160641445072,0.8993922310882436,0.932833950574053,0.9623211158059548,0.912915131908919,0.9443834278905732,0.8474513194974065,0.9526370111116405,0.9004911494084333,0.930160641445072,0.8918007079504506,0.9544316996038,0.8495864161552136,0.9314886672615046,0.13408370177867746,0.9428469360414604,0.9288488221297497,0.9288488221297497,0.0,0.7383793872014479,0.9459533477380775,0.9060540201833016,0.831146423199498,0.931488667261505,0.8993922310882436,0.9562880686171875,0.8244397822834253,0.9544316996038,0.6473831763250288,0.7698078233874499,0.9582144552981327,0.92126914699118,0.9301606414450723,0.9492063492063487,0.8266892096935958,0.0,0.8864622842804517,0.938412400887346,0.9398636845831867,0.8233095582802461,0.9623211158059548,0.9398636845831869,0.9341976401680094,0.31108550994831163,0.9314886672615048,0.0,0.9176344520056336,0.938412400887346,0.8046479448175341,0.8939536575643376,0.03139863267861631,0.0,0.8918007079504506,0.831146423199498,0.8548949080074899,0.31108550994831163,0.48955645159511163,0.8896584524348263,0.8875255844205965,0.8198957816506434,0.8187498553347687,0.9288488221297497,0.9526370111116405,0.9492063492063489,0.8580633769736241,0.6072669396673074,0.9582144552981327,0.907182019415572,0.7973204052495684,0.9369854052620166,0.8289245259008584,0.8759110188590657,0.9328339505740528,0.8070467719220202,0.9094556823349389,0.9526370111116405,0.7833099084134079,0.9413411539914585,0.9582144552981327,0.9623211158059548,0.8580633769736241,0.9129151319089193,0.885400876353422,0.9369854052620166,0.9250013316406696,0.931488667261505,0.7554264789789613,0.9508971383859763,0.6339927913026551,0.9475597985845114,0.9152582079543838,0.8727631680356085,0.9526370111116405,0.9544316996038,0.9623211158059548,0.944383427890573,0.8453085223330421,0.879064442044788,0.9544316996038003,0.9544316996038,0.06018876900101988,0.8046479448175343,0.960221152322577,0.8244397822834253,0.8717146038820363,0.8875255844205967,0.9106019687464659,0.892875760974867,0.8420784215528956,0.9301606414450723,0.7583810530554915,0.9602211523225768,0.9060540201833014,0.8559522762859688,0.8811713725919912,0.9544316996038,0.9301606414450725,0.8950345750758599,0.9140827360776209,0.8938851835250172,0.5567710364845593,0.7367566674079002,0.9526370111116407,0.9341976401680094,0.7431708752992887,0.8972062142375332,0.9164419655193166,0.8612222667022558,0.8993922310882436,0.9262700211315917,0.8453085223330423,0.9225015741707872,0.9475597985845114,0.9288488221297495,0.6783615558233287,0.8538362113124116,0.8780124908814328,0.9582144552981327,0.6072669396673073,0.9200475251844384,0.5526275082095409,0.9117550006367756,0.8885909234541711,0.9288488221297497,0.9475597985845114,0.6394614409405057,0.8538362113124116,0.8580633769736241,0.9015943008452869,0.13408370177867734,0.9237454173815312,0.9459533477380775,0.903814238682265,0.8221755430097122,0.7897778653703145,0.9060540201833014,0.0,0.9508971383859763,0.9459533477380777,0.4895564515951115,0.8355526955775656,0.8918007079504506,0.9475597985845114,0.0,0.8685695845092951,0.7897778653703145,0.960221152322577,0.0,0.6951973979147161,0.9152582079543841,0.8864622842804517,0.6447787703816181,0.9049315186013059,0.9475597985845114,0.0,0.6473831763250286,0.0,0.8117838598171898,0.8388272306091986,0.8355526955775657,0.0,0.6339927913026551,0.0,0.7050163519970583,0.9071820194155717,0.9164419655193166,0.8759110188590655,0.9526370111116407,0.7711949776746383,0.06018876900101888,0.935580996038617,0.9384124008873462,0.9060540201833014,0.7554264789789611,0.9188361382271666,0.9544316996038,0.4951319232791844,0.8907283270583697,0.9027019168030599,0.897206214237533,0.9152582079543838,0.9152582079543838,0.944383427890573,0.885400876353422,0.9459533477380777,0.0,0.9027019168030597,0.0,0.7334713952978886,0.9152582079543841,0.9544316996038,0.9275522446953854,0.7711949776746383,0.9508971383859763,0.9140827360776205,0.9369854052620161,0.892875760974867,0.9398636845831869,0.8612222667022562,0.9526370111116405,0.8717146038820363,0.8717146038820349,0.8442340263447974,0.03139863267861631,0.9562880686171873,0.8289245259008584,0.9623211158059548,0.8333555867103808,0.8333555867103808,0.24376003609304187,0.8706662210952574,0.8748612665230131,0.9544316996038003,0.848519788337875,0.7973204052495684,0.7780046509581313,0.9582144552981327,0.8289245259008584,0.9140827360776214,0.9341976401680094,0.9015943008452874,0.9582144552981327,0.8517144868263773,0.8141237078825918,0.9562880686171873,0.8982973238138026,0.9225015741707867,0.9526370111116407,0.9188361382271666,0.8070467719220202,0.9459533477380775,0.9526370111116405,0.9526370111116407,0.7985559379258667,0.9582144552981327,0.7985559379258667,0.6499526646778642,0.885400876353422,0.8442340263447972,0.9582144552981327,0.9492063492063487,0.930160641445072,0.9459533477380777,0.9544316996038003,0.8022278398026612,0.8982973238138026,0.9526370111116405,0.9301606414450723,0.9164419655193172,0.7250134267509765,0.9094556823349389,0.8843412180810755,0.6848496741376313,0.7923174570100686,0.6911250629978627,0.8727631680356077,0.9602211523225768,0.903814238682265,0.9602211523225768,0.9188361382271668,0.9152582079543841,0.9094556823349389,0.9526370111116405,0.0,0.9544316996038,0.9027019168030597,0.931488667261505,0.9582144552981327,0.9562880686171873,0.9475597985845114,0.0,0.9369854052620163,0.9582144552981327,0.9623211158059548,0.9106019687464655,0.823309558280246,0.9341976401680094,0.9544316996038003,0.8333555867103808,0.8289245259008584,0.9369854052620166,0.9428469360414611,0.8409971458279799,0.9526370111116405,0.9188361382271659,0.8117838598171898,0.9413411539914587,0.9106019687464657,0.9623211158059548,0.7655931084723666,0.9188361382271666,0.7780046509581313,0.944383427890573,0.03139863267861631,0.92126914699118,0.885400876353422,0.8070467719220202,0.8082384637825222,0.8187498553347687,0.0,0.8538362113124116,0.9176344520056336,0.9200475251844387,0.9176344520056336,0.9602211523225768,0.8453085223330421,0.0,0.0,0.930160641445072,0.903814238682265,0.8591172857456586,0.0,0.9602211523225768,0.9492063492063489,0.922501574170787,0.8972062142375332,0.7897778653703145,0.9492063492063489,0.9237454173815309,0.938412400887346,0.8322525541058978,0.9634411459729271,0.0,0.8811713725919912,0.9164419655193168,0.7766590274917047,0.9952327064015152,0.9237454173815312,0.8704033497109469,0.9526370111116405,0.7960789049353036,0.0,0.7973204052495684,0.9314886672615053,0.8591172857456586,0.8300371089395653,0.9508971383859763,0.831146423199498,0.9428469360414606,0.0,0.8961186971729789,0.7399891659895361,0.0,0.9237454173815309,0.7948313236856197,0.8420784215528956,0.8152867967569688,0.8022278398026612,0.0,0.7698078233874488,0.8559522762859684,0.9562880686171873,0.6574604645689301,0.7250134267509767,0.907182019415572,0.908315805590151,0.8961186971729789,0.9526370111116405,0.8982973238138026,0.8864622842804517,0.935580996038617,0.8527760996057683,0.8738120195914167,0.8706662210952574,0.21151139151266862,0.9544316996038,0.9314886672615055,0.0,0.9582144552981327,0.9015943008452869,0.8129560940834346,0.9398636845831869,0.9275522446953854,0.06018876900102055,0.7478523304650295,0.9508971383859763,0.06018876900102055,0.9398636845831869,0.9492063492063489,0.9413411539914582,0.879064442044788,0.903814238682265,0.9582144552981327,0.8463809254714867,0.9602211523225768,0.9413411539914582,0.935580996038617,0.801009545737682,0.938412400887346,0.9602211523225768,0.7997856146881548,0.9164419655193166,0.5305546844946969,0.24376003609304187,0.938412400887346,0.9027019168030597,0.9526370111116405,0.9188361382271666,0.8993922310882436,0.8769613888066743,0.9341976401680094,0.8993922310882436,0.9398636845831869,0.9250013316406693,0.6827113291147924,0.7725735218970409,0.9049315186013058,0.9443834278905732,0.8141237078825918,0.8907283270583697,0.9225015741707872,0.9341976401680094,0.21151139151266984,0.8175997772209664,0.9398636845831869,0.8517144868263774,0.9341976401680094,0.9152582079543841,0.7539334992316542,0.9526370111116405,0.8453085223330421,0.7143607147557585,0.9176344520056336,0.8993922310882432,0.9582144552981327,0.7301312695908229,0.8918007079504506,0.9562880686171875,0.9164419655193166,0.944383427890573,0.944383427890573,0.9544316996038003,0.9582144552981327,0.9250013316406696,0.8255663034700989,0.9129151319089186,0.9475597985845114,0.9475597985845114,0.7125274559321444,0.9071820194155717,0.08671734220308636,0.8717146038820361,0.0,0.9562880686171873,0.0,0.0,0.8187498553347687,0.2115113915126693,0.9188361382271664,0.0,0.7334713952978882,0.8377384241745145,0.4006068367505189,0.8527760996057685,0.8811713725919912,0.8058499662916012,0.903814238682265,0.47795836130872293,0.8399134433261015,0.9428469360414604,0.8864622842804515,0.4408515443948542,0.9176344520056336,0.7711949776746385,0.6473831763250284,0.9250013316406696,0.9428469360414602,0.9459533477380775,0.7846176027958278,0.9562880686171873,0.8961186971729789,0.9526370111116405,0.9004911494084331,0.938412400887346,0.9328339505740528,0.935580996038617,0.848519788337875,0.9237454173815312,0.9060540201833016,0.9355809960386168,0.7223272158432528,0.9526370111116405,0.17526171623055564,0.9508971383859763,0.9140827360776205,0.8570084033315839,0.8399134433261015,0.4654487838138114,0.8570084033315841,0.5711669571562623,0.77934241058442,0.8896584524348263,0.9475597985845114,0.7766590274917051,0.9262700211315917,0.9623211158059548,0.8058499662916013,0.8463809254714865,0.7876282222528316,0.8034406041869142,0.938412400887346,0.9071820194155717,0.8822265994777512,0.0,0.9544316996038,0.9164419655193174,0.9492063492063487,0.8612222667022558,0.938412400887346,0.9459533477380777,0.9262700211315917,0.831146423199498,0.9355809960386168,0.8046479448175343,0.9602211523225772,0.7935775465776653,0.9398636845831869,0.8664724446651941,0.06018876900102055,0.9428469360414602,0.7143607147557588,0.9152582079543841,0.9341976401680094,0.7806724477786732,0.880117361849238,0.7318083230664854,0.8633240709217587,0.9188361382271666,0.6991852245234744,0.8612222667022558,0.9250013316406696,0.960221152322577,0.9369854052620166,0.9508971383859763,0.8388272306091986,0.9027019168030597,0.525843532183836,0.03139863267861631,0.7960789049353036,0.8409971458279799,0.9623211158059548,0.8790644420447877,0.9526370111116405,0.9176344520056336,0.9164419655193168,0.932833950574053,0.9015943008452869,0.9250013316406696,0.9369854052620166,0.500567215157067,0.9398636845831867,0.9475597985845112,0.9544316996038,0.9623211158059548,0.0,0.9188361382271668,0.8654234385275936,0.8070467719220202,0.9200475251844384,0.0,0.8832831707913575,0.8244397822834253,0.9060540201833016,0.34458474155865637,0.9038142386822647,0.8918007079504506,0.8811713725919912,0.7859181167692968,0.9275522446953854,0.9060540201833014,0.6598989712921809,0.8907283270583697,0.9562880686171873,0.9027019168030597,0.9288488221297497,0.9526370111116405,0.9152582079543841,0.9623211158059548,0.9275522446953854,0.9459533477380777,0.9623211158059548,0.9413411539914587,0.9288488221297497,0.9492063492063487,0.6783615558233285,0.8843412180810755,0.9582144552981327,0.9492063492063489,0.9384124008873462,0.7806724477786728,0.8022278398026612,0.03139863267861631,0.9544316996038003,0.08671734220308558,0.03139863267861631,0.03139863267861631,0.3741839079094693,0.0,0.944383427890573,0.4527606561376478,0.0,0.9341976401680094,0.535161772248302,0.9582144552981327,0.9526370111116405,0.9562880686171873,0.9508971383859763,0.03139863267861631,0.7960789049353036,0.8580633769736241,0.935580996038617,0.8409971458279799,0.0,0.9071820194155722,0.9526370111116405,0.9341976401680094,0.7935775465776653,0.9083158055901508,0.9582144552981327,0.9508971383859763,0.9369854052620166,0.9152582079543841,0.6284764518573093,0.9492063492063487,0.4006068367505189,0.92126914699118,0.9250013316406696,0.6848496741376318,0.9398636845831869,0.9582144552981327,0.930160641445072,0.9526370111116405,0.9071820194155722,0.8420784215528954,0.0,0.9492063492063487,0.8822265994777507,0.960221152322577,0.8377384241745145,0.944383427890573,0.9398636845831869,0.8244397822834253,0.06018876900102055,0.7569089328329721,0.7846176027958276,0.0,0.0,0.40880739824839063,0.6991852245234742,0.9027019168030597,0.8058499662916013,0.8453085223330421,0.8152867967569688,0.8399134433261015,0.7997856146881548,0.9328339505740528,0.8129560940834346,0.0,0.9004911494084331,0.9544316996038,0.9623211158059548,0.831146423199498,0.9582144552981327,0.831146423199498,0.0,0.0,0.7739436107925914,0.9492063492063487,0.7819949015164562,0.938412400887346,0.8570084033315841,0.8993922310882436,0.6856702229525599,0.8993922310882436,0.8344556057285131,0.8506512873935228,0.0,0.9152582079543841,0.8175997772209664,0.9508971383859763,0.9582144552981327,0.5526275082095407,0.7351207557283752,0.43182584581086747,0.9176344520056336,0.9508971383859763,0.8591172857456586,0.0,0.8266892096935958,0.9176344520056336,0.8993922310882436,0.8727631680356078,0.8654234385275936,0.9413411539914582,0.9049315186013054,0.8538362113124116,0.9562880686171875,0.8685695845092949,0.862273520033598,0.9443834278905732,0.9602211523225768,0.9225015741707872,0.2586095064370061,0.8129560940834346,0.9544316996038,0.03139863267861631,0.8759110188590655,0.9288488221297497,0.9152582079543841,0.92126914699118,0.9623211158059548,0.9152582079543841,0.9623211158059548,0.9623211158059548,0.9027019168030597,0.3647019568709454,0.8961186971729789,0.9492063492063487,0.9602211523225768,0.938412400887346,0.938412400887346,0.8322525541058978,0.9428469360414611,0.9475597985845114,0.9288488221297497,0.5210240199989242,0.9508971383859761,0.7684119013812074,0.3833143586062788,0.7125274559321442,0.7447432793600621,0.0,0.8918007079504506,0.9492063492063489,0.758381053055492,0.960221152322577,0.9328339505740528,0.9341976401680097,0.855952276285969,0.0,0.7399891659895361,0.8058499662916012,0.9341976401680094,0.8058499662916012,0.8266892096935958,0.8129560940834346,0.9544316996038,0.7143607147557588,0.6716454483484393,0.8058499662916012,0.7431708752992889,0.9355809960386166,0.6761489807685291,0.9623211158059548,0.9355809960386168,0.9492063492063489,0.8982973238138026,0.930160641445072,0.8388272306091984,0.4779583613087228,0.8106069085572598,0.9492063492063489,0.03139863267861631,0.8420784215528954,0.861222266702256,0.5110414539348817,0.7766590274917051,0.7524297972473162,0.0,0.9856724533720749,0.8633240709217587,0.9225015741707872,0.0,0.8399134433261015,0.9428469360414604,0.9582144552981327,0.2115113915126694,0.03139863267861631,0.9114861522954751,0.9314886672615051,0.897206214237533,0.9288488221297497,0.9083158055901508,0.9355809960386172,0.8129560940834346,0.0,0.9275522446953854,0.0,0.9582144552981327,0.8333555867103808,0.8843412180810759,0.9623211158059548,0.9262700211315917,0.8022278398026612,0.904931518601306,0.9225015741707869,0.0,0.8322525541058978,0.8210376473859937,0.8506512873935228,0.9250013316406696,0.40060683675051967,0.9544316996038003,0.3227392978460525,0.9237454173815312,0.392115299153029,0.8928757609748668,0.7948313236856197,0.392115299153029,0.9225015741707872,0.9544316996038003,0.885400876353422,0.392115299153029,0.9623211158059548,0.931488667261505,0.9508971383859763,0.885400876353422,0.9475597985845114,0.9237454173815312,0.9341976401680094,0.8918007079504506,0.9152582079543841,0.9355809960386168,0.9140827360776211,0.930160641445072,0.9475597985845114,0.9384124008873462,0.7301312695908225,0.9225015741707872,0.9015943008452869,0.8333555867103808,0.42440193597169273,0.9083158055901508,0.930160641445072,0.9508971383859763,0.9526370111116405,0.9015943008452867,0.8939536575643379,0.9275522446953854,0.9275522446953854,0.9004911494084333,0.9544316996038,0.9562880686171873,0.5974763156586966,0.9262700211315922,0.8664724446651935,0.9176344520056336,0.9250013316406696,0.6549904556417999,0.9369854052620166,0.9237454173815312,0.9492063492063487,0.8366469404145511,0.8780124908814328,0.9129151319089186,0.9004911494084333,0.6623067578386677,0.9562880686171875,0.9188361382271666,0.5906675167558797,0.9314886672615046,0.944383427890573,0.926270021131592,0.8993922310882434,0.6040574193889983,0.7598430279509716,0.9398636845831869,0.6739104850582693,0.9475597985845114,0.8832831707913573,0.7143607147557586,0.9526370111116407,0.9508971383859763,0.8864622842804517,0.9275522446953852,0.9526370111116405,0.8982973238138026,0.8633240709217587,0.708808264663793,0.9459533477380775,0.9459533477380775,0.8322525541058978,0.9341976401680094,0.9027019168030599,0.9526370111116405,0.8591172857456586,0.9341976401680094,0.9562880686171873,0.8928757609748668,0.9328339505740528,0.9508971383859763,0.960221152322577,0.8854008763534222,0.9582144552981327,0.7197593917099125,0.9562880686171873
p276_W,0.6507483603923581,0.7389396761883911,0.5184606561382257,0.8908887293853252,0.8034773333283489,0.832310684954062,0.9475916244064291,0.9790486860872948,0.5745054512505591,0.8240313055654187,0.8293931832816237,0.7953958706584722,0.7680215914296747,0.6943934596711931,0.9923835824007633,0.8339537787567177,0.9083372823623634,0.6950913301828017,0.9488746411581803,0.8582652152099643,0.6960328842776857,0.7734303664951185,0.8962368376832794,0.8408844526375086,0.8127547489247666,0.6969281293985672,0.7524792710367252,0.6859794645366732,0.8935656017904772,0.761336254107339,0.7489030159332144,0.8295268325962144,0.7963596812571239,0.8115456104372938,0.8034773333283489,0.8477442002619116,0.8105182202120127,0.7456411368599145,0.8333208615507239,0.6891809709913195,0.5684795164242173,0.7028792255709202,0.8333208615507239,0.6327370560811594,0.9877573767538772,0.4903020389898298,0.8192336313917981,0.5598051842707881,0.6891809709913197,0.5213614955590757,0.7984206482463506,0.3960176668230242,0.6969281293985672,0.8628796750146144,0.747173419167988,0.7254365351892997,0.9148586198745887,0.7739436107925914,0.6369286405661665,0.8127571370256814,0.5844135167066552,0.6559868027617213,0.9140640366909359,0.8769046012302293,0.8054606979556642,0.547432146329834,0.8905175082550112,0.7089866310399697,0.7974729720594256,0.9825847881236032,0.6496095068516392,0.6891809709913197,0.775305396269745,0.23332938779540813,0.7739436107925914,0.494702080803644,0.7734303664951183,0.8051359425884179,0.417487388411912,0.8323106849540618,0.7582337249338803,0.8868216295829456,0.6718658230131764,0.9122272374751699,0.7739436107925914,0.6521750190988629,0.9176567269866607,0.672993310842189,0.8288916506840047,0.7666156616807631,0.7739436107925914,0.564920874604484,0.5507247750321704,0.5041284585471953,0.8967785749727069,0.8541576772129478,0.6007255078966882,0.5145572516835124,0.2528363437696334,0.32193463471696926,0.7464834334876655,0.8792774527759573,0.7739436107925921,0.7569033938120235,0.64834899350137,0.8140340532964885,0.5869149545938588,0.12771689806584274,0.7212439119331118,0.30595121920608914,0.5478516028186868,0.9659861739710818,0.36659020763637884,0.6319688480183101,0.7892117206997185,0.25912506964432336,0.9372436743103478,0.8151543300838584,0.8694627353424191,0.3989178336920781,0.6686814778544108,0.654488311878263,0.7428545480534487,0.9707530812055186,0.8470864652874597,0.4273384791718804,0.7814684429494729,0.9274268415728499,0.958235616282348,0.8819145180964152,0.43714560596802643,0.8192336313917978,0.8594113239051475,0.8333208615507239,0.7784556062576649,0.6871134546133584,0.6245503488202572,0.8594113239051477,0.8283051395552841,0.786111656525037,0.4968390194573832,0.8229648286294506,0.5474321463298333,0.5415048001636198,0.7262788230433819,0.6045321631165606,0.6819594193765035,0.3656916442301754,0.6910533747805283,0.2945741388640186,0.8935656017904772,0.6524699797716391,0.8649125113398146,0.910531737175897,0.9838360613046024,0.7124246042366712,0.6749431022901198,0.7810072549332043,0.7548093274281928,0.5348446672926268,0.7772608663885248,0.9393212741601169,0.7969846017459077,0.41763054164927027,0.6225360728658937,0.6466638918783421,0.656759625354409,0.665876911626115,0.8967785749727069,0.5099532348421065,0.8515896754424988,0.7666156616807633,0.8325786005450289,0.7214558959445565,0.8298975882891473,0.789074320479354,0.8814543472273346,0.9737403469173103,0.8359324451745875,0.5999686946121279,0.9655874645929735,0.72010503456361,0.8938117215762234,0.7680215914296747,0.8741783301969559,0.5215619755241296,0.42571715980305935,0.6141154282594461,0.8628796750146144,0.8198525538626726,0.7609151749640035,0.7251350722516976,0.4446800230858705,0.23964058672055888,0.9076817162653255,0.7739436107925914,0.8118346753749687,0.91933905902826,0.8214518446638187,0.5473062145196339,0.6762288904466087,0.7680215914296747,0.7739436107925914,0.5122654325154119,0.3365520098224055,0.859331692145932,0.7739436107925914,0.8315997407351292,0.6801551377064803,0.6030126579807795,0.7815236502133378,0.6106452513669082,0.7666156616807633,0.7739436107925914,0.8155118454450236,0.7739436107925914,0.5358327085500494,0.5381088689335178,0.4965468503617744,0.7739436107925914,0.5041720043684227,0.7739436107925914,0.5342654968912117,0.8468039270613524,0.6652015764223693,0.4620449409169094,0.8192336313917978,0.09661517696583899,0.8127571370256814,0.8047705081843859,0.7275564768216031,0.7860641999422515,0.772407981263666,0.8472780744564758,0.8283051395552841,0.8769046012302296,0.7782811798585639,0.8326497935780861,0.8145799717485198,0.8635727562427844,0.6251298521455892,0.7539703597654187,0.5498001228658314,0.8408516164659381,0.7739436107925914,0.5695849007493934,0.7739436107925914,0.6910700020124775,0.6411996737091925,0.7984206482463508,0.7832103179669065,0.07244312438717948,0.8118346753749687,0.6199299465782883,0.7195544810963421,0.5699978352576758,0.8051359425884179,0.3996257699468867,0.7904815296111659,0.5836686947216418,0.9069252196664805,0.3755350482350325,0.7666156616807631,0.9036092916075505,0.5648454394585434,0.8333208615507239,0.5535292899490077,0.7684019110110104,0.8335323337878826,0.819776744865661,0.6566298397076227,0.8295268325962147,0.3951560963873527,0.3950780205628761,0.5134917997612409,0.8140340532964885,0.26831110782824397,0.8559243823464879,0.7969846017459075,0.9410122268430656,0.8140340532964885,0.8967150269182405,0.32545975012359496,0.8701118113860609,0.5957233471382002,0.7336925136140193,0.789211720699718,0.6766899169033604,0.18312972349885803,0.7594661760243921,0.7892117206997185,0.9693431848521965,0.17644136914433728,0.8140340532964885,0.49802455507758137,0.6634297981339421,0.48997830057301295,0.8276867023723543,0.9488746411581803,0.7739436107925921,0.7960371182720352,0.7594661760243924,0.7971989552054204,0.1616840251472519,0.6145665441341672,0.9092993634680371,0.7105522004474638,0.7972055718008367,0.26420897447317837,0.6343963548997502,0.48836313662956965,0.7168929903302836,0.7910900880648142,0.729372846230869,0.6172163715738603,0.8582652152099643,0.6247153249176054,0.9288659883709904,0.8662323141845998,0.6618133758528493,0.6319688480183101,0.7904815296111652,0.7739436107925914,0.7984206482463496,0.8492543854023227,0.6950913301828023,0.8140340532964885,0.838958178177154,0.9034870578247525,0.7739436107925914,0.8826549497960849,0.8151543300838585,0.832310684954062,0.7784314880222072,0.6616358910357044,0.7296068308681292,0.8295268325962148,0.3260171029421811,0.3139113636062405,0.9991552845816154,0.7471734191679891,0.34366985838022446,0.8205034403032456,0.659911692612301,0.34656673303556684,0.740512328741476,0.6397913830514876,0.8323106849540618,0.12028181199519028,0.6387814374471126,0.11465293221335815,0.7524792710367252,0.7666156616807631,0.9622403819297952,0.5797110340122404,0.15866832561385547,0.2251649354345071,0.20572155750280308,0.7739436107925914,0.4328320151136006,0.6731249202763687,0.7017006215409434,0.914558376008495,0.8240313055654187,0.38044786217363225,0.7739436107925914,0.7739436107925914,0.6910533747805281,0.5912420758062414,0.5612080953673058,0.7739436107925914,0.8935656017904774,0.7739436107925921,0.6943934596711931,0.5585214399050178,0.26386844249602115,0.8021155478511961,0.7004357220773811,0.7971928977657508,0.2660578852649351,0.17105334540828598,0.7739436107925914,0.5004467421938066,0.6466638918783416,0.09660812674826025,0.2172801448109899,0.8397553591602211,0.573077991674191,0.7892117206997182,0.09791934755891274,0.7739436107925914,0.19519969718003227,0.9792048088786464,0.7800760677909985,0.6960660508007894,0.7827848981124288,0.3618465792688126,0.7710004090585192,0.7739436107925914,0.7470865173404722,0.61195157042304,0.7739436107925914,0.7422857295912595,0.6264723644431502,0.5285997424603461,0.2149104917143334,0.12512023707553488,0.7739436107925914,0.9062591271685081,0.5625144612330208,0.9347629248164577,0.6558757786775549,0.4737275261982642,0.6065634526120472,0.5944189202910407,0.6012543079542971,0.7892117206997185,0.7112657411212243,0.5127841318592218,0.8276370905591093,0.3883198706148242,0.8778223016227265,0.4383986270673015,0.896236837683279,0.7971989552054204,0.7385185116412758,0.7739436107925914,0.9488746411581803,0.7103376776369594,0.615207235601253,0.8067482063202916,0.8020071112067713,0.8127571370256816,0.7480019339293826,0.9861333389502076,0.8127571370256819,0.9021649053612404,0.8584594219684041,0.9883923263939187,0.5487944325068266,0.6723464437437461,0.8151543300838585,0.3464056201962873,0.8240313055654191,0.8644523275676963,0.8505036729338327,0.48508396850156854,0.8684804915776481,0.8582652152099641,0.6444030890428456,0.685979464536673,0.8746556643795471,0.9439105339405489,0.8447179603070161,0.633394691687247,0.9993650955442763,0.8851865539127237,0.893137500430546,0.9872827058128417,0.9092808865422053,0.7010400195615457,0.7824909656270862,0.6883984526771301,0.5307086968334533,0.47734491914486477,0.6612644272496859,0.9343136175833033,0.756298254634465,0.6676077755094418,0.6768216772435854,0.7313710021096411,0.8733702553085558,0.21294271018852995,0.7824909656270866,0.576921214959166,0.7089117451503816,0.7695920066846063,0.6636222114703977,0.7892117206997185,0.9072725881497639,0.45710555626768423,0.8583333709564309,0.6198755235599638,0.9499949179455506,0.6413185286613392,0.6452554114691007,0.9024373681012594,0.8876537909506981,0.7784556062576646,0.7524792710367256,0.8295268325962151,0.8488644770492815,0.6863877270100089,0.27361937538405257,0.6124300866805608,0.7666156616807633,0.7666156616807633,0.5419301884865593,0.7781637915044081,0.8304082766995444,0.45717701104757535,0.7739436107925914,0.837786254670863,0.7739436107925914,0.7739436107925914,0.19820826431526917,0.9191034200580028,0.6577356771752365,0.7739436107925914,0.46333409386036273,0.2822075217851583,0.8979843396600192,0.9122469062197385,0.5590303129055343,0.46585871889698494,0.8564493138562492,0.9986957118204525,0.2918290996543388,0.8486105079624078,0.9037744117193054,0.9024373681012594,0.6356415835749925,0.5860079574972192,0.5758301130336523,0.666219539257981,0.8232512357638027,0.8408516164659381,0.7067829763629621,0.8377862546708625,0.5853601817419745,0.7892117206997185,0.7533723321975054,0.7275564768216017,0.9659861739710818,0.7819039258096627,0.3560029023660132,0.7203385273749299,0.5844135167066558,0.7150312619464241,0.9701642688082319,0.7904815296111656,0.8684804915776487,0.8395679974745531,0.9080811818853118,0.39416596982874563,0.5051116924092751,0.9216236926048751,0.6174040871209174,0.9617810415329378,0.6645121158149911,0.5089265797516112,0.8487384993671567,0.18120413250036238,0.6923124368276792,0.8323106849540618,0.27035023698934924,0.45027154576312656,0.7024216353432873,0.23499641669725668,0.7496678352244859,0.6408835203905194,0.7292535447750752,0.7739436107925914,0.7971989552054204,0.7786678872568105,0.775305396269745,0.544772086801188,0.7275564768216014,0.7609151749640044,0.7740988920856902,0.3240709401161408,0.919103420058003,0.14803434323750897,0.8582652152099639,0.31181458539765305,0.9037771690931146,0.4230959194216358,0.8127571370256816,0.9485153144487539,0.8097879860052801,0.7879337685382364,0.7520660878273886,0.7492330000753014,0.629985498992125,0.16937677365166492,0.40901801902389157,0.9230950333689716,0.5174761258685894,0.4094384786919685,0.6682302649251024,0.8229648286294513,0.836054815881873,0.811834675374969,0.5764197520899677,0.6858170435190505,0.7910489864090181,0.793989940909561,0.26248439641790433,0.3051875821267733,0.906614785730776,0.537534010012582,0.8805472616874047,0.7646250292029908,0.8320407373186156,0.8114566937573489,0.8447899774655514,0.6863877270100089,0.7911441128044299,0.8213548067746667,0.7566214612020066,0.7953958706584723,0.7971989552054204,0.906614785730776,0.7739436107925914,0.8115456104372936,0.4971584091933825,0.4277437023488857,0.6441726971265243,0.7739436107925914,0.602055689254893,0.39316219903915206,0.5844135167066558,0.6747439326997797,0.5719266964096525,0.6268678325594965,0.5622161264185568,0.8637126844861119,0.7397897255828227,0.9587240635640625,0.5755298237372488,0.6676077755094414,0.8054606979556647,0.5835809162145369,0.8938117215762231,0.9693431848521965,0.7512502448309757,0.8694627353424191,0.7832103179669064,0.7594661760243921,0.8694627353424191,0.7389396761883908,0.7675303317860309,0.8021155478511961,0.5928851269550827,0.500137300722943,0.815154330083859,0.7753053962697455,0.7750815393628674,0.3623812576921934,0.19824781321896878,0.7666156616807631,0.9527298769547388,0.8044319414786043,0.7666156616807631,0.7666156616807631,0.982133767990409,0.7739436107925914,0.7799466949863588,0.9644357001570518,0.7739436107925914,0.7296068308681292,0.6368238285854422,0.8151543300838582,0.7892117206997185,0.838958178177154,0.7827848981124289,0.793989940909561,0.43251660074623377,0.3855181706365882,0.7150312619464239,0.30945047274901294,0.7739436107925914,0.5869149545938588,0.9393212741601169,0.8194438587051671,0.3780052899176414,0.6265829904420417,0.8140340532964887,0.8976675519996327,0.7212439119331122,0.93466786336728,0.7894546819676611,0.9148032960856118,0.9346678633672798,0.8630920680218503,0.8275650412742035,0.7850655286358686,0.8293931832816233,0.9488746411581803,0.7532946593597494,0.8192336313917981,0.8614754968216354,0.36569164423017564,0.7739436107925914,0.8866313590270078,0.5641729203015335,0.8240313055654189,0.44351352788439,0.7784556062576649,0.9749366274408569,0.3355510154036313,0.8127571370256816,0.4998515045965286,0.15609194904613888,0.7739436107925914,0.7739436107925914,0.9988482725653889,0.512949135879499,0.6666038753357197,0.600270800208484,0.3545467876399375,0.4367536641291312,0.3515296658642044,0.1629942850650774,0.7010784936046828,0.2832357194866082,0.7739436107925914,0.8050989283892542,0.7971989552054204,0.8333208615507239,0.3114790603985833,0.8140340532964885,0.37896544897545825,0.7739436107925914,0.7739436107925914,0.0,0.7739436107925921,0.14443822772575554,0.7496678352244861,0.40368950483976396,0.5684795164242169,0.8869059606734878,0.7957401052286472,0.2930141493529411,0.3746924357717023,0.7739436107925914,0.6228579118555615,0.19312069250260755,0.8395679974745527,0.8488644770492815,0.9488886747800844,0.8811246409130036,0.7784314880222074,0.6334333507481749,0.782784898112429,0.5880944560547219,0.7739436107925914,0.24583335294148945,0.8770750393071189,0.571176825959016,0.5889883709034685,0.5657936943715234,0.7405123287414744,0.5794479345086407,0.4289133417831694,0.8066326214619552,0.849027547228259,0.40432288826518714,0.753970359765419,0.8582652152099643,0.7554197851292377,0.9339408282044066,0.25864523681144935,0.7984206482463504,0.793989940909561,0.6083828884805116,0.7273441090532018,0.8429590540991274,0.7487578207595837,0.8333208615507242,0.7329084829773449,0.9076249623274386,0.870472911939081,0.6832084671599565,0.9893402436130383,0.5404628765802756,0.7753053962697448,0.8582652152099641,0.7734303664951183,0.7275564768216016,0.3795965236715282,0.8217189534557292,0.7680215914296746,0.7273441090532013,0.7975225763978829,0.928033784425128,0.5737764507542593,0.933300044359183,0.6912615485761345,0.7408311164076486,0.7739436107925914,0.5184606561382243,0.9161650815627647,0.3607798655978681,0.8240313055654187,0.8132574257235858,0.708911745150381,0.7184403415328653,0.7739436107925914,0.33115956449495565,0.2703502369893491,0.9559635717022374,0.1411433475111158,0.23332938779540813,0.1725785474483934,0.8283051395552838,0.44944752373267005,0.8466672037801365,0.9476158353801106,0.3270127345551169,0.7133041786854932,0.41796136102977766,0.8694627353424189,0.7819039258096627,0.8021155478511959,0.8858209380993713,0.9902505871665328,0.29979434198750454,0.882463569050796,0.2552521926623781,0.9161650815627645,0.7666156616807631,0.314263336634386,0.3959051178810471,0.5694660555296522,0.15703384514261887,0.1475898401218334,0.7739436107925914,0.20969293106608655,0.40535371664776987,0.6943934596711934,0.7739436107925914,0.3046276018664278,0.9738745866473586,0.8140340532964885,0.8047705081843866,0.793989940909561,0.5240524392643422,0.7403553108570422,0.9746165541507097,0.8938117215762231,0.9381822261488084,0.8276370905591095,0.25363056134143935,0.7739436107925914,0.8039494465082228,0.7739436107925914,0.8151543300838584,0.6248989236374536,0.4883631366295694,0.8333208615507239,0.6942891487372378,0.6438988978433284,0.596320993136233,0.6943934596711931,0.7739436107925914,0.5228633050647415,0.3572168924158726,0.6240146491383263,0.8880696045302867,0.6411996737091912,0.9527298769547388,0.6662195392579808,0.6626745084010657,0.8505784218626424,0.526117180758626,0.3175218117662917,0.8505784218626424,0.7336925136140198,0.7971989552054204,0.5049337561462175,0.8505784218626424,0.8333208615507239,0.9122272374751699,0.8118346753749688,0.6544883118782632,0.7666156616807633,0.7024801189961627,0.7520660878273888,0.7072023694241132,0.6411996737091921,0.8750973385694873,0.6199299465782919,0.7124246042366715,0.7680215914296746,0.7750815393628672,0.7446152304516379,0.655094405728367,0.611477156548629,0.5535292899490073,0.947789731437152,0.5919608531412901,0.7960371182720356,0.8118346753749686,0.8192336313917981,0.7129759493477777,0.8887866807408913,0.9076450892148039,0.8434853682894028,0.723334347016432,0.7971989552054204,0.8054606979556647,0.9520796198793658,0.6738425349227352,0.72264146843974,0.7668332620298088,0.6662195392579808,0.8106191751675415,0.836054815881873,0.7422857295912604,0.8021155478511957,0.6334264684602156,0.5870008040644952,0.7202633520003141,0.5925110168199168,0.827862860597463,0.9994140382468544,0.8662323141845998,0.9659106464045815,0.7186417201278041,0.8563846119204843,0.8149921197146957,0.9418361980314949,0.949089114224503,0.8458017731076036,0.732364220508801,0.9439542705790942,0.848738499367157,0.9127848404556613,0.8547226180857372,0.8192336313917981,0.8105182202120127,0.5127841318592219,0.6795146752603234,0.9393212741601169,0.9691302664200432,0.4635296633608269,0.8977937958094895,0.8127571370256816,0.8394026175263263,0.34624764532115304,0.976658657419984,0.5835809162145371,0.8492555420838779,0.45743973954200545,0.7296068308681294,0.837786254670863,0.541701404620414,0.9218348939100154,0.8976675519996327,0.8240313055654187,0.7772043763399653,0.8151543300838584,0.9109618687924927,0.837786254670863
p276_Y,0.9363122233940779,0.9430869529798078,0.8554797762443019,0.9858842152953934,0.9492063492063489,0.962321115805955,0.8802069994055042,0.9207923934438307,0.9038142386822652,0.9602211523225768,0.9470390403999659,0.9475597985845114,0.9475597985845114,0.7110415836939359,0.9661032464830346,0.9202651318010482,0.944383427890573,0.8660358761631224,0.64885897378374,0.8751938654120851,0.9580351138842003,0.9938077685674778,0.9044988266272493,0.9508971383859763,0.9913026731221013,0.9314886672615048,0.6922793608945518,0.959657136477295,0.9574863565447541,0.8302874849098002,0.9250013316406696,0.9544316996038,0.9980353634264251,0.9630223853436273,0.9492063492063489,0.8846149163346163,0.9136608016620084,0.7024468607658534,0.962321115805955,0.6214526147292148,0.9750767117923147,0.9328339505740533,0.9623211158059548,0.9548120669934363,0.9345041683711356,0.8491014855124585,0.9526370111116407,0.9004911494084336,0.9203771106130235,0.8918007079504509,0.9544316996038003,0.7843334643401981,0.9314886672615048,0.9413411539914582,0.9428469360414604,0.9288488221297497,0.92395717865117,0.9492063492063487,0.9767639587317076,0.9298144168543093,0.9060540201833018,0.9927279446966171,0.9821075314053485,0.8993922310882434,0.968354383009318,0.8244397822834255,0.900538421250602,0.8869938104977824,0.9952327064015154,0.8846149163346171,0.7167876259821623,0.930160641445072,0.9492063492063489,0.8266892096935965,0.9492063492063487,0.9565760602192026,0.9384124008873462,0.833941765383119,0.8813299315036964,0.7778515786059432,0.9398636845831869,0.9865548062843288,0.8354035823308784,0.9314886672615053,0.9492063492063487,0.6454585546268142,0.9384124008873462,0.8900284865412091,0.8939536575643379,0.9475597985845117,0.9492063492063487,0.638863048411233,0.7872480405754183,0.8548949080074908,0.9739353004390978,0.9386131743457119,0.6466699858728485,0.9580351138842003,0.8198957816506438,0.8187498553347692,0.92395717865117,0.9073884413700835,0.7224206349206344,0.7983254232663787,0.9359245759999373,0.9582144552981327,0.772789318361037,0.8256510411711881,0.936985405262017,0.8289245259008577,0.5906675167558815,0.7583887944261072,0.9933672327848194,0.9683833021196732,0.9073884413700836,0.9524712770812429,0.9413411539914585,0.9582144552981327,0.9623211158059548,0.8580633769736241,0.9129151319089193,0.6613638028274369,0.6284764518573078,0.92500133164067,0.9166547403069656,0.7554264789789613,0.9136608016620084,0.9558694433263362,0.860994907277326,0.9152582079543843,0.8727631680356078,0.9526370111116407,0.9005384212506019,0.9623211158059548,0.8739479665019894,0.943358839840106,0.9128732846826051,0.973053360823401,0.9544316996038,0.9459533477380777,0.8822900688623265,0.9602211523225768,0.8244397822834255,0.7023501650256815,0.7246720035295877,0.9106019687464653,0.9292058051524483,0.8420784215528958,0.930160641445072,0.8148611882522669,0.8751938654120848,0.9060540201833018,0.7715493131722806,0.8811713725919916,0.973053360823401,0.9301606414450723,0.9945515828164377,0.7896816976900098,0.9192850066174332,0.8008208246179416,0.7937812374916593,0.9526370111116407,0.8563736953667129,0.8022278398026619,0.9345140465701829,0.6946214958588781,0.8927713255769505,0.9870810478556493,0.926270021131592,0.9056892759978576,0.8942700047615747,0.9475597985845114,0.92884882212975,0.8881690657212304,0.9155456680159728,0.7518570752013156,0.9582144552981327,0.870666221095258,0.8564366879578686,0.8330826119645452,0.9117550006367758,0.9240490045471226,0.9288488221297497,0.9475597985845114,0.8904561153277738,0.6524881350591021,0.8580633769736241,0.9015943008452878,0.9413411539914583,0.7978692865150142,0.9459533477380777,0.9038142386822656,0.830226650314391,0.8462580005670894,0.9853808551815852,0.9492063492063487,0.9508971383859763,0.6813499460390835,0.9004911494084336,0.9573688237991842,0.8918007079504511,0.9475597985845114,0.9492063492063487,0.998044190245674,0.8744980681654766,0.957486356544754,0.9492063492063487,0.9898517825240296,0.9152582079543843,0.991632948188578,0.9504233082603579,0.9836006869587253,0.9248100053233801,0.9492063492063487,0.8869938104977824,0.9492063492063487,0.9549353818771855,0.8634708348575701,0.8390382634430409,0.9492063492063487,0.9494833800495852,0.9492063492063487,0.909405440640245,0.972807232250656,0.6514063249009001,0.9907336150446706,0.9773757151292213,0.771194977674639,0.9459533477380775,0.691271923515071,0.9384124008873465,0.8956288923209897,0.7923174570100686,0.9188361382271666,0.9005384212506019,0.937234471440279,0.8907283270583692,0.8263369548708459,0.9162546240992183,0.9580166426603274,0.9152582079543841,0.944383427890573,0.6613638028274368,0.9459533477380777,0.9492063492063487,0.9027019168030599,0.9492063492063487,0.7906093280416715,0.6999158796921265,0.9544316996038003,0.9275522446953857,0.771194977674639,0.9508971383859763,0.9140827360776209,0.9543800590178142,0.707493753071744,0.9470390403999658,0.8612222667022575,0.9526370111116407,0.7023501650256817,0.8717146038820365,0.8442340263447985,0.9475597985845117,0.968354383009318,0.8200879828172238,0.962321115805955,0.8922864636322452,0.8628210251713138,0.9328339505740533,0.9032953985475973,0.6604809683068291,0.9544316996038003,0.8485197883378754,0.9106429489360436,0.8907047437999391,0.9582144552981327,0.858173483507684,0.9140827360776207,0.9610880275993516,0.675887832854822,0.9582144552981327,0.8823910523641698,0.8141237078825925,0.9683543830093179,0.9358682901281239,0.8026557942277552,0.6274393463335317,0.9188361382271666,0.8070467719220207,0.9459533477380777,0.9526370111116409,0.9773757151292213,0.7478523304650291,0.9632002305182422,0.7985559379258664,0.8548949080074906,0.9551293872486741,0.9449541973940438,0.963200230518242,0.9194444444444437,0.8207356119850872,0.8676982991505031,0.6104786629594073,0.8022278398026619,0.8982973238138034,0.8374011676109453,0.9701978599269916,0.9164419655193168,0.8399383708739914,0.9094556823349393,0.8843412180810764,0.7443900610442786,0.8119584869803327,0.8355526955775654,0.6665997387433031,0.9602211523225768,0.9038142386822656,0.9602211523225768,0.9927913675399127,0.9580166426603274,0.6833409325137694,0.9526370111116407,0.9492063492063487,0.9544316996038,0.8263369548708457,0.9166547403069657,0.9582144552981327,0.968354383009318,0.8609949072773262,0.9492063492063487,0.9369854052620168,0.9582144552981327,0.7778515786059427,0.9927984919267985,0.9393503047271476,0.9610880275993517,0.9544316996038,0.8333555867103821,0.8785858980308769,0.7914282554375612,0.9428469360414604,0.7104521888515194,0.9773757151292213,0.918836138227167,0.8160221828268204,0.9413411539914582,0.9517002303366318,0.962321115805955,0.7937866699170064,0.771860131957611,0.778004650958132,0.9443834278905732,0.9886251033694342,0.9665120503695124,0.8705493355131941,0.8070467719220207,0.8367785125630913,0.7486025637696192,0.9492063492063487,0.8846909396641922,0.9176344520056336,0.7670303732147918,0.9949841493208559,0.9602211523225768,0.845308522333043,0.9492063492063487,0.9492063492063487,0.930160641445072,0.9038142386822654,0.6708002705226193,0.9492063492063487,0.957486356544754,0.9194444444444443,0.9400771100284837,0.8972062142375334,0.8180179329687025,0.9194444444444441,0.6586766384632862,0.8400061283921283,0.7266107568770397,0.7636608045089459,0.9492063492063487,0.9494565734115241,0.781051837774835,0.8048319931549086,0.807520520961178,0.7978692865150142,0.8379060078581622,0.9526370111116409,0.7960789049353043,0.9492063492063487,0.7493894200045359,0.9314886672615055,0.9217949449098886,0.7597503716989473,0.9508971383859763,0.8459565846100465,0.8206822618300824,0.9492063492063487,0.8961186971729784,0.833108125392093,0.9492063492063487,0.9701429667321069,0.9787992367808475,0.9481140685492024,0.7537446627817315,0.8022278398026619,0.9492063492063487,0.807520520961178,0.8559522762859697,0.968354383009318,0.8108432922578965,0.8112071348432379,0.9071820194155724,0.908315805590151,0.6592514161579157,0.9073884413700836,0.8982973238138032,0.8864622842804519,0.8511921008492056,0.8527760996057685,0.8618321480336399,0.8683003592860253,0.9355809960386168,0.9005384212506019,0.714179283731593,0.9492063492063487,0.9632002305182419,0.867941408445681,0.9562698275519141,0.9398636845831869,0.9757533722166009,0.9459533477380777,0.997002320504849,0.9508971383859763,0.9459533477380777,0.8904904028915424,0.656746031746031,0.9413411539914587,0.9518913447661278,0.940119648591411,0.9582144552981327,0.876647540750616,0.9602211523225768,0.9413411539914587,0.851192100849205,0.8577904426004643,0.6738200253517335,0.957486356544754,0.9700021254883793,0.9164419655193168,0.8193769882721238,0.9328339505740533,0.9384124008873462,0.9801193820390868,0.9526370111116407,0.9188361382271666,0.9113965671515778,0.9439445800977779,0.6469450309014358,0.8993922310882434,0.9964123220916106,0.9250013316406696,0.7722191842821251,0.7725735218970422,0.5050497187180478,0.9950603702402812,0.8141237078825923,0.9657441977682981,0.9225015741707874,0.9341976401680097,0.935580996038617,0.7503309927704915,0.9964123220916106,0.9437441834397566,0.9341976401680097,0.9137080532218429,0.7539334992316535,0.9073884413700835,0.9131684630076988,0.917126101983365,0.820221351973835,0.9750767117923149,0.9582144552981327,0.9591737048868167,0.8918007079504511,0.5915666411418458,0.9106973506487697,0.6922793608945519,0.9443834278905732,0.9544316996038003,0.9582144552981327,0.8869338257310106,0.8834178016135845,0.9129151319089193,0.9886251033694344,0.9248100053233801,0.8233095582802457,0.9871891849714203,0.9443834278905732,0.6040574193890005,0.9492063492063487,0.9562880686171875,0.9492063492063487,0.9492063492063487,0.818749855334769,0.935580996038617,0.9927913675399127,0.9492063492063487,0.8094251427518588,0.8377384241745149,0.9580166426603275,0.8703425877209889,0.8811713725919916,0.8523220488281857,0.9401196485914108,0.9414106494210734,0.8399134433261006,0.9428469360414604,0.9215191722498273,0.9562880686171875,0.9176344520056339,0.8625297205894873,0.8559522762859697,0.8869338257310106,0.9428469360414604,0.9459533477380777,0.8205714681519054,0.9562880686171875,0.770408887825192,0.9073884413700836,0.8326546760306175,0.9384124008873462,0.7069259185928016,0.9355809960386168,0.8485197883378754,0.7050741878138621,0.9060540201833018,0.935580996038617,0.9200475251844389,0.9526370111116409,0.9384124008873462,0.6427766817579779,0.9589591641085065,0.8570084033315832,0.9810708463392349,0.9544316996038003,0.9504233082603581,0.9443834278905734,0.9952327064015154,0.86067224511546,0.9475597985845114,0.7766590274917053,0.926270021131592,0.8644606804686435,0.7668650526081322,0.8766475407506158,0.9027019168030599,0.8268937139146132,0.8400061283921284,0.9471856021934963,0.8822265994777518,0.9492063492063487,0.9005384212506019,0.9164419655193168,0.9492063492063489,0.9874185022010289,0.9384124008873462,0.9459533477380777,0.8354035823308783,0.8459565846100465,0.9578055524052937,0.8331081253920931,0.9602211523225768,0.782214058868571,0.9964123220916106,0.8664724446651941,0.9459533477380777,0.9428469360414604,0.9090749946786869,0.6143990102802397,0.9341976401680094,0.949765816843718,0.880117361849238,0.8462045151605493,0.8633240709217584,0.7276738848411507,0.8311464231994985,0.981032438924278,0.92500133164067,0.9602211523225768,0.9913026731221013,0.9508971383859763,0.7443900610442784,0.9414106494210732,0.8928757609748674,0.9475597985845117,0.8075409127954851,0.7702589442275861,0.9623211158059548,0.9128732846826051,0.9526370111116407,0.9949841493208558,0.9971276925647266,0.9842968264073595,0.9400050159634596,0.97201754229775,0.9913026731221013,0.9358682901281239,0.9398636845831869,0.9886251033694343,0.9730533608234009,0.962321115805955,0.9492063492063487,0.9630223853436268,0.8974240433030012,0.8070467719220207,0.45410827161402334,0.9492063492063487,0.8832831707913575,0.7687871932672707,0.9060540201833018,0.9400771100284837,0.9818472950454273,0.7471714123277675,0.8811713725919914,0.8191553518250183,0.9275522446953857,0.9749557273192732,0.8506512873935237,0.8222167225949654,0.9562880686171875,0.6327932917807781,0.92395717865117,0.9526370111116407,0.956466487927786,0.6046333748805407,0.9275522446953857,0.74346606374289,0.6912424767432414,0.9413411539914585,0.7767631794320896,0.9492063492063489,0.9919409286228257,0.9536945818766631,0.9582144552981327,0.9492063492063492,0.9384124008873465,0.7965941295587151,0.8022278398026619,0.9886251033694342,0.9544316996038003,0.9950603702402809,0.9886251033694342,0.9475597985845117,0.9630223853436268,0.9492063492063487,0.944383427890573,0.972807232250656,0.9492063492063487,0.48987353255247845,0.9624920646450354,0.9582144552981327,0.9073884413700836,0.9562880686171875,0.9508971383859763,0.9475597985845117,0.7792280426333986,0.8580633769736241,0.935580996038617,0.8409971458279797,0.9492063492063487,0.7327857355831129,0.9526370111116407,0.9341976401680094,0.8218581062145831,0.6477717584440758,0.8846149163346171,0.9508971383859763,0.936985405262017,0.913708053221843,0.628476451857308,0.9492063492063489,0.9152582079543843,0.9430021428738233,0.8399176150739303,0.9876781978758149,0.8339417653831184,0.963200230518242,0.9203771106130235,0.9773757151292214,0.6927821528051888,0.8720509229668818,0.9492063492063487,0.9492063492063489,0.9508586339370195,0.9602211523225768,0.8057886891115331,0.9345041683711355,0.9470390403999657,0.8244397822834255,0.9459533477380777,0.7910509366485659,0.8128183834424192,0.9492063492063487,0.9492063492063487,0.9140827360776209,0.8166023125927324,0.7876282222528321,0.9092933796415545,0.845308522333043,0.7537446627817318,0.8020551360045697,0.8281550331548588,0.9127774219260273,0.8989443341645225,0.9492063492063487,0.9004911494084336,0.9005384212506019,0.962321115805955,0.7872480405754183,0.9582144552981327,0.8311464231994983,0.9492063492063487,0.9492063492063487,0.7739436107925921,0.0,0.7819949015164565,0.950796863752391,0.707055373667467,0.8993922310882434,0.9275522446953857,0.9492388075036137,0.8344556057285122,0.7210801889564689,0.9492063492063487,0.6999158796921263,0.817599777220966,0.981381831638016,0.9582144552981327,0.991632948188578,0.9509387076853666,0.9927984919267985,0.6891492539635693,0.9508971383859763,0.9841885663437668,0.9492063492063487,0.8558385346892365,0.7328399533003249,0.8993922310882434,0.962723584385432,0.8145705137183384,0.9413411539914585,0.9049315186013058,0.7450523201144434,0.9562880686171875,0.8685695845092944,0.8622735200335969,0.944383427890573,0.8751938654120848,0.9683086794376969,0.9821075314053485,0.812956094083435,0.9544316996038,0.9475597985845117,0.875911018859066,0.9779134885361098,0.8281911838099563,0.9882450462521555,0.962321115805955,0.8281911838099563,0.962321115805955,0.9623211158059548,0.8650456874888591,0.9647506825559773,0.8961186971729784,0.9492063492063489,0.9602211523225768,0.9507968637523909,0.9384124008873465,0.7266107568770397,0.9428469360414606,0.9475597985845112,0.9779134885361098,0.8939536575643379,0.9508971383859763,0.9215835886662106,0.9176344520056339,0.8813299315036964,0.8577904426004644,0.9492063492063487,0.638863048411233,0.9851190476190476,0.7897778653703154,0.9602211523225768,0.9642402977593341,0.9341976401680097,0.8646739158077178,0.9492063492063487,0.804647944817535,0.7668650526081322,0.9341976401680097,0.8058499662916012,0.8266892096935965,0.8129560940834349,0.9730533608234009,0.9090749946786869,0.9056892759978576,0.8058499662916012,0.7999960359115466,0.7445786492931157,0.7662790430154063,0.962321115805955,0.6912719235150715,0.7880952380952371,0.8982973238138034,0.9301606414450718,0.8388272306092,0.9027019168030599,0.7318083230664857,0.9492063492063489,0.9886251033694342,0.8420784215528956,0.9810324389242782,0.696303906713674,0.7766590274917053,0.7807259771890067,0.9492063492063487,0.7884981212068207,0.946059078551986,0.6194273731601163,0.9492063492063487,0.8399134433261006,0.8206822618300824,0.9582144552981327,0.935580996038617,0.9475597985845117,0.9977140018671351,0.9314886672615055,0.8789467917665688,0.9779134885361098,0.9706171664191838,0.8511921008492058,0.7571027055111271,0.9492063492063487,0.9275522446953857,0.9492063492063487,0.9582144552981327,0.7541282748365798,0.8843412180810761,0.962321115805955,0.926270021131592,0.8284086162176747,0.9049315186013056,0.9400771100284837,0.9492063492063487,0.8322525541058985,0.8499617385555434,0.7822614066207557,0.9339500363880904,0.9152582079543843,0.9544316996038003,0.9250013316406696,0.9237454173815309,0.959657136477295,0.8928757609748676,0.7807259771890067,0.959657136477295,0.9225015741707874,0.6104786629594074,0.9551293872486741,0.959657136477295,0.962321115805955,0.9166547403069656,0.9508971383859763,0.8356850800655675,0.7971798092312713,0.9237454173815309,0.9610880275993516,0.9637881401608364,0.9992249226337293,0.9355809960386168,0.9140827360776207,0.930160641445072,0.9475597985845114,0.9384124008873465,0.9263050774651864,0.8026557942277551,0.9447628386820249,0.892286463632245,0.9117550006367758,0.908315805590151,0.7210941133571502,0.9508971383859763,0.9526370111116409,0.9784157310816315,0.9597907618264777,0.9275522446953857,0.8790589891285875,0.9767351992829902,0.9544316996038,0.968354383009318,0.9609655851742437,0.9262700211315917,0.9086850075799038,0.9176344520056336,0.9339500363880902,0.9758344607938763,0.7914282554375613,0.9834594839173174,0.9492063492063489,0.8366469404145516,0.7855052964665205,0.7519093874149441,0.9004911494084336,0.9716131226567439,0.9683543830093181,0.9188361382271666,0.9907336150446706,0.9314886672615048,0.813391764632844,0.9783994202533962,0.9492388075036137,0.997228401935723,0.8445290624838848,0.8339417653831183,0.9646978984940315,0.6695496131391634,0.9867651452593773,0.830226650314391,0.9073884413700831,0.9508971383859763,0.8864622842804519,0.9275522446953854,0.9073884413700837,0.9734392564424441,0.8633240709217587,0.8252146226303213,0.9459533477380777,0.9919305345581159,0.8910707793081734,0.9610880275993516,0.7876282222528321,0.9526370111116407,0.859117285745659,0.8563736953667129,0.9562880686171875,0.8928757609748676,0.7583887944261078,0.9508971383859763,0.9602211523225768,0.9751421018560731,0.9582144552981327,0.8062889078890338,0.9562880686171875
p277_F,0.7268370849689592,0.8474440211401386,0.5356113027799914,0.8836419292881121,0.7951944289637023,0.938682363631045,0.9878088474198263,0.9510990439358846,0.5755370279967116,0.8175324891292568,0.8147080229303785,0.7868435260790482,0.75945424313346,0.8246610389272624,0.8897945139169875,0.8523073927168303,0.9432290511041108,0.7059510468823946,0.9555719644192895,0.958811427370698,0.6685751599882945,0.7832186519271109,0.9751854911050217,0.8328941819004578,0.7295429110310823,0.6857351813555563,0.7612950419868558,0.6723587628292054,0.9234916928103379,0.785278506578369,0.7568736662522292,0.8220992211640017,0.8054467998030166,0.8173436993045132,0.8233818069316919,0.8543860943925798,0.8183174263542028,0.7547004568044335,0.827165123861132,0.7002511927790438,0.584435729534583,0.6919060614033451,0.9869728098556798,0.7264119000785397,0.8912479056420379,0.5927185184787647,0.796719217938705,0.5599099371280908,0.700251192779044,0.5036845798461153,0.8843456881774427,0.49845589724385087,0.707460673204201,0.8722456070942706,0.8393287992069038,0.7367377645928268,0.9052052366465229,0.7819949015164562,0.6312999791190357,0.8213532688476552,0.5690652169596402,0.6286214234382737,0.9029900998420041,0.844304471580261,0.812389466850312,0.4441052779755159,0.8977916772755128,0.6989657298762918,0.8585991373728796,0.921843341077053,0.7785979738774365,0.7002511927790442,0.8797565628676707,0.23003660450884067,0.7819949015164562,0.5126989198395928,0.7356675411172189,0.7904374869548958,0.41363215380235485,0.8382831568291294,0.8940455453638293,0.9872366931912924,0.6835527461946875,0.9232059653688396,0.7819949015164562,0.7590007395834113,0.9552502386184857,0.7513077018908608,0.8274229398556516,0.7749279467915411,0.7819949015164562,0.6750683520762015,0.6658468254960148,0.5734788566830495,0.8676731307818017,0.8380618840875687,0.6794988660506756,0.5172625778588129,0.22343921916156206,0.3295292020597955,0.7367377645928266,0.962973857553121,0.7819949015164567,0.7796147220919656,0.68297677010644,0.8206574710503438,0.7218135874202438,0.24053098020575603,0.7109489861644688,0.2780363746675042,0.6391205327397809,0.9767778447841378,0.46979882260464834,0.7512025702894103,0.796719217938705,0.3690502151352787,0.9293417052726675,0.8083276721850536,0.8754555700857669,0.38915082225122644,0.8522863296889496,0.7774891297680564,0.7528557486479341,0.8174113917817016,0.7928530142769723,0.5211094161242298,0.7892517270420911,0.864428581377295,0.8964006578614007,0.8865624976945097,0.416358457442238,0.8267575835022263,0.8666684437687922,0.8271651238611321,0.7612950419868558,0.685924142630983,0.63390144422825,0.897791677275513,0.8355452102620708,0.7946931840814577,0.4913598538598811,0.8292701652671426,0.5064574138583033,0.5619009170975493,0.819887742117777,0.5899268784290239,0.7113218519500448,0.3527907743071821,0.6796434622826031,0.3401431241162527,0.8999096343878619,0.6371589814596323,0.914668718724126,0.9296080578884487,0.9289149107822332,0.7010264052115116,0.7706412769044988,0.7765521623672753,0.7583895388814228,0.6577799090500169,0.8571440381106169,0.9469110457563135,0.8074641589920506,0.5074261961122362,0.6228613217484549,0.7712058882557968,0.7019392407709633,0.7306118969352768,0.9085887718011605,0.5107024627626389,0.9426228196489619,0.7749279467915406,0.8210351212662202,0.6823999404094331,0.7930366556811941,0.7941507563208106,0.9432421655540006,0.9809185270676637,0.8487107974955326,0.7083012097584576,0.9691731400885625,0.7324574796103152,0.8841468026398107,0.7868435260790484,0.9052366191036543,0.5580674460959734,0.4427788516484401,0.5980656202843985,0.8722456070942706,0.7722857787331368,0.8587257139579743,0.7262492084016929,0.5475903982647885,0.3265944535237457,0.9032081081654186,0.7819949015164562,0.803828482588346,0.9279936079124453,0.8380618840875685,0.6116161257816435,0.6741320845414838,0.7868435260790483,0.7819949015164562,0.5331517114501279,0.32659445352374583,0.8528522236896172,0.7819949015164562,0.8679186450485419,0.6663407190251999,0.5995676105286367,0.798482986055679,0.6257330321127108,0.7749279467915411,0.7819949015164562,0.938778830744998,0.7819949015164562,0.5175731427773268,0.4743552608571593,0.45925457038457496,0.7819949015164562,0.45853249942965335,0.7819949015164562,0.5742561777513906,0.8489504319537099,0.78975373321963,0.4960310458409629,0.8267575835022261,0.1802205846716155,0.8213532688476552,0.8379107984436645,0.7412702399739741,0.8010674614154298,0.7388569255996583,0.8223283599571185,0.8355452102620713,0.8605462679581153,0.7605724819308799,0.8482181063450642,0.7829856194668501,0.8682106828054005,0.6112852743578714,0.7448840761234523,0.7026708668192818,0.832065629191777,0.7819949015164562,0.6367574191862526,0.7819949015164562,0.648003146080412,0.7464012045233082,0.8220992211640019,0.9581855572804572,0.2164985364261991,0.803828482588346,0.6058933276330487,0.729542911031082,0.7117458244259671,0.7904374869548956,0.3769605595583011,0.7827436641719896,0.646274925887723,0.9134592870566047,0.35012239223361186,0.7749279467915413,0.9288643395140765,0.6549092757459345,0.827165123861132,0.6149887723905573,0.7541002023524489,0.844251407259131,0.8128661756547155,0.6908276014619388,0.8532224546707223,0.5402008167591963,0.5201980812840961,0.47749520040881555,0.8206574710503438,0.24037563291738984,0.7512002711623852,0.7849925922171452,0.9403324179802615,0.8206574710503438,0.8596256940858951,0.2828570016961415,0.8447327410547636,0.6924975479261322,0.7656801485664124,0.7967192179387041,0.6706113322778053,0.1393889542285056,0.76803309931526,0.7967192179387048,0.9769494113198351,0.2935849149758364,0.9893005877615262,0.4653271888600482,0.7195851209428125,0.5081433831524682,0.776670469966592,0.921843341077053,0.7819949015164565,0.7857829644946788,0.9013335231462478,0.8666684437687922,0.15378252045639185,0.7108639016067152,0.8868343146292696,0.7002511927790451,0.8021936775760379,0.3428606133210337,0.6545770829442537,0.558766415565298,0.7682330165371505,0.8850603956042846,0.753544060063907,0.6374852202402559,0.8645898998275021,0.6592660171105902,0.8528522236896181,0.8602576168769469,0.6479889041360911,0.6463401561541744,0.8127820297355114,0.7819949015164562,0.7909759876572806,0.9312865699690451,0.7059510468823944,0.8206574710503438,0.9741058378725691,0.9392636444650704,0.7819949015164562,0.8461070991153423,0.8083276721850543,0.8382831568291294,0.6515843965131856,0.6400841960213586,0.8973504260916716,0.8220992211640017,0.387351886998373,0.3410697611616489,0.9907030375666934,0.7378361132097379,0.45874268189608136,0.8127820297355114,0.6656266716252006,0.4010779155387907,0.7309290176396049,0.625205423780549,0.8382831568291291,0.2030781412442193,0.7654344745773758,0.1147156828629855,0.7872856147178924,0.7749279467915409,0.9495480279635918,0.5530343409217329,0.18833856435830476,0.20612572836859866,0.32111418953474624,0.7819949015164562,0.3957534526876224,0.7534488055164569,0.6952189169469389,0.9840240264603954,0.8175324891292571,0.39408374419074543,0.7819949015164562,0.7819949015164562,0.6796434622826029,0.5587912301739362,0.5567414413304719,0.7819949015164562,0.958811427370698,0.7819949015164567,0.7853404453533623,0.5748240324329363,0.2175093462397455,0.810182279484446,0.6926309229980441,0.8307697627370023,0.2926544114819789,0.2137121643971488,0.7819949015164562,0.5046443771785225,0.8083015781834633,0.19317590091100068,0.25390035792098353,0.7722857787331368,0.6496199902060178,0.7967192179387046,0.12536308012651443,0.7819949015164562,0.3124957576932741,0.8363039979742615,0.7572805857230396,0.7358307080318158,0.8038284825883463,0.2878833874250961,0.9576858287987648,0.7819949015164562,0.7302282968540119,0.6169422682337342,0.7819949015164562,0.9090947983264915,0.5446673236352964,0.5666228261754265,0.3058664860478193,0.11719869194026988,0.7819949015164562,0.8827870885509554,0.5124444292006306,0.9417625636681175,0.6268883566238859,0.4538429951406743,0.5914088435780824,0.5967606935001749,0.6177553570383827,0.796719217938705,0.6947385353778733,0.4942433005723248,0.8607899138872241,0.3642890607195943,0.8413347393557413,0.4449026056047658,0.9065481447743431,0.8044219767553502,0.7276765387310389,0.7819949015164562,0.9893005877615262,0.8249319275464269,0.5971937688126034,0.8212339374373808,0.8550599826572969,0.794693184081458,0.6951133519701076,0.9636459229147607,0.8213532688476555,0.8875196308568263,0.8383696574524353,0.8722456070942717,0.5535009231786288,0.7378852612694833,0.8083276721850541,0.3343128966715805,0.817532489129258,0.85493694741027,0.9751854911050215,0.5624404105527205,0.8783208735468939,0.8645898998275021,0.6642564238989976,0.6538109178653722,0.8145254013724119,0.7338127093216247,0.854545318141948,0.6322401009227132,0.8428203952990334,0.8981868737967753,0.8767880643359707,0.9818472950454276,0.8973504260916716,0.7009252298398003,0.7969634014618988,0.6761566988795978,0.5306062298746552,0.5371885125709249,0.6763799521334355,0.9692196238351471,0.7139316468136734,0.7158135871810754,0.7034918381859406,0.7880476390596549,0.8379107984436649,0.32840856494913817,0.8697750093883467,0.49522529270331717,0.6981613719600341,0.6913457598559805,0.6481095613825255,0.993012223116643,0.9321192151716469,0.4854286804672152,0.8715123830219031,0.7983760081069307,0.9769707888962372,0.7328554317372553,0.6276464014427467,0.9094192894636663,0.8453972681111299,0.8132761874489287,0.9432290511041108,0.9154689216841636,0.8420562955272903,0.8193622550414623,0.40121883629458965,0.626233890496497,0.8023172297371288,0.7749279467915409,0.5879475630453554,0.8146115535036268,0.7872856147178924,0.5478385822991874,0.7819949015164562,0.8123894668503124,0.7819949015164562,0.7819949015164562,0.16859676252519917,0.9294272602179026,0.8223283599571183,0.7819949015164562,0.4446288324602756,0.26844802599126305,0.8198084640797442,0.883078014368043,0.5632600572764435,0.374554452657045,0.9388348351427918,0.9856449664069737,0.2656751709594368,0.966194656703361,0.960679530378848,0.9094192894636666,0.6221852215048808,0.6226070074271481,0.5524132793454153,0.6781075621393593,0.8900751422054867,0.8320656291917768,0.8018063914724789,0.9288643395140765,0.6018525193284412,0.796719217938705,0.8674242897200424,0.7650457953789198,0.998865584371639,0.7921525675565455,0.43573507353983565,0.7125446369318176,0.5690652169596402,0.7045068926851455,0.9446432228384036,0.8127820297355115,0.8545453181419482,0.7892517270420913,0.9218591058966112,0.38418403192170136,0.5049951958498484,0.897791677275513,0.5733863415476461,0.9528086579717437,0.6409075767701968,0.6335742446925687,0.8297065126827174,0.2778182733455393,0.7040105667043668,0.8754555700857669,0.32565054285476125,0.4382357506754506,0.6865984973606412,0.3516452675350794,0.7832186519271109,0.6772560397032918,0.8132480804977895,0.7819949015164562,0.8044219767553502,0.7836458326122056,0.7670070509957131,0.5668587265005427,0.717494684569028,0.8054055444255795,0.8267574897624432,0.41387120011540235,0.7692734521129863,0.11612565187535462,0.8645898998275021,0.3203850042832799,0.9425866173147947,0.40128858420943736,0.7680330993152604,0.8647019707061954,0.8929541415570481,0.8014566491906352,0.7175778918924294,0.6997259222670729,0.7417201267418807,0.2853266429926906,0.3866962399322651,0.7275052176575476,0.5026336107479692,0.49915483458123666,0.655977457036441,0.923491692810338,0.8227942614984902,0.8038284825883465,0.5254644357580274,0.7032121900854374,0.7736929139634487,0.8023172297371288,0.3435083360822012,0.3303981211880107,0.9498003965990423,0.5758587561858841,0.8728587608625549,0.7777526801564931,0.8453972681111299,0.7779881884966267,0.9112955228905222,0.83954149688462,0.804200336631877,0.8215004777568674,0.7661669509794131,0.814232809024636,0.8355452102620708,0.938682363631045,0.7819949015164562,0.8173436993045129,0.46360445423829644,0.4575614200721986,0.79115134228981,0.7819949015164562,0.6126615843394647,0.39614499460464825,0.5690652169596401,0.687038961418613,0.5871730808645013,0.6595731243766225,0.5428508212302634,0.9018252023914834,0.8550599826572971,0.9883253137904091,0.5381302222087948,0.6388115385210686,0.8123894668503124,0.7153085645466946,0.9052052366465229,0.9469110457563132,0.8748639087470715,0.8754555700857669,0.8129320883431548,0.7946931840814577,0.8754555700857671,0.7482376773236081,0.7367377645928266,0.9925060747396283,0.5408945785678695,0.5333616489082484,0.8083276721850544,0.767007050995713,0.7650457953789196,0.3973323487925733,0.23914478699400965,0.7749279467915409,0.9600381442889538,0.7872856147178919,0.7749279467915409,0.7749279467915411,0.9880253554437401,0.7819949015164562,0.7968652215855252,0.9450162973457874,0.7819949015164562,0.7400494586673347,0.6542119482530699,0.8420562955272904,0.796719217938705,0.8318345169007222,0.7747627832762347,0.802317229737129,0.42857103518171646,0.36233680755261966,0.7045068926851457,0.28348062316481626,0.7819949015164562,0.6016275128449511,0.993012223116643,0.807464158992051,0.3444408742012729,0.641134808723619,0.8206574710503434,0.9200912798367926,0.734261823781321,0.929919353414399,0.7761685862647862,0.9229317913564032,0.9299193534143995,0.817434259328718,0.8395414968846198,0.7590071156298182,0.8389785589058611,0.9893005877615262,0.8285488503524965,0.796719217938705,0.7389830266452857,0.33992665050340354,0.7819949015164562,0.9361313188036495,0.553432865350445,0.8175324891292571,0.5458230136090441,0.7612950419868558,0.7418964150039304,0.3069305790333847,0.794693184081458,0.47807312362936294,0.13306751458109534,0.7819949015164562,0.7819949015164562,0.9945125776612793,0.6280504816889232,0.7485359499962869,0.570170091866181,0.3292955672063601,0.5278312496871016,0.44096761078783153,0.14248729018402073,0.7338127093216245,0.2650403006338077,0.7819949015164562,0.985318797183763,0.8044219767553502,0.827165123861132,0.3760748563083105,0.8206574710503438,0.37664579805766385,0.7819949015164562,0.7819949015164562,0.14443822772575554,0.7819949015164565,0.0,0.7356675411172198,0.3862835880677862,0.6494029150460028,0.9996865484054006,0.7143701005574215,0.27865375228876954,0.47716372886758096,0.7819949015164562,0.764753019412417,0.163321298227329,0.8473831256663145,0.8757849188695273,0.93058687039133,0.8751753720766029,0.7926985779192861,0.7777526801564933,0.7747627832762347,0.5163897958630308,0.7819949015164562,0.2175257859968589,0.9784720923934407,0.5709908588169599,0.6657286925482411,0.4910736157834541,0.7309290176396066,0.5639162475556934,0.5580674460959736,0.8318345169007222,0.8694688323842397,0.381829450598553,0.8748369397786344,0.8645898998275019,0.8017933221206897,0.9232059653688394,0.2404363400279712,0.790975987657281,0.802317229737129,0.5881962380066066,0.736801385239372,0.8014566491906352,0.7553666007071833,0.8271651238611321,0.8565120938579627,0.9015099503744075,0.8643375371177696,0.5823990227483247,0.9830161929755521,0.5393942443347115,0.767007050995713,0.8645898998275019,0.7832186519271109,0.7888213507838655,0.49461151088310196,0.8308199713023081,0.7594542431334599,0.7789182532527963,0.7960366723239044,0.9491569791489044,0.6350082160890256,0.890264323594985,0.6502030663464268,0.7086617372635224,0.7819949015164562,0.6595731243766225,0.9643186967716388,0.45992069575974603,0.8175324891292568,0.8023447593408504,0.6981613719600344,0.6082408676141124,0.7819949015164562,0.29935124322598183,0.3378765203053318,0.9228770397090864,0.12165032092272732,0.20501496748487735,0.14202049760462465,0.8355452102620711,0.42052508629548735,0.9512620662564594,0.9285648326604103,0.30969668186648935,0.7463943366694266,0.49446416176289887,0.8754555700857669,0.9294272602179026,0.8383696574524353,0.8376258439857092,0.8713147362103137,0.27346995407157004,0.881445491794657,0.3712491299263734,0.9361313188036495,0.7749279467915409,0.3656548981109602,0.5262363913489598,0.5859496816184999,0.265726505854891,0.2651569023181072,0.7819949015164562,0.23579713111855127,0.42702565833005357,0.7066992582055629,0.7819949015164562,0.27848068797184033,0.9576858287987646,0.8206574710503438,0.7692734521129865,0.802317229737129,0.5615067795372934,0.7509116569014915,0.8470353385542086,0.989502593319917,0.9355842737735163,0.8379107984436647,0.3694398857422614,0.7819949015164562,0.8544330794680983,0.7819949015164562,0.8083276721850536,0.6515145969012885,0.469467536661056,0.827165123861132,0.8254595615730077,0.7365080145545779,0.580798554229268,0.7263595549925128,0.7819949015164562,0.6344484979495513,0.39013150408525743,0.5953284547384154,0.83954149688462,0.6546421300777654,0.9600381442889538,0.6781075621393595,0.6502165171874403,0.8453972681111293,0.5086159004064812,0.28944620382926245,0.8453972681111293,0.7460198517794627,0.8044219767553509,0.5380706883319777,0.8453972681111293,0.827165123861132,0.9232059653688394,0.7747627832762348,0.567997993511488,0.884485078573894,0.6900439450549862,0.8973504260916716,0.6896273122410623,0.6362903151886548,0.8875398162336215,0.6058933276330467,0.6796434622826031,0.7594542431334598,0.7888213507838653,0.8124864905092941,0.7853404453533626,0.6271025153741379,0.6023422787576582,0.9335581640652262,0.6930964790265433,0.785782964494679,0.8038284825883464,0.8267575835022267,0.7299518950659236,0.9057937861245,0.8959340705930419,0.77205800040741,0.7235287294571955,0.8044219767553502,0.8123894668503124,0.98847395217032,0.6617969974955724,0.7301946051136514,0.7346968649433749,0.7184660458256742,0.9320647760043593,0.8461070991153423,0.7298713729225337,0.8101822794844455,0.543319301371965,0.6064082180521475,0.6981621359881589,0.5762718163610012,0.8650708309408295,0.9741058378725691,0.9361161307166035,0.9888468013232944,0.7074606732042008,0.8652573329110016,0.9085887718011605,0.9092716570916806,0.9837709610484158,0.8555269315319912,0.7418964150039304,0.9131127462276041,0.8570957956283056,0.8347326274981895,0.7465078952170243,0.8267575835022263,0.8473831256663145,0.49424330057232424,0.6676786194058522,0.9469110457563135,0.9527443950393453,0.4276023813714961,0.7759287528306824,0.9279936079124453,0.8480133536138528,0.4072467611232855,0.8973504260916716,0.5990127154731213,0.993012223116643,0.4344674219835174,0.8524072925418613,0.8447327410547638,0.524208665909832,0.9326023656091353,0.9491569791489043,0.8528522236896172,0.7736012925392989,0.875784918869527,0.8781880186929631,0.8447327410547638
p277_I,0.822833762030613,0.9288758056186719,0.5221509969289051,0.906032704732697,0.9384124008873462,0.9543141322095119,0.8651020128652662,0.8243886953218451,0.8833742009912295,0.9517679141853164,0.5482400894009507,0.9364159486136479,0.9364159486136479,0.9446701888736626,0.8916043634534065,0.903693039757528,0.9325645805415599,0.9169296077473637,0.9843798933538866,0.9517679141853164,0.9282184886151831,0.5607001693958236,0.966854861926912,0.9975839852098576,0.5266176936855156,0.9169296077473637,0.9836426671336507,0.8986853937484476,0.9517679141853161,0.8226066019041314,0.9883783616664186,0.994086760546023,0.9805663112989256,0.901588342180655,0.9938077685674775,0.9493347822888889,0.43120108940649704,0.9805663112989256,0.9543141322095119,0.9573422906623259,0.9623912027223394,0.9185607716438657,0.9543141322095119,0.9297484119999462,0.9325645805415599,0.9546090547625123,0.4080645809418808,0.8793449357816121,0.6224284893742786,0.8688077246092831,0.9447481688519046,0.8993270800742548,0.9169296077473637,0.9288758056186719,0.9307015751744632,0.8379601434210563,0.9137287800621365,0.938412400887346,0.7308377857119492,0.3320180098347896,0.8860899491808245,0.7952640490644383,0.9169296077473637,0.9623912027223392,0.9469990271543747,0.8116397691515889,0.9447481688519046,0.8253412912328228,0.7562191186805269,0.9493347822888889,0.9808615591868377,0.8325430993559757,0.9384124008873462,0.8144465923108912,0.938412400887346,0.5758376961894996,0.9345002823263695,0.9270843653068206,0.9206032360159118,0.9543141322095121,0.9270843653068206,0.814811678145442,0.9910116109880955,0.9169296077473637,0.938412400887346,0.9738359568456645,0.9720496894409938,0.9071684463189384,0.6968078157916979,0.9364159486136474,0.938412400887346,0.9601639163785549,0.9685827185265126,0.8501624963707037,0.9106019687464653,0.8793449357816123,0.9564637899809223,0.5713772330200737,0.7816225802854784,0.8775479624637768,0.96211568167946,0.9425720985427188,0.9507968637523909,0.9596419119720152,0.8540744816039603,0.32152664978164647,0.6738922444640548,0.778146195121499,0.9235944347702933,0.8665829228096515,0.905782831346365,0.9185607716438657,0.8381919070735806,0.7319697668933436,0.4080645809418808,0.8086043078572858,0.9776172307537021,0.9493347822888889,0.8995793727310536,0.82790101318244,0.9297484119999464,0.9786774257765747,0.9847742533056744,0.9090636753073356,0.912285921223924,0.8465044236130594,0.43120108940649704,0.8317311854817,0.9364159486136479,0.8972500807670707,0.8457245959495678,0.9425720985427188,0.9447481688519046,0.9543141322095121,0.9325645805415599,0.8819837279957424,0.8533649275956028,0.9447481688519046,0.38243605452529905,0.934468117552512,0.7087410003256687,0.35410945952510076,0.860654892116073,0.9344582751103179,0.9230976548868548,0.891604363453407,0.8701112326985443,0.8085191611024445,0.9153193686659862,0.9690555914915181,0.9517679141853161,0.8860899491808243,0.8080969078491071,0.9712883247369649,0.9447481688519046,0.915319368665986,0.8727288074413171,0.9672160906068992,0.8582028597539868,0.9198626585436263,0.8141422982910729,0.9425720985427188,0.9472987124405254,0.7602000973042937,0.6526106040319475,0.9555096729069269,0.9381754809533815,0.6751178512091287,0.9910116109880955,0.8124356772187873,0.9060327047326973,0.41766115597307374,0.996499138901072,0.8590817120997247,0.8128685932283842,0.965616151704306,0.9493347822888889,0.9807927095444529,0.903057155962083,0.9214745861311227,0.8930024213743273,0.8360015073061088,0.9137287800621365,0.9902428565647543,0.9084801312614039,0.7087669198814854,0.8279010131824398,0.8806825133605405,0.928875805618672,0.907540871911573,0.9344681175525122,0.8833742009912298,0.6536606935005707,0.7451044303789707,0.9195453412137855,0.938412400887346,0.9404624926714933,0.9607441863599594,0.8793449357816123,0.7252970670713155,0.8688077246092831,0.9364159486136479,0.938412400887346,0.6133124343556268,0.7451044303789709,0.9517679141853164,0.938412400887346,0.8725034033256204,0.8972500807670709,0.8623348546394309,0.8528864588606002,0.9493809558834534,0.9364159486136479,0.938412400887346,0.8253412912328226,0.938412400887346,0.9625724560522374,0.9192059715787331,0.9249165419327745,0.938412400887346,0.7957137803674152,0.938412400887346,0.8147291847956494,0.9438307679586416,0.9715878604207602,0.5880441381411395,0.9425720985427188,0.746337704583335,0.934468117552512,0.4935857592767542,0.9253246753246755,0.9195453412137853,0.7720255751925551,0.9120600632071981,0.9447481688519046,0.8780124908814333,0.8675074564961305,0.9799759007960189,0.9043585844707545,0.6699581067268914,0.8972500807670707,0.9325645805415599,0.9492700421601004,0.9344681175525125,0.938412400887346,0.9146756363968287,0.938412400887346,0.8412191247380187,0.9693820495180774,0.994086760546023,0.9121566723282284,0.746337704583335,0.9404624926714933,0.8958248142311334,0.3891707257994672,0.9926862347706236,0.9775200810036838,0.8317311854817002,0.9425720985427191,0.9897304048898969,0.9897304048898969,0.8111328445391479,0.9364159486136474,0.9469990271543745,0.936049244564626,0.9543141322095119,0.8227962496162919,0.9535215586917307,0.951215148231108,0.953270574735855,0.9322536848811778,0.9447481688519046,0.8419920758335753,0.9589935043374593,0.9922458171794512,0.32152664978164647,0.7925699855750055,0.9970882712052179,0.9202142532643909,0.9454800327660551,0.32152664978164647,0.975453793591603,0.7746239070316185,0.9469990271543747,0.9014819656601372,0.906032704732697,0.9393618431817529,0.8747897442847686,0.8141422982910729,0.22723031374726166,0.9393618431817528,0.9425720985427188,0.7181817620524507,0.9493347822888889,0.885567780336089,0.8240592260016002,0.5508044363598357,0.8619374186614901,0.9843798933538866,0.9384124008873465,0.9573422906623257,0.9344681175525125,0.9329216899439509,0.7602000973042939,0.8766849093977229,0.9425720985427191,0.9153193686659862,0.8986853937484474,0.7635143294893609,0.9245613707051723,0.859763049448478,0.8799089699616287,0.798820673463761,0.8006066801327187,0.9289830069398279,0.978819823185726,0.8833742009912298,0.9517679141853161,0.6884381496726211,0.8972500807670709,0.8350104256137887,0.9425720985427188,0.938412400887346,0.9447481688519046,0.9473257685964238,0.9169296077473637,0.32152664978164647,0.9469990271543745,0.9364159486136479,0.938412400887346,0.5724333496475311,0.9493347822888889,0.9543141322095121,0.6230764290519881,0.8471944961311821,0.9202142532643909,0.9447481688519046,0.7979426727616277,0.7140104328606892,0.9389585973436583,0.9307015751744632,0.9910081251930358,0.9425720985427191,0.9015883421806552,0.7452300517240018,0.9288758056186719,0.8916043634534065,0.9543141322095121,0.7395610420355327,0.9761289800255135,0.7545944733274381,0.5055764669454443,0.9364159486136474,0.9045383795584436,0.9492700421601006,0.7900926895085651,0.7674880140872875,0.6845353270675445,0.938412400887346,0.8227755500574692,0.9001312905981322,0.9407634795537994,0.6944930450404413,0.9517679141853161,0.8124356772187873,0.938412400887346,0.938412400887346,0.915319368665986,0.8833742009912298,0.9064836245262686,0.938412400887346,0.9788198231857259,0.9384124008873465,0.9446701888736627,0.4952681162576922,0.7689244285564301,0.9384124008873465,0.9858118985030548,0.9253246753246755,0.6576612870208559,0.7029053917881052,0.938412400887346,0.5681067999827099,0.8986853937484476,0.7291977626071651,0.7324513803250792,0.6228329685395386,0.8967328264047627,0.8803288140439887,0.7766258836139821,0.938412400887346,0.7200295947546947,0.9596257255045417,0.7743148786603214,0.9669225060031548,0.9404624926714933,0.6600201326261856,0.9307015751744632,0.938412400887346,0.8740433118343507,0.7631344888106666,0.938412400887346,0.9466763852073139,0.7989664340827631,0.6858553289247522,0.6908114592673595,0.7602000973042937,0.938412400887346,0.9463610255241098,0.8253412912328226,0.8623126901075593,0.8434202183566271,0.7635143294893609,0.8874576548572417,0.8888323772351052,0.9990557969402876,0.4080645809418808,0.8766849093977229,0.8623348546394309,0.943218574940366,0.8214901584035275,0.8748687689722257,0.5513309987093842,0.9218915803605507,0.38243605452529905,0.9976781567382803,0.938412400887346,0.9180945689966622,0.9454800327660549,0.8457377300448381,0.9270843653068206,0.639263305157158,0.934468117552512,0.8513970480753378,0.9975839852098576,0.934468117552512,0.9270843653068206,0.9507968637523909,0.9288758056186719,0.5762918413132643,0.9162839533116927,0.9493347822888891,0.8137359723057829,0.9517679141853161,0.9288758056186719,0.966854861926912,0.8820744650798583,0.9812252964426879,0.9517679141853161,0.8359663580026454,0.8986853937484474,0.9297118524554642,0.961968798352208,0.9253246753246755,0.4976219840104602,0.9425720985427191,0.9761289800255135,0.9099317521606789,0.7819406356073467,0.9914610572055534,0.9418510134399245,0.9747821421515683,0.9090636753073358,0.9317246035504445,0.7480074620231039,0.9510849633091585,0.9325645805415597,0.9682630680245692,0.7995695960245116,0.9060327047326973,0.9202142532643911,0.9668548619269117,0.6866452856941756,0.9270843653068206,0.6622942303048576,0.9202142532643911,0.6699581067268916,0.9163302989466371,0.9425720985427191,0.8633657763496989,0.7758242809380289,0.9738359568456645,0.9099317521606791,0.9493347822888889,0.8901249879428252,0.8992597885323734,0.9258754510202484,0.9351366270846035,0.9652792462742584,0.8631230730900764,0.9447481688519044,0.9493347822888889,0.9090636753073356,0.7451150219452463,0.9995729386747717,0.41766115597307374,0.8482764195819269,0.78576180444517,0.988684601167712,0.9325645805415601,0.9344582751103179,0.938412400887346,0.3538106028060499,0.938412400887346,0.938412400887346,0.780233137915181,0.9218915803605507,0.9015883421806543,0.938412400887346,0.7689268692886155,0.8032568888594929,0.8972500807670708,0.8993383238428321,0.5681067999827099,0.6827834745310726,0.8833742009912298,0.8820255041972338,0.8058941123210297,0.9307015751744632,0.9214745861311223,0.9469990271543745,0.900131290598132,0.8496550108682432,0.8253412912328224,0.6547055497177076,0.9805663112989256,0.9344681175525122,0.9519232339602357,0.9469990271543745,0.7821723541243224,0.4080645809418808,0.8793449357816121,0.9720496894409938,0.99462317493945,0.8982552933740051,0.8419920758335755,0.5836974552437977,0.8860899491808245,0.921891580360551,0.9030571559620832,0.9425720985427191,0.9253246753246758,0.9452945222517779,0.7115231657021557,0.826621851461925,0.9676110034660239,0.994086760546023,0.9632612893486825,0.9325645805415603,0.9585680210540983,0.8028600427319846,0.9559302354841397,0.7291977626071651,0.9687835678910892,0.9543141322095121,0.7068106301215109,0.8137359723057827,0.8820255041972336,0.7106569263689442,0.9253246753246755,0.8874576548572417,0.9729788794609313,0.938412400887346,0.38243605452529905,0.8986853937484476,0.9384124008873465,0.9913976286892221,0.9253246753246755,0.9344681175525125,0.5667353566829346,0.7342995623956463,0.921891580360551,0.7631344888106666,0.83999529792781,0.820913688959857,0.9270843653068206,0.8651900166347006,0.9868619655962763,0.930701575174463,0.833252239262104,0.9693820495180774,0.9202142532643909,0.7905117088333209,0.8546415990260072,0.69893881260213,0.8342796354092272,0.912060063207198,0.8695434788338985,0.769102706499495,0.9090636753073356,0.9517679141853164,0.9235944347702933,0.9404624926714933,0.6429890161967304,0.8820255041972334,0.8701112326985443,0.9364159486136474,0.7218645934534567,0.7135554457679814,0.9543141322095121,0.8533649275956026,0.9425720985427188,0.9369836237218983,0.5180948728730479,0.9185607716438657,0.9897224478284307,0.6547055497177076,0.9235944347702933,0.9717562486586401,0.9298223041589355,0.9364159486136479,0.38243605452529905,0.9543141322095121,0.938412400887346,0.9015883421806545,0.9987768000819222,0.9453616138838493,0.908411226079336,0.938412400887346,0.974860450944643,0.9831926995272842,0.8860899491808243,0.906032704732697,0.6229795142018264,0.9180278279290823,0.8559195932254964,0.8118059382622311,0.8839433174378558,0.8860899491808241,0.8189138111500283,0.9583046239905009,0.3538106028060499,0.6935227772080309,0.9137287800621365,0.9425720985427188,0.933316065142574,0.9543141322095117,0.9121566723282286,0.9607441863599593,0.9543141322095119,0.9736413441112675,0.96211568167946,0.9384124008873462,0.9602068140942857,0.5552535777405108,0.9493347822888889,0.9384124008873465,0.9253246753246755,0.7429692855380372,0.7841656069034117,0.9364159486136474,0.9329216899439506,0.9325645805415601,0.9364159486136474,0.9364159486136474,0.9015883421806546,0.938412400887346,0.9325645805415599,0.8874576548572418,0.938412400887346,0.9914610572055533,0.8675074564961305,0.9493347822888889,0.4080645809418808,0.9469990271543745,0.9404624926714933,0.9364159486136474,0.7218645934534562,0.82790101318244,0.9218915803605507,0.8072081079523785,0.938412400887346,0.8874576548572419,0.9425720985427191,0.7264869886153869,0.7497115660996294,0.6686567247470026,0.9493347822888889,0.9404624926714933,0.9235944347702933,0.8972500807670709,0.9847742533056744,0.45223855463121054,0.8972500807670707,0.9046536713705714,0.9090636753073356,0.9192059715787328,0.9775200810036838,0.9493347822888891,0.9153193686659862,0.4080645809418808,0.9886846011677117,0.8085191611024445,0.938412400887346,0.9384124008873462,0.5639018507173597,0.9517679141853164,0.8960645280508209,0.5055764669454443,0.9270843653068206,0.7871322076693466,0.934468117552512,0.7466480367609032,0.738847581781011,0.938412400887346,0.938412400887346,0.8958248142311334,0.8828584219345674,0.9799759007960187,0.9470821860258929,0.8124356772187873,0.9573886500813646,0.6404517262695445,0.7572388850475453,0.9185607716438655,0.7973846889888168,0.938412400887346,0.8793449357816121,0.38243605452529905,0.9543141322095119,0.932378041780874,0.32152664978164647,0.795264049064438,0.938412400887346,0.938412400887346,0.7496678352244861,0.950796863752391,0.7356675411172198,0.0,0.8266218514619252,0.8347141576053577,0.9529366743750116,0.770875635046866,0.7992764522645044,0.9737296402744553,0.938412400887346,0.8863540129799101,0.778838661465578,0.43120108940649704,0.9493347822888889,0.9214745861311222,0.9359992031269355,0.8916043634534068,0.9738359568456645,0.9404624926714933,0.6421461327943735,0.938412400887346,0.7898596515802687,0.9001312905981322,0.9099317521606789,0.7657361527625506,0.9742312550591599,0.9288758056186719,0.8847289094375665,0.7347923382182101,0.9469990271543745,0.8952446227883206,0.8330058363036983,0.9325645805415599,0.9517679141853161,0.906032704732697,0.9169296077473637,0.7732081684608061,0.9447481688519046,0.9364159486136474,0.8411306533973876,0.9551139594816043,0.9693820495180774,0.9045383795584439,0.9543141322095121,0.8972500807670709,0.9543141322095121,0.9543141322095121,0.7588230416072206,0.9030571559620832,0.8740433118343502,0.9384124008873462,0.9517679141853161,0.5607001693958236,0.9253246753246755,0.7320794879815149,0.9307015751744636,0.9364159486136479,0.9137287800621365,0.8714181886270882,0.9404624926714933,0.995547386337904,0.9001312905981322,0.8347009643683232,0.8305634338754779,0.938412400887346,0.9297118524554642,0.9507968637523909,0.7689244285564301,0.9517679141853164,0.9185607716438657,0.9202142532643913,0.7295479505095193,0.938412400887346,0.7631344888106666,0.7068106301215107,0.9202142532643911,0.7645919468888485,0.7898596515802687,0.7732081684608061,0.38243605452529905,0.7843868042871207,0.881983727995742,0.9808363472027923,0.7844552203124653,0.9881818565067269,0.7086928961058305,0.9543141322095121,0.9881818565067269,0.9384124008873462,0.7113392871383031,0.958611865344995,0.8045770730392641,0.8820255041972338,0.6989388126021299,0.9384124008873462,0.9364159486136474,0.8085191611024445,0.9553802235749372,0.6884129902948697,0.7529611614876075,0.723687006960239,0.938412400887346,0.7435527330845932,0.6297805435888595,0.9833076730146284,0.938412400887346,0.8058941123210297,0.930701575174463,0.32152664978164647,0.9218915803605507,0.9364159486136474,0.9309704742085614,0.9169296077473638,0.7155475991416486,0.9137287800621365,0.9228716770826353,0.988181856506727,0.6949083799229592,0.938412400887346,0.9121566723282284,0.938412400887346,0.9493347822888889,0.8973569801802843,0.8597630494484778,0.9543141322095119,0.9106019687464653,0.9758896836963558,0.8847289094375661,0.5916800014347485,0.938412400887346,0.8214113062545312,0.783007099178104,0.7424413396640945,0.9487210184868768,0.9224199973554134,0.9447481688519046,0.9090636753073356,0.907540871911573,0.8986853937484476,0.8701112326985443,0.6998196790123892,0.8986853937484476,0.8621423904215095,0.9329216899439509,0.5508044363598357,0.8986853937484476,0.9543141322095119,0.9169296077473637,0.9404624926714933,0.8154708889081056,0.9902428565647541,0.907540871911573,0.9202142532643909,0.8992597885323736,0.4174962160983702,0.921891580360551,0.8958248142311336,0.9153193686659862,0.9364159486136479,0.9253246753246755,0.8200851396195274,0.6303174855757145,0.9897224478284307,0.7979426727616279,0.8930024213743273,0.8388532239846525,0.9573422906623259,0.9404624926714933,0.4080645809418808,0.8806825133605405,0.9639411876802051,0.6392633051571586,0.9247233194846392,0.9436554450509942,0.38243605452529916,0.3538106028060499,0.9306136377073446,0.910601968746465,0.9193759358744265,0.9001312905981322,0.6150482065381659,0.8993383238428323,0.9847742533056744,0.9075408719115725,0.45223855463121054,0.9269525760029373,0.965616151704306,0.6815190167110021,0.8793449357816121,0.9462818628041005,0.9469990271543745,0.9866007010520571,0.905782831346365,0.9169296077473637,0.9325645805415599,0.5667353566829347,0.9418510134399245,0.8997253355509451,0.9231017872839915,0.500542312556203,0.8873397057226611,0.9559302354841395,0.9457653784365196,0.8821176742370873,0.9425720985427191,0.3740795968681325,0.8623348546394312,0.9121566723282288,0.9425720985427191,0.9083753558180288,0.8342796354092274,0.9848715346164765,0.9344681175525125,0.4891995539660827,0.7966052392676448,0.9472987124405257,0.9473257685964236,0.9983948723195168,0.829178883741835,0.5939999543203041,0.3538106028060499,0.8701112326985443,0.9946231749394501,0.9404624926714933,0.9517679141853164,0.8904552749271519,0.9493347822888889,0.8775479624637763,0.3538106028060499
p277_V,0.7309895837061975,0.8911527516933204,0.5856654475765871,0.8489545534527236,0.888146704974508,0.982879671572379,0.9448336903218386,0.9162927526670626,0.729222936869321,0.8880166939342051,0.9647644647815445,0.8523731211903478,0.8523731211903478,0.653487835266652,0.9398938840932888,0.9749300433832551,0.8694536906982979,0.5208716152924318,0.8940745085655692,0.9949312819359694,0.5477262562038014,0.9107320745513345,0.979154413181832,0.8938767975645252,0.9198608721014003,0.807130523105005,0.6397615797143075,0.7852614552901729,0.9949312819359695,0.8979044763649322,0.8557431115658818,0.8717185331373516,0.6843931677194159,0.96006203365904,0.888146704974508,0.85681485111095,0.925985371610359,0.6843931677194149,0.8939283999593046,0.5588272025381219,0.42200282032096825,0.810917693466396,0.8939283999593048,0.7945724799400848,0.9268767184442956,0.4079456306382717,0.9330323576683239,0.7198679518719373,0.7714208233143977,0.6954030811565284,0.8717185331373516,0.39648301920825335,0.831130446733668,0.8348667221507038,0.8391057200608767,0.7350403930125705,0.7583034248196893,0.8570084033315841,0.9387949723988305,0.9067529594461947,0.7355282511756838,0.8586781554777044,0.9528702406083659,0.7629035295961655,0.6943041940836848,0.6848595255820773,0.8532293824478363,0.6827908156515123,0.7528989097671598,0.8568148511109501,0.6210103921821913,0.7714208233143987,0.8570084033315835,0.5121046383050021,0.8570084033315841,0.6880074780341381,0.9369966819500085,0.659875833603919,0.5576088252837907,0.7364958146357478,0.8843302430070015,0.9637013089979418,0.8911671681830462,0.760870851579062,0.8570084033315841,0.5897038785944746,0.9895258967473565,0.7334255885981122,0.7708081139078189,0.8523731211903476,0.8570084033315841,0.4658435356987731,0.40368152364915333,0.6208536564396199,0.8602378878737102,0.7379427487394596,0.4989085005885918,0.6981643404790214,0.520368727475558,0.5171050163571234,0.6885143293983317,0.9342353692072158,0.7070553736674675,0.7923386540821602,0.8679634864173381,0.8823675467067158,0.7302230666440963,0.46972435070429386,0.8226046489234891,0.5322651913312726,0.495753648132109,0.8230808827755758,0.6595862462595168,0.8494541269583803,0.9330323576683239,0.6038641524811565,0.9444589326130934,0.8823675467067158,0.8596877431040635,0.6448592754686711,0.8144370750729601,0.5622246221068032,0.6623263931262896,0.967202098661337,0.9528702406083659,0.7537476961947243,0.9902025197020263,0.6990704097800863,0.9963436067167889,0.7614393933136983,0.6418096066468673,0.9010523009261004,0.7500848507922819,0.8939283999593048,0.6397615797143077,0.7197710432090829,0.7076379824740977,0.7844663613441334,0.8717185331373516,0.8478507258139236,0.5648954438152085,0.8880166939342049,0.767515228460312,0.429071404815901,0.5978722842955415,0.7483313951996182,0.8362308333110884,0.5554275328173355,0.8033919351330518,0.3733649885216247,0.7998445750529275,0.7355282511756829,0.8609597533700978,0.7679389342768795,0.8876108929996879,0.8270134485526377,0.7545377506408628,0.6198583722022549,0.7155664585191797,0.6614057652160763,0.8943022441895179,0.8678692326449855,0.8128817478302994,0.47018479995339924,0.6525841304211,0.6410294549517773,0.7439454785724531,0.7629035295961659,0.8911671681830463,0.6790340559718844,0.9358286504243111,0.9963436067167888,0.9160141298806415,0.8477162200775556,0.8518521996951174,0.6254993288708524,0.9685938234748075,0.7132587572284494,0.6740051301521186,0.7544935715610653,0.9482948071998747,0.7368022890401078,0.9444076792766426,0.8523731211903478,0.6479704819745791,0.6800148943295496,0.6744804370712587,0.7411851589474363,0.8348667221507038,0.9286877343347696,0.8478507258139243,0.8587152908989979,0.5254965238430311,0.5153094888945906,0.8483619554001927,0.8570084033315841,0.8617682235186914,0.8576381060247249,0.7379427487394596,0.6073562435561222,0.7467553291041633,0.8523731211903478,0.8570084033315841,0.6179954119070372,0.6090357377871991,0.9270340353108137,0.8570084033315841,0.6985168609923006,0.8019855092639763,0.7967252971321719,0.7155664585191797,0.502993743500844,0.6332637536939165,0.8570084033315841,0.6386376449116682,0.8570084033315841,0.7280591417123623,0.5080238837825327,0.410991990657251,0.8570084033315841,0.9269706836168523,0.8570084033315841,0.6679565333321278,0.9094058344019369,0.6205398446032752,0.6064022699029112,0.7019538912394095,0.40931471274202114,0.8478507258139234,0.9955712672694002,0.8266218514619252,0.6814976103310151,0.7503871336797887,0.8723377525994965,0.7157033402404307,0.7526586203811858,0.7264095143724527,0.7049662622472905,0.7764054763393152,0.8019855092639763,0.7614393933136983,0.843431170571713,0.4795736695157421,0.9067529594461949,0.8570084033315841,0.726091587201958,0.8570084033315841,0.8456805984056739,0.7722802732581078,0.8717185331373518,0.8418946255500956,0.39595608811217764,0.8617682235186914,0.758130267116409,0.9971212157939338,0.5264380626408978,0.9011784989275505,0.6093202721953512,0.8666662211060938,0.5378130040794897,0.8174342593287185,0.5614958773085099,0.8523731211903476,0.9484030384081927,0.48312035699157363,0.8939283999593046,0.7963100057607231,0.6566055132344053,0.8597178833007997,0.9607863239306713,0.5182600351746425,0.8717185331373516,0.6024114810749381,0.5234539718619826,0.6288643139092399,0.8823675467067158,0.5322651913312726,0.8584546801295274,0.7632335382365755,0.8035230022536772,0.8823675467067158,0.9374710543141456,0.5447599959828451,0.9444091313393704,0.627207623055992,0.5883322625379608,0.7351369595205248,0.9770878861879118,0.4568082873727146,0.8478507258139243,0.7683200278016402,0.9342353692072158,0.31704991229614254,0.8940745085655692,0.5807600960010322,0.5915078269719509,0.6614057652160766,0.8899102291088363,0.9313341660201884,0.6447787703816177,0.7241777964752253,0.76928475557632,0.887610892999688,0.4701847999533997,0.8027596273278783,0.9674184374883311,0.5352056891185372,0.7647718449416712,0.49831919357310006,0.7451044303789698,0.6744035201860632,0.7197480249821283,0.7671494575494671,0.7895249796830623,0.5001830103276357,0.955913940559361,0.7847196600248969,0.927034035310814,0.9770878861879118,0.801985509263976,0.6563867733095002,0.8666662211060931,0.8570084033315841,0.8717185331373514,0.9830332035797162,0.5208716152924329,0.8823675467067158,0.9841323151590049,0.8148036802053529,0.8570084033315841,0.848358096821,0.882367546706716,0.8186237669479579,0.9821624357299379,0.7409065400755612,0.7632335382365756,0.8717185331373516,0.5588123684659829,0.2612354101347508,0.899864992616022,0.8391057200608771,0.24247881904182755,0.8998492893872088,0.7924618199175764,0.29457778564233805,0.8348667221507038,0.7678173152438112,0.9760563522715158,0.4069471994276481,0.6418874587049843,0.38840907057205376,0.9842997461902936,0.8826297756089203,0.9499692241389623,0.5952850031432275,0.4568082873727146,0.4736947694242706,0.26578313190301495,0.8570084033315841,0.6031565933957215,0.7681288697670121,0.5256393644012757,0.8924193055680143,0.8880166939342053,0.5645207415301638,0.8570084033315841,0.8570084033315841,0.8033919351330521,0.7292229368693213,0.49022606392544366,0.8570084033315841,0.9949312819359691,0.6447787703816175,0.8055175049669296,0.6702728941237022,0.461751632384529,0.9250234851679422,0.5547137185861659,0.7531444301592911,0.2730717905280935,0.36257952810806504,0.8570084033315841,0.6546227089279938,0.6205398446032754,0.41133526525233766,0.48569714280515286,0.9286877343347697,0.7661340794962679,0.8015030960827552,0.42593212887706766,0.8570084033315841,0.3213591732477177,0.8808704697223769,0.7222638831900952,0.4643228585621083,0.8617682235186919,0.348010556036086,0.8245405536663881,0.8570084033315841,0.7075588558188874,0.5175243678022117,0.8570084033315841,0.8733260220336168,0.8383181331029108,0.5919206856039372,0.28036172426736816,0.44324228478741023,0.8570084033315841,0.8731397049000624,0.6386376449116682,0.9801384080901828,0.8211136065445457,0.6890319792156148,0.7576706348423714,0.741895509712788,0.44919161627738957,0.9662154259494389,0.76713258047687,0.6803746334600482,0.7769598567916908,0.6001294858834167,0.7128751470311903,0.5750994885026609,0.8439253499767936,0.9404815542410545,0.6408712334357477,0.8570084033315841,0.9196272041613351,0.6214062667341234,0.9083197056417889,0.8843302430070015,0.8648174809784437,0.8478507258139238,0.8815862495097839,0.9455803322063061,0.8478507258139238,0.8207442771530074,0.8004702785962421,0.9992550378442888,0.6191109379093561,0.6788120161378715,0.8823675467067162,0.5818900253141808,0.8880166939342056,0.9444589326130937,0.9955712672694002,0.6417240707809599,0.8319382523553127,0.7608272336763192,0.8238393088320655,0.7852614552901733,0.91089635124494,0.8597178833007999,0.7268798227606188,0.8701430156329929,0.8666662211060934,0.8932877793171796,0.888498527750186,0.9970256162550315,0.8377058526271617,0.8244271907549114,0.8575188357488206,0.788867719308608,0.6726305598463926,0.6937022460591784,0.48434403588252173,0.9869887399367074,0.8168763685872309,0.8482736964921056,0.7818305344180303,0.8147566802167696,0.8186510304280263,0.2706843329690751,0.8843302430070017,0.7920242446021457,0.8147566802167698,0.893918621108941,0.789998468226875,0.9342353692072157,0.7627135361247279,0.6216336831868318,0.7347093870289777,0.7885429055680484,0.882367546706716,0.9325786802857977,0.8152249930343429,0.9086798545885583,0.9893528308763073,0.7833191490793014,0.9555882323172947,0.9404815542410545,0.8823675467067158,0.6984209400522953,0.35962563042766993,0.530031285542155,0.9733997388646385,0.8148036802053529,0.543854224604563,0.8525051345671,0.900854198317711,0.429071404815901,0.8570084033315841,0.8769444849065684,0.8570084033315841,0.8570084033315841,0.48975418822813754,0.8186510304280263,0.6837875121403504,0.8570084033315841,0.4635037510205201,0.5432098019597436,0.8019855092639763,0.787241035689348,0.7031868055060877,0.6146531462230358,0.7898054624490232,0.7444445598003702,0.5493328007284872,0.8951646744396662,0.9871948989053121,0.8769444849065684,0.7681288697670123,0.5219953168704903,0.594484474171824,0.7207127374713865,0.9231941516290607,0.9067529594461947,0.6837453688729207,0.9484030384081927,0.5370301087673607,0.9662154259494389,0.6655889546323097,0.826621851461925,0.9694814522787868,0.7769598567916904,0.6024114810749386,0.8186953767616509,0.7355282511756833,0.8186510304280261,0.7961171350234424,0.8666662211060934,0.8266218514619252,0.7850374619771381,0.9408964938442353,0.5974576271186449,0.4887309905277273,0.8717185331373518,0.6053077609277439,0.8434311705717135,0.726178733070959,0.5327301331956827,0.8450603346239255,0.3979776161674349,0.7329703856737078,0.8186237669479577,0.29051132004724156,0.6105906477988357,0.7260915872019584,0.3803855045179596,0.7006152153619437,0.7576706348423718,0.8148828466771343,0.8570084033315841,0.9404815542410545,0.8672198966841809,0.8570084033315832,0.5380534207496672,0.8266218514619248,0.8478507258139245,0.9363662488999993,0.5011057169720208,0.827508495889226,0.46354906260323636,0.8778792578061447,0.40114725227582837,0.8575188357488204,0.6241002952490888,0.8478507258139238,0.895164674439666,0.732873961219082,0.6303688674321356,0.6391130142522654,0.6820964632065187,0.7108364417126387,0.3805976645988398,0.6152371601633337,0.8094876724464477,0.524652349799301,0.46326163942905507,0.788867719308608,0.8880166939342056,0.7395867368188228,0.8617682235186921,0.5503687120224519,0.8178564501940144,0.6984295135169232,0.8523731211903476,0.3793334722949244,0.19994455086588936,0.9007517192601686,0.7557273453038509,0.9662154259494389,0.6311340238614753,0.8877095070326824,0.6766803132723644,0.7593968324993918,0.8990471168241161,0.899864992616022,0.947851044715065,0.6866872408620988,0.8826297756089203,0.906100043689203,0.8939283999593051,0.8570084033315841,0.7924618199175761,0.37747126071502735,0.49736387915007496,0.6952002395450969,0.8570084033315841,0.6714249614696945,0.24061633700086926,0.7355282511756829,0.8272360292098266,0.6233152929822934,0.6370176955242218,0.6816679711713824,0.853685869645045,0.8830311093097287,0.8507481666677803,0.5795614108792912,0.43996957892208044,0.9126737616573806,0.723319234845702,0.73504039301257,0.9010523009261007,0.7114610993326913,0.7775597907918518,0.818971770121748,0.7103825219440498,0.7775597907918526,0.6719683307685382,0.874618583855285,0.893885183525017,0.7198184528407467,0.6843874854709756,0.8823675467067162,0.8570084033315835,0.8791510662592732,0.36140748590018124,0.44324228478741023,0.8826297756089203,0.9907554246552424,0.9008541983177107,0.8826297756089203,0.8523731211903476,0.7924618199175758,0.8570084033315841,0.843431170571713,0.8145713346772089,0.8570084033315841,0.6142889094554032,0.7632103386650171,0.8823675467067158,0.9662154259494389,0.9126737616573803,0.8617682235186916,0.8523731211903476,0.4196054183228346,0.6004275330647892,0.8186510304280261,0.5523835826399268,0.8570084033315841,0.46468646741485764,0.9993984942305538,0.8873540622208855,0.43229909987103143,0.6458216770459697,0.7077762212924724,0.9902025197020266,0.8226046489234891,0.8736455631338021,0.9198608721014006,0.8570084033315835,0.8019855092639763,0.8355205840216144,0.9213389142432071,0.7015393224056481,0.7403100553784643,0.9941465190705734,0.7005562830556392,0.8998492893872088,0.6922892667542049,0.6264818479488963,0.8570084033315841,0.9504233082603579,0.6319285066166693,0.8880166939342053,0.3581959425206157,0.9842997461902936,0.9011784989275505,0.5608759712647253,0.8478507258139238,0.4653591090204474,0.42040855186980064,0.8570084033315841,0.8570084033315841,0.7581302671164099,0.862967006456959,0.7233192348457019,0.6011472367990447,0.6074632344458091,0.3757181170886257,0.5453154733950087,0.47671944171407343,0.5546798386863547,0.541393243179034,0.8570084033315841,0.756017545606982,0.9404815542410545,0.8939283999593046,0.22275087890668477,0.8823675467067158,0.5246523497993005,0.8570084033315841,0.8570084033315841,0.40368950483976396,0.707055373667467,0.3862835880677862,0.8266218514619252,0.0,0.6193663888487134,0.7960489146934002,0.9500221889089313,0.5479660555623003,0.3181401891289879,0.8570084033315841,0.6709149833824134,0.48651654920797416,0.9259853716103588,0.8823675467067158,0.7801037737504402,0.9715057677713779,0.9009220440049021,0.610418951227975,0.8617682235186916,0.7131062675719899,0.8570084033315841,0.5259252086705173,0.8382847501964797,0.716774335194323,0.7653852923536979,0.5291957380755515,0.8348667221507031,0.7323682441479433,0.5483525145239876,0.876944484906568,0.9402813558121453,0.6272896952907088,0.843431170571713,0.7998445750529279,0.8035490586609269,0.8311304467336682,0.5549831121591362,0.8717185331373516,0.8523731211903476,0.6506712696359855,0.8229620026521651,0.8330994471835244,0.8427141282192507,0.8939283999593051,0.9141916790840798,0.8939283999593051,0.8939283999593048,0.6132013992552345,0.7961171350234422,0.7075588558188874,0.857008403331583,0.7998445750529277,0.9107320745513345,0.8791510662592732,0.5937778903605937,0.6843931677194168,0.8523731211903478,0.8462250344592843,0.7187999916752916,0.8617682235186916,0.5295431342487311,0.8095590150340128,0.7639278354722157,0.695567127567113,0.8570084033315841,0.431608703733684,0.919285006617433,0.5420884171496221,0.8880166939342051,0.9329181680524057,0.8147566802167701,0.6549116232508247,0.8570084033315841,0.4500552363034924,0.3040172294712328,0.8147566802167696,0.45343910352155503,0.5121046383050021,0.4734438982785232,0.906100043689203,0.5405996425314814,0.7219765488875296,0.8712654252788729,0.43864333582403203,0.6758625785966197,0.6011121860726889,0.7775597907918524,0.8275084958892258,0.7070553736674672,0.8740137210298942,0.968742529070155,0.5462749521926122,0.7260915872019582,0.2856799919054208,0.8570084033315837,0.8826297756089203,0.5838492588699598,0.41838657063668827,0.8356809832332621,0.3979776161674349,0.35671774642173437,0.8570084033315841,0.43135923597801207,0.48099110723392313,0.5448952140521678,0.8570084033315841,0.5493328007284872,0.8245405536663883,0.8823675467067158,0.8186510304280263,0.8523731211903476,0.5857919226308239,0.8311304467336683,0.9886706407705388,0.9625401934948807,0.8754277320114354,0.7264112176941545,0.3034678935122934,0.8570084033315841,0.8189717701217478,0.8570084033315841,0.8823675467067158,0.5191379808603223,0.6744035201860634,0.8939283999593046,0.8376383475152338,0.559884654070984,0.7323682441479424,0.8272360292098265,0.8570084033315841,0.5974849883226665,0.5510497802719065,0.6662344207053215,0.765296332309569,0.8533725051586636,0.8717185331373516,0.8321717245668419,0.7853321359751217,0.826240675987177,0.6984295135169232,0.3701338150963238,0.826240675987177,0.8489545534527237,0.7500848507922819,0.6779359557342889,0.826240675987177,0.8939283999593046,0.7608708515790623,0.8617682235186919,0.628345384179652,0.8450603346239254,0.7853321359751215,0.7384094334397133,0.8836946569645223,0.8533725051586635,0.843925349976794,0.758130267116411,0.8033919351330518,0.8523731211903476,0.8528864588605991,0.7144846545922894,0.8489545534527239,0.5121362254223907,0.7124873102449318,0.75157734953503,0.6458216770459709,0.6769347696360533,0.8617682235186914,0.8666662211060936,0.8686668738111247,0.7784548267436191,0.7960489146934,0.745493976739641,0.8463915299445923,0.8717185331373514,0.9126737616573806,0.8484382164183766,0.7924392667982814,0.6601259340275422,0.8302740876675132,0.9882143065004805,0.7897528958727997,0.7395867368188227,0.873326022033617,0.8570084033315832,0.7087959678998474,0.402148478161398,0.8280002125352853,0.7560175456069813,0.8593352283564822,0.9444091313393705,0.9810120603767223,0.9035824051121062,0.807130523105005,0.725896121333304,0.9280365089491405,0.9602670981239118,0.8252719145194898,0.8730333499943792,0.9011784989275505,0.847073574526185,0.78454702578678,0.9985177065930966,0.9237790411244883,0.7019538912394098,0.8938767975645252,0.6969961568417802,0.7960489146933996,0.8678692326449855,0.8587834275875447,0.6604257467934707,0.9780733681555107,0.82818698920859,0.9656551930784649,0.6114287317936449,0.9370022718146099,0.39296572807429975,0.8666662211060936,0.6033944412452705,0.9618263766114721,0.8769444849065684,0.6984295135169232,0.8474809776927773,0.9455803322063063,0.8880166939342051,0.9088092813104065,0.8823675467067158,0.9957445086143724,0.8769444849065684
p278_C,0.6914461666343437,0.9164060891461527,0.44461137012729646,0.995135770340283,0.8993922310882434,0.8251068045020435,0.7262353273187843,0.7592313963373905,0.8094833764446472,0.9212094218042226,0.9460546403839523,0.896130882831621,0.8961308828316212,0.9520753766313144,0.9413337007556204,0.6644943656105913,0.9247323722236849,0.6690294376269559,0.9172347260035336,0.8417025656248469,0.38990244676737673,0.9099317521606789,0.7897222592921718,0.9417626114543682,0.8751860185986187,0.8642985447139284,0.8898393963217797,0.8842971758754068,0.889120168139033,0.701040019561546,0.959813470302691,0.9097421633544902,0.5341142613283225,0.8392374849683435,0.9372344714402789,0.9172347260035336,0.9417626114543682,0.954924242646743,0.9253688519211307,0.9190823451591559,0.34888010540184444,0.866963168156325,0.9752737206364959,0.8275096562715782,0.9247323722236849,0.4453966970536706,0.9465146323386673,0.8029012821767438,0.8616681034607223,0.7856879905096839,0.9097421633544902,0.34870397286098087,0.8642985447139284,0.883813517405303,0.9208601429117473,0.43414374407251566,0.8873412224047774,0.8993922310882436,0.9085594827345287,0.9996756029115749,0.8139197462693826,0.6655491115674659,0.8642985447139286,0.45790513833992075,0.9134191021410443,0.869909236733007,0.9933095589619414,0.7146824480374376,0.5629401033854622,0.9172347260035336,0.9995274441909645,0.363239633610421,0.9372344714402792,0.6567206399103713,0.8993922310882436,0.33608309627029287,0.7070371124883751,0.8910264359580939,0.6667424175474763,0.9253688519211309,0.9134708556523616,0.7381436279476097,0.8539618916939775,0.6106954354195671,0.8993922310882436,0.9375570313374202,0.8780124908814335,0.9441641726130345,0.9163628532094457,0.8961308828316217,0.8993922310882436,0.8897015904236054,0.6240557393127353,0.7660838876119864,0.853961891693978,0.8029012821767436,0.8842029934415216,0.26801795418916674,0.643264792024173,0.7240933893941965,0.9995729386747716,0.8921764228239647,0.8993922310882434,0.8988562716216035,0.8378325726442022,0.9172347260035336,0.9314059401137063,0.6148737379624087,0.8751860185986187,0.7285621140487324,0.9463161534797553,0.8669631681563252,0.6835306018343565,0.9614378119570699,0.9061873961293254,0.5870439469823479,0.8498126246633049,0.9172347260035334,0.7252970670713121,0.718863937786931,0.8516510109329345,0.9337242849578087,0.8751860185986184,0.9860042839547053,0.9898664497675986,0.816659397031935,0.9807840195689517,0.816014920730001,0.9200152252821033,0.8321506231964104,0.7479800410617923,0.7308674779865956,0.9933095589619414,0.9253688519211309,0.8898393963217799,0.627958116078049,0.7799420018782603,0.839555649823158,0.9097421633544902,0.8929489608197005,0.5833864485386024,0.9212094218042224,0.9794140977256349,0.782121205673745,0.8787905977633612,0.8229279382562937,0.8087510315013655,0.687202289610336,0.8616681034607225,0.5539659318081296,0.9212094218042226,0.8139197462693821,0.8041143701014606,0.46810918339543306,0.951525861158216,0.861668103460723,0.9405431861606248,0.7312519156265725,0.7526586203811856,0.873457082543069,0.6999596123100196,0.8921764228239648,0.9794926266231159,0.6246411864244388,0.4082134150325638,0.9911981596732264,0.9069090419812991,0.6323451910408435,0.7065961642215366,0.6936002001320851,0.9423469173118802,0.8832444469048482,0.943030019214546,0.7044726886326846,0.9238360697380932,0.9522612428073793,0.8110762919188101,0.9130373620729506,0.867395220591731,0.7400843742085835,0.9596253625545405,0.9959260982295128,0.9721556015951156,0.896130882831621,0.775124496442544,0.8882785790234369,0.718863937786931,0.8050863112719073,0.883813517405303,0.9024306604322354,0.8929489608197005,0.966854861926912,0.46761130155090136,0.6161540830549839,0.8596285136050663,0.8993922310882436,0.902741203339785,0.8929489608197012,0.8029012821767434,0.49048118656463413,0.827293430475253,0.896130882831621,0.8993922310882436,0.38372548770656567,0.6161540830549841,0.9212094218042226,0.8993922310882436,0.7378377367694413,0.8321506231964102,0.7751140922654682,0.716774335194323,0.667010743555629,0.896130882831621,0.8993922310882436,0.7325688324502422,0.8993922310882436,0.6271973831158058,0.47869984553263256,0.49048118656463435,0.8993922310882436,0.9614455147320778,0.8993922310882436,0.8531551913523889,0.9763925012167987,0.9589999745462268,0.3044894954609584,0.9061873961293252,0.5468023571395528,0.8929489608197003,0.8724042835510755,0.8780124908814337,0.8139197462693823,0.9306691063923773,0.5751715930527079,0.8395556498231578,0.8007246376811596,0.8042393336636016,0.6574169412452515,0.7736637128389465,0.8321506231964102,0.83215062319641,0.8898393963217794,0.873457082543069,0.9287407729092756,0.8993922310882436,0.8295844697893859,0.8993922310882436,0.7377571308135189,0.9060638964407408,0.9097421633544907,0.8843596565983223,0.5630370346056575,0.9027412033397848,0.8298223478885358,0.7805354160359033,0.9343530326383656,0.9561940054212755,0.725120799478703,0.9061873961293254,0.9724514508744551,0.4611777565444646,0.6914719293267231,0.8961308828316217,0.9134191021410443,0.6478588596437866,0.9253688519211307,0.8736635385762344,0.8227288628986869,0.9847701943343943,0.7673422828548702,0.8668813124846249,0.9097421633544907,0.7174917793929068,0.6311980807379813,0.5602903822246854,0.9172347260035336,0.6611481652587345,0.9750995470070669,0.8696642492046922,0.8050863112719071,0.9172347260035336,0.6396962066963193,0.6483670475727927,0.9134191021410443,0.11900924800695178,0.8464976705745089,0.9061873961293254,0.6260925427900086,0.6506725808830305,0.8565083545532761,0.5695585331492286,0.932503659033307,0.5169024179024271,0.8563577889317531,0.862359877774018,0.7125881023514389,0.24262394870741377,0.79559032327016,0.9172347260035336,0.8993922310882434,0.890375224309939,0.9280919787324257,0.9097421633544907,0.6082696266282195,0.8418533304885532,0.9465146323386673,0.6503108421025884,0.83449531009486,0.5215505329623087,0.8441208612014641,0.7709128636729372,0.7836855706584358,0.9064598802355635,0.9470088074565404,0.9186090087156379,0.9686270243184087,0.8094833764446474,0.7942849631106608,0.8646979598369935,0.8321506231964104,0.7804648963805985,0.9061873961293252,0.8993922310882436,0.9097421633544893,0.9188016156964056,0.8642985447139286,0.9172347260035336,0.9568407342490961,0.896130882831621,0.8993922310882436,0.8751860185986187,0.9172347260035334,0.9253688519211307,0.9639416892449179,0.7147690823318902,0.9794926266231156,0.9097421633544907,0.669924835866045,0.5467379364587892,0.9370256730202122,0.8867960431767521,0.5395637883008968,0.9061873961293254,0.8392374849683437,0.5644489212632366,0.883813517405303,0.8229279382562935,0.974821410648139,0.5681973669539693,0.966539859311593,0.5602903822246852,0.8898393963217797,0.8961308828316217,0.9995274441909645,0.9538133524293886,0.6178145599317046,0.6201749624119761,0.4615427675820477,0.8993922310882436,0.7104911254501547,0.88720715892009,0.8416368978310873,0.962731967546085,0.9212094218042226,0.6936002001320851,0.8993922310882436,0.8993922310882436,0.8616681034607221,0.8094833764446476,0.8817794235300811,0.8993922310882436,0.8417025656248469,0.8993922310882434,0.9784698031455157,0.2577338806416981,0.6649705527689187,0.9113965671515779,0.8756960152361009,0.8780124908814335,0.50191723729105,0.5740196373734845,0.8993922310882436,0.2910499876567991,0.9589999745462268,0.5738585769248967,0.5954130160183269,0.8756960152361009,0.8353763537669454,0.5695585331492283,0.5960903363326329,0.8993922310882436,0.5199360949322693,0.8934655458176233,0.9557013806674788,0.7288452380424014,0.902741203339785,0.48874237757563066,0.94288345814827,0.8993922310882436,0.7942406984776218,0.6130631660228905,0.8993922310882436,0.8756960152361009,0.6751416776745682,0.46654815829459284,0.47188501751505574,0.6082696266282195,0.8993922310882436,0.7713651876408127,0.8220007545142649,0.9563160015347996,0.7239646794743266,0.9188746565403372,0.816153991776837,0.8183996995703318,0.9709098918537327,0.9465146323386673,0.8202046342072096,0.7751140922654682,0.9952673588808036,0.7083913458136031,0.8643005026203407,0.3349147436395662,0.8724042835510757,0.9097421633544902,0.8934655458176233,0.8993922310882436,0.9016392859446953,0.641599529474242,0.7451291995584493,0.880887070920771,0.8565016117177138,0.8929489608197005,0.8436064728095618,0.9417626114543682,0.8929489608197005,0.8808870709207712,0.8993922310882434,0.9504069818881509,0.32393521678940285,0.9443732211437312,0.9172347260035334,0.695724325597511,0.9212094218042226,0.8838135174053028,0.9433011034543323,0.7203681833608104,0.9623912027223394,0.9212094218042226,0.6119266259067031,0.8593962429851332,0.827293430475253,0.896616495658181,0.5793600673713917,0.5012869359079664,0.892176422823965,0.6515530176586583,0.8007246376811596,0.8577418835431022,0.8696642492046927,0.9097496706192361,0.8808870709207712,0.8514489788174842,0.8376395456047532,0.8904361906836482,0.9930156479215864,0.8898393963217797,0.9217205801316332,0.9076164564417568,0.8464976705745091,0.8696642492046924,0.9031200523835079,0.4650204468126875,0.8808870709207715,0.40990708225794226,0.8696642492046927,0.9307016541888509,0.7540907413180953,0.8921764228239648,0.9932728688879773,0.6178278134546583,0.9123820951287551,0.8225296442687748,0.9172347260035336,0.9241436386500343,0.8272934304752533,0.913419102141044,0.9340990416559534,0.9247323722236849,0.586765965149642,0.9097421633544907,0.9172347260035334,0.9318220382121017,0.45676917575870846,0.4482497038877309,0.9696724395861314,0.6626197766413174,0.6500265121388114,0.9994428908841724,0.8898393963217797,0.6688470471575292,0.8993922310882436,0.9134191021410447,0.8993922310882436,0.8993922310882436,0.6409950380652423,0.8724042835510757,0.9316182412138075,0.8993922310882436,0.622525435781265,0.6786059897480645,0.8321506231964103,0.8147521882771815,0.2713767436858401,0.56387237020075,0.9218915803605505,0.8072801833126302,0.6829140837866348,0.8867960431767519,0.8612847575900697,0.9134191021410445,0.8368572865027593,0.6576984470213143,0.7146824480374376,0.8514489788174839,0.9208601429117476,0.8929489608197008,0.9633772167485168,0.7826294731025908,0.794240698477622,0.9061873961293254,0.9127323858796017,0.8780124908814333,0.866963168156325,0.543996108632715,0.7350227544624501,0.8489613700399667,0.8139197462693821,0.8724042835510755,0.8673952205917312,0.9061873961293252,0.8780124908814337,0.902741203339785,0.829822347888536,0.716774335194323,0.38873314530464964,0.9097421633544909,0.6193663888487142,0.8898393963217799,0.838959860764811,0.7664191213549612,0.9696724395861309,0.5738585769248965,0.4319449491687337,0.9253688519211307,0.48180401007365914,0.695724325597511,0.8072801833126311,0.5045408421778385,0.9943104640015847,0.8161539917768372,0.8458170785440258,0.8993922310882436,0.9097421633544902,0.83449531009486,0.8993922310882434,0.4022956365088345,0.8780124908814333,0.9287407729092758,0.8539618916939773,0.5733132286613205,0.9031200523835077,0.6130631660228905,0.6520321555681026,0.6755671642214724,0.8808870709207712,0.7540279229760958,0.8929489608197005,0.9088193584132743,0.6978525212060054,0.881426138692631,0.8696642492046922,0.6224840200589044,0.7821224652259053,0.5017466098379475,0.7292838755700903,0.9825391909511073,0.71629162221888,0.5659050547611706,0.8514489788174839,0.8417025656248469,0.9377821213923416,0.902741203339785,0.6502381208370352,0.8518887562661408,0.8087510315013653,0.8961308828316217,0.571890257643106,0.57402492703971,0.9748214106481392,0.7799420018782599,0.9061873961293252,0.9123820951287551,0.8666934952218595,0.5399702818065545,0.8714840103823689,0.9869045931739928,0.8751860185986184,0.7468214401659192,0.43485344971582696,0.896130882831621,0.9097421633544902,0.8251068045020441,0.8993922310882436,0.8392374849683437,0.3999244670967843,0.6178145599317046,0.9522965200837624,0.8993922310882436,0.828444328163437,0.5106422493747416,0.8139197462693821,0.8464976705745091,0.38117755536084685,0.8606657697829821,0.8433272776210026,0.6734903684632123,0.4470472662670869,0.8139197462693823,0.7041826974355048,0.7202259015568806,0.9568407342490965,0.9634101886499156,0.8590697626746646,0.9061873961293254,0.9553394119369607,0.9253688519211305,0.8565016117177144,0.8929489608197012,0.9253688519211307,0.450251837766215,0.8873412224047772,0.9113965671515781,0.7256041436298171,0.25001881904415757,0.9172347260035336,0.8993922310882434,0.8780124908814335,0.5412898749253741,0.6082696266282195,0.8961308828316217,0.8395556498231578,0.8898393963217794,0.8961308828316217,0.8961308828316217,0.8392374849683436,0.8993922310882436,0.8898393963217797,0.8161539917768375,0.8993922310882436,0.8696642492046924,0.9282918809973881,0.9172347260035332,0.9465146323386673,0.9568407342490965,0.902741203339785,0.8961308828316217,0.6208325756445323,0.7188639377869315,0.8724042835510755,0.6850605900757982,0.8993922310882436,0.8853051607789586,0.8518491866146226,0.5269632541065414,0.6237268340128523,0.8416529682133564,0.9172347260035334,0.9021517560872986,0.8751860185986184,0.8321506231964106,0.9064840699954801,0.8993922310882436,0.9060638964407406,0.9473887865940551,0.8785401016887859,0.6807626054757945,0.923610220689685,0.9172347260035336,0.9660891714439764,0.9061873961293254,0.8622547711115847,0.7044726886326851,0.8993922310882436,0.8357120864475068,0.30393669089305775,0.9212094218042226,0.44843306301735464,0.9247323722236849,0.9460546403839525,0.6522651642843793,0.8929489608197005,0.5861313618627166,0.5733887581026953,0.8993922310882436,0.8993922310882436,0.8298223478885365,0.7670341328702946,0.9188016156964058,0.5146313541244956,0.6936002001320856,0.4718850175150556,0.3887331453046494,0.6034322736104358,0.866963168156325,0.6295192456385053,0.8993922310882436,0.8248675029173149,0.9097421633544902,0.9253688519211307,0.42108569670707874,0.9172347260035336,0.6655491115674661,0.8993922310882436,0.8993922310882436,0.5684795164242169,0.8993922310882434,0.6494029150460028,0.8347141576053577,0.6193663888487134,0.0,0.8565016117177149,0.8007246376811596,0.6721036605310435,0.6612612310328061,0.8993922310882436,0.9461095570705995,0.638717060576008,0.902741203339785,0.9172347260035334,0.8761144117500412,0.7220247108822764,0.8229279382562935,0.962731967546085,0.902741203339785,0.39422183612276107,0.8993922310882436,0.6567206399103711,0.962731967546085,0.8007246376811596,0.918609008715638,0.47368050177594023,0.8838135174053028,0.8116963900427683,0.9517127127606103,0.9568407342490961,0.7007938502077209,0.727203033194425,0.9247323722236849,0.8417025656248467,0.8464976705745091,0.8642985447139286,0.7286134918556,0.9097421633544904,0.8961308828316217,0.754215037823528,0.8590697626746646,0.9060638964407408,0.8440565830183067,0.9253688519211309,0.9799771696850708,0.9253688519211309,0.9253688519211307,0.8072801833126309,0.8931535433523752,0.7942406984776218,0.8993922310882434,0.8417025656248467,0.8780124908814333,0.8780124908814335,0.9425072522847002,0.5341142613283238,0.896130882831621,0.8873412224047772,0.8110207847631994,0.902741203339785,0.5818133576324981,0.8368572865027595,0.9509128094947941,0.9003150628912607,0.8993922310882436,0.8897015904236056,0.9870810478556493,0.7300591790541651,0.9212094218042226,0.8669631681563248,0.8696642492046911,0.9650918298167017,0.8993922310882436,0.6130631660228905,0.49821768209907713,0.8696642492046918,0.615444028528344,0.6567206399103713,0.6295192456385055,0.90974216335449,0.6477803505714199,0.7109961407420817,0.5966997142515857,0.6877533021343365,0.9031200523835075,0.9490077211985386,0.9253688519211309,0.8204380281246038,0.8993922310882432,0.9933942044579585,0.9764965868575897,0.6807626054757943,0.8072801833126306,0.4852676058267923,0.8993922310882434,0.8961308828316217,0.6872022896103365,0.3477591637580558,0.8582905374781613,0.5738585769248965,0.5259383632964403,0.8993922310882436,0.5973405547695725,0.37373046107368946,0.8464976705745091,0.8993922310882436,0.6829140837866348,0.8867960431767519,0.9172347260035336,0.8724042835510757,0.8961308828316217,0.3799625737890042,0.8642985447139288,0.817891836671566,0.9995729386747716,0.8881595054994069,0.851153796957036,0.4951482461104887,0.8993922310882436,0.8843596565983225,0.8993922310882436,0.9172347260035334,0.9395759839394253,0.7709128636729377,0.9253688519211307,0.8814270131992574,0.5567808237645807,0.8116963900427685,0.925680950117113,0.8993922310882436,0.7016315817588898,0.6621927996433601,0.9080330366284639,0.8785401016887859,0.5765431908489487,0.9649067432343333,0.6880019323703828,0.8489613700399672,0.83449531009486,0.7878173646451987,0.5096338743366646,0.83449531009486,0.4936416665704575,0.9097421633544907,0.26271301617899345,0.83449531009486,0.9253688519211307,0.8642985447139286,0.902741203339785,0.9337242849578087,0.9200152252821033,0.8756960152361015,0.990338748542446,0.7856879905096841,0.5272676753527289,0.9031200523835075,0.8298223478885365,0.8616681034607223,0.896130882831621,0.9099317521606789,0.726179468293882,0.9520753766313144,0.5530692639936261,0.669924835866045,0.8252117663362921,0.18170974877957835,0.8616681034607221,0.9417626114543682,0.9061873961293254,0.8493514440122145,0.9782950783443082,0.856501611717714,0.9206340292374222,0.8907661651390302,0.90974216335449,0.9134191021410445,0.8262195075947647,0.8539618916939782,0.9868598685836286,0.9627319675460853,0.8785401016887857,0.7970253811999186,0.9377821213923416,0.8489613700399679,0.9750767117923151,0.981938664250443,0.8538549703121607,0.827509656271578,0.8029012821767436,0.7354242655571933,0.9134191021410443,0.7533949171332575,0.8310554840860191,0.8642985447139284,0.8898393963217797,0.9812473792743404,0.8443346508563903,0.8214192395195008,0.678668524241913,0.8808870709207712,0.8650025858991179,0.9329016612088761,0.9278229200043582,0.7312339682957294,0.9061873961293254,0.9417626114543682,0.7953141561623822,0.8565016117177129,0.9061873961293254,0.9933942044579587,0.7292838755700908,0.8221822071167648,0.892300166642851,0.8929489608197005,0.6846858119514418,0.9903387485424457,0.7020255141987614,0.8921764228239651,0.7209514311750642,0.9903387485424457,0.9134191021410445,0.7878173646451987,0.866963168156325,0.9411731642018818,0.9212094218042226,0.7931008126567498,0.9172347260035336,0.7407130596599871,0.9134191021410447
p278_I,0.7302092271223429,0.9163339973465923,0.8456737070075291,0.9756512568194128,0.9758994362393925,0.946258035412129,0.8371979754632202,0.8531553110681294,0.8628087882864626,0.9432628256129658,0.960886350956918,0.9808396689061133,0.9721820378192461,0.9231842997566406,0.9027452369168487,0.9324625980362256,0.9206732387984038,0.9022812459376928,0.9404006431802041,0.9432628256129658,0.8914825172232943,0.9529366743750116,0.9473606184418111,0.9798175375448483,0.990094017201337,0.9022812459376921,0.9206732387984038,0.9126333026427302,0.9432628256129658,0.8642244968307193,0.8930282606473354,0.9350052413014638,0.9184817171461355,0.8842347516782392,0.9758994362393925,0.9404006431802041,0.9299638429727952,0.9184817171461352,0.9462580354121288,0.9003870625528827,0.8565016117177149,0.9799701406110681,0.7987084122067193,0.9083097509249546,0.9010098990098927,0.782417500919719,0.9839674685144804,0.9422610511499967,0.9003870625528829,0.8988287569352165,0.9048463830468079,0.785462821698983,0.9022812459376921,0.7433471470063664,0.9509575491863042,0.8985159947466637,0.9346355708099481,0.6856702229525599,0.8994576352307606,0.9229124393123012,0.8660034226470061,0.9815241873347047,0.9395449643646789,0.9400757463595384,0.9376530086096915,0.8565426237828611,0.9350052413014638,0.8855347913425915,0.7753917691296885,0.9982522182750793,0.8877049890176529,0.9003870625528829,0.782364606040574,0.8600974137817241,0.6856702229525599,0.8380594322760744,0.9655033215314222,0.9142266602978069,0.9829021226820063,0.946258035412129,0.919257354708493,0.9782247305062937,0.824446992162498,0.9022812459376928,0.6856702229525599,0.8825207683757945,0.883943317437856,0.9099283016803439,0.9628366842581716,0.6989699092582711,0.6856702229525599,0.8722512319713729,0.823990138001288,0.9297266799843995,0.7542681931356705,0.8893548777543996,0.8951316673047223,0.839576033409581,0.9804718289955707,0.9113463003844144,0.970755146873232,0.932445449857132,0.9275522446953857,0.9035010313750724,0.8722057592922772,0.9404006431802039,0.8676123050779097,0.9136777622129552,0.969919637599182,0.9282483808806932,0.8475528129637409,0.9042000439512241,0.918387558339298,0.8708552650198256,0.932445449857132,0.9562325582180872,0.9588738543024724,0.9438962066300457,0.9462580354121286,0.8435452286945018,0.6307231127191004,0.8365455300348619,0.9101213268023749,0.8993022629554104,0.9395449643646789,0.9216699761848415,0.9299638429727952,0.8031117153000371,0.9808396689061134,0.9005283589274589,0.8427418772662418,0.9839674685144806,0.9350052413014636,0.989983576492583,0.9206732387984038,0.9983885175663375,0.9519518177296467,0.935005241301464,0.9350052413014636,0.7112670217969735,0.8889769790213089,0.9432628256129656,0.8565426237828608,0.8411444086656645,0.8914825172232941,0.8724902307321467,0.954186361457886,0.8409479654474654,0.9162320570522574,0.925635915701389,0.9432628256129658,0.895202150167639,0.9088006389406291,0.8305129246052401,0.9582291749307175,0.9003870625528831,0.9871486805158778,0.9709167163788563,0.9517996755947725,0.9324625980362254,0.9183875583392982,0.9129884941708224,0.9782247305062934,0.8219272501788121,0.8533836626942155,0.9126333026427305,0.9656883922956944,0.8843596565983227,0.9998939897295667,0.9127113681766141,0.9569057808979562,0.9252037445446057,0.8985159947466634,0.850147119164252,0.9505230645451834,0.9994013156599106,0.9404006431802039,0.8962261418443818,0.9517801630988367,0.9554799883628485,0.9046783479507619,0.9977130375864933,0.8985159947466639,0.7929264958075514,0.6933926688273147,0.9732371639010007,0.8435452286945018,0.9424217992594603,0.5306478622269655,0.8696700606673115,0.9399048586036758,0.8915313000367351,0.8956345869967561,0.9704176657899954,0.9296054847085656,0.6856702229525599,0.9299638429727952,0.9229124393123016,0.7209708066587961,0.8307792193442189,0.8722512319713727,0.7929264958075514,0.6856702229525599,0.8601959889787727,0.9704176657899954,0.9432628256129658,0.6856702229525599,0.8255516928853004,0.9420858227407478,0.8380594322760742,0.9517996755947726,0.8644023815981579,0.9252037445446055,0.6856702229525599,0.6341669839109727,0.68567022295256,0.9423100764371373,0.8796953582226248,0.8090015838865734,0.6856702229525599,0.919237913154078,0.6856702229525599,0.9693488011243081,0.8970614495800682,0.8808199067953637,0.8230100022103353,0.932445449857132,0.9115200681662383,0.7112670217969732,0.9473606184418111,0.9937166764217946,0.9880029397498307,0.995096515363096,0.9856521848429738,0.9350052413014638,0.8370598945955992,0.9445367060586113,0.8612222667022578,0.9357775636249706,0.9735629864071065,0.8791314954080303,0.9652524543463294,0.8878770571301755,0.9686400066736425,0.6856702229525599,0.7968266435591367,0.6856702229525599,0.8091288648502384,0.9106086590743896,0.9048463830468082,0.783010752688171,0.8907786677151228,0.9798175375448483,0.908608840141973,0.9101213268023749,0.9006967164580986,0.955855656546232,0.9878611285626893,0.932445449857132,0.9900168733886221,0.8652642255150518,0.9773608911290623,0.6989699092582711,0.9931284229919284,0.9067163900117081,0.9462580354121288,0.8490779672106865,0.8707693232042875,0.7548345210794776,0.935631180290885,0.9925445761687612,0.6379324236272617,0.8129026546502995,0.871965848771332,0.9322614686173541,0.9404006431802039,0.9928443534876483,0.9086088401419734,0.9446884865801572,0.9989748688295452,0.9404006431802039,0.969161661543704,0.8405078657595508,0.9931284229919284,0.8825982719080667,0.8894628186153251,0.932445449857132,0.8842347516782392,0.9346846814992045,0.9229124393123014,0.932445449857132,0.9645105128281708,0.7544169386321904,0.9404006431802041,0.7752867700346924,0.8880169523355719,0.8365455300348617,0.9561283541110531,0.9438962066300456,0.9275522446953857,0.9737394147108267,0.9229124393123016,0.935005241301464,0.9474249368874276,0.9791100127950296,0.932445449857132,0.9003870625528831,0.8964863222730699,0.9692002530510093,0.9607856449884882,0.9352167665340159,0.8792318840935981,0.8910546297980166,0.9514444260793283,0.9154069846997561,0.9961565139931364,0.9935786529621748,0.9961565139931364,0.916763017547936,0.942085822740748,0.900832058342713,0.9645105128281708,0.6856702229525599,0.9350052413014638,0.9182141149920253,0.9022812459376932,0.9404006431802039,0.9513961626258348,0.9252037445446055,0.6856702229525599,0.990094017201337,0.7703414813454202,0.9899835764925831,0.9459797321596405,0.961545906107456,0.9061450951233825,0.8514635911628986,0.9358433911850901,0.7775244447977978,0.7300015664022961,0.9184817171461355,0.7952255655305929,0.932445449857132,0.9818195492873292,0.7315444616544928,0.9163339973465925,0.9632552492862532,0.9462580354121288,0.9192371561388203,0.916763017547936,0.984772929578184,0.9206732387984038,0.6989699092582711,0.912458190363224,0.8622112935825186,0.96036691838544,0.936588795974147,0.7414801668228583,0.6856702229525599,0.8369525677660963,0.7636811486269084,0.9846889590045791,0.8601715348988983,0.9961565139931365,0.9127113681766144,0.6856702229525599,0.6856702229525599,0.8795558809732855,0.9935786529621748,0.9374797053735169,0.68567022295256,0.9355758535992388,0.9275522446953857,0.9569057808979561,0.8533836626942155,0.9672144831048354,0.9275522446953857,0.8912369310715329,0.924723319484639,0.7607392710856498,0.9575989146253555,0.6856702229525599,0.8556474326498935,0.9126333026427302,0.9659765620285055,0.8583664615605737,0.9379823487419271,0.9097273737144631,0.932445449857132,0.9573697022268969,0.6856702229525599,0.7943388436956829,0.8368727250734075,0.8221273223112764,0.8654304714080994,0.6712066004507788,0.8672091768155121,0.962001961701989,0.6856702229525599,0.9609391628261605,0.9224611170473791,0.6856702229525599,0.6647331964434633,0.8115177595594625,0.7968186918205677,0.7788424809326613,0.9689099386401616,0.6856702229525599,0.9549404804699346,0.9088006389406291,0.9376530086096915,0.8275918555773014,0.9038945655367587,0.8970614495800682,0.9583544686765917,0.8518325205937483,0.932445449857132,0.8961349836168875,0.8638670046962087,0.9081181966045127,0.8806032879693566,0.8637443752107605,0.8155292675303616,0.7779424286970983,0.9350052413014638,0.9022812459376932,0.6856702229525599,0.9438962066300456,0.9444720616003701,0.7965177700113668,0.955855656546232,0.9678494623655911,0.6655394544356327,0.807316601915268,0.9703287678830983,0.6655394544356329,0.960886350956918,0.9274061806725942,0.9560464317857673,0.8772853936381586,0.9489763235372801,0.9982522182750793,0.8477342390586151,0.6326725516297502,0.9588738543024724,0.9473606184418111,0.9878767438551801,0.924723319484639,0.9432628256129658,0.8188537173775792,0.9762600943374635,0.8619735183901875,0.5275242310999435,0.9937166764217946,0.9182141149920253,0.9839674685144801,0.9492912834176326,0.9122177014789306,0.8984739487221407,0.9396813390495187,0.8649179394762065,0.6694833772179438,0.9276398400468777,0.8549439478440667,0.9659765620285052,0.8644023815981579,0.9652524543463297,0.7560070311319584,0.9762186164107425,0.9756512568194128,0.9396813390495188,0.7387000068598002,0.7398397929480118,0.7111123734663687,0.9630895108299646,0.8240511646791948,0.9320055225938175,0.7739461686095093,0.932445449857132,0.8682613110480901,0.91695863125853,0.9790111546477847,0.7813438048343829,0.9982522182750793,0.9523071161715412,0.8456737070075289,0.9376530086096915,0.9601131139678032,0.9206732387984038,0.9206732387984038,0.9883880331853732,0.998252218275079,0.8930282606473359,0.7940495782156358,0.8757895304704921,0.9252037445446055,0.9252037445446055,0.8035357115724899,0.8970614495800682,0.6781138212702618,0.8411444086656645,0.6856702229525599,0.9376530086096917,0.6856702229525599,0.6856702229525599,0.9538128337748035,0.7779424286970985,0.9492912834176328,0.6856702229525599,0.9384942547187188,0.8123008564876972,0.6487110495965891,0.9155670242717399,0.8305129246052405,0.9747218629219112,0.9202538117870076,0.8823144159937876,0.9693431399377672,0.962001961701989,0.9154821495364776,0.5630682619501788,0.8825207683757952,0.8603245268714905,0.999792885629691,0.8930282606473359,0.9074373046304508,0.9686400066736425,0.7965986273826166,0.9376530086096915,0.8518325205937483,0.932445449857132,0.9703250629992641,0.7616033112975066,0.9799701406110684,0.9081181966045127,0.9407243130103664,0.9595492191461488,0.8952021501676386,0.8956696942089951,0.8507670614667088,0.9839674685144804,0.6800433072039428,0.9703287678830984,0.8774549020235314,0.9976453864514688,0.9034507978559554,0.47778404797553586,0.818971770121748,0.9206732387984038,0.9756841535776561,0.8426181754406725,0.9808396689061134,0.9659765620285055,0.8948378117301921,0.9899835764925832,0.8069611937921394,0.8700153915217441,0.853818491848904,0.7824445211371707,0.9121566723282286,0.9556928279091391,0.9835910369412497,0.6856702229525599,0.9350052413014638,0.8808199067953637,0.6856702229525606,0.9181854098502649,0.9247233194846389,0.9686400066736423,0.8948378117301921,0.823990138001288,0.8956696942089953,0.930879624339378,0.9961565139931364,0.892948352524592,0.960886350956918,0.9776400619758954,0.6655394544356326,0.962001961701989,0.9550971031708261,0.9634826862601762,0.9832318780369318,0.9808829460239417,0.9959198042184424,0.8982941717370176,0.9687695595836345,0.855539121364187,0.8734765902991458,0.8020592119962244,0.9622514194464207,0.9961565139931364,0.9101213268023749,0.9299638429727954,0.9016110634666046,0.8538184918489043,0.9120895260426461,0.6989699092582711,0.8550443936873219,0.7952255655305929,0.9899835764925832,0.9768406257601427,0.9645105128281709,0.8825207683757945,0.9282997181204365,0.9420850922811461,0.801039125334248,0.8930282606473359,0.990094017201337,0.6748682391418435,0.9142266602978064,0.6989699092582705,0.9350052413014636,0.9899835764925832,0.6856702229525599,0.757954323755097,0.8787243595819563,0.85072596140692,0.885962571287352,0.68567022295256,0.8589182034812153,0.8565426237828615,0.9827983327295369,0.8070438511128338,0.8628087882864626,0.8988287569352167,0.9935455190821888,0.9646154905353037,0.8966666666666665,0.8128105746260356,0.9653020276250281,0.8441441538596661,0.9376530086096917,0.861222266702258,0.8985159947466639,0.9645105128281708,0.9735629864071067,0.9462580354121286,0.8966666666666665,0.9686400066736425,0.9899835764925832,0.9163339973465923,0.970755146873232,0.9275522446953857,0.8280824823508026,0.8860894811556448,0.9982522182750793,0.9758994362393925,0.9529366743750116,0.8116500091867029,0.9265086557693248,0.6989699092582711,0.9048463830468081,0.6781138212702615,0.6989699092582711,0.6989699092582711,0.5302564626672182,0.6856702229525599,0.8118514679140411,0.6317522383853968,0.6856702229525599,0.9061450951233827,0.8124622435075339,0.9438962066300457,0.932445449857132,0.7294945050968881,0.7709139895948853,0.6989699092582711,0.8758872719190753,0.889536817772761,0.9473606184418111,0.9493218190757751,0.6856702229525599,0.8676123050779097,0.9645105128281709,0.9782247305062935,0.9554056298119482,0.8692294415124868,0.9404006431802039,0.9798175375448483,0.9101213268023749,0.9106086590743896,0.990094017201337,0.9757533722166009,0.8375740315947406,0.945764327133078,0.9622514194464207,0.9673581791985437,0.9142266602978071,0.9438962066300457,0.9003870625528829,0.9839674685144804,0.8967945389048221,0.9512711495147097,0.6856702229525599,0.9275522446953857,0.8572801817680797,0.9961565139931364,0.8779063649381429,0.9206732387984038,0.8359993622116432,0.8779319893359572,0.6655394544356327,0.9860505917858686,0.9834418864104257,0.6856702229525599,0.6856702229525599,0.6240820880814009,0.8734765902991461,0.9962981125733233,0.8994576352307599,0.8460362824838279,0.9268985259135987,0.7936302277196012,0.9650452662581608,0.9420850922811461,0.8598191028367776,0.6856702229525599,0.6648427829602611,0.9350052413014638,0.9462580354121288,0.7807710991870644,0.9404006431802039,0.9536472544439596,0.6856702229525599,0.6856702229525599,0.8869059606734878,0.9275522446953857,0.9996865484054006,0.9529366743750116,0.7960489146934002,0.8565016117177149,0.0,0.8565016117177144,0.7638815170629458,0.8320209925611661,0.68567022295256,0.8791314954080307,0.9518886196759313,0.9299638429727952,0.9982522182750793,0.8264421262621757,0.8112897802113503,0.8854697197902375,0.8825207683757945,0.9798175375448483,0.9144092287610688,0.6856702229525599,0.9459319940194428,0.9790111546477847,0.8843596565983227,0.9396286871775941,0.9729549628175724,0.870966717874007,0.9223156870059126,0.7915243690544616,0.9376530086096915,0.8840245820004138,0.8501694501367523,0.6781138212702632,0.9432628256129658,0.9419297756780971,0.7996090066464223,0.9653213242124636,0.9883880331853732,0.6989699092582711,0.823010002210335,0.9931252770634839,0.9949598499265347,0.8125397800536625,0.9899835764925831,0.9634826862601762,0.9462580354121288,0.9899835764925831,0.9752059632817931,0.8507670614667088,0.9609391628261608,0.9275522446953857,0.9961565139931365,0.9529366743750116,0.9121566723282286,0.7823891620836405,0.962001961701989,0.9252037445446055,0.7764078206837789,0.90900273454025,0.9299638429727952,0.9393895370660708,0.8280080728082361,0.9316730110197919,0.9076233138548377,0.6856702229525599,0.8456737070075291,0.9757533722166009,0.8840573482979428,0.9432628256129658,0.9420850922811461,0.9061450951233827,0.9545038766554692,0.6856702229525599,0.901509794388344,0.8489013610745824,0.9061450951233825,0.9327816956394686,0.9244733489600132,0.9020199913870522,0.9350052413014638,0.9596067197820779,0.753913203359454,0.9118116119982467,0.926508655769325,0.9081181966045127,0.980422292448163,0.9462580354121288,0.9473606184418111,0.9758994362393925,0.9791100127950296,0.8795558809732856,0.9673581791985437,0.8538184918489037,0.793026413278459,0.9275522446953857,0.6989699092582711,0.9384056664180461,0.8252844515670326,0.9026775343833238,0.9244967905052466,0.8948401256173161,0.6856702229525599,0.9477024499607622,0.8050570472652656,0.8894628186153253,0.6856702229525599,0.8814866838286846,0.9620019617019888,0.9404006431802039,0.7387000068598001,0.6989699092582711,0.8700153915217441,0.9859275987813498,0.8994346345135197,0.9570057010001997,0.9286461262885566,0.9081181966045129,0.7754173257362296,0.6856702229525599,0.9965591397849464,0.6856702229525599,0.9404006431802039,0.9556998288469057,0.8605618022541677,0.9462580354121288,0.964804590216153,0.9479936575220589,0.9908143548824557,0.8894628186153253,0.6856702229525599,0.8928624729464996,0.9997426847574193,0.9220996502561909,0.996862998845963,0.8375740315947411,0.9883880331853732,0.8300791041563261,0.9253930751088408,0.70560594718887,0.8739518939582047,0.894840125617316,0.70560594718887,0.9231842997566406,0.935005241301464,0.8365455300348617,0.70560594718887,0.9462580354121288,0.9395449643646789,0.9703287678830983,0.9648743477731463,0.9721820378192461,0.9253930751088408,0.9061450951233827,0.8456737070075291,0.8791314954080309,0.9866030402791097,0.9086088401419736,0.9529082331312293,0.9721820378192461,0.9121566723282286,0.9101539932150122,0.8894628186153253,0.8596424572452426,0.8707693232042875,0.7593428184468428,0.8692294415124873,0.9895844092102013,0.9299638429727952,0.932445449857132,0.9444720616003699,0.902578441447023,0.8966666666666665,0.9253763440860214,0.9141970393007293,0.9350052413014638,0.9376530086096917,0.7177877027019002,0.9650166107570195,0.9041308727528798,0.9468476925571214,0.9276398400468784,0.689089593428514,0.950107672001856,0.8912369310715333,0.9758994362393925,0.832474509502011,0.9003190573751396,0.8757895304704919,0.886133027451462,0.922584781644067,0.895920748243598,0.9531239189732771,0.8333906472419883,0.9022812459376919,0.9206732387984038,0.9998939897295667,0.94849207411803,0.8694177891416841,0.9276121546275617,0.9142266602978071,0.7344258382447716,0.9252037445446055,0.9350977706063666,0.7418566605530867,0.9839674685144806,0.9798175375448483,0.8380594322760744,0.896666666666667,0.9839674685144806,0.9655733010862089,0.875219552544567,0.7346333345958844,0.9229124393123016,0.9229124393123014,0.9339383990695751,0.78550777322242,0.861222266702258,0.932445449857132,0.8913387521486209,0.9446884865801572,0.9931284229919284,0.9274415389579924,0.9799701406110684,0.9798175375448483,0.9432628256129658,0.9392085842254891,0.9438962066300457,0.8550877659684467,0.9376530086096917
p278_L,0.8707955451918714,0.949702821387577,0.839863049800198,0.9784698031455157,0.9372344714402789,0.9253688519211307,0.961776636862927,0.996057013655474,0.8319650172278279,0.9212094218042226,0.7281075123001419,0.9696724395861309,0.9329016612088759,0.9423469173118804,0.8702902432560242,0.7730117451851699,0.9356957241686945,0.8642985447139284,0.856357788931753,0.9212094218042226,0.7975342693778877,0.7708756350468654,0.9338358212159394,0.9417626114543682,0.7179393132421803,0.8642985447139284,0.8310167964629789,0.8593962429851332,0.9212094218042226,0.8606717020299128,0.8785401016887857,0.951525861158216,0.8867960431767521,0.8646979598369935,0.9750767117923147,0.9922022799705809,0.6680233073997988,0.8406911589432831,0.9253688519211307,0.9086749297455424,0.8007246376811596,0.866963168156325,0.9752737206364959,0.9240750749170032,0.9705887000705997,0.8726932126773355,0.6098857693585711,0.8029012821767434,0.8225535671978906,0.8064907104924686,0.9515258611582158,0.9833246124819264,0.893465545817623,0.883813517405303,0.9889883423817387,0.8590697626746646,0.8590697626746646,0.8993922310882436,0.8429047946328563,0.6417574820158256,0.8139197462693821,0.8177766435217085,0.8934655458176233,0.8225296442687748,0.9134191021410443,0.7861999780989191,0.9933095589619414,0.8577735233398742,0.9337297508051356,0.9469207829576384,0.8952501289971454,0.890375224309939,0.9372344714402789,0.7407010302944559,0.8993922310882436,0.8208846297962414,0.9943104640015846,0.9460546403839525,0.9174809986774626,0.9249165419327743,0.9786384251155433,0.9300014988735692,0.9812473792743406,0.8642985447139286,0.8993922310882436,0.9113933514105902,0.9304719414430938,0.8918459528076785,0.9150898372765605,0.8961308828316215,0.8993922310882436,0.9438766497141196,0.8177766435217089,0.997898957074359,0.9363572562098184,0.9346986066201735,0.9102806034975863,0.8977544991765876,0.7431204823751236,0.8071917407231508,0.91561268213489,0.9868418685480091,0.7978698460954707,0.9391506279271904,0.5981315066401864,0.5846688068540971,0.6997878252083116,0.8107658512692744,0.9377821213923416,0.7117086268512327,0.9000029539952632,0.896616495658181,0.8478207065909875,0.7570015062294772,0.650213005567913,0.8632150558877831,0.8498126246633048,0.9172347260035332,0.9253688519211307,0.8088601047042676,0.9482164295783597,0.9739024199009687,0.8744295702264889,0.8785401016887859,0.6981964387306528,0.6621533601774745,0.6680233073997989,0.874945067015586,0.9696724395861309,0.7736452528338301,0.7669388152455527,0.932503659033307,0.9933095589619414,0.9752737206364959,0.9247323722236849,0.8888972252279981,0.9668059077452097,0.951525861158216,0.5470697651970766,0.9287407729092754,0.7801742980337476,0.6046145530539153,0.719232571191649,0.9346933980357166,0.9586967454656923,0.8229279382562937,0.8715520320698655,0.8426358808114718,0.8616681034607221,0.9415972144812144,0.8891201681390328,0.928191664608593,0.9097034792936665,0.8039807896790847,0.9933095589619414,0.8616681034607228,0.9322141066357127,0.9019452575929183,0.9602670981239118,0.9739024199009687,0.8564571048470759,0.932503659033307,0.9601701237080076,0.8374714637752942,0.9241432472298107,0.9662972267829532,0.9250878662315587,0.9158102766798417,0.9263171362637793,0.8501636656220541,0.9784698031455157,0.6993905550185731,0.8590697626746648,0.7774153406968627,0.9416148150954211,0.9507968637523908,0.9172347260035334,0.9929566511411142,0.8416368978310873,0.9367146034407847,0.9596253625545408,0.8814864939494691,0.801672720563982,0.9329016612088759,0.917894800375068,0.7028102777580175,0.8088601047042672,0.8936165767525226,0.883813517405303,0.830222887606421,0.9645325849988504,0.8544466580110088,0.9516422843518957,0.8602364316246569,0.6832838130380914,0.8993922310882436,0.9027412033397848,0.8565083545532761,0.8468337236578865,0.9677624037587893,0.9313070303891744,0.9935567820366139,0.8993922310882436,0.924606811973245,0.7463313356254764,0.9212094218042226,0.8993922310882436,0.9585546647054799,0.8814261386926305,0.8155142200592977,0.8782536185352056,0.8570262045124727,0.896130882831621,0.8993922310882436,0.8560443260552528,0.8993922310882436,0.891149610257342,0.9075455337936392,0.899579372731053,0.8993922310882436,0.6931568245129895,0.8993922310882436,0.9204527083650015,0.8622547711115849,0.891594428112133,0.9576332886921313,0.9465146323386673,0.8390265515294388,0.8929489608197003,0.6054276462975794,0.9099317521606789,0.9739004319442772,0.8492335997063474,0.9920003341802428,0.9933095589619414,0.8067852437417653,0.8649538734463,0.9696769519198194,0.9038801420377738,0.8721962838262697,0.8321506231964102,0.8898393963217797,0.9658303776842916,0.892948960819701,0.8993922310882436,0.9411059021731607,0.8993922310882436,0.7848544183385708,0.7490074950857203,0.9097421633544907,0.8370598945955987,0.8390265515294388,0.9027412033397848,0.8542071110265854,0.7805354160359033,0.9400449662246345,0.8910264359580939,0.7978360964797413,0.9061873961293254,0.9913304772938245,0.8402982659388702,0.8302964545846392,0.9329016612088763,0.9997376336428517,0.9139504732212262,0.9253688519211307,0.8736635385762344,0.7867719569067826,0.896616495658181,0.7626277832154535,0.9418761286282693,0.9097421633544907,0.9103325051578914,0.9117203215459997,0.9661573188773043,0.5846688068540971,0.7117086268512327,0.8542071110265861,0.9191553769542392,0.9735880250265535,0.5846688068540971,0.7416407659695863,0.813717959994168,0.7826294731025905,0.7985559379258662,0.8992865236029115,0.7711947141959391,0.7788553920019081,0.6835306018343565,0.7133411061949764,0.9061873961293254,0.8921764228239649,0.7619304590827782,0.9172347260035336,0.8786950805193754,0.8730754581330811,0.9256522427411317,0.8920544948995285,0.9922022799705809,0.9750767117923149,0.9764965868575897,0.9280919787324254,0.8813393476268829,0.7064989854055379,0.9067994193325841,0.851849186614623,0.9190823451591561,0.9164953610024061,0.9519850001718395,0.8441208612014641,0.8308558218739313,0.9723776734932787,0.979530410403995,0.793596987644134,0.9486795719980377,0.9365377706532191,0.8544466580110088,0.9686270243184087,0.7533949171332572,0.8814261386926305,0.9447086274384456,0.9728308952426489,0.8993922310882436,0.9097421633544898,0.7243298006755161,0.9809665491287067,0.5846688068540971,0.9563160015347995,0.9935567820366139,0.8993922310882436,0.43625685067042774,0.9172347260035334,0.9752737206364961,0.5850432492470705,0.8150645147838851,0.8696642492046922,0.9097421633544907,0.8906417638020836,0.8838076804087802,0.9996217758139353,0.8867960431767521,0.8573662837698657,0.9061873961293254,0.966539859311593,0.9603772619755435,0.883813517405303,0.9176525482557552,0.8251068045020443,0.8281231165120251,0.9156189095742933,0.8362798991484661,0.6565519169534522,0.8961308828316215,0.9473887865940548,0.805117837911651,0.7163886227856824,0.7846250440884133,0.9435132052899856,0.8993922310882436,0.8704998336661087,0.8620322227114252,0.8673952205917312,0.8610434789932611,0.9686270243184087,0.8849555468420471,0.8993922310882436,0.8993922310882436,0.8616681034607221,0.89940993957737,0.9918167575124655,0.8993922310882436,0.9212094218042226,0.8993922310882434,0.9159524907976788,0.9671373999129147,0.7788756487680994,0.9113965671515779,0.9104268231948249,0.9943104640015846,0.9086157126698041,0.8206947598881384,0.8993922310882436,0.9205937947274887,0.8593962429851332,0.8498279390659496,0.7577775791826493,0.7767535972141528,0.7901189939777903,0.9061873961293254,0.6776608663350117,0.8993922310882436,0.8137742648925671,0.9023654464565152,0.9901255540650413,0.9166030782918224,0.9417626114543682,0.8608541223526678,0.8867960431767519,0.8993922310882436,0.8428102138526528,0.9769621475288917,0.8993922310882436,0.9638961135870936,0.9197090120711973,0.9846601289650441,0.9354298283560882,0.690127425609318,0.8993922310882436,0.8227234044483788,0.8577735233398742,0.869472737318695,0.7457527256678789,0.786433282014328,0.8392043814442107,0.8416529682133569,0.9709098918537328,0.650213005567913,0.9284481156139277,0.7953141561623831,0.9338358212159397,0.7438449599681294,0.9595029901842815,0.8049446775692435,0.8724042835510757,0.6306371608045279,0.8731984453528208,0.8993922310882436,0.9469207829576383,0.9821468422331385,0.7616449072612981,0.8808870709207712,0.5584794457895179,0.9287407729092754,0.9089472837909878,0.9807840195689514,0.9287407729092754,0.9887777901528662,0.8735543267995425,0.7166256956976087,0.9668059077452094,0.9893365027100924,0.9172347260035336,0.7654838048890944,0.9212094218042226,0.9504069818881509,0.9125853346219002,0.9003150628912606,0.8666334188846029,0.9212094218042226,0.7917402114340243,0.8593962429851332,0.9230739297313353,0.9559231506618933,0.8780124908814335,0.8358512330592893,0.9061873961293254,0.941079384442943,0.8940052700922267,0.9928287916704105,0.8889867521198009,0.8661396574440055,0.988777790152866,0.8785401016887857,0.8701012487387999,0.9066696825742986,0.9389896303738567,0.8659097723648841,0.8137179599941675,0.7615767506681437,0.9520753766313144,0.9601701237080074,0.9952673588808036,0.9463466002520927,0.9786384251155433,0.7280766391726192,0.8998328740391308,0.7243697373376102,0.8059310715267134,0.9465146323386673,0.9410850470579876,0.9482133743789329,0.8610434789932605,0.9751646903820816,0.8563577889317534,0.8943892051901592,0.827293430475253,0.7392078409945391,0.7421888307704925,0.7961238205610738,0.9247323722236849,0.9649067432343333,0.9172347260035332,0.9327223474313895,0.9598263504967506,0.924075074917003,0.662619776641319,0.896130882831621,0.9174809986774626,0.95445632978108,0.9596253481255899,0.9724514508744552,0.8993922310882436,0.5655213125623331,0.8993922310882436,0.8993922310882436,0.7074737191284055,0.8724042835510757,0.8901584347056433,0.8993922310882436,0.8365271551268798,0.7470735150213648,0.9461095570705991,0.9725261267956617,0.8615740628146114,0.6131133862770036,0.89940993957737,0.9696769519198195,0.7344892377260073,0.8406911589432832,0.9824851409715574,0.9568407342490961,0.88720715892009,0.9499226414111995,0.7862279856886558,0.8505486695981962,0.9889883423817387,0.9996756029115751,0.8091295157080876,0.9134191021410443,0.7574104285185992,0.6098857693585711,0.8248675029173149,0.8780124908814333,0.8068502293232571,0.9338358212159394,0.8226776298101708,0.6163457260373473,0.8367741299372242,0.8724042835510755,0.8235049062805434,0.9465146323386673,0.8780124908814335,0.7460661236289656,0.8287909681787691,0.7885429055680484,0.9407898534834993,0.9515258611582162,0.9859064740957941,0.8898393963217799,0.8525474692229741,0.992487164721943,0.9935567820366138,0.9309953985192001,0.9812473792743404,0.9249165419327741,0.859318466658274,0.9050027634722617,0.8295844697893862,0.8322398755260962,0.9418510134399245,0.8853051607789586,0.9762244080823411,0.8993922310882436,0.6306371608045279,0.9589999745462268,0.8993922310882432,0.9069090419812991,0.9099317521606789,0.9996756029115748,0.6791310427162562,0.7593691010498389,0.9952673588808036,0.6786591158546051,0.9212094218042228,0.6918626526346272,0.923610220689685,0.8095519676418692,0.9287407729092754,0.9889883423817385,0.9850237314416194,0.9707473148187092,0.8998328740391306,0.9797382586464363,0.9438155108481573,0.987404265816247,0.8025071950277409,0.753394917133258,0.7332057924360187,0.9658391882668839,0.8785401016887859,0.9839553731674051,0.9690801727892031,0.9417626114543682,0.8389302236718785,0.9188016156964056,0.8296846983575321,0.8961308828316215,0.7839736356492892,0.9530974531666601,0.9253688519211309,0.8968275820520428,0.9061873961293252,0.93755703133742,0.7421888307704926,0.9559231506618933,0.8629251931757829,0.8234575467268944,0.9690801727892031,0.798555937925866,0.8808870709207703,0.896130882831621,0.6306371608045277,0.9752737206364959,0.8993922310882436,0.9570787160824574,0.862515186111666,0.8564571048470758,0.9522965200837623,0.8993922310882436,0.9278229200043582,0.9961559494524527,0.8824828972729084,0.8464976705745091,0.943218574940366,0.9022712097485509,0.8039807896790852,0.9498130781424883,0.9122177014789306,0.9510460482764351,0.7394358125205986,0.926980147113194,0.6089429446703847,0.7243298006755152,0.8590697626746644,0.932503659033307,0.9553394119369609,0.9752737206364959,0.8927759843568142,0.7849247303741269,0.9253688519211309,0.8838135174053028,0.6320439621833052,0.9372344714402792,0.9980694720126077,0.9293723453220912,0.9625162230164763,0.8993922310882434,0.8780124908814335,0.8660664554594937,0.7883567843866359,0.8961308828316215,0.9231230454306081,0.9247323722236847,0.8961308828316215,0.8961308828316215,0.8392374849683436,0.8993922310882436,0.9247323722236849,0.9994428908841724,0.8993922310882436,0.9191553769542392,0.9076164564417568,0.992202279970581,0.650213005567913,0.913419102141044,0.902741203339785,0.8961308828316215,0.9144864836530954,0.7908608713208003,0.9031200523835077,0.753982867553425,0.8993922310882436,0.9314059401137063,0.932503659033307,0.8998328740391308,0.9851814440714206,0.7397881962121882,0.9625162230164761,0.9411731642018819,0.8751860185986184,0.9461095570705993,0.8744295702264889,0.5708164039832561,0.9307016541888506,0.8691808001986907,0.8234575467268933,0.8866085358410771,0.9236102206896848,0.992202279970581,0.890375224309939,0.650213005567913,0.8611405528799293,0.7390134866773814,0.8993922310882436,0.9870810478556493,0.9366780717770894,0.9212094218042226,0.9011254468862913,0.656551916953452,0.923610220689685,0.8531673850061894,0.9287407729092754,0.9605558350818657,0.8171315447563339,0.8993922310882436,0.8993922310882436,0.9507147838690173,0.6578840797470114,0.8358512330592894,0.9578004988107829,0.7109961407420815,0.8493529380391467,0.7325675049004718,0.7015124111707944,0.866963168156325,0.8111920303698454,0.8993922310882436,0.7577743030118225,0.6306371608045279,0.9253688519211307,0.9530900052588132,0.5846688068540971,0.9192616648245371,0.8993922310882436,0.8993922310882436,0.7957401052286472,0.9492388075036137,0.7143701005574215,0.770875635046866,0.9500221889089313,0.8007246376811596,0.8565016117177144,0.0,0.6721036605310426,0.9961658243411983,0.8993922310882436,0.9707473148187092,0.6885094212766354,0.5899804911706321,0.946920782957638,0.9569146673376987,0.932630117597206,0.8939713957558899,0.986918160036585,0.9417626114543682,0.7553756045726285,0.8993922310882436,0.7071088741408218,0.9123820951287551,0.8007246376811596,0.797009378527952,0.8240216665019253,0.8838135174053028,0.9023560189821773,0.8272614952593138,0.913419102141044,0.7583248255255974,0.8184109079546729,0.9247323722236849,0.9212094218042226,0.9423469173118804,0.893465545817623,0.7120977841527507,0.9097421633544907,0.8961308828316215,0.9847363766110007,0.91561268213489,0.7982830105819394,0.9995274441909644,0.9752737206364959,0.7490074950857202,0.9748214106481393,0.9752737206364959,0.8581555195360443,0.8931535433523747,0.7942406984776214,0.9750767117923147,0.9686270243184087,0.7708756350468657,0.9737702747191699,0.7391580145953236,0.8867960431767523,0.9329016612088759,0.9430300192145461,0.78995237107395,0.863130347972715,0.9877840833001517,0.9365682876192555,0.7001742283648078,0.8185210267410559,0.8993922310882436,0.9937151903375274,0.9372344714402789,0.7626034921967884,0.9212094218042226,0.8669631681563248,0.9300014988735696,0.8202715572296437,0.8993922310882436,0.6786591158546051,0.9085594827345286,0.8588181272853631,0.6810987166300175,0.707108874140822,0.6790663687470524,0.6306371608045284,0.6978525212060052,0.8888972252279981,0.7303397327062722,0.9824413784662902,0.9125853346219002,0.843257579930278,0.9249165419327742,0.9645515900483717,0.9372344714402789,0.725172743884575,0.7938464463486743,0.7322240880671149,0.8135469465825352,0.9302007141279779,0.8735543267995427,0.8961308828316215,0.8426358808114718,0.7978360964797415,0.7574104285185996,0.8660614309565995,0.9498550762506004,0.8993922310882436,0.7274653059253169,0.9961286764637192,0.8367692112550749,0.8993922310882436,0.7516809557057982,0.94288345814827,0.5846688068540971,0.9433011034543323,0.8961308828316215,0.9747622427638456,0.9517995480250123,0.6876754074727391,0.9147585594844331,0.9811725800715083,0.9338358212159397,0.908040938681719,0.8993922310882436,0.8649179394762065,0.8993922310882436,0.9172347260035334,0.9905106596169725,0.7908938497399354,0.9253688519211307,0.9812473792743402,0.8865861431639532,0.857026204512473,0.8367692112550749,0.8993922310882436,0.8577784032474605,0.9121872473659294,0.7670205762880888,0.9598134703026913,0.8321506231964106,0.755988254215707,0.8514489788174839,0.8756960152361013,0.8915944281121329,0.8296846983575321,0.8520281424919482,0.8915944281121329,0.9423469173118804,0.7559882542157069,0.9256522427411317,0.8915944281121329,0.9253688519211307,0.8642985447139289,0.9417626114543682,0.8854741077979715,0.8464736685275933,0.8756960152361011,0.8998328740391306,0.9313070303891748,0.87219628382627,0.881869565789468,0.8542071110265863,0.8616681034607221,0.9329016612088761,0.9418510134399245,0.9901316954354182,0.6784026521698672,0.8714840103823687,0.9585546647054799,0.8730257376938855,0.8183996995703313,0.9373820505947594,0.9027412033397848,0.5695585331492292,0.8493514440122145,0.9163628532094457,0.837059894595599,0.9484920741180302,0.868799944398458,0.5470697651970766,0.6089429446703851,0.9404624926714931,0.8814270131992583,0.8943197941406733,0.88720715892009,0.6067285637564785,0.9388398378180227,0.8744295702264888,0.8756960152361017,0.6086586443352919,0.8130909769002965,0.9522612428073793,0.5689564771945128,0.8248675029173145,0.8251208563789312,0.9997376336428517,0.966539859311593,0.9463161534797555,0.893465545817623,0.8898393963217797,0.7340612857268178,0.8503952569169961,0.9331534170286986,0.7032389077682981,0.5326048039105991,0.8920544948995284,0.8832444469048485,0.7886928914270683,0.8514979430827248,0.9061873961293254,0.6680233073997988,0.775114092265468,0.8565016117177131,0.9728308952426489,0.863502026769897,0.7658955352989161,0.8424463430578737,0.9287407729092756,0.6775492941054011,0.820251970411026,0.9300014988735692,0.9188016156964058,0.8518491866146228,0.8473552501325188,0.7984808776164867,0.6089429446703851,0.8087510315013653,0.8365035568251131,0.9417626114543682,0.9686270243184087,0.8935461500146489,0.9172347260035334,0.8936541944926127,0.5655213125623331
p278_M,0.9181831942660226,0.808821713355514,0.6473617079482434,0.8709729851023771,0.9230254244308758,0.8771986663044034,0.9900862325868502,0.9845037007895585,0.43651244644897036,0.7597088814001953,0.8040064111587777,0.9700992841550046,0.9151513019934767,0.7680126622211974,0.9033816603888404,0.9399602744470104,0.9820710782589648,0.7767109293836367,0.9344686952739127,0.9073482152003542,0.6968219349407831,0.8241788114475812,0.9098656337910704,0.8556016412549079,0.7946256519630466,0.5861452570472574,0.8187369563429276,0.7089488004367581,0.9073482152003542,0.736267265477315,0.6526353873414807,0.981878908124064,0.8403049825412701,0.7083496941498988,0.9525486973316641,0.9344686952739127,0.8704093710370473,0.813729290847534,0.7723940797883342,0.7723826870556425,0.7061267603317403,0.663675333505487,0.9940010842734908,0.8318000999141995,0.8187369563429274,0.6937959074437037,0.8456366655300414,0.48458592357955876,0.7947790397858991,0.5898471478013136,0.8551297491874893,0.5646344984444043,0.6089003932461541,0.8607757469181776,0.8407867171339052,0.8342766569375188,0.9892716291785044,0.8344556057285131,0.7257863134445969,0.823853568875186,0.4681632813229256,0.6002166622432217,0.8364517552351199,0.961300008836971,0.8914121598918372,0.5403240270145255,0.8514858339733076,0.7159379385484655,0.9084597506325789,0.8991415586870481,0.7434039261172423,0.7947790397858989,0.9820719702324521,0.24136818513425617,0.8344556057285131,0.6457223826835796,0.824178811447581,0.8548480082641419,0.4282359543472225,0.8771986663044034,0.8655232076563548,0.8326130329527142,0.7597025513876658,0.8449763379803268,0.8344556057285131,0.7511985491255619,0.8988858889968119,0.6771363274268549,0.8853887341331687,0.8290892416048379,0.8344556057285131,0.6635913067620822,0.7531852169872144,0.5547356260430647,0.931121636496895,0.9472936685287785,0.6403797646114775,0.6492767961846551,0.3794736021041639,0.42377148831195954,0.7681072642310283,0.8770986505728713,0.8344556057285122,0.6497457934138235,0.6518215169313419,0.863814422100184,0.7154749470211297,0.386992665761958,0.8635263851047548,0.29530196840855116,0.6255489402108738,0.9893063852922568,0.5393877113101307,0.7232073769006973,0.8456366655300416,0.43881707787893,0.8607757469181785,0.8182413486180345,0.9161328056274323,0.42345510325749114,0.9824744353090572,0.7832319687842371,0.8190433636010612,0.9908050543708039,0.7767109293836365,0.5137302692412811,0.8399661501805977,0.958994945241875,0.9438386554563565,0.9929153128233807,0.438477740998803,0.8456366655300411,0.8514858339733076,0.9281306370804508,0.8459593099956004,0.6722690954077357,0.7406173465982586,0.8840841025109967,0.8514858339733073,0.8517771649969836,0.619196348355008,0.8703545592670814,0.5403240270145266,0.6849995501650832,0.79191221245304,0.45997548484230755,0.8265182309083514,0.3963657070637806,0.712501200148461,0.37832843397534077,0.9073482152003538,0.7177866333283488,0.9491571911382384,0.9268283844238909,0.8840841025109967,0.6453121419576915,0.6909915765270871,0.7960790620619242,0.7801361701626338,0.6735221548202959,0.8453783212493781,0.8456366655300409,0.78553989268708,0.5972208151556226,0.7320643435571488,0.7470982821298633,0.6722594944149427,0.7401498601324379,0.8025573226649727,0.49985467606450085,0.850380920526141,0.8290892416048379,0.724594058352541,0.7278374210957209,0.7828508239983869,0.7839378820497411,0.9344686952739127,0.9814765679110732,0.9001888495542352,0.7245195143404364,0.839969475417034,0.709568573962734,0.8122201927020223,0.9414119306921248,0.9660781019933502,0.5513703052348,0.46558233522697723,0.6127682996223285,0.8088217133555137,0.77233196780719,0.8689868737850406,0.7346828869070904,0.5897226906502011,0.40295136848011026,0.943438817521429,0.8344556057285131,0.7642719786855594,0.9355479533623767,0.8273324013197213,0.5438319441853605,0.6223063454289917,0.9414119306921249,0.8344556057285131,0.6007497899176875,0.3775613643645991,0.796702537333468,0.8344556057285131,0.8013522132428301,0.5842101624213688,0.47174974275961334,0.6681532077834555,0.7432043069974756,0.8290892416048379,0.8344556057285131,0.9810709608798249,0.834455605728513,0.5709209078564453,0.5416271844104537,0.5704290247692327,0.8344556057285131,0.5760668633470327,0.8344556057285131,0.7275696714866442,0.7450303468340981,0.7276713922215285,0.6405360382508014,0.8770986505728711,0.32714573834571836,0.879700761118781,0.8379753320678034,0.7026763640739601,0.8364573809476745,0.7492833653126084,0.7553377989813059,0.8514858339733073,0.9272769090362738,0.8722247347920777,0.9091043718518446,0.8662348462539475,0.8340905634131067,0.4881023158860843,0.7184830315616327,0.6578493242540187,0.7572924892978505,0.8344556057285131,0.9168849114504144,0.8344556057285131,0.6357440465656881,0.7430349118316437,0.8551297491874893,0.9377529694593083,0.3144799762547512,0.7642719786855594,0.7283161573750598,0.7946256519630464,0.6671972319331139,0.8294272097114594,0.5162517573466726,0.7453575289131646,0.6260843650285626,0.9467805427316623,0.4787553142816232,0.8290892416048379,0.9730833157884573,0.6659635993431523,0.7723940797883342,0.6026644088009792,0.80135221324283,0.8273645207312037,0.7027831123913076,0.6369137870637702,0.9855228233382468,0.6320408021931774,0.6417069861646598,0.5202699113762659,0.863814422100184,0.32159904264268535,0.747340348597582,0.8326130329527139,0.9728212695814675,0.863814422100184,0.9868346360913473,0.31578619045684075,0.8914121598918372,0.7192039929272918,0.7886047267974332,0.8456366655300409,0.7553377989813062,0.19331860462485317,0.8238535688751862,0.8770986505728717,0.8770986505728711,0.3816950908836457,0.8638144221001838,0.4203511796035435,0.5686475108627502,0.6421764936877414,0.9390981373952714,0.8638144221001838,0.8344556057285122,0.8395717452464113,0.8238535688751862,0.8514858339733073,0.29067953862719365,0.8416663619940729,0.9085606356157014,0.7723826870556434,0.8643639197034376,0.4367383954143813,0.7459370008954656,0.7222325495188279,0.7423699761015621,0.9203434363839629,0.7779425009258842,0.6592704739070409,0.9073482152003538,0.5592885101670204,0.907348215200354,0.8546549298829342,0.8340905634131078,0.7598181094664793,0.8712054690844855,0.8344556057285131,0.7247366750367308,0.9091043718518446,0.7994660655825332,0.863814422100184,0.9730833157884573,0.8864639485305972,0.8344556057285131,0.7946256519630464,0.9242227583786288,0.8771986663044031,0.7086379360079413,0.6719212232531213,0.8326130329527142,0.887728017725179,0.47020587250641177,0.4687355425871482,0.8434610752390754,0.6547568752777597,0.5489986323242417,0.7453575289131642,0.7083496941498996,0.553889947968917,0.6716379510178466,0.6632033153011345,0.8771986663044034,0.33179563496623843,0.7553377989813055,0.29228619373885456,0.8187369563429279,0.8290892416048379,0.9264498322706751,0.6735221548202961,0.2958575991982685,0.30350553472049757,0.4481759997179202,0.8344556057285131,0.49157256803790483,0.8167069683398192,0.779614065621578,0.8297611823136748,0.9076835051332843,0.37770900300302745,0.8344556057285131,0.8344556057285131,0.7125012001484609,0.682064573885069,0.5690173911978265,0.834455605728513,0.8703545592670818,0.8639788786293001,0.7680126622211975,0.698521717882949,0.39025636642235473,0.8344556057285122,0.77233196780719,0.7992764522645044,0.492946627924586,0.4135089457318639,0.8344556057285131,0.628067472410663,0.7470982821298635,0.30944114569836445,0.3637723052954106,0.77233196780719,0.6773262229500023,0.8770986505728715,0.22637706249410605,0.8344556057285131,0.37764288028494164,0.8222212017814297,0.5997897026894298,0.6568147034812055,0.9773745246807053,0.47607173665740143,0.8403049825412698,0.8344556057285131,0.9554651774883877,0.7155181814751168,0.8344556057285131,0.9183344119230883,0.6001775261360737,0.687416027010775,0.4367383954143811,0.21404421949508612,0.8344556057285131,0.8071225515000824,0.4926680250062693,0.8914121598918372,0.6684078121868136,0.5529806067105747,0.493266150633202,0.5731555693038685,0.7280608125957577,0.8456366655300414,0.9430039723968352,0.34567433210864107,0.8140118981600482,0.33194612381889854,0.7372814868954498,0.5931492105061285,0.8619387659755593,0.8514858339733076,0.8222212017814297,0.8344556057285131,0.8991415586870484,0.7828831554665419,0.4370689790347464,0.981952001027552,0.7856154486124909,0.8238535688751862,0.6748114289559289,0.9773745246807054,0.8238535688751862,0.8548480082641414,0.8344556057285122,0.8347987301368465,0.6666457667380694,0.7391339828726986,0.8535684852048993,0.37136928796908153,0.9813355270668991,0.8794540852685018,0.885902199883315,0.5509568373725915,0.7992764522645044,0.907348215200354,0.7555710412863705,0.6312412408034186,0.7285097020174394,0.7810954165709028,0.8988858889968119,0.7002915118145552,0.8456366655300411,0.9738354869648882,0.961300008836971,0.9493289294510631,0.8796861732183485,0.7835267426577988,0.9311104039221876,0.5892285747734823,0.5319027110591343,0.5507235113469751,0.7608867231372372,0.900404017300946,0.5608887564295542,0.6922575134294311,0.8407381108303202,0.8143384150550279,0.8619387659755595,0.45732450645367284,0.9672064018670838,0.5305047914980783,0.7908018449222106,0.7430349118316437,0.5942144753700263,0.8456366655300411,0.9029887000794075,0.6418089076968148,0.7904798657196184,0.9366306917609367,0.9595498949654935,0.6954646624677552,0.5249287525459565,0.9252882909717637,0.8053789518548684,0.8459593099956004,0.8187369563429281,0.8877280177251791,0.78291421203117,0.755567695357203,0.47074036840359945,0.7161768939012267,0.8290892416048379,0.8864639485305972,0.7281835618137735,0.7630135037055894,0.8187369563429281,0.5966267724603018,0.8344556057285131,0.8575360288119107,0.8344556057285131,0.8344556057285131,0.28114415921228875,0.9942806305779072,0.7354743728009798,0.8344556057285131,0.43957040994831864,0.30026504134369947,0.8199211890598704,0.7967719023237927,0.6587643098703488,0.44406734257884684,0.9320677972867764,0.9168849114504144,0.38169178220666067,0.893938100521376,0.8972542537066472,0.8575360288119107,0.6006597270725103,0.6215960081040037,0.6043029817773671,0.755567695357203,0.9736651756025824,0.8131396815414456,0.8178063099852225,0.8914121598918372,0.7114042857580813,0.8456366655300414,0.8299211209401149,0.827188159989343,0.9430372811319558,0.8859021998833148,0.5226240749845898,0.77233196780719,0.4859935207518844,0.898426894946885,0.9792363665131073,0.9026674541273162,0.9237882481798889,0.8399661501805982,0.9672967830646098,0.5141766345120858,0.5453151247225196,0.8840841025109967,0.7019426288336692,0.8818171534776712,0.7564539519338336,0.6564134793088925,0.8290892416048379,0.3601004942741266,0.7597025513876656,0.8771986663044034,0.405651119278972,0.534641450931667,0.6732699080735762,0.44886341840392197,0.7992764522645042,0.7270471899626041,0.8130658751790728,0.8344556057285131,0.8514858339733076,0.6895219105284232,0.9293582110651841,0.6469794711053367,0.7773834416231886,0.8131396815414458,0.866839479580934,0.5024634966888124,0.7900484642522927,0.2037601274982902,0.8703545592670818,0.3780899938657343,0.9417856033144019,0.583265663418961,0.8238535688751862,0.8934563659287402,0.720134933482167,0.8006996197528133,0.809076462819897,0.7032544870999935,0.6576389121568551,0.4213076423040174,0.5314252152335099,0.73547437280098,0.5738249022118113,0.5760668633470325,0.6103641789628157,0.8703545592670818,0.8922964985151036,0.76427197868556,0.6486900066457115,0.9516870547899625,0.7285276753292802,0.8577765950677174,0.4244835973134493,0.5086704596000609,0.9550669449504616,0.5430383843770348,0.9341294391701462,0.77083920742259,0.7470982821298633,0.8273645207312037,0.9555541682982922,0.7767032995465357,0.9856149432948254,0.8036520015962598,0.8040064111587777,0.9414119306921248,0.8514858339733073,0.8771986663044034,0.8344556057285131,0.9268473821334834,0.6189361270632576,0.47530083970174575,0.7394224709773589,0.834455605728513,0.5120408422929332,0.48006776375168725,0.7534471121862673,0.768012662221198,0.7040551075246839,0.663591306762082,0.5124210787181309,0.9875871263346231,0.7856154486124911,0.8364573809476747,0.524134358116426,0.7567786618410588,0.8575360288119107,0.7002915118145552,0.9892716291785044,0.9085606356157014,0.7430349118316437,0.9161328056274323,0.8231737834956924,0.8238535688751865,0.8771986663044031,0.8347987301368458,0.7901637284665253,0.8639788786293001,0.6200470368691988,0.6386385812916178,0.8182413486180352,0.8112651194620317,0.9018952375385736,0.4752124690607511,0.35454230457061664,0.8290892416048379,0.8514858339733076,0.8187369563429279,0.8290892416048379,0.8290892416048379,0.9539720607845623,0.8344556057285131,0.8545947998249975,0.9132896726075472,0.8344556057285131,0.8090764628198968,0.6599969392236169,0.934468695273913,0.8456366655300414,0.9591644220516902,0.8860448621113572,0.8577765950677174,0.5263054343091058,0.33920063931851974,0.7786097254081068,0.32181253139869337,0.8344556057285131,0.7154749470211297,0.8456366655300411,0.8326130329527142,0.45229516505220746,0.7556112844794498,0.863814422100184,0.839966150180598,0.643766980362628,0.9736937435163242,0.8190433636010614,0.8344556057285126,0.9929153128233807,0.7434039261172423,0.8401101121145342,0.6554016488251121,0.8548480082641416,0.9344686952739127,0.8171753925161553,0.8456366655300414,0.7514412607641145,0.42331330312041127,0.8344556057285131,0.8639788786293001,0.6470109545266267,0.796702537333468,0.5512885026421035,0.8187369563429279,0.8040064111587775,0.40970959911668736,0.8238535688751862,0.5506445226324901,0.28210247516565146,0.8344556057285131,0.8344556057285131,0.8151032532844444,0.5288552567202234,0.7002915118145552,0.5721214202450968,0.33699377864920266,0.5529806067105745,0.4916654700689784,0.2496832373913589,0.804229968651053,0.3468738904809465,0.8344556057285131,0.9327450642621642,0.8514858339733076,0.7723940797883342,0.4892676166731069,0.863814422100184,0.3758867019762291,0.8344556057285131,0.8344556057285131,0.2930141493529411,0.8344556057285122,0.27865375228876954,0.7992764522645044,0.5479660555623003,0.6721036605310435,0.7638815170629458,0.6721036605310426,0.0,0.5407526798165687,0.834455605728513,0.7430349118316435,0.23484789660664307,0.8399661501805977,0.9595498949654934,0.9766703356423803,0.8240643119871085,0.8933905091523313,0.7511985491255619,0.9312958127499464,0.5971934219135127,0.8344556057285131,0.30688692716853105,0.9476051320958434,0.49433039435186754,0.659270473907041,0.5757796003951241,0.8015230349245062,0.708640792669904,0.5929814846577257,0.8375787914687519,0.8317627665728897,0.4384370731818431,0.9907065680883624,0.9073482152003542,0.8613301754065562,0.8904866103781199,0.33398887783040365,0.7573349435744212,0.8577765950677174,0.6250961577927481,0.7025375941170441,0.8583643276739834,0.9515195636270364,0.9281306370804507,0.7622564811386998,0.8502623584343927,0.8891964977574215,0.7002915118145554,0.9805720388426737,0.5557085333841475,0.8703116652636077,0.9073482152003542,0.8241788114475812,0.8520905191724195,0.5722698257931771,0.8668806742350057,0.7119131029890879,0.9666154423505016,0.655272353705572,0.8860448621113572,0.6379574607866421,0.9672457903928717,0.7281835618137733,0.7679211063150975,0.8344556057285131,0.6635913067620822,0.899834938164396,0.5299013890576678,0.7597088814001953,0.7330789897459383,0.6495824241253061,0.7119329079996537,0.8344556057285131,0.34449359234191756,0.4184565270455969,0.9555578358519313,0.1985594341589032,0.1627456946931265,0.20513875132497583,0.8840841025109965,0.4076176312024842,0.9029887000794075,0.8516352302567766,0.40652003612698373,0.8140118981600479,0.5158367627542602,0.9161328056274325,0.8140118981600479,0.834455605728512,0.9049896119990215,0.8171753925161551,0.37436174045755877,0.9265054435216187,0.4341640199399235,0.8703116652636076,0.8290892416048379,0.5311036873469344,0.5902493848986932,0.6614347052450518,0.3094411456983641,0.3694841091228882,0.8344556057285131,0.30612031529755346,0.5973967480058828,0.7474205976449615,0.8344556057285131,0.28780488656296366,0.866880674235005,0.863814422100184,0.8379753320678041,0.8577765950677174,0.6081796935147623,0.9047171638318101,0.8830061590910472,0.8783895854085133,0.791894157247919,0.8619387659755595,0.4290499077174874,0.8344556057285131,0.9318434412434197,0.8344556057285131,0.8182413486180345,0.6025843734316165,0.41046236942636194,0.7723940797883342,0.8546045071165664,0.6364259935233052,0.5671814635518077,0.7680126622211978,0.8344556057285131,0.8195856572142854,0.4910563372648178,0.7057726142989811,0.8401101121145345,0.7238133425245885,0.8840841025109967,0.7555676953572021,0.6228007637126602,0.8442327316715383,0.5162148049079576,0.39492456257328445,0.8442327316715383,0.768012662221198,0.8514858339733073,0.6578493242540189,0.8442327316715383,0.7723940797883342,0.9957377086273972,0.8556016412549079,0.6735221548202959,0.8290892416048379,0.6436582557292176,0.8326130329527144,0.5411583513597955,0.7238133425245881,0.9703171966701517,0.5380742451498555,0.7125012001484607,0.9127245772292452,0.7773834416231898,0.7124956223552833,0.7474205976449624,0.7138147503338412,0.6026644088009798,0.8959238102448109,0.7011869753267466,0.8171753925161551,0.7338287578291098,0.8770986505728717,0.6473025021886791,0.8023104638579486,0.8014398519461473,0.7856154486124911,0.7587831057716887,0.8514858339733078,0.8575360288119107,0.9898125892595262,0.6403306507300278,0.7236457633998872,0.7381443351517069,0.7555676953572028,0.9266306456580139,0.9167142101531178,0.64365825572922,0.8344556057285126,0.6395557786227617,0.6629284725039952,0.7726797696742984,0.6388218385626316,0.9211966897641095,0.9252882909717637,0.8347915037026084,0.9697994127110825,0.6089003932461543,0.927626370953619,0.7811299370263203,0.961300008836971,0.9909669315840529,0.9324867603314545,0.8040064111587777,0.9390981373952711,0.8577765950677174,0.8066621117648756,0.7590028960516957,0.8770986505728713,0.8704093710370473,0.5032685954223564,0.5623666049011511,0.9085606356157019,0.9430039723968353,0.3314827149933737,0.7977976047160633,0.8238535688751862,0.8238535688751862,0.44941073382752195,0.8561496030855313,0.7002915118145554,0.8456366655300414,0.43073351839531315,0.78553989268708,0.8575360288119107,0.48355128638160016,0.8736336248915046,0.9008525918934969,0.7967025373334677,0.6525461308297795,0.8182413486180345,0.927922470325901,0.8575360288119107
p279_S,0.7657845724172228,0.7418164128875233,0.6623015330104915,0.9078210928653356,0.8812418962256667,0.7880537257906838,0.9758809366646464,0.9674885210787547,0.7353582683588973,0.8830381436111514,0.9022004857227728,0.8755343989590987,0.845809930023645,0.609109865129647,0.8799936511495475,0.9066354834382295,0.8814645022799497,0.6591549374028507,0.8666320820952819,0.8486444096037387,0.6574340657489703,0.9488624451633313,0.9907732280012839,0.887166534593471,0.9575777626362936,0.7985559379258655,0.7122254667141552,0.7543140789719034,0.8486444096037378,0.7814813102119841,0.8232806192059903,0.8660153996906965,0.6999273973719887,0.9671690303870577,0.881241896225667,0.8300277862192773,0.9502541647447569,0.8100732598281829,0.8892126720780513,0.6716100851541036,0.5202487706924301,0.802511478188884,0.8892126720780513,0.7634593162933851,0.8814645022799498,0.4732737642812709,0.8933378821185829,0.707413850026738,0.7876402536148123,0.6818613208532702,0.8997921725028666,0.44758098357643716,0.7985559379258655,0.8275252320423419,0.8594891528032416,0.8206904297960752,0.7978365723692369,0.8506512873935228,0.9472472714694624,0.8989526780659398,0.7237703744277484,0.9000346824471703,0.9656661817822728,0.8199002489157294,0.7073163161574052,0.7003381198179399,0.8975471906241123,0.7065857542474205,0.8105782795634076,0.9764449697232961,0.5571336222536564,0.8572583546912373,0.8812418962256667,0.4904138015551396,0.8506512873935228,0.8113019249722079,0.9479270020870505,0.6500225681112727,0.54803995544877,0.7477120255242756,0.8495208449973666,0.8764417171559659,0.972566064085988,0.8006216655779683,0.8506512873935228,0.5706060742598695,0.9230598069759267,0.6642225006376865,0.7052227610295021,0.8458099300236446,0.8506512873935228,0.41005647680424473,0.41631820784236306,0.6598360882646994,0.9164237551372647,0.7251707285821376,0.4605422518466745,0.7559620810165362,0.49734591539466555,0.628288215898648,0.6835672852350451,0.7806680179853034,0.7516707977886123,0.7334830322408281,0.9844802223229759,0.8771378467726845,0.6766476735983838,0.4304529085897997,0.8147180119466231,0.5242340834885768,0.44865307469790006,0.8858665528513685,0.6185896239559308,0.640311810434387,0.9259372921081941,0.5729822284799875,0.8494810016550576,0.8771378467726845,0.9897622271227241,0.6117635066387905,0.8024897082708975,0.4925052236915636,0.6792725982376357,0.9139229073706454,0.8006216655779698,0.6363628020556147,0.918710349669114,0.8270754954313704,0.8569453806218212,0.8703323194858006,0.6258851893279567,0.9110656579437487,0.8299936449997712,0.8892126720780515,0.6276059489312577,0.6110962673223952,0.6601606818571235,0.9673457181272069,0.8660153996906963,0.870019578100391,0.6994663221356379,0.8830381436111512,0.7680063435457756,0.5836115027484812,0.575327386359331,0.7371427202287675,0.8542442109579489,0.6194281895482678,0.7946511399266383,0.39479878926976086,0.8103133457772937,0.7976697529401064,0.8307309509764413,0.904099736205193,0.9313239634362824,0.8178571736187805,0.6400437308249107,0.7006878732715736,0.724600674036096,0.5899418657786242,0.797057260463822,0.911065657943749,0.8520542445135237,0.5111301454052128,0.763538158354111,0.5210340806887903,0.8270754954313706,0.7141409036604475,0.9608278274479636,0.7139089211436533,0.8651480603316655,0.8755343989590985,0.8136478513745105,0.780252783724535,0.8864146981765759,0.7944513794316205,0.8300277862192768,0.7565047898779342,0.7561714049540501,0.6806685909398966,0.9337903696750933,0.804551892300974,0.9121058595034282,0.845809930023645,0.6879434760312768,0.5818272011233184,0.6408636604663629,0.7643314923940239,0.8275252320423417,0.9216500077280878,0.8410864781348428,0.7535317980628822,0.5783957544248179,0.5528847053696289,0.9085188207086441,0.8506512873935228,0.8556227195178279,0.8985156221752215,0.7074138500267377,0.6705453472562339,0.8332083545770184,0.845809930023645,0.8506512873935228,0.7532107284150222,0.6975782248567128,0.9213692074375959,0.8506512873935228,0.674711638089619,0.8105828963996744,0.7804689061768175,0.7826163792988178,0.6199497416705957,0.6488740980736472,0.8506512873935228,0.7065857542474205,0.8506512873935217,0.6599591588111178,0.5309628782441083,0.5051935806782413,0.8506512873935228,0.8937146947529404,0.8506512873935228,0.703873782865599,0.8947866472763542,0.5814217340503992,0.6971157462771993,0.7154691980060809,0.45848054947162753,0.8410864781348419,0.9411136909025019,0.8447164493374328,0.6850345974733847,0.7053353355532708,0.8887602184894803,0.9313239634362825,0.8451951577758794,0.7121350663695774,0.7992714655125148,0.7809157936970927,0.7906664220376332,0.7508334733135484,0.8364704384437263,0.3950685816045021,0.89895267806594,0.8506512873935228,0.7319443369842829,0.8506512873935228,0.7219970644498712,0.6915052445492806,0.8660153996906965,0.9220996502561909,0.41910957170221197,0.8556227195178279,0.7473772300871491,0.9665208288913452,0.4181015815936069,0.8607411310128992,0.5919514450602641,0.8607384721289717,0.49204384074632,0.8735757657553243,0.612139539690224,0.8458099300236446,0.9416753528574542,0.4539743361501388,0.8892126720780513,0.7158858055054262,0.7158858055054262,0.8504533195673067,0.9844802223229758,0.4712939744208676,0.8660153996906965,0.6254600625585987,0.5096297617005836,0.5966159840624046,0.8771378467726845,0.5106101957504265,0.9444968360304629,0.7301168813013127,0.8241675102655417,0.8771378467726845,0.9501832703226244,0.5202999484145079,0.7424171492559191,0.6165288356403085,0.5877733488628114,0.7806680179853036,0.9505048261138214,0.4592205924340451,0.8989526780659398,0.8458668379645262,0.911065657943749,0.3510439540040253,0.7568191944672672,0.592562359515775,0.6598360882646994,0.7685757096049018,0.9207496655617045,0.9032363779712868,0.7210801889564689,0.6484040514619622,0.6959839224163828,0.7962168721876016,0.45819290098847176,0.75346394051989,0.9585367020978055,0.5787859503855366,0.7543140789719034,0.5126419245915825,0.7527394395450664,0.6599281620571438,0.6973629718145263,0.7680231745338381,0.7645027836022893,0.5005474674852324,0.9253065372566266,0.7717053277668664,0.8869754734301825,0.8887602184894803,0.7707499476755915,0.6023775135581027,0.8933378821185829,0.8506512873935228,0.8660153996906963,0.8533619498398071,0.5412659972569218,0.8771378467726845,0.9065745197589401,0.8272209116863678,0.8506512873935228,0.9575777626362936,0.8771378467726849,0.8283954260570918,0.9860040788328628,0.7087631688349301,0.5837920454466599,0.8997921725028668,0.6060880257299401,0.4403504484119889,0.8816763541639325,0.8319526871891938,0.29750485872075283,0.8933378821185829,0.8230982792635944,0.44654727068582045,0.8275252320423414,0.7562859016598515,0.9698960726108676,0.46836029560827175,0.5388741086182125,0.46537939149768714,0.9660840200628469,0.875534398959098,0.9786079495510679,0.4600263429958763,0.4326590871803977,0.5292188150655561,0.3103565272258053,0.8506512873935228,0.6420934086657157,0.7578203503020653,0.589592942703876,0.9979710768113653,0.8830381436111516,0.6576593535158239,0.8506512873935228,0.8506512873935228,0.794651139926638,0.7535317980628822,0.5092033556744047,0.8506512873935217,0.7719822819508495,0.6598989712921823,0.6944559301969866,0.7809157936970923,0.6055005306376595,0.9046238419493294,0.5974769147030514,0.7424413396640949,0.4110478542797208,0.48704851612500244,0.8506512873935228,0.7609700338781744,0.5210340806887899,0.4614142256048921,0.42995045991282077,0.9864846263330951,0.5811042229790222,0.8132674279749146,0.4004102373948286,0.8506512873935228,0.2763251572673977,0.9420883937530866,0.6879434760312768,0.5580248871769008,0.8556227195178283,0.4846829188134091,0.6999273973719906,0.8506512873935228,0.7463336152429001,0.6111965692021306,0.8506512873935228,0.8838461364568904,0.9371257803207742,0.7104482457330005,0.31190085570135617,0.4184899676759155,0.8506512873935228,0.9287041546273826,0.8222565779414552,0.9881229809455179,0.86445014628513,0.8070621589639149,0.7457203241023502,0.7304207083460024,0.4770249046014968,0.9585367020978055,0.75346394051989,0.6661647388985443,0.841794616704938,0.5814470115771677,0.6476160008424994,0.6963541722539661,0.8354183921529794,0.9335689453150366,0.6591549374028529,0.8506512873935228,0.9503464385246945,0.6273626854505507,0.8772610432608394,0.9022004857227728,0.8320209925611657,0.8700195781003908,0.8396260340011181,0.9551143900283149,0.8410864781348422,0.8344013106501964,0.8434426242850427,0.9621059680017594,0.7099257563044776,0.5013534840737564,0.8771378467726849,0.5765092142971548,0.8830381436111521,0.9351898208098761,0.7673053110567646,0.6000438462588982,0.8714545306011175,0.7719822819508492,0.7958385099529557,0.8348309501207156,0.9986282746188179,0.8025114781888845,0.7166387014766891,0.9843665971783151,0.9110656579437492,0.9054244227627162,0.8727799215433701,0.9717690605117726,0.7788918265861973,0.7746889276056919,0.849520844997367,0.7794812069687627,0.636864704908845,0.7118556195580683,0.6199497416705958,0.9492964621542561,0.7207975286924748,0.6861812730199836,0.772131163132141,0.8552960837771713,0.8602481607023704,0.3153724066881166,0.9022004857227732,0.8930278542976282,0.8065211384922872,0.8906699881696982,0.7111929490043607,0.8458668379645264,0.8079697540197976,0.740303524261869,0.7537625039247965,0.7746889276056921,0.9398406738472912,0.9533048181353181,0.8163920174966022,0.8126188154529476,0.9354770390567302,0.7968449844970525,0.7968449844970531,0.9335689453150369,0.8771378467726845,0.6292267278286678,0.37424729733402584,0.592539216077661,0.9647078057654586,0.8866698495572743,0.5075019440460624,0.838886776086103,0.8364704384437258,0.430998732744879,0.8506512873935228,0.9065745197589401,0.8506512873935228,0.8506512873935228,0.46706969586691915,0.8105886236035889,0.5594556444929932,0.8506512873935228,0.45295937179600876,0.536738645783551,0.8902487938478426,0.6877303780002189,0.8245832349124046,0.6686118489650792,0.683088781113601,0.7319443369842831,0.5292970524607534,0.9696350152594335,0.9274314069631682,0.871473686660426,0.7578203503020648,0.5834923248059329,0.5764560775916316,0.7387252584217363,0.8594891528032416,0.9278857780314882,0.6743865128042945,0.8126188154529472,0.615094501073604,0.9585367020978055,0.6000678863126746,0.8447164493374324,0.9338083942297911,0.8417946167049379,0.5829454125952569,0.8352038495880781,0.7237703744277484,0.8105886236035884,0.8482047472017866,0.8933378821185829,0.8189138111500287,0.7343076844988156,0.9963672821865431,0.6230731898263322,0.5117889685142839,0.8660153996906965,0.6372265680739606,0.8364704384437265,0.7843280851047465,0.4771556231379621,0.7380475048800075,0.42204612299360456,0.972566064085988,0.9090788265899079,0.3369030126503394,0.6892924387305386,0.7139141755418521,0.4123721066193937,0.6392307869144762,0.7457203241023502,0.7815831524812169,0.8506512873935228,0.9335689453150366,0.9354770390567304,0.881241896225667,0.4675523534553099,0.8189138111500278,0.8700195781003914,0.9281619917752891,0.5120288032018279,0.941113690902502,0.43886229203657257,0.8869754734301826,0.4740822407458496,0.9924402328264146,0.6223499195715578,0.8700195781003908,0.8651461910562789,0.7065115954615393,0.6915052445492804,0.6081795180891021,0.778506404114623,0.6791578995420602,0.4245739229350375,0.6129293067836308,0.88876021848948,0.5308652432035184,0.45285710030711523,0.7794812069687633,0.7719822819508488,0.7045730677284223,0.8871665345934714,0.6973629718145262,0.8040649827540063,0.6850223022490074,0.8458099300236446,0.3335545246131497,0.33929098998290075,0.8687371263235,0.7231520380409635,0.9585367020978053,0.7130610751103685,0.9638768720072552,0.6940991873376765,0.8180055355253848,0.76062496454035,0.8653189509281971,0.9490326482224263,0.7027022088366779,0.9052588678945519,0.9335689453150366,0.8687371263234999,0.8506512873935228,0.9877505662618375,0.4864555213791285,0.4326590871803977,0.6312375582664199,0.8506512873935217,0.7532190320645464,0.31170581375565465,0.7237703744277482,0.8224750277979959,0.6830887811136004,0.6791178700909066,0.6824144570723085,0.788537364043508,0.7851447122349793,0.8513081991261914,0.575118381403358,0.6193275329521575,0.8714736866604262,0.673060335415498,0.7521288575155601,0.8784662479541377,0.5919228727390712,0.8687371263235002,0.9220996502561909,0.7249170223819312,0.7477120255242755,0.9302294432307072,0.7749827149423982,0.6904895801243254,0.7942136913228417,0.758597304878274,0.8771378467726851,0.8506512873935235,0.8705190875248372,0.4109499767796775,0.4978958343010276,0.875534398959098,0.9673457181272069,0.864676944371358,0.875534398959098,0.8458099300236446,0.8025167433888141,0.8506512873935228,0.8646769443713589,0.9506865184666059,0.8506512873935228,0.6325669907315443,0.7530350130878095,0.9137421426486894,0.9585367020978055,0.9065745197589399,0.8556227195178283,0.8458099300236446,0.5049967964245687,0.582663352811218,0.8105886236035884,0.5324834659391144,0.8506512873935228,0.5275813504243791,0.8458668379645261,0.9008291897984079,0.5247836577182141,0.7056605290409377,0.7202148985912621,0.7973953146501016,0.8147180119466231,0.8508370394456147,0.8563758846731455,0.8506512873935232,0.7707499476755915,0.7889445022672328,0.8920232012520317,0.6647700028322032,0.8607411310128994,0.9764449697232962,0.6019919840776788,0.9259372921081943,0.8070807063756376,0.6054672819499611,0.8506512873935228,0.8434426242850425,0.7868467908583001,0.8830381436111516,0.3563166998533761,0.9775029680818883,0.9661004124637117,0.6191362513445366,0.8700195781003908,0.5303837493951125,0.4980671071235485,0.8506512873935228,0.8506512873935228,0.8853609542474692,0.7307958783091772,0.5107888824336195,0.5359283144391829,0.5873473939810372,0.418962759109477,0.5256862725581245,0.4905943267500441,0.550273663202409,0.5301393010008277,0.8506512873935228,0.8139551213591356,0.9335689453150366,0.8892126720780513,0.30693467028868826,0.8771378467726845,0.5308652432035184,0.8506512873935228,0.8506512873935228,0.3746924357717023,0.7210801889564689,0.47716372886758096,0.9737296402744553,0.3181401891289879,0.6612612310328061,0.8320209925611661,0.9961658243411983,0.5407526798165687,0.0,0.8506512873935217,0.432591077842737,0.4636881179923309,0.887166534593471,0.9137421426486896,0.8294564064389347,0.9789148505297232,0.9757095583049686,0.44850178781658456,0.8556227195178281,0.7719553016616368,0.8506512873935228,0.5039912813655922,0.7130610751103683,0.721809254978051,0.5771761817998653,0.7249447846881556,0.8275252320423425,0.720469879906279,0.5530835200043938,0.8714736866604258,0.9904800742411848,0.6097884272129779,0.8646769443713587,0.9253065372566267,0.7934676793989757,0.8221337259550519,0.5434901372415972,0.8660153996906963,0.8458099300236446,0.6351408238534344,0.83650170880135,0.8508370394456146,0.8738760358948383,0.8892126720780515,0.7910876163594895,0.9698960726108679,0.8892126720780513,0.7091206583003599,0.8065601316392428,0.69455751656586,0.8506512873935232,0.9253065372566267,0.9230598069759268,0.818913811150028,0.6028266641502685,0.7274638629860375,0.845809930023645,0.8822094236550266,0.7052227610295014,0.9551143900283148,0.5651428327872585,0.9002753511525643,0.7372173419947368,0.6793878599767911,0.8506512873935228,0.3932401397238283,0.8812418962256667,0.4871149237845911,0.8830381436111514,0.9223660816349408,0.8065211384922875,0.7295189802441612,0.8506512873935228,0.42560580917768354,0.3369030126503394,0.8065211384922875,0.442408469711415,0.4904138015551398,0.45003428355620956,0.8997921725028666,0.49063456901213787,0.7139089211436533,0.9605156249220519,0.4301249662599562,0.5686671626616369,0.5935424419639074,0.7880537257906838,0.7673053110567647,0.6904895801243256,0.7184635391954568,0.9338873420794878,0.5261032581901879,0.858155467081299,0.344646926918041,0.9658050596136161,0.875534398959098,0.5635845591550401,0.4234665940107275,0.8567162948997921,0.35643261864145837,0.4038695738963345,0.8506512873935228,0.40441774039278267,0.5879829627301859,0.6304463813964816,0.8506512873935228,0.5431943565045936,0.8926826566703265,0.8771378467726845,0.9595672348999342,0.8458099300236446,0.6340082146691604,0.822133725955052,0.9757973115011647,0.7292750000887223,0.9124307419990596,0.7424755425073737,0.34839045477451935,0.8506512873935228,0.9446193146799471,0.8506512873935228,0.8771378467726847,0.5155297360661701,0.6599281620571436,0.8892126720780513,0.8054135743605171,0.6021710106143651,0.7571132342631188,0.822475027797996,0.8506512873935228,0.6437565827868625,0.635467313495417,0.8691777873439519,0.7387252584217363,0.8309205650835738,0.9673457181272069,0.8482237890148048,0.7757884387818779,0.7945725145463096,0.6850223022490078,0.3643292951493611,0.7945725145463096,0.9291576091321703,0.7962168721876016,0.7848151499527454,0.7945725145463096,0.8892126720780513,0.7770438775487836,0.8871665345934712,0.768575709604902,0.767771973815461,0.7973999783168804,0.6325669907315441,0.8332083545770186,0.9504194112558235,0.9907732280012839,0.7473772300871477,0.8410632073109214,0.845809930023645,0.8705190875248372,0.6732948837439994,0.7798019952643264,0.6094713377400969,0.7158858055054265,0.7791844604155223,0.5928767765183239,0.7180221525383872,0.8871665345934707,0.8607384721289719,0.8358968832358384,0.9030615607923864,0.7869816637136529,0.8076643766587348,0.8139551213591356,0.9335689453150366,0.9065745197589401,0.8752380219398816,0.7832115382051674,0.689427444329884,0.8799246367453502,0.9577223196078727,0.7820649830657287,0.8310754151823583,0.819011517851882,0.8506512873935232,0.7544233117643615,0.46531789369773346,0.8267215679427371,0.7429276071375368,0.8738726243198305,0.9530221478470039,0.9093417543642605,0.8836034954327339,0.7985559379258655,0.7404319726417876,0.9503640279306386,0.9785392667986516,0.8517212482381922,0.9435124409283356,0.9661004124637116,0.7524168696318059,0.8866698495572745,0.8933075201569374,0.969672864864359,0.7154691980060809,0.9502541647447567,0.6661647388985443,0.7869816637136511,0.8458668379645262,0.980966549128707,0.6425251486534891,0.9706780801630343,0.7538501223474796,0.9568188779970368,0.547867177851588,0.9008291897984078,0.52881904387605,0.7480686079956922,0.6879434760312768,0.9008291897984079,0.8714736866604262,0.7188666839907962,0.9098374735405799,0.7973953146501015,0.8830381436111514,0.8903960430903863,0.8771378467726847,0.9372903792927945,0.8714736866604262
p280_W,0.7524297972473162,0.9413411539914588,0.8918007079504506,0.922501574170787,0.9492063492063487,0.9623211158059548,0.7050163519970583,0.7509151724713103,0.903814238682265,0.960221152322577,0.9398636845831868,0.9475597985845114,0.9475597985845114,0.922501574170787,0.9106019687464652,0.5567710364845595,0.9443834278905731,0.9314886672615048,0.9582144552981327,0.960221152322577,0.8875255844205961,0.938412400887346,0.935580996038617,0.9508971383859763,0.9369854052620162,0.9314886672615046,0.9443834278905731,0.916441965519317,0.960221152322577,0.7739436107925906,0.9250013316406692,0.9544316996038,0.9428469360414609,0.918836138227166,0.9492063492063488,0.9582144552981327,0.9508971383859763,0.9428469360414602,0.9623211158059548,0.9301606414450722,0.8993922310882436,0.9328339505740529,0.9623211158059548,0.9129151319089189,0.9443834278905731,0.8474513194974065,0.9526370111116405,0.9004911494084332,0.9301606414450722,0.8918007079504506,0.9544316996038,0.8495864161552136,0.9314886672615046,0.13408370177867734,0.9428469360414604,0.9288488221297497,0.9288488221297497,0.0,0.7383793872014481,0.9459533477380775,0.9060540201833016,0.831146423199498,0.931488667261505,0.8993922310882436,0.9562880686171874,0.8244397822834254,0.9544316996038,0.6473831763250286,0.7698078233874499,0.9582144552981327,0.9212691469911799,0.9301606414450723,0.9492063492063487,0.8266892096935957,0.0,0.8864622842804517,0.9384124008873459,0.9398636845831868,0.8233095582802461,0.9623211158059548,0.9398636845831868,0.9341976401680094,0.31108550994831186,0.9314886672615048,0.0,0.9176344520056336,0.9384124008873459,0.8046479448175361,0.8939536575643378,0.03139863267861642,0.0,0.8918007079504506,0.8311464231994979,0.8548949080074899,0.31108550994831186,0.48955645159511174,0.8896584524348262,0.8875255844205963,0.8198957816506434,0.8187498553347689,0.9288488221297497,0.9526370111116406,0.9492063492063488,0.8580633769736241,0.6072669396673074,0.9582144552981325,0.9071820194155719,0.7973204052495683,0.9369854052620166,0.8289245259008584,0.8759110188590657,0.9328339505740529,0.8070467719220202,0.9094556823349389,0.9526370111116405,0.7833099084134079,0.9413411539914588,0.9582144552981325,0.9623211158059548,0.8580633769736241,0.9129151319089193,0.8854008763534221,0.9369854052620166,0.9250013316406693,0.9314886672615048,0.7554264789789614,0.9508971383859763,0.6339927913026551,0.9475597985845114,0.9152582079543838,0.8727631680356085,0.9526370111116403,0.9544316996038,0.9623211158059548,0.944383427890573,0.8453085223330432,0.8790644420447875,0.9544316996038001,0.9544316996038,0.06018876900101988,0.8046479448175361,0.960221152322577,0.8244397822834253,0.8717146038820363,0.8875255844205963,0.9106019687464658,0.8928757609748665,0.8420784215528954,0.9301606414450723,0.7583810530554915,0.9602211523225768,0.9060540201833015,0.8559522762859684,0.8811713725919912,0.9544316996038001,0.9301606414450724,0.8950345750758598,0.9140827360776214,0.8938851835250172,0.5567710364845593,0.7367566674079002,0.9526370111116407,0.9341976401680094,0.7431708752992887,0.8972062142375331,0.9164419655193166,0.8612222667022558,0.8993922310882436,0.9262700211315916,0.8453085223330432,0.9225015741707872,0.9475597985845114,0.9288488221297494,0.6783615558233287,0.8538362113124117,0.8780124908814328,0.9582144552981325,0.6072669396673074,0.9200475251844382,0.5526275082095409,0.9117550006367755,0.8885909234541712,0.9288488221297497,0.9475597985845114,0.6394614409405002,0.8538362113124117,0.8580633769736241,0.9015943008452886,0.13408370177867746,0.9237454173815312,0.9459533477380775,0.9038142386822652,0.8221755430097109,0.7897778653703146,0.9060540201833015,0.0,0.9508971383859763,0.9459533477380776,0.4895564515951114,0.8355526955775657,0.8918007079504507,0.9475597985845114,0.0,0.8685695845092951,0.7897778653703147,0.960221152322577,0.0,0.6951973979147161,0.9152582079543838,0.8864622842804516,0.644778770381618,0.904931518601306,0.9475597985845114,0.0,0.6473831763250286,0.0,0.8117838598171899,0.8388272306091985,0.8355526955775658,0.0,0.6339927913026551,0.0,0.7050163519970583,0.9071820194155715,0.9164419655193167,0.8759110188590656,0.9526370111116407,0.7711949776746394,0.060188769001018994,0.9355809960386169,0.9384124008873461,0.9060540201833015,0.7554264789789611,0.9188361382271667,0.9544316996038,0.49513192327918454,0.8907283270583697,0.9027019168030599,0.8972062142375331,0.915258207954384,0.9152582079543837,0.944383427890573,0.8854008763534221,0.9459533477380776,0.0,0.9027019168030598,0.0,0.7334713952978886,0.9152582079543838,0.9544316996038001,0.9275522446953854,0.7711949776746394,0.9508971383859763,0.9140827360776214,0.936985405262016,0.8928757609748665,0.9398636845831868,0.8612222667022561,0.9526370111116406,0.8717146038820363,0.8717146038820347,0.8442340263447973,0.03139863267861642,0.9562880686171873,0.8289245259008584,0.9623211158059548,0.8333555867103808,0.8333555867103808,0.24376003609304187,0.8706662210952575,0.8748612665230131,0.9544316996038001,0.8485197883378751,0.7973204052495684,0.7780046509581304,0.9582144552981325,0.8289245259008584,0.9140827360776214,0.9341976401680094,0.9015943008452882,0.9582144552981325,0.8517144868263773,0.8141237078825918,0.9562880686171873,0.8982973238138027,0.9225015741707868,0.9526370111116407,0.9188361382271666,0.8070467719220202,0.9459533477380775,0.9526370111116403,0.9526370111116407,0.7985559379258667,0.9582144552981325,0.7985559379258667,0.6499526646778642,0.8854008763534221,0.8442340263447973,0.9582144552981327,0.9492063492063487,0.9301606414450722,0.9459533477380776,0.9544316996038001,0.8022278398026612,0.8982973238138027,0.9526370111116403,0.9301606414450723,0.9164419655193171,0.7250134267509765,0.9094556823349389,0.8843412180810756,0.6848496741376313,0.7923174570100687,0.6911250629978629,0.8727631680356076,0.9602211523225768,0.9038142386822652,0.9602211523225769,0.9188361382271667,0.9152582079543838,0.9094556823349389,0.9526370111116405,0.0,0.9544316996037999,0.9027019168030598,0.931488667261505,0.9582144552981325,0.9562880686171873,0.9475597985845114,0.0,0.9369854052620161,0.9582144552981325,0.9623211158059548,0.9106019687464654,0.8233095582802461,0.9341976401680094,0.9544316996038001,0.8333555867103808,0.8289245259008584,0.9369854052620166,0.942846936041461,0.8409971458279799,0.9526370111116405,0.9188361382271659,0.8117838598171898,0.9413411539914588,0.9106019687464656,0.9623211158059548,0.7655931084723667,0.9188361382271665,0.77800465095813,0.9443834278905728,0.03139863267861642,0.92126914699118,0.8854008763534221,0.8070467719220202,0.8082384637825221,0.8187498553347689,0.0,0.8538362113124116,0.9176344520056336,0.9200475251844384,0.9176344520056336,0.9602211523225768,0.8453085223330433,0.0,0.0,0.930160641445072,0.9038142386822651,0.8591172857456586,0.0,0.9602211523225768,0.9492063492063489,0.9225015741707869,0.8972062142375331,0.7897778653703147,0.9492063492063488,0.9237454173815309,0.9384124008873459,0.8322525541058978,0.9634411459729272,0.0,0.8811713725919912,0.9164419655193168,0.7766590274917047,0.9952327064015152,0.923745417381531,0.8704033497109469,0.9526370111116403,0.7960789049353038,0.0,0.7973204052495684,0.9314886672615051,0.8591172857456586,0.8300371089395653,0.9508971383859763,0.831146423199498,0.9428469360414605,0.0,0.896118697172979,0.7399891659895362,0.0,0.923745417381531,0.7948313236856198,0.8420784215528955,0.8152867967569688,0.8022278398026612,0.0,0.7698078233874489,0.8559522762859681,0.9562880686171872,0.6574604645689301,0.7250134267509767,0.9071820194155717,0.9083158055901509,0.8961186971729789,0.9526370111116405,0.8982973238138026,0.8864622842804516,0.935580996038617,0.8527760996057683,0.8738120195914164,0.8706662210952575,0.21151139151266873,0.9544316996038,0.9314886672615054,0.0,0.9582144552981327,0.9015943008452887,0.8129560940834346,0.9398636845831868,0.9275522446953853,0.06018876900102055,0.7478523304650294,0.9508971383859763,0.06018876900102055,0.9398636845831868,0.9492063492063488,0.9413411539914588,0.8790644420447877,0.9038142386822651,0.9582144552981325,0.8463809254714867,0.9602211523225767,0.9413411539914589,0.9355809960386171,0.801009545737682,0.9384124008873459,0.9602211523225768,0.7997856146881548,0.9164419655193166,0.5305546844946969,0.24376003609304187,0.938412400887346,0.9027019168030598,0.9526370111116405,0.9188361382271665,0.8993922310882436,0.8769613888066743,0.9341976401680094,0.8993922310882436,0.9398636845831869,0.9250013316406692,0.6827113291147924,0.7725735218970409,0.9049315186013058,0.9443834278905731,0.8141237078825919,0.8907283270583696,0.9225015741707872,0.9341976401680095,0.21151139151267007,0.8175997772209664,0.9398636845831869,0.8517144868263775,0.9341976401680095,0.915258207954384,0.7539334992316543,0.9526370111116405,0.8453085223330434,0.7143607147557587,0.9176344520056336,0.8993922310882433,0.9582144552981325,0.7301312695908226,0.8918007079504507,0.9562880686171874,0.9164419655193166,0.9443834278905731,0.9443834278905728,0.9544316996038001,0.9582144552981325,0.9250013316406693,0.8255663034700989,0.9129151319089183,0.9475597985845114,0.9475597985845114,0.7125274559321444,0.9071820194155714,0.08671734220308647,0.8717146038820363,0.0,0.9562880686171872,0.0,0.0,0.8187498553347689,0.2115113915126694,0.9188361382271665,0.0,0.7334713952978883,0.8377384241745145,0.4006068367505189,0.8527760996057685,0.8811713725919912,0.8058499662916013,0.9038142386822652,0.47795836130872393,0.8399134433261015,0.9428469360414605,0.8864622842804515,0.4408515443948542,0.9176344520056336,0.7711949776746395,0.6473831763250282,0.9250013316406693,0.9428469360414603,0.9459533477380775,0.7846176027958274,0.9562880686171872,0.8961186971729789,0.9526370111116405,0.9004911494084332,0.9384124008873459,0.9328339505740529,0.935580996038617,0.8485197883378752,0.9237454173815312,0.9060540201833016,0.9355809960386168,0.7223272158432528,0.9526370111116405,0.17526171623055564,0.9508971383859763,0.9140827360776214,0.8570084033315839,0.8399134433261015,0.4654487838138117,0.8570084033315841,0.5711669571562623,0.77934241058442,0.8896584524348263,0.9475597985845113,0.7766590274917051,0.9262700211315916,0.9623211158059548,0.8058499662916014,0.8463809254714867,0.7876282222528317,0.8034406041869142,0.938412400887346,0.9071820194155714,0.8822265994777523,0.0,0.9544316996038,0.9164419655193174,0.9492063492063487,0.8612222667022559,0.9384124008873459,0.9459533477380776,0.9262700211315916,0.8311464231994979,0.9355809960386169,0.8046479448175361,0.9602211523225771,0.7935775465776653,0.9398636845831868,0.8664724446651941,0.06018876900102055,0.9428469360414603,0.7143607147557587,0.9152582079543838,0.9341976401680094,0.7806724477786733,0.8801173618492381,0.7318083230664854,0.8633240709217587,0.9188361382271666,0.6991852245234762,0.8612222667022558,0.9250013316406693,0.960221152322577,0.9369854052620166,0.9508971383859764,0.8388272306091985,0.9027019168030597,0.525843532183836,0.03139863267861642,0.7960789049353036,0.8409971458279799,0.9623211158059548,0.8790644420447873,0.9526370111116403,0.9176344520056336,0.9164419655193169,0.932833950574053,0.9015943008452886,0.9250013316406693,0.9369854052620166,0.500567215157067,0.9398636845831867,0.9475597985845113,0.9544316996038,0.9623211158059548,0.0,0.9188361382271668,0.8654234385275935,0.8070467719220202,0.9200475251844383,0.0,0.8832831707913574,0.8244397822834253,0.9060540201833015,0.3445847415586565,0.9038142386822648,0.8918007079504506,0.8811713725919912,0.7859181167692969,0.9275522446953854,0.9060540201833015,0.659898971292181,0.8907283270583696,0.9562880686171872,0.9027019168030598,0.9288488221297497,0.9526370111116406,0.915258207954384,0.9623211158059547,0.9275522446953854,0.9459533477380776,0.9623211158059548,0.9413411539914588,0.9288488221297497,0.9492063492063487,0.6783615558233285,0.8843412180810756,0.9582144552981327,0.9492063492063489,0.938412400887346,0.780672447778673,0.8022278398026612,0.03139863267861642,0.9544316996038001,0.08671734220308558,0.03139863267861642,0.03139863267861642,0.3741839079094692,0.0,0.944383427890573,0.45276065613764793,0.0,0.9341976401680094,0.535161772248302,0.9582144552981325,0.9526370111116405,0.9562880686171874,0.9508971383859763,0.03139863267861642,0.7960789049353035,0.8580633769736241,0.935580996038617,0.84099714582798,0.0,0.9071820194155721,0.9526370111116405,0.9341976401680094,0.7935775465776653,0.9083158055901508,0.9582144552981325,0.9508971383859763,0.9369854052620166,0.915258207954384,0.6284764518573094,0.9492063492063487,0.4006068367505189,0.9212691469911799,0.9250013316406693,0.6848496741376318,0.9398636845831869,0.9582144552981327,0.9301606414450722,0.9526370111116405,0.9071820194155722,0.8420784215528955,0.0,0.9492063492063487,0.8822265994777521,0.960221152322577,0.8377384241745146,0.944383427890573,0.9398636845831868,0.8244397822834255,0.06018876900102055,0.7569089328329721,0.7846176027958275,0.0,0.0,0.40880739824839063,0.6991852245234766,0.9027019168030597,0.8058499662916012,0.8453085223330433,0.8152867967569689,0.8399134433261014,0.7997856146881548,0.9328339505740529,0.8129560940834346,0.0,0.9004911494084332,0.9544316996038,0.9623211158059548,0.8311464231994979,0.9582144552981325,0.8311464231994979,0.0,0.0,0.7739436107925914,0.9492063492063487,0.7819949015164562,0.938412400887346,0.8570084033315841,0.8993922310882436,0.68567022295256,0.8993922310882436,0.834455605728513,0.8506512873935217,0.0,0.9152582079543838,0.8175997772209664,0.9508971383859763,0.9582144552981325,0.5526275082095407,0.7351207557283753,0.43182584581086747,0.9176344520056336,0.9508971383859763,0.8591172857456586,0.0,0.8266892096935957,0.9176344520056336,0.8993922310882436,0.8727631680356078,0.8654234385275936,0.9413411539914588,0.9049315186013054,0.8538362113124117,0.9562880686171875,0.8685695845092951,0.8622735200335979,0.9443834278905732,0.9602211523225768,0.922501574170787,0.2586095064370062,0.8129560940834346,0.9544316996038,0.03139863267861642,0.8759110188590656,0.9288488221297497,0.9152582079543838,0.92126914699118,0.9623211158059548,0.9152582079543838,0.9623211158059548,0.9623211158059548,0.9027019168030598,0.36470195687094553,0.8961186971729788,0.9492063492063487,0.9602211523225769,0.938412400887346,0.9384124008873459,0.8322525541058978,0.9428469360414611,0.9475597985845114,0.9288488221297497,0.5210240199989244,0.9508971383859761,0.7684119013812074,0.3833143586062788,0.7125274559321442,0.7447432793600621,0.0,0.8918007079504506,0.9492063492063488,0.758381053055492,0.960221152322577,0.9328339505740529,0.9341976401680095,0.855952276285969,0.0,0.7399891659895363,0.8058499662916013,0.9341976401680095,0.8058499662916012,0.8266892096935957,0.8129560940834346,0.9544316996038,0.7143607147557587,0.6716454483484393,0.8058499662916013,0.7431708752992889,0.9355809960386166,0.6761489807685293,0.9623211158059548,0.9355809960386169,0.9492063492063489,0.8982973238138027,0.930160641445072,0.8388272306091985,0.47795836130872393,0.8106069085572615,0.9492063492063489,0.03139863267861642,0.8420784215528955,0.8612222667022561,0.5110414539348818,0.776659027491705,0.7524297972473161,0.0,0.9856724533720751,0.8633240709217587,0.922501574170787,0.0,0.8399134433261015,0.9428469360414605,0.9582144552981325,0.21151139151266962,0.03139863267861642,0.9114861522954758,0.931488667261505,0.8972062142375331,0.9288488221297497,0.9083158055901508,0.9355809960386172,0.8129560940834347,0.0,0.9275522446953854,0.0,0.9582144552981325,0.8333555867103809,0.8843412180810759,0.9623211158059548,0.9262700211315917,0.8022278398026612,0.904931518601306,0.9225015741707869,0.0,0.8322525541058978,0.8210376473859937,0.8506512873935216,0.9250013316406693,0.4006068367505198,0.9544316996038001,0.3227392978460526,0.9237454173815312,0.392115299153029,0.8928757609748665,0.7948313236856197,0.392115299153029,0.9225015741707872,0.9544316996038001,0.8854008763534221,0.392115299153029,0.9623211158059548,0.9314886672615049,0.9508971383859763,0.8854008763534221,0.9475597985845113,0.9237454173815312,0.9341976401680094,0.8918007079504507,0.9152582079543841,0.9355809960386168,0.9140827360776215,0.9301606414450722,0.9475597985845113,0.938412400887346,0.7301312695908226,0.9225015741707872,0.9015943008452887,0.8333555867103808,0.4244019359716926,0.9083158055901509,0.9301606414450722,0.9508971383859762,0.9526370111116405,0.9015943008452886,0.8939536575643378,0.9275522446953854,0.9275522446953854,0.9004911494084332,0.9544316996038,0.9562880686171872,0.5974763156586969,0.9262700211315922,0.8664724446651934,0.9176344520056336,0.9250013316406693,0.6549904556418,0.9369854052620166,0.9237454173815312,0.9492063492063487,0.8366469404145512,0.8780124908814328,0.9129151319089184,0.9004911494084332,0.6623067578386679,0.9562880686171874,0.9188361382271666,0.5906675167558797,0.9314886672615046,0.9443834278905731,0.9262700211315917,0.8993922310882435,0.6040574193889983,0.7598430279509687,0.9398636845831868,0.6739104850582693,0.9475597985845114,0.8832831707913574,0.7143607147557585,0.9526370111116406,0.9508971383859763,0.8864622842804516,0.9275522446953852,0.9526370111116405,0.8982973238138026,0.8633240709217587,0.708808264663793,0.9459533477380775,0.9459533477380775,0.8322525541058978,0.9341976401680094,0.9027019168030598,0.9526370111116405,0.8591172857456586,0.9341976401680094,0.9562880686171872,0.8928757609748665,0.9328339505740529,0.9508971383859763,0.960221152322577,0.8854008763534221,0.9582144552981325,0.7197593917099125,0.9562880686171872
p284_G,0.9156231404837463,0.9473740959672469,0.8984515905607441,0.8608841892892474,0.9152582079543843,0.6681446414719281,0.7169737524117659,0.7872070270489906,0.8395280973905592,0.9336347991328913,0.8996713357710031,0.9125111785873636,0.9125111785873636,0.6819437747351317,0.6942676998150827,0.899603674299033,0.8956580181478542,0.8856988418635348,0.7115640556679514,0.7448986425205786,0.9351625719861467,0.8142220442289038,0.8645307055964572,0.9621698344437761,0.8575821538303017,0.885698841863535,0.6591018812090859,0.8605956163602337,0.7448986425205786,0.7145667211237146,0.9360968865539772,0.9239759423528264,0.9046484553665961,0.8764969900463839,0.9580166426603276,0.8138923488875741,0.918079042897614,0.7874358248904114,0.9371382816751241,0.8570244110589611,0.7243697373376097,0.8879432507007239,0.9371382816751241,0.8547116092900202,0.9072118677365053,0.6025445199534829,0.9209817665727265,0.8339840080055287,0.5326589556821018,0.8194852749688186,0.9239759423528264,0.8338446990507491,0.885698841863535,0.9021362778138218,0.9046484553665961,0.9909282086879027,0.5437081986851438,0.9152582079543841,0.8973525452121978,0.9098310498422768,0.8432648458861447,0.9185883092567728,0.7847394565409083,0.8321506231964106,0.48417504129151756,0.8773549079157226,0.7927524282151158,0.8607276799439836,0.8887059564394066,0.9302869180633688,0.5716855997022192,0.9867705932097051,0.9152582079543843,0.7108562443941846,0.9152582079543841,0.9018761436541087,0.933316065142574,0.8426107983547331,0.7241053061242859,0.8936972568164698,0.8996713357710031,0.8029903728618499,0.905775346051561,0.8856988418635348,0.9152582079543841,0.7107326246304714,0.8863540129799098,0.7482013197512769,0.8468826290818736,0.9125111785873636,0.9152582079543841,0.357830582825739,0.4981344567800474,0.7579133348704647,0.8769922925568632,0.8339840080055285,0.4177771851455051,0.9041654272565289,0.7183271064132095,0.7915044878536361,0.6714853444002176,0.714488125212255,0.6571574449861834,0.6266735693376517,0.9966626187890886,0.9302869180633686,0.6599995416164908,0.6618586811173359,0.8948693468634785,0.7145855431989001,0.42561726383074294,0.8879432507007239,0.8637192092529595,0.46175872332899015,0.9209817665727265,0.8220426195884196,0.8345068763030484,0.9302869180633686,0.950085410652605,0.7631994628418881,0.8547116092900202,0.32863386023738383,0.7514899398419217,0.8496288531646408,0.9824764774982422,0.5919647803536199,0.918079042897614,0.871172047389687,0.8797499413008519,0.8586206896551725,0.7877239185135081,0.9209817665727262,0.9239759423528264,0.9371382816751241,0.3831197214471883,0.8059945119496473,0.7982366744065175,0.981600181169821,0.9239759423528264,0.9098310498422768,0.67738643969022,0.9336347991328913,0.707103403107213,0.5740758054612249,0.5220059986101702,0.8508524342038155,0.9158917230732839,0.73653089803199,0.8834832246395514,0.5968940559237883,0.798476402244999,0.8432648458861445,0.7552812543689115,0.8684389356219331,0.9343882429311446,0.8834832246395516,0.5281402090255322,0.8678138346232583,0.7817124512888372,0.39673054836652355,0.672197028017921,0.9209817665727262,0.9924821208671799,0.6700460193353561,0.8770832199670353,0.1265125327547334,0.8711720473896869,0.9553394119369607,0.8769922925568632,0.7419198496887558,0.9801777989919913,0.9540589546097202,0.881294645597023,0.7365898528545385,0.7762354873055686,0.5682101684282909,0.7115640556679511,0.8479566136798238,0.6386098033912084,0.8698807330114567,0.8527760996057683,0.9295577937136201,0.9909282086879025,0.9125111785873636,0.8057649851807006,0.5005809126763003,0.844549725217949,0.8358244551518945,0.9021362778138219,0.8727803597140285,0.9098310498422768,0.8649303928299308,0.8629156896549875,0.7228195313572696,0.8432648458861445,0.9152582079543841,0.9180790428976138,0.7261942854966694,0.8339840080055283,0.9760265524581471,0.8664957973805585,0.9125111785873636,0.9152582079543841,0.9493203017075047,0.9066807239840107,0.9336347991328913,0.9152582079543841,0.7411620366898102,0.8586206896551725,0.8105788943203351,0.7614393933136983,0.6464204728884835,0.4227244050549286,0.9152582079543841,0.7596773995000082,0.9152582079543838,0.9842318644685908,0.9781582799809264,0.9469325627228884,0.9152582079543841,0.8412611258298746,0.9152582079543841,0.7359838351941737,0.9232815443360511,0.6329584581972487,0.9248495700822046,0.6233555981585,0.618272218713765,0.9098310498422768,0.7604122773126193,0.8972500807670711,0.6402659056152367,0.6903180033478229,0.962801345348242,0.9239759423528264,0.8321506231964106,0.8176961639848566,0.9355105445791142,0.977177839647611,0.8586206896551725,0.8586206896551722,0.9072118677365053,0.3513327562804305,0.9098310498422768,0.9152582079543841,0.8376723506997306,0.9152582079543841,0.629736942949958,0.7794785534062242,0.9239759423528267,0.8791314954080307,0.6182722187137653,0.918079042897614,0.8566595864113669,0.9636743678186818,0.4218181235224653,0.9162444743188084,0.7684696092538161,0.9209817665727265,0.4247542199344675,0.8713011625822458,0.7401272099755851,0.9125111785873636,0.9270730230791455,0.5046525956344536,0.9371382816751241,0.7219781213616254,0.7219781213616256,0.9214489273204716,0.8479566136798238,0.4092522190210284,0.9239759423528267,0.7472773782722049,0.6618586811173361,0.959821045088194,0.9302869180633686,0.7145855431989003,0.9229191504163331,0.5302870311672212,0.9140968272009683,0.9302869180633686,0.8324970174271815,0.6898925387975394,0.9257389930135203,0.9495258032875477,0.5626501650323873,0.6233555981585,0.9221261809159464,0.7152124051796409,0.9907143086558443,0.9209817665727262,0.9209817665727262,0.579328419149781,0.7627282022777632,0.6639199870381405,0.7579133348704645,0.899603674299033,0.9265460999247153,0.916220642107197,0.5288821408683528,0.7921513199835895,0.6857526560898857,0.7455404899764402,0.6885444555819682,0.87924621167182,0.987885706373519,0.9807928612526089,0.8605956163602335,0.597342747573258,0.8489400226485824,0.8070402049768046,0.5517470060428751,0.6655768025380875,0.7449038980012528,0.4196708467410437,0.7984764022449994,0.8903326882693017,0.7448986425205779,0.8189607531784784,0.8586206896551725,0.6738514168743523,0.920981766572726,0.9152582079543841,0.9239759423528264,0.7842991414316778,0.5540462654240186,0.9302869180633686,0.9270730230791457,0.8797499413008523,0.9152582079543841,0.8948693468634783,0.9302869180633688,0.9371382816751241,0.8508524342038151,0.8225942909494108,0.291671607184422,0.9239759423528267,0.7219781213616254,0.7141252900937981,0.7161258685124615,0.9046484553665963,0.46704232142942703,0.9209817665727262,0.8645899440480416,0.6802447373309213,0.9021362778138218,0.8508524342038153,0.9371382816751241,0.6089263176495909,0.5312795688389498,0.6296331645853783,0.8562319953247262,0.9125111785873636,0.9840705843230202,0.6010206127539428,0.6780857041613111,0.6800738680803693,0.5324594515379091,0.9152582079543841,0.7561470539717314,0.8625851059964715,0.6095051427884084,0.9382965016294352,0.9336347991328913,0.741919849688756,0.9152582079543841,0.9152582079543841,0.8834832246395512,0.8395280973905597,0.4188976563943071,0.9152582079543838,0.7984764022449999,0.4006068367505232,0.503003360181016,0.9256628667621534,0.8147501276706399,0.9152582079543843,0.28140068320535017,0.8972500807670707,0.6671503344751522,0.7253204836843734,0.9152582079543841,0.8906679873366545,0.43600726496960507,0.6273881882510954,0.6502108023352071,0.8727803597140285,0.45583974327389964,0.9665480300996037,0.6597874190636706,0.9152582079543841,0.5818928286788687,0.885698841863535,0.8465722145714896,0.7112546839912901,0.918079042897614,0.6510267667715843,0.8259252898582853,0.9152582079543841,0.8266892096935972,0.6926130384069058,0.9152582079543841,0.9331959995055013,0.9708910966180733,0.834160084171848,0.5412250420771516,0.6700460193353561,0.9152582079543841,0.8336686131845915,0.9011477921215736,0.9270730230791457,0.6482196007206301,0.672166354901399,0.8451467479521528,0.847038304686687,0.5460977283312541,0.9209817665727262,0.85478507095173,0.8105788943203351,0.961938580597147,0.7543784123327499,0.6296454355010601,0.9183625211484746,0.8925262950745887,0.9239759423528264,0.4551777549453513,0.9152582079543841,0.9302869180633688,0.6640181095538313,0.967864207948913,0.8996713357710031,0.9106086590743891,0.9098310498422768,0.885408258397773,0.918079042897614,0.9098310498422768,0.9364881737530408,0.6999158796921268,0.9021362778138218,0.9963424578419111,0.5762191075039089,0.9302869180633688,0.7437089977875249,0.9336347991328913,0.9021362778138218,0.8645307055964573,0.704981527436946,0.7781560598534002,0.5841653633473122,0.906085879315284,0.8605956163602335,0.8514410681490046,0.8879432507007241,0.8972500807670711,0.9384799527980219,0.8056206522660098,0.8645899440480409,0.7243697373376097,0.8819488582832657,0.7689024551500211,0.8321506231964106,0.8996713357710031,0.8748756693307256,0.5095004540508241,0.6755994131501959,0.7488579551413606,0.9466378905596333,0.7646253889307864,0.5982681244296567,0.8707051888795789,0.8902183677316946,0.8925262950745887,0.5354074092975498,0.8996713357710033,0.8524694551907273,0.8902183677316946,0.8351555929352402,0.6631238904191137,0.7600543887391324,0.7273709226693696,0.9760700705133396,0.6822871400056008,0.8321506231964106,0.9302869180633686,0.7361653036976693,0.8429905361746888,0.6804256865012973,0.945003270600653,0.6985279040322139,0.619675858385959,0.9711878805915029,0.9302869180633686,0.8802394617762669,0.6847123286189156,0.8725121154688947,0.9212977173232094,0.8382021652784952,0.7052177893356901,0.8451467479521528,0.9072118677365055,0.5954074605364754,0.9152582079543841,0.9270730230791457,0.9152582079543841,0.9152582079543841,0.6976105905469066,0.8925262950745887,0.4162070951031388,0.9152582079543841,0.6820536687222423,0.7292902459116828,0.8586206896551725,0.5646101691880113,0.8906679873366545,0.952990603402311,0.6270236983826509,0.8376723506997308,0.7329189478805092,0.9046484553665963,0.810578894320335,0.9270730230791455,0.8625851059964713,0.7947271048367865,0.7596773995000083,0.6659652014948862,0.9046484553665961,0.9502726792490606,0.6799940771162383,0.6313630251988527,0.5943448869447268,0.9209817665727265,0.49587826821190806,0.8972500807670707,0.8440113363412965,0.9966447233584261,0.7670858527670901,0.8251414413286071,0.8432648458861445,0.8925262950745885,0.8666109663611834,0.9209817665727262,0.8972500807670711,0.6410130416407649,0.9117649022044418,0.7614393933136983,0.7231770329932695,0.9239759423528267,0.7520072152829689,0.9072118677365055,0.9437432996942221,0.5803281264658889,0.9628454933455661,0.6273881882510954,0.8769922925568632,0.9500854106526051,0.5635241960715172,0.7437089977875249,0.8376723506997306,0.624415080330964,0.7420900754778976,0.8451467479521528,0.8705381445093676,0.9152582079543841,0.9239759423528264,0.88873150110704,0.9152582079543843,0.676937224812481,0.8972500807670707,0.9098310498422768,0.8437089570825391,0.4981344567800474,0.8925262950745887,0.6740836112921156,0.9336347991328913,0.6078864437853919,0.8996713357710031,0.798141209189954,0.9098310498422768,0.8259252898582852,0.7787621042935644,0.6124474348191764,0.56437494887905,0.9805983029779717,0.7999933174064826,0.6084208512808629,0.771976162795579,0.8477288716124306,0.7182924545133287,0.7180182000668296,0.8748756693307256,0.6913208827961561,0.5746695831946222,0.9180790428976142,0.9200112880802831,0.8376723506997306,0.8212788440155339,0.9125111785873636,0.6397388793457002,0.6617327436861973,0.8373091029803346,0.8642719355516488,0.9209817665727262,0.796069078505083,0.8017737666780879,0.8879432507007241,0.8358244551518945,0.6965758101065123,0.8948693468634785,0.8303239302316396,0.8996713357710029,0.9125111785873636,0.9711878805915029,0.7809209491441991,0.9152582079543841,0.8645899440480409,0.7869974083743576,0.6780857041613111,0.5512958215828081,0.9152582079543838,0.8052750075161217,0.5173064083206869,0.8432648458861445,0.5924735674580737,0.9411372791480437,0.7339147621196558,0.801751780477767,0.6776254456822413,0.8690511952610999,0.6919128304650988,0.75083347331355,0.9019666944541097,0.9270730230791457,0.6834915393333867,0.5437081986851436,0.9209817665727262,0.38973927670311315,0.9935264355112596,0.8791314954080307,0.7261942854966693,0.9371382816751241,0.9021362778138218,0.8312067765440603,0.6571574449861831,0.8536741304353099,0.8973472988653557,0.9302869180633688,0.9152582079543843,0.8972500807670709,0.6136290621613225,0.6700460193353561,0.9125111785873636,0.9239759423528267,0.9072118677365053,0.9125111785873636,0.9125111785873636,0.8645899440480409,0.9152582079543841,0.9072118677365053,0.8451467479521529,0.9152582079543841,0.6666387020145355,0.6216295528930758,0.9302869180633686,0.9209817665727262,0.9270730230791457,0.918079042897614,0.9125111785873636,0.584438323956966,0.7631994628418881,0.8925262950745887,0.734726947317814,0.9152582079543841,0.6599995416164908,0.714488125212255,0.9924821208671799,0.6556142677649814,0.49610750293258343,0.9302869180633686,0.6851038331869259,0.8948693468634785,0.8586206896551727,0.7514899398419218,0.9152582079543841,0.8586206896551725,0.7189659513525051,0.6965758101065119,0.7311067605158568,0.768977122390658,0.9814510646731802,0.3704762279936711,0.9209817665727265,0.8162691343842872,0.73653089803199,0.9152582079543841,0.7854327491040131,0.892880101843778,0.9336347991328913,0.4777457841482018,0.9072118677365053,0.8996713357710029,0.7071034031072132,0.9098310498422768,0.6513989879052628,0.6406659094399356,0.9152582079543841,0.9152582079543841,0.8566595864113673,0.5745806117758159,0.6834915393333867,0.8973525452121978,0.7419198496887558,0.5412250420771518,0.8203027506943795,0.6659715232212062,0.5089545701438225,0.6879445456091824,0.9152582079543841,0.8339840080055283,0.9239759423528264,0.9371382816751241,0.4981344567800474,0.9302869180633686,0.7182924545133287,0.9152582079543841,0.9152582079543841,0.6228579118555615,0.6999158796921263,0.764753019412417,0.8863540129799101,0.6709149833824134,0.9461095570705995,0.8791314954080307,0.9707473148187092,0.7430349118316435,0.432591077842737,0.9152582079543838,0.0,0.6956918530898957,0.918079042897614,0.9302869180633686,0.9018761436541087,0.7915624271244798,0.9043677125545331,0.14182293213306085,0.918079042897614,0.8465722145714896,0.9152582079543841,0.7108562443941846,0.5116142322563771,0.8321506231964106,0.6338884777533269,0.9536731952019879,0.9021362778138218,0.8413921158471316,0.42022717934095255,0.9270730230791457,0.780727536533476,0.7702234719866516,0.9072118677365051,0.9336347991328913,0.8707051888795789,0.8856988418635348,0.6879445456091824,0.9239759423528264,0.9125111785873636,0.7929756481234906,0.8812946455970232,0.7794785534062241,0.8686490640266937,0.9371382816751241,0.7238015138772083,0.9371382816751241,0.9371382816751241,0.7338953403825323,0.8666109663611834,0.8266892096935972,0.9152582079543843,0.9056319216938427,0.7420900754778974,0.8972500807670709,0.4948251426783983,0.9046484553665963,0.9125111785873636,0.8812946455970232,0.8230771571354665,0.9180790428976138,0.634083994164546,0.8625851059964715,0.7618803397014782,0.7234655543948056,0.9152582079543841,0.31082006041399957,0.9152582079543843,0.6492750543065731,0.9336347991328913,0.8879432507007239,0.8902183677316946,0.5531806934809613,0.9152582079543841,0.6740836112921156,0.5635241960715172,0.8902183677316946,0.6760890086635991,0.7108562443941846,0.6879445456091824,0.9239759423528264,0.7033258503879964,0.7615757470088254,0.9913713384075755,0.6455118395399997,0.6215877062675021,0.45970184665473635,0.9500854106526051,0.6562938490287814,0.9137080532218428,0.85478507095173,0.9867705932097051,0.7311067605158565,0.8376723506997308,0.5525613347346621,0.9152582079543843,0.9125111785873636,0.73653089803199,0.6153157619309578,0.9079514179323016,0.6273881882510954,0.6053879063520844,0.9152582079543841,0.6471399879728879,0.7729759932683852,0.7714139820121896,0.9152582079543841,0.7329189478805092,0.9046484553665961,0.9302869180633686,0.8925262950745887,0.9125111785873636,0.9607079996608053,0.885698841863535,0.9043083694549341,0.8631510629728291,0.6800266767991883,0.961938580597147,0.5469417106622204,0.9152582079543841,0.8791314954080307,0.9152582079543841,0.9302869180633686,0.5682170114955414,0.8070402049768044,0.9371382816751241,0.8769922925568632,0.9229883832391802,0.8413921158471314,0.5626501650323881,0.9152582079543841,0.7201378724697229,0.7014274376374254,0.9902523599799071,0.574133375660009,0.9699747687132043,0.9239759423528267,0.8748756693307256,0.8727803597140285,0.8605956163602335,0.8212788440155339,0.5869652543073087,0.8605956163602335,0.9899987985823231,0.6039046752604115,0.9223025703420795,0.8605956163602335,0.9371382816751241,0.5210900952644629,0.918079042897614,0.8053106771413622,0.5889155091443545,0.8727803597140285,0.5984628665908784,0.9689673741783532,0.9743481917577799,0.8925262950745885,0.8566595864113675,0.8834832246395512,0.9125111785873636,0.8972500807670709,0.8164701653683468,0.6521203723094458,0.7140338530832586,0.9138172746434725,0.8527760996057683,0.8639458506657919,0.7921513199835895,0.918079042897614,0.9209817665727265,0.985871685740177,0.9150626514540598,0.8791314954080305,0.8690511952611004,0.9829035021794312,0.9239759423528264,0.9270730230791457,0.9400724976363595,0.876992292556863,0.7208725703290195,0.9763670444959536,0.8496288531646414,0.8945866455490639,0.7514899398419215,0.8727803597140285,0.9152582079543841,0.9397680253128504,0.6996532410066806,0.9543449980412201,0.8836238393968296,0.8880896943769039,0.827613670408631,0.7614245163105725,0.9449159152435009,0.885698841863535,0.5802498355628298,0.9368085405360719,0.8721962838262693,0.9352961278079994,0.9411992521264024,0.8057939603726956,0.877379376487226,0.755106613233782,0.8129418800424907,0.9572110070369475,0.486656807577868,0.9937393740100617,0.8105788943203354,0.8791314954080298,0.9209817665727265,0.8027589589670063,0.8133441486079458,0.9310236666640873,0.6857526560898854,0.9688440619373718,0.7201378724697229,0.9583942031553514,0.6834915393333871,0.8056206522660099,0.7649577557899117,0.8711662082855068,0.9270730230791457,0.8212788440155339,0.8440113363412965,0.6851038331869258,0.9336347991328913,0.918805157356595,0.9302869180633686,0.9643713791488662,0.9270730230791457
p284_L,0.805967360538232,0.7893558267078447,0.6114558676920614,0.8623384906767169,0.8079402234382972,0.8646949616010218,0.9908305213856434,0.9382856117407343,0.48977891778153515,0.781914478659313,0.7840502275826162,0.8804335103263402,0.8244554225158999,0.7217028129421283,0.9424925647534876,0.8790091515685723,0.933079171735423,0.7539755036479479,0.9878167295680607,0.8932471373037336,0.7198046581441435,0.8274310299056,0.9089517602104953,0.8199025531916305,0.7737143139162701,0.6243900819052652,0.8002806456228628,0.6366672963016282,0.8932471373037334,0.7367889892591215,0.6919291915308098,0.8455883744569337,0.8466206653618147,0.7488223238895555,0.8367448387722001,0.8499479257057736,0.8533735784330467,0.7947630966537043,0.7934274222916354,0.7492065571164641,0.638717060576008,0.7446225756585076,0.9406677651804309,0.7246957023866216,0.8534000560678872,0.5985968029284527,0.8299192991696218,0.5547687531058911,0.7492065571164643,0.4384719250147032,0.8773931336696003,0.4866243706746374,0.6465913109926505,0.8653898739921444,0.9718778441598015,0.7875349366927928,0.9596914506577512,0.8175997772209664,0.6526299112869766,0.805918234680862,0.5197383441633381,0.6021300660820641,0.8464023727791176,0.9208737712128994,0.8430302626854405,0.43254848936028234,0.8681687926290682,0.700394526106404,0.8654719779423199,0.8844151266713454,0.7172771615347813,0.7492065571164646,0.9328182385565771,0.1648953384554147,0.8175997772209664,0.5922855648789718,0.7788386614655776,0.8088522312849595,0.4130161015136673,0.8646949616010216,0.8935237242869182,0.8325943611427054,0.7352353225066453,0.9759877945218007,0.8175997772209664,0.704224955900048,0.8760233983456223,0.6529783990823548,0.8355624786970706,0.8116870067162374,0.8175997772209664,0.6114558676920612,0.6768886947838195,0.557372928544005,0.81885851740197,0.8724519062392078,0.6037630187396044,0.5961038803458263,0.26594700104870117,0.3099172117619764,0.7660153724471725,0.8299192991696218,0.817599777220966,0.7232149825804643,0.6071169590155401,0.8499479257057734,0.6666902246251636,0.2740161407300825,0.7974656740968147,0.19037210720635644,0.554395924473323,0.9619491047309605,0.45486397096636566,0.6927147339216593,0.8299192991696218,0.36845871879532177,0.8653898739921448,0.7709128636729369,0.8646949616010216,0.37254612246706575,0.9084539651614316,0.7260959372470659,0.7737143139162701,0.8981403899196907,0.7761767327353337,0.5021581779134425,0.8236714085807446,0.9586971536315128,0.9516322262423385,0.8729735867859885,0.43230922234967817,0.8606154343794663,0.8363640334164013,0.8314138240813405,0.800280645622863,0.5901573741502528,0.6632021936339696,0.8363640334164018,0.8681687926290678,0.8331621126794349,0.5855878751919155,0.8571539835218493,0.4962659905549872,0.654288715071921,0.7507298525937234,0.5459308758660788,0.6995125632285355,0.331390198475465,0.6389604266569997,0.2574773719512162,0.8571539835218496,0.5545307731591633,0.8775500417653437,0.9924447351137189,0.8999735518417347,0.6389604266569995,0.6714957633068055,0.7842762435933202,0.7350268605073202,0.6190566872220116,0.807319027786296,0.8606154343794663,0.7866670785386733,0.5014213422509605,0.6799562575902209,0.7188967308975089,0.6957886507859503,0.7051068748435116,0.8815759135734631,0.42998071491136647,0.7618844351520107,0.8116870067162374,0.7605542141491901,0.6432360055185689,0.7941058167740472,0.7685539523338543,0.8844151266713451,0.9206192073019182,0.8501366804291368,0.6845404205415395,0.8983472858496694,0.731344331297237,0.8736131936752718,0.8804335103263402,0.942362004647991,0.4886579528183117,0.3588455331496041,0.6289635723627325,0.9160792388483449,0.7465192368593665,0.9216429853334099,0.6780163238366002,0.5011820044980935,0.29336303441651035,0.9061865774055105,0.8175997772209664,0.7604982134870262,0.9693815026722987,0.8390115743304375,0.6170662293140725,0.6443209032615713,0.8524444664211202,0.8175997772209664,0.5280328015240388,0.2685910755510015,0.8180076324411969,0.8175997772209664,0.8617857572044305,0.610422115406092,0.5159174970495322,0.707712594181541,0.6758606558640465,0.8116870067162376,0.8175997772209664,0.9590736619269455,0.8175997772209664,0.3950571413728792,0.4734562239967288,0.5132676189367219,0.8175997772209664,0.5569977095477119,0.8175997772209664,0.6505925680748734,0.8069474869727817,0.6999427316974836,0.5690182055280784,0.8299192991696218,0.21517117915471318,0.8604059906780077,0.8154313028937346,0.7109414699141875,0.7670168614222006,0.642424324747189,0.7085402163921226,0.8363640334164015,0.9042763176460235,0.7786269981295633,0.8713095729071674,0.7781346438160188,0.8542199102588527,0.5729147623518205,0.6950849551494085,0.5884740443577103,0.8126674733391188,0.8175997772209664,0.7212305814071154,0.8175997772209664,0.5537192807550939,0.6956918530898961,0.9091978928822666,0.9730935023487233,0.20281372792743801,0.7604982134870262,0.5289629441600956,0.7737143139162701,0.6153163878178838,0.8088522312849598,0.3775309894465848,0.7403348078925531,0.5393265798854903,0.9991751206312152,0.3045258256451746,0.8116870067162374,0.9752363264287462,0.6037512888500602,0.7934274222916354,0.6162407365995348,0.7196281136963334,0.8265206495261004,0.7059538283553082,0.5651831889812866,0.8773931336696001,0.5431539393908424,0.5598072943896237,0.4007942833904057,0.8499479257057734,0.17754363269631812,0.7888183866317772,0.7637034372366571,0.9667136044341875,0.8499479257057734,0.8732176670231312,0.1823205306208775,0.8760817786212669,0.6512637176223639,0.7217028129421279,0.8299192991696218,0.7085402163921231,0.10471352969644188,0.805918234680862,0.8299192991696218,0.8299192991696218,0.2766134895657367,0.8499479257057736,0.368083923844567,0.6931053360407013,0.5884740443577103,0.8725017221101863,0.8499479257057736,0.8175997772209662,0.7929089154183595,0.805918234680862,0.836364033416402,0.15249534360880257,0.7555112230183341,0.8299192991696216,0.749206557116465,0.8072532891018568,0.3492954809298272,0.5750344590635623,0.6244604666908434,0.7737692122131583,0.8368867638288477,0.7341924558274875,0.6008158543762889,0.8932471373037334,0.6095663579983949,0.965433444867501,0.8635794905973577,0.6291757919332273,0.692714733921659,0.8938154839417759,0.8175997772209664,0.7501740968189332,0.8713095729071672,0.7539755036479487,0.8499479257057734,0.9421848104929198,0.867665094526678,0.8175997772209664,0.7737143139162699,0.8053800646385088,0.8646949616010216,0.6789712776721679,0.5818076076206404,0.7637034372366573,0.8137836152442673,0.3577722938575387,0.3856672221794102,0.7975376479155432,0.6866612162651988,0.4552510543095172,0.7710309431023975,0.7488223238895557,0.49991491518733877,0.7290952071582513,0.6360585324313993,0.8646949616010216,0.22186493071799362,0.7085402163921226,0.17836016129944088,0.8002806456228628,0.8116870067162374,0.8561806426043128,0.5884740443577101,0.1422296484039337,0.1614754217642127,0.3491299355508648,0.8175997772209664,0.40165580390948874,0.7783858154600478,0.7324969362916927,0.9150131601607496,0.9293402910856172,0.3240496975126226,0.8175997772209664,0.8175997772209664,0.7045139641098426,0.6095663579983949,0.5078346391123891,0.8175997772209664,0.8571539835218498,0.817599777220966,0.7217028129421279,0.6308670644773215,0.26859107555100137,0.8175997772209662,0.7261694593673584,0.7788386614655773,0.3976181860603203,0.3113834823841868,0.8175997772209664,0.5732858777999712,0.6999427316974836,0.1833105196483339,0.24753171564573384,0.7465192368593665,0.6030633761020132,0.8299192991696216,0.10553529186783339,0.8175997772209664,0.27217668630615943,0.7539755036479485,0.667460326528182,0.7494976165566458,0.8496047230439326,0.39364606512398836,0.7947630966537045,0.8175997772209664,0.7717485315586342,0.6654609191762193,0.8175997772209664,0.9889336557445273,0.5701661490261435,0.6300901876210565,0.3366940770091489,0.07772548675691104,0.8175997772209664,0.8531131726963881,0.4961741557217668,0.8760817786212667,0.6424161002893503,0.5005123279779619,0.5437663427717531,0.5150458755894378,0.6432128584290371,0.8299192991696218,0.7225542752761507,0.392911022832774,0.7920511885645447,0.3277846578885669,0.7207765072506112,0.5355618327000036,0.9557119888688754,0.8363640334164011,0.7761767327353339,0.8175997772209664,0.8844151266713454,0.781398977132775,0.5151099272647529,0.8191177131798877,0.7610446756208029,0.8059182346808622,0.6496325500950111,0.972182257842255,0.8331621126794351,0.8584562386896468,0.817599777220966,0.7893558267078447,0.6102051458910827,0.6545965092409003,0.908781667535224,0.27726452567308235,0.8180076324411965,0.855818619298754,0.8621915315521151,0.5440936233779609,0.8517272141256111,0.8932471373037334,0.6543106302257424,0.6556212955016536,0.8014703091507089,0.7813778311244799,0.8274310299056007,0.6845571436345466,0.98590388957131,0.941099127699975,0.9208737712128994,0.9130181702311826,0.8555580024447214,0.730579703882705,0.9679297353939487,0.6506869518530335,0.4513003283605812,0.4327560152697558,0.6931126453975724,0.8799597612903989,0.6228346978807898,0.6548178707948091,0.7157544761195171,0.8229510193270551,0.8154313028937348,0.35763358778626175,0.8935237242869182,0.46750607181885817,0.7310964541189917,0.6956918530898961,0.5440220631722775,0.8299192991696218,0.9211918035213273,0.5265911698583783,0.838362904065949,0.8633593324177127,0.9777160694663676,0.7133862224427507,0.549313682532248,0.9091332945570934,0.7947127276976103,0.826840350845375,0.8002806456228633,0.9410026520949328,0.8053800646385088,0.7306794529803196,0.3736078307015218,0.6872778567339877,0.8116870067162374,0.8116870067162374,0.5529773572038268,0.8420383061995853,0.8268403508453748,0.5393265798854902,0.8175997772209664,0.8430302626854409,0.8175997772209664,0.8175997772209664,0.13281023121838953,0.9790921031980657,0.7085402163921224,0.8175997772209664,0.3812109053543793,0.22766978857637643,0.7894602357255733,0.7951557250388146,0.5882606842512232,0.3652748656092357,0.894171389674618,0.9079830106797359,0.2531928238872643,0.9200202754516916,0.9310643475310918,0.8430302626854405,0.5867601752230454,0.5985135030268189,0.5097888470807421,0.7306794529803196,0.9459490598057466,0.8671552293362642,0.7707857937027733,0.8430302626854405,0.6757150034297221,0.8299192991696218,0.7931447746730911,0.7595338383542088,0.8942348771285302,0.8388114172229248,0.3696798307779584,0.7465192368593665,0.502342129665424,0.7403465248516535,0.9873830485894888,0.7710309431023974,0.900319582565634,0.8236714085807446,0.9142039648291607,0.3253128656206332,0.425128472850437,0.8999735518417349,0.6640592803255385,0.9075625969295051,0.6553722887614801,0.603763018739605,0.8116870067162376,0.22038016603445665,0.735235322506645,0.8646949616010216,0.30280637741842287,0.39673786111617004,0.6872755942666389,0.3565135294491413,0.7788386614655776,0.6841296196789683,0.7456358113070103,0.8175997772209664,0.8363640334164011,0.7314372923017545,0.8367448387722002,0.5708349991711628,0.6866452856941748,0.812667473339119,0.7979527186781383,0.39364606512398836,0.7686710742353546,0.06629995467072802,0.8932471373037338,0.25873606439931285,0.957664253499021,0.3242933753687438,0.8059182346808622,0.9503358027780338,0.7873613654139301,0.826967588779844,0.7637034372366573,0.6820970272849288,0.6854651189199443,0.3198885779581775,0.3621528348512487,0.7085402163921224,0.44763408626760903,0.501648551053909,0.5888235923363669,0.85715398352185,0.8213609819148162,0.8199025531916306,0.6040270884386549,0.7042530878368769,0.7632494049916594,0.8116870067162374,0.2925542739179503,0.42902005328776127,0.9406677651804309,0.4852611339258196,0.893815483941776,0.8000377760185486,0.7378507300975343,0.7588064219236699,0.9827460426654273,0.7513005728192079,0.8451123420953608,0.8325269302043725,0.8088522312849591,0.8804335103263402,0.8363640334164013,0.8646949616010216,0.8175997772209664,0.8457218702678272,0.5307703133341206,0.45486397096636577,0.7128903122687851,0.8175997772209664,0.541652986465071,0.3950494886571787,0.5893232021549908,0.7217028129421283,0.6545965092409001,0.6114558676920612,0.45335170286864357,0.9893096742962979,0.7610446756208038,0.8366017194138555,0.44954157980015563,0.7020307983844452,0.8430302626854411,0.65060215649407,0.9596914506577512,0.8913115695893112,0.6956918530898959,0.9026813633907262,0.7936527882505646,0.8059182346808622,0.8646949616010216,0.789355826707844,0.7660153724471725,0.8464043925548688,0.511777826543445,0.5846688068540953,0.7709128636729371,0.8079402234382975,0.7595338383542093,0.38544235616446265,0.2521884860779907,0.8116870067162374,0.836364033416402,0.8002806456228626,0.8116870067162374,0.8116870067162374,0.9604790369756298,0.8175997772209664,0.7482043655944327,0.9649621880529952,0.8175997772209664,0.7637034372366573,0.6076049432051738,0.9777160694663676,0.8299192991696218,0.9256091257637743,0.8496047230439325,0.8396760506214576,0.4415691980309,0.2903425865622957,0.6702061818640839,0.24631439511356723,0.8175997772209664,0.666690224625164,0.8299192991696216,0.7637034372366573,0.3272376808129458,0.7061613283012411,0.8499479257057734,0.8236714085807446,0.6783490041004494,0.9207359714155212,0.8213609819148164,0.8175997772209664,0.9394896479426567,0.7371205159732857,0.8131639323358726,0.6517189842423678,0.8336542349873033,0.9188823276369171,0.7492065571164641,0.8299192991696218,0.7193264534653694,0.27880692688541553,0.8175997772209664,0.8464043925548688,0.5770752021749201,0.7819144786593132,0.44337589726612037,0.8002806456228628,0.784050227582616,0.29236998673193537,0.8059182346808622,0.4492362427171883,0.1531331011877981,0.8175997772209664,0.8175997772209664,0.9513261708965437,0.5738913749075172,0.65060215649407,0.5526803301816757,0.2313600572887219,0.5509179436606733,0.42512847285043653,0.10141814972989505,0.7588064219236694,0.251111267001363,0.8175997772209664,0.9436262682625565,0.8363640334164011,0.7934274222916354,0.3936460651239879,0.8499479257057734,0.40901009131399546,0.8175997772209664,0.8175997772209664,0.19312069250260755,0.817599777220966,0.163321298227329,0.778838661465578,0.48651654920797416,0.638717060576008,0.9518886196759313,0.6885094212766354,0.23484789660664307,0.4636881179923309,0.8175997772209664,0.6956918530898957,0.0,0.8236714085807446,0.8499479257057736,0.9459291782521502,0.7995679310580586,0.8592265908028083,0.704224955900048,0.7902003833393285,0.5078346391123889,0.8175997772209664,0.1904648905548788,0.8958505961370495,0.5314102610801912,0.5430919783599291,0.5307703133341208,0.7037505247301526,0.5305478255937399,0.5292562300111969,0.7934030620204686,0.804719497031892,0.39765713010811055,0.854443186484481,0.8571539835218498,0.8764809649590473,0.8871828781722597,0.20082580790357396,0.7819788560316009,0.8396760506214576,0.5244003690770112,0.71751508565795,0.8082139122527083,0.8660123952566233,0.7934274222916358,0.7331992061441668,0.9453730294504549,0.9073866276607501,0.6506021564940698,0.9873830485894888,0.4954802990528099,0.8367448387721997,0.8571539835218498,0.8274310299056002,0.8081262067942313,0.4879092109599352,0.8725494497158701,0.7124992468950192,0.9327107281141492,0.7233050429696426,0.9090090627485365,0.6133481288039635,0.8383629040659488,0.5529773572038267,0.6188052385253631,0.8175997772209664,0.6114558676920612,0.9519633001078116,0.49153870534058075,0.781914478659313,0.8574796216625584,0.6851691715149609,0.6461002886627534,0.8175997772209664,0.22857271589096628,0.30280637741842265,0.9377692258371347,0.07301292962043726,0.15211056240568266,0.07511216015910271,0.868168792629068,0.3808147196493722,0.974157312220699,0.860115880824681,0.3022609481187839,0.7686710742353546,0.43677737000214156,0.8646949616010216,0.8154313028937348,0.8175997772209658,0.832526930204373,0.8366112737202549,0.2600063909165905,0.9222420536178821,0.3575188583441764,0.9807679154417145,0.8116870067162374,0.3445360163729775,0.5016485510539097,0.6269617859286949,0.23273671482983094,0.26323838349299744,0.8175997772209664,0.16235722821028176,0.5091961392245716,0.7217028129421281,0.8175997772209664,0.18776318511190215,0.8466206653618142,0.8499479257057734,0.7920511885645445,0.8396760506214576,0.5147273048468086,0.8464023727791175,0.8599499656708516,0.8520936294296522,0.8831596910533597,0.8388114172229248,0.34089587826055423,0.8175997772209664,0.984496732305693,0.8175997772209664,0.7709128636729369,0.634200779448677,0.4267427850770773,0.7934274222916354,0.825742904292899,0.7010335179955349,0.5650518046607935,0.7417936240470697,0.8175997772209664,0.7381677184719435,0.3359976844895103,0.6112742084155733,0.7513005728192079,0.6956918530898968,0.8681687926290684,0.7306794529803193,0.7040367708564134,0.908436722897763,0.44456519617603796,0.26323838349299766,0.908436722897763,0.7217028129421283,0.836364033416402,0.603765365789861,0.908436722897763,0.7934274222916354,0.9315853363470303,0.8199025531916304,0.6037653657898607,0.8116870067162376,0.7040367708564133,0.7866670785386731,0.5968172928969104,0.6956918530898963,0.9507675538143641,0.5660851502274759,0.6608116058079474,0.8244554225159,0.9296071278942877,0.7089855343955448,0.7217028129421288,0.6634714870318767,0.5387002037769355,0.9711370065284352,0.6707616557508174,0.7929089154183595,0.8199025531916302,0.8606154343794665,0.7468910624636313,0.9078490967830963,0.836062553596149,0.7398397929480118,0.6550897488322016,0.8363640334164009,0.8430302626854409,0.9603736457678851,0.6166849170545865,0.7459077507527971,0.7783858154600477,0.7306794529803196,0.8810068778882187,0.8690076499133625,0.7040367708564135,0.8175997772209664,0.62448701949866,0.6357321885123457,0.7607811618439113,0.521328421197121,0.9549280451419073,0.8430302626854405,0.7666799442190855,0.9338242386101951,0.6465913109926505,0.8534000560678869,0.7352353225066459,0.8876788640791473,0.9577140786738734,0.9090689658738591,0.7840502275826162,0.929367151215972,0.867665094526678,0.8593604147739355,0.7552736581009423,0.8606154343794665,0.8533735784330467,0.4236626413869642,0.6028088441954362,0.8299192991696218,0.9038174878581593,0.34821887156823583,0.7692868536744162,0.8604059906780077,0.8059182346808622,0.37700361887348843,0.8096307198406894,0.6675796500643083,0.8606154343794665,0.3650684805963903,0.7637034372366571,0.8760817786212671,0.44456519617603807,0.8942348771285302,0.8533735784330467,0.8180076324411968,0.7081251697633606,0.8398472656040805,0.8931013757918831,0.8430302626854409
p284_S,0.9183724242003592,0.9432937551644589,0.6950923210521214,0.9250812961986936,0.9508971383859763,0.9635753483468392,0.9539734643292288,0.919647317855933,0.9070160137452734,0.9615452872130623,0.41671685112023005,0.9493053971730236,0.9493053971730236,0.9250812961986934,0.913577797842458,0.9251662135150307,0.9462347596389562,0.9337692322192535,0.9596053879391779,0.9615452872130625,0.8912695666285131,0.43120108940649693,0.9377253379624282,0.9776371308016876,0.44480921266889784,0.9337692322192535,0.9462347596389562,0.9192233962368055,0.9615452872130623,0.8699342299000485,0.9759790834075595,0.9692769377093196,0.9447494136270194,0.9215378731313923,0.9813818316380158,0.9593605721085062,0.27932489451476883,0.9447494136270194,0.9635753483468394,0.9838585814857688,0.9027412033397848,0.9350697345319545,0.9635753483468394,0.959016409305403,0.9913221015557613,0.8525292702713729,0.2519374759750954,0.9038035415131251,0.5024097331093753,0.8954023823601893,0.9559485503920393,0.8545932950871287,0.9859653849226515,0.9432937551644589,0.9447494136270194,0.9312172606999456,0.9312172606999456,0.9508971383859763,0.7470880603205394,0.3476792996802668,0.9091812387167526,0.9275739834424594,0.9337692322192532,0.9027412033397848,0.9577431256853024,0.8602443068685646,0.9559485503920393,0.8927560435416242,0.9029121024359358,0.9593605721085062,0.9238898933303421,0.9324854129452831,0.9508971383859763,0.8625158980695156,0.9508971383859763,0.7121164362101648,0.9404624926714931,0.9418654668890594,0.8417532599394948,0.9635753483468392,0.9418654668890594,0.9016461085857466,0.9287243013130126,0.9337692322192532,0.9508971383859763,0.9203761879341787,0.9452945222517779,0.840497711631859,0.6877808090043894,0.9493053971730236,0.9508971383859763,0.9326301365954337,0.8670360756633027,0.9235477589143899,0.9778748351992479,0.9824233631406696,0.9963332681464098,0.7451973682607593,0.8556739741002501,0.8247832035705711,0.9312172606999456,0.9014502300031316,0.9508971383859763,0.8949988213646447,0.6203400068423763,0.1490201725853415,0.6359772303187252,0.8917073480098126,0.9390829980374291,0.8346191856858272,0.9831746687645955,0.9350697345319545,0.842870416037679,0.6256492627076073,0.2519374759750954,0.7905229607627158,0.9375331207684675,0.9596053879391779,0.9635753483468394,0.8949988213646447,0.9158139617897607,0.8892155845940946,0.9390829980374291,0.9274978432118415,0.9096423096705529,0.7635676985310982,0.27932489451476883,0.9634382098178782,0.9848910203339206,0.9621698344437759,0.8769985528794615,0.9542136024350831,0.9559485503920393,0.9635753483468394,0.9462347596389562,0.9749822485158575,0.9528147324824885,0.9559485503920393,0.22153181872290717,0.947752420917731,0.8366852611594691,0.1898873839551799,0.8602443068685646,0.8759848927128511,0.9996705138382682,0.9135777978424582,0.8964416496516885,0.8473352221942345,0.9324854129452831,0.9132557391971277,0.9615452872130623,0.9091812387167528,0.7551472518010756,0.8851268700668167,0.9692769377093197,0.9324854129452831,0.8985286024183268,0.9605807414790561,0.7529288879313037,0.8892155845940946,0.9016718770795422,0.9542136024350834,0.9903766507571461,0.8381090821523731,0.5992575240826767,0.9192233962368055,0.930906079306367,0.6290018992852153,0.9778748351992479,0.9127200248974268,0.9250812961986934,0.32685519540335917,0.9312172606999458,0.9400545643111305,0.7595043994261449,0.9167698423523449,0.9596053879391779,0.908617313561257,0.922708936151958,0.9263909248883351,0.9146924482852168,0.9654253597410378,0.98181078671843,0.9493053971730234,0.9284376076039201,0.6640559056732114,0.8627880798184886,0.904869971893631,0.9432937551644589,0.9262837350880504,0.947752420917731,0.9472483006084296,0.8433452363094306,0.8550156776844486,0.9500805720293444,0.9508971383859763,0.9525316455696202,0.947752420917731,0.9431134523268974,0.7929200240698387,0.8954023823601893,0.9493053971730236,0.9508971383859763,0.7265282972801301,0.8258956469281091,0.9535979799037622,0.9508971383859763,0.8996699165287373,0.9180790428976138,0.9263909248883351,0.8938767975645251,0.9486563558223772,0.9493053971730234,0.9508971383859763,0.8927560435416244,0.9508971383859763,0.798159355970239,0.8441922549828875,0.9020355966115885,0.9508971383859763,0.7437726155785189,0.9508971383859763,0.7750521290240768,0.9515217879472728,0.9192233962368055,0.7418038675850898,0.9542136024350834,0.8659701834519902,0.947752420917731,0.45762921009410984,0.9404624926714933,0.9500805720293444,0.8575242220571015,0.967100967856847,0.9559485503920393,0.9801945723164651,0.8943656982526555,0.9458556185436358,0.9006279533325661,0.5969222500946044,0.9180790428976136,0.9462347596389562,0.9970674713569025,0.947752420917731,0.9508971383859763,0.9059407181827079,0.9508971383859763,0.8746872426299618,0.9621698344437759,0.9559485503920393,0.929963842972795,0.8078642642936518,0.9525316455696202,0.9169426994374763,0.4448092126688974,0.8964416496516883,0.9998238347481487,0.8983739487948557,0.9542136024350836,0.8759848927128511,0.8759848927128513,0.8804734569104511,0.9493053971730236,0.964551177658226,0.89493990143017,0.9635753483468394,0.8692863322387205,0.8268778248611144,0.9350697345319545,0.8749714078758022,0.9816989278327977,0.9559485503920393,0.8535621725493674,0.8453718612169463,0.8659701834519902,0.1490201725853415,0.8647795435579986,0.9169426994374763,0.9903766507571459,0.9048699718936313,0.1490201725853415,0.9199154281937727,0.8794921858235665,0.9577431256853024,0.9404244238472443,0.9723157551667554,0.9542136024350834,0.9215378731313923,0.842870416037679,0.34767929968026734,0.9542136024350834,0.8292821462222388,0.7854785296038391,0.9596053879391779,0.8439442411733156,0.8597250809841577,0.715327497275609,0.9736366101976741,0.9596053879391779,0.9508971383859763,0.9324854129452831,0.947752420917731,0.9692769377093197,0.8381090821523731,0.9016827426948626,0.9542136024350834,0.9838585814857688,0.9192233962368053,0.734167018102011,0.9124696683389528,0.8881911996032121,0.9362857614126447,0.8218612492098365,0.9020355966115887,0.9448543512076254,0.9615452872130625,0.9070160137452734,0.9615452872130625,0.5772680848886073,0.9180790428976138,0.9124696683389528,0.9542136024350831,0.9508971383859763,0.9559485503920393,0.9458556185436358,0.9337692322192535,0.1490201725853415,0.9645511776582261,0.9848910203339206,0.9508971383859763,0.33278961461550294,0.9596053879391779,0.9471168020442999,0.6202544420751559,0.7819249664386072,0.9363880304285923,0.9559485503920393,0.8389027479487041,0.7732961619759442,0.9390829980374291,0.9447494136270194,0.8771251090843863,0.9736183137840241,0.9873359374176983,0.8572042107416491,0.9432937551644589,0.9559566851226751,0.9635753483468394,0.8896842091060675,0.9215378731313923,0.8725531803354876,0.3668907135029361,0.9848910203339205,0.9705425698260028,0.9251662135150307,0.8134696855167471,0.8440510684196687,0.8480555883270948,0.9508971383859763,0.9541501193150563,0.9203761879341787,0.922708936151958,0.5840506501313683,0.9615452872130623,0.8504578012789961,0.9508971383859763,0.9508971383859763,0.9324854129452831,0.9070160137452734,0.8961222571494829,0.9508971383859763,0.9535979799037622,0.9508971383859763,0.9723157551667553,0.6761982198649465,0.8258956469281089,0.9508971383859763,0.9741270364328647,0.9975839852098576,0.828583031132483,0.861655337777083,0.9508971383859763,0.6923952854011417,0.9637851559795012,0.8421951462913522,0.8447998165522013,0.4995966487741804,0.9074679597048851,0.9542136024350834,0.8028669104368946,0.9508971383859763,0.7577315976258657,0.9337692322192535,0.7807242383061463,0.9565503851378527,0.9525316455696202,0.8000054315513374,0.9447494136270194,0.9508971383859763,0.9759907361775702,0.9285387190524059,0.9508971383859763,0.9741270364328647,0.8308387495037686,0.7508809619658816,0.8526730342747167,0.8088111631761212,0.9508971383859763,0.844799816552201,0.8607472522091426,0.8868454810017543,0.7321276196027986,0.7934200261883639,0.9102716897738725,0.9113677351409675,0.8995766368965674,0.2519374759750954,0.9404244238472439,0.8902416609981851,0.9926931063209248,0.8894000200499041,0.946160787114759,0.7212777238987409,0.9377253379624282,0.22153181872290717,0.9859653849226513,0.9508971383859763,0.8783265321561906,0.904869971893631,0.8487381822088333,0.9418654668890594,0.4717918221625683,0.947752420917731,0.8929600567640401,0.9525316455696202,0.947752420917731,0.9418654668890594,0.9508971383859763,0.9971196828020042,0.6985619740287571,0.9070160137452734,0.9596053879391779,0.9139139585985596,0.9615452872130625,0.9432937551644589,0.9377253379624282,0.8410654073897726,0.9452945222517779,0.9615452872130623,0.8425088200665591,0.9192233962368055,0.9698578908306781,0.9350697345319545,0.9404624926714933,0.654995377847086,0.9542136024350834,0.9215378731313923,0.9417626114543682,0.7045206113273146,0.9363880304285923,0.9417626114543682,0.9415131363853566,0.9274978432118415,0.9375392388282304,0.8091947986859862,0.9080961023073577,0.9913221015557613,0.8499016172090268,0.6986348386128653,0.9723157551667552,0.9363880304285925,0.9377253379624282,0.8496047230439322,0.9415131363853567,0.7004951694024872,0.9363880304285923,0.5087406670022797,0.7912862007463008,0.9542136024350834,0.8504578012789956,0.8433452363094305,0.9203761879341787,0.9027412033397848,0.9596053879391779,0.7391145011988287,0.8954023823601893,0.9577431256853024,0.9916530842778033,0.9913221015557613,0.9462347596389562,0.9692769377093197,0.9596053879391779,0.9759790834075597,0.7785180794266688,0.9158139617897609,0.3268551954033594,0.9493053971730236,0.8591052725560666,0.9515217879472728,0.9462347596389562,0.9097700783194735,0.9508971383859763,0.1874942110935155,0.9508971383859763,0.9508971383859763,0.8247832035705711,0.9377253379624282,0.967100967856847,0.9508971383859763,0.8157688865369471,0.8431396920965539,0.9937393740100617,0.8894000200499046,0.6571887983568042,0.7764613417359433,0.9472483006084296,0.9458556185436362,0.845242310489589,0.9447494136270191,0.9263909248883351,0.9577431256853026,0.9203761879341785,0.9016061399146567,0.8927560435416244,0.539208514635259,0.9942907727414587,0.947752420917731,0.7720200803249635,0.9577431256853026,0.6801458170579182,0.2519374759750954,0.9038035415131251,0.9404624926714931,0.9057308738389859,0.9377253379624282,0.8535621725493672,0.5474399501189946,0.9091812387167528,0.9377253379624282,0.9227089361519578,0.9542136024350834,0.9404624926714933,0.9525316455696202,0.6030388381051448,0.8617682235186914,0.9067735960486834,0.9559485503920393,0.8617682235186914,0.9462347596389562,0.8355826110872567,0.7021058151674173,0.9493053971730234,0.7840934704542417,0.9778748351992477,0.9635753483468394,0.8352079045667509,0.9451236844516557,0.9059407181827082,0.8674757120876195,0.9404624926714933,0.9515217879472728,0.8861469711805039,0.9508971383859763,0.22153181872290717,0.9192233962368055,0.9508971383859763,0.8658418182833445,0.9975839852098576,0.947752420917731,0.5306198259384007,0.8302743854409156,0.9926931063209248,0.840497711631859,0.9615452872130625,0.7912862007463007,0.9998238347481487,0.8709172314094928,0.947752420917731,0.9447494136270194,0.8579639412160376,0.9180790428976138,0.9363880304285923,0.8051812588818612,0.8841079446138815,0.8292063210402107,0.8678736588799028,0.967100967856847,0.8367671217737243,0.7437726155785189,0.9274978432118415,0.9615452872130625,0.9390829980374291,0.95253164556962,0.818131554774667,0.9857705189045634,0.8964416496516878,0.9493053971730236,0.846791867305988,0.8145231934700623,0.9635753483468394,0.917952403133613,0.9542136024350834,0.9203761879341787,0.5905972465935398,0.9350697345319545,0.9840851651092488,0.539208514635259,0.9950927970641261,0.9404244238472442,0.9418654668890594,0.9848910203339206,0.1467573068242659,0.9471168020443,0.9508971383859763,0.9873359374176982,0.8699031439713583,0.804320817711141,0.922708936151958,0.9508971383859763,0.8871683719695134,0.8902048861603422,0.9091812387167528,0.9250812961986934,0.6504288307600085,0.8954023823601893,0.9203333571111532,0.8512204170705062,0.929963842972795,0.9500805720293442,0.8556227195178283,0.9313656494466989,0.1874942110935155,0.6549953778470863,0.9312172606999456,0.9736183137840241,0.9621698344437761,0.9635753483468394,0.9798175375448483,0.947752420917731,0.9635753483468394,0.9432937551644589,0.9312172606999456,0.9508971383859763,0.9709610116834292,0.7184794842183291,0.9596053879391779,0.9508971383859763,0.9404624926714933,0.8051812588818612,0.8088111631761212,0.9848910203339205,0.9692769377093197,0.9288789627504785,0.9848910203339205,0.9493053971730236,0.967100967856847,0.9508971383859763,0.9462347596389562,0.9927718861206731,0.9508971383859763,0.9363880304285923,0.8943656982526555,0.9596053879391779,0.2519374759750954,0.9577431256853026,0.9525316455696202,0.9493053971730236,0.8759869691607477,0.8627880798184884,0.9377253379624282,0.8462899393398311,0.9508971383859763,0.9102716897738727,0.9542136024350834,0.9363880304285923,0.8879341694171783,0.630887475707633,0.9596053879391779,0.9776371308016877,0.9390829980374291,0.9180790428976138,0.9390829980374291,0.30417153187793744,0.9180790428976138,0.9705425698260028,0.9274978432118417,0.7874337192980811,0.9418654668890594,0.8783265321561903,0.9838585814857688,0.2519374759750954,0.9102716897738725,0.8782416695665332,0.9508971383859763,0.9813818316380158,0.6538440306877671,0.9615452872130625,0.8737714100411207,0.3044475746976534,0.9418654668890594,0.8902048861603422,0.947752420917731,0.8562720281305944,0.9081052038612374,0.9508971383859763,0.9508971383859763,0.9605807414790561,0.7394675237721808,0.9059407181827079,0.8416859998638049,0.8504578012789958,0.8214354212503414,0.754804333376298,0.8357036456249927,0.9350697345319547,0.9374058239246705,0.9508971383859763,0.9038035415131251,0.22153181872290717,0.9635753483468394,0.8367671217737243,0.1490201725853415,0.8367671217737243,0.9508971383859763,0.9508971383859763,0.8395679974745527,0.981381831638016,0.8473831256663145,0.43120108940649704,0.9259853716103588,0.902741203339785,0.9299638429727952,0.5899804911706321,0.8399661501805977,0.887166534593471,0.9508971383859763,0.918079042897614,0.8236714085807446,0.0,0.9596053879391779,0.962540188778485,0.9029097871803183,0.9135777978424582,0.9203761879341787,0.9525316455696202,0.6837781869428345,0.9508971383859763,0.8625158980695156,0.9203761879341785,0.902741203339785,0.6819387579874752,0.9029008905962475,0.9432937551644589,0.9080961023073577,0.7595043994261448,0.9577431256853024,0.8729445628956358,0.8995025048859868,0.9462347596389562,0.9615452872130625,0.9804497858651828,0.9859653849226515,0.8191823016368875,0.9559485503920393,0.9493053971730236,0.7418038675850895,0.98181078671843,0.918079042897614,0.9361520771826759,0.9635753483468394,0.9621698344437761,0.9635753483468394,0.9635753483468394,0.6549953778470862,0.9227089361519578,0.8995766368965674,0.9508971383859763,0.9615452872130625,0.43120108940649693,0.9404624926714931,0.828583031132483,0.9447494136270194,0.9493053971730234,0.9170021612446009,0.8974836658533201,0.9525316455696202,0.8051812588818612,0.9203761879341785,0.8591052725560666,0.8369085204378068,0.9508971383859763,0.9326301365954337,0.981381831638016,0.8258956469281091,0.9615452872130623,0.9350697345319545,0.9363880304285928,0.7551472518010758,0.9508971383859763,0.8111507091583434,0.805834623151347,0.9903766507571463,0.8123127184484014,0.8324582773700502,0.8191823016368877,0.22153181872290717,0.8280948589685846,0.7137066333919897,0.8123127184484014,0.8103158901326046,0.9377253379624282,0.7488881586966625,0.9635753483468394,0.9926931063209248,0.9508971383859763,0.6334170834765581,0.9647682499737456,0.8441922549828873,0.945855618543636,0.8292063210402107,0.9508971383859763,0.9848910203339205,0.8473352221942343,0.8658418182833447,0.6037317177769159,0.8131443083727967,0.8190265517098685,0.9508971383859763,0.7955384713794649,0.7390133621470434,0.9250812961986936,0.9508971383859763,0.8452423104895888,0.9942907727414587,0.1490201725853415,0.9377253379624282,0.9493053971730236,0.9139139585985596,0.9859653849226513,0.6761982198649477,0.9675956872630854,0.9529808977910947,0.9377253379624282,0.7965912509278192,0.9508971383859763,0.929963842972795,0.9508971383859763,0.9596053879391779,0.8996699165287372,0.8881911996032124,0.9635753483468394,0.9287243013130126,0.8381090821523731,0.9080961023073577,0.4608707372165044,0.9508971383859763,0.8984874390672324,0.9462963152100967,0.7973953146501018,0.9274978432118417,0.9180790428976138,0.9692769377093197,0.9274978432118415,0.9262837350880504,0.9916530842778032,0.896441649651688,0.877382334840929,0.9916530842778032,0.9723157551667552,0.9559485503920393,0.715327497275609,0.9916530842778032,0.9635753483468394,0.9337692322192532,0.9776371308016877,0.7153274972756092,0.9493053971730234,0.9262837350880504,0.9903766507571461,0.8954023823601893,0.5969222500946043,0.9926931063209248,0.9169426994374763,0.9324854129452831,0.9848910203339206,0.9404624926714933,0.8770939427870044,0.5553396551526283,0.904869971893631,0.8389027479487046,0.9574754780088428,0.9113677351409675,0.9324854129452831,0.9525316455696202,0.2519374759750955,0.984085165109249,0.8974836658533198,0.5216455167346221,0.9299638429727952,0.9038035415131251,0.22153181872290728,0.1874942110935155,0.9120866389980959,0.9287243013130129,0.8709172314094931,0.9654282935645833,0.4907272744395407,0.8894000200499044,0.9390829980374291,0.9262837350880506,0.30417153187793744,0.9032190637277582,0.8820731393531336,0.6089591155381724,0.9038035415131251,0.8860505626205668,0.8868454810017545,0.9215378731313923,0.9144193028520167,0.9337692322192535,0.9462347596389562,0.43231875816593046,0.9027412033397848,0.9097700783194738,0.8260538048983146,0.41671685112023005,0.9115278413395254,0.9493053971730234,0.8871683719695136,0.8579639412160383,0.9542136024350834,0.27932489451476883,0.8902416609981851,0.9299638429727948,0.9542136024350836,0.9791661049996256,0.933392488708745,0.8613811475412914,0.947752420917731,0.2836276379164492,0.9288129423783751,0.9363880304285923,0.9059407181827082,0.9542136024350836,0.8638069066950456,0.4697371459573171,0.1874942110935155,0.896441649651688,0.9881361984083077,0.9525316455696202,0.9615452872130623,0.8892155845940948,0.9596053879391782,0.8545251315798741,0.10978851443704407
p284_TFMCY,0.8640532804828904,0.9517441295565183,0.9109895373928902,0.9910578376517607,0.9632002305182422,0.9690033562225546,0.9669615284537108,0.9306047836741069,0.9675591368764065,0.9672758151492922,0.9505286850464205,0.8140593155196201,0.8140593155196201,0.9362456943690349,0.9756340559373771,0.9274029754591528,0.9542468650366516,0.9436389526644002,0.965625,0.9672758151492922,0.9918433141222973,0.9493347822888889,0.9892083965651994,0.9596053879391779,0.9481608601832734,0.9436389526644,0.9542468650366516,0.982971410509272,0.9672758151492922,0.9488746411581803,0.9383021271292231,0.9507165296704021,0.9529828655437629,0.9861029598450544,0.9632002305182422,0.965625,0.9596053879391779,0.9529828655437629,0.9690033562225548,0.942546448360206,0.9172347260035334,0.8089353082601418,0.9273614004407347,0.978492667911425,0.9008317218258525,0.8745053838668202,0.9610366993022685,0.8993961122593018,0.942546448360206,0.9541896299485404,0.9625131050152524,0.8762618273483118,0.9436389526644,0.9099641551465778,0.551841222933047,0.941467276381333,0.941467276381333,0.9582144552981327,0.9766241092617447,0.9555383641697375,0.9701757583840656,0.9313419384321767,0.9436389526644005,0.9625162230164763,0.964040252388596,0.8903419420496905,0.9625131050152522,0.9327819448011689,0.9455018712343599,0.965625,0.9352318345617441,0.942546448360206,0.6488589737837394,0.9969440767479356,0.9582144552981327,0.906597867618917,0.9843798933538865,0.9141406930557708,0.8676494287670122,0.9690033562225546,0.9505286850464207,0.9458674971126175,0.9393458182324887,0.9436389526644002,0.9582144552981327,0.932241742150131,0.9180945689966619,0.9414582284814823,0.8247282504819018,0.9568599156354451,0.9582144552981327,0.9973897225041903,0.8962170259453925,0.97124800423777,0.8895473564972314,0.945012395604742,0.9092272046561756,0.949657954348555,0.802553401100184,0.8384859225324532,0.9414672763813328,0.9610366993022685,0.9582144552981327,0.9579918546133752,0.9716904275615753,0.965625,0.9236430180495618,0.8616345643826465,0.7918579992207191,0.9992598421053649,0.9378106311870051,0.8705150677206022,0.9540291191346465,0.9255134534695351,0.9610366993022685,0.8409005106559411,0.9517441295565183,0.965625,0.9690033562225546,0.8924952838492829,0.9212407557319794,0.9057246972976496,0.9481608601832734,0.9383021271292231,0.9436389526644005,0.8629720575357543,0.9596053879391779,0.9631612510065022,0.9568599156354454,0.9814510646731798,0.82907578966101,0.9610366993022685,0.9625131050152524,0.9273614004407347,0.9732924283946004,0.9088679893884184,0.9376672305832936,0.950716529670402,0.9625131050152522,0.9555383641697377,0.8733481182086196,0.9672758151492922,0.9358227266210354,0.8944656454039726,0.9074725945748126,0.9756340559373771,0.7838218979765823,0.8788619061474223,0.9978387378693493,0.9284351619806999,0.9672758151492922,0.9227150661971699,0.8814987207179203,0.9430998431724233,0.950716529670402,0.9425464483602062,0.9136498875984242,0.9293199127017768,0.9685938234748075,0.9057246972976496,0.9777360756347163,0.9610366993022685,0.9288327934067981,0.8907130648110554,0.9154363928771065,0.9312607396704551,0.9631612510065022,0.9625162230164761,0.9465829649206579,0.9449933732356441,0.7348814459346105,0.9568599156354451,0.9414672763813332,0.9505912604680005,0.9905189465353295,0.8587754259106983,0.965625,0.8936031902522539,0.8518084376617915,0.906597867618917,0.9274049943645877,0.9507776441281286,0.9998226281102464,0.7376990592379749,0.8534003303067275,0.8797579337068848,0.92061363922904,0.8511451049524841,0.9517441295565183,0.8961750730777805,0.821479795530007,0.9675591368764067,0.992355755240514,0.9701898249620033,0.9349028572421432,0.9582144552981327,0.9596053879391779,0.9555383641697375,0.9450123956047417,0.9355132953311194,0.9594101849401598,0.8904195718012649,0.9582144552981327,0.9693421397704967,0.9701898249620035,0.9672758151492922,0.9582144552981327,0.9686832863606913,0.9302869180633688,0.906597867618917,0.8823675467067158,0.9217916370027819,0.9568599156354451,0.9582144552981327,0.9699258116973513,0.9582144552981325,0.8794220672691384,0.9900988548597917,0.970911469867437,0.9582144552981327,0.9235852575057478,0.9582144552981327,0.893284681363264,0.971510747264704,0.9312607396704551,0.8979178384019253,0.9610366993022685,0.8510887196233301,0.9555383641697375,0.9254223119773604,0.9843798933538865,0.9227150661971699,0.8967947636921045,0.8552790990760808,0.950716529670402,0.9625162230164761,0.7893424536379271,0.9199574485923749,0.9506375116316123,0.9302869180633686,0.9814510646731802,0.9542468650366516,0.9057246972976496,0.8958070756300919,0.9582144552981327,0.8021325739678642,0.9582144552981327,0.9799639456778628,0.9302869180633686,0.7771757990417099,0.8281930564402953,0.8173748798116491,0.9593605721085061,0.9293199127017768,0.9481608601832732,0.9118739328932484,0.914140693055771,0.9254100871772519,0.9610366993022685,0.933670888244921,0.933670888244921,0.9479595951077231,0.9568599156354451,0.7654443735347063,0.929262052641298,0.9690033562225548,0.8197691174227545,0.9960587809365496,0.8705150677206022,0.9326468089069146,0.9367687566679366,0.7771757990417099,0.9425866173147947,0.8277345205711413,0.9859440788700543,0.965625,0.9657412631626018,0.9293199127017768,0.9288327934067977,0.9190462651000917,0.965625,0.8650374558206402,0.8814260230164841,0.964040252388596,0.9163339973465923,0.9541300190655133,0.9610366993022685,0.9861029598450541,0.8857943139040092,0.9555383641697375,0.9610366993022685,0.9610366993022685,0.8342814558669873,0.965625,0.969971840797172,0.9546904346937624,0.9057246972976496,0.9839959424285256,0.6582386363636354,0.9582144552981327,0.9978387378693493,0.9555383641697375,0.9625131050152524,0.9247111621301727,0.7240108483900582,0.9610366993022685,0.942546448360206,0.9653179186519115,0.8480451455932456,0.9770357682633349,0.7631979623275764,0.9030333503116557,0.8967947636921041,0.8874958319872933,0.9740699527808631,0.9342541377090322,0.9208725034246266,0.9672758151492922,0.9861029598450541,0.9162206421071967,0.9255134534695351,0.7877259137311906,0.9582144552981327,0.9625131050152522,0.9199574485923749,0.9436389526644005,0.965625,0.8556161648936063,0.9568599156354454,0.9582144552981327,0.986843854667725,0.9403409090909088,0.9273614004407342,0.9264564493231808,0.993497832475083,0.9458674971126175,0.9507165296704021,0.8550270501255135,0.8942631579092646,0.9481608601832734,0.9529828655437629,0.8691958391075139,0.9610366993022685,0.9610243931286574,0.8451634443215719,0.9099641551465771,0.8768331242200343,0.9690033562225546,0.8217392653025242,0.9861029598450541,0.8454867220715399,0.9542468650366516,0.9568599156354451,0.8482200567507536,0.947442779108449,0.9540291191346463,0.8845481915056581,0.8508940408143366,0.9582144552981327,0.9725607158551891,0.7540801690623636,0.9877180384539763,0.9845214236147153,0.4419039020006519,0.9449933732356441,0.9582144552981327,0.9582144552981327,0.8189942965580146,0.8923809627682526,0.9966012441338499,0.9582144552981325,0.9672758151492922,0.9582144552981327,0.9362456943690349,0.9154363928771065,0.9960185040188976,0.963200230518242,0.9372689456075765,0.918094568996662,0.8620020752690569,0.8763974382696861,0.9582144552981327,0.9022452837148789,0.9312607396704553,0.8466183234571398,0.878066803490708,0.9372689456075765,0.970512530604964,0.9610366993022685,0.8967259981226752,0.9582144552981327,0.8671650851253094,0.9957912204911729,0.9216020313541382,0.9653626570022469,0.7972924922038753,0.8962170259453925,0.9529828655437629,0.9582144552981327,0.8637757890946802,0.8542114406999302,0.9582144552981327,0.9516937335159948,0.8979120947493789,0.8700853537305535,0.9168039382229598,0.8567149674919383,0.9582144552981327,0.8184753916628579,0.8814987207179201,0.964040252388596,0.9751589072340372,0.9855627308526735,0.9806215235201543,0.9245757305468909,0.9145417437978427,0.9610366993022685,0.8588815312388143,0.9485464508185621,0.8616362273895215,0.937051771923234,0.9357316532939286,0.8936031902522541,0.9470055188469617,0.9625131050152524,0.9436389526644005,0.9582144552981327,0.9403409090909088,0.9650079910895766,0.9833175579709121,0.9818060040046751,0.8860446315351703,0.970134355730177,0.9961055629702817,0.9596053879391779,0.970134355730177,0.9818060040046752,0.9582144552981327,0.9791100127950296,0.9005120111662772,0.9675591368764067,0.7522727272727264,0.909075520639282,0.9672758151492922,0.9791100127950296,0.9892083965651994,0.9721863819825463,0.9493347822888889,0.9672758151492922,0.9270817937161986,0.9312607396704551,0.9541896299485402,0.9447456538980155,0.9843798933538864,0.9199574485923749,0.9610366993022685,0.9861029598450541,0.9172347260035334,0.8987819282972862,0.8661829386665059,0.946920782957638,0.7788100711579626,0.9491799890127761,0.9040056117932131,0.9140410790158207,0.9840739333532936,0.8283710152571044,0.9501014147602176,0.910107340129978,0.9362456943690349,0.9288327934067979,0.9892083965651993,0.8499479257057734,0.9141406930557712,0.951426791823698,0.9288327934067976,0.9814510646731802,0.9667732929033597,0.9610366993022685,0.8743797075282271,0.9383224635159271,0.9631988949207005,0.8110762919188101,0.965625,0.9136806902167052,0.9541896299485402,0.9457879562525047,0.9312607396704551,0.9542468650366516,0.9542468650366516,0.7771757990417102,0.9403409090909087,0.9383021271292231,0.8913241678184742,0.9283593797331275,0.9568599156354451,0.9568599156354451,0.9023626134564885,0.9806215235201544,0.9542468650366516,0.8944656454039726,0.9582144552981327,0.964040252388596,0.9582144552981327,0.9582144552981327,0.8729992599383651,0.9470055188469617,0.9861029598450541,0.9582144552981327,0.8832951475050763,0.8491179681128105,0.9673847887170086,0.9525107890657616,0.9022452837148789,0.8402819095372958,0.9390675962200333,0.9199574485923747,0.8460854022796798,0.9529828655437629,0.8836592163828574,0.675272582175808,0.932241742150131,0.9466282415065834,0.9929303214064669,0.9383021271292233,0.9529828655437629,0.8958070756300918,0.9240490262948997,0.964040252388596,0.9145417437978427,0.9610366993022685,0.9637550377043786,0.9493347822888889,0.9936745866415236,0.9470055188469617,0.9789924212780187,0.9372689456075765,0.9701757583840656,0.8616362273895213,0.9342268638258988,0.9552175050422179,0.9843798933538866,0.9596053879391779,0.8681250319240946,0.9313341660201885,0.9040056117932131,0.950716529670402,0.9196272041613351,0.9542468650366516,0.9533455271501621,0.9092272046561756,0.81405931551962,0.9477524567951612,0.9393458182324887,0.9690033562225546,0.8402819095372956,0.9452921303485451,0.8947692331144514,0.8723257484157794,0.9843798933538865,0.8848860650898701,0.9441754367900737,0.9582144552981327,0.9625131050152524,0.9312607396704553,0.8846149163346169,0.8858340936764979,0.9493347822888889,0.9701343557301771,0.9963814266559154,0.861092113458608,0.9470055188469617,0.8882664958363614,0.9672758151492922,0.8301859677307097,0.7788100711579624,0.9945424935407445,0.970134355730177,0.9762777185243531,0.9576948646187342,0.98145106467318,0.9458674971126175,0.8432058376194191,0.982682846846749,0.8441952219411115,0.8463324753943737,0.9332303128187658,0.9313419384321768,0.9235852575057477,0.9383021271292231,0.9342541377090323,0.921848569518723,0.9593605721085062,0.8674107520354715,0.9199574485923749,0.8707659462994876,0.9568599156354451,0.9000012885687346,0.8691958391075139,0.9690033562225546,0.9409672007288843,0.9552175050422179,0.9845214236147153,0.9312607396704553,0.9320948271810628,0.897106830941969,0.9383021271292233,0.7918579992207192,0.9038384255217331,0.9505286850464205,0.8140593155196186,0.9625131050152524,0.9690033562225546,0.9582144552981327,0.9610243931286575,0.9275816772658132,0.9199117165193277,0.9342268638258988,0.9582144552981325,0.9039825606517029,0.8903419420496905,0.8874421650552475,0.9362456943690349,0.9208725034246266,0.9109895373928905,0.9022452837148789,0.9060787534309973,0.9404006431802039,0.7925207806814567,0.9137421426486898,0.9101073401299777,0.964040252388596,0.9199574485923749,0.941467276381333,0.8714717093867044,0.9814510646731802,0.9690033562225546,0.998252218275079,0.9555383641697375,0.9690033562225546,0.9517441295565183,0.9414672763813328,0.9582144552981327,0.9418147080511319,0.9048529663349028,0.965625,0.8060296021509905,0.9843798933538863,0.9207369341571852,0.8907130648110554,0.9568599156354451,0.8639461643560564,0.9542468650366516,0.9568599156354451,0.9568599156354451,0.8024064520497924,0.9582144552981327,0.9008317218258524,0.9806215235201541,0.9582144552981327,0.9458674971126175,0.9530430838774198,0.7522727272727262,0.9610366993022685,0.6752725821758081,0.7162584522515593,0.9568599156354451,0.866122503017303,0.9672517146179538,0.9892083965651993,0.8803304081752213,0.9582144552981327,0.9236430180495618,0.9610366993022685,0.9458674971126175,0.9667732929033599,0.9245757305468909,0.965625,0.9596053879391779,0.9481608601832734,0.9673847887170085,0.9481608601832734,0.9632002305182419,0.9162206421071968,0.9352318345617441,0.9383021271292231,0.9030333503116559,0.914140693055771,0.9403409090909088,0.942546448360206,0.9610366993022685,0.971510747264704,0.9505912604680006,0.9582144552981327,0.8846149163346169,0.985237504395597,0.9672758151492922,0.9913014629303472,0.9542468650366518,0.9505286850464207,0.9946431408472551,0.970134355730177,0.9971402308093106,0.8397383481014532,0.9582144552981327,0.9582144552981327,0.979958676545309,0.9313419384321768,0.9662757781656683,0.9084530093995203,0.9449933732356441,0.9511833345378164,0.9040056117932131,0.8931353432521507,0.9447456538980155,0.982384999099721,0.9582144552981327,0.8081635455684221,0.9625131050152524,0.9690033562225548,0.861092113458608,0.965625,0.8579085866471163,0.9582144552981327,0.9582144552981327,0.8488644770492815,0.9582144552981327,0.8757849188695273,0.9493347822888889,0.8823675467067158,0.9172347260035334,0.9982522182750793,0.946920782957638,0.9595498949654934,0.9137421426486896,0.9582144552981325,0.9302869180633686,0.8499479257057736,0.9596053879391779,0.0,0.7578134667839214,0.8845481915056583,0.9264564493231808,0.932241742150131,0.959360572108506,0.9216020313541384,0.9582144552981327,0.8635372202957408,0.932241742150131,0.9469207829576383,0.9346991012692376,0.9275816772658132,0.9791100127950297,0.9370067185313314,0.9166782713163666,0.964040252388596,0.9919259833746729,0.8102492861221354,0.9008317218258525,0.9672758151492922,0.9362456943690349,0.8746515668023193,0.810897784452887,0.9625131050152522,0.9568599156354451,0.9824037832428348,0.9414672763813328,0.9814510646731802,0.9023570839226296,0.9690033562225546,0.9814510646731802,0.9273614004407348,0.8237261571040234,0.9199574485923747,0.8518084376617914,0.9145417437978427,0.727444287967365,0.967275815149292,0.9493347822888889,0.851809244639437,0.8971926092335734,0.9529828655437631,0.9568599156354454,0.7649822460765636,0.9565125146369124,0.9596053879391782,0.9780956823185021,0.7540801690623637,0.9587846477856068,0.9938420033909696,0.9582144552981327,0.9109895373928905,0.9632002305182421,0.9026064829238053,0.9672758151492922,0.8089353082601418,0.9458674971126175,0.9557864545102848,0.9582144552981327,0.9223215509727927,0.8402819095372958,0.99148264814709,0.8529481410826931,0.8984168960348217,0.9137901132409876,0.9625131050152524,0.9036615728941474,0.9827558590699045,0.9552047908760303,0.8373021566360079,0.9470055188469617,0.8709729405791935,0.9690033562225546,0.9470055188469617,0.9582144552981327,0.9612908916295111,0.9978387378693494,0.8119858634788714,0.9662757781656683,0.8784164439301574,0.8060296021509902,0.9568599156354451,0.9147265833077114,0.8858340936764979,0.9145417437978427,0.9477524567951611,0.8312173911187126,0.9582144552981327,0.8699902529647094,0.8875631490366904,0.9362456943690349,0.9582144552981327,0.9888905370951696,0.6933200547968166,0.965625,0.9470055188469617,0.9568599156354451,0.9098414308144025,0.7535119131134658,0.9154363928771068,0.9411125326018256,0.8822681132521099,0.9470055188469617,0.8461277862534455,0.9582144552981327,0.5967867560607942,0.9582144552981327,0.965625,0.862909488252414,0.9878402341692829,0.9690033562225548,0.8895473564972309,0.9927073567684068,0.9217916370027819,0.9362456943690349,0.9582144552981327,0.7860925850857805,0.9219964277740789,0.9764449697232962,0.7804031632257753,0.9302869180633686,0.950716529670402,0.9383021271292233,0.7296190917631376,0.9312607396704551,0.9553459570547012,0.8650762053852012,0.9312607396704551,0.9362456943690349,0.9625131050152524,0.9057246972976496,0.9312607396704551,0.9690033562225548,0.9957912204911729,0.9593605721085061,0.947442779108449,0.9667798280829097,0.8961750730777807,0.9458674971126175,0.9109895373928902,0.98145106467318,0.8616362273895214,0.979958676545309,0.942546448360206,0.8140593155196186,0.5866679472105418,0.8794220672691386,0.9362456943690349,0.9190462651000917,0.9960587809365496,0.9733018367704473,0.9245757305468909,0.942546448360206,0.8783265321561908,0.9610366993022685,0.9650079910895764,0.9122319444343764,0.9404006431802039,0.9982522182750793,0.9906286789501813,0.9625131050152522,0.964040252388596,0.9752722160443184,0.9393458182324887,0.9285879473948486,0.9845214236147153,0.9383021271292231,0.9525107890657618,0.9868438546677248,0.9516937335159948,0.9582144552981327,0.957027487331491,0.8990384181790522,0.9283593797331273,0.9637550377043789,0.9127656911163233,0.964040252388596,0.8024064520497922,0.9777034239720852,0.9436389526644,0.9008317218258526,0.9963814266559157,0.9625162230164763,0.9728761310858693,0.9713243807559524,0.9505286850464205,0.9479595951077231,0.9568599156354451,0.972192351980948,0.9729833541377066,0.9610366993022685,0.9596053879391779,0.9485464508185621,0.9404006431802034,0.8714717093867046,0.9612908916295111,0.8875631490366904,0.969385607778486,0.9555383641697375,0.8958070756300918,0.9972357888728778,0.9288327934067977,0.9199574485923749,0.9610366993022685,0.959101637743994,0.9458674971126175,0.964040252388596,0.9118739328932484,0.9936745866415236,0.9593605721085061,0.9672758151492922,0.9057246972976496,0.965625,0.9420259347501896,0.964040252388596
p285_I,0.7487009801320714,0.9305733174439863,0.7966880594916566,0.953165054910123,0.991632948188578,0.9157773781681393,0.7770396896816149,0.745493562785529,0.8683060694569997,0.9110833848585063,0.8957643484306201,0.8447038853485999,0.9128324657987171,0.8756731662677246,0.9976139811929996,0.6978476566954647,0.9726558411029651,0.8468584144181481,0.9485464508185621,0.9550108469657219,0.842683277581673,0.9214745861311224,0.9732643771185288,0.8902416609981851,0.9171338879258173,0.8468584144181479,0.8756817347288377,0.9977698497500298,0.9550108469657219,0.8706542729768004,0.8825516415825396,0.9470246784979177,0.9038040896127963,0.8185765480394149,0.9382532758726713,0.925607799582502,0.8902416609981851,0.9038040896127961,0.9157773781681393,0.8970782185921149,0.876114411750041,0.8754273642274152,0.8992960027516218,0.9842570511436981,0.9950194567723258,0.804793141072971,0.8941307528793181,0.9782365805285064,0.8970782185921151,0.9701320087397534,0.8981423730059304,0.8103437362962849,0.8468584144181479,0.5450455513577721,0.7490707273150441,0.945719870418982,0.9195293122683741,0.5526275082095407,0.8257562853468321,0.9455056955691954,0.9170382284877332,0.9359503116889741,0.9279189658482012,0.8559143478531261,0.9022918659842716,0.8712376936844091,0.8308999671258039,0.8248900223086211,0.8464506552788735,0.9904950340182073,0.9206170430100393,0.9236723713212407,0.9382532758726713,0.9828418967667234,0.5526275082095407,0.8210651289009501,0.9806143176228139,0.9259498258317267,0.9767015099979366,0.9157773781681393,0.9259498258317267,0.9793977872372935,0.7577095699889671,0.9910204827217466,0.5526275082095407,0.8625343546157398,0.9602459508854942,0.8975575984142881,0.9833126720865308,0.5381252733230745,0.5526275082095407,0.8159596094081112,0.8105965979804761,0.972999978842114,0.503273870960883,0.6322965766694795,0.8675901368107481,0.8238643996920938,0.9246351893024736,0.9740447552027505,0.8671481959671583,0.956433337538824,0.9215191722498273,0.7994536726795969,0.7491586165185105,0.9065978676189168,0.8138801832529765,0.9086235612086256,0.821916695722185,0.9610854286276964,0.9005887978832261,0.9597483488676191,0.9796303456313176,0.9497633438128172,0.9314897302747827,0.921978349534508,0.8226590914039,0.9904950340182073,0.9917593122917416,0.9837789707618263,0.9933785021977786,0.8555021357847683,0.888139508331151,0.93274583995075,0.8829397474816768,0.9210485312960126,0.8902416609981851,0.653415642645967,0.9468967560237761,0.8927050453449001,0.9155792977244813,0.9314897302747827,0.9857329156219559,0.8068326932115029,0.940331138978256,0.847608486944534,0.9274301426892533,0.9755588472540062,0.9368506101299683,0.5571336031459788,0.8215978427582159,0.911083384858506,0.9953143265532902,0.8531626060109614,0.8426832775816728,0.9098615117355391,0.9873448415607529,0.9530173873276266,0.9502665240503665,0.9974040967791202,0.9132067667126315,0.9593826330683966,0.7774331158330845,0.8437367343651594,0.9755588472540062,0.9236723713212414,0.8439582675244406,0.9209010889557385,0.9373303287601162,0.8467310592020538,0.7920731894916893,0.9190743601433595,0.9647060453491338,0.7747470641409159,0.8698017393569921,0.9285654998056467,0.9733905433211744,0.8357142839562117,0.8849274195030088,0.9590052223665487,0.9979315797121189,0.9509103733010487,0.8671481959671585,0.6970298186929669,0.8873959033659553,0.942860242613816,0.9485464508185621,0.8014106605288138,0.9639540801815839,0.8420963364993224,0.8248955951092276,0.9213168800127796,0.9981009867201975,0.8447038853486009,0.7461402426669062,0.7721048331489508,0.9161745569803685,0.8714039432560776,0.6375833980398145,0.9038507104210154,0.9550221641738399,0.9724405439188561,0.8344468668879628,0.9974040967791205,0.9593826330683966,0.5526275082095407,0.965161283441215,0.9881795442594947,0.6729954006528946,0.8061175322852914,0.9508604588232981,0.8106395951235421,0.5526275082095407,0.8444432791407197,0.9573725365834511,0.9550108469657217,0.5526275082095407,0.8849106979109715,0.9018761436541096,0.8772048846675717,0.8542227118514572,0.9134759492420041,0.9509103733010487,0.5526275082095407,0.6923310683558563,0.5526275082095407,0.9002234134515732,0.8622119788009948,0.8692819976529773,0.5526275082095407,0.8723458378447935,0.5526275082095407,0.9329000122061883,0.8352339646544547,0.8593611498612634,0.8472003048048289,0.968848707670247,0.9399319342734334,0.5902909832316333,0.9413707562534936,0.891904720385277,0.9593826330683966,0.9361368316083799,0.9365089176367314,0.9368506101299683,0.6390840547240111,0.9761013694717309,0.9271503083619277,0.9096313366516642,0.901876143654109,0.9247004559875527,0.9626947546476168,0.874112561098092,0.9455056955691956,0.5526275082095407,0.9282115292341193,0.5526275082095407,0.9074862796622942,0.901876143654109,0.8696082042498418,0.9038648435225802,0.9700114044027732,0.965161283441215,0.966149214945683,0.9751226471151502,0.8769051486997297,0.9533082645638473,0.9902313275672381,0.9937923149342885,0.835673157500572,0.8181837089901833,0.9623602751778377,0.5721895635481329,0.7759032349191506,0.851794444543299,0.9157773781681393,0.9735323116170154,0.9420752026232351,0.5457787904174849,0.885077075409362,0.8620136946685804,0.9857329156219559,0.9813061146408322,0.8935007605886531,0.985051139467443,0.9065978676189168,0.9608495827405914,0.8079513928571607,0.9647060453491338,0.8620503765083265,0.9065978676189168,0.9057074150801112,0.9674665254577439,0.9770312968545116,0.8929982269723444,0.9490282143343611,0.8941307528793181,0.9365089176367316,0.9442708327430183,0.9123483154835406,0.9314897302747827,0.881715382747895,0.7615774277526983,0.906597867618917,0.822108872748945,0.7626892779930704,0.8368917104714448,0.973336504609849,0.9256077995825025,0.8864622842804519,0.969951017762257,0.879190935397886,0.9755588472540062,0.9870786558355857,0.8663386685736083,0.9937923149342884,0.8970782185921156,0.99776984975003,0.9681220299815051,0.9932361103434251,0.9068333582708733,0.9788757040670515,0.8526269640184807,0.830686791850517,0.8385341313485835,0.9571342288198471,0.8891329643493711,0.9571342288198471,0.9455587127659518,0.9840022946786741,0.8845541940169055,0.7696384505615015,0.5526275082095407,0.8981423730059301,0.9064877137327916,0.8468584144181488,0.9065978676189168,0.8965800720803672,0.9128324657987177,0.5526275082095407,0.9378942141008505,0.9256077995825025,0.9917593122917417,0.931799629099904,0.8528171695853594,0.9367579616423476,0.9755588472540062,0.9163678069047523,0.789342453637929,0.9461282675204838,0.8722472547880546,0.8042083396183792,0.9937923149342885,0.9600953915561947,0.7626785493480273,0.9922652152320144,0.8926954319851745,0.9620090329381987,0.9219783495345079,0.842163021958878,0.894630980015198,0.8756817347288377,0.5381252733230745,0.8378778212944005,0.8555021357847683,0.9491908169810517,0.8801944909365278,0.7334238209085346,0.5526275082095407,0.9479025677526095,0.9508900282763559,0.9405963241392505,0.885856306754228,0.7374969182837691,0.9926482049612217,0.5526275082095407,0.5526275082095407,0.89016855957488,0.8609442969421733,0.88583133748448,0.5526275082095407,0.9550108469657219,0.9215191722498273,0.8756731662677247,0.8498869407096559,0.9422980810376415,0.991632948188578,0.9038507104210154,0.9214745861311222,0.7506264363281214,0.8608175722597238,0.5526275082095407,0.8437367343651592,0.8593611498612634,0.8976827493442303,0.9066161872145859,0.9038507104210154,0.9271531882675783,0.9314897302747827,0.9721933225217773,0.5526275082095407,0.8342888282518424,0.927918965848201,0.9025599020230535,0.9016193902986702,0.8205642278806152,0.7635889553397897,0.935360924437538,0.5526275082095407,0.7970761952994457,0.692259721042922,0.5526275082095407,0.9781512898388609,0.9643152653828362,0.8709911592360449,0.7404818167535039,0.9567455713077757,0.5526275082095407,0.9517403361663699,0.8768523312976579,0.9368056844674394,0.791082063947171,0.8454289128172987,0.9420028716618458,0.945852817613708,0.9458033301344513,0.8941307528793181,0.8061728924600965,0.877204884667572,0.9698257117961528,0.9336668757583828,0.9648818011371021,0.7979903353921896,0.6318049106066171,0.8981423730059304,0.8738785982281663,0.5526275082095407,0.7578134667839215,0.8415468626440503,0.8267069459165772,0.983493741964954,0.9154821495364778,0.5902909832316341,0.9357653472660672,0.9263909248883353,0.5902909832316341,0.9863207806339396,0.8864622842804519,0.9768888358739714,0.9281934619998093,0.8891329643493706,0.7578134667839216,0.8989626117274039,0.9571342288198471,0.9922652152320146,0.9698257117961528,0.903760607328584,0.9806143176228139,0.9110833848585063,0.9159100972591956,0.9977698497500298,0.7407947425134161,0.6831323628382898,0.8919047203852768,0.9064877137327916,0.8941307528793181,0.8893359697978047,0.9824851409715576,0.9216297627884995,0.9926541290559201,0.9165145395438699,0.8023808775583151,0.9578429391348562,0.9437526175739808,0.8826441125915392,0.9554692935248437,0.9950194567723258,0.7989681174800014,0.8898232626493354,0.9734798970232401,0.9647060453491338,0.5748949995212993,0.7306678483728235,0.8023808775583151,0.8650418826540102,0.9926541290559201,0.970349080654439,0.9028561050307846,0.8941307528793181,0.9120705838408396,0.9181577062042074,0.9742119804148441,0.9824851409715575,0.9256077995825025,0.7941213329849907,0.8352311593245667,0.982743090758416,0.9330258003055868,0.908006436853547,0.9726558411029651,0.947024678497918,0.9485464508185621,0.9076487407666443,0.8275735956381751,0.8500703711925581,0.8827817928509321,0.9509103733010487,0.8374719793831971,0.9725820027322409,0.607123031275818,0.8181837089901829,0.5526275082095407,0.9425174783713439,0.5526275082095407,0.5526275082095407,0.9278555830097954,0.6887148216919359,0.9927316606048785,0.5526275082095407,0.8159861558621531,0.9821309280108346,0.618813297343578,0.8022905758393091,0.8984123590217472,0.8701326176312927,0.8891329643493708,0.8042359614593027,0.9437526175739805,0.9669177592622797,0.970771144278607,0.6150007853708622,0.9558221631696922,0.8645515098858585,0.7254708068440476,0.9076487407666443,0.9038040896127961,0.9786630756548504,0.8045775769313757,0.982743090758416,0.866689337960266,0.8941307528793181,0.8996669475212491,0.8919047203852764,0.9578395076798978,0.9413707562534936,0.9975467342048335,0.8543169908091184,0.9382104307780652,0.9698257117961528,0.7730548888232529,0.8443564053524306,0.5166979646978096,0.8902416609981851,0.898311149736023,0.9795620543312242,0.8332787167612001,0.7147752557536893,0.8299683438956362,0.8657206482734889,0.9279285999622058,0.7914343336558525,0.9168460830759904,0.9970467933869336,0.9369675911773325,0.9620090329381987,0.77889928852473,0.9879438478727869,0.8248985560884387,0.7427833179008021,0.9806143176228139,0.9512282213307627,0.9931930917264864,0.5526275082095407,0.8981423730059304,0.8824292665093911,0.9382532758726713,0.8918831827103173,0.9306760851396483,0.9550221641738399,0.9115240212745241,0.7479197411262275,0.9129158007108344,0.9353309391423531,0.9550108469657219,0.7348382134502263,0.8023808775583144,0.9041185073935785,0.5902909832316341,0.8752980666140113,0.9890690087053564,0.9247004559875522,0.8808617942287751,0.9938189515917324,0.895244402064101,0.92777438569009,0.9154639613226595,0.912922443717268,0.8603499035347177,0.7739976929878718,0.9076487407666445,0.9989383090729373,0.9461282675204838,0.8567134917707651,0.7827558202350184,0.9488741238632554,0.7546305391501505,0.5381252733230745,0.7406536484789741,0.7243967145120784,0.9917593122917417,0.9281934619998093,0.9190743601433596,0.9091782588927158,0.8824292665093911,0.9322776343834589,0.9235609181011564,0.8574545423984332,0.7639279365328521,0.7460071163465853,0.8655788710295134,0.8787681755736588,0.9368506101299683,0.9157773781681393,0.5526275082095407,0.827626343168635,0.8016754487858866,0.9187512883307858,0.892871526299668,0.5526275082095407,0.9784720673258589,0.7471610608155279,0.8924119508992802,0.7330999107102139,0.8474791745646277,0.8159596094081112,0.9166375672406097,0.9430893567264746,0.889674577116343,0.934756355479944,0.8766185919883641,0.8323623907012208,0.9425174783713439,0.8444999298453832,0.8933387541177662,0.956433337538824,0.9247004559875522,0.9620090329381987,0.8264421262621756,0.9123483154835408,0.9620090329381987,0.8997273685499723,0.9457198704189818,0.8864622842804519,0.8410228260499626,0.8525327525571991,0.9675563827821476,0.6577981721176684,0.9510444518769685,0.7504401705161987,0.9264124867799657,0.5381252733230745,0.9083164413738802,0.5747983291511086,0.5381252733230745,0.5381252733230745,0.5445886561350743,0.5526275082095407,0.9726558411029649,0.694982844513024,0.5526275082095407,0.9088098779355613,0.8611796255755024,0.9904950340182073,0.8941307528793181,0.9368056844674394,0.8928627556609148,0.5381252733230745,0.7104270138474744,0.9495233810663035,0.9732643771185288,0.9797939148522412,0.5526275082095407,0.8779415274574112,0.8941307528793181,0.9367579616423476,0.9481443152206582,0.8812276347896835,0.906597867618917,0.962540188778485,0.9171338879258175,0.9611779823452307,0.9088998345061841,0.9565760602192026,0.6644619220104651,0.8723160158709273,0.9578429391348555,0.9629844723538562,0.9259498258317267,0.9256077995825025,0.8970782185921151,0.8941307528793181,0.8779415274574112,0.9669864974740423,0.5526275082095407,0.9382532758726713,0.9016042039812429,0.9110833848585063,0.8275850131662046,0.9080064368535468,0.8957643484306201,0.9581569361208796,0.5902909832316341,0.8034901261752179,0.864245768475717,0.5526275082095407,0.5526275082095407,0.6047101874302301,0.8603499035347182,0.8858251191036555,0.8245159530780115,0.9120705838408396,0.8631749339177108,0.8332787167611997,0.9477983792017096,0.9597483488676191,0.9950078287967434,0.5526275082095407,0.9171883445533838,0.8981423730059304,0.9157773781681393,0.7635889553397897,0.9065978676189168,0.9386959746025286,0.5526275082095407,0.5526275082095407,0.9488886747800844,0.991632948188578,0.93058687039133,0.9214745861311222,0.7801037737504402,0.8761144117500412,0.8264421262621757,0.9569146673376987,0.9766703356423803,0.8294564064389347,0.5526275082095407,0.9018761436541087,0.9459291782521502,0.962540188778485,0.7578134667839214,0.0,0.4079223708826336,0.848819197256444,0.8625343546157398,0.998689452668635,0.9025599020230535,0.5526275082095407,0.9672820826017522,0.885856306754228,0.8963144756469557,0.9087874373277078,0.8358390847223276,0.7918131425098863,0.9974626378076834,0.8379854447015247,0.9425174783713437,0.8098867190035239,0.9963241028150849,0.9950194567723258,0.9550108469657219,0.9531650549101233,0.6127379093815017,0.959091930417757,0.9857329156219559,0.5721895635481329,0.9183849622426918,0.9233273388279789,0.924700455987552,0.8620283348639565,0.8992960027516226,0.9475247683209955,0.9455276575216817,0.8068326932115031,0.8238373352162471,0.677605293144088,0.9062463340473583,0.8681394999339206,0.9550108469657219,0.9214745861311222,0.9011062193938022,0.8291188760156372,0.9669177592622797,0.9509103733010487,0.7923745480749395,0.8857242349953937,0.998689452668635,0.8132959789620371,0.531094889783573,0.8684430644863416,0.8537637392043276,0.5526275082095407,0.8352311593245665,0.9215191722498273,0.7312557033963077,0.9110833848585063,0.875427364227415,0.9088098779355613,0.8602824620535623,0.5526275082095407,0.7378355744365651,0.7636937336736362,0.9367579616423476,0.9626062790066756,0.9517222684367806,0.97439201067959,0.8981423730059304,0.7326111360233353,0.7978499801257837,0.9157492821845743,0.9067555483170795,0.8844608451681752,0.9175860671326855,0.9620090329381987,0.9413707562534936,0.8864622842804519,0.8929982269723444,0.969951017762257,0.8994195455010748,0.7422481775718942,0.7445814482450308,0.7980257239951695,0.5381252733230745,0.9829857205137085,0.8245200457260631,0.8366331913865375,0.9068149728707886,0.9492108572520419,0.5526275082095407,0.8248244395680683,0.8640762965994038,0.8756731662677246,0.5526275082095407,0.9766157161171554,0.9984745940870214,0.9065978676189168,0.6033499550639583,0.5721895635481329,0.9958999320700974,0.8559195636716592,0.8698017393569917,0.8971367806773711,0.989521999562268,0.9448094215758694,0.7808067051310774,0.5526275082095407,0.8264421262621765,0.5526275082095407,0.906597867618917,0.8162467666481124,0.9808745549391589,0.9157773781681393,0.9867016991142422,0.8764224637892697,0.9764659656662635,0.9490282143343611,0.5526275082095407,0.8412128772967953,0.9859597730782947,0.8621147399470124,0.9668657633128273,0.7785834836776824,0.9083164413738802,0.7660889698399804,0.8980144111313964,0.7715489837686926,0.9932622999050305,0.722644735290128,0.7715489837686926,0.9776167375990021,0.8981423730059306,0.8368917104714448,0.7715489837686926,0.9157773781681393,0.9819593334682359,0.998689452668635,0.8555021357847683,0.9168460830759904,0.9227812709373449,0.9088098779355613,0.8545027092410218,0.9247004559875525,0.9448094215758692,0.96608096739517,0.9768606767794918,0.8447038853486005,0.9306760851396481,0.8858179090540217,0.8267698008899673,0.9235609181011566,0.9106180936294543,0.5992738705040738,0.8812276347896844,0.8970782185921151,0.9290120195510647,0.8941307528793181,0.90305740423688,0.9190988908223323,0.9670972943767466,0.9412897219566121,0.8996669475212491,0.8981423730059304,0.9022918659842718,0.8763668871594494,0.8860804513717158,0.8729868072010019,0.9275680761378682,0.9076487407666445,0.9349568243225429,0.8591451287364844,0.8543169908091186,0.921519172249827,0.9062533113704078,0.8530536913563287,0.9395281578266514,0.9200163595129565,0.9453908034471793,0.982743090758416,0.9219722388464882,0.8502649010842529,0.8468584144181479,0.9950194567723258,0.9369675911773325,0.9367146034407845,0.8495167693124205,0.9001663191197438,0.8655788710295136,0.8980570549655245,0.9849746635261072,0.9847023734227682,0.9490821345676861,0.9688487076702472,0.998689452668635,0.9146313885119859,0.8638670046962096,0.9190743601433596,0.9331087443813524,0.8810347382977066,0.8772740752841118,0.9123483154835408,0.9786630756548504,0.970405267453166,0.9647060453491338,0.8444999298453832,0.9937923149342884,0.98620272471592,0.8529137105219888,0.9425174783713439,0.8962980072339466,0.9872190633517801,0.9263909248883351,0.9110833848585063,0.9113334117247391,0.9065978676189168,0.8662700200858549,0.9425174783713439
p285_V,0.8400327444229518,0.929216320425056,0.8122996049407314,0.9263888630481252,0.8938586101242288,0.8953882126548842,0.9521969749177768,0.920898488734209,0.7046906528955763,0.7925608625062857,0.9204122566558746,0.9761220212808732,0.9684140421855757,0.8268574646368894,0.8946747435105868,0.5993486749543795,0.9731277155291385,0.906694173672244,0.8763974382696861,0.885584350726123,0.8730845391106072,0.8637801221099434,0.988382321444947,0.8322259783967583,0.856518749424179,0.7413488062196427,0.8952934951238916,0.834782188168706,0.885584350726123,0.9790655092584817,0.778152286832312,0.9540163034916509,0.7276482555137327,0.6935816470028756,0.9509387076853665,0.9186988158234664,0.8734804277999935,0.8869922656107131,0.8035117733343915,0.8662379772843465,0.8042497517204943,0.9852032128534065,0.8787867768370725,0.9443337422264936,0.9479250108626797,0.9561368611860712,0.8516044549634428,0.8562560229243956,0.7796360613549946,0.7640947307550557,0.8253952393451092,0.8254534037027816,0.7413488062196427,0.7443290459082958,0.9074826789889905,0.7995353968044259,0.9914325860459474,0.7351207557283752,0.7179021758347615,0.98491291654746,0.7487438452346853,0.7197057672547389,0.8073407474899136,0.574019637373484,0.8349741162127919,0.6654943644410214,0.9199331495579266,0.9502798685062523,0.9996300516233629,0.9446986869053019,0.8600557647275663,0.8306553169629207,0.9063610484117897,0.8143907991260692,0.7351207557283752,0.8192561528650577,0.8473435538220881,0.9941348584662445,0.7489668393846995,0.8953882126548843,0.8092715367061023,0.9981440376750648,0.905505104410335,0.7527129773749435,0.7351207557283752,0.8029642652692368,0.9841452571382636,0.8314083728588056,0.860114962912762,0.726534306879894,0.7351207557283752,0.7013383360433205,0.9103582585775505,0.815295438466941,0.7190810686741673,0.8786784817439872,0.7539240965785887,0.7351993611421532,0.972735324318941,0.7794946805727149,0.9446016842068788,0.9428470408589852,0.9223986589047978,0.8035147034909957,0.9494504384419237,0.842246813951878,0.7365050779570207,0.9612055238936477,0.9782496116174824,0.8752743793942632,0.8502617204814744,0.9181109314078952,0.8291157384846612,0.7997334516415832,0.9124328455604712,0.7210170159957051,0.9452242050877708,0.7820963185522345,0.9330257144062246,0.7627904498000249,0.9282169304402903,0.855219908474888,0.8565187494241792,0.8949402315494148,0.9066941736722449,0.9610713660362216,0.9323391465606432,0.8795490940841922,0.9761220212808734,0.9854604547872992,0.8342074155099943,0.813839396752899,0.9855289402292564,0.9164242785884129,0.8426619793851036,0.8361814041494378,0.9988903153651361,0.9225036667540455,0.8909910300164395,0.7451506173557436,0.9088663611264692,0.8498227077519451,0.9559027808522998,0.8574021411549636,0.8511451049524846,0.7875149282503537,0.8323911512379135,0.8727005479331775,0.9311894142313608,0.7996032424915058,0.9713690773771695,0.800453142992604,0.7664376445978133,0.8402864813929909,0.954016303491651,0.8012865403373333,0.8436348230605356,0.8462077308901308,0.9473040669401805,0.961276017252531,0.9478550325759328,0.9354961779469573,0.9791032390081396,0.9070417425196724,0.8206309052843614,0.8160022789255197,0.9481000738952863,0.9686998333969317,0.8226499774164824,0.9539024856099192,0.9462951427303724,0.8574861691184736,0.8806359544597054,0.9188982470758202,0.8370324938380374,0.9635102054210596,0.9105480625874939,0.8360137952166815,0.8924204004759111,0.7887869838293222,0.9905763141046722,0.8721663993345522,0.9914325860459474,0.8374621799469963,0.9190275785636594,0.7029478690813646,0.6949166936484069,0.8540580383145344,0.6941052561134267,0.89358148181802,0.7721442639654232,0.8233778614369383,0.8657164670375863,0.8322302816418247,0.8892910704598842,0.7351207557283752,0.7733672596361085,0.9309256233281007,0.6798793602452731,0.9009221329812038,0.7484056320771222,0.8374621799469963,0.7351207557283752,0.7366062668157491,0.734052554744046,0.7925608625062859,0.7351207557283752,0.9248738049403841,0.7915624271244813,0.769410065152518,0.9337723727254401,0.9657612932911052,0.8852181373852496,0.7351207557283752,0.7344455927760163,0.7351207557283753,0.6626806219896813,0.8063725531145554,0.8494995159945766,0.7351207557283752,0.9285081624447442,0.7351207557283752,0.901442199289177,0.8929633942348831,0.7972223696823334,0.7585628910189457,0.8820186502619564,0.8953160797366733,0.772144263965423,0.8262947097973374,0.9917817158560724,0.9555810362663598,0.965227712083832,0.826370668208938,0.8909910300164394,0.8700297843910698,0.8823687109729159,0.913147909788034,0.9665458515317364,0.8287252801391839,0.7729810006171293,0.8152331683127749,0.7643146723797656,0.8769383301087417,0.7351207557283752,0.9636125824506918,0.7351207557283752,0.864033537418436,0.7915624271244798,0.9829584230331379,0.874320136164976,0.8708281803676547,0.7733672596361088,0.877932942473128,0.9037277891265615,0.8008154375553576,0.9567167403268422,0.8462469866714315,0.783425201454385,0.8146873074194823,0.8720705785203204,0.948520173832994,0.7542662751466696,0.9030423464559567,0.9388276128002035,0.8035117733343915,0.8958600838823451,0.9470789727901366,0.672105899441021,0.9778095992482343,0.7727579301886023,0.9199331495579266,0.963690536419568,0.9895481804545686,0.6271698825674679,0.842246813951878,0.7735892059447579,0.7675892118184329,0.9335977923745479,0.745332789733379,0.842246813951878,0.6933055596977125,0.834492500823671,0.9332179427120111,0.7308737953828206,0.8268574646368891,0.8820186502619565,0.8071687608174107,0.8786777893600848,0.9039319767184211,0.7530110061558704,0.844253592051414,0.9966874349662784,0.876397438269686,0.7815568069335846,0.9829759764007144,0.7205556564145419,0.7914711188903297,0.9528494401412742,0.8653185613436601,0.8878884562666846,0.8769383301087414,0.8909910300164398,0.883056124718769,0.8614907656589008,0.9354961779469575,0.8739562749275969,0.9474616436278234,0.8233524055462376,0.9702219787945441,0.8941502706936373,0.831386999220063,0.817825868323939,0.8237882075012628,0.7341184581719689,0.9356074344029928,0.8572884924487559,0.9928692796486535,0.9048026283096784,0.9668790282799469,0.9171347704336503,0.9050819826484426,0.7351207557283752,0.8279657565412281,0.9186365146697737,0.8073407474899136,0.842246813951878,0.935790288622363,0.968414042185576,0.7351207557283752,0.9273323089777527,0.8503975671878503,0.9706632161575653,0.9267255643890249,0.9610748156351333,0.8425868991073653,0.9514457862955321,0.9214695283362409,0.9340659203879154,0.9509368288289439,0.7842297379105649,0.9714972917928415,0.8138393967528998,0.8087930913520405,0.9765071750327112,0.8789925306301873,0.9303946819306648,0.9164242785884129,0.9236748158396106,0.7895911839605133,0.9087807253111791,0.8426619793851029,0.726534306879894,0.9433332765492777,0.8703707811574086,0.8662872766412291,0.8093525179856116,0.9823535155670422,0.7351207557283752,0.7833986439353682,0.8173045661957838,0.8147142412997554,0.9358701742564793,0.8640841484546393,0.8883037011597182,0.7351207557283752,0.7351207557283752,0.7224029220512305,0.9053370904685216,0.822214515738604,0.7351207557283753,0.8855843507261227,0.8367785125630915,0.7472323459079007,0.755779818063306,0.9058635768151587,0.877820999631221,0.8129300118277848,0.9119261761212715,0.9303843460922749,0.9053881894484411,0.7351207557283752,0.751262892295735,0.7784424604391471,0.8791599321646315,0.8894224302232038,0.9339072168131377,0.874947344808999,0.7530110061558704,0.8945437088998832,0.7351207557283752,0.9279903108898389,0.9833192575439696,0.7405014928866878,0.9158684446416798,0.773367259636109,0.9231146714798855,0.8356110017606388,0.7351207557283752,0.9781579696504342,0.942719201150831,0.7351207557283752,0.9249527107039501,0.7541794402802304,0.8407477952041944,0.9856660077103503,0.8583617561585857,0.7351207557283752,0.96289417782331,0.6450308644995557,0.9030423464559565,0.9999194499171893,0.860809390661033,0.7712735926854342,0.8292368364038367,0.978157969650434,0.9124328455604713,0.8451636443743908,0.6932371425631806,0.9884523074603386,0.80515570471048,0.9113233943403581,0.7792954736040605,0.8262247237819451,0.8909910300164394,0.8293380612466703,0.7351207557283752,0.8162469428700425,0.9790214733720961,0.7048968104027316,0.9204122566558746,0.873558440020521,0.7721442639654235,0.9104490845940029,0.9793727752983825,0.7721442639654235,0.9812909409302988,0.8938586101242291,0.9201123101903366,0.7072651933228868,0.7894672304251209,0.8845481915056583,0.7751690686450576,0.8640841484546391,0.9041044255276214,0.8957908230814808,0.9149788847267016,0.9359992031269355,0.8498227077519459,0.7695962150883839,0.8723420066550784,0.9378123943642018,0.8062904623320433,0.7269784187937698,0.8626832371253763,0.8516044549634425,0.9415821125581023,0.9851448415645756,0.9866768251449787,0.9335977923745482,0.94907512576485,0.7355489348957329,0.8190157220345959,0.8494251168866668,0.9249511791741774,0.8462098513135912,0.9204961997903505,0.834492500823671,0.852548684559562,0.8546420604471556,0.8653396224241612,0.7798939815925165,0.9876337195199971,0.8829941385164723,0.7599607532236858,0.9981440376750652,0.9587952656906457,0.9457911598658106,0.8820186502619565,0.9145432149397986,0.7524254320064248,0.9358701742564793,0.9029198007263572,0.9788493112231097,0.8990748239405277,0.826851125466791,0.9004700005456047,0.9774187193994317,0.9216092529932856,0.9216092529932854,0.9855289402292566,0.7820963185522345,0.839447439635739,0.8870975268247696,0.7097323692976341,0.8574861691184736,0.9761220212808732,0.8876425695926056,0.8636570026662198,0.7626016525739876,0.9855466423614079,0.7351207557283752,0.8677220583791989,0.7351207557283752,0.7351207557283752,0.7794946805727148,0.6640671261189444,0.8856007209181508,0.7351207557283752,0.9136941157516751,0.8392383317009726,0.7067390571770207,0.8185249961161254,0.7067510977471074,0.8416916227374447,0.9420650699782996,0.8795047946795957,0.8105279111292419,0.8561014151389166,0.8497253219007926,0.7720505777903304,0.8219508236959862,0.9577565240492159,0.9552926358617695,0.7781522868323127,0.9383735294607871,0.8261315571847827,0.8241331438379247,0.9004700005456048,0.7366308411747222,0.9124328455604713,0.7899896490914899,0.8954896078334165,0.9700685995162522,0.7567286104978024,0.7718775065920275,0.8129300118277847,0.7659802778206585,0.9884523074603386,0.9715938209658161,0.9659103732454717,0.7269784187937702,0.9323391465606431,0.767589211818432,0.8119871247927772,0.8264315018014625,0.8253952393451092,0.9173789909124166,0.7626016525739883,0.7424789350229916,0.877922001861157,0.8852181373852496,0.8424307655406577,0.7605086321710932,0.9164242785884129,0.9778600143303963,0.7357104057190311,0.7953970069085001,0.9870080516273366,0.9119261761212715,0.8984255173946338,0.8983598651703376,0.7351207557283752,0.8909910300164394,0.778442460439147,0.9063610484117897,0.7835777223486606,0.9677086888504083,0.9309256233281009,0.8252157328596451,0.9620776123991012,0.9189561941761952,0.8685119822894809,0.7925608625062863,0.9457911598658107,0.9321425397233856,0.9006882512805926,0.7721442639654235,0.9588639428390646,0.8447619989938906,0.8844695596612387,0.8198341757905698,0.7747795154137436,0.7393360874286088,0.919610837482018,0.9637540843320485,0.9799859273411571,0.9231146714798852,0.9559285543691818,0.7985840044334549,0.9213459937002998,0.8329142295729878,0.9793727752983825,0.9874927769472461,0.9972556975591302,0.9939424235080292,0.726534306879894,0.9560629763551856,0.9844923281793009,0.9916992820910939,0.8960447434059439,0.9732612361574995,0.8409373821227348,0.8535620974118922,0.806290462332043,0.8874421359772082,0.7985840044334549,0.9074360520639089,0.5512754612532105,0.7109747342922756,0.8374621799469961,0.8594783932788338,0.9706632161575653,0.7351207557283752,0.7111592238597741,0.8683721338440205,0.6432580477018222,0.8924204004759113,0.7351207557283753,0.8141877985259848,0.9935914075979124,0.9038717385084414,0.9342671791761443,0.8036051974330694,0.8739184215005923,0.8184564270675319,0.7924533815681366,0.8112897802113503,0.941000368217803,0.8349735634793015,0.9915203716360135,0.867722058379199,0.8008856117902383,0.987245504038328,0.9732612361574994,0.865888133153887,0.8953882126548839,0.9996191519277726,0.9039319767184212,0.9706632161575655,0.8196647306005975,0.9659235941226033,0.86531856134366,0.6583967408370681,0.7133179589496061,0.9446986869053019,0.7922008532895144,0.9436356618447446,0.8972503227047752,0.8213202033183109,0.726534306879894,0.8569078760827151,0.7626016525739874,0.726534306879894,0.726534306879894,0.6919573164682471,0.7351207557283752,0.7362858947045932,0.6376616569315285,0.7351207557283752,0.8198341757905696,0.9772934396031017,0.9788493112231098,0.9124328455604713,0.8375464621231437,0.8616553377770833,0.726534306879894,0.9578100492073907,0.694916693648407,0.8957908230814808,0.8805320370876265,0.7351207557283752,0.858194879506469,0.8820186502619565,0.7023586345567214,0.7737337864535948,0.811699570766129,0.842246813951878,0.932339146560643,0.9310405719151,0.9030509861685903,0.9546450917662912,0.9223986589047976,0.6324133511476135,0.8600557647275662,0.8803108748380231,0.7537640461489097,0.9449864572593312,0.8845481915056583,0.8012865403373326,0.8820186502619571,0.8755791368706759,0.7684999454376767,0.7351207557283752,0.9509387076853666,0.7586497330308062,0.8283225054804628,0.8767571878153992,0.895293495123891,0.9695606578627879,0.7160001759908088,0.7721442639654235,0.7882017452156198,0.8976640020143208,0.7351207557283752,0.7351207557283752,0.7542546220112172,0.9493211994967663,0.8345287268986774,0.6931442864542245,0.7702258891493565,0.810866743841306,0.8653287075588869,0.8728793860486023,0.8358840366252298,0.8045439981167799,0.7351207557283752,0.9118116686604394,0.8909910300164394,0.8035117733343915,0.948627497284555,0.842246813951878,0.7962442446687483,0.7351207557283752,0.7351207557283752,0.8811246409130036,0.9509387076853666,0.8751753720766029,0.9359992031269355,0.9715057677713779,0.7220247108822764,0.8112897802113503,0.932630117597206,0.8240643119871085,0.9789148505297232,0.7351207557283753,0.7915624271244798,0.7995679310580586,0.9029097871803183,0.8845481915056583,0.4079223708826336,0.0,0.8017057799187535,0.7270180315622408,0.9029097871803183,0.7147450214338664,0.7351207557283752,0.7637214007844018,0.9928298495367262,0.8997401012619191,0.9199979503711594,0.8822785569840241,0.819664730600598,0.8291163190049272,0.7029478690813646,0.8677220583791982,0.961668094977058,0.8514935810567196,0.9468119576597445,0.9356074344029928,0.9143608994938972,0.774710291131701,0.8169998965810359,0.7938826026075032,0.726534306879894,0.7053819469631112,0.9446016842068787,0.9402138391832939,0.8450277971876994,0.9916992820910939,0.8473067066465352,0.9706632161575655,0.9164242785884129,0.7335993815733615,0.855034582201583,0.7527326497397694,0.9919811947534958,0.9571076366744766,0.8156340680986153,0.9841452571382636,0.7501095329501963,0.7276482555137336,0.8852181373852493,0.8208573067201503,0.9015428239307053,0.8322259783967583,0.8700551434422648,0.7413583324887876,0.9232541619420682,0.9369703174365863,0.7351207557283752,0.7327165333991882,0.9223986589047978,0.991769087850715,0.7925608625062857,0.9700685995162525,0.7970814524737748,0.7529480023646734,0.7351207557283752,0.9179834615303809,0.9531021249498595,0.9526385910414741,0.8488347600058475,0.9030622462239865,0.8543675919738041,0.859478393278834,0.9077014629000912,0.9932617562800398,0.8788284568082498,0.8453058211192146,0.849460080892052,0.8778822965727826,0.9916992820910939,0.9421215652709097,0.8938586101242288,0.844621051219921,0.917257232892273,0.844324158065255,0.7785754493542814,0.9693237058490465,0.9349010971923586,0.726534306879894,0.7815250207496144,0.838418506197536,0.9942597782154815,0.7934585433753599,0.8523293448864913,0.7351207557283752,0.9375518312170409,0.7980823040868203,0.8268574646368894,0.7351207557283752,0.7975621758767671,0.91268289753575,0.842246813951878,0.779893981592517,0.7542662751466693,0.7118683133165977,0.9946834286992734,0.8389008868050971,0.9446016842068788,0.9695349615054935,0.918886208160804,0.9712498295266112,0.7351207557283752,0.9373504921186018,0.7351207557283752,0.8503975671878505,0.9342742505631888,0.7893931837543071,0.8035117733343915,0.8873570781050344,0.7959170839988476,0.8462098513135907,0.8268574646368894,0.7351207557283752,0.9303843460922749,0.8774191840736139,0.928029356474789,0.9620377452425912,0.6138319246402619,0.8569078760827153,0.6088961851334251,0.8443012407137152,0.8835191731835004,0.7850275807140799,0.975295349521891,0.8835191731835004,0.7750169417181672,0.8909910300164398,0.7054047837320216,0.8835191731835004,0.8035117733343915,0.8513353750034273,0.9617685059409679,0.8097672904273265,0.8852181373852495,0.8846269757088328,0.8425868991073652,0.7013383360433207,0.9482976017725953,0.9652869363656243,0.8043704553699985,0.9605581908569492,0.9483900530140978,0.7991974998107612,0.8990748239405278,0.747232345907901,0.9041341848085453,0.7678128616128655,0.8102734221189178,0.7323315226534839,0.8878884562666847,0.773367259636109,0.9124328455604712,0.8121009850587264,0.9015428239307054,0.831538202718104,0.9575989146253555,0.7568564621750387,0.8279657565412284,0.867722058379199,0.7440352380665913,0.7630743876142556,0.858812851502091,0.9358701742564792,0.8394474396357386,0.8606120101483974,0.8801232692753702,0.732278541837548,0.8938586101242287,0.8341668970082109,0.9780000996364258,0.8350914616551658,0.7402898687168125,0.6000808251427903,0.9030423464559567,0.9991878347326846,0.8020268230744547,0.7633461199763999,0.9479250108626797,0.8666432963565711,0.8175150604237005,0.8293557447848392,0.9643100376629143,0.822115454242048,0.972955298695674,0.9406820739188004,0.9341075424945912,0.9832288195875319,0.8820186502619565,0.9029097871803183,0.8455829877418558,0.747497728113269,0.9659103732454719,0.8119668086509005,0.7877382453001089,0.9123907373973594,0.8769383301087414,0.8769383301087414,0.8523514916566053,0.9981440376750648,0.963612582450692,0.9428470408589851,0.8630710271645624,0.7970814524737739,0.867722058379199,0.7218761533489677,0.9924326933314227,0.8734804277999935,0.7925608625062857,0.7188620543322037,0.8162469428700425,0.9948878210333705,0.867722058379199
p286_L,0.9007103953415451,0.7054628229108713,0.9225298131703905,0.9495972962983876,0.951700230336632,0.987883051676453,0.9010773656046712,0.9159608694278369,0.8307107766015764,0.5550366476795268,0.9996792686582182,0.9077040005624186,0.9077040005624186,0.7064172413256606,0.8940947940947943,0.6562579135618392,0.9084103043116549,0.8038156961871349,0.926456449323181,0.9299882837258002,0.9123520879799729,0.9262700211315926,0.8866210237012304,0.6626333293553737,0.9230838149438536,0.8794184279003852,0.8326198311295493,0.8529358756208605,0.9814857905852672,0.6021353883475696,0.8680005631963961,0.9197987094973854,0.8994092506018598,0.8571496764250632,0.9106019687464653,0.9264564493231808,0.9135777978424582,0.7676353688902955,0.5785266893944587,0.6240847157888749,0.8229279382562935,0.9139909169429035,0.9336842693103169,0.8467285647384586,0.8705150677206025,0.9403930807891376,0.9166400151447351,0.8487182984260195,0.8770810709357255,0.809566677308712,0.6717916419431471,0.940190295613732,0.8794184279003852,0.5246545780731425,0.8994092506018594,0.9361802219295303,0.8181878415434289,0.43182584581086747,0.8247565000277832,0.9048766089350637,0.8346528452164945,0.72118319508648,0.8794184279003856,0.9402605367450523,0.9230659630317122,0.7637392640715233,0.9197987094973854,0.7678933054890161,0.7535575626336679,0.8276555176058382,0.7988195452116942,0.8770810709357255,0.9106019687464653,0.8773813532984649,0.43182584581086747,0.8001709249137137,0.8916043634534065,0.9289045525716983,0.7071748028741396,0.7953218188590035,0.7519677623553986,0.8841862845276727,0.44371619037272936,0.8794184279003854,0.43182584581086747,0.6528266442489302,0.8916043634534065,0.6561757451616912,0.9578322633488543,0.45334225692590724,0.43182584581086747,0.7837660335892471,0.856318330429716,0.7639778160795918,0.6525141147055318,0.7695818961734076,0.814764693497974,0.8020423584034375,0.8637580858640361,0.6990451020363793,0.9668842139954101,0.9519687706310139,0.8839067233027015,0.9565929805634581,0.860090508862235,0.9264564493231808,0.8629575597071923,0.8205683168527915,0.8890928172755166,0.8819390500405409,0.8637287639316904,0.5063234305071165,0.7496107130393992,0.8661220780264807,0.9166400151447351,0.7068360055701304,0.8967590384461328,0.6309450911490522,0.9878830516764527,0.7501881738550045,0.8467285647384588,0.6344403429748714,0.7030152107044392,0.8083563732332852,0.9938752217346227,0.5872332725167033,0.9135777978424582,0.9283646450840661,0.9077040005624184,0.8508524342038155,0.7760601551016038,0.9166400151447349,0.7171704917830877,0.9336842693103169,0.902113512733081,0.8755135161284731,0.9987216249066182,0.9440647409827921,0.9197987094973852,0.47318082429962804,0.7630356778860854,0.9299882837258,0.6910098489658958,0.9592409449937286,0.690532885544498,0.868376068376068,0.9023981600490012,0.9096180560976108,0.8770810709357257,0.7691396135941388,0.9299882837258,0.8346528452164943,0.8067440341277696,0.8122247635437354,0.8986858911428512,0.8770810709357255,0.9764811019793516,0.9923191657546491,0.8034924437839349,0.6562579135618383,0.6794262455210571,0.9957658420390977,0.8536985713947867,0.8680182648425637,0.8190804967023388,0.988153167758347,0.953177557361359,0.9876228417447834,0.8702334868194925,0.9922374315421698,0.8497445173156403,0.9077040005624186,0.8747722377977696,0.7340107556878896,0.9358328998028984,0.9116386468550661,0.9756340559373771,0.6967393922251979,0.9728705348584787,0.6513761409771579,0.921637383561343,0.8039173803939998,0.9361802219295301,0.9077040005624186,0.9145629913807993,0.8903909261178597,0.7501881738550045,0.9568643011253918,0.5246545780731426,0.8438604060303616,0.7452806972594479,0.8307107766015771,0.9866923902684122,0.8067265035177567,0.9171389541787874,0.43182584581086747,0.6626333293553734,0.9396377493736087,0.5787319934731208,0.9512301504625156,0.809566677308712,0.9077040005624186,0.43182584581086747,0.8294469165016842,0.6300040523143806,0.6065341545389953,0.43182584581086747,0.7216870986895649,0.8508524342038157,0.8659852770068093,0.861950203916515,0.9557524192850102,0.9476386094693983,0.43182584581086747,0.729042576850262,0.43182584581086747,0.7045680248505848,0.9855914717247826,0.9562078071240252,0.43182584581086747,0.8296498137885866,0.43182584581086747,0.9376213298734817,0.8366381506443359,0.6873253311116849,0.7816004472818272,0.9166400151447349,0.791244682432938,0.4731808242996275,0.8866210237012304,0.796404717442921,0.9667805942997311,0.9882433091602376,0.9124519654347758,0.8533070413029099,0.7744924692459945,0.9453225695777353,0.8287530636873144,0.924105502710221,0.8508524342038157,0.8508524342038155,0.7189341213563905,0.830798478257572,0.943748019357896,0.43182584581086747,0.8287530636873144,0.43182584581086747,0.7811962444165512,0.8815711740425954,0.9197987094973856,0.8724902307321463,0.791244682432938,0.6626333293553734,0.8487835757946518,0.8890928172755166,0.7565792253438847,0.8941586572120017,0.755747894770401,0.6453892707744288,0.8567238689521187,0.7742146572980868,0.914309766063365,0.45334225692590735,0.970223678284496,0.9551534283760554,0.5785266893944587,0.7804581376972719,0.8726534642923023,0.602937705932113,0.7723694787044313,0.8463917370351528,0.9197987094973856,0.9428243546711244,0.8382972383816649,0.6092829154492482,0.9264564493231808,0.6989031042017535,0.9017493286115514,0.8841862845276727,0.884753612602688,0.9264564493231808,0.7774079203770485,0.8703891484292874,0.9230659630317122,0.8445122684053998,0.8497445173156402,0.8643746278148466,0.8571496764250635,0.8388236882643281,0.9048766089350637,0.9166400151447351,0.9166400151447349,0.9825272707332489,0.9260107308342306,0.8051201116137809,0.9261626187140415,0.8201203923509601,0.8954636083005569,0.9756340559373771,0.9661032464830348,0.9046789607562872,0.823023518105113,0.9440647409827919,0.8297183148355423,0.9438851950846348,0.9604370865528187,0.9046789607562873,0.8529358756208603,0.8935889455014905,0.9045378819740283,0.9865603055071984,0.6688852662378741,0.8821124545794725,0.8081085392624909,0.8327293769633923,0.9299882837258,0.903958793522986,0.9299882837258,0.8571496764250635,0.8548135348672365,0.9935332113595308,0.9166400151447349,0.43182584581086747,0.9197987094973854,0.856342847871026,0.8038156961871353,0.9264564493231808,0.9230659630317124,0.9325575638096626,0.43182584581086747,0.8890928172755166,0.926456449323181,0.6869242541267304,0.8683760683760684,0.7434831528455419,0.8841862845276727,0.9197987094973856,0.8910925296113086,0.9716321932884298,0.8890928172755164,0.8994092506018598,0.9430126083830715,0.6891863421825124,0.8571496764250632,0.990852326163384,0.8967590384461326,0.8683760683760684,0.9579181659574112,0.7638697281228504,0.7833854450118071,0.7855983278368401,0.9779039859151866,0.45334225692590724,0.9746813713361655,0.9180687606054391,0.8566662833093139,0.6803551129901209,0.9941106850914891,0.43182584581086747,0.7427482619370733,0.8715549445175077,0.8609720555831696,0.9643988302810584,0.9299882837258,0.9166665444968229,0.43182584581086747,0.43182584581086747,0.8111475457671498,0.9251291669937259,0.8949515837157815,0.43182584581086747,0.981485790585267,0.9106019687464655,0.8922663859023956,0.8190804967023388,0.8243987486380946,0.951700230336632,0.9600001939044073,0.7270734020865477,0.9823745918218031,0.8910056259689474,0.43182584581086747,0.8549567011628645,0.9307164569591612,0.7832171227432938,0.9643068670481103,0.9019302999673844,0.8837569565579622,0.9166400151447351,0.8182720711512783,0.43182584581086747,0.9801286106126523,0.9305220465521269,0.7520430783139012,0.9392305223349895,0.9135777978424582,0.8681391862112813,0.7676353688902948,0.43182584581086747,0.8171664408507364,0.987624479090327,0.43182584581086747,0.8948250712530359,0.865295676438584,0.722054272826822,0.9985333851600513,0.8297183148355423,0.43182584581086747,0.981940340192999,0.7853233151653147,0.970223678284496,0.8002586966593435,0.8935889455014903,0.8616718414483748,0.8386336412280218,0.7886556138109858,0.9166400151447351,0.8680236613509513,0.8001709249137137,0.7130756039799138,0.9334030065073122,0.9739484861306698,0.8744639266025793,0.5796411465402947,0.9197987094973854,0.9621986341433749,0.43182584581086747,0.926456449323181,0.9229512180034356,0.9525299255562657,0.9295460152552617,0.9027452369168487,0.4731808242996284,0.8223248542353361,0.8321488784762411,0.4731808242996284,0.8227424784419187,0.9661032464830347,0.9329206874136777,0.8506218703383306,0.900713161353256,0.926456449323181,0.9190310891726567,0.9299882837258,0.9947560146512322,0.9199796380611351,0.969566401122042,0.9262700211315924,0.9299882837258,0.9671753687008953,0.8799793340483575,0.6933955248999062,0.602937705932113,0.8916043634534072,0.8529764551059038,0.9166400151447349,0.8571496764250635,0.8928982317453213,0.7834491233257184,0.8536985713947868,0.9176525482557552,0.9295460152552619,0.8680005631963961,0.6282736808318867,0.7583962822514938,0.8227122144125453,0.9463055409027077,0.9063047548503054,0.9648599144432592,0.8210790621176443,0.8841862845276727,0.5796411465402954,0.9965691586926797,0.8941586572120019,0.758210948424158,0.8841862845276725,0.8776100733791743,0.7615905462344101,0.9519687706310139,0.8222029356901401,0.8235509524478353,0.9535780571182249,0.8466090907561588,0.9264564493231808,0.8654371765808999,0.8741365422785892,0.9230659630317124,0.9070227924758549,0.908410304311655,0.902113512733081,0.9197987094973856,0.5817674845348559,0.7495121798568642,0.9661631577229417,0.8467285647384584,0.9476386094693983,0.9077040005624186,0.9794874276596606,0.8879912505112316,0.4915627018100769,0.9182341145770847,0.43182584581086747,0.9230659630317124,0.43182584581086747,0.43182584581086747,0.6809954424556657,0.2794136173011541,0.9124519654347756,0.43182584581086747,0.8705865716173924,0.9003122909683829,0.6675100606397244,0.9510846536879038,0.8335907323532998,0.836550699933718,0.7298011218699672,0.5656621508479545,0.7182438597504208,0.7306403266116455,0.9804479014426355,0.6996723149460167,0.8550346801467705,0.9322970123430119,0.9427215843634082,0.9848889533625503,0.8994092506018596,0.6675378764137851,0.8849436554777976,0.9230659630317124,0.8118425517720609,0.9166400151447351,0.888863085361087,0.7964047174429204,0.9461956754179022,0.9199796380611349,0.7333912312883917,0.9309652469358959,0.8346528452164945,0.8866210237012306,0.9169212952208244,0.9166400151447351,0.5537451136956171,0.9592855403168914,0.9658362893461991,0.7678173152438112,0.8676112790458939,0.7171704917830882,0.806789155332198,0.4536674652190247,0.7174382430196675,0.9620358654675498,0.8526883459957034,0.7832171227432938,0.8702334868194928,0.7411230364928669,0.9791581946867707,0.7296267818662927,0.7352258907780789,0.9743562129236722,0.9004016904774774,0.9130249413152709,0.9215629630977651,0.43182584581086747,0.9197987094973854,0.9070227924758547,0.9106019687464653,0.775490861029497,0.8916043634534063,0.9048766089350639,0.9806251386570771,0.831400188430081,0.7130756039799138,0.8342756330356822,0.9299882837258,0.9729456865652863,0.8941586572120017,0.7649883326259901,0.4731808242996284,0.8994092506018594,0.7147899939007833,0.8815711740425956,0.9519917504238644,0.7374306512426545,0.8102639152865034,0.7248420730002098,0.9582561169701536,0.9954053989493441,0.8195793326485146,0.9926634898795506,0.8680005631963956,0.9299882837258002,0.9230838149438536,0.9135777978424584,0.9398894211018272,0.8771998465244932,0.8247837482653085,0.45334225692590724,0.9600145028424167,0.9430126083830715,0.987883051676453,0.9775645171111484,0.9957658420390977,0.7075087193160747,0.8529358756208607,0.881786158467905,0.9568643011253916,0.9562668532610279,0.9230838149438536,0.779305444465773,0.8941586572120013,0.9476386094693983,0.9197987094973854,0.9336842693103171,0.43182584581086747,0.8663388785263763,0.9033208191464375,0.6782403328594562,0.8329974357643426,0.43182584581086747,0.7945756096997865,0.9635254292823741,0.8346528452164943,0.6777517861276663,0.8551267822420461,0.7837660335892471,0.7908587947341705,0.882510035290643,0.9027452369168487,0.9339361254583816,0.9565663768738849,0.9004138115882325,0.9230659630317126,0.904789630708204,0.7567798574116684,0.8643746278148466,0.9578829909052509,0.795321818859003,0.872490230732146,0.8618949285279447,0.7953218188590034,0.8967590384461326,0.9410038098069492,0.8839067233027015,0.9590872956128367,0.7964377980480559,0.926456449323181,0.951700230336632,0.7617390597647349,0.8745762485846604,0.6519163028814865,0.45334225692590724,0.9197987094973856,0.49156270181007655,0.45334225692590724,0.45334225692590724,0.700432011497238,0.43182584581086747,0.7189341213563909,0.5124858884506407,0.43182584581086747,0.8864629644044794,0.5860525056617123,0.9264564493231808,0.9166400151447351,0.9230659630317124,0.913577797842458,0.45334225692590724,0.86280745754366,0.7501881738550045,0.8866210237012306,0.9072824184010293,0.43182584581086747,0.8379238689031533,0.9604370865528187,0.8841862845276725,0.6366915814449021,0.9845881775546386,0.6801226977632484,0.9135777978424582,0.7709972060411141,0.8012982565165189,0.7709972060411143,0.9106019687464653,0.4534489472368566,0.9686938578007995,0.8680005631963956,0.8365532573780022,0.9996792686582181,0.9264564493231808,0.9394353475951509,0.9166400151447351,0.7628227964910352,0.7595670294809798,0.43182584581086747,0.9517002303366318,0.8786139817666818,0.6065341545389953,0.9003122909683827,0.9779039859151868,0.8581298364851786,0.7455569102951165,0.4731808242996284,0.9858452930016861,0.7973984665503393,0.43182584581086747,0.43182584581086747,0.7274904016701507,0.819579332648515,0.7836726736152577,0.8782343105601771,0.973344709780833,0.9266149389344125,0.94229498869363,0.8251498398119586,0.9249852906821023,0.8322290519659803,0.43182584581086747,0.8725745362635551,0.9197987094973854,0.5785266893944587,0.9665353237733174,0.9264564493231808,0.7028136961958793,0.43182584581086747,0.43182584581086747,0.7784314880222074,0.9927984919267985,0.7926985779192861,0.8916043634534068,0.9009220440049021,0.8229279382562935,0.8854697197902375,0.8939713957558899,0.8933905091523313,0.9757095583049686,0.43182584581086747,0.9043677125545331,0.8592265908028083,0.9135777978424582,0.9264564493231808,0.848819197256444,0.8017057799187535,0.0,0.8550346801467699,0.9135777978424582,0.7520430783139012,0.43182584581086747,0.6949688946098889,0.8442139069839354,0.9402605367450523,0.9407803521268683,0.9834229689900651,0.8967590384461328,0.8326772157836522,0.9096993899044422,0.9230659630317124,0.7686793485383445,0.9358981709895229,0.902113512733081,0.981485790585267,0.9209318411003917,0.6137561706396473,0.670798285107665,0.6717916419431469,0.4134076480189276,0.781600447281827,0.8747722377977698,0.9886017307440313,0.889744215041613,0.9336842693103169,0.9846406300806099,0.9336842693103171,0.9336842693103169,0.8805662392896149,0.6931243366702048,0.817166440850736,0.9106019687464653,0.9299882837258,0.8916043634534068,0.8916043634534063,0.9639707744496169,0.89940925060186,0.9077040005624186,0.9054762298636496,0.8205451732026654,0.7050122166355904,0.9980285986396056,0.6801676817825015,0.9794874276596606,0.9518000497488425,0.43182584581086747,0.8063586607615829,0.9106019687464655,0.9127599742397832,0.5550366476795268,0.957190049157101,0.8841862845276725,0.9407262297203303,0.43182584581086747,0.9589455545474759,0.9791581946867707,0.8209341783850936,0.836550699933718,0.8773813532984649,0.8501658038391264,0.9197987094973854,0.9951807833070792,0.8944062378898096,0.6939432051806655,0.7968974600609418,0.8798686757794372,0.6368224042861268,0.7411230364928671,0.9199796380611351,0.8017102001223686,0.9150464472420548,0.8770810709357255,0.7163320995816558,0.5414387594293653,0.988807685028698,0.9106019687464657,0.45334225692590724,0.7408106511539008,0.8742056923249759,0.5335992962391596,0.8008473763973403,0.7590515197296983,0.43182584581086747,0.9633889099831838,0.7793280197817896,0.6777517861276645,0.43182584581086747,0.9049531338697618,0.8046304111689443,0.9264564493231808,0.5796411465402951,0.45334225692590724,0.8726241727903418,0.9110950154916335,0.9825075879852554,0.9668842139954104,0.8638876671162128,0.8798686757794372,0.9936598188242955,0.43182584581086747,0.9027452369168487,0.43182584581086747,0.6309450911490522,0.9429558825176368,0.7964377980480561,0.5785266893944587,0.8702334868194928,0.989740125594192,0.8572922564839236,0.8636009307043997,0.43182584581086747,0.9072025039450784,0.8841252848680676,0.918280014011716,0.8680005631963958,0.7210253389904426,0.9651775593373264,0.6612458897922333,0.8438604060303616,0.7143687895391815,0.8114587961537707,0.9576307290466073,0.7143687895391815,0.8922663859023958,0.8533070413029107,0.8201203923509601,0.7143687895391815,0.5785266893944587,0.8794184279003856,0.9135777978424582,0.9398863311924057,0.8926229549026828,0.8438604060303616,0.8864629644044796,0.9225298131703905,0.8508524342038157,0.8866210237012306,0.8487835757946518,0.8423246840968623,0.9077040005624186,0.7964047174429207,0.9912312238962613,0.8497445173156404,0.8748774256549667,0.9095315949303144,0.7139254633115313,0.8638876671162135,0.7799704074374373,0.7050122166355903,0.9604370865528187,0.8268036333064976,0.9349510816578229,0.8724902307321463,0.7947047012361304,0.8964307741010908,0.9197987094973856,0.9230659630317124,0.6430880126247387,0.8702334868194936,0.9536049318155702,0.882375717680342,0.8680005631963956,0.7200599740783349,0.8729701990461243,0.9238600182215475,0.9106019687464655,0.7310452715865239,0.8567388284504025,0.8386491402440521,0.8248620605884838,0.7111024018603502,0.9230659630317122,0.8571496764250635,0.6342359005992587,0.9110950154916331,0.902113512733081,0.9806251386570771,0.9639416892449179,0.6721931320772204,0.6656436166831581,0.9289045525716982,0.93492097183417,0.892622954902683,0.8384646937226574,0.678536341051766,0.9166400151447349,0.9135777978424582,0.9976139811929996,0.8724902307321449,0.8205775564067632,0.8680236613509513,0.9582561169701536,0.7606662375525146,0.9826194297807276,0.9437480193578958,0.9072025039450784,0.984756143433557,0.904789630708204,0.9166400151447351,0.948157154964077,0.9824794635567504,0.9230659630317124,0.8114587961537707,0.8605757737321045,0.998335572402892,0.6065341545389948,0.8855731041118606,0.6309450911490522,0.7955644297036394,0.9230659630317126
p286_M,0.9873177527203463,0.9413487659113853,0.9686535738961324,0.8209328181671023,0.9176344520056336,0.657775897118256,0.6770593424804368,0.7467744905463729,0.844027888989999,0.9354957453078969,0.9024846512059139,0.9149644520716045,0.9149644520716045,0.6990382429759674,0.6801676817825018,0.8141693012543916,0.9290437380995717,0.8889039599111499,0.7018004875977804,0.736028742336932,0.9817898094872117,0.8050500444117387,0.8916829786258778,0.9654282935645837,0.8492368715730201,0.8889039599111499,0.6873299539927961,0.8645046537943692,0.736028742336932,0.6521750190988629,0.8783842798904284,0.9261077324693099,0.9073222074226133,0.8670548609430998,0.9176344520056336,0.8063598505269485,0.9203761879341787,0.8567058745534248,0.9389009867184679,0.8812431992605014,0.8106936065759303,0.8910854332944245,0.9389009867184677,0.8587856401289515,0.9500993698470401,0.7023160085843749,0.969757263765453,0.8386392613801179,0.5166618236344366,0.824547087224186,0.9261077324693099,0.8583037394219245,0.8889039599111497,0.904880473824603,0.9073222074226133,0.884623261684109,0.5278428862765077,0.9176344520056336,0.9547709979669963,0.9123594767995957,0.8476598553448094,0.9027718400079077,0.7743488856070802,0.8368572865027601,0.46929350381057033,0.8892800229541535,0.7844444503394652,0.8696697695775146,0.9046287448350963,0.932241742150131,0.4956033676911803,0.8867504707956384,0.9176344520056336,0.7189641226043171,0.9176344520056336,0.8158904503387641,0.900131290598132,0.8341784453489841,0.7134837754282197,0.8306286611882311,0.9024846512059139,0.8280541377532269,0.8975897579408095,0.8889039599111501,0.9176344520056336,0.668510713031261,0.8419023775355046,0.6832226306729525,0.8523627534772416,0.9149644520716045,0.9176344520056336,0.31081399274413346,0.5707919514912185,0.7647016855061366,0.9438611769441672,0.8386392613801178,0.34845148916073787,0.817614667782423,0.7271627969194252,0.7252781043308825,0.5931244253919947,0.7043245043487549,0.6891492539635691,0.6067308133313001,0.9926550694496732,0.932241742150131,0.5916423958378101,0.6713404996873749,0.8978173148387738,0.7225888481649909,0.40277503125507574,0.8910854332944245,0.8388572074136862,0.4424939762621303,0.9231975163531971,0.8549380702823188,0.8644633857793794,0.932241742150131,0.9389009867184677,0.7906205719124983,0.9145303665658235,0.37404765011518937,0.7408315228923601,0.7775575717654001,0.8889039599111503,0.603406493350001,0.9203761879341787,0.9008919498851699,0.8303136803781797,0.8625851059964713,0.7936763507630318,0.9231975163531969,0.9743490353345139,0.9389009867184677,0.3650449085170949,0.8491542066816398,0.8038943185349741,0.9774096618002821,0.9261077324693097,0.912359476799596,0.767708035962958,0.9354957453078969,0.7153165147159799,0.5541214595946848,0.4553239903820864,0.8550346801467699,0.9229660919577038,0.7439188334429196,0.8867504707956386,0.6081975471352878,0.6812828236110703,0.8476598553448089,0.7173162881549637,0.8300245705572447,0.9291683589350778,0.8867504707956384,0.43566962359204275,0.9140938852116013,0.7681288697670117,0.3276600473363078,0.6110682314070726,0.969757263765453,0.9325475534270612,0.6792982568065469,0.8581319192100829,0.21551668786586065,0.8169386176061966,0.9879069037547501,0.9438611769441669,0.7491566735405868,0.9428273933582367,0.9149644520716045,0.8846232616841088,0.6977748264839163,0.7629849328788398,0.5262668281776901,0.7018004875977806,0.811982893859045,0.6240817421062621,0.8576022197224039,0.8569044040594338,0.8429310413922657,0.8868913514116865,0.9149644520716045,0.7715485738634289,0.5391166983661788,0.8529635320596913,0.8659812204023998,0.904880473824603,0.8763477248373535,0.9123594767995957,0.869984032149532,0.8836798883263419,0.7342577018234697,0.8476598553448089,0.9176344520056336,0.9203761879341787,0.7570534784216717,0.8386392613801177,0.9891788887244148,0.8966003305601591,0.9149644520716045,0.9176344520056336,0.8945440311651076,0.9221276306923967,0.9354957453078969,0.9176344520056336,0.7885806811293348,0.9194760752462121,0.8158904503387638,0.788843942400512,0.6831411647054995,0.40577723446115266,0.9176344520056336,0.766416284010634,0.9176344520056336,0.9804930572626964,0.9840842598990851,0.971460805427028,0.9176344520056336,0.889224719417397,0.9176344520056336,0.7159084639192791,0.9293273608862838,0.6180073508895099,0.998391854678573,0.5180855146997305,0.6289762449985727,0.912359476799596,0.7498316074099162,0.9001312905981322,0.6246102871892754,0.7196406023037185,0.9552409151070957,0.9261077324693094,0.83685728650276,0.822808144689934,0.926013409514585,0.9822289983365697,0.8910305906213418,0.8625851059964709,0.9098137391625774,0.2812724445574267,0.9123594767995962,0.9176344520056336,0.8422241792803133,0.9176344520056336,0.567804750407757,0.682287140005601,0.9261077324693099,0.8825207683757943,0.6289762449985726,0.9203761879341787,0.8606789940362405,0.8978173148387736,0.3519659394546155,0.9094175606190132,0.7749619514667099,0.9231975163531971,0.3579507061066569,0.7919760287785569,0.7474143012261998,0.9149644520716045,0.9291179679746995,0.5185426290466787,0.9389009867184679,0.7297741310905197,0.7297741310905197,0.8910854332944247,0.7902760008933467,0.3418061242443897,0.9261077324693099,0.7543639716991355,0.671340499687375,0.9774056046633747,0.932241742150131,0.7225888481649909,0.914093885211601,0.5145738907317217,0.8529344613286705,0.932241742150131,0.7595444044416273,0.6985882601428428,0.8202201452691633,0.9600541577705046,0.5466700239870497,0.6577647569364989,0.8683869765649124,0.6871125008814822,0.9123594767995957,0.9231975163531971,0.9231975163531971,0.5911244682702297,0.7018004875977801,0.6733440045419774,0.7647016855061364,0.8141693012543916,0.8719215579666041,0.9109192134561164,0.6017678552900585,0.748668153578296,0.7157300978243298,0.7362031474742619,0.6982000155310899,0.8850707526024728,0.983682988822291,0.9861817550572931,0.8645046537943692,0.6496582862222766,0.853175894511782,0.8124509893605871,0.508766066810105,0.7162319774077143,0.7530170536330711,0.3526595505190113,0.8455205797886558,0.8440278889899995,0.7360287423369322,0.8082641581671024,0.8625851059964715,0.7675694205203241,0.9231975163531971,0.9176344520056336,0.9261077324693099,0.7457537563550609,0.5386258774698416,0.932241742150131,0.9291179679746995,0.8303136803781797,0.9176344520056336,0.8978173148387736,0.932241742150131,0.9389009867184677,0.909716755213914,0.7654345194439824,0.2707559208261082,0.9261077324693099,0.7297741310905197,0.7325824688074898,0.7046964066654737,0.9073222074226133,0.4819869843011907,0.9231975163531971,0.8683869765649126,0.6957147103396413,0.904880473824603,0.8550346801467696,0.9965185747417931,0.6198924122866387,0.5143106442871157,0.6400186186593286,0.8887581074151093,0.9149644520716045,0.9771762115180253,0.6291794653990354,0.687112500881482,0.689044914708743,0.5455697530807739,0.9176344520056336,0.7629849328788398,0.8664383561643836,0.5051248172852034,0.930101861608711,0.9354957453078969,0.7491566735405868,0.9176344520056336,0.9176344520056336,0.8867504707956384,0.8440278889899995,0.43620934233569186,0.9176344520056336,0.736028742336932,0.3833143586062837,0.45524909259369895,0.8333125033847857,0.8281926662579333,0.9613251513423888,0.32112476381292043,0.9893117100305695,0.7046378675742239,0.760344890915537,0.9176344520056336,0.8073108575392578,0.3592633532314493,0.6378365936921426,0.6609336670592167,0.8763477248373535,0.38989475829270015,0.9231975163531971,0.6693273178797698,0.9176344520056336,0.5936169692080376,0.9763971782961419,0.7715485738634289,0.7298108971145142,0.920376187934179,0.6684330951725979,0.817377221549431,0.9176344520056336,0.8315490164612094,0.7021560559613693,0.9176344520056336,0.9380806103257939,0.9938579250842934,0.8772304357931477,0.5540895477515115,0.6792982568065469,0.9176344520056336,0.8296456439809795,0.9109711638042668,0.9204848999716182,0.6486265540802134,0.7452270246930419,0.8494889870069657,0.8513275026111498,0.601511400125522,0.9231975163531971,0.8600762842131289,0.8158904503387641,0.9980715070378495,0.7612658857087968,0.5671107402267941,0.9639311446189309,0.9310028073541698,0.9261077324693097,0.5049511620216646,0.9176344520056336,0.932241742150131,0.6740626224302608,0.9982141579504638,0.9401042088409286,0.9468476925571212,0.9123594767995962,0.8996613975228367,0.920376187934179,0.9123594767995962,0.9846566758890424,0.645458554626814,0.9048804738246028,0.8713693503072439,0.4811123888621549,0.932241742150131,0.750895652148909,0.9354957453078971,0.9048804738246028,0.8207572930178969,0.7339838114043491,0.7681977112879723,0.5717909861593468,0.9584336866742438,0.8645046537943692,0.8632221916532632,0.8910854332944247,0.9001312905981322,0.8422241792803133,0.797443999173267,0.8683869765649124,0.7099938617412704,0.8450453177882404,0.8280541377532266,0.8620322227114252,0.9024846512059141,0.8783842798904284,0.4854936622682986,0.6874387112540079,0.6831411647054999,0.9500993698470401,0.7749505149401785,0.5804223792454357,0.8743307438550616,0.8932967537832139,0.8955399645501796,0.5484350471756452,0.9024846512059141,0.7799523024236332,0.8932967537832139,0.8245145631299533,0.6009855196040683,0.750884251761011,0.7286474707483082,0.9993013807106688,0.6394450298559886,0.8368572865027604,0.932241742150131,0.7719011179626207,0.8725825827815012,0.6698230132154811,0.9795019860868404,0.6873299539927957,0.7679012153617217,0.9743490353345139,0.932241742150131,0.7462795582795662,0.6826927479724865,0.8903630909051252,0.9576746141532875,0.9152209695615848,0.7134837754282197,0.8761017783000717,0.9098137391625776,0.5541214595946846,0.9176344520056336,0.9291179679746995,0.9176344520056336,0.9176344520056336,0.7060898900522419,0.8955399645501798,0.3085431845711246,0.9176344520056336,0.6909691997734229,0.736881216402621,0.8625851059964715,0.5224081070227261,0.8073108575392578,0.9926717566326272,0.5849369615002848,0.8422241792803133,0.7404081659626418,0.9073222074226133,0.8158904503387638,0.9291179679746997,0.8664383561643836,0.7337372258826749,0.7664162840106339,0.621167504336231,0.9073222074226133,0.9536828573969374,0.6175845887893603,0.6196906358642535,0.5522123059156725,0.9231975163531971,0.4766119631944845,0.9001312905981322,0.8007887412393744,0.8955399645501794,0.7543639716991355,0.8149878477204446,0.8476598553448094,0.8955399645501794,0.9000905586095038,0.9231975163531969,0.9001312905981322,0.674154861392178,0.9985540554936607,0.7681288697670117,0.7633750572623207,0.9261077324693099,0.7968546049294788,0.9098137391625778,0.9233745200486254,0.5382744022097381,0.9152209695615847,0.6378365936921426,0.8804415508981576,0.9389009867184677,0.5757634113106866,0.7710308265417565,0.8422241792803133,0.656632448661479,0.6944930450404404,0.8494889870069657,0.8546801442727612,0.9176344520056336,0.9261077324693097,0.9507526530137225,0.9176344520056336,0.7423063879291946,0.900131290598132,0.912359476799596,0.7707505058487906,0.5122072652823912,0.8955399645501794,0.6832226306729527,0.9354957453078971,0.6009855196040681,0.9024846512059139,0.7834754916086064,0.9123594767995962,0.817377221549431,0.8079961319821201,0.6253961707558596,0.5145738907317221,0.9818179057588832,0.8056017035197609,0.6221853843226954,0.7783701777629326,0.8964502123310981,0.7261918140028518,0.7423063879291942,0.8783842798904287,0.6812828236110706,0.5601559417579272,0.920376187934179,0.9444744104750035,0.8679755583031024,0.8262903628126801,0.9149644520716045,0.6525973628731698,0.6809222531215944,0.8306286611882304,0.8713693503072437,0.969757263765453,0.7557077625570777,0.8767513485475704,0.8910854332944247,0.8404281005597698,0.652445517822065,0.8978173148387736,0.8350818158237849,0.9024846512059137,0.9149644520716045,0.9743490353345137,0.7730110731649064,0.9176344520056336,0.8683869765649124,0.7711622468236782,0.687112500881482,0.5943425109009978,0.9176344520056336,0.8107352897906606,0.530841616251936,0.8476598553448091,0.5771436677848334,0.844027888989999,0.6710802094240012,0.8073108575392578,0.6152614749487881,0.8923349969895622,0.6773832729358669,0.757820350302066,0.8668717277564584,0.9291179679746997,0.6427482402639048,0.5278428862765077,0.9697572637654532,0.34094132450715453,0.9965185747417928,0.8825207683757943,0.674406717226989,0.9389009867184677,0.9048804738246028,0.7889690427384557,0.6017678552900588,0.8971699479386177,0.8124509893605874,0.9322417421501312,0.9176344520056336,0.9369836237218983,0.6244632871694561,0.6792982568065469,0.9149644520716045,0.9261077324693099,0.9098137391625776,0.9149644520716045,0.9149644520716045,0.8683869765649121,0.9176344520056336,0.9098137391625774,0.849488987006966,0.9176344520056336,0.5842361678476113,0.6042931582880211,0.932241742150131,0.9231975163531971,0.9291179679746995,0.9203761879341787,0.9149644520716045,0.5960910862692479,0.769839585196767,0.8955399645501796,0.742165467299235,0.9176344520056336,0.5384168132515982,0.750884251761011,0.8932967537832139,0.6652711858900795,0.5311909247640164,0.9109192134561164,0.6741548613921777,0.8978173148387738,0.9479215598710831,0.8131017553461333,0.9176344520056336,0.8625851059964715,0.676193184126247,0.6837235313078985,0.7386467941323438,0.7589393300789553,0.9845214236147153,0.3177992551111284,0.9231975163531971,0.831157517475763,0.78379785773386,0.9176344520056336,0.7765306526370799,0.8090219836218677,0.9354957453078969,0.512152579810714,0.9500993698470401,0.9024846512059139,0.7153165147159799,0.9123594767995962,0.6611741066660703,0.6507419943856589,0.9176344520056336,0.9176344520056336,0.8606789940362407,0.5317354940186672,0.6169968612411159,0.9168702393013652,0.7491566735405868,0.5923170431398178,0.8824670836883294,0.6942110584828116,0.4584267129435965,0.6966948906190782,0.9176344520056336,0.8386392613801175,0.9261077324693097,0.9389009867184679,0.5317354940186672,0.932241742150131,0.7261918140028518,0.9176344520056336,0.9176344520056336,0.6334333507481749,0.6891492539635693,0.7777526801564933,0.9738359568456645,0.610418951227975,0.962731967546085,0.8825207683757945,0.986918160036585,0.7511985491255619,0.44850178781658456,0.9176344520056336,0.14182293213306085,0.704224955900048,0.9203761879341787,0.932241742150131,0.8625343546157398,0.7270180315622408,0.8550346801467699,0.0,0.9203761879341787,0.7715485738634289,0.9176344520056336,0.7189641226043171,0.4941166139796276,0.8368572865027599,0.5277701348714129,0.9520842815861832,0.9048804738246028,0.8458396385168978,0.4364845853139756,0.9291179679746995,0.78687615428556,0.7766666341458197,0.9098137391625776,0.9354957453078971,0.8743307438550614,0.8889039599111499,0.6966948906190782,0.9261077324693097,0.9149644520716045,0.7987808166564552,0.884623261684109,0.7391781092553418,0.8723322747860858,0.9389009867184677,0.7107326246304715,0.9389009867184677,0.9389009867184677,0.6427482402639049,0.8703513274042389,0.8315490164612092,0.9176344520056336,0.9002664985145175,0.7313453781642064,0.9001312905981322,0.5089907476363968,0.9073222074226137,0.9149644520716047,0.884623261684109,0.828038249445866,0.920376187934179,0.644344642554603,0.8664383561643836,0.7713817426646417,0.7339838114043491,0.9176344520056336,0.23876074940816017,0.9176344520056336,0.6591097302758993,0.9354957453078969,0.8910854332944245,0.8932967537832146,0.5727614083613313,0.9176344520056336,0.6832226306729527,0.5757634113106866,0.8932967537832142,0.6851717947095097,0.7189641226043171,0.6966948906190782,0.9261077324693097,0.7116448883285145,0.8294944974961413,0.9315267260361111,0.5835331529362802,0.5725173933899639,0.4748523437329253,0.9458638372348817,0.6434430789979446,0.8639120513105903,0.8350818158237849,0.9806744835221558,0.7386467941323436,0.8422241792803133,0.5651079594987847,0.9176344520056336,0.9149644520716045,0.7439188334429196,0.6373647225804776,0.8973059653846186,0.6378365936921426,0.617371481177085,0.9176344520056336,0.6570345333236842,0.841200412588998,0.6990382429759675,0.9176344520056336,0.7404081659626418,0.9073222074226133,0.932241742150131,0.8955399645501796,0.9149644520716045,0.9925177448630809,0.8889039599111501,0.9433127541875382,0.8216098122961989,0.6654260492476759,0.9664656501581601,0.5787140997335849,0.9176344520056336,0.8825207683757945,0.9176344520056336,0.932241742150131,0.5057407184048818,0.8124509893605874,0.9389009867184679,0.8804415508981576,0.9048630512535091,0.8458396385168978,0.6076173115826171,0.9176344520056336,0.7279854846060798,0.7290417554992568,0.9776203624041513,0.5273334638787288,0.8625851059964715,0.9261077324693099,0.8783842798904284,0.8763477248373535,0.8932539868674869,0.8262903628126801,0.6173714811770852,0.8932539868674869,0.8743307438550616,0.6879618446090576,0.8373631026438322,0.8932539868674869,0.9389009867184679,0.5049511620216647,0.9203761879341787,0.7683422737356785,0.6604991020113685,0.8763477248373535,0.5842361678476111,0.99267132167479,0.9194760752462128,0.8955399645501794,0.8606789940362414,0.8867504707956386,0.9149644520716047,0.9001312905981322,0.904306649639717,0.6990382429759676,0.8018282216434105,0.925795964553237,0.8569044040594338,0.9607433231117272,0.7818119149988476,0.9203761879341787,0.9231975163531971,0.9937468196155499,0.9287167102403806,0.8825207683757945,0.988825383261552,0.9400835244061028,0.9261077324693099,0.9291179679746997,0.984791095353166,0.8804415508981578,0.7464197170657745,0.9827010888654724,0.871391612222901,0.9659304592140758,0.7769666391192469,0.8763477248373532,0.9176344520056336,0.8731560845106565,0.7053454061913199,0.9739801805604328,0.8893613928931103,0.9590423617195349,0.8202201452691633,0.8376595095551014,0.9572501368720674,0.8889039599111499,0.566473061939408,0.9927191970098236,0.8862184152019255,0.990056467345857,0.995064020578852,0.8717980029839987,0.9477638490194609,0.8303136803781795,0.8679999969822046,0.902950137057063,0.4715257672874752,0.9654282935645835,0.8158904503387641,0.8825207683757947,0.969757263765453,0.7900011583360556,0.8206401121682738,0.9730946846207085,0.6744067172269888,0.9636703814083795,0.7279854846060798,0.997790169457049,0.6942509983094834,0.7974439991732674,0.7715485738634289,0.8628852763111717,0.9291179679746997,0.8262903628126801,0.903497349728108,0.6291027557617731,0.9354957453078969,0.9075050820723218,0.932241742150131,0.9293340386535864,0.9291179679746997
p286_T,0.7606707685788083,0.9432937551644589,0.8954023823601893,0.9250812961986936,0.10100844194991543,0.9635753483468392,0.833540394708475,0.8028669104368944,0.9070160137452734,0.9615452872130625,0.9418654668890594,0.5900695253755859,0.19524803041725203,0.9250812961986936,0.913577797842458,0.8892155845940948,0.9462347596389562,0.9337692322192535,0.9593605721085063,0.9615452872130625,0.8906105943050503,0.9404624926714933,0.9926931063209248,0.9525316455696202,0.9390829980374291,0.9337692322192535,0.9462347596389562,0.5905972465935407,0.9535979799037623,0.8118346753749688,0.9274978432118415,0.2215318187229084,0.9942907727414587,0.9215378731313926,0.3718925618539467,0.9596053879391779,0.9525316455696202,0.9447494136270194,0.9635753483468394,0.9324854129452831,0.902741203339785,0.9350697345319547,0.8578089524354393,0.608959115538174,0.9913221015557613,0.8838195340791777,0.9542136024350836,0.9431134523268976,0.9324854129452831,0.5461813041111443,0.9559485503920393,0.8545932950871287,0.9337692322192535,0.9432937551644589,0.9447494136270194,0.9312172606999456,0.9312172606999456,0.9508971383859763,0.8710592812792091,0.947752420917731,0.8863220947202897,0.9881118912216157,0.9337692322192532,0.902741203339785,0.9577431256853026,0.7203075830465431,0.9559485503920393,0.883182417131003,0.9808633257965951,0.9596053879391779,0.9238898933303423,0.9324854129452831,0.9508971383859763,0.7166774121379702,0.9508971383859763,0.8902416609981851,0.9404624926714931,0.9418654668890594,0.9314957001908264,0.9635753483468394,0.9998238347481487,0.9903766507571459,0.9287243013130126,0.8052500042637556,0.9508971383859763,0.9203761879341787,0.9404624926714933,0.8073382586859537,0.9728901249701001,0.9493053971730236,0.9508971383859763,0.8954023823601895,0.8367671217737245,0.9554590978795059,0.9778748351992479,0.8603369936042407,0.8933314369864678,0.8912695666285135,0.7273641780073312,0.7588298042991857,0.9312172606999456,0.9542136024350834,0.9508971383859763,0.8151045047199482,0.8749714078758024,0.9596053879391779,0.9102716897738727,0.7577315976258655,0.724858207802388,0.8939375934646301,0.8800416198957273,0.9350697345319545,0.7455193566692779,0.9124696683389528,0.9542136024350834,0.773395907240171,0.9432937551644589,0.9596053879391779,0.9635753483468394,0.6862615385353233,0.9590164093054028,0.8892155845940946,0.9390829980374291,0.9274978432118417,0.9337692322192532,0.7992306713783633,0.9525316455696202,0.971497529159099,0.9848910203339206,0.9055577909177369,0.7837224554797209,0.9542136024350834,0.9559485503920393,0.8578089524354392,0.9462347596389562,0.8504578012789958,0.663699644679882,0.9559485503920393,0.9559485503920393,0.947752420917731,0.8111507091583435,0.9615452872130623,0.780228741630099,0.9097700783194735,0.9276228731395864,0.9983355724028917,0.7289374326948577,0.6890680672212846,0.9324854129452831,0.7967756161717692,0.9615452872130625,0.6409260948447388,0.8607472522091428,0.8851268700668167,0.9692769377093197,0.9647682499737459,0.898528602418327,0.9169426994374763,0.7850374619771382,0.9251662135150307,0.8428704160376791,0.9542136024350834,0.9363880304285923,0.810315890132605,0.9006279533325658,0.9192233962368055,0.8658418182833447,0.9417626114543682,0.9287243013130126,0.8070999688196365,0.9250812961986936,0.9493053971730236,0.9312172606999458,0.9400545643111305,0.9185852223476999,0.9167698423523452,0.959360572108506,0.9567990636969238,0.922708936151958,0.9263909248883351,0.9146924482852168,0.9288624015119116,0.8664086352261164,0.9493053971730234,0.8961222571494832,0.8587016255621231,0.6540507969891671,0.9048699718936313,0.9432937551644589,0.9262837350880506,0.9881959173184506,0.8918225519389462,0.828094858968585,0.7664239224831364,0.9091812387167528,0.9508971383859763,0.9525316455696202,0.9241442555546319,0.9431134523268976,0.7929200240698386,0.8954023823601893,0.9493053971730234,0.9508971383859763,0.8729445628956358,0.7955439532394759,0.9615452872130625,0.9508971383859763,0.9300535008187535,0.9937393740100617,0.9263909248883351,0.8938767975645252,0.9080961023073578,0.9493053971730234,0.9508971383859763,0.8607472522091426,0.9508971383859763,0.7391145011988289,0.8441922549828875,0.8715311586797313,0.9508971383859763,0.8658418182833446,0.9508971383859763,0.8335403947084747,0.9102716897738727,0.9192233962368055,0.8800416198957273,0.9542136024350834,0.7853943015979803,0.947752420917731,0.9926931063209248,0.9404624926714933,0.9091812387167526,0.8510080245492062,0.9215378731313923,0.9559485503920393,0.902741203339785,0.883634594583084,0.9059407181827082,0.9775686491148365,0.9621698344437761,0.9180790428976136,0.9462347596389562,0.8892155845940946,0.947752420917731,0.9508971383859763,0.6549953778470863,0.9508971383859763,0.8452280645834545,0.918079042897614,0.9692769377093197,0.9299638429727952,0.7853943015979801,0.9525316455696202,0.6466768801467248,0.9390829980374291,0.8964416496516885,0.9418654668890594,0.711240485067008,0.9542136024350834,0.8759848927128511,0.8759848927128513,0.6847651610825072,0.9493053971730236,0.9577431256853026,0.8346191856858274,0.9635753483468394,0.735727071991065,0.7357270719910651,0.9350697345319545,0.9086173135612572,0.8790268110981545,0.9559485503920393,0.8013374198469099,0.8745852824139724,0.7788113047144827,0.9596053879391779,0.7129754462316011,0.9169426994374763,0.9363880304285925,0.9763072382829421,0.9596053879391779,0.7637600698031106,0.795011559416497,0.9577431256853024,0.9404244238472443,0.9723157551667552,0.9542136024350834,0.9215378731313923,0.8631222787530042,0.947752420917731,0.9542136024350834,0.9542136024350834,0.8052614894098256,0.9596053879391779,0.7562456738191009,0.9235477589143899,0.8892155845940948,0.8089826987988049,0.9596053879391779,0.9508971383859763,0.9324854129452831,0.947752420917731,0.9559485503920393,0.7810179711563527,0.6721587646289403,0.9542136024350834,0.9324854129452831,0.7688442855643254,0.8214354212503416,0.7516168269676368,0.7184794842183293,0.9055879259360589,0.9449645480752094,0.8539288999335537,0.9109264520435436,0.9615452872130625,0.9070160137452734,0.9615452872130625,0.967100967856847,0.5087406670022796,0.9544588564256291,0.9014502300031312,0.9508971383859763,0.9559485503920393,0.9059407181827079,0.9337692322192535,0.9596053879391779,0.9577431256853026,0.9493053971730234,0.9508971383859763,0.9390829980374291,0.9596053879391779,0.9635753483468394,0.913577797842458,0.8291911258056228,0.9363880304285925,0.9559485503920393,0.7357270719910651,0.8346191856858274,0.9390829980374291,0.9447494136270196,0.8462899393398313,0.9736183137840245,0.8962097479667891,0.8770939427870041,0.9971196828020042,0.9559566851226751,0.9635753483468394,0.7905229607627162,0.9215378731313923,0.7788113047144827,0.9462347596389562,0.9493053971730236,0.9705425698260028,0.8892155845940948,0.7749200871902094,0.7439379002557842,0.8247832035705713,0.9508971383859763,0.7276882348418339,0.9895196008050117,0.968805048104574,0.899415389544202,0.9615452872130625,0.9938866396749272,0.9508971383859763,0.9508971383859763,0.9324854129452833,0.811357978212633,0.8638069066950458,0.9508971383859763,0.9615452872130625,0.9508971383859763,0.9250812961986935,0.9006279533325658,0.7664239224831363,0.9508971383859763,0.9262837350880504,0.9404624926714933,0.837836432444947,0.814621709039344,0.9508971383859763,0.8851268700668165,0.9192233962368055,0.7801439607674308,0.7774703252035225,0.9262837350880504,0.8739579976286458,0.9542136024350834,0.7592065617417092,0.9508971383859763,0.8040670844187323,0.9337692322192535,0.8638069066950458,0.711096573448119,0.9525316455696202,0.8367671217737245,0.9447494136270194,0.9508971383859763,0.5655246681364152,0.777991256212438,0.9508971383859763,0.9780296622223209,0.8190265517098687,0.8473352221942345,0.8214354212503414,0.7517200521801011,0.9508971383859763,0.8157436736103335,0.8927560435416244,0.9577431256853024,0.8566505277931493,0.8214354212503414,0.9515217879472728,0.952980897791095,0.8995766368965676,0.9542136024350834,0.5946754023241766,0.8902416609981851,0.9377253379624282,0.7933678017570139,0.8780124908814331,0.8749714078758024,0.8424035886035852,0.9559485503920393,0.9337692322192535,0.9508971383859763,0.9596053879391779,0.9048699718936315,0.9669617044966168,0.4750275494830217,0.929963842972795,0.947752420917731,0.8929600567640401,0.9525316455696202,0.947752420917731,0.9418654668890594,0.9508971383859763,0.9432937551644591,0.8830900737847376,0.9070160137452734,0.7972924922038754,0.7739887828704792,0.9615452872130625,0.7587734346678575,0.9377253379624282,0.9288906998004326,0.9975839852098576,0.9615452872130625,0.8649570578348507,0.9637851559795012,0.6950923210521214,0.9350697345319545,0.9404624926714933,0.9059407181827079,0.6127778948795621,0.9215378731313923,0.9027412033397848,0.8771965958800313,0.9363880304285923,0.9801945723164652,0.9418654668890594,0.9755396763967227,0.845242310489589,0.9002968221284631,0.9892166093373966,0.9462347596389562,0.9978544602817252,0.8943656982526555,0.6025741141206901,0.9556347289143002,0.9926931063209248,0.8236714085807446,0.9418654668890594,0.8566505277931494,0.9363880304285923,0.918079042897614,0.8004488158253996,0.9542136024350834,0.9004933042472818,0.8280948589685848,0.920376187934179,0.8631303479727152,0.9596053879391779,0.9656612249441194,0.9698578908306781,0.8868454810017548,0.9637851559795012,0.9462347596389562,0.9462347596389562,0.9692769377093197,0.9596053879391779,0.9274978432118417,0.8313727497886215,0.9158139617897609,0.9493053971730236,0.9493053971730236,0.7819249664386075,0.9927718861206734,0.9462347596389562,0.8759848927128511,0.9508971383859763,0.9577431256853026,0.9508971383859763,0.9508971383859763,0.7290878762898825,0.9377253379624282,0.9215378731313923,0.9508971383859763,0.8307209769049628,0.7892796925686453,0.9180790428976139,0.9845696735078289,0.8851268700668165,0.8123127184484009,0.9070160137452734,0.9059407181827084,0.6932730478172038,0.9447494136270194,0.8902416609981851,0.9577431256853026,0.9895196008050119,0.9597120590729951,0.8511736257985208,0.9274978432118417,0.9333309591099369,0.796040932026994,0.96626424310011,0.9645511776582262,0.8995766368965676,0.9542136024350834,0.9038035415131254,0.9404624926714931,0.9881361984083077,0.9377253379624282,0.7385918911916876,0.9262837350880504,0.9681207613454723,0.6775002835280949,0.922708936151958,0.9014502300031317,0.9404624926714933,0.9525316455696202,0.9169426994374763,0.7208203138854703,0.9067735960486834,0.9559485503920393,0.9455803322063063,0.9462347596389562,0.9900805312615373,0.893331436986468,0.9493053971730234,0.838245636604541,0.9287243013130126,0.9635753483468394,0.8123127184484009,0.711569331164287,0.9059407181827079,0.8393054423308419,0.9404624926714933,0.9515217879472728,0.8661558759793344,0.9508971383859763,0.9559485503920393,0.9192233962368055,0.9508971383859763,0.8658418182833447,0.9975839852098576,0.947752420917731,0.9729746309145175,0.8367671217737245,0.9377253379624282,0.7486442537389222,0.9615452872130625,0.8004488158253997,0.9415131363853564,0.7647491558478428,0.947752420917731,0.9942907727414587,0.9475711879583983,0.918079042897614,0.9363880304285925,0.8170336834203681,0.9407310036381492,0.8169113144171267,0.8045321919758858,0.9215378731313923,0.7091985698826024,0.8658418182833445,0.9274978432118417,0.9615452872130625,0.9950927970641266,0.9776371308016877,0.8441922549828875,0.6549953778470861,0.9713658331823796,0.9493053971730236,0.8028669104368944,0.8462899393398313,0.9635753483468394,0.9425982794708849,0.9014502300031311,0.8543632839137971,0.9192233962368055,0.9350697345319545,0.8970920450673248,0.9274978432118417,0.7808680068290852,0.9016827426948627,0.9418654668890594,0.9493053971730234,0.9559485503920393,0.9635753483468394,0.9508971383859763,0.9215378731313923,0.8699031439713585,0.9807252008367309,0.922708936151958,0.9508971383859763,0.9583060269754013,0.8302837275767863,0.5591274282195555,0.9250812961986936,0.9070160137452734,0.8954023823601895,0.8851268700668165,0.7706351379527588,0.9798175375448483,0.9091812387167528,0.7027638694231736,0.8943656982526555,0.9577431256853026,0.9059407181827079,0.9312172606999456,0.9542136024350834,0.918079042897614,0.9635753483468394,0.9703287678830984,0.947752420917731,0.9635753483468394,0.9432937551644589,0.9312172606999456,0.9508971383859763,0.9091481169388319,0.8881911996032124,0.9596053879391779,0.981381831638016,0.4312010894064976,0.7879732943666933,0.7517200521801011,0.9493053971730236,0.9559485503920393,0.9462347596389562,0.9493053971730236,0.9493053971730236,0.9215378731313923,0.9508971383859763,0.9462347596389562,0.9102716897738728,0.9508971383859763,0.9363880304285923,0.8943656982526555,0.47315633239461263,0.9542136024350834,0.9577431256853026,0.9525316455696202,0.9493053971730236,0.8028669104368942,0.9117367293584178,0.7874358202450875,0.8453583632146177,0.9508971383859763,0.9102716897738727,0.9542136024350834,0.9363880304285923,0.7621244162157079,0.9113677351409675,0.9596053879391779,0.9525316455696202,0.9950927970641261,0.993739374010062,0.9390829980374291,0.9508971383859763,0.9180790428976138,0.9238898933303423,0.9755396763967225,0.910225061204426,0.9418654668890594,0.9596053879391779,0.9324854129452831,0.9542136024350834,0.9102716897738727,0.6890680672212844,0.9508971383859763,0.9508971383859763,0.9569175862776931,0.9615452872130625,0.8431396920965539,0.9462347596389562,0.9418654668890594,0.7203075830465431,0.947752420917731,0.7650008053329389,0.7720200803249637,0.9508971383859763,0.9508971383859763,0.9085051323962041,0.9578429373320375,0.9059407181827079,0.8123127184484009,0.682575521582775,0.8214354212503414,0.845242310489589,0.7547485834369834,0.9350697345319547,0.7374794897839275,0.9508971383859763,0.9038035415131254,0.9559485503920393,0.9635753483468394,0.8367671217737245,0.9596053879391779,0.9513502009992278,0.9508971383859763,0.9508971383859763,0.782784898112429,0.9508971383859763,0.7747627832762347,0.9404624926714933,0.8617682235186916,0.902741203339785,0.9798175375448483,0.9417626114543682,0.9312958127499464,0.8556227195178281,0.9508971383859763,0.918079042897614,0.7902003833393285,0.9525316455696202,0.959360572108506,0.998689452668635,0.9029097871803183,0.9135777978424582,0.9203761879341787,0.0,0.8638069066950458,0.9508971383859763,0.7166774121379704,0.920376187934179,0.9801945723164651,0.9448543512076255,0.8699031439713585,0.9432937551644591,0.686301362542448,0.8905177901464343,0.8868454810017546,0.8934146055402278,0.6761199470516005,0.9913221015557613,0.9615452872130625,0.9250812961986936,0.8052500042637556,0.7374794897839275,0.9559485503920393,0.9493053971730236,0.8105592334976683,0.9312172606999456,0.918079042897614,0.8894994006870159,0.7685011028265791,0.918079042897614,0.8578089524354395,0.9635753483468394,0.9059407181827082,0.98509883994281,0.9093881149009262,0.9508971383859763,0.9615452872130625,0.9404624926714933,0.7739300446366841,0.8681619357560897,0.9447494136270194,0.9493053971730236,0.8664086352261167,0.8974836658533201,0.9525316455696202,0.8342416479355357,0.9203761879341787,0.8118391131890511,0.7825152124493326,0.9508971383859763,0.8954023823601893,0.9508971383859763,0.7664239224831364,0.9615452872130625,0.9350697345319547,0.9363880304285928,0.8607472522091428,0.9508971383859763,0.9247262685800159,0.8123127184484009,0.7396802476000852,0.7470880603205398,0.8324582773700504,0.8557030120717102,0.9559485503920393,0.7238689073196174,0.7448377452012054,0.8710592812792091,0.8381090821523732,0.9377253379624282,0.8483782396901203,0.9635753483468394,0.9926931063209248,0.9508971383859763,0.9016827426948626,0.9324854129452833,0.6953402128683239,0.9059407181827082,0.8169113144171267,0.9508971383859763,0.9493053971730236,0.7199745145935832,0.8658418182833449,0.8995766368965674,0.8091947986859861,0.8016608579382383,0.9508971383859763,0.7678372320179736,0.867873658879903,0.9250812961986936,0.9508971383859763,0.9086325472740335,0.9447494136270194,0.9596053879391779,0.9377253379624282,0.9493053971730236,0.8514945068923674,0.6486615461535619,0.9006279533325661,0.9312172606999456,0.5060479877572506,0.9377253379624282,0.8487381822088342,0.9508971383859763,0.9798175375448483,0.9508971383859763,0.9593605721085061,0.9908206693987864,0.8615083264650422,0.9635753483468394,0.9287243013130126,0.7810179711563527,0.9080961023073577,0.9723157551667554,0.9508971383859763,0.7376065211990552,0.7256246305616505,0.8556227195178283,0.9274978432118417,0.9180790428976138,0.9559485503920393,0.9274978432118415,0.9262837350880504,0.9192233962368055,0.7663995244602032,0.8016608579382383,0.9192233962368055,0.9250812961986936,0.9559485503920393,0.8892155845940948,0.9192233962368055,0.9635753483468394,0.9859653849226513,0.9776371308016877,0.8892155845940946,0.9493053971730236,0.9301863608775063,0.9363880304285925,0.8954023823601893,0.918079042897614,0.6775002835280954,0.9605807414790561,0.9647682499737457,0.7216766903616989,0.9404624926714933,0.8180490880155942,0.9250812961986936,0.9444775685014402,0.7357270719910649,0.957475478008843,0.9113677351409677,0.9324854129452833,0.9525316455696202,0.9542136024350834,0.9444775685014402,0.6877808090043884,0.929963842972795,0.9299638429727952,0.7817171719766961,0.9559485503920393,0.9577431256853026,0.8780124908814331,0.9238240970282817,0.8972341059360842,0.9444674951746066,0.9274978432118417,0.8576768022305967,0.9950927970641263,0.9741270364328649,0.9508971383859763,0.7911083226643036,0.9861632483507676,0.9158139617897607,0.6244775287216073,0.8545932950871287,0.9577431256853026,0.9215378731313923,0.8800416198957273,0.9337692322192535,0.9462347596389562,0.9287243013130126,0.9027412033397848,0.8759848927128513,0.8246467578196359,0.9418654668890594,0.8804734569104509,0.8532838553478094,0.9227371994724576,0.8579639412160385,0.9542136024350834,0.9525316455696202,0.7121164362101645,0.9299638429727948,0.9542136024350834,0.9433505326956113,0.9661519036231663,0.8613811475412918,0.9241442555546319,0.947752420917731,0.7376065211990555,0.9363880304285923,0.9059407181827082,0.9736183137840243,0.7807242383061462,0.9363880304285925,0.9577431256853026,0.9162478915215845,0.9587973377153391,0.9525316455696202,0.9615452872130625,0.8892155845940948,0.9596053879391779,0.8545251315798741,0.9577431256853026
p286_V,0.7414950656367232,0.9972508812949248,0.4214944504165933,0.9526511620195839,0.8591172857456588,0.9368211999004499,0.7314001700237607,0.81269072767065,0.733216437185954,0.8896682568954877,0.762034738889877,0.8850018707449108,0.8545503661181637,0.8943401105039528,0.8501001166389885,0.8353927267053265,0.9902223615913763,0.755244322052308,0.8841024249642828,0.9925259141767913,0.6053967396972237,0.8536161261798894,0.873429373789229,0.92843760760392,0.8378281998597911,0.8099750192678044,0.9035331210577764,0.8301057443756878,0.9682054761806351,0.7263033464161675,0.9041583339342785,0.908213390673464,0.650741641172268,0.7748816049396825,0.9217949449098886,0.9283995430864387,0.6837781869428345,0.9825285594046644,0.8954927753294006,0.9489333724986961,0.5386833435027074,0.8137063353191494,0.9781496244714993,0.8584215403811877,0.9808812248974236,0.6556735687766111,0.7306061607730863,0.7239994222777555,0.932198458001082,0.7171230173651975,0.9428163151462243,0.5000827989360632,0.834129500305576,0.8373021566360082,0.8978986056916491,0.5886129941275955,0.8260659134387469,0.8591172857456586,0.7501126491477557,0.6163713018450953,0.7583554827514931,0.7277661109309099,0.8099750192678044,0.628971785615175,0.8787593440855821,0.7210311836950822,0.9533749114354952,0.7337776771317657,0.6972387366002392,0.9283995430864388,0.8248081909774481,0.504273047800283,0.9531337744920034,0.5610289844773284,0.8591172857456586,0.3446546937411479,0.6421461327943723,0.9239391611456852,0.7314172319945467,0.8954927753294004,0.9411404869744744,0.8327357183954326,0.8409905928034589,0.7552443220523082,0.8591172857456586,0.8549424774214163,0.9329173736994583,0.9878142736187436,0.9975225343911605,0.8545503661181646,0.8591172857456586,0.8032612705870188,0.8660201316970727,0.8485783098771342,0.8864807516470674,0.8149554071702911,0.8641507507186483,0.21846801472490718,0.5693702390368307,0.6624412349874935,0.9632184932851356,0.9688229601793572,0.8904561153277739,0.7851920618946466,0.8293403990313049,0.703401904747305,0.990195958698812,0.6000690180804942,0.8252209280961138,0.6092429001260946,0.9941844178267916,0.9119352528967861,0.6416920933272734,0.9208081203890796,0.6972093964344688,0.546970690541051,0.914527400260391,0.8841024249642826,0.773879828102203,0.6808503443705163,0.8784140617693392,0.7986011163078601,0.8770595237952055,0.81441691535506,0.6827808789389952,0.9960473034743316,0.6514628364883972,0.8409024340721429,0.9931921107480989,0.9077830586576732,0.6470923046447417,0.697209396434468,0.9879778359082554,0.9368211999004499,0.8457402940353764,0.679926675287209,0.7775008237061918,0.8495661380172145,0.7111544401261728,0.8500946683680417,0.5640217894705968,0.717645646678774,0.8874071804463031,0.9024139250075894,0.8562676429499934,0.7520430783139014,0.7548854449510305,0.6477984976695892,0.8062915690984296,0.6532554043956919,0.9925259141767911,0.7962089305552098,0.9411527391878085,0.6616029102225199,0.9879778359082555,0.8062915690984294,0.7966776644536167,0.7536441978337316,0.8559920053780226,0.7320545423102578,0.7233256258100123,0.8307964537889383,0.9076876279772628,0.6141496480964308,0.3593725220496413,0.8094841827285861,0.9462852414634653,0.6289717856151746,0.7041078187604556,0.729413127585067,0.9963679412985734,0.6277740552271275,0.9665429756228257,0.776519915341322,0.9626800537430118,0.9506666751759558,0.9216020313541384,0.8903977755631036,0.8422363543836024,0.9803401462069333,0.9532254612405755,0.9786327401117054,0.8695671184957501,0.8545503661181635,0.8634679678322938,0.9921267813021608,0.6510384250779075,0.782046019883653,0.8373021566360082,0.9679603415743415,0.9390170066658519,0.91939682784893,0.5256562282643092,0.6325329670160289,0.9766703826224818,0.8591172857456586,0.8638069066950456,0.8500946683680415,0.76038181623477,0.5244369899234274,0.8204889212313824,0.9154533753716585,0.8591172857456586,0.26788856449808296,0.5516788203833936,0.9289368665380613,0.8591172857456586,0.7768174177594525,0.8057649851807016,0.7687313857144664,0.7668399239194044,0.7756695807478771,0.8545503661181635,0.8591172857456586,0.8226527037272128,0.8591172857456586,0.6828869457570312,0.46683029613746585,0.48208795674200555,0.8591172857456586,0.8278944569837015,0.8591172857456586,0.8088104642294189,0.9901959586988125,0.8713488676698922,0.27829105857108116,0.9020294315021224,0.5939389846465748,0.8500946683680415,0.8988664577453706,0.8556126329150247,0.9286959978682228,0.7881436161139175,0.740164704739378,0.8495661380172143,0.8834706269775048,0.7825321389951463,0.7342049704427387,0.8222421446876056,0.9901988678653544,0.7649577557899123,0.8457402940353764,0.8485110468060619,0.8797354478006452,0.8591172857456586,0.8040159261379185,0.8591172857456586,0.8122320599856843,0.8669758292668841,0.908213390673464,0.9702383881766911,0.5670496786383756,0.8638069066950456,0.7616974335657654,0.5527159235147869,0.8242298190717219,0.8429869500177809,0.6301368192894983,0.8686326671635054,0.8943368587812097,0.6053573782373741,0.6541881037545132,0.8545503661181646,0.914718714253747,0.8464295502599802,0.8954927753294006,0.9033611772749826,0.9736632658947206,0.9364924822911953,0.9227610074998354,0.858800976007031,0.908213390673464,0.7685864427896614,0.8839661029786238,0.5993818351074487,0.703401904747305,0.5673715501557925,0.8222797296408288,0.9673925227196871,0.8553618404309205,0.703401904747305,0.8257550183336296,0.6624629362997427,0.9414438050735922,0.42152986877513154,0.8506233312249631,0.868632667163505,0.6769098755670817,0.505636205856042,0.6163713018450955,0.6638126320958511,0.6638126320958511,0.49002668743430267,0.9216020313541384,0.8876898010153444,0.7156716466844373,0.20320027372810112,0.7404131415377566,0.9591016377439943,0.9217949449098888,0.9251597385986519,0.9093762272332486,0.9774192396189845,0.5328015802747226,0.8075557700147984,0.7640029251117031,0.7657830207007719,0.7888626210814835,0.5526209966719927,0.7682947747781301,0.7784883325999892,0.6524075157705338,0.9151188983199249,0.8403275123552425,0.8669006729614445,0.9532573045342176,0.7518344762522529,0.9289368665380615,0.8666743630839715,0.8057649851807005,0.784790637024734,0.9020294315021222,0.8591172857456586,0.8736104662007036,0.8963717468217862,0.8341295003055758,0.703401904747305,0.9774031752417573,0.9763563846251535,0.8591172857456586,0.6045545192138775,0.8841024249642828,0.9368211999004497,0.5419462457454638,0.5625806336703463,0.8674566432772477,0.9082133906734637,0.6924549114157679,0.4416731672137296,0.9029788216447514,0.8414786365496392,0.7703532706382579,0.9020294315021227,0.9224762063417071,0.5520463389692902,0.8648766503141863,0.7912658936439358,0.8565366772443026,0.6189123626873219,0.8381364341119784,0.5859371821033488,0.807502743830223,0.8850018707449121,0.9593001903089828,0.9684858747005314,0.4920306171089188,0.5634566100408676,0.5117498129124345,0.8591172857456586,0.7123828694902441,0.8340940015319191,0.8209047503398819,0.9365727636836153,0.9289368665380615,0.6717877424994354,0.8591172857456586,0.8591172857456586,0.8062915690984294,0.8076885934511446,0.9869883437245869,0.8591172857456586,0.9682054761806349,0.859117285745659,0.8287649415854687,0.2703591330808014,0.5651545114888328,0.7334779296868484,0.8106382609539879,0.9877813787809728,0.45485420906974583,0.5240813014460599,0.8591172857456586,0.2217113042092328,0.85072730602279,0.6090775375345294,0.5762236012630741,0.7686990838498367,0.7469188842531436,0.663812632095851,0.47492994568647573,0.8591172857456586,0.41305063917838936,0.9726346513922529,0.9271708683473393,0.828246509914105,0.8961222571494831,0.431791632437329,0.9543185748336596,0.8591172857456586,0.8002760291177418,0.6754575903173737,0.8591172857456586,0.9901004813215085,0.5389580608846842,0.3939420596630673,0.5252008596288356,0.49212754636386835,0.8591172857456586,0.9128236050911192,0.7189651726991912,0.8335656945690965,0.954669769997962,0.717141818930936,0.7425574095970386,0.7457021111721931,0.9875539756042883,0.6638126320958515,0.825484010973172,0.6850885630215995,0.999385206430063,0.5916556032778264,0.933830404938587,0.2843868496315416,0.8213256187370719,0.6765515156534119,0.8824384623811186,0.8591172857456586,0.7784011175270161,0.8880327876536446,0.631660955629507,0.8601882758465698,0.9010269583393473,0.8797354478006452,0.8552800529095101,0.9930683085127945,0.8797354478006452,0.9411404869744742,0.8904561153277739,0.66635695715679,0.3190501660458288,0.8821607497163353,0.8841024249642828,0.5883604924318016,0.9682054761806351,0.864876650314186,0.8988664577453707,0.8409504772693492,0.9593511228726478,0.8896682568954879,0.5806264188295562,0.8713488676698922,0.8721718731644761,0.9364924822911953,0.6950136311407535,0.3647816877072674,0.9020294315021227,0.697994818624514,0.8292975617100251,0.7499429681434646,0.8674566432772475,0.865412938555012,0.8871723462225383,0.791981560710254,0.8264865634897192,0.799400930689147,0.9803228878967425,0.9230883978750235,0.8678645199830106,0.8579009956754674,0.8506233312249636,0.8924406131378575,0.94851103851778,0.5162644035622862,0.9681245573504424,0.26949781544032936,0.8424726734166379,0.7249518768252251,0.9537663292845179,0.9977802754820255,0.859070244027738,0.567123202939328,0.8966394292004098,0.9015283153999987,0.8908999366965833,0.9697869639846604,0.7343506680095611,0.8787593440855819,0.9018139542119857,0.9035331210577762,0.8363991573414233,0.9428163151462241,0.8841024249642826,0.9714643978686925,0.4284178379735981,0.5617953393624233,0.7495800737341175,0.749580073734117,0.620671799157668,0.9716259510577383,0.9035331210577766,0.824241149541743,0.8591172857456586,0.6897282138964367,0.8591172857456586,0.8591172857456586,0.5110429271024794,0.8213256187370719,0.9013912632842747,0.8591172857456586,0.4850487927179219,0.564121924031467,0.9689939027438567,0.7971805228401763,0.18912674080084135,0.34232606016455525,0.8076885934511449,0.7486024337275987,0.5702165945436986,0.9328414868823207,0.796325936282626,0.8787593440855814,0.8132455256424227,0.7069390591402455,0.6449026505363178,0.9612295381968932,0.9543185748336593,0.8797354478006449,0.9274300752745656,0.9506780844219123,0.9240418596965576,0.6638126320958515,0.7785730132132773,0.8556126329150244,0.9898358295255769,0.6444956181839548,0.6669592229154453,0.90153992233284,0.739428758849634,0.8467627026932134,0.8422363543836027,0.868632667163505,0.8820463820882143,0.8961222571494831,0.9555851847506082,0.6331118017314761,0.49012685265422284,0.8736104662007043,0.7279649478150915,0.8457402940353771,0.9527151334231421,0.7954548396513186,0.9931921107480989,0.555302852827591,0.47665702454241377,0.980521950957451,0.45106915056007524,0.7183450263565063,0.7301312695908244,0.541069203721837,0.9613476296077832,0.7998245449622134,0.8698407471590965,0.8591172857456586,0.6765515156534119,0.8507273060227893,0.9217949449098886,0.5117460348097339,0.8556126329150244,0.9093762272332484,0.9543036924003027,0.6138874547075439,0.94851103851778,0.48532743526436617,0.7569142563213478,0.5739082075418833,0.9239391611456851,0.6449714794841825,0.8500946683680417,0.9543185748336593,0.7002935778020021,0.8465722145714896,0.8674566432772473,0.47869348387954846,0.7485482696791235,0.6246046845373143,0.6512314879218037,0.8245044769691068,0.6297145143238718,0.5870194686606781,0.7919815607102549,0.9682054761806349,0.9548174173438431,0.9284376076039202,0.49524197962430494,0.8224870902746919,0.7202132578906852,0.8545503661181646,0.5523190021991038,0.5563123449237752,0.9805219509574511,0.7291017695857638,0.868632667163505,0.8549424774214163,0.6955983377409662,0.5969201592150292,0.9836645263886377,0.9163588289072838,0.9288981194942971,0.8697358927344756,0.600130316634068,0.9154533753716587,0.7111544401261727,0.9805219509574512,0.8591172857456586,0.9931840214285643,0.5334067443516792,0.7097200370628891,0.9275627705584844,0.8591172857456586,0.8408704803412206,0.6550588284878361,0.7394287588496333,0.8069065519459739,0.33588160949917345,0.9555516203918821,0.7355826667222352,0.6485123178238843,0.7164631454397627,0.852989102260787,0.6149568243681576,0.7551676055813559,0.6897282138964369,0.9004454476737036,0.8026530697414005,0.9977802754820255,0.8669758292668841,0.9781496244714993,0.9836206585984133,0.9093762272332486,0.9805219509574512,0.5836334761222555,0.9632184932851355,0.8591172857456588,0.7658039329369606,0.1790420667923811,0.8841024249642828,0.859117285745659,0.829178883741835,0.5055896660689132,0.5870336254891946,0.8850018707449121,0.7457573645989339,0.9324295345689766,0.8850018707449121,0.8545503661181646,0.8170514910545463,0.8591172857456586,0.8457402940353764,0.9716259510577382,0.8591172857456586,0.8924406131378575,0.8338988340422013,0.9216020313541384,0.6638126320958515,0.914718714253747,0.863806906695046,0.8545503661181646,0.6333815898753057,0.6361324654316034,0.8213256187370719,0.5732545571706611,0.8591172857456586,0.9525369059360134,0.968822960179357,0.632863959510553,0.6838660646138899,0.9846990746369911,0.8841024249642826,0.9423009905783313,0.8770595237952057,0.9689939027438565,0.9029788216447514,0.7021391001047346,0.9281866733530677,0.9543431622055896,0.9041583339342789,0.7802600914613069,0.9951086277264105,0.9966012441338499,0.8538388368985184,0.6972093964344688,0.9525369059360134,0.6048913584456783,0.8591172857456586,0.9841885663437668,0.2950325530281753,0.8896682568954879,0.6420643585237775,0.6919170897854235,0.9239391611456851,0.6517078517154067,0.8797354478006452,0.5687508388973312,0.5910064746566555,0.8591172857456586,0.8591172857456586,0.9434443217909538,0.8818471913134001,0.9148429109585599,0.5734051272550356,0.5709433185995798,0.6897216818877787,0.33351742718721034,0.5394415937624011,0.838263564713559,0.6726931152727533,0.8591172857456586,0.9241025890413344,0.6765515156534119,0.8954927753294006,0.6138874547075439,0.703401904747305,0.5876924014922835,0.8591172857456586,0.8591172857456586,0.5880944560547219,0.9841885663437668,0.5163897958630308,0.6421461327943735,0.7131062675719899,0.39422183612276107,0.9144092287610688,0.7553756045726285,0.5971934219135127,0.7719553016616368,0.8591172857456586,0.8465722145714896,0.5078346391123889,0.6837781869428345,0.9216020313541384,0.9025599020230535,0.7147450214338664,0.7520430783139012,0.7715485738634289,0.8638069066950458,0.0,0.8591172857456586,0.5471194108474218,0.8340940015319194,0.7570668080200509,0.8347879700373176,0.5639470582966264,0.8373021566360082,0.736315356541362,0.9048096722408164,0.8787593440855819,0.8702740907199102,0.6784245322380429,0.8746367075465762,0.7569142563213493,0.9817736690619319,0.8582839813433472,0.5769514094385118,0.908213390673464,0.8545503661181646,0.8308194276884797,0.8963044445307864,0.948590288048462,0.9975214859483035,0.8954927753294004,0.8669758292668841,0.9781496244714993,0.9368211999004499,0.9558589400840245,0.8422363543836029,0.747233530298248,0.8904561153277737,0.8354514756064966,0.880049875353079,0.9084801312614037,0.875860407851627,0.6789516257432738,0.885001870744911,0.986631336982482,0.7407622156537612,0.9746163410327682,0.7951095970076036,0.9591848568689003,0.7591035902037664,0.7054759738626427,0.8591172857456586,0.7515783186539262,0.9841885663437668,0.6999114225432252,0.8896682568954877,0.8137063353191496,0.8674566432772486,0.9107222164864472,0.8591172857456586,0.47174670990343714,0.43747626426063535,0.8174887035560277,0.4750928317841614,0.5193002635876085,0.49488709015201837,0.7111544401261729,0.5620703288852722,0.9743210141990011,0.831669966944396,0.721507798026289,0.8721997866493552,0.961928971198851,0.9368211999004499,0.9243035417015122,0.9844726040741183,0.8876641336928489,0.7895566546008156,0.552966623566598,0.8779005826850133,0.5290757503333561,0.952849736761652,0.8850018707449121,0.647798497669589,0.5418554083501117,0.9521923097246265,0.5015281681206525,0.5428741842394049,0.8591172857456586,0.45378314331440883,0.3330575084855265,0.8943401105039528,0.8591172857456586,0.5702165945436986,0.9892614560243306,0.703401904747305,0.999385206430063,0.8545503661181646,0.5017477700952648,0.8824384623811183,0.9468608892439803,0.9866313369824818,0.8997585764240881,0.8479922898330877,0.46563153221907183,0.8591172857456586,0.9240974349517951,0.8591172857456586,0.8841024249642826,0.9700950632094889,0.6792055134945012,0.8954927753294006,0.9319709104906759,0.7079497867226704,0.7738549767498821,0.8870759931010994,0.8591172857456586,0.8013681730822648,0.7106563665070442,0.8303446229921324,0.9490290432238879,0.7249518768252252,0.7457573645989337,0.8266174103280655,0.7884981212068214,0.8094841827285855,0.7028771643605121,0.4348544483716501,0.8094841827285855,0.47176658995069876,0.8736104662007036,0.21983691722750187,0.8094841827285855,0.8954927753294006,0.8099750192678041,0.9284376076039202,0.7688461527077236,0.8850018707449112,0.8106382609539886,0.8424726734166377,0.6998953667208332,0.45970488578509605,0.999385206430063,0.7818915322574538,0.8538388368985181,0.8850018707449112,0.9349138804345936,0.7102107570168061,0.9745095516590787,0.6497563708750285,0.6502736582439241,0.8344348807083288,0.5032726207248182,0.9013861046986074,0.8961222571494827,0.6972093964344691,0.8553618404309205,0.985029782278501,0.947167911564243,0.9702383881766908,0.796764210191784,0.6765515156534114,0.6897282138964363,0.8076841934752164,0.8182455133816546,0.9668448649159611,0.8132455256424227,0.8714881196176744,0.7825001714428654,0.9029788216447514,0.8549185404483224,0.6394614409405047,0.8722638948925385,0.9369387194972894,0.8416906387965422,0.7239994222777555,0.8931293394400126,0.9866374545900776,0.8666743630839713,0.8467281690052735,0.8099750192678044,0.9035331210577764,0.7950881364476727,0.7931821848650384,0.769260418035856,0.8713610874695914,0.8699710203937492,0.8697506982126222,0.945904879998406,0.7750306415824009,0.7694052022603677,0.8686326671635052,0.7160935373972717,0.7018171275601726,0.7990568456988292,0.9977802754820255,0.9151252157650405,0.6512314879218049,0.8633556149647692,0.9390170066658519,0.7942159784407167,0.6750663134477013,0.9326715978378728,0.8635031194001546,0.9309867468047905,0.6989699105448635,0.7827677786742127,0.7256875840646015,0.7375493514208578,0.9119352528967863,0.9284376076039202,0.9289368665380613,0.7320545423102587,0.8841024249642826,0.7725490952675031,0.6897282138964367
p287_G,0.7524297972473161,0.9413411539914585,0.8918007079504506,0.9225015741707872,0.9492063492063487,0.9623211158059548,0.7050163519970581,0.7509151724713103,0.9038142386822647,0.960221152322577,0.9398636845831869,0.9475597985845114,0.9475597985845114,0.9225015741707872,0.9106019687464653,0.5567710364845595,0.944383427890573,0.9314886672615048,0.9582144552981327,0.960221152322577,0.8875255844205965,0.938412400887346,0.935580996038617,0.9508971383859763,0.9369854052620163,0.9314886672615046,0.944383427890573,0.916441965519317,0.960221152322577,0.7739436107925906,0.9250013316406693,0.9544316996038,0.9428469360414609,0.9188361382271659,0.9492063492063489,0.9582144552981327,0.9508971383859763,0.9428469360414602,0.9623211158059548,0.930160641445072,0.8993922310882436,0.932833950574053,0.9623211158059548,0.912915131908919,0.9443834278905732,0.8474513194974065,0.9526370111116405,0.9004911494084333,0.930160641445072,0.8918007079504506,0.9544316996038,0.8495864161552136,0.9314886672615046,0.13408370177867746,0.9428469360414604,0.9288488221297497,0.9288488221297497,0.0,0.7383793872014479,0.9459533477380775,0.9060540201833016,0.831146423199498,0.931488667261505,0.8993922310882436,0.9562880686171875,0.8244397822834253,0.9544316996038,0.6473831763250288,0.7698078233874499,0.9582144552981327,0.92126914699118,0.9301606414450723,0.9492063492063487,0.8266892096935958,0.0,0.8864622842804517,0.938412400887346,0.9398636845831867,0.8233095582802461,0.9623211158059548,0.9398636845831869,0.9341976401680094,0.31108550994831163,0.9314886672615048,0.0,0.9176344520056336,0.938412400887346,0.8046479448175341,0.8939536575643376,0.03139863267861631,0.0,0.8918007079504506,0.831146423199498,0.8548949080074899,0.31108550994831163,0.48955645159511163,0.8896584524348263,0.8875255844205965,0.8198957816506434,0.8187498553347687,0.9288488221297497,0.9526370111116405,0.9492063492063489,0.8580633769736241,0.6072669396673074,0.9582144552981327,0.907182019415572,0.7973204052495684,0.9369854052620166,0.8289245259008584,0.8759110188590657,0.9328339505740528,0.8070467719220202,0.9094556823349389,0.9526370111116405,0.7833099084134079,0.9413411539914585,0.9582144552981327,0.9623211158059548,0.8580633769736241,0.9129151319089193,0.885400876353422,0.9369854052620166,0.9250013316406696,0.931488667261505,0.7554264789789613,0.9508971383859763,0.6339927913026551,0.9475597985845114,0.9152582079543838,0.8727631680356085,0.9526370111116405,0.9544316996038,0.9623211158059548,0.944383427890573,0.8453085223330421,0.879064442044788,0.9544316996038003,0.9544316996038,0.06018876900101988,0.8046479448175343,0.960221152322577,0.8244397822834253,0.8717146038820363,0.8875255844205967,0.9106019687464659,0.892875760974867,0.8420784215528956,0.9301606414450723,0.7583810530554915,0.9602211523225768,0.9060540201833014,0.8559522762859688,0.8811713725919912,0.9544316996038,0.9301606414450725,0.8950345750758599,0.9140827360776209,0.8938851835250172,0.5567710364845593,0.7367566674079002,0.9526370111116407,0.9341976401680094,0.7431708752992887,0.8972062142375332,0.9164419655193166,0.8612222667022558,0.8993922310882436,0.9262700211315917,0.8453085223330423,0.9225015741707872,0.9475597985845114,0.9288488221297495,0.6783615558233287,0.8538362113124116,0.8780124908814328,0.9582144552981327,0.6072669396673073,0.9200475251844384,0.5526275082095409,0.9117550006367756,0.8885909234541711,0.9288488221297497,0.9475597985845114,0.6394614409405057,0.8538362113124116,0.8580633769736241,0.9015943008452869,0.13408370177867734,0.9237454173815312,0.9459533477380775,0.903814238682265,0.8221755430097122,0.7897778653703145,0.9060540201833014,0.0,0.9508971383859763,0.9459533477380777,0.4895564515951115,0.8355526955775656,0.8918007079504506,0.9475597985845114,0.0,0.8685695845092951,0.7897778653703145,0.960221152322577,0.0,0.6951973979147161,0.9152582079543841,0.8864622842804517,0.6447787703816181,0.9049315186013059,0.9475597985845114,0.0,0.6473831763250286,0.0,0.8117838598171898,0.8388272306091986,0.8355526955775657,0.0,0.6339927913026551,0.0,0.7050163519970583,0.9071820194155717,0.9164419655193166,0.8759110188590655,0.9526370111116407,0.7711949776746383,0.06018876900101888,0.935580996038617,0.9384124008873462,0.9060540201833014,0.7554264789789611,0.9188361382271666,0.9544316996038,0.4951319232791844,0.8907283270583697,0.9027019168030599,0.897206214237533,0.9152582079543838,0.9152582079543838,0.944383427890573,0.885400876353422,0.9459533477380777,0.0,0.9027019168030597,0.0,0.7334713952978886,0.9152582079543841,0.9544316996038,0.9275522446953854,0.7711949776746383,0.9508971383859763,0.9140827360776205,0.9369854052620161,0.892875760974867,0.9398636845831869,0.8612222667022562,0.9526370111116405,0.8717146038820363,0.8717146038820349,0.8442340263447974,0.03139863267861631,0.9562880686171873,0.8289245259008584,0.9623211158059548,0.8333555867103808,0.8333555867103808,0.24376003609304187,0.8706662210952574,0.8748612665230131,0.9544316996038003,0.848519788337875,0.7973204052495684,0.7780046509581313,0.9582144552981327,0.8289245259008584,0.9140827360776214,0.9341976401680094,0.9015943008452874,0.9582144552981327,0.8517144868263773,0.8141237078825918,0.9562880686171873,0.8982973238138026,0.9225015741707867,0.9526370111116407,0.9188361382271666,0.8070467719220202,0.9459533477380775,0.9526370111116405,0.9526370111116407,0.7985559379258667,0.9582144552981327,0.7985559379258667,0.6499526646778642,0.885400876353422,0.8442340263447972,0.9582144552981327,0.9492063492063487,0.930160641445072,0.9459533477380777,0.9544316996038003,0.8022278398026612,0.8982973238138026,0.9526370111116405,0.9301606414450723,0.9164419655193172,0.7250134267509765,0.9094556823349389,0.8843412180810755,0.6848496741376313,0.7923174570100686,0.6911250629978627,0.8727631680356077,0.9602211523225768,0.903814238682265,0.9602211523225768,0.9188361382271668,0.9152582079543841,0.9094556823349389,0.9526370111116405,0.0,0.9544316996038,0.9027019168030597,0.931488667261505,0.9582144552981327,0.9562880686171873,0.9475597985845114,0.0,0.9369854052620163,0.9582144552981327,0.9623211158059548,0.9106019687464655,0.823309558280246,0.9341976401680094,0.9544316996038003,0.8333555867103808,0.8289245259008584,0.9369854052620166,0.9428469360414611,0.8409971458279799,0.9526370111116405,0.9188361382271659,0.8117838598171898,0.9413411539914587,0.9106019687464657,0.9623211158059548,0.7655931084723666,0.9188361382271666,0.7780046509581313,0.944383427890573,0.03139863267861631,0.92126914699118,0.885400876353422,0.8070467719220202,0.8082384637825222,0.8187498553347687,0.0,0.8538362113124116,0.9176344520056336,0.9200475251844387,0.9176344520056336,0.9602211523225768,0.8453085223330421,0.0,0.0,0.930160641445072,0.903814238682265,0.8591172857456586,0.0,0.9602211523225768,0.9492063492063489,0.922501574170787,0.8972062142375332,0.7897778653703145,0.9492063492063489,0.9237454173815309,0.938412400887346,0.8322525541058978,0.9634411459729271,0.0,0.8811713725919912,0.9164419655193168,0.7766590274917047,0.9952327064015152,0.9237454173815312,0.8704033497109469,0.9526370111116405,0.7960789049353036,0.0,0.7973204052495684,0.9314886672615053,0.8591172857456586,0.8300371089395653,0.9508971383859763,0.831146423199498,0.9428469360414606,0.0,0.8961186971729789,0.7399891659895361,0.0,0.9237454173815309,0.7948313236856197,0.8420784215528956,0.8152867967569688,0.8022278398026612,0.0,0.7698078233874488,0.8559522762859684,0.9562880686171873,0.6574604645689301,0.7250134267509767,0.907182019415572,0.908315805590151,0.8961186971729789,0.9526370111116405,0.8982973238138026,0.8864622842804517,0.935580996038617,0.8527760996057683,0.8738120195914167,0.8706662210952574,0.21151139151266862,0.9544316996038,0.9314886672615055,0.0,0.9582144552981327,0.9015943008452869,0.8129560940834346,0.9398636845831869,0.9275522446953854,0.06018876900102055,0.7478523304650295,0.9508971383859763,0.06018876900102055,0.9398636845831869,0.9492063492063489,0.9413411539914582,0.879064442044788,0.903814238682265,0.9582144552981327,0.8463809254714867,0.9602211523225768,0.9413411539914582,0.935580996038617,0.801009545737682,0.938412400887346,0.9602211523225768,0.7997856146881548,0.9164419655193166,0.5305546844946969,0.24376003609304187,0.938412400887346,0.9027019168030597,0.9526370111116405,0.9188361382271666,0.8993922310882436,0.8769613888066743,0.9341976401680094,0.8993922310882436,0.9398636845831869,0.9250013316406693,0.6827113291147924,0.7725735218970409,0.9049315186013058,0.9443834278905732,0.8141237078825918,0.8907283270583697,0.9225015741707872,0.9341976401680094,0.21151139151266984,0.8175997772209664,0.9398636845831869,0.8517144868263774,0.9341976401680094,0.9152582079543841,0.7539334992316542,0.9526370111116405,0.8453085223330421,0.7143607147557585,0.9176344520056336,0.8993922310882432,0.9582144552981327,0.7301312695908229,0.8918007079504506,0.9562880686171875,0.9164419655193166,0.944383427890573,0.944383427890573,0.9544316996038003,0.9582144552981327,0.9250013316406696,0.8255663034700989,0.9129151319089186,0.9475597985845114,0.9475597985845114,0.7125274559321444,0.9071820194155717,0.08671734220308636,0.8717146038820361,0.0,0.9562880686171873,0.0,0.0,0.8187498553347687,0.2115113915126693,0.9188361382271664,0.0,0.7334713952978882,0.8377384241745145,0.4006068367505189,0.8527760996057685,0.8811713725919912,0.8058499662916012,0.903814238682265,0.47795836130872293,0.8399134433261015,0.9428469360414604,0.8864622842804515,0.4408515443948542,0.9176344520056336,0.7711949776746385,0.6473831763250284,0.9250013316406696,0.9428469360414602,0.9459533477380775,0.7846176027958278,0.9562880686171873,0.8961186971729789,0.9526370111116405,0.9004911494084331,0.938412400887346,0.9328339505740528,0.935580996038617,0.848519788337875,0.9237454173815312,0.9060540201833016,0.9355809960386168,0.7223272158432528,0.9526370111116405,0.17526171623055564,0.9508971383859763,0.9140827360776205,0.8570084033315839,0.8399134433261015,0.4654487838138114,0.8570084033315841,0.5711669571562623,0.77934241058442,0.8896584524348263,0.9475597985845114,0.7766590274917051,0.9262700211315917,0.9623211158059548,0.8058499662916013,0.8463809254714865,0.7876282222528316,0.8034406041869142,0.938412400887346,0.9071820194155717,0.8822265994777512,0.0,0.9544316996038,0.9164419655193174,0.9492063492063487,0.8612222667022558,0.938412400887346,0.9459533477380777,0.9262700211315917,0.831146423199498,0.9355809960386168,0.8046479448175343,0.9602211523225772,0.7935775465776653,0.9398636845831869,0.8664724446651941,0.06018876900102055,0.9428469360414602,0.7143607147557588,0.9152582079543841,0.9341976401680094,0.7806724477786732,0.880117361849238,0.7318083230664854,0.8633240709217587,0.9188361382271666,0.6991852245234744,0.8612222667022558,0.9250013316406696,0.960221152322577,0.9369854052620166,0.9508971383859763,0.8388272306091986,0.9027019168030597,0.525843532183836,0.03139863267861631,0.7960789049353036,0.8409971458279799,0.9623211158059548,0.8790644420447877,0.9526370111116405,0.9176344520056336,0.9164419655193168,0.932833950574053,0.9015943008452869,0.9250013316406696,0.9369854052620166,0.500567215157067,0.9398636845831867,0.9475597985845112,0.9544316996038,0.9623211158059548,0.0,0.9188361382271668,0.8654234385275936,0.8070467719220202,0.9200475251844384,0.0,0.8832831707913575,0.8244397822834253,0.9060540201833016,0.34458474155865637,0.9038142386822647,0.8918007079504506,0.8811713725919912,0.7859181167692968,0.9275522446953854,0.9060540201833014,0.6598989712921809,0.8907283270583697,0.9562880686171873,0.9027019168030597,0.9288488221297497,0.9526370111116405,0.9152582079543841,0.9623211158059548,0.9275522446953854,0.9459533477380777,0.9623211158059548,0.9413411539914587,0.9288488221297497,0.9492063492063487,0.6783615558233285,0.8843412180810755,0.9582144552981327,0.9492063492063489,0.9384124008873462,0.7806724477786728,0.8022278398026612,0.03139863267861631,0.9544316996038003,0.08671734220308558,0.03139863267861631,0.03139863267861631,0.3741839079094693,0.0,0.944383427890573,0.4527606561376478,0.0,0.9341976401680094,0.535161772248302,0.9582144552981327,0.9526370111116405,0.9562880686171873,0.9508971383859763,0.03139863267861631,0.7960789049353036,0.8580633769736241,0.935580996038617,0.8409971458279799,0.0,0.9071820194155722,0.9526370111116405,0.9341976401680094,0.7935775465776653,0.9083158055901508,0.9582144552981327,0.9508971383859763,0.9369854052620166,0.9152582079543841,0.6284764518573093,0.9492063492063487,0.4006068367505189,0.92126914699118,0.9250013316406696,0.6848496741376318,0.9398636845831869,0.9582144552981327,0.930160641445072,0.9526370111116405,0.9071820194155722,0.8420784215528954,0.0,0.9492063492063487,0.8822265994777507,0.960221152322577,0.8377384241745145,0.944383427890573,0.9398636845831869,0.8244397822834253,0.06018876900102055,0.7569089328329721,0.7846176027958276,0.0,0.0,0.40880739824839063,0.6991852245234742,0.9027019168030597,0.8058499662916013,0.8453085223330421,0.8152867967569688,0.8399134433261015,0.7997856146881548,0.9328339505740528,0.8129560940834346,0.0,0.9004911494084331,0.9544316996038,0.9623211158059548,0.831146423199498,0.9582144552981327,0.831146423199498,0.0,0.0,0.7739436107925914,0.9492063492063487,0.7819949015164562,0.938412400887346,0.8570084033315841,0.8993922310882436,0.6856702229525599,0.8993922310882436,0.8344556057285131,0.8506512873935228,0.0,0.9152582079543841,0.8175997772209664,0.9508971383859763,0.9582144552981327,0.5526275082095407,0.7351207557283752,0.43182584581086747,0.9176344520056336,0.9508971383859763,0.8591172857456586,0.0,0.8266892096935958,0.9176344520056336,0.8993922310882436,0.8727631680356078,0.8654234385275936,0.9413411539914582,0.9049315186013054,0.8538362113124116,0.9562880686171875,0.8685695845092949,0.862273520033598,0.9443834278905732,0.9602211523225768,0.9225015741707872,0.2586095064370061,0.8129560940834346,0.9544316996038,0.03139863267861631,0.8759110188590655,0.9288488221297497,0.9152582079543841,0.92126914699118,0.9623211158059548,0.9152582079543841,0.9623211158059548,0.9623211158059548,0.9027019168030597,0.3647019568709454,0.8961186971729789,0.9492063492063487,0.9602211523225768,0.938412400887346,0.938412400887346,0.8322525541058978,0.9428469360414611,0.9475597985845114,0.9288488221297497,0.5210240199989242,0.9508971383859761,0.7684119013812074,0.3833143586062788,0.7125274559321442,0.7447432793600621,0.0,0.8918007079504506,0.9492063492063489,0.758381053055492,0.960221152322577,0.9328339505740528,0.9341976401680097,0.855952276285969,0.0,0.7399891659895361,0.8058499662916012,0.9341976401680094,0.8058499662916012,0.8266892096935958,0.8129560940834346,0.9544316996038,0.7143607147557588,0.6716454483484393,0.8058499662916012,0.7431708752992889,0.9355809960386166,0.6761489807685291,0.9623211158059548,0.9355809960386168,0.9492063492063489,0.8982973238138026,0.930160641445072,0.8388272306091984,0.4779583613087228,0.8106069085572598,0.9492063492063489,0.03139863267861631,0.8420784215528954,0.861222266702256,0.5110414539348817,0.7766590274917051,0.7524297972473162,0.0,0.9856724533720749,0.8633240709217587,0.9225015741707872,0.0,0.8399134433261015,0.9428469360414604,0.9582144552981327,0.2115113915126694,0.03139863267861631,0.9114861522954751,0.9314886672615051,0.897206214237533,0.9288488221297497,0.9083158055901508,0.9355809960386172,0.8129560940834346,0.0,0.9275522446953854,0.0,0.9582144552981327,0.8333555867103808,0.8843412180810759,0.9623211158059548,0.9262700211315917,0.8022278398026612,0.904931518601306,0.9225015741707869,0.0,0.8322525541058978,0.8210376473859937,0.8506512873935228,0.9250013316406696,0.40060683675051967,0.9544316996038003,0.3227392978460525,0.9237454173815312,0.392115299153029,0.8928757609748668,0.7948313236856197,0.392115299153029,0.9225015741707872,0.9544316996038003,0.885400876353422,0.392115299153029,0.9623211158059548,0.931488667261505,0.9508971383859763,0.885400876353422,0.9475597985845114,0.9237454173815312,0.9341976401680094,0.8918007079504506,0.9152582079543841,0.9355809960386168,0.9140827360776211,0.930160641445072,0.9475597985845114,0.9384124008873462,0.7301312695908225,0.9225015741707872,0.9015943008452869,0.8333555867103808,0.42440193597169273,0.9083158055901508,0.930160641445072,0.9508971383859763,0.9526370111116405,0.9015943008452867,0.8939536575643379,0.9275522446953854,0.9275522446953854,0.9004911494084333,0.9544316996038,0.9562880686171873,0.5974763156586966,0.9262700211315922,0.8664724446651935,0.9176344520056336,0.9250013316406696,0.6549904556417999,0.9369854052620166,0.9237454173815312,0.9492063492063487,0.8366469404145511,0.8780124908814328,0.9129151319089186,0.9004911494084333,0.6623067578386677,0.9562880686171875,0.9188361382271666,0.5906675167558797,0.9314886672615046,0.944383427890573,0.926270021131592,0.8993922310882434,0.6040574193889983,0.7598430279509716,0.9398636845831869,0.6739104850582693,0.9475597985845114,0.8832831707913573,0.7143607147557586,0.9526370111116407,0.9508971383859763,0.8864622842804517,0.9275522446953852,0.9526370111116405,0.8982973238138026,0.8633240709217587,0.708808264663793,0.9459533477380775,0.9459533477380775,0.8322525541058978,0.9341976401680094,0.9027019168030599,0.9526370111116405,0.8591172857456586,0.9341976401680094,0.9562880686171873,0.8928757609748668,0.9328339505740528,0.9508971383859763,0.960221152322577,0.8854008763534222,0.9582144552981327,0.7197593917099125,0.9562880686171873
p287_N,0.8083502626742143,0.7998527217210254,0.630817936440895,0.7762334993076099,0.7360709153718037,0.871437530173562,0.9956540402760454,0.9702351970829612,0.4623272460162108,0.8642723367835958,0.7948115130896287,0.7257450177475634,0.6974210242606501,0.7355710168869778,0.9868288285116102,0.8410960800599794,0.9177433298664526,0.7662354834447611,0.9969440767479354,0.9007974233889862,0.7727073819487122,0.8390335330415137,0.8984982795453522,0.8625158980695156,0.7849906623320981,0.6046908988334156,0.8102331311923987,0.6137758372509861,0.9007974233889859,0.6709681679082531,0.6715985755204537,0.8014425080763878,0.8574686916051837,0.7278043633023872,0.765220240367444,0.8923050495306928,0.8625158980695156,0.8049905346767261,0.8714375301735617,0.7838168606209897,0.6567206399103713,0.7266607834390822,0.9747985041080965,0.6834792779455736,0.8639882305294255,0.6411154488836535,0.8383948208633007,0.5273573578052204,0.7617041847450774,0.37569212016020936,0.8445183988316078,0.48678040106113807,0.6271578137520523,0.9024446676913556,0.8801405237525247,0.7790052760171429,0.7572281835377366,0.8266892096935958,0.5651269894608699,0.8155897859167085,0.49314225945910106,0.5859537832349657,0.8967607927756917,0.7742931864480898,0.8508524342038148,0.42548497682384234,0.8445183988316078,0.7750626525345405,0.9274535532625909,0.8574253737916122,0.7313659061072768,0.7617041847450772,0.9401161903412835,0.28463101938711455,0.8266892096935958,0.6126029349440234,0.7898596515802687,0.819910326529145,0.31527593702330126,0.871437530173562,0.8701079534081793,0.8684324553954446,0.7484291696442609,0.9235038878752162,0.8266892096935958,0.7189641226043171,0.888207414502759,0.5928406450540629,0.9561187953562595,0.8210710864618282,0.8266892096935958,0.6308179364408941,0.528092015134902,0.5336095466454267,0.9599889888712672,0.8657625374861031,0.6235084402607631,0.616230974762821,0.26847156686974927,0.17182219191575154,0.7790052760171424,0.8383948208633001,0.8266892096935967,0.7929951989879658,0.6166350306762118,0.8574253737916122,0.6832998353459117,0.3209442598610881,0.6364069736998085,0.33744760785874206,0.5913986928563413,0.8393502408094382,0.3548994950300729,0.691057700970626,0.8383948208633007,0.2752718942462232,0.8511486947061904,0.8923050495306926,0.8714375301735615,0.3058092741456031,0.850840873792243,0.6089813514626856,0.7849906623320984,0.8484398110100146,0.7887023983633972,0.3791955086726042,0.8324582773700502,0.9414078771532364,0.8777190734356533,0.8716254473921436,0.26584587295779816,0.8694583018704123,0.8445183988316076,0.936357512678511,0.8102331311923987,0.49898366490171653,0.7673862568293669,0.8445183988316081,0.8445183988316076,0.8431596959716181,0.6366134241451675,0.8642723367835954,0.34810895376485207,0.6495364505901595,0.647526256199999,0.5024162871603776,0.6076437252150215,0.30164564062280674,0.6854789183571148,0.3077786745411184,0.864272336783596,0.5283510552868116,0.7289430039424369,0.9508295788703031,0.8767037709308814,0.6191408907293792,0.6908586721509264,0.7819783757720598,0.7692257026882106,0.6399299819423248,0.7465936023860203,0.8694583018704127,0.775478651203112,0.5272293448809724,0.6658207115023305,0.7340761166008651,0.8013790492667465,0.707108874140822,0.8542090792577641,0.5764274471450119,0.8982209465695057,0.821071086461828,0.7418986894359176,0.7272254237400437,0.718120711001383,0.8675288783087625,0.9271847252697736,0.9062807847190644,0.9057690018894178,0.6748421916039078,0.9567159303527277,0.6719293561805877,0.8878907384141739,0.7257450177475631,0.826949775806781,0.5286703566311082,0.3474029138471304,0.7390720336104668,0.9280926541839383,0.7398150798063188,0.9258694261363465,0.7394037182452794,0.5989588906545111,0.4137324638536969,0.6794510385897168,0.8266892096935958,0.8324582773700502,0.981009246246165,0.9503638324063235,0.6752383259216148,0.5840045276470733,0.7823930047213894,0.8266892096935958,0.5802853472544549,0.2382536004961222,0.9007974233889857,0.8266892096935958,0.9146961560776525,0.5869538736100957,0.4849278434876394,0.6724817101296041,0.6930794471102755,0.8210710864618274,0.8266892096935958,0.86671921047661,0.8266892096935957,0.43500018344810043,0.5293495122050691,0.5964577366068876,0.8266892096935958,0.5684912252440523,0.8266892096935958,0.710543421268496,0.7840388104848646,0.7148952917141549,0.5913986928563411,0.8383948208633001,0.2675500662840188,0.8707296060265275,0.8748383714675434,0.9150970596522616,0.8026818239867017,0.5669643254523791,0.7818998392068106,0.8445183988316076,0.9590500452930777,0.7835799185460253,0.8741814665127359,0.8148506666572046,0.8336692375545377,0.511041453934882,0.9446208795349662,0.6089813514626852,0.7708615632596505,0.8266892096935958,0.6103985510084959,0.8266892096935958,0.5526308318657569,0.7298343493129877,0.7692571359771145,0.9253161356239787,0.2550447313657753,0.8324582773700502,0.5793919107814935,0.7849906623320981,0.6344860777611516,0.8199103265291456,0.24126373772079102,0.8383948208633005,0.5622830208386309,0.9723653538198838,0.43540358719997985,0.8210710864618282,0.8481241250733969,0.5850468058453502,0.8714375301735617,0.4438853157910859,0.7839153671091615,0.9078748159280932,0.6737328719187999,0.6024818805025931,0.8014425080763881,0.6121007731276087,0.6353043297715486,0.319347087954452,0.8574253737916122,0.1037716975777021,0.767224179442213,0.7987171022511952,0.9881536849053312,0.8574253737916122,0.7570987840848183,0.3732831650803884,0.8842994831730135,0.7030117783667276,0.7762334993076097,0.8383948208633001,0.7230643435079145,0.1650740930757263,0.8155897859167087,0.8383948208633003,0.8694583018704125,0.3252443103106992,0.857425373791612,0.39131334629267,0.6022879166340218,0.6089813514626865,0.9166088554157756,0.9620644010088546,0.8266892096935965,0.8059295364969021,0.8155897859167089,0.8767037709308811,0.237181557192911,0.830069334763524,0.8383948208632999,0.7617041847450774,0.7096799616845368,0.39525258664798435,0.8028841110823549,0.7020364850326848,0.820043053521667,0.8433870103080285,0.7339072542179299,0.6242754479632555,0.8642723367835963,0.5835482026164283,0.8642723367835963,0.8995708306046031,0.814691132635734,0.7272047143954135,0.9441608120869127,0.8266892096935958,0.7370717638778392,0.7539168039343551,0.7662354834447607,0.8574253737916122,0.948465271980993,0.8777190734356533,0.8266892096935958,0.7849906623320979,0.7588981930784982,0.9098785216031471,0.6949688946098886,0.5902625522478365,0.775478651203112,0.7692571359771149,0.4569633946879351,0.4162808706423784,0.833207525996106,0.6702278960386943,0.48401823993316295,0.9937122258988622,0.688580699503123,0.5229922728370375,0.6615395619347405,0.6301050082423799,0.8714375301735617,0.26064123295636044,0.7230643435079143,0.23180974352674688,0.8102331311923987,0.8493950799487413,0.9321741379918553,0.6089813514626858,0.24100425385746482,0.09621713652809405,0.3815643230155912,0.8266892096935958,0.2798900594421039,0.9513738215054373,0.7668801834274461,0.951666750291549,0.8070018837678946,0.5228280913216339,0.8266892096935958,0.8266892096935958,0.8844930012403249,0.7913555567882299,0.5888481317371419,0.8266892096935957,0.9007974233889862,0.8266892096935967,0.7559022580972936,0.649261827596233,0.3510614412259917,0.8266892096935967,0.7398150798063186,0.7898596515802689,0.4276362898604391,0.34569886446565057,0.8266892096935958,0.5945500469975813,0.7148952917141547,0.22400807894768626,0.252091475666523,0.7604083864978799,0.5839765485032802,0.8383948208633001,0.162675091409072,0.8266892096935958,0.321020238125715,0.7662354834447607,0.6322157449880896,0.8232335177570091,0.8369078949358315,0.4238621090607686,0.8049905346767257,0.8266892096935958,0.7130723211401093,0.5675768440442015,0.8266892096935958,0.9663414534134906,0.532049849447848,0.6208003349030968,0.36974817257911496,0.1362953701709766,0.8266892096935958,0.8524133224185833,0.5270654807730291,0.9177465321422122,0.711891597583415,0.5737834851300656,0.5354635118725593,0.4888955760674014,0.6455511582707418,0.8383948208633005,0.7466909621082118,0.36044933016786984,0.8511784633897346,0.32803197140055884,0.7161056922469111,0.5587058798676412,0.9221581876231608,0.8445183988316076,0.7887023983633974,0.8266892096935958,0.8923050495306928,0.7665245811994164,0.5441287930870387,0.7534098449990654,0.8171801236628649,0.8155897859167087,0.6775618163411452,0.8925735187689807,0.8431596959716181,0.8450091399686626,0.8266892096935967,0.7998527217210254,0.5873610815944039,0.6891260577822633,0.793777868817579,0.2882586304562794,0.8070018837678952,0.8154274808902366,0.8511784633897346,0.6204867880219542,0.839033533041514,0.9007974233889862,0.5560979766911729,0.6329566621376961,0.8711784066180459,0.793667190730335,0.8636204737721362,0.7023748056864783,0.9752242930940253,0.9584063263034994,0.7407010302944559,0.8846722259288387,0.9149093574916112,0.6714362370169483,0.8036074718781003,0.5881269905692315,0.4670182035471728,0.5130453306867067,0.7454547880656794,0.998375978871993,0.6407546895800649,0.6430848901232573,0.9594603649582825,0.7597523278352257,0.8511784633897348,0.39042496792485837,0.9291015390756848,0.5076571289942751,0.666798523642893,0.7108562443941846,0.659688115624296,0.8383948208633001,0.9918224547761916,0.5603890290002669,0.8159235508073304,0.8226009397083014,0.9681762475129836,0.7390182270218255,0.6641246843727916,0.9511935811114112,0.8107994161477068,0.8102331311923987,0.8102331311923989,0.8658132522749342,0.8574253737916118,0.7441003298209856,0.4177390134874548,0.7028615372833038,0.8210710864618278,0.8210710864618278,0.4440361147561077,0.9318751339582161,0.8371106808609121,0.5768252591305523,0.8266892096935958,0.8508524342038153,0.8266892096935958,0.8266892096935958,0.06940707792858858,0.7801987391563097,0.7230643435079143,0.8266892096935958,0.369553485187083,0.22197236362833883,0.8247248739070039,0.7161389892078858,0.5945500469975813,0.33754917683090624,0.6891260577822635,0.8741814665127354,0.07630357930469234,0.8312296131409551,0.9237992182434487,0.9511935811114112,0.5635361086933859,0.5819591212375672,0.4857326188127773,0.7441003298209856,0.9326186806809827,0.9258694261363465,0.7031900123586634,0.8842994831730135,0.6948878137006764,0.8383948208633005,0.8127525418170585,0.9396840003828838,0.9535578660071959,0.8511784633897346,0.39603910868543624,0.7604083864978797,0.45793346363139176,0.6283035588984718,0.945451521449981,0.7577799260442377,0.9127943552333815,0.8324582773700502,0.9885938712988505,0.28550573989518047,0.48026073279397385,0.9088891430301538,0.7055926234222143,0.863988230529426,0.6272926298865593,0.6235084402607627,0.8210710864618271,0.3115390307552036,0.7484291696442609,0.8714375301735615,0.33754917683090635,0.2882586304562793,0.8337472100826289,0.35457047584276613,0.7898596515802687,0.8905710813187088,0.7164552421917798,0.8266892096935958,0.8445183988316076,0.7288607865712486,0.765220240367444,0.5824941080327011,0.7429884745379041,0.7984314733145597,0.7907411334896624,0.4238621090607686,0.7801987391563086,0.11282842586669917,0.9007974233889855,0.29567499125139807,0.9956020206057643,0.3150872386162953,0.8155897859167087,0.9886640839263301,0.8096365639804124,0.881659188663414,0.7754786512031122,0.7394748484717841,0.6098593956519726,0.3664736671932376,0.49339672732745576,0.7230643435079143,0.5468675684571661,0.5264825768781056,0.6507306792826464,0.864272336783596,0.8573159578281098,0.7467350328374358,0.6350562545020135,0.6963018814216241,0.7366429076871637,0.8493950799487413,0.3670423542948077,0.45747332812369423,0.8714375301735617,0.647339250024488,0.8199068880584622,0.8353154364479329,0.7532569414875749,0.8165087157698867,0.9540568997198056,0.7649682260587916,0.8533828601878433,0.8364171746152267,0.7948115130896276,0.8673649851821288,0.8767037709308809,0.871437530173562,0.8266892096935958,0.9584063263034994,0.5550205102320482,0.39286457542094255,0.7271976638668829,0.8266892096935957,0.5561957240984102,0.4396666849776516,0.5459554532006661,0.7355710168869778,0.6718087782679458,0.6308179364408941,0.49620920473818586,0.9917539147551471,0.7742628335440056,0.9611214052113961,0.3826553741773213,0.7227147778080807,0.8508524342038151,0.6680134735212273,0.7572281835377364,0.9005217828775249,0.7108562443941848,0.9098785216031471,0.7751056202079696,0.8155897859167089,0.8714375301735617,0.7998527217210254,0.8007823684965487,0.8266892096935965,0.5808909265892424,0.605365737901435,0.7588981930784985,0.8235188903587238,0.9150970596522615,0.25164206908713593,0.1362953701709767,0.8493950799487413,0.8445183988316081,0.8371106808609119,0.8493950799487413,0.8210710864618282,0.9043108503990762,0.8266892096935958,0.998375978871993,0.8253428631243714,0.8266892096935958,0.775478651203112,0.6271589125862931,0.8984168960348214,0.8383948208633005,0.7812300271349996,0.7166774121379705,0.8493950799487413,0.30420976650437503,0.278080181011251,0.6283035588984717,0.28164336092653297,0.8266892096935958,0.6832998353459117,0.8383948208633001,0.775478651203112,0.248272511257013,0.7229916838421406,0.857425373791612,0.8324582773700502,0.9015997238518512,0.9006372935822173,0.8332075259961063,0.826689209693596,0.8437029788258072,0.7313659061072768,0.8484398110100146,0.5721431782709029,0.8952067668476966,0.9271847252697738,0.7617041847450774,0.8383948208633005,0.6832998353459114,0.16861427957662223,0.8266892096935958,0.9141371846805166,0.6438434882447863,0.9007974233889857,0.5122788050514722,0.8102331311923985,0.7948115130896283,0.2320449191763705,0.8155897859167087,0.3837349663901377,0.19533447228691658,0.8266892096935958,0.8266892096935958,0.9885938712988507,0.6323219212090351,0.6680134735212273,0.43869487133311236,0.33523034593981016,0.5482790710611969,0.4537756743003716,0.17214878470762918,0.770825665690783,0.30241443339766727,0.8266892096935958,0.9650348726734559,0.8445183988316076,0.8714375301735617,0.4238621090607688,0.8574253737916122,0.29932154153109947,0.8266892096935958,0.8266892096935958,0.24583335294148945,0.8558385346892365,0.2175257859968589,0.7898596515802687,0.5259252086705173,0.6567206399103711,0.9459319940194428,0.7071088741408218,0.30688692716853105,0.5039912813655922,0.8266892096935957,0.7108562443941846,0.1904648905548788,0.8625158980695156,0.8635372202957408,0.9672820826017522,0.7637214007844018,0.6949688946098889,0.7189641226043171,0.7166774121379704,0.5471194108474218,0.8266892096935958,0.0,0.7189641226043173,0.6210480027864969,0.5950681143032832,0.5550205102320485,0.7641315079050714,0.5387488855437976,0.5560597723535632,0.8146770761041979,0.7301152315644446,0.37393542615397757,0.8134811734484124,0.864272336783596,0.9391291237479663,0.9909046326311257,0.08614369051770443,0.8445183988316078,0.8210710864618282,0.4615761331249192,0.7636757819153237,0.8626810837446108,0.8670176301235659,0.9363575126785112,0.7867686640693976,0.8594755298193403,0.85947552981934,0.6680134735212273,0.9355009198683293,0.46638904399043757,0.7360709153718037,0.864272336783596,0.8390335330415137,0.718401533807282,0.5190078425952718,0.8837077700694129,0.6974210242606502,0.8943383367917623,0.6802310428084059,0.8324582773700502,0.4975046504394114,0.9322748646509467,0.46978815030266896,0.5070782356613757,0.8266892096935958,0.6308179364408941,0.8818175403500037,0.4137324638536971,0.8642723367835958,0.7266607834390821,0.6667985236428933,0.6738325213287677,0.8266892096935958,0.2012517294012134,0.33754917683090646,0.9149093574916112,0.11997898201045332,0.2458176985615993,0.16247454094592673,0.8767037709308809,0.2696585008209954,0.9382230989528136,0.8532852671514456,0.3504118245000081,0.7801987391563083,0.4648440794854134,0.8714375301735617,0.8511784633897346,0.8266892096935967,0.869768523677352,0.7617041847450776,0.12288952350888671,0.6851941396038526,0.3918607393674556,0.8818175403500037,0.8493950799487413,0.2750393684135699,0.5264825768781054,0.6619967100807198,0.2990346090684155,0.2999529491861509,0.8266892096935958,0.23068751591732295,0.5477547643212473,0.7355710168869778,0.8266892096935958,0.3411541642407169,0.9361859269978718,0.8574253737916122,0.8038586472341178,0.8493950799487413,0.5027104407242271,0.7619593032638716,0.8314095505633017,0.8661136459347678,0.9916664816002518,0.8511784633897348,0.3745174925131516,0.8266892096935958,0.8823988455051192,0.8266892096935958,0.8923050495306928,0.6798833981200263,0.3788241890686084,0.8714375301735617,0.8284511919017272,0.8043996660987118,0.6085826734843344,0.7559022580972938,0.8266892096935958,0.7761258934503041,0.42955156340544454,0.6940759987119245,0.8484398110100146,0.710856244394185,0.8445183988316083,0.7441003298209858,0.7865388662877749,0.9450651903546778,0.4463947471248445,0.31251205887825817,0.9450651903546778,0.735571016886978,0.8445183988316083,0.6089813514626865,0.9450651903546778,0.8714375301735617,0.9909046326311259,0.776792653536901,0.6089813514626856,0.8210710864618274,0.9100987064371419,0.7987171022511952,0.5679804963019294,0.7108562443941848,0.888562547754369,0.523042230183278,0.8844930012403251,0.7540690112344769,0.9888578818441287,0.701855773911664,0.7355710168869782,0.6812826182356035,0.5746661047595767,0.9935463340885815,0.6871683774743924,0.8059295364969024,0.8925735187689807,0.8383948208633007,0.7049752484249407,0.9627377480120192,0.8180229103268297,0.7528041884845758,0.6457991706935293,0.8445183988316078,0.8508524342038153,0.9214383318797839,0.5957353907520184,0.786756189057306,0.7768468507400126,0.7441003298209858,0.9971122989746479,0.9055328214921177,0.6629790261384096,0.826689209693596,0.5705843578109697,0.7181830292631233,0.7028615372833038,0.4596763218690435,0.8523665285692374,0.8508524342038148,0.8211235030060748,0.9613304014574109,0.6271578137520522,0.9177433298664528,0.7695851515669612,0.9254578891394436,0.9403812164285879,0.8170971303342114,0.7948115130896285,0.9764566405362698,0.9060430669225665,0.9848750392683877,0.7660949578229019,0.8694583018704127,0.8625158980695156,0.516047471817582,0.581977814673101,0.9005217828775254,0.9301233819498985,0.49339672732745654,0.831069780134521,0.8707296060265277,0.8707296060265279,0.4106396825109724,0.7987171022511952,0.6680134735212271,0.869458301870413,0.423572140539492,0.7754786512031118,0.8842994831730138,0.41414495150680963,0.9078748159280927,0.8625158980695153,0.8642723367835958,0.6946744627454302,0.857425373791612,0.9448474499449802,0.8508524342038151
p287_S,0.9373849584982122,0.8644633857793794,0.9206180783388169,0.9123537495604529,0.9176344520056336,0.6577758971182561,0.949003192552335,0.9727995969620598,0.844027888989999,0.5717909861593462,0.9777237664759431,0.9149644520716045,0.9149644520716045,0.8514064619648858,0.7895318319167909,0.9770864862406434,0.9903850005315029,0.9562533908075039,0.9109192134561165,0.7360287423369322,0.8879754427987612,0.9524593769068034,0.8916829786258778,0.6291027557617732,0.9576422202536796,0.8889039599111497,0.9290437380995719,0.8645046537943692,0.7360287423369322,0.7084000241509268,0.8783842798904284,0.9261077324693099,0.9466508604266068,0.8977823279529111,0.9176344520056336,0.8063598505269485,0.9895196008050117,0.9353631805614123,0.542540721071606,0.9806744835221558,0.9879069037547501,0.9253216361240024,0.9389009867184677,0.9145303665658235,0.9098137391625776,0.863813080755769,0.9231975163531971,0.8640003271366141,0.7818119149988476,0.824547087224186,0.6397205417438536,0.9597781276766693,0.8889039599111497,0.904880473824603,0.9466508604266066,0.884623261684109,0.4952021167187639,0.9176344520056336,0.8789694806357344,0.995006237994279,0.8476598553448094,0.9995870163107132,0.9562533908075042,0.9365682876192555,0.8703525226203908,0.9279385803404143,0.7844444503394652,0.9857753506288528,0.9266592782431409,0.9631988949207005,0.7062914868654248,0.8867504707956384,0.9949841493208558,0.9128829790103437,0.9176344520056336,0.8625343546157405,0.900131290598132,0.9470371182540278,0.7713817426646417,0.7730110731649061,0.6837002148089268,0.8628852763111717,0.8804415508981578,0.922578675359327,0.9176344520056336,0.8429048120828944,0.7681977112879721,0.7210894812497863,0.9043922062090056,0.9149644520716045,0.9176344520056336,0.623044713866685,0.6489048664363217,0.7647016855061364,0.8804415508981578,0.8386392613801177,0.7043694511276132,0.8645218511266486,0.9577392587568812,0.7252781043308825,0.7236875036229685,0.704324504348755,0.9512934499841006,0.7521977203414176,0.9926550694496732,0.932241742150131,0.7779319348895514,0.8975074323349401,0.8978173148387738,0.9171705206748193,0.6245650735018726,0.6638439299210644,0.8009210307806351,0.6592109391009252,0.983682988822291,0.7799138535064554,0.8644633857793794,0.5972411246686107,0.9389009867184677,0.8114015586282295,0.9145303665658235,0.44362905428351096,0.9937773364805664,0.5586114773645638,0.9562533908075042,0.6786234827218101,0.9895196008050116,0.9638569490943998,0.745406391194774,0.8910305906213418,0.7936763507630318,0.9231975163531969,0.9261077324693099,0.9965185747417931,0.6873299539927961,0.748731926737197,0.9486972316333698,0.9774096618002821,0.9261077324693099,0.912359476799596,0.9759757141355434,0.9354957453078971,0.7153165147159795,0.8810727154080642,0.5725919487426498,0.8550346801467701,0.9229660919577038,0.9233744427521511,0.91989423221619,0.8336414617779992,0.7907746610627939,0.8476598553448089,0.6966655910415882,0.807310857539258,0.9291683589350777,0.8867504707956384,0.6070621366523702,0.9451391643183,0.9545645234685156,0.6987608695673568,0.6490044080401234,0.9231975163531971,0.9977901694570488,0.9250211202256047,0.8333125033847859,0.589258017816392,0.9941663847661137,0.9879069037547501,0.8804415508981576,0.9901701454072507,0.8818801057626696,0.9149644520716045,0.884623261684109,0.956988484375028,0.8450906233206024,0.8396543397015421,0.7018004875977806,0.9709481764839752,0.7430386669273206,0.9742119804148439,0.8946796400507372,0.8665198913465126,0.949904800799596,0.9149644520716045,0.7923970497529258,0.6828016566392634,0.8321825453439604,0.9295938208565603,0.904880473824603,0.9689470530700139,0.7157300978243293,0.869984032149532,0.9607608832492265,0.959701616466182,0.7829292444290503,0.9176344520056336,0.6291027557617731,0.9636703814083795,0.9077500810549198,0.9498185828758576,0.8485648350028439,0.9149644520716045,0.9176344520056336,0.9977880919553447,0.8281926662579331,0.5717909861593466,0.9176344520056336,0.9761931187154043,0.8625851059964713,0.909178258892716,0.8717042329345137,0.8663152967856786,0.7454063911947744,0.9176344520056336,0.9651246535154767,0.9176344520056336,0.904306649639717,0.9366960412527516,0.8907781241030217,0.9176344520056336,0.9941663847661135,0.9176344520056336,0.9732985645699797,0.9825529434724956,0.7617540162550991,0.9572501368720675,0.983682988822291,0.8726446237792718,0.9123594767995957,0.9271458214298686,0.7313453781642063,0.7565427515557542,0.6820321076178137,0.9846362664950943,0.9261077324693099,0.8368572865027597,0.9623548439267994,0.9709810743942586,0.9077707508606774,0.9479215598710828,0.8625851059964711,0.6873299539927957,0.6291794653990352,0.912359476799596,0.9176344520056336,0.9194783163486806,0.9176344520056336,0.8338858964965645,0.9098510170045648,0.9261077324693099,0.914684230466458,0.8726446237792718,0.629102755761773,0.8606789940362405,0.970087547292547,0.6178241946034319,0.9401042088409286,0.7749619514667097,0.6112050095242446,0.6413084611449198,0.8137727791661153,0.9477638490194609,0.9149644520716045,0.9291179679746995,0.8493314723133869,0.542540721071606,0.788580681129335,0.925795964553237,0.8910854332944247,0.8119828938590445,0.6288445601799721,0.9261077324693099,0.9825113507358606,0.9540491654968316,0.8461995545506902,0.932241742150131,0.7420470154159737,0.9422472753056208,0.7932229991952818,0.9807000605418204,0.932241742150131,0.7595444044416275,0.8894938971361819,0.9204848999716182,0.9850486261598486,0.7295118867737508,0.937123241410035,0.8683869765649121,0.8767933840467375,0.9123594767995957,0.9231975163531971,0.9231975163531969,0.8363016439994941,0.7540801690623642,0.8430820492776219,0.8058773355708833,0.8605569040332726,0.9320264223045823,0.9845214236147153,0.8639120513105903,0.9143869606810531,0.798376859019013,0.8326857532046698,0.9439228789501477,0.8899790318934315,0.983682988822291,0.9530379936367415,0.8645046537943692,0.8981370062462659,0.8759279019397226,0.8876518003899165,0.7860350127786768,0.8290574614654278,0.9104582770273004,0.6591030731357139,0.8455205797886557,0.8959401753090646,0.7360287423369323,0.9565730307289084,0.8529600477548238,0.8488382815848725,0.969757263765453,0.9176344520056336,0.9261077324693099,0.6684996192866945,0.8753730319516106,0.932241742150131,0.9291179679746995,0.7878600357864769,0.9176344520056336,0.8978173148387736,0.932241742150131,0.9389009867184677,0.9643988302810584,0.8812304539168263,0.5494050292896663,0.9261077324693099,0.9453981478995088,0.946622308568301,0.7046964066654736,0.9073222074226135,0.740602833767716,0.6577647569365004,0.8977823279529109,0.9052273313028347,0.904880473824603,0.882375717680342,0.9389009867184677,0.8637211168081942,0.7494734553911051,0.8836869974400288,0.9290437380995717,0.9149644520716045,0.9470779087788475,0.8379236779040001,0.9147295606797885,0.7080314731354922,0.7950165387031025,0.9176344520056336,0.7629849328788396,0.8429048120828941,0.8322563605431141,0.8138391289076221,0.9902416640337588,0.9901701454072509,0.9176344520056336,0.9176344520056336,0.7818119149988475,0.8964106794146756,0.7072395288991502,0.9176344520056336,0.7907746610627939,0.7328399533003251,0.7295118867737507,0.8333125033847859,0.946363419099355,0.9949841493208559,0.7223885194877839,0.9893117100305693,0.9394144114996157,0.9691970336097759,0.9176344520056336,0.8981657096112037,0.6180073508895096,0.8252601200959901,0.8483914191945088,0.9384536186973254,0.735801766116473,0.9231975163531969,0.8953524242954563,0.9176344520056336,0.8197839018556032,0.9899281062556811,0.8132455256424225,0.9442308019981354,0.9203761879341787,0.9613565262167352,0.7387199155414439,0.9176344520056336,0.8315490164612094,0.7210894812497868,0.9176344520056336,0.9384536186973254,0.9373849584982121,0.9831929791885614,0.8025682677755005,0.868315844051976,0.9176344520056336,0.7734083183403921,0.9109711638042668,0.9291179679746995,0.9139292278462852,0.9554782493287253,0.8494889870069655,0.8513275026111498,0.7987077769649199,0.983682988822291,0.8850707526024726,0.8158904503387641,0.962608664233859,0.9454640018635478,0.6550434465691883,0.8988104657218368,0.8955399645501796,0.977409661800282,0.9427224628479648,0.9176344520056336,0.932241742150131,0.9040407010139304,0.9028732356284457,0.9024846512059139,0.9790111546477849,0.9536828573969374,0.9373809630196465,0.9895196008050116,0.912359476799596,0.9846566758890424,0.8202213519738351,0.9048804738246028,0.9388443820795136,0.7147176772979474,0.932241742150131,0.9321122216845379,0.9902416640337586,0.9817658539566088,0.8207572930178971,0.9606282346351354,0.9524593769068033,0.7907746610627939,0.9660741338424897,0.8932539868674869,0.99267132167479,0.8910854332944247,0.9738359568456643,0.9194783163486804,0.7974439991732669,0.8977823279529109,0.6596439893239399,0.8896065687109966,0.997790169457049,0.88720715892009,0.9777237664759431,0.8783842798904284,0.7633750572623207,0.8186351797367004,0.813979830477056,0.9903850005315029,0.8894938971361819,0.7475178325435327,0.7599855305715346,0.9281278923411591,0.8955399645501798,0.7975483794837479,0.9024846512059141,0.8615838943516549,0.9281278923411591,0.9098510170045647,0.7891248258876202,0.7508842517610111,0.9696609426149718,0.9428878730971679,0.8719704952581665,0.9627319675460853,0.9845214236147153,0.962367137020069,0.9112576872105785,0.9204848999716183,0.9220033199406048,0.9693293687840344,0.7679012153617217,0.9743490353345139,0.5972411246686107,0.8088355852512338,0.837573780851538,0.8866580033473874,0.9576746141532875,0.9152209695615848,0.7327830978403602,0.8843831000619753,0.9098137391625771,0.6631052115324785,0.9176344520056336,0.9291179679746995,0.9176344520056336,0.9176344520056336,0.7252781043308822,0.7852944502139064,0.6318920498391103,0.9176344520056336,0.8620213651162271,0.9147416330889364,0.9194760752462123,0.6042739364248377,0.8300245705572444,0.9504771053689265,0.5070685320216867,0.9260134095145849,0.7404081659626418,0.7387199155414439,0.9742119804148439,0.9291179679746995,0.8664383561643836,0.9586618832187055,0.7870669811240099,0.871391612222901,0.9859795134306004,0.6744067172269892,0.7301497298393576,0.6196906358642535,0.8233573240698444,0.983682988822291,0.578056226220469,0.7681977112879721,0.9937940417831583,0.8955399645501794,0.7746043315118281,0.9693200614415456,0.8476598553448094,0.8955399645501794,0.9000905586095038,0.9231975163531969,0.9001312905981322,0.9444674951746068,0.9732925544123197,0.788843942400512,0.822921070475325,0.9261077324693099,0.9832902586309831,0.7276155846772595,0.8858829696215673,0.7518251793898635,0.9152209695615848,0.8627448253767596,0.8804415508981576,0.9458638372348818,0.822118342637288,0.7508956521489092,0.9260134095145847,0.8458046515460501,0.7681977112879721,0.8577703087688691,0.8318510639473147,0.9176344520056336,0.977409661800282,0.9795019860868401,0.961325151342389,0.8892247194173972,0.9369836237218983,0.912359476799596,0.9610093839868189,0.8051306963265287,0.9980715070378495,0.8725568835571216,0.9354957453078971,0.8079387565159754,0.9777237664759431,0.7834754916086064,0.912359476799596,0.817377221549431,0.9814283705586102,0.8814055323796943,0.7583918606373369,0.9255723618915033,0.8056017035197609,0.9075725084422476,0.9897198497896378,0.9846362664950942,0.9605305588381616,0.9102130524871405,0.8783842798904287,0.6812828236110706,0.84923687157302,0.920376187934179,0.9763058906768334,0.9452296953714696,0.8262903628126801,0.9149644520716045,0.8597870437542163,0.939538102588119,0.8306286611882305,0.9936805861482163,0.983682988822291,0.9536354056902001,0.9342500146938062,0.9253216361240026,0.8273813414860404,0.7775575717654,0.9339524310656602,0.8600762842131289,0.9024846512059137,0.9574180966633072,0.9743490353345139,0.7730110731649066,0.9176344520056336,0.808264158167103,0.9840495326622463,0.7250486775145326,0.6835602045167916,0.9176344520056336,0.8336827693068845,0.8207807966488913,0.8476598553448091,0.820932818167102,0.8959401753090641,0.8392044438746054,0.807310857539258,0.6715605252546901,0.8923349969895622,0.7829292444290501,0.7578203503020657,0.9421620399028598,0.9291179679746995,0.7972565144006392,0.4952021167187637,0.983682988822291,0.540059716881248,0.9965185747417931,0.8825207683757947,0.995006237994279,0.9458638372348815,0.9048804738246028,0.9825455703573394,0.68914925396357,0.9968675086659684,0.8585890217066634,0.9322417421501312,0.9613251513423888,0.7681977112879724,0.6807088310368365,0.736003532980176,0.9149644520716045,0.9261077324693099,0.9500993698470401,0.9149644520716045,0.9149644520716045,0.8683869765649121,0.9176344520056336,0.7276155846772585,0.8311575174757635,0.9176344520056336,0.9673786919850063,0.675905495415777,0.9631988949207005,0.983682988822291,0.9291179679746995,0.9203761879341787,0.9149644520716045,0.614926511803888,0.7698395851967672,0.8955399645501796,0.9212072092375985,0.9176344520056336,0.7513191435964455,0.750884251761011,0.9629590308991038,0.684085116518435,0.7459671239378718,0.932241742150131,0.6291027557617731,0.7769666391192472,0.891030590621342,0.9215071040267933,0.9949841493208558,0.8814055323796945,0.9169796060396697,0.7150015447937322,0.7386467941323438,0.9094175606190134,0.9631988949207005,0.5829493464755391,0.969757263765453,0.857770308768869,0.7439188334429196,0.9176344520056336,0.7765306526370799,0.9003383049236544,0.5717909861593466,0.7492998020591339,0.9903850005315029,0.9024846512059139,0.7539750721022402,0.9536828573969374,0.7175599139529133,0.8571114196439866,0.9176344520056336,0.9176344520056336,0.8606789940362409,0.8051306963265286,0.77150513537785,0.8031679633044724,0.9901701454072507,0.8407957631638067,0.9817104390433371,0.8829415071909774,0.6980801327506417,0.8683085507987109,0.9176344520056336,0.9400835244061025,0.977409661800282,0.542540721071606,0.8051306963265287,0.932241742150131,0.7652482714754036,0.9176344520056336,0.9176344520056336,0.8770750393071189,0.7328399533003249,0.9784720923934407,0.9001312905981322,0.8382847501964797,0.962731967546085,0.9790111546477847,0.9123820951287551,0.9476051320958434,0.7130610751103683,0.9176344520056336,0.5116142322563771,0.8958505961370495,0.9203761879341785,0.932241742150131,0.885856306754228,0.9928298495367262,0.8442139069839354,0.4941166139796276,0.920376187934179,0.8340940015319194,0.9176344520056336,0.7189641226043173,0.0,0.9365682876192555,0.6591030731357141,0.8669293672507556,0.9433231638906059,0.8458396385168978,0.7443809244705852,0.9291179679746995,0.7868761542855602,0.9662136702938546,0.9098137391625776,0.9550124172403796,0.996225319046196,0.8889039599111503,0.696694890619078,0.543237936013446,0.9149644520716045,0.7987808166564552,0.8846232616841088,0.9479215598710831,0.992725485742797,0.9965185747417931,0.8245145631299533,0.9389009867184677,0.9389009867184677,0.8745106514690065,0.9000905586095038,0.9054976577759835,0.9176344520056336,0.9002664985145176,0.8419023775355047,0.900131290598132,0.7633320035555716,0.9073222074226137,0.9149644520716045,0.949904800799596,0.8280382494458656,0.6741548613921775,0.7193387010444431,0.8664383561643836,0.7713817426646417,0.7339838114043489,0.9176344520056336,0.5990269660880272,0.9176344520056336,0.7342577018234695,0.5717909861593462,0.8910854332944245,0.8932967537832144,0.8412204708352201,0.9176344520056336,0.7021560559613698,0.8031679633044725,0.7932229991952824,0.8746755880376647,0.9128829790103437,0.8873767352631147,0.9743490353345141,0.7501853857899567,0.8696634094739188,0.7988740707064026,0.7914524989062517,0.7852944502139066,0.7746520578143357,0.9458638372348818,0.7498316074099158,0.7765306526370799,0.8850707526024728,0.9806744835221558,0.7584517188443844,0.9002620304917957,0.7743918505197899,0.9176344520056336,0.9149644520716045,0.7638583455883898,0.7842830540686813,0.9547967519858329,0.8814871780171443,0.8432633475214102,0.9176344520056336,0.8448286929098887,0.9680102158050214,0.9123537495604532,0.9176344520056336,0.938894876672657,0.9859795134306004,0.932241742150131,0.9310028073541701,0.9149644520716045,0.9522473960773854,0.9225786753593271,0.9822289983365697,0.7563282731807118,0.8802022484215313,0.8955399645501798,0.7884641288420244,0.9176344520056336,0.9146842304664577,0.9176344520056336,0.5972411246686107,0.7997734685989584,0.8355200055336254,0.542540721071606,0.8804415508981576,0.9993718448762238,0.9243428379798313,0.8514064619648858,0.9176344520056336,0.9431973165376885,0.9022201743723983,0.9979710768113653,0.8088355852512337,0.8910305906213418,0.9261077324693099,0.8783842798904282,0.8458542904646646,0.864504653794369,0.850459295098936,0.7867903809353292,0.864504653794369,0.8743307438550616,0.9291683589350779,0.8837507054227132,0.864504653794369,0.542540721071606,0.7743488856070793,0.920376187934179,0.8843112806828812,0.8303136803781797,0.8149878477204445,0.7235607220793917,0.8725825827815015,0.9479215598710831,0.9310028073541698,0.8606789940362412,0.8149556764193989,0.9149644520716047,0.7681977112879723,0.8281202420167375,0.8209328181671021,0.9937468196155499,0.9761931187154043,0.9121079498127291,0.9607433231117272,0.9475307221016044,0.629102755761773,0.9231975163531974,0.9937468196155499,0.8766872575086169,0.8825207683757947,0.9888253832615521,0.9147224586496066,0.9261077324693099,0.9792503453259269,0.8089256826683776,0.880441550898158,0.9814721127285837,0.9882332279592554,0.9339476391945684,0.8908043393322288,0.9576422202536798,0.9380806103257935,0.9613251513423888,0.8928767684124754,0.9515784509600608,0.9424027297842592,0.8386392613801177,0.8988934947238224,0.7199553905667084,0.9552409151070956,0.8685341199733492,0.8889039599111497,0.808186846046184,0.8975897579408095,0.9365682876192551,0.8810727154080642,0.9485977315452867,0.9777237664759431,0.9076939394608088,0.99987174125501,0.7532625994010846,0.9800311319799476,0.7974439991732674,0.9203761879341785,0.9742119804148441,0.8825207683757947,0.9231975163531971,0.9899569054508075,0.9680102158050212,0.99245481373059,0.8810236202136958,0.9636703814083792,0.9431973165376886,0.8628852763111715,0.951764788537374,0.7974439991732672,0.9591848568689005,0.6887295835214464,0.9291179679746995,0.8262903628126801,0.9719697553872639,0.6291027557617731,0.5717909861593462,0.9301383082015944,0.5972411246686107,0.95553667567457,0.9291179679746995
p288_F,0.9849269679102985,0.8838135174053028,0.7856879905096834,0.8992865236029117,0.9492388075036137,0.9253688519211309,0.7935328443313965,0.7755455023378663,0.5385490408431106,0.6046145530539158,0.8808870709207712,0.9935567820366138,0.9696724395861311,0.8464976705745091,0.8466090907561588,0.9658303776842915,0.9247323722236847,0.8642985447139284,0.9922022799705809,0.9212094218042226,0.8178483514742558,0.8780124908814335,0.9338358212159397,0.7070447155143817,0.9064840699954801,0.34819242548631424,0.8898393963217797,0.9340990416559534,0.9212094218042226,0.8796019107650255,0.4170907036573652,0.9933095589619414,0.8867960431767519,0.44786921870945795,0.9750767117923149,0.9625162230164761,0.902741203339785,0.8867960431767519,0.6254873296405832,0.8616681034607221,0.8225296442687748,0.9855764781637493,0.9253688519211307,0.924075074917003,0.9945183240274951,0.6978444715827212,0.9061873961293254,0.4722134333843946,0.8616681034607223,0.9854820896796883,0.714204556411981,0.7196516856436013,0.34819242548631424,0.883813517405303,0.9889883423817387,0.8590697626746646,0.8582156400242074,0.8993922310882436,0.845235436884199,0.8929489608197005,0.4318855926918338,0.7593691010498396,0.8642985447139286,0.9812252964426877,0.9134191021410443,0.6948026183697352,0.9515258611582158,0.9812490169448846,0.8876692297141079,0.9625162230164761,0.8440565830183067,0.8616681034607223,0.9750767117923147,0.4866793781719605,0.8993922310882436,0.7751140922654676,0.9099317521606789,0.9134708556523616,0.7147690823318893,0.9253688519211309,0.7606912970317322,0.899832874039131,0.8539618916939777,0.9226325469213177,0.8993922310882436,0.8368572865027599,0.9737702747191699,0.7473763231178907,0.978295078344308,0.8961308828316217,0.8993922310882436,0.7856879905096839,0.8516049839559854,0.6632944029421735,0.9363572562098188,0.8907661651390296,0.8019964322171647,0.7772201872815194,0.4746766098757672,0.6609788107715387,0.8873412224047774,0.9061873961293252,0.8993922310882434,0.7908608713208001,0.7626277832154539,0.9172347260035336,0.8161539917768372,0.5199360949322689,0.9683237244170737,0.5298844492612893,0.7734251493891515,0.8661568843269694,0.6428799686634534,0.8206574710503429,0.9061873961293254,0.6981602417329971,0.883813517405303,0.6752318008799825,0.9253688519211305,0.561166726874379,0.9482164295783595,0.9538133524293886,0.9064840699954799,0.9047309153408001,0.8642985447139286,0.7515109916831106,0.902741203339785,0.761478447979222,0.8961308828316208,0.8814261386926308,0.49366899158778066,0.9061873961293252,0.9097421633544902,0.9752737206364959,0.8898393963217797,0.8675596062320505,0.908363117658318,0.9097421633544907,0.9097421633544902,0.8929489608197005,0.6130631660228902,0.9212094218042224,0.6613189149161003,0.7647821602613929,0.9803610082452028,0.5613620967472054,0.8981776325123016,0.41473696122754855,0.8903752243099392,0.6161540830549841,0.9212094218042226,0.9575364170521966,0.9114326765782881,0.7632078429598174,0.9515258611582158,0.44936099615807346,0.8133004789569624,0.8785918741646355,0.9243828129370487,0.7730117451851697,0.8313916961153245,0.9061873961293252,0.8696642492046922,0.9169551392814113,0.7963947603300132,0.83449531009486,0.6204415275119495,0.8007246376811596,0.9088921347045378,0.8888972252279983,0.925680950117113,0.8961308828316215,0.4906866635327418,0.7562838856997303,0.7561465138300012,0.8553193493671494,0.9172347260035332,0.9177518617123658,0.9446701888736624,0.8155142200592971,0.8161834484817625,0.6894575786769672,0.9721556015951156,0.9329016612088761,0.8276063582626021,0.7460486161648117,0.5971651936413138,0.8850577595459375,0.8838135174053028,0.8756960152361013,0.7849247303741267,0.944373221143731,0.7145432447508675,0.602782401522064,0.9346820333843547,0.8993922310882436,0.7070447155143816,0.8929489608197012,0.911537848195825,0.7424597143733318,0.5902304100067871,0.9696724395861309,0.8993922310882436,0.7583248255255974,0.7166874975212438,0.6520321555681022,0.8993922310882436,0.6000114794224423,0.4533544021083947,0.6188839908270973,0.7270192444093024,0.8116963900427683,0.896130882831621,0.8993922310882436,0.947205445403897,0.8993922310882436,0.7129220490303522,0.6979164330062346,0.7254139566163977,0.8993922310882436,0.7432996237289624,0.8993922310882436,0.7094109480656314,0.5384350975366943,0.83449531009486,0.7542150378235282,0.9061873961293252,0.5765250596907905,0.9287407729092751,0.9338358212159394,0.8347141576053578,0.8367741299372242,0.7435888668635051,0.8392374849683435,0.9097421633544904,0.822529644268775,0.9063047225575628,0.8295844697893862,0.8608859893546699,0.6997319795895005,0.3794411288640639,0.7612308446591676,0.7931008126567494,0.9645325849988506,0.8993922310882436,0.896497329219651,0.8993922310882436,0.6554487772190515,0.8567883809445205,0.8395556498231578,0.856501611717714,0.5765250596907905,0.7070447155143817,0.9750995470070671,0.8751860185986187,0.7878173646451987,0.9134708556523619,0.602262703261689,0.6905402417772546,0.7836611866807621,0.706605099996267,0.8920544948995286,0.8961308828316217,0.9134191021410445,0.8802434988262273,0.6254873296405832,0.8377066325843304,0.9565542091652744,0.8669631681563255,0.7109386907833091,0.7521357771523611,0.9933095589619414,0.8617648189380362,0.9933420354238605,0.7416184867328104,0.9172347260035336,0.6141518852487868,0.4874042842460762,0.8696642492046922,0.893616576752523,0.9172347260035336,0.9184016309221845,0.5248783903203349,0.9134191021410443,0.798555937925866,0.8464976705745089,0.9061873961293252,0.8392374849683437,0.5114478848581485,0.8929489608197008,0.9061873961293254,0.9465146323386671,0.6173318365936684,0.9172347260035334,0.549572823393141,0.6989582597825383,0.7730117451851704,0.8823556515563573,0.992202279970581,0.8993922310882434,0.890375224309939,0.8929489608197012,0.9097421633544907,0.5567808237645808,0.8334162252912932,0.9061873961293252,0.8616681034607234,0.9662972267829529,0.6506908762501329,0.8273916766828402,0.8494484010540989,0.7836855706584358,0.865520701043553,0.7291217951617118,0.7669388152455526,0.9212094218042226,0.8308103710244636,0.9212094218042226,0.9156189095742933,0.7736452528338296,0.8206574710503429,0.9061873961293252,0.8993922310882436,0.547069765197074,0.9696769519198195,0.8642985447139286,0.9172347260035336,0.9997376336428514,0.896130882831621,0.8993922310882436,0.8751860185986189,0.9172347260035334,0.9253688519211307,0.8229279382562933,0.7001742283648078,0.8998328740391308,0.951525861158216,0.65094615509999,0.6611481652587348,0.9064840699954801,0.6703706602683053,0.7195217288146114,0.6905402417772547,0.49879016844675783,0.7591734966865731,0.5168453022490631,0.8455359267455904,0.9253688519211309,0.5707985876349686,0.8392374849683435,0.5630370346056579,0.8898393963217797,0.8961308828316217,0.8961952406152165,0.7730117451851699,0.5114478848581485,0.6562446782117026,0.6576147083310335,0.8993922310882436,0.6494740416860316,0.7603437341586003,0.867395220591731,0.8872071589200898,0.936537770653219,0.732333759738029,0.8993922310882436,0.8993922310882436,0.7651393254994567,0.7858470894581022,0.7209514311750649,0.8993922310882436,0.9686270243184087,0.8993922310882434,0.8728920970887104,0.796394760330013,0.537693775236818,0.9372344714402792,0.8489613700399667,0.8780124908814335,0.6846858119514416,0.6366199705796195,0.8993922310882436,0.7646343017371668,0.8593962429851332,0.5819998447612955,0.6090006244764885,0.9024306604322356,0.7792006559286551,0.9061873961293252,0.5229479396416788,0.8993922310882436,0.6148737379624087,0.893465545817623,0.7373179161501345,0.8321860107523522,0.9801945723164651,0.6824632817846041,0.8867960431767519,0.8993922310882436,0.9709098918537328,0.7473763231178905,0.8993922310882436,0.9558999508245036,0.6237652970550922,0.7217430876550326,0.6506908762501322,0.5240377041721416,0.8993922310882436,0.8850203818558393,0.6950668663400099,0.9568407342490961,0.8123451119506255,0.7334667353288882,0.9775067194484539,0.4840022411389113,0.815590644811135,0.9061873961293254,0.9849570992606981,0.5582837991363538,0.9031200523835077,0.5116291427868238,0.8071790100819765,0.7626277832154538,0.9740168722867643,0.90974216335449,0.893465545817623,0.8993922310882436,0.9172347260035336,0.8272188776420608,0.6107582000304328,0.9236102206896848,0.884359656598322,0.8929489608197005,0.7153430530658084,0.9807840195689514,0.8929489608197005,0.9134708556523619,0.8993922310882434,0.9171102496467269,0.7604610718492966,0.8319650172278279,0.9922022799705807,0.44972205308058744,0.9839553731674051,0.8838135174053028,0.9338358212159397,0.5598442985173837,0.8780124908814335,0.9212094218042226,0.8813259966981166,0.9340990416559534,0.8064907104924681,0.8966164956581812,0.8780124908814335,0.8072801833126311,0.9465146323386671,0.8392374849683437,0.9812252964426875,0.9928287916704105,0.8998328740391308,0.6323451910408429,0.9460546403839525,0.38999958078606345,0.7001058017664255,0.6550260363781477,0.8116963900427683,0.9247323722236849,0.6240889377731591,0.804239333663602,0.7839803582266722,0.930001498873569,0.9338358212159399,0.6553145141428838,0.9460546403839527,0.7239646794743269,0.899832874039131,0.8567883809445207,0.6400223224260077,0.9465146323386671,0.7979758437920639,0.7145432447508675,0.8872071589200903,0.9533596837944667,0.9922022799705806,0.6931854399011896,0.3614004901961573,0.9568407342490963,0.8842971758754068,0.9247323722236849,0.8898393963217797,0.951525861158216,0.6299503038670398,0.8785401016887857,0.6712650546953512,0.827509656271578,0.8961308828316215,0.8961308828316212,0.6646213661058922,0.930291721882051,0.8898393963217797,0.7647821602613929,0.8993922310882436,0.9134191021410447,0.8993922310882436,0.8993922310882436,0.6443591405057475,0.851153796957036,0.8392374849683435,0.8993922310882436,0.5050060161173813,0.4141993003807042,0.8567883809445205,0.8147521882771813,0.7843075457081259,0.6318577005537618,0.9432185749403661,0.9919812383965743,0.5778420430823502,0.7725629594732918,0.9218849492808139,0.9134191021410447,0.382719691028631,0.6929144543344956,0.6235213286887907,0.8514489788174839,0.9208601429117476,0.7491329182845522,0.817131544756334,0.9134191021410443,0.7942406984776218,0.9061873961293254,0.8468337236578865,0.8027948963261117,0.9559231506618935,0.8724042835510755,0.6864550682425958,0.8489613700399667,0.5233031273632017,0.9125853346219001,0.8673952205917315,0.972830895242649,0.9418510134399245,0.902741203339785,0.8542071110265856,0.5475978184749875,0.7001058017664259,0.9933095589619414,0.7706007629746172,0.7961238205610733,0.8687839255394074,0.7814447919110761,0.9329016612088761,0.5819998447612954,0.8539618916939773,0.9253688519211307,0.615444028528344,0.6415606211324426,0.8581555195360443,0.6270567194492793,0.8780124908814335,0.7919893838778073,0.8853634148492775,0.8993922310882436,0.90974216335449,0.46827856897748454,0.9372344714402789,0.7978360964797413,0.9418510134399245,0.928740772909276,0.8539618916939773,0.6655491115674657,0.9031200523835077,0.5177904987068875,0.9212094218042228,0.5911358571865419,0.9887777901528663,0.8465679974190512,0.9287407729092754,0.9889883423817387,0.6678999840892441,0.8567883809445209,0.8998328740391308,0.7279628188728537,0.6306017692185146,0.6248661775708375,0.849682037548418,0.8646979598369935,0.5225707180099066,0.7251207994787028,0.8514489788174839,0.9212094218042226,0.8751860185986184,0.9807840195689514,0.6807626054757945,0.9250683789663096,0.6469736302383,0.8961308828316217,0.6124044423331082,0.702291159445205,0.9752737206364959,0.9083631176583182,0.8115219504052802,0.8368572865027599,0.83449531009486,0.8966164956581817,0.8629251931757834,0.8514489788174839,0.9057276216233505,0.8851507230512402,0.8808870709207706,0.9567860036593586,0.9097421633544902,0.9752737206364959,0.8993922310882436,0.880697291476508,0.7334421254231445,0.6757379896147804,0.8416368978310873,0.8993922310882436,0.6945384310001405,0.6522651642843793,0.9346820333843546,0.8464976705745091,0.8094833764446472,0.7856879905096839,0.6058218911921451,0.8847959699826584,0.8565016117177144,0.8824828972729086,0.6260081159477114,0.804239333663602,0.9134191021410447,0.8295844697893859,0.8582156400242074,0.9061873961293252,0.8321506231964106,0.9253688519211305,0.9679337912401467,0.8929489608197012,0.9253688519211307,0.883813517405303,0.8590697626746646,0.9372344714402789,0.7217430876550333,0.7709128636729372,0.9469207829576383,0.8357120864475067,0.7708756350468664,0.7442016478995601,0.6713817423381176,0.8961308828316217,0.9097421633544907,0.8898393963217794,0.8961308828316217,0.8961308828316217,0.9156189095742931,0.8993922310882436,0.7612308446591676,0.9533421115494247,0.8993922310882436,0.8696642492046924,0.8042393336636018,0.9172347260035332,0.9061873961293254,0.9997376336428517,0.9801945723164651,0.8961308828316217,0.7592313963373907,0.6331636604082482,0.9338358212159397,0.45341094145386274,0.8993922310882436,0.8161539917768375,0.9061873961293252,0.8696642492046924,0.7081581410477831,0.8183996995703311,0.9172347260035332,0.9417626114543682,0.6553432104484576,0.881426138692631,0.8751860185986184,0.8993922310882436,0.9461095570705992,0.8701259118167615,0.9056312245600875,0.6845457758979159,0.8808870709207712,0.9172347260035336,0.8616681034607223,0.9465146323386673,0.8392043814442112,0.5529001534063354,0.8993922310882436,0.8993922310882434,0.7667244059335219,0.6520321555681022,0.7299566337030396,0.8898393963217797,0.880887070920771,0.6780607666429177,0.8929489608197005,0.7626956412344161,0.5653867290544494,0.8993922310882436,0.8993922310882436,0.9029766373026851,0.7162916222188804,0.851888756266141,0.7959944208079447,0.45399870997808234,0.6506908762501322,0.6829140837866348,0.5138464883463463,0.866963168156325,0.5281796615161869,0.8993922310882436,0.89076616513903,0.90974216335449,0.6254873296405832,0.6655491115674659,0.9172347260035336,0.6071415690955972,0.8993922310882436,0.8993922310882436,0.571176825959016,0.8993922310882434,0.5709908588169599,0.9099317521606789,0.716774335194323,0.8007246376811596,0.8843596565983227,0.8007246376811596,0.49433039435186754,0.721809254978051,0.8993922310882436,0.8321506231964106,0.5314102610801912,0.902741203339785,0.9469207829576383,0.8963144756469557,0.8997401012619191,0.9402605367450523,0.8368572865027599,0.9801945723164651,0.7570668080200509,0.8993922310882436,0.6210480027864969,0.9365682876192555,0.0,0.7479800410617918,0.7334421254231445,0.8838135174053028,0.8116963900427683,0.7104911254501556,0.8260511052106428,0.6448406097663419,0.3972013691071943,0.8898393963217797,0.9686270243184087,0.9520753766313144,0.9517995480250121,0.6603053231389804,0.7142045564119803,0.9329016612088765,0.5734310573796777,0.8873412224047774,0.906063896440741,0.9222645694136715,0.9752737206364961,0.8567883809445207,0.9249165419327742,0.9253688519211307,0.8072801833126306,0.8673952205917315,0.5225610188499513,0.9870810478556494,0.9212094218042226,0.8780124908814333,0.7708756350468663,0.6846858119514416,0.8867960431767523,0.9567860036593586,0.8873412224047774,0.6201320456270696,0.746066123628965,0.7036781651924335,0.9627319675460844,0.6980531769232247,0.7234323708177952,0.8993922310882436,0.7856879905096839,0.8993922310882434,0.7655039672351773,0.6046145530539158,0.955116866832538,0.40628875476878135,0.7504552168630467,0.8993922310882436,0.6653813858282465,0.631857700553762,0.8588181272853626,0.5146313541244956,0.5202715343255946,0.4951482461104886,0.90974216335449,0.6178278134546586,0.9197474280620401,0.8593184666582745,0.6410127462206583,0.9031200523835075,0.6893393476095597,0.9253688519211309,0.9031200523835077,0.8993922310882432,0.8418533304885532,0.8903752243099388,0.5987766382457143,0.9250683789663096,0.6248661775708375,0.9492388075036136,0.8961308828316217,0.6392521485180773,0.7432996237289626,0.7942406984776225,0.5819998447612954,0.6099237218354671,0.8993922310882436,0.5568485627180839,0.7292838755700908,0.8464976705745091,0.8993922310882436,0.4918834531833952,0.8867960431767519,0.9172347260035336,0.8724042835510757,0.8961308828316217,0.7131641954204069,0.8934655458176233,0.8178918366715657,0.8590697626746646,0.8881595054994069,0.9031200523835077,0.646034953341355,0.8993922310882436,0.892775984356814,0.8993922310882436,0.6752318008799825,0.7208595115435923,0.6296575543171219,0.6254873296405832,0.9363572562098184,0.7556136647941971,0.508356392911663,0.8464976705745091,0.8993922310882436,0.9425072522847004,0.5544912641592559,0.7746889276056916,0.9327223474313893,0.8321506231964104,0.951525861158216,0.8514489788174839,0.8034882424102872,0.8593962429851334,0.5004379622451308,0.6262282107952426,0.8593962429851334,0.8464976705745091,0.9097421633544907,0.7931008126567503,0.8593962429851334,0.6254873296405832,0.8642985447139286,0.9801945723164651,0.7931008126567496,0.896130882831621,0.8569575328025556,0.8696642492046922,0.6110331299895715,0.8321506231964106,0.9645515900483717,0.46301952110802713,0.7938464463486739,0.9935567820366137,0.7389563737676204,0.8119041342084294,0.8464976705745093,0.8050863112719076,0.5830332541965932,0.873025737693885,0.8183996995703311,0.9190823451591559,0.6680233073997985,0.9465146323386673,0.5530692639936259,0.8952944395201965,0.9122177014789301,0.8843596565983227,0.5161458748655378,0.90974216335449,0.9134191021410447,0.9452945222517783,0.37701470615817323,0.8095519676418688,0.9123820951287549,0.8514489788174839,0.992020259049812,0.9064840699954799,0.37573391927214417,0.8993922310882436,0.7257257156888662,0.8359309706791032,0.8275096562715778,0.4941796541249661,0.9657464173593715,0.9134191021410443,0.941079384442943,0.9576332886921308,0.34819242548631424,0.9945183240274951,0.8814270131992579,0.8661396574440055,0.9709114698674371,0.9063868387644661,0.8808870709207712,0.8476495202418781,0.9329016612088761,0.9529227697865362,0.7979968624751768,0.9061873961293252,0.902741203339785,0.39668328796103747,0.3634731316252563,0.9868418685480091,0.8851507230512401,0.5384829298534042,0.7886450621342291,0.9287407729092758,0.8929489608197008,0.6035918561357382,0.930001498873569,0.8072801833126311,0.9061873961293254,0.4303372129677465,0.8696642492046922,0.9134191021410447,0.5632389628136308,0.9551168668325378,0.9807840195689517,0.6520321555681018,0.6444052981390107,0.6752318008799825,0.7573327299257779,0.9134191021410447
p288_L,0.9255211759715434,0.7705828173769029,0.9635521432984312,0.8498946509456329,0.9714711165829839,0.7472588339866417,0.9928847369025506,0.9859868080727512,0.75905706010639,0.9003549758958829,0.6973505967128952,0.9645517397662573,0.9325806930704288,0.8039963871701175,0.8121393523352339,0.7827993196641285,0.8055962147755376,0.8791004137164211,0.9346991012692376,0.8522762517656468,0.8948790039760577,0.5992193307820299,0.9477167671000974,0.9448543512076255,0.5863836912613798,0.8283808154149446,0.8966112825397483,0.8339903731560385,0.8110481230425687,0.8289263766017968,0.8356850887033105,0.9948414129025824,0.9160683440343413,0.9959203550120173,0.9714711165829839,0.7503340866377597,0.6819387579874749,0.9950786342450839,0.9056153321941816,0.975266275499042,0.9486795719980374,0.8317507166547384,0.9208217508962298,0.9077955077502438,0.9876263503039594,0.8044336165219462,0.6978837968928151,0.7507328041230001,0.45110737609002116,0.7651380987955885,0.9585117888760866,0.9182714892950192,0.8537406145656827,0.8530610496352258,0.8568329962206249,0.8955115304598658,0.7357711623142871,0.8727631680356078,0.7727821719393315,0.6374676638127299,0.8044100068128901,0.9229583052525003,0.9180211930776747,0.8048563636130739,0.6564522182142551,0.895025951194957,0.8598400909914352,0.7791289227807978,0.8990052068031981,0.9078174926842607,0.6985564986395936,0.8500140913646179,0.9627235843854319,0.595068114303283,0.8727631680356078,0.9790407433068322,0.9567358106032482,0.9523258717107131,0.8190061033584661,0.8340402924414356,0.9910129560675491,0.7713730779424539,0.9108285080080125,0.828380815414945,0.8727631680356078,0.7904360114000152,0.8489945637528106,0.6817488671455874,0.9908685063940654,0.9006096463746007,0.8727631680356078,0.5656311650363277,0.8641329281788616,0.8225670307694062,0.9347085758472906,0.7698317489922795,0.5973804054915116,0.9461588401075343,0.6646052964702005,0.6760254670191408,0.5637030856088916,0.6628205208659987,0.9956262339012238,0.6669577029798579,0.7354838978799578,0.671592383614509,0.571134065301505,0.6200342250193593,0.8693626884146954,0.6593816857842423,0.5592230918612678,0.9619881248738482,0.6309330664017381,0.32918103376442953,0.6277572448391834,0.6266947183505138,0.7995332891452004,0.8953282497576123,0.9923967906489757,0.7227011538865518,0.9287856638263576,0.6757293049893265,0.9782134124794803,0.8581013715350374,0.7658623981732471,0.5289606866099867,0.6819387579874749,0.921065896223911,0.8116509333629449,0.9162544971208777,0.6977589641434259,0.9865467188658443,0.968828963070922,0.9490060614215785,0.593227723325713,0.8127396166392196,0.7478736210491688,0.968828963070922,0.7145215948854529,0.8957343462573435,0.8619820479608096,0.6873637368733326,0.6766781705845515,0.8617394114016961,0.7342092988856571,0.7966501797297616,0.8772658168748417,0.7245389665782285,0.8250541437737122,0.7343057486582718,0.7698199943194896,0.8441523565642295,0.7232181416936134,0.7878636085702628,0.8598400909914352,0.8500140913646184,0.4885007793228858,0.8271829750299327,0.9226120229097572,0.6407956678701945,0.7834019013412445,0.9082634530537086,0.8238344375272355,0.6754003943004818,0.9771303004174355,0.6896967416281506,0.857842209956795,0.7970093785279522,0.8869484401687344,0.854505353679667,0.8728437828333909,0.7796798866671171,0.8463492228297527,0.7649145133083632,0.9796850197540901,0.7661327489744284,0.7503340866377597,0.7577573784729636,0.6851695928214117,0.8912241108329269,0.7997348508545379,0.8452732898532465,0.8095146237594562,0.8686385996787724,0.7726970865399999,0.546859187756171,0.7540006996882742,0.8304704798918565,0.8530610496352258,0.9716987571027211,0.9890939442433289,0.7981512331969705,0.8359391396363702,0.7705095824559616,0.9173935449277273,0.8727631680356078,0.9109264520435436,0.8646144802620153,0.7698317489922795,0.7153608974473047,0.8917493191517127,0.8686385996787724,0.8727631680356078,0.8103008544449751,0.8271021160429064,0.9003549758958829,0.8727631680356078,0.8187524989321608,0.8734109709184206,0.8385341313485837,0.8758116201992755,0.7651898370568242,0.5878536064921485,0.8727631680356078,0.8257838854863218,0.8727631680356078,0.9588324528873109,0.9413774948352353,0.9228514749570089,0.8727631680356078,0.7312038293069545,0.8727631680356078,0.8608325248828028,0.9679092269673584,0.7979496700862896,0.8264645922050259,0.6277572448391829,0.6809289462908459,0.864614480262015,0.8141847448017359,0.8457245959495681,0.5199700474143212,0.5930494142628691,0.9598054649544662,0.9221821648495909,0.8996502345318771,0.8341370036484057,0.8532351339580109,0.9958213388417043,0.8909496349680676,0.7877239185135076,0.8606818700890229,0.5010611193936665,0.926854212252672,0.8727631680356078,0.8726280164569722,0.8727631680356078,0.7331139552701011,0.9123713980692957,0.8858525408230953,0.9877062053888919,0.6244667603631635,0.8769985528794617,0.7847793906970248,0.8040851393909492,0.5402966976136536,0.8390035272672387,0.7155889158557849,0.881356890785397,0.517030174907144,0.7443071754616724,0.730513711487834,0.8686385996787729,0.9282564559285413,0.7984357701294069,0.9056153321941816,0.7744663846210473,0.9368488037617961,0.8833160062725918,0.708716211668408,0.531956003169201,0.8858525408230953,0.8034574797564076,0.8755173631905204,0.8956046592515359,0.671592383614509,0.6007673566938261,0.9820008954719834,0.6139889991881087,0.9844190976032297,0.671592383614509,0.7053925111892214,0.6781519801675491,0.6942059751103646,0.914643130732415,0.6204033320680551,0.9164201668122127,0.9516461749785006,0.5595105014923458,0.6997073958033871,0.881356890785397,0.9082634530537086,0.5814206101297892,0.710963235126134,0.7794466361934516,0.8380713372148463,0.9377315833828164,0.9266570639012053,0.9078174926842606,0.7324050377748876,0.7007068519990783,0.7930669937893718,0.968828963070922,0.6326967100848457,0.8769973962519741,0.8381369010000772,0.9997737769100525,0.8556409588476663,0.7142032505899606,0.793589423197085,0.7797690083845505,0.7773155876062503,0.727216470283858,0.6473466144871745,0.6099103585657364,0.8110481230425679,0.8372454062875516,0.8522762517656468,0.5613378446528179,0.8305674447159646,0.9616023322340352,0.9514834428390284,0.8727631680356078,0.8858525408230951,0.9334431585534132,0.6390634024195574,0.671592383614509,0.9282564559285413,0.7796798866671171,0.8727631680356078,0.6135963722775757,0.8953282497576123,0.9490060614215785,0.52387900754102,0.5124317738215447,0.5090662800185455,0.8858525408230953,0.7301802703099338,0.6079392005855553,0.885723182439538,0.8568329962206254,0.6941703517172229,0.881356890785397,0.9073719949449843,0.6538892644325798,0.8530610496352256,0.7760601551016035,0.8774310216688326,0.6670635793976571,0.6056120246863339,0.6697559155408073,0.6539044351685208,0.8686385996787727,0.9025547245715908,0.6233288493106284,0.5880795274561028,0.6340295008339429,0.5581093891884847,0.8727631680356078,0.7575278679614597,0.793676350763032,0.5955853548879386,0.659103073135714,0.9003549758958829,0.7637539819484545,0.8727631680356078,0.8727631680356078,0.8250541437737122,0.7981512331969707,0.5835784062468012,0.8727631680356078,0.7698199943194899,0.6007944397117195,0.643352463955813,0.9771303004174355,0.784657715852698,0.8311129863222636,0.749361945656605,0.8212417600893902,0.6835122235621258,0.7368399101841812,0.8727631680356078,0.8700309319255085,0.5381426417867574,0.5957960907840976,0.588429157791748,0.7261170042198817,0.6102395876978256,0.8813568907853968,0.5742903712376459,0.8727631680356078,0.4715812837054021,0.740502599022509,0.8983018684352593,0.9413259401814151,0.9109264520435436,0.6729504526895366,0.7581372429902181,0.8727631680356078,0.8697217142682012,0.781557729466063,0.8727631680356078,0.994943698539444,0.9113449305699222,0.7799305874293456,0.5702611872078499,0.5472893416535736,0.8727631680356078,0.8284197411187777,0.9035421566621946,0.8829747595909112,0.6952240257598175,0.7573858696045939,0.8075764590608756,0.7703333732535167,0.8147053568412124,0.6277572448391837,0.9334659979726352,0.7155908458851163,0.840891149261408,0.7082723246311857,0.538007129713345,0.9806897319027378,0.8653384016821963,0.6418623468324616,0.867301594776199,0.8727631680356078,0.9346991012692376,0.9844190976032297,0.9622564732226944,0.9060211977349428,0.7939325855661878,0.864614480262015,0.9506973122541393,0.8515782538078839,0.8646144802620153,0.7823423550455006,0.962723584385432,0.8574342326817965,0.9303032011099998,0.47860656462728146,0.9740699527808632,0.6303514626246034,0.9003549758958829,0.9442856479866896,0.7340655314227194,0.885567644148499,0.9844886142666684,0.7285918655964114,0.8335239914314283,0.8772915445392941,0.9279239535391766,0.883316006272592,0.9012302032764079,0.8752645110565282,0.9082634530537086,0.8630978149114679,0.7970093785279521,0.977036427068225,0.8876280847564644,0.8806914603481166,0.906021197734943,0.8592399763772833,0.6536296727663564,0.6279055478618047,0.8046026990924181,0.9876263503039594,0.7069054739771419,0.4108442094230208,0.8976648982890321,0.9138587645488552,0.918751210601541,0.5621879433864884,0.9343517838458117,0.9411249336781613,0.8351667251716828,0.526779662247185,0.5536305719011907,0.8381369010000776,0.9452567254108797,0.8359391396363702,0.9436577727083665,0.8806914603481166,0.9078174926842613,0.7256074649288965,0.8555746847642485,0.9660102128246508,0.9278531842360561,0.9516969378532334,0.8662729266183449,0.968828963070922,0.8953282497576123,0.693217157817224,0.5184277219840576,0.9242832436408466,0.6517956998838056,0.9965227864620851,0.6009967154823828,0.8877428430141172,0.8606818700890229,0.7304216070228193,0.8727631680356078,0.6564522182142566,0.8727631680356078,0.8727631680356078,0.5748734668956192,0.8386319972225242,0.4727894845857844,0.8727631680356078,0.5226147223237063,0.5935387881163021,0.9552149242717523,0.6443855934889657,0.9384520238263541,0.7299686419081653,0.7522657762613482,0.7562707214632038,0.6288824838062466,0.9654609603382258,0.8385341313485835,0.8905026990324321,0.7936763507630318,0.6979870085046482,0.6391640346642262,0.5283329440994111,0.9950786342450839,0.9797861897613426,0.7483343018441637,0.7319597320064744,0.5176955414147791,0.6277572448391836,0.5426062357136625,0.8734773996129876,0.9864465855082984,0.8653384016821959,0.6510311109639306,0.7493619456566041,0.7646676570615496,0.8386319972225238,0.9117013364779587,0.881356890785397,0.8457245959495681,0.9787822503717074,0.7275793894745377,0.6574097408836943,0.6536296727663564,0.8858525408230953,0.8589860977746613,0.8606818700890233,0.9272393930769662,0.5616423830237423,0.8116509333629455,0.609910606445081,0.9585886436865689,0.9642124801236271,0.544443345106447,0.797149123373621,0.7562707214632034,0.6376040847316411,0.7657361527625505,0.867701247025807,0.8940942541318235,0.8727631680356078,0.6418623468324616,0.9638938873058052,0.9056658175513999,0.7470097508737334,0.8457245959495674,0.8646144802620155,0.7309704744028132,0.5994187313474881,0.97442317155977,0.5391647781163365,0.9759606379348817,0.5252937324879372,0.9523258717107133,0.6655167948102201,0.864614480262015,0.8173725908039344,0.8012592517294674,0.933793161170524,0.5615276396033269,0.8152139444864432,0.7677793715851247,0.70071402030334,0.657630196885175,0.9737832649952589,0.7093830880372571,0.6047564567727234,0.8121302010293372,0.7285918655964121,0.6408090532937716,0.9109264520435438,0.866803900640242,0.8920208989559335,0.7316564454969656,0.8686385996787729,0.5746332016211855,0.7091517951953343,0.8774310216688324,0.7648116830407916,0.9433267290805243,0.7685471883559651,0.7979496700862895,0.9348812958904453,0.9963373251828489,0.4341133934035183,0.8693626884146952,0.8205287945313133,0.9343517838458113,0.9006096463746005,0.678191970858957,0.7906495632140388,0.8727631680356078,0.9737832649952589,0.7920180496974955,0.7594936832386443,0.8195459497216218,0.8727631680356078,0.8631591090855992,0.7410610811210334,0.8044100068128892,0.758098123394602,0.967283728259544,0.7645916541673787,0.7536530626198397,0.7448448818691593,0.8908193954775397,0.6988106212953539,0.671862417916737,0.9779501059205149,0.694205975110366,0.6619428035679525,0.6866088546841743,0.8381369010000773,0.41967084674104393,0.9056153321941813,0.9634845029110538,0.9486663237660142,0.9208217508962299,0.8530610496352258,0.8340957775745131,0.6665997387433036,0.9751395510021195,0.9075197790213485,0.8953282497576123,0.872763168035608,0.9567358106032482,0.6175457586023662,0.703869517110906,0.8686385996787727,0.9585117888760866,0.8910202260104263,0.8686385996787727,0.9006096463746007,0.818823634877951,0.8727631680356078,0.8606818700890229,0.9879508229556684,0.8727631680356078,0.8762957971120173,0.6984704139672394,0.9471883441958859,0.6277572448391837,0.9282564559285413,0.8769985528794617,0.8686385996787729,0.5888178087402047,0.6601020622831066,0.838631997222524,0.6316646917677613,0.8727631680356078,0.4709260853599534,0.8381369010000776,0.992550803926028,0.6954431836475816,0.6029088456173155,0.8684466411726349,0.7497945563156392,0.8693626884146952,0.8266843456643826,0.8965753694308916,0.6995023882590949,0.8948327340196496,0.8572217854755914,0.8816562592090107,0.8349017225797861,0.9806564578215821,0.8684466411726357,0.4760673236809264,0.6978837968928152,0.9719659850677109,0.6794907442152804,0.8727631680356078,0.7653076872906787,0.882407744656424,0.9003549758958829,0.7367444252678046,0.6235660792471173,0.9239952855998443,0.7640172828287137,0.864614480262015,0.6747489177832605,0.6300138616664199,0.8727631680356078,0.8727631680356078,0.9331919358622016,0.5700060428106692,0.7007285685658748,0.8869515853557735,0.6881278388391108,0.8293569012956492,0.8031063068137302,0.5837455694960689,0.47211787350424095,0.6750586028022769,0.8727631680356078,0.9226233079465143,0.6418623468324616,0.9056153321941816,0.7023631412263556,0.671592383614509,0.6799703995004376,0.8727631680356078,0.8727631680356078,0.5889883709034685,0.962723584385432,0.6657286925482411,0.7657361527625506,0.7653852923536979,0.918609008715638,0.9396286871775941,0.797009378527952,0.659270473907041,0.5771761817998653,0.8727631680356078,0.6338884777533269,0.5430919783599291,0.6819387579874752,0.9346991012692376,0.9087874373277078,0.9199979503711594,0.9407803521268683,0.5277701348714129,0.9448543512076255,0.8347879700373176,0.8727631680356078,0.5950681143032832,0.6591030731357141,0.7479800410617918,0.0,0.6628890605250506,0.8530610496352258,0.7618558185160493,0.46956886061368575,0.8905026990324318,0.6707700779623536,0.7184405184295641,0.8606818700890226,0.8935043804887246,0.9435631620645475,0.8537406145656832,0.5601794546341099,0.8858525408230951,0.8686385996787729,0.8728887199082462,0.8955115304598655,0.9552149242717523,0.9614464581404114,0.9056153321941813,0.9123713980692957,0.9208217508962304,0.9490060614215785,0.4680139785783378,0.8221170985444857,0.7769061469474408,0.8727631680356076,0.8935043804887246,0.5714665271186097,0.8734773996129876,0.5361740322809212,0.8568329962206256,0.8686385996787724,0.9446738380899786,0.7526748792429037,0.9194340521360471,0.8318071521491335,0.9250092890273327,0.6445985930575995,0.6295451221194943,0.8727631680356078,0.5113692134551318,0.872763168035608,0.6007319816951275,0.9003549758958829,0.8317507166547384,0.835166725171683,0.5988049078122161,0.8727631680356078,0.5106479603104863,0.5301721684293914,0.9400894443412462,0.5422013475620142,0.5658607806433105,0.5314596675920682,0.678191970858957,0.5980903508943367,0.9337414456141699,0.8276248811031206,0.5701678512232804,0.8141847448017359,0.5499989541559913,0.7906495632140385,0.8141847448017356,0.798210336806472,0.9347739313458223,0.8504665375445132,0.626095658833806,0.911413781454895,0.557434212262272,0.9298209348696398,0.8686385996787727,0.6794907442152804,0.6679801430398389,0.8889578106978209,0.5675670594621303,0.6066627257749602,0.8727631680356078,0.5267627632374556,0.6897994943969478,0.8957929147211486,0.8727631680356078,0.6139348204015094,0.9654609603382258,0.671592383614509,0.9744231715597699,0.8686385996787727,0.9905629447639941,0.9298200120178974,0.8649840698718236,0.7111900084992316,0.7039988103155685,0.9454576150612133,0.5782269341046378,0.8727631680356078,0.9880720921332702,0.8727631680356078,0.8953282497576123,0.6941002436455935,0.7450233180963168,0.9056153321941816,0.8630683723294561,0.954501009164005,0.8406815425872374,0.5056576726292668,0.8727631680356078,0.8597393834661409,0.7835569704764302,0.8836910390583947,0.6696622701432509,0.8091456816147371,0.968828963070922,0.8121302010293374,0.8089841670456621,0.8556409588476661,0.7680587883414347,0.5216052533652338,0.8556409588476661,0.8976648982890323,0.8858525408230953,0.9202647648232504,0.8556409588476661,0.9056153321941816,0.689783000721033,0.9448543512076255,0.5010611193936663,0.9965227864620854,0.8554740499191071,0.6664503587728906,0.7470507816018563,0.8481061087656112,0.8943039581807526,0.7847793906970253,0.8749740389555236,0.8686385996787724,0.9012302032764077,0.7723651315968878,0.7580981233946014,0.8616322846853971,0.8335145370358652,0.8828803690322082,0.9927312955896723,0.9003864327263246,0.8769985528794617,0.662820520865999,0.9651755203893082,0.917595188004628,0.9150410979553778,0.9877062053888919,0.788930693861559,0.6418623468324617,0.6564522182142566,0.91567392234456,0.8391883044901778,0.9160874982329127,0.9906757581594832,0.6461073824692773,0.8469884850340106,0.9945739065043233,0.8554740499191074,0.6995023882590956,0.8432763856374292,0.81670552342312,0.7773521511080497,0.8080296387308383,0.8524731120325346,0.7319597320064739,0.937668374937708,0.9062939074512162,0.8283808154149443,0.6842427910899236,0.683210338724257,0.9944441054506805,0.8592102542931903,0.9782522793867701,0.8390035272672385,0.8512173129729856,0.9325806930704288,0.9467463911740984,0.9463798951831321,0.662820520865999,0.681938757987475,0.7507174988746785,0.818520174788403,0.9433267290805243,0.9347739313458225,0.7531282908438883,0.8983822148191001,0.730827261798715,0.6685875298080586,0.7124011921849367,0.7976037577348449,0.9528360410523747,0.6628205208659991,0.7569964888030931,0.5615276396033282,0.694205975110366,0.7498576169192002,0.9606639406993716,0.7497945563156391,0.9415831046189613,0.8526665939023921,0.8953282497576123,0.878329467266183,0.694205975110366
p288_M,0.6770120349704432,0.9864745385611291,0.5126479340448622,0.9374906019231676,0.8654234385275941,0.9423718464384099,0.8710093005985191,0.9287706969378038,0.745158128654059,0.8946068956234314,0.9233319335497214,0.8610609420833562,0.8610609420833559,0.8035707911566198,0.8432442067637176,0.9468805610046563,0.9411650622106333,0.5402409416491679,0.8809609359529109,0.9850995955881403,0.5249776781082988,0.8638170757873311,0.9888569754504476,0.9029008905962475,0.8859776001488879,0.8184808644825554,0.8227820358708173,0.7996720111682836,0.9748025681490502,0.9913324624759932,0.8700201754307277,0.8792678792793371,0.6905346562871213,0.7849582917836873,0.8974240433030012,0.8892901999095582,0.9029008905962475,0.7769517221776969,0.9001706985868916,0.6995245778216352,0.5843145537946726,0.8471209594283744,0.9732258578585534,0.8101001254859259,0.8522886486106361,0.6353141957397936,0.9086148915839569,0.7735043561911934,0.8149622918828372,0.7133285666562676,0.9499351329637569,0.41744816650823113,0.8184808644825554,0.8445847921458005,0.9637970801505742,0.6386466475374417,0.8593011531886738,0.8654234385275936,0.9591988932231847,0.9173380835801881,0.7510923761072201,0.6384454607867798,0.8184808644825563,0.6211925711342499,0.8841862845276727,0.6198020682254783,0.9793976133518234,0.693975489593484,0.81354488705858,0.9192524133091662,0.8999647331880951,0.5781462952477535,0.8974240433030012,0.5692238092786435,0.8654234385275936,0.4296427426441898,0.6773198616110601,0.8286830827853717,0.5601339106602794,0.9732258578585534,0.9508858206235999,0.927704426827068,0.916641226147346,0.7375573089932526,0.8654234385275936,0.7924509754075353,0.9447929103640857,0.9628803298704303,0.7902972440390854,0.8610609420833555,0.8654234385275936,0.9172511268601798,0.6177901399138368,0.7512607575138661,0.8278795688042413,0.8106550291846102,0.8578692333498975,0.5593341488929932,0.5650387637397905,0.6041068197960278,0.9071156483576153,0.9086148915839567,0.7505693041675248,0.965098094635087,0.9594121945749923,0.8892901999095579,0.9535368524032443,0.6010491134557459,0.8595109701694224,0.5609914739788118,0.89016435067796,0.9975757535687355,0.8083116272465884,0.7799463891987288,0.8745128950949936,0.7006366658686258,0.9572119050078478,0.9275816772658132,0.8044212664524799,0.6391630416357421,0.9121736208807922,0.912904649299422,0.6905563201796621,0.8242019412108892,0.9595382222553481,0.9580155645944115,0.9358986372211366,0.8475280248608511,0.892155484456858,0.9953421419088956,0.6789212043420338,0.8526711329933014,0.8027294791407742,0.9001706985868914,0.8526452239911775,0.6449021456279993,0.9102158713513626,0.8380631059829845,0.9146015061215469,0.8568046890338217,0.5191201199241526,0.8946068956234314,0.8463211644880351,0.6693714093517579,0.9028988567399351,0.7631420569200908,0.7869855979665701,0.5815905594964124,0.8149622918828374,0.5800004550005251,0.9748025681490504,0.7510923761072199,0.9813561295735616,0.7159260020299607,0.9499351329637571,0.8149622918828372,0.9370975990675392,0.4852965437221327,0.7425267705939405,0.9172157921744066,0.9055618921184196,0.8867731294822644,0.9447378188006483,0.5867619002576145,0.5815623784503966,0.9055296718275332,0.8321554315708541,0.7871436491623482,0.7308381679303197,0.6489908818735821,0.9598105703842588,0.983466346049135,0.9549301435265565,0.9948818417063781,0.8382566492785486,0.9133172072771273,0.9275816772658132,0.9276144109165838,0.8752960679166459,0.702951830135718,0.8294728287747772,0.8775973526464318,0.9310228959420861,0.8610609420833562,0.932137761611758,0.8159550527595286,0.6696044926918323,0.7392764565136445,0.8445847921458005,0.6594506532781463,0.8870713863070048,0.8782364734610337,0.5537181273766234,0.5806240314802831,0.9783380885610554,0.8654234385275936,0.8699031439713583,0.7799949436879796,0.7735043561911938,0.7005629518975793,0.7309200098221507,0.9232500268303598,0.8654234385275936,0.6384840817157544,0.49806250556036225,0.8946068956234317,0.8654234385275936,0.8456261871042374,0.775478651203112,0.6991845409765629,0.6666645319136786,0.7727274632304015,0.8610609420833562,0.8654234385275936,0.9359802390503916,0.8654234385275936,0.5571274479944803,0.4406274026103376,0.4555175374600673,0.8654234385275936,0.9526282623691951,0.8654234385275936,0.8444460709317022,0.8905259931782392,0.779187535968598,0.6140047444513663,0.8745128950949936,0.5036150586677008,0.8568046890338215,0.9628827421694487,0.8638170757873311,0.82839795763057,0.9180284065916657,0.6983171679651372,0.7320622254563549,0.9731492381303981,0.9552604924886272,0.6165076090867225,0.7451698957881401,0.775478651203112,0.7754786512031115,0.8821518367309957,0.9298926051520392,0.887071386307005,0.8654234385275936,0.7799334897909236,0.8654234385275936,0.9202619527417912,0.7036595149605431,0.9146015061215471,0.9493973120086683,0.5448007410492999,0.9029008905962475,0.7723642666134913,0.9552226199743181,0.9120774097557222,0.911344744007007,0.6476843120908968,0.8745128950949936,0.9407714209604605,0.6374419962213222,0.5873017827744207,0.8921554844568576,0.9576237171356043,0.6694088404481482,0.9001706985868916,0.8312688586219394,0.8312688586219392,0.8721967584517678,0.9292955626205779,0.9110779868039992,0.9499351329637569,0.7320795688841821,0.6838754212831435,0.6040284897309947,0.8892901999095579,0.5894951660370724,0.813605332705956,0.902192875952611,0.8864034702094805,0.8892901999095579,0.8248753520186327,0.5774382163281566,0.8841862845276727,0.5005720421199022,0.9732295242324676,0.6821611505484857,0.655256789610873,0.5304537276127834,0.9173380835801881,0.6480591540595233,0.9208751259712274,0.47007646924365387,0.9275816772658134,0.6734823039346629,0.660785274807371,0.5391696205418468,0.9871433577188292,0.9275816772658134,0.9934258576292214,0.9606162309714958,0.9313284300538957,0.8380631059829844,0.517540335978905,0.8220753332779314,0.9549771224601906,0.6509732647920832,0.9681281923135314,0.6634179279223085,0.7997877798757163,0.761151061958343,0.9356221916667646,0.9717884566848474,0.8958328360876975,0.8721787687824152,0.9748025681490504,0.8021917049999054,0.9347047318862409,0.7849582917836873,0.796313124556566,0.6049704998146628,0.9086148915839567,0.8654234385275936,0.8792678792793367,0.8428421970076049,0.9911326859086307,0.8892901999095579,0.9322201339524984,0.9854391115773633,0.8654234385275936,0.9124442301283535,0.8892901999095582,0.80442126645248,0.9233463566073445,0.9592590049291174,0.8256582233292404,0.8792678792793374,0.6159089313874737,0.5838977642733667,0.9022893600153867,0.8485743256298055,0.5761725680546143,0.8745128950949936,0.8710790484922164,0.6337492884537523,0.8445847921458003,0.8031931318419039,0.9845729942899282,0.5025828976064712,0.978209627267857,0.48047144258619934,0.9411650622106333,0.8610609420833555,0.9220097886572965,0.8279648700363368,0.5165608326310933,0.5058388248558496,0.5807540474759729,0.8654234385275936,0.6578453633853705,0.9095068244184696,0.9842063621635859,0.8243519100830419,0.9347047318862409,0.5901486341653801,0.8654234385275936,0.8654234385275936,0.8149622918828372,0.7831805128846234,0.808269569856197,0.8654234385275936,0.8946068956234317,0.8654234385275945,0.9955494926935586,0.5270265393378153,0.49806250556036247,0.9614252528538147,0.8629196672942716,0.8932554204824055,0.5273303196774263,0.46508586278393693,0.8654234385275936,0.5828354240708897,0.9470711696703755,0.5592665820330363,0.5664037162232112,0.9985656766383555,0.9654125239665982,0.682161150548486,0.48730739791218647,0.8654234385275936,0.570687808270274,0.9842027681733586,0.809976505831971,0.6365149076733603,0.8699031439713585,0.5319711707639075,0.9497858539588497,0.8654234385275936,0.9053109278279716,0.6904320061090397,0.8654234385275936,0.9562189869136164,0.7321624174438932,0.7027938425358895,0.5654208606938577,0.4898517102674209,0.8654234385275936,0.9783056676154923,0.6788501927524269,0.9689388502564641,0.9509127147097092,0.8174133192813027,0.7540809830620379,0.7570849223819256,0.6974967774965031,0.8745128950949936,0.7671548502020802,0.7162663589447837,0.9369085088884497,0.6099338013307702,0.907186742644104,0.43642991591524805,0.829323391582558,0.8792678792793369,0.8362154926652952,0.8654234385275936,0.880960935952911,0.6430954225795128,0.6440937394369828,0.8406702723280854,0.9328144339468116,0.887071386307005,0.7739749690836064,0.9029008905962479,0.8568046890338219,0.9784397076974785,0.7825699089429315,0.9583177603456173,0.5296784835201656,0.9162588576915978,0.9275816772658132,0.5929899406009063,0.9347047318862409,0.8445847921458012,0.9072460914255558,0.7217830762863966,0.7582956961878146,0.8946068956234317,0.7425361558407098,0.8207290338114397,0.9172511268601797,0.9975757535687351,0.6773198616110614,0.7296749030471636,0.9086148915839567,0.7629077354965343,0.936271220790821,0.9832864666469104,0.7406454118049941,0.880954194781455,0.9233319335497214,0.8242019412108883,0.842630908043041,0.9053586468617096,0.7727274632304016,0.9703150995699106,0.9829336238525017,0.8853253001095747,0.8393097134659195,0.9021928759526108,0.9072460914255556,0.5850035294235524,0.9233319335497217,0.421293872129648,0.851169774203697,0.9004854913238354,0.8940481556671639,0.9549771224601906,0.7920077648985027,0.807773869502562,0.813739703991392,0.8625151861116658,0.9275816772658132,0.9477386786746436,0.7309200098221509,0.822063985040601,0.8002445586117543,0.7637688103911799,0.9113018740902736,0.8792678792793374,0.9275816772658132,0.9925251219097544,0.668075692953138,0.6591176984607721,0.9232500268303594,0.7347100070611217,0.7297599404522583,0.987986714689812,0.9116584494708146,0.6693714093517578,0.8654234385275936,0.8841862845276729,0.8654234385275936,0.8654234385275936,0.5338362049056831,0.8293233915825582,0.8495488593150842,0.8654234385275936,0.6342816144739536,0.584566420862193,0.8588165446169271,0.9397215708314475,0.5329264573362384,0.4456416941526202,0.8972476655763157,0.911961999411439,0.5903923662878592,0.934991391520382,0.9079336457543641,0.9209050008316384,0.8243519100830419,0.7001284152880578,0.6637248959113702,0.9158384096505674,0.9349913915203822,0.8568046890338219,0.8561127130569068,0.8841862845276727,0.9955819038905909,0.8745128950949936,0.9035317116681525,0.8368251309284127,0.8519694522909039,0.6252177095164598,0.7024300661428453,0.8855273355182854,0.7510923761072201,0.8293233915825582,0.9940115789870262,0.8745128950949936,0.8908090206462496,0.7671216431548615,0.8342258657521895,0.6363196364415742,0.5954872071103582,0.9499351329637566,0.6657477677000222,0.8526452239911775,0.8135448870585797,0.8752483555372584,0.9854391115773633,0.6416319314338446,0.6379366388218062,0.8466224143039983,0.5150413156486429,0.5929899406009063,0.7422110584707764,0.4816066037234715,0.9742312550591599,0.7930652716666668,0.8718912300206616,0.8654234385275936,0.8792678792793369,0.7786149885251272,0.8974240433030012,0.6759215831492609,0.8908090206462491,0.9476047808533716,0.9630919907016028,0.6034869783888488,0.7550888759214558,0.49628691425754257,0.8247082505369039,0.47207255874864607,0.8957780464758427,0.6462219395928765,0.8568046890338219,0.8485743256298055,0.8252567252044152,0.8078318817278116,0.8766813250781542,0.7983750228965243,0.9803452860377495,0.6238766807016416,0.6378803987506392,0.6121964112566078,0.5669296531618386,0.72203936301925,0.8012928241009696,0.9347047318862409,0.8859776001488879,0.8699031439713587,0.5421681663326696,0.7987947054509972,0.7161768939012263,0.8610609420833555,0.533195907374723,0.5178896931173801,0.9845729942899282,0.778426307791722,0.8745128950949934,0.9627608040783895,0.8844726491843773,0.6764388591271504,0.9451524968159262,0.8012928241009694,0.9124442301283537,0.9033222513428112,0.6633597603420999,0.8921554844568578,0.8792678792793369,0.9423718464384099,0.8654234385275936,0.8710790484922164,0.6081119276427387,0.6971684673930665,0.7761909904931469,0.8654234385275936,0.7243766380135963,0.48827899024070376,0.7704187714880575,0.7946697765437369,0.5704389551957887,0.7237452520354621,0.7184390416439892,0.8039138168819859,0.7679108782844832,0.82839795763057,0.6192097412120212,0.5551931608580061,0.9209050008316386,0.8617034126676781,0.8114866580197322,0.976818884561883,0.8171475979100202,0.7622201186009614,0.8080514071552432,0.7799949436879796,0.8888235621555168,0.5641228653284546,0.8538118757976776,0.8974240433030012,0.6151674427847438,0.5629865871821714,0.9275816772658136,0.8654234385275945,0.8368251309284129,0.5511977361511525,0.5175403359789048,0.8610609420833555,0.7673958522985649,0.8821518367309957,0.8610609420833555,0.8610609420833555,0.849548859315084,0.8654234385275936,0.8821518367309957,0.7930652716666672,0.8654234385275936,0.7916685135539077,0.9552604924886274,0.8892901999095577,0.8745128950949936,0.8841862845276727,0.8699031439713587,0.8610609420833555,0.6573574602256782,0.6391630416357421,0.8293233915825582,0.5932964640897973,0.8654234385275936,0.9100181374805543,0.9208751259712276,0.7151338609305372,0.646008435221177,0.967623204377146,0.9192524133091662,0.968896383846026,0.8330443401899568,0.9838233847376507,0.8493561000564558,0.9294246480784081,0.8171475979100196,0.8117845113112895,0.8321613021403179,0.6745173706664811,0.8286830827853715,0.9958353680216763,0.8392379483976138,0.8745128950949936,0.6806468321708421,0.5961949594549372,0.8654234385275936,0.897424043303001,0.593042487794341,0.8946068956234317,0.6048570714642945,0.882151836730996,0.8286830827853717,0.5773297376762492,0.887071386307005,0.6391228856357078,0.5117961643246463,0.8654234385275936,0.8654234385275936,0.834225865752189,0.9531150143365194,0.8805646283277517,0.5150413156486429,0.5901486341653799,0.5654208606938578,0.4355706947421498,0.4971833440911837,0.822045160404981,0.5742626948333318,0.8654234385275936,0.892139586868056,0.8792678792793369,0.9001706985868916,0.4890616861889431,0.8892901999095579,0.7099612684117214,0.8654234385275936,0.8654234385275936,0.5657936943715234,0.8145705137183384,0.4910736157834541,0.9742312550591599,0.5291957380755515,0.47368050177594023,0.9729549628175724,0.8240216665019253,0.5757796003951241,0.7249447846881556,0.8654234385275936,0.9536731952019879,0.5307703133341208,0.9029008905962475,0.9275816772658132,0.8358390847223276,0.8822785569840241,0.9834229689900651,0.9520842815861832,0.8699031439713585,0.5639470582966264,0.8654234385275936,0.5550205102320485,0.8669293672507556,0.7334421254231445,0.6628890605250506,0.0,0.8445847921458007,0.7481183350451577,0.9061606957061167,0.9209050008316384,0.8119755089561569,0.6350969893289593,0.970671674950452,0.9450017593253315,0.9285895873102847,0.8184808644825559,0.6161613215955222,0.9146015061215469,0.8610609420833555,0.6712292159033297,0.8114866580197322,0.8286663550812652,0.9016297675890921,0.9001706985868916,0.7453284616674507,0.9001706985868918,0.9001706985868914,0.9496844307315861,0.788167832519094,0.7608773661277795,0.8654234385275943,0.9049039230625222,0.8368251309284129,0.8908090206462493,0.7852682163033542,0.6329232790267383,0.8610609420833562,0.9310228959420861,0.7368488773375481,0.8699031439713583,0.6111459032117537,0.8456406386668986,0.758030945417588,0.8462848361996942,0.8654234385275936,0.9348425700260632,0.9745735375953718,0.6907060660401774,0.8946068956234314,0.9724999545453421,0.8766813250781536,0.9581426830622116,0.8654234385275936,0.4962869142575421,0.5566810885462565,0.9447378188006483,0.4994840591078429,0.5550205102320485,0.5183978591504115,0.8792678792793369,0.5712009830784752,0.7666753772899857,0.8897992717271624,0.7348667698110338,0.8849600423264511,0.9031885080973259,0.9845729942899282,0.9369085088884493,0.9425729328199652,0.8850154236508608,0.9180054864546224,0.6019882537219572,0.9308232150715126,0.6099415095926471,0.8654234385275941,0.8610609420833555,0.6692169592475596,0.675921583149261,0.9141471200467897,0.6690870479007809,0.6336081841114276,0.8654234385275936,0.5359137697427072,0.6809998966651322,0.7142909173122549,0.8654234385275936,0.590392366287859,0.9497858539588497,0.8892901999095579,0.8552976248635573,0.8610609420833555,0.5221474672079636,0.8924745022365878,0.9087774131258833,0.9071156483576153,0.7964123328449153,0.7291146426404566,0.5458661431606687,0.8654234385275936,0.9022820103908604,0.8654234385275936,0.8892901999095579,0.7667259438737245,0.7104613856438804,0.9001706985868916,0.944006480189884,0.6518008926765826,0.7672845031141347,0.8839496503881021,0.8654234385275936,0.8564847050495203,0.6104048419075203,0.5907945740768282,0.8700201754307284,0.7453284616674514,0.9440639865096137,0.8092521850303984,0.7979653093455179,0.9681281923135314,0.7161768939012263,0.5508826104012519,0.9681281923135314,0.5803711065457071,0.6613949717719355,0.5731455322470811,0.9681281923135314,0.9001706985868916,0.8431454104005669,0.8699031439713587,0.9978444285625077,0.7347100070611214,0.843180645793546,0.9787275285759813,0.9068344414809855,0.8078318817278123,0.8552976248635573,0.7929847996597235,0.8149622918828372,0.8921554844568578,0.8638170757873311,0.836135469908883,0.8482107280788025,0.7366754408987313,0.7594822162104509,0.8268465148912927,0.5940128049787448,0.8209028603955169,0.9029008905962475,0.8745128950949936,0.7954244675051754,0.9424609224532297,0.8080514071552434,0.7443532274755795,0.9035317116681529,0.8792678792793369,0.8841862845276729,0.8105792326290044,0.8046541865271128,0.7120883975114991,0.8456406386668991,0.9925251219097544,0.8347890987175954,0.8228894700769899,0.8431806457935456,0.8974240433030007,0.8271941845048834,0.7329674653891392,0.8632646892505028,0.7549290196944849,0.922847359702524,0.9209050008316386,0.91361905973646,0.8336760430954449,0.843145410400566,0.8526452239911775,0.9630919907016026,0.8055826578321366,0.9155462199525788,0.9348002063687593,0.85623696985925,0.9871433577188292,0.7658045494346232,0.8756445074604458,0.8642307010861047,0.9086148915839569,0.8699031439713583,0.7162663589447835,0.8080514071552425,0.8867731294822648,0.9319162994296344,0.637880398750639,0.8524162057593652,0.9476047808533716,0.8870713863070048,0.6988559904447842,0.9787275285759816,0.5976463934266488,0.8745128950949936,0.6267346221622918,0.902192875952611,0.9209050008316386,0.7161768939012263,0.8268936532675105,0.9358986372211366,0.8946068956234314,0.9342037480270233,0.9658731546220685,0.9742694908619041,0.9209050008316386
p288_W,0.913273085427964,0.9322580645161289,0.8750464770419488,0.9282792334246623,0.9413411539914585,0.9564866901437921,0.8134865230819471,0.8369053974150207,0.9919101586510035,0.9540615556502023,0.9305518148343679,0.9394396415413293,0.9394396415413291,0.9105012505384158,0.922432716716142,0.9176091589676255,0.9890537762576723,0.9208799593226007,0.9517441295565185,0.9735307058746405,0.8701093676023468,0.9776172307537021,0.9336830351939285,0.9375331207684675,0.9272278453848009,0.9208799593226007,0.9357714224531068,0.9824238218303369,0.9540615556502021,0.9868196738408369,0.9133880855304555,0.9473756291574582,0.933997010939813,0.906268236387799,0.9413411539914585,0.9517441295565185,0.9432937551644589,0.933997010939813,0.9564866901437921,0.919346293979701,0.8838135174053028,0.6700348029141607,0.9673074603196742,0.9899764504062661,0.9357714224531068,0.8238297618188462,0.9453030402757783,0.7459453927300795,0.919346293979701,0.9661224319476248,0.9473756291574582,0.8262954697194758,0.9208799593226007,0.9831029185867894,0.6498698580331035,0.9178313446502835,0.9178313446502835,0.9413411539914582,0.9986370006333953,0.9375844381576608,0.9688965239450101,0.936716724659818,0.9654186216767149,0.983703714129575,0.9495194495442563,0.9762112509168335,0.9888197307367493,0.9975245097920247,0.9325109310075916,0.9517441295565185,0.9090779869018051,0.919346293979701,0.943086952979808,0.841075467382819,0.9413411539914582,0.8688814196559584,0.9288758056186719,0.9305518148343679,0.82116683974349,0.9564866901437921,0.9803079821283598,0.9700765701011145,0.9148532265533558,0.9455040536150562,0.9413411539914582,0.9048804738246028,0.9248999189762372,0.8745649354471419,0.704231998075814,0.9394396415413291,0.9413411539914582,0.8750464770419488,0.9341416961934477,0.9141152197962772,0.9173873567154583,0.8850825988655407,0.8725725017627854,0.8701093676023466,0.6743060959585168,0.7778796771440262,0.9178313446502835,0.945303040275778,0.9413411539914585,0.9715183250333917,0.8793492472178116,0.9517441295565183,0.8928095235358378,0.7355110025652215,0.8816008595546363,0.7857954081888464,0.8566963326642261,0.9224335544163886,0.7210819482875986,0.8954352541336303,0.9453030402757783,0.7541031584169527,0.9322580645161289,0.9517441295565183,0.9564866901437918,0.8340921673956745,0.768790122704538,0.867655656924375,0.9272278453848009,0.879768164906635,0.9208799593226005,0.8845124777595254,0.9432937551644589,0.7716343233499168,0.9394396415413291,0.5711500304199176,0.8284837609134987,0.945303040275778,0.9473756291574582,0.7386899117100738,0.9357714224531068,0.8213551610187866,0.8719316103938075,0.9473756291574582,0.9473756291574582,0.9375844381576608,0.9751853430800137,0.9540615556502023,0.9215280225048794,0.8806788146347353,0.8701093676023466,0.9224327167161421,0.9638811172226955,0.9977691118281807,0.5546167268534237,0.7572258022380447,0.9540615556502021,0.9613051670773511,0.9428986925360374,0.9870213532241645,0.9473756291574582,0.919346293979701,0.9759323240769464,0.9752509450478224,0.9444589326130934,0.8983321117969463,0.9468691428667411,0.945303040275778,0.9240084059312026,0.7284016423405424,0.8812890045220128,0.9035033355391053,0.6883559109688914,0.9504069818881511,0.9148532265533558,0.8598769591818514,0.9105012505384158,0.9394396415413291,0.9178313446502835,0.892279971132153,0.9397974943297966,0.904024891153085,0.9517441295565183,0.9771015106150269,0.9470007361724493,0.9614192663380003,0.9711036153030144,0.9649365254932594,0.9178313446502835,0.4429125569236,0.7766549318695013,0.8312033287884495,0.8890626304507616,0.7418772742491042,0.8135176651305682,0.9119376979332721,0.9375844381576608,0.8707699702455199,0.9250016828809453,0.9942947312832688,0.9688965239450098,0.9413411539914582,0.8183599967013939,0.9531057683512586,0.712402482875136,0.83611793615575,0.9385789134461191,0.5552121572027031,0.9413411539914582,0.8482181063450631,0.7209673181567131,0.9540615556502023,0.9413411539914582,0.9371820070526745,0.9773810909232876,0.9768888358739715,0.9718569852286912,0.9248203613454188,0.9394396415413291,0.9413411539914582,0.8112851298120196,0.9413411539914588,0.8898736419735082,0.8662588227997827,0.862147189098383,0.9413411539914582,0.8674925563323059,0.9413411539914582,0.9039102436851649,0.9632064435946428,0.9035033355391053,0.8566963326642261,0.9453030402757778,0.7436295523044574,0.9375844381576608,0.9256059689675478,0.9288758056186721,0.9962043215661707,0.9165213811261108,0.9062682363877987,0.9473756291574582,0.983703714129575,0.778901770127046,0.8876356948162312,0.9141155203977136,0.9473740959672464,0.9097516894125137,0.8510991623286311,0.867655656924375,0.8984508716057182,0.9413411539914582,0.8058320110972781,0.9413411539914582,0.855327399494449,0.9021362778138218,0.9473756291574582,0.615727576138726,0.7436295523044572,0.8183599967013939,0.8758047424217991,0.9272278453848009,0.8762879977600884,0.9305518148343679,0.7161153817625665,0.8083745968845286,0.8518501194844417,0.9095075097850294,0.7559094128486732,0.9394396415413291,0.8515631433027541,0.8024341677705478,0.9564866901437921,0.8813350881356639,0.9890342655702924,0.9870038583237333,0.9483916621815944,0.884687196374679,0.7336011703135803,0.7466132712610718,0.7604386387129756,0.8845097194430247,0.9517441295565183,0.8115310596913843,0.9007787887826324,0.9700765701011145,0.8863565689237554,0.9517441295565183,0.8743373672105484,0.9621639605215043,0.9495194495442563,0.8825490680853296,0.9105012505384156,0.945303040275778,0.906268236387799,0.69599448222325,0.9375844381576608,0.945303040275778,0.945303040275778,0.7673631244868355,0.9517441295565185,0.91702844187237,0.8952765084297515,0.867655656924375,0.8884020077110693,0.9517441295565185,0.9413411539914585,0.919346293979701,0.937584438157661,0.9473756291574582,0.7284016423405424,0.952160717357885,0.945303040275778,0.919346293979701,0.6021810130618115,0.7866846903996971,0.9612482618838919,0.7674311393900726,0.9710359344051598,0.9093832453988206,0.8621471890983827,0.8530610496352259,0.9540615556502021,0.9737598735731277,0.9540615556502021,0.906268236387799,0.8721292828577809,0.8954352541336303,0.869955187594452,0.9413411539914582,0.947375629157458,0.9557539823910066,0.9208799593226005,0.9517441295565183,0.9841747480714136,0.9394396415413291,0.9413411539914582,0.9272278453848011,0.2876514363105108,0.9564866901437918,0.8967590384461326,0.8725264278119832,0.9240084059312026,0.5421872499962037,0.9072612173944726,0.802434167770548,0.9272278453848009,0.933997010939813,0.8163761849746591,0.9931163690142987,0.906268236387799,0.8330219561091066,0.9831029185867892,0.8139477698135068,0.9564866901437921,0.7497563078190199,0.9062682363877987,0.7357654281420166,0.9357714224531068,0.9394396415413291,0.8520713278957939,0.867655656924375,0.8465192786093442,0.6941052561134256,0.7906839898526721,0.9413411539914582,0.9940945771004706,0.5953645553173577,0.9076672018071594,0.8260206957133759,0.9540615556502021,0.806748979215291,0.9413411539914582,0.9413411539914582,0.46694389699227734,0.8707699702455204,0.8373021566360079,0.9413411539914588,0.9540615556502021,0.9413411539914587,0.9105012505384157,0.8812890045220128,0.7209673181567129,0.9413411539914585,0.9119376979332721,0.9288758056186719,0.806277527933507,0.7785449510404485,0.9413411539914582,0.8627712312932625,0.9035033355391053,0.7373574344655314,0.8085437732024464,0.9119376979332721,0.9352103129045881,0.945303040275778,0.7123453755976967,0.9413411539914582,0.7659362744797,0.9208799593226005,0.9751746250268971,0.8552817291710153,0.639600310600784,0.8050001170467129,0.933997010939813,0.9413411539914582,0.924355839846521,0.9997730366745122,0.9413411539914582,0.7206426972252955,0.9871376388622566,0.8176248919537714,0.7866846903996969,0.7034019047473055,0.9413411539914582,0.8195547533821177,0.9155857839080437,0.9495194495442563,0.955312704238404,0.9889256283952581,0.9984049036240452,0.9283398242102774,0.8800330897565918,0.9453030402757783,0.6546383311556709,0.9460428869799574,0.925605968967548,0.8993286322957905,0.8840503022498933,0.8506393987843794,0.925605968967548,0.9473756291574582,0.9208799593226005,0.9413411539914582,0.9517441295565185,0.8863565689237554,0.9353122156720659,0.920179683283657,0.9163339973465923,0.9375844381576608,0.7923073440510912,0.9971196828020042,0.9375844381576608,0.9305518148343681,0.9413411539914587,0.9322580645161289,0.9495814971445093,0.8889202553233964,0.8408182974981258,0.9110956697446365,0.68389975197401,0.9660522273425498,0.925605968967548,0.7551783176152018,0.9288758056186719,0.9540615556502021,0.9934390539556093,0.8683509791997794,0.9068126952440339,0.9224335544163886,0.9248999189762374,0.9216948386036188,0.945303040275778,0.906268236387799,0.9164060891461528,0.9652786001311675,0.9240084059312026,0.8498126246633048,0.6713988468136984,0.9547568354430371,0.8151246754418036,0.7668644692019391,0.8902105416031847,0.9357714224531068,0.9620876781838459,0.9053798774659321,0.9282792334246625,0.9377871015590615,0.925605968967548,0.7893558267078444,0.770911181401682,0.8287530636873145,0.5692417881997669,0.9021362778138218,0.9646668271931116,0.945303040275778,0.9010471309686272,0.9985369938138993,0.9048804738246028,0.6833289634561844,0.9791100127950297,0.908595883904757,0.9385789134461191,0.9495194495442563,0.9035033355391051,0.9357714224531068,0.9357714224531068,0.9473756291574582,0.9517441295565183,0.9133880855304555,0.7985559379258664,0.8994303857428698,0.9394396415413291,0.9394396415413291,0.8211668397434901,0.9984049036240452,0.9890537762576723,0.8518501194844417,0.9413411539914582,0.9495194495442565,0.9413411539914582,0.9413411539914582,0.7017438536728549,0.9256059689675478,0.9062682363877987,0.9413411539914582,0.8932992106507613,0.8475949540627282,0.9849965025219793,0.9382559848767846,0.8627712312932623,0.775786604193498,0.9737598735731273,0.921694838603619,0.7385889876688903,0.9339970109398132,0.9305733174439863,0.9495194495442565,0.9433231638906061,0.9836725803103628,0.9205367643239946,0.9133880855304555,0.933997010939813,0.937584438157661,0.8257066297031532,0.9495194495442563,0.8800330897565918,0.9453030402757783,0.8850825988655404,0.7786756435711464,0.9224335544163884,0.9336830351939285,0.9607747962213916,0.9119376979332721,0.8990982149673707,0.8398757046349125,0.9349986607316811,0.7467940061746052,0.9248999189762374,0.9432937551644591,0.9007787887826324,0.6719683307685386,0.8151246754418036,0.9473756291574582,0.9444589326130934,0.9357714224531071,0.9820977941296498,0.8725725017627852,0.9394396415413293,0.7373574344655318,0.9148532265533555,0.9564866901437921,0.775786604193498,0.982380046763869,0.7377137235225025,0.873084911049196,0.9288758056186719,0.9663966363465524,0.9850397963536648,0.9413411539914582,0.9473756291574582,0.9415276164159576,0.4230134343505081,0.8674925563323062,0.681192793301086,0.789141078114638,0.9148532265533558,0.8050001170467129,0.925605968967548,0.6997275203797978,0.9540615556502021,0.7616138489986315,0.8206673486956735,0.7020093312254153,0.9375844381576608,0.933997010939813,0.8965885627403589,0.8721292828577806,0.9240084059312026,0.7573484582737833,0.9512323327019658,0.781280140087707,0.6546782525266002,0.9062682363877987,0.7817468296837364,0.8397330855386309,0.9547568354430374,0.9540615556502021,0.9771865070849176,0.6991868726343211,0.8138702669970943,0.8058320110972781,0.8762879977600886,0.9394396415413291,0.839238545859937,0.8163761849746591,0.9564866901437921,0.8421837949835272,0.945303040275778,0.9048804738246028,0.9795518972928103,0.9224335544163886,0.9446588143366353,0.9133880855304555,0.8816008595546362,0.8199285457124565,0.9803079821283596,0.6113619573422552,0.9473756291574582,0.9564866901437921,0.9413411539914582,0.6660659098377351,0.844584792145801,0.9719566089310901,0.9076672018071594,0.9413411539914588,0.9526859707889825,0.8228201610494033,0.9339973694561905,0.9105012505384158,0.8889202553233961,0.8750464770419488,0.8067724546450772,0.9990251710735584,0.9163339973465923,0.8292999059897315,0.9890221151936427,0.9369517127066342,0.9495194495442565,0.8876356948162312,0.9178313446502835,0.945303040275778,0.9021362778138218,0.9673074603196745,0.9135065748298868,0.9375844381576612,0.9564866901437918,0.9322580645161287,0.9178313446502835,0.9413411539914585,0.8703694623017848,0.8664319147745598,0.9099641551465778,0.5963712738936078,0.9288758056186719,0.8458986658441408,0.8034008551202538,0.9394396415413291,0.9473756291574582,0.9357714224531068,0.9394396415413291,0.9394396415413291,0.6660659098377344,0.9413411539914582,0.691252100914934,0.8608012562583447,0.9413411539914582,0.9240084059312026,0.8738080422252299,0.9517441295565183,0.9453030402757783,0.7189515385340937,0.4608406245001746,0.995589441680881,0.8641505502234017,0.9990035565609351,0.8867793699144199,0.8415747777725088,0.9413411539914582,0.8928095235358378,0.945303040275778,0.9240084059312026,0.8153653778431531,0.8941188719993174,0.9517441295565183,0.9432937551644591,0.9293936833197768,0.9097516894125137,0.9272278453848009,0.9413411539914582,0.9097516894125137,0.9488864344355386,0.9133880855304555,0.9186473786024711,0.9305518148343681,0.9517441295565185,0.919346293979701,0.9453030402757783,0.9984049036240452,0.7604185452621188,0.9413411539914582,0.9413411539914585,0.8639898558738692,0.9540615556502023,0.8387507234176637,0.9357714224531068,0.9305518148343681,0.9506460692722618,0.9375844381576608,0.9078493608330677,0.727652552994217,0.9413411539914582,0.9413411539914582,0.8013325861566091,0.9883733563185118,0.887635694816231,0.9762989554584818,0.8598769591818511,0.9857942543552967,0.8151246754418033,0.7569433436658511,0.9224335544163884,0.9353122156720659,0.9413411539914582,0.6117737533103049,0.9473756291574582,0.9564866901437921,0.8050001170467129,0.9517441295565183,0.8850600930011241,0.9413411539914582,0.9413411539914582,0.7405123287414744,0.9413411539914585,0.7309290176396066,0.9288758056186719,0.8348667221507031,0.8838135174053028,0.870966717874007,0.8838135174053028,0.8015230349245062,0.8275252320423425,0.9413411539914588,0.9021362778138218,0.7037505247301526,0.9432937551644589,0.9791100127950297,0.7918131425098863,0.819664730600598,0.8967590384461328,0.9048804738246028,0.9432937551644591,0.8373021566360082,0.9413411539914582,0.7641315079050714,0.9433231638906059,0.8838135174053028,0.8530610496352258,0.8445847921458007,0.0,0.8902105416031847,0.8312033287884495,0.8515631433027532,0.8482181063450633,0.9802235838623208,0.47812268569667216,0.9540615556502021,0.887974354415432,0.9208799593226003,0.7872693829875242,0.8612104505251647,0.9394396415413291,0.8860306022301758,0.9526552033461158,0.9021362778138216,0.414178405024725,0.738689911710074,0.9021362778138218,0.891101610783141,0.5862782126370069,0.887635694816231,0.9470007361724493,0.9778386249550355,0.9991271005058253,0.9540615556502021,0.9288758056186719,0.9248999189762372,0.8839072352628161,0.9860136523181988,0.9394396415413293,0.6072859980031801,0.9740486176425376,0.9432937551644589,0.955724896214821,0.864463385779379,0.897743522854622,0.9050599024537369,0.9413411539914582,0.8750464770419488,0.9991271005058253,0.8700549980439255,0.9540615556502023,0.7605973901740387,0.9240084059312026,0.88827287528005,0.9413411539914582,0.6997275203797978,0.775786604193498,0.9240084059312026,0.6978684737359192,0.6615395619347411,0.6863899643182831,0.9473756291574582,0.8230532518074042,0.9276111209519073,0.87331678109278,0.7716036057947153,0.925605968967548,0.8188708927094164,0.9564866901437921,0.925605968967548,0.9413411539914585,0.9156071109966866,0.919346293979701,0.6622441749760191,0.8876356948162312,0.8064439473977414,0.8853010064654409,0.9394396415413291,0.786790830436126,0.8397330855386309,0.8800330897565918,0.7373574344655318,0.7630617685152524,0.9413411539914582,0.772331524649277,0.8421603457990252,0.9105012505384158,0.9413411539914582,0.9223539499174283,0.9619697063034164,0.9517441295565183,0.9256059689675478,0.9394396415413291,0.9291179050181217,0.9455040536150565,0.881289004522013,0.9610024953181504,0.8941188719993174,0.9725096342470558,0.783993087668206,0.9413411539914582,0.9560464317857674,0.9413411539914582,0.9791100127950297,0.9371820070526748,0.7979425515430196,0.9564866901437921,0.9148532265533555,0.9966012441338501,0.9367403596856443,0.9105012505384158,0.9413411539914582,0.986709919188336,0.8249268553610868,0.9890221151936429,0.9133880855304555,0.9021362778138224,0.9473756291574582,0.9133880855304555,0.8839402993770435,0.9443995409534844,0.899948763215809,0.7630617685152525,0.9443995409534844,0.9105012505384158,0.9473756291574584,0.867655656924375,0.9443995409534844,0.9564866901437921,0.9208799593226005,0.9971196828020042,0.867655656924375,0.9394396415413291,0.9655891004529175,0.9700765701011145,0.9978886501497103,0.9021362778138222,0.9805867004734361,0.9502768986869886,0.919346293979701,0.7236615576213592,0.8761584938412075,0.8898736419735083,0.9105012505384158,0.8863565689237554,0.9591134759120901,0.9193768808645175,0.8941188719993174,0.919346293979701,0.8779465587349308,0.9453030402757783,0.9877473389675209,0.8775328023580433,0.913506574829887,0.9163339973465923,0.952168418575428,0.9473756291574582,0.9495194495442565,0.9712760976028146,0.9148532265533553,0.9305826894803042,0.8644633857793793,0.9133880855304555,0.9923944458192595,0.9771865070849175,0.9119376979332718,0.9413411539914582,0.8756533149316152,0.8887296967329334,0.9531120624559778,0.9186255087204842,0.9858084534084539,0.9495194495442563,0.9451469503672958,0.9086295108081736,0.9208799593226007,0.9890537762576723,0.9148532265533555,0.983703714129575,0.9175203193132074,0.9213590764114838,0.9305518148343681,0.9413990456560277,0.9394396415413293,0.9866126971612237,0.9759758984177154,0.945303040275778,0.9971196828020042,0.9768888358739715,0.9163339973465925,0.9453030402757783,0.9156071109966866,0.9901191869761832,0.8685662590384201,0.937584438157661,0.937584438157661,0.9867099191883358,0.9838552657289735,0.9216948386036188,0.9453030402757783,0.9421018939385688,0.9240084059312026,0.9495194495442565,0.9721865287704181,0.9677148480463273,0.9432937551644589,0.9540615556502023,0.9789620687127683,0.9517441295565183,0.9555299319100918,0.9495194495442565
p288_Y,0.8416870629198665,0.8902105416031847,0.7974876343235753,0.8823845551200094,0.7410572237903065,0.9294779121965993,0.975009789161049,0.9574782527149561,0.7593990597181971,0.9255474930154988,0.8874452201355858,0.7541624525637657,0.601278980132777,0.8549492399295393,0.7980971737122733,0.8481532162680541,0.9952883155640531,0.8717700291221537,0.9840739333532936,0.925547493015499,0.9584075475414582,0.9179069363733625,0.9432836274759391,0.9080961023073577,0.8820580577672703,0.9020872579511301,0.8959046461825673,0.4316704122977635,0.9748350526392386,0.8494168725501241,0.8877874242285113,0.7378365850034009,0.9638437528988766,0.8480887874245635,0.7410572237903067,0.9217916370027819,0.9486563558223771,0.8930288547304028,0.9294779121965995,0.8692844153563801,0.8116963900427683,0.9051106770251169,0.9294779121965993,0.5356585435540072,0.8959046461825673,0.7144806256657383,0.9113525537588967,0.9735805454270308,0.8692844153563803,0.5105733407587822,0.9147116017278334,0.7550196173127848,0.8717700291221535,0.9713501794278785,0.9638437528988761,0.9256018765646534,0.8668291346622676,0.9049315186013054,0.7560437294344013,0.8988430035065225,0.9382783262031534,0.929250292035134,0.9463265979039874,0.879691111747325,0.918186094706007,0.702114206742665,0.9147116017278334,0.730447701064081,0.8391864395981581,0.9217916370027819,0.8526425543779204,0.8692844153563803,0.898395560505145,0.6260411204694714,0.9049315186013054,0.7874959163934856,0.8847289094375663,0.8874452201355858,0.6704502806250792,0.9294779121965993,0.9213139766220597,0.9081986598432299,0.8620024941098836,0.9766438267329637,0.9049315186013054,0.8458396385168978,0.8847289094375663,0.8542618678405643,0.8699937827445854,0.9018497344665102,0.9049315186013054,0.7974876343235751,0.7718693725907659,0.7896736788263383,0.8620024941098834,0.7980946643992666,0.7934780588066328,0.78948605350738,0.6624356439415455,0.613685318150877,0.8668291346622676,0.9113525537588965,0.9049315186013056,0.884015195575012,0.8165589652890666,0.9217916370027819,0.8262762309308547,0.5479101278822758,0.7600864325082566,0.65450668298322,0.7677475272784611,0.9667561449440301,0.7122206373959097,0.8549204472161371,0.9113525537588967,0.6288138674721705,0.9594301810876531,0.9688588518247441,0.929477912196599,0.6108404588372108,0.8869660226022896,0.7855093208605666,0.8820580577672705,0.9722658834711864,0.9020872579511305,0.7128651301467362,0.9080961023073577,0.995204710770401,0.9070459249947541,0.9950483392264471,0.7257769750212304,0.9113525537588965,0.9147116017278334,0.9667762608570645,0.8959046461825675,0.7285520020194831,0.8821142988203379,0.9147116017278334,0.9581430783864289,0.936046298883568,0.6514129270009819,0.9255474930154988,0.6151037958988794,0.8580109538014735,0.8106012402616398,0.847327255112817,0.6565200958157669,0.5954681609536365,0.9815195207917641,0.6234493507040713,0.9255474930154988,0.39189797432478557,0.8233502854441623,0.7980422013566697,0.9581430783864291,0.988641266437865,0.8035403364202764,0.8391920312990695,0.6521914044474227,0.806390619329729,0.7583953468850927,0.953270131910047,0.9081986598432299,0.6384233256384345,0.8746394085758458,0.8436077083923401,0.8914209510155027,0.8570262045124728,0.9761954302339548,0.6024152688061581,0.9921258158818893,0.9018497344665102,0.8668291346622674,0.77623027645726,0.8670119565380481,0.8522926794284886,0.9688588518247441,0.9489293546749413,0.9574525972013226,0.8084925885349052,0.9839339792100608,0.8899656035556076,0.9549882475158464,0.9452667931025013,0.8301644070626623,0.7449108435862053,0.5921314090006267,0.9311228514221086,0.8902105416031845,0.8572772924183016,0.9895471103623407,0.5257168084468455,0.6845218851552759,0.5815990342739761,0.8241649990671218,0.9049315186013054,0.9080961023073577,0.9523438149852952,0.9964130244444009,0.8693901687120538,0.8132966641602513,0.9782914706820047,0.9049315186013054,0.7927800584854179,0.6154267625727827,0.9255474930154988,0.9049315186013054,0.8998715234924054,0.9950483392264469,0.7295806243538592,0.8386884806306445,0.8220640569395015,0.9018497344665104,0.9049315186013054,0.8419420360063189,0.9049315186013054,0.7349635451093528,0.7874907802833078,0.7808003036376479,0.9049315186013054,0.7591508897657236,0.9049315186013054,0.7126918254921422,0.8262762309308549,0.8436077083923401,0.7877152074007543,0.9113525537588967,0.6013749305234533,0.8988430035065225,0.9113565538271904,0.8847289094375663,0.8954320014860393,0.7453941250214562,0.9274823843126729,0.9147116017278334,0.8116963900427685,0.8391762543750588,0.8410748755049142,0.9640187424722273,0.89261085697357,0.9182202275367892,0.9590193028129265,0.7855093208605666,0.7291240427230219,0.9049315186013054,0.8111669741565661,0.9049315186013054,0.7459736358111313,0.8413921158471316,0.9115624916377842,0.9802289924136669,0.5845000235025124,0.9080961023073577,0.4511088001674902,0.8820580577672703,0.7994997688493952,0.8874452201355858,0.6739774191637933,0.9113525537588967,0.7598932621695063,0.7598932621695063,0.46182066077043715,0.9018497344665102,0.9012778876119152,0.7849134742101422,0.9294779121965995,0.5706951582326127,0.7648207082667731,0.9667561449440303,0.929386714671942,0.7657827470574301,0.9549939682963798,0.6092935262532225,0.6157825613422903,0.6730040675760884,0.9217916370027819,0.5493979624569756,0.8645384301752639,0.8768403073232187,0.8160959282168512,0.9217916370027819,0.7263453909308655,0.5572876330719159,0.918186094706007,0.8321495277836635,0.8549492399295391,0.9113525537588965,0.8480887874245631,0.5756054075329426,0.8988430035065225,0.9113525537588967,0.9113525537588965,0.6229650602203592,0.9217916370027819,0.6639002822535778,0.9194197081552451,0.7855093208605664,0.9307930578349992,0.9370067185313316,0.9049315186013056,0.9289628408971224,0.8988430035065229,0.9147116017278334,0.6043889507731768,0.7403042511679195,0.9113525537588965,0.8692844153563806,0.9989052539587464,0.6714875919948513,0.901192645869396,0.634943266234697,0.9301332172439671,0.8483003163546885,0.7053784789307969,0.7815622495338463,0.9748350526392386,0.642557934082522,0.9265898281132818,0.993124018799217,0.7744673257045799,0.8305317565246906,0.795224399183051,0.9049315186013054,0.9147116017278332,0.8410748755049142,0.8717700291221542,0.9217916370027819,0.991545896452954,0.9782914706820045,0.9049315186013054,0.8820580577672703,0.9217916370027819,0.9294779121965993,0.8326772157836522,0.7214207772025001,0.8768403073232187,0.9115624916377842,0.6412862673359441,0.6798047536838978,0.8820580577672703,0.8591190016799408,0.7024006022799696,0.9951877100611972,0.9010178520166368,0.7163135991045371,0.9594301810876529,0.6750219702109151,0.9294779121965993,0.5944296655310275,0.8480887874245628,0.5717546254504429,0.8959046461825675,0.9018497344665102,0.8526425543779204,0.7855093208605666,0.5072977926014592,0.5042359209571781,0.6607612223697248,0.9049315186013054,0.4604548900015515,0.8720073716712089,0.8503560928183398,0.89817510482552,0.8280147088658023,0.6566611657662411,0.9049315186013054,0.9049315186013054,0.8991236281267514,0.9463448607352786,0.7926247868541423,0.9049315186013054,0.925547493015499,0.9049315186013058,0.8549492399295393,0.8076049081535599,0.5985128984233794,0.9049315186013058,0.8572772924183016,0.8847289094375663,0.6860336933754081,0.6410874636096238,0.9049315186013054,0.7775931247733288,0.8436077083923401,0.5743347925326876,0.6029118552918369,0.8850662431297969,0.7754326523232364,0.9113525537588965,0.5337977104892793,0.9049315186013054,0.620652562232548,0.871770029122154,0.7756695807478773,0.9451255302119657,0.970223137147584,0.6839633915983836,0.893028854730403,0.9049315186013054,0.7062087271549757,0.7178962940037497,0.9049315186013054,0.9128551938412923,0.7061072901552498,0.7582788032404284,0.6542795516324991,0.5193030136100327,0.9049315186013054,0.9404469757294383,0.7490394516262374,0.9181860947060068,0.7408329878815838,0.6714875919948512,0.5986980934502746,0.9057285946968182,0.8055694451733069,0.9113525537588967,0.8078115492281963,0.6455939357881797,0.9752107011246878,0.5937956271034466,0.7836102899641324,0.7579310452800685,0.9752107011246876,0.9147116017278332,0.9020872579511305,0.9049315186013054,0.9688588518247441,0.9538502253726338,0.8350721346618362,0.8077359714861503,0.9512723397097897,0.8988430035065225,0.8097384229057569,0.970223137147584,0.8988430035065225,0.9890514895950071,0.9049315186013058,0.8902105416031847,0.7736496656124807,0.8199728879933694,0.9370067185313316,0.5442900713203969,0.9748350526392386,0.6944716214900057,0.9432836274759391,0.8963325235963963,0.9510849633091587,0.9748350526392386,0.7781886259765991,0.5352021093420357,0.9920954850816621,0.8742879430656607,0.8847289094375665,0.8178909988156795,0.8371419773342014,0.9010178520166363,0.8343612972776204,0.9293989960340746,0.935009577556714,0.9476858334518818,0.9890514895950071,0.8877874242285113,0.7003722788668689,0.8857076173482975,0.8691814946619214,0.8864812773106735,0.7807208156770704,0.838462059299615,0.8706976081657615,0.9977262825967365,0.9113565538271904,0.6586086663305197,0.9093422409455717,0.7224598285302897,0.9081986598432301,0.8413921158471316,0.6983377811679128,0.9113525537588967,0.9098086849132956,0.753917635953484,0.9971539625572351,0.8256650941995951,0.9840739333532936,0.9906750269975926,0.9646583258609853,0.9633200991265265,0.9212564811755433,0.932173658933694,0.8959046461825677,0.8246995383205931,0.9217916370027819,0.8596279378142861,0.6735193006459146,0.8370066724312022,0.9018497344665104,0.9018497344665104,0.7225756185255725,0.9221138435339999,0.8959046461825675,0.7598932621695063,0.9049315186013054,0.918186094706007,0.9049315186013054,0.9049315186013054,0.4754846592024202,0.8794294801784417,0.8480887874245626,0.9049315186013054,0.6209248415553572,0.5386468588674719,0.8670014864103508,0.7981503280631901,0.7775931247733288,0.7219218086411565,0.8199728879933696,0.9338103822618529,0.49549170198394443,0.9284363038146397,0.8345639850609581,0.9464118920324346,0.9766783042884537,0.8923778588483195,0.7118559505019243,0.8596279378142861,0.7528966544272313,0.9732495942606136,0.9470837573548079,0.918186094706007,0.8721451489467229,0.9113525537588967,0.9507480664096606,0.9842629902449549,0.9667561449440303,0.8794294801784419,0.6092935262532226,0.8850662431297969,0.8432556563112634,0.7374456360365753,0.9086767723199491,0.9209771336365021,0.8847289094375663,0.9080961023073579,0.8059583844342109,0.6894908196840671,0.7003722788668687,0.9147116017278334,0.8815659050945215,0.9684426716848205,0.7716794155106378,0.7934780588066328,0.9018497344665104,0.6249558166063451,0.8620024941098834,0.9294779121965993,0.636617006658045,0.489907189553921,0.9569942589510874,0.6321074982282908,0.8847289094375663,0.9820485438628549,0.5216318420028558,0.9049315186013054,0.9147116017278332,0.8953735569144758,0.9442661027800154,0.7591508897657238,0.7503127942686765,0.8407339288541584,0.9476471962029371,0.6839633915983834,0.8794294801784419,0.5133479332485279,0.925547493015499,0.6136472006476237,0.8874452201355858,0.28802350076491656,0.8988430035065225,0.9653413489326504,0.9274070129490044,0.8413921158471316,0.8768403073232187,0.8089231239689452,0.9395097118552218,0.64552038867984,0.5708124284328009,0.8480887874245628,0.8589255072412281,0.7402551667300408,0.5490228474869878,0.925547493015499,0.8820580577672703,0.8891026301175454,0.716169561802978,0.7879830974673314,0.8305937391229155,0.9018497344665102,0.6183288948511129,0.7024006022799698,0.9813508256697674,0.6998716917553593,0.9113525537588965,0.9971539625572349,0.8436077083923403,0.8742879430656609,0.9538502253726338,0.8877874242285113,0.85768338970584,0.8321495277836635,0.8874452201355856,0.9400706025742576,0.9147116017278332,0.9294779121965993,0.9049315186013054,0.8480887874245631,0.7672845031141353,0.6268361187315552,0.85035609281834,0.9049315186013054,0.6813063760736419,0.6714108351820778,0.7719886538923457,0.8549492399295393,0.8199728879933696,0.7974876343235751,0.9974670328099186,0.758668031478078,0.8933590343020352,0.9429433364319844,0.6199497416705968,0.85995283838797,0.918186094706007,0.8178909988156795,0.8668291346622676,0.9951877100611972,0.8413921158471316,0.929477912196599,0.9512723397097897,0.8988430035065229,0.9294779121965993,0.8902105416031847,0.8668291346622676,0.9049315186013056,0.7403273300235969,0.7835260000876083,0.8428722888874072,0.9049315186013058,0.8830249020118612,0.5894932340405679,0.5193030136100327,0.9018497344665102,0.9147116017278334,0.8959046461825675,0.9018497344665102,0.9018497344665102,0.8745533197205997,0.9049315186013054,0.8959046461825675,0.8262762309308548,0.9049315186013054,0.8768403073232187,0.7954805011229049,0.842872288887407,0.9113525537588967,0.9464118920324349,0.9486563558223773,0.9018497344665102,0.6183288948511128,0.5547133093274581,0.545883194144084,0.7244770666926554,0.9049315186013054,0.8262762309308547,0.9113525537588965,0.8768403073232187,0.624137574669774,0.876738859681045,0.9217916370027819,0.9080961023073579,0.9552803469034233,0.9694389686632277,0.9145903768331318,0.9049315186013056,0.89261085697357,0.8526425543779204,0.9159469106427363,0.7667516042146321,0.9770797539185191,0.9840739333532936,0.8692844153563803,0.9113525537588967,0.8262762309308547,0.5775166877368049,0.9049315186013054,0.9770647288625649,0.8001210928617848,0.9255474930154988,0.7496770851387413,0.8959046461825675,0.8874452201355858,0.47588713854882225,0.8988430035065225,0.5619373115597068,0.5586060762961312,0.9049315186013054,0.9049315186013054,0.8898848290514583,0.7191257839953366,0.8178909988156795,0.6536779670546673,0.6024152688061579,0.8263599552560223,0.7003722788668685,0.5251665795611059,0.8742879430656605,0.5088987556958886,0.9049315186013054,0.8365856713228093,0.9147116017278332,0.9294779121965995,0.6839633915983834,0.9217916370027819,0.5776263680656042,0.9049315186013054,0.9049315186013054,0.5794479345086407,0.9049315186013058,0.5639162475556934,0.8847289094375665,0.7323682441479433,0.8116963900427683,0.9223156870059126,0.9023560189821773,0.708640792669904,0.720469879906279,0.9049315186013054,0.8413921158471316,0.5305478255937399,0.9080961023073577,0.9370067185313314,0.9974626378076834,0.8291163190049272,0.8326772157836522,0.8458396385168978,0.686301362542448,0.736315356541362,0.9049315186013054,0.5387488855437976,0.8458396385168978,0.8116963900427683,0.7618558185160493,0.7481183350451577,0.8902105416031847,0.0,0.8003504435684548,0.991545896452954,0.9164208997904724,0.6510268958689029,0.9684426716848205,0.9255474930154988,0.8432622929752911,0.9463265979039871,0.4917317357503125,0.9147116017278332,0.9018497344665102,0.6332220690527377,0.80992078487461,0.9182202275367892,0.8797399513228694,0.8630304339107282,0.8670014864103508,0.9294779121965995,0.929477912196599,0.8178909988156795,0.7480320157454754,0.7727844309283914,0.6623880554328871,0.9255474930154988,0.9179069363733625,0.9162029289476569,0.7564898611670963,0.9284363038146399,0.601278980132777,0.9862390105817677,0.957590847195562,0.9080961023073577,0.7015794292677524,0.8720073716712089,0.7052005058920747,0.7432971359817602,0.9049315186013054,0.7974876343235753,0.7803918079690165,0.7169099474692022,0.9255474930154988,0.9099529192181433,0.8768403073232187,0.8977172876927884,0.9049315186013054,0.5815307201669351,0.636617006658045,0.9977262825967365,0.5273959339074628,0.6434995674546062,0.5432327955870409,0.9147116017278332,0.5694737937639868,0.8013168909931296,0.9880418646162648,0.6468548021911563,0.8794294801784419,0.7064437789193878,0.9294779121965993,0.9113565538271906,0.9049315186013058,0.8096470950969048,0.9886412664378648,0.5171273395334777,0.9338103822618526,0.6626492574896172,0.9770647288625648,0.9018497344665102,0.5595652145199732,0.740255166730041,0.8055694451733069,0.6755768406800027,0.6159938460216674,0.9049315186013054,0.567414669638996,0.7441890311446515,0.8549492399295393,0.9049315186013054,0.6027098378705029,0.9653413489326504,0.9217916370027819,0.9113565538271904,0.9400706025742573,0.7306048384599253,0.643154309614222,0.8746394085758462,0.9549882475158464,0.8573880290030096,0.9113565538271904,0.667084286916455,0.9049315186013054,0.990814354882456,0.9049315186013054,0.9688588518247441,0.8645759689407397,0.7180190853315103,0.9294779121965995,0.8525151655799379,0.936146988545846,0.9894661921708187,0.8823845551200094,0.9049315186013054,0.767931006239009,0.6766620071508911,0.7937565886199593,0.9441063970569612,0.8413921158471318,0.9147116017278334,0.8596279378142861,0.9962220459757787,0.973022329697679,0.8305937391229155,0.6159938460216674,0.973022329697679,0.8549492399295393,0.9147116017278334,0.7855093208605664,0.973022329697679,0.9294779121965995,0.9160093690750108,0.7268616160574679,0.806390619329729,0.9018497344665106,0.9962220459757785,0.8768403073232187,0.8349197586889276,0.8413921158471318,0.8651539306315696,0.9912704245562354,0.7129666058584248,0.8306041887792595,0.9510849633091587,0.8378490805692482,0.8549492399295395,0.8388233021673763,0.9412984810251002,0.8421175620502694,0.8283982939872372,0.8692844153563803,0.9080961023073577,0.9113525537588967,0.9308448407315826,0.8480945166318412,0.7302044805475609,0.8644023815981581,0.9964130244444009,0.9147116017278332,0.918186094706007,0.9788931838511575,0.919098962171919,0.9232227791437104,0.6831411647054997,0.8596279378142861,0.9807391101792233,0.9471226958989929,0.8572772924183012,0.9049315186013056,0.8263710077101911,0.8724456568024253,0.8370066724312022,0.8209271434166372,0.992547915353138,0.9181860947060068,0.9010178520166363,0.9726726311317253,0.8717700291221535,0.8959046461825675,0.8620024941098834,0.9843194448435613,0.985000739587379,0.8577458796722872,0.8874452201355858,0.8947182580608023,0.9400706025742576,0.9674815162425319,0.9621048883481085,0.9113525537588965,0.9080961023073577,0.8345639850609582,0.95127233970979,0.9113525537588967,0.942826145348749,0.799145275240317,0.9175372943244358,0.9360462988835683,0.9732495942606139,0.7150888803952432,0.8768403073232187,0.8178909988156795,0.953270131910047,0.719360150435097,0.8768403073232187,0.918186094706007,0.6565200958157673,0.9051106770251169,0.9080961023073579,0.9255474930154988,0.9639150975094835,0.9217916370027819,0.9937371302591335,0.918186094706007
p289_I,0.7951295090356723,0.6801229262754871,0.8364314139191729,0.8141154564679585,0.9155456680159726,0.7829046555068866,0.878197688742916,0.8419063126352029,0.7232158926887489,0.8855324042412522,0.694837942737907,0.8490980979184486,0.8790792081159235,0.49130441812007997,0.9096993899044421,0.8831650819909704,0.7617416498698265,0.9117718772943123,0.8617997030267446,0.7665094653859823,0.9427046227130388,0.6306906648713108,0.8347540142725381,0.8905177901464343,0.670952493723634,0.8028518170159549,0.6479414855219373,0.820462475016416,0.7278474509001205,0.7598013194294562,0.8504502276742942,0.902941079165362,0.8633105822387181,0.9532760375857805,0.8846909396641924,0.7879590278077813,0.7595043994261452,0.6089793205846671,0.8915752582995886,0.5455906567800701,0.845040240616642,0.806723003724291,0.8915752582995886,0.7690883096248748,0.9608919374786331,0.5978512138129575,0.741721235254971,0.713653372357546,0.5221842620390498,0.7564918793683924,0.8688726774726099,0.5872179841603807,0.8028518170159549,0.8312033287884493,0.8633105822387175,0.9511816446337238,0.7667722223656791,0.8538362113124116,0.9564549946611061,0.8345126304092991,0.7296610870173426,0.8450908838929715,0.9593345949092679,0.76382736152214,0.7009387087232473,0.8497208419425224,0.8245117072926218,0.7313252372724337,0.7754268127972193,0.8987200406362263,0.4613518593370627,0.8966865778953753,0.8846909396641924,0.5560597723535632,0.8538362113124116,0.9643727206407532,0.8388940115651082,0.8276741354703553,0.7232544196067832,0.7422146447326956,0.8800862405182628,0.8695783984998033,0.853865698021388,0.8266331758234333,0.8538362113124116,0.4364845853139756,0.9690211032487324,0.7320156733797143,0.9181572103024289,0.8790792081159235,0.8538362113124116,0.2936624716359266,0.617060331861297,0.6842206769294108,0.8326221004189411,0.7852941386082278,0.3623805508026393,0.8764521515096011,0.5767192460462538,0.5868416459314707,0.7437210445821733,0.7417212352549707,0.6524881350591023,0.6453002447273689,0.8816241115933918,0.7141183525888184,0.3649728060701981,0.4833196701095841,0.920744883680388,0.5214548023849925,0.32332081399899393,0.8789644811682344,0.6724799884979045,0.5144447653496766,0.7417212352549711,0.6811032869718154,0.924459798743519,0.8797579337068848,0.7422146447326958,0.6796174460499953,0.8084556902657025,0.41250989131588434,0.5943957519868879,0.8844843124070516,0.8642091596793572,0.4954110297488521,0.7913205640104564,0.704408176020553,0.9410341306992255,0.7561470539717319,0.633863344533484,0.9390064763255969,0.7904433055998696,0.9322652690737794,0.6479414855219374,0.778501218154372,0.6837635000229865,0.7223065022143657,0.7223065022143651,0.844475375621738,0.7064048709863973,0.7278474509001187,0.5357594724881929,0.41478533927547245,0.5120635598906906,0.7427482619370736,0.9306954942332659,0.5596463768092632,0.8692494746944213,0.5169978599978307,0.8051714798718451,0.7296610870173428,0.568657604607596,0.7863836661838937,0.8245117072926216,0.8224366852123803,0.6276894844664632,0.9688853303180611,0.9103688129420342,0.5107878020172525,0.8184940996432846,0.971887349837368,0.7219901930414616,0.5109823703493177,0.9101905285822337,0.4486290358464503,0.7933409683888581,0.8094827499019861,0.9434406127527225,0.668330320857969,0.6634703052389481,0.6412230287244758,0.8183065775312202,0.7785256533348488,0.9417973197862837,0.6080390327519969,0.8248793654172626,0.765795435183013,0.6840169278864074,0.9149622619763226,0.8045440176713865,0.7627024785496832,0.8589769334997011,0.8490980979184484,0.7271062332698188,0.4058859595340285,0.6649417436755904,0.8070569091062172,0.8312033287884484,0.936054417422548,0.8736582841643714,0.924850733569154,0.5318734889124651,0.5542752035830598,0.7669298001357348,0.8538362113124116,0.8905177901464343,0.8053297218666662,0.7136533723575456,0.7088078444534782,0.7904149382610954,0.8490980979184484,0.8538362113124116,0.7699166446324737,0.6604154248881011,0.8855324042412525,0.8538362113124116,0.7142692101131023,0.7963239206394062,0.7391645273726639,0.6763023599543677,0.6637334232698,0.6412230287244749,0.8538362113124116,0.6000720201249394,0.8538362113124117,0.9157187450136202,0.750484324483443,0.681011275315512,0.8538362113124116,0.6730622774013111,0.8538362113124116,0.7273020727895162,0.7892895281944301,0.4689320494335927,0.7618846388841222,0.6759594882314288,0.4474865137559445,0.8444753756217376,0.6594449717219285,0.8227755500574696,0.5622333637332064,0.5882887800972187,0.932516800593691,0.6882381005216134,0.7282698708074835,0.7698485733968017,0.9928025853448612,0.8225521587730333,0.9827033126883884,0.7561470539717319,0.9253078981734773,0.29785232883095436,0.8736582841643719,0.8538362113124116,0.7382009096813968,0.8538362113124116,0.7162311356828956,0.6612883793469966,0.9948537157563818,0.7915243690544611,0.40777560670322677,0.8587016255621231,0.752764516581351,0.6199146658991364,0.38657261860039505,0.9605103282028015,0.6599417798364005,0.8637082826037772,0.35321316740649045,0.8463485982967383,0.6225121407765841,0.8490980979184488,0.9096184581084206,0.5578635937711611,0.8915752582995886,0.7142692101131023,0.8111717628308921,0.8309008895017891,0.7351362653374831,0.37774072322150754,0.9710778825508661,0.6212762340378761,0.6829708365743606,0.7715323142072746,0.7141183525888184,0.5214548023849925,0.9515860545103423,0.6727941245553475,0.7598433694865456,0.7141183525888184,0.7606525809854061,0.6538692239205417,0.9487659661940041,0.9749362240782427,0.5558666257896555,0.6759594882314288,0.9947945115699595,0.5385258011666383,0.7177809962387671,0.8965891561155481,0.96235090313909,0.36765249678109857,0.7141183525888191,0.6600654338407084,0.596984936823945,0.8383808376884841,0.9671712517400539,0.9356403782457077,0.652488135059102,0.6626226304851719,0.6302322706108685,0.7904433055998696,0.49763379411524467,0.7602943132589373,0.7746021087667417,0.9434993673774161,0.7595534342549883,0.5056610102512076,0.8159733523239341,0.6997633914860424,0.6246067296716191,0.5750893071535412,0.5545830733904109,0.34590433718570934,0.8051714798718452,0.7782072129288597,0.8824955088435708,0.7353354075328776,0.856589220640916,0.7248847855093982,0.863708282603777,0.8538362113124116,0.8688726774726097,0.8798965768234067,0.5312701363746702,0.7141183525888184,0.8742145641840269,0.7311663593169,0.8538362113124116,0.9006227189338711,0.8797579337068853,0.8642846770552679,0.8324655347581122,0.7043133443232124,0.5744019875831197,0.9710778825508661,0.5343073264943492,0.4067069125430667,0.9006227189338715,0.8355363665978439,0.36172681002532636,0.8637082826037772,0.7664429046569758,0.4117379714644006,0.831203328788449,0.7427482619370733,0.7829046555068865,0.4314362531428735,0.4862245636278033,0.4538450577855333,0.6194914444349651,0.8490980979184486,0.9714878666601876,0.6582046680693067,0.4983395449672585,0.5018209319463549,0.2884358549281505,0.8538362113124116,0.6663747043881925,0.804037778099721,0.5370023138126736,0.8059601923019071,0.8855324042412522,0.5690436740140301,0.8538362113124116,0.8538362113124116,0.7990302904713598,0.7598767728488229,0.3453218486169809,0.8538362113124117,0.8438334943577079,0.6524881350591025,0.7280325129085239,0.9101905285822338,0.5808102589093203,0.775907048466224,0.5218898769183298,0.7347923382182096,0.39118600137751003,0.47913591990293036,0.8538362113124116,0.8126010973532467,0.46893204943359246,0.423494120911623,0.49742000527334884,0.7398712140258121,0.6270727322904681,0.8965891561155481,0.4664036652695027,0.8538362113124116,0.34539348663039415,0.8642091596793574,0.9931498549182645,0.8558529664429817,0.8587016255621234,0.5205233705864224,0.6367535362255414,0.8538362113124116,0.8055174733115791,0.5448225215017517,0.8538362113124116,0.8459642454699687,0.9413622982144836,0.7221998686662617,0.30318674164018977,0.49763379411524444,0.8538362113124116,0.7092347157677259,0.7313252372724337,0.9804262459572082,0.6628584563525566,0.6001490022696818,0.8080836985441047,0.7361695997762767,0.4981740752674664,0.774602108766742,0.9191559908566294,0.6732839158200901,0.7846657164009355,0.6341628813003246,0.6334576431986403,0.7283282623657419,0.8396720495620453,0.7563749039071174,0.5788328539896255,0.8538362113124116,0.9535986089258481,0.7237517260359425,0.8926779714450865,0.8800862405182628,0.8450500412524607,0.8444753756217382,0.953685524899462,0.9504013869320107,0.8736582841643714,0.7745396583773764,0.7450523201144436,0.8701627159728453,0.8873737381720714,0.5618969441898152,0.9535986089258481,0.6006046874813715,0.8855324042412525,0.9669460357151338,0.8597981632083393,0.760839610688296,0.7608177565549339,0.7665094653859831,0.8697370243993952,0.861068502190701,0.955162120043633,0.806723003724291,0.8227755500574698,0.7707815729676364,0.9061256028138259,0.9844462514379511,0.898376476688626,0.9134350542729317,0.7711862615275753,0.7993848522367963,0.8269517634252845,0.7841838626946305,0.5215063480509265,0.42497367404516373,0.4604548900015517,0.8186417320437713,0.7886883423981843,0.4884109138683066,0.7769905616247288,0.8844412590696267,0.8146279006262445,0.2933937313951286,0.8269517634252845,0.9655151617501259,0.8106471563404556,0.7617305460161808,0.6107963699112937,0.7088403617432,0.934523091766276,0.7223967852746329,0.7033280792497041,0.728269870807484,0.8797579337068853,0.5462466281687967,0.84129952660015,0.8425542844208226,0.9155983483507305,0.6763915266089097,0.6479414855219379,0.9948537157563817,0.8797579337068848,0.5310636991821791,0.4355124046497063,0.955340025889333,0.6712041389219499,0.8211096899093244,0.5460730132041618,0.8080836985441051,0.8399577749125604,0.5071435970789455,0.8538362113124116,0.7363426026476416,0.8538362113124116,0.8538362113124116,0.5326381519969943,0.8146279006262442,0.5277430376119823,0.8538362113124116,0.5052900622079632,0.5889012570591048,0.8365007873070793,0.6865188976909811,0.8446823162702756,0.7289454820873286,0.6902100247500728,0.7200150757054353,0.5954041640214656,0.8355363665978435,0.8050451389252375,0.8742145641840271,0.7835113554892807,0.5729777789436855,0.5854883293307735,0.4868861225290706,0.9744074448022153,0.9320241012496373,0.5996058943868583,0.7363426026476412,0.3415046736977504,0.7417212352549709,0.5520287735729614,0.8227755500574692,0.8789644811682347,0.9648927942410519,0.6355701412822847,0.587284278050574,0.7296610870173428,0.8396720495620453,0.832935054442753,0.8965891561155481,0.8227755500574698,0.727688234841834,0.7104173310103727,0.6470440533309092,0.731765749938452,0.8688726774726101,0.8409355807585704,0.8399577749125609,0.9210494262621034,0.5299486632951582,0.7611474695143753,0.42349412091162275,0.8762594267042216,0.9049746878294581,0.3408410194614735,0.6717028096948092,0.7200150757054353,0.4033431442107672,0.6306906648713109,0.7704953578447551,0.9029265528545503,0.8538362113124116,0.7563749039071174,0.8610685021907014,0.853836211312412,0.7916393338923846,0.8227755500574689,0.8444753756217385,0.6075346825102177,0.4101954148437077,0.8347540142725383,0.4913387638223339,0.8855324042412527,0.3716384462243585,0.8535190019717733,0.6912138522938882,0.8444753756217382,0.8311730457116627,0.7468597462879012,0.601023079345485,0.6481960903122905,0.8631963423685138,0.6709869759880105,0.4163582750107543,0.6664041476805964,0.9221685404616827,0.527898011132669,0.45073029648054785,0.8504502276742938,0.8438334943577082,0.6964714076358824,0.8587016255621236,0.6665659279422271,0.8109442455852438,0.7600125224416816,0.8490980979184488,0.4960613015875559,0.4319716650198795,0.9049746878294582,0.7790663359796404,0.96235090313909,0.6006959661975008,0.6922651988921613,0.9034345468342828,0.7168278004797095,0.5310636991821794,0.8952259697681393,0.7073404207263736,0.8269517634252832,0.8490980979184486,0.7223065022143651,0.8642846770552677,0.8538362113124116,0.7664429046569756,0.6505780406907826,0.6724799884979042,0.558004401537493,0.8538362113124117,0.6803413974148975,0.45410394752831185,0.7296610870173428,0.835636192357817,0.8735144255504408,0.5311238838848478,0.7382618378083501,0.7413472684062798,0.9813346373873647,0.8603830686803436,0.5989778869873299,0.6569883031262365,0.7009387087232484,0.40706489344840247,0.7437210445821734,0.8732447293020549,0.5407577793439746,0.7829046555068863,0.8142384684102784,0.6594151791535015,0.8642846770552678,0.9940945771004706,0.743721044582173,0.6833428634108822,0.9116825309879266,0.8603653674829346,0.8797579337068853,0.8538362113124123,0.874826386730919,0.4130243064080621,0.5109823703493179,0.8490980979184486,0.902941079165362,0.8399577749125604,0.8490980979184486,0.8790792081159235,0.7664429046569752,0.8538362113124116,0.8399577749125604,0.7329070171454055,0.8538362113124116,0.5498039533400629,0.6907037809778225,0.9166782713163664,0.774602108766742,0.8742145641840269,0.8587016255621234,0.8490980979184486,0.3763457208402925,0.6209146365523748,0.814627900626244,0.5986493360552927,0.8538362113124116,0.4213553171192227,0.8403638557902837,0.9336373275557406,0.5388643458684963,0.41064893879681186,0.7141183525888188,0.8231367285947674,0.8186692280313936,0.8019074126838557,0.9006227189338717,0.7759070484662232,0.916854520642427,0.7376755299704221,0.8844843124070515,0.8299236928104756,0.8276741354703553,0.8617997030267445,0.5924034462621109,0.774602108766742,0.6656795316649964,0.6159721614778493,0.8538362113124116,0.837616505169784,0.8713642880526173,0.8855324042412525,0.5876785018236912,0.7048415676958819,0.8542413740168446,0.6040119441086991,0.8444753756217382,0.5049152401276131,0.44646105303167594,0.8538362113124116,0.8538362113124116,0.752764516581351,0.6170603318612968,0.5707373992320572,0.782477132104688,0.6115950940900041,0.5191592948252753,0.5915928153467684,0.5171612548912365,0.5646519660607596,0.5964236075569587,0.8538362113124116,0.7136533723575453,0.7563749039071174,0.8915752582995886,0.39640442037586876,0.7141183525888184,0.5554800000683469,0.8538362113124116,0.8538362113124116,0.4289133417831694,0.7450523201144434,0.5580674460959736,0.7347923382182101,0.5483525145239876,0.9517127127606103,0.7915243690544616,0.8272614952593138,0.5929814846577257,0.5530835200043938,0.8538362113124117,0.42022717934095255,0.5292562300111969,0.7595043994261448,0.9166782713163666,0.8379854447015247,0.7029478690813646,0.9096993899044422,0.4364845853139756,0.8905177901464343,0.9048096722408164,0.8538362113124116,0.5560597723535632,0.7443809244705852,0.7104911254501556,0.46956886061368575,0.9061606957061167,0.8312033287884495,0.8003504435684548,0.0,0.8742145641840267,0.6217958902984269,0.6631715215128313,0.8684078159995328,0.8824955088435704,0.8415527692943039,0.8028518170159555,0.5156269628601973,0.8688726774726099,0.8490980979184486,0.8152145299766487,0.8183065775312199,0.6211115126793227,0.8159554636218433,0.8915752582995888,0.8019074126838556,0.8915752582995888,0.9729552798479699,0.46162239537628746,0.8329350544427527,0.7010712055984356,0.8846909396641924,0.8438334943577075,0.6306906648713109,0.8227755500574692,0.17011785350608644,0.8633105822387186,0.8490980979184486,0.8183065775312199,0.6948410885087379,0.8587016255621229,0.6733912676721969,0.7835113554892805,0.5460730132041616,0.494076042492259,0.8538362113124116,0.25973941274322354,0.9155456680159728,0.48793756526740895,0.8855324042412522,0.999853910055725,0.8106471563404556,0.42282069666593636,0.8538362113124116,0.4913387638223341,0.3408410194614736,0.8598432248265697,0.4948455926609612,0.5423650644923355,0.5156269628601979,0.7563749039071174,0.5699452568087462,0.952006454697794,0.8294184052694571,0.5813144457336801,0.5843125249145253,0.35038111217856127,0.7422146447326958,0.7596215674651341,0.7450523201144432,0.8513771415022597,0.9862814483995228,0.5921549026103627,0.7563867436573588,0.3088688267028169,0.946400396367753,0.8490980979184486,0.5455649306421164,0.6285958812171586,0.6374357655516567,0.4367301232684413,0.3806493155928452,0.8538362113124116,0.4576931642184068,0.6470142833257246,0.5128251540099388,0.8538362113124116,0.5954041640214656,0.8311730457116625,0.7141183525888184,0.8396720495620453,0.8490980979184486,0.7737318370403763,0.8266331758234335,0.769969136887513,0.9281304668502182,0.7329619353358667,0.8597981632083396,0.32628779648621553,0.8538362113124116,0.8142384684102786,0.8538362113124116,0.9166782713163664,0.5243535899614031,0.6671803365948556,0.8915752582995886,0.8550158291017749,0.7414973605425628,0.7264309769254547,0.5128251540099387,0.8538362113124116,0.6416408516850136,0.5393735685980408,0.6393145633611677,0.7077740057946155,0.8365007873070798,0.8926485106781257,0.7841838626946303,0.7805698443377236,0.8001594614292735,0.6917393337250473,0.4072370954435386,0.8001594614292735,0.857156928247676,0.6882381005216135,0.8547604894720454,0.8001594614292735,0.8915752582995886,0.7690837244494466,0.9223339547307454,0.4125098913158839,0.6712041389219496,0.8023679780484718,0.5990000218261768,0.8921841149392045,0.741642112682344,0.8647161984978469,0.77264667037425,0.79903029047136,0.8490980979184486,0.9008518050676437,0.7139557599570263,0.4697836822302226,0.669614260860038,0.6865827664794484,0.7850514204581387,0.9604769917163767,0.6860290252261926,0.8905177901464341,0.7088403617432,0.8792401960074239,0.7898140150442851,0.9586205380315475,0.6633372464059216,0.8748450964215801,0.7563749039071174,0.7363426026476416,0.8852766980503999,0.8102283717361076,0.7504362361518893,0.8861434685414835,0.7519515824477239,0.807605831345098,0.7475092354603796,0.8895605128914645,0.6833428634108812,0.8641810917710029,0.6712724092155471,0.6207172904423004,0.7673839470455575,0.8251532801887778,0.9133620722696102,0.7353354075328773,0.9248554861979303,0.8028518170159549,0.7901916909567992,0.674715868558718,0.898376476688626,0.87713468423123,0.8791979970534536,0.5885689885519511,0.8630425658530374,0.7311663593169,0.9145161709123008,0.872093660987764,0.7088403617431999,0.7276882348418334,0.6897540687082337,0.79152436905446,0.840363855790284,0.904331034034824,0.666404147680596,0.9550590879744535,0.6885980876961344,0.7177809962387676,0.572557055475194,0.9433725012289743,0.7162240710397512,0.9390064763255971,0.5945959592536467,0.623598056069234,0.7363426026476417,0.6917393337250468,0.8547865953907366,0.7913205640104559,0.8855324042412522,0.9486836891252168,0.8797579337068848,0.8982251616910062,0.7363426026476418
p289_S,0.8194144871030816,0.949519449544256,0.906885999414518,0.9858673317522388,0.8929968346358232,0.9675743567407264,0.9471638116040454,0.948079259322322,0.9172245874626139,0.9657671730030435,0.9482479709168006,0.8254572742182221,0.9548710823073732,0.9333065093925876,0.970223678284496,0.9013784409842851,0.9783779352946236,0.9410406098239257,0.8556161648936058,0.9657671730030435,0.9436595831253993,0.9469990271543745,0.9942714459947756,0.9645511776582261,0.9457709851868579,0.9410406098239257,0.9521375655065456,0.9231480466603459,0.9657671730030435,0.9347629248164577,0.9354577472990953,0.9560086947472869,0.9508152934266847,0.9301521134798674,0.8929968346358235,0.964040252388596,0.9577431256853024,0.9508152934266845,0.9675743567407267,0.9398977391608507,0.913419102141044,0.9987511985291293,0.933047051418352,0.9307209469530886,0.9088934360957929,0.8687198626112251,0.9592404230051592,0.9581074754130983,0.939897739160851,0.8445596925710099,0.9607848936032954,0.8705572812086977,0.9410406098239257,0.9841747480714137,0.9813507987576179,0.9387688154666087,0.938768815466609,0.9562880686171875,0.8982897074803415,0.9534886050081051,0.989825263732105,0.9894170690238606,0.9410406098239261,0.913419102141044,0.9623824451410659,0.8843708570014718,0.9560086947472867,0.9458731849598522,0.9635647286988951,0.9640402523885963,0.9322459088752486,0.939897739160851,0.8929968346358237,0.8815711740425954,0.9562880686171875,0.9022918659842716,0.9469990271543745,0.9482479709168004,0.8857568514633035,0.9675743567407267,0.9219798955488125,0.9433718940682514,0.936549554387319,0.9410406098239259,0.9562880686171875,0.9291179679746995,0.9469990271543745,0.9395217193959406,0.9926484018740545,0.9548710823073732,0.9562880686171875,0.906885999414518,0.955734856013263,0.946145257121781,0.936549554387319,0.9544071893297126,0.9050424200568572,0.9032069193824648,0.7904379086393872,0.7919266732908359,0.938768815466609,0.9592404230051592,0.9562880686171875,0.9853812680091014,0.8886981112672732,0.964040252388596,0.920122827656545,0.7843298856175565,0.7426004748278991,0.9458556729955099,0.8932116722416494,0.942198331919694,0.7734584084535399,0.9220794934202008,0.9592404230051592,0.7982744339496258,0.9495194495442563,0.964040252388596,0.9675743567407264,0.9070898366800674,0.7864985157673798,0.9013784409842849,0.9457709851868579,0.935457747299095,0.9410406098239261,0.8212728377122546,0.9577431256853024,0.8805708457535908,0.9548710823073729,0.9270730230791455,0.8074672457986922,0.9592404230051592,0.9607848936032954,0.933047051418352,0.9521375655065456,0.9015174087358588,0.832519656594478,0.9607848936032954,0.9607848936032954,0.9534886050081051,0.8318841922523379,0.9657671730030435,0.8510317922518961,0.9271952774457721,0.9032069193824648,0.9702236782844962,0.7586969892787789,0.8263796013199757,0.9457697991278943,0.8190873193696531,0.9657671730030435,0.6712460213981588,0.9116538466243309,0.8977386203509137,0.9607848936032954,0.9970639700164783,0.9519000164535087,0.9282619895472617,0.9841323151590049,0.9013784409842849,0.8666646566334317,0.9592404230051592,0.9433718940682514,0.7789783388157543,0.9115378627127522,0.9280917395652362,0.9529720363315421,0.913419102141044,0.9912425166211665,0.89063304158233,0.9333065093925879,0.9548710823073732,0.9387688154666087,0.8984876543923497,0.9804262459572082,0.8950201541957774,0.964040252388596,0.8492221365033285,0.9662171720188699,0.9022918659842716,0.9331194706649308,0.9041237274088101,0.9486338396414329,0.9548710823073732,0.8787593440855819,0.9096184581084206,0.7637179762656258,0.9593880781275532,0.9495194495442562,0.9343769343025807,0.9534886050081051,0.7693920287969884,0.8469680690265142,0.7920678930417443,0.9898252637321053,0.9562880686171875,0.9645511776582261,0.9534886050081051,0.9581074754130985,0.9263686634311037,0.968836846578246,0.9548710823073732,0.9562880686171875,0.8868937905864727,0.8244716253407945,0.9657671730030435,0.9562880686171875,0.9242089152001629,0.97613568438159,0.982743090758416,0.9484030384081925,0.9181860947060069,0.9548710823073729,0.9562880686171875,0.9472720887282853,0.9562880686171875,0.8991627522526418,0.9637765273080221,0.9717985827904647,0.9562880686171875,0.9167714410425665,0.9562880686171875,0.9471638116040455,0.920122827656545,0.9280917395652362,0.8932116722416492,0.9592404230051592,0.8412846402989776,0.9752369887774633,0.944562380594602,0.9469990271543745,0.9191520956010528,0.854392235109874,0.9808531012828583,0.9607848936032954,0.913419102141044,0.8881757341961197,0.9162673470024436,0.9971547265784804,0.9761356843815903,0.7785510091061864,0.9783779352946236,0.9013784409842849,0.9752369887774635,0.9562880686171875,0.994900896131559,0.9562880686171875,0.868776470112444,0.9270730230791457,0.9560086947472867,0.9931284229919284,0.8089555424152615,0.9645511776582261,0.6369088428005589,0.9457709851868579,0.9078111670939804,0.9868659623160063,0.8298243919346039,0.9604535056538153,0.8896003271096573,0.8896003271096573,0.7539305378658713,0.9548710823073732,0.9623824451410659,0.9198988420720091,0.9675743567407267,0.872932466993265,0.872932466993265,0.9421983319196943,0.9635780404756726,0.9303915684461666,0.9607848936032954,0.7114347088429492,0.7843298856175567,0.8677534787475789,0.964040252388596,0.8116101880630291,0.9260614370793865,0.9433718940682514,0.9153141563577836,0.964040252388596,0.8108161786537489,0.7977605377511743,0.9623824451410659,0.9124768483179178,0.9333065093925879,0.9592404230051592,0.9301521134798674,0.8061744934456335,0.9534886050081051,0.9592404230051592,0.9592404230051592,0.8266415411912025,0.9640402523885963,0.8480656591165527,0.9816550577048297,0.9013784409842851,0.8230429621054949,0.9640402523885963,0.9562880686171875,0.9398977391608507,0.9534886050081051,0.9607848936032954,0.8115800187854447,0.9150817040227418,0.9592404230051592,0.939897739160851,0.7248010949611222,0.8740070788027339,0.9377482909389646,0.9403760806317423,0.8654261869221106,0.9834403013011903,0.9717985827904646,0.9282564559285412,0.9657671730030435,0.9619936422826709,0.9657671730030435,0.9684459109141506,0.7294883478037413,0.9220794934202008,0.9592404230051592,0.9562880686171875,0.9607848936032954,0.9162673470024436,0.9410406098239261,0.964040252388596,0.9511494252873565,0.9548710823073729,0.9562880686171875,0.9457709851868579,0.964040252388596,0.9675743567407264,0.9230659630317122,0.8479439783560867,0.9433718940682514,0.9560086947472866,0.8053129277244074,0.8527760996057685,0.9919033068160935,0.9508152934266847,0.8631655385537382,0.9604535056538152,0.9301521134798676,0.9977172670293413,0.949519449544256,0.970223678284496,0.9675743567407264,0.8458715030710079,0.9301521134798674,0.835424380863863,0.9521375655065456,0.9548710823073732,0.9841593444361112,0.9013784409842849,0.8061744934456335,0.8047985199567373,0.8440199953549754,0.9562880686171875,0.8779581783452162,0.8202201452691633,0.9311946072310933,0.9792503453259269,0.9657671730030435,0.8213498583550598,0.9562880686171875,0.9562880686171875,0.939897739160851,0.9932373028972724,0.9147187142537472,0.9562880686171875,0.9657671730030435,0.9562880686171875,0.9333065093925877,0.9115378627127522,0.8244716253407944,0.9562880686171875,0.987615254758085,0.9469990271543745,0.8556401296226268,0.8349741162127919,0.9562880686171875,0.8977386203509135,0.9280917395652362,0.8042816287047858,0.8019015276175859,0.9343769343025807,0.8877959618256668,0.9592404230051592,0.818130184355884,0.9562880686171875,0.8255782681497181,0.99912262812238,0.9147187142537472,0.8436777473952084,0.9577431256853024,0.8883704299920676,0.9508152934266845,0.9562880686171875,0.7492744870590519,0.995165683932139,0.9562880686171875,0.8526697838754016,0.9492869580838094,0.8984876543923497,0.8410397610823424,0.8115800187854447,0.9562880686171875,0.9394373506523193,0.9814914270638063,0.9623824451410659,0.942787579604113,0.9069743965231253,0.7126640605978498,0.9674041840082093,0.910601968746465,0.9592404230051592,0.9150817040227418,0.8161288473062227,0.944562380594602,0.87959448277594,0.9948451891592136,0.8886981112672732,0.9331052725841534,0.9607848936032954,0.9410406098239261,0.9562880686171875,0.9640402523885963,0.9153141563577833,0.8978561483651695,0.921979895548813,0.9376530086096915,0.9534886050081051,0.9567586610681005,0.9577431256853024,0.9534886050081051,0.9482479709168006,0.9562880686171875,0.9495194495442563,0.9347189984066651,0.9172245874626139,0.9457879562525047,0.8196396609570097,0.9398072791970183,0.9178689456870834,0.9331052725841534,0.9432129412342417,0.9469990271543745,0.9657671730030435,0.8602519291845265,0.823974570810734,0.989737435419342,0.9987511985291293,0.9469990271543747,0.9162673470024436,0.9592404230051592,0.9808531012828585,0.9568407342490961,0.9137367208956324,0.9433718940682516,0.9997376336428517,0.9868659623160061,0.9354577472990953,0.896467838022496,0.9047777385165501,0.9633200991265265,0.9521375655065456,0.9294698579761843,0.9059631313150907,0.9090110235284588,0.816321656400867,0.9942714459947757,0.8430302626854402,0.9482479709168006,0.9075881164980933,0.9433718940682516,0.9270730230791457,0.8548074383008888,0.9592404230051592,0.936159000349494,0.9134425692262829,0.9291179679746995,0.9997376336428516,0.964040252388596,0.9037282181939594,0.8031339745685981,0.9511494252873565,0.972734784585152,0.9521375655065456,0.9521375655065456,0.9560086947472869,0.964040252388596,0.935457747299095,0.8498860850829324,0.9250566218612026,0.9548710823073732,0.9548710823073732,0.8191820589181511,0.9660244666247457,0.9521375655065456,0.927195277445772,0.9562880686171875,0.9623824451410659,0.9562880686171875,0.9562880686171875,0.7919266732908359,0.9445623805946022,0.9301521134798671,0.9562880686171875,0.8034122967344914,0.7646941245938879,0.9270730230791455,0.9439031868380376,0.8977386203509135,0.8656041668745094,0.9619936422826709,0.9606832254354425,0.795417965642854,0.9508152934266845,0.8563544596932948,0.9623824451410659,0.920484899971618,0.9970698702824428,0.8390184586479894,0.935457747299095,0.9508152934266845,0.9534886050081051,0.9764397723235272,0.9623824451410659,0.9531174117707755,0.9592404230051592,0.9581074754130985,0.925875451020248,0.8806502594267758,0.944562380594602,0.9558081663030686,0.9343769343025807,0.9443139433986842,0.9331052725841533,0.9662171720188699,0.799841362971764,0.9894382119329367,0.9577431256853024,0.9746202948705036,0.801492024336121,0.896467838022496,0.9560086947472864,0.9841323151590049,0.9521375655065456,0.9071047104360574,0.9050424200568572,0.9548710823073729,0.8042816287047858,0.936549554387319,0.9675743567407264,0.8656041668745095,0.8543687314766314,0.994900896131559,0.8634735286984616,0.9469990271543745,0.9660244666247457,0.7863492019218806,0.9562880686171875,0.9607848936032954,0.9231480466603458,0.9562880686171875,0.9891726316205178,0.9258754510202482,0.8326881763486002,0.936549554387319,0.85468821698147,0.9942714459947757,0.8088965260520998,0.9657671730030437,0.8548074383008888,0.8570938287816194,0.8569180351783114,0.9534886050081051,0.9508152934266845,0.8871339301744107,0.9270730230791457,0.9433718940682514,0.9623870526338894,0.9862206537232238,0.8370123492175012,0.7895388029676925,0.9808531012828583,0.8421718659231511,0.8805708457535908,0.935457747299095,0.9657671730030435,0.9295775988190449,0.9645511776582261,0.8612981558461013,0.9060691392655614,0.9911841280007907,0.9548710823073732,0.8245098594864115,0.8631655385537382,0.9675743567407264,0.7549325415948591,0.9592404230051592,0.9291179679746995,0.977678477490042,0.9421983319196943,0.9153141563577833,0.935457747299095,0.8049261828249475,0.9555872102327528,0.9868659623160062,0.9548710823073732,0.9607848936032954,0.9675743567407267,0.9562880686171875,0.9301521134798674,0.9209050008316386,0.838890578437727,0.931194607231093,0.9562880686171875,0.9817048408157758,0.8822556897514986,0.8077799823984213,0.9333065093925879,0.9172245874626137,0.94831171741693,0.8672022361501449,0.9900255316441281,0.9931284229919284,0.9191520956010528,0.777517982354434,0.9059631313150904,0.9623824451410659,0.9162673470024436,0.9387688154666087,0.9592404230051592,0.9270730230791457,0.9675743567407264,0.9931284229919284,0.9534886050081051,0.9675743567407264,0.949519449544256,0.9387688154666087,0.9562880686171875,0.8640960613563904,0.9004665216997629,0.4949289994580106,0.968354383009318,0.9894382119329367,0.8759261216754275,0.8441816987551352,0.9548710823073732,0.9607848936032954,0.9521375655065456,0.9548710823073732,0.9548710823073732,0.9301521134798674,0.9562880686171875,0.9521375655065456,0.9201228276565451,0.9562880686171875,0.9433718940682514,0.9471353582128486,0.964040252388596,0.9592404230051592,0.9623824451410659,0.9577431256853024,0.9548710823073732,0.8894843969696304,0.8712468715764569,0.9942714459947756,0.8280239609550393,0.9562880686171875,0.9201228276565452,0.9604535056538152,0.9433718940682516,0.8531408120018441,0.921098539831031,0.964040252388596,0.9577431256853024,0.6179490588338021,0.9761356843815903,0.9457709851868579,0.9562880686171875,0.9270730230791455,0.9639272200030258,0.935457747299095,0.8654261869221105,0.9868659623160062,0.964040252388596,0.9970639700164783,0.9592404230051592,0.920122827656545,0.757596415248057,0.9562880686171875,0.9562880686171875,0.8986467260787543,0.9657671730030435,0.8603611522754102,0.9521375655065456,0.9868659623160062,0.8176927275023205,0.9534886050081051,0.8556370319526976,0.8294083099774061,0.9562880686171875,0.9562880686171875,0.9282619895472616,0.9557348560132629,0.9162673470024434,0.8656041668745094,0.7520666751277895,0.8410397610823424,0.862232927318646,0.8142265265514221,0.942198331919694,0.8320786874874866,0.9562880686171875,0.9981498569583073,0.9607848936032954,0.9675743567407267,0.85468821698147,0.964040252388596,0.8084896529125534,0.9562880686171875,0.9562880686171875,0.8066326214619552,0.9562880686171875,0.8318345169007222,0.9469990271543745,0.876944484906568,0.9568407342490961,0.9376530086096915,0.913419102141044,0.8375787914687519,0.8714736866604258,0.9562880686171875,0.9270730230791457,0.7934030620204686,0.9577431256853024,0.964040252388596,0.9425174783713437,0.8677220583791982,0.9230659630317124,0.9291179679746995,0.8868454810017546,0.8787593440855819,0.9562880686171875,0.8146770761041979,0.9291179679746995,0.8260511052106428,0.8905026990324318,0.9209050008316384,0.8515631433027532,0.991545896452954,0.8742145641840267,0.0,0.8868937905864727,0.7915944769687157,0.9783779352946236,0.9657671730030435,0.9858673317522388,0.9410406098239259,0.8320786874874866,0.9607848936032954,0.9548710823073732,0.9155170264162831,0.9387688154666087,0.974801654315965,0.8601003488813,0.9330470514183521,0.9761356843815903,0.535532684054667,0.9675743567407264,0.9162673470024436,0.9311946072310933,0.9618517021806037,0.9683543830093181,0.9657671730030435,0.9469990271543745,0.544498885544116,0.8893852688139479,0.9508152934266847,0.9548710823073729,0.995067487912588,0.9926484018740545,0.9577431256853024,0.8330375920813431,0.9291179679746995,0.8524694551907273,0.8780603712118291,0.9562880686171875,0.906885999414518,0.9562880686171875,0.7920678930417444,0.9657671730030435,0.8215997898755991,0.9433718940682516,0.9472720887282853,0.9562880686171875,0.8088965260520998,0.8329186262686774,0.9433718940682516,0.8075404270671704,0.8481241250733967,0.7991899570486454,0.9607848936032954,0.8206594299746419,0.8213498583550596,0.9309752480861735,0.8624031815176508,0.944562380594602,0.8650245675108712,0.9675743567407264,0.944562380594602,0.9562880686171875,0.9124768483179178,0.9970639700164783,0.7971072726141636,0.9162673470024436,0.8698279893689653,0.9562880686171875,0.9548710823073732,0.7919880082840163,0.880570845753591,0.910601968746465,0.8042816287047857,0.8234362176999166,0.9562880686171875,0.7933260374223116,0.8823796135894799,0.9333065093925876,0.9562880686171875,0.8296528763467041,0.9508152934266845,0.964040252388596,0.9445623805946022,0.9548710823073732,0.8677987043663946,0.9410406098239261,0.9543462946456163,0.938768815466609,0.9674041840082097,0.9942714459947758,0.8390340081240997,0.9562880686171875,0.6740190907146508,0.9562880686171875,0.9457879562525047,0.9580186848345915,0.9004665216997632,0.9675743567407267,0.9540645211449861,0.9602082214267222,0.991545896452954,0.9333065093925879,0.9562880686171875,0.8743987568468052,0.8221251089173612,0.941675352857454,0.935457747299095,0.9270730230791457,0.9607848936032954,0.9354577472990953,0.9343769343025807,0.9727347845851518,0.7586969892787789,0.8559043354450986,0.9727347845851518,0.9333065093925879,0.9607848936032954,0.9013784409842851,0.9727347845851518,0.9675743567407267,0.9410406098239261,0.9577431256853024,0.9413830194575712,0.9548710823073729,0.9591464247864108,0.9433718940682514,0.906885999414518,0.9270730230791457,0.9331052725841533,0.9260614370793865,0.9457697991278944,0.8986811553763571,0.9894382119329369,0.9320142571782083,0.9333065093925879,0.9153141563577833,0.9580186848345915,0.9240582376582438,0.9210985398310307,0.9457697991278943,0.9577431256853024,0.9592404230051592,0.959388078127553,0.9653967881313257,0.9376530086096915,0.9376530086096915,0.9981498569583072,0.9607848936032954,0.9623824451410659,0.9190121941236467,0.9912425166211665,0.9674864328965502,0.9291179679746995,0.935457747299095,0.87959448277594,0.9919033068160934,0.9876152547580852,0.9562880686171875,0.9954784803836645,0.933629408597108,0.9731307655897723,0.9981498569583073,0.9194155623211009,0.9623824451410659,0.9301521134798674,0.9155170264162831,0.9410406098239257,0.9521375655065456,0.936549554387319,0.9128943694267471,0.9224249212097695,0.9876700192780359,0.9482479709168006,0.8575991742253071,0.9548710823073729,0.9817048408157757,0.9203711802742952,0.9592404230051592,0.9577431256853024,0.9368056844674395,0.9376530086096913,0.9592404230051592,0.9986975721475879,0.9917401414037557,0.9497602623463041,0.9534886050081051,0.9534886050081051,0.9756341744207683,0.9433718940682514,0.9606832254354423,0.9592404230051592,0.941443805073592,0.9433718940682516,0.9623824451410659,0.9911841280007905,0.8806502594267756,0.9577431256853024,0.9657671730030435,0.9413830194575714,0.964040252388596,0.9905012176658479,0.9623824451410659
p289_T,0.7340958328089449,0.8482181063450629,0.7817441318772098,0.8446233611710579,0.872481204017946,0.9451910326286186,0.6551845063427664,0.6397995161813804,0.5758395950054418,0.8970707874646666,0.8443951006116728,0.9586655795685093,0.8526214112890986,0.7994700095886347,0.9104703404528036,0.9440373449572788,0.8859360759044477,0.778104059997387,0.9306102629156661,0.8970707874646666,0.6133751835959249,0.8406398513598703,0.9909513036624982,0.9063218245476552,0.8637184774341826,0.47872543442320925,0.8560901005086945,0.9393197889086639,0.8970707874646666,0.5435589723230594,0.5452289665512677,0.867729579901015,0.6816937913057293,0.6220134862180429,0.904849855452041,0.8918783860608352,0.9063218245476552,0.8521143720668201,0.9025045192170253,0.8192881242230783,0.7380960105019749,0.9022980141213128,0.9451910326286186,0.9605101832261711,0.9456280266959542,0.990918066041172,0.9119407584989208,0.5435016788702152,0.8192881242230785,0.9952693309372403,0.9178303757589166,0.9230956313062009,0.5036736532210575,0.8766987224447131,0.997799321012899,0.7971908863788372,0.8400759547129952,0.8685695845092949,0.7643813915127307,0.8601523251100107,0.6957257921041745,0.9739494600763556,0.8726208768327395,0.644840609766341,0.8868937905864729,0.8098562113488019,0.8820903683689052,0.8414608765348801,0.6512481216929178,0.9306102629156658,0.7962810595181657,0.8369438822012835,0.9333068873774841,0.7732151953882633,0.8685695845092949,0.7581562792815286,0.995545834354779,0.9605093626552351,0.8566736441165143,0.9025045192170253,0.9001366825354136,0.8555389703439993,0.8092210029130831,0.578518309614602,0.8685695845092949,0.7868761542855602,0.8406398513598701,0.7199685298862879,0.9058115363815293,0.8643090749973119,0.8685695845092949,0.7200304036493876,0.9826475430374382,0.795862961155835,0.8796985118815754,0.8552510919073671,0.7496452470384383,0.7523816348977577,0.7542567619323913,0.7582031881259561,0.8400759547129952,0.8774465467393255,0.8685695845092944,0.7559000969640832,0.6653441516245971,0.891878386060835,0.7598301054834913,0.7843937436980332,0.8904895064960727,0.750707522953701,0.6789152562506928,0.8262054086487349,0.7263760546995423,0.7657132908326247,0.877446546739326,0.824227044310498,0.8482181063450629,0.891878386060835,0.9025045192170251,0.6282685927852419,0.8779122094369938,0.7034706070463592,0.8369474483722918,0.8059382227955845,0.8227244392370432,0.4904764749799222,0.9396990861996748,0.7186545626997252,0.864309074997313,0.8860980147672435,0.6481355208222641,0.8810939709435122,0.9178303757589164,0.9451910326286186,0.8560901005086945,0.9568442248481714,0.80371699690133,0.8820903683689056,0.8820903683689052,0.8907671269543138,0.943383467906792,0.8970707874646666,0.48048996265674393,0.8618367261281596,0.7089683663076456,0.60338911584048,0.991398737439187,0.6700093836700788,0.8192881242230787,0.8875165383724268,0.8970707874646662,0.8912125211676801,0.6578697982831463,0.4324350367195652,0.8820903683689054,0.6159501720455183,0.7283981522418435,0.8260178391724936,0.9829838956390193,0.7034706070463592,0.5428845587199349,0.9809291820181094,0.8297340049818103,0.8943600046606217,0.7143519633255346,0.7837905522090254,0.8770611104667188,0.9246068119732453,0.9323614642024436,0.9270847215663895,0.889776712753481,0.8643090749973121,0.531186569846182,0.6504616571414747,0.7090878981255644,0.8667768790855743,0.9693421397704964,0.793998142115024,0.9032829665001691,0.9827739201733012,0.8602547051567759,0.7814706318185972,0.9126225864946287,0.864309074997313,0.9938403525090029,0.6522102635518816,0.6436643755415086,0.802165463602766,0.848218106345062,0.8484238679708538,0.9213819287986169,0.9049546058661695,0.9747249192268963,0.8480316895992341,0.7764600394243582,0.8685695845092949,0.8729445628956358,0.9213819287986174,0.9304069955601697,0.8568847887592461,0.7461565987005379,0.9586655795685093,0.8685695845092949,0.8455272797378051,0.8619502039165151,0.8970707874646668,0.8685695845092949,0.9955248022100527,0.6081236897106694,0.6717648789385375,0.8175057581340099,0.9939673109169016,0.8643090749973128,0.8685695845092949,0.7190668243670582,0.8685695845092951,0.8238062391128155,0.9181700080836417,0.9443661090190607,0.8685695845092949,0.6564569739561009,0.8685695845092949,0.8998291643694025,0.5895310656961139,0.7837905522090249,0.8117077252564737,0.8774465467393253,0.8838320319364363,0.8601523251100105,0.8858594269006359,0.8406398513598705,0.756911366518008,0.631851786440556,0.8397916168739636,0.8820903683689054,0.7396737453784709,0.8587346468810888,0.9083557479268635,0.9717796183137632,0.8399387418249576,0.6081236897106703,0.8560901005086945,0.7034706070463592,0.8601523251100112,0.8685695845092949,0.939019107740013,0.8685695845092949,0.5491224881598131,0.7807275365334763,0.9893103905389391,0.8363673959571323,0.8560591193838616,0.8729445628956358,0.8468755339330516,0.8369474483722923,0.722812142379837,0.9837490554210242,0.7682153301653765,0.877446546739326,0.6842052006453323,0.39534053094365096,0.9234976089316365,0.8643090749973119,0.9611758447846426,0.9813596820098153,0.9025045192170253,0.7050756907448528,0.9028180087771269,0.8515696104729278,0.46624141256501184,0.7089151427934763,0.9893103905389391,0.9229397953397493,0.7687853862666625,0.8800982113666793,0.891878386060835,0.7218760030716866,0.638298586327458,0.8297340049818103,0.8210967245300529,0.891878386060835,0.6277253198770862,0.8162210310740238,0.8868937905864729,0.6891206202993564,0.7994700095886342,0.8774465467393255,0.9486806822019268,0.8528501793000178,0.8601523251100107,0.7086229121455403,0.9464349702585149,0.9119018577285769,0.8918783860608352,0.682897343199363,0.8568736698307052,0.7638459018651765,0.8047529831701901,0.8918783860608352,0.8685695845092942,0.8192881242230785,0.8601523251100112,0.8820903683689054,0.8395727423600616,0.9113291673878858,0.877446546739326,0.7878341688333362,0.8689873703266588,0.975186875290766,0.9463396124189631,0.8719990431730138,0.5976322661837572,0.7969650186108659,0.6381814881097116,0.719419678049166,0.8970707874646662,0.8258275723635565,0.9376297985946609,0.8553190002077402,0.9493203017075047,0.9733820224315535,0.877446546739326,0.8685695845092949,0.6890295429509581,0.7482376773236084,0.8227244392370432,0.891878386060835,0.9983168718837272,0.8643090749973128,0.8685695845092949,0.8369474483722923,0.8918783860608352,0.9025045192170251,0.8294469165016842,0.8430667115959293,0.8297340049818103,0.8820903683689054,0.8648227020507124,0.9957754419508226,0.890489506496073,0.7982417504625892,0.9987532555825318,0.9119407584989208,0.6220134862180418,0.9790255672982108,0.6391308038612231,0.967994523620517,0.9025045192170253,0.8978610935771301,0.7899855610109621,0.8800982113666795,0.8560901005086947,0.8643090749973119,0.863176862394641,0.8581206528462362,0.796639457255363,0.7928717238560767,0.9716973181127895,0.8685695845092949,0.663466338245382,0.916077606541017,0.7931200687422753,0.8299433050373795,0.9406931680153552,0.9836367685882649,0.8685695845092949,0.8685695845092949,0.8929526942750012,0.8857247614540069,0.6817982102946298,0.8685695845092951,0.8970707874646664,0.8685695845092947,0.7994700095886345,0.6959642736835182,0.8480316895992341,0.8685695845092944,0.8026884990541281,0.8406398513598701,0.9847170742932992,0.9398673552023694,0.8685695845092949,0.7858159091454261,0.7837905522090252,0.8419744389376111,0.876560632100646,0.8255561835124907,0.6946651663175909,0.7086229121455401,0.8299334326165375,0.8685695845092949,0.908416908152696,0.8975690956305871,0.8084909598253629,0.8332481302014365,0.9730763478516944,0.9450141288188851,0.8521143720668205,0.8685695845092949,0.9868691295343734,0.8181575305299735,0.8685695845092949,0.8712915524292162,0.8475190649557238,0.9506843885522637,0.975186875290766,0.8115656630990808,0.8685695845092949,0.6960169203158331,0.7454591973987146,0.8868937905864727,0.6767833574785584,0.7769385651138856,0.799262761775636,0.5013112787922034,0.8772980843884248,0.877446546739326,0.9590491801438059,0.6372083188013414,0.8595864577101704,0.6834601895432666,0.7223433275630793,0.8361216352249949,0.9384053652815667,0.8820903683689054,0.8227244392370427,0.8685695845092949,0.9693421397704967,0.932796883415221,0.9047825534730576,0.9047677807314949,0.8125388029354919,0.8601523251100107,0.8001223269500775,0.8729445628956358,0.8601523251100107,0.8722658915735433,0.8685695845092947,0.9051793385443652,0.779703918553533,0.7511158505688693,0.9693421397704964,0.681463244584918,0.8970707874646662,0.8766987224447143,0.8858594269006357,0.8152634435021493,0.8952446227883204,0.9376297985946609,0.9867358557483281,0.9967825975031106,0.8445867697677376,0.8769338122971204,0.6679172057840774,0.9962535368649346,0.9155881827031065,0.9486806822019268,0.7396737453784703,0.757135546155673,0.9071489010683773,0.7380960105019745,0.844395100611673,0.5452289665512677,0.6298854273968435,0.6720350845803655,0.7733934557038102,0.8560901005086945,0.6889302734756777,0.7526253460890475,0.9349300643359038,0.8813439357061883,0.8333134885197042,0.96813234928502,0.9837490554210246,0.8696353451446877,0.8555389703439993,0.8018016321802297,0.5076898217711919,0.8774465467393255,0.9241177620247011,0.9747249192268962,0.8299433050373788,0.9246068119732451,0.891878386060835,0.5694272961624582,0.7283628321122022,0.8868937905864729,0.8263889612678417,0.8560901005086945,0.8859360759044479,0.9178303757589166,0.891878386060835,0.8059382227955845,0.993283429723485,0.6884484281698251,0.8643090749973128,0.9784300840506932,0.7279909394218463,0.8386954180677813,0.8560901005086947,0.9102816876234767,0.8685695845092949,0.8868937905864736,0.8685695845092949,0.8685695845092949,0.7582031881259561,0.8333134885197042,0.7899855610109621,0.8685695845092949,0.8031691435716057,0.7024459680420808,0.8228757278269845,0.7251921385050721,0.785815909145426,0.9609352406090412,0.7703456949810319,0.7482376773236084,0.6789763651866012,0.881251361856036,0.930834679483709,0.8868937905864736,0.5886501598130667,0.9532643133178729,0.6842621713148023,0.8059382227955849,0.9103883516452518,0.8601523251100107,0.8040681587425396,0.8868937905864731,0.7494651983848177,0.877446546739326,0.7613062123413639,0.8679422370740952,0.8262054086487349,0.7988649428137772,0.6721883357309995,0.8484238679708536,0.6175311004787707,0.8514108811947079,0.815152648293854,0.9845766062222959,0.8679422370740957,0.8729445628956358,0.7985436551374347,0.6179954119070368,0.9289625253159947,0.8820903683689054,0.8788935569730776,0.8560901005086949,0.9182245655894495,0.9866696981346305,0.8643090749973128,0.8419744389376111,0.8853764582234488,0.9025045192170253,0.9609352406090412,0.6963805714160429,0.8054721064485295,0.9258602558370641,0.8406398513598703,0.8781280743599258,0.9489540230278568,0.8685695845092949,0.8820903683689054,0.7050285390851675,0.9009382359433893,0.8615117132808128,0.9682434486405537,0.8601523251100109,0.8092210029130831,0.9247768805224963,0.8858594269006361,0.8041305304380187,0.8595751457553652,0.8561516064639803,0.8443951006116728,0.9552810885480576,0.8601523251100107,0.9395253414344673,0.9967220031761845,0.8018016321802295,0.8813439357061883,0.9603022750787705,0.7743811111647487,0.946897228838725,0.975164752211664,0.9206524394045177,0.8148051381602666,0.970357493582155,0.8754560239369928,0.8970707874646666,0.8369474483722918,0.9396990861996748,0.9791213834276247,0.9465120340101439,0.740014667501462,0.8643090749973119,0.9328418339509528,0.9545383553487525,0.9451910326286188,0.7870538335195245,0.9155881827031066,0.916077606541017,0.8689873703266588,0.7426031603399932,0.8968217682391992,0.8291108231760542,0.9440315646198538,0.874294409539798,0.6818014530365327,0.990117747758908,0.8820903683689054,0.9451910326286188,0.8685695845092949,0.7899855610109623,0.8277474568871029,0.8528501793000178,0.7931200687422753,0.8685695845092951,0.7579818769735105,0.9673791998536962,0.9719467684878655,0.7994700095886342,0.7489081947149065,0.8445867697677376,0.8194712303288416,0.7519262152001913,0.87768948778318,0.8351060581434107,0.7079796935896472,0.9644165184655091,0.8868937905864736,0.7482376773236081,0.8158937441191174,0.8774465467393258,0.7807275365334763,0.9025045192170251,0.9078531750220546,0.8601523251100112,0.9025045192170251,0.7530532682598257,0.8400759547129952,0.8685695845092944,0.9359120198742539,0.7694537022055288,0.9693421397704967,0.9695871583202313,0.9682434486405538,0.9047422456964156,0.811565663099081,0.8643090749973119,0.9392095946810385,0.8560901005086945,0.8643090749973119,0.8643090749973119,0.8770968132733326,0.8685695845092949,0.8560901005086945,0.759830105483492,0.8685695845092949,0.8297340049818103,0.7703102295543882,0.9144622296650116,0.877446546739326,0.9611758447846424,0.9730763478516944,0.8643090749973119,0.8491154574453608,0.7514348548353778,0.9909513036624982,0.7629404543357097,0.8685695845092949,0.7598301054834908,0.9464349702585149,0.8348014453097331,0.837202023006366,0.7627638183722885,0.891878386060835,0.8729445628956358,0.8637184774341828,0.7807275365334765,0.8637184774341826,0.8685695845092944,0.7807275365334769,0.8854754633534663,0.9449738250784012,0.7861160828838409,0.9837490554210244,0.8918783860608352,0.8192881242230787,0.877446546739326,0.8189790899217082,0.6552370149920688,0.8685695845092949,0.8685695845092942,0.7804358728235228,0.8970707874646668,0.9659849783595004,0.8560901005086945,0.9280074734972836,0.7812156679842754,0.8601523251100107,0.886204933692893,0.8623522126785352,0.8685695845092949,0.8685695845092949,0.8194013498979933,0.592020571061582,0.7482376773236079,0.9749748012587778,0.7158012390522281,0.9610262817067032,0.9583726618018055,0.8189486552144398,0.8262054086487347,0.8200215275642687,0.8685695845092949,0.855251091907367,0.8820903683689054,0.9025045192170253,0.9739494600763559,0.891878386060835,0.8003374725315311,0.8685695845092949,0.8685695845092949,0.849027547228259,0.8685695845092944,0.8694688323842397,0.8952446227883206,0.9402813558121453,0.7007938502077209,0.8840245820004138,0.7583248255255974,0.8317627665728897,0.9904800742411848,0.8685695845092951,0.780727536533476,0.804719497031892,0.8729445628956358,0.9919259833746729,0.8098867190035239,0.961668094977058,0.7686793485383445,0.78687615428556,0.8934146055402278,0.8702740907199102,0.8685695845092949,0.7301152315644446,0.7868761542855602,0.6448406097663419,0.6707700779623536,0.8119755089561569,0.8482181063450633,0.9164208997904724,0.6217958902984269,0.8868937905864727,0.0,0.7166463363289415,0.9157820513002009,0.8970707874646662,0.97476323249925,0.9527415915823233,0.692879988701085,0.8820903683689052,0.8643090749973119,0.5816664910984191,0.8400759547129952,0.8439498234737364,0.7962810595181655,0.9451910326286188,0.8018016321802297,0.9025045192170253,0.9025045192170251,0.7673158203652486,0.9865541357419371,0.6113703715971509,0.9333068873774839,0.9376297985946607,0.8679422370740952,0.9409410629263286,0.6529155611710347,0.6816937913057302,0.8211692430986995,0.8158937441191172,0.7698099282202923,0.8729445628956358,0.8591276294285759,0.8514768804132891,0.5707120781283621,0.6473518640034199,0.8685695845092949,0.7200304036493874,0.998044190245674,0.7784391180128292,0.8970707874646666,0.9276622159455052,0.5509468263256545,0.6884683113251016,0.8685695845092949,0.8602385308058386,0.9328561193095681,0.9329538664305661,0.8003922283454382,0.8306818138200223,0.7776410146098742,0.8820903683689054,0.7463002984515419,0.9568442248481714,0.6740361824978071,0.9643777028130729,0.8333134885197049,0.6830076955563098,0.9025045192170253,0.9384053652815671,0.8685695845092942,0.7553580119793231,0.8929526942750015,0.6834074743951055,0.7482376773236081,0.946897228838725,0.965675538811579,0.8643090749973119,0.7143264897041078,0.8926105076526248,0.7494651983848173,0.8558598811228117,0.9014498737030774,0.8685695845092949,0.8377108450086846,0.8682549236371148,0.7994700095886345,0.8685695845092949,0.8113219793727513,0.8521143720668203,0.891878386060835,0.8333134885197042,0.8643090749973119,0.9350578007140448,0.9028451539866271,0.7891804163400229,0.8158937441191174,0.9019928540438709,0.9827757271470362,0.9680759076637593,0.8685695845092949,0.907853175022054,0.8685695845092949,0.891878386060835,0.8592506420573469,0.5985448005930573,0.9025045192170253,0.9031910148710731,0.9095904405125135,0.6450084608479696,0.822046685379846,0.8685695845092949,0.8558412853110073,0.7788006269932968,0.8397099581566019,0.8522834235565233,0.8188646461782051,0.8820903683689054,0.8001275707364333,0.8712915524292162,0.8050897567384345,0.5788627104658518,0.9432883839266106,0.8050897567384345,0.9296098809168268,0.8820903683689054,0.7638459018651765,0.8050897567384345,0.9025045192170253,0.9724137520241316,0.9730763478516944,0.7378372838907763,0.8643090749973128,0.8026884990541279,0.8297340049818103,0.6927752989355307,0.9874574113522344,0.9121323960911014,0.5965831968063391,0.9666172643269235,0.8840735794794969,0.9225470085025456,0.880249631180232,0.7994700095886347,0.9138656224879345,0.7922104241844126,0.8739079810897339,0.6803200389413813,0.8192881242230787,0.9396990861996748,0.877446546739326,0.705621752287783,0.8877905066371863,0.9555103610653355,0.8125388029354919,0.562290654783416,0.8820903683689052,0.8868937905864736,0.7712026356846209,0.5564814163704827,0.9394501156169424,0.9762545165794347,0.8059382227955849,0.7555176601436189,0.8904895064960727,0.5570163361117181,0.8685695845092942,0.7213900784708585,0.9994488701278454,0.7746647422005204,0.48713475113061333,0.9230956313062008,0.8868937905864729,0.85531900020774,0.7939358733297195,0.5036736532210575,0.9157820513002011,0.8327135059025805,0.8888823865554851,0.7649468031375266,0.6057731197452615,0.844395100611673,0.7602237485096479,0.8957612431877118,0.7999960587722528,0.6826381496100744,0.8774465467393258,0.8729445628956358,0.5508169184583509,0.5202605924585684,0.9464349702585153,0.9220144222957176,0.789964761561504,0.7064208798491052,0.9213819287986171,0.8601523251100109,0.7817913501533277,0.8813439357061883,0.8701994618435825,0.911940758498921,0.6694789153126334,0.8297340049818105,0.8868937905864736,0.5967684834698085,0.87693381229712,0.9063218245476554,0.8970707874646666,0.7466625634429682,0.9306102629156658,0.644734773033375,0.8868937905864736
p291_I,0.8743145089152267,0.8409471212756858,0.7066186935571892,0.7898637875872265,0.6945150159634078,0.8978340794956949,0.80052769850812,0.7473262345619169,0.5273090967358143,0.7508435140078351,0.8369409776400187,0.71152867332731,0.6500054715691529,0.7898637875872265,0.9557092871449553,0.9413565006255864,0.8783868905890571,0.8142322012998653,0.9617751879160393,0.8921400493540419,0.8479754499688923,0.8330058363036981,0.8767207440595439,0.8066976541477278,0.829136551829492,0.5269555697385866,0.8491962167565537,0.6849463038014412,0.8921400493540417,0.7981450933442193,0.5687711797194026,0.7390497403937599,0.8735272891513701,0.6449842672949677,0.6945150159634076,0.8866989102900567,0.866858078111955,0.8450300343583832,0.7264223684273604,0.8106312724801406,0.7272030331944248,0.8923018313924409,0.9813326466239047,0.7110308729120491,0.9367682382540639,0.6009932168713581,0.8715757257382066,0.7001475257252701,0.8106312724801406,0.6668702584907439,0.8089603320001262,0.5921550603591745,0.5025551168140847,0.9523682913449938,0.987516308323314,0.8307255507093778,0.9800643430341562,0.862273520033598,0.7344589339937442,0.8534530388405701,0.4134773489554139,0.7644942119991789,0.814232201299866,0.9461019326190196,0.881475531925336,0.5656492647434941,0.8764420057712257,0.881830265551453,0.9314281582335402,0.9245803857385329,0.7865220735223775,0.8106312724801403,0.9477787096794056,0.35988420741631644,0.862273520033598,0.6921436107633738,0.8330058363036976,0.8914586911765379,0.5561406044720791,0.8978340794956952,0.8904704546773864,0.8720543317790215,0.8000818941171204,0.9606349188468764,0.862273520033598,0.7766666341458195,0.9932234252413095,0.6928348340689592,0.9702871608234653,0.8578089143655878,0.862273520033598,0.7240217782225247,0.7261053578287804,0.6923149953228915,0.8690119910413214,0.994170614738225,0.7180030260809107,0.6950267385394193,0.33275549123534487,0.47649225144633034,0.8070742874273191,0.9053125787387253,0.8622735200335969,0.7958332702823956,0.7122273667890335,0.8866989102900564,0.7483249669251761,0.34778505114293123,0.7519315863598555,0.4769222363832717,0.6796047038140103,0.8844324453772744,0.5336128057815779,0.7544899813634318,0.8715757257382066,0.527494039236707,0.8688024137930128,0.7723678106736597,0.8978340794956947,0.3609326606343798,0.9860274640829516,0.8405201458571143,0.8291365518294922,0.9993837631974395,0.8386326542243676,0.6003758898860974,0.8668580781119548,0.7909934753889416,0.8885705152446666,0.8938918147060306,0.34579108204881337,0.8715757257382064,0.8764420057712254,0.9769180698119905,0.8491962167565539,0.755192195580723,0.7575098862201953,0.911397301574409,0.8764420057712254,0.8833956586824043,0.5251809282274963,0.8921400493540419,0.4536024311381136,0.699536720263257,0.8819640525087757,0.7273128543681305,0.554935772902208,0.2579127752286522,0.9307099100454159,0.484436440006095,0.8921400493540417,0.6429108697303905,0.8189028476660747,0.9272060693718172,0.9113973015744092,0.5889755396934873,0.7153872921694662,0.869034896105239,0.7122707283878258,0.7060716728324847,0.7379478647869959,0.9390494317392442,0.8468159431132625,0.7007965918140295,0.7392596376796217,0.7734332188743889,0.7223507522038638,0.7454446081464745,0.8919886900160552,0.6481327480661858,0.9444306460508445,0.8578089143655878,0.6725979203673998,0.7740695561780786,0.8162631205264099,0.8638706248551886,0.9624618611870086,0.8945562296738548,0.9556002963474546,0.742840359438659,0.8992747075036316,0.6867615016380125,0.9489818671196688,0.9500937170028239,0.8985891726700157,0.6334249296293593,0.4061059143352661,0.9150295995328445,0.8409471212756858,0.8379676541650478,0.7572929032155858,0.8094235738011699,0.5597199944590157,0.42653013077895396,0.9555804689134051,0.862273520033598,0.8393420809217594,0.9668912421084251,0.994170614738225,0.7537440977980561,0.5276455811680654,0.9500937170028241,0.862273520033598,0.6904369473751717,0.5626593094308248,0.7508435140078354,0.862273520033598,0.6848603309194226,0.4671550812438413,0.5812029915575361,0.74229070912971,0.7422227563050003,0.8578089143655878,0.862273520033598,0.8039395033269515,0.8622735200335979,0.6822844760594473,0.6634351623731913,0.6824436222654782,0.862273520033598,0.6389135465116942,0.862273520033598,0.6316289601739185,0.7117388741541159,0.7734332188743887,0.6796047038140105,0.8715757257382066,0.41164337821776764,0.8833956586824041,0.9024168610093493,0.926667780289885,0.8217442484613371,0.6502259926207431,0.84382396532987,0.911397301574409,0.8001693330026233,0.7082049220484719,0.7548364743653668,0.8651474100272596,0.7763259380422896,0.5496006430567602,0.7713250234209028,0.706071672832485,0.8171781428992553,0.862273520033598,0.8533190403078154,0.862273520033598,0.5108010883759317,0.7908348624398818,0.8439156278033093,0.8734748599134134,0.41164337821776753,0.8393420809217593,0.7025705452253573,0.829136551829492,0.7270463210178897,0.8641998344082782,0.3421509300107439,0.8247925972571248,0.6837429540900217,0.9214128915790982,0.6529472486680357,0.8578089143655878,0.864245586103371,0.6912222550115905,0.7264223684273604,0.5002135449643943,0.8126927211959799,0.8923018313924411,0.7687269805419783,0.6766864858583375,0.9487815152128592,0.6921022609434232,0.7847954723406836,0.6240655995000464,0.8866989102900564,0.4487237445661483,0.6617710634473191,0.8468159431132625,0.9738767761565754,0.8866989102900564,0.8549403842657062,0.38353819333280204,0.881475531925336,0.7423450122753865,0.8119447673677433,0.8715757257382066,0.7799249944079749,0.3824272845788286,0.8534530388405703,0.8715757257382066,0.9390494317392442,0.48111774688621456,0.8866989102900567,0.45296070546167533,0.6624794199462625,0.6892656137044064,0.969606020893081,0.9996566633645153,0.8622735200335971,0.8826784550193056,0.8534530388405703,0.8764420057712261,0.3857868356918077,0.7505523276626649,0.8715757257382066,0.8346469999931954,0.9140934288232057,0.5407010288450407,0.7940443732548783,0.7452758563542174,0.8212907045346256,0.7911317743389019,0.6045516224087406,0.6867195557339161,0.8921400493540415,0.7153854147793857,0.8921400493540417,0.9503222501996949,0.5908234239632206,0.7741189224669833,0.926003156258681,0.862273520033598,0.7040944445905759,0.9414290864257571,0.814232201299866,0.8866989102900564,0.9732222498053537,0.9193321161237451,0.862273520033598,0.8815030345558235,0.8866989102900567,0.8978340794956947,0.7575981255906319,0.5488739172427994,0.8215775544475032,0.9837368110160417,0.5570279406428645,0.5643290418345357,0.8553197931926579,0.6135221245748779,0.5976947477576158,0.7573188912560875,0.5597856393991086,0.6414651193746967,0.6298023208951016,0.6876906220572654,0.8978340794956949,0.4124469674554473,0.7799249944079749,0.3795974530059705,0.8491962167565534,0.8578089143655878,0.8737581150829861,0.7060716728324847,0.35493900799651046,0.4468728174371165,0.5085420317677993,0.862273520033598,0.3254443544491209,0.8863608571465622,0.8047584878973841,0.8609097613227241,0.790512006967627,0.6335796979112325,0.862273520033598,0.862273520033598,0.9011799973632002,0.8282312056055264,0.6633178788419021,0.8622735200335979,0.8921400493540417,0.8622735200335971,0.7898637875872265,0.7212756702013876,0.4265301307789544,0.8939314817480966,0.7932364561071916,0.8597087677932997,0.5451544654625005,0.49379801950455726,0.862273520033598,0.6942555468355884,0.7734332188743889,0.3969159338505791,0.4301684052848205,0.8156020551361198,0.6934655891838943,0.8715757257382066,0.3655529979119164,0.862273520033598,0.4777494418881072,0.8386326542243676,0.7173093319163255,0.9346271921923981,0.9647913584340504,0.5563052144381009,0.8735272891513692,0.862273520033598,0.7279857843665416,0.5830826603561812,0.862273520033598,0.9050644512518313,0.4651155166293899,0.571797207516799,0.49915198280724526,0.3310025302792473,0.862273520033598,0.9870735307262508,0.7321968221602165,0.9178010864926636,0.7014371998915043,0.5960997568954336,0.7695891768956182,0.567740245905812,0.7183268784751724,0.8715757257382066,0.8773279926781519,0.4460116617567754,0.9024168610093493,0.31661741930914666,0.7215579405615806,0.6650413983645804,0.9538090949089599,0.8764420057712254,0.8630331071488695,0.862273520033598,0.9245803857385326,0.8072363396907052,0.5538176555559109,0.8359527411408674,0.8734748599134134,0.8534530388405703,0.6314400164268975,0.866858078111955,0.8833956586824043,0.8914586911765379,0.8622735200335971,0.8966577063103398,0.6883817400787045,0.7391932628942657,0.8481307615706115,0.2931219696237719,0.9888544717665844,0.769078783481737,0.9281129779591548,0.6500091316998746,0.8597087677932995,0.9318085423138329,0.7306260915750478,0.809935644722404,0.9154557095412112,0.8178799236490133,0.8330058363036992,0.7548364743653673,0.9597400092591998,0.8225243083559048,0.9096187827149202,0.9300085100481095,0.9477694977762992,0.7620328681481864,0.9459764047130568,0.5234435393532934,0.6090734969190719,0.6660246072211522,0.8370274981528281,0.9756597402484263,0.5495327900436764,0.7037109434123991,0.7022736774608869,0.9982462751078174,0.9024168610093493,0.5054236063775079,0.9459764047130568,0.6422875444457994,0.8468159431132625,0.8114462528931117,0.5357146237164045,0.8715757257382066,0.8425104965104433,0.6295354020637227,0.839848979528498,0.9643435075710691,0.9245803857385326,0.807077463350008,0.42322707317605424,0.9541266410599913,0.7942647756945487,0.8491962167565539,0.8491962167565537,0.8089603320001268,0.7723678106736597,0.7966418551550676,0.5410529714163742,0.7638702445459515,0.8578089143655878,0.8578089143655878,0.6260613449631044,0.9604427436440264,0.849196216756553,0.6521554217435515,0.862273520033598,0.8814755319253362,0.862273520033598,0.862273520033598,0.4069740516664755,0.9434064372918186,0.8012246513819399,0.862273520033598,0.37371056160256044,0.25144422844633463,0.8938918147060312,0.7491023108982651,0.7107137374352663,0.5010267236489225,0.9272695809378346,0.9041105640136791,0.3122613436962395,0.8699974177117544,0.8346867349339637,0.9904521956273187,0.5493883484389417,0.6919734179706232,0.5526366900907334,0.7966418551550678,0.898494672504741,0.7273502833737522,0.9053760433893506,0.9178010864926636,0.7540486421628039,0.8715757257382066,0.8588178407552973,0.7931531228418742,0.9588543531207029,0.825328510159933,0.6041061593796943,0.8156020551361198,0.5473135694074821,0.8406219694925967,0.9771491261260363,0.8247925972571248,0.9665204937517076,0.866858078111955,0.9065679541155495,0.5471608343074585,0.6090734969190719,0.8764420057712254,0.7623796086291903,0.8297063710859109,0.8104938568057976,0.700809988989878,0.8885705152446663,0.49197993693025854,0.8000818941171202,0.9395833630597998,0.4872954171580507,0.32230157030401474,0.9974068700438738,0.4807384289242922,0.8330058363036981,0.923856650872964,0.7734625045644732,0.862273520033598,0.8764420057712254,0.6641147469812796,0.8939314817480963,0.6541215393994178,0.9665204937517073,0.7872355230574211,0.8460352920665879,0.5421552024888774,0.8253285101599332,0.33614026950243026,0.8921400493540421,0.4675524399366344,0.9995058817504242,0.7272398016373283,0.8534530388405703,0.9875163083233143,0.7141997664520304,0.7908348624398815,0.8215775544475035,0.73133640222074,0.5389780035901122,0.4864625124047164,0.7733399516169162,0.7799249944079749,0.5239440088623823,0.6389135465116924,0.9087284824652205,0.8921400493540419,0.9338695172821552,0.9372753612438545,0.562981635543188,0.8719783015138539,0.695036827747067,0.8578089143655878,0.47436599840001936,0.568865339121065,0.9395833630597998,0.6760233606759157,0.8922663032581621,0.9030313249111763,0.7734332188743887,0.8426872262301561,0.8965139954810807,0.8193056753381225,0.804298069086187,0.77856663085124,0.8369409776400178,0.9500937170028239,0.8764420057712254,0.8978340794956949,0.862273520033598,0.992921564147625,0.650522646612754,0.5611010823638956,0.7832096581188028,0.8622735200335979,0.6513734800130051,0.5379760664134638,0.7576276301178777,0.7898637875872265,0.739193262894265,0.7066186935571892,0.6638750197769696,0.9549747297935294,0.8268640403600909,0.8599831685904993,0.4317229338427633,0.7901939043740356,0.8814755319253362,0.7361772131593285,0.9800643430341562,0.9934768622597184,0.7908348624398815,0.8978340794956947,0.9633872716499582,0.8833956586824045,0.8978340794956949,0.8409471212756858,0.8070742874273193,0.8622735200335967,0.6440373320386845,0.703108001488193,0.7723678106736593,0.9794366713939051,0.6329355339042642,0.5683159606718211,0.46796329381064816,0.8578089143655878,0.9113973015744092,0.8783868905890562,0.8578089143655878,0.8578089143655878,0.8438239653298703,0.862273520033598,0.8880877187509167,0.9604427436440265,0.862273520033598,0.8215775544475035,0.7037109434123991,0.8102492861221356,0.8715757257382066,0.9732222498053538,0.9647913584340504,0.8578089143655878,0.5835500928647783,0.4964524217370394,0.6864452677937642,0.4509347672362003,0.862273520033598,0.7483249669251761,0.8715757257382066,0.8215775544475032,0.5509121136346736,0.7903055332959794,0.8866989102900564,0.899502504885987,0.647198620907193,0.9969487669721804,0.8291365518294922,0.8939314817480961,0.9969487669721804,0.7865220735223775,0.8872971358872865,0.6190396459839286,0.9459764047130568,0.9624618611870088,0.8346469999931956,0.8715757257382066,0.7676084011723443,0.40239302427242396,0.862273520033598,0.9889053668915952,0.746825733095879,0.7508435140078354,0.6316273250430866,0.8783868905890571,0.8369409776400185,0.397579014335424,0.8534530388405703,0.5179068759089673,0.37414302309475056,0.862273520033598,0.862273520033598,0.869034896105239,0.6129052622349943,0.7548364743653677,0.6108771755758975,0.313412594502255,0.5684003928702368,0.5803090926688133,0.3531307846304499,0.8426872262301555,0.3051176454335536,0.862273520033598,0.7853120685020587,0.8764420057712254,0.7264223684273604,0.5421552024888772,0.8866989102900564,0.4531939491162663,0.862273520033598,0.862273520033598,0.40432288826518714,0.8622735200335969,0.381829450598553,0.8330058363036983,0.6272896952907088,0.727203033194425,0.8501694501367523,0.8184109079546729,0.4384370731818431,0.6097884272129779,0.8622735200335979,0.7702234719866516,0.39765713010811055,0.8995025048859868,0.8102492861221354,0.9963241028150849,0.8514935810567196,0.9358981709895229,0.7766666341458197,0.6761199470516005,0.6784245322380429,0.862273520033598,0.37393542615397757,0.9662136702938546,0.3972013691071943,0.7184405184295641,0.6350969893289593,0.9802235838623208,0.6510268958689029,0.6631715215128313,0.7915944769687157,0.7166463363289415,0.0,0.8491962167565539,0.8921400493540415,0.7898637875872265,0.9661637223796185,0.42946765049473223,0.808960332000126,0.8578089143655878,0.5489995595890765,0.9327618164700396,0.873280424252801,0.9391851462534428,0.8934195026837807,0.7908348624398815,0.8516702191196759,0.9395833630597998,0.7361772131593287,0.9125026367902922,0.40648991117785993,0.6945150159634079,0.9318085423138327,0.8597087677933002,0.7130443283730687,0.6443895976210114,0.8735272891513701,0.9883830812390186,0.9962843936837853,0.6177800007004203,0.8393420809217594,0.5622416844006104,0.8609097613227243,0.5701247525702839,0.6089529081650815,0.862273520033598,0.7066186935571892,0.8844627862504062,0.6307238987567587,0.7508435140078351,0.9092397479584174,0.5727011175742769,0.8039395033269514,0.862273520033598,0.5419255952138893,0.5010267236489225,0.7998466155661098,0.3318122246269716,0.4722939573176087,0.3742009815786529,0.8764420057712254,0.4070119729913183,0.968299851475162,0.908527097243588,0.4637427506444233,0.8253285101599332,0.6036870797359657,0.8978340794956949,0.8510246271097386,0.8622735200335969,0.7423450122753865,0.8586627275062504,0.34638007315963404,0.9227698252197183,0.5140344359073992,0.8211468628214066,0.8578089143655878,0.47463314879430984,0.6389135465116929,0.7183268784751722,0.4648187931932073,0.45732713701790717,0.862273520033598,0.4032464647190006,0.629404574903347,0.7898637875872265,0.862273520033598,0.36979015219675626,0.987516308323314,0.8866989102900564,0.8510246271097386,0.8885705152446666,0.627232805207226,0.8685619106816116,0.7212756702013874,0.8307255507093776,0.9373502518199313,0.8767207440595439,0.5342823073287786,0.862273520033598,0.823554812989991,0.862273520033598,0.7723678106736597,0.6901813166174051,0.5112568869540278,0.7264223684273604,0.9838954859149902,0.7924485831197863,0.6510268958689004,0.8119447673677433,0.862273520033598,0.8594347415864336,0.3837855755710916,0.6835183225163823,0.9099609560703414,0.7702234719866525,0.9113973015744092,0.7966418551550687,0.8712795584588887,0.8567594461550303,0.4673726136241728,0.45732713701790706,0.8567594461550303,0.7898637875872265,0.8764420057712263,0.6892656137044064,0.8567594461550303,0.7264223684273604,0.8630331071488693,0.8393420809217592,0.706071672832485,0.8578089143655878,0.8712795584588886,0.821577554447503,0.6320640891600768,0.7702234719866523,0.9434064372918184,0.5393726181132042,0.7090541772587606,0.8345750768436256,0.7664501913522732,0.7650906480471039,0.7898637875872268,0.7516895275354158,0.6280459352409523,0.9607249909282307,0.7513992168839672,0.8826784550193056,0.7740532273736959,0.8715757257382069,0.6372955387563926,0.9526618028173132,0.9633872716499582,0.8035586305834297,0.5531359812187923,0.8764420057712257,0.8814755319253362,0.9757939239720832,0.5106171366408705,0.8392253812772248,0.8863608571465623,0.8193056753381227,0.9715499941822139,0.8815030345558237,0.5357955730249735,0.8622735200335967,0.6284307769361368,0.7827712310954107,0.7638702445459515,0.4980066520288631,0.9597930642293087,0.8814755319253358,0.84382396532987,0.9668389169124062,0.5269555697385866,0.9075775644215605,0.8460352920665875,0.8184109079546726,0.9845879562720394,0.7939153022620802,0.8369409776400187,0.969606020893081,0.9500937170028239,0.9828198458450212,0.755203135752196,0.8715757257382066,0.8995025048859868,0.3615170806313015,0.5438898956700566,0.9390494317392442,0.8328990587150205,0.4976835792416544,0.7655043024145163,0.8833956586824043,0.9133382785242383,0.4766706604036073,0.8720543317790217,0.7361772131593285,0.9053125787387255,0.35474965040894746,0.8215775544475028,0.8814755319253362,0.44985998176856556,0.9419164365547261,0.8995025048859866,0.7508435140078351,0.6216859620443674,0.7723678106736597,0.7588075509752736,0.8814755319253362
p291_M,0.7811044839911785,0.9357714224531068,0.8815270484708906,0.9996171864694428,0.9950603702402812,0.9587434581480645,0.865467147902647,0.8316893917759312,0.9306570238192788,0.9564441004788364,0.9862951408967355,0.9425805352069325,0.9985778460732367,0.9151430007264558,0.902113512733081,0.9647450423796193,0.9391025641025641,0.9249834296604698,0.9542468650366518,0.9564441004788364,0.9931253746086496,0.9652792462742584,0.9230789959087815,0.9913221015557613,0.9310020898787328,0.9249834296604695,0.9391025641025641,0.9085080245777923,0.9676769377237682,0.9343136175833033,0.9178801133263084,0.9501049319099923,0.9919304969477558,0.951872084571389,0.944383427890573,0.9542468650366518,0.9462347596389562,0.9374201804111677,0.9587434581480645,0.9235293061149326,0.8898393963217797,0.7888310913314734,0.8815382336298224,0.9794586918044158,0.8375506072874497,0.83296662955302,0.9481398354780852,0.8980516101285152,0.9235293061149326,0.9148161375677795,0.9830316367629124,0.835304456335977,0.9249834296604695,0.9357714224531068,0.5174766542229505,0.9220929278982624,0.9220929278982624,0.9443834278905732,0.9712744656435085,0.940821549823033,0.8971337307079472,0.9954207693560853,0.9716572732363806,0.9356957241686945,0.9521375655065456,0.8613516681282447,0.9501049319099923,0.985386203363469,0.8258968676425118,0.9732924283946004,0.9137935530290913,0.9235293061149326,0.8739479665019894,0.998375978871993,0.9443834278905732,0.8756817347288377,0.9652792462742583,0.9862951408967355,0.9527241261070918,0.9587434581480645,0.8572804327866933,0.9762262925984149,0.9192692664872613,0.9249834296604698,0.9443834278905732,0.9098137391625776,0.9836426671336507,0.9435517058943512,0.7789729813283648,0.9425805352069323,0.9443834278905732,0.9148161375677797,0.8692466107210817,0.9837927266874242,0.904928938823814,0.8910426583248506,0.9449559919658619,0.9093531537683386,0.8243577069224273,0.8261264768950001,0.9220929278982624,0.9481398354780852,0.944383427890573,0.867384963330313,0.918558209619452,0.9542468650366518,0.8983688348924415,0.8039616261051755,0.9187458821598233,0.9176251331562075,0.8948691662912511,0.926456449323181,0.7906318541533655,0.9008583849785581,0.9481398354780852,0.7953284265583763,0.9890537762576723,0.9542468650366518,0.9587434581480645,0.9886006759818051,0.6317737081984746,0.8745195447781486,0.9310020898787328,0.8653600582128312,0.9716572732363804,0.9289761630622799,0.9462347596389562,0.7737814949433279,0.9425805352069323,0.5802498355628298,0.9269496384611522,0.9873274034062991,0.9501049319099923,0.9613973877408789,0.9949392712550609,0.9419702363716831,0.9765489210871847,0.9501049319099923,0.9501049319099923,0.940821549823033,0.9960359344026932,0.9564441004788364,0.9953055439296195,0.919955226121286,0.8768459965606681,0.9463055409027079,0.9498026512964179,0.9099932817368694,0.6630293198676165,0.8218953199998424,0.9564441004788364,0.8971337307079472,0.8995193391026695,0.9727032043212838,0.9830316367629124,0.9694672365613162,0.979187153433724,0.9449459571559087,0.9582772260637087,0.9388137099150415,0.922082643749792,0.9481398354780852,0.9279496229669748,0.7449828491796289,0.8874458144092716,0.9085080245777921,0.773781494943328,0.9705887000705997,0.9192692664872613,0.9141327700514326,0.9573800935979493,0.9425805352069323,0.9220929278982624,0.89655071991835,0.982207980347422,0.8543379886219319,0.9542468650366518,0.8884720125034236,0.9536751187028218,0.8756817347288377,0.9416326475614256,0.8780124908814335,0.9874255252046317,0.35132004015509843,0.6630206762742232,0.8968578570865051,0.9021920595690762,0.6827436908784792,0.7978168085240658,0.9123689706343678,0.940821549823033,0.9614157420937997,0.8742016127287793,0.9000127878621023,0.9931496147195411,0.9443834278905732,0.9462347596389562,0.9408215498230332,0.7222968338396536,0.8744924042850282,0.9148161375677795,0.41016165887492884,0.9443834278905732,0.8560901005086943,0.8135564966429447,0.9564441004788364,0.9443834278905732,0.9533776220537193,0.9072118677365055,0.8756817347288377,0.843431170571713,0.9321736589336937,0.9425805352069323,0.9443834278905732,0.7283909157671982,0.9443834278905732,0.9948956656226313,0.9333237935683505,0.8744924042850282,0.9443834278905732,0.9644061792742998,0.9443834278905732,0.8383816341490689,0.9909735478358417,0.9085080245777923,0.8641286133251769,0.9481398354780852,0.8348634546501434,0.940821549823033,0.9786165548472288,0.9836426671336507,0.9931496147195411,0.9667715530069648,0.9666428003039549,0.9501049319099923,0.8898393963217797,0.8218786695062749,0.8934633408766897,0.9906464665714074,0.9860639133827616,0.9860639133827616,0.9391025641025641,0.8745195447781486,0.8873533009789315,0.9443834278905732,0.7853092223537336,0.9443834278905732,0.9715883850053575,0.9072118677365053,0.9161682054358171,0.41063852798270695,0.756925912096718,0.9462347596389562,0.9059247833199466,0.9310020898787328,0.8827041791382022,0.9862951408967355,0.8028717533635916,0.9481398354780852,0.8897444847827976,0.9501659674597742,0.8373298700591529,0.9425805352069323,0.9783779352946236,0.8935889455014907,0.9587434581480645,0.9651152981916035,0.9805466486386119,0.931187321004146,0.9911831990324629,0.9853918430075652,0.5818510488003407,0.7170066138583906,0.8039616261051754,0.9313239176895798,0.9542468650366518,0.8906557158215929,0.9059247833199469,0.9754970377701452,0.9276677015291237,0.9542468650366518,0.9643650652802598,0.8229344304111244,0.9783779352946236,0.9232833700357419,0.9573800935979491,0.9481398354780852,0.9518720845713888,0.8432121699919362,0.940821549823033,0.9481398354780852,0.9481398354780852,0.7794285697266241,0.9542468650366516,0.8839887464834981,0.9306018350179603,0.8745195447781486,0.892867583324156,0.9542468650366518,0.944383427890573,0.969467236561316,0.9408215498230332,0.9501049319099923,0.9021721916778465,0.9579262138531628,0.9481398354780852,0.9235293061149328,0.6133260196629852,0.8772241791189497,0.9865013132865542,0.7429511968756927,0.9882238540879424,0.9029130920795911,0.847215310272122,0.982035293774637,0.9564441004788364,0.9306570238192791,0.9564441004788364,0.9111295270090605,0.9466378905596333,0.9008583849785581,0.9873274034062989,0.9443834278905732,0.9501049319099923,0.9648472157143733,0.92498342966047,0.9542468650366518,0.9088934360957929,0.9425805352069325,0.9443834278905732,0.9810860991992141,0.24868536270712205,0.9587434581480645,0.9779039859151866,0.9670281084644332,0.9279496229669748,0.5149876174732453,0.9533776220537193,0.8126806934976469,0.8686618728393419,0.9374201804111677,0.8258996239394496,0.9481398354780852,0.951872084571389,0.7939124995137425,0.9357714224531068,0.9084103043116551,0.9587434581480645,0.8407237333309238,0.9111295270090605,0.8533863751361543,0.9391025641025643,0.9425805352069323,0.7107546845055033,0.9066666273465951,0.9746629595883627,0.8415489261821687,0.8015399251065851,0.9443834278905732,0.8684078159995325,0.4859018005704824,0.9124559366883973,0.7276155846772585,0.9564441004788364,0.9745173646675651,0.9443834278905732,0.9443834278905732,0.47927759808208104,0.8894642527025185,0.9613259480801764,0.9443834278905732,0.9564441004788364,0.944383427890573,0.9151430007264557,0.8874458144092714,0.8395956525970314,0.944383427890573,0.9592864686575602,0.9836426671336507,0.8163247221854022,0.7900304636463154,0.9443834278905732,0.8698884442909975,0.9085080245777923,0.7509790904695653,0.8258968676425118,0.9165049484215362,0.947131880494603,0.9481398354780852,0.8316893917759312,0.9443834278905732,0.7780757216617362,0.9349950396117983,0.8746367075465762,0.8679335301934485,0.5542201299187841,0.8963131347056483,0.9374201804111677,0.9443834278905732,0.9429210844216709,0.8910674773860091,0.9443834278905732,0.6556798492182244,0.9058047743498228,0.8270835681605351,0.8242400895340374,0.8497757441784406,0.9443834278905732,0.8623188033566119,0.9567639152765359,0.9521375655065456,0.9077935382191852,0.9638235521263137,0.8983688348924412,0.9887581495517047,0.8862550362254635,0.9481398354780852,0.6956453479726297,0.8756817347288377,0.9294643302252341,0.9626344996583567,0.8944166337139781,0.8583858153873951,0.9294643302252341,0.9501049319099923,0.92498342966047,0.9443834278905732,0.9542468650366518,0.9276677015291237,0.8216249321297535,0.8572804327866929,0.9206732387984036,0.9980965995557116,0.9885489232403726,0.9288789627504788,0.9980965995557116,0.9341536654578786,0.944383427890573,0.9890537762576723,0.929929306380985,0.9306570238192788,0.9008317218258526,0.9449432952236013,0.6641610905341865,0.9890537762576723,0.978616554847229,0.8775732316819274,0.9652792462742584,0.9564441004788364,0.931482310768882,0.9483551875577274,0.9481052266646686,0.8837352444465886,0.9142011596821674,0.9648472157143733,0.9873274034062991,0.9111295270090607,0.9945183240274953,0.9270415213788146,0.9272203681387055,0.8310167964629787,0.6487145310312652,0.9612320790184807,0.9347556769440266,0.8853389382842848,0.8959046461825673,0.9391025641025641,0.8493943417131189,0.9796090059367453,0.9151430007264558,0.9272203681387053,0.978616554847229,0.8002806456228626,0.6487145310312654,0.9507776441281287,0.44445367182430606,0.9466378905596333,0.808798650744466,0.9481398354780852,0.9141327700514326,0.9388356782863467,0.9098137391625776,0.6216589410515474,0.9542468650366516,0.8995084169455556,0.9148161375677795,0.9521375655065456,0.9483551875577274,0.9391025641025641,0.9391025641025643,0.9161682054358172,0.9542468650366518,0.9178801133263084,0.8090036036042954,0.9046463136602703,0.9425805352069323,0.9425805352069323,0.792228595250142,0.9909735478358418,0.9949392712550609,0.9199552261212858,0.9443834278905732,0.9521375655065456,0.9443834278905732,0.9443834278905732,0.852721733894887,0.9294643302252341,0.9111295270090605,0.9443834278905732,0.9715883850053575,0.9311503462877773,0.9860639133827616,0.9806316443183225,0.8698884442909975,0.8662120140192138,0.9666327685149194,0.8934633408766897,0.7901376869855634,0.9374201804111679,0.8756817347288376,0.9521375655065456,0.9903850005315029,0.9832822793918632,0.842274762928803,0.9178801133263084,0.9535591865156562,0.9408215498230332,0.8421755646505896,0.9521375655065456,0.9204198120960365,0.9481398354780852,0.8910426583248505,0.8120449864979854,0.926456449323181,0.9230789959087817,0.9744043118853651,0.9592864686575602,0.8834329601470299,0.7756223220427974,0.9948943007172464,0.987327403406299,0.9836426671336507,0.9913221015557613,0.9059247833199466,0.7258961213333034,0.8797343497299446,0.9501049319099923,0.9842997461902937,0.9391025641025643,0.9558070047262102,0.8791813830875237,0.9985778460732366,0.7769563741300048,0.9192692664872613,0.9587434581480645,0.8662120140192139,0.9155178894548979,0.6782334100972082,0.7847770412204687,0.9836426671336507,0.9352547073163471,0.9976101531931567,0.9443834278905732,0.9501049319099923,0.9085080245777921,0.2683859478105304,0.9353159208540365,0.8120449864979852,0.8873533009789315,0.9192692664872613,0.8151135627519484,0.9230789959087816,0.8465113800722809,0.9564441004788364,0.8782834426865263,0.9862951408967355,0.7611846661642178,0.9980965995557116,0.9374201804111677,0.9388356782863467,0.856231995324726,0.9762262925984149,0.8243797917083935,0.9746364865495911,0.7926237952447179,0.7395445326824711,0.9259002427416266,0.9412877213869522,0.8771354040135093,0.9612320790184805,0.9564441004788364,0.9310020898787328,0.7415495463346315,0.9058737633085545,0.856693097191417,0.8827041791382022,0.9425805352069323,0.8811414776974359,0.8258996239394496,0.9587434581480645,0.9142010727326312,0.9873274034062991,0.9098137391625776,0.9321033235024669,0.973908525880739,0.895246567747059,0.9178801133263084,0.9310020898787328,0.8688595670597339,0.9341536654578784,0.6455281337542521,0.9501049319099923,0.961397387740879,0.9443834278905732,0.6814448973676575,0.9998217123097293,0.893886250815211,0.9124559366883973,0.9443834278905732,0.9994234620769809,0.9685147687693445,0.8971337307079472,0.9151430007264558,0.894681279123638,0.9813943157615574,0.9097398637661961,0.9482932375584447,0.9652524543463297,0.7371440873836805,0.8928834502989915,0.9465236185105819,0.9521375655065456,0.8934633408766894,0.9220929278982624,0.987327403406299,0.9072118677365053,0.9613973877408789,0.9206732387984036,0.9408215498230332,0.9587434581480645,0.9357714224531066,0.9673337013468153,0.944383427890573,0.9376298529289809,0.8733592706140669,0.9542468650366518,0.7528355627636972,0.9836426671336507,0.8637903167698089,0.8235775204287377,0.9425805352069323,0.9830316367629125,0.9391025641025643,0.9425805352069323,0.9425805352069323,0.5592172246806724,0.9443834278905732,0.6142037786774619,0.8065441857163138,0.9443834278905732,0.9279496229669748,0.9796090059367453,0.9732924283946004,0.9481398354780852,0.561470940101639,0.30444757469765404,0.9985778460732369,0.8811414776974358,0.8733891874315001,0.9294643302252341,0.7880806905751003,0.9443834278905732,0.8983688348924415,0.9227946422906831,0.9762262925984149,0.8348751429585499,0.8996102754967261,0.9542468650366516,0.9462347596389562,0.9310020898787328,0.9072118677365053,0.9187458821598234,0.944383427890573,0.8956580181478544,0.9972272780214035,0.9612320790184805,0.8235236725291664,0.9341536654578786,0.9732924283946004,0.9694672365613162,0.9481398354780852,0.9721405797402527,0.7860044351499038,0.9443834278905732,0.944383427890573,0.8710438663027387,0.9676769377237682,0.8497223904550522,0.9391025641025641,0.8572804327866933,0.8345608929679698,0.9980965995557116,0.8233122129931045,0.8457892650119999,0.9443834278905732,0.9443834278905732,0.7819058259923581,0.9683542453715188,0.8934633408766894,0.9236630827321968,0.9698077026919338,0.9373315073338575,0.8247130225158625,0.8791654592452371,0.926456449323181,0.8216249321297535,0.9443834278905732,0.47624014703524675,0.9501049319099923,0.9587434581480645,0.8151135627519484,0.9542468650366518,0.9412877213869522,0.9443834278905732,0.9443834278905732,0.753970359765419,0.944383427890573,0.8748369397786344,0.9325645805415599,0.843431170571713,0.9247323722236849,0.6781138212702632,0.9247323722236849,0.9907065680883624,0.8646769443713587,0.9443834278905732,0.9072118677365051,0.854443186484481,0.9462347596389562,0.9008317218258525,0.9950194567723258,0.9468119576597445,0.902113512733081,0.9098137391625776,0.9913221015557613,0.8746367075465762,0.9443834278905732,0.8134811734484124,0.9098137391625776,0.8898393963217797,0.8606818700890226,0.970671674950452,0.47812268569667216,0.9684426716848205,0.8684078159995328,0.9783779352946236,0.9157820513002009,0.8491962167565539,0.0,0.9564441004788364,0.9151430007264556,0.92498342966047,0.8083705627177299,0.9501049319099923,0.9425805352069323,0.8641286133251769,0.9220929278982624,0.9745100637941106,0.5021703720247233,0.9587434581480645,0.9745100637941104,0.9587434581480645,0.5621016171855963,0.9291552782955315,0.9948943007172464,0.9204198120960365,0.9950603702402813,0.9564441004788364,0.9836426671336507,0.9836426671336507,0.8976759937598426,0.9919304969477558,0.9425805352069323,0.6707401110647611,0.9850272019609538,0.9462347596389562,0.9543089131758091,0.808186846046184,0.9937773636072582,0.9915376846188413,0.9443834278905732,0.8815270484708906,0.9950603702402813,0.9177131204592912,0.9564441004788364,0.7413790147739161,0.9279496229669753,0.985386203363469,0.9443834278905732,0.8465113800722809,0.8136807882070665,0.927949622966975,0.8186006311079018,0.8672362727854395,0.8612283491680894,0.9501049319099923,0.9810374464344215,0.9745173646675651,0.8973974698261229,0.9144402420742332,0.9294643302252341,0.8282649465133352,0.9587434581480645,0.978616554847229,0.944383427890573,0.9579262138531626,0.9386569025459167,0.8196259340934859,0.9291552782955315,0.8189939542051474,0.9443834278905732,0.9425805352069323,0.8136410063420153,0.8480451455932461,0.8862550362254635,0.7769563741300047,0.7753502986585729,0.9443834278905732,0.8411544367463811,0.8503465187788168,0.9151430007264556,0.9443834278905732,0.8522236861229036,0.9535591865156563,0.9542468650366518,0.9294643302252341,0.9425805352069323,0.887610126390598,0.9716572732363806,0.9749533160412138,0.9421847517560787,0.9368208004805822,0.9294643302252341,0.7951960389045738,0.9443834278905732,0.9901683301057446,0.9443834278905732,0.9732924283946004,0.9107772450218188,0.9987442185491862,0.9587434581480645,0.9488793874960453,0.8759739679281435,0.8959046461825675,0.9151430007264558,0.9443834278905732,0.8311531009920223,0.9559262275531268,0.9096710082075821,0.9612320790184805,0.9072118677365058,0.9830316367629125,0.9178801133263084,0.8268059301623198,0.8922561605225315,0.8827041791382022,0.8797138792115728,0.8922561605225315,0.9151430007264558,0.9501049319099923,0.8745195447781486,0.8922561605225315,0.9587434581480645,0.92498342966047,0.8664358239451964,0.9968921249480657,0.9425805352069325,0.9165049484215362,0.9762262925984149,0.9481052266646686,0.9466378905596333,0.8247745466647922,0.9059247833199469,0.9235293061149326,0.7632113711939131,0.9142011596821674,0.9948956656226313,0.9151430007264558,0.8922505553843603,0.9922843247764959,0.9818541102319678,0.8996102754967263,0.9694672365613162,0.9462347596389562,0.9481398354780852,0.9985019938186508,0.9513129424308564,0.9206732387984036,0.9901683301057445,0.9964955240981679,0.9501049319099923,0.9521375655065456,0.9248857655715834,0.9192692664872617,0.9426449497981504,0.9903850005315029,0.9178801133263084,0.8775337156233757,0.9187458821598233,0.9165049484215362,0.944383427890573,0.9851359856808266,0.9284812646837413,0.9046463136602703,0.926193613582623,0.9959208534077022,0.9521375655065456,0.9666428003039549,0.8899469629462303,0.9249834296604695,0.9391025641025641,0.9192692664872615,0.9356957241686945,0.9289910671862719,0.9452690534532084,0.9341536654578784,0.8095610134266515,0.9425805352069323,0.9676177866570979,0.8474926543023686,0.9481398354780852,0.9913221015557613,0.8756817347288377,0.9206732387984033,0.9481398354780852,0.8886405262183212,0.8503465187788168,0.7348263104370334,0.9980965995557116,0.9408215498230332,0.9938556441409034,0.9272203681387053,0.8934633408766897,0.9481398354780852,0.9613259480801764,0.9279496229669748,0.9521375655065456,0.8827041791382022,0.9739085258807385,0.9462347596389562,0.9564441004788364,0.9066666273465949,0.9732924283946004,0.9325075048945471,0.9521375655065456
p291_T,0.9102350929607332,0.9735307058746404,0.9490218194797997,0.8311012003946947,0.9602211523225768,0.9704919301607371,0.9017356045997866,0.9468381198416758,0.9246724996449085,0.9688473520249221,0.9762381701099259,0.9589316626844853,0.9589316626844853,0.9458968937609291,0.9670167025552657,0.8713174172545043,0.891797975926373,0.9463456194504827,0.9672758151492922,0.9688473520249221,0.9113822623848761,0.9788198231857259,0.9495505106234361,0.9615452872130625,0.9812882646010126,0.9463456194504827,0.9676769377237682,0.9345618542101832,0.9280373831775703,0.8946320787264448,0.9412650880954538,0.9643133649175286,0.9706827259226706,0.9364368411420321,0.9602211523225768,0.8357840905673566,0.8687412470205869,0.9552408029353747,0.9704919301607371,0.9922673407988161,0.7468673605964745,0.9473991727811977,0.9704919301607371,0.9317998283510542,0.8917979759263728,0.8152842490096178,0.9629078616894176,0.9220700353609519,0.945305581259918,0.915264150341758,0.9643133649175286,0.7355368666803933,0.9463456194504827,0.9540615556502023,0.9552408029353747,0.6868436814132028,0.9442782351269043,0.9602211523225768,0.7951128469173043,0.8866592451518313,0.9264265757108796,0.8677629859955873,0.9463456194504827,0.9212094218042226,0.9657671730030435,0.9190463040236205,0.9448229719109481,0.926085680719904,0.8625009993910638,0.9672758151492922,0.9950331250804818,0.742559029033752,0.9602211523225768,0.864272336783596,0.9602211523225768,0.8253518424982005,0.7011707726698918,0.952904481298952,0.9343270591249753,0.9209839463193069,0.952904481298952,0.9203222717282119,0.9422586572762626,0.9463456194504827,0.9602211523225768,0.9550124172403794,0.9788198231857258,0.9033582350995621,0.9169502243571086,0.9589316626844855,0.9602211523225768,0.9605021604012389,0.9851094454818564,0.9639168532621705,0.9980151413438715,0.9698382173897018,0.9970295342657531,0.8230314456661835,0.8589520903530736,0.8941961293283132,0.8098030425665006,0.9493957255905625,0.9602211523225768,0.9671258766853237,0.9377454038018889,0.9672758151492922,0.9774358012844695,0.8412722731891715,0.9506503681784948,0.8660229158723238,0.8465316450632612,0.9236313915934427,0.9203431471101322,0.9801145305445413,0.8616993128705425,0.9009549730721551,0.9735307058746404,0.9672758151492922,0.4868874522394808,0.8888428923892238,0.9842981000157078,0.9976243215493139,0.9132268973805199,0.999822015418471,0.9902272378284808,0.9501362322562135,0.8687412470205869,0.9703808325082798,0.8811434002398045,0.9336347991328913,0.9003549758958829,0.9629078616894176,0.9448229719109481,0.9704919301607369,0.9564441004788367,0.931998223603863,0.905289793832148,0.4905046560533314,0.9643133649175286,0.957673577027655,0.9033582350995621,0.9688473520249221,0.862510706561856,0.9362473724214275,0.9997330791035688,0.9299882837258,0.9161060738860443,0.8763243374738707,0.9453055812599183,0.8815485856832992,0.9688473520249221,0.9264265757108792,0.9183299651833596,0.8791510268941598,0.9643133649175286,0.9453055812599183,0.9899684158083047,0.9327142329596736,0.927034035310814,0.9976243215493139,0.9917968552579539,0.9493957255905624,0.9859275654047339,0.8451155112420421,0.8467626924106707,0.9345618542101832,0.9308487984769922,0.9212094218042226,0.8188365372042747,0.9923426571116956,0.996705259555954,0.7212184631640923,0.994242084296447,0.9514374462741438,0.9241944187271152,0.8003975508149647,0.967275815149292,0.9804836781759887,0.9934000968343186,0.9550108469657219,0.9308912761119588,0.9127504202483341,0.9942420842964468,0.9589316626844853,0.9289368665380613,0.9598195378152966,0.8888428923892238,0.9710638846211326,0.9540615556502022,0.8853053971558663,0.9644928340620883,0.8308823766537645,0.8488946792124081,0.8707511192158015,0.9244746277195349,0.9602211523225768,0.9615452872130625,0.9576735770276548,0.9220700353609519,0.8322418989687209,0.915264150341758,0.9589316626844853,0.9602211523225768,0.7784571234953768,0.8707511192158015,0.9688473520249221,0.9602211523225768,0.9433354585651039,0.9336347991328915,0.9989383090729373,0.9660513766874225,0.7787271492420624,0.9611058687776596,0.9602211523225768,0.8871895921957202,0.9602211523225768,0.8525992707005727,0.7904943185503783,0.8693099439896514,0.9602211523225768,0.8319589973352826,0.9602211523225768,0.8651489736914959,0.9724383613004924,0.9887119198512566,0.8047569530533426,0.9493957255905624,0.8208122474227104,0.957673577027655,0.9495505106234361,0.9517679141853161,0.9761261745674079,0.9081907452271052,0.9364368411420321,0.672231982396376,0.9686270243184087,0.9144243194673916,0.8336818782271096,0.9662454225678805,0.9872125588573131,0.9336347991328913,0.9564441004788364,0.9586895913852923,0.9644928340620883,0.9602211523225768,0.9238013891436974,0.9602211523225768,0.9581456837876348,0.9592096814182648,0.9643133649175286,0.9432628256129658,0.8208122474227105,0.9615452872130625,0.9327142329596734,0.6409814284985486,0.9616288436298464,0.952904481298952,0.8913167644457045,0.9629078616894176,0.9773020800644382,0.8951926647784167,0.8780124908814331,0.9589316626844855,0.9657671730030437,0.8407776471276054,0.9704919301607371,0.8694930837030939,0.9802566459961093,0.9473991727811977,0.9395982191649277,0.9435860820088229,0.9643133649175286,0.8813688685160492,0.9477699980021125,0.8261452162494155,0.9672758151492922,0.8660229158723238,0.9857418255557404,0.948467140918744,0.9808061948240678,0.9672758151492922,0.9223095545373878,0.9263467923542654,0.9657671730030435,0.8442596155053432,0.9967052595559542,0.9629078616894176,0.9918036979367357,0.8488894389623105,0.9576735770276548,0.9629078616894176,0.774002900150522,0.802531545145351,0.9342541377090322,0.8777627336524756,0.8863615183906015,0.7839452431237174,0.9157488137956813,0.9342541377090322,0.9602211523225768,0.9922673407988161,0.9644928340620883,0.9643133649175286,0.8451155112420421,0.9674296364846788,0.9493957255905625,0.9453055812599183,0.934561854210183,0.8566477616876669,0.929090574034799,0.9094222802137257,0.9110812357914193,0.8438814653687023,0.871213740863837,0.9828112333420398,0.9688473520249221,0.9735615243851738,0.9688473520249221,0.9528294452685607,0.9336347991328913,0.9688615129457162,0.9629078616894173,0.9602211523225768,0.9643133649175286,0.9791919178046249,0.9463456194504827,0.9672758151492922,0.9657671730030435,0.9589316626844853,0.9602211523225768,0.9506503681784946,0.967275815149292,0.9704919301607371,0.9155191956957984,0.8112177502271443,0.9203222717282119,0.9448229719109481,0.8694930837030939,0.8774275767526143,0.9506503681784946,0.9552408029353749,0.7872929989765256,0.9629078616894176,0.9364368411420323,0.8245281024001673,0.9540615556502023,0.9299882837257998,0.9704919301607371,0.8870801309378658,0.9918036979367357,0.8261452162494154,0.9564441004788367,0.9589316626844853,0.9482759922174302,0.9976243215493139,0.8488894389623105,0.849822707751946,0.7805306707429408,0.9602211523225768,0.8855324042412525,0.9354957453078971,0.9934000968343186,0.9550124172403794,0.9688473520249221,0.8788539781850342,0.9602211523225768,0.9602211523225768,0.945305581259918,0.9246724996449085,0.796182865963923,0.9602211523225768,0.9688473520249221,0.9602211523225768,0.9393074128728371,0.8467626924106706,0.8353653627728157,0.7106088831467462,0.940281523787128,0.9788198231857259,0.7628646596352014,0.7925608625062857,0.9602211523225768,0.8363691979123067,0.9571380145076698,0.82509139652853,0.9331172433034889,0.8853053971558663,0.8978917837274156,0.9629078616894176,0.8402999971050358,0.9602211523225768,0.8037353107676917,0.9268000951074447,0.8747200852490707,0.9036092388764394,0.9615452872130625,0.8011999848286616,0.9706827259226707,0.9602211523225768,0.9186457666042604,0.8826723723783978,0.9602211523225768,0.940281523787128,0.910235092960733,0.8232232273250377,0.7846453476036267,0.8451155112420419,0.9602211523225768,0.9962665127840862,0.8871895921957202,0.9657671730030435,0.8838707840618651,0.9286501757717067,0.9273099638694315,0.9281978840490726,0.9884981945888781,0.7740029001505224,0.9674296364846788,0.9110833848585063,0.9836543654419934,0.8847021819311651,0.9839880716740321,0.7742035677576433,0.9495505106234363,0.8539593087394248,0.9902272378284808,0.9602211523225768,0.9672758151492922,0.8845463537144684,0.8894326889463282,0.9762381701099259,0.9432628256129658,0.957673577027655,0.8380544030567036,0.8687412470205866,0.957673577027655,0.9762381701099259,0.9602211523225768,0.901122967399483,0.7981648714504012,0.9735615243851738,0.967275815149292,0.8796938264815504,0.9688473520249221,0.9540615556502021,0.916859241507423,0.9508839751252369,0.7011707726698919,0.9688473520249221,0.9790579205411841,0.9571380145076698,0.9605021604012387,0.9473991727811977,0.9517679141853164,0.7851785317012705,0.9493957255905623,0.8420957316791543,0.9839553731674052,0.9875749921115438,0.948467140918744,0.9212094218042226,0.952904481298952,0.9412650880954541,0.9867852024016464,0.8571935243607938,0.7787271492420623,0.9676769377237682,0.9657805893681323,0.9956532987665977,0.9393074128728371,0.948467140918744,0.9495505106234363,0.7819144786593126,0.952904481298952,0.8470578226094763,0.948467140918744,0.9056319216938429,0.9844764601869231,0.9493957255905623,0.8788539781850342,0.812598698674895,0.9902416640337588,0.9365377706532191,0.9672758151492922,0.9321523113665873,0.9605021604012389,0.9657671730030435,0.9571380145076698,0.9676769377237682,0.740040052331581,0.9643133649175286,0.9672758151492922,0.9409091189323958,0.7719543387042518,0.9317998283510542,0.9589316626844853,0.7212184631640923,0.8979763176038495,0.9273099638694315,0.9564441004788367,0.813083249492395,0.9602211523225768,0.9657671730030437,0.9602211523225768,0.9602211523225768,0.8580546626695638,0.9495505106234363,0.9528294452685605,0.9602211523225768,0.850752050715597,0.872925485610744,0.9336347991328914,0.96110154420708,0.8363691979123069,0.8308063456911843,0.9735615243851738,0.9238013891436976,0.8746288432976697,0.9552408029353749,0.8692793046054159,0.9657671730030437,0.9354957453078971,0.9320579771477782,0.8871895921957202,0.9412650880954538,0.9706827259226706,0.9644928340620882,0.8666606520185524,0.9657671730030435,0.965073786007691,0.8616993128705425,0.9698382173897016,0.9517679141853161,0.9473991727811977,0.9836543654419933,0.9194920767890471,0.943443090174868,0.9264265757108796,0.9495505106234361,0.9934000968343186,0.9629078616894176,0.9517679141853164,0.9615452872130625,0.9857418255557404,0.927034035310814,0.8262875324250605,0.9643133649175288,0.9660513766874224,0.9564441004788367,0.8903421469154494,0.9135864513673664,0.8811434002398043,0.8603930719852715,0.7591103358244087,0.8124598227993507,0.8308063456911845,0.8796938264815504,0.9238013891436974,0.7976242880027442,0.9788198231857259,0.9273099638694315,0.9077662249784126,0.9602211523225768,0.8539593087394248,0.9887119198512566,0.9602211523225768,0.8319589973352826,0.9517679141853161,0.9576735770276548,0.9422586572762626,0.8747637690899397,0.9836543654419933,0.8470108069580577,0.9688473520249221,0.8427304828592405,0.9762381701099258,0.8954284206508369,0.957673577027655,0.8966062547807159,0.8970334570250009,0.9336347991328913,0.9203222717282118,0.8539459738780026,0.9061143838323409,0.8974734569479395,0.932771007121397,0.8974625884738571,0.9045448781262264,0.9110230653978576,0.9412650880954538,0.9688473520249221,0.9506503681784946,0.9615452872130625,0.8651004299649285,0.9723047356695362,0.9161060738860443,0.9589316626844855,0.80493019780615,0.7872929989765256,0.9704919301607371,0.9476534130774978,0.9629078616894176,0.9550124172403794,0.934561854210183,0.7301772381554017,0.9808061948240676,0.9409091189323959,0.9506503681784946,0.9203519494821842,0.952904481298952,0.9589316626844853,0.9643133649175286,0.9209839463193069,0.9602211523225768,0.9918036979367357,0.8247082505369036,0.8488894389623105,0.9505853404005389,0.9602211523225768,0.9085936746436276,0.8826391391211998,0.9264265757108796,0.9393074128728371,0.7331043271732334,0.9942598295392804,0.9497216571784259,0.8676894911065118,0.9961565139931365,0.9264265757108792,0.8830381436111521,0.8158085352345759,0.9657671730030437,0.8336818782271085,0.9442782351269043,0.9493957255905624,0.9872125588573133,0.9704919301607371,0.9961565139931365,0.9576735770276548,0.8124598227993508,0.7563074904491661,0.9942420842964469,0.9602211523225768,0.8763243374738706,0.7864203621851179,0.9672758151492922,0.9602211523225768,0.9517679141853161,0.8539459738780025,0.8807174319218227,0.9589316626844853,0.9643133649175286,0.9564441004788367,0.9589316626844853,0.9589316626844855,0.9364368411420321,0.9602211523225768,0.9564441004788367,0.9724383613004925,0.9602211523225768,0.920322271728212,0.959385510350397,0.967275815149292,0.7740029001505224,0.9398072791970182,0.9615452872130625,0.9589316626844853,0.8758841588239128,0.9279843845372737,0.9495505106234363,0.8754775406461837,0.9602211523225768,0.8721866864704171,0.9629078616894176,0.985927565404734,0.838341068153474,0.9201010496971589,0.967275815149292,0.9535979799037622,0.9506503681784948,0.9872125588573133,0.9132268973805199,0.9602211523225768,0.9336347991328913,0.9383422423783938,0.9412650880954538,0.9483842914986946,0.952904481298952,0.9342541377090323,0.945305581259918,0.8616993128705424,0.9774358012844693,0.8763243374738707,0.9602211523225768,0.9602211523225768,0.7912398923102942,0.9688473520249221,0.8665155322300475,0.891797975926373,0.9762381701099258,0.862510706561856,0.957673577027655,0.8363623635331237,0.8313241234502102,0.9602211523225768,0.9602211523225768,0.9327142329596736,0.9781086623875049,0.979191917804625,0.8308063456911845,0.8788539781850342,0.8206465546456467,0.8262875324250603,0.9142985671377684,0.9473991727811975,0.8894326889463282,0.9602211523225768,0.9220700353609517,0.8539593087394248,0.9704919301607371,0.8747637690899397,0.9672758151492922,0.8677629859955873,0.9602211523225768,0.9602211523225768,0.8582652152099643,0.8751938654120848,0.8645898998275019,0.9517679141853161,0.7998445750529279,0.8417025656248467,0.9432628256129658,0.9212094218042226,0.9073482152003542,0.9253065372566267,0.9602211523225768,0.9336347991328913,0.8571539835218498,0.9615452872130625,0.9672758151492922,0.9550108469657219,0.9356074344029928,0.981485790585267,0.9354957453078971,0.9615452872130625,0.7569142563213493,0.9602211523225768,0.864272336783596,0.9550124172403796,0.9686270243184087,0.8935043804887246,0.9450017593253315,0.9540615556502021,0.9255474930154988,0.8824955088435704,0.9657671730030435,0.8970707874646662,0.8921400493540415,0.9564441004788364,0.0,0.9393074128728371,0.9463456194504827,0.8535173013518578,0.9643133649175286,0.9589316626844855,0.9028202028772292,0.994242084296447,0.9336347991328913,0.8915851095153421,0.9704919301607371,0.9872125588573133,0.9704919301607371,0.9704919301607369,0.9723047356695362,0.9934000968343186,0.9186457666042604,0.9602211523225768,0.618691588785047,0.9517679141853161,0.9517679141853161,0.7997152688655996,0.9552408029353752,0.9589316626844853,0.9442782351269046,0.9627660172534371,0.9615452872130623,0.9341743359260252,0.9902416640337588,0.8616255760827236,0.8797355977355371,0.9602211523225768,0.9605021604012387,0.9602211523225768,0.8707511192158015,0.9688473520249221,0.9473991727811977,0.948467140918744,0.840537788134991,0.9602211523225768,0.8470108069580577,0.7951128469173042,0.948467140918744,0.8479521653438944,0.864272336783596,0.8535173013518578,0.9448229719109481,0.8970334570250009,0.9166835378272544,0.9735803407867052,0.976874885359055,0.9168592415074227,0.9524599694688207,0.8124598227993507,0.9836543654419934,0.8751938654120848,0.8913373025078379,0.9922673407988161,0.8737781800841438,0.9723047356695362,0.825802314919994,0.9602211523225768,0.9589316626844853,0.8763243374738707,0.7528949292727076,0.965073786007691,0.82509139652853,0.8061163702373837,0.9602211523225768,0.834363136168697,0.7885714320562005,0.996705259555954,0.9602211523225768,0.8746288432976697,0.9552408029353747,0.9672758151492922,0.9495505106234363,0.9589316626844853,0.8927556396064108,0.9463456194504828,0.9870066061767572,0.9442782351269046,0.9787649061336618,0.9495505106234363,0.8232442102979085,0.9602211523225768,0.9961565139931365,0.9602211523225768,0.9672758151492922,0.9802566459961093,0.9094222802137255,0.9704919301607371,0.9422586572762628,0.798865281960152,0.925547493015499,0.9393074128728371,0.9602211523225768,0.9054798572912144,0.8960891990394328,0.8486444096037384,0.9409091189323959,0.9336347991328917,0.9643133649175286,0.9412650880954541,0.940281523787128,0.934561854210183,0.9161060738860443,0.8061163702373837,0.934561854210183,0.8311012003946947,0.9643133649175286,0.7839452431237174,0.934561854210183,0.9704919301607371,0.9463456194504829,0.9615452872130625,0.6965730689929301,0.9589316626844853,0.940281523787128,0.985927565404734,0.915264150341758,0.7984764022449993,0.9836543654419933,0.9327142329596738,0.9453055812599183,0.9589316626844853,0.9517679141853164,0.8884740070227128,0.9393074128728374,0.7882865126048704,0.9064142711340988,0.9828798843095534,0.9281978840490726,0.9922673407988162,0.9615452872130625,0.9629078616894176,0.9710638846211328,0.808155018264922,0.9432628256129658,0.7538338724175446,0.9220700353609519,0.9643133649175286,0.9398072791970182,0.9425822257685998,0.9980151413438715,0.975924217777751,0.9902416640337586,0.9409091189323959,0.8847021819311651,0.9506503681784946,0.940281523787128,0.9602211523225768,0.905062989002544,0.9887906729238778,0.9317998283510542,0.9220700353609519,0.8822041938925775,0.9657671730030435,0.7867288748844503,0.9028202028772292,0.9463456194504827,0.891797975926373,0.9422586572762626,0.9686270243184087,0.8995337970065294,0.9404775915135253,0.952904481298952,0.9710422174615743,0.9611058687776596,0.9085936746436276,0.9333294375625139,0.9629078616894173,0.9615452872130625,0.9110833848585063,0.9432628256129656,0.9493957255905624,0.8913373025078379,0.892962784146768,0.9907459731648102,0.9576735770276548,0.9576735770276548,0.979181075752011,0.985927565404734,0.9238013891436974,0.9629078616894176,0.8896682568954877,0.9203222717282119,0.9657671730030437,0.9616288436298466,0.9236313915934427,0.9615452872130625,0.9688473520249221,0.9102521474185266,0.9672758151492922,0.9303375959870628,0.9657671730030437
p291_V,0.9237980545404556,0.9685841124338929,0.8349149021845175,0.7987451737451745,0.9225015741707872,0.9425114327004687,0.9409338999166663,0.9359239730372082,0.8474072181717967,0.996705259555954,0.9734273782715801,0.919989349133864,0.919989349133864,0.881756756756757,0.763748151721652,0.9224196544072623,0.8736715349160765,0.8954688163631979,0.9362456943690352,0.9967052595559542,0.82839213135367,0.906032704732697,0.9495645679265192,0.9804497858651828,0.9417409905789562,0.9307747569588933,0.9151430007264558,0.8562109672938345,0.9393074128728371,0.9126160009005431,0.9183639031920552,0.9304741538905168,0.9127986978904694,0.9069834982716531,0.9225015741707872,0.8993178757827877,0.9723157551667552,0.9127986978904694,0.9425114327004687,0.9281918474396416,0.8464976705745091,0.9230054833172634,0.9366713242763892,0.899089610841952,0.9996171864694428,0.8095788351686539,0.9765510393593577,0.7529820700361338,0.8934425806304627,0.8377297172163947,0.9810522968844484,0.876896309273667,0.8954688163631976,0.9508061295476464,0.963500026402725,0.8914410719709875,0.9598848913568985,0.9225015741707872,0.9421957124724712,0.9958114695283622,0.9396559123265897,0.9914639333477377,0.9986133618497158,0.8992865236029117,0.9333065093925879,0.9030802198179797,0.9177914171276885,0.9599684877270119,0.9239378858529286,0.8993178757827878,0.8798763806688739,0.8934425806304627,0.8484628994946642,0.8984666413273346,0.9225015741707872,0.8267698008899673,0.9780548428444061,0.9082470012068005,0.9458383805900829,0.9425114327004687,0.8945436312571671,0.97263879566368,0.8875064656813965,0.9633074212540199,0.9225015741707872,0.8743307438550614,0.8621423904215092,0.9599989969255578,0.8302638493565131,0.9199893491338635,0.9225015741707872,0.8600960853075241,0.9061651223805667,0.8112769906021842,0.9539981797161425,0.9922882207230792,0.9062781272461427,0.9021612281354041,0.7913025860746407,0.8943060814546406,0.925662981663943,0.9765510393593577,0.9225015741707872,0.9141659482022879,0.9619776763871523,0.9362456943690349,0.8583829421286902,0.7164319286858905,0.941740990578956,0.8734045114756085,0.9966981620157498,0.8975213827250901,0.7773386510565777,0.8618519839156851,0.9277359074596556,0.8193351117233485,0.9685841124338929,0.9362456943690349,0.9425114327004684,0.8243824768433312,0.899089610841952,0.8737850059390877,0.9038554657884539,0.8855707623626499,0.8573895994669336,0.8408494049910983,0.9250812961986934,0.986305031878903,0.9909903972974268,0.9801777989919911,0.9894614258400629,0.9258186968412377,0.96836956012162,0.8158540812532468,0.9151430007264558,0.9534956790158264,0.9958679487987703,0.930474153890517,0.9304741538905168,0.9175383063396301,0.8210449877449244,0.9393074128728371,0.9638770244425825,0.8499737220532662,0.9513406259898936,0.7064172413256602,0.8872345468276646,0.9064625675447129,0.9675603521328207,0.955012182551062,0.9458968937609288,0.8113620417189931,0.9317763606197278,0.8425111710827857,0.9177914171276884,0.9629411142488209,0.9425317632243322,0.9574631882963214,0.914110126181414,0.8251503574709129,0.8249230515863106,0.925818696841238,0.9361204140696398,0.8261339910939507,0.8691840392913499,0.8725113072902908,0.9696849249358238,0.8728920970887104,0.9462642492317385,0.878045440045608,0.9584942084942087,0.9199893491338638,0.9256629816639432,0.9262942716574478,0.8571569282476759,0.8842849992872084,0.9362456943690349,0.9925055456169973,0.9091923098144417,0.9245765316454824,0.9899457269363948,0.8732043168365953,0.9374493795642359,0.919989349133864,0.9817736690619318,0.9491564487435968,0.8025948455971328,0.8498574790755822,0.9105012505384158,0.9807394508561751,0.9958114695283622,0.9290476450874249,0.8094991372944087,0.7889262056992291,0.8666913852644192,0.9225015741707872,0.8387464089609978,0.9175383063396303,0.8859299315288812,0.8522618445105254,0.9860020009225581,0.9464802705130722,0.9225015741707872,0.9349300643359038,0.9268055351029183,0.996705259555954,0.9225015741707872,0.9718112279555632,0.9303519937309512,0.7330999107102135,0.7837989807240331,0.8823845551200094,0.919989349133864,0.9225015741707872,0.8950153967350558,0.922501574170787,0.8877861904107731,0.8786763344170292,0.8316283721615736,0.9225015741707872,0.8982849455083565,0.9225015741707872,0.8594719035517351,0.8862848743640495,0.932795246271596,0.8804313138469384,0.9277359074596554,0.7988522954409967,0.9175383063396301,0.9017126880527937,0.9446701888736628,0.9220207288098453,0.9817143590315371,0.9378027796250892,0.9304741538905168,0.925680950117113,0.9584141923894149,0.9325438021904642,0.9472490927671249,0.960175396156637,0.9899987985823229,0.8736715349160765,0.8737850059390877,0.9608634184056342,0.9225015741707872,0.959461027434898,0.9225015741707872,0.9483477537976807,0.900528591305265,0.930474153890517,0.9756512568194128,0.7988522954409967,0.8387464089609978,0.8063995425394426,0.9038554657884539,0.9125742379342789,0.9476888747140071,0.9202899671009932,0.8281884330418341,0.9642367179123754,0.9413841187405536,0.8595616759071825,0.9199893491338635,0.9858673317522391,0.8613859524384828,0.9425114327004687,0.904878416801592,0.9101560503341408,0.8975213827250901,0.9469887676211469,0.982585463998842,0.930474153890517,0.6793797554820336,0.7361921458658844,0.9653275503357561,0.9362456943690349,0.9142059785657485,0.868911712359733,0.99084282274228,0.9090241544371725,0.9362456943690349,0.9663215686027453,0.78321772480022,0.9333065093925879,0.8972375489498452,0.9137065637065638,0.9277359074596554,0.9994413423319619,0.8966601402637113,0.9175383063396301,0.9277359074596556,0.8770035649415359,0.8508335734743921,0.9362456943690349,0.9694737509192688,0.9192025540276801,0.898102330173175,0.985594442128753,0.9362456943690349,0.9225015741707872,0.8934425806304624,0.9175383063396303,0.9810522968844486,0.8459513633211898,0.7358894170236372,0.7793733011421318,0.8934425806304629,0.9026532767809434,0.8183719328042443,0.9677368608399362,0.644363540920306,0.8579120462536562,0.8802796796527348,0.8795030149530995,0.8747157664012744,0.888499047077812,0.6841263643405411,0.9393074128728371,0.9069834982716527,0.9801777989919911,0.9470575615378742,0.9746338287409402,0.9225015741707872,0.9810522968844482,0.8515474244094854,0.8954688163631976,0.9362456943690349,0.9090110235284592,0.9464802705130723,0.9225015741707872,0.9824879598400399,0.9362456943690349,0.9366713242763891,0.9644063381076242,0.9529906486159975,0.8996020324755996,0.930474153890517,0.8226715133063622,0.8613859524384828,0.9067169102590356,0.9540324564594047,0.7782585364229855,0.925818696841238,0.9697393763146018,0.8326445656986479,0.9911110085568766,0.9357408829096282,0.8158540812532469,0.7873726947904848,0.9069834982716527,0.7884624346683209,0.9151430007264558,0.9644994759182184,0.9938984828276253,0.8737850059390877,0.7773386510565778,0.8745483401294029,0.7838106565463814,0.9225015741707872,0.8141154564679586,0.9428273933582368,0.8780124908814337,0.9352780314506286,0.9967052595559542,0.7727586394590048,0.9225015741707872,0.9225015741707872,0.9675603521328205,0.9562611207259678,0.8069065519459739,0.922501574170787,0.996705259555954,0.9225015741707872,0.9137065637065638,0.8431623547994254,0.7692291586415593,0.9400771100284838,0.916016184190124,0.9833076730146282,0.8055966092160425,0.7870449052723949,0.9225015741707872,0.8901391312212945,0.9026532767809434,0.8298561919187314,0.9042840530795635,0.9221756491447483,0.8917352429580985,0.9277359074596556,0.8174370181507044,0.9225015741707872,0.8686035105342411,0.8573895994669336,0.8433592138221099,0.8428638680818297,0.9250812961986936,0.82426836696321,0.9127986978904694,0.9225015741707872,0.9190338370173665,0.7620929847131757,0.9225015741707872,0.7603674824796206,0.9972572069709398,0.8844834814579883,0.798332302723646,0.8855861077756679,0.9225015741707872,0.9435917186262937,0.8950153967350557,0.8038893788091563,0.9021321590490525,0.8985304531266376,0.9742054644591543,0.8865595729167085,0.9190338370173663,0.9277359074596556,0.8931207173207164,0.8309066414657286,0.9760740600631372,0.9242167818539031,0.9159546720138863,0.8709441203954515,0.9388933740579655,0.9304741538905168,0.8954688163631976,0.9225015741707872,0.8445057325000618,0.8498574790755822,0.9855043917305188,0.9871307482212135,0.9906272620392718,0.9608634184056339,0.9694737509192689,0.9332153268971213,0.9175383063396303,0.9339855047643736,0.9858842152953933,0.8476694754062012,0.9098072961938488,0.9076715010813186,0.9910578376517607,0.8543947063059751,0.996705259555954,0.9508061295476462,0.9017126880527937,0.7887594125200067,0.9833076730146282,0.9393074128728371,0.8726082569541467,0.7055011198405711,0.9888168159544352,0.9334160095166193,0.9833076730146284,0.9865413873777831,0.9765510393593577,0.9994413423319619,0.9687413438260817,0.9757932014501913,0.9361204140696398,0.9687413438260817,0.8551017577499607,0.9183639031920552,0.8806088165171153,0.9146906307701388,0.8549492399295393,0.8314344420445832,0.9966137217820954,0.9584141923894149,0.7667953667953677,0.9908428227422801,0.9760740600631372,0.7819752462569518,0.9871307482212135,0.9694890218435619,0.97263879566368,0.930351993730951,0.9020290748176603,0.9277359074596556,0.9622748805148907,0.8903139858116158,0.9657516752484123,0.6520082256556654,0.7896935892173356,0.8326445656986481,0.9104584515535377,0.9333065093925879,0.8562109672938351,0.9151430007264558,0.915143000726456,0.9810522968844484,0.9910578376517607,0.918363903192055,0.8759433670341439,0.9547977959327028,0.9199893491338638,0.919989349133864,0.925604186431299,0.8904996677530762,0.915143000726456,0.8499737220532662,0.9225015741707872,0.9333065093925881,0.9225015741707872,0.9225015741707872,0.8943060814546406,0.9017126880527933,0.9069834982716527,0.9225015741707872,0.9520199997398033,0.8953380247305358,0.9205309941406192,0.9671325136013079,0.9615810714290578,0.9620640605219126,0.9834745963645104,0.9055450095968043,0.9320998008628145,0.9952662150283396,0.9001248489566034,0.9333065093925879,0.9733010371560203,0.9260241912985483,0.743458184420491,0.8855707623626499,0.9635000264027251,0.9608634184056339,0.9270856363367524,0.9333065093925879,0.8415030753570434,0.9277359074596556,0.9279430623812721,0.9446701888736626,0.9230054833172634,0.9017126880527937,0.7854838356014566,0.8836545508570983,0.9773500723552714,0.9123838819213477,0.9715519476804579,0.925818696841238,0.9060327047326975,0.9723157551667552,0.868911712359733,0.783798980724033,0.9430392773904719,0.9810522968844484,0.8687046313896174,0.915143000726456,0.9239378858529285,0.8316463552777544,0.9644994759182186,0.8495064363272801,0.9795101062491114,0.9970799457879603,0.8229856241758232,0.8966157770135722,0.8785462170031448,0.8587681131001326,0.906032704732697,0.8346958032823576,0.8206687586293872,0.9225015741707872,0.9304741538905168,0.9629372157622487,0.9683086794376969,0.8982849455083566,0.6303174855757153,0.9524863574623584,0.8875064656813965,0.8856909335262275,0.9495645679265196,0.8811964211537184,0.9393074128728371,0.9217543644985329,0.815659884242754,0.9124842176819482,0.9175383063396303,0.9540324564594045,0.8701102736823143,0.8707051888795792,0.9361204140696398,0.9405547988340496,0.9118734249196552,0.7509283034073926,0.8096756761112878,0.9697393763146015,0.8481446113673639,0.8542749023230833,0.9832566743197297,0.9393074128728371,0.9038554657884539,0.980449785865183,0.8994406225804021,0.7164718940919628,0.9632536201475077,0.9199893491338635,0.8073542913753671,0.7574013541427946,0.9970799457879603,0.9333884849456937,0.9746338287409401,0.9048043876528449,0.9767788452564459,0.8975213827250901,0.9893969432662542,0.8855707623626499,0.8309458606780318,0.9717363674692563,0.9476888747140069,0.8129498901600083,0.9810522968844484,0.9425114327004687,0.9225015741707872,0.908100813607729,0.8616296819270108,0.8369993956601447,0.8780124908814337,0.922501574170787,0.7931356064352859,0.8739981632251432,0.9396559123265897,0.8817567567567568,0.8532445498042329,0.8600960853075241,0.86632515115204,0.8544257849349405,0.8894628186153253,0.8943560570371322,0.9291576091321705,0.8833329070124858,0.9333065093925881,0.8515474244094854,0.925662981663943,0.9746338287409401,0.9801777989919911,0.9425114327004684,0.9569057808979562,0.9175383063396303,0.9425114327004687,0.9105012505384156,0.9716712892571912,0.9683086794376969,0.9691787528439026,0.8960930666095488,0.9362456943690352,0.8484628994946645,0.9060327047326973,0.9208980939530009,0.8855861077756679,0.9644994759182184,0.9177914171276885,0.999617186469443,0.9644994759182184,0.9199893491338635,0.9378027796250892,0.9225015741707872,0.9573800935979493,0.9420887388347677,0.9225015741707872,0.8996020324755996,0.8833329070124858,0.9541300190655136,0.9277359074596556,0.9333065093925879,0.9250812961986936,0.9199893491338635,0.9455890720762883,0.911533001828125,0.912383881921348,0.9868303592248946,0.9225015741707872,0.9420887388347678,0.9765510393593577,0.99084282274228,0.8612674490118695,0.8601128166776508,0.9362456943690349,0.9332153268971213,0.9824879598400398,0.9801777989919911,0.9038554657884541,0.8942700047615739,0.960175396156637,0.9938984828276253,0.9839501848508652,0.9344450721126141,0.9082470012068007,0.9910578376517607,0.9281918474396416,0.9765510393593577,0.8904996677530763,0.8646517773452531,0.9225015741707872,0.9225015741707872,0.8681770753957145,0.9393074128728371,0.8767467528076702,0.9151430007264558,0.8945436312571668,0.9233458213595139,0.9608634184056339,0.9443953281691113,0.8368786240785541,0.9225015741707872,0.9225015741707872,0.986980346941851,0.8652167446718882,0.9595425947841236,0.9421957124724712,0.8148733596936462,0.7782926726430475,0.8806088165171151,0.8701572661212604,0.8975213827250901,0.8855450930388882,0.9225015741707872,0.8327507869317821,0.9304741538905168,0.9425114327004687,0.82426836696321,0.9362456943690349,0.8686188002217026,0.9225015741707872,0.9225015741707872,0.7554197851292377,0.9683086794376969,0.8017933221206897,0.906032704732697,0.8035490586609269,0.8464976705745091,0.9419297756780971,0.9423469173118804,0.8613301754065562,0.7934676793989757,0.922501574170787,0.8707051888795789,0.8764809649590473,0.9804497858651828,0.9362456943690349,0.9531650549101233,0.9143608994938972,0.9209318411003917,0.8743307438550614,0.9250812961986936,0.9817736690619319,0.9225015741707872,0.9391291237479663,0.996225319046196,0.9520753766313144,0.9435631620645475,0.9285895873102847,0.887974354415432,0.8432622929752911,0.8415527692943039,0.9858673317522388,0.97476323249925,0.7898637875872265,0.9151430007264556,0.9393074128728371,0.0,0.9986133618497157,0.9855043917305188,0.8672132741337567,0.9644994759182184,0.8405282505479152,0.9598848913568985,0.9801777989919911,0.8361170621982493,0.815854081253247,0.9005285913052647,0.9425114327004687,0.9425114327004684,0.9055450095968045,0.8101893197884852,0.951748226882095,0.9683086794376969,0.9393074128728371,0.906032704732697,0.9446701888736626,0.8055966092160425,0.9127986978904699,0.5458891294538808,0.7321179214065041,0.8892053633112416,0.9250812961986934,0.862878152355465,0.9048043876528449,0.9863067689076508,0.9867787681016487,0.9225015741707872,0.8349149021845175,0.9400771100284838,0.828320299814569,0.996705259555954,0.9334160095166193,0.9726387956636797,0.8884742999584236,0.9225015741707872,0.9010469938938089,0.8825906683241471,0.8996020324755993,0.8988575031319982,0.8578041589067026,0.8855450930388882,0.9304741538905168,0.8874451807660653,0.7938159995763255,0.9819324085713539,0.8369706810429851,0.9017126880527937,0.8445165475179697,0.9425114327004684,0.9388933740579655,0.9683086794376969,0.9979415841854361,0.8633125517052824,0.8721522076224949,0.9055450095968043,0.8706128883173658,0.9225015741707872,0.9644994759182184,0.8855571724449831,0.8542749023230833,0.8931902497972588,0.7905557031016348,0.7856447621853977,0.9225015741707872,0.9092278811853901,0.8801017009902623,0.9456563706563708,0.9225015741707872,0.8696693399894576,0.9127986978904694,0.9362456943690349,0.976074060063137,0.9199893491338635,0.9810579184287668,0.751471777679847,0.9472490927671249,0.9941068010498535,0.9991496219858823,0.9867452539316912,0.8545607303628724,0.9225015741707872,0.9756512568194128,0.9225015741707872,0.9910578376517607,0.9307077762079483,0.8136690013040437,0.9425114327004687,0.9539981797161425,0.8567880532702239,0.7883916625943512,0.9137065637065638,0.9225015741707872,0.8867168000149586,0.7485241167665728,0.8361407119326458,0.9511570440214601,0.9005285913052652,0.7154788451519618,0.8855707623626501,0.916016184190124,0.9629372157622487,0.8340288509995772,0.8645895006740021,0.9629372157622487,0.894594594594595,0.930474153890517,0.9224196544072623,0.9629372157622487,0.9425114327004687,0.892695540062629,0.9723157551667552,0.898102330173175,0.919989349133864,0.9868989158107994,0.8996020324755996,0.913273266585415,0.8707051888795789,0.9760740600631372,0.95398533576709,0.9328110853236412,0.9909903972974269,0.9833076730146282,0.8478477269978332,0.881756756756757,0.9302302679046641,0.9718112279555631,0.8741904440128021,0.860112816677651,0.9281918474396416,0.9332153268971211,0.925818696841238,0.9570211975143579,0.9402109610080136,0.7733223699715194,0.9906272620392718,0.8747639177841731,0.9304741538905168,0.9333065093925879,0.9390027279901941,0.8875064656813965,0.8634807943267511,0.6990382429759672,0.8855707623626499,0.9671325136013079,0.9038554657884541,0.8836545508570977,0.9400771100284836,0.8563926060959504,0.8138775264270355,0.9840203145777717,0.9391090761259803,0.8981742840153988,0.8038893788091569,0.9697393763146015,0.9501914227482253,0.9307747569588933,0.999617186469443,0.9462642492317384,0.9159524907976789,0.9413841187405536,0.9135701909320918,0.9082470012068005,0.9645889810918246,0.919989349133864,0.8940964787688725,0.9884637414125739,0.9277359074596554,0.9250812961986936,0.9287133722212444,0.9906272620392715,0.9746338287409401,0.8931207173207163,0.8983107112251305,0.9819710083579032,0.9175383063396303,0.9608634184056339,0.8867168000149588,0.9178060595541999,0.8785462170031448,0.9277359074596556,0.9307927723800892,0.9361204140696398,0.9333065093925879,0.9100479243194205,0.994794736900322,0.9804497858651829,0.9393074128728371,0.9559937244223011,0.9910578376517607,0.9648699914208063,0.9858673317522388
p292_L,0.7096918381615794,0.9208799593226005,0.8540589702876242,0.8954688163631979,0.8154170120192782,0.9491780856091547,0.8271687950029483,0.816785691130796,0.900335109502516,0.9463456194504825,0.9624721270225209,0.9292677720165115,0.7756183524053207,0.8954688163631976,0.9110950154916333,0.6440107060345022,0.9249834296604698,0.9075907590759071,0.9436389526644005,0.9463456194504825,0.9343258058778852,0.9169296077473637,0.9541968529441154,0.9337692322192532,0.915004851984079,0.9075907590759071,0.9249834296604698,0.9128552813832628,0.9463456194504827,0.9122272374751699,0.8988405313927081,0.7820079396167268,0.9229109835440803,0.8905248145511357,0.8154170120192783,0.9957912204911729,0.9337692322192532,0.9229109835440805,0.949178085609155,0.9441989622120355,0.8642985447139286,0.9715992805222547,0.949178085609155,0.8268320340133395,0.92498342966047,0.794239767265599,0.9361160018916064,0.9539287215866568,0.9057994954598185,0.9931905395122682,0.9385367079941815,0.7971196216424026,0.9075907590759071,0.36650144301156795,0.9403936712046197,0.9040300914457235,0.9040300914457238,0.2586095064370061,0.8666756820306953,0.9271009640247971,0.8732840781850195,0.8174972048779763,0.9075907590759074,0.8642985447139286,0.9410406098239261,0.8975676990232175,0.9385367079941815,0.7636378808463782,0.8849780498541324,0.9436389526644002,0.893806497800568,0.9057994954598185,0.9166547403069645,0.923503887875216,0.2586095064370061,0.8468584144181484,0.9169296077473634,0.9188871236697294,0.8734753209379917,0.9491780856091547,0.9624721270225209,0.9515990837410906,0.5116381128998897,0.8973361621876463,0.2586095064370061,0.8889039599111503,0.9169296077473634,0.9558634050700896,0.9133263317400202,0.28376189310837396,0.2586095064370061,0.8540589702876247,0.7948723265313882,0.8042798049713862,0.4014237142884358,0.4878010087765132,0.8511694599226771,0.8482926115779144,0.9980495845517952,0.977836216201275,0.9040300914457235,0.9361160018916064,0.9314886672615055,0.9530112287674921,0.7217652242119474,0.9436389526644002,0.8748055425712828,0.9886532440391012,0.9987351912497628,0.9270564646547608,0.8583226849174204,0.909405299893773,0.996547590426378,0.8778722974583606,0.9361160018916064,0.9467575859259298,0.9208799593226003,0.9436389526644002,0.949178085609155,0.9747599015206189,0.9471227957381576,0.8454267695073416,0.915004851984079,0.8988405313927084,0.9466053748231964,0.9097621341860556,0.9337692322192532,0.6765389153479933,0.9784534179462063,0.9824764774982423,0.9687407913791505,0.9361160018916064,0.9385367079941815,0.9491780856091547,0.9249834296604698,0.8378881427506737,0.9932295786124765,0.9385367079941818,0.9385367079941815,0.3068805944579899,0.7365058536917065,0.9463456194504822,0.9423564594238978,0.8269664944023671,0.8754653093959393,0.9110950154916333,0.9955163805952003,0.9949051336728938,0.9057994954598187,0.8699952124848969,0.9463456194504827,0.9738625321620703,0.8296313410259673,0.8397219435105812,0.9385367079941818,0.9057994954598187,0.8867881128334254,0.8841133455738346,0.8568705460937132,0.7246258414752634,0.8207402721388646,0.9361160018916064,0.9112446674143933,0.6754836127321646,0.8901051131125659,0.8872955140291616,0.8857638004465433,0.8642985447139286,0.9005517611723417,0.9542346838381128,0.9986133618497156,0.9292677720165115,0.9040300914457233,0.750979684176506,0.9931026874757771,0.8354611905902429,0.9957912204911729,0.7217652242119474,0.9955239637156408,0.7208186446215717,0.880973656757946,0.9043883676521418,0.9040300914457235,0.9292677720165115,0.7793988030900802,0.8504145346309111,0.9530112287674921,0.9560841968775995,0.36650144301156784,0.8971465330611363,0.9271009640247971,0.9493044586165951,0.8271253427472367,0.8905776598760082,0.9344254340461831,0.2586095064370061,0.9337692322192535,0.9271009640247969,0.5171836545468722,0.8921951707088795,0.8540589702876238,0.9723609361240989,0.2586095064370061,0.8476726580348912,0.9123437623886532,0.990227237828481,0.2586095064370061,0.7932721517745711,0.9186550120230907,0.9549391496582185,0.7128710043217357,0.8717700291221543,0.9292677720165115,0.2586095064370061,0.6918618611767919,0.2586095064370062,0.8785321672365414,0.805552901573094,0.8009915962798422,0.2586095064370061,0.7981214942939552,0.2586095064370061,0.849673566385334,0.8748055425712831,0.8872955140291614,0.8326266896887446,0.9361160018916064,0.9302595907554625,0.3068805944579891,0.9952831447476325,0.9169296077473637,0.9649961119767656,0.7790455758297512,0.8905248145511357,0.9385367079941813,0.6398624365232617,0.9079246045305449,0.86876270461826,0.9476153226931836,0.9186550120230907,0.9186550120230907,0.92498342966047,0.8454267695073416,0.9271009640247969,0.2586095064370061,0.9223933301348369,0.2586095064370061,0.8386781419901967,0.9186550120230905,0.8937900805723632,0.9768086827916644,0.9302595907554625,0.9337692322192532,0.9201801104717737,0.915004851984079,0.8555090199358881,0.9188871236697296,0.9587133478141208,0.9361160018916064,0.8774727469180785,0.8269664944023665,0.9988078450854883,0.2837618931083741,0.99912262812238,0.7917942226420207,0.949178085609155,0.9796222466236468,0.956911686463469,0.45595246232503917,0.8255524180203788,0.9079542226869952,0.9496811510501814,0.9598304752924693,0.8794737026711493,0.9177286235252595,0.9436389526644002,0.9946875856611308,0.8841133455738341,0.9112446674143933,0.8968738879834461,0.9436389526644002,0.987213646380621,0.8819937914444249,0.9410406098239259,0.8917796312811821,0.8954688163631976,0.9361160018916064,0.9245814746860734,0.8496210060720479,0.9271009640247971,0.9361160018916064,0.9900588676412958,0.7501392869450512,0.9436389526644002,0.903092331105769,0.7425227331232552,0.8454267695073414,0.9988078450854883,0.9436389526644002,0.9314886672615053,0.9057994954598185,0.9271009640247969,0.9944277784719999,0.8865350450225611,0.8765570410167721,0.9900588676412958,0.9057994954598187,0.8872955140291612,0.8726848626954137,0.9652011903472191,0.8887311251159745,0.8043744343099007,0.7852325629825663,0.651786957145933,0.853740614565683,0.9463456194504827,0.9003351095025163,0.9463456194504825,0.8905248145511355,0.9495203073386865,0.8778722974583606,0.9361160018916064,0.2586095064370061,0.9385367079941811,0.8687627046182602,0.9075907590759074,0.9436389526644002,0.8847133352807126,0.9292677720165115,0.2586095064370061,0.915004851984079,0.9436389526644002,0.9840677331869966,0.8794184279003854,0.8063962999510318,0.911244667414393,0.9385367079941818,0.9796222466236468,0.7692505156398974,0.9987351912497628,0.9229109835440805,0.7855342689816796,0.9900588676412958,0.9586381348210116,0.7461308961782382,0.9900427159691704,0.9110950154916333,0.9491780856091547,0.9445911251806223,0.8905248145511353,0.9394445929137278,0.92498342966047,0.2345762471786782,0.8938064978005682,0.8454267695073416,0.9814764947876831,0.9613219437872127,0.7555267484019452,0.2586095064370061,0.9693213286682993,0.9899281062556811,0.892158753707073,0.8889039599111503,0.8633729523864078,0.8611574509681621,0.2586095064370061,0.2586095064370061,0.9790021042835307,0.9604792822548722,0.8099750192678041,0.2586095064370062,0.990227237828481,0.9314886672615055,0.9307747569588932,0.8613500083222569,0.9776420699265882,0.9314886672615055,0.8971465330611363,0.9169296077473637,0.7737394162043592,0.9173273162736985,0.2586095064370061,0.8397219435105809,0.8872955140291614,0.9158977653053868,0.9284147475133251,0.9686685867518168,0.9504348889589374,0.9361160018916064,0.9649921561678492,0.2586095064370061,0.7484582530296064,0.9856199905704857,0.834129500305576,0.9062536101546219,0.9096423096705522,0.7722474481848001,0.9229109835440805,0.2586095064370061,0.9116504572005335,0.6931645127244972,0.2586095064370061,0.995570386402843,0.9195491907388309,0.7869927119133113,0.7508557165936529,0.9303331792470886,0.2586095064370061,0.9066963986837286,0.829631341025967,0.9991226281223795,0.7507732526367958,0.8283955190823624,0.8748055425712828,0.9074390503766527,0.8598831469664705,0.9361160018916064,0.9055149569795278,0.873878598228166,0.9131105611405985,0.9851711174376252,0.9062028679268259,0.825552418020379,0.42950877000312804,0.9385367079941815,0.9075907590759074,0.2586095064370061,0.9957912204911729,0.8968738879834464,0.8139876759619458,0.8631878595663138,0.9022812459376925,0.3068805944579903,0.8347024503330018,0.9859653849226513,0.3068805944579903,0.9624721270225209,0.9314886672615053,0.9208799593226005,0.8368800800587328,0.9304071958786944,0.9352213936467461,0.9794205552761555,0.9463456194504829,0.9654186216767149,0.9131105611405985,0.9285363998890832,0.9169296077473634,0.9463456194504827,0.7955448608690561,0.9206037147937578,0.5059358112790148,0.4559524623250393,0.9169296077473639,0.8687627046182602,0.7941696693599456,0.8905248145511357,0.9226325469213175,0.963112100630142,0.951599083741091,0.9226325469213175,0.9939428696246877,0.8988405313927081,0.8479893003429586,0.8669583994066496,0.8717700291221542,0.9716572732363804,0.9262294143571037,0.8526125248565157,0.8573895994669344,0.951599083741091,0.4295087700031289,0.7539755036479481,0.9503578662718963,0.8236340386243203,0.9919535000677886,0.8856988418635348,0.8424798490915246,0.9361160018916064,0.999226699726911,0.837984812047937,0.8889039599111501,0.8440314442491254,0.9436389526644002,0.8566652906468514,0.8540589702876245,0.9410406098239261,0.9206037147937578,0.92498342966047,0.9249834296604702,0.9944277784719999,0.9436389526644002,0.8988405313927081,0.7871510112545167,0.882538461381442,0.9292677720165115,0.9292677720165115,0.6793312058156158,0.8748055425712831,0.32823507312496225,0.8522196206602226,0.2586095064370061,0.9410406098239263,0.2586095064370061,0.2586095064370061,0.9556052694213422,0.4295087700031286,0.8905248145511353,0.2586095064370061,0.7065605296159827,0.9872031249363475,0.4881339251049073,0.9436932285312714,0.8397219435105809,0.7820379557974444,0.9003351095025163,0.624044808353545,0.9910377603949916,0.9229109835440807,0.8738785982281658,0.5943032437884442,0.8889039599111506,0.9302595907554625,0.6679365212869296,0.8988405313927084,0.9684760986278473,0.9271009640247971,0.7529602345885682,0.9410406098239261,0.8598831469664705,0.9361160018916064,0.8951634300459379,0.9169296077473634,0.9490704397550971,0.9131105611405985,0.9598304752924693,0.8971465330611363,0.9038547561156014,0.7581991044312648,0.832200686270079,0.9361160018916064,0.39993250813778825,0.9337692322192532,0.8841133455738341,0.9768701642370285,0.8300648211329422,0.558443657705455,0.9271301412483195,0.7016258217322475,0.7458100200427336,0.8511694599226769,0.9292677720165115,0.9376121488341831,0.9005517611723415,0.9491780856091545,0.738127160525962,0.9560924860857702,0.8030539214223207,0.7348773722893931,0.9169296077473637,0.9056384037386231,0.841145251328689,0.2586095064370061,0.9385367079941815,0.9539119155583538,0.9821075314053485,0.8614472846573511,0.9169296077473634,0.9271009640247971,0.9005517611723417,0.8174972048779761,0.9131105611405985,0.9558634050700896,0.9463456194504825,0.765168537567047,0.9624721270225209,0.9684368853224965,0.3068805944579903,0.9229109835440805,0.8156588223676154,0.9186550120230905,0.9112446674143933,0.7910533895191151,0.8906707345873255,0.8807292068322712,0.9870540169981432,0.8905248145511355,0.6847554714970887,0.8128142530789664,0.8988405313927081,0.9463456194504827,0.915004851984079,0.9618384623739511,0.7826074507426821,0.9522281823129654,0.6404644816905893,0.28376189310837396,0.7685922187366276,0.7855342689816796,0.9491780856091547,0.8889965795766475,0.9361160018916064,0.9427224628479643,0.8872955140291618,0.9490704397550971,0.8662848764399402,0.8988405313927084,0.9568700216169213,0.5580199654264582,0.9188871236697294,0.8739896442647094,0.9944277784719997,0.9491780856091547,0.2586095064370061,0.9245814746860737,0.8184808644825556,0.8496210060720477,0.8921587537070732,0.2586095064370062,0.8425703725337486,0.8079901782218559,0.9738625321620705,0.5396361341056766,0.870263023126338,0.8540589702876247,0.8397219435105807,0.9721489818489679,0.9022812459376928,0.9955667899073475,0.6827327254320377,0.8526125248565155,0.9410406098239263,0.8687627046182602,0.9040300914457235,0.9361160018916064,0.9186550120230907,0.9491780856091547,0.939544964364678,0.9271009640247969,0.949178085609155,0.9208799593226003,0.9040300914457233,0.9314886672615053,0.7740810643720153,0.8439974845602782,0.9436389526644005,0.9166547403069654,0.8695898034667461,0.7041672989799523,0.9741313134716161,0.2345762471786782,0.9385367079941818,0.28156122954905016,0.2345762471786782,0.28376189310837396,0.4283419827501056,0.2586095064370061,0.92498342966047,0.6010358175839319,0.2586095064370061,0.9112446674143933,0.7048908377512564,0.7535119131134654,0.9361160018916064,0.9427953535791663,0.9096423096705522,0.28376189310837396,0.7467700034664921,0.8326297792476782,0.8814579798418161,0.8777266806272173,0.2586095064370061,0.8748055425712828,0.9361160018916064,0.951599083741091,0.93954703238546,0.8763348124829182,0.9436389526644002,0.9337692322192535,0.956870021616921,0.8856988418635348,0.7500737909531848,0.9314886672615053,0.5870024355835745,0.893806497800568,0.9350783929825497,0.6896471801578403,0.9188871236697296,0.9436389526644002,0.9441989622120353,0.9361160018916064,0.9056384037386229,0.9819934861315971,0.2586095064370061,0.9314886672615053,0.8411452513286897,0.9463456194504825,0.8498269418205968,0.92498342966047,0.9188871236697296,0.8975676990232175,0.3068805944579903,0.8027688159173205,0.9268468105613143,0.2586095064370061,0.2586095064370061,0.5940025372144537,0.8431296199232046,0.9284324089745186,0.7820379557974444,0.9309653756206251,0.7508557165936529,0.7840725527723567,0.9486054609874393,0.909405299893773,0.9244470933580633,0.2586095064370061,0.983311367357016,0.9385367079941815,0.949178085609155,0.7722474481848003,0.9436389526644002,0.9079967182643278,0.2586095064370061,0.2586095064370061,0.9339408282044066,0.9821075314053485,0.9232059653688394,0.9169296077473637,0.8311304467336682,0.8642985447139286,0.7996090066464223,0.893465545817623,0.8904866103781199,0.8221337259550519,0.2586095064370062,0.8856988418635348,0.8871828781722597,0.9859653849226515,0.8746515668023193,0.6127379093815017,0.774710291131701,0.6137561706396473,0.8889039599111499,0.8052500042637556,0.8582839813433472,0.2586095064370061,0.9909046326311257,0.8889039599111503,0.9517995480250121,0.8537406145656832,0.8184808644825559,0.9208799593226003,0.9463265979039871,0.8028518170159555,0.9410406098239259,0.9527415915823233,0.9661637223796185,0.92498342966047,0.9463456194504827,0.9986133618497157,0.0,0.9465389768372867,0.9385367079941815,0.28376189310837396,0.9868026610608007,0.9796635193777841,0.9516111821826461,0.893806497800568,0.9491780856091547,0.9186550120230903,0.949178085609155,0.9491780856091547,0.8687627046182602,0.5221050562443785,0.9973253556379068,0.9314886672615053,0.9463456194504825,0.9169296077473637,0.9549820389811021,0.7737394162043592,0.9229109835440805,0.9784534179462063,0.9796635193777843,0.6921296813083654,0.9337692322192535,0.6876300672459112,0.4712764465734882,0.7464102268025752,0.7869974842207443,0.2586095064370061,0.8540589702876247,0.9821075314053485,0.6958663923837365,0.9463456194504825,0.9715992805222546,0.9112446674143926,0.8296313410259675,0.2586095064370061,0.8028432884136889,0.7600825581617032,0.9273376672788168,0.9357257392476332,0.8561031431193065,0.9465389768372867,0.9385367079941813,0.6817028842856856,0.5571098435946412,0.7381271605259623,0.8506761496302744,0.9131105611405985,0.8410561648623877,0.9491780856091545,0.9541968529441156,0.9314886672615053,0.9496954632066934,0.9057994954598185,0.9891165082163906,0.653879660531674,0.7886289796123007,0.916654740306965,0.2345762471786782,0.9256009930863662,0.8128142530789666,0.6546257618884139,0.9376121488341831,0.9277853505731026,0.2586095064370061,0.9154027912340774,0.8401356041885018,0.8954688163631979,0.2586095064370061,0.8070686869526495,0.9229109835440807,0.9436389526644002,0.3884224781996116,0.28376189310837396,0.9972513755334592,0.8583215464403571,0.8613500083222569,0.9418468054117539,0.9059355222609429,0.913110561140599,0.7477120255242753,0.2586095064370061,0.9859275987813501,0.2586095064370061,0.9436389526644002,0.7979377653422226,0.9956396812454733,0.949178085609155,0.9005517611723415,0.9522322463593524,0.8717700291221544,0.8954688163631979,0.2586095064370061,0.9995891151625982,0.9146657685995339,0.8457115139842375,0.9924458838377673,0.5870024355835755,0.9385367079941818,0.5213536831698244,0.9955703864028429,0.5464650729727079,0.8835104920677508,0.766883732050764,0.5464650729727079,0.8954688163631979,0.9385367079941818,0.8454267695073416,0.5464650729727079,0.949178085609155,0.9466053748231964,0.9859653849226513,0.8722984813209287,0.9292677720165115,0.8971465330611363,0.911244667414393,0.8540589702876245,0.885698841863535,0.9131105611405985,0.8841133455738344,0.9441989622120355,0.6772470605459311,0.912285921223924,0.8787321691565688,0.8954688163631979,0.9264790424305229,0.956911686463469,0.5753889784506284,0.8763348124829187,0.9441989622120355,0.9618384623739509,0.9361160018916064,0.9264790424305227,0.997871471801081,0.9022812459376928,0.9395449643646787,0.9873059868726243,0.9385367079941813,0.9410406098239263,0.7117604128415851,0.9005517611723413,0.9436800347105212,0.9225786753593272,0.8988405313927081,0.7717641553443129,0.9150048519840792,0.9329075599064764,0.931488667261505,0.939601600482806,0.8873300914613187,0.882538461381442,0.9579233411022652,0.8031577281411425,0.9427953535791662,0.9926947949559495,0.730541391423761,0.9075907590759071,0.9816688831877087,0.9372898940428271,0.9517995480250121,0.7437303592140891,0.850130818969461,0.9188871236697296,0.7226486654768178,0.9292677720165115,0.8957430324228601,0.7933328326872946,0.9361160018916064,0.9337692322192535,0.9910204827217466,0.9022812459376919,0.9559982666090142,0.8628217153184263,0.8401356041885015,0.7866766582073312,0.9271009640247971,0.9271009640247971,0.9097422973841849,0.9919535000677886,0.8687627046182602,0.9361160018916064,0.9967891324300245,0.911244667414393,0.9410406098239263,0.8835104920677508,0.9490704397550973,0.9859653849226513,0.9463456194504825,0.8454267695073416,0.9436389526644002,0.8220852627793283,0.9410406098239263
p293_GAP,0.8169592835629007,0.7839930876682057,0.6961033073162533,0.7745932914095683,0.7571027055111268,0.8612502633673058,0.996920061754961,0.9657669505410726,0.4857583793152842,0.8535173013518575,0.7785524145786098,0.7474881342688839,0.7196369421472582,0.71461771219459,0.9757230669511496,0.882317275364471,0.9273405050304726,0.7477120255242753,0.9833175579709121,0.8894326889463282,0.8320042389409579,0.8215612095168274,0.9023715019035563,0.8487381822088338,0.7679533613871454,0.6337152370574657,0.7951960389045738,0.6098524196781223,0.889432688946328,0.6397977182764114,0.7016295290576837,0.7880245640829151,0.8411401795341402,0.7396306695705043,0.7857654522048226,0.8461277862534453,0.8487381822088333,0.7895380199912547,0.8612502633673058,0.7428216675369566,0.7286134918556,0.7532087786684059,0.9875524927629928,0.7172680490652273,0.9009116118052929,0.676634019783265,0.8255892557605071,0.5678189140604866,0.7428216675369566,0.42152997971602557,0.832198064937085,0.5526266148464809,0.6558071205366892,0.8848725063374459,0.8750479429799932,0.9092995966185089,0.7379909888052494,0.8129560940834346,0.5958607840272987,0.8009771539783095,0.49773300896205275,0.5840793289253474,0.8546340718497019,0.860739153478393,0.8390340081240995,0.4291370228593917,0.832198064937085,0.7717775845579746,0.9271040796482746,0.8461277862534455,0.7100793891989086,0.8732830132002019,0.9577419323669981,0.28969262499296344,0.8129560940834346,0.6737061432982434,0.7973846889888165,0.9759912045435395,0.32123587443076684,0.8612502633673058,0.8525919608154582,0.8262392421922453,0.728494742645736,0.9023552098788397,0.8129560940834346,0.696694890619078,0.8940907711008594,0.5393707559952754,0.9756053087261287,0.8068927917851012,0.8129560940834346,0.6173205650869928,0.5703778662824661,0.5213596621839693,0.9157202430296139,0.834023965367263,0.5936753173085911,0.6935262720912383,0.32703005791165773,0.23238648468818812,0.759404564781907,0.8255892557605065,0.812956094083435,0.7499909836783165,0.6091810569412324,0.8461277862534455,0.6582045717027027,0.3491639297622132,0.6631026580139314,0.3406784716111406,0.5576016614550088,0.8200466541183982,0.4412704567987946,0.6843489819142907,0.8255892557605071,0.3213839425254459,0.8848725063374459,0.9147226721121786,0.8612502633673056,0.3638567945488643,0.845265300006194,0.5779971046272829,0.7679533613871459,0.9084988956761151,0.7698039090034989,0.38325976370677595,0.8191823016368875,0.9327350563103434,0.9739999445148568,0.9015066162925457,0.31974885072626347,0.9605960911162628,0.832198064937085,0.9497531817955674,0.8216249321297537,0.4435361024648261,0.7813438634494897,0.832198064937085,0.8638461791854182,0.8280868502882601,0.6656826122331494,0.8535173013518571,0.4164562869736431,0.7277912721467932,0.6012076275247589,0.5399846324739025,0.6175463511092757,0.36499496780608,0.7135893921995238,0.3367971404268886,0.8535173013518575,0.5669751472517485,0.6863169670108178,0.9011398453294083,0.8638461791854182,0.6483587193679011,0.6616610472826259,0.7574946995253371,0.8062930457760682,0.608429121701002,0.7374399724318932,0.8561342062066826,0.8033887015349683,0.5874569895095458,0.7680116546849145,0.7111642931719588,0.836351089378411,0.7120977841527512,0.9802655900904539,0.5814280075411443,0.8745525901011986,0.8068927917851012,0.7694967637316332,0.6800867727402424,0.6898726976216442,0.8298103817125155,0.9147226721121786,0.8797513269650763,0.9006814299690011,0.6431059827745771,0.9627996773927695,0.7293480671068755,0.8878860206418513,0.7474881342688842,0.8622757421037859,0.4752286405118167,0.40475612786145565,0.6918193762140163,0.9100923610047558,0.7596971752160062,0.9094159392181109,0.6900968864541076,0.6232986565903786,0.4183802893418681,0.6886718661340159,0.8129560940834346,0.8191823016368875,0.9636353318380122,0.9837643067273246,0.7172078883272475,0.6263651095121034,0.803190518512136,0.8129560940834346,0.6290318040286038,0.24583062614149742,0.8535173013518575,0.8129560940834346,0.9578075166405822,0.6215869539528182,0.5459897633482607,0.7383437008755585,0.770086406589912,0.8068927917851014,0.8129560940834346,0.889531510172521,0.8129560940834346,0.44356325207640845,0.5624063901885377,0.6139205074018064,0.8129560940834346,0.5440376946305963,0.8129560940834346,0.7354718039791988,0.8005665872851739,0.6923036463066834,0.6449032413785327,0.8255892557605067,0.2808910614740975,0.8551965465982105,0.8558415769648624,0.9124970646750549,0.7579140044237123,0.6421728904610084,0.8939646047478893,0.832198064937085,0.9268019842897895,0.8072999539592312,0.8613273084436979,0.8982714380594579,0.8641839946472473,0.5469417106622223,0.9273405050304726,0.5779971046272832,0.7652677050624836,0.8129560940834346,0.6318564136195781,0.8129560940834346,0.5725294406254064,0.6879445456091826,0.7880245640829152,0.9502768986869881,0.2562978849847579,0.8487381822088333,0.5406572403342329,0.7679533613871452,0.6055228208147398,0.8525919608154582,0.2993547021862172,0.8255892557605071,0.5275984067489583,0.9147214682142161,0.43009612783160567,0.8068927917851012,0.8978561483651696,0.5998023221752926,0.8612502633673058,0.41769710811145877,0.700612084007666,0.8874273752573243,0.7072729977353729,0.5536709957814954,0.7880245640829154,0.6681593617839001,0.6335475033557549,0.34189105512288176,0.8461277862534455,0.1109032220708488,0.799232841438602,0.7805381608776911,0.9561406047331698,0.8461277862534455,0.689196109602642,0.3694422239191769,0.8719227385629407,0.7566658416924006,0.7745932914095679,0.8255892557605067,0.8361112270086883,0.17995104791764938,0.8009771539783097,0.9911410415624385,0.8255892557605065,0.33243334045491013,0.8461277862534453,0.3684301316045784,0.6564235597262593,0.6692931558484396,0.9164125103877876,0.9833175579709124,0.8129560940834348,0.8080523403685791,0.8009771539783097,0.832198064937085,0.2526497896590927,0.84979862215215,0.8255892557605067,0.7428216675369566,0.7418769477350508,0.40758250795860596,0.8002684491786292,0.744868496726311,0.7702908320221851,0.9013841754150429,0.7792661296612264,0.5888992416761516,0.9253480765407986,0.6219840507411667,0.9612634641352691,0.8746801455014888,0.8455226838245993,0.8087516709608273,0.7773263884392076,0.8129560940834346,0.7563764498345805,0.7261763009939051,0.7477120255242755,0.8461277862534455,0.9965223396816935,0.8625951760283532,0.8129560940834346,0.7916593605787672,0.7766003415235206,0.8990495743347311,0.6707982851076646,0.6025720335494896,0.7576876202204141,0.7880245640829157,0.44341665137474984,0.446618822481764,0.8153653597703896,0.6944403845798974,0.5188908448209371,0.9477690575452098,0.7010617510777037,0.5443183185762781,0.6863899643182843,0.593794888093341,0.8612502633673054,0.27588265222970276,0.7204044715302858,0.24351834916552295,0.7951960389045738,0.8068927917851012,0.9272812295130597,0.684509164385299,0.2546137361694053,0.12424873395720148,0.40808874592186495,0.8129560940834346,0.35322001138513603,0.9600777890216565,0.7641110283299362,0.925513104191922,0.8232442102979085,0.5023710434875741,0.8129560940834346,0.8129560940834346,0.9092814106943902,0.7752379310952845,0.5495966363430143,0.8129560940834346,0.8535173013518578,0.8129560940834348,0.7146177121945902,0.7191642359194608,0.381405361513217,0.8129560940834348,0.719198073890394,0.8215612095168274,0.4592934272800513,0.38104345033207476,0.8129560940834346,0.6518285809552082,0.6923036463066834,0.24858845157913734,0.27531349313944575,0.7394476245532,0.5624265131967785,0.9911410415624385,0.18161732798406705,0.8129560940834346,0.34019873106755405,0.7477120255242755,0.6571149438875542,0.8600665068985958,0.7670353703558733,0.46788782933795847,0.7895380199912552,0.8129560940834346,0.703351933068102,0.6387390849667227,0.8129560940834346,0.94194313118126,0.5946689067727987,0.6931678447875533,0.4201218473796122,0.1534476563700693,0.8129560940834346,0.87791233727025,0.514372496553152,0.8719227385629407,0.6815514017310773,0.6082119386947122,0.5212226693434321,0.527437939883632,0.7144908921030939,0.8255892557605071,0.7022227960938563,0.39298896072992795,0.8325766144955158,0.387439204762982,0.6651181238008976,0.6091810569412328,0.9489014268422507,0.832198064937085,0.7698039090034989,0.8129560940834346,0.9147226721121788,0.7885025004223045,0.6004535147392294,0.777210308000298,0.7965177700113666,0.8280868502882601,0.678869747905714,0.937405823924671,0.8280868502882601,0.8772718095610745,0.812956094083435,0.783993087668206,0.6431959802343976,0.6798593832011806,0.8108977844528873,0.3504230967820595,0.8232442102979085,0.8377090923221443,0.8558415769648626,0.6671755545246169,0.8457377300448381,0.889432688946328,0.6217866116262254,0.6664343602739485,0.8221556948830706,0.7751261733591142,0.8457377300448383,0.7768579287875774,0.9911410415624384,0.9324752620345076,0.6955820764499019,0.912254255979655,0.9176414048213544,0.7098524462475283,0.8512498542371473,0.599031746092893,0.42351443461478366,0.571025283707529,0.7185853467531835,0.9537693982556523,0.6324489506841214,0.64459544663436,0.9855043917305188,0.7853015666340419,0.8325766144955162,0.41632406690723744,0.8512498542371472,0.54766789350421,0.6938994040049327,0.7066058564318314,0.5978012006240431,0.8255892557605067,0.9837586901642212,0.5980146365825547,0.8683085507987109,0.8419781078703222,0.982384999099721,0.7317476573442994,0.7051478517413652,0.9377001994406238,0.8054675274983363,0.8216249321297535,0.795196038904574,0.8513207925795822,0.8804252291828121,0.7238228863394935,0.4465674884866979,0.7890282687338996,0.8068927917851012,0.8068927917851014,0.4984910425281369,0.9899254742585213,0.8216249321297535,0.5418978971345179,0.8129560940834346,0.8390340081240995,0.8129560940834346,0.8129560940834346,0.08132817697819361,0.7627817270874744,0.7204044715302858,0.8129560940834346,0.42998902851107323,0.2751074497823133,0.7999124105450754,0.6861138048113342,0.6518285809552085,0.4218104934308773,0.6798593832011806,0.9120089362373702,0.1441231090131858,0.8153390997626973,0.9437918501559237,0.970588929879465,0.5977822841979893,0.6493057612396282,0.5414677689747118,0.7238228863394933,0.9524511822943206,0.9094159392181114,0.6745675962710127,0.8719227385629409,0.6659777942006935,0.8255892557605071,0.79994408908592,0.9608501057310763,0.9098876156369653,0.9721663893115968,0.3893121330314676,0.7394476245532002,0.4977330089620531,0.6555942111788514,0.9201914873460106,0.746781437993032,0.9182672916288706,0.8191823016368887,0.9606612432501984,0.3306476314724973,0.5146647727475493,0.9271424076820847,0.7180615399203603,0.8480538253549337,0.6073577541911142,0.5936753173085916,0.862595176028353,0.33465828338115133,0.8533117429016543,0.8612502633673054,0.3596496753607268,0.35042309678205896,0.7839012970005961,0.3754676740977625,0.7973846889888168,0.8529435718992491,0.744762000854488,0.8129560940834346,0.832198064937085,0.7607375946003256,0.7857654522048227,0.6404216615625287,0.7674379415069904,0.792377401372434,0.8325089095256679,0.4550765747198948,0.7627817270874746,0.14189744010948768,0.8894326889463284,0.31392029392562204,0.9759912045435395,0.300134991484591,0.8280868502882601,0.970145578391352,0.8836629532570511,0.8558963430130209,0.7576876202204141,0.795029227040796,0.6407853746976637,0.3774636728959635,0.47726427903364277,0.7011200122838854,0.5968905835434113,0.5853451090299957,0.5990317460928944,0.8894326889463284,0.8390713589620113,0.7670353703558734,0.5883919454177433,0.7501135451381479,0.6968250070353968,0.8347439839067272,0.37264297038464744,0.4927890368608865,0.8990495743347309,0.6337899772145886,0.838416289331559,0.8111039974055001,0.7300249400372345,0.8200466541183982,0.9226129838709971,0.7443424429324514,0.8764566507385269,0.8058577837118316,0.7785524145786091,0.9145952869986396,0.832198064937085,0.8612502633673058,0.8129560940834346,0.9518179824870905,0.602195112674792,0.40393911267291716,0.7055808561989083,0.8129560940834346,0.6018085259475168,0.4676389550804725,0.4977330089620523,0.7146177121945902,0.7479722189141222,0.6015640166411407,0.4690093240712022,0.9257222577213253,0.8809195471119149,0.9310193501479536,0.44184630845990724,0.6915758408691957,0.8390340081240992,0.6417069213377851,0.7379909888052494,0.94776905754521,0.6879445456091826,0.8990495743347309,0.7814733444858908,0.8009771539783097,0.8612502633673056,0.9353122156720659,0.7808181407585646,0.812956094083435,0.6146814125036896,0.6648998588722457,0.7766003415235208,0.8430909455922146,0.9366735852030657,0.2907401842871069,0.1534476563700694,0.8068927917851012,0.8954942934337513,0.7951960389045736,0.8068927917851012,0.8068927917851012,0.9324752620345076,0.8129560940834346,0.9669439220688084,0.8153355255449325,0.8129560940834346,0.7576876202204139,0.6132751838111368,0.8794926703116204,0.8255892557605071,0.7991899570486458,0.7374794897839274,0.8347439839067272,0.24907547451872514,0.2547919057152861,0.6555942111788522,0.2804259890167252,0.8129560940834346,0.658204571702703,0.8255892557605067,0.8947908641640772,0.2666751725822766,0.6976049783085998,0.8461277862534453,0.8191823016368882,0.9238686491217705,0.8745576538356696,0.8153653597703898,0.8129560940834348,0.8185737213677242,0.7100793891989088,0.8264206693042835,0.6450341753206803,0.8772718095610748,0.9490201150415456,0.7428216675369568,0.8255892557605071,0.658204571702703,0.24726531938028373,0.8129560940834346,0.8989443341645225,0.7010987019402133,0.8894326889463282,0.5321315441535495,0.7951960389045738,0.7785524145786096,0.2389259845731614,0.8280868502882601,0.3884342409689292,0.20541989999032062,0.8129560940834346,0.8129560940834346,0.9606612432501984,0.5831891209005295,0.6586007972690089,0.48397131150102746,0.3969617580828134,0.6458299569577322,0.5016432958714396,0.18959617652874738,0.7526659329794718,0.3252456538170816,0.8129560940834346,0.9663222461526548,0.832198064937085,0.8612502633673058,0.4550765747198948,0.8461277862534455,0.3022317273279538,0.8129560940834346,0.8129560940834346,0.25864523681144935,0.812956094083435,0.2404363400279712,0.7732081684608061,0.5549831121591362,0.7286134918556,0.9653213242124636,0.7120977841527507,0.33398887783040365,0.5434901372415972,0.8129560940834346,0.6879445456091824,0.20082580790357396,0.8191823016368875,0.810897784452887,0.959091930417757,0.8169998965810359,0.670798285107665,0.6966948906190782,0.7374794897839275,0.5769514094385118,0.8129560940834346,0.08614369051770443,0.696694890619078,0.6603053231389804,0.5601794546341099,0.6161613215955222,0.7872693829875242,0.4917317357503125,0.5156269628601973,0.8320786874874866,0.692879988701085,0.42946765049473223,0.8083705627177299,0.8535173013518578,0.9855043917305188,0.9465389768372867,0.0,0.8321980649370848,0.8068927917851012,0.4966312227068077,0.7266696117783171,0.8372350321903721,0.8752625520195306,0.9497531817955674,0.7625897888997777,0.8741545598607169,0.8741545598607167,0.6417069213377851,0.9432381110149245,0.5092995414585009,0.7571027055111268,0.8535173013518578,0.8215612095168274,0.74326142097898,0.47212861629111735,0.8669412593055832,0.7196369421472582,0.9193917955682323,0.7202806348399178,0.8191823016368875,0.5776844027046133,0.9255131041919218,0.5364742928347161,0.5680506943717865,0.8129560940834346,0.6015640166411407,0.9290791856733022,0.38140536151321713,0.8535173013518575,0.7532087786684055,0.6938994040049319,0.645674058378477,0.8129560940834346,0.21642368683807267,0.35964967536072656,0.8947908641640769,0.13605852734162593,0.2515271997788525,0.1751322751322748,0.8638461791854182,0.3400565230888315,0.9969348508398164,0.7700988716571648,0.35852034429458224,0.7627817270874744,0.4224384213443573,0.8612502633673054,0.8093116520261685,0.8129560940834348,0.8386524117247862,0.8515394555896609,0.1772941811949721,0.759964052856354,0.4024269685857611,0.9004164389796062,0.8068927917851012,0.2734274634749051,0.5715759708968629,0.6174646962982928,0.3346582833811512,0.31857814003114815,0.8129560940834346,0.22651955317804362,0.5798928964202597,0.7146177121945898,0.8129560940834346,0.3394452621548263,0.9443444986199097,0.8461277862534455,0.7860466895568217,0.8347439839067272,0.5399844588441844,0.7662665379328073,0.8494240192940041,0.9092995966185087,0.9617948925612483,0.9721663893115968,0.3987906273620563,0.8129560940834346,0.8658751215864395,0.8129560940834346,0.8804252291828121,0.6949786493049814,0.42705145743322626,0.8612502633673058,0.7722372563305888,0.8173302107563156,0.6462349152604983,0.7346095719329162,0.8129560940834346,0.7577600430449285,0.4976530169769945,0.7437526808531427,0.8264206693042833,0.6879445456091824,0.8638461791854182,0.7238228863394931,0.7948127102022616,0.8997707618247144,0.4907005016274817,0.3309276054083763,0.8997707618247144,0.8345688706245462,0.832198064937085,0.6692931558484398,0.8997707618247144,0.8612502633673058,0.9686308603165104,0.7965912509278188,0.5932131131641425,0.8347439839067272,0.8758109128534858,0.7805381608776913,0.6106085610662498,0.818573721367724,0.8649788734029744,0.5591269261274033,0.8657942954733088,0.7753393263905097,0.9907968532129023,0.7559454833564441,0.7146177121945905,0.6543920169736137,0.6234534542177903,0.9990152855780439,0.7680556221093064,0.7863087827580384,0.8782940627807798,0.8255892557605071,0.7421108075072755,0.9446057306844307,0.8447746773113025,0.7543168814610923,0.6676458083005276,0.8321980649370853,0.8390340081240995,0.9102886048537668,0.6266174226986854,0.8307194893170298,0.8075323133064279,0.7238228863394933,0.9949294682865619,0.8864833573452551,0.6935649568882314,0.8129560940834346,0.6182847530513735,0.6976427923281527,0.6793163393559278,0.5012676512337924,0.8987959506342162,0.8390340081240995,0.8746801455014888,0.9359085077902825,0.6558071205366891,0.9009116118052929,0.7492975760217222,0.9102862765869404,0.9136846471590683,0.8002000366421118,0.7785524145786096,0.9521506294618929,0.890446368149979,0.963114416281375,0.7750027766373231,0.8561342062066826,0.8487381822088333,0.5612898436100939,0.6126697902847935,0.8866791566528585,0.915387878178058,0.5327256216540005,0.8021947863238532,0.8551965465982103,0.8551965465982103,0.43688031776828185,0.8033887015349683,0.6417069213377851,0.8561342062066828,0.47930891876682036,0.7576876202204141,0.8719227385629407,0.4589890392570336,0.9098876156369653,0.848738182208834,0.8535173013518575,0.7372825112140435,0.8461277862534455,0.9493810152160116,0.8390340081240992
p293_S,0.8716284588044686,0.9473756291574582,0.9029316112204657,0.9177914171276883,0.9544316996038,0.9661972965770262,0.9744810384949361,0.9421042865426587,0.9137092609592146,0.21791366653875854,0.9460501530640812,0.9529545363721539,0.9529545363721539,0.9304741538905168,0.9440647409827919,0.7563499748428755,0.9501049319099923,0.9385367079941813,0.9625131050152524,0.9643133649175286,0.8990962871160679,0.9447481688519046,0.9422080421889416,0.37108084252019,0.943467974097185,0.9385367079941813,0.9501049319099923,0.9250379219402802,0.9643133649175286,0.7971989552054202,0.9327167510955894,0.9591194968553456,0.9487265052554266,0.9271857963192043,0.9544316996038,0.9625131050152524,0.9559485503920393,0.9487265052554263,0.17313387011495318,0.9373453016197315,0.9097421633544904,0.8897874329430768,0.9661972965770262,0.9218739081138494,0.9501049319099923,0.8631446255669608,0.9575094353013818,0.9629940985099352,0.9373453016197317,0.9029316112204655,0.3202709240445081,0.8650600761076825,0.9385367079941813,0.9473756291574582,0.8554481859701061,0.9361684345174044,0.5762566076039997,0.9544316996038,0.7967459576737135,0.9515133476881701,0.9157186269856046,0.8809287459442814,0.9385367079941818,0.7142045564119808,0.9607848936032954,0.8425003792101684,0.9591194968553456,0.7864823026863536,0.8868276350986413,0.9625131050152524,0.9293685115305117,0.9373453016197315,0.9544316996038,0.7692571359771144,0.9544316996038,0.8981423730059304,0.9447481688519044,0.946050153064081,0.8735181677292323,0.9661972965770262,0.49200371399150555,0.9409669977890662,0.9338549253147788,0.893790080572363,0.9544316996038,0.9261077324693097,0.994086760546023,0.8247446089328487,0.6106704427300533,0.9529545363721539,0.9544316996038,0.9427946840319119,0.7625429349628967,0.8698224617128842,0.9338549253147788,0.9107280314569579,0.9010097382828823,0.8990962871160681,0.7788805660896525,0.8373957982954761,0.9903434298372482,0.957509435301382,0.9544316996038,0.8726649773302662,0.9199989838706862,0.9625131050152524,0.9167305843279034,0.806452166839298,0.943467974097185,0.7659316577663344,0.925487806971186,0.5488494918604482,0.9213426026941538,0.9187703462526826,0.9575094353013818,0.9301219476125702,0.9473756291574582,0.25655360715563325,0.966197296577026,0.9893713810864869,0.9218739081138492,0.7563499748428755,0.943467974097185,0.600064604414343,0.9385367079941818,0.9054269517278613,0.9559485503920393,0.9851609000695931,0.9765837058865925,0.934388242931145,0.8858525408230951,0.957509435301382,0.9591194968553456,0.7469130923202987,0.9501049319099923,0.8387640413572672,0.6232018013008538,0.9591194968553456,0.9591194968553456,0.9515133476881703,0.8247446089328487,0.9643133649175286,0.8425003792101684,0.8849118467483819,0.7116364755344983,0.9197987094973854,0.9038960691476472,0.8438269625091801,0.8976252143176512,0.8425856863408152,0.9643133649175286,0.9157186269856044,0.6836583097511206,0.8933957590212613,0.9591194968553458,0.937345301619732,0.9058327972212652,0.9229213960709446,0.8188478718959848,0.8971901564492133,0.8582835284332404,0.957509435301382,0.9409669977890662,0.7695919367481671,0.9077810309891676,0.9250379219402804,0.7064804985396792,0.9515258611582158,0.9338549253147788,0.7387594773771091,0.9810522968844484,0.9529545363721539,0.9361684345174046,0.9576073188885357,0.8688726774726097,0.8905618443793009,0.9625131050152522,0.6476689942713076,0.9282725629505151,0.9857329156219559,0.6668624653080131,0.9392032468761573,0.9361684345174042,0.9529545363721539,0.908213390673464,0.902941079165362,0.9761377085177014,0.7065798644174256,0.9473756291574581,0.9828201226319815,0.4312142709573821,0.9137092609592146,0.8724525586652854,0.8144187923946171,0.5587466577660765,0.9544316996038,0.14675730682426613,0.9515133476881705,0.5841604884106166,0.8524700617069341,0.9029316112204657,0.9529545363721539,0.9544316996038,0.8820903683689052,0.93612991941297,0.21791366653875943,0.9544316996038,0.8241569180596204,0.9239759423528264,0.8981423730059304,0.906100043689203,0.9147116017278332,0.9529545363721539,0.9544316996038,0.6836583097511206,0.9544316996038,0.9259833020246668,0.888278639033526,0.8524700617069343,0.9544316996038,0.8754988991654495,0.9544316996038,0.8455226223395762,0.9167305843279034,0.9250379219402802,0.8886765593703843,0.957509435301382,0.8008422195759236,0.9515133476881703,0.9422080421889416,0.44360112512737226,0.9157186269856044,0.813682608787891,0.9271857963192043,0.9591194968553456,0.9097421633544901,0.7414581552504083,0.9127113681766139,0.9077810309891681,0.9239759423528264,0.9239759423528264,0.24753389216486243,0.8971901564492131,0.9515133476881705,0.9544316996038,0.9554518077232717,0.9544316996038,0.8605749232360952,0.9239759423528264,0.9591194968553456,0.9883880331853732,0.8008422195759235,0.14675730682426624,0.9229213960709446,0.943467974097185,0.9038960691476474,0.9460501530640812,0.8754988991654498,0.11516900984745726,0.8849118467483819,0.9210886546555856,0.7407093416647669,0.9529545363721539,0.9607848936032954,0.8465237589272379,0.17313387011495318,0.8830333887596136,0.8566913284130389,0.9397435965156076,0.883971315382519,0.8877347993463758,0.9591194968553456,0.6991798473463988,0.7751707543509228,0.831951811515692,0.9625131050152524,0.8788191408694401,0.9229213960709446,0.9409669977890662,0.9541290792408026,0.9625131050152524,0.8669692234537123,0.7865313445583364,0.9607848936032954,0.9502440628915494,0.9304741538905168,0.957509435301382,0.9271857963192043,0.79531956589821,0.9515133476881703,0.957509435301382,0.957509435301382,0.8192793116817598,0.9625131050152524,0.8990006828237153,0.8698224617128842,0.8971901564492133,0.9932690917828513,0.9625131050152524,0.9544316996038,0.9373453016197315,0.9515133476881705,0.9591194968553458,0.7695919367481672,0.593430075617598,0.957509435301382,0.937345301619732,0.9250379219402802,0.8342889987034598,0.5416908833721588,0.6060108913463819,0.8554077319402791,0.8448926576194737,0.8535555662696257,0.9221821648495907,0.9643133649175286,0.9137092609592146,0.9643133649175286,0.9271857963192043,0.5094807987830574,0.9187703462526826,0.9652137684610214,0.9544316996038,0.9591194968553454,0.7026246759034634,0.9385367079941818,0.9625131050152524,0.9607848936032954,0.9529545363721539,0.9544316996038,0.943467974097185,0.9625131050152522,0.9661972965770262,0.9197987094973854,0.8414864259682341,0.9409669977890662,0.9591194968553456,0.726553686999365,0.8465237589272379,0.943467974097185,0.9487265052554266,0.8573544191143379,0.34699939856024975,0.9759742607288064,0.8311464231994983,0.9473756291574582,0.9651775593373262,0.9661972965770262,0.805601703519761,0.9271857963192041,0.7947330852070879,0.9501049319099926,0.9529545363721539,0.9293685115305117,0.8971901564492133,0.7953195658982098,0.9225036667540452,0.8373957982954761,0.9544316996038,0.8688726774726097,0.49499663314824227,0.9282725629505151,0.9261077324693099,0.944822971910948,0.7387594773771091,0.9544316996038,0.9544316996038,0.40253676212979717,0.569327216461598,0.8736104662007036,0.9544316996038,0.9643133649175286,0.9544316996038,0.9304741538905167,0.9077810309891674,0.8144187923946171,0.9544316996038,0.9315900378678903,0.9940867605460231,0.8495094192726707,0.8594783932788339,0.9544316996038,0.8933957590212611,0.9727541677821405,0.8270771330414153,0.886827635098641,0.9315900378678903,0.990677157903997,0.957509435301382,0.8078013427639644,0.9544316996038,0.8494522957885742,0.9944277784720001,0.8736104662007038,0.8475218860027951,0.9559485503920393,0.8485170805722069,0.9487265052554266,0.9544316996038,0.9068053912485841,0.9190179585155579,0.9544316996038,0.8634896230757455,0.9028718265513219,0.858324459587394,0.8342889987034594,0.8009638285360556,0.9544316996038,0.8020423584034366,0.8707710541962024,0.9607848936032954,0.9008409057897286,0.8660127357937747,0.9167305843279032,0.9177477332861093,0.9068053912485843,0.9575094353013818,0.9667875986555684,0.8981423730059304,0.9422080421889416,0.8263584984076426,0.9672616040330471,0.883971315382519,0.9422080421889416,0.9591194968553456,0.9385367079941818,0.9544316996038,0.9625131050152524,0.9117176971980809,0.8829689068279151,0.9460501530640812,0.9350052413014638,0.9799008321613358,0.8192793116817598,0.9559485503920391,0.9515133476881703,0.9460501530640812,0.9544316996038,0.9473756291574582,0.9965038179707655,0.9137092609592146,0.9625131050152524,0.8370443491719955,0.9448229719109481,0.9473756291574582,0.9422080421889416,0.7710025811784426,0.9447481688519044,0.9643133649175286,0.8037267002889846,0.9727541677821405,0.9029316112204655,0.9397435965156076,0.9447481688519046,0.9554518077232717,0.957509435301382,0.9759742607288064,0.5888534630008027,0.8896188734697235,0.9409669977890662,0.9097421633544904,0.9460501530640812,0.9327167510955894,0.889325715929772,0.8307423459823842,0.9147116017278332,0.9830316367629123,0.8815871180352748,0.9415886943343517,0.4625881301823055,0.9987774230311344,0.9422080421889416,0.8363640334164013,0.9460501530640815,0.8669692234537123,0.9987774230311344,0.9239759423528264,0.8460391883026932,0.957509435301382,0.8612222667022569,0.9364195330316345,0.9261077324693097,0.9649067432343333,0.9507165296704019,0.8311464231994985,0.7383007334765159,0.9607848936032954,0.9727541677821405,0.9501049319099921,0.9501049319099926,0.9591194968553458,0.25655360715563325,0.9327167510955894,0.8435110105594603,0.9218739081138492,0.9529545363721539,0.9529545363721539,0.8735181677292321,0.5532275582208636,0.9501049319099926,0.8849118467483817,0.9544316996038,0.9607848936032957,0.9544316996038,0.9544316996038,0.93293779373488,0.528061981444464,0.9271857963192041,0.9544316996038,0.8870685468453678,0.8503680820716348,0.9239759423528265,0.8603273737191495,0.9310944809913066,0.8572755626114623,0.5693272164615981,0.7026246759034633,0.8563822015167812,0.4637975684211715,0.7534834928777272,0.9607848936032957,0.9261077324693099,0.8880618610263926,0.9735950471314356,0.9327167510955894,0.9487265052554266,0.43121427095738274,0.9129828406937908,0.9607848936032954,0.9068053912485843,0.9575094353013818,0.9107280314569581,0.5047661957294434,0.9397435965156078,0.9422080421889416,0.9648840172678319,0.9315900378678903,0.9157186269856046,0.9422080421889416,0.9236497967373473,0.957509435301382,0.9447481688519046,0.9559485503920391,0.9229213960709446,0.9748630647929062,0.889325715929772,0.9591194968553456,0.8717185331373516,0.4481241861461508,0.8331553590532288,0.9010097382828823,0.9765837058865925,0.8270771330414153,0.9338549253147788,0.9661972965770262,0.8258229735464784,0.8621843473480628,0.7026246759034633,0.949251687851441,0.9447481688519046,0.597397713008466,0.8943424304056795,0.9544316996038,0.9591194968553456,0.9727541677821405,0.9730533608234009,0.8754988991654498,0.8717566193418782,0.9515133476881705,0.9338549253147788,0.8485170805722069,0.9989330715481036,0.7981619927363149,0.9643133649175286,0.8148130677930066,0.8041960100717359,0.8802089698693754,0.9515133476881703,0.9487265052554266,0.8716795438693173,0.9239759423528264,0.9409669977890662,0.9277057585968913,0.8924501786702494,0.8300905497246422,0.7016744316202438,0.9271857963192038,0.7625429349628967,0.8754988991654495,0.9327167510955894,0.9643133649175286,0.943467974097185,0.9559485503920393,0.8554077319402789,0.9163268736367542,0.9038960691476479,0.9529545363721539,0.8170571011959711,0.8573544191143379,0.9661972965770262,0.7725226079688182,0.957509435301382,0.9261077324693097,0.9727541677821405,0.9397435965156076,0.6641684823747043,0.9327167510955894,0.8766079819236634,0.9667875986555683,0.946050153064081,0.8356601904040851,0.9591194968553456,0.9661972965770262,0.9544316996038,0.43856416635596773,0.8792678792793369,0.8268966588916087,0.9282725629505151,0.9544316996038,0.9904495555567322,0.8425003792101686,0.9157186269856046,0.9304741538905168,0.9137092609592146,0.9029316112204653,0.8933957590212611,0.8182926112725182,0.9350052413014638,0.9157186269856044,0.8660153996906965,0.9019695505324468,0.9607848936032957,0.9127113681766137,0.5762566076039995,0.957509435301382,0.9239759423528264,0.966197296577026,0.9350052413014638,0.9515133476881705,0.9661972965770262,0.9473756291574582,0.9361684345174044,0.9544316996038,0.8914187460211078,0.8962395095530544,0.9625131050152524,0.8280234816778032,0.5047661957294443,0.8233538626834315,0.853945361797172,0.9529545363721539,0.9591194968553458,0.9830316367629122,0.9529545363721539,0.9529545363721539,0.9271857963192042,0.9544316996038,0.4481241861461489,0.6415678677960703,0.9544316996038,0.9409669977890662,0.9415886943343517,0.9625131050152522,0.9575094353013818,0.9607848936032954,0.9559485503920393,0.9529545363721539,0.8078013427639642,0.8726649773302662,0.9422080421889416,0.8454839127329439,0.9544316996038,0.9167305843279032,0.957509435301382,0.9409669977890662,0.8460391883026932,0.9177477332861093,0.9625131050152522,0.9692769377093197,0.5167598939653607,0.934388242931145,0.943467974097185,0.9544316996038,0.6511166134990863,0.9293685115305117,0.9846299338167082,0.8554077319402784,0.9460501530640812,0.9625131050152524,0.9373453016197315,0.957509435301382,0.9065887965216861,0.8583244595873938,0.9544316996038,0.9544316996038,0.8943424304056791,0.21791366653875943,0.854430935472339,0.9501049319099926,0.9460501530640812,0.8425003792101686,0.9799008321613358,0.8437415278800489,0.7884307121300929,0.9544316996038,0.9544316996038,0.9229213960709446,0.8485170805722069,0.9554518077232717,0.7652933686087295,0.7387594773771091,0.8342889987034594,0.8563822015167812,0.7724024658606596,0.9397435965156076,0.8829689068279152,0.9544316996038,0.9209014751655664,0.9591194968553456,0.17313387011495318,0.8485170805722069,0.9625131050152524,0.8485170805722067,0.9544316996038,0.9544316996038,0.7984206482463504,0.9544316996038,0.790975987657281,0.9447481688519046,0.8717185331373516,0.9097421633544904,0.9883880331853732,0.9097421633544907,0.7573349435744212,0.8660153996906963,0.9544316996038,0.9239759423528264,0.7819788560316009,0.9559485503920393,0.9625131050152522,0.9857329156219559,0.7938826026075032,0.6717916419431469,0.9261077324693097,0.9559485503920393,0.908213390673464,0.9544316996038,0.8445183988316078,0.543237936013446,0.7142045564119803,0.8858525408230951,0.9146015061215469,0.8612104505251647,0.9147116017278332,0.8688726774726099,0.9607848936032954,0.8820903683689052,0.808960332000126,0.9501049319099923,0.9643133649175286,0.8672132741337567,0.9385367079941815,0.8321980649370848,0.0,0.9529545363721539,0.888676559370384,0.9361684345174044,0.9239759423528264,0.8708107817737569,0.7469130923202989,0.9239759423528264,0.9661972965770262,0.9661972965770262,0.9127113681766137,0.9282725629505149,0.9477170828887949,0.9544316996038,0.9643133649175286,0.9447481688519046,0.9447481688519044,0.8495094192726707,0.9487265052554268,0.9529545363721539,0.8471315842032194,0.9048630781107279,0.3710808425201898,0.8032355692370523,0.9261077324693099,0.8414864259682342,0.8214805068326567,0.9544316996038,0.9029316112204655,0.9544316996038,0.93612991941297,0.21791366653875854,0.9397435965156078,0.940966997789066,0.8707710541962024,0.9544316996038,0.9190179585155582,0.8572755626114623,0.5387391750323192,0.7967459576737135,0.7692571359771144,0.7880245640829149,0.9591194968553456,0.9364195330316349,0.8945571213623098,0.9201807407414304,0.8225734700092833,0.9422080421889416,0.8592923977687699,0.9661972965770262,0.9422080421889416,0.9730533608234009,0.9087598936651082,0.9373453016197315,0.95402045322002,0.6598842363568056,0.830090549724642,0.9544316996038,0.9529545363721539,0.8914187460211078,0.8754988991654498,0.9068053912485843,0.7959698129526697,0.8159378637269961,0.9544316996038,0.8157177922735029,0.8773844821970236,0.9304741538905168,0.9544316996038,0.7482956255273314,0.9487265052554266,0.9625131050152524,0.9989330715481036,0.9529545363721539,0.995860482228037,0.8937900805723633,0.9077810309891681,0.9903434298372482,0.9177477332861093,0.9422080421889416,0.8638461791854182,0.9544316996038,0.9883880331853732,0.9544316996038,0.25655360715563325,0.8504989784061949,0.9888951983468153,0.17313387011495318,0.9338549253147788,0.8225734700092837,0.9549939682963797,0.9304741538905168,0.9544316996038,0.8582406198494188,0.777311615563101,0.8660153996906963,0.9327167510955894,0.9711878805915029,0.9591194968553458,0.9327167510955894,0.6073391992552903,0.9250379219402802,0.9757619342112605,0.8471812314738494,0.9250379219402802,0.9304741538905168,0.9591194968553458,0.8971901564492133,0.9250379219402802,0.17313387011495318,0.9385367079941818,0.9559485503920393,0.8971901564492133,0.9529545363721539,0.4536489449630172,0.9409669977890662,0.9029316112204655,0.9239759423528267,0.9989330715481036,0.9229213960709448,0.5675662461924165,0.9529545363721539,0.5047661957294443,0.925983302024667,0.9304741538905168,0.9117176971980809,0.8566913284130389,0.8959204710891675,0.9177477332861095,0.9373453016197315,0.14675730682426624,0.957509435301382,0.9117176971980809,0.9048630781107274,0.9350052413014638,0.9350052413014636,0.9107280314569577,0.9591194968553456,0.9607848936032957,0.7848304749916105,0.933854925314779,0.9156748294160986,0.9291683589350781,0.9327167510955894,0.8263584984076425,0.943467974097185,0.9315900378678903,0.9730533608234009,0.9516450063732009,0.8905618443793009,0.939343964439017,0.9107280314569579,0.83178303605279,0.9607848936032954,0.9271857963192041,0.7800222122223968,0.9385367079941813,0.9501049319099923,0.9864847804128756,0.9097421633544907,0.7894968820867839,0.8157177922735028,0.9460501530640812,0.893511004325708,0.9529545363721539,0.7238425703151401,0.9044360458484604,0.957509435301382,0.9559485503920393,0.7534834928777272,0.9350052413014636,0.9575094353013818,0.9087598936651085,0.7367528554688056,0.9077763399699053,0.9515133476881703,0.9515133476881703,0.8582406198494187,0.8856017264847291,0.9127113681766137,0.9575094353013818,0.8149632135444544,0.9987774230311344,0.9607848936032957,0.9038960691476476,0.9397435965156076,0.9692769377093196,0.21791366653875854,0.9741812383843045,0.25655360715563325,0.9010904619217455,0.9607848936032957
p293_T,0.7718994506532365,0.9394396415413289,0.8882932693469465,0.9644994759182184,0.9475597985845114,0.9610996995613952,0.7238257438406102,0.7703519447505509,0.90069623628167,0.9611058687776594,0.9379142777971525,0.9458598726114653,0.9458598726114653,0.9199893491338635,0.9476386094693983,0.576280232023062,0.9425805352069323,0.9292677720165115,0.9568599156354454,0.9589316626844855,0.8838795614232458,0.9364159486136474,0.9334927596276978,0.9848910203339205,0.93494269483405,0.9292677720165115,0.9425805352069323,0.9137333093884032,0.9589316626844855,0.7666156616807629,0.922570139905196,0.9529545363721539,0.9409942357230063,0.916205092712921,0.9475597985845114,0.9568599156354451,0.9493053971730236,0.9409942357230057,0.9610996995613954,0.9278966962971924,0.8961308828316217,0.980662425002937,0.9610996995613952,0.9100921482984174,0.9425805352069323,0.8425062304790463,0.9511016704226434,0.9343080653650266,0.9278966962971924,0.8882932693469463,0.9529545363721539,0.8447105394237198,0.9292677720165115,0.16216355622584455,0.9409942357230059,0.9265423524364669,0.9742178060512308,0.03139863267861631,0.7298985716672586,0.9442013463068037,0.903008623582165,0.8256727870749789,0.9292677720165117,0.9329016612088765,0.9548710823073732,0.8187487405659168,0.9529545363721539,0.6661152121246716,0.7623458066664361,0.9667798280829097,0.9187169710212713,0.9278966962971924,0.9475597985845114,0.8493950799487413,0.03139863267861631,0.882781792850933,0.9364159486136476,0.9379142777971523,0.8175818786954798,0.9610996995613952,0.9928618019927207,0.9320645602494202,0.3350690258836352,0.9292677720165115,0.03139863267861631,0.9149644520716045,0.9364159486136476,0.7983153216862557,0.9260446381122047,0.062008242787560564,0.03139863267861631,0.8882932693469463,0.8541959247310256,0.850191113818277,0.3350690258836352,0.510052317151767,0.886081569479592,0.883879561423246,0.8421226412849139,0.8128743662973856,0.9265423524364669,0.9511016704226432,0.9475597985845114,0.8534622933489195,0.626241239715507,0.9568599156354449,0.9041731885624824,0.8182787338913602,0.9349426948340505,0.8517996688283256,0.8718884926994317,0.9306566646589698,0.8007919102864962,0.9065205555971321,0.9511016704226434,0.7762855815640266,0.9394396415413289,0.9568599156354451,0.9610996995613954,0.8534622933489195,0.9100921482984174,0.881685977830595,0.9349426948340502,0.9225701399051969,0.9292677720165115,0.7749639526724739,0.9493053971730236,0.6527839128027031,0.9458598726114653,0.9125111785873636,0.8686385996787731,0.9511016704226432,0.9529545363721539,0.961099699561395,0.9425805352069325,0.8696295404751335,0.907995720661511,0.9529545363721539,0.9529545363721537,0.09008077800963976,0.798315321686256,0.9589316626844855,0.8187487405659168,0.8675560447816315,0.883879561423246,0.9476386094693983,0.8894031717904964,0.8660830247325573,0.9278966962971924,0.7779891015560233,0.9589316626844853,0.9030086235821644,0.8512827582389366,0.8773193685069614,0.9765837058865926,0.9278966962971922,0.8916319670140287,0.9524187417251313,0.9055736434610706,0.5762802320230619,0.7559282396619431,0.9511016704226434,0.9320645602494202,0.7348453828730819,0.8938740030413763,0.913733309388403,0.887379364622056,0.8961308828316217,0.9238799558250632,0.8696295404751335,0.9199893491338638,0.9458598726114653,0.9265423524364671,0.6970590368950025,0.8490980979184488,0.874058087016832,0.9568599156354449,0.5945359220183859,0.9174557485535395,0.5721895635481327,0.9088944096710678,0.8849794349827056,0.9265423524364669,0.9458598726114653,0.6582255598538747,0.8490980979184486,0.8534622933489195,0.8984043359066818,0.16216355622584455,0.9663573664294258,0.9442013463068035,0.9006962362816697,0.8164111026582044,0.8104036875498974,0.9415490144516767,0.03139863267861631,0.9848910203339205,0.9442013463068035,0.5100523171517668,0.8302218952289888,0.8882932693469465,0.9458598726114653,0.03139863267861631,0.8643090749973121,0.7829632068236254,0.9589316626844855,0.03139863267861631,0.685316774920314,0.9125111785873636,0.8827817928509321,0.6635204081124888,0.9018497344665103,0.9458598726114653,0.03139863267861631,0.6359525852723973,0.03139863267861642,0.8335022262352967,0.8336025791120698,0.8302218952289888,0.03139863267861631,0.6527839128027031,0.03139863267861631,0.7238257438406104,0.9041731885624822,0.913733309388403,0.8718884926994317,0.9511016704226432,0.7911552055921385,0.09008077800963876,0.9334927596276978,0.9364159486136474,0.9030086235821644,0.7749639526724739,0.9162050927129202,0.9529545363721539,0.5155366631323002,0.8871861256568152,0.8995478568587887,0.8938740030413763,0.9125111785873636,0.9125111785873636,0.9985778460732367,0.881685977830595,0.9442013463068035,0.03139863267861631,0.8995478568587887,0.03139863267861631,0.7525915471020093,0.9125111785873636,0.9529545363721539,0.9252037445446057,0.7911552055921387,0.9848910203339205,0.9112976020672166,0.9349426948340498,0.8894031717904967,0.9379142777971528,0.8567235831170401,0.9808926695348984,0.8675560447816315,0.8675560447816315,0.868447911134095,0.062008242787560564,0.9548710823073732,0.8233788637195052,0.9610996995613954,0.8279535638583029,0.8279535638583029,0.2692511698375556,0.8664736771305535,0.8708047111031318,0.9529545363721539,0.8731726191489462,0.8182787338913604,0.7708083464141862,0.9568599156354449,0.8233788637195052,0.9112976020672157,0.9320645602494202,0.8984043359066816,0.9568599156354449,0.8469075946240912,0.8359821349656567,0.9548710823073732,0.8950004825334388,0.9199893491338635,0.9511016704226432,0.9162050927129206,0.8284969009147185,0.9442013463068037,0.9511016704226434,0.9511016704226432,0.7920258334641643,0.9568599156354451,0.7920258334641646,0.6686761625805101,0.8816859778305952,0.868447911134095,0.9568599156354454,0.9475597985845114,0.9278966962971924,0.9442013463068035,0.9529545363721539,0.8234248743448613,0.9315076677030101,0.9511016704226432,0.9278966962971924,0.9137333093884035,0.7440170762801631,0.9460879419108779,0.9142868184584123,0.70356089724167,0.813050805815297,0.7098574690332745,0.8686385996787729,0.9589316626844853,0.9006962362816697,0.9589316626844855,0.9162050927129202,0.9540589546097205,0.9065205555971321,0.9511016704226432,0.03139863267861631,0.9529545363721537,0.8995478568587887,0.9292677720165115,0.9568599156354449,0.9548710823073732,0.9458598726114653,0.03139863267861631,0.93494269483405,0.9568599156354454,0.9610996995613952,0.9077040005624186,0.8175818786954797,0.9320645602494202,0.9529545363721539,0.8565847204007369,0.8233788637195052,0.9349426948340502,0.9409942357230063,0.8358428353123903,0.9511016704226434,0.9162050927129213,0.8335022262352967,0.9394396415413284,0.9077040005624184,0.9610996995613952,0.7853897569350805,0.9162050927129202,0.7981856244137902,0.9425805352069327,0.062008242787560564,0.9187169710212713,0.8816859778305952,0.8284969009147187,0.8297542008516978,0.8128743662973856,0.03139863267861631,0.849098097918449,0.9574180966633072,0.9174557485535395,0.9149644520716045,0.9589316626844853,0.8696295404751337,0.03139863267861631,0.03139863267861631,0.9763068251524243,0.9386080538027395,0.8545503661181639,0.03139863267861642,0.9589316626844853,0.9475597985845114,0.9199893491338635,0.8938740030413763,0.8104036875498974,0.9475597985845114,0.9212735133449717,0.9364159486136476,0.8268147748355974,0.976122021280873,0.03139863267861631,0.8773193685069605,0.9137333093884032,0.7967943813008358,0.991231693528243,0.9212735133449719,0.8504136769453576,0.9511016704226434,0.8169797257838272,0.03139863267861631,0.7907502491856577,0.9292677720165115,0.8545503661181646,0.824527512767756,0.9493053971730236,0.8256727870749789,0.9409942357230061,0.03139863267861631,0.8927512325175624,0.7315605337936808,0.03139863267861631,0.9212735133449719,0.8156754847048544,0.8369591621743948,0.8092990476011352,0.8234248743448611,0.03139863267861631,0.7897260844225815,0.8512827582389364,0.9548710823073729,0.6761645354519015,0.744017076280163,0.9041731885624824,0.9053437280773233,0.9287546220071028,0.9511016704226434,0.8950004825334388,0.8827817928509321,0.9852901633058906,0.8480036211373803,0.8697214512947162,0.8664736771305535,0.23774878152121726,0.9529545363721537,0.9292677720165115,0.03139863267861631,0.9568599156354454,0.898404335906682,0.8068927917851012,0.9379142777971528,0.9721820378192463,0.09008077800964032,0.7396785942680699,0.9848910203339206,0.09008077800964032,0.9379142777971528,0.9475597985845114,0.9394396415413291,0.8751441387186416,0.9006962362816697,0.9568599156354451,0.870810786970599,0.9589316626844853,0.9394396415413291,0.9334927596276981,0.8221455822577997,0.9364159486136479,0.9589316626844853,0.8208615411657367,0.913733309388403,0.550417503386856,0.2692511698375556,0.9364159486136474,0.8995478568587887,0.9511016704226434,0.9162050927129206,0.8961308828316215,0.87297291192807,0.9320645602494202,0.9329016612088765,0.937914277797153,0.9225701399051962,0.6724259519035648,0.7652011593459793,0.9018497344665102,0.9425805352069323,0.8080982554965415,0.8871861256568152,0.9644994759182184,0.9320645602494204,0.23774878152121848,0.8116870067162374,0.937914277797153,0.8469075946240913,0.9320645602494204,0.9125111785873636,0.7734367193080809,0.9511016704226434,0.8402939714046165,0.7332476280865157,0.9149644520716045,0.8961308828316212,0.9568599156354451,0.7492027476456953,0.9233738460510839,0.9548710823073732,0.913733309388403,0.9425805352069323,0.9425805352069327,0.9529545363721539,0.96677982808291,0.9225701399051969,0.8199117795876252,0.9100921482984174,0.9458598726114653,0.9458598726114653,0.7313974068186477,0.9430441133000047,0.11595356527577638,0.8675560447816315,0.03139863267861631,0.9548710823073729,0.03139863267861631,0.03139863267861631,0.8128743662973856,0.23774878152121792,0.9162050927129202,0.03139863267861631,0.7248314800141333,0.8613434560644826,0.42272440505492703,0.8480036211373803,0.8773193685069605,0.7995563084478075,0.9386080538027393,0.49864835346264225,0.83472400300589,0.9984380827103152,0.9168460830759904,0.45933786842754687,0.9149644520716045,0.7637779275925338,0.6661152121246717,0.9225701399051967,0.9409942357230059,0.9954412864629743,0.8050379729179937,0.9548710823073729,0.8927512325175624,0.9511016704226434,0.8972654241994793,0.9364159486136474,0.9306566646589698,0.9334927596276978,0.8436093353026795,0.9212735133449719,0.903008623582165,0.9334927596276978,0.7350447636400568,0.9511016704226434,0.20235352416864938,0.9493053971730236,0.9112976020672166,0.8523731211903476,0.83472400300589,0.48335140169781754,0.8523731211903476,0.5866865150344243,0.7721894714790689,0.886081569479592,0.9458598726114653,0.7967943813008362,0.9238799558250632,0.9610996995613952,0.7995563084478075,0.841401138062255,0.7619375114470165,0.7970688433398969,0.9364159486136476,0.9430441133000047,0.8784088021185175,0.03139863267861631,0.9529545363721537,0.9137333093884039,0.9475597985845114,0.8567235831170401,0.9364159486136479,0.9442013463068035,0.9238799558250632,0.8256727870749789,0.9334927596276981,0.8259696831286127,0.9589316626844857,0.786886060265239,0.9379142777971528,0.8621439532920854,0.09008077800964032,0.9409942357230057,0.7332476280865154,0.9125111785873636,0.9320645602494202,0.8009469027438034,0.8762311904614675,0.7509037938695109,0.8897634772723557,0.9162050927129202,0.6894338727722293,0.8567235831170401,0.9225701399051969,0.9589316626844855,0.9349426948340502,0.9493053971730236,0.8336025791120698,0.8995478568587885,0.5457744538628025,0.062008242787560564,0.7894685038194518,0.8358428353123903,0.9547434413197934,0.8751441387186418,0.9511016704226434,0.9149644520716045,0.9137333093884032,0.9306566646589698,0.8984043359066818,0.9225701399051969,0.9877220281917205,0.484377369583854,0.9379142777971521,0.9921318846009739,0.9529545363721537,0.9610996995613954,0.03139863267861631,0.9591402541866405,0.8610609420833555,0.800791910286496,0.9174557485535395,0.03139863267861642,0.8794996237395185,0.8187487405659168,0.9030086235821648,0.3678486223164621,0.9006962362816697,0.8882932693469463,0.8773193685069605,0.8063886684717994,0.9252037445446057,0.9030086235821644,0.6785985670091003,0.8871861256568152,0.9548710823073729,0.8995478568587885,0.9742178060512308,0.9511016704226434,0.9125111785873636,0.9610996995613954,0.9252037445446055,0.9442013463068035,0.9610996995613952,0.9394396415413286,0.9265423524364669,0.9886251033694342,0.6970590368950023,0.8805919691825623,0.9568599156354454,0.9886251033694343,0.9364159486136474,0.8009469027438032,0.7958167654209827,0.062008242787560564,0.9529545363721539,0.1159535652757756,0.062008242787560564,0.062008242787560564,0.3968323237075575,0.03139863267861631,0.9985778460732369,0.4350210908996335,0.03139863267861631,0.9320645602494202,0.5549592725490636,0.9568599156354449,0.9511016704226434,0.9548710823073732,0.9493053971730236,0.062008242787560564,0.8169797257838269,0.8534622933489195,0.9334927596276978,0.8358428353123903,0.03139863267861631,0.9041731885624826,0.9511016704226434,0.9320645602494202,0.7868860602652394,0.9053437280773231,0.9568599156354449,0.9493053971730236,0.9877220281917203,0.9125111785873636,0.6428226383045876,0.9475597985845114,0.42272440505492737,0.9187169710212713,0.9225701399051967,0.7035608972416704,0.937914277797153,0.9568599156354454,0.9278966962971924,0.9511016704226434,0.9041731885624826,0.8660830247325575,0.03139863267861631,0.9475597985845114,0.8784088021185172,0.9589316626844855,0.8613434560644826,0.9425805352069325,0.9379142777971525,0.8187487405659168,0.09008077800964032,0.7764813487173798,0.8050379729179937,0.03139863267861631,0.03139863267861631,0.43076416340614276,0.7179570104282764,0.8995478568587885,0.7995563084478075,0.8696295404751337,0.8092990476011352,0.83472400300589,0.8208615411657367,0.9306566646589698,0.8068927917851012,0.03139863267861631,0.9343080653650264,0.9529545363721537,0.9610996995613954,0.8256727870749789,0.9568599156354449,0.8256727870749789,0.03139863267861631,0.03139863267861631,0.793989940909561,0.9475597985845117,0.802317229737129,0.9364159486136474,0.8523731211903476,0.8961308828316217,0.6989699092582711,0.8961308828316215,0.8577765950677174,0.8458099300236446,0.03139863267861642,0.9125111785873636,0.8396760506214576,0.9493053971730236,0.9568599156354451,0.5721895635481329,0.726534306879894,0.4134076480189276,0.9149644520716045,0.9493053971730236,0.8545503661181646,0.03139863267861631,0.8210710864618282,0.9149644520716045,0.9329016612088765,0.8686385996787729,0.8610609420833555,0.9394396415413291,0.9018497344665102,0.8490980979184486,0.9548710823073732,0.8643090749973119,0.8578089143655878,0.9425805352069323,0.9589316626844855,0.9644994759182184,0.28376189310837396,0.8068927917851012,0.9529545363721539,0.0,0.8718884926994317,0.9265423524364669,0.9125111785873636,0.9187169710212713,0.9610996995613952,0.9125111785873636,0.9610996995613954,0.961099699561395,0.8995478568587885,0.3875452758336596,0.8927512325175624,0.9475597985845114,0.9589316626844855,0.9364159486136474,0.9364159486136479,0.8268147748355974,0.9409942357230066,0.9458598726114653,0.9742178060512308,0.5410259398661625,0.9493053971730236,0.7609046338028223,0.36332358986944646,0.7313974068186475,0.7640553624047928,0.03139863267861631,0.8882932693469463,0.9475597985845114,0.777989101556023,0.9611058687776594,0.9306566646589698,0.9320645602494204,0.8512827582389368,0.03139863267861631,0.7315605337936808,0.7995563084478075,0.9320645602494204,0.8272354331469214,0.8493950799487413,0.8347439839067271,0.9529545363721537,0.7051012987580607,0.6903369234671075,0.8272354331469214,0.7624534917969603,0.9334927596276978,0.6948435845294496,0.9610996995613952,0.9334927596276978,0.9475597985845114,0.8950004825334388,0.9278966962971924,0.8336025791120698,0.4610356166077315,0.8044674539676764,0.9475597985845114,0.062008242787560564,0.8369591621743946,0.8567235831170401,0.5311945356497896,0.7967943813008362,0.7718994506532362,0.03139863267861631,0.9714932980607037,0.8588935204002328,0.9199893491338635,0.03139863267861631,0.8637151821288633,0.9409942357230059,0.9568599156354449,0.23774878152121803,0.062008242787560564,0.923321670670995,0.9292677720165116,0.8938740030413763,0.9265423524364669,0.9053437280773231,0.9334927596276981,0.8068927917851014,0.03139863267861631,0.9721820378192463,0.03139863267861631,0.9568599156354449,0.8279535638583029,0.8805919691825621,0.9610996995613954,0.9238799558250632,0.7958167654209829,0.9400706025742573,0.9199893491338635,0.03139863267861631,0.8553912003238413,0.8433414573926268,0.8458099300236446,0.9225701399051969,0.4227244050549279,0.9765837058865926,0.34646989741729717,0.9663573664294258,0.4144014060836271,0.8894031717904964,0.7881804803953933,0.4144014060836271,0.9199893491338638,0.9529545363721539,0.9155630897147415,0.4144014060836271,0.9610996995613954,0.9292677720165115,0.9493053971730236,0.881685977830595,0.9458598726114653,0.9212735133449719,0.9320645602494202,0.8882932693469465,0.9125111785873639,0.9334927596276978,0.9112976020672159,0.9278966962971924,0.9458598726114653,0.9364159486136476,0.749202747645695,0.9199893491338638,0.898404335906682,0.8565847204007371,0.44605852297328985,0.9053437280773233,0.9278966962971924,0.9493053971730236,0.9808926695348984,0.8984043359066818,0.9260446381122047,0.9252037445446057,0.9252037445446057,0.9343080653650264,0.9529545363721539,0.9548710823073729,0.5844279205856774,0.9238799558250634,0.8621439532920854,0.9149644520716045,0.9225701399051967,0.6438064656956815,0.9349426948340505,0.9212735133449719,0.9475597985845114,0.831351611615835,0.8740580870168317,0.9100921482984172,0.8972654241994793,0.6513599365493299,0.9548710823073732,0.9162050927129202,0.5773984044890321,0.9292677720165115,0.9425805352069325,0.9238799558250632,0.8961308828316215,0.5912223604371347,0.7520579877837947,0.9379142777971528,0.6926030826701949,0.9458598726114653,0.8794996237395185,0.7332476280865161,0.9511016704226434,0.9493053971730236,0.8827817928509323,0.9252037445446051,0.9511016704226434,0.9315076677030101,0.8897634772723566,0.727646467421893,0.9442013463068035,0.9442013463068035,0.8268147748355972,0.9320645602494202,0.8995478568587887,0.9511016704226434,0.8850018707449119,0.9320645602494202,0.9548710823073729,0.8894031717904964,0.9306566646589698,0.9848910203339206,0.9589316626844855,0.8816859778305952,0.9568599156354449,0.7387014906758973,0.9548710823073729
p294_E,0.8435128847956435,0.8566963326642261,0.9372670509217484,0.8571779442131762,0.8240394074243416,0.9079504174811017,0.72755808386742,0.7030375383294349,0.4229268378827086,0.9028202028772292,0.831145301183807,0.8689524000951403,0.7393728464924256,0.8106712049456517,0.9693673354629055,0.8085260178646336,0.9563502722233992,0.832626689688744,0.9425109904577549,0.9445948948871477,0.8505010955820085,0.8411306533973875,0.9238056139707786,0.8800416198957275,0.8506369201724969,0.4478854439083265,0.8641286133251769,0.7434426504830232,0.9028202028772292,0.6226839987974746,0.5149415163147818,0.7432109646215945,0.890385277782574,0.570227712153176,0.7907005659002758,0.8979178384019251,0.7074261846288001,0.8603749609471993,0.907950417481102,0.8293823202072204,0.754215037823528,0.8359132192646181,0.9519163796943126,0.8937221371286724,0.9256097192573254,0.6273232964714008,0.7248986406633606,0.5270711041997359,0.8924184088006116,0.7694993230249235,0.8886765593703843,0.6325393414842149,0.4735814391370027,0.9446991413620762,0.890385277782574,0.8510845705916488,0.8261775432373466,0.8759110188590655,0.7715174110363089,0.7851794105127562,0.5650681354031624,0.7717533945625323,0.9354106706034486,0.7542150378235282,0.8932116722416492,0.588172705676481,0.888676559370384,0.9002163215676355,0.761322234818257,0.8979178384019251,0.8076603831075231,0.8293823202072206,0.9759275434312635,0.5651570115332185,0.8759110188590655,0.9183849622426916,0.8495413835116428,0.8530868722164207,0.5038769649670325,0.9079504174811017,0.8817930382709449,0.8658231365963154,0.8198775277151971,0.9875013437105233,0.8759110188590655,0.7987808166564552,0.8495413835116428,0.7982160597583569,0.8136031693846377,0.8718884926994317,0.8759110188590655,0.753996034638418,0.6619969401135073,0.6004193097324048,0.8198775277151971,0.969773242782948,0.7485413004704933,0.9041909372048171,0.48696050451830064,0.505715785220979,0.8261775432373464,0.8842921321245034,0.8759110188590662,0.7483920283202465,0.8828025748913082,0.6632614409621942,0.9966256771555819,0.56033795819617,0.9609306835253212,0.5567626538845694,0.696850393700787,0.9142865589809408,0.5884781956999187,0.9938173931908977,0.7248986406633606,0.6134006777129648,0.886030602230176,0.8979178384019253,0.9079504174811015,0.4428885943138129,0.9361304741873642,0.7200341327950914,0.846055230607236,0.8406452729382574,0.8326266896887442,0.6791663782674804,0.7418038675850896,0.8051048983715368,0.9042833811001099,0.9015044103520693,0.44230493546087335,0.8842921321245034,0.8886765593703843,0.9079504174811013,0.8641286133251769,0.6527399281184942,0.927668151301817,0.888676559370384,0.7063997170207923,0.8679639303639393,0.6816763408647415,0.679432877023586,0.4849262394410786,0.703230880644323,0.7252247984621216,0.4256060248425029,0.8190855450309961,0.4272486978495863,0.8546731630246907,0.5007626391738342,0.9028202028772292,0.6456065673928454,0.8371850285120772,0.8743296309195856,0.888676559370384,0.48776492372109526,0.7435692762708497,0.8115868335393233,0.6854369997391987,0.7200341327950912,0.5430887968195108,0.8842921321245034,0.8392447154194034,0.9062269597228132,0.9572016853100607,0.795867570004575,0.9226322573227623,0.9847363766110007,0.9166641159071933,0.8568362476989845,0.8804313138469386,0.7717677348931041,0.6009608276137017,0.6141972970346385,0.47995075145796784,0.8557139541292018,0.9378106311870051,0.8331112669780154,0.8954478193024809,0.7582194830074998,0.9839012923523774,0.7141780097374737,0.9008986253002531,0.9690731579014669,0.930549452559617,0.8308775237225459,0.4111741089269132,0.8375894592124642,0.8566963326642261,0.8137099161685826,0.9310287774772665,0.9378886414062887,0.7273234948954237,0.5817528243690206,0.7704898006819783,0.8759110188590655,0.8800416198957275,0.9625612010339306,0.8923646807802839,0.9286341067544681,0.5312470018565962,0.8718884926994315,0.8759110188590655,0.8925249736831706,0.6247599120154494,0.9028202028772292,0.8759110188590655,0.8985494731139221,0.5992632833964686,0.4587492851760089,0.6222092158701684,0.7677475272784612,0.8718884926994313,0.8759110188590655,0.6638489726092912,0.8759110188590656,0.4279129680301309,0.6667044075923769,0.6583238766483779,0.8759110188590655,0.8371358212310311,0.8759110188590655,0.7868468900737873,0.6581504201982227,0.795867570004575,0.8999386440331318,0.8842921321245036,0.6292970826324205,0.867963930363939,0.8326503130881793,0.8495413835116425,0.7704898006819783,0.6464371005471661,0.8690082257319609,0.8886765593703843,0.7542150378235278,0.8969836989702342,0.7819505809115697,0.8814463796289378,0.555851778505037,0.4907345211678892,0.8948691662912511,0.7377325098089995,0.9940936245905945,0.8759110188590655,0.982249720580604,0.8759110188590655,0.5489279346020781,0.7929756481234906,0.925487806971186,0.896638434470552,0.6149944056713912,0.8800416198957275,0.5868929367818769,0.8506369201724968,0.7382952895012593,0.8817930382709449,0.5542766444385785,0.8842921321245036,0.6865985442903222,0.8310637014436528,0.8607455130502148,0.8718884926994317,0.9920255469531102,0.7602364522834757,0.907950417481102,0.6442679075068134,0.9583804297273598,0.9142865589809408,0.6037205766713356,0.7111342292376472,0.888676559370384,0.922169863960716,0.8623530636985344,0.483936945783773,0.6632614409621942,0.4825234262941396,0.6298586674732249,0.8392447154194034,0.9545816006720382,0.6632614409621942,0.9418028805990424,0.536353691013179,0.8932116722416492,0.7515401773634882,0.8106712049456517,0.8842921321245036,0.8017165382781781,0.5740043122419086,0.7851794105127564,0.8842921321245036,0.8842921321245034,0.6661754225077192,0.8979178384019249,0.4559589817451274,0.6946783964257706,0.9147162799480846,0.8487830214681273,0.982403783242835,0.875911018859066,0.8293823202072204,0.8679639303639386,0.888676559370384,0.5456452179506396,0.8479393617955114,0.8842921321245034,0.8293823202072206,0.9713684383902519,0.7237656812922779,0.9938173931908977,0.7720630384261525,0.7271541835304172,0.8943993105606787,0.6809177830922915,0.7058627821933972,0.9445948948871474,0.6011828467947153,0.9445948948871474,0.7945333369991232,0.9682610749736361,0.7788000674965696,0.9908764668187222,0.8759110188590655,0.6327772218191898,0.7623006060359165,0.8326266896887442,0.6632614409621942,0.9920255469531102,0.8718884926994313,0.8759110188590655,0.8506369201724968,0.8979178384019249,0.9079504174811015,0.9889066893857436,0.7450645690306787,0.8392447154194034,0.925487806971186,0.6293101683534539,0.7453886067653896,0.846055230607236,0.7494909201929286,0.641915844865592,0.9908764668187224,0.570227712153176,0.8017959273687936,0.6152868151486757,0.8011398012046623,0.9079504174811015,0.628058676846767,0.8017165382781775,0.5983583614720062,0.797725304048008,0.8718884926994317,0.8076603831075231,0.7200341327950914,0.5161087784098709,0.512267276037728,0.718265959913408,0.8759110188590655,0.3703097952366854,0.843138825105815,0.8046759588149297,0.9128921284227086,0.9300810290830976,0.7495560361590579,0.8759110188590655,0.8759110188590655,0.8293823202072206,0.9036615728941477,0.7194582384709249,0.8759110188590656,0.9028202028772292,0.8759110188590662,0.8106712049456514,0.9572016853100607,0.6104242161333064,0.8759110188590662,0.8137099161685821,0.849541383511643,0.7544132918678017,0.6908939696112746,0.8759110188590655,0.9003538698499876,0.7958675700045748,0.6017146581586876,0.6092910238985796,0.9272059756457061,0.6979731753941201,0.8842921321245036,0.5495844984780296,0.8759110188590655,0.6630517705120371,0.8326266896887444,0.4214697304222227,0.8227677158322004,0.9144193028520169,0.7514047820067644,0.8603749609471993,0.8759110188590655,0.9528349226319246,0.5815045600179825,0.8759110188590655,0.884369218401049,0.6250124341428585,0.8119941552331311,0.7091806502678311,0.5312219482797527,0.8759110188590655,0.8381589298197305,0.5797755107240075,0.893211672241649,0.8246088430664757,0.7237656812922779,0.9018378808896543,0.4250297234996867,0.7462177885231038,0.7248986406633606,0.9814461820758449,0.40536079209761156,0.9238056139707786,0.5163374927458104,0.7252717179825359,0.8662388055868773,0.9779265190687882,0.7063997170207922,0.8326266896887446,0.8759110188590655,0.9378106311870049,0.7595946982394148,0.743985699156794,0.8024391351292828,0.8333906472419877,0.8679639303639393,0.5366542690368291,0.8800416198957273,0.8679639303639393,0.8530868722164202,0.8759110188590662,0.8566963326642258,0.8933429299124285,0.7650180104070294,0.9378106311870049,0.4226960296529483,0.9863695868970659,0.944699141362076,0.8696847088727695,0.4917036456212591,0.8495413835116428,0.9028202028772292,0.726896280082141,0.7653802590312329,0.8639586444084162,0.8359132192646179,0.8495413835116421,0.9588003547924391,0.9380673100517979,0.8465776632473669,0.7734251493891509,0.7225303587845895,0.9189799789501389,0.7463220614702821,0.967911536434519,0.5149415163147818,0.6240540765924594,0.7690135129655395,0.7877152074007543,0.9563502722233992,0.6820270923180085,0.9516285637792925,0.980048468350488,0.8924015577732272,0.8696847088727699,0.715241016075645,0.8817930382709451,0.7934637395552118,0.8392447154194036,0.9682610749736361,0.6966970871829568,0.8842921321245036,0.8979518402097546,0.7714368493380506,0.8874968335551745,0.9576332886921313,0.9026181976726748,0.8308635162216642,0.6045554083699283,0.9314659325100627,0.8397427871009939,0.8948691662912509,0.8641286133251771,0.9991103021727903,0.8979178384019255,0.816778116984666,0.7363615591007792,0.7872515090888956,0.7717677348931042,0.8718884926994315,0.5333302381435935,0.813860081637007,0.8641286133251762,0.6865985442903222,0.8759110188590655,0.685991464805802,0.8759110188590655,0.8759110188590655,0.476432077490201,0.8426242563237651,0.8017165382781772,0.8759110188590655,0.5229020184441007,0.416212179357096,0.7929756481234908,0.7028006893772163,0.9003538698499873,0.699215559270552,0.7650180104070294,0.7819505809115699,0.40661310433921793,0.890385277782574,0.8649964691642945,0.9920255469531101,0.46931204392911474,0.8128985158874433,0.34340816176566336,0.9206831675258292,0.890385277782574,0.8679639303639386,0.803082717235349,0.8932116722416492,0.9719282551568325,0.7248986406633606,0.795603978276954,0.8495413835116425,0.8881621124088332,0.8426242563237647,0.4124944587106595,0.9272059756457061,0.4039912714238033,0.8326503130881794,0.8273689239368172,0.9025391984870588,0.8776621074290039,0.8800416198957273,0.8446873209299338,0.4325258642630775,0.6089082512945168,0.9254878069711865,0.7455129454395304,0.8641286133251767,0.5377698032982203,0.9296003162291764,0.8718884926994313,0.6017146581586881,0.8198775277151973,0.9079504174811015,0.6847551889174008,0.37660269182592987,0.781950580911569,0.6785907853681341,0.8495413835116428,0.9763183887646292,0.8522188525868766,0.8759110188590655,0.7063997170207922,0.6337546077419733,0.875911018859066,0.6769812069335601,0.8130099294800256,0.8994963539206025,0.8897627077088145,0.7514047820067642,0.8426242563237649,0.523714826753883,0.9028202028772292,0.6536283337970961,0.8530868722164204,0.7392108923762479,0.8679639303639393,0.9895734548759274,0.9932919269679391,0.7929756481234906,0.8392447154194036,0.721696411984379,0.672008770732184,0.6970095365150999,0.8500789590368292,0.8017165382781775,0.6078390177582277,0.8371358212310311,0.959981052706214,0.9028202028772294,0.8460552306072358,0.9136922823665363,0.7724915154839471,0.7660999969484287,0.6346608927527675,0.8718884926994317,0.6599195789144809,0.7785363236239684,0.9519163796943126,0.8590177085230395,0.8670110869223187,0.9318548420045338,0.9628187359651192,0.8359132192646177,0.8765868396989884,0.9206831675258292,0.8782103610107028,0.7515401773634881,0.8530868722164211,0.8718884926994315,0.7063997170207922,0.9079504174811017,0.8759110188590655,0.8017165382781781,0.6712292159033295,0.4437393611198226,0.8046759588149297,0.8759110188590656,0.549701893897521,0.5711060692638124,0.8066834313722044,0.8106712049456513,0.9828864657439293,0.735668933010085,0.7010092468961779,0.8922759492446606,0.8475528129637404,0.8510282326716578,0.43312415772419566,0.7330491045430576,0.6859914648058021,0.9784503296680915,0.8261775432373464,0.8842921321245034,0.8146814005692065,0.9079504174811017,0.9457240559773628,0.8679639303639388,0.9079504174811015,0.8566963326642258,0.8261775432373462,0.875911018859066,0.6598427258496755,0.9110801213832307,0.9425109904577549,0.9759275434312635,0.9254928251494697,0.6215520707152071,0.5312219482797527,0.8718884926994317,0.888676559370384,0.8641286133251764,0.8718884926994317,0.8718884926994317,0.8017165382781776,0.8759110188590655,0.8641286133251769,0.7732455048551017,0.8759110188590655,0.8392447154194032,0.7330491045430578,0.9026181976726753,0.7248986406633606,0.9697201927784764,0.8800416198957273,0.8718884926994317,0.6599195789144809,0.4904603223941625,0.8055898605391748,0.5839014421702764,0.8759110188590655,0.7732455048551017,0.8842921321245034,0.8392447154194034,0.5998466075146511,0.9986383911643693,0.8979178384019251,0.8800416198957275,0.9609306835253213,0.8146814005692067,0.846055230607236,0.7573617243762097,0.8363871530149223,0.8076603831075231,0.8883795848454401,0.41143650935251097,0.967911536434519,0.8979178384019251,0.8293823202072206,0.7248986406633605,0.7732455048551015,0.44246384078793166,0.8759110188590655,0.9759275434312635,0.9213202224420871,0.9028202028772292,0.6488343591762533,0.7977253040480085,0.8530868722164204,0.4554272490881064,0.8679639303639393,0.5638902042427749,0.5813399303400351,0.8759110188590655,0.8759110188590655,0.8760354295763375,0.8110100099356023,0.7623006060359161,0.5256911150327364,0.4277154015392759,0.5925004020722575,0.7755123295718844,0.5386344040132265,0.8359132192646184,0.4966312227068077,0.8759110188590655,0.7568996972756221,0.7063997170207922,0.907950417481102,0.5874904052024597,0.6632614409621942,0.5333324828471804,0.8759110188590655,0.8759110188590655,0.6083828884805116,0.875911018859066,0.5881962380066066,0.8411306533973876,0.6506712696359855,0.754215037823528,0.823010002210335,0.9847363766110007,0.6250961577927481,0.6351408238534344,0.8759110188590656,0.7929756481234906,0.5244003690770112,0.7418038675850895,0.9824037832428348,0.9183849622426918,0.7053819469631112,0.781600447281827,0.7987808166564552,0.8105592334976683,0.8308194276884797,0.8759110188590655,0.4615761331249192,0.7987808166564552,0.5734310573796777,0.8728887199082462,0.6712292159033297,0.8860306022301758,0.6332220690527377,0.8152145299766487,0.9155170264162831,0.5816664910984191,0.5489995595890765,0.8641286133251769,0.9028202028772292,0.8405282505479152,0.9868026610608007,0.4966312227068077,0.888676559370384,0.8718884926994317,0.0,0.8261775432373466,0.7929756481234906,0.8076603831075231,0.995882341907524,0.7929756481234906,0.9519163796943131,0.9079504174811013,0.9784503296680915,0.8549295643567537,0.40736796160041744,0.8907170904724732,0.9028202028772292,0.8411306533973875,0.8692513773147474,0.7544132918678015,0.8603749609471998,0.6745830696910684,0.9008986253002531,0.6465525802140113,0.880041619895727,0.4914551923292749,0.798780816656455,0.5333302381435933,0.5781758539299944,0.8759110188590655,0.735668933010085,0.875911018859066,0.6247599120154498,0.9028202028772292,0.9404110055530479,0.5228731763347163,0.8687006750398565,0.8759110188590655,0.5815045600179823,0.6847551889174006,0.9455584001270507,0.5199244416592719,0.5947515482213044,0.5111814860273944,0.7063997170207922,0.4933405766181679,0.8261847586875769,0.8814337004880577,0.6754982198214636,0.8426242563237647,0.784595344670105,0.9079504174811015,0.8426242563237649,0.875911018859066,0.9613366092325835,0.8293823202072206,0.4265489533370218,0.7819505809115694,0.7115274640503493,0.8759110188590657,0.8718884926994317,0.457678983726278,0.6609657455038132,0.9531190496040216,0.6732228205309349,0.6567785373956585,0.8759110188590655,0.5852550514327559,0.8435013378051004,0.8106712049456517,0.8759110188590655,0.5429255320207007,0.9504059114533234,0.6632614409621942,0.8426242563237651,0.9042833811001103,0.6400727678643532,0.781933381881114,0.9761405117303412,0.8261775432373464,0.9986383911643696,0.9238056139707789,0.7176545579814699,0.8759110188590655,0.9702668667307686,0.8759110188590655,0.8979178384019253,0.7275070480520935,0.45520619823553665,0.907950417481102,0.9408607629551926,0.7620378378467856,0.5134159883189775,0.910288359449202,0.8759110188590655,0.9484921908747528,0.556229469753859,0.837016744511615,0.8883795848454401,0.7929756481234911,0.888676559370384,0.816778116984666,0.9079223191452046,0.9055556127456228,0.413351310018895,0.6567785373956585,0.9055556127456228,0.8106712049456515,0.888676559370384,0.9147162799480846,0.9055556127456228,0.907950417481102,0.9875013437105231,0.9487969858083061,0.9147162799480844,0.8718884926994315,0.9079223191452044,0.8392447154194034,0.5495741034849293,0.9682610749736361,0.9508660665197834,0.4365128793621824,0.9177092516180816,0.9337421768964972,0.905782831346365,0.7476564454117104,0.933541729082964,0.7790933884826772,0.689141124966892,0.9318509253335796,0.776015346538792,0.8546731630246902,0.8800416198957273,0.7248986406633605,0.6749432847059763,0.9806537585552647,0.6370481612147435,0.823010002210335,0.5270711041997358,0.7063997170207922,0.685991464805802,0.8259192678970686,0.5026163549408296,0.8368467086418838,0.8907131241980283,0.9206831675258292,0.796504107522453,0.846055230607236,0.5503563637392154,0.7573617243762096,0.6015191942053391,0.7361464404372711,0.978795831470654,0.33354969919307575,0.7874024405021995,0.8932116722416492,0.8017165382781775,0.8322425605890174,0.4735814391370027,0.9256097192573252,0.9139593547568134,0.9463161534797553,0.819657235122329,0.7698988098502193,0.8311453011838069,0.7876311339983046,0.9366782695007883,0.8549439136591865,0.6979145919336727,0.8842921321245036,0.7418038675850895,0.40536079209761156,0.41616286443408723,0.8842921321245036,0.9422642063353932,0.6242960198677245,0.692042450955709,0.8994963539206025,0.7221145633994284,0.5737751346465954,0.8392447154194036,0.7623006060359163,0.9198202436892431,0.48510469568939674,0.8683926516345655,0.685991464805802,0.4133513100188949,0.8881621124088332,0.8800416198957275,0.9028202028772292,0.6605226717181107,0.8979178384019255,0.7329078137787968,0.6859914648058021
p294_K,0.8223241779196799,0.9178313446502835,0.8484356419795887,0.8914410719709875,0.9288488221297497,0.9472198404849024,0.8267418580830388,0.8626066361774409,0.9015458958824955,0.9442782351269043,0.9157617220296759,0.9265423524364669,0.9265423524364669,0.925662981663943,0.9410038098069489,0.9176107639459745,0.9874255252046318,0.9040300914457235,0.941467276381333,0.9442782351269046,0.8424470967591313,0.9137287800621365,0.909762579821223,0.9312172606999456,0.9523096052149489,0.904030091445724,0.9220929278982624,0.8264775852300978,0.9942420842964469,0.8536254988433933,0.8949427042733133,0.9361684345174044,0.9199406273027306,0.8863065703015558,0.9288488221297497,0.9411125326018256,0.9312172606999456,0.9199406273027306,0.9472198404849024,0.9393902601956408,0.8873412224047772,0.6711655419269308,0.9472198404849024,0.7776801287304262,0.9220929278982624,0.9416466059407508,0.9336544549523982,0.8606091151654387,0.902169807736934,0.6390975582406436,0.9361684345174046,0.8576757924346463,0.904030091445724,0.9178313446502835,0.9199406273027306,0.9003322259136213,0.9003322259136213,0.9288488221297497,0.8344432084017471,0.9242920540600268,0.8352780959681555,0.6663428505714739,0.6043526269958817,0.8590697626746646,0.938768815466609,0.7466667374011999,0.9361684345174044,0.7379656784722237,0.8249099460016629,0.941467276381333,0.88971470176333,0.902169807736934,0.9779134885361098,0.6983445044771046,0.9288488221297497,0.8409576378165506,0.9137287800621363,0.9157617220296757,0.7273505395480597,0.9472198404849024,0.9580084947693384,0.9748290773761272,0.8967198703210439,0.9040300914457235,0.9288488221297497,0.9172640312418525,0.9207305022599921,0.8058776632194897,0.8787678938964243,0.9265423524364669,0.9288488221297497,0.8484356419795889,0.8292624157908433,0.7177388026678447,0.9323299983666009,0.6552226694246379,0.8454347944158869,0.8424470967591313,0.8771807380071668,0.779829046496105,0.9003322259136215,0.9859410630732464,0.9288488221297497,0.8011767661222196,0.9407149206516774,0.9414672763813328,0.869981611029512,0.9240984855763326,0.9117298605520907,0.6933524419069494,0.8759915979459509,0.9059145492620324,0.9720703718968702,0.9035881831250774,0.9336544549523982,0.7558976627644615,0.9610024953181504,0.9998226281102465,0.9880755935910336,0.9654527004964142,0.996784825341061,0.8394708294649358,0.9523096052149489,0.9996816445584039,0.9796635193777841,0.8569008385076048,0.9312172606999456,0.8172798429420178,0.8350803794897144,0.881294645597023,0.9815827004648517,0.9336544549523977,0.9361684345174044,0.9880755935910335,0.9220929278982624,0.8509744558805432,0.7400164696015341,0.9903434298372484,0.9903434298372482,0.924292054060027,0.9759755943229946,0.9442782351269043,0.9711450593985316,0.8937325206728579,0.8687854861392972,0.87477223779777,0.9600664162734938,0.9972940087996508,0.6884052152172935,0.8110121741080869,0.9442782351269043,0.9538062486519391,0.8539193688809055,0.8335461879057982,0.9361684345174046,0.902169807736934,0.8804618690928618,0.9112643219372452,0.990933742890881,0.8915641191189614,0.8229621960559677,0.9617723288059055,0.9469401678022589,0.8525034332144854,0.9953686659705994,0.8829528399528481,0.9470211235965944,0.8590697626746646,0.9679401264121574,0.6528188626938127,0.8914410719709878,0.9265423524364669,0.9003322259136217,0.9131376824687898,0.8183065775312199,0.8542594227905955,0.9414672763813328,0.9374008478930755,0.8880034676011164,0.8409576378165506,0.8763873919722713,0.8646674591218193,0.9369878183831672,0.9742178060512305,0.943130131925479,0.8413577553147256,0.9654527004964142,0.678707041893894,0.9178313446502834,0.927846456636525,0.9828956122135616,0.8140996298818861,0.7941864781330643,0.7459340728481734,0.927665598664277,0.9288488221297497,0.9312172606999456,0.9828956122135615,0.8606091151654389,0.7917448721317764,0.9627608002068135,0.9742178060512305,0.9288488221297497,0.8400759547129952,0.7670318706121608,0.9942420842964468,0.9288488221297497,0.9646856815994838,0.8631510629728294,0.8709462225267633,0.9211446474695235,0.8668291346622674,0.9265423524364669,0.9288488221297497,0.8075378927174328,0.9288488221297497,0.8572536274440052,0.7964719229254078,0.8138456888436653,0.9288488221297497,0.8056017035197612,0.9288488221297497,0.9576245776901459,0.869981611029512,0.8829528399528481,0.8261775432373464,0.9859410630732461,0.7311298060778155,0.9706982209232327,0.909762579821223,0.631034246323716,0.9869296750061689,0.941369536597632,0.8863065703015556,0.9361684345174044,0.7168583413736436,0.9654183008596202,0.8181872098791186,0.9396242454712691,0.9909282086879025,0.8812946455970223,0.9220929278982624,0.8915641191189614,0.7972709447607387,0.9288488221297497,0.644674378942035,0.9288488221297497,0.8400848506658574,0.9771275048833288,0.9903434298372484,0.9346355708099479,0.7521790100012409,0.9312172606999456,0.8990380928823123,0.9117298605520905,0.8770832813017808,0.9157617220296759,0.9586992630188504,0.933654454952398,0.9182102768713853,0.820299252077276,0.7232115292812218,0.9265423524364669,0.8360364947494752,0.9351716034343645,0.9472198404849024,0.9866989384555496,0.7271287224155965,0.9059145492620324,0.8919612280695786,0.8742984828548181,0.9361684345174046,0.9923775766162846,0.7124438834345148,0.7636892997599725,0.9414672763813328,0.6715009151623208,0.9112643219372452,0.9078247903914518,0.9082763222676036,0.9414672763813328,0.975627908586951,0.6815283185405359,0.938768815466609,0.8856048231352784,0.8914410719709878,0.933654454952398,0.8863065703015558,0.7377575241468807,0.924292054060027,0.933654454952398,0.9094857206850568,0.7813580335258906,0.9414672763813328,0.8585897729271927,0.9489401298565192,0.839470829464936,0.8357078257054796,0.9998226281102465,0.9288488221297497,0.986168834886946,0.924292054060027,0.9903434298372482,0.7463700340709962,0.8856048231352782,0.9617723288059051,0.902169807736934,0.8829528399528481,0.8056500415254173,0.792195311769113,0.8897994940048912,0.9299175356920437,0.8474587181772987,0.9243497724031107,0.9200926842749222,0.9442782351269043,0.872397140548959,0.9327624037197982,0.9193175573455776,0.9132389320257914,0.8731665326144966,0.7003392882016636,0.9288488221297497,0.9361684345174046,0.8637059334028956,0.9040300914457235,0.9414672763813328,0.9950674879125878,0.9265423524364669,0.9288488221297497,0.9523096052149489,0.9414672763813328,0.9880755935910334,0.8747722377977696,0.900735691151503,0.9469401678022586,0.9361684345174044,0.8151817498398597,0.760359389477336,0.9665309054593343,0.8150628490693085,0.7996110161512189,0.9859410630732461,0.9193175573455779,0.7577382749151547,0.9178313446502833,0.664667881214027,0.9472198404849024,0.7175259971354127,0.8863065703015556,0.7215908919131214,0.9220929278982624,0.9742178060512308,0.9235151033525317,0.8655174742919485,0.695155188192337,0.7142477571415276,0.7676551942473686,0.9288488221297497,0.928130466850218,0.8846232616841088,0.9214006317669097,0.8846232616841088,0.9442782351269043,0.6302640135381012,0.9288488221297497,0.9288488221297497,0.902169807736934,0.7266533638812769,0.8026530697414007,0.9288488221297497,0.9327624037197981,0.9288488221297497,0.9598848913568984,0.8838798249719384,0.935814252724062,0.9288488221297497,0.8931834336273663,0.9551139594816043,0.7869924306784437,0.7740264048810823,0.9288488221297497,0.8335461879057979,0.8829528399528481,0.7445665336606624,0.7617554150825379,0.9971725026548421,0.8416405879780737,0.9336544549523977,0.7145413226998265,0.9288488221297497,0.7795850714251209,0.9825197666561853,0.9398056495877891,0.8275888671947684,0.9675956872630855,0.7634717983598409,0.9917271981546155,0.9288488221297497,0.9375285758840217,0.9814999229011293,0.9288488221297497,0.9971725026548421,0.9451389176250917,0.9301177772509812,0.7627205545350362,0.7463700340709962,0.9288488221297497,0.7828069253889132,0.6683934642270143,0.995067487912588,0.7922833118206054,0.7412558110398456,0.5621811332514608,0.9921666690197017,0.8821656806165818,0.933654454952398,0.969811206105381,0.8971367806773712,0.909762579821223,0.9763912250583231,0.921985740006281,0.8188306891964301,0.9894121426990234,0.9361684345174044,0.9040300914457235,0.9288488221297497,0.9411125326018258,0.9482428774988274,0.7909103397082891,0.9157617220296757,0.8985159947466634,0.924292054060027,0.8585897729271927,0.815815109207632,0.924292054060027,0.999744732490999,0.9288488221297497,0.9610024953181504,0.8558529824118857,0.9235615721162846,0.941467276381333,0.9664580159677726,0.9442782351269046,0.823141751342515,0.9097625798212232,0.9121477059747174,0.9964991389010722,0.9442782351269043,0.8467085335713036,0.7941920769170919,0.9023795156406167,0.9443618136993994,0.9137287800621365,0.8637059334028956,0.933654454952398,0.7835835592582252,0.9438841418650028,0.9277334818261305,0.9860555452130657,0.8873412224047774,0.999744732490999,0.9300679213294074,0.8426227299879607,0.8765754647337181,0.8962155056134604,0.9673337013468153,0.9754523556491483,0.90054724462673,0.9256629816639432,0.7010214355004775,0.9495873612601233,0.7875349366927926,0.8730044142720113,0.8610375356079849,0.7010214355004775,0.9451832184545601,0.9933615798161202,0.933654454952398,0.923477052562345,0.7941864781330641,0.9848136600849169,0.9438841418650028,0.941467276381333,0.9214216437174788,0.8484356419795884,0.938768815466609,0.9556196184821215,0.9220929278982624,0.9220929278982626,0.9903434298372487,0.9414672763813328,0.894942704273314,0.8208795187224508,0.8780124908814337,0.9265423524364669,0.9265423524364669,0.7958402935424713,0.7414981613732586,0.9220929278982624,0.8447770082758032,0.9288488221297497,0.9387688154666092,0.9288488221297497,0.9288488221297497,0.7151839380308869,0.9097625798212232,0.9193175573455776,0.9288488221297497,0.9464800105051056,0.9946361250640621,0.9270396358303661,0.8844558779324998,0.8590536933702335,0.8982870507540048,0.8944128167827481,0.6735931840982164,0.9986531684209496,0.9199406273027304,0.8709462225267632,0.938768815466609,0.8846232616841081,0.8478861154536745,0.8677917741382581,0.894942704273314,0.7708967617979812,0.924292054060027,0.9932530048950747,0.938768815466609,0.8821656806165818,0.933654454952398,0.9685079852781178,0.9621156816794599,0.9828090781367664,0.909762579821223,0.8030530606802188,0.8931834336273663,0.8684015223223855,0.909762579821223,0.8448192190725382,0.9094857206850574,0.96211568167946,0.9312172606999456,0.9306543570790528,0.8229620026521649,0.842622729987961,0.9903434298372482,0.8229620026521651,0.9874255252046318,0.7828069253889129,0.8454347944158871,0.9265423524364667,0.7866618671723977,0.8967198703210439,0.9880755935910335,0.7705993660494889,0.9438462100315866,0.7025119892543963,0.7459058401643097,0.9137287800621365,0.6219534759587267,0.9086050322771126,0.9288488221297497,0.9361684345174044,0.8829528399528481,0.9288488221297497,0.876311413558178,0.9137287800621363,0.6580524441711212,0.9679401264121574,0.8073322099805091,0.9097625798212232,0.7208286976677374,0.9442782351269046,0.7742298827847796,0.9580084947693384,0.5871259518624659,0.9706982209232329,0.9641067145740576,0.7946441320889311,0.8812946455970232,0.9078247903914518,0.9664780447989199,0.939499098630968,0.7774322510070815,0.811700936407575,0.9193175573455776,0.8731228274115115,0.8056017035197611,0.3674277375487104,0.9442782351269046,0.9117298605520905,0.9312172606999456,0.9811187224635325,0.9215435437152566,0.9585084325141431,0.9265423524364669,0.7778061739483548,0.7772705804307922,0.9880755935910335,0.5126930363590816,0.9336544549523977,0.9172640312418525,0.8829528399528479,0.9059145492620324,0.9195467174521137,0.894942704273314,0.9928893498778073,0.8856048231352784,0.9157617220296754,0.9742178060512305,0.9903434298372484,0.9472198404849024,0.9288488221297497,0.9523285443895997,0.835393905604203,0.7164563561696088,0.8880034676011164,0.9288488221297497,0.9831054516908289,0.7974907805060594,0.6278538287715332,0.8914410719709878,0.8652640614492118,0.875407578810103,0.6818112082699259,0.889788035823408,0.8985159947466637,0.927665598664277,0.9964787107892183,0.8737403537239998,0.938768815466609,0.892624738559076,0.9003322259136213,0.9859410630732461,0.8812946455970232,0.9472198404849024,0.4874512121775041,0.9706982209232327,0.9472198404849024,0.9178313446502835,0.9003322259136213,0.9288488221297497,0.8683535281030101,0.8638929830074618,0.9998226281102465,0.9288488221297497,0.9137287800621365,0.7138230048393555,0.6826899945849028,0.9742178060512308,0.9903434298372482,0.9673337013468153,0.9742178060512308,0.9265423524364669,0.9193175573455776,0.9288488221297497,0.9220929278982624,0.9297539537367779,0.9288488221297497,0.9469401678022586,0.8469334628212699,0.9414672763813328,0.933654454952398,0.938768815466609,0.9312172606999456,0.9265423524364669,0.7143496110293777,0.592059847086227,0.7318143872286753,0.8652824480423815,0.9288488221297497,0.869981611029512,0.933654454952398,0.9469401678022586,0.7186969447080922,0.8715698060206925,0.941467276381333,0.9312172606999456,0.9523096052149489,0.9909282086879025,0.9117298605520905,0.9288488221297497,0.881294645597023,0.9235151033525317,0.9300679213294081,0.9743994066142554,0.9157617220296759,0.941467276381333,0.9393902601956408,0.933654454952398,0.8998677823831449,0.9803139140174593,0.9288488221297497,0.9288488221297497,0.8350243379239404,0.9442782351269046,0.8836709623268486,0.9220929278982624,0.9157617220296757,0.6815463828165229,0.924292054060027,0.7439091200450842,0.7328571843832902,0.9288488221297497,0.9288488221297497,0.8796480577405048,0.785402004170175,0.950462348871437,0.8131619276176607,0.9863035508148099,0.8271147850206084,0.7757525420881084,0.7082083489909896,0.9443618136993994,0.6410153078716875,0.9288488221297497,0.8606091151654387,0.9361684345174044,0.9472198404849024,0.7854020041701748,0.9414672763813328,0.9075751144851479,0.9288488221297497,0.9288488221297497,0.7273441090532018,0.9779134885361098,0.736801385239372,0.9551139594816043,0.8229620026521651,0.8590697626746646,0.9931252770634839,0.91561268213489,0.7025375941170441,0.83650170880135,0.9288488221297497,0.8812946455970232,0.71751508565795,0.98181078671843,0.9414672763813328,0.9233273388279789,0.9446016842068787,0.8747722377977698,0.884623261684109,0.9312172606999456,0.8963044445307864,0.9288488221297497,0.7636757819153237,0.8846232616841088,0.8873412224047774,0.8955115304598655,0.8114866580197322,0.9526552033461158,0.80992078487461,0.8183065775312199,0.9387688154666087,0.8400759547129952,0.9327618164700396,0.9220929278982624,0.994242084296447,0.9598848913568985,0.9796635193777841,0.7266696117783171,0.9361684345174044,0.9265423524364669,0.8261775432373466,0.0,0.8812946455970232,0.88971470176333,0.9472198404849024,0.9451832184545603,0.9472198404849024,0.9472198404849024,0.8637059334028958,0.8880034676011164,0.8963827383136589,0.77676317943209,0.9942420842964468,0.9137287800621365,0.9137287800621365,0.8529059602316709,0.9641067145740576,0.9742178060512305,0.9736434108527132,0.9846499852040402,0.9312172606999456,0.96647804479892,0.8846232616841085,0.9692254451459146,0.9545679967440368,0.9288488221297497,0.8484356419795889,0.7276985130257299,0.8725208594320994,0.9442782351269043,0.9059145492620324,0.9078247903914525,0.9837454645469401,0.9288488221297497,0.7420909390556755,0.7918806468335746,0.9078247903914523,0.7612124567006165,0.6983445044771046,0.7266696117783171,0.9903434298372484,0.9889509259226457,0.9186390033476766,0.940849612322177,0.8078696895263489,0.9097625798212232,0.8251865963881098,0.9880755935910337,0.9495873612601233,0.9288488221297497,0.7775696449843111,0.9117279299695328,0.9966403420753616,0.9793811540276176,0.7774322510070817,0.9239571786511702,0.9742178060512308,0.974901931616761,0.852741510212039,0.8821656806165816,0.7656142004165305,0.7337417317567015,0.9288488221297497,0.7690372442307332,0.8560150343893422,0.8914410719709878,0.9288488221297497,0.6892859547130734,0.9641067145740576,0.9414672763813328,0.9495873612601233,0.9265423524364669,0.8526475365427402,0.9040300914457235,0.753781441782414,0.9530454042081951,0.931868237520197,0.9097625798212232,0.7808181407585646,0.9288488221297497,0.8985159947466637,0.9288488221297497,0.9414672763813328,0.8546193973191554,0.9288549290131007,0.9472198404849024,0.5691282089956053,0.8078696895263489,0.8962155056134602,0.8914410719709878,0.9288488221297497,0.817526392002194,0.9913825841281623,0.7907939939476729,0.9996816445584039,0.881294645597023,0.9903434298372482,0.8949427042733136,0.7255233132718886,0.9475238565788602,0.877083281301781,0.7760211689303798,0.9475238565788602,0.8914410719709878,0.9361684345174046,0.839470829464936,0.9475238565788602,0.9472198404849024,0.9040300914457235,0.8158151092076321,0.9176107639459743,0.9265423524364669,0.6561972672535714,0.9078247903914518,0.9357888633762994,0.881294645597023,0.9495873612601233,0.9744968503307261,0.8745074775108264,0.9742178060512305,0.9551139594816045,0.9855896599909523,0.8914410719709878,0.8908505574054,0.9032347772641223,0.9066350225729958,0.8715698060206929,0.9393902601956408,0.9312172606999456,0.9336544549523982,0.9943648024077448,0.9334007422562387,0.8125273967470628,0.970755146873232,0.8606091151654387,0.9361684345174046,0.9387688154666092,0.9713599657384433,0.9323299983666009,0.8369528122455996,0.8542505818539429,0.9300679213294081,0.7925205308066757,0.9117298605520905,0.8931834336273665,0.9288488221297497,0.9704938584369358,0.8291212617398851,0.8780124908814337,0.8606091151654387,0.9032580979055049,0.995067487912588,0.9523285443895997,0.9507126800088579,0.904030091445724,0.9220929278982624,0.8967198703210439,0.9438841418650028,0.942688033069913,0.9377515552037037,0.9157617220296757,0.9482041221297376,0.9265423524364669,0.8284852998843157,0.9456699375249611,0.933654454952398,0.98181078671843,0.9195293122683741,0.898515994746663,0.9336544549523982,0.7775696449843106,0.6930280688350455,0.9295866681593206,0.924292054060027,0.924292054060027,0.7955552154844515,0.9860555452130657,0.8637059334028956,0.9336544549523982,0.986631336982482,0.9078247903914518,0.938768815466609,0.9329246992027066,0.9828090781367664,0.9312172606999456,0.9442782351269043,0.9261093670919482,0.941467276381333,0.8013774159845114,0.938768815466609
p294_N,0.9369956431580484,0.9097516894125137,0.9219568517666138,0.930351993730951,0.9152582079543843,0.9935264355112594,0.7740040007589889,0.750339990123168,0.8395280973905594,0.9336347991328913,0.9530613123008463,0.995606730632077,0.9125111785873636,0.7117671771608172,0.9578829909052506,0.8769047782559862,0.8562319953247259,0.9845673523422016,0.7627282022777627,0.9872125588573131,0.8812122842911967,0.933316065142574,0.9339429911190156,0.918079042897614,0.9655974895223984,0.885698841863535,0.5802498355628297,0.9450032706006533,0.9336347991328913,0.8062755303918666,0.8748756693307254,0.9239759423528264,0.9046484553665961,0.9508942993498997,0.9152582079543843,0.9162206421071969,0.9621698344437761,0.518009570115294,0.9371382816751241,0.6624051378328457,0.9060638964407408,0.9780340428202863,0.9500854106526051,0.9638221193864542,0.9466378905596333,0.8198647486438817,0.9665480300996037,0.9332636707881301,0.9807928612526089,0.9135063197922979,0.981600181169821,0.7345355538463394,0.885698841863535,0.9021362778138218,0.9029042197940333,0.9132389320257919,0.9909282086879028,0.9152582079543841,0.7688191056471217,0.9098310498422766,0.8432648458861447,0.7756270707601549,0.984567352342202,0.9553394119369607,0.9257389930135203,0.8773549079157226,0.9239759423528267,0.9617779603879588,0.8520143942695299,0.9302869180633688,0.571685599702219,0.9867705932097052,0.9992249226337293,0.8247248739070043,0.9152582079543841,0.8105788943203351,0.8502880286044066,0.8996713357710029,0.8940929572216492,0.7809209491441991,0.9733050117350783,0.9583942031553514,0.7506093736290067,0.8856988418635348,0.9152582079543841,0.5969506861309891,0.8972500807670707,0.9890838722435524,0.8706881010282803,0.9125111785873636,0.9152582079543841,0.6633989785020463,0.9376998480057146,0.9392500649234912,0.9988749295050933,0.9332636707881303,0.6499928156031961,0.973024856152525,0.8687647470380224,0.8102832673149822,0.8950953494015972,0.9665480300996034,0.48612370616240974,0.8300492252778054,0.9116877587266515,0.9302869180633686,0.6599995416164903,0.8831997026403982,0.8575821538303017,0.7336285154224769,0.6209690358421844,0.9549546039402186,0.8763938836187333,0.9284747827280933,0.9209817665727262,0.865908087929199,0.9773810909232874,0.9814510646731802,0.9935264355112596,0.8852248564059799,0.8725121154688944,0.8280095731844088,0.6100336545240822,0.9667074951656032,0.9165641371791309,0.8680098635453735,0.918079042897614,0.8711720473896869,0.995606730632077,0.9421362489486964,0.9162544971208779,0.8056206522660092,0.9239759423528264,0.9371382816751241,0.9745100637941104,0.8059945119496472,0.908295442981736,0.934388242931145,0.9711878805915029,0.9098310498422768,0.8256218566085436,0.933634799132891,0.8206044063128859,0.7020657359127311,0.7056311423328259,0.8508524342038153,0.9868513823665968,0.8145870830858375,0.9807928612526089,0.7623691292878553,0.9056319216938427,0.8949117707360061,0.8361214787240913,0.846209883907211,0.9711878805915029,0.9483563157149231,0.9926158793066284,0.730050545140571,0.8019855092639758,0.6918161969261296,0.8392671826004037,0.9423194428466417,0.9734299614209916,0.8550303818014757,0.9013730433645943,0.6610943429440554,0.9122530226440353,0.8567883809445207,0.905775346051561,0.8598552336091727,0.801237384437876,0.9125111785873636,0.881294645597023,0.7365898528545385,0.876677653974753,0.6558388834805506,0.9302869180633686,0.9116877587266516,0.9248202875667844,0.8698807330114567,0.8797889105982799,0.86030124832513,0.7353739172577548,0.995606730632077,0.9281866733530676,0.8621727126853664,0.8648872908119645,0.9608638139754633,0.9021362778138218,0.9634038194012378,0.9502726792490606,0.9919418700267857,0.7686203722730276,0.8331362469333141,0.8690883083110754,0.9152582079543841,0.918079042897614,0.6048693972763179,0.9829035021794312,0.9182458888439236,0.9135063197922981,0.995606730632077,0.9152582079543841,0.9703943973542584,0.8699084854586623,0.9336347991328913,0.9152582079543841,0.9330011899716568,0.9142977291841883,0.8562275189872217,0.8425316252142537,0.9438295981000084,0.9628454933455661,0.9152582079543841,0.9011477921215736,0.9152582079543838,0.8164701653683466,0.7649526430119002,0.6965496870612533,0.9152582079543841,0.9738744855255578,0.9152582079543841,0.7549939179765812,0.8451467479521528,0.6892302276908617,0.9449159152435009,0.8056206522660094,0.8200537012432627,0.9502726792490606,0.8298245628351779,0.8972500807670711,0.7952066801648224,0.8559450532628738,0.9508942993498992,0.9711878805915029,0.8814261386926308,0.9812261632287929,0.960712445103687,0.928598192852493,0.9142977291841883,0.9421362489486962,0.9745100637941104,0.6918161969261296,0.909831049842277,0.9152582079543841,0.8880761517488762,0.9152582079543841,0.8157394803358493,0.6681244743481923,0.8399643664537929,0.9735629864071065,0.8383974723823079,0.918079042897614,0.9117649022044418,0.9655974895223984,0.65835032116684,0.8996713357710031,0.9327935102712095,0.9209817665727262,0.6380707706869775,0.9139644727327483,0.8577719241284201,0.9125111785873636,0.9761356843815903,0.7902971789881053,0.9371382816751241,0.933001189971657,0.9521851052998418,0.8879432507007241,0.8692003286954328,0.6901658781604382,0.8871763046924691,0.9453621232210567,0.8463095323865545,0.7947271048367864,0.9302869180633686,0.8288433765403604,0.8842122443079046,0.8711662082855063,0.7390417248479724,0.9302869180633686,0.93235920624491,0.8954078766639679,0.974801654315965,0.9281684931120007,0.9899987985823229,0.44109054405099046,0.9052651084803366,0.8265925082346297,0.9907143086558443,0.9209817665727262,0.987885706373519,0.8008166905094141,0.98145106467318,0.7746641227179567,0.8183589115548069,0.9677003624281724,0.8481162904894912,0.8650564954973857,0.956466487927786,0.9867705932097052,0.8475191737170207,0.6983285517377639,0.8180335093082518,0.8792462116718203,0.8511869157928869,0.9807928612526089,0.9731391553474598,0.8592253732217521,0.9284747827280935,0.8973472988653557,0.7649526430119002,0.8128008469070227,0.7834243404107353,0.6553102408545557,0.9056319216938427,0.9157349837086728,0.9336347991328913,0.9508942993498992,0.9699747687132043,0.8064093503402037,0.920981766572726,0.9152582079543841,0.9239759423528262,0.8095010419562505,0.8506517968600196,0.9302869180633686,0.974801654315965,0.9212977173232093,0.9152582079543841,0.8948693468634783,0.9302869180633688,0.9371382816751241,0.8280558956918775,0.9359193916809871,0.9924821208671799,0.9816001811698213,0.8178976980025487,0.8474260956588355,0.751489939841922,0.9046484553665963,0.7590779548145824,0.9209817665727262,0.8645899440480416,0.7734456812755013,0.9021362778138218,0.8776100733791741,0.7245327953080636,0.8291964064606834,0.9628013453482422,0.7947271048367863,0.9745100637941104,0.9125111785873636,0.8662463030027912,0.9869018454857346,0.8265925082346297,0.8287252801391831,0.7578048050740605,0.9152582079543841,0.8365007873070791,0.9667419862543056,0.9296564094192135,0.9194760752462126,0.9592096814182645,0.8008875416489643,0.9152582079543841,0.9152582079543841,0.9483563157149231,0.9411372791480437,0.6637410327390418,0.9152582079543838,0.9336347991328913,0.9564664879277861,0.9601753961566368,0.8285035731719173,0.8331362469333141,0.6571574449861832,0.6438945219541877,0.9945519661064195,0.7820337956729881,0.8182276162211326,0.9152582079543841,0.9573551424808204,0.9731391553474595,0.8291549352138796,0.8336686131845914,0.9029881796097647,0.7520500838904571,0.9209817665727262,0.8441226036927834,0.9152582079543841,0.8032338502019303,0.817695626700464,0.948590288048462,0.940176120156279,0.9621698344437761,0.7083613830184106,0.9046484553665961,0.9152582079543841,0.9473071062272795,0.785260173980858,0.9152582079543841,0.9634038194012378,0.9185729911132725,0.9511854069300709,0.7469899622295402,0.8180335093082518,0.9152582079543841,0.7419397077598993,0.8405176238551886,0.974801654315965,0.8279715405925414,0.8031076677256461,0.9753714085919836,0.8733124723819159,0.8355806800120917,0.9209817665727262,0.9739869440076381,0.8562275189872219,0.8925262950745885,0.8545271503444027,0.9953851923342532,0.7909002310548193,0.9272324378358678,0.9239759423528264,0.5210900952644628,0.9152582079543841,0.9673847887170085,0.7390417248479724,0.8558963430130206,0.989878150282884,0.9106086590743894,0.9098310498422768,0.9484755380825023,0.9496485824638996,0.9098310498422768,0.8794276363367709,0.5716405755742964,0.7216396566388492,0.8862836892666925,0.9572535390944724,0.8650564954973854,0.8028255982978589,0.9336347991328913,0.9397586843685546,0.9686491338802947,0.8158856891841022,0.7781560598534002,0.9336347991328913,0.9245562143994439,0.9731391553474595,0.7339147621196556,0.9884602805599663,0.8972500807670714,0.9859143456282599,0.9665480300996037,0.9628013453482424,0.9307016541888509,0.8601436529773285,0.5984628665908786,0.9553394119369607,0.9898781502828841,0.8748756693307254,0.8008776071541575,0.7856540024026233,0.7488579551413606,0.6985279040322141,0.9701407267972149,0.9486895513809487,0.960175396156637,0.9393420437091634,0.8925262950745887,0.7604515276231757,0.9733050117350786,0.9523316440084558,0.9924821208671797,0.9699747687132043,0.8288362303202794,0.8967531793197643,0.8256504092697164,0.9107755486283085,0.6253961707558597,0.9799771696850708,0.9302869180633686,0.9598475691646613,0.9135063197922979,0.680425686501297,0.8580455361717012,0.46197176709344523,0.9860639133827613,0.9816001811698213,0.9302869180633688,0.9108500703878932,0.9689177186710369,0.9543449980412201,0.9540589546097202,0.9540589546097202,0.8563179236444574,0.9232815443360514,0.9072118677365055,0.8087240112889866,0.9152582079543841,0.9270730230791457,0.9152582079543841,0.9152582079543841,0.847840826237674,0.8925262950745887,0.8764969900463836,0.9152582079543841,0.8308556986309563,0.8840149229731686,0.9421362489486964,0.7248481500066553,0.9573551424808204,0.8046224482286751,0.9665395745874148,0.8376723506997308,0.8883200962022875,0.9431379203344701,0.9018761436541086,0.9270730230791455,0.9479215598710828,0.7947271048367864,0.7596773995000081,0.997318103777229,0.9413936847619077,0.9098310498422768,0.8085178634434482,0.974801654315965,0.7149627834784091,0.9665480300996037,0.9332636707881301,0.933316065142574,0.7434943064820541,0.961938580597147,0.8661282252415159,0.6136867020584513,0.8690883083110752,0.9686491338802947,0.8957156269639839,0.9665480300996037,0.9333160651425745,0.5528314585484408,0.9944228758940543,0.8830777411645314,0.9757038990161571,0.9816001811698211,0.9844430310402259,0.9072118677365055,0.980434861864099,0.8855759234814213,0.9212977173232094,0.8291549352138796,0.87474215156705,0.7809209491441989,0.7675304094352662,0.7831200647944141,0.9636818533225946,0.7725236234856335,0.9945519661064195,0.8711916800801192,0.8837003248121167,0.9152582079543841,0.9239759423528264,0.9987249599057337,0.9992249226337293,0.9439635639657454,0.933316065142574,0.9098310498422768,0.7195761791444959,0.8039190767631206,0.8992368483577363,0.8223190282104389,0.9872125588573131,0.7367738192640761,0.989878150282884,0.8399660979274346,0.9098310498422768,0.9413936847619075,0.9949291339897315,0.6959629941127002,0.9052541259973347,0.9827047729403633,0.9327074074935944,0.8318589174656659,0.8960801202326796,0.6463520425747613,0.8329616870069811,0.9738744855255579,0.9360968865539774,0.9336347991328913,0.9636743678186817,0.9937393740100618,0.803717304278996,0.9384799527980217,0.8922385033088465,0.9540589546097202,0.8609411009006358,0.8369541237172905,0.9935264355112594,0.9376222810129573,0.9665480300996037,0.8529600477548237,0.9143173056653141,0.9214489273204716,0.8608323269166083,0.9667074951656032,0.9655974895223984,0.9037073523919104,0.8996713357710029,0.9628454933455661,0.9239759423528264,0.9935264355112594,0.9152582079543841,0.9221261809159464,0.8495008284347189,0.8080291577254648,0.7259237851996106,0.9152582079543838,0.8052750075161217,0.7253915808644203,0.946558695585868,0.9601753961566368,0.8395280973905592,0.6398937172961765,0.9573551424808204,0.8061868643318535,0.9420858227407478,0.9982056204357297,0.8105828963996755,0.7150752667467537,0.9270730230791457,0.6834915393333867,0.9771275048833288,0.9665480300996037,0.9978132884777122,0.9935264355112596,0.8791314954080305,0.40266125024239896,0.9935264355112594,0.9021362778138218,0.44787533939883795,0.9992249226337292,0.8731292218762232,0.9650776192817689,0.916220642107197,0.9580166426603276,0.9693820495180774,0.7971136825696468,0.8550303818014757,0.9125111785873636,0.9239759423528267,0.9072118677365053,0.9125111785873636,0.9125111785873636,0.991569463782195,0.9152582079543841,0.9072118677365051,0.845146747952153,0.9152582079543841,0.700726619726364,0.9019666944541097,0.9302869180633686,0.9209817665727262,0.9748016543159648,0.9937393740100617,0.9125111785873636,0.7319064716602566,0.8038745940299186,0.8925262950745887,0.8515412006718763,0.9152582079543841,0.7902242022563213,0.9423194428466417,0.9583942031553514,0.8397390898773887,0.7325750121896464,0.916220642107197,0.9621698344437764,0.9655974895223987,0.890832632464256,0.680761797183002,0.9152582079543841,0.9743481917577798,0.6305977403623335,0.972071287611145,0.7698714217829521,0.768977122390658,0.8650564954973856,0.9483563157149231,0.9209817665727262,0.6599995416164903,0.8926432681396852,0.9152582079543841,0.9580166426603276,0.892880101843778,0.9336347991328913,0.8258763075365451,0.9860639133827613,0.8057939603726952,0.8206044063128859,0.9098310498422768,0.7617643011557251,0.7875502366710336,0.9152582079543841,0.9152582079543841,0.8842122443079046,0.8803652317588886,0.658289638808814,0.7489843900385618,0.8008875416489643,0.7844017658936109,0.8203027506943794,0.8322045389786448,0.9780340428202864,0.7812510997224258,0.9152582079543841,0.9674566664292678,0.9239759423528264,0.9371382816751241,0.7083613830184103,0.9302869180633686,0.9094078420027492,0.9152582079543841,0.9152582079543841,0.8429590540991274,0.8281911838099563,0.8014566491906352,0.9693820495180774,0.8330994471835244,0.9060638964407408,0.9949598499265347,0.7982830105819394,0.8583643276739834,0.8508370394456146,0.9152582079543838,0.7794785534062241,0.8082139122527083,0.918079042897614,0.9814510646731802,0.924700455987552,0.9402138391832939,0.9886017307440313,0.7391781092553418,0.918079042897614,0.948590288048462,0.9152582079543841,0.8626810837446108,0.9479215598710831,0.906063896440741,0.9552149242717523,0.8286663550812652,0.9021362778138216,0.9182202275367892,0.6211115126793227,0.974801654315965,0.8439498234737364,0.873280424252801,0.9745100637941106,0.9336347991328913,0.9801777989919911,0.9516111821826461,0.8372350321903721,0.9239759423528264,0.9125111785873636,0.7929756481234906,0.8812946455970232,0.0,0.8686490640266937,0.9371382816751241,0.6681244743481922,0.9500854106526052,0.9371382816751241,0.9859143456282599,0.9248202875667844,0.8508127890003334,0.9152582079543843,0.9336347991328913,0.9693820495180774,0.9945519661064195,0.7054448215410976,0.9816273853023441,0.9125111785873636,0.9132389320257919,0.8468826290818734,0.9180790428976138,0.8175686145728709,0.9479215598710828,0.7429928229128819,0.704981527436946,0.9152582079543841,0.6633989785020463,0.9992249226337293,0.8699084854586623,0.9336347991328913,0.8440113363412965,0.8902183677316946,0.7148611421913214,0.9152582079543841,0.8223190282104389,0.7675304094352662,0.8902183677316946,0.8244571638372351,0.8626810837446108,0.8372350321903721,0.9239759423528264,0.8541983581991324,0.9777906175295894,0.8800952220273486,0.8859915107459562,0.6215877062675024,0.8117850138461484,0.8373091029803343,0.9966447233584261,0.9580166426603276,0.973986944007638,0.921897502134333,0.8861654055842387,0.8376723506997308,0.7573795620707318,0.956466487927786,0.9125111785873636,0.8536151756127615,0.9439635639657454,0.8355806800120917,0.8474973667559511,0.8264597308893937,0.9152582079543841,0.7941696200496451,0.9995000847635969,0.5924735674580732,0.9152582079543841,0.8106195220413985,0.9431379203344701,0.9302869180633686,0.9272324378358678,0.9125111785873636,0.9015913991504713,0.9516111821826463,0.7342796056720209,0.9771275048833286,0.8902200183610214,0.9966447233584261,0.7895387513566533,0.9152582079543841,0.9735629864071067,0.9152582079543841,0.9302869180633688,0.6833205034646488,0.85219375192108,0.9371382816751241,0.9988749295050934,0.7934993295128959,0.89261085697357,0.9601753961566368,0.9152582079543841,0.9690520383983674,0.7767532898798128,0.8110040907215311,0.8496288531646413,0.8586206896551727,0.7455404899764402,0.8748756693307256,0.9331959995055013,0.8887315011070402,0.868585283544409,0.7711917747550667,0.8887315011070402,0.950354396566305,0.4622688605443829,0.9450014663851258,0.8887315011070402,0.9371382816751241,0.9495203073386865,0.9621698344437761,0.918805157356595,0.588915509144355,0.9029881796097647,0.9243062854435229,0.8984515905607441,0.9142977291841885,0.961938580597147,0.9117649022044421,0.8834832246395512,0.9540589546097202,0.9584859817309164,0.9096711093129266,0.8012373844378756,0.9391046989656819,0.8754494439871028,0.8797889105982799,0.8995866400771453,0.6624051378328459,0.9621698344437761,0.987885706373519,0.8608323269166083,0.9897154607603138,0.8791314954080305,0.8690511952611003,0.9332636707881303,0.9239759423528264,0.9270730230791457,0.9523569856479952,0.876992292556863,0.8045223478039802,0.891030590621342,0.8748756693307256,0.9652051212346219,0.5746695831946218,0.8727803597140285,0.9137080532218427,0.8046688139380915,0.7872819560589402,0.8452344879447858,0.8836238393968294,0.9476751814995497,0.9761356843815903,0.9052651084803364,0.9682610749736361,0.885698841863535,0.9350840409709823,0.8769922925568632,0.7736452528338297,0.9992910930337529,0.8382562997584615,0.6953434464265824,0.946153552283521,0.6720110611890684,0.9624798185213992,0.7497613087966357,0.8967531793197644,0.918079042897614,0.8334032066537784,0.8791314954080298,0.9665480300996037,0.9037073523919104,0.7926601557017625,0.7983944846397644,0.8879608031238044,0.9098310498422768,0.7967268466016135,0.9734299614209917,0.8347029424808232,0.9209817665727265,0.8057649851807005,0.9243062854435229,0.9761356843815903,0.8212788440155339,0.6764829532425591,0.918079042897614,0.9336347991328913,0.9415040533996415,0.9673847887170084,0.7202472461513683,0.9270730230791457
p294_SAYRGLTMWFQ,0.791700664508917,0.9488864344355386,0.8820316760174582,0.9307859145758749,0.8977592394954912,0.9415972144812141,0.8243765412336981,0.8284656430145794,0.8777890450020556,0.9383422423783936,0.9067878891240293,0.9493973299985364,0.9493973299985363,0.911432664794749,0.9120690869377645,0.9424588419142148,0.9137935530290915,0.893806497800568,0.9352318345617441,0.9383422423783938,0.8256631184828769,0.9426999693726408,0.9896821318786261,0.936152077182676,0.9023265168341346,0.8938064978005684,0.9555104155252474,0.9597960453343051,0.9950331250804818,0.9407220902655633,0.9161402696553054,0.9207659584476899,0.99286374200049,0.904634587963796,0.8977592394954912,0.9893688617336196,0.9828047536783365,0.911411969661257,0.9415972144812144,0.891748039632827,0.8701259118167615,0.7850356508061784,0.8794090632343585,0.980467614447698,0.8359052719939719,0.826260433417243,0.9265867198367661,0.8916193686628626,0.891748039632827,0.9936131799117732,0.9793236882044447,0.8719363685474455,0.9286775783839136,0.9488864344355383,0.7220550548121942,0.8897147017633298,0.88971470176333,0.92126914699118,0.888838945770785,0.9126071271140603,0.9636781614263852,0.9583951996415494,0.9286775783839132,0.9483338982121259,0.9322459088752486,0.9280391828491568,0.8708107817737573,0.9666636616332297,0.8179048048016326,0.9023570839226291,0.8779661016949154,0.891748039632827,0.9430021428738233,0.9272600996889396,0.92126914699118,0.8723160158709273,0.9426999693726408,0.984700032305712,0.9341280850179877,0.9415972144812141,0.984700032305712,0.9216516168774784,0.8857175249675575,0.9984197395506036,0.92126914699118,0.8723322747860858,0.7520073121137837,0.8932623949501519,0.8369203983133141,0.918716971021271,0.92126914699118,0.8820316760174582,0.8798287190821261,0.9456391307784637,0.8844278789819486,0.9770702763862134,0.9518233252581687,0.8985236081068257,0.781730300434024,0.8835418822141928,0.9750836918798634,0.9769855193139066,0.9212691469911802,0.940253130732792,0.9532102888873422,0.9352318345617441,0.8561308614012544,0.8067184995927065,0.83574123722222,0.9226285101446683,0.9856369766606268,0.9667967372944273,0.847314840754724,0.8596550700040875,0.9769855193139069,0.850312541522722,0.8918797754295276,0.9352318345617441,0.9415972144812141,0.9187338557301309,0.7886316849161601,0.8704054119278537,0.9397454091117985,0.9543028073850962,0.9667091798660511,0.970173836687551,0.9828047536783365,0.6934916769760637,0.9054354303384727,0.6305977403623335,0.9705541332155897,0.9748006002614296,0.9707211351216225,0.581086192760313,0.9555104155252476,0.8434180894221219,0.7915091636093982,0.9293685115305117,0.9293685115305117,0.9162269502513478,0.9324745450850016,0.9383422423783936,0.9918968491611655,0.8688692599838166,0.9713840977307753,0.9686938578007996,0.9407957745025354,0.9616984476123196,0.6963968008093093,0.8492427809993879,0.9482759922174302,0.9363542328630519,0.969183268602811,0.9569379961407962,0.9707211351216225,0.891748039632827,0.9640747229106816,0.9874049408179509,0.9714202433229047,0.8704054119278539,0.9258827190449477,0.928771638889243,0.9340740308913413,0.8172174645209593,0.8663694048251629,0.8704839044326607,0.8456295913819036,0.9995274441909643,0.9842266375606263,0.8654099307954197,0.9114326647947493,0.9187169710212713,0.8897147017633302,0.8524704048911012,0.922233798480828,0.9109212244775017,0.9893688617336196,0.975688364908082,0.9376641311574454,0.9689180701491513,0.9203838126931747,0.9005950890223497,0.9074828887014601,0.5977021327180259,0.7649977334667712,0.9647451324244216,0.9951890442592237,0.8085378521342246,0.8918797754295278,0.926417416863658,0.9590184309099956,0.9340629266057604,0.99626223074917,0.9659694230793943,0.9270261243202822,0.92126914699118,0.8894994006870154,0.9162269502513476,0.7865710847021232,0.8877597527973096,0.8571606472033044,0.5537402330579619,0.92126914699118,0.885475463353466,0.7811228524139265,0.9383422423783936,0.92126914699118,0.9852819875557501,0.8981051343567512,0.8964665294404832,0.8856161665871355,0.9068373482678184,0.9187169710212715,0.92126914699118,0.838357522105311,0.92126914699118,0.936718684535814,0.8732312224892784,0.8266217574751642,0.92126914699118,0.9587645186677308,0.92126914699118,0.873903571993053,0.9509612716234603,0.9300253317004235,0.8535943031590454,0.9265867198367659,0.772361964189368,0.9162269502513478,0.9368723982681522,0.9809768509989653,0.963678161426385,0.9519369320980849,0.9046345879637958,0.9293685115305119,0.9744032270105809,0.8233088447894499,0.9825178958984895,0.840668227019892,0.9570172750168655,0.9864733453469228,0.9193389969862841,0.942458841914215,0.9553986077727086,0.92126914699118,0.8308183474047367,0.92126914699118,0.9407785710358854,0.898105134356751,0.9207659584476898,0.712621369744101,0.8111812273801557,0.8894994006870155,0.9542878621294864,0.977164301389462,0.9340663031496945,0.984700032305712,0.8456295913819034,0.8805577584645796,0.8688692599838164,0.8914403858004343,0.7642643979014054,0.918716971021271,0.9322459088752486,0.8557274343374224,0.9415972144812144,0.953822235956165,0.953822235956165,0.997750746719945,0.9119212549882194,0.9203548220411666,0.7709004284258918,0.7317698100131349,0.7481680023674344,0.9364935618797234,0.9352318345617441,0.9024790505521311,0.8668270665506417,0.9701426189491364,0.9003917176447784,0.9352318345617441,0.9339835311851329,0.991578851186394,0.9841593444361112,0.8941243607371745,0.9745452330464994,0.9265867198367659,0.9046345879637958,0.8080309016096121,0.9162269502513478,0.9265867198367661,0.7841299976152519,0.8635272963153184,0.9352318345617441,0.9416465612001081,0.9882776324664455,0.8704054119278537,0.805757875324769,0.9893688617336196,0.9212691469911802,0.9260693029293159,0.9162269502513476,0.9293685115305119,0.8172174645209597,0.9246984929024363,0.9769855193139065,0.9260693029293157,0.6531846774252354,0.7928632254248198,0.9439806770970423,0.820943820044847,0.9347568315157431,0.9117569132767778,0.8877597527973096,0.8481141104004133,0.9383422423783936,0.8509107552317439,0.9383422423783936,0.9046345879637958,0.8073341623426769,0.9438111783893177,0.8805577584645797,0.92126914699118,0.9293685115305113,0.9825178958984895,0.893806497800568,0.9352318345617441,0.9322459088752486,0.9493973299985368,0.92126914699118,0.8731601294998835,0.4692608665476258,0.9987382114239769,0.9180566004731305,0.9459620862429872,0.9340740308913413,0.6210348984040934,0.9335236437934699,0.8758768939299595,0.9023265168341348,0.911411969661257,0.8153442615573092,0.9748006002614298,0.8518479471645852,0.7871555001524746,0.9488864344355381,0.9403814723692818,0.998738211423977,0.7806618111375675,0.9046345879637958,0.7229876143303902,0.9137935530290915,0.918716971021271,0.7168549905838041,0.8944232219233075,0.9651666581900594,0.8253667013153836,0.7786695462493454,0.92126914699118,0.9647451324244214,0.6761931841262468,0.906868351177019,0.7664880923437803,0.9950331250804818,0.9486019250189791,0.92126914699118,0.92126914699118,0.5934330109198431,0.8265497675245124,0.8248081909774483,0.92126914699118,0.9950331250804818,0.9212691469911802,0.911432664794749,0.8406682270198922,0.820031733107262,0.9430021428738233,0.9137673927286702,0.9046536713705715,0.8007685346741857,0.7814113812383039,0.92126914699118,0.9098966651922933,0.9597960453343051,0.802751563627976,0.8373165631303475,0.9903434930267266,0.9322295176724049,0.9265867198367659,0.8479702366807333,0.92126914699118,0.9005290142809326,0.9635486589672584,0.8679865147201618,0.980851465613355,0.7028886947043731,0.8393846987630449,0.911411969661257,0.92126914699118,0.7781383271782756,0.9498890045104489,0.92126914699118,0.6707131122113834,0.8964098017730235,0.8997547317801262,0.7928632254248198,0.8367907480031863,0.92126914699118,0.7938600286240705,0.8194927724869057,0.8081869133204372,0.9128505996786329,0.9498303250956766,0.9663639282442746,0.9134898893813284,0.8900331089872158,0.9769855193139069,0.5623442001816578,0.8723160158709273,0.9368723982681522,0.9738762021193661,0.9224229920755808,0.8894431789674795,0.9368723982681519,0.9707211351216223,0.9635486589672584,0.92126914699118,0.9023570839226293,0.87393076944287,0.9075356076663186,0.8984317529217639,0.9210111257875064,0.998190088431356,0.9221167449789106,0.9828047536783366,0.9590184309099961,0.9457439607148705,0.9212691469911802,0.8918797754295276,0.9522926807044119,0.8509107552317436,0.7940830295788784,0.9912440419381683,0.6081306960049029,0.931688222963261,0.9735951331947632,0.878161111235765,0.9428152611847682,0.9383422423783938,0.9632746592319155,0.9895667589681865,0.9438711222834661,0.8958917053231716,0.9809768509989655,0.9641496021881465,0.9769855193139068,0.9046345879637958,0.9473887865940549,0.9938660034494666,0.8980054428335464,0.8691808001986908,0.6646953233767169,0.9809187311351044,0.8751866702900588,0.8673087956272624,0.9610321421577166,0.9610558594824402,0.8305019834537997,0.9047839294617706,0.9307859145758749,0.8495144407618886,0.9529593969520149,0.7768072248502946,0.7815635381492405,0.9603518112823672,0.6331029124151187,0.9546145139929632,0.8913462519349618,0.9748006002614296,0.8642160879780119,0.9638280395080976,0.9626271830036193,0.6606261698110526,0.9893688617336196,0.9054951352860652,0.9069027048316118,0.9841593444361116,0.9508918137640505,0.9972272780214035,0.9137935530290915,0.8708107817737573,0.9352318345617441,0.9485295003952046,0.8499130167531919,0.8650172641296272,0.9187169710212715,0.9187169710212715,0.8342032277354668,0.8682864714911951,0.9555104155252476,0.8914403858004348,0.92126914699118,0.9322459088752486,0.92126914699118,0.92126914699118,0.823932134295994,0.9001496633415416,0.9046345879637958,0.92126914699118,0.980140605146572,0.9650065546220122,0.9570172750168653,0.9526826307995381,0.9098966651922931,0.8756774769500457,0.9878195061463844,0.8758528920717616,0.837059613353788,0.9114119696612573,0.8964665294404832,0.9322459088752486,0.9626271830036193,0.9170839302843294,0.9905676251907973,0.8837510389154053,0.9928637420004902,0.9981900884313566,0.8410007222261808,0.9841593444361114,0.8389825607049834,0.9769855193139069,0.8457599214352891,0.7901689019279807,0.8559406827774342,0.989682131878626,0.9328791309286881,0.9776934688917389,0.9910020899897185,0.8427911921721819,0.9992556911182977,0.8805577584645794,0.942699969372641,0.9238898933303423,0.8668270665506421,0.6853634497340184,0.8957405071726412,0.9293685115305121,0.9070671857710777,0.9137935530290917,0.9879776119112189,0.828969093058276,0.9493973299985367,0.9192008485967155,0.9185538958319137,0.8794090632343589,0.8168065826302535,0.9912440419381683,0.8574845983614183,0.8912231933031529,0.942699969372641,0.9663639282442746,0.9356502766322077,0.92126914699118,0.9707211351216223,0.9300253317004232,0.44533020571216897,0.8500945798064174,0.7520073121137836,0.8270241657967645,0.9513902666962699,0.7382746479653424,0.952959396952015,0.8322525541058988,0.9383422423783936,0.8553833916599138,0.7036513949675578,0.8750561813285598,0.9590184309099961,0.9928637420004902,0.804189120537167,0.954614513992963,0.9340740308913413,0.7769374470796,0.9312014478260096,0.7064381195232352,0.730361267631576,0.9431669964914421,0.8775071590033874,0.8283605920341546,0.9161402696553049,0.9383422423783936,0.9854168063328744,0.7961940476956944,0.8732312224892784,0.7774858454913722,0.8589835497410321,0.9187169710212713,0.8204516709946494,0.8359445478480174,0.9415972144812141,0.954544353591519,0.8805577584645793,0.9024305775252635,0.9806625273979319,0.997750746719945,0.7820769039323161,0.9161402696553049,0.9105790217775468,0.8729335939423255,0.9457439607148708,0.6416640323780896,0.9293685115305117,0.9390736373291679,0.92126914699118,0.608330482292966,0.7914044902430846,0.956265463519717,0.9376641311574454,0.92126914699118,0.9432853104373118,0.8479752148594788,0.9910020899897183,0.911432664794749,0.9046673347723675,0.8571606472033044,0.996020672910701,0.9820346899090343,0.8877049890176527,0.81773041006695,0.93709718498945,0.9295027681662049,0.9322459088752486,0.9291853939851253,0.8897147017633298,0.8805577584645793,0.9275612046868082,0.9987382114239766,0.9876233993272145,0.9162269502513476,0.879409063234359,0.9090779869018049,0.9235151033525315,0.9212691469911802,0.9823463528897176,0.8923930816956336,0.9564941110945049,0.6715447226038306,0.9428152611847687,0.9512582220676169,0.8955105984498661,0.918716971021271,0.8208556050998246,0.9972272780214038,0.918716971021271,0.918716971021271,0.7300892147287756,0.92126914699118,0.7524715470016594,0.7856116713589298,0.92126914699118,0.8980054428335462,0.880065090757336,0.9023570839226295,0.9769855193139069,0.7562734777595748,0.5629306652173904,0.9626788706813352,0.8009470773284955,0.9091119442485787,0.9368723982681522,0.8344508715006544,0.92126914699118,0.9112473948227646,0.9265867198367659,0.8980054428335464,0.7939345763945297,0.9134898893813279,0.9352318345617441,0.8428467241913546,0.9854168063328744,0.954614513992963,0.9854168063328744,0.9882450462521555,0.9840705843230203,0.9714689265536722,0.9485295003952046,0.8937397588314333,0.9067878891240293,0.9023570839226293,0.9260693029293159,0.9769855193139068,0.9939221949550296,0.8111745943363058,0.92126914699118,0.9665120503695124,0.9592904080803091,0.9950331250804818,0.8098854336796606,0.9610558594824402,0.9067878891240293,0.9880871588414151,0.998190088431356,0.9875342651237287,0.7121696352149092,0.92126914699118,0.92126914699118,0.6958689555551372,0.8775071590033876,0.9025191430284434,0.967333471530508,0.9486019250189789,0.9512056558737452,0.8751866702900588,0.8022027466670684,0.8958917053231714,0.9937362830999764,0.92126914699118,0.6552607297511992,0.9707211351216223,0.9415972144812144,0.7382746479653424,0.9352318345617441,0.9583951996415495,0.92126914699118,0.92126914699118,0.7487578207595837,0.9882450462521555,0.7553666007071833,0.9045383795584439,0.8427141282192507,0.8440565830183067,0.8125397800536625,0.9995274441909644,0.9515195636270364,0.8738760358948383,0.92126914699118,0.8686490640266937,0.8660123952566233,0.9361520771826759,0.9023570839226296,0.8620283348639565,0.8450277971876994,0.889744215041613,0.8723322747860858,0.8894994006870159,0.9975214859483035,0.92126914699118,0.8670176301235659,0.992725485742797,0.9222645694136715,0.9614464581404114,0.9016297675890921,0.414178405024725,0.8797399513228694,0.8159554636218433,0.8601003488813,0.7962810595181655,0.9391851462534428,0.5021703720247233,0.8915851095153421,0.8361170621982493,0.893806497800568,0.8752625520195306,0.8708107817737569,0.9187169710212713,0.8076603831075231,0.88971470176333,0.8686490640266937,0.0,0.8197444891395499,0.927561204686808,0.8197444891395498,0.640750766855122,0.849186641115079,0.9684599111378718,0.864507834846099,0.9665120503695124,0.9383422423783936,0.9426999693726408,0.9428152611847685,0.8412881137972854,0.9114119696612575,0.9626788706813354,0.40047686486343426,0.8860040861751493,0.9238898933303423,0.9904979927496438,0.9169796060396695,0.9659470576994915,0.9759512959616667,0.92126914699118,0.8571606472033044,0.9665120503695124,0.8978494944939324,0.9383422423783936,0.8913931987630618,0.9701426189491364,0.8408771290748922,0.92126914699118,0.8714647042407491,0.8756774769500457,0.9937887929930685,0.8103444200110619,0.9071792765004817,0.8752625520195307,0.9793236882044447,0.9363976361350711,0.969399923574869,0.9280862086506465,0.7913168658345082,0.9368723982681522,0.8603753313656439,0.9415972144812141,0.989682131878626,0.9430021428738233,0.9200068102172301,0.9366456438847296,0.8191407323783988,0.9825178958984895,0.785245080137841,0.9665120503695124,0.918716971021271,0.7905266890589081,0.8500945798064172,0.8900331089872155,0.8221597777894325,0.8379305142008874,0.92126914699118,0.8611125414966156,0.8319221045413108,0.9429889489206242,0.92126914699118,0.9574020178203884,0.9256844856602766,0.9352318345617441,0.9368723982681522,0.918716971021271,0.9495430042623942,0.7574826963659793,0.8663694048251629,0.9750836918798633,0.9968923552496207,0.9735951331947632,0.8680443639728366,0.92126914699118,0.8125397800536623,0.92126914699118,0.9564941110945047,0.9446848032303601,0.9642753691746068,0.9415972144812144,0.9185538958319137,0.9542304488965457,0.9847730639523855,0.9429889489206242,0.92126914699118,0.8953346219025677,0.759326913479033,0.9370971849894498,0.9161402696553049,0.8981051343567514,0.8708107817737573,0.8837510389154055,0.9583804549451923,0.9508918137640506,0.9157681900329814,0.7599581307713728,0.9508918137640506,0.9623421987017502,0.9293685115305119,0.8704054119278537,0.9508918137640506,0.9415972144812144,0.9286775783839132,0.8428467241913548,0.8944232219233075,0.9187169710212715,0.894454378782124,0.9701426189491364,0.8571606472033042,0.9275612046868082,0.8060684572455714,0.8668270665506417,0.994711829522293,0.7735497313582811,0.9428152611847687,0.9843882253751257,0.8798763806688741,0.8474698212409613,0.90408761890497,0.8509571157358126,0.8578882454691334,0.9260693029293159,0.9361520771826761,0.9265867198367661,0.9673035413456776,0.9111927694034707,0.8877049890176525,0.9210111257875069,0.9245461344058437,0.9293685115305117,0.9841593444361114,0.9451871672732605,0.9185538958319137,0.9257958059254687,0.9169796060396695,0.9809187311351042,0.9837366552409776,0.977164301389462,0.9137673927286698,0.9665120503695122,0.8651947238694774,0.8804579639804215,0.980467614447698,0.9508082053960285,0.9559999521087654,0.963927220003026,0.9736066796003946,0.9626700166348658,0.9286775783839136,0.9972272780214035,0.950100620710661,0.9483338982121259,0.9731328592998563,0.9000057299607616,0.9067878891240293,0.9302383075948588,0.9626788706813354,0.9379010044661704,0.9563525010064373,0.9265867198367659,0.9705425698260028,0.8964665294404834,0.8877049890176516,0.9287716388892431,0.9458892596972854,0.9194654301067335,0.8293199682043964,0.9590184309099958,0.9590184309099958,0.9155944114641175,0.9216516168774784,0.8758528920717612,0.9265867198367661,0.9111648384628757,0.9937887929930684,0.9322459088752486,0.9090387186801403,0.8204881667918067,0.9705425698260028,0.9383422423783936,0.8944232219233077,0.9352318345617441,0.9972386219494087,0.9841593444361112
p295_G,0.9656152610259838,0.9564866901437921,0.9197374370356892,0.8158540812532471,0.7778515786059426,0.9720496894409938,0.9352032913830401,0.9645797494173389,0.9286491105644255,0.9704919301607369,0.9553906988562064,0.7864297230821702,0.7864297230821703,0.9425114327004687,0.8495206012251388,0.9149900225490741,0.9587434581480645,0.9491780856091545,0.9690033562225546,0.9704919301607371,0.9630587443532561,0.9543141322095121,0.9071885561788839,0.9471168020443,0.953255582527178,0.9491780856091547,0.9587434581480645,0.9480026438367747,0.9704919301607371,0.9809188865074903,0.9443657603723179,0.9381728330554157,0.9576036838348734,0.9397924012017989,0.8644606804686434,0.9690033562225546,0.9635753483468394,0.9576036838348734,0.9720496894409938,0.9481929520311925,0.9253688519211309,0.7783550557157382,0.9720496894409938,0.8988436939017764,0.9587434581480645,0.8868389261885845,0.9648659912110238,0.8727206163368169,0.9481929520311925,0.8898187755722906,0.9661972965770262,0.8884227473641773,0.9491780856091547,0.891101610783141,0.8085099719875108,0.9472198404849024,0.9472198404849024,0.9623211158059548,0.9686762654666127,0.9599080294518356,0.965076280697496,0.9521664397849137,0.9491780856091547,0.9253688519211309,0.9675743567407267,0.9769635650859829,0.9381728330554158,0.9431095860977792,0.9849562970888833,0.9690033562225546,0.9415972144812141,0.9481929520311925,0.9510697823313444,0.8210345383897547,0.9623211158059548,0.9157773781681393,0.9543141322095121,0.9553906988562064,0.901524498517816,0.9720496894409938,0.9553906988562064,0.9511876099263499,0.9453068780840739,0.8505593707793002,0.9623211158059548,0.9389009867184677,0.9543141322095121,0.9676837770879048,0.7893512764751797,0.9610996995613952,0.9623211158059548,0.9197374370356892,0.9704110250992254,0.9852042065592538,0.9453068780840739,0.9261840328635953,0.9181483053976589,0.9165661374366314,0.7907939939476726,0.9062284136028745,0.9472198404849024,0.9648659912110236,0.962321115805955,0.9771002609923765,0.9040598105946912,0.9690033562225546,0.931147340525424,0.814096311765173,0.9034814342922289,0.8568976243014228,0.9079504174811017,0.9501760208500687,0.8047252975792781,0.932833950574053,0.9648659912110238,0.8261162570094343,0.9564866901437921,0.9690033562225546,0.9720496894409938,0.7757319038492514,0.9906522225387782,0.9149900225490741,0.9532555825271782,0.9443657603723179,0.9491780856091547,0.8459404597981651,0.9635753483468394,0.9781287431575729,0.9610996995613952,0.8936972568164698,0.9642124801236271,0.9648659912110236,0.9661972965770262,0.5710835058661141,0.9587434581480645,0.8852493927538767,0.8667814570018796,0.9661972965770262,0.9661972965770262,0.9599080294518358,0.8550872530468149,0.9704919301607369,0.9386466808822661,0.9048375041252172,0.9630587443532561,0.9336842693103171,0.9357331550008063,0.9590404484306646,0.7232987552930363,0.8440565830183069,0.9704919301607371,0.8081565826550232,0.9431095860977792,0.9118525638325781,0.9661972965770262,0.9861053894336533,0.9221363294762475,0.93626631307224,0.9418156954162737,0.9149900225490741,0.8568667102675338,0.9648659912110236,0.9511876099263499,0.8094833764446483,0.9237472579920247,0.9380163966266188,0.9365230764056,0.9253688519211309,0.9918340130472749,0.8360533776976246,0.9425114327004687,0.9610996995613952,0.9472198404849024,0.9985670127730844,0.9729552798479701,0.9538832559337087,0.9690033562225546,0.8377596797048432,0.9414034319999551,0.9455276575216821,0.9345395918631996,0.9891221256504424,0.9472198404849024,0.9610996995613952,0.8954927753294004,0.8915752582995888,0.7757319038492514,0.9776569049810195,0.956486690143792,0.9434341193662403,0.9599080294518358,0.9169904684997892,0.868089278539445,0.8580082307136387,0.860463148669181,0.9623211158059548,0.6791932532177183,0.876259350159987,0.9229944540367139,0.9560373517862557,0.9850406692683006,0.9610996995613952,0.9623211158059548,0.9025045192170253,0.8580082307136387,0.9704919301607371,0.9623211158059548,0.9929562774279699,0.9500854106526051,0.9917593122917417,0.9760563522715157,0.9294779121965993,0.9610996995613952,0.9623211158059548,0.9431095860977792,0.9623211158059548,0.9130801394464838,0.9589610879075026,0.8780124908814333,0.9623211158059548,0.9386599233384809,0.9623211158059548,0.8722678885791346,0.9311473405254242,0.9380163966266188,0.9079504174811017,0.9648659912110236,0.835323176864249,0.9599080294518356,0.9522137875062904,0.9543141322095121,0.9303105872741888,0.9950448685899995,0.9397924012017989,0.9661972965770262,0.9253688519211309,0.8917796293119393,0.9278239868212363,0.9237472579920247,0.9371382816751241,0.9371382816751241,0.7218199254077098,0.9149900225490741,0.9581756603540755,0.9623211158059548,0.8679857536730307,0.9623211158059548,0.8586309929616847,0.9371382816751241,0.9661972965770262,0.9462580354121288,0.8353231768642488,0.6791932532177183,0.9920754410433736,0.953255582527178,0.9205349146293753,0.9553906988562064,0.8949174096536271,0.6659480751651301,0.9048375041252172,0.9048375041252172,0.7581058089268597,0.9610996995613952,0.9675743567407267,0.8730956945148611,0.9720496894409938,0.9681858530496635,0.9681858530496635,0.9501760208500689,0.9470898955447689,0.9071717080147697,0.9661972965770262,0.7512620045838886,0.8140963117651732,0.9788962217113013,0.9690033562225546,0.9340423903539131,0.9362663130722397,0.9511876099263499,0.9210339929466169,0.9690033562225546,0.970911469867437,0.7972905325104862,0.9675743567407267,0.9245566463845685,0.9425114327004684,0.9648659912110236,0.9397924012017989,0.8047252975792782,0.9599080294518356,0.9648659912110238,0.9648659912110236,0.8505681838601358,0.9690033562225546,0.9625008594418482,0.9331723329592956,0.9149900225490741,0.8772530964941357,0.9690033562225546,0.962321115805955,0.9481929520311925,0.9599080294518358,0.9661972965770262,0.8094833764446483,0.7781606149641472,0.9648659912110236,0.9481929520311925,0.8910121640684715,0.8629791856785536,0.7986640885565222,0.8114145120640961,0.9982208564121748,0.9577687663920409,0.9950497822386668,0.9056153321941814,0.9704919301607371,0.9801025842096873,0.9704919301607371,0.9980634982842684,0.6681446414719284,0.932833950574053,0.9648659912110236,0.9623211158059548,0.966197296577026,0.9278239868212363,0.9491780856091547,0.9690033562225546,0.9675743567407267,0.9610996995613952,0.9623211158059548,0.953255582527178,0.9690033562225546,0.9720496894409938,0.9336842693103169,0.8689304945061072,0.9511876099263499,0.9661972965770262,0.812754374960197,0.8730956945148614,0.9532555825271782,0.9576036838348734,0.8820512005878685,0.9648659912110238,0.9397924012017989,0.93589375114032,0.9564866901437918,0.957918165957411,0.9720496894409938,0.8392586329331395,0.9397924012017989,0.8302717405717411,0.9587434581480645,0.9610996995613952,0.9415972144812141,0.9149900225490741,0.8047252975792782,0.8035117733343915,0.8655480930335333,0.9623211158059548,0.9049746878294581,0.830628661188231,0.9406910117203195,0.9965185747417931,0.9209839463193068,0.8360533776976246,0.9623211158059548,0.9623211158059548,0.8547020723633447,0.7626300475640041,0.8954927753294004,0.9623211158059548,0.9704919301607371,0.962321115805955,0.9425114327004686,0.9237472579920247,0.8207663324301318,0.962321115805955,0.9434341193662401,0.9543141322095121,0.8755644359298402,0.8577507109035437,0.9623211158059548,0.9118525638325778,0.9380163966266188,0.8312943488564517,0.9778835113918657,0.9434341193662403,0.9252929244596275,0.9648659912110236,0.8152281195719792,0.9623211158059548,0.8496516619740198,0.9491780856091547,0.8954927753294004,0.9328746128634281,0.9635753483468394,0.8747439046690526,0.9576036838348734,0.9623211158059548,0.8327425778329427,0.8071231748299155,0.9623211158059548,0.7506295000818891,0.9970688419235265,0.8828532941996559,0.8629791856785536,0.8094833764446482,0.9623211158059548,0.9106359140503812,0.9750176878081551,0.9675743567407264,0.8900013566415688,0.8629791856785536,0.983902503224694,0.9852078760340832,0.9229405345355657,0.9648659912110238,0.7781606149641475,0.9620090329381987,0.9522137875062904,0.9874977150959767,0.8757177841705948,0.9040598105946911,0.9774873843362968,0.9661972965770262,0.9491780856091547,0.9623211158059548,0.9690033562225546,0.927002353944838,0.9746481962695817,0.9700351664034114,0.9462580354121288,0.9599080294518358,0.8879543751997392,0.9635753483468394,0.9599080294518358,0.9553906988562064,0.962321115805955,0.9564866901437921,0.9559530196558287,0.9286491105644255,0.9273614004407343,0.9542973744591623,0.9209839463193069,0.8148957612466075,0.9522137875062904,0.9229704345050096,0.9543141322095121,0.9704919301607371,0.998869713560209,0.9950068763949222,0.8898187755722904,0.9501760208500687,0.9543141322095121,0.9278239868212363,0.9648659912110238,0.9397924012017989,0.8251068045020444,0.9528969934766462,0.9511876099263499,0.9752737206364959,0.9553906988562064,0.9443657603723179,0.8812473067855706,0.9086318030400212,0.9294779121965993,0.9587434581480645,0.8999600766760718,0.9189419416378728,0.755445459741676,0.9797658041147691,0.9522137875062904,0.8646949616010216,0.9553906988562064,0.890001356641569,0.9511876099263499,0.9371382816751241,0.846875198060719,0.9648659912110236,0.9250632826893765,0.9791112505823618,0.9389009867184677,0.8750116732174094,0.9690033562225546,0.8981372237870209,0.9374297224202954,0.9330470514183522,0.9380163966266188,0.9587434581480645,0.9587434581480645,0.9381728330554158,0.9690033562225546,0.9443657603723179,0.8706045549316792,0.9354001807590553,0.9610996995613954,0.9610996995613952,0.9397819996804955,0.9105871713767659,0.9587434581480645,0.9048375041252174,0.9623211158059548,0.9675743567407267,0.9623211158059548,0.9623211158059548,0.7921166669210784,0.9522137875062904,0.9397924012017989,0.9623211158059548,0.9529908213310596,0.9244900783551335,0.9371382816751241,0.9469265748682146,0.9118525638325781,0.8559789162214915,0.8655369948545273,0.9788715516976694,0.9220202535048391,0.9576036838348734,0.9620090329381987,0.9675743567407267,0.9965185747417931,0.9839476580038088,0.8612368600037135,0.9443657603723179,0.964434201439255,0.8762593501599869,0.98898903733473,0.9675743567407267,0.9229405345355657,0.9648659912110238,0.9732682917366106,0.9543141322095121,0.9501760208500687,0.9522137875062904,0.8315078880953242,0.9434341193662403,0.9127697146833386,0.9774873843362967,0.8824506538600928,0.9648659912110236,0.9543141322095121,0.9635753483468394,0.9920754410433736,0.7775597907918527,0.8812473067855706,0.9661972965770262,0.9349923761154104,0.9587434581480647,0.9849562970888832,0.9181483053976591,0.9610996995613954,0.8312943488564517,0.9453068780840739,0.9720496894409938,0.8559789162214915,0.9143829442374807,0.9278239868212361,0.9958081513845455,0.9543141322095121,0.9105871713767661,0.9063461721760436,0.9623211158059548,0.9661972965770262,0.9480026438367749,0.9623211158059548,0.8970542565865081,0.7534728776716182,0.9599080294518358,0.9453068780840739,0.8747439046690526,0.9522137875062904,0.8071231748299156,0.9704919301607371,0.846875198060719,0.7463127621822652,0.8872557375102778,0.9599080294518358,0.9644342014392548,0.9444890139785416,0.9371382816751241,0.9511876099263499,0.9859646442922713,0.9993232168604812,0.8595076304199194,0.8081122173494262,0.9397924012017989,0.7768546873095726,0.8970542565865081,0.9443657603723179,0.9704919301607371,0.953255582527178,0.9635753483468394,0.8804415508981576,0.7148430590437305,0.9205349146293753,0.9610996995613952,0.8487307132759605,0.8820512005878685,0.9720496894409938,0.8667814570018795,0.9648659912110236,0.9389009867184677,0.9380163966266188,0.9501760208500687,0.9776569049810195,0.9443657603723179,0.6885869595213394,0.8772548611812421,0.9700351664034111,0.7864297230821703,0.9661972965770262,0.9720496894409938,0.9623211158059548,0.8853943075507924,0.9001706985868916,0.9551288496473618,0.9406910117203195,0.9623211158059548,0.8591342534834445,0.8697688980991498,0.9127697146833386,0.9425114327004687,0.9286491105644255,0.9197374370356892,0.9568784918748876,0.861198769359075,0.946258035412129,0.9303105872741888,0.9090788265899082,0.9189419416378728,0.9675743567407267,0.9278239868212363,0.9472198404849024,0.9648659912110236,0.9371382816751241,0.9720496894409938,0.9462580354121288,0.9599080294518358,0.9720496894409938,0.9564866901437921,0.9472198404849024,0.962321115805955,0.882853294199656,0.91420396482916,0.9273614004407342,0.7778515786059427,0.9726326202607707,0.9859646442922712,0.9593609816658519,0.9610996995613952,0.9661972965770262,0.9587434581480645,0.9610996995613952,0.9610996995613952,0.9397924012017987,0.9623211158059548,0.9587434581480645,0.9311473405254242,0.9623211158059548,0.9511876099263499,0.9189419416378726,0.9690033562225546,0.9648659912110238,0.9675743567407267,0.9635753483468394,0.9610996995613952,0.998082343121321,0.9405104606214996,0.9774873843362968,0.9602071727235838,0.9623211158059548,0.931147340525424,0.9648659912110236,0.9511876099263499,0.9666483139263965,0.9319883865480125,0.9690033562225546,0.9635753483468394,0.9751129258825254,0.7809209491441992,0.9532555825271782,0.9623211158059548,0.9371382816751241,0.998738211423977,0.9936310971469994,0.9197013194028298,0.9553906988562064,0.9690033562225546,0.9481929520311925,0.9648659912110238,0.9105871713767659,0.8799873197458247,0.9623211158059548,0.9510697823313443,0.9126353343364844,0.9704919301607371,0.8796338709830263,0.9587434581480645,0.9553906988562064,0.9386466808822661,0.9599080294518358,0.9687075268123364,0.8250605217364748,0.9623211158059548,0.9623211158059548,0.9521154309854925,0.9521664397849137,0.9278239868212361,0.9686762654666128,0.7564255978266249,0.8629791856785536,0.8812473067855704,0.8118073077748238,0.9501760208500687,0.9497531817955674,0.9623211158059548,0.8727206163368166,0.9661972965770262,0.9720496894409938,0.8747439046690526,0.9690033562225546,0.9704110250992253,0.9623211158059548,0.9623211158059548,0.8333208615507242,0.962321115805955,0.8271651238611321,0.9543141322095121,0.8939283999593051,0.9253688519211309,0.9899835764925831,0.9752737206364959,0.9281306370804507,0.8892126720780515,0.9623211158059548,0.9371382816751241,0.7934274222916358,0.9635753483468394,0.9690033562225546,0.8992960027516226,0.9916992820910939,0.9336842693103169,0.9389009867184677,0.7685011028265791,0.8954927753294004,0.9623211158059548,0.9363575126785112,0.9965185747417931,0.9752737206364961,0.9056153321941813,0.9001706985868916,0.738689911710074,0.8630304339107282,0.8915752582995888,0.9330470514183521,0.9451910326286188,0.8934195026837807,0.9587434581480645,0.9704919301607371,0.815854081253247,0.9491780856091547,0.9497531817955674,0.7469130923202989,0.9610996995613952,0.995882341907524,0.9472198404849024,0.9371382816751241,0.8197444891395499,0.0,0.9371382816751241,0.9720496894409938,0.9720496894409938,0.9278239868212361,0.9406910117203195,0.9229405345355657,0.9623211158059548,0.9704919301607371,0.9543141322095121,0.8995793727310532,0.8755644359298402,0.9576036838348734,0.9547434413197934,0.6645527639707123,0.9213345015882415,0.9635753483468394,0.9768697337936629,0.9389009867184677,0.9397819996804955,0.960410649158228,0.9623211158059548,0.9197374370356892,0.962321115805955,0.8207663324301319,0.9704919301607369,0.9501760208500687,0.9511876099263499,0.8931449617140894,0.9623211158059548,0.8071231748299156,0.8559789162214915,0.9511876099263499,0.8059290360431441,0.9363575126785111,0.911953870828142,0.9661972965770262,0.826311779704169,0.9554950475041242,0.9561921683699729,0.8532920118076435,0.9522137875062904,0.8836536494976581,0.9720496894409938,0.9522137875062904,0.962321115805955,0.9245566463845685,0.9481929520311925,0.8447400695691347,0.9278239868212361,0.9349382457175783,0.9623211158059548,0.9610996995613952,0.9195138840882446,0.8970542565865081,0.9229405345355657,0.8312943488564517,0.847805253721567,0.9623211158059548,0.8218508298411391,0.8986133813304025,0.9425114327004687,0.9623211158059548,0.7646343017371667,0.9576036838348734,0.9690033562225546,0.9522137875062904,0.9610996995613952,0.9542973744591623,0.8505593707793002,0.9237472579920245,0.9472198404849024,0.9083531449937756,0.9774873843362968,0.8990495743347309,0.9623211158059548,0.9462580354121288,0.9623211158059548,0.9273614004407342,0.9681858530496634,0.902875019766344,0.9720496894409938,0.9453068780840739,0.9657002157235464,0.8630304339107281,0.9970799457879603,0.9623211158059548,0.9693012073574558,0.7894591591824192,0.8892126720780515,0.9443657603723179,0.9371382816751244,0.9661972965770262,0.9443657603723179,0.9434341193662401,0.9380163966266188,0.7440905811743816,0.847805253721567,0.9380163966266188,0.9425114327004687,0.9661972965770265,0.9149900225490741,0.9380163966266188,0.9720496894409938,0.9491780856091547,0.8578089524354395,0.9149900225490741,0.9610996995613954,0.8730040523026374,0.9511876099263499,0.9197374370356892,0.9371382816751241,0.9071885561788839,0.9920754410433736,0.9481929520311925,0.9547434413197933,0.9726326202607708,0.9508366667997828,0.9425114327004687,0.927002353944838,0.9681858530496635,0.9013134756119447,0.9319883865480127,0.9481929520311925,0.7685011028265789,0.9648659912110238,0.927002353944838,0.982227424432899,0.9462580354121288,0.9462580354121288,0.9764578705634923,0.9661972965770262,0.9675743567407267,0.9935489104071602,0.9289749041786238,0.9009488545209479,0.8882462492115563,0.9443657603723179,0.9719311446762611,0.9751129258825254,0.9434341193662401,0.9623211158059548,0.9257119151632621,0.9982572160672623,0.8435916521220534,0.9764578705634923,0.9688847748640843,0.9675743567407267,0.9397924012017989,0.995882341907524,0.9491780856091547,0.9587434581480645,0.9453068780840739,0.9253688519211309,0.9912539269909322,0.970758343282005,0.9553906988562064,0.9964003840614116,0.9610996995613952,0.9589084310161462,0.9826888816980899,0.9648659912110236,0.9635753483468394,0.9917593122917417,0.9462580354121286,0.9648659912110238,0.9763491073983369,0.850008560395165,0.9857386740650507,0.9599080294518358,0.9599080294518358,0.9531316142861923,0.9107192181558881,0.9788715516976696,0.9428375253830148,0.9781496244714993,0.9511876099263499,0.9675743567407267,0.9357331550008063,0.9501760208500687,0.9635753483468394,0.9704919301607369,0.9609676410723691,0.9690033562225546,0.9823029113907387,0.9675743567407267
p295_K,0.8972004884389704,0.9097516894125143,0.968967374178353,0.9899987985823229,0.9152582079543843,0.6681446414719283,0.9260846630182513,0.9162416562893698,0.839528097390559,0.9336347991328913,0.8996713357710031,0.9540589546097202,0.9125111785873636,0.562650165032388,0.9618440915686722,0.8315069861698934,0.9745100637941105,0.984567352342202,0.7627282022777631,0.7984764022449997,0.9041654272565287,0.933316065142574,0.9339429911190155,0.9621698344437761,0.9302334181929384,0.885698841863535,0.6591018812090861,0.8605956163602335,0.7984764022449997,0.6411996737091923,0.8748756693307256,0.9239759423528264,0.9046484553665961,0.8933580624819943,0.9152582079543843,0.9162206421071971,0.9180790428976138,0.6719674299867897,0.9371382816751241,0.7272782289082171,0.8814261386926308,0.9884602805599663,0.9935264355112594,0.9092668643382373,0.8956580181478544,0.8791339019230815,0.9209817665727262,0.8836238393968296,0.915919770177237,0.8194852749688191,0.9711878805915029,0.833844699050749,0.885698841863535,0.902136277813822,0.9029042197940337,0.8812946455970232,0.9132389320257919,0.9152582079543841,0.9357332802174619,0.9098310498422768,0.8432648458861449,0.8138501482580391,0.9186550120230905,0.8567883809445207,0.9761356843815903,0.8584380740481103,0.9711878805915029,0.9011477921215738,0.9987806429490373,0.9814510646731802,0.542229529372162,0.8834832246395512,0.956466487927786,0.7298343493129877,0.9152582079543841,0.9840022946786737,0.9693820495180774,0.8996713357710029,0.7807678564900742,0.7809209491441992,0.9898781502828838,0.8370782905736784,0.9057753460515611,0.8856988418635345,0.9152582079543841,0.596950686130989,0.9945519661064195,0.9334955908991813,0.8706881010282803,0.9125111785873636,0.9152582079543841,0.663398978502046,0.8612536930099466,0.7982103859933596,0.9700918760103956,0.8588039237011791,0.626771252557427,0.8123528553952006,0.793545926725616,0.7351681494695983,0.9909282086879025,0.7600543887391322,0.6143990102802396,0.7486989629017433,0.833387661086038,0.9302869180633686,0.6079096773605582,0.7725291918788673,0.9655974895223984,0.7526714876460534,0.6860862931793317,0.9549546039402188,0.993662662817113,0.938967283806055,0.9209817665727265,0.9321776639939661,0.7968844697483157,0.9814510646731802,0.9935264355112596,0.8242121596239336,0.9910997469105629,0.7826117810983158,0.6807617971830019,0.8802394617762672,0.9845673523422018,0.6839798080842041,0.9180790428976138,0.8207206382027006,0.7551066132337816,0.8073170731707322,0.8519892078171929,0.920981766572726,0.9239759423528264,0.9371382816751241,0.9466378905596333,0.747026819989439,0.9596340347280009,0.8399643664537926,0.9239759423528264,0.9098310498422768,0.8626807108381243,0.9336347991328913,0.8016875724452739,0.9580455968157447,0.6826779993674935,0.8508524342038155,0.8685852835444088,0.756044944295452,0.915919770177237,0.8542997256012259,0.9872125588573131,0.8432648458861443,0.7957013665465015,0.8239808321924893,0.981600181169821,0.9483563157149233,0.6958755781092759,0.8127085188301832,0.801985509263976,0.6918161969261296,0.672197028017921,0.9423194428466416,0.9924821208671799,0.744039764321804,0.9013730433645943,0.6329584581972489,0.8917125350168611,0.9799771696850708,0.9390586815258848,0.8991670282493116,0.9503543965663056,0.9125111785873636,0.881294645597023,0.6975617603276145,0.8164123539732424,0.8310963135850704,0.8138923488875741,0.9608499511796933,0.9248202875667844,0.8242321083445697,0.8500829794766066,0.9064722785841237,0.9909282086879028,0.995606730632077,0.8881807943883817,0.5809346460116478,0.7835370284359029,0.885840198681322,0.902136277813822,0.7345179816413969,0.9098310498422768,0.8903326882693017,0.8817747531313795,0.7595917698826178,0.8468536050146835,0.9152582079543841,0.9180790428976138,0.7261942854966694,0.9084437550924798,0.9375061100486648,0.8900010585864284,0.9540589546097202,0.9152582079543841,0.8439498234737366,0.7412056506199436,0.9872125588573131,0.9152582079543841,0.9710792333874196,0.8864592094196804,0.8562275189872222,0.822258567239115,0.8413921158471315,0.9125111785873636,0.9152582079543841,0.9371717591680666,0.9152582079543838,0.7232692214237668,0.9393936187138308,0.9469325627228882,0.9152582079543841,0.9850445392200939,0.9152582079543841,0.9831149113654745,0.9232815443360511,0.6048225734504422,0.8146814005692065,0.987885706373519,0.709991074408991,0.9098310498422768,0.8298245628351778,0.8972500807670709,0.9759709171393393,0.9295570754473412,0.9052651084803365,0.9711878805915029,0.8229207683300499,0.9253281229175288,0.9888837538471675,0.9985323369548302,0.8586206896551725,0.8864592094196801,0.9466378905596333,0.6237195087969898,0.9502726792490606,0.9152582079543841,0.8880761517488762,0.9152582079543841,0.611136689211369,0.3340622371740969,0.981600181169821,0.9735629864071067,0.7283348455480361,0.9621698344437761,0.8566595864113671,0.8948693468634783,0.6110438816379654,0.9364881737530406,0.8300910721353385,0.9209817665727262,0.6807340808374797,0.8073061973564932,0.7597346623343908,0.9540589546097205,0.8766763317110755,0.733168262317375,0.9371382816751241,0.7603459520179949,0.9330011899716573,0.8879432507007241,0.8267128986642145,0.6469483921389907,0.9711878805915029,0.80670280175686,0.7356390216250237,0.9047897316710583,0.9302869180633686,0.8098004043167835,0.9780244662094083,0.8902183677316944,0.7390417248479726,0.9302869180633686,0.8324970174271815,0.8019918139974096,0.9761356843815903,0.9984480847277286,0.9601753961566368,0.5777893346316225,0.8764969900463835,0.7337757556888058,0.9098310498422768,0.9209817665727262,0.8511869157928867,0.6900725548295981,0.7627282022777628,0.7008346989314123,0.7982103859933596,0.8088080901268468,0.6520417669014323,0.8138923488875742,0.9580166426603276,0.9807928612526089,0.6857526560898857,0.6511166134990874,0.7440397643218042,0.8792462116718203,0.9665480300996037,0.8834832246395516,0.8299096514248936,0.8966371768858228,0.8754516093417528,0.85219375192108,0.803717304278996,0.8864128690914903,0.7641641192059938,0.6553102408545555,0.9872125588573133,0.8649303928299308,0.7448986425205779,0.8933580624819939,0.8586206896551725,0.9654788704992254,0.9209817665727262,0.9152582079543841,0.9239759423528262,0.4314725340876593,0.9824764774982423,0.9302869180633686,0.974801654315965,0.995606730632077,0.9152582079543841,0.9655974895223982,0.9302869180633688,0.9500854106526051,0.9311253517298919,0.950755507587437,0.8370782905736782,0.9711878805915029,0.7411620366898104,0.9811871543289741,0.6100336545240821,0.9046484553665961,0.8369541237172906,0.9665480300996037,0.9221261809159471,0.9971279467424933,0.902136277813822,0.9043677125545329,0.9371382816751241,0.7374172027893953,0.8764969900463834,0.7213520202806054,0.9860639133827616,0.9540589546097205,0.6305977403623337,0.8961062613135484,0.696649054670476,0.7543995741097762,0.8704774818421364,0.9152582079543841,0.796323920639405,0.9763670444959536,0.9830296087723853,0.9382965016294352,0.9872125588573131,0.7615757470088254,0.9152582079543841,0.9152582079543841,0.915919770177237,0.9157349837086728,0.7249518768252255,0.9152582079543838,0.691320882796156,0.9580166426603276,0.6222969698837582,0.8285035731719175,0.8515223661959883,0.9137080532218428,0.7647258015371342,0.9584859817309163,0.9690520383983674,0.8553904692358365,0.9152582079543841,0.8239808321924889,0.8861814209185075,0.7557852090455943,0.7786312699297757,0.9029881796097647,0.540471269164345,0.9209817665727262,0.7150879744524046,0.9152582079543841,0.8401240204557741,0.9165641371791309,0.8057649851807005,0.978329692850444,0.918079042897614,0.9185883092567726,0.8259252898582854,0.9152582079543841,0.9561985765457737,0.9890838722435524,0.9152582079543841,0.9459727209115529,0.9185729911132726,0.7755589905589138,0.8592253732217522,0.7255413280751921,0.9152582079543841,0.8703601753544684,0.9978019274344513,0.9761356843815903,0.9677786049373615,0.9537156084578944,0.8711916800801189,0.8733124723819159,0.8838278386255649,0.9209817665727262,0.8547850709517297,0.8334032066537786,0.9272324378358678,0.7944379075374113,0.9093287789617369,0.9820936661953025,0.9272324378358678,0.9239759423528264,0.6858709460622414,0.9152582079543841,0.916220642107197,0.7140338530832591,0.7439284780771289,0.989878150282884,0.7746197042620229,0.9098310498422768,0.8561887583493224,0.9496485824638997,0.9098310498422768,0.9364881737530408,0.6571574449861832,0.9473740959672466,0.9082954429817363,0.9064489482157311,0.9814510646731802,0.7831200647944141,0.9336347991328913,0.9397586843685546,0.8992368483577364,0.8158856891841022,0.8142220442289034,0.9872125588573133,0.9984375547360829,0.9450032706006533,0.8044305457372654,0.9884602805599663,0.8972500807670709,0.8376723506997306,0.7600543887391323,0.8933580624819939,0.8968340415743798,0.8601436529773288,0.7689024551500212,0.9553394119369609,0.9898781502828838,0.9054862779423514,0.6066261717519356,0.8957085916550511,0.8769048079574568,0.8168059725015983,0.9701407267972146,0.9720509798443682,0.8707051888795789,0.8902183677316946,0.9272324378358678,0.8729735867859887,0.9530613123008463,0.9278337294102701,0.9243062854435231,0.9421362489486964,0.7920112658977982,0.5322230711047455,0.8059945119496468,0.7599030408171723,0.7676235938802122,0.9553394119369607,0.9302869180633686,0.8852868140089973,0.8194852749688193,0.7785510091061865,0.7173661124376676,0.6591018812090859,0.7773799496784711,0.9239759423528267,0.9814510646731802,0.8190182445530151,0.9878647446745117,0.8547116092900202,0.995606730632077,0.9125111785873636,0.9318679907988412,0.9493264764640175,0.9072118677365055,0.744729046063233,0.9152582079543841,0.9270730230791457,0.9152582079543841,0.9152582079543841,0.7539469289309442,0.8925262950745887,0.7901926347445248,0.9152582079543841,0.9052567135853132,0.7873119998097402,0.9699747687132042,0.7048184024043245,0.801751780477767,0.8973525452121978,0.7794374710188761,0.9103086440545414,0.7911943785011761,0.9046484553665963,0.9018761436541087,0.9761356843815903,0.8910305906213416,0.9414772739491488,0.7596773995000079,0.9054862779423514,0.9046484553665961,0.9098310498422768,0.6799940771162383,0.7294883478037416,0.811457100705355,0.9665480300996037,0.9178168350379667,0.9693820495180774,0.8105056597215491,0.8925262950745885,0.80670280175686,0.704310161745661,0.8690883083110752,0.9272324378358678,0.813237767008013,0.9209817665727262,0.9333160651425743,0.7291946247330887,0.9668702179975168,0.822258567239115,0.9660206703631764,0.981600181169821,0.9547377950343575,0.9072118677365055,0.9804348618640988,0.9983162612897328,0.9212977173232094,0.8658397982980224,0.908025487041374,0.780920949144199,0.8417144870220843,0.7831200647944141,0.8880761517488762,0.6984693519082983,0.9945519661064194,0.897236612208085,0.9822479311814201,0.9152582079543841,0.9239759423528264,0.8887315011070398,0.9992249226337292,0.9533339978983837,0.933316065142574,0.9502726792490606,0.8126757625980283,0.7848075380141786,0.8645307055964573,0.7482013197512771,0.9872125588573131,0.6999488548415951,0.9530613123008462,0.798141209189954,0.9098310498422768,0.7104568949546631,0.9949291339897315,0.862994112699748,0.9583942031553514,0.8542655386545359,0.8903404723902575,0.9063382728606002,0.8133441486079458,0.7326563978766196,0.7947386095090971,0.9944149731527321,0.8748756693307256,0.6377431230717342,0.9302334181929384,0.9621698344437761,0.9587759493473789,0.9384799527980219,0.8212788440155336,0.9540589546097202,0.6766059162715226,0.9342993348456758,0.9935264355112594,0.9523189504118237,0.920981766572726,0.9667419862543055,0.9143173056653144,0.954954603940219,0.8890889554362551,0.8496288531646409,0.9990384391481416,0.9281684931120004,0.8996713357710027,0.9628454933455661,0.981600181169821,0.7245327953080638,0.9152582079543841,0.9340332269142894,0.9213199646772892,0.8451558587437946,0.6095051427884088,0.9152582079543838,0.8052750075161217,0.8199757502024818,0.8949117707360059,0.930351993730951,0.839528097390559,0.6398937172961764,0.8239808321924889,0.8429186982317428,0.8690511952611001,0.9207352331609371,0.7707499476755919,0.87860526599069,0.9270730230791457,0.6078858377596683,0.9132389320257919,0.987885706373519,0.890832632464256,0.9935264355112596,0.8791314954080305,0.5644277678695342,0.9500854106526051,0.9021362778138218,0.7353739172577544,0.7426743143980699,0.9707584080160814,0.8521937519210798,0.9814510646731802,0.9152582079543843,0.9693820495180774,0.8521590686921443,0.7255413280751921,0.9540589546097205,0.934388242931145,0.9466378905596335,0.9540589546097205,0.9125111785873636,0.9628013453482422,0.9152582079543841,0.9466378905596333,0.9493264764640174,0.9152582079543841,0.8029903728618497,0.785159552137012,0.9302869180633686,0.9209817665727262,0.9761356843815903,0.9621698344437764,0.9125111785873636,0.8978081378264584,0.7835370284359029,0.8925262950745887,0.7541959895434911,0.9152582079543841,0.9493264764640177,0.6233555981585003,0.8902183677316946,0.8949765365111106,0.8376716829705629,0.98145106467318,0.685103833186926,0.8948693468634785,0.9743481917577798,0.7868540111713821,0.9152582079543841,0.8586206896551725,0.5716855997022192,0.6965758101065129,0.7698714217829521,0.8794276363367709,0.8650564954973856,0.857024411058961,0.9665480300996037,0.8683589986402196,0.8145870830858375,0.9152582079543841,0.7854327491040131,0.8035122725061361,0.9336347991328913,0.7871951382711735,0.9072118677365053,0.9898781502828838,0.7827707385776619,0.9098310498422768,0.8905238332812637,0.7691896957671467,0.9152582079543841,0.9152582079543841,0.9117649022044421,0.6319152280226425,0.5574820367105224,0.7860764288319708,0.7615757470088256,0.9153430787178582,0.8785781813150462,0.7767935337261651,0.9884602805599663,0.7812510997224265,0.9152582079543841,0.7937172565597141,0.9239759423528264,0.9371382816751241,0.8612536930099465,0.9302869180633686,0.9667424582495754,0.9152582079543841,0.9152582079543841,0.7329084829773449,0.8281911838099563,0.8565120938579627,0.8972500807670709,0.9141916790840798,0.9799771696850708,0.9634826862601762,0.7490074950857202,0.7622564811386998,0.7910876163594895,0.9152582079543838,0.7238015138772083,0.7331992061441668,0.9621698344437761,0.9814510646731802,0.9475247683209955,0.8473067066465352,0.9846406300806099,0.7107326246304715,0.918079042897614,0.8669758292668841,0.9152582079543841,0.7867686640693976,0.8245145631299533,0.8567883809445207,0.9123713980692957,0.7453284616674507,0.9021362778138218,0.8670014864103508,0.8019074126838556,0.9761356843815903,0.8018016321802297,0.7908348624398815,0.9745100637941104,0.9872125588573133,0.9005285913052647,0.9186550120230903,0.7625897888997777,0.9239759423528264,0.9125111785873636,0.7929756481234906,0.9451832184545603,0.6681244743481922,0.927561204686808,0.9371382816751241,0.0,0.9371382816751241,0.9371382816751241,0.8376723506997306,0.8666109663611836,0.8266892096935972,0.9152582079543843,0.9872125588573133,0.8972500807670709,0.8972500807670709,0.628855847409207,0.9816273853023441,0.9125111785873636,0.9451832184545603,0.823077157135466,0.9180790428976138,0.7992201525320386,0.9763670444959534,0.7052177893356906,0.8713377700576802,0.9152582079543841,0.6633989785020462,0.9580166426603276,0.7412056506199438,0.9336347991328913,0.9884602805599663,0.8902183677316946,0.8563315348128864,0.9152582079543841,0.7296718926364869,0.8602605064187888,0.8029903728618507,0.7317270668537126,0.7677905591505942,0.7439284780771289,0.9239759423528264,0.7599030408171725,0.8598552336091725,0.7317270668537126,0.9044899469925682,0.690999991790061,0.7922248378910699,0.9935264355112594,0.6909999917900607,0.9992249226337292,0.8761423811272763,0.9543340476720192,0.8086360830500472,0.9103086440545415,0.8877184340118666,0.9152582079543841,0.9540589546097205,0.8145870830858375,0.9439635639657455,0.9079514179323016,0.8841822298400936,0.9001503390684968,0.9152582079543841,0.7574122120304552,0.8340281415141295,0.7415905795865034,0.9152582079543841,0.7717692349609535,0.9816273853023441,0.9302869180633686,0.8925262950745887,0.9125111785873636,0.9998809333323055,0.9824764774982422,0.7828592524671392,0.7353739172577541,0.8733124723819161,0.961938580597147,0.8641839946472483,0.9152582079543841,0.9106086590743894,0.9152582079543841,0.9302869180633686,0.7408722494492026,0.8521937519210798,0.9371382816751241,0.9390586815258848,0.8674930744993443,0.9182202275367892,0.9005285913052647,0.9152582079543841,0.954358987469742,0.7767532898798126,0.7114217189113228,0.9973181037772292,0.8586206896551727,0.9711878805915029,0.8748756693307258,0.9029881796097647,0.8580455361717003,0.8212788440155339,0.9001503390684968,0.8580455361717003,0.900528591305265,0.6039046752604114,0.8315069861698934,0.8580455361717003,0.9371382816751241,0.984567352342202,0.9937393740100617,0.9903992584712189,0.5058199570996411,0.8727803597140285,0.871166208285507,0.9454621129724834,0.8586206896551727,0.9272324378358678,0.9117649022044418,0.9483563157149231,0.9125111785873636,0.9693820495180774,0.9655916756796747,0.6819437747351318,0.8858401986813222,0.9713690206280263,0.9068017215907915,0.9784091431628326,0.7597147744459034,0.918079042897614,0.9209817665727265,0.885840198681322,0.9864790672932795,0.8791314954080307,0.9949598499265347,0.9829035021794315,0.9239759423528264,0.9270730230791457,0.8755301876069725,0.876992292556863,0.6581352372227987,0.9951874708791761,0.8190182445530148,0.8745568979467335,0.6453977258535419,0.8727803597140285,0.9152582079543841,0.9011682506343477,0.8530034923481354,0.899789742993003,0.8588039237011791,0.8285042072542574,0.9270730230791457,0.8764969900463836,0.8797986579063537,0.885698841863535,0.9466378905596333,0.9988749295050934,0.5026299176046194,0.9367139417404933,0.8566350037680563,0.7689771223906579,0.9461535522835213,0.7135588372114251,0.9926045211913787,0.7497613087966357,0.987885706373519,0.9621698344437761,0.8105788943203354,0.8791314954080298,0.987885706373519,0.9037073523919104,0.8133441486079458,0.8173415106432386,0.8070775443102369,0.9502726792490606,0.7775796030686408,0.9734299614209917,0.960712445103687,0.8056206522660099,0.8057649851807005,0.9052541259973351,0.9761356843815903,0.868585283544409,0.7769999831018015,0.8173762078254125,0.9336347991328913,0.964202949442688,0.9302869180633686,0.7765835845354063,0.9270730230791457
p295_L,0.8909834669250041,0.8911016107831405,0.9197374370356894,0.9425114327004687,0.8644606804686427,0.9720496894409938,0.9737090553906054,0.9980823431213209,0.9286491105644255,0.9704919301607371,0.9553906988562066,0.7022728639633592,0.870586582200982,0.9425114327004687,0.9336842693103169,0.9149900225490744,0.961397387740879,0.9491780856091547,0.9690033562225546,0.9704919301607371,0.9165661374366312,0.9543141322095121,0.9522137875062904,0.9635753483468394,0.9532555825271782,0.9491780856091547,0.9587434581480645,0.8910121640684718,0.9704919301607371,0.906614785730776,0.9443657603723177,0.8425429626878567,0.9576036838348734,0.9397924012017989,0.8644606804686427,0.9690033562225546,0.9635753483468394,0.9576036838348734,0.9720496894409938,0.9481929520311925,0.9253688519211309,0.9501760208500689,0.7995169082125602,0.954095735681499,0.9587434581480645,0.9268563572052284,0.9648659912110238,0.9261840328635953,0.9481929520311925,0.842207828724286,0.9661972965770262,0.8884227473641775,0.9491780856091547,0.9564866901437921,0.9576036838348732,0.9472198404849024,0.9472198404849024,0.9623211158059548,0.9561921683699728,0.9599080294518356,0.9650762806974962,0.9316997575412946,0.949178085609155,0.9253688519211309,0.9675743567407267,0.9003297966785495,0.9661972965770262,0.9021732230507464,0.8664029368341128,0.9690033562225548,0.9415972144812141,0.9481929520311925,0.962321115805955,0.8979165212489256,0.9623211158059548,0.9157773781681393,0.9543141322095119,0.9553906988562064,0.9015244985178159,0.9720496894409938,0.9553906988562064,0.9511876099263499,0.9453068780840739,0.9491780856091547,0.9623211158059548,0.9389009867184677,0.9543141322095121,0.9197196988710052,0.9213345015882415,0.9610996995613954,0.9623211158059548,0.9197374370356892,0.9134551722269832,0.973984063200021,0.9289749041786238,0.9732682917366107,0.9181483053976591,0.9630587443532561,0.8669735187038008,0.8681911647089426,0.9472198404849024,0.9648659912110238,0.962321115805955,0.8993158214284376,0.9901199804948464,0.9690033562225548,0.9311473405254242,0.8888189842675744,0.6169554679310433,0.9116680775411063,0.9079504174811017,0.9501760208500687,0.8799270736133202,0.9597652650781772,0.9648659912110238,0.900477392577751,0.967307460319674,0.9690033562225546,0.9720496894409936,0.9817050998145614,0.8435916521220534,0.9149900225490741,0.9532555825271782,0.9443657603723179,0.9173135519831488,0.9204926641940824,0.9635753483468394,0.9781287431575729,0.9547434413197935,0.9500854106526052,0.8774310216688329,0.9648659912110238,0.9661972965770262,0.9137336093857831,0.9587434581480645,0.9648771726248762,0.7776098943479306,0.9661972965770262,0.9661972965770262,0.9599080294518356,0.8550872530468149,0.9704919301607371,0.9386466808822662,0.9480457155580748,0.9165661374366314,0.987883051676453,0.7920012246309881,0.7614076267185657,0.9481929520311925,0.8440565830183069,0.9704919301607371,0.7035434506267082,0.8931449617140896,0.9118525638325778,0.9661972965770262,0.9481929520311925,0.9221363294762475,0.9521154309854926,0.9760563522715158,0.9149900225490741,0.9320684863015756,0.9648659912110238,0.9511876099263499,0.8844221790552503,0.9237472579920247,0.9380163966266191,0.980265590090454,0.9253688519211309,0.9453068780840739,0.8360533776976246,0.9425114327004687,0.9610996995613954,0.9472198404849026,0.9590404484306649,0.9322652690737794,0.9538832559337085,0.9273614004407348,0.9238198496049985,0.9406910117203195,0.9620090329381987,0.9013134756119446,0.917356409162452,0.9880755935910337,0.9610996995613952,0.8954927753294003,0.8915752582995888,0.8169265430423134,0.927002353944838,0.956486690143792,0.9434341193662401,0.9581756603540753,0.8140835212092659,0.868089278539445,0.8207663324301319,0.9650762806974963,0.9623211158059548,0.9635753483468394,0.9599080294518358,0.9261840328635953,0.9560373517862557,0.9850406692683008,0.9610996995613952,0.9623211158059548,0.9025045192170253,0.820766332430132,0.9704919301607371,0.9623211158059548,0.8763826688608701,0.9371382816751244,0.9157773781681393,0.9760563522715158,0.9294779121965994,0.9610996995613954,0.9623211158059548,0.975017687808155,0.9623211158059548,0.9130801394464837,0.9982208564121748,0.8489004959516884,0.9623211158059548,0.980265590090454,0.9623211158059548,0.9352032913830404,0.9311473405254242,0.9380163966266191,0.9079504174811017,0.9648659912110236,0.8353231768642491,0.9581756603540756,0.9522137875062904,0.9543141322095121,0.9303105872741888,0.967679029212042,0.9397924012017989,0.9661972965770262,0.9748214106481392,0.7498208075242988,0.9278239868212361,0.9237472579920247,0.9371382816751244,0.7809209491441991,0.9587434581480645,0.9149900225490741,0.9599080294518358,0.9623211158059548,0.9700808834258973,0.9623211158059548,0.933982267244587,0.9371382816751241,0.9661972965770262,0.9262251883972956,0.8353231768642491,0.9635753483468394,0.7846880470720909,0.953255582527178,0.9205349146293753,0.8954610316630298,0.811706076149681,0.9648659912110238,0.9048375041252175,0.9048375041252172,0.7581058089268597,0.9610996995613954,0.9675743567407267,0.9116680775411066,0.9720496894409938,0.8904701140049304,0.7738965054378304,0.9501760208500689,0.9040598105946913,0.9071717080147697,0.9661972965770262,0.7512620045838891,0.8140963117651729,0.9045839811415213,0.9690033562225548,0.8568976243014228,0.9362663130722397,0.9511876099263499,0.927002353944838,0.9690033562225548,0.8672683036808265,0.9486652279172072,0.8336684595774307,0.9741037694931156,0.9970799457879603,0.9648659912110236,0.9397924012017989,0.8799270736133202,0.9599080294518356,0.9648659912110238,0.9648659912110236,0.8505681838601362,0.9690033562225548,0.8503422854230382,0.9035807460778036,0.9149900225490744,0.9566846215389861,0.9690033562225546,0.962321115805955,0.9861053894336533,0.9599080294518358,0.9381728330554159,0.8844221790552503,0.9763491073983368,0.9648659912110238,0.9481929520311925,0.6630502449952589,0.8629791856785536,0.932833950574053,0.9142039648291602,0.9232596065784802,0.9304029270140832,0.8780124908814335,0.9056153321941816,0.9704919301607371,0.9286491105644257,0.9704919301607371,0.9980634982842684,0.724532795308064,0.9865343427479383,0.8505410419770532,0.9623211158059548,0.966197296577026,0.9700808834258974,0.9491780856091547,0.9690033562225548,0.9675743567407267,0.9610996995613954,0.9623211158059548,0.9034814342922285,0.9690033562225546,0.9720496894409938,0.9579181659574107,0.9454454968314663,0.9511876099263499,0.9661972965770262,0.7738965054378304,0.8730956945148616,0.9532555825271782,0.9576036838348734,0.8820512005878685,0.9648659912110238,0.943665404633262,0.9885931941530819,0.9564866901437918,0.9336842693103169,0.9720496894409938,0.8392586329331394,0.9397924012017989,0.8302717405717412,0.9587434581480645,0.9610996995613954,0.9987382114239769,0.9930547404043364,0.917527961630341,0.8035117733343916,0.8655480930335333,0.9623211158059548,0.7829046555068865,0.9389009867184677,0.9996437898601822,0.9965185747417931,0.9704919301607369,0.8758672676331246,0.9623211158059548,0.9623211158059548,0.9481929520311925,0.9286491105644257,0.8954927753294006,0.9623211158059548,0.9704919301607371,0.962321115805955,0.9425114327004686,0.9237472579920245,0.8207663324301319,0.962321115805955,0.9434341193662403,0.9543141322095121,0.8755644359298405,0.8577507109035437,0.9623211158059548,0.9118525638325778,0.9380163966266191,0.8312943488564516,0.9035631283533636,0.9434341193662403,0.9889946249203956,0.9648659912110238,0.8899039344946591,0.9623211158059548,0.9243743344764215,0.9491780856091547,0.8954927753294004,0.8555928628035837,0.9635753483468394,0.8747439046690528,0.9576036838348734,0.9623211158059548,0.686152445254048,0.994784048231732,0.9623211158059548,0.9434341193662403,0.8536675698745144,0.9223798585420759,0.8629791856785536,0.8844221790552502,0.9623211158059548,0.9106359140503814,0.9750176878081551,0.9675743567407267,0.9481784169066947,0.985462286199813,0.7523216832789561,0.9319883865480127,0.9229405345355657,0.9648659912110238,0.9763491073983368,0.8530643479815632,0.9522137875062906,0.8252131541849281,0.9499711419330785,0.9040598105946913,0.9522137875062906,0.9661972965770262,0.9491780856091547,0.9623211158059548,0.9690033562225546,0.9270023539448382,0.874154559860717,0.9553906988562064,0.9462580354121288,0.9599080294518356,0.9251146681022444,0.9635753483468394,0.9599080294518356,0.9553906988562066,0.962321115805955,0.9564866901437921,0.9102896363632478,0.9684439421450507,0.8237261571040237,0.9143829442374807,0.9704919301607371,0.8911016107831409,0.7665908998640579,0.9647089215353348,0.9543141322095121,0.9704919301607371,0.9263053241256369,0.8910121640684715,0.9850406692683005,0.9501760208500689,0.9543141322095121,0.9278239868212361,0.9648659912110238,0.9397924012017989,0.9752737206364959,0.8262659646079136,0.9511876099263499,0.9253688519211309,0.9553906988562064,0.9316279546663162,0.8812473067855706,0.9086318030400213,0.9667762608570645,0.9587434581480645,0.9108215540655271,0.9662615489004196,0.9366713242763893,0.7726260462381265,0.9071885561788848,0.8646949616010216,0.9700351664034114,0.8900013566415692,0.9511876099263499,0.9371382816751241,0.9214657932658727,0.9648659912110238,0.9250632826893765,0.868089278539445,0.9389009867184679,0.9253688519211309,0.8237261571040239,0.8981372237870211,0.8898187755722908,0.8336684595774309,0.9480026438367747,0.9587434581480645,0.9587434581480647,0.9381728330554159,0.9690033562225546,0.9443657603723179,0.8706045549316792,0.9354001807590555,0.9610996995613954,0.9610996995613954,0.9397819996804953,0.9633423340760356,0.9587434581480645,0.9048375041252175,0.9623211158059548,0.9675743567407267,0.9623211158059548,0.9623211158059548,0.8681911647089425,0.9522137875062906,0.9397924012017989,0.9623211158059548,0.9529908213310594,0.9244900783551335,0.9500854106526051,0.8907888642207371,0.9118525638325778,0.9311104823849057,0.9286491105644257,0.9278239868212361,0.843327277621003,0.8864720867133833,0.7606010384414439,0.9675743567407267,0.9458638372348817,0.8674278608566313,0.9750176878081551,0.9443657603723177,0.9576036838348734,0.8762593501599869,0.9517989491489709,0.933047051418352,0.9229405345355657,0.9648659912110238,0.9764578705634923,0.8995793727310535,0.8462222865742863,0.9522137875062904,0.9277544613703692,0.9434341193662401,0.9303105872741888,0.9071885561788839,0.9414034319999554,0.8505410419770532,0.9543141322095121,0.9635753483468394,0.9362663130722397,0.9007517192601684,0.9613667414467569,0.9381728330554159,0.8939283999593051,0.9587434581480647,0.9106359140503812,0.9181483053976591,0.9610996995613952,0.9056011626003166,0.9453068780840739,0.9720496894409938,0.855978916221492,0.8744685140157993,0.9700808834258972,0.8916916952331206,0.9543141322095121,0.9311473405254242,0.9516007955479118,0.9623211158059548,0.9661972965770262,0.8340216843001687,0.962321115805955,0.8949174096536271,0.9543141322095121,0.8762593501599871,0.9289749041786237,0.8747439046690526,0.9522137875062906,0.8821875241906421,0.9704919301607371,0.8841704956632959,0.6717386274418835,0.9719739006977873,0.9599080294518356,0.9576036838348734,0.9027115151432653,0.9371382816751241,0.9511876099263499,0.939704111879597,0.9993232168604812,0.8595076304199196,0.8919049034409037,0.9397924012017989,0.8542772224254336,0.8970542565865081,0.9443657603723179,0.9209839463193071,0.831849942701932,0.9471168020442998,0.8804415508981576,0.9700808834258972,0.9205349146293753,0.9610996995613954,0.923406528198641,0.8820512005878682,0.9720496894409938,0.8667814570018798,0.8505410419770534,0.9389009867184677,0.9380163966266191,0.9501760208500689,0.9776569049810198,0.9443657603723179,0.9532555825271782,0.9245566463845686,0.9553906988562064,0.9610996995613952,0.9661972965770262,0.9720496894409938,0.9623211158059548,0.943665404633262,0.9001706985868916,0.955128849647362,0.9406910117203195,0.9623211158059548,0.9956022401087514,0.86976889809915,0.7035434506267082,0.9425114327004687,0.9286491105644255,0.9197374370356892,0.8630177959558734,0.9899973202210184,0.9462580354121288,0.9303105872741888,0.8283954260570923,0.9189419416378726,0.9675743567407267,0.9278239868212361,0.9472198404849022,0.9648659912110238,0.9371382816751241,0.9720496894409936,0.8624668003020068,0.9599080294518358,0.9720496894409938,0.9564866901437921,0.9233710276669693,0.962321115805955,0.9619064228844956,0.91420396482916,0.5128204270938908,0.962321115805955,0.8995793727310535,0.8373021566360077,0.8094833764446487,0.9610996995613954,0.9661972965770262,0.9587434581480645,0.9610996995613954,0.9610996995613954,0.9397924012017989,0.9623211158059548,0.9587434581480645,0.9633423340760359,0.9623211158059548,0.9511876099263499,0.9189419416378728,0.8237261571040235,0.9648659912110238,0.9675743567407267,0.9635753483468394,0.9610996995613954,0.8487307132759605,0.8993158214284374,0.9522137875062904,0.841900952707173,0.9623211158059548,0.9311473405254242,0.9648659912110238,0.9511876099263499,0.8174671235160889,0.9319883865480127,0.9690033562225546,0.9635753483468394,0.6885869595213399,0.8373091029803345,0.9532555825271782,0.9623211158059548,0.9371382816751241,0.9415972144812141,0.9936310971469996,0.8447400695691349,0.9553906988562064,0.9690033562225546,0.9481929520311925,0.9648659912110238,0.9311473405254242,0.8404607554034049,0.9623211158059548,0.9510697823313444,0.9968554189197796,0.9704919301607371,0.8796338709830265,0.9587434581480645,0.9553906988562064,0.8236960282711157,0.9599080294518356,0.8569326135916528,0.8250605217364748,0.9623211158059548,0.9623211158059548,0.9521154309854921,0.9521664397849137,0.9700808834258973,0.9311104823849057,0.8360533776976247,0.8629791856785536,0.9599402826694068,0.886632270088978,0.9501760208500687,0.8741545598607169,0.9623211158059548,0.973268291736611,0.9661972965770262,0.9720496894409938,0.8747439046690528,0.9690033562225548,0.8155659548675032,0.9623211158059548,0.9623211158059548,0.9076249623274386,0.962321115805955,0.9015099503744075,0.9543141322095121,0.8939283999593051,0.9253688519211309,0.9462580354121288,0.9748214106481393,0.8502623584343927,0.9698960726108679,0.9623211158059548,0.9371382816751241,0.9453730294504549,0.9635753483468394,0.9273614004407348,0.9455276575216817,0.9706632161575655,0.9336842693103171,0.9389009867184677,0.8578089524354395,0.9781496244714993,0.9623211158059548,0.8594755298193403,0.9389009867184677,0.9249165419327742,0.9208217508962304,0.9001706985868918,0.891101610783141,0.9294779121965995,0.8915752582995888,0.535532684054667,0.9025045192170253,0.8516702191196759,0.9587434581480645,0.9704919301607371,0.9425114327004687,0.949178085609155,0.8741545598607169,0.9661972965770262,0.9610996995613954,0.9519163796943131,0.9472198404849024,0.9500854106526052,0.8197444891395498,0.9720496894409938,0.9371382816751241,0.0,0.9720496894409938,0.9278239868212361,0.9406910117203198,0.9229405345355655,0.962321115805955,0.9704919301607371,0.9543141322095121,0.6804196301419014,0.8755644359298405,0.9576036838348736,0.9610996995613952,0.923371027666969,0.921334501588241,0.8578089524354393,0.9025384899655313,0.9458638372348814,0.9397819996804954,0.8855302198517909,0.9623211158059548,0.9197374370356892,0.962321115805955,0.8952501289971457,0.9704919301607371,0.8462222865742867,0.9511876099263499,0.8931449617140896,0.9623211158059548,0.9572518735513686,0.8559789162214919,0.9107192181558882,0.8810606022065588,0.9363575126785111,0.9497531817955676,0.9661972965770262,0.8645116474237173,0.9156811575686244,0.9311104823849057,0.8532920118076435,0.9522137875062904,0.8836536494976581,0.9720496894409938,0.9522137875062904,0.962321115805955,0.9245566463845685,0.9481929520311925,0.8447400695691349,0.9700808834258974,0.8595076304199194,0.8644606804686429,0.9610996995613954,0.8404607554034049,0.8970542565865081,0.9229405345355657,0.9056011626003165,0.847805253721567,0.9623211158059548,0.896304586561572,0.8986133813304025,0.9425114327004687,0.9623211158059548,0.9613667414467572,0.9576036838348734,0.9690033562225548,0.9071885561788846,0.9610996995613954,0.8860449046541115,0.917313551983149,0.9237472579920247,0.9233710276669693,0.9615726344798463,0.9522137875062906,0.861250263367306,0.9623211158059548,0.6711916360161432,0.9623211158059548,0.9690033562225546,0.9152405383832367,0.994335527468592,0.9720496894409938,0.9453068780840739,0.9657002157235461,0.9813508256697674,0.9425114327004687,0.9623211158059548,0.8917340290011033,0.7894591591824193,0.8892126720780515,0.9443657603723179,0.9371382816751244,0.9661972965770262,0.9443657603723177,0.9434341193662403,0.9950068763949222,0.7920012246309877,0.9224370478225468,0.9950068763949222,0.9425114327004687,0.9661972965770265,0.9149900225490744,0.9950068763949222,0.9720496894409938,0.9840677331869968,0.9635753483468394,0.9149900225490744,0.9610996995613952,0.9341913284130119,0.9511876099263499,0.9197374370356892,0.9371382816751244,0.696292071706645,0.9362663130722397,0.9481929520311925,0.9610996995613952,0.9543141322095121,0.9885931941530819,0.9425114327004687,0.9270023539448382,0.9540984079056034,0.9560291197868966,0.9319883865480127,0.9861053894336532,0.9635753483468394,0.9648659912110238,0.9270023539448382,0.9695535385776712,0.946258035412129,0.946258035412129,0.9261840328635953,0.9381728330554158,0.9675743567407267,0.9192955526446764,0.9453068780840739,0.943307936114703,0.9458638372348812,0.9443657603723177,0.9469265748682146,0.9751129258825255,0.9434341193662403,0.9623211158059548,0.9648046911266329,0.9095092958001549,0.9540957356814992,0.9229944540367141,0.9506531976360088,0.9675743567407267,0.9397924012017989,0.9161857336660536,0.9491780856091547,0.9587434581480645,0.991834013047275,0.9752737206364959,0.9223296501433533,0.9335314649217883,0.9553906988562064,0.9566846215389861,0.9547434413197935,0.9589084310161462,0.9791112505823618,0.9648659912110238,0.9635753483468392,0.9455276575216822,0.9462580354121288,0.9648659912110238,0.9245566463845685,0.8986133813304022,0.9375052465127017,0.9599080294518358,0.9599080294518356,0.9919152034643681,0.9511876099263499,0.9278239868212361,0.8505410419770537,0.9805219509574512,0.9511876099263499,0.9675743567407267,0.9205349146293753,0.9819567482913829,0.9635753483468392,0.9704919301607371,0.9149900225490744,0.9690033562225546,0.9823029113907386,0.9675743567407267
p295_P,0.8536675698745141,0.9564866901437918,0.9197374370356888,0.9425114327004684,0.9623211158059548,0.9720496894409938,0.8581917633679099,0.8525660270333191,0.9286491105644255,0.9704919301607371,0.9553906988562064,0.9547434413197935,0.9610996995613952,0.9425114327004684,0.9336842693103169,0.9010995033577462,0.9587434581480645,0.9491780856091547,0.9690033562225546,0.9704919301607371,0.9165661374366314,0.9543141322095119,0.9071885561788838,0.9635753483468394,0.953255582527178,0.9491780856091547,0.9587434581480645,0.9380163966266188,0.9704919301607371,0.9809188865074903,0.9443657603723179,0.9661972965770262,0.9576036838348734,0.9397924012017989,0.9510697823313443,0.9690033562225546,0.9635753483468394,0.9576036838348732,0.9720496894409938,0.9481929520311922,0.9253688519211307,0.7783550557157379,0.9137336093857829,0.9906522225387782,0.9587434581480645,0.8868389261885843,0.9648659912110238,0.8224467786369194,0.9481929520311922,0.967348383883694,0.9661972965770262,0.8884227473641773,0.9491780856091547,0.9564866901437918,0.5746236278098942,0.9472198404849024,0.9472198404849024,0.9623211158059548,0.9311104823849057,0.9599080294518358,0.9303105872741886,0.9908777073428441,0.9840677331869967,0.9249165419327742,0.9675743567407264,0.9464026665065834,0.9381728330554157,0.902173223050746,0.8664029368341124,0.9690033562225546,0.9415972144812141,0.9481929520311922,0.9623211158059548,0.85947552981934,0.9623211158059548,0.9157773781681391,0.9726326202607707,0.9700351664034113,0.9837029979941456,0.9720496894409938,0.9700351664034113,0.9107192181558882,0.9453068780840737,0.9491780856091547,0.9623211158059548,0.9389009867184677,0.9726326202607706,0.9676837770879045,0.8857893504540393,0.9547434413197936,0.9623211158059548,0.9673483838836943,0.9521664397849137,0.89236060271857,0.7403975775726694,0.9261840328635953,0.9181483053976589,0.9165661374366314,0.8288837563257364,0.9062284136028743,0.9472198404849024,0.9648659912110236,0.9623211158059548,0.9817050998145612,0.9668499345550761,0.9690033562225546,0.931147340525424,0.8888189842675742,0.8318499427019321,0.9888128435935968,0.9079504174811015,0.9501760208500687,0.87992707361332,0.932833950574053,0.942837525383015,0.9004773925777508,0.9564866901437918,0.9690033562225546,0.9720496894409938,0.8993158214284374,0.8988436939017762,0.9149900225490739,0.953255582527178,0.9443657603723179,0.9491780856091547,0.8832165619961235,0.9635753483468394,0.8533117429016539,0.9610996995613952,0.7245327953080632,0.8340402924414353,0.9648659912110236,0.9661972965770262,0.9137336093857829,0.9587434581480645,0.9648771726248762,0.9994611990171967,0.9381728330554158,0.9661972965770262,0.9599080294518358,0.9301516024075414,0.9704919301607371,0.8236960282711154,0.904837504125217,0.9165661374366314,0.8495206012251387,0.8878225115442001,0.9619064228844956,0.8547020723633447,0.8812984813018134,0.9704919301607371,0.9303105872741888,0.8931449617140894,0.8630177959558736,0.9381728330554158,0.9481929520311922,0.9706728171285302,0.9362663130722397,0.982879671572379,0.9609676410723689,0.9927297376643827,0.9648659912110236,0.9797658041147691,0.846952777749949,0.9237472579920245,0.9380163966266188,0.9365230764056,0.9748214106481392,0.9918340130472749,0.995308937439624,0.9425114327004684,0.961099699561395,0.9472198404849024,0.9223798585420756,0.9456646986036487,0.9129948636656303,0.9690033562225546,0.9040598105946911,0.9406910117203193,0.9157773781681391,0.9345395918631996,0.9173564091624515,0.9472198404849024,0.5339591457257353,0.7738798281022032,0.8915752582995886,0.8947109826062527,0.7184157888018894,0.9564866901437918,0.9953786045233856,0.9599080294518356,0.9169904684997888,0.9027115151432652,0.955782277868827,0.9650762806974961,0.9623211158059548,0.9471168020442997,0.9599080294518358,0.8727206163368164,0.9560373517862555,0.919737437035689,0.618116004844547,0.9623211158059548,0.9025045192170251,0.8952501289971455,0.9704919301607371,0.9623211158059548,0.9681858530496634,0.9371382816751241,0.9157773781681391,0.9349923761154102,0.9813508256697673,0.9610996995613952,0.9623211158059548,0.9021732230507462,0.9623211158059548,0.8981372237870207,0.9197013194028298,0.8780124908814333,0.9623211158059548,0.938659923338481,0.9623211158059548,0.9492794165942646,0.9633423340760362,0.9380163966266188,0.9079504174811013,0.9648659912110236,0.8353231768642488,0.9599080294518358,0.9522137875062902,0.9726326202607709,0.9127697146833382,0.9950448685899995,0.9397924012017986,0.9381728330554157,0.974821410648139,0.8917796293119394,0.9788715516976696,0.972947370281771,0.9935264355112596,0.950085410652605,0.9587434581480645,0.9149900225490739,0.794343039965898,0.9623211158059548,0.9190333185494638,0.9623211158059548,0.9529908213310594,0.9371382816751241,0.9661972965770262,0.6711916360161432,0.8724792971491386,0.9635753483468394,0.9362663130722397,0.953255582527178,0.9205349146293751,0.9700351664034113,0.8533117429016541,0.9648659912110238,0.9480457155580746,0.9912539269909317,0.9169688590165609,0.9610996995613952,0.9675743567407264,0.9116680775411063,0.9720496894409938,0.8904701140049301,0.9681858530496633,0.9140895174328346,0.9040598105946911,0.9947106386333202,0.9661972965770262,0.9117537716067595,0.8888189842675742,0.9417401014264113,0.9690033562225546,0.934042390353913,0.9362663130722395,0.9107192181558881,0.9270023539448378,0.9690033562225546,0.8900013566415685,0.8999600766760718,0.9675743567407264,0.9245566463845685,0.9425114327004684,0.9648659912110236,0.9980634982842684,0.8799270736133199,0.9599080294518358,0.9648659912110238,0.9648659912110236,0.8505681838601356,0.9690033562225546,0.9998870507814515,0.8219572855963522,0.9149900225490737,0.9638838534161631,0.9690033562225546,0.9623211158059548,0.9481929520311922,0.9599080294518358,0.9661972965770262,0.8469527777499489,0.9741037694931158,0.9648659912110236,0.9481929520311922,0.7200407247635616,0.8629791856785534,0.9865343427479378,0.7656842582129719,0.9197013194028298,0.9577687663920409,0.8780124908814335,0.9490060614215785,0.9704919301607369,0.9286491105644255,0.9704919301607369,0.9397924012017989,0.9935264355112596,0.932833950574053,0.9648659912110236,0.9623211158059548,0.966197296577026,0.970080883425897,0.9491780856091547,0.9690033562225546,0.9675743567407264,0.9610996995613952,0.9623211158059548,0.953255582527178,0.40918518375717816,0.9720496894409938,0.9336842693103169,0.9780395008431748,0.9511876099263499,0.6512832219527407,0.9152405383832365,0.9116680775411063,0.953255582527178,0.9576036838348732,0.9214866072600052,0.9648659912110238,0.9397924012017989,0.8603806964337217,0.9564866901437918,0.8495206012251386,0.9720496894409938,0.8392586329331392,0.9397924012017986,0.8302717405717408,0.9587434581480645,0.961099699561395,0.6407507668551222,0.9149900225490739,0.8944675982845545,0.8787867768370721,0.8655480930335329,0.9623211158059548,0.9322652690737794,0.773011073164905,0.9406910117203193,0.9458638372348815,0.9704919301607369,0.9554950475041241,0.9623211158059548,0.9623211158059548,0.6575970967578815,0.8655369948545268,0.9368211999004499,0.9623211158059548,0.9704919301607369,0.9623211158059548,0.9425114327004684,0.9237472579920245,0.8952501289971455,0.9510697823313443,0.9434341193662401,0.9543141322095121,0.8755644359298402,0.8577507109035435,0.9623211158059548,0.9568784918748876,0.9380163966266188,0.8684477557283838,0.8664029368341125,0.9434341193662399,0.9461383996104074,0.9648659912110236,0.8899039344946589,0.9623211158059548,0.8870129982252204,0.9173135519831481,0.9368211999004497,0.9125618870168828,0.8578089524354394,0.8747439046690524,0.9576036838348732,0.9623211158059548,0.8327425778329426,0.994784048231732,0.9623211158059548,0.9953786045233856,0.9970688419235265,0.9223798585420755,0.8629791856785534,0.8469527777499489,0.9623211158059548,0.8734757225311297,0.9340813247611222,0.9675743567407264,0.9481784169066948,0.985462286199813,0.983902503224694,0.9319883865480127,0.971803912061864,0.9648659912110238,0.7286134918555999,0.9157773781681391,0.9522137875062904,0.86578429441269,0.9499711419330783,0.9040598105946911,0.9522137875062904,0.966197296577026,0.9491780856091547,0.9623211158059548,0.9690033562225546,0.9270023539448378,0.9368488853021562,0.8208868969226473,0.9462580354121286,0.9599080294518358,0.9253405665393422,0.9635753483468394,0.9581756603540753,0.9553906988562064,0.9623211158059548,0.9673074603196743,0.9102896363632473,0.9286491105644255,0.8237261571040229,0.9542973744591622,0.9209839463193069,0.8911016107831405,0.9774873843362967,0.9604106491582279,0.9543141322095119,0.9704919301607371,0.8492197889319006,0.9380163966266188,0.919737437035689,0.9501760208500687,0.8265261252013363,0.9788715516976696,0.9648659912110236,0.9397924012017989,0.9748214106481391,0.9528969934766465,0.9511876099263499,0.9249165419327742,0.7463127621822648,0.9936310971469992,0.9599402826694068,0.9086318030400211,0.9813508256697674,0.9587434581480645,0.8621164028243915,0.9189419416378726,0.9425114327004684,0.9511876099263499,0.9522137875062904,0.8646949616010216,0.8208868969226469,0.9709114698674371,0.6345328743203633,0.9371382816751241,0.9293530163238195,0.9648659912110236,0.9648771726248762,0.9409113828628135,0.9389009867184677,0.8251068045020442,0.9690033562225546,0.9885931941530818,0.919737437035689,0.9675743567407264,0.9950068763949225,0.9587434581480645,0.9587434581480645,0.9661972965770262,0.9690033562225546,0.9443657603723179,0.8706045549316789,0.9354001807590553,0.9610996995613952,0.9610996995613952,0.8632669973551363,0.931147340525424,0.9587434581480645,0.904837504125217,0.9623211158059548,0.9675743567407267,0.9623211158059548,0.9623211158059548,0.9062284136028744,0.9522137875062904,0.9397924012017986,0.9623211158059548,0.877639547048157,0.8461396580903973,0.9500854106526051,0.9874977150959766,0.9118525638325781,0.8935446993031984,0.9801025842096873,0.9278239868212361,0.8433272776210027,0.9576036838348734,0.9620090329381987,0.9675743567407264,0.9389009867184679,0.9467915377189187,0.9340813247611222,0.9443657603723179,0.964434201439255,0.9581756603540754,0.9146088609632118,0.9675743567407264,0.971803912061864,0.9648659912110238,0.9261840328635951,0.9543141322095119,0.914089517432835,0.8368897280214707,0.927754461370369,0.9434341193662401,0.8081565826550231,0.9522137875062904,0.9996437898601822,0.942837525383015,0.9543141322095119,0.9635753483468394,0.9920754410433736,0.8186237669479578,0.8812473067855704,0.9661972965770262,0.9418156954162736,0.9587434581480647,0.910635914050381,0.9181483053976589,0.9547434413197933,0.9056011626003164,0.9453068780840737,0.9720496894409938,0.8559789162214912,0.9942118046808438,0.7658906239201637,0.8541916441056756,0.9543141322095119,0.983902503224694,0.9968554189197795,0.9623211158059548,0.966197296577026,0.9380163966266186,0.51802427301784,0.8970542565865081,0.8995793727310529,0.9599080294518358,0.9453068780840737,0.8747439046690524,0.9774873843362967,0.8821875241906417,0.9704919301607371,0.8841704956632956,0.8954610316630289,0.8448966559165225,0.9599080294518358,0.964434201439255,0.9062891462589933,0.9500854106526051,0.9511876099263499,0.8653728680514652,0.9558737393033803,0.8595076304199192,0.8500085603951648,0.9397924012017986,0.9521664397849134,0.9386599233384809,0.9443657603723179,0.9704919301607369,0.9751129258825252,0.5898854036088579,0.8804415508981576,0.9788715516976694,0.9205349146293751,0.961099699561395,0.998082343121321,0.8820512005878682,0.9720496894409938,0.9994611990171967,0.9428375253830149,0.9389009867184677,0.9380163966266188,0.9501760208500687,0.9716885439827986,0.9443657603723179,0.953255582527178,0.9245566463845685,0.9553906988562064,0.9610996995613952,0.9661972965770262,0.9720496894409938,0.9623211158059548,0.8853943075507922,0.9423718464384099,0.9927297376643829,0.9406910117203193,0.9623211158059548,0.950112911233649,0.9080857823028665,0.9826171532883463,0.9425114327004684,0.9286491105644252,0.919737437035689,0.9568784918748876,0.8611987693590749,0.9462580354121288,0.9127697146833386,0.9698960726108679,0.9864188438370332,0.9675743567407267,0.9278239868212361,0.9472198404849024,0.9648659912110236,0.9935264355112594,0.9137336093857829,0.9462580354121286,0.9599080294518358,0.9720496894409938,0.9564866901437918,0.9472198404849024,0.9623211158059548,0.9985670127730846,0.9142039648291602,0.9690033562225546,0.5180242730178396,0.9543141322095121,0.8744677785500734,0.8469527777499489,0.961099699561395,0.9661972965770262,0.9587434581480645,0.961099699561395,0.9547434413197936,0.7105810163033834,0.9623211158059548,0.8815382336298224,0.9633423340760361,0.9623211158059548,0.9511876099263499,0.9189419416378726,0.9273614004407342,0.9648659912110238,0.9675743567407264,0.5898854036088579,0.9547434413197934,0.8860686207373005,0.9359056217993145,0.9774873843362967,0.8813363593793099,0.9623211158059548,0.931147340525424,0.9648659912110236,0.9511876099263499,0.8547624211186655,0.9319883865480125,0.9690033562225546,0.9635753483468394,0.953255582527178,0.9935264355112594,0.953255582527178,0.9510697823313443,0.7809209491441989,0.9415972144812141,0.9443657603723179,0.9197013194028301,0.9553906988562064,0.9273614004407346,0.9481929520311925,0.9648659912110238,0.983902503224694,0.8404607554034045,0.9623211158059548,0.9623211158059548,0.9126353343364841,0.9704919301607371,0.9579842912477623,0.9587434581480645,0.9553906988562064,0.9080857823028665,0.9599080294518358,0.8822592555600857,0.8994406981079928,0.9623211158059548,0.9623211158059548,0.8963063030143582,0.9704110250992253,0.9278239868212361,0.8935446993031985,0.9953089374396239,0.985462286199813,0.8812473067855702,0.9614572324031321,0.9501760208500687,0.9746481962695817,0.9623211158059548,0.7721729409370222,0.966197296577026,0.9720496894409938,0.8747439046690524,0.9690033562225546,0.8542772224254337,0.9623211158059548,0.9623211158059548,0.870472911939081,0.9623211158059548,0.8643375371177696,0.9543141322095121,0.8939283999593048,0.9253688519211307,0.9899835764925831,0.9752737206364959,0.8891964977574215,0.8892126720780513,0.9623211158059548,0.9371382816751241,0.9073866276607501,0.9635753483468394,0.8237261571040234,0.8068326932115031,0.9164242785884129,0.9336842693103169,0.9389009867184677,0.9635753483468394,0.9368211999004499,0.9623211158059548,0.85947552981934,0.9389009867184677,0.9253688519211307,0.9490060614215785,0.9001706985868914,0.5862782126370069,0.929477912196599,0.9729552798479699,0.9675743567407264,0.9025045192170251,0.9395833630597998,0.5621016171855963,0.9704919301607369,0.9425114327004684,0.9491780856091547,0.8741545598607167,0.9661972965770262,0.961099699561395,0.9079504174811013,0.9472198404849024,0.9371382816751241,0.640750766855122,0.9720496894409938,0.9371382816751241,0.9720496894409938,0.0,0.9278239868212361,0.9406910117203193,0.9229405345355652,0.864460680468643,0.9704919301607369,0.9543141322095121,0.9726326202607706,0.9919152034643681,0.9576036838348734,0.9610996995613952,0.9233710276669693,0.9822274244328991,0.9635753483468392,0.8653728680514654,0.6577758971182547,0.9837029979941456,0.9978508638114467,0.9623211158059548,0.967348383883694,0.9510697823313443,0.8952501289971454,0.9704919301607371,0.6426205939986415,0.9511876099263497,0.9340813247611222,0.9623211158059548,0.8821875241906418,0.8559789162214912,0.9797658041147692,0.8810606022065587,0.85947552981934,0.8741545598607168,0.966197296577026,0.9027115151432653,0.955495047504124,0.9561921683699729,0.8907614131129443,0.9522137875062904,0.8836536494976579,0.9720496894409938,0.9522137875062904,0.9623211158059548,0.9763491073983367,0.9481929520311925,0.8447400695691345,0.9788715516976696,0.8972229380687486,0.9623211158059548,0.961099699561395,0.8404607554034044,0.8970542565865081,0.9229405345355655,0.8312943488564514,0.847805253721567,0.9623211158059548,0.9335314649217885,0.8986133813304022,0.9425114327004684,0.9623211158059548,0.9205937947274885,0.8085099719875108,0.9690033562225546,0.9522137875062904,0.961099699561395,0.9658737650974745,0.9491780856091546,0.9237472579920245,0.9880755935910335,0.9319883865480125,0.9522137875062904,0.8612502633673054,0.9623211158059548,0.8624668003020075,0.9623211158059548,0.9690033562225546,0.9152405383832365,0.902875019766344,0.9720496894409938,0.9453068780840737,0.9593609816658519,0.9813508256697674,0.9970799457879603,0.9623211158059548,0.775383261466575,0.9816770696825421,0.909078826589908,0.9936310971469995,0.9371382816751244,0.9661972965770262,0.9443657603723179,0.8118167761922628,0.9950068763949222,0.9684455580859812,0.8851211507720569,0.9950068763949222,0.9425114327004684,0.9661972965770262,0.9149900225490737,0.9950068763949222,0.9720496894409938,0.9491780856091547,0.9635753483468394,0.9609676410723689,0.9610996995613952,0.9434341193662399,0.9797658041147691,0.967348383883694,0.9371382816751241,0.9071885561788843,0.9920754410433734,0.9861053894336533,0.7022728639633584,0.7534728776716187,0.8981372237870209,0.9425114327004684,0.927002353944838,0.9929562774279699,0.9560291197868964,0.9319883865480127,0.9481929520311925,0.9635753483468394,0.9648659912110238,0.9210339929466167,0.9695535385776712,0.9462580354121286,0.9462580354121288,0.8727206163368162,0.9661972965770262,0.9675743567407267,0.9063933734589966,0.991834013047275,0.9296148191040325,0.9389009867184677,0.9443657603723179,0.8907888642207369,0.9034814342922286,0.9953786045233858,0.9623211158059548,0.8475263632365205,0.9095092958001549,0.9354001807590553,0.9764578705634923,0.9286537611141308,0.9675743567407264,0.9397924012017986,0.995882341907524,0.9491780856091547,0.9587434581480645,0.991834013047275,0.974821410648139,0.9912539269909322,0.9920147783577783,0.9553906988562064,0.9964003840614117,0.9610996995613952,0.950112911233649,0.9826888816980899,0.9648659912110236,0.9471168020442999,0.9157773781681391,0.9462580354121282,0.942837525383015,0.9741037694931161,0.9824060674218802,0.8991272068015779,0.9599080294518358,0.9599080294518358,0.9305176181792797,0.9511876099263499,0.9278239868212361,0.9648659912110238,0.9391935263864015,0.9511876099263499,0.9675743567407267,0.9684455580859812,0.9819567482913832,0.9635753483468394,0.9704919301607371,0.9609676410723691,0.9690033562225546,0.9796598397153293,0.9675743567407267
p295_Q,0.9071886829882023,0.8058320110972779,0.9519132041712033,0.8514658570602601,0.9414106494210732,0.9278239868212361,0.9684403731785867,0.9400555122997234,0.8157507865486253,0.9238013891436974,0.5485866639010891,0.8995478568587885,0.8995478568587885,0.824467064466601,0.8805662392896146,0.7804789596211701,0.9280769720291009,0.8627236257785784,0.9199574485923749,0.9791919178046249,0.9661003603569039,0.46497185181086464,0.9394399552106525,0.9059407181827082,0.41638462609066773,0.8687627046182598,0.9280769720291011,0.8654110063376459,0.9791919178046251,0.832649793578086,0.8563358498618108,0.9554518077232719,0.8905201046762892,0.9471262770445408,0.9027019168030599,0.8484509035411578,0.6549953778470862,0.9352594849768436,0.9278239868212359,0.7520434595496028,0.9027640924895547,0.8713396701567191,0.8679857536730304,0.931960581507318,0.8566930971914174,0.9345108659116576,0.5544682858415849,0.8318544149375382,0.31157683223790045,0.7927381955186616,0.9590673131834122,0.9995654213499823,0.8687627046182598,0.887635694816231,0.8905201046762887,0.9215435437152564,0.6157555737858555,0.9027019168030597,0.8346411399054539,0.7008044880432808,0.820041213470607,0.9601177773826042,0.8627236257785789,0.8295844697893859,0.5951579902345703,0.749330559746987,0.8308459945434383,0.8338441428621899,0.974259751692595,0.8021325739678644,0.8308183474047365,0.8662187967802517,0.9801193820390868,0.6851941396038528,0.9027019168030597,0.9901993131215278,0.9146756363968283,0.7152360217515672,0.9009207691988452,0.8679857536730307,0.9847951341175696,0.9048113045350052,0.9726698814889384,0.8687627046182604,0.9027019168030597,0.7457537563550611,0.9547238348047908,0.709664611484238,0.9229769520409834,0.8995478568587885,0.9027019168030597,0.48377410360262085,0.8217060794915637,0.776763772917743,0.9430481070778809,0.8093852229086016,0.5596765560067674,0.9923411925250785,0.672023970731668,0.6868056334918407,0.6157555737858555,0.925723943597646,0.9414106494210732,0.6459009504731108,0.8823438442399556,0.5705409261013937,0.6354997696863911,0.7119446589418907,0.8792920141466947,0.6722953469228674,0.6285501728188629,0.7950048733195021,0.7312184450707058,0.47742406923119196,0.6369695431207095,0.7178566903358297,0.887635694816231,0.9199574485923747,0.9278239868212361,0.728112448305462,0.9692628942774287,0.5619512271173581,0.8645904004850735,0.9671816160523485,0.9522281823129655,0.6148058964719825,0.6549953778470862,0.7341634785193588,0.8995478568587885,0.8376723506997306,0.7562707214632036,0.9092735418441047,0.7026246759034638,0.9278239868212361,0.4997737230029987,0.9527995052627674,0.7882681591823322,0.9127113681766139,0.6171437968101474,0.8964706102804101,0.8374243451983652,0.5911651455979093,0.6808297674053996,0.6470872918636879,0.6544120069717718,0.8287530636873146,0.9232754913263936,0.6974923708327119,0.8662187967802519,0.7701918466063742,0.7366751851754307,0.8200412134706068,0.6172777262733864,0.7925008201091583,0.9163268736367545,0.8662187967802522,0.6153640454947646,0.8603637814514746,0.9435549060266383,0.7674417937615681,0.9326776838239055,0.9669745722372083,0.7248757685433895,0.7048884863396543,0.955024894994716,0.727051366197616,0.8085437732024463,0.7466340871522705,0.9149541032668207,0.703679809804524,0.7704694792792821,0.6867120377371949,0.863705933402896,0.8431955867160386,0.8798965768234065,0.8568597531136095,0.9662757781656683,0.7714855997016032,0.5734947233255202,0.8858251191036555,0.8309617608579103,0.8283877907234387,0.9338624305038411,0.8995478568587885,0.7301312695908244,0.49799406332821083,0.8569920426745785,0.8341377178323206,0.887635694816231,0.8452551085303086,0.9570839709282044,0.8387472004447059,0.8625915303340774,0.7637552068614317,0.9369296717540236,0.9027019168030597,0.9059407181827082,0.8964706102804108,0.8093852229086016,0.7396179503860945,0.8352962955703505,0.9371605937136991,0.9027019168030597,0.8701994618435822,0.8303341992231736,0.9238013891436971,0.9027019168030597,0.854453131539465,0.8880761517488764,0.8444999298453832,0.7995034775956035,0.6488798373319231,0.4610356166077314,0.9027019168030597,0.8521400805576707,0.9027019168030598,0.8880454361291504,0.9578033255232066,0.9662867667908355,0.9027019168030597,0.6521990903451726,0.9027019168030597,0.8307634508999996,0.8457801448839242,0.803464671347254,0.8643498713266903,0.6369695431207093,0.6945624501566039,0.8964706102804099,0.7777882996052299,0.8820255041972336,0.5721388034556255,0.6188324910469527,0.9992131886464962,0.8735864340900963,0.8072801833126307,0.8118328297057757,0.8136200716845883,0.8670676733891095,0.8599048430053958,0.8376723506997306,0.8934633408766897,0.520853113788516,0.9330819649782569,0.9027019168030597,0.8364350703060381,0.9027019168030597,0.7420285531831168,0.960712445103687,0.9127113681766139,0.9962981125733233,0.6779560393487585,0.9059407181827082,0.8354206684781544,0.7685463059719873,0.6270516083445692,0.8818853796020467,0.7527585521901308,0.9092735418441047,0.5505307483084566,0.7542621380938765,0.7016215525533624,0.8995478568587885,0.9606832254354423,0.8450017406933337,0.9278239868212359,0.8544531315394652,0.8718201154833862,0.8713396701567189,0.752253902142801,0.5159105805472155,0.9127113681766139,0.8353579023051438,0.9457184681298556,0.9602650230821339,0.5705409261013937,0.6722953469228676,0.8853068944247944,0.5705787156593869,0.8941901234996297,0.5705409261013937,0.7340316180921804,0.6439435509715536,0.9504850176985603,0.8273272241564984,0.3924863829680467,0.9092735418441045,0.8445260765476379,0.6303872837390894,0.700804488043281,0.9092735418441047,0.9092735418441045,0.6339616805182524,0.8484509035411576,0.7979242321217164,0.776763772917743,0.972932360405778,0.8791256253514164,0.987405892261038,0.5553758265447509,0.6639501340872622,0.847249906834666,0.9127113681766141,0.6713956315405545,0.9601936064986893,0.9257239435976461,0.8401367850119452,0.8654110063376461,0.761129958579541,0.8505579307181195,0.8397646262472565,0.6595110048185373,0.7480861769034726,0.7547362284033292,0.5067997435762608,0.8821852247529474,0.9077364421329468,0.9238013891436974,0.5825178958308534,0.8880761517488762,0.8854349978333952,0.9092735418441045,0.9027019168030597,0.9127113681766135,0.8592500689274885,0.44503569528477227,0.5705409261013937,0.8616532608325631,0.7619375114470163,0.9027019168030597,0.7685463059719875,0.9199574485923749,0.7658906239201639,0.7352258907780785,0.7058101045815555,0.6014381262361874,0.9127113681766141,0.7676182118198598,0.5519321153174563,0.9433214104887524,0.8905201046762894,0.6877001586720327,0.9092735418441047,0.8445260765476383,0.6011746114928691,0.8876356948162307,0.8287530636873148,0.9700808834258973,0.6673018304013414,0.5564744400298746,0.5747554742981886,0.5354656604218408,0.8995478568587885,0.9558516449418073,0.6030493404462003,0.6808028644048973,0.6326700362480462,0.5821849505503649,0.9027019168030597,0.7200150757054349,0.8937269373258914,0.33636161037044754,0.7200023773322725,0.9238013891436971,0.703679809804524,0.9027019168030597,0.9027019168030597,0.8662187967802517,0.8157507865486255,0.5125510008014567,0.9027019168030598,0.9791919178046249,0.5166670939267386,0.6894731014983031,0.955024894994716,0.6638867183188186,0.9027019168030599,0.6538274985274924,0.6282225128088397,0.5413092866300682,0.6103598738120881,0.9027019168030597,0.9458909258415326,0.42139814559906286,0.6884142437757577,0.6769674101304621,0.5170934913826233,0.8092123375194881,0.9092735418441047,0.6594406943520872,0.9027019168030597,0.6368283011773513,0.8030539214223209,0.9333140750953335,0.8592834035025244,0.9458556185436358,0.6659929193641428,0.7261949925606044,0.9027019168030597,0.8010095457376829,0.6928901283984082,0.9027019168030597,0.9633172814668749,0.8404773997506239,0.7548663477831052,0.5748532781743376,0.6546492041410041,0.9027019168030597,0.7434003316879753,0.7606603920802666,0.9504850176985602,0.6512203494595545,0.7611299585795408,0.8222019591825744,0.8481595002027029,0.6311814856344973,0.6369695431207095,0.8273272241564982,0.7825121459579749,0.683531051210525,0.736117078791108,0.5016140153270925,0.963802575289626,0.8766017896141824,0.6171437968101474,0.8627236257785786,0.9027019168030597,0.9199574485923749,0.9020557574993335,0.9359461803816125,0.9847951341175696,0.7683307194142519,0.8964706102804103,0.9984350864840802,0.9743145807345088,0.8964706102804103,0.7152360217515679,0.9414106494210732,0.9420685862468299,0.9327539191943888,0.4943567965689665,0.9199574485923752,0.7235732571275166,0.9238013891436974,0.9898131261783945,0.9663027963946421,0.9869570611161291,0.9473257685964234,0.6881718386495921,0.8150082867888422,0.8654110063376459,0.8991334456478846,0.9466664444666739,0.8820255041972336,0.9582299421009102,0.9505241704836669,0.8445260765476379,0.7466340871522703,0.9814527413170582,0.940891642580993,0.851888756266141,0.8848055194072819,0.8563358498618108,0.5680694301057423,0.6805882289680008,0.7184314673996274,0.8934633408766894,0.6777709575813171,0.40566009572941497,0.8785462170031448,0.9356707151118058,0.8766017896141827,0.5854106328452098,0.9181353909773777,0.9947560146512322,0.8739518939582047,0.507078235661377,0.5619830632158709,0.9917747991232293,0.9760234388920206,0.7430812359587233,0.9002620304917957,0.9634101886499156,0.9199574485923752,0.7192978922254555,0.920412495673729,0.9162673470024436,0.9927665149203766,0.9648472157143733,0.8934633408766899,0.9127113681766141,0.9199574485923747,0.6725696438284047,0.5622736352760915,0.9445687632236156,0.6490993008822843,0.9500011957215692,0.7299341925816296,0.8693583305852732,0.9648472157143735,0.7822664528410119,0.9027019168030597,0.5951579902345694,0.9027019168030597,0.9027019168030597,0.6528051955403151,0.8766017896141824,0.6606482632337853,0.9027019168030597,0.6349431862831875,0.6891788627584126,0.9132780522734492,0.7742998473363846,0.9861383495414263,0.8010621321193832,0.7703137633219298,0.813620071684588,0.6933452337724904,0.9701035670462173,0.8651625244745192,0.9162673470024438,0.8422241792803131,0.707606760760954,0.724068516689305,0.256898020613892,0.9602082688150357,0.9696933196761028,0.6646053930696088,0.9162673470024436,0.32543819483490155,0.6369695431207095,0.49406982419437406,0.9146756363968283,0.9320042986155879,0.8766017896141822,0.799493121563454,0.7632147042433877,0.820041213470607,0.8766017896141822,0.846846556117637,0.9092735418441047,0.8820255041972338,0.9343996803735808,0.6158308461088051,0.726091587201958,0.8670206375836006,0.9127113681766139,0.8517900430345817,0.8934633408766901,0.8596579444136228,0.4335432284760361,0.7995502483019268,0.6718090456900669,0.8587660956447001,0.9278239868212361,0.5660090776168902,0.7235732571275166,0.8136200716845878,0.689355370200168,0.6935227772080306,0.8929365162866225,0.8553021506429308,0.9027019168030597,0.6171437968101474,0.9672954132038307,0.9027019168030599,0.9125301217359769,0.8820255041972331,0.8964706102804105,0.7479178510004558,0.6659929193641426,0.6835310512105254,0.6257921960550903,0.9238013891436976,0.5453144490430097,0.9181353909773777,0.7442204884852659,0.8964706102804103,0.890520104676289,0.881314981718736,0.7338953403825335,0.5088598945057862,0.8055398865968622,0.87047857592417,0.6548271388012975,0.7381896022300458,0.9731697328455183,0.6765515156534139,0.5964138693328576,0.8563358498618108,0.9238013891436974,0.6404875132878715,0.9059407181827079,0.7647906474201847,0.8592500689274885,0.794797519803812,0.8995478568587887,0.6563653253447552,0.5643244157296801,0.8679857536730305,0.7882681591823322,0.9669745722372082,0.5912454822183268,0.7525224679141627,0.8713396701567189,0.8567770643879915,0.5894353191855015,0.9433214104887524,0.8273272241564983,0.8848055194072815,0.9371605937136991,0.6171437968101474,0.9788715516976696,0.9027019168030597,0.8445260765476377,0.8051197656874574,0.882465187068131,0.8633240836039423,0.9027019168030598,0.7764223759981217,0.6855379034349187,0.8200412134706068,0.6894731014983033,0.9082922466984111,0.8029598539902904,0.7925008201091581,0.7450274721753807,0.8897181908471417,0.6188941867689925,0.7139141755418523,0.9555299319100915,0.5951579902345703,0.7300799558864088,0.5868367686296752,0.8432226863185213,0.5574820367105227,0.7148430590437301,0.8612222667022578,0.9696933196761031,0.8169381887965973,0.887635694816231,0.9793811540276176,0.9424631527248862,0.9138589778623849,0.99672737001584,0.9199574485923749,0.9027019168030599,0.8820255041972336,0.6062119974517621,0.6713956315405545,0.8995478568587885,0.9127113681766141,0.8934633408766897,0.8995478568587885,0.8995478568587885,0.8705695323486152,0.9027019168030597,0.8934633408766897,0.8222019591825747,0.9027019168030597,0.6940163579665886,0.7017438536728555,0.9199574485923747,0.6369695431207095,0.9162673470024436,0.9059407181827082,0.8995478568587885,0.5228640608953578,0.728112448305462,0.8766017896141824,0.6954211266162027,0.9027019168030597,0.399717912672899,0.9669745722372084,0.9048113045350055,0.6045862281410699,0.5334120373005902,0.6168592556746897,0.9059407181827082,0.8792920141466947,0.8095010419562505,0.8792920141466947,0.671502024398791,0.8880761517488764,0.9641496021881466,0.8942611762094795,0.9402567184229316,0.9152152511721429,0.9662757781656686,0.5758568086249223,0.5957189144811472,0.729812512491788,0.7151582186192984,0.9027019168030597,0.9414106494210732,0.901986760824012,0.9238013891436974,0.8906095793370314,0.6068495352595246,0.6485762786113765,0.7150801635761934,0.8964706102804103,0.649702607035841,0.5874229539541713,0.9027019168030597,0.9027019168030597,0.8354206684781547,0.7351987683096632,0.8669699476151096,0.9638848133781235,0.7570626016884332,0.8119326895991418,0.9549474633123823,0.6331991180703951,0.4006847883368524,0.6754946732002332,0.9027019168030597,0.9666695671111549,0.6171437968101474,0.9278239868212359,0.6832943816005228,0.5705409261013937,0.6938529778897939,0.9027019168030597,0.9027019168030597,0.6832084671599565,0.8650456874888591,0.5823990227483247,0.7588230416072206,0.6132013992552345,0.8072801833126309,0.9752059632817931,0.8581555195360443,0.7002915118145554,0.7091206583003599,0.9027019168030598,0.7338953403825323,0.6506021564940698,0.6549953778470862,0.9199574485923747,0.8238373352162471,0.7335993815733615,0.8805662392896149,0.6427482402639049,0.9059407181827082,0.9558589400840245,0.9027019168030597,0.6680134735212273,0.8745106514690065,0.8072801833126306,0.4680139785783378,0.9496844307315861,0.887635694816231,0.8178909988156795,0.46162239537628746,0.9162673470024436,0.7673158203652486,0.7361772131593287,0.9291552782955315,0.9723047356695362,0.9055450095968045,0.8687627046182602,0.6417069213377851,0.9127113681766137,0.8995478568587885,0.9784503296680915,0.8637059334028958,0.9859143456282599,0.849186641115079,0.9278239868212361,0.8376723506997306,0.9278239868212361,0.9278239868212361,0.0,0.846846556117637,0.8010095457376827,0.9027019168030597,0.9791919178046251,0.43232171961126975,0.9799759007960187,0.5413092866300682,0.8905201046762896,0.8995478568587885,0.8637059334028956,0.7968622910970982,0.9059407181827079,0.9286895945430041,0.8937269373258914,0.712835534919908,0.6690227873151029,0.9027019168030597,0.5050531536284654,0.9801193820390868,0.6805314664092541,0.9238013891436974,0.9769987586961084,0.8739518939582045,0.5257980377959826,0.9027019168030597,0.6257921960550903,0.5660090776168901,0.8739518939582047,0.6280947355174198,0.6680134735212273,0.6417069213377853,0.6171437968101474,0.6935130905574665,0.8514635911628996,0.8463582861268777,0.5415222806806008,0.8720455479999367,0.4504756667359825,0.7658906239201638,0.934883713596407,0.7489194896348186,0.8847956141020877,0.8988656686535056,0.6912645324713007,0.813620071684588,0.604258143349791,0.9027019168030599,0.8995478568587885,0.7858216097656443,0.8753399743944333,0.6748590986058673,0.6884142437757577,0.6591879759675359,0.9027019168030597,0.6281323746192178,0.7187857633287732,0.7434706866856224,0.9027019168030597,0.6933452337724904,0.7610390746299778,0.5705409261013937,0.8766017896141824,0.8995478568587885,0.9911612427703087,0.8687627046182604,0.7571211463821026,0.9793811540276174,0.7474834281648348,0.8406264652017017,0.6149625376883545,0.9027019168030597,0.8897181908471417,0.9027019168030597,0.9199574485923749,0.6419043340868242,0.7784491248459173,0.9278239868212359,0.9711421108889411,0.9728313247324523,0.8178909988156795,0.4194851755617066,0.9027019168030597,0.817340654385852,0.7253792407556552,0.7451809811852216,0.6448582022807705,0.837672350699731,0.9127113681766141,0.8563358498618105,0.8539300757509798,0.8654110063376463,0.7947975198038115,0.5591210511111679,0.8654110063376463,0.8515474244094854,0.9127113681766141,0.9934814170701989,0.8654110063376463,0.9278239868212359,0.6240448083535461,0.9059407181827082,0.35646066047314817,0.8995478568587885,0.8539300757509798,0.6631569473897883,0.8140172455445063,0.8347029424808238,0.8766017896141822,0.8354206684781547,0.8662187967802517,0.8995478568587885,0.8820255041972336,0.8757080024056769,0.7164718940919632,0.8036327372769462,0.9239210673151492,0.8309617608579103,0.8481595002027031,0.7520434595496035,0.9059407181827079,0.6369695431207095,0.969973797166346,0.8367736422373158,0.8253225677040198,0.8253225677040203,0.8543236069664744,0.6171437968101474,0.5951579902345694,0.9530446262374286,0.8587660956447005,0.820348066711141,0.8937269373258914,0.6171467607331358,0.9718422625075005,0.9753361086597814,0.9633172814668747,0.671502024398791,0.7045600365871949,0.7180334860412914,0.6235450595240402,0.8318544149375382,0.8737005798386224,0.8172373823995643,0.9992131886464962,0.9981003045437435,0.8687627046182598,0.6782334100972078,0.6917298433783352,0.9411059021731607,0.8894412990712004,0.9226406764718817,0.7485658933216646,0.9501272544706376,0.9876139325764798,0.8576228207592441,0.8625915303340774,0.595718914481147,0.6150804774861584,0.7825121459579751,0.8612222667022575,0.8019720576789591,0.8847956141020881,0.7381896022300456,0.9567818411057488,0.8472499068346662,0.5909704239497426,0.782673083629956,0.8791728214273921,0.7528949545078587,0.9092735418441045,0.7301312695908242,0.6631569473897871,0.5951579902345694,0.794797519803812,0.9016719843861534,0.9343996803735809,0.9723047356695362,0.924322356272117,0.987405892261038,0.9928095750555688,0.5951579902345703
p295_S,0.8414350983866588,0.9863342705377391,0.8542616703600654,0.878012490881434,0.9905461600724844,0.9406910117203195,0.8934212133336498,0.954818737128027,0.9123838819213476,0.9373855340691764,0.982324224352259,0.9522319435190597,0.8653570715674592,0.8780124908814337,0.9169212952208241,0.6820295464631185,0.9536751187028218,0.8921587537070725,0.9342268638258986,0.9934000968343186,0.8469551213589281,0.9030571559620832,0.9711696109045853,0.9227089361519578,0.9008109730235982,0.9266138237099282,0.9124559366883973,0.8373702208118579,0.9934000968343186,0.931812319198619,0.9139500985208797,0.9776317763878943,0.9905174556385545,0.9023193977639938,0.9200475251844389,0.9342268638258988,0.9850988399428101,0.9905174556385541,0.9406910117203195,0.8900683556162927,0.8416368978310877,0.894276316207222,0.9996437898601822,0.9484775881259133,0.9536751187028218,0.821843370787328,0.9254476077793645,0.9230944441073893,0.8900683556162929,0.9245694636198808,0.9282725629505151,0.8255348715332986,0.8921587537070723,0.34499564525233095,0.9905174556385543,0.9547977959327028,0.8880034676011164,0.3647019568709454,0.8984246776829126,0.957208071575181,0.8791209377401441,0.8341174167201996,0.9266138237099293,0.8673952205917312,0.9311946072310933,0.9994622513045183,0.9282725629505153,0.6562508501633744,0.7719239394821829,0.9342268638258988,0.8760725711965929,0.9578919796442651,0.945843002700946,0.9652927812302627,0.3647019568709454,0.8451467284600864,0.903057155962083,0.9438328971193495,0.9819238515971287,0.9406910117203195,0.9438328971193495,0.9676994339018856,0.596941582494638,0.8921587537070728,0.3647019568709454,0.8703513274042389,0.9407634795537994,0.8668528731082839,0.9429301175477114,0.3875452758336596,0.3647019568709454,0.8542616703600652,0.7741751295306649,0.9822443784311985,0.596941582494638,0.6376580231033167,0.826315303882089,0.9189463882895699,0.9492760806244576,0.9319077545510122,0.9214006317669097,0.9254476077793647,0.9200475251844389,0.8403702747960315,0.8038012476583976,0.934226863825899,0.8538985259150682,0.9912027685634361,0.9512990813494242,0.9895342010279711,0.8954478193024811,0.9656054081755225,0.9679861862478467,0.857477417655657,0.9730862985612763,0.9956516554345175,0.9076672018071594,0.9342268638258988,0.9406910117203193,0.9682667669011024,0.9944858957191614,0.8196136051637439,0.9008109730235982,0.8819472699932516,0.8921587537070732,0.9998256192994621,0.9688050481045738,0.7674763365434509,0.96089318452934,0.8957156269639843,0.9788895149280634,0.9792750106568119,0.9282725629505149,0.9996437898601822,0.9536751187028218,0.7565056600756233,0.9247040689412098,0.9282725629505153,0.9282725629505149,0.3662962480133517,0.7506198207975372,0.9373855340691764,0.9599078472590598,0.8649760912069955,0.8229580323820476,0.8329974357643424,0.9955174006526699,0.9017519241542784,0.8900683556162929,0.965678523718047,0.9373855340691761,0.8239015550478895,0.7943888557801737,0.8361961589702154,0.9776317763878946,0.9239801676302792,0.8347776668614468,0.8647606979879741,0.7587855677240296,0.7769546604389541,0.9349756054008453,0.9254476077793647,0.9676994339018856,0.6537537563048295,0.8381959666424068,0.8684742769407379,0.8459790242617613,0.8931535433523752,0.9488335374664889,0.9968957886292149,0.9660884144535259,0.9174557485535395,0.8880034676011159,0.8813503475514344,0.9799496685164868,0.8995980215373323,0.9877180384539763,0.759381420691865,0.9045780474351903,0.7969172877430445,0.9976963210692362,0.9211768711366688,0.9784078757357106,0.9522319435190596,0.7737947728294312,0.7909308789931146,0.9257416650560208,0.8712483674877678,0.46299624834820063,0.9431338207947482,0.9994890516008978,0.9548279537744677,0.7792432744837867,0.9958767769610515,0.906118892941232,0.3647019568709454,0.9227089361519578,0.9572080715751812,0.559811726465842,0.8216941896773267,0.9771332625934286,0.9174557485535397,0.3647019568709454,0.9032829665001691,0.9574320776401499,0.9373855340691761,0.3647019568709454,0.8010111218133855,0.8957156269639837,0.8923668834222103,0.6316149113661642,0.8503560928183399,0.9174557485535397,0.3647019568709454,0.8675432709543174,0.36470195687094553,0.9570793548609002,0.8881507821781003,0.8821028111888972,0.3647019568709454,0.7889510387209391,0.3647019568709454,0.9331705974311847,0.9083575213228527,0.8684742769407376,0.8727548541805932,0.925447607779365,0.985051530293813,0.4085772280390677,0.8986003425351379,0.9407634795537994,0.8521229825390564,0.7497055678280955,0.9624724756060739,0.9282725629505149,0.7462299379986133,0.9256951312189832,0.8731946797793115,0.8889850942302338,0.8957156269639841,0.9248202875667846,0.9124559366883973,0.8196136051637439,0.9149270915494647,0.3647019568709454,0.9785871744260106,0.3647019568709454,0.9304988453613832,0.8666109663611836,0.9776317763878946,0.9846889590045791,0.9850515302938129,0.9227089361519578,0.7607639374317513,0.9882715677561684,0.8313795545512619,0.9438328971193495,0.8674537264392492,0.9254476077793645,0.8426742380081509,0.8203723848093065,0.9786956632941387,0.3875452758336596,0.863628951268833,0.7506252727699232,0.9406910117203195,0.921349706490187,0.8379731241562096,0.440161874610815,0.9148508150747282,0.8030235810885908,0.9282725629505153,0.9692174538198721,0.9912027685634361,0.9190580923273534,0.934226863825899,0.9905567216171918,0.8647606979879741,0.8964228513787131,0.9758294481296057,0.934226863825899,0.9828411417374174,0.9808801284321398,0.9311946072310933,0.8910607891360043,0.9091923098144419,0.9254476077793647,0.9624724756060739,0.9737908887413688,0.9994890516008976,0.9254476077793645,0.9254476077793647,0.7408045626981752,0.9342268638258986,0.9530696520404933,0.7649766650409142,0.8908074406456203,0.7958127961650447,0.9052996122898687,0.9200475251844389,0.923980167630279,0.9149270915494647,0.9282725629505153,0.9787905186531649,0.8276288089095227,0.9730862985612765,0.8900683556162932,0.8684742769407376,0.9387302915817349,0.9683469235451458,0.7807931380917066,0.9092105144882998,0.7308143252698347,0.614492009548009,0.8669092175112222,0.9373855340691761,0.8592686161996737,0.9373855340691761,0.9323959366850341,0.9830296087723853,0.8851947941280291,0.9792750106568118,0.3647019568709454,0.9282725629505144,0.846846556117637,0.8921587537070734,0.934226863825899,0.9824887176061117,0.9174557485535397,0.3647019568709454,0.9377834594303427,0.9342268638258986,0.9406910117203193,0.9432056056850397,0.8008640812911393,0.8964228513787131,0.9282725629505153,0.90129327571072,0.790443427479598,0.900810973023598,0.9100373996478226,0.8107828531547117,0.9730862985612763,0.9023193977639938,0.8206635321074089,0.9470007361724491,0.9432056056850397,0.9414034319999551,0.9764609614188553,0.8722428588429538,0.9957703942304204,0.9124559366883973,0.3875452758336596,0.9068683511770192,0.8433448836577029,0.9737908887413688,0.971593820965816,0.7735992152623807,0.3647019568709454,0.8730357174097793,0.9000905586095038,0.8741496598639455,0.9298297898147685,0.8385562148702536,0.9763459093546183,0.3647019568709454,0.3647019568709454,0.8900683556162929,0.8751550551919565,0.906231166514764,0.36470195687094553,0.9373855340691761,0.9200475251844391,0.8780124908814337,0.8381959666424068,0.938209727979699,0.9458430027009459,0.8799703801338816,0.9407634795537994,0.7960089992369015,0.9118469402699503,0.3647019568709454,0.882676288743776,0.8684742769407376,0.9936270868740373,0.8678248236684096,0.9115521004643148,0.9938517939562712,0.9254476077793643,0.9933625464337569,0.3647019568709454,0.738821268012477,0.8921587537070734,0.9017843970917523,0.8122451903075891,0.922708936151958,0.7941558919271765,0.9100373996478222,0.3647019568709454,0.9373671794167442,0.687587093033853,0.3647019568709454,0.9431338207947484,0.9852200055009948,0.8126260034059012,0.7874762380130187,0.9825299313424135,0.3647019568709454,0.8486446468311641,0.9845520344920218,0.9311946072310933,0.8784370592941301,0.8996169386666997,0.9628165167306366,0.9245635474895797,0.8364841448033244,0.9730862985612763,0.891060789136005,0.8923668834222103,0.9925457549106912,0.9595103654448999,0.8013719989013892,0.863050050092609,0.48456087632456224,0.9776317763878943,0.8921587537070734,0.3647019568709454,0.9587907869179463,0.8451030973273084,0.959211602100029,0.9438328971193495,0.9846889590045791,0.36629624801335214,0.9697430427441189,0.922708936151958,0.4085772280390687,0.90534156988644,0.9200475251844389,0.9863342705377391,0.8326525336486545,0.8485974223311197,0.9342268638258986,0.8709743945259592,0.9373855340691761,0.9076672018071594,0.9711696109045853,0.9186727446358354,0.9407634795537994,0.9934000968343186,0.7814016529051673,0.8079546705871175,0.777123552939844,0.5452505813237563,0.9030571559620832,0.9258909271026614,0.9730862985612763,0.9323959366850338,0.8416368978310873,0.9431109562544522,0.9966622748365284,0.9446701888736624,0.9791844484148314,0.8819472699932516,0.9270484544007072,0.9104895383671678,0.8771302189140855,0.9638865172683291,0.9808801284321398,0.8279993553837639,0.94037212874745,0.9676994339018856,0.5208455105092865,0.7717101843375072,0.9438328971193495,0.8292315098646662,0.8964228513787131,0.9539249481695848,0.90142416849774,0.9254476077793645,0.996895788629215,0.8461374468406959,0.9298297898147683,0.849263229041187,0.9877180384539761,0.9065048223856089,0.9279846257000834,0.9311946072310933,0.8684742769407374,0.9536751187028221,0.9536751187028218,0.9236497967373472,0.934226863825899,0.9459529270485076,0.7848564392514799,0.8629228138935252,0.9174557485535395,0.9174557485535397,0.6462324751517239,0.8811280236189605,0.42803715108081064,0.8203723848093063,0.3647019568709454,0.9311946072310937,0.3647019568709454,0.3647019568709454,0.9515406232301193,0.5208455105092863,0.9323959366850338,0.3647019568709454,0.6582517189071551,0.9116663253777574,0.6677144639940105,0.8101415729689745,0.8594362238569955,0.7525639207223882,0.8751550551919565,0.7315834652955697,0.9067398239605343,0.9100373996478224,0.892871526299668,0.5045701786437081,0.9595690210200332,0.6782023226815452,0.5506046397679027,0.8819472699932513,0.9502774276431882,0.9149270915494647,0.8145391110417002,0.96621717201887,0.8364841448033244,0.9730862985612763,0.8433666659801875,0.9407634795537994,0.894276316207222,0.8986003425351379,0.9070892661026632,0.9431338207947484,0.931893375852241,0.9925457549106912,0.8824232395660978,0.9316363198749003,0.4936416665704557,0.9227089361519583,0.9799838870895972,0.9283464428678494,0.8089393498770416,0.6768537295504495,0.7749220256304648,0.7577906071962073,0.9637257078546358,0.8263153038820887,0.96089318452934,0.9744504119222785,0.9488335374664887,0.9996437898601822,0.7525639207223882,0.8709743945259592,0.9423684545889657,0.7486696473848218,0.9784698031455155,0.9628165167306366,0.9050856432599632,0.3647019568709454,0.9776317763878943,0.897889827165478,0.9200475251844389,0.7815549177292971,0.7575859317124708,0.9572080715751812,0.8839442688895067,0.7741751295306649,0.8986003425351381,0.9781697238107209,0.9373855340691764,0.7328275103708648,0.90534156988644,0.8603637465209746,0.36629624801335214,0.9905174556385541,0.9447214675447797,0.8666109663611836,0.8964228513787131,0.8082281573481018,0.8344220368906714,0.9477163275511471,0.8475162239405255,0.9023193977639941,0.7263058105565442,0.8030296199067852,0.9779557555761356,0.9373855340691761,0.900810973023598,0.98509883994281,0.7665675601779391,0.9687165782506401,0.5503952854627803,0.3875452758336596,0.6982869791204072,0.7700738017372333,0.9406910117203195,0.9016911851180709,0.9254476077793645,0.9298297898147683,0.897889827165478,0.9293058851115359,0.8451030973273082,0.9459529270485076,0.9512990813494242,0.7509077901946655,0.9053415698864404,0.9174557485535397,0.9282725629505149,0.9406910117203195,0.3647019568709454,0.9023193977639941,0.8317319502178697,0.9737908887413687,0.9045780474351903,0.36470195687094553,0.9489273143799765,0.7829885264454604,0.9871127585444956,0.6231104061904366,0.8751550551919569,0.8788359888067379,0.9059163536305568,0.9318385392633053,0.885962571287352,0.93311684814232,0.6104152504851492,0.8279993553837639,0.9311946072310937,0.873194679779312,0.8880034676011164,0.9730862985612765,0.8666109663611834,0.9406910117203193,0.9517801630988367,0.9149270915494647,0.999643789860182,0.9076672018071592,0.8880034676011164,0.9200475251844389,0.9017519241542784,0.8887564396301435,0.9877180384539761,0.9200475251844389,0.9407634795537994,0.7314962384387298,0.9825299313424135,0.3875452758336596,0.9776317763878946,0.4280371510808101,0.3875452758336596,0.3875452758336596,0.6465325184204065,0.3647019568709454,0.9536751187028218,0.6559705154148723,0.3647019568709454,0.8964228513787134,0.7812175412753589,0.9877180384539763,0.9730862985612763,0.9662171720188699,0.922708936151958,0.3875452758336596,0.7368307884261367,0.8619540122883984,0.9562611207259676,0.9856718897578967,0.3647019568709454,0.9355870190267446,0.9254476077793647,0.8964228513787131,0.9976737266902119,0.8831523375856205,0.9342268638258988,0.922708936151958,0.9747559458370869,0.8666109663611836,0.7664366493157013,0.9200475251844384,0.5512958215828085,0.8760725711965929,0.8819472699932516,0.6863079408213397,0.982324224352259,0.9877180384539761,0.8900683556162929,0.9254476077793645,0.8538985259150682,0.9629566539628114,0.3647019568709454,0.9458430027009458,0.9080495116488725,0.9373855340691761,0.8052505154248208,0.9948943007172464,0.9438328971193495,0.9401306452363304,0.36629624801335214,0.6750514708407152,0.9935048093923297,0.3647019568709454,0.3647019568709454,0.6455407483301259,0.906132672125149,0.8468465561176373,0.7719534430332047,0.9557960300800213,0.8070329144705364,0.8089393498770416,0.9675632022992455,0.894276316207222,0.9627481683919339,0.3647019568709454,0.8693154315260123,0.9776317763878943,0.9406910117203195,0.7741751295306647,0.934226863825899,0.9460941969181726,0.3647019568709454,0.3647019568709454,0.9893402436130383,0.9647506825559773,0.9830161929755521,0.9030571559620832,0.7961171350234422,0.8931535433523752,0.8507670614667088,0.8931535433523747,0.9805720388426737,0.8065601316392428,0.36470195687094553,0.8666109663611834,0.9873830485894888,0.9227089361519578,0.8518084376617914,0.677605293144088,0.855034582201583,0.6931243366702048,0.8703513274042389,0.98509883994281,0.8422363543836029,0.3647019568709454,0.9355009198683293,0.9000905586095038,0.8673952205917315,0.8221170985444857,0.788167832519094,0.9470007361724493,0.7480320157454754,0.8329350544427527,0.9311946072310933,0.9865541357419371,0.9125026367902922,0.9948943007172464,0.9934000968343186,0.8101893197884852,0.5221050562443785,0.9432381110149245,0.9282725629505149,0.3875452758336596,0.8549295643567537,0.8880034676011164,0.9248202875667844,0.9684599111378718,0.9406910117203195,0.8666109663611836,0.9406910117203198,0.9406910117203193,0.846846556117637,0.0,0.8364841448033244,0.9458430027009459,0.9373855340691761,0.9407634795537994,0.9784698031455155,0.8160270903286846,0.9100373996478233,0.691607327664258,0.9784078757357106,0.718936468238927,0.9227089361519578,0.7505633089230064,0.6538209733115286,0.6857255782629476,0.7141577586052059,0.3647019568709454,0.8296873519133925,0.9647506825559773,0.7157879781321868,0.9373855340691764,0.9643354540158497,0.8964228513787125,0.8577765820174561,0.3647019568709454,0.6682149176487284,0.752563920722388,0.8964228513787127,0.9565932446153622,0.9751834394288925,0.9627481683919337,0.9282725629505149,0.6292526012917128,0.6680977202356666,0.8107324876548379,0.9631901563402026,0.8986003425351379,0.9196835478805555,0.9406910117203193,0.9348849767198617,0.9647506825559773,0.8910607891360045,0.8900683556162929,0.909210514488299,0.705235341633895,0.7602831845877092,0.9200475251844387,0.3875452758336596,0.942555077359967,0.8459790242617611,0.7599837167429988,0.9169203870670015,0.9569983624615561,0.3647019568709454,0.833338041037017,0.8497374957425918,0.8780124908814337,0.3647019568709454,0.9473570848408807,0.9692425163660798,0.934226863825899,0.5208455105092863,0.3875452758336596,0.9642114215400033,0.7288354762615121,0.838195966642407,0.9214006317669097,0.9520327067645514,0.9348849767198617,0.7641110283299366,0.3647019568709454,0.9824022450896785,0.3647019568709454,0.9877180384539763,0.8179166933767428,0.9696219508220778,0.9406910117203195,0.9812781717549797,0.8434120936376892,0.9306784711055769,0.8780124908814337,0.3647019568709454,0.9161175457876019,0.9863790326685805,0.7857378238579709,0.9779557555761353,0.6677144639940114,0.9236497967373473,0.6060074735647019,0.974715541125182,0.6020458190139335,0.9707883942532317,0.7348329333387147,0.6020458190139335,0.94037212874745,0.9282725629505155,0.8908074406456203,0.6020458190139335,0.9406910117203195,0.8666557562729355,0.9850988399428099,0.8908074406456208,0.9174557485535397,0.9431338207947484,0.8964228513787131,0.9771332625934286,0.9830296087723855,0.919976486541244,0.9223722925387854,0.9064607722997906,0.9174557485535397,0.9784698031455155,0.7700889996321184,0.878012490881434,0.897393637648227,0.9583117088330115,0.6305581566589719,0.9106214968605923,0.8900683556162929,0.9227089361519578,0.9254476077793645,0.8451030973273082,0.907740782913099,0.9165846532781936,0.9188713671930944,0.8952641970718371,0.9282725629505149,0.9311946072310937,0.7262834114179944,0.8839442688895065,0.8772733401305446,0.8917348229536437,0.9139500985208797,0.812925235344637,0.9008109730235982,0.8799703801338812,0.9905461600724845,0.9948184212153599,0.8537909162704223,0.862922813893525,0.949043209653214,0.8422222948242524,0.9311946072310933,0.9624724756060739,0.7641577038692045,0.8921587537070723,0.9948943007172464,0.8839442688895065,0.9780548428444061,0.7781942576114906,0.8909818324860737,0.90534156988644,0.8147018156280894,0.96089318452934,0.8397594488671771,0.8855710551223293,0.9254476077793647,0.9227089361519578,0.9162292823420015,0.8859625712873518,0.9254476077793645,0.9554971734342828,0.9578611672843358,0.858585748526077,0.9994890516008976,0.9994890516008976,0.963773907661697,0.9320611426402996,0.873194679779312,0.9254476077793645,0.987110813266634,0.9320611426402994,0.9311946072310937,0.9213303814543552,0.9293058851115359,0.922708936151958,0.9373855340691764,0.890807440645621,0.934226863825899,0.8141105424763686,0.9311946072310937
p295_T,0.8358241346228161,0.8800330897565916,0.7787147951083382,0.9190338370173665,0.8815663594924682,0.9229405345355655,0.7466800441628543,0.7426844736337078,0.29420473541489023,0.9186457666042602,0.9408189766409165,0.9992385990138162,0.8912284305451956,0.8415030753570436,0.9973380554606619,0.8443053676097494,0.9545845879666097,0.8598831469664705,0.9524487759376711,0.9186457666042604,0.8893122904260451,0.8740433118343502,0.9284021172811179,0.8995766368965674,0.8711248729670611,0.36904276709716055,0.8862550362254633,0.6832645708128804,0.9186457666042602,0.6517217600665353,0.4371894288005783,0.8886361505503633,0.9164658576765585,0.46797779136304596,0.8074613783809506,0.9145417437978425,0.8995766368965674,0.8831126597162939,0.9229405345355655,0.8571671175052391,0.794240698477622,0.8626344708228049,0.9229405345355655,0.6580769728632825,0.9545845879666095,0.6880130601454364,0.9031349604797554,0.6012935456325088,0.8571671175052396,0.7528079343576732,0.9068053912485843,0.6923796811504062,0.36904276709716055,0.8800330897565913,0.9164658576765585,0.8544842329828615,0.8544842329828617,0.8961186971729789,0.6511448847836678,0.8894657784451023,0.34179276650666846,0.5835188594713101,0.9169997459247199,0.8155906448111347,0.910601968746465,0.49024905943773944,0.9068053912485843,0.8455037354195383,0.7235929295143192,0.9145417437978425,0.8389825607049832,0.8571671175052396,0.970223678284496,0.515725699420372,0.8961186971729789,0.7677968477425354,0.9052964331108346,0.877011423768419,0.6412104787151401,0.9229405345355657,0.9727227530771649,0.8654234385275945,0.8492101642117771,0.9402087566796574,0.8961186971729789,0.8315490164612092,0.9384379605067438,0.6448596549806288,0.8037466541044316,0.8927512325175624,0.8961186971729789,0.7990833720880766,0.704350425350311,0.5983722092217458,0.8492101642117773,0.9040271458440701,0.7944562702892308,0.7699714700059181,0.5535779357797002,0.5082263626936001,0.8821656806165816,0.9031349604797552,0.8961186971729782,0.8507052316754686,0.7723089717944641,0.9145417437978427,0.8101720865063555,0.5194277997479204,0.9324146244726688,0.5082873511028967,0.7650269940759147,0.8626344708228049,0.49379672633032823,0.8148220981232182,0.9031349604797554,0.5365059898026081,0.8800330897565918,0.9145417437978427,0.9229405345355652,0.40910365946303606,0.9873599883451964,0.7656260953636835,0.8711248729670613,0.8466154872169023,0.8598831469664707,0.5912025134779115,0.8995766368965674,0.8229735382195595,0.928754622007103,0.9473071062272793,0.35062752023741084,0.9031349604797552,0.9068053912485843,0.9229405345355655,0.8862550362254635,0.7517622723226811,0.9434107750362353,0.9068053912485843,0.9068053912485843,0.8894657784451023,0.6486434204377411,0.9186457666042598,0.49024905943773944,0.7561204652506393,0.7898616067426061,0.5567862342002347,0.7476603518359085,0.4436567499371633,0.8852751342149696,0.6337916942673323,0.9186457666042602,0.7669638112313573,0.7404251116329643,0.7999824600188289,0.9068053912485843,0.49634849817097326,0.826857651523647,0.8720369070789846,0.8532486817312562,0.7656260953636835,0.6858098920627479,0.9031349604797552,0.8654234385275945,0.8915197571609397,0.789769937370566,0.8291101870432285,0.7854387659465489,0.8155906448111352,0.9298859761394196,0.7883495493497481,0.8673466625771513,0.8927512325175624,0.5088424714415803,0.7277545289637417,0.6722511881227056,0.8454344032830188,0.9145417437978427,0.9563972237144256,0.9121464207633891,0.8073538438296277,0.9365648697206324,0.48767049659214456,0.8544842329828617,0.8927512325175626,0.7930648132661495,0.7707020507405313,0.3738564638029648,0.8204149604942712,0.8800330897565913,0.8964003490509322,0.8894657784451023,0.844516222689156,0.6526623694778175,0.5217823978109797,0.8526199908570808,0.8961186971729789,0.8995766368965674,0.9595554859827866,0.8179959617530399,0.8138886201070668,0.3658049717426435,0.8927512325175626,0.8961186971729789,0.7677270392424753,0.5536475264117982,0.9186457666042602,0.8961186971729789,0.7423546983086875,0.4013562524908397,0.3817277363849694,0.519462410269369,0.805569445173307,0.8927512325175626,0.8961186971729789,0.775451319561822,0.8961186971729788,0.6419071684179567,0.7039670617548672,0.6803684537682735,0.8961186971729789,0.7161768939012263,0.8961186971729789,0.6972602571007163,0.5578864256132235,0.8291101870432285,0.7650269940759142,0.903134960479755,0.5777750275329074,0.8894657784451021,0.8682526269766766,0.9052964331108346,0.8526199908570808,0.5635960361912685,0.8589357875457218,0.9068053912485845,0.8582905374781611,0.9587170445614022,0.8010095457376831,0.8739637071592441,0.5943448869447282,0.449603411104312,0.9204198120960367,0.7656260953636835,0.7600856838664785,0.8961186971729789,0.8932471634627223,0.8961186971729789,0.6747158182592947,0.8266892096935974,0.9477170828887949,0.8791091811518512,0.5459832927998303,0.8995766368965674,0.793700988864654,0.8711248729670609,0.7809134539375331,0.9089152002046674,0.3938510701126593,0.9031349604797554,0.7746054952488164,0.707813664802232,0.9447666921891392,0.8927512325175624,0.9618517021806039,0.8316421357269073,0.9229405345355655,0.6426113125077229,0.9584151442884197,0.8626344708228049,0.6017909716776626,0.8002462986601517,0.9477170828887946,0.9321692861137403,0.985078696756643,0.5797440020405431,0.9145417437978427,0.44228029978587735,0.5310664785346566,0.8654234385275945,0.9628783385345432,0.9145417437978427,0.9736470507180457,0.5058867139920247,0.910601968746465,0.8131983326178949,0.8415030753570434,0.9031349604797552,0.8340066608386394,0.5903135947546724,0.8894657784451023,0.9031349604797554,0.903134960479755,0.5880140275791259,0.9145417437978425,0.6122712359013519,0.47615371812203333,0.7656260953636833,0.8683332392798715,0.9145417437978425,0.8961186971729784,0.8571671175052393,0.8894657784451026,0.9068053912485843,0.4907724314943225,0.9403797215177441,0.9031349604797552,0.8571671175052407,0.9510164975792013,0.654650709817473,0.9986118598060212,0.9626451869741437,0.8719254137588763,0.8782520626468691,0.718790797707155,0.7583430334832887,0.9186457666042602,0.49231687083362696,0.9186457666042602,0.9337231676669702,0.9473071062272793,0.8148220981232182,0.8994369109414204,0.8961186971729789,0.5613426174286822,0.8010095457376827,0.8598831469664707,0.9145417437978427,0.9956328547950859,0.8927512325175626,0.8961186971729789,0.8711248729670611,0.9145417437978425,0.9229405345355652,0.886727254733962,0.6877403766656691,0.8654234385275945,0.9477170828887946,0.7589785959421813,0.6501227446051048,0.9630595002254725,0.4831765790386823,0.7085551729432591,0.9821062119112849,0.4430486646559635,0.6635254737315102,0.5983373891850424,0.5799731721613093,0.9229405345355655,0.5727397361674414,0.8340066608386385,0.5479522673074656,0.8862550362254638,0.8927512325175624,0.8645078348460993,0.7656260953636835,0.49379672633032823,0.5226859648330933,0.6293138833059841,0.8961186971729789,0.37632009626879936,0.8808481106710586,0.8364841448033244,0.8315490164612092,0.9650737860076908,0.6691192808944515,0.8961186971729789,0.8961186971729789,0.8571671175052396,0.8473093444372548,0.7295526973584181,0.8961186971729788,0.9186457666042602,0.8961186971729782,0.8415030753570436,0.789769937370566,0.5377149621113888,0.8961186971729782,0.8440469376552966,0.9052964331108346,0.6569291052502424,0.6239181812193906,0.8961186971729789,0.7569760701305275,0.8534914491504229,0.5825598673848769,0.5610146612964175,0.8964003490509325,0.7333473653697744,0.9031349604797552,0.5225281661912788,0.8961186971729789,0.6014708230827575,0.9741163448829686,0.510171486228856,0.8177088043524872,0.8995766368965676,0.6712280665048049,0.8831126597162942,0.8961186971729789,0.9756852343059237,0.5645759135508979,0.8961186971729789,0.974930466144386,0.5734996540744927,0.6770246072637978,0.6222313635184324,0.5388621105743168,0.8961186971729789,0.7358883613204588,0.5065114178965885,0.9106019687464648,0.7313463225978565,0.654650709817473,0.806149152994816,0.4589336529255913,0.7875457875457872,0.9031349604797554,0.9615766196677189,0.3223922422543303,0.8682526269766766,0.43325404914882293,0.8351406488985584,0.7354913214104724,0.9284021172811183,0.9068053912485843,0.8598831469664705,0.8961186971729789,0.9145417437978425,0.7987442903971531,0.6386678025315686,0.867758364741591,0.9063858417099546,0.9245106322139443,0.667985501231078,0.8995766368965676,0.8894657784451023,0.9408189766409163,0.9702236782844957,0.9126349348227398,0.7526670534170279,0.8032844254553135,0.9145417437978427,0.4091529502755288,0.9884981945888781,0.8265503046480774,0.8983273721288974,0.6541498339148528,0.8740433118343502,0.9186457666042602,0.670556626445538,0.8051708813488527,0.8805576800070312,0.891668947296401,0.9365495543873186,0.822848352223368,0.8994369109414213,0.908794040959888,0.7942406984776216,0.8548309103084436,0.8949624583202775,0.6933605895180578,0.9727227530771649,0.410663684949374,0.7062627433627988,0.6703889255412165,0.8277613464311122,0.9204198120960365,0.57064676058424,0.8170094775225409,0.9517482268820949,0.8949624583202775,0.8983273721288978,0.6269617859286947,0.9089152002046674,0.7486535174635849,0.8949624583202778,0.8266892096935972,0.6256986327034515,0.9031349604797552,0.8539596452843634,0.6526623694778175,0.8808481106710588,0.9223403764787008,0.8637757890946799,0.8573582247595652,0.5694907415400292,0.910601968746465,0.8778727112576177,0.8862550362254633,0.886255036225464,0.9477170828887946,0.9145417437978427,0.846615487216902,0.6432546318422064,0.8218972369091531,0.8927512325175624,0.8927512325175624,0.6575775310229254,0.8327414253592276,0.886255036225464,0.7561204652506393,0.8961186971729789,0.910601968746465,0.8961186971729789,0.8961186971729789,0.4919535371464223,0.8682526269766768,0.8340066608386385,0.8961186971729789,0.5193780129070737,0.42682975336975093,0.9473071062272793,0.8377579596656606,0.7569760701305275,0.6672160111770715,0.8032844254553135,0.8010095457376838,0.41842464215668007,0.9164658576765583,0.9458033301344511,0.910601968746465,0.4536141174959737,0.7069109409728536,0.4539721060033014,0.846615487216902,0.8167085586413266,0.8894657784451026,0.7981638472950214,0.910601968746465,0.8084501705191358,0.9031349604797554,0.9255349418668277,0.936549554387319,0.9207034237699974,0.8682526269766766,0.5030414899296389,0.8440469376552966,0.47605730694604287,0.8610746666533362,0.9878086967234538,0.8994369109414206,0.9696910817832283,0.8995766368965676,0.9608320408928344,0.5721655057633518,0.7230956782566549,0.9068053912485845,0.7953973483088588,0.9545845879666099,0.6722979249480798,0.7743335330711709,0.928754622007103,0.5825598673848769,0.8492101642117766,0.9229405345355655,0.6190026319968605,0.392077042351072,0.8010095457376827,0.6140469724291688,0.8740433118343502,0.964134524964922,0.8923766132927751,0.8961186971729789,0.9068053912485843,0.5857395223841,0.9331711877287372,0.7339763346209489,0.9678026756638032,0.7600856838664786,0.8492101642117764,0.6877892459275579,0.8983273721288974,0.5324624169790052,0.9186457666042604,0.6256986327034517,0.9089152002046674,0.8200416030030125,0.8894657784451023,0.9831722535970873,0.7753537713040604,0.8266892096935972,0.8949624583202775,0.7422385599795294,0.36348284001758313,0.6126602286290415,0.8817895885150384,0.8589357875457213,0.6166412183168162,0.7161768939012263,0.8881270742710536,0.9186457666042602,0.8711248729670613,0.9475951645414276,0.6871712265544665,0.7840531310342947,0.7066667697292504,0.8927512325175624,0.6308690057809887,0.6748132219968512,0.9229405345355655,0.9802917363160818,0.8204656595098915,0.9547967519858331,0.8778727112576175,0.8626344708228049,0.9721096511741014,0.846615487216902,0.9630595002254725,0.7920014344679198,0.877011423768419,0.8927512325175626,0.9068053912485843,0.971803912061864,0.8961186971729789,0.8589357875457215,0.7428231709152555,0.5742274500172817,0.8364841448033244,0.8961186971729788,0.49918994276946416,0.6573431693626481,0.9012283516707328,0.841503075357044,0.8032844254553129,0.7990833720880766,0.5880930613946074,0.896383837497065,0.8518325205937485,0.8749974142636434,0.40799010636544153,0.7765216012257232,0.910601968746465,0.8010095457376827,0.8544842329828617,0.9031349604797552,0.8749363683070703,0.9229405345355652,0.9882158233842637,0.8894657784451028,0.9229405345355655,0.8800330897565916,0.8544842329828615,0.8961186971729782,0.761574476763705,0.7634589213141174,0.9967852693591666,0.9702236782844957,0.9696910817832284,0.567339304833324,0.4907724314943225,0.8927512325175624,0.9068053912485843,0.920419812096037,0.8927512325175624,0.8927512325175624,0.8340066608386392,0.8961186971729789,0.8862550362254638,0.8327414253592278,0.8961186971729789,0.8654234385275945,0.8170094775225407,0.7751028022516895,0.9031349604797554,0.910601968746465,0.8995766368965676,0.8927512325175624,0.6308690057809883,0.5148452464432481,0.5904019602833503,0.7178316609677988,0.8961186971729789,0.8101720865063557,0.9031349604797552,0.9245014781129608,0.5446200879780418,0.8124908642099102,0.9145417437978427,0.9377836865370688,0.9630595002254723,0.9231835269205428,0.8711248729670613,0.9702236782844962,0.8266892096935978,0.8389825607049832,0.9527184626217198,0.5234245190266891,0.9408189766409163,0.9145417437978425,0.8571671175052396,0.9031349604797554,0.9004494419178448,0.44365674993716275,0.8961186971729789,0.8961186971729784,0.7591341812715484,0.9186457666042602,0.7016679246337982,0.8862550362254638,0.9089152002046674,0.4738566022992853,0.9245106322139443,0.5506578566346065,0.5654201818038314,0.8961186971729789,0.8961186971729789,0.8481610425035302,0.6712280665048049,0.8228483522233678,0.6350737583902641,0.39659295299663155,0.6222313635184324,0.6725968735750862,0.5291662808895049,0.8626344708228051,0.5092995414585009,0.8961186971729789,0.8825193498213124,0.9068053912485843,0.9229405345355655,0.654666887082052,0.9145417437978427,0.500712962357545,0.8961186971729789,0.8961186971729789,0.5404628765802756,0.8961186971729784,0.5393942443347115,0.8740433118343502,0.7075588558188874,0.7942406984776218,0.9609391628261608,0.7942406984776214,0.5557085333841475,0.69455751656586,0.8961186971729788,0.8266892096935972,0.4954802990528099,0.8995766368965674,0.9145417437978427,0.9062463340473583,0.7527326497397694,0.817166440850736,0.8315490164612092,0.9093881149009262,0.747233530298248,0.8961186971729789,0.46638904399043757,0.9054976577759835,0.5225610188499513,0.7769061469474408,0.7608773661277795,0.9778386249550355,0.7727844309283914,0.7010712055984356,0.9618517021806037,0.6113703715971509,0.40648991117785993,0.9204198120960365,0.9186457666042604,0.951748226882095,0.9973253556379068,0.5092995414585009,0.9477170828887949,0.8927512325175624,0.40736796160041744,0.8963827383136589,0.8508127890003334,0.864507834846099,0.9229405345355657,0.8266892096935972,0.9229405345355655,0.9229405345355652,0.8010095457376827,0.8364841448033244,0.0,0.7333563972694327,0.9186457666042602,0.8740433118343505,0.9990557969402876,0.6901133443391285,0.9164658576765581,0.9272318200347354,0.8821656806165816,0.4329904919155674,0.8995766368965674,0.5581644194356519,0.8315490164612087,0.5266411125606443,0.574062800912067,0.8961186971729789,0.778714795108338,0.8815663594924685,0.6651754765146636,0.9186457666042602,0.9207034237699971,0.4256400864480139,0.9330692552416839,0.8961186971729789,0.5966894101227903,0.6190026319968605,0.9835795176983271,0.5292276691527431,0.5486168030403282,0.5092995414585009,0.9068053912485845,0.48119064370616826,0.9050583317652043,0.7220811858735878,0.643613345065782,0.8682526269766764,0.6792311999710756,0.9229405345355655,0.8682526269766766,0.9331711877287372,0.8343952307678697,0.8852751342149692,0.42264950782428334,0.8228483522233687,0.6449304184915599,0.992723831159745,0.8927512325175624,0.46056672383714403,0.7161768939012267,0.7875457875457876,0.550770454317902,0.5803965837892191,0.8961186971729789,0.5884705036099185,0.7204754264382178,0.8415030753570434,0.8961186971729789,0.5362551864136729,0.8831126597162942,0.9145417437978427,0.8983273721288978,0.9287546220071028,0.7028998376527329,0.9973253556379067,0.8529152647120746,0.8821656806165816,0.9263307834074883,0.8983273721288974,0.6336357289324259,0.8961186971729789,0.9609391628261605,0.8961186971729789,0.9145417437978427,0.7256805774195021,0.3365974344901713,0.9229405345355655,0.9298859761394194,0.7397927032257707,0.39552210954570444,0.8415030753570436,0.8961186971729789,0.9058108984168913,0.5174463148262927,0.7635923148019135,0.8731412310681066,0.8508127890003347,0.9068053912485843,0.846615487216902,0.8440469376552966,0.9022539733648123,0.5016988591959636,0.6442534714976182,0.9022539733648123,0.841503075357044,0.9068053912485843,0.7656260953636833,0.9022539733648123,0.9229405345355655,0.8598831469664705,0.9475951645414274,0.7852959134252,0.8927512325175626,0.8702236433531145,0.8654234385275945,0.3861735487223823,0.826689209693598,0.9284021172811179,0.3161836973555676,0.974184782236381,0.8552250410556551,0.87404331183435,0.6419071684179571,0.841503075357044,0.8204149604942717,0.6924830054082052,0.9463948397416264,0.8124908642099109,0.8852751342149694,0.8995766368965674,0.9031349604797554,0.507794266495056,0.9899660880631356,0.793570892150912,0.9063858417099546,0.4722467694959639,0.9068053912485847,0.910601968746465,0.8537837801642152,0.4247075284394377,0.8718884548302557,0.7987077769649197,0.846615487216902,0.8551148165986484,0.8711248729670613,0.4491820085036171,0.9331711877287374,0.5313127631854011,0.7505156416627576,0.8218972369091531,0.4077233814276914,0.795647759790584,0.9956328547950859,0.8340066608386387,0.8402638162871574,0.36904276709716055,0.9204198120960365,0.9298859761394205,0.8582905374781611,0.8115755552451696,0.6311487057960525,0.8770114237684188,0.9193059852428689,0.8927512325175626,0.8780605707095412,0.7670591413214418,0.9031349604797552,0.8995766368965674,0.46084172855915473,0.3025910021050504,0.9031349604797554,0.8131983326178946,0.49087755896399365,0.7746035938669331,0.8894657784451026,0.8894657784451026,0.5134649175275917,0.9245014781129608,0.8010095457376827,0.9031349604797554,0.4040864885898712,0.894962458320278,0.910601968746465,0.33772453076933506,0.8916689472964012,0.9377836865370688,0.9186457666042602,0.4082415460526304,0.9145417437978427,0.7269508365890496,0.910601968746465
p296_M,0.9222068768974643,0.9413411539914585,0.8918007079504509,0.9225015741707872,0.9851190476190477,0.9623211158059548,0.9678023231097267,0.9942689960699099,0.8620865922282488,0.9602211523225768,0.9398636845831869,0.8609949072773257,0.8609949072773257,0.9225015741707872,0.8428084617125349,0.9551293872486744,0.944383427890573,0.9314886672615053,0.9632002305182418,0.9602211523225768,0.8875255844205969,0.9384124008873462,0.9355809960386168,0.9508971383859763,0.9369854052620168,0.931488667261505,0.944383427890573,0.8242670087328137,0.9602211523225768,0.9711471702028196,0.9250013316406698,0.9544316996038,0.9428469360414604,0.9188361382271668,0.9851190476190477,0.9582144552981327,0.9508971383859763,0.9428469360414604,0.9623211158059548,0.9301606414450718,0.8993922310882436,0.9328339505740533,0.9623211158059548,0.8357032575839778,0.9950603702402812,0.8474513194974065,0.9526370111116407,0.9004911494084336,0.930160641445072,0.8193769882721237,0.9544316996038,0.8495864161552145,0.931488667261505,0.9430869529798077,0.9389176628943106,0.9288488221297497,0.9288488221297497,0.9492063492063487,0.9197926279183388,0.9459533477380775,0.8559654748218477,0.9046651286446747,0.9314886672615055,0.8993922310882434,0.9562880686171875,0.9140632734277364,0.9544316996038,0.9577985184431551,0.9670545960247572,0.9582144552981327,0.92126914699118,0.930160641445072,0.8537698412698405,0.8818175403500037,0.9492063492063487,0.8864622842804519,0.9384124008873462,0.9964123220916106,0.9155987622142241,0.962321115805955,0.9964123220916106,0.9341976401680094,0.926270021131592,0.9672736044508083,0.9492063492063487,0.9176344520056336,0.9938077685674778,0.9676706105860006,0.996354656978774,0.9475597985845114,0.9492063492063487,0.9279034959226291,0.9192092392514406,0.8665818516280219,0.926270021131592,0.9470207508424533,0.8896584524348268,0.8875255844205969,0.891274294542976,0.8062889078890338,0.9288488221297497,0.9526370111116407,0.9492063492063489,0.8580633769736241,0.9685537534522768,0.9582144552981327,0.9071820194155724,0.806050691847773,0.90006279115773,0.8785858980308768,0.8759110188590662,0.9127774219260275,0.8793180926172992,0.9094556823349393,0.9526370111116407,0.8219802313616454,0.9413411539914585,0.9582144552981327,0.9623211158059548,0.7670880414700154,0.9613940628375296,0.885400876353422,0.9369854052620168,0.92500133164067,0.9314886672615055,0.8205834610107541,0.9508971383859763,0.9874185022010289,0.9475597985845112,0.9580166426603276,0.6665997387433037,0.9526370111116407,0.9544316996038,0.9623211158059548,0.944383427890573,0.9056892759978574,0.9857001874039445,0.973053360823401,0.9544316996038,0.9459533477380777,0.8046479448175349,0.9602211523225768,0.7397319772351776,0.8717146038820363,0.8875255844205971,0.9517002303366318,0.598503620539,0.7682790600652863,0.97998139075904,0.8462580005670892,0.9602211523225768,0.6973118048252798,0.8869938104977824,0.9494565734115241,0.973053360823401,0.930160641445072,0.8950345750758602,0.9564021026822451,0.7693319769533167,0.885400876353422,0.8070467719220205,0.9526370111116407,0.986554806284329,0.7715834556054183,0.8972062142375332,0.9164419655193168,0.9558694433263362,0.8993922310882434,0.93073414094589,0.8225973325104771,0.9400771100284836,0.9475597985845114,0.92884882212975,0.8420784215528956,0.8846909396641924,0.9537464027925433,0.9582144552981327,0.8356711818336857,0.9647506825559771,0.9565760602192026,0.9117550006367756,0.8277444278022186,0.9288488221297497,0.7971798092312719,0.9841885663437668,0.8846909396641924,0.8608001868591055,0.9831735538001967,0.9413411539914585,0.9701429667321066,0.9298144168543093,0.7840535358650871,0.8511420268993706,0.7866211206538799,0.9457174376824435,0.9492063492063487,0.9508971383859763,0.9459533477380777,0.9386131743457118,0.9243006158446727,0.7471714123277674,0.9886251033694344,0.9492063492063487,0.9333068873774844,0.8713413234490406,0.9602211523225768,0.9492063492063487,0.980682779015039,0.9564664879277862,0.8681394999339207,0.9250234851679422,0.9049315186013055,0.9475597985845114,0.9492063492063487,0.8869938104977824,0.9492063492063487,0.9263050774651862,0.9579080044224919,0.9243006158446727,0.9492063492063487,0.8612222667022573,0.9492063492063487,0.8278085882470865,0.9071820194155726,0.9164419655193168,0.9092498603831318,0.9526370111116407,0.8061796741685837,0.9459533477380775,0.9355809960386168,0.9384124008873462,0.9060540201833016,0.8684904949817042,0.9486051204234524,0.9730533608234009,0.8993922310882434,0.6428073786283003,0.9027019168030599,0.9718218789028326,0.9152582079543841,0.9152582079543841,0.944383427890573,0.885400876353422,0.49500159292766277,0.9492063492063487,0.8650456874888592,0.9492063492063487,0.86656307549564,0.9152582079543843,0.973053360823401,0.8790589891285873,0.7780046509581318,0.9508971383859763,0.9589591641085063,0.9369854052620168,0.8928757609748674,0.9964123220916106,0.6970909090520432,0.9526370111116407,0.9044788524275964,0.8717146038820363,0.7943743572075033,0.9475597985845114,0.817639286262329,0.858173483507684,0.9623211158059548,0.7835937132975109,0.8719900286803045,0.9127774219260275,0.9359245759999371,0.9080511068923101,0.9544316996038,0.8168082149013267,0.7777200559261548,0.8838950705164461,0.9582144552981327,0.8200879828172234,0.9564021026822451,0.9865548062843288,0.8295306933275091,0.9582144552981327,0.9642261199468632,0.8702160404385453,0.9562880686171875,0.8982973238138034,0.9225015741707872,0.9526370111116407,0.9188361382271668,0.7652689524497791,0.9459533477380777,0.9526370111116407,0.9526370111116407,0.7985559379258663,0.9582144552981327,0.8612502633673055,0.8356348249208566,0.885400876353422,0.9345819304567233,0.806029602150991,0.9492063492063489,0.9301606414450718,0.9459533477380777,0.9544316996038,0.7431708752992903,0.9138478446145947,0.9526370111116407,0.930160641445072,0.959657136477295,0.8152867967569697,0.9683833021196732,0.8729220086343707,0.8932410283108934,0.7923174570100684,0.7502903431759329,0.9056658175513997,0.9602211523225768,0.7840535358650871,0.9602211523225768,0.9486051204234525,0.9992249226337292,0.9094556823349393,0.9773757151292212,0.9492063492063487,0.9544316996038,0.9027019168030599,0.9314886672615055,0.9582144552981327,0.9562880686171875,0.9475597985845112,0.9492063492063487,0.9369854052620168,0.963200230518242,0.9623211158059548,0.910601968746465,0.8813299315036967,0.9341976401680094,0.973053360823401,0.9603863440630983,0.8581734835076842,0.9369854052620168,0.6433291602337392,0.8409971458279797,0.9526370111116407,0.9188361382271668,0.869044468641188,0.9413411539914582,0.6373171537617014,0.9623211158059548,0.7833099084134085,0.9188361382271666,0.771194977674639,0.9443834278905732,0.9475597985845114,0.9882450462521555,0.885400876353422,0.7937812374916591,0.7636608045089458,0.818749855334769,0.9492063492063487,0.7450523201144432,0.9512934499841005,0.9200475251844387,0.9176344520056336,0.7929013742794152,0.7924069556780698,0.9492063492063487,0.9492063492063487,0.97998139075904,0.9791361767729917,0.9531337744920034,0.9492063492063487,0.9602211523225768,0.9492063492063489,0.9225015741707872,0.8972062142375332,0.8713413234490407,0.9851190476190474,0.9237454173815309,0.9384124008873462,0.8322525541058985,0.8082384637825225,0.9492063492063487,0.8811713725919914,0.9164419655193168,0.772573521897042,0.7698078233874494,0.9237454173815309,0.8696179154667714,0.9526370111116407,0.7792280426333984,0.9492063492063487,0.7973204052495693,0.9821075314053485,0.8588332480153075,0.9179397916598837,0.9508971383859763,0.8311464231994983,0.9428469360414602,0.9492063492063487,0.9927238311597453,0.8253697077132105,0.9492063492063487,0.9834594839173173,0.809022157130698,0.8420784215528956,0.8152867967569695,0.7431708752992903,0.9492063492063487,0.967054596024757,0.8646739158077177,0.9562880686171875,0.8517144868263764,0.8152867967569696,0.6927821528051884,0.9890271575839278,0.8961186971729784,0.9526370111116407,0.9514188109289151,0.8330826119645452,0.9044988266272493,0.8703425877209887,0.9399009776851528,0.8706662210952578,0.9578055524052941,0.9544316996038,0.9314886672615055,0.9492063492063487,0.9582144552981327,0.9015943008452876,0.9004164389796062,0.8904904028915422,0.927406180672594,0.9459533477380777,0.8552549043770041,0.9508971383859763,0.9919305345581159,0.9398636845831869,0.9492063492063492,0.9991271005058253,0.8790644420447882,0.9038142386822654,0.9582144552981327,0.7298864606206956,0.9574863565447541,0.5963712738936077,0.9888877218166614,0.8861808910318554,0.9384124008873462,0.9602211523225768,0.9732590375782124,0.9106973506487696,0.8918007079504509,0.932833950574053,0.9938077685674775,0.9027019168030597,0.9526370111116407,0.9188361382271668,0.8993922310882434,0.9104529844522264,0.9610880275993516,0.9750767117923149,0.8339417653831188,0.9250013316406696,0.8697493950485444,0.917523855807722,0.9442661027800154,0.8739479665019894,0.9563051999873259,0.8907283270583695,0.9683086794376969,0.986554806284329,0.935580996038617,0.8175997772209662,0.9398636845831869,0.8823910523641697,0.986554806284329,0.9152582079543843,0.9066997851253356,0.9526370111116407,0.9660700296626721,0.9380414785683449,0.9076027506473452,0.9372344714402792,0.9582144552981327,0.8160221828268203,0.9640062838948074,0.9562880686171875,0.9164419655193168,0.944383427890573,0.9443834278905732,0.9005384212506021,0.9582144552981327,0.9250013316406698,0.8255663034700992,0.9129151319089193,0.9475597985845114,0.9475597985845114,0.9736191354376754,0.9071820194155724,0.9443834278905732,0.8717146038820364,0.9492063492063487,0.9562880686171875,0.9492063492063487,0.9492063492063487,0.7486025637696189,0.935580996038617,0.9188361382271666,0.9492063492063487,0.7620403616697808,0.7166704674330449,0.9580166426603276,0.8835406899027953,0.8811713725919914,0.8058499662916012,0.9428307668638465,0.9027019168030599,0.7125472808372368,0.9428469360414604,0.6928550600870436,0.8176392862623291,0.961325151342389,0.8557200473059943,0.8957154500195301,0.9250013316406698,0.702446860765853,0.9919305345581159,0.9615753713848572,0.9562880686171875,0.8961186971729782,0.9526370111116407,0.9470207508424532,0.9507968637523909,0.964240297759334,0.9888877218166614,0.9385071228143441,0.9237454173815309,0.9457174376824435,0.935580996038617,0.7223272158432537,0.9073884413700832,0.9938077685674775,0.9508971383859763,0.5780848646668882,0.9504233082603579,0.8399134433261009,0.9544316996038,0.919285006617433,0.9345041683711356,0.9106983752712408,0.8896584524348268,0.9886251033694343,0.8852653845498549,0.926270021131592,0.9623211158059548,0.8058499662916012,0.6996198453415656,0.9414106494210732,0.8034406041869151,0.9384124008873462,0.9328036494727322,0.7402972109962753,0.9492063492063487,0.9544316996038,0.9164419655193168,0.9851190476190474,0.8612222667022573,0.9384124008873462,0.6192338283352756,0.926270021131592,0.8311464231994983,0.9355809960386168,0.7684493465640945,0.9602211523225768,0.7935775465776653,0.9964123220916106,0.6517220958600147,0.9459533477380777,0.8797999623621959,0.946092585873023,0.9580166426603276,0.9341976401680094,0.8811408140912373,0.8141203273193232,0.8106069085572603,0.9460590785519859,0.9188361382271666,0.8605006952168124,0.8612222667022575,0.6988689831026893,0.9602211523225768,0.9913026731221013,0.9136608016620085,0.8388272306091997,0.9811718853428997,0.99813410649239,0.9475597985845114,0.8527046452594772,0.8409971458279797,0.9623211158059548,0.8504648168526768,0.9073884413700832,0.9613251513423888,0.9164419655193168,0.9328339505740533,0.9015943008452876,0.9250013316406698,0.7371109875774762,0.8982973238138034,0.9398636845831869,0.9475597985845114,0.9544316996038,0.962321115805955,0.9492063492063487,0.9188361382271666,0.897424043303001,0.7652689524497791,0.9200475251844387,0.9492063492063487,0.771776914315244,0.8244397822834255,0.974955727319273,0.9225015741707872,0.9038142386822652,0.8918007079504509,0.9153139730017577,0.875573427740116,0.9275522446953857,0.8956288923209894,0.8434426242850428,0.8907283270583695,0.9562880686171875,0.9027019168030597,0.9288488221297497,0.9526370111116407,0.9580166426603276,0.9623211158059548,0.9757533722166009,0.9459533477380777,0.9623211158059548,0.9413411539914585,0.9288488221297497,0.9492063492063489,0.8720509229668817,0.8843412180810759,0.9582144552981327,0.8537698412698408,0.9384124008873462,0.8088546759561808,0.7715834556054184,0.9475597985845114,0.9544316996038,0.9443834278905732,0.9475597985845114,0.9475597985845114,0.9630223853436268,0.9492063492063487,0.9950603702402812,0.9471856021934963,0.9492063492063487,0.9341976401680094,0.8907283270583695,0.963200230518242,0.9526370111116407,0.8929968346358234,0.9813818316380162,0.9475597985845114,0.8243917750973906,0.7983254232663788,0.6379651977370269,0.9496792103557866,0.9492063492063487,0.9071820194155724,0.9526370111116407,0.9341976401680094,0.8670557377793238,0.9083158055901508,0.9582144552981327,0.9508971383859763,0.9913026731221013,0.956466487927786,0.9369854052620168,0.9851190476190474,0.9564664879277861,0.92126914699118,0.98096624704517,0.8932410283108934,0.947039040399966,0.9582144552981327,0.9301606414450718,0.9526370111116407,0.9471856021934963,0.7982515614792722,0.9492063492063487,0.9194444444444437,0.9165426167073853,0.9602211523225768,0.9565627197458326,0.944383427890573,0.9398636845831869,0.7687871932672707,0.9459533477380777,0.8134139491477805,0.7923706875053153,0.9492063492063487,0.9492063492063487,0.9564021026822449,0.8605006952168124,0.9027019168030597,0.8058499662916012,0.822597332510477,0.9014805048492296,0.8399134433261006,0.7746731083112832,0.932833950574053,0.7571027055111268,0.9492063492063487,0.938613174345712,0.9544316996038,0.9623211158059548,0.8311464231994983,0.9582144552981327,0.7285394965407898,0.9492063492063487,0.9492063492063487,0.7753053962697448,0.9492063492063489,0.767007050995713,0.9384124008873462,0.857008403331583,0.8993922310882434,0.9275522446953857,0.9750767117923147,0.8703116652636077,0.8506512873935232,0.9492063492063487,0.9152582079543843,0.8367448387721997,0.9508971383859763,0.727444287967365,0.8681394999339206,0.9919811947534958,0.9106019687464653,0.9176344520056336,0.9508971383859763,0.8904561153277737,0.9492063492063487,0.7360709153718037,0.9176344520056336,0.9870810478556494,0.8727631680356076,0.8654234385275943,0.9991271005058253,0.6623880554328871,0.8846909396641924,0.9683543830093181,0.9333068873774839,0.6945150159634079,0.9950603702402813,0.9602211523225768,0.9683086794376969,0.9314886672615053,0.7571027055111268,0.9544316996038,0.9475597985845114,0.8907170904724732,0.77676317943209,0.9152582079543843,0.9665120503695124,0.9623211158059548,0.9152582079543843,0.962321115805955,0.864460680468643,0.9027019168030597,0.9458430027009459,0.7333563972694327,0.0,0.9602211523225768,0.9384124008873462,0.8954014960722593,0.8616616667070358,0.9428469360414606,0.9475597985845112,0.9239571786511698,0.7769712860649973,0.9508971383859763,0.8529585859137299,0.9949841493208558,0.7705478291555957,0.8015241762228433,0.9492063492063487,0.8918007079504509,0.5910714285714271,0.9560615262442016,0.9602211523225768,0.9842968264073595,0.9341976401680097,0.8336323815959057,0.9492063492063487,0.7684493465640945,0.8058499662916012,0.9341976401680097,0.7668650526081319,0.7360709153718037,0.7571027055111268,0.9544316996038,0.7722936825350752,0.9660700296626721,0.8523220488281855,0.8022278398026617,0.9355809960386168,0.8431573539148043,0.9623211158059548,0.9355809960386168,0.9492063492063489,0.8982973238138032,0.9301606414450718,0.7146198675909554,0.9027019168030599,0.8392059565807761,0.9492063492063489,0.9475597985845114,0.7083340572373145,0.8612222667022575,0.8961186971729784,0.8852653845498551,0.79483132368562,0.9492063492063487,0.8163003843062466,0.8633240709217587,0.9225015741707872,0.9492063492063487,0.7722191842821251,0.8206822618300815,0.9582144552981327,0.935580996038617,0.9886251033694342,0.8766475407506158,0.9166547403069656,0.8972062142375332,0.9288488221297497,0.9706171664191838,0.9888877218166616,0.8129560940834348,0.9492063492063487,0.8790589891285873,0.9492063492063487,0.9582144552981327,0.9217519020931764,0.9075986905321644,0.9623211158059548,0.8354035823308777,0.9442907413333017,0.9049315186013058,0.9225015741707872,0.9492063492063487,0.9324745450850018,0.9186455320880671,0.9424231138899537,0.8869338257310104,0.9152582079543843,0.9544316996038,0.9250013316406696,0.8906643852161654,0.9971276925647266,0.9292058051524483,0.8231275036273116,0.9971276925647266,0.9225015741707872,0.9544316996038,0.885400876353422,0.9971276925647266,0.9623211158059548,0.9314886672615055,0.7782187417099931,0.9202651318010482,0.9475597985845112,0.9370619345667413,0.986554806284329,0.8915825642164801,0.9152582079543843,0.9888877218166614,0.9564021026822449,0.7709148626711195,0.9248100053233805,0.8400061283921276,0.873282791650819,0.9225015741707874,0.9015943008452876,0.9512173405541076,0.8393038505914019,0.9083158055901508,0.9799813907590402,0.9508971383859763,0.9526370111116407,0.906352123563853,0.9232268666741816,0.7823646060405737,0.9275522446953857,0.9470207508424532,0.9544316996038,0.9562880686171875,0.9940100642211115,0.9262700211315917,0.8985928086301802,0.7765306526370804,0.9250013316406698,0.9758344607938763,0.9369854052620168,0.9701429667321069,0.9492063492063489,0.8965609737822405,0.9453089334118425,0.9129151319089193,0.9386131743457118,0.9978802007178739,0.9562880686171875,0.9188361382271666,0.9573947735206049,0.931488667261505,0.944383427890573,0.926270021131592,0.9372344714402792,0.9644641533901628,0.9296415120950109,0.9398636845831869,0.7642583891701951,0.9475597985845114,0.9177771622806974,0.995974446347661,0.9526370111116407,0.9508971383859763,0.9215191722498273,0.9275522446953854,0.9526370111116407,0.9358682901281237,0.9142896034642765,0.9998241595801111,0.9459533477380777,0.9298144168543094,0.9030654324838645,0.9341976401680094,0.9027019168030599,0.9526370111116407,0.8901720775974222,0.9341976401680094,0.9562880686171875,0.8528139297820672,0.9842968264073595,0.9508971383859763,0.9602211523225768,0.870549335513194,0.9582144552981327,0.979347940247279,0.9562880686171875
p296_N,0.9456911600609685,0.9540615556502021,0.9605021604012387,0.7737033537115776,0.9602211523225768,0.9209839463193068,0.9749088664163685,0.8758841588239128,0.9246724996449085,0.9688473520249221,0.952904481298952,0.9589316626844853,0.9589316626844853,0.996705259555954,0.9814857905852672,0.8713174172545044,0.9676769377237683,0.9463456194504827,0.967275815149292,0.9280373831775702,0.8672068540255295,0.9517679141853161,0.9836543654419934,0.9615452872130625,0.9812882646010126,0.9463456194504827,0.9564441004788364,0.934561854210183,0.9280373831775702,0.9994667615320164,0.9412650880954541,0.9643133649175286,0.9552408029353749,0.9364368411420323,0.9602211523225768,0.9342541377090322,0.9615452872130625,0.9552408029353747,0.9704919301607371,0.945305581259918,0.7942849631106605,0.9473991727811977,0.9209839463193068,0.9842981000157078,0.9564441004788364,0.8533072052147275,0.9629078616894176,0.9220700353609519,0.9922673407988162,0.915264150341758,0.9448229719109481,0.8884404424512049,0.9463456194504827,0.9540615556502021,0.9552408029353747,0.7483233619898517,0.994242084296447,0.9602211523225768,0.8664998444650647,0.9576735770276548,0.9264265757108796,0.9781086623875049,0.990227237828481,0.9686270243184087,0.9398072791970182,0.9554534689260411,0.9643133649175286,0.926085680719904,0.9684253652597012,0.9672758151492922,0.9383422423783938,0.8049861069750173,0.9602211523225768,0.864272336783596,0.9602211523225768,0.8692793046054159,0.7705830352988499,0.9762381701099259,0.8616255760827236,0.9704919301607371,0.9762381701099259,0.985927565404734,0.9422586572762626,0.9902272378284808,0.9602211523225768,0.9354957453078971,0.9788198231857259,0.974681365940242,0.9627660172534371,0.9589316626844855,0.9602211523225768,0.9605021604012387,0.8011999848286615,0.925139185826386,0.9422586572762626,0.9220700353609519,0.9582784585508064,0.8672068540255297,0.9313348160788608,0.8580546626695638,0.994242084296447,0.9629078616894173,0.957486356544754,0.9671258766853235,0.9804836781759889,0.9672758151492922,0.9724383613004927,0.8767715147934851,0.9506503681784946,0.8660229158723238,0.9863695868970659,0.9473991727811977,0.8846162930362214,0.9688615129457161,0.9629078616894176,0.8656274904071584,0.9540615556502021,0.9672758151492922,0.5954115757594352,0.8888428923892238,0.9842981000157078,0.9976243215493139,0.9506503681784946,0.9409091189323957,0.9463456194504827,0.9790272564854458,0.9615452872130623,0.8913167644457044,0.9589316626844853,0.9336347991328913,0.9003549758958826,0.9629078616894173,0.9643133649175286,0.9704919301607371,0.9676769377237682,0.7806799850349806,0.9052897938321478,0.6722319823963763,0.9643133649175286,0.957673577027655,0.8320351042588818,0.9688473520249221,0.9353250363666972,0.8951926647784167,0.956091512537085,0.9299882837258,0.9928483866263512,0.8763243374738705,0.9453055812599183,0.8461628292403135,0.9280373831775701,0.9264265757108792,0.9649817692440881,0.8791510268941598,0.8539593087394244,0.945305581259918,0.9438509940381508,0.961230581848193,0.8880166939342053,0.9150035043198985,0.9917968552579539,0.9493957255905623,0.9203222717282118,0.8807174319218227,0.8467626924106705,0.9887119198512566,0.8913167644457045,0.9212094218042226,0.8188365372042745,0.878853978185034,0.9393074128728371,0.7212184631640921,0.9442782351269043,0.9514374462741437,0.9241944187271152,0.8847222613194277,0.8357840905673557,0.8987127601538667,0.8945707776353962,0.9550108469657219,0.9308912761119585,0.9127504202483341,0.9442782351269043,0.9589316626844853,0.9289368665380612,0.9628564332129779,0.9671258766853237,0.922933964066333,0.9540615556502022,0.9984192168061301,0.9644928340620881,0.8797714013940298,0.885190659749921,0.8707511192158013,0.9761261745674079,0.9602211523225768,0.9615452872130625,0.9576735770276548,0.9220700353609517,0.9063779890105814,0.915264150341758,0.9589316626844853,0.9602211523225768,0.9001341568853601,0.8707511192158013,0.9688473520249221,0.9602211523225768,0.9064142711340986,0.9872125588573133,0.9110833848585063,0.8880166939342055,0.8280147088658025,0.9589316626844853,0.9602211523225768,0.9649817692440883,0.9602211523225769,0.8884740070227128,0.9024034856722041,0.832241898968721,0.9602211523225768,0.9110230653978577,0.9602211523225768,0.9749088664163685,0.9273099638694318,0.95713801450767,0.8465316450632607,0.9629078616894173,0.8914207546882849,0.957673577027655,0.9495505106234361,0.9517679141853164,0.9244746277195349,0.908190745227105,0.9918036979367357,0.6722319823963758,0.9212094218042226,0.959385510350397,0.8336818782271094,0.9662454225678805,0.9336347991328913,0.9336347991328913,0.9564441004788364,0.9150035043198985,0.9576735770276548,0.9602211523225768,0.9238013891436974,0.9602211523225768,0.9702585608310068,0.9592096814182647,0.9643133649175286,0.9961565139931365,0.8561165010554976,0.9615452872130623,0.9327142329596736,0.7771041629395343,0.9018028471387468,0.9762381701099259,0.8913167644457045,0.9629078616894176,0.9362473724214273,0.8951926647784166,0.8780124908814331,0.9589316626844855,0.9657671730030435,0.804127717502596,0.9704919301607371,0.906414271134099,0.8694930837030936,0.9473991727811977,0.9395982191649277,0.9732379409084171,0.9643133649175286,0.9194920767890469,0.9122707563977991,0.8614494698822031,0.9672758151492922,0.8660229158723238,0.9857418255557402,0.985927565404734,0.9710638846211326,0.9672758151492922,0.9223095545373878,0.8903892529283981,0.8453817313970797,0.844259615505343,0.996705259555954,0.9629078616894173,0.9364368411420321,0.8488894389623105,0.9576735770276548,0.9629078616894176,0.9493957255905623,0.8380544030567032,0.967275815149292,0.8422398757411227,0.8863615183906015,0.8713174172545042,0.971042217461574,0.967275815149292,0.9602211523225768,0.92984026285755,0.9576735770276548,0.9643133649175286,0.8807174319218225,0.9854926765128263,0.9629078616894173,0.9453055812599183,0.934561854210183,0.9286501757717066,0.929090574034799,0.9094222802137257,0.9770095970867545,0.9147179766270432,0.871213740863837,0.9347325092118033,0.9688473520249221,0.9246724996449085,0.9688473520249221,0.9364368411420321,0.9336347991328913,0.9801145305445413,0.9629078616894173,0.9602211523225768,0.9643133649175286,0.9723047356695362,0.990227237828481,0.9672758151492922,0.9398072791970182,0.9611058687776597,0.9602211523225768,0.9812882646010125,0.967275815149292,0.9704919301607371,0.981485790585267,0.84756849174827,0.985927565404734,0.9643133649175286,0.906414271134099,0.840777647127605,0.9812882646010125,0.9552408029353749,0.8247629390184467,0.9629078616894176,0.9918036979367357,0.8604028387223072,0.9540615556502021,0.9299882837257998,0.9704919301607371,0.8870801309378658,0.8974625884738571,0.8614494698822028,0.9564441004788367,0.9589316626844855,0.9482759922174302,0.9150035043198984,0.8488894389623105,0.8498227077519458,0.8528136040604398,0.9602211523225768,0.9241944187271152,0.9354957453078969,0.9934000968343186,0.9902416640337588,0.9688473520249221,0.8788539781850342,0.9602211523225768,0.9602211523225768,0.945305581259918,0.9735615243851738,0.8354514756064966,0.9602211523225769,0.9688473520249221,0.9574863565447539,0.9967052595559541,0.8467626924106704,0.9061368756587871,0.9602211523225768,0.9984192168061301,0.9788198231857258,0.9102670965567944,0.8998457914288158,0.9602211523225768,0.8791510268941599,0.9887119198512566,0.8956947474420132,0.8625009993910637,0.940281523787128,0.9392271580257149,0.9629078616894173,0.8402999971050358,0.9602211523225768,0.8392345523720055,0.9902272378284809,0.953257304534218,0.9862457371929555,0.9615452872130625,0.8379818769593006,0.8966062547807158,0.9602211523225768,0.9186457666042602,0.8826723723783977,0.9602211523225768,0.943443090174868,0.8747790258604975,0.8983363361253104,0.8566477616876665,0.8451155112420421,0.9602211523225768,0.9609583908278738,0.8871895921957202,0.9657671730030435,0.9991870954884332,0.8926489687296866,0.9273099638694313,0.9281978840490726,0.965073786007691,0.9629078616894176,0.9674296364846788,0.9110833848585063,0.9836543654419934,0.8847021819311651,0.933200236515103,0.8968599447908269,0.9495505106234363,0.9643133649175286,0.9902272378284809,0.9602211523225768,0.9342541377090322,0.8364164331596694,0.9253480765407984,0.952904481298952,0.9432628256129656,0.957673577027655,0.9091001188794086,0.9615452872130625,0.957673577027655,0.9762381701099259,0.957486356544754,0.9735307058746403,0.8405284906957511,0.9775494508745609,0.967275815149292,0.8796938264815504,0.9688473520249221,0.9540615556502021,0.9495505106234361,0.9153097864303867,0.7011707726698917,0.9688473520249221,0.943510083100835,0.9887119198512566,0.9942598295392805,0.9881161094061225,0.9788198231857259,0.8821852247529482,0.9629078616894173,0.8420957316791542,0.9686270243184087,0.945608894039309,0.9859275654047339,0.9686270243184087,0.952904481298952,0.9412650880954541,0.9384438915290361,0.8571935243607938,0.7787271492420621,0.9564441004788364,0.9657805893681323,0.9506921078835923,0.9393074128728371,0.948467140918744,0.9495505106234363,0.85410078622308,0.952904481298952,0.8470578226094763,0.948467140918744,0.9056319216938428,0.9844764601869231,0.9629078616894173,0.9166835378272546,0.8851906597499208,0.9902416640337588,0.9686270243184087,0.9672758151492922,0.8962775750444472,0.915264150341758,0.9657671730030435,0.934561854210183,0.9564441004788364,0.6641610905341856,0.9448229719109482,0.9672758151492922,0.9409091189323958,0.8084196111143449,0.9842981000157078,0.9589316626844853,0.6412559946262375,0.8979763176038493,0.9273099638694315,0.9564441004788367,0.8130832494923947,0.9602211523225768,0.9657671730030437,0.9602211523225768,0.9602211523225768,0.8580546626695635,0.9495505106234363,0.8974625884738566,0.9602211523225768,0.850752050715597,0.872925485610744,0.9336347991328913,0.9225524757416415,0.87915102689416,0.9021933432389447,0.9286604261342954,0.9238013891436974,0.8746288432976697,0.9706827259226705,0.8692793046054159,0.9657671730030437,0.9354957453078971,0.8614494698822031,0.8871895921957202,0.9412650880954538,0.9552408029353747,0.9644928340620882,0.9373337091552364,0.8453817313970797,0.965073786007691,0.9629078616894176,0.9346254185527986,0.9517679141853161,0.9881161094061225,0.9836543654419934,0.9194920767890471,0.940281523787128,0.9264265757108796,0.9495505106234361,0.9373855340691761,0.9629078616894176,0.9517679141853164,0.9615452872130625,0.9857418255557402,0.8880166939342056,0.8262875324250604,0.9643133649175288,0.9559139405593606,0.9564441004788367,0.960958390827874,0.9076455198988724,0.9589316626844853,0.8603930719852713,0.8188365372042745,0.9209839463193068,0.7951128469173041,0.9176189154668901,0.9238013891436974,0.8688863738230539,0.9094075605567674,0.9774358012844695,0.9077662249784124,0.9602211523225768,0.9643133649175286,0.934561854210183,0.9602211523225768,0.8714910313665701,0.9517679141853159,0.9576735770276548,0.9422586572762626,0.8379818769593006,0.9836543654419934,0.8470108069580577,0.9688473520249221,0.8072939885273199,0.952904481298952,0.8954284206508369,0.957673577027655,0.9552408029353747,0.860737476487488,0.9592096814182646,0.8547169780516897,0.8186326921786737,0.9486844371905534,0.8616378859339666,0.8929627841467682,0.9918036979367357,0.8677629859955873,0.8319589973352824,0.9412650880954536,0.9688473520249221,0.9812882646010126,0.9615452872130625,0.8277973742576535,0.9238013891436971,0.9161060738860443,0.9589316626844855,0.8404071783150313,0.8247629390184467,0.9209839463193068,0.9052897938321478,0.9629078616894176,0.9902416640337588,0.934561854210183,0.7946619559680814,0.9710638846211326,0.9409091189323958,0.9812882646010125,0.967429636484679,0.9762381701099258,0.9589316626844853,0.9643133649175286,0.9209839463193069,0.9602211523225768,0.9918036979367357,0.7846104142740942,0.8846162930362214,0.9373855340691761,0.9602211523225769,0.9085936746436276,0.8098248093163583,0.9264265757108794,0.996705259555954,0.8308823766537641,0.9490218194797997,0.9069398281965726,0.9737301168782904,0.9961565139931364,0.9761261745674077,0.9213692074375963,0.7708473443515703,0.9657671730030437,0.9791919178046251,0.994242084296447,0.9493957255905623,0.9056319216938428,0.9704919301607371,0.9432628256129658,0.9644928340620882,0.9704919301607371,0.756307490449166,0.9442782351269043,0.8751938654120845,0.9889940006742801,0.8298714132709977,0.967275815149292,0.9602211523225768,0.9517679141853161,0.8186326921786736,0.8451155112420421,0.9589316626844855,0.9448229719109481,0.9564441004788367,0.9589316626844855,0.9589316626844855,0.9364368411420321,0.9602211523225768,0.9564441004788364,0.9774358012844696,0.9602211523225768,0.948467140918744,0.9057309170005867,0.967275815149292,0.9629078616894176,0.9657671730030435,0.9615452872130625,0.9589316626844855,0.8404071783150313,0.8888428923892238,0.9495505106234361,0.8754775406461834,0.9602211523225768,0.9223125238854548,0.9629078616894176,0.948467140918744,0.8737775624853945,0.9787649061336618,0.967275815149292,0.8687412470205864,0.9506503681784948,0.9592096814182649,0.9506503681784948,0.9602211523225768,0.9336347991328913,0.8915851095153421,0.9412650880954538,0.8737781800841438,0.952904481298952,0.9672758151492922,0.9922673407988162,0.9629078616894176,0.9223125238854549,0.9138808918740073,0.9602211523225768,0.9602211523225768,0.8772381445135209,0.9688473520249221,0.7920701087559876,0.9564441004788367,0.9762381701099259,0.8989178714642767,0.957673577027655,0.8717637084158272,0.8666606520185522,0.9602211523225768,0.9602211523225768,0.9327142329596736,0.978108662387505,0.9306885712787862,0.8308063456911845,0.8788539781850342,0.8566477616876665,0.8636729854597192,0.84320289225707,0.9236313915934424,0.8894326889463282,0.9602211523225768,0.9698382173897016,0.9643133649175286,0.9704919301607371,0.8011999848286615,0.9672758151492922,0.8677629859955873,0.9602211523225768,0.9602211523225768,0.8582652152099641,0.9602211523225768,0.8645898998275019,0.9517679141853161,0.7998445750529277,0.8417025656248467,0.9961565139931365,0.9686270243184087,0.9073482152003542,0.9253065372566267,0.9602211523225769,0.9056319216938427,0.8571539835218498,0.9615452872130625,0.967275815149292,0.9550108469657219,0.9571076366744766,0.9299882837258,0.9002664985145175,0.9615452872130625,0.8354514756064966,0.9602211523225768,0.864272336783596,0.9002664985145176,0.9212094218042226,0.8935043804887246,0.9049039230625222,0.9540615556502021,0.9255474930154988,0.8438334943577075,0.9657671730030435,0.9376297985946607,0.9318085423138327,0.9564441004788364,0.618691588785047,0.9393074128728371,0.9463456194504825,0.8535173013518578,0.9643133649175286,0.9589316626844855,0.9028202028772292,0.9942420842964468,0.9336347991328913,0.9383422423783936,0.9704919301607371,0.9872125588573133,0.9704919301607371,0.9704919301607369,0.9791919178046251,0.9373855340691761,0.9186457666042602,0.9602211523225768,0.0,0.9517679141853161,0.9788198231857259,0.8365658780959978,0.9552408029353752,0.9589316626844853,0.9442782351269043,0.9169502243571084,0.9615452872130623,0.8635477725273677,0.9354957453078971,0.8616255760827236,0.8441614090406868,0.9602211523225768,0.9490218194797997,0.9602211523225768,0.8707511192158015,0.9688473520249221,0.9473991727811977,0.948467140918744,0.8016416996108076,0.9602211523225768,0.8470108069580577,0.8308063456911844,0.948467140918744,0.8479521653438944,0.864272336783596,0.8535173013518575,0.9643133649175286,0.860737476487488,0.9545130974694751,0.9735803407867051,0.976874885359055,0.8500641175728519,0.9722493601684025,0.9704919301607371,0.9495505106234361,0.8751938654120845,0.8913373025078378,0.9298402628575503,0.8737781800841438,0.9238013891436974,0.8616378859339666,0.9602211523225768,0.9589316626844855,0.9138808918740073,0.7528949292727075,0.9186457666042602,0.8603930719852715,0.8770285044378543,0.9602211523225768,0.8343631361686965,0.8681878780054584,0.9458968937609289,0.9602211523225768,0.8746288432976694,0.9552408029353747,0.9672758151492922,0.9495505106234363,0.9589316626844855,0.930680728591751,0.9463456194504827,0.9662454225678805,0.871282723143149,0.9787649061336618,0.9495505106234363,0.8232442102979085,0.9602211523225768,0.9961565139931365,0.9602211523225768,0.9672758151492922,0.9828221665728859,0.9094222802137255,0.9704919301607371,0.9980151413438714,0.8700691233197133,0.925547493015499,0.996705259555954,0.9602211523225768,0.9423304665216126,0.9323320600699363,0.8869754734301825,0.9998220154184709,0.9872125588573133,0.9448229719109481,0.9998220154184709,0.940281523787128,0.934561854210183,0.916106073886044,0.841572437337619,0.934561854210183,0.8311012003946946,0.9643133649175286,0.8713174172545042,0.934561854210183,0.9704919301607371,0.9902272378284809,0.9615452872130625,0.783945243123717,0.9589316626844853,0.940281523787128,0.8547169780516897,0.915264150341758,0.8520541619694204,0.9495505106234361,0.9327142329596738,0.9922673407988161,0.9589316626844853,0.9517679141853161,0.8884740070227126,0.9458968937609289,0.7882865126048697,0.9433354585651037,0.9308912761119585,0.9201010496971588,0.9922673407988161,0.9615452872130623,0.9629078616894173,0.9710638846211328,0.7165234324722647,0.9432628256129658,0.8144145328114422,0.9698382173897018,0.9643133649175286,0.9657671730030437,0.9011763798631671,0.9422586572762628,0.9033320865318781,0.9354957453078969,0.999822015418471,0.9232512503966039,0.9812882646010126,0.940281523787128,0.9602211523225768,0.9422073751020212,0.9690469718238905,0.9317998283510542,0.9220700353609519,0.9204300878352802,0.9398072791970181,0.8420957316791541,0.9445948948871477,0.9463456194504827,0.9564441004788367,0.9422586572762626,0.936537770653219,0.8995337970065294,0.8343631361686964,0.952904481298952,0.9333058945473262,0.9589316626844853,0.9518158084907122,0.969625418100027,0.9493957255905624,0.953597979903762,0.9110833848585063,0.9432628256129656,0.9629078616894176,0.844259615505343,0.9876125469293455,0.9363234820150035,0.9576735770276548,0.9576735770276548,0.9054798572912144,0.8547169780516891,0.9723047356695362,0.9629078616894176,0.9289368665380613,0.9203222717282118,0.9657671730030437,0.916106073886044,0.9473991727811975,0.8687412470205864,0.92803738317757,0.9539382344839202,0.9672758151492922,0.8941961293283132,0.9657671730030437
p296_Q,0.9862276143865883,0.9288758056186719,0.7962195722367188,0.9446701888736626,0.9384124008873462,0.9543141322095121,0.9378710318491437,0.9845600578467029,0.8833742009912295,0.9517679141853161,0.5482400894009506,0.9902428565647541,0.9364159486136479,0.906032704732697,0.9350673481556637,0.8610478913106772,0.9836426671336507,0.9169296077473634,0.9493347822888889,0.9517679141853164,0.923097654886855,0.4205251270468686,0.921891580360551,0.9404624926714933,0.4349863817614831,0.9169296077473634,0.9836426671336507,0.8986853937484476,0.9517679141853161,0.9651817895279255,0.9090636753073358,0.9940867605460231,0.9307015751744632,0.986600701052057,0.9384124008873465,0.8518092446394379,0.43120108940649693,0.9307015751744632,0.9543141322095119,0.9153193686659862,0.9304719414430938,0.9185607716438657,0.9543141322095119,0.9297484119999462,0.9325645805415597,0.9686052406023509,0.4080645809418807,0.8793449357816123,0.2021992694108793,0.8688077246092829,0.9447481688519046,0.8176226485360631,0.9169296077473634,0.9776172307537023,0.930701575174463,0.9551139594816043,0.6724194257431844,0.938412400887346,0.6827834745310724,0.4891995539660817,0.8860899491808245,0.932378041780874,0.9549820389811022,0.8780124908814333,0.7987499291948714,0.8116397691515886,0.6882614075356617,0.9300732343522715,0.9938965022350057,0.9493347822888889,0.9809768509989654,0.9153193686659862,0.9384124008873462,0.8144465923108912,0.938412400887346,0.8123966221562642,0.9253246753246755,0.9298223041589357,0.9206032360159118,0.9543141322095121,0.9270843653068206,0.9202142532643909,0.910601968746465,0.9169296077473637,0.938412400887346,0.9001312905981322,0.9345002823263695,0.7871401483953784,0.7893308148448157,0.9364159486136474,0.938412400887346,0.7962195722367191,0.9323780417808739,0.8501624963707037,0.910601968746465,0.8793449357816123,0.8329445636428711,0.8390081747164055,0.8303471680343872,0.8045618440523299,0.7965749640015883,0.9393618431817526,0.9384124008873465,0.9349653689963244,0.7164638075609713,0.32152664978164625,0.7413768753377012,0.778146195121499,0.9235944347702933,0.841911943731436,0.8692513773147478,0.9185607716438657,0.7900926895085649,0.38850090449185926,0.4080645809418807,0.7610427657407401,0.9776172307537021,0.9493347822888889,0.9543141322095119,0.8279010131824398,0.9297484119999464,0.8448782725245798,0.9235944347702933,0.9090636753073356,0.9169296077473637,0.7511369233144625,0.43120108940649693,0.8849533332175407,0.9364159486136479,0.9693820495180772,0.8457245959495676,0.998394872319517,0.9447481688519046,0.9543141322095121,0.556654553537532,0.8379007267842431,0.8818820891501593,0.9447481688519044,0.38243605452529905,0.9868619655962763,0.7327466599103807,0.35410945952510076,0.8116397691515886,0.8515500804409489,0.9282184886151832,0.891604363453407,0.900754983216564,0.8590817120997245,0.9153193686659862,0.9833044121535635,0.7705830352988515,0.9195453412137853,0.7819139220692448,0.8559195932254962,0.9447481688519044,0.915319368665986,0.8168307744531261,0.8958248142311334,0.8319382523553128,0.8448782725245797,0.9934608314488651,0.9425720985427188,0.9202142532643909,0.7841656069034117,0.7784845942513501,0.7368022728899881,0.8849533332175408,0.7708756350468662,0.9106019687464653,0.8379007267842431,0.9060327047326973,0.47148806392417986,0.9137287800621365,0.9386680839111541,0.8909448482385579,0.8640937667115334,0.9493347822888889,0.8982263051186592,0.7575859317124713,0.8623348546394309,0.8930024213743273,0.8649158421061338,0.96211568167946,0.9364159486136479,0.8556126329150245,0.6827415015447604,0.9069455524561849,0.8806825133605405,0.9288758056186719,0.907540871911573,0.9344681175525122,0.9491937056321555,0.946853303350471,0.8403844230888078,0.8860899491808241,0.938412400887346,0.9404624926714931,0.9868619655962767,0.8793449357816123,0.850059238859727,0.8688077246092831,0.9902428565647543,0.938412400887346,0.7771267486409776,0.9594844139761041,0.9517679141853164,0.938412400887346,0.7979426727616278,0.8972500807670709,0.8623348546394309,0.8266218514619259,0.7834908212044729,0.5253149718752886,0.938412400887346,0.8253412912328225,0.938412400887346,0.7452300517240017,0.8296877053467191,0.8255591144904012,0.938412400887346,0.6094362632919725,0.938412400887346,0.7162157071528541,0.9211999702940654,0.8986853937484474,0.6442855859758614,0.8803288140439886,0.7701028389685363,0.9344681175525118,0.5385490408431151,0.9253246753246755,0.7793561304895643,0.7720255751925551,0.9015883421806545,0.9447481688519046,0.8780124908814333,0.897773178994254,0.8820255041972336,0.8753619326452875,0.7060240911023945,0.8972500807670707,0.9325645805415599,0.8154708889081057,0.9344681175525125,0.938412400887346,0.9146756363968285,0.938412400887346,0.9900989458800415,0.8972500807670709,0.9940867605460231,0.9121566723282284,0.7701028389685363,0.9404624926714933,0.9315204524190162,0.5724333496475315,0.8540950126392765,0.9747821421515683,0.8583422593496206,0.9425720985427191,0.8791861453307386,0.8444532057713665,0.8365351316003189,0.9364159486136474,0.9894382119329369,0.9607202236428414,0.9543141322095119,0.8227962496162919,0.9286679818370664,0.961968798352208,0.8431820355014632,0.8437859625162737,0.9940867605460231,0.8419920758335753,0.9589935043374596,0.7225725701981336,0.32152664978164625,0.8172409646532208,0.8958248142311334,0.638162299085331,0.8806825133605405,0.32152664978164625,0.8719532289905911,0.7988288021557373,0.9894382119329369,0.8766849093977231,0.7075924538576468,0.9425720985427188,0.9015883421806548,0.8141422982910729,0.48919955396608206,0.9425720985427191,0.9425720985427188,0.7420940503786844,0.9493347822888889,0.9573046453147906,0.8501624963707037,0.8154708889081062,0.8365351316003189,0.9180945689966622,0.7846107607119966,0.8325430993559755,0.9344681175525125,0.9447481688519046,0.8081311165025298,0.9083753558180288,0.9425720985427188,0.9993652126586656,0.8986853937484474,0.71504574934136,0.9245613707051723,0.8890122180890283,0.919205971578733,0.7749787983891114,0.8255591144904011,0.8489945637528105,0.8399952979278096,0.8833742009912298,0.9517679141853161,0.4275459172156145,0.8972500807670709,0.9723979705743823,0.9425720985427188,0.938412400887346,0.9447481688519046,0.8820255041972334,0.78419756795239,0.32152664978164625,0.9469990271543745,0.9021033275330331,0.938412400887346,0.5724333496475311,0.9493347822888889,0.9543141322095121,0.7270734020865469,0.7003770163617231,0.638162299085331,0.9447481688519044,0.847649826470956,0.6893394537824737,0.9235944347702933,0.9307015751744632,0.9405621834793894,0.9425720985427191,0.901588342180655,0.6969317396510601,0.9288758056186719,0.8916043634534065,0.9543141322095121,0.7633418130938054,0.9493303821296275,0.7783596077126393,0.35234220716917153,0.9364159486136474,0.9045383795584439,0.8448782725245797,0.8141422982910729,0.8156340680986154,0.7088640332046934,0.938412400887346,0.8488009683941939,0.9369836237218983,0.7198796081207548,0.6944930450404412,0.9788198231857258,0.8379007267842431,0.938412400887346,0.938412400887346,0.9573422906623259,0.9162839533116927,0.880049875353079,0.938412400887346,0.9517679141853161,0.6184246576716034,0.7848674221395779,0.7784845942513501,0.7927444267338892,0.9384124008873465,0.7011039951310185,0.9253246753246755,0.6824673540077419,0.7269784187937693,0.938412400887346,0.8272949230390172,0.7368022728899881,0.7767245603680499,0.7799868570359745,0.6619684818352789,0.8839797031219507,0.9425720985427188,0.8005072894679135,0.938412400887346,0.7439259857129711,0.9169296077473637,0.880049875353079,0.9342183471530009,0.9975839852098576,0.6847799425493393,0.930701575174463,0.938412400887346,0.936549554387319,0.7871401483953784,0.938412400887346,0.907540871911573,0.7989664340827631,0.6605740534261122,0.71504574934136,0.8081311165025298,0.938412400887346,0.7324513803250791,0.8253412912328226,0.9469990271543745,0.5846688068540982,0.6665771691933589,0.921199970294065,0.8888323772351052,0.9071848392302597,0.4080645809418807,0.9083753558180285,0.8919047203852764,0.921891580360551,0.8733889353630642,0.8742793217197393,0.8540744816039603,0.9218915803605507,0.38243605452529905,0.9549820389811022,0.938412400887346,0.9493347822888889,0.9130812730632978,0.9608501057310763,0.9270843653068206,0.6392633051571579,0.934468117552512,0.7796601830966363,0.9404624926714933,0.9868619655962763,0.9270843653068206,0.9384124008873465,0.9288758056186719,0.7473948106406041,0.8862575327655299,0.9493347822888889,0.8647946830029141,0.9517679141853161,0.9288758056186719,0.966854861926912,0.9778618320947466,0.9720496894409938,0.701170772669893,0.8598954613526341,0.8986853937484474,0.9297118524554642,0.918560771643866,0.9253246753246755,0.7588230416072198,0.9425720985427188,0.9015883421806548,0.7708756350468666,0.810190204927882,0.9202142532643909,0.8780124908814335,0.9270843653068206,0.9090636753073358,0.917278806974258,0.8192976586644307,0.9842629902449549,0.9325645805415597,0.7746239070316188,0.4969123710432768,0.9060327047326973,0.9643765980294188,0.921891580360551,0.7109414699141866,0.9747821421515683,0.9210456418073858,0.9643765980294188,0.561760153600382,0.7254970789730764,0.9425720985427188,0.932913827126654,0.8002569984255206,0.9524593769068034,0.8780124908814335,0.9493347822888889,0.6969317396510604,0.8992597885323734,0.9469990271543745,0.97158786042076,0.9325645805415599,0.9325645805415601,0.9329216899439507,0.9493347822888889,0.9090636753073353,0.6960216685928324,0.964233614012131,0.47148806392417986,0.9021033275330331,0.8102313844067466,0.8874576548572417,0.9325645805415601,0.9620943400001074,0.938412400887346,0.3538106028060497,0.938412400887346,0.938412400887346,0.8288905501894785,0.9218915803605507,0.7257084685950501,0.938412400887346,0.7689268692886156,0.8032568888594926,0.8972500807670707,0.9968641222380944,0.8272949230390172,0.8269464080737011,0.9849867897269187,0.8820255041972336,0.8562263088127955,0.9307015751744632,0.8623348546394307,0.9469990271543745,0.900131290598132,0.8734201452534445,0.8515242770126847,0.2581321179222946,0.9307015751744632,0.9344681175525122,0.7378414910118685,0.9469990271543745,0.5008942626359633,0.4080645809418807,0.7991025178714761,0.9812252964426879,0.9185607716438655,0.9218915803605507,0.8163293560597351,0.6228329685395384,0.8860899491808243,0.921891580360551,0.9030571559620832,0.9425720985427188,0.9253246753246755,0.9404624926714933,0.6758275275142728,0.8528864588605991,0.9424449052201409,0.9447481688519046,0.9107320745513345,0.9325645805415603,0.9938965022350057,0.5020148336231175,0.9364159486136479,0.7767245603680499,0.9106019687464653,0.9543141322095121,0.7308377857119486,0.8647946830029141,0.8820255041972336,0.8065973795338618,0.8410502540937331,0.8874576548572417,0.8861440163693608,0.938412400887346,0.38243605452529905,0.9351366270846038,0.9938077685674778,0.9021580758390968,0.9253246753246755,0.9868619655962765,0.6471449989245652,0.6847799425493392,0.921891580360551,0.8111458079800902,0.9517679141853161,0.7493512314697717,0.9270843653068206,0.8922829762545637,0.934468117552512,0.930701575174463,0.8576849567495957,0.9224199973554131,0.7706493333804141,0.8142829204809616,0.8546415990260072,0.7954299799017625,0.8878736175094186,0.9015883421806545,0.8200238589875914,0.7691027064994955,0.9487210184868771,0.9517679141853161,0.7556959734955933,0.9404624926714933,0.8187634423489139,0.9146756363968285,0.8701112326985443,0.9364159486136474,0.8173902168691825,0.7387784166248044,0.7534728776716186,0.8818820891501595,0.998394872319517,0.9524593769068034,0.7003510395538308,0.9185607716438657,0.9130812730632978,0.5753908633586244,0.9235944347702933,0.9083753558180288,0.9270843653068204,0.9902428565647541,0.38243605452529905,0.9543141322095121,0.938412400887346,0.938858661103084,0.9742312550591596,0.9453616138838493,0.9838238732627683,0.938412400887346,0.85848016091215,0.9432846160259895,0.8860899491808243,0.707592453857647,0.7546185234836781,0.8688077246092829,0.8847182735650863,0.9978434599495292,0.9121566723282284,0.7793561304895642,0.8447164493374328,0.8675074564961303,0.3538106028060497,0.7588230416072208,0.6724194257431844,0.9425720985427188,0.7060240911023944,0.9543141322095117,0.9121566723282286,0.9344681175525125,0.9543141322095119,0.9288758056186719,0.9551139594816043,0.9384124008873465,0.9386680839111541,0.8184960955054656,0.9843798933538866,0.9384124008873465,0.9720496894409938,0.7667404971856787,0.8081311165025298,0.9364159486136474,0.9447481688519044,0.9325645805415601,0.9364159486136474,0.9364159486136474,0.9388586611030841,0.938412400887346,0.9325645805415599,0.8874576548572418,0.938412400887346,0.9202142532643909,0.8298353185226353,0.9493347822888889,0.4080645809418807,0.989438211932937,0.9975839852098576,0.9364159486136474,0.7457459993073878,0.8542491929403548,0.9218915803605507,0.857654049666025,0.938412400887346,0.8088615062113483,0.9425720985427188,0.9202142532643909,0.79741987109302,0.4644209256618207,0.9493347822888889,0.9404624926714933,0.9694100907323095,0.8972500807670709,0.9694100907323095,0.4522385546312103,0.8972500807670707,0.9045383795584439,0.773677579256332,0.894095339271278,0.9775200810036838,0.9493347822888891,0.6644514113706173,0.4080645809418807,0.8874576548572419,0.8590817120997247,0.938412400887346,0.9384124008873462,0.8244064399920706,0.9788198231857257,0.9461776252324353,0.5055764669454441,0.9270843653068206,0.8116397691515886,0.934468117552512,0.770478528330139,0.7864213024362037,0.938412400887346,0.938412400887346,0.9315204524190164,0.6600201326261856,0.8820255041972331,0.7645919468888484,0.8633657763496989,0.9816229401553651,0.9172788069742582,0.8050970917475231,0.6473589612727123,0.7973846889888168,0.938412400887346,0.9115001904163034,0.38243605452529905,0.9543141322095119,0.9571378517040273,0.32152664978164625,0.8447836689107451,0.938412400887346,0.938412400887346,0.7734303664951183,0.9507968637523909,0.7832186519271109,0.5607001693958236,0.9107320745513345,0.8780124908814333,0.9529366743750116,0.7708756350468657,0.8241788114475812,0.9230598069759268,0.938412400887346,0.7420900754778974,0.8274310299056002,0.43120108940649693,0.9493347822888889,0.9214745861311222,0.8156340680986153,0.8916043634534068,0.7313453781642064,0.9404624926714933,0.880049875353079,0.938412400887346,0.8390335330415137,0.8419023775355047,0.8780124908814333,0.5714665271186097,0.8368251309284129,0.9288758056186719,0.9179069363733625,0.6306906648713109,0.9469990271543745,0.8679422370740952,0.8597087677933002,0.9836426671336507,0.9517679141853161,0.906032704732697,0.9169296077473637,0.8215612095168274,0.9447481688519046,0.9364159486136474,0.8411306533973875,0.9137287800621365,0.9693820495180774,0.9426999693726408,0.9543141322095121,0.8972500807670709,0.9543141322095121,0.9543141322095121,0.43232171961126975,0.9407634795537994,0.8740433118343505,0.9384124008873462,0.9517679141853161,0.0,0.9720496894409938,0.6824673540077419,0.9307015751744634,0.9364159486136479,0.9551139594816043,0.871418188627088,0.9404624926714933,0.9806814020144543,0.900131290598132,0.8591705443298996,0.8545102756291998,0.938412400887346,0.8266716361598102,0.9938077685674778,0.7689244285564301,0.9517679141853161,0.9619687983522078,0.9202142532643913,0.6248160073900706,0.938412400887346,0.8111458079800902,0.7308377857119486,0.9202142532643911,0.8126462580697251,0.8144465923108912,0.7973846889888168,0.38243605452529905,0.8088195217746124,0.9074487775611979,0.9568091916123544,0.7365242011142292,0.9668548619269122,0.6580108191602481,0.9543141322095121,0.943218574940366,0.9938077685674778,0.7747201799789143,0.9586118653449949,0.8296877053467191,0.8820255041972336,0.6989388126021299,0.9384124008873462,0.9364159486136474,0.8338004366010845,0.9021580758390968,0.7821723541243231,0.7767245603680499,0.7714216628559387,0.938412400887346,0.7911735158890811,0.6029835525387637,0.906032704732697,0.938412400887346,0.8310602105669125,0.930701575174463,0.32152664978164625,0.9218915803605507,0.9364159486136474,0.8137359723057829,0.9169296077473638,0.7784845942513505,0.9137287800621365,0.7707746242895918,0.9218915803605507,0.7190849004509697,0.938412400887346,0.9529366743750114,0.938412400887346,0.9493347822888889,0.9286679818370666,0.8597630494484776,0.9543141322095119,0.9106019687464653,0.784165606903412,0.9179069363733623,0.2825801283070234,0.938412400887346,0.7966052392676446,0.8318010191319405,0.8972571687885222,0.694362892897249,0.8972500807670709,0.9447481688519044,0.9090636753073356,0.907540871911573,0.935136627084604,0.9007549832165642,0.7475543349080889,0.935136627084604,0.906032704732697,0.9447481688519044,0.8154708889081062,0.935136627084604,0.9543141322095119,0.6561092146808558,0.9404624926714933,0.6390265872092586,0.9364159486136479,0.907540871911573,0.9643765980294186,0.8992597885323736,0.6338921223513886,0.966854861926912,0.8958248142311336,0.9153193686659862,0.9364159486136476,0.9253246753246755,0.892532607728939,0.6689549697166804,0.9249249284229162,0.9470641338896129,0.8930024213743271,0.8888323772351054,0.9153193686659862,0.9404624926714933,0.4080645809418807,0.9778787924688122,0.9639411876802051,0.6392633051571583,0.9121566723282286,0.9436554450509946,0.38243605452529905,0.3538106028060497,0.9863585064424636,0.910601968746465,0.9722522256461222,0.900131290598132,0.5357335201790827,0.9512371008023688,0.9235944347702931,0.9075408719115727,0.4522385546312103,0.8269372819262966,0.9776204877676404,0.7168583413736431,0.9115001904163034,0.9462818628041005,0.8623126901075596,0.9015883421806545,0.9901450030984476,0.9169296077473634,0.7609668999058948,0.6471449989245653,0.8780124908814335,0.9826335302203135,0.8754810044795032,0.5482400894009506,0.9381442798450035,0.9364159486136479,0.9960444765472339,0.9065503917245785,0.7622627557684603,0.3740795968681325,0.8919047203852768,0.9121566723282286,0.9425720985427191,0.9331724120804429,0.861076626459323,0.9112315045878558,0.9868619655962765,0.4368057059223184,0.8214113062545312,0.9202142532643909,0.954723834804791,0.9425720985427191,0.8556126329150244,0.5939999543203038,0.3538106028060497,0.9007549832165642,0.9185607716438655,0.9975839852098576,0.9517679141853161,0.919862658543626,0.9493347822888889,0.9262053747380743,0.3538106028060497
p297_K,0.723687006960239,0.9288758056186719,0.8688077246092829,0.9060327047326968,0.7846107607119965,0.9543141322095119,0.9871277706705411,0.9367972461388399,0.8833742009912295,0.9517679141853159,0.9270843653068206,0.6329687877775011,0.8482764195819266,0.9060327047326968,0.8916043634534063,0.9198626585436258,0.9836426671336507,0.9169296077473634,0.7855239202822136,0.9517679141853161,0.9528344261864472,0.9253246753246755,0.988181856506727,0.9404624926714931,0.9847742533056744,0.9169296077473634,0.9325645805415597,0.9190584395707705,0.9517679141853161,0.9635306166601775,0.9090636753073356,0.8105915487398059,0.930701575174463,0.9015883421806543,0.7846107607119965,0.9493347822888889,0.9404624926714931,0.930701575174463,0.9543141322095119,0.915319368665986,0.8780124908814335,0.9512151482311081,0.9726326202607706,0.8228763153615668,0.9652792462742584,0.8150338313320773,0.9425720985427191,0.9920340456796234,0.915319368665986,0.7657675083136286,0.9940867605460231,0.8176226485360629,0.9169296077473634,0.9736413441112675,0.9197042164521491,0.9551139594816043,0.9137287800621365,0.938412400887346,0.8847277248410393,0.9344681175525122,0.9864561252797077,0.9438229086033588,0.9169296077473637,0.8780124908814335,0.9469990271543745,0.869761931579263,0.9447481688519044,0.860462879408831,0.9110325443432026,0.9493347822888889,0.9045383795584439,0.9153193686659862,0.9507968637523909,0.8167492967297716,0.938412400887346,0.8623348546394307,0.9253246753246755,0.9270843653068204,0.847194496131182,0.9543141322095121,0.9775200810036838,0.9643765980294186,0.9106019687464653,0.9976781567382803,0.938412400887346,0.9001312905981322,0.9253246753246755,0.8767806174186532,0.9743768129510503,0.9364159486136479,0.938412400887346,0.8688077246092829,0.8695434788338985,0.9932178814146742,0.9910116109880955,0.9598787910449322,0.8662102272482621,0.8636241122876698,0.7067692483509748,0.7575214454789905,0.9551139594816043,0.9425720985427188,0.9384124008873465,0.9069455524561849,0.8982263051186591,0.9493347822888889,0.8874576548572419,0.7439259857129705,0.7556959734955933,0.9113782654864108,0.849541383511643,0.9185607716438655,0.728915134841279,0.8902144844650239,0.9425720985427191,0.7633418130938052,0.9288758056186719,0.9493347822888889,0.9543141322095119,0.7768762904488332,0.8582156400242076,0.8610478913106774,0.9235944347702933,0.9090636753073353,0.9169296077473634,0.7720255751925545,0.9404624926714931,0.884953333217541,0.9364159486136476,0.9693820495180774,0.7379833490991301,0.9425720985427188,0.9447481688519044,0.9543141322095121,0.9325645805415597,0.8888308259151545,0.889980618413387,0.9447481688519044,0.9447481688519044,0.9868619655962765,0.8111458079800901,0.9517679141853159,0.7472241241680523,0.8720892706611552,0.8636241122876698,0.9609356788097783,0.7008762600491766,0.7111366044233927,0.9573422906623259,0.7689244285564298,0.9517679141853161,0.578623778291797,0.9038902485724092,0.8847182735650865,0.9447481688519044,0.9586118653449949,0.8727288074413169,0.967216090606899,0.9632612893486825,0.8610478913106774,0.8381919070735804,0.9425720985427188,0.9202142532643907,0.6885931819159927,0.8753619326452875,0.8986853937484474,0.9913976286892221,0.8780124908814335,0.9285787467702739,0.9074487775611981,0.9780548428444064,0.9364159486136476,0.9137287800621365,0.8843629875983651,0.9789280600778181,0.9088527911762523,0.9493347822888889,0.8265523467953619,0.795292255304187,0.8919047203852764,0.9979911521799527,0.8649158421061336,0.9207305022599921,0.9902428565647541,0.8556126329150244,0.8227755500574692,0.6978317511750878,0.9573236881256729,0.9288758056186719,0.907540871911573,0.9868619655962765,0.8533477804450669,0.8821176742370869,0.8261356024267624,0.9864561252797077,0.938412400887346,0.9404624926714931,0.855956490272431,0.9598787910449323,0.9752737206364959,0.9297118524554642,0.9021033275330336,0.938412400887346,0.8406398513598698,0.8023156042493031,0.9517679141853161,0.938412400887346,0.87250340332562,0.9333160651425743,0.8919047203852766,0.8528864588605994,0.8847289094375662,0.9364159486136479,0.938412400887346,0.9913778083081421,0.9384124008873459,0.9142741439792961,0.9552408668839931,0.9748214106481392,0.938412400887346,0.8317311854817001,0.938412400887346,0.9636154905080612,0.8874576548572422,0.8986853937484474,0.8495413835116428,0.9425720985427188,0.7308293389422367,0.9868619655962765,0.9432185749403659,0.9253246753246755,0.8860899491808238,0.8465044236130596,0.9866007010520569,0.9447481688519044,0.8780124908814332,0.7693038735263882,0.8820255041972334,0.9358270820256057,0.8972500807670709,0.8502880286044063,0.9325645805415597,0.8610478913106774,0.9868619655962767,0.938412400887346,0.9220737026051957,0.938412400887346,0.8653165432211528,0.8972500807670709,0.8717566193418784,0.9247233194846387,0.7308293389422367,0.9404624926714931,0.568740612950622,0.9235944347702931,0.8701112326985438,0.9270843653068206,0.7957137803674154,0.9425720985427188,0.8444532057713656,0.8444532057713658,0.7062237012986009,0.9364159486136479,0.9894382119329369,0.8172409646532204,0.9543141322095119,0.6801322132904245,0.7298393669997528,0.9185607716438655,0.8431820355014632,0.8482685526552218,0.9329216899439512,0.6447535286896175,0.743925985712971,0.7938679733537373,0.9493347822888889,0.7140104328606884,0.8958248142311334,0.9202142532643907,0.9130812730632978,0.9493347822888889,0.7399196537556147,0.8380977709824795,0.9469990271543745,0.8766849093977229,0.9060327047326968,0.9425720985427188,0.9015883421806545,0.7529647436237868,0.9344681175525122,0.9425720985427188,0.9425720985427188,0.7557478947704017,0.9493347822888889,0.7899186270311529,0.902369037108911,0.8610478913106772,0.6808214142374298,0.9493347822888889,0.9384124008873462,0.915319368665986,0.9344681175525125,0.9447481688519044,0.8084207299115825,0.7747201799789141,0.9425720985427188,0.9153193686659862,0.7368022728899881,0.7760341591046291,0.9037041980940853,0.7014994209432632,0.9945378685010975,0.8912349505658002,0.8999641075750919,0.928983006939828,0.9517679141853161,0.8833742009912295,0.9517679141853161,0.837519425362339,0.7781560598534003,0.8902144844650239,0.9425720985427188,0.938412400887346,0.9447481688519044,0.8820255041972331,0.9169296077473634,0.9493347822888889,0.6716244073694944,0.9364159486136476,0.938412400887346,0.9235944347702931,0.9843798933538864,0.9543141322095121,0.9956013364879643,0.8836401242914758,0.9202142532643907,0.9940867605460232,0.6552786364357602,0.792569985575005,0.9235944347702933,0.930701575174463,0.8072081079523783,0.9983948723195168,0.9015883421806545,0.9625724560522374,0.924899918976237,0.9262700211315922,0.9543141322095121,0.737261994682467,0.9015883421806543,0.7938679733537374,0.9325645805415597,0.9364159486136479,0.9809768509989653,0.8904552749271517,0.7770143524062947,0.7510514457994324,0.7802331379151808,0.938412400887346,0.8128685932283833,0.8787547106592708,0.903057155962083,0.9893117100305694,0.7011707726698926,0.907448777561198,0.938412400887346,0.938412400887346,0.9165889433486547,0.7546185234836782,0.9084801312614039,0.9384124008873459,0.9517679141853161,0.9384124008873465,0.9060327047326968,0.8753619326452875,0.7784956060718439,0.9384124008873465,0.907540871911573,0.9253246753246755,0.7966052392676444,0.7674880140872872,0.938412400887346,0.8559195932254964,0.8986853937484471,0.7242440631426614,0.7684261142105144,0.907540871911573,0.8967328264047625,0.9425720985427188,0.7696274051613191,0.938412400887346,0.7542498041632224,0.9549820389811021,0.8291788837418346,0.8106444135981954,0.8881730297134129,0.8695434788338987,0.930701575174463,0.938412400887346,0.5634005051889324,0.9247919365880772,0.938412400887346,0.8576460483139816,0.8668909746473384,0.8338004366010847,0.7760341591046291,0.7604897107133466,0.938412400887346,0.9463610255241096,0.9824392059119957,0.9469990271543745,0.9727959241078912,0.9699084796966337,0.8426038216481714,0.9750104233747741,0.8740433118343502,0.9425720985427191,0.7430297335586082,0.9011062193938025,0.921891580360551,0.8411677913594837,0.958486072074904,0.8431820355014632,0.8083287302412825,0.9447481688519044,0.9169296077473634,0.938412400887346,0.9493347822888889,0.9130812730632976,0.985026626259087,0.6913334199351968,0.9121566723282284,0.9344681175525122,0.9470462013802734,0.9404624926714933,0.9344681175525122,0.9775200810036837,0.9384124008873465,0.9248999189762372,0.8533649275956026,0.8833742009912295,0.8518092446394381,0.777794342117168,0.9788198231857259,0.9288758056186719,0.943218574940366,0.762340256311248,0.9253246753246753,0.9788198231857258,0.9726008151974446,0.9190584395707704,0.9906159803016457,0.9512151482311081,0.9720496894409938,0.8820255041972331,0.9425720985427188,0.9761289800255133,0.9099317521606789,0.9796876208510954,0.9643765980294186,0.9623912027223391,0.9270843653068206,0.9090636753073356,0.8813924070586785,0.895541554770261,0.9179069363733625,0.9325645805415597,0.983327141727193,0.8977731789942538,0.8621423904215093,0.9031363676754977,0.921891580360551,0.7788386614655773,0.9298223041589359,0.897828370140844,0.9914610572055533,0.9693820495180774,0.868982328583106,0.9425720985427188,0.9142958754806105,0.857684956749595,0.9738359568456645,0.8666334188846028,0.9493347822888889,0.8925326077289388,0.8571237000829008,0.9894382119329369,0.9351366270846038,0.9325645805415597,0.9325645805415599,0.9329216899439507,0.9493347822888889,0.9090636753073353,0.7884981212068212,0.8944090873373052,0.9364159486136476,0.9364159486136479,0.6759074364001463,0.8874576548572419,0.9652792462742582,0.8444532057713657,0.938412400887346,0.9469990271543747,0.938412400887346,0.938412400887346,0.7331927393418416,0.921891580360551,0.9015883421806543,0.938412400887346,0.773222179531833,0.7206686879151699,0.8972500807670709,0.8993383238428321,0.8559195932254964,0.836673413660163,0.8833742009912295,0.8820255041972334,0.6907839227613108,0.9197042164521498,0.9011062193938022,0.9469990271543747,0.9156070437830371,0.9922458171794512,0.8604628794088311,0.9090636753073353,0.9197042164521498,0.9344681175525125,0.8815687437465894,0.9469990271543745,0.8740433118343502,0.9425720985427191,0.9436554450509942,0.9345002823263695,0.9078071215227655,0.9668548619269122,0.9527061659757019,0.9466763852073139,0.9864561252797077,0.7633654486749211,0.9784698031455155,0.7032297266306959,0.9253246753246755,0.9404624926714933,0.9315204524190159,0.6743506079632684,0.8813924070586785,0.9940867605460232,0.9579448884552955,0.9325645805415599,0.9463610255241097,0.8662102272482619,0.9364159486136476,0.7242440631426614,0.9106019687464653,0.9543141322095121,0.836673413660163,0.828853052814299,0.9220737026051956,0.7616705812240054,0.9253246753246755,0.9549422857308885,0.7375715769005008,0.938412400887346,0.9447481688519044,0.9919609062430834,0.9507968637523909,0.9115644070854612,0.9812252964426877,0.9607441863599592,0.9106019687464653,0.7952640490644383,0.9432185749403659,0.7567523194950929,0.9517679141853161,0.8212740235897154,0.9775200810036838,0.8096944679269451,0.9344681175525122,0.869839480327687,0.9224205858629796,0.9693820495180772,0.9202142532643907,0.9569101903668125,0.969266091515326,0.7703597672498939,0.6565775346389549,0.9866007010520571,0.8828584219345671,0.8317311854817002,0.9487210184868768,0.9517679141853161,0.9847742533056744,0.9452945222517776,0.8799089699616285,0.82412330600641,0.9766700147113564,0.9364159486136479,0.7766258836139817,0.8072081079523783,0.9543141322095121,0.804429133749717,0.9393618431817526,0.9001312905981322,0.9715878604207602,0.9619687983522076,0.957323688125673,0.9487210184868768,0.6640646615715606,0.9717562486586401,0.9270843653068204,0.9021033275330335,0.9447481688519044,0.9726326202607706,0.938412400887346,0.9015883421806543,0.8368251309284127,0.728915134841279,0.903057155962083,0.9384124008873459,0.9669494040391106,0.860654892116073,0.8128115225225252,0.9060327047326968,0.8833742009912293,0.9601639163785549,0.9136909640577852,0.9502558095024688,0.9937166764217946,0.9800884826873314,0.8198492542263087,0.9280389014923771,0.9469990271543747,0.8820255041972331,0.9137287800621363,0.9425720985427188,0.8972500807670709,0.9543141322095119,0.9655033215314223,0.9344681175525125,0.9543141322095121,0.9288758056186717,0.9137287800621363,0.9384124008873465,0.8843629875983651,0.8597630494484776,0.45409729849609193,0.6738200253517348,0.8877752682100513,0.8053776931567695,0.7604897107133466,0.9364159486136479,0.9447481688519044,0.9325645805415597,0.9364159486136479,0.9364159486136479,0.9493303821296275,0.938412400887346,0.9836426671336507,0.9211999702940653,0.938412400887346,0.9202142532643907,0.9583046239905006,0.9493347822888889,0.9425720985427191,0.9258754510202483,0.8310515371750485,0.9364159486136479,0.8243886953218447,0.9086171892384092,0.921891580360551,0.6883324749111572,0.938412400887346,0.8874576548572417,0.9393618431817528,0.9202142532643907,0.7732053839664659,0.8888323772351048,0.9493347822888889,0.9404624926714931,0.6182490056095455,0.933316065142574,0.9235944347702933,0.9384124008873462,0.9333160651425743,0.9809768509989654,0.97196429515404,0.9803514991914479,0.9775200810036838,0.9493347822888889,0.915319368665986,0.9425720985427191,0.988684601167712,0.6858553289247524,0.938412400887346,0.9938077685674778,0.8571990620055039,0.9517679141853161,0.8032568888594922,0.9325645805415597,0.9298223041589355,0.8207468086147787,0.9344681175525122,0.8720640981313228,0.7854152116670609,0.938412400887346,0.938412400887346,0.9613926330173349,0.894303288757052,0.8820255041972329,0.8366734136601629,0.7801235297339184,0.8002684491786298,0.8058941123210297,0.7641790479526788,0.9185607716438655,0.8399675030910227,0.938412400887346,0.8955682817755497,0.9447481688519044,0.9543141322095119,0.8695434788338985,0.9493347822888889,0.7590593723187995,0.938412400887346,0.938412400887346,0.7275564768216016,0.9384124008873465,0.7888213507838655,0.9253246753246755,0.8791510662592732,0.8780124908814335,0.9121566723282286,0.9737702747191699,0.8520905191724195,0.818913811150028,0.9384124008873459,0.8972500807670709,0.8081262067942313,0.9404624926714931,0.851809244639437,0.9011062193938022,0.9841452571382636,0.8916043634534063,0.9001312905981322,0.7739300446366841,0.9084801312614037,0.938412400887346,0.718401533807282,0.900131290598132,0.7708756350468663,0.8734773996129876,0.8908090206462493,0.9248999189762372,0.9162029289476569,0.8227755500574692,0.544498885544116,0.9409410629263286,0.7130443283730687,0.9836426671336507,0.9517679141853161,0.9446701888736626,0.9549820389811021,0.74326142097898,0.9447481688519044,0.9364159486136479,0.8692513773147474,0.9137287800621365,0.9945519661064195,0.9428152611847685,0.8995793727310532,0.8972500807670709,0.6804196301419014,0.9726326202607706,0.9799759007960187,0.9784698031455155,0.9990557969402876,0.8954014960722593,0.9788198231857259,0.9720496894409938,0.0,0.7966052392676441,0.9307015751744632,0.9364159486136476,0.9137287800621363,0.871418188627088,0.9404624926714931,0.7429692855380363,0.8787547106592706,0.8716640760927586,0.8820744650798582,0.938412400887346,0.8688077246092829,0.9938077685674778,0.7308556097169253,0.9517679141853159,0.647358961272712,0.9202142532643911,0.9038902485724092,0.938412400887346,0.7567523194950929,0.7645919468888482,0.9202142532643909,0.7548649413023865,0.8659231781910167,0.7674379415069907,0.9447481688519044,0.7269588459630458,0.6273332323411822,0.764591946888848,0.8320966261016476,0.921891580360551,0.8605094498567207,0.9543141322095121,0.921891580360551,0.9384124008873462,0.9083753558180285,0.9586118653449949,0.7183209131190944,0.8820255041972334,0.7944825590748019,0.8954014960722586,0.9364159486136479,0.711136604423393,0.8317311854817002,0.8740433118343502,0.7480074620231038,0.7512317781870628,0.938412400887346,0.7326186560660392,0.8342796354092272,0.9060327047326968,0.938412400887346,0.8166144139907261,0.930701575174463,0.9493347822888889,0.921891580360551,0.9364159486136479,0.8392653276543485,0.9169296077473635,0.9697674253098407,0.9137287800621363,0.9750104233747736,0.9668548619269122,0.7973846889888165,0.938412400887346,0.5984833031103743,0.938412400887346,0.9493347822888889,0.996771287598941,0.8597630494484776,0.9543141322095119,0.9285787467702741,0.9761792971054084,0.9842629902449547,0.9446701888736626,0.938412400887346,0.7816916219552863,0.8266415411912026,0.9737296402744551,0.9487210184868768,0.8972500807670711,0.9447481688519044,0.9090636753073356,0.9359170749054633,0.9351366270846038,0.7008762600491767,0.8228337620306125,0.9351366270846038,0.906032704732697,0.9447481688519044,0.8610478913106772,0.9351366270846038,0.9543141322095119,0.9169296077473634,0.9452945222517779,0.9198626585436258,0.9364159486136476,0.9466763852073139,0.9914610572055534,0.8688077246092829,0.8972500807670709,0.8982552933740047,0.9315204524190164,0.916588943348655,0.7944495116308207,0.8877752682100514,0.9891292318748213,0.906032704732697,0.8806825133605405,0.9038144049824022,0.9279986649762022,0.888832377235105,0.9573422906623259,0.9452945222517775,0.9425720985427191,0.9454800327660546,0.943535813266678,0.9121566723282284,0.9121566723282284,0.9277235364102411,0.9447481688519044,0.9469990271543747,0.9857690591899771,0.9508067898672801,0.9451592660262593,0.9369836237218983,0.9090636753073353,0.8930665683190206,0.9694100907323093,0.9858118985030548,0.9384124008873462,0.9980359534395825,0.9372344714402792,0.9297484119999462,0.927723536410241,0.9507907657814696,0.9469990271543745,0.9866007010520569,0.869251377314748,0.9169296077473634,0.9652792462742583,0.9508067898672805,0.9737702747191699,0.9620943400001074,0.9707225700884794,0.9270843653068206,0.8840397107267988,0.9559302354841395,0.9087592590228641,0.9224205858629794,0.9425720985427188,0.9404624926714931,0.8715363536479567,0.912156672328228,0.9393618431817529,0.97175624865864,0.9414675996096098,0.9414884353549027,0.9868619655962765,0.9344681175525125,0.9057219568897186,0.9643765980294186,0.8820255041972331,0.998394872319517,0.8800498753530788,0.9202142532643907,0.9469990271543747,0.9460262641933365,0.8643990948144236,0.9452945222517779,0.9788198231857259,0.8904552749271517,0.9493347822888889,0.9764798007133303,0.9469990271543747
p297_L,0.7532401038248655,0.7279442280906401,0.8238253764394894,0.8867168000149587,0.8910707793081734,0.7753832614665752,0.9279883428894456,0.9000657297353287,0.7172870780363125,0.868629248060816,0.7427968260368261,0.8268147748355974,0.8553912003238413,0.5585177698613601,0.9087593223330573,0.8869410629393455,0.8311531009920223,0.9542548214359899,0.8916641869793291,0.836565878095998,0.9451982637011825,0.6824673540077418,0.8546839689965421,0.8984874390672324,0.7216415840708978,0.773739416204358,0.6684505578431412,0.8208061157978572,0.7628646596352016,0.7202124388913063,0.8365303186787645,0.8819816371479938,0.8641962732200632,0.9100336531327771,0.861661666707036,0.7860925850857805,0.7679320245101979,0.6592910034849625,0.8755644359298407,0.6505929069172045,0.8408326334400119,0.7781822517981349,0.9143480251080163,0.7686841896077785,0.9396214630912765,0.6749052625189369,0.7489933234855091,0.6884403079439521,0.5836636547121095,0.7396698797955299,0.8495094192726709,0.5951255463609322,0.773739416204358,0.8062775279335068,0.8906692022920057,0.8614687450376787,0.8394975685199365,0.8322525541058978,0.850320591224258,0.8168874951355851,0.7252633733725358,0.7841225738089022,0.9995891151625986,0.8371977402184743,0.7394182000815217,0.7845137273076543,0.8582406198494192,0.7049837247105957,0.8138534209290595,0.9268547209438454,0.5509181993562209,0.8290709127974598,0.8910707793081734,0.5190078425952718,0.8322525541058978,0.7784189255467818,0.7816916219552861,0.86940933433815,0.689281124519086,0.7753832614665757,0.9026881507194653,0.8890762971642385,0.9019828209594891,0.7737394162043592,0.8322525541058978,0.5089907476363967,0.930528023876605,0.8263901524761503,0.8953788966840488,0.8553912003238413,0.8322525541058978,0.3873206326745072,0.6900832534960766,0.6177930271854799,0.8205382833751693,0.7396534803014517,0.4380465229531655,0.8346885831055686,0.5345389557577136,0.5434921702047002,0.7296416859312247,0.7803336516357524,0.6972016442759021,0.6014867298927369,0.8280627180767612,0.7509020511212644,0.44668021566764504,0.4448232226405058,0.8891857203745812,0.4874092618036039,0.4095545277945607,0.8761413138571507,0.6436584612131737,0.6061109655400851,0.7176529953352655,0.6378773945800402,0.9867099191883358,0.8620020752690569,0.7753832614665742,0.6571433552088837,0.8062071169490308,0.5041820832784331,0.6243484101822678,0.9529309088802671,0.9089205277093816,0.47075474221342084,0.7072810178879125,0.8101086057021317,0.9159973957702078,0.9116103077994495,0.6239982774162147,0.9683756205372159,0.8257684019740953,0.914348025108016,0.6955676483679549,0.8078712682322644,0.7974219187254705,0.7932961840987723,0.7608239662234483,0.8215094261899889,0.6128527352290285,0.7628646596352009,0.49827311480388503,0.44065260321599,0.5820950274584522,0.7231643302232136,0.8577111192831373,0.5321463811948901,0.8362828261770625,0.6067159215724809,0.8365658780959979,0.6897407861015621,0.6277965483430623,0.8369011939140174,0.8582406198494191,0.7916633247069997,0.5225952209904573,0.9994847261087236,0.8205848838583187,0.5666309913586609,0.7434865519666163,0.937035292386972,0.7718485013831488,0.448637250016386,0.9218177971039782,0.5212336973144042,0.7959809249845338,0.8577784032474602,0.9233273513952847,0.6513582367412005,0.7431297243227599,0.6873859918642561,0.8748771367494135,0.7028168510814141,0.8627089995564365,0.6042797635529953,0.8564736530148129,0.8650987590353227,0.763592996743862,0.9861037553906693,0.9500996411272866,0.7908498466907361,0.8394975685199365,0.8553912003238415,0.8434687929604527,0.33591896440965363,0.629167132005171,0.7782144369848352,0.8062775279335068,0.7739655512318296,0.8493250476264829,0.892003241535156,0.5625452111186777,0.48277833167362116,0.9383988969983732,0.8322525541058978,0.8681619357560897,0.8168874951355859,0.6713692504914517,0.7085233906835458,0.7396698797955301,0.8553912003238415,0.8322525541058978,0.7383072664090475,0.5712997237191388,0.8686292480608162,0.8322525541058978,0.8322965916731367,0.8158740901345864,0.7506264363281216,0.6672037056775575,0.6094046287077111,0.6873859918642563,0.8322525541058978,0.7049837247105959,0.8322525541058978,0.8271341039820186,0.7457424164286606,0.7350176259392771,0.8322525541058978,0.6247841655939412,0.8322525541058978,0.8495379034919904,0.8905158525328292,0.5405854675169847,0.7529248875760903,0.7176529953352646,0.3831496923219315,0.8215094261899889,0.711459334965343,0.7966052392676446,0.5998074684789778,0.6052457517246492,0.9712466359846285,0.7283517483481249,0.8880350496408189,0.8801459778973657,0.9906785081653329,0.8382854886514818,0.9735062310027147,0.7201378724697227,0.8976759937598426,0.3792842671179767,0.8493250476264829,0.8322525541058978,0.765339298252008,0.8322525541058978,0.6826824049984446,0.513972386211371,0.979398290773964,0.804039053081631,0.35791611982716043,0.837836432444947,0.7541571012064754,0.6243484101822676,0.45900735404127435,0.92005433765868,0.626448756373355,0.8435824105613206,0.44065260321599,0.8550989270079303,0.5530082457597456,0.8553912003238413,0.9906206863879108,0.5957521243311408,0.8755644359298407,0.6871556100429697,0.8586858610604395,0.801227347421116,0.7335965349405016,0.44721663660828415,0.9469260728986406,0.5814776103866943,0.6604932071901691,0.7967592015980065,0.7509020511212644,0.4743115673198144,0.905762130550968,0.7249573830707129,0.7917772373472909,0.7509020511212644,0.7712855437605144,0.5917424172780632,0.9756341744207683,0.9489171762694814,0.6200550880151592,0.7176529953352646,0.8327403066216024,0.4776769022826999,0.7612562522625963,0.9689437231622964,0.968375620537216,0.2942243964009934,0.7509020511212642,0.58862356677519,0.5762187557422962,0.8164266236795719,0.9210400127866544,0.9268547209438454,0.6972016442759021,0.7175221591223006,0.6778093879531143,0.825768401974096,0.4359140856100434,0.7314212531422288,0.8116739797859962,0.985239167942683,0.9175649668107597,0.5550200941859148,0.773913203157554,0.6646183471885185,0.7324113123320164,0.622645071977026,0.49664955164450886,0.43303729838407823,0.8365658780959979,0.7697019270859657,0.8734164873263963,0.7931670696607375,0.8158740901345862,0.6608147153608812,0.9062630668618084,0.8322525541058978,0.8495094192726709,0.766648496543394,0.591580471623123,0.7509020511212644,0.8893852688139479,0.7731152683289882,0.8322525541058978,0.9162279318481581,0.8971926092335734,0.8917340290011031,0.8167402354721254,0.7910879658728174,0.6077295872896239,0.9881294913507126,0.4892360896381973,0.4385797905256684,0.8919046383760006,0.8112504150761775,0.41367959670291565,0.8435824105613206,0.7517407052893186,0.4677295220526324,0.8062775279335066,0.7599719649675867,0.8141668506447515,0.36474067903207796,0.5557276478955484,0.39302204168166943,0.6684505578431407,0.8268147748355974,0.9155944114641175,0.5822432183787178,0.4393734656064363,0.4561639016692691,0.3328172601213769,0.8322525541058978,0.62782409244305,0.8062443325812103,0.6034482680095942,0.8220261395369193,0.868629248060816,0.5432041377358932,0.8322525541058978,0.8322525541058978,0.7916633247069988,0.7522303107360813,0.4127535891915586,0.8322525541058978,0.8734164873263962,0.6972016442759021,0.59954264863056,0.8716984120324804,0.5207160711217003,0.7854289820793147,0.5661971465046303,0.7816916219552863,0.42142118246200266,0.39361406288362577,0.8322525541058978,0.7961611352995073,0.5405854675169846,0.38856886901573495,0.4479265291613037,0.7531887107591098,0.586555776515356,0.9997159486874597,0.41529450533146517,0.8322525541058978,0.4007080365348248,0.8862533808460774,0.9697706525950169,0.8921386415336072,0.8681619357560897,0.5323450016875704,0.6592910034849625,0.8322525541058978,0.9058108984168913,0.6097339954531518,0.8322525541058978,0.8312744797864919,0.8546084260513247,0.7430819441195029,0.3491663571845709,0.448637250016386,0.8322525541058978,0.712908071475886,0.7188841356886444,0.9568755471965897,0.775394186686972,0.6322152455614187,0.7651205140842698,0.733352969893045,0.5798333957053662,0.7489933234855091,0.8491913054642302,0.6564355087031022,0.8308131966580086,0.5964473423994656,0.7064674570588863,0.7111718522146975,0.8111252182639923,0.728351748348125,0.6369147653497311,0.8322525541058978,0.9620452549083616,0.7917772373472908,0.805843530578831,0.8773656490592001,0.7196633449625736,0.8215094261899891,0.9162749623597093,0.9802105476881968,0.8493250476264835,0.7934418293573555,0.7854289820793148,0.8832036427492576,0.8392273751004806,0.6362631170179658,0.9323831431980896,0.56043573936214,0.8686292480608162,0.961536942592125,0.8546839689965422,0.7242260970267611,0.7816916219552864,0.7997152688655997,0.7846488619256254,0.8595096562030182,0.9983393575821851,0.801227347421116,0.8214113062545318,0.7319809257874978,0.9056949642367281,0.9316733990237638,0.806941093825116,0.9086100990811172,0.7952940605393669,0.7355231213737861,0.8013981440784053,0.7733686869464738,0.49992790842540835,0.5012350218139818,0.5389484609160229,0.8311531009920223,0.8744479818825841,0.5574770087129958,0.7440592910622428,0.8530225521173653,0.8111252182639923,0.33830746534508116,0.8267206457386704,0.8303420981478833,0.8061314338049297,0.7628865521400158,0.6685922594580858,0.7176529953352648,0.9025061048619079,0.7181996428517792,0.7828967155493545,0.7694146609886823,0.8620020752690567,0.5702948128112282,0.788170406880528,0.8743987568468055,0.7728067099479513,0.7226847388927682,0.6684505578431411,0.979398290773964,0.8620020752690569,0.5950149957306234,0.4553456824925217,0.9686553190034556,0.7159624173525005,0.7731152683289884,0.6113364880778713,0.7651205140842701,0.8163247221854022,0.4846681325769948,0.8322525541058978,0.7731633392728431,0.8322525541058978,0.8322525541058978,0.4918282359668187,0.7872544459254587,0.5953008848564134,0.8322525541058978,0.5753123344851283,0.5572433676345769,0.8158740901345862,0.7285092836707618,0.8573174137639199,0.646226320143843,0.7410928151172724,0.8346744397638004,0.564833544332418,0.811250415076177,0.8605158518906435,0.855640129622627,0.7475501965998634,0.6327409803819946,0.5520792039520588,0.5529072412424295,0.917142131363949,0.9049562904994715,0.6000141647621797,0.7731633392728428,0.43050431980537673,0.7176529953352653,0.6287173939560513,0.7966052392676444,0.9222315051031126,0.9262962860121419,0.6223502237704484,0.6077508274500701,0.7075020797370495,0.8111252182639921,0.996189910154736,0.9376033950120524,0.8462173732414175,0.767932024510198,0.7720771820919841,0.6114287317936444,0.7537783712482843,0.8495094192726707,0.70532783812842,0.8163247221854026,0.851707926974,0.6137353955212175,0.7731152683289881,0.4894957880312152,0.8592937600878986,0.8141668506447515,0.37835258935079996,0.6282027492695137,0.696004156740216,0.3375849709241808,0.7320794879815146,0.7292932745275387,0.8876511290685085,0.8322525541058978,0.728351748348125,0.840157886000438,0.861661666707036,0.7943163342051187,0.8214113062545305,0.9049562904994712,0.6671929861657397,0.36146189556168773,0.8546839689965419,0.4440557577296813,0.8686292480608164,0.31399898546334226,0.8520431473989352,0.6740896218176828,0.8215094261899891,0.8446015069885637,0.7888946566600654,0.6862975780081249,0.6780662647582772,0.8535544757439173,0.8018582773510978,0.48568279713044094,0.6339822381152647,0.8525269251020344,0.5080806331440177,0.5541457620059499,0.8154764414346691,0.8734164873263963,0.770288171015213,0.8681619357560899,0.6790868959454404,0.8173406543858521,0.7112936492812252,0.8268147748355974,0.4056036772835683,0.44046108479942236,0.9305176181792798,0.7520030804537139,0.9376033950120524,0.6459437315928757,0.6953996291376292,0.8934077299130398,0.86421610211841,0.5739611184865264,0.8891857203745812,0.6641240803867996,0.8013981440784046,0.8268147748355976,0.7608239662234484,0.8917340290011037,0.8322525541058978,0.7913139422501831,0.6706291511362745,0.7074975223402786,0.583430176917811,0.8322525541058978,0.6299858446974356,0.4868738045009342,0.7075020797370488,0.8867168000149585,0.8808657459163473,0.5166553715678359,0.6840104977529862,0.8480341512634451,0.9145123639444901,0.919510753917735,0.5752641506902387,0.734224070064025,0.7394182000815221,0.45464035974032746,0.7955552154844517,0.874354636086484,0.6097086038762345,0.7753832614665742,0.8256889440796216,0.6778093879531145,0.8141668506447509,0.8832036427492576,0.7955552154844518,0.7266107568770395,0.9846725023480387,0.8229500129094235,0.8620020752690571,0.861661666707036,0.8462173732414178,0.46233408407725074,0.46136041442272857,0.8268147748355974,0.923185055600066,0.816324722185402,0.8268147748355974,0.8553912003238413,0.7517407052893187,0.8322525541058978,0.8434418127102155,0.7651205140842702,0.8322525541058978,0.6077295872896239,0.7502919847323004,0.8971926092335734,0.7489933234855091,0.855640129622627,0.837836432444947,0.8553912003238413,0.43096070561442745,0.5872027971996023,0.8349959906025257,0.5418423675333279,0.8322525541058978,0.46459383544601096,0.8430143079362402,0.9594129746328919,0.5968931015528036,0.47151039077900836,0.7509020511212644,0.8285830311324831,0.7918925464859512,0.8203282827389337,0.9162279318481583,0.8148380946804519,0.8541685772005316,0.7332563054101691,0.7213382591952042,0.7743378360921567,0.7427968260368256,0.8916641869793293,0.6282831561821731,0.7489933234855091,0.7691253716782249,0.5724114742329793,0.8322525541058978,0.9030654324838644,0.8511145334391348,0.8686292480608162,0.5914035870691419,0.6955676483679543,0.86940933433815,0.5503168625318433,0.8215094261899891,0.5503180976157541,0.3897202002609541,0.8322525541058978,0.8322525541058978,0.7162558438703517,0.6112141275918235,0.6106444281418608,0.7865411315116284,0.5702426624872199,0.5421542356233309,0.6201728644994022,0.47852862002913277,0.5996001663813786,0.5491397503575126,0.8322525541058978,0.8591508824689509,0.728351748348125,0.8755644359298407,0.4666207301006926,0.7509020511212644,0.639529176317772,0.8322525541058978,0.8322525541058978,0.3795965236715282,0.7266107568770397,0.49461151088310196,0.7320794879815149,0.5937778903605937,0.9425072522847002,0.7823891620836405,0.7391580145953236,0.5722698257931771,0.6028266641502685,0.8322525541058978,0.4948251426783983,0.4879092109599352,0.828583031132483,0.8971926092335734,0.8291188760156372,0.7501095329501963,0.9639707744496169,0.5089907476363968,0.8681619357560897,0.875860407851627,0.8322525541058978,0.5190078425952718,0.7633320035555716,0.6846858119514416,0.5361740322809212,0.7852682163033542,0.8839072352628161,0.7564898611670963,0.17011785350608644,0.8893852688139479,0.6529155611710347,0.6443895976210114,0.8976759937598426,0.7997152688655996,0.8055966092160425,0.7737394162043592,0.47212861629111735,0.8495094192726707,0.8268147748355974,0.7544132918678015,0.8529059602316709,0.7054448215410976,0.8412881137972854,0.8755644359298402,0.628855847409207,0.8755644359298405,0.9919152034643681,0.5413092866300682,0.8160270903286846,0.6901133443391285,0.8616616667070358,0.8365658780959978,0.6824673540077419,0.7966052392676441,0.0,0.8112504150761777,0.8268147748355974,0.7650212541607013,0.6497790016657516,0.837836432444947,0.654265031514148,0.7866796205874282,0.4814287606758465,0.5462405446064282,0.8322525541058978,0.37115379031284124,0.9498890045104484,0.43219467907618325,0.868629248060816,0.9855881124049637,0.7826858746487126,0.502692849540624,0.8322525541058978,0.4440557577296813,0.37835258935079985,0.9828585337891098,0.44810535193681744,0.5059547636331527,0.47212861629111724,0.7608239662234484,0.542441806415987,0.8947049595031416,0.7797585424424911,0.6225717483206146,0.6398470179497431,0.4013428862422189,0.7753832614665755,0.735330107303876,0.7266107568770397,0.7806742443809067,0.9852391679426828,0.5610401705458536,0.8693420105196965,0.37042281463225235,0.9792981171115858,0.8268147748355974,0.4918812881568013,0.5965288041587445,0.729162471605356,0.4894957880312152,0.44848435864176794,0.8322525541058978,0.4152764735144827,0.6546986027498873,0.5790302092459596,0.8322525541058978,0.5514729936575302,0.8710744360605067,0.7509020511212644,0.8111252182639925,0.8268147748355974,0.7890009655270713,0.796406563067663,0.8048725652704831,0.9273822745909059,0.8329361359280749,0.9024255136736086,0.3598691837018867,0.8322525541058978,0.804039053081631,0.8322525541058978,0.8971926092335731,0.5343609430315914,0.6490901156763349,0.8755644359298407,0.8418828138109651,0.7370802279776967,0.6860336933754079,0.6200550880151601,0.8322525541058978,0.7093976287101138,0.49963738217041587,0.520635745634319,0.7634460136833972,0.8158740901345867,0.9231850556000661,0.7523148097023775,0.7689439583683324,0.9369167370133402,0.6462192181692648,0.44848435864176817,0.9369167370133402,0.8456919212457588,0.7283517483481261,0.8164266236795719,0.9369167370133402,0.8755644359298407,0.8182519402561648,0.8681619357560897,0.4573454022182618,0.7445388428407442,0.7481671178956124,0.6780662647582772,0.8851714610505235,0.7245920650740707,0.8111252182639921,0.7731077298745366,0.7916633247069988,0.8553912003238415,0.8462173732414178,0.8143134426371939,0.5380053304767607,0.7401762382671455,0.7531287835112273,0.7457270802099085,0.9594351467302485,0.6952124083872685,0.837836432444947,0.7489933234855093,0.8126151030382645,0.8099012292939944,0.9578121459404715,0.7196633449625741,0.8420798250164512,0.7932961840987717,0.7394182000815225,0.8792072904314823,0.7778492225035785,0.6498853443980102,0.8845031805563406,0.5739611184865265,0.7893168778079713,0.7459648775430554,0.8520513202592122,0.7266107568770386,0.8056563693271381,0.7398889415554832,0.6872333639440638,0.7225824228489517,0.7901338841228684,0.9756341744207682,0.7931670696607375,0.9037047526423794,0.773739416204358,0.7769189199423954,0.7525711079089218,0.7899953240176678,0.9871455150909452,0.8136339357815081,0.6415068193957658,0.9575865084163611,0.7731152683289881,0.9684071657031358,0.79602685871833,0.7489933234855088,0.7072810178879125,0.6564355087031024,0.7607392710856489,0.8743546360864844,0.9152685898917664,0.6339822381152649,0.833265069058539,0.7334406308261026,0.7612562522625964,0.5513646852868634,0.9828585337891098,0.7493147111654461,0.9683756205372159,0.5768315337319285,0.6311751464458412,0.7731633392728431,0.6950250415032353,0.8761413138571505,0.8285830311324833,0.868629248060816,0.9181655169794594,0.8620020752690567,0.8365406189407204,0.7731633392728431
p297_M,0.8200862327138887,0.9339970109398135,0.6017729384306794,0.9540324564594047,0.9428469360414606,0.9576036838348736,0.8588166424352444,0.8470061947277325,0.9268928378647714,0.9552408029353752,0.9323345609629299,0.9409942357230059,0.9409942357230061,0.9127986978904699,0.936404292880509,0.8710529575837438,0.9919304969477563,0.3480471751156563,0.9529828655437629,0.9552408029353752,0.5870620716294787,0.9805663112989256,0.9275156757582281,0.9447494136270196,0.9290959183459291,0.9229109835440799,0.9374201804111679,0.9448810215177161,0.9552408029353752,0.7978919635651991,0.9156114273620628,0.9487265052554268,0.21286173633441063,0.9086743458967002,0.9428469360414609,0.9529828655437629,0.9447494136270194,0.9356913183279745,0.9576036838348738,0.9662633710722657,0.5681783610633193,0.9829255798283555,0.9576036838348736,0.9774399776144804,0.9374201804111679,0.7072907830597371,0.9467071200650465,0.9223484979501002,0.9214166876382095,0.9107523671187101,0.9487265052554268,0.7024099836370983,0.9229109835440799,0.9339970109398137,0.9578778135048237,0.9199406273027306,0.9641067145740576,0.9428469360414611,0.807183876418643,0.9391866557097983,0.9299953465081172,0.8364293592636132,0.9229109835440812,0.5341142613283238,0.9508152934266847,0.828613842093636,0.9859983918197514,0.8658597358546536,0.7770807006739853,0.9529828655437629,0.9521378558308737,0.9214166876382095,0.9980353634264251,0.8312296131409549,0.9428469360414611,0.5912865531913367,0.9307015751744634,0.9323345609629299,0.879529242360529,0.9576036838348734,0.9323345609629299,0.9259591224230201,0.9170389579782952,0.3024820600318904,0.9428469360414611,0.9073222074226135,0.9805663112989256,0.8314271579725281,0.9135899386508912,0.9409942357230066,0.9428469360414611,0.8782540541553365,0.7672171847792593,0.8924422111181163,0.9170389579782956,0.8880325471109589,0.875843586221118,0.6187970273505472,0.8753445718989772,0.8479841488472282,0.9641067145740576,0.9467071200650465,0.9428469360414606,0.8402927774016289,0.8544735095381997,0.9529828655437631,0.8955611203771292,0.8484511081753161,0.9779901913198823,0.8601632422512155,0.8903852777825745,0.9244246976009178,0.8598857653919492,0.9347742988036449,0.9467071200650465,0.8069375790544118,0.9860136523181984,0.9762777185243531,0.9576036838348738,0.896530107912332,0.9397260007982835,0.8710529575837431,0.9290959183459293,0.9579335751547247,0.9229109835440812,0.7917593535864723,0.9447494136270194,0.9006456125752123,0.9409942357230059,0.9816273853023445,0.9160683440343422,0.9467071200650465,0.9859983918197512,0.9576036838348734,0.9374201804111679,0.739239917529952,0.8943565890949519,0.9859983918197512,0.9487265052554268,0.9391866557097985,0.7074355634233964,0.9552408029353749,0.7267619483447614,0.8851462416270444,0.8734436811123556,0.8994092506018603,0.9121665849174863,0.8492865600019237,0.9662633710722659,0.8043919340719947,0.9552408029353749,0.8942918945731197,0.8658597358546534,0.6419648193702069,0.9487265052554268,0.9662633710722655,0.881892804506297,0.4490722241164532,0.8671351972502714,0.8710529575837429,0.8598857653919493,0.9467071200650465,0.9259591224230201,0.8286183577313591,0.5447518727250827,0.9448810215177159,0.8722463878449838,0.5681783610633193,0.9599453718988955,0.8531171953592842,0.9540324564594047,0.9409942357230066,0.9641067145740574,0.8492865600019237,0.8633105822387188,0.9233171559311284,0.9529828655437631,0.8544735095381997,0.9502774276431882,0.6228433880160784,0.9007066431763942,0.9384783478628762,0.9641067145740576,0.998438082710315,0.9261085902626541,0.8355363665978444,0.8684114426569804,0.9238496325630559,0.9339970109398136,0.9559635246111837,0.9391866557097983,0.9268928378647714,0.7307473899847018,0.81429905637459,0.89429189457312,0.9428469360414611,0.9447494136270194,0.9951011472655118,0.9566644487892417,0.7589701553057939,0.8782540541553363,0.998438082710315,0.9428469360414611,0.6525568015165144,0.8397196570114844,0.9552408029353752,0.9428469360414611,0.839015179807517,0.9046484553665972,0.9038040896127966,0.8951646744396661,0.8930288547304035,0.9409942357230059,0.9428469360414611,0.8938021067999713,0.9428469360414611,0.8397627738903015,0.7257864346479055,0.705711891892054,0.9428469360414611,0.9006456125752124,0.9428469360414611,0.7206507019612982,0.8955611203771294,0.9059804204993025,0.6294496528514313,0.9467071200650465,0.818634522967677,0.9391866557097985,0.9275156757582279,0.9307015751744636,0.8942918945731197,0.7502495901817798,0.9086743458966995,0.9487265052554266,0.9549242426467435,0.909346860348393,0.5519745822137392,0.9179193815543993,0.9431379203344707,0.9046484553665972,0.991930496947756,0.8710529575837429,0.9391866557097981,0.9428469360414611,0.9602082688150362,0.9428469360414611,0.7855649902102725,0.9046484553665968,0.985998391819751,0.962001961701989,0.8186345229676771,0.9447494136270194,0.9414200463913258,0.9290959183459291,0.8794637048361456,0.9323345609629299,0.9290448373054407,0.9467071200650465,0.8851462416270444,0.6429643058181265,0.8518411915787529,0.9409942357230066,0.9813507987576181,0.7449053002842145,0.9576036838348738,0.8390151798075176,0.8124915484069644,0.9244246976009178,0.5580963887196512,0.8591937786248893,0.9487265052554268,0.8569414677127445,0.8229489814879903,0.8262967737928698,0.9529828655437631,0.886492006082187,0.9033258132980628,0.9259591224230201,0.8892738141520427,0.9529828655437631,0.6698018713909621,0.8425145421826268,0.9508152934266847,0.5394974861651107,0.9127986978904699,0.9467071200650468,0.948449071565374,0.8598857653919492,0.9391866557097983,0.9902930825832765,0.9467071200650468,0.7928404804073248,0.9529828655437629,0.8243731352318142,0.8645849121197562,0.5954286544189951,0.8518411915787525,0.9529828655437629,0.9428469360414606,0.9662633710722657,0.9391866557097981,0.9487265052554268,0.8286183577313593,0.8855640524750217,0.9467071200650468,0.36103637741689343,0.9448810215177161,0.7681730410097547,0.8981194480464405,0.9010752173319367,0.8454462071871414,0.8172033011549018,0.7323410235989238,0.8568329962206255,0.9552408029353749,0.9268928378647714,0.9552408029353749,0.9086743458966995,0.9046484553665968,0.9347742988036452,0.9902930825832765,0.9428469360414611,0.9487265052554259,0.925364186745663,0.9229109835440812,0.9529828655437631,0.9508152934266849,0.9409942357230061,0.9428469360414611,0.9290959183459291,0.9529828655437629,0.9576036838348736,0.8994092506018598,0.7548771159228309,0.9259591224230201,0.9487265052554268,0.8655388112080706,0.7449053002842145,0.9779901913198823,0.9356913183279751,0.8828138438639471,0.9467071200650468,0.9086743458967002,0.7736590785709943,0.9339970109398137,0.9733993351591588,0.9576036838348734,0.8123813566108598,0.9086743458966993,0.8262967737928704,0.9374201804111684,0.9409942357230066,0.952137855830874,0.8710529575837431,0.834220125294957,0.8613016336856769,0.7625634770694324,0.9428469360414611,0.8633105822387186,0.9466508604266068,0.9502774276431885,0.9466508604266071,0.9552408029353749,0.8531171953592842,0.9428469360414611,0.9428469360414611,0.9662633710722659,0.9268928378647716,0.8696886211206443,0.9428469360414611,0.9552408029353749,0.9428469360414606,0.9127986978904701,0.5783349193326154,0.8397196570114844,0.998035363426425,0.9141982714487249,0.9307015751744634,0.7387097907007926,0.779029519363807,0.9428469360414611,0.6112309903275555,0.9059804204993025,0.8247771206246992,0.8278103590286849,0.9559635246111837,0.8532939550526106,0.9467071200650468,0.847006194727733,0.9428469360414611,0.7945191182021174,0.9229109835440812,0.8978986056916491,0.7428586483703004,0.9447494136270196,0.7407936210487842,0.9356913183279749,0.9428469360414611,0.8831126597162948,0.8570458956727546,0.9428469360414611,0.9559635246111837,0.8200862327138887,0.7190323268397132,0.7681730410097547,0.8541942475379056,0.9428469360414611,0.8424468616657672,0.8379173649093357,0.9508152934266847,0.8607628406648595,0.8180232600309143,0.8955611203771292,0.9694900493913197,0.916465857676559,0.9467071200650465,0.8855640524750217,0.9038040896127966,0.9275156757582281,0.8897296817044205,0.8580131649841525,0.6462109039809728,0.9275156757582281,0.9487265052554266,0.9229109835440812,0.9428469360414611,0.9529828655437629,0.5229372728607367,0.8153390997626981,0.9832374253294529,0.918481717146135,0.9391866557097985,0.7673213881165999,0.9942907727414589,0.9391866557097985,0.9323345609629299,0.9428469360414606,0.9339970109398132,0.6187091166029263,0.8917716903077892,0.9762777185243532,0.8816373105758182,0.9552408029353749,0.9339970109398132,0.9275156757582281,0.8272076876058567,0.9307015751744632,0.9552408029353749,0.8166888204928773,0.9837816225361296,0.9107523671187105,0.9707495588862811,0.27146264683413934,0.9253641867456628,0.9467071200650463,0.9086743458966999,0.8867960431767523,0.5957823999743233,0.9730889887268286,0.9208601429117478,0.9832374253294529,0.9156114273620628,0.8198704548791862,0.7994169225165997,0.9284363038146399,0.9374201804111679,0.816683181163028,0.8770474101603607,0.9127986978904701,0.9259591224230201,0.9275156757582281,0.7644475693273645,0.9832374253294529,0.6974157118582673,0.9730889887268286,0.9046484553665965,0.793190309973373,0.9467071200650465,0.6577113401077993,0.7568218820604957,0.9466508604266068,0.9208601429117478,0.9529828655437631,0.8655346503928818,0.8782540541553363,0.9508152934266847,0.9059804204993025,0.9374201804111679,0.9374201804111684,0.9487265052554268,0.9529828655437631,0.9579335751547247,0.7509391102435883,0.49456434695876395,0.9409942357230063,0.9409942357230061,0.827301579258152,0.9964099135129635,0.9374201804111686,0.9378952136648955,0.9428469360414611,0.9508152934266847,0.9428469360414611,0.9428469360414611,0.8739476404527842,0.9275156757582279,0.9484490715653735,0.9428469360414611,0.8627149774280982,0.897643847190293,0.9431379203344706,0.8343435279019369,0.6112309903275556,0.7825492732451295,0.8917716903077892,0.8905201046762896,0.9004419135751178,0.9356913183279749,0.8722472547880548,0.9508152934266849,0.9466508604266075,0.8262967737928694,0.8658597358546534,0.9156114273620624,0.9356913183279747,0.9391866557097983,0.7854142280701444,0.9508152934266849,0.916465857676559,0.9467071200650465,0.9223484979501002,0.9307015751744634,0.9244246976009178,0.975500298406281,0.8569414677127443,0.9141982714487249,0.9299953465081172,0.9275156757582279,0.910037399647823,0.9902930825832766,0.9805663112989258,0.9447494136270198,0.9033258132980622,0.8671351972502712,0.723557945843871,0.985998391819751,0.7124226449088114,0.9374201804111686,0.8024455298513351,0.6104592517687598,0.9409942357230059,0.8247771206246997,0.9599453718988955,0.9576036838348734,0.7825492732451296,0.8543924912438265,0.925364186745663,0.7604262241490395,0.9805663112989256,0.9315707757470981,0.8674812582382025,0.9428469360414611,0.9487265052554266,0.9059804204993029,0.998035363426425,0.6733660164713612,0.9805663112989254,0.9951011472655118,0.9170389579782949,0.8993350034316345,0.9275156757582281,0.8570458956727547,0.5262238990709445,0.9522391902169821,0.9323345609629299,0.907581650634876,0.9391866557097985,0.9356913183279747,0.8259862447268003,0.9816273853023441,0.9259591224230201,0.764785388053437,0.9262713272365275,0.8012054341347125,0.8748097499677505,0.9086743458966993,0.8892764867245637,0.6733660164713611,0.9156114273620617,0.9552408029353752,0.9290959183459291,0.9447494136270198,0.672190514877286,0.8905201046762896,0.8794637048361456,0.9409942357230066,0.7961879202034745,0.7213067612225865,0.9576036838348734,0.9552233758827164,0.9467071200650465,0.9073222074226137,0.9059804204993027,0.3343775218332662,0.8892738141520427,0.9156114273620621,0.9290959183459291,0.5394974861651107,0.25321960917269004,0.9984380827103148,0.9487265052554266,0.9576036838348736,0.9428469360414611,0.9484490715653737,0.6329232790267378,0.8085544851979651,0.9100373996478226,0.9428469360414611,0.868670113280511,0.7790706788814205,0.9656987984431145,0.9127986978904705,0.546289948780494,0.8782540541553367,0.9277615740326817,0.784507531292872,0.962001961701989,0.9299953465081172,0.8594891528032418,0.6061613868311231,0.9508152934266849,0.9253641867456628,0.9199406273027309,0.9467071200650468,0.9046484553665965,0.9576036838348736,0.962001961701989,0.9391866557097981,0.9576036838348736,0.9339970109398137,0.9199406273027309,0.9428469360414606,0.6920522572673158,0.5994913708376866,0.9762777185243534,0.9428469360414609,0.9307015751744636,0.8155224597734188,0.8541942475379054,0.9409942357230066,0.9487265052554268,0.9374201804111684,0.9409942357230066,0.9409942357230066,0.9882237972340482,0.9428469360414611,0.9374201804111681,0.8955611203771292,0.9428469360414611,0.9259591224230201,0.909346860348393,0.9529828655437631,0.9467071200650465,0.981350798757618,0.9942907727414587,0.9409942357230066,0.7961879202034745,0.8684114426569804,0.975500298406281,0.848007685067119,0.9428469360414611,0.8955611203771292,0.9467071200650468,0.9259591224230201,0.8186473599543376,0.9331634535227105,0.9529828655437631,0.9447494136270196,0.9290959183459293,0.9046484553665968,0.9779901913198823,0.9428469360414609,0.9431379203344707,0.9114119696612575,0.9156114273620619,0.8186482473018315,0.9323345609629297,0.9529828655437629,0.9214166876382093,0.9467071200650465,0.9315707757470983,0.8492865600019233,0.9428469360414611,0.9980353634264252,0.6073898967662802,0.9552408029353752,0.7547330071584286,0.9374201804111684,0.9323345609629297,0.8547682073619653,0.9391866557097985,0.8157539143881279,0.8338072309606863,0.9428469360414611,0.9428469360414611,0.9033258132980626,0.8364293592636133,0.8905201046762896,0.7312659169531011,0.8802933878333352,0.7681730410097547,0.7235579458438709,0.851329695744854,0.9244246976009176,0.8153390997626979,0.9428469360414611,0.9566644487892415,0.9487265052554266,0.9576036838348738,0.7407936210487842,0.9529828655437631,0.8892764867245639,0.9428469360414611,0.9428469360414611,0.8217189534557292,0.9428469360414606,0.8308199713023081,0.9307015751744636,0.6843931677194168,0.5341142613283238,0.962001961701989,0.8867960431767523,0.8668806742350057,0.7274638629860375,0.9428469360414611,0.9046484553665963,0.8725494497158701,0.9447494136270194,0.9529828655437631,0.9669177592622797,0.7276482555137336,0.89940925060186,0.9073222074226137,0.9447494136270194,0.6789516257432738,0.9428469360414611,0.8837077700694129,0.9073222074226137,0.8867960431767523,0.8568329962206256,0.6329232790267383,0.9860136523181988,0.9284363038146399,0.8633105822387186,0.9508152934266847,0.6816937913057302,0.8735272891513701,0.9919304969477558,0.9552408029353752,0.9127986978904699,0.9229109835440805,0.8669412593055832,0.9487265052554268,0.9409942357230066,0.8603749609471998,0.9641067145740576,0.9816273853023441,0.9114119696612575,0.9576036838348734,0.9816273853023441,0.9576036838348736,0.9576036838348734,0.8905201046762896,0.9100373996478233,0.9164658576765581,0.9428469360414606,0.9552408029353752,0.9307015751744634,0.9307015751744632,0.8112504150761777,0.0,0.9409942357230061,0.9199406273027309,0.880676555099043,0.9447494136270191,0.8293180381867087,0.9466508604266073,0.7548771159228311,0.7894527989728173,0.9428469360414611,0.8782540541553365,0.9428469360414606,0.8397196570114844,0.9552408029353752,0.9829255798283555,0.9259591224230193,0.8938021067999709,0.9428469360414611,0.8570458956727547,0.7825492732451296,0.9259591224230199,0.8584672327106713,0.8837077700694129,0.8669412593055832,0.9487265052554266,0.878135228878389,0.8259410028852336,0.7312659169531015,0.7877432951704415,0.9275156757582279,0.8505643545085146,0.9576036838348734,0.9275156757582279,0.9428469360414606,0.8855640524750217,0.9214166876382093,0.8990421269577609,0.8905201046762896,0.7754616934064608,0.9980353634264248,0.9409942357230066,0.8762666295743209,0.7017652412015897,0.916465857676559,0.8247771206246997,0.7978471057910126,0.9428469360414611,0.8382489307383865,0.6676280939447442,0.9127986978904699,0.9428469360414611,0.8467276077778303,0.9356913183279747,0.9529828655437631,0.9275156757582279,0.9409942357230066,0.7369352187762956,0.9684760986278476,0.8843363349468667,0.9917271981546156,0.9331634535227105,0.9275156757582281,0.7718436238942259,0.9428469360414611,0.9184817171461357,0.9428469360414611,0.9529828655437631,0.8124915484069641,0.9322898055713351,0.9576036838348738,0.9170389579782952,0.787743295170443,0.9284363038146402,0.9540324564594049,0.9428469360414611,0.8641962732200635,0.824667723230726,0.8870256184172896,0.9579335751547247,0.4795201051474266,0.9487265052554268,0.40723420795533494,0.9559635246111837,0.9059804204993029,0.8794637048361453,0.7978471057910126,0.9059804204993029,0.9540324564594049,0.9487265052554268,0.5954286544189951,0.9059804204993029,0.9576036838348738,0.9684760986278476,0.9942907727414588,0.9024363921718173,0.9409942357230059,0.9141982714487253,0.9259591224230201,0.9432506800820841,0.904648455366597,0.9755002984062813,0.9795142794845897,0.9214166876382095,0.9409942357230061,0.9307015751744634,0.8139908973877217,0.9127986978904703,0.5575130912717497,0.8920624426086237,0.9007066431763939,0.5219376084481534,0.9214166876382093,0.9447494136270194,0.9467071200650465,0.9238496325630556,0.9135899386508912,0.9620019617019888,0.9184817171461357,0.8880325471109585,0.9487265052554266,0.9508152934266847,0.8580131649841525,0.9170389579782963,0.9075816506348764,0.9466508604266071,0.9156114273620624,0.8343435279019364,0.9779901913198823,0.9141982714487258,0.9428469360414609,0.8962469047143677,0.6223507190068829,0.9020120239820872,0.8880325471109587,0.7298708967723422,0.9508152934266847,0.9086743458966993,0.8603749609472,0.9229109835440799,0.9374201804111681,0.9170389579782956,0.920860142911748,0.8556531508423677,0.7620178857565234,0.9323345609629299,0.8518411915787527,0.9409942357230061,0.8997202507834756,0.8259862447268005,0.9902930825832764,0.9447494136270196,0.9353609244375383,0.9184817171461344,0.9467071200650465,0.8855640524750219,0.8748097499677505,0.8299231483677996,0.9391866557097981,0.9391866557097985,0.8377233441481207,0.9259591224230201,0.5171305001443658,0.9467071200650465,0.8696886211206443,0.9259591224230199,0.9813507987576178,0.9121665849174863,0.9244246976009176,0.9447494136270196,0.9552408029353752,0.9024363921718177,0.9529828655437631,0.8220206572416724,0.9508152934266849
p297_P,0.8981604976332362,0.9394396415413291,0.8882932693469461,0.9909903972974269,0.9475597985845112,0.9610996995613954,0.9357136275234195,0.9904417204655496,0.6064501359444237,0.9589316626844853,0.9379142777971528,0.9458598726114651,0.992131884600974,0.919989349133864,0.7728191281817438,0.983317313483034,0.9397362273534058,0.9292677720165115,0.9568599156354454,0.9589316626844853,0.9181361257449085,0.9364159486136479,0.9852901633058908,0.9493053971730236,0.9349426948340502,0.9784534179462063,0.9425805352069323,0.6243593074986198,0.9589316626844853,0.8775187083448657,0.9682551375725406,0.9529545363721539,0.9984380827103148,0.9591402541866405,0.9475597985845114,0.9568599156354454,0.9848910203339206,0.9409942357230057,0.9610996995613952,0.9278966962971924,0.896130882831621,0.9306566646589698,0.9610996995613952,0.8863545075618846,0.9425805352069325,0.8425062304790467,0.9511016704226434,0.8063934464761421,0.9278966962971924,0.6205786567951308,0.9529545363721539,0.8447105394237191,0.9292677720165115,0.9394396415413291,0.9409942357230057,0.9265423524364669,0.9265423524364669,0.9475597985845114,0.8272354331469209,0.9442013463068033,0.9428298129397871,0.9176189740206022,0.9231752901944043,0.896130882831621,0.9548710823073732,0.7577630226857437,0.9529545363721539,0.756603092681495,0.8444866399348758,0.9568599156354454,0.9187169710212715,0.9278966962971924,0.9475597985845114,0.7257450177475634,0.9475597985845114,0.8827817928509321,0.9364159486136479,0.9928618019927207,0.759586201474016,0.9610996995613954,0.937914277797153,0.9320645602494204,0.923879955825063,0.9292677720165115,0.9475597985845114,0.9149644520716045,0.9902428565647539,0.9804497867748897,0.8607835930791425,0.9458598726114653,0.9475597985845114,0.8882932693469461,0.8541959247310249,0.7889593434808126,0.923879955825063,0.9343080653650265,0.8860815694795918,0.8838795614232458,0.7088341300603618,0.738701490675898,0.9265423524364667,0.9511016704226432,0.9475597985845114,0.8534622933489193,0.8664736771305537,0.9568599156354451,0.9041731885624826,0.7412655108174009,0.9877220281917203,0.7218882545393674,0.8718884926994315,0.9306566646589698,0.7282232490337204,0.9065205555971323,0.9511016704226434,0.7579944655912743,0.9394396415413293,0.9568599156354454,0.961099699561395,0.7519496267264241,0.9270651763898241,0.8816859778305945,0.9349426948340502,0.9225701399051964,0.9292677720165115,0.7855851230478148,0.9493053971730234,0.9180351461270723,0.9458598726114651,0.995606730632077,0.9075640734504303,0.9511016704226432,0.9529545363721539,0.8705865822009817,0.9425805352069325,0.8402939714046156,0.9079957206615112,0.9529545363721539,0.9529545363721539,0.9442013463068033,0.7983153216862561,0.9589316626844853,0.7012979244526318,0.8675560447816311,0.8838795614232458,0.5332114747398666,0.9600059685838345,0.6970590368950036,0.9763068251524243,0.7829632068236252,0.9589316626844853,0.5959662951141782,0.8512827582389368,0.9436711479582616,0.9529545363721539,0.9752830459923437,0.8916319670140291,0.9112976020672168,0.7240337169496345,0.8816859778305945,0.828496900914719,0.9808926695348984,0.9320645602494204,0.8452778185685961,0.893874003041377,0.913733309388403,0.9180351461270724,0.896130882831621,0.923879955825063,0.7783436306786586,0.919989349133864,0.9458598726114653,0.9742178060512305,0.8660830247325575,0.7311663593168997,0.874058087016832,0.9667798280829097,0.8981789948276746,0.9174557485535397,0.9168460830759904,0.8895283817802934,0.8738416970127053,0.9742178060512305,0.9458598726114651,0.9154533753716585,0.8490980979184484,0.6608908390515033,0.9357274933038939,0.939439641541329,0.9212735133449714,0.9954412864629743,0.8718328585919123,0.8164111026582046,0.7505486208297507,0.9030086235821644,0.9475597985845114,0.9493053971730234,0.9442013463068037,0.8804787288072372,0.8589669349625968,0.8661426937240921,0.992131884600974,0.9475597985845114,0.864309074997313,0.7505486208297508,0.9589316626844853,0.9475597985845114,0.9997405031129084,0.9628454933455662,0.6062538537731914,0.693777062531062,0.9018497344665103,0.9458598726114651,0.9475597985845114,0.8512827582389368,0.9475597985845114,0.7492027476456946,0.83360257911207,0.8302218952289881,0.9475597985845114,0.8567235831170403,0.9475597985845114,0.8222267513114294,0.9430441133000051,0.913733309388403,0.8718884926994315,0.9511016704226432,0.7708083464141853,0.9442013463068033,0.9334927596276981,0.9364159486136481,0.9030086235821644,0.7749639526724744,0.9162050927129204,0.9529545363721539,0.8961308828316205,0.9220520382689481,0.9371605937136991,0.9301255045824546,0.9125111785873636,0.995606730632077,0.9985778460732369,0.8816859778305945,0.9350839192327521,0.9475597985845114,0.9747733305686097,0.9475597985845114,0.8032473794919714,0.9125111785873636,0.9765837058865926,0.9252037445446055,0.7708083464141853,0.9493053971730234,0.6774910013536337,0.9349426948340502,0.8894031717904969,0.9379142777971528,0.9593417278528642,0.9511016704226434,0.8675560447816311,0.9312291735794236,0.721866349749907,0.9458598726114653,0.9548710823073732,0.851799668828326,0.9610996995613952,0.7712102445476186,0.9997405031129083,0.9306566646589698,0.8164731458982358,0.8708047111031321,0.9529545363721539,0.7129414070033184,0.7963224802288058,0.763777927592534,0.9568599156354451,0.693467449430547,0.9112976020672166,0.9320645602494204,0.8030104049156181,0.9568599156354451,0.8848204785436551,0.7178757935284983,0.9548710823073732,0.8950004825334388,0.9199893491338638,0.9511016704226432,0.9162050927129204,0.7282232490337205,0.9442013463068033,0.9511016704226434,0.9511016704226432,0.7920258334641648,0.9568599156354454,0.7672253926367625,0.7889593434808125,0.8816859778305948,0.8391846440543804,0.9568599156354454,0.9475597985845114,0.9278966962971924,0.9442013463068035,0.9529545363721539,0.7624534917969606,0.77643485094042,0.9511016704226434,0.9278966962971926,0.9557248896714008,0.8372167898585543,0.9065205555971325,0.7150698395072393,0.9203844272957435,0.8679821713502605,0.8535826677013163,0.8686385996787724,0.9589316626844853,0.5306265009022848,0.9589316626844853,0.9162050927129204,0.995606730632077,0.9065205555971323,0.9808926695348984,0.9475597985845114,0.9765837058865925,0.8995478568587885,0.9292677720165115,0.9568599156354451,0.971905036534492,0.9458598726114651,0.9475597985845114,0.9349426948340502,0.9568599156354454,0.9610996995613952,0.9077040005624184,0.8457706733508472,0.9320645602494204,0.9529545363721539,0.71394793146275,0.8233788637195054,0.9349426948340502,0.9984380827103152,0.8358428353123897,0.9128870094924402,0.9591402541866405,0.8613218946432297,0.9482607581795672,0.8926229549026828,0.9610996995613952,0.7762855815640268,0.9162050927129202,0.763777927592534,0.9425805352069323,0.9458598726114653,0.9626788706813354,0.8816859778305948,0.7559282396619429,0.7265343068798946,0.8128743662973861,0.9475597985845114,0.6712041389219496,0.9149644520716045,0.9174557485535397,0.9149644520716045,0.9589316626844853,0.7490080616081409,0.9475597985845114,0.9475597985845114,0.9278966962971924,0.9006962362816693,0.8545503661181635,0.9475597985845114,0.9589316626844853,0.9475597985845114,0.9199893491338639,0.8938740030413768,0.7505486208297507,0.9475597985845114,0.9212735133449714,0.9364159486136479,0.8268147748355974,0.8020222325849231,0.9475597985845114,0.8773193685069605,0.913733309388403,0.7652011593459802,0.7897260844225821,0.9663573664294256,0.8653913891389662,0.9511016704226434,0.742840722786175,0.9475597985845114,0.7907502491856577,0.9292677720165115,0.6886770644806225,0.8814700551931214,0.9493053971730234,0.8256727870749783,0.9409942357230057,0.9475597985845114,0.9647580114966432,0.7868692566783926,0.9475597985845114,0.9212735133449714,0.7718994506532354,0.836959162174395,0.809299047601135,0.7348453828730821,0.9475597985845114,0.8171063621787287,0.7264404658292205,0.9719050365344921,0.8767155864943421,0.8372167898585541,0.8237303382748604,0.7809518813704253,0.8927512325175626,0.9511016704226434,0.9315076677030099,0.5721895635481331,0.9334927596276981,0.7035935143035548,0.9018303117723401,0.8664736771305537,0.9334927596276981,0.9529545363721539,0.9292677720165115,0.9475597985845114,0.9568599156354454,0.8984043359066813,0.7196369421472582,0.9379142777971528,0.9252037445446053,0.9442013463068033,0.8195726318328567,0.9493053971730236,0.9442013463068033,0.937914277797153,0.9475597985845114,0.9394396415413293,0.875144138718642,0.9006962362816693,0.9568599156354454,0.6880444794042462,0.9611058687776598,0.9394396415413293,0.9334927596276981,0.7916419660939537,0.9364159486136476,0.9589316626844853,0.7932953720006315,0.4563929863666274,0.9233738460510836,0.9306566646589698,0.9364159486136481,0.8995478568587885,0.9511016704226434,0.9162050927129202,0.896130882831621,0.8666805484322464,0.9829392900173883,0.9567860036593587,0.937914277797153,0.9860598647601154,0.8347240030058896,0.82416966001041,0.9400706025742573,0.9425805352069323,0.7457596729976135,0.8871861256568154,0.919989349133864,0.9320645602494204,0.9629124330159167,0.8116870067162374,0.937914277797153,0.8469075946240918,0.9320645602494204,0.9125111785873636,0.7868860602652397,0.9511016704226434,0.8663503378902107,0.8445574319866593,0.9149644520716047,0.7361613333958279,0.7376990592379747,0.8056825578273621,0.9935349994593581,0.9548710823073729,0.955724889671401,0.9425805352069323,0.9425805352069325,0.9529545363721539,0.9568599156354454,0.9225701399051964,0.8199117795876248,0.9100921482984174,0.9458598726114651,0.9458598726114651,0.7877749961293832,0.9430441133000051,0.9425805352069323,0.8675560447816311,0.9475597985845114,0.9548710823073732,0.9475597985845114,0.9475597985845114,0.7106749817367282,0.9334927596276981,0.9162050927129202,0.9475597985845114,0.7248314800141338,0.676816885644639,0.995606730632077,0.8480036211373805,0.8773193685069605,0.799556308447807,0.9006962362816693,0.8995478568587885,0.6724259519035647,0.998438082710315,0.9509103733010487,0.9548710823073732,0.9998717412550098,0.8459097615913485,0.696277838976946,0.9225701399051967,0.9409942357230057,0.9442013463068035,0.9757435779469095,0.9548710823073732,0.9287546220071028,0.9511016704226434,0.9713507065305738,0.9364159486136479,0.980662425002937,0.9334927596276981,0.7425046908495854,0.9212735133449714,0.8657490312007632,0.7557228183031448,0.96089318452934,0.9128870094924401,0.9902428565647541,0.9493053971730234,0.9524187417251317,0.6937770625310619,0.8347240030058896,0.9529545363721539,0.8523731211903478,0.9425805352069325,0.7623458066664353,0.8860815694795918,0.9458598726114651,0.7652011593459804,0.923879955825063,0.9610996995613952,0.7995563084478071,0.6586348304959027,0.8995478568587885,0.7970688433398971,0.9364159486136479,0.9819150380375277,0.7548028370807557,0.9475597985845114,0.9529545363721539,0.9602919497626031,0.9475597985845114,0.8567235831170406,0.6329687877775011,0.9954412864629739,0.923879955825063,0.8256727870749783,0.9334927596276981,0.731560533793679,0.9589316626844853,0.7868860602652397,0.9928618019927207,0.7009032967458926,0.9442013463068033,0.9409942357230057,0.9008500906435695,0.9125111785873636,0.9320645602494204,0.8009469027438032,0.9752661847175215,0.8044674539676762,0.7089270833900356,0.9162050927129202,0.8320495610524624,0.8567235831170403,0.8490048717580835,0.9589316626844853,0.9349426948340502,0.9848910203339206,0.83360257911207,0.8371629851568374,0.934089836226159,0.9458598726114653,0.7894685038194517,0.8358428353123897,0.9610996995613952,0.9605979515670119,0.9808926695348984,0.9149644520716045,0.913733309388403,0.9306566646589698,0.9357274933038939,0.9225701399051964,0.9349426948340502,0.8950004825334388,0.9379142777971528,0.9458598726114651,0.9529545363721539,0.9610996995613954,0.9475597985845114,0.9162050927129204,0.8610609420833562,0.7282232490337205,0.9174557485535397,0.9475597985845114,0.7182923976834812,0.8187487405659173,0.9800894053211886,0.9199893491338638,0.9006962362816693,0.8882932693469461,0.9768470376839118,0.8646873756556543,0.9252037445446055,0.9415490144516765,0.7083230359445545,0.9220520382689481,0.9548710823073732,0.8995478568587885,0.9265423524364669,0.9511016704226434,0.9125111785873636,0.961099699561395,0.9338613756314729,0.9442013463068035,0.9610996995613952,0.9394396415413291,0.9265423524364667,0.9475597985845114,0.9243307498488826,0.8805919691825623,0.9667798280829097,0.9475597985845114,0.9364159486136479,0.7735626237779674,0.7348453828730822,0.9458598726114653,0.9529545363721539,0.9425805352069323,0.9458598726114653,0.9458598726114653,0.9162050927129203,0.9475597985845114,0.9425805352069323,0.9041731885624826,0.9475597985845114,0.9320645602494204,0.8871861256568154,0.9568599156354454,0.9511016704226434,0.9548710823073729,0.9493053971730234,0.9458598726114653,0.7894685038194516,0.6305379098265296,0.8075202219813375,0.8154768127415198,0.9475597985845114,0.9041731885624826,0.9511016704226434,0.9320645602494204,0.745956893031412,0.9053437280773229,0.9568599156354454,0.9493053971730236,0.9877220281917203,0.995606730632077,0.9349426948340502,0.9475597985845112,0.9125111785873636,0.9187169710212715,0.9225701399051964,0.6746336145137798,0.937914277797153,0.9568599156354454,0.9278966962971924,0.9511016704226434,0.9041731885624824,0.6679351743368409,0.9475597985845114,0.9475597985845112,0.8784088021185177,0.9589316626844853,0.8324784774213034,0.9425805352069323,0.9379142777971528,0.7012979244526318,0.9442013463068033,0.7490287796730208,0.7565251288118119,0.9475597985845114,0.9475597985845114,0.9112976020672168,0.8256727870749783,0.8995478568587885,0.799556308447807,0.7196724925376239,0.8092990476011352,0.8347240030058896,0.7380797521925808,0.9306566646589698,0.7196369421472582,0.9475597985845114,0.8972654241994791,0.9529545363721539,0.9610996995613952,0.8256727870749783,0.9568599156354451,0.6894338727722293,0.9475597985845114,0.9475597985845114,0.7680215914296746,0.9475597985845112,0.7594542431334599,0.9364159486136479,0.8523731211903478,0.896130882831621,0.9252037445446055,0.9329016612088759,0.7119131029890879,0.845809930023645,0.9475597985845114,0.9125111785873636,0.7124992468950192,0.9493053971730234,0.9568599156354454,0.9509103733010487,0.8852181373852493,0.9077040005624186,0.9149644520716047,0.9493053971730236,0.885001870744911,0.9475597985845114,0.6974210242606502,0.9149644520716045,0.9567860036593586,0.8686385996787724,0.8610609420833562,0.9394396415413293,0.601278980132777,0.8490980979184486,0.9548710823073729,0.8211692430986995,0.9883830812390186,0.9425805352069323,0.9589316626844853,0.5458891294538808,0.9784534179462063,0.7196369421472582,0.9529545363721539,0.9458598726114653,0.6745830696910684,0.9742178060512305,0.9125111785873636,0.9626788706813354,0.9547434413197934,0.9125111785873636,0.9610996995613952,0.9610996995613952,0.8995478568587885,0.691607327664258,0.9272318200347354,0.9475597985845112,0.9589316626844853,0.9364159486136479,0.9364159486136476,0.8268147748355974,0.9409942357230061,0.0,0.9265423524364667,0.8905160099774294,0.9493053971730234,0.7609046338028225,0.9149644520716045,0.7313974068186491,0.764055362404793,0.9475597985845114,0.8882932693469461,0.9475597985845112,0.7779891015560226,0.9589316626844853,0.9306566646589698,0.9320645602494202,0.8814453850912112,0.9475597985845114,0.731560533793679,0.799556308447807,0.9320645602494204,0.7298985716672574,0.7257450177475634,0.7196369421472582,0.9529545363721539,0.7051012987580614,0.8370147688196932,0.9656310566424902,0.7958167654209829,0.9334927596276981,0.8380730697098475,0.9610996995613952,0.9852901633058908,0.9475597985845114,0.8950004825334386,0.9278966962971924,0.7035608972416707,0.9371605937136991,0.8044674539676762,0.9886251033694343,0.9458598726114653,0.7261828994531658,0.8567235831170406,0.8927512325175626,0.7652011593459803,0.7881804803953935,0.9475597985845114,0.7520579877837958,0.8588935204002319,0.919989349133864,0.9475597985845114,0.7304083101495112,0.9409942357230057,0.9568599156354451,0.9334927596276981,0.9458598726114653,0.8414011380622555,0.6772470605459318,0.893874003041377,0.9265423524364669,0.9053437280773229,0.9334927596276981,0.8068927917851014,0.9475597985845114,0.9721820378192463,0.9475597985845114,0.9568599156354454,0.8565847204007375,0.6139852916796895,0.9610996995613952,0.9701956444682691,0.85103298326874,0.8306041887792599,0.919989349133864,0.9475597985845114,0.9159973957702077,0.7069763520118983,0.845809930023645,0.9225701399051964,0.9125111785873639,0.9529545363721539,0.9225701399051969,0.9212735133449717,0.9557248896714008,0.7575828442428152,0.7881804803953936,0.9557248896714008,0.919989349133864,0.9529545363721539,0.8816859778305948,0.9557248896714008,0.9610996995613952,0.7264327064756257,0.7874802728547534,0.8816859778305948,0.9458598726114651,0.9212735133449717,0.9320645602494204,0.7258203869075429,0.9125111785873636,0.9852901633058908,0.8419755599852937,0.7816425305714163,0.9458598726114651,0.9364159486136479,0.7770224160536285,0.919989349133864,0.8984043359066813,0.9429971838022234,0.8895283817802931,0.9053437280773231,0.9278966962971924,0.9493053971730234,0.9511016704226434,0.8984043359066811,0.96157326624698,0.6050133227089888,0.9252037445446055,0.8972654241994793,0.9529545363721539,0.9548710823073732,0.9981568932052118,0.9238799558250632,0.8933548640036586,0.5755918128279632,0.9225701399051964,0.9675777183531311,0.9349426948340502,0.9212735133449719,0.9475597985845112,0.7941932721730919,0.874058087016832,0.9100921482984174,0.7693508053105953,0.9632821921359429,0.9548710823073729,0.9162050927129204,0.9985319536978544,0.9292677720165115,0.9985778460732364,0.923879955825063,0.8464736685275929,0.9949023023772159,0.8913596330162288,0.937914277797153,0.9855009794529512,0.9458598726114651,0.9800516183837691,0.9289964199720246,0.9511016704226434,0.9493053971730234,0.8106395951235422,0.8868830823568322,0.9511016704226434,0.8494492212795625,0.7706669971342828,0.9330222178352456,0.9442013463068035,0.9442013463068035,0.801691693817232,0.9320645602494204,0.8995478568587885,0.9511016704226434,0.7495800737341177,0.9320645602494204,0.9548710823073732,0.6869800474494777,0.9306566646589698,0.9493053971730236,0.9589316626844853,0.9489284627486736,0.9568599156354454,0.9249804020540653,0.9548710823073732
p297_RYHVDNFAQ,0.8011844593328408,0.9178313446502833,0.8484356419795887,0.8690055601783251,0.8748925122448099,0.9472198404849024,0.8921832178865923,0.8837588238170999,0.8944128167827481,0.9942420842964469,0.9157617220296757,0.7874049258749505,0.7874049258749505,0.925662981663943,0.9102998177410689,0.9782026567459741,0.9220929278982624,0.9040300914457231,0.9414672763813328,0.9942420842964468,0.8424470967591313,0.9551139594816043,0.9707630758620763,0.8664086352261163,0.9117298605520905,0.9040300914457231,0.9220929278982624,0.9879051267951278,0.9442782351269043,0.9359055181729536,0.9300679213294079,0.9554815748429074,0.9199406273027306,0.9193175573455776,0.87489251224481,0.9998226281102465,0.98181078671843,0.9199406273027306,0.9472198404849024,0.9766107126543475,0.8590697626746644,0.7865073352390315,0.9233710276669689,0.9654841543966844,0.8517032048589729,0.8316518279370475,0.933654454952398,0.9115470187593032,0.9021698077369342,0.9563233893016447,0.9903434298372482,0.8576757924346461,0.9418468054117535,0.9526552033461156,0.770896761797981,0.9003322259136213,0.9369878183831675,0.9288488221297497,0.9101814221892197,0.9828956122135615,0.927665598664277,0.9952959377264843,0.9040300914457235,0.9721556015951156,0.938768815466609,0.8626111350907364,0.9013065795230634,0.9605547264652037,0.8880644769207868,0.8236923415849841,0.8897147017633298,0.9393902601956408,0.7276985130257296,0.9967762008112058,0.9288488221297497,0.8409576378165504,0.9551139594816043,0.9580084947693384,0.900735691151503,0.9472198404849022,0.9997447324909989,0.9357136999653203,0.8967198703210437,0.9825197666561855,0.9288488221297497,0.884623261684109,0.7965749640015881,0.8751887159614387,0.7388021675848757,0.9265423524364669,0.9288488221297497,0.9023795156406169,0.9169832390321795,0.9720602625753867,0.9608396174967289,0.9400275020187103,0.9520203840999315,0.8951238755194626,0.7991474807856058,0.8660225244497293,0.9736434108527132,0.9617723288059054,0.9288488221297497,0.9654527004964141,0.961777694184125,0.9414672763813328,0.8699816110295118,0.7547748038628777,0.7636321821450425,0.9555707628424923,0.974566237928235,0.9787436574258666,0.8868656999877829,0.8731665326144964,0.933654454952398,0.8612129307844865,0.8663129020103818,0.9414672763813328,0.9472198404849024,0.9654527004964141,0.7776801287304257,0.8915641191189612,0.9117298605520905,0.929431210446216,0.9068863387241245,0.9413695365976318,0.9312172606999454,0.6994303262113237,0.9304312867192419,0.7353739172577547,0.9692549919050351,0.9859410630732461,0.9554815748429074,0.7292573298947763,0.9673337013468153,0.8735293050362543,0.6895001511032108,0.9361684345174046,0.9361684345174042,0.924292054060027,0.9602376815131912,0.9442782351269043,0.9711450593985316,0.8447770082758028,0.9731841775797109,0.9361802219295299,0.9329246992027063,0.9803139140174593,0.7628461201347064,0.9165011629280251,0.9327624037197985,0.9276655986642768,0.9373639883834675,0.9100687042991049,0.9554815748429076,0.902169807736934,0.9354543935268613,0.9938868854725336,0.9444076792766425,0.8394708294649356,0.9720703718968702,0.9094857206850571,0.9469401678022586,0.8525034332144859,0.9396242454712691,0.8829528399528481,0.8644196496342953,0.9995729386747716,0.9964497455422857,0.9009222034066343,0.9374493795642358,0.9265423524364669,0.9003322259136215,0.8405494685194217,0.9105112886652424,0.9194971277530126,0.9998226281102461,0.9374008478930757,0.954797795932703,0.9719104285695896,0.8763873919722711,0.9971188814478922,0.953045404208195,0.5967031114158955,0.7759157437063646,0.9105112886652424,0.9878731928273126,0.9082763222676034,0.8663129020103817,0.9335014513268406,0.936489445350356,0.9527103274498212,0.9456699375249609,0.9780098482520372,0.8945421723100473,0.9288488221297497,0.8158151092076322,0.9242920540600268,0.8261055689810816,0.8580473222674434,0.956323389301645,0.6443785650306593,0.9288488221297497,0.8884403759007509,0.8725208594320992,0.9942420842964468,0.9288488221297497,0.9912878046883848,0.9451832184545603,0.9195293122683741,0.8927510980735229,0.8962155056134604,0.9265423524364667,0.9288488221297497,0.8075378927174328,0.9288488221297497,0.9428109824753033,0.9076766002309375,0.9022489556912215,0.9288488221297497,0.9234512202504555,0.9288488221297497,0.8242375562980089,0.9805875322023231,0.9475238565788602,0.8510845705916488,0.933654454952398,0.7732282139246665,0.9242920540600268,0.9495873612601233,0.9964991389010722,0.9834382868228851,0.941369536597632,0.9816494815223562,0.9361684345174044,0.9438841418650029,0.8313838463459702,0.950462348871437,0.9117520352216038,0.9132389320257916,0.9451832184545601,0.851703204858973,0.9176107639459743,0.924292054060027,0.9288488221297497,0.7025119892543966,0.9288488221297497,0.9037929827392981,0.9132389320257919,0.9903434298372482,0.6680490924939257,0.8153266217715174,0.8158151092076322,0.8796480577405048,0.9117298605520905,0.931366715443356,0.999744732490999,0.8644196496342952,0.8049125044433603,0.8692547644743303,0.9426880330699128,0.8807063442751829,0.9265423524364669,0.8360364947494746,0.8477654964558503,0.9472198404849024,0.9472612909762536,0.876632654175221,0.8634018641137656,0.9650917669427266,0.9734813247500631,0.7387815935635317,0.7803231314909405,0.7547748038628777,0.9741813389942273,0.9414672763813328,0.9555707628424923,0.8796480577405048,0.9469401678022586,0.9482428774988274,0.9414672763813328,0.909781718434083,0.9540136477860037,0.995067487912588,0.969811206105381,0.9941068010498537,0.933654454952398,0.9523285443895997,0.8442633640332391,0.9242920540600268,0.933654454952398,0.7003392882016632,0.8660761967134003,0.9414672763813328,0.8237171151196454,0.9123390738302761,0.8655174742919487,0.8357078257054797,0.8824024370934047,0.9288488221297497,0.939390260195641,0.9242920540600268,0.9903434298372482,0.8312767533857883,0.8337072336310454,0.9094857206850572,0.9393902601956408,0.7619065686040853,0.8271147850206082,0.9443035643220181,0.8252288850233821,0.9521584711531497,0.9202523620751251,0.9243497724031107,0.8463492228297524,0.9442782351269043,0.8652640614492115,0.9442782351269046,0.9523285443895997,0.799262490115292,0.9035881831250774,0.8049125044433603,0.9288488221297497,0.9361684345174044,0.9793811540276174,0.9040300914457235,0.9414672763813328,0.9950674879125878,0.9304312867192419,0.9288488221297497,0.8447916714707591,0.6475620550597221,0.9880755935910335,0.8747722377977694,0.839186581443332,0.9078247903914516,0.8471315842032195,0.9032347772641222,0.869617023200479,0.9523096052149489,0.9199406273027306,0.7996110161512187,0.9859410630732461,0.8165945463022464,0.7791276136729788,0.9178313446502833,0.9102998177410689,0.9472198404849024,0.7596521043434228,0.8863065703015554,0.7215908919131212,0.9220929278982624,0.9742178060512305,0.9074828887014602,0.9176107639459743,0.8868656999877828,0.8208573067201506,0.7676551942473686,0.9288488221297497,0.9511816446337236,0.756328273180712,0.9214006317669097,0.8542505818539429,0.8098030425665007,0.9685867508737677,0.9288488221297497,0.9288488221297497,0.6511847627585864,0.8432483852154227,0.8728916008334398,0.9288488221297497,0.9327624037197982,0.9288488221297497,0.9598848913568984,0.8560076147222733,0.8514230616681118,0.9779134885361098,0.9278464566365248,0.9621156816794599,0.7869924306784437,0.774026404881082,0.9288488221297497,0.9100687042991047,0.9152383482658542,0.7866618671723973,0.867012966614412,0.9625094796456835,0.9630323558781606,0.9336544549523977,0.8414544485377816,0.9288488221297497,0.8854123724960306,0.9796635193777843,0.87289160083344,0.9972885092270756,0.7146280571706631,0.829262415790843,0.9199406273027306,0.9288488221297497,0.868701290679939,0.8484021459953657,0.9288488221297497,0.6215342442444125,0.9451389176250915,0.8683535281030099,0.7841852980302269,0.8525034332144861,0.9288488221297497,0.7961628684835914,0.8214102979747855,0.8360364947494745,0.9326997930298762,0.9988327329821346,0.9297539537367778,0.931868237520197,0.9375285758840219,0.933654454952398,0.7495008506609429,0.8409576378165504,0.891113512984276,0.9086895910343966,0.855830244198988,0.8675843817785289,0.909762579821223,0.9361684345174044,0.9796635193777843,0.9288488221297497,0.8236923415849842,0.8908505574053998,0.8878860206418515,0.9157617220296757,0.9570057010001995,0.9828956122135615,0.9719739006977876,0.9170021612446009,0.9706982209232327,0.9157617220296757,0.9288488221297497,0.9094840526782488,0.9568856194085313,0.8944128167827481,0.7649822460765636,0.9883183721598556,0.6868436814132035,0.8663129020103818,0.9097625798212232,0.9393812763326645,0.9964991389010722,0.9442782351269043,0.8890974018987041,0.9798093648918664,0.8548730528847571,0.9059145492620324,0.9137287800621365,0.9793811540276174,0.933654454952398,0.9193175573455776,0.9147585594844332,0.8776911857684926,0.9860555452130657,0.8582156400242076,0.5772770050943729,0.9651931383855021,0.9094929178878131,0.9607661317571892,0.9549882475158464,0.8517032048589729,0.8039426927439906,0.9005472446267297,0.8347836504853698,0.8965983225545132,0.9707630758620764,0.7660153724471725,0.7462640960530231,0.9527098339911578,0.7401368129112849,0.9771275048833288,0.8877213355438018,0.9336544549523977,0.8960841541919653,0.8807484549284339,0.91953212096943,0.773401260833869,0.9998226281102465,0.9502423237355746,0.9023795156406167,0.9486338396414331,0.8910486018561095,0.9220929278982624,0.9220929278982624,0.7387815935635317,0.9998226281102464,0.9300679213294081,0.8643623784971989,0.8780124908814335,0.9265423524364669,0.9742178060512305,0.8790625472010726,0.8012705040805242,0.9673337013468153,0.8692547644743305,0.9288488221297497,0.938768815466609,0.9288488221297497,0.9288488221297497,0.8660225244497293,0.9097625798212232,0.9193175573455774,0.9288488221297497,0.9251364966222018,0.9724430925166194,0.9451832184545604,0.9776411013787649,0.9610837152279756,0.8982870507540053,0.9306946512160322,0.9215435437152564,0.8898965184126296,0.9641067145740574,0.9719104285695896,0.8923351671954537,0.949904800799596,0.8689353193770997,0.9698730592895872,0.894942704273314,0.9199406273027306,0.8436771116239444,0.9089792169807253,0.995067487912588,0.8544842329828619,0.933654454952398,0.8890895984248461,0.8379601434210563,0.9018491285511325,0.909762579821223,0.9848924941944379,0.9278464566365248,0.9869296750061689,0.8911135129842759,0.9881949600984961,0.9859410630732464,0.9137287800621368,0.9312172606999456,0.9744968503307261,0.8280925202410464,0.9094929178878131,0.9361684345174044,0.8462250344592843,0.9220929278982626,0.9301674975335363,0.8454347944158869,0.9781067403340057,0.9129478677076039,0.9679401264121574,0.9472198404849022,0.834443208401747,0.9890698219039585,0.9049436253476606,0.894614142346501,0.9964991389010722,0.8909290181414239,0.8862984638837297,0.9288488221297497,0.9361684345174044,0.9152383482658542,0.5805045138066491,0.8763114135581778,0.7551897845821197,0.8900832784871504,0.9679401264121574,0.8073322099805091,0.9495873612601233,0.8271399046074277,0.9442782351269046,0.858742078202634,0.7462640960530226,0.8750865698084337,0.9706982209232327,0.9641067145740576,0.8158269723319069,0.9909282086879025,0.9078247903914516,0.8019215019048134,0.9335947014124442,0.7774322510070817,0.7879663628930693,0.9816494815223561,0.9075751144851478,0.852741510212039,0.9300679213294081,0.9442782351269046,0.9928893498778073,0.9675956872630854,0.8631947293087257,0.7314307944105772,0.931366715443356,0.9265423524364669,0.7566539863086953,0.7996110161512187,0.9233710276669693,0.9821437786576928,0.9094857206850573,0.9172640312418523,0.9556196184821214,0.9828090781367662,0.8508840021741758,0.8949427042733138,0.7230524374821843,0.7775696449843106,0.9580084947693381,0.5013522041863686,0.9903434298372482,0.9472198404849024,0.9288488221297497,0.5525066499500704,0.8353939056042028,0.9214237882167706,0.8880034676011164,0.9288488221297497,0.9911245230080854,0.8843179199522955,0.9241742104809935,0.925662981663943,0.8652640614492115,0.8484356419795889,0.9865912206924115,0.9205404209749356,0.9346355708099479,0.7463819814553171,0.8822094236550266,0.9273541355294599,0.938768815466609,0.8637059334028956,0.9369878183831672,0.8571991125642087,0.9451832184545603,0.9472198404849024,0.970755146873232,0.9242920540600268,0.9880755935910335,0.9178313446502833,0.9369878183831672,0.9779134885361098,0.9803139140174593,0.8897994940048912,0.9414672763813328,0.7767631794320897,0.9621156816794599,0.9454234581356229,0.9161834727005798,0.9742178060512305,0.7929565888833756,0.9421847517560786,0.9742178060512305,0.9265423524364669,0.7835835592582239,0.9288488221297497,0.7612216579618672,0.8012705040805246,0.9288488221297497,0.9078247903914518,0.8737403537239998,0.8824024370934052,0.933654454952398,0.6108418049655591,0.6640345311521786,0.9265423524364669,0.8412627368673316,0.9178620328129026,0.9495873612601233,0.9099633194832351,0.9288488221297497,0.869981611029512,0.933654454952398,0.9078247903914516,0.8877213355438018,0.8715698060206922,0.9414672763813328,0.8664086352261162,0.9928893498778073,0.927039635830366,0.9928893498778073,0.9730218450575299,0.9909282086879025,0.991115906530935,0.9996816445584038,0.8409537938476195,0.9997447324909989,0.9998226281102465,0.9766107126543475,0.933654454952398,0.980587532202323,0.8853336228852015,0.9288488221297497,0.9239571786511697,0.9632096528234138,0.9942420842964468,0.9502500599691768,0.9673337013468153,0.9157617220296757,0.9928518442600907,0.9828956122135615,0.9816986846247359,0.7117887374047025,0.9288488221297497,0.9288488221297497,0.7725730360953508,0.9733657319161502,0.9215435437152564,0.9834121738903496,0.991141600029479,0.9559032459917531,0.887202855254529,0.7717916514820913,0.9059145492620324,0.962218947521547,0.9288488221297497,0.7121836359434524,0.9361684345174044,0.9472198404849024,0.7854020041701748,0.9414672763813328,0.9733657319161502,0.9288488221297497,0.9288488221297497,0.7273441090532013,0.9779134885361098,0.7789182532527963,0.9137287800621365,0.8462250344592843,0.8873412224047772,0.7764078206837789,0.9430300192145461,0.9666154423505016,0.8822094236550266,0.9288488221297497,0.8812946455970232,0.9327107281141492,0.9170021612446009,0.7649822460765636,0.7923745480749395,0.8208573067201503,0.9054762298636496,0.884623261684109,0.8664086352261167,0.986631336982482,0.9288488221297497,0.8943383367917623,0.949904800799596,0.8873412224047774,0.9446738380899786,0.9310228959420861,0.6072859980031801,0.9862390105817677,0.8183065775312199,0.995067487912588,0.8158937441191172,0.9962843936837853,0.6707401110647611,0.9442782351269046,0.7321179214065041,0.9796635193777843,0.9193917955682323,0.8471315842032194,0.9742178060512308,0.9008986253002531,0.9736434108527132,0.9132389320257919,0.40047686486343426,0.6645527639707123,0.9451832184545603,0.923371027666969,0.9233710276669693,0.8637059334028956,0.9784078757357106,0.8821656806165816,0.9239571786511698,0.9442782351269043,0.9551139594816043,0.9137287800621363,0.7650212541607013,0.9199406273027309,0.9265423524364667,0.0,0.8514514697165168,0.9312172606999456,0.9033142848090288,0.9825455703573396,0.9874282669532246,0.9605914217173239,0.9288488221297497,0.8484356419795889,0.9779134885361098,0.8725208594320992,0.9942420842964469,0.9828090781367664,0.9860555452130657,0.8446010360565221,0.9288488221297497,0.890926628771242,0.8982870507540053,0.9860555452130659,0.8250562990528753,0.9161154292711687,0.9408053715448896,0.9361684345174044,0.9894085798785123,0.9863035508148097,0.8463375798369617,0.7866430096976507,0.9495873612601233,0.8925216273371426,0.9472198404849022,0.9894121426990234,0.9779134885361098,0.913673617458646,0.9489483824282394,0.8476731096968966,0.950462348871437,0.820164226016743,0.9288488221297497,0.9742178060512305,0.8181573913365318,0.8291716068659003,0.9375285758840217,0.8919002009517362,0.8183006061040576,0.9288488221297497,0.8533943997172184,0.856015034389342,0.9598848913568985,0.9288488221297497,0.9790567689457662,0.8592289363406346,0.9414672763813328,0.9894121426990234,0.9265423524364669,0.9890698219039584,0.7178027688939732,0.8560076147222733,0.9530454042081948,0.8872364679812882,0.9894121426990234,0.8664724446651941,0.9288488221297497,0.8486469728103467,0.9288488221297497,0.9998226281102465,0.9912878046883848,0.9806679510079603,0.9472198404849024,0.9964497455422858,0.9798635121866734,0.9568526396305749,0.925662981663943,0.9288488221297497,0.8834399215554212,0.7969031759296421,0.8593555662281882,0.929431210446216,0.9132389320257914,0.7387815935635318,0.8949427042733136,0.8641754053085233,0.8910486018561092,0.9600664162734938,0.7760211689303798,0.8910486018561092,0.971671289257191,0.9361684345174044,0.8655174742919487,0.8910486018561092,0.9472198404849024,0.9418468054117539,0.9675956872630855,0.8655174742919485,0.9742178060512305,0.8295123822993646,0.9078247903914516,0.8484356419795887,0.9132389320257919,0.8512887315453757,0.8796480577405048,0.9393902601956408,0.8350803794897144,0.8793453228405244,0.9855896599909522,0.8914410719709878,0.8621543973586858,0.9866989384555493,0.9376318204951005,0.8715698060206925,0.9021698077369342,0.8664086352261164,0.9859410630732461,0.9482428774988276,0.9880335906160527,0.8985159947466637,0.9346355708099479,0.8890895984248461,0.9361684345174042,0.938768815466609,0.9545786956633128,0.9679401264121577,0.932939684894255,0.91953212096943,0.894942704273314,0.9993750618397791,0.9523096052149489,0.8931834336273665,0.9779134885361098,0.9187744765134693,0.9548120669934363,0.9967848253410609,0.9175700816842534,0.9716315561117921,0.9486338396414328,0.9486384944783341,0.974566237928235,0.9040300914457231,0.9220929278982624,0.960839617496729,0.9995729386747717,0.9838786983345045,0.9989805781814322,0.9157617220296757,0.9707033814145891,0.9742178060512305,0.9395844724059141,0.9889509259226454,0.933654454952398,0.9312172606999454,0.9195293122683741,0.898515994746663,0.909485720685057,0.9978800004287487,0.9746879019618715,0.9182233226290619,0.9706982209232327,0.9364894453503559,0.9493534511086481,0.857482945143706,0.892624738559076,0.933654454952398,0.943130131925479,0.9469401678022586,0.938768815466609,0.931366715443356,0.9828090781367664,0.9675956872630854,0.9442782351269043,0.9176107639459743,0.9414672763813328,0.9737643718917595,0.995067487912588
p297_T,0.9339867258647623,0.8775328023580431,0.7942028702077828,0.8637025644628553,0.8939536575643379,0.9213345015882413,0.9856102154569788,0.9368051301086878,0.46226093802305657,0.9169502243571082,0.874448160392765,0.8905160099774294,0.8905160099774292,0.8381997656144691,0.9735241915780513,0.8898706726339181,0.9175986829007592,0.8569629050326475,0.9127606676606754,0.9627660172534371,0.7848051900556161,0.871418188627088,0.8951849796577993,0.8974836658533198,0.8684389251881861,0.3821308344178026,0.8838844233706618,0.9939668887798567,0.9169502243571082,0.8759452621131889,0.44983034771167996,0.9048630781107279,0.8806765550990427,0.5052421679576776,0.8939536575643379,0.9127606676606757,0.8974836658533201,0.8806765550990436,0.921334501588241,0.854190269510442,0.8110207847631994,0.9170747929473184,0.9695535385776712,0.9814661772114426,0.9175986829007592,0.6984050112439202,0.9011161501496323,0.5710278646828991,0.8541902695104422,0.9349027668523879,0.9048630781107276,0.7029528076174152,0.3821308344178026,0.6077161827913189,0.9794167057545851,0.8787678938964245,0.8514514697165172,0.5210240199989242,0.9276992816406183,0.8871620821950172,0.4232572647143181,0.6988185961840392,0.8851446183863336,0.8110207847631994,0.9087387818848149,0.7518331265622772,0.9048630781107276,0.9032511968867784,0.9628891730585696,0.9127606676606757,0.8356267197185063,0.8819276377817316,0.8939536575643379,0.7451458081137827,0.5210240199989242,0.7629573914765133,0.9022591883114603,0.8744481603927652,0.7874479013486585,0.9213345015882413,0.905931235324579,0.9209176670963706,0.7293353217629154,0.8569629050326475,0.5210240199989242,0.8280382494458656,0.871418188627088,0.8215880056873635,0.8193111931119303,0.5410259398661625,0.5210240199989242,0.7741028849728393,0.7128408123616987,0.6999143382081259,0.6762606721796951,0.8681664110296039,0.7894876982285148,0.7651773360761203,0.7971244643529913,0.7039655675360279,0.851451469716517,0.9011161501496314,0.8939536575643379,0.7558401204398115,0.9430320642249594,0.9127606676606761,0.8062157927330313,0.7606904472089829,0.8684389251881859,0.689518607867363,0.7594897694015372,0.8597715705372191,0.7361363206756358,0.8109627174522247,0.9011161501496323,0.7931466279516904,0.909704740786208,0.9127606676606757,0.921334501588241,0.6006853702049839,0.8648369881807858,0.7801518379683503,0.8684389251881859,0.8434187276799101,0.8851446183863336,0.8496673595480104,0.8974836658533201,0.9735733109189428,0.8905160099774294,0.8706881010282796,0.514591936862725,0.9011161501496319,0.9048630781107279,0.9213345015882415,0.883884423370662,0.7106536671086738,0.7663351164605856,0.9452352847073291,0.9048630781107279,0.5595142023464723,0.6079914619194569,0.9169502243571077,0.6871279393957657,0.7321673706525413,0.7651773360761209,0.5917333562923515,0.9404815124456999,0.6956010837656328,0.9374023743243105,0.8441053136792795,0.9169502243571082,0.9753158112139154,0.7165411483531126,0.7918809723730349,0.9048630781107274,0.5355876285211925,0.7808545119028638,0.867745069248697,0.8824710712086716,0.9286915537395336,0.8670130892827218,0.9400810957454313,0.8626186644435845,0.8276212121890956,0.7853884327096379,0.8255485912247711,0.7979260401191448,0.7899523710739502,0.8460674815713256,0.9795863064544912,0.8381997656144691,0.8905160099774292,0.5202707741456214,0.9372851520709585,0.8413485046889821,0.876449971269849,0.9127606676606754,0.8340356090715592,0.8330762331435033,0.8857242349953937,0.9312601352566299,0.620625943520531,0.8514514697165168,0.9615732662469803,0.5613304511326997,0.7120192517236374,0.635467776116076,0.8587045491090743,0.6077161827913189,0.866628170390704,0.8871620821950168,0.961871321087551,0.6609941367370731,0.7785554455736763,0.8259431120462306,0.5210240199989242,0.8974836658533198,0.8871620821950175,0.8044938653838821,0.6896088685394721,0.4821976613342459,0.9260446381122047,0.5210240199989242,0.725601238938097,0.7628329772092154,0.9169502243571082,0.5210240199989242,0.5933025733412132,0.4627586844723285,0.49537048663084216,0.362389848883405,0.8234164916769959,0.8905160099774292,0.5210240199989242,0.993055806360465,0.5210240199989244,0.8988236467384556,0.6800798838884634,0.6896088685394717,0.5210240199989242,0.9912972349210976,0.5210240199989242,0.9005975293000879,0.5924475890916591,0.8255485912247711,0.7780509459760518,0.9011161501496316,0.8345597662147175,0.5595142023464719,0.8655068173538911,0.8714181886270884,0.8038607701862466,0.5365932174302503,0.8551475116943823,0.9048630781107276,0.8729530098980613,0.9516568913589794,0.7968622910970988,0.8269302039219841,0.7246188758828077,0.4865641564187342,0.8838844233706618,0.7607413974155426,0.6632623989949449,0.5210240199989242,0.7968622910970982,0.5210240199989242,0.9043262511191924,0.823077157135466,0.9452352847073291,0.9025784414470228,0.8031872555398802,0.8974836658533198,0.9384281404198724,0.8684389251881863,0.7763473670957515,0.905931235324579,0.6047140422393635,0.9011161501496321,0.7321673706525409,0.7570769073737427,0.9262967184578039,0.5410259398661625,0.9087387818848152,0.8219565586867348,0.921334501588241,0.8229681686540117,0.7997240676178214,0.6818026501819847,0.670540926341459,0.7572151543418784,0.9452352847073289,0.9378229702686964,0.813441477662918,0.8203426163620728,0.9127606676606761,0.689518607867363,0.5196683139344496,0.8917681657699772,0.9656290901353581,0.9127606676606761,0.7587272679803587,0.7490093399065678,0.9087387818848152,0.8085838211855529,0.8381997656144693,0.9011161501496316,0.8551475116943823,0.7361363206756357,0.8871620821950172,0.9011161501496323,0.9400810957454313,0.5952110168860357,0.9127606676606754,0.7576702070697174,0.32086424468368124,0.7801518379683505,0.6915606314017646,0.9127606676606754,0.8939536575643379,0.854190269510442,0.8871620821950175,0.9048630781107274,0.7485286438977041,0.8295012048724393,0.9011161501496316,0.8541902695104422,0.9458473751926895,0.90228472355689,0.8336334930041498,0.855059107441998,0.8889868684584007,0.7552459098523585,0.6021838576423635,0.7526748792429033,0.9169502243571084,0.6577606531352471,0.9169502243571086,0.8551475116943823,0.823077157135466,0.8109627174522247,0.9011161501496316,0.5210240199989242,0.6106704427300518,0.7968622910970984,0.856962905032647,0.9127606676606761,0.9506935918794346,0.8905160099774294,0.5210240199989242,0.8684389251881861,0.9997356383868503,0.9213345015882413,0.8591182831228936,0.6957128358150221,0.8626186644435843,0.9740203020994681,0.9801756067921625,0.6428307864232372,0.8986797000234013,0.49396915741586356,0.7179813651171176,0.9400810957454317,0.5544429618305968,0.6229844504118858,0.6077161827913187,0.7061392647475079,0.9213345015882415,0.8144389626719312,0.8305471147579226,0.8046563610246542,0.8838844233706618,0.5410259398661625,0.9111927694034709,0.7607413974155428,0.7678843678789667,0.732999115895944,0.6376464804861683,0.5210240199989242,0.635210546110192,0.9253362655713673,0.8330762331435033,0.8280382494458656,0.9169502243571082,0.8019059240770329,0.5210240199989242,0.5210240199989242,0.9096650060530211,0.8426289638002544,0.7407622156537621,0.5210240199989244,0.9169502243571086,0.8939536575643374,0.8381997656144689,0.7853884327096379,0.7785554455736756,0.9305175527166338,0.8407966457560188,0.871418188627088,0.666152328000305,0.7426480151596839,0.5210240199989242,0.7519110928950099,0.8255485912247709,0.7918287389633188,0.6449114745272089,0.8407966457560188,0.872531349246747,0.9011161501496319,0.7636978565179406,0.5210240199989242,0.59262099426316,0.8851446183863341,0.6136735011237141,0.6777797762105613,0.8974836658533196,0.6801552239475739,0.8806765550990434,0.5210240199989242,0.7831179283211882,0.5522227542794731,0.5210240199989242,0.8924596950253894,0.7982002290314296,0.686980312868636,0.6303540309033906,0.7485286438977043,0.5210240199989242,0.629223500430639,0.6613008711303439,0.9087387818848149,0.9636749351279239,0.8702928773623604,0.9265234880779412,0.5623200429248069,0.783117928321188,0.940081095745432,0.8713359722462142,0.4758527992126146,0.8655068173538913,0.6051250415810561,0.773340913149736,0.7481446461737358,0.6596425857835818,0.9048630781107279,0.8569629050326468,0.5210240199989242,0.9127606676606754,0.7945498244933036,0.7521962190756931,0.9688973851882077,0.8487444917291,0.5595142023464725,0.8635285581726747,0.9351868954117097,0.5595142023464725,0.8744481603927647,0.8939536575643379,0.909704740786208,0.7663351164605854,0.799184582664211,0.9127606676606757,0.6298438197473388,0.9627660172534371,0.8329197517884732,0.8951849796577993,0.8938454242866025,0.871418188627088,0.9169502243571084,0.6925563208681158,0.9819733544265596,0.9042973512680643,0.653151038976935,0.9331001879958329,0.7968622910970982,0.9011161501496319,0.8305471147579229,0.78995237107395,0.9109375346047501,0.8917681657699772,0.7044057003840669,0.9374143102563934,0.44983034771167985,0.9647707001797252,0.8474137353657843,0.8015172255642518,0.8838844233706618,0.7490093399065678,0.7918409716568282,0.8892053633112413,0.8626186644435845,0.6596425857835824,0.6352238957307736,0.9059312353245792,0.7245693234557646,0.9209176670963708,0.8468826290818732,0.8681890382161871,0.9011161501496316,0.7274619570677872,0.951278260525593,0.8280382494458658,0.8320891984524486,0.9565125146369124,0.9625825671184104,0.6228975579788505,0.9087387818848149,0.8255485912247711,0.8838844233706618,0.883884423370662,0.9452352847073289,0.9127606676606759,0.8434187276799101,0.6520216469621445,0.8181853125685237,0.8905160099774294,0.8905160099774292,0.577481950821404,0.8062157927330316,0.5766874241477842,0.7504086464373168,0.5210240199989242,0.9087387818848158,0.5210240199989242,0.5210240199989242,0.7039655675360279,0.6596425857835821,0.8551475116943821,0.5210240199989242,0.4753561073427135,0.6441440512866183,0.7960352917220275,0.7097557801373533,0.7709197568421746,0.6263744189751812,0.799184582664211,0.8583244696882328,0.636566112110498,0.8806765550990432,0.9386165782405596,0.7556227381582281,0.49087563767562203,0.5850487863007934,0.4366327114993699,0.8434187276799099,0.8560163764861797,0.8871620821950175,0.7073333082806867,0.9087387818848152,0.8037466541044314,0.9011161501496323,0.8771434063875094,0.9331001879958327,0.888423181742269,0.924863141961707,0.740340535920468,0.8407966457560188,0.4453396065743018,0.8655068173538911,0.7936010180085216,0.9011161501496316,0.5734438170542081,0.8974836658533196,0.9437667409615019,0.7611187859994442,0.6823842755519653,0.7721592691164596,0.7534720731636424,0.7789729813283651,0.8488551377826049,0.7696303109710738,0.8905160099774292,0.8388840683986533,0.8726048063629355,0.9213345015882413,0.6263744189751809,0.6466945549506988,0.9876294343937337,0.6054572297547585,0.9022591883114603,0.8953026991293735,0.9784128413530008,0.5210240199989242,0.9048630781107279,0.6210770025228072,0.96708144786893,0.7278263287213993,0.9639411876802049,0.8707587922918852,0.8460674815713254,0.6638124297405106,0.8655068173538913,0.7423629317438664,0.9169502243571082,0.600523833612248,0.905931235324579,0.9715820199052692,0.5595142023464725,0.8806765550990436,0.5649148664935455,0.846882629081873,0.8917681657699776,0.7146836405025304,0.5126212825756126,0.8752670776183795,0.7853994912553768,0.8797479086308417,0.5680762425275392,0.7102616016414196,0.9471735909546363,0.9169502243571086,0.8684389251881859,0.8762969567963396,0.6966542395674304,0.904616428351682,0.4348187973411528,0.5410259398661625,0.6373081167353187,0.6846843548990922,0.9213345015882413,0.9733864284506095,0.9430240674671688,0.8280382494458656,0.849608348018354,0.8597715705372191,0.8159347326985604,0.8434187276799101,0.8986797000234015,0.877655423511136,0.8744481603927656,0.8905160099774294,0.9048630781107279,0.9695535385776712,0.5210240199989242,0.8305471147579229,0.7546649995713934,0.7361363206756357,0.8330762331435031,0.5210240199989244,0.5715294713566427,0.6658201889391213,0.9142724794861656,0.7537554528113531,0.7991845826642112,0.8143028554427265,0.6778289886900478,0.7729152482296142,0.8756614665880615,0.8480254539062144,0.3580658346315372,0.7718639816940593,0.9087387818848158,0.8184131185480146,0.8514514697165172,0.9011161501496316,0.8230771571354665,0.921334501588241,0.8756614665880613,0.8871620821950175,0.9213345015882413,0.8775328023580431,0.851451469716517,0.8939536575643379,0.9539721413511134,0.7778350664976146,0.9127606676606754,0.9305175527166338,0.8714181886270882,0.5734712406116917,0.7485286438977042,0.5410259398661625,0.9048630781107274,0.5766874241477837,0.5410259398661625,0.5410259398661625,0.726645740385806,0.5210240199989242,0.8838844233706618,0.8374365816815978,0.5210240199989242,0.8626186644435843,0.8885271889388695,0.9127606676606757,0.940081095745432,0.950693591879435,0.9728901249701003,0.5410259398661625,0.6057821153275953,0.6180765731605298,0.8377115596070294,0.7992119867215136,0.5210240199989242,0.8284875193321168,0.9011161501496316,0.8626186644435845,0.7696756849667186,0.8085828971848574,0.9127606676606759,0.8974836658533196,0.9289204748586171,0.8706881010282796,0.8896348761300884,0.8939536575643376,0.7484243478292141,0.8356267197185061,0.8695946878505916,0.4083305537683636,0.874448160392765,0.9127606676606757,0.8541902695104422,0.9011161501496323,0.8284875193321168,0.6288531266450129,0.5210240199989242,0.8939536575643379,0.7732193948554527,0.9169502243571082,0.6777709894337827,0.8838844233706618,0.9059312353245794,0.7194805329790217,0.5595142023464725,0.5553951192598034,0.7902476319638909,0.5210240199989242,0.5210240199989242,0.7317175274479757,0.9579827254676422,0.7968622910970977,0.6105152156769997,0.6170147345267856,0.6303540309033906,0.6823842755519651,0.7862257205477499,0.8597715705372193,0.7521962190756932,0.5210240199989242,0.8559192245056022,0.9048630781107279,0.921334501588241,0.6638124297405108,0.9127606676606761,0.6661330077699142,0.5210240199989242,0.5210240199989242,0.7975225763978829,0.8939536575643379,0.7960366723239044,0.8714181886270882,0.7187999916752916,0.8110207847631994,0.90900273454025,0.78995237107395,0.655272353705572,0.7052227610295014,0.5210240199989244,0.8230771571354665,0.7233050429696426,0.8974836658533201,0.9565125146369124,0.8857242349953937,0.9015428239307053,0.8205451732026654,0.828038249445866,0.8974836658533201,0.7407622156537612,0.5210240199989242,0.6802310428084059,0.8280382494458656,0.6201320456270696,0.7526748792429037,0.7368488773375481,0.9740486176425376,0.957590847195562,0.6948410885087379,0.9926484018740545,0.7698099282202923,0.6177800007004203,0.9850272019609538,0.9627660172534371,0.8892053633112416,0.6921296813083654,0.7202806348399178,0.9048630781107279,0.5410259398661625,0.6465525802140113,0.9846499852040402,0.8468826290818734,0.8860040861751493,0.9213345015882415,0.823077157135466,0.921334501588241,0.9822274244328991,0.7968622910970982,0.718936468238927,0.4329904919155674,0.7769712860649973,0.9169502243571084,0.871418188627088,0.871418188627088,0.6497790016657516,0.880676555099043,0.8905160099774294,0.8514514697165168,0.0,0.8974836658533198,0.547873826734202,0.7341206779893763,0.5128770429668639,0.5619153946942352,0.5210240199989242,0.7741028849728393,0.813535181217294,0.6842206353869125,0.9169502243571082,0.9457264041523683,0.43779330372297487,0.8893628096077073,0.5210240199989242,0.48884269512467504,0.6105152156769997,0.8626186644435854,0.7392574490975797,0.6802310428084059,0.7202806348399178,0.9048630781107279,0.435899700365314,0.9795863064544907,0.7392574490975798,0.856008514645342,0.8655068173538913,0.9401688813970293,0.9213345015882413,0.8951849796577993,0.8939536575643374,0.7876664374986648,0.8819276377817318,0.6403715332738986,0.8583244696882326,0.6205098246553788,0.8939536575643379,0.5410259398661625,0.6622271052053225,0.7278263287213991,0.8868224591469196,0.7918287389633188,0.8394644746516533,0.5210240199989242,0.7029129636809096,0.7323371642674756,0.8381997656144691,0.5210240199989242,0.719620942883368,0.9465033222027379,0.9127606676606761,0.6596425857835821,0.505497311731387,0.83093265374514,0.8569629050326472,0.8061593183158113,0.851451469716517,0.8085828971848574,0.9248631419617073,0.6094920962087766,0.5210240199989242,0.9025784414470226,0.5210240199989242,0.9127606676606757,0.7341053260998793,0.52714856500293,0.921334501588241,0.8991421311545458,0.6661863507460057,0.5853033232789114,0.8381997656144691,0.5210240199989242,0.7316456333385174,0.7295035827734879,0.7392849939145552,0.8695946878505922,0.7960352917220279,0.9048630781107274,0.7377659095891839,0.8407966457560188,0.6932562729035578,0.6573103919871547,0.6031588466188804,0.6932562729035578,0.8381997656144689,0.9048630781107274,0.7801518379683505,0.6932562729035578,0.921334501588241,0.856962905032647,0.9517034159131197,0.7801518379683503,0.8905160099774294,0.866628170390704,0.8626186644435845,0.5424976170390766,0.8230771571354663,0.984219466569523,0.49610729021072497,0.9928771108668892,0.9260446381122047,0.9331001879958329,0.46845093417376116,0.8381997656144691,0.7945498244933034,0.8721822247924683,0.6298515303565104,0.8085828971848579,0.8819276377817316,0.8974836658533198,0.9011161501496323,0.47836329652796905,0.8193111931119306,0.9628366842581719,0.8487444917291005,0.5922520465648069,0.9048630781107279,0.9087387818848158,0.8955078265624097,0.437424749055204,0.7569884515853618,0.9983097776654932,0.8434187276799099,0.9476846307218514,0.9289204748586171,0.46175218910747884,0.8939536575643376,0.6973960628623219,0.745316019566798,0.8181853125685232,0.6134762284467135,0.9743438251526527,0.9087387818848149,0.8305471147579226,0.8507255225336661,0.3821308344178026,0.9175986829007592,0.8460674815713256,0.8110207847631992,0.8847658378671738,0.8884677244184843,0.8744481603927647,0.8222003311250103,0.8905160099774292,0.7755243770722882,0.9835320520576505,0.9011161501496314,0.8974836658533198,0.6905473608131175,0.4244971870789468,0.9011161501496321,0.8085838211855514,0.6662897965363099,0.9922660599549893,0.8871620821950175,0.8871620821950172,0.7444079239557815,0.8917681657699774,0.7968622910970984,0.9011161501496321,0.6485688677843916,0.8626186644435849,0.9087387818848158,0.5157248317578809,0.888423181742269,0.8974836658533196,0.9169502243571079,0.5404827426833784,0.9127606676606757,0.9588113351094867,0.9087387818848158
p297_W,0.9065602264064593,0.9375331207684675,0.8954023823601893,0.933215326897121,0.9508971383859763,0.9635753483468392,0.8335403947084747,0.8028669104368944,0.9070160137452734,0.27474411683835664,0.9418654668890596,0.9848910203339205,0.9493053971730234,0.9250812961986934,0.913577797842458,0.787228755117481,0.9462347596389562,0.9337692322192535,0.9596053879391779,0.9615452872130623,0.8912695666285133,0.9404624926714933,0.9377253379624282,0.4189873417721507,0.9390829980374291,0.9337692322192532,0.9462347596389562,0.9192233962368055,0.9615452872130623,0.7814684429494736,0.9274978432118415,0.9559485503920395,0.9447494136270191,0.9215378731313923,0.9508971383859763,0.9596053879391779,0.9525316455696202,0.9447494136270194,0.23265400517341916,0.9324854129452831,0.902741203339785,0.9350697345319545,0.9635753483468392,0.9158139617897609,0.9462347596389562,0.8525292702713729,0.9542136024350836,0.9038035415131251,0.9324854129452831,0.8954023823601893,0.37108084252019025,0.8545932950871287,0.9337692322192532,0.9432937551644589,0.9447494136270194,0.9312172606999458,0.613441005133694,0.9508971383859761,0.7470880603205399,0.9477524209177308,0.9091812387167526,0.981619154888806,0.9337692322192535,0.746066123628965,0.9577431256853024,0.8302837275767869,0.9559485503920393,0.8511736257985207,0.7774703252035227,0.9596053879391779,0.9238898933303423,0.9324854129452831,0.9508971383859763,0.8970231363347619,0.9508971383859761,0.8902416609981854,0.9404624926714931,0.9418654668890596,0.8291911258056228,0.9635753483468394,0.533338247845814,0.9363880304285925,0.9287243013130126,0.9337692322192535,0.9508971383859761,0.9203761879341787,0.9404624926714931,0.8111507091583434,0.763187268121168,0.9493053971730236,0.9508971383859761,0.8954023823601893,0.8908122932200713,0.9873704368446217,0.9729746309145171,0.9038035415131253,0.8933314369864678,0.9276228731395861,0.9060621128183678,0.9437509156077832,0.9312172606999456,0.9542136024350834,0.9508971383859763,0.8627880798184886,0.9231531580114694,0.9596053879391782,0.9102716897738727,0.9037987036109995,0.9390829980374291,0.8637772355924586,0.880041619895727,0.5873320905808668,0.8134696855167471,0.8355952031409892,0.9542136024350836,0.7905229607627158,0.8779465587349307,0.31108825248997707,0.9635753483468392,0.8627880798184886,0.9158139617897607,0.7872287551174809,0.9390829980374291,0.6361709950266952,0.7530538515603583,0.7635676985310986,0.9525316455696202,0.9389653986475877,0.9493053971730234,0.8173762078254125,0.8769985528794615,0.9542136024350834,0.9559485503920395,0.9635753483468394,0.9462347596389562,0.6825755215827739,0.8031489620753836,0.9559485503920395,0.9559485503920393,0.9881959173184507,0.8111507091583436,0.9615452872130621,0.8302837275767869,0.8759848927128515,0.7815506747718322,0.9135777978424577,0.8964416496516883,0.6890680672212848,0.9324854129452831,0.796775616171769,0.9615452872130623,0.9272214280328811,0.8511736257985207,0.885126870066816,0.9559485503920393,0.9324854129452831,0.8985286024183268,0.9169426994374763,0.8171460360229716,0.8892155845940946,0.7455193566692775,0.9542136024350834,0.9363880304285925,0.7517200521801015,0.9006279533325656,0.9192233962368053,0.6461762240439857,0.902741203339785,0.9287243013130126,0.6825755215827741,0.9250812961986934,0.9493053971730236,0.9312172606999458,0.9672260935719732,0.8905177901464341,0.8820731393531338,0.9596053879391779,0.8222154409551056,0.9227089361519578,0.9263909248883351,0.7002602842021468,0.9288624015119116,0.9675956872630853,0.9493053971730234,0.8638069066950451,0.8587016255621229,0.8627880798184886,0.6594464654204695,0.9432937551644589,0.9262837350880504,0.4757826232079021,0.9070160137452734,0.8280948589685844,0.7664239224831363,0.4773287615943723,0.9508971383859761,0.4189873417721506,0.947752420917731,0.7424072611629235,0.8715311586797312,0.9184588464635883,0.9493053971730234,0.9508971383859761,0.8729445628956358,0.9714958007098065,0.27474411683835753,0.9508971383859761,0.8876449934411477,0.9180790428976138,0.8902416609981851,0.9455803322063061,0.9080961023073577,0.9493053971730236,0.9508971383859761,0.6591208778036313,0.9508971383859761,0.8180490880155942,0.9716207321575974,0.9759466516609827,0.9508971383859761,0.9389653986475877,0.9508971383859761,0.8335403947084741,0.910271689773873,0.9192233962368053,0.8800416198957268,0.9542136024350831,0.7853943015979805,0.9477524209177308,0.9377253379624282,0.5454440744832267,0.9091812387167526,0.8283774467177323,0.9215378731313923,0.9559485503920393,0.863130347972715,0.7726347410009535,0.945855618543636,0.9006279533325658,0.9180790428976138,0.9180790428976136,0.49177699111350104,0.8892155845940946,0.947752420917731,0.9508971383859761,0.9059407181827084,0.9508971383859761,0.9925239548159921,0.9180790428976138,0.9559485503920395,0.7709139895948844,0.7853943015979805,0.4189873417721507,0.9169426994374763,0.9390829980374293,0.8964416496516883,0.766581041296981,0.8658418182833449,0.39627364353688355,0.8759848927128513,0.8759848927128513,0.7158195455115816,0.9493053971730236,0.9577431256853026,0.8346191856858272,0.23265400517341916,0.8389027479487043,0.7053434877010484,0.9350697345319545,0.8749714078758024,0.8790268110981547,0.9559485503920395,0.7072191268640757,0.7577315976258654,0.7853943015979805,0.9596053879391782,0.8346191856858272,0.9169426994374763,0.9556347289143002,0.904869971893631,0.9596053879391782,0.8566505277931493,0.9133738338746558,0.5760226943758671,0.901682742694863,0.9250812961986936,0.9542136024350834,0.9215378731313923,0.9219237397948673,0.9477524209177308,0.9542136024350836,0.9542136024350834,0.805261489409825,0.9596053879391779,0.8147113853885771,0.9488068852251461,0.8892155845940946,0.8494190724813768,0.9596053879391779,0.9508971383859763,0.9133950814332601,0.947752420917731,0.8945024258106785,0.927507566037612,0.7496421269337042,0.9542136024350834,0.9838585814857685,0.9192233962368055,0.8214354212503421,0.7096276388809599,0.789993905341686,0.8748900904594736,0.7992306713783628,0.8539288999335531,0.9109264520435432,0.9615452872130625,0.9070160137452736,0.9615452872130625,0.8962097479667889,0.6851038331869251,0.9124696683389528,0.9542136024350834,0.9508971383859761,0.9559485503920393,0.5352506767643028,0.9337692322192535,0.9596053879391782,0.9577431256853026,0.9493053971730236,0.9508971383859761,0.7248582078023881,0.9596053879391779,0.9635753483468392,0.832148878476241,0.9913239936917142,0.9363880304285925,0.9559485503920393,0.7053434877010485,0.8346191856858272,0.9390829980374291,0.9447494136270191,0.8462899393398311,0.39627364353688344,0.9215378731313926,0.818049088015594,0.9432937551644589,0.913577797842458,0.9635753483468392,0.790522960762716,0.9215378731313923,0.7788113047144821,0.9462347596389562,0.9493053971730236,0.9705425698260028,0.9310312708012252,0.9219237397948673,0.9911978653212925,0.8247832035705711,0.9508971383859761,0.9541501193150561,0.6741548613921776,0.9227089361519578,0.9203761879341787,0.9615452872130623,0.682575521582774,0.9508971383859761,0.9508971383859761,0.6051560701903463,0.7308934044863215,0.8638069066950453,0.9508971383859761,0.9615452872130625,0.9508971383859761,0.9250812961986935,0.9006279533325656,0.7664239224831363,0.9508971383859763,0.9262837350880504,0.9404624926714931,0.837836432444947,0.8146217090393437,0.9508971383859761,0.8851268700668158,0.919223396236805,0.7801439607674305,0.9518071828547275,0.9262837350880504,0.9249822299139172,0.9542136024350834,0.9343771728702679,0.9508971383859761,0.9793476116008935,0.9337692322192535,0.8638069066950453,0.8356947337145706,0.9525316455696202,0.8367671217737243,0.9447494136270191,0.9508971383859761,0.9858022141819286,0.9872327239994373,0.9508971383859761,0.9262837350880504,0.7606707685788074,0.8473352221942345,0.8214354212503421,0.927507566037612,0.9508971383859761,0.9610243883196702,0.9471999997959666,0.9577431256853024,0.9535547710049805,0.9991944455094001,0.9102716897738727,0.9113677351409675,0.8995766368965674,0.9542136024350836,0.9016827426948626,0.8902416609981851,0.9377253379624282,0.85681423739563,0.9802349352314221,0.8749714078758022,0.9377253379624282,0.9559485503920395,0.9337692322192535,0.9508971383859761,0.9596053879391779,0.904869971893631,0.9148147732156006,0.9418654668890594,0.929963842972795,0.9477524209177308,0.9221929125487783,0.95253164556962,0.9477524209177308,0.9418654668890596,0.9508971383859763,0.9432937551644589,0.8830900737847376,0.8515902650757894,0.9596053879391782,0.8676179604297674,0.9615452872130625,0.9432937551644591,0.7874358202450877,0.9288906998004327,0.9975839852098576,0.9615452872130623,0.7547485834369829,0.9192233962368055,0.8954023823601893,0.9350697345319545,0.9404624926714933,0.9059407181827082,0.9542136024350836,0.9215378731313923,0.6290018992852157,0.9155922226567081,0.9363880304285925,0.902741203339785,0.9418654668890594,0.9274978432118413,0.8452423104895888,0.7840934704542426,0.9080961023073577,0.9462347596389562,0.9133738338746559,0.9576344969711708,0.6498085730887517,0.9556347289143001,0.9523391253205786,0.8236714085807444,0.9998238347481484,0.8566505277931493,0.9363880304285925,0.9937393740100616,0.9754195230089565,0.9542136024350834,0.8504578012789952,0.8280948589685841,0.9203761879341785,0.9027412033397848,0.635224412299243,0.8180490880155942,0.7695478295226101,0.9645511776582262,0.9192233962368053,0.9462347596389562,0.9462347596389562,0.9559485503920393,0.31108825248997707,0.9274978432118415,0.8613811475412915,0.9158139617897609,0.9493053971730236,0.9493053971730236,0.8291911258056228,0.7184774266655265,0.9462347596389562,0.8759848927128514,0.9508971383859761,0.9645511776582261,0.9508971383859761,0.9508971383859761,0.8247832035705711,0.567564746811102,0.9215378731313923,0.9508971383859761,0.9190985110444854,0.8811748464023453,0.8614669993715747,0.9837071086728632,0.9203333571111534,0.9885524069408245,0.7308934044863213,0.7348251785689417,0.8452423104895885,0.20181319553167243,0.6036686445397155,0.9577431256853028,0.920376187934179,0.8659701834519902,0.8607472522091428,0.9274978432118415,0.9447494136270191,0.41173096144408616,0.9464971980415813,0.9577431256853026,0.8995766368965674,0.9542136024350836,0.9038035415131251,0.5454440744832254,0.9350697345319545,0.9377253379624282,0.8535621725493674,0.9262837350880504,0.9091812387167528,0.9377253379624282,0.9390027279901941,0.9542136024350834,0.9404624926714933,0.9525316455696202,0.9169426994374763,0.8617682235186914,0.9701638328331279,0.9559485503920395,0.8617682235186916,0.4917769911135028,0.9610243883196703,0.8933314369864678,0.9493053971730234,0.7801439607674305,0.9287243013130126,0.9635753483468394,0.8416859998638045,0.9612471379890558,0.7348251785689414,0.8099835577726877,0.9404624926714933,0.7184774266655262,0.9923028938262874,0.9508971383859761,0.9559485503920395,0.9470913245351075,0.9508971383859763,0.9389653986475878,0.9404624926714931,0.947752420917731,0.9287243013130126,0.836767121773724,0.9377253379624282,0.9247262685800159,0.9615452872130623,0.8296106003559922,0.7665810412969811,0.8709172314094931,0.9477524209177308,0.9942907727414589,0.7836070718145234,0.9180790428976138,0.9903766507571463,0.8460940724740427,0.8841079446138818,0.8169113144171269,0.8372916068903066,0.967100967856847,0.8605433393304934,0.8658418182833449,0.9274978432118415,0.8687412470205862,0.9488974039091764,0.9776371308016877,0.8441922549828877,0.9458556185436358,0.896441649651688,0.9493053971730236,0.9780375215654526,0.8462899393398311,0.9635753483468392,0.8031489620753834,0.9542136024350834,0.9203761879341787,0.919223396236805,0.9587973377153393,0.6198388688126613,0.9274978432118415,0.9390829980374291,0.9016827426948629,0.9418654668890594,0.9493053971730234,0.9559485503920395,0.9635753483468394,0.9508971383859761,0.3950157059867887,0.8699031439713583,0.8134696855167471,0.9227089361519578,0.9508971383859761,0.8994186630128235,0.8302837275767867,0.9091812387167526,0.9250812961986936,0.9070160137452734,0.8954023823601893,0.8851268700668162,0.770635137952759,0.9299638429727952,0.9091812387167526,0.8556227195178279,0.8943656982526555,0.9577431256853028,0.9059407181827082,0.6134410051336938,0.9542136024350834,0.9180790428976138,0.9635753483468392,0.7709139895948846,0.947752420917731,0.9635753483468392,0.9432937551644589,0.7652215831891479,0.9508971383859763,0.8473352221942347,0.8881911996032121,0.9596053879391779,0.9508971383859763,0.5454440744832262,0.9504832041502341,0.9845986770336319,0.9493053971730236,0.9559485503920393,0.9462347596389562,0.9493053971730236,0.9493053971730236,0.9215378731313923,0.9508971383859761,0.49177699111350115,0.4709768376251251,0.9508971383859761,0.9363880304285925,0.8943656982526555,0.9596053879391782,0.9542136024350836,0.9577431256853026,0.9525316455696202,0.9493053971730236,0.9343771728702679,0.8627880798184886,0.9377253379624282,0.8761935329591726,0.9508971383859761,0.9102716897738727,0.9542136024350834,0.9363880304285925,0.9754195230089564,0.9113677351409675,0.9596053879391779,0.9525316455696202,0.5568288107222951,0.8173762078254128,0.9390829980374291,0.9508971383859763,0.6851038331869252,0.9238898933303421,0.9274978432118415,0.8441922549828882,0.9418654668890594,0.9596053879391779,0.9324854129452831,0.9542136024350836,0.9102716897738727,0.8473352221942345,0.9508971383859761,0.9136608016620085,0.8861469711805039,0.27474411683835753,0.8431396920965539,0.9462347596389562,0.9418654668890596,0.9800866240356763,0.9477524209177308,0.9436706050236259,0.7720200803249632,0.9508971383859761,0.9508971383859761,0.8212290483130441,0.981619154888806,0.8944847800126527,0.7470880603205399,0.8693621924380666,0.8214354212503421,0.9701638328331279,0.9302690566961371,0.9350697345319545,0.8852588926436555,0.9508971383859761,0.8996469044180131,0.9559485503920395,0.23265400517341916,0.8367671217737243,0.9596053879391782,0.8670360756633024,0.9508971383859761,0.9508971383859761,0.928033784425128,0.9508971383859763,0.9491569791489044,0.9404624926714933,0.8617682235186916,0.902741203339785,0.9299638429727952,0.863130347972715,0.8860448621113572,0.9551143900283148,0.9508971383859761,0.9180790428976138,0.9090090627485365,0.9525316455696202,0.9596053879391782,0.998689452668635,0.8322259783967583,0.7050122166355904,0.920376187934179,0.9525316455696202,0.9746163410327682,0.9508971383859761,0.8324582773700502,0.6741548613921775,0.746066123628965,0.9194340521360471,0.8699031439713583,0.9432937551644589,0.9080961023073577,0.8587016255621229,0.9577431256853024,0.8729445628956358,0.8393420809217594,0.9462347596389562,0.9615452872130623,0.9250812961986934,0.9337692322192535,0.8191823016368875,0.3710808425201898,0.9493053971730236,0.880041619895727,0.9312172606999456,0.9180790428976138,0.9238898933303423,0.9635753483468394,0.9180790428976138,0.8578089524354393,0.9635753483468392,0.9059407181827079,0.9227089361519578,0.8995766368965674,0.9508971383859763,0.9615452872130623,0.9404624926714933,0.9404624926714931,0.837836432444947,0.9447494136270191,0.9493053971730234,0.9312172606999456,0.8974836658533198,0.0,0.9623356286887418,0.8093111782833919,0.8291911258056228,0.807633422967587,0.9508971383859761,0.8954023823601893,0.9508971383859763,0.7967756161717692,0.27474411683835664,0.9350697345319545,0.9363880304285928,0.8607472522091426,0.9508971383859761,0.8111507091583434,0.8123127184484011,0.5777143866144243,0.923327748812964,0.8970231363347618,0.9148147732156007,0.9559485503920395,0.8280948589685844,0.8815889130882109,0.8123127184484011,0.8088111631761208,0.9377253379624282,0.8483782396901203,0.9635753483468394,0.9377253379624282,0.9508971383859761,0.9016827426948628,0.9324854129452831,0.8441922549828882,0.49533577640337534,0.8169113144171267,0.6427766817579774,0.9493053971730236,0.8473352221942345,0.8658418182833449,0.8995766368965674,0.9544489882787608,0.8016608579382387,0.9508971383859761,0.9133786642188271,0.8678736588799028,0.9250812961986934,0.9508971383859761,0.8778669044944865,0.9447494136270191,0.9596053879391782,0.7324680518865911,0.9493053971730236,0.8514945068923674,0.9337692322192536,0.9006279533325658,0.7652215831891479,0.9113677351409675,0.9377253379624282,0.8191823016368875,0.9508971383859761,0.820767684166938,0.9508971383859761,0.3110882524899772,0.8692863322387205,0.8881911996032121,0.23265400517341916,0.9778748351992477,0.8088111631761212,0.9486563558223771,0.9250812961986936,0.9508971383859761,0.7072810178879132,0.7256246305616507,0.8556227195178276,0.9274978432118415,0.9180790428976138,0.9559485503920393,0.9274978432118415,0.6431265528086212,0.919223396236805,0.896441649651688,0.9767282073314201,0.919223396236805,0.9250812961986934,0.9559485503920393,0.8892155845940946,0.919223396236805,0.23265400517341916,0.9337692322192535,0.9525316455696202,0.8892155845940946,0.9493053971730234,0.6431265528086201,0.9363880304285925,0.8954023823601893,0.9180790428976138,0.7324680518865909,0.9169426994374763,0.6051560701903466,0.9493053971730234,0.5454440744832262,0.8180490880155942,0.9250812961986934,0.904869971893631,0.7661106562810811,0.9574754780088428,0.9113677351409675,0.9324854129452831,0.4189873417721507,0.9542136024350836,0.9048699718936308,0.8974836658533198,0.929963842972795,0.9299638429727952,0.9038035415131251,0.8945024258106781,0.9577431256853028,0.8153201760686003,0.9287243013130126,0.8709172314094931,0.9654282935645835,0.9274978432118415,0.8568142373956298,0.9390829980374291,0.9262837350880506,0.9508971383859763,0.9032190637277582,0.9167698423523449,0.824971353116386,0.9038035415131251,0.8622912971119269,0.9577431256853026,0.9215378731313923,0.8105592334976687,0.9337692322192532,0.9462347596389562,0.9778748351992477,0.9027412033397848,0.7861632512209237,0.7678372320179736,0.9418654668890596,0.8494190724813768,0.9493053971730234,0.7571433530010492,0.8280948589685846,0.9542136024350834,0.9525316455696202,0.7844149639904643,0.929963842972795,0.9542136024350836,0.9016827426948626,0.8372916068903066,0.8313727497886214,0.947752420917731,0.9477524209177308,0.8892340377547685,0.9363880304285923,0.9059407181827082,0.6127778948795624,0.6514628364883972,0.9363880304285928,0.9577431256853028,0.896441649651688,0.9350697345319545,0.9525316455696202,0.27474411683835664,0.8892155845940948,0.3110882524899772,0.8247832035705709,0.9577431256853028
p298_L,0.9266685152227094,0.9202898300720301,0.7341954044803887,0.8815846841909039,0.8529585859137301,0.8373021566360077,0.8954856438342307,0.9091900433432083,0.5781942735788952,0.8635477725273675,0.8956777557659621,0.8978260286320021,0.870441749666166,0.7636444549046122,0.998028598639606,0.9240654274746584,0.863790316769809,0.8127749121539052,0.954459395331956,0.8635477725273677,0.77151860941604,0.9806814020144543,0.8362126977318558,0.8460940724740424,0.992394784087866,0.6876300672459097,0.7858328438893595,0.7488374694920852,0.8988610542266965,0.815558789743703,0.7387539901104434,0.8855889573633511,0.8293180381867081,0.8195538806575198,0.8811408140912373,0.887014472982414,0.8051812588818612,0.7532124306067344,0.837302156636007,0.8267070864407603,0.5818133576324982,0.9528969934766462,0.9859646442922714,0.692839943440198,0.9023372645888428,0.38035758977109535,0.8441193845389969,0.6444536125420859,0.9336022679318307,0.7235707094314454,0.8343531165770122,0.4814224461482348,0.6876300672459097,0.8069425677590432,0.8916280673533916,0.7138230048393553,0.7138230048393555,0.7684119013812074,0.8339638910878364,0.8335458387966326,0.6397448979887399,0.834761589273539,0.7910533895191147,0.6954851608194408,0.8112513913991543,0.7606190757287761,0.9277057585968915,0.8494097560599525,0.8524512295199516,0.9881818565067269,0.660039296153921,0.6984328686514762,0.9375052704462523,0.6225899784867559,0.7684119013812074,0.7053094273587753,0.8291489048044111,0.9101934299461026,0.5803128464989034,0.8373021566360079,0.9829917353040784,0.8057345193056089,0.9911015470174345,0.8562179574234863,0.7684119013812074,0.7380872156669032,0.995547386337904,0.8665077388041615,0.9558207597521782,0.760904633802822,0.7684119013812074,0.6412410240081319,0.5102214771880378,0.7766479068836212,0.7661066351457717,0.9061958516270339,0.691903477183198,0.711004634394403,0.5010848573919255,0.544924479322431,0.7769867648292468,0.8255189618559329,0.7806724477786735,0.7490391378651182,0.9003799138380593,0.809483376444649,0.7880402480717077,0.48924994298842783,0.8292347353062457,0.7346028454445448,0.6358584051822322,0.8645621767104701,0.5240113516653542,0.9060845154549806,0.7840536293380751,0.64114182559462,0.9202898300720301,0.8532920118076421,0.8373021566360069,0.47349650337008176,0.9085852563766319,0.6098861336510571,0.8677537455278882,0.6761549112125056,0.9431040479626482,0.7339575659825526,0.8342416479355359,0.9964415936800772,0.855715460675475,0.9622498409371392,0.4763541972565959,0.7954860842554723,0.9789415993832296,0.9487990223782053,0.7598470195958764,0.6429669026742966,0.9275475570919312,0.8343531165770126,0.8544714100233914,0.7535801967671496,0.47400064245221896,0.8186326921786735,0.5611286941488545,0.5866598810877435,0.6807476468835841,0.6100354984669183,0.745427492685764,0.48576220200340314,0.8908441953354027,0.5527558880161314,0.8988610542266962,0.5716635741145017,0.7776157968966584,0.9117826983312595,0.958823305936851,0.7029541149985306,0.6573130673235953,0.792448739150497,0.5885621781588362,0.7894171586931148,0.7174083081060523,0.9156175946573154,0.8956043643228605,0.5615899533699893,0.7642588396282409,0.6577399288706567,0.8817136657791169,0.890351109139915,0.8657198727005984,0.7610907667094837,0.8619279793098553,0.9252103075978377,0.8229760885681117,0.8711491205866169,0.5983892623917781,0.6898429997316016,0.8532920118076428,0.9703889340495293,0.8274111370754448,0.9008759810409454,0.886020624952077,0.7507100852430428,0.9454234581356229,0.9926368555046544,0.7745514879625607,0.766073745664055,0.5003056191895574,0.8882557664314523,0.8565366772443028,0.9295628438712976,0.8465915930854306,0.8125926110576573,0.5926240993597607,0.598959397292788,0.9858078207029534,0.7684119013812074,0.8460940724740426,0.926557235114915,0.840760291855797,0.7976937641861104,0.661601122449941,0.8978260286320019,0.7684119013812074,0.6825021281669953,0.6231961034268187,0.8635477725273677,0.7684119013812074,0.6827494230778536,0.650325986242988,0.5575551010699691,0.4683038116689606,0.6063724563427508,0.7735626237779673,0.7684119013812074,0.9959354316841408,0.7684119013812074,0.7192822063393804,0.6234281624906661,0.5818876620202795,0.7684119013812074,0.9900201018153889,0.7684119013812074,0.7827191581341847,0.8343010992388324,0.7504622103764781,0.6644710741162808,0.7954860842554714,0.5371296922881212,0.7802354107769771,0.9579128830880594,0.734064058213844,0.7985841800487992,0.5746619102423529,0.7443393553569863,0.9899408532768106,0.9147829425396118,0.9592963849296585,0.6795297331116298,0.8763253699075532,0.650325986242988,0.6136290621613227,0.9157619653567752,0.6547688899115716,0.8068906247868051,0.7684119013812074,0.971646460884446,0.7684119013812074,0.7900701259730627,0.780871690491206,0.8544714100233914,0.8771494236292641,0.5371296922881211,0.8460940724740424,0.6809098247156478,0.9690862056904914,0.6621556716068426,0.9344595317320945,0.5026411396521677,0.8255189618559334,0.6428989436136738,0.8959747249803602,0.7808889068116749,0.7882889127686583,0.9623870526338896,0.5876276531232218,0.837302156636007,0.6321726905257865,0.9229889027001752,0.8925170771825466,0.8443726976688835,0.7302550584685937,0.9899408532768106,0.6749058342047205,0.6959226433195166,0.6286298596506728,0.809483376444649,0.5337822524275868,0.862510319934219,0.8282019805599219,0.9633992817857031,0.809483376444649,0.9520770374064556,0.6327699253484931,0.9947244177720262,0.5930915470475343,0.7833011597856606,0.7954860842554717,0.6874558644023564,0.6463630194441594,0.9401666948359446,0.7954860842554725,0.9756833498582371,0.42212961666376736,0.8195695506328722,0.5803153401185237,0.37824907723647727,0.7146125649255912,0.8184876207711115,0.8870144729824142,0.7806724477786736,0.9336022679318307,0.766625951055947,0.8965882112569317,0.6347442427841385,0.9232358484734153,0.8855847170568544,0.8480861227389748,0.9157375762025646,0.6339256217023095,0.9410322674329472,0.7553945460884846,0.9555771051580154,0.7703460146022946,0.6564437421003171,0.6482581223996342,0.8635477725273677,0.6116797503615756,0.828234490828039,0.9143596989152349,0.9622498409371392,0.74881963155413,0.9156175946573151,0.7684119013812074,0.7922363153434717,0.7791936776841791,0.8127749121539052,0.809483376444649,0.8653749572194798,0.8830997396413108,0.7684119013812074,0.7826175785114966,0.9780956823185021,0.9025384899655311,0.9274843986082084,0.6852064275648198,0.7383321355426702,0.9167065047033103,0.7586145219059555,0.5374225048689825,0.9842966375147598,0.7394168521934454,0.45457712093072244,0.9456504722577764,0.7437092260513469,0.5804265583049515,0.7325514035311524,0.7863959985454125,0.8373021566360077,0.5240688236980593,0.744339355356986,0.5439967707169269,0.9283230888823257,0.760904633802822,0.9516688026278177,0.6846907274185812,0.634127852666279,0.517590820102577,0.45252582594574253,0.7684119013812074,0.41302430640806165,0.9630693911364232,0.7890451776207588,0.9431880357512767,0.9598858189759889,0.7092696944819865,0.7684119013812074,0.7684119013812074,0.9336022679318307,0.9697517898549204,0.6202844127767331,0.7684119013812074,0.8635477725273677,0.7806724477786735,0.6850176353804176,0.732239830977009,0.5020125727566642,0.8934013604887032,0.6906419351238982,0.9242337513949787,0.5154448925356541,0.5271368830273764,0.7684119013812074,0.7066652994687699,0.7690066666776425,0.5378209326976182,0.5864323766762496,0.8116061716523524,0.7438037797825754,0.7954860842554725,0.5805270070033086,0.7684119013812074,0.5260154260222677,0.9213825253278577,0.6266224859210543,0.7564677240544685,0.9623356286887419,0.5228179566791609,0.9054236457666802,0.7684119013812074,0.8284632682979687,0.47569789065979373,0.7684119013812074,0.9892930710581477,0.6716774443437956,0.5624665554298274,0.44898877918622804,0.5981670980770637,0.7684119013812074,0.8766347615966517,0.7295251123674347,0.9406008519517006,0.9557756560962483,0.8681789555560109,0.8858000064237586,0.6166107221020538,0.6945387631214734,0.8140865069385359,0.9554806887720189,0.48233719580759615,0.8590876331963094,0.5135721554682562,0.7812593009343005,0.6515623568085326,0.7749133993724273,0.7922363153434719,0.7693318668843241,0.7684119013812074,0.9881818565067269,0.6574969525470276,0.8359787904565039,0.7743472468360033,0.9983703494971228,0.8068906247868051,0.7992540842216811,0.8751544615277178,0.7802354107769778,0.9829917353040782,0.8652191323111957,0.9202898300720301,0.7099272430940122,0.852552621115539,0.9106507599689604,0.48142238960178574,0.9341743359260251,0.9061307867295618,0.973462310518579,0.5434914963857036,0.8291489048044112,0.8635477725273677,0.7198173248728494,0.7117485568897568,0.9249718671213356,0.7600148520332823,0.8529201164520531,0.8124149925416957,0.9942837725413021,0.7064170280538996,0.6954851608194416,0.8126878901500618,0.9630067480857988,0.8011111393526695,0.9829917353040782,0.6984028798568538,0.7824620239920499,0.7609846833865355,0.7582854570623964,0.8897761410632921,0.8667391219327629,0.8823084044251834,0.9218482669986106,0.9405392868314864,0.7520384639079736,0.44724541264789286,0.968476061123938,0.7414546225554928,0.9180718255771732,0.9805983029779717,0.9217593787525815,0.8255189618559331,0.7466090471292912,0.8163653987711315,0.7380872156669029,0.7686334812992572,0.8432058376194191,0.9121434592629001,0.7855402964129503,0.9082634868135641,0.7690066666776425,0.8118186681828427,0.7598470195958766,0.9478240520432701,0.8870144729824132,0.797208241973274,0.5589945621319652,0.6239665655944274,0.9252103075978377,0.7735626237779673,0.51806871718227,0.7193750384918061,0.7724081431214276,0.5866598810877435,0.7684119013812074,0.8007002269432069,0.7684119013812074,0.7684119013812074,0.5696787927725997,0.9121630121591517,0.6874558644023563,0.7684119013812074,0.42532252551129845,0.4513977476398645,0.6503259862429891,0.6679240543152436,0.6920140566928777,0.6017127592042504,0.7520961907674979,0.8622469648279705,0.4237409732278732,0.9815292533466532,0.9309631431458947,0.8977123223576164,0.6244632871694558,0.701172507308169,0.4631147930507282,0.998963793241222,0.8155224597734185,0.8999020211050872,0.7839645627547727,0.8112513913991544,0.8694380182676782,0.8140865069385359,0.8647796891736371,0.9004625397473367,0.9808518939487216,0.7904628268029478,0.6879616663908692,0.9693829953291977,0.5716635741145026,0.8206632703013357,0.904027146741752,0.8441193845389972,0.7429692855380383,0.846094072474043,0.9169904684997889,0.5351140152744467,0.5904143620291284,0.8233538626834316,0.6498015007386087,0.9802947374692923,0.7799006332898508,0.7684305288508868,0.8557154606754749,0.6103582827578782,0.6816331266237832,0.9487990223782053,0.4794753213707854,0.4034944890077443,0.9453002519717624,0.3953014282675641,0.8529201164520533,0.873871760046585,0.7280869204404876,0.7684119013812074,0.7922363153434719,0.7302930131909202,0.9938697268012673,0.603830763048594,0.8855965554238869,0.8068906247868051,0.9066280384954457,0.4724320387146669,0.9579128830880592,0.6100387759594199,0.863547772527368,0.5334160515488986,0.8956777557659621,0.7633491931379599,0.8068906247868051,0.9307921816266712,0.8231625077327724,0.817568614572871,0.7607995967969831,0.7422725611983929,0.7158251254342218,0.5871876611843205,0.8948908352375531,0.8770675009177891,0.5324460814865748,0.6444456765621956,0.9808606516319833,0.9341743359260251,0.8444451671305139,0.7761208698281865,0.6234281624906661,0.8055398865968624,0.6518879923109102,0.760904633802822,0.5568518162015166,0.5572340108145417,0.9116334004641397,0.8983561917097331,0.9942837725413021,0.8318297887792032,0.9544512296892852,0.8203947683273828,0.9212213112720844,0.9384371278608375,0.8758518921009941,0.931662370182869,0.7403307174441562,0.9378682975729826,0.8233538626834318,0.9116334004641394,0.7684119013812074,0.9529121555239622,0.48755725983906784,0.5240113516653544,0.7890451776207587,0.7684119013812074,0.5714565952147774,0.40401495140530475,0.9461108554228088,0.9798682085961467,0.8023244059415185,0.6722258174988842,0.8244949317026802,0.9923200667447372,0.7286631912709609,0.8836858348915967,0.3715689309937913,0.7437300395171281,0.8330375920813433,0.8954682796854874,0.7138230048393555,0.9942837725413021,0.7808716904912062,0.939704111879597,0.9601362415450061,0.793281165065775,0.9025384899655311,0.7467104468736223,0.8401505248191379,0.8088546759561811,0.8068402528456193,0.7089100690907801,0.8094833764446481,0.8811408140912376,0.9480049630426205,0.4278407014979895,0.4762432823868159,0.760904633802822,0.9277057585968915,0.7724081431214274,0.760904633802822,0.760904633802822,0.7816315533544327,0.7684119013812074,0.8637903167698088,0.8686337040287833,0.7684119013812074,0.828201980559922,0.8669108083242884,0.9106507599689606,0.8140865069385359,0.9082634868135642,0.9504832041502342,0.7609046338028223,0.4839542519653047,0.6343511982869368,0.7520384639079738,0.736999871234205,0.7684119013812074,0.7193750384918058,0.9156175946573154,0.8057345193056092,0.5928114622428167,0.8638675080389662,0.9881818565067269,0.9042148505813925,0.922469048895743,0.9805983029779717,0.992394784087866,0.7684119013812074,0.9622498409371394,0.7571122714584865,0.7770326868464797,0.3673500501739251,0.7888629210161431,0.9443732211437315,0.7625699775461183,0.7840536293380751,0.8223728528616586,0.4600386549070039,0.7684119013812074,0.8934013604887029,0.6976123688210063,0.828234490828039,0.42682714483145734,0.8763514402953598,0.9684760611239378,0.5237242476026187,0.8068906247868051,0.5080198644002877,0.5625547458725428,0.7684119013812074,0.7684119013812074,0.7898701218467907,0.8881158619217424,0.8456363073992124,0.5039228089374781,0.5538064777994953,0.42433053351741734,0.6672334268142969,0.659315815213602,0.7320599515612065,0.6022838682047935,0.7684119013812074,0.9552725214554612,0.7922363153434719,0.837302156636007,0.35906372329455594,0.809483376444649,0.5072531225043275,0.7684119013812074,0.7684119013812074,0.5737764507542593,0.9215835886662106,0.6350082160890256,0.995547386337904,0.5295431342487311,0.5818133576324981,0.9393895370660708,0.9877840833001517,0.6379574607866421,0.5651428327872585,0.7684119013812074,0.634083994164546,0.6133481288039635,0.8051812588818612,0.9780956823185021,0.8132959789620371,0.8700551434422648,0.9980285986396056,0.644344642554603,0.8342416479355357,0.7951095970076036,0.7684119013812074,0.4975046504394114,0.7193387010444431,0.7036781651924335,0.8318071521491335,0.6111459032117537,0.955724896214821,0.7015794292677524,0.6733912676721969,0.8330375920813431,0.8591276294285759,0.5622416844006104,0.9543089131758091,0.9341743359260252,0.862878152355465,0.6876300672459112,0.5776844027046133,0.8032355692370523,0.7609046338028223,0.4914551923292749,0.96647804479892,0.8175686145728709,0.9904979927496438,0.9768697337936629,0.7992201525320386,0.9025384899655313,0.8653728680514654,0.9286895945430041,0.7505633089230064,0.5581644194356519,0.8529585859137299,0.8635477725273677,0.9806814020144543,0.7429692855380363,0.654265031514148,0.8293180381867087,0.7609046338028225,0.9033142848090288,0.547873826734202,0.9623356286887418,0.0,0.624463287169456,0.5678640206355761,0.6287716868939937,0.7684119013812074,0.6412410240081319,0.9093230422687448,0.5020125727566647,0.8635477725273675,0.6937637394586502,0.6999813330995086,0.8442183767258351,0.7684119013812074,0.47569789065979373,0.49169906515413164,0.850669441814235,0.6159676386615682,0.6851326425104285,0.6145836009548835,0.8233538626834316,0.31352954796243115,0.5149406736288722,0.8095164035211432,0.7556366787646205,0.767587891338494,0.8126544557796084,0.8373021566360078,0.7904628268029479,0.9779480450212253,0.915539950033567,0.9122232316336166,0.4439998061740831,0.971646460884446,0.4767360752913876,0.7684119013812076,0.760904633802822,0.5629328432926004,0.4549094134987207,0.9238628620140801,0.6103582827578784,0.5876342069126947,0.7684119013812074,0.5565593254802215,0.6006922600423492,0.8029578646667095,0.7684119013812074,0.6926076999759636,0.9815292533466531,0.809483376444649,0.7291635284435196,0.760904633802822,0.6224067535667354,0.9048452935938176,0.8923348742331692,0.9664780447989199,0.8638675080389662,0.9505873750541252,0.48753590828854665,0.7684119013812074,0.8149093101924576,0.7684119013812074,0.8532920118076422,0.6344646874692335,0.547068563102642,0.837302156636007,0.9066280384954458,0.6702900077814468,0.667820984663386,0.9405547988340495,0.7684119013812074,0.8661744883783258,0.5439852545680837,0.8801911990743557,0.797208241973274,0.9276593868178662,0.9277057585968914,0.998963793241222,0.8499225409554978,0.8971931199014,0.6207081588526284,0.5633493430194654,0.8971931199014,0.7046743402614664,0.803235569237053,0.714612564925591,0.8971931199014,0.837302156636007,0.8996610026930673,0.8342416479355357,0.9091045087211533,0.8009469027438031,0.710552010852848,0.8956043643228606,0.6925859159406933,0.8542655386545362,0.8435382057657899,0.6082696266282182,0.9595025505770991,0.84305747070033,0.9480049630426205,0.6701389617530176,0.9798682085961467,0.6080486352860796,0.8597679870100909,0.7756989174375455,0.6041066231094758,0.9549813042300448,0.8460940724740424,0.8441193845389969,0.7326404679012781,0.9814181736296715,0.6696823788399089,0.8946368271024452,0.7098891723133236,0.7922363153434722,0.8007002269432069,0.9493203589904577,0.7047443864534999,0.8093634710866761,0.8494454626389767,0.9787882381144273,0.9847642311732432,0.8444451671305138,0.7319658687365524,0.9093230422687446,0.6877106838326199,0.6754039045011038,0.9625215846107404,0.628094722599277,0.8479703998622499,0.994724417772026,0.8391451736147026,0.9778705642081069,0.7093515898807001,0.9157619653567752,0.8070148009406195,0.8903511091399152,0.9803333187692554,0.9467885829205449,0.9927421629099298,0.8842756093709558,0.8283311817096392,0.8364621484608619,0.9406661206663369,0.8255189618559328,0.8342416479355359,0.677903749489766,0.6696823788399078,0.904185139739919,0.8188054291377566,0.7449290527532006,0.9914356887333351,0.8199363790756029,0.9401666948359446,0.6642542862277883,0.8731369030685475,0.6629190756828709,0.9942837725413021,0.5055896660689132,0.9920583294055754,0.8007002269432069,0.542758575206918,0.9528969934766464,0.8751544615277177,0.8282344908280388,0.7767161974552452,0.8532920118076425,0.8485948411484403,0.8330375920813433
p298_V,0.7491417365446085,0.9817658539566092,0.824547087224186,0.9733010371560202,0.9176344520056336,0.9389009867184677,0.7547575853581215,0.7279390650117317,0.8440278889899993,0.990241664033759,0.9024846512059139,0.9998717412550098,0.9149644520716045,0.8743307438550614,0.9097167552139143,0.6755670681779162,0.9098137391625774,0.8889039599111499,0.9322417421501312,0.9354957453078974,0.8879754427987612,0.9369836237218983,0.9980715070378494,0.9654282935645835,0.9339524310656602,0.8889039599111497,0.9098137391625774,0.8645046537943692,0.9354957453078971,0.764625029202991,0.8783842798904278,0.9261077324693099,0.9073222074226139,0.8683869765649117,0.9176344520056336,0.9845214236147153,0.9203761879341785,0.9073222074226133,0.9389009867184674,0.8867504707956384,0.8620322227114245,0.7665525384097971,0.9389009867184677,0.9145303665658235,0.9903850005315029,0.7526313728371696,0.9231975163531971,0.9077500810549197,0.8867504707956382,0.824547087224186,0.9261077324693099,0.7763884628609945,0.8889039599111497,0.4800364851193455,0.6600626095334565,0.8846232616841085,0.9172640312418523,0.3833143586062788,0.7652672046388416,0.9123594767995955,0.8476598553448091,0.9214741013656098,0.9225786753593272,0.9375570313374195,0.9291179679746995,0.7346457934091095,0.9743490353345141,0.7379669852683406,0.6829642004672618,0.9845214236147153,0.872332274786086,0.8867504707956382,0.9512934499841009,0.8934910933697415,0.3833143586062788,0.8158904503387641,0.9738359568456643,0.9401042088409284,0.8678783547253448,0.9389009867184677,0.9846566758890424,0.9281278923411589,0.6122014407337698,0.8889039599111506,0.3833143586062788,0.8664383561643836,0.9738359568456645,0.7778897571150376,0.9773657183031311,0.4057772344611492,0.3833143586062788,0.8485648350028436,0.804304728947955,0.8676408106680036,0.2951033105037191,0.7555836865159422,0.8448011303810097,0.8410682594545358,0.9961686690631237,0.95553667567457,0.9172640312418523,0.9231975163531969,0.9176344520056336,0.8321825453439606,0.6236378890328069,0.932241742150131,0.8494889870069657,0.9352019211095342,0.9576422202536796,0.8782541861728532,0.8209598208811351,0.8910854332944245,0.933697648996314,0.9842863833591207,0.9231975163531971,0.8736941244762844,0.9413487659113846,0.932241742150131,0.9389009867184674,0.956868465638347,0.9981474562211312,0.8141693012543916,0.9339524310656604,0.8783842798904287,0.9090477473997874,0.8666659561513319,0.9203761879341787,0.5953880564409904,0.9149644520716045,0.7391781092553413,0.9655465957524169,0.9231975163531969,0.9261077324693099,0.9389009867184679,0.9098137391625774,0.9500012334294734,0.8938610275646675,0.9743490353345139,0.9261077324693099,0.3851430530455999,0.7968231824034544,0.9354957453078971,0.9279385803404143,0.7919760287785569,0.8410682594545358,0.9917398678146307,0.9229660919577038,0.9831929791885614,0.9806744835221557,0.9651504119862476,0.9354957453078971,0.9532058268379922,0.8490190724641384,0.9208794226291901,0.9774096618002821,0.9198942322161896,0.8542756794437445,0.8888323841302608,0.9418601133639821,0.791536075125119,0.7438448496227521,0.9231975163531969,0.9629590308991038,0.6402384291099095,0.8333125033847861,0.8645046537943695,0.8892247194173971,0.8872071589200894,0.9438611769441672,0.970085689418362,0.9962253190461958,0.9149644520716045,0.884623261684109,0.7376538507748562,0.9271963137623647,0.8917277932780132,0.932241742150131,0.7972930327583921,0.9893082522252978,0.787636363306941,0.8569044040594338,0.8429310413922653,0.984813660084917,0.7454063911947744,0.6863910530096526,0.7835113554892807,0.8114015586282297,0.8273813414860405,0.48003648511934527,0.9689470530700139,0.9123594767995957,0.973808604787662,0.9236176243664469,0.8657666520317182,0.8620887230489375,0.3833143586062788,0.9654282935645835,0.912359476799596,0.5273340947074776,0.8120575124059066,0.9446358261174748,0.7454063911947741,0.3833143586062788,0.8084097296614701,0.9784886093530747,0.9354957453078974,0.3833143586062788,0.81937565194523,0.8625851059964711,0.8158904503387645,0.7761395322959772,0.8720073716712092,0.9149644520716045,0.3833143586062788,0.552110711247956,0.3833143586062788,0.7328872324880131,0.9366960412527519,0.8907781241030216,0.3833143586062788,0.721318054859452,0.3833143586062788,0.9101540711134922,0.9027145695931775,0.8645046537943692,0.798780816656455,0.9231975163531971,0.9774056046633746,0.4264664336429409,0.9664656501581601,0.9001312905981322,0.9268193339646964,0.9042744508372368,0.9565730307289084,0.9743490353345139,0.5337693082806174,0.9660328189454452,0.8679755583031026,0.932590166685975,0.8910305906213418,0.9763670444959531,0.9500993698470401,0.8373631026438322,0.9223470008110382,0.3833143586062788,0.9194783163486804,0.3833143586062788,0.7388569157505607,0.8910305906213418,0.8809270560698733,0.6350273002642541,0.9586618832187055,0.9895196008050119,0.8606789940362407,0.8978173148387734,0.8262903628126801,0.8717980029839987,0.9428686160246564,0.969757263765453,0.835569529553674,0.8355695295536731,0.9720963318632349,0.4057772344611491,0.9792503453259271,0.800421517168922,0.9389009867184674,0.9650003312457807,0.9846025145920523,0.4926629157731771,0.8119828938590441,0.8412383273235684,0.929168358935078,0.9217902712977829,0.97056185695398,0.827455833106021,0.932241742150131,0.9171705206748191,0.8606789940362412,0.9673786919850063,0.8659812204023998,0.932241742150131,0.8411759963696495,0.7558599512408448,0.770087767917936,0.8600762842131289,0.9048043876528451,0.9231975163531969,0.8683869765649121,0.9147295606797885,0.9123594767995955,0.9231975163531971,0.969757263765453,0.6922037872903828,0.932241742150131,0.861941832026027,0.6382513885550334,0.8141693012543916,0.9076939394608086,0.9631988949207005,0.9176344520056336,0.9861817550572929,0.912359476799596,0.9774096618002823,0.8683158440519765,0.9899569054508075,0.9231975163531969,0.9198942322161898,0.9055006816206885,0.974591997022878,0.907355135221481,0.9107208165629549,0.8850596363388809,0.7760533443325752,0.853379887881357,0.8812316429392323,0.9902416640337588,0.8440278889899995,0.9354957453078971,0.985968382116907,0.8910305906213418,0.853175894511782,0.9231975163531969,0.3833143586062788,0.9261077324693099,0.9260134095145849,0.8889039599111501,0.932241742150131,0.870352522620391,0.9149644520716045,0.3833143586062788,0.8853719877999064,0.7540801690623641,0.9965185747417931,0.9262370195846522,0.983674289198189,0.9281278923411591,0.83268575320467,0.9846025145920523,0.7420470154159735,0.9339524310656604,0.9073222074226137,0.7421654672992344,0.9231975163531971,0.8683869765649117,0.7138406305822684,0.9817658539566092,0.9917398678146307,0.9389009867184679,0.9487183412521478,0.8977823279529109,0.9961493261080439,0.9098137391625771,0.4057772344611492,0.7664880923437805,0.9533321095910348,0.7819529424641096,0.9691970336097759,0.725278104330882,0.3833143586062788,0.8245642007101615,0.8138391289076221,0.9000905586095038,0.9536354056902001,0.8455205797886556,0.970085689418362,0.3833143586062788,0.3833143586062788,0.7486681535782961,0.9223668225742081,0.8340940015319194,0.3833143586062788,0.9354957453078971,0.9176344520056339,0.8743307438550614,0.8333125033847861,0.9972756022399671,0.9949841493208558,0.8763477248373535,0.9369836237218983,0.747550196599863,0.8789104989762326,0.3833143586062788,0.8073108575392582,0.8932539868674871,0.9685740008597779,0.9454050534566704,0.9072141675815735,0.8655168940503875,0.9231975163531969,0.8953524242954565,0.3833143586062788,0.8221184547857514,0.9899281062556811,0.8132455256424227,0.743885699989324,0.8543632839137971,0.804304728947955,0.9073222074226135,0.3833143586062788,0.946605059594468,0.7677080359629573,0.3833143586062788,0.9998134958142344,0.9496691083296256,0.76385834558839,0.7387017875648274,0.9250211202256051,0.3833143586062788,0.8891677278160823,0.910971163804267,0.9291179679746995,0.6078107581162011,0.7069995293047346,0.8494889870069653,0.8781745275078818,0.856198563566134,0.9231975163531971,0.9649624370614636,0.8392124024772527,0.9310028073541701,0.9249975445130196,0.9492593748900386,0.8119828938590443,0.5370545505859734,0.9261077324693099,0.9225786753593272,0.3833143586062788,0.9845214236147153,0.8659812204023998,0.7538994440122888,0.8717980029839987,0.9146842304664582,0.4264664336429419,0.7985820785026838,0.9895196008050116,0.38514305304560026,0.9401042088409286,0.9176344520056336,0.9413487659113849,0.8038943185349745,0.9483229657337406,0.8586395319915322,0.8918418728988426,0.9354957453078969,0.9433231638906059,0.891682978625878,0.9228541640966712,0.9369836237218983,0.9354957453078971,0.9849471787133064,0.8932539868674869,0.7191157049813177,0.492662915773177,0.9893117100305695,0.8679755583031026,0.9697572637654532,0.8977823279529109,0.962731967546085,0.8450453177882402,0.9629590308991038,0.9879069037547501,0.9470371182540279,0.9409403068620956,0.8626184126173282,0.9310892955790089,0.8720073716712089,0.9500993698470401,0.755859951240845,0.9421620399028598,0.9048043876528449,0.9977901694570486,0.46612886497799566,0.7233875199237478,0.8717980029839989,0.8411759963696497,0.8280541377532264,0.9763670444959536,0.6950551727458445,0.969757263765453,0.8897478654628073,0.8258691421341783,0.8664383561643836,0.8358685427845955,0.8063598505269488,0.9623671370200692,0.8485648350028443,0.9792503453259269,0.8645046537943692,0.9500993698470404,0.9098137391625774,0.9261077324693099,0.9631988949207005,0.9096622933762624,0.7752236369508324,0.8587856401289511,0.9149644520716045,0.9149644520716045,0.7268358746197016,0.9027145695931775,0.3650449085170947,0.8137727791661153,0.3833143586062788,0.9792503453259269,0.3833143586062788,0.3833143586062788,0.8979720328386482,0.5370545505859738,0.8977823279529107,0.3833143586062788,0.7768685080489626,0.9740284386510416,0.48316874763150564,0.8635981724614361,0.8073108575392578,0.8367748293720336,0.9478524616281294,0.745753756355063,0.9587435477436588,0.7780485685454379,0.927568076137868,0.6196906358642537,0.8955040393396558,0.8539009023346027,0.9031725621753484,0.8783842798904282,0.9859795134306006,0.9636703814083796,0.7633071354356558,0.9291179679746995,0.856198563566134,0.9231975163531971,0.8640003271366137,0.9369836237218983,0.9253216361240024,0.9980715070378495,0.8150850511372134,0.8763477248373535,0.9940211874154162,0.9626086642338588,0.7727778981325856,0.9231975163531969,0.473379046297847,0.9203761879341787,0.8888323841302606,0.9959946687355163,0.899197534530654,0.6397205417438527,0.9131343782015149,0.7679012153617223,0.7921540935539215,0.8210732662498847,0.9576746141532875,0.9939412938594525,0.8804415508981578,0.9389009867184677,0.7420229327079563,0.8918418728988424,0.6427482402639043,0.700182061530978,0.900131290598132,0.9027145695931773,0.9688255458999944,0.3833143586062788,0.9261077324693099,0.9795019860868401,0.732839953300325,0.9218802829549133,0.9738359568456643,0.912359476799596,0.8804415508981578,0.7261918140028518,0.9980715070378494,0.9104237341339552,0.9354957453078974,0.7217129777751454,0.7213197724439409,0.9116858892428665,0.4264664336429419,0.9859795134306004,0.8065988934034571,0.9763670444959536,0.9629590308991038,0.9818179057588833,0.873405535063448,0.9972984501845683,0.9680102158050214,0.9565730307289082,0.8246589250628044,0.774961951466709,0.8783842798904287,0.9002664985145177,0.9937773364805664,0.719206967022583,0.7980615682684662,0.8937269373258911,0.7386688560347109,0.36332358986944646,0.8953524242954565,0.7620589941812745,0.9965185747417931,0.893861027564667,0.9231975163531969,0.8664383561643836,0.9220033199406048,0.9719697553872639,0.9551469406991903,0.8783842798904284,0.9576422202536797,0.6150398796106478,0.9024846512059137,0.8727673249698822,0.9261077324693099,0.9965185747417931,0.3833143586062788,0.7494734553911055,0.8243519100830419,0.8388572074136864,0.8703513274042392,0.3833143586062788,0.9827373945633239,0.7733043507953705,0.8740463482181049,0.6380909553803994,0.8440278889899993,0.8725825827815012,0.8300245705572449,0.97182212688617,0.8825207683757947,0.9940211874154163,0.896217504775295,0.9182912608602745,0.9291179679746995,0.8679755583031026,0.9172640312418523,0.969757263765453,0.891030590621342,0.9965185747417928,0.9244984590802254,0.912359476799596,0.9389009867184677,0.904880473824603,0.8868913514116861,0.961325151342389,0.8572909236476776,0.8124509893605874,0.9322417421501312,0.6891492539635695,0.9001312905981322,0.7568357302893634,0.9993718448762237,0.4057772344611492,0.9743490353345139,0.4456161698860196,0.4057772344611492,0.4057772344611492,0.3085431845711255,0.3833143586062788,0.9290437380995717,0.4585784393722814,0.3833143586062788,0.8932967537832139,0.6997762744583623,0.9845214236147153,0.9231975163531971,0.9204848999716183,0.674154861392178,0.36332358986944646,0.7446690200183319,0.7906205719124988,0.8955399645501798,0.9411007361196388,0.3833143586062788,0.8494889870069657,0.9836829888222907,0.8932967537832142,0.9662940759437624,0.8513275026111493,0.932241742150131,0.9654282935645835,0.9339524310656604,0.9382965016294352,0.7769666391192471,0.9613251513423888,0.5400597168812469,0.9325288802644414,0.8783842798904284,0.9246694857629627,0.9024846512059141,0.9845214236147153,0.8867504707956384,0.969757263765453,0.9293273608862835,0.963253467043091,0.3833143586062788,0.9949841493208557,0.8090219836218671,0.9354957453078974,0.8159302904854284,0.9098137391625774,0.9777237664759431,0.8312921868747623,0.4264664336429419,0.9253299732304148,0.992801725622684,0.3833143586062788,0.3833143586062788,0.43548625361326265,0.7660742388539765,0.977516167560163,0.89362596737048,0.8294944974961416,0.8151567783414395,0.8793488634596527,0.8640684623201609,0.8910854332944245,0.7538994440122886,0.3833143586062788,0.6541394234899569,0.9261077324693099,0.9389009867184674,0.7652482714754034,0.932241742150131,0.9605305588381616,0.3833143586062788,0.3833143586062788,0.933300044359183,0.9176344520056339,0.890264323594985,0.9001312905981322,0.8095590150340128,0.8368572865027595,0.8280080728082361,0.9365682876192555,0.9672457903928717,0.9002753511525643,0.3833143586062788,0.8625851059964715,0.8383629040659488,0.9203761879341785,0.7540801690623637,0.531094889783573,0.7413583324887876,0.6801676817825015,0.8664383561643836,0.9203761879341787,0.9591848568689003,0.3833143586062788,0.9322748646509467,0.8664383561643836,0.9627319675460844,0.9250092890273327,0.8456406386668986,0.864463385779379,0.8720073716712089,0.7835113554892805,0.9291179679746995,0.8514768804132891,0.8609097613227243,0.808186846046184,0.9902416640337588,0.9048043876528449,0.4712764465734882,0.9255131041919218,0.9261077324693099,0.36332358986944646,0.798780816656455,0.8846232616841085,0.9479215598710828,0.9169796060396695,0.9389009867184677,0.9763670444959534,0.9458638372348814,0.6577758971182547,0.8937269373258914,0.6538209733115286,0.8315490164612087,0.9949841493208558,0.9354957453078971,0.900131290598132,0.8787547106592706,0.7866796205874282,0.9466508604266073,0.9149644520716045,0.9825455703573396,0.7341206779893763,0.8093111782833919,0.624463287169456,0.0,0.9391284211532483,0.9449365890187038,0.3833143586062788,0.8245470872241858,0.9613251513423888,0.7960674760042148,0.990241664033759,0.7323163355802196,0.8932967537832146,0.8490190724641382,0.3833143586062788,0.7866414612513744,0.7041221740423254,0.8932967537832144,0.9125763467032955,0.9516667502915495,0.9255131041919218,0.9261077324693099,0.7487881472112938,0.7487319267371974,0.817824450039218,0.9615683274271376,0.9310028073541698,0.8945719434468994,0.9389009867184677,0.8955399645501796,0.9176344520056339,0.8850707526024728,0.9806744835221557,0.9763058906768334,0.5397427241727476,0.7119113260650161,0.68914925396357,0.4057772344611492,0.9433139548976208,0.795950284536453,0.7740582298599953,0.9189718832979137,0.9873177527203463,0.3833143586062788,0.9298183155866663,0.7783701777629333,0.8743307438550614,0.3833143586062788,0.7801055081046446,0.974691833565406,0.932241742150131,0.32427749376203585,0.4057772344611492,0.9522473960773854,0.9562533908075042,0.9077707508606776,0.7889690427384553,0.8513275026111493,0.89553996455018,0.7157630750834816,0.3833143586062788,0.7315176865362449,0.3833143586062788,0.932241742150131,0.8277850478218785,0.9277960702257781,0.9389009867184674,0.9755709899671718,0.8683158440519763,0.9243428379798311,0.8743307438550616,0.3833143586062788,0.8415908515307025,0.8637360812894783,0.9979710768113654,0.9722183203479302,0.6822871400055993,0.9743490353345139,0.6211675043362317,0.845854290464665,0.6755060170357445,0.8262903628126801,0.874371819548184,0.6755060170357445,0.8743307438550612,0.9261077324693099,0.8373631026438322,0.6755060170357445,0.9389009867184674,0.9225786753593272,0.9895196008050116,0.9069445068121538,0.9574180966633072,0.8763477248373532,0.9629590308991036,0.8725825827815021,0.8625851059964715,0.7852944502139062,0.9169857742242806,0.8867504707956382,0.7878600357864769,0.8050500444117394,0.9623671370200693,0.8743307438550614,0.8404281005597696,0.9957953020616759,0.5910601384076128,0.8513275026111498,0.8867504707956384,0.9895196008050119,0.969757263765453,0.9170874600876597,0.9496607696027428,0.8825207683757947,0.8825207683757947,0.965444590162599,0.9774096618002821,0.9291179679746995,0.830908859253976,0.880441550898158,0.9116858892428665,0.8955040393396556,0.8783842798904284,0.849871424631172,0.9937773364805664,0.9380806103257937,0.9176344520056336,0.9125974523142943,0.9364974377814204,0.9461078173419971,0.8386392613801177,0.8785986170728735,0.9291179679746995,0.9552409151070957,0.735460094625271,0.8889039599111497,0.9903850005315027,0.9438611769441672,0.9375570313374202,0.7720889634702727,0.7608035719590831,0.9024846512059139,0.7917817388492998,0.9149644520716045,0.9943151259204521,0.8258691421341783,0.9231975163531969,0.9654282935645833,0.8158904503387641,0.8825207683757945,0.9836829888222907,0.8850707526024728,0.8206401121682743,0.7601332644120117,0.912359476799596,0.9123594767995957,0.8649384685625585,0.9281278923411589,0.8422241792803136,0.7974439991732672,0.9574212395731121,0.8932967537832144,0.9291179679746995,0.850459295098936,0.9595578389535804,0.9444674951746067,0.9354957453078974,0.8141693012543916,0.932241742150131,0.852581181539025,0.9291179679746995
p299_S,0.9762478172871528,0.7959497447008526,0.91067448228598,0.770882901186942,0.828568202379047,0.8689304945061069,0.9298224097567245,0.8534355143247583,0.4900947920332215,0.8616255760827234,0.7908102298540951,0.8723413800954836,0.7877749961293828,0.7304145128693742,0.9794874276596606,0.9674310688316464,0.886780343035958,0.8805682687764916,0.9587846477856068,0.8616255760827238,0.9980710243347379,0.834700964368323,0.8701003883997356,0.8591052725560666,0.8047912224780618,0.6122521848286563,0.806532577607483,0.6988970572698776,0.8616255760827236,0.753482948613458,0.6793777960866232,0.8702278981827851,0.7287632843716418,0.7358259207414195,0.8575783889907727,0.8893582784066543,0.8591052725560666,0.8011877477069624,0.8689304945061074,0.7570572912227624,0.9341969040861282,0.8345541328101036,0.9071879956687867,0.8217516009205622,0.860031087893133,0.7240222568357046,0.8352434350141631,0.689410549228217,0.8230786677459692,0.7225320083521889,0.8414864259682342,0.7193330669747782,0.634611858490976,0.7190645955953134,0.8795292423605283,0.7524940056416105,0.8175134374929018,0.7125274559321442,0.7272826222091626,0.8668703112866094,0.5909444248782448,0.8223465371897791,0.8287559736133525,0.9843446203121258,0.8479439783560869,0.6994567924471374,0.9375816512512278,0.8977617505866266,0.966795446787843,0.8546450937171783,0.7860823145909539,0.7570572912227624,0.9393503047271476,0.637176381355318,0.7125274559321442,0.8837882546885039,0.7857618044451697,0.8657472579041967,0.6791715060007745,0.8689304945061072,0.8157892392041288,0.8636104750923246,0.9195966234214435,0.7240505531402555,0.7125274559321442,0.7134837754282195,0.8591705443298994,0.9503972334475205,0.9974138518759134,0.7313974068186475,0.7125274559321442,0.6714613240065259,0.7367908232366314,0.7939158711795897,0.8564316290049038,0.8578054848636967,0.6634318493001601,0.8890603751539479,0.5675644345732884,0.5220474608423296,0.8175134374929018,0.8970738465904808,0.8233095582802454,0.7822275859569452,0.8095372827747374,0.8546450937171788,0.6771240158416001,0.6162886489001023,0.8353084506016181,0.6519399076913639,0.6125248397361569,0.8345541328101034,0.6132576322053964,0.7389948734136342,0.8352434350141631,0.6702932617208531,0.7959497447008523,0.8546450937171783,0.8689304945061072,0.5554507995108863,0.951300390339338,0.6475576377138879,0.7807978673500406,0.8429515897465398,0.7616769526263931,0.6021885725279597,0.8291911258056228,0.9492660674936821,0.8175818786954805,0.9318679907988416,0.4833638554380668,0.8352434350141633,0.8414864259682344,0.9454454968314663,0.8867803430359582,0.728608848499839,0.9228021180495238,0.8414864259682349,0.8414864259682342,0.7489933390883285,0.7101694398453525,0.8616255760827234,0.3272578182115663,0.626111429259314,0.6243202271434578,0.6211207226549071,0.7628203380709685,0.5034136420330425,0.8891000442691754,0.755223365801247,0.970677800646101,0.5909444248782432,0.5263402983012508,0.7497626137155449,0.8414864259682344,0.6487503200683808,0.7324133527967001,0.9436933890035103,0.7684157414340184,0.8939648655247463,0.6940382350023214,0.8661586408023221,0.8173554210508898,0.7090237500557872,0.906099744046555,0.7666034075409298,0.9910741961067726,0.9843446203121258,0.8277433989123961,0.8446430700438506,0.7911170953457263,0.81758187869548,0.7490236834984902,0.808125271110149,0.8133480559555941,0.8283311568213778,0.889358278406654,0.9166126878174718,0.840357184402363,0.8529575219347685,0.9312864649678405,0.6983854005653485,0.8608597253937624,0.9005301747508503,0.7702283202394953,0.5597023521582094,0.47266059769436586,0.8443237878158507,0.6680134735212258,0.7347413372441216,0.8943086219741141,0.9209602669566456,0.7013023780913863,0.683429757156347,0.6732001655277258,0.7125274559321442,0.8291911258056228,0.949185243349123,0.8241264977366005,0.8722471745209752,0.658741832811,0.9850965587169511,0.7125274559321442,0.8287686332965218,0.6335322569747999,0.8616255760827236,0.7125274559321442,0.7597019408520365,0.5959440894862591,0.5587322134548984,0.5345875298871334,0.7214207772025001,0.9021482626615813,0.7125274559321442,0.8142892738573128,0.7125274559321442,0.680927393030627,0.741801767408272,0.7677077796296105,0.7125274559321442,0.7959695959123523,0.7125274559321442,0.9556178371531978,0.7397453004675609,0.7093356001992306,0.8923309349134803,0.8352434350141635,0.7007029601186427,0.7215550284008235,0.7994594714670615,0.8102313844067466,0.7608020000032061,0.31154405814600894,0.8152550468042101,0.8414864259682346,0.9843446203121258,0.9363128571127168,0.9351180845222888,0.7577811531211516,0.8792568413151983,0.5770565726976626,0.8332818327503075,0.6629580894520666,0.9136232032133543,0.7125274559321442,0.8938953388604945,0.7125274559321442,0.576841128168634,0.7052177893356906,0.8735181677292321,0.9615459061074563,0.7007029601186427,0.8291911258056228,0.681983423750015,0.7807978673500402,0.707598008770649,0.815789239204129,0.4514840890520262,0.8352434350141633,0.626111429259314,0.7660299681869465,0.8500899563173647,0.7313974068186476,0.9523316440084558,0.8312589683693807,0.8689304945061074,0.7076393274807546,0.9018910722346307,0.7107959540321067,0.541870542312072,0.6086757254344235,0.9983548652267767,0.868407604734299,0.983251145084515,0.6770148778164744,0.8546450937171788,0.49689957050958855,0.7380641305900484,0.8404829480716067,0.9800599122358795,0.8546450937171788,0.7840904101405924,0.6451884830488002,0.8479439783560867,0.9117550006367761,0.7911170953457258,0.8352434350141635,0.7567003903971172,0.6006630116091731,0.8668703112866096,0.8352434350141633,0.8352434350141635,0.5622349238695326,0.8546450937171783,0.7490162030032393,0.5615240088805034,0.8785644137865678,0.7907287942478611,0.9587846477856068,0.8233095582802454,0.8230786677459689,0.8119936899116005,0.8414864259682344,0.5960685443503126,0.9554763866849186,0.8352434350141633,0.8908287006534702,0.8707004792949753,0.8270373986626351,0.9008800018959962,0.9121667780731153,0.9820425294458438,0.6521318998532943,0.44824675868514996,0.6009967154823828,0.8616255760827236,0.6452063630056544,0.8616255760827238,0.8933279220136663,0.9170318748923911,0.6850331639195135,0.9898194639549569,0.7125274559321442,0.7421009311387932,0.6957368772581862,0.7616769526263936,0.8546450937171788,0.8812313746286631,0.9021482626615813,0.7125274559321442,0.7807978673500404,0.9023626134564886,0.8689304945061072,0.7253289778598404,0.6672861014324423,0.8404829480716067,0.9696133930122255,0.785733247537677,0.6762186311876046,0.7807978673500406,0.6765356212692648,0.6582394136555667,0.9279890523786394,0.7358259207414197,0.7499687294925659,0.7701157176694009,0.748199947554818,0.8689304945061074,0.7070151351158598,0.7176639527923898,0.6645692345751766,0.8065325776074825,0.7313974068186475,0.7660973431344498,0.6475576377138876,0.5880683910129498,0.557654509575771,0.6370609252059534,0.7125274559321442,0.4453559041963052,0.867878354725345,0.7811175297355273,0.9064769995496262,0.9929714578327732,0.8179713149528313,0.7125274559321442,0.7125274559321442,0.9111071697769111,0.8205204480893007,0.6206717991576673,0.7125274559321442,0.8616255760827238,0.8813299315036964,0.770882901186942,0.9390594309188671,0.6709553821109606,0.8233095582802454,0.7962263634151276,0.8102313844067464,0.6892811245190857,0.6985393011272794,0.7125274559321442,0.8581137616733812,0.7856926766548296,0.6817757350485254,0.5975593108986343,0.7552363459677902,0.7330677989308518,0.8352434350141631,0.6087835306312328,0.7125274559321442,0.5702765576311504,0.7616769526263933,0.7286987829256661,0.9829121515677357,0.9913239936917141,0.6849246303456207,0.8011877477069624,0.7125274559321442,0.9358174202552716,0.5481058832761092,0.7125274559321442,0.9191964157571382,0.7512629133075921,0.7551667259673172,0.623976007245503,0.5835179659385932,0.7125274559321442,0.6473473385916082,0.7332194788403066,0.9145187709012392,0.8906942349403453,0.7381980399176397,0.8987809414741523,0.5167550039257913,0.6877403766656696,0.8352434350141631,0.9720724632697069,0.4503334155938933,0.893647360710627,0.5608654562905571,0.7070094556418427,0.8095372827747374,0.7060541100042217,0.8414864259682342,0.7616769526263938,0.7125274559321442,0.8546450937171783,0.9291588655783689,0.7643737946741919,0.9094416579454958,0.8334086066601551,0.748993339088329,0.8001663527680304,0.8591052725560668,0.748993339088329,0.7908102298540949,0.8233095582802457,0.7959497447008521,0.8929336213509766,0.6654088771168678,0.9587846477856066,0.4915530317921575,0.8475684917482702,0.9232690838916657,0.8230064437779532,0.8018098603345343,0.8102313844067464,0.8979763176038493,0.6920125201847047,0.7752541337254766,0.9776927105169413,0.8699234236373337,0.8227249161696064,0.6957368772581867,0.9898194639549569,0.7371821715947533,0.7503219445908045,0.7474721051277022,0.8404829480716067,0.7649167985578879,0.9094416579454958,0.6586095085141521,0.7067103875850631,0.6088744059203475,0.7561710024694954,0.8867803430359582,0.771947913281771,0.6832881480778257,0.9934590369335654,0.863610475092325,0.8237889715586779,0.6327026096897894,0.9157052766042657,0.7416371972691089,0.9329930561544777,0.7618803397014782,0.6442158653912555,0.8352434350141635,0.9819905218645231,0.8932311593488302,0.7906810650767824,0.965507663461877,0.9934978324750827,0.8511427521551098,0.7544270961227817,0.9145187709012392,0.7666034075409298,0.8332818327503082,0.806532577607483,0.937581651251228,0.8546450937171783,0.7391101518841836,0.6631697186960088,0.9698073602563059,0.81758187869548,0.9021482626615811,0.4485094850948511,0.783147776512662,0.7387300849644927,0.7274211963516037,0.7125274559321442,0.8479439783560871,0.7125274559321442,0.7125274559321442,0.5220474608423291,0.847335943869569,0.7762186091994818,0.7125274559321442,0.42620587250544717,0.4884422332479529,0.8981443581037944,0.5694050958840087,0.8581137616733809,0.6014540021244574,0.6654088771168678,0.9351180845222888,0.3970959392903902,0.8273015792581513,0.883788254688504,0.7858946626455752,0.6303392625589983,0.677014877816474,0.349287511432226,0.801415014601597,0.9899015998835283,0.8668703112866096,0.8237952501612824,0.8479439783560869,0.704107428973455,0.8352434350141631,0.8390836309924397,0.981518444137782,0.8800191241258823,0.7759124991561703,0.6668166628971478,0.734741337244122,0.5909444248782445,0.8002419992477862,0.9424307484859047,0.7937740955279329,0.7248465963233013,0.829191125805623,0.9254516283697425,0.5070783285286774,0.7330690250299026,0.8702278981827849,0.8877192415852715,0.9259748709642669,0.8589464562867483,0.9155128740641754,0.8175818786954805,0.7191099381554271,0.7645784044958566,0.8689304945061072,0.588871140115987,0.4648139236770009,0.9522167421840102,0.5423450528487703,0.8591705443298996,0.8715009104052138,0.8488293526280016,0.7125274559321442,0.8414864259682342,0.7370755954976769,0.9736191354376755,0.8377777245254421,0.8471944961311819,0.8313082711508408,0.74352340635701,0.5811922445635997,0.7994594714670618,0.5732490926618224,0.8475684917482702,0.4568319438539252,0.8407682485541628,0.684125850461742,0.748993339088329,0.9317569054629058,0.79968279063926,0.7807678564900742,0.7711003670094541,0.8221435120614138,0.7266999208210003,0.7706986707276344,0.8860368683354745,0.7176639527923898,0.5111493798437154,0.7402254244282318,0.9701338221012196,0.8616255760827238,0.8287845776060834,0.9787618595578422,0.7155012242515213,0.791303392890164,0.5702451914679199,0.7313974068186478,0.5157591006924729,0.6582394136555667,0.9071879956687867,0.9526706147480717,0.9174349186805676,0.8292797099010636,0.7475141384270301,0.8699234236373342,0.8782578189208581,0.7391101518841836,0.9552752262417246,0.7065352379130969,0.7595676018452889,0.9585258519723152,0.8414864259682342,0.9071879956687867,0.7125274559321442,0.8542914844089382,0.7580309454175878,0.7392038381676296,0.8206106328467511,0.7125274559321442,0.6289286327975836,0.6459863907937515,0.8362295614095867,0.8851357981137312,0.9411627810678587,0.6555137801212292,0.7195992579762307,0.7911049873404028,0.8120523900856049,0.9009649351639741,0.3033830548078611,0.905187561716676,0.8479439783560871,0.6615395619347428,0.8175134374929016,0.8352434350141635,0.7618803397014782,0.8689304945061072,0.918833472958356,0.8119936899116005,0.8689304945061074,0.7959497447008526,0.7524940056416105,0.8233095582802457,0.9670009065386435,0.8733868834605072,0.8676494287670125,0.9973706779505986,0.9940119759006414,0.5109228654782452,0.5835179659385932,0.7313974068186475,0.8414864259682344,0.7654793401073174,0.7313974068186475,0.7313974068186475,0.833417014753238,0.7125274559321442,0.9402788533216082,0.9517928218096832,0.7125274559321442,0.7711003670094545,0.9210375198337368,0.9717889828354407,0.8352434350141631,0.9190442477358797,0.9614098469412703,0.7313974068186475,0.553278702207171,0.5278540655720464,0.7060541100042215,0.6813054597680244,0.7125274559321442,0.7124652693986211,0.8352434350141633,0.8173554210508898,0.6437252327668879,0.7345464632063106,0.8546450937171781,0.829191125805623,0.9967380635022325,0.7996553732786702,0.9727447083742113,0.8233095582802461,0.9170318748923907,0.7261274002214413,0.8429515897465398,0.4823322094675777,0.8657472579041974,0.8893582784066547,0.8230786677459694,0.8352434350141631,0.6771240158416003,0.4504550968902109,0.7125274559321442,0.9103401181154223,0.8783215964654958,0.8616255760827236,0.7504847656589138,0.8065325776074825,0.7908102298540949,0.5582778711853693,0.748993339088329,0.5038214682654223,0.6405528479902627,0.7125274559321442,0.7125274559321442,0.7941448374300843,0.8145901125731471,0.6615395619347426,0.6392025881498689,0.5112461314061085,0.7381980399176395,0.6803517501402232,0.5936912558847276,0.8345541328101034,0.6124407934478747,0.7125274559321442,0.7717256567382476,0.8414864259682342,0.8689304945061074,0.6849246303456207,0.8546450937171788,0.6019152174029844,0.7125274559321442,0.7125274559321442,0.6912615485761345,0.8813299315036964,0.6502030663464268,0.8347009643683232,0.7639278354722157,0.9509128094947941,0.9316730110197919,0.7001742283648078,0.7281835618137733,0.7372173419947368,0.7125274559321442,0.7618803397014782,0.5529773572038267,0.8591052725560666,0.9587846477856068,0.8684430644863416,0.9232541619420682,0.9794874276596606,0.7713817426646417,0.8118391131890511,0.7591035902037664,0.7125274559321442,0.46978815030266896,0.7713817426646417,0.6980531769232247,0.6445985930575995,0.758030945417588,0.897743522854622,0.7052005058920747,0.5460730132041616,0.8524694551907273,0.5707120781283621,0.5701247525702839,0.9937773636072582,0.8616255760827236,0.9863067689076508,0.7464102268025752,0.5364742928347161,0.8414864259682342,0.7313974068186475,0.5333302381435933,0.9692254451459146,0.7429928229128819,0.9659470576994915,0.9397819996804955,0.7052177893356906,0.9397819996804954,0.9837029979941456,0.712835534919908,0.6857255782629476,0.5266411125606443,0.7705478291555957,0.8616255760827236,0.8591705443298996,0.8716640760927586,0.4814287606758465,0.7548771159228311,0.7313974068186491,0.9874282669532246,0.5128770429668639,0.8291911258056228,0.5678640206355761,0.9391284211532483,0.0,0.1120657401644316,0.7125274559321442,0.6874088678918231,0.9736191354376756,0.6335322569747995,0.8616255760827234,0.9027516197837719,0.6738389844933244,0.7045944260264321,0.7125274559321442,0.4223898363475437,0.5888711401159867,0.8867380021130424,0.5680771053164895,0.6371763813553178,0.5744575431412953,0.8414864259682342,0.3774394718728866,0.8846507026803797,0.7819857594604882,0.7889531134754381,0.7759124991561703,0.7065559994529322,0.8689304945061072,0.8465534160888444,0.8233095582802454,0.6794099284497401,0.801071542238234,0.41658085157570013,0.9522167421840104,0.6191033178864491,0.910340118115422,0.7313974068186475,0.4636947331759188,0.8099056387833823,0.9005120566668772,0.7191099381554269,0.7612697947366924,0.7125274559321442,0.5511412862608125,0.8192615958757912,0.7304145128693742,0.7125274559321442,0.6079650388491074,0.8795292423605283,0.8546450937171788,0.847335943869569,0.7032086121632806,0.8265997112713483,0.9029279424388115,0.6424222490680589,0.7524940056416105,0.9980612036265831,0.8230064437779532,0.6278942004205426,0.7125274559321442,0.961545906107456,0.7125274559321442,0.8546450937171786,0.6545936587210415,0.5139092923498434,0.8689304945061074,0.8487983970512425,0.8642565839457539,0.7052005058920745,0.8315854836632939,0.7125274559321442,0.858161170141717,0.5876385847062202,0.5750652963839076,0.8637198773190109,0.6903816734292395,0.8414864259682344,0.5963046457967369,0.8577113895861324,0.813432671953276,0.538149333700745,0.5487840520893295,0.813432671953276,0.7304145128693742,0.8414864259682344,0.8785644137865676,0.813432671953276,0.8689304945061074,0.9852736892495901,0.8716674066899388,0.6167567342375304,0.8175818786954805,0.8167213721387956,0.7942278940301719,0.6268467450404059,0.7618803397014786,0.9642882776433008,0.6072091479633015,0.9128358261612047,0.9005301747508505,0.834700964368323,0.6050468760337203,0.7304145128693744,0.963092896683376,0.8377958609089589,0.7938040254151816,0.998061203626583,0.8010715422382337,0.8291911258056228,0.8352434350141631,0.7484678389240632,0.9379812402695469,0.8462481447215907,0.747983740361954,0.7062500427917642,0.8414864259682342,0.8479439783560871,0.9280753194087669,0.6037716513387414,0.7199612133351285,0.8619311315046857,0.7806467270291257,0.9770907745521813,0.8287845776060832,0.6913984184931632,0.8233095582802461,0.7171069471718723,0.9472375383900391,0.6970671812382698,0.5378551071562838,0.7955454978745764,0.9145187709012395,0.7371821715947535,0.9162227894388776,0.634611858490976,0.8600310878931332,0.7645784044958575,0.8673332824514652,0.9397038546308728,0.7381061034062262,0.7908102298540949,0.9565140302239649,0.8739594680062142,0.746358611427203,0.8420501510135121,0.8661586408023223,0.8291911258056228,0.6051888411096147,0.5899735458269857,0.8352434350141631,0.8785628474671996,0.7036025842757822,0.8817035585320001,0.8394320005991052,0.8668703112866096,0.674171011210996,0.8173554210508891,0.9522167421840102,0.8661586408023219,0.5487374545657362,0.7711003670094543,0.8479439783560871,0.47395761816639626,0.8800191241258823,0.829191125805623,0.8616255760827234,0.7518247444971475,0.8546450937171788,0.8536542197086685,0.8479439783560871
p299_T,0.9913155469407555,0.7951769278691903,0.8570392759768356,0.7557960696422168,0.8015241762228431,0.852388277575679,0.8934169164588499,0.8008423249799337,0.5503641585625489,0.8441614090406864,0.7644084932766946,0.8192285697831143,0.764055362404793,0.6963902629677239,0.9518000497488424,0.9730444062228253,0.8868264176594562,0.9182895377085165,0.9721863819825464,0.8797355977355369,0.940374176463707,0.8066165921217558,0.8398063016785029,0.8369085204378071,0.8000940563049387,0.6557054307329719,0.7821151507000712,0.6921790527975362,0.8441614090406868,0.8260801657096752,0.7247272866765053,0.8336974907151964,0.7638968314113947,0.7831343870542888,0.8015241762228433,0.9042431527295784,0.8369085204378068,0.7760957524830113,0.852388277575679,0.7263956130916429,0.9003150628912607,0.8036092338038383,0.9978508638114467,0.8159291396458443,0.8868264176594565,0.6647256790629092,0.8144495911033482,0.7306481098961588,0.7910065895958047,0.7215755028506647,0.8214805068326568,0.6613027145715251,0.6775874396476007,0.755178317615202,0.8527636551672768,0.7212563975127791,0.7848868336667588,0.7447432793600621,0.8304677997236736,0.8419698115525005,0.5964713353322015,0.8366843834768358,0.7972443464013121,0.9330326773513427,0.8287530636873147,0.7457589269879947,0.9782177806745419,0.9336350672673825,0.950870772784684,0.836299923476611,0.7502361868058098,0.7263956130916434,0.9145713394632464,0.6708905890710994,0.7447432793600621,0.9643795206953562,0.8305634338754775,0.8377446582222245,0.7265650472250682,0.8523882775756793,0.7888538815918712,0.8553783524312186,0.9591630984758357,0.7651154753061156,0.7447432793600621,0.6773227055966522,0.8784571173829215,0.8794971098994029,0.9638988487452405,0.7364687587156324,0.7447432793600621,0.6229363753254479,0.6938023875186605,0.8192949037146104,0.8561370740513061,0.8954456618820578,0.6293972107953899,0.8336922975960696,0.594342958438062,0.5878957020675419,0.8060969790514187,0.8749591333149652,0.8010095457376825,0.9030678460760537,0.9446869483354496,0.836299923476612,0.6363739988834406,0.6672949273770792,0.8476940876106118,0.6966199092026566,0.5715140977007723,0.8036092338038382,0.6466175008868296,0.6980902940626009,0.8447043622091568,0.7154465505952377,0.7951769278691905,0.8362999234766118,0.8523882775756787,0.5837955242710029,0.9608220166428136,0.5962580236111372,0.7766132658993086,0.8078064705102512,0.7315983196574265,0.6629226584437731,0.8076334229675868,0.9708691857785818,0.822145582257799,0.9253379334058671,0.531269944563209,0.8447043622091567,0.8214805068326567,0.9647089215353348,0.8606486009196102,0.6810985619359261,0.947632505680541,0.8214805068326572,0.8214805068326567,0.7821000584343007,0.7391086410807837,0.8441614090406863,0.38151115686228976,0.5965714894301928,0.589848003041468,0.6395738686675703,0.7757634285541171,0.530306182246544,0.8556175660999659,0.6891598856094425,0.9508839751252368,0.6307635017006326,0.4893508291386375,0.8161083315692106,0.8214805068326572,0.6921055983709041,0.8751694113235278,0.9890013587499962,0.7929238329644324,0.8374013084826174,0.7371042735786117,0.8447043622091563,0.8101114348470417,0.7676350921652655,0.8553371505827156,0.7286953991195018,0.9473008325471091,0.9330326773513427,0.8141796477901989,0.8490659365839182,0.7557960696422168,0.7945589785686391,0.7909102586400478,0.8995945793368099,0.8790295722470538,0.7839227118226597,0.9042431527295784,0.8014184739932164,0.8606986135686321,0.8992279242294068,0.9511236486934622,0.7466917372230404,0.8485172698207379,0.9019883808505957,0.6577938601258426,0.654134183409881,0.5027739511679066,0.7971334979312718,0.7052177893356901,0.9218921360822357,0.8956741158401007,0.9382922706277477,0.6289201972129765,0.7248615029243521,0.8377079195886757,0.7447432793600621,0.836908520437807,0.9225262679839007,0.8789659066834676,0.8417113792157948,0.6903617827638127,0.9847481919180774,0.7447432793600621,0.7789502393759141,0.6882378397077145,0.8441614090406866,0.7447432793600621,0.6847924327334022,0.6480775290379788,0.61128808573724,0.5640908416232808,0.6785691774740592,0.87731878963612,0.7447432793600621,0.8919188083902516,0.7447432793600621,0.7224803641824866,0.6774498847559077,0.6882521647283992,0.7447432793600621,0.8791091811518512,0.7447432793600621,0.8934169164588499,0.7929526088469951,0.6726509912405059,0.8309307226269786,0.8144495911033475,0.7392940528449232,0.7552479062905006,0.7937184145473293,0.7826697503680343,0.7348314204833806,0.2740156610398907,0.7966379936081207,0.8214805068326567,0.8543028286581237,0.7921196724236703,0.9032901469579643,0.7424426332031766,0.9068539064480079,0.6111094751222597,0.8082929674399175,0.626400934220072,0.9163608191533001,0.7447432793600621,0.8959092590624398,0.7447432793600621,0.6609514767461135,0.8528537430998209,0.915522871137788,0.9251767784811904,0.7271142831189769,0.836908520437807,0.6962938006594559,0.7531324754936788,0.6745580525714547,0.8377446582222251,0.50716595629083,0.8144495911033481,0.6107351335751452,0.8368827447717329,0.8681598651015605,0.7364687587156324,0.9432129412342418,0.7976192746103843,0.852388277575679,0.74848044687407,0.9840298937351188,0.7292065718671006,0.6039449135821788,0.5527962924881556,0.9590873097887043,0.856914174868378,0.989787967076966,0.6029983819539708,0.836299923476612,0.5322476439418946,0.7694706901820927,0.8101114348470418,0.9465744746035618,0.836299923476612,0.7985185013952893,0.6985661064834812,0.8613293486985207,0.8776732479188004,0.7755980052003808,0.8144495911033474,0.911245526154736,0.6466175008868298,0.8419698115525006,0.8144495911033482,0.8447043622091562,0.6029837765595489,0.8362999234766109,0.796512061547261,0.5784894991813179,0.8223298531781496,0.8584449148271238,0.9598703887644857,0.8010095457376825,0.8125435817638582,0.7882655072649013,0.8214805068326573,0.64481046026923,0.9436698309710323,0.8144495911033476,0.9290125122194963,0.7108605220905351,0.7483311773018227,0.8741200856167297,0.9434351325043069,0.9348367896396939,0.5896080597874737,0.49329869133882287,0.5726512283352709,0.8797355977355368,0.6852956758026185,0.8441614090406866,0.8730430153058641,0.9438219603637266,0.6628843357517753,0.9737670111559906,0.7447432793600621,0.7710025811784422,0.8196232327997999,0.7315983196574264,0.836299923476612,0.9264819187209332,0.8773187896361201,0.7447432793600621,0.753132475493679,0.9258987741380018,0.9272687068821159,0.6853047791508489,0.633854041344474,0.8327448936391303,0.978217780674542,0.812168461014739,0.5953149481356003,0.7766132658993089,0.7127848962885515,0.5968441419481776,0.935468675526583,0.7449318762054173,0.671067065981316,0.7801585817549581,0.7817046796531653,0.8898284922288976,0.7239154032560937,0.7202329719103766,0.7004365397615417,0.7821151507000712,0.7640553624047928,0.78935226069617,0.7319011213513444,0.6219663718654473,0.6038560223039855,0.5642392579083464,0.7447432793600621,0.4655460415431958,0.8661930582889743,0.8027244825014282,0.9039671288274389,0.9864581638200874,0.8621169227361445,0.7447432793600621,0.7447432793600621,0.8986915504360736,0.7918446948921125,0.5700014704559373,0.7447432793600621,0.8797355977355368,0.8577904426004646,0.9340134896656946,0.8875927269768694,0.7126536151854728,0.8293999941690735,0.7614347088873253,0.8305634338754777,0.6225200670722852,0.7422529539172049,0.7447432793600621,0.8149043851464107,0.7660583377054997,0.7423302159263263,0.6341620616123917,0.7614347088873262,0.812321994943963,0.8144495911033481,0.6483864961444838,0.7447432793600621,0.5244004666931679,0.7972443464013117,0.7932683635325462,0.9801392779301996,0.9874408947408724,0.6303546538694031,0.7760957524830121,0.7447432793600621,0.7662716801187555,0.4611937400067033,0.7447432793600621,0.9218921360822357,0.7885058516678474,0.7052425662402256,0.5620279560857127,0.6325279970796263,0.7447432793600621,0.7437920000951088,0.7994457408501776,0.9264819187209331,0.86995248668306,0.6986503183108597,0.8967114074414599,0.5741439823104502,0.6571016822611812,0.8144495911033482,0.9436698309710323,0.4748955306620024,0.8628502452440897,0.5660278066467035,0.6627755013907151,0.7613186422394862,0.7454027141409307,0.8214805068326567,0.7534803285720546,0.7447432793600621,0.8702715381030949,0.8967608157127986,0.8034722372347591,0.9178014586260066,0.9878767438551802,0.782100058434301,0.8971082640174377,0.8954587153782474,0.7552479062905011,0.7644084932766945,0.8010095457376826,0.7951769278691909,0.8331393245925506,0.6569131776520434,0.9938420033909696,0.5420224580551962,0.8712450814005115,0.8800796383139813,0.7937184145473295,0.8468298109010015,0.8066165921217555,0.8797355977355367,0.7307150057264551,0.7855863992625305,0.9868921235889054,0.8849346366434543,0.8581276233261363,0.685756170146736,0.9959782177382005,0.7393342273348132,0.9003150628912608,0.8015498554037683,0.8101114348470416,0.8215852141980415,0.8933560703108296,0.6434288096655054,0.7597741283376787,0.5634736087034036,0.7465849053027862,0.9130042343993026,0.7233764058130765,0.6494714043573145,0.9867787681016487,0.8780118112233068,0.8145345448376928,0.5593669948532103,0.8866354348525787,0.8434301657293282,0.9232787288074836,0.7789176352683836,0.6069776539211074,0.8447043622091568,0.9534738258017303,0.8167488464980794,0.7528708466735814,0.9688144792684112,0.9938420033909696,0.9062221440810666,0.7996098030677952,0.9264819187209333,0.9341915613424877,0.8344707841797638,0.7821151507000714,0.978217780674542,0.8702715381030954,0.7265079934992513,0.6059815030367703,0.9848431544833232,0.7945589785686391,0.8773187896361203,0.38796338823247334,0.7920121967751401,0.7728619647225428,0.6957169984448563,0.7447432793600621,0.828753063687315,0.7447432793600621,0.7447432793600621,0.5629584950080093,0.8836663755344538,0.7584354827592485,0.7447432793600621,0.40044341144858564,0.5569832658812217,0.8883698794901486,0.5562241574310547,0.8001448938150362,0.6457569429380776,0.6569131776520436,0.9628427903889716,0.4276662444483088,0.8016517200444339,0.8582964223035048,0.780331516178211,0.6616310599802224,0.5908186122280248,0.4102966942402855,0.7671572320047508,0.9683445719027706,0.8956741158401007,0.8754759886123269,0.8613293486985208,0.6731190888617385,0.8144495911033482,0.8079187445433225,0.9981913261515315,0.9370904321835704,0.7476305274161553,0.7122389487355714,0.701263173689234,0.6307635017006332,0.8145345448376928,0.8107813103838797,0.8224931556269461,0.7383934145575268,0.8076334229675872,0.8829390845853918,0.5237085490336664,0.6952852690349788,0.8336974907151964,0.9513216473013404,0.9561066819014663,0.9508707727846839,0.8606745924445716,0.8497321859469595,0.6936146948477109,0.7317588282505751,0.8898284922288976,0.4979882575096011,0.4896866850934387,0.9032901469579648,0.5864368775167355,0.8305634338754778,0.8611847291714518,0.8531792049415381,0.7447432793600621,0.8214805068326567,0.7669049299695301,0.9718668668111894,0.7836408691984905,0.8820744650798582,0.8358043627219005,0.7523640331354811,0.6176651071395516,0.8398063016785029,0.6211332637892071,0.871245081400511,0.49694912568419214,0.9110808231677554,0.7177634584488488,0.7552479062905011,0.9549875254129641,0.7700281250746963,0.7419495813526649,0.764844517262865,0.7499012108313201,0.6031558028021535,0.6783733942626671,0.9174323513735079,0.7011317164859409,0.5321352619604001,0.6881725572451294,0.9907280437849997,0.879735597735537,0.8235748467105688,0.9832840077889076,0.6517111942675293,0.7955089620726417,0.6344175237006924,0.7640553624047928,0.5438157748379948,0.5968441419481776,0.8898284922288977,0.9208305924833139,0.8527479267327545,0.809531952481278,0.7100139298265037,0.907181503040076,0.9704027605784993,0.7061833742465016,0.9650980396387614,0.7325298332953796,0.7955745170501207,0.9600786007036017,0.8214805068326567,0.9272687068821162,0.7447432793600621,0.8730430153058643,0.694116018527885,0.671268629908212,0.7833997721456938,0.7447432793600621,0.6669488333480742,0.5885468724374383,0.8365164999112231,0.9273729614271558,0.8930433328221657,0.622936375325448,0.7423108749123344,0.7344478301678521,0.7788768592752162,0.8548540027728915,0.34203597083586,0.8511190710752928,0.828753063687315,0.635556021651837,0.7848868336667587,0.8447043622091563,0.7234655543948056,0.8523882775756786,0.9251767784811906,0.7882655072649013,0.8523882775756788,0.7701966637294341,0.7424665428974391,0.8010095457376825,0.9190102084397118,0.8167189601640741,0.857955544885034,0.9713522363260285,0.9539149903410244,0.44532910187313945,0.6079630707004193,0.7640553624047928,0.8528279616010342,0.7990397814623895,0.7640553624047928,0.7364687587156324,0.8404381533275973,0.7447432793600621,0.9391820511391488,0.9831770729368488,0.7447432793600621,0.7422110584707766,0.8976531480102108,0.9258987741380018,0.8144495911033482,0.9106366562230355,0.9581657972706525,0.7640553624047928,0.45814025812401504,0.5837955242710029,0.7223587705753438,0.7051022101957458,0.7447432793600621,0.6709602650815962,0.8144495911033477,0.7874779760549534,0.5739210803151864,0.693151765471715,0.8362999234766112,0.8369085204378071,0.9885788300443916,0.797401662226243,0.9644595891443488,0.8010095457376821,0.9623059873215858,0.711120112915449,0.9889473369622508,0.5246507101043552,0.8621900465374017,0.9382147673560626,0.7910065895958045,0.844704362209157,0.6709602650815959,0.4784789787541217,0.7447432793600621,0.8861808910318554,0.8501316426509463,0.8797355977355369,0.698202366694985,0.7821151507000712,0.764408493276695,0.6075959796989336,0.782100058434301,0.45069822982215924,0.6856514530630613,0.7447432793600621,0.7447432793600621,0.8243533573240673,0.8968351351962829,0.6690227873151029,0.5965007144619192,0.5358422689304816,0.6738098888153785,0.6178986378717386,0.631567145974665,0.8036092338038384,0.6300037319673055,0.7447432793600621,0.9232770309334528,0.8214805068326567,0.852388277575679,0.6049755604097,0.836299923476612,0.5194457152305485,0.7447432793600621,0.7447432793600621,0.7408311164076486,0.8577904426004644,0.7086617372635224,0.8305634338754779,0.695567127567113,0.9003150628912607,0.9076233138548377,0.8185210267410559,0.7679211063150975,0.6793878599767911,0.7447432793600621,0.7234655543948056,0.6188052385253631,0.8369085204378068,0.9938420033909696,0.8537637392043276,0.9369703174365863,0.9518000497488425,0.7339838114043491,0.7825152124493326,0.7054759738626427,0.7447432793600621,0.5070782356613757,0.7339838114043489,0.7234323708177952,0.6295451221194943,0.8462848361996942,0.9050599024537369,0.7432971359817602,0.494076042492259,0.8780603712118291,0.6473518640034199,0.6089529081650815,0.9915376846188413,0.8797355977355371,0.9867787681016487,0.7869974842207443,0.5680506943717865,0.8214805068326567,0.7640553624047928,0.5781758539299944,0.9545679967440368,0.704981527436946,0.9759512959616667,0.960410649158228,0.8713377700576802,0.8855302198517909,0.9978508638114467,0.6690227873151029,0.7141577586052059,0.574062800912067,0.8015241762228433,0.8441614090406868,0.8545102756291998,0.8820744650798582,0.5462405446064282,0.7894527989728173,0.764055362404793,0.9605914217173239,0.5619153946942352,0.807633422967587,0.6287716868939937,0.9449365890187038,0.1120657401644316,0.0,0.7447432793600621,0.6541500954122995,0.9997426847574196,0.6760299519688351,0.8441614090406864,0.9148435657869483,0.714585930519104,0.6503780208392829,0.7447432793600621,0.4981028608795892,0.5103023146286408,0.8730201420637214,0.6153996299195379,0.7086934398579587,0.6547849470055133,0.8214805068326567,0.4319365563615125,0.927371853497277,0.8247386009432136,0.7287839170609913,0.7706744709817419,0.6323105615014472,0.8523882775756791,0.8167623581129156,0.8010095457376821,0.8289486330705731,0.8125435817638583,0.44743463863921873,0.9126426418940725,0.5423796105569845,0.8861808910318554,0.7640553624047928,0.4914357796272273,0.7563642086403876,0.8493105614678687,0.6327202934994416,0.6732797893754039,0.7447432793600621,0.5716796429021926,0.7529609146119918,0.6963902629677241,0.7447432793600621,0.659826137938027,0.8527636551672773,0.836299923476612,0.8836663755344538,0.7364687587156324,0.7645285502015192,0.8526435109646312,0.6134203276265618,0.7424665428974391,0.9928321264349285,0.8167623581129166,0.5522161717718461,0.7447432793600621,0.9669767553971834,0.7447432793600621,0.8362999234766118,0.614639411719236,0.5386951638821991,0.852388277575679,0.8141796477901988,0.827043622577819,0.7262932040245778,0.8152018763167094,0.7447432793600621,0.9530646644243317,0.6007919156393406,0.6397158531178447,0.8687803282685009,0.7404976638272744,0.8214805068326573,0.643428809665505,0.8216062440854175,0.6548161142115378,0.540186920465076,0.47756547702749585,0.6548161142115378,0.7161921985258882,0.8214805068326573,0.8223298531781496,0.6548161142115378,0.852388277575679,0.9723004177183402,0.8996156023302124,0.5811865683066699,0.8221455822577993,0.8416634224847804,0.764844517262865,0.6903617827638118,0.723465554394806,0.9780699630720244,0.6414111335174812,0.9290125122194963,0.9295749845397565,0.806616592121756,0.5615847844300255,0.6963902629677241,0.9133653686763864,0.7866932553584718,0.8076374200241585,0.954831855549512,0.7694695974277508,0.807633422967587,0.8144495911033482,0.8043572309426221,0.9638988487452407,0.8658233369388446,0.7370768823592233,0.7471278650947486,0.8214805068326567,0.828753063687315,0.9515353068929835,0.6500850252022474,0.8379069565169963,0.8693884479417753,0.9297541860267501,0.9552005373957111,0.8000940563049388,0.7371358311285778,0.8010095457376821,0.7429336012506385,0.9148346991076497,0.6588341812401435,0.549370802711669,0.8507516726014506,0.8939056337097271,0.7393342273348128,0.967300791319305,0.6557054307329719,0.8606486009196102,0.7523640331354811,0.9851732864984524,0.8652100330616368,0.7815632539331632,0.7644084932766946,0.8811786851049563,0.8773187896361201,0.7216840108784528,0.9169241261168009,0.8447043622091563,0.8076334229675868,0.61128808573724,0.6359234639008804,0.8447043622091568,0.861431709636058,0.7526289843662575,0.9708106293365717,0.8151176594087011,0.8419698115525007,0.6782509769906935,0.8101114348470418,0.9032901469579644,0.844704362209157,0.6036040587631597,0.7422110584707764,0.828753063687315,0.5087767193865373,0.8925966993903264,0.807633422967587,0.8441614090406864,0.7707408536012255,0.8362999234766119,0.9008915532120385,0.828753063687315
p300_T,0.7524297972473161,0.9413411539914585,0.8918007079504506,0.9225015741707872,0.9492063492063487,0.9623211158059548,0.7050163519970581,0.7509151724713103,0.9038142386822647,0.960221152322577,0.9398636845831869,0.9475597985845114,0.9475597985845114,0.9225015741707872,0.9106019687464653,0.5567710364845595,0.944383427890573,0.9314886672615048,0.9582144552981327,0.960221152322577,0.8875255844205965,0.938412400887346,0.935580996038617,0.9508971383859763,0.9369854052620163,0.9314886672615046,0.944383427890573,0.916441965519317,0.960221152322577,0.7739436107925906,0.9250013316406693,0.9544316996038,0.9428469360414609,0.9188361382271659,0.9492063492063489,0.9582144552981327,0.9508971383859763,0.9428469360414602,0.9623211158059548,0.930160641445072,0.8993922310882436,0.932833950574053,0.9623211158059548,0.912915131908919,0.9443834278905732,0.8474513194974065,0.9526370111116405,0.9004911494084333,0.930160641445072,0.8918007079504506,0.9544316996038,0.8495864161552136,0.9314886672615046,0.13408370177867746,0.9428469360414604,0.9288488221297497,0.9288488221297497,0.0,0.7383793872014479,0.9459533477380775,0.9060540201833016,0.831146423199498,0.931488667261505,0.8993922310882436,0.9562880686171875,0.8244397822834253,0.9544316996038,0.6473831763250288,0.7698078233874499,0.9582144552981327,0.92126914699118,0.9301606414450723,0.9492063492063487,0.8266892096935958,0.0,0.8864622842804517,0.938412400887346,0.9398636845831867,0.8233095582802461,0.9623211158059548,0.9398636845831869,0.9341976401680094,0.31108550994831163,0.9314886672615048,0.0,0.9176344520056336,0.938412400887346,0.8046479448175341,0.8939536575643376,0.03139863267861631,0.0,0.8918007079504506,0.831146423199498,0.8548949080074899,0.31108550994831163,0.48955645159511163,0.8896584524348263,0.8875255844205965,0.8198957816506434,0.8187498553347687,0.9288488221297497,0.9526370111116405,0.9492063492063489,0.8580633769736241,0.6072669396673074,0.9582144552981327,0.907182019415572,0.7973204052495684,0.9369854052620166,0.8289245259008584,0.8759110188590657,0.9328339505740528,0.8070467719220202,0.9094556823349389,0.9526370111116405,0.7833099084134079,0.9413411539914585,0.9582144552981327,0.9623211158059548,0.8580633769736241,0.9129151319089193,0.885400876353422,0.9369854052620166,0.9250013316406696,0.931488667261505,0.7554264789789613,0.9508971383859763,0.6339927913026551,0.9475597985845114,0.9152582079543838,0.8727631680356085,0.9526370111116405,0.9544316996038,0.9623211158059548,0.944383427890573,0.8453085223330421,0.879064442044788,0.9544316996038003,0.9544316996038,0.06018876900101988,0.8046479448175343,0.960221152322577,0.8244397822834253,0.8717146038820363,0.8875255844205967,0.9106019687464659,0.892875760974867,0.8420784215528956,0.9301606414450723,0.7583810530554915,0.9602211523225768,0.9060540201833014,0.8559522762859688,0.8811713725919912,0.9544316996038,0.9301606414450725,0.8950345750758599,0.9140827360776209,0.8938851835250172,0.5567710364845593,0.7367566674079002,0.9526370111116407,0.9341976401680094,0.7431708752992887,0.8972062142375332,0.9164419655193166,0.8612222667022558,0.8993922310882436,0.9262700211315917,0.8453085223330423,0.9225015741707872,0.9475597985845114,0.9288488221297495,0.6783615558233287,0.8538362113124116,0.8780124908814328,0.9582144552981327,0.6072669396673073,0.9200475251844384,0.5526275082095409,0.9117550006367756,0.8885909234541711,0.9288488221297497,0.9475597985845114,0.6394614409405057,0.8538362113124116,0.8580633769736241,0.9015943008452869,0.13408370177867734,0.9237454173815312,0.9459533477380775,0.903814238682265,0.8221755430097122,0.7897778653703145,0.9060540201833014,0.0,0.9508971383859763,0.9459533477380777,0.4895564515951115,0.8355526955775656,0.8918007079504506,0.9475597985845114,0.0,0.8685695845092951,0.7897778653703145,0.960221152322577,0.0,0.6951973979147161,0.9152582079543841,0.8864622842804517,0.6447787703816181,0.9049315186013059,0.9475597985845114,0.0,0.6473831763250286,0.0,0.8117838598171898,0.8388272306091986,0.8355526955775657,0.0,0.6339927913026551,0.0,0.7050163519970583,0.9071820194155717,0.9164419655193166,0.8759110188590655,0.9526370111116407,0.7711949776746383,0.06018876900101888,0.935580996038617,0.9384124008873462,0.9060540201833014,0.7554264789789611,0.9188361382271666,0.9544316996038,0.4951319232791844,0.8907283270583697,0.9027019168030599,0.897206214237533,0.9152582079543838,0.9152582079543838,0.944383427890573,0.885400876353422,0.9459533477380777,0.0,0.9027019168030597,0.0,0.7334713952978886,0.9152582079543841,0.9544316996038,0.9275522446953854,0.7711949776746383,0.9508971383859763,0.9140827360776205,0.9369854052620161,0.892875760974867,0.9398636845831869,0.8612222667022562,0.9526370111116405,0.8717146038820363,0.8717146038820349,0.8442340263447974,0.03139863267861631,0.9562880686171873,0.8289245259008584,0.9623211158059548,0.8333555867103808,0.8333555867103808,0.24376003609304187,0.8706662210952574,0.8748612665230131,0.9544316996038003,0.848519788337875,0.7973204052495684,0.7780046509581313,0.9582144552981327,0.8289245259008584,0.9140827360776214,0.9341976401680094,0.9015943008452874,0.9582144552981327,0.8517144868263773,0.8141237078825918,0.9562880686171873,0.8982973238138026,0.9225015741707867,0.9526370111116407,0.9188361382271666,0.8070467719220202,0.9459533477380775,0.9526370111116405,0.9526370111116407,0.7985559379258667,0.9582144552981327,0.7985559379258667,0.6499526646778642,0.885400876353422,0.8442340263447972,0.9582144552981327,0.9492063492063487,0.930160641445072,0.9459533477380777,0.9544316996038003,0.8022278398026612,0.8982973238138026,0.9526370111116405,0.9301606414450723,0.9164419655193172,0.7250134267509765,0.9094556823349389,0.8843412180810755,0.6848496741376313,0.7923174570100686,0.6911250629978627,0.8727631680356077,0.9602211523225768,0.903814238682265,0.9602211523225768,0.9188361382271668,0.9152582079543841,0.9094556823349389,0.9526370111116405,0.0,0.9544316996038,0.9027019168030597,0.931488667261505,0.9582144552981327,0.9562880686171873,0.9475597985845114,0.0,0.9369854052620163,0.9582144552981327,0.9623211158059548,0.9106019687464655,0.823309558280246,0.9341976401680094,0.9544316996038003,0.8333555867103808,0.8289245259008584,0.9369854052620166,0.9428469360414611,0.8409971458279799,0.9526370111116405,0.9188361382271659,0.8117838598171898,0.9413411539914587,0.9106019687464657,0.9623211158059548,0.7655931084723666,0.9188361382271666,0.7780046509581313,0.944383427890573,0.03139863267861631,0.92126914699118,0.885400876353422,0.8070467719220202,0.8082384637825222,0.8187498553347687,0.0,0.8538362113124116,0.9176344520056336,0.9200475251844387,0.9176344520056336,0.9602211523225768,0.8453085223330421,0.0,0.0,0.930160641445072,0.903814238682265,0.8591172857456586,0.0,0.9602211523225768,0.9492063492063489,0.922501574170787,0.8972062142375332,0.7897778653703145,0.9492063492063489,0.9237454173815309,0.938412400887346,0.8322525541058978,0.9634411459729271,0.0,0.8811713725919912,0.9164419655193168,0.7766590274917047,0.9952327064015152,0.9237454173815312,0.8704033497109469,0.9526370111116405,0.7960789049353036,0.0,0.7973204052495684,0.9314886672615053,0.8591172857456586,0.8300371089395653,0.9508971383859763,0.831146423199498,0.9428469360414606,0.0,0.8961186971729789,0.7399891659895361,0.0,0.9237454173815309,0.7948313236856197,0.8420784215528956,0.8152867967569688,0.8022278398026612,0.0,0.7698078233874488,0.8559522762859684,0.9562880686171873,0.6574604645689301,0.7250134267509767,0.907182019415572,0.908315805590151,0.8961186971729789,0.9526370111116405,0.8982973238138026,0.8864622842804517,0.935580996038617,0.8527760996057683,0.8738120195914167,0.8706662210952574,0.21151139151266862,0.9544316996038,0.9314886672615055,0.0,0.9582144552981327,0.9015943008452869,0.8129560940834346,0.9398636845831869,0.9275522446953854,0.06018876900102055,0.7478523304650295,0.9508971383859763,0.06018876900102055,0.9398636845831869,0.9492063492063489,0.9413411539914582,0.879064442044788,0.903814238682265,0.9582144552981327,0.8463809254714867,0.9602211523225768,0.9413411539914582,0.935580996038617,0.801009545737682,0.938412400887346,0.9602211523225768,0.7997856146881548,0.9164419655193166,0.5305546844946969,0.24376003609304187,0.938412400887346,0.9027019168030597,0.9526370111116405,0.9188361382271666,0.8993922310882436,0.8769613888066743,0.9341976401680094,0.8993922310882436,0.9398636845831869,0.9250013316406693,0.6827113291147924,0.7725735218970409,0.9049315186013058,0.9443834278905732,0.8141237078825918,0.8907283270583697,0.9225015741707872,0.9341976401680094,0.21151139151266984,0.8175997772209664,0.9398636845831869,0.8517144868263774,0.9341976401680094,0.9152582079543841,0.7539334992316542,0.9526370111116405,0.8453085223330421,0.7143607147557585,0.9176344520056336,0.8993922310882432,0.9582144552981327,0.7301312695908229,0.8918007079504506,0.9562880686171875,0.9164419655193166,0.944383427890573,0.944383427890573,0.9544316996038003,0.9582144552981327,0.9250013316406696,0.8255663034700989,0.9129151319089186,0.9475597985845114,0.9475597985845114,0.7125274559321444,0.9071820194155717,0.08671734220308636,0.8717146038820361,0.0,0.9562880686171873,0.0,0.0,0.8187498553347687,0.2115113915126693,0.9188361382271664,0.0,0.7334713952978882,0.8377384241745145,0.4006068367505189,0.8527760996057685,0.8811713725919912,0.8058499662916012,0.903814238682265,0.47795836130872293,0.8399134433261015,0.9428469360414604,0.8864622842804515,0.4408515443948542,0.9176344520056336,0.7711949776746385,0.6473831763250284,0.9250013316406696,0.9428469360414602,0.9459533477380775,0.7846176027958278,0.9562880686171873,0.8961186971729789,0.9526370111116405,0.9004911494084331,0.938412400887346,0.9328339505740528,0.935580996038617,0.848519788337875,0.9237454173815312,0.9060540201833016,0.9355809960386168,0.7223272158432528,0.9526370111116405,0.17526171623055564,0.9508971383859763,0.9140827360776205,0.8570084033315839,0.8399134433261015,0.4654487838138114,0.8570084033315841,0.5711669571562623,0.77934241058442,0.8896584524348263,0.9475597985845114,0.7766590274917051,0.9262700211315917,0.9623211158059548,0.8058499662916013,0.8463809254714865,0.7876282222528316,0.8034406041869142,0.938412400887346,0.9071820194155717,0.8822265994777512,0.0,0.9544316996038,0.9164419655193174,0.9492063492063487,0.8612222667022558,0.938412400887346,0.9459533477380777,0.9262700211315917,0.831146423199498,0.9355809960386168,0.8046479448175343,0.9602211523225772,0.7935775465776653,0.9398636845831869,0.8664724446651941,0.06018876900102055,0.9428469360414602,0.7143607147557588,0.9152582079543841,0.9341976401680094,0.7806724477786732,0.880117361849238,0.7318083230664854,0.8633240709217587,0.9188361382271666,0.6991852245234744,0.8612222667022558,0.9250013316406696,0.960221152322577,0.9369854052620166,0.9508971383859763,0.8388272306091986,0.9027019168030597,0.525843532183836,0.03139863267861631,0.7960789049353036,0.8409971458279799,0.9623211158059548,0.8790644420447877,0.9526370111116405,0.9176344520056336,0.9164419655193168,0.932833950574053,0.9015943008452869,0.9250013316406696,0.9369854052620166,0.500567215157067,0.9398636845831867,0.9475597985845112,0.9544316996038,0.9623211158059548,0.0,0.9188361382271668,0.8654234385275936,0.8070467719220202,0.9200475251844384,0.0,0.8832831707913575,0.8244397822834253,0.9060540201833016,0.34458474155865637,0.9038142386822647,0.8918007079504506,0.8811713725919912,0.7859181167692968,0.9275522446953854,0.9060540201833014,0.6598989712921809,0.8907283270583697,0.9562880686171873,0.9027019168030597,0.9288488221297497,0.9526370111116405,0.9152582079543841,0.9623211158059548,0.9275522446953854,0.9459533477380777,0.9623211158059548,0.9413411539914587,0.9288488221297497,0.9492063492063487,0.6783615558233285,0.8843412180810755,0.9582144552981327,0.9492063492063489,0.9384124008873462,0.7806724477786728,0.8022278398026612,0.03139863267861631,0.9544316996038003,0.08671734220308558,0.03139863267861631,0.03139863267861631,0.3741839079094693,0.0,0.944383427890573,0.4527606561376478,0.0,0.9341976401680094,0.535161772248302,0.9582144552981327,0.9526370111116405,0.9562880686171873,0.9508971383859763,0.03139863267861631,0.7960789049353036,0.8580633769736241,0.935580996038617,0.8409971458279799,0.0,0.9071820194155722,0.9526370111116405,0.9341976401680094,0.7935775465776653,0.9083158055901508,0.9582144552981327,0.9508971383859763,0.9369854052620166,0.9152582079543841,0.6284764518573093,0.9492063492063487,0.4006068367505189,0.92126914699118,0.9250013316406696,0.6848496741376318,0.9398636845831869,0.9582144552981327,0.930160641445072,0.9526370111116405,0.9071820194155722,0.8420784215528954,0.0,0.9492063492063487,0.8822265994777507,0.960221152322577,0.8377384241745145,0.944383427890573,0.9398636845831869,0.8244397822834253,0.06018876900102055,0.7569089328329721,0.7846176027958276,0.0,0.0,0.40880739824839063,0.6991852245234742,0.9027019168030597,0.8058499662916013,0.8453085223330421,0.8152867967569688,0.8399134433261015,0.7997856146881548,0.9328339505740528,0.8129560940834346,0.0,0.9004911494084331,0.9544316996038,0.9623211158059548,0.831146423199498,0.9582144552981327,0.831146423199498,0.0,0.0,0.7739436107925914,0.9492063492063487,0.7819949015164562,0.938412400887346,0.8570084033315841,0.8993922310882436,0.6856702229525599,0.8993922310882436,0.8344556057285131,0.8506512873935228,0.0,0.9152582079543841,0.8175997772209664,0.9508971383859763,0.9582144552981327,0.5526275082095407,0.7351207557283752,0.43182584581086747,0.9176344520056336,0.9508971383859763,0.8591172857456586,0.0,0.8266892096935958,0.9176344520056336,0.8993922310882436,0.8727631680356078,0.8654234385275936,0.9413411539914582,0.9049315186013054,0.8538362113124116,0.9562880686171875,0.8685695845092949,0.862273520033598,0.9443834278905732,0.9602211523225768,0.9225015741707872,0.2586095064370061,0.8129560940834346,0.9544316996038,0.03139863267861631,0.8759110188590655,0.9288488221297497,0.9152582079543841,0.92126914699118,0.9623211158059548,0.9152582079543841,0.9623211158059548,0.9623211158059548,0.9027019168030597,0.3647019568709454,0.8961186971729789,0.9492063492063487,0.9602211523225768,0.938412400887346,0.938412400887346,0.8322525541058978,0.9428469360414611,0.9475597985845114,0.9288488221297497,0.5210240199989242,0.9508971383859761,0.7684119013812074,0.3833143586062788,0.7125274559321442,0.7447432793600621,0.0,0.8918007079504506,0.9492063492063489,0.758381053055492,0.960221152322577,0.9328339505740528,0.9341976401680097,0.855952276285969,0.0,0.7399891659895361,0.8058499662916012,0.9341976401680094,0.8058499662916012,0.8266892096935958,0.8129560940834346,0.9544316996038,0.7143607147557588,0.6716454483484393,0.8058499662916012,0.7431708752992889,0.9355809960386166,0.6761489807685291,0.9623211158059548,0.9355809960386168,0.9492063492063489,0.8982973238138026,0.930160641445072,0.8388272306091984,0.4779583613087228,0.8106069085572598,0.9492063492063489,0.03139863267861631,0.8420784215528954,0.861222266702256,0.5110414539348817,0.7766590274917051,0.7524297972473162,0.0,0.9856724533720749,0.8633240709217587,0.9225015741707872,0.0,0.8399134433261015,0.9428469360414604,0.9582144552981327,0.2115113915126694,0.03139863267861631,0.9114861522954751,0.9314886672615051,0.897206214237533,0.9288488221297497,0.9083158055901508,0.9355809960386172,0.8129560940834346,0.0,0.9275522446953854,0.0,0.9582144552981327,0.8333555867103808,0.8843412180810759,0.9623211158059548,0.9262700211315917,0.8022278398026612,0.904931518601306,0.9225015741707869,0.0,0.8322525541058978,0.8210376473859937,0.8506512873935228,0.9250013316406696,0.40060683675051967,0.9544316996038003,0.3227392978460525,0.9237454173815312,0.392115299153029,0.8928757609748668,0.7948313236856197,0.392115299153029,0.9225015741707872,0.9544316996038003,0.885400876353422,0.392115299153029,0.9623211158059548,0.931488667261505,0.9508971383859763,0.885400876353422,0.9475597985845114,0.9237454173815312,0.9341976401680094,0.8918007079504506,0.9152582079543841,0.9355809960386168,0.9140827360776211,0.930160641445072,0.9475597985845114,0.9384124008873462,0.7301312695908225,0.9225015741707872,0.9015943008452869,0.8333555867103808,0.42440193597169273,0.9083158055901508,0.930160641445072,0.9508971383859763,0.9526370111116405,0.9015943008452867,0.8939536575643379,0.9275522446953854,0.9275522446953854,0.9004911494084333,0.9544316996038,0.9562880686171873,0.5974763156586966,0.9262700211315922,0.8664724446651935,0.9176344520056336,0.9250013316406696,0.6549904556417999,0.9369854052620166,0.9237454173815312,0.9492063492063487,0.8366469404145511,0.8780124908814328,0.9129151319089186,0.9004911494084333,0.6623067578386677,0.9562880686171875,0.9188361382271666,0.5906675167558797,0.9314886672615046,0.944383427890573,0.926270021131592,0.8993922310882434,0.6040574193889983,0.7598430279509716,0.9398636845831869,0.6739104850582693,0.9475597985845114,0.8832831707913573,0.7143607147557586,0.9526370111116407,0.9508971383859763,0.8864622842804517,0.9275522446953852,0.9526370111116405,0.8982973238138026,0.8633240709217587,0.708808264663793,0.9459533477380775,0.9459533477380775,0.8322525541058978,0.9341976401680094,0.9027019168030599,0.9526370111116405,0.8591172857456586,0.9341976401680094,0.9562880686171873,0.8928757609748668,0.9328339505740528,0.9508971383859763,0.960221152322577,0.8854008763534222,0.9582144552981327,0.7197593917099125,0.9562880686171873
p301_G,0.874055881137749,0.6802264681288575,0.9923252188511814,0.8629109003394013,0.8918007079504509,0.6993749881802708,0.7408073592857847,0.7651261430172123,0.7951076341784311,0.915264150341758,0.9962433786149398,0.8882932693469461,0.8882932693469461,0.35928723787926586,0.783766033589247,0.7558839765538488,0.8188711496571089,0.8120252635732317,0.786609814717561,0.7228317691823951,0.9876457733161693,0.8571237000829007,0.9027925304906489,0.9326301365954337,0.8654973471746632,0.8540589702876238,0.552558436881997,0.8457632233052683,0.7228317691823948,0.549434135115731,0.8402398194588374,0.9029316112204655,0.8782540541553363,0.9542816599648687,0.8918007079504509,0.8298099072732107,0.8954023823601893,0.5367763125039317,0.919737437035689,0.464080645268244,0.9230739297313353,0.8569246572337175,0.919737437035689,0.814494116322485,0.8854493278508869,0.6410273497905368,0.9375821720172512,0.7880288772623985,0.6557936520481548,0.7695167286245359,0.9029316112204655,0.6495991324154076,0.8540589702876238,0.875046477041949,0.8782540541553361,0.8754075788101028,0.6660694950711592,0.8918007079504506,0.9152699926081815,0.8848712502248581,0.7998787575170994,0.972406738593629,0.8676778912630889,0.7856879905096839,0.5960053845565387,0.8336661338924642,0.8180268790994086,0.8126028926810811,0.9636847634903104,0.8298099072732108,0.32209540192962427,0.8512300448035051,0.8918007079504509,0.6308179364408941,0.8918007079504506,0.7581449596587455,0.8992597885323734,0.7550682856940839,0.655513780121229,0.6517640413322646,0.9029852527308235,0.9099152708765403,0.7640177117923737,0.8540589702876247,0.8918007079504506,0.2867962449654756,0.9180278279290822,0.5995114100751453,0.7942028702077837,0.9233738460510836,0.8918007079504506,0.099232521885118,0.488305880351115,0.6909009692932593,0.8953476735959469,0.7880288772623987,0.15666352833160502,0.7604099735059933,0.6481020004099824,0.6456171982380283,0.6390975582406452,0.6776822402306101,0.5305546844946984,0.47809927979813494,0.9756143728488357,0.9109895373928902,0.40604752333314864,0.5682572856600574,0.8657679762547947,0.635579547928814,0.21968627417493325,0.7753016271609583,0.7927360071462355,0.5884835011593135,0.9375821720172512,0.801889152904462,0.9025899955434544,0.9109895373928905,0.9673483838836943,0.73199412320449,0.8605574677832935,0.22833627977541415,0.5071844450806078,0.7979182076048257,0.9511568327978744,0.4790159515005836,0.8954023823601893,0.8257818699927977,0.8661426937240922,0.8194852749688186,0.7289634644081244,0.8991086132420372,0.7781638062879617,0.919737437035689,0.5192693477851081,0.7652447935480962,0.7423862717108194,0.8977530247223017,0.9029316112204653,0.8848712502248577,0.8685520159824125,0.9152641503417578,0.6579708607571186,0.46276457943470883,0.2899539952852366,0.8095666773087122,0.9116068032779687,0.6635996286870585,0.8512300448035053,0.5008338994456716,0.7228317691823952,0.7998787575170996,0.5730851593650711,0.7844122909378588,0.8977530247223016,0.8786176172006355,0.47499896431445987,0.8573241440795737,0.815224993034342,0.34333021302115785,0.5959843758217238,0.9854707104323212,0.7084419915531277,0.6099490258564229,0.8220492832587936,0.29900856306307855,0.7564089965703809,0.9230739297313348,0.8953476735959469,0.7700582279392505,0.7118238016013592,0.8882932693469461,0.8484356419795887,0.6443852837141688,0.8582610560465014,0.5754591087462548,0.743409722161911,0.7603705705278923,0.5805290053664633,0.7793378423463273,0.8348309150853281,0.7821714252369454,0.9088169265457853,0.8882932693469461,0.7171230173651979,0.39543164831403543,0.7663378882913325,0.8114940044756469,0.875046477041949,0.9328836257484426,0.8848712502248584,0.8165558862615871,0.7259326563352106,0.660859713134609,0.821682619025276,0.8918007079504506,0.9326301365954337,0.7053694360593161,0.7880288772623985,0.878696506263431,0.8489027461326297,0.8882932693469461,0.8918007079504506,0.9157618361210809,0.7850532520116051,0.915264150341758,0.8918007079504506,0.8069965358955764,0.8664957973805583,0.8352311593245665,0.7981075770517976,0.7268042860455461,0.5153369266827178,0.8918007079504506,0.7102175680221066,0.8918007079504506,0.8981025240568403,0.8523658765396676,0.7648608663332443,0.8918007079504506,0.9314130730287435,0.8918007079504506,0.7889604541836732,0.8682541654104734,0.29900856306307855,0.9006128476650825,0.6007351226801825,0.5590708985830011,0.8848712502248575,0.8441847483274514,0.8688077246092833,0.5460053972376062,0.6819077389951291,0.9785718213639514,0.8578899519108548,0.8064907104924683,0.7869574313974719,0.9944713042228923,0.8498076123326317,0.8429905361746886,0.8194852749688184,0.8815270484708906,0.0941766909887134,0.9190178597011773,0.8918007079504506,0.7927381955186616,0.8918007079504506,0.5107727892873741,0.5223674112668275,0.9029316112204655,0.8456737070075291,0.5126055905381024,0.8954023823601893,0.8169813158537982,0.8657679762547945,0.16970731734343103,0.8794124535395722,0.7217225598591726,0.8991086132420374,0.19259605283624137,0.7267298407698881,0.6847468575192874,0.8882932693469463,0.9068859994145182,0.4961651654382391,0.919737437035689,0.7422053121444969,0.661216282455648,0.8569246572337172,0.7244966034744018,0.17185567860508355,0.9029316112204655,0.6773208579170211,0.6149792249952322,0.8213916608183504,0.9109895373928902,0.635579547928814,0.9503797269557533,0.6508781974607245,0.6183949694664365,0.9109895373928902,0.7178532989576607,0.667151400700768,0.885985410573422,0.9072772156967592,0.3844684210022721,0.5622615639049684,0.8513970488424685,0.6046499711363769,0.8848712502248581,0.8991086132420374,0.9375821720172512,0.49405038169976323,0.6138094444949617,0.5864735252623337,0.7079132371954757,0.7750496320948062,0.8517014806512277,0.8730099998288604,0.5666574724668765,0.6557936520481544,0.5004897792014033,0.6984376606650693,0.6255680522829321,0.824662837219309,0.9085235928818935,0.8748942312251947,0.8220068840377224,0.6827322471423649,0.8071248883001414,0.7536267205171052,0.37777111729796364,0.6810158037886527,0.6659609340158239,0.20388482116168638,0.903783809420319,0.859452390427899,0.8133077893013572,0.9057013371667025,0.8664957973805585,0.7675624968750302,0.8991086132420372,0.8918007079504506,0.9029316112204653,0.7604017539386013,0.39463055589930196,0.9109895373928902,0.9068859994145182,0.690739810203405,0.8918007079504506,0.8657679762547945,0.9109895373928905,0.8422078287242856,0.8999371859980543,0.8660599033198622,0.4494049181373132,0.9029316112204655,0.6450184765178781,0.5765591734598084,0.8057785301589873,0.8782540541553363,0.3195135231189543,0.8991086132420374,0.8271068874433856,0.5667811930386708,0.8750464770419488,0.8095666773087118,0.9850406692683007,0.5316698906524282,0.32273746358871136,0.5580882485639238,0.8854493278508869,0.8882932693469463,0.9190000934693126,0.5349867684307312,0.588976134802222,0.591514645297784,0.43475032971191485,0.8918007079504506,0.7225688204756893,0.8245470872241858,0.383934457793083,0.9352754349892366,0.9152641503417578,0.6704803039722533,0.8918007079504506,0.8918007079504506,0.8512300448035051,0.7951076341784311,0.28367324526168003,0.8918007079504506,0.7680697792418765,0.5305546844946998,0.5859178859863265,0.7810313952077221,0.7074322902134826,0.9998909281330146,0.34625106871387945,0.6439592526212663,0.5813227410144997,0.6397195194834593,0.8918007079504506,0.8219501824158013,0.2990085630630779,0.5242449650011001,0.5919215691179205,0.9073778623991138,0.4202399621171685,0.8991086132420372,0.5656126745131147,0.8918007079504506,0.46615596807966475,0.8398515774181605,0.6998953667208339,0.653326954791076,0.8954023823601895,0.7142196141976218,0.5367763125039307,0.8918007079504506,0.8194519490678154,0.677737376831387,0.8918007079504506,0.8885760308062551,0.8615084633257266,0.9574397281040892,0.44581926880905764,0.5787109730034046,0.8918007079504506,0.7468229001064163,0.8637955550105685,0.968836846578246,0.6244667148098451,0.7459090413645797,0.8242724495767533,0.8046967529941973,0.38617354872237897,0.8991086132420374,0.8659700264580341,0.7581449596587455,0.6976652929194578,0.7371234753196567,0.4695298021115232,0.9576773893220905,0.8920802319381609,0.9029316112204655,0.47810949743408804,0.8918007079504506,0.9109895373928905,0.7028558622157574,0.9572526268749992,0.9029852527308233,0.9785613318267481,0.8848712502248579,0.9916663798214086,0.9184588464635889,0.8848712502248577,0.7861543276554562,0.638863048411233,0.9703451316482044,0.8724845734645317,0.41130703874479535,0.9109895373928905,0.6894029394143677,0.915264150341758,0.9661224319476251,0.8148808572458527,0.7321843956294287,0.7962195722367192,0.6775937591229144,0.9945816935602765,0.8457632233052683,0.8335531838349926,0.8569246572337172,0.8688077246092831,0.7927381955186616,0.87005003410668,0.8271068874433856,0.7982576098346295,0.774728551226082,0.6796600945069258,0.8688988704408214,0.8718992107694514,0.8402398194588374,0.34052154699324544,0.5929786536727564,0.4673271517014296,0.9520275060446646,0.7618016467214255,0.6015657024681099,0.8349149021845175,0.8598295527538451,0.8627763408565623,0.4384719250147022,0.8718992107694514,0.7347168883482376,0.8598295527538451,0.9219568517666139,0.506928548978965,0.6007351226801825,0.7984374348704286,0.9488619297321975,0.5990269660880272,0.7856879905096839,0.9109895373928905,0.7241683350694031,0.8885957548866767,0.7617082565661865,0.9641860625543643,0.585847525978886,0.8188711496571093,0.9427946840319121,0.9109895373928902,0.461922089878227,0.603680124945899,0.978220802103878,0.9713844238365043,0.9713844238365044,0.623618692350635,0.8682541654104734,0.8815270484708906,0.40873087411501485,0.8918007079504506,0.9068859994145182,0.8918007079504506,0.8918007079504506,0.6139057336845779,0.8627763408565621,0.4198981091850429,0.8918007079504506,0.5940424774651134,0.654354681011506,0.8900010585864284,0.46801353256137346,0.7468743994599163,0.9124787751675798,0.5614448033268875,0.7927381955186616,0.6589878493055459,0.8782540541553359,0.7774165095752006,0.9068859994145182,0.824547087224186,0.6510188646537216,0.6931533472456106,0.591151365926919,0.9432506800820841,0.9531644691774961,0.5131435658629531,0.720282538563775,0.3454363947629012,0.9375821720172512,0.373710171409692,0.8688077246092829,0.8035919129767521,0.8920802319381607,0.6773208579170216,0.7033317556044834,0.7998787575170998,0.8627763408565621,0.854261670360065,0.8991086132420374,0.8688077246092836,0.6578645668168785,0.8340602483605286,0.6954030811565279,0.7833616502708288,0.9029316112204655,0.8766615192798504,0.881527048470891,0.8552538317983633,0.5488028443704318,0.7609009636116799,0.5242449650011001,0.8691450109335102,0.8422078287242853,0.47402109314224505,0.7226794006714785,0.7927381955186614,0.543324675578725,0.5830551247750859,0.8242724495767533,0.8811721535887154,0.8918007079504506,0.9029316112204655,0.9407885803754519,0.8918007079504509,0.8620401996063268,0.8688077246092827,0.8848712502248584,0.7378150491299367,0.6012627472743683,0.7269691840010569,0.583866216723897,0.915264150341758,0.4758356455139311,0.8718992107694512,0.7155631317971944,0.8848712502248579,0.8292611291742988,0.8282087968708165,0.49886215006095724,0.5069687122297162,0.9665813556610315,0.7633052106552538,0.5230343714200976,0.7088565492849233,0.8328308529694537,0.6403125748123593,0.6365783609834715,0.8402398194588376,0.7680697792418765,0.6564814876197975,0.8954023823601895,0.8196352034885155,0.8352962955703507,0.7718067781551381,0.8882932693469463,0.5472271533759232,0.516776133407344,0.8898187755722902,0.8167281584272263,0.985470710432321,0.5269737227520541,0.9404297232868184,0.8569246572337172,0.7903787812883167,0.6686889315561341,0.8657679762547945,0.7833556479805837,0.8718992107694505,0.8882932693469461,0.9427946840319119,0.794596881876281,0.8918007079504506,0.8271068874433856,0.7941110246989956,0.6203238074705317,0.3839344577930829,0.8918007079504506,0.7513728961529613,0.43160817845063415,0.7998787575170998,0.7118238016013603,0.8165558862615869,0.4167765919174954,0.784412290937859,0.525603487195511,0.9417060932817198,0.7204362893030186,0.6818613208532709,0.7199160636554167,0.9068859994145182,0.46249505357677634,0.6121256214101308,0.9085235928818935,0.42834636644334856,0.6993749881802709,0.8456737070075291,0.5346363886777226,0.7945968818762806,0.8750464770419486,0.7200133687321871,0.6027602604390545,0.9903928275135545,0.7536267205171052,0.9109895373928907,0.8918007079504511,0.9297118524554642,0.522169551741555,0.594329999429914,0.8882932693469463,0.9029316112204657,0.8815270484708906,0.8882932693469463,0.9233738460510836,0.8271068874433856,0.8918007079504506,0.8815270484708906,0.8022815916598935,0.8918007079504506,0.42062302109111094,0.5423905218744569,0.9109895373928905,0.8991086132420374,0.9068859994145182,0.8954023823601895,0.8882932693469463,0.5005345127385041,0.6976503581176476,0.8627763408565621,0.6612963237243661,0.8918007079504506,0.36206580749942874,0.7546293577810382,0.8598295527538451,0.5913772505350527,0.5075864942513258,0.6570095370506115,0.7323200752873661,0.8657679762547947,0.7809252845313956,0.8356379386668252,0.8918007079504506,0.8429905361746886,0.5956767188853138,0.7979182076048253,0.8039620564232361,0.7550682856940838,0.8730099998288605,0.4640806452682439,0.8991086132420374,0.5599835287511679,0.7130292778012566,0.8918007079504506,0.8193769882721236,0.8245793231395999,0.915264150341758,0.5291408900333721,0.9481052266646686,0.8794124535395723,0.6899154558726361,0.8848712502248579,0.6170263542418599,0.5567007071566001,0.8918007079504506,0.8918007079504506,0.8169813158537984,0.552852661450117,0.3773788534733976,0.78720515173177,0.7202692659557519,0.5563786586979347,0.7997631355774061,0.6046992084410201,0.4358181973714259,0.6803467588704013,0.8918007079504506,0.7880288772623985,0.9029316112204655,0.919737437035689,0.40762240397736216,0.9109895373928902,0.6403125748123593,0.8918007079504506,0.8918007079504506,0.5184606561382243,0.638863048411233,0.6595731243766225,0.9297118524554642,0.431608703733684,0.8897015904236056,0.8456737070075291,0.9937151903375274,0.6635913067620822,0.3932401397238283,0.8918007079504506,0.31082006041399957,0.6114558676920612,0.9326301365954337,0.9109895373928905,0.8352311593245665,0.7327165333991882,0.8063586607615829,0.23876074940816017,0.8954023823601893,0.7515783186539262,0.8918007079504506,0.6308179364408941,0.5990269660880272,0.7856879905096839,0.5113692134551318,0.9348425700260632,0.8750464770419488,0.7974876343235753,0.25973941274322354,0.906885999414518,0.7200304036493874,0.7066186935571892,0.8815270484708906,0.9605021604012387,0.8349149021845175,0.8540589702876247,0.6015640166411407,0.9029316112204655,0.8882932693469463,0.735668933010085,0.8484356419795889,0.6633989785020463,0.8571606472033044,0.9197374370356892,0.6633989785020462,0.9197374370356892,0.967348383883694,0.5050531536284654,0.8296873519133925,0.778714795108338,0.8918007079504509,0.9490218194797997,0.8266716361598102,0.8688077246092829,0.37115379031284124,0.8782540541553365,0.8882932693469461,0.8484356419795889,0.7741028849728393,0.8954023823601893,0.6412410240081319,0.8245470872241858,0.6874088678918231,0.6541500954122995,0.8918007079504506,0.0,0.8918007079504509,0.5521903666172381,0.915264150341758,0.9983760863126883,0.8598295527538451,0.573085159365071,0.8918007079504506,0.583866216723897,0.47402109314224516,0.9173933468462485,0.5864267310891793,0.6308179364408941,0.6015640166411407,0.9029316112204655,0.6530500820588987,0.836443510583915,0.789996369172371,0.5310045206855802,0.49253805534826733,0.34317211871356734,0.6993749881802701,0.6683614018378589,0.6749658363834109,0.8866236210773968,0.9607803343920254,0.6566740276930516,0.8352962955703507,0.4601482439315707,0.8918007079504509,0.8882932693469463,0.6635996286870587,0.7059512344058886,0.7120707803981958,0.5552195748721926,0.5037425764233698,0.8918007079504506,0.5649822207758339,0.941855729849943,0.334106054756259,0.8918007079504506,0.6589878493055459,0.7642645032475508,0.9109895373928902,0.8627763408565623,0.8882932693469463,0.8780030642431897,0.854058970287625,0.8498076123326311,0.8279011160542435,0.751615019422269,0.8441847483274523,0.4687996250535823,0.8918007079504506,0.8456737070075291,0.8918007079504506,0.9109895373928905,0.383113167215932,0.7536267205171054,0.919737437035689,0.8429423482710732,0.749670890656706,0.7974876343235748,0.686642618478354,0.8918007079504506,0.7073361950721981,0.6664797737537291,0.7631995554929883,0.6428430763463955,0.8194852749688188,0.9029316112204655,0.8402398194588372,0.8375645041075974,0.8695195625728143,0.7718067781551383,0.5504076921062862,0.8695195625728143,0.8349149021845175,0.5788484422307301,0.7750496320948062,0.8695195625728143,0.919737437035689,0.6450673805036597,0.9326301365954339,0.6116493905945599,0.5854980800909929,0.8375645041075976,0.4494049181373131,0.9923252188511816,0.8664957973805585,0.8920802319381607,0.8169813158537989,0.8512300448035051,0.8882932693469461,0.8992597885323739,0.8036702388384009,0.5607367028633197,0.8084319781524085,0.8231943418333463,0.8348309150853281,0.98217204402761,0.5462433624596345,0.8954023823601893,0.8991086132420374,0.9381853435996286,0.7836974398584033,0.8456737070075291,0.7822409434986562,0.9137680199615847,0.9029316112204655,0.9068859994145182,0.9310158246693756,0.8429423482710732,0.6311176024714187,0.9446358261174745,0.9271474836535168,0.8724193037654386,0.6266220791119596,0.9395875575049126,0.8918007079504506,0.798691166075719,0.4829732360300576,0.7248723690694326,0.829941924828794,0.8976055301636117,0.8445596925710102,0.9299914985657856,0.9739212541784144,0.8540589702876238,0.6857147932695531,0.8688283624421212,0.8190603298174136,0.924853426942098,0.9229260449353887,0.7861543276554556,0.8503010224583891,0.6556592334992677,0.8124984997946185,0.7418561758635669,0.6007351226801826,0.9326301365954337,0.7581449596587455,0.8456737070075291,0.7546293577810376,0.9068404327289782,0.77871409345795,0.907638136435563,0.6370762171066792,0.9873110786538151,0.6911693527105323,0.8811333738303385,0.6114484037576892,0.8700500341066799,0.6998953667208339,0.7947876826917333,0.9068859994145182,0.7718067781551381,0.7470113413451636,0.7323200752873662,0.915264150341758,0.9374655347908343,0.9109895373928902,0.815287904353317,0.9068859994145182
p301_I,0.992904583277461,0.9413411539914585,0.9640062838948074,0.9683086794376969,0.9492063492063489,0.9623211158059548,0.9738007944207916,0.9659561259078234,0.8620865922282489,0.9602211523225768,0.9398636845831869,0.9886251033694344,0.9475597985845114,0.9225015741707872,0.8428084617125351,0.9899936426963005,0.944383427890573,0.9314886672615053,0.9582144552981327,0.960221152322577,0.9580351138842003,0.9384124008873465,0.9888877218166614,0.9813818316380161,0.9913026731221013,0.9314886672615053,0.944383427890573,0.8242670087328137,0.960221152322577,0.9161650815627647,0.9720175422977497,0.9544316996038,0.9428469360414606,0.9188361382271666,0.9492063492063489,0.9632002305182419,0.9508971383859763,0.9428469360414604,0.962321115805955,0.97998139075904,0.9750767117923149,0.9842968264073595,0.9510697823313443,0.7519093874149436,0.944383427890573,0.9081407584954335,0.9773757151292214,0.9767351992829902,0.9301606414450718,0.8915825642164801,0.973053360823401,0.9716131226567439,0.9314886672615053,0.9991271005058253,0.998035363426425,0.92395717865117,0.9779134885361098,0.9492063492063489,0.9767639587317076,0.9459533477380777,0.8559654748218476,0.9340194006619889,0.9314886672615055,0.9870810478556493,0.9562880686171875,0.9431184894598297,0.9544316996038,0.8957154500195302,0.938876485647999,0.9582144552981327,0.9212691469911802,0.8705563612990554,0.9851190476190474,0.9401161903412836,0.9492063492063489,0.991632948188578,0.8400061283921278,0.9398636845831869,0.9155987622142241,0.962321115805955,0.9964123220916106,0.9865548062843288,0.926270021131592,0.9314886672615053,0.9492063492063489,0.9176344520056336,0.9384124008873462,0.8538298882877684,0.9963546569787739,0.9475597985845114,0.9492063492063489,0.8918007079504509,0.8605006952168124,0.9284759050423522,0.93073414094589,0.938613174345712,0.889658452434827,0.9714553566521971,0.9065447587925579,0.9216615961278638,0.9288488221297497,0.9526370111116407,0.9492063492063492,0.951775522362714,0.9359245759999372,0.9582144552981327,0.9071820194155724,0.8627119636910096,0.936985405262017,0.9078348556377037,0.9425887019071979,0.9328339505740533,0.8508058075754192,0.9094556823349393,0.9526370111116407,0.9065609156955622,0.9413411539914587,0.9582144552981327,0.9623211158059548,0.8920375686554689,0.9613940628375298,0.885400876353422,0.9369854052620168,0.92500133164067,0.9821075314053485,0.8205834610107539,0.9508971383859763,0.9558694433263362,0.9886251033694344,0.9992249226337292,0.8640156358380555,0.9773757151292213,0.9544316996038,0.9623211158059548,0.944383427890573,0.9735492166725133,0.9128732846826051,0.9544316996038003,0.9730533608234009,0.9919305345581159,0.9469488476903253,0.9602211523225768,0.9140632734277364,0.997228401935723,0.9227803491523987,0.9517002303366318,0.7801538414269057,0.9181415671352164,0.97998139075904,0.9874583385590245,0.9602211523225768,0.7766386398235636,0.8869938104977824,0.9835991738212904,0.973053360823401,0.9301606414450723,0.8950345750758604,0.9140827360776209,0.893885183525017,0.885400876353422,0.8355590569639005,0.907388441370083,0.9341976401680094,0.9136463571360584,0.9908702887645178,0.9164419655193168,0.9874185022010289,0.8993922310882434,0.8830688616383844,0.9131684630076987,0.9858842152953933,0.9475597985845114,0.9730218450575299,0.8720509229668817,0.8846909396641924,0.9789571546770472,0.9582144552981327,0.8356711818336858,0.9647506825559773,0.8864622842804519,0.9532451920987464,0.7213701845233651,0.9779134885361098,0.9886251033694344,0.9531337744920035,0.9155456680159728,0.892037568655469,0.9400050159634596,0.9413411539914585,0.9237454173815309,0.9298144168543093,0.7060204795019251,0.9670079624580028,0.9278214586458147,0.9457174376824435,0.9492063492063489,0.9508971383859763,0.9919305345581159,0.9004911494084336,0.9538832559337085,0.8554797762443019,0.9886251033694344,0.9492063492063489,0.998044190245674,0.9560615262442016,0.9574863565447539,0.9492063492063489,0.9806827790150391,0.9564664879277862,0.8330826119645454,0.8938851835250172,0.9377301446838551,0.9475597985845112,0.9492063492063489,0.9490768789214074,0.9492063492063488,0.8404141642291887,0.9876781978758149,0.9869514638882197,0.9492063492063489,0.9558694433263362,0.9492063492063489,0.8862054707165685,0.9871891849714203,0.9164419655193168,0.9907336150446706,0.9526370111116407,0.9188797670103911,0.9459533477380775,0.9355809960386168,0.9384124008873465,0.9853808551815852,0.9532885069837612,0.9486051204234524,0.9730533608234009,0.937234471440279,0.750452985008299,0.9027019168030599,0.9535624564318681,0.9152582079543843,0.9152582079543841,0.944383427890573,0.885400876353422,0.5571177106314695,0.9492063492063489,0.9414106494210734,0.9492063492063489,0.9237010082394219,0.9580166426603276,0.9544316996038,0.9757533722166009,0.918879767010391,0.9508971383859763,0.9564021026822451,0.9369854052620168,0.8928757609748676,0.9470390403999658,0.8548362034255073,0.9526370111116407,0.9700073495187169,0.9700073495187167,0.9148382293567356,0.9475597985845114,0.8929968346358236,0.9751693139349902,0.962321115805955,0.8719900286803044,0.8425245902193734,0.9328339505740533,0.8706662210952578,0.9412409472616072,0.9544316996038003,0.8472329418795808,0.9193732355342463,0.9684201401478016,0.9582144552981327,0.9078348556377036,0.9564021026822451,0.9610880275993517,0.8295306933275091,0.9582144552981327,0.9744207489775498,0.9276088134710657,0.9562880686171875,0.9889897772432356,0.9225015741707869,0.9526370111116407,0.9486051204234524,0.9363426627010594,0.9459533477380777,0.9073884413700836,0.9773757151292213,0.9403033540537112,0.9582144552981327,0.8895997465928744,0.8356348249208567,0.9751421018560732,0.9044659624194151,0.9582144552981327,0.9492063492063492,0.9301606414450718,0.9459533477380777,0.973053360823401,0.9136463571360584,0.9734392564424443,0.9773757151292213,0.930160641445072,0.959657136477295,0.9589429769107363,0.9501760208500685,0.9883712637744559,0.893241028310893,0.8488494650114395,0.8982035436211123,0.9385684670671919,0.9602211523225768,0.7840535358650873,0.9602211523225768,0.9630223853436268,0.9152582079543843,0.9683833021196733,0.9526370111116407,0.9492063492063489,0.9544316996038,0.9027019168030599,0.9314886672615055,0.9582144552981327,0.8929968346358237,0.9475597985845114,0.9492063492063489,0.9369854052620168,0.9632002305182421,0.9510697823313443,0.9927984919267985,0.9683604913388731,0.9341976401680094,0.9730533608234011,0.8922864636322452,0.9459203563281635,0.9913026731221013,0.6433291602337393,0.9606106565801131,0.9773757151292214,0.9188361382271668,0.9549353818771855,0.9413411539914582,0.7195136769420352,0.9510697823313443,0.8960841541919647,0.9188361382271664,0.9684201401478016,0.995060370240281,0.9886251033694343,0.9882450462521556,0.885400876353422,0.9363426627010593,0.9063610484117897,0.9341225435735987,0.9492063492063489,0.8684712335215649,0.9949841493208558,0.9200475251844389,0.961325151342389,0.9574863565447539,0.9131684630076987,0.9492063492063489,0.9492063492063489,0.9799813907590402,0.9428307668638465,0.8904561153277739,0.9492063492063488,0.957486356544754,0.9492063492063492,0.9683086794376969,0.9908702887645178,0.8995813910474277,0.9851190476190477,0.9237454173815309,0.9384124008873465,0.9498890045104484,0.9223986589047978,0.9492063492063489,0.9822582257689433,0.9164419655193168,0.8852653845498551,0.910698375271241,0.9701429667321069,0.8696179154667714,0.9073884413700835,0.9207923934438308,0.9492063492063489,0.9389735848576617,0.9821075314053485,0.8588332480153075,0.94724068589999,0.9508971383859763,0.9779177832860688,0.9428469360414604,0.9492063492063489,0.9331711877287372,0.9107502494368847,0.9492063492063489,0.9701429667321066,0.9787992367808475,0.9619684272088396,0.9589429769107363,0.9136463571360584,0.9492063492063489,0.8825202648944825,0.8957154500195303,0.9683543830093181,0.9130676179019632,0.9876742129414895,0.7727893183610363,0.9486714815870392,0.8961186971729784,0.9526370111116407,0.9889897772432356,0.8330826119645454,0.9355809960386168,0.8395779974239618,0.9399009776851528,0.9988170690953836,0.9355809960386168,0.9544316996038,0.9314886672615055,0.9492063492063489,0.8060296021509911,0.9015943008452878,0.9290791856733023,0.9470390403999661,0.9275522446953857,0.9459533477380777,0.9403033540537111,0.9508971383859763,0.9459533477380777,0.9398636845831869,0.9492063492063492,0.9430869529798079,0.9466821273204218,0.9428307668638465,0.9582144552981327,0.8206863064580854,0.9602211523225768,0.6541572204079744,0.9888877218166616,0.8293999941690733,0.9938077685674778,0.9574863565447539,0.9448896191115083,0.9106973506487696,0.9640062838948074,0.9842968264073595,0.9938077685674775,0.9424631527248863,0.9773757151292214,0.9044188733069921,0.9372344714402789,0.9104529844522264,0.9341976401680094,0.9372344714402789,0.9470390403999659,0.9250013316406698,0.8995853467709887,0.9738697871341286,0.9442661027800154,0.9345041683711351,0.9276088134710658,0.9624920646450354,0.9683086794376969,0.986554806284329,0.935580996038617,0.9328182385565771,0.8904904028915424,0.93354955440907,0.986554806284329,0.9152582079543843,0.8784192254884181,0.9526370111116407,0.8754988991654504,0.9380414785683449,0.961325151342389,0.9870810478556497,0.9582144552981327,0.9019130960628183,0.9279034959226291,0.9562880686171875,0.9971276925647266,0.944383427890573,0.9443834278905732,0.973053360823401,0.9582144552981327,0.92500133164067,0.9710742509282574,0.9548120669934363,0.9886251033694343,0.9248100053233801,0.8813299315036964,0.9071820194155724,0.944383427890573,0.9644641533901628,0.9492063492063489,0.9562880686171875,0.9492063492063489,0.9492063492063489,0.9216615961278638,0.935580996038617,0.9188361382271664,0.9492063492063489,0.9620231262730154,0.9246129846828502,0.9992249226337293,0.9143052801998224,0.9822582257689433,0.9767639587317076,0.9428307668638465,0.9414106494210734,0.8915629911719022,0.9980353634264252,0.6928550600870436,0.9562880686171875,0.9176344520056339,0.9684201401478016,0.918035344709595,0.92500133164067,0.7024468607658532,0.9459533477380777,0.9333745907382669,0.9562880686171875,0.8961186971729784,0.9526370111116407,0.9470207508424532,0.8400061283921281,0.9642402977593338,0.8511921008492046,0.8789445153161299,0.9701429667321069,0.9457174376824435,0.9355809960386168,0.7670303732147921,0.9526370111116407,0.9384124008873465,0.9813818316380162,0.7473623310853851,0.888146704974508,0.989093201938321,0.9544316996038003,0.9815616099032831,0.9345041683711355,0.9765891832217266,0.889658452434827,0.9475597985845112,0.9738697871341286,0.8830688616383843,0.9623211158059548,0.9197926279183388,0.8812195370163453,0.9414106494210732,0.9171838909249068,0.9384124008873465,0.9871891849714203,0.843245262685177,0.9492063492063489,0.9544316996038,0.916441965519317,0.9851190476190474,0.9558694433263362,0.9384124008873462,0.6192338283352758,0.926270021131592,0.9485635112687547,0.9578055524052943,0.9107502494368844,0.960221152322577,0.9349803447622531,0.8904904028915421,0.8765646436149179,0.9459533477380777,0.9428469360414604,0.8591931342040491,0.9580166426603276,0.9865548062843288,0.8247763577362226,0.8480939174117053,0.9536021486748398,0.9268630210971769,0.9044188733069922,0.8605006952168124,0.9243203844516432,0.6988689831026895,0.9602211523225768,0.9369854052620168,0.9508971383859763,0.9825516086708621,0.9801193820390868,0.8928757609748674,0.9475597985845114,0.9942689960699099,0.9307072788920796,0.9623211158059548,0.8504648168526772,0.9526370111116407,0.9176344520056336,0.9106973506487697,0.9328339505740533,0.9784157310816315,0.97201754229775,0.9913026731221013,0.9734392564424441,0.9398636845831869,0.9248100053233803,0.9730533608234009,0.962321115805955,0.9492063492063489,0.9630223853436268,0.9934258576292214,0.9078303776591793,0.9200475251844389,0.9492063492063488,0.8752588887832635,0.998771078475984,0.9060540201833018,0.9225015741707872,0.9428307668638465,0.9998909281330146,0.9153139730017577,0.9037824656976652,0.9757533722166009,0.985380855181585,0.8740332331171861,0.9266101958517023,0.9562880686171875,0.9027019168030599,0.9288488221297497,0.9526370111116407,0.9152582079543843,0.9623211158059548,0.9275522446953857,0.9459533477380777,0.9623211158059548,0.8853010064654411,0.9730218450575301,0.9492063492063489,0.9919409286228256,0.9769520543277507,0.9632002305182419,0.9492063492063492,0.9384124008873465,0.9215835886662105,0.9136463571360584,0.9886251033694343,0.8280234816778034,0.9950603702402809,0.9886251033694343,0.9475597985845114,0.9486051204234525,0.9492063492063489,0.944383427890573,0.9471856021934963,0.9492063492063489,0.9341976401680094,0.9266101958517023,0.9582144552981327,0.9526370111116407,0.9562880686171875,0.9813818316380161,0.9475597985845114,0.9659561259078235,0.892037568655469,0.6912719235150715,0.9008039012040461,0.9492063492063489,0.9471856021934963,0.9773757151292214,0.9610880275993517,0.8953362974162413,0.9083158055901508,0.9582144552981327,0.9508971383859763,0.9913026731221013,0.9992249226337292,0.936985405262017,0.9492063492063489,0.9992249226337292,0.8977592394954913,0.92500133164067,0.8932410283108931,0.8904904028915422,0.9582144552981327,0.9301606414450718,0.9773757151292214,0.9471856021934963,0.8581965643072444,0.9492063492063489,0.9492063492063489,0.9461933143740785,0.9602211523225768,0.9565627197458326,0.995060370240281,0.9470390403999661,0.9431184894598297,0.9459533477380777,0.9829289980922029,0.9333745907382667,0.9492063492063489,0.9492063492063489,0.9564021026822451,0.8898549672341266,0.9414106494210732,0.9767639587317076,0.8829780861752916,0.930211740879983,0.9592572502158769,0.9448896191115084,0.9328339505740533,0.9290791856733022,0.9492063492063489,0.9851427757797313,0.9544316996038,0.962321115805955,0.9779177832860688,0.9582144552981327,0.9046651286446746,0.9492063492063489,0.9492063492063489,0.9161650815627647,0.9851190476190476,0.9643186967716388,0.9507968637523909,0.919285006617433,0.9870810478556493,0.9757533722166009,0.9372344714402789,0.899834938164396,0.8812418962256667,0.9492063492063488,0.9152582079543843,0.9519633001078116,0.981381831638016,0.9632002305182421,0.9215191722498273,0.9223986589047978,0.9106019687464655,0.9176344520056336,0.9508971383859763,0.9841885663437668,0.9492063492063489,0.8818175403500037,0.9176344520056336,0.8993922310882434,0.872763168035608,0.9745735375953718,0.9991271005058253,0.7803918079690165,0.9155456680159728,0.9562880686171875,0.998044190245674,0.8844627862504062,0.9950603702402813,0.9602211523225768,0.9400771100284838,0.9821075314053485,0.9290791856733022,0.9544316996038,0.9475597985845114,0.875911018859066,0.7276985130257299,0.9992249226337293,0.9665120503695124,0.962321115805955,0.9580166426603276,0.962321115805955,0.9510697823313443,0.9801193820390868,0.9647506825559773,0.8815663594924685,0.5910714285714271,0.9602211523225768,0.9938077685674778,0.9938077685674778,0.9498890045104484,0.9428469360414606,0.9475597985845112,0.9779134885361098,0.813535181217294,0.9508971383859763,0.9093230422687448,0.9613251513423888,0.9736191354376756,0.9997426847574196,0.9492063492063489,0.8918007079504509,0.0,0.7897778653703156,0.9602211523225768,0.9642402977593341,0.9341976401680097,0.8957154500195303,0.9492063492063489,0.9392104300114426,0.9482782933250231,0.9341976401680097,0.9377790450482392,0.9109668653456436,0.9290791856733023,0.9544316996038,0.9171261019833651,0.9660700296626721,0.88080771423487,0.9727033216394299,0.9355809960386168,0.9332874161616789,0.9623211158059548,0.9044988266272492,0.9492063492063492,0.9734392564424443,0.9701978599269918,0.8932410283108931,0.9027019168030599,0.9536021486748398,0.9492063492063489,0.9886251033694343,0.8581965643072444,0.9874185022010289,0.9331711877287372,0.9134383502130583,0.9080160434523864,0.9492063492063489,0.985672453372075,0.9778285536396952,0.9225015741707872,0.9492063492063489,0.9512348946167906,0.9980353634264251,0.9582144552981327,0.935580996038617,0.9475597985845114,0.9977140018671353,0.9314886672615055,0.9718218789028326,0.9779134885361098,0.9486714815870392,0.935580996038617,0.9276070808582184,0.9492063492063489,0.9758994362393925,0.9492063492063489,0.9582144552981327,0.9898517825240297,0.8729220086343707,0.962321115805955,0.973935300439098,0.9988840980544421,0.9442661027800154,0.9225015741707872,0.9492063492063489,0.920479891909311,0.86079734974897,0.9730137227220972,0.92500133164067,0.9152582079543843,0.973053360823401,0.9250013316406698,0.9237454173815309,0.9971276925647266,0.9292058051524483,0.9363122233940779,0.9971276925647266,0.8942700047615739,0.9544316996038,0.9751421018560732,0.9971276925647266,0.962321115805955,0.9314886672615055,0.7782187417099932,0.885400876353422,0.9475597985845112,0.9237454173815309,0.9341976401680094,0.8915825642164801,0.9992249226337292,0.957805552405294,0.9140827360776209,0.8207356119850877,0.9886251033694343,0.9938077685674778,0.8732827916508192,0.9225015741707874,0.9400050159634596,0.8628210251713138,0.8393038505914019,0.9890271575839276,0.9301606414450718,0.9508971383859763,0.9526370111116407,0.8679414084456809,0.996354656978774,0.7823646060405738,0.9758994362393925,0.9386131743457118,0.9544316996038,0.9562880686171875,0.9609655851742437,0.926270021131592,0.9307131725951661,0.7765306526370804,0.92500133164067,0.9626363586120699,0.9543800590178144,0.9237454173815312,0.9492063492063489,0.8669174086929953,0.8780124908814328,0.912915131908919,0.9004911494084336,0.9716131226567437,0.9562880686171875,0.9927913675399128,0.9573947735206049,0.9314886672615053,0.944383427890573,0.926270021131592,0.9372344714402789,0.9644641533901628,0.957870190272649,0.9398636845831869,0.7642583891701946,0.9475597985845114,0.9177771622806974,0.975059069762681,0.9526370111116407,0.9508971383859763,0.9215191722498273,0.9275522446953854,0.9526370111116407,0.9734392564424441,0.9142896034642766,0.9707225700884794,0.9459533477380777,0.9459533477380777,0.9030654324838645,0.9341976401680094,0.9414106494210732,0.9526370111116407,0.9215109071795371,0.9341976401680094,0.9562880686171875,0.8528139297820672,0.932833950574053,0.9508971383859763,0.9602211523225768,0.8356850800655677,0.9632002305182421,0.9918088876930138,0.9562880686171875
p301_L,0.6689083316830191,0.7572258022380449,0.660859713134609,0.8565269472627128,0.7866211206538799,0.8440565830183069,0.9216714649801212,0.9065393400742583,0.7270046486786204,0.8353653627728157,0.8483745442604138,0.8054295822822949,0.7505486208297509,0.698950570801353,0.912759974239783,0.9345984759136503,0.9260519438161892,0.7164488397748481,0.9622268329997987,0.9061368756587873,0.8376875568444102,0.7689244285564301,0.9396829012479775,0.8550156776844484,0.809267701039456,0.7393985974090265,0.7698170080916693,0.7883501980364072,0.9061368756587871,0.7726534137807148,0.7847595932095078,0.8144187923946173,0.8142990563745895,0.8609148343625068,0.78662112065388,0.8608518199425021,0.8550156776844486,0.7634578551008007,0.8440565830183071,0.7323753884960296,0.7137870224828535,0.7468867139257631,0.8580082307136386,0.7298737373425657,0.9781302557243623,0.6426521145409052,0.8039765114147406,0.6577887447144752,0.7109524752172356,0.5939790536034186,0.8737670973648668,0.5480082905281229,0.7393985974090265,0.7458152648045813,0.7789713334350992,0.8743055674000497,0.7055231852881505,0.758381053055492,0.7354104477294576,0.8297343501202492,0.7236635276459268,0.8531462253533177,0.9352935200228321,0.8276921184820343,0.8190873193696531,0.6521381071500958,0.9049485083889182,0.7018710400994993,0.8833367125329163,0.9622268329997987,0.6741528178793792,0.8823357814475892,0.843101255850654,0.4889376910069435,0.758381053055492,0.6356171636796919,0.8165644249113486,0.9699540642454019,0.6085835068840264,0.8440565830183067,0.9942699682423992,0.8627420290162626,0.9772128379006317,0.9341098649012982,0.758381053055492,0.6778967231627917,0.9690555914915182,0.6826287070949217,0.9384401238660409,0.777989101556023,0.758381053055492,0.583238751336487,0.5536041843640431,0.6291266856765958,0.8132443454030035,0.6086113530359629,0.6200082212397846,0.6557730466260121,0.46617882358038565,0.5098928418770794,0.7899143763440999,0.8641655417688414,0.7897778653703156,0.6946334863067687,0.8856362593447298,0.827060148923404,0.615849742918775,0.462254797402361,0.7002475745525759,0.6389893683193825,0.5724411185845484,0.7884037109284305,0.5235159841698298,0.6252598614054241,0.8039765114147406,0.44203857849450945,0.9063134821252565,0.8608518199425026,0.8812984813018137,0.5128744677244444,0.783920761082004,0.555686321823345,0.7625548701434592,0.7502502771378199,0.8035132498254285,0.4564680263996933,0.7967756161717694,0.8282311728698759,0.9201656104549851,0.961839081772033,0.564528147897438,0.9552673671688555,0.8737670973648664,0.8207663324301319,0.7698170080916693,0.5415169063715568,0.7445564255403502,0.8737670973648666,0.8114042753167636,0.7963267771106675,0.5830989400282325,0.8353653627728155,0.652138107150096,0.6803883531071331,0.6102944190714128,0.645433897751774,0.8184837600426289,0.6096558711921753,0.7963205193704967,0.59138601511483,0.9061368756587873,0.7577740524824725,0.7775626480709914,0.992637166761958,0.9049485083889186,0.7320517795341135,0.6605303932534825,0.7899886325658805,0.8821646253672126,0.8105439229548475,0.8021687555543426,0.8942600569458921,0.7726877408188058,0.5112669117705305,0.767070731065906,0.6727568446562899,0.8960616211877844,0.6812427093402296,0.981795038974961,0.7704446923004901,0.8762239943203829,0.7829632068236254,0.8514230616681104,0.8619291490521153,0.7160107749447824,0.712155343731351,0.894643490961601,0.9880888765292323,0.8420979796774455,0.8918829079584536,0.9915916589618765,0.8664623512659322,0.8954033651640374,0.9151915051873829,0.747585242133767,0.5277401482567994,0.5397386048759288,0.8622285972544461,0.8452070513960561,0.8041071051343203,0.9632839475377786,0.894775649954849,0.5255965758231138,0.5221586323281254,0.901120699152067,0.758381053055492,0.9132557391971272,0.9098641085707673,0.7561435280715012,0.688289370611328,0.8268419389977836,0.8877510244611109,0.758381053055492,0.6509017949786504,0.5343018563357562,0.8353653627728159,0.758381053055492,0.8281302165171687,0.7623691292878554,0.7312557033963076,0.6813226634544818,0.7418463997498939,0.7829632068236252,0.758381053055492,0.8353495815942453,0.758381053055492,0.6340538292232993,0.6657771027514898,0.6246867209209999,0.758381053055492,0.7376539578955092,0.758381053055492,0.8774433430270079,0.9197088545467409,0.6913393604255071,0.6154482062309772,0.8340710265917908,0.45679003488573033,0.7429069381436553,0.8250734885790942,0.945235593314059,0.7987891246424286,0.7170343609941932,0.9680844605470713,0.8425856863408152,0.863136906663047,0.9026235865523875,0.8469789473136093,0.9435367044718643,0.8359136063385517,0.6704385329744845,0.995830588321551,0.5556863218233448,0.9632839475377788,0.758381053055492,0.6536786099733256,0.758381053055492,0.8377758096932186,0.6676611735692473,0.7832373813705658,0.9256359157013891,0.4083290151558405,0.9132557391971272,0.6458944456431492,0.7391984546954598,0.5878835654425985,0.7754268322694216,0.5976076485889871,0.9243545721229425,0.5817680060768002,0.9903380152024661,0.6604867294700664,0.777989101556023,0.9216828222379452,0.51834851413709,0.8440565830183071,0.5240470183016639,0.9421614158479825,0.7911447687015544,0.8618140124031941,0.6533417875685852,0.9703258475148754,0.6849893100242904,0.681533828069443,0.6709116099762555,0.827060148923404,0.4503336703618763,0.9006569264519748,0.7726877408188058,0.8404725916053835,0.827060148923404,0.8354522685150578,0.5600299595265275,0.8514910516687033,0.7567888209390854,0.7186476178590229,0.8039765114147404,0.8350839121434095,0.48673515179114846,0.7763145111532375,0.9853618823459059,0.9544490872999929,0.31255700796913455,0.8270601489234033,0.6146989937519072,0.6025122537977782,0.6456360633991698,0.9065340858151636,0.9622268329997987,0.7897778653703156,0.7966441283324124,0.7763145111532377,0.8114042753167638,0.47461469844737836,0.7747014243336982,0.9243545721229425,0.7323753884960307,0.8998452926517108,0.6061513389782023,0.8144285140895293,0.6585793990426902,0.8065900591136543,0.8818712093587229,0.7392867821757174,0.6290282484885998,0.8707511192158017,0.7605588489338665,0.8707511192158017,0.8350839121434095,0.8175274870758776,0.7828475057974684,0.8649838216377038,0.758381053055492,0.8456002034186682,0.6971762144996898,0.7164488397748487,0.827060148923404,0.8568753576398451,0.8927251297287131,0.758381053055492,0.8092677010394558,0.9960185040188976,0.8440565830183067,0.771382013277081,0.6304796153473796,0.7501741687694419,0.9703258475148753,0.5113768850426845,0.43030918842358723,0.9961190246234446,0.9569155378933608,0.4833701290223509,0.9243545721229425,0.7659144426456057,0.47955231551190325,0.7706632114524496,0.8221563489551513,0.8440565830183067,0.45474782184900775,0.664083207052987,0.45283702119175173,0.7698170080916693,0.7779891015560232,0.9951216962272705,0.6756193105911108,0.4622145968720275,0.4314367666248363,0.3614743056901615,0.758381053055492,0.5700679706503506,0.9651504119862475,0.726763881714741,0.8281926662579331,0.8461628292403134,0.6536079826410264,0.758381053055492,0.758381053055492,0.9894503478415606,0.7941130491891121,0.5921058936997112,0.758381053055492,0.8707511192158015,0.789777865370316,0.6989505708013529,0.7029012861910118,0.5828747523662796,0.8462580005670897,0.7043524155950274,0.7689244285564301,0.4195487659268238,0.4272471581884876,0.758381053055492,0.6403300317633573,0.6727568446562897,0.446398901944136,0.410789998409106,0.8240580430421787,0.6699891400930613,0.9853618823459059,0.4073836470981709,0.758381053055492,0.3195283655582961,0.9788257250481218,0.8688664620827198,0.7879421693876181,0.9702641377775143,0.490492525823337,0.7888784557376951,0.758381053055492,0.7926359909179373,0.5724878541633949,0.758381053055492,0.8567269504320855,0.8392512639557947,0.6428302550070648,0.34670838572170926,0.43796248512422575,0.758381053055492,0.8469869652926236,0.728566748398448,0.9162985162668038,0.7952020363039187,0.7049867497425807,0.7304919868475066,0.6679875301271201,0.7293870800697873,0.8039765114147406,0.8231679506847895,0.65588342566726,0.8021516060453173,0.6436225768235129,0.8045494752952027,0.5909949097173073,0.7164888607453722,0.8114042753167636,0.7817471473127837,0.758381053055492,0.9284351619806999,0.7248563872730949,0.825104495457026,0.8355187037786174,0.8041033961762092,0.7696168576271617,0.9098803706471912,0.9714958007098065,0.7429069381436557,0.8726904482574116,0.8744980681654766,0.9808573220688626,0.6884695196626045,0.6857968468545803,0.801231469866509,0.6206488263058303,0.9877058550122559,0.9808573220688626,0.8479953711128712,0.6638220642299559,0.7927444267338892,0.8353653627728159,0.5739249383643719,0.732602650728755,0.873414516076657,0.7026286591499725,0.8403844230888082,0.7970447030423027,0.9845436024770435,0.9559152260794079,0.7626034921967881,0.9804210844194685,0.9077691731149915,0.7980482803778005,0.9327823197666081,0.7443256688918841,0.7351551103780936,0.7661670358667917,0.7080186714510877,0.9520910997702758,0.8561765449799482,0.6403272349632461,0.8874114409875786,0.7545272461445456,0.7394107432791492,0.36895118684600625,0.9570982237636055,0.676483777138591,0.8220679622926386,0.759591769882618,0.8023437480242925,0.8039765114147404,0.9439544618652653,0.7747082334776696,0.846979659144826,0.7329596540925555,0.9960185040188976,0.7750169339335031,0.8268419389977836,0.916298516266804,0.8771645181176806,0.7958561640457558,0.7698170080916695,0.8767816144427208,0.827060148923404,0.6895993906613844,0.4157133002350325,0.7656873744226764,0.7829632068236254,0.8104036875498974,0.4464166312939988,0.954111921401147,0.7614781847347727,0.5254135220594671,0.758381053055492,0.8190873193696531,0.758381053055492,0.758381053055492,0.38586725369765507,0.8998639210155853,0.6640832070529872,0.758381053055492,0.48656841713474774,0.5219352364888414,0.8175274870758775,0.8536842271785221,0.6843739679403193,0.5394291513903258,0.702573946982203,0.8867050832394225,0.46941874812903905,0.8651402576483784,0.9069573635042629,0.8244716253407955,0.664558525795967,0.6709116099762553,0.40821824881105984,0.6895993906613844,0.9569155378933603,0.909864108570767,0.5087553856315701,0.8514910516687033,0.6178591299669232,0.8039765114147406,0.7192976273576905,0.864204421266267,0.9433069026436995,0.962604783781754,0.3971715127340639,0.7043524155950269,0.6213319531362889,0.8310982734142554,0.9958767769610513,0.8047947912836029,0.7308556097169268,0.8258956469281085,0.7899886325658803,0.5072596297967799,0.6325194792177231,0.8144187923946176,0.7161514508073232,0.9781302557243623,0.8106372180523307,0.5433241102962221,0.837844168276169,0.4585132721316598,0.8588186696017395,0.8440565830183067,0.4046920101571726,0.5816049088640483,0.836770838968116,0.38212851121434355,0.7689244285564301,0.9025073211195377,0.8086639203326458,0.758381053055492,0.8114042753167636,0.76976768226719,0.9560615262442016,0.656257419914019,0.802315604249303,0.9565862940117036,0.7973304849151286,0.4778701941151957,0.8938391361804243,0.4501091286839217,0.8707511192158015,0.4375246807159705,0.9570982237636055,0.5858143868731532,0.7696168576271617,0.9668226601959564,0.7768907827441298,0.7412056506199436,0.7501741687694419,0.6860577717533014,0.7803408169246181,0.5235893075485722,0.6230673326754852,0.87308406883017,0.4997209375253634,0.5341626129417829,0.8656274418447552,0.8353653627728161,0.8559805319354532,0.7955439532394766,0.6017712134959607,0.8201260908776805,0.5372893352724728,0.7505486208297514,0.35081438501009776,0.4319363408296746,0.9185403795853202,0.7881698143708921,0.9853618823459059,0.790618680484148,0.7842519392715939,0.7662746835405343,0.9065389940809767,0.6895993906613844,0.7936732363445695,0.982965943910845,0.7754268322694224,0.997512947366199,0.8114042753167636,0.9185403795853204,0.758381053055492,0.8540839904867898,0.6494253030802168,0.5602968165485114,0.6690968327333886,0.758381053055492,0.6821114269583421,0.49828773006066474,0.6554424779728348,0.9944062766664021,0.7193510471098254,0.6608597131346094,0.6843296135232237,0.9388009011572753,0.9288390983865491,0.9181759615703395,0.47372252717180674,0.7020440235724565,0.8190873193696528,0.6139524740475124,0.7055231852881501,0.9544490872999931,0.777977889145292,0.8812984813018134,0.8009002134910509,0.7763145111532379,0.8440565830183069,0.9311614287731251,0.7477187808161248,0.7897778653703156,0.9134818300038918,0.6406051518092875,0.8350231408856079,0.7866211206538799,0.9690555914915182,0.358862238943884,0.40131027180107326,0.7779891015560232,0.8737670973648668,0.7614781847347725,0.7779891015560232,0.777989101556023,0.803914599332366,0.758381053055492,0.8218953199998424,0.9598804114628376,0.758381053055492,0.7501741687694414,0.9026235865523873,0.8350231408856075,0.8039765114147406,0.9864902868360456,0.9411441070211747,0.7505486208297512,0.36298891410707546,0.5263065363001869,0.8769420384818086,0.5265294482686217,0.758381053055492,0.615849742918775,0.9243545721229425,0.9978234613124481,0.6017851087054468,0.6552480653901709,0.8270601489234035,0.913255739197127,0.9571681444805585,0.9066807239840107,0.980524559928557,0.9309782033622502,0.9278442026519224,0.8103339003060526,0.8513350879318791,0.6813628268421115,0.8483745442604143,0.9284351619806999,0.7752212150536184,0.8039765114147406,0.8910742777540253,0.5581031902403988,0.758381053055492,0.9027381357638633,0.6748802355512553,0.8707511192158015,0.571138705448861,0.7958561640457558,0.9456381602484041,0.4772257795170164,0.7696168576271617,0.4434044824615122,0.49688550308586443,0.758381053055492,0.758381053055492,0.846064966278655,0.6545828380291737,0.6638867183188188,0.514931489347934,0.6016805561257094,0.5073159282138242,0.478566032477167,0.474565162724751,0.7220166287647438,0.5293050728278204,0.758381053055492,0.952853094785554,0.8114042753167636,0.8440565830183071,0.4526255306989131,0.827060148923404,0.5249656009416453,0.758381053055492,0.758381053055492,0.3607798655978681,0.7897778653703154,0.45992069575974603,0.7689244285564301,0.5420884171496221,0.7300591790541651,0.8840573482979428,0.7626034921967884,0.5299013890576678,0.4871149237845911,0.758381053055492,0.6492750543065731,0.49153870534058075,0.8258956469281091,0.9026064829238053,0.7312557033963077,0.991769087850715,0.9127599742397832,0.6591097302758993,0.7664239224831364,0.6999114225432252,0.758381053055492,0.4137324638536971,0.7342577018234695,0.7655039672351773,0.6007319816951275,0.6907060660401774,0.8700549980439255,0.7169099474692022,0.48793756526740895,0.7920678930417444,0.7784391180128292,0.6307238987567587,0.9177131204592912,0.8707511192158015,0.828320299814569,0.6958663923837365,0.38140536151321713,0.93612991941297,0.777989101556023,0.6247599120154498,0.8725208594320994,0.8699084854586623,0.8978494944939324,0.8207663324301319,0.7412056506199438,0.8952501289971457,0.8952501289971454,0.6805314664092541,0.7157879781321868,0.6651754765146636,0.9560615262442016,0.8707511192158015,0.7689244285564301,0.7308556097169253,0.43219467907618325,0.8397196570114844,0.7779891015560226,0.8725208594320992,0.6842206353869125,0.7967756161717692,0.5020125727566647,0.7960674760042148,0.6335322569747995,0.6760299519688351,0.758381053055492,0.5521903666172381,0.7897778653703156,0.0,0.8353653627728157,0.835402823477345,0.6869865299964524,0.6440841065762455,0.758381053055492,0.32773040320444846,0.3924431791359768,0.8627420290162624,0.4439178738504268,0.5516087136346488,0.4800051690562843,0.842585686340815,0.36585654761411146,0.6406261260121969,0.9558894061109808,0.6579495862380107,0.7563078409777635,0.6350777801842689,0.8812984813018137,0.7792297235115404,0.8180179329687025,0.9021883999923594,0.946604521283972,0.47654398122441755,0.9468474358562227,0.4129110378135019,0.9278214586458147,0.7779891015560232,0.5581031902403989,0.5477287026053657,0.8249824658722422,0.4706276423191844,0.49154435925830053,0.758381053055492,0.406615522516246,0.5572805515832613,0.7186476178590233,0.758381053055492,0.559224925394363,0.9159814589221673,0.827060148923404,0.8310982734142551,0.7505486208297512,0.75464849462566,0.7393985974090274,0.9435367044718641,0.8532077696360625,0.9676008674591128,0.9915514511506925,0.39842202014130645,0.758381053055492,0.8632680645962199,0.758381053055492,0.8946434909616015,0.677734586382637,0.6138464980332405,0.8440565830183071,0.7312600991541889,0.7190366084432656,0.6830822191703951,0.6989505708013528,0.758381053055492,0.6952373136179992,0.6959423905277603,0.7370400938077355,0.9322029365671265,0.961839081772033,0.9049485083889184,0.9869292147976262,0.8567269504320856,0.9184278084209281,0.5685331602469347,0.45504230234270615,0.9184278084209281,0.8565269472627128,0.8114042753167638,0.630644439803199,0.9184278084209281,0.8440565830183071,0.9341098649012984,0.9702641377775143,0.6756193105911106,0.810403687549897,0.8567269504320856,0.772687740818806,0.8268419389977836,0.7779778891452922,0.945707686083139,0.6640917657009221,0.9680274345627664,0.8328700630085668,0.9690555914915181,0.6956089580611324,0.679253523743683,0.6422733841786032,0.7140990171863543,0.7764782674032196,0.7420127326315442,0.8180670416112068,0.9714958007098067,0.8039765114147406,0.8622285972544463,0.8755502504082004,0.9704176657899954,0.8456819635796569,0.7725359919643388,0.8114042753167638,0.8190873193696531,0.9396863634504196,0.7107640375919861,0.847903832374838,0.8900024404386769,0.6895993906613844,0.8155965649280799,0.8326241164874548,0.7769231988006505,0.8180179329687021,0.7455660732219793,0.6108742399235361,0.7296560252630506,0.6250038169287998,0.9677799859885456,0.9811059808649043,0.8350839121434093,0.940145221422594,0.7611646999216716,0.8479344759539293,0.8383226080395354,0.9253250579099028,0.976249394198133,0.8286699042825473,0.7511109282724242,0.8935842249548953,0.8652846490024411,0.9470783190354952,0.9739975596013144,0.834071026591791,0.8258956469281091,0.6860323367588792,0.7385323623858829,0.9243545721229425,0.9847230385217608,0.705032544249611,0.9836301429312049,0.8564442696037553,0.8297343501202494,0.6067159215724804,0.975309889263084,0.6139524740475122,0.834071026591791,0.7206338599228885,0.7501741687694419,0.8514910516687031,0.6778865476575512,0.921177875255804,0.8841357084407875,0.8707511192158015,0.8896236051257387,0.8608518199425026,0.9563849593230064,0.8190873193696528
p301_M,0.8415724373376188,0.9540615556502021,0.9152641503417576,0.996705259555954,0.9602211523225768,0.9704919301607371,0.8651489736914957,0.8402999971050359,0.9246724996449085,0.0,0.9529044812989522,0.9589316626844853,0.9589316626844853,0.9393074128728371,0.981485790585267,0.6965730689929305,0.9564441004788364,0.9463456194504825,0.967275815149292,0.9688473520249223,0.911916104177739,0.9517679141853161,0.9495505106234361,0.18988738395518157,0.9506503681784946,0.9463456194504822,0.9564441004788364,0.9345618542101832,0.9688473520249223,0.8229648286294509,0.9412650880954543,0.9643133649175286,0.9552408029353749,0.9364368411420323,0.9602211523225768,0.9672758151492922,0.9615452872130623,0.9552408029353747,0.052790958159659174,0.945305581259918,0.9212094218042226,0.9881161094061225,0.9704919301607371,0.9317998283510542,0.9564441004788364,0.8805321013495042,0.9629078616894173,0.9698382173897018,0.945305581259918,0.915264150341758,0.217913666538759,0.8822041938925773,0.9463456194504822,0.9540615556502023,0.9552408029353747,0.9442782351269043,0.4409249591066058,0.960221152322577,0.7951128469173037,0.957673577027655,0.9264265757108794,0.8677629859955869,0.9463456194504827,0.6046145530539158,0.9657671730030435,0.8625107065618558,0.9643133649175286,0.7627456110866242,0.8197259030030244,0.9342541377090322,0.9383422423783936,0.945305581259918,0.9602211523225768,0.770476797162505,0.960221152322577,0.9110833848585063,0.9517679141853161,0.9529044812989522,0.8616255760827234,0.9704919301607371,0.33852203278982274,0.948467140918744,0.9422586572762626,0.9463456194504825,0.960221152322577,0.9354957453078969,0.9517679141853161,0.8470108069580575,0.6248918466796046,0.9589316626844855,0.960221152322577,0.915264150341758,0.764418092698022,0.8863615183906011,0.9422586572762628,0.9220700353609518,0.9135864513673662,0.911916104177739,0.7791342810179898,0.8580546626695635,0.9442782351269043,0.9629078616894173,0.9602211523225768,0.8888428923892235,0.8987127601538669,0.9672758151492922,0.9273099638694315,0.8037353107676906,0.9506503681784946,0.7674777878775861,0.9028202028772292,0.47223836690468357,0.8488894389623105,0.929090574034799,0.9629078616894173,0.830300007742161,0.9540615556502023,0.14649376057562669,0.9704919301607371,0.8888428923892238,0.9317998283510542,0.6965730689929296,0.9506503681784946,0.5285188435298713,0.9463456194504827,0.8438814653687015,0.9615452872130623,0.8913167644457044,0.9589316626844853,0.9336347991328915,0.9003549758958831,0.9629078616894173,0.9643133649175286,0.9704919301607369,0.9564441004788364,0.7428504253927599,0.6710740137143506,0.9643133649175286,0.9643133649175286,0.957673577027655,0.8470108069580575,0.9688473520249221,0.8625107065618558,0.8995337970065291,0.6905052205881459,0.9814857905852672,0.916106073886044,0.7481101185247634,0.945305581259918,0.8353653627728157,0.9688473520249221,0.9264265757108794,0.7627456110866242,0.9069398281965733,0.9448229719109481,0.945305581259918,0.9177967406513874,0.9857418255557404,0.760827233676319,0.9102521474185266,0.8295688743724916,0.9629078616894173,0.948467140918744,0.7988652819601516,0.919497451312518,0.934561854210183,0.7133628952414195,0.9212094218042226,0.9422586572762626,0.7428504253927599,0.9393074128728371,0.9589316626844855,0.9442782351269041,0.8763243374738703,0.8855324042412525,0.9044659624194149,0.9672758151492922,0.6924326497355209,0.9373855340691761,0.911083384858506,0.6012112501096867,0.9127504202483339,0.9442782351269043,0.958931662684485,0.8896682568954877,0.8855324042412522,0.8888428923892238,0.6438967509404699,0.9540615556502022,0.9984192168061299,0.3418241227800307,0.9246724996449085,0.8607374764874878,0.8107770727973276,0.5765774357238362,0.960221152322577,0.18988738395518112,0.9576735770276548,0.6480163263802967,0.8712137408638365,0.9152641503417576,0.958931662684485,0.960221152322577,0.8970707874646666,0.8353653627728157,0.10311526479750699,0.960221152322577,0.7612950419868545,0.9336347991328915,0.9110833848585063,0.888016693934205,0.9255474930154988,0.9589316626844853,0.960221152322577,0.72384952256244,0.960221152322577,0.8884740070227128,0.8737781800841438,0.8712137408638366,0.960221152322577,0.8913167644457044,0.960221152322577,0.8651489736914957,0.9273099638694315,0.934561854210183,0.9028202028772292,0.9629078616894173,0.8261452162494145,0.957673577027655,0.9495505106234361,0.4235217221540606,0.9264265757108792,0.8373542339687656,0.9364368411420323,0.9643133649175284,0.9212094218042225,0.6809249625855593,0.9238013891436974,0.919497451312518,0.9336347991328915,0.9336347991328915,0.28476628154721195,0.9102521474185263,0.9576735770276548,0.960221152322577,0.9238013891436974,0.960221152322577,0.8507520507155969,0.9336347991328913,0.9643133649175286,0.9432628256129656,0.8261452162494145,0.18988738395518123,0.9327142329596734,0.9506503681784946,0.916106073886044,0.952904481298952,0.8913167644457045,0.16012801111037722,0.8995337970065291,0.8995337970065291,0.7446242799760849,0.9589316626844855,0.9657671730030435,0.8660229158723234,0.052790958159659174,0.8694930837030934,0.7982162294178596,0.9473991727811977,0.8987127601538671,0.9019980934674425,0.9643133649175286,0.7373990487539733,0.8037353107676908,0.8261452162494142,0.9672758151492922,0.8660229158723234,0.9327142329596736,0.948467140918744,0.9229339640663332,0.9672758151492922,0.8838707840618651,0.7859928922387949,0.9657671730030435,0.9203519494821841,0.9393074128728371,0.9629078616894176,0.9364368411420323,0.7938420202985806,0.957673577027655,0.9629078616894176,0.9629078616894173,0.8422398757411221,0.967275815149292,0.8380544030567039,0.8863615183906011,0.9102521474185268,0.9157488137956811,0.967275815149292,0.9602211523225768,0.9453055812599178,0.9576735770276548,0.9643133649175286,0.7988652819601515,0.608871180492868,0.9629078616894173,0.945305581259918,0.9345618542101832,0.8553425819761742,0.5606698608677743,0.6560672089274788,0.8737781800841438,0.8727724895979354,0.7951738539477902,0.9415831046189614,0.9688473520249221,0.9246724996449085,0.9688473520249221,0.9364368411420321,0.5305876036228903,0.929090574034799,0.9629078616894173,0.960221152322577,0.9643133649175284,0.639668492123751,0.9463456194504827,0.9672758151492922,0.9657671730030435,0.9589316626844853,0.960221152322577,0.9506503681784946,0.967275815149292,0.9704919301607371,0.9299882837258,0.8616255760827234,0.948467140918744,0.9643133649175286,0.7612950419868546,0.8660229158723236,0.9506503681784946,0.9552408029353749,0.8754775406461834,0.2478244238303975,0.9364368411420325,0.8884740070227126,0.9540615556502021,0.9299882837258,0.9704919301607371,0.8303000077421608,0.9364368411420321,0.8208122474227109,0.9564441004788367,0.9589316626844855,0.9383422423783938,0.9102521474185266,0.7938420202985808,0.8855843507261225,0.8580546626695635,0.960221152322577,0.8855324042412522,0.5170450674334843,0.9373855340691761,0.9354957453078971,0.9688473520249221,0.74285042539276,0.960221152322577,0.960221152322577,0.43042363932742034,0.58643725295244,0.8896682568954877,0.960221152322577,0.9688473520249221,0.9602211523225768,0.9393074128728373,0.919497451312518,0.8107770727973276,0.9602211523225768,0.940281523787128,0.9517679141853161,0.868629248060816,0.8498227077519453,0.960221152322577,0.9069398281965728,0.9345618542101832,0.8218918489040505,0.8550340249592367,0.940281523787128,0.9386120482891329,0.9629078616894173,0.80493019780615,0.960221152322577,0.8412722731891724,0.9463456194504827,0.8896682568954877,0.8668942308995709,0.9615452872130625,0.8677629859955869,0.9552408029353749,0.960221152322577,0.9186457666042602,0.8826723723783977,0.960221152322577,0.940281523787128,0.8061163702373834,0.8763243374738703,0.855342581976174,0.7988652819601515,0.960221152322577,0.827192877434851,0.88718959219572,0.9657671730030435,0.8838707840618651,0.8553425819761739,0.9273099638694313,0.9281978840490723,0.965073786007691,0.9629078616894173,0.9203519494821841,0.9110833848585063,0.9836543654419934,0.7683562018798867,0.9011763798631671,0.8987127601538669,0.9495505106234361,0.9643133649175286,0.9463456194504827,0.960221152322577,0.967275815149292,0.922933964066333,0.823244210297909,0.952904481298952,0.9961565139931365,0.957673577027655,0.8777627336524751,0.9535979799037622,0.957673577027655,0.952904481298952,0.9602211523225768,0.9540615556502023,0.9052897938321482,0.9246724996449085,0.967275815149292,0.7410552836650504,0.9688473520249221,0.9540615556502021,0.9495505106234361,0.8000967040108102,0.9517679141853159,0.9688473520249221,0.8013187333394383,0.934561854210183,0.9152641503417578,0.9473991727811977,0.9517679141853164,0.9238013891436974,0.9629078616894173,0.9364368411420323,0.6520321555681019,0.9036427959670748,0.948467140918744,0.9686270243184087,0.952904481298952,0.9412650880954541,0.9120142963323283,0.8603930719852719,0.9255474930154988,0.9564441004788364,0.8219504316646624,0.9144243194673916,0.4867141202959967,0.948467140918744,0.9495505106234361,0.8571539835218493,0.952904481298952,0.8838707840618653,0.948467140918744,0.9336347991328913,0.8383410681534733,0.9629078616894173,0.878853978185034,0.8607374764874873,0.9354957453078969,0.9212094218042226,0.967275815149292,0.8525992707005727,0.6323557490634328,0.9657671730030435,0.934561854210183,0.9564441004788364,0.9564441004788369,0.9643133649175286,0.04802371343395262,0.9412650880954538,0.8633929371948168,0.9317998283510545,0.9589316626844855,0.9589316626844853,0.8616255760827234,0.5714316619801894,0.9564441004788367,0.8995337970065291,0.960221152322577,0.9657671730030435,0.960221152322577,0.960221152322577,0.8580546626695635,0.4492933739654301,0.9364368411420321,0.960221152322577,0.7912691723776102,0.7548473970189569,0.9336347991328915,0.96110154420708,0.9497216571784262,0.8479521653438946,0.5864372529524398,0.6396684921237519,0.8746288432976692,0.30399448564507314,0.649641994069337,0.9657671730030437,0.9354957453078971,0.8208122474227109,0.88718959219572,0.9412650880954541,0.9552408029353749,0.2639905338697758,0.8153105908663696,0.9657671730030435,0.9186457666042602,0.9629078616894173,0.9220700353609517,0.42352172215405903,0.9473991727811975,0.9495505106234361,0.8813688685160488,0.9402815237871278,0.9264265757108794,0.9495505106234361,0.9373855340691764,0.9629078616894176,0.9517679141853164,0.9615452872130625,0.9327142329596736,0.8880166939342051,0.8746288432976692,0.9643133649175286,0.8880166939342051,0.360645243344608,0.8271928774348511,0.9135864513673666,0.9589316626844853,0.8218918489040508,0.9422586572762626,0.9704919301607369,0.8479521653438946,0.8796938264815499,0.591165145597911,0.8460652828957038,0.9517679141853161,0.5714316619801891,0.9077662249784124,0.960221152322577,0.9643133649175286,0.9345618542101832,0.9602211523225768,0.8913167644457045,0.9517679141853159,0.957673577027655,0.9422586572762626,0.8677629859955869,0.9495505106234361,0.7963735388385417,0.9688473520249223,0.8383410681534733,0.952904481298952,0.8954284206508372,0.957673577027655,0.9552408029353747,0.8125986986748954,0.9336347991328913,0.948467140918744,0.8635477725273676,0.9061143838323407,0.8516775459542527,0.7089549861069415,0.9364368411420321,0.764418092698022,0.8913167644457045,0.9412650880954538,0.9688473520249223,0.9506503681784946,0.9615452872130625,0.8737781800841438,0.9238013891436974,0.916106073886044,0.9589316626844855,0.8402999971050358,0.8754775406461834,0.9209839463193067,0.7134376329597013,0.9629078616894173,0.9354957453078971,0.934561854210183,0.9473991727811975,0.6438967509404698,0.9412650880954538,0.9812882646010126,0.967429636484679,0.952904481298952,0.9611058687776596,0.9643133649175286,0.9704919301607371,0.960221152322577,0.5098945909109296,0.8946068956234314,0.8488894389623107,0.9373855340691761,0.960221152322577,0.9085936746436276,0.8625107065618558,0.9264265757108794,0.9393074128728374,0.9246724996449083,0.9152641503417578,0.9069398281965728,0.8141886315781511,0.9432628256129656,0.9264265757108794,0.8830381436111516,0.9144243194673913,0.9657671730030437,0.9238013891436974,0.4409249591066057,0.9629078616894176,0.9336347991328913,0.9704919301607371,0.9432628256129654,0.9576735770276548,0.9704919301607371,0.9540615556502023,0.9442782351269043,0.957486356544754,0.8763243374738703,0.9094222802137255,0.967275815149292,0.9574863565447539,0.42352172215406014,0.8186326921786737,0.8451155112420421,0.9589316626844855,0.9643133649175286,0.9564441004788367,0.9589316626844855,0.9589316626844855,0.9364368411420323,0.960221152322577,0.28476628154721206,0.5714316619801896,0.960221152322577,0.948467140918744,0.9144243194673916,0.9672758151492922,0.9629078616894173,0.9657671730030435,0.9615452872130625,0.9589316626844855,0.8049301978061499,0.8888428923892238,0.9495505106234361,0.7872929989765255,0.960221152322577,0.9273099638694315,0.9629078616894173,0.948467140918744,0.8383410681534733,0.9281978840490721,0.9672758151492922,0.9615452872130625,0.368735959616577,0.9336347991328915,0.9506503681784946,0.9602211523225768,0.5841653633473125,0.9383422423783936,0.9412650880954538,0.8737781800841438,0.952904481298952,0.9672758151492922,0.945305581259918,0.9629078616894173,0.9273099638694315,0.9138808918740069,0.960221152322577,0.9602211523225768,0.9077662249784124,0.10311526479750699,0.9101481973477736,0.9564441004788367,0.952904481298952,0.8625107065618558,0.957673577027655,0.8363623635331233,0.8153105908663697,0.960221152322577,0.960221152322577,0.9327142329596736,0.8677629859955869,0.9238013891436971,0.8308063456911841,0.74285042539276,0.855342581976174,0.8746288432976692,0.8013187333394383,0.9473991727811975,0.823244210297909,0.960221152322577,0.9698382173897018,0.9643133649175286,0.052790958159659174,0.8677629859955869,0.9672758151492922,0.8677629859955869,0.960221152322577,0.960221152322577,0.8240313055654187,0.9602211523225768,0.8175324891292568,0.9517679141853164,0.8880166939342051,0.9212094218042226,0.9432628256129658,0.9212094218042226,0.7597088814001953,0.8830381436111514,0.960221152322577,0.9336347991328913,0.781914478659313,0.9615452872130623,0.9672758151492922,0.9110833848585063,0.7925608625062857,0.5550366476795268,0.9354957453078969,0.9615452872130625,0.8896682568954877,0.960221152322577,0.8642723367835958,0.5717909861593462,0.6046145530539158,0.9003549758958829,0.8946068956234314,0.9540615556502023,0.9255474930154988,0.8855324042412522,0.9657671730030435,0.8970707874646666,0.7508435140078351,0.9564441004788364,0.9688473520249221,0.996705259555954,0.9463456194504825,0.8535173013518575,0.21791366653875854,0.9611058687776594,0.9028202028772292,0.9442782351269043,0.9336347991328913,0.9383422423783936,0.9704919301607369,0.9336347991328913,0.9704919301607371,0.9704919301607371,0.9238013891436974,0.9373855340691764,0.9186457666042602,0.9602211523225768,0.9688473520249221,0.9517679141853161,0.9517679141853159,0.868629248060816,0.9552408029353752,0.9589316626844853,0.9942420842964469,0.9169502243571082,0.27474411683835664,0.8635477725273675,0.990241664033759,0.8616255760827234,0.8441614090406864,0.960221152322577,0.915264150341758,0.9602211523225768,0.8353653627728157,0.0,0.9473991727811975,0.9484671409187437,0.88718959219572,0.960221152322577,0.8826723723783976,0.8479521653438946,0.46108521599255603,0.7951128469173037,0.7704767971625048,0.7873288227034383,0.9643133649175284,0.8970334570250009,0.8788539781850342,0.8836456641177746,0.8451155112420429,0.9495505106234361,0.8771692991060438,0.9704919301607369,0.9495505106234361,0.9602211523225768,0.9203519494821841,0.945305581259918,0.8737781800841435,0.5911651455979119,0.8516775459542527,0.960221152322577,0.9589316626844855,0.8763243374738703,0.8913167644457045,0.9186457666042602,0.8218918489040508,0.8393229587602621,0.960221152322577,0.8119220126818756,0.892962784146768,0.9393074128728371,0.960221152322577,0.7515166263557423,0.9552408029353747,0.9672758151492922,0.9495505106234361,0.9589316626844855,0.8796938264815499,0.9463456194504827,0.919497451312518,0.9442782351269043,0.9281978840490721,0.9495505106234361,0.8535173013518573,0.960221152322577,0.9961565139931365,0.960221152322577,0.14649376057562669,0.8694930837030936,0.9094222802137255,0.052790958159659174,0.9422586572762628,0.8451155112420419,0.9748350526392386,0.9393074128728374,0.960221152322577,0.7628646596352011,0.777725051686036,0.8830381436111514,0.9412650880954538,0.9336347991328917,0.9448229719109481,0.9412650880954543,0.47834154602285417,0.9345618542101832,0.916106073886044,0.8393229587602622,0.9345618542101832,0.9393074128728374,0.9643133649175286,0.9539382344839205,0.9345618542101832,0.052790958159659174,0.9463456194504827,0.9615452872130625,0.9102521474185266,0.9589316626844853,0.536479239041855,0.948467140918744,0.9152641503417578,0.9336347991328915,0.9495505106234361,0.9327142329596738,0.4928507172686877,0.9589316626844853,0.42352172215406014,0.8525992707005727,0.9393074128728374,0.922933964066333,0.7612950419868545,0.9308912761119588,0.9281978840490723,0.945305581259918,0.27474411683835664,0.9493957255905625,0.922933964066333,0.9627660172534369,0.9432628256129656,0.9432628256129656,0.9698382173897018,0.9643133649175284,0.9657671730030435,0.6847651610825081,0.942258657276263,0.8954284206508372,0.9354957453078971,0.9412650880954541,0.729807133414448,0.9506503681784946,0.9402815237871283,0.9602211523225768,0.8720706944005916,0.9044659624194149,0.9317998283510545,0.9220700353609517,0.7355368666803932,0.9657671730030435,0.9364368411420321,0.6794328770235869,0.9463456194504822,0.9564441004788364,0.9422586572762628,0.9212094218042226,0.6899191265633615,0.8119220126818758,0.9529044812989522,0.8780124908814328,0.9589316626844853,0.7024071207326095,0.8607374764874878,0.9629078616894173,0.9615452872130623,0.6935694561765535,0.9432628256129652,0.9629078616894173,0.9674296364846788,0.7089549861069415,0.863392937194817,0.9576735770276548,0.957673577027655,0.7997152688655995,0.948467140918744,0.9238013891436974,0.9629078616894173,0.7176456466787744,0.9484671409187437,0.9657671730030437,0.916106073886044,0.9473991727811975,0.9535979799037623,0.10311526479750599,0.9102521474185268,0.14649376057562669,0.8580546626695635,0.9657671730030437
p302_F,0.8278410788352514,0.8511599774339171,0.8569246572337172,0.8975213827250901,0.932833950574053,0.9501760208500687,0.9302539793625287,0.8924880195728342,0.8728105285248215,0.9473991727811975,0.9204798499326443,0.8193145336211938,0.9306566646589698,0.9230054833172634,0.8817861584679045,0.9876194409877957,0.9786393975617036,0.8922690007996057,0.9320948271810627,0.9881161094061227,0.9277223017843542,0.9619687983522078,0.9598692082125242,0.9350697345319547,0.91667381023818,0.9094052998937725,0.9264564493231813,0.991099301531293,0.9881161094061227,0.9439105339405488,0.9008268910150359,0.9397435965156078,0.9244246976009176,0.892674460956127,0.9642402977593341,0.9447456538980155,0.9350697345319545,0.9244246976009174,0.9501760208500689,0.8971521208062062,0.866963168156325,0.6855506822612085,0.9819567482913832,0.9510020620510797,0.8837352444465892,0.8220583003733801,0.9373704232137268,0.8029854516603709,0.9076492093936457,0.9167530562399291,0.9397435965156078,0.9206291207216941,0.9094052998937725,0.9677148480463276,0.5660018282600826,0.9443618136993994,0.9059145492620324,0.9328339505740528,0.8325551908234122,0.9285324039439791,0.9068526714114968,0.8687280692572841,0.9490704397550975,0.9254635393306819,0.942198331919694,0.927225642963013,0.9397435965156078,0.9472361808993536,0.8722534309701606,0.9447456538980157,0.8958917053231716,0.9076492093936457,0.8613145460927207,0.8865514587159431,0.9328339505740528,0.8498654909309762,0.9185607716438655,0.8579614827921468,0.8244584323215548,0.9501760208500687,0.9647915833876861,0.9540147404500323,0.9025045192170256,0.909405299893773,0.9328339505740528,0.9377335525576861,0.9185607716438655,0.9684005812197803,0.9396671510274334,0.9306566646589698,0.9328339505740528,0.9983760863126883,0.9377344362385001,0.9051237963356145,0.8360405861369657,0.9822208584411789,0.9938360576449194,0.8512715263045252,0.7402353321258097,0.8554452126137899,0.9443618136993994,0.9373704232137268,0.9328339505740533,0.9429099364232328,0.854546208486769,0.9447456538980155,0.8772638514038553,0.8018096937411096,0.6151307315476421,0.9970225296242924,0.9665354521251555,0.8871832358674471,0.8529860657001472,0.880270387725502,0.9373704232137268,0.8667770403987131,0.9677148480463276,0.9936745866415235,0.9501760208500687,0.8205212638590498,0.8853408577551583,0.9850607921252732,0.870510072391739,0.9008268910150359,0.9094052998937732,0.8361215673069281,0.9350697345319545,0.9362905229479634,0.9306566646589698,0.7769999831018015,0.7815096112113618,0.9373704232137268,0.7761414525822008,0.9501760208500687,0.9264564493231813,0.7954465711283287,0.9479749793545432,0.9397435965156078,0.9397435965156078,0.9772068366488,0.8531873485669539,0.9473991727811975,0.8450965481594563,0.9642422867180609,0.9894003837489755,0.9571900491571013,0.8285017548464544,0.9269858616034761,0.8190726528861471,0.8326617657042219,0.9473991727811977,0.9377452834131271,0.9715604484791779,0.9766405271107834,0.9397435965156078,0.9466889433536754,0.861200901917617,0.9195505082342441,0.8962811675271813,0.8757817245775488,0.9459328919310458,0.9373704232137268,0.881876139215311,0.7939719872239424,0.8640725290007103,0.9233721476659593,0.8868465911678372,0.9254635393306819,0.9772059176873138,0.9916377529077619,0.7435323493596162,0.9306566646589698,0.9059145492620324,0.9555812918987133,0.8789644811682346,0.9441595731099779,0.9447456538980155,0.9823879636404587,0.8955462703668948,0.9872190633517801,0.9483346014800047,0.8804653487557288,0.9443618136993994,0.6692972525892921,0.9652786001311677,0.9276124326117807,0.9836568600382574,0.7087419537043023,0.9224335544163886,0.919047338673752,0.9285324039439791,0.7603074230369727,0.8719708978444717,0.9654359300315953,0.8757722623764217,0.9328339505740528,0.9350697345319545,0.9772068366488,0.832858019457172,0.898451495349158,0.9417955146810999,0.6692972525892922,0.9328339505740528,0.8262054086487347,0.7911447687015538,0.9473991727811977,0.9328339505740528,0.9894668454657731,0.8879432507007243,0.8773362054151366,0.8597178833007998,0.9051106770251172,0.9306566646589698,0.9328339505740528,0.9715604484791776,0.9328339505740529,0.9754640353774322,0.9268443942289721,0.9856431424459156,0.9328339505740528,0.964821613491783,0.9328339505740528,0.9324659443381467,0.939957779158985,0.97503712153604,0.8359132192646181,0.9373704232137268,0.7947607687413728,0.9772068366488,0.9983594330401346,0.918560771643866,0.9377452834131271,0.9690176748318122,0.8926744609561268,0.7761414525822008,0.9262698231600373,0.863321659070412,0.8713396701567193,0.8143472748274805,0.9214489273204716,0.810505659721549,0.8837352444465887,0.9850607921252732,0.9254442979415589,0.9328339505740528,0.9623366128450226,0.9328339505740528,0.9270908744848477,0.9445283662005388,0.6056724820408861,0.8306046177393213,0.8168388270925608,0.9350697345319545,0.8814797649328898,0.9166738102381802,0.9993119428479293,0.9204798499326441,0.7879587276075835,0.9373704232137268,0.9587351334794105,0.9073867469443917,0.8047914336576222,0.9306566646589698,0.9397007289779525,0.9342186777459942,0.9501760208500689,0.7816637503832424,0.8971099143179816,0.9918372319688107,0.9312512615789827,0.9905712306883478,0.7761414525822009,0.7950111750251773,0.8906096820615059,0.918224472693183,0.9447456538980155,0.8365853468216276,0.8863888870954333,0.9540147404500321,0.9796310326661767,0.9447456538980155,0.8595467458081462,0.9790759123617845,0.942198331919694,0.894956093775602,0.887110856525734,0.9373704232137268,0.8926744609561268,0.7636167135362328,0.9285324039439791,0.9373704232137268,0.9373704232137268,0.8446979809809643,0.9447456538980155,0.9109395941061968,0.9493749368864169,0.8757817245775488,0.9463853754969072,0.9447456538980157,0.9328339505740533,0.819072652886147,0.9285324039439793,0.9397435965156078,0.8830288233047456,0.9832783620912897,0.9373704232137268,0.8971521208062063,0.7041285060747052,0.7557478947704019,0.992095146371571,0.7725202926478125,0.9968285142006781,0.9468683235776647,0.9448136402311287,0.9606639406993717,0.9473991727811977,0.9033840325613385,0.9473991727811977,0.9688274750145475,0.9445283662005388,0.9282779134201073,0.9373704232137268,0.9328339505740528,0.9397435965156076,0.9769987586961084,0.8922690007996057,0.9447456538980155,0.8215997898755991,0.9693318146530953,0.9328339505740528,0.9166738102381802,0.6857757893392193,0.7104878248571902,0.8817861584679045,0.8345541328101034,0.9129874603663684,0.6624954722213245,0.9663776126788252,0.8883794826595186,0.9981997428137878,0.9244246976009176,0.9069075201326624,0.9922127245794843,0.892674460956127,0.9530292168965762,0.9417225646937945,0.9571900491571013,0.9501760208500687,0.823926769825553,0.9688274750145474,0.807834180937243,0.9739085258807387,0.9306566646589698,0.820488166791806,0.9850607921252732,0.9423554178640614,0.7615622747017021,0.873335318563335,0.9328339505740528,0.9514981385007291,0.8350249440689526,0.8955462703668949,0.9937940417831581,0.7301772381554027,0.9916377529077619,0.9328339505740528,0.9328339505740528,0.7019534510060581,0.8214544311100064,0.9856069410800139,0.9328339505740529,0.9473991727811977,0.9328339505740533,0.8975213827250901,0.8640725290007105,0.7911447687015537,0.9328339505740533,0.8991661559057054,0.864399094814424,0.8934077299130396,0.8582481304404002,0.9328339505740528,0.8428691512227089,0.9411735446033734,0.8096490120115228,0.8280924760366081,0.9190473386737521,0.8530566939384985,0.9373704232137268,0.7815576407655029,0.9328339505740528,0.8429903529773055,0.9094052998937732,0.9119352528967863,0.9721840531354962,0.7995979460862805,0.7767195799489961,0.8439509959722643,0.9328339505740528,0.7018483820732544,0.9423933836735868,0.9328339505740528,0.9355234569898137,0.8500140760747578,0.8146618761013407,0.868317439230158,0.7717077782037415,0.9328339505740528,0.7744589295614168,0.8824939460418757,0.942198331919694,0.9797381293073799,0.9583730747979633,0.8092665098204974,0.9103859581885778,0.9921931468092146,0.9373704232137268,0.8106363451721063,0.957839507679898,0.8763264907178425,0.833070016802548,0.9885003441128339,0.8289778574560311,0.9148167155454527,0.9397435965156078,0.9490704397550973,0.9328339505740528,0.9447456538980155,0.9796310326661767,0.9328907017055412,0.857961482792147,0.9042000439512239,0.9285324039439793,0.9553691259085311,0.9881361984083077,0.9285324039439793,0.7693380158820629,0.9328339505740533,0.9224335544163884,0.8400830903851959,0.9437484472560751,0.6241960298787586,0.8710968232761246,0.9473991727811977,0.9677148480463276,0.9598692082125242,0.7737003046603441,0.9185607716438655,0.9881161094061225,0.9535243868097455,0.9073099676707066,0.8852149430495115,0.9515107212475633,0.9512151482311083,0.9016719843861538,0.9373704232137268,0.9619234929707896,0.926269823160037,0.9947670284298131,0.758794298964319,0.955116866832538,0.8579614827921473,0.9376689775178677,0.9052103298201706,0.9916629735464053,0.9407756531775998,0.9311873210041463,0.9984374869620815,0.9960924775122679,0.9589001101087927,0.9229034192989759,0.9148167155454525,0.87166346792772,0.769338015882064,0.8039173803940003,0.758794298964319,0.8879432507007241,0.9627083332056217,0.9373704232137268,0.9373903551042682,0.9173673979124735,0.9253216361240024,0.8661568843269694,0.9936745866415237,0.9754640353774322,0.9733336278715176,0.9987511985291292,0.9233721476659593,0.926456449323181,0.9264564493231813,0.8329644427626388,0.9447456538980155,0.9149626764708055,0.8833614078696105,0.8848449272091168,0.9306566646589698,0.9306566646589698,0.8017259366636653,0.9086108152814203,0.9264564493231813,0.9587351334794108,0.9328339505740528,0.9421983319196943,0.9328339505740528,0.9328339505740528,0.7650387230061649,0.9148167155454525,0.8926744609561268,0.9328339505740528,0.7818813267287887,0.725729900169743,0.8879432507007241,0.8053211845171075,0.8428691512227089,0.7655907544511402,0.9951045446708902,0.8713396701567193,0.6973370069146279,0.9244246976009174,0.9322776343834581,0.9421983319196945,0.9719697553872638,0.8609949437949368,0.9311424812015243,0.9149626764708055,0.9829255798283557,0.9285324039439793,0.9582737122755723,0.9421983319196943,0.9631586703356186,0.9373704232137268,0.9224757228475762,0.9946231749394501,0.9275097465886941,0.9598692082125242,0.8950566697159812,0.9355234569898137,0.8755844653429767,0.7927837732231597,0.9993650229201636,0.9922127245794845,0.918560771643866,0.9350697345319547,0.9527121293730549,0.725480503106768,0.8818307613928058,0.9466104231235154,0.9817183578868094,0.9264564493231815,0.8186198844949699,0.9938360576449194,0.9306566646589698,0.831725458060642,0.9025045192170256,0.9501760208500687,0.8548766696141696,0.9866009482782852,0.7343402448606318,0.873777826349144,0.8643990948144241,0.8772638514038555,0.9406141667173727,0.9328339505740528,0.9397435965156078,0.9910993015312932,0.6554630427594947,0.8906557158215924,0.9078071215227655,0.9285324039439793,0.9025045192170256,0.7767195799489963,0.8763264907178426,0.7676870022298568,0.9881161094061224,0.8378448528258815,0.9022732162471891,0.8241927065362624,0.9285324039439793,0.9829255798283554,0.9464431018835202,0.7769999831018015,0.9129874603663681,0.9808518939487216,0.9213409136091189,0.8616111599916203,0.707731886684517,0.8926744609561268,0.993259196780284,0.9400996476017196,0.9518047629736371,0.9473991727811977,0.91667381023818,0.6403985544572215,0.9501724342195408,0.9623366128450226,0.9708435781810171,0.980662425002937,0.9300233743354357,0.9069075201326624,0.9501760208500687,0.7625257903768148,0.9373704232137268,0.9377335525576861,0.8895085707332924,0.9918372319688105,0.9902701807825038,0.9376689775178677,0.9556365193397718,0.9832783620912895,0.9204798499326443,0.8693202939651614,0.9397435965156078,0.9501760208500687,0.9328339505740528,0.9342029590072161,0.8471209594283744,0.8976707417821044,0.9305758392712088,0.9328339505740529,0.9808097817179702,0.9044578620752597,0.9377452834131272,0.8975213827250901,0.8728105285248215,0.9983760863126883,0.9430966473563718,0.8630977024108151,0.9042000439512241,0.937745283413127,0.9942788437025747,0.8633216590704117,0.9421983319196945,0.9769987586961085,0.9059145492620324,0.9529449740547579,0.8879432507007241,0.6426205939986416,0.9420850922811461,0.9285324039439793,0.7104878248571904,0.9224335544163886,0.9443618136993994,0.9328339505740533,0.861635014700465,0.8470607380739363,0.624196029878759,0.6554630427594952,0.9185607716438657,0.8203947683273825,0.7717077782037416,0.9306566646589698,0.9397435965156078,0.9264564493231813,0.9306566646589698,0.9306566646589698,0.6918313469558965,0.9328339505740528,0.9786393975617036,0.939957779158985,0.9328339505740528,0.8818761392153114,0.8555066140949479,0.9447456538980155,0.9373704232137268,0.8806502594267756,0.5873320905808668,0.980662425002937,0.8412790712895706,0.9347013910125843,0.9565880742927937,0.7650388283804616,0.9328339505740528,0.9660013292083212,0.9373704232137268,0.9129874603663684,0.8740653047751789,0.942008823689197,0.7473555487996806,0.9350697345319547,0.7853836254437074,0.8440113363412967,0.959237033712196,0.932833950574053,0.9445283662005389,0.8958917053231716,0.9376689775178677,0.9798434458087533,0.9908966831572723,0.932094827181063,0.9076492093936457,0.9373704232137268,0.966001329208321,0.7860664458061035,0.9328339505740528,0.932833950574053,0.8442645110768852,0.9473991727811977,0.8087141867850514,0.9264564493231813,0.8579614827921467,0.9589354525982218,0.9285324039439793,0.9893653614455747,0.798645625957001,0.9328339505740528,0.9328339505740528,0.985873750511866,0.8457259469302121,0.9769987586961084,0.8995196271956843,0.9679804555784388,0.9740851985261829,0.9052103298201706,0.8423724506394116,0.9111842105263157,0.9772683367758914,0.9328339505740528,0.7731128838635691,0.9397435965156078,0.9501760208500689,0.8917301915843561,0.9447456538980155,0.7172337288554196,0.9328339505740528,0.9328339505740528,0.8132574257235858,0.9642402977593341,0.8023447593408504,0.9185607716438657,0.9329181680524057,0.8669631681563248,0.9420850922811461,0.8669631681563248,0.7330789897459383,0.9223660816349408,0.9328339505740529,0.8879432507007239,0.8574796216625584,0.9350697345319545,0.8089353082601418,0.875427364227415,0.9700685995162525,0.957190049157101,0.8910854332944245,0.9350697345319547,0.8137063353191496,0.9328339505740528,0.7266607834390821,0.8910854332944245,0.955116866832538,0.8317507166547384,0.9724999545453421,0.7605973901740387,0.9099529192181433,0.999853910055725,0.8215997898755991,0.9276622159455052,0.9092397479584174,0.7413790147739161,0.9473991727811977,0.9334160095166193,0.9715992805222546,0.7532087786684055,0.9397435965156078,0.9306566646589698,0.9404110055530479,0.9059145492620324,0.8440113363412965,0.8913931987630618,0.9501760208500687,0.9884602805599663,0.8462222865742867,0.6426205939986415,0.9769987586961084,0.9643354540158497,0.9207034237699971,0.9842968264073595,0.9473991727811977,0.9619687983522078,0.647358961272712,0.9855881124049637,0.9829255798283555,0.9306566646589698,0.9828090781367664,0.9457264041523683,0.9350697345319545,0.6937637394586502,0.7323163355802196,0.9027516197837719,0.9148435657869483,0.9328339505740528,0.9983760863126883,0.9642402977593341,0.835402823477345,0.9473991727811975,0.0,0.9129874603663684,0.8095211433024023,0.9328339505740528,0.7676870022298568,0.8548766696141696,0.9129874603663681,0.7656581909429556,0.7266607834390821,0.7532087786684056,0.9397435965156076,0.7357813976404657,0.897008563590469,0.9218411059864418,0.8498006684528447,0.9565880742927937,0.910312461793505,0.9501760208500687,0.9148167155454525,0.8098516702594136,0.9243968498808313,0.9076492093936457,0.6999069659219297,0.8713396701567193,0.8616111599916203,0.7583887944261074,0.9306566646589698,0.8330395844052277,0.8164898181514022,0.9921931468092146,0.8096490120115227,0.8395639625721504,0.9328339505740528,0.8372735655148074,0.819269100283812,0.9230054833172634,0.9328339505740528,0.9987286035296299,0.7513012734015372,0.9447456538980155,0.9565880742927937,0.9306566646589698,0.9391668721297552,0.9887355796164214,0.8640725290007105,0.9402963929884997,0.8787630926879586,0.8345551319705016,0.8649671348776815,0.9328339505740528,0.7548345210794769,0.9328339505740528,0.9447456538980155,0.9412654561733835,0.9627297772869386,0.9501760208500689,0.9854433830775421,0.949821450365348,0.9407756531776,0.8975213827250901,0.9328339505740528,0.8070060269882076,0.9446726737351134,0.7899828700945225,0.9745110640206993,0.8879432507007243,0.9397435965156078,0.9008268910150359,0.809975435421427,0.9233721476659593,0.9708435781810171,0.8617369598116571,0.9233721476659593,0.8975213827250901,0.9397435965156078,0.8484619576906176,0.9233721476659593,0.9501760208500689,0.9887355796164214,0.9587973377153389,0.9850607921252732,0.9306566646589698,0.8991661559057054,0.8408488591316468,0.9135052288653056,0.8879432507007241,0.876326490717842,0.9858737505118662,0.9466889433536754,0.6692972525892924,0.7775830413977386,0.8857247614540078,0.9230054833172635,0.8698750345772264,0.9874439217472792,0.9808464777349826,0.878763092687959,0.8581123868461766,0.9587973377153389,0.9373704232137268,0.9601713942311845,0.911015539822384,0.9420850922811461,0.9063747143991656,0.9580340059652186,0.9397435965156076,0.9421983319196943,0.9626065611288073,0.9025045192170256,0.8241927065362624,0.8910854332944245,0.9008268910150359,0.9740719572346017,0.9130732958657556,0.9355234569898137,0.932833950574053,0.9837187772381494,0.9503729159023058,0.9510020620510795,0.9281614381684171,0.9923445739731569,0.942198331919694,0.9688274750145478,0.9812156547306299,0.9094052998937725,0.9311873210041464,0.8733912853721095,0.9254635393306818,0.9899164799855703,0.9257539758878652,0.9204798499326443,0.9935833561100021,0.9306566646589698,0.7218643256655612,0.9173673979124737,0.9922127245794845,0.9881361984083077,0.9872190633517803,0.9042000439512237,0.6787334672259688,0.894956093775602,0.9188478398694269,0.8429891603867945,0.9285324039439793,0.9285324039439793,0.9855881124049635,0.9540147404500323,0.9769987586961083,0.9373704232137268,0.9161641413423494,0.9129874603663684,0.998751198529129,0.9437513278182452,0.9678362573099417,0.9881361984083077,0.9473991727811975,0.9031014914644799,0.9447456538980155,0.8780468350156964,0.9421983319196945
p302_G,0.734207270906003,0.9240084059312026,0.8598295527538462,0.9726387956636797,0.9341976401680097,0.9511876099263499,0.7769287881634221,0.7809667159518998,0.37809211171276624,0.9484671409187437,0.9220943680125893,0.9320645602494202,0.9320645602494202,0.8996020324755993,0.9497150705470576,0.8515386735783612,0.9279496229669753,0.9112446674143921,0.9458674971126175,0.948467140918744,0.8542911987973543,0.9202142532643913,0.9165462137008822,0.9363880304285928,0.918365603321939,0.12024934074487248,0.927949622966975,0.8917519066686372,0.948467140918744,0.708911745150381,0.19758423552608384,0.940966997789066,0.9259591224230193,0.25971769050003213,0.9341976401680097,0.9458674971126175,0.9363880304285928,0.9259591224230199,0.9511876099263499,0.9095242312718106,0.8696642492046913,0.9129874603663681,0.9511876099263497,0.8871829502996265,0.9754970377701452,0.8023756314129371,0.9386420076357267,0.39951192087371457,0.909524231271811,0.859829552753846,0.940966997789066,0.8537827351508522,0.12024934074487248,0.9240084059312033,0.9259591224230199,0.9078247903914525,0.9078247903914523,0.9341976401680097,0.7939004811633892,0.970976036785571,0.36281338232298055,0.657102961875601,0.9112446674143933,0.8696642492046911,0.9433718940682516,0.6715132359483462,0.9434121517267977,0.8133884845703088,0.7590699893530755,0.9288327934067978,0.898005442833546,0.9095242312718113,0.9341976401680097,0.6667985236428933,0.9341976401680097,0.8529137105219888,0.9202142532643913,0.9220943680125893,0.6738389844933244,0.9511876099263499,0.922094368012589,0.9147540983606555,0.9044839950643899,0.9112446674143926,0.9341976401680097,0.8932967537832146,0.9914610572055533,0.7085382367509921,0.8626186644435851,0.9320645602494204,0.9341976401680097,0.8598295527538451,0.7812528998027037,0.5465192921321602,0.9044839950643899,0.9318712301664063,0.9139233195234719,0.8542911987973543,0.6806951229362054,0.6369527872458961,0.9078247903914518,0.9386420076357269,0.9341976401680097,0.8161233816474049,0.8844754883439766,0.9458674971126177,0.8797557950282513,0.6753380136119966,0.918365603321939,0.6619964065585036,0.8924015577732274,0.9129874603663679,0.7044336642308222,0.8827012888689021,0.9386420076357267,0.741282624845245,0.9838552657289735,0.9458674971126175,0.9511876099263494,0.5862023727744355,0.8871829502996262,0.9071276996480018,0.918365603321939,0.9028404281797042,0.9919535000677886,0.776019095134866,0.9363880304285928,0.8705188107117402,0.9320645602494202,0.8902183677316946,0.5352969598109392,0.9386420076357267,0.9434121517267976,0.9511876099263497,0.927949622966975,0.7995996720587009,0.8972361563467723,0.9409669977890662,0.940966997789066,0.9299834289466344,0.7923026475436272,0.9484671409187435,0.6715132359483462,0.8338083271305468,0.9105028691913819,0.42776146226878287,0.9481114780292803,0.6311119638925505,0.9095242312718113,0.7726877408188066,0.920322271728212,0.878294490116863,0.8133884845703088,0.5823374949920606,0.9409669977890662,0.25639477611592565,0.8640189757409729,0.9561713296625203,0.8892289946073559,0.8515386735783612,0.7954933671188169,0.9497673578995789,0.9147540983606555,0.811742647244956,0.8668322994400717,0.8917519066686372,0.6516013774139288,0.8696642492046911,0.9804835086069066,0.8718048700433565,0.8996020324755993,0.9320645602494202,0.2707522839816011,0.8432045372944477,0.6727941245553481,0.9224423342309354,0.9458674971126173,0.8324501640471824,0.8964228513787127,0.8529137105219888,0.9849105619281002,0.5507022833441195,0.9860555452130657,0.9320645602494202,0.6078799896499425,0.8106471563404558,0.5862023727744355,0.8725169952519651,0.9240084059312033,0.9012134114028683,0.9299834289466344,0.8753928891101748,0.7696312684169992,0.7320136740951806,0.8782944901168632,0.9341976401680097,0.9363880304285928,0.9299834289466349,0.8710878802609616,0.7869611549883202,0.4494049181373181,0.9661859802146439,0.9341976401680097,0.8297340049818103,0.7320136740951806,0.9484671409187437,0.9341976401680097,0.6521140448959204,0.2916716071844212,0.47633228051513843,0.5894648046585429,0.8768403073232188,0.9320645602494202,0.9341976401680097,0.8628824041273825,0.9341976401680095,0.6960387426519787,0.7912032625956167,0.7869611549883204,0.9341976401680097,0.8202156726197053,0.9341976401680097,0.8234840032440705,0.3548435925554192,0.9606559814622546,0.8392447154194045,0.9386420076357269,0.7573320209089748,0.9299834289466342,0.916546213700882,0.9202142532643915,0.878294490116863,0.6831589266740603,0.8948535190071931,0.940966997789066,0.8696642492046913,0.8584403005100096,0.9356707151118053,0.8668322994400728,0.4961991134553917,0.2916716071844201,0.9279496229669753,0.8793331866131817,0.9299834289466349,0.9341976401680097,0.8739518939582045,0.9341976401680097,0.7986648834595017,0.8902183677316946,0.9409669977890662,0.9061450951233827,0.7573320209089749,0.9363880304285928,0.8886955627708655,0.918365603321939,0.9191484075869394,0.9220943680125895,0.5761466702758771,0.9386420076357267,0.8338083271305468,0.5393034253504925,0.7982076797417135,0.9320645602494204,0.9433718940682516,0.9649175094760598,0.9511876099263499,0.7930568247483689,0.7841148356942871,0.9129874603663679,0.5432459443912845,0.8908040467919407,0.9409669977890662,0.8037598156566614,0.7826033861638945,0.7035867637948574,0.9458674971126177,0.6619964065585036,0.30159523452928116,0.9147540983606555,0.8725169952519654,0.9458674971126177,0.807898496302971,0.6459884201346826,0.9433718940682516,0.8682458143938514,0.8996020324755991,0.9386420076357271,0.8948535190071931,0.7044336642308222,0.9299834289466344,0.9386420076357267,0.9497673578995789,0.7842340498562533,0.9458674971126175,0.7185483397175579,0.5958625249737981,0.8515386735783614,0.846225837905259,0.9458674971126175,0.9341976401680097,0.9095242312718106,0.9299834289466347,0.9409669977890662,0.7125841942671096,0.8682458143938521,0.9497673578995788,0.9095242312718117,0.9951080188590637,0.7607070081476273,0.8827012888689021,0.8501659032843123,0.7912032625956171,0.9562930878652227,0.8356964626766117,0.8351667251716831,0.948467140918744,0.7513496113012997,0.9484671409187442,0.8948535190071931,0.8902183677316946,0.8827012888689021,0.9386420076357269,0.9341976401680097,0.423118324548181,0.8739518939582045,0.9112446674143935,0.9458674971126177,0.9433718940682516,0.9661859802146439,0.9341976401680097,0.9950286745612719,0.9458674971126173,0.9511876099263497,0.8841862845276722,0.7711003670094538,0.9147540983606555,0.9409669977890662,0.9105091412920763,0.8250102279890208,0.918365603321939,0.5556123482350821,0.8416935481796055,0.9386420076357269,0.25971769050003235,0.7561690095320783,0.47710545985994335,0.755405392365708,0.9511876099263499,0.7642344549770833,0.8948535190071931,0.7035867637948574,0.9279496229669755,0.9320645602494204,0.9701426189491364,0.8515386735783612,0.7044336642308222,0.702358634556721,0.7651933449849064,0.9341976401680097,0.5498039533400627,0.8932967537832144,0.8964228513787125,0.8932967537832146,0.9484671409187437,0.8634427373462427,0.9341976401680097,0.9341976401680097,0.9095242312718108,0.937602472374929,0.8174887035560285,0.9341976401680095,0.948467140918744,0.9341976401680097,0.8996020324755992,0.8668322994400717,0.6869865299964522,0.9341976401680097,0.9012134114028683,0.9202142532643913,0.7826858746487133,0.7515760058401835,0.9341976401680097,0.8460594193000843,0.8917519066686372,0.7053726457220175,0.7017897276668787,0.9012134114028683,0.8310921009211463,0.9386420076357265,0.7224578250075417,0.9341976401680097,0.7826033861638944,0.9112446674143935,0.58289601978933,0.8265343714077766,0.9363880304285925,0.7812528998027037,0.9259591224230199,0.9341976401680097,0.8654234385275954,0.6631601353232304,0.9341976401680097,0.9012134114028683,0.724393385524068,0.8432045372944474,0.7607070081476273,0.7125841942671095,0.9341976401680097,0.701789727666879,0.59268448074481,0.9364748811663075,0.8568104945519834,0.8065172917237612,0.8797557950282511,0.34663808502054494,0.9245014781129608,0.9386420076357267,0.8682458143938525,0.47633228051513843,0.9165462137008822,0.6020980181199176,0.8365254955378081,0.8324501640471824,0.9165462137008822,0.940966997789066,0.9112446674143935,0.9341976401680097,0.9288327934067977,0.8725169952519654,0.6938994040049319,0.922094368012589,0.9061450951233829,0.9299834289466344,0.7390324489084181,0.9363880304285923,0.9299834289466344,0.922094368012589,0.9341976401680097,0.9838552657289735,0.8433299245730503,0.8753928891101748,0.9458674971126175,0.619910769809483,0.9484671409187442,0.9240084059312026,0.9165462137008822,0.6693190129349273,0.9202142532643913,0.948467140918744,0.7406254754289547,0.8917519066686372,0.9173933468462485,0.9129874603663677,0.9202142532643915,0.8739518939582045,0.9386420076357269,0.8948535190071931,0.8696642492046922,0.9474062526569893,0.9147540983606555,0.5269632541065417,0.922094368012589,0.19758423552608373,0.8401821221942178,0.7106653526850927,0.8768403073232187,0.9279496229669753,0.6917431381883419,0.8584403005100096,0.8996020324755993,0.9147540983606555,0.9984593147144779,0.7637034372366558,0.9220943680125893,0.8568104945519837,0.9147540983606555,0.8902183677316946,0.7776747290716085,0.9386420076357269,0.7995996720587011,0.769631268416999,0.9629590308991038,0.8696642492046927,0.9458674971126175,0.7561690095320783,0.449404918137318,0.9433718940682516,0.9606559814622546,0.927949622966975,0.9279496229669755,0.9409669977890662,0.9458674971126177,0.9028404281797042,0.8204247348163198,0.8871829502996262,0.9320645602494202,0.9320645602494202,0.6738389844933244,0.9435391793962784,0.9279496229669748,0.8338083271305468,0.9341976401680097,0.9433718940682518,0.9341976401680097,0.9341976401680097,0.6829415463050648,0.9165462137008822,0.8948535190071929,0.9341976401680097,0.7002680219923407,0.641831998982995,0.8902183677316946,0.8092737986295462,0.9004978084151185,0.7939004811633892,0.8753928891101748,0.8739518939582045,0.6365293048823519,0.9259591224230195,0.8529137105219887,0.9433718940682518,0.2010936437102233,0.7035867637948574,0.5431905611877366,0.9028404281797042,0.9259591224230199,0.9299834289466347,0.7659400626703592,0.9433718940682516,0.865423438527595,0.9386420076357267,0.8710878802609618,0.9202142532643913,0.9950420205336965,0.916546213700882,0.6141147084570502,0.9012134114028683,0.36281338232298055,0.9165462137008822,0.8964228513787125,0.9386420076357269,0.9202142532643915,0.9363880304285923,0.8886955627708655,0.5894648046585438,0.7926104337466324,0.9409669977890662,0.8147566802167701,0.9279496229669753,0.7017897276668787,0.8570542950968636,0.9320645602494202,0.7502927996907013,0.9044839950643899,0.9511876099263499,0.7939004811633893,0.6199107698094829,0.8739518939582045,0.7453604556956166,0.9202142532643913,0.9116474872122649,0.8474264488038954,0.9341976401680097,0.940966997789066,0.31585123320475283,0.9341976401680097,0.8202156726197054,0.9202142532643911,0.970976036785571,0.9044839950643899,0.7812528998027037,0.9165462137008822,0.7085382367509923,0.9484671409187437,0.7776747290716084,0.922094368012589,0.8270171939535946,0.9299834289466344,0.9259591224230199,0.6992369467430921,0.8902183677316946,0.9147540983606555,0.7607995967969828,0.5052790906973326,0.7546442880540891,0.8229385262714308,0.9653059182149237,0.657102961875601,0.8202156726197052,0.9028404281797042,0.9484671409187442,0.918365603321939,0.9363880304285925,0.8386701033104875,0.9048113045350052,0.47262711312390504,0.9320645602494204,0.7358234924027585,0.7940143529543529,0.9511876099263497,0.8433299245730503,0.994437324868074,0.8932967537832146,0.9606559814622548,0.9129874603663675,0.8725169952519651,0.9028404281797042,0.918365603321939,0.8682458143938514,0.9220943680125899,0.9320645602494202,0.940966997789066,0.9511876099263499,0.9341976401680097,0.8948535190071931,0.82565822332924,0.6589724852626077,0.8964228513787125,0.9341976401680095,0.4637215082697965,0.7725645540758672,0.9099149954318697,0.8996020324755993,0.8753928891101745,0.8598295527538451,0.5006799113195097,0.7226603543209422,0.9061450951233829,0.9415355007468762,0.6081795180891012,0.8584403005100096,0.9433718940682518,0.8739518939582045,0.907824790391452,0.9497673578995788,0.9583942031553516,0.9511876099263497,0.9061450951233829,0.9299834289466349,0.9511876099263497,0.9240084059312026,0.907824790391452,0.9341976401680097,0.8432045372944472,0.8501659032843121,0.9458674971126177,0.9341976401680097,0.9202142532643913,0.7607995967969827,0.7125841942671096,0.9320645602494204,0.9434121517267977,0.927949622966975,0.9320645602494204,0.9320645602494204,0.8948535190071931,0.9341976401680097,0.9279496229669753,0.8797557950282513,0.9341976401680097,0.9147540983606555,0.8584403005100096,0.9458674971126175,0.9386420076357267,0.9433718940682516,0.9363880304285925,0.9320645602494204,0.7358234924027582,0.5862023727744354,0.9165462137008822,0.6338353043426349,0.9341976401680097,0.8797557950282513,0.9386420076357269,0.9147540983606555,0.6812247953600246,0.8812245968305716,0.9458674971126175,0.9556347289143005,0.918365603321939,0.8902183677316946,0.918365603321939,0.9610880275993516,0.8902183677316946,0.8980054428335462,0.9028404281797042,0.6391946488259445,0.9220943680125893,0.9458674971126175,0.9095242312718106,0.9386420076357267,0.8797557950282513,0.6311119638925505,0.9341976401680097,0.9341976401680097,0.847426448803895,0.9484671409187437,0.7897927313248179,0.9279496229669753,0.922094368012589,0.6251863851170316,0.9299834289466344,0.6850794218621752,0.6944858972406489,0.9341976401680097,0.9341976401680097,0.9561713296625203,0.8280565779961776,0.8739518939582043,0.7484817456541226,0.6227587440640594,0.7607070081476273,0.8401821221942176,0.7165738862168898,0.9129874603663686,0.6481983226903776,0.9341976401680097,0.8710878802609618,0.940966997789066,0.9511876099263499,0.7812528998027037,0.9458674971126177,0.6571029618756009,0.9341976401680097,0.9341976401680097,0.708911745150381,0.9341976401680097,0.6981613719600344,0.9202142532643913,0.8147566802167701,0.8696642492046911,0.9061450951233827,0.9300014988735696,0.6495824241253061,0.8065211384922875,0.9341976401680095,0.8902183677316946,0.6851691715149609,0.9363880304285928,0.9458674971126175,0.9088098779355613,0.7970814524737748,0.8841862845276725,0.8932967537832146,0.9363880304285928,0.8674566432772486,0.9341976401680097,0.6667985236428933,0.8932967537832144,0.40628875476878135,0.835166725171683,0.8766813250781536,0.9240084059312026,0.8768403073232187,0.8106471563404556,0.9433718940682516,0.5509468263256545,0.5727011175742769,0.9279496229669753,0.948467140918744,0.9726387956636797,0.9112446674143926,0.6938994040049319,0.940966997789066,0.9320645602494204,0.5228731763347163,0.9078247903914525,0.8902183677316946,0.9701426189491364,0.9511876099263499,0.8902183677316946,0.9511876099263499,0.9511876099263497,0.8739518939582045,0.8964228513787125,0.4256400864480139,0.9341976401680097,0.948467140918744,0.9202142532643913,0.9202142532643911,0.7826858746487126,0.9259591224230193,0.9320645602494202,0.9860555452130657,0.43779330372297487,0.9363880304285928,0.6999813330995086,0.8932967537832146,0.6738389844933244,0.714585930519104,0.9341976401680097,0.8598295527538451,0.9341976401680097,0.6869865299964524,0.9484671409187437,0.9129874603663684,0.0,0.8133884845703088,0.9341976401680097,0.7085382367509923,0.7939004811633892,0.9147540983606555,0.7064934282346795,0.6667985236428933,0.6938994040049318,0.940966997789066,0.6761442604457049,0.8477364707151371,0.7064934282346795,0.743789338889536,0.9165462137008822,0.8447152473180537,0.9511876099263499,0.9165462137008822,0.9341976401680097,0.8682458143938514,0.9889605162825021,0.6391946488259432,0.8739518939582045,0.7546442880540891,0.9341976401680097,0.9320645602494204,0.6311119638925505,0.8202156726197054,0.8654234385275958,0.7502927996907013,0.7793238828701636,0.9341976401680097,0.7338894793525412,0.8229385262714308,0.9726387956636797,0.9341976401680097,0.6365293048823516,0.9259591224230199,0.9458674971126177,0.9165462137008822,0.9320645602494204,0.8492473095446891,0.9112446674143933,0.8668322994400728,0.907824790391452,0.8812245968305716,0.9984593147144779,0.8033887015349694,0.9341976401680097,0.9832318780369318,0.9341976401680097,0.9458674971126177,0.7841148356942869,0.4863546851719778,0.9511876099263499,0.9044839950643899,0.7437893388895362,0.37055923219651576,0.8996020324755993,0.9341976401680097,0.8295769929611472,0.6323117188009018,0.8065211384922875,0.9028404281797042,0.8902183677316937,0.9434121517267977,0.9028404281797042,0.9012134114028683,0.8917519066686372,0.44366404268156434,0.734207270906003,0.8917519066686372,0.9726387956636797,0.9409669977890662,0.8515386735783614,0.8917519066686372,0.9511876099263499,0.9112446674143933,0.9363880304285925,0.8515386735783612,0.9320645602494202,0.9012134114028683,0.9147540983606555,0.449404918137318,0.8902183677316946,0.9165462137008822,0.30159523452928183,0.909524231271811,0.9320645602494202,0.9202142532643913,0.6503893886673169,0.8996020324755993,0.8725169952519654,0.6521140448959204,0.8856800188460066,0.8812245968305716,0.9095242312718106,0.9363880304285925,0.9386420076357267,0.39255920959681445,0.8626186644435851,0.9061450951233829,0.9061450951233827,0.39951192087371445,0.940966997789066,0.9433718940682518,0.8365254955378081,0.1835218424254167,0.8270171939535946,0.8932967537832146,0.9028404281797042,0.8092737986295462,0.918365603321939,0.2110482856382938,0.9341976401680097,0.5971770593156892,0.8419671387150727,0.887182950299626,0.39951192087371445,0.805141614884453,0.9433718940682516,0.965305918214924,0.8392447154194045,0.12024934074487248,0.9279496229669755,0.9804835086069066,0.8696642492046927,0.8338083271305468,0.7260027086844003,0.922094368012589,0.7982076797417135,0.9320645602494202,0.8487952199924145,0.7696312684169995,0.9386420076357271,0.9363880304285928,0.47633228051513843,0.16881350991402755,0.9497673578995787,0.8682458143938527,0.5692065267537392,0.7740239442028942,0.9299834289466347,0.9299834289466347,0.6077295872896236,0.9147540983606555,0.8739518939582045,0.9386420076357267,0.5828960197893307,0.9147540983606555,0.9433718940682518,0.44366404268156434,0.9950420205336963,0.9363880304285925,0.9484671409187437,0.48139301358595277,0.9458674971126177,0.7651933449849064,0.9433718940682518
p302_V,0.8595084428508712,0.9975245097920247,0.8631769125654992,0.8084112754124477,0.8869938104977821,0.984045949144812,0.9362910058821613,0.869047868393922,0.9116371872910034,0.88718959219572,0.6359812285561388,0.8512827582389366,0.8512827582389366,0.7867602450817954,0.8455947627665237,0.9057072946144182,0.9001246442887979,0.901407360695553,0.8584942110088051,0.9649817692440883,0.9857027046883549,0.6248160073900706,0.9684862506912562,0.8927560435416244,0.588217041908597,0.8057060011361044,0.6711463395933319,0.987719754796174,0.9649817692440881,0.9314907703429732,0.8539758753023876,0.905045718507947,0.837917364909335,0.9786734038938973,0.9180353447095948,0.8584942110088049,0.7871560431335577,0.7150046999655797,0.8931449617140896,0.7741942980566063,0.8381579416424484,0.8095211433024021,0.9021732230507463,0.9499244833635961,0.900124644288798,0.7872004093339172,0.7704391635096576,0.7538361668590792,0.5151651358713849,0.8467313342340728,0.9735950471314356,0.8930541043994553,0.8296313410259666,0.8336470580240631,0.9776292196359238,0.9234915831261147,0.7379656784722237,0.855952276285969,0.8774008826443489,0.8303175207633454,0.8835522856702243,0.9928741288928464,0.9311152600754125,0.7683416012758513,0.6965454902321728,0.900382876814078,0.8207569669980981,0.8115691489361703,0.8403783509309439,0.9699258116973511,0.6458983128134327,0.9390310376290206,0.9801184131332199,0.6738325213287677,0.855952276285969,0.9740188455054816,0.9390118367484177,0.9299901786065154,0.8280011298361727,0.7793641339096475,0.9299901786065156,0.9638888774228599,0.9387420613642796,0.8296313410259673,0.855952276285969,0.7586176823817159,0.8080969078491066,0.8226463544305931,0.923927141858627,0.8512827582389368,0.855952276285969,0.5560209385885752,0.7990085178894019,0.7640185238158697,0.8584941617514863,0.7177989139755564,0.5711583817501192,0.9523759106872667,0.653056163591198,0.7586438533687554,0.7611564165539599,0.9689188419031359,0.6784247105368431,0.7528832877603264,0.8732661125600132,0.7099187434240761,0.5825397252775363,0.7465888038673876,0.8212944178861192,0.6807368471186166,0.5955333339878972,0.9068182136216998,0.9379510098279733,0.6216359084127829,0.7704391635096576,0.9185149052460333,0.9975245097920247,0.8814987207179203,0.7793641339096464,0.8189446326749392,0.9895302085885654,0.6493645596459068,0.7422575306578014,0.9650884851297661,0.9550405999652745,0.7072076710872519,0.7871560431335576,0.6511703480893001,0.9116080119434857,0.7596773995000081,0.7791289227807976,0.9318413189001247,0.9578556242450755,0.8931449617140894,0.6139017634194655,0.7822903704704466,0.7369339288552998,0.7522076383746092,0.7522076383746094,0.8467269607313443,0.706537425605708,0.7238495225624398,0.6669195064820559,0.6359564390100783,0.7024249556791039,0.7658979508459378,0.9947084387858652,0.7079776527725186,0.801939800185757,0.6885231859500249,0.8405377881349916,0.902299461469424,0.7629432624113475,0.7921109962054533,0.8207569669980981,0.8254879058389588,0.706213522279016,0.9436182528616184,0.9918630108304214,0.6493645596459067,0.9272837949821262,0.9689188419031359,0.8896479980872494,0.7480061555266204,0.9212073119136903,0.5629096644286454,0.8599365378031301,0.9812490169448848,0.9711407044649496,0.8324282514888366,0.9317763606197278,0.6359525852723968,0.8446010360565221,0.8103545331137374,0.9063295268024258,0.6620748965590024,0.9929303214064669,0.8953979495210402,0.7618970605588467,0.9265619390299451,0.7889637403938481,0.9522025255186697,0.9234915831261145,0.8512827582389366,0.7485901815643404,0.5103228414309324,0.8484737416104384,0.757237540295127,0.8336470580240634,0.9811175810523929,0.9348057385055195,0.9777142969208076,0.8471218316665831,0.8042583563699406,0.9772881646662255,0.855952276285969,0.8607472522091426,0.7715983355805625,0.7898734197426018,0.9490127103430781,0.9320524381165516,0.8512827582389366,0.855952276285969,0.8525539930455602,0.7909105022204659,0.8871895921957202,0.855952276285969,0.7363120223015904,0.8607276799439829,0.8934222005417536,0.8005326042910966,0.7118559505019246,0.6359525852723967,0.855952276285969,0.7822251773049648,0.855952276285969,0.9127963731385695,0.8238777127481374,0.8651181310069995,0.855952276285969,0.7672666948507463,0.855952276285969,0.7844818124377567,0.8124056455680664,0.7467430838366734,0.8319006829462411,0.7373592171107441,0.6574163268039479,0.8467269607313441,0.6535771181060535,0.8515242770126852,0.7415041983457689,0.7183074629884107,0.9577884828550807,0.8893062956215863,0.7862279856886558,0.8257905548096875,0.9802116444260358,0.9906237233920283,0.8967516469904766,0.7596773995000077,0.842274762928803,0.5834492787955847,0.859677113354738,0.855952276285969,0.888731955948632,0.855952276285969,0.7572667781755318,0.8361214787240914,0.9050457185079468,0.954503876655469,0.7106847687665518,0.8607472522091426,0.8363539429252542,0.6138904567001311,0.634104105457912,0.9834463513429477,0.785377184333905,0.8656814261022985,0.543039010385739,0.8065389892438861,0.7006022217183419,0.8512827582389368,0.9814914270638063,0.6971510830006664,0.8931449617140896,0.8059471911368972,0.8198742249039586,0.8338454108822266,0.8028635743534613,0.5234538498933659,0.905045718507947,0.8867811269115036,0.9206674081072713,0.9164361374952201,0.7099187434240761,0.6807368471186166,0.8363539429252544,0.7164192796374913,0.7888855157243442,0.7099187434240761,0.7534650185092471,0.7170097231078025,0.9814914270638063,0.942433501535896,0.7434581844204908,0.704279270711831,0.936903561816264,0.6414675804101917,0.7128791503977775,0.8987613725012116,0.9980012116979509,0.6333132731919151,0.969925811697351,0.7369069289549854,0.8371551049178803,0.9295045032597761,0.956823417208448,0.895638077904987,0.7405077789604679,0.8212905093630105,0.9183962985375215,0.8207569669980981,0.6942885818536606,0.8891590066851454,0.9649212652990378,0.9432284341049693,0.7834603998983649,0.6411349508569135,0.8009619970027597,0.803119983522989,0.6409536958413633,0.693847557926221,0.7293914022019532,0.5210466366363435,0.9183299651833599,0.9592728776227764,0.926085680719904,0.7498226226014864,0.7798874555888033,0.8910902192188632,0.9649212652990378,0.855952276285969,0.8707710541962024,0.9831964801830024,0.6918618611767927,0.7099187434240761,0.9102549428558981,0.8772536000905927,0.855952276285969,0.8449511898239374,0.8814987207179203,0.9340813247611222,0.7484679411696388,0.719507622861447,0.7164192796374913,0.9050457185079468,0.6806038872333451,0.614202807016571,0.8449511898239377,0.9664860384734403,0.6311488238419287,0.8656814261022985,0.8115940355833651,0.6271053536788047,0.8336470580240631,0.9213008654009531,0.9431095860977793,0.6817089134758598,0.7915924646791197,0.6101425962102474,0.6711463395933318,0.8512827582389368,0.9238949484572567,0.7976739415591316,0.681897138967162,0.6180515800332762,0.573343289598454,0.855952276285969,0.7459089280665996,0.9316218609176428,0.6985093343215638,0.9031725621753484,0.88718959219572,0.7896192094843126,0.855952276285969,0.855952276285969,0.8019398001857567,0.7272229943106878,0.45153457907663963,0.855952276285969,0.9649817692440881,0.6473831763250306,0.8300623057430994,0.9388411048525466,0.6841276690246691,0.864673915807718,0.514489943690999,0.9913778083081421,0.5999957263869647,0.6804870238434575,0.855952276285969,0.9335476753818093,0.7467430838366733,0.672889674036079,0.6938740846691762,0.8215114503689342,0.7092721470008656,0.8987613725012116,0.6491906002019325,0.855952276285969,0.6374407503607162,0.6918618611767926,0.9107222164864472,0.9557325740609223,0.8927560435416244,0.4798952429555168,0.9496868486906058,0.855952276285969,0.7053989037041068,0.6881274344409649,0.855952276285969,0.9092318808483443,0.8996315709064031,0.8245212335288475,0.5596549019717909,0.6271416147624604,0.855952276285969,0.8137412116106225,0.8409131205673757,0.9472720887282853,0.6810552238389882,0.681874975299475,0.9258533885345157,0.797212295017105,0.6816424575408784,0.7373592171107445,0.7826100169836443,0.8602824620535623,0.9684862506912559,0.7569749539824329,0.7018764679918075,0.7807317373924347,0.8425073736236923,0.7522076383746092,0.5961605016173448,0.855952276285969,0.9557864545102848,0.8615058267612286,0.9301744188048608,0.9096413031841879,0.8855347913425912,0.876086553322736,0.9111013411271194,0.9887824175390698,0.876086553322736,0.9032620922382996,0.6473831763250305,0.8112851298120195,0.879546733803262,0.8117415232385244,0.8814987207179206,0.7360141725510585,0.926085680719904,0.8932238556960006,0.9432904752777433,0.8516620104650903,0.7819139220692445,0.7627456110866238,0.9912092102302581,0.9264419483268311,0.8973053541184908,0.9958847160590026,0.8777072627925475,0.8551249163146364,0.9649212652990378,0.9160186407774473,0.9097034792936665,0.9835004286713847,0.8896479980872495,0.8577735233398744,0.9363693895524041,0.7873083094059601,0.6360705596168179,0.6613034270950375,0.693264199939768,0.985386203363469,0.8797721586444094,0.6823751909603692,0.8884742999584236,0.8628824041273822,0.8425073736236925,0.577862303875621,0.9096413031841881,0.8985474383204362,0.8381354443488453,0.6340209178361407,0.6630790863463543,0.935838895504223,0.8964478158158439,0.9018866300630777,0.7792683794950921,0.9650918298167017,0.8814987207179203,0.708299166593386,0.8126028926810813,0.8390184586479896,0.9672938193063929,0.7283909157671984,0.8142577800279981,0.99213028855682,0.8814987207179203,0.8349088171809513,0.7244001641427464,0.9708640661864649,0.7566030926814948,0.8470909732383185,0.6223232901532716,0.8124056455680664,0.8995193391026697,0.7598463438425309,0.855952276285969,0.7321637323361279,0.855952276285969,0.855952276285969,0.6495805297715653,0.8173115982101797,0.6453980174074032,0.855952276285969,0.6350842572739724,0.7223660099252838,0.9617779603879585,0.6468405016386076,0.9174099501810601,0.7696893820611488,0.7933001039404928,0.7240685166893055,0.7152301124419118,0.9496868486906058,0.9905887147495771,0.876035604520377,0.7664162840106339,0.78326503258871,0.6795212765957448,0.5904610755607174,0.7988318128015329,0.9348057385055197,0.6644322320927643,0.9458731849598522,0.4889983139321593,0.7373592171107445,0.7056050398880798,0.8777072627925468,0.8742633781598801,0.9180946998642305,0.8004984400528103,0.6022103741704091,0.7523220550758221,0.8425073736236923,0.9634227924129273,0.9649212652990378,0.9300732343522717,0.7231384604685943,0.6635828656812734,0.6386376449116677,0.8193986305567417,0.905045718507947,0.8756774769500458,0.8995193391026699,0.9598431041666452,0.7397410131523884,0.7867657195337692,0.6462573980813235,0.983800678449665,0.9431095860977792,0.5542663808947488,0.7932370336418244,0.724068516689305,0.6838059570150261,0.7557309362893823,0.8502215598902161,0.92850595062797,0.855952276285969,0.7522076383746092,0.8651641418574889,0.8559522762859699,0.8716497897076609,0.8253412912328224,0.8303175207633462,0.6683903588519687,0.5631421842426172,0.8551433214141547,0.6074160824471877,0.8871895921957205,0.5160421635832086,0.8829132168159719,0.8186886469444201,0.876086553322736,0.9776292196359238,0.8653629767518201,0.7754913104577064,0.617431440523344,0.7295251123674347,0.9972347523942202,0.6855030578280115,0.642427429482981,0.7289377015626699,0.618262893100894,0.7225310827692115,0.9650884851297661,0.9260856807199043,0.7165841158662671,0.8927560435416246,0.7675933998537452,0.9253238313395935,0.713373767567697,0.8512827582389368,0.6415493674530759,0.5604786806905501,0.943109586097779,0.9446735699152458,0.9318413189001247,0.758617682381716,0.7263171483468929,0.9311424812015243,0.8117027735727904,0.6571286414571446,0.8983146622607214,0.7293355221328939,0.829457044079539,0.8814453850912112,0.7522076383746092,0.9840459491448121,0.855952276285969,0.8115940355833644,0.7161379336053049,0.8705684122330228,0.8464140288752242,0.855952276285969,0.815732439259548,0.6052241036592886,0.7523220550758218,0.8300623057430994,0.88550720043065,0.7266631463535331,0.7759732710047038,0.7271328880467007,0.9088006389406291,0.79774572574337,0.7355034601709296,0.8180536059203533,0.6965454902321737,0.6538696016643478,0.7611564165539602,0.9027589491053098,0.5733907495697561,0.9340813247611222,0.8630974012257893,0.7128791503977787,0.9340813247611222,0.9702116011640309,0.830728630799169,0.8957154500195305,0.9913116610747209,0.9346374190770486,0.8814987207179206,0.8559522762859697,0.8777072627925471,0.5696789207774102,0.6674297950171806,0.8512827582389368,0.9050457185079468,0.8708970510157363,0.8512827582389368,0.8512827582389368,0.790709114544548,0.855952276285969,0.8708970510157363,0.7745897312459166,0.855952276285969,0.7659131991945651,0.6993349928303672,0.9699258116973509,0.7373592171107445,0.9116538466243311,0.8607472522091426,0.8512827582389368,0.4943444550795859,0.7598864148039415,0.9559264230682056,0.5914796014929071,0.855952276285969,0.658171553921836,0.9027589491053098,0.988635837201397,0.6151032928163858,0.4588870276245003,0.9327819448011689,0.9471999997959666,0.8469678326776533,0.9573818152568614,0.92197143419854,0.7094662447486555,0.8607276799439836,0.7528200957533651,0.901576383077379,0.8947007227799024,0.9032620922382996,0.969925811697351,0.6800018754437985,0.7373592171107445,0.6770795110829108,0.7221443531876286,0.855952276285969,0.9888400526549677,0.8798468752157522,0.8871895921957202,0.7160031224522192,0.699768627680265,0.8230778331336513,0.6943857853446471,0.876086553322736,0.6077390990129814,0.5757985278849371,0.855952276285969,0.855952276285969,0.7763463599580382,0.729636066816818,0.8002371032281944,0.9043287577901489,0.7468101674797887,0.7633550241845979,0.8476029491628838,0.6467479871329525,0.6066964347818107,0.6863169670108176,0.855952276285969,0.9520410577184539,0.7522076383746092,0.8931449617140896,0.6463891255297174,0.7099187434240761,0.7431333050315445,0.855952276285969,0.855952276285969,0.7184403415328653,0.8646739158077178,0.6082408676141124,0.7295479505095193,0.6549116232508247,0.9650918298167017,0.9545038766554692,0.8202715572296437,0.7119329079996537,0.7295189802441612,0.855952276285969,0.5531806934809613,0.6461002886627534,0.7551472518010758,0.9557864545102848,0.8602824620535623,0.7529480023646734,0.9407262297203303,0.5727614083613313,0.8607472522091428,0.9107222164864472,0.855952276285969,0.6738325213287677,0.8412204708352201,0.7504552168630467,0.5988049078122161,0.9581426830622116,0.88827287528005,0.8977172876927884,0.42282069666593636,0.9472720887282853,0.6884683113251016,0.8039395033269514,0.985386203363469,0.840537788134991,0.8884742999584236,0.8296313410259675,0.645674058378477,0.8707710541962024,0.8512827582389368,0.8687006750398565,0.9837454645469401,0.7148611421913214,0.8408771290748922,0.8931449617140894,0.8563315348128864,0.8931449617140896,0.9340813247611222,0.5257980377959826,0.8577765820174561,0.9330692552416839,0.8336323815959057,0.8016416996108076,0.6248160073900706,0.9038902485724092,0.502692849540624,0.8938021067999709,0.8814453850912112,0.8446010360565221,0.8893628096077073,0.8607472522091426,0.8442183767258351,0.8490190724641382,0.7045944260264321,0.6503780208392829,0.855952276285969,0.573085159365071,0.8957154500195303,0.6440841065762455,0.88718959219572,0.8095211433024023,0.8133884845703088,0.0,0.855952276285969,0.6074160824471879,0.5811942560405488,0.8133884845703085,0.6244334271583514,0.6738325213287677,0.6321264221676968,0.7522076383746092,0.6599949827649656,0.9893947388387583,0.9206400537621513,0.6745299274890597,0.6787728935195656,0.5359841434846955,0.9431095860977792,0.9307306476546929,0.926756984231343,0.8089521891606017,0.8919348263226166,0.7117767058731281,0.760660392080267,0.5638453002990733,0.918035344709595,0.8512827582389368,0.7788111548480692,0.7821785655445914,0.8217472892563101,0.7128380879682121,0.6590140204827446,0.855952276285969,0.6136729886195693,0.7268983919674631,0.7434581844204913,0.855952276285969,0.7011279531388406,0.9496868486906058,0.7099187434240761,0.8173115982101795,0.8814453850912114,0.9362941863687395,0.8535566809158297,0.6214328319531335,0.9605547264652037,0.8213001781324363,0.9936820261047687,0.5956583138178326,0.855952276285969,0.9088006389406291,0.855952276285969,0.8814987207179203,0.6787525594818322,0.8195101458604865,0.8931449617140896,0.9711407044649496,0.9834059761085797,0.767575033757693,0.5485989114446232,0.855952276285969,0.760585368622791,0.7248833451679779,0.715060127282407,0.6793511634226207,0.8405176238551884,0.9735950471314356,0.7873083094059599,0.7837466124737202,0.8243122708779269,0.6962021326473178,0.5118958842791266,0.8243122708779269,0.9599684877270122,0.717932974062865,0.9295045032597761,0.8243122708779269,0.8931449617140896,0.7397125409565166,0.9887824175390698,0.4516187170949396,0.8470909732383185,0.8056767200935728,0.8401540785301758,0.9826264580009696,0.7350711982801175,0.8928989244507177,0.8363539429252544,0.9196803284517672,0.8814453850912112,0.8777072627925471,0.8992640709861395,0.7001561237591873,0.7525753602059019,0.7920201573698358,0.8870168031810974,0.9498073057572884,0.7270980867502024,0.8607472522091426,0.7704391635096577,0.9569433956465598,0.8686868646358593,0.7712766970554916,0.725573459340652,0.916003804834931,0.7522076383746094,0.7321637323361279,0.8920375686554693,0.7909062361234078,0.7714000041414091,0.9857753506288528,0.7682412512845238,0.9169269049133733,0.7679309454493353,0.8276068277134259,0.7405077789604677,0.9010324847757323,0.7893073256663196,0.7518958572387487,0.7538361668590792,0.7320471674790427,0.8034002165440353,0.8542472277955696,0.9002163215676355,0.8057060011361044,0.785635491941065,0.8486248271935088,0.8381579416424484,0.7910527511398295,0.9739197019654489,0.6092531421879235,0.915065985046499,0.7867657195337694,0.9298591268392398,0.8881954304639539,0.7042792707118313,0.7231384604685942,0.7442933773448934,0.7945425446535288,0.9649212652990378,0.8799848489616023,0.7925879481852565,0.9444810945860539,0.8596771133547378,0.712879150397778,0.760585368622791,0.8649010383087125,0.8185330409236753,0.8987613725012116,0.7485901815643405,0.8154071187516387,0.7321637323361279,0.8850901167714837,0.8985876457397045,0.915191208463485,0.926085680719904,0.8800680426220344,0.9557864545102848,0.9358717542141899,0.7321637323361279
p303_I,0.7524297972473161,0.9413411539914585,0.8918007079504506,0.9225015741707872,0.9492063492063487,0.9623211158059548,0.7050163519970581,0.7509151724713103,0.9038142386822647,0.960221152322577,0.9398636845831869,0.9475597985845114,0.9475597985845114,0.9225015741707872,0.9106019687464653,0.5567710364845595,0.944383427890573,0.9314886672615048,0.9582144552981327,0.960221152322577,0.8875255844205965,0.938412400887346,0.935580996038617,0.9508971383859763,0.9369854052620163,0.9314886672615046,0.944383427890573,0.916441965519317,0.960221152322577,0.7739436107925906,0.9250013316406693,0.9544316996038,0.9428469360414609,0.9188361382271659,0.9492063492063489,0.9582144552981327,0.9508971383859763,0.9428469360414602,0.9623211158059548,0.930160641445072,0.8993922310882436,0.932833950574053,0.9623211158059548,0.912915131908919,0.9443834278905732,0.8474513194974065,0.9526370111116405,0.9004911494084333,0.930160641445072,0.8918007079504506,0.9544316996038,0.8495864161552136,0.9314886672615046,0.13408370177867746,0.9428469360414604,0.9288488221297497,0.9288488221297497,0.0,0.7383793872014479,0.9459533477380775,0.9060540201833016,0.831146423199498,0.931488667261505,0.8993922310882436,0.9562880686171875,0.8244397822834253,0.9544316996038,0.6473831763250288,0.7698078233874499,0.9582144552981327,0.92126914699118,0.9301606414450723,0.9492063492063487,0.8266892096935958,0.0,0.8864622842804517,0.938412400887346,0.9398636845831867,0.8233095582802461,0.9623211158059548,0.9398636845831869,0.9341976401680094,0.31108550994831163,0.9314886672615048,0.0,0.9176344520056336,0.938412400887346,0.8046479448175341,0.8939536575643376,0.03139863267861631,0.0,0.8918007079504506,0.831146423199498,0.8548949080074899,0.31108550994831163,0.48955645159511163,0.8896584524348263,0.8875255844205965,0.8198957816506434,0.8187498553347687,0.9288488221297497,0.9526370111116405,0.9492063492063489,0.8580633769736241,0.6072669396673074,0.9582144552981327,0.907182019415572,0.7973204052495684,0.9369854052620166,0.8289245259008584,0.8759110188590657,0.9328339505740528,0.8070467719220202,0.9094556823349389,0.9526370111116405,0.7833099084134079,0.9413411539914585,0.9582144552981327,0.9623211158059548,0.8580633769736241,0.9129151319089193,0.885400876353422,0.9369854052620166,0.9250013316406696,0.931488667261505,0.7554264789789613,0.9508971383859763,0.6339927913026551,0.9475597985845114,0.9152582079543838,0.8727631680356085,0.9526370111116405,0.9544316996038,0.9623211158059548,0.944383427890573,0.8453085223330421,0.879064442044788,0.9544316996038003,0.9544316996038,0.06018876900101988,0.8046479448175343,0.960221152322577,0.8244397822834253,0.8717146038820363,0.8875255844205967,0.9106019687464659,0.892875760974867,0.8420784215528956,0.9301606414450723,0.7583810530554915,0.9602211523225768,0.9060540201833014,0.8559522762859688,0.8811713725919912,0.9544316996038,0.9301606414450725,0.8950345750758599,0.9140827360776209,0.8938851835250172,0.5567710364845593,0.7367566674079002,0.9526370111116407,0.9341976401680094,0.7431708752992887,0.8972062142375332,0.9164419655193166,0.8612222667022558,0.8993922310882436,0.9262700211315917,0.8453085223330423,0.9225015741707872,0.9475597985845114,0.9288488221297495,0.6783615558233287,0.8538362113124116,0.8780124908814328,0.9582144552981327,0.6072669396673073,0.9200475251844384,0.5526275082095409,0.9117550006367756,0.8885909234541711,0.9288488221297497,0.9475597985845114,0.6394614409405057,0.8538362113124116,0.8580633769736241,0.9015943008452869,0.13408370177867734,0.9237454173815312,0.9459533477380775,0.903814238682265,0.8221755430097122,0.7897778653703145,0.9060540201833014,0.0,0.9508971383859763,0.9459533477380777,0.4895564515951115,0.8355526955775656,0.8918007079504506,0.9475597985845114,0.0,0.8685695845092951,0.7897778653703145,0.960221152322577,0.0,0.6951973979147161,0.9152582079543841,0.8864622842804517,0.6447787703816181,0.9049315186013059,0.9475597985845114,0.0,0.6473831763250286,0.0,0.8117838598171898,0.8388272306091986,0.8355526955775657,0.0,0.6339927913026551,0.0,0.7050163519970583,0.9071820194155717,0.9164419655193166,0.8759110188590655,0.9526370111116407,0.7711949776746383,0.06018876900101888,0.935580996038617,0.9384124008873462,0.9060540201833014,0.7554264789789611,0.9188361382271666,0.9544316996038,0.4951319232791844,0.8907283270583697,0.9027019168030599,0.897206214237533,0.9152582079543838,0.9152582079543838,0.944383427890573,0.885400876353422,0.9459533477380777,0.0,0.9027019168030597,0.0,0.7334713952978886,0.9152582079543841,0.9544316996038,0.9275522446953854,0.7711949776746383,0.9508971383859763,0.9140827360776205,0.9369854052620161,0.892875760974867,0.9398636845831869,0.8612222667022562,0.9526370111116405,0.8717146038820363,0.8717146038820349,0.8442340263447974,0.03139863267861631,0.9562880686171873,0.8289245259008584,0.9623211158059548,0.8333555867103808,0.8333555867103808,0.24376003609304187,0.8706662210952574,0.8748612665230131,0.9544316996038003,0.848519788337875,0.7973204052495684,0.7780046509581313,0.9582144552981327,0.8289245259008584,0.9140827360776214,0.9341976401680094,0.9015943008452874,0.9582144552981327,0.8517144868263773,0.8141237078825918,0.9562880686171873,0.8982973238138026,0.9225015741707867,0.9526370111116407,0.9188361382271666,0.8070467719220202,0.9459533477380775,0.9526370111116405,0.9526370111116407,0.7985559379258667,0.9582144552981327,0.7985559379258667,0.6499526646778642,0.885400876353422,0.8442340263447972,0.9582144552981327,0.9492063492063487,0.930160641445072,0.9459533477380777,0.9544316996038003,0.8022278398026612,0.8982973238138026,0.9526370111116405,0.9301606414450723,0.9164419655193172,0.7250134267509765,0.9094556823349389,0.8843412180810755,0.6848496741376313,0.7923174570100686,0.6911250629978627,0.8727631680356077,0.9602211523225768,0.903814238682265,0.9602211523225768,0.9188361382271668,0.9152582079543841,0.9094556823349389,0.9526370111116405,0.0,0.9544316996038,0.9027019168030597,0.931488667261505,0.9582144552981327,0.9562880686171873,0.9475597985845114,0.0,0.9369854052620163,0.9582144552981327,0.9623211158059548,0.9106019687464655,0.823309558280246,0.9341976401680094,0.9544316996038003,0.8333555867103808,0.8289245259008584,0.9369854052620166,0.9428469360414611,0.8409971458279799,0.9526370111116405,0.9188361382271659,0.8117838598171898,0.9413411539914587,0.9106019687464657,0.9623211158059548,0.7655931084723666,0.9188361382271666,0.7780046509581313,0.944383427890573,0.03139863267861631,0.92126914699118,0.885400876353422,0.8070467719220202,0.8082384637825222,0.8187498553347687,0.0,0.8538362113124116,0.9176344520056336,0.9200475251844387,0.9176344520056336,0.9602211523225768,0.8453085223330421,0.0,0.0,0.930160641445072,0.903814238682265,0.8591172857456586,0.0,0.9602211523225768,0.9492063492063489,0.922501574170787,0.8972062142375332,0.7897778653703145,0.9492063492063489,0.9237454173815309,0.938412400887346,0.8322525541058978,0.9634411459729271,0.0,0.8811713725919912,0.9164419655193168,0.7766590274917047,0.9952327064015152,0.9237454173815312,0.8704033497109469,0.9526370111116405,0.7960789049353036,0.0,0.7973204052495684,0.9314886672615053,0.8591172857456586,0.8300371089395653,0.9508971383859763,0.831146423199498,0.9428469360414606,0.0,0.8961186971729789,0.7399891659895361,0.0,0.9237454173815309,0.7948313236856197,0.8420784215528956,0.8152867967569688,0.8022278398026612,0.0,0.7698078233874488,0.8559522762859684,0.9562880686171873,0.6574604645689301,0.7250134267509767,0.907182019415572,0.908315805590151,0.8961186971729789,0.9526370111116405,0.8982973238138026,0.8864622842804517,0.935580996038617,0.8527760996057683,0.8738120195914167,0.8706662210952574,0.21151139151266862,0.9544316996038,0.9314886672615055,0.0,0.9582144552981327,0.9015943008452869,0.8129560940834346,0.9398636845831869,0.9275522446953854,0.06018876900102055,0.7478523304650295,0.9508971383859763,0.06018876900102055,0.9398636845831869,0.9492063492063489,0.9413411539914582,0.879064442044788,0.903814238682265,0.9582144552981327,0.8463809254714867,0.9602211523225768,0.9413411539914582,0.935580996038617,0.801009545737682,0.938412400887346,0.9602211523225768,0.7997856146881548,0.9164419655193166,0.5305546844946969,0.24376003609304187,0.938412400887346,0.9027019168030597,0.9526370111116405,0.9188361382271666,0.8993922310882436,0.8769613888066743,0.9341976401680094,0.8993922310882436,0.9398636845831869,0.9250013316406693,0.6827113291147924,0.7725735218970409,0.9049315186013058,0.9443834278905732,0.8141237078825918,0.8907283270583697,0.9225015741707872,0.9341976401680094,0.21151139151266984,0.8175997772209664,0.9398636845831869,0.8517144868263774,0.9341976401680094,0.9152582079543841,0.7539334992316542,0.9526370111116405,0.8453085223330421,0.7143607147557585,0.9176344520056336,0.8993922310882432,0.9582144552981327,0.7301312695908229,0.8918007079504506,0.9562880686171875,0.9164419655193166,0.944383427890573,0.944383427890573,0.9544316996038003,0.9582144552981327,0.9250013316406696,0.8255663034700989,0.9129151319089186,0.9475597985845114,0.9475597985845114,0.7125274559321444,0.9071820194155717,0.08671734220308636,0.8717146038820361,0.0,0.9562880686171873,0.0,0.0,0.8187498553347687,0.2115113915126693,0.9188361382271664,0.0,0.7334713952978882,0.8377384241745145,0.4006068367505189,0.8527760996057685,0.8811713725919912,0.8058499662916012,0.903814238682265,0.47795836130872293,0.8399134433261015,0.9428469360414604,0.8864622842804515,0.4408515443948542,0.9176344520056336,0.7711949776746385,0.6473831763250284,0.9250013316406696,0.9428469360414602,0.9459533477380775,0.7846176027958278,0.9562880686171873,0.8961186971729789,0.9526370111116405,0.9004911494084331,0.938412400887346,0.9328339505740528,0.935580996038617,0.848519788337875,0.9237454173815312,0.9060540201833016,0.9355809960386168,0.7223272158432528,0.9526370111116405,0.17526171623055564,0.9508971383859763,0.9140827360776205,0.8570084033315839,0.8399134433261015,0.4654487838138114,0.8570084033315841,0.5711669571562623,0.77934241058442,0.8896584524348263,0.9475597985845114,0.7766590274917051,0.9262700211315917,0.9623211158059548,0.8058499662916013,0.8463809254714865,0.7876282222528316,0.8034406041869142,0.938412400887346,0.9071820194155717,0.8822265994777512,0.0,0.9544316996038,0.9164419655193174,0.9492063492063487,0.8612222667022558,0.938412400887346,0.9459533477380777,0.9262700211315917,0.831146423199498,0.9355809960386168,0.8046479448175343,0.9602211523225772,0.7935775465776653,0.9398636845831869,0.8664724446651941,0.06018876900102055,0.9428469360414602,0.7143607147557588,0.9152582079543841,0.9341976401680094,0.7806724477786732,0.880117361849238,0.7318083230664854,0.8633240709217587,0.9188361382271666,0.6991852245234744,0.8612222667022558,0.9250013316406696,0.960221152322577,0.9369854052620166,0.9508971383859763,0.8388272306091986,0.9027019168030597,0.525843532183836,0.03139863267861631,0.7960789049353036,0.8409971458279799,0.9623211158059548,0.8790644420447877,0.9526370111116405,0.9176344520056336,0.9164419655193168,0.932833950574053,0.9015943008452869,0.9250013316406696,0.9369854052620166,0.500567215157067,0.9398636845831867,0.9475597985845112,0.9544316996038,0.9623211158059548,0.0,0.9188361382271668,0.8654234385275936,0.8070467719220202,0.9200475251844384,0.0,0.8832831707913575,0.8244397822834253,0.9060540201833016,0.34458474155865637,0.9038142386822647,0.8918007079504506,0.8811713725919912,0.7859181167692968,0.9275522446953854,0.9060540201833014,0.6598989712921809,0.8907283270583697,0.9562880686171873,0.9027019168030597,0.9288488221297497,0.9526370111116405,0.9152582079543841,0.9623211158059548,0.9275522446953854,0.9459533477380777,0.9623211158059548,0.9413411539914587,0.9288488221297497,0.9492063492063487,0.6783615558233285,0.8843412180810755,0.9582144552981327,0.9492063492063489,0.9384124008873462,0.7806724477786728,0.8022278398026612,0.03139863267861631,0.9544316996038003,0.08671734220308558,0.03139863267861631,0.03139863267861631,0.3741839079094693,0.0,0.944383427890573,0.4527606561376478,0.0,0.9341976401680094,0.535161772248302,0.9582144552981327,0.9526370111116405,0.9562880686171873,0.9508971383859763,0.03139863267861631,0.7960789049353036,0.8580633769736241,0.935580996038617,0.8409971458279799,0.0,0.9071820194155722,0.9526370111116405,0.9341976401680094,0.7935775465776653,0.9083158055901508,0.9582144552981327,0.9508971383859763,0.9369854052620166,0.9152582079543841,0.6284764518573093,0.9492063492063487,0.4006068367505189,0.92126914699118,0.9250013316406696,0.6848496741376318,0.9398636845831869,0.9582144552981327,0.930160641445072,0.9526370111116405,0.9071820194155722,0.8420784215528954,0.0,0.9492063492063487,0.8822265994777507,0.960221152322577,0.8377384241745145,0.944383427890573,0.9398636845831869,0.8244397822834253,0.06018876900102055,0.7569089328329721,0.7846176027958276,0.0,0.0,0.40880739824839063,0.6991852245234742,0.9027019168030597,0.8058499662916013,0.8453085223330421,0.8152867967569688,0.8399134433261015,0.7997856146881548,0.9328339505740528,0.8129560940834346,0.0,0.9004911494084331,0.9544316996038,0.9623211158059548,0.831146423199498,0.9582144552981327,0.831146423199498,0.0,0.0,0.7739436107925914,0.9492063492063487,0.7819949015164562,0.938412400887346,0.8570084033315841,0.8993922310882436,0.6856702229525599,0.8993922310882436,0.8344556057285131,0.8506512873935228,0.0,0.9152582079543841,0.8175997772209664,0.9508971383859763,0.9582144552981327,0.5526275082095407,0.7351207557283752,0.43182584581086747,0.9176344520056336,0.9508971383859763,0.8591172857456586,0.0,0.8266892096935958,0.9176344520056336,0.8993922310882436,0.8727631680356078,0.8654234385275936,0.9413411539914582,0.9049315186013054,0.8538362113124116,0.9562880686171875,0.8685695845092949,0.862273520033598,0.9443834278905732,0.9602211523225768,0.9225015741707872,0.2586095064370061,0.8129560940834346,0.9544316996038,0.03139863267861631,0.8759110188590655,0.9288488221297497,0.9152582079543841,0.92126914699118,0.9623211158059548,0.9152582079543841,0.9623211158059548,0.9623211158059548,0.9027019168030597,0.3647019568709454,0.8961186971729789,0.9492063492063487,0.9602211523225768,0.938412400887346,0.938412400887346,0.8322525541058978,0.9428469360414611,0.9475597985845114,0.9288488221297497,0.5210240199989242,0.9508971383859761,0.7684119013812074,0.3833143586062788,0.7125274559321442,0.7447432793600621,0.0,0.8918007079504506,0.9492063492063489,0.758381053055492,0.960221152322577,0.9328339505740528,0.9341976401680097,0.855952276285969,0.0,0.7399891659895361,0.8058499662916012,0.9341976401680094,0.8058499662916012,0.8266892096935958,0.8129560940834346,0.9544316996038,0.7143607147557588,0.6716454483484393,0.8058499662916012,0.7431708752992889,0.9355809960386166,0.6761489807685291,0.9623211158059548,0.9355809960386168,0.9492063492063489,0.8982973238138026,0.930160641445072,0.8388272306091984,0.4779583613087228,0.8106069085572598,0.9492063492063489,0.03139863267861631,0.8420784215528954,0.861222266702256,0.5110414539348817,0.7766590274917051,0.7524297972473162,0.0,0.9856724533720749,0.8633240709217587,0.9225015741707872,0.0,0.8399134433261015,0.9428469360414604,0.9582144552981327,0.2115113915126694,0.03139863267861631,0.9114861522954751,0.9314886672615051,0.897206214237533,0.9288488221297497,0.9083158055901508,0.9355809960386172,0.8129560940834346,0.0,0.9275522446953854,0.0,0.9582144552981327,0.8333555867103808,0.8843412180810759,0.9623211158059548,0.9262700211315917,0.8022278398026612,0.904931518601306,0.9225015741707869,0.0,0.8322525541058978,0.8210376473859937,0.8506512873935228,0.9250013316406696,0.40060683675051967,0.9544316996038003,0.3227392978460525,0.9237454173815312,0.392115299153029,0.8928757609748668,0.7948313236856197,0.392115299153029,0.9225015741707872,0.9544316996038003,0.885400876353422,0.392115299153029,0.9623211158059548,0.931488667261505,0.9508971383859763,0.885400876353422,0.9475597985845114,0.9237454173815312,0.9341976401680094,0.8918007079504506,0.9152582079543841,0.9355809960386168,0.9140827360776211,0.930160641445072,0.9475597985845114,0.9384124008873462,0.7301312695908225,0.9225015741707872,0.9015943008452869,0.8333555867103808,0.42440193597169273,0.9083158055901508,0.930160641445072,0.9508971383859763,0.9526370111116405,0.9015943008452867,0.8939536575643379,0.9275522446953854,0.9275522446953854,0.9004911494084333,0.9544316996038,0.9562880686171873,0.5974763156586966,0.9262700211315922,0.8664724446651935,0.9176344520056336,0.9250013316406696,0.6549904556417999,0.9369854052620166,0.9237454173815312,0.9492063492063487,0.8366469404145511,0.8780124908814328,0.9129151319089186,0.9004911494084333,0.6623067578386677,0.9562880686171875,0.9188361382271666,0.5906675167558797,0.9314886672615046,0.944383427890573,0.926270021131592,0.8993922310882434,0.6040574193889983,0.7598430279509716,0.9398636845831869,0.6739104850582693,0.9475597985845114,0.8832831707913573,0.7143607147557586,0.9526370111116407,0.9508971383859763,0.8864622842804517,0.9275522446953852,0.9526370111116405,0.8982973238138026,0.8633240709217587,0.708808264663793,0.9459533477380775,0.9459533477380775,0.8322525541058978,0.9341976401680094,0.9027019168030599,0.9526370111116405,0.8591172857456586,0.9341976401680094,0.9562880686171873,0.8928757609748668,0.9328339505740528,0.9508971383859763,0.960221152322577,0.8854008763534222,0.9582144552981327,0.7197593917099125,0.9562880686171873
p304_I,0.7467913558934354,0.7743984544652451,0.5838662167238966,0.840895560485015,0.9392104300114424,0.8550872530468148,0.801830478747299,0.8518031791020739,0.5245364850743313,0.8826723723783976,0.7687161165969225,0.8145236181207491,0.8974867024478195,0.7019415513043818,0.9698144903029278,0.9874932877477895,0.9173095916401801,0.7365058536917064,0.9755132836179135,0.8826723723783978,0.6590903268545776,0.8111458079800902,0.913948729914295,0.8991917165788903,0.757646272787821,0.6492930024488199,0.786099020369325,0.7408156781663799,0.8826723723783978,0.8194934878481475,0.7179572707341275,0.9867086919017327,0.8314271579725276,0.7760068868141412,0.9676706105860006,0.8392930630721884,0.840497711631859,0.7801896825720747,0.8550872530468148,0.7313982749191232,0.6130631660228902,0.6561794583465667,0.9301516024075416,0.8265571825735177,0.8385832488776672,0.5579479432929699,0.8178422485024104,0.5071380788326791,0.7313982749191235,0.5400029556061996,0.824744608932849,0.4479505426656427,0.6712287575866582,0.6997275203797987,0.8355292519245278,0.7688775090217481,0.7476152676338104,0.7399891659895361,0.6976951127413293,0.7921369220339978,0.5534703718570673,0.657194036047295,0.8686505538272042,0.7442550656863194,0.8318841922523379,0.5420028284369642,0.8561690587937523,0.5989222896140052,0.7984996698982247,0.8733481182086198,0.6972016442759028,0.7313982749191235,0.9392104300114426,0.3528345354603808,0.7399891659895361,0.5633346735275706,0.7631344888106659,0.7932215472647901,0.3721034175761174,0.8550872530468148,0.8667378392683933,0.814991698257509,0.953071985158022,0.8681203845187362,0.7399891659895361,0.6832226306729527,0.8591571271495142,0.7276622699157917,0.9325031092082593,0.7592148952360376,0.7399891659895361,0.583866216723897,0.5159595161452553,0.5656639121640565,0.7878254648102052,0.655820171304319,0.5756271157503678,0.567424119046994,0.3909652394707591,0.33467096511750083,0.7476152676338101,0.8178422485024099,0.8046479448175352,0.643627337672039,0.7995210033129084,0.839293063072188,0.6430226419692497,0.4044669303536035,0.7009690660424848,0.3777724561930357,0.5227545743884665,0.8085843310136374,0.5065130421167929,0.6694133502722937,0.8178422485024104,0.40391557461505445,0.8745649354471419,0.9074031733450507,0.8550872530468143,0.4223360276127547,0.8628693726862096,0.5592525054476531,0.7576462727878213,0.8949264646755033,0.7584416088295451,0.5319802989987495,0.8111507091583436,0.7681158752418604,0.9365871288980401,0.9367984192972857,0.4199713719701327,0.8481713308694632,0.824744608932849,0.8446553495102788,0.7860990203693254,0.43122365255235473,0.83511969532894,0.8247446089328494,0.856169058793752,0.7502552768256681,0.544675460168417,0.8470108069580575,0.5168205919274353,0.6202026505016793,0.5827018203482575,0.5601847481927513,0.7507647802016681,0.46436636465803827,0.6424948870402414,0.39953085180902104,0.8470108069580577,0.6565995544936352,0.7150312184388903,0.9868581614989838,0.8875935086546551,0.6640847780071599,0.6441516409020458,0.7612585357069432,0.8212781435103415,0.8312050295303877,0.8880508784650727,0.8481713308694636,0.7696135968297468,0.43086629336697124,0.6531579622349599,0.697363689699185,0.7954595322760413,0.6786591158546054,0.8610256794506839,0.6529634238644662,0.8607461332251054,0.798315321686256,0.784615421831552,0.860225127539336,0.8534852046047969,0.7933038845325329,0.8733481182086196,0.846981511584666,0.886225048493408,0.8975575984142881,0.9123279484066307,0.7523830097873504,0.8539264745735007,0.7592148952360358,0.6998290430798879,0.4512259455627705,0.4629463160786329,0.712654216293755,0.6997275203797988,0.7268318068198698,0.8728912398822923,0.7612466191703302,0.5169309358294603,0.4868227463277631,0.7246253496869426,0.7399891659895361,0.9578857215259216,0.9536455577305865,0.6888606362980165,0.5213728603253949,0.6338741157136887,0.8145236181207491,0.7399891659895361,0.522573465148144,0.32773040320444835,0.8470108069580577,0.7399891659895361,0.7853978008493574,0.6403275854606383,0.5555321608619928,0.5379077912157204,0.6514129270009823,0.7983153216862562,0.7399891659895361,0.867960129593262,0.7399891659895363,0.5079938110718472,0.4704372456184862,0.5085531821224256,0.7399891659895361,0.7396982981428937,0.7399891659895361,0.8185739683901776,0.8369091119560217,0.6786363352947036,0.5372020077044906,0.8178422485024102,0.3537719643976752,0.7233371708762363,0.8446470987747128,0.9487975961727892,0.7418135467930376,0.5370871795821437,0.7452888229965553,0.824744608932849,0.8457702478654618,0.8760271331787318,0.8438604761708741,0.7824971702340913,0.8812101379529148,0.5662098770014758,0.9514798370889648,0.5592525054476531,0.8040914887245318,0.7399891659895361,0.7703264128550465,0.7399891659895361,0.7127447676839764,0.6740836112921156,0.7981619927363152,0.9643637623654486,0.3415622789256523,0.9578857215259216,0.6335493049815993,0.757646272787821,0.5880008637608496,0.7932215472647903,0.412648333797517,0.9694876603376774,0.5066151893009163,0.9609650341039673,0.4767064271388084,0.7592148952360375,0.9068654210599806,0.5575211232266934,0.8550872530468148,0.6194022475606242,0.8875489105654992,0.7676870022298581,0.7480022157559865,0.5331000970951847,0.829586442597218,0.6596700816348355,0.6500093394878312,0.4740982302881256,0.839293063072188,0.2383466154027627,0.8169408684093125,0.7696135968297466,0.9377937111577486,0.839293063072188,0.8790310521507777,0.40913903389184847,0.8645404905882981,0.6251335901442965,0.7217921240444722,0.8178422485024099,0.6878443081738392,0.185261244874518,0.792136922033998,0.8178422485024102,0.8178422485024099,0.22524742924355734,0.8392930630721884,0.55850906251088,0.49860922696177157,0.5592525054476531,0.933484308512897,0.9414582284814823,0.804647944817535,0.7745780568529601,0.7921369220339982,0.8247446089328494,0.30773998167054506,0.9027049260340398,0.8178422485024099,0.7313982749191243,0.7969977413798235,0.5012564632074086,0.836492621397375,0.7535722715979106,0.9348716153255681,0.7892116536013982,0.6709874128875409,0.5534231870192614,0.8826723723783978,0.6428915521223314,0.9539955032190779,0.8601778526419883,0.8626807108381243,0.6694133502722932,0.8788669278270553,0.7399891659895361,0.7667375428754115,0.7096646114842384,0.7365058536917068,0.839293063072188,0.995165683932139,0.8536240445709697,0.7399891659895361,0.757646272787821,0.7861013304270676,0.8550872530468148,0.6561757451616914,0.5467385788382166,0.7469245461158658,0.798161992736315,0.5044822491299634,0.34204482382354273,0.8047231998460556,0.707435563423396,0.41439338320900765,0.939158577970624,0.8143032300292855,0.4498196829889207,0.6997275203797986,0.5958047257675485,0.8550872530468148,0.36209480218573165,0.6878443081738386,0.3153723191518285,0.7860990203693252,0.7592148952360376,0.8736563198827272,0.5592525054476534,0.2964637900737669,0.17916204232319333,0.30291310608258426,0.7399891659895361,0.4657279614290165,0.900242012981876,0.7118754700272878,0.8914903088455381,0.8320351042588818,0.48288388091330403,0.7399891659895361,0.7399891659895361,0.8368039057425074,0.7274308857280449,0.5260696113471544,0.7399891659895363,0.847010806958058,0.8046479448175352,0.701941551304381,0.6046557592352861,0.43787125613597433,0.8046479448175352,0.7067253643153952,0.7631344888106661,0.354844398955505,0.36142932007025563,0.7399891659895361,0.5429858611075178,0.6786363352947036,0.32065992513440156,0.2978477146050731,0.7268318068198698,0.6957100947959873,0.8178422485024099,0.23833209709590053,0.7399891659895361,0.22049557849472845,0.7365058536917068,0.6862483177189582,0.6510658089996502,0.777991256212438,0.3505902265837655,0.7801896825720747,0.7399891659895361,0.8054271378400909,0.5056636112974151,0.7399891659895361,0.988215559378042,0.7100047891636887,0.5874639993882762,0.28959420500302446,0.20923893231340418,0.7399891659895361,0.7252335300992281,0.545114721618154,0.8645404905882981,0.8550943015139463,0.6880172792700994,0.5595393807161655,0.5481601624110981,0.6165299238658495,0.8178422485024104,0.7561720517445581,0.4339965518122775,0.8446470987747128,0.4996719391990172,0.7008401587229294,0.5025831158268697,0.6933420269614068,0.8247446089328487,0.7584416088295454,0.7399891659895361,0.8733481182086198,0.7713403432775132,0.6635811672095844,0.8882078540529299,0.8051716883851696,0.7771733827750995,0.8026559634611476,0.9578857215259218,0.7502552768256682,0.8667378392683935,0.8046479448175352,0.7743984544652451,0.5788359465919104,0.6469780455896765,0.8542114406999302,0.43660295278071193,0.832035104258882,0.8750188620981167,0.844647098774713,0.7072545458259394,0.8351514675648022,0.8826723723783978,0.549618858274517,0.6846336149529364,0.9749960505051047,0.8791945461131484,0.8351514675648024,0.6593411622267498,0.8785004132365168,0.9176223674647048,0.7442550656863198,0.9942559351419209,0.9057479011130323,0.7145783482020328,0.8637024233850624,0.677208190250931,0.6170382504880172,0.6415925992252682,0.6684586237305834,0.9435517058943512,0.8070788414214184,0.6263902198448117,0.9997001424057388,0.7992944396065149,0.8319452892405708,0.3109724331268988,0.8637024233850623,0.42969486737750395,0.7085382367509918,0.674083611292116,0.7453390405294521,0.8178422485024102,0.8891301143439447,0.7303262588069792,0.8536234582687046,0.8785682227813195,0.9904316612456553,0.884064060463601,0.7121000824699291,0.8971967889242582,0.7722731073171094,0.8123411346234961,0.7860990203693254,0.923859792179927,0.8733481182086196,0.7115556025011189,0.32912912189312604,0.6650721558487989,0.7983153216862562,0.798315321686256,0.37210341757611765,0.9897348060190689,0.7677850373097668,0.5066151893009161,0.7399891659895361,0.8318841922523381,0.7399891659895361,0.7399891659895361,0.14718253454870445,0.8781463766669586,0.687844308173839,0.7399891659895361,0.3092035305150187,0.34961330701633,0.936798419297286,0.647087870814828,0.5429858611075178,0.3150217290550201,0.7146095124742469,0.8206498621125353,0.25809949933893384,0.8314271579725279,0.9431334518079314,0.8088965260521003,0.6162406336556245,0.53514665764824,0.3567882336326741,0.7115556025011194,0.9636229404256603,0.8728912398822923,0.6238120389610184,0.8318841922523381,0.6486434204377416,0.8178422485024104,0.7659716913059667,0.9728032557575015,0.8754888573436121,0.8215465550615186,0.4355319202770671,0.7268318068198698,0.5190939776448765,0.7626436581009881,0.8813088468850985,0.7878796807258951,0.7327466599103807,0.8111507091583436,0.9446500991346563,0.3759818756187945,0.38430812976255835,0.861010892458121,0.5849934993009303,0.951479837088965,0.6886004601997282,0.5756271157503674,0.7983153216862562,0.3694951004586523,0.7164349741463436,0.8550872530468148,0.2533002155572287,0.4628351123853798,0.6529050312542399,0.30564733862160476,0.7631344888106664,0.8195735037535301,0.7688946298067314,0.7399891659895361,0.8247446089328487,0.7595430325708612,0.7969095271386525,0.5346208703865423,0.7087410003256686,0.831009594673963,0.7784024192767753,0.3505902265837655,0.7522449239219364,0.19733214099411223,0.8826723723783978,0.20610056804776367,0.9892649926077317,0.38607436728645905,0.7771733827750995,0.9595208464736602,0.7173564346629755,0.8408484553252293,0.7469245461158658,0.7182567975424494,0.7396652354187079,0.4698903804285095,0.46556909006832325,0.6878443081738388,0.4409418881591918,0.4662617278010912,0.6160845695261368,0.847010806958058,0.8047231998460553,0.7779912562124384,0.5607439286170859,0.8038753790267059,0.46737862761417415,0.7315605337936808,0.2647984628090372,0.3884760426343563,0.9301516024075414,0.6446552789532158,0.9091960101941088,0.7210894812497868,0.7160910441036661,0.7862828222369782,0.8379216904296074,0.7319301427427174,0.7951229201589531,0.8864234955574308,0.7932215472647894,0.8145236181207497,0.824744608932849,0.8550872530468148,0.7399891659895361,0.9750668822874211,0.4962869142575421,0.4323780119839603,0.6925032946421634,0.7399891659895363,0.5819070653309419,0.3499787651437578,0.6222231602814454,0.9804492848541708,0.6300701788685343,0.583866216723897,0.49529082137764024,0.8734347212968949,0.7423177204080658,0.9136955178539878,0.3415412849456353,0.6730385929988545,0.8318841922523381,0.6257921960550905,0.7476152676338104,0.8785004132365171,0.6740836112921158,0.8926194277271777,0.817704503752205,0.7921369220339984,0.8550872530468148,0.7743984544652451,0.7688775090217483,0.8331081253920929,0.6783843754386294,0.555177066528433,0.7861013304270678,0.7399891659895366,0.9071684463189384,0.21753167960747777,0.27080208816161744,0.7592148952360376,0.8247446089328494,0.7940271515639374,0.7592148952360376,0.7592148952360376,0.6611178571687075,0.7399891659895361,0.9960359344026932,0.940922761170967,0.7399891659895361,0.7469245461158662,0.8285331701789969,0.8733481182086196,0.8178422485024104,0.8088965260521002,0.7486442537389224,0.7315605337936808,0.27706788444916075,0.3005051622151197,0.7626436581009886,0.34157426920772205,0.7399891659895361,0.64302264196925,0.8178422485024099,0.746924546115866,0.3967815714314965,0.6823595529017215,0.8392930630721882,0.8111507091583436,0.912815237804539,0.8964367366696007,0.9930309080789927,0.8046479448175345,0.8997395650677052,0.7168077193433278,0.7930537634675119,0.5490901961110095,0.8667378392683935,0.9074031733450509,0.7313982749191235,0.8178422485024104,0.6950294665767227,0.334480113157533,0.7399891659895361,0.8900284865412091,0.5619151507086775,0.8826723723783978,0.4403088621223463,0.7860990203693252,0.7687161165969227,0.3531360546154957,0.7771733827750995,0.3221818520746118,0.2885325341818421,0.7399891659895361,0.7399891659895361,0.7435842430382271,0.7576530931966637,0.6257921960550903,0.3890875452523703,0.44363475561688215,0.5261579053491006,0.3843081297625579,0.2578702298518165,0.7416798046836628,0.44000242702382875,0.7399891659895361,0.9972549462618527,0.8247446089328487,0.8550872530468148,0.3505902265837655,0.839293063072188,0.3646176006692733,0.7399891659895361,0.7399891659895361,0.33115956449495565,0.804647944817535,0.29935124322598183,0.7631344888106666,0.4500552363034924,0.6130631660228905,0.901509794388344,0.6786591158546051,0.34449359234191756,0.42560580917768354,0.7399891659895363,0.6740836112921156,0.22857271589096628,0.8111507091583434,0.9223215509727927,0.7378355744365651,0.9179834615303809,0.9589455545474759,0.6832226306729527,0.9247262685800159,0.47174670990343714,0.7399891659895361,0.2012517294012134,0.7021560559613698,0.6653813858282465,0.5106479603104863,0.4962869142575421,0.6997275203797978,0.5815307201669351,0.4913387638223341,0.8088965260520998,0.8602385308058386,0.5419255952138893,0.8465113800722809,0.8470108069580577,0.9010469938938089,0.8028432884136889,0.21642368683807267,0.9190179585155582,0.7315605337936808,0.5815045600179823,0.7420909390556755,0.8223190282104389,0.8714647042407491,0.8071231748299156,0.7296718926364869,0.9572518735513686,0.8821875241906418,0.6257921960550903,0.6682149176487284,0.5966894101227903,0.7684493465640945,0.8470108069580577,0.8111458079800902,0.7567523194950929,0.4440557577296813,0.8570458956727547,0.731560533793679,0.890926628771242,0.48884269512467504,0.8111507091583434,0.47569789065979373,0.7866414612513744,0.4223898363475437,0.4981028608795892,0.7399891659895361,0.583866216723897,0.9392104300114426,0.32773040320444846,0.8826723723783976,0.7676870022298568,0.7085382367509923,0.6074160824471879,0.7399891659895361,0.0,0.2533002155572286,0.7469245461158658,0.2036619469979778,0.22651553041107453,0.20400264571664173,0.856169058793752,0.2026971263054328,0.8753751338775241,0.8579099900745698,0.44868427019554813,0.7522449239219364,0.6050934571191391,0.8550872530468148,0.7984460113483247,0.804647944817535,0.8205107558636056,0.8177578387867972,0.2652691924011248,0.9883946929708312,0.3087756966443511,0.9107502494368845,0.7592148952360376,0.386434613757735,0.46626172780109165,0.8573811481550406,0.4061214819518405,0.4071176093223895,0.7399891659895361,0.21092013196202042,0.4743452533491701,0.7019415513043818,0.7399891659895361,0.3227467550960057,0.9339021087734336,0.839293063072188,0.8550458329537646,0.7315605337936808,0.5796910620442395,0.868650553827204,0.8309993732337648,0.8539264745735007,0.8397532474968263,0.8215465550615186,0.29305137859022445,0.7399891659895361,0.9015097943883446,0.7399891659895361,0.9074031733450507,0.5889266521392666,0.49811007047068734,0.8550872530468148,0.7878254648102048,0.6333737377401869,0.5815307201669357,0.7217921240444725,0.7399891659895361,0.8549978519017924,0.5602015001630186,0.6244530520610194,0.8134283037091103,0.970554445128762,0.8561690587937525,0.9624517536333083,0.7906135730727354,0.8157250957843047,0.4831223027579239,0.2231847756736567,0.8157250957843047,0.7019415513043823,0.8247446089328494,0.574360979007805,0.8157250957843047,0.8550872530468148,0.9339276499322515,0.8073382586859535,0.574360979007805,0.798315321686256,0.8710393430906345,0.7696135968297468,0.6338741157136898,0.6740836112921169,0.9474480078065404,0.5785318359532876,0.8799836876763444,0.8698323410054627,0.9968089153422136,0.5576217399260969,0.7019415513043823,0.6381776489733235,0.6960155798477314,0.6921157444664084,0.647383176325032,0.7745780568529606,0.9578857215259216,0.8481713308694638,0.7625902266578256,0.8456666837499487,0.8596071490702749,0.7213663977490312,0.7549415662854126,0.8247446089328487,0.8318841922523381,0.8838835843835637,0.6432347595058656,0.6674061354112344,0.8055748865397916,0.7115556025011194,0.8196370104438258,0.8753385904334068,0.7101878030548368,0.8046479448175345,0.6904909695209585,0.6620703534205159,0.7376965360741818,0.622779706310621,0.9835846963562134,0.8318841922523379,0.8218815094268437,0.8415583597064324,0.6712287575866582,0.8910674773860092,0.7370907891898206,0.8754469653497496,0.8686537740948883,0.9939389678067431,0.7687161165969227,0.8682303254594554,0.8536240445709697,0.9855035826281304,0.9437215817844968,0.8481713308694636,0.840497711631859,0.6618758187804931,0.6291425998208928,0.8785004132365173,0.9352677869872579,0.5068711286364718,0.9596898347888987,0.8459731339328609,0.8459731339328611,0.5618748159294995,0.8149916982575087,0.6425666791409206,0.8481713308694636,0.5504410641096675,0.7469245461158658,0.8645404905882983,0.4831223027579242,0.8977903661202704,0.8698447141053749,0.8470108069580575,0.7457577107853592,0.839293063072188,0.8846370281193011,0.8318841922523381
p304_M,0.6453387825062418,0.7730606054602875,0.4427026872832923,0.8392524589836743,0.8343356316982855,0.8059290360431441,0.9497245519095165,0.9819318463040502,0.6323463954585367,0.8479521653438946,0.7638406599269408,0.799556308447807,0.7995563084478068,0.6008322823903778,0.9317121210925716,0.9853805413611496,0.8448662440139756,0.6471217056732823,0.9211192409449183,0.8308063456911845,0.6194709609028003,0.7308377857119486,0.8531697165055645,0.9004325626946126,0.7696716759420529,0.7381271605259614,0.7135381794836075,0.7368460910473738,0.8308063456911845,0.9912877640237534,0.8152943545241966,0.8572755626114628,0.7569075950991145,0.8622528960791387,0.8628212971049698,0.818862591151581,0.7764613417359434,0.7056242388070868,0.8559789162214919,0.6618907255388641,0.4818040100736587,0.7432692756603827,0.9311104823849059,0.7216500607488319,0.8973974698261229,0.372214670399422,0.7560495458914249,0.6196444556599667,0.6402815017801006,0.5864267310891791,0.8887281516764465,0.2517352972833269,0.7600825581617026,0.7757866041934978,0.7815421982726278,0.6760873335642716,0.8676188606210478,0.8058499662916012,0.8648749533407989,0.7216242962744105,0.6409075767701964,0.6856208532145058,0.9576811368833751,0.8100774505820202,0.7748548864613385,0.6692157378686232,0.8281985467386976,0.5705776768667514,0.6087865795846363,0.8529481410826933,0.5944844741718229,0.6402815017801009,0.9197926279183388,0.3628356004564579,0.8058499662916012,0.5520562980271451,0.7548649413023865,0.7638406599269406,0.5637054160990456,0.8059290360431446,0.8191939787328955,0.7746215314985794,0.9510312382273374,0.8666756820306954,0.8058499662916012,0.5757634113106865,0.8990278748450162,0.6976951127413291,0.8959808750442568,0.7995563084478072,0.8058499662916012,0.47402109314224516,0.46132808374109124,0.61985892673317,0.7802027134209193,0.6857845581955859,0.46260907293644493,0.4512657610299202,0.34916553981167775,0.44481698741975695,0.6760873335642726,0.7560495458914245,0.7383793872014479,0.7702420298993613,0.9565589062382254,0.7847770412204684,0.521926528615317,0.32359686271453914,0.7591375004288965,0.409525422348918,0.38978110848091185,0.9219085424782568,0.5345411756190221,0.6572715006674299,0.7864057866094468,0.4652270519548547,0.8733167810927794,0.8402819095372958,0.8059290360431434,0.5116670972206281,0.7943394728925295,0.5458373802224631,0.6754335112162428,0.9807777980692294,0.8227648867592128,0.6291233001031107,0.7470880603205394,0.66112286927689,0.9236524445610544,0.6946350280603035,0.5136589942079035,0.7864057866094465,0.7652933686087295,0.8559789162214912,0.7398037923896812,0.6222696667167498,0.6257299054880046,0.7967459576737135,0.7967459576737135,0.7934159251299586,0.45054800098914427,0.7951128469173033,0.6440109517808041,0.46714639903654176,0.5888881972895483,0.6582913314924024,0.7638714392024222,0.39637180435509456,0.7330510092157587,0.26018540853249084,0.7951128469173043,0.6409075767701966,0.7427615069153487,0.832224407707039,0.8596511358036818,0.7546602329745218,0.7467042500782022,0.6676032144884976,0.7370632014253751,0.6819354029885111,0.9831496283676495,0.8167620273274685,0.7292027959893126,0.29334440483107205,0.5352721024388417,0.5883654477777835,0.66112286927689,0.5638723702007498,0.8063110583456286,0.5527606391111077,0.7796474148353505,0.7298985716672585,0.8770057699699194,0.95361540119353,0.9230987927998355,0.6781700983713495,0.8529481410826932,0.7462373115392391,0.8014770661288287,0.7953451756446442,0.8606538536277686,0.8356105376247056,0.8250562990528754,0.799556308447807,0.6382074673774415,0.5014359695135513,0.5252159816145903,0.6571815470561482,0.7757866041934975,0.9292300415980935,0.8742425548958965,0.8184994721009322,0.2976738356926294,0.33119902402999823,0.7613326954014681,0.8058499662916012,0.8123127184484011,0.8832775558062886,0.6361794812938713,0.48659863439566686,0.6803819486660361,0.8825936825451484,0.8058499662916012,0.39324496950307897,0.42918967219956405,0.8479521653438946,0.8058499662916012,0.6825383288491034,0.7502730862504172,0.6724604045670737,0.5749922883374776,0.5273959339074628,0.7298985716672577,0.8058499662916012,0.5436498017209516,0.8058499662916013,0.6531187924046049,0.4410171841122176,0.4352740037659375,0.8058499662916012,0.7915142893452918,0.8058499662916012,0.632346437822329,0.9401883957401405,0.56962132385626,0.3753207381277607,0.7560495458914245,0.24763816323162757,0.7934159251299584,0.7606847995947024,0.788619102479287,0.7053560649457582,0.5984916182081013,0.7927713808605444,0.7967459576737134,0.6646850446045982,0.6757080281483125,0.7506936204402767,0.6809090061664553,0.9171872608207574,0.6760890086635989,0.7874151753009924,0.42486135998597707,0.8473003449739174,0.8058499662916012,0.6784632471965257,0.8058499662916012,0.8610356459460489,0.748984390038562,0.8258229735464786,0.8069611937921393,0.1987556884116587,0.8123127184484011,0.6715959686688167,0.6754335112162424,0.4639976883024327,0.9110049051058225,0.4832299458290992,0.8189630840562676,0.43872410560025077,0.8082139202720353,0.40461123460810366,0.7995563084478072,0.8656041668745098,0.44869620115973163,0.8559789162214919,0.6953186515383452,0.6953186515383452,0.8548766696141696,0.901915483179615,0.48501513888667536,0.8258229735464786,0.48697484580884476,0.5202066879101367,0.5425205849741437,0.7847770412204684,0.3587797167270803,0.910218485862009,0.7519121637439461,0.8263509524803571,0.7847770412204684,0.9654294646872914,0.4637742609592954,0.9963463292978374,0.5250525488853313,0.6604373265387016,0.7560495458914244,0.8119366988083401,0.2872031263814194,0.7216242962744107,0.7560495458914247,0.7864057866094464,0.09769014821813249,0.7847770412204687,0.5743106512590708,0.4990524132637977,0.40973935745641643,0.8487356573376321,0.9552047908760306,0.7383793872014479,0.7915460680914451,0.7216242962744119,0.8596511358036819,0.3303153745888565,0.692738981817492,0.7560495458914246,0.6618907255388647,0.6993578432043268,0.3227670087982173,0.6892338813462733,0.6331173306312388,0.8542174064503703,0.6291233001031109,0.6665449602137969,0.5587145217835017,0.8664998444650647,0.7338844372634798,0.9021933432389448,0.8311020167561356,0.7131810474570082,0.568961417155768,0.8493193247742894,0.8058499662916012,0.8258229735464779,0.9689571710497354,0.6471217056732832,0.7847770412204684,0.8656041668745096,0.7852568210654853,0.8058499662916012,0.8403502994864105,0.8402819095372958,0.9186263852882656,0.7534527526512564,0.5680771053164899,0.6610746927254132,0.8572755626114625,0.3885909069965394,0.13153554102324583,0.8874693818493158,0.7815421982726285,0.24588239565656633,0.8189630840562676,0.8239222601835481,0.20441673282847206,0.7757866041934975,0.676117268336534,0.8434948191248515,0.2385350444104648,0.6202835193303863,0.24922573605432907,0.7135381794836078,0.7995563084478072,0.967333471530508,0.6516913979293892,0.31193693130517963,0.26702435956323467,0.06644288850623126,0.8058499662916012,0.4948455926609612,0.7230725533751408,0.6657504099531124,0.822118342637288,0.8836456641177746,0.4349078256579446,0.8058499662916012,0.8058499662916012,0.7330510092157585,0.7000384233284986,0.45106915056007535,0.8058499662916013,0.8664998444650647,0.738379387201448,0.8193841109342328,0.470544589671014,0.39244317913597637,0.7668650526081322,0.6273633375899617,0.7788920968928248,0.13599064244280867,0.2351233329142972,0.8058499662916012,0.40276363159500084,0.5883654477777831,0.23185545495925952,0.2787937208539031,0.7078611253254627,0.7935942572591045,0.7560495458914247,0.2696681611811753,0.8058499662916012,0.09123642164594858,0.9544972725736601,0.8692865344679221,0.5566840615474904,0.8416859998638049,0.23215018620677352,0.7056242388070866,0.8058499662916012,0.6190026319968611,0.41377615065148676,0.8058499662916012,0.8292765951954009,0.706704628293191,0.40760465385437594,0.085991476128216,0.26869709165921596,0.8058499662916012,0.8287818187384572,0.5975055520125512,0.8729115082788343,0.8216803550614233,0.5969281518897995,0.6625702921816663,0.667056712431481,0.4970854163659356,0.7560495458914248,0.7416270111485654,0.5660215206094175,0.7606847995947024,0.4639494792985652,0.7656972633945609,0.3338462196767239,0.7768906158509865,0.7652933686087295,0.6690771033090241,0.8058499662916012,0.8870336910138058,0.6430882910255677,0.7450467473956599,0.8682487271258559,0.9623678861544241,0.8203581350519382,0.9215415040980155,0.9527010302283678,0.7934159251299586,0.8619501567128618,0.7953507180148167,0.848252737184657,0.45042370709975077,0.6738103188743507,0.8402819095372958,0.4259452136176449,0.8836456641177746,0.87604277982599,0.9225334041887112,0.6950131714142365,0.8269464080737015,0.8308063456911846,0.6701459410104886,0.793078462811944,0.9935660072555625,0.8102337120326548,0.8029192524832637,0.549219573723855,0.9685432309175783,0.8311020167561354,0.9765448130875445,0.9328088696050093,0.8427496347624791,0.812408092833363,0.7946666045364155,0.7133304308209105,0.6542673154485577,0.46063383462079077,0.5956397754939522,0.9236630827321967,0.750049615189091,0.5772496565291416,0.7633805800274995,0.7939004811633894,0.8000118450787026,0.0730129296204366,0.8437213529293759,0.5688732660130222,0.7711911134087561,0.6933463318484485,0.6973054189846448,0.7560495458914247,0.9365438359251851,0.5238241511519237,0.7463168253060259,0.7303397327062724,0.8743674594684079,0.8129032465630288,0.7117003545249887,0.9055970488846665,0.9070155544436816,0.7660694052957546,0.7135381794836082,0.9201807407414306,0.8402819095372958,0.6137076727373996,0.1394195878549387,0.5514558178141913,0.7298985716672577,0.7298985716672574,0.37496248597198756,0.8707838698505217,0.7874151753009926,0.39609066544581406,0.8058499662916012,0.8075404270671708,0.8058499662916012,0.8058499662916012,0.3072023541019906,0.7537693866232711,0.6011182013825909,0.8058499662916012,0.27156023675059615,0.37978290743311516,0.7688191056471216,0.7887968204892217,0.4027636315950005,0.39537140724150854,0.8261173815817663,0.6280947355174202,0.3880965457520491,0.7815421982726283,0.8853381724823867,0.8329186262686781,0.7230725533751405,0.4080937792192282,0.48979405142935173,0.6137076727373993,0.8071838764186419,0.8473003449739174,0.6734740096394027,0.8075404270671704,0.5292276691527429,0.7560495458914249,0.6858844677160327,0.8126462580697249,0.9219085424782568,0.7375635703669866,0.46058203790749697,0.6474877845238368,0.6409075767701968,0.7537693866232709,0.7331743984115713,0.8189630840562676,0.7645919468888491,0.7470880603205401,0.8511589969447995,0.4804509223695381,0.4213287952000556,0.825822973546479,0.6281590556470272,0.787415175300993,0.8532257341999927,0.4316686664556595,0.8129359457645989,0.1951962761624384,0.6202422556405748,0.8434948191248514,0.0864874953340804,0.4522008629602676,0.6280947355174198,0.17259626439079756,0.7068106301215102,0.6625702921816667,0.7582102805580717,0.8058499662916012,0.7652933686087295,0.7930784628119438,0.86282129710497,0.46309658451860114,0.7886191024792861,0.8473003449739176,0.7236138126989382,0.2830786078810662,0.8762909457332801,0.25330021555722837,0.8308063456911841,0.21891605239218082,0.8437213529293759,0.5035456497505073,0.7934159251299588,0.9107576639752013,0.5715745870109026,0.7304383706418573,0.7292027959893128,0.6037438948782223,0.5712405126185658,0.23537846714741972,0.49135933580951074,0.7544407449649536,0.4182466394244686,0.31257180313970145,0.7133304308209114,0.9021933432389448,0.8167907583049581,0.8123127184484009,0.41519217021608334,0.7456212627686662,0.6062937101217805,0.7995563084478075,0.26896324348051115,0.18103102464132215,0.8810606022065587,0.65505836223125,0.9100318062103332,0.7084160666403951,0.7008301913069241,0.7656581909429558,0.8071237246100658,0.6341004574780569,0.7826970416103487,0.969771148026909,0.7147859115339794,0.8272354331469209,0.7967459576737135,0.9186263852882659,0.8058499662916012,0.7855916242879568,0.3762420726565976,0.4356059559239809,0.5881923207098457,0.8058499662916013,0.6286769258414633,0.25958085339906833,0.6409075767701966,0.9187258511814397,0.5045802491994432,0.5523171077896268,0.6198428779431215,0.989243222590652,0.689756798818546,0.8429847719529255,0.4556768231640056,0.5616862749599227,0.7748548864613388,0.4988510620447494,0.8463375798369615,0.8774745087635125,0.637708273658335,0.8434948191248502,0.765021026509696,0.7216242962744122,0.8059290360431438,0.6978684737359191,0.8250562990528754,0.7668650526081321,0.7716118187471448,0.40428142241460796,0.8402819095372955,0.8058499662916012,0.8126462580697251,0.18813660624443707,0.31799171800292836,0.7995563084478072,0.8281985467386976,0.8399464011131399,0.7995563084478072,0.7995563084478072,0.7089303524967752,0.8058499662916012,0.7874151753009926,0.7493259495436899,0.8058499662916012,0.661074692725413,0.8107003800674362,0.8402819095372958,0.7560495458914248,0.8656041668745096,0.8123127184484011,0.7995563084478075,0.2566828351163236,0.47102044403874044,0.7537693866232711,0.3922388130232961,0.8058499662916012,0.521926528615317,0.9078307494815345,0.7292027959893127,0.3581822418456242,0.5627739673417199,0.7847770412204684,0.7470880603205398,0.7826970416103489,0.9715366227990155,0.9345884642122212,0.8238363834215005,0.8430031832339395,0.7514735256912695,0.9195994438472576,0.6680198364711403,0.7883680341234215,0.9552047908760305,0.6618907255388643,0.7560495458914248,0.7821935007013864,0.4483728279112047,0.8058499662916012,0.8808077142348698,0.45292658978417344,0.8479521653438946,0.3059781244351346,0.7135381794836075,0.8619501567128618,0.4297702700343424,0.8203581350519382,0.31161602263402133,0.2623601976473662,0.8058499662916012,0.8058499662916012,0.745018281651338,0.792362824623994,0.6331670931890307,0.4818589025755886,0.44800258270829607,0.2978432685171645,0.2660364483677202,0.30854440468782895,0.6540507969891682,0.4218104934308773,0.8058499662916012,0.6857845581955857,0.7652933686087295,0.8559789162214919,0.1812217645324804,0.7847770412204684,0.39278242858732204,0.8058499662916012,0.8058499662916012,0.2703502369893491,0.7668650526081322,0.3378765203053318,0.7068106301215107,0.3040172294712328,0.49821768209907713,0.8489013610745824,0.9085594827345286,0.4184565270455969,0.3369030126503394,0.8058499662916013,0.5635241960715172,0.30280637741842265,0.805834623151347,0.8402819095372958,0.7636937336736362,0.9531021249498595,0.9791581946867707,0.5757634113106866,0.8123127184484009,0.43747626426063535,0.8058499662916012,0.33754917683090646,0.8031679633044725,0.631857700553762,0.5301721684293914,0.5566810885462565,0.775786604193498,0.636617006658045,0.3408410194614736,0.8329186262686774,0.9328561193095681,0.5010267236489225,0.8136807882070665,0.7951128469173042,0.8825906683241471,0.7600825581617032,0.35964967536072656,0.8572755626114623,0.7995563084478075,0.6847551889174006,0.7918806468335746,0.7675304094352662,0.8756774769500457,0.8559789162214915,0.8602605064187888,0.8559789162214919,0.8559789162214912,0.5660090776168901,0.752563920722388,0.6190026319968605,0.8058499662916012,0.8308063456911844,0.7308377857119486,0.7645919468888482,0.37835258935079985,0.7825492732451296,0.799556308447807,0.8982870507540053,0.6105152156769997,0.8123127184484011,0.49169906515413164,0.7041221740423254,0.5888711401159867,0.5103023146286408,0.8058499662916012,0.47402109314224516,0.9482782933250231,0.3924431791359768,0.8479521653438946,0.8548766696141696,0.7939004811633892,0.5811942560405488,0.8058499662916012,0.2533002155572286,0.0,0.7484817456541228,0.2578947368421063,0.33754917683090646,0.28505669367654585,0.7967459576737135,0.35798817796601545,0.8146557801181371,0.9390070921985815,0.36337702730276544,0.6681998826838405,0.4397462752084841,0.8059290360431444,0.7375635703669868,0.7383793872014478,0.948748803087968,0.8995921868852623,0.3839446836136591,0.6616737433034907,0.1237376522492275,0.8058499662916012,0.7995563084478072,0.4353725720221773,0.28520366107081063,0.7381523122669907,0.2074160024280456,0.15189064006955233,0.8058499662916012,0.19157027983863095,0.3098090054334496,0.6008322823903779,0.8058499662916012,0.40103757465474343,0.8851159858291868,0.7847770412204684,0.8000118450787024,0.7995563084478075,0.4056783906356499,0.7820379557974448,0.8427277880860253,0.9527439837573919,0.8778432347072299,0.7375635703669872,0.04903338204341645,0.8058499662916012,0.8069611937921393,0.8058499662916012,0.8402819095372958,0.4867406963501735,0.5579141082129451,0.8559789162214919,0.718179779185901,0.4866135931620471,0.6536779670546673,0.6604373265387018,0.8058499662916012,0.4991289197069213,0.42885671870046727,0.6288067886073105,0.7972427354033145,0.8602605064187892,0.8281985467386976,0.9399922285879148,0.7085299135921486,0.7181019671258502,0.5905359372137164,0.17643697838433237,0.7181019671258502,0.620700630439819,0.76529336860873,0.4248613599859772,0.7181019671258502,0.8559789162214919,0.8666756820306951,0.8416859998638049,0.5155933751633411,0.7575776963663714,0.7286543605260238,0.7292027959893127,0.7743371662428937,0.5820702154682222,0.8000118450787022,0.671595968668818,0.7762694567332855,0.8272354331469207,0.8366734136601635,0.5786102397024142,0.600832282390378,0.5264665973725204,0.5036138111997162,0.7166863953391736,0.5277662709677734,0.7051091730563913,0.8416859998638051,0.7864057866094467,0.8571044504613718,0.8502718721848472,0.9537517792806898,0.7316969661009891,0.7684596863651092,0.8281985467386974,0.7748548864613388,0.8186546182029975,0.7388540905975747,0.7441334467853615,0.817824450039218,0.8176355201439716,0.7041381686524901,0.7932312171235056,0.789027701327651,0.7383793872014472,0.7356232281513218,0.5322244928924029,0.7513517012093611,0.652714506927776,0.9530285807408863,0.9055970488846665,0.7544407449649537,0.8004381517426116,0.7381271605259614,0.8186006311079023,0.7442881241106103,0.9906278428616192,0.7512405314654529,0.9017159566932621,0.6902585373375002,0.7572982761874345,0.8129359457645993,0.9727892281626975,0.9861834986862734,0.7864057866094465,0.7764613417359432,0.5812270754605109,0.723080859227252,0.8471182680454907,0.9487488030879682,0.5326983585252711,0.9517599051108476,0.7755087161183706,0.7755087161183704,0.4608612438793429,0.842749634762479,0.5156405659377844,0.9685432309175785,0.4750928317841612,0.6610746927254134,0.8075404270671708,0.6220514830298447,0.877265584896742,0.835207904566752,0.8479521653438946,0.8341605160655405,0.8743674594684081,0.9452338358479973,0.7748548864613388
p304_V,0.9048598333807126,0.9240084059312026,0.8598295527538458,0.8996020324755993,0.751659363134074,0.9511876099263499,0.8234840032440698,0.7809667159518996,0.8753928891101748,0.46108521599255603,0.9220943680125893,0.9661859802146437,0.7626870611427723,0.8996020324755993,0.8841862845276725,0.8983107091082561,0.927949622966975,0.9112446674143926,0.9458674971126175,0.948467140918744,0.9667145395854095,0.9202142532643911,0.9165462137008822,0.5777143866144243,0.9183656033219387,0.9112446674143921,0.927949622966975,0.90153586895051,0.9484671409187437,0.8419031156644268,0.9028404281797042,0.7121704507585237,0.9259591224230199,0.8948535190071931,0.7516593631340741,0.9458674971126175,0.9363880304285928,0.9259591224230197,0.4273931164437189,0.9095242312718104,0.8696642492046918,0.9129874603663679,0.9107192181558881,0.9458114886501786,0.927949622966975,0.8265670759404213,0.9386420076357267,0.8710878802609612,0.9095242312718108,0.9674790649689442,0.5387391750323194,0.8051416148844528,0.9112446674143921,0.9240084059312028,0.9259591224230197,0.9078247903914523,0.7401368129112847,0.9341976401680094,0.7746215314985792,0.9299834289466344,0.9415355007468762,0.8748602561896521,0.9112446674143933,0.8588181272853627,0.9433718940682516,0.9115451065698146,0.9987774230311344,0.9143949578657863,0.8141106199543879,0.9458674971126175,0.8980054428335462,0.909524231271811,0.9341976401680097,0.8759445830756417,0.9341976401680094,0.8955535361169349,0.9643765980294186,0.9220943680125893,0.8173554210508895,0.9511876099263501,0.6721698318292003,0.9147540983606557,0.9044839950643897,0.9273376672788167,0.9341976401680094,0.8932967537832144,0.9202142532643909,0.8900506424620384,0.8750358236188756,0.9829392900173883,0.9341976401680094,0.8598295527538453,0.9613268701331867,0.836690297347398,0.9424837518356481,0.99265458007185,0.8570542950968632,0.8542911987973543,0.8649041239089554,0.8801652426328301,0.9078247903914518,0.9386420076357269,0.9341976401680097,0.7854271213004892,0.8814105523204492,0.9458674971126177,0.8797557950282511,0.9237815387147116,0.9616684643803335,0.8951752090369018,0.8392447154194038,0.7177670188806542,0.8864157250552458,0.8827012888689016,0.994437324868074,0.8541404404639339,0.9240084059312026,0.49028381022475076,0.9511876099263497,0.9655419430419439,0.8871829502996265,0.898310709108256,0.918365603321939,0.7598188207099681,0.911244667414393,0.8183644212218297,0.9363880304285928,0.82766236073605,0.9829392900173883,0.6666387020145355,0.966320124133637,0.9386420076357267,0.9409669977890662,0.9797658041147692,0.927949622966975,0.9356479353308964,0.5097952941422889,0.9409669977890662,0.9409669977890662,0.9299834289466344,0.9511260025407943,0.9484671409187435,0.9347085319854724,0.8338083271305468,0.8927562844295212,0.9169506775373657,0.9939623810860378,0.8461643043160514,0.909524231271811,0.7501741687694421,0.9484671409187437,0.9952234886231107,0.9391419176443231,0.8460594193000848,0.9409669977890662,0.9095242312718113,0.8425669497496515,0.8886955627708657,0.7880576430334378,0.8515386735783614,0.8180866116513592,0.9386420076357269,0.9147540983606557,0.9164441193333668,0.8668322994400723,0.8917519066686372,0.9282686369201194,0.8696642492046918,0.9044839950643897,0.8153059386898055,0.8996020324755996,0.9320645602494204,0.9078247903914525,0.9178484177905517,0.9336373275557408,0.8687922038870259,0.9914826481470901,0.6993219172816707,0.8964228513787129,0.9088098779355613,0.518936722661434,0.8556713284264508,0.9078247903914518,0.9320645602494204,0.9326715978378728,0.9433725012289743,0.9655419430419439,0.8518865815663267,0.9240084059312028,0.7658847249875673,0.5748138997143925,0.9998120556396835,0.7696312684169995,0.889608678440731,0.5209159088980124,0.9341976401680094,0.5237257662858705,0.9299834289466349,0.8553870451645402,0.9756323461558549,0.8598295527538455,0.9320645602494204,0.9341976401680094,0.8297340049818103,0.8852556010656267,0.4610852159925566,0.9341976401680094,0.7695663614396278,0.8902183677316946,0.8529137105219888,0.8395807850136321,0.8768403073232188,0.9320645602494204,0.9341976401680094,0.7164192796374915,0.9341976401680095,0.9159417484783938,0.7912032625956169,0.7869611549883208,0.9341976401680094,0.9534202059661367,0.9341976401680094,0.8002063957037466,0.8797557950282513,0.8917519066686372,0.839244715419404,0.9386420076357269,0.914564042037025,0.9299834289466344,0.916546213700882,0.6823246438503602,0.878294490116863,0.9310356666783037,0.8948535190071927,0.9409669977890662,0.8286495024509253,0.5694441862886834,0.904811304535005,0.8668322994400728,0.8902183677316946,0.8902183677316944,0.637560350350066,0.8793331866131817,0.9299834289466349,0.9341976401680094,0.9408916425809927,0.9341976401680094,0.9808710996588315,0.8029903728618508,0.9409669977890662,0.9061450951233829,0.959487476645039,0.5777143866144243,0.976352903445825,0.9183656033219387,0.8612222667022582,0.9671761235857237,0.9962766559418283,0.5592001372731508,0.8338083271305465,0.8338083271305468,0.8176470549499176,0.9829392900173883,0.9965514935490281,0.801692347741181,0.4273931164437189,0.9250576155467343,0.6286235815871796,0.9129874603663679,0.8324501640471824,0.8378847781069221,0.9409669977890662,0.9294326745621233,0.9915388637427252,0.928203936834926,0.9458674971126177,0.9182817489803805,0.8886955627708659,0.9147540983606557,0.8725169952519658,0.9458674971126177,0.9790904901745157,0.9205167284566356,0.9433718940682516,0.8981981738963489,0.9361204140696395,0.9386420076357271,0.7528844849541513,0.9772007380401101,0.9299834289466344,0.9386420076357267,0.9386420076357269,0.9424396531736782,0.9458674971126175,0.8993547435088981,0.8860335301890332,0.8515386735783614,0.8656652131134636,0.9458674971126175,0.9341976401680097,0.9095242312718106,0.9299834289466349,0.9409669977890662,0.8937930165482264,0.6824687930687002,0.9386420076357269,0.9095242312718113,0.7292756819664674,0.7836121499356938,0.6952783482572558,0.7904494154628428,0.8149366829530522,0.7985533442261599,0.9064481593644366,0.8613974049640738,0.9484671409187437,0.875392889110175,0.948467140918744,0.8948535190071927,0.6325507843027062,0.9151643937053511,0.9497673578995782,0.9341976401680094,0.940966997789066,0.5705787156593859,0.9112446674143933,0.9458674971126177,0.9433718940682516,0.9320645602494204,0.9341976401680094,0.9183656033219387,0.9458674971126175,0.9511876099263497,0.8841862845276725,0.7942278940301716,0.9147540983606557,0.9409669977890662,0.8635282146745935,0.7783744674933413,0.9183656033219387,0.9259591224230199,0.8416935481796051,0.5592001372731508,0.9642416825773448,0.7561690095320777,0.9240084059312028,0.8841862845276725,0.9511876099263499,0.9215699295790705,0.8948535190071925,0.905742219530919,0.9279496229669753,0.9320645602494204,0.9340740308913413,0.8983107091082561,0.9317395590718954,0.8880923457409562,0.7651933449849069,0.9341976401680094,0.9925685697150884,0.7932229991952824,0.9320611426402994,0.9281278923411591,0.9484671409187437,0.9837847339873332,0.9341976401680094,0.9341976401680094,0.7330124861800769,0.8446639861984311,0.8424726734166379,0.9341976401680095,0.948467140918744,0.9341976401680097,0.7717325331780391,0.8668322994400723,0.9346358225394594,0.9341976401680097,0.9012134114028683,0.9643765980294188,0.7826858746487124,0.9563505156913437,0.9341976401680094,0.8732786138576021,0.9262039440654459,0.9524334925497772,0.9488956906993987,0.9012134114028683,0.8839247384921503,0.9386420076357267,0.9256023309786804,0.9341976401680094,0.782603386163895,0.951599083741091,0.8174887035560283,0.9433307974940783,0.9363880304285925,0.7812528998027033,0.9259591224230199,0.9341976401680094,0.6324132249967906,0.8673615917481574,0.9341976401680094,0.9012134114028683,0.9274181393627929,0.8432045372944472,0.7607070081476266,0.9164441193333663,0.9341976401680094,0.7141416324380723,0.8133884845703085,0.9433718940682516,0.8568104945519834,0.8065172917237606,0.9116474872122646,0.8812245968305714,0.8949624583202778,0.9386420076357267,0.8921353095861764,0.8529137105219888,0.9165462137008822,0.7737812382346567,0.8365254955378079,0.8324501640471824,0.9165462137008822,0.9409669977890662,0.9112446674143935,0.9341976401680094,0.9458674971126175,0.8725169952519654,0.990956432549537,0.8975786096948732,0.7084209903088711,0.9299834289466344,0.9876412541215134,0.9363880304285925,0.9299834289466344,0.9220943680125893,0.9341976401680097,0.9240084059312026,0.8433299245730506,0.8753928891101748,0.9288327934067985,0.8612025519212236,0.948467140918744,0.9377871015590621,0.9165462137008822,0.9635539772320749,0.9643765980294188,0.948467140918744,0.8070406592759143,0.8917519066686372,0.9674790649689442,0.9129874603663679,0.9202142532643913,0.8739518939582047,0.8381767234348841,0.8948535190071929,0.5873005037754182,0.9474062526569897,0.9147540983606557,0.8696642492046918,0.9220943680125893,0.9778050395375548,0.9457452797916519,0.7555855066537771,0.9395570123632411,0.927949622966975,0.6917431381883421,0.8584403005100092,0.625659006801877,0.9564943253467844,0.9590434494932021,0.7637034372366565,0.9220943680125895,0.9230855133274589,0.9147540983606557,0.8902183677316946,0.732583022774244,0.9386420076357269,0.8634427373462423,0.7696312684169992,0.8932967537832142,0.9903387485424457,0.9458674971126177,0.9699348665599509,0.8811333738303391,0.9965514935490281,0.7637277193632763,0.9762262925984149,0.9279496229669753,0.9987774230311344,0.49028381022475076,0.9028404281797042,0.7740239442028947,0.8871829502996262,0.9320645602494204,0.9320645602494204,0.9282417817212173,0.7694355909476005,0.927949622966975,0.8338083271305468,0.9341976401680094,0.9433718940682518,0.9341976401680094,0.9341976401680094,0.9031596221624147,0.7009786641682365,0.8948535190071925,0.9341976401680094,0.7458195760421733,0.9023373309252467,0.9583942031553515,0.9454644583493963,0.8732786138576019,0.9982847909550883,0.8446639861984311,0.5705787156593862,0.935325499089386,0.6498720808427034,0.8955535361169349,0.9433718940682516,0.8932967537832144,0.7934336330108844,0.912376323684456,0.9028404281797042,0.979781144969363,0.5252936325804958,0.8068971555925217,0.9965514935490281,0.8949624583202778,0.9386420076357267,0.8710878802609616,0.6823246438503592,0.9639306993826398,0.916546213700882,0.9250359564663049,0.9012134114028683,0.8782944901168632,0.9134648431298377,0.7828325272670121,0.9386420076357269,0.9202142532643913,0.9363880304285925,0.8886955627708657,0.9140530994042178,0.8639679664180098,0.9409669977890662,0.8625299574240242,0.6375603503500671,0.7141416324380723,0.8570542950968634,0.9320645602494204,0.7952129536593846,0.9044839950643897,0.9511876099263499,0.7484817456541227,0.9698932006005594,0.8483134108505918,0.972056768672354,0.9202142532643911,0.8013272831316136,0.8474264488038958,0.9341976401680094,0.9409669977890662,0.8917519066686372,0.9341976401680097,0.8202156726197054,0.9202142532643909,0.9299834289466347,0.9804835086069068,0.9918694516733388,0.9984593147144779,0.9127396931759197,0.948467140918744,0.9805874074097449,0.9877421208411417,0.9294452955660457,0.9299834289466344,0.9259591224230197,0.8147003782300277,0.8902183677316946,0.9147540983606557,0.7383321355426702,0.8032081067031229,0.7546442880540889,0.8984612896984406,0.8948535190071925,0.8677195137462376,0.8453672416657227,0.9028404281797042,0.948467140918744,0.9616684643803335,0.9363880304285925,0.7912032625956167,0.9717510531577931,0.8612222667022587,0.9320645602494204,0.9389679983738946,0.7940143529543531,0.9511876099263499,0.9140920324452024,0.9497673578995784,0.9673786919850061,0.891751906668637,0.9129874603663679,0.4538028591927491,0.9028404281797042,0.9183656033219387,0.868245814393852,0.9220943680125893,0.9320645602494204,0.9409669977890662,0.9797658041147691,0.9341976401680094,0.7881106845580169,0.8256582233292402,0.9999313275242173,0.8964228513787129,0.9341976401680095,0.8487952199924145,0.7725645540758679,0.9319824779930975,0.8996020324755993,0.8753928891101745,0.8598295527538453,0.9004978084151192,0.9400071271105814,0.9061450951233827,0.878294490116863,0.9528459743469395,0.8584403005100094,0.9433718940682518,0.8739518939582047,0.7401368129112846,0.9386420076357269,0.8902183677316946,0.9511876099263497,0.944688486580157,0.9299834289466349,0.9511876099263497,0.9240084059312026,0.907824790391452,0.9341976401680097,0.8939537132990518,0.8501659032843121,0.9458674971126177,0.9341976401680097,0.4173505752601929,0.9405392868314864,0.9023470583855153,0.9320645602494204,0.9409669977890662,0.9279496229669753,0.9320645602494204,0.9829392900173883,0.8948535190071928,0.9341976401680094,0.637560350350066,0.8332189753156267,0.9341976401680094,0.9147540983606555,0.8584403005100092,0.6782333744456268,0.9386420076357267,0.9433718940682516,0.9363880304285925,0.9320645602494204,0.9389679983738946,0.8161233816474045,0.9134648431298377,0.9437500733067653,0.9341976401680094,0.8797557950282511,0.9386420076357269,0.9147540983606555,0.8841374736981633,0.8812245968305712,0.9458674971126175,0.9363880304285925,0.6919086471525094,0.9583942031553514,0.918365603321939,0.9341976401680094,0.8029903728618506,0.8980054428335462,0.7223365150310437,0.9336037847402276,0.9220943680125893,0.9288327934067979,0.9095242312718106,0.9386420076357267,0.8797557950282511,0.9387833552604465,0.9341976401680094,0.9341976401680097,0.9021413409446439,0.4610852159925566,0.7897927313248181,0.9279496229669753,0.9220943680125893,0.9347085319854722,0.9299834289466344,0.9103143210921236,0.9193084139443952,0.9341976401680094,0.9341976401680094,0.8886955627708657,0.9613268701331867,0.8739518939582047,0.975575423200455,0.8393743380180239,0.7607070081476266,0.7926104337466322,0.9201241255996965,0.9129874603663681,0.8538531886058739,0.9341976401680094,0.8553870451645404,0.9409669977890662,0.4273931164437189,0.7812528998027033,0.9458674971126177,0.9613268701331867,0.9341976401680094,0.9341976401680094,0.9559635717022374,0.9341976401680097,0.9228770397090864,0.9202142532643911,0.8147566802167696,0.8696642492046918,0.9061450951233825,0.8588181272853631,0.9555578358519313,0.8065211384922875,0.9341976401680095,0.8902183677316946,0.9377692258371347,0.9903766507571463,0.99148264814709,0.9367579616423476,0.9526385910414741,0.8209341783850936,0.8932967537832142,0.7396802476000852,0.8174887035560277,0.9341976401680094,0.9149093574916112,0.7932229991952824,0.8588181272853626,0.9400894443412462,0.9447378188006483,0.9240084059312026,0.9977262825967365,0.8598432248265697,0.9433718940682516,0.9329538664305661,0.7998466155661098,0.927949622966975,0.948467140918744,0.8996020324755993,0.9273376672788168,0.8947908641640769,0.5387391750323192,0.9320645602494204,0.9455584001270507,0.9078247903914523,0.8902183677316946,0.9937887929930685,0.9511876099263499,0.8029903728618507,0.9107192181558882,0.9797658041147692,0.8739518939582047,0.8964228513787127,0.9835795176983271,0.9341976401680097,0.948467140918744,0.9202142532643911,0.9202142532643909,0.9828585337891098,0.9259591224230199,0.9320645602494204,0.9860555452130659,0.8626186644435854,0.5777143866144243,0.850669441814235,0.8932967537832144,0.8867380021130424,0.8730201420637214,0.9341976401680094,0.9173933468462485,0.9341976401680097,0.8627420290162624,0.46108521599255603,0.9129874603663681,0.9147540983606555,0.8133884845703085,0.9341976401680094,0.7469245461158658,0.7484817456541228,0.0,0.9108777380263785,0.9846247106358603,0.9452553512349826,0.9409669977890662,0.9081873862013243,0.9440100680280119,0.7939004811633896,0.7890915444598159,0.9165462137008822,0.7968128678793529,0.9511876099263499,0.9165462137008822,0.9341976401680097,0.8022782310786882,0.9095242312718106,0.9336037847402274,0.5088598945057855,0.7546442880540889,0.9341976401680097,0.9320645602494204,0.9387833552604465,0.8202156726197056,0.8654234385275954,0.7053726457220171,0.7567655768880829,0.9341976401680094,0.9139254166735612,0.8229385262714313,0.8996020324755993,0.9341976401680094,0.9933169682392364,0.9259591224230199,0.9458674971126177,0.9165462137008822,0.9320645602494204,0.8009889531223422,0.8466288346254212,0.8668322994400728,0.907824790391452,0.893568685376002,0.9165462137008822,0.7576876202204148,0.9341976401680094,0.9061450951233827,0.9341976401680094,0.49028381022475076,0.7841148356942866,0.9839642438297592,0.4273931164437189,0.9044839950643897,0.8796959556003754,0.8768403073232187,0.9726387956636797,0.9341976401680094,0.6077295872896236,0.839841728215853,0.9739916077257341,0.9028404281797042,0.8902183677316944,0.9409669977890665,0.9028404281797042,0.7658847249875674,0.7637277193632763,0.91914840758694,0.7342072709060024,0.7637277193632763,0.8996020324755993,0.9409669977890665,0.8515386735783614,0.7637277193632763,0.4273931164437189,0.9515990837410908,0.9903766507571461,0.8515386735783614,0.9320645602494204,0.6919065330743308,0.9564943253467841,0.8598295527538455,0.8902183677316946,0.9559620789221579,0.8886955627708661,0.7330124861800762,0.864436520678708,0.6823246438503598,0.9844157794553872,0.8996020324755996,0.8725169952519654,0.6756045082046621,0.9518337142340696,0.8812245968305714,0.9095242312718106,0.5777143866144243,0.9386420076357267,0.9031388200499328,0.9916338289244493,0.9061450951233829,0.9061450951233825,0.99265458007185,0.9409669977890662,0.9433718940682518,0.9263807611355748,0.9044839950643899,0.8144844504028266,0.9629590308991041,0.722336515031044,0.969990632651502,0.9183656033219387,0.9012134114028683,0.9341976401680094,0.9774384882566038,0.8419671387150718,0.8871829502996262,0.9465620700227062,0.9759733439167484,0.9965514935490281,0.8948535190071927,0.92154949398839,0.9112446674143921,0.927949622966975,0.9804835086069066,0.8588181272853636,0.6960254872302303,0.8239074480130515,0.9220943680125893,0.9857106085223287,0.9829392900173883,0.9037108021819836,0.9774654450934863,0.9386420076357269,0.9363880304285928,0.7278650338762157,0.9061450951233829,0.994437324868074,0.8682458143938525,0.8984612896984404,0.993972102729978,0.9299834289466347,0.9299834289466347,0.8187396196955845,0.9147540983606557,0.8739518939582047,0.9386420076357267,0.8577196882560423,0.9147540983606557,0.9433718940682518,0.8612222667022584,0.9540147404500323,0.9363880304285925,0.46108521599255603,0.8793331866131817,0.49028381022475076,0.9721427607511681,0.9433718940682518
p305_W,0.7532759287816543,0.7757866041934978,0.5864267310891786,0.8428539722252646,0.766865052608132,0.8559789162214917,0.9877180982975302,0.9450906212114877,0.5045802491994427,0.7951128469173037,0.7701392303399353,0.7575776963663714,0.7298985716672575,0.7037755358791753,0.9673639947808347,0.9097705287133451,0.9187432398313611,0.7381271605259614,0.9766241092617449,0.8836456641177746,0.7229996214123071,0.8126462580697251,0.9156179912172799,0.8352079045667515,0.7591375004288963,0.6471217056732816,0.7874151753009926,0.62585369562083,0.8836456641177748,0.7398880733532485,0.7156715964406859,0.7967459576737134,0.8328255545646566,0.7544407449649538,0.7953507180148165,0.8402819095372955,0.8416859998638053,0.7815421982726278,0.8059290360431437,0.733051009215758,0.615444028528344,0.6540507969891689,0.99375795145168,0.7331793481734366,0.8662120140192138,0.574849205466851,0.8189630840562676,0.5039991857430808,0.7330510092157583,0.44270268728329254,0.8911037248686655,0.45153372575741346,0.669077103309023,0.9011068237341135,0.808190951391144,0.7705993660494888,0.9408496123221775,0.8058499662916012,0.6409107876073155,0.7934159251299584,0.5161165928109048,0.6395775596011162,0.8886310796664368,0.9108901249858721,0.8329186262686776,0.4738215351455298,0.8572755626114625,0.6889057566237486,0.8656692379923456,0.8743674594684079,0.6990647939906687,0.7330510092157583,0.9377790450482391,0.17055182926155688,0.8058499662916012,0.5660215206094168,0.7645919468888485,0.8191939787328957,0.3541684511724924,0.8559789162214917,0.9110049051058222,0.8166098489180227,0.7181797791859013,0.9576811368833744,0.8058499662916012,0.6851717947095097,0.8847277248410392,0.6604011468816351,0.7868350589921229,0.7995563084478075,0.8058499662916012,0.6020859340186555,0.6346924315402132,0.561341370863313,0.9042485818909543,0.8677697496889851,0.5782383261592003,0.5853771851526774,0.19762208909092627,0.2540992066668202,0.7493180852654029,0.8189630840562674,0.8058499662916012,0.7284492475240267,0.5764065788406474,0.8402819095372958,0.6452191607092621,0.22640567646792276,0.675433511216243,0.20765409945600155,0.5401514853858875,0.9888729788505288,0.42663901758303957,0.6539098479416086,0.8189630840562676,0.31190700121997506,0.8509787359178671,0.7847770412204684,0.8559789162214915,0.33667772929255957,0.8603858194249074,0.698062493299493,0.7591375004288963,0.9195994438472577,0.7381271605259623,0.4391105696056524,0.8123127184484014,0.9283549996897462,0.9379519319433762,0.8602605064187887,0.3446468716276715,0.8493193247742892,0.8258229735464784,0.8059290360431439,0.8136807882070665,0.552760639111108,0.611730219187603,0.8258229735464786,0.8258229735464782,0.8203581350519382,0.5495634803466289,0.8479521653438946,0.448616749057711,0.6233402110021431,0.722999621412308,0.5395415105216789,0.6530909631992026,0.2646018390750743,0.6402815017801011,0.22095954483923563,0.8479521653438944,0.5849309463144867,0.8398564283247514,0.9900676849362566,0.8887281516764465,0.6618907255388644,0.6466784722149481,0.7633738598969679,0.709194512190976,0.5922084755925674,0.8066130297803865,0.8493193247742894,0.7711911134087559,0.44964262340426264,0.6394521097713519,0.699357843204327,0.6683576500352825,0.6975123886554349,0.8422256476559364,0.4520378250621805,0.8627223202747059,0.7995563084478075,0.7824937374847016,0.6953776898027275,0.7958600446090275,0.8110202824523363,0.9084530093995202,0.9424063451800095,0.8882905768981044,0.6724604045670732,0.9233949589393389,0.7491411228478758,0.8770057699699192,0.757577696366371,0.8996343984415966,0.45469685514794134,0.3773243824744478,0.5764473232238263,0.9011068237341135,0.7487788074598989,0.8563353458843087,0.7076563328093322,0.5213189613532814,0.3091807326172732,0.8989614024086354,0.8058499662916012,0.7764613417359433,0.9550691846618349,0.8016296471533663,0.602389171926635,0.6306131224370088,0.8129359457645989,0.8058499662916012,0.5257088604672091,0.2479365775112946,0.830806345691184,0.8058499662916012,0.8701503770274308,0.6377082736583353,0.5520562980271454,0.7497122404629497,0.6536779670546674,0.799556308447807,0.8058499662916012,0.9581845080817486,0.8058499662916012,0.44036048305207565,0.47433223225013,0.5125710683246087,0.8058499662916012,0.5379662299668804,0.8058499662916012,0.6204471498800626,0.8168957636461949,0.6806137192828037,0.5401514853858878,0.8189630840562674,0.16368140511938323,0.8473003449739174,0.8462543035341332,0.7068106301215111,0.744129107025572,0.6781636227500181,0.747260988392366,0.8258229735464786,0.8944764529604541,0.7017567090828984,0.8463582861268775,0.7689071353070069,0.8788065258154935,0.5635241960715169,0.7135381794836074,0.5619644705334457,0.8024509260403502,0.8058499662916012,0.6499565970820659,0.8058499662916012,0.5193899845515557,0.6760890086635991,0.7967459576737137,0.9623678861544243,0.1514607864143911,0.7764613417359432,0.5758253232603474,0.7591375004288963,0.590535937213716,0.8191939787328957,0.3262558741741469,0.7560495458914247,0.5096510372569782,0.9786188789557808,0.28914046324622356,0.7995563084478075,0.9055970488846664,0.5490761128089712,0.8059290360431437,0.5250816644178988,0.7040061820672858,0.8771981484049267,0.7301179293067703,0.5360743591338715,0.8281985467386976,0.5100984539399358,0.5213204142613213,0.4065062063965257,0.8402819095372958,0.16959482023962302,0.814447840453538,0.7711911134087557,0.9404056602135484,0.8402819095372958,0.7950690825300128,0.2542100222724908,0.8656041668745096,0.6438509524864182,0.7633805800274991,0.8189630840562674,0.7089303524967754,0.05563194372663294,0.7934159251299586,0.8189630840562674,0.8189630840562674,0.230014562234642,0.8402819095372955,0.36820850388018345,0.6821478843326841,0.5619644705334461,0.8900146822332329,0.9425385593306324,0.8058499662916012,0.7978786804920488,0.7934159251299586,0.8258229735464786,0.1292275521701315,0.655420627101527,0.8189630840562674,0.7330510092157585,0.7570625630714944,0.3064272757438731,0.5866234338581008,0.5546878672511935,0.7454948781595441,0.8069129894574567,0.704728314572017,0.5707437009161258,0.8836456641177746,0.6399643049393695,0.9193391628916545,0.8622528960791385,0.6006162348649259,0.6892338813462735,0.8167620273274685,0.8058499662916012,0.7652933686087289,0.8631477900199123,0.7381271605259623,0.8402819095372958,0.9963463292978374,0.8549145578460347,0.8058499662916012,0.7826970416103487,0.7847770412204685,0.8559789162214915,0.6582913314924024,0.5511225540905746,0.7484817456541228,0.7967459576737136,0.30781617870078726,0.3460932903216205,0.8062565827918013,0.7056242388070868,0.4181793614293936,0.7864057866094467,0.7161101090693645,0.454429318532096,0.6978684737359202,0.6108452578982043,0.8559789162214912,0.17173922471681358,0.6897650345489794,0.12543197618170476,0.7874151753009928,0.7995563084478075,0.8953011083899765,0.5770864730630068,0.12983335849791466,0.11133388601161354,0.3072023541019906,0.8058499662916012,0.38098975697449233,0.7273664459732108,0.7331743984115713,0.9125763467032955,0.8308063456911843,0.3603745257097203,0.8058499662916012,0.8058499662916012,0.6402815017801007,0.5891952840368972,0.5294643769819216,0.8058499662916012,0.8479521653438944,0.805849966291601,0.7037755358791752,0.607088353387438,0.26018540853249017,0.805849966291601,0.7085299135921481,0.7886191024792868,0.35881410833913585,0.2670243595632342,0.8058499662916012,0.5457979165444946,0.6806137192828039,0.1307012254494011,0.21790547826164808,0.7286543605260238,0.6003044560829276,0.8189630840562676,0.060196301289323295,0.8058499662916012,0.2252919501167403,0.7381271605259623,0.6821482176505551,0.7443235030179043,0.8058346231513476,0.354586112331603,0.7815421982726278,0.8058499662916012,0.7220811858735869,0.611023936083402,0.8058499662916012,0.9896033823997199,0.5200857147912468,0.57837538680148,0.30642727574387285,0.030638299482706577,0.8058499662916012,0.9267790266461851,0.5542663808947477,0.8656041668745094,0.6460941943103631,0.49335532785176905,0.5392776600877212,0.5452701191547453,0.6190026319968611,0.8189630840562676,0.6717166368785513,0.43041185921839553,0.8462543035341332,0.29507562570615165,0.7039930682988753,0.5056437735495674,0.9387392204449956,0.8258229735464782,0.7600825581617037,0.8058499662916012,0.8743674594684079,0.7738032407091953,0.5338877629905915,0.7883680341234212,0.8069611937921386,0.8203581350519382,0.6357920957277192,0.9591791255254205,0.8203581350519382,0.8437213529293757,0.8058499662916012,0.775786604193498,0.5817372203731355,0.6492694024260273,0.784777041220469,0.24814449457991383,0.8308063456911846,0.8231886932765337,0.8462543035341334,0.5415152872052993,0.836673413660163,0.8836456641177746,0.6653875369137192,0.6820860673854008,0.8213147750313234,0.76559075445114,0.8366734136601639,0.6616737433034905,0.9988994716356004,0.9197488499225244,0.8944764529604539,0.9328088696050095,0.9074473199365551,0.7115954184295119,0.8619501567128619,0.6341004574780564,0.413978603557438,0.46403025400579256,0.7048608482445342,0.9450088527374347,0.6276126582243968,0.6134545018714328,0.7399107187364673,0.774621531498579,0.823133074306418,0.31530007505658464,0.8864775309093424,0.4332040140590787,0.7064934282346795,0.6760890086635993,0.5544445460886851,0.8189630840562676,0.9456033506216517,0.5464467741820922,0.8367748293720334,0.7936637785566016,0.989290340807143,0.6903730687556995,0.5679763107191038,0.9309752480861735,0.7743343388904202,0.8136807882070662,0.787415175300993,0.8596511358036817,0.8188625911515808,0.7133304308209114,0.33325706004589606,0.6671330016410588,0.7995563084478072,0.799556308447807,0.5177456572826079,0.8168957636461954,0.8136807882070662,0.5096510372569786,0.8058499662916012,0.8329186262686781,0.8058499662916012,0.8058499662916012,0.07895330971693659,0.961860449672711,0.6897650345489792,0.8058499662916012,0.32820168817398754,0.16424647100916123,0.7688191056471216,0.770857249028581,0.56060690882422,0.30731616274729445,0.8861914999708944,0.9521676671567004,0.1754492460488586,0.9363993421212156,0.9321951693044883,0.9309752480861739,0.6136641699763175,0.577594868266416,0.5138745681760477,0.7133304308209112,0.9620410202672297,0.8293931359623294,0.7516318264810355,0.8656041668745096,0.6511448847836685,0.8189630840562676,0.7684596863651094,0.7548649413023867,0.8995196271956842,0.8231330743064176,0.37813441443319484,0.7286543605260236,0.5161165928109044,0.6681998826838402,0.965848666141371,0.7560495458914245,0.8847277248410401,0.8123127184484009,0.9469296423532685,0.3040172294712318,0.413978603557438,0.8887281516764469,0.6425218354574349,0.9236630827321969,0.682339872030827,0.5782383261592012,0.8272354331469207,0.21623930930865087,0.718179779185901,0.8559789162214912,0.2578947368421064,0.37942274129302656,0.649956597082066,0.3226877864369082,0.7886191024792868,0.6780867118669582,0.7654949996485668,0.8058499662916012,0.8258229735464782,0.757062563071494,0.7953507180148165,0.5379662299668806,0.7068106301215096,0.8024509260403502,0.8215513362442639,0.35458611233160275,0.7537693866232711,0.018497406504601854,0.8836456641177746,0.2109855136633283,0.960059653498783,0.340109257887957,0.8203581350519382,0.9610339452947274,0.8002300922688387,0.8430031832339395,0.7484817456541226,0.7239501970377165,0.6625038237110743,0.2760773342100047,0.3235886796720361,0.6897650345489794,0.44859597832251785,0.4832299458290983,0.6341004574780564,0.8479521653438946,0.8298161239732538,0.7764613417359442,0.5647197808866016,0.7171146126542067,0.7318798277395235,0.8272354331469214,0.2696681611811751,0.3922388130232952,0.9311104823849057,0.5237448489578651,0.8471182680454905,0.7988740707064026,0.7181019671258506,0.8102337120326546,0.9429726461334043,0.7337232155615687,0.7932312171235056,0.8556990795877368,0.7946666045364155,0.8129359457645994,0.8258229735464782,0.8559789162214917,0.8058499662916012,0.8311020167561355,0.49948405910784244,0.43900592004492045,0.6943953537899379,0.8058499662916012,0.5783686383748232,0.36675830481479466,0.5333201811867998,0.7037755358791755,0.6323463954585371,0.5864267310891793,0.5064265775530786,0.9373445439558594,0.7440509428684747,0.9161649907845313,0.4695865471762354,0.6757080281483123,0.8329186262686781,0.6280947355174198,0.9408496123221775,0.9100318062103336,0.6760890086635993,0.8935446993031986,0.8155773006658747,0.7934159251299584,0.8559789162214915,0.775786604193498,0.7705993660494888,0.8343356316982855,0.5003738514673153,0.5579141082129448,0.7847770412204691,0.738379387201448,0.730837785711949,0.34501413975397277,0.20316949168569953,0.7995563084478075,0.8572755626114625,0.7874151753009926,0.7995563084478075,0.7995563084478075,0.9652592423907032,0.8058499662916012,0.7398037923896812,0.9575395272125444,0.8058499662916012,0.7484817456541228,0.5823277387329937,0.8870336910138054,0.8189630840562676,0.8075404270671704,0.7470880603205401,0.8272354331469214,0.39247224482304977,0.30957996050463443,0.6681998826838405,0.2069715730474203,0.8058499662916012,0.6452191607092619,0.8189630840562674,0.7484817456541228,0.3170472045137114,0.6845605606184528,0.8402819095372958,0.8123127184484011,0.6989930523976956,0.935733280217462,0.8062565827918013,0.8058499662916012,0.9728253190108709,0.7186884254305994,0.8152943545241977,0.6734423091774289,0.8682487271258559,0.9084530093995202,0.7330510092157585,0.8189630840562676,0.6972725551264756,0.25160158318604664,0.8058499662916012,0.8913069625116543,0.594483970629103,0.7951128469173039,0.4442063862631025,0.7874151753009928,0.770139230339935,0.28478563948688773,0.8203581350519382,0.438452825175478,0.09857984575984102,0.8058499662916012,0.8058499662916012,0.9652852205988984,0.5582997990287741,0.6280947355174196,0.5173572228443447,0.24252171225655683,0.518279068132822,0.3880965457520489,0.06720409690467899,0.7432692756603827,0.2603801634819277,0.8058499662916012,0.9835149291263185,0.8258229735464782,0.8059290360431437,0.354586112331603,0.8402819095372958,0.3467391349739317,0.8058499662916012,0.8058499662916012,0.1411433475111158,0.8058499662916012,0.12165032092272732,0.7645919468888485,0.45343910352155503,0.615444028528344,0.9327816956394686,0.6810987166300175,0.1985594341589032,0.442408469711415,0.8058499662916012,0.6760890086635991,0.07301292962043726,0.8123127184484014,0.8529481410826931,0.9626062790066756,0.8488347600058475,0.836550699933718,0.6851717947095097,0.7470880603205398,0.4750928317841614,0.8058499662916012,0.11997898201045332,0.8746755880376647,0.5146313541244956,0.5422013475620142,0.4994840591078429,0.6978684737359192,0.5273959339074628,0.4948455926609612,0.8075404270671704,0.8003922283454382,0.3318122246269716,0.8186006311079018,0.8479521653438944,0.8988575031319982,0.9357257392476332,0.13605852734162593,0.7967459576737135,0.8272354331469214,0.5199244416592719,0.7612124567006165,0.8244571638372351,0.8103444200110619,0.8059290360431441,0.7317270668537126,0.8810606022065588,0.8810606022065587,0.6280947355174198,0.9565932446153622,0.5292276691527431,0.7668650526081319,0.8479521653438944,0.8126462580697251,0.7548649413023865,0.44810535193681744,0.8584672327106713,0.7298985716672574,0.8250562990528753,0.7392574490975797,0.923327748812964,0.6159676386615682,0.9125763467032955,0.5680771053164895,0.6153996299195379,0.8058499662916012,0.5864267310891793,0.9377790450482392,0.4439178738504268,0.7951128469173037,0.7656581909429556,0.7064934282346795,0.6244334271583514,0.8058499662916012,0.2036619469979778,0.2578947368421063,0.9108777380263785,0.0,0.11997898201045354,0.049033382043414786,0.8572755626114623,0.3228016485214408,0.9717928647223546,0.8278088839119074,0.2563734350732876,0.7537693866232709,0.4004958385830084,0.8559789162214912,0.8000118450787022,0.805849966291601,0.8231070600336883,0.7978786804920488,0.1827670451508706,0.8967267978059834,0.313290939176069,0.9092933796415543,0.7995563084478075,0.30360260674215633,0.46954587479465326,0.6029315056034572,0.21623930930865098,0.2157778619975952,0.8058499662916012,0.11877276488655719,0.47757966157092424,0.7037755358791753,0.8058499662916012,0.21427233275694213,0.9097505890026989,0.8402819095372958,0.7768906158509867,0.8272354331469214,0.4784565123028903,0.7349432962162479,0.817452769882878,0.8770057699699192,0.9471182834230429,0.8231330743064178,0.29748885729057606,0.8058499662916012,0.8784875515895385,0.8058499662916012,0.7847770412204684,0.5930760700244104,0.4042814224146083,0.8059290360431437,0.8063110583456287,0.7123487287526271,0.5785788150973298,0.7236438839286168,0.8058499662916012,0.6717381040288952,0.3542279363739167,0.6281654180476697,0.815294354524198,0.6760890086635998,0.8887281516764465,0.7133304308209107,0.6072388906560859,0.8867990824195611,0.44823991539436825,0.22805103115498548,0.8867990824195611,0.7037755358791755,0.8258229735464786,0.577086473063007,0.8867990824195611,0.8059290360431437,0.9576811368833749,0.8058346231513478,0.5770864730630065,0.7995563084478068,0.6474877845238372,0.7711911134087561,0.6306131224370088,0.694635028060304,0.87629094573328,0.5758253232603507,0.6834999492976278,0.7575776963663715,0.7788920968928255,0.7632308780949018,0.7037755358791757,0.6405213051057133,0.5123013417286576,0.9593868235114876,0.649552864244509,0.7762694567332855,0.7764613417359436,0.8493193247742896,0.7597099846786148,0.9276992816406187,0.8575174679483173,0.744050942868475,0.6858844677160332,0.8258229735464782,0.8329186262686781,0.9806876694647889,0.6409165670522478,0.7264555470732128,0.7652672046388416,0.713330430820911,0.9088911651661846,0.8769352063361588,0.7078611253254625,0.8058499662916012,0.5957824437470842,0.6650746769733891,0.7398224137847558,0.5205342113769855,0.9146519318142916,0.8329186262686776,0.8430875781313429,0.9537355522538147,0.669077103309023,0.8924776269252874,0.7388540905975742,0.8780627809350356,0.9787476808897823,0.9139598476735142,0.7701392303399353,0.9271105554663726,0.8825936825451486,0.8476739184523104,0.7474692768125748,0.8493193247742896,0.8416859998638053,0.43041185921839564,0.626846547894879,0.8796755654923116,0.9324527933109434,0.3787073766263823,0.775044806520861,0.8473003449739174,0.8473003449739172,0.3655966974082754,0.8393192166726555,0.6448842394104555,0.8493193247742896,0.36951183276343524,0.7484817456541228,0.86560416687451,0.4797554612104967,0.8995196271956842,0.8710592812792086,0.830806345691184,0.7424234131067537,0.8529481410826931,0.9202129934265852,0.8329186262686781
p306_G,0.8711458111347519,0.7998527217210254,0.630817936440895,0.8778897053591896,0.8558385346892363,0.871437530173562,0.9525076653589457,0.9794987326846927,0.4623272460162109,0.7704767971625048,0.7948115130896285,0.9240129721559551,0.9343670604094794,0.7355710168869778,0.9219649421441015,0.9648906019785362,0.9446208795349662,0.7662354834447611,0.9620644010088546,0.9007974233889862,0.6788215376371776,0.8390335330415137,0.9221581876231608,0.8068502742363661,0.7849906623320981,0.6046908988334158,0.8102331311923985,0.7864032612313777,0.8642723367835958,0.7960078193690661,0.6715985755204537,0.8767037709308809,0.8312296131409544,0.7278043633023872,0.9432865096761567,0.857425373791612,0.8625158980695156,0.8049905346767261,0.7825935469601689,0.7617041847450772,0.6567206399103713,0.6124531582413244,0.9483195130327327,0.8880323395359474,0.8371106808609121,0.6276471057521895,0.8383948208633007,0.4596763218690436,0.7617041847450774,0.6320766216825049,0.865813252274934,0.5138608549506267,0.6271578137520524,0.9024446676913556,0.8014232883598378,0.8007823684965492,0.9749991083317995,0.8266892096935958,0.6915591075886276,0.8155897859167085,0.5635598511145206,0.6250399980127657,0.8293600480197822,0.9422539672162604,0.8508524342038148,0.5673410190986533,0.8767037709308809,0.7199521699208713,0.8774267326999192,0.8923050495306928,0.731365906107277,0.7617041847450772,0.9109668653456435,0.2716932457786094,0.8266892096935958,0.6126029349440232,0.7898596515802687,0.7948115130896283,0.35390399034314324,0.871437530173562,0.9040027256361679,0.8219555532992782,0.7484291696442609,0.878570058037943,0.8266892096935958,0.7189641226043171,0.8636204737721365,0.7065277495984383,0.7776031907664727,0.8210710864618282,0.8266892096935958,0.6308179364408941,0.697465612505368,0.5336095466454267,0.9176770250258659,0.8996030554541914,0.6235084402607631,0.616230974762821,0.31974982001801555,0.3510486413932844,0.7790052760171424,0.8383948208633001,0.8266892096935967,0.6543497333162074,0.6166350306762118,0.8574253737916122,0.6832998353459117,0.3083698570646697,0.7810575646918319,0.24657364274944849,0.5766014245122983,0.9550760338345977,0.5320698701874635,0.7091312076830196,0.8383948208633007,0.41292108741521105,0.8767966811987731,0.7588981930784972,0.8714375301735615,0.47218383295171307,0.8322451409203908,0.7482501886210617,0.7849906623320984,0.8802775378985098,0.7887023983633972,0.5422898200580235,0.8324582773700502,0.9414078771532362,0.9626910538963924,0.9285597621485533,0.42648620808764603,0.8383948208632999,0.8445183988316076,0.8979165212489255,0.8102331311923987,0.6195822155043169,0.7673862568293667,0.8445183988316081,0.8767037709308807,0.8431596959716181,0.6366134241451675,0.8642723367835954,0.5415490114123231,0.6495364505901593,0.7570597412301225,0.520657533029235,0.8011424989232334,0.4080707294597543,0.5970282148534657,0.2952444700155774,0.864272336783596,0.7396038302530707,0.9080520724368617,0.9659835913413735,0.8767037709308814,0.6854789183571159,0.6908586721509264,0.8007616026381319,0.810687413784756,0.6244556667025052,0.8731438703555847,0.8694583018704127,0.798717102251195,0.5398401182587138,0.6989384793145246,0.7340761166008651,0.6193415730143097,0.7071088741408225,0.8753650611804646,0.5228280913216338,0.8982209465695059,0.8210710864618278,0.7418986894359176,0.7006191515308071,0.8139836660299741,0.8376597084996347,0.8923050495306926,0.9633786259616517,0.8859277421091363,0.6904020057688793,0.8775472528359312,0.7034051193992038,0.8007823684965487,0.7257450177475631,0.8825880703264075,0.5149756487698809,0.4999129260860644,0.5344913224973142,0.9280926541839383,0.7604083864978799,0.8535712934243784,0.7394037182452793,0.5989588906545111,0.3761298502770738,0.9259126093836862,0.8266892096935958,0.7467350328374354,0.8982995160814371,0.7642409835818375,0.5176771472921597,0.5679804963019299,0.8107169982083025,0.8266892096935958,0.5802853472544549,0.3385272367004508,0.8070018837678951,0.8266892096935958,0.8493057615934072,0.6249100834477022,0.5004876576526107,0.6863022804951193,0.6930794471102755,0.8210710864618274,0.8266892096935958,0.885283617761879,0.8266892096935957,0.5366594560056488,0.5293495122050689,0.5701975401686449,0.8266892096935958,0.568491225244052,0.8266892096935958,0.6975838476772438,0.7840388104848646,0.7148952917141549,0.5913986928563411,0.8383948208633001,0.2550447313657752,0.8707296060265275,0.8275185553119258,0.6938145930766615,0.7850774260728466,0.7426043530982149,0.7818998392068106,0.8445183988316076,0.9422539672162608,0.7517279634720961,0.8741814665127359,0.7982917827511076,0.852647342473341,0.511041453934882,0.6790934251058441,0.6089813514626852,0.7708615632596505,0.8266892096935958,0.8165665440000036,0.8266892096935958,0.5906713853815391,0.7108562443941846,0.8658132522749342,0.9253161356239787,0.24253939644753153,0.7467350328374356,0.6920912719779257,0.7849906623320981,0.6344860777611516,0.8199103265291454,0.4373040967618742,0.7267164450371255,0.5622830208386309,0.9723653538198838,0.42203677419398555,0.8210710864618282,0.8815711740425956,0.6369747859078037,0.7825935469601689,0.6531345781406711,0.7969934460060106,0.8850332908885414,0.6882151596209426,0.5877507455324138,0.833627880175661,0.6121007731276081,0.572432315789456,0.49442177680986266,0.8574253737916122,0.27253763278067544,0.767224179442213,0.7987171022511952,0.9370085071270431,0.8574253737916122,0.9204863589561311,0.3223362080328309,0.8508524342038148,0.6696604293046027,0.7559022580972936,0.8383948208633001,0.7230643435079147,0.10179895909094439,0.8155897859167085,0.8383948208633003,0.8383948208633001,0.3126615422381833,0.857425373791612,0.466809954727766,0.6434949386271788,0.6089813514626865,0.9700761074397529,0.9620644010088546,0.8266892096935965,0.8059295364969021,0.8155897859167089,0.8445183988316083,0.2119600104374274,0.7967179857013991,0.8383948208633001,0.7617041847450774,0.8439457358915081,0.38250037961355,0.7125165775203879,0.6866454233201096,0.7804030251603125,0.8559327265684453,0.7601674506561724,0.6096717811332694,0.9007974233889862,0.5835482026164283,0.9738475965997659,0.8603471668053388,0.8146911326357341,0.7091312076830198,0.8509703690655753,0.8266892096935958,0.7370717638778392,0.908542798677987,0.7662354834447609,0.8574253737916122,0.9819123209501915,0.8777190734356533,0.8266892096935958,0.7849906623320979,0.7588981930784982,0.8714375301735617,0.6949688946098886,0.6160145877943983,0.775478651203112,0.7692571359771148,0.43080723689423683,0.4162808706423786,0.833207525996106,0.6702278960386943,0.48401823993316295,0.7888434070513503,0.7670280271016521,0.4975774546976506,0.7128355349199056,0.5571400247669495,0.8714375301735617,0.26064123295636044,0.7230643435079143,0.2193044086085032,0.8102331311923987,0.8210710864618282,0.8920124916149399,0.6089813514626858,0.2030391734665955,0.21022328279684455,0.3815643230155912,0.8266892096935958,0.4853106773605175,0.7380630794588069,0.7470389236471644,0.8740992077291385,0.8435269703732845,0.34863018489565456,0.8266892096935958,0.8266892096935958,0.6191408907293776,0.652817320673696,0.5888481317371417,0.8266892096935957,0.8642723367835963,0.8266892096935967,0.7355710168869778,0.649261827596233,0.3510614412259918,0.8266892096935967,0.7398150798063186,0.7898596515802687,0.4276362898604391,0.34569886446565057,0.8266892096935958,0.5945500469975813,0.7148952917141547,0.22400807894768626,0.2896115910885271,0.7604083864978801,0.6272478680105853,0.8383948208633003,0.1501085738509852,0.8266892096935958,0.30844583532929626,0.7662354834447609,0.6183061713581831,0.6021477218954181,0.776792653536901,0.4238621090607686,0.8049905346767259,0.8266892096935958,0.926864494669825,0.719159650103369,0.8266892096935958,0.9663414534134906,0.5822862882162779,0.6607097432169522,0.36974817257911496,0.12368459679323474,0.8266892096935958,0.8399066172779155,0.4857326188127772,0.8508524342038148,0.6982759663441391,0.5610312780956312,0.49995275492794433,0.5247188824351495,0.6619967100807203,0.8383948208633005,0.8634206838256486,0.36044933016786984,0.8748383714675434,0.36899607308876803,0.730772309363545,0.5587058798676412,0.8748383714675434,0.8445183988316076,0.7887023983633974,0.8266892096935958,0.8923050495306928,0.8006213663849415,0.49324155946822223,0.9956020206057645,0.8386387687222945,0.8155897859167087,0.6775618163411452,0.9827463808673764,0.8155897859167087,0.8952067668476964,0.8266892096935967,0.7998527217210254,0.6323787091462338,0.6891260577822635,0.8635372202957411,0.3419933384038124,0.8800520569786747,0.918019426860567,0.8748383714675434,0.557482036710522,0.8144465923108914,0.9007974233889862,0.7197889876002377,0.6521374870244063,0.6628659991311812,0.793667190730335,0.8636204737721362,0.6851941396038526,0.8383948208633001,0.9584063263034994,0.9086618110626268,0.9887276980950696,0.9381478085396942,0.7050283931705825,0.8287062853176173,0.6298627830448427,0.48026073279397385,0.5005409089999184,0.7105378940954101,0.9714984292034796,0.6025444717943972,0.674936845197186,0.8984666413273347,0.8062292299313922,0.803858647234118,0.39042496792485837,0.8287062853176169,0.49404149775499895,0.6900369746909762,0.7108562443941846,0.6345837622192685,0.8383948208633001,0.9143786725328966,0.611815511205926,0.8934910933697411,0.8729891739387523,0.9681762475129836,0.713603408882439,0.5519564649567865,0.8842994831730135,0.8107994161477066,0.8371106808609121,0.8102331311923989,0.9623693685727533,0.7937778688175781,0.7441003298209856,0.4048224270297339,0.7028615372833038,0.8210710864618278,0.8210710864618278,0.6114243458087563,0.8017941889571719,0.8371106808609121,0.5622830208386307,0.8266892096935958,0.8508524342038151,0.8266892096935958,0.8266892096935958,0.18462408116414664,0.9931379118565873,0.7230643435079143,0.8266892096935958,0.40759403870286537,0.2615270146070948,0.7867686640693974,0.7707577914588317,0.6097040594686518,0.4007652358947851,0.9142506914683826,0.8852892083305057,0.3146691057471145,0.9063796022167541,0.8583633834469528,0.9511935811114112,0.6217117656151944,0.5694537863193239,0.5683983427332808,0.7441003298209856,0.9850968376094409,0.9087111135341972,0.7782906156782834,0.8508524342038148,0.6948878137006764,0.8383948208633005,0.7958322828330142,0.7429884745379051,0.8850332908885412,0.8511784633897346,0.4500545247959781,0.7604083864978797,0.5283510552868113,0.8175828235209428,0.995024699209174,0.8199068880584627,0.8882074145027592,0.8324582773700502,0.9885938712988505,0.43753201391584695,0.4537756743003718,0.9088891430301538,0.6226692012291235,0.8941138224539533,0.677319450449231,0.6235084402607629,0.8210710864618271,0.27402576569483905,0.7484291696442609,0.8714375301735615,0.33754917683090646,0.5300648162201786,0.5760372188432445,0.39243374266430187,0.7898596515802687,0.6242404042340968,0.823072120452352,0.8266892096935958,0.8445183988316076,0.7096799616845384,0.7943695653630839,0.59649699082135,0.6938145930766595,0.826001383369469,0.8118971154123629,0.4238621090607686,0.7801987391563088,0.11282842586669906,0.9007974233889855,0.29567499125139807,0.9956020206057645,0.4291388668482198,0.8155897859167087,0.9624250054621011,0.7582100817747532,0.881659188663414,0.7754786512031122,0.8020175124954565,0.6852543863334288,0.3537801311061286,0.40879244717881236,0.7230643435079143,0.5859537832349659,0.5264825768781054,0.5672590943314231,0.864272336783596,0.833207525996106,0.8068502742363666,0.6218429117148956,0.8681085422478803,0.6882682142601106,0.8493950799487413,0.3544758367367211,0.4574733281236947,0.9483195130327327,0.5272922432196087,0.9130973310798001,0.7383560082449199,0.7532569414875749,0.8165087157698869,0.9711052923125683,0.7649682260587916,0.8774912920198471,0.8864441982084141,0.8199103265291448,0.8107169982083031,0.8445183988316076,0.8714375301735617,0.8266892096935958,0.8258635228005482,0.555020510232048,0.41817462901485536,0.7271976638668827,0.8266892096935957,0.5561957240984101,0.41387467729132155,0.686790636511507,0.7355710168869778,0.6718087782679456,0.6308179364408941,0.42043914238283286,0.9581643565100584,0.7528041884845758,0.9611214052113961,0.5863175713341042,0.706788800271116,0.8508524342038151,0.6680134735212271,0.9749991083317995,0.9005217828775249,0.7108562443941846,0.9098785216031469,0.8180229103268297,0.8155897859167089,0.8714375301735617,0.7998527217210254,0.7790052760171424,0.8558385346892365,0.5409815182753865,0.605365737901435,0.7937778688175793,0.7360709153718032,0.9888578818441288,0.42676152835342007,0.30023542408161963,0.8210710864618282,0.8445183988316081,0.8102331311923985,0.8210710864618282,0.8210710864618282,0.9435345141983404,0.8266892096935958,0.7328485244428715,0.9851412693751386,0.8266892096935958,0.775478651203112,0.6271589125862931,0.8574253737916118,0.8383948208633005,0.8146770761041983,0.7467350328374358,0.8493950799487413,0.48014101231758755,0.3196738207127785,0.746603099287516,0.2683709050217985,0.8266892096935958,0.6832998353459117,0.8383948208633001,0.775478651203112,0.4240029850922048,0.7229916838421406,0.857425373791612,0.8324582773700502,0.7328407010278242,0.9385935034198238,0.8090990941641025,0.826689209693596,0.9854940769049633,0.7514467292957347,0.8067040185344032,0.7042766061420833,0.8952067668476966,0.9271847252697738,0.7617041847450774,0.8383948208633005,0.7365659707628338,0.3947675933551358,0.8266892096935958,0.8849878596848766,0.6133815230274797,0.8070018837678951,0.5122788050514722,0.8102331311923985,0.7948115130896285,0.38679696529434715,0.8155897859167087,0.5342116808118735,0.19533447228691636,0.8266892096935958,0.8266892096935958,0.913460963834563,0.567178229912702,0.6680134735212273,0.5904134130864216,0.3754298628073436,0.6120401062333689,0.4537756743003718,0.17214878470762918,0.770825665690783,0.3533016670164818,0.8266892096935958,0.9672840913903674,0.8445183988316076,0.7825935469601689,0.4238621090607686,0.8574253737916122,0.3644652328274327,0.8266892096935958,0.8266892096935958,0.23332938779540813,0.8266892096935965,0.20501496748487735,0.7898596515802687,0.5121046383050021,0.6567206399103713,0.9244733489600132,0.707108874140822,0.1627456946931265,0.4904138015551398,0.8266892096935957,0.7108562443941846,0.15211056240568266,0.8324582773700502,0.8984168960348217,0.9517222684367806,0.9030622462239865,0.8773813532984649,0.7189641226043171,0.8324582773700504,0.5193002635876085,0.8266892096935958,0.2458176985615993,0.9128829790103437,0.5202715343255946,0.5658607806433105,0.5550205102320485,0.6615395619347411,0.6434995674546062,0.5423650644923355,0.8481241250733967,0.8306818138200223,0.4722939573176087,0.8672362727854395,0.864272336783596,0.8578041589067026,0.8561031431193065,0.2515271997788525,0.7692571359771144,0.8493950799487413,0.5947515482213044,0.6983445044771046,0.8626810837446108,0.9071792765004817,0.9363575126785111,0.7677905591505942,0.9363575126785111,0.85947552981934,0.6680134735212273,0.9751834394288925,0.5486168030403282,0.7360709153718037,0.864272336783596,0.8144465923108912,0.8659231781910167,0.5059547636331527,0.8837077700694129,0.7257450177475634,0.9161154292711687,0.6802310428084059,0.8970231363347618,0.6851326425104285,0.9516667502915495,0.6371763813553178,0.7086934398579587,0.8266892096935958,0.6308179364408941,0.9109668653456436,0.5516087136346488,0.7704767971625048,0.7266607834390821,0.6667985236428933,0.6738325213287677,0.8266892096935958,0.22651553041107453,0.33754917683090646,0.9846247106358603,0.11997898201045354,0.0,0.07342188211300105,0.8767037709308809,0.436794567989386,0.8473794777536736,0.7647827844620154,0.32519027774452425,0.7801987391563083,0.4648440794854132,0.8714375301735617,0.7801987391563086,0.8266892096935967,0.869768523677352,0.8501548882487269,0.2814496369543036,0.9257234647606121,0.3664736671932378,0.9109668653456436,0.8210710864618282,0.3947675933551359,0.5264825768781054,0.6455511582707416,0.2990346090684155,0.2999529491861509,0.8266892096935958,0.21815836652589593,0.5336540509631402,0.7355710168869778,0.8266892096935958,0.22197140101950608,0.9624250054621011,0.8574253737916122,0.8038586472341178,0.8493950799487413,0.5295777946979934,0.8967607927756915,0.8810862022815928,0.8878907384141741,0.7409033370260147,0.8275185553119262,0.36179568410844776,0.8266892096935958,0.9038574905645489,0.8266892096935958,0.7937778688175783,0.5752587669452338,0.44038843591890886,0.7825935469601689,0.7649832461336256,0.6026272920548446,0.5212904385586608,0.7355710168869778,0.8266892096935958,0.7761258934503041,0.49374058724036374,0.6940759987119245,0.8484398110100146,0.710856244394185,0.8767037709308814,0.7441003298209858,0.5600124926806032,0.9067035405812569,0.5431441339789497,0.31251205887825817,0.9067035405812569,0.735571016886978,0.8445183988316083,0.6244556667025061,0.9067035405812569,0.7825935469601689,0.9684377177124894,0.8669655156352968,0.6244556667025054,0.8210710864618274,0.662979026138408,0.7987171022511952,0.5679804963019294,0.7108562443941848,0.9694780037787785,0.5418254570493499,0.6854789183571146,0.867364985182129,0.7429884745379056,0.6891483648419706,0.7355710168869782,0.6642342256428408,0.6008222625532749,0.9327928584397113,0.6871683774743926,0.8059295364969021,0.7467350328374356,0.869458301870413,0.7220236410177037,0.800450834748577,0.8180229103268297,0.7528041884845758,0.7642409835818378,0.8445183988316078,0.8508524342038151,0.9612287311871464,0.6592033365201202,0.6869610143543725,0.7768468507400126,0.7441003298209856,0.8742199939100195,0.8814243896601137,0.6835723328299697,0.826689209693596,0.6758414734748177,0.6733792745494314,0.7772444687707127,0.6627194296775731,0.9606883441271923,0.8508524342038148,0.8603471668053391,0.9202914517902466,0.6271578137520524,0.9177433298664528,0.7695851515669612,0.9254578891394436,0.9432808772360407,0.9674469230313372,0.7948115130896287,0.9497230145242812,0.8210710864618274,0.8011553327669689,0.7789515783743166,0.8694583018704127,0.8625158980695156,0.5316072859825534,0.581977814673101,0.9005217828775254,0.9467990564809609,0.3382888803882772,0.8052366072190793,0.8155897859167089,0.8707296060265279,0.4497989193973293,0.8451940043473616,0.6851941396038526,0.8383948208633007,0.43748171416939863,0.7754786512031118,0.8842994831730138,0.49476944055189664,0.8850332908885412,0.8925735187689807,0.8070018837678948,0.6792001475056105,0.828657544556659,0.9576493391933754,0.8508524342038151
p306_P,0.7922603528084449,0.7839930876682062,0.6015640166411412,0.8545607303628726,0.8717536922859104,0.8612502633673058,0.996920061754961,0.9657669505410726,0.5027865882435196,0.7873288227034383,0.7785524145786099,0.8588929027553878,0.8310417106337618,0.71461771219459,0.9525299255562656,0.9279653009750491,0.9273405050304726,0.7477120255242754,0.9833175579709122,0.8894326889463282,0.7396855943744783,0.8215612095168274,0.925636464372903,0.8261471314997644,0.7679533613871454,0.6337152370574655,0.7951960389045738,0.6852950071392243,0.889432688946328,0.7504548903146258,0.7016295290576837,0.8513207925795818,0.8411401795341403,0.7589151288169047,0.8717536922859104,0.8461277862534453,0.8487381822088333,0.7895380199912548,0.7985559379258651,0.7428216675369564,0.6295192456385053,0.6409075767701962,0.9368488853021562,0.7721240137542134,0.8480538253549333,0.5839293704189771,0.8255892557605071,0.484629835527119,0.7428216675369566,0.4845561734994335,0.8829689068279152,0.47274138351085004,0.6558071205366891,0.8848725063374457,0.8234457834371083,0.7808181407585644,0.9521267485718234,0.8129560940834346,0.6331572748693888,0.8009771539783095,0.5323540781069007,0.6353243473976014,0.8546340718497019,0.9102862765869404,0.8390340081240995,0.4798599664023868,0.8638461791854183,0.6904917672932935,0.8779123372702496,0.8804252291828121,0.7100793891989086,0.7428216675369563,0.9290791856733023,0.18791815775533371,0.8129560940834346,0.5819056617272436,0.7732081684608059,0.8032322633242259,0.37188020817287226,0.8612502633673058,0.9006095517283794,0.8262392421922453,0.728494742645736,0.9686308603165102,0.8129560940834346,0.6966948906190781,0.8699142505728488,0.6635811672095846,0.7841118033114705,0.8068927917851012,0.8129560940834346,0.6015640166411407,0.6472453939908465,0.5483724416924276,0.8949174096536275,0.834023965367263,0.5936753173085909,0.5858211867636783,0.2387910586575872,0.2827392539248528,0.759404564781907,0.8255892557605066,0.8129560940834349,0.695458539261528,0.5806999758860911,0.8461277862534455,0.6582045717027027,0.2378834009647406,0.7342206555887967,0.20026026355874027,0.5430513981344214,0.977811182464825,0.45371423817408685,0.6843489819142907,0.8255892557605071,0.3459933005121978,0.8596526516701358,0.7766003415235199,0.8612502633673056,0.3774899056530614,0.845265300006194,0.7149411814590176,0.7679533613871459,0.9068250949872636,0.7698039090034989,0.48195012784168445,0.8191823016368878,0.9189659181772103,0.9461487523932309,0.864183994647248,0.34846863776830483,0.8255892557605065,0.832198064937085,0.836355248893291,0.7951960389045739,0.5752977092207763,0.6633007544615688,0.8321980649370849,0.8638461791854181,0.8280868502882602,0.578735324383133,0.8535173013518569,0.467179230516638,0.6276948394478761,0.7242991536133985,0.5399846324739024,0.6809692758501726,0.3126706796168375,0.6266151617573605,0.23819733288382028,0.8535173013518575,0.6189067509690198,0.86243623775096,0.9905461600724843,0.8954942934337515,0.6701022769784417,0.6616610472826259,0.7759643853185064,0.7655234388357619,0.6084291217010017,0.8369902234342335,0.8561342062066826,0.7805381608776912,0.4634543228982668,0.6703168171540073,0.711164293171959,0.6573522936476794,0.6955820764499021,0.8533117429016547,0.489194882811979,0.8745525901011986,0.8068927917851012,0.7694967637316332,0.6800867727402424,0.7841354497678654,0.8004398062937683,0.8804252291828119,0.949362186704076,0.8616613152149826,0.6737061432982434,0.9084762651148579,0.7448232424027168,0.866472444665194,0.7474881342688842,0.9033079017470323,0.4752286405118168,0.40475612786145576,0.5577088927653238,0.9100923610047558,0.7394476245532001,0.8737064903022851,0.6900968864541075,0.5474465965669064,0.3074555058559141,0.8963982810031053,0.8129560940834346,0.7670353703558732,0.9365256355280618,0.7841105182472421,0.5751877395547655,0.6106085610662508,0.8310417106337618,0.8129560940834346,0.5442707781198148,0.28280555397014706,0.8232442102979092,0.8129560940834346,0.867789115219062,0.640248264775467,0.5306896830864274,0.7247538318954565,0.6670842869164546,0.8068927917851013,0.8129560940834346,0.9343492190873371,0.8129560940834346,0.4560585413276099,0.4844497245009196,0.5364549717077249,0.8129560940834346,0.5302685564974632,0.8129560940834346,0.6462690925572525,0.8180255821565332,0.6923036463066834,0.5576016614550083,0.8255892557605066,0.1948149437614095,0.8551965465982104,0.8325766144955156,0.7190849004509701,0.7579140044237126,0.6791817770115987,0.7589733900230866,0.832198064937085,0.9102862765869404,0.7603195597243955,0.861327308443698,0.8005766005285502,0.8641839946472474,0.5469417106622223,0.7026549898170107,0.5779971046272832,0.7923774013724341,0.8129560940834346,0.7332196692069235,0.8129560940834346,0.5475924023538186,0.6879445456091827,0.8196726783312485,0.9502768986869881,0.18251835551673956,0.7670353703558734,0.5406572403342325,0.7679533613871452,0.6055228208147401,0.803232263324226,0.3682003928518829,0.7467814379930322,0.5275984067489584,0.9851820990868672,0.32494663971134896,0.8068927917851012,0.8978561483651697,0.5870370305341641,0.7985559379258651,0.5720143676912075,0.7134718556393118,0.8649671348776824,0.7357540787905144,0.5536709957814954,0.851320792579582,0.5619318460686882,0.5469959809577207,0.42796717283557095,0.8461277862534455,0.18749497191761288,0.7992328414386018,0.7805381608776911,0.9226129838709971,0.8461277862534455,0.8230796178295101,0.2442009254596793,0.8390340081240993,0.6418846436470618,0.7346095719329159,0.8255892557605067,0.7011200122838858,0.08040079691530844,0.8009771539783096,0.8255892557605068,0.8255892557605066,0.25819696742973797,0.8461277862534454,0.3931755892796358,0.6834363392347171,0.5779971046272834,0.8769814523426918,0.9490201150415456,0.8129560940834349,0.7863087827580382,0.8009771539783097,0.8321980649370849,0.15344765637006974,0.7022227960938563,0.8255892557605067,0.7428216675369566,0.8173195351961531,0.3323464714325658,0.6047785092483577,0.5481246152591641,0.7313124991783763,0.8026938112801352,0.6888896713514654,0.5888992416761516,0.889432688946328,0.6219840507411667,0.9612634641352691,0.8553956862550885,0.6402482647754637,0.6843489819142908,0.8689612397777351,0.8129560940834346,0.7563764498345804,0.8782211843749221,0.7477120255242755,0.8461277862534455,0.9965223396816933,0.8625951760283532,0.8129560940834346,0.7679533613871452,0.7766003415235205,0.8612502633673056,0.6707982851076646,0.5772498666784369,0.7576876202204141,0.7880245640829155,0.34053847832158435,0.37002707263499923,0.8153653597703895,0.6944403845798974,0.4405854209407848,0.7773263884392076,0.7589151288169047,0.4693465830690705,0.6863899643182807,0.593794888093341,0.8612502633673055,0.20205457826944784,0.7011200122838854,0.1574422314528343,0.7951960389045738,0.8068927917851012,0.8877899858195774,0.5779971046272829,0.14261970379177136,0.1367046324214578,0.33255959206686814,0.8129560940834346,0.42055054863243546,0.731259575448814,0.7250909135759176,0.9064449197275183,0.859159597892379,0.3706094367316233,0.8129560940834346,0.8129560940834346,0.6483587193679008,0.6049558418129315,0.5495966363430141,0.8129560940834346,0.8535173013518578,0.8129560940834348,0.71461771219459,0.6214693983885535,0.2828055539701473,0.8129560940834349,0.719198073890394,0.7732081684608062,0.3822822932136558,0.29385216108228285,0.8129560940834346,0.5624222662121318,0.6923036463066835,0.16251861977712356,0.2261217507614206,0.7394476245532,0.590792518706349,0.8255892557605067,0.08276333129133029,0.8129560940834346,0.2536472086695202,0.7477120255242755,0.6571149438875545,0.6938230444978937,0.796591250927819,0.37820904701151425,0.7895380199912552,0.8129560940834346,0.7842070962387693,0.6635811672095848,0.8129560940834346,0.9824422325068721,0.5452710452638876,0.6146814125036895,0.3198071320115592,0.05424552308104591,0.8129560940834346,0.8902102728647557,0.527920132763932,0.8719227385629408,0.6547747000857039,0.5078972233266592,0.5386816642147907,0.5450506008338085,0.6336357289324264,0.8255892557605071,0.7022227960938563,0.4082890409917612,0.8558415769648626,0.3337321328542471,0.7083835028102274,0.5237378137758082,0.9489014268422507,0.832198064937085,0.769803909003499,0.8129560940834346,0.8804252291828121,0.7717386899912183,0.5379062736205595,0.7772103080002979,0.8176182142865036,0.8009771539783097,0.6170061037180705,0.9669617044966167,0.8009771539783097,0.8772718095610746,0.8129560940834349,0.783993087668206,0.5989298143639277,0.6628311742729449,0.845195227382254,0.27116649361250467,0.859159597892379,0.9133686563240742,0.8558415769648626,0.5184882642953708,0.8215612095168273,0.889432688946328,0.6836937580764875,0.6664343602739484,0.7591295010996617,0.7751261733591142,0.8457377300448383,0.6586007972690091,0.9911410415624384,0.93253352324069,0.877254861181242,0.9268711866644734,0.9176414048213544,0.7098524462475284,0.8512498542371472,0.6605904158717679,0.4365359114908932,0.4603640713906545,0.6842513068620308,0.9537693982556523,0.6074006909922218,0.6445954466343597,0.7655939346089309,0.8081521072913194,0.8093116520261686,0.3408958782605538,0.8512498542371469,0.4539494377454023,0.7167499446622099,0.6879445456091826,0.5731159043893979,0.8255892557605067,0.9705825294886266,0.5600886065708186,0.868308550798711,0.7924309847617748,0.9823849990997211,0.694261789590695,0.5633389157286941,0.8719227385629409,0.7866068806330608,0.8216249321297535,0.7951960389045741,0.9779132495729155,0.8108977844528866,0.7238228863394935,0.3576606640274096,0.6793163393559276,0.8068927917851012,0.8068927917851013,0.5364742928347161,0.8354845770278909,0.8216249321297535,0.5275984067489583,0.8129560940834346,0.8390340081240993,0.8129560940834346,0.8129560940834346,0.10650456159652588,0.9721663893115972,0.7011200122838853,0.8129560940834346,0.330240875424722,0.17138910142891017,0.7812510997224267,0.7801011806516209,0.5773233186693114,0.3472175117466967,0.8841978903400062,0.9190523044503887,0.22225197026984178,0.9266501025228782,0.8978916093704239,0.9377001994406237,0.6168504686623928,0.6247125847502888,0.5008248603423713,0.7238228863394934,0.9524511822943205,0.9279258829221861,0.7484145745394966,0.8390340081240992,0.6659777942006933,0.8255892557605071,0.7666684576725731,0.7674379415069907,0.8874273752573235,0.8325766144955155,0.3760336935670663,0.7394476245532,0.5496646126793243,0.6555942111788515,0.9787216594770385,0.7773263884392076,0.8940907711008598,0.8191823016368884,0.9606612432501984,0.3442375004525995,0.41049295773867445,0.8954942934337514,0.6637020639999522,0.9140861356184493,0.6811453677581512,0.5936753173085914,0.8068927917851012,0.21170138080684575,0.7284947426457358,0.8612502633673055,0.28505669367654596,0.42967969995161304,0.6149625376883543,0.33823644400705466,0.7732081684608061,0.6434356334429441,0.7896922141414042,0.8129560940834346,0.832198064937085,0.74187694773505,0.8144281988985187,0.5578068327637298,0.6949083799229583,0.8465967939923349,0.7909032427736953,0.37820904701151403,0.7627817270874745,0.04252911113804103,0.8894326889463284,0.23986440522168606,0.9993289467108442,0.3562088959490026,0.8009771539783097,0.9701455783913521,0.7951688832296664,0.8558963430130209,0.7576876202204141,0.7458302960404364,0.7000945359272799,0.30257378582657013,0.3247455868276563,0.7011200122838854,0.49440054659890453,0.4889611420980635,0.5990317460928942,0.8535173013518579,0.8153653597703894,0.7670353703558734,0.5753991678031403,0.7670074210693718,0.6968250070353967,0.8347439839067271,0.29850247286509424,0.4144836129807342,0.9368488853021563,0.5157468682266677,0.9300511406700867,0.8111039974055001,0.7300249400372345,0.7975864137387563,0.960040343111398,0.7443424429324514,0.7816326539720402,0.855049725731263,0.8032322633242255,0.8310417106337615,0.8321980649370848,0.8612502633673058,0.8129560940834346,0.8553374250489061,0.5183978591504108,0.4163828940482093,0.7055808561989085,0.8129560940834346,0.5716997017530283,0.3661930679944828,0.5669751472517479,0.7146177121945902,0.6458029653447082,0.6015640166411407,0.4690093240712021,0.975786274299741,0.7543168814610925,0.9310193501479535,0.5086004896637553,0.6915758408691954,0.8390340081240992,0.6417069213377852,0.9521267485718234,0.8866791566528582,0.6879445456091826,0.8990495743347309,0.8025737887610285,0.8009771539783097,0.8612502633673056,0.783993087668206,0.7594045647819071,0.8416188407771308,0.49695176407789354,0.5740949905027928,0.8108977844528875,0.7284399588174317,0.7916144620350019,0.36453858078764734,0.22784925633683661,0.8068927917851012,0.8321980649370849,0.7951960389045736,0.8068927917851012,0.8068927917851012,0.9710441805273082,0.8129560940834346,0.7555127762673703,0.9550074845158034,0.8129560940834346,0.7576876202204139,0.5976150523995245,0.9823849990997209,0.8255892557605071,0.832078687487487,0.767035370355873,0.8347439839067271,0.4220699687310159,0.29569123902787786,0.6555942111788522,0.2412732770766488,0.8129560940834346,0.6582045717027027,0.8255892557605067,0.7576876202204141,0.3530737094035348,0.6976049783085998,0.8461277862534453,0.8191823016368881,0.7105146563971751,0.9118802754809672,0.791659360578768,0.8129560940834347,0.986525518771562,0.7298250110456497,0.8059011127113254,0.6710197305498862,0.8772718095610748,0.9147226721121788,0.7428216675369567,0.8255892557605071,0.7105815563167798,0.29958960756952635,0.8129560940834346,0.8702815874708265,0.581284799841771,0.8232442102979092,0.4673075764326722,0.7951960389045738,0.7785524145786096,0.30232966400190486,0.8009771539783097,0.4624166736567349,0.13157292172183688,0.8129560940834346,0.8129560940834346,0.9606612432501984,0.5703778662824657,0.6417069213377848,0.533699965957148,0.29155247267805273,0.5580545810106863,0.41049295773867434,0.10292617149838112,0.7526659329794718,0.275207860922146,0.8129560940834346,0.9995978775660017,0.832198064937085,0.7985559379258651,0.37820904701151425,0.8461277862534455,0.3790992550363341,0.8129560940834346,0.8129560940834346,0.1725785474483934,0.8129560940834349,0.14202049760462465,0.7732081684608061,0.4734438982785232,0.6295192456385055,0.9020199913870522,0.6790663687470524,0.20513875132497583,0.45003428355620956,0.8129560940834346,0.6879445456091824,0.07511216015910271,0.8191823016368877,0.9137901132409876,0.97439201067959,0.8543675919738041,0.8501658038391264,0.6966948906190782,0.8557030120717102,0.49488709015201837,0.8129560940834346,0.16247454094592673,0.8873767352631147,0.4951482461104886,0.5314596675920682,0.5183978591504115,0.6863899643182831,0.5432327955870409,0.5156269628601979,0.7991899570486454,0.7776410146098742,0.3742009815786529,0.8612283491680894,0.8535173013518578,0.8855450930388882,0.9465389768372867,0.1751322751322748,0.7880245640829149,0.8347439839067271,0.5111814860273944,0.7266696117783171,0.8372350321903721,0.8752625520195307,0.911953870828142,0.7439284780771289,0.9497531817955676,0.8741545598607168,0.6417069213377853,0.9627481683919337,0.5092995414585009,0.7571027055111268,0.8535173013518575,0.7973846889888168,0.7674379415069907,0.47212861629111724,0.8669412593055832,0.7196369421472582,0.9408053715448896,0.7202806348399178,0.9148147732156007,0.6145836009548835,0.9255131041919218,0.5744575431412953,0.6547849470055133,0.8129560940834346,0.6015640166411407,0.9290791856733023,0.4800051690562843,0.7873288227034383,0.7532087786684056,0.6938994040049318,0.6321264221676968,0.8129560940834346,0.20400264571664173,0.28505669367654585,0.9452553512349826,0.049033382043414786,0.07342188211300105,0.0,0.863846179185418,0.35269853309274346,0.9574063688130316,0.8322596897273158,0.2841187443278148,0.7627817270874744,0.42243842134435716,0.8612502633673055,0.8093116520261686,0.8129560940834348,0.8386524117247861,0.8297958979791198,0.2032797364241783,0.9120089362373701,0.31505543367146893,0.9004164389796063,0.8068927917851012,0.32575175166414794,0.48896114209806385,0.6174646962982926,0.24858845157913745,0.2444813477677812,0.8129560940834346,0.15259952202514393,0.4967008824897219,0.71461771219459,0.8129560940834346,0.20923049339373234,0.9443444986199095,0.8461277862534455,0.7860466895568217,0.8347439839067271,0.48714672339781506,0.7662665379328073,0.8494240192940041,0.8664724446651938,0.8913442487605419,0.8093116520261687,0.32373393801965056,0.8129560940834346,0.8869755658615766,0.8129560940834346,0.7766003415235199,0.5663809329885233,0.411917312704984,0.7985559379258651,0.7722372563305888,0.6685270108227801,0.5603998155326175,0.7346095719329164,0.8129560940834346,0.693584097989599,0.4092884588488208,0.6502968271677547,0.8264206693042833,0.6879445456091824,0.8638461791854181,0.723822886339493,0.5923172035742015,0.8809101149594388,0.4907005016274817,0.2568308131450088,0.8809101149594388,0.7146177121945905,0.8321980649370849,0.5932131131641427,0.8809101149594388,0.7985559379258651,0.9465389768372868,0.8261471314997646,0.5932131131641423,0.8068927917851013,0.6733154062254256,0.7805381608776913,0.6106085610662499,0.6879445456091828,0.981303685749709,0.5591269261273983,0.6701022769784419,0.7474881342688837,0.7674379415069912,0.7434501941052427,0.7146177121945906,0.6543920169736137,0.5205752811646249,0.9627996773927694,0.6623796564082469,0.7863087827580384,0.7670353703558732,0.8561342062066829,0.7421108075072753,0.9126901464486542,0.8447746773113023,0.7332164371859555,0.6676458083005277,0.8321980649370851,0.8390340081240993,0.9887588441244641,0.668223089450658,0.7466086326204122,0.7884641288420242,0.7238228863394933,0.9110831558731514,0.8627773581536332,0.6935649568882312,0.8129560940834347,0.6053472405856768,0.653586929200032,0.7524576256079087,0.5345432826471395,0.9254243610794266,0.8390340081240993,0.8361112270086881,0.9476893856450179,0.6558071205366891,0.9009116118052929,0.7492975760217222,0.8937705688840911,0.971919429756454,0.9234000885636109,0.7785524145786098,0.9258632574318288,0.8625951760283532,0.8276247074061782,0.7497187566294989,0.8561342062066825,0.8487381822088333,0.4388892015154271,0.6126697902847935,0.8866791566528585,0.9481825061910121,0.38020692944801415,0.7640918615555865,0.8551965465982104,0.8551965465982103,0.38553956172401915,0.8262392421922455,0.6586007972690091,0.8561342062066827,0.36988982638483003,0.7576876202204142,0.8719227385629407,0.4907005016274817,0.9098876156369653,0.8782940627807796,0.8232442102979087,0.7220665026771842,0.8451952273822536,0.9242046305976793,0.8390340081240992
p307_C,0.8471812314738492,0.9473756291574582,0.6187115150421759,0.9304741538905168,0.9544316996038,0.9661972965770262,0.8777622263784159,0.8483188975326428,0.9137092609592143,0.9643133649175284,0.36712679555941397,0.9529545363721539,0.9529545363721539,0.9304741538905168,0.9651775593373262,0.8971901564492131,0.9501049319099923,0.9385367079941813,0.9625131050152524,0.9643133649175286,0.8990962871160679,0.38243605452529905,0.9422080421889416,0.9559485503920393,0.39681053131259425,0.9385367079941811,0.9830316367629124,0.9250379219402802,0.9643133649175286,0.7984206482463505,0.9327167510955894,0.9608127721335266,0.9487265052554266,0.9271857963192043,0.9544316996038,0.9625131050152522,0.1467573068242659,0.9487265052554263,0.966197296577026,0.9373453016197315,0.9097421633544902,0.9965665866960458,0.9661972965770262,0.9218739081138494,0.9501049319099923,0.9301551713322505,0.19244580608505335,0.9107280314569575,0.4575465901506691,0.9427946840319121,0.9591194968553456,0.898744174756519,0.9385367079941811,0.9473756291574582,0.9487265052554263,0.9361684345174046,0.9361684345174046,0.9544316996038,0.7967459576737137,0.22545681050589939,0.9157186269856046,0.8809287459442814,0.9944277784720001,0.9097421633544902,0.9607848936032954,0.8745818404295127,0.9591194968553456,0.9050457185079468,0.8331553590532288,0.9625131050152524,0.9293685115305117,0.9373453016197317,0.9544316996038,0.8767037709308809,0.9544316996038,0.6373587815056132,0.9447481688519044,0.9460501530640812,0.7421009311387937,0.9661972965770262,0.946050153064081,0.940966997789066,0.9338549253147788,0.9385367079941815,0.9544316996038,0.9261077324693099,0.9447481688519044,0.8875935086546551,0.651042649326655,0.9529545363721537,0.9544316996038,0.9427946840319119,0.8485170805722069,0.9039927750935626,0.9338549253147788,0.9528206548013267,0.9403916813458222,0.6727097517995545,0.8384238384890392,0.8692431301086105,0.9903434298372484,0.957509435301382,0.9544316996038,0.8726649773302662,0.7197243312476425,0.08301287652694123,0.5973977130084658,0.8181708833001986,0.943467974097185,0.8788191408694401,0.925487806971186,0.996566586696046,0.8268966588916087,0.5866524475700889,0.11516900984745693,0.8367317645429637,0.9473756291574582,0.9625131050152524,0.966197296577026,0.8726649773302662,0.9218739081138492,0.8971901564492131,0.943467974097185,0.9327167510955894,0.9385367079941815,0.8117968052331115,0.1467573068242659,0.9451689995479283,0.9765837058865925,0.9239759423528264,0.8858525408230951,0.9575094353013818,0.9591194968553456,0.9661972965770262,0.9501049319099923,0.89455712136231,0.9288357786952526,0.9591194968553456,0.16013546202225548,0.9515133476881703,0.7667375428754117,0.12705000336722982,0.842500379210168,0.8849118467483819,0.8990962871160679,0.9197987094973854,0.9038960691476476,0.8583244595873938,0.9923551296406041,0.8114042753167636,0.9643133649175286,0.9157186269856044,0.6836583097511209,0.8933957590212613,0.9591194968553456,0.937345301619732,0.9058327972212656,0.9229213960709446,0.7500848507922816,0.8971901564492131,0.8898606214266385,0.957509435301382,0.9409669977890662,0.8539453617971722,0.6390890551532901,0.9250379219402802,0.8754988991654495,0.6306371608045291,0.9338549253147788,0.927891976022363,0.9304741538905168,0.27196612847404966,0.9361684345174046,0.8583244595873937,0.7563749039071171,0.927714695159251,0.9625131050152522,0.883971315382519,0.9282725629505151,0.8981423730059304,0.9208331242859091,0.9000520303703363,0.9361684345174044,0.9529545363721537,0.8736104662007034,0.7223065022143652,0.8726649773302662,0.9541290792408026,0.9473756291574582,0.9828201226319815,0.9515133476881703,0.9137092609592146,0.7757290823197933,0.8425856863408148,0.9595131865896311,0.9544316996038,0.9559485503920395,0.9515133476881705,0.9107280314569577,0.7555641089284795,0.9029316112204657,0.9529545363721539,0.9544316996038,0.6890295429509583,0.842585686340815,0.9643133649175286,0.9544316996038,0.8830333887596135,0.9239759423528264,0.9368506101299683,0.906100043689203,0.9147116017278332,0.9529545363721539,0.9544316996038,0.9050457185079468,0.9544316996038,0.7895060614998268,0.888278639033526,0.8524700617069338,0.9544316996038,0.7064804985396791,0.9544316996038,0.7676021291943427,0.960900739115506,0.9250379219402802,0.6695884694199902,0.957509435301382,0.8258426771468561,0.9515133476881701,0.41034420891855095,0.994086760546023,0.9157186269856044,0.813682608787891,0.9271857963192041,0.9591194968553456,0.9515258611582155,0.9019695505324468,0.9554518077232719,0.9077810309891678,0.5094807987830572,0.9239759423528264,0.9501049319099923,0.9356856974167589,0.9515133476881705,0.9544316996038,0.9554518077232719,0.9544316996038,0.8605749232360949,0.9239759423528264,0.9591194968553456,0.9350052413014638,0.825842677146856,0.9559485503920393,0.9229213960709446,0.3368358499862102,0.9038960691476476,0.9460501530640815,0.8754988991654495,0.9575094353013818,0.8849118467483819,0.8849118467483819,0.893511004325708,0.9529545363721537,0.9607848936032954,0.8465237589272379,0.966197296577026,0.8504989784061949,0.7590880973527834,0.9397435965156073,0.883971315382519,0.9243815265814346,0.9591194968553456,0.8641031766521008,0.7751707543509228,0.8258426771468563,0.08301287652694123,0.8788191408694401,0.9229213960709446,0.9409669977890662,0.9117176971980809,0.08301287652694123,0.8669692234537123,0.8649308193595577,0.9607848936032954,0.908759893665108,0.9304741538905166,0.957509435301382,0.9271857963192043,0.8583786401591236,0.2940426306563939,0.9575094353013818,0.957509435301382,0.8050940143255407,0.9625131050152524,0.8050940143255407,0.8698224617128838,0.6408633519402385,0.893511004325708,0.9625131050152524,0.9544316996038,0.9373453016197317,0.9515133476881705,0.9591194968553458,0.853945361797172,0.9087598936651085,0.957509435301382,0.937345301619732,0.9250379219402802,0.8167498933030726,0.9637319104506126,0.8962395095530544,0.888278639033526,0.7805867564015283,0.8524700617069341,0.9221821648495907,0.9643133649175286,0.9137092609592146,0.9643133649175286,0.5361410951751719,0.9239759423528264,0.9637319104506126,0.957509435301382,0.9544316996038,0.9591194968553454,0.9127113681766137,0.9385367079941818,0.08301287652694123,0.9607848936032954,0.9529545363721539,0.9544316996038,0.3968105313125939,0.9625131050152522,0.966197296577026,0.5356550924233242,0.7421009311387936,0.9409669977890662,0.9591194968553456,0.8830333887596133,0.7659316577663344,0.943467974097185,0.9487265052554266,0.8903723822424179,0.9575094353013818,0.9271857963192043,0.7895060614998269,0.9473756291574582,0.9197987094973852,0.9661972965770262,0.820837564201812,0.9271857963192041,0.8319518115156923,0.31439732349195837,0.9529545363721537,0.9293685115305117,0.8971901564492131,0.8583786401591236,0.8594783932788337,0.7804362199469097,0.9544316996038,0.8688726774726097,0.9261077324693099,0.9282725629505149,0.4949966331482424,0.9643133649175284,0.89455712136231,0.9544316996038,0.9544316996038,0.9373453016197317,0.95678955450748,0.9428163151462237,0.9544316996038,0.9643133649175286,0.9544316996038,0.9304741538905167,0.63908905515329,0.8114042753167634,0.9730533608234009,0.9315900378678903,0.9447481688519044,0.7608239662234484,0.7938826026075032,0.9544316996038,0.6542195773381952,0.9250379219402802,0.8307423459823844,0.8331553590532288,0.4536489449630171,0.8830308532373587,0.9575094353013818,0.848318897532643,0.9544316996038,0.8064521668392981,0.9385367079941815,0.711154440126173,0.8475218860027951,0.9559485503920393,0.7625429349628963,0.9487265052554266,0.9544316996038,0.9068053912485843,0.8247446089328486,0.9544316996038,0.9315900378678903,0.8159378637269961,0.711449816774324,0.7850261562127575,0.853945361797172,0.9544316996038,0.8331553590532288,0.9050457185079468,0.9607848936032954,0.7604422708501075,0.7850261562127576,0.9609007391155058,0.9177477332861093,0.9068053912485843,0.11516900984745693,0.9087598936651085,0.8981423730059304,0.9422080421889416,0.867921623788791,0.8867934927338035,0.6836966627594753,0.9422080421889416,0.08006773101112774,0.9385367079941818,0.9544316996038,0.9625131050152524,0.9117176971980809,0.863846179185418,0.9460501530640812,0.47778404797553353,0.9515133476881703,0.8818837573472099,0.9559485503920393,0.9515133476881703,0.991511387719873,0.9544316996038,0.9473756291574582,0.6605320029678452,0.9137092609592146,0.9625131050152524,0.862184347348063,0.9643133649175286,0.9473756291574582,0.9989330715481036,0.8336974907151966,0.9447481688519044,0.9643133649175286,0.8350509347173096,0.9250379219402802,0.9427946840319121,0.9397435965156076,0.9447481688519046,0.6171437968101472,0.957509435301382,0.9759742607288064,0.9097421633544904,0.6666221846494469,0.9409669977890662,0.9097421633544904,0.9460501530640812,0.9327167510955894,0.8893257159297718,0.8270771330414151,0.9581430783864289,0.9501049319099923,0.8332455615339118,0.6622198676465979,0.9304741538905168,0.9987774230311344,0.9422080421889416,0.7819788560316003,0.9460501530640815,0.760442270850108,0.9987774230311344,0.5094807987830574,0.7792473655810663,0.957509435301382,0.89455712136231,0.7757290823197932,0.9261077324693097,0.951525861158216,0.9625131050152524,0.8211183544415496,0.9029316112204657,0.9607848936032954,0.9250379219402802,0.9501049319099923,0.9501049319099926,0.9591194968553456,0.9625131050152524,0.9327167510955894,0.7708970129778696,0.9218739081138492,0.27196612847404966,0.9529545363721539,0.8414864259682342,0.960900739115506,0.9501049319099923,0.9210886546555856,0.9544316996038,0.12394457825310956,0.9544316996038,0.9544316996038,0.8692431301086105,0.9422080421889416,0.9271857963192041,0.9544316996038,0.829030356996278,0.8544309354723385,0.9239759423528265,0.9358593744118062,0.6919182993082406,0.7967459576737135,0.9137092609592146,0.9554518077232719,0.8563822015167812,0.9487265052554263,0.8981423730059303,0.9607848936032954,0.9261077324693099,0.8630614034554602,0.8707710541962024,0.4962382389721034,0.9487265052554266,0.9515133476881703,0.850706776411942,0.9607848936032954,0.6431660007091019,0.11516900984745693,0.9107280314569579,0.9447481688519044,0.9397435965156078,0.9422080421889416,0.897696790190678,0.45364894496301733,0.9157186269856046,0.9422080421889416,0.9282725629505149,0.957509435301382,0.9447481688519046,0.9559485503920393,0.5630800747977556,0.8717185331373514,0.8893257159297718,0.9591194968553456,0.8717185331373514,0.9501049319099926,0.7934886331492647,0.6657888880247789,0.9529545363721539,0.8307423459823844,0.9338549253147788,0.9381728330554157,0.7967459576737135,0.862184347348063,0.9554518077232719,0.7995678811777467,0.9447481688519046,0.9609007391155058,0.8943424304056793,0.9544316996038,0.08006773101112774,0.9250379219402804,0.9544316996038,0.9103339493566889,0.9447481688519044,0.9515133476881703,0.48721666860616075,0.7949546003349713,0.9422080421889416,0.8561690587937523,0.9643133649175286,0.8104734860907531,0.9460501530640812,0.9156748294160988,0.9515133476881703,0.9487265052554263,0.8724525586652854,0.9239759423528264,0.9409669977890662,0.8233538626834316,0.8924501786702492,0.8225538587803667,0.9124629060455847,0.9759742607288062,0.8485170805722069,0.7413155487309184,0.9846299338167082,0.9643133649175286,0.943467974097185,0.9559485503920393,0.7172704758475096,0.9127113681766137,0.9038960691476481,0.9529545363721537,0.8078013427639643,0.7464300233487045,0.9661972965770262,0.9288357786952526,0.957509435301382,0.9261077324693099,0.5500833737992555,0.996566586696046,0.9541290792408026,0.4962382389721034,0.943467974097185,0.9087598936651081,0.9460501530640812,0.9529545363721537,0.16013546202225548,0.9661972965770262,0.9544316996038,0.9271857963192043,0.8792678792793369,0.7953195658982098,0.9776317763878943,0.9544316996038,0.8952903079111569,0.8425003792101684,0.9595131865896311,0.9304741538905168,0.5693272164615989,0.9029316112204655,0.9310944809913066,0.8079415948250699,0.9350052413014638,0.9157186269856044,0.8660153996906965,0.9019695505324468,0.12394457825310956,0.5744033572634895,0.9361684345174046,0.957509435301382,0.9711878805915029,0.966197296577026,0.9883880331853732,0.9515133476881705,0.9381728330554158,0.9473756291574582,0.9361684345174044,0.9544316996038,0.8583244595873937,0.6442993220464239,0.9625131050152524,0.9544316996038,0.9447481688519046,0.8233538626834314,0.853945361797172,0.9529545363721537,0.9591194968553456,0.9501049319099923,0.9529545363721537,0.9529545363721537,0.9271857963192043,0.9544316996038,0.9501049319099923,0.960900739115506,0.9544316996038,0.9409669977890662,0.9019695505324468,0.9625131050152522,0.11516900984745693,0.9607848936032954,0.9559485503920393,0.9529545363721537,0.8078013427639641,0.9071558877260777,0.9422080421889416,0.8903723822424177,0.9544316996038,0.960900739115506,0.9575094353013818,0.9409669977890662,0.846039188302693,0.5475452235263729,0.9625131050152522,0.9559485503920393,0.943467974097185,0.9239759423528264,0.996557344576431,0.24790396509541268,0.9239759423528264,0.9293685115305117,0.9327167510955894,0.7830122900340044,0.9460501530640812,0.9625131050152524,0.9373453016197317,0.11516900984745693,0.9167305843279032,0.8583244595873938,0.9544316996038,0.9544316996038,0.6509751574289443,0.9643133649175286,0.8544309354723385,0.24753389216486277,0.9460501530640812,0.8745818404295129,0.9515133476881703,0.8437415278800487,0.8379129021788128,0.9544316996038,0.9544316996038,0.9229213960709446,0.7625429349628963,0.9127113681766137,0.8572755626114623,0.8612222667022569,0.8660127357937746,0.7482956255273316,0.8517067209994398,0.9397435965156076,0.8638461791854182,0.9544316996038,0.9107280314569579,0.08006773101112774,0.966197296577026,0.8485170805722069,0.08301287652694123,0.8485170805722067,0.9544316996038,0.9544316996038,0.8283051395552838,0.9730533608234009,0.8355452102620711,0.38243605452529905,0.906100043689203,0.90974216335449,0.9350052413014638,0.6306371608045284,0.8840841025109965,0.8997921725028666,0.9544316996038,0.9239759423528264,0.868168792629068,0.22153181872290717,0.9625131050152524,0.8981423730059304,0.859478393278834,0.9197987094973854,0.9261077324693097,0.9559485503920393,0.7111544401261729,0.9544316996038,0.8767037709308809,0.9743490353345141,0.90974216335449,0.678191970858957,0.8792678792793369,0.9473756291574582,0.9147116017278332,0.7563749039071174,0.9607848936032954,0.8820903683689054,0.8764420057712254,0.9501049319099923,0.9448229719109481,0.9304741538905168,0.9385367079941813,0.8638461791854182,0.9591194968553456,0.9529545363721537,0.7063997170207922,0.9903434298372484,0.9239759423528264,0.9793236882044447,0.9661972965770262,0.9239759423528264,0.9661972965770262,0.966197296577026,0.6171437968101474,0.9282725629505149,0.9068053912485845,0.9544316996038,0.9643133649175286,0.38243605452529905,0.9447481688519044,0.7608239662234484,0.9487265052554266,0.9529545363721539,0.9361684345174044,0.9048630781107279,0.9559485503920395,0.8233538626834316,0.9261077324693099,0.8414864259682342,0.8214805068326567,0.9544316996038,0.9029316112204655,0.9544316996038,0.842585686340815,0.9643133649175284,0.9397435965156076,0.940966997789066,0.7522076383746092,0.9544316996038,0.856169058793752,0.7967459576737135,0.9409669977890662,0.8572755626114623,0.8767037709308809,0.863846179185418,0.0,0.8404690714821104,0.7720943320371615,0.8258229735464784,0.8009638285360556,0.9422080421889416,0.775809895875169,0.9661972965770262,0.9422080421889416,0.9730533608234009,0.5934300756175979,0.9373453016197315,0.8554077319402789,0.9127113681766137,0.7909760777353677,0.9544316996038,0.9529545363721537,0.8583244595873938,0.9103339493566891,0.6431660007091011,0.8307423459823844,0.8091417233107605,0.9544316996038,0.8414250190028507,0.7016744316202441,0.9304741538905168,0.9544316996038,0.8893257159297718,0.9487265052554266,0.08301287652694123,0.9422080421889416,0.9529545363721537,0.862184347348063,0.9385367079941817,0.5978954266207865,0.9361684345174044,0.9177477332861093,0.9422080421889416,0.7880245640829149,0.9544316996038,0.9350052413014638,0.9544316996038,0.9625131050152524,0.8504989784061951,0.8962395095530544,0.966197296577026,0.9864847804128756,0.8539453617971722,0.9147116017278332,0.5131662731762368,0.9544316996038,0.8819816371479938,0.839448235830589,0.7286633265632599,0.9327167510955894,0.9239759423528264,0.9591194968553458,0.9327167510955894,0.9828201226319815,0.9250379219402802,0.9038960691476479,0.8091417233107607,0.9250379219402802,0.9304741538905168,0.9591194968553458,0.6408633519402386,0.9250379219402802,0.966197296577026,0.9385367079941815,0.9559485503920393,0.6408633519402386,0.9529545363721539,0.9828201226319815,0.940966997789066,0.902931611220466,0.556692737021734,0.9422080421889416,0.922921396070945,0.9373453016197317,0.9529545363721539,0.9447481688519046,0.8311464231994985,0.5131662731762373,0.9117176971980809,0.8830333887596133,0.9208331242859089,0.9177477332861095,0.9923551296406039,0.9559485503920393,0.19244580608505335,0.9117176971980809,0.9048630781107276,0.4777840479755341,0.9350052413014638,0.9107280314569577,0.1601354620222556,0.04073816660369156,0.8867934927338035,0.933854925314779,0.8802089698693754,0.9261077324693099,0.44432505625098473,0.9018904991002987,0.943467974097185,0.9315900378678903,0.2479039650954128,0.8534517371065096,0.8905618443793009,0.5692582912466633,0.9107280314569575,0.8650600761076828,0.9607848936032954,0.9271857963192043,0.888676559370384,0.9385367079941811,0.9830316367629124,0.487216668606161,0.9097421633544904,0.8849118467483819,0.7845489569349895,0.36712679555941397,0.86025830850666,0.9529545363721539,0.9333770200885274,0.840469071482111,0.957509435301382,0.22153181872290717,0.8981423730059304,0.9350052413014638,0.9575094353013818,0.9502440628915494,0.9124629060455849,0.8756436752646826,0.9515133476881703,0.29404263065639447,0.9144538550233172,0.9409669977890662,0.9127113681766137,0.9575094353013818,0.8736104662007036,0.3653078993061143,0.12394457825310956,0.9038960691476481,0.9965665866960463,0.9559485503920393,0.9643133649175284,0.8971901564492131,0.9625131050152524,0.8692431301086105,0.12394457825310956
p307_S,0.8696163520604373,0.7946401316668192,0.6530500820588989,0.8701102736823141,0.7433271986454171,0.868089278539445,0.9975488462872659,0.9729118920276385,0.4763057734772552,0.8970334570250009,0.8393503898285481,0.789540286743426,0.7332476280865163,0.7690917130358055,0.9323119109948864,0.9706392054913746,0.9121267198599361,0.8047993530669149,0.992355755240514,0.969625418100027,0.7617310801958079,0.8088195217746124,0.9390547832304017,0.8579639412160383,0.7793910081937734,0.6147249152447196,0.8052908861542936,0.6063514829582327,0.9333294375625141,0.8222135191870945,0.6819282361538387,0.8077125695029684,0.8781352288783886,0.7384612754136961,0.8012601664247331,0.8537121927533957,0.887833023463491,0.8520607368025939,0.868089278539445,0.7994460081487622,0.6477803505714199,0.8946691478784728,0.9826888816980897,0.7320252826506687,0.8587088030071146,0.5328587366681312,0.8341860124462195,0.4908520239374302,0.755498062897018,0.5666974610516493,0.8404690714821108,0.5137801117869722,0.6370509049250415,0.7211048207338628,0.8089708662120818,0.7725459839342217,0.7725459839342221,0.7143607147557588,0.7223414639837644,0.8381840243077952,0.5066805277937383,0.7884277882747646,0.8717773221078804,0.7813061389303146,0.8469680690265142,0.5894130781413143,0.8404690714821108,0.7375922348735937,0.9273829393236057,0.9576948646187342,0.7243696610517016,0.755498062897018,0.995974446347661,0.39822470633514195,0.7143607147557588,0.6179758683436098,0.7843868042871203,0.814409010388234,0.5309824968788404,0.8680892785394452,0.8892331487091776,0.8158166410117749,0.8797036508690407,0.983407270509489,0.7143607147557588,0.7501853857899567,0.8821176742370869,0.7550144328354782,0.9996589478236793,0.7332476280865157,0.7143607147557588,0.6530500820588985,0.5771684953318954,0.7163292418317184,0.7535639732692064,0.8103204087980009,0.6451658392795729,0.6217856716593948,0.34387595652766767,0.41326957529595165,0.7941864781330645,0.8341860124462197,0.8221755430097129,0.737310244569346,0.8062589548521943,0.8537121927533953,0.7103397818370576,0.3975342978049363,0.6935503703059177,0.5152739527455139,0.6096878830484198,0.8783483517815176,0.4305245401681389,0.6830116782163251,0.8650546456747354,0.4778021607715838,0.8201272394352039,0.8883730833751755,0.8680892785394445,0.28448155667042785,0.9907325410250023,0.6295522540952878,0.7793910081937736,0.7374357371913984,0.8047993530669153,0.522260688091464,0.8579639412160378,0.9292476523650604,0.8727037613151145,0.9383519435605555,0.2989927588578105,0.8341860124462197,0.8404690714821108,0.8645116474237172,0.8052908861542938,0.4850692422877556,0.9163860758426928,0.840469071482111,0.8404690714821106,0.7234643607224284,0.4416149394844542,0.8607374764874873,0.397186386295167,0.6520403675470627,0.6528846513341535,0.4972680768066784,0.6539643849177246,0.349878746936681,0.9588402929666442,0.5006854100576583,0.8607374764874878,0.5416684740762066,0.6599949827649656,0.9642406618901317,0.9044360458484602,0.629230703578563,0.6325245498552929,0.8112030654205002,0.6903030827181165,0.8755882789650342,0.7646340333805872,0.8650546456747354,0.8158166410117746,0.5144071962575353,0.6401272826510156,0.7265306016045419,0.8596724085529244,0.7145432447508671,0.8469937143313191,0.6893519288239107,0.9105176979409177,0.8164111026582042,0.7513631436912485,0.8833791584380823,0.749614399040657,0.7807043059267542,0.9230339739969549,0.8339548807406937,0.9172609034695032,0.9581445803418775,0.947257083159226,0.7019109063318696,0.8807484549284339,0.9021256040572457,0.7329911016394042,0.5427276430427224,0.3258142974631133,0.9773772710355255,0.7975661440390183,0.8148954182515795,0.8929779761790178,0.7516442648566323,0.5563146518449913,0.5402347079723018,0.7585726002744593,0.7143607147557588,0.9475711879583975,0.9751689039858511,0.7262497812031135,0.6852380838015888,0.6144680196367174,0.9302719333857007,0.7143607147557588,0.5969789168193165,0.4405900449104785,0.860737476487488,0.7143607147557588,0.6996774801831198,0.5988888009854957,0.5006779232972458,0.47056100421800107,0.684521885155276,0.8164111026582046,0.7143607147557588,0.906436575549191,0.7143607147557587,0.5982025775724031,0.5145299570639201,0.5808561734580209,0.7143607147557588,0.7646212748615409,0.7143607147557588,0.7448854778667275,0.7779840249082339,0.7455911134741768,0.5949834315675442,0.8341860124462195,0.4713501525342698,0.723464360722428,0.8450087843924665,0.8088195217746128,0.8110545196981593,0.45544347433194643,0.7548295251739352,0.8404690714821106,0.9850237314416195,0.8919427717866619,0.7105859897539466,0.8375874889378179,0.8440566261785958,0.5234525470799275,0.954328488008011,0.629552254095288,0.7782583125936504,0.7143607147557588,0.913810227923515,0.7143607147557588,0.6226277473533679,0.7033258503879967,0.8077125695029685,0.938282675520304,0.4589232581722815,0.9475711879583981,0.5915038846792396,0.8033482182619691,0.624966716558145,0.864291769268863,0.3448156043431192,0.9576605453602833,0.5797852619373245,0.9866841044042475,0.628799211100168,0.7332476280865157,0.9203711802742951,0.5558853977273563,0.868089278539445,0.4527526106409123,0.9725944412560882,0.781177897708468,0.7188233081304181,0.605815629509536,0.999613492602016,0.6714943383277038,0.7973912260366627,0.571778981592634,0.8537121927533953,0.34756661324756,0.7781579627730697,0.7927239547143874,0.9887398181624789,0.8537121927533953,0.8832149351472717,0.48630789918642603,0.8469680690265142,0.677089319371313,0.8094991372944089,0.8341860124462197,0.7158518944499066,0.3676463037266332,0.8107870483721842,0.8341860124462197,0.8341860124462197,0.33227218168730854,0.8883730833751751,0.554885897082007,0.4023903725287499,0.614175002540928,0.8797309443964543,0.9230339739969549,0.880108510789029,0.7994460081487622,0.865581000243407,0.840469071482111,0.426685496096044,0.8092073482362905,0.8959232789032516,0.7554980628970187,0.8160171135242178,0.5941061789380282,0.9398253938962522,0.6860695754870201,0.9609656379923923,0.7217330466429939,0.557993066207543,0.5980903508943367,0.8607374764874878,0.5967663634557335,0.860737476487488,0.8912512327080351,0.7686203722730277,0.7368920964859569,0.9497335549541691,0.7143607147557588,0.7437455951366179,0.761804687343383,0.7601473737062716,0.8537121927533953,0.986845680474064,0.9008500906435697,0.7143607147557588,0.7793910081937734,0.938322463515927,0.8680892785394447,0.7051515605149417,0.4581925884986233,0.7696312684169999,0.9036630310524925,0.6087051598254645,0.4397803165364653,0.8273054283301651,0.678598405833112,0.5092899049044444,0.9576605453602836,0.6994836446896654,0.5557414561176073,0.6701306051970921,0.6785363410517649,0.8680892785394452,0.47765188801209546,0.7548295251739354,0.4350831436107646,0.8052908861542929,0.7332476280865157,0.9438731746367313,0.5987977509865694,0.44310018745644,0.31184918466302103,0.40362269093851033,0.7143607147557588,0.3277413856672845,0.9993013807106688,0.7989600786246032,0.8658068781742836,0.8488946792124082,0.6360887785730507,0.7143607147557588,0.7143607147557588,0.9368663203407721,0.9237308219687418,0.6035373035602911,0.7143607147557587,0.860737476487488,0.8221755430097129,0.728684288777202,0.640127282651016,0.42813446202775063,0.851142026899371,0.7330388831029797,0.8332522392621036,0.451643387905011,0.4671252155566873,0.7143607147557588,0.5990495588266296,0.7455911134741768,0.4398920727073323,0.4178244437500013,0.8148954182515795,0.7442090705039974,0.8341860124462195,0.3652403668036447,0.7143607147557588,0.3279217434564381,0.7601473737062716,0.6362348273976923,0.805601311161853,0.9774402702058511,0.42180431988862854,0.8520607368025939,0.7143607147557588,0.7590113753264002,0.39098711716794843,0.7143607147557588,0.8967519534001798,0.5825687199714003,0.5132278024121044,0.39135069163901104,0.33896379593455295,0.7143607147557588,0.8155286354172053,0.6828274364770989,0.8802053191263985,0.8597107656371847,0.7208283584999152,0.742696011580323,0.537809688131932,0.6690047654554787,0.8650546456747357,0.8257784234747548,0.37698020984333025,0.8920317838114342,0.3756187049302502,0.689397680143877,0.5616043630553582,0.7082727211273419,0.8724525586652854,0.7824733633865937,0.7143607147557588,0.8537121927533957,0.7401968954215561,0.706674813202282,0.76158753912642,0.8529864984732081,0.7508613366580397,0.7323951196578926,0.8878330234634917,0.7508613366580397,0.8393503898285484,0.8221755430097131,0.7946401316668188,0.6511731601562343,0.6976787523846166,0.799678901028809,0.33636073549978174,0.969625418100027,0.8230532518074045,0.9155432835209181,0.6698528454559757,0.8088195217746119,0.8970334570250009,0.5993688820829579,0.644472506697502,0.9170148906754847,0.8492726478104707,0.8576849567495959,0.6935130905574667,0.9806021881826849,0.7743183405359491,0.7646154153854527,0.9137343252771425,0.8850946999039366,0.7513536018135535,0.9889986664704351,0.5989802323460158,0.6895797597757172,0.7027148340327987,0.7886155113525881,0.9388356782863467,0.6888174544870573,0.6174487243650801,0.8874451807660653,0.9994418686091268,0.7788072202557935,0.3995453430569529,0.9640572870301207,0.4943946562256236,0.9774654450934859,0.7221849138643885,0.664008423575446,0.8959232789032514,0.8579112940437776,0.8118341824918938,0.788725883251399,0.8514979430827248,0.9729833541377065,0.8840616818498419,0.6622385782217859,0.9466798193261674,0.8027726490830818,0.8052908861542936,0.8052908861542933,0.9036630310524922,0.8883730833751755,0.7789097390953104,0.4278284569975742,0.6951229309490201,0.8164111026582044,0.8164111026582044,0.36464421978905737,0.8691358418126565,0.7673657790231349,0.5942362830592721,0.7143607147557588,0.8469680690265147,0.7143607147557588,0.7143607147557588,0.28605368994481717,0.8493417193842445,0.7158518944499068,0.7143607147557588,0.20551206368049812,0.25784657448581716,0.9006338166077716,0.6067025050949262,0.5839906009203111,0.35798817796601545,0.7320960638070384,0.9496065785046526,0.20502521471250512,0.8520607368025936,0.8962957236149202,0.8206594299746426,0.5753559086348037,0.6214865590405863,0.2720914485033896,0.7374357371913984,0.9393433265910528,0.9477719280502399,0.7061791072998558,0.8802053191263988,0.685347161433139,0.8650546456747357,0.8365829553034734,0.9309831092120704,0.9237448518495193,0.8450087843924665,0.5373028363981355,0.7739671506772796,0.47169258151127236,0.7552957205463093,0.8461374468406961,0.7953903888115897,0.7025261284755546,0.8280948589685853,0.9978571435143304,0.3606899649679439,0.4790283263449022,0.8396960566861434,0.6916723215003109,0.9276195295816008,0.8403851473964052,0.6451658392795729,0.8164111026582048,0.5144479938603644,0.7418773163314569,0.9062891462589933,0.3579881779660157,0.363059562184628,0.9479560263164732,0.41219685563465536,0.7843868042871207,0.9397118684684782,0.746355544514105,0.7143607147557588,0.8724525586652854,0.7207145541760414,0.946092585873023,0.5558955434251316,0.7513915634505373,0.8330522644648721,0.7839238755314017,0.4347513345089007,0.7744742852640156,0.32822378688044307,0.8970334570250014,0.31475203839119814,0.9611185746489358,0.589113359375271,0.7508613366580396,0.9563587051057705,0.7665585919407133,0.8353392947227405,0.7696312684169999,0.6920646768759248,0.6405098719034776,0.5640005987422931,0.6938044782916712,0.7353407098119213,0.3741233204260511,0.541980494662704,0.8892982456733957,0.860737476487488,0.851262638398361,0.7537379895670708,0.5145299570639206,0.7772270343516821,0.5097506052128963,0.7051012987580607,0.37350261700691434,0.4829114978436846,0.9062891462589933,0.826915572945919,0.8879962884971375,0.8272663807128411,0.7074700897349069,0.8102536016795145,0.8418456278275432,0.7789097390953104,0.8133364206468969,0.9583470253824704,0.7894676309479192,0.9584182627141558,0.8404690714821106,0.8680892785394452,0.7143607147557588,0.8912512327080353,0.5429725672867041,0.55628101305115,0.7792432744837863,0.7143607147557587,0.5262074887325154,0.423823237048472,0.7690901249122406,0.9480563171539704,0.6804700966734054,0.6530500820588985,0.7383562932953539,0.9905276192566023,0.7676903214261124,0.846042465980626,0.2006109581383697,0.7124052089808717,0.8469680690265144,0.7105859897539457,0.7725459839342219,0.8959232789032516,0.7033258503879969,0.9826888816980899,0.9977451916943743,0.8107870483721851,0.906289146258993,0.7946401316668192,0.7725459839342221,0.8511420268993708,0.7776216281449457,0.6103824934510684,0.7650180104070297,0.7433271986454173,0.9468533033504714,0.3191625111903078,0.3890904817411194,0.7332476280865157,0.840469071482111,0.7673657790231347,0.7332476280865157,0.7332476280865157,0.7384612754136932,0.7143607147557588,0.885417761433525,0.9720680982117444,0.7143607147557588,0.8158166410117746,0.8706660166738589,0.9036615728941472,0.8650546456747357,0.9799170694260517,0.9030834008043362,0.7051012987580607,0.37350261700691423,0.4635901001053987,0.6612497217083744,0.527898237377821,0.7143607147557588,0.727983788501013,0.8341860124462197,0.7696312684170001,0.5002709404479566,0.7324189654618365,0.8537121927533957,0.8280948589685848,0.8852080508514847,0.9862118025338764,0.9810368911242678,0.8221755430097122,0.8817747531313798,0.7243696610517016,0.8411207419511779,0.3825113018186801,0.864291769268863,0.9576948646187342,0.755498062897018,0.8341860124462195,0.7632718018289237,0.2837802905034712,0.7143607147557588,0.8801085107890287,0.6482266457449082,0.860737476487488,0.5105484502382598,0.8319998445807038,0.7894676309479194,0.4100014990849099,0.7508613366580397,0.3607960536613519,0.41070479098047374,0.7143607147557588,0.7143607147557588,0.8528195940106036,0.7325326707751614,0.659367292164508,0.39567989720923125,0.32982566463060337,0.4927284352885195,0.4790283263449022,0.3871077264777313,0.7648571016115122,0.46647662312795213,0.7143607147557588,0.9206535828983604,0.8724525586652854,0.868089278539445,0.4347513345089007,0.8537121927533953,0.36117630580577886,0.7143607147557588,0.7143607147557588,0.44944752373267005,0.9090749946786869,0.42052508629548735,0.7843868042871207,0.5405996425314814,0.6477803505714199,0.9596067197820779,0.6978525212060052,0.4076176312024842,0.49063456901213787,0.7143607147557587,0.7033258503879964,0.3808147196493722,0.8280948589685846,0.9036615728941474,0.7326111360233353,0.9077014629000912,0.9951807833070792,0.7116448883285145,0.7238689073196174,0.5620703288852722,0.7143607147557588,0.2696585008209954,0.7501853857899567,0.6178278134546586,0.5980903508943367,0.5712009830784752,0.8230532518074042,0.5694737937639868,0.5699452568087462,0.8206594299746419,0.7463002984515419,0.4070119729913183,0.9810374464344215,0.8970334570250009,0.8874451807660653,0.6817028842856856,0.3400565230888315,0.9364195330316349,0.7051012987580607,0.4933405766181679,0.9889509259226457,0.8541983581991324,0.9363976361350711,0.826311779704169,0.7599030408171725,0.8645116474237173,0.9027115151432653,0.6935130905574665,0.6292526012917128,0.48119064370616826,0.7722936825350752,0.860737476487488,0.8088195217746124,0.7269588459630458,0.542441806415987,0.878135228878389,0.7051012987580614,0.9894085798785123,0.435899700365314,0.8280948589685844,0.31352954796243115,0.7487881472112938,0.3774394718728866,0.4319365563615125,0.7143607147557588,0.6530500820588987,0.9171261019833651,0.36585654761411146,0.8970334570250009,0.7357813976404657,0.6761442604457049,0.6599949827649656,0.7143607147557588,0.2026971263054328,0.35798817796601545,0.9081873862013243,0.3228016485214408,0.436794567989386,0.35269853309274346,0.8404690714821104,0.0,0.7559308666374858,0.9258691564128902,0.5331857734176995,0.7744742852640154,0.6894235497856787,0.8680892785394452,0.8685202841019504,0.8511420268993708,0.6936603946097775,0.755498062897018,0.19868484496577965,0.9666794777011316,0.38740578837359996,0.888159618093707,0.7332476280865157,0.3895378207966069,0.5280654459002772,0.9304831010980479,0.489596020142687,0.5188473882716134,0.7143607147557588,0.33353772669441917,0.5355209091409128,0.7690917130358055,0.7143607147557588,0.46821450650102403,0.9563587051057705,0.8537121927533953,0.8258302196747608,0.7051012987580607,0.6624332638184856,0.7263548636463288,0.656582299841582,0.8374674665307491,0.963809880176008,0.8920317838114342,0.3957424765199624,0.7143607147557588,0.9124490146472785,0.7143607147557588,0.8883730833751753,0.6115320942517706,0.34959013019654117,0.868089278539445,0.9310868327312085,0.7336925166439658,0.5694737937639864,0.7488880009065038,0.7143607147557588,0.9516812904514313,0.49113488937755545,0.7065115954615393,0.8203837409992221,0.9949291339897316,0.8724525586652856,0.9307722475773074,0.9786084885487796,0.8731986491331227,0.4296318387102157,0.33164241082224044,0.8731986491331227,0.728684288777202,0.840469071482111,0.6295522540952874,0.8731986491331227,0.868089278539445,0.983407270509489,0.8134761540619773,0.6449295056496469,0.8164111026582046,0.9172160871873298,0.7927239547143874,0.5826209805800051,0.722184913864389,0.8963647188032121,0.5355076612510896,0.9148923477148999,0.7895402867434258,0.9798485441870535,0.5603194746033,0.728684288777202,0.7063139846195607,0.7386656174792585,0.6684494001109818,0.6790210620662587,0.7994460081487622,0.9774402702058513,0.8650546456747352,0.7176765317465144,0.9835320520576505,0.8271528376001824,0.7463662771643387,0.6589932791272042,0.8404690714821101,0.8469680690265147,0.9170875860094868,0.6274242956693724,0.7733703372804221,0.7295178984805729,0.7581727381433545,0.999795029448142,0.8991770585347527,0.6325729694953697,0.8221755430097122,0.565140827656621,0.7064997723566819,0.7875183803684251,0.49085202393743,0.9847154353341612,0.8469680690265142,0.793807155897964,0.8903607666018098,0.6370509049250415,0.9388356782863467,0.762900595931429,0.8981412037443475,0.9144289987945095,0.8571759085821602,0.7894676309479194,0.8944585865073991,0.9571427493004796,0.8652348037411466,0.9140419947506562,0.8650546456747357,0.8579639412160376,0.5316023516607247,0.5925883507206688,0.8959232789032514,0.8925132974713501,0.6237431498764514,0.9540866752345054,0.8655810002434068,0.8381840243077954,0.5884876164075286,0.8850946999039366,0.6593672921645084,0.8650546456747354,0.45654460380594397,0.8389093273091619,0.880205319126399,0.445655592010752,0.9237448518495195,0.8878330234634915,0.8607374764874878,0.6938486775129113,0.853712192753395,0.9506509979483821,0.8469680690265147
p308_L,0.6622726434743725,0.8744831409853469,0.8530398312450815,0.9534956790158267,0.7622165788456621,0.8852493927538767,0.9338205879732374,0.879165892023841,0.8505534249810687,0.8788539781850342,0.7672211986747091,0.8956859069607283,0.7783436306786584,0.8482088784292232,0.8977738227354861,0.9875560974609419,0.9419702363716831,0.8378881427506739,0.9466304752226787,0.8788539781850342,0.8519383140160721,0.9074487775611979,0.9018323002478252,0.8504578012789958,0.8173684566621491,0.8146188345331853,0.886295303731182,0.8770237412535942,0.9545130974694751,0.9202231254166114,0.793205601982611,0.8054291866972147,0.853117195359284,0.7731286525742262,0.822597332510477,0.9449933732356441,0.775968857010421,0.9074695803073851,0.8852493927538769,0.8789147099104677,0.7283920813520781,0.8664184631162986,0.9156811575686242,0.8029791037195646,0.8910049657068133,0.5912121828292618,0.7259957902854574,0.9247661785971237,0.9378659482854855,0.8150337555315947,0.9945616853424688,0.6961790595213968,0.7913495263156973,0.7270570092654527,0.9566494573223596,0.7833099084134094,0.828419606724832,0.6716454483484393,0.9979823788230575,0.7933892545030731,0.7868211185392324,0.7961215835544415,0.8378881427506739,0.7979758437920643,0.9015174087358588,0.946170168397167,0.9612268306824161,0.7822903704704466,0.8041340106657588,0.910505091375453,0.885014086533902,0.8102074567339503,0.8527877093428842,0.9918224547761917,0.6716454483484393,0.8314929627204579,0.9142958754806103,0.8688459520198255,0.9513300904079283,0.9953089374396239,0.9231924198056226,0.9680784673562299,0.8301357925917213,0.9542346838381128,0.6716454483484393,0.8897478654628075,0.9074487775611981,0.9022131561094184,0.9027556638317147,0.66100135439659,0.6716454483484393,0.836443510583915,0.6476870076139745,0.899513777763665,0.7424895686600919,0.7072181334567873,0.8771042243612637,0.8357318265621436,0.8713575719993615,0.9685947564215416,0.9186390033476763,0.9522752511635897,0.8754988991654504,0.926726428897503,0.7339058937117526,0.7298781721393242,0.9700545573574973,0.8098019535963122,0.8423379076513389,0.8823608078915024,0.8213231176812359,0.8664184631162983,0.8536451666939356,0.9675952194692456,0.7581686861405527,0.8693380217082409,0.9276111209519073,0.8727426055411924,0.9250632826893763,0.8578779047177143,0.860758710927619,0.7792054646766344,0.8829981314675723,0.8148187834615364,0.9992266997269114,0.9782128470638168,0.8070999688196363,0.9979406633474793,0.8989651095456501,0.9188229255693809,0.9755071826546171,0.8879294594533993,0.9945616853424688,0.995308937439624,0.8584578374109315,0.9174842767295597,0.9953045914463209,0.9612268306824159,0.7387594773771089,0.6791710386208467,0.6536353625654132,0.7428504253927597,0.9736903671626332,0.7900475800687516,0.8195253391082153,0.973344709780833,0.8252219490096806,0.9298183390176582,0.8789147099104677,0.9309726052364362,0.9698277832460839,0.7026512656007164,0.9751250581705837,0.685194474379802,0.905433750677373,0.8789147099104686,0.9341132223549049,0.8550643194854683,0.748399371819513,0.9643629872811411,0.8973219473044844,0.8868602695609336,0.9199416686997934,0.6357869858773599,0.9098962883934767,0.7653908270182042,0.8529107842018822,0.9371433686720367,0.9835166844720726,0.9729979035639413,0.9956103992504679,0.8370147688196926,0.7833099084134094,0.9022618386793957,0.8352364449223371,0.752232169916998,0.9449933732356441,0.8539020097627188,0.9825543320961883,0.9765326807371455,0.9219797772230387,0.8563043572796343,0.9460319017180565,0.9283006786161674,0.9680536007153671,0.9945578747737678,0.9009570379946709,0.9298510413503671,0.753620999248733,0.9383978290775612,0.9932711322969687,0.9700890103660439,0.8179639313556324,0.9132451152176122,0.9873855390556807,0.6716454483484393,0.8815889130882111,0.9210652057913624,0.7773163597322332,0.9704601080152349,0.7534619072780846,0.9250214760312453,0.6716454483484393,0.8973252182846077,0.9829000317517533,0.9166835378272546,0.6716454483484393,0.925071966421203,0.8991670282493116,0.9281861080649161,0.8915410148716634,0.8370437959396493,0.8402939714046154,0.6716454483484393,0.8536387738113203,0.6716454483484393,0.915147730329259,0.823910938166523,0.7847573100025248,0.6716454483484393,0.9730533608234009,0.6716454483484393,0.9606654229987993,0.7541029144049771,0.8845859709276045,0.8059973731755319,0.984448147018685,0.880849831126425,0.6791710386208464,0.8286137066920931,0.8379007267842433,0.9579150735307425,0.8658617989496614,0.9356267126184374,0.89455712136231,0.9584809876679841,0.9641201488230351,0.8104453935723428,0.9613471139399274,0.9239298958700635,0.8991670282493116,0.9141327700514326,0.8753672951924687,0.8925106518208059,0.6716454483484393,0.8870521190855054,0.6716454483484393,0.9500071200774853,0.8401993362891031,0.8387640413572675,0.931713431873551,0.9067537430457375,0.8504578012789958,0.6974923164605453,0.9172462606189085,0.8741638397315654,0.8948411555416447,0.9834376754329195,0.855756563598304,0.9105404296521815,0.6394315180894665,0.8652386210121935,0.6903369234671075,0.936159000349494,0.7075674917164798,0.8852493927538769,0.8167107250685792,0.911526811252125,0.8260366716024992,0.7711101275780072,0.9996773391404603,0.938768605337426,0.7060798600237369,0.6925905385701256,0.9507747413980436,0.7298781721393242,0.969737155345017,0.777248082258688,0.9199416686997932,0.964205360263191,0.7298781721393242,0.9721370197769208,0.9856526135323339,0.9945578164232356,0.7420793834126869,0.8482088784292228,0.8557565635983038,0.8137531675852787,0.9366429293047338,0.8504983624441863,0.855756563598304,0.919033165416029,0.7383726063789919,0.9088679893884184,0.9227913741323103,0.9439976272138818,0.8433133516871905,0.8652386210121934,0.9449933732356441,0.845308522333043,0.9934267985379968,0.9210652057913622,0.8945571213623102,0.9985005314694844,0.7743259828565379,0.919033165416029,0.8560122921849622,0.9763530278447615,0.9657638689157764,0.9949667967412966,0.6667854568851295,0.9434398129635609,0.9002501700705556,0.8072717200270741,0.8998810395452734,0.878853978185034,0.9761037202380898,0.8788539781850342,0.8206261973152451,0.8256504092697164,0.742967316732499,0.8879294594533991,0.6716454483484393,0.8612222667022567,0.7392683377271299,0.8611574509681617,0.7298781721393242,0.7867082667414249,0.8663503378902107,0.6716454483484393,0.7674295546837693,0.9449933732356441,0.9250632826893763,0.8377280726057992,0.9153111341369746,0.8236680713869198,0.9721034599974786,0.911526811252125,0.8151326093626474,0.9172462606189085,0.825941002885233,0.6807163323845242,0.9201023553084946,0.9153144551129115,0.8479498222957296,0.9276111209519073,0.8410956574514761,0.9648771726248762,0.8973733757558582,0.874689940101858,0.9248708294787312,0.8353300330663124,0.66100135439659,0.9278039264630893,0.7952324364292733,0.9585011186946009,0.99361848682992,0.7264459076565153,0.6716454483484393,0.8494202516143283,0.9897453986038606,0.8798049357232043,0.8491542066816399,0.9319982236038631,0.9729979035639413,0.6716454483484393,0.6716454483484393,0.9018171276359737,0.9342174974354666,0.8446638977563301,0.6716454483484393,0.9319982236038633,0.8754988991654504,0.8903235986638643,0.8927460132113265,0.9132451152176122,0.9056892759978576,0.8317539034743855,0.932913827126654,0.7730315981221711,0.8227049167095173,0.6716454483484393,0.9049276880752377,0.8647201136093712,0.9031217491271238,0.8948076364974142,0.7416703941129104,0.9315788888162433,0.855756563598304,0.9572578342433826,0.6716454483484393,0.7864698390912672,0.7432643093345452,0.9022892828419617,0.9538129930996482,0.9938866396749274,0.8231096882708904,0.9618219652554874,0.6716454483484393,0.737250862868907,0.7968768832846798,0.6716454483484393,0.8269855345954514,0.9214825159020008,0.7946166575997196,0.7280262593588942,0.9985005314694844,0.6716454483484393,0.9984346374478783,0.8895069741615353,0.8559914499686949,0.8170160549569959,0.9549902612319296,0.9196084313474926,0.9804958533698622,0.8539596452843632,0.7903415819956485,0.8606821674513192,0.9443016322889926,0.9263372087078328,0.9533857212213345,0.9741625060985154,0.7861096420843778,0.6570793474720404,0.7720943320371615,0.8378881427506739,0.6716454483484393,0.9466304752226786,0.7709356437707044,0.8651732440838666,0.7932164021965279,0.9094884033092887,0.6791710386208469,0.9358235287280297,0.9627555278657122,0.6791710386208469,0.9751828268492605,0.9358796528302649,0.8864409491651314,0.8648191877395788,0.940232207307512,0.9466304752226786,0.9252204431280774,0.9923426571116956,0.966132919114972,0.9998519340878549,0.822963964279465,0.9652259746115222,0.9166835378272544,0.8597368738267359,0.8174261692988939,0.7486484728869298,0.5894636983092667,0.8888308259151552,0.9350052413014642,0.9190331654160289,0.8340654250908053,0.7979758437920643,0.959021615759266,0.9440100680280119,0.9719352498920297,0.9728267661071015,0.8148187834615361,0.8840606960662639,0.9160727592397737,0.9093716585530938,0.9976451690121844,0.842856264327756,0.980614913739112,0.8359307198109669,0.9597163346591149,0.6815842559320484,0.7225711458986823,0.9751828268492605,0.9996591684376381,0.9199416686997932,0.8649622039098555,0.848628960815474,0.8557565635983038,0.8897274633123691,0.9689834676409266,0.9098323214516961,0.6801459379080397,0.9088679893884182,0.9677927186348172,0.9526177552120789,0.9708005919631293,0.9839152575187717,0.9141327700514326,0.8306203710906812,0.9721034599974785,0.8727426055411924,0.9444978723350868,0.829967357218506,0.7540439076853509,0.8076791997491752,0.8402939714046154,0.6712766619522246,0.8092714200524824,0.6683052351448108,0.7900475800687515,0.6716454483484393,0.7520666751277905,0.6716454483484393,0.6716454483484393,0.9818538579833653,0.8041087982320853,0.8340654250908048,0.6716454483484393,0.8186766180588168,0.920623232768503,0.6684032307091621,0.9958128328869761,0.8892324585255638,0.9586981076720031,0.7967461555852018,0.9938177028533237,0.8977761748375532,0.9346457727814363,0.8314929627204575,0.8559914499686958,0.9299167774405854,0.9715135228440188,0.7965600511386213,0.9690494017492133,0.8207684949521044,0.9496197597619185,0.8755710523568628,0.8668758171222237,0.9927442952731131,0.7903415819956485,0.8897170654594009,0.9397609250460663,0.8496939689318225,0.8773273917878177,0.9578303191925951,0.890971889957357,0.9326861516421043,0.8041087982320855,0.9352461508054246,0.8546873737058384,0.7291934306030055,0.943851136706642,0.9114869688341909,0.8199701933455878,0.7456213771089337,0.7720943320371619,0.8508040276344653,0.9466798983473146,0.9497518620768899,0.8935002347346703,0.954357045101763,0.9290237693524243,0.8192793116817607,0.9250632826893765,0.84084529421884,0.8695666301441396,0.9705937692240703,0.6889611966413902,0.8633657763496989,0.8828294275824891,0.8065543308157473,0.6716454483484393,0.7720943320371615,0.9243176855640716,0.9962604064950795,0.7368868808854041,0.881983727995742,0.9781743137324752,0.9177820165233506,0.7961215835544415,0.8531186151521009,0.9807114067022622,0.8788539781850344,0.9043620964155887,0.9751828268492605,0.8898601120194138,0.6791710386208469,0.9838256497964106,0.9423518925154964,0.8401993362891034,0.9680784673562302,0.9150275318686582,0.8223092416087541,0.9227869122271399,0.8466767801900734,0.9424997423484038,0.8125508980570534,0.838407796287322,0.8796583278983117,0.8788539781850342,0.9079675824567621,0.9627555278657121,0.8649666879670967,0.8158750632402931,0.8586235280384313,0.6903369234671075,0.7954510153947347,0.7906881263290848,0.9250632826893765,0.9891536062410013,0.9833789571262196,0.9500012334294734,0.8372920266171271,0.8427611657869751,0.9465480938654507,0.9474362202702884,0.8423379076513389,0.9297671151271447,0.816855544976187,0.9836926141722804,0.7387594773771089,0.9953089374396239,0.6716454483484393,0.8950021976073845,0.8108070630711373,0.8274311786937696,0.7565056600756235,0.6716454483484393,0.9616754978750044,0.7324649298899679,0.9943813318064604,0.8569880799282872,0.9043606943769344,0.919425113889746,0.8107563107771931,0.8998635461811998,0.8460362824838277,0.9214488152550244,0.7517201863919686,0.8321620294944194,0.7520666751277898,0.9527995052627674,0.828419606724832,0.8546873737058385,0.9581347202095198,0.9250632826893765,0.9571614253051384,0.9210652057913624,0.9250632826893765,0.8213551610187866,0.8960841541919653,0.9056892759978576,0.9573748393559207,0.8709329418199374,0.8021289398337758,0.9131684630076989,0.95837887669211,0.7725195832430403,0.8839490276777155,0.66100135439659,0.9721034599974784,0.6683052351448104,0.66100135439659,0.66100135439659,0.7596894247986659,0.6716454483484393,0.886295303731182,0.8597175460624875,0.6716454483484393,0.8958732693715752,0.8544374371001185,0.8382543236810014,0.7903415819956485,0.9361590003494942,0.9749822485158575,0.66100135439659,0.8214816628012487,0.9267264288975028,0.9753470256278476,0.9893682857817949,0.6716454483484393,0.8828294275824893,0.9833789571262196,0.9199416686997937,0.9526327261918688,0.9804958533698627,0.9827558590699044,0.943851136706642,0.9172462606189085,0.9384788228894505,0.9671851625972884,0.6716454483484396,0.8649622039098559,0.9901979221307589,0.9228846908561616,0.7792168137612672,0.9468315625852828,0.9105050913754529,0.9018171276359737,0.7581686861405526,0.9700545573574972,0.888483588510265,0.6716454483484393,0.9056892759978574,0.9094965937962811,0.8788539781850342,0.7379824071272152,0.7796551004258119,0.9231924198056225,0.9069074801291332,0.6791710386208469,0.8051471299815729,0.9818271854874359,0.6716454483484393,0.6716454483484393,0.7753085536873255,0.9339973692810724,0.9172109773401611,0.7491819948663798,0.9714884696016771,0.595949809605071,0.7456213771089333,0.9837673011282627,0.9610476524335916,0.9108320244310188,0.6716454483484393,0.9700864819897078,0.7720943320371615,0.8852493927538769,0.6611810599721986,0.7298781721393242,0.9609854739975208,0.6716454483484393,0.6716454483484393,0.8466672037801365,0.9056892759978576,0.9512620662564594,0.881983727995742,0.7219765488875296,0.7109961407420817,0.753913203359454,0.8888972252279981,0.9029887000794075,0.7139089211436533,0.6716454483484393,0.7615757470088254,0.974157312220699,0.7137066333919897,0.9827558590699045,0.7978499801257837,0.9932617562800398,0.8944062378898096,0.8294944974961413,0.7448377452012054,0.9743210141990011,0.6716454483484393,0.9382230989528136,0.8696634094739188,0.9197474280620401,0.9337414456141699,0.7666753772899857,0.9276111209519073,0.8013168909931296,0.952006454697794,0.8213498583550596,0.9568442248481714,0.968299851475162,0.9745173646675651,0.9166835378272544,0.7938159995763255,0.5571098435946412,0.9969348508398164,0.8945571213623098,0.6903369234671075,0.8261847586875769,0.9186390033476766,0.9777906175295894,0.969399923574869,0.9554950475041242,0.8598552336091725,0.9156811575686244,0.955495047504124,0.8514635911628996,0.6680977202356666,0.9050583317652043,0.9660700296626721,0.9545130974694751,0.9074487775611979,0.6273332323411822,0.8947049595031416,0.8259410028852336,0.8370147688196932,0.9863035508148097,0.9795863064544907,0.8815889130882109,0.5149406736288722,0.7487319267371974,0.8846507026803797,0.927371853497277,0.6716454483484393,0.836443510583915,0.9660700296626721,0.6406261260121969,0.8788539781850342,0.897008563590469,0.8477364707151371,0.9893947388387583,0.6716454483484393,0.8753751338775241,0.8146557801181371,0.9440100680280119,0.9717928647223546,0.8473794777536736,0.9574063688130316,0.7720943320371615,0.7559308666374858,0.0,0.4087183115572417,0.8839490276777153,0.8773273917878179,0.8699863508348313,0.8758672676331243,0.9508421171678401,0.9056892759978576,0.9297671151271447,0.9378659482854855,0.9297545630300361,0.9226406470081118,0.7781712473192264,0.9131684630076988,0.66100135439659,0.9435965891867895,0.6643719413126048,0.7202179673752924,0.9031217491271238,0.9084748646325125,0.6716454483484393,0.904459138176723,0.8028197210559536,0.9534956790158264,0.6716454483484393,0.9239226011356905,0.9618219652554874,0.7298781721393242,0.7060891643920557,0.6903369234671075,0.8939046646741244,0.8596108504219842,0.8843004094207209,0.9911416000294789,0.9452987151982357,0.9018323002478252,0.7729401193547014,0.6716454483484393,0.8428133176165026,0.6716454483484393,0.9088679893884182,0.939476481888017,0.8709329418199374,0.8852493927538769,0.9616051284891652,0.8940112507114397,0.8370437959396491,0.8991028001629289,0.6716454483484393,0.7673134811052744,0.8935090914655159,0.9670319754688856,0.9661110538140119,0.9239298958700635,0.9721034599974784,0.8825966758335134,0.8744114737156559,0.8174261692988933,0.9755290546390573,0.8564442595545589,0.8174261692988933,0.8692662385465437,0.8612222667022578,0.8433133516871905,0.8174261692988933,0.8852493927538769,0.9775039920556008,0.9004933042472815,0.932309043775863,0.8402939714046156,0.7890963332331153,0.895873269371575,0.7866545486004171,0.9581347202095198,0.9511382489921304,0.7967021415653832,0.9378659482854856,0.8076791997491762,0.9652259746115226,0.8756639891000906,0.9956103992504677,0.7885929101684446,0.885295861211705,0.7919268652528758,0.7207768433582067,0.9476219630869853,0.9127200248974268,0.7903415819956485,0.9121937749526268,0.9459697265362637,0.8650383461807645,0.9793864538694004,0.9072416220282622,0.7720943320371617,0.7520666751277905,0.7614965260994409,0.8631024236475753,0.9034212808918718,0.9901701454072507,0.9474362202702882,0.741250162893126,0.9079675824567621,0.8744114737156561,0.7924069556780696,0.8976942817377447,0.7831681004177424,0.9763179253437279,0.9948644048725692,0.9111543003509088,0.89063304158233,0.8950021976073843,0.7495560361590577,0.7913495263156973,0.9141327700514326,0.8082242366088136,0.9584809876679842,0.8484738711809593,0.8655292753164374,0.8971972162838038,0.7267966084579909,0.8989651095456501,0.803107870332836,0.769246654200201,0.8879294594533993,0.7448377452012054,0.992648204961222,0.779361196791041,0.9190331654160289,0.9320629895212051,0.8028197210559538,0.7686957892468522,0.9210652057913622,0.7933892545030735,0.9758205337571217,0.8634427373462417,0.7214740737658274,0.9201023553084944,0.9599146679275934,0.8634427373462422,0.7520666751277901,0.9409669977890665,0.9679804555784386,0.9749822485158572,0.9166835378272546,0.7471515211713564,0.9449933732356441,0.9288174517360708,0.717425083514154
p308_V,0.743524135765361,0.8760427798259902,0.8341827605201997,0.9385941992308808,0.86282129710497,0.8935446993031988,0.8990664900588314,0.9082493961189253,0.6907333258418406,0.8836456641177746,0.7946666045364155,0.9656310566424899,0.9102728072442623,0.7037755358791753,0.9138861842484401,0.9087654409319244,0.9975400785495823,0.910586477302178,0.8402819095372955,0.9193391628916547,0.6959278699359268,0.9951364972067693,0.9456546334164267,0.9298058441100165,0.9004947475176115,0.669077103309023,0.8399464011131401,0.9805197020271779,0.8479521653438948,0.6543531125186568,0.654493242218714,0.9201807407414304,0.7569075950991146,0.601118201382592,0.9197926279183386,0.989290340807143,0.8416859998638053,0.8071838764186421,0.8559789162214919,0.7762694567332853,0.5638723702007498,0.9665515000597715,0.9937579514516801,0.9397182971799243,0.8136807882070665,0.8197125231562568,0.8493193247742898,0.7024194933499384,0.9860290819203161,0.8526331808902763,0.8258229735464786,0.8604049395295102,0.669077103309023,0.8509787359178675,0.9107576639752012,0.7186498951324445,0.952743983757392,0.8058499662916012,0.9868607689436356,0.8742425548958968,0.6365417114421756,0.7668986137868476,0.9544972725736602,0.7280090904549295,0.8402259676730026,0.9023028986384539,0.9854614920636177,0.7860006780331517,0.657674410507708,0.8743674594684079,0.7186884254305999,0.683499949297628,0.9767639587317076,0.916501326215324,0.8058499662916012,0.7497285110913632,0.8269464080737013,0.9600596534987831,0.8700657935197817,0.8559789162214917,0.8191939787328957,0.9755754232004548,0.7181797791859015,0.8008094891234717,0.8058499662916012,0.6851717947095097,0.8847277248410395,0.7591555684781023,0.975276891535162,0.799556308447807,0.8058499662916012,0.8056555721018475,0.8814875625540062,0.8029543978020554,0.862899959067609,0.7684596863651093,0.7484105618035213,0.6500537245160505,0.8991728889310483,0.867109845991413,0.8889001414051337,0.8189630840562674,0.8058499662916012,0.8097425538878016,0.717932189422807,0.8402819095372958,0.6452191607092623,0.8899638365030675,0.9947329122434214,0.8039161405125966,0.8293588924489148,0.8102337120326546,0.9213151160582487,0.9188400984765934,0.8189630840562678,0.9910594090896769,0.9512349115503587,0.9084530093995202,0.8810606022065581,0.8921819894450236,0.9694199376404536,0.803916511006419,0.7591375004288965,0.9172582782274843,0.9357257392476337,0.6597920215167349,0.8710592812792091,0.8253317216902352,0.9656310566424899,0.9913713384075753,0.7156974652311101,0.8167620273274683,0.8887281516764465,0.9186263852882656,0.8448662440139757,0.8932243224202459,0.8017006459474789,0.9854614920636177,0.8572755626114623,0.7934159251299588,0.8208770819758944,0.8479521653438946,0.6628574308041713,0.8934808005809092,0.7688737668321841,0.7712786894953887,0.9687224870072564,0.9406151453045032,0.9644198581615527,0.9951152698042361,0.8836456641177746,0.8645542256568435,0.6378973647312516,0.4471906084341768,0.8887281516764465,0.7483276205739184,0.8861326607834419,0.9429368881729505,0.8586163862412981,0.7434285008881756,0.6211094928521832,0.9707442876463777,0.862028584427289,0.7616433550963391,0.7294546407423266,0.9805197020271781,0.8051983603797374,0.9578004988107829,0.8890083039923197,0.8670348083195432,0.8825906683241469,0.9656310566424899,0.6335247719961004,0.7343784574698107,0.9163062571480862,0.8387102643981907,0.9084530093995202,0.8453052389467508,0.9464591438305545,0.930954837035668,0.9326375827720659,0.6876228503252952,0.9621308931062638,0.8129359457645987,0.8996343984415969,0.6822063677217196,0.8515353362631362,0.9404056602135484,0.9011068237341134,0.8091521482615254,0.8742425548958965,0.8430403885492568,0.9007413435840799,0.9803870681533724,0.7613326954014683,0.8058499662916012,0.9591791255254207,0.7934159251299588,0.8511348145346331,0.9356891524057998,0.6462723253664852,0.9513315692601684,0.8058499662916012,0.7301944250967546,0.799133973465104,0.8479521653438946,0.8058499662916012,0.9125841372554572,0.7489843900385622,0.7649340659424572,0.9252890629748389,0.7321274586669302,0.8406150704637129,0.8058499662916012,0.7321449277415522,0.8058499662916013,0.9246660756163148,0.9058674342426392,0.9100268370909352,0.8058499662916012,0.9074361478969082,0.8058499662916012,0.9370600364468449,0.643384448922149,0.6806137192828037,0.6500677748376351,0.9078307494815344,0.9702422396488708,0.7934159251299588,0.7768906158509865,0.8126462580697251,0.950572167536323,0.9111051553228269,0.907763288547317,0.9854614920636177,0.6810987166300166,0.9714122779634877,0.9521676671567005,0.9721828136216811,0.9529906034023113,0.7118923512451528,0.9712744656435086,0.7585505034177364,0.8024509260403504,0.8058499662916012,0.8631477900199125,0.8058499662916012,0.5565644467216999,0.6760890086635991,0.9516333298064146,0.9956919465631329,0.9458010022388863,0.9591791255254205,0.8367961728794882,0.9947329122434214,0.7638714392024222,0.9355322793023029,0.7230939341730646,0.9707442876463777,0.7938739716198886,0.36766837200952274,0.9009855894234589,0.7995563084478068,0.9636607886920054,0.8292889933235158,0.8559789162214919,0.8829306997166724,0.8231218784307635,0.9888055423587134,0.5602871966081787,0.7088232712478928,0.9854614920636178,0.8828669643290632,0.7659689694046341,0.8953309545962147,0.8402819095372958,0.841975419728975,0.7593811057166477,0.8881683702717457,0.807123724610066,0.8402819095372958,0.768457809998602,0.9636750305811134,0.8656041668745096,0.622828607547478,0.9783308953297635,0.8189630840562676,0.8311020167561356,0.7976460914394464,0.9550691846618347,0.7560495458914246,0.9403880469283556,0.9584303707792041,0.8743674594684079,0.9338377929917451,0.8432232356251794,0.6516913979293892,0.6397359289943232,0.9892903408071431,0.8808077142348701,0.8843155755271028,0.7934159251299586,0.8258229735464786,0.868646947325818,0.8394030698107127,0.9707442876463777,0.8347645156089728,0.9992638259487014,0.9333986456840142,0.8128679982625999,0.7985644199514841,0.8229699198479481,0.978554118721632,0.9613514677206645,0.7419978210407892,0.8308063456911845,0.8599633955167474,0.9907261604394146,0.8814182140269338,0.8430031832339395,0.8515536843930858,0.8774745087635124,0.8058499662916012,0.765293368608729,0.6952527510895607,0.9764526702094013,0.8402819095372958,0.8982897074803415,0.7995563084478068,0.8058499662916012,0.7826970416103489,0.8529481410826935,0.8935446993031986,0.8543766367778496,0.9833115515960165,0.9562964735356454,0.9540089029986337,0.9253644599446991,0.8546618461344345,0.8062565827918013,0.7056242388070869,0.8943961058090123,0.9100318062103336,0.7544407449649541,0.8874117992652194,0.7981246493684104,0.6999749421188619,0.9561921683699729,0.954373430684922,0.8622528960791382,0.9319928107111913,0.8924776269252876,0.7995563084478075,0.8364302140701843,0.9551365363020281,0.8965813111344882,0.8169337333569082,0.8796202672021192,0.8058499662916012,0.9029233446437461,0.9883778640345575,0.9852381884521881,0.8746755880376644,0.9907261604394146,0.9889228641265909,0.8058499662916012,0.8058499662916012,0.9428106344027891,0.8184994721009324,0.9100651933662425,0.8058499662916013,0.8479521653438946,0.8523220488281857,0.9421957124724708,0.6647271279744984,0.9338711146982575,0.994750375861608,0.9701477237325291,0.8126462580697249,0.8120529153966801,0.928344235569323,0.8058499662916012,0.6989434771895101,0.9242873302626076,0.9372031589794636,0.9634448998384888,0.7286543605260238,0.7553536224372921,0.7560495458914245,0.8707032533256995,0.8058499662916012,0.9636925209514171,0.7600825581617037,0.6685553313511152,0.937952662693638,0.8939544673975597,0.8178270354611406,0.781542198272628,0.8058499662916012,0.779713895930898,0.9816140748311714,0.8058499662916012,0.9701477237325291,0.9030753348114282,0.7196107951910351,0.8835511651219085,0.8439996341539618,0.8058499662916012,0.8534472802615776,0.9447205705088487,0.9636607886920054,0.7525392844360062,0.9544445230512476,0.9383536839530279,0.825331690146311,0.9564962862583393,0.8493193247742898,0.9324527933109434,0.7649340659424573,0.9387392204449954,0.8955473490909661,0.8616526994170435,0.7584230514232022,0.8000118450787022,0.8258229735464784,0.9357257392476337,0.8058499662916012,0.9766241092617447,0.8929919202820983,0.9068526714114963,0.8927761013223359,0.8069611937921386,0.8203581350519384,0.7956438513462039,0.9820743116437717,0.8203581350519384,0.8927761013223363,0.8058499662916012,0.87604277982599,0.729044046160587,0.8861914999708944,0.9552047908760306,0.8914079034741679,0.902193343238945,0.9234448689090262,0.8000118450787024,0.9782364851521503,0.9327820360219159,0.9021933432389448,0.9654643952663975,0.9430314541841311,0.7117003545249889,0.76559075445114,0.7548649413023878,0.7842726282263479,0.8189630840562674,0.8885979705995216,0.9601311410621265,0.918282243765204,0.8393192166726557,0.7936637785566019,0.8374227825163818,0.6748860269593713,0.6080940370978558,0.8795009470364308,0.807226610624268,0.9712744656435086,0.8018672216686202,0.8935953701173893,0.8428539722252644,0.839319216672656,0.8000118450787026,0.885103276101006,0.9600596534987831,0.8615972638585394,0.9982847909550883,0.8800952220273486,0.5912437281342591,0.8189630840562676,0.9456033506216517,0.8756135307552695,0.9694274847017419,0.8780627809350359,0.9892903408071428,0.8890625426282084,0.8655011663791526,0.8656041668745096,0.9242873302626076,0.8399464011131401,0.9761943085443442,0.9830859188713983,0.8743674594684081,0.754116000302226,0.8589024892570247,0.569628170850116,0.8825936825451486,0.8406150704637131,0.9537741383616312,0.9904070783702417,0.8136807882070662,0.9359854388013443,0.8058499662916012,0.8329186262686781,0.8058499662916012,0.8058499662916012,0.792047318727177,0.7537693866232711,0.996410121713706,0.8058499662916012,0.997342007236576,0.8600200423730304,0.6946350280603037,0.7041381686524906,0.6841344849097846,0.9992161254199328,0.9031145069383848,0.7288317588756317,0.7836776044755029,0.8328255545646568,0.8409618401979255,0.9309752480861739,0.7463168253060264,0.9930959042361525,0.9177926953630489,0.9580438477087989,0.9610339452947274,0.8742425548958968,0.8127907800852442,0.8982897074803418,0.8279272751111093,0.8189630840562678,0.9338099427041575,0.9568091916123542,0.8102337120326548,0.7606847995947021,0.8927941685094798,0.7085299135921481,0.7225596533216547,0.961860449672711,0.8882905768981044,0.8796755654923114,0.788619102479287,0.8123127184484011,0.9285740641076383,0.8577595158548812,0.7577955466701138,0.857275562611463,0.7902299687349243,0.8399464011131408,0.9998892269692075,0.9731257798694083,0.9102728072442623,0.9772587571612872,0.7029395012872655,0.8935446993031986,0.9390070921985816,0.904535728145479,0.9135163016990187,0.8756192898237551,0.9327820360219161,0.9401883957401402,0.9219365904870398,0.8058499662916012,0.8258229735464784,0.8132949348360643,0.8808077142348701,0.6820417210697283,0.9711093416163311,0.9371619756502475,0.8215513362442639,0.9324159842282987,0.7768906158509867,0.833221384675453,0.7951128469173041,0.8979035785140419,0.9663582239117763,0.9911610501439256,0.8203581350519384,0.8328255545646563,0.8228527152990059,0.9542792996141665,0.9562964735356454,0.6404151262282618,0.7509179387499614,0.9548414964913319,0.863410540251351,0.8047569422357521,0.9706123004840181,0.859934644517519,0.9603850133285722,0.8479521653438946,0.8639098406678632,0.9527010302283678,0.9779200032247553,0.9470953094850882,0.9052153297282299,0.8272354331469214,0.9942122546682378,0.8684555574029142,0.8810606022065585,0.8603575594339707,0.9078307494815345,0.9315267260361109,0.8680549584980375,0.7656581909429561,0.7904634826596304,0.8152943545241977,0.971173371061969,0.8509727444258213,0.6902585373374991,0.8959733198619406,0.8258229735464784,0.8559789162214917,0.8058499662916012,0.9772448037659107,0.6399606343414829,0.9673827617848294,0.752563920722388,0.8058499662916013,0.7728668962085646,0.8644957195067257,0.984979344288115,0.9620640605219124,0.7415023467443129,0.7586779633134184,0.7877974308678632,0.7200650332611933,0.8575174679483173,0.9462063022083013,0.9339789180168727,0.9818975773288531,0.86560416687451,0.6616737433034905,0.974025264541478,0.8493193247742896,0.9171872608207574,0.8559789162214915,0.7859911101509172,0.7934159251299586,0.8559789162214917,0.6978684737359189,0.8557244891858331,0.8343356316982855,0.8886141217483927,0.6599723786368037,0.8743674594684079,0.9662647104549236,0.836673413660163,0.9582324645952721,0.9056179170836024,0.7995563084478075,0.9540089029986337,0.7874151753009926,0.7995563084478075,0.799556308447807,0.9389141678703199,0.8058499662916012,0.9712744656435086,0.7666770810160949,0.8058499662916012,0.8393192166726557,0.7379615544251916,0.9425385593306326,0.8493193247742898,0.8402259676730024,0.8645811859821558,0.7995563084478077,0.9942122546682379,0.8244375674752112,0.8994121749609957,0.9203366542151102,0.8058499662916012,0.9575395272125444,0.8189630840562674,0.7746215314985789,0.9426332992884708,0.8420951943012067,0.8402819095372958,0.8123127184484011,0.8298161239732542,0.8615492026306439,0.8298161239732542,0.8058499662916012,0.8800952220273486,0.7579356883104613,0.9172582782274841,0.9962549828791103,0.9600596534987831,0.8402819095372955,0.9923616943209206,0.8189630840562678,0.7666770810160939,0.7976123305252002,0.8058499662916012,0.8913069625116541,0.7208423696679396,0.8836456641177748,0.7955965635430425,0.787415175300993,0.8682487271258559,0.9401100777701822,0.8203581350519384,0.9365815987292718,0.9058780333353961,0.8058499662916012,0.8058499662916012,0.8918629076163782,0.698352958633079,0.6280947355174198,0.9637178051511759,0.8448805365727248,0.7215468532950644,0.9389699513078366,0.8793298461084246,0.9665515000597714,0.9812578560622325,0.8058499662916012,0.9503449683380623,0.8258229735464784,0.8559789162214919,0.8178270354611404,0.8402819095372958,0.8305591408797135,0.8058499662916012,0.8058499662916012,0.9476158353801106,0.8058499662916012,0.9285648326604103,0.9808363472027923,0.8712654252788729,0.5966997142515857,0.9118116119982467,0.7303397327062722,0.8516352302567766,0.9605156249220519,0.8058499662916013,0.9913713384075755,0.860115880824681,0.8123127184484014,0.9552047908760303,0.9157492821845743,0.8788284568082498,0.6939432051806655,0.9315267260361111,0.8710592812792091,0.831669966944396,0.8058499662916012,0.8532852671514456,0.7988740707064026,0.8593184666582745,0.8276248811031206,0.8897992717271624,0.87331678109278,0.9880418646162648,0.8294184052694571,0.9309752480861735,0.6740361824978071,0.908527097243588,0.8973974698261229,0.9735803407867052,0.9819324085713539,0.7381271605259623,0.7700988716571648,0.9201807407414304,0.8272354331469214,0.8814337004880577,0.940849612322177,0.8800952220273486,0.9280862086506465,0.9561921683699729,0.7317270668537126,0.9311104823849057,0.9561921683699729,0.8463582861268777,0.8107324876548379,0.7220811858735878,0.8523220488281855,0.9735803407867051,0.9568091916123544,0.764591946888848,0.7797585424424911,0.7312659169531015,0.9656310566424902,0.8463375798369617,0.7392574490975798,0.8123127184484011,0.8095164035211432,0.817824450039218,0.7819857594604882,0.8247386009432136,0.8058499662916012,0.789996369172371,0.88080771423487,0.9558894061109808,0.8836456641177746,0.9218411059864418,0.7064934282346795,0.9206400537621513,0.8058499662916012,0.8579099900745698,0.9390070921985815,0.7939004811633896,0.8278088839119074,0.7647827844620154,0.8322596897273158,0.8258229735464784,0.9258691564128902,0.4087183115572417,0.0,0.8725562643696925,0.8000118450787022,0.7002085507492513,0.8559789162214915,0.8693755327618489,0.8343356316982855,0.7742190307026144,0.9644198581615526,0.7638298578138996,0.7456212627686669,0.8928188215478916,0.8058499662916012,0.7995563084478075,0.7066105393020072,0.6820417210697283,0.651144884783668,0.9860820640418917,0.9987393119294525,0.8058499662916012,0.9146256786029542,0.6267415129209419,0.7037755358791753,0.8058499662916012,0.8872058356970588,0.9353922671487132,0.8402819095372958,0.7537693866232711,0.8272354331469214,0.8782800788028566,0.9796365345191163,0.6556339879633086,0.8557244891858333,0.9478586274551208,0.9918970918718579,0.9192848350255264,0.8058499662916012,0.869871444715804,0.8058499662916012,0.8743674594684081,0.9125841372554573,0.6599723786368037,0.8559789162214919,0.8835742704792819,0.9425888868413865,0.6638836170804412,0.9981992433792047,0.8058499662916012,0.6904672988448104,0.9313218112870956,0.8271907198365138,0.9195994438472577,0.8788065258154937,0.9540089029986337,0.9399922285879149,0.8896499359970274,0.830566710654991,0.7949109193717804,0.9741929736146728,0.830566710654991,0.7200423706870263,0.8258229735464786,0.6516913979293892,0.830566710654991,0.8559789162214919,0.9105864773021777,0.9820743116437717,0.8644045211246625,0.8272354331469207,0.9701477237325289,0.8847379521819223,0.7715459488022951,0.8231684676253801,0.961860449672711,0.6676032144884987,0.9059247992858666,0.9379519319433764,0.9327820360219161,0.9370841677333466,0.703775535879176,0.6930690168768741,0.9892660733909087,0.9866253796302891,0.6853009046505288,0.8410971280095758,0.9298058441100168,0.9100318062103334,0.7263895007777443,0.9771454985702951,0.9747218629219112,0.9118116119982469,0.8016296471533668,0.8258229735464784,0.8329186262686781,0.8329873119410127,0.7029395012872648,0.8936379700652419,0.9737213772998116,0.8764727087461694,0.7441696168781446,0.8769352063361588,0.7481100191932132,0.8913069625116543,0.6986431096088678,0.9554667487813483,0.7398224137847564,0.7850946215194621,0.9397966319964041,0.9309752480861735,0.8885979705995215,0.8293588924489148,0.6471217056732818,0.8711318569200494,0.7595284020092468,0.7303397327062724,0.8080851183380351,0.5711309002264506,0.7701392303399353,0.8879231064020019,0.8549145578460347,0.9129436103677002,0.6595219319117382,0.8471182680454905,0.8710592812792088,0.9321951693044882,0.6268465478948797,0.8189630840562678,0.981340822642017,0.8747756492155023,0.7497997924365767,0.9910463954942063,0.9011847648178761,0.9651236187069909,0.9074473199365554,0.8346411399054535,0.8493193247742898,0.8860415121421561,0.7484817456541228,0.86560416687451,0.7791531464637161,0.8102337120326548,0.8710592812792086,0.8479521653438946,0.697057405518072,0.8402819095372958,0.7200462540552894,0.8329186262686781
p309_F,0.8989229250618753,0.8784000678999648,0.5934806263916179,0.9846729689118634,0.8590530004149175,0.8094833764446483,0.9251619460236324,0.9365721573592104,0.6254873296405845,0.8451155112420429,0.7937891208337402,0.7958167654209829,0.8234248743448613,0.7270471299577559,0.9746994720149968,0.9484619212217085,0.9021721916778465,0.7630798811812192,0.9247111621301727,0.9056710439994939,0.7210838127268315,0.7604897107133473,0.9971433890945816,0.8674070011286249,0.6813778305545801,0.7332415752367151,0.797379296679035,0.6746551444348237,0.8344672026399322,0.8267178382019134,0.7486631564007085,0.8539453617971721,0.7365915155573473,0.8560225025122682,0.8022278398026617,0.8567149674919385,0.7810179711563527,0.8900468543966291,0.8532920118076435,0.7546385246516683,0.6550101825418975,0.7384796233518411,0.9593609816658517,0.8603059406537664,0.9283704154275494,0.6356304562480712,0.7605174113429305,0.6290410203515513,0.6468696176183644,0.5943299994299132,0.9166891453729491,0.5694102724217422,0.7332415752367151,0.8284005927134914,0.8541942475379052,0.894956792871882,0.8525034332144863,0.7431708752992889,0.8070286643961775,0.7804688175477088,0.634208231149112,0.672730471568558,0.9522322463593522,0.7859826609116538,0.7789783388157541,0.5301228272692298,0.8950795038997206,0.8420119094543004,0.8235125206227831,0.9927073567684068,0.6606311966631462,0.9055149944982936,0.9727033216394299,0.3630225978777498,0.7431708752992889,0.6989143528213915,0.9522137875062904,0.7693246760294277,0.5379415452410519,0.8094833764446483,0.9895046792682405,0.9164441193333666,0.7303037218429687,0.872575216742538,0.7431708752992889,0.6780419465589942,0.9761792971054084,0.5964358442312606,0.903464055620176,0.7348453828730819,0.7431708752992889,0.5778615999651071,0.616100949415594,0.5421211517759106,0.854031328315564,0.9094152552047172,0.5809520567278197,0.690579514696956,0.3987035250604598,0.3566689121408707,0.6826899945849034,0.821074123982724,0.8284086162176745,0.7418026906930608,0.8401153423407486,0.788718772853704,0.617215343633654,0.40694413082566205,0.7781429858473845,0.3718554242960912,0.6321848359759614,0.9720856593855487,0.6311000694431856,0.6654955598697019,0.7605174113429305,0.5344027448645098,0.9716015065406128,0.8373021566360079,0.9282308144182454,0.47437821631601285,0.9871860408126152,0.7071306522474994,0.7518751153717149,0.986910819636516,0.8865350450225612,0.6346929118985978,0.7517200521801011,0.8145225635322606,0.9281021453402316,0.6700460193353565,0.5045856574379375,0.9724659055822085,0.8323357203239439,0.8907614131129443,0.7449828491796291,0.6619093060668706,0.5876269648344721,0.9480610371608373,0.8323357203239441,0.7804688175477101,0.7017441790991088,0.7988652819601503,0.6432533613001818,0.7198893727498801,0.7363359617417702,0.6519163028814865,0.771504963893492,0.3980772208277912,0.7280707215884725,0.32800584515476805,0.8700691233197129,0.6342082311491115,0.7551062879984998,0.9309199287591243,0.8950795038997206,0.7496245029951332,0.6762553822047959,0.8035848167913402,0.8339087546942558,0.49596579189506595,0.900163358524931,0.9724659055822087,0.848490810977947,0.6109997029114673,0.6416449831564492,0.6896797506119654,0.6370860563911588,0.6058955031532394,0.9603772619755434,0.48911528777401536,0.9450382244573852,0.9004940364163532,0.8503230491837451,0.8109417941890609,0.9247882336055975,0.8344622869181564,0.8567149674919383,0.8352109049892378,0.8471515063269377,0.6079150992379623,0.8718029190849559,0.765634647664676,0.977683128155931,0.8234248743448613,0.7497297611326099,0.5813144457336801,0.5689770723666421,0.6500786864077999,0.8284005927134913,0.9958156369515736,0.9239272492759627,0.6930056814319605,0.5645338820641019,0.43803630629909474,0.8915999732614504,0.7431708752992889,0.838109082152373,0.9685804113871908,0.9094152552047171,0.6036413062672945,0.6568061051359495,0.8234248743448614,0.7431708752992889,0.6155161082722183,0.40138409297594246,0.8807174319218231,0.7431708752992889,0.8228054474267483,0.7255413280751931,0.6944239566224097,0.8204374971112616,0.7235092628015782,0.7348453828730819,0.7431708752992889,0.8554413028725403,0.7431708752992889,0.6387411581496675,0.6100778162888503,0.6548342543213483,0.7431708752992889,0.7760085738344246,0.7431708752992889,0.5840973420528031,0.8981994637419374,0.7083757831105892,0.6177615663050744,0.7605174113429303,0.3041439814051088,0.7804688175477099,0.7665243135595916,0.7602000973042942,0.7652110372554313,0.7171899515153487,0.6851899964678563,0.9578232874754975,0.9193292627563923,0.6055824103324139,0.8764508286715991,0.7707678685288437,0.9969821282256279,0.6700460193353566,0.783449123325719,0.5562986091386184,0.8164349099391168,0.7431708752992889,0.7383813411387545,0.7431708752992889,0.654376631231158,0.8119977657595081,0.8853172535850607,0.9061610952858534,0.3041439814051088,0.8088111631761212,0.6654691557178302,0.939867874884075,0.5840839523572536,0.9650402344639282,0.5005964355133872,0.8155856001785136,0.507269090790418,0.9682675470429081,0.41956140493296257,0.7624534917969605,0.9276065414570316,0.6158344080549827,0.8532920118076435,0.6315924603530261,0.6443399928246073,0.8162361962441425,0.835210904989238,0.525204980493059,0.8539453617971724,0.6207914181901246,0.5785363447213845,0.5256866257672419,0.788718772853704,0.3592015472004797,0.9217879276099546,0.848490810977947,0.9178663889473688,0.788718772853704,0.9004036202971208,0.3755833059092324,0.9928099013964127,0.7295713707877454,0.7270471299577554,0.8513524803026211,0.9528160387294513,0.27338005394516607,0.834214987216132,0.7605174113429303,0.9724659055822085,0.4352290770645172,0.8227168701728214,0.5835916787856608,0.7697257700583267,0.6618810393148353,0.8364884087950308,0.9247111621301727,0.7999960359115466,0.79774608746499,0.7804688175477095,0.9264513956876093,0.3282828282828285,0.7665484468358345,0.9669773817779975,0.7115309618383474,0.693351176933447,0.3394880428743776,0.7003031818021139,0.6846849043483638,0.6229571938767546,0.7814364145218553,0.8332362651381171,0.541698728412856,0.9875231939611645,0.7605240332233367,0.9056710439994935,0.8763514552261382,0.7070428918285804,0.7183456647303836,0.8155856001785131,0.7431708752992889,0.8225734700092826,0.9225920425338026,0.6535845456199016,0.788718772853704,0.9419867386642065,0.9004940364163532,0.7431708752992889,0.9868660647621652,0.8373021566360079,0.88442217905525,0.7968974600609413,0.6211697011737509,0.6672819886968291,0.8539453617971723,0.4276319408077225,0.46398788290764315,0.7518751153717149,0.7774665781182669,0.4418330849499257,0.8458639564984105,0.6839771896298151,0.4818364218871394,0.7716036057947141,0.6696965040768921,0.9282308144182453,0.30685521415919603,0.6660738505920281,0.23314427756033096,0.7449828491796289,0.7348453828730819,0.9933770158609989,0.7222138565583873,0.3597262645826189,0.27804409499427896,0.3455854465779886,0.7431708752992889,0.48428521788117074,0.7738070504292618,0.6924333063092507,0.8292560163553373,0.8451155112420425,0.46299296758450403,0.7431708752992889,0.7431708752992889,0.7280707215884723,0.6254873296405846,0.5859276849901085,0.7431708752992889,0.8344672026399325,0.7431708752992905,0.8063166188667118,0.6255046224849004,0.42581890185804405,0.9704715177483141,0.6947234262930655,0.8803172587089365,0.4190011178191342,0.43784873987619,0.7431708752992889,0.6502709830008115,0.633591653116093,0.27665128124708993,0.39684151716179306,0.6947234262930655,0.7203448082844133,0.790795767662827,0.3162448958728893,0.7431708752992889,0.4164235453179592,0.7192817469566923,0.6548236820072841,0.6856955474488342,0.838109082152373,0.42560936575063435,0.7877432951704428,0.7431708752992889,0.6436133450657828,0.5718105818919748,0.7431708752992889,0.9958156369515736,0.6540893223943345,0.6683058788642313,0.351917939844562,0.2668226381461677,0.7431708752992889,0.9454185216116371,0.6271416147624606,0.9419867386642065,0.6881799335952938,0.6626653640991826,0.6559068674297326,0.660473746847007,0.6190115757076402,0.7907957676628272,0.7015316491098449,0.5579250762472651,0.8357100362200889,0.4933111208007468,0.6621670960967707,0.6283715905994338,0.8587719437735877,0.7695919367481672,0.76307988118122,0.7431708752992889,0.939296448593359,0.7683089150318518,0.7057278108061633,0.8637086519058848,0.9474249368874275,0.7804688175477101,0.8031712936207007,0.9568054850138643,0.7804688175477104,0.8427180104423655,0.8284086162176745,0.978399018272913,0.6225363837994067,0.6655699765499663,0.8373021566360079,0.45423928972655203,0.8451155112420423,0.8966022937609015,0.9740814815410828,0.7165014538713882,0.9042827683080545,0.8344672026399325,0.7854200494094525,0.730743241930695,0.7809089435097236,0.6826509421229376,0.7604897107133479,0.8429579738724984,0.9119091929424148,0.9324870860155796,0.9988129382625097,0.9574511987236054,0.8484908109779472,0.7556136647941967,0.8881730967101972,0.7079822296372045,0.5261540841301864,0.5166996572168634,0.723509262801578,0.8882420183245303,0.5866352483436845,0.6337684949210232,0.7973359365885068,0.8117426472449562,0.8357100362200893,0.3518816285471784,0.8637086519058848,0.7014514318568292,0.7664404416746766,0.7750008932662835,0.5802423610893451,0.9119091929424148,0.9361936680567378,0.5394705391608183,0.8670595338044234,0.886586143163953,0.837302156636008,0.816264666098494,0.6880441579889671,0.909385058694516,0.9363995994155573,0.8497757441784408,0.9545686391772525,0.8853172535850606,0.8373021566360079,0.7224847956737392,0.40757961955295585,0.6684251158990802,0.7348453828730821,0.9004940364163532,0.6006944372996484,0.8116663936304358,0.7449828491796286,0.4789197198624895,0.7431708752992889,0.8115800187854456,0.7431708752992889,0.7431708752992889,0.3067556182454423,0.8818338513270874,0.7043061423436843,0.7431708752992889,0.4680850380172683,0.38106357238983246,0.8119977657595074,0.7081140723666872,0.7093549715815093,0.5975265024354004,0.8174862680805626,0.9058456151342525,0.3895885012665471,0.8797701373444518,0.8764224637892695,0.9093850586945165,0.6982000155310901,0.5622544192931056,0.6540004015989405,0.6207824787649796,0.9667745238162688,0.8433079947733282,0.7649854969198533,0.8767833787248258,0.5709218966276459,0.7605174113429305,0.6947622955908119,0.8081311165025296,0.9720856593855487,0.8357100362200887,0.5549786871818037,0.7147962403369661,0.6342082311491122,0.7722375353704279,0.9014314186443212,0.8155856001785133,0.8323862395107016,0.7517200521801015,0.8951272353242403,0.47018479995339857,0.5519697368588354,0.8637076121118328,0.7080684874839247,0.993034913323342,0.6894159195350439,0.4729384751768526,0.9004940364163532,0.31321640432394016,0.8952738638064288,0.9968303829711529,0.3510533707168374,0.4673334326013351,0.755127768538304,0.47361165782788106,0.760489710713347,0.777053165585835,0.7344311313643821,0.7431708752992889,0.7695919367481672,0.80552737192519,0.8022278398026618,0.6122210287810981,0.7602000973042934,0.8164349099391167,0.7921675250792661,0.48910656030562083,0.7895862211130906,0.2639948026509088,0.8344672026399316,0.40895344785299703,0.8392442071015723,0.49398797291075325,0.7535957327134986,0.9411986340097223,0.758755859547249,0.775000893266284,0.689933091481969,0.805437584750486,0.6655011453296329,0.27744875086954357,0.49532185698774367,0.7807707258469974,0.6600310326575616,0.5166782941666574,0.7079822296372041,0.9056710439994937,0.8458714951278947,0.8088111631761216,0.6229571938767546,0.7718741959378537,0.8343743379178097,0.7624534917969603,0.4221183251583599,0.4030220950581307,0.921891580360551,0.6461333834541849,0.9064206691382038,0.8103542576307945,0.764463880606461,0.8830288233047459,0.7996361603233175,0.6411229421467315,0.8251411757254743,0.76207976965074,0.7203957864208019,0.85103298326874,0.7695919367481672,0.8094833764446481,0.7431708752992889,0.7222094813814703,0.5687350155421307,0.5200835129093176,0.6924333063092507,0.7431708752992889,0.6201618460634651,0.45170236645220707,0.6342082311491117,0.6279602688215606,0.6655699765499656,0.6090996528181254,0.5964081625952978,0.9548710823073729,0.6755132823520935,0.8681677341003669,0.6434732564470673,0.7113857494869986,0.8115800187854456,0.6085079902788,0.8525034332144863,0.9972557380978945,0.6270134032933878,0.9218915803605505,0.7388308463410306,0.8342149872161326,0.846952777749949,0.8284005927134905,0.9586368323579755,0.7715834556054186,0.5905044705052332,0.6852287854965331,0.837302156636008,0.802227839802662,0.8081311165025298,0.4396661376797413,0.36515894236482505,0.7348453828730819,0.989195179263386,0.7711810729293314,0.7348453828730819,0.7348453828730819,0.9719321846052791,0.7431708752992889,0.7834491233257191,0.9674259198311388,0.7431708752992889,0.7125841942671087,0.5251043385286569,0.9052983512742422,0.7907957676628272,0.8298015015479603,0.8088111631761213,0.7624534917969603,0.40986942439167295,0.47437821631601285,0.7491756278169293,0.3938372182962264,0.7431708752992889,0.6864417997228554,0.7605174113429303,0.7578863998373881,0.24520509100426469,0.6237097576520956,0.788718772853704,0.8689117280851084,0.7781429858473845,0.929024126787924,0.7283760204326701,0.8284086162176745,0.9784836919790159,0.7193510471098263,0.9258894294912599,0.8489883250191621,0.7937891208337406,0.9247111621301727,0.6684233990250252,0.7605174113429305,0.7210550277674554,0.46291172779362333,0.7431708752992889,0.9420589374421864,0.671727993659164,0.8451155112420428,0.4751406669321725,0.7973792966790345,0.7937891208337404,0.37928211522796207,0.7804688175477101,0.4431062112438986,0.19797983492457472,0.7431708752992889,0.7431708752992889,0.9584048950231167,0.6541992661485856,0.6922401272765493,0.6344974721931848,0.4499318074897487,0.5756560853078889,0.603601042316134,0.29407757053000905,0.6826509421229381,0.37092061095571005,0.7431708752992889,0.8269522449537855,0.7695919367481672,0.8532920118076435,0.41290992683963723,0.788718772853704,0.406042254437616,0.7431708752992889,0.7431708752992889,0.3270127345551169,0.7999960359115466,0.30969668186648935,0.7844552203124653,0.43864333582403203,0.6877533021343365,0.926508655769325,0.9824413784662902,0.40652003612698373,0.4301249662599562,0.7431708752992889,0.6455118395399997,0.3022609481187839,0.8103158901326046,0.8373021566360079,0.9067555483170795,0.8453058211192146,0.7968974600609418,0.5835331529362802,0.8381090821523732,0.721507798026289,0.7431708752992889,0.3504118245000081,0.7914524989062517,0.6410127462206583,0.5701678512232804,0.7348667698110338,0.7716036057947153,0.6468548021911563,0.5813144457336801,0.8624031815176508,0.9643777028130729,0.4637427506444233,0.9144402420742332,0.976874885359055,0.8369706810429851,0.8506761496302744,0.35852034429458224,0.8225734700092833,0.7624534917969603,0.6754982198214636,0.8078696895263489,0.8859915107459562,0.7913168658345082,0.8532920118076435,0.9044899469925682,0.8532920118076435,0.8907614131129443,0.5415222806806008,0.9631901563402026,0.643613345065782,0.8022278398026617,0.976874885359055,0.7365242011142292,0.8320966261016476,0.6225717483206146,0.7877432951704415,0.7958167654209829,0.7866430096976507,0.856008514645342,0.8088111631761208,0.7556366787646205,0.9615683274271376,0.7889531134754381,0.7287839170609913,0.7431708752992889,0.5310045206855802,0.9727033216394299,0.6579495862380107,0.8451155112420429,0.8498006684528447,0.743789338889536,0.6745299274890597,0.7431708752992889,0.44868427019554813,0.36337702730276544,0.7890915444598159,0.2563734350732876,0.32519027774452425,0.2841187443278148,0.8009638285360556,0.5331857734176995,0.8839490276777153,0.8725562643696925,0.0,0.6742766833455953,0.4019161717835398,0.8094833764446483,0.7895862211130906,0.7715834556054184,0.9615988400138035,0.9486225573116154,0.3853307318546013,0.9393384699333522,0.3516850044015192,0.8022278398026615,0.7348453828730819,0.44994482640045674,0.5576251804299894,0.5548920036009815,0.3375931530418401,0.2686428258684874,0.7431708752992889,0.34746262978054987,0.5288314226789486,0.7468645021849944,0.7431708752992889,0.3895885012665472,0.9923504136228154,0.788718772853704,0.8587719437735877,0.7624534917969603,0.6029824232890459,0.7551406423489793,0.7546275078572944,0.9989098079846288,0.9205117192012489,0.8818338513270871,0.38905272293149973,0.7431708752992889,0.7388308463410309,0.7431708752992889,0.8713002539551251,0.5908080588805045,0.549666409315128,0.8532920118076435,0.8572709232483801,0.7252302436125977,0.6638719896237842,0.6874123855032777,0.7431708752992889,0.6013152228924961,0.4158051131494521,0.7080454994478496,0.7428252590554913,0.6640102757866118,0.8539453617971722,0.6207824787649812,0.7030921523899181,0.9701202380913234,0.5828968418205388,0.32985122653537324,0.9701202380913234,0.9955096588608976,0.8637076121118326,0.6769642436257235,0.9701202380913234,0.8532920118076435,0.8725752167425382,0.8674070011286249,0.6015482220712827,0.8452778185685963,0.7231649664338184,0.6899330914819686,0.7192822108419856,0.7934993295128958,0.7952994429239272,0.6654691557178289,0.7280707215884724,0.795816765420983,0.8320966261016478,0.7997621646218015,0.6675950132760391,0.7683089150318512,0.5678547979951188,0.9974512424691173,0.6586276354814073,0.7761923060583291,0.8381090821523731,0.8513524803026211,0.84948865162849,0.9699878351135993,0.9479936575220589,0.801010969060709,0.711504030602482,0.8323357203239439,0.7789783388157552,0.9194936674922503,0.7335433167757843,0.811205833749246,0.8494140853274333,0.8445275759642514,0.9609960945303331,0.86937059006694,0.7432377804777189,0.8852337768299303,0.5819802018699101,0.6161055532700814,0.8315566732461728,0.6620262244519237,0.7673802694053566,0.8115800187854445,0.9707193777672359,0.9350734990645873,0.7332415752367151,0.8235775204287379,0.7921675250792661,0.9988129382625097,0.9540928615789439,0.9808511311125242,0.7693246760294277,0.9941349958860037,0.9833183631879887,0.9036991932571588,0.7775722967420098,0.7907957676628272,0.8396138091088563,0.5730916185111696,0.7179145652229255,0.9119091929424148,0.9290904411508085,0.5228104969971326,0.8104635148784827,0.7804688175477095,0.8073419023819206,0.5122530720480989,0.8937930165482266,0.5917615628792503,0.9724659055822087,0.45145351245301446,0.7352352970522484,0.8115800187854456,0.5986141853266183,0.9498214503653479,0.8396138091088567,0.8807174319218232,0.7951236054931938,0.9052983512742422,0.9695016202708446,0.8115800187854456
p309_T,0.9465018525363842,0.8867793699144204,0.9320964215722473,0.9495645679265194,0.9888877218166614,0.8368897280214713,0.839185214439441,0.8449652057281372,0.8780124908814335,0.9495505106234361,0.9844690963672101,0.9334927596276981,0.9334927596276981,0.5777577078748017,0.9866968667809444,0.8829583596177213,0.8247745466647922,0.9952831447476325,0.6702779736260047,0.9168592415074228,0.9145855552030098,0.9881818565067269,0.9615686274509803,0.9926931063209248,0.947653575322335,0.9131105611405981,0.6773178727988078,0.8940275945888623,0.9168592415074226,0.7361707610602164,0.9048830033154058,0.9422080421889416,0.9275156757582277,0.8970640020677771,0.9355809960386168,0.7978501428016825,0.9926931063209248,0.6406227204092918,0.9522137875062904,0.5628734872929673,0.9645515900483714,0.9148167155454525,0.9522137875062904,0.8895546908938254,0.9722312205307764,0.774756584007736,0.9399319300513138,0.8737979857661251,0.9923032503352311,0.8627763408565621,0.9422080421889416,0.6707674058876096,0.9131105611405981,0.925605968967548,0.9275156757582275,0.9894121426990234,0.9894121426990234,0.9355809960386166,0.8924967619895643,0.9314553797224698,0.8808530918450068,0.857330374445015,0.9541968529441156,0.8724042835510755,0.9331052725841533,0.8716799918409446,0.9989330715481036,0.8677031490372049,0.8802523537926027,0.9254223119773605,0.4755638429060731,0.9518647719377948,0.9355809960386168,0.7801987391563083,0.9355809960386166,0.8560058896255163,0.9881818565067269,0.9844690963672101,0.823006443777953,0.5556944153918206,0.9237321696604077,0.9984593147144779,0.7839965608218945,0.9131105611405983,0.9355809960386166,0.4661288649779929,0.9432185749403659,0.7753454676351306,0.8951849796577995,0.9334927596276978,0.9355809960386166,0.5218419464298661,0.7614494757370232,0.8410896574139455,0.9838698730483884,0.8737979857661252,0.531986246641882,0.8859699871586739,0.7950267112472247,0.7701296598146816,0.8512887315453759,0.8896463743514136,0.5313517461809375,0.7489804053126816,0.9786364242927295,0.9470055188469617,0.46831460282316384,0.7429517781629604,0.9200817943852444,0.7830336770148896,0.5620457875981335,0.8763264907178421,0.9901415714403683,0.9495734432236995,0.9399319300513138,0.9997925909264851,0.9725096342470558,0.9470055188469617,0.9774873843362967,0.8453437407159918,0.9575684533387441,0.6359654457649799,0.5067714743475993,0.8661444446656796,0.9636305634488506,0.7127627767570488,0.9377253379624282,0.8496029817787222,0.9852901633058908,0.8925262950745885,0.8386319972225236,0.9399319300513138,0.8812152990221935,0.9522137875062904,0.9722312205307764,0.7550989813120709,0.846623582568657,0.9989330715481036,0.9422080421889416,0.9314553797224696,0.9012469203801523,0.9495505106234361,0.8009294265428091,0.7371927675833986,0.598949788043281,0.8866210237012304,0.9884184727022943,0.7997160938696783,0.9114262935403583,0.6935669782115952,0.850064117572852,0.880853091845007,0.7795559951736164,0.8770085425434322,0.8223564127592393,0.9518647719377951,0.8343868211918213,0.7998166542658522,0.8691996695255617,0.6076668460816095,0.7818560488932564,0.9967391619170713,0.7859731357528772,0.749175627816929,0.9604778720347484,0.7201268773091858,0.8239952590260253,0.9645515900483714,0.9451809453601019,0.8773273917878179,0.9123838819213477,0.9334927596276981,0.909762579821223,0.738050700385884,0.9398486453052506,0.7450370076835062,0.9254223119773604,0.8624569788734151,0.8111225839870733,0.8025346438625733,0.9217600911877293,0.8587055344279981,0.9309382944231761,0.9334927596276981,0.8213256187370719,0.6594449717219291,0.8706984815891998,0.8751970566277454,0.9256059689675479,0.9460700595274507,0.9314553797224698,0.9413503191453481,0.7082727211273419,0.7333859584439868,0.880853091845007,0.9355809960386166,0.9377253379624282,0.6651976102888644,0.8737979857661253,0.9924555631795065,0.8920802319381609,0.9334927596276981,0.9355809960386166,0.9646783344720327,0.8021516060453169,0.9495505106234361,0.9355809960386166,0.8125698569594539,0.9272324378358678,0.9129158007108344,0.8944739890743294,0.9290080779290668,0.9629124330159164,0.9355809960386166,0.8173115982101794,0.9355809960386166,0.807772301458827,0.7211301413300412,0.6803044897315855,0.9355809960386166,0.9520338727895101,0.9355809960386166,0.8391852144394412,0.914753761965559,0.5096656801626661,0.9508660665197832,0.9464536062171711,0.7326873144368853,0.9314553797224696,0.7355555555555555,0.9218915803605512,0.7650131182837037,0.8513214662509339,0.8970640020677767,0.9989330715481036,0.9031200523835076,0.861416294711902,0.8406264652017018,0.8578301230138871,0.9272324378358678,0.8925262950745885,0.9294643302252341,0.4661738476647571,0.9314553797224698,0.9355809960386166,0.8766017896141822,0.9355809960386166,0.7315418548986163,0.5868815635062232,0.9422080421889416,0.9081181966045127,0.7098182270961277,0.9377253379624282,0.8910355038772135,0.9200817943852442,0.4871165180546768,0.9696315366465988,0.8239952590260253,0.9399319300513138,0.5510342969293885,0.8638962238722949,0.8024499377942451,0.9334927596276978,0.9942714459947756,0.6946692109264081,0.9522137875062904,0.860402838722307,0.8125698569594539,0.9148167155454525,0.8624569788734151,0.5390983295798564,0.9422080421889416,0.8078853517583087,0.7429517781629604,0.7641927640664482,0.9470055188469617,0.7830336770148896,0.9940847844961918,0.9984593147144779,0.5947907453679709,0.9470055188469617,0.8617361010523721,0.8341393539507436,0.8719390991735309,0.9015112496120745,0.8380225099110044,0.49199575129111117,0.9329290708210041,0.7552872343353838,0.9314553797224698,0.9399319300513138,0.9464536062171711,0.6802139348357852,0.8616362273895215,0.7905401273174393,0.8159705917998175,0.9112569593010917,0.8064378642836322,0.9254223119773605,0.9044988266272496,0.9268197928698962,0.6651976102888639,0.7046386402333294,0.772237535370428,0.9015112496120743,0.9967391619170713,0.9923032503352311,0.8940275945888623,0.7911718379713597,0.885167246945058,0.853315849241236,0.672802432838022,0.7586486459141031,0.7914398475103943,0.5471207002050122,0.9495505106234361,0.9413503191453481,0.9495505106234361,0.8970640020677767,0.8925262950745885,0.7182104094599598,0.9399319300513138,0.9355809960386166,0.9422080421889414,0.714950134008761,0.8403716880382992,0.9470055188469617,0.9445623805946022,0.807520221981338,0.9355809960386166,0.9200817943852442,0.9470055188469617,0.9071885561788842,0.9866968667809444,0.9878352499541921,0.9134648431298378,0.9989330715481036,0.788653366078027,0.7896323222098085,0.8594771551273881,0.9275156757582279,0.619128261482045,0.9399319300513138,0.8970640020677771,0.7274551038214633,0.925605968967548,0.8866210237012304,0.9522137875062904,0.7484819301841803,0.7084202416467231,0.7184545893849332,0.9722312205307764,0.9334927596276981,0.989682131878626,0.8057570438652032,0.7552872343353838,0.7567985965131943,0.644585089405777,0.9355809960386166,0.814627900626244,0.8955399645501794,0.8474072181717969,0.9980715070378494,0.9495505106234361,0.8038126664077958,0.9355809960386166,0.9355809960386166,0.9114262935403583,0.8780124908814333,0.6444956181839547,0.9355809960386166,0.9495505106234361,0.957805552405294,0.9760740600631372,0.8696318695590661,0.8021516060453169,0.7978853750711603,0.6824504981880046,0.8083287302412826,0.7592008796424092,0.779893981592517,0.9355809960386166,0.9324342367818583,0.8604343420735318,0.7167480035802152,0.7658943881415683,0.9460700595274506,0.6905633245876162,0.9399319300513138,0.7413772464564756,0.9355809960386166,0.68216334732312,0.8403716880382993,0.8467627026932134,0.8588112847208323,0.9377253379624282,0.7376232163734007,0.8805458336495586,0.9355809960386166,0.8682526269766764,0.7984460113483247,0.9355809960386166,0.9786100658041366,0.846791297536104,0.9213564111708461,0.6512485148307117,0.7491756278169288,0.9355809960386166,0.8116375744019819,0.8677031490372049,0.9942714459947757,0.8145699070152872,0.8844540533984582,0.9147537619655588,0.8837215992432153,0.6505514505877915,0.9399319300513138,0.9320068308827978,0.856005889625516,0.7788235294117648,0.8382544005945727,0.865001027363508,0.8726986930701592,0.9615686274509803,0.9422080421889416,0.5527676454136803,0.9355809960386166,0.9470055188469617,0.8130310621932637,0.9256364643729031,0.938569729381019,0.9866030402791095,0.9314553797224696,0.9976363638661775,0.8973713569620819,0.9314553797224698,0.8926703623948281,0.5313517461809378,0.9805867004734363,0.9289494109520751,0.8052983677989937,0.9470055188469617,0.8051727407663847,0.9495505106234361,0.9805867004734363,0.9615686274509805,0.8628502452440896,0.6734388855421991,0.9495505106234361,0.8612126477916637,0.9641813269710355,0.697665292919458,0.9148167155454525,0.9218915803605512,0.9080208724124175,0.9967391619170713,0.8970640020677767,0.9952673588808036,0.8983252669676238,0.6159841925835977,0.9031200523835075,0.9237321696604077,0.9048830033154058,0.6460333736261422,0.7115665646213174,0.4820290468465872,0.9722312205307764,0.9040161556168069,0.9347116766198293,0.9017126880527937,0.9165462137008822,0.9183006535947713,0.6468260675348929,0.9237321696604077,0.8368365632114232,0.9165462137008822,0.961938580597147,0.733835870075904,0.9464536062171711,0.877623523612108,0.9625662829398853,0.5725173933899641,0.9031200523835075,0.9470055188469617,0.9598414011813181,0.9506880141013581,0.5661082321204187,0.9305880744557047,0.5298611989328232,0.9722312205307765,0.9989330715481036,0.9470055188469617,0.6753339846499176,0.8432867912937103,0.9235615721162846,0.9852901633058908,0.9629124330159164,0.7994594714670618,0.9472238480293105,0.9294643302252343,0.5244402296931017,0.9355809960386166,0.9445623805946022,0.9355809960386166,0.9355809960386166,0.7701296598146816,0.9183006535947711,0.8160154479064051,0.9355809960386166,0.7583036010960924,0.7942118959248201,0.9272324378358677,0.6373548990942686,0.9047213896626451,0.8531697165055645,0.8686361960629083,0.8766017896141824,0.7969703620943662,0.9275156757582277,0.8844608451681752,0.9445623805946022,0.8955399645501794,0.7870618514072056,0.8173115982101795,0.980630720675137,0.9275156757582275,0.9677078677803634,0.7466886753166719,0.8719390991735311,0.6204767054355708,0.9399319300513138,0.8167733719271149,0.921891580360551,0.7510124144758188,0.9183006535947711,0.8325804774157843,0.6447905608537983,0.880853091845007,0.9183006535947711,0.9348849767198617,0.9399319300513138,0.9218915803605512,0.5125969784526052,0.7998166542658521,0.843925349976794,0.9180565065029516,0.9422080421889416,0.9791544131818322,0.9294643302252343,0.9717387263134301,0.9372891307871852,0.7039254146249526,0.7167480035802152,0.9451809453601019,0.9774873843362968,0.6913211119115559,0.8051727407663845,0.8766017896141822,0.6722669822273886,0.8532920118076437,0.8822836759018076,0.906341197991444,0.9355809960386166,0.9422080421889416,0.9992581931621223,0.9355809960386168,0.9776415955422071,0.921891580360551,0.9314553797224698,0.7453076331336081,0.7376232163734007,0.865359477124183,0.7522449239219364,0.9495505106234363,0.7108811209865669,0.9696315366465988,0.8306537927149376,0.9314553797224696,0.9285304562976123,0.8920317838114342,0.6562938490287817,0.7009786641682371,0.9505873750541253,0.8479589472056546,0.6830793958103462,0.852447500484115,0.7801503791531778,0.80967785571777,0.8431043451889139,0.9048830033154056,0.9836543654419935,0.947653575322335,0.9377253379624284,0.7694578498220602,0.9394399552106525,0.8641397759307594,0.9334927596276978,0.7070793564563411,0.6434002186344215,0.9774873843362968,0.9563913537465478,0.9464536062171711,0.7852944502139065,0.9641813269710355,0.9148167155454525,0.9063742447456444,0.8661444446656797,0.9200817943852442,0.871015668341351,0.9237321696604075,0.9334927596276981,0.9989330715481036,0.9774873843362968,0.9355809960386166,0.9329290708210041,0.8589858090454519,0.7552872343353838,0.6659840472481791,0.9355809960386166,0.8519739816754526,0.7038166163702431,0.880853091845007,0.9760740600631372,0.9096814050133906,0.5511458375114648,0.8770085425434322,0.7448851469264457,0.9866030402791095,0.9903709845654333,0.8105886236035886,0.6725904969034839,0.9445623805946022,0.5578547200175851,0.9707630758620763,0.8896463743514136,0.829824562835178,0.9071885561788835,0.9081181966045127,0.5139424815431142,0.9071885561788842,0.9256059689675478,0.6123400429119741,0.7978853750711603,0.8483722207901454,0.8814621993288598,0.9470055188469617,0.9355809960386168,0.9881818565067269,0.7062885929790661,0.749175627816929,0.9334927596276981,0.9422080421889416,0.9294643302252341,0.9334927596276981,0.9334927596276978,0.8970640020677767,0.9355809960386166,0.9294643302252341,0.8822836759018076,0.9355809960386166,0.5309897209989578,0.8182133745236758,0.9470055188469617,0.9399319300513138,0.9445623805946022,0.9377253379624282,0.9334927596276981,0.7070793564563411,0.8199889998427841,0.9183006535947711,0.7983447668609212,0.9355809960386166,0.6956052052694242,0.9967391619170713,0.9165462137008822,0.7382049008693428,0.6904520531342787,0.7978501428016824,0.8424035886035852,0.9200817943852444,0.8992368483577364,0.6390361046400201,0.9355809960386168,0.8925262950745887,0.6591775175391273,0.9043065366688322,0.8922481907338065,0.7090728944500639,0.9892083965651994,0.9268197928698959,0.9967391619170713,0.5657248610144181,0.8483722207901454,0.9355809960386166,0.9888877218166614,0.9063411979914437,0.9495505106234361,0.6994401000303745,0.978616554847229,0.9385697293810191,0.8245129483088545,0.9314553797224696,0.7808644905581623,0.726841459869193,0.9355809960386166,0.9355809960386166,0.8910355038772135,0.7852757351006459,0.46359747162287956,0.7606847995947024,0.8528224833278104,0.7445307302578104,0.7913367469164444,0.7921320258654092,0.8345551319705008,0.7860466895568214,0.9355809960386166,0.8737979857661251,0.9422080421889416,0.9522137875062904,0.6423181789189105,0.9470055188469617,0.7858515963541473,0.9355809960386166,0.9355809960386166,0.7133041786854932,0.7445786492931157,0.7463943366694266,0.9881818565067269,0.6758625785966197,0.9031200523835075,0.9081181966045127,0.9125853346219002,0.8140118981600479,0.5686671626616369,0.9355809960386166,0.6215877062675021,0.7686710742353546,0.9377253379624282,0.9470055188469617,0.8844608451681752,0.849460080892052,0.8798686757794372,0.5725173933899639,0.9377253379624282,0.8721997866493552,0.9355809960386166,0.7801987391563083,0.7852944502139066,0.9031200523835075,0.8141847448017359,0.8849600423264511,0.925605968967548,0.8794294801784419,0.5843125249145253,0.944562380594602,0.8333134885197049,0.8253285101599332,0.9294643302252341,0.9168592415074227,0.9017126880527937,0.9131105611405985,0.7627817270874744,0.9422080421889416,0.9334927596276978,0.8426242563237647,0.9097625798212232,0.6215877062675024,0.9368723982681522,0.9522137875062904,0.690999991790061,0.9522137875062904,0.9522137875062904,0.8720455479999367,0.8986003425351379,0.8682526269766764,0.9355809960386168,0.8500641175728519,0.9668548619269122,0.921891580360551,0.6398470179497431,0.9275156757582279,0.9334927596276981,0.9495873612601233,0.8655068173538913,0.9377253379624282,0.767587891338494,0.9310028073541698,0.7759124991561703,0.7706744709817419,0.9355809960386166,0.49253805534826733,0.9355809960386168,0.7563078409777635,0.9495505106234361,0.9565880742927937,0.9165462137008822,0.6787728935195656,0.9355809960386166,0.7522449239219364,0.6681998826838405,0.9165462137008822,0.7537693866232709,0.7801987391563083,0.7627817270874744,0.9422080421889416,0.7744742852640154,0.8773273917878179,0.8000118450787022,0.6742766833455953,0.0,0.638047369443105,0.6962920717066454,0.9518954248366014,0.7445786492931155,0.871015668341351,0.9518647719377946,0.7955927737497683,0.9080208724124175,0.6830793958103463,0.9355809960386168,0.9334927596276981,0.7997160938696783,0.9455352361997018,0.6505514505877914,0.7167480035802152,0.686019303148039,0.9355809960386166,0.7317629240085874,0.9298073906738056,0.4290349638541149,0.9355809960386166,0.7969703620943662,0.9285304562976123,0.9470055188469617,0.9183006535947713,0.9334927596276981,0.8754589939070448,0.9131105611405985,0.7367021197129772,0.9707630758620763,0.9819892179253322,0.8653594771241833,0.6555942111788517,0.9355809960386166,0.9081181966045127,0.9355809960386166,0.9470055188469617,0.6134343618863061,0.853315849241236,0.9522137875062904,0.9064920176718156,0.7204004984525936,0.8794294801784419,0.9760740600631372,0.9355809960386166,0.7872544459254589,0.7730311501172682,0.6928160054085919,0.9424686286719847,0.8925262950745889,0.9989330715481036,0.9048830033154056,0.9032901911357234,0.8940275945888623,0.8641397759307594,0.7089867309177628,0.8940275945888623,0.9017126880527937,0.5280619814444656,0.8829583596177215,0.8940275945888623,0.9522137875062904,0.9952831447476325,0.9377253379624282,0.8340556435485736,0.6521280109467598,0.9409501284699298,0.7434758999605573,0.9320964215722474,0.8925262950745887,0.9183006535947713,0.8910355038772138,0.9114262935403583,0.9334927596276981,0.966854861926912,0.900726820402769,0.6892997658903175,0.9999058090993418,0.8604028387223073,0.8880833554050742,0.9492333450312933,0.724627400882714,0.9926931063209248,0.9399319300513138,0.9375514328635437,0.8970678842148452,0.9081181966045127,0.7779424286971001,0.9666265784581531,0.9422080421889416,0.9445623805946022,0.9740698251838671,0.9064920176718156,0.7522031776191599,0.9310028073541696,0.9430450953185581,0.938138343510984,0.6831243147374932,0.9409501284699298,0.9355809960386168,0.8650108403997219,0.6904138682292932,0.8383902593264997,0.904740849996801,0.957807956582734,0.9331052725841533,0.9953407916725414,0.9779265190687878,0.9131105611405981,0.978616554847229,0.9451809453601021,0.6975749527948758,0.9702724928174435,0.901634868391278,0.7549722614362547,0.9246724996449085,0.6521280109467597,0.963966237824996,0.7082727211273422,0.9464536062171711,0.9377253379624282,0.856005889625516,0.9081181966045127,0.946453606217171,0.9625024121535213,0.8782341305473451,0.8432867912937103,0.9677078677803636,0.9677078677803634,0.8111252182639921,0.8709676073375175,0.8406264652017017,0.9967391619170713,0.8213256187370719,0.8709676073375177,0.9445623805946022,0.8936281262041488,0.7510124144758188,0.7874358202450882,0.9495505106234361,0.9472500422820557,0.9470055188469617,0.8084649596240483,0.9445623805946022
p310_C,0.9489658030339867,0.8110443263450083,0.8386370884168701,0.9040256864972482,0.8732007079970958,0.759766331833127,0.7436333740411345,0.7489436457827106,0.7029937977468987,0.8771692991060438,0.7717935253273169,0.8380730697098475,0.8380730697098475,0.5058842236880099,0.8812317246422106,0.9970125884920227,0.8393122306557518,0.9336801251274396,0.8773808500958835,0.8216680194428498,0.9752483304510675,0.6833518576330393,0.9550598199389972,0.9413167631393242,0.647926186111001,0.7884479940774016,0.6731008192402961,0.7617553061452398,0.7840226842614613,0.6370483515632885,0.8544478559800948,0.8924649165284118,0.8235205061445547,0.9312990718066849,0.9032440620793873,0.8773808500958833,0.8108471743294653,0.6896902233041748,0.8836536494976579,0.6002988071239432,0.9298137044599376,0.7926020131561144,0.9232736515720152,0.7502619725046471,0.8670141325583278,0.7769745494039162,0.7300384715888374,0.7101718456338553,0.5547170345685692,0.6658979418798263,0.9256374352880539,0.7248107425397013,0.8116039841436649,0.7581750719242139,0.8235205061445541,0.9728083107647914,0.7708032179176928,0.6761489807685291,0.7394589873747277,0.7974859260985394,0.7099098837495044,0.8277440351948512,0.9799921052599658,0.793206697045151,0.7213007273604102,0.6705627334983411,0.8421549333944528,0.8960082806774132,0.9631594616797821,0.8054819331459054,0.49802649359757745,0.9894652398776853,0.8732007079970958,0.47817866317182767,0.6761489807685291,0.9861916690963053,0.9111915268023028,0.8752679679528749,0.6402013306586438,0.7597663318331271,0.8919145361396157,0.8439192863303996,0.5299111516624201,0.8116039841436655,0.6761489807685291,0.4748523437329253,0.8860801654153679,0.5269774816050559,0.9067160093403006,0.6948435845294496,0.6761489807685291,0.3596876177036774,0.7022641248928424,0.6227235325809097,0.813374200204546,0.9584830784147391,0.34543098427769614,0.959120766237098,0.483505306718524,0.5458848800435425,0.7708032179176927,0.6980222530635432,0.6761489807685314,0.723788455283245,0.6978179181276567,0.7335830161959275,0.4082095469493041,0.4519183305775436,0.8054210393176366,0.4851265387704369,0.4223469168190608,0.9013508203866705,0.625925184727796,0.553100837370537,0.7940709086394254,0.5888430008709165,0.8374789535554062,0.8709729405791935,0.9578663422049131,0.6045918196216384,0.8077602014179059,0.42882619329740845,0.6230783327213936,0.9089649313518366,0.8642121549286506,0.30944870635114596,0.7488881586966621,0.9611503529344191,0.9575779665198457,0.7578911151421261,0.6071130723431457,0.8537506875823437,0.7094648583558847,0.8836536494976579,0.6731008192402964,0.8285538881836718,0.6884348596976453,0.9084999709137367,0.7758098958751685,0.7122394337780018,0.809036726525241,0.7463773490800727,0.4977728069068439,0.5867587739445536,0.49254205048793387,0.7239532193979641,0.8021732059365545,0.5123634971973559,0.7843472633784994,0.4218617281143938,0.7463773490800725,0.7099098837495035,0.6211852798603787,0.7580266277851462,0.908499970913737,0.8071381496561862,0.6843273150658782,0.9168309538733679,0.97155412180322,0.3012348114728369,0.6306144192181988,0.8581033456900125,0.7960169068916999,0.6232672675524444,0.9419420934501516,0.48701838166995925,0.7446649458854748,0.8432575799302784,0.946772451029041,0.6190132764675365,0.8411612450010528,0.8116144209696268,0.9149666376534866,0.5964116168190494,0.8874232726894711,0.6840091279451679,0.8414313916208946,0.9290203556384022,0.7151855044072022,0.7251415395906677,0.7464936052180753,0.8181923707466539,0.9054732798157585,0.8380730697098475,0.8947091342257192,0.43506951385989123,0.6474611637766459,0.7312815419459706,0.7581750719242137,0.9595379980389475,0.8899436020594855,0.7386906216197298,0.7010331360917046,0.48005413771281535,0.7643428930912919,0.6761489807685291,0.84837823969012,0.8259014235387183,0.9891992780139867,0.8582121608890491,0.7319599378402666,0.8964584879299351,0.6761489807685291,0.9023882009178471,0.5446473220759211,0.8771692991060438,0.6761489807685291,0.8763253570848104,0.7970114670522837,0.7135619217451148,0.8575984705701292,0.7177511296573074,0.6656508754194068,0.6761489807685291,0.8676079018855186,0.6761489807685293,0.8248305151201456,0.8984570497489749,0.8176137398287335,0.6761489807685291,0.6636082748474115,0.6761489807685291,0.6234199034396144,0.8963924412353323,0.46724926819141155,0.9256335585663207,0.6980222530635432,0.3965978470970417,0.7122394337780016,0.6868185156732421,0.8098273729111392,0.6913270134908263,0.7207636676471116,0.9069942100991828,0.9416724896733784,0.9990586040836651,0.6790010395072965,0.9474656449313414,0.8736750701180029,0.9730530506479886,0.7383309391870481,0.8282649465133354,0.3012348114728369,0.8615281046193062,0.6761489807685291,0.699559126206122,0.6761489807685291,0.5167988692812964,0.6748637821605993,0.8592923977687699,0.820526544422405,0.34504231983558586,0.8483782396901203,0.7347012705834008,0.8218611598382524,0.36685383930455584,0.9011365786092649,0.5714766202463197,0.853750687582344,0.42188793194719554,0.7387695997026213,0.5190196590245404,0.6948435845294495,0.8994974596049312,0.61840264787571,0.8836536494976579,0.6202207046996842,0.6471790891612765,0.8071824614767587,0.6901968508486815,0.3843337266404878,0.8592923977687699,0.5740074831004414,0.6203992152414115,0.714069307642848,0.7335830161959275,0.47174637737709624,0.9282944792185299,0.7720657171723505,0.7767226719527369,0.7335830161959275,0.6964836693389995,0.544190276815046,0.9626109720188293,0.9437653771312211,0.5687486651842052,0.6980222530635435,0.8706590525213851,0.4302777120820056,0.7974859260985395,0.9818155616835189,0.8260871271647187,0.4678135502914349,0.7335830161959271,0.5854720873211647,0.7784500508750836,0.9970125884920227,0.9850161887546584,0.9492797670458614,0.6761489807685312,0.7142532385123799,0.6554084388976413,0.808982414634811,0.4283039554196417,0.7718940920936785,0.8901195642153064,0.96495298756694,0.7419861926666924,0.4400387356625446,0.720413670829471,0.6428642337041466,0.43542448810998136,0.7490857634719359,0.7899348565882163,0.4145348155576394,0.9346040249870142,0.7565390335561455,0.8593133546242379,0.7655008317668166,0.7774512910972045,0.7580070017243807,0.853750687582344,0.6761489807685291,0.8592923977687692,0.8931658787453034,0.5631842840672301,0.7335830161959275,0.968443243793051,0.7240362936394947,0.6761489807685291,0.7721654530590376,0.8709729405791935,0.8786263380561994,0.9188331585431463,0.8820450540224796,0.6044073891369017,0.8592923977687696,0.5258663590841111,0.511361356728982,0.8964047200070748,0.823520506144555,0.4923695523588082,0.853750687582344,0.8706590525213858,0.5857975677157636,0.8188708927094166,0.7239532193979636,0.9628936536463726,0.3535732926884494,0.5229407546256183,0.391847262258751,0.6731008192402973,0.6948435845294496,0.891264084749151,0.6840089569465506,0.4041913823959,0.40787113570756217,0.4645252452269061,0.6761489807685291,0.6051286004183725,0.7656550472608357,0.5720368739758546,0.8346120006306176,0.8771692991060438,0.5361483511652176,0.6761489807685291,0.6761489807685291,0.7843472633784991,0.7743874454925608,0.4744985296423897,0.6761489807685293,0.8216680194428492,0.6761489807685315,0.736387175840727,0.9590088492831886,0.5058914114580577,0.9633307702439704,0.5350396573382028,0.734033934578621,0.5627839926205145,0.5346037523456912,0.6761489807685291,0.96083504310875,0.5265566086270539,0.4005744859687095,0.563560345713864,0.7472888276885757,0.5552278523731171,0.9818155616835189,0.37032436844379557,0.6761489807685291,0.47239602118391133,0.8642121549286506,0.7800196185653752,0.7876025332746959,0.8483782396901205,0.6216940951935899,0.6356025265762566,0.6761489807685291,0.6961811477376108,0.7613254081473043,0.6761489807685291,0.8706626656807552,0.8842442735483533,0.8706346586601549,0.46632538698798776,0.38931129299308065,0.6761489807685291,0.9373788735529486,0.7256060079260456,0.9281380799247694,0.4474891994448721,0.5057553639761516,0.731692912121167,0.7168939142837176,0.5241212550017905,0.7940709086394254,0.7203327065824159,0.6494137458977758,0.7843608081335167,0.559469710326209,0.6338256438453659,0.8769355467199488,0.784360808133517,0.775809895875169,0.6326522542660196,0.6761489807685291,0.9133303085708722,0.8821503404030138,0.8157982619513897,0.866045925483226,0.891955108835082,0.712239433778002,0.9346863865372761,0.9657447134114718,0.712239433778002,0.8752679679528752,0.7662790430154062,0.8903482079762031,0.9094461244892075,0.6187665486693121,0.8709729405791933,0.5256489391539718,0.8771692991060438,0.9246094015510093,0.90628867370886,0.7362099994636893,0.8353980884697856,0.7840226842614608,0.9398158988871832,0.8210626465808821,0.6239356015454391,0.7836403717492807,0.8098273729111392,0.9285810957060491,0.9221357827405998,0.8504457127596186,0.9298137044599375,0.8805333160998425,0.7960169068917002,0.793206697045151,0.8401773148268361,0.7684161422826152,0.2932372066945358,0.4395108623267021,0.6457754932293942,0.9667744560262155,0.6360819611985433,0.5987636969957555,0.781652106021774,0.820764057598703,0.7599752350184487,0.4695404619224294,0.866045925483226,0.9631150708653344,0.7968128678793531,0.7335443100258345,0.40836919945906036,0.7300384715888373,0.9780946194442508,0.7010331360917039,0.7146921149980536,0.7412730223273556,0.8709729405791933,0.5857975677157634,0.7815064348105971,0.8591922957366498,0.9812462186336438,0.7562065249480239,0.7839084268505999,0.9256374352880536,0.8709729405791935,0.5863460049862893,0.553480018147315,0.9610888118532634,0.7240362936394948,0.899192548299758,0.7330978669706478,0.8231926505179257,0.6731008192402979,0.5867587739445534,0.6761489807685291,0.7557736194544709,0.6761489807685291,0.6761489807685291,0.4403286267390576,0.8087463812485858,0.5633674341491512,0.6761489807685291,0.6206409164940919,0.4989622814510555,0.9291460695766187,0.7087083279070421,0.9452162470472999,0.8046139248021718,0.7437054322242208,0.9828808618920866,0.5056783917067738,0.9046520512364329,0.7937471415542876,0.85919229573665,0.7856416948662632,0.726958189458212,0.8250073336976769,0.5218222197131794,0.8776082028724732,0.8899436020594855,0.6717151081052215,0.82471940364259,0.40547162063604736,0.7620546901141317,0.5922595734158174,0.8351684113839297,0.8778087306591925,0.979445393054066,0.5879255092670344,0.598714408443315,0.7099098837495044,0.8010844489103162,0.9576176260354319,0.853750687582344,0.7847160115242043,0.7488881586966627,0.7619563869652644,0.572709342487401,0.8528333483484712,0.875327452154095,0.9429791397719616,0.9501198382660563,0.8471468151090316,0.5738572828587016,0.8116144209696264,0.3619106642452232,0.9467724510290407,0.8786263380561987,0.4267152877229954,0.567186029402658,0.8412199940491043,0.5662889979145946,0.7086928961058303,0.7316929121211673,0.7933158998937551,0.6761489807685291,0.775809895875169,0.8408317600594297,0.8732007079970958,0.9089584028362145,0.8351684113839293,0.8899436020594857,0.6389354011016993,0.5814090803439634,0.8331319543636542,0.39678418908158486,0.8771692991060442,0.4601178405316769,0.814308704170446,0.6023820360327075,0.712239433778002,0.9060410102158504,0.888187673956097,0.6553036062055206,0.6523097685756014,0.9552863441236985,0.6919875671382565,0.3550270943089102,0.5779666545358169,0.7655008317668166,0.6934606523627636,0.6347435539075524,0.7684161422826157,0.859313354624238,0.7970133064486451,0.8483782396901205,0.6941779784376543,0.7703895601276132,0.935128878697977,0.6948435845294496,0.5546645312738518,0.4923695523588084,0.9182463401305561,0.7039009756904584,0.9497993431582252,0.6347455245763441,0.6649404029768857,0.8161441028835927,0.7488528200210167,0.5648380765619192,0.8799645994864584,0.995326762642484,0.814308704170446,0.8964584879299349,0.7426373771155265,0.9182463401305564,0.6761489807685291,0.8100190332360855,0.8299938899616812,0.6259251847277962,0.59248667832319,0.6761489807685293,0.6711562386352767,0.5452368304325579,0.7099098837495039,0.5058842236880099,0.9885683887295464,0.5083271086146686,0.6330762592935439,0.8093573353895158,0.9140719047383521,0.8183373686216655,0.7767316034960887,0.8121513884834912,0.7557736194544704,0.4504756667359834,0.7708032179176927,0.8260871271647188,0.5575027264301289,0.7993863339074856,0.8205265444224048,0.6554084388976413,0.8390063359818425,0.9510440287614077,0.8381382488667255,0.706192334850823,0.8020788981998785,0.9922841038145959,0.8709729405791935,0.8431573539148045,0.8605094498567212,0.5040601217134626,0.4023088471352678,0.6948435845294496,0.8089824146348111,0.7008027211428738,0.6948435845294496,0.6948435845294496,0.8867808703374158,0.6761489807685291,0.8282649465133354,0.9389080296505028,0.6761489807685291,0.5804561994175517,0.41820488112151943,0.8709729405791935,0.7940709086394254,0.8650245675108716,0.8483782396901205,0.6948435845294496,0.5287606493393369,0.5760122568516333,0.8010844489103162,0.5090246912010619,0.6761489807685291,0.5729090760634696,0.7620546901141314,0.9876264246464991,0.42728637640705625,0.48928242180772197,0.733583016195928,0.7488881586966628,0.8054210393176366,0.8900257176664622,0.7473175996694306,0.7662790430154048,0.9095858936215404,0.6222067855401794,0.9304728597762064,0.993787283027591,0.745924914670926,0.9852292255208502,0.6002988071239433,0.7940709086394254,0.6827087621395793,0.5534969534735219,0.6761489807685291,0.8564091052622804,0.9241178154726956,0.877169299106044,0.6585028070394856,0.7562065249480249,0.9011365786092649,0.5642304709804971,0.712239433778002,0.6649826785431479,0.4123376944094188,0.6761489807685291,0.6761489807685291,0.8781123121463414,0.4336973592286668,0.5921365345789653,0.8827998497151048,0.5637699929326572,0.729191900242416,0.7026977981486346,0.43368133128760444,0.5717615642019778,0.5404463735264673,0.6761489807685291,0.7450502746813716,0.775809895875169,0.8836536494976579,0.5276957272111285,0.7335830161959275,0.4920355781146335,0.6761489807685291,0.6761489807685291,0.41796136102977766,0.7662790430154063,0.49446416176289887,0.7086928961058305,0.6011121860726889,0.9490077211985386,0.980422292448163,0.843257579930278,0.5158367627542602,0.5935424419639074,0.6761489807685293,0.45970184665473635,0.43677737000214156,0.7488881586966625,0.8709729405791935,0.9175860671326855,0.8778822965727826,0.6368224042861268,0.4748523437329253,0.8483782396901203,0.961928971198851,0.6761489807685291,0.4648440794854134,0.7746520578143357,0.6893393476095597,0.5499989541559913,0.9031885080973259,0.8188708927094164,0.7064437789193878,0.35038111217856127,0.8650245675108712,0.6830076955563098,0.6036870797359657,0.8282649465133352,0.9524599694688207,0.8445165475179697,0.8410561648623877,0.4224384213443573,0.8592923977687699,0.6948435845294496,0.784595344670105,0.8251865963881098,0.8117850138461484,0.8603753313656439,0.8836536494976581,0.7922248378910699,0.8836536494976581,0.8836536494976579,0.4504756667359825,0.9196835478805555,0.6792311999710756,0.8431573539148043,0.9722493601684025,0.6580108191602481,0.8605094498567207,0.4013428862422189,0.8505643545085146,0.8380730697098475,0.8925216273371426,0.9401688813970293,0.8483782396901203,0.8126544557796084,0.8945719434468994,0.7065559994529322,0.6323105615014472,0.6761489807685291,0.34317211871356734,0.9332874161616789,0.6350777801842689,0.8771692991060438,0.910312461793505,0.8447152473180537,0.5359841434846955,0.6761489807685291,0.6050934571191391,0.4397462752084841,0.7968128678793529,0.4004958385830084,0.4648440794854132,0.42243842134435716,0.775809895875169,0.6894235497856787,0.8699863508348313,0.7002085507492513,0.4019161717835398,0.638047369443105,0.0,0.7597663318331275,0.7112040887883109,0.7662790430154061,0.9437653771312211,0.9421621012892528,0.5023243410711511,0.982880861892087,0.49893850193369627,0.8431573539148041,0.6948435845294496,0.5672081055655773,0.7790671586068485,0.3715717251029781,0.34902272367072795,0.31320876082979177,0.6761489807685291,0.4760503912293359,0.8116392996211671,0.5058842236880101,0.6761489807685291,0.519327078088577,0.8249094651239716,0.7335830161959275,0.8087463812485858,0.6948435845294496,0.7820662233679185,0.834759974209929,0.7542077792867441,0.9054732798157584,0.9138857769216036,0.8331319543636541,0.43681804089524845,0.6761489807685291,0.820526544422405,0.6761489807685291,0.8709729405791933,0.5305901847601612,0.6428642337041468,0.8836536494976579,0.8377482015897617,0.9218183374710149,0.7244376880263661,0.5687486651842054,0.6761489807685291,0.6031036244249627,0.553245351494474,0.7334815429727971,0.7799173608056178,0.850905365756305,0.9919824728073372,0.8874570029274672,0.764538080505569,0.9021697647194539,0.6692175331751327,0.5591505728751989,0.9021697647194539,0.987844941825509,0.7094648583558854,0.9970125884920227,0.9021697647194539,0.8836536494976579,0.7947441847298613,0.8793577475065217,0.5723664978500508,0.7240362936394947,0.764538080505569,0.628358578856251,0.8640839297611476,0.8704655417113838,0.8010844489103159,0.7347012705834017,0.829929035933874,0.8672657788198912,0.8351684113839299,0.9034134374086911,0.5058842236880104,0.8821503404030138,0.6741374736228685,0.930846253764532,0.9938091458797267,0.6914623522346927,0.8483782396901203,0.7940709086394253,0.8718517665463399,0.9260196303760565,0.9804222924481628,0.8256047211252715,0.8322463473001627,0.7758098958751685,0.7557736194544709,0.9512711351936898,0.7941385018140499,0.7510947946896714,0.8855749328933995,0.7799173608056179,0.9957481875333094,0.7224697462798231,0.8494377486457183,0.8263657511799891,0.7668055073130533,0.714794404957721,0.636423585753924,0.7276110601576133,0.968167934827252,0.9281380799247694,0.9474208896227159,0.879880227498388,0.7884479940774016,0.8116103287531764,0.6825451008774102,0.9125024795540057,0.9614652330294561,0.8137111405897302,0.6165818613889766,0.9736534652269415,0.7532290027495385,0.9185756531732462,0.7275350193144267,0.7300384715888371,0.7179086508802607,0.6654507898596107,0.7762929526158637,0.7940709086394254,0.9531118518462534,0.6360994208065802,0.8064222056695217,0.7406549312181803,0.7122394337780008,0.589650198893438,0.9397240452077994,0.716089793941575,0.9541520012658937,0.5793129661597733,0.6523097685756015,0.7557736194544706,0.6858369922703107,0.8542666409317143,0.7798676665130637,0.8771692991060438,0.9172679748516661,0.9069223990541826,0.8207776001295446,0.7213007273604106
p312_F,0.9970688419235263,0.8148957612466072,0.9850406692683006,0.9425114327004684,0.9623211158059548,0.9720496894409938,0.9352032913830401,0.8525660270333191,0.9286491105644255,0.9704919301607369,0.9700351664034114,0.9610996995613952,0.9610996995613952,0.8158540812532469,0.9336842693103169,0.9149900225490739,0.7218199254077096,0.9173135519831482,0.9690033562225546,0.9704919301607371,0.9165661374366314,0.9726326202607707,0.9522137875062904,0.9635753483468394,0.9751129258825253,0.9491780856091547,0.8815382336298225,0.9380163966266188,0.920983946319307,0.8694627353424189,0.9443657603723179,0.9661972965770262,0.9576036838348732,0.9397924012017989,0.9623211158059548,0.9273614004407345,0.9635753483468394,0.7305478572616388,0.9720496894409938,0.7232987552930358,0.9752737206364959,0.9501760208500687,0.9720496894409938,0.9354001807590553,0.961397387740879,0.9130739187281967,0.9428375253830149,0.9261840328635953,0.9481929520311925,0.9197374370356892,0.9661972965770262,0.7494981288862408,0.9491780856091547,0.9564866901437921,0.9576036838348732,0.9880755935910336,0.9472198404849024,0.9623211158059548,0.9311104823849056,0.9599080294518358,0.930310587274189,0.8747439046690525,0.9491780856091547,0.9253688519211309,0.9675743567407264,0.9464026665065834,0.9661972965770262,0.8931449617140894,0.9477961055696323,0.7200909137673122,0.5810861927603137,0.9481929520311925,0.9623211158059548,0.8714375301735617,0.9623211158059548,0.9157773781681391,0.9543141322095121,0.9553906988562064,0.9071879956687867,0.6853002070393373,0.9553906988562064,0.9797658041147691,0.8032566864413212,0.9491780856091545,0.9623211158059548,0.5425407210716047,0.9543141322095121,0.8550872530468145,0.9213345015882413,0.9610996995613952,0.9623211158059548,0.6993749881802701,0.9908777073428441,0.9331723329592956,0.9289749041786237,0.9764578705634924,0.7055612652499124,0.9165661374366314,0.8663981446497513,0.8655480930335331,0.7939618958188407,0.850541041977053,0.8644606804686437,0.8581211822353755,0.9901199804948463,0.9690033562225546,0.6468113578804162,0.8496516619740198,0.9532555825271782,0.8730956945148611,0.7842878470264197,0.8462222865742863,0.9696693743185965,0.986534342747938,0.9648659912110238,0.974838528146068,0.9564866901437921,0.9690033562225546,0.913733609385783,0.8947109826062525,0.9540957356814991,0.8091442663111565,0.8318499427019322,0.8696248121856339,0.8505593707793,0.8185746204202073,0.9635753483468394,0.8970542565865078,0.9610996995613952,0.9371382816751241,0.9056153321941813,0.9648659912110236,0.9381728330554157,0.9720496894409938,0.9587434581480645,0.7962394877621247,0.9102896363632476,0.9381728330554158,0.9661972965770262,0.9599080294518358,0.9676837770879048,0.9704919301607369,0.8697688980991498,0.8791214387104956,0.8509708279802458,0.9336842693103171,0.9357331550008062,0.8828532941996556,0.9481929520311925,0.8207663324301316,0.8124598227993507,0.9303105872741888,0.8612368600037134,0.9568784918748876,0.9661972965770262,0.9481929520311925,0.7866447446100561,0.9521154309854925,0.9349923761154102,0.8091442663111565,0.8423261855962991,0.9428375253830148,0.9107192181558881,0.8532920118076435,0.972947370281771,0.9480026438367747,0.8970542565865078,0.9253688519211309,0.9289749041786237,0.8852493927538767,0.815854081253247,0.9610996995613952,0.9472198404849024,0.761407626718565,0.9456646986036488,0.8686209035320767,0.9690033562225546,0.9040598105946911,0.8824506538600924,0.9620090329381987,0.9345395918631996,0.9173564091624518,0.8586664617429052,0.9610996995613952,0.8954927753294003,0.7829046555068864,0.8947109826062525,0.9776569049810195,0.956486690143792,0.9953786045233856,0.9581756603540753,0.9286491105644255,0.7881119119846207,0.8440565830183067,0.9303105872741888,0.9623211158059548,0.9635753483468394,0.9581756603540756,0.9261840328635953,0.8879129264040995,0.9197374370356892,0.9610996995613952,0.9623211158059548,0.8840629137250078,0.8440565830183067,0.9704919301607369,0.9623211158059548,0.9540984079056033,0.9500854106526051,0.9455276575216821,0.9418156954162737,0.863030433910728,0.9547434413197933,0.9623211158059548,0.8931449617140894,0.9623211158059548,0.8981372237870209,0.8054803010644622,0.770875635046866,0.9623211158059548,0.8970542565865078,0.9623211158059548,0.9492794165942646,0.931147340525424,0.7200407247635617,0.9079504174811015,0.7582445585710912,0.830271740571741,0.9599080294518358,0.9522137875062904,0.9543141322095121,0.7558500166408655,0.9204926641940823,0.9980634982842684,0.9661972965770262,0.9253688519211309,0.9189419416378728,0.9278239868212361,0.8302521805592439,0.9935264355112596,0.9371382816751241,0.9587434581480645,0.6712114107412721,0.9599080294518358,0.9623211158059548,0.9278239868212361,0.9623211158059548,0.9153151841896083,0.8936972568164698,0.9661972965770262,0.9462580354121288,0.830271740571741,0.9635753483468394,0.93626631307224,0.953255582527178,0.6961799377177752,0.9553906988562064,0.8970542565865078,0.9648659912110236,0.7062885929790661,0.9048375041252172,0.8844523283713124,0.9610996995613952,0.9675743567407267,0.8954700073276679,0.9720496894409938,0.9929562774279699,0.9152405383832365,0.9501760208500687,0.9040598105946911,0.7426725695110277,0.9661972965770262,0.8876315196146514,0.8496516619740198,0.8353231768642488,0.9690033562225546,0.8730956945148611,0.9521154309854923,0.9511876099263499,0.71841578880189,0.9690033562225546,0.8900013566415688,0.8999600766760718,0.8336684595774306,0.9245566463845685,0.8158540812532467,0.8505410419770529,0.9397924012017989,0.8568667102675336,0.9599080294518358,0.9648659912110236,0.9428375253830149,0.8129560940834348,0.8237261571040231,0.8505681838601356,0.8923606027185702,0.9149900225490741,0.9566846215389863,0.9690033562225546,0.8644606804686437,0.9861053894336532,0.5485941093836327,0.9661972965770262,0.8532920118076435,0.9245566463845682,0.8505410419770532,0.9204037308984991,0.9380163966266188,0.9096830221389965,0.932833950574053,0.9142039648291602,0.8054803010644622,0.8185746204202075,0.8780124908814333,0.7038681047592441,0.9704919301607371,0.9169904684997892,0.9704919301607371,0.9980634982842684,0.9371382816751241,0.932833950574053,0.9648659912110236,0.9623211158059548,0.9661972965770262,0.9788715516976696,0.8505593707792999,0.9690033562225546,0.9675743567407267,0.7022728639633585,0.9623211158059548,0.953255582527178,0.9690033562225546,0.9720496894409938,0.987883051676453,0.9454454968314662,0.9797658041147691,0.9661972965770262,0.8763826688608698,0.8183252412751776,0.953255582527178,0.9576036838348732,0.7630301393628991,0.9648659912110236,0.9397924012017989,0.7998105573865865,0.9564866901437918,0.9336842693103169,0.9720496894409938,0.826116257009434,0.7688521133858529,0.8353231768642488,0.961397387740879,0.9610996995613952,0.9415972144812141,0.7631666477878619,0.8568667102675336,0.8577507109035438,0.7921166669210782,0.9623211158059548,0.8915752582995886,0.9389009867184677,0.8824506538600925,0.8882462492115564,0.9704919301607369,0.8852493927538767,0.9623211158059548,0.9623211158059548,0.9481929520311925,0.9286491105644255,0.7738798281022033,0.9623211158059548,0.9704919301607371,0.962321115805955,0.9425114327004686,0.972947370281771,0.8440565830183069,0.9623211158059548,0.9341913284130113,0.6073663826121836,0.7753832614665755,0.8035117733343913,0.9623211158059548,0.953069652040493,0.9480026438367745,0.8343249892961562,0.9106359140503812,0.8730040523026371,0.9252929244596275,0.9648659912110236,0.8487307132759607,0.9623211158059548,0.8140963117651728,0.7838051895754518,0.8954927753294004,0.932874612863428,0.9635753483468394,0.9316997575412947,0.7305478572616387,0.9623211158059548,0.9229405345355657,0.892619427727178,0.9623211158059548,0.9434341193662401,0.853667569874514,0.9223798585420757,0.7960141260477717,0.8532920118076435,0.9623211158059548,0.9477961055696322,0.8931449617140894,0.8336684595774305,0.970911469867437,0.9387584497393703,0.931147340525424,0.9319883865480125,0.7350158227803458,0.9648659912110238,0.9245566463845682,0.9157773781681393,0.7665908998640585,0.8907888642207369,0.8321400156965133,0.9901199804948462,0.9522137875062904,0.9661972965770262,0.9173135519831485,0.9623211158059548,0.9690033562225546,0.9776569049810195,0.9497531817955674,0.9700351664034114,0.9462580354121288,0.9599080294518358,0.9251146681022446,0.6791932532177187,0.9599080294518358,0.9700351664034114,0.9623211158059548,0.9673074603196742,0.9994611990171967,0.7626300475640038,0.9690033562225546,0.8860449046541115,0.9704919301607371,0.8148957612466073,0.9774873843362967,0.8898284922288977,0.9726326202607706,0.9704919301607371,0.9263053241256367,0.9480026438367745,0.9850406692683006,0.9501760208500687,0.9543141322095121,0.9278239868212361,0.9648659912110236,0.9397924012017989,0.9748214106481392,0.9087295850935584,0.910719218155888,0.9253688519211309,0.9553906988562064,0.9443657603723179,0.7646343017371666,0.8312943488564517,0.7074116934912237,0.9587434581480645,0.9378037505277521,0.9662615489004196,0.9425114327004687,0.9511876099263499,0.9522137875062904,0.7934274222916355,0.9553906988562064,0.890001356641569,0.9511876099263499,0.9371382816751241,0.8547624211186655,0.9648659912110236,0.9648771726248762,0.9791112505823618,0.7730110731649059,0.9253688519211309,0.9690033562225546,0.9885931941530818,0.8422078287242853,0.9675743567407267,0.9480026438367744,0.7218199254077096,0.9587434581480645,0.9661972965770262,0.9690033562225546,0.6836153847435855,0.7839930876682066,0.9354001807590553,0.9547434413197933,0.9610996995613952,0.8689304945061072,0.931147340525424,0.9587434581480645,0.7494968044119235,0.9623211158059548,0.9675743567407267,0.9623211158059548,0.9623211158059548,0.8655480930335331,0.9522137875062904,0.9436654046332618,0.9623211158059548,0.8586309929616847,0.8796338709830263,0.9371382816751241,0.784642013957166,0.9568784918748876,0.8434948191248514,0.9801025842096873,0.9278239868212361,0.8812473067855704,0.9576036838348734,0.9157773781681391,0.9675743567407267,0.9389009867184679,0.8353231768642488,0.8931449617140894,0.9443657603723179,0.9576036838348732,0.9581756603540755,0.8622506099222338,0.9675743567407267,0.7350158227803457,0.9648659912110238,0.8727206163368165,0.9543141322095121,0.9501760208500687,0.9774873843362968,0.8876315196146514,0.8118167761922629,0.930310587274189,0.9522137875062904,0.9996437898601822,0.9648659912110236,0.9543141322095121,0.8578089524354396,0.7288789191009564,0.8939283999593048,0.9205937947274885,0.9661972965770262,0.9349923761154102,0.9587434581480647,0.9477961055696322,0.9181483053976589,0.5339591457257353,0.8714783961680888,0.9453068780840739,0.79951690821256,0.8059290360431444,0.8860449046541115,0.9278239868212361,0.8083078957473225,0.9543141322095121,0.931147340525424,0.9578899577083524,0.9623211158059548,0.9661972965770262,0.8340216843001682,0.9623211158059548,0.9386599233384809,0.9543141322095121,0.9599080294518358,0.8032566864413212,0.8929884899833643,0.8368897280214711,0.8550872530468148,0.9704919301607371,0.8174671235160886,0.9553906988562064,0.9009488545209476,0.9599080294518358,0.964434201439255,0.9027115151432653,0.9500854106526052,0.772626046238126,0.9859646442922712,0.9110706954672416,0.8010546007406152,0.8986133813304025,0.9436654046332618,0.8747439046690526,0.9365230764056,0.9443657603723179,0.9704919301607371,0.953255582527178,0.9635753483468394,0.92325960657848,0.9788715516976696,0.9205349146293753,0.9610996995613952,0.815228119571979,0.8024655460350361,0.9720496894409938,0.9102896363632473,0.7582445585710912,0.7730110731649057,0.9380163966266188,0.9501760208500689,0.9270023539448378,0.9316279546663164,0.953255582527178,0.9245566463845682,0.9553906988562064,0.9610996995613954,0.9661972965770262,0.9720496894409938,0.9623211158059548,0.9397924012017989,0.8044212664524798,0.8568667102675336,0.9414034319999552,0.9623211158059548,0.9134191021410438,0.7853791440673986,0.9303105872741888,0.9425114327004684,0.9801025842096873,0.6993749881802702,0.9118525638325778,0.8611987693590749,0.9899835764925832,0.9127697146833385,0.8892126720780518,0.8917796293119393,0.9675743567407267,0.8169381887965972,0.9880755935910335,0.7582445585710913,0.9935264355112594,0.9720496894409938,0.9899835764925831,0.7124267297718098,0.9720496894409938,0.9564866901437921,0.793961895818841,0.9510697823313443,0.8828532941996559,0.9142039648291602,0.9690033562225546,0.962321115805955,0.9543141322095121,0.8653728680514655,0.8907614131129444,0.9610996995613952,0.9661972965770262,0.9587434581480645,0.9610996995613952,0.9610996995613952,0.9397924012017987,0.9623211158059548,0.9587434581480645,0.9311473405254241,0.9623211158059548,0.772626046238126,0.8444600220493923,0.9690033562225546,0.9648659912110238,0.9675743567407267,0.9635753483468394,0.9610996995613952,0.852566027033319,0.9359056217993145,0.9522137875062904,0.8820512005878685,0.9623211158059548,0.7523216832789561,0.9428375253830147,0.9797658041147691,0.8468751980607188,0.9083531449937756,0.8237261571040231,0.9635753483468394,0.9532555825271782,0.8936972568164698,0.9034814342922289,0.9623211158059548,0.9371382816751241,0.8197444891395499,0.9443657603723179,0.9197013194028298,0.820886896922647,0.9690033562225546,0.9481929520311925,0.9648659912110236,0.6995665205796863,0.9223798585420757,0.9623211158059548,0.9623211158059548,0.9516007955479115,0.9704919301607369,0.8069644479580294,0.9587434581480645,0.9700351664034113,0.9847195507103002,0.9599080294518358,0.9567758643738745,0.8402286845916938,0.9623211158059548,0.9623211158059548,0.9362663130722397,0.9704110250992253,0.663795494167297,0.8059290360431444,0.9953089374396239,0.9854622861998132,0.961366741446757,0.9263053241256367,0.8462222865742863,0.8612502633673056,0.9623211158059548,0.9261840328635953,0.9661972965770262,0.9720496894409938,0.7768546873095725,0.9690033562225546,0.8747439046690526,0.9623211158059548,0.9623211158059548,0.8694627353424189,0.962321115805955,0.8754555700857669,0.9543141322095121,0.7775597907918524,0.9253688519211309,0.9462580354121288,0.9249165419327742,0.9161328056274325,0.7880537257906838,0.9623211158059548,0.9500854106526051,0.8646949616010216,0.9635753483468394,0.9690033562225546,0.9620090329381987,0.9916992820910939,0.7411230364928671,0.9458638372348817,0.9635753483468394,0.9368211999004499,0.9623211158059548,0.8714375301735617,0.9458638372348818,0.9253688519211309,0.7906495632140385,0.9845729942899282,0.9564866901437921,0.9294779121965993,0.7422146447326958,0.9675743567407264,0.9025045192170253,0.8978340794956949,0.9587434581480645,0.8124598227993507,0.9425114327004684,0.9491780856091545,0.8612502633673054,0.9661972965770262,0.9610996995613952,0.9079504174811015,0.9880755935910337,0.8373091029803343,0.9415972144812141,0.9720496894409938,0.9935264355112594,0.9720496894409938,0.9720496894409938,0.7658906239201638,0.9406910117203193,0.9229405345355655,0.9623211158059548,0.9704919301607371,0.9543141322095121,0.9543141322095121,0.7753832614665755,0.9576036838348734,0.9610996995613952,0.9472198404849022,0.9213345015882413,0.9635753483468394,0.8373021566360078,0.9389009867184677,0.8689304945061072,0.8523882775756791,0.9623211158059548,0.6993749881802701,0.9623211158059548,0.8812984813018137,0.9704919301607369,0.9501760208500687,0.9511876099263499,0.9431095860977792,0.9623211158059548,0.8550872530468148,0.8059290360431444,0.9511876099263499,0.8559789162214912,0.8714375301735617,0.8612502633673055,0.9661972965770262,0.8680892785394452,0.8758672676331243,0.8559789162214915,0.8094833764446483,0.6962920717066454,0.7597663318331275,0.0,0.9522137875062904,0.9623211158059548,0.9245566463845685,0.9481929520311925,0.8804415508981573,0.9278239868212361,0.8010546007406152,0.9623211158059548,0.9610996995613952,0.8828532941996556,0.9386599233384809,0.6861524452540473,0.8343249892961562,0.8163516728240241,0.9623211158059548,0.843107264916912,0.9405097243761413,0.5742195952069622,0.9623211158059548,0.8812473067855704,0.8085099719875108,0.9690033562225546,0.9522137875062904,0.9610996995613952,0.7946396535724358,0.9491780856091546,0.8794522928489901,0.9233710276669695,0.9852078760340832,0.9774873843362968,0.8363552488932912,0.9623211158059548,0.9462580354121288,0.9623211158059548,0.9690033562225546,0.7738965054378302,0.9142039648291602,0.9720496894409938,0.9453068780840737,0.8094833764446482,0.929477912196599,0.9425114327004684,0.9623211158059548,0.8755644359298402,0.9053891459708625,0.8283954260570917,0.9936310971469996,0.9371382816751244,0.9661972965770262,0.9443657603723179,0.9434341193662401,0.9950068763949222,0.9205349146293753,0.853667569874514,0.9950068763949222,0.9425114327004687,0.8425429626878578,0.9149900225490739,0.9950068763949222,0.9720496894409938,0.9491780856091547,0.9635753483468394,0.9010995033577461,0.8705865822009816,0.9434341193662401,0.9797658041147691,0.9850406692683006,0.9371382816751241,0.9522137875062904,0.9362663130722397,0.9481929520311925,0.9610996995613952,0.9543141322095121,0.9736502784936192,0.9366713242763892,0.9716885439827987,0.9152405383832365,0.9892552360381515,0.9319883865480125,0.9204037308984989,0.9635753483468394,0.9648659912110238,0.9776569049810195,0.9340083874434693,0.9462580354121288,0.7349500241114318,0.9261840328635953,0.9661972965770262,0.9675743567407267,0.9628733211187582,0.991834013047275,0.9856670177084577,0.9965185747417931,0.9443657603723179,0.9874977150959767,0.9034814342922289,0.9341913284130113,0.9623211158059548,0.9179169809832546,0.8686209035320767,0.9540957356814991,0.9261840328635953,0.9104221838860551,0.9675743567407264,0.9397924012017986,0.9601516958792647,0.9491780856091547,0.9587434581480645,0.9453068780840737,0.8750116732174092,0.9655378615762105,0.970758343282005,0.895461031663029,0.9964003840614116,0.8705865822009816,0.9956022401087514,0.8263117797041688,0.9648659912110236,0.9635753483468394,0.9157773781681391,0.9462580354121286,0.9428375253830148,0.9245566463845685,0.8986133813304025,0.8223711273793304,0.9599080294518358,0.9599080294518358,0.9143480251080163,0.9107192181558881,0.9788715516976696,0.9648659912110238,0.8954927753294004,0.9107192181558881,0.9675743567407267,0.9205349146293753,0.9140895174328345,0.9635753483468394,0.9704919301607369,0.9149900225490741,0.9690033562225546,0.8681911647089424,0.9675743567407267
p312_GVMC,0.946501852536384,0.8867793699144213,0.9027925304906487,0.9495645679265193,0.9888877218166614,0.6962920717066451,0.9576840880381611,0.9941679701214345,0.8780124908814333,0.9495505106234361,0.938569729381019,0.9334927596276981,0.9852901633058908,0.6521190798851453,0.9132272901393416,0.9961527583512033,0.9786165548472288,0.9952831447476325,0.7978501428016826,0.5828836218345714,0.9432011232473456,0.9668548619269122,0.6922875816993461,0.9926931063209248,0.964170004482718,0.9131105611405983,0.8739267712867869,0.929104460779949,0.5828836218345714,0.8276370905591094,0.9048830033154058,0.9422080421889416,0.975500298406281,0.9329290708210045,0.9355809960386168,0.9254223119773604,0.9377253379624282,0.784576588353452,0.9522137875062906,0.845942836075023,0.9433011034543322,0.9148167155454525,0.9522137875062904,0.9575684533387441,0.9722312205307764,0.7993867692384725,0.939931930051314,0.8737979857661253,0.9268197928698959,0.9213841230197595,0.9989330715481036,0.7945756183974948,0.9131105611405983,0.9256059689675478,0.9275156757582275,0.891113512984276,0.9309382944231761,0.9355809960386168,0.9849816789004265,0.9314553797224698,0.9130470727423967,0.9758858100096266,0.9541968529441154,0.9952673588808036,0.9942714459947756,0.9868188775627845,0.8812152990221936,0.9180946998642305,0.9488671331832232,0.9254223119773605,0.6591775175391275,0.8863813144724597,0.9888877218166614,0.827518555311926,0.9355809960386168,0.9698257117961528,0.8982552933740049,0.8926703623948279,0.7759124991561703,0.9774873843362968,0.9696315366465988,0.7434758999605566,0.9000633438867531,0.9131105611405985,0.9355809960386168,0.7143687646059254,0.9881818565067269,0.9139487299142952,0.8655068173538916,0.9334927596276978,0.9355809960386168,0.668361401837859,0.8091019944642683,0.8662087230280735,0.9451809453601021,0.9047408499968015,0.705687482704155,0.9718166912916815,0.8184704426145948,0.8637752999394084,0.9894121426990234,0.6624174468883834,0.9044988266272495,0.8503993688055133,0.9683947100959854,0.9470055188469617,0.7605453773969275,0.8119379631046308,0.964170004482718,0.8305152326565901,0.6702875977941523,0.9983594330401346,0.8941442493667919,0.7843141333924573,0.939931930051314,0.8396036498150905,0.7460683740758978,0.9470055188469617,0.9522137875062904,0.8453437407159918,0.9235615721162846,0.6642640454483499,0.9035653652248615,0.8661444446656796,0.9225442716453334,0.8274774496496853,0.9377253379624282,0.996750681705096,0.755722818303145,0.9272324378358678,0.8386319972225238,0.9399319300513138,0.9989330715481036,0.9071885561788838,0.8739267712867871,0.8531186151521009,0.9289494109520753,0.9400741852851485,0.9422080421889416,0.9314553797224701,0.9474480078065406,0.9495505106234361,0.8480964700748994,0.8169749692922601,0.7706431963092959,0.8866210237012304,0.9526048267509273,0.8483722207901452,0.9114262935403585,0.7623326258129252,0.850064117572852,0.8808530918450068,0.90553487224118,0.984427221860503,0.8812152990221939,0.9114262935403588,0.804513272316886,0.9372156950911563,0.8439253499767938,0.7491598444984622,0.828141720570392,0.832839142485656,0.9984593147144779,0.7952994429239268,0.990759872859976,0.6499731449270125,0.9776415955422073,0.8511537969570359,0.9838698730483884,0.8283175748678029,0.8380225099110048,0.9334927596276981,0.9309382944231763,0.9326752080677525,0.8396720495620453,0.8542832865919328,0.6064918890381653,0.8624569788734151,0.8474072181717972,0.8594445549478916,0.8880833554050742,0.9398302952764153,0.9097625798212232,0.9334927596276981,0.9485110385177798,0.7345774185293328,0.845343740715992,0.9063742447456442,0.9256059689675477,0.9460700595274507,0.9314553797224698,0.8780124908814333,0.8493417193842445,0.8938391361804241,0.9130470727423967,0.9355809960386168,0.9377253379624282,0.9172894915317803,0.8737979857661253,0.8723974580072291,0.8920802319381609,0.9334927596276981,0.9355809960386168,0.9909513036624982,0.9167610187142006,0.9836543654419933,0.9355809960386168,0.8843193296037339,0.8925262950745887,0.8844608451681755,0.8439253499767938,0.8970810042803181,0.9111150293377236,0.9355809960386168,0.8425073736236922,0.9355809960386169,0.9472040798747399,0.986932538036146,0.8964090790416845,0.9355809960386168,0.9008184272841163,0.9355809960386168,0.9475168130828631,0.9228958077156839,0.685050011118099,0.9408921232841982,0.9967391619170713,0.7784254891184006,0.9314553797224701,0.8653594771241829,0.921891580360551,0.8615950609758737,0.7824926625153523,0.7801503791531781,0.9422080421889416,0.9031200523835076,0.8905408702359403,0.9977218791928772,0.9183941246643419,0.9272324378358678,0.8925262950745885,0.9294643302252341,0.6925626451317207,0.9677078677803637,0.9355809960386168,0.8766017896141824,0.9355809960386168,0.8242972265359418,0.8298245628351779,0.9400741852851489,0.9081181966045127,0.7555564017776429,0.9377253379624282,0.8910355038772135,0.9200817943852442,0.693534969968401,0.8467709954086369,0.8239952590260256,0.939931930051314,0.7105987003471117,0.9702724928174435,0.8513389625345107,0.9334927596276978,0.9942714459947756,0.7896323222098084,0.9522137875062906,0.9321523113665873,0.8125698569594537,0.9565880742927937,0.8624569788734151,0.6737958864481834,0.9422080421889416,0.8572756030732598,0.8349333580851876,0.8785382007702359,0.9470055188469617,0.8542560104774402,0.9028659348848301,0.9559620789221579,0.9377398146648602,0.9470055188469617,0.9862337902571188,0.8108470867287225,0.9942714459947755,0.7630373564099675,0.8752031959161762,0.8896463743514136,0.9236106541660869,0.8015729060125198,0.9314553797224698,0.8328391424856559,0.8896463743514135,0.7262353207355048,0.6702779736260045,0.8595722061670183,0.8410896574139457,0.9961527583512033,0.9286604261342954,0.9892083965651994,0.9578055524052939,0.8863813144724594,0.5643608577916981,0.9400741852851486,0.7952994429239268,0.9320068308827978,0.8896463743514132,0.9114262935403585,0.8940275945888625,0.7445307302578107,0.9182191089113063,0.9096085494164834,0.7936217040680696,0.8274774496496846,0.8154514685448497,0.7073591269630466,0.9495505106234361,0.8780124908814335,0.6496787457691412,0.923610654166087,0.9686491338802947,0.8834697192912024,0.9399319300513138,0.9355809960386168,0.9422080421889414,0.8092073824034662,0.9541968529441154,0.9470055188469617,0.9942714459947755,0.7557228183031449,0.9355809960386168,0.9641700044827177,0.9470055188469617,0.9774873843362968,0.9199796380611351,0.9415238331131339,0.7009786641682367,0.9422080421889416,0.8364863478408804,0.8608546556723589,0.815388945029915,0.9275156757582279,0.6919441329391744,0.9967391619170713,0.9329290708210043,0.8668868822373762,0.9725096342470558,0.9199796380611351,0.9522137875062904,0.7942501990731501,0.780150379153178,0.7870618514072056,0.978616554847229,0.9852901633058906,0.8795139270987927,0.9755486419654261,0.7784300701739517,0.8262947097973374,0.7382307295305034,0.9355809960386168,0.8647161984978464,0.8955399645501794,0.8474072181717972,0.8916829786258778,0.9495505106234361,0.8528224833278106,0.9355809960386168,0.9355809960386168,0.9114262935403583,0.9096814050133908,0.7462439540085215,0.9355809960386169,0.5160884979000004,0.9044988266272496,0.6892997658903173,0.9907598728599758,0.962604783781754,0.9888877218166614,0.833090247524831,0.9432185749403661,0.8546839689965421,0.8957208370660892,0.9355809960386168,0.9878599310202842,0.6499731449270114,0.7853502553960312,0.8116375744019821,0.9786100658041366,0.7696955982637674,0.8328391424856558,0.787339196213741,0.9355809960386168,0.7281541372842337,0.9541968529441154,0.8467627026932134,0.7874624835644894,0.9377253379624282,0.8805807725551362,0.6886073430573447,0.9355809960386168,0.9284021172811179,0.7984460113483245,0.9355809960386168,0.9786100658041363,0.992436708075831,0.9326752080677526,0.7445307302578104,0.7952994429239268,0.9355809960386168,0.9825180874261561,0.9936820261047687,0.9331052725841532,0.9390675962200334,0.9077746072552326,0.8822836759018076,0.8837215992432155,0.8610746666533364,0.9967391619170713,0.9625024121535213,0.856005889625516,0.9518954248366014,0.8382544005945729,0.7577149290617577,0.9521519914870868,0.9183006535947711,0.9422080421889416,0.9225442716453335,0.9355809960386168,0.8616362273895215,0.8442082503111628,0.9721663893115968,0.9237321696604077,0.9866030402791095,0.9314553797224698,0.9976363638661776,0.9926931063209248,0.9314553797224701,0.9696315366465988,0.9044988266272495,0.9725096342470558,0.9063989322810884,0.8369672819309508,0.9470055188469617,0.8543063200473957,0.9836543654419935,0.925605968967548,0.7355555555555564,0.8167623581129158,0.8532920118076436,0.9168592415074226,0.8624648645033174,0.929104460779949,0.9907042037354445,0.9148167155454525,0.921891580360551,0.9977218791928772,0.6624174468883837,0.9953407916725414,0.9433011034543322,0.8983252669676238,0.9559620789221579,0.9338358212159394,0.9696315366465988,0.9048830033154058,0.7671195180347276,0.8030362337090722,0.8012997833340723,0.978616554847229,0.8807238883947859,0.8182133745236757,0.9017126880527937,0.9590434494932021,0.9615686274509803,0.7403465248516536,0.9844690963672101,0.9888666719019321,0.9165462137008822,0.8992368483577363,0.802700117343915,0.6056102150226259,0.9998519340878549,0.9433877182221795,0.9626086642338592,0.9031200523835075,0.9470055188469617,0.9366027714453329,0.9506880141013581,0.871939099173531,0.9656649406467912,0.9230789959087816,0.7264700974208032,0.9422080421889416,0.9470055188469617,0.7516581686562224,0.7724233048431886,0.8895546908938252,0.9852901633058908,0.7039254146249523,0.823006443777953,0.9472238480293105,0.9294643302252341,0.6308164986382503,0.9355809960386168,0.9445623805946022,0.9355809960386168,0.9355809960386168,0.8169524798770449,0.9183006535947711,0.7442853103999507,0.9355809960386168,0.8046812869147554,0.842435515357659,0.961938580597147,0.9120357421143992,0.9878599310202842,0.8994121749609957,0.8686361960629083,0.9080208724124175,0.8454048198578001,0.9275156757582275,0.9698257117961528,0.9445623805946022,0.9310028073541698,0.7641927640664479,0.8173115982101795,0.980630720675137,0.9765150789456657,0.9314553797224701,0.8611386459284407,0.688440578941663,0.9212241569577782,0.939931930051314,0.7239447792350873,0.966854861926912,0.876326490717842,0.9086274509803921,0.8325804774157841,0.908410122193244,0.8808530918450068,0.9951633986928106,0.8986003425351379,0.9399319300513138,0.966854861926912,0.8973713569620818,0.9940847844961915,0.8691996695255617,0.8397712046798789,0.9422080421889416,0.9955712672694002,0.9294643302252341,0.9825180874261561,0.7635878947249124,0.9334927596276981,0.7624828381240925,0.9000633438867531,0.9522137875062904,0.7375635703669869,0.878873109687901,0.8766017896141822,0.8107516148436449,0.8083287302412826,0.9472238480293103,0.850633986015106,0.9355809960386168,0.9422080421889416,0.8940275945888627,0.9888877218166614,0.8431043451889135,0.921891580360551,0.9314553797224701,0.9451809453601021,0.713796957009778,0.9183006535947713,0.8215465550615189,0.9495505106234363,0.756790619165241,0.9844690963672101,0.8567252320690564,0.9314553797224698,0.7845765883534519,0.8685202841019504,0.8645307055964572,0.9165462137008822,0.9734623105185791,0.8479589472056546,0.7991456936492214,0.8782341305473451,0.816015447906405,0.8335041150813927,0.9199275134470045,0.9048830033154056,0.6496787457691413,0.964170004482718,0.992693106320925,0.8661132668060985,0.9394399552106525,0.8641397759307592,0.9334927596276978,0.7990032559708717,0.8861197901581855,0.9071885561788844,0.9887247606645067,0.9399319300513138,0.9664656501581601,0.8955112082646188,0.9565880742927937,0.9375514328635435,0.8661444446656796,0.964170004482718,0.9320068308827978,0.9237321696604075,0.9629124330159164,0.9989330715481036,0.6962920717066448,0.9355809960386168,0.9687941395742314,0.9888569754504475,0.8015729060125198,0.5934147788787324,0.9355809960386169,0.8799720457128384,0.6802330946041977,0.8808530918450068,0.9123838819213477,0.9096814050133908,0.6683614018378592,0.877008542543432,0.8364719325743265,0.6994575850225018,0.9581770036680434,0.8354183921529796,0.9638362521438677,0.9445623805946022,0.7463692168069961,0.9309382944231761,0.9967391619170716,0.7257061345513401,0.9071885561788835,0.9473606184418111,0.9172894915317802,0.9774873843362967,0.8867793699144205,0.9707630758620763,0.6912719235150715,0.9570032715279861,0.9778060502330218,0.9470055188469617,0.9355809960386168,0.921891580360551,0.7749133993724279,0.7952994429239268,0.9852901633058906,0.822356412759239,0.978616554847229,0.9852901633058906,0.9334927596276978,0.9687941395742313,0.9355809960386168,0.9294643302252341,0.9472238480293105,0.9355809960386168,0.8284703715451975,0.8473379500477141,0.9470055188469617,0.9967391619170713,0.9942714459947756,0.9377253379624282,0.9334927596276978,0.7760222810922391,0.8706984815891996,0.9183006535947711,0.8468886811656742,0.9355809960386168,0.8904257216519326,0.7192246787541408,0.9559620789221579,0.8300238972266913,0.8869872904985121,0.9892083965651993,0.732468051886591,0.964170004482718,0.9966447233584261,0.9476535753223351,0.9355809960386168,0.9272324378358678,0.6959002524657383,0.9424686286719846,0.9164120449798159,0.800871628422446,0.9892083965651994,0.6841889224852777,0.939931930051314,0.9553658937794353,0.8727002842503788,0.9355809960386168,0.6912719235150713,0.9899020159559508,0.9495505106234361,0.675328290313955,0.978616554847229,0.9237321696604077,0.8480964700748994,0.9314553797224698,0.8037964708380383,0.8184014363586076,0.9355809960386168,0.9355809960386168,0.9253852640835396,0.832928253827891,0.8406264652017016,0.9225334041887112,0.8283175748678029,0.7445307302578105,0.8155539757981617,0.8381857738162459,0.8763264907178421,0.9023715019035561,0.9355809960386168,0.8737979857661251,0.9422080421889416,0.9522137875062906,0.713796957009778,0.9470055188469617,0.8335041150813924,0.9355809960386168,0.9355809960386168,0.7819039258096627,0.6912719235150715,0.9294272602179026,0.9881818565067269,0.8275084958892258,0.8204380281246038,0.9473606184418111,0.9645515900483717,0.8140118981600479,0.7673053110567647,0.9355809960386169,0.6562938490287814,0.8154313028937348,0.9926931063209248,0.9470055188469617,0.9413707562534936,0.9421215652709097,0.9199796380611351,0.6434430789979446,0.9926931063209248,0.9243035417015122,0.9355809960386168,0.8511784633897346,0.7498316074099158,0.9031200523835077,0.8141847448017356,0.9369085088884493,0.925605968967548,0.9113565538271906,0.7596215674651341,0.944562380594602,0.9384053652815671,0.8510246271097386,0.978616554847229,0.9836543654419934,0.9388933740579655,0.9541968529441156,0.8093116520261685,0.9422080421889416,0.9334927596276978,0.8426242563237649,0.9495873612601233,0.9966447233584261,0.989682131878626,0.9522137875062904,0.6909999917900607,0.9522137875062904,0.9522137875062904,0.934883713596407,0.9348849767198617,0.8682526269766766,0.9355809960386168,0.9495505106234361,0.943218574940366,0.921891580360551,0.735330107303876,0.9275156757582279,0.9852901633058908,0.9894121426990234,0.8951849796577993,0.9377253379624282,0.7904628268029479,0.8955399645501796,0.8465534160888444,0.8167623581129156,0.9355809960386168,0.6683614018378589,0.9044988266272492,0.7792297235115404,0.9495505106234361,0.9148167155454525,0.9165462137008822,0.9307306476546929,0.9355809960386168,0.7984460113483247,0.7375635703669868,0.9165462137008822,0.8000118450787022,0.7801987391563086,0.8093116520261686,0.9422080421889416,0.8685202841019504,0.9508421171678401,0.8693755327618489,0.7895862211130906,0.9518954248366014,0.7112040887883109,0.9522137875062904,0.0,0.935580996038617,0.8710156683413512,0.9114262935403583,0.819756627995778,0.9080208724124175,0.7295059149458964,0.9888877218166614,0.9852901633058906,0.8240441573299118,0.7918888996835198,0.8911494118055573,0.7396154208521537,0.7549215864572099,0.9355809960386168,0.7775881999586038,0.9154728289468133,0.8752031959161761,0.9355809960386168,0.8454048198578001,0.9285304562976123,0.9470055188469617,0.9183006535947711,0.9334927596276978,0.8263254146260337,0.9636305634488507,0.9604778720347484,0.7716391686675752,0.9524990362865899,0.9951633986928106,0.7719190235255865,0.9355809960386168,0.9866030402791095,0.9355809960386168,0.9892083965651993,0.6851838345305861,0.8533158492412363,0.9522137875062906,0.9451809453601019,0.81264812866659,0.9113565538271902,0.9495645679265194,0.9355809960386168,0.8588667629410589,0.8904166021659934,0.9411136909025019,0.9424686286719846,0.9272324378358678,0.9422080421889416,0.9048830033154058,0.9032901911357234,0.9291044607799492,0.8641397759307592,0.7778890142269336,0.9291044607799492,0.9123838819213477,0.881215299022194,0.9961527583512033,0.9291044607799492,0.9522137875062906,0.9225442716453334,0.8973713569620818,0.9755486419654261,0.7039254146249521,0.9032901911357232,0.828470371545197,0.9506880141013581,0.9686491338802947,0.9951633986928106,0.8910355038772135,0.9518647719377948,0.9334927596276981,0.921891580360551,0.9239654501387544,0.800841823905833,0.9689170027827592,0.8604028387223068,0.9217600911877293,0.854231417604473,0.9672582712673323,0.9377253379624282,0.939931930051314,0.9999058090993418,0.9248631419617075,0.9081181966045124,0.974154537883592,0.9047408499968013,0.9422080421889416,0.9445623805946022,0.9991086502406954,0.9064920176718159,0.9086318137438733,0.8916829786258776,0.9430450953185581,0.9631093292400867,0.8153889450299145,0.9786100658041363,0.9355809960386168,0.9665616513644976,0.9362179957732526,0.9404109029938778,0.9356837142274774,0.982569599084711,0.9942714459947758,0.923610654166087,0.9679525758332029,0.9131105611405983,0.9722312205307764,0.9387522715750396,0.9740168722867644,0.9968665600537305,0.9703727823163033,0.938569729381019,0.9491170120150412,0.807520221981338,0.9520395700628467,0.9433877182221795,0.9464536062171711,0.9377253379624282,0.8560058896255163,0.9081181966045124,0.9967391619170713,0.9765064253050318,0.8266608704208851,0.9913650736550723,0.7660343627860307,0.9818737559710531,0.8111252182639921,0.8709676073375175,0.903464630798172,0.7760319106198984,0.8213256187370719,0.828470371545197,0.9445623805946022,0.8936281262041486,0.9180978494651831,0.7874358202450875,0.9495505106234361,0.9395555589844624,0.9470055188469617,0.9489334198111385,0.9445623805946022
p312_L,0.8514236835690032,0.7119431669223408,0.9640062838948074,0.8484628994946644,0.9851190476190476,0.8644606804686437,0.9154039119513098,0.9093303855836503,0.9038142386822652,0.9602211523225768,0.9964123220916106,0.9475597985845112,0.9475597985845114,0.5736202678932066,0.9661032464830347,0.885400876353422,0.752835562763698,0.8154170120192782,0.9582144552981327,0.957486356544754,0.8656910624567933,0.9938077685674778,0.9888877218166614,0.9813818316380161,0.9913026731221013,0.931488667261505,0.7528355627636979,0.916441965519317,0.8751938654120848,0.8584594219684041,0.9250013316406696,0.9544316996038003,0.9980353634264252,0.9188361382271666,0.9492063492063489,0.963200230518242,0.9136608016620084,0.9980353634264252,0.962321115805955,0.6214526147292145,0.9372344714402789,0.9328339505740533,0.9623211158059548,0.9129151319089193,0.7528355627636981,0.879446205011472,0.9526370111116407,0.9004911494084336,0.97998139075904,0.8918007079504509,0.9544316996038,0.7843334643401983,0.931488667261505,0.9413411539914585,0.9428469360414602,0.9779134885361098,0.9779134885361098,0.9492063492063489,0.9482782933250231,0.9298144168543093,0.9060540201833018,0.9192092392514407,0.9314886672615055,0.8993922310882434,0.968354383009318,0.9697158624438909,0.9544316996038,0.9490768789214075,0.9106983752712412,0.963200230518242,0.8977592394954912,0.9301606414450718,0.9492063492063492,0.8266892096935967,0.9492063492063489,0.9565760602192026,0.9384124008873462,0.7773931278746946,0.9103401181154223,0.962321115805955,0.9964123220916106,0.9087308614830323,0.9783994202533962,0.9314886672615053,0.9492063492063489,0.7328399533003253,0.8400061283921278,0.861568305966651,0.8939536575643379,0.9475597985845114,0.9492063492063489,0.7110686243555892,0.8166023125927322,0.8548949080074908,0.9262700211315922,0.9004911494084337,0.7180040722870522,0.9580351138841998,0.8487787740312818,0.818749855334769,0.8748925122448099,0.9073884413700831,0.8537698412698408,0.7983254232663788,0.9988170690953837,0.9582144552981327,0.8527964839168843,0.7973204052495699,0.9369854052620168,0.8289245259008575,0.6573451998040128,0.6554630427594943,0.8070467719220205,0.968383302119673,0.9073884413700836,0.8396970313026868,0.9413411539914587,0.9582144552981327,0.9623211158059548,0.9205381405663509,0.9129151319089193,0.7310923137226893,0.6827937197173921,0.8869338257310104,0.9821075314053487,0.783692482979647,0.9136608016620084,0.987418502201029,0.7971798092312715,0.9152582079543841,0.872763168035608,0.9526370111116407,0.5379637233866086,0.9623211158059548,0.9950603702402812,0.9962604064950795,0.9128732846826051,0.973053360823401,0.9544316996038,0.9459533477380777,0.9469488476903253,0.9602211523225768,0.8244397822834257,0.8661714077534826,0.7951815329931908,0.9106019687464653,0.9618040623148093,0.8420784215528958,0.930160641445072,0.8148611882522667,0.8751938654120847,0.9060540201833016,0.8025908473840935,0.8811713725919916,0.8280234816778039,0.9301606414450723,0.8105285126369344,0.9140827360776209,0.9873000884537921,0.8705493355131941,0.9078303776591792,0.9526370111116407,0.437516366436159,0.8306404201087898,0.8972062142375334,0.9596571364772952,0.8927713255769505,0.7978698460954712,0.926270021131592,0.9056892759978576,0.7110415836939361,0.9475597985845114,0.92884882212975,0.9319959257948537,0.9610354185769059,0.9789571546770472,0.884614916334616,0.9685537534522768,0.856436687957869,0.9382532758726714,0.9117550006367756,0.9240490045471228,0.97302184505753,0.9475597985845112,0.8904561153277738,0.7450523201144432,0.8893007587699875,0.9400050159634596,0.9413411539914583,0.6586766384632863,0.9459533477380777,0.9428307668638465,0.7722936825350751,0.8180179329687025,0.9853808551815852,0.9492063492063489,0.9508971383859763,0.9459533477380777,0.9004911494084336,0.8686209035320767,0.9279034959226291,0.9475597985845112,0.9492063492063489,0.9980441902456738,0.8462580005670894,0.9602211523225768,0.9492063492063489,0.930920905602167,0.9152582079543841,0.991632948188578,0.9815616099032829,0.9770647288625649,0.9886251033694344,0.9492063492063489,0.8869938104977823,0.9492063492063489,0.8404141642291889,0.8039304479509247,0.8094556233540051,0.9492063492063489,0.8863852623001995,0.9492063492063489,0.9446023531860508,0.972807232250656,0.6514063249008999,0.9907336150446707,0.9526370111116407,0.8275450240955426,0.9459533477380775,0.9355809960386168,0.9938077685674775,0.9352923098201313,0.8205834610107543,0.9927913675399127,0.6104786629594077,0.8993922310882433,0.8907283270583692,0.9801193820390868,0.7670232947686196,0.9580166426603274,0.9152582079543841,0.944383427890573,0.6613638028274368,0.9459533477380777,0.9492063492063489,0.9414106494210732,0.9492063492063489,0.7906093280416713,0.74267431439807,0.9544316996038003,0.9758994362393925,0.7993700008850908,0.9508971383859763,0.9140827360776209,0.9543800590178143,0.671163708894163,0.9964123220916106,0.8612222667022575,0.9526370111116407,0.735114413571242,0.9044788524275966,0.8442340263447987,0.9475597985845114,0.968354383009318,0.820087982817224,0.962321115805955,0.8628210251713135,0.8628210251713135,0.9328339505740533,0.9032953985475973,0.6936708086761258,0.9544316996038003,0.8789445153161299,0.882312313014425,0.8343546973790354,0.9582144552981327,0.8581734835076842,0.9589591641085066,0.9865548062843288,0.8295306933275091,0.9582144552981327,0.8823910523641698,0.8428200943988524,0.9683543830093179,0.9358682901281241,0.6652344784270259,0.9526370111116407,0.9188361382271666,0.8070467719220205,0.9459533477380777,0.9526370111116409,0.9773757151292214,0.7762018136905979,0.9632002305182419,0.798555937925866,0.8548949080074908,0.9899936426963005,0.9750701654313522,0.963200230518242,0.9194444444444442,0.6712733640431823,0.9919305345581159,0.973053360823401,0.8874655807210456,0.9358682901281239,0.9526370111116407,0.8207356119850878,0.9164419655193168,0.9589429769107363,0.9094556823349393,0.9190178999788694,0.8634708348575706,0.9901794850148675,0.8355526955775652,0.6995023882590949,0.9602211523225768,0.9038142386822656,0.9602211523225768,0.9188361382271664,0.9152582079543843,0.7240612710288983,0.9773757151292213,0.9492063492063489,0.9544316996038,0.9801193820390868,0.5623226913000636,0.9582144552981327,0.9562880686171875,0.9886251033694344,0.9492063492063489,0.9369854052620168,0.9582144552981327,0.5180242730178405,0.9927984919267985,0.9973706779505989,0.9610880275993517,0.9544316996038,0.8628210251713135,0.7323411099967441,0.9369854052620168,0.9428469360414606,0.7104521888515192,0.9526370111116407,0.963022385343627,0.7587615740028218,0.9413411539914582,0.951700230336632,0.8644606804686437,0.7937866699170062,0.5509288963753085,0.8061796741685836,0.9950603702402812,0.9475597985845114,0.9430021428738233,0.7310923137226893,0.8070467719220205,0.8082384637825228,0.7486025637696193,0.9492063492063489,0.8538362113124118,0.9176344520056336,0.6776240584717151,0.9512934499841005,0.9574863565447539,0.845308522333043,0.9492063492063489,0.9492063492063489,0.930160641445072,0.9038142386822654,0.7021391001047339,0.9492063492063489,0.9574863565447541,0.9851190476190477,0.9858842152953933,0.8972062142375332,0.8744980681654766,0.9194444444444441,0.9834594839173173,0.5630292899914711,0.8148380946804521,0.8207409020700833,0.9492063492063489,0.9494565734115241,0.6514063249009002,0.7766590274917056,0.8920548520914522,0.7514717371644387,0.9678953752693028,0.9526370111116409,0.7960789049353045,0.9492063492063489,0.7493894200045361,0.815417012019279,0.9217949449098886,0.9648566313796909,0.9508971383859763,0.9927279446966171,0.643329160233739,0.9492063492063489,0.8961186971729784,0.890028486541209,0.9492063492063489,0.9370619345667414,0.9222068768974643,0.9319959257948538,0.7537446627817316,0.8022278398026619,0.9492063492063489,0.9202329624682103,0.9490768789214075,0.968354383009318,0.9949026854846568,0.9835945510277573,0.9071820194155724,0.908315805590151,0.7704088878251921,0.9073884413700836,0.9358682901281239,0.8864622842804519,0.5313517461809378,0.8527760996057685,0.6635652737524329,0.9359245759999371,0.9355809960386168,0.9005384212506019,0.9314886672615055,0.9492063492063489,0.9582144552981327,0.9784157310816315,0.957741932366998,0.9964123220916106,0.9758994362393925,0.9919305345581159,0.8329007801417361,0.9813818316380161,0.9459533477380777,0.5511985778409993,0.9851190476190476,0.943086952979808,0.9466821273204218,0.7060204795019247,0.9582144552981327,0.846380925471486,0.9574863565447539,0.9991271005058253,0.8511921008492052,0.9718668668111895,0.9384124008873462,0.9602211523225768,0.9448896191115083,0.9596571364772952,0.9637881401608364,0.9328339505740533,0.9384124008873462,0.9811718853428998,0.9526370111116407,0.9630223853436268,0.9750767117923147,0.9890722286111191,0.8040165292503936,0.9372344714402789,0.9398636845831869,0.9250013316406696,0.7722191842821252,0.772573521897042,0.6623880554328871,0.8739479665019894,0.8428200943988524,0.7145711162149664,0.9225015741707872,0.986554806284329,0.935580996038617,0.7503309927704915,0.9398636845831869,0.9130676179019634,0.986554806284329,0.956466487927786,0.7822140588685711,0.9073884413700835,0.9056892759978576,0.8302266503143911,0.9949841493208558,0.9750767117923149,0.9632002305182419,0.8732827916508187,0.8918007079504511,0.9562880686171875,0.9596571364772952,0.944383427890573,0.8739479665019895,0.973053360823401,0.9582144552981327,0.5578203511314507,0.7379098541554263,0.9548120669934363,0.9886251033694343,0.9475597985845112,0.852319744891971,0.9071820194155726,0.944383427890573,0.6695859164801212,0.9492063492063489,0.9562880686171875,0.9492063492063489,0.9492063492063489,0.818749855334769,0.935580996038617,0.8602326261905311,0.9492063492063489,0.8094251427518592,0.8377384241745149,0.9152582079543843,0.8703425877209889,0.9153139730017579,0.9482782933250231,0.6670039513203436,0.9027019168030601,0.8399134433261006,0.9428469360414606,0.9215191722498273,0.9562880686171875,0.9176344520056339,0.9470547902208428,0.8559522762859697,0.7458851937597699,0.9428469360414604,0.9459533477380777,0.8487722487984959,0.8176392862623294,0.7704088878251919,0.8374011676109454,0.6801665762815039,0.9384124008873462,0.9842968264073595,0.9355809960386168,0.8485197883378754,0.9834594839173173,0.9060540201833018,0.935580996038617,0.9200475251844391,0.9526370111116407,0.9384124008873465,0.8459397716860009,0.9987214692868693,0.8570084033315832,0.8318910877270136,0.9544316996038003,0.987300088453792,0.9443834278905732,0.9484110728449682,0.7180040722870524,0.9248100053233801,0.7766590274917056,0.9739353004390978,0.8644606804686435,0.7668650526081322,0.8766475407506158,0.9027019168030599,0.7700220705456177,0.5076339223113397,0.9071820194155724,0.8822265994777516,0.9492063492063489,0.9005384212506019,0.916441965519317,0.9851190476190476,0.9243203844516432,0.9384124008873462,0.9459533477380777,0.9783994202533962,0.963373672679303,0.7445786492931166,0.804647944817535,0.960221152322577,0.7822140588685712,0.9964123220916106,0.8664724446651939,0.9459533477380777,0.9389176628943104,0.8221755430097126,0.6571574449861826,0.8563736953667129,0.9938697268012671,0.91409095194162,0.8462045151605493,0.8633240709217584,0.9486051204234524,0.8311464231994983,0.7601890268014285,0.92500133164067,0.957486356544754,0.9543800590178143,0.9508971383859763,0.8337006414042472,0.9801193820390868,0.8928757609748672,0.9475597985845117,0.7792280426333984,0.7403555665395527,0.9623211158059548,0.8790644420447884,0.9526370111116407,0.6891492539635695,0.9971276925647266,0.9842968264073595,0.9784157310816315,0.745885193759771,0.9369854052620168,0.8982973238138034,0.9398636845831869,0.9475597985845114,0.9730533608234009,0.962321115805955,0.9492063492063489,0.9630223853436268,0.9425729328199651,0.8070467719220202,0.6776240584717153,0.9492063492063489,0.8832831707913575,0.7978424092993639,0.9060540201833018,0.9683086794376969,0.9818472950454273,0.6749658363834108,0.8811713725919914,0.8473643897825673,0.9758994362393925,0.9853808551815852,0.8506512873935237,0.7504529850082995,0.9562880686171875,0.6715020243987916,0.97302184505753,0.907388441370083,0.7854327491040132,0.6046333748805408,0.9275522446953857,0.9919305345581159,0.43141517115514083,0.9413411539914585,0.9288488221297497,0.6567460317460305,0.9020234243808678,0.9536945818766627,0.9582144552981327,0.9492063492063489,0.9384124008873462,0.7965941295587152,0.8306404201087898,0.9475597985845114,0.9544316996038003,0.9950603702402809,0.9475597985845114,0.9475597985845114,0.9188361382271665,0.9492063492063489,0.944383427890573,0.972807232250656,0.9492063492063489,0.8040165292503935,0.7863348538016328,0.9582144552981327,0.9073884413700836,0.9562880686171875,0.9508971383859763,0.9475597985845114,0.7792280426333984,0.8580633769736241,0.9355809960386168,0.8409971458279795,0.9492063492063489,0.5727714044714176,0.9073884413700835,0.9341976401680097,0.8218581062145831,0.9302614904222953,0.4916883454164893,0.7104977117339855,0.9369854052620168,0.7854327491040134,0.9543800590178144,0.9492063492063489,0.9152582079543843,0.9430021428738233,0.9339500363880902,0.9825516086708621,0.9398636845831869,0.8846149163346161,0.8705563612990556,0.9773757151292215,0.7327857355831126,0.8420784215528958,0.9492063492063489,0.9851190476190474,0.9851746511666533,0.9602211523225768,0.9862687936386618,0.813391764632844,0.7208444903662701,0.8244397822834255,0.9919305345581159,0.8193034448059697,0.8128183834424194,0.9492063492063489,0.9492063492063489,0.9140827360776209,0.8753108566273606,0.6327932917807778,0.7953507180148165,0.845308522333043,0.7824758988124849,0.8617270394494576,0.8565244516215631,0.8613145460927208,0.8416188407771308,0.9492063492063489,0.9386131743457118,0.9005384212506019,0.962321115805955,0.8166023125927322,0.9582144552981327,0.8311464231994983,0.9492063492063489,0.9492063492063489,0.8021155478511959,0.7880952380952371,0.8383696574524353,0.9384124008873462,0.7070553736674672,0.8993922310882432,0.9758994362393925,0.9372344714402789,0.834455605728512,0.6904895801243256,0.9492063492063489,0.9137080532218428,0.8175997772209658,0.9508971383859763,0.9582144552981327,0.8864622842804519,0.8938586101242288,0.8017102001223686,0.8639120513105903,0.9508971383859763,0.9844726040741183,0.9492063492063489,0.8266892096935967,0.7765306526370799,0.8993922310882432,0.798210336806472,0.9425729328199652,0.9413411539914585,0.9049315186013058,0.7450523201144432,0.9562880686171875,0.8685695845092942,0.8622735200335969,0.944383427890573,0.8751938654120848,0.9683086794376969,0.9314886672615053,0.8129560940834348,0.9730533608234009,0.9475597985845114,0.875911018859066,0.9288488221297497,0.9580166426603276,0.9430021428738233,0.962321115805955,0.9992249226337292,0.962321115805955,0.9623211158059548,0.7489194896348186,0.9647506825559773,0.9331711877287372,0.9492063492063489,0.8751938654120845,0.9938077685674778,0.9384124008873462,0.7266107568770397,0.9428469360414606,0.9475597985845114,0.9779134885361098,0.8939536575643374,0.9508971383859761,0.9779480450212253,0.9176344520056339,0.8233095582802454,0.8010095457376821,0.9492063492063489,0.6749658363834109,0.9492063492063492,0.8180179329687025,0.9602211523225768,0.8098516702594136,0.9341976401680097,0.926756984231343,0.9492063492063489,0.804647944817535,0.7383793872014478,0.9341976401680097,0.805849966291601,0.8266892096935967,0.8129560940834348,0.9730533608234009,0.8511420268993708,0.9056892759978576,0.8343356316982855,0.7715834556054184,0.7445786492931155,0.7662790430154061,0.9623211158059548,0.935580996038617,0.0,0.8982973238138034,0.9301606414450718,0.8388272306092,0.9414106494210734,0.7604073710900014,0.9492063492063492,0.9475597985845114,0.8720509229668818,0.8548362034255073,0.9186188500482269,0.8048319931549088,0.7807259771890069,0.9492063492063489,0.7884981212068203,0.9904019712725955,0.665234478427026,0.9492063492063489,0.8399134433261006,0.7024468607658534,0.9582144552981327,0.9888877218166614,0.9475597985845114,0.8509529217372154,0.9314886672615054,0.9908702887645178,0.8748925122448099,0.9486714815870392,0.7445786492931167,0.7284399588174313,0.9492063492063489,0.9758994362393925,0.9492063492063489,0.9582144552981327,0.7835937132975109,0.8843412180810764,0.962321115805955,0.9262700211315922,0.7999960359115463,0.9049315186013056,0.9683086794376969,0.9492063492063489,0.8910707793081735,0.8210376473859948,0.8128520154528992,0.9339500363880904,0.9580166426603274,0.9544316996038,0.9250013316406696,0.9237454173815309,0.916441965519317,0.8928757609748676,0.7807259771890069,0.916441965519317,0.9225015741707872,0.9544316996038003,0.9899936426963007,0.916441965519317,0.962321115805955,0.9821075314053485,0.9508971383859763,0.6264995473798107,0.9475597985845114,0.9237454173815309,0.594587864785117,0.8918007079504511,0.9580166426603276,0.9888877218166614,0.9140827360776207,0.9301606414450718,0.9475597985845114,0.9938077685674775,0.869044468641188,0.7110415836939362,0.9400050159634596,0.8628210251713135,0.9532451920987461,0.9706171664191838,0.7210941133571525,0.9508971383859763,0.9526370111116407,0.9400050159634596,0.7404073909127016,0.9275522446953857,0.7340174144965672,0.9004911494084336,0.9544316996038,0.9683543830093181,0.906856498638285,0.9262700211315922,0.7159628237899875,0.9176344520056336,0.9339500363880903,0.8527760996057683,0.9000627911577299,0.9237454173815312,0.9851190476190477,0.8662905055037968,0.7182088539361109,0.7519093874149446,0.9004911494084336,0.8495864161552142,0.968354383009318,0.9630223853436266,0.909249860383132,0.931488667261505,0.8739479665019892,0.7877383030233717,0.9113965671515777,0.871714603882036,0.9574437751944369,0.9398636845831869,0.8442340263447985,0.9475597985845114,0.9097528802726034,0.830226650314391,0.9773757151292213,0.9508971383859763,0.8864622842804519,0.9275522446953854,0.5574520725743928,0.9734392564424443,0.9268630210971771,0.9125193911052162,0.9919305345581159,0.9298144168543094,0.8910707793081736,0.8563736953667129,0.7876282222528321,0.9773757151292215,0.859117285745659,0.7516593631340741,0.9562880686171875,0.8928757609748674,0.964240297759334,0.57505565178197,0.9602211523225768,0.9202651318010484,0.9582144552981327,0.9505047681875712,0.9562880686171875
p312_S,0.9129488074788945,0.9817231968194011,0.8861868381096155,0.971736367469256,0.8982973238138034,0.9245566463845687,0.955893965400251,0.9642292382787181,0.8074099974274123,0.9203519494821841,0.5704557212721715,0.8950004825334388,0.8950004825334388,0.9234427656660247,0.8210008754598477,0.9699920275968625,0.8886405262183212,0.9496954632066932,0.9163339973465925,0.9203519494821841,0.9159749071559296,0.7430297335586087,0.9929979934242448,0.9016827426948626,0.7532880466309102,0.8628217153184259,0.9925690576705835,0.8821389927482706,0.9203519494821839,0.8240814709394577,0.9036261460394366,0.9502440628915496,0.8855640524750215,0.8374879178218961,0.9358682901281239,0.9163339973465923,0.6721587646289398,0.945336400066193,0.9245566463845687,0.9456666443083237,0.9500968118952713,0.7517548329616474,0.9763491073983367,0.9934105288600914,0.8886405262183212,0.9061746092220466,0.6143757796228813,0.8443737802152147,0.826322696624229,0.9894548112064281,0.9502440628915494,0.9082573964367568,0.8628217153184259,0.8825490680853298,0.9532038714585354,0.9740512052478838,0.8575360288119112,0.8982973238138026,0.9161567835339193,0.7173284649416036,0.81189464795299,0.9138031078942999,0.8186412090912616,0.8202046342072096,0.912476848317918,0.9809175286282077,0.9917282321179908,0.942433501535896,0.9582144552981331,0.9163339973465923,0.9200068102172299,0.9118266937745217,0.9138478446145948,0.9031198727394769,0.8982973238138026,0.6858413402330732,0.8381010728195254,0.8795907732894912,0.905688156930554,0.9245566463845685,0.9766413918962566,0.9581028929013422,0.9341772783566888,0.8628217153184263,0.8982973238138026,0.9100652209918167,0.97175624865864,0.8538606346042129,0.898572807198023,0.9315076677030101,0.8982973238138026,0.8659700264580341,0.8466314274069855,0.9750217088028119,0.8796408056059097,0.9375386721608912,0.8606835302307501,0.8420035781401929,0.7550456491826931,0.9010965132447426,0.8575360288119112,0.9051664401581991,0.9889897772432356,0.9625319569777705,0.7549679910916895,0.5891401655413022,0.8654546666406762,0.7562536453690192,0.9359750562413551,0.8582525299072139,0.8469021918494404,0.8655153376703726,0.8257013602087433,0.925047193070141,0.6143757796228813,0.9532213066140345,0.8825490680853296,0.9163339973465923,0.8277077380726947,0.7336745587483309,0.9586528788913429,0.8503216798204942,0.9670487459541284,0.849832308499898,0.9207375472439379,0.9630671241949922,0.67215876462894,0.8988520147584989,0.8950004825334386,0.9250646625674573,0.7828830600508725,0.9852427368613523,0.9087598936651082,0.9245566463845685,0.8886405262183215,0.9643095889650571,0.8166376538024437,0.8008509217498048,0.634914244844039,0.891783931888013,0.6747648993615125,0.6088711804928678,0.6983463012359021,0.9868058004883369,0.8353010689213036,0.8210008754598479,0.8478590043252137,0.7009447294063613,0.8263226966242292,0.9021883999923592,0.9203519494821839,0.8118946479529896,0.7911940242103521,0.8792661252786118,0.9667875986555683,0.8601626471580313,0.8943428688881205,0.9006001956118521,0.9808948615829185,0.8303766218577662,0.9459413039720077,0.9852427368613523,0.9581028929013422,0.9615988400138036,0.8856764594407631,0.9315838513038124,0.7762748337218981,0.9416597066980109,0.956749776141754,0.983876700278074,0.9234427656660249,0.5208845547534241,0.8575360288119114,0.9581436586454772,0.9396336290565331,0.8904936394887302,0.9163339973465923,0.99763145123725,0.8654871162310527,0.8528877095633367,0.9393343694420003,0.8783526495891187,0.913673617458646,0.9680148528725812,0.9509816976817879,0.7278180589262772,0.7336745587483309,0.9113741175439004,0.88254906808533,0.8607094109952482,0.9628544051917185,0.985973837347655,0.9252048749055415,0.8860328912086621,0.8023659876269933,0.8982973238138026,0.9404244238472441,0.9983896418435716,0.8661825349776042,0.9922795824174904,0.8246628372193086,0.9954779619578477,0.8982973238138026,0.8372596516917095,0.8214108560738738,0.9203519494821839,0.8982973238138026,0.9628239980582518,0.8547850709517308,0.812777192154329,0.802759627327879,0.967164123904216,0.8950004825334388,0.8982973238138026,0.755677694309852,0.8982973238138027,0.9998515520739699,0.9327512589507345,0.8738146318302381,0.8982973238138026,0.7364154389986974,0.8982973238138026,0.8770683063100818,0.8370383603659153,0.9068614220260414,0.8670117646927024,0.9051664401581994,0.9125911010962884,0.9273191685398656,0.7935329376806904,0.7747201799789147,0.9480379530424075,0.8590590652150161,0.8374879178218959,0.8423350909762455,0.7251727438845759,0.9864805675103101,0.8183624229309931,0.9435797529671,0.7782978182469158,0.8547850709517306,0.8886405262183212,0.8702667377832223,0.8917839318880127,0.8982973238138026,0.8183624229309924,0.8982973238138026,0.8258980041176676,0.8761423811272765,0.9917282321179908,0.9932316441455897,0.8964728027469131,0.9016827426948626,0.8279703164673109,0.5357722186414962,0.8686426071185915,0.9119409794917464,0.794323342139654,0.9051664401581994,0.9944505083599015,0.8743436535777682,0.9120869411563546,0.9315076677030101,0.955587210232753,0.8917178741302609,0.9245566463845687,0.7169021989120847,0.7605458066710946,0.8949560937756018,0.7783715086283882,0.9393099150555948,0.9502440628915498,0.888153836002963,0.8385633324189752,0.8964728027469129,0.5891401655413022,0.8749852020187376,0.8521802761821589,0.8981981738963489,0.8688868031080181,0.5891401655413022,0.7908390252103981,0.8248239125270276,0.912476848317918,0.9683116883116885,0.8448271155174853,0.9747191147870711,0.8086206400665753,0.8420125984815465,0.6462579916378983,0.9051664401581994,0.9051664401581991,0.8681482924635373,0.9163339973465923,0.9696706774563097,0.8865012121618128,0.830557392775857,0.8811690270337231,0.9612908916295111,0.8982973238138034,0.8886639795414619,0.8917839318880125,0.9667875986555684,0.9128362417193112,0.8608441558441562,0.9852427368613523,0.8886639795414621,0.8953591437517909,0.975320428629076,0.9017520014327859,0.9271217352392784,0.779473523996058,0.7851933136050007,0.7384261168733783,0.9146431307324149,0.9674296364846788,0.9190123973775646,0.9203519494821841,0.8844545205190459,0.8303239302316401,0.8420008905563077,0.9051664401581991,0.8982973238138026,0.9087598936651073,0.9069400111591195,0.8628217153184266,0.5891401655413022,0.955587210232753,0.8950004825334388,0.8982973238138026,0.7843617363436834,0.9612908916295111,0.9741037694931158,0.7322826585746689,0.6899391613283083,0.8682458143938525,0.9087598936651087,0.8854673584013808,0.9576880768660264,0.908656495194778,0.8855640524750217,0.9211318427318007,0.9051664401581994,0.8374879178218961,0.9998515520739699,0.8825490680853301,0.8445122684053994,0.9268019842897894,0.9016185604726408,0.8627658779727194,0.8778710203618341,0.730288191790051,0.8950004825334388,0.9458892596972854,0.9500469696341345,0.9561912663911711,0.8282939299354108,0.9833997675960175,0.8982973238138026,0.7426430157480823,0.9100652209918167,0.8654871162310527,0.7650066899467112,0.9674296364846788,0.9493342264401614,0.8982973238138026,0.8982973238138026,0.9171653119248928,0.9247442426922241,0.9868381795985353,0.8982973238138027,0.9674296364846788,0.8982973238138034,0.8931207173207159,0.8216475390937119,0.7406333121553883,0.9734392564424441,0.926946616820191,0.9400658022383344,0.9489171762694814,0.8614907656589006,0.8982973238138026,0.8277506450089285,0.8574165634704998,0.8106846903064515,0.7838645135350977,0.674908435333758,0.9821953264526078,0.9051664401581994,0.9318349232862575,0.8982973238138026,0.984429220415297,0.9344728729422842,0.9235206156095964,0.7267376933836069,0.9820922138479928,0.9518535311310713,0.8855640524750212,0.8982973238138026,0.9324388895824057,0.8530736168168237,0.8982973238138026,0.9668813970875288,0.670134666542215,0.7503642215501921,0.9918065809331942,0.8478194439933215,0.8982973238138026,0.8644648357747128,0.9069171716353956,0.955587210232753,0.945920356328164,0.8931876096200049,0.9341101219468473,0.8395099326667372,0.8979859252177942,0.6544139279744577,0.9253246753246755,0.772666674745321,0.8710156683413512,0.7756167155477292,0.8607614394709913,0.8296336711364776,0.8710156683413512,0.634914244844039,0.9496954632066934,0.8982973238138026,0.9937522140875703,0.9787563427820585,0.8386524117247862,0.9119409794917466,0.5089181807855575,0.8917839318880132,0.8357120864475067,0.9820922138479928,0.8917839318880132,0.9442911856940015,0.8762768783002746,0.9486651539080437,0.9133440537249911,0.9190123973775643,0.9937522140875703,0.7270426172754041,0.9203519494821841,0.9156071109966866,0.8710156683413515,0.9426394010497703,0.9648628585007484,0.9203519494821839,0.8328507821498946,0.8326941341927288,0.8659700264580341,0.9832783620912895,0.9400658022383346,0.751929231759898,0.9051664401581991,0.7075087994632813,0.9200110104166674,0.9972794255747395,0.9281505333988456,0.9284481156139275,0.9263079894969779,0.8498323084998982,0.9791671745597292,0.9797927331474221,0.9446616912174572,0.972788098511996,0.9945939429403869,0.9519377973416983,0.9979415841854359,0.7723258715761909,0.901511249612075,0.9697313833425265,0.9442911856940017,0.6651303633026293,0.742373512073694,0.7538366775268257,0.8147028678374213,0.9747191147870711,0.860682167451319,0.9587975984252077,0.9350596893811607,0.9633084029793544,0.9163339973465923,0.8691184118833699,0.8040092425999459,0.912476848317918,0.8706367144740199,0.9381452546945752,0.9035024108771545,0.9502440628915496,0.9163339973465923,0.9036261460394366,0.9670553480088631,0.8496007521143938,0.6669132954317083,0.9589707767882762,0.828774617712835,0.9341101219468472,0.8886405262183212,0.8555999624260064,0.8982973238138026,0.6133091706188968,0.8982973238138026,0.8982973238138026,0.8515949193193539,0.8710156683413519,0.8880438381235427,0.8982973238138026,0.7981977149259522,0.7090966374907774,0.9250646625674577,0.8547889218390641,0.8472828603230927,0.7206046662096253,0.8297304774174432,0.751929231759899,0.7136002165958806,0.8855640524750208,0.8929982269723444,0.912476848317918,0.8350818158237849,0.9906991088074603,0.7115773571826431,0.8543015850326394,0.9115164905744358,0.8917839318880127,0.9633960476316594,0.9986975721475879,0.8900450932824558,0.6544139279744577,0.8661825349776044,0.9400658022383344,0.9872808818034811,0.9015112496120745,0.9229644427570949,0.7810804214260384,0.8345851988012258,0.9015112496120743,0.929923500529331,0.9051664401581994,0.8766849093977234,0.9791661049996256,0.9057201266693716,0.7671325804768707,0.9866958689020053,0.9917282321179908,0.9452678147319105,0.8886405262183215,0.877614133058517,0.9964862660279438,0.8950004825334386,0.9959098544202011,0.929481539766365,0.8772548611812419,0.9860671578039338,0.7270426172754043,0.9069400111591196,0.8730054143161925,0.9083753558180288,0.8425695148719521,0.8819742231522851,0.8982973238138026,0.634914244844039,0.8574165634704998,0.9734392564424443,0.920662901063944,0.9083753558180285,0.8917839318880127,0.7658721215140297,0.7671314097909573,0.8850196814928615,0.8205107558636056,0.9203519494821844,0.74998817435727,0.9119409794917464,0.953145660678846,0.9273191685398661,0.9193839619667783,0.941775950144006,0.8792462116718203,0.8682458143938525,0.931662370182869,0.9737532291466588,0.997083711383089,0.9626075376379615,0.960288400971516,0.7290809865541843,0.952997540011766,0.8543015850326395,0.9203519494821841,0.9049013665285814,0.9791661049996256,0.7947549900187304,0.9159048123846258,0.8062917987384595,0.8950004825334388,0.8576020292627484,0.9591187992141903,0.9245566463845685,0.9713678936785203,0.9051664401581991,0.9850486261598486,0.8211918559184784,0.9832783620912899,0.867426301674284,0.8543015850326394,0.873827676815808,0.8178571428571433,0.879590773289491,0.9315076677030099,0.634914244844039,0.9741037694931158,0.8982973238138026,0.8627658779727194,0.9136094717376839,0.7502064446983647,0.916634462040957,0.8982973238138027,0.7860344648731097,0.8978083441010594,0.9385092927164111,0.8448271155174856,0.7908213627520437,0.9072772156967592,0.9254117215797486,0.7650030490111384,0.8549399288486856,0.9707285038906437,0.7009633385332406,0.965953355794313,0.5701988087040618,0.884795614102088,0.8575360288119112,0.9051664401581994,0.952629633832091,0.9245566463845687,0.8408182974981273,0.9983896418435716,0.9245566463845687,0.9191026744465279,0.9417424117820135,0.8982973238138032,0.9904165555066995,0.8348252486179689,0.9163339973465925,0.9734392564424443,0.8766849093977231,0.9639072104814725,0.9615988400138036,0.8950004825334388,0.9502440628915496,0.888640526218321,0.8950004825334388,0.9315076677030101,0.8880438381235431,0.8982973238138026,0.8886405262183212,0.8141532085971921,0.8982973238138026,0.8682458143938527,0.8427900854983301,0.9937522140875703,0.6544139279744577,0.955587210232753,0.9791661049996256,0.8950004825334388,0.9385878167439001,0.9123766083212121,0.8710156683413512,0.9211318427318007,0.8982973238138026,0.8599235121346394,0.9051664401581994,0.9819923880936651,0.9926682749078379,0.8603645741846178,0.9163339973465923,0.9016827426948626,0.9049013665285817,0.9037073523919106,0.8738276768158082,0.6132801141000308,0.9281684931120009,0.971771709177341,0.8811985038024087,0.8646278211931004,0.9119409794917466,0.9487953198046517,0.8886639795414619,0.6143757796228813,0.9798804254842942,0.7180913246889691,0.8982973238138026,0.9358682901281239,0.8431858522686649,0.9203519494821841,0.9300209525061649,0.6956453479726304,0.9910084019014881,0.8479428333847703,0.8917839318880132,0.9372050250384659,0.7946084483619353,0.8982973238138026,0.8982973238138026,0.8279703164673116,0.9014747707655857,0.9601936064986891,0.9371791284728602,0.6902656726558178,0.8767014573158864,0.9279617397523308,0.8101000525862543,0.8655153376703728,0.8714470397377403,0.8982973238138026,0.806686143586555,0.634914244844039,0.9245566463845687,0.8634243475288139,0.5891401655413022,0.9305960280161285,0.8982973238138026,0.8982973238138026,0.8858209380993713,0.8982973238138034,0.8376258439857092,0.7113392871383031,0.8740137210298942,0.9933942044579585,0.9791100127950296,0.725172743884575,0.9049896119990215,0.7184635391954568,0.8982973238138027,0.85478507095173,0.832526930204373,0.6334170834765581,0.9612908916295111,0.8929982269723444,0.844621051219921,0.9150464472420548,0.8350818158237849,0.9016827426948626,0.8876641336928489,0.8982973238138026,0.869768523677352,0.8850707526024728,0.8418533304885532,0.9347739313458223,0.8850154236508608,0.9156071109966866,0.8096470950969048,0.8513771415022597,0.9124768483179178,0.7553580119793231,0.7423450122753865,0.9579262138531626,0.8913373025078379,0.9979415841854361,0.9496954632066934,0.8386524117247862,0.9087598936651082,0.8950004825334388,0.9613366092325835,0.7775696449843111,0.973986944007638,0.9200068102172301,0.9245566463845685,0.8761423811272763,0.9245566463845685,0.9763491073983367,0.8847956141020877,0.8910607891360045,0.8343952307678697,0.8982973238138032,0.8913373025078378,0.7747201799789143,0.9083753558180285,0.7806742443809067,0.8855640524750217,0.8950004825334386,0.913673617458646,0.7876664374986648,0.9016827426948628,0.915539950033567,0.8850707526024728,0.6794099284497401,0.8289486330705731,0.8982973238138026,0.8866236210773968,0.9734392564424443,0.9021883999923594,0.9203519494821841,0.9243968498808313,0.8682458143938514,0.8089521891606017,0.8982973238138026,0.8205107558636056,0.948748803087968,0.8022782310786882,0.8231070600336883,0.869768523677352,0.8386524117247861,0.5934300756175979,0.6936603946097775,0.9297671151271447,0.7742190307026144,0.9615988400138035,0.871015668341351,0.9437653771312211,0.9245566463845685,0.8710156683413512,0.8982973238138034,0.0,0.8601626471580308,0.7113500862384241,0.9512288052731833,0.9538336683356822,0.9358682901281237,0.8950004825334388,0.7352379199715768,0.9387114094816997,0.9748326858823562,0.9153242480563062,0.9776992450620088,0.8982973238138026,0.8187507264087326,0.9101702372624162,0.9234427656660247,0.8982973238138026,0.8672165210180758,0.8855640524750212,0.5891401655413022,0.901511249612075,0.8950004825334388,0.9175059807288828,0.8917796312811823,0.5655318577055088,0.8575360288119112,0.9549428146469845,0.901511249612075,0.9973744482104433,0.8982973238138026,0.8825982719080667,0.8982973238138026,0.9163339973465923,0.8011847786567325,0.7882574758226732,0.9245566463845687,0.8476768306401978,0.8965820422878137,0.8546519604704221,0.8145050671721767,0.8982973238138026,0.7974985375697641,0.7078560862476779,0.704029838951393,0.9574199835789754,0.8547850709517311,0.9917282321179908,0.849832308499898,0.8076234179491082,0.9200815730295618,0.7855081959450811,0.9251750985633195,0.9200815730295618,0.8931207173207165,0.9667875986555684,0.830557392775857,0.9200815730295618,0.9245566463845687,0.8628217153184266,0.9404244238472441,0.830557392775857,0.9954779619578477,0.8341664144721783,0.8981981738963489,0.8453164318386717,0.6804532553665565,0.9015112496120745,0.8279703164673118,0.860162647158031,0.9680148528725812,0.9400658022383344,0.8033064980099796,0.7882998504559972,0.9772958413483253,0.9796805140071816,0.8945163799635718,0.9318562382509357,0.9688293585413835,0.9016827426948626,0.6544139279744576,0.9128346189776348,0.934088123306877,0.8408182974981272,0.7855016113793654,0.8443737802152145,0.634914244844039,0.6133091706188968,0.8985694489337492,0.8523725692305197,0.9898963391511255,0.8350818158237849,0.5853323973349449,0.9603873111571228,0.9670487459541284,0.847317627250981,0.6132801141000301,0.8594654347190347,0.8327454631808753,0.8388113982699292,0.8007562706904359,0.6988311772682487,0.8288609801930716,0.8591765603682225,0.7515401773634882,0.8917796312811814,0.9232833700357421,0.7386038851386406,0.8334162252912931,0.9118310358812909,0.7936734379495369,0.6675063398789369,0.898397696351216,0.9954779619578477,0.9771666759672335,0.9914891758593991,0.9051664401581994,0.6721587646289401,0.7726666747453212,0.8549399288486841,0.945204588509776,0.8382467532467539,0.9626075376379615,0.9829995536290008,0.9273191685398654,0.7173284649416041,0.9333127714085172,0.9819923880936652,0.8937604153275942,0.9051664401581994,0.735842806181304,0.8022782310786878,0.6133091706188968,0.7855081959450811,0.9578401256982518,0.9016827426948628,0.9203519494821841,0.8702667377832225,0.9612908916295111,0.8513955171283154,0.6133091706188968
p312_T,0.8742550878825028,0.992980876159153,0.9333927619948952,0.9328110853236412,0.9301606414450718,0.9481929520311925,0.8823577446417376,0.7434303000178248,0.8677481975092116,0.945305581259918,0.9173148291382112,0.9278966962971924,0.9278966962971924,0.8934425806304627,0.9670332374157119,0.9217745823086678,0.9386569025459167,0.9057994954598183,0.9425464483602057,0.945305581259918,0.9674382549942215,0.9993652126586654,0.9672582712673323,0.9838585814857688,0.8806173188769295,0.9057994954598185,0.9235293061149326,0.9178938723744823,0.945305581259918,0.9242644950088945,0.9325461471620269,0.9373453016197315,0.9662633710722657,0.888402744132657,0.97998139075904,0.7593794827875704,0.9324854129452831,0.921416687638209,0.9481929520311925,0.9039735099337749,0.947789466008373,0.9076492093936459,0.8547020723633447,0.9438276072152072,0.7089672503139988,0.9513878189094949,0.9348776724743586,0.8920984402161447,0.9448504224708837,0.8512300448035053,0.9526350423385235,0.9291046652440923,0.9441989622120355,0.919346293979701,0.9440432620596213,0.9021698077369342,0.9117279299695329,0.930160641445072,0.9212014106440258,0.8387057007283607,0.9310051442015241,0.9649495303379831,0.9825984289642522,0.9947962922931933,0.9970639700164783,0.9569828701040741,0.7325957302550343,0.9903246454113732,0.8972535442810929,0.8189942965580155,0.8917480396328272,0.9417675268326102,0.97998139075904,0.8722675641246391,0.930160641445072,0.8970782185921151,0.7905201773596355,0.9173148291382112,0.8450857932537048,0.9481929520311925,0.8681962088300326,0.89188505620146,0.8986240534007519,0.9057994954598185,0.930160641445072,0.8867504707956384,0.7064743333669562,0.9663432515440182,0.9651397425956001,0.9278966962971924,0.930160641445072,0.9607803343920254,0.945977874973897,0.8473678574069079,0.9709418084101293,0.9343853672893319,0.8811453114284846,0.9674382549942214,0.8180953847313235,0.794548727808108,0.7628461201347065,0.9589376456981176,0.9301606414450718,0.9107974084026111,0.8065417038201352,0.942546448360206,0.8723787692931402,0.977794158629566,0.9133573033767914,0.9200954605924605,0.8418367231656725,0.9076492093936457,0.8861024938085993,0.9700428001882815,0.9348776724743586,0.8945479812053945,0.8614716313674342,0.9978387378693493,0.9481929520311922,0.8285391598107978,0.8336913088833142,0.9988813525559971,0.9545623789260471,0.996120864693024,0.7870047705224466,0.8781464978359428,0.9324854129452831,0.9993492506814547,0.8784627882818801,0.915919770177237,0.825054143773712,0.8527529638705935,0.9526350423385234,0.9481929520311925,0.8927189720995335,0.9378659482854856,0.9876024722034791,0.9373453016197317,0.9526350423385237,0.925687886831601,0.8799836876763445,0.945305581259918,0.8688177308127338,0.9775479394840356,0.9139497309400643,0.8770810709357257,0.8802681711979421,0.7828637719794271,0.9039735099337751,0.8605892592068798,0.9298402628575502,0.8708278127936304,0.9903246454113732,0.9143168314046379,0.9923551296406039,0.9039735099337753,0.9768036439884701,0.957615662424106,0.8270134485526377,0.9746706257322244,0.9841210017185829,0.852752963870594,0.852166913696114,0.8573934100284375,0.971869288401755,0.9837570507471834,0.9514830230284642,0.9764965868575897,0.8121049265617377,0.9247195453614794,0.9328110853236412,0.9278966962971924,0.902169807736934,0.9670277160867209,0.8692494746944208,0.9379983904326087,0.942546448360206,0.9459333791503508,0.9403725843137768,0.843889913133864,0.9101409027007874,0.9544107031172884,0.8000665725934131,0.9278966962971924,0.9321984580010818,0.9903121568594568,0.8759325110447234,0.9812493295822693,0.9193462939797009,0.9640584711618396,0.9800695481923836,0.9546641894098515,0.9093158712781229,0.9891267388796452,0.9185515272787423,0.930160641445072,0.9324854129452831,0.9256878868316014,0.9210178056318985,0.9568121915830534,0.8786176172006352,0.9752830459923438,0.930160641445072,0.8860535955692317,0.8180670416112066,0.945305581259918,0.930160641445072,0.9273375589956828,0.9159197701772372,0.8438899131338642,0.8033919351330516,0.9516803080213929,0.8784627882818797,0.930160641445072,0.8683867206694147,0.930160641445072,0.9583993585096766,0.9054351602161335,0.9568121915830536,0.930160641445072,0.9275499092019686,0.930160641445072,0.993107421898805,0.993765629534435,0.9506768980005937,0.9177092516180816,0.9879700133881204,0.9205109805988165,0.925687886831601,0.9114262935403583,0.9153193686659862,0.8583741958708491,0.8002146726879578,0.7093610486939426,0.9373453016197315,0.9764965868575897,0.9858554770474959,0.9836765640633729,0.9718692884017555,0.8834832246395512,0.8834832246395514,0.9235293061149326,0.9459853091324404,0.9728091693196088,0.930160641445072,0.8955832386010318,0.930160641445072,0.8069125245133593,0.9483563157149231,0.9373453016197315,0.9162320570522574,0.9632581218202491,0.9838585814857688,0.9897191309312476,0.9133573033767912,0.8992520772945131,0.9968895860490863,0.8091858387065824,0.9348776724743586,0.927838026234643,0.9230322340171799,0.8772115323314946,0.9278966962971924,0.9970639700164783,0.8358337105628657,0.9481929520311925,0.9943949975805222,0.994394997580522,0.9857286773137053,0.8469234123385454,0.9202829442340822,0.9526350423385237,0.9532817790368882,0.9563025402271867,0.9298740251261695,0.942546448360206,0.8757189462570654,0.9460739320544693,0.7727306286854222,0.9521109638157488,0.942546448360206,0.8659267204691323,0.9508058325389414,0.939897739160851,0.8886639795414617,0.9328110853236411,0.9348776724743584,0.9104791522806428,0.8212142415721901,0.9329482657043761,0.9348776724743586,0.7465682820430697,0.9113774339051994,0.9978387378693494,0.8305515745049554,0.8239623708568522,0.9724333308442188,0.871482784261519,0.9382239240989048,0.8705563612990559,0.9795615437314455,0.9256878868316014,0.9373453016197317,0.8142858472151158,0.9688293585413836,0.6934759411293078,0.9417675268326104,0.8851108467483708,0.9270409997359792,0.9372858620764026,0.8935849837824918,0.9816465065643145,0.9853594409946428,0.9085394763666235,0.875426485135419,0.5552777952099537,0.8677481975092118,0.9298402628575502,0.8884027441326567,0.8834832246395512,0.8773714624529659,0.8527529638705935,0.930160641445072,0.9373453016197315,0.9249476804218122,0.9406026375313143,0.942546448360206,0.7742711065610122,0.9268729171371122,0.930160641445072,0.8806173188769295,0.9425464483602057,0.9861053894336533,0.779970407437437,0.7807930731147923,0.89188505620146,0.9923551296406039,0.9496900385239626,0.9023984820659586,0.9218223944261854,0.9214166876382093,0.894800559519012,0.9348776724743586,0.9439988362117597,0.9801183054076215,0.919346293979701,0.9982103757454244,0.7890004138281904,0.9557385827976075,0.9219224280637734,0.8871268839047368,0.8927189720995331,0.9278966962971924,0.6963968008093091,0.9459853091324404,0.8212142415721901,0.8229370193196706,0.9866469893877856,0.930160641445072,0.8926558694354414,0.9475307221016044,0.9403725843137769,0.8867504707956384,0.945305581259918,0.8789147099104677,0.930160641445072,0.930160641445072,0.9039735099337751,0.984262124923341,0.8608775563009488,0.930160641445072,0.945305581259918,0.9203771106130235,0.9976903810580001,0.9435675694381718,0.8394899548900008,0.8207356119850872,0.8936641158634313,0.9993652126586656,0.962929417207651,0.9605581908569492,0.930160641445072,0.9561802973393584,0.9509740251210721,0.98650528689153,0.9958668930446197,0.9655471735397518,0.968644427201375,0.9348776724743584,0.8055287327145728,0.930160641445072,0.8918276850200493,0.8254042372746639,0.9489333724986964,0.9447330479456771,0.9647682499737456,0.7645361922897133,0.9662633710722657,0.930160641445072,0.9414911676344291,0.8609376207206341,0.930160641445072,0.8936641158634312,0.7608317504438729,0.8306048913955286,0.948836513352758,0.8142858472151155,0.930160641445072,0.9400053693508079,0.9903246454113732,0.7171048757053844,0.9711745964301755,0.9488365133527579,0.9330721994137874,0.8739376826205691,0.9741847822363808,0.9348776724743586,0.9118266937745217,0.8704840658629895,0.9268197928698959,0.7975726767650844,0.8726932512461657,0.9550566540378437,0.9923032503352311,0.9373453016197315,0.9825984289642522,0.930160641445072,0.759379482787571,0.9521109638157488,0.9385136860318242,0.9602126215445623,0.9003870625528827,0.925687886831601,0.8683656019735586,0.9647682499737456,0.925687886831601,0.8681962088300326,0.9301606414450718,0.5107803119228503,0.9867501421674681,0.984262124923341,0.942546448360206,0.7887795529709356,0.9453055812599183,0.919346293979701,0.9518647719377948,0.972086496555604,0.9165889433486549,0.8674131849162842,0.973992702310172,0.9178938723744823,0.9570569484165847,0.8581123868461765,0.9153193686659862,0.8988656686535059,0.9589376456981175,0.9439988362117596,0.9764965868575897,0.8816399835277959,0.9713213412121521,0.9477894660083728,0.9602126215445623,0.9325461471620269,0.8806097286845597,0.858273228358414,0.8692844153563803,0.8467810416531495,0.8097343229079639,0.8236046410865029,0.9281918474396418,0.949242373777156,0.9672582712673323,0.9885792930721634,0.7824006240173302,0.7384621920006147,0.9095242312718104,0.8894609565966471,0.9405650175171101,0.9879700133881204,0.9247195453614794,0.9312898439039949,0.7818119149988476,0.9373820505947592,0.942546448360206,0.9330059070005989,0.8512300448035053,0.939897739160851,0.7870588969905152,0.969467236561316,0.9235293061149328,0.9923551296406039,0.9978387378693493,0.9682126412345016,0.8645398857177835,0.9290403448410905,0.9752830459923438,0.9278966962971924,0.933114295284647,0.7938073650432992,0.9845948329923002,0.9278380262346431,0.930160641445072,0.939897739160851,0.930160641445072,0.930160641445072,0.8383095843689292,0.9114262935403585,0.8769594683495258,0.930160641445072,0.7379667423202654,0.7768964388915278,0.9483563157149232,0.8990331149869737,0.8784785745857566,0.791546068091445,0.9250662538963621,0.9836765640633729,0.7798870083823579,0.8991965786255646,0.8901685595748801,0.9970639700164783,0.9530379936367415,0.9726211663476021,0.872584117145363,0.9604543706205496,0.9440432620596215,0.9256878868316012,0.9966391488507638,0.939897739160851,0.9414911676344291,0.9348776724743586,0.9922240981208397,0.915319368665986,0.9361918547662358,0.9518647719377948,0.9313172423154255,0.9303499958905475,0.8708278127936306,0.9114262935403583,0.923980167630279,0.9348776724743584,0.9993652126586656,0.9324854129452833,0.8818669950401858,0.8270134485526379,0.8127090760979432,0.9923551296406039,0.8186638501535697,0.9235293061149328,0.9531150679749048,0.9294555734269481,0.9268729171371118,0.9280066740863926,0.8844226815711155,0.9861053894336532,0.8131552918502085,0.8347000573825087,0.9836765640633729,0.9885951747581181,0.9993652126586652,0.9151942252845938,0.8755805834645085,0.930160641445072,0.9373453016197315,0.9506768980005937,0.9301606414450718,0.9514830230284641,0.9573422906623259,0.9329482657043762,0.9709418084101293,0.945977874973897,0.8055043576775873,0.8177578387867972,0.8674131849162845,0.8547504953716945,0.9968895860490862,0.913870659159578,0.925687886831601,0.9662633710722657,0.9752377891557393,0.9807928612526089,0.812448771190768,0.7457121875949586,0.9844275752045859,0.9348487480693854,0.9325773481711062,0.776400416556176,0.8569052802857773,0.9527845216655544,0.9604543706205496,0.9922673407988161,0.9218223944261853,0.9324854129452833,0.9054351602161335,0.9543121222425925,0.9629480780132713,0.9278966962971924,0.9558757218037737,0.894800559519012,0.7890004138281903,0.9876024722034791,0.9348776724743584,0.9198942322161898,0.8526249482427382,0.9076492093936457,0.9313355731181688,0.8968796530895526,0.9218223944261854,0.9973306909248147,0.9539917936427349,0.9763068251524243,0.9373453016197315,0.8547020723633447,0.930160641445072,0.9775185201428764,0.9180054864546223,0.9726201634571445,0.9918037916582512,0.930160641445072,0.970354449207784,0.8887281361360803,0.9911824756094174,0.9675603521328205,0.8677481975092114,0.8748942312251944,0.9402174056558386,0.9624379564726331,0.9162320570522575,0.9185515272787426,0.8410632073109214,0.9858554770474959,0.939897739160851,0.8955832386010318,0.9489483824282393,0.7996606229568318,0.9218975021343331,0.9481929520311922,0.9737394147108267,0.9728091693196088,0.9481929520311925,0.919346293979701,0.8745074775108261,0.9301606414450718,0.8988163037411248,0.9485806456364991,0.9425464483602057,0.9301606414450718,0.9153193686659862,0.7670912238931726,0.8142858472151158,0.9278966962971924,0.7876055582759066,0.9694672365613162,0.9278966962971924,0.9278966962971924,0.95544211199489,0.930160641445072,0.9694672365613162,0.9634189144741112,0.930160641445072,0.9095242312718104,0.7963846579627885,0.942546448360206,0.9348776724743586,0.939897739160851,0.9324854129452833,0.9278966962971924,0.8937772891070254,0.9233258622786491,0.9114262935403585,0.872115859324089,0.930160641445072,0.8848475102242702,0.7996606229568313,0.9713213412121519,0.9736204603374743,0.9963929344256803,0.942546448360206,0.8620219128927744,0.9133573033767914,0.9483563157149231,0.9545623789260471,0.9701978599269916,0.9867705932097053,0.8680031172917522,0.9247878765480753,0.8009771734130315,0.9173148291382112,0.9382239240989046,0.8692623886732129,0.9879700133881204,0.9455409403449176,0.7828637719794271,0.930160641445072,0.97998139075904,0.9797090964183585,0.945305581259918,0.9797116688403036,0.9845948329923003,0.6537072467982756,0.934941585281239,0.925687886831601,0.884161705808993,0.9177884103494538,0.930160641445072,0.930160641445072,0.9781774005616108,0.9459778749738971,0.9543121222425925,0.8995921868852623,0.7873050390084446,0.8834499725024217,0.9485103812711759,0.8323179481448337,0.8971521208062061,0.9602572436423649,0.930160641445072,0.905466001873578,0.9373453016197315,0.9481929520311925,0.8981450843218931,0.942546448360206,0.8569052802857773,0.930160641445072,0.930160641445072,0.9902505871665328,0.9301606414450718,0.8713147362103137,0.958611865344995,0.968742529070155,0.9764965868575897,0.8795558809732856,0.7938464463486743,0.8171753925161551,0.9338873420794878,0.930160641445072,0.9867705932097051,0.8366112737202549,0.9647682499737456,0.9978387378693494,0.969951017762257,0.917257232892273,0.8770810709357255,0.9806744835221558,0.9324854129452833,0.7895566546008156,0.930160641445072,0.7617041847450776,0.9806744835221558,0.8903752243099388,0.8504665375445132,0.9180054864546224,0.919346293979701,0.9886412664378648,0.9862814483995228,0.9970639700164783,0.8929526942750015,0.8586627275062504,0.9386569025459167,0.9922673407988161,0.8633125517052824,0.9057994954598185,0.8515394555896609,0.9373453016197315,0.9278966962971924,0.8293823202072206,0.9117279299695328,0.921897502134333,0.9366456438847296,0.9481929520311925,0.9543340476720192,0.9481929520311925,0.9481929520311925,0.8988656686535056,0.8900683556162929,0.8852751342149692,0.9301606414450718,0.9298402628575503,0.9586118653449949,0.9586118653449949,0.9852391679426828,0.9214166876382093,0.9278966962971924,0.9489483824282394,0.8819276377817318,0.9324854129452831,0.9122232316336166,0.9806744835221557,0.801071542238234,0.8125435817638583,0.930160641445072,0.9607803343920254,0.9701978599269918,0.946604521283972,0.945305581259918,0.9076492093936457,0.9889605162825021,0.8919348263226166,0.930160641445072,0.8177578387867972,0.8995921868852623,0.9095242312718106,0.7978786804920488,0.8501548882487269,0.8297958979791198,0.9373453016197315,0.755498062897018,0.9378659482854855,0.9644198581615526,0.9486225573116154,0.9518647719377946,0.9421621012892528,0.9481929520311925,0.9114262935403583,0.9301606414450718,0.8601626471580308,0.0,0.8009771734130313,0.9869589941158469,0.9782392196770986,0.930160641445072,0.9278966962971924,0.964760871567683,0.8796836815489781,0.8852751342149692,0.9066346643308731,0.9601170082762966,0.930160641445072,0.9019213345324102,0.9228207225284799,0.9629411142488209,0.930160641445072,0.8930547626933854,0.9888899454936778,0.942546448360206,0.9114262935403585,0.9278966962971924,0.9586576727654113,0.9825984289642522,0.8583203978167434,0.9117279299695327,0.881151813769208,0.9923032503352311,0.8875378530838496,0.930160641445072,0.9529082331312294,0.930160641445072,0.942546448360206,0.8491376457215198,0.8409735269221552,0.9481929520311925,0.7036282940476715,0.9436085356550807,0.8692844153563803,0.9675603521328207,0.930160641445072,0.8736904142675237,0.9294680073228663,0.9338873420794878,0.8891213824756009,0.9159197701772372,0.6225760742132899,0.8968796530895524,0.8951528182413433,0.9178938723744823,0.8527082022594992,0.8742550878825031,0.9178938723744823,0.8633125517052825,0.9373453016197315,0.9724333308442188,0.9178938723744823,0.9481929520311925,0.9406026375313141,0.9324854129452833,0.8666412439971052,0.9763068251524243,0.9655471735397518,0.9889605162825021,0.8512300448035053,0.9867705932097052,0.9518647719377948,0.8818669950401861,0.9795615437314455,0.9763068251524243,0.9153193686659862,0.9112869601026541,0.8934425806304627,0.9812493295822693,0.9496900385239626,0.9416153590034746,0.9657791214744025,0.9417675268326102,0.9324854129452831,0.9589376456981176,0.9521109638157486,0.9516481525905319,0.9003870625528829,0.9003870625528829,0.9210178056318985,0.9373453016197317,0.939897739160851,0.9769015119750628,0.8986240534007521,0.98697017664209,0.9861817550572929,0.9961208646930241,0.8756950989679011,0.9133573033767912,0.8951528182413433,0.9701978599269917,0.8428585089201044,0.9890494669669533,0.9120445952292815,0.8631790748003907,0.9985317534222149,0.8886035682722668,0.843439784418409,0.9177092516180816,0.9057994954598185,0.9845948329923002,0.992899314085182,0.9764965868575897,0.9727421472665718,0.9875784275924953,0.9173148291382112,0.8943287554803361,0.9278966962971924,0.9441873097085216,0.8929183750890278,0.9589376456981178,0.9838585814857688,0.8438899131338642,0.9003870625528827,0.9589376456981175,0.9403280261579527,0.8843767050709683,0.930769276895647,0.9728091693196088,0.9800695481923836,0.962929417207651,0.9316031987068061,0.9249476804218124,0.9879700133881206,0.8300652029984739,0.9095242312718104,0.939897739160851,0.8802681711979421,0.9752315887262654,0.9838585814857688,0.9922673407988161,0.9746706257322246,0.9978387378693493,0.9914725823318036,0.9970639700164783
p313_N,0.9327280936132957,0.8138702669970943,0.6566740276930516,0.8786763344170292,0.7146198675909555,0.8804415508981576,0.9036319845560012,0.8919757610942656,0.42089945427103803,0.8737781800841435,0.8091821252214859,0.7035608972416709,0.6746336145137796,0.7540906054367913,0.9110723645513921,0.8576215568600698,0.9333237935683505,0.7826074507426819,0.9900988548597918,0.9110812357914193,0.8029179700430695,0.8547983376541739,0.9164120449798159,0.8748900904594734,0.8000490890639187,0.574919926005775,0.8235236725291666,0.5795091756716717,0.9110812357914193,0.7339843510939361,0.6412309777576812,0.7830122900340043,0.8722441670724508,0.6967125880912137,0.7443900610442787,0.8674107520354717,0.8748900904594732,0.8186482473018304,0.8804415508981578,0.7783935067691208,0.6807626054757943,0.8865312858464788,0.9625193750831523,0.6685899729794942,0.9058737633085543,0.5297046888065391,0.8497130258115504,0.43443710360573207,0.7783935067691212,0.525059146028148,0.8554077319402789,0.5227243270867703,0.5978653768361871,0.8924531007011274,0.7793823544185214,0.7964719229254076,0.7742309874643021,0.8388272306091984,0.6421948225750053,0.8285051677670632,0.4710481903469048,0.6974939781691372,0.8743892540643303,0.800839398188876,0.8612981558461015,0.5165841935449352,0.8554077319402791,0.9083041820897252,0.9768077681654757,0.8674107520354717,0.7501800044363494,0.7783935067691212,0.923011221764216,0.3475163508898941,0.8388272306091984,0.6397347348162594,0.8296877053467189,0.8091821252214857,0.4034305799973258,0.8804415508981576,0.8860823482957816,0.8624035236679224,0.7660482226484917,0.9879380409531974,0.8388272306091984,0.7386467941323436,0.8799089699616285,0.6780997432518647,0.8724125127794342,0.8336025791120698,0.8388272306091984,0.6566740276930518,0.6105812845879628,0.6608217834215286,0.9605075822272147,0.9607400260234018,0.6498764605010707,0.6431086806855388,0.18366954428842985,0.25459184285462144,0.7964719229254076,0.84971302581155,0.8388272306091997,0.8328195898040682,0.6339846852601467,0.8674107520354712,0.7054802963301932,0.2433170480352197,0.6090245580803422,0.4158646696801046,0.6062546316543376,0.856860274257266,0.281026666320656,0.7126948308960248,0.8497130258115504,0.32010657845086266,0.8400645448984383,0.9030333503116554,0.8804415508981576,0.2326299390750678,0.8205244867520527,0.6363667931074075,0.8000490890639189,0.8685844267055685,0.7826074507426821,0.4306953721266308,0.8441922549828873,0.9457766506733539,0.862529861839961,0.8230996349125437,0.22547099056330477,0.84971302581155,0.8554077319402789,0.8447400695691346,0.8235236725291666,0.5228354396289856,0.8933234444411821,0.8554077319402791,0.8554077319402789,0.8566623054005467,0.5607439286170859,0.8737781800841435,0.30585326005361724,0.6671989433754613,0.6590896096212921,0.4639577215110505,0.5823705689513909,0.2783153455543107,0.8376841602844023,0.35854883432494944,0.8737781800841438,0.5070069188322571,0.655492392978736,0.9282269865550218,0.8882786390335262,0.6118474938452996,0.7169857950656051,0.8041100907929972,0.7338629677287678,0.6679746165006453,0.6333091524149946,0.881438146000566,0.8149366829530524,0.5843190611130412,0.673826179677318,0.7544522969545062,0.753899444012289,0.7322240880671149,0.8740812001922271,0.6286790644924976,0.9202049107437751,0.8336025791120698,0.7142274969302598,0.7842170271629507,0.6665659279422269,0.8874711251450311,0.9386559485878399,0.9741720361470347,0.90841465251146,0.735082125095432,0.9832949040275387,0.6462948593845608,0.9076766002309375,0.7035608972416709,0.8077704979795317,0.5501957043397545,0.24678979469811158,0.9291966741407405,0.9448416565038159,0.7790693660488874,0.9411337183009956,0.7215636700688657,0.6458345691017058,0.4381404476710995,0.7738185114607223,0.8388272306091984,0.9362857614126447,0.9692908559344788,0.8664534395849219,0.7329795969347672,0.5414244825537251,0.7903427454253446,0.8388272306091984,0.6123049245392902,0.29732749130893477,0.8737781800841438,0.8388272306091984,0.8743023481619325,0.5517470060428782,0.4544650575316056,0.6350583685022892,0.7161695618029777,0.83360257911207,0.8388272306091984,0.7821320969911179,0.8388272306091985,0.4940904604419225,0.5560583822570113,0.6257014862813403,0.8388272306091984,0.5882481919657854,0.8388272306091984,0.6124486283472053,0.7505128849493488,0.7348629285023349,0.621367075638847,0.8497130258115502,0.32113240935138765,0.8566623054005467,0.8680843364877968,0.8296877053467193,0.8097772399460734,0.5186439758206746,0.8225780742784197,0.8554077319402791,0.8008393981888761,0.7449165463578686,0.6912645324713012,0.8429419919060268,0.8037173042789947,0.4742176835086861,0.9568760853924656,0.6363667931074077,0.7209806300972053,0.8388272306091984,0.7823372545204593,0.8388272306091984,0.4600403720632473,0.7311067605158565,0.8158831971272507,0.9011475893375777,0.2955890226849456,0.9669835968892306,0.5436576493798981,0.8000490890639185,0.6600852665089245,0.8604489406043498,0.19615504842848253,0.9448883863785977,0.5929390338819178,0.9317975453594043,0.5250013229196452,0.8336025791120698,0.8654261869221106,0.6295228917144131,0.8804415508981578,0.40682006997765474,0.8876589846814829,0.903516354238403,0.6264775954205299,0.6179685761691882,0.7830122900340044,0.5566309854412947,0.6927951795284246,0.4144699506597309,0.8674107520354712,0.20372857221221963,0.7354906669761068,0.8149366829530522,0.981431222861576,0.8674107520354712,0.7613355518642999,0.41907961445075126,0.8612981558461013,0.7113500862384239,0.7956191817635372,0.8497130258115502,0.7424598513400253,0.2293283719747341,0.8285051677670632,0.8497130258115502,0.8497130258115502,0.36080008318916035,0.8674107520354715,0.48263009648802113,0.5626241165700578,0.6363667931074075,0.9835439374702561,0.9900988548597918,0.8388272306091997,0.8235608400569416,0.828505167767063,0.8554077319402793,0.3009727541791417,0.7436624117005044,0.8497130258115502,0.7783935067691217,0.6774560179325269,0.4269124093122547,0.9181358718469264,0.6439268912081597,0.8529435746901499,0.7510187416548915,0.6769907944713845,0.6260956588338058,0.9110812357914191,0.5447023666583792,0.8737781800841438,0.902696297216814,0.7455703123783524,0.7496117606217301,0.9282111328653387,0.8388272306091984,0.7172704758475072,0.7789975679726742,0.7826074507426823,0.8674107520354712,0.9679045583840311,0.8914571445678523,0.8388272306091984,0.8000490890639185,0.7407406669265032,0.9197013194028298,0.7163320995816558,0.4919466074191372,0.7912032625956174,0.7501413829407567,0.5403864351731625,0.4571623125217572,0.8492929518018972,0.6453925549919752,0.5225801161279846,0.9766135065676136,0.6566534766220169,0.5585103142351422,0.6622441749760203,0.612995935857831,0.8804415508981573,0.312423076214038,0.7624894070746238,0.2867530173275209,0.8235236725291664,0.8336025791120698,0.9552653678578977,0.6363667931074075,0.293951239907136,0.17245176970013554,0.4248771783139875,0.8388272306091984,0.24697394523614347,0.8652547116268401,0.8070953008446597,0.9763058906768334,0.8277973742576533,0.587623314691924,0.8388272306091984,0.8388272306091984,0.8151004936404915,0.9161111038204026,0.6239958322836949,0.8388272306091985,0.8737781800841438,0.8388272306092,0.7540906054367914,0.673826179677318,0.28452631345782886,0.8388272306091997,0.7580374305188853,0.8296877053467191,0.4677224418693462,0.40446075732872067,0.8388272306091984,0.6229462016805818,0.7348629285023349,0.29112632801127314,0.3334452238307215,0.7790693660488874,0.6452100292230187,0.84971302581155,0.22246587840032606,0.8388272306091984,0.36972186050003186,0.7826074507426823,0.59468287182824,0.8591541039662665,0.8488293902512535,0.47751883511817494,0.8186482473018308,0.8388272306091984,0.7249745414315015,0.49748637725466627,0.8388272306091984,0.9895793431210864,0.4581433945822081,0.512487280124476,0.4269124093122545,0.1979377334759055,0.8388272306091984,0.9593267681304685,0.6409536958413644,0.8612981558461013,0.75196710054688,0.6222697651491691,0.6961122030773039,0.4677297228698043,0.6703753913540655,0.8497130258115504,0.7096006928216876,0.2955527403996522,0.8680843364877968,0.2817836249360375,0.7493844197873587,0.5896124221009869,0.9405758992258253,0.8554077319402789,0.8055529015730942,0.8388272306091984,0.9030333503116559,0.7748075497745248,0.6320413977060771,0.7294165363327414,0.835863947734665,0.8285051677670636,0.57926327147236,0.9055879259360591,0.8285051677670636,0.8604489406043498,0.8388272306092,0.8138702669970941,0.6622372079854262,0.7301662893586212,0.7763632652026874,0.2526641967671689,0.8651004299649283,0.7932155644827401,0.868084336487797,0.5375200553485436,0.8296877053467187,0.9110812357914193,0.621898204761989,0.5990985441238421,0.853058065999964,0.8102041942761284,0.8799089699616289,0.7088111395715755,0.9599362530543547,0.802548518543821,0.7665317431279954,0.8742350868198325,0.9336037847402272,0.6330842933065949,0.8063167594070368,0.534669109162735,0.49203112439803665,0.5339636921595913,0.769660475663225,0.9882238540879424,0.588183958857355,0.6695364620028252,0.872152207622495,0.9951959541874676,0.8439204822417876,0.4212278782199581,0.9344837978641957,0.5433825230088151,0.9002622727577275,0.7504890911494044,0.5757547957784277,0.8497130258115502,0.9197076877011945,0.6327041078979274,0.8376714176925477,0.7531610860196768,0.9544762565836077,0.7531813879316367,0.6396165017071811,0.9637765273080221,0.8132204023110199,0.8235236725291666,0.8235236725291666,0.9144959184069921,0.9030333503116554,0.7620225581106226,0.4596980785706444,0.7236719719302702,0.8336025791120698,0.8336025791120698,0.4034305799973249,0.8324152206983002,0.8509737027889623,0.592939033881918,0.8388272306091984,0.8612981558461017,0.8388272306091984,0.8388272306091984,0.13692076553301213,0.7955927737497694,0.7624894070746238,0.8388272306091984,0.32263451645032926,0.18176450298650804,0.8280184136835952,0.6444097961201487,0.6229462016805818,0.38394468361365885,0.7655385500407186,0.6912645324713007,0.04731319952257218,0.8454462071871407,0.9575593690801669,0.9979359844619953,0.5483759162341848,0.6699038173241507,0.40174536604019706,0.7620225581106224,0.9133721538450705,0.941133718300996,0.7639904265759787,0.8954576130000749,0.7207628969552682,0.8497130258115504,0.8397754519492282,0.9443166038861878,0.9268443942289721,0.8680843364877968,0.44629914157779993,0.7790693660488874,0.43508946186155406,0.6244747243460025,0.9700021254883793,0.7378604117312435,0.9301302345765388,0.8441922549828875,0.9848735898511752,0.21161008610309995,0.5190803035846918,0.9540204532200205,0.7438841506455662,0.8784237330487585,0.7166380060550565,0.6498764605010703,0.8625298618399613,0.36775089191317334,0.7660482226484917,0.8804415508981573,0.3839446836136592,0.28010381416817454,0.9928965397237557,0.4407491278087945,0.8045770730392643,0.9774837056904222,0.6892680375978857,0.8388272306091984,0.8554077319402789,0.6774560179325282,0.7741602544976016,0.6168504686623912,0.6429890161967295,0.8054520429976549,0.8092614136659857,0.46421259017119576,0.7955927737497686,0.18786346411661126,0.9110812357914193,0.3450032048753666,0.9344837978641956,0.4481674306746687,0.8285051677670636,0.9937660335010003,0.9077297499698219,0.9055477362177866,0.7912032625956174,0.827827511824419,0.5641890194056647,0.39903888430230827,0.5984238183497708,0.7424598513400253,0.484594059017475,0.5596459152691797,0.8543547149475728,0.9110812357914193,0.8739148831708863,0.7567358838214964,0.5155740378343106,0.6419643977182623,0.6976490287726471,0.862529861839961,0.40427695385940177,0.49546980877481284,0.8804415508981573,0.7860449812338115,0.833035772298291,0.8574763424045884,0.7740416654066773,0.8335322342666971,0.931511195937031,0.7833349318296117,0.756756146294277,0.8986895400719173,0.809182125221485,0.8192700281532355,0.8554077319402786,0.8804415508981578,0.8388272306091984,0.9771263683755945,0.5874824303330533,0.47489527011786137,0.7463036898445792,0.8388272306091985,0.4790967918983663,0.4561025056848871,0.7047799255016882,0.7540906054367915,0.6947940286765224,0.6566740276930518,0.6186912543037111,0.9248612291261863,0.7920325372467056,0.9895708823728286,0.33682943574528557,0.734597238851638,0.8612981558461015,0.6912645324713007,0.7742309874643019,0.9448883863785977,0.7311067605158568,0.9197013194028303,0.9892738844425235,0.8285051677670632,0.8804415508981576,0.8138702669970943,0.7964719229254076,0.8388272306092,0.6211791789398659,0.6330044032084103,0.7763632652026873,0.7146198675909553,0.919205971578733,0.3551540164901157,0.23657586623961924,0.8336025791120698,0.8882786390335262,0.8235236725291661,0.8336025791120698,0.8336025791120698,0.8970081454371999,0.8388272306091984,0.9568760853924656,0.8505487813223152,0.8388272306091984,0.7912032625956174,0.6695364620028257,0.8832310600312397,0.8497130258115504,0.7971072726141634,0.7260380483449103,0.862529861839961,0.39144277472164246,0.37422849530550195,0.6003108700999928,0.4065627434217387,0.8388272306091984,0.7054802963301932,0.8497130258115502,0.7912032625956174,0.36022397950190277,0.7456642284961938,0.8674107520354715,0.8441922549828873,0.9291096658772007,0.9830770587519779,0.8246710204329082,0.8388272306091995,0.8667830749506911,0.7501800044363496,0.8685844267055685,0.5397912589693419,0.9117157559872135,0.974278546864024,0.778393506769121,0.8497130258115502,0.7598809782022391,0.15603695938699746,0.8388272306091984,0.8983676175158459,0.6729607189418751,0.8737781800841438,0.5389924599931935,0.8235236725291664,0.8091821252214859,0.33219462674003253,0.8285051677670636,0.4719799593184679,0.25169014978500504,0.8388272306091984,0.8388272306091984,0.9959431083892039,0.6638062643758784,0.7088111395715753,0.5388947669904673,0.25917731628733676,0.609245941426708,0.5055557139913642,0.24643830451742144,0.7868761542855598,0.41116417825782603,0.8388272306091984,0.95285670678076,0.8554077319402789,0.8804415508981578,0.464212590171196,0.8674107520354712,0.27169413986581226,0.8388272306091984,0.8388272306091984,0.29979434198750454,0.8388272306092,0.27346995407157004,0.8045770730392641,0.5462749521926122,0.6807626054757943,0.9673581791985437,0.7322240880671149,0.37436174045755877,0.5261032581901879,0.8388272306091985,0.7311067605158565,0.2600063909165905,0.8441922549828873,0.8119858634788714,0.8994195455010748,0.844324158065255,0.7163320995816558,0.7386467941323436,0.6953402128683239,0.552966623566598,0.8388272306091984,0.12288952350888671,0.7584517188443844,0.5987766382457143,0.626095658833806,0.6019882537219572,0.6622441749760191,0.5171273395334777,0.5921549026103627,0.7971072726141636,0.6834074743951055,0.34638007315963404,0.8196259340934859,0.8737781800841438,0.8721522076224949,0.9891165082163906,0.1772941811949721,0.95402045322002,0.8336025791120698,0.4265489533370218,0.9966403420753616,0.8861654055842387,0.8191407323783988,0.8447400695691347,0.8086360830500472,0.8447400695691349,0.8447400695691345,0.6912645324713007,0.909210514488299,0.42264950782428334,0.7146198675909554,0.8737781800841438,0.8296877053467191,0.7183209131190944,0.5610401705458536,0.8990421269577609,0.7035608972416707,0.8476731096968966,0.6403715332738986,0.8441922549828882,0.4439998061740831,0.9763058906768334,0.41658085157570013,0.44743463863921873,0.8388272306091984,0.6566740276930516,0.8932410283108931,0.47654398122441755,0.8737781800841435,0.6999069659219297,0.6391946488259432,0.7117767058731281,0.8388272306091984,0.2652691924011248,0.3839446836136591,0.9336037847402274,0.1827670451508706,0.2814496369543036,0.2032797364241783,0.8554077319402789,0.19868484496577965,0.9297545630300361,0.7638298578138996,0.3853307318546013,0.7955927737497683,0.5023243410711511,0.8804415508981573,0.819756627995778,0.8388272306092,0.7113500862384241,0.8009771734130313,0.0,0.6912645324713009,0.39903888430230827,0.8932410283108932,0.8336025791120698,0.21038290879469235,0.5596459152691804,0.6703753913540655,0.35498013126285644,0.3489815510964087,0.8388272306091984,0.2763486234967317,0.5663151269025475,0.7540906054367913,0.8388272306091984,0.385427939355764,0.9526380467283799,0.8674107520354712,0.8197566279957782,0.862529861839961,0.5674322549895834,0.6667017293274282,0.6738261796773177,0.8854356647698316,0.9799383126779917,0.8439204822417876,0.41948583642790416,0.8388272306091984,0.8573161788496182,0.8388272306091984,0.9030333503116554,0.6849286466928937,0.28239253841644363,0.8804415508981578,0.9389009867184677,0.8232295698433529,0.517127339533475,0.7748548936001645,0.8388272306091984,0.8790534573951003,0.3747401908885114,0.7479700496174129,0.8685844267055685,0.7311067605158581,0.8554077319402793,0.7620225581106217,0.9895793431210863,0.9307566130240477,0.36828200071191375,0.36180816458373544,0.9307566130240477,0.7540906054367915,0.8554077319402791,0.6363667931074077,0.9307566130240477,0.8804415508981578,0.9879380409531974,0.8181315547746677,0.6363667931074077,0.862529861839961,0.9473248502889067,0.8149366829530524,0.5250591460281493,0.7311067605158574,0.8661132668060982,0.48610774410103985,0.8602678269283126,0.732488179969562,0.9694272361936426,0.6498273193991171,0.7540906054367917,0.7051614848134107,0.6605961638491191,0.9226679060594568,0.7090779006527523,0.8235608400569419,0.9976814323658165,0.8497130258115502,0.6680239305365627,0.9884330025322015,0.7915690631176793,0.7701168320027261,0.5899629845582408,0.8554077319402786,0.8612981558461015,0.8991745191921698,0.5641473165803523,0.8238270673457193,0.6870103892184729,0.7620225581106224,0.8396473559281139,0.9231587459088646,0.6320364391110451,0.8388272306091995,0.47021805878787337,0.765449642501314,0.7806474145949798,0.417156450166564,0.8407827740307847,0.8612981558461015,0.8626371857476169,0.9387283993135578,0.5978653768361871,0.9333237935683505,0.7876548181572383,0.9723776734932787,0.9196826356535088,0.7255622030131579,0.8091821252214859,0.9835439374702561,0.9203844272957435,0.9110964144692781,0.7771391811394914,0.881438146000566,0.8748900904594734,0.470356289244801,0.5504963054339018,0.9131632661895819,0.9327512589507345,0.5696217130136443,0.8422575049776952,0.8848194430340295,0.884819443034029,0.4791203344957795,0.8624035236679222,0.6912645324713009,0.881438146000566,0.36738940393353003,0.7912032625956171,0.8954576130000749,0.3682820007119141,0.9268443942289721,0.8748900904594734,0.8737781800841435,0.6366532688481326,0.8674107520354712,0.8171141027193523,0.8612981558461015
p313_S,0.792610542442694,0.9557539823910066,0.7927381955186623,0.9595425947841236,0.9027019168030599,0.9278239868212361,0.8823922967544698,0.956743170355898,0.8387472004447056,0.5911651455979119,0.8848055194072817,0.9371605937136991,0.8995478568587885,0.8515474244094852,0.8529764551059038,0.7057946237683055,0.9291552782955315,0.8687627046182596,0.9199574485923752,0.9238013891436974,0.7845489569349902,0.8820255041972336,0.9080208724124175,0.6949102782080139,0.8792920141466947,0.8687627046182591,0.8934633408766897,0.8908821080541924,0.9238013891436971,0.616790099863011,0.8563358498618108,0.9554518077232717,0.8905201046762894,0.8705695323486164,0.9027019168030599,0.9662757781656686,0.9059407181827084,0.890520104676289,0.6127479292908631,0.8662187967802517,0.8295844697893859,0.9016719843861538,0.9278239868212361,0.8578781883458777,0.9648472157143733,0.7077844577972305,0.9092735418441042,0.8318544149375378,0.8662187967802519,0.814017245544506,0.7026246759034637,0.7658164299717427,0.8687627046182591,0.5674180045855661,0.9253641867456623,0.8926247385590762,0.8471060150352991,0.4779583613087228,0.6331670931890312,0.8964706102804101,0.8901742884406569,0.9360734491991147,0.9582672611526475,0.9473726654430645,0.9162673470024436,0.7664557578323845,0.9981922472699298,0.653869601664348,0.5590539919581403,0.9662757781656686,0.849186641115079,0.8662187967802519,0.9027019168030599,0.9429041308432378,0.4779583613087228,0.9684754976202001,0.9473257685964236,0.9514652625474733,0.7641315079050732,0.9278239868212363,0.7818957648917585,0.8739518939582047,0.6917298433783354,0.86876270461826,0.4779583613087228,0.8422241792803133,0.9873739670043861,0.8774094423425336,0.9876294343937336,0.4610356166077315,0.4779583613087228,0.8352962955703507,0.8841690624899745,0.9044454164994737,0.6074478319451546,0.7187617444837386,0.8096568063395768,0.8261074040530079,0.859284551344182,0.7378062904191292,0.9215435437152566,0.9092735418441047,0.9027019168030599,0.9306375251712173,0.536173288181518,0.9199574485923749,0.8222019591825747,0.8956240804467204,0.8792920141466949,0.9653649722987456,0.8212505306628737,0.8556695017783712,0.663997670849628,0.9945617878718382,0.9505241704836669,0.6846220157810821,0.9420685862468299,0.6168592556746897,0.9278239868212357,0.7649351895537821,0.9072664504535044,0.9654204696009592,0.9113067123177236,0.7834154100189422,0.9223933301348366,0.5981458614180459,0.9059407181827084,0.5592237219913143,0.874775722011748,0.759097240907106,0.7562707214632038,0.9092735418441047,0.9127113681766139,0.9788715516976696,0.9291552782955315,0.9760234388920205,0.753410969579425,0.9127113681766139,0.9554518077232717,0.48113635985620407,0.7767625438275563,0.9238013891436971,0.7150801635761941,0.792884755515969,0.9868795839159128,0.8529764551059034,0.8376235103113385,0.9978117832046824,0.8662187967802524,0.9302026877657872,0.9238013891436971,0.9135519800973402,0.9436197690350745,0.7925008201091575,0.9554518077232721,0.8662187967802528,0.9624473671951782,0.8603637814514746,0.9068489608298159,0.8907361337480942,0.5629634256079796,0.9092735418441047,0.9048113045350052,0.7592258368747493,0.8690606617940697,0.8399399046211,0.8939350480652052,0.8741930427428961,0.9149541032668209,0.9226406470081114,0.8785462170031448,0.8995478568587885,0.8637059334028967,0.7018688044233459,0.7563867436573588,0.7663260934043867,0.9199574485923747,0.5169415906227156,0.846846556117637,0.8248985560884389,0.7288591181593223,0.8283877907234389,0.9793811540276174,0.8995478568587885,0.7342049704427396,0.9382450834169762,0.7281124483054628,0.8036327372769463,0.5674180045855661,0.8179083071013351,0.7740271974389737,0.953729269925107,0.676440191360987,0.9967816801275289,0.548761111798943,0.4779583613087228,0.6549953778470862,0.8964706102804108,0.6288849763679926,0.737300165602965,0.8991334456478841,0.8995478568587885,0.4779583613087228,0.7673158203652488,0.8469789473136089,0.6396684921237528,0.4779583613087228,0.6592713180307452,0.837672350699731,0.7825121459579751,0.8334370704361702,0.8178909988156795,0.8995478568587885,0.4779583613087228,0.3794305362321371,0.47795836130872393,0.7744594760634602,0.8316373892734983,0.7896083540040589,0.4779583613087228,0.6521990903451729,0.4779583613087228,0.9627211656821197,0.8457801448839244,0.8399399046211002,0.7623006060359172,0.9092735418441045,0.9934778446978247,0.5177477145540498,0.8766017896141824,0.7588230416072202,0.8200412134706068,0.8980264923888986,0.8445260765476379,0.9127113681766137,0.45667836295445685,0.8286368927914728,0.9048800661703886,0.8250820509912673,0.837672350699731,0.8376723506997308,0.7496172849348923,0.821577072950012,0.8964706102804105,0.4779583613087228,0.8592500689274882,0.4779583613087228,0.6915127482749799,0.9103086440545415,0.9554518077232719,0.9393062642835558,0.9602650230821335,0.6949102782080138,0.9351931203714343,0.8792920141466947,0.794797519803812,0.8818853796020466,0.7527585521901305,0.6782201717602718,0.7735734468049227,0.7928847555159693,0.9078694872909199,0.4610356166077315,0.9606832254354423,0.792971075018817,0.6127479292908631,0.732884243932018,0.7808402056381931,0.6433433021723272,0.7714855997016035,0.7602897466364924,0.9127113681766139,0.9853181939864083,0.9874890149592974,0.857064458031565,0.9199574485923749,0.7929710750188166,0.8354206684781547,0.9356707151118058,0.8567770643879915,0.9199574485923749,0.824435740511043,0.948390210459424,0.8172373823995648,0.827327224156498,0.8785462170031446,0.9092735418441047,0.8689959096416066,0.9160755741786692,0.8964706102804103,0.9092735418441047,0.9505241704836669,0.7812149942581862,0.9199574485923749,0.9148888971664291,0.8401912963370657,0.7804789596211703,0.9966215236899463,0.9662757781656686,0.9027019168030599,0.9836765640633729,0.896470610280411,0.9981922472699298,0.9225920425338028,0.9733732023302153,0.9092735418441047,0.8955832386010325,0.9308201799299843,0.950987898976055,0.9094356406923487,0.9762888695487272,0.9753499326234807,0.7521127714784419,0.8616703899886473,0.7756636039621649,0.9723047356695362,0.8157507865486258,0.9306885712787861,0.9486998997515483,0.8851067435299687,0.8265572878591667,0.8019720576789588,0.4779583613087228,0.9127113681766135,0.6388199614006069,0.8687627046182604,0.9199574485923749,0.9162673470024438,0.8995478568587885,0.4779583613087228,0.8966050986561026,0.9199574485923749,0.9278239868212361,0.9740934121988503,0.8838221115371245,0.9048113045350052,0.9554518077232719,0.9024090932456402,0.6722953469228674,0.8792920141466947,0.8905201046762894,0.7306713388854471,0.719470800399834,0.8966129881495941,0.6563361953308744,0.9216948386036188,0.9740934121988498,0.9278239868212361,0.9996485759488167,0.8445260765476377,0.9934778446978247,0.8934633408766901,0.49864835346264214,0.9291853939851256,0.9112851904125154,0.8824651870681302,0.8513502844528957,0.6698054145160779,0.4779583613087228,0.810944245585244,0.9002620304917955,0.846846556117637,0.8422241792803138,0.9723047356695362,0.9048463830468084,0.4779583613087228,0.4779583613087228,0.8401367850119447,0.8852958328023312,0.7486024337275978,0.47795836130872393,0.9238013891436974,0.9027019168030599,0.9054634422475796,0.8030927455898644,0.9634921839466581,0.9414106494210734,0.8539300757509798,0.9799759007960187,0.6960041567402162,0.9522796297782122,0.4779583613087228,0.7925008201091577,0.9163532097707385,0.9540974131468074,0.9759155571392704,0.8812768771799535,0.7325963638694433,0.9092735418441047,0.8763802490823562,0.4779583613087228,0.7787371758527382,0.9284324089745186,0.785544762001146,0.7089665646040337,0.9743145807345088,0.6938529778897942,0.8905201046762892,0.4779583613087228,0.8058919375199805,0.7871008959408756,0.4779583613087228,0.9086236786089272,0.8738330413694131,0.8034874575522322,0.6800400002048519,0.8890991877347032,0.4779583613087228,0.9576515213032168,0.925323831339594,0.9606832254354423,0.8320285942972798,0.9304723953115435,0.8929365162866227,0.8243737901066763,0.8446871587090534,0.9092735418441045,0.9823380035557212,0.7825121459579751,0.9080208724124175,0.9174441431883329,0.8556622408025223,0.7714855997016035,0.557854720017583,0.9127113681766137,0.8985975567963895,0.4779583613087228,0.9662757781656686,0.8794164109436622,0.8275395565812496,0.9181353909773775,0.82532256770402,0.4445250051583578,0.7843448212900253,0.9743145807345087,0.5177477145540506,0.9514652625474738,0.9027019168030599,0.921694838603619,0.768341164780669,0.9537292699251074,0.9199574485923752,0.9198044465988975,0.9791919178046249,0.921694838603619,0.9348837135964071,0.8530899984630662,0.9799759007960189,0.9238013891436971,0.8484502622519188,0.8654110063376461,0.8455179540419792,0.6433433021723272,0.882025504197234,0.8364350703060381,0.9505241704836669,0.870569532348616,0.7243298006755159,0.823532673817285,0.9048113045350052,0.8295844697893862,0.8848055194072819,0.8563358498618108,0.7966791770005747,0.9707026112324978,0.8178909988156795,0.9648472157143733,0.965303913764306,0.9598747086774966,0.87846464965392,0.9665301256886061,0.5264356372193506,0.6675796500643076,0.9152152511721429,0.9148398629299054,0.9048113045350052,0.8880761517488764,0.9953670317102623,0.9505241704836669,0.8994167133788582,0.9666794777011314,0.9452296953714696,0.8741930427428961,0.8021325739678647,0.8205464185676731,0.9944713042228925,0.9606832254354425,0.8544068747803462,0.9994608468667849,0.8934633408766901,0.9554518077232721,0.6168592556746894,0.8840472914094453,0.7001675451293321,0.8331840572920641,0.8995478568587887,0.8995478568587885,0.8596980235370505,0.8241252552971856,0.5354656604218413,0.7735734468049228,0.4779583613087228,0.9606832254354425,0.4779583613087228,0.4779583613087228,0.7548065093948915,0.3379211404299428,0.8445260765476377,0.4779583613087228,0.7420285531831174,0.899284641710691,0.5574820367105235,0.8993114367486106,0.7925008201091577,0.9857466749427708,0.9082922466984114,0.29659498207885204,0.7109305989182475,0.5868186642831107,0.7835733668301665,0.7284056255335689,0.842224179280314,0.7111688609644502,0.9831964801830025,0.856335849861811,0.9602082688150357,0.7008044880432815,0.9863411688748215,0.9162673470024438,0.822848352223368,0.9092735418441045,0.8093852229086018,0.8241233060064098,0.9623366128450224,0.8766017896141822,0.8174255119342986,0.8539300757509798,0.8200412134706072,0.9080208724124175,0.6261909706488697,0.9505241704836671,0.5629222484096525,0.9059407181827082,0.8354206684781547,0.7627975323987812,0.8340281549385415,0.7453651154501214,0.9096213131860713,0.4997737230030008,0.8098332532454886,0.7886345850844552,0.9876139325764798,0.9130610021676682,0.8587660956447003,0.9278239868212361,0.6448842394104557,0.8841260485131919,0.6616349600220586,0.8078408524710095,0.9146756363968289,0.8241252552971855,0.8553021506429308,0.4779583613087228,0.9127113681766137,0.9418243114872848,0.9414106494210734,0.8829240678855337,0.8820255041972331,0.9330819649782569,0.9430481070778811,0.8322646757808345,0.9977218791928772,0.894183925428363,0.9238013891436976,0.8046095982154036,0.8485555080319508,0.8388794982251773,0.4811363598562044,0.960208268815036,0.6918625383692878,0.8376723506997308,0.9356707151118058,0.745972362826663,0.9705990602051129,0.9069082339523122,0.9434856120630545,0.8705695323486153,0.804404617255184,0.7713536258609022,0.9671816160523485,0.9791919178046253,0.9433214104887524,0.9857705189045636,0.6912645324713005,0.8820650675489388,0.7555295798671513,0.49864835346264214,0.8763802490823563,0.7130462327508251,0.9700808834258972,0.9526809135960516,0.9092735418441049,0.8422241792803136,0.8654110063376463,0.9623366128450228,0.6451573113872511,0.856335849861811,0.9113067123177236,0.8183624229309934,0.8848055194072812,0.9371605937136991,0.9127113681766137,0.9700808834258972,0.4779583613087228,0.6606482632337868,0.742211058470776,0.9160755741786697,0.846846556117637,0.47795836130872393,0.8984073104123331,0.6808297674054002,0.9369296717540236,0.7164718940919633,0.8157507865486253,0.7927381955186616,0.9132430912088394,0.8559375079194229,0.8612222667022578,0.8200412134706068,0.997603241379254,0.8118328297057764,0.9162673470024438,0.8364350703060381,0.8471060150352991,0.9505241704836671,0.8376723506997308,0.9278239868212357,0.9108103401386718,0.8964706102804108,0.9278239868212361,0.887635694816231,0.9627812356600215,0.9414106494210734,0.8078638911428642,0.7784491248459173,0.9199574485923752,0.9414106494210732,0.82412330600641,0.7958043351129382,0.8556063329356038,0.49864835346264214,0.9554518077232721,0.49977372300299905,0.49864835346264214,0.4610356166077315,0.7387786306367203,0.4779583613087228,0.7139253475160503,0.37613972697155207,0.4779583613087228,0.8739518939582047,0.8286368927914728,0.9662757781656683,0.9092735418441045,0.9162673470024436,0.9059407181827082,0.49864835346264214,0.7762543007453089,0.8385806720504205,0.8766017896141824,0.9597977186355302,0.4779583613087228,0.8222019591825749,0.9092735418441045,0.8739518939582047,0.978698417537401,0.8243737901066759,0.9199574485923752,0.9857705189045636,0.7685463059719879,0.9888837538471675,0.8645904004850735,0.9027019168030599,0.532280136185949,0.849186641115079,0.8665497346618455,0.9928965397237558,0.8848055194072819,0.987405892261038,0.8662187967802519,0.9505241704836667,0.845780144883924,0.7328240664058858,0.4779583613087228,0.980119382039087,0.7743984544652442,0.6396684921237523,0.7241964925837927,0.8934633408766899,0.8848055194072817,0.8692069463447651,0.4445250051583578,0.7508224921224367,0.9970372388368176,0.4779583613087228,0.4779583613087228,0.6158308461088059,0.7525002305460429,0.9733250620347398,0.9470953094850886,0.8816224494175549,0.7477769748976526,0.798857424647029,0.9341768972380842,0.8713396701567189,0.9626905640310426,0.4779583613087228,0.8086385125994824,0.9127113681766137,0.6127479292908631,0.6765515156534141,0.9199574485923749,0.9533749114354952,0.4779583613087228,0.4779583613087228,0.882463569050796,0.9027019168030599,0.881445491794657,0.8820255041972338,0.7260915872019582,0.8072801833126306,0.8538184918489037,0.8135469465825352,0.9265054435216187,0.858155467081299,0.47795836130872393,0.8376723506997308,0.9222420536178821,0.945855618543636,0.9662757781656683,0.7422481775718942,0.7785754493542814,0.5414387594293653,0.8422241792803133,0.9059407181827082,0.8779005826850133,0.4779583613087228,0.6851941396038526,0.9002620304917957,0.9250683789663096,0.911413781454895,0.9308232150715126,0.8876356948162312,0.9338103822618526,0.7563867436573588,0.9162673470024436,0.7482376773236081,0.9227698252197183,0.9291552782955315,0.9723047356695362,0.9055450095968043,0.653879660531674,0.759964052856354,0.6598842363568056,0.4610356166077315,0.7819505809115694,0.9793811540276176,0.8376723506997308,0.9825178958984895,0.9278239868212361,0.9103086440545415,0.9700808834258974,0.9788715516976696,0.813620071684588,0.705235341633895,0.8228483522233687,0.9027019168030599,0.9238013891436974,0.8820255041972336,0.8820255041972334,0.8693420105196965,0.8905201046762896,0.9371605937136991,0.950462348871437,0.8583244696882326,0.49533577640337534,0.971646460884446,0.5397427241727476,0.9522167421840104,0.9126426418940725,0.4779583613087228,0.8352962955703507,0.9027019168030599,0.9468474358562227,0.5911651455979119,0.8713396701567193,0.8739518939582045,0.760660392080267,0.4779583613087228,0.9883946929708312,0.6616737433034907,0.5088598945057855,0.8967267978059834,0.9257234647606121,0.9120089362373701,0.9127113681766137,0.9666794777011316,0.9226406470081118,0.7456212627686669,0.9393384699333522,0.9080208724124175,0.982880861892087,0.9278239868212361,0.9080208724124175,0.9414106494210734,0.9512288052731833,0.9869589941158469,0.6912645324713009,0.0,0.6372069248776109,0.8263369548708456,0.49864835346264214,0.8034874575522322,0.752758552190131,0.8495695504913509,0.9794817945104306,0.9071886829882024,0.4779583613087228,0.9559167467614291,0.7381896022300454,0.8515474244094852,0.4779583613087228,0.9395403458130791,0.9253641867456626,0.9199574485923749,0.4007593060264121,0.49864835346264214,0.8662868494703395,0.8985975567963893,0.8910499671954724,0.8471060150352996,0.8481595002027031,0.8766017896141824,0.6754946732002338,0.4779583613087228,0.8823144159937879,0.4779583613087228,0.6631775852479844,0.7155172599880972,0.7784491248459173,0.6127479292908631,0.9726698814889383,0.6546492041410048,0.8642587521941489,0.9055450095968043,0.4779583613087228,0.7493147111654466,0.9981458463366848,0.8761856285237299,0.8840472914094453,0.733895340382535,0.9981922472699298,0.7002810853760391,0.8452551085303088,0.49781145074870226,0.794797519803812,0.7404104748942564,0.49781145074870226,0.8515474244094852,0.9127113681766141,0.8010280162855912,0.49781145074870226,0.6127479292908631,0.8687627046182604,0.9857705189045636,0.821577072950012,0.8995478568587885,0.8179083071013351,0.9048113045350052,0.7927381955186621,0.8628742512243037,0.8092073824034666,0.8354206684781547,0.8107723431911642,0.8995478568587885,0.8241233060064102,0.8711706817387814,0.8515474244094854,0.8114983712766495,0.9024090932456402,0.6554959313288609,0.8243737901066763,0.8662187967802519,0.7348251785689416,0.9505241704836669,0.8341377178323204,0.8399639459989321,0.8612222667022582,0.8897181908471414,0.831854414937538,0.9981922472699296,0.9162673470024438,0.6574258320229439,0.8587660956447005,0.9714021118610541,0.8679755583031026,0.8665497346618454,0.7199017280172177,0.8792920141466947,0.8539300757509798,0.9414106494210732,0.7744479250200265,0.8059907411393346,0.9813488436149447,0.8093852229086016,0.766685587271779,0.9606832254354423,0.9486998997515486,0.6678501225701672,0.8687627046182591,0.8934633408766897,0.9711421108889411,0.9919812383965743,0.4925968221753183,0.573241938431625,0.8848055194072815,0.7836166363322834,0.8995478568587885,0.9592769327710866,0.7601541351552028,0.9092735418441047,0.9059407181827082,0.9684754976202001,0.8612222667022584,0.9505241704836671,0.8716160182705619,0.9816144383588512,0.8024090649115351,0.8964706102804105,0.8964706102804103,0.9040095812755924,0.9356707151118058,0.8136200716845878,0.8432226863185212,0.974330104220798,0.904811304535005,0.9162673470024438,0.8162105150575756,0.9320042986155881,0.9857705189045636,0.6396684921237517,0.821577072950012,0.6631775852479849,0.7861875782595167,0.9162673470024438
p313_V,0.6539410788339461,0.7657713283316735,0.42870518018730774,0.8900179418626883,0.8392059565807761,0.8010546007406152,0.9555553846392586,0.9547429438140509,0.6413544133154487,0.8516775459542527,0.7071038344698528,0.8044674539676762,0.8044674539676762,0.6107539104060846,0.939604754478529,0.9870194541246585,0.8381939793092672,0.6382585435582896,0.9162562241355678,0.8258023149199941,0.6057116339401245,0.7230616044270382,0.8223589532169966,0.9053819055527925,0.7618947147492691,0.7445434044715771,0.7063431845071192,0.7448953171572592,0.825802314919994,0.9913272127542049,0.8022500484561497,0.8616683307696409,0.749717952678209,0.8705406387146193,0.8392059565807761,0.8135925581684307,0.7702259269497667,0.6982304712217073,0.8595076304199196,0.6312465358534836,0.4852676058267922,0.7719698565811042,0.8595076304199194,0.7482674405834935,0.9772149079677255,0.35310843584595797,0.7803993678854959,0.6455645291215144,0.6312465358534839,0.5965598437405215,0.830090549724642,0.27223580353643395,0.7445434044715771,0.8316077547077756,0.8126384549415189,0.6670520738673236,0.8593459614107983,0.8106069085572598,0.8804142865592033,0.7687312965384797,0.6497058339361244,0.7027520098169582,0.9649712801751953,0.7983686820387377,0.7691999689649287,0.6996642796901202,0.8857094208703657,0.5845503969983583,0.5576279978932386,0.9504774461246135,0.5842992349453101,0.6312465358534837,0.8964040526278079,0.3791672032803466,0.8106069085572598,0.5379128800951544,0.795429979901762,0.7317288359406373,0.5812044796761531,0.8010546007406153,0.8496461390560248,0.8121602957674057,0.9428096036382811,0.858686419261909,0.8106069085572598,0.5651079594987848,0.988412314501026,0.6929722502834983,0.9389563908591301,0.8044674539676764,0.8106069085572598,0.4601482439315706,0.4408014943678761,0.5667610458054104,0.7873545679138281,0.662165369769707,0.5261164797236412,0.4368369202800829,0.42907009428261045,0.4372187995805661,0.7097840488769844,0.810876436744993,0.7318083230664858,0.7674781900893162,0.9991414566130004,0.7793713361793848,0.5099188683316388,0.33063253507825063,0.7650389622135645,0.45127336091066983,0.44643273890519264,0.9142855814820893,0.5785268815736981,0.6460500849595903,0.7803993678854959,0.4866887587715558,0.9419179795019142,0.8441952219411113,0.8010546007406149,0.5387783187296566,0.7665121257525025,0.5619180436205398,0.6909347662936942,0.9725364471424871,0.9027719944026336,0.6911995798933894,0.7407357299045448,0.6336666499248775,0.9176395759305667,0.7026451113159946,0.5399029970789986,0.7499222990259979,0.822553858780367,0.8972229380687486,0.732713343467549,0.6170723357931345,0.5932382194494576,0.7593982966903693,0.7909760777353676,0.7984775184678072,0.4642740191532073,0.7899667439060205,0.6490540603073685,0.4367917711227224,0.6517683740292259,0.6666636628112195,0.7745938047953778,0.4372655261712879,0.7612868616385338,0.30814006747013367,0.8616378859339667,0.666977898432942,0.7666082295139705,0.8186201510836781,0.917287201915365,0.7829820974423909,0.7182416789058209,0.7306412122100229,0.751583613632762,0.6833755894788596,0.9758429433725047,0.932784712182982,0.7437610195286942,0.3244351409449189,0.5222315314055108,0.5776303345578957,0.7023593413337068,0.5841416298937228,0.8182699905084854,0.5283805533873762,0.7902807877710444,0.7231144968593354,0.8842621885312343,0.9854495816100627,0.9387050351416217,0.6489561051648447,0.8478137801574764,0.730889575344956,0.7335826364529744,0.7821701300218997,0.8697061299619169,0.8007625722048461,0.9020779364204593,0.8044674539676762,0.6111638418310168,0.5238477233186914,0.5387783187296566,0.6832566494028687,0.7812801400877061,0.9812604333461725,0.825526967529914,0.8112580761071855,0.28813313386120665,0.35142311018290706,0.7878823499106717,0.8106069085572598,0.8464015114623487,0.8498796437248017,0.6455645291215135,0.4666523256968511,0.7066105668454448,0.8322567509778518,0.8106069085572598,0.3624260707084135,0.44980379439185847,0.8875131169682251,0.8106069085572598,0.6352607485753108,0.7212649501647284,0.7140492920041877,0.6024272708288183,0.5322939084508604,0.7231144968593364,0.8106069085572598,0.5304802825410526,0.8106069085572615,0.6722285136368431,0.421245932829458,0.41512340561677474,0.8106069085572598,0.7893147422409561,0.8106069085572598,0.6248521057796008,0.9152147011256733,0.5964490664546969,0.35932517369369643,0.7499222990259986,0.24501418029226185,0.798477518467807,0.7295059149458962,0.7703597672498947,0.6766836506879521,0.5825765034083936,0.8023521201749922,0.7593982966903685,0.6413451815819925,0.7019385860946388,0.7896777933386494,0.7009406945606924,0.9819426940469984,0.6840252724672604,0.8189939542051474,0.4860070774590898,0.8525764165920211,0.8106069085572598,0.7214885839634546,0.8106069085572598,0.9143801675756686,0.757379562070732,0.8616683307696413,0.7509193098950355,0.23274491937694064,0.8464015114623487,0.6796423181183284,0.6672814501418358,0.5134839565335343,0.9287288477069136,0.5100198053889846,0.853875805800538,0.45105948302830723,0.8077522806679419,0.45854250484838244,0.8044674539676764,0.9026436295204296,0.4660882105634998,0.8595076304199196,0.6865855194209143,0.712247904843716,0.8840214858442499,0.9156051850579334,0.49824799780826967,0.8616683307696413,0.5146728771165328,0.5280249341108016,0.5648675109215868,0.7793713361793848,0.3875887474679738,0.9192146339224361,0.7665607782749312,0.8818529110248737,0.7793713361793848,0.9784890262381627,0.44438670517973633,0.9660938098737137,0.5120900858046225,0.670596202861071,0.7499222990259986,0.7831105177567342,0.342620469880657,0.7146323984142657,0.7499222990259984,0.9632617810424792,0.14623953923635802,0.779371336179385,0.5945467664601132,0.4993791766961122,0.3949139180653488,0.8519767889736249,0.9846986681136594,0.7318083230664856,0.8048084222843361,0.7146323984142663,0.8225538587803674,0.36155326771090657,0.7025879896957166,0.8413535056044903,0.6746370074611969,0.6884391214668553,0.33749673566162675,0.7155864841910802,0.6442483760225128,0.8101630260827221,0.6050374202851263,0.6187093428817891,0.5144502698499516,0.8616378859339668,0.7263062447113178,0.8974734569479393,0.8215937225932503,0.7398847890134617,0.557388497341628,0.8233987369410403,0.8106069085572598,0.830090549724642,0.9911898930381564,0.638258543558291,0.7793713361793848,0.8698279893689655,0.8620609819102153,0.8106069085572598,0.974774560115994,0.8441952219411115,0.8764852160382741,0.7606358532465961,0.5723881336272321,0.6753617432899826,0.830090549724642,0.41713047248149215,0.160402066038559,0.9038146116604189,0.7868947142132683,0.22557067268684883,0.8538758058005382,0.6973662169502965,0.16829209487648022,0.7812801400877061,0.7024574430576054,0.8387699083894447,0.24874587182304664,0.6099360959924107,0.25813598803855786,0.7063431845071195,0.832256750977852,0.9625607415207045,0.6681933962465696,0.35503659681186983,0.33469613701255296,0.05555516841485486,0.8106069085572598,0.4818748798328869,0.7689887508889266,0.6557158396900029,0.8695208918929742,0.8875131169682251,0.4889399175033995,0.8106069085572598,0.8106069085572598,0.7612868616385338,0.6583447795946222,0.4608407973305284,0.8106069085572615,0.8616378859339668,0.7318083230664858,0.810228218589373,0.457246381167263,0.4252086233396204,0.7604073710900016,0.6377830992709685,0.8436755635515784,0.127096184913855,0.24848711452713212,0.8106069085572598,0.4171858495073585,0.6152677983514976,0.2285755916692649,0.29994528720488645,0.7388058445872048,0.8068814217710495,0.7499222990259982,0.313619938816061,0.8106069085572598,0.1519133973590121,0.9027719944026336,0.8841036538423275,0.5874544114856746,0.8464015114623489,0.24905974157343636,0.7239742119499581,0.8106069085572598,0.6610655134228196,0.39552975714351335,0.8106069085572598,0.8975122722743438,0.7278732020520806,0.44026236031122046,0.07475581077910054,0.31206243202292283,0.8106069085572598,0.8275813138524638,0.6115854542270112,0.9332781697222496,0.8582616513103711,0.625260605771061,0.6713319730166536,0.6757128194469002,0.5160446450829496,0.7499222990259988,0.7843923568310975,0.5766545889203933,0.7759324340814467,0.47784356214554613,0.7078577912257785,0.34553237609015774,0.7830156341308279,0.7593982966903685,0.7043869062693767,0.8106069085572598,0.9846986681136592,0.6142280251342547,0.75191310824293,0.8250211375852403,0.9122238630375763,0.7984775184678075,0.8992987093590568,0.97665730626632,0.8525764165920213,0.8056038403529912,0.7604073710900017,0.9419179795019144,0.4645155739696041,0.6790309355176035,0.8784164439301574,0.4535643244697849,0.8875131169682251,0.9070991766378791,0.8919987319203216,0.6536472517707248,0.843675563551578,0.8258023149199942,0.671744203995306,0.7448953171572592,0.9895981405438163,0.7495595307284755,0.7471843962519458,0.553689147898284,0.9937388499019764,0.8408353250115083,0.9302007141279779,0.933731093961307,0.8805595720061169,0.8061352216935418,0.87427114052681,0.7203542286738358,0.7394034329309052,0.4587093614922373,0.5665516460704144,0.9436746151509856,0.7692904230042386,0.6261722621608232,0.7708757342257215,0.8002438055465626,0.7598023745630527,0.06200936544385072,0.8003961361144563,0.6044483042405893,0.8002438055465624,0.7946192397681994,0.7598346376285781,0.7803993678854958,0.8537161510969937,0.48995577428256853,0.7934176587944267,0.7402192056489219,0.8441952219411115,0.8041356321433678,0.7380536305897085,0.9004625295707854,0.9728237043907221,0.785453661388408,0.70634318450712,0.9248238928596395,0.8441952219411113,0.644953168013233,0.1676952011055528,0.5401898378251593,0.7231144968593359,0.7231144968593362,0.3790773425545746,0.8281137268010235,0.7926237952447175,0.3797209235003809,0.8106069085572598,0.8020156091163936,0.8106069085572598,0.8106069085572598,0.36185749798033684,0.7598023745630524,0.6291776984106687,0.8106069085572598,0.31428963004851074,0.4208510398064136,0.7957443055596622,0.8121192012618887,0.44692172369819705,0.4710646319324949,0.7809731331926456,0.6709195885119488,0.42907409730080026,0.7868947142132683,0.9125083075696684,0.8370123492175015,0.7119113260650165,0.39309785810709097,0.48992769669807323,0.6040052581220758,0.8898696771262726,0.879625865654128,0.6855678369743532,0.8020156091163931,0.5160446450829496,0.7499222990259989,0.6405993230061922,0.7944825590748019,0.9815165590399766,0.7295059149458962,0.47492608676409676,0.6579876483342157,0.6669778984329422,0.7598023745630524,0.7408164853969661,0.8233987369410405,0.7703597672498952,0.7997161239949889,0.822784410596218,0.5075095981353992,0.4015974295875374,0.8616683307696409,0.6382313476238333,0.7926237952447184,0.7784988927689684,0.4173940204226888,0.8342716849000396,0.25311232151671326,0.6314605708137919,0.8764852160382742,0.12373765224922773,0.4931045580777058,0.6372069248776107,0.17266984924850748,0.6989388126021301,0.7235925576114437,0.7850129036059346,0.8106069085572598,0.7593982966903685,0.8013515128476629,0.8392059565807761,0.48706690004210573,0.7703597672498936,0.8255269675299144,0.7144869795669889,0.24905974157343636,0.9616385106236466,0.3211691338585174,0.8258023149199937,0.2672259005569074,0.849646139056025,0.5440809103975239,0.7984775184678075,0.9299241377759688,0.5892284287949634,0.7201398843732651,0.7437610195286941,0.6151064407000564,0.5677907647053395,0.19926254797200882,0.5318832428579463,0.8793185298480244,0.4854446899832603,0.3084659023791497,0.7203542286738367,0.8974734569479393,0.7855480309011272,0.8169113144171272,0.43420983593789997,0.7889139112321302,0.6163888628684695,0.8044674539676764,0.23152401138080814,0.18650497179673153,0.9142005236871038,0.6374060103829389,0.945307012379029,0.6982886174212425,0.765817653525908,0.7798236263663163,0.7668894262436876,0.6244792130676543,0.8123455945172808,0.9865554151898348,0.6824788329990678,0.8600460479880276,0.7593982966903685,0.9519158313359334,0.8106069085572598,0.735849421786813,0.3591084296307452,0.466781739192784,0.5778490429270312,0.8106069085572615,0.6248845268680545,0.22486855842640463,0.6497058339361237,0.9299128034993458,0.4921369064466923,0.5387559032922293,0.6163982392903944,0.9506410352720192,0.6806347944287461,0.918492553643412,0.4697692988298454,0.5636709457194706,0.7691999689649295,0.5031201524467774,0.8379799739059677,0.9937388499019764,0.6084208512808627,0.8387699083894442,0.7509193098950355,0.7416818474763736,0.8387699083894447,0.690279906401571,0.7952479988963066,0.7604073710900014,0.8187703985903747,0.4195199200449402,0.8784164439301576,0.8106069085572605,0.8427281427246178,0.22238969085851956,0.3368078498669149,0.832256750977852,0.980442764005363,0.818993954205147,0.832256750977852,0.8044674539676764,0.7358494217868128,0.8106069085572598,0.7926237952447177,0.706172362746514,0.8106069085572598,0.6525619845437458,0.8293015405952191,0.9468588879082487,0.7499222990259988,0.9026436295204296,0.8464015114623489,0.8044674539676764,0.20686543426550097,0.4843670645193803,0.7598023745630527,0.4331735967524568,0.8106069085572598,0.509918868331639,0.9023076433234846,0.6753617432899827,0.34115441721562534,0.5510523250234074,0.7793713361793849,0.8881867151306546,0.7886922783654229,0.9435779505580673,0.9038146116604191,0.7890064191135172,0.8329839832571295,0.7813166364818258,0.9520624921969087,0.6842447526880349,0.7809788388822064,0.9810801098972948,0.6963322432650536,0.8108764367449931,0.7363814015757277,0.5155775340911131,0.8106069085572598,0.8748035631840649,0.46781438633069194,0.8875131169682253,0.2726148561223425,0.732713343467549,0.9287288477069137,0.39600296339360996,0.7984775184678075,0.27010855219783625,0.24603062926169006,0.8106069085572598,0.8106069085572598,0.7164995974728063,0.7859366493978692,0.6885398024356353,0.5454918418646242,0.5020867961313917,0.31247379043471957,0.29765712086650087,0.3399427228717433,0.6677719971031704,0.3774636728959635,0.8106069085572598,0.7119678917142851,0.7593982966903685,0.8595076304199196,0.15958025693603117,0.7793713361793848,0.43431355590474263,0.8106069085572598,0.8106069085572598,0.2552521926623781,0.7318083230664857,0.3712491299263734,0.6989388126021299,0.2856799919054208,0.4852676058267923,0.793026413278459,0.9302007141279779,0.4341640199399235,0.344646926918041,0.8106069085572615,0.5525613347346621,0.3575188583441764,0.8292063210402107,0.8784164439301574,0.7445814482450308,0.9693237058490465,0.988807685028698,0.5651079594987847,0.8169113144171267,0.5290757503333561,0.8106069085572598,0.3918607393674556,0.7743918505197899,0.6248661775708375,0.557434212262272,0.6099415095926471,0.8064439473977414,0.6626492574896172,0.3088688267028169,0.8698279893689653,0.946897228838725,0.5140344359073992,0.8189939542051474,0.825802314919994,0.8706128883173658,0.7886289796123007,0.4024269685857611,0.830090549724642,0.8044674539676764,0.7115274640503493,0.7774322510070817,0.7573795620707318,0.785245080137841,0.9349382457175783,0.8877184340118666,0.8595076304199194,0.8972229380687486,0.604258143349791,0.7602831845877092,0.6449304184915599,0.8392059565807761,0.8616378859339666,0.6989388126021299,0.7944825590748019,0.37042281463225235,0.7754616934064608,0.8044674539676762,0.820164226016743,0.6205098246553788,0.8169113144171267,0.4767360752913876,0.7119113260650161,0.6191033178864491,0.5423796105569845,0.8106069085572598,0.4601482439315707,0.9536021486748398,0.4129110378135019,0.8516775459542527,0.8616111599916203,0.7546442880540891,0.5638453002990733,0.8106069085572598,0.3087756966443511,0.1237376522492275,0.7546442880540889,0.313290939176069,0.3664736671932378,0.31505543367146893,0.7909760777353677,0.38740578837359996,0.7781712473192264,0.8928188215478916,0.3516850044015192,0.6830793958103463,0.49893850193369627,0.8010546007406152,0.7295059149458964,0.7604073710900014,0.9538336683356822,0.9782392196770986,0.39903888430230827,0.6372069248776109,0.0,0.81060690855726,0.832256750977852,0.424213524851317,0.29472736409738354,0.741935974120582,0.2531123215167135,0.18778899074860633,0.8106069085572598,0.248255794889211,0.2783478634986888,0.6307013412244132,0.8106069085572598,0.42907409730080026,0.9041803970477175,0.7793713361793848,0.7598023745630524,0.8044674539676764,0.46566929024703374,0.7445434044715771,0.8634035701563113,0.9875418864397815,0.8673756750128281,0.7527191745136719,0.11225693787126878,0.8106069085572598,0.7719728615867472,0.8106069085572598,0.8784164439301572,0.5050493397608196,0.5687458192537596,0.8595076304199196,0.72508476134893,0.47541209362147807,0.6969069951091713,0.6705962028610717,0.8106069085572598,0.48978402510788466,0.4082800102728208,0.6110702469746951,0.7882708526322817,0.8690985951631343,0.948864982960364,0.9315885372513304,0.7156713307051188,0.7448953171572592,0.6322093570611604,0.16314494967589477,0.7448953171572592,0.6905436336794006,0.7593982966903693,0.4100961112976387,0.7448953171572592,0.8595076304199196,0.8586864192619097,0.8464015114623489,0.5467358503882492,0.7509037938695122,0.735875879768366,0.720961260782457,0.785218226206104,0.5711811735833954,0.7830156341308276,0.6980709577955677,0.7395916258346773,0.8322567509778518,0.8668509345495259,0.584955871266879,0.5908064795877566,0.49714213755710857,0.532611206884102,0.6890305079149726,0.5159052861356932,0.7397227148727665,0.8464015114623487,0.7803993678854957,0.8003425369800152,0.8540533411084328,0.961454826812153,0.7016883461204579,0.7949720949552508,0.8225538587803669,0.769199968964929,0.874839669782592,0.7458413635372292,0.7705403043339096,0.8070403674382001,0.8292187625234384,0.7591790709841097,0.7855480309011273,0.8166940760213555,0.7604073710900013,0.7265370677467737,0.5317348903447319,0.7226366895152467,0.6621653697697072,0.8966127739430799,0.9004625295707854,0.840835325011508,0.8567067394028418,0.7445434044715771,0.8118238203488376,0.7767567861318869,0.9961167301725979,0.8070194978812506,0.9366428409288108,0.6824788329990683,0.799518884423593,0.8064823878898637,0.9703665129500167,0.9818984603096399,0.780399367885496,0.7997161239949889,0.6071867451612367,0.7298657582033234,0.932784712182982,0.9701945417627584,0.5318832428579465,0.9832306222956084,0.7687312965384802,0.7957807456005872,0.4129440367757584,0.9033593307523542,0.48626382062960904,0.9632617810424792,0.4746939358253608,0.6753617432899824,0.8020156091163936,0.6005683686757788,0.9142855814820894,0.8586965180854328,0.8516775459542527,0.8156120338555732,0.8441952219411113,0.9647479107821688,0.8020156091163936
p315_I,0.992904583277461,0.9430869529798077,0.8918007079504509,0.9400771100284838,0.9492063492063489,0.9623211158059548,0.9738007944207914,0.99426899606991,0.9791361767729917,0.960221152322577,0.9398636845831869,0.9886251033694342,0.9475597985845114,0.9225015741707872,0.951700230336632,0.9751421018560726,0.944383427890573,0.931488667261505,0.9582144552981327,0.960221152322577,0.9580351138841998,0.9384124008873462,0.9888877218166614,0.9508971383859763,0.9369854052620166,0.9314886672615048,0.944383427890573,0.9539125216067478,0.960221152322577,0.9429752331442156,0.9250013316406693,0.9544316996038,0.9428469360414606,0.9188361382271666,0.9492063492063489,0.9582144552981327,0.9508971383859763,0.9428469360414604,0.9623211158059548,0.930160641445072,0.8993922310882434,0.9127774219260271,0.9623211158059548,0.9613940628375297,0.9443834278905732,0.8474513194974065,0.9526370111116407,0.9851427757797316,0.930160641445072,0.8554797762443018,0.9544316996038,0.849586416155214,0.9314886672615048,0.9413411539914587,0.8797999623621964,0.9288488221297497,0.9288488221297497,0.9492063492063489,0.9947503758616079,0.9459533477380775,0.9352923098201315,0.8753108566273604,0.9314886672615055,0.9870810478556493,0.9562880686171875,0.9406606464117979,0.9544316996038,0.9490768789214072,0.967054596024757,0.9582144552981327,0.92126914699118,0.930160641445072,0.8537698412698403,0.9692655153369233,0.9492063492063489,0.8864622842804517,0.9384124008873462,0.9964123220916106,0.915598762214224,0.962321115805955,0.9398636845831869,0.9341976401680094,0.9262700211315917,0.9314886672615053,0.9492063492063489,0.9176344520056336,0.8400061283921282,0.9469488476903252,0.9305175527166338,0.9475597985845114,0.9492063492063489,0.8918007079504509,0.8311464231994983,0.9284759050423526,0.883068861638384,0.9851427757797315,0.8896584524348266,0.9227803491523985,0.891274294542976,0.8639752520084487,0.9288488221297497,0.9526370111116407,0.9492063492063489,0.8580633769736241,0.9335587141907045,0.9582144552981327,0.9071820194155722,0.891042599612628,0.845745523297645,0.9663327708513567,0.875911018859066,0.932833950574053,0.9933672327848192,0.8462222865742861,0.9526370111116407,0.9347544771402012,0.8853010064654409,0.9582144552981327,0.9623211158059548,0.8295628050627418,0.9129151319089193,0.885400876353422,0.9369854052620168,0.9250013316406698,0.7647981478754355,0.9619134810141817,0.9508971383859763,0.9179343211748929,0.9475597985845114,0.7854327491040118,0.9627235843854315,0.9526370111116405,0.9544316996038,0.9510697823313443,0.944383427890573,0.9735492166725133,0.9857001874039446,0.9544316996038003,0.9544316996038,0.9919305345581159,0.8900284865412089,0.960221152322577,0.9697158624438911,0.9700073495187169,0.8875255844205969,0.9106019687464655,0.9254740181372287,0.7682790600652862,0.9203771106130235,0.7897778653703151,0.9602211523225768,0.9352923098201308,0.9490768789214072,0.9153139730017577,0.9544316996038003,0.9301606414450725,0.8950345750758602,0.9140827360776209,0.9504233082603579,0.885400876353422,0.822293522533539,0.9526370111116407,0.9341976401680094,0.7715834556054182,0.8972062142375332,0.9164419655193168,0.6655418501773487,0.8993922310882436,0.926270021131592,0.8225973325104772,0.8942700047615743,0.9475597985845114,0.9288488221297497,0.6783615558233287,0.9772551247195334,0.8780124908814331,0.9582144552981327,0.8706662210952578,0.9458430027009457,0.9565760602192026,0.9532451920987461,0.9695767521740236,0.9730218450575302,0.9475597985845114,0.9844726040741183,0.8538362113124118,0.951775522362714,0.7527092630911646,0.9413411539914586,0.9237454173815309,0.9459533477380777,0.9791361767729916,0.9090749946786867,0.8431012558506533,0.8559654748218471,0.9492063492063489,0.9508971383859763,0.9298144168543094,0.9851427757797316,0.8947179757556372,0.9276853521886582,0.9248100053233804,0.9492063492063489,0.8685695845092949,0.7583810530554921,0.960221152322577,0.9492063492063489,0.9512173405541076,0.9992249226337294,0.991632948188578,0.8627468818820916,0.9049315186013059,0.9475597985845114,0.9492063492063489,0.8646739158077179,0.9492063492063489,0.987804009298816,0.982551608670862,0.98695146388822,0.9492063492063489,0.9494833800495852,0.9492063492063489,0.857007029481827,0.9071820194155722,0.9164419655193168,0.875911018859066,0.9526370111116407,0.7780046509581316,0.9459533477380775,0.9578055524052942,0.9384124008873462,0.974955727319273,0.9619134810141818,0.9188361382271666,0.9544316996038,0.7600276057434354,0.9266101958517023,0.9801193820390868,0.9718218789028326,0.9564664879277861,0.9580166426603274,0.8739479665019888,0.885400876353422,0.9459533477380777,0.9492063492063489,0.9811718853428997,0.9492063492063489,0.9808389409832031,0.9152582079543841,0.5379637233866096,0.7823646060405737,0.7780046509581315,0.9508971383859763,0.9589591641085061,0.9369854052620163,0.8928757609748672,0.7773931278746941,0.9494833800495851,0.9526370111116407,0.8717146038820363,0.8717146038820356,0.7943743572075029,0.9475597985845114,0.8176392862623298,0.828924525900858,0.9623211158059548,0.8719900286803044,0.8719900286803046,0.932833950574053,0.9988170690953838,0.8748612665230131,0.6829936025322063,0.7863834879230718,0.7493894200045355,0.9752298134312947,0.9582144552981327,0.9663327708513566,0.9140827360776209,0.9610880275993516,0.9015943008452876,0.9582144552981327,0.8415198577956897,0.9850015865035862,0.5915666411418452,0.8982973238138032,0.9225015741707869,0.9526370111116407,0.9188361382271668,0.9078303776591791,0.9459533477380777,0.9526370111116407,0.9526370111116407,0.7985559379258664,0.9582144552981327,0.9179492298184433,0.8356348249208567,0.885400876353422,0.9750701654313519,0.9582144552981327,0.9492063492063489,0.8207356119850873,0.9459533477380777,0.900538421250602,0.9727033216394299,0.9889897772432359,0.9526370111116407,0.9799813907590402,0.916441965519317,0.8152867967569692,0.9683833021196733,0.9769520543277509,0.8685974240625227,0.9336474770134962,0.9834658960227447,0.8727631680356078,0.9602211523225768,0.9791361767729917,0.9602211523225768,0.8602326261905313,0.9564664879277861,0.9094556823349391,0.8374011676109444,0.9492063492063489,0.9544316996038,0.865045687488859,0.9314886672615053,0.9582144552981327,0.8929968346358241,0.9248100053233804,0.9492063492063489,0.7371109875774766,0.9582144552981327,0.9623211158059548,0.8428084617125348,0.9736191354376758,0.9341976401680094,0.8280234816778032,0.7835937132975106,0.8289245259008582,0.9369854052620168,0.9428469360414606,0.8409971458279799,0.9526370111116407,0.9188361382271666,0.8117838598171898,0.8853010064654412,0.9661032464830343,0.9623211158059548,0.7833099084134088,0.9188361382271664,0.7711949776746386,0.944383427890573,0.9475597985845114,0.9882450462521555,0.9402778464084467,0.9363426627010591,0.7351207557283763,0.818749855334769,0.9492063492063489,0.8684712335215647,0.9512934499841005,0.9200475251844389,0.9176344520056336,0.7929013742794151,0.8829780861752916,0.9492063492063489,0.9492063492063489,0.9203771106130241,0.9011031204098299,0.8591172857456588,0.9492063492063489,0.9602211523225768,0.9492063492063492,0.9225015741707872,0.8972062142375332,0.7583810530554921,0.9492063492063489,0.9237454173815309,0.9384124008873462,0.8322525541058983,0.8082384637825224,0.9492063492063489,0.8811713725919914,0.9164419655193168,0.7725735218970415,0.9670545960247573,0.9237454173815309,0.9029006915637323,0.9526370111116407,0.9207923934438308,0.9492063492063489,0.9673042207792804,0.9314886672615053,0.9844726040741183,0.8300371089395653,0.8459397716860007,0.8311464231994983,0.9428469360414604,0.9492063492063489,0.7333563972694328,0.8538298882877684,0.9492063492063489,0.9237454173815309,0.8656145170140811,0.8420784215528956,0.8152867967569692,0.9136463571360585,0.9492063492063489,0.967054596024757,0.89571545001953,0.9683543830093178,0.8721964233334829,0.9261320789662508,0.972807232250656,0.9706171664191836,0.8961186971729787,0.9526370111116407,0.8387059119859542,0.991632948188578,0.935580996038617,0.9626363586120694,0.9940100642211115,0.8706662210952578,0.935580996038617,0.9544316996038,0.9821075314053485,0.9492063492063489,0.9582144552981327,0.9447628386820247,0.9849325742456101,0.9398636845831869,0.9275522446953854,0.9459533477380777,0.9746481962695819,0.9508971383859763,0.9459533477380777,0.9470390403999657,0.9492063492063489,0.9413411539914585,0.8790644420447882,0.862086592228249,0.7274442879673644,0.9977140018671351,0.9574863565447541,0.9413411539914585,0.7978853750711604,0.9434764183797985,0.9938077685674775,0.9602211523225768,0.9448896191115083,0.8674821796907911,0.9279034959226291,0.932833950574053,0.9384124008873462,0.9027019168030597,0.9526370111116407,0.9188361382271668,0.9870810478556494,0.9555806329655672,0.9610880275993516,0.9750767117923149,0.9398636845831869,0.9250013316406693,0.8399134433261011,0.9175238558077218,0.9049315186013058,0.873947966501989,0.956305199987326,0.965744197768298,0.9225015741707872,0.8040165292503934,0.9044988266272496,0.8175997772209662,0.8904904028915425,0.8517144868263773,0.986554806284329,0.9992249226337292,0.9801779763269942,0.9526370111116407,0.9962604064950795,0.9670079624580028,0.9176344520056336,0.9492388075036134,0.6488589737837396,0.9549353818771855,0.9279034959226291,0.9683543830093179,0.9164419655193168,0.944383427890573,0.944383427890573,0.8280234816778032,0.9582144552981327,0.9250013316406698,0.8546678929617308,0.9129151319089188,0.9475597985845114,0.9475597985845114,0.9973706779505986,0.907182019415572,0.944383427890573,0.8717146038820361,0.9492063492063489,0.968354383009318,0.9492063492063489,0.9492063492063489,0.8928184240681561,0.9355809960386172,0.9188361382271664,0.9492063492063489,0.9048851935292344,0.8652008368971917,0.6999158796921252,0.8835406899027953,0.8811713725919914,0.9767639587317076,0.9038142386822652,0.9027019168030599,0.8617270394494578,0.7615645612979672,0.9382532758726712,0.9562880686171873,0.9176344520056339,0.9470547902208428,0.9490768789214075,0.9250013316406698,0.9389176628943109,0.9919305345581159,0.8974207253821905,0.9562880686171873,0.8961186971729787,0.9526370111116407,0.9004911494084333,0.9384124008873462,0.9842968264073595,0.935580996038617,0.9689318497925984,0.9237454173815309,0.9060540201833018,0.8511921008492048,0.9011398453294073,0.7674138938518058,0.8400061283921287,0.9508971383859763,0.9140827360776207,0.9561617868108672,0.9810708463392349,0.9544316996038003,0.9504233082603579,0.944383427890573,0.9388764856479986,0.8896584524348266,0.9475597985845112,0.7725735218970419,0.926270021131592,0.9623211158059548,0.8343356316982857,0.7601530758998258,0.9811718853428997,0.8034406041869149,0.9384124008873462,0.9471856021934961,0.8432452626851775,0.9492063492063489,0.9544316996038,0.953912521606748,0.9851190476190474,0.9494833800495852,0.938412400887346,0.8676982991505031,0.926270021131592,0.8311464231994983,0.935580996038617,0.9107502494368845,0.960221152322577,0.8218581062145829,0.7208444903662707,0.9408053715448894,0.9459533477380777,0.9389176628943103,0.9460925858730229,0.9580166426603276,0.986554806284329,0.9938697268012668,0.982038132126384,0.81060690855726,0.9142896034642762,0.9630223853436268,0.9779177832860688,0.8612222667022567,0.9339500363880902,0.8751938654120847,0.9543800590178143,0.8459397716860013,0.8388272306091991,0.980119382039087,0.9254740181372285,0.9475597985845114,0.9659561259078233,0.8409971458279797,0.9623211158059548,0.8504648168526767,0.9526370111116407,0.9176344520056336,0.916441965519317,0.9127774219260272,0.829530693327509,0.9250013316406698,0.9000627911577296,0.9889897772432357,0.9398636845831867,0.8609949072773252,0.9544316996038,0.9623211158059548,0.9492063492063489,0.8160463790740711,0.8654234385275941,0.9078303776591791,0.9200475251844387,0.9492063492063489,0.9097528802726034,0.8244397822834255,0.9853808551815852,0.9225015741707872,0.9038142386822652,0.8918007079504509,0.9835991738212904,0.8755734277401157,0.9275522446953857,0.985380855181585,0.9118325050578104,0.9657441977682981,0.9562880686171873,0.9027019168030599,0.9288488221297497,0.9073884413700835,0.9152582079543843,0.9623211158059548,0.5889758398645479,0.9459533477380777,0.9623211158059548,0.9413411539914587,0.77676317943209,0.9492063492063489,0.8420784215528957,0.8843412180810759,0.9582144552981327,0.8537698412698407,0.9384124008873462,0.7806724477786731,0.7431708752992898,0.9475597985845114,0.9544316996038003,0.944383427890573,0.9475597985845114,0.9475597985845114,0.9486051204234525,0.9492063492063489,0.944383427890573,0.852796483916884,0.9492063492063489,0.9341976401680094,0.8907283270583695,0.9582144552981327,0.9526370111116407,0.892996834635824,0.8459397716860005,0.9475597985845114,0.7960789049353041,0.9830129041590774,0.9044988266272498,0.9496792103557866,0.9492063492063489,0.9071820194155724,0.9526370111116407,0.9341976401680094,0.8104946185054889,0.9890271575839278,0.9582144552981327,0.9508971383859763,0.9913026731221013,0.6571574449861822,0.9369854052620168,0.9492063492063489,0.9152582079543841,0.92126914699118,0.97201754229775,0.8983676175158459,0.9398636845831869,0.8846149163346169,0.930160641445072,0.9526370111116407,0.9071820194155724,0.9780865699631883,0.9492063492063489,0.9194444444444437,0.8822265994777512,0.960221152322577,0.8377384241745149,0.944383427890573,0.9398636845831869,0.8268976253314573,0.9459533477380777,0.8699189654625878,0.7641699068587241,0.9492063492063489,0.9492063492063489,0.8320010642946337,0.9927279446966171,0.9037544201068726,0.9767639587317076,0.9358796528302649,0.9014805048492294,0.9810708463392349,0.916520200644804,0.932833950574053,0.9577419323669982,0.9492063492063489,0.7945326510933385,0.9544316996038,0.9623211158059548,0.8311464231994983,0.9582144552981327,0.8459565846100463,0.9492063492063489,0.9492063492063489,0.9161650815627645,0.9492063492063489,0.9361313188036495,0.9384124008873462,0.8570084033315837,0.8993922310882434,0.9275522446953857,0.8735543267995427,0.8703116652636076,0.9658050596136161,0.9492063492063489,0.9152582079543843,0.9807679154417145,0.9508971383859763,0.8060296021509902,0.7980257239951695,0.9349010971923586,0.9106019687464657,0.9176344520056336,0.9508971383859763,0.952849736761652,0.9492063492063489,0.8818175403500037,0.9176344520056336,0.9492388075036136,0.9298209348696398,0.8654234385275941,0.8853010064654409,0.9770647288625648,0.946400396367753,0.9562880686171875,0.965675538811579,0.8211468628214066,0.9443834278905732,0.9602211523225768,0.9225015741707872,0.916654740306965,0.9004164389796062,0.9544316996038,0.9475597985845114,0.8759110188590657,0.9239571786511702,0.956466487927786,0.9665120503695124,0.9623211158059548,0.9152582079543841,0.8644606804686429,0.9623211158059548,0.9027019168030599,0.9200475251844387,0.992723831159745,0.9492063492063489,0.9602211523225768,0.9384124008873462,0.8954014960722586,0.9792981171115858,0.9980353634264248,0.9886251033694343,0.9288488221297497,0.8939536575643379,0.6427766817579774,0.7684119013812076,0.68914925396357,0.910340118115422,0.8861808910318554,0.9492063492063489,0.8918007079504509,0.9492063492063489,0.9278214586458147,0.960221152322577,0.7583887944261074,0.9341976401680097,0.918035344709595,0.9492063492063489,0.9107502494368845,0.8058499662916012,0.9341976401680097,0.9092933796415543,0.9109668653456436,0.9004164389796063,0.9544316996038,0.888159618093707,0.9131684630076988,0.8058499662916012,0.8022278398026615,0.9355809960386168,0.8431573539148041,0.9623211158059548,0.9888877218166614,0.9492063492063492,0.9358682901281237,0.930160641445072,0.8932410283108932,0.8263369548708456,0.81060690855726,0.0,0.9475597985845114,0.8420784215528956,0.8612222667022569,0.8961186971729787,0.9416113158762616,0.7948313236856199,0.9492063492063489,0.9009864188391608,0.8633240709217587,0.9225015741707872,0.9492063492063489,0.9810708463392349,0.9428469360414604,0.9582144552981327,0.6912719235150715,0.9475597985845114,0.8463809254714865,0.9821075314053485,0.8972062142375332,0.7767631794320901,0.9083158055901508,0.9355809960386172,0.8129560940834348,0.9492063492063489,0.6373230314085547,0.9492063492063489,0.9582144552981327,0.8628210251713133,0.9883712637744559,0.9623211158059548,0.8354035823308781,0.8874655807210456,0.9442661027800157,0.9225015741707869,0.9492063492063489,0.7854289820793141,0.8897214409185187,0.9963956684457594,0.97201754229775,0.9152582079543843,0.9544316996038003,0.9250013316406696,0.9370619345667418,0.916441965519317,0.8928757609748672,0.9646084033357694,0.916441965519317,0.9225015741707872,0.9544316996038003,0.885400876353422,0.916441965519317,0.9623211158059548,0.9314886672615053,0.9136608016620086,0.885400876353422,0.9475597985845114,0.9237454173815312,0.9341976401680094,0.9998909281330145,0.9152582079543843,0.7445786492931159,0.9589591641085065,0.930160641445072,0.8609949072773252,0.8954014960722587,0.987804009298816,0.9225015741707872,0.9015943008452874,0.9014554671412355,0.9947353835607167,0.908315805590151,0.930160641445072,0.9136608016620082,0.9526370111116407,0.9015943008452871,0.8939536575643379,0.9274061806725941,0.9275522446953857,0.9004911494084333,0.9005384212506018,0.9562880686171873,0.9940100642211116,0.926270021131592,0.8664724446651937,0.9076027506473453,0.9250013316406698,0.9758344607938763,0.9369854052620168,0.9701429667321071,0.9492063492063489,0.9854916690499764,0.9789571546770472,0.8357032575839776,0.9004911494084333,0.9716131226567437,0.9562880686171875,0.948605120423452,0.9907336150446707,0.9314886672615048,0.9345041683711349,0.9783994202533961,0.8993922310882434,0.9644641533901627,0.8445290624838848,0.9398636845831869,0.9948138665313397,0.9475597985845114,0.9867651452593773,0.9670079624580028,0.9526370111116407,0.9508971383859763,0.991632948188578,0.9275522446953854,0.907388441370083,0.898297323813803,0.9586324961848864,0.9710742509282573,0.9459533477380777,0.9459533477380777,0.9204798919093109,0.986554806284329,0.9027019168030597,0.6274393463335319,0.7961555888510776,0.9341976401680094,0.9562880686171873,0.9981341064923901,0.9842968264073595,0.9813818316380162,0.960221152322577,0.9899936426963007,0.9582144552981327,0.962965715633306,0.9562880686171873
p315_S,0.7444044463437758,0.9394396415413289,0.8882932693469465,0.9199893491338635,0.9475597985845114,0.9610996995613952,0.6954540247876126,0.742840722786176,0.90069623628167,0.9589316626844855,0.9379142777971525,0.9458598726114653,0.9458598726114653,0.9199893491338635,0.9077040005624186,0.5424031201389157,0.9425805352069323,0.9292677720165115,0.9568599156354454,0.9589316626844855,0.8838795614232458,0.9364159486136474,0.9334927596276978,0.9493053971730236,0.93494269483405,0.9292677720165115,0.9425805352069323,0.9137333093884032,0.9589316626844855,0.7666156616807629,0.9225701399051962,0.9529545363721539,0.9409942357230063,0.916205092712921,0.9475597985845114,0.9667798280829099,0.9493053971730236,0.9409942357230057,0.9610996995613954,0.9763068251524243,0.8961308828316217,0.9306566646589698,0.9610996995613954,0.950802817126357,0.9425805352069323,0.8425062304790463,0.9511016704226434,0.8972654241994793,0.9278966962971924,0.8882932693469463,0.9529545363721539,0.8447105394237198,0.9292677720165115,0.16216355622584455,0.9409942357230059,0.9265423524364669,0.9265423524364669,0.03139863267861631,0.7298985716672586,0.9442013463068037,0.903008623582165,0.8541959247310256,0.9292677720165117,0.8961308828316217,0.9548710823073732,0.8187487405659168,0.9529545363721539,0.6359525852723971,0.7623458066664361,0.9568599156354454,0.9187169710212713,0.9278966962971924,0.9475597985845114,0.8210710864618282,0.03139863267861631,0.8827817928509327,0.9364159486136476,0.9379142777971523,0.8175818786954798,0.9610996995613952,0.9379142777971528,0.9829392900173883,0.3350690258836352,0.9292677720165115,0.03139863267861631,0.9149644520716045,0.9364159486136476,0.8259696831286127,0.8905160099774292,0.062008242787560564,0.03139863267861631,0.8882932693469463,0.8256727870749789,0.850191113818277,0.28875333724042895,0.4730096759862199,0.886081569479592,0.883879561423246,0.8140574394939937,0.8128743662973856,0.9265423524364669,0.9511016704226432,0.9475597985845114,0.8534622933489195,0.5945359220183861,0.9568599156354449,0.9041731885624824,0.8182787338913602,0.9349426948340502,0.8233788637195052,0.9042833811001103,0.9306566646589698,0.8284969009147187,0.9065205555971321,0.9511016704226434,0.7762855815640268,0.9394396415413289,0.9568599156354451,0.9610996995613954,0.8534622933489195,0.9100921482984174,0.881685977830595,0.9349426948340505,0.9225701399051969,0.9784534179462063,0.7474982699049919,0.9493053971730236,0.6221281312976874,0.9921318846009738,0.9125111785873636,0.8686385996787731,0.9511016704226432,0.9529545363721539,0.961099699561395,0.9425805352069325,0.8696295404751337,0.907995720661511,0.9529545363721539,0.9529545363721537,0.09008077800963976,0.7983153216862559,0.9589316626844855,0.8187487405659168,0.8675560447816315,0.9181361257449088,0.9077040005624186,0.8894031717904964,0.8369591621743946,0.9278966962971924,0.7505486208297516,0.9589316626844853,0.9030086235821644,0.8512827582389366,0.8773193685069614,0.9529545363721539,0.9278966962971922,0.8916319670140287,0.9112976020672161,0.9055736434610706,0.5762802320230619,0.7282232490337206,0.9511016704226434,0.9320645602494202,0.7624534917969603,0.9301255045824539,0.913733309388403,0.887379364622056,0.8961308828316217,0.9238799558250632,0.8402939714046163,0.9199893491338638,0.9458598726114653,0.9265423524364671,0.6679351743368398,0.849098097918449,0.874058087016832,0.9568599156354449,0.626241239715507,0.9174557485535395,0.5721895635481327,0.908894409671068,0.9194335589833611,0.9265423524364669,0.9458598726114653,0.6277740552271271,0.8790792081159238,0.8534622933489195,0.8984043359066818,0.16216355622584455,0.9212735133449719,0.9442013463068035,0.9006962362816697,0.8164111026582044,0.7829632068236254,0.9030086235821648,0.03139863267861631,0.9493053971730236,0.9442013463068035,0.5100523171517668,0.8302218952289888,0.8882932693469465,0.9458598726114653,0.03139863267861631,0.8643090749973119,0.7829632068236254,0.9611058687776594,0.03139863267861631,0.7139479314627482,0.9125111785873636,0.9168460830759904,0.6332637536939161,0.9018497344665103,0.9458598726114653,0.03139863267861631,0.6359525852723973,0.03139863267861642,0.8056825578273628,0.8336025791120698,0.8589669349625975,0.03139863267861631,0.6527839128027031,0.03139863267861631,0.6954540247876129,0.9041731885624822,0.913733309388403,0.8718884926994317,0.9511016704226432,0.7637779275925338,0.09008077800963876,0.9334927596276978,0.9364159486136474,0.9415490144516763,0.7749639526724739,0.9162050927129202,0.9529545363721539,0.4787658847550451,0.8871861256568152,0.8995478568587887,0.8938740030413763,0.9125111785873636,0.9125111785873636,0.9425805352069325,0.881685977830595,0.9442013463068033,0.03139863267861631,0.8995478568587887,0.03139863267861631,0.7248314800141329,0.9540589546097205,0.9529545363721539,0.9252037445446057,0.7637779275925338,0.9493053971730236,0.9112976020672166,0.9349426948340498,0.8894031717904967,0.9379142777971528,0.8567235831170401,0.9511016704226434,0.8675560447816315,0.8675560447816315,0.8391846440543809,0.062008242787560564,0.9719050365344921,0.8517996688283256,0.9610996995613954,0.8279535638583029,0.8279535638583029,0.2692511698375556,0.8664736771305535,0.9030548171550652,0.9529545363721539,0.8436093353026792,0.790750249185658,0.7981856244137907,0.9568599156354449,0.8517996688283258,0.9112976020672157,0.9320645602494202,0.8984043359066816,0.9568599156354449,0.8767155864943414,0.8080982554965415,0.9548710823073732,0.9315076677030101,0.9199893491338635,0.9511016704226432,0.9162050927129206,0.800791910286496,0.9442013463068037,0.9511016704226434,0.9808926695348984,0.8195726318328564,0.9568599156354451,0.7920258334641643,0.6686761625805101,0.8816859778305952,0.868447911134095,0.9568599156354454,0.9475597985845114,0.9278966962971924,0.9442013463068033,0.9765837058865926,0.7958167654209827,0.8950004825334388,0.9511016704226432,0.9278966962971924,0.9137333093884035,0.7160993340227442,0.9065205555971318,0.8805919691825626,0.6746336145137789,0.813050805815297,0.7098574690332745,0.9006096463746007,0.9589316626844853,0.90069623628167,0.9589316626844853,0.9162050927129202,0.9125111785873636,0.9065205555971321,0.9511016704226432,0.03139863267861631,0.9529545363721537,0.8995478568587887,0.9292677720165115,0.9568599156354449,0.971905036534492,0.9458598726114653,0.03139863267861631,0.93494269483405,0.9568599156354454,0.9547434413197933,0.9077040005624186,0.8175818786954796,0.9320645602494202,0.9529545363721539,0.8279535638583029,0.8233788637195052,0.9349426948340502,0.9409942357230066,0.8358428353123903,0.9808926695348984,0.916205092712921,0.8056825578273625,0.9394396415413284,0.9476386094693983,0.9610996995613952,0.7853897569350805,0.9162050927129202,0.7708083464141857,0.9425805352069327,0.0,0.9187169710212713,0.8816859778305952,0.800791910286496,0.8297542008516978,0.8128743662973856,0.03139863267861631,0.879079208115924,0.9149644520716045,0.9174557485535395,0.9149644520716045,0.9589316626844853,0.8402939714046165,0.03139863267861631,0.03139863267861631,0.9278966962971924,0.9006962362816697,0.8545503661181639,0.03139863267861642,0.9611058687776595,0.9475597985845114,0.9644994759182183,0.8938740030413763,0.8104036875498974,0.9475597985845114,0.9212735133449717,0.9364159486136476,0.8268147748355974,0.976122021280873,0.03139863267861631,0.8773193685069602,0.913733309388403,0.7967943813008358,0.9813880287156102,0.9212735133449719,0.8819908918248773,0.9511016704226434,0.7894685038194522,0.03139863267861631,0.8182787338913602,0.9292677720165115,0.8545503661181646,0.8529987839804387,0.9493053971730236,0.8256727870749789,0.9409942357230059,0.03139863267861631,0.8927512325175624,0.7315605337936808,0.03139863267861631,0.9663573664294258,0.7881804803953936,0.8369591621743948,0.8092990476011352,0.7958167654209827,0.03139863267861631,0.7623458066664348,0.8512827582389364,0.971905036534492,0.6761645354519015,0.744017076280163,0.9041731885624824,0.9053437280773233,0.8927512325175624,0.9511016704226434,0.8950004825334388,0.8827817928509321,0.9334927596276978,0.8480036211373803,0.9018303117723403,0.8664736771305535,0.23774878152121726,0.9529545363721537,0.9292677720165115,0.03139863267861631,0.9667798280829097,0.898404335906682,0.8068927917851012,0.9379142777971528,0.9252037445446057,0.09008077800964032,0.7396785942680699,0.9493053971730236,0.09008077800964032,0.9379142777971528,0.9475597985845114,0.9394396415413291,0.8751441387186416,0.9006962362816697,0.9568599156354451,0.8708107869705988,0.9589316626844853,0.9394396415413291,0.9334927596276981,0.7945589785686391,0.9364159486136479,0.9589316626844853,0.7932953720006315,0.913733309388403,0.5153369266827186,0.2692511698375556,0.9364159486136474,0.8995478568587887,0.9511016704226434,0.9162050927129206,0.9329016612088765,0.8729729119280698,0.9320645602494202,0.8961308828316217,0.9928618019927209,0.9225701399051962,0.7014171310265381,0.7652011593459793,0.9018497344665102,0.9985778460732369,0.8080982554965415,0.8871861256568152,0.9199893491338638,0.9320645602494204,0.23774878152121848,0.8116870067162374,0.9928618019927209,0.8767155864943416,0.9320645602494204,0.9125111785873636,0.7459568930314135,0.9511016704226434,0.8402939714046165,0.7332476280865157,0.9149644520716045,0.8961308828316212,0.9568599156354451,0.7213830792377613,0.8882932693469465,0.9548710823073732,0.9557248896714008,0.9425805352069323,0.9425805352069327,0.9529545363721539,0.9568599156354449,0.9225701399051969,0.8481893891495305,0.9100921482984174,0.9458598726114653,0.9458598726114653,0.7313974068186477,0.9041731885624822,0.11595356527577638,0.8993926091805278,0.03139863267861631,0.9548710823073729,0.03139863267861631,0.03139863267861631,0.8128743662973856,0.23774878152121792,0.9162050927129202,0.03139863267861631,0.7525915471020095,0.8324784774213028,0.38117662903257044,0.8480036211373803,0.8773193685069605,0.7995563084478075,0.9386080538027393,0.46103561660773174,0.83472400300589,0.9409942357230059,0.9168460830759904,0.45933786842754687,0.9149644520716045,0.763777927592534,0.6661152121246717,0.9225701399051967,0.9409942357230057,0.9442013463068035,0.8050379729179937,0.9548710823073729,0.8927512325175624,0.9511016704226434,0.8972654241994793,0.9364159486136474,0.980662425002937,0.9334927596276978,0.8436093353026795,0.9212735133449719,0.903008623582165,0.9334927596276978,0.7350447636400568,0.9511016704226434,0.20235352416864938,0.9493053971730236,0.9112976020672166,0.8523731211903476,0.83472400300589,0.48335140169781754,0.8523731211903476,0.5866865150344243,0.7721894714790691,0.8860815694795923,0.9458598726114653,0.7694191025912624,0.9238799558250632,0.9610996995613952,0.7995563084478073,0.8708107869705988,0.7995502483019271,0.7970688433398969,0.9364159486136476,0.9430441133000045,0.8784088021185175,0.03139863267861631,0.9529545363721537,0.9137333093884037,0.9475597985845114,0.8567235831170401,0.9364159486136479,0.9442013463068035,0.9238799558250632,0.8256727870749789,0.9334927596276981,0.8259696831286127,0.9589316626844857,0.7868860602652392,0.9928618019927207,0.8621439532920854,0.09008077800964032,0.9409942357230057,0.7051012987580605,0.9125111785873636,0.9320645602494202,0.8009469027438033,0.8762311904614675,0.7231144968593352,0.8588935204002319,0.9162050927129202,0.717957010428276,0.8567235831170401,0.9225701399051969,0.9589316626844855,0.9349426948340502,0.9493053971730236,0.8336025791120698,0.9371605937136991,0.5457744538628025,0.062008242787560564,0.816979725783827,0.8358428353123903,0.9610996995613952,0.8751441387186418,0.9511016704226434,0.9149644520716045,0.9137333093884032,0.9306566646589698,0.8984043359066818,0.9225701399051967,0.9877220281917205,0.484377369583854,0.9379142777971521,0.9921318846009739,0.9765837058865925,0.9610996995613954,0.03139863267861631,0.9591402541866405,0.8610609420833555,0.800791910286496,0.9174557485535395,0.03139863267861642,0.8794996237395185,0.8469812896824729,0.9030086235821648,0.3678486223164621,0.9006962362816697,0.8882932693469463,0.8773193685069605,0.8063886684717994,0.9252037445446057,0.9030086235821644,0.6785985670091003,0.8871861256568154,0.9548710823073729,0.8995478568587885,0.9265423524364669,0.9511016704226434,0.9125111785873636,0.9610996995613954,0.9252037445446055,0.9442013463068035,0.9610996995613952,0.9394396415413286,0.9265423524364669,0.9475597985845114,0.6679351743368396,0.8805919691825623,0.9568599156354454,0.9475597985845114,0.9364159486136474,0.7735626237779674,0.7958167654209827,0.0,0.9529545363721539,0.05711194655594465,0.0,0.062008242787560564,0.35389716223383694,0.03139863267861631,0.9425805352069325,0.4350210908996335,0.03139863267861631,0.9320645602494202,0.5549592725490636,0.9568599156354449,0.9511016704226434,0.9548710823073732,0.9493053971730236,0.062008242787560564,0.7894685038194518,0.8534622933489195,0.9334927596276978,0.8358428353123903,0.03139863267861631,0.9041731885624826,0.9511016704226434,0.9320645602494202,0.814365886541907,0.9053437280773231,0.9568599156354451,0.9493053971730236,0.9349426948340505,0.9125111785873636,0.6428226383045876,0.9475597985845114,0.42272440505492737,0.9187169710212713,0.9225701399051969,0.6746336145137792,0.937914277797153,0.9568599156354454,0.9278966962971924,0.9511016704226434,0.9041731885624826,0.8660830247325573,0.03139863267861631,0.9475597985845114,0.8784088021185172,0.9589316626844855,0.8613434560644826,0.9425805352069325,0.9379142777971525,0.8187487405659168,0.09008077800964032,0.7764813487173796,0.8050379729179937,0.03139863267861631,0.03139863267861631,0.43076416340614276,0.6894338727722298,0.8995478568587885,0.7995563084478075,0.8402939714046165,0.8092990476011352,0.83472400300589,0.8208615411657367,0.9306566646589698,0.8347439839067272,0.03139863267861631,0.8972654241994793,0.9529545363721537,0.9610996995613954,0.8256727870749789,0.9568599156354449,0.8256727870749789,0.03139863267861631,0.03139863267861631,0.7666156616807631,0.9886251033694342,0.7749279467915409,0.9364159486136474,0.8826297756089203,0.8961308828316217,0.6989699092582711,0.8961308828316215,0.8290892416048379,0.875534398959098,0.03139863267861642,0.9125111785873636,0.8116870067162374,0.9848910203339205,0.9568599156354451,0.5381252733230745,0.726534306879894,0.45334225692590724,0.9149644520716045,0.9493053971730236,0.8850018707449121,0.03139863267861631,0.8493950799487413,0.9149644520716045,0.8961308828316217,0.8686385996787727,0.8610609420833555,0.9394396415413291,0.9018497344665102,0.8490980979184486,0.9548710823073732,0.8643090749973119,0.8578089143655878,0.9425805352069323,0.9589316626844853,0.9644994759182184,0.2345762471786782,0.8068927917851012,0.9529545363721539,0.062008242787560564,0.8718884926994317,0.9742178060512308,0.9125111785873636,0.918716971021271,0.9610996995613952,0.9540589546097205,0.9610996995613954,0.961099699561395,0.8995478568587885,0.3875452758336596,0.8927512325175624,0.9475597985845114,0.9589316626844855,0.9364159486136474,0.9364159486136479,0.8268147748355974,0.9409942357230066,0.9458598726114653,0.9742178060512305,0.5410259398661625,0.9493053971730236,0.760904633802822,0.4057772344611492,0.7313974068186475,0.7640553624047928,0.03139863267861631,0.8882932693469463,0.9886251033694343,0.7779891015560232,0.9589316626844855,0.9306566646589698,0.9320645602494204,0.8512827582389368,0.03139863267861631,0.7592148952360376,0.7995563084478072,0.9320645602494204,0.7995563084478075,0.8210710864618282,0.8068927917851012,0.9529545363721537,0.7332476280865157,0.66100135439659,0.7995563084478075,0.7348453828730819,0.9334927596276981,0.6948435845294496,0.9610996995613952,0.9852901633058906,0.9475597985845114,0.8950004825334388,0.9278966962971924,0.8336025791120698,0.49864835346264214,0.832256750977852,0.9475597985845114,0.0,0.8369591621743946,0.8567235831170401,0.4951911461602493,0.7694191025912624,0.7718994506532364,0.03139863267861631,0.9989227118453173,0.8897634772723566,0.9199893491338635,0.03139863267861631,0.83472400300589,0.9409942357230059,0.9568599156354449,0.23774878152121803,0.062008242787560564,0.923321670670995,0.9292677720165116,0.8938740030413763,0.9742178060512308,0.9053437280773231,0.9334927596276981,0.8068927917851014,0.03139863267861631,0.9252037445446057,0.03139863267861631,0.9568599156354451,0.8565847204007369,0.8805919691825623,0.9610996995613954,0.9238799558250632,0.8234248743448616,0.9018497344665102,0.9199893491338635,0.03139863267861631,0.8268147748355974,0.8433414573926268,0.8458099300236446,0.9225701399051967,0.4227244050549279,0.9529545363721539,0.34646989741729717,0.9212735133449719,0.37240982580062965,0.8894031717904964,0.7881804803953933,0.37240982580062965,0.9199893491338638,0.9529545363721539,0.8816859778305952,0.37240982580062965,0.9610996995613954,0.9292677720165115,0.9493053971730236,0.881685977830595,0.9458598726114653,0.9212735133449719,0.9320645602494202,0.8882932693469465,0.9125111785873639,0.9334927596276978,0.9112976020672159,0.9278966962971924,0.9458598726114653,0.9364159486136476,0.7213830792377611,0.9199893491338638,0.898404335906682,0.8279535638583029,0.44605852297328985,0.9053437280773233,0.9278966962971924,0.9493053971730236,0.9511016704226434,0.8984043359066818,0.8905160099774292,0.9252037445446057,0.9252037445446057,0.8972654241994793,0.9529545363721539,0.9548710823073729,0.5844279205856774,0.9238799558250634,0.8621439532920854,0.9149644520716045,0.9225701399051969,0.6438064656956815,0.9349426948340505,0.9212735133449719,0.9475597985845114,0.831351611615835,0.8740580870168317,0.9100921482984172,0.8972654241994793,0.6513599365493299,0.9548710823073732,0.9162050927129204,0.5773984044890321,0.9292677720165115,0.9425805352069325,0.9238799558250632,0.8961308828316215,0.5912223604371347,0.7520579877837947,0.9379142777971525,0.6633398155904807,0.9458598726114653,0.8794996237395185,0.705101298758061,0.9511016704226434,0.9493053971730236,0.8827817928509323,0.9252037445446051,0.9511016704226434,0.8950004825334388,0.858893520400233,0.6993688578599878,0.9442013463068033,0.9442013463068035,0.8268147748355972,0.9320645602494202,0.8995478568587887,0.9511016704226434,0.8545503661181646,0.9320645602494202,0.9548710823073729,0.8894031717904964,0.9306566646589698,0.9493053971730236,0.9589316626844855,0.8816859778305952,0.9568599156354451,0.7106749817367277,0.9548710823073729
p315_V,0.8759731040185486,0.8439971771277781,0.663599628687058,0.8217672961587983,0.7383065586513005,0.8828532941996556,0.8510839401610482,0.8570058224211573,0.44434600966320126,0.8763243374738703,0.8130313197766215,0.6970590368950034,0.6970590368950035,0.7799565059593385,0.9778436739399159,0.8028151296451354,0.9652664241210924,0.7869927119133109,0.9864559376282896,0.9138808918740071,0.7790241615329512,0.8590817120997247,0.9213564111708459,0.9091481169388318,0.8784502765604176,0.5661686426124279,0.8270835681605351,0.6089464994162543,0.8763243374738707,0.7385468742996522,0.6323751933393211,0.7776383896417522,0.8492865600019228,0.6675406058617137,0.7383065586513005,0.8700853537305535,0.8782416695665329,0.8223064904295261,0.8828532941996561,0.7828637719794269,0.6872022896103362,0.9974455695021623,0.8404607554034051,0.6780067582215193,0.937629852928981,0.539562473231284,0.852744627559685,0.49167100481607606,0.7828637719794271,0.6279087340094365,0.9576073188885357,0.5601971783680391,0.589270022807937,0.9231140326497989,0.9078928138464979,0.8011772965543404,0.8011772965543407,0.8420784215528954,0.5913756426905078,0.8319645762487426,0.47751610711107695,0.6809892756746243,0.9256009930863665,0.790824683744427,0.8640960613563904,0.49827619635830644,0.891418746021108,0.8245212335288477,0.94016846774249,0.8700853537305537,0.7552193948383423,0.7828637719794271,0.9181415671352164,0.40807072945975453,0.8420784215528954,0.6470020366807168,0.8085191611024445,0.8388389232603317,0.41073618803308765,0.8828532941996556,0.9420693371951749,0.8909939462774465,0.7707675179901414,0.9487023732818753,0.8420784215528954,0.7439188334429196,0.884362987598365,0.6332184916086945,0.9292189336878024,0.8369591621743946,0.8420784215528954,0.696552728096524,0.5554005573821013,0.5896057751155803,0.9447949297912039,0.9962155219053621,0.6569391826041668,0.6663974528378018,0.36043415207101137,0.35248727246318656,0.8459614509201203,0.852744627559685,0.8420784215528956,0.872341315935869,0.7170209335512838,0.8700853537305533,0.7114213730823675,0.311337914322497,0.7249216671635331,0.4639990131561712,0.6446275829113295,0.861635014700465,0.36372879973376926,0.7370742776572665,0.852744627559685,0.38701248185005477,0.870369462301785,0.9418147080511319,0.8828532941996559,0.3863424660776852,0.7353693863316791,0.643702033381214,0.8040825160086584,0.9384807015480543,0.8100940921088207,0.5219982276735521,0.8473352221942343,0.9860801702003378,0.9882976624766295,0.8731881766987718,0.3294483637998671,0.8527446275596848,0.858324459587394,0.9590404484306646,0.8547201393526467,0.6292776555701463,0.9285388506168062,0.8583244595873938,0.891418746021108,0.8603130600722224,0.5614867490881754,0.8763243374738701,0.3524141419779636,0.6609619460122547,0.6824869826513944,0.49017783743586396,0.6532670942336751,0.38300686007107976,0.967027716086721,0.4237313609620146,0.8763243374738707,0.531820744502608,0.6654775515271882,0.9175709528412475,0.8914187460211076,0.6032335169102101,0.7576382252333396,0.8101309200969329,0.7482401788933706,0.6596133430076061,0.6343160515986119,0.9485667670310041,0.8432045372944466,0.6683058788642311,0.7314853054661068,0.7599337873149605,0.7979449705642752,0.75628388569973,0.9012880768409384,0.7231445864806912,0.8844834814579883,0.8369591621743948,0.7061970054220827,0.6594759897512197,0.7221998686662612,0.8971450156200362,0.9418147080511319,0.9850637440284618,0.8534291566115897,0.6949997057997157,0.9717973513826359,0.6667224491181187,0.9355297596516796,0.6970590368950033,0.8087110721608717,0.6159721614778493,0.31506206050206564,0.9553545190661685,0.9494863178238062,0.8476177654692205,0.969596036986903,0.6936344781713555,0.6322050239918828,0.46788599857478985,0.8165236067990016,0.8420784215528954,0.8782416695665332,0.9170100277191799,0.9788174351091796,0.7317360531326411,0.5290494357810415,0.8426783496858165,0.8420784215528954,0.6209169197854547,0.37766880690918136,0.8763243374738705,0.8420784215528954,0.8726356183594959,0.5999915290103008,0.5210383652566395,0.6629750007354975,0.7223758568067653,0.836959162174395,0.8420784215528954,0.8921447581689503,0.8420784215528955,0.5660104857031778,0.6483521536437138,0.664231593338589,0.8420784215528954,0.6261220714746926,0.8420784215528954,0.5978984575097461,0.7043613455125195,0.7402112962753111,0.6294124399729841,0.852744627559685,0.3355154321124397,0.8603130600722222,0.8240441573299115,0.8843629875983652,0.7803205152046462,0.5879012849099174,0.8888146611137304,0.858324459587394,0.7562838856997304,0.7502083235351358,0.697492370832713,0.8336443444209558,0.8927022229622338,0.50242129769299,0.9099932817368694,0.6596133430076061,0.7711566502225484,0.8420784215528954,0.7725321955696921,0.8420784215528954,0.6160996808649181,0.73653089803199,0.9576073188885355,0.8060178455373537,0.3226569467589886,0.8782416695665332,0.5718318044472327,0.8040825160086582,0.7001025849721199,0.8646465267440426,0.26520698445031987,0.8846853407167914,0.6460090351701573,0.8904507287248136,0.6183986722019622,0.8369591621743946,0.963945973463813,0.7217360011118494,0.8828532941996561,0.4692135100053634,0.8726356183594962,0.9086081532995891,0.7022196437481639,0.6563749577900153,0.9762041082440366,0.610081696687164,0.7380115366625633,0.46864543001660053,0.8700853537305533,0.26376991830404495,0.7263411233111933,0.8193098328029464,0.972884357961896,0.8700853537305533,0.8730259530475902,0.5170940735567049,0.8640960613563902,0.7352379199715768,0.8217672961587983,0.852744627559685,0.7678206430161245,0.3507163952056187,0.8319645762487426,0.852744627559685,0.8846853407167914,0.3995702892349742,0.8700853537305535,0.5524431880567959,0.5896057751155805,0.6437020333812142,0.9967611639207565,0.9776793852114212,0.8420784215528958,0.805600909427959,0.8319645762487426,0.8583244595873938,0.3181995412487385,0.7846574121154072,0.852744627559685,0.7828637719794276,0.6483914814955536,0.4388240045031524,0.9786650065150035,0.726564329259139,0.9200819006821885,0.7928983760177135,0.7417291604737541,0.6794907442152804,0.876324337473871,0.6224092014547402,0.9514374462741437,0.9089803307966648,0.8341600841718481,0.7556581798770927,0.8278482408692517,0.8420784215528954,0.7114498167743233,0.7858216097656447,0.7869927119133118,0.8700853537305533,0.8951627873918946,0.8369591621743948,0.8420784215528954,0.8536610230431643,0.7354031975062657,0.9223798585420755,0.7970797861351373,0.6095307268245301,0.7954151283114466,0.8769212489428944,0.5230031244525808,0.4814610872892988,0.8536610230431645,0.6380921181225203,0.5465890445838679,0.9805074801881104,0.5868779271299764,0.5716159533246228,0.7076739749141074,0.5276905940900212,0.9223798585420755,0.3520268285851095,0.7678206430161245,0.3657775471889907,0.8270835681605351,0.8369591621743946,0.997005741832885,0.6914359622603903,0.38975360879007137,0.29369463210281177,0.436478605257546,0.8420784215528954,0.3701637144875972,0.9569884843750281,0.7922244268030567,0.9769279965204983,0.8983363361253105,0.6129185851276424,0.8420784215528954,0.8420784215528954,0.9442905786381889,0.9963419042169711,0.7050080166348034,0.8420784215528955,0.9138808918740073,0.8420784215528956,0.7799565059593386,0.6804057859886821,0.39055697714712523,0.8420784215528956,0.7629183202472418,0.9096442630970054,0.47845959047743825,0.4168229120153606,0.8420784215528954,0.6461341247902077,0.7599337873149603,0.3314852798192077,0.3357534370086689,0.8052680428582313,0.624293728903015,0.852744627559685,0.32894624281181783,0.8420784215528954,0.40864121865730585,0.9256009930863665,0.6370825152652289,0.8727408650065176,0.8436003040827784,0.5420038877866054,0.8223064904295261,0.8420784215528954,0.7818562279367945,0.5552867407083915,0.8420784215528954,0.8559341762538554,0.5789561933212248,0.55004545830234,0.4519363336369553,0.3052326398555718,0.8420784215528954,0.8758689963878279,0.6120207273021957,0.8984876543923495,0.7629704999595914,0.6355089415102004,0.7226181355564268,0.5483544757565526,0.6770246072637975,0.852744627559685,0.7675108168327993,0.39304458093931016,0.8727002842503788,0.404707862858667,0.8188025678501731,0.597890795561427,0.9943406015515466,0.8583244595873938,0.7869927119133118,0.8420784215528954,0.8700853537305537,0.7641680586021937,0.6920217689888464,0.7224318175165862,0.840947965447465,0.8886615438957013,0.6583323936073766,0.9981325409442721,0.8319645762487431,0.8904541302277535,0.8720509229668816,0.9494863178238055,0.6240015453849685,0.7187569889165668,0.8788619061474223,0.3449445670634852,0.8232232273250375,0.7867908304361256,0.8727002842503788,0.595090186612073,0.859081712099725,0.9138808918740073,0.6235141051372963,0.7075589546145022,0.927224423962782,0.9086081532995891,0.8843629875983647,0.7504899141924717,0.9556110934976771,0.8081519823819934,0.7562838856997298,0.9239913168718671,0.9148886507689467,0.6219817494957276,0.774047024484008,0.5465463723167961,0.5975934024317846,0.5627657355981983,0.77623027645726,0.9652664241210924,0.7266368663828982,0.7257684169846019,0.8855571724449831,0.9865727642434468,0.8483722207901454,0.4329029191583702,0.8514698349351397,0.6229691357315851,0.8939537132990525,0.8341011293492997,0.6421621553449585,0.852744627559685,0.8359514081071129,0.5661065675586725,0.943313954897621,0.7428745426521661,0.9147265833077114,0.7676099444546678,0.6773383831236355,0.9672708404642685,0.8979912245925072,0.8270835681605351,0.8270835681605353,0.9762041082440363,0.8700853537305535,0.766823059503005,0.4576714951584373,0.7292460846401612,0.836959162174395,0.836959162174395,0.3974965517473793,0.8757324834775564,0.9099932817368697,0.6161032134859616,0.8420784215528954,0.8640960613563904,0.8420784215528954,0.8420784215528954,0.26034337185498146,0.7997160938696783,0.7476549733331901,0.8420784215528954,0.44514468547745323,0.3114486352645681,0.7950730368223758,0.7528735933457744,0.6305521632770454,0.5393746191343975,0.7365633080957206,0.7858216097656456,0.2041547703378963,0.9572068382915142,0.9370181642879603,0.9672708404642685,0.5781377536110939,0.6743811956718198,0.498687123981315,0.7668230595030054,0.9348728834188952,0.9453585115426593,0.7550766014221144,0.8984876543923499,0.7108445550637603,0.852744627559685,0.8298036101328141,0.9133868084125139,0.9790678611982755,0.8727002842503788,0.485114873064901,0.8052680428582311,0.45941456131389913,0.7380507003858838,0.9554370396258116,0.8278482408692519,0.8338004366010847,0.8473352221942345,0.9967324313231187,0.30770342507769466,0.5975934024317846,0.9245130324548223,0.7401687521593932,0.8823567105447583,0.6701106880529102,0.6569391826041673,0.89520688729072,0.42148810414569804,0.7707675179901414,0.9223798585420755,0.4483728279112049,0.38638369842017484,0.9668565212221446,0.4537684435671894,0.8338004366010847,0.9599564061272551,0.7553839446256125,0.8420784215528954,0.8583244595873938,0.687836463574852,0.7383065586513005,0.6549187193727439,0.786980430919313,0.8562021016929862,0.8577812238906726,0.4884172094046213,0.9456844746310797,0.3085028628574319,0.9138808918740069,0.44856240611184495,0.980507852353693,0.5209456084970416,0.8603130600722222,0.984186907863912,0.905105780975645,0.8926432681396852,0.8193098328029464,0.8454255734902179,0.5199592589569997,0.41116152353134616,0.6854917647446572,0.868648991430796,0.5872125885061517,0.5829270996276152,0.8254900406400025,0.8763243374738707,0.8784502765604176,0.8436003040827785,0.5940062042360188,0.7018688044233453,0.7195881527766699,0.8660830247325575,0.4435211571426677,0.5192945049380118,0.8828532941996556,0.8359610015137249,0.8278482408692521,0.8834954184612107,0.8585462425132082,0.861635014700465,0.9394664475594676,0.7882802647586362,0.8488679347497983,0.8381174916672232,0.8388389232603313,0.9300499373603043,0.8583244595873938,0.9223798585420757,0.8420784215528954,0.9901913207886635,0.5961949594549374,0.4938528450152786,0.7514212735973682,0.8420784215528955,0.5757656359949591,0.5602505435503948,0.6585315650828503,0.7799565059593387,0.7009506697374126,0.7295058275059896,0.5903497610648366,0.9832754566310337,0.8188833286340165,0.9975390647707765,0.40330827857024754,0.7257684169846019,0.8640960613563906,0.6974923708327121,0.7787852193714508,0.8846853407167914,0.7560449442954522,0.9223798585420759,0.9512711495147095,0.8319645762487426,0.9223798585420755,0.8176248919537714,0.8235693737372303,0.8420784215528956,0.6731548061823298,0.6562331749210004,0.7712678746665549,0.8881690657212304,0.9133868084125142,0.42098704639963147,0.3052326398555719,0.8369591621743946,0.9245130324548216,0.8547201393526467,0.8369591621743946,0.8369591621743946,0.9296943117398604,0.8420784215528954,0.951823862302573,0.8939892735214665,0.8420784215528954,0.7954151283114461,0.74214414384336,0.8429972289871333,0.852744627559685,0.8607711943559354,0.8126938567104796,0.8660830247325573,0.4435211571426678,0.41485462830793396,0.6893945734654169,0.44351298851945575,0.8420784215528954,0.7114213730823675,0.9485667670310041,0.7954151283114463,0.38983909848947573,0.7149464062216131,0.8700853537305535,0.8782416695665332,0.9232356953015577,0.8926432681396852,0.8288717695259116,0.8420784215528956,0.8926432681396852,0.8791068265027286,0.8741090857811606,0.5772180672966326,0.9162617337114645,0.8700853537305535,0.7828637719794271,0.852744627559685,0.8392189033897364,0.24621869575997968,0.8420784215528954,0.9020234243808676,0.6964773703623415,0.8763243374738705,0.5633017279870816,0.8270835681605351,0.9420693371951749,0.3789345155016628,0.8886615438957013,0.4762994246373502,0.34400656335807056,0.8420784215528954,0.8420784215528954,0.9581051016071291,0.7027639229325583,0.715158218619298,0.6173761544685623,0.36491008208328146,0.6355089415102007,0.5022779161748268,0.32776243230021795,0.7911753068017784,0.45656247213725454,0.8420784215528954,0.90922508792445,0.8583244595873938,0.8828532941996561,0.5286072181911092,0.8700853537305533,0.34607253578722197,0.8420784215528954,0.8420784215528954,0.314263336634386,0.8420784215528956,0.3656548981109602,0.8085191611024445,0.5838492588699598,0.6872022896103365,0.9384056664180461,0.8426358808114718,0.5311036873469344,0.5635845591550401,0.8420784215528955,0.73653089803199,0.3445360163729775,0.8473352221942343,0.9147265833077114,0.9829857205137085,0.7815250207496144,0.7408106511539008,0.7439188334429196,0.7199745145935832,0.647798497669589,0.8420784215528954,0.2750393684135699,0.7638583455883898,0.6392521485180773,0.6794907442152804,0.6692169592475596,0.786790830436126,0.5595652145199732,0.5455649306421164,0.7919880082840163,0.7143264897041078,0.47463314879430984,0.8136410063420153,0.8763243374738707,0.8855571724449831,0.9256009930863662,0.2734274634749051,0.8914187460211078,0.8369591621743946,0.457678983726278,0.974901931616761,0.8536151756127615,0.7905266890589081,0.9195138840882446,0.8145870830858375,0.8404607554034049,0.8404607554034044,0.7858216097656443,0.942555077359967,0.46056672383714403,0.7083340572373145,0.9138808918740073,0.8338004366010845,0.711136604423393,0.4918812881568013,0.8762666295743209,0.7261828994531658,0.8181573913365318,0.6622271052053225,0.8473352221942345,0.5629328432926004,0.9433139548976208,0.4636947331759188,0.4914357796272273,0.8420784215528954,0.6635996286870587,0.8581965643072444,0.5581031902403989,0.8763243374738703,0.8330395844052277,0.6311119638925505,0.7788111548480692,0.8420784215528954,0.386434613757735,0.4353725720221773,0.9387833552604465,0.30360260674215633,0.3947675933551359,0.32575175166414794,0.8583244595873938,0.3895378207966069,0.9435965891867895,0.7066105393020072,0.44994482640045674,0.7997160938696783,0.5672081055655773,0.8828532941996556,0.8240441573299118,0.8720509229668818,0.7352379199715768,0.964760871567683,0.21038290879469235,0.8034874575522322,0.424213524851317,0.8420784215528956,0.8369591621743946,0.0,0.5685287756785891,0.6939345811637794,0.3700579188162749,0.375027729875159,0.8420784215528954,0.3563962817858489,0.5750634554022171,0.7590511108596087,0.8420784215528954,0.43563523696193607,0.9888330225636905,0.8700853537305533,0.8240441573299118,0.8660830247325573,0.5500119300914521,0.7278783039809973,0.7995913314360059,0.9579218368345694,0.9903739465696544,0.8483722207901454,0.4446274758886508,0.8420784215528954,0.8722117559776997,0.8420784215528954,0.9059500308908426,0.7373896768981765,0.36257311377563184,0.8828532941996561,0.9464379378331321,0.7741173612296155,0.5236622680863094,0.7799565059593387,0.8420784215528954,0.8370338278750447,0.4079785231738057,0.7171545427364165,0.8526518805255296,0.7560449442954527,0.8914187460211078,0.7668230595030063,0.9534920719966933,0.8782687335528578,0.38798286006169547,0.4525104022309825,0.8782687335528578,0.8008619010590687,0.8583244595873938,0.6437020333812142,0.8782687335528578,0.8828532941996561,0.9819934861315971,0.8436003040827782,0.7073472718867824,0.836959162174395,0.9534920719966931,0.8432045372944466,0.5620025351905068,0.7560449442954522,0.8110348907665847,0.5332044747312472,0.8078677539469966,0.7844306245694914,0.9854880895929257,0.6966731464565417,0.759051110859609,0.711578541915012,0.6440297569588203,0.9145911675745959,0.7149464062216135,0.851075184325023,0.8473352221942345,0.852744627559685,0.6222875800473475,0.979279901528267,0.8501471191642512,0.8188833286340167,0.5960595255931704,0.8583244595873936,0.8640960613563906,0.8942065784631887,0.5548762612807424,0.8926921706007518,0.7974723872112671,0.7668230595030052,0.9073169930416265,0.9280287835949237,0.6441855631989073,0.8720509229668816,0.5067543399198667,0.7282253051430632,0.7674878367136011,0.422078657631347,0.7968814244777414,0.8984876543923497,0.8484833217478618,0.9337152987398958,0.5661686426124279,0.8823567105447581,0.7925209444652741,0.9980694720126075,0.8703026978016235,0.6773807921941775,0.8130313197766215,0.9894945445121976,0.9243307498488826,0.9047375077239805,0.8437200845781561,0.8846853407167914,0.8782416695665329,0.48903991917730716,0.5412422037759661,0.8846853407167914,0.9581436586454772,0.5984982612325251,0.8826747152887893,0.8603130600722217,0.8886615438957008,0.44780459517351445,0.8909939462774468,0.7151582186192986,0.8846853407167914,0.4225468191456748,0.8193098328029467,0.8984876543923499,0.3879828600616948,0.9555812918987134,0.9091481169388318,0.9138808918740069,0.6402890334311415,0.9059500308908428,0.831381036435568,0.8640960613563906
p316_I,0.7520809255608321,0.9104316773182928,0.6018919242722613,0.8376547953800041,0.8927713255769505,0.7701004093977091,0.964361729457679,0.9460888383573367,0.7372025494796428,0.8913167644457045,0.9443567104765433,0.8567235831170406,0.8567235831170406,0.8596598169726406,0.8493927800476835,0.8776517818114496,0.8901425286243824,0.7251719469263778,0.9235852575057477,0.8319589973352826,0.5451882412615585,0.9287691497070172,0.8431043451889135,0.9309060793063675,0.9634222611466375,0.8128142530789662,0.8610522702041189,0.813223649090371,0.8319589973352827,0.954493563194694,0.8628472125712421,0.8754988991654498,0.6449667917411318,0.9692826611948089,0.8927713255769507,0.7366542680310019,0.9634382098178784,0.9857574885038733,0.8970542565865081,0.9767176354920497,0.3114015152575367,0.8164898181514022,0.8970542565865081,0.7620678882226808,0.9353159208540365,0.33808371615721766,0.9042162740830948,0.7281232494143242,0.7600181124165011,0.7043793415035686,0.87549889916545,0.399767575896129,0.8128142530789662,0.8397330855386309,0.8438471631147553,0.6051507128267676,0.7701400362497401,0.861222266702256,0.8188824314141827,0.9984674516564291,0.7433220505381264,0.83478857521934,0.94402058902911,0.65679917601247,0.6850220107787018,0.8413632304079677,0.8458206993046363,0.7108178308646802,0.640776160435322,0.9235852575057477,0.8673635791541662,0.544620087978043,0.8612222667022573,0.5264825768781054,0.861222266702256,0.5692117214156485,0.6892694848957338,0.7839924217909464,0.5590568671048415,0.9386599233384809,0.8356963633835397,0.7270560845519802,0.9130442355675874,0.7738049785047627,0.861222266702256,0.9521897186266272,0.9553802235749372,0.8764165833137949,0.8332146912012788,0.8567235831170401,0.861222266702256,0.7406376711170974,0.4601446171169352,0.707611103840224,0.8214535974542101,0.7464364778318782,0.7703230067811775,0.4266373530855013,0.5356715451236764,0.5879256491458045,0.6758604228651848,0.7931965366205518,0.9494833800495854,0.8775949467017342,0.9601269759436842,0.8858340936764979,0.9461224519679847,0.44624152220447266,0.8278323671212415,0.5887928569083152,0.6183384901575679,0.9153776817116559,0.582390640678468,0.7387871085886124,0.9378370728938006,0.4756809742987307,0.9381911481119679,0.8858340936764979,0.7701004093977091,0.612202657069123,0.7821945248182065,0.7269175626287812,0.9634222611466374,0.9564659311544542,0.983029863603313,0.8885000106460064,0.9959703403293898,0.7269230769230766,0.9286859463478485,0.7684696092538159,0.652365229588669,0.6923341401884338,0.985160900069593,0.8970542565865081,0.6283302028420117,0.711999578361326,0.6858227288142387,0.7413155487309191,0.9103339493566889,0.8523344596018207,0.4810074763829679,0.8913167644457043,0.8413632304079677,0.5635278488047024,0.8500333822857044,0.7557478947704013,0.8120309192299306,0.5685287756785893,0.8091858387065827,0.38055021397168,0.9110230653978576,0.7433220505381255,0.9941433740477348,0.6850005727306847,0.9154907996871147,0.8331189525330787,0.6856527304897152,0.8078211104753712,0.6242786284594739,0.7436658092046334,0.9659026840982025,0.8940589330526698,0.9031170678741021,0.4596495492500554,0.5998118947370515,0.6470190386435902,0.8027014652014652,0.7476932972637693,0.7892861905639388,0.6788749292271647,0.903669860157914,0.98999750935788,0.947021123596594,0.9284868744042343,0.8229852325116265,0.7190575000427952,0.8121565956895016,0.834730577248763,0.78895103872094,0.8555050535987299,0.978141869152721,0.8659447231225104,0.8644196496342952,0.8567235831170406,0.735519626680821,0.8657499941993055,0.6722264683901986,0.7680410864039098,0.8397330855386309,0.9253902198628792,0.882174077350171,0.9058889543708606,0.5117961894922448,0.49346434395103866,0.8004831188977672,0.861222266702256,0.8658418182833447,0.9418533128468707,0.7281232494143244,0.582427247333859,0.8084386516371938,0.8567235831170406,0.861222266702256,0.47277678363316367,0.6426913302504373,0.8913167644457047,0.861222266702256,0.672089012064673,0.7890100968809906,0.7234753402496816,0.6392369847235961,0.42833301969991777,0.6527839128027053,0.861222266702256,0.6213466067016107,0.8612222667022561,0.6920616797919816,0.5250812304394461,0.5540051660810335,0.861222266702256,0.8487179487179481,0.861222266702256,0.7270557662745663,0.9653395515354386,0.9168976947766094,0.34607564585186856,0.72595493899914,0.388396821780461,0.8523344596018205,0.8752107045314195,0.8317311854817004,0.7422283342251006,0.7720362616482188,0.7123215409601535,0.9154907996871147,0.7432996237289629,0.8048719500632193,0.7823646060405759,0.7969550270956477,0.7890100968809903,0.7684696092538159,0.8480451455932461,0.6934210694770772,0.9120136950985209,0.861222266702256,0.7341634785193591,0.861222266702256,0.9991707499985649,0.9645040515929196,0.87549889916545,0.8020592119962242,0.3748619784301457,0.8658418182833447,0.7652580007148835,0.8590495752805768,0.7167545857231947,0.9198178556572019,0.6208333333333325,0.8705954752723888,0.6737039000433457,0.6422250282608761,0.5744182902583019,0.8567235831170401,0.9167714410425667,0.48385798979541506,0.8970542565865081,0.7853269223480255,0.7711721835626064,0.8906557158215924,0.9301511751982598,0.7838664481283648,0.87549889916545,0.5861277918507168,0.4870703140407482,0.6370944569968306,0.8858340936764979,0.5325898779206626,0.9685536620528574,0.6767529464599451,0.8603006398770008,0.8858340936764979,0.8304184245265608,0.602433666351893,0.9891726316205178,0.37544527064358346,0.7716397306020939,0.9714578717045064,0.7335479274831563,0.5002094885170962,0.938788216159729,0.72595493899914,0.8940589330526697,0.3110855099483145,0.8499077595187521,0.6675156477479889,0.6035458085403462,0.4254491242634445,0.8058941796279264,0.9631612510065023,0.7601890268014285,0.8078843400694918,0.9686278339080789,0.9503258498783539,0.47329851133783274,0.7762748337218983,0.8604381342419637,0.7121518847635095,0.7717038558391369,0.4281118742106892,0.7721774442554523,0.6839986230583679,0.9684165192368299,0.7662930686719275,0.7922869651039697,0.7470097508737332,0.7924269633039948,0.7372025494796421,0.8319589973352827,0.9458117927131809,0.7890100968809903,0.6801028549298997,0.8705954752723888,0.861222266702256,0.8754988991654493,0.938709288897849,0.7494884627155713,0.8858340936764979,0.8805708457535912,0.9286859463478484,0.861222266702256,0.8539255385877567,0.8858340936764977,0.9386599233384811,0.9283646450840665,0.5490363891492367,0.5258435321838406,0.9103339493566893,0.5446963629959021,0.3433505423262835,0.9895154326131527,0.843847163114755,0.34267650452181164,0.8705954752723888,0.7994715690107905,0.35894313801520583,0.8397330855386307,0.7557478947704013,0.7701004093977084,0.41373162164446886,0.7547743140061584,0.40700212004146885,0.9774133038851731,0.8567235831170401,0.932565542470955,0.7101693160529292,0.4728157711299721,0.4760716956915232,0.24818617011973132,0.861222266702256,0.6154753836522477,0.7959502845364532,0.7460016343659635,0.9638569490943998,0.8913167644457047,0.5773540138252462,0.861222266702256,0.861222266702256,0.8091858387065827,0.7559454833564443,0.6321835289712456,0.8612222667022561,0.8319589973352827,0.6339927913026575,0.7056246658241843,0.4922792770869071,0.5612947922689471,0.7601890268014286,0.7179911920448905,0.9115644070854612,0.3281028705243808,0.39969223540653376,0.861222266702256,0.4717801015115781,0.6262591420179733,0.40332463719142897,0.4512675911567803,0.8585242345955859,0.8254467732551015,0.7259549389991399,0.4428495116517732,0.861222266702256,0.31528512542850307,0.9587133478141205,0.8860664943827097,0.63390437396994,0.8658418182833447,0.33323259173746433,0.8721605895829596,0.861222266702256,0.7161768939012261,0.5209490418694521,0.861222266702256,0.8362355728398216,0.65692960943104,0.3947918999915525,0.26248740205355126,0.45964954925005563,0.861222266702256,0.980206701007593,0.7257297015585249,0.9746267730905066,0.9780064850921819,0.7179547004856797,0.746403954952755,0.7495016703737527,0.7320404437873833,0.9714578717045066,0.8304203589751653,0.6897937717575544,0.9711429589523989,0.5977568285657073,0.8209253213203149,0.45991468009230574,0.823995259026026,0.9451689995479284,0.7981214942939561,0.861222266702256,0.9254100871772523,0.6414977713683121,0.8331895954263933,0.8900265369300417,0.8252844515670321,0.852334459601821,0.8694502104076678,0.9309060793063673,0.852334459601821,0.919817855657202,0.9874185022010289,0.8826722065246178,0.5183563807653536,0.7567382358467006,0.8858340936764977,0.5802840193359571,0.891316764445705,0.8397330855386309,0.9199275134470047,0.60634257557082,0.9819912974428573,0.7528949292727068,0.6884447134614446,0.8339835457159881,0.8604683067040062,0.8164898181514022,0.6892694848957334,0.6336040166744015,0.8940589330526697,0.7123215409601537,0.9113027155161052,0.9661210786438676,0.8453672416657234,0.87055139348078,0.8356963633835399,0.7950896414683783,0.8784099725136356,0.6899070820571374,0.8818303725563039,0.8901425286243824,0.9470661208813385,0.7297265601356036,0.7882598375451737,0.8202156726197058,0.8239952590260258,0.2529953828355288,0.8356963633835399,0.5946336979034754,0.8202156726197058,0.8823421010842231,0.9930225316022674,0.7595757378098462,0.8570294575069227,0.5257112382546719,0.952189718626627,0.7796572722294821,0.8858340936764979,0.8953317192546218,0.7564089965703811,0.880570845753591,0.9791773846534598,0.9934964376945634,0.6574204612622756,0.9103339493566893,0.8858340936764979,0.8661225030173032,0.2743095925792447,0.39261337476523495,0.9899975093578801,0.6527839128027052,0.5311847813627815,0.8809236519249315,0.8480451455932467,0.5635278488047024,0.861222266702256,0.8805708457535912,0.861222266702256,0.861222266702256,0.5047907790933428,0.823995259026026,0.5637368352991365,0.861222266702256,0.4793139240988822,0.5566710928918845,0.7684696092538162,0.9145417437978427,0.4553785268024162,0.6273054369319464,0.7942241036003049,0.7341634785193589,0.5626136511254396,0.8438471631147553,0.9733905433211745,0.8805708457535912,0.7749619514667092,0.5694202402452542,0.6064347360077655,0.8209507889487276,0.8722463878449838,0.8821740773501712,0.8840096299858373,0.7212226060676767,0.8744359695451617,0.9378370728938006,0.7224798980590672,0.8317311854817002,0.8906557158215926,0.6638502859200353,0.6007433579338719,0.9476788816186437,0.7433220505381262,0.8239952590260256,0.8030296199067852,0.8705954752723888,0.8317311854817004,0.9309060793063673,0.846576265250073,0.6242786284594737,0.24776995815772063,0.87549889916545,0.41838657063668894,0.848045145593247,0.7355304450745932,0.513314606661402,0.9899975093578801,0.40332463719142897,0.5603095952804967,0.8533117429016541,0.2988877321052561,0.6093632426954123,0.7341634785193591,0.36226604002738283,0.7691027064994954,0.7464039549527552,0.8265850234878402,0.861222266702256,0.9451689995479284,0.8132236490903704,0.8612222667022578,0.3031135531135528,0.8317311854817002,0.852334459601821,0.9359418950959315,0.41784060865711137,0.9520338727895103,0.46626172780109143,0.7528949292727078,0.46355581200962015,0.8628614501567908,0.6351777993388588,0.852334459601821,0.843761364852731,0.6672159335245493,0.9439635639657455,0.7270560845519801,0.5974092711839059,0.6724582595587743,0.3908971320697451,0.6418374168882026,0.988264565759186,0.5950658606136732,0.45467032967032917,0.7950896414683792,0.8319589973352828,0.7024905464814855,0.8658418182833449,0.6966948906190784,0.8085437732024463,0.7247689757027311,0.8567235831170401,0.45546439474956113,0.4432323304179534,0.8533117429016541,0.7020639714758792,0.8705954752723888,0.7842830540686813,0.9376575914022262,0.6643488981572668,0.823396818487764,0.7983649319144398,0.8539255385877567,0.8988520147584989,0.593836814378189,0.8567235831170406,0.9103339493566891,0.8533117429016543,0.861222266702256,0.8206979555337921,0.30697934418934447,0.4728157711299721,0.7889510387209399,0.8612222667022561,0.7308189729765291,0.33513398560404606,0.7433220505381257,0.8156497737873675,0.5693088970786788,0.775324107828306,0.7409443124486441,0.88937976485206,0.5940845591627628,0.8946578498508115,0.6213419513566529,0.7297265601356033,0.9167714410425667,0.9311251954067487,0.7465701329036012,0.9949213294847875,0.57423478667661,0.8970542565865078,0.8252844515670321,0.9716929305952209,0.9781287431575729,0.6050774985878657,0.9941609302888721,0.7286399679267359,0.6827583789720681,0.41646186245608396,0.8858340936764977,0.8612222667022573,0.8317311854817002,0.38079639911136276,0.47329851133783274,0.8567235831170401,0.8806557494958754,0.8480451455932465,0.8567235831170401,0.8567235831170401,0.7782451824877873,0.861222266702256,0.8480451455932463,0.8040552536551167,0.861222266702256,0.9962766559418281,0.7814378367801786,0.8858340936764977,0.9714578717045066,0.9167714410425667,0.8658418182833447,0.8567235831170401,0.45546439474956135,0.6272086098993919,0.8239952590260258,0.5655745286057925,0.861222266702256,0.6194317593212704,0.8940589330526696,0.651601377413928,0.5311141236723724,0.8240010566923377,0.9990875851642478,0.8088368766015421,0.8278323671212418,0.9122530226440353,0.9061118815207867,0.8612222667022571,0.9122530226440353,0.9325655424709547,0.9338800741201664,0.6025493303140885,0.919817855657202,0.9990875851642478,0.5685532018045387,0.9378370728938006,0.9001407514923851,0.5829270996276148,0.861222266702256,0.854836203425507,0.5305045997759542,0.8913167644457047,0.33024267510215355,0.9483230454649096,0.9986868840230454,0.5342943957005832,0.852334459601821,0.44268422986617073,0.4250823120716485,0.861222266702256,0.861222266702256,0.7652580007148837,0.939590046328268,0.9497202690775204,0.58625322382861,0.5773540138252464,0.2762894413999796,0.5057590549396871,0.48023339008025356,0.5901830004870756,0.5164994183643303,0.861222266702256,0.7281232494143246,0.9451689995479284,0.8970542565865081,0.2486245748178172,0.8858340936764979,0.5386605160005753,0.861222266702256,0.861222266702256,0.3959051178810471,0.9810324389242782,0.5262363913489598,0.9553802235749372,0.41838657063668827,0.3477591637580558,0.8252844515670326,0.7978360964797415,0.5902493848986932,0.4234665940107275,0.8612222667022561,0.6153157619309578,0.5016485510539097,0.8658418182833447,0.8858340936764979,0.8245200457260631,0.838418506197536,0.8742056923249759,0.6373647225804776,0.8658418182833449,0.5418554083501117,0.861222266702256,0.5264825768781054,0.7842830540686813,0.7432996237289626,0.6679801430398389,0.675921583149261,0.8397330855386309,0.740255166730041,0.6285958812171586,0.880570845753591,0.8926105076526248,0.6389135465116929,0.8480451455932461,0.7528949292727076,0.8542749023230833,0.8128142530789666,0.5715759708968629,0.8754988991654498,0.8567235831170401,0.6609657455038132,0.852741510212039,0.9439635639657454,0.8500945798064172,0.8970542565865081,0.9439635639657455,0.8970542565865081,0.8970542565865081,0.8753399743944333,0.8459790242617611,0.7161768939012267,0.8612222667022575,0.7528949292727075,0.9021580758390968,0.8317311854817002,0.5965288041587445,0.7017652412015897,0.8567235831170406,0.8291716068659003,0.7278263287213991,0.8658418182833449,0.4549094134987207,0.795950284536453,0.8099056387833823,0.7563642086403876,0.861222266702256,0.7059512344058886,0.9874185022010289,0.5477287026053657,0.8913167644457045,0.8164898181514022,0.8202156726197054,0.7821785655445914,0.861222266702256,0.46626172780109165,0.28520366107081063,0.8202156726197056,0.46954587479465326,0.5264825768781054,0.48896114209806385,0.9103339493566891,0.5280654459002772,0.6643719413126048,0.6820417210697283,0.5576251804299894,0.9455352361997018,0.7790671586068485,0.9386599233384809,0.7918888996835198,0.8548362034255073,0.9387114094816997,0.8796836815489781,0.5596459152691804,0.752758552190131,0.29472736409738354,0.8612222667022569,0.8567235831170401,0.5685287756785891,0.0,0.7161768939012265,0.38979078225484054,0.3507780937868463,0.861222266702256,0.4221373957471033,0.24406854401159883,0.9422949886936298,0.861222266702256,0.5626136511254396,0.8438471631147553,0.8858340936764979,0.8239952590260258,0.8567235831170401,0.5473392798803809,0.8128142530789667,0.8625250170122272,0.9351293596727116,0.7852285773347096,0.9455352361997017,0.2718164259199517,0.861222266702256,0.8252844515670323,0.861222266702256,0.8858340936764979,0.6201740486643761,0.6839986230583683,0.8970542565865081,0.7985559379258658,0.5576251804299892,0.7402551667300417,0.7936447521947309,0.861222266702256,0.5840657142205605,0.5388308218517004,0.9231052010493286,0.7080215037772888,0.7796396629483529,0.8458206993046363,0.8209507889487285,0.7916582493282927,0.7717038558391369,0.7073165869972913,0.35077809378684655,0.7717038558391369,0.6176045794536382,0.9800040497391678,0.4254491242634445,0.7717038558391369,0.8970542565865081,0.7494884627155713,0.8658418182833449,0.7436658092046333,0.8980301648428326,0.8139469110840569,0.7522076535979976,0.7737522149259852,0.6769372248124819,0.8496029817787225,0.7652580007148839,0.8331189525330778,0.8567235831170406,0.8583422593496206,0.6783081264268684,0.9696849249358238,0.40162293233827795,0.686243750850092,0.7788294363579733,0.3781175440796154,0.9754161368549595,0.8983739487948561,0.9378370728938006,0.8603006398770001,0.8681849484390638,0.8020592119962247,0.9656883922956945,0.838002619919646,0.8754988991654498,0.9167714410425667,0.8457195390164576,0.8214535974542101,0.8093377458849899,0.8589152837456833,0.9564659311544543,0.7603239711111907,0.9373290896801223,0.7916582493282922,0.9874185022010289,0.8669757326584293,0.6220730041423942,0.882827707795836,0.7464364778318777,0.8540705119239986,0.938426177801531,0.6910951544371506,0.8691667440905255,0.8128142530789662,0.7156009781028018,0.9359418950959315,0.9432666904818183,0.8226341514371434,0.7611528548178386,0.9171916237032924,0.8058941796279264,0.9486909276320883,0.9874846091210957,0.8341965186736768,0.6923341401884342,0.930906079306367,0.6897937717575551,0.8020592119962247,0.9042162740830948,0.8266579810874761,0.6723605412471121,0.8169935667934971,0.7000712741729294,0.9716929305952211,0.5699380335029618,0.953420205966137,0.5592237219913146,0.8940589330526698,0.6301368192894987,0.9534202059661369,0.8805708457535912,0.7247689757027311,0.9648216134917829,0.7763047460900308,0.8913167644457045,0.8711245195507697,0.8858340936764979,0.8234744476277787,0.8805708457535912
p316_L,0.9795021319667148,0.8265503046480778,0.7731765113374116,0.8931902497972588,0.8961186971729784,0.971803912061864,0.8250151346319441,0.8420009314847636,0.8032844254553131,0.9186457666042602,0.6763357061241002,0.8927512325175626,0.8927512325175626,0.6933123546810169,0.8403533788118116,0.8606473614675044,0.9770858602922438,0.8830921577214083,0.8194392956731847,0.9884981945888781,0.909202427162733,0.7509192328478389,0.9885516075855596,0.8995766368965674,0.7611366179992952,0.8598831469664703,0.8404267568099513,0.8534914491504231,0.9884981945888783,0.7601955700775237,0.8731412310681066,0.9477170828887946,0.8831126597162944,0.8340066608386396,0.8961186971729784,0.9588782372193381,0.6801458170579184,0.6832957668002688,0.9229405345355657,0.5525645315904306,0.8369405911446481,0.8626344708228051,0.9229405345355655,0.8455347728285878,0.9087563085510972,0.9790526010210379,0.623037530931067,0.7964881657302825,0.8336446986877302,0.7787147951083382,0.9477170828887949,0.8257026185287634,0.8598831469664703,0.5983373891850428,0.8831126597162939,0.9375285758840217,0.8821656806165818,0.5110414539348817,0.8667213234142208,0.725040830097636,0.8078651440439559,0.7374727841958166,0.8598831469664707,0.8155906448111347,0.910601968746465,0.6737356265011023,0.9477170828887946,0.9968783289006001,0.99385228409693,0.86377578909468,0.6760372306138107,0.9133831509246992,0.9331711877287372,0.6619967100807198,0.5110414539348817,0.9553041796478169,0.9052964331108346,0.9634696940503374,0.8514108997435217,0.6861524452540477,0.8770114237684188,0.954040497905644,0.42470752843943316,0.8884414464455952,0.5110414539348817,0.5522123059156729,0.936549554387319,0.6647001687236875,0.9899660880631354,0.5311945356497896,0.5110414539348817,0.691702203418457,0.9975483450401365,0.7206961975084263,0.6398430269131479,0.8163715058600838,0.6823525620411804,0.9913468891538277,0.6316574895791465,0.6455867088531617,0.9928914711514618,0.9784081623729503,0.7704088878251921,0.9554351921941396,0.6938350976376451,0.5977568285657053,0.4901784090546061,0.6174544844858361,0.8711248729670615,0.6666245074343595,0.7647428671038178,0.8179862879676386,0.7823267604870918,0.8865195391422274,0.6625231566468321,0.7636156520310038,0.9778386249550355,0.9145417437978427,0.9718039120618638,0.7273400468652205,0.8691723087480228,0.8016379072829549,0.6385571149880809,0.9527184626217202,0.8830921577214086,0.5157544446631097,0.6801458170579184,0.9456337324240507,0.9647580114966434,0.8508127890003339,0.7397799200191368,0.9031349604797552,0.8068127672699421,0.9229405345355655,0.8862550362254635,0.941645608792272,0.771741425578949,0.9477170828887946,0.643166000709102,0.5498165612534265,0.9981081172714443,0.6170740393614333,0.6737356265011021,0.8556939047876463,0.7526652483135742,0.8171664408507362,0.8424038270975189,0.6770246072637978,0.8571671175052398,0.681108040815073,0.9884981945888781,0.8078651440439562,0.7341817694341655,0.8147640879371334,0.988628774529005,0.8571671175052402,0.8891512573341611,0.8892044471664715,0.8181132847352675,0.6246095447293077,0.799433476340752,0.9784081623729504,0.8391863635455725,0.8520019544124247,0.8945034259218907,0.9026959297776312,0.769575216060393,0.8001103211856256,0.9298859761394196,0.7176964813354536,0.8742174652217715,0.6752080936079524,0.8821656806165816,0.6973063584368866,0.9507745686910865,0.9647280734764592,0.9588782372193381,0.9331498251335966,0.9878086967234538,0.6190697129075269,0.8195245791828911,0.8721744839320966,0.9652100235177417,0.8927512325175624,0.9698731426644571,0.6026203429806092,0.7097164490351853,0.7987442903971527,0.5983373891850428,0.8941860053665245,0.8894657784451026,0.8252968849462843,0.7263265833710788,0.601926565666514,0.8078651440439557,0.5110414539348817,0.8995766368965674,0.7951305376353203,0.8593870979055984,0.8690009848382984,0.7787147951083382,0.8927512325175624,0.5110414539348817,0.9035598253196785,0.5859940013661049,0.965073786007691,0.5110414539348817,0.9252175722771216,0.874936368307071,0.84691083991672,0.9235194757232335,0.9165289514623336,0.9287546220071028,0.5110414539348817,0.9968783289006002,0.5110414539348818,0.8412054955072277,0.9265245638363125,0.8523109640459492,0.5110414539348817,0.6964415623479376,0.5110414539348817,0.6602825110914815,0.8327414253592278,0.6345020465984912,0.9904533337375461,0.9821062119112849,0.5797440020405438,0.549816561253426,0.5603272151311298,0.8740433118343502,0.9459831984838567,0.8941992598229223,0.9087940409598871,0.8886361505503628,0.8214602675191391,0.7765216012257237,0.9975588041088508,0.9155518683690601,0.8838278386255645,0.8266892096935978,0.8862550362254638,0.6836189989138566,0.8894657784451028,0.5110414539348817,0.8010095457376827,0.5110414539348817,0.7289136168038179,0.7390863627851457,0.9068053912485843,0.8518325205937483,0.5320563999409278,0.8995766368965674,0.824285177928076,0.7611366179992951,0.7271635607825806,0.9953734704865864,0.7161768939012263,0.9031349604797554,0.7632687547967618,0.7746054952488155,0.6814331707488828,0.5311945356497896,0.9531174117707755,0.9703367103220345,0.9229405345355657,0.7589283726864902,0.825423963220467,0.6147449526524661,0.7539001466024688,0.7129000186067029,0.9068053912485843,0.6901982532442532,0.8092584213227785,0.7367337011982931,0.5977568285657053,0.6666245074343595,0.8959127716544386,0.8949624583202778,0.7028302973691196,0.5977568285657053,0.7313463225978567,0.6522326803091774,0.9956328547950859,0.8555921289178445,0.8483738780016634,0.6625231566468319,0.9087940409598871,0.6053791683757945,0.7250408300976361,0.9821062119112849,0.9784081623729504,0.7402255937444746,0.9081122825161755,0.779945564343812,0.9825929641506668,0.9393266337135698,0.9362969005638679,0.9588782372193381,0.9556713406039865,0.9741847822363809,0.6899959763287947,0.8477244589101532,0.6115535590124532,0.7920014344679196,0.9784081623729504,0.9460767655266511,0.8291101870432283,0.5834946521550767,0.8148220981232182,0.7634589213141181,0.6074036950286944,0.8825399797123334,0.9474087864458605,0.7590160164487558,0.9186457666042602,0.8693218039282256,0.9186457666042602,0.8668438186763665,0.8508127890003339,0.8405720987215265,0.9031349604797552,0.5110414539348817,0.906805391248585,0.9369247764340931,0.8830921577214085,0.5977568285657053,0.9531174117707755,0.891228430545195,0.5110414539348817,0.7304917422464915,0.9145417437978427,0.7838792003066442,0.8582164276942112,0.900512056666877,0.8654234385275947,0.9068053912485843,0.6591849868855255,0.7558137935417213,0.9756507482689203,0.8831126597162944,0.8527994647534334,0.9426205861955201,0.8838649142528054,0.7872817316889993,0.8800330897565911,0.8403533788118112,0.9229405345355657,0.5524123161245715,0.8419146919692837,0.5777750275329079,0.669602877457087,0.4951911461602493,0.8645078348460995,0.9393266337135702,0.6053791683757945,0.6239181812193906,0.7360459203540882,0.5110414539348817,0.7358866281694834,0.8315490164612092,0.8860875100097714,0.8233573240698451,0.9186457666042602,0.70066358584184,0.5110414539348817,0.5110414539348817,0.8571671175052396,0.8252968849462843,0.8107456462059799,0.5110414539348818,0.9884981945888781,0.8961186971729784,0.8931902497972588,0.9366003108162295,0.5859940013661049,0.9927238311597453,0.8680092996687067,0.6884129902948701,0.7291624716053557,0.6676022419185215,0.5110414539348817,0.8962958230298379,0.9514584539920203,0.575020686340292,0.7076953204212251,0.5538888312948925,0.8449603813190687,0.9821062119112849,0.5829480909869664,0.5110414539348817,0.7431990593910216,0.9973253556379068,0.9240418596965576,0.9343252267735673,0.8995766368965676,0.8484977302353598,0.783355360681063,0.5110414539348817,0.8084501705191358,0.9216081412988251,0.5110414539348817,0.8964003490509322,0.9316094661854151,0.9814041374634643,0.745591383650279,0.5955236659857883,0.5110414539348817,0.9143642386314561,0.7404251116329643,0.9193362591562932,0.5936730776387577,0.6807526910521977,0.8327414253592278,0.8124908642099107,0.752557787040545,0.6625231566468317,0.8131983326178944,0.7677968477425345,0.7407756860444534,0.7162599611347402,0.9970711697105312,0.8226968739816197,0.6204767054355724,0.6431660007091017,0.8545338582422841,0.5110414539348817,0.9967852693591664,0.99378032127122,0.7953460552737606,0.9089152002046677,0.766294231592809,0.5498165612534267,0.9161628357787692,0.9475951645414273,0.5498165612534267,0.9315659176140885,0.7704088878251921,0.9126349348227396,0.8849198755064782,0.9325660606530386,0.9145417437978427,0.7028998376527333,0.9186457666042602,0.9778386249550355,0.9885516075855594,0.8973627812695406,0.8134254754008069,0.91864576660426,0.942650837951623,0.8778727112576175,0.5898593185197649,0.672813905599658,0.8740433118343507,0.9150859699484076,0.9031349604797554,0.8340066608386392,0.8582905374781613,0.9940059951169431,0.661952244789474,0.8582905374781611,0.9408189766409163,0.8466154872169023,0.5867539910952414,0.5507704543179024,0.6396330233815597,0.9204198120960365,0.6846127036052854,0.8793314502513285,0.8673466625771513,0.8654234385275947,0.6505514505877937,0.7392463865579488,0.9408189766409161,0.9736470507180459,0.8654234385275945,0.8355806800120912,0.5286646787603786,0.9821062119112849,0.870992540777977,0.7263265833710779,0.7987077769649199,0.7942406984776214,0.9145417437978427,0.6742126269226332,0.8805576800070316,0.749274487059052,0.9997790217935905,0.7037676533276588,0.920419812096037,0.9068053912485843,0.9145417437978427,0.702446867312623,0.8149308998057938,0.8455347728285878,0.675208093607953,0.9287546220071028,0.9168791089746622,0.9004494419178446,0.5671085498453687,0.763268754796762,0.5110414539348817,0.6217281579861217,0.5110414539348817,0.5110414539348817,0.6293138833059841,0.6505514505877936,0.9835814210811358,0.5110414539348817,0.8681332987793672,0.6681486045570115,0.7390863627851452,0.9713166140714659,0.9540838408364434,0.8345790706274128,0.9573716418921081,0.8277307440056654,0.6725968735750867,0.8831126597162937,0.7875753457860806,0.7492744870590528,0.8315490164612089,0.8480047727640638,0.9968783289006001,0.7289726111638274,0.8831126597162942,0.9245106322139445,0.8199865701642906,0.910601968746465,0.5853227232537558,0.6625231566468317,0.9669260780193851,0.9052964331108346,0.8470207644412343,0.9284021172811181,0.7073633650916176,0.501535419899257,0.8078651440439562,0.8682526269766766,0.9365290273164812,0.9031349604797552,0.6259067477419009,0.7183528666984202,0.6504458014119281,0.7251265543168817,0.7735944829382242,0.765901075629732,0.7426942528148761,0.8404267568099515,0.930261847724551,0.8634571970037301,0.8192216515661145,0.5432312732733173,0.9298859761394196,0.9793327104118377,0.7381523122669909,0.7028998376527333,0.9757199976231654,0.7602758163549759,0.9384379605067441,0.8327414253592278,0.836576226923921,0.5110414539348817,0.6431660007091017,0.9266352354720069,0.933171187728737,0.7873746567801152,0.9052964331108346,0.8894657784451028,0.5860591522947194,0.8319365508126068,0.8911494118055572,0.6165299238658497,0.9186457666042604,0.7839512262429964,0.9089152002046677,0.7450361257027782,0.5498165612534267,0.8831126597162939,0.9551201270583277,0.7390863627851452,0.9868814625089897,0.9171378151257339,0.7548204462003703,0.49990955015168936,0.7204754264382176,0.8668438186763668,0.9196457578460988,0.8032382066662721,0.8466154872169023,0.9186457666042602,0.8711248729670613,0.8995766368965676,0.7081787062311007,0.8446871587090532,0.8911378892092096,0.5311945356497896,0.7621327401613927,0.6503477590749828,0.971803912061864,0.8098901699027903,0.9784081623729503,0.8973059653846186,0.8295521434560473,0.891668947296401,0.84208563059139,0.8085498427174406,0.901769748719865,0.826454398832531,0.8770114237684188,0.9647580114966434,0.6022543090688917,0.9229405345355657,0.5110414539348817,0.9087940409598871,0.9233651230404958,0.7823267604870914,0.7347629580896422,0.5110414539348818,0.7612950419868558,0.8836680307606387,0.8078651440439559,0.7191559419011248,0.8885411416710975,0.7324393573779344,0.7569760701305275,0.9918741849359649,0.9063858417099544,0.9197522610767686,0.970696709510074,0.8185996358061023,0.6217281579861216,0.47830984023469914,0.8821656806165816,0.9784081623729504,0.8749363683070701,0.686152445254047,0.8518325205937485,0.6549511225599527,0.7838792003066442,0.9126349348227394,0.7856569477787791,0.970223678284496,0.9509559669366097,0.9430811947090195,0.9145417437978425,0.8961186971729784,0.936549554387319,0.7966634037259313,0.5955236659857885,0.4951911461602493,0.988628774529005,0.5329437739747951,0.4951911461602493,0.5311945356497896,0.7172690584338692,0.5110414539348817,0.8862550362254638,0.7835798141419448,0.5110414539348817,0.5733351854114244,0.7578678213608767,0.9145417437978427,0.6625231566468317,0.910601968746465,0.8995766368965676,0.5311945356497896,0.794080016690741,0.7097164490351848,0.8682526269766768,0.674813221996851,0.5110414539348817,0.8512878307005611,0.9426205861955201,0.8949624583202778,0.6256986327034519,0.663845507481229,0.7307663088301942,0.8995766368965676,0.8711248729670613,0.8838278386255647,0.5772673634824738,0.696303906713674,0.7632099420918818,0.8291888754605072,0.9527184626217202,0.7249745414315009,0.8358545883053425,0.9588782372193381,0.8571671175052396,0.6625231566468321,0.6707331198775837,0.7446645028637238,0.5110414539348817,0.933171187728737,0.8923766132927748,0.9186457666042602,0.9463792145599444,0.7379324291982323,0.9315659176140884,0.70652054077801,0.5498165612534267,0.8914567365613975,0.6072390560246772,0.5110414539348817,0.5110414539348817,0.7459492597137459,0.6166412183168171,0.6966979050915536,0.9631480817746423,0.7347293768290675,0.9788441728078769,0.7214174702460903,0.6385455427389397,0.9497379002435935,0.6983198594689601,0.5110414539348817,0.7964881657302825,0.6431660007091017,0.9229405345355657,0.8816200890808656,0.5977568285657053,0.6712280665048045,0.5110414539348817,0.5110414539348817,0.5694660555296522,0.696303906713674,0.5859496816184999,0.6884129902948697,0.8356809832332621,0.8582905374781613,0.9026775343833238,0.7574104285185996,0.6614347052450518,0.8567162948997921,0.5110414539348818,0.9079514179323016,0.6269617859286949,0.6037317177769159,0.9145417437978427,0.8366331913865375,0.9942597782154815,0.5335992962391596,0.8973059653846186,0.8995766368965674,0.9521923097246265,0.5110414539348817,0.6619967100807198,0.9547967519858329,0.7942406984776225,0.8889578106978209,0.9141471200467897,0.8800330897565918,0.8055694451733069,0.6374357655516567,0.910601968746465,0.7494651983848173,0.7183268784751722,0.8862550362254635,0.965073786007691,0.8931902497972588,0.6546257618884139,0.6174646962982928,0.9068053912485843,0.5311945356497896,0.9531190496040216,0.8821656806165816,0.8355806800120917,0.8900331089872155,0.9229405345355657,0.9079514179323016,0.9229405345355657,0.9229405345355655,0.6748590986058673,0.7599837167429988,0.7875457875457876,0.8961186971729784,0.9186457666042602,0.7821723541243231,0.8740433118343502,0.729162471605356,0.916465857676559,0.8927512325175626,0.9375285758840217,0.8868224591469196,0.8995766368965674,0.9238628620140801,0.7740582298599953,0.9005120566668772,0.8493105614678687,0.5110414539348817,0.7120707803981958,0.9331711877287372,0.8249824658722422,0.9186457666042602,0.9921931468092146,0.8654234385275958,0.8217472892563101,0.5110414539348817,0.8573811481550406,0.7381523122669907,0.8654234385275954,0.6029315056034572,0.6455511582707416,0.6174646962982926,0.6431660007091011,0.9304831010980479,0.7202179673752924,0.651144884783668,0.5548920036009815,0.6505514505877914,0.3715717251029781,0.6861524452540473,0.8911494118055573,0.9186188500482269,0.9748326858823562,0.8852751342149692,0.6703753913540655,0.8495695504913509,0.741935974120582,0.8961186971729787,0.4951911461602493,0.6939345811637794,0.7161768939012265,0.0,0.5432312732733175,0.5256069882931931,0.5110414539348817,0.6948532601302593,0.9893323632329192,0.5124072441402634,0.5110414539348817,0.689429808468943,0.750002162720799,0.5977568285657053,0.6505514505877936,0.5311945356497896,0.8018988325380273,0.8884414464455954,0.7471643287917038,0.9652100235177417,0.8580268318889415,0.8009251763488948,0.7518650309705024,0.5110414539348817,0.8518325205937485,0.5110414539348817,0.9145417437978427,0.8587219817431454,0.7634589213141176,0.9229405345355657,0.8492101642117766,0.9556393292675985,0.8277613464311124,0.8225302907815557,0.5110414539348817,0.6735212247946856,0.6992667062158153,0.6841292993096576,0.8466154872169025,0.7390863627851454,0.9477170828887946,0.7289726111638276,0.8440469376552966,0.7320270950272713,0.7809134539375333,0.8129629829809883,0.7320270950272713,0.9707210114575817,0.6840776923493117,0.9589964517750863,0.7320270950272713,0.9229405345355657,0.8598831469664705,0.937783686537069,0.7819680892214386,0.8192216515661144,0.8440469376552966,0.9573424427163064,0.9416634109462474,0.8597042593188278,0.8682526269766766,0.8242851779280753,0.8852751342149694,0.9287546220071028,0.8740433118343502,0.9865800587782692,0.538250831360372,0.885426970785627,0.6758088845190195,0.7825384329887882,0.8580268318889419,0.7493206485585404,0.8995766368965674,0.6625231566468321,0.8854269707856273,0.9894051861536215,0.8481242132671175,0.7662942315928087,0.861011553798555,0.6431660007091013,0.6217281579861217,0.8292829883196208,0.8492101642117778,0.9650156934344158,0.8808481106710588,0.8350755865686449,0.9018891863395118,0.8530712452577058,0.9487537604465681,0.6963039067136745,0.7160895231068087,0.8887930641802502,0.5871643651049784,0.8179959617530399,0.8601253114088228,0.9531174117707755,0.834006660838639,0.82117048376225,0.8598831469664703,0.8862550362254635,0.7205188388407914,0.9709098918537328,0.8372088747894693,0.6362489193605738,0.516816823942856,0.9277757768681403,0.7112114830974934,0.9169824136171032,0.6772993954380967,0.9031349604797552,0.6419387674174171,0.7875753457860812,0.8518325205937483,0.8204656595098913,0.8131983326178946,0.7204754264382178,0.7000005580341571,0.8894657784451026,0.6899959763287944,0.690113344339129,0.9573424427163064,0.9150859699484077,0.9031349604797554,0.7118718644185866,0.6619522447894739,0.6217281579861216,0.801410244990862,0.8760552409148302,0.8995766368965676,0.9186457666042602,0.8836450037327823,0.9145417437978427,0.7197730948069104,0.5792127149618113
p316_Y,0.7732568530197503,0.7668644692019391,0.5242449650010994,0.8557398975444936,0.8570924188866521,0.8343249892961566,0.9192465292684855,0.9292546268281179,0.5693322177409152,0.8218918489040508,0.8326115993376899,0.8747022741842763,0.8747022741842762,0.6592374534590089,0.9771499129378065,0.8101807769977729,0.8853389382842847,0.6987539300174226,0.9174020320874772,0.8603930719852719,0.7020529183894046,0.7767245603680499,0.8768199244837862,0.867296474523096,0.816126897328521,0.693243331176278,0.755452519982089,0.700025789779273,0.8250913965285303,0.8338018911594425,0.7650411739240062,0.8581844531301606,0.7740567244085002,0.8071865398778738,0.857092418886652,0.8162678987494558,0.8131443083727967,0.7486965263003986,0.8312943488564515,0.6929145667756795,0.5576250850342466,0.6992667817659277,0.8312943488564515,0.6639996933405025,0.8853389382842847,0.4854462144795715,0.8217667418575592,0.5544532224696441,0.6929145667756798,0.5465167388661174,0.8270771330414152,0.36480104347823805,0.7149577147050744,0.8164422788351933,0.7694597096457007,0.7081941306867745,0.9186707982454536,0.7766590274917051,0.6962050530523254,0.7623554974216553,0.5793607471051483,0.68469695011416,0.953815933521835,0.8822949228472503,0.8077975275903289,0.6003219415342707,0.8618496660711301,0.7412002549593035,0.7493700429314001,0.8836906543081366,0.6538184398512406,0.6929145667756798,0.885265384549855,0.2865301873816273,0.7766590274917051,0.636119511322355,0.8004879592484917,0.8083534729720048,0.4702152507760824,0.8343249892961566,0.779258378811349,0.8005056606224616,0.6758074104501146,0.8941833817765903,0.7766590274917051,0.6378365936921426,0.9668317514115881,0.5892533894177804,0.8702542880222099,0.7967943813008362,0.7766590274917051,0.5707068798077393,0.5849473607318387,0.6290854536295855,0.8802810139962507,0.9796445694896312,0.545426173052854,0.5205706598159825,0.29271215150633945,0.411175545151087,0.7502894641985107,0.7917437350152445,0.7766590274917056,0.8851068512799267,0.7252573344649043,0.8162678987494556,0.59187698214098,0.25050235358383066,0.8110584197663673,0.346941072187098,0.4829808634765538,0.9033571893499288,0.39291392895826627,0.6193424686760824,0.8217667418575592,0.32004512682775077,0.8164422788351922,0.8466183234571398,0.8343249892961566,0.4180852291394175,0.7358911616690698,0.6307087575345853,0.7229232266022434,0.9929317365599544,0.7421826970750163,0.47483046685890007,0.7840934704542419,0.9335164709157311,0.9062954961391321,0.7489691393184812,0.48676039125196824,0.8217667418575587,0.7996350258936389,0.8684477557283838,0.7814298036425282,0.6824459272680696,0.6035485498270499,0.8307423459823848,0.8307423459823842,0.7890019507934145,0.5805486300699549,0.8250913965285305,0.5753938395270808,0.5483670127202098,0.6718058752938347,0.5997239993650738,0.7541275276248709,0.4343456504780536,0.6872971503142594,0.24524911780325254,0.8250913965285298,0.6644344320056719,0.8726317436967441,0.9022539027806176,0.9240643062486213,0.7086691600697788,0.8384434467031174,0.7311440942426506,0.7738481405685949,0.5110607445591278,0.8242927586704336,0.8517897486998736,0.7555855066537775,0.44356941106316294,0.5960258411067729,0.6511315617130489,0.6763732271205486,0.622559052596847,0.7984915725777966,0.553444476085567,0.7967891643188485,0.7694191025912622,0.8287572006841353,0.7684864769158904,0.8220537447497207,0.7234361172532475,0.8836906543081366,0.8828210056644994,0.8210370123082071,0.6210808745696645,0.8006688649242865,0.7597530279918051,0.8344801312219823,0.8473269954747022,0.8262882730426162,0.635270158620719,0.444885533738674,0.6747340233247914,0.8660200884684449,0.9969332926552953,0.8379477020019617,0.7701790453953806,0.4417691099971859,0.3252552000688935,0.7665228538862996,0.7766590274917051,0.780143960767431,0.9222342176522085,0.8324629493673276,0.5561077221784043,0.7323643980926722,0.8199517167651282,0.7766590274917051,0.46375345180235694,0.3858270510065147,0.8571935243607931,0.7766590274917051,0.7468175773284627,0.6755994131501966,0.5969100142904117,0.7604904914836923,0.5988551475975696,0.7694191025912622,0.7766590274917051,0.7278841169819257,0.776659027491705,0.5748502789627252,0.48288064955832377,0.4165143741434726,0.7766590274917051,0.606332461240258,0.7766590274917051,0.5309562934783889,0.8761425445039136,0.6325932003271153,0.4686792310021044,0.7917437350152448,0.19309135839740832,0.8156484041651726,0.80821767266797,0.7242440631426621,0.7740792476508771,0.6885102859724634,0.7758049609806583,0.8307423459823844,0.9878371420275491,0.6800584776820546,0.788045432289902,0.8040809943943321,0.8773661601129804,0.6205721185239822,0.750979090469565,0.5110607445591278,0.8379477020019621,0.7766590274917051,0.6307726347109288,0.7766590274917051,0.7257886982916475,0.7924700721297371,0.8270771330414153,0.8622771332203583,0.1568319556862403,0.8091947986859862,0.6516171535351529,0.7229232266022432,0.5445567933196829,0.8083534729720048,0.4327638382619552,0.7879341691923533,0.5764773020751575,0.9138007743345267,0.4188360857707115,0.7967943813008362,0.9659153135818216,0.5238143573725536,0.8312943488564515,0.5951372480899486,0.7088974950188343,0.7708985130552137,0.8128349949733219,0.6063766675308009,0.8270771330414153,0.4131143834680885,0.493566793855964,0.45322427371901375,0.8162678987494556,0.30929958650575373,0.8513120439599814,0.7780455836381195,0.9298094540691699,0.8162678987494556,0.9677172978131098,0.40163886152208905,0.8401242645657359,0.6011621137603251,0.718188186684654,0.7917437350152445,0.8705796198764466,0.2461401828886478,0.7623554974216555,0.7917437350152448,0.7917437350152445,0.23585841407494024,0.8162678987494558,0.5115269552421552,0.6423610499583701,0.49610474293719564,0.7934897065018697,0.8499792765287963,0.7766590274917056,0.7784026057977571,0.7623554974216558,0.7996350258936396,0.22417867260206348,0.6896845502374014,0.8217667418575592,0.6929145667756802,0.6258723442355377,0.24943670772766824,0.6644640809430931,0.5565202539243446,0.7382958625646585,0.7779678752533337,0.8220673638478124,0.6099106064450814,0.8250913965285298,0.6195439246545317,0.8603930719852719,0.7758049609806588,0.7122842762343387,0.6368106016122002,0.8780031897192961,0.7766590274917051,0.7959698129526696,0.9540974131468072,0.6987539300174235,0.8162678987494556,0.836608365680193,0.8241696600104098,0.7766590274917051,0.7462241442838129,0.8129069456777993,0.8714783961680885,0.7655868690892471,0.6337638746582819,0.7106653526850937,0.8270771330414151,0.4181768639783483,0.26032395760314087,0.9974657612189229,0.7440995115376006,0.3649998809712707,0.8179571760346677,0.7503217445404011,0.33207190361389705,0.7373574344655298,0.7055055212893537,0.8714783961680888,0.20443562504275425,0.662075370305713,0.23566785745201002,0.7554525199820894,0.7694191025912624,0.9837580805960018,0.66062076077845,0.22167789187704467,0.31279840210795473,0.20303851083171898,0.7766590274917051,0.517625690542894,0.6686963586136233,0.7059769625976535,0.9377142359382986,0.9277968752742772,0.4498363951843657,0.7766590274917051,0.7766590274917051,0.6872971503142591,0.68649286720602,0.5418591816508558,0.776659027491705,0.8603930719852719,0.7766590274917058,0.8557398975444936,0.5480131134250286,0.3373695702564179,0.8048319931549086,0.6846101956279105,0.8242513581289344,0.2624102202463847,0.27925021063973476,0.7766590274917051,0.49215393490862325,0.6696699230989824,0.21754052869870022,0.3262973265333612,0.8239349195040078,0.7055196141881068,0.7917437350152445,0.17197090715939034,0.7766590274917051,0.15742556263370133,0.9538159335218349,0.7859572595124122,0.6297520987278209,0.8382456366045409,0.3456929108365623,0.7486965263003986,0.7766590274917051,0.6779281065858014,0.5892533894177807,0.7766590274917051,0.7381873768854001,0.7125646472535676,0.4984780039364205,0.212461495680913,0.1998019238841634,0.7766590274917051,0.9911258808731356,0.6213550131629053,0.8724510015411426,0.6506550441918655,0.4712879800081935,0.6358932984725738,0.6067994987573089,0.5750206863402925,0.7917437350152448,0.7219187927829591,0.5066781937742666,0.7396154208521537,0.3672057236404169,0.8420582532561507,0.431316089561957,0.8768199244837862,0.7996350258936387,0.72046831354622,0.7766590274917051,0.8162678987494558,0.6991264825489811,0.6297548495594845,0.8277746315427194,0.951063894924977,0.8156484041651737,0.819601154587363,0.983499826197316,0.8156484041651733,0.88112785206906,0.8611779244813154,0.8908089932850713,0.5407595436270238,0.6607549429169657,0.8129069456777994,0.39007921321562855,0.8218918489040519,0.8365130537320379,0.8310850899399087,0.5231103710725575,0.8004879592484917,0.8603930719852717,0.7403150657446242,0.7185641511652066,0.8339910637120285,0.9475100814481672,0.8480147570093772,0.6385986495186857,0.9718817760691314,0.8895345516556041,0.9716036501368991,0.976213885094736,0.8454258145911455,0.7281012717771458,0.8520327579084045,0.6843654774186585,0.6160695823764626,0.4047027895428631,0.6663498463624467,0.8853389382842847,0.6355311606014349,0.6272774271252441,0.6726542366503446,0.795212953659384,0.8310850899399083,0.21033813695302017,0.8762908842740895,0.6769741930191089,0.7053726457220169,0.737442777503523,0.5776248453350928,0.7917437350152448,0.9932701699716742,0.44176910999718566,0.7315483568940664,0.5982333366519456,0.9814638345745017,0.6759615540392299,0.6704151783504888,0.9047777385165501,0.9662837052739213,0.7814298036425278,0.7554525199820896,0.8892917732189061,0.8466183234571398,0.670228950538567,0.23301060639503224,0.6170856233738238,0.769419102591262,0.769419102591262,0.5199941882519517,0.8246605632114832,0.8333843709634072,0.4780912893328414,0.7766590274917051,0.8077975275903293,0.7766590274917051,0.7766590274917051,0.2750715685065406,0.9225547590276637,0.6431204385265556,0.7766590274917051,0.40407360234999445,0.3371967552413675,0.9392095244663071,0.946532850822368,0.49215393490862347,0.5006894328026132,0.8616017705714318,0.8798506059962871,0.3472138875696916,0.8709005020781013,0.9879145698603755,0.8077975275903291,0.6874387112540088,0.5378295467117371,0.6613034270950375,0.670228950538567,0.794819907753801,0.8379477020019617,0.7788091463514103,0.8401242645657359,0.6068100994072672,0.791743735015245,0.7586992169596074,0.7480074620231036,0.9695865274972861,0.785350255396031,0.43921746584810306,0.7045137276102102,0.579360747105149,0.7344339818932561,0.8913128634154087,0.8179571760346673,0.8717781558898197,0.8421951462913531,0.8582226608766323,0.4131916152762207,0.4880798873080847,0.9240643062486213,0.7452764923749062,0.9587973597530799,0.8098090024168335,0.5148254130936292,0.851544938719984,0.1691981889878782,0.6758074104501155,0.8714783961680888,0.2196357286936529,0.5069326458370608,0.7304038232250718,0.33089685515281086,0.7529611614876075,0.7045359401958138,0.7376492027949006,0.7766590274917051,0.7996350258936387,0.7927175967089419,0.8007464875602455,0.5115954766841377,0.7480074620231035,0.8113012486302034,0.7575968518685694,0.4338392871137695,0.9911570108434797,0.22298957448590007,0.8603930719852722,0.3956487395635482,0.9248071370054596,0.5123673323850237,0.8156484041651737,0.8754975168408985,0.7008377967429446,0.7924700721297371,0.7555855066537775,0.6642682166395224,0.4778043540262581,0.1672337670506432,0.4970664295848398,0.8516246880972889,0.5335888764960908,0.41685849212801696,0.6843654774186588,0.82509139652853,0.8161268973285212,0.8091947986859855,0.5467344528099074,0.7304038232250716,0.8632210777001628,0.7967943813008358,0.34626578400920316,0.3008604121282712,0.8714783961680888,0.5745420445204079,0.9080261965616109,0.7502907095344511,0.7994384528005176,0.7708985130552137,0.7406434437591312,0.6903978746649038,0.8809611728110757,0.8106846903064513,0.759837220240634,0.8199517167651281,0.7996350258936387,0.9457852099119537,0.7766590274917051,0.8640513352153474,0.4906287908656948,0.39291392895826605,0.6484469377423765,0.776659027491705,0.6697683718572507,0.377625876170947,0.6644344320056721,0.6592374534590084,0.5770687647276036,0.6326560995499249,0.5558282825313887,0.9248345087142793,0.7436650373086833,0.9272118804718186,0.5937513117242059,0.6426699625739711,0.8077975275903293,0.5721778571759233,0.8976231314895857,0.8818127555421882,0.719100345961452,0.8714783961680888,0.862277133220358,0.7623554974216558,0.8343249892961566,0.7420755643853134,0.7502894641985107,0.8048319931549086,0.7041987452541111,0.49144539860233816,0.8129069456777995,0.8007464875602451,0.7717708609035463,0.33785014136835034,0.28512054439681345,0.7694191025912624,0.830742345982385,0.7814298036425287,0.7694191025912624,0.7967943813008362,0.9967358576694503,0.7766590274917051,0.7769563741300045,0.9179295303263685,0.7766590274917051,0.7106653526850937,0.6426699625739709,0.8129069456777993,0.7917437350152448,0.9012618396310074,0.7801439607674308,0.7967943813008362,0.44343059114568906,0.47168583833793043,0.7344339818932566,0.3650386359373392,0.7766590274917051,0.5918769821409802,0.941858769226817,0.8005056606224616,0.34265026042041635,0.6314856701574887,0.8162678987494556,0.8131443083727974,0.7178547490400896,0.9208670929242364,0.7928259796469517,0.8611779244813147,0.9025246613821647,0.8284923673043494,0.9929317365599544,0.776415232723307,0.7840953466063199,0.984824787646158,0.7356585862867184,0.8217667418575592,0.8836082094647486,0.3829154651486305,0.7766590274917051,0.8048319931549086,0.5263098252192719,0.8218918489040512,0.3884777683697678,0.7554525199820892,0.9781603575318001,0.46321738049472494,0.8156484041651737,0.5007486290560372,0.2896820488003391,0.7766590274917051,0.7766590274917051,0.9126849037197671,0.6101320396681842,0.6552038476043764,0.5984472429274689,0.3721303345084652,0.3973375559146848,0.29609534470551946,0.26175650645424453,0.7046691749078566,0.396136734668304,0.7766590274917051,0.652574302551179,0.7996350258936387,0.8312943488564515,0.30791589243204465,0.8162678987494556,0.34470378447350514,0.7766590274917051,0.7766590274917051,0.15703384514261887,0.7766590274917053,0.265726505854891,0.7529611614876075,0.3979776161674349,0.5738585769248965,0.9244967905052466,0.8660614309565995,0.3094411456983641,0.35643261864145837,0.776659027491705,0.6273881882510954,0.23273671482983094,0.8131443083727967,0.9477524567951611,0.9068149728707886,0.7934585433753599,0.8008473763973403,0.6378365936921426,0.8091947986859861,0.5015281681206525,0.7766590274917051,0.2990346090684155,0.8814871780171443,0.5819998447612954,0.5675670594621303,0.6690870479007809,0.7373574344655318,0.6755768406800027,0.4367301232684413,0.8042816287047857,0.8558598811228117,0.4648187931932073,0.7769563741300047,0.82509139652853,0.7905557031016348,0.9376121488341831,0.3346582833811512,0.7959698129526697,0.7967943813008362,0.6732228205309349,0.7656142004165305,0.8474973667559511,0.8221597777894325,0.8312943488564517,0.8841822298400936,0.9056011626003165,0.8312943488564514,0.6884142437757577,0.9169203870670015,0.550770454317902,0.8852653845498551,0.8603930719852715,0.7767245603680499,0.7480074620231038,0.4894957880312152,0.8247771206246997,0.7652011593459803,0.8919002009517362,0.7918287389633188,0.9544489882787608,0.6103582827578784,0.9189718832979137,0.7191099381554269,0.6327202934994416,0.7766590274917051,0.5552195748721926,0.9134383502130583,0.4706276423191844,0.8218918489040508,0.8096490120115227,0.7502927996907013,0.7128380879682121,0.7766590274917051,0.4061214819518405,0.2074160024280456,0.7053726457220171,0.21623930930865098,0.2990346090684155,0.24858845157913745,0.8307423459823844,0.489596020142687,0.9031217491271238,0.9860820640418917,0.3375931530418401,0.7167480035802152,0.34902272367072795,0.8343249892961562,0.7396154208521537,0.8048319931549088,0.9153242480563062,0.9066346643308731,0.35498013126285644,0.9794817945104306,0.2531123215167135,0.9416113158762616,0.7694191025912624,0.3700579188162749,0.38979078225484054,0.5432312732733175,0.0,0.11000656088246974,0.7766590274917051,0.25887028857767813,0.39903246878594745,0.6592374534590091,0.7766590274917051,0.38561079609020477,0.8501373187327983,0.8162678987494556,0.7853502553960305,0.7967943813008365,0.467353890041482,0.8452440158778534,0.9321149348789837,0.85552779797785,0.8911611807547168,0.7853502553960312,0.20215457598461306,0.7766590274917051,0.9037569047436171,0.7766590274917051,0.8466183234571398,0.6085410234078545,0.4821425705279915,0.8312943488564515,0.7721138599753202,0.6179257632976891,0.6080821419151266,0.7181881866846542,0.7766590274917051,0.513850886690917,0.4096360639139137,0.7501136447543344,0.811411419422924,0.6457306197931674,0.8618496660711306,0.6702289505385675,0.7381873768854004,0.9781012105682778,0.535940427474287,0.3042216193342575,0.9781012105682778,0.6788876978675575,0.7996350258936396,0.5110607445591275,0.9781012105682778,0.8312943488564515,0.915897765305387,0.838245636604541,0.6307087575345856,0.769419102591262,0.7580909088677,0.7780455836381195,0.7013897882215815,0.6457306197931669,0.8945059027968267,0.615308991639727,0.7941571990918558,0.792576438055554,0.8192976586644309,0.6608226915690587,0.6592374534590089,0.6002623518974708,0.4940170285976039,0.9786526947329219,0.5968622687445255,0.7997746155532763,0.8091947986859861,0.8217667418575592,0.7571207988677155,0.8787839549893406,0.9037569047436173,0.826624580355201,0.7343418692857916,0.7996350258936387,0.8077975275903293,0.9453113854143451,0.6903244185568673,0.8538017817428893,0.8186351797367005,0.8719181918019343,0.8159151172609037,0.8394278150100907,0.7381873768854006,0.8048319931549082,0.6755194832894248,0.5646582716081945,0.7069499587845329,0.6198672758573345,0.822835396229677,0.9982420505572286,0.8137148245389736,0.9735571024943716,0.693243331176278,0.8593616546238458,0.7984915725777961,0.9391366663555987,0.9315926342132622,0.9297942582575064,0.7355790938749496,0.832246977611989,0.851544938719984,0.9657117018024248,0.9512345712095727,0.8217667418575592,0.8131443083727967,0.5217168305269579,0.6756181613656949,0.8818127555421882,0.9718559030342411,0.44255279493648203,0.9929848531072716,0.7890019507934145,0.7623554974216558,0.4255398325523715,0.957726199512855,0.5887830552616142,0.8217667418575592,0.4767528224475137,0.7331254296694354,0.8401242645657363,0.5515252203421859,0.8812807433008096,0.9002968221284633,0.8218918489040508,0.7411391743442608,0.8129069456777993,0.9577969267696533,0.8077975275903293
p317_N,0.7320810313075499,0.7887864907907394,0.4726324993014257,0.8985762838601838,0.8231275036273115,0.8163516728240243,0.928129022192643,0.9209847286525743,0.6114808638185711,0.8393229587602621,0.8043501679087461,0.7881804803953935,0.7881804803953933,0.6222696991500674,0.971539833147469,0.8019533528572718,0.859377169405928,0.6660731356792751,0.9317709090158675,0.841572437337619,0.6492610173912654,0.7475543349080889,0.8697587253058279,0.8891945326348291,0.7864757439475132,0.723265029568458,0.7289226937146784,0.718345830803444,0.8415724373376192,0.9001457145472898,0.798346669131425,0.8471812314738496,0.772375995024672,0.824460844842189,0.8514236835690032,0.8301944662164018,0.7898486601443382,0.7214337734919916,0.847805253721567,0.6810657669964666,0.5259383632964405,0.728698976374617,0.8478052537215669,0.648241722457706,0.9115589596824278,0.426435834405797,0.7993052872604915,0.5980580478379579,0.6810657669964666,0.5629551099183081,0.8471812314738495,0.29316628220896934,0.7450743808096103,0.8385811286456291,0.7691440111812081,0.6954858663986463,0.9068830522670357,0.7524297972473162,0.7410027596242641,0.7365745432840503,0.6205279198702788,0.6088472614718137,0.9195491907388309,0.8357236535321728,0.8194144871030815,0.6288681169117397,0.8403850910576149,0.725764682665764,0.6793179126134876,0.8640532804828904,0.6162628017925083,0.6596002868980184,0.8231275036273116,0.29995294918615056,0.7524297972473162,0.5825524906933348,0.7952889908037888,0.7799859487882776,0.48628824542834015,0.8163516728240243,0.7814581070432911,0.8146266094523908,0.640637254219881,0.8841666480907979,0.7524297972473162,0.5985471589817246,0.9623602864387384,0.6155748207909537,0.8552181831871717,0.771899450653236,0.7524297972473162,0.534852653545314,0.5311287237980475,0.5472196212420918,0.90761548196364,0.9101337190906844,0.5236602480869441,0.48217471153251834,0.2974012567985945,0.3797286677455497,0.737765303572324,0.7993052872604907,0.7524297972473153,0.8465457648042223,0.7913747637776183,0.796335651949913,0.5476016015124903,0.21794388378424112,0.7454677742420686,0.37199215287841225,0.46700644788133383,0.9387060650327841,0.44173555920363516,0.6990397594117506,0.7993052872604915,0.3555317295130631,0.9132730854279638,0.8312173911187126,0.8163516728240241,0.46705758857682644,0.7023961363491009,0.5916535905155214,0.6928644475854293,0.9990820030461218,0.8841666480907984,0.5236025103724329,0.7606707685788077,0.8200461513678257,0.9643644808194602,0.6577060118568869,0.4860575685212877,0.7993052872604911,0.7778983555639072,0.847805253721567,0.7811044839911785,0.7143032485523255,0.5697767720880464,0.8091417233107614,0.8091417233107605,0.7901005262017788,0.5138097666050385,0.806116370237383,0.603830992015741,0.5158982050296599,0.6644506815602427,0.6388982589199527,0.7081741024915345,0.36211395114918854,0.7179007902469757,0.19438159178028647,0.8061163702373835,0.6205279198702776,0.8195065327048723,0.8621392152680036,0.9653585620450296,0.7393662703454241,0.8055429573917694,0.7088703031833812,0.8114859957537324,0.5015251209404854,0.8826093321208017,0.8596139117877515,0.7920683034703102,0.40925571972679486,0.5632760923731932,0.6299738116686755,0.6433365642696409,0.607460808095317,0.8460051217150801,0.518245326547862,0.8196315453715797,0.7444044463437751,0.8605800432777354,0.8372317678406366,0.8748928485877512,0.7243727192987062,0.8640532804828902,0.8993400224252758,0.822174554374175,0.5674480825625401,0.8401941175690085,0.7485943916584896,0.8646036150933576,0.7881804803953935,0.7955049335705995,0.5800576644730424,0.46705758857682644,0.6356127988756624,0.8385811286456291,0.9918467423175148,0.8084546019152595,0.7627747862609859,0.3579227470321533,0.2481973131543349,0.6888845231480674,0.7524297972473162,0.8016608579382383,0.8971524920372351,0.8772836484325027,0.5298684674945193,0.6562853412841403,0.8431704890143148,0.7524297972473162,0.4291339627203925,0.35770348390111983,0.8393229587602622,0.7524297972473162,0.7585206574138423,0.6945513159464388,0.6320182865053628,0.730989583706197,0.5874749889862094,0.7718994506532355,0.7524297972473162,0.6588928025732104,0.7524297972473161,0.6221465027413573,0.5222764620188411,0.47888524617932093,0.7524297972473162,0.6226389970148222,0.7524297972473162,0.4752392434763739,0.9180913120602142,0.592734934095654,0.4095497256044145,0.7993052872604904,0.12435472169701245,0.7901005262017786,0.7778890142269332,0.7512317781870637,0.781351801449065,0.7578643899259331,0.8328581963012462,0.809141723310761,0.8871000341516462,0.6513826140857675,0.7926105424426939,0.7561669364845778,0.8972004884389703,0.6577060118568867,0.7753502986585725,0.4865037093446465,0.8352175933741239,0.7524297972473162,0.6069879084190994,0.7524297972473162,0.8096744178334736,0.7896144267998426,0.8159378637269961,0.7073648019871452,0.0879367387285559,0.8016608579382383,0.6529579773046919,0.6928644475854284,0.5248312075571109,0.9505354826315566,0.45303393201005737,0.808688653312315,0.544131434548677,0.8546969592578675,0.38379658765470004,0.7718994506532357,0.8559043354450988,0.5064265698645483,0.847805253721567,0.6315675722867486,0.6696534978248768,0.8056680815957458,0.8712231848073567,0.5902687709739707,0.815937863726996,0.3881322954949922,0.40103949452650767,0.467483270189337,0.796335651949913,0.3089819687628482,0.889993187409122,0.837184915434471,0.9010034771917963,0.796335651949913,0.9429387446553116,0.422293070829147,0.9857768064258265,0.5690476918561911,0.7209506222608231,0.7691509749968606,0.8328581963012462,0.2574659841102994,0.7365745432840503,0.769150974996861,0.8596139117877513,0.1891568355671357,0.7963356519499132,0.540535737479927,0.6272215636098148,0.4414394745571286,0.7860399373636588,0.9994885375488447,0.7524297972473153,0.8527896077840544,0.7365745432840505,0.8716284588044687,0.25011387799289386,0.6377594477506576,0.7993052872604909,0.7025312470949157,0.6624875144439113,0.1987325549357566,0.6518126417005625,0.5328243034382314,0.6890224373540883,0.7306374713034121,0.7946038500791031,0.60666272577496,0.8770285044378543,0.6619121712993761,0.9124845715380898,0.8709338583964201,0.6945513159464378,0.5937725812137473,0.8086886533123151,0.7524297972473162,0.815937863726996,0.9927443921554298,0.6878824869204272,0.796335651949913,0.8234362176999168,0.8268894592721565,0.7524297972473162,0.9034898644001179,0.8312173911187126,0.9282993639754935,0.8298809575356219,0.6762679453144048,0.7018350795419885,0.8471812314738494,0.3268801679817246,0.2039776861098419,0.9971011607622013,0.7691440111812083,0.2894339707364222,0.8086886533123149,0.7483095206518414,0.2676596237666815,0.763061768515252,0.6388982589199521,0.853667569874514,0.11390658898086381,0.6615177168729642,0.16400007878553147,0.7289226937146789,0.7718994506532364,0.9743821852025384,0.6968034716863967,0.22061206909163245,0.2254256203480135,0.12900704334053792,0.7524297972473162,0.44948837097666294,0.6861285975945804,0.7066112902992763,0.899736314107491,0.8393229587602622,0.38816881385297974,0.7524297972473162,0.7524297972473162,0.7179007902469756,0.6619121712993759,0.5293717172559362,0.7524297972473161,0.8770285044378545,0.7807259771890069,0.8591039146158818,0.4989791443360656,0.29686672237512834,0.7807259771890067,0.6883039785236629,0.8191563187516384,0.19506355307561973,0.2252027212459543,0.7524297972473162,0.43553519442904864,0.6299738116686757,0.122145002035706,0.31509817936997153,0.8082474582082211,0.742556373537363,0.7691509749968608,0.17631002116839423,0.7524297972473162,0.18302111573330038,0.9849772444622878,0.8360123345210073,0.6260732499242052,0.8016608579382385,0.2908278961528623,0.7469048842583317,0.7524297972473162,0.5963608057163197,0.5297394984215449,0.7524297972473162,0.7519597829483984,0.658931860036831,0.4627321847874901,0.14921665774719006,0.20114715745938594,0.7524297972473162,0.9585530414335173,0.565272170443635,0.9168188403386275,0.6737645513183326,0.4710699894728778,0.6423199126138688,0.6296638553815015,0.5256069882931929,0.7691509749968612,0.7186974947295509,0.5413918377205973,0.8008564419966571,0.4318347433028974,0.8690249526968525,0.36962219950883624,0.8697587253058277,0.777898355563907,0.7096918381615798,0.7524297972473162,0.9656297232823561,0.6693116152255252,0.6890621013479847,0.830186545284228,0.9593457337814402,0.7901005262017793,0.824310549043605,0.9940939011030498,0.7901005262017791,0.8774428252701514,0.8373183370723898,0.8634784475730741,0.5125222283571305,0.7497225747578977,0.8312173911187127,0.39253337480341866,0.8393229587602624,0.862651044225032,0.9386610086149985,0.5998869222449383,0.8668909746473386,0.841572437337619,0.7575324247885367,0.7369652695899551,0.8148433476428105,0.9165330677932779,0.8191563187516386,0.5924766927299572,0.9802311608422727,0.8709338583964199,0.9360135010309725,0.9630749062172737,0.9048598333807125,0.7566641224734441,0.757093887922823,0.6970610052201983,0.5539605693720215,0.3969651772694103,0.6213699321773638,0.9637407499589277,0.7190280925111111,0.6683837834953019,0.6869638390746422,0.7342072709060019,0.846791297536104,0.13579549624071685,0.8058223261637597,0.6473302958682393,0.7342072709060019,0.7896144267998426,0.6518681597003926,0.7691509749968606,0.9874639252115807,0.38288341069206977,0.7679660587399688,0.6425326997550169,0.8312173911187126,0.6747307107137348,0.6873954184060842,0.9168188403386275,0.9976374126011073,0.7550135888529284,0.7289226937146791,0.8784245992207028,0.8312173911187126,0.6547107457479509,0.22503472656159274,0.5935964830627634,0.7444044463437749,0.7444044463437745,0.5237857294249338,0.8319127497332317,0.8071953791294286,0.43119851647260776,0.7524297972473162,0.8194144871030813,0.7524297972473162,0.7524297972473162,0.2678838460770063,0.8927261530755515,0.6805555479205512,0.7524297972473162,0.42716387891888075,0.3445835806517509,0.9893137486628489,0.9054125784946043,0.450245677906254,0.5323588839486366,0.8505851897195078,0.8738330413694132,0.353369044844941,0.7691440111812082,0.8585844084672762,0.9168188403386277,0.7049529197899399,0.5281799084700973,0.6588928025732103,0.6547107457479506,0.8200862327138881,0.835217593374124,0.7399955806704694,0.8194144871030815,0.5734996540744921,0.7691509749968612,0.7449405389984085,0.7750991061349128,0.9830520595117971,0.7549215864572096,0.41434953953268316,0.6683133985762366,0.6205279198702782,0.7397950026088723,0.8696567414260964,0.8086886533123149,0.8668909746473386,0.8190265517098685,0.8729716024864478,0.4492521415398232,0.48968584079654853,0.9341151942981756,0.6921194632864656,0.9840774597645725,0.7278805437126232,0.4775583598169968,0.8543844635816173,0.1100065608824694,0.6611740409694007,0.8909834669250039,0.17643697838433237,0.41861437265542834,0.740410474894256,0.2502407577215857,0.723687006960239,0.6250842001484725,0.7164904236586491,0.7524297972473162,0.777898355563907,0.7742041471629764,0.8231275036273117,0.5546737712078282,0.7512317781870625,0.8352175933741239,0.7433211879674801,0.36671236804081575,0.9386610086149985,0.2109225867637411,0.8415724373376192,0.33506339945735353,0.7814581070432911,0.474486906210969,0.7901005262017793,0.9252026596227116,0.7185326975509436,0.7711917747550667,0.7695099974882298,0.6838198762904106,0.5304007217013631,0.10153484699411486,0.461618629435643,0.851896027348833,0.5709050255278363,0.36437113894824513,0.6970610052201982,0.9124845715380898,0.8566842162190758,0.8016608579382386,0.4709700080695347,0.7070548332754668,0.8333977253407345,0.771899450653236,0.3598436271899331,0.23789798482872682,0.9282993639754937,0.5989101371532791,0.8991515901032062,0.7491417365446085,0.7603098831742516,0.7834950843562396,0.7183598924350447,0.6547107457479506,0.7454677742420686,0.7956742233970906,0.7312575105473402,0.815675484704854,0.8091417233107605,0.8909834669250039,0.7524297972473162,0.710233858556668,0.44058184545435086,0.40488164418496786,0.6103085702368609,0.7524297972473161,0.6028599861596424,0.319572637456341,0.6205279198702777,0.642005883772218,0.5311869090077406,0.5815177692282298,0.5935728960754006,0.8888149223988888,0.7093786356078793,0.9693324604629856,0.6208035503449874,0.5910845104931506,0.7869463693578993,0.5257654094923787,0.8857433336801968,0.9199225363150119,0.6975011665759634,0.8536675698745142,0.7490259850160721,0.7633375347429145,0.8163516728240241,0.7140945340084044,0.8434638965065187,0.7807259771890065,0.6822664231289893,0.4512152542224168,0.8312173911187128,0.7948313236856199,0.7989664340827632,0.2709771901055045,0.21338883759276284,0.7718994506532364,0.9028718265513223,0.7811044839911785,0.7718994506532364,0.771899450653236,0.9958013242704717,0.7524297972473162,0.7753502986585725,0.9697984494564047,0.7524297972473162,0.6792767735599081,0.622004219694011,0.8312173911187126,0.7691509749968612,0.8559043354450988,0.8016608579382385,0.7718994506532364,0.359843627189933,0.44014007302314206,0.7397950026088727,0.3577463991865799,0.7524297972473162,0.5648373139778866,0.9199225363150121,0.7695099974882298,0.2880543733325146,0.5879025454564355,0.796335651949913,0.7898486601443382,0.7454677742420686,0.989313748662849,0.7630729198569925,0.8373183370723893,0.9001503390684968,0.8111937603662955,0.9990820030461218,0.8363928636148237,0.8287143870292148,0.9994885375488445,0.7239967271933636,0.7993052872604913,0.8406087134242326,0.4137690660530706,0.7524297972473162,0.8939106969557729,0.4998939315081503,0.8393229587602622,0.3883166762436605,0.7289226937146789,0.9505354826315566,0.39101543039975684,0.7901005262017793,0.44814585540020757,0.19076698798256242,0.7524297972473162,0.7524297972473162,0.9993940536111667,0.6449554316299774,0.7258992592051148,0.5937247297355854,0.4141841163919565,0.3844171693928855,0.3225715465003187,0.2523977977221957,0.7169760926377187,0.3556265361628318,0.7524297972473162,0.5980580478379582,0.777898355563907,0.847805253721567,0.2402382482275598,0.796335651949913,0.33060419788264883,0.7524297972473162,0.7524297972473162,0.1475898401218334,0.7807259771890067,0.2651569023181072,0.723687006960239,0.35671774642173437,0.5259383632964403,0.8948401256173161,0.9498550762506004,0.3694841091228882,0.4038695738963345,0.7524297972473161,0.6053879063520844,0.26323838349299744,0.8190265517098685,0.8312173911187126,0.9492108572520419,0.8523293448864913,0.7590515197296983,0.617371481177085,0.8016608579382383,0.5428741842394049,0.7524297972473162,0.2999529491861509,0.8432633475214102,0.6099237218354671,0.6066627257749602,0.6336081841114276,0.7630617685152524,0.6159938460216674,0.3806493155928452,0.8234362176999166,0.9014498737030774,0.45732713701790717,0.7753502986585729,0.8061163702373837,0.7856447621853977,0.9277853505731026,0.31857814003114815,0.8159378637269961,0.7718994506532362,0.6567785373956585,0.7337417317567015,0.8264597308893937,0.8379305142008874,0.847805253721567,0.9001503390684968,0.847805253721567,0.847805253721567,0.6591879759675359,0.9569983624615561,0.5803965837892191,0.79483132368562,0.8770285044378543,0.7714216628559387,0.7512317781870628,0.44848435864176794,0.7978471057910126,0.7881804803953935,0.8183006061040576,0.8394644746516533,0.8016608579382387,0.5876342069126947,0.9873177527203463,0.7612697947366924,0.6732797893754039,0.7524297972473162,0.5037425764233698,0.9080160434523864,0.49154435925830053,0.8393229587602621,0.8395639625721504,0.7793238828701636,0.6590140204827446,0.7524297972473162,0.4071176093223895,0.15189064006955233,0.7567655768880829,0.2157778619975952,0.2999529491861509,0.2444813477677812,0.8091417233107605,0.5188473882716134,0.9084748646325125,0.9987393119294525,0.2686428258684874,0.686019303148039,0.31320876082979177,0.8163516728240241,0.7549215864572099,0.7807259771890069,0.9776992450620088,0.9601170082762966,0.3489815510964087,0.9071886829882024,0.18778899074860633,0.7948313236856199,0.7718994506532364,0.375027729875159,0.3507780937868463,0.5256069882931931,0.11000656088246974,0.0,0.7524297972473162,0.24298883846097385,0.3612123027031542,0.6222696991500676,0.7524297972473162,0.36622399056003585,0.8997315488563717,0.796335651949913,0.8927261530755515,0.7718994506532366,0.40774072400413597,0.7668837320507642,0.9169093065773977,0.9662786362119306,0.9182633984359738,0.7549215864572096,0.15008815319259527,0.7524297972473162,0.7698565765305355,0.7524297972473162,0.8312173911187126,0.5940186084379793,0.5328243034382312,0.847805253721567,0.7021855697954809,0.5869265093362916,0.6329413176172445,0.7012144376386722,0.7524297972473162,0.398450976032259,0.3643592963759086,0.6938316180408062,0.8572820735704043,0.6053879063520824,0.9028718265513225,0.6344536129657035,0.6919880431061194,0.9976374126011074,0.5672975267861858,0.2925966850828712,0.9976374126011074,0.6617420683943696,0.7778983555639081,0.45646088615296776,0.9976374126011074,0.847805253721567,0.9059759993319505,0.8600166410692989,0.6066750021113605,0.7718994506532353,0.7119786230535456,0.724393385524069,0.7496155726499725,0.605387906352084,0.7857298581483193,0.6529579773046923,0.7393662703454242,0.7881804803953931,0.7989664340827631,0.7208304026073091,0.6222696991500671,0.5700151029542657,0.4538332531088185,0.9832039102953571,0.5531277188270105,0.788393167488709,0.8308387495037686,0.7993052872604915,0.7845575672825502,0.9084761887800563,0.9365013086462428,0.792701001665733,0.745883365799776,0.8403850910576145,0.7869463693578993,0.9743641615130784,0.722722356545001,0.8197141808880339,0.7990745307667422,0.8370249407881591,0.8427414037884463,0.8098785680380338,0.7719503628958252,0.7807259771890065,0.7105643943442113,0.5793979379350822,0.7741111960340801,0.6309081184961391,0.7794917059048552,0.9817550758289915,0.8138203652536593,0.9984811289428308,0.723265029568458,0.859377169405928,0.7638579747170002,0.9686224789505231,0.9476704341090118,0.9421273381504726,0.7068932914268726,0.876869080846327,0.8268894592721565,0.9298213859092732,0.9195376793802699,0.829459599524121,0.8190265517098685,0.5564962458513916,0.7073648019871445,0.8596139117877517,0.9938868544577873,0.5026826666866159,0.9522702001890513,0.7901005262017784,0.8168635176606422,0.4111220163105668,0.9499764453448731,0.5591210511111682,0.9802311608422727,0.4309383250169305,0.7018350795419881,0.8194144871030813,0.5986034324984857,0.8721870733142643,0.8773823348409291,0.8393229587602621,0.777447122459227,0.8312173911187126,0.9492024022431893,0.8194144871030813
p317_Y,0.7524297972473161,0.9413411539914585,0.8918007079504506,0.9225015741707872,0.9492063492063487,0.9623211158059548,0.7050163519970581,0.7509151724713103,0.9038142386822647,0.960221152322577,0.9398636845831869,0.9475597985845114,0.9475597985845114,0.9225015741707872,0.9106019687464653,0.5567710364845595,0.944383427890573,0.9314886672615048,0.9582144552981327,0.960221152322577,0.8875255844205965,0.938412400887346,0.935580996038617,0.9508971383859763,0.9369854052620163,0.9314886672615046,0.944383427890573,0.916441965519317,0.960221152322577,0.7739436107925906,0.9250013316406693,0.9544316996038,0.9428469360414609,0.9188361382271659,0.9492063492063489,0.9582144552981327,0.9508971383859763,0.9428469360414602,0.9623211158059548,0.930160641445072,0.8993922310882436,0.932833950574053,0.9623211158059548,0.912915131908919,0.9443834278905732,0.8474513194974065,0.9526370111116405,0.9004911494084333,0.930160641445072,0.8918007079504506,0.9544316996038,0.8495864161552136,0.9314886672615046,0.13408370177867746,0.9428469360414604,0.9288488221297497,0.9288488221297497,0.0,0.7383793872014479,0.9459533477380775,0.9060540201833016,0.831146423199498,0.931488667261505,0.8993922310882436,0.9562880686171875,0.8244397822834253,0.9544316996038,0.6473831763250288,0.7698078233874499,0.9582144552981327,0.92126914699118,0.9301606414450723,0.9492063492063487,0.8266892096935958,0.0,0.8864622842804517,0.938412400887346,0.9398636845831867,0.8233095582802461,0.9623211158059548,0.9398636845831869,0.9341976401680094,0.31108550994831163,0.9314886672615048,0.0,0.9176344520056336,0.938412400887346,0.8046479448175341,0.8939536575643376,0.03139863267861631,0.0,0.8918007079504506,0.831146423199498,0.8548949080074899,0.31108550994831163,0.48955645159511163,0.8896584524348263,0.8875255844205965,0.8198957816506434,0.8187498553347687,0.9288488221297497,0.9526370111116405,0.9492063492063489,0.8580633769736241,0.6072669396673074,0.9582144552981327,0.907182019415572,0.7973204052495684,0.9369854052620166,0.8289245259008584,0.8759110188590657,0.9328339505740528,0.8070467719220202,0.9094556823349389,0.9526370111116405,0.7833099084134079,0.9413411539914585,0.9582144552981327,0.9623211158059548,0.8580633769736241,0.9129151319089193,0.885400876353422,0.9369854052620166,0.9250013316406696,0.931488667261505,0.7554264789789613,0.9508971383859763,0.6339927913026551,0.9475597985845114,0.9152582079543838,0.8727631680356085,0.9526370111116405,0.9544316996038,0.9623211158059548,0.944383427890573,0.8453085223330421,0.879064442044788,0.9544316996038003,0.9544316996038,0.06018876900101988,0.8046479448175343,0.960221152322577,0.8244397822834253,0.8717146038820363,0.8875255844205967,0.9106019687464659,0.892875760974867,0.8420784215528956,0.9301606414450723,0.7583810530554915,0.9602211523225768,0.9060540201833014,0.8559522762859688,0.8811713725919912,0.9544316996038,0.9301606414450725,0.8950345750758599,0.9140827360776209,0.8938851835250172,0.5567710364845593,0.7367566674079002,0.9526370111116407,0.9341976401680094,0.7431708752992887,0.8972062142375332,0.9164419655193166,0.8612222667022558,0.8993922310882436,0.9262700211315917,0.8453085223330423,0.9225015741707872,0.9475597985845114,0.9288488221297495,0.6783615558233287,0.8538362113124116,0.8780124908814328,0.9582144552981327,0.6072669396673073,0.9200475251844384,0.5526275082095409,0.9117550006367756,0.8885909234541711,0.9288488221297497,0.9475597985845114,0.6394614409405057,0.8538362113124116,0.8580633769736241,0.9015943008452869,0.13408370177867734,0.9237454173815312,0.9459533477380775,0.903814238682265,0.8221755430097122,0.7897778653703145,0.9060540201833014,0.0,0.9508971383859763,0.9459533477380777,0.4895564515951115,0.8355526955775656,0.8918007079504506,0.9475597985845114,0.0,0.8685695845092951,0.7897778653703145,0.960221152322577,0.0,0.6951973979147161,0.9152582079543841,0.8864622842804517,0.6447787703816181,0.9049315186013059,0.9475597985845114,0.0,0.6473831763250286,0.0,0.8117838598171898,0.8388272306091986,0.8355526955775657,0.0,0.6339927913026551,0.0,0.7050163519970583,0.9071820194155717,0.9164419655193166,0.8759110188590655,0.9526370111116407,0.7711949776746383,0.06018876900101888,0.935580996038617,0.9384124008873462,0.9060540201833014,0.7554264789789611,0.9188361382271666,0.9544316996038,0.4951319232791844,0.8907283270583697,0.9027019168030599,0.897206214237533,0.9152582079543838,0.9152582079543838,0.944383427890573,0.885400876353422,0.9459533477380777,0.0,0.9027019168030597,0.0,0.7334713952978886,0.9152582079543841,0.9544316996038,0.9275522446953854,0.7711949776746383,0.9508971383859763,0.9140827360776205,0.9369854052620161,0.892875760974867,0.9398636845831869,0.8612222667022562,0.9526370111116405,0.8717146038820363,0.8717146038820349,0.8442340263447974,0.03139863267861631,0.9562880686171873,0.8289245259008584,0.9623211158059548,0.8333555867103808,0.8333555867103808,0.24376003609304187,0.8706662210952574,0.8748612665230131,0.9544316996038003,0.848519788337875,0.7973204052495684,0.7780046509581313,0.9582144552981327,0.8289245259008584,0.9140827360776214,0.9341976401680094,0.9015943008452874,0.9582144552981327,0.8517144868263773,0.8141237078825918,0.9562880686171873,0.8982973238138026,0.9225015741707867,0.9526370111116407,0.9188361382271666,0.8070467719220202,0.9459533477380775,0.9526370111116405,0.9526370111116407,0.7985559379258667,0.9582144552981327,0.7985559379258667,0.6499526646778642,0.885400876353422,0.8442340263447972,0.9582144552981327,0.9492063492063487,0.930160641445072,0.9459533477380777,0.9544316996038003,0.8022278398026612,0.8982973238138026,0.9526370111116405,0.9301606414450723,0.9164419655193172,0.7250134267509765,0.9094556823349389,0.8843412180810755,0.6848496741376313,0.7923174570100686,0.6911250629978627,0.8727631680356077,0.9602211523225768,0.903814238682265,0.9602211523225768,0.9188361382271668,0.9152582079543841,0.9094556823349389,0.9526370111116405,0.0,0.9544316996038,0.9027019168030597,0.931488667261505,0.9582144552981327,0.9562880686171873,0.9475597985845114,0.0,0.9369854052620163,0.9582144552981327,0.9623211158059548,0.9106019687464655,0.823309558280246,0.9341976401680094,0.9544316996038003,0.8333555867103808,0.8289245259008584,0.9369854052620166,0.9428469360414611,0.8409971458279799,0.9526370111116405,0.9188361382271659,0.8117838598171898,0.9413411539914587,0.9106019687464657,0.9623211158059548,0.7655931084723666,0.9188361382271666,0.7780046509581313,0.944383427890573,0.03139863267861631,0.92126914699118,0.885400876353422,0.8070467719220202,0.8082384637825222,0.8187498553347687,0.0,0.8538362113124116,0.9176344520056336,0.9200475251844387,0.9176344520056336,0.9602211523225768,0.8453085223330421,0.0,0.0,0.930160641445072,0.903814238682265,0.8591172857456586,0.0,0.9602211523225768,0.9492063492063489,0.922501574170787,0.8972062142375332,0.7897778653703145,0.9492063492063489,0.9237454173815309,0.938412400887346,0.8322525541058978,0.9634411459729271,0.0,0.8811713725919912,0.9164419655193168,0.7766590274917047,0.9952327064015152,0.9237454173815312,0.8704033497109469,0.9526370111116405,0.7960789049353036,0.0,0.7973204052495684,0.9314886672615053,0.8591172857456586,0.8300371089395653,0.9508971383859763,0.831146423199498,0.9428469360414606,0.0,0.8961186971729789,0.7399891659895361,0.0,0.9237454173815309,0.7948313236856197,0.8420784215528956,0.8152867967569688,0.8022278398026612,0.0,0.7698078233874488,0.8559522762859684,0.9562880686171873,0.6574604645689301,0.7250134267509767,0.907182019415572,0.908315805590151,0.8961186971729789,0.9526370111116405,0.8982973238138026,0.8864622842804517,0.935580996038617,0.8527760996057683,0.8738120195914167,0.8706662210952574,0.21151139151266862,0.9544316996038,0.9314886672615055,0.0,0.9582144552981327,0.9015943008452869,0.8129560940834346,0.9398636845831869,0.9275522446953854,0.06018876900102055,0.7478523304650295,0.9508971383859763,0.06018876900102055,0.9398636845831869,0.9492063492063489,0.9413411539914582,0.879064442044788,0.903814238682265,0.9582144552981327,0.8463809254714867,0.9602211523225768,0.9413411539914582,0.935580996038617,0.801009545737682,0.938412400887346,0.9602211523225768,0.7997856146881548,0.9164419655193166,0.5305546844946969,0.24376003609304187,0.938412400887346,0.9027019168030597,0.9526370111116405,0.9188361382271666,0.8993922310882436,0.8769613888066743,0.9341976401680094,0.8993922310882436,0.9398636845831869,0.9250013316406693,0.6827113291147924,0.7725735218970409,0.9049315186013058,0.9443834278905732,0.8141237078825918,0.8907283270583697,0.9225015741707872,0.9341976401680094,0.21151139151266984,0.8175997772209664,0.9398636845831869,0.8517144868263774,0.9341976401680094,0.9152582079543841,0.7539334992316542,0.9526370111116405,0.8453085223330421,0.7143607147557585,0.9176344520056336,0.8993922310882432,0.9582144552981327,0.7301312695908229,0.8918007079504506,0.9562880686171875,0.9164419655193166,0.944383427890573,0.944383427890573,0.9544316996038003,0.9582144552981327,0.9250013316406696,0.8255663034700989,0.9129151319089186,0.9475597985845114,0.9475597985845114,0.7125274559321444,0.9071820194155717,0.08671734220308636,0.8717146038820361,0.0,0.9562880686171873,0.0,0.0,0.8187498553347687,0.2115113915126693,0.9188361382271664,0.0,0.7334713952978882,0.8377384241745145,0.4006068367505189,0.8527760996057685,0.8811713725919912,0.8058499662916012,0.903814238682265,0.47795836130872293,0.8399134433261015,0.9428469360414604,0.8864622842804515,0.4408515443948542,0.9176344520056336,0.7711949776746385,0.6473831763250284,0.9250013316406696,0.9428469360414602,0.9459533477380775,0.7846176027958278,0.9562880686171873,0.8961186971729789,0.9526370111116405,0.9004911494084331,0.938412400887346,0.9328339505740528,0.935580996038617,0.848519788337875,0.9237454173815312,0.9060540201833016,0.9355809960386168,0.7223272158432528,0.9526370111116405,0.17526171623055564,0.9508971383859763,0.9140827360776205,0.8570084033315839,0.8399134433261015,0.4654487838138114,0.8570084033315841,0.5711669571562623,0.77934241058442,0.8896584524348263,0.9475597985845114,0.7766590274917051,0.9262700211315917,0.9623211158059548,0.8058499662916013,0.8463809254714865,0.7876282222528316,0.8034406041869142,0.938412400887346,0.9071820194155717,0.8822265994777512,0.0,0.9544316996038,0.9164419655193174,0.9492063492063487,0.8612222667022558,0.938412400887346,0.9459533477380777,0.9262700211315917,0.831146423199498,0.9355809960386168,0.8046479448175343,0.9602211523225772,0.7935775465776653,0.9398636845831869,0.8664724446651941,0.06018876900102055,0.9428469360414602,0.7143607147557588,0.9152582079543841,0.9341976401680094,0.7806724477786732,0.880117361849238,0.7318083230664854,0.8633240709217587,0.9188361382271666,0.6991852245234744,0.8612222667022558,0.9250013316406696,0.960221152322577,0.9369854052620166,0.9508971383859763,0.8388272306091986,0.9027019168030597,0.525843532183836,0.03139863267861631,0.7960789049353036,0.8409971458279799,0.9623211158059548,0.8790644420447877,0.9526370111116405,0.9176344520056336,0.9164419655193168,0.932833950574053,0.9015943008452869,0.9250013316406696,0.9369854052620166,0.500567215157067,0.9398636845831867,0.9475597985845112,0.9544316996038,0.9623211158059548,0.0,0.9188361382271668,0.8654234385275936,0.8070467719220202,0.9200475251844384,0.0,0.8832831707913575,0.8244397822834253,0.9060540201833016,0.34458474155865637,0.9038142386822647,0.8918007079504506,0.8811713725919912,0.7859181167692968,0.9275522446953854,0.9060540201833014,0.6598989712921809,0.8907283270583697,0.9562880686171873,0.9027019168030597,0.9288488221297497,0.9526370111116405,0.9152582079543841,0.9623211158059548,0.9275522446953854,0.9459533477380777,0.9623211158059548,0.9413411539914587,0.9288488221297497,0.9492063492063487,0.6783615558233285,0.8843412180810755,0.9582144552981327,0.9492063492063489,0.9384124008873462,0.7806724477786728,0.8022278398026612,0.03139863267861631,0.9544316996038003,0.08671734220308558,0.03139863267861631,0.03139863267861631,0.3741839079094693,0.0,0.944383427890573,0.4527606561376478,0.0,0.9341976401680094,0.535161772248302,0.9582144552981327,0.9526370111116405,0.9562880686171873,0.9508971383859763,0.03139863267861631,0.7960789049353036,0.8580633769736241,0.935580996038617,0.8409971458279799,0.0,0.9071820194155722,0.9526370111116405,0.9341976401680094,0.7935775465776653,0.9083158055901508,0.9582144552981327,0.9508971383859763,0.9369854052620166,0.9152582079543841,0.6284764518573093,0.9492063492063487,0.4006068367505189,0.92126914699118,0.9250013316406696,0.6848496741376318,0.9398636845831869,0.9582144552981327,0.930160641445072,0.9526370111116405,0.9071820194155722,0.8420784215528954,0.0,0.9492063492063487,0.8822265994777507,0.960221152322577,0.8377384241745145,0.944383427890573,0.9398636845831869,0.8244397822834253,0.06018876900102055,0.7569089328329721,0.7846176027958276,0.0,0.0,0.40880739824839063,0.6991852245234742,0.9027019168030597,0.8058499662916013,0.8453085223330421,0.8152867967569688,0.8399134433261015,0.7997856146881548,0.9328339505740528,0.8129560940834346,0.0,0.9004911494084331,0.9544316996038,0.9623211158059548,0.831146423199498,0.9582144552981327,0.831146423199498,0.0,0.0,0.7739436107925914,0.9492063492063487,0.7819949015164562,0.938412400887346,0.8570084033315841,0.8993922310882436,0.6856702229525599,0.8993922310882436,0.8344556057285131,0.8506512873935228,0.0,0.9152582079543841,0.8175997772209664,0.9508971383859763,0.9582144552981327,0.5526275082095407,0.7351207557283752,0.43182584581086747,0.9176344520056336,0.9508971383859763,0.8591172857456586,0.0,0.8266892096935958,0.9176344520056336,0.8993922310882436,0.8727631680356078,0.8654234385275936,0.9413411539914582,0.9049315186013054,0.8538362113124116,0.9562880686171875,0.8685695845092949,0.862273520033598,0.9443834278905732,0.9602211523225768,0.9225015741707872,0.2586095064370061,0.8129560940834346,0.9544316996038,0.03139863267861631,0.8759110188590655,0.9288488221297497,0.9152582079543841,0.92126914699118,0.9623211158059548,0.9152582079543841,0.9623211158059548,0.9623211158059548,0.9027019168030597,0.3647019568709454,0.8961186971729789,0.9492063492063487,0.9602211523225768,0.938412400887346,0.938412400887346,0.8322525541058978,0.9428469360414611,0.9475597985845114,0.9288488221297497,0.5210240199989242,0.9508971383859761,0.7684119013812074,0.3833143586062788,0.7125274559321442,0.7447432793600621,0.0,0.8918007079504506,0.9492063492063489,0.758381053055492,0.960221152322577,0.9328339505740528,0.9341976401680097,0.855952276285969,0.0,0.7399891659895361,0.8058499662916012,0.9341976401680094,0.8058499662916012,0.8266892096935958,0.8129560940834346,0.9544316996038,0.7143607147557588,0.6716454483484393,0.8058499662916012,0.7431708752992889,0.9355809960386166,0.6761489807685291,0.9623211158059548,0.9355809960386168,0.9492063492063489,0.8982973238138026,0.930160641445072,0.8388272306091984,0.4779583613087228,0.8106069085572598,0.9492063492063489,0.03139863267861631,0.8420784215528954,0.861222266702256,0.5110414539348817,0.7766590274917051,0.7524297972473162,0.0,0.9856724533720749,0.8633240709217587,0.9225015741707872,0.0,0.8399134433261015,0.9428469360414604,0.9582144552981327,0.2115113915126694,0.03139863267861631,0.9114861522954751,0.9314886672615051,0.897206214237533,0.9288488221297497,0.9083158055901508,0.9355809960386172,0.8129560940834346,0.0,0.9275522446953854,0.0,0.9582144552981327,0.8333555867103808,0.8843412180810759,0.9623211158059548,0.9262700211315917,0.8022278398026612,0.904931518601306,0.9225015741707869,0.0,0.8322525541058978,0.8210376473859937,0.8506512873935228,0.9250013316406696,0.40060683675051967,0.9544316996038003,0.3227392978460525,0.9237454173815312,0.392115299153029,0.8928757609748668,0.7948313236856197,0.392115299153029,0.9225015741707872,0.9544316996038003,0.885400876353422,0.392115299153029,0.9623211158059548,0.931488667261505,0.9508971383859763,0.885400876353422,0.9475597985845114,0.9237454173815312,0.9341976401680094,0.8918007079504506,0.9152582079543841,0.9355809960386168,0.9140827360776211,0.930160641445072,0.9475597985845114,0.9384124008873462,0.7301312695908225,0.9225015741707872,0.9015943008452869,0.8333555867103808,0.42440193597169273,0.9083158055901508,0.930160641445072,0.9508971383859763,0.9526370111116405,0.9015943008452867,0.8939536575643379,0.9275522446953854,0.9275522446953854,0.9004911494084333,0.9544316996038,0.9562880686171873,0.5974763156586966,0.9262700211315922,0.8664724446651935,0.9176344520056336,0.9250013316406696,0.6549904556417999,0.9369854052620166,0.9237454173815312,0.9492063492063487,0.8366469404145511,0.8780124908814328,0.9129151319089186,0.9004911494084333,0.6623067578386677,0.9562880686171875,0.9188361382271666,0.5906675167558797,0.9314886672615046,0.944383427890573,0.926270021131592,0.8993922310882434,0.6040574193889983,0.7598430279509716,0.9398636845831869,0.6739104850582693,0.9475597985845114,0.8832831707913573,0.7143607147557586,0.9526370111116407,0.9508971383859763,0.8864622842804517,0.9275522446953852,0.9526370111116405,0.8982973238138026,0.8633240709217587,0.708808264663793,0.9459533477380775,0.9459533477380775,0.8322525541058978,0.9341976401680094,0.9027019168030599,0.9526370111116405,0.8591172857456586,0.9341976401680094,0.9562880686171873,0.8928757609748668,0.9328339505740528,0.9508971383859763,0.960221152322577,0.8854008763534222,0.9582144552981327,0.7197593917099125,0.9562880686171873
p319_I,0.7110408807716294,0.7805858200641032,0.5494642894337511,0.854502881637919,0.7880717061286087,0.8431072649169116,0.9639796138814982,0.9850729144315788,0.5452250265266398,0.8119220126818756,0.7495957960173825,0.7794874015684093,0.7520579877837957,0.6773009537554009,0.9836157366834365,0.9723830749425992,0.8985590214865504,0.7147226992664302,0.9611195340498857,0.8697346212836399,0.7135040605153411,0.7911735158890811,0.8921513898336457,0.8551620913384856,0.7609577999377946,0.6760722262638168,0.7684157506030163,0.6606551243213572,0.8697346212836397,0.8393631282836258,0.7464435596449563,0.8157177922735033,0.8128385824110982,0.7871816646486065,0.8163003843062467,0.8260073636615617,0.8246467578196357,0.7620178857565232,0.8218508298411398,0.7091928751472185,0.581074960875104,0.7266730525484851,0.9707583432820052,0.7503305508741056,0.9245876756632574,0.5213114913144412,0.8027832026517656,0.578670718160756,0.709192875147219,0.4884239673570294,0.909224298289043,0.3999115244435394,0.6978295503520224,0.9213590764114841,0.831416541006879,0.7459091117219763,0.9146234226949468,0.9856724533720749,0.7058137010092262,0.7749528077373977,0.5558149159111528,0.6684829448557517,0.9154027912340778,0.87385565097553,0.8179859988662401,0.5445963884726697,0.8725938543413643,0.6258061720946859,0.792417976559431,0.893563448855724,0.6721691969336365,0.709192875147219,0.9292150970167989,0.2557458147001771,0.9856724533720749,0.5272353962875242,0.7911735158890809,0.7982079904562367,0.4264478458515203,0.843107264916912,0.8615066484717837,0.7710116930146547,0.856894915833124,0.9322959401484845,0.9856724533720749,0.6570345333236844,0.8626046900958126,0.6757717351741288,0.8443581101080426,0.9714932980607038,0.9856724533720749,0.5649822207758339,0.5997170753053074,0.5666651412554868,0.9996905166864903,0.7425292451126886,0.5558746958027099,0.5468163462833759,0.2850123751543978,0.3537913985441359,0.7248198228503548,0.8027832026517654,0.7884981212068207,0.6909436360792989,0.6998844770922241,0.8260073636615606,0.613511197311907,0.27308040546028856,0.7020613003650773,0.279143514248853,0.4976304401696976,0.9857656137390776,0.4921256796145138,0.6579839535790051,0.8328655804961278,0.38749311849408696,0.8799375212389071,0.8024341677705482,0.8431072649169113,0.42289737636175073,0.8403725945226901,0.6576859502311336,0.737610804298789,0.9485316447822533,0.7582373474428414,0.5240048700053368,0.7955384713794649,0.8727104493857676,0.9462184605854558,0.9117711157968404,0.426697612596622,0.8328655804961274,0.8102561836643376,0.8218508298411389,0.7944444047797232,0.5764760236861461,0.6607166802376101,0.8102561836643378,0.8414250190028509,0.9580557204385115,0.5046214907413675,0.8343631361686954,0.5321076895981418,0.5925733428720994,0.6831972033822573,0.612648263349779,0.680894259929113,0.3177473647450503,0.7126217466972069,0.2581685560213316,0.8343631361686967,0.6069600676389137,0.8138100515895024,0.930790678787083,0.8725938543413643,0.6912074734321856,0.657847496855571,0.7331952945431108,0.7522128562947634,0.6726715275983461,0.882852347473961,0.8328655804961274,0.7710116930146547,0.38243975445362666,0.620080184449771,0.6706441085897221,0.6964224106689854,0.662402930347445,0.856894915833124,0.5021838886204464,0.8348137785398619,0.7816419778777748,0.811215821973976,0.8062105156635065,0.8526736435043283,0.7523830241218601,0.893563448855724,0.8793690676664638,0.878443001717699,0.753261034942549,0.9394412584546742,0.7933050215586225,0.8513555560800827,0.8343462291376365,0.8188230184797896,0.43116881066928125,0.40947072503509985,0.6172786565595422,0.9213590764114841,0.7821947040441048,0.8779582788912846,0.7632393659713665,0.43385688703452185,0.30950891004625136,0.9838787185389832,0.9856724533720749,0.7678372320179733,0.9351476908318526,0.7261433924174955,0.6077049507454884,0.6591212121199563,0.86177564292225,0.9856724533720749,0.48055701181489874,0.34592388972249943,0.8472934977968186,0.9856724533720749,0.7946812234187559,0.6728479636721086,0.5987988009130418,0.6585244078670494,0.6210472823298746,0.781641977877775,0.9856724533720749,0.7992582933352941,0.9856724533720751,0.5161970781031542,0.48243791716300377,0.49326635382723727,0.9856724533720749,0.6255466711895448,0.9856724533720749,0.6720628215379751,0.8534563289807661,0.6520690872816961,0.4833005259759857,0.8027832026517654,0.22094839248985265,0.9580557204385116,0.8234134759086205,0.7326186560660396,0.7111045759909143,0.6619803244817358,0.8139776103507093,0.8102561836643378,0.9472228161853211,0.7455442191688652,0.8444268315012815,0.7483673142096552,0.911771115796841,0.5993331476337287,0.7370398200395534,0.5228157539262195,0.8779582788912849,0.9856724533720749,0.67307014930027,0.9856724533720749,0.6362464693827579,0.6471399879728876,0.8157177922735033,0.9276121546275616,0.18461728619869655,0.7678372320179734,0.6119653913015233,0.737610804298789,0.5695563612645216,0.871126282114518,0.42521004341239843,0.776063507527166,0.47990983116839425,0.930563877983215,0.3800261401065189,0.9989227118453173,0.8904980283501738,0.53909091866852,0.8218508298411398,0.5920408505573564,0.7693511768110808,0.9699941810743937,0.7952197766182021,0.5217270255257289,0.8157177922735034,0.5322575332079893,0.516625509759741,0.4832421497922632,0.8260073636615606,0.2414275918951524,0.8484351436354048,0.748507200849527,0.9039331021156884,0.8260073636615606,0.8526877937409478,0.3185115216435145,0.8827673261514815,0.6088138154361296,0.7363682630495734,0.8027832026517654,0.7000231174933707,0.161231693955472,0.7749528077373982,0.8027832026517656,0.8027832026517652,0.17338371602570113,0.8260073636615617,0.4862270927609652,0.619872537432593,0.5228157539262197,0.897811663666078,0.9611195340498857,0.7884981212068207,0.7948499682073038,0.7749528077373986,0.8102561836643378,0.23589002955756988,0.6321835064321497,0.8027832026517654,0.7306071484122403,0.8278303160935876,0.36670858713986476,0.6069036349576866,0.6171093113535895,0.8279303233711177,0.7548448894791522,0.6420864694570823,0.6116173273590171,0.9051061063985824,0.6961580307576043,0.9404775915135253,0.8519624413031555,0.6360905556529195,0.6579839535790051,0.8061458853715278,0.9856724533720749,0.784548956934989,0.8277887963565074,0.7147226992664311,0.8260073636615606,0.9228886919927944,0.8365008054470018,0.9856724533720749,0.7843047955768001,0.8699902529647096,0.9175610216373451,0.6807470255384926,0.5385965987513601,0.7260027086843999,0.87805546295053,0.3387403844806073,0.28765143631051426,0.8309987868548112,0.7297751476977308,0.3764809238641389,0.806145885371528,0.7491968336961603,0.38856352466644695,0.7226556740618739,0.6479784989053654,0.8803341432771288,0.23101646508367069,0.7000231174933704,0.21681403699045476,0.7684157506030163,0.9989227118453173,0.9249749219505832,0.5527869086606447,0.19799769236203224,0.20373952148256524,0.24528468560043448,0.9856724533720749,0.44154616349288156,0.7420241560004623,0.7247262245202144,0.9011669407857501,0.8472934977968183,0.43730078385330506,0.9856724533720749,0.9856724533720749,0.7126217466972068,0.6458470293472829,0.5480749371559017,0.9856724533720751,0.834363136168697,0.7884981212068207,0.6773009537554007,0.5719725107898148,0.3580622162812487,0.7884981212068207,0.7024231378350856,0.814983907291325,0.3015091568532362,0.21378311420671103,0.9856724533720749,0.5198797313166705,0.6520690872816961,0.18621338232411322,0.27161506105976163,0.7024231378350856,0.7085242782218182,0.8027832026517654,0.16970843992204,0.9856724533720749,0.2047626926681303,0.8452666437956631,0.751471737164437,0.6953017002584991,0.7969455184581442,0.3599894957028944,0.7620178857565236,0.9856724533720749,0.7318057508618837,0.5534423659077845,0.9856724533720749,0.9186619226720724,0.601578874644809,0.5485510687248478,0.2555635936845593,0.13819021296019884,0.9856724533720749,0.8287530636873146,0.5590938177713757,0.8827673261514812,0.778115470832093,0.6013480177677305,0.595537390090122,0.5838547766376223,0.5992964286289497,0.8027832026517656,0.6967794790391046,0.4782517936303614,0.8234134759086207,0.3832526901322372,0.7160180324804761,0.46146148578881485,0.9016348683912782,0.8102561836643376,0.7364800233546365,0.9856724533720749,0.8935634488557238,0.7388337085554235,0.5961197089425398,0.8615066484717846,0.7814552560785282,0.9847548676209205,0.7460954613623088,0.9701881900204898,0.9847548676209206,0.8468201848950914,0.7884981212068207,0.8054237453578039,0.569090866528486,0.6497989509082143,0.8024341677705479,0.35173147193144416,0.847293497796818,0.8468453005303807,0.8463261138836291,0.5838826071128467,0.8149839072913247,0.8697346212836394,0.6174938881187049,0.7163801882454337,0.9529305043279379,0.992114283667658,0.767363124486838,0.6447704097639919,0.9832774697179376,0.9089396877318248,0.8738556509755298,0.9796896311191661,0.8835341538402921,0.784566877240639,0.885812745691211,0.6453995170763076,0.5257728599957607,0.4938528207361127,0.67176841033182,0.9506163298399641,0.7132143848736057,0.5912678796098318,0.75171505640093,0.801402955847924,0.9932854202913117,0.2528768096933207,0.8615066484717842,0.4748467238742333,0.7788984636827964,0.7206548040112661,0.6388535960877535,0.8027832026517654,0.9138681684752814,0.5583624816073569,0.8260492769512684,0.7683012833461711,0.9948975766469665,0.7208271620284776,0.6125674180937024,0.947548653436723,0.7820942364378751,0.794444404779723,0.7684157506030167,0.8780554629505298,0.8024341677705482,0.6877098019706112,0.298685251549058,0.6373835523155167,0.7816419778777748,0.7816419778777748,0.48879456605616656,0.784677945276594,0.9452690534532084,0.49399277013135723,0.9856724533720749,0.8179859988662408,0.9856724533720749,0.9856724533720749,0.180225603659392,0.8787222304162704,0.6810307020171473,0.9856724533720749,0.34453876808307804,0.2711179674200159,0.9595779561359974,0.8101178932632802,0.5198797313166708,0.31400918964115343,0.8845836241563823,0.8394505007480109,0.28156912932201184,0.9076475859887414,0.9303030709404139,0.9475486534367226,0.648127076207361,0.5195732560834183,0.47903899258340243,0.6877098019706112,0.907647585988741,0.8245599845264671,0.7092319229047912,0.8503766625088609,0.6311487057960528,0.8027832026517656,0.7495093213363202,0.7802394388705269,0.9194053059592844,0.7775881999586036,0.3884066740484552,0.7223660293873402,0.5899116837296605,0.6954211266162026,0.9745159874661271,0.7760635075271658,0.9231017872839916,0.7955384713794653,0.8969051230819509,0.37745906258390516,0.4231786225177183,0.9037626896798772,0.6187361328334404,0.7370398200395538,0.7560828894315466,0.5405440590638109,0.8365008054470018,0.27097977295327247,0.6929925529983973,0.8803341432771286,0.2527897347398925,0.42978781343406014,0.6397940790107216,0.2548726337889895,0.7673631244868373,0.6643157737942934,0.7381553192864614,0.9856724533720749,0.8102561836643376,0.7906802734775348,0.8727577406615228,0.5035011059240799,0.7326186560660388,0.7978608373440581,0.7954315297701016,0.2969032905443645,0.8692387518586377,0.1252895734755799,0.8697346212836399,0.21340300738291562,0.9587310373494924,0.4100881903104342,0.9847548676209205,0.9653006723748221,0.7444061887847703,0.7941696200496446,0.7485072008495273,0.7045192699453083,0.6522252392403536,0.30971892399988965,0.3947499307711977,0.7380079484458166,0.42875536525334157,0.44925863247276165,0.6656083255900371,0.8697346212836403,0.8076517912158057,0.8551620913384859,0.5336219773419835,0.722984254734592,0.6340474237537158,0.9714932980607037,0.18739299203635384,0.3379211404299416,0.9175610216373451,0.5589931486784155,0.8663106410602519,0.7884904450340273,0.7449441938218249,0.7866846903996985,0.9804973223921255,0.7079186104843409,0.7487552916430882,0.9640916647743811,0.773901893236808,0.8343462291376362,0.8102561836643376,0.8431072649169118,0.9856724533720749,0.825166495601052,0.48089495089773404,0.4921256796145138,0.6670824330711573,0.9856724533720751,0.6408958476566108,0.368886809443441,0.5558149159111516,0.8348137785398617,0.5994879494978913,0.6270539461441704,0.5408952458938155,0.9820506202175661,0.7398934576079692,0.8474916472649487,0.43850095114066356,0.6683827518448675,0.8179859988662408,0.5948563043296695,0.9146234226949468,0.9231127140292135,0.6471399879728883,0.8803341432771281,0.802926759215885,0.7749528077373988,0.8431072649169118,0.7557478947704022,0.7669984005935975,0.8167267993844587,0.60008295811258,0.5184033970277102,0.802434167770548,0.7880717061286091,0.7564290474682833,0.3411153004824534,0.2847399378562554,0.9989227118453173,0.8725938543413643,0.9766449840166709,0.9989227118453173,0.9714932980607038,0.8631513265534982,0.9856724533720749,0.7370398200395534,0.9050401167588935,0.9856724533720749,0.7260027086843996,0.745497624079902,0.9037682955617903,0.8027832026517656,0.8257167010649323,0.8260538048983149,0.9714932980607038,0.36993727737430926,0.35576411972849664,0.6954211266162023,0.286779917083677,0.9856724533720749,0.6135111973119072,0.9231127140292137,0.7260027086843994,0.4008436465498977,0.6529240883605301,0.8260073636615617,0.7955384713794651,0.7487552916430884,0.9228205481168079,0.9944277563278503,0.7884981212068203,0.9485285238160296,0.7694021680940006,0.7887538445392601,0.6474330597943376,0.8468201848950911,0.9611195340498857,0.7306071484122401,0.8027832026517656,0.7338733687942067,0.3563962817858487,0.9856724533720749,0.8731841557397346,0.5538480355166864,0.8119220126818758,0.38819428225887354,0.768415750603016,0.8468201848950909,0.34477720648023036,0.9847548676209205,0.400667505012249,0.18771703802911488,0.9856724533720749,0.9856724533720749,0.9393850483792072,0.6249515573687189,0.6114943394744434,0.5343992272856943,0.34646443717930797,0.4778535805951696,0.35905722409394203,0.15091968923817012,0.7203243826199046,0.3127595895230929,0.9856724533720749,0.9555453301502007,0.8102561836643376,0.8218508298411398,0.32213777260777676,0.8260073636615606,0.4413726062850467,0.9856724533720749,0.9856724533720749,0.20969293106608655,0.7884981212068207,0.23579713111855127,0.7435527330845932,0.43135923597801207,0.5973405547695725,0.9477024499607622,0.7274653059253169,0.30612031529755346,0.40441774039278267,0.9856724533720751,0.6471399879728879,0.16235722821028176,0.7955384713794649,0.8699902529647094,0.8248244395680683,0.9375518312170409,0.9633889099831838,0.6570345333236842,0.7678372320179736,0.45378314331440883,0.9856724533720749,0.23068751591732295,0.8448286929098887,0.5568485627180839,0.5267627632374556,0.5359137697427072,0.772331524649277,0.567414669638996,0.4576931642184068,0.7933260374223116,0.8377108450086846,0.4032464647190006,0.8411544367463811,0.834363136168697,0.9092278811853901,0.9154027912340774,0.22651955317804362,0.8157177922735029,0.9714932980607037,0.5852550514327559,0.7690372442307332,0.7941696200496451,0.8611125414966156,0.8218508298411391,0.7574122120304552,0.896304586561572,0.9335314649217885,0.6281323746192178,0.833338041037017,0.5884705036099185,0.8163003843062466,0.8343631361686965,0.7911735158890811,0.7326186560660392,0.4152764735144827,0.8382489307383865,0.7520579877837958,0.8533943997172184,0.7029129636809096,0.9133786642188271,0.5565593254802215,0.9298183155866663,0.5511412862608125,0.5716796429021926,0.9856724533720749,0.5649822207758339,0.985672453372075,0.406615522516246,0.8119220126818756,0.8372735655148074,0.7338894793525412,0.6136729886195693,0.9856724533720749,0.21092013196202042,0.19157027983863095,0.9139254166735612,0.11877276488655719,0.21815836652589593,0.15259952202514393,0.8414250190028507,0.33353772669441917,0.904459138176723,0.9146256786029542,0.34746262978054987,0.7317629240085874,0.4760503912293359,0.843107264916912,0.7775881999586038,0.7884981212068203,0.8187507264087326,0.9019213345324102,0.2763486234967317,0.9559167467614291,0.248255794889211,0.9009864188391608,0.9989227118453173,0.3563962817858489,0.4221373957471033,0.6948532601302593,0.25887028857767813,0.24298883846097385,0.9856724533720749,0.0,0.4308891892160509,0.6773009537554009,0.9856724533720749,0.2687448496372571,0.863659279065673,0.8260073636615606,0.9608893037586714,0.9989227118453172,0.5294609665310577,0.719586874440229,0.8606185527495529,0.8935341338233256,0.9131131116566147,0.8005008379336127,0.23347979780321548,0.9856724533720749,0.8860503561570029,0.9856724533720749,0.8024341677705482,0.5973976579970461,0.4829647316196536,0.8218508298411398,0.7333491770800599,0.6405620795726625,0.6181357976409414,0.7166791599515159,0.9856724533720749,0.661944180233178,0.3900642419264708,0.6016475088814,0.7887538445392601,0.7941696200496449,0.8725938543413643,0.8493802700804491,0.6394614409405043,0.995005507865818,0.49350691522752277,0.21866394821056923,0.995005507865818,0.6969900568534584,0.8102561836643378,0.5378013312934322,0.995005507865818,0.8218508298411398,0.9322959401484847,0.826053804898315,0.5977436407622827,0.8090713916623882,0.6594043324927592,0.7710116930146547,0.6746391434620389,0.665518691982484,0.9245475063662866,0.6119653913015227,0.7126217466972067,0.7794874015684092,0.8516706130772592,0.6761758664626505,0.6773009537554007,0.6067541937072103,0.5540457806458441,0.8324397809555486,0.6182322185877194,0.7520214216772614,0.7969455184581443,0.8328655804961278,0.8319078681878861,0.9356161065608621,0.8860503561570029,0.7191125583726898,0.7097575397223024,0.8102561836643376,0.8179859988662408,0.9004904529045368,0.6718857910170379,0.7201224462266147,0.7608035719590829,0.6877098019706112,0.7931791149640229,0.8076517912158057,0.739175898701779,0.7884981212068203,0.6481243346755912,0.63667987393211,0.7454340046938186,0.5622848654655623,0.9637522474825617,0.8179859988662401,0.8329700258269324,0.8718533353069893,0.6760722262638167,0.8725303673098435,0.7339681437070791,0.890121244869998,0.9145237934241901,0.9686583577712609,0.7495957960173825,0.975479492200012,0.8639302192316154,0.8929451260944619,0.832274789667593,0.8328655804961274,0.8246467578196357,0.47825179363036174,0.657460464568927,0.8930303361848517,0.9551633694669249,0.4220606489110289,0.8615736650729708,0.8283511021022165,0.8283511021022165,0.3712054820988785,0.8385251695100371,0.6114943394744432,0.8629479583404895,0.42818558685074937,0.7260027086843999,0.8503766625088613,0.5247381393444545,0.8751651007727552,0.8828633306999774,0.8472934977968181,0.7428909550803615,0.8699902529647099,0.9519454219168915,0.8179859988662408
p319_W,0.7216908653584673,0.9819274018196849,0.41792414855224347,0.942628228782052,0.8633240709217587,0.9405097243761413,0.8897779049922385,0.8895623747802361,0.7411826461223265,0.892962784146768,0.8062018706777567,0.8588935204002319,0.8588935204002321,0.8579429422118015,0.9423393845918666,0.8192716966334319,0.9968140003997854,0.7925683637873935,0.9255780598322527,0.932771007121397,0.5011013361641949,0.6297805435888595,0.9154728289468134,0.900633073794324,0.6703261983640922,0.8156492020535611,0.9968140003997856,0.8169712959496187,0.932771007121397,0.7497157961297367,0.8891676404718525,0.9124629060455849,0.6390304591892744,0.9739758381447481,0.8950935460094678,0.7322877430076868,0.6734945323182017,0.9034073847232194,0.898613381330402,0.9084770266210371,0.2822013117516262,0.819269100283812,0.8986133813304022,0.7859386470632799,0.8503465187788168,0.4416668095030156,0.7211764089919217,0.7322408530672038,0.4890149346272382,0.7088565492849235,0.8773844821970238,0.5340521261337092,0.8156492020535611,0.8421603457990252,0.8462121152122815,0.574355201262517,0.7404972158640578,0.8633240709217587,0.6543008613981156,0.6646596730201715,0.747209466656058,0.8154447905417892,0.9394867765970359,0.630012079175466,0.6801782751534173,0.6962635434715121,0.8419881270144887,0.687475585093664,0.5834546015437323,0.9255780598322527,0.9194654301067335,0.4890149346272392,0.8633240709217587,0.53365405096314,0.8633240709217587,0.3219185018820625,0.6833745256890503,0.7788469961337645,0.7350611570790095,0.8986133813304025,0.83818476025034,0.8984612896984401,0.8246644637633855,0.743595559517513,0.8633240709217587,0.8417750793709442,0.9414675996096098,0.9424350237881982,0.9669763161344179,0.8588935204002328,0.8633240709217587,0.9243913438066863,0.6307608814953939,0.7143424946441084,0.8246644637633855,0.7691231991490831,0.9863430730207442,0.21118056972774923,0.5153742448281415,0.5820538515632274,0.6930280688350459,0.9920219221941929,0.8950935460094678,0.9656240910735101,0.9218426784830362,0.6942728322121243,0.9788362780180855,0.46833293616999994,0.8304398650868532,0.5962644950595084,0.8016969006434497,0.9188478398694269,0.5497627911530494,0.65269482777835,0.6873207198416378,0.43056707975757846,0.9539739906155531,0.8875631490366904,0.7662158743036869,0.6180758909973254,0.7656713965420974,0.9373284992554612,0.8567153354315402,0.8664239882686189,0.9639731787319761,0.916183204794496,0.6407351174037806,0.6723605412471116,0.9515033910166031,0.7719761627955795,0.6576301968851743,0.6873207198416371,0.9475413298941457,0.8986133813304025,0.6223705473856964,0.8466767801900731,0.7072951342090414,0.8419881270144891,0.7016744316202441,0.854570870649245,0.35543032055325696,0.7089549861069411,0.8508706227697405,0.6002695427987341,0.9872737818891415,0.7594471200941935,0.7468979480832476,0.5750634554022169,0.8120757404207615,0.5411021211013602,0.9079961009800875,0.7472094666560576,0.9727805706279864,0.6425822351455293,0.947541329894146,0.8361760619708305,0.9085600926748848,0.8626980448433854,0.811054368893928,0.9710590142903269,0.7980287134399658,0.958166233043909,0.974902263015138,0.467833216978355,0.3381378955367539,0.8067398777107783,0.8097146008622056,0.6483179090398791,0.7833557736607563,0.6275679716789673,0.9687367361041053,0.6163172127736656,0.9746879019618719,0.865041800442659,0.9649178733300221,0.7585494542019471,0.9255780598322527,0.825612370477403,0.8475162239405254,0.9832977281158709,0.9833251198584076,0.9060498189962789,0.930373803980105,0.8588935204002319,0.7421906822733864,0.8708995775627936,0.6634082649203061,0.7537900452818436,0.8421603457990252,0.8845911306628498,0.8846189616699074,0.8921736910811455,0.5116450244120998,0.5026370772005104,0.8047698884883288,0.8633240709217587,0.8678736588799028,0.8545708706492463,0.732240853067204,0.498014534221048,0.7787140934579508,0.8588935204002319,0.8633240709217587,0.2732496918624743,0.6529066317530736,0.932771007121397,0.8633240709217587,0.6656210295874696,0.7719761627955806,0.7453672047112836,0.6604257467934709,0.45664600502904373,0.6471871696457883,0.8633240709217587,0.6274113776127541,0.8633240709217587,0.8536373180286301,0.5984238183497712,0.6124971380779656,0.8633240709217587,0.6713922850363316,0.8633240709217587,0.587616598468834,0.9788362780180855,0.7960663611529744,0.12434808313613621,0.7211764089919213,0.3843297633570453,0.854570870649245,0.8638995688203523,0.8342796354092277,0.8114939659631963,0.7419814180120363,0.8122773237885397,0.9121449747116104,0.7475897054345035,0.792758571177298,0.7936857129068683,0.8254154000748568,0.97981592233022,0.7719761627955801,0.8503465187788166,0.9373284992554612,0.8846189616699076,0.8633240709217587,0.7381896022300456,0.8633240709217587,0.8050590896147105,0.8547121344203126,0.8773844821970238,0.8050570472652661,0.3843297633570453,0.8678736588799028,0.7688131944254832,0.5389488466406569,0.9894872653074225,0.8882664943097344,0.6265758547087472,0.8725553212046715,0.9014081203429077,0.6002695427987337,0.5808637726280026,0.8588935204002328,0.9188331228609052,0.6679922004369703,0.898613381330402,0.7939037022029138,0.9079327445277539,0.9437425247658306,0.9060586190430636,0.9835081768576976,0.877384482197024,0.5923959325153012,0.646493778445562,0.8115354017445968,0.6942728322121243,0.5538177659535359,0.8302279878806718,0.670515684582881,0.7909516937139958,0.6942728322121243,0.8202671834899677,0.597013966519365,0.9552866321323306,0.41945594044958745,0.8318344348897483,0.8725553212046713,0.6626545371418417,0.5083851374385631,0.6045634909788484,0.6534650306913536,0.924310543893625,0.3215191965899544,0.963592970627815,0.8282253657219067,0.609550151403196,0.17839191097098617,0.6245687262960051,0.9983921185766227,0.7872117031134395,0.8987204009784109,0.8846189616699076,0.9124629060455849,0.46783321697835545,0.762686898195698,0.8565991655930572,0.705917828577862,0.7751614263563293,0.3573533736446889,0.776060767123018,0.6887844990893512,0.8831382855999441,0.7521022237416314,0.8007795171553342,0.9285447292937319,0.788571432056201,0.741182646122327,0.932771007121397,0.7054039047551843,0.7719761627955792,0.65269482777835,0.872555321204671,0.8633240709217587,0.8773844821970229,0.7381896022300454,0.7925683637873943,0.6942728322121243,0.9188331228609052,0.9823733478887269,0.8633240709217587,0.8805299611215884,0.8875631490366904,0.9405097243761413,0.7037685883407154,0.50713489374996,0.72117026349745,0.8773844821970243,0.5515919872626291,0.2576738190792358,0.830439865086853,0.8462121152122812,0.5020553743227746,0.9064110103549554,0.781603683884706,0.2876848776785026,0.842160345799025,0.7793280197817896,0.808112217349426,0.4101713275491845,0.9832747942419099,0.40265328230475483,0.6809575400340839,0.8897634772723566,0.8319221045413105,0.7686759240811334,0.4808000349622388,0.4978126298709591,0.2598791251383924,0.8633240709217587,0.6216270888331819,0.7995051449656034,0.8042667553238279,0.9468752486023506,0.8929627841467682,0.5837550343347209,0.8633240709217587,0.8633240709217587,0.8120757404207612,0.7411826461223265,0.8030133459687031,0.8633240709217587,0.932771007121397,0.6283643276748934,0.8318344348897484,0.2479013206222911,0.44799360281776,0.7554422280257302,0.7787431606068622,0.8342796354092272,0.21368072408628358,0.30106696335113736,0.8633240709217587,0.22967814409837461,0.8485497473040673,0.4126608774480367,0.46077652522131807,0.8909650635169583,0.9478523469746436,0.6534650306913535,0.4512876178196774,0.8633240709217587,0.32565520842619544,0.8891084084583822,0.9242922717708131,0.6635915176194781,0.8678736588799028,0.23316495372721735,0.9034073847232191,0.8633240709217587,0.7204754264382178,0.5156472919173197,0.8633240709217587,0.8172579889167924,0.4889946542696251,0.19252857817590985,0.2739625732564728,0.4678332169783552,0.8633240709217587,0.9242270357726612,0.6274113776127539,0.971806349324819,0.9389831969892359,0.6075257748093368,0.7502446952852513,0.7532954954613607,0.795582087331319,0.653465030691354,0.8172107089526788,0.694491879616375,0.9555940207370357,0.6038488461747011,0.9878784761834012,0.2904803008841371,0.8266608704208855,0.6665960077716825,0.8905139723271553,0.8633240709217587,0.9223622969854981,0.8188509977484054,0.8156036025567837,0.8381847602503403,0.937680433377298,0.8545708706492452,0.9927909343067082,0.933392488708745,0.8545708706492452,0.9976859924857044,0.8633240709217584,0.9062589533637874,0.2950674678866325,0.9568352639600353,0.8875631490366902,0.6012818566694942,0.8929627841467682,0.8421603457990254,0.9040207606105755,0.7392273006947212,0.9950615817098012,0.7487632090815725,0.6329912429963263,0.8169712959496191,0.8136428655444634,0.8192691002838117,0.6833745256890513,0.38173599022734994,0.8725553212046713,0.7054039047551841,0.9045995271416558,0.780230829825003,0.8229385262714317,0.8208130248921537,0.8655396347943329,0.7981930316589159,0.9300594814631551,0.7014925595161756,0.9323394358780347,0.9968140003997856,0.9024093558216839,0.7038733935825416,0.7914666658764196,0.8229385262714315,0.8266608704208858,0.26461509187014787,0.8655396347943329,0.40476113624252985,0.8229385262714315,0.6488720358312846,0.9644142815009346,0.8725553212046713,0.8904897175343203,0.4135591646307921,0.968584882586967,0.7658955352989156,0.8875631490366902,0.8139712738580023,0.7437853213714374,0.8823796135894799,0.9530744212872904,0.8796400151030106,0.8567185179792465,0.8773844821970243,0.8875631490366904,0.8891676404718531,0.24461438072150443,0.3628368310470502,0.6780571265179126,0.6163172127736644,0.5245600600870559,0.8857042086335831,0.8503465187788162,0.7112153345255348,0.8633240709217587,0.7166317844248435,0.8633240709217587,0.8633240709217587,0.5122907778705539,0.8266608704208858,0.7695279561751973,0.8633240709217587,0.4871997726810606,0.5633853585413124,0.792660155701763,0.8866084201625914,0.22967814409837461,0.4889447705350757,0.9945830251997402,0.7569145896245686,0.5692379160688965,0.8462121152122815,0.9663392864175679,0.8823796135894804,0.7783701777629337,0.5798355340620199,0.6123953257425265,0.5877283588537626,0.8748097499677505,0.8846189616699074,0.8974593432518716,0.9552866321323303,0.7418106999723786,0.6873207198416378,0.9173768591549447,0.8342796354092272,0.8441637851802157,0.6318198982512804,0.6071136096547618,0.8909650635169584,0.747209466656058,0.8266608704208851,0.8064880271258943,0.8725553212046713,0.8342796354092279,0.8678736588799028,0.9241128382985739,0.6152371601633337,0.3915959755956392,0.8773844821970236,0.46592824502387764,0.8503465187788168,0.760656267342775,0.520495911136736,0.9823733478887267,0.4126608774480365,0.5066641765483857,0.9824060674218802,0.3098090054334497,0.6012818566694942,0.7381896022300454,0.35968062934759204,0.8977504540898162,0.7695960543350131,0.7992948346479483,0.8633240709217587,0.6665960077716825,0.7960663611529737,0.8633240709217587,0.33563791708832724,0.834279635409227,0.8545708706492459,0.9447592053096394,0.37516349935870874,0.8524475004841154,0.4881125995385531,0.7487632090815702,0.48836746887348337,0.8655396347943327,0.6562409978537576,0.8545708706492452,0.9320050194786884,0.6616313002883079,0.9788160918574134,0.8224794213265874,0.45863837710125477,0.67741891567963,0.38902403965155985,0.6322314049586777,0.9526011543380764,0.5882471175314019,0.39668416580614596,0.7981930316589165,0.8929627841467682,0.6966016687087789,0.867873658879903,0.5552206603455807,0.7756395770190927,0.7293236289759588,0.8588935204002328,0.4667215759339389,0.3574005813623041,0.850008560395165,0.7072951342090414,0.8725553212046713,0.9046053141970097,0.8067398777107784,0.6579425168917088,0.8095325179300721,0.79242122868287,0.8567153354315402,0.8738210300910958,0.5873628743258168,0.8897634772723559,0.7016744316202437,0.8986133813304027,0.8633240709217587,0.8029783676913778,0.3249600510870102,0.6325180985820216,0.9988893640989669,0.8633240709217587,0.7359959350326992,0.48853549295601506,0.7472094666560578,0.8096756761112878,0.31512332288505307,0.9708223399337736,0.7463197101046859,0.7105099185425487,0.7271929175393953,0.8882411950728913,0.6129293067836308,0.8253760227784424,0.6801782751534187,0.9434856120630544,0.7404972158640577,0.8725553212046713,0.7936599861745688,0.8986133813304016,0.8284445490250332,0.8545708706492463,0.9756975895323811,0.5708180189142041,0.9272187549328597,0.8950935460094678,0.6274960957365692,0.18732262292734825,0.8875631490366906,0.8633240709217587,0.8342796354092274,0.40410681983421737,0.4815775369830497,0.8897634772723566,0.9121449747116105,0.8796400151030097,0.8897634772723566,0.8588935204002328,0.8029783676913776,0.8633240709217587,0.8503465187788166,0.8082987724345367,0.8633240709217587,0.9997704475275775,0.9663337557428706,0.8875631490366902,0.653465030691354,0.9188331228609052,0.8678736588799028,0.8588935204002328,0.4530254897789212,0.6331866823049856,0.8266608704208853,0.572153950730206,0.8633240709217587,0.7079172513214217,0.8725553212046713,0.6198611056683123,0.5403201380411078,0.641532398138692,0.8875631490366904,0.867873658879903,0.8304398650868534,0.792660155701763,0.9092662761209143,0.7872117031134389,0.9167641131388629,0.8538079359326662,0.951626794105508,0.7391277589193093,0.915621368853727,0.963592970627815,0.7782187932280664,0.7211764089919217,0.8276501314842979,0.6040612899062614,0.8633240709217587,0.9268630210971771,0.28770228298470735,0.8929627841467682,0.47382226762659796,0.7102510363582777,0.9976859924857046,0.5276012751461725,0.8545708706492452,0.43775832377940904,0.4340893256396514,0.8633240709217587,0.8633240709217587,0.7688131944254835,0.957357536447824,0.7756395770190929,0.7369789068296353,0.5837550343347211,0.4407441740329051,0.4637602886744905,0.48870854141783626,0.682837201788113,0.5105662181448116,0.8633240709217587,0.732240853067204,0.6665960077716825,0.898613381330402,0.38936335392185806,0.6942728322121243,0.5456475538419545,0.8633240709217587,0.8633240709217587,0.40535371664776987,0.946059078551986,0.42702565833005357,0.6297805435888595,0.48099110723392313,0.37373046107368946,0.8050570472652656,0.9961286764637192,0.5973967480058828,0.5879829627301859,0.8633240709217587,0.7729759932683852,0.5091961392245716,0.7390133621470434,0.8875631490366904,0.8640762965994038,0.7980823040868203,0.7793280197817896,0.841200412588998,0.867873658879903,0.3330575084855265,0.8633240709217587,0.5477547643212473,0.9680102158050214,0.7292838755700908,0.6897994943969478,0.6809998966651322,0.8421603457990252,0.7441890311446515,0.6470142833257246,0.8823796135894799,0.8682549236371148,0.629404574903347,0.8503465187788168,0.7885714320562005,0.8801017009902623,0.8401356041885018,0.5798928964202597,0.8773844821970236,0.8588935204002328,0.8435013378051004,0.8560150343893422,0.9995000847635969,0.8319221045413108,0.8986133813304025,0.8340281415141295,0.8986133813304025,0.8986133813304022,0.7187857633287732,0.8497374957425918,0.7204754264382178,0.8633240709217587,0.8681878780054584,0.6029835525387637,0.8342796354092272,0.6546986027498873,0.6676280939447442,0.8588935204002319,0.856015034389342,0.7323371642674756,0.8678736588799028,0.6006922600423492,0.7783701777629333,0.8192615958757912,0.7529609146119918,0.8633240709217587,0.941855729849943,0.9778285536396952,0.5572805515832613,0.892962784146768,0.819269100283812,0.8229385262714308,0.7268983919674631,0.8633240709217587,0.4743452533491701,0.3098090054334496,0.8229385262714313,0.47757966157092424,0.5336540509631402,0.4967008824897219,0.7016744316202441,0.5355209091409128,0.8028197210559536,0.6267415129209419,0.5288314226789486,0.9298073906738056,0.8116392996211671,0.9405097243761413,0.9154728289468133,0.9904019712725955,0.9101702372624162,0.9228207225284799,0.5663151269025475,0.7381896022300454,0.2783478634986888,0.8633240709217587,0.8897634772723566,0.5750634554022171,0.24406854401159883,0.9893323632329192,0.39903246878594745,0.3612123027031542,0.8633240709217587,0.4308891892160509,0.0,0.7914666658764193,0.8633240709217587,0.5692379160688965,0.8462121152122812,0.6942728322121243,0.8266608704208858,0.8588935204002328,0.6080937708111536,0.8156492020535615,0.9760641351133237,0.8322804608748362,0.7586624832483598,0.9412594590100434,0.2970149155174767,0.8633240709217587,0.8284445490250332,0.8633240709217587,0.8875631490366904,0.8212482799507514,0.6887844990893508,0.898613381330402,0.8016068306706874,0.7349962227493654,0.744189031144652,0.5216118119912985,0.8633240709217587,0.5770767053844768,0.5464303027481021,0.8543455395589135,0.7469339242764015,0.7316080074560176,0.8770665508630496,0.8151648808861042,0.7948136083347734,0.7960663611529739,0.71174930986867,0.3612123027031541,0.7960663611529739,0.5437705707697595,0.8773844821970243,0.195257168488419,0.7960663611529739,0.898613381330402,0.7435955595175137,0.8678736588799028,0.6506191214591031,0.8897634772723557,0.8172579889167926,0.9744431580702931,0.726320935328181,0.40066412095708603,0.8524475004841152,0.7688131944254835,0.8120757404207615,0.8588935204002321,0.861076626459323,0.6597423299624998,0.9647869875605126,0.3914920407786556,0.6941282901686796,0.7826201988814228,0.4658372704741902,0.9325773481711062,0.900633073794324,0.6873207198416382,0.902436639010453,0.966976316134418,0.9376804333772975,0.9610679351370647,0.8244467182719013,0.736752855468805,0.6801782751534183,0.8522719467929247,0.8246644637633858,0.9397729346232926,0.7995051449656034,0.7014466198699336,0.7675517574308481,0.9618172168102885,0.7948136083347745,0.660133802762602,0.8185647388748918,0.7585494542019472,0.9886111522751058,0.750682026108143,0.8291985164307951,0.9353528400533939,0.8336520075952111,0.8435013378051004,0.8156492020535611,0.7102510363582775,0.8986439391242443,0.8025071950277411,0.8291520997491477,0.8132392431736908,0.8609116197657418,0.8139568588573518,0.8897634772723555,0.9529158303075311,0.7036680973374394,0.6873207198416373,0.706253947232623,0.7114503213146779,0.8050570472652652,0.8725553212046715,0.8556464265054351,0.6322314049586779,0.8121849617288524,0.8749963101648017,0.7247558550614951,0.5770767053844765,0.9242476841005693,0.5877108515671097,0.9064110103549554,0.6209117564712772,0.847806710783872,0.7166317844248435,0.7117493098686702,0.8690584700766195,0.900633073794324,0.892962784146768,0.8096926379830465,0.8875631490366904,0.7913430726412487,0.7166317844248435
p319_Y,0.8251171314296999,0.7267548383785091,0.8629109003394013,0.926544401544402,0.9225015741707872,0.9366713242763892,0.8961421073534718,0.8371848439651217,0.8532445498042331,0.9393074128728371,0.9339855047643737,0.919989349133864,0.919989349133864,0.3514478764478769,0.9495972962983876,0.8251503574709127,0.7891973491730895,0.6808598964884564,0.7348814459346104,0.8884990470778118,0.975930324917138,0.9446701888736626,0.9867452539316911,0.9250812961986936,0.941740990578956,0.8954688163631979,0.5357747919441284,0.9026532767809434,0.888499047077812,0.7140429866426066,0.8855707623626501,0.9304741538905168,0.9127986978904696,0.8761642169182169,0.9225015741707872,0.9362456943690349,0.9250812961986936,0.34499364786869835,0.9425114327004687,0.27257501594923483,0.8464976705745091,0.8975213827250901,0.9425114327004684,0.8671302399974956,0.7047231634301022,0.8306159618407541,0.9765510393593577,0.8481743454856236,0.8934425806304627,0.8349149021845172,0.9304741538905168,0.506042423216114,0.8954688163631979,0.9105012505384158,0.9127986978904694,0.925662981663943,0.8914410719709878,0.9225015741707872,0.7832489280769407,0.9958114695283622,0.8566618970084514,0.82426836696321,0.8954688163631979,0.8464976705745089,0.9333065093925879,0.8537325616836089,0.96836956012162,0.8018701786358153,0.9581391175068812,0.6800693026518843,0.39432908443599657,0.8934425806304624,0.9225015741707872,0.7355710168869778,0.9225015741707872,0.8267698008899673,0.9060327047326968,0.8945436312571666,0.7506487070281582,0.5138109736953924,0.9476888747140071,0.9726387956636797,0.6470515360753812,0.8954688163631979,0.9225015741707872,0.21145994221143039,0.9394173587034406,0.7019415513043818,0.8381997656144695,0.9199893491338635,0.9225015741707872,0.40964960412527973,0.7457736670956678,0.8217760937511294,0.9539981797161425,0.9013534900827227,0.3474041530699743,0.82839213135367,0.7453514202788849,0.7838106565463814,0.9374493795642359,0.9746338287409402,0.3903918468255674,0.7154443206123393,0.8937025093933766,0.9362456943690349,0.41616681975196834,0.730281990274285,0.9038554657884541,0.7389815511680635,0.44522096677395806,0.7076377225680873,0.9641314556612997,0.918655702330478,0.9277359074596556,0.9963165987921235,0.9911110085568768,0.9362456943690349,0.9970799457879603,0.8270154232174947,0.9255752772876338,0.4696472397405558,0.30054851361100343,0.9504635334903245,0.7867777182755424,0.6268418870768073,0.9250812961986936,0.8762799239157198,0.9909903972974268,0.8707051888795789,0.8058683707380012,0.9277359074596556,0.5637444161701672,0.9425114327004684,0.9151430007264558,0.7517012793416842,0.8626449186901581,0.9177914171276884,0.9304741538905168,0.9175383063396301,0.9407481393739898,0.9393074128728371,0.7321389524344029,0.6244164969948314,0.458506599756235,0.8636009307043997,0.9885933112541223,0.7590511108596087,0.8934425806304627,0.6313498292378696,0.773703353711578,0.856661897008451,0.6785050934285352,0.8425111710827857,0.8672132741337568,0.8934425806304631,0.9034440556198294,0.6588137493117938,0.9121416798754114,0.6398685093791665,0.7375648213208668,0.8281884330418341,0.6256590068018778,0.6982490754523112,0.8691840392913499,0.7356430893312242,0.8102648591378101,0.9423469173118802,0.9795101062491114,0.8482088784292232,0.7348455598455612,0.9199893491338638,0.8914410719709875,0.718314011647144,0.9491564487435968,0.7871467940319848,0.8993178757827877,0.8481857313975263,0.8725489576545014,0.7330999107102132,0.865360169409114,0.8300175726595493,0.8690055601783253,0.919989349133864,0.8287649415854685,0.555866625789656,0.7834401607250978,0.8766484086852762,0.9105012505384158,0.825090749145672,0.9175383063396301,0.8532445498042334,0.6247969230851427,0.6989505708013533,0.8566618970084512,0.9225015741707872,0.9250812961986934,0.5625603488683245,0.8481743454856236,0.9207699596510036,0.8600960853075241,0.9909903972974269,0.9225015741707872,0.9575067401271153,0.6792535237436834,0.9393074128728371,0.9225015741707872,0.9101560503341408,0.9303519937309512,0.9245765316454824,0.890423155632514,0.9921258158818894,0.9644994759182186,0.9225015741707872,0.8235212089664674,0.922501574170787,0.7727368705792381,0.7060379023155108,0.5700009297188211,0.9225015741707872,0.8982849455083565,0.9225015741707872,0.8554111091710065,0.8583829421286899,0.16294566900882235,0.8106712049456519,0.9746338287409402,0.6705523575566974,0.9175383063396301,0.8008418239058325,0.9060327047326973,0.8390267134917061,0.8408494049910982,0.9378027796250892,0.7660569881458926,0.8464976705745091,0.8583058118868427,0.8514658570602602,0.7925340623136249,0.900528591305265,0.8707051888795789,0.9151430007264558,0.37237794280420655,0.9608634184056342,0.9225015741707872,0.8515474244094854,0.9225015741707872,0.6730497096447592,0.47317995775533006,0.930474153890517,0.8894628186153251,0.6509006780380935,0.9250812961986936,0.8689117123597327,0.9038554657884539,0.3272350288672887,0.9871307482212135,0.7882598375451735,0.9277359074596556,0.4415957036202567,0.8042685237096223,0.7623400254281054,0.9199893491338635,0.9333065093925879,0.6693971760249096,0.9425114327004687,0.8690525985865261,0.7457422433436811,0.8975213827250901,0.802668953401676,0.38069993457729134,0.930474153890517,0.7688790278969668,0.7698024246342723,0.7005938978479771,0.9362456943690349,0.7389815511680637,0.9869803469418512,0.8996020324755996,0.4535783510723762,0.9362456943690349,0.7951498097928977,0.7964604914023825,0.9090110235284592,0.8710323322336653,0.7348455598455604,0.3888522459445144,0.8761642169182164,0.7056015623791771,0.9175383063396301,0.9277359074596556,0.9258186968412379,0.6152856280236632,0.8445057325000621,0.6926466702145566,0.7786058683809312,0.8494676817050002,0.7965452927963972,0.9541300190655136,0.8942700047615741,0.828563284896103,0.5625603488683245,0.6649007021580305,0.7378838199067896,0.8710323322336648,0.8281884330418336,0.8633125517052824,0.8725113072902908,0.9010732460673784,0.8618519839156851,0.8235335835879469,0.6022164614986457,0.8437083977158089,0.7903614274636697,0.45975940885375133,0.9393074128728371,0.9348849767198615,0.9393074128728371,0.8761642169182164,0.930351993730951,0.7689238463881607,0.9277359074596554,0.9225015741707872,0.9304741538905164,0.7434706866856222,0.716165837084152,0.9362456943690349,0.9333065093925879,0.6794195098069447,0.9225015741707872,0.9796265153694581,0.9362456943690349,0.7554454597416755,0.9495972962983876,0.8518196778220779,0.8996020324755996,0.930474153890517,0.7457422433436811,0.6489964424798398,0.9067169102590357,0.9127986978904696,0.5543116306109048,0.9277359074596556,0.9378027796250894,0.668124641639604,0.9105012505384158,0.8636009307043995,0.9970799457879603,0.6423536246545734,0.5690887187199278,0.7005938978479769,0.9996171864694428,0.9199893491338635,0.9307859145758749,0.7614551305496033,0.7056015623791771,0.7074197865434064,0.6126582272055352,0.9225015741707872,0.8200320334044453,0.8743307438550614,0.7166498629894607,0.996225319046196,0.9393074128728371,0.7639794379599407,0.9225015741707872,0.9225015741707872,0.8934425806304627,0.9076715010813188,0.5154833692296883,0.922501574170787,0.9458968937609289,0.9225015741707872,0.9456563706563706,0.8431623547994251,0.777738759032033,0.9858842152953934,0.6956442158135696,0.5144050331528178,0.6610799667843594,0.7152981026714256,0.9225015741707872,0.8901391312212945,0.7959270283125288,0.6985379422761058,0.7419469569998656,0.7927291158126464,0.7229353529465318,0.9277359074596556,0.6888673364888636,0.9225015741707872,0.6176308427859214,0.8220836588712381,0.7850481623064791,0.7279600010878358,0.9250812961986936,0.8276704225130246,0.6336299578512432,0.9225015741707872,0.8415030753570434,0.7813438422647436,0.9225015741707872,0.916016184190124,0.7406868068829747,0.8635780863582583,0.6205184249390004,0.6982490754523112,0.9225015741707872,0.8205622880933259,0.8235212089664674,0.8038893788091567,0.7555243233312527,0.840954355825583,0.8862848743640492,0.8601128166776513,0.43487648247994093,0.9277359074596556,0.8972375489498445,0.8267698008899669,0.6149383938799726,0.7968309617879663,0.8007143921323462,0.9014719896252964,0.9388933740579655,0.9304741538905168,0.645553955892761,0.9225015741707872,0.9541300190655134,0.7750695063887029,0.9545200290545028,0.9476888747140071,0.9906272620392718,0.9175383063396303,0.9712061603582929,0.838746408960998,0.9175383063396303,0.7762180107355467,0.4820060573593872,0.968584112433893,0.9098072961938486,0.7385533156176265,0.9362456943690349,0.7656156573256496,0.9393074128728371,0.9282792334246625,0.9123838819213481,0.8944096185493662,0.7462299379986125,0.9393074128728371,0.9319700593213605,0.9026532767809434,0.6866426184783535,0.8975213827250901,0.9060327047326973,0.8515474244094854,0.9277359074596556,0.8761642169182164,0.8992865236029115,0.8356337206340987,0.5161038620197582,0.9520753766313144,0.9082470012068007,0.8855707623626501,0.5367068819982218,0.6923044810588925,0.40429724992777083,0.9159086277875702,0.8765217835542676,0.9665045222336559,0.881756756756757,0.8996020324755996,0.9760740600631372,0.6153004205948109,0.9082470012068007,0.8165462796441287,0.8996020324755996,0.8707051888795789,0.624563972841399,0.7793733011421323,0.9412175203975701,0.9913325464581244,0.516196380189266,0.8464976705745089,0.9362456943690349,0.9876323489431227,0.9860020009225579,0.6462069117302034,0.9164949062751404,0.45130060620114154,0.9996171864694428,0.9810522968844486,0.9362456943690349,0.4585664210492474,0.7789915446322568,0.8671302399974954,0.9644994759182186,0.919989349133864,0.7304145128693742,0.9978926033054865,0.915143000726456,0.5101535011357221,0.9225015741707872,0.9333065093925881,0.9225015741707872,0.9225015741707872,0.723457544921573,0.9017126880527935,0.9081008136077288,0.9225015741707872,0.7092303622876424,0.7524293587376008,0.900528591305265,0.7096381231168796,0.86632515115204,0.8193841109342328,0.8474072181717971,0.8515474244094852,0.7557478947704017,0.9127986978904696,0.8512214835788456,0.9333065093925879,0.9352780314506286,0.7202455773665811,0.8235212089664672,0.9176703926609198,0.9127986978904694,0.9608634184056339,0.6598518193900338,0.9615718458881102,0.5640944185804787,0.9765510393593577,0.7795716423346832,0.906032704732697,0.6717430957765576,0.9388933740579655,0.7688790278969668,0.5661976824814672,0.8566618970084512,0.9017126880527937,0.9091923098144419,0.9277359074596554,0.9060327047326975,0.5081051961845662,0.8063995425394423,0.7818305344180301,0.9638494310149244,0.9304741538905168,0.8904231556325144,0.915143000726456,0.9777929502802463,0.8947038141714881,0.723929636591299,0.6592374534590091,0.9207523226987695,0.7554454597416757,0.6008322823903778,0.7867261926794482,0.8515474244094852,0.6652259006747736,0.7075924538576471,0.8583829421286899,0.9639168187726064,0.9225015741707872,0.9304741538905168,0.9930791852529013,0.9225015741707872,0.8102648591378101,0.9060327047326968,0.9958114695283622,0.6470515360753811,0.8276704225130245,0.6892997658903174,0.7019415513043818,0.9393074128728371,0.6245639728413991,0.9082470012068007,0.796270297929361,0.9175383063396303,0.9540324564594047,0.9307214100702195,0.5030033601810154,0.8082509147720797,0.9405547988340496,0.8407851316176385,0.6506487720427423,0.7914666658764193,0.6307272814268009,0.7423716115458534,0.8596598169726405,0.8855707623626499,0.9393074128728371,0.9038554657884539,0.9250812961986936,0.6229807496620188,0.9055450095968045,0.8365551646144354,0.9199893491338635,0.6594544116353662,0.5543116306109047,0.9425114327004684,0.8862261074420033,0.9258186968412379,0.6380909553804,0.9767788452564459,0.8975213827250901,0.849857479075582,0.9176703926609195,0.9038554657884539,0.8448271155174856,0.9082470012068002,0.919989349133864,0.9304741538905168,0.9425114327004687,0.9225015741707872,0.8761642169182164,0.915170633462076,0.7453753921148882,0.49839113045840433,0.922501574170787,0.8700374083999616,0.5990961966949655,0.856661897008451,0.8817567567567568,0.8804580254427758,0.35928723787926575,0.818697191013531,0.6773471460297499,0.9231842997566406,0.9949852558720156,0.7721311631321413,0.5160168099720805,0.9333065093925881,0.4194851755617074,0.925662981663943,0.7305581692424299,0.9205309941406192,0.5742195952069614,0.8894628186153251,0.3459347885383056,0.7554454597416757,0.9105012505384156,0.561008372941728,0.8026557942277547,0.8217672961587985,0.8235335835879467,0.9362456943690352,0.9225015741707872,0.9833076730146284,0.646654398663931,0.6982490754523112,0.9199893491338635,0.96836956012162,0.915143000726456,0.9199893491338635,0.9199893491338635,0.8761642169182164,0.9225015741707872,0.9151430007264558,0.8583829421286902,0.9225015741707872,0.4065487172376381,0.8163419514797976,0.9362456943690349,0.9277359074596556,0.9333065093925879,0.9250812961986936,0.9199893491338635,0.6594544116353662,0.7834401607250978,0.9017126880527937,0.7574013541427946,0.9225015741707872,0.6114803453994841,0.9746338287409402,0.8996020324755996,0.7245014676898074,0.7458220115802419,0.5156328728037083,0.8387464089609983,0.9038554657884541,0.6521203723094455,0.7172892863065258,0.9858842152953933,0.900528591305265,0.5836667891912477,0.9839501848508652,0.940969198907148,0.7367761372283412,0.9910578376517607,0.9629411142488209,0.9277359074596556,0.38826488751660826,0.8217672961587985,0.9225015741707872,0.9683086794376969,0.8921120112399374,0.9393074128728371,0.7295814993037766,0.9996171864694428,0.8551017577499598,0.8334669601420748,0.9175383063396303,0.7797245334322396,0.7107195417174499,0.9225015741707872,0.9225015741707872,0.927946029650792,0.7867220448043464,0.33848879778072827,0.7001740226375845,0.8271515183119025,0.7607958355031894,0.6615678037449345,0.7340973847639816,0.9230054833172634,0.8145770108862203,0.9225015741707872,0.8481743454856234,0.9304741538905168,0.9425114327004687,0.6024543451152939,0.9362456943690349,0.7423716115458534,0.9225015741707872,0.9225015741707872,0.6943934596711934,0.6194273731601163,0.7066992582055629,0.9833076730146284,0.5448952140521678,0.8464976705745091,0.8894628186153253,0.8367692112550749,0.7474205976449615,0.6304463813964816,0.922501574170787,0.7714139820121896,0.7217028129421281,0.9250812961986936,0.9362456943690349,0.8756731662677246,0.8268574646368894,0.6777517861276645,0.6990382429759675,0.9250812961986936,0.8943401105039528,0.9225015741707872,0.7355710168869778,0.9123537495604532,0.8464976705745091,0.8957929147211486,0.7142909173122549,0.9105012505384158,0.8549492399295393,0.5128251540099388,0.9333065093925876,0.7994700095886345,0.7898637875872265,0.9151430007264556,0.996705259555954,0.9456563706563708,0.8954688163631979,0.7146177121945898,0.9304741538905168,0.9199893491338635,0.8106712049456517,0.8914410719709878,0.5924735674580732,0.9429889489206242,0.9425114327004687,0.7415905795865034,0.9425114327004687,0.9425114327004684,0.7434706866856224,0.8780124908814337,0.8415030753570434,0.9225015741707872,0.9458968937609289,0.906032704732697,0.9060327047326968,0.5790302092459596,0.9127986978904699,0.919989349133864,0.9598848913568985,0.8381997656144691,0.9250812961986934,0.8029578646667095,0.8743307438550614,0.7304145128693742,0.6963902629677241,0.9225015741707872,0.334106054756259,0.9225015741707872,0.7186476178590233,0.9393074128728371,0.9230054833172634,0.9726387956636797,0.7434581844204913,0.9225015741707872,0.7019415513043818,0.6008322823903779,0.8996020324755993,0.7037755358791753,0.7355710168869778,0.71461771219459,0.9304741538905168,0.7690917130358055,0.9534956790158264,0.7037755358791753,0.7468645021849944,0.4290349638541149,0.5058842236880101,0.5742195952069622,0.8752031959161761,0.665234478427026,0.9234427656660247,0.9629411142488209,0.7540906054367913,0.8515474244094852,0.6307013412244132,0.9225015741707872,0.9199893491338635,0.7590511108596087,0.9422949886936298,0.5124072441402634,0.6592374534590091,0.6222696991500676,0.9225015741707872,0.6773009537554009,0.7914666658764193,0.0,0.9225015741707872,0.7557478947704017,0.633629957851243,0.9362456943690349,0.9017126880527935,0.9199893491338635,0.7699525648907807,0.8954688163631978,0.7665123778217001,0.9032274698712804,0.888260328944944,0.6521190798851451,0.6056590567023223,0.9225015741707872,0.9569057808979562,0.9225015741707872,0.9362456943690349,0.5760508028206733,0.8235335835879467,0.9425114327004687,0.8875064656813962,0.6477776410487993,0.8549492399295391,0.881756756756757,0.9225015741707872,0.8055966092160425,0.787470575658032,0.5877733488628114,0.9511570440214601,0.8707051888795792,0.96836956012162,0.8855707623626501,0.8836545508570983,0.9026532767809434,0.8365551646144354,0.7012144376386724,0.9026532767809434,0.9456563706563708,0.41200998718837356,0.8251503574709129,0.9026532767809434,0.9425114327004687,0.8954688163631976,0.9250812961986936,0.7857724547836906,0.5903992562382352,0.8836545508570981,0.7717325331780396,0.8880920834624083,0.8707051888795789,0.9017126880527937,0.8689117123597332,0.8934425806304627,0.919989349133864,0.9446701888736626,0.8925522608180578,0.5431467181467199,0.9570211975143579,0.7662939692174884,0.865360169409114,0.9164078412122378,0.4810706168043116,0.9250812961986934,0.9277359074596556,0.849857479075582,0.8047610505081266,0.8894628186153251,0.6721579265475728,0.9545326346798217,0.9304741538905168,0.9333065093925881,0.945756992128266,0.8875064656813965,0.7108527284897777,0.9048043876528449,0.8855707623626499,0.9041202911564781,0.5657471871445164,0.9868989158107995,0.9225015741707872,0.7921159604555554,0.552455217831409,0.548419387101122,0.8747639177841731,0.9407302334988621,0.9333065093925879,0.937802779625089,0.9966981620157498,0.8954688163631979,0.9151430007264558,0.879772535196993,0.7575859317124709,0.9413841187405536,0.8107823656951019,0.657892390213928,0.8883727916496764,0.501379002669526,0.990332760244516,0.6247969230851427,0.9277359074596554,0.9250812961986936,0.8267698008899673,0.8894628186153248,0.5841127735433246,0.8448271155174851,0.8357841834333408,0.7992894910048216,0.9524863574623583,0.9175383063396303,0.8055966092160425,0.7717325331780395,0.770469479279282,0.9277359074596556,0.7850481623064791,0.8447692963661197,0.9333065093925879,0.8365551646144354,0.5640592154019695,0.9332153268971215,0.9393074128728371,0.9559937244223012,0.9362456943690349,0.7333644504551513,0.9333065093925881
p320_P,0.7524297972473161,0.9413411539914585,0.8918007079504506,0.9225015741707872,0.9492063492063487,0.9623211158059548,0.7050163519970581,0.7509151724713103,0.9038142386822647,0.960221152322577,0.9398636845831869,0.9475597985845114,0.9475597985845114,0.9225015741707872,0.9106019687464653,0.5567710364845595,0.944383427890573,0.9314886672615048,0.9582144552981327,0.960221152322577,0.8875255844205965,0.938412400887346,0.935580996038617,0.9508971383859763,0.9369854052620163,0.9314886672615046,0.944383427890573,0.916441965519317,0.960221152322577,0.7739436107925906,0.9250013316406693,0.9544316996038,0.9428469360414609,0.9188361382271659,0.9492063492063489,0.9582144552981327,0.9508971383859763,0.9428469360414602,0.9623211158059548,0.930160641445072,0.8993922310882436,0.932833950574053,0.9623211158059548,0.912915131908919,0.9443834278905732,0.8474513194974065,0.9526370111116405,0.9004911494084333,0.930160641445072,0.8918007079504506,0.9544316996038,0.8495864161552136,0.9314886672615046,0.13408370177867746,0.9428469360414604,0.9288488221297497,0.9288488221297497,0.0,0.7383793872014479,0.9459533477380775,0.9060540201833016,0.831146423199498,0.931488667261505,0.8993922310882436,0.9562880686171875,0.8244397822834253,0.9544316996038,0.6473831763250288,0.7698078233874499,0.9582144552981327,0.92126914699118,0.9301606414450723,0.9492063492063487,0.8266892096935958,0.0,0.8864622842804517,0.938412400887346,0.9398636845831867,0.8233095582802461,0.9623211158059548,0.9398636845831869,0.9341976401680094,0.31108550994831163,0.9314886672615048,0.0,0.9176344520056336,0.938412400887346,0.8046479448175341,0.8939536575643376,0.03139863267861631,0.0,0.8918007079504506,0.831146423199498,0.8548949080074899,0.31108550994831163,0.48955645159511163,0.8896584524348263,0.8875255844205965,0.8198957816506434,0.8187498553347687,0.9288488221297497,0.9526370111116405,0.9492063492063489,0.8580633769736241,0.6072669396673074,0.9582144552981327,0.907182019415572,0.7973204052495684,0.9369854052620166,0.8289245259008584,0.8759110188590657,0.9328339505740528,0.8070467719220202,0.9094556823349389,0.9526370111116405,0.7833099084134079,0.9413411539914585,0.9582144552981327,0.9623211158059548,0.8580633769736241,0.9129151319089193,0.885400876353422,0.9369854052620166,0.9250013316406696,0.931488667261505,0.7554264789789613,0.9508971383859763,0.6339927913026551,0.9475597985845114,0.9152582079543838,0.8727631680356085,0.9526370111116405,0.9544316996038,0.9623211158059548,0.944383427890573,0.8453085223330421,0.879064442044788,0.9544316996038003,0.9544316996038,0.06018876900101988,0.8046479448175343,0.960221152322577,0.8244397822834253,0.8717146038820363,0.8875255844205967,0.9106019687464659,0.892875760974867,0.8420784215528956,0.9301606414450723,0.7583810530554915,0.9602211523225768,0.9060540201833014,0.8559522762859688,0.8811713725919912,0.9544316996038,0.9301606414450725,0.8950345750758599,0.9140827360776209,0.8938851835250172,0.5567710364845593,0.7367566674079002,0.9526370111116407,0.9341976401680094,0.7431708752992887,0.8972062142375332,0.9164419655193166,0.8612222667022558,0.8993922310882436,0.9262700211315917,0.8453085223330423,0.9225015741707872,0.9475597985845114,0.9288488221297495,0.6783615558233287,0.8538362113124116,0.8780124908814328,0.9582144552981327,0.6072669396673073,0.9200475251844384,0.5526275082095409,0.9117550006367756,0.8885909234541711,0.9288488221297497,0.9475597985845114,0.6394614409405057,0.8538362113124116,0.8580633769736241,0.9015943008452869,0.13408370177867734,0.9237454173815312,0.9459533477380775,0.903814238682265,0.8221755430097122,0.7897778653703145,0.9060540201833014,0.0,0.9508971383859763,0.9459533477380777,0.4895564515951115,0.8355526955775656,0.8918007079504506,0.9475597985845114,0.0,0.8685695845092951,0.7897778653703145,0.960221152322577,0.0,0.6951973979147161,0.9152582079543841,0.8864622842804517,0.6447787703816181,0.9049315186013059,0.9475597985845114,0.0,0.6473831763250286,0.0,0.8117838598171898,0.8388272306091986,0.8355526955775657,0.0,0.6339927913026551,0.0,0.7050163519970583,0.9071820194155717,0.9164419655193166,0.8759110188590655,0.9526370111116407,0.7711949776746383,0.06018876900101888,0.935580996038617,0.9384124008873462,0.9060540201833014,0.7554264789789611,0.9188361382271666,0.9544316996038,0.4951319232791844,0.8907283270583697,0.9027019168030599,0.897206214237533,0.9152582079543838,0.9152582079543838,0.944383427890573,0.885400876353422,0.9459533477380777,0.0,0.9027019168030597,0.0,0.7334713952978886,0.9152582079543841,0.9544316996038,0.9275522446953854,0.7711949776746383,0.9508971383859763,0.9140827360776205,0.9369854052620161,0.892875760974867,0.9398636845831869,0.8612222667022562,0.9526370111116405,0.8717146038820363,0.8717146038820349,0.8442340263447974,0.03139863267861631,0.9562880686171873,0.8289245259008584,0.9623211158059548,0.8333555867103808,0.8333555867103808,0.24376003609304187,0.8706662210952574,0.8748612665230131,0.9544316996038003,0.848519788337875,0.7973204052495684,0.7780046509581313,0.9582144552981327,0.8289245259008584,0.9140827360776214,0.9341976401680094,0.9015943008452874,0.9582144552981327,0.8517144868263773,0.8141237078825918,0.9562880686171873,0.8982973238138026,0.9225015741707867,0.9526370111116407,0.9188361382271666,0.8070467719220202,0.9459533477380775,0.9526370111116405,0.9526370111116407,0.7985559379258667,0.9582144552981327,0.7985559379258667,0.6499526646778642,0.885400876353422,0.8442340263447972,0.9582144552981327,0.9492063492063487,0.930160641445072,0.9459533477380777,0.9544316996038003,0.8022278398026612,0.8982973238138026,0.9526370111116405,0.9301606414450723,0.9164419655193172,0.7250134267509765,0.9094556823349389,0.8843412180810755,0.6848496741376313,0.7923174570100686,0.6911250629978627,0.8727631680356077,0.9602211523225768,0.903814238682265,0.9602211523225768,0.9188361382271668,0.9152582079543841,0.9094556823349389,0.9526370111116405,0.0,0.9544316996038,0.9027019168030597,0.931488667261505,0.9582144552981327,0.9562880686171873,0.9475597985845114,0.0,0.9369854052620163,0.9582144552981327,0.9623211158059548,0.9106019687464655,0.823309558280246,0.9341976401680094,0.9544316996038003,0.8333555867103808,0.8289245259008584,0.9369854052620166,0.9428469360414611,0.8409971458279799,0.9526370111116405,0.9188361382271659,0.8117838598171898,0.9413411539914587,0.9106019687464657,0.9623211158059548,0.7655931084723666,0.9188361382271666,0.7780046509581313,0.944383427890573,0.03139863267861631,0.92126914699118,0.885400876353422,0.8070467719220202,0.8082384637825222,0.8187498553347687,0.0,0.8538362113124116,0.9176344520056336,0.9200475251844387,0.9176344520056336,0.9602211523225768,0.8453085223330421,0.0,0.0,0.930160641445072,0.903814238682265,0.8591172857456586,0.0,0.9602211523225768,0.9492063492063489,0.922501574170787,0.8972062142375332,0.7897778653703145,0.9492063492063489,0.9237454173815309,0.938412400887346,0.8322525541058978,0.9634411459729271,0.0,0.8811713725919912,0.9164419655193168,0.7766590274917047,0.9952327064015152,0.9237454173815312,0.8704033497109469,0.9526370111116405,0.7960789049353036,0.0,0.7973204052495684,0.9314886672615053,0.8591172857456586,0.8300371089395653,0.9508971383859763,0.831146423199498,0.9428469360414606,0.0,0.8961186971729789,0.7399891659895361,0.0,0.9237454173815309,0.7948313236856197,0.8420784215528956,0.8152867967569688,0.8022278398026612,0.0,0.7698078233874488,0.8559522762859684,0.9562880686171873,0.6574604645689301,0.7250134267509767,0.907182019415572,0.908315805590151,0.8961186971729789,0.9526370111116405,0.8982973238138026,0.8864622842804517,0.935580996038617,0.8527760996057683,0.8738120195914167,0.8706662210952574,0.21151139151266862,0.9544316996038,0.9314886672615055,0.0,0.9582144552981327,0.9015943008452869,0.8129560940834346,0.9398636845831869,0.9275522446953854,0.06018876900102055,0.7478523304650295,0.9508971383859763,0.06018876900102055,0.9398636845831869,0.9492063492063489,0.9413411539914582,0.879064442044788,0.903814238682265,0.9582144552981327,0.8463809254714867,0.9602211523225768,0.9413411539914582,0.935580996038617,0.801009545737682,0.938412400887346,0.9602211523225768,0.7997856146881548,0.9164419655193166,0.5305546844946969,0.24376003609304187,0.938412400887346,0.9027019168030597,0.9526370111116405,0.9188361382271666,0.8993922310882436,0.8769613888066743,0.9341976401680094,0.8993922310882436,0.9398636845831869,0.9250013316406693,0.6827113291147924,0.7725735218970409,0.9049315186013058,0.9443834278905732,0.8141237078825918,0.8907283270583697,0.9225015741707872,0.9341976401680094,0.21151139151266984,0.8175997772209664,0.9398636845831869,0.8517144868263774,0.9341976401680094,0.9152582079543841,0.7539334992316542,0.9526370111116405,0.8453085223330421,0.7143607147557585,0.9176344520056336,0.8993922310882432,0.9582144552981327,0.7301312695908229,0.8918007079504506,0.9562880686171875,0.9164419655193166,0.944383427890573,0.944383427890573,0.9544316996038003,0.9582144552981327,0.9250013316406696,0.8255663034700989,0.9129151319089186,0.9475597985845114,0.9475597985845114,0.7125274559321444,0.9071820194155717,0.08671734220308636,0.8717146038820361,0.0,0.9562880686171873,0.0,0.0,0.8187498553347687,0.2115113915126693,0.9188361382271664,0.0,0.7334713952978882,0.8377384241745145,0.4006068367505189,0.8527760996057685,0.8811713725919912,0.8058499662916012,0.903814238682265,0.47795836130872293,0.8399134433261015,0.9428469360414604,0.8864622842804515,0.4408515443948542,0.9176344520056336,0.7711949776746385,0.6473831763250284,0.9250013316406696,0.9428469360414602,0.9459533477380775,0.7846176027958278,0.9562880686171873,0.8961186971729789,0.9526370111116405,0.9004911494084331,0.938412400887346,0.9328339505740528,0.935580996038617,0.848519788337875,0.9237454173815312,0.9060540201833016,0.9355809960386168,0.7223272158432528,0.9526370111116405,0.17526171623055564,0.9508971383859763,0.9140827360776205,0.8570084033315839,0.8399134433261015,0.4654487838138114,0.8570084033315841,0.5711669571562623,0.77934241058442,0.8896584524348263,0.9475597985845114,0.7766590274917051,0.9262700211315917,0.9623211158059548,0.8058499662916013,0.8463809254714865,0.7876282222528316,0.8034406041869142,0.938412400887346,0.9071820194155717,0.8822265994777512,0.0,0.9544316996038,0.9164419655193174,0.9492063492063487,0.8612222667022558,0.938412400887346,0.9459533477380777,0.9262700211315917,0.831146423199498,0.9355809960386168,0.8046479448175343,0.9602211523225772,0.7935775465776653,0.9398636845831869,0.8664724446651941,0.06018876900102055,0.9428469360414602,0.7143607147557588,0.9152582079543841,0.9341976401680094,0.7806724477786732,0.880117361849238,0.7318083230664854,0.8633240709217587,0.9188361382271666,0.6991852245234744,0.8612222667022558,0.9250013316406696,0.960221152322577,0.9369854052620166,0.9508971383859763,0.8388272306091986,0.9027019168030597,0.525843532183836,0.03139863267861631,0.7960789049353036,0.8409971458279799,0.9623211158059548,0.8790644420447877,0.9526370111116405,0.9176344520056336,0.9164419655193168,0.932833950574053,0.9015943008452869,0.9250013316406696,0.9369854052620166,0.500567215157067,0.9398636845831867,0.9475597985845112,0.9544316996038,0.9623211158059548,0.0,0.9188361382271668,0.8654234385275936,0.8070467719220202,0.9200475251844384,0.0,0.8832831707913575,0.8244397822834253,0.9060540201833016,0.34458474155865637,0.9038142386822647,0.8918007079504506,0.8811713725919912,0.7859181167692968,0.9275522446953854,0.9060540201833014,0.6598989712921809,0.8907283270583697,0.9562880686171873,0.9027019168030597,0.9288488221297497,0.9526370111116405,0.9152582079543841,0.9623211158059548,0.9275522446953854,0.9459533477380777,0.9623211158059548,0.9413411539914587,0.9288488221297497,0.9492063492063487,0.6783615558233285,0.8843412180810755,0.9582144552981327,0.9492063492063489,0.9384124008873462,0.7806724477786728,0.8022278398026612,0.03139863267861631,0.9544316996038003,0.08671734220308558,0.03139863267861631,0.03139863267861631,0.3741839079094693,0.0,0.944383427890573,0.4527606561376478,0.0,0.9341976401680094,0.535161772248302,0.9582144552981327,0.9526370111116405,0.9562880686171873,0.9508971383859763,0.03139863267861631,0.7960789049353036,0.8580633769736241,0.935580996038617,0.8409971458279799,0.0,0.9071820194155722,0.9526370111116405,0.9341976401680094,0.7935775465776653,0.9083158055901508,0.9582144552981327,0.9508971383859763,0.9369854052620166,0.9152582079543841,0.6284764518573093,0.9492063492063487,0.4006068367505189,0.92126914699118,0.9250013316406696,0.6848496741376318,0.9398636845831869,0.9582144552981327,0.930160641445072,0.9526370111116405,0.9071820194155722,0.8420784215528954,0.0,0.9492063492063487,0.8822265994777507,0.960221152322577,0.8377384241745145,0.944383427890573,0.9398636845831869,0.8244397822834253,0.06018876900102055,0.7569089328329721,0.7846176027958276,0.0,0.0,0.40880739824839063,0.6991852245234742,0.9027019168030597,0.8058499662916013,0.8453085223330421,0.8152867967569688,0.8399134433261015,0.7997856146881548,0.9328339505740528,0.8129560940834346,0.0,0.9004911494084331,0.9544316996038,0.9623211158059548,0.831146423199498,0.9582144552981327,0.831146423199498,0.0,0.0,0.7739436107925914,0.9492063492063487,0.7819949015164562,0.938412400887346,0.8570084033315841,0.8993922310882436,0.6856702229525599,0.8993922310882436,0.8344556057285131,0.8506512873935228,0.0,0.9152582079543841,0.8175997772209664,0.9508971383859763,0.9582144552981327,0.5526275082095407,0.7351207557283752,0.43182584581086747,0.9176344520056336,0.9508971383859763,0.8591172857456586,0.0,0.8266892096935958,0.9176344520056336,0.8993922310882436,0.8727631680356078,0.8654234385275936,0.9413411539914582,0.9049315186013054,0.8538362113124116,0.9562880686171875,0.8685695845092949,0.862273520033598,0.9443834278905732,0.9602211523225768,0.9225015741707872,0.2586095064370061,0.8129560940834346,0.9544316996038,0.03139863267861631,0.8759110188590655,0.9288488221297497,0.9152582079543841,0.92126914699118,0.9623211158059548,0.9152582079543841,0.9623211158059548,0.9623211158059548,0.9027019168030597,0.3647019568709454,0.8961186971729789,0.9492063492063487,0.9602211523225768,0.938412400887346,0.938412400887346,0.8322525541058978,0.9428469360414611,0.9475597985845114,0.9288488221297497,0.5210240199989242,0.9508971383859761,0.7684119013812074,0.3833143586062788,0.7125274559321442,0.7447432793600621,0.0,0.8918007079504506,0.9492063492063489,0.758381053055492,0.960221152322577,0.9328339505740528,0.9341976401680097,0.855952276285969,0.0,0.7399891659895361,0.8058499662916012,0.9341976401680094,0.8058499662916012,0.8266892096935958,0.8129560940834346,0.9544316996038,0.7143607147557588,0.6716454483484393,0.8058499662916012,0.7431708752992889,0.9355809960386166,0.6761489807685291,0.9623211158059548,0.9355809960386168,0.9492063492063489,0.8982973238138026,0.930160641445072,0.8388272306091984,0.4779583613087228,0.8106069085572598,0.9492063492063489,0.03139863267861631,0.8420784215528954,0.861222266702256,0.5110414539348817,0.7766590274917051,0.7524297972473162,0.0,0.9856724533720749,0.8633240709217587,0.9225015741707872,0.0,0.8399134433261015,0.9428469360414604,0.9582144552981327,0.2115113915126694,0.03139863267861631,0.9114861522954751,0.9314886672615051,0.897206214237533,0.9288488221297497,0.9083158055901508,0.9355809960386172,0.8129560940834346,0.0,0.9275522446953854,0.0,0.9582144552981327,0.8333555867103808,0.8843412180810759,0.9623211158059548,0.9262700211315917,0.8022278398026612,0.904931518601306,0.9225015741707869,0.0,0.8322525541058978,0.8210376473859937,0.8506512873935228,0.9250013316406696,0.40060683675051967,0.9544316996038003,0.3227392978460525,0.9237454173815312,0.392115299153029,0.8928757609748668,0.7948313236856197,0.392115299153029,0.9225015741707872,0.9544316996038003,0.885400876353422,0.392115299153029,0.9623211158059548,0.931488667261505,0.9508971383859763,0.885400876353422,0.9475597985845114,0.9237454173815312,0.9341976401680094,0.8918007079504506,0.9152582079543841,0.9355809960386168,0.9140827360776211,0.930160641445072,0.9475597985845114,0.9384124008873462,0.7301312695908225,0.9225015741707872,0.9015943008452869,0.8333555867103808,0.42440193597169273,0.9083158055901508,0.930160641445072,0.9508971383859763,0.9526370111116405,0.9015943008452867,0.8939536575643379,0.9275522446953854,0.9275522446953854,0.9004911494084333,0.9544316996038,0.9562880686171873,0.5974763156586966,0.9262700211315922,0.8664724446651935,0.9176344520056336,0.9250013316406696,0.6549904556417999,0.9369854052620166,0.9237454173815312,0.9492063492063487,0.8366469404145511,0.8780124908814328,0.9129151319089186,0.9004911494084333,0.6623067578386677,0.9562880686171875,0.9188361382271666,0.5906675167558797,0.9314886672615046,0.944383427890573,0.926270021131592,0.8993922310882434,0.6040574193889983,0.7598430279509716,0.9398636845831869,0.6739104850582693,0.9475597985845114,0.8832831707913573,0.7143607147557586,0.9526370111116407,0.9508971383859763,0.8864622842804517,0.9275522446953852,0.9526370111116405,0.8982973238138026,0.8633240709217587,0.708808264663793,0.9459533477380775,0.9459533477380775,0.8322525541058978,0.9341976401680094,0.9027019168030599,0.9526370111116405,0.8591172857456586,0.9341976401680094,0.9562880686171873,0.8928757609748668,0.9328339505740528,0.9508971383859763,0.960221152322577,0.8854008763534222,0.9582144552981327,0.7197593917099125,0.9562880686171873
p322_G,0.9524638865399525,0.8151246754418036,0.6589878493055457,0.9222291237660198,0.9213989428943467,0.8812473067855706,0.881778591904121,0.8203520625377089,0.41688922810705686,0.7515166263557423,0.810468129073004,0.7883906683954578,0.8753642057643778,0.7765580483948542,0.8709957371870293,0.8922385997972992,0.9622663405510676,0.7840725527723564,0.9888905370951696,0.9120142963323286,0.6775463822410459,0.8058941123210295,0.8696220487395172,0.8163356189353926,0.8013966443800902,0.5720356901794401,0.8247130225158625,0.6940036769353095,0.9120142963323283,0.7397766770774614,0.6383090142792225,0.9881562591687436,0.8735847606764733,0.6937381230307135,0.9512348946167908,0.8683043280893408,0.876007953269136,0.8198704548791864,0.7646343017371665,0.7798870083823577,0.6829140837866348,0.8376144174788167,0.9599402826694068,0.7986216211843629,0.9347556769440266,0.6708532631343029,0.8507258744656068,0.586231841614631,0.7798870083823577,0.45533194413928635,0.8141826543533127,0.5536592407665066,0.595031824359733,0.9463853627621881,0.9272990664737619,0.7980426047213927,0.9986531684209496,0.8399134433261015,0.5951530081951613,0.8296609453116082,0.4672123316065008,0.6520244911123445,0.8479893003429589,0.9064064175239173,0.8622329273186462,0.41813315588889255,0.889325715929772,0.6783770375260307,0.9529716344220627,0.9040056117932131,0.7518636489945645,0.7798870083823575,0.9810708463392349,0.18224381327910188,0.8399134433261015,0.6421627176199249,0.8310602105669125,0.810468129073004,0.3839166205679707,0.8812473067855706,0.8812515305002849,0.8639679664180093,0.7676249244490583,0.8990532236738205,0.8399134433261015,0.740408165962642,0.9065585053045613,0.6330535827299493,0.8525086721199605,0.83472400300589,0.8399134433261015,0.6589878493055459,0.6811936781488921,0.4731825909923906,0.7892792459601401,0.8460142020576455,0.6522360938468745,0.6455139250146911,0.38669710254593903,0.40504029960303356,0.7757525420881084,0.8507258744656063,0.8399134433261006,0.6236134294631674,0.6664953264182212,0.8683043280893405,0.707465191475404,0.39033799818930537,0.8037822702734229,0.30341458555938505,0.6089082512945176,0.9311326911882758,0.610741068065767,0.7331303412620982,0.8507258744656068,0.45334373499206015,0.8413768129058807,0.7746828348719352,0.8812473067855702,0.46815407136240894,0.9699255019644265,0.7813668572264032,0.8013966443800904,0.9800602114919321,0.8070686869526495,0.5509058696879084,0.845242310489589,0.8922663859023952,0.9506887194977824,0.8300446655816203,0.5340483655284582,0.8507258744656063,0.8563822015167815,0.8433272776210028,0.8247130225158625,0.6770439832524888,0.6899824923962604,0.8563822015167815,0.889325715929772,0.8578802781954207,0.5782498970337739,0.874628843297669,0.5501309116292643,0.6849911203940531,0.8056762111464639,0.5722608985960846,0.7269489756853743,0.340319750704978,0.7900755252357381,0.37593040131679634,0.8746288432976697,0.6293840353098041,0.9408646612910494,0.9977506746524964,0.9222692303427624,0.6090071183380958,0.6691800415334856,0.8061169085206568,0.7716534048641354,0.6546562942882366,0.754555944396149,0.9143162677112746,0.8401821221942172,0.6165088686804586,0.7268712152996124,0.7366498014329852,0.7207499689246578,0.7001058017664255,0.919205175026629,0.47259633292759495,0.8389885092682108,0.8347240030058898,0.711576017346357,0.6520593945786168,0.8439040976117987,0.7531088570108546,0.9040056117932131,0.9036253447632618,0.8901738716377341,0.7217943839287895,0.8634445422634562,0.6906760395258443,0.887202855254529,0.9216975403748093,0.9884295700492649,0.5673695771031289,0.39719840736440715,0.7691963914190345,0.8151246754418041,0.8229032970602803,0.8317070600826403,0.8245687493138688,0.43954993257662434,0.25131803191325186,0.9741962445265637,0.8399134433261015,0.7240386905967507,0.9989769426144841,0.9845647942939195,0.6295439847071651,0.553740855978751,0.8637151821288627,0.8399134433261015,0.6151803591539375,0.43093038644390025,0.7889020793904014,0.8399134433261015,0.8023623452747028,0.5872010282117109,0.497815286244343,0.686776680563213,0.7003722788668685,0.8347240030058896,0.8399134433261015,0.9549668205941205,0.8399134433261015,0.4876288173850647,0.5867032515513304,0.6026652163902149,0.8399134433261015,0.5912791063234349,0.8399134433261015,0.7226004790373985,0.7654999686170129,0.7366498014329852,0.6240540765924596,0.8507258744656063,0.32593616018070015,0.8860996110792332,0.8211875909760828,0.6656178245154278,0.7759863844447474,0.7556673434082968,0.8244907184259171,0.8563822015167815,0.9579815714632903,0.839057202362021,0.8867842503758101,0.8116158982165866,0.8397278942346039,0.5872010282117103,0.6800950325573993,0.6546562942882366,0.859926392966453,0.8399134433261015,0.8142645421463316,0.8399134433261015,0.6329841490980637,0.7329189478805092,0.9789002264182658,0.8375584557741429,0.31313625593079,0.6932730478172033,0.6363385153528553,0.8013966443800902,0.678880826043428,0.8618481858107894,0.5200917825386859,0.704141372814715,0.6105671809582436,0.9726587582012253,0.4921659892381144,0.83472400300589,0.8981226977544042,0.6734254064964029,0.7646343017371665,0.6685009503205941,0.7755900662838817,0.858451192965441,0.7405676683148599,0.6206778766890872,0.9881562591687436,0.6757480515940588,0.6091381821416482,0.5476722658271851,0.8683043280893405,0.3432779624922766,0.7324668905470784,0.7926104337466324,0.9865039461405374,0.8683043280893405,0.9656433082021658,0.19089380932238842,0.8622329273186462,0.6794632600576151,0.7557478947704015,0.8507258744656063,0.7441955253353556,0.19624115783681328,0.8296609453116082,0.8507258744656065,0.8825210710884406,0.3779870881394988,0.8683043280893408,0.4113717421102411,0.7403078578833724,0.638817473920966,0.9573429351207662,0.9888905370951696,0.8399134433261009,0.825154110106769,0.8296609453116086,0.8563822015167815,0.25508973047936934,0.7231400005227371,0.8507258744656063,0.7798870083823577,0.9884932570896393,0.4308912344352074,0.5823978868922295,0.7343780248989296,0.7489983266712625,0.8976192631398054,0.7119261915275465,0.6737254740204592,0.9120142963323286,0.6118663904233583,0.9493997493669875,0.9449335080617598,0.6649016023726025,0.7146311041851883,0.863117355928886,0.8399134433261015,0.7153521111143415,0.8867842503758101,0.7840725527723569,0.8683043280893405,0.9649376594301962,0.892706361251836,0.8399134433261015,0.8260729622142455,0.8683043280893408,0.9205937947274885,0.7182438597504208,0.6276344752505439,0.7926104337466324,0.955212744755753,0.3740058814215548,0.4741085218319463,0.8013966443800904,0.6698436400465833,0.5260402453552875,0.7359365694375495,0.7138119213033539,0.5888927592209936,0.7123368502048153,0.6282736808318864,0.8812473067855704,0.32986527943600785,0.7642693236079956,0.2916741808289769,0.8247130225158625,0.83472400300589,0.7724174858771469,0.6546562942882366,0.19624115783681328,0.3078020917024693,0.4287531787392229,0.8399134433261015,0.39535070691841134,0.9023157547593308,0.7683220889966953,0.7999541791756466,0.9384438915290361,0.32172606644341706,0.8399134433261015,0.8399134433261015,0.9258768304089707,0.629591586997567,0.5986910355377004,0.8399134433261015,0.9120142963323286,0.8399134433261006,0.7765580483948541,0.6760244055494282,0.44375984033894633,0.8399134433261006,0.7596681204982019,0.8562263088127957,0.47130968960820097,0.40859011830252134,0.8399134433261015,0.6409983023494141,0.736649801432985,0.30881697904917904,0.3641115239864736,0.7807465126855615,0.6776554451884116,0.8507258744656065,0.24068338784054233,0.8399134433261015,0.38695509148878005,0.7840725527723569,0.6609734986182364,0.7838005526024707,0.9067735960486836,0.4944947655420382,0.8198704548791862,0.8399134433261015,0.8897468191846519,0.6589124850327781,0.8399134433261015,0.9493736501844385,0.5668155150871166,0.6792923906520336,0.43089123443520716,0.21636625138639531,0.8399134433261015,0.7993559534388661,0.46684464797996406,0.862232927318646,0.6023297131978631,0.4831016006774318,0.5292429714170618,0.5372850386505239,0.6894298084689432,0.8507258744656068,0.9450302180214635,0.3704046201501604,0.8938392776212343,0.42975672930287845,0.6923654058278743,0.5923782007598546,0.9907081931481021,0.8563822015167812,0.8070686869526495,0.8399134433261015,0.9040056117932131,0.7945542113659165,0.45663855403981035,0.9840116439758553,0.8595225698014137,0.8296609453116082,0.7128452840278691,0.9375392388282306,0.8296609453116082,0.8875382141796819,0.8399134433261006,0.8413768129058805,0.6649249480008073,0.7145761397566917,0.9888905370951695,0.329152299248919,0.9867852024016464,0.9223539499174285,0.869622048739517,0.6340305942169475,0.8562263088127955,0.9120142963323286,0.7040771708413378,0.6940036769353097,0.7409952758384328,0.7883124876833469,0.8058941123210297,0.6933452337724906,0.8825210710884406,0.9948450971203189,0.9235981355037082,0.9617550929170788,0.9115396548655941,0.7841426588398452,0.9389182709174668,0.5955901146276341,0.5361179361179365,0.5264767958285983,0.7361116574957212,0.9897770041581087,0.6341436301803858,0.6719091438603995,0.7656185718671962,0.8030302144488977,0.8211875909760833,0.43821440060550865,0.9646082992863596,0.5605206507527049,0.9695311240154441,0.7717692349609537,0.5549831010609093,0.8507258744656065,0.8827761648218233,0.5843040430603095,0.9190462056016555,0.9235981355037084,0.9531892533912971,0.7579803578705886,0.47173342944586494,0.896467838022496,0.8151803561408069,0.8247130225158625,0.8247130225158628,0.9130131975922846,0.7389815511680627,0.763626390598535,0.4634574491914746,0.7255342655376829,0.8347240030058898,0.8347240030058893,0.6475029950163668,0.8018471989554682,0.8247130225158625,0.595682393071082,0.8399134433261015,0.8622329273186464,0.8399134433261015,0.8399134433261015,0.2740058589673319,0.9850745779701807,0.7642693236079956,0.8399134433261015,0.4455159030337301,0.31030452265553277,0.8300446655816203,0.8294970509385431,0.6409983023494141,0.45280169026552164,0.9627288917956203,0.8670206375836009,0.4201883701883694,0.8847008632357319,0.8641209512651165,0.9991725701340459,0.5648883465523022,0.5604721700770949,0.495048966586107,0.7636263905985352,0.9384151690330191,0.8317070600826404,0.8592658644930107,0.862232927318646,0.6894298084689432,0.8507258744656068,0.8076093173516694,0.8166144139907262,0.9052103298201706,0.7969703620943658,0.344021396328535,0.8018249048729209,0.5573077225527805,0.9850745779701806,0.9714083933984268,0.7359365694375495,0.9317246035504447,0.8452423104895892,0.9791479838702564,0.48873099052772706,0.4954545454545456,0.8893257159297725,0.6342095250294093,0.8726696778066869,0.6585415792042688,0.6522360938468756,0.8637151821288627,0.34721388756969174,0.767624924449058,0.8812473067855704,0.40103757465474354,0.4116529824919467,0.8318499072920876,0.44509487394194847,0.8058941123210299,0.5474165865862886,0.747596670834876,0.8399134433261015,0.8563822015167812,0.6940036769353107,0.8697493950485444,0.6056118339224335,0.866946610482492,0.8317070600826402,0.8109335674712213,0.4678234923124873,0.7969703620943662,0.2063816947332765,0.8746288432976692,0.36226535982823704,0.9902983276552522,0.5161185195065398,0.8296609453116082,0.9921294748303067,0.7050848691106903,0.7329189478805092,0.7926104337466324,0.6672334268142972,0.6832959884746046,0.4030890201205408,0.5070588765218017,0.7642693236079958,0.5720106714236928,0.5626136511254387,0.5742306648018378,0.9120142963323283,0.8507492800484013,0.9375392388282306,0.654326199517969,0.8142645421463314,0.6774347924961068,0.83472400300589,0.3701635798423516,0.5124551502057029,0.9205937947274885,0.5363890258241335,0.8949125525517203,0.7602568370336436,0.7366498014329848,0.8116920561107119,0.8992540666975277,0.7849858404243295,0.7050769989368004,0.7989426079415447,0.8361581574418966,0.9796798986207558,0.8563822015167812,0.8812473067855706,0.8399134433261015,0.9546975005750381,0.5758545015271137,0.40349111295129014,0.7480134585565221,0.8399134433261015,0.5686558194523939,0.4598859203179453,0.6113649571205486,0.7765580483948542,0.6968509431824825,0.6589878493055459,0.49038722595612616,0.9660451111455752,0.793630227719601,0.8120245408232594,0.49789166447044486,0.7045113874455715,0.8622329273186462,0.6933452337724906,0.9986531684209496,0.9461114643341089,0.7329189478805092,0.8812473067855702,0.7670874917349838,0.8296609453116086,0.9205937947274885,0.815124675441804,0.7757525420881084,0.8697493950485446,0.5567439083216592,0.6512313503779534,0.8103841185758074,0.9213989428943465,0.8669466104824926,0.5135952972439597,0.39707582048694023,0.83472400300589,0.9222692303427626,0.8247130225158623,0.83472400300589,0.83472400300589,0.784343121880636,0.8399134433261015,0.8726696778066865,0.925548573506128,0.8399134433261015,0.7926104337466322,0.6719091438603995,0.8683043280893405,0.8507258744656068,0.930702748726346,0.845242310489589,0.83472400300589,0.5373764448434832,0.2269048137692028,0.767119518034727,0.3328117620796279,0.8399134433261015,0.707465191475404,0.8507258744656065,0.7926104337466324,0.48142819277573046,0.7477056920101903,0.8683043280893408,0.8452423104895892,0.6804006811026452,0.9660206703631764,0.8013966443800906,0.8399134433261011,0.946595526822954,0.7929713227597293,0.8490641899017124,0.6964935000023014,0.9132282425485745,0.9754081792009579,0.7798870083823577,0.8507258744656068,0.7619860369830849,0.4764847310720609,0.8399134433261015,0.9294212984934327,0.644402848442492,0.7889020793904014,0.5560768291956404,0.8247130225158625,0.810468129073004,0.28613540014852057,0.8296609453116082,0.4263754752568536,0.25673333219452366,0.8399134433261015,0.8399134433261015,0.8830196086760345,0.5878442218454649,0.7109305989182466,0.5822119792924667,0.294295108900839,0.5483645584802128,0.5090090090090094,0.2133125210103144,0.7883124876833467,0.22225197026984178,0.8399134433261015,0.7902904933221353,0.8563822015167812,0.7646343017371665,0.4678234923124873,0.8683043280893405,0.4386543052759394,0.8399134433261015,0.8399134433261015,0.3046276018664278,0.8399134433261006,0.27848068797184033,0.8058941123210297,0.5493328007284872,0.6829140837866348,0.8814866838286846,0.7516809557057982,0.28780488656296366,0.5431943565045936,0.8399134433261015,0.7329189478805092,0.18776318511190215,0.8452423104895888,0.9888905370951696,0.9766157161171554,0.7975621758767671,0.9049531338697618,0.7404081659626418,0.9086325472740335,0.5702165945436986,0.8399134433261015,0.3411541642407169,0.938894876672657,0.4918834531833952,0.6139348204015094,0.590392366287859,0.9223539499174283,0.6027098378705029,0.5954041640214656,0.8296528763467041,0.8113219793727513,0.36979015219675626,0.8522236861229036,0.8746288432976697,0.8696693399894576,0.8070686869526495,0.3394452621548263,0.7482956255273314,0.8637151821288633,0.5429255320207007,0.6892859547130734,0.8106195220413985,0.9574020178203884,0.7646343017371667,0.7717692349609535,0.9613667414467572,0.9205937947274885,0.6933452337724904,0.9473570848408807,0.5362551864136729,0.7722191842821251,0.8746288432976694,0.8310602105669125,0.8166144139907261,0.5514729936575302,0.8467276077778303,0.7304083101495112,0.9790567689457662,0.719620942883368,0.8778669044944865,0.6926076999759636,0.7801055081046446,0.6079650388491074,0.659826137938027,0.8399134433261015,0.6589878493055459,0.9512348946167906,0.559224925394363,0.7515166263557423,0.9987286035296299,0.6365293048823516,0.7011279531388406,0.8399134433261015,0.3227467550960057,0.40103757465474343,0.9933169682392364,0.21427233275694213,0.22197140101950608,0.20923049339373234,0.8893257159297718,0.46821450650102403,0.9239226011356905,0.8872058356970588,0.3895885012665472,0.7969703620943662,0.519327078088577,0.8812473067855704,0.8454048198578001,0.8399134433261006,0.8672165210180758,0.8930547626933854,0.385427939355764,0.9395403458130791,0.42907409730080026,0.9810708463392349,0.83472400300589,0.43563523696193607,0.5626136511254396,0.689429808468943,0.38561079609020477,0.36622399056003585,0.8399134433261015,0.2687448496372571,0.5692379160688965,0.7557478947704017,0.8399134433261015,0.0,0.9541562193724058,0.8683043280893405,0.8211875909760826,0.8637151821288633,0.5708385908440514,0.847989300342959,0.8963605811335611,0.842622729987961,0.8943742600797877,0.8696220487395172,0.4235144346147839,0.8399134433261015,0.9208362899258792,0.8399134433261015,0.7389815511680629,0.5818752379363947,0.48232033270483077,0.7646343017371665,0.7343256807960641,0.5186667649097927,0.4954917019839429,0.7765580483948542,0.8399134433261015,0.7804994725980605,0.42083849138598783,0.6126808767237935,0.8277047400759179,0.7329189478805085,0.8893257159297718,0.7636263905985359,0.734450467005167,0.7562824401099395,0.38034969336050817,0.35336904484494136,0.7562824401099395,0.7765580483948542,0.8563822015167815,0.6546562942882366,0.7562824401099395,0.7646343017371665,0.9450454920344062,0.8471012617149394,0.6546562942882366,0.8637151821288627,0.6290585060683689,0.7926104337466322,0.5537408559787513,0.7329189478805087,0.9608573490884635,0.5209844651197926,0.6090071183380943,0.9216975403748096,0.8921127087283752,0.7217501078229652,0.7557478947704022,0.689854356034304,0.5480256948618958,0.957689447415241,0.7110385499927911,0.825154110106769,0.7855699761558455,0.8825210710884408,0.6993964878646286,0.9149378017160033,0.7890516057622546,0.7716661136923304,0.6901447857918366,0.856382201516781,0.8622329273186462,0.9625831431236911,0.5610911087074112,0.7104911003643815,0.7236777151203178,0.763626390598535,0.9329051049879507,0.8507492800484011,0.6501368982557285,0.8399134433261009,0.6260143888883596,0.7072497277575391,0.8016693236621553,0.534275369526028,0.886279408810678,0.862232927318646,0.8044169201532767,0.972408058445138,0.595031824359733,0.8797343497299446,0.7676249244490592,0.9064064175239173,0.9529173023629656,0.8592041317993953,0.810468129073004,0.8511136165746118,0.892706361251836,0.835056182084529,0.6764202951862912,0.8507258744656065,0.8452423104895888,0.4181836199354789,0.5474463514622758,0.8825210710884408,0.8255508701375339,0.2472673494379366,0.6485492515027018,0.8860996110792339,0.8860996110792339,0.3529618510016378,0.8639679664180093,0.7109305989182471,0.8825210710884408,0.39046630917521474,0.7926104337466326,0.8622329273186462,0.3473402379009981,0.9052103298201706,0.8760079532691363,0.7889020793904011,0.6325967891845745,0.8103841185758076,0.834959944709897,0.8622329273186462
p323_L,0.9761448811553916,0.7018864994114877,0.9107523671187101,0.9540324564594047,0.9428469360414602,0.9576036838348734,0.9902330973113245,0.9745908627378719,0.8917716903077888,0.9552408029353747,0.9658597103040234,0.9441180703023756,0.9441180703023756,0.7160974749891132,0.8994092506018594,0.9652032613479657,0.9919304969477558,0.6670029807020202,0.9529828655437629,0.8966062547807162,0.9361465845612335,0.9307015751744632,0.9765150789456656,0.9942907727414587,0.9290959183459286,0.9229109835440805,0.9919304969477558,0.9448810215177159,0.896606254780716,0.8217189534557288,0.9579335751547249,0.9487265052554266,0.9356913183279745,0.908674345896699,0.9980353634264252,0.9529828655437629,0.9447494136270194,0.7982315112540196,0.9576036838348734,0.6301164780212252,0.8867960431767519,0.9829255798283557,0.9576036838348734,0.9020120239820866,0.7355179203693041,0.9922428343974103,0.9467071200650465,0.9566644487892413,0.921416687638209,0.8782540541553361,0.985998391819751,0.8671754624485621,0.9684760986278473,0.9619697063034159,0.8514469453376209,0.9199406273027306,0.9199406273027304,0.9428469360414604,0.8328255545646563,0.9391866557097979,0.8942918945731195,0.9421236141855149,0.9859587862883861,0.8867960431767519,0.9508152934266845,0.9332313031669532,0.9487265052554266,0.9944284094187584,0.8170820324884165,0.6225806388649325,0.9256844856602766,0.921416687638209,0.8206822618300813,0.9099468485336428,0.9428469360414604,0.8722472547880544,0.930701575174463,0.7622482528379302,0.9578707370140944,0.8864720867133831,0.9832374253294529,0.9326512786655544,0.9971482141805039,0.9229109835440807,0.9428469360414604,0.6600626095334563,0.9197042164521494,0.805808420272301,0.9547565271417207,0.9409942357230059,0.9428469360414604,0.7317661902841768,0.9786056946230594,0.976014108113195,0.9971482141805037,0.9747036495324757,0.7388835422712872,0.8734436811123549,0.9533425807863842,0.925874623663896,0.9917271981546154,0.9272932852315989,0.9980353634264251,0.7660459090234469,0.942588024799521,0.9529828655437629,0.888380947403056,0.9759617416119464,0.9242212627322112,0.9128207699131587,0.7795012370283052,0.47335210568935415,0.8598857653919487,0.9347742988036447,0.9467071200650465,0.9338312671659874,0.961969706303416,0.9529828655437629,0.9576036838348734,0.9808861036783862,0.9848460455693228,0.8151126965355122,0.8264327167843053,0.9156114273620615,0.712568095785787,0.8774693280239332,0.9447494136270194,0.9289590390434164,0.9441180703023759,0.9816273853023441,0.995078634245084,0.9467071200650463,0.7248979801204603,0.9576036838348732,0.9374201804111677,0.9889981577295384,0.985656769276599,0.9859983918197511,0.9859983918197509,0.9391866557097981,0.8314271579725275,0.9552408029353747,0.9593856684352828,0.8494159413108651,0.8092067616769585,0.9733993351591581,0.9243190146758089,0.9032466991467192,0.9888899454936781,0.8806537359826772,0.9706827259226706,0.8942918945731191,0.8826589256374863,0.9277615740326808,0.9859983918197512,0.9214166876382093,0.9855869185160225,0.9795142794845892,0.9366584624239662,0.9024363921718168,0.9625483257799177,0.9902930825832764,0.6498720808427022,0.9053460271509983,0.9515024281619318,0.905980420499302,0.9574440620356695,0.8747552586782785,0.9971482141805039,0.8802933878333343,0.5511624407133733,0.9409942357230059,0.9199406273027306,0.9841869078639119,0.9422699082751611,0.9252388023815417,0.9529828655437629,0.8838450146253054,0.9290024883707135,0.9699685710882368,0.9007066431763933,0.9384783478628758,0.9917271981546155,0.7717865293404476,0.9328414868823205,0.8311730457116626,0.8402927774016278,0.9724229122039046,0.933997010939813,0.7099144500891441,0.9489843611787745,0.9971351329787357,0.8871943424394642,0.9414020595590618,0.9656987984431142,0.9428469360414604,0.9447494136270194,0.9391866557097979,0.9566644487892413,0.9187449455470124,0.9757489930454581,0.998438082710315,0.9428469360414604,0.8856527198302375,0.8651402576483784,0.9552408029353747,0.9428469360414604,0.9222721375875025,0.9046484553665961,0.9984745940870214,0.9512236288184555,0.9992512019831129,0.9409942357230059,0.9428469360414604,0.8658597358546526,0.9428469360414605,0.8913065268954616,0.8597762340744507,0.7855992870126627,0.9428469360414604,0.9857574885038733,0.9428469360414604,0.8325333514600275,0.9675804311170673,0.7050135693165611,0.8603749609471993,0.9467071200650463,0.9961688745874033,0.9391866557097979,0.9275156757582277,0.9307015751744632,0.8914873938168952,0.8426472487233314,0.9720014770972775,0.5943477742708143,0.9208601429117474,0.961455338899478,0.890520104676289,0.7798331989778062,0.9046484553665961,0.9046484553665961,0.9374201804111677,0.7523458273593636,0.948984361178775,0.9428469360414604,0.9701035670462173,0.9428469360414604,0.8801183985124816,0.8644147548261591,0.9487265052554266,0.8639170600745966,0.9454447741246241,0.9447494136270194,0.9414200463913256,0.9290959183459289,0.7935074943504447,0.9658597103040234,0.9858432867658979,0.9467071200650465,0.7609366689568345,0.8556531508423673,0.9060596167721557,0.9409942357230059,0.8456829831262228,0.955535410931985,0.9576036838348734,0.8957485061869491,0.8920624426086243,0.9366007185429917,0.8544735095381983,0.7524157274154294,0.9487265052554266,0.8569414677127443,0.9759617416119464,0.8009347235614804,0.9529828655437629,0.8601632422512162,0.9033258132980617,0.979781144969363,0.7303921833268117,0.9529828655437629,0.9159905215994684,0.8683459032022252,0.9508152934266845,0.8855640524750212,0.6748637164201778,0.9467071200650463,0.9086743458966988,0.9368826856829253,0.9391866557097979,0.9467071200650465,0.8642934878799218,0.8949168495702202,0.9055383025924691,0.8243731352318133,0.8924422111181161,0.9024363921718168,0.9873872545622597,0.764059470728701,0.9389176628943102,0.8543498951915085,0.7812408865116336,0.9487265052554266,0.9923504136228154,0.9870237809502926,0.8642934878799222,0.7198098448893385,0.9837816225361298,0.9214741847707462,0.8981194480464401,0.9428518414710712,0.9133721538450703,0.9698669865654841,0.9214802642117665,0.7877549168970759,0.9552408029353747,0.8917716903077888,0.9706827259226706,0.988223797234048,0.9798831497297817,0.9186062981675365,0.9272932852315989,0.9428469360414604,0.9487265052554266,0.9950523508844094,0.8036983259533207,0.9529828655437629,0.9508152934266845,0.8292303763277573,0.9428469360414604,0.9731155357061645,0.9055383025924691,0.6525857425357655,0.8994092506018594,0.9317569054629058,0.9259591224230197,0.9207232888949289,0.918586074009178,0.8238915917771293,0.9290959183459286,0.9356913183279745,0.8828138438639468,0.9467071200650465,0.9882237972340482,0.9282903375864759,0.933997010939813,0.8786204957262435,0.9576036838348732,0.9392750447224356,0.6935783974165559,0.9784690751812071,0.9919304969477558,0.9409942357230059,0.9256844856602766,0.8151126965355127,0.8855514054889408,0.9383735294607871,0.9183444267027678,0.9428469360414604,0.9188590135204664,0.9746918335654058,0.8082824043846147,0.9746918335654061,0.8225297836387611,0.9346457727814363,0.9428469360414604,0.9428469360414604,0.9888899454936781,0.9677437194642818,0.7635815794562905,0.9428469360414605,0.9706827259226706,0.9428469360414604,0.9540324564594046,0.8843363349468663,0.839719657011484,0.998035363426425,0.9141982714487245,0.4709215913319854,0.8975473651324497,0.9331733109140277,0.9428469360414604,0.9800369388393657,0.8217153723718025,0.9262179130570987,0.9799993340927846,0.6681491969266846,0.882546786906578,0.9467071200650463,0.9234645986710444,0.9428469360414604,0.8965276249514235,0.9859587862883861,0.869688621120644,0.8747362241208879,0.9942907727414587,0.8628529229940889,0.5321543408360141,0.9428469360414604,0.9498190556368229,0.9595208464736601,0.9428469360414604,0.9977287777736428,0.8742604380900317,0.903246699146719,0.9233494281195045,0.9564978067640915,0.9428469360414604,0.8278103590286844,0.9217444777452883,0.9508152934266842,0.9159905215994681,0.8697487224008298,0.9315707757470979,0.896836857654101,0.7833553606810633,0.9467071200650465,0.9870237809502926,0.8722472547880544,0.44868422981707956,0.8897296817044202,0.7850427155962612,0.8838450146253056,0.9275156757582277,0.9487265052554266,0.9684760986278473,0.9428469360414604,0.9529828655437629,0.9238496325630554,0.9008490227514356,0.9658597103040238,0.8639170600745976,0.9391866557097981,0.8693977572794958,0.8114113318468931,0.9951011472655118,0.7622482528379304,0.9428469360414604,0.8579364235466451,0.894356589094951,0.7921379816793696,0.9529828655437629,0.9633717685717935,0.9552408029353747,0.8579364235466451,0.9285304562976125,0.9805434929743857,0.930701575174463,0.9552408029353747,0.8932999321303234,0.9448810215177157,0.8782540541553361,0.9244246976009176,0.9695689525766126,0.9253641867456626,0.9467071200650463,0.9086743458966988,0.9208601429117473,0.8917046583076758,0.7441318134503208,0.9889883423817387,0.8640539815709767,0.9156114273620619,0.8309865574384445,0.7948199077538012,0.7174892053429944,0.8445385534424796,0.7908518201434283,0.8968564385234131,0.9127986978904694,0.9730889887268284,0.9275156757582277,0.9200202754516914,0.9149568459375002,0.9159905215994686,0.9797811449693633,0.9816273853023443,0.7740398403502289,0.8642934878799223,0.9346457727814363,0.8350453582878757,0.9353631805614124,0.954924242646743,0.9529828655437629,0.8767465845813152,0.9917526939911679,0.9508152934266845,0.9773177764454567,0.9374201804111677,0.9919304969477558,0.9207232888949286,0.9529828655437629,0.6188449469186444,0.9081157632643155,0.9020120239820866,0.9409942357230057,0.9409942357230057,0.983984568565283,0.9964099135129638,0.9374201804111679,0.8199228505261882,0.9428469360414604,0.9508152934266847,0.9428469360414604,0.9428469360414604,0.951838115269452,0.9275156757582277,0.9086743458966988,0.9428469360414604,0.9141483022399819,0.9511243311366437,0.9431379203344703,0.999498010690612,0.8970277449900299,0.987682698413244,0.8975014243503168,0.9253641867456626,0.9541562193724058,0.9356913183279745,0.9384117362634949,0.8456829831262229,0.9073222074226133,0.9023829244870386,0.9217444777452881,0.8727778336746222,0.9356913183279745,0.9951011472655116,0.8869551723285887,0.9508152934266845,0.816708558641327,0.9902930825832764,0.7688079444976272,0.9805663112989254,0.9707495588862809,0.975500298406281,0.9391029035492076,0.9559635246111835,0.9656987984431145,0.9275156757582277,0.9100373996478222,0.9467071200650465,0.9307015751744634,0.9942907727414587,0.7157318557693009,0.9231941516290607,0.9541562193724056,0.9487265052554266,0.8951646744396662,0.9374201804111679,0.9039048465607344,0.8994139053994518,0.8292303763277578,0.9008577149489985,0.9599453718988953,0.9576036838348732,0.9107576639752013,0.9633717685717937,0.9950523508844094,0.9140070888488475,0.7701100080787618,0.9604002581429945,0.8983711902967619,0.9428469360414604,0.9487265052554266,0.9837816225361296,0.8797999623621963,0.843847163114755,0.9307015751744627,0.9391866557097979,0.9170389579782947,0.8628529229940889,0.6886073430573447,0.9339021087734336,0.9552408029353749,0.9013250902550526,0.9658597103040234,0.9943221240938251,0.9391866557097981,0.9578778135048232,0.9042097209541822,0.7874358248904121,0.9326512786655544,0.866259531493401,0.8956896346491721,0.95566787850422,0.9822020762549046,0.988223797234048,0.8364293592636134,0.843761364852731,0.9579335751547244,0.9552408029353749,0.9779901913198821,0.9942907727414589,0.8597762340744507,0.9253641867456623,0.989724774838491,0.9409942357230059,0.8471601894990164,0.8558959967570533,0.9576036838348732,0.9552233758827164,0.9272932852315992,0.8173772215494309,0.9448810215177157,0.9707495588862811,0.993001269385082,0.9997442770526124,0.9242212627322112,0.9193839619667784,0.9323345609629294,0.9984380827103148,0.9487265052554266,0.9576036838348734,0.9428469360414604,0.9484490715653735,0.9926027687807664,0.9625483257799177,0.8082824043846147,0.9428469360414605,0.8997202507834752,0.8575337746864098,0.9628942976868907,0.9540324564594047,0.8917716903077886,0.7642645032475508,0.8970277449900297,0.7838170961848719,0.9184817171461352,0.7843770380119026,0.8319526871891936,0.8968564385234131,0.9508152934266847,0.8307272387687246,0.9641067145740576,0.8642934878799218,0.9431379203344703,0.49666151308401907,0.9944777937421577,0.9951011472655116,0.5746236278098931,0.9339970109398128,0.9199406273027304,0.9428469360414604,0.9032466991467191,0.9010752173319363,0.9529828655437629,0.9980353634264248,0.9307015751744632,0.8916280673533917,0.9309219169575449,0.9409942357230059,0.9859983918197511,0.991930496947756,0.9409942357230059,0.9409942357230059,0.9720014770972774,0.9428469360414604,0.9374201804111677,0.9675804311170673,0.9428469360414604,0.7441318134503208,0.9937547890875104,0.9762777185243532,0.9467071200650465,0.9135168909419205,0.933330959109937,0.9409942357230059,0.9236185934423298,0.9527674384230347,0.975500298406281,0.955679073494692,0.9428469360414604,0.7443423259231802,0.9902930825832764,0.9259591224230197,0.8695614599162658,0.8968368576541008,0.6933200547968152,0.9333309591099369,0.9290959183459289,0.787435824890411,0.9290959183459289,0.998035363426425,0.9413936847619075,0.9928637420004902,0.9156114273620615,0.9937660335010002,0.8131511172044532,0.9762777185243532,0.9662633710722657,0.9467071200650465,0.7083326705532109,0.8762666295743213,0.9428469360414604,0.8797999623621957,0.9780690814689983,0.9552408029353747,0.8884342170243057,0.9919304969477558,0.8131511172044537,0.9621512357597285,0.9391866557097981,0.9937765083675724,0.9607334112837431,0.9428469360414604,0.9428469360414604,0.9823914874221471,0.9157000504550397,0.7958831566993505,0.9620410202672298,0.9618219652554874,0.9492121593044626,0.965272321931663,0.9279408073823006,0.9366007185429917,0.9524511822943206,0.9428469360414604,0.9566644487892413,0.9487265052554266,0.9576036838348734,0.8993350034316339,0.9529828655437629,0.9949707416464655,0.9428469360414604,0.9428469360414604,0.9738745866473586,0.8206822618300824,0.9576858287987646,0.930701575174463,0.8245405536663883,0.8867960431767519,0.9620019617019888,0.94288345814827,0.866880674235005,0.8926826566703265,0.9428469360414605,0.9046484553665961,0.8466206653618142,0.9942907727414587,0.6933200547968166,0.9984745940870214,0.91268289753575,0.8046304111689443,0.9073222074226133,0.9447494136270194,0.9892614560243306,0.9428469360414604,0.9361859269978718,0.9859795134306004,0.8867960431767519,0.9654609603382258,0.9497858539588497,0.9619697063034164,0.9653413489326504,0.8311730457116625,0.9508152934266845,0.8521143720668203,0.987516308323314,0.9535591865156563,0.9552408029353747,0.9127986978904694,0.9229109835440807,0.9443444986199097,0.9487265052554266,0.9409942357230059,0.9504059114533234,0.9641067145740576,0.9431379203344701,0.9256844856602766,0.9576036838348734,0.9816273853023441,0.9576036838348734,0.8085099719875108,0.7610390746299778,0.9692425163660798,0.8831126597162942,0.8206822618300815,0.9552408029353747,0.930701575174463,0.930701575174463,0.8710744360605067,0.9356913183279747,0.9409942357230057,0.8592289363406346,0.9465033222027379,0.9447494136270191,0.9815292533466531,0.974691833565406,0.8795292423605283,0.8527636551672773,0.9428469360414604,0.7642645032475508,0.9980353634264251,0.9159814589221673,0.9552408029353747,0.7513012734015372,0.9259591224230199,0.9496868486906058,0.9428469360414604,0.9339021087734336,0.8851159858291868,0.9259591224230199,0.9097505890026989,0.9624250054621011,0.9443444986199095,0.9487265052554266,0.9563587051057705,0.9618219652554874,0.9353922671487132,0.9923504136228154,0.9285304562976123,0.8249094651239716,0.8085099719875108,0.9285304562976123,0.7024468607658534,0.8855640524750212,0.9888899454936778,0.9526380467283799,0.9253641867456626,0.9041803970477175,0.9428469360414604,0.9409942357230059,0.9888330225636905,0.8438471631147553,0.750002162720799,0.8501373187327983,0.8997315488563717,0.9428469360414604,0.863659279065673,0.8462121152122812,0.633629957851243,0.9428469360414604,0.9541562193724058,0.0,0.9529828655437629,0.9275156757582277,0.9409942357230059,0.8186696767722728,0.8492634410370865,0.9850854747694644,0.9917271981546154,0.9941833547400716,0.7365919657053976,0.9008490227514356,0.9428469360414604,0.9509575491863043,0.9428469360414604,0.9529828655437629,0.8692248747863967,0.9322898055713349,0.9576036838348734,0.9113353863393024,0.9156227442031759,0.9284363038146397,0.9127986978904696,0.9428469360414604,0.9769661523482791,0.8507040550434799,0.8376097254422303,0.8727778336746227,0.9046484553665965,0.9487265052554266,0.9156114273620619,0.9605059690638982,0.9448810215177157,0.8794637048361449,0.9506737703890518,0.9448810215177157,0.9540324564594047,0.9487265052554266,0.8710529575837425,0.9448810215177157,0.9576036838348734,0.9229109835440807,0.9942907727414587,0.7837292619474377,0.9409942357230057,0.9977287777736428,0.8383915460579381,0.8782540541553361,0.9046484553665961,0.9765150789456659,0.9414200463913256,0.9662633710722657,0.9409942357230057,0.770110008078762,0.8913065268954616,0.8810325092648541,0.9584254509740684,0.8655388112080709,0.9754023275141519,0.896836857654101,0.7198098448893386,0.9447494136270194,0.9467071200650465,0.993001269385082,0.7572762258306396,0.9184817171461352,0.7768765709628896,0.9566644487892413,0.9487265052554263,0.9508152934266847,0.9472491948390489,0.9170389579782949,0.9189374024472259,0.9466508604266068,0.9156114273620617,0.917422758605662,0.9242212627322115,0.8769754627389801,0.9428469360414602,0.9496148527167674,0.7737947606942116,0.7962761614883374,0.8880325471109582,0.9680590587399731,0.9508152934266845,0.9086743458966988,0.9804162282886979,0.9229109835440805,0.9374201804111677,0.8255225584981012,0.9889883423817387,0.9736255139810746,0.958468282643316,0.9323345609629294,0.9873872545622597,0.9441180703023755,0.8518786491928036,0.8350453582878758,0.9467071200650463,0.9447494136270194,0.8722472547880544,0.918481717146135,0.6122942984732134,0.9193839619667783,0.8748097499677501,0.881919654427527,0.9951011472655116,0.9489843611787745,0.917142131363949,0.8383915460579374,0.9352594849768437,0.9467071200650465,0.869688621120644,0.8855214123617461,0.9508152934266847,0.912166584917486,0.9707495588862809,0.9447494136270194,0.9552408029353747,0.8710529575837425,0.9529828655437629,0.8404539518860996,0.9508152934266847
p323_T,0.8312173911187126,0.9517441295565183,0.6138094444949616,0.9362456943690349,0.9582144552981327,0.9690033562225546,0.8583462338175076,0.8322437174658709,0.9208725034246266,0.9672758151492922,0.305152894515638,0.9568599156354454,0.9568599156354451,0.9362456943690349,0.9264564493231808,0.9057246972976492,0.9542468650366516,0.9436389526644002,0.965625,0.9672758151492922,0.9074725945748128,0.32152664978164625,0.9470055188469617,0.9596053879391779,0.33689100317770826,0.9436389526644,0.9542468650366516,0.9312607396704553,0.9672758151492922,0.8151543300838582,0.9383021271292233,0.950716529670402,0.9529828655437629,0.9332303128187658,0.9582144552981327,0.965625,0.1490201725853415,0.9529828655437629,0.9690033562225546,0.942546448360206,0.9172347260035334,0.9447456538980155,0.9690033562225546,0.9283593797331273,0.9542468650366518,0.87450538386682,0.11775954848708015,0.918138754358939,0.40169060016490543,0.9109895373928902,0.9625131050152524,0.876261827348312,0.9436389526644,0.9517441295565183,0.9529828655437629,0.941467276381333,0.941467276381333,0.9582144552981327,0.7847770412204684,0.2268615547293238,0.9227150661971699,0.861092113458608,0.9436389526644005,0.9172347260035334,0.964040252388596,0.8555748757838357,0.9625131050152522,0.8814987207179201,0.8184753916628578,0.965625,0.9352318345617441,0.942546448360206,0.9582144552981327,0.8574253737916122,0.9582144552981327,0.6319677171849858,0.9493347822888889,0.9505286850464207,0.7635098746985826,0.9690033562225546,0.9505286850464207,0.9458674971126173,0.9393458182324887,0.9436389526644002,0.9582144552981327,0.932241742150131,0.9493347822888889,0.839293063072188,0.6059690156007205,0.9568599156354449,0.9582144552981327,0.9541896299485404,0.861092113458608,0.8806288736252947,0.9393458182324887,0.9181387543589391,0.9519058911033429,0.6706738076877616,0.8518367404342477,0.8508940408143362,0.941467276381333,0.9610366993022685,0.9582144552981327,0.8832354238447049,0.6769170045464781,2.220446049250313e-16,0.5498119605838785,0.8332650413138045,0.9481608601832734,0.8592642631772309,0.8979178384019253,0.9447456538980155,0.8412664651734412,0.538507266061247,0.11775954848708015,0.8217392653025242,0.9517441295565183,0.9656250000000002,0.9690033562225546,0.8832354238447049,0.9283593797331275,0.9057246972976494,0.9481608601832734,0.9383021271292231,0.9436389526644002,0.7988008809007465,0.1490201725853415,0.8858340936764979,0.9568599156354454,0.9302869180633684,0.8953282497576125,0.9610366993022685,0.9625131050152524,0.9690033562225546,0.9542468650366516,0.9088679893884184,0.9005120111662777,0.9625131050152524,0.08301287652694123,0.9555383641697377,0.7861013304270679,0.04802371343395373,0.8555748757838357,0.8944656454039723,0.9074725945748126,0.9264564493231808,0.9118739328932484,0.8700853537305533,0.942546448360206,0.827060148923404,0.9672758151492922,0.9227150661971699,0.7099187434240761,0.9022452837148789,0.9625131050152524,0.9425464483602062,0.913649887598424,0.9293199127017768,0.707776221292472,0.9057246972976494,0.8412664651734412,0.9610366993022685,0.9458674971126173,0.8373021566360079,0.5935012569881961,0.9312607396704551,0.8858340936764979,0.5846688068540971,0.9393458182324887,0.8727426055411924,0.9362456943690349,0.2031772652664633,0.9414672763813332,0.8700853537305534,0.7141183525888175,0.8996466204791784,0.9656250000000002,0.8936031902522537,0.9342268638258988,0.906597867618917,0.9274049943645879,0.9083489988323226,0.9414672763813328,0.9568599156354451,0.8841024249642824,0.7141183525888184,0.8832354238447049,0.9190462651000917,0.9517441295565182,0.9372689456075765,0.9555383641697375,0.9208725034246268,0.7650180104070299,0.827060148923404,0.9227150661971699,0.9582144552981327,0.9596053879391782,0.9555383641697377,0.9181387543589388,0.7459031338420239,0.9109895373928902,0.9568599156354451,0.9582144552981327,0.6820709685360269,0.827060148923404,0.9672758151492922,0.9582144552981327,0.8629094882524135,0.9302869180633684,0.9065978676189168,0.8823675467067157,0.9217916370027818,0.9568599156354451,0.9582144552981327,0.8814987207179201,0.9582144552981325,0.777991703255195,0.8674107520354712,0.8647169462584842,0.9582144552981327,0.698903104201752,0.9582144552981327,0.7573308431791724,0.9236430180495616,0.9312607396704553,0.6632614409621944,0.9610366993022685,0.8117728822598584,0.9555383641697375,0.351347550686809,0.9493347822888891,0.9227150661971699,0.8291493513794035,0.9332303128187656,0.9625131050152524,0.9172347260035337,0.910107340129978,0.9199574485923747,0.9154363928771068,0.5069074692287098,0.9302869180633684,0.9542468650366516,0.947442779108449,0.9555383641697377,0.9582144552981327,0.9199574485923747,0.9582144552981327,0.8432230388608029,0.9302869180633684,0.9625131050152524,0.9404006431802039,0.8117728822598583,0.9596053879391782,0.9293199127017768,0.3368910031777078,0.9118739328932484,0.9505286850464207,0.8858340936764979,0.9610366993022685,0.8944656454039726,0.8944656454039726,0.8718586682882639,0.9568599156354449,0.964040252388596,0.8592642631772309,0.9690033562225546,0.8629094882524138,0.7845111847199955,0.9447456538980155,0.8936031902522537,0.9367687566679366,0.9625131050152524,0.8753843628690847,0.7938344767596348,0.8117728822598584,2.220446049250313e-16,0.8592642631772309,0.9293199127017768,0.9458674971126175,0.9190462651000917,2.220446049250313e-16,0.8780124908814333,0.8470883271446172,0.964040252388596,0.9163339973465923,0.9362456943690349,0.9610366993022685,0.9332303128187656,0.8412664651734412,0.22686155472932423,0.9610366993022685,0.9610366993022685,0.7925699855750041,0.965625,0.7925699855750041,0.8806288736252947,0.6353764027835573,0.8718586682882639,0.965625,0.9582144552981327,0.942546448360206,0.9555383641697377,0.9625131050152524,0.8373021566360079,0.9163339973465923,0.9610366993022685,0.942546448360206,0.9312607396704553,0.7737814949433295,0.9255134534695351,0.9048529663349028,0.9030333503116557,0.7988008809007466,0.864716946258484,0.9346991012692377,0.967275815149292,0.9208725034246268,0.9672758151492922,0.4851705698920621,0.9302869180633684,0.9255134534695351,0.9610366993022685,0.9582144552981327,0.9625131050152524,0.9199574485923749,0.9436389526644005,2.220446049250313e-16,0.964040252388596,0.9568599156354451,0.9582144552981327,0.3368910031777078,0.965625,0.9690033562225546,0.5325898779206594,0.7635098746985824,0.9458674971126173,0.9625131050152522,0.8629094882524138,0.755747894770402,0.9481608601832734,0.9529828655437631,0.8691958391075136,0.9610366993022685,0.9332303128187658,0.7779917032551948,0.9517441295565183,0.9264564493231806,0.9690033562225546,0.8071644882517874,0.9332303128187658,0.8173748798116494,0.24868536270712194,0.9568599156354449,0.9352318345617441,0.9057246972976494,0.8412664651734412,0.842246813951878,0.7694592477206295,0.9582144552981327,0.8797579337068848,0.932241742150131,0.9342268638258988,0.49268176173944034,0.967275815149292,0.8727426055411924,0.9582144552981327,0.9582144552981327,0.942546448360206,0.9208725034246268,0.9216020313541384,0.9582144552981325,0.9672758151492922,0.9582144552981327,0.9362456943690349,0.5935012569881961,0.827060148923404,0.9582144552981327,0.9372689456075765,0.9493347822888889,0.7509020511212644,0.7820963185522347,0.9582144552981327,0.6483545622521333,0.9312607396704553,0.8162678987494558,0.8184753916628578,0.45202578957206085,0.8927407985750284,0.9610366993022685,0.8322437174658706,0.9582144552981327,0.7938344767596347,0.9436389526644002,0.703401904747305,0.8601795328531072,0.9596053879391779,0.752533849186763,0.9529828655437631,0.9582144552981327,0.9145417437978427,0.8392930630721879,0.9582144552981327,0.9372689456075765,0.8312173911187126,0.7354031975062649,0.7737814949433295,0.8373021566360079,0.9582144552981327,0.8184753916628578,0.8814987207179201,0.964040252388596,0.7182088539361106,0.7737814949433295,0.9236430180495616,0.9245757305468909,0.9145417437978427,0.11775954848708015,0.9163339973465923,0.906597867618917,0.9470055188469617,0.8788858297250928,0.8961910905435388,0.6769170045464781,0.9470055188469617,0.08301287652694123,0.9436389526644005,0.9582144552981327,0.965625,0.9190462651000917,0.8461277862534458,0.9505286850464207,0.4232320307761679,0.9555383641697377,0.8342814558669874,0.9596053879391779,0.9555383641697377,0.9505286850464207,0.9582144552981327,0.9517441295565183,0.6544809036450439,0.9208725034246268,0.965625,0.8736248211051396,0.9672758151492922,0.9517441295565183,0.9470055188469617,0.7900123156320648,0.9493347822888889,0.9672758151492922,0.7912959918600064,0.9312607396704551,0.9109895373928902,0.9447456538980155,0.9493347822888889,0.6168592556746881,0.9610366993022685,0.9332303128187656,0.9172347260035332,0.6603867331027351,0.9458674971126175,0.9172347260035334,0.9505286850464207,0.9383021271292233,0.9040056117932131,0.8129069456777991,0.9217916370027819,0.9542468650366516,0.8470883271446172,0.6175994786481587,0.9362456943690349,0.9458674971126175,0.9470055188469617,0.7709128636729368,0.9505286850464205,0.7549160044072432,0.9458674971126173,0.5069074692287099,0.797572676765083,0.9610366993022685,0.8727426055411924,0.7650180104070299,0.932241742150131,0.9172347260035332,0.9656250000000002,0.777991703255195,0.9109895373928902,0.964040252388596,0.9312607396704553,0.9542468650366518,0.9542468650366516,0.9625131050152524,0.9656250000000002,0.9383021271292231,0.7604502711739276,0.9283593797331273,0.2031772652664633,0.9568599156354451,0.8546450937171788,0.9236430180495616,0.9542468650366516,0.8944656454039724,0.9582144552981327,0.04407004266351722,0.9582144552981327,0.9582144552981327,0.8508940408143364,0.9470055188469617,0.9332303128187658,0.9582144552981327,0.8432230388608029,0.8665150422521173,0.9302869180633684,0.8788858297250928,0.6483545622521334,0.7847770412204684,0.9208725034246268,0.9199574485923749,0.8683043280893405,0.9529828655437629,0.9065978676189169,0.964040252388596,0.932241742150131,0.8173748798116494,0.8814987207179199,0.4428495116517701,0.9529828655437629,0.9555383641697377,0.8059936873009328,0.964040252388596,0.5977568285657049,0.11775954848708015,0.918138754358939,0.9493347822888889,0.9447456538980155,0.9470055188469617,0.8753843628690847,0.45202578957206097,0.9227150661971699,0.9470055188469617,0.934226863825899,0.9610366993022685,0.9493347822888891,0.9596053879391779,0.5136536850193718,0.8823675467067158,0.8683043280893405,0.9625131050152524,0.8823675467067158,0.9542468650366516,0.810631735747056,0.6213072444249826,0.9568599156354454,0.8162678987494556,0.9393458182324887,0.9690033562225546,0.7847770412204684,0.8736248211051396,0.9199574485923747,0.7874151753009926,0.9493347822888889,0.9236430180495616,0.9031133691845501,0.9582144552981327,0.08301287652694123,0.9312607396704553,0.9582144552981327,0.8858340936764979,0.9493347822888889,0.9555383641697377,0.43326248910981524,0.752533849186763,0.9470055188469617,0.8392930630721882,0.9672758151492922,0.7975726767650831,0.9505286850464207,0.8901531678626451,0.9555383641697377,0.9529828655437629,0.8537121927533946,0.9302869180633684,0.9458674971126175,0.809483376444649,0.9013781987087914,0.7793713361793848,0.8875631490366902,0.9332303128187658,0.861092113458608,0.698903104201752,0.9383021271292231,0.9672758151492922,0.9481608601832734,0.9596053879391779,0.7407406669265033,0.9199574485923747,0.9118739328932484,0.9568599156354449,0.7950896414683806,0.7372025494796415,0.9690033562225546,0.9005120111662772,0.9610366993022685,0.932241742150131,0.4999218811025572,0.9447456538980152,0.9190462651000915,0.4428495116517701,0.9481608601832734,0.9163339973465923,0.9505286850464207,0.9568599156354451,0.08301287652694123,0.9690033562225546,0.9582144552981327,0.9332303128187658,0.8892901999095577,0.7834421060580531,0.9342268638258988,0.9582144552981325,0.9039825606517027,0.8555748757838357,0.9227150661971699,0.9362456943690349,0.5655745286057905,0.9109895373928902,0.9022452837148789,0.8238849154998196,0.9404006431802039,0.9227150661971699,0.8771378467726847,0.910107340129978,0.04407004266351722,0.5705409261013937,0.941467276381333,0.9610366993022685,0.98145106467318,0.9690033562225546,0.9404006431802037,0.9555383641697375,0.9690033562225546,0.9517441295565183,0.9414672763813328,0.9582144552981327,0.8700853537305534,0.6387170605760057,0.965625,0.9582144552981327,0.9493347822888889,0.8094833764446474,0.8373021566360079,0.9568599156354449,0.9625131050152524,0.9542468650366516,0.9568599156354449,0.9568599156354449,0.9332303128187656,0.9582144552981327,0.9542468650366516,0.9236430180495617,0.9582144552981327,0.9458674971126173,0.910107340129978,0.9656250000000002,0.11775954848708015,0.964040252388596,0.9596053879391782,0.9568599156354449,0.7950896414683805,0.8832354238447049,0.9470055188469617,0.8691958391075136,0.9582144552981327,0.9236430180495618,0.9610366993022685,0.9458674971126173,0.8301859677307104,0.5442448399003639,0.9656250000000002,0.9596053879391779,0.9481608601832734,0.9302869180633684,0.9481608601832734,0.17734708868199078,0.9302869180633684,0.9352318345617441,0.9383021271292231,0.7407406669265031,0.9505286850464205,0.965625,0.942546448360206,0.11775954848708015,0.9236430180495618,0.8700853537305533,0.9582144552981327,0.9582144552981327,0.6452038871546906,0.9672758151492922,0.8665150422521173,0.24868536270712183,0.9505286850464207,0.8555748757838357,0.9555383641697377,0.8281074447167713,0.8228150438933353,0.9582144552981327,0.9582144552981327,0.9293199127017768,0.752533849186763,0.9199574485923747,0.8402819095372958,0.8727426055411924,0.8480451455932454,0.7389815511680626,0.8352930530354636,0.9447456538980155,0.8461277862534458,0.9582144552981327,0.9181387543589388,0.08301287652694123,0.9690033562225546,0.861092113458608,2.220446049250313e-16,0.861092113458608,0.9582144552981327,0.9582144552981327,0.8140340532964885,0.9582144552981327,0.8206574710503438,0.32152664978164647,0.8823675467067158,0.9172347260035336,0.9404006431802039,0.5846688068540971,0.863814422100184,0.8771378467726845,0.9582144552981325,0.9302869180633686,0.8499479257057734,0.1490201725853415,0.965625,0.9065978676189168,0.842246813951878,0.9264564493231808,0.932241742150131,0.9596053879391779,0.703401904747305,0.9582144552981327,0.8574253737916122,0.932241742150131,0.9172347260035336,0.671592383614509,0.8892901999095579,0.9517441295565183,0.9217916370027819,0.7141183525888184,0.964040252388596,0.891878386060835,0.8866989102900564,0.9542468650366518,0.9672758151492922,0.9362456943690349,0.9436389526644002,0.8461277862534455,0.9625131050152524,0.9568599156354449,0.6632614409621942,0.9414672763813328,0.9302869180633686,0.9352318345617441,0.9690033562225546,0.9302869180633686,0.9690033562225548,0.9690033562225546,0.5705409261013937,0.934226863825899,0.9145417437978427,0.9582144552981327,0.9672758151492922,0.32152664978164625,0.9493347822888889,0.7509020511212644,0.9529828655437631,0.9568599156354451,0.9414672763813328,0.9127606676606761,0.9596053879391782,0.809483376444649,0.932241742150131,0.8546450937171788,0.836299923476612,0.9582144552981327,0.9109895373928902,0.9582144552981327,0.827060148923404,0.9672758151492922,0.9447456538980155,0.9458674971126177,0.7099187434240761,0.9582144552981327,0.839293063072188,0.7847770412204684,0.9458674971126177,0.8402819095372958,0.8574253737916122,0.8461277862534455,0.08301287652694123,0.8537121927533953,0.7298781721393242,0.8402819095372958,0.788718772853704,0.9470055188469617,0.7335830161959275,0.9690033562225546,0.9470055188469617,0.9582144552981327,0.5891401655413022,0.942546448360206,0.8674107520354712,0.9199574485923749,0.7793713361793848,0.9582144552981327,0.9568599156354449,0.8700853537305533,0.8858340936764979,0.5977568285657053,0.8162678987494556,0.796335651949913,0.9582144552981327,0.8260073636615606,0.6942728322121243,0.9362456943690349,0.9582144552981327,0.8683043280893405,0.9529828655437629,0.0,0.9470055188469617,0.9568599156354449,0.8736248211051396,0.9436389526644003,0.5935012569881961,0.9414672763813328,0.9245757305468909,0.9470055188469617,0.7766003415235199,0.9582144552981327,0.9404006431802039,0.9582144552981327,0.9656250000000002,0.8629094882524138,0.9048529663349028,0.9690033562225546,0.9393458182324887,0.8373021566360079,0.9217916370027819,0.46082072952098563,0.9582144552981327,0.8620020752690568,0.8527760996057681,0.7202148985912618,0.9383021271292231,0.9302869180633686,0.9625131050152524,0.9383021271292236,0.9372689456075762,0.9312607396704553,0.9118739328932484,0.7963356519499131,0.9312607396704553,0.9362456943690349,0.9625131050152524,0.6353764027835573,0.9312607396704553,0.9690033562225546,0.9436389526644002,0.9596053879391779,0.6353764027835573,0.9568599156354451,0.937268945607576,0.9458674971126175,0.9109895373928902,0.5069074692287105,0.9470055188469617,0.9293199127017768,0.942546448360206,0.9568599156354451,0.9493347822888889,0.8451634443215716,0.46082072952098607,0.9190462651000915,0.8629094882524135,0.9274049943645877,0.9245757305468911,0.942546448360206,0.9596053879391782,0.11775954848708015,0.9190462651000915,0.9127606676606757,0.42323203077616856,0.9404006431802039,0.9181387543589388,0.08301287652694123,0.04407004266351722,0.8961910905435388,0.9393458182324887,0.8901531678626451,0.932241742150131,0.44284951165177,0.8788858297250928,0.9481608601832734,0.9372689456075762,0.17734708868199078,0.8656171299593258,0.8996466204791784,0.5201744503055977,0.918138754358939,0.876261827348312,0.964040252388596,0.9332303128187656,0.8979178384019253,0.9436389526644,0.9542468650366516,0.43326248910981524,0.9172347260035334,0.8944656454039723,0.8024341677705487,0.305152894515638,0.8718586682882636,0.9568599156354451,0.9039825606517029,0.8537121927533957,0.9610366993022685,0.1490201725853415,0.9065978676189168,0.9404006431802034,0.9610366993022685,0.9163339973465923,0.8875631490366904,0.8565016117177142,0.9555383641697377,0.2268615547293249,0.8620020752690567,0.9458674971126175,0.9199574485923747,0.9610366993022685,0.8841024249642824,0.3649841007441661,0.04407004266351722,0.9118739328932484,0.9447456538980155,0.9596053879391782,0.9672758151492922,0.9057246972976492,0.9656250000000002,0.8508940408143366,0.04407004266351722
p323_V,0.8008564419966568,0.9805867004734362,0.8627763408565616,0.986745253931691,0.935580996038617,0.9522137875062906,0.7917856649999525,0.8219842308495047,0.8780124908814328,0.9495505106234361,0.9237321696604077,0.9852901633058906,0.9334927596276981,0.9017126880527935,0.8866210237012304,0.6925626451317197,0.9294643302252341,0.9131105611405992,0.9470055188469617,0.9495505106234363,0.8573544191143385,0.9218915803605507,0.9183006535947711,0.9377253379624282,0.920081794385244,0.913110561140599,0.9294643302252341,0.8940275945888627,0.9495505106234361,0.7133041786854941,0.9048830033154058,0.9422080421889416,0.9275156757582279,0.8970640020677765,0.935580996038617,0.9470055188469617,0.9377253379624282,0.9275156757582277,0.9522137875062906,0.9114262935403585,0.8724042835510757,0.9148167155454525,0.9522137875062906,0.9235615721162849,0.9294643302252341,0.8065302670697434,0.9399319300513145,0.8737979857661251,0.9114262935403585,0.8920802319381609,0.9422080421889416,0.8092381015708721,0.913110561140599,0.3239353865603283,0.9275156757582277,0.9097625798212232,0.9097625798212232,0.2115113915126694,0.7375635703669874,0.9314553797224701,0.8808530918450068,0.9526354118995057,0.9131105611405987,0.9031200523835077,0.944562380594602,0.7773459047767644,0.9422080421889416,0.7291644443465927,0.7309305629938816,0.9470055188469617,0.9001496633415411,0.9114262935403588,0.957805552405294,0.7801987391563097,0.2115113915126694,0.8560058896255172,0.9218915803605507,0.9237321696604077,0.823006443777953,0.9522137875062904,0.9696315366465988,0.9165462137008822,0.4744851393156062,0.913110561140599,0.2115113915126694,0.8955399645501798,0.966854861926912,0.798446011348324,0.8655068173538916,0.23774878152121803,0.2115113915126694,0.8920802319381609,0.8096778557177702,0.9415659198704576,0.39710728393903383,0.6001733223123842,0.8600594271401627,0.8859699871586744,0.818470442614595,0.9105981200017719,0.9495873612601233,0.939931930051314,0.935580996038617,0.8199889998427847,0.5548854994024475,0.9470055188469617,0.8822836759018078,0.8119379631046308,0.964170004482718,0.8067744548357401,0.8696847088727697,0.9148167155454525,0.7784300701739519,0.9165215812574512,0.9399319300513145,0.79383538092612,0.9336830351939284,0.9470055188469617,0.9522137875062906,0.8706984815892005,0.9235615721162849,0.8546597599343508,0.9200817943852444,0.9048830033154058,0.840371688038299,0.7586486459141031,0.9377253379624282,0.5870271176619442,0.9852901633058908,0.8992368483577364,0.8386319972225242,0.939931930051314,0.9422080421889416,0.9522137875062904,0.9294643302252343,0.9508421171678403,0.9015074681576027,0.9422080421889416,0.9422080421889416,0.21143222405161544,0.752244923921936,0.9495505106234361,0.7773459047767644,0.8638962238722947,0.8859699871586744,0.8866210237012304,0.8936281262041483,0.9456844746310795,0.9518647719377951,0.8540201559480323,0.9495505106234361,0.9903709845654334,0.892898924450718,0.8492956954242203,0.9422080421889418,0.911426293540359,0.8668776900588209,0.8910355038772133,0.9286057740842971,0.6925626451317197,0.7124275413775538,0.939931930051314,0.9165462137008822,0.6742766833455953,0.8696318695590657,0.8940275945888627,0.9967506817050955,0.9031200523835077,0.9064920176718161,0.9998519340878551,0.9388933740579652,0.9334927596276981,0.9097625798212232,0.6407384465449506,0.8396720495620453,0.8452894464098948,0.9470055188469617,0.6873076634306621,0.8986003425351381,0.6602598661492767,0.8880833554050744,0.9162667259410229,0.9894121426990234,0.9334927596276981,0.7462439540085217,0.8396720495620453,0.819988999842785,0.9687286209814427,0.3239353865603283,0.9409501284699298,0.9314553797224701,0.9413503191453483,0.7979857849734993,0.916761018714201,0.8937890418732639,0.2115113915126694,0.9377253379624282,0.9314553797224698,0.6311161865430599,0.81545146854485,0.9907042037354444,0.9334927596276981,0.2115113915126694,0.8333134885197042,0.916761018714201,0.9495505106234361,0.2115113915126694,0.7569333071748652,0.9272324378358678,0.8844608451681759,0.5747653004015489,0.8794294801784418,0.9334927596276981,0.2115113915126694,0.6031855672790294,0.21151139151266962,0.7845336717228417,0.9647397534718349,0.9355095737171273,0.2115113915126694,0.6126348404146422,0.2115113915126694,0.8391852144394416,0.8822836759018073,0.8940275945888627,0.8426242563237651,0.939931930051314,0.9156400131629463,0.26185060030019414,0.9183006535947711,0.9668548619269117,0.9452410536397868,0.873363318806739,0.8970640020677765,0.9422080421889416,0.45184880213541945,0.8614162947119022,0.9080208724124177,0.8999138703842935,0.8925262950745887,0.8925262950745887,0.9786165548472288,0.8546597599343508,0.9314553797224701,0.2115113915126694,0.9394399552106527,0.2115113915126694,0.6851641690799537,0.8925262950745887,0.9989330715481035,0.7779424286970988,0.9156400131629463,0.9377253379624282,0.8910355038772135,0.920081794385244,0.8641397759307594,0.846770995408637,0.849602981778723,0.9399319300513145,0.8638962238722949,0.863896223872294,0.9491170120150414,0.23774878152121792,0.9445623805946022,0.78303367701489,0.9522137875062906,0.8364863478408802,0.9560688022480137,0.4168415444970912,0.8359725460677727,0.8682324201995038,0.9989330715481036,0.994553642981886,0.9499103329879717,0.7413236767256912,0.9470055188469617,0.8067744548357401,0.8910355038772135,0.9984593147144779,0.9063742447456444,0.9470055188469617,0.8368365632114219,0.7875548195067021,0.6884405789416636,0.9015112496120752,0.9017126880527935,0.9399319300513138,0.8970640020677765,0.7784300701739515,0.9314553797224701,0.9399319300513143,0.9399319300513138,0.7445187414177202,0.9470055188469617,0.8595722061670188,0.6062908990752396,0.8546597599343508,0.8513389625345109,0.9470055188469617,0.935580996038617,0.926819792869896,0.9314553797224698,0.9400741852851484,0.7722375353704285,0.8710156683413515,0.9967391619170718,0.9518647719377951,0.8940275945888627,0.8611334995416842,0.9182191089113063,0.9096085494164838,0.793621704068069,0.8054355970938796,0.8003625949038633,0.8386319972225242,0.9495505106234363,0.8780124908814337,0.9495505106234363,0.9594757229193139,0.9272324378358678,0.8851672469450576,0.9967391619170713,0.2115113915126694,0.9422080421889416,0.9663027963946421,0.9131105611405987,0.9470055188469617,0.9445623805946022,0.9852901633058908,0.2115113915126694,0.815388945029915,0.9470055188469617,0.9522137875062904,0.9132272901393417,0.9407413053324096,0.9165462137008822,0.9989330715481035,0.9560688022480139,0.7830336770148898,0.964170004482718,0.9275156757582279,0.7983447668609216,0.9399319300513143,0.9329290708210038,0.7612950419868563,0.9256059689675478,0.9199796380611351,0.9522137875062906,0.9086708712955749,0.8970640020677767,0.9242763754517509,0.9294643302252339,0.23774878152121803,0.9368723982681524,0.9961527583512033,0.8015729060125198,0.9189561941761952,0.7701296598146818,0.2115113915126694,0.914804496369449,0.8955399645501798,0.8986003425351381,0.8955399645501798,0.9836543654419933,0.9753470256278476,0.2115113915126694,0.2115113915126694,0.9114262935403585,0.909681405013391,0.8213256187370721,0.21151139151266962,0.9495505106234363,0.935580996038617,0.9017126880527934,0.8696318695590657,0.916761018714201,0.935580996038617,0.9032901911357234,0.966854861926912,0.7872544459254589,0.9652869363656242,0.2115113915126694,0.8492956954242201,0.9291044607799492,0.8768199244837864,0.9488671331832232,0.9409501284699298,0.7960730228224848,0.939931930051314,0.7873391962137413,0.2115113915126694,0.9039195430268583,0.9952831447476325,0.8213256187370721,0.7844447094974543,0.9377253379624282,0.7858515963541477,0.9275156757582277,0.2115113915126694,0.9885516075855596,0.7395431143877951,0.2115113915126694,0.9786100658041363,0.8775995692272134,0.7997160938696786,0.7657376387499228,0.7722375353704285,0.2115113915126694,0.776673749254295,0.9684862506912562,0.944562380594602,0.6153736042876923,0.697889622544261,0.914753761965559,0.8837215992432159,0.8682526269766768,0.9399319300513145,0.9015112496120745,0.8560058896255172,0.9183006535947713,0.8132834148654706,0.9740698251838671,0.8359725460677727,0.3894117647058871,0.9422080421889416,0.9131105611405985,0.2115113915126694,0.9470055188469617,0.9063742447456442,0.7627817270874744,0.9237321696604077,0.9081181966045122,0.211432224051613,0.7492460136853647,0.9926931063209248,0.26185060030019536,0.9696315366465988,0.935580996038617,0.925605968967548,0.8466235825686572,0.9003051101948656,0.9892083965651993,0.8051727407663856,0.9836543654419931,0.925605968967548,0.8653594771241832,0.8167623581129166,0.966854861926912,0.9495505106234361,0.8842395217670826,0.9641813269710358,0.6390575107562597,0.4168415444970912,0.9218915803605507,0.9080208724124175,0.939931930051314,0.9329290708210038,0.9645515900483717,0.8711408270373195,0.9165462137008822,0.8724042835510757,0.9237321696604079,0.9048830033154058,0.7913367469164444,0.8487710682529499,0.8794294801784419,0.9722312205307763,0.7642625522846813,0.9929608276679062,0.9388933740579655,0.913464843129838,0.3028758169934672,0.7686710742353542,0.9696315366465988,0.8119370253704746,0.9590434494932021,0.961938580597147,0.7108811209865675,0.939931930051314,0.8038126664077956,0.8258302196747608,0.8955399645501796,0.9031200523835077,0.6702779736260047,0.8436482525013911,0.8627763408565616,0.9942714459947758,0.9291044607799492,0.9294643302252343,0.9294643302252341,0.9400741852851489,0.9470055188469617,0.9048830033154058,0.8023957764536818,0.8895546908938259,0.9334927596276981,0.9334927596276981,0.8002419992477867,0.8822836759018073,0.2841000758228456,0.8373021566360075,0.2115113915126694,0.9942714459947757,0.2115113915126694,0.2115113915126694,0.7935410698458636,0.3894117647058877,0.8970640020677767,0.2115113915126694,0.8474860694452735,0.81832370564124,0.3439385641772721,0.8881963720527788,0.8492956954242201,0.9387392204449956,0.8780124908814333,0.6206928856140534,0.8211875909760828,0.8325612110015053,0.9982806673388122,0.5661082321204176,0.8955399645501803,0.8241636637999163,0.7795559951736184,0.9048830033154058,0.975500298406281,0.9818737559710531,0.7268414598691937,0.944562380594602,0.8682526269766768,0.9399319300513145,0.904740849996801,0.9218915803605507,0.9148167155454525,0.9183006535947709,0.8325804774157834,0.9032901911357234,0.880853091845007,0.9183006535947713,0.7022686814329042,0.9399319300513138,0.358695914577673,0.9377253379624282,0.8910355038772133,0.8439253499767936,0.9907081931481023,0.586920867707422,0.8691996695255613,0.6773178727988092,0.8802523537926032,0.8600594271401634,0.9852901633058908,0.899687341755725,0.9064920176718159,0.9522137875062904,0.776890615850987,0.9771402682499224,0.8720455479999368,0.773794487307585,0.9218915803605507,0.8822836759018076,0.9620484099677817,0.2115113915126694,0.9422080421889416,0.999258193162122,0.9888877218166614,0.9967506817050957,0.9218915803605507,0.9314553797224701,0.9064920176718161,0.8096778557177702,0.9615686274509805,0.7753454676351303,0.9495505106234363,0.784114399048017,0.800871628422446,0.8567252320690566,0.26185060030019536,0.975500298406281,0.7317842208368257,0.8925262950745887,0.9590434494932021,0.7904628268029485,0.8479589472056539,0.8687854723525467,0.8524475004841154,0.9329290708210041,0.7852757351006466,0.8239952590260256,0.9430450953185583,0.9168592415074224,0.9917417854198085,0.9926931063209248,0.7955927737497692,0.9394399552106527,0.6345582694216227,0.23774878152121803,0.8792630957282715,0.7983447668609216,0.9522137875062904,0.9015074681576027,0.939931930051314,0.8955399645501798,0.9291044607799492,0.9983594330401344,0.9689170027827593,0.9048830033154058,0.964170004482718,0.6410550313270735,0.9237321696604077,0.9334927596276981,0.9422080421889416,0.9522137875062904,0.2115113915126694,0.8518805166596326,0.8293233915825582,0.7784300701739513,0.8986003425351381,0.21151139151266962,0.9800376341002323,0.7773459047767641,0.8808530918450068,0.5033963358644564,0.8780124908814324,0.8627763408565623,0.8492956954242201,0.9116644068940001,0.9081181966045124,0.9130470727423969,0.792135079606155,0.8905408702359403,0.944562380594602,0.8766017896141824,0.9097625798212232,0.9967391619170713,0.8925262950745889,0.9522137875062906,0.8564272723716961,0.9314553797224701,0.9522137875062906,0.9256059689675475,0.851288731545376,0.935580996038617,0.7623787638461179,0.8533158492412367,0.9470055188469617,0.935580996038617,0.9218915803605507,0.7218380204095869,0.9567327957984202,0.23774878152121803,0.9422080421889418,0.23494785120085115,0.23774878152121803,0.23774878152121803,0.529094897880588,0.2115113915126694,0.9294643302252339,0.37090434463190736,0.2115113915126694,0.9165462137008822,0.6434659213794471,0.9470055188469617,0.9399319300513145,0.944562380594602,0.9377253379624282,0.23774878152121803,0.7413772464564756,0.819988999842785,0.9183006535947711,0.8226167240132982,0.2115113915126694,0.8822836759018073,0.939931930051314,0.9165462137008822,0.8988881444947028,0.9164774721372544,0.9470055188469617,0.9926931063209248,0.964170004482718,0.8645307055964574,0.7272125248349686,0.9355809960386172,0.5521754207449421,0.9001496633415411,0.9812071873217105,0.8177855583140791,0.9237321696604079,0.9892083965651993,0.9518647719377948,0.9399319300513145,0.914753761965559,0.7997160938696783,0.2115113915126694,0.957805552405294,0.850633986015106,0.9495505106234361,0.81832370564124,0.9294643302252339,0.9237321696604077,0.9188470353730347,0.211432224051613,0.7375639235644398,0.9099614128480222,0.2115113915126694,0.2115113915126694,0.3532697715836176,0.6899706976461562,0.903464630798172,0.9387392204449956,0.8038126664077956,0.7890581926066973,0.9422737353846684,0.7921320258654094,0.9148167155454525,0.8325766144955158,0.2115113915126694,0.9405448288498192,0.9422080421889416,0.9522137875062906,0.7858515963541477,0.9470055188469617,0.8573303744450156,0.2115113915126694,0.2115113915126694,0.8047705081843866,0.935580996038617,0.7692734521129865,0.9218915803605507,0.8186510304280263,0.8724042835510757,0.7387000068598001,0.9433011034543323,0.8379753320678041,0.9595672348999342,0.21151139151266962,0.8925262950745887,0.7920511885645445,0.9377253379624282,0.9470055188469617,0.6033499550639583,0.779893981592517,0.5796411465402951,0.8955399645501796,0.9377253379624282,0.999385206430063,0.2115113915126694,0.8038586472341178,0.9310028073541701,0.8724042835510757,0.9744231715597699,0.8552976248635573,0.9256059689675478,0.9113565538271904,0.8396720495620453,0.9445623805946022,0.8333134885197042,0.8510246271097386,0.9294643302252341,0.9495505106234363,0.976074060063137,0.3884224781996116,0.7860466895568217,0.9989330715481036,0.23774878152121803,0.8426242563237651,0.9495873612601233,0.9272324378358678,0.9368723982681522,0.9522137875062904,0.8925262950745887,0.9071885561788846,0.9522137875062904,0.8766017896141824,0.5208455105092863,0.8983273721288978,0.935580996038617,0.9495505106234363,0.9218915803605507,0.921891580360551,0.8111252182639925,0.9275156757582279,0.9334927596276981,0.9894121426990234,0.6596425857835821,0.7324680518865911,0.7291635284435196,0.32427749376203585,0.847335943869569,0.8836663755344538,0.2115113915126694,0.8627763408565623,0.935580996038617,0.8310982734142551,0.9495505106234361,0.9565880742927937,0.9165462137008822,0.8173115982101795,0.2115113915126694,0.8550458329537646,0.8000118450787024,0.9165462137008822,0.7768906158509867,0.8038586472341178,0.7860466895568217,0.9422080421889416,0.8258302196747608,0.7060891643920557,0.7537693866232711,0.8587719437735877,0.9183006535947713,0.8087463812485858,0.9522137875062904,0.9183006535947711,0.9888877218166614,0.901511249612075,0.9114262935403585,0.8197566279957782,0.4007593060264121,0.7598023745630524,0.6912719235150715,0.23774878152121803,0.8240441573299118,0.8239952590260258,0.6505514505877936,0.7853502553960305,0.8927261530755515,0.2115113915126694,0.9608893037586714,0.8266608704208858,0.9017126880527935,0.2115113915126694,0.8211875909760826,0.9275156757582277,0.9470055188469617,0.0,0.23774878152121803,0.9491593628285615,0.9131105611405987,0.8696318695590659,0.8114639501064759,0.9164774721372544,0.9183006535947713,0.7860466895568217,0.2115113915126694,0.8564272723716961,0.2115113915126694,0.9470055188469617,0.8125698569594539,0.8533158492412367,0.9522137875062906,0.9838698730483881,0.7491756278169293,0.9113565538271902,0.9017126880527933,0.2115113915126694,0.9782206246337252,0.9138936925757384,0.8354183921529794,0.9430450953185583,0.5174692779836636,0.9422080421889418,0.4845235246341558,0.9032901911357234,0.544742546353751,0.8641397759307599,0.9235344247666604,0.544742546353751,0.9017126880527933,0.9422080421889418,0.8546597599343508,0.544742546353751,0.9522137875062906,0.9131105611405987,0.9377253379624282,0.8829583596177213,0.9334927596276981,0.9032901911357234,0.9165462137008822,0.8627763408565616,0.8925262950745889,0.7788235294117647,0.8910355038772133,0.9114262935403585,0.9334927596276981,0.966854861926912,0.8436482525013915,0.9017126880527933,0.8751970566277456,0.8843193296037337,0.5057354005071367,0.8837215992432159,0.9114262935403588,0.9377253379624282,0.9399319300513145,0.9063742447456449,0.8655068173538916,0.9081181966045124,0.9081181966045127,0.8737979857661247,0.9400741852851482,0.944562380594602,0.7040718799108823,0.9064920176718165,0.856725232069057,0.9310028073541701,0.9048830033154058,0.7622098277397829,0.9200817943852444,0.9032901911357232,0.9888877218166616,0.8409497677946096,0.8726010161370015,0.9064040217714189,0.8737979857661251,0.7698139758955194,0.9942714459947757,0.8970640020677765,0.6973480503431573,0.913110561140599,0.9294643302252341,0.9838698730483886,0.9031200523835077,0.6840046331108249,0.7412464025662191,0.9237321696604077,0.7575488395433686,0.9334927596276981,0.8799720457128384,0.7788072202557936,0.939931930051314,0.9377253379624282,0.8560058896255172,0.9081181966045118,0.9399319300513143,0.8710156683413512,0.8266608704208858,0.7724233048431894,0.9314553797224701,0.9314553797224703,0.7872544459254585,0.9590434494932021,0.8766017896141824,0.7192246787541412,0.9739481224739215,0.9590434494932021,0.944562380594602,0.8641397759307601,0.9148167155454525,0.9926931063209248,0.9495505106234361,0.8829583596177213,0.9470055188469617,0.7850535495928672,0.944562380594602
p325_S,0.7444044463437758,0.9394396415413289,0.8882932693469465,0.9199893491338635,0.9475597985845114,0.9610996995613952,0.6954540247876126,0.742840722786176,0.90069623628167,0.9589316626844855,0.9379142777971525,0.9458598726114653,0.9458598726114653,0.9199893491338635,0.9077040005624186,0.576280232023062,0.9425805352069323,0.9292677720165115,0.9568599156354454,0.9589316626844855,0.8838795614232458,0.9364159486136474,0.9334927596276978,0.9493053971730236,0.93494269483405,0.9292677720165115,0.9425805352069323,0.9137333093884032,0.9589316626844855,0.7666156616807629,0.9225701399051962,0.9529545363721539,0.9409942357230063,0.916205092712921,0.9475597985845114,0.9568599156354454,0.9493053971730236,0.9409942357230057,0.9610996995613954,0.9278966962971924,0.8961308828316217,0.9306566646589698,0.9610996995613954,0.9100921482984174,0.9425805352069323,0.8425062304790463,0.9511016704226434,0.8972654241994793,0.9278966962971924,0.8882932693469463,0.9529545363721539,0.8447105394237198,0.9292677720165115,0.16216355622584455,0.9409942357230059,0.9265423524364669,0.9265423524364669,0.03139863267861631,0.7298985716672586,0.9442013463068035,0.903008623582165,0.8541959247310256,0.9292677720165117,0.8961308828316217,0.9548710823073732,0.8187487405659168,0.9529545363721539,0.6661152121246716,0.7623458066664361,0.9568599156354454,0.9187169710212713,0.9278966962971924,0.9475597985845114,0.8210710864618282,0.03139863267861631,0.8827817928509327,0.9364159486136476,0.9379142777971523,0.8175818786954798,0.9610996995613952,0.9379142777971528,0.9320645602494202,0.3350690258836352,0.9292677720165115,0.03139863267861631,0.9149644520716045,0.9364159486136476,0.798315321686256,0.8905160099774292,0.062008242787560564,0.03139863267861631,0.8882932693469463,0.8541959247310256,0.850191113818277,0.3350690258836352,0.510052317151767,0.886081569479592,0.883879561423246,0.8421226412849139,0.8128743662973856,0.9265423524364669,0.9511016704226432,0.9475597985845114,0.8534622933489195,0.5945359220183861,0.9568599156354449,0.9041731885624824,0.7907502491856577,0.9349426948340505,0.8233788637195052,0.8718884926994317,0.9306566646589698,0.8007919102864962,0.9065205555971321,0.9511016704226434,0.7762855815640268,0.9394396415413289,0.9568599156354451,0.9610996995613954,0.8534622933489195,0.9100921482984174,0.881685977830595,0.9349426948340505,0.9225701399051969,0.9292677720165115,0.7474982699049919,0.9493053971730236,0.6527839128027031,0.9458598726114653,0.9125111785873636,0.8686385996787731,0.9511016704226432,0.9529545363721539,0.961099699561395,0.9425805352069325,0.8696295404751337,0.8751441387186418,0.9529545363721539,0.9529545363721537,0.09008077800963976,0.798315321686256,0.9589316626844855,0.8469812896824729,0.8675560447816315,0.883879561423246,0.9077040005624186,0.8894031717904964,0.8369591621743946,0.9278966962971924,0.7505486208297516,0.9589316626844853,0.9030086235821642,0.8814453850912112,0.8773193685069611,0.9529545363721539,0.9278966962971922,0.8916319670140287,0.9112976020672163,0.8753169890424979,0.5762802320230619,0.7559282396619431,0.9511016704226434,0.9320645602494202,0.7348453828730819,0.8938740030413763,0.913733309388403,0.887379364622056,0.8961308828316217,0.9238799558250632,0.8696295404751337,0.9199893491338638,0.9458598726114653,0.9265423524364671,0.6970590368950025,0.879079208115924,0.874058087016832,0.9568599156354449,0.626241239715507,0.9174557485535395,0.5381252733230741,0.908894409671068,0.8849794349827056,0.9265423524364669,0.9458598726114653,0.6582255598538747,0.8790792081159238,0.8534622933489195,0.8984043359066818,0.16216355622584455,0.9212735133449719,0.9442013463068035,0.9006962362816697,0.8164111026582044,0.8104036875498974,0.9030086235821648,0.03139863267861631,0.9493053971730236,0.9442013463068035,0.5100523171517668,0.8589669349625975,0.8882932693469465,0.9458598726114653,0.03139863267861631,0.8643090749973121,0.8104036875498977,0.9589316626844855,0.03139863267861631,0.7139479314627482,0.9125111785873636,0.8827817928509321,0.6635204081124888,0.9018497344665103,0.9458598726114653,0.03139863267861631,0.6661152121246716,0.03139863267861642,0.8335022262352967,0.8336025791120698,0.8302218952289888,0.03139863267861631,0.6527839128027031,0.03139863267861631,0.7238257438406104,0.9041731885624822,0.913733309388403,0.9042833811001103,0.9511016704226432,0.7637779275925338,0.09008077800963876,0.9334927596276978,0.9364159486136474,0.9030086235821642,0.7474982699049918,0.9162050927129202,0.9529545363721539,0.5155366631323002,0.8871861256568152,0.8995478568587887,0.9301255045824539,0.9125111785873636,0.9125111785873636,0.9425805352069325,0.881685977830595,0.9954412864629744,0.03139863267861631,0.8995478568587887,0.03139863267861631,0.7525915471020093,0.9125111785873636,0.9529545363721539,0.9252037445446057,0.7911552055921386,0.9493053971730236,0.9524187417251315,0.9349426948340498,0.8894031717904967,0.9379142777971528,0.887379364622056,0.9511016704226434,0.8675560447816315,0.8675560447816315,0.868447911134095,0.062008242787560564,0.9548710823073729,0.8233788637195052,0.9610996995613954,0.8565847204007371,0.8279535638583029,0.2692511698375556,0.8981789948276746,0.8708047111031318,0.9529545363721539,0.8731726191489462,0.8182787338913604,0.7981856244137907,0.9568599156354449,0.8517996688283256,0.9112976020672157,0.9320645602494202,0.9357274933038942,0.9568599156354449,0.8469075946240912,0.8359821349656567,0.9548710823073732,0.8950004825334388,0.9199893491338635,0.9511016704226432,0.9162050927129204,0.8284969009147185,0.9442013463068035,0.9511016704226434,0.9511016704226432,0.7920258334641643,0.9568599156354451,0.8195726318328562,0.6386053673554343,0.8816859778305952,0.8391846440543809,0.9568599156354454,0.9475597985845114,0.9278966962971924,0.9442013463068033,0.9529545363721539,0.8234248743448613,0.8950004825334388,0.9511016704226432,0.9278966962971924,0.9137333093884035,0.7440170762801631,0.9065205555971318,0.8805919691825626,0.6746336145137789,0.785585123047815,0.6811124292996658,0.8686385996787727,0.9589316626844853,0.9386080538027395,0.9589316626844855,0.9162050927129202,0.9125111785873636,0.9065205555971321,0.9511016704226432,0.03139863267861631,0.9529545363721537,0.8995478568587887,0.9292677720165115,0.9568599156354449,0.9548710823073732,0.9458598726114653,0.03139863267861631,0.93494269483405,0.9568599156354454,0.9610996995613952,0.9077040005624186,0.8175818786954796,0.9320645602494202,0.9529545363721539,0.8565847204007369,0.8233788637195052,0.9349426948340502,0.9409942357230063,0.8358428353123903,0.9511016704226434,0.916205092712921,0.8056825578273625,0.9394396415413284,0.9077040005624184,0.9610996995613952,0.7853897569350805,0.9162050927129202,0.7981856244137904,0.9425805352069327,0.062008242787560564,0.9187169710212713,0.8816859778305952,0.8284969009147187,0.829754200851698,0.8128743662973856,0.03139863267861631,0.8790792081159242,0.9149644520716045,0.9174557485535395,0.9149644520716045,0.9589316626844853,0.8696295404751337,0.03139863267861631,0.03139863267861631,0.9278966962971924,0.9006962362816697,0.8545503661181639,0.03139863267861642,0.9589316626844853,0.9475597985845114,0.9199893491338635,0.8938740030413763,0.8104036875498974,0.9475597985845114,0.9212735133449717,0.9364159486136476,0.8268147748355974,0.976122021280873,0.03139863267861631,0.8773193685069602,0.913733309388403,0.7967943813008358,0.9813880287156102,0.9212735133449719,0.8819908918248773,0.9511016704226434,0.8169797257838272,0.03139863267861631,0.7907502491856577,0.9292677720165115,0.8850018707449121,0.824527512767756,0.9493053971730236,0.8256727870749789,0.9409942357230059,0.03139863267861631,0.8927512325175624,0.7592148952360376,0.03139863267861631,0.9212735133449719,0.8156754847048544,0.8369591621743948,0.8092990476011352,0.8234248743448611,0.03139863267861631,0.7897260844225815,0.8512827582389364,0.9548710823073729,0.6761645354519015,0.744017076280163,0.9430441133000049,0.9053437280773233,0.8927512325175624,0.9511016704226434,0.8950004825334388,0.9168460830759904,0.9334927596276978,0.877897145441318,0.8697214512947165,0.8664736771305535,0.23774878152121726,0.9529545363721537,0.9292677720165115,0.03139863267861631,0.9568599156354454,0.898404335906682,0.8347439839067272,0.9379142777971528,0.9252037445446057,0.09008077800964032,0.7672253926367618,0.9493053971730236,0.09008077800964032,0.9379142777971528,0.9475597985845114,0.9394396415413291,0.8751441387186416,0.9006962362816697,0.9568599156354451,0.8708107869705988,0.9589316626844853,0.995589441680881,0.9334927596276981,0.7945589785686391,0.9364159486136479,0.9589316626844853,0.7932953720006315,0.913733309388403,0.550417503386856,0.2692511698375556,0.9364159486136474,0.8995478568587887,0.9511016704226434,0.9162050927129206,0.8961308828316215,0.9055162293830306,0.9320645602494202,0.8961308828316217,0.937914277797153,0.9225701399051962,0.7014171310265381,0.7925764380555536,0.9018497344665102,0.9425805352069323,0.8359821349656569,0.8871861256568152,0.9199893491338638,0.9320645602494204,0.23774878152121848,0.8116870067162374,0.937914277797153,0.8469075946240913,0.9320645602494204,0.9125111785873636,0.7734367193080809,0.9511016704226434,0.8402939714046165,0.7332476280865157,0.9149644520716045,0.8961308828316212,0.9568599156354451,0.7213830792377613,0.8882932693469465,0.9548710823073732,0.913733309388403,0.9425805352069323,0.9425805352069327,0.9529545363721539,0.9568599156354449,0.9225701399051969,0.8199117795876252,0.9100921482984174,0.9458598726114653,0.9458598726114653,0.7313974068186477,0.9041731885624822,0.11595356527577638,0.8675560447816315,0.03139863267861631,0.9548710823073729,0.03139863267861631,0.03139863267861631,0.8409008752365552,0.23774878152121792,0.9162050927129202,0.03139863267861631,0.7248314800141333,0.8613434560644826,0.42272440505492703,0.8480036211373803,0.8773193685069605,0.7995563084478075,0.9006962362816697,0.49864835346264225,0.8637151821288633,0.9409942357230059,0.9168460830759905,0.45933786842754687,0.9149644520716045,0.763777927592534,0.6359525852723973,0.9225701399051967,0.9409942357230057,0.9442013463068035,0.8050379729179937,0.9548710823073729,0.8927512325175624,0.9511016704226434,0.8972654241994793,0.9364159486136474,0.9306566646589698,0.9334927596276978,0.8731726191489462,0.9212735133449719,0.903008623582165,0.9334927596276978,0.7350447636400568,0.9511016704226434,0.20235352416864938,0.9493053971730236,0.9524187417251315,0.8523731211903476,0.83472400300589,0.48335140169781754,0.8523731211903476,0.5866865150344243,0.7995697492352161,0.886081569479592,0.9458598726114653,0.7967943813008365,0.9238799558250632,0.9610996995613952,0.7995563084478075,0.8708107869705988,0.7995502483019271,0.7970688433398967,0.9364159486136476,0.9041731885624822,0.9117531985549472,0.03139863267861631,0.9529545363721537,0.9137333093884037,0.9475597985845114,0.8567235831170401,0.9364159486136479,0.9442013463068035,0.9238799558250632,0.8256727870749789,0.9334927596276981,0.8259696831286127,0.9589316626844857,0.7868860602652394,0.9379142777971528,0.8933548640036584,0.09008077800964032,0.9409942357230057,0.7051012987580605,0.9125111785873636,0.9320645602494202,0.7735626237779675,0.9092428552134855,0.7509037938695109,0.8588935204002319,0.9162050927129202,0.717957010428276,0.8567235831170401,0.9682551375725408,0.9589316626844855,0.9349426948340502,0.9848910203339206,0.8336025791120698,0.8995478568587885,0.5457744538628025,0.062008242787560564,0.7894685038194521,0.8358428353123903,0.9610996995613952,0.8751441387186418,0.9511016704226434,0.9149644520716045,0.9137333093884032,0.9306566646589698,0.8984043359066818,0.9225701399051969,0.9349426948340505,0.5208845547534251,0.9379142777971521,0.9458598726114651,0.9529545363721537,0.9610996995613954,0.03139863267861631,0.9162050927129202,0.8610609420833555,0.8284969009147185,0.9174557485535395,0.03139863267861642,0.9130169552876017,0.8187487405659168,0.9030086235821648,0.3678486223164621,0.9006962362816697,0.8882932693469463,0.9104952582326107,0.7789783388157538,0.9252037445446057,0.9030086235821644,0.6488740980736469,0.8871861256568152,0.9548710823073729,0.8995478568587885,0.9265423524364669,0.9511016704226434,0.9125111785873636,0.9610996995613954,0.9252037445446055,0.9442013463068035,0.9610996995613952,0.9394396415413286,0.9265423524364669,0.9475597985845114,0.6970590368950023,0.8805919691825623,0.9568599156354454,0.9475597985845114,0.9364159486136474,0.7735626237779674,0.8234248743448613,0.062008242787560564,0.9529545363721539,0.1159535652757756,0.062008242787560564,0.062008242787560564,0.3968323237075575,0.03139863267861631,0.9425805352069323,0.4738920156371562,0.03139863267861631,0.9320645602494202,0.5549592725490636,0.9568599156354449,0.9511016704226434,0.9548710823073732,0.9493053971730236,0.062008242787560564,0.789468503819452,0.8838152225738931,0.9334927596276978,0.864899531307898,0.03139863267861631,0.9041731885624826,0.9511016704226434,0.9320645602494202,0.814365886541907,0.9053437280773231,0.9568599156354451,0.9493053971730236,0.9877220281917203,0.9125111785873636,0.6428226383045876,0.9475597985845114,0.42272440505492737,0.9187169710212713,0.9225701399051969,0.6746336145137792,0.937914277797153,0.9568599156354454,0.9278966962971924,0.9511016704226434,0.9041731885624829,0.8660830247325573,0.03139863267861631,0.9475597985845114,0.8784088021185172,0.9589316626844855,0.8324784774213028,0.9425805352069325,0.9379142777971525,0.8469812896824729,0.09008077800964032,0.7490287796730208,0.8050379729179937,0.03139863267861631,0.03139863267861631,0.43076416340614276,0.7179570104282764,0.8995478568587885,0.7995563084478075,0.8696295404751337,0.8092990476011352,0.83472400300589,0.8208615411657367,0.9306566646589698,0.8347439839067272,0.03139863267861631,0.8972654241994793,0.9529545363721537,0.9610996995613954,0.8256727870749789,0.9568599156354449,0.8541959247310256,0.03139863267861631,0.03139863267861631,0.793989940909561,0.9475597985845117,0.802317229737129,0.9364159486136474,0.8523731211903476,0.8961308828316217,0.6989699092582711,0.8961308828316215,0.8577765950677174,0.8458099300236446,0.03139863267861642,0.9125111785873636,0.8396760506214576,0.9493053971730236,0.9568599156354451,0.5721895635481329,0.7542662751466693,0.45334225692590724,0.9149644520716045,0.9493053971730236,0.8545503661181646,0.03139863267861631,0.8493950799487413,0.9149644520716045,0.8961308828316217,0.8686385996787727,0.8610609420833555,0.9394396415413291,0.9400706025742573,0.8490980979184486,0.9548710823073732,0.8643090749973119,0.8885705152446666,0.9425805352069323,0.9589316626844853,0.9199893491338635,0.28376189310837396,0.8347439839067272,0.9529545363721539,0.062008242787560564,0.9042833811001103,0.9265423524364669,0.9125111785873636,0.918716971021271,0.9610996995613952,0.9125111785873636,0.9610996995613954,0.961099699561395,0.8995478568587885,0.3875452758336596,0.9287546220071028,0.9886251033694342,0.9589316626844855,0.9364159486136474,0.9364159486136479,0.8268147748355974,0.9409942357230066,0.9458598726114653,0.9265423524364669,0.505497311731387,0.9493053971730236,0.760904633802822,0.4057772344611492,0.7032086121632806,0.7364687587156324,0.03139863267861631,0.8882932693469463,0.9475597985845114,0.7505486208297512,0.9589316626844855,0.9306566646589698,0.9320645602494204,0.8814453850912114,0.03139863267861631,0.7315605337936808,0.7995563084478075,0.9320645602494204,0.8272354331469214,0.8493950799487413,0.8347439839067271,0.9529545363721537,0.7051012987580607,0.6903369234671075,0.8272354331469214,0.7624534917969603,0.9334927596276981,0.6948435845294496,0.9610996995613952,0.9334927596276978,0.9475597985845114,0.8950004825334388,0.9278966962971924,0.862529861839961,0.49864835346264214,0.8044674539676764,0.9475597985845114,0.062008242787560564,0.8660830247325573,0.8567235831170401,0.5311945356497896,0.7967943813008365,0.7718994506532366,0.03139863267861631,0.9989227118453172,0.8588935204002328,0.9199893491338635,0.03139863267861631,0.8637151821288633,0.9409942357230059,0.9568599156354449,0.23774878152121803,0.0,0.923321670670995,0.9292677720165116,0.8938740030413763,0.9265423524364669,0.9053437280773231,0.9334927596276981,0.8068927917851014,0.03139863267861631,0.9252037445446057,0.03139863267861631,0.9568599156354451,0.8565847204007369,0.8805919691825623,0.9610996995613954,0.9238799558250632,0.8234248743448616,0.9018497344665102,0.9199893491338635,0.03139863267861631,0.8268147748355974,0.8433414573926268,0.8458099300236446,0.9225701399051969,0.4227244050549279,0.9529545363721539,0.34646989741729717,0.9212735133449719,0.3724098258006291,0.8894031717904964,0.7881804803953936,0.3724098258006291,0.9199893491338638,0.9529545363721539,0.8816859778305952,0.3724098258006291,0.9610996995613954,0.9292677720165115,0.9493053971730236,0.881685977830595,0.9458598726114653,0.9212735133449719,0.9320645602494202,0.8882932693469465,0.9125111785873639,0.9334927596276978,0.9112976020672159,0.9278966962971924,0.9458598726114653,0.9364159486136476,0.7213830792377611,0.9199893491338638,0.898404335906682,0.8279535638583029,0.44605852297328985,0.9053437280773233,0.9278966962971924,0.9493053971730236,0.9511016704226434,0.8984043359066818,0.8905160099774292,0.9252037445446057,0.9252037445446057,0.8972654241994793,0.9529545363721539,0.9548710823073729,0.5844279205856774,0.9238799558250634,0.8621439532920854,0.9149644520716045,0.9225701399051969,0.6438064656956815,0.9349426948340505,0.9212735133449719,0.9475597985845114,0.831351611615835,0.874058087016832,0.9100921482984172,0.8972654241994793,0.6513599365493299,0.9548710823073732,0.9162050927129202,0.5773984044890321,0.9292677720165115,0.9425805352069325,0.9238799558250632,0.8961308828316215,0.5912223604371347,0.7520579877837947,0.9379142777971528,0.6633398155904807,0.9458598726114653,0.8794996237395185,0.705101298758061,0.9511016704226434,0.9493053971730236,0.8827817928509323,0.9252037445446051,0.9511016704226434,0.8950004825334388,0.858893520400233,0.6993688578599878,0.9442013463068033,0.9442013463068035,0.8268147748355972,0.9320645602494202,0.8995478568587887,0.9511016704226434,0.8545503661181646,0.9320645602494202,0.9548710823073729,0.8894031717904964,0.9306566646589698,0.9493053971730236,0.9589316626844855,0.8816859778305952,0.9568599156354451,0.7106749817367277,0.9548710823073729
p327_R,0.7576673447315541,0.7246781736345205,0.6117913741863005,0.9177263123673711,0.8766475407506158,0.834554083794117,0.9098305097911825,0.9704346131390398,0.7090981371573744,0.8796938264815499,0.9744902876803159,0.8414011380622555,0.8414011380622557,0.7699525648907806,0.9379715199032932,0.7520953584760621,0.9449432952236012,0.6240022684872955,0.9822746502329287,0.8548305506210706,0.5927838725515269,0.8392653276543485,0.8263254146260335,0.9451236844516557,0.8344527069141838,0.792796001753072,0.9449432952236012,0.8070371963135039,0.8548305506210706,0.9696011735973187,0.8815146641826235,0.8621843473480633,0.7096903994443032,0.7545300025517876,0.9069141560297456,0.9822746502329287,0.8827042327454633,0.8186696767722725,0.8860449046541115,0.7749756551191185,0.6066808814866509,0.8680157579069598,0.9259593348757931,0.7945481714705891,0.9728510582879014,0.5383820066116622,0.9535189574016716,0.7693231095545328,0.7887795529709354,0.6727647087858126,0.8956033810680566,0.28799171222386233,0.8161240709434574,0.93772674061751,0.9633717685717935,0.6046691209887985,0.7848121187341826,0.9114861522954751,0.9570470268307247,0.979675935156952,0.7158720775211629,0.5434358874178129,0.792796001753074,0.6764403607782352,0.8677987043663944,0.7636267097421492,0.9624414485080437,0.7646256030964413,0.7482033289630812,0.800425691511493,0.8211012885208483,0.545373133061253,0.9069141560297458,0.5967461796324094,0.9114861522954751,0.6325070066162419,0.7012062760714715,0.8430837757619424,0.5324695220046278,0.9542973744591623,0.896307743441284,0.7646858390765273,0.8056162665221741,0.7406426144392229,0.9114861522954751,0.7054546392442036,0.9820291849056926,0.8420126580909189,0.8646341241518603,0.923321670670995,0.9114861522954751,0.8280883723575232,0.64487641444574,0.7750801226287396,0.9966817389300473,0.9098735941149556,0.8077170121844022,0.4952993945967703,0.548473758955716,0.598049923848573,0.9890698219039585,0.7561937765597108,0.9720193828537349,0.9738175958485027,0.9396687107349411,0.8736248211051396,0.8566898070754564,0.5698100882365484,0.8094202016554333,0.6039198629480993,0.7760782863267531,0.9185308994246546,0.6660987365360034,0.8387575542024284,0.8567565353887989,0.6175051249173602,0.8844645988717629,0.8736248211051396,0.7547252233507539,0.7146900810069381,0.8524736870099714,0.8967023541877933,0.8651572299808084,0.9681857054103615,0.7406426144392222,0.9377006183237262,0.9139139585985596,0.929234699649422,0.9233216706709952,0.8422366653047477,0.6455148863290592,0.7239396358887535,0.8370443491719957,0.9942118046808438,0.8317946002619978,0.6469513782083892,0.774474901996296,0.8704633828919897,0.8956033810680564,0.9344440802083812,0.777621027641396,0.8796938264815499,0.8037976283158352,0.7235990256740845,0.8852373064158001,0.7485672125969298,0.8267027424778535,0.5500119300914519,0.8576603095882955,0.3473414042133568,0.9306807285917507,0.7341512499877305,0.9792113321868139,0.6985181036750507,0.9373014503319763,0.811739805176722,0.9539318932220222,0.7332600540652472,0.6823422040104727,0.9127697981557635,0.8894803094181711,0.8529561985725835,0.7405566608653534,0.6244631470987356,0.6231436492006693,0.9862814096537198,0.7983781945318731,0.6415606211324434,0.6738149368236546,0.6295490530004186,0.7277314941831836,0.9821409684876825,0.920482954351298,0.9505901998727889,0.8849971763351223,0.9812603917451672,0.9090755206392821,0.9851443286222332,0.9024061025647392,0.6163507865591261,0.9243245277323653,0.9081738071919225,0.853398986286843,0.900220435878943,0.8916577382561125,0.9301477059099397,0.6427102157731703,0.7554897780614716,0.9643578114903837,0.9740307444063399,0.893795950522285,0.888908625674478,0.4298066288967435,0.49435571168044823,0.8803846297202795,0.9114861522954751,0.9451236844516557,0.979675935156952,0.9098735941149554,0.543014266990077,0.7060411700429243,0.95903973369563,0.9114861522954751,0.4875379957802909,0.4813410725331879,0.8796938264815501,0.9114861522954751,0.9033855190973803,0.8028255982978585,0.7374004111562467,0.7971446939490916,0.7255663438753159,0.8414011380622555,0.9114861522954751,0.8075427489145158,0.9114861522954758,0.5231250895335045,0.4584613272747118,0.43394727996797067,0.9114861522954751,0.9689880185924842,0.9114861522954751,0.8344995515599193,0.9405148519069519,0.7348942584837231,0.5456115971916631,0.9535189574016714,0.48979297098556396,0.9344440802083811,0.878873109687901,0.8392653276543487,0.973381990547172,0.8278207234152257,0.7160176671125429,0.7033682142920217,0.8701230238264701,0.78527635526129,0.7590899706297541,0.5887564811470303,0.7831200647944137,0.7437089977875242,0.9155178894548981,0.848500022283883,0.8651692889773963,0.9114861522954751,0.8127692523417804,0.9114861522954751,0.9970564958468535,0.9015913991504714,0.8956033810680568,0.8922965439848736,0.46382364504311,0.9451236844516557,0.7401539294074968,0.9152222404983097,0.821695028381328,0.9733880161603295,0.6093632426954123,0.9535189574016716,0.7990972287619525,0.6632004632037903,0.5983010079811599,0.9233216706709951,0.9025277748860163,0.6816616870928769,0.8860449046541115,0.8490680784540379,0.6996951166848484,0.8948138613503898,0.9998182792492016,0.8431143044210211,0.8621843473480637,0.6820815066386234,0.608979222876298,0.3805413505176857,0.8736248211051396,0.5095627091799266,0.9546889731778605,0.9457640223893853,0.9081749669579067,0.8736248211051396,0.8829704045477008,0.6229894087893499,0.937256845405638,0.40721482157241906,0.959947383074968,0.949718620585456,0.7363812182792999,0.5084176262662392,0.9630707417532701,0.7239396358887542,0.820702057901626,0.48564697682634517,0.8004256915114929,0.5997985341142114,0.7322936402092644,0.4789488110205712,0.8620050748711892,0.9822746502329287,0.9977140018671353,0.9724615706172288,0.6768041263043811,0.895603381068057,0.5328041469752525,0.7963020221675783,0.7561937765597111,0.6372141418844,0.7672051489045666,0.5258442738650455,0.8387575542024286,0.8100144035859929,0.9790265160046694,0.9377006183237262,0.9116507978993886,0.8844189788328016,0.9686058175770903,0.7810223325642163,0.8927556396064105,0.8156206560520565,0.8225311318013033,0.692085892008928,0.8890106760597565,0.9114861522954751,0.8621843473480633,0.9198044465988977,0.9272671679623037,0.8736248211051396,0.9025277748860163,0.9233216706709952,0.9114861522954751,0.9095502226904357,0.9098414308144025,0.8744685140157991,0.9294454649822513,0.825791883231616,0.9698932006005594,0.8956033810680568,0.5639015150764939,0.45250859937017096,0.965287251015811,0.8271476719118342,0.5299823957406086,0.8567565353887994,0.8563477583855699,0.5400666457441747,0.822593621526627,0.7675076433275654,0.8345540837941174,0.4859636300074759,0.8585625252798388,0.49740331725872977,0.9155178894548981,0.923321670670995,0.9879054392239447,0.9288372421237335,0.5215577187887193,0.48580554052086367,0.45817659831801083,0.9114861522954751,0.6148243119240591,0.8918418728988426,0.9739832594847329,0.9522473960773854,0.9555440044522299,0.6017221465084501,0.9114861522954751,0.9114861522954751,0.8806205617940819,0.8169844302676366,0.7761595639363085,0.9114861522954758,0.8927556396064108,0.8463809254714862,0.8922788694484414,0.5199821450397504,0.5854581857112724,0.8206863064580855,0.9190560267192627,0.8033236974657338,0.5043795239161016,0.5934923245385186,0.9114861522954751,0.4782300072433542,0.9340544955284066,0.467353890041482,0.4754955289665681,0.9312654528565806,0.9749786132588455,0.691685495217796,0.5006997466921044,0.9114861522954751,0.4770743021962126,0.9272671679623036,0.8194441082979433,0.7578339976820021,0.8827042327454635,0.6448764144457401,0.7096903994443048,0.9114861522954751,0.7370516535016467,0.723967939869913,0.9114861522954751,0.9618213182690218,0.7185458479535398,0.6626445741314402,0.47288028319579,0.4935217183509022,0.9114861522954751,0.8752001853274478,0.7217084572783667,0.8543687314766314,0.8625542926403278,0.8568692155478885,0.7377195108893599,0.7599089755509361,0.8018988325380275,0.8890106760597567,0.8828762782827957,0.6566193108706682,0.7526250457045175,0.597273889256003,0.9247762340489875,0.5039477805081494,0.9737261524690668,0.862184347348063,0.9560924860857705,0.9114861522954751,0.8728589109300189,0.7665601227555406,0.6984976651832921,0.8963077434412843,0.8700153915217446,0.9058174186634923,0.6946880028970752,0.8676179604297675,0.9058174186634924,0.921266320000975,0.9674473865880053,0.8312024571260157,0.5243778772219929,0.8953187881049971,0.8736248211051392,0.5632954066582387,0.9555440044522301,0.9557489758909954,0.9245925731880555,0.751444606961079,0.9564998295571266,0.8796938264815504,0.6511031333080917,0.8070371963135037,0.9888910907283663,0.9422479374989198,0.7267356314200388,0.6342155773297833,0.9819727612564135,0.7363812182792999,0.8352432841806781,0.967451598307264,0.9094609083435709,0.8003635445348862,0.8702468953616067,0.7948436229548856,0.8516566264547583,0.6627372226656365,0.7618215983863004,0.9728510582879014,0.8610382750921328,0.9666773683013681,0.8711683340946426,0.8492473095446897,0.9245925731880559,0.46311193636233006,0.896307743441284,0.5860825512670653,0.8492473095446895,0.901353265815082,0.9856673073376425,0.8529561985725836,0.8660777581821555,0.5366019356361285,0.9873470807440716,0.8526831540035738,0.9098414308144025,0.9754845716010286,0.8058705538142572,0.9719859159252597,0.9141384718239383,0.9449432952236012,0.6937734276448996,0.9624414485080437,0.8736248211051396,0.6851301296786809,0.44120710681592135,0.606888167955791,0.9590397336956302,0.7762734261292772,0.6260564004076761,0.9857413877230147,0.9449432952236013,0.5877022601159227,0.9114861522954751,0.8677987043663948,0.9114861522954751,0.9114861522954751,0.5182944186795522,0.9982929421095722,0.9807438322803782,0.9114861522954751,0.5552922103759671,0.5366405781255965,0.9998809333323055,0.9659040646509018,0.4310254151508479,0.5763401113626963,0.9672429835118388,0.8484476504274867,0.5433383630963757,0.8271476719118347,0.9958999320700975,0.8677987043663951,0.8113011753274528,0.6402346099422274,0.7789313183691324,0.8815146641826224,0.8816373105758182,0.8651692889773961,0.9885740445913167,0.8543687314766317,0.9931902723684947,0.8890106760597567,0.9495759213246219,0.8647946830029141,0.9628839102040203,0.6543578871424953,0.6119742306208917,0.9404386724941423,0.7524304224543001,0.8051727407663847,0.8612025565812302,0.8567565353887989,0.9820291849056927,0.8676179604297676,0.9741921589751663,0.6392912702834903,0.562904235104164,0.8956033810680566,0.801046591265738,0.9449432952236014,0.7611894146772009,0.8241544266903331,0.8056830750376207,0.428402745834338,0.5420136071251359,0.9658737650974747,0.4713175139922061,0.5772439949431103,0.7949300532989279,0.4674519973028145,0.9309704742085613,0.7561554509818686,0.8494012069260348,0.9114861522954751,0.862184347348063,0.8468692437224401,0.9069141560297456,0.6200373382790192,0.9413827490486106,0.8937959505222854,0.9088141857977012,0.6313482861434663,0.924592573188056,0.4747624236255681,0.7789803726503903,0.6077016016619033,0.9744902876803159,0.6405712343664349,0.9058174186634923,0.9276489541002395,0.7558791572154471,0.9607079996608051,0.8975056659670377,0.7671580251132717,0.6687438315417669,0.42612905663911227,0.6598466250042616,0.8789260764465955,0.7193015553473758,0.5618788915601082,0.773175862647949,0.8927556396064105,0.9095502226904357,0.8827042327454637,0.6093792229802435,0.8662868494703393,0.8267027424778537,0.923321670670995,0.6120232833525743,0.5851071462091562,0.9658737650974747,0.7433128032948864,0.9535189574016716,0.9269415575655285,0.8942224481194699,0.7287945948305328,0.8794027667385429,0.9681857054103615,0.884517717431685,0.7535118460332886,0.6345969911245258,0.9296300847872865,0.8956033810680564,0.9143829442374807,0.9114861522954751,0.876711309552326,0.4926520474682585,0.4689973486987984,0.78856730255894,0.9114861522954758,0.8059725293094608,0.473125837357823,0.7158720775211622,0.9344999401560385,0.625603055329341,0.6450678354434123,0.7192919271840381,0.8465488696869516,0.6397992542894106,0.8986638021868476,0.7033903417847118,0.6359489997182448,0.9025277748860165,0.8482859658440163,0.8300357306065542,0.949718620585456,0.9604698663254161,0.7946396535724355,0.8254530865954859,0.8771907571186035,0.9143829442374808,0.6181538901430245,0.9438462100315866,0.8509529217372154,0.7455228368448197,0.502802624683239,0.9098414308144025,0.9674473865880053,0.8647946830029141,0.507398356466466,0.5066158612256855,0.923321670670995,0.8370443491719959,0.889127769095001,0.923321670670995,0.923321670670995,0.9378019630525956,0.9114861522954751,0.8597023633262979,0.9220789118144436,0.9114861522954751,0.8612025519212236,0.9336045314430557,0.9098414308144025,0.8890106760597567,0.9025277748860163,0.8514945068923674,0.8939120217626514,0.5728787111486628,0.5851263235861561,0.8051727407663849,0.5466780339112192,0.9114861522954751,0.8566898070754564,0.8852103392435412,0.6440399480206577,0.5321005854208964,0.8343017947343108,0.8004256915114927,0.8051985087235753,0.8594852121729346,0.921296932653916,0.8401247247220577,0.9371807713088756,0.9804135331642498,0.8211012885208483,0.8815146641826224,0.732069959395617,0.8691446238416203,0.9822746502329287,0.9954218228230154,0.8890106760597565,0.838253866982948,0.6052641052337053,0.9114861522954751,0.8812195370163451,0.5180074160754553,0.8796938264815501,0.49135105148518987,0.9434256525191982,0.86914462384162,0.5627721168737212,0.9058174186634923,0.5763855253294334,0.47856808306764975,0.9114861522954751,0.9114861522954751,0.9546889731778605,0.8545828383701168,0.7769291696726054,0.4713175139922061,0.6295490530004186,0.5523262691996729,0.4116529824919467,0.5121447752166031,0.91544983405549,0.5796127604289611,0.9114861522954751,0.822029541264691,0.862184347348063,0.8860449046541115,0.4013701050048061,0.8736248211051396,0.5434358874178129,0.9114861522954751,0.9114861522954751,0.5240524392643422,0.9977140018671351,0.5615067795372934,0.9309704742085614,0.5857919226308239,0.3799625737890042,0.8700153915217441,0.9747622427638456,0.6081796935147623,0.6340082146691604,0.9114861522954758,0.9607079996608053,0.5147273048468086,0.9139139585985596,0.9098414308144025,0.9958999320700974,0.7118683133165977,0.8726241727903418,0.9925177448630809,0.8514945068923674,0.5017477700952648,0.9114861522954751,0.5027104407242271,0.9522473960773854,0.7131641954204069,0.9905629447639941,0.5221474672079636,0.9291179050181217,0.7306048384599253,0.7737318370403763,0.8677987043663946,0.9350578007140448,0.627232805207226,0.887610126390598,0.8927556396064108,0.9810579184287668,0.9972513755334592,0.5399844588441844,0.995860482228037,0.923321670670995,0.6400727678643532,0.8526475365427402,0.9015913991504713,0.9495430042623942,0.9542973744591623,0.9998809333323055,0.8860449046541115,0.9658737650974745,0.9911612427703087,0.9642114215400033,0.7028998376527329,0.8766475407506158,0.930680728591751,0.8137359723057829,0.8392653276543485,0.7890009655270713,0.7369352187762956,0.8414011380622555,0.9890698219039584,0.83093265374514,0.8514945068923674,0.6224067535667354,0.9522473960773854,0.8265997112713483,0.7645285502015192,0.9114861522954751,0.8780030642431897,0.9977140018671353,0.75464849462566,0.8796938264815499,0.9391668721297552,0.8492473095446891,0.9362941863687395,0.9114861522954751,0.5796910620442395,0.4056783906356499,0.8009889531223422,0.4784565123028903,0.5295777946979934,0.48714672339781506,0.862184347348063,0.6624332638184856,0.8939046646741244,0.8782800788028566,0.6029824232890459,0.8754589939070448,0.7820662233679185,0.7946396535724358,0.8263254146260337,0.8509529217372154,0.9175059807288828,0.9586576727654113,0.5674322549895834,0.8662868494703395,0.46566929024703374,0.8463809254714865,0.923321670670995,0.5500119300914521,0.5473392798803809,0.8018988325380273,0.467353890041482,0.40774072400413597,0.9114861522954751,0.5294609665310577,0.6080937708111536,0.7699525648907807,0.9114861522954751,0.5708385908440514,0.8186696767722728,0.8736248211051396,0.9491593628285615,0.923321670670995,0.0,0.8861082785146148,0.8954359980483737,0.9890698219039585,0.871498204325998,0.6297910975019908,0.44288913381320605,0.9114861522954751,0.9145776964480026,0.9114861522954751,0.8736248211051396,0.7707098370425697,0.6981474081879615,0.8860449046541115,0.7770128560991827,0.48513513741599523,0.7668600929709104,0.8289472633870454,0.9114861522954751,0.6688629552139378,0.6187091562159215,0.8595746635359269,0.9031824244895572,0.6060083965988035,0.8036253154520028,0.6851301296786794,0.7907601520699852,0.9464493622447829,0.7429879260157539,0.5120647154121739,0.9464493622447829,0.5588472113527938,0.9707204840519695,0.4950162549885413,0.9464493622447829,0.8860449046541115,0.7927960017530737,0.8827042327454635,0.9449046860917037,0.864502372854308,0.8549080893946239,0.957719264765919,0.7725940925571462,0.7439471311229153,0.8543063200473957,0.7596571152048028,0.7887795529709356,0.9002204358789427,0.9158533937000453,0.800209224169683,0.9177263123673709,0.6957527006543565,0.49600471427231674,0.9991912544948497,0.45896642302362645,0.9127371683538381,0.9763334103047518,0.921264816730714,0.808595344637359,0.9500077886111797,0.7808907816692274,0.6620804067525403,0.7693231095545325,0.8621843473480633,0.8677987043663948,0.9686222578724217,0.7989797443822702,0.974553319939592,0.9321122216845377,0.7948436229548839,0.8808355626366948,0.9402547457570604,0.8762907351695037,0.9977140018671351,0.8884796347928487,0.779669055943801,0.9544412611920868,0.7166166778443741,0.7519460478069167,0.937256845405638,0.7771083206128124,0.9319972407688002,0.792796001753072,0.8317946002619978,0.8934838196545201,0.9398825031180538,0.9140095995041511,0.8937238935432655,0.9484294396006385,0.9730383661933075,0.9527313195793389,0.9172501653465848,0.9370843359088217,0.8567565353887989,0.9139139585985596,0.6566193108706682,0.7808907816692272,0.8852103392435413,0.9001911295058393,0.6305642408368777,0.8837924720722258,0.9630707417532702,0.8937959505222852,0.56043573936214,0.8612025519212233,0.741250771586901,0.949718620585456,0.5739177664401676,0.933590086554745,0.8677987043663948,0.6760160728460736,0.9896820136474497,0.9300374121359597,0.8796938264815499,0.7498138785168642,0.9098414308144025,0.9500022135269731,0.9025277748860165
p329_R,0.9277853505731029,0.9654186216767148,0.8540589702876249,0.9633074212540202,0.6635604195877485,0.9491780856091547,0.9477834911731962,0.9213477256275777,0.9192323722404165,0.9463456194504827,0.9188871236697297,0.8248039983350155,0.5296901227568482,0.9307747569588933,0.803815696187135,0.9260419049481032,0.92498342966047,0.9075907590759072,0.9436389526644005,0.9463456194504829,0.9886712015139354,0.9169296077473638,0.9131105611405985,0.9859653849226513,0.9150048519840791,0.9466053748231964,0.92498342966047,0.6796978760310921,0.9902272378284809,0.9574912181494096,0.9713162545723911,0.6702257986610902,0.9684760986278474,0.8905248145511356,0.6635604195877483,0.9436389526644005,0.9859653849226513,0.9229109835440807,0.949178085609155,0.9057994954598185,0.8642985447139288,0.8922690007996061,0.917313551983149,0.8591242011916975,0.9349950396117983,0.8176280354781977,0.9361160018916066,0.811010112250468,0.9057994954598185,0.7285463220384465,0.994427778472,0.7971196216424032,0.9466053748231964,0.9900427159691707,0.8036983259533201,0.9040300914457235,0.9040300914457237,0.9314886672615051,0.9137703416118923,0.9271009640247971,0.9649961119767656,0.9306215966109164,0.9466053748231965,0.8934655458176233,0.9410406098239261,0.8560941187730409,0.9385367079941818,0.9071899201855504,0.9718514451725175,0.9957912204911727,0.893806497800568,0.9057994954598186,0.8660358761631226,0.7844262181825084,0.9314886672615051,0.8468584144181489,0.9596257255045416,0.9624721270225209,0.9252876161011312,0.9491780856091547,0.9624721270225209,0.9919535000677886,0.9005517611723419,0.780292314945779,0.9314886672615051,0.8889039599111502,0.9549820389811021,0.9997349153457663,0.8048565347231114,0.9292677720165116,0.9314886672615051,0.854058970287625,0.8627469615711523,0.9333427170834068,0.9740280269133125,0.8697754037911871,0.8786599224034777,0.8482926115779144,0.6863866470697533,0.8665471563391944,0.9418468054117539,0.9900588676412959,0.9314886672615055,0.9506836116166559,0.9261484975243068,0.9436389526644003,0.8748055425712831,0.727479948404226,0.7500737909531852,0.8475064653240056,0.8583226849174207,0.9715992805222542,0.7987643573529246,0.8778722974583608,0.9361160018916066,0.8142095785084849,0.9900427159691707,0.9957912204911727,0.9491780856091548,0.7339970024809888,0.9237085355484123,0.8454267695073419,0.9150048519840793,0.8988405313927084,0.9466053748231965,0.8070186560419508,0.9337692322192533,0.8224380100831483,0.9784534179462063,0.7847394565409083,0.8926613939269366,0.9361160018916064,0.9385367079941818,0.6502968271677552,0.9249834296604701,0.8378881427506738,0.7201296740389946,0.9385367079941818,0.9385367079941817,0.9271009640247972,0.82424887424306,0.9463456194504826,0.7889109781720209,0.8774727469180787,0.8754653093959394,0.8671688713696311,0.8084733144817626,0.7509796841765064,0.9790021042835308,0.7817471473127836,0.9463456194504828,0.7904384645785769,0.8774820208056916,0.892352932298277,0.994427778472,0.905799495459819,0.8867881128334248,0.9493488602252986,0.8088706988363874,0.872298481320929,0.871596920857987,0.9900588676412959,0.9515990837410908,0.7849789482934835,0.890105113112566,0.9206037147937579,0.9830298636033131,0.9226325469213177,0.9740280269133126,0.7898029257695209,0.9986133618497157,0.9292677720165116,0.9040300914457237,0.958892105936088,0.93555323610179,0.9910678932034703,0.9352213936467462,0.9512975174002887,0.9266138237099294,0.981959333468236,0.9591330006563403,0.9317177720624537,0.9418468054117539,0.8739896442647095,0.9243256893167102,0.8741958934383889,0.7580732923849518,0.9560841968775994,0.9208799593226007,0.9955703864028429,0.9292705781907253,0.9493044586165948,0.7824733633865935,0.7393985974090271,0.9738625321620704,0.9314886672615051,0.9096423096705528,0.9271009640247969,0.8110101122504683,0.9833987451379169,0.9375379118224111,0.9292677720165116,0.9314886672615051,0.8975690956305873,0.8046969049469621,0.9463456194504828,0.9314886672615051,0.9796222466236468,0.8856988418635349,0.9640002989117291,0.9768701642370289,0.8717700291221542,0.9292677720165116,0.9314886672615051,0.9253327005854157,0.931488667261505,0.8125315336274175,0.8514438032339186,0.914996064316139,0.9314886672615051,0.8371307688681588,0.9314886672615051,0.8127548628788835,0.9364712649059632,0.8872955140291618,0.8326266896887444,0.9361160018916064,0.7440008684175128,0.9271009640247971,0.9131105611405985,0.9169296077473639,0.9038547561156012,0.9315482272454396,0.9732485449091122,0.9385367079941818,0.9898664497675989,0.8984831166103557,0.8985975567963894,0.8613500083222572,0.9186550120230907,0.9186550120230904,0.8883211960358877,0.8722984813209289,0.9749771166196228,0.9314886672615051,0.8328887736004504,0.9314886672615051,0.8310278270742688,0.8856988418635351,0.8378990100945458,0.9859275987813498,0.7222848990290447,0.8574461569671545,0.7244735665173818,0.915004851984079,0.9115119641996129,0.9624721270225209,0.8953875574507253,0.9020554008593249,0.8774727469180786,0.8522196206602233,0.7690725803831002,0.9292677720165116,0.8266313169822588,0.8368816366462676,0.949178085609155,0.7705615916143933,0.9976671932161751,0.9715992805222544,0.9984044428477474,0.856791918252731,0.9944277784719999,0.8291201171171714,0.8366594897721766,0.8868276519785268,0.9436389526644003,0.8024190513197587,0.8841133455738348,0.9112446674143933,0.9560841968775993,0.9436389526644003,0.7744172920111789,0.8304746596231629,0.941040609823926,0.8917796312811823,0.9660806975545887,0.9361160018916065,0.8905248145511357,0.8207402721388641,0.9271009640247971,0.9361160018916065,0.9559982666090145,0.7938401567052569,0.9436389526644005,0.900253754973309,0.9950997889315368,0.8454267695073419,0.9779801974613707,0.8140817399578928,0.9314886672615055,0.9057994954598185,0.927100964024797,0.9385367079941818,0.7630798811812198,0.5001041335009482,0.9361160018916065,0.9441989622120356,0.9872201163229498,0.7730003884001786,0.808274678152799,0.6214597347922286,0.8055529015730947,0.7634464699231828,0.7657914251822298,0.9044602128671593,0.9902272378284807,0.9192323722404168,0.9463456194504828,0.9586381348210117,0.6858709460622416,0.9406429023361288,0.9020554008593247,0.9314886672615051,0.9385367079941814,0.9881021133307762,0.9075907590759075,0.9436389526644003,0.9410406098239261,0.9292677720165116,0.9314886672615051,0.9987351912497628,0.9436389526644005,0.9173135519831483,0.8794184279003856,0.8287559736133523,0.9112446674143933,0.9385367079941819,0.7251404712940372,0.8143379296441443,0.9987351912497631,0.922910983544081,0.7855342689816798,0.9361160018916065,0.9051352246392368,0.7681977746879556,0.9654186216767149,0.9938752217346227,0.9840677331869967,0.7511852659177243,0.9586381348210117,0.734815866259249,0.92498342966047,0.9292677720165116,0.9318380992827056,0.8991701931345161,0.7987643573529248,0.7307156636181875,0.7555267484019457,0.9314886672615051,0.7690837244494464,0.9763971782961418,0.9955239637156412,0.9562533908075042,0.7999458096653718,0.9294187750744478,0.9314886672615051,0.9314886672615051,0.9790021042835308,0.99055136863105,0.9307474244566613,0.931488667261505,0.9902272378284807,0.9314886672615055,0.9307747569588933,0.8613500083222572,0.8264630074596071,0.9314886672615055,0.8971465330611365,0.9549820389811021,0.7737394162043587,0.7633461199763996,0.9314886672615051,0.8923529322982768,0.8872955140291618,0.7801008652914645,0.7763863057061517,0.8971465330611365,0.9243280747464695,0.9361160018916065,0.7513190453203893,0.9314886672615051,0.8139659778503783,0.9466053748231965,0.92432568931671,0.9808277033867894,0.9337692322192535,0.8401220832245644,0.9229109835440809,0.9314886672615051,0.8545338582422839,0.7370360230001746,0.9314886672615051,0.9240483327121625,0.796929243126189,0.7869927119133117,0.7730003884001785,0.741180814068956,0.9314886672615051,0.9195568106795022,0.9971087202550017,0.9427953535791662,0.8709221173730848,0.8172897320132295,0.9673041260733038,0.9681439980484114,0.8598831469664707,0.9361160018916066,0.7607253771657496,0.9369801151017116,0.9636305634488505,0.8428998093754176,0.9571410971577048,0.8507014378963611,0.9131105611405985,0.9385367079941817,0.9466053748231965,0.9314886672615051,0.9957912204911727,0.8968738879834466,0.9430016057665955,0.8196028562135225,0.9859275987813498,0.9271009640247974,0.8593914613455642,0.9859653849226514,0.9271009640247974,0.9188871236697297,0.9314886672615055,0.9900427159691707,0.9150548293356049,0.9304071958786945,0.8746515668023194,0.8339548912007628,0.9902272378284809,0.9455040536150565,0.9131105611405986,0.8745255198792596,0.9596257255045416,0.9463456194504828,0.8392764609028791,0.8462388798540708,0.8955042051080182,0.9490704397550972,0.916929607747364,0.9284324089745184,0.7402268036102568,0.9245814746860737,0.9809665491287068,0.9078192451264866,0.9676920836055143,0.9898664497675986,0.8196028562135227,0.9924458838377674,0.8300648211329423,0.8507546147189982,0.932404486780107,0.8883211960358879,0.9631815283611995,0.8526125248565163,0.7867777182755433,0.9676920836055141,0.9952831447476328,0.7539755036479486,0.9503578662718963,0.8945661567474672,0.9112446674143934,0.9824764774982424,0.8741550968285552,0.9361160018916065,0.8130722339870082,0.8717773221078806,0.9763971782961418,0.6690294376269583,0.9436389526644003,0.9005990457462588,0.9375379118224111,0.9991226281223801,0.9206037147937578,0.9249834296604701,0.9249834296604702,0.893790080572364,0.9957912204911727,0.8988405313927084,0.7871510112545175,0.8825384613814423,0.9292677720165116,0.9292677720165116,0.8358489214518527,0.9093644292573355,0.9249834296604699,0.852219620660223,0.9314886672615051,0.9410406098239263,0.9314886672615051,0.9314886672615051,0.7109305288796639,0.9131105611405989,0.9245814746860737,0.9314886672615051,0.8386781419901972,0.783836569870735,0.984567352342202,0.985171117437625,0.8660374379044289,0.7820379557974447,0.99055136863105,0.8687627046182604,0.733008629441495,0.9229109835440809,0.9549391496582185,0.8266313169822592,0.9225786753593271,0.9519755601439311,0.7636378808463784,0.8988405313927084,0.9684760986278474,0.977146730785551,0.9268468105613143,0.9991226281223801,0.8598831469664707,0.9361160018916066,0.9245460758162977,0.9976781567382802,0.9715992805222542,0.9131105611405985,0.7353203804103459,0.9329075599064767,0.9955667899073477,0.7171128126277477,0.9955239637156411,0.9559982666090145,0.9976781567382802,0.9337692322192535,0.9819666175510304,0.7608708515790616,0.853060955313235,0.9496811510501817,0.9031302176196566,0.9249834296604702,0.9935697940021135,0.8511694599226773,0.9784534179462063,0.8452440158778534,0.9005517611723419,0.9840677331869967,0.7600825581617037,0.7639706836296074,0.8985975567963895,0.866379255064934,0.9169296077473638,0.9093644292573353,0.9472615019501687,0.9314886672615051,0.9385367079941817,0.9539119155583539,0.9821075314053486,0.8128142530789667,0.6988053324380332,0.9271009640247971,0.9740280269133123,0.7722474481848006,0.9541968529441156,0.7370360230001745,0.9902272378284807,0.7869658494193491,0.7324328495079397,0.7839946085577498,0.9271009640247974,0.9684760986278473,0.7601473737062717,0.9516111821826464,0.9112446674143933,0.9431040479626482,0.9784031190610274,0.7445434044715771,0.7435955595175137,0.9245814746860738,0.7978798632300288,0.8371307688681588,0.9713162545723913,0.9902272378284807,0.9568700216169211,0.909642309670553,0.8284983524035068,0.7433842170660625,0.9764821472729375,0.9784534179462063,0.7685922187366285,0.8085823718930641,0.9491780856091547,0.9671713288535192,0.9559982666090141,0.8753730319516104,0.887295514029162,0.9887355796164213,0.8958900308870177,0.8988405313927084,0.7919389605860272,0.9923887048677954,0.9188871236697294,0.8739896442647095,0.9385367079941817,0.9491780856091548,0.9314886672615051,0.8710785645042987,0.8184808644825559,0.9525957608544999,0.8921587537070735,0.931488667261505,0.8915663280206938,0.8303845584221968,0.7598677866479948,0.9307747569588934,0.8702630231263384,0.8818852841325537,0.8397219435105803,0.7669447820758,0.9022812459376931,0.9955667899073477,0.8477772416363423,0.9079246045305448,0.9410406098239262,0.8687627046182604,0.9040300914457235,0.9559982666090145,0.8856988418635351,0.9491780856091548,0.9486638803543643,0.927100964024797,0.9840677331869967,0.9208799593226006,0.9418468054117539,0.9314886672615055,0.9487023732818753,0.8707246235926533,0.9957912204911727,0.9166547403069656,0.7841975679523903,0.8562179574234862,0.8068780154057471,0.9292677720165116,0.9496811510501817,0.9716572732363804,0.9292677720165116,0.9292677720165116,0.9732485449091124,0.9314886672615051,0.9716572732363805,0.9673041260733035,0.9314886672615051,0.9112446674143933,0.8802685646935305,0.6323722594246122,0.9361160018916066,0.9427953535791664,0.9337692322192535,0.9292677720165116,0.790414434006764,0.8784547419047672,0.7581991044312648,0.9378884960817073,0.9314886672615051,0.8748055425712832,0.9361160018916065,0.9112446674143934,0.9078717846484292,0.8763348124829183,0.9436389526644003,0.9859653849226513,0.956870021616921,0.9495203073386864,0.9150048519840793,0.9314886672615054,0.9516111821826464,0.9286775783839132,0.9350783929825498,0.873210786801137,0.9939428696246877,0.9957912204911727,0.9441989622120355,0.9361160018916066,0.9981369872406441,0.8433852049585429,0.9314886672615051,0.9166547403069654,0.9469418746892606,0.9463456194504828,0.8727229723398889,0.9716572732363804,0.9188871236697297,0.721727837571001,0.9271009640247974,0.7592174337082699,0.7036442154965998,0.9314886672615051,0.9314886672615051,0.9493488602252986,0.8627469615711523,0.8985975567963894,0.8918149439761509,0.7898029257695205,0.8172897320132295,0.8300648211329423,0.7452733387757942,0.9094052998937733,0.7883584214120309,0.9314886672615051,0.9285406953319055,0.9385367079941817,0.949178085609155,0.7722474481848007,0.9436389526644003,0.8657544982697927,0.9314886672615051,0.9314886672615051,0.7403553108570422,0.9314886672615055,0.7509116569014915,0.9169296077473638,0.8311304467336683,0.8642985447139288,0.9859275987813498,0.9517995480250123,0.9047171638318101,0.822133725955052,0.931488667261505,0.885698841863535,0.8464023727791175,0.9859653849226513,0.7535119131134658,0.8559195636716592,0.9946834286992734,0.9110950154916335,0.8889039599111501,0.6486615461535619,0.8824384623811183,0.9314886672615051,0.7619593032638716,0.9225786753593271,0.8934655458176233,0.9298200120178974,0.8924745022365878,0.9455040536150565,0.643154309614222,0.8266331758234335,0.9410406098239261,0.9028451539866271,0.8685619106816116,0.9716572732363806,0.9463456194504828,0.751471777679847,0.8583215464403571,0.7662665379328073,0.8937900805723633,0.9292677720165116,0.781933381881114,0.9040300914457235,0.9516111821826463,0.7574826963659793,0.8505593707793002,0.9824764774982422,0.917313551983149,0.9491780856091546,0.8687627046182604,0.7288354762615121,0.9973253556379067,0.9166547403069656,0.9463456194504827,0.9169296077473638,0.9169296077473635,0.796406563067663,0.9684760986278476,0.6772470605459318,0.7178027688939732,0.8569629050326472,0.9337692322192536,0.9048452935938176,0.9562533908075042,0.9029279424388115,0.8526435109646312,0.9314886672615051,0.854058970287625,0.9314886672615055,0.7393985974090274,0.9463456194504827,0.9887355796164214,0.9112446674143933,0.8535566809158297,0.9314886672615051,0.868650553827204,0.7820379557974448,0.8466288346254212,0.7349432962162479,0.8967607927756915,0.7662665379328073,0.9385367079941817,0.7263548636463288,0.8596108504219842,0.9796365345191163,0.7551406423489793,0.9131105611405985,0.834759974209929,0.9491780856091546,0.9636305634488507,0.9314886672615054,0.8917796312811823,0.9825984289642522,0.6667017293274282,0.8985975567963893,0.7445434044715771,0.9821075314053485,0.9292677720165116,0.7278783039809973,0.8128142530789667,0.8884414464455954,0.8452440158778534,0.7668837320507642,0.9314886672615051,0.719586874440229,0.8156492020535615,0.8954688163631978,0.9314886672615051,0.847989300342959,0.8492634410370865,0.9436389526644003,0.9131105611405987,0.9292677720165116,0.8861082785146148,0.0,0.8613500083222572,0.9825197666561853,0.7815185706860064,0.9131105611405986,0.7698039090034989,0.9314886672615051,0.9486638803543643,0.9314886672615051,0.9957912204911727,0.8206483255024005,0.6481868738246033,0.949178085609155,0.952495707345717,0.9522322463593523,0.9463265979039874,0.8954688163631979,0.9314886672615051,0.8182519402561654,0.7509345006164765,0.845711513984238,0.9562080222479259,0.8856988418635355,0.9385367079941818,0.8988405313927084,0.9955703864028429,0.9206037147937579,0.8644762587454875,0.7450743808096121,0.9206037147937579,0.9660806975545889,0.9385367079941818,0.8454267695073419,0.9206037147937579,0.949178085609155,0.7022630834512007,0.9096423096705528,0.8454267695073419,0.9784534179462063,0.8167652521761419,0.9112446674143933,0.9931905395122683,0.8856988418635352,0.9636305634488502,0.9819666175510307,0.8254042372746635,0.8248039983350157,0.9549820389811021,0.9890665617051551,0.895468816363198,0.8968738879834464,0.8614038322551063,0.8631969951049125,0.8763348124829187,0.9057994954598185,0.909642309670553,0.9361160018916066,0.8968738879834465,0.8612199614304847,0.9486638803543643,0.9022812459376932,0.957923341102265,0.9385367079941817,0.9410406098239262,0.9062028679268259,0.9005517611723417,0.9572925628415774,0.6733247392625481,0.8988405313927084,0.8725575745001677,0.9150048519840792,0.8971465330611365,0.9314886672615055,0.6948327722679837,0.9132645418968569,0.9794149629165152,0.7816274664801088,0.8441458157855157,0.9410406098239262,0.9586381348210118,0.8840186801460966,0.9466053748231964,0.9249834296604701,0.9372898940428271,0.8148644431454315,0.8774727469180784,0.8452666437956633,0.9188871236697297,0.9291719727260646,0.9784534179462063,0.9755020222565274,0.8494513324275588,0.9900588676412959,0.9337692322192533,0.774859012241607,0.9022812459376923,0.9900588676412959,0.9055149569795284,0.939486776597036,0.8768715018941289,0.9749771166196228,0.9771467307855515,0.7502504996662522,0.9676920836055141,0.8687627046182604,0.9361160018916065,0.8760167272411667,0.9112446674143933,0.9991226281223797,0.9204792030092126,0.9490704397550973,0.9337692322192535,0.9463456194504827,0.9260419049481033,0.9436389526644003,0.8889124290815436,0.9410406098239262
p330_L,0.9490577805959616,0.9141155203977136,0.7677718362304873,0.9472490927671249,0.8972062142375332,0.972947370281771,0.8508692646828839,0.8336720014223045,0.8053438099485692,0.919497451312518,0.6719701155965676,0.893874003041377,0.893874003041377,0.7404906933297751,0.8190804967023388,0.7680797190076105,0.940553098653835,0.9476153226931836,0.8167114161403318,0.919497451312518,0.8524884293326294,0.7784845942513506,0.9301958712095211,0.9390983012237013,0.6646850475912341,0.8613500083222567,0.6653513595548056,0.8554484876704809,0.9662454225678805,0.9453651546481949,0.8482212456214522,0.990168288054176,0.8843363349468665,0.8357444190687313,0.8972062142375332,0.9506375116316126,0.6761982198649477,0.7126671057627412,0.9237472579920247,0.7734152409259925,0.8393889130131176,0.8143472748274805,0.830252180559244,0.9903647803961857,0.9749533160412137,0.8432960729191213,0.6187581535962681,0.8202747130292045,0.8300186788531598,0.9933702205113829,0.9686380834133204,0.9578007720454728,0.8613500083222567,0.8812890045220128,0.9850854747694644,0.8838798249719386,0.8838798249719386,0.897206214237533,0.8659984044587491,0.7212270937874561,0.8098765737128351,0.9417623672143615,0.73607852461342,0.8393889130131178,0.9115378627127522,0.9418071630261957,0.9489746595216719,0.9388411048525465,0.9856370754034534,0.9506375116316126,0.7224117502905038,0.8586624125474209,0.9162546240992183,0.8976450861876899,0.897206214237533,0.9892905312410094,0.9697674253098407,0.8782989718810936,0.8796622912834164,0.9286524051387366,0.8647119352489991,0.9263174666267613,0.8513613902076239,0.8613500083222569,0.897206214237533,0.7199380117598624,0.998764077135308,0.9603385812328951,0.9653609400162926,0.8938740030413763,0.897206214237533,0.8292986683070951,0.9584376755638824,0.9420546960204859,0.9049432776121404,0.8765410933695341,0.777552977986079,0.9726516694250817,0.6847363738191674,0.8298141460247237,0.9117520352216038,0.9368200342758781,0.5804841331053714,0.9500887011270656,0.9651685883683507,0.5935012569881961,0.5288193432268964,0.8151399778575046,0.8724740464567164,0.886402306844938,0.8723488769074137,0.951776218865749,0.9693676071890106,0.8825227806517106,0.6585158886812201,0.8299213364825198,0.9797685521491151,0.9600784247075336,0.972947370281771,0.7305004302532314,0.8906330670343166,0.9150343655807036,0.664685047591234,0.9817639561459055,0.9763704274834926,0.8422426805813996,0.6761982198649477,0.9879797376040623,0.9611199907943127,0.8285035731719173,0.742504123218535,0.9041490253843172,0.9077810309891678,0.9237472579920245,0.8874458144092716,0.7642484831456695,0.9950679917437791,0.886250826348313,0.5978954266207865,0.8906229438722484,0.7648156017689527,0.613022836133859,0.6612149662381952,0.9990440752671325,0.907185090482467,0.8190804967023388,0.865759203292572,0.6804057859886821,0.8300186788531602,0.9916637881280348,0.9662454225678803,0.8098765737128346,0.49799628138113916,0.7789156680027849,0.990168288054176,0.8869641315110044,0.9966522524374002,0.8373096690880518,0.9228855407164511,0.8952289958674733,0.9045796070584198,0.9439067604692684,0.9844547825932068,0.9387056393832711,0.9113202714816242,0.8499601285568918,0.8266808111288457,0.9241432472298104,0.9049432776121404,0.9784973891220774,0.9212274082751999,0.707359480006769,0.856007614722273,0.979064084161821,0.9846434276467262,0.9410393288458639,0.9154363928771068,0.7938674819676823,0.8889850942302338,0.9907946701116539,0.8685526906331875,0.8148209948936871,0.9117520352216038,0.893874003041377,0.7504935882619677,0.7173861150019928,0.8014806232798317,0.8718486402623692,0.8812890045220123,0.9247508816218675,0.9329452550639805,0.8940004303916704,0.8826772188225441,0.9916637881280348,0.9873387191946249,0.897206214237533,0.9006279533325658,0.6859407335747019,0.8202747130292045,0.9696900076935862,0.822049283258794,0.9301255045824546,0.897206214237533,0.9350042390297303,0.815197814722076,0.919497451312518,0.897206214237533,0.7631836784392395,0.8285035731719173,0.8100573434149834,0.7459979036904307,0.8299497416276553,0.8938740030413768,0.897206214237533,0.833038347219409,0.8972062142375331,0.9417737418885702,0.8864727085280386,0.9462848042542948,0.897206214237533,0.9700576346623715,0.897206214237533,0.7679353376164095,0.8348842372811727,0.7763122826137351,0.9761405117303412,0.9836644955542195,0.9050796901355542,0.9259093040850024,0.5550101147616109,0.7784845942513501,0.945066378441195,0.6599873764437358,0.9383472819496207,0.9489746595216721,0.9456403235713626,0.7788611615278427,0.7571211463821017,0.9960942502241007,0.8557287226598165,0.828503573171917,0.8874458144092714,0.8160075170145522,0.8906229438722486,0.897206214237533,0.8670676733891097,0.897206214237533,0.6553624165907814,0.782859252467139,0.9077810309891681,0.9543639018006898,0.9530959243155821,0.9006279533325661,0.8742055119912973,0.7881092891784469,0.8453082133622256,0.8782989718810936,0.7370702964203917,0.9041490253843174,0.7943074898335585,0.7403820887265014,0.9242802768452618,0.8938740030413763,0.9543462946456163,0.9474428702017896,0.9237472579920247,0.7631836784392396,0.8853086873158652,0.8640725290007105,0.7382604212759971,0.7630410812701615,0.9489746595216721,0.9008423513607287,0.8147023818029855,0.9508716073243623,0.5935012569881961,0.886402306844938,0.874205511991297,0.8965748830334173,0.8063886092852767,0.5935012569881961,0.7521861932346883,0.917260848999851,0.9115378627127522,0.7941789388239804,0.9212274082751999,0.5790004185113178,0.8357444190687313,0.8362683924192169,0.7212270937874563,0.9041490253843174,0.9765777693608293,0.9084329271986309,0.9952795434620394,0.9627309363624608,0.8118238203488377,0.9859387858531448,0.716451603258093,0.9952795434620394,0.9718218789028326,0.9152658504745881,0.8623725346384723,0.7214763122182981,0.9225652787117218,0.9435797529671,0.9836644955542195,0.8586624125474209,0.8554484876704809,0.9168152036493625,0.9056548208684178,0.9038269352009607,0.9372074521966514,0.6495575413653232,0.7176144435372289,0.7154557624776745,0.9662454225678803,0.9604928957239958,0.9402586349213948,0.8630445156224049,0.8285035731719175,0.9981829817352436,0.9765777693608293,0.897206214237533,0.9077810309891674,0.9110462841919128,0.9763704274834926,0.5935012569881961,0.8316115456900633,0.9663770061235324,0.897206214237533,0.788109289178447,0.9154363928771068,0.9237472579920245,0.6906382294489118,0.6983840134857011,0.9560600502201053,0.9489746595216719,0.9807836424956036,0.9474428702017896,0.7572532287816438,0.8843363349468665,0.982037662357022,0.9041490253843174,0.8357444190687313,0.9255096984836052,0.8812890045220125,0.8891206786807315,0.972947370281771,0.9100010486081045,0.9885491261677647,0.8068229047842788,0.6997515769421838,0.8938740030413763,0.8509176393168578,0.9463280464266841,0.9172533925824555,0.8389008868050969,0.8588714747866457,0.897206214237533,0.7042006442572852,0.9574095825112723,0.8635905304363203,0.7943962592357545,0.919497451312518,0.9613471139399272,0.897206214237533,0.897206214237533,0.8586624125474209,0.8843580185005766,0.8044394668938379,0.8972062142375331,0.919497451312518,0.8972062142375332,0.843162354799425,0.9537072608528625,0.718943647409735,0.9718218789028326,0.7589639350998868,0.9382989277549898,0.8549919503419808,0.9016947643106812,0.897206214237533,0.9922652711837712,0.8799977696515331,0.9321149348789839,0.9376155800352017,0.7062497378868462,0.9684883711975811,0.9041490253843172,0.8929047885289978,0.897206214237533,0.9112652445002487,0.7648336294037281,0.9107176884058774,0.8890669514015201,0.9454906551028931,0.791432699193302,0.9850854747694644,0.897206214237533,0.852915264712075,0.7178275662345259,0.897206214237533,0.890749428132489,0.8741256123019374,0.8769050452069713,0.8515296847588801,0.8580038360255249,0.897206214237533,0.9536227451579523,0.9212073119136902,0.9115378627127522,0.8121521855664688,0.9168152036493624,0.9151421693469972,0.8373787539839577,0.8734549834747208,0.6585158886812199,0.8795508326200487,0.7702277461203106,0.9604778720347484,0.7195317095280678,0.955027538151876,0.7983474062932966,0.8696318695590657,0.6390890551532902,0.7073234198231104,0.897206214237533,0.9600784247075338,0.8936686505880665,0.88198896513764,0.9425462450985707,0.7621114662955945,0.8906229438722484,0.9084329271986309,0.9839610029940284,0.8906229438722484,0.8968355718577374,0.5804841331053714,0.7904458367209809,0.9566563509717988,0.8718362752808948,0.9154363928771068,0.7063065737533567,0.919497451312518,0.9469420362734144,0.9604778720347484,0.9843594561593305,0.8099530918062009,0.919497451312518,0.9493641228003373,0.8554484876704809,0.849807612332631,0.8728164014041736,0.9382989277549894,0.9770142003961177,0.9836644955542195,0.9132463598405495,0.8178918366715655,0.9636156924183875,0.7465141138464555,0.9253772183793254,0.9425462450985709,0.8482212456214522,0.8155074969487259,0.8118171841517128,0.9019122566832011,0.9061528812664563,0.7053402735512566,0.7930864669266363,0.9212274082751999,0.7762566974398006,0.8999138703842933,0.8455148756517512,0.9289592084664757,0.9341374395021445,0.8357418646264886,0.8071490758646973,0.6144798102010121,0.857304564105976,0.8499998590564204,0.9198625748906528,0.7943962592357542,0.9456403235713625,0.9154363928771065,0.976906041086606,0.8015403392332581,0.7459946818243353,0.9781948975757422,0.5965509247800485,0.9562462491840291,0.9077810309891683,0.9154363928771065,0.9550554140410148,0.9610929114753992,0.8237617667988895,0.6348564769246132,0.8938740030413768,0.7577811531211516,0.8696924250975737,0.9562462491840287,0.9245944078367421,0.897206214237533,0.6175693860257458,0.897206214237533,0.897206214237533,0.8625840806761584,0.8696318695590659,0.8859462632868753,0.897206214237533,0.6143236262488387,0.671622704761949,0.9742425135572711,0.5639330551566846,0.9922652711837712,0.7456365189342835,0.9383287406132206,0.889056978790511,0.6760244055494276,0.9813314786230029,0.9494609339463369,0.9115378627127524,0.8333125033847857,0.8548391389643067,0.7084830363703274,0.8312762491198599,0.9477484320154701,0.8906229438722484,0.9232393084534758,0.9543462946456165,0.6840190014501951,0.6187581535962681,0.9068987683438507,0.9068304302001386,0.8435818381158273,0.8999138703842933,0.909040219099731,0.469035850428161,0.8098765737128348,0.8696318695590659,0.8889850942302338,0.9041490253843172,0.9068304302001384,0.5992575240826774,0.8373096690880523,0.7283091399878288,0.8963605811335611,0.9077810309891683,0.834441722203441,0.8874458144092716,0.6942196221415363,0.9801670789398705,0.9973714923353901,0.9641234200001467,0.877866018481003,0.8302521805592438,0.8103640317021115,0.6891129897265369,0.8890569787905109,0.8970271334681275,0.9382989277549898,0.7787929365987263,0.976089014505755,0.897206214237533,0.6390890551532902,0.8554484876704809,0.8972062142375332,0.8446029140705364,0.8753619326452873,0.9259093040850026,0.5264342806339761,0.8914845492904281,0.7064201188877494,0.8309993732337646,0.9194974513125183,0.7590680823162311,0.9425462450985707,0.985226281591588,0.8906229438722484,0.9477484320154701,0.9978623391565123,0.904308369454934,0.9858026338134491,0.9403633872100169,0.9310818701090309,0.9121424328349972,0.9941114500962163,0.5618334503135407,0.7249833586705876,0.9879797376040624,0.8045677070149695,0.9662454225678805,0.9033301068535196,0.9006279533325665,0.615887408962104,0.9130392725968739,0.8451211616250576,0.8938740030413763,0.8336720014223045,0.8291525085329298,0.972947370281771,0.8798330694278388,0.9041490253843172,0.992951585838133,0.6781151546895264,0.8640725290007105,0.9099512564806562,0.7778591649100781,0.9341861672503229,0.8155219122729975,0.8782989718810934,0.9301255045824546,0.5978954266207865,0.9286524051387366,0.897206214237533,0.8608453411778034,0.8549006173862639,0.8883826070257723,0.7554910126549798,0.8972062142375331,0.7637940067492193,0.9426548735905098,0.8746805485876581,0.8431623547994251,0.9508504838329029,0.7062450041538794,0.9495484734032325,0.9685314887663384,0.9632421972685554,0.9675980125625883,0.6977551460134599,0.8950036982469984,0.6175693860257453,0.5592173977694874,0.9117520352216038,0.9041490253843172,0.9985323369548302,0.972947370281771,0.7895760999391797,0.6506543733619476,0.972947370281771,0.881289004522013,0.7816536520320793,0.9908702887645178,0.7995913314360057,0.9826221937368071,0.9154363928771068,0.8972062142375332,0.8753619326452873,0.851513056556976,0.9225652787117218,0.8938740030413763,0.9077810309891681,0.8874458144092712,0.8938740030413763,0.8938740030413763,0.8608453411778034,0.897206214237533,0.8874458144092714,0.8121593651564608,0.897206214237533,0.8357418646264874,0.874620251982926,0.9952795434620394,0.6585158886812199,0.9115378627127524,0.9006279533325661,0.8938740030413763,0.7532534102315112,0.9789311058463339,0.8696318695590659,0.9160389017602499,0.897206214237533,0.8803339815305962,0.7777890939360741,0.9858026338134493,0.8071671013381116,0.5894990949160623,0.9154363928771065,0.9839610029940282,0.8724740464567164,0.9499526901597122,0.7881092891784472,0.61779196543802,0.8527933965694763,0.6710093946799621,0.9817639561459053,0.8767651543517687,0.8968355718577374,0.9506375116316126,0.9152658504745881,0.579000418511317,0.6424437038504553,0.6804057859886818,0.897206214237533,0.9345140465701829,0.9654291909233452,0.919497451312518,0.9908741599367161,0.7341517943295625,0.7362173888140451,0.8922908930047839,0.8906229438722484,0.8178802029015751,0.7883999095577525,0.897206214237533,0.897206214237533,0.8261247088378552,0.8748092409409072,0.7571211463821015,0.9074553008538533,0.7040929862076744,0.9852565180149135,0.9002521798657003,0.8687849143720281,0.951776218865749,0.88198896513764,0.897206214237533,0.9415091348555182,0.6390890551532902,0.9237472579920247,0.9581857826885122,0.5935012569881961,0.7583339753696297,0.897206214237533,0.897206214237533,0.9746165541507097,0.8789467917665688,0.8470353385542086,0.7155475991416486,0.9886706407705388,0.817891836671566,0.8994346345135197,0.6876754074727391,0.8830061590910472,0.9757973115011647,0.8972062142375331,0.9043083694549341,0.8599499656708516,0.6761982198649477,0.9154363928771068,0.8698017393569917,0.8389008868050971,0.9825075879852554,0.9433127541875382,0.9006279533325661,0.9468608892439803,0.897206214237533,0.8314095505633017,0.9822289983365697,0.8178918366715657,0.8649840698718236,0.9087774131258833,0.881289004522013,0.8746394085758462,0.769969136887513,0.9543462946456163,0.7891804163400229,0.7212756702013874,0.9749533160412138,0.9870066061767572,0.9472490927671249,0.8613500083222569,0.8494240192940041,0.9077810309891681,0.8938740030413763,0.9761405117303412,0.753781441782414,0.7342796056720209,0.8663694048251629,0.9237472579920245,0.7828592524671392,0.9237472579920247,0.9237472579920245,0.7571211463821026,0.838195966642407,0.8529152647120746,0.8972062142375332,0.9662454225678805,0.7784845942513505,0.9697674253098407,0.8048725652704831,0.8843363349468667,0.893874003041377,0.8560076147222733,0.8061593183158113,0.9006279533325658,0.8923348742331692,0.9077707508606776,0.6424222490680589,0.6134203276265618,0.897206214237533,0.8498076123326311,0.9718218789028326,0.9435367044718641,0.919497451312518,0.8640725290007105,0.8668322994400728,0.6214328319531335,0.897206214237533,0.8309993732337648,0.8427277880860253,0.8668322994400728,0.817452769882878,0.8810862022815928,0.8494240192940041,0.5978954266207865,0.656582299841582,0.8843004094207209,0.6556339879633086,0.7546275078572944,0.7367021197129772,0.7542077792867441,0.8794522928489901,0.9604778720347484,0.9908702887645178,0.5655318577055088,0.8583203978167434,0.6738261796773177,0.8910499671954724,0.8634035701563113,0.8972062142375332,0.8938740030413763,0.7995913314360059,0.8625250170122272,0.7471643287917038,0.9321149348789837,0.9169093065773977,0.897206214237533,0.8606185527495529,0.9760641351133237,0.7665123778217001,0.897206214237533,0.8963605811335611,0.9850854747694644,0.5935012569881961,0.8696318695590659,0.8938740030413763,0.8954359980483737,0.8613500083222572,0.0,0.8560076147222733,0.814453867939958,0.8696318695590659,0.8737739410350915,0.897206214237533,0.8808482963378004,0.897206214237533,0.9154363928771065,0.8685702285422986,0.7659352327632294,0.9237472579920247,0.607666058027388,0.9871267213979185,0.8522945751017503,0.8705991157894,0.897206214237533,0.8716984120324802,0.7035482038348904,0.7114052523251664,0.9550554140410148,0.8285035731719175,0.9077810309891683,0.8482212456214522,0.838035230919449,0.8308992056894287,0.7832070366225143,0.77224117349386,0.8308992056894287,0.8431623547994251,0.5567017980882831,0.9942558444336248,0.8308992056894287,0.9237472579920247,0.8613500083222572,0.9006279533325661,0.7565914078748618,0.7073594800067693,0.8116781323129286,0.9560600502201053,0.9933702205113828,0.9043083694549343,0.8696318695590659,0.8261247088378549,0.9152658504745881,0.893874003041377,0.9068304302001386,0.8142656070369578,0.5583389018863003,0.8444912255035637,0.9305682661749042,0.9156914332121855,0.8373787539839577,0.8017169598895761,0.9006279533325661,0.6585158886812201,0.8663112358292611,0.9100137463466735,0.8445053672263492,0.8170407335827647,0.9068987683438507,0.6390890551532902,0.6175693860257458,0.9135712082515246,0.8778660184810032,0.9600337841563484,0.8829513350353801,0.8579847912247509,0.8086036233131104,0.7263971683848405,0.8456795858023052,0.6924076301033195,0.7030931062652821,0.9601539049007307,0.628828331381422,0.8202747130292045,0.7649199336031918,0.9600368414886555,0.9612490296140914,0.9003852060492186,0.8613500083222567,0.8874458144092716,0.7972068719453493,0.8596520182051545,0.8148317561568916,0.738484166750812,0.41498102272666015,0.95849628826399,0.7436109815478471,0.9422804903710502,0.8168571500602761,0.9041490253843172,0.6761982198649475,0.7702277461203104,0.853383662694216,0.9439067604692686,0.9497053797878144,0.9219221901646455,0.890121187735402,0.996482024510511,0.7212270937874565,0.9946498944435256,0.9858026338134491,0.9770142003961176,0.9439067604692684,0.7148882326744321,0.7762566974398002,0.6175693860257458,0.8038450782900286,0.7851127115391345,0.9775686491148365,0.9662454225678805,0.9859387858531448,0.9952795434620394,0.793331605483776,0.6175693860257454
p330_MEITKNGH,0.9914419266143916,0.7367994500067809,0.8484356419795887,0.8347836504853701,0.9288488221297497,0.6645527639707118,0.998747849107485,0.9683675743757363,0.8944128167827483,0.9442782351269043,0.9580084947693384,0.9781067403340056,0.9265423524364669,0.8347836504853696,0.9410038098069493,0.8915641191189616,0.8969439783075258,0.9796635193777841,0.941467276381333,0.6868436814132018,0.868785486139297,0.9551139594816043,0.891113512984276,0.9312172606999456,0.9117298605520907,0.9040300914457235,0.9673337013468153,0.9152383482658542,0.6868436814132018,0.7254365351893,0.8949427042733138,0.9361684345174044,0.9199406273027306,0.9193175573455779,0.9288488221297497,0.9998226281102465,0.9312172606999456,0.9475611108832886,0.9472198404849024,0.9489483824282393,0.8590697626746646,0.9787436574258668,0.9472198404849024,0.9406138327701863,0.8969439783075258,0.9676727676103687,0.933654454952398,0.9460505649436608,0.9021698077369342,0.8484356419795889,0.9361684345174044,0.9372038329464911,0.9040300914457235,0.9178313446502835,0.8592289363406349,0.9003322259136215,0.9003322259136215,0.9288488221297497,0.9621308931062637,0.9242920540600268,0.9276655986642772,0.907575114485148,0.9040300914457235,0.9438841418650028,0.938768815466609,0.9854413708783503,0.9361684345174044,0.9837454645469401,0.8459614563080371,0.9411125326018257,0.806081683933856,0.9021698077369342,0.9779134885361098,0.866113645934768,0.9288488221297497,0.8409576378165506,0.9551139594816043,0.9580084947693384,0.882532869344193,0.8586664617429053,0.9580084947693384,0.7401368129112846,0.8967198703210439,0.9040300914457235,0.9288488221297497,0.8542505818539426,0.8793453228405238,0.8539264745735007,0.9060843180763316,0.9265423524364669,0.9288488221297497,0.8548730528847575,0.9952959377264842,0.9816994719868783,0.9608396174967289,0.9745310482030677,0.8614548339529895,0.8951238755194624,0.8987588567543152,0.9400421501546166,0.953045404208195,0.7526258963225115,0.9730218450575303,0.9421156471582774,0.8155166164378289,0.9414672763813328,0.8311566754341574,0.9065778327102125,0.9928893498778073,0.869617023200479,0.800217046448119,0.9828090781367664,0.8362191163076831,0.7313520107479509,0.933654454952398,0.822841265155438,0.6072859980031802,0.9998226281102465,0.9472198404849024,0.8711879261366295,0.9967848253410609,0.8740160774379222,0.9928893498778073,0.7538051251657462,0.7178027688939725,0.7841071946097782,0.9312172606999456,0.7230002295574622,0.6443785650306597,0.7673182036865235,0.9200926842749222,0.9336544549523977,0.9554815748429076,0.9472198404849024,0.9673337013468153,0.7881479576280785,0.9568856194085313,0.9361684345174046,0.9361684345174042,0.9706982209232327,0.8751887159614388,0.9442782351269043,0.8626111350907364,0.942688033069913,0.8678306200590498,0.9054762298636501,0.9872081333442814,0.9579218368345694,0.9393902601956408,0.9147164549600745,0.9442782351269043,0.9869296750061689,0.9234915831261147,0.8590536933702337,0.8471315842032198,0.9393902601956408,0.8170792465201397,0.9428805861339857,0.8694880662664035,0.8740160774379222,0.6738540202150647,0.9617723288059052,0.8965983225545131,0.9564564483272331,0.9396242454712691,0.8910486018561099,0.8879895529804344,0.9147585594844332,0.9964497455422858,0.9863035508148099,0.7663398310994596,0.9265423524364669,0.9003322259136215,0.9077257000680914,0.9335624664487481,0.8793975838413057,0.5888519595513024,0.916338074360628,0.9450107115699176,0.9981009867201975,0.8763873919722713,0.9971188814478921,0.8797342192691028,0.9304312867192419,0.986631336982482,0.8820281112832069,0.8011767661222198,0.9082763222676035,0.9178313446502834,0.9335014513268406,0.9242920540600268,0.981859082783358,0.9028466030831426,0.9375989606920125,0.8945421723100475,0.9288488221297497,0.9312172606999456,0.924292054060027,0.9460505649436606,0.9906522225387782,0.9627608002068133,0.9781067403340057,0.9288488221297497,0.864258165306873,0.9991076460160246,0.9942420842964468,0.9288488221297497,0.9206591678873522,0.9132389320257914,0.9195293122683741,0.9444076792766425,0.9862390105817678,0.9265423524364667,0.9288488221297497,0.8539193688809055,0.9288488221297497,0.8005169524308036,0.9588777870024265,0.9209445106136656,0.9288488221297497,0.994160930288872,0.9288488221297497,0.8896789161015626,0.8998677823831449,0.7296210602910799,0.8261775432373464,0.933654454952398,0.9837202531589218,0.9242920540600268,0.9495873612601233,0.9964991389010722,0.9241742104809931,0.7724321404175774,0.8496055333462679,0.9361684345174044,0.8299441802940946,0.9541610264321898,0.950462348871437,0.911752035221604,0.881294645597023,0.9132389320257914,0.9673337013468153,0.8219227877838963,0.9828956122135617,0.9288488221297497,0.9793811540276176,0.9288488221297497,0.7760543090171463,0.8950953494015974,0.9554815748429075,0.7764078206837781,0.9952305429176528,0.98181078671843,0.9428805861339855,0.9117298605520907,0.7972161138487694,0.7462640960530237,0.8998813169043167,0.933654454952398,0.8614899173418664,0.8937325206728579,0.9842981000157078,0.9265423524364669,0.9486338396414328,0.9118677093532352,0.9472198404849024,0.9206591678873524,0.9646856815994838,0.9059145492620324,0.8919612280695786,0.8033572809856367,0.9903434298372482,0.969647647427007,0.9912396735669399,0.8574250296183685,0.9414672763813328,0.9351716034343647,0.8990380928823124,0.9748290773761273,0.9769390375455413,0.9414672763813328,0.9068736847995713,0.8253814006071354,0.6671404774115369,0.889844822277781,0.869005560178325,0.933654454952398,0.9193175573455776,0.857520284284955,0.924292054060027,0.933654454952398,0.9094857206850568,0.9644874769115801,0.7649822460765642,0.8660761967134003,0.9816994719868783,0.8394708294649358,0.8132085664206283,0.9998226281102464,0.9288488221297497,0.8000665725934131,0.7508647778975326,0.8471315842032199,0.8715497290124423,0.913673617458646,0.933654454952398,0.9861688348869461,0.9798093648918664,0.9797025235226746,0.9340098336356584,0.9157060050023209,0.8921549806191087,0.9530445907898335,0.8580473222674436,0.858676931389569,0.9942420842964468,0.8652640614492118,0.6868436814132027,0.9816494815223562,0.9132389320257916,0.9035881831250774,0.8571991125642086,0.9288488221297497,0.9361684345174046,0.7603495995667576,0.9418468054117537,0.9414672763813328,0.995067487912588,0.7874049258749507,0.9288488221297497,0.7230524374821841,0.9998226281102465,0.9233710276669693,0.9410038098069491,0.8790625472010725,0.8574829451437058,0.9903434298372484,0.9912878046883848,0.913320076689736,0.7230524374821845,0.9199406273027306,0.9546441909240885,0.9859410630732461,0.9816494815223561,0.8860743074621011,0.9178313446502833,0.9410038098069491,0.9880755935910338,0.9492195867794683,0.71756158517018,0.9741813389942273,0.9673337013468153,0.9742178060512308,0.7046804791662493,0.8479694326109094,0.7936167803531395,0.9914325860459475,0.9953127413801655,0.9288488221297497,0.9335624664487481,0.9825455703573396,0.9784078757357106,0.7889690427384554,0.9327624037197983,0.9911416000294789,0.9288488221297497,0.9288488221297497,0.9766107126543475,0.9527103274498214,0.8929799621930966,0.9288488221297497,0.5638843202599051,0.9288488221297497,0.8347836504853696,0.856007614722273,0.8303252639041242,0.9288488221297497,0.9278464566365248,0.7965749640015882,0.8529059602316709,0.8806359544597052,0.9288488221297497,0.8845611988346691,0.8264775852300978,0.9760908679752075,0.880368909709091,0.9971725026548421,0.7456274011616304,0.933654454952398,0.841262736867332,0.9288488221297497,0.7971057242912414,0.9825197666561853,0.8963044445307862,0.9589308348783856,0.98181078671843,0.8511926216011774,0.638398499984,0.9288488221297497,0.9928914711514616,0.9972378357109326,0.9288488221297497,0.9335014513268406,0.8646036150933579,0.8011772965543407,0.9582377800274837,0.8503230491837441,0.9288488221297497,0.9091159872271617,0.8539193688809056,0.8923351671954538,0.9097817184340831,0.9797025235226746,0.9297539537367778,0.9017190217704447,0.9652100235177419,0.933654454952398,0.9417424117820135,0.8671481959671583,0.891113512984276,0.8397380806900288,0.7077075670025008,0.8188306891964301,0.9894121426990234,0.9361684345174044,0.9040300914457235,0.9288488221297497,0.8236923415849846,0.8508840021741759,0.8236452927118794,0.9997447324909988,0.8985159947466634,0.9828956122135616,0.7950511505365605,0.8158151092076322,0.924292054060027,0.999744732490999,0.9779134885361098,0.9178313446502835,0.8811111416610471,0.5809095872135949,0.9998226281102464,0.8752593424789261,0.9942420842964468,0.9526552033461158,0.6123400429119732,0.8697274152053978,0.9621156816794599,0.9442782351269043,0.8989582564642933,0.9798093648918664,0.9832953261321589,0.9443618136993994,0.9137287800621365,0.9215435437152564,0.7526258963225116,0.9523285443895997,0.9721556015951156,0.9027123337973115,0.9860555452130657,0.9438841418650028,0.9152511870116737,0.9651931383855017,0.9121865810459139,0.9129478677076039,0.9862390105817677,0.9874255252046317,0.7610652770177011,0.8045769554432403,0.925662981663943,0.9748290773761272,0.9894121426990234,0.997269420851009,0.8307576415323487,0.9068736847995713,0.9748290773761273,0.9589839222591341,0.7609530424170197,0.7526258963225116,0.8960841541919653,0.9023889491272763,0.984813660084917,0.9721556015951156,0.7062721505681433,0.985589659990952,0.9293514524711308,0.995067487912588,0.9798093648918664,0.9220929278982624,0.7612216579618687,0.9554815748429076,0.9998226281102465,0.6484294739974634,0.8747404628543145,0.8780124908814335,0.9265423524364669,0.9265423524364669,0.8175134374929018,0.980587532202323,0.9220929278982624,0.8614899173418664,0.9288488221297497,0.995067487912588,0.9288488221297497,0.9288488221297497,0.8753970416893984,0.9097625798212232,0.71756158517018,0.9288488221297497,0.8397624410905868,0.8836709623268486,0.8950953494015974,0.8844558779324997,0.8590536933702335,0.974025264541478,0.7849508745483493,0.950462348871437,0.864912792621245,0.8592289363406352,0.9233273388279788,0.995067487912588,0.9172640312418523,0.920572641388645,0.8214102979747855,0.9300679213294081,0.9199406273027306,0.9706982209232327,0.9224732071905759,0.6108418049655593,0.9375285758840217,0.933654454952398,0.7691446024622668,0.9551139594816043,0.9402963929884995,0.9495873612601233,0.8332680722913413,0.9278464566365248,0.927665598664277,0.9495873612601233,0.9881949600984963,0.9859410630732461,0.9551139594816045,0.9818107867184303,0.9428805861339855,0.8694880662664037,0.8676064557793455,0.9554815748429077,0.9160141298806421,0.9220929278982626,0.9301674975335364,0.8881012313740009,0.8350803794897144,0.9186707982454536,0.9323299983666007,0.9880755935910336,0.9527439837573919,0.9890698219039584,0.991700040816202,0.999165641809077,0.8379601434210562,0.9895262964440439,0.9375725898435192,0.9288488221297497,0.9361684345174044,0.9556196184821215,0.9239571786511699,0.9351293596727119,0.9621156816794599,0.9706982209232327,0.9608396174967289,0.9827738564631818,0.9707630758620763,0.8751887159614389,0.9942420842964469,0.9722335309616565,0.70401732331336,0.908942966732091,0.9706982209232327,0.7708967617979813,0.9023889491272763,0.9270396358303659,0.8574829451437058,0.970358195211189,0.9082134614211266,0.9875418864397815,0.9034841814183538,0.9523285443895997,0.8731228274115115,0.9115594563265729,0.9651931383855019,0.5024046396832557,0.9928893498778073,0.9170021612446009,0.9299175356920437,0.950462348871437,0.9042249983725683,0.9742178060512308,0.8414544485377815,0.9113131947533517,0.9880755935910335,0.9316274601593699,0.9617723288059055,0.949904800799596,0.8910486018561099,0.9402963929885,0.9943648024077447,0.7538051251657463,0.9665309054593344,0.9417424117820135,0.9157617220296757,0.9781067403340057,0.9903434298372484,0.7292573298947767,0.9288488221297497,0.6185286240381146,0.9788373911110273,0.7723156123758674,0.9116135474041246,0.9288488221297497,0.9911245230080854,0.9420278011552323,0.9869296750061689,0.8914410719709878,0.8652640614492115,0.8279011160542435,0.9100687042991047,0.8362419573297547,0.884766548873631,0.9869296750061689,0.8365017088013502,0.9541610264321898,0.9387688154666092,0.9049436253476606,0.9003322259136215,0.7003392882016632,0.7992624901152924,0.9880755935910334,0.8847665488736309,0.9706982209232327,0.9472198404849024,0.9178313446502835,0.8430786267995567,0.5805045138066496,0.9131376824687898,0.8638929830074618,0.9998226281102465,0.9779134885361098,0.9137287800621365,0.9703581952111892,0.9989098079846288,0.9742178060512308,0.8471315842032199,0.9874255252046317,0.9742178060512308,0.9265423524364669,0.9156275074343121,0.9288488221297497,0.9421847517560787,0.7713843327268919,0.9288488221297497,0.9078247903914518,0.7777700645405103,0.9998226281102464,0.933654454952398,0.995067487912588,0.98181078671843,0.9742178060512308,0.9681758627052863,0.8711879261366295,0.9097625798212232,0.8666323233124986,0.9288488221297497,0.95070136084869,0.7526258963225116,0.9078247903914518,0.9722335309616565,0.8715698060206922,0.9411125326018255,0.6134410051336951,0.9117298605520907,0.8631510629728293,0.9523096052149489,0.9288488221297497,0.9132389320257916,0.8398820855230574,0.9651931383855019,0.8187128583865133,0.999744732490999,0.8824024370934049,0.8372870250521197,0.933654454952398,0.980587532202323,0.8459614509201203,0.9288488221297497,0.6295691802130097,0.9119355268636244,0.9442782351269046,0.9387847772936098,0.9874255252046317,0.9157617220296759,0.9854413708783502,0.9828956122135616,0.9971942234267888,0.9224732071905758,0.9288488221297497,0.9288488221297497,0.8674218286855719,0.7979240854334781,0.5868367686296748,0.782493737484703,0.8509744558805432,0.9582377800274838,0.8676064557793456,0.8890974018987041,0.9018491285511328,0.8664724446651944,0.9288488221297497,0.7976250857216745,0.9361684345174044,0.9472198404849024,0.9952959377264843,0.9414672763813328,0.9169832390321795,0.9288488221297497,0.9288488221297497,0.8938117215762231,0.9779134885361098,0.989502593319917,0.9137287800621365,0.9625401934948807,0.9995729386747716,0.9570057010001997,0.9147585594844331,0.8783895854085133,0.7292750000887223,0.9288488221297497,0.8631510629728291,0.8520936294296522,0.9675956872630854,0.9411125326018256,0.8971367806773711,0.9446016842068788,0.9668842139954104,0.8216098122961989,0.9312172606999456,0.9866313369824818,0.9288488221297497,0.8661136459347678,0.7563282731807118,0.8590697626746646,0.7111900084992316,0.9071156483576153,0.9610024953181504,0.9549882475158464,0.9281304668502182,0.938768815466609,0.8158937441191174,0.8307255507093776,0.9421847517560787,0.9442782351269046,0.9941068010498535,0.9418468054117539,0.9092995966185087,0.9903434298372482,0.9265423524364669,0.8261775432373464,0.9530454042081951,0.9771275048833286,0.9750836918798633,0.9472198404849024,0.7353739172577541,0.9233710276669693,0.9880755935910335,0.9793811540276174,0.9214006317669097,0.8821656806165816,0.9288488221297497,0.871282723143149,0.9137287800621365,0.9137287800621363,0.9273822745909059,0.9917271981546156,0.9265423524364669,0.9530454042081948,0.851451469716517,0.7652215831891479,0.9664780447989199,0.7889690427384553,0.7524940056416105,0.7424665428974391,0.9288488221297497,0.8279011160542435,0.9779134885361098,0.8532077696360625,0.9442782351269043,0.9402963929884997,0.907824790391452,0.9605547264652037,0.9288488221297497,0.8539264745735007,0.9527439837573919,0.907824790391452,0.8770057699699192,0.8878907384141741,0.8664724446651938,0.9361684345174044,0.8374674665307491,0.9911416000294789,0.8557244891858333,0.9989098079846288,0.9707630758620763,0.9054732798157584,0.9233710276669695,0.7716391686675752,0.8748925122448099,0.8575360288119112,0.9117279299695327,0.8854356647698316,0.8471060150352996,0.9875418864397815,0.7767631794320901,0.9742178060512308,0.9579218368345694,0.9351293596727116,0.9652100235177417,0.85552779797785,0.9662786362119306,0.9288488221297497,0.8935341338233256,0.8322804608748362,0.9032274698712804,0.9288488221297497,0.842622729987961,0.9917271981546154,0.9414672763813328,0.8114639501064759,0.9265423524364669,0.9890698219039585,0.9825197666561853,0.8560076147222733,0.0,0.8715698060206922,0.9097625798212232,0.9408053715448897,0.9288488221297497,0.7764078206837784,0.9288488221297497,0.941467276381333,0.8812215204080566,0.8897994940048912,0.9472198404849024,0.9964497455422858,0.9374101525292778,0.9549882475158464,0.925662981663943,0.9288488221297497,0.9054110980731636,0.9870085927386689,0.9964787107892183,0.9651931383855019,0.9132389320257914,0.9013065795230638,0.8949427042733136,0.9625094796456835,0.9152383482658542,0.8499415642309933,0.864603615093358,0.9152383482658542,0.9256629816639432,0.9361684345174044,0.8394708294649358,0.9152383482658542,0.9472198404849024,0.9796635193777843,0.98181078671843,0.9782026567459741,0.8350803794897144,0.927846456636525,0.7792521903220917,0.9023795156406167,0.9132389320257916,0.6919896057897745,0.9428805861339857,0.9393902601956408,0.9781067403340057,0.9551139594816043,0.8219062911886281,0.8690055601783252,0.8908505574053998,0.942672424743418,0.9693777857385852,0.9173856837310408,0.9861688348869458,0.9312172606999456,0.933654454952398,0.9195467174521137,0.9846499852040401,0.8985159947466637,0.9931252770634836,0.8890895984248459,0.9554815748429073,0.9387688154666092,0.921985740006281,0.8967198703210442,0.9710734424570895,0.9521728905271731,0.9300679213294081,0.8857057542529407,0.9928893498778073,0.9625094796456837,0.9779134885361098,0.9926401914468548,0.9446352888037228,0.8715821415635548,0.8606091151654387,0.9032580979055047,0.995067487912588,0.8165945463022458,0.9507126800088579,0.9040300914457235,0.9220929278982624,0.8896193614056151,0.9147585594844333,0.9182102768713856,0.9989805781814323,0.9157617220296759,0.894301062876302,0.9265423524364667,0.8800253504864866,0.9677680856796699,0.9859410630732464,0.9675956872630855,0.8409576378165506,0.898515994746663,0.9859410630732464,0.9698112061053812,0.9272187549328597,0.9513280980466949,0.8436771116239439,0.9706982209232327,0.8309347837139285,0.7401368129112849,0.8637059334028958,0.49119285571827276,0.9899558193201716,0.7401368129112846,0.995067487912588,0.8499415642309931,0.9443618136993994,0.6134410051336945,0.9442782351269043,0.8915641191189616,0.941467276381333,0.9400421501546166,0.995067487912588
p330_Q,0.7965515052329858,0.9283398242102775,0.8046967529941969,0.9428545974512955,0.5670604064502979,0.9319883865480127,0.9160907577907114,0.8983471539152488,0.8263815673352459,0.9281978840490721,0.9695561678527185,0.7809518813704255,0.5064605396372066,0.8882603289449442,0.8583180481136812,0.8788382842110356,0.9143370995839921,0.8763348124829182,0.9728647695971406,0.9281978840490723,0.9213968403984547,0.8048139241371219,0.9197431633925511,0.9113677351409673,0.8133519267235338,0.8763348124829182,0.9887581495517049,0.8056122804055926,0.9787649061336618,0.9554932947991845,0.8646249603464984,0.5921041437919993,0.9331634535227102,0.9021396564215761,0.7284831104378526,0.7374009961013606,0.9113677351409673,0.9694900493913192,0.9319883865480127,0.9351653085231246,0.8560545394273147,0.8787630926879588,0.9615726344798462,0.7967639062501318,0.9368208004805825,0.9024313737039581,0.9145082620913982,0.8438084733824514,0.5750136842564297,0.884721487697329,0.9177477332861093,0.8784643210213545,0.8763348124829182,0.9651353935154792,0.93316345352271,0.931868237520197,0.5555950947340125,0.9083158055901508,0.9128509310811752,0.9024440319654481,0.927913822208789,0.8899216631459823,0.8126228085797408,0.8183996995703311,0.5232337300428245,0.9419615833846876,0.7703398248545043,0.9688816820998116,0.9826328272127683,0.9245757305468909,0.9968923552496207,0.9657791214744023,0.9302614904222952,0.9558431752325036,0.9083158055901508,0.8166024519656592,0.9750104233747738,0.865312287431165,0.8771557075621004,0.9852078760340832,0.9609479118662458,0.990085850144614,0.866914986208273,0.937039760154677,0.9083158055901508,0.8781745275078812,0.9409711235272433,0.9971469420919314,0.9658571621574408,0.9053437280773231,0.9083158055901508,0.7737994308014458,0.9440344297281802,0.9282436162906025,0.8962043077275961,0.968790003063734,0.8485036032760529,0.9269599282969823,0.9701340346906152,0.9741375700777086,0.6761919577330215,0.9994802933865738,0.9083158055901508,0.6803586103521163,0.9728023336157612,0.9245757305468909,0.8816232583814045,0.9823284446291873,0.813351926723534,0.8349861988384184,0.6913480334868627,0.973631689189816,0.9495566291700086,0.6629994425135535,0.9145082620913982,0.9553544531823626,0.9296271327573984,0.9245757305468909,0.9319883865480127,0.9933311393669255,0.9769774650784688,0.799811331765348,0.8862566036435153,0.9224059250470902,0.9696475261641204,0.9580208560063581,0.9113677351409673,0.9045915878042654,0.9445567768963543,0.9521349754676036,0.9870507114706768,0.827457404342517,0.9931344261826374,0.9615726344798461,0.43060027479386176,0.7578795590741569,0.8858953460095532,0.9931344261826375,0.962306653551736,0.9024440319654483,0.9154121164663434,0.9281978840490721,0.9687692906874852,0.7685015054143794,0.8564068841250706,0.889141693004404,0.9031500186711455,0.9719564686191084,0.8739376826205691,0.8588697980581416,0.8189670055279795,0.9258521133444847,0.9688816820998116,0.8274702902803872,0.9931344261826376,0.9045514955718472,0.7597683027729919,0.84491653965526,0.9519630836665909,0.799811331765348,0.9845970399669175,0.914508262091398,0.9777417615991821,0.9572757083961587,0.8373787539839572,0.6728381673520458,0.827046629089009,0.8416529682133564,0.9840722722855646,0.9619444955118872,0.8584120606494152,0.9053437280773231,0.9017190217704449,0.8982865568169254,0.9257654800933683,0.6826120154129749,0.9728647695971406,0.9469978661777081,0.6773411140148375,0.8381441795736673,0.8407149013528634,0.8860559971227138,0.7666396049822788,0.9378040766465512,0.9190156345805746,0.9035982276212493,0.9298899782140256,0.8459770917681,0.8941188719993176,0.9193786499160461,0.9830487856961238,0.981819680184041,0.8392147722529926,0.962987398747789,0.9035414781343349,0.9083158055901508,0.9113677351409675,0.9787821535244001,0.8672336638266782,0.9150964997680406,0.9378032212692564,0.9053437280773229,0.9083158055901508,0.978667972523344,0.8935756649546907,0.9281978840490723,0.9083158055901508,0.8983662867418167,0.925860807772374,0.8596859071816754,0.8184308613679432,0.7123663319215849,0.42803444199914253,0.9083158055901508,0.7590635423320593,0.9083158055901508,0.8119544893204793,0.9285958677134034,0.9213022536659782,0.9083158055901508,0.8046148170135234,0.9083158055901508,0.8981489237007407,0.8816232583814045,0.8757298482658951,0.9166942957837011,0.6554345152984604,0.9505717463747272,0.9024440319654483,0.9492333450312933,0.8888323772351054,0.56026695222767,0.8682904357199486,0.9349511714520622,0.9177477332861093,0.8183996995703312,0.9106063345748624,0.8243737901066757,0.9290782981599541,0.925860807772374,0.8470383046866865,0.8996102754967261,0.7783879728304403,0.9024440319654483,0.9083158055901508,0.7712691382608617,0.9083158055901508,0.9226729882856322,0.847038304686687,0.9931344261826375,0.9822288465473384,0.933258781348309,0.9113677351409673,0.9210441349308691,0.9530102635619484,0.8808259630862911,0.9348082077122006,0.920932255086408,0.914508262091398,0.7282356085631758,0.8489724744991858,0.9964218711390109,0.9053437280773231,0.939984527637433,0.9133935462807757,0.9319883865480127,0.9386806283302352,0.9567865266555627,0.973631689189816,0.8266981658679113,0.7975957101182445,0.9177477332861093,0.9696129779620182,0.9126941014418188,0.8466939562162175,0.9245757305468909,0.9428234509301923,0.8969252786361199,0.47532763804535294,0.9167848454135985,0.9245757305468909,0.9849085216508587,0.9818872119244557,0.9862901718146118,0.885683085458836,0.6332319625110678,0.914508262091398,0.9292911851093033,0.896996012974645,0.9787821535244001,0.9575139843524121,0.914508262091398,0.9106887506880552,0.9788461913526096,0.9151095785856409,0.8141457955965565,0.9431083610157585,0.9409049655302271,0.7374009961013609,0.6477717584440755,0.7893103749153748,0.9406130927449241,0.9177477332861093,0.9398167694815027,0.8603645741846176,0.7414459598204886,0.9657791214744027,0.9649412160698488,0.8743899475779474,0.9882828428868551,0.9104544847053618,0.870179329147666,0.9059142435242502,0.9394801699510873,0.7848707820741707,0.7178329613588004,0.8503564113953352,0.9281978840490723,0.8206850703583954,0.758849179884876,0.8881956427719931,0.9564745711255596,0.9083158055901508,0.9177477332861093,0.8481595002027027,0.6571016191110699,0.9245757305468909,0.921098539831031,0.9770171254655827,0.9083158055901508,0.8862566036435151,0.9245757305468909,0.9319883865480125,0.9901577965571702,0.8197996481818448,0.5718448028139645,0.9177477332861093,0.9888957783684547,0.8415020448862598,0.9863870935211654,0.8968368576541013,0.8643802658971979,0.9575139843524121,0.9621027001397893,0.8647326668515037,0.9296271327573982,0.939649744780787,0.7486946765355635,0.9406994085059985,0.8478365990461223,0.9628634284931812,0.9143370995839922,0.9053437280773231,0.8856890674252307,0.7569646138955325,0.9845970399669175,0.9519976958677863,0.866350672699712,0.9083158055901508,0.9415174036846675,0.9050215524046132,0.5674644769149516,0.9587156021980769,0.9201010496971589,0.832084990506059,0.9083158055901508,0.9083158055901508,0.8739376826205689,0.9702306316957805,0.7921284930721227,0.9083158055901508,0.9787649061336618,0.44599337845963327,0.6613794747783617,0.814453867939958,0.9155420671142889,0.8091944624316296,0.6244561043097878,0.9569109769301656,0.8329361359280749,0.8901669133928491,0.9083158055901508,0.9323698749923484,0.619728522130627,0.8911611807547168,0.9133733791094716,0.9763993056378171,0.8559340534958,0.914508262091398,0.9798691623317166,0.9083158055901508,0.8958114547929177,0.9992482359421453,0.8805015182676008,0.6946257181613393,0.9113677351409673,0.8358088965637847,0.8968368576541008,0.9083158055901508,0.8232213943578384,0.9446823772268964,0.9083158055901508,0.9950903665012976,0.9078624684169008,0.8061991670641965,0.8743899475779474,0.9398167694815027,0.9083158055901508,0.6017058626446353,0.7399891659895363,0.9210985398310307,0.890657968187352,0.8743899475779475,0.8816232583814045,0.8345070422535215,0.8232213943578387,0.914508262091398,0.7911048449964686,0.7950607243576511,0.985254909180629,0.9611064644999887,0.7810602423946824,0.9068979660744425,0.981989217925332,0.9177477332861093,0.8126228085797406,0.9083158055901508,0.9788461913526096,0.9167848454135985,0.9970202144616014,0.7958163671501294,0.9880628110646263,0.9024440319654485,0.8280087432224894,0.994594060441222,0.9024440319654485,0.9956958720067637,0.9083158055901508,0.8928315634521965,0.8648066970872272,0.7180963955230613,0.9305571523023597,0.9983143621030959,0.9281978840490723,0.9283398242102773,0.8837215992432155,0.8152691408413535,0.9750104233747737,0.6166989171896211,0.9175251818498114,0.8757298482658951,0.8625370763181521,0.9103859581885778,0.8888323772351052,0.9908737607788658,0.8274574043425169,0.9835942424847571,0.6932816589261375,0.9425504030866845,0.9455693733429784,0.8881595054994069,0.9348082077122009,0.9224059250470904,0.9222900298332155,0.8664750093545373,0.9782394432375303,0.8399160496162795,0.8231872246390277,0.7342170454200463,0.8021170361148292,0.9777417615991821,0.9492333450312933,0.8690426010936741,0.8914519915852104,0.9019908141929337,0.9133969850867747,0.7851233475801049,0.9033982491498509,0.914508262091398,0.7412337787605052,0.9649929152965547,0.9070492733182631,0.972320882642441,0.9245757305468909,0.759176311789455,0.871249987131727,0.9862901718146116,0.8852767482377207,0.9740313254644386,0.9368208004805827,0.9485755059170108,0.9245757305468909,0.9801868897476822,0.8499181663612341,0.8225087003684657,0.983769825715386,0.9378040766465512,0.9484603297399954,0.8816232583814045,0.8996102754967263,0.9899031134783991,0.9083158055901508,0.9210985398310312,0.9083158055901508,0.9083158055901508,0.9741375700777086,0.8837215992432157,0.6034728408565795,0.9083158055901508,0.9017766627606243,0.9626652625865704,0.9258608077723746,0.8120431346100778,0.9323698749923484,0.9646221316100156,0.8859203039436847,0.8243737901066759,0.9772907428593145,0.8968368576541008,0.8596859071816754,0.9399845276374332,0.8781745275078818,0.8762986033610899,0.9498073057572887,0.7020178043990614,0.9215301630028531,0.8685416033576956,0.9208948478290582,0.939984527637433,0.7776854266788074,0.9145082620913982,0.7111129081772386,0.9228716770826351,0.9420088236891968,0.9492333450312931,0.9743009386110008,0.8623579941942756,0.9035414781343347,0.8869872904985119,0.8556831783106491,0.9575139843524121,0.8888323772351057,0.9113677351409675,0.9990572434021596,0.9715015646782541,0.7572878907549188,0.9931344261826377,0.6840893528735476,0.8996102754967266,0.8094842069545258,0.8265869479807616,0.983769825715386,0.8911611807547166,0.9280597631564667,0.9319883865480125,0.8953470828942027,0.9611179525114085,0.8243737901066757,0.9354388266612391,0.8388532239846523,0.9307859954902566,0.9806335670636805,0.9083158055901508,0.9177477332861093,0.9022846708766046,0.9083158055901508,0.7852285773347094,0.9228716770826351,0.9024440319654483,0.9254936292469189,0.7997337188423193,0.9164774721372544,0.9446823772268964,0.9281978840490726,0.8686426192244168,0.9609479118662461,0.9844367554917206,0.9406130927449243,0.9941833547400715,0.9104119767804297,0.9427683537514798,0.6361895793263717,0.9110063916888091,0.8879882507776995,0.9903903111198247,0.987555665680695,0.8806481140766083,0.9838152148288897,0.9015460154075938,0.8646249603464982,0.9281978840490723,0.5797141170090163,0.9529808977910947,0.8554232120265197,0.8901976887409979,0.9405815922348739,0.9053437280773231,0.9450738241165639,0.9746302830597705,0.8551336555077049,0.906356356571097,0.9994802933865736,0.6654260492476758,0.9288394934873136,0.878763092687959,0.987592599059097,0.9620321455517258,0.8801055866419674,0.8164233562706869,0.8914519915852099,0.9053437280773229,0.9177477332861093,0.9852078760340832,0.9083158055901508,0.8534965853888816,0.790649857293692,0.8619556021777361,0.9380906561355631,0.9083158055901508,0.8529098392719738,0.8526924574568603,0.8039903929722132,0.6332319625110681,0.8503564113953352,0.871249987131727,0.8484502072227791,0.7277378510257839,0.9286461262885566,0.609011640376579,0.9935827975654306,0.8689070539816166,0.9210985398310312,0.8481595002027027,0.5857443104837649,0.9575139843524121,0.6274783414087304,0.9319883865480125,0.8989377839005215,0.9024440319654481,0.9319883865480127,0.8941188719993172,0.9776841152305459,0.9083158055901506,0.8061991670641966,0.9403888230317505,0.9245757305468909,0.9083158055901508,0.7367353244420622,0.9283237840174419,0.9921935862254709,0.9053437280773231,0.9177477332861093,0.8996102754967263,0.9053437280773231,0.9053437280773231,0.8534965853888816,0.9083158055901508,0.8996102754967261,0.8324605212725527,0.9083158055901508,0.9257410736322061,0.8885576734305104,0.7374009961013603,0.914508262091398,0.9862901718146118,0.9113677351409675,0.9053437280773231,0.8983471539152486,0.9357469775526388,0.9197431633925509,0.9151196997776567,0.9083158055901508,0.5775866334212226,0.914508262091398,0.9133969850867747,0.9923348610738467,0.7439316751573277,0.9245757305468909,0.9113677351409673,0.9196334336027321,0.9258608077723747,0.8862566036435153,0.9083158055901508,0.9164941860562507,0.8856890674252307,0.7886892514499493,0.8554232120265195,0.9348082077122006,0.9728647695971406,0.5750136842564302,0.9145082620913982,0.9553673640446827,0.9727910975292542,0.9083158055901508,0.9302614904222952,0.935020521068928,0.9281978840490723,0.8547970995427475,0.9740313254644388,0.9348082077122007,0.995523058941384,0.9024440319654485,0.9353305360532229,0.9231460202601305,0.9083158055901508,0.9083158055901508,0.94893401761698,0.8538464854245171,0.9195166304907842,0.8595990424881796,0.9804958533698627,0.8390804551348905,0.8577071180623881,0.9349575987129739,0.5520253283008967,0.9853671245882221,0.9083158055901508,0.8438084733824514,0.9177477332861093,0.9319883865480127,0.8358088965637847,0.9245757305468909,0.8936272705252266,0.9083158055901508,0.9083158055901508,0.9381822261488084,0.9706171664191838,0.9355842737735163,0.9228716770826353,0.8754277320114354,0.8881595054994069,0.9286461262885566,0.9811725800715083,0.791894157247919,0.9124307419990596,0.9083158055901508,0.6800266767991883,0.8831596910533597,0.9529808977910947,0.8822681132521099,0.989521999562268,0.9695349615054935,0.8638876671162128,0.6654260492476759,0.5060479877572506,0.8997585764240881,0.9083158055901508,0.9916664816002518,0.8802022484215313,0.8881595054994069,0.7039988103155685,0.7964123328449153,0.8941188719993174,0.8573880290030096,0.7329619353358667,0.9674041840082097,0.9019928540438709,0.9373502518199313,0.9368208004805822,0.9787649061336618,0.9991496219858823,0.9059355222609429,0.9617948925612483,0.9177477332861093,0.9053437280773231,0.9986383911643696,0.931868237520197,0.8902200183610214,0.9968923552496207,0.9083531449937756,0.8733124723819161,0.9615726344798463,0.9319883865480125,0.7474834281648348,0.9520327067645514,0.9263307834074883,0.9706171664191838,0.9787649061336618,0.7707746242895918,0.9750104233747736,0.8329361359280749,0.9331634535227105,0.9053437280773229,0.8872364679812882,0.8085828971848574,0.9113677351409675,0.8638675080389662,0.8513275026111493,0.9980612036265831,0.9928321264349285,0.9083158055901508,0.751615019422269,0.9486714815870392,0.9676008674591128,0.9281978840490721,0.8787630926879586,0.8812245968305716,0.8213001781324363,0.9083158055901508,0.8397532474968263,0.8778432347072299,0.893568685376002,0.9471182834230429,0.7409033370260147,0.8913442487605419,0.9177477332861093,0.963809880176008,0.9452987151982357,0.9478586274551208,0.9205117192012489,0.9819892179253322,0.9138857769216036,0.9852078760340832,0.9524990362865899,0.9486714815870392,0.9549428146469845,0.881151813769208,0.9799383126779917,0.8481595002027031,0.8673756750128281,0.9083158055901508,0.9053437280773231,0.9903739465696544,0.7852285773347096,0.8580268318889415,0.8911611807547168,0.9182633984359738,0.9083158055901508,0.9131131116566147,0.7586624832483598,0.888260328944944,0.9083158055901508,0.8943742600797877,0.9941833547400716,0.9245757305468909,0.9164774721372544,0.9053437280773231,0.871498204325998,0.7815185706860064,0.814453867939958,0.8715698060206922,0.0,0.8837215992432155,0.8620784979369861,0.9083158055901508,0.9286461262885564,0.9083158055901508,0.9728647695971406,0.7757275434022871,0.9403888230317503,0.9319883865480127,0.9547829507662418,0.9903474748598731,0.8283982939872365,0.5769369379764815,0.9083158055901508,0.9413638594727951,0.9435658987182343,0.7680152925202064,0.4420034632463967,0.8470383046866878,0.8148987451201308,0.8646249603464984,0.9478889777769317,0.849175025655186,0.9852297034045827,0.8661011584918362,0.849175025655186,0.9428545974512956,0.9177477332861093,0.9431083610157585,0.849175025655186,0.9319883865480127,0.5326846675361334,0.9945940604412222,0.7569646138955326,0.9053437280773229,0.9950903665012976,0.8292239088635946,0.8268811643733736,0.9521349754676034,0.854231417604473,0.8709209091456902,0.9045514955718468,0.8985910278275197,0.9909502767776959,0.7834128162750009,0.860112816677651,0.6819712172619102,0.8300452383782697,0.8917046186180491,0.8841024872640102,0.9729932526230418,0.9113677351409673,0.9994802933865737,0.9179970627469053,0.7420620600363319,0.8692294415124868,0.9286461262885566,0.9453648126195074,0.9177477332861093,0.9210985398310312,0.9549728825771076,0.9254936292469194,0.8462756921749254,0.9587156021980772,0.8753606985008374,0.9043938642775051,0.9863870935211654,0.8908683220551614,0.9302614904222952,0.9601573538290307,0.8273449341864717,0.8428089760931938,0.8985144317310537,0.8597186035274442,0.7084563067515394,0.929291185109303,0.919417513454962,0.8763348124829182,0.6166528997131424,0.8962043077275963,0.9114127741424323,0.9093713197759918,0.8437293721109922,0.8914519915852102,0.9223993303272993,0.9378040766465512,0.9987192846257901,0.8926126756485708,0.5264173485154181,0.9529808977910947,0.96798027195426,0.869229441512487,0.9575139843524123,0.791104844996469,0.8313822188678053,0.8818470229776885,0.7922034817987437,0.9067106641371717,0.9955777212451551,0.9455693733429784,0.8188405584529165,0.9575139843524121,0.9382726927370617,0.881224596830571,0.9210985398310312,0.9182575366500196,0.973631689189816,0.9529808977910947,0.9281978840490721,0.9216850020808507,0.9245757305468909,0.9726918441814315,0.9210985398310312
p330_V,0.8316647136877664,0.792972039355406,0.8441847483274523,0.9495645679265194,0.9888877218166614,0.9774873843362967,0.8764174889236305,0.8792630957282715,0.8780124908814333,0.9495505106234361,0.9385697293810191,0.9334927596276981,0.9334927596276981,0.7636611379006616,0.9866968667809444,0.8906528429153151,0.9722312205307764,0.7992853962347816,0.9470055188469617,0.8500641175728523,0.7420276282649605,0.9218915803605507,0.9086274509803922,0.9377253379624282,0.9200817943852442,0.913110561140599,0.978616554847229,0.929104460779949,0.9168592415074223,0.9894302504431036,0.9812071873217107,0.9422080421889416,0.9275156757582279,0.8970640020677767,0.9888877218166612,0.9470055188469617,0.9377253379624282,0.9285304562976125,0.9522137875062906,0.7246274008827152,0.851153796957036,0.9148167155454527,0.9774873843362967,0.8895546908938257,0.7756223220427978,0.8486471396999457,0.9399319300513143,0.9047408499968017,0.9114262935403585,0.8920802319381609,0.9422080421889416,0.670767405887611,0.913110561140599,0.9725096342470556,0.9275156757582277,0.6919896057897748,0.9097625798212232,0.9355809960386172,0.9687758626441423,0.9677078677803637,0.9130470727423967,0.8573303744450154,0.9131105611405987,0.9125853346219001,0.944562380594602,0.8716799918409444,0.9400741852851489,0.8173115982101795,0.9259955400530164,0.7978501428016828,0.9529593969520151,0.7246274008827147,0.9355809960386168,0.851178463389735,0.9355809960386172,0.8878995104905509,0.966854861926912,0.5254754265052999,0.8465534160888446,0.907188556178884,0.9696315366465988,0.9165462137008822,0.9387522715750395,0.913110561140599,0.9355809960386172,0.7143687646059256,0.9881818565067269,0.9832503610538774,0.8951849796577995,0.9334927596276981,0.9355809960386172,0.8148808572458537,0.7852757351006462,0.9164468542563295,0.9451809453601023,0.9356837142274774,0.7635878947249123,0.8851054684866393,0.8419141739819647,0.9340095300329534,0.9495873612601233,0.9967391619170713,0.935580996038617,0.9518183322983453,0.8889414116790578,0.9470055188469617,0.9228958077156839,0.8579287530657447,0.9200817943852444,0.8542560104774404,0.8597107656371843,0.7510124144758195,0.8478585776896561,0.8851672469450578,0.9399319300513143,0.8396036498150903,0.9336830351939283,0.9470055188469617,0.9774873843362966,0.9214079633356158,0.9235615721162849,0.8057570438652034,0.7713007349324419,0.9430450953185583,0.7992853962347821,0.9192491879637938,0.9377253379624282,0.9008184272841167,0.9852901633058908,0.8925262950745887,0.918751210601541,0.662417446888383,0.58692086770742,0.9522137875062904,0.9294643302252343,0.9263372087078325,0.9289494109520753,0.9422080421889416,0.9422080421889416,0.9314553797224703,0.9936490952329287,0.9495505106234361,0.8480964700748994,0.6840046331108249,0.7992587643536319,0.9199796380611351,0.9526048267509271,0.8727002842503788,0.9114262935403588,0.7623326258129257,0.8500641175728525,0.9452410536397868,0.9811221984817184,0.9567143747412898,0.9400741852851489,0.9518647719377953,0.9266247878086926,0.9715654552974826,0.9955712672694002,0.9678541586678326,0.940429921043928,0.8896463743514135,0.7009786641682363,0.8183613504774261,0.8881121238391148,0.9641813269710355,0.9264261500368134,0.8818695657894682,0.7066187054453236,0.9018323002478255,0.8380225099110051,0.9852901633058908,0.9097625798212232,0.9456844746310795,0.8347540142725383,0.9545357253183209,0.9470055188469617,0.8624569788734151,0.9562611207259676,0.9732643771185288,0.876179494116341,0.9162667259410235,0.9309382944231763,0.9334927596276981,0.8721997866493552,0.8597981632083396,0.8453437407159923,0.9375514328635435,0.9256059689675475,0.7954303101906238,0.9314553797224698,0.9413503191453481,0.7552957205463097,0.7792297235115406,0.880853091845007,0.9355809960386172,0.9377253379624282,0.9818737559710531,0.8737979857661253,0.7523393528349526,0.8920802319381613,0.9629124330159167,0.9355809960386172,0.8514108811947088,0.8021516060453175,0.9495505106234361,0.9355809960386172,0.9560688022480139,0.9272324378358678,0.8844608451681757,0.8691996695255613,0.8332268569828207,0.9334927596276981,0.9355809960386172,0.8677031490372051,0.9355809960386172,0.8542495609307978,0.7694578498220603,0.7283277318004973,0.9355809960386172,0.9776415955422071,0.9355809960386172,0.9102845385986733,0.8822836759018076,0.7201268773091868,0.9138316707351936,0.9967391619170713,0.8012945764591586,0.9314553797224703,0.9183006535947711,0.921891580360551,0.9903709845654333,0.8972073354079886,0.8518805166596329,0.7634975264962843,0.8724042835510757,0.8905408702359405,0.9394399552106527,0.5550101147616109,0.9272324378358678,0.9272324378358678,0.9294643302252339,0.8057570438652037,0.9314553797224703,0.9355809960386172,0.9080208724124175,0.9355809960386172,0.9402414410825992,0.8298245628351781,0.9989330715481036,0.9081181966045127,0.778425489118401,0.9377253379624282,0.9253852640835396,0.9917417854198085,0.8114883710619581,0.9385697293810191,0.849602981778723,0.9399319300513143,0.8967571710011214,0.9233512382374084,0.8757834749046436,0.9334927596276981,0.9942714459947757,0.9083362113140592,0.9522137875062906,0.9482652342262795,0.9799852931294406,0.9565880742927937,0.9154258444847003,0.8084934433165107,0.9422080421889416,0.8819707287307355,0.9039195430268582,0.8328000260887206,0.9470055188469617,0.8542560104774404,0.8910355038772133,0.9165462137008822,0.8130310621932633,0.9470055188469617,0.8643689826971861,0.9040161556168071,0.9942714459947757,0.8545241002221379,0.8380225099110048,0.9967391619170713,0.7801503791531786,0.824715741851088,0.9314553797224703,0.6624174468883834,0.9464536062171708,0.7492460136853647,0.9254223119773605,0.9746256709163177,0.8662087230280737,0.8623542432319448,0.900227987274776,0.9892083965651993,0.9044988266272493,0.8459428360750237,0.9172894915317802,0.9422080421889418,0.8183613504774259,0.9320068308827978,0.8328391424856558,0.8863813144724596,0.8940275945888627,0.9077746072552331,0.9512709708775549,0.9096085494164836,0.938604829544127,0.9192491879637937,0.9114979526826716,0.8675975537210803,0.9836543654419934,0.909681405013391,0.9495505106234363,0.9329290708210041,0.9272324378358678,0.6190548235612126,0.9399319300513138,0.9355809960386172,0.9422080421889416,0.9394399552106527,0.7992853962347819,0.9470055188469617,0.9942714459947758,0.8593176256595308,0.9355809960386172,0.9917417854198085,0.9470055188469617,0.6259932435492326,0.9533382524210396,0.823006443777953,0.9165462137008822,0.9422080421889418,0.860402838722307,0.6946692109264088,0.9200817943852444,0.9275156757582279,0.7162160900915513,0.9967391619170713,0.9687941395742317,0.7506937335574488,0.9725096342470556,0.8866210237012304,0.9522137875062904,0.7713660646286655,0.8518805166596328,0.8328000260887207,0.9786165548472288,0.9334927596276981,0.989682131878626,0.7774584441818317,0.824715741851088,0.8262947097973379,0.7616421395616855,0.9355809960386172,0.914804496369449,0.9310028073541698,0.7385533156176277,0.8955399645501798,0.9836543654419933,0.8528224833278106,0.9355809960386172,0.9355809960386172,0.9114262935403585,0.9413503191453483,0.8479922898330876,0.9355809960386172,0.9495505106234363,0.935580996038617,0.9017126880527936,0.8578301230138875,0.8479953711128707,0.957805552405294,0.9032901911357234,0.6734388855421983,0.7830716519809433,0.8262247237819462,0.9355809960386172,0.9012886805028635,0.8253574758824462,0.8310850899399089,0.8116375744019826,0.8330902475248304,0.9665301561490598,0.6056102150226259,0.8103201710923738,0.9355809960386172,0.7511495322647913,0.9225442716453336,0.8976368706054967,0.7874624835644892,0.9377253379624282,0.9044070319187589,0.7365919657053976,0.9355809960386172,0.8983273721288976,0.867747642487907,0.9355809960386172,0.9786100658041363,0.946501852536384,0.8596910176870523,0.7678512841145854,0.8183613504774261,0.9355809960386172,0.9031239469228095,0.8677031490372051,0.8719390991735312,0.9364347145752201,0.9077746072552331,0.9796939340930619,0.9164774721372546,0.590401960283352,0.9399319300513143,0.9625024121535213,0.8844608451681757,0.7355555555555555,0.8632253863236761,0.891822551938946,0.9256675586814443,0.96156862745098,0.9422080421889416,0.9131105611405985,0.9355809960386172,0.9254223119773606,0.8751970566277452,0.9256364643729031,0.9844690963672101,0.9741545378835919,0.9314553797224703,0.9976363638661775,0.9926931063209248,0.9314553797224703,0.7549722614362551,0.9888877218166614,0.9805867004734364,0.8515150466921431,0.8686361960629084,0.9470055188469617,0.8297395304068909,0.9168592415074229,0.925605968967548,0.9518954248366015,0.9988860933623885,0.921891580360551,0.9495505106234361,0.8394379905278989,0.929104460779949,0.9799919051829569,0.9148167155454527,0.9218915803605507,0.8406264652017018,0.939931930051314,0.851880516659633,0.9645515900483717,0.9255097068979281,0.8284703715451968,0.9031200523835077,0.9696315366465988,0.9048830033154058,0.8397712046798791,0.7801688164371341,0.7693727096853233,0.9294643302252341,0.9562302410510661,0.9638362521438677,0.9388933740579655,0.9165462137008822,0.9951633986928105,0.7637266391808442,0.9237321696604079,0.9141680583790839,0.9165462137008822,0.8925262950745887,0.9863381100586119,0.9464536062171709,0.8038126664077954,0.8493417193842445,0.962608664233859,0.8724042835510757,0.9892083965651993,0.993681339346711,0.9799919051829569,0.9445623805946022,0.8955112082646184,0.978616554847229,0.9722312205307764,0.9400741852851489,0.9470055188469617,0.6753339846499178,0.7251809805428415,0.8383902593265006,0.9334927596276981,0.9334927596276981,0.8465534160888444,0.9553658937794354,0.9294643302252339,0.8435690365285478,0.9355809960386172,0.944562380594602,0.9355809960386172,0.9355809960386172,0.8403638899082269,0.9183006535947715,0.9687941395742314,0.9355809960386172,0.8278701298240869,0.8665473250740783,0.9272324378358678,0.8881963720527788,0.8181501391452242,0.8762909457332801,0.9319740243268226,0.8766017896141824,0.8696220487395172,0.9275156757582275,0.9732643771185285,0.9445623805946022,0.962608664233859,0.8556691134294778,0.9432904752777433,0.9043065366688321,0.9275156757582277,0.9314553797224701,0.975588616540209,0.9445623805946022,0.8911494118055574,0.9399319300513143,0.8477162361577915,0.9218915803605507,0.9983594330401346,0.7788235294117642,0.8819707287307355,0.9786100658041363,0.9774350345371767,0.9183006535947711,0.9348849767198617,0.9399319300513138,0.966854861926912,0.9926931063209248,0.9028659348848305,0.8691996695255617,0.9124228913250299,0.9422080421889416,0.9955712672694002,0.9294643302252341,0.9031239469228098,0.9083389247768066,0.9111150293377238,0.7853502553960312,0.8226854885101816,0.9522137875062904,0.7375635703669872,0.8788731096879012,0.8766017896141824,0.7876708427409358,0.8532920118076439,0.8822836759018076,0.9822443780558803,0.9355809960386172,0.9422080421889416,0.9291044607799492,0.9355809960386168,0.9199275134470047,0.921891580360551,0.9677078677803638,0.9838698730483884,0.8567545131915136,0.8653594771241828,0.8215465550615186,0.9495505106234363,0.7797453682545785,0.9237321696604077,0.9349395501314133,0.9314553797224703,0.9275156757582277,0.8685202841019506,0.8298245628351781,0.9590434494932021,0.9579128830880594,0.8755346121234233,0.7759324340814466,0.8782341305473456,0.9687941395742314,0.8335041150813929,0.6894580086727331,0.9048830033154058,0.9495505106234363,0.9200817943852442,0.9926931063209248,0.841949412560089,0.9708590380088877,0.8641397759307603,0.9334927596276981,0.799003255970872,0.7162160900915512,0.9522137875062904,0.8740655253631298,0.9967391619170713,0.7852944502139063,0.999258193162122,0.9148167155454521,0.9063742447456442,0.9430450953185583,0.964170004482718,0.8710156683413517,0.9237321696604077,0.9334927596276981,0.9422080421889416,0.9522137875062904,0.9355809960386172,0.8970640020677767,0.8330115757644532,0.8478585776896561,0.847407218171798,0.9355809960386172,0.9359681737876102,0.7509836599023334,0.9130470727423969,0.9017126880527935,0.8369672819309513,0.8148808572458537,0.8770085425434324,0.9738521110461488,0.817184850534397,0.9452410536397868,0.8850779292517614,0.8764625255717526,0.944562380594602,0.8092073824034667,0.9097625798212232,0.8896463743514134,0.9966447233584261,0.5556944153918177,0.9473606184418113,0.9172894915317803,0.6962920717066454,0.7460683740758988,0.9894121426990234,0.9578055524052941,0.932675208067753,0.8933669999701505,0.9892083965651993,0.935580996038617,0.9881818565067271,0.7749133993724279,0.8183613504774261,0.9334927596276981,0.9400741852851489,0.9294643302252339,0.9334927596276981,0.9334927596276981,0.8970640020677765,0.9355809960386172,0.9294643302252339,0.8822836759018077,0.9355809960386172,0.7009786641682365,0.9196654457599789,0.9470055188469617,0.9399319300513143,0.9445623805946022,0.9377253379624282,0.9334927596276981,0.9598700801213002,0.8453437407159925,0.9615686274509805,0.8468886811656746,0.9355809960386172,0.7605453773969283,0.939931930051314,0.7434758999605561,0.8529786463160287,0.8837215992432155,0.5427058044503268,0.9523391253205786,0.9917417854198086,0.7257061345513406,0.9200817943852444,0.9578055524052941,0.8925262950745887,0.989682131878626,0.9048830033154058,0.9627686837901366,0.9237321696604079,0.9470055188469617,0.9518647719377948,0.9399319300513143,0.8579556355881822,0.9213564111708461,0.9355809960386172,0.9888877218166614,0.8986835600913734,0.9495505106234363,0.8682227680453096,0.9786165548472288,0.846770995408637,0.8952635136069897,0.9314553797224703,0.8496604313977909,0.8412914304809613,0.9355809960386172,0.9355809960386172,0.9940847844961915,0.9049828931722604,0.8720455479999368,0.8531697165055647,0.8773273917878179,0.8144923918281345,0.718685060271293,0.8381857738162461,0.9565880742927937,0.9256364643729031,0.9355809960386172,0.8737979857661256,0.9422080421889416,0.9522137875062906,0.737623216373401,0.9470055188469617,0.8573303744450154,0.9355809960386172,0.9355809960386172,0.8276370905591095,0.8511921008492058,0.8379107984436647,0.988181856506727,0.7264112176941545,0.851153796957036,0.9081181966045129,0.9338358212159397,0.8619387659755595,0.7424755425073737,0.9355809960386172,0.961938580597147,0.8388114172229248,0.9377253379624282,0.9470055188469617,0.9448094215758694,0.918886208160804,0.8798686757794372,0.9664656501581601,0.9377253379624282,0.8479922898330877,0.9355809960386172,0.8511784633897348,0.8955399645501798,0.9031200523835077,0.9454576150612133,0.7291146426404566,0.9725096342470558,0.9113565538271904,0.8597981632083396,0.9942714459947758,0.9827757271470362,0.8767207440595439,0.9294643302252341,0.9495505106234363,0.9867452539316912,0.913110561140599,0.9721663893115968,0.9422080421889416,0.9334927596276981,0.9238056139707789,0.9097625798212232,0.9966447233584261,0.9735951331947632,0.9774873843362968,0.961938580597147,0.9522137875062906,0.9522137875062904,0.8406264652017017,0.9348849767198617,0.8983273721288974,0.9888877218166616,0.9495505106234363,0.9218915803605507,0.9668548619269122,0.9024255136736086,0.9275156757582281,0.9334927596276981,0.9894121426990234,0.9248631419617073,0.9377253379624282,0.9505873750541252,0.89553996455018,0.8230064437779532,0.8167623581129166,0.9355809960386172,0.8441847483274523,0.935580996038617,0.9915514511506925,0.9495505106234361,0.8345551319705016,0.9984593147144779,0.9936820261047687,0.9355809960386172,0.8215465550615186,0.7375635703669872,0.9165462137008822,0.8231330743064178,0.8275185553119262,0.8093116520261687,0.9422080421889416,0.8920317838114342,0.9018323002478252,0.9918970918718579,0.8818338513270871,0.8653594771241833,0.8331319543636541,0.9774873843362968,0.9951633986928106,0.7445786492931167,0.901511249612075,0.9923032503352311,0.8439204822417876,0.8766017896141824,0.7527191745136719,0.9355809960386172,0.9334927596276981,0.8483722207901454,0.9455352361997017,0.8009251763488948,0.7853502553960312,0.7549215864572096,0.9355809960386172,0.8005008379336127,0.9412594590100434,0.6521190798851451,0.9355809960386172,0.8696220487395172,0.7365919657053976,0.9470055188469617,0.9183006535947713,0.9334927596276981,0.6297910975019908,0.9131105611405986,0.8696318695590659,0.9097625798212232,0.8837215992432155,0.0,0.7253890985868932,0.9355809960386172,0.9741545378835921,0.9355809960386172,0.9470055188469617,0.7569333071748658,0.8814621993288603,0.9522137875062906,0.9451809453601021,0.7665243135595918,0.9113565538271904,0.9017126880527935,0.9355809960386172,0.8827375352795923,0.8669395117562482,0.7176457739579819,0.9048830033154058,0.961938580597147,0.9400741852851489,0.9048830033154058,0.9032901911357234,0.8940275945888627,0.9231164764775375,0.8008564419966572,0.8940275945888627,0.689299765890317,0.9422080421889418,0.8906528429153151,0.8940275945888627,0.9522137875062906,0.9131105611405985,0.9926931063209248,0.8906528429153151,0.9334927596276981,0.94095012846993,0.8709676073375174,0.8627763408565619,0.7951184200738992,0.9615686274509805,0.9253852640835396,0.9114262935403585,0.9334927596276981,0.921891580360551,0.9472040798747396,0.9123838819213481,0.9999058090993418,0.8125698569594539,0.8880833554050744,0.8214755447104342,0.8055043576775879,0.9377253379624282,0.9399319300513143,0.8751970566277456,0.8970678842148454,0.9473606184418109,0.777942428697099,0.9047408499968013,0.9422080421889416,0.9445623805946022,0.9204267760329921,0.9064920176718165,0.7522031776191606,0.8955399645501798,0.9430450953185583,0.8881963720527788,0.964170004482718,0.9786100658041366,0.935580996038617,0.9371940582150562,0.9089064260461461,0.8383902593265001,0.9047408499968017,0.9431454734093576,0.9445623805946022,0.9953407916725413,0.9238056139707789,0.913110561140599,0.9786165548472288,0.8226854885101812,0.9645515900483717,0.9170843583448689,0.9838019417336799,0.9237321696604077,0.900227987274776,0.9111150293377237,0.9800376341002324,0.9433877182221796,0.939931930051314,0.9926931063209248,0.8844608451681759,0.9081181966045118,0.6624174468883838,0.932006830882798,0.8524475004841159,0.9613926020445799,0.9314553797224701,0.9818737559710533,0.8588667629410591,0.9559620789221579,0.9348837135964071,0.9399319300513143,0.8721997866493552,0.9559620789221579,0.9445623805946022,0.8936281262041486,0.9598692082125242,0.9926931063209248,0.9495505106234361,0.911256959301092,0.9470055188469617,0.9723448298423202,0.9445623805946022
p331_E,0.639664239839074,0.7620495283202142,0.4372865281618775,0.8655532333005618,0.8702815874708267,0.7985559379258655,0.9648502047784904,0.9904804497142569,0.6458029653447088,0.8535173013518573,0.777210308000298,0.8347439839067272,0.8347439839067272,0.6056590567023221,0.9166564218099733,0.9888293351224868,0.8347994559429096,0.6337152370574655,0.9137901132409877,0.8232442102979091,0.5833110121380047,0.7190849004509697,0.8184489484642801,0.9078499433527252,0.7579266547804187,0.7477120255242755,0.7026549898170109,0.7488855869025097,0.8232442102979087,0.9913450415962053,0.8264206693042826,0.8954942934337513,0.7460425441227827,0.874680145501489,0.8989443341645227,0.8108977844528872,0.7670353703558734,0.6944403845798964,0.861250263367306,0.6483587193679008,0.47863253840763953,0.752665932979472,0.8612502633673058,0.697601660918924,0.914086135618449,0.35658892256058994,0.8078713388853839,0.6335659320191853,0.6266151617573601,0.6173205650869931,0.832198064937085,0.24909491511905513,0.7698039090034989,0.7839930876682057,0.7895380199912547,0.683842459825003,0.8551510676382603,0.8129560940834346,0.8446918533413457,0.7110483124425813,0.6713613315615923,0.711301667081164,0.9686308603165106,0.7924309847617745,0.7663012266098035,0.6958922010239479,0.8196726783312487,0.6050311497461363,0.6178723033549969,0.8451952273822543,0.5988238461651565,0.6483587193679012,0.8129560940834348,0.3872393009178552,0.8129560940834346,0.530689683086427,0.7674379415069906,0.7525304592546813,0.5772498666784371,0.7985559379258659,0.8032322633242259,0.8081521072913191,0.9594627567144671,0.8546340718497012,0.8129560940834346,0.5787140997335851,0.9124970646750548,0.6781036533545803,0.9126901464486541,0.8068927917851014,0.8129560940834346,0.4687996250535824,0.4431555281266515,0.6142313935453738,0.7701004093977089,0.7001171948458795,0.4567758784990207,0.4294466045272044,0.37459609592129706,0.44585332284936374,0.6838424598250019,0.7467814379930319,0.7284399588174315,0.772850127674781,0.963602727231647,0.7766003415235199,0.5212226693434325,0.3154697246681162,0.7679533613871461,0.4338535308406366,0.3802291161421085,0.9104304613258991,0.5258956890519195,0.6403221346902254,0.777326388439208,0.4481481581369653,0.8881488016567642,0.8461277862534455,0.7985559379258649,0.5454943171153595,0.7158869824819192,0.5394744002348715,0.6631026580139314,0.9889033213590953,0.8546340718497016,0.6421728904610084,0.7374794897839276,0.6817290759619282,0.9145952869986396,0.7066058564318314,0.5458195611130889,0.7773263884392072,0.7563764498345815,0.8612502633673054,0.7290838830421909,0.6604849715947143,0.6284405916109077,0.8196726783312488,0.7880245640829149,0.8009771539783097,0.4275813859023976,0.7873288227034383,0.6705307292524509,0.45713777587630644,0.5833110121380043,0.6707982851076653,0.7640801326669819,0.4315464038413399,0.742821667536957,0.2951305299130321,0.8232442102979086,0.6713613315615916,0.7311346759256341,0.8266345830435115,0.9146170210762488,0.7645652251474975,0.7600763364551496,0.6514753550932486,0.7452412778805646,0.6764184770666062,0.9639092745610847,0.8995061902239111,0.7396004853194877,0.29651901098894284,0.5155595367550981,0.5721311259475717,0.654190799695662,0.5446953692190364,0.8138429230825618,0.5489453878695858,0.7655939346089313,0.7196369421472577,0.8664724446651941,0.96672428198237,0.9196101863440072,0.6708898361687806,0.8451952273822539,0.7515864622169397,0.7871576519988497,0.7907910475375913,0.8742300857734957,0.8063966740178907,0.8337374916616032,0.8068927917851014,0.6316609556295067,0.5282794082281201,0.5454943171153595,0.6711558274047005,0.7839930876682064,0.9568091155047099,0.8280868502882599,0.8160850546270644,0.2768464730692711,0.31214718854112133,0.7059824007064401,0.8129560940834346,0.8191823016368878,0.8465967939923351,0.6502037477258584,0.4823149095005841,0.6961033073162528,0.862595176028353,0.8129560940834346,0.36796272271739383,0.4230719720270737,0.8535173013518575,0.8129560940834346,0.6306797911467529,0.7252671672544806,0.6737061432982436,0.5821628501193403,0.5260657756414644,0.7196369421472579,0.8129560940834346,0.5237453324814546,0.8129560940834347,0.6942617895906944,0.4501425111016356,0.43067121903786365,0.8129560940834346,0.7812745368458784,0.8129560940834346,0.6146227270894757,0.9375484896444446,0.553270479082296,0.3656788528215209,0.7773263884392078,0.23122176092085311,0.8009771539783095,0.7486540610562391,0.7973846889888172,0.7400804929759892,0.6423219695609101,0.7781995880633047,0.788024564082915,0.6790663687470532,0.7072359722808068,0.7332196692069244,0.7272316847387303,0.9305415863036159,0.6879445456091828,0.7951960389045736,0.43296234047685467,0.8280868502882601,0.8129560940834346,0.6754946732002334,0.8129560940834346,0.9037927556712453,0.7522161297113557,0.832198064937085,0.7543168814610928,0.1943319961868436,0.819182301636888,0.7020856421458295,0.6631026580139316,0.4748447704422586,0.9006095517283794,0.5027302802311968,0.8255892557605071,0.485736756647426,0.8003255451297386,0.4395468748756466,0.8068927917851014,0.8719227385629409,0.45556609638128587,0.861250263367306,0.7206981925682729,0.7335579641999188,0.8649671348776824,0.9224729485477872,0.5337592694436764,0.832198064937085,0.46874207303000426,0.5133017758636222,0.5883057675908422,0.7766003415235199,0.3955576559172549,0.92372187166386,0.7624510259767646,0.8426936700937936,0.7766003415235199,0.9894834706528739,0.5033860899453448,0.9705889298794652,0.5218523420226087,0.6456427761789743,0.7467814379930318,0.8167685065561054,0.3267951870472383,0.7110483124425815,0.7467814379930318,0.8384162893315594,0.09623009717894804,0.7766003415235208,0.617006103718071,0.4656611062488545,0.402530323403136,0.886432199386733,0.9480875561703543,0.7284399588174314,0.7788200650311458,0.7110483124425828,0.8513207925795823,0.3213195443111987,0.6582819576535388,0.7773263884392076,0.6483587193679015,0.7111642931719588,0.30086553167771424,0.6843489819142907,0.6043632799592777,0.8399258395397251,0.6298365949441447,0.6784751204802069,0.5495071470625961,0.8591595978923791,0.6968875921294164,0.8950749854868496,0.8553374250489062,0.7439284780771289,0.5514630710855565,0.8561342062066823,0.8129560940834346,0.832198064937085,0.9697339322440609,0.65580712053669,0.7766003415235199,0.8390340081240995,0.7753393263905098,0.8129560940834346,0.8527506515469052,0.8461277862534455,0.9119538708281419,0.8269726624442423,0.6124407934478744,0.6481983226903785,0.8638461791854182,0.41206367340877414,0.12366851371197551,0.9475746483133923,0.7895380199912552,0.24127327707664892,0.8255892557605069,0.8168267677622882,0.19365746705238085,0.7839930876682055,0.6887350369808105,0.8363552488932912,0.2229465105784394,0.6046394548457013,0.2685944732294283,0.7026549898170111,0.8068927917851014,0.9542450394064945,0.6459864599928874,0.3019076242966532,0.30630805954653884,0.056151792359862784,0.8129560940834346,0.5290930703096566,0.7157630750834818,0.670097307736794,0.8456686822352353,0.889432688946328,0.4303599417892312,0.8129560940834346,0.8129560940834346,0.7428216675369568,0.7139158010576514,0.47930891876682014,0.8129560940834347,0.8950749854868495,0.7284399588174316,0.8255695138239096,0.4504296450678269,0.38609704419842283,0.785765452204823,0.6125667542370075,0.8157909825630123,0.12883578150270192,0.22389592167125016,0.8129560940834346,0.39450406178530506,0.5909917728128471,0.23904164675690476,0.3104239134923439,0.7543136088766498,0.8135213655926732,0.7467814379930316,0.26143222410531863,0.8129560940834346,0.08950936256811115,0.9871853727250426,0.8915313000367355,0.5388994367296356,0.8191823016368884,0.23817545423763675,0.6944403845798965,0.8129560940834346,0.6498067615665601,0.417261789804533,0.8129560940834346,0.779946725878812,0.7384599628568964,0.3911571119007017,0.07515742209959542,0.2841187443278148,0.8129560940834346,0.8392351440561081,0.6050311497461365,0.8978561483651695,0.8096912670068235,0.5767309989398595,0.675663566574062,0.6623796564082471,0.4769574761902339,0.777326388439208,0.7402685276859235,0.5819056617272442,0.7486540610562397,0.4712855171763932,0.7868537420809256,0.3227784034909661,0.8093116520261692,0.7563764498345815,0.6558071205366901,0.8129560940834346,0.8794926703116209,0.6247641344896706,0.7365457294028714,0.8772718095610745,0.9502768986869877,0.8280868502882601,0.9499483869684262,0.9965175850685624,0.8009771539783097,0.8512498542371472,0.8144281988985189,0.8629289469894542,0.4419699251092172,0.7071250953823431,0.8461277862534455,0.44751842181303836,0.8894326889463282,0.8848725063374459,0.9347737608110149,0.6885128544819867,0.8157909825630119,0.8232442102979086,0.6972347774208948,0.7866068806330611,0.9887657237667034,0.7526659329794723,0.7916144620350022,0.5304931580322334,0.9605960911162627,0.8167685065561054,0.9928648151011861,0.9122542559796549,0.8538531886058738,0.7946763226669964,0.8032322633242261,0.7238228863394929,0.7040466146858888,0.4576151859554576,0.5947338554237692,0.9140861356184489,0.7538686868643412,0.5880581141966668,0.7346095719329164,0.7805381608776913,0.8093116520261692,0.06254079538465507,0.8032322633242261,0.5954776538438331,0.7805381608776913,0.7522161297113554,0.7480384491578582,0.746781437993032,0.9108320244310187,0.5044026531396881,0.7693959443776208,0.6790663687470522,0.8804252291828123,0.7934313511100484,0.7118598557621052,0.8978561483651695,0.9116227695225307,0.7819416694925502,0.7026549898170116,0.8954942934337513,0.8461277862534455,0.6195513026858526,0.13092332016468022,0.5344148334352732,0.7196369421472582,0.719636942147258,0.39999469858106895,0.8851715050303683,0.7951960389045738,0.38564032394850845,0.8129560940834346,0.7991899570486465,0.8129560940834346,0.8129560940834346,0.3451477843760342,0.7627817270874744,0.6239239140921016,0.8129560940834346,0.31069053877373354,0.4154484022559706,0.7066058564318314,0.8439493159872324,0.3945040617853047,0.4468626176923812,0.8092943489517554,0.641706921337786,0.42351443461478366,0.7895380199912547,0.9032073472257438,0.8390340081240995,0.7348312595478845,0.42845012041013586,0.5101976962706742,0.5990317460928946,0.8153390997626973,0.8551965465982105,0.6485017696012214,0.7991899570486459,0.5254705740926342,0.7467814379930323,0.6842836240072008,0.7732081684608059,0.9328907017055411,0.7486540610562391,0.48202051249440636,0.6733154062254254,0.6540507969891676,0.7860466895568214,0.7446009709529273,0.8255892557605067,0.7732081684608065,0.7965912509278188,0.8546418988181095,0.5006236362387277,0.4175741234114826,0.8321980649370848,0.6024450110745382,0.7951960389045745,0.8392351440561079,0.41007675698136326,0.831041710633762,0.2021545759846135,0.6266174226986838,0.836355248893291,0.08632987288550709,0.48714672339781506,0.6417069213377853,0.1725143523646291,0.7190849004509698,0.6582045717027027,0.7759823907517402,0.8129560940834346,0.7563764498345815,0.7866068806330611,0.8416188407771308,0.4783534979169486,0.7973846889888163,0.8551965465982105,0.730631589578616,0.3022317273279539,0.9115087983416684,0.29305137859022445,0.8232442102979092,0.2543325244649538,0.8279121120698423,0.5363314908788686,0.8009771539783097,0.8750479429799932,0.5727306165747312,0.7148935080660581,0.7167499446622103,0.5899841354547026,0.5733682390099202,0.22459176847535833,0.5244315537999009,0.8360529658025057,0.4422653201018314,0.2855855640530842,0.7238228863394935,0.8950749854868495,0.8053386531636616,0.8191823016368889,0.4241569558724292,0.7599640528563534,0.6213785519999646,0.8068927917851014,0.280471324676804,0.1890696611565471,0.8741545598607168,0.6431959802343972,0.9172241070990337,0.7121913909844102,0.7041556540044998,0.7756690190480482,0.7717386899912186,0.6195513026858527,0.8153653597703896,0.9698309237766026,0.7031707617634475,0.8068927917851014,0.7880245640829149,0.9119538708281423,0.8129560940834346,0.7782578492694872,0.39223784503263526,0.4761205635507495,0.5725470208517476,0.8129560940834347,0.6454708691902806,0.2642874563446588,0.6713613315615918,0.9255288125155404,0.48575837931528343,0.563338915728695,0.6071254235836698,0.9749679917107923,0.6970715673853423,0.9131858387002298,0.4900867922785197,0.5567378513734429,0.7663012266098052,0.5135992821010094,0.833737491661603,0.8689612397777352,0.6402482647754639,0.83635524889329,0.7754173257362298,0.7381580087525332,0.8363552488932908,0.6863899643182838,0.8337374916616032,0.757102705511127,0.7835892733200209,0.4119173127049841,0.8461277862534455,0.8129560940834348,0.8457377300448383,0.1840929547017307,0.3089192776500709,0.8068927917851014,0.8513207925795825,0.8480538253549332,0.8068927917851014,0.8068927917851014,0.7011200122838858,0.8129560940834346,0.7951960389045738,0.7454995460594973,0.8129560940834346,0.6710488633476559,0.7916398225476193,0.8461277862534453,0.777326388439208,0.8390340081240995,0.8191823016368882,0.8068927917851014,0.280471324676804,0.5045949838027675,0.7627817270874746,0.4275345169607596,0.8129560940834346,0.5386816642147912,0.8995061902239109,0.7396004853194875,0.3879761826295587,0.5450506008338079,0.8108977844528868,0.7374794897839279,0.7679533613871463,0.9761518595831409,0.9238686491217704,0.8144281988985184,0.8372350321903728,0.7962800646325667,0.9068250949872637,0.692334166334567,0.7772103080002984,0.982384999099721,0.6701022769784419,0.777326388439208,0.783107592413814,0.4707896199832722,0.8129560940834346,0.8717536922859106,0.4452272456083777,0.8535173013518575,0.3269666239590151,0.7026549898170109,0.9252894004739957,0.4549582191947237,0.8280868502882601,0.3415339978904035,0.2930248752171811,0.8129560940834346,0.8129560940834346,0.7574946995253373,0.7762481481963,0.665644165482027,0.5214555993765622,0.48306458449161105,0.3008655316777141,0.26131640089816954,0.3370137379550209,0.640907576770196,0.4363189720332581,0.8129560940834346,0.650203747725858,0.7563764498345815,0.861250263367306,0.1741191811473194,0.7766003415235199,0.3782090470115145,0.8129560940834346,0.8129560940834346,0.25363056134143935,0.7571027055111271,0.3694398857422614,0.6949083799229592,0.3034678935122934,0.4951482461104887,0.7754173257362296,0.908040938681719,0.4290499077174874,0.34839045477451935,0.8129560940834347,0.5469417106622204,0.34089587826055423,0.7965912509278192,0.8461277862534455,0.7808067051310774,0.9712498295266112,0.9936598188242955,0.5787140997335849,0.8487381822088342,0.46563153221907183,0.8129560940834346,0.3745174925131516,0.7884641288420244,0.646034953341355,0.5782269341046378,0.5458661431606687,0.783993087668206,0.667084286916455,0.32628779648621553,0.8390340081240997,0.9680759076637593,0.5342823073287786,0.7951960389045738,0.8232442102979085,0.8545607303628724,0.7477120255242753,0.3987906273620563,0.8638461791854182,0.8068927917851014,0.7176545579814699,0.7808181407585646,0.7895387513566533,0.8680443639728366,0.8990495743347309,0.8641839946472483,0.861250263367306,0.8612502633673054,0.6149625376883545,0.7641110283299366,0.6336357289324259,0.8129560940834348,0.8232442102979085,0.7190849004509697,0.7973846889888165,0.3598691837018867,0.7718436238942259,0.8068927917851014,0.8664724446651941,0.6094920962087766,0.8191823016368875,0.48753590828854665,0.7157630750834816,0.6278942004205426,0.5522161717718461,0.8129560940834346,0.4687996250535823,0.9276070808582184,0.39842202014130645,0.8535173013518573,0.8649671348776815,0.8033887015349694,0.5956583138178326,0.8129560940834346,0.29305137859022445,0.04903338204341645,0.7576876202204148,0.29748885729057606,0.36179568410844776,0.32373393801965056,0.7880245640829149,0.3957424765199624,0.7729401193547014,0.9192848350255264,0.38905272293149973,0.6555942111788517,0.43681804089524845,0.8363552488932912,0.7719190235255865,0.7284399588174313,0.9973744482104433,0.8875378530838496,0.41948583642790416,0.6754946732002338,0.11225693787126878,0.8129560940834348,0.8068927917851014,0.4446274758886508,0.2718164259199517,0.7518650309705024,0.20215457598461306,0.15008815319259527,0.8129560940834346,0.23347979780321548,0.2970149155174767,0.6056590567023223,0.8129560940834346,0.4235144346147839,0.9008490227514356,0.7766003415235199,0.7860466895568217,0.8068927917851014,0.44288913381320605,0.7698039090034989,0.8737739410350915,0.9408053715448897,0.8620784979369861,0.7253890985868932,0.0,0.8129560940834346,0.7965177700113664,0.8129560940834346,0.8461277862534453,0.4948557379013334,0.5740949905027928,0.861250263367306,0.7284947426457355,0.5130553895427792,0.6499172669708793,0.6256509164406482,0.8129560940834346,0.4592934272800515,0.41672526887687145,0.6287580158306819,0.8042273120224742,0.845522683824599,0.8196726783312492,0.9273446515802216,0.7191980738903943,0.7111642931719588,0.6213785519999644,0.18713654932427937,0.7111642931719588,0.6256509164406483,0.7563764498345825,0.41774633193999544,0.7111642931719588,0.861250263367306,0.8546340718497015,0.8191823016368884,0.539474400234871,0.747488134268884,0.7394476245532,0.7167499446622103,0.7906425979913654,0.5656030214848707,0.7860466895568214,0.7020856421458299,0.7645652251474975,0.8347439839067274,0.8215612095168274,0.5693088970786817,0.5856671969639966,0.5074174614720655,0.5406613897252317,0.7112598489397612,0.5098252789334559,0.7353329498100644,0.8487381822088336,0.7773263884392076,0.8052663108533908,0.8160273875472472,0.9653213242124634,0.760372900210754,0.7999440890859211,0.8196726783312482,0.7663012266098045,0.7804924678257779,0.7492975760217226,0.748726227199884,0.8301721818699037,0.8042273120224741,0.6726870368341502,0.78163265397204,0.8001962765416182,0.7284399588174312,0.7477771361294803,0.5093516713656705,0.7355533706282231,0.683479379139206,0.9414335866945218,0.9636336092428521,0.7781995880633046,0.8049561379049952,0.7477120255242755,0.80837056271773,0.7306315895786158,0.9928648151011861,0.7563902529179127,0.9110800833714612,0.6784909130178332,0.7155642811913177,0.8031905185121357,0.9766679353296488,0.9519909166920921,0.7773263884392079,0.7670353703558735,0.6125058222509105,0.7332164371859564,0.8689612397777353,0.9317851921845353,0.5660275607651704,0.9165035606286525,0.7652677050624834,0.7652677050624832,0.4721286162911169,0.9224048105777054,0.4967054061697854,0.9300511406700869,0.49488709015201837,0.648198322690378,0.7991899570486465,0.6372342831851885,0.8655099805666153,0.8261471314997642,0.8535173013518573,0.851885258290753,0.8461277862534455,0.9367928229068454,0.7663012266098052
p331_Y,0.7524297972473161,0.9413411539914585,0.8918007079504506,0.9225015741707872,0.9492063492063487,0.9623211158059548,0.7050163519970581,0.7509151724713103,0.9038142386822647,0.960221152322577,0.9398636845831869,0.9475597985845114,0.9475597985845114,0.9225015741707872,0.9106019687464653,0.5567710364845595,0.944383427890573,0.9314886672615048,0.9582144552981327,0.960221152322577,0.8875255844205965,0.938412400887346,0.935580996038617,0.9508971383859763,0.9369854052620163,0.9314886672615046,0.944383427890573,0.916441965519317,0.960221152322577,0.7739436107925906,0.9250013316406693,0.9544316996038,0.9428469360414609,0.9188361382271659,0.9492063492063489,0.9582144552981327,0.9508971383859763,0.9428469360414602,0.9623211158059548,0.930160641445072,0.8993922310882436,0.932833950574053,0.9623211158059548,0.912915131908919,0.9443834278905732,0.8474513194974065,0.9526370111116405,0.9004911494084333,0.930160641445072,0.8918007079504506,0.9544316996038,0.8495864161552136,0.9314886672615046,0.13408370177867746,0.9428469360414604,0.9288488221297497,0.9288488221297497,0.0,0.7383793872014479,0.9459533477380775,0.9060540201833016,0.831146423199498,0.931488667261505,0.8993922310882436,0.9562880686171875,0.8244397822834253,0.9544316996038,0.6473831763250288,0.7698078233874499,0.9582144552981327,0.92126914699118,0.9301606414450723,0.9492063492063487,0.8266892096935958,0.0,0.8864622842804517,0.938412400887346,0.9398636845831867,0.8233095582802461,0.9623211158059548,0.9398636845831869,0.9341976401680094,0.31108550994831163,0.9314886672615048,0.0,0.9176344520056336,0.938412400887346,0.8046479448175341,0.8939536575643376,0.03139863267861631,0.0,0.8918007079504506,0.831146423199498,0.8548949080074899,0.31108550994831163,0.48955645159511163,0.8896584524348263,0.8875255844205965,0.8198957816506434,0.8187498553347687,0.9288488221297497,0.9526370111116405,0.9492063492063489,0.8580633769736241,0.6072669396673074,0.9582144552981327,0.907182019415572,0.7973204052495684,0.9369854052620166,0.8289245259008584,0.8759110188590657,0.9328339505740528,0.8070467719220202,0.9094556823349389,0.9526370111116405,0.7833099084134079,0.9413411539914585,0.9582144552981327,0.9623211158059548,0.8580633769736241,0.9129151319089193,0.885400876353422,0.9369854052620166,0.9250013316406696,0.931488667261505,0.7554264789789613,0.9508971383859763,0.6339927913026551,0.9475597985845114,0.9152582079543838,0.8727631680356085,0.9526370111116405,0.9544316996038,0.9623211158059548,0.944383427890573,0.8453085223330421,0.879064442044788,0.9544316996038003,0.9544316996038,0.06018876900101988,0.8046479448175343,0.960221152322577,0.8244397822834253,0.8717146038820363,0.8875255844205967,0.9106019687464659,0.892875760974867,0.8420784215528956,0.9301606414450723,0.7583810530554915,0.9602211523225768,0.9060540201833014,0.8559522762859688,0.8811713725919912,0.9544316996038,0.9301606414450725,0.8950345750758599,0.9140827360776209,0.8938851835250172,0.5567710364845593,0.7367566674079002,0.9526370111116407,0.9341976401680094,0.7431708752992887,0.8972062142375332,0.9164419655193166,0.8612222667022558,0.8993922310882436,0.9262700211315917,0.8453085223330423,0.9225015741707872,0.9475597985845114,0.9288488221297495,0.6783615558233287,0.8538362113124116,0.8780124908814328,0.9582144552981327,0.6072669396673073,0.9200475251844384,0.5526275082095409,0.9117550006367756,0.8885909234541711,0.9288488221297497,0.9475597985845114,0.6394614409405057,0.8538362113124116,0.8580633769736241,0.9015943008452869,0.13408370177867734,0.9237454173815312,0.9459533477380775,0.903814238682265,0.8221755430097122,0.7897778653703145,0.9060540201833014,0.0,0.9508971383859763,0.9459533477380777,0.4895564515951115,0.8355526955775656,0.8918007079504506,0.9475597985845114,0.0,0.8685695845092951,0.7897778653703145,0.960221152322577,0.0,0.6951973979147161,0.9152582079543841,0.8864622842804517,0.6447787703816181,0.9049315186013059,0.9475597985845114,0.0,0.6473831763250286,0.0,0.8117838598171898,0.8388272306091986,0.8355526955775657,0.0,0.6339927913026551,0.0,0.7050163519970583,0.9071820194155717,0.9164419655193166,0.8759110188590655,0.9526370111116407,0.7711949776746383,0.06018876900101888,0.935580996038617,0.9384124008873462,0.9060540201833014,0.7554264789789611,0.9188361382271666,0.9544316996038,0.4951319232791844,0.8907283270583697,0.9027019168030599,0.897206214237533,0.9152582079543838,0.9152582079543838,0.944383427890573,0.885400876353422,0.9459533477380777,0.0,0.9027019168030597,0.0,0.7334713952978886,0.9152582079543841,0.9544316996038,0.9275522446953854,0.7711949776746383,0.9508971383859763,0.9140827360776205,0.9369854052620161,0.892875760974867,0.9398636845831869,0.8612222667022562,0.9526370111116405,0.8717146038820363,0.8717146038820349,0.8442340263447974,0.03139863267861631,0.9562880686171873,0.8289245259008584,0.9623211158059548,0.8333555867103808,0.8333555867103808,0.24376003609304187,0.8706662210952574,0.8748612665230131,0.9544316996038003,0.848519788337875,0.7973204052495684,0.7780046509581313,0.9582144552981327,0.8289245259008584,0.9140827360776214,0.9341976401680094,0.9015943008452874,0.9582144552981327,0.8517144868263773,0.8141237078825918,0.9562880686171873,0.8982973238138026,0.9225015741707867,0.9526370111116407,0.9188361382271666,0.8070467719220202,0.9459533477380775,0.9526370111116405,0.9526370111116407,0.7985559379258667,0.9582144552981327,0.7985559379258667,0.6499526646778642,0.885400876353422,0.8442340263447972,0.9582144552981327,0.9492063492063487,0.930160641445072,0.9459533477380777,0.9544316996038003,0.8022278398026612,0.8982973238138026,0.9526370111116405,0.9301606414450723,0.9164419655193172,0.7250134267509765,0.9094556823349389,0.8843412180810755,0.6848496741376313,0.7923174570100686,0.6911250629978627,0.8727631680356077,0.9602211523225768,0.903814238682265,0.9602211523225768,0.9188361382271668,0.9152582079543841,0.9094556823349389,0.9526370111116405,0.0,0.9544316996038,0.9027019168030597,0.931488667261505,0.9582144552981327,0.9562880686171873,0.9475597985845114,0.0,0.9369854052620163,0.9582144552981327,0.9623211158059548,0.9106019687464655,0.823309558280246,0.9341976401680094,0.9544316996038003,0.8333555867103808,0.8289245259008584,0.9369854052620166,0.9428469360414611,0.8409971458279799,0.9526370111116405,0.9188361382271659,0.8117838598171898,0.9413411539914587,0.9106019687464657,0.9623211158059548,0.7655931084723666,0.9188361382271666,0.7780046509581313,0.944383427890573,0.03139863267861631,0.92126914699118,0.885400876353422,0.8070467719220202,0.8082384637825222,0.8187498553347687,0.0,0.8538362113124116,0.9176344520056336,0.9200475251844387,0.9176344520056336,0.9602211523225768,0.8453085223330421,0.0,0.0,0.930160641445072,0.903814238682265,0.8591172857456586,0.0,0.9602211523225768,0.9492063492063489,0.922501574170787,0.8972062142375332,0.7897778653703145,0.9492063492063489,0.9237454173815309,0.938412400887346,0.8322525541058978,0.9634411459729271,0.0,0.8811713725919912,0.9164419655193168,0.7766590274917047,0.9952327064015152,0.9237454173815312,0.8704033497109469,0.9526370111116405,0.7960789049353036,0.0,0.7973204052495684,0.9314886672615053,0.8591172857456586,0.8300371089395653,0.9508971383859763,0.831146423199498,0.9428469360414606,0.0,0.8961186971729789,0.7399891659895361,0.0,0.9237454173815309,0.7948313236856197,0.8420784215528956,0.8152867967569688,0.8022278398026612,0.0,0.7698078233874488,0.8559522762859684,0.9562880686171873,0.6574604645689301,0.7250134267509767,0.907182019415572,0.908315805590151,0.8961186971729789,0.9526370111116405,0.8982973238138026,0.8864622842804517,0.935580996038617,0.8527760996057683,0.8738120195914167,0.8706662210952574,0.21151139151266862,0.9544316996038,0.9314886672615055,0.0,0.9582144552981327,0.9015943008452869,0.8129560940834346,0.9398636845831869,0.9275522446953854,0.06018876900102055,0.7478523304650295,0.9508971383859763,0.06018876900102055,0.9398636845831869,0.9492063492063489,0.9413411539914582,0.879064442044788,0.903814238682265,0.9582144552981327,0.8463809254714867,0.9602211523225768,0.9413411539914582,0.935580996038617,0.801009545737682,0.938412400887346,0.9602211523225768,0.7997856146881548,0.9164419655193166,0.5305546844946969,0.24376003609304187,0.938412400887346,0.9027019168030597,0.9526370111116405,0.9188361382271666,0.8993922310882436,0.8769613888066743,0.9341976401680094,0.8993922310882436,0.9398636845831869,0.9250013316406693,0.6827113291147924,0.7725735218970409,0.9049315186013058,0.9443834278905732,0.8141237078825918,0.8907283270583697,0.9225015741707872,0.9341976401680094,0.21151139151266984,0.8175997772209664,0.9398636845831869,0.8517144868263774,0.9341976401680094,0.9152582079543841,0.7539334992316542,0.9526370111116405,0.8453085223330421,0.7143607147557585,0.9176344520056336,0.8993922310882432,0.9582144552981327,0.7301312695908229,0.8918007079504506,0.9562880686171875,0.9164419655193166,0.944383427890573,0.944383427890573,0.9544316996038003,0.9582144552981327,0.9250013316406696,0.8255663034700989,0.9129151319089186,0.9475597985845114,0.9475597985845114,0.7125274559321444,0.9071820194155717,0.08671734220308636,0.8717146038820361,0.0,0.9562880686171873,0.0,0.0,0.8187498553347687,0.2115113915126693,0.9188361382271664,0.0,0.7334713952978882,0.8377384241745145,0.4006068367505189,0.8527760996057685,0.8811713725919912,0.8058499662916012,0.903814238682265,0.47795836130872293,0.8399134433261015,0.9428469360414604,0.8864622842804515,0.4408515443948542,0.9176344520056336,0.7711949776746385,0.6473831763250284,0.9250013316406696,0.9428469360414602,0.9459533477380775,0.7846176027958278,0.9562880686171873,0.8961186971729789,0.9526370111116405,0.9004911494084331,0.938412400887346,0.9328339505740528,0.935580996038617,0.848519788337875,0.9237454173815312,0.9060540201833016,0.9355809960386168,0.7223272158432528,0.9526370111116405,0.17526171623055564,0.9508971383859763,0.9140827360776205,0.8570084033315839,0.8399134433261015,0.4654487838138114,0.8570084033315841,0.5711669571562623,0.77934241058442,0.8896584524348263,0.9475597985845114,0.7766590274917051,0.9262700211315917,0.9623211158059548,0.8058499662916013,0.8463809254714865,0.7876282222528316,0.8034406041869142,0.938412400887346,0.9071820194155717,0.8822265994777512,0.0,0.9544316996038,0.9164419655193174,0.9492063492063487,0.8612222667022558,0.938412400887346,0.9459533477380777,0.9262700211315917,0.831146423199498,0.9355809960386168,0.8046479448175343,0.9602211523225772,0.7935775465776653,0.9398636845831869,0.8664724446651941,0.06018876900102055,0.9428469360414602,0.7143607147557588,0.9152582079543841,0.9341976401680094,0.7806724477786732,0.880117361849238,0.7318083230664854,0.8633240709217587,0.9188361382271666,0.6991852245234744,0.8612222667022558,0.9250013316406696,0.960221152322577,0.9369854052620166,0.9508971383859763,0.8388272306091986,0.9027019168030597,0.525843532183836,0.03139863267861631,0.7960789049353036,0.8409971458279799,0.9623211158059548,0.8790644420447877,0.9526370111116405,0.9176344520056336,0.9164419655193168,0.932833950574053,0.9015943008452869,0.9250013316406696,0.9369854052620166,0.500567215157067,0.9398636845831867,0.9475597985845112,0.9544316996038,0.9623211158059548,0.0,0.9188361382271668,0.8654234385275936,0.8070467719220202,0.9200475251844384,0.0,0.8832831707913575,0.8244397822834253,0.9060540201833016,0.34458474155865637,0.9038142386822647,0.8918007079504506,0.8811713725919912,0.7859181167692968,0.9275522446953854,0.9060540201833014,0.6598989712921809,0.8907283270583697,0.9562880686171873,0.9027019168030597,0.9288488221297497,0.9526370111116405,0.9152582079543841,0.9623211158059548,0.9275522446953854,0.9459533477380777,0.9623211158059548,0.9413411539914587,0.9288488221297497,0.9492063492063487,0.6783615558233285,0.8843412180810755,0.9582144552981327,0.9492063492063489,0.9384124008873462,0.7806724477786728,0.8022278398026612,0.03139863267861631,0.9544316996038003,0.08671734220308558,0.03139863267861631,0.03139863267861631,0.3741839079094693,0.0,0.944383427890573,0.4527606561376478,0.0,0.9341976401680094,0.535161772248302,0.9582144552981327,0.9526370111116405,0.9562880686171873,0.9508971383859763,0.03139863267861631,0.7960789049353036,0.8580633769736241,0.935580996038617,0.8409971458279799,0.0,0.9071820194155722,0.9526370111116405,0.9341976401680094,0.7935775465776653,0.9083158055901508,0.9582144552981327,0.9508971383859763,0.9369854052620166,0.9152582079543841,0.6284764518573093,0.9492063492063487,0.4006068367505189,0.92126914699118,0.9250013316406696,0.6848496741376318,0.9398636845831869,0.9582144552981327,0.930160641445072,0.9526370111116405,0.9071820194155722,0.8420784215528954,0.0,0.9492063492063487,0.8822265994777507,0.960221152322577,0.8377384241745145,0.944383427890573,0.9398636845831869,0.8244397822834253,0.06018876900102055,0.7569089328329721,0.7846176027958276,0.0,0.0,0.40880739824839063,0.6991852245234742,0.9027019168030597,0.8058499662916013,0.8453085223330421,0.8152867967569688,0.8399134433261015,0.7997856146881548,0.9328339505740528,0.8129560940834346,0.0,0.9004911494084331,0.9544316996038,0.9623211158059548,0.831146423199498,0.9582144552981327,0.831146423199498,0.0,0.0,0.7739436107925914,0.9492063492063487,0.7819949015164562,0.938412400887346,0.8570084033315841,0.8993922310882436,0.6856702229525599,0.8993922310882436,0.8344556057285131,0.8506512873935228,0.0,0.9152582079543841,0.8175997772209664,0.9508971383859763,0.9582144552981327,0.5526275082095407,0.7351207557283752,0.43182584581086747,0.9176344520056336,0.9508971383859763,0.8591172857456586,0.0,0.8266892096935958,0.9176344520056336,0.8993922310882436,0.8727631680356078,0.8654234385275936,0.9413411539914582,0.9049315186013054,0.8538362113124116,0.9562880686171875,0.8685695845092949,0.862273520033598,0.9443834278905732,0.9602211523225768,0.9225015741707872,0.2586095064370061,0.8129560940834346,0.9544316996038,0.03139863267861631,0.8759110188590655,0.9288488221297497,0.9152582079543841,0.92126914699118,0.9623211158059548,0.9152582079543841,0.9623211158059548,0.9623211158059548,0.9027019168030597,0.3647019568709454,0.8961186971729789,0.9492063492063487,0.9602211523225768,0.938412400887346,0.938412400887346,0.8322525541058978,0.9428469360414611,0.9475597985845114,0.9288488221297497,0.5210240199989242,0.9508971383859761,0.7684119013812074,0.3833143586062788,0.7125274559321442,0.7447432793600621,0.0,0.8918007079504506,0.9492063492063489,0.758381053055492,0.960221152322577,0.9328339505740528,0.9341976401680097,0.855952276285969,0.0,0.7399891659895361,0.8058499662916012,0.9341976401680094,0.8058499662916012,0.8266892096935958,0.8129560940834346,0.9544316996038,0.7143607147557588,0.6716454483484393,0.8058499662916012,0.7431708752992889,0.9355809960386166,0.6761489807685291,0.9623211158059548,0.9355809960386168,0.9492063492063489,0.8982973238138026,0.930160641445072,0.8388272306091984,0.4779583613087228,0.8106069085572598,0.9492063492063489,0.03139863267861631,0.8420784215528954,0.861222266702256,0.5110414539348817,0.7766590274917051,0.7524297972473162,0.0,0.9856724533720749,0.8633240709217587,0.9225015741707872,0.0,0.8399134433261015,0.9428469360414604,0.9582144552981327,0.2115113915126694,0.03139863267861631,0.9114861522954751,0.9314886672615051,0.897206214237533,0.9288488221297497,0.9083158055901508,0.9355809960386172,0.8129560940834346,0.0,0.9275522446953854,0.0,0.9582144552981327,0.8333555867103808,0.8843412180810759,0.9623211158059548,0.9262700211315917,0.8022278398026612,0.904931518601306,0.9225015741707869,0.0,0.8322525541058978,0.8210376473859937,0.8506512873935228,0.9250013316406696,0.40060683675051967,0.9544316996038003,0.3227392978460525,0.9237454173815312,0.392115299153029,0.8928757609748668,0.7948313236856197,0.392115299153029,0.9225015741707872,0.9544316996038003,0.885400876353422,0.392115299153029,0.9623211158059548,0.931488667261505,0.9508971383859763,0.885400876353422,0.9475597985845114,0.9237454173815312,0.9341976401680094,0.8918007079504506,0.9152582079543841,0.9355809960386168,0.9140827360776211,0.930160641445072,0.9475597985845114,0.9384124008873462,0.7301312695908225,0.9225015741707872,0.9015943008452869,0.8333555867103808,0.42440193597169273,0.9083158055901508,0.930160641445072,0.9508971383859763,0.9526370111116405,0.9015943008452867,0.8939536575643379,0.9275522446953854,0.9275522446953854,0.9004911494084333,0.9544316996038,0.9562880686171873,0.5974763156586966,0.9262700211315922,0.8664724446651935,0.9176344520056336,0.9250013316406696,0.6549904556417999,0.9369854052620166,0.9237454173815312,0.9492063492063487,0.8366469404145511,0.8780124908814328,0.9129151319089186,0.9004911494084333,0.6623067578386677,0.9562880686171875,0.9188361382271666,0.5906675167558797,0.9314886672615046,0.944383427890573,0.926270021131592,0.8993922310882434,0.6040574193889983,0.7598430279509716,0.9398636845831869,0.6739104850582693,0.9475597985845114,0.8832831707913573,0.7143607147557586,0.9526370111116407,0.9508971383859763,0.8864622842804517,0.9275522446953852,0.9526370111116405,0.8982973238138026,0.8633240709217587,0.708808264663793,0.9459533477380775,0.9459533477380775,0.8322525541058978,0.9341976401680094,0.9027019168030599,0.9526370111116405,0.8591172857456586,0.9341976401680094,0.9562880686171873,0.8928757609748668,0.9328339505740528,0.9508971383859763,0.960221152322577,0.8854008763534222,0.9582144552981327,0.7197593917099125,0.9562880686171873
p333_FAMRSN,0.8551927762091232,0.9985862887416472,0.8722512319713729,0.9082082945367815,0.9758994362393925,0.946258035412129,0.947853998522922,0.9782125804586503,0.8915313000367351,0.9961565139931365,0.9142266602978069,0.6519916159836296,0.9808396689061133,0.8894628186153251,0.9935102554709552,0.9905401113208032,0.9652524543463297,0.9022812459376925,0.8860446315351704,0.9432628256129658,0.8914825172232941,0.9121566723282284,0.9473606184418111,0.9798175375448483,0.950107672001856,0.9022812459376921,0.9206732387984038,0.9762600943374635,0.9432628256129658,0.9057027539133509,0.8930282606473356,0.9350052413014638,0.9184817171461355,0.9167630175479358,0.8790589891285873,0.9404006431802039,0.929963842972795,0.9184817171461352,0.9462580354121286,0.9003870625528827,0.8843596565983225,0.9442597627290876,0.9262251883972956,0.939152710725605,0.856430683461967,0.8047561507942758,0.9324454498571317,0.9983890748485311,0.9003870625528829,0.9417060932817201,0.9883880331853732,0.8528364516967404,0.9022812459376921,0.9560464317857673,0.8203968155187431,0.970755146873232,0.9346355708099479,0.9275522446953854,0.9956919465631329,0.9856324259650168,0.9244008776882715,0.9536472544439594,0.9022812459376932,0.9400757463595384,0.9376530086096915,0.9937318173454673,0.9582291749307172,0.9540896479148512,0.8791101346682948,0.8860446315351705,0.8877049890176527,0.9370632386318549,0.8790589891285874,0.9253161356239787,0.9275522446953854,0.8380594322760746,0.9529366743750116,0.960886350956918,0.9530292275943426,0.946258035412129,0.9192573547084929,0.9832318780369318,0.8948378117301918,0.9022812459376928,0.9275522446953854,0.8825207683757945,0.8431633153910727,0.9937335923164823,0.9897536591171328,0.9252037445446057,0.9275522446953854,0.9254062818990603,0.8023806185941758,0.9335810442555788,0.9297151907027391,0.9735469133022014,0.8951316673047223,0.8914825172232941,0.8316337624914162,0.7489214324924738,0.970755146873232,0.9324454498571317,0.9275522446953857,0.8435452286945018,0.9202465243964861,0.9404006431802039,0.8676123050779097,0.8302539353297086,0.7699879116017774,0.9713123626186633,0.945724055977363,0.9799701406110684,0.9183875583392977,0.9792607683657362,0.9324454498571317,0.8732123677893587,0.8709667178740069,0.9404006431802039,0.9462580354121286,0.9494926204533317,0.8466238313236536,0.9135428206778324,0.9101213268023749,0.8930282606473359,0.7996090066464212,0.8910546297980169,0.929963842972795,0.8960126735832692,0.9721820378192461,0.8690511952610998,0.8908193954775396,0.9324454498571317,0.9582291749307172,0.926225188397295,0.9652524543463297,0.9571614253051381,0.8489377180263846,0.9582291749307175,0.9350052413014636,0.968640006673642,0.8261230110442048,0.9432628256129656,0.9081743551330836,0.8170245918162766,0.917435759130151,0.9330002431015509,0.724875768543389,0.7177592982835586,0.9003870625528829,0.8456819635796566,0.935575853599239,0.7836118471054024,0.8402457823683693,0.9059164487391993,0.9582291749307172,0.9370632386318551,0.8502862207868807,0.9356214692658182,0.8877403364067917,0.8622112935825186,0.9813565984085111,0.9129884941708224,0.9832318780369318,0.7382621257064013,0.8533836626942157,0.8808199067953635,0.919237913154078,0.9122177014789303,0.9297151907027391,0.9094884033092889,0.9082082945367813,0.9252037445446057,0.9346355708099476,0.9604703032314954,0.9278089651893655,0.9003190573751396,0.9404006431802039,0.9442669069485906,0.8836758573724512,0.8896745771163432,0.9352218782782524,0.8933013742939915,0.8847665488736308,0.9338613756314728,0.9471679115642428,0.8142384684102786,0.9954842095315911,0.9141452644744177,0.9163339973465925,0.9379823487419271,0.9399048586036759,0.9935786529621748,0.8529864984732081,0.8216894971927735,0.812810574626035,0.9275522446953854,0.9798175375448483,0.9686400066736425,0.9422610511499967,0.8743344902595094,0.9151285683178758,0.8399047890821919,0.9275522446953854,0.8601959889787727,0.8216894971927738,0.9432628256129658,0.9275522446953854,0.9358433911850901,0.8791314954080305,0.8380594322760744,0.9335860472634875,0.9223156870059125,0.9252037445446055,0.9275522446953854,0.8626831724851713,0.9275522446953854,0.942310076437137,0.9668947050695169,0.9296667906216829,0.9275522446953854,0.964635888991881,0.9275522446953854,0.9908436037256938,0.8970614495800682,0.944446698490097,0.8475528129637404,0.932445449857132,0.7663302650084295,0.9686400066736418,0.9866030402791095,0.9655033215314223,0.8952021501676386,0.9742881382500801,0.9856521848429737,0.9883880331853732,0.9484920741180298,0.8917069210381804,0.9467100391369092,0.9818285354442747,0.8791314954080307,0.9320055225938174,0.9652524543463294,0.8622112935825186,0.9856324259650169,0.9275522446953854,0.9108103401386719,0.9275522446953854,0.9805570681238925,0.8791314954080307,0.7980807992789898,0.7474193548387081,0.7455888645573139,0.9703287678830983,0.8733135930289347,0.9101213268023747,0.9006967164580983,0.7943703659632182,0.9889136318665026,0.9839674685144806,0.8411444086656643,0.8893840423644395,0.7787663414180277,0.9252037445446057,0.895920748243598,0.8636524082737382,0.9462580354121286,0.8472430488789013,0.890625760866103,0.9799701406110684,0.8635700326345708,0.9192452111745044,0.9048463830468083,0.7233124610723588,0.7051181950048391,0.943290128675953,0.9404006431802039,0.8994956921674262,0.8774549020235316,0.9832318780369318,0.887918992030285,0.9404006431802039,0.8501747981194121,0.948240047671467,0.7849699194791246,0.9102566149674474,0.9231842997566406,0.932445449857132,0.9492912834176328,0.8973978783162266,0.9229124393123012,0.932445449857132,0.9129884941708224,0.775286770034692,0.9404006431802039,0.9325355903302806,0.9980728178644103,0.8622112935825186,0.8452770961779121,0.8860446315351705,0.9275522446953857,0.9895844092102012,0.9229124393123016,0.9582291749307174,0.9055923746512222,0.8408182974981264,0.964510512828171,0.9003870625528831,0.9282997181204365,0.7576916173639556,0.9193071817199612,0.8075783720266305,0.9454424739545639,0.8494378755719849,0.973222061536974,0.891185282221918,0.9961565139931364,0.8628087882864626,0.9432628256129658,0.855539121364187,0.8375740315947418,0.8708552650198254,0.9645105128281708,0.9275522446953854,0.9350052413014638,0.9962981125733231,0.902281245937693,0.9404006431802039,0.8404453338613613,0.9808396689061133,0.9275522446953854,0.7699879116017769,0.9982522182750793,0.9899835764925832,0.9157247259749387,0.9829021226820064,0.9061450951233825,0.9883880331853732,0.6954035569236952,0.8205884265357679,0.9101213268023749,0.9184817171461355,0.7952255655305931,0.9324454498571317,0.9856521848429739,0.9212335149588722,0.9560464317857672,0.9935102554709552,0.9462580354121288,0.7324417276741813,0.916763017547936,0.7358761241647982,0.9206732387984036,0.9252037445446057,0.8791520535933701,0.9905401113208034,0.9393772383623689,0.7902796615601417,0.7627134335180523,0.9275522446953854,0.890478239964095,0.8280080728082349,0.9188713671930941,0.8825207683757945,0.6326725516297493,0.8650383461807647,0.9275522446953854,0.9275522446953854,0.9162320570522576,0.9074111177113567,0.8913387521486209,0.9275522446953854,0.9432628256129658,0.9275522446953857,0.8894628186153252,0.8533836626942162,0.8216894971927735,0.9757533722166009,0.8912369310715329,0.9655033215314222,0.7823891620836403,0.7895179654156869,0.9275522446953854,0.8305129246052403,0.9126333026427302,0.737837818650583,0.8376227884528519,0.8912369310715327,0.9945793058675616,0.9324454498571317,0.9156839457633899,0.9275522446953854,0.9194745840205523,0.98592759878135,0.8221273223112764,0.9188672817932608,0.8706213787389915,0.8239901380012875,0.9184817171461355,0.9275522446953854,0.711740910476603,0.8596071490702746,0.9275522446953854,0.937982348741927,0.8551927762091232,0.8409479654474654,0.7999933445013665,0.8846760935331195,0.9275522446953854,0.9549404804699344,0.999792885629691,0.8959207482435982,0.8501747981194119,0.925045429105464,0.8673453944026633,0.8989377839005219,0.9336625022680574,0.9839674685144806,0.9237933266762685,0.9554799883628495,0.9741545378835921,0.9382147673560624,0.9853749356348118,0.839549650082466,0.9473606184418111,0.9350052413014638,0.9022812459376932,0.9275522446953854,0.8860446315351705,0.887918992030285,0.9713773429621252,0.955855656546232,0.9965591397849463,0.9856324259650171,0.9742752531352845,0.9703287678830983,0.968640006673642,0.9974846527946568,0.9275522446953857,0.9135065748298872,0.8523965856076623,0.9648561412119019,0.9438962066300457,0.9071730838469627,0.8144145328114432,0.9588738543024724,0.7779424286971002,0.9912232676868235,0.9529366743750114,0.9961565139931365,0.993185719775959,0.9601131139678031,0.9254062818990605,0.9420850922811461,0.9121566723282284,0.9182141149920251,0.9324454498571317,0.9856521848429738,0.9400757463595382,0.97824973809748,0.9782247305062934,0.967933791240146,0.9192573547084932,0.96225141944642,0.9254149118832258,0.8888442376400891,0.9223156870059124,0.9455891145578188,0.9461339090440417,0.997366491079042,0.9756512568194128,0.8625945561359692,0.8956696942089948,0.7610446756208034,0.8776283584600683,0.9239957764594833,0.9782247305062935,0.9949598499265347,0.9821370929006956,0.932445449857132,0.9793864538694004,0.8956345869967559,0.9888253832615518,0.9206340292374223,0.712489906250545,0.8158507075675501,0.8885510433540325,0.9376530086096915,0.9919265098151698,0.9206732387984038,0.9206732387984038,0.9048463830468079,0.9438962066300457,0.8930282606473359,0.8368965861418608,0.8757895304704919,0.9252037445446055,0.9252037445446055,0.8889605778706915,0.9854088830865437,0.9206732387984036,0.8170245918162766,0.9275522446953854,0.9931284229919284,0.9275522446953854,0.9275522446953854,0.897554299358835,0.9081181966045122,0.9492912834176328,0.9275522446953854,0.893254491660586,0.8378030984432584,0.8690511952611,0.9032510310536792,0.9059164487391995,0.9327816956394683,0.9776988352875526,0.861222266702258,0.8549439478440668,0.7768765709628898,0.7748269814219071,0.8959207482435982,0.9566619211708887,0.9225487282248375,0.9540896479148511,0.8930282606473356,0.9620019617019888,0.985632425965017,0.9004004379536215,0.9376530086096915,0.8518325205937483,0.9324454498571317,0.886133027451462,0.9655033215314222,0.7927195694093991,0.9866030402791095,0.9183267646158813,0.9253930751088406,0.9535996052089042,0.8171848505343982,0.9517801630988365,0.8099444568561252,0.9655033215314222,0.9299638429727952,0.9979293455027017,0.9059539647380768,0.9473790259104964,0.9883880331853729,0.8418946255500959,0.9206732387984038,0.9620848270991802,0.8426181754406723,0.8868830823568322,0.8207973616970994,0.9299272112436057,0.9462580354121288,0.8069611937921393,0.8180484739944454,0.9393062642835557,0.7615111305837992,0.9937166764217946,0.9851419724112976,0.8900981078855799,0.9275522446953854,0.9350052413014638,0.9601131139678031,0.9274061806725941,0.9646358889918811,0.9937166764217946,0.8484497238809944,0.8948378117301918,0.7807710991870638,0.9866030402791095,0.9015097943883446,0.9432628256129658,0.8096719828081169,0.6694833772179432,0.9303484358674055,0.968640006673642,0.9944777937421576,0.9809307640438516,0.9106086590743894,0.9061450951233825,0.8771494236292641,0.9540600178669041,0.7509193098950355,0.8441304263382298,0.9531239189732772,0.9968662932581829,0.8252844515670321,0.9276398400468782,0.8749951932053408,0.88994694720022,0.8706213787389917,0.857779652978645,0.9678021884284396,0.9809311839577799,0.9252037445446057,0.8550443936873217,0.7952255655305931,0.9899835764925832,0.923604142117873,0.9839674685144804,0.8825207683757945,0.9762600943374635,0.9442597627290877,0.8858687296893751,0.9276398400468782,0.8499606020007389,0.9932316441455894,0.9142266602978064,0.8868830823568326,0.9350052413014636,0.9899835764925832,0.9275522446953854,0.7904825896247932,0.8551667087730517,0.8973978783162266,0.8859625712873518,0.9275522446953854,0.937936284185048,0.8137638926766693,0.9004067571879331,0.8894628186153251,0.8628087882864626,0.8988287569352165,0.9684110110375359,0.9523187461114024,0.9678494623655911,0.9588042122291983,0.965302027625028,0.8705590463698814,0.9376530086096915,0.8897181908471414,0.9346355708099479,0.8614664755134738,0.9735629864071067,0.9899835764925835,0.854193548387096,0.9229124393123016,0.9462580354121288,0.9163339973465923,0.9208861249369151,0.9758994362393925,0.885077239074363,0.8605618022541675,0.6546383311556698,0.7340174144965679,0.9121566723282286,0.8531434181445738,0.8010109690607089,0.9252037445446057,0.8514635911628984,0.9652524543463294,0.9252037445446057,0.9252037445446057,0.9531239189732772,0.9275522446953854,0.9010098990098928,0.8378962499005052,0.9275522446953854,0.9061450951233825,0.923388831390312,0.9438962066300456,0.9839674685144806,0.7849699194791248,0.9204750733110447,0.9721820378192463,0.7925157589920611,0.9724884149924613,0.9473606184418111,0.8745681768725879,0.9275522446953854,0.8970614495800682,0.9324454498571317,0.9061450951233825,0.7947652610386275,0.8692294415124866,0.9404006431802039,0.9204750733110452,0.6900152212028149,0.9005283589274586,0.9101213268023749,0.927406180672594,0.942085822740748,0.9210111257875067,0.9276398400468782,0.9673581791985437,0.9192573547084931,0.9982522182750793,0.9003870625528827,0.9324454498571317,0.9559597385843852,0.8722117559776998,0.9275522446953854,0.8790589891285873,0.8572801817680793,0.9432628256129658,0.8997748677549582,0.9206732387984036,0.955855656546232,0.8440062584737957,0.9856324259650171,0.8612599399243137,0.7259130439907586,0.9275522446953854,0.9275522446953854,0.8421596549104928,0.9752567738510712,0.9393062642835555,0.9327816956394684,0.9761634890020754,0.8422950716387776,0.9693431399377672,0.8678786778783183,0.9042000439512239,0.9291764544118509,0.9275522446953854,0.7490348185080629,0.9350052413014638,0.9462580354121286,0.8023806185941758,0.9404006431802039,0.8518670708920336,0.9275522446953854,0.9275522446953854,0.8039494465082228,0.9275522446953857,0.8544330794680983,0.9121566723282284,0.8189717701217478,0.8843596565983225,0.9965591397849464,0.8649179394762065,0.9318434412434197,0.9446193146799471,0.9275522446953854,0.8791314954080307,0.984496732305693,0.929963842972795,0.5967867560607942,0.8264421262621765,0.9373504921186018,0.9027452369168487,0.8825207683757945,0.9798175375448483,0.9240974349517951,0.9275522446953854,0.8823988455051192,0.9146842304664577,0.892775984356814,0.9880720921332702,0.9022820103908604,0.9560464317857674,0.990814354882456,0.8142384684102786,0.6740190907146508,0.907853175022054,0.823554812989991,0.9901683301057446,0.9961565139931365,0.9756512568194128,0.9859275987813501,0.8658751215864395,0.9883880331853732,0.9721820378192463,0.9702668667307686,0.8985159947466637,0.9735629864071067,0.8125397800536623,0.9462580354121288,0.9106086590743894,0.6711916360161432,0.8624668003020075,0.8897181908471417,0.9824022450896785,0.9609391628261605,0.8790589891285873,0.9961565139931365,0.9529366743750114,0.5984833031103743,0.804039053081631,0.9184817171461357,0.9721820378192463,0.8486469728103467,0.9025784414470226,0.820767684166938,0.8149093101924576,0.7315176865362449,0.961545906107456,0.9669767553971834,0.9275522446953854,0.8456737070075291,0.9758994362393925,0.8632680645962199,0.9961565139931365,0.7548345210794769,0.9832318780369318,0.9088006389406291,0.9275522446953854,0.9015097943883446,0.8069611937921393,0.9061450951233827,0.8784875515895385,0.9038574905645489,0.8869755658615766,0.9350052413014638,0.9124490146472785,0.8428133176165026,0.869871444715804,0.7388308463410309,0.9081181966045127,0.820526544422405,0.9462580354121288,0.9866030402791095,0.9758994362393925,0.8825982719080667,0.9529082331312294,0.8573161788496182,0.8823144159937879,0.7719728615867472,0.6373230314085547,0.9252037445446057,0.8722117559776997,0.8252844515670323,0.8518325205937485,0.9037569047436171,0.7698565765305355,0.9275522446953854,0.8860503561570029,0.8284445490250332,0.9569057808979562,0.9275522446953854,0.9208362899258792,0.9509575491863043,0.9404006431802039,0.8564272723716961,0.9252037445446057,0.9145776964480026,0.9486638803543643,0.8808482963378004,0.7764078206837784,0.9286461262885564,0.9741545378835921,0.7965177700113664,0.9275522446953854,0.0,0.9275522446953854,0.9404006431802039,0.762312543236283,0.8350341233526903,0.9462580354121286,0.8946257911893254,0.864328533049648,0.9618577021785788,0.8894628186153251,0.9275522446953854,0.6980134539645833,0.7868143215219866,0.8770603214086783,0.968525421754495,0.9106086590743891,0.8514635911628985,0.8930282606473354,0.8696700606673113,0.8808199067953635,0.9120895260426451,0.894840125617316,0.8808199067953635,0.9569057808979562,0.9350052413014638,0.8878770571301755,0.8808199067953635,0.9462580354121286,0.902281245937693,0.9703287678830984,0.8622112935825186,0.9721820378192461,0.9937053631834567,0.9061450951233827,0.8722512319713729,0.9106086590743894,0.6602151631852051,0.9086088401419734,0.9895844092102013,0.8399047890821919,0.8431633153910733,0.9212335149588728,0.8894628186153253,0.8596424572452426,0.9990825408341074,0.9963089389332338,0.869229441512487,0.9737394147108267,0.9703287678830981,0.9839674685144806,0.887918992030285,0.9359197093992108,0.8966666666666667,0.9322580645161289,0.9735469133022016,0.958229174930717,0.9376530086096915,0.9659728401955674,0.9650166107570195,0.9987141249698597,0.8825207683757945,0.8930282606473359,0.9938420033909696,0.950107672001856,0.959549219146149,0.9758994362393925,0.9711231149790952,0.974630751088718,0.9699956705262556,0.9422610511499965,0.9426679583604174,0.9376530086096915,0.8880673872338837,0.9702668667307686,0.9022812459376921,0.9901683301057447,0.9297151907027391,0.9957918361207543,0.9376236760632151,0.9899548523333999,0.9142266602978069,0.9773608911290623,0.9252037445446055,0.9379362841850482,0.9382826755203038,0.932445449857132,0.9798175375448483,0.9670972943767473,0.8966666666666667,0.8614664755134731,0.9655733010862086,0.9453820578238676,0.9654376099205373,0.9229124393123014,0.9856324259650169,0.9794620369384622,0.9396813390495187,0.8612222667022578,0.8099444568561247,0.8548860051144509,0.944688486580157,0.9376530086096915,0.9809311839577799,0.9063747143991654,0.920475073311045,0.9961565139931365,0.9135428206778322,0.9404006431802039,0.9538128337748035,0.9376530086096915
p333_G,0.7524297972473161,0.9413411539914585,0.8918007079504506,0.9225015741707872,0.9492063492063487,0.9623211158059548,0.7050163519970581,0.7509151724713103,0.9038142386822647,0.960221152322577,0.9398636845831869,0.9475597985845114,0.9475597985845114,0.9225015741707872,0.9106019687464653,0.5567710364845595,0.944383427890573,0.9314886672615048,0.9582144552981327,0.960221152322577,0.8875255844205965,0.938412400887346,0.935580996038617,0.9508971383859763,0.9369854052620163,0.9314886672615046,0.944383427890573,0.916441965519317,0.960221152322577,0.7739436107925906,0.9250013316406693,0.9544316996038,0.9428469360414609,0.9188361382271659,0.9492063492063489,0.9582144552981327,0.9508971383859763,0.9428469360414602,0.9623211158059548,0.930160641445072,0.8993922310882436,0.932833950574053,0.9623211158059548,0.912915131908919,0.9443834278905732,0.8474513194974065,0.9526370111116405,0.9004911494084333,0.930160641445072,0.8918007079504506,0.9544316996038,0.8495864161552136,0.9314886672615046,0.13408370177867746,0.9428469360414604,0.9288488221297497,0.9288488221297497,0.0,0.7383793872014479,0.9459533477380775,0.9060540201833016,0.831146423199498,0.931488667261505,0.8993922310882436,0.9562880686171875,0.8244397822834253,0.9544316996038,0.6473831763250288,0.7698078233874499,0.9582144552981327,0.92126914699118,0.9301606414450723,0.9492063492063487,0.8266892096935958,0.0,0.8864622842804517,0.938412400887346,0.9398636845831867,0.8233095582802461,0.9623211158059548,0.9398636845831869,0.9341976401680094,0.31108550994831163,0.9314886672615048,0.0,0.9176344520056336,0.938412400887346,0.8046479448175341,0.8939536575643376,0.03139863267861631,0.0,0.8918007079504506,0.831146423199498,0.8548949080074899,0.31108550994831163,0.48955645159511163,0.8896584524348263,0.8875255844205965,0.8198957816506434,0.8187498553347687,0.9288488221297497,0.9526370111116405,0.9492063492063489,0.8580633769736241,0.6072669396673074,0.9582144552981327,0.907182019415572,0.7973204052495684,0.9369854052620166,0.8289245259008584,0.8759110188590657,0.9328339505740528,0.8070467719220202,0.9094556823349389,0.9526370111116405,0.7833099084134079,0.9413411539914585,0.9582144552981327,0.9623211158059548,0.8580633769736241,0.9129151319089193,0.885400876353422,0.9369854052620166,0.9250013316406696,0.931488667261505,0.7554264789789613,0.9508971383859763,0.6339927913026551,0.9475597985845114,0.9152582079543838,0.8727631680356085,0.9526370111116405,0.9544316996038,0.9623211158059548,0.944383427890573,0.8453085223330421,0.879064442044788,0.9544316996038003,0.9544316996038,0.06018876900101988,0.8046479448175343,0.960221152322577,0.8244397822834253,0.8717146038820363,0.8875255844205967,0.9106019687464659,0.892875760974867,0.8420784215528956,0.9301606414450723,0.7583810530554915,0.9602211523225768,0.9060540201833014,0.8559522762859688,0.8811713725919912,0.9544316996038,0.9301606414450725,0.8950345750758599,0.9140827360776209,0.8938851835250172,0.5567710364845593,0.7367566674079002,0.9526370111116407,0.9341976401680094,0.7431708752992887,0.8972062142375332,0.9164419655193166,0.8612222667022558,0.8993922310882436,0.9262700211315917,0.8453085223330423,0.9225015741707872,0.9475597985845114,0.9288488221297495,0.6783615558233287,0.8538362113124116,0.8780124908814328,0.9582144552981327,0.6072669396673073,0.9200475251844384,0.5526275082095409,0.9117550006367756,0.8885909234541711,0.9288488221297497,0.9475597985845114,0.6394614409405057,0.8538362113124116,0.8580633769736241,0.9015943008452869,0.13408370177867734,0.9237454173815312,0.9459533477380775,0.903814238682265,0.8221755430097122,0.7897778653703145,0.9060540201833014,0.0,0.9508971383859763,0.9459533477380777,0.4895564515951115,0.8355526955775656,0.8918007079504506,0.9475597985845114,0.0,0.8685695845092951,0.7897778653703145,0.960221152322577,0.0,0.6951973979147161,0.9152582079543841,0.8864622842804517,0.6447787703816181,0.9049315186013059,0.9475597985845114,0.0,0.6473831763250286,0.0,0.8117838598171898,0.8388272306091986,0.8355526955775657,0.0,0.6339927913026551,0.0,0.7050163519970583,0.9071820194155717,0.9164419655193166,0.8759110188590655,0.9526370111116407,0.7711949776746383,0.06018876900101888,0.935580996038617,0.9384124008873462,0.9060540201833014,0.7554264789789611,0.9188361382271666,0.9544316996038,0.4951319232791844,0.8907283270583697,0.9027019168030599,0.897206214237533,0.9152582079543838,0.9152582079543838,0.944383427890573,0.885400876353422,0.9459533477380777,0.0,0.9027019168030597,0.0,0.7334713952978886,0.9152582079543841,0.9544316996038,0.9275522446953854,0.7711949776746383,0.9508971383859763,0.9140827360776205,0.9369854052620161,0.892875760974867,0.9398636845831869,0.8612222667022562,0.9526370111116405,0.8717146038820363,0.8717146038820349,0.8442340263447974,0.03139863267861631,0.9562880686171873,0.8289245259008584,0.9623211158059548,0.8333555867103808,0.8333555867103808,0.24376003609304187,0.8706662210952574,0.8748612665230131,0.9544316996038003,0.848519788337875,0.7973204052495684,0.7780046509581313,0.9582144552981327,0.8289245259008584,0.9140827360776214,0.9341976401680094,0.9015943008452874,0.9582144552981327,0.8517144868263773,0.8141237078825918,0.9562880686171873,0.8982973238138026,0.9225015741707867,0.9526370111116407,0.9188361382271666,0.8070467719220202,0.9459533477380775,0.9526370111116405,0.9526370111116407,0.7985559379258667,0.9582144552981327,0.7985559379258667,0.6499526646778642,0.885400876353422,0.8442340263447972,0.9582144552981327,0.9492063492063487,0.930160641445072,0.9459533477380777,0.9544316996038003,0.8022278398026612,0.8982973238138026,0.9526370111116405,0.9301606414450723,0.9164419655193172,0.7250134267509765,0.9094556823349389,0.8843412180810755,0.6848496741376313,0.7923174570100686,0.6911250629978627,0.8727631680356077,0.9602211523225768,0.903814238682265,0.9602211523225768,0.9188361382271668,0.9152582079543841,0.9094556823349389,0.9526370111116405,0.0,0.9544316996038,0.9027019168030597,0.931488667261505,0.9582144552981327,0.9562880686171873,0.9475597985845114,0.0,0.9369854052620163,0.9582144552981327,0.9623211158059548,0.9106019687464655,0.823309558280246,0.9341976401680094,0.9544316996038003,0.8333555867103808,0.8289245259008584,0.9369854052620166,0.9428469360414611,0.8409971458279799,0.9526370111116405,0.9188361382271659,0.8117838598171898,0.9413411539914587,0.9106019687464657,0.9623211158059548,0.7655931084723666,0.9188361382271666,0.7780046509581313,0.944383427890573,0.03139863267861631,0.92126914699118,0.885400876353422,0.8070467719220202,0.8082384637825222,0.8187498553347687,0.0,0.8538362113124116,0.9176344520056336,0.9200475251844387,0.9176344520056336,0.9602211523225768,0.8453085223330421,0.0,0.0,0.930160641445072,0.903814238682265,0.8591172857456586,0.0,0.9602211523225768,0.9492063492063489,0.922501574170787,0.8972062142375332,0.7897778653703145,0.9492063492063489,0.9237454173815309,0.938412400887346,0.8322525541058978,0.9634411459729271,0.0,0.8811713725919912,0.9164419655193168,0.7766590274917047,0.9952327064015152,0.9237454173815312,0.8704033497109469,0.9526370111116405,0.7960789049353036,0.0,0.7973204052495684,0.9314886672615053,0.8591172857456586,0.8300371089395653,0.9508971383859763,0.831146423199498,0.9428469360414606,0.0,0.8961186971729789,0.7399891659895361,0.0,0.9237454173815309,0.7948313236856197,0.8420784215528956,0.8152867967569688,0.8022278398026612,0.0,0.7698078233874488,0.8559522762859684,0.9562880686171873,0.6574604645689301,0.7250134267509767,0.907182019415572,0.908315805590151,0.8961186971729789,0.9526370111116405,0.8982973238138026,0.8864622842804517,0.935580996038617,0.8527760996057683,0.8738120195914167,0.8706662210952574,0.21151139151266862,0.9544316996038,0.9314886672615055,0.0,0.9582144552981327,0.9015943008452869,0.8129560940834346,0.9398636845831869,0.9275522446953854,0.06018876900102055,0.7478523304650295,0.9508971383859763,0.06018876900102055,0.9398636845831869,0.9492063492063489,0.9413411539914582,0.879064442044788,0.903814238682265,0.9582144552981327,0.8463809254714867,0.9602211523225768,0.9413411539914582,0.935580996038617,0.801009545737682,0.938412400887346,0.9602211523225768,0.7997856146881548,0.9164419655193166,0.5305546844946969,0.24376003609304187,0.938412400887346,0.9027019168030597,0.9526370111116405,0.9188361382271666,0.8993922310882436,0.8769613888066743,0.9341976401680094,0.8993922310882436,0.9398636845831869,0.9250013316406693,0.6827113291147924,0.7725735218970409,0.9049315186013058,0.9443834278905732,0.8141237078825918,0.8907283270583697,0.9225015741707872,0.9341976401680094,0.21151139151266984,0.8175997772209664,0.9398636845831869,0.8517144868263774,0.9341976401680094,0.9152582079543841,0.7539334992316542,0.9526370111116405,0.8453085223330421,0.7143607147557585,0.9176344520056336,0.8993922310882432,0.9582144552981327,0.7301312695908229,0.8918007079504506,0.9562880686171875,0.9164419655193166,0.944383427890573,0.944383427890573,0.9544316996038003,0.9582144552981327,0.9250013316406696,0.8255663034700989,0.9129151319089186,0.9475597985845114,0.9475597985845114,0.7125274559321444,0.9071820194155717,0.08671734220308636,0.8717146038820361,0.0,0.9562880686171873,0.0,0.0,0.8187498553347687,0.2115113915126693,0.9188361382271664,0.0,0.7334713952978882,0.8377384241745145,0.4006068367505189,0.8527760996057685,0.8811713725919912,0.8058499662916012,0.903814238682265,0.47795836130872293,0.8399134433261015,0.9428469360414604,0.8864622842804515,0.4408515443948542,0.9176344520056336,0.7711949776746385,0.6473831763250284,0.9250013316406696,0.9428469360414602,0.9459533477380775,0.7846176027958278,0.9562880686171873,0.8961186971729789,0.9526370111116405,0.9004911494084331,0.938412400887346,0.9328339505740528,0.935580996038617,0.848519788337875,0.9237454173815312,0.9060540201833016,0.9355809960386168,0.7223272158432528,0.9526370111116405,0.17526171623055564,0.9508971383859763,0.9140827360776205,0.8570084033315839,0.8399134433261015,0.4654487838138114,0.8570084033315841,0.5711669571562623,0.77934241058442,0.8896584524348263,0.9475597985845114,0.7766590274917051,0.9262700211315917,0.9623211158059548,0.8058499662916013,0.8463809254714865,0.7876282222528316,0.8034406041869142,0.938412400887346,0.9071820194155717,0.8822265994777512,0.0,0.9544316996038,0.9164419655193174,0.9492063492063487,0.8612222667022558,0.938412400887346,0.9459533477380777,0.9262700211315917,0.831146423199498,0.9355809960386168,0.8046479448175343,0.9602211523225772,0.7935775465776653,0.9398636845831869,0.8664724446651941,0.06018876900102055,0.9428469360414602,0.7143607147557588,0.9152582079543841,0.9341976401680094,0.7806724477786732,0.880117361849238,0.7318083230664854,0.8633240709217587,0.9188361382271666,0.6991852245234744,0.8612222667022558,0.9250013316406696,0.960221152322577,0.9369854052620166,0.9508971383859763,0.8388272306091986,0.9027019168030597,0.525843532183836,0.03139863267861631,0.7960789049353036,0.8409971458279799,0.9623211158059548,0.8790644420447877,0.9526370111116405,0.9176344520056336,0.9164419655193168,0.932833950574053,0.9015943008452869,0.9250013316406696,0.9369854052620166,0.500567215157067,0.9398636845831867,0.9475597985845112,0.9544316996038,0.9623211158059548,0.0,0.9188361382271668,0.8654234385275936,0.8070467719220202,0.9200475251844384,0.0,0.8832831707913575,0.8244397822834253,0.9060540201833016,0.34458474155865637,0.9038142386822647,0.8918007079504506,0.8811713725919912,0.7859181167692968,0.9275522446953854,0.9060540201833014,0.6598989712921809,0.8907283270583697,0.9562880686171873,0.9027019168030597,0.9288488221297497,0.9526370111116405,0.9152582079543841,0.9623211158059548,0.9275522446953854,0.9459533477380777,0.9623211158059548,0.9413411539914587,0.9288488221297497,0.9492063492063487,0.6783615558233285,0.8843412180810755,0.9582144552981327,0.9492063492063489,0.9384124008873462,0.7806724477786728,0.8022278398026612,0.03139863267861631,0.9544316996038003,0.08671734220308558,0.03139863267861631,0.03139863267861631,0.3741839079094693,0.0,0.944383427890573,0.4527606561376478,0.0,0.9341976401680094,0.535161772248302,0.9582144552981327,0.9526370111116405,0.9562880686171873,0.9508971383859763,0.03139863267861631,0.7960789049353036,0.8580633769736241,0.935580996038617,0.8409971458279799,0.0,0.9071820194155722,0.9526370111116405,0.9341976401680094,0.7935775465776653,0.9083158055901508,0.9582144552981327,0.9508971383859763,0.9369854052620166,0.9152582079543841,0.6284764518573093,0.9492063492063487,0.4006068367505189,0.92126914699118,0.9250013316406696,0.6848496741376318,0.9398636845831869,0.9582144552981327,0.930160641445072,0.9526370111116405,0.9071820194155722,0.8420784215528954,0.0,0.9492063492063487,0.8822265994777507,0.960221152322577,0.8377384241745145,0.944383427890573,0.9398636845831869,0.8244397822834253,0.06018876900102055,0.7569089328329721,0.7846176027958276,0.0,0.0,0.40880739824839063,0.6991852245234742,0.9027019168030597,0.8058499662916013,0.8453085223330421,0.8152867967569688,0.8399134433261015,0.7997856146881548,0.9328339505740528,0.8129560940834346,0.0,0.9004911494084331,0.9544316996038,0.9623211158059548,0.831146423199498,0.9582144552981327,0.831146423199498,0.0,0.0,0.7739436107925914,0.9492063492063487,0.7819949015164562,0.938412400887346,0.8570084033315841,0.8993922310882436,0.6856702229525599,0.8993922310882436,0.8344556057285131,0.8506512873935228,0.0,0.9152582079543841,0.8175997772209664,0.9508971383859763,0.9582144552981327,0.5526275082095407,0.7351207557283752,0.43182584581086747,0.9176344520056336,0.9508971383859763,0.8591172857456586,0.0,0.8266892096935958,0.9176344520056336,0.8993922310882436,0.8727631680356078,0.8654234385275936,0.9413411539914582,0.9049315186013054,0.8538362113124116,0.9562880686171875,0.8685695845092949,0.862273520033598,0.9443834278905732,0.9602211523225768,0.9225015741707872,0.2586095064370061,0.8129560940834346,0.9544316996038,0.03139863267861631,0.8759110188590655,0.9288488221297497,0.9152582079543841,0.92126914699118,0.9623211158059548,0.9152582079543841,0.9623211158059548,0.9623211158059548,0.9027019168030597,0.3647019568709454,0.8961186971729789,0.9492063492063487,0.9602211523225768,0.938412400887346,0.938412400887346,0.8322525541058978,0.9428469360414611,0.9475597985845114,0.9288488221297497,0.5210240199989242,0.9508971383859761,0.7684119013812074,0.3833143586062788,0.7125274559321442,0.7447432793600621,0.0,0.8918007079504506,0.9492063492063489,0.758381053055492,0.960221152322577,0.9328339505740528,0.9341976401680097,0.855952276285969,0.0,0.7399891659895361,0.8058499662916012,0.9341976401680094,0.8058499662916012,0.8266892096935958,0.8129560940834346,0.9544316996038,0.7143607147557588,0.6716454483484393,0.8058499662916012,0.7431708752992889,0.9355809960386166,0.6761489807685291,0.9623211158059548,0.9355809960386168,0.9492063492063489,0.8982973238138026,0.930160641445072,0.8388272306091984,0.4779583613087228,0.8106069085572598,0.9492063492063489,0.03139863267861631,0.8420784215528954,0.861222266702256,0.5110414539348817,0.7766590274917051,0.7524297972473162,0.0,0.9856724533720749,0.8633240709217587,0.9225015741707872,0.0,0.8399134433261015,0.9428469360414604,0.9582144552981327,0.2115113915126694,0.03139863267861631,0.9114861522954751,0.9314886672615051,0.897206214237533,0.9288488221297497,0.9083158055901508,0.9355809960386172,0.8129560940834346,0.0,0.9275522446953854,0.0,0.9582144552981327,0.8333555867103808,0.8843412180810759,0.9623211158059548,0.9262700211315917,0.8022278398026612,0.904931518601306,0.9225015741707869,0.0,0.8322525541058978,0.8210376473859937,0.8506512873935228,0.9250013316406696,0.40060683675051967,0.9544316996038003,0.3227392978460525,0.9237454173815312,0.392115299153029,0.8928757609748668,0.7948313236856197,0.392115299153029,0.9225015741707872,0.9544316996038003,0.885400876353422,0.392115299153029,0.9623211158059548,0.931488667261505,0.9508971383859763,0.885400876353422,0.9475597985845114,0.9237454173815312,0.9341976401680094,0.8918007079504506,0.9152582079543841,0.9355809960386168,0.9140827360776211,0.930160641445072,0.9475597985845114,0.9384124008873462,0.7301312695908225,0.9225015741707872,0.9015943008452869,0.8333555867103808,0.42440193597169273,0.9083158055901508,0.930160641445072,0.9508971383859763,0.9526370111116405,0.9015943008452867,0.8939536575643379,0.9275522446953854,0.9275522446953854,0.9004911494084333,0.9544316996038,0.9562880686171873,0.5974763156586966,0.9262700211315922,0.8664724446651935,0.9176344520056336,0.9250013316406696,0.6549904556417999,0.9369854052620166,0.9237454173815312,0.9492063492063487,0.8366469404145511,0.8780124908814328,0.9129151319089186,0.9004911494084333,0.6623067578386677,0.9562880686171875,0.9188361382271666,0.5906675167558797,0.9314886672615046,0.944383427890573,0.926270021131592,0.8993922310882434,0.6040574193889983,0.7598430279509716,0.9398636845831869,0.6739104850582693,0.9475597985845114,0.8832831707913573,0.7143607147557586,0.9526370111116407,0.9508971383859763,0.8864622842804517,0.9275522446953852,0.9526370111116405,0.8982973238138026,0.8633240709217587,0.708808264663793,0.9459533477380775,0.9459533477380775,0.8322525541058978,0.9341976401680094,0.9027019168030599,0.9526370111116405,0.8591172857456586,0.9341976401680094,0.9562880686171873,0.8928757609748668,0.9328339505740528,0.9508971383859763,0.960221152322577,0.8854008763534222,0.9582144552981327,0.7197593917099125,0.9562880686171873
p333_H,0.8301944662164019,0.9517441295565183,0.9109895373928902,0.9910578376517607,0.9632002305182419,0.9690033562225546,0.8583462338175076,0.832243717465871,0.9208725034246266,0.14649376057562669,0.9505286850464207,0.9568599156354454,0.9667798280829097,0.9362456943690349,0.9756340559373771,0.7188125664051562,0.9542468650366516,0.9436389526644002,0.965625,0.9672758151492922,0.9074725945748128,0.9493347822888889,0.9892083965651993,0.23005421253766167,0.9481608601832734,0.9436389526644,0.9542468650366516,0.9312607396704553,0.9342541377090322,0.8814543472273346,0.9383021271292233,0.9625131050152522,0.9762777185243531,0.9332303128187658,0.9582144552981327,0.965625,0.9596053879391779,0.9529828655437629,0.09827945374704139,0.942546448360206,0.9172347260035334,0.9936745866415236,0.9690033562225546,0.9784926679114252,0.9542468650366516,0.8745053838668204,0.9610366993022685,0.9637550377043789,0.942546448360206,0.9541896299485402,0.2565536071556338,0.876261827348312,0.9436389526644,0.9791100127950297,0.9529828655437629,0.941467276381333,0.5301418640428827,0.9582144552981327,0.8529481410826931,0.9555383641697375,0.9227150661971699,0.861092113458608,0.9436389526644005,0.6752318008799826,0.964040252388596,0.8903419420496905,0.950716529670402,0.747062610320259,0.8443492696188821,0.965625,0.9352318345617441,0.942546448360206,0.9632002305182419,0.7937778688175781,0.9582144552981327,0.906597867618917,0.9493347822888889,0.9505286850464207,0.889358278406654,0.9690033562225546,0.37281820546454014,0.9458674971126175,0.9393458182324887,0.9436389526644002,0.9582144552981327,0.932241742150131,0.9493347822888889,0.8733481182086194,0.6497208625769555,0.9568599156354451,0.9582144552981327,0.9109895373928905,0.7876587616735475,0.8806288736252947,0.9393458182324887,0.918138754358939,0.9092272046561756,0.9074725945748126,0.7679924152536266,0.9199207156261613,0.941467276381333,0.9610366993022685,0.9582144552981327,0.92061363922904,0.8936031902522539,0.9656250000000002,0.9236430180495618,0.7938344767596348,0.9868438546677248,0.7907467895024354,0.8979178384019251,0.5010365109578355,0.9095012704040786,0.9255134534695351,0.9610366993022685,0.889211310110831,0.9517441295565183,0.1880681818181823,0.9690033562225546,0.92061363922904,0.9784926679114252,0.7188125664051562,0.9481608601832734,0.5553673955097731,0.9436389526644005,0.8664462932134465,0.9596053879391779,0.8858340936764979,0.9568599156354454,0.9302869180633684,0.8953282497576125,0.9610366993022685,0.9625131050152522,0.8237261571040231,0.9542468650366518,0.8021289398337758,0.6949360932076512,0.9625131050152524,0.9625131050152522,0.9555383641697377,0.8392930630721881,0.9672758151492922,0.8555748757838357,0.933670888244921,0.7128591674615053,0.9264564493231808,0.9553459570547012,0.7712678746665548,0.9978387378693493,0.8270601489234037,0.967275815149292,0.9227150661971699,0.7470626103202583,0.9022452837148789,0.9507165296704018,0.9425464483602062,0.9136498875984242,0.9293199127017768,0.7822955362017104,0.947442779108449,0.8175595086733718,0.9610366993022685,0.9458674971126175,0.7887187728537041,0.9154363928771065,0.9312607396704551,0.736654268031002,0.9625162230164763,0.9393458182324887,0.8021289398337758,0.9362456943690349,0.9568599156354449,0.9414672763813332,0.9059500308908426,0.8797579337068848,0.8996466204791784,0.965625,0.7159606232011387,0.9877180384539761,0.9065978676189168,0.6257757457430688,0.9083489988323228,0.9414672763813328,0.9568599156354454,0.9216020313541382,0.8797579337068848,0.9579918546133754,0.6672982009945432,0.9517441295565183,0.9372689456075765,0.3755161149294951,0.9675591368764067,0.8537121927533957,0.801231469866508,0.6026780119338753,0.9582144552981327,0.23005421253766123,0.9555383641697375,0.6713146955321039,0.9001151207948017,0.9541896299485402,0.9568599156354454,0.9582144552981327,0.891878386060835,0.8946434909616012,0.14649376057562757,0.9582144552981327,0.8197691174227548,0.9302869180633686,0.9485464508185621,0.9196272041613349,0.9217916370027819,0.9568599156354454,0.9582144552981327,0.7470626103202584,0.9582144552981325,0.8794220672691384,0.9030333503116554,0.9001151207948018,0.9582144552981327,0.9235852575057478,0.9582144552981327,0.8583462338175076,0.9236430180495616,0.9312607396704551,0.8979178384019255,0.9610366993022685,0.8173748798116492,0.9555383641697375,0.9470055188469617,0.45409729849609315,0.9227150661971699,0.8629720575357536,0.9332303128187658,0.9625131050152524,0.9172347260035335,0.7034709661430429,0.9199574485923749,0.9154363928771068,0.9814510646731798,0.9302869180633684,0.3211460692758693,0.9057246972976496,0.9555383641697377,0.9582144552981327,0.9199574485923747,0.9582144552981327,0.8774082655650678,0.9302869180633686,0.950716529670402,0.9404006431802039,0.8173748798116494,0.23005421253766134,0.9293199127017768,0.9481608601832732,0.9118739328932484,0.9505286850464205,0.8858340936764979,0.2015053441425939,0.8944656454039726,0.8944656454039726,0.7317415111829066,0.9568599156354451,0.964040252388596,0.8592642631772309,0.09827945374704139,0.862909488252414,0.7845111847199956,0.9447456538980155,0.8936031902522537,0.8970542565865078,0.9625131050152524,0.7241517935354498,0.793834476759635,0.8510887196233303,0.9656250000000002,0.8942631579092644,0.9293199127017768,0.9458674971126175,0.9190462651000917,0.9656250000000002,0.9147196413525656,0.7751970182648482,0.964040252388596,0.9163339973465923,0.9362456943690349,0.9610366993022685,0.9332303128187658,0.7834421060580531,0.9555383641697375,0.9610366993022685,0.9610366993022685,0.8342814558669873,0.965625,0.8264925818075504,0.8806288736252947,0.9057246972976494,0.9439313629298689,0.965625,0.9582144552981327,0.942546448360206,0.9555383641697377,0.9625131050152524,0.8227168701728212,0.5891401655413022,0.9610366993022685,0.942546448360206,0.9312607396704553,0.8480451455932456,0.5385072660612485,0.638717060576006,0.8674107520354712,0.862972057535754,0.7813013083783413,0.9740699527808631,0.967275815149292,0.9208725034246268,0.9672758151492922,0.9332303128187658,0.5069074692287081,0.9255134534695351,0.9610366993022685,0.9582144552981327,0.9625131050152522,0.6631775852479829,0.9436389526644005,0.9656250000000002,0.964040252388596,0.9568599156354451,0.9582144552981327,0.9481608601832732,0.965625,0.9690033562225546,0.9264564493231808,0.8546450937171783,0.9458674971126175,0.9625131050152524,0.7492532520172365,0.8592642631772309,0.9481608601832734,0.9529828655437631,0.8691958391075139,0.28525113979810746,0.9332303128187658,0.8451634443215719,0.9517441295565183,0.9756340559373771,0.9690033562225546,0.8217392653025241,0.9332303128187658,0.8117728822598587,0.9542468650366516,0.9568599156354451,0.9352318345617441,0.9057246972976496,0.7834421060580531,0.910548062587494,0.8508940408143366,0.9582144552981327,0.9166782713163664,0.5449614432040264,0.9342268638258988,0.932241742150131,0.967275815149292,0.7298781721393243,0.9582144552981327,0.9582144552981327,0.5209202277057925,0.6589477955093515,0.8841024249642828,0.9582144552981325,0.9672758151492922,0.9582144552981327,0.9362456943690349,0.9154363928771065,0.8012314698665081,0.9582144552981327,0.9372689456075765,0.9493347822888889,0.8620020752690567,0.842246813951878,0.9582144552981327,0.9022452837148789,0.9312607396704551,0.8129069456777992,0.8106317357470559,0.9372689456075762,0.8927407985750284,0.9610366993022685,0.7950896414683805,0.9582144552981327,0.8332650413138045,0.9436389526644005,0.8841024249642824,0.8952405742361538,0.9596053879391779,0.861092113458608,0.9529828655437629,0.9582144552981327,0.9967852693591663,0.8733481182086195,0.9582144552981327,0.992787606045791,0.8301944662164017,0.8700853537305535,0.8480451455932456,0.7887187728537041,0.9582144552981327,0.8184753916628579,0.8814987207179201,0.964040252388596,0.8780124908814333,0.8480451455932456,0.9236430180495616,0.9245757305468909,0.9145417437978427,0.9610366993022685,0.9937522140875702,0.906597867618917,0.9470055188469617,0.7529893735715616,0.9357316532939286,0.8936031902522537,0.9470055188469617,0.9625131050152522,0.9436389526644005,0.9582144552981327,0.965625,0.9190462651000917,0.8108977844528866,0.9505286850464207,0.9404006431802037,0.9555383641697377,0.8342814558669874,0.9596053879391779,0.9555383641697377,0.9505286850464207,0.9582144552981327,0.9517441295565183,0.9005120111662774,0.9208725034246266,0.9403409090909088,0.7642090818022306,0.967275815149292,0.9791100127950296,0.9470055188469617,0.857955544885033,0.9843798933538865,0.9672758151492922,0.8252424423240546,0.9312607396704551,0.9541896299485402,0.9447456538980155,0.9493347822888889,0.9199574485923747,0.9552175050422179,0.9332303128187658,0.6299503038670398,0.9388575045336476,0.9458674971126175,0.9172347260035332,0.9505286850464205,0.9383021271292233,0.8683043280893405,0.8162678987494558,0.9217916370027819,0.9542468650366518,0.8095347141367151,0.910107340129978,0.570445016086435,0.928832793406798,0.9470055188469617,0.8499479257057734,0.9505286850464205,0.8780124908814334,0.9458674971126173,0.9302869180633686,0.8301859677307101,0.9610366993022685,0.9449933732356441,0.8883730833751751,0.932241742150131,0.9625162230164761,0.965625,0.8451634443215719,0.6570095370506115,0.964040252388596,0.9312607396704551,0.9542468650366516,0.9542468650366516,0.9625131050152524,0.1880681818181823,0.9383021271292231,0.8565016117177142,0.9283593797331273,0.9568599156354451,0.9568599156354451,0.9240714630961304,0.6455474190141607,0.9542468650366516,0.8944656454039726,0.9582144552981327,0.964040252388596,0.9582144552981327,0.9582144552981327,0.9199207156261615,0.4789197198624878,0.9332303128187658,0.9582144552981327,0.780739467392281,0.7424803469996581,0.9302869180633685,0.9370517719232341,0.9430998431724231,0.8402819095372958,0.6122611620575713,0.6168592556746901,0.9040056117932131,0.41036239106927785,0.7158648835842756,0.964040252388596,0.9845214236147153,0.8454867220715399,0.9186425876141022,0.9383021271292231,0.9762777185243531,0.37551611492949577,0.8397383481014538,0.964040252388596,0.9145417437978427,0.9610366993022685,0.918138754358939,0.4540972984960917,0.9447456538980155,0.9470055188469617,0.948195970795533,0.9372689456075765,0.9227150661971699,0.9892083965651993,0.934226863825899,0.9610366993022685,0.9493347822888891,0.9596053879391779,0.9293199127017768,0.956886861615954,0.8683043280893405,0.9625131050152522,0.8823675467067158,0.3936067758446191,0.8521929255346838,0.9092272046561756,0.9568599156354454,0.8129069456777992,0.9393458182324887,0.9690033562225546,0.8402819095372958,0.9098414308144027,0.6631775852479828,0.8723257484157794,0.9493347822888891,0.5498119605838772,0.9031133691845501,0.9582144552981327,0.9625131050152522,0.9312607396704553,0.9582144552981327,0.8858340936764979,0.9493347822888889,0.9555383641697377,0.9393458182324887,0.861092113458608,0.9470055188469617,0.7861013304270679,0.9672758151492922,0.83018596773071,0.9818060040046752,0.9285879473948486,0.9555383641697377,0.9529828655437629,0.8343397916505891,0.9302869180633686,0.9458674971126175,0.8532920118076426,0.9013781987087914,0.8441952219411115,0.6942728322121243,0.9332303128187658,0.752533849186763,0.8858340936764979,0.9383021271292231,0.9672758151492922,0.9481608601832734,0.9596053879391779,0.8674107520354715,0.9662757781656683,0.9118739328932484,0.9568599156354449,0.8322437174658707,0.8691958391075139,0.9690033562225546,0.6544809036450439,0.9610366993022685,0.932241742150131,0.9312607396704551,0.9447456538980155,0.6672982009945427,0.9383021271292231,0.9868438546677248,0.961290891629511,0.981806004004675,0.9568599156354451,0.9625131050152522,0.9690033562225546,0.9582144552981327,0.5909158639446388,0.8892901999095577,0.9095012704040786,0.9342268638258988,0.9582144552981325,0.9452575897741526,0.8555748757838357,0.9227150661971699,0.9362456943690349,0.9208725034246266,0.9109895373928905,0.9022452837148789,0.8048151292800534,0.9404006431802039,0.9227150661971699,0.9137421426486896,0.910107340129978,0.964040252388596,0.9199574485923747,0.5301418640428824,0.9610366993022685,0.9302869180633686,0.9690033562225546,0.9404006431802039,0.9555383641697375,0.9690033562225546,0.9517441295565183,0.9414672763813328,0.9582144552981327,0.8700853537305534,0.9048529663349028,0.965625,0.9582144552981327,0.4540972984960927,0.8432058376194185,0.8713002539551251,0.9568599156354451,0.9625131050152524,0.9542468650366516,0.9568599156354451,0.9568599156354451,0.9332303128187656,0.9582144552981327,0.39360677584461723,0.6455474190141608,0.9582144552981327,0.9458674971126175,0.910107340129978,0.9656250000000002,0.9610366993022685,0.964040252388596,0.9596053879391779,0.9568599156354449,0.8289684270198121,0.9206136392290403,0.9470055188469617,0.772984514153536,0.9582144552981327,0.9236430180495618,0.9610366993022685,0.9458674971126175,0.864026090958365,0.9245757305468909,0.965625,0.9596053879391779,0.4668815734757126,0.98145106467318,0.9481608601832734,0.9582144552981327,0.6092357624483304,0.9893688617336196,0.9383021271292231,0.8674107520354715,0.9505286850464205,0.965625,0.942546448360206,0.9610366993022685,0.9236430180495618,0.9418147080511319,0.9582144552981327,0.9582144552981327,0.9031133691845497,0.14649376057562757,0.8665150422521173,0.9542468650366516,0.9505286850464207,0.8903419420496907,0.9555383641697377,0.8619140019352792,0.8059936873009326,0.9582144552981327,0.9582144552981327,0.979958676545309,0.8962170259453925,0.9199574485923749,0.8529481410826931,0.7298781721393242,0.8480451455932456,0.8683043280893405,0.7912959918600065,0.9447456538980155,0.8108977844528866,0.9582144552981327,0.9637550377043786,0.9625131050152522,0.09827945374704139,0.861092113458608,0.9656250000000002,0.861092113458608,0.9582144552981327,0.9582144552981327,0.8151543300838584,0.9582144552981327,0.8083276721850536,0.9493347822888889,0.8823675467067158,0.9172347260035334,0.9404006431802039,0.9172347260035334,0.8182413486180345,0.8771378467726847,0.9582144552981325,0.9302869180633686,0.7709128636729369,0.9596053879391779,0.965625,0.906597867618917,0.8503975671878505,0.6309450911490522,0.932241742150131,0.9593605721085061,0.8841024249642826,0.9582144552981327,0.8923050495306928,0.5972411246686107,0.6752318008799825,0.8953282497576123,0.8892901999095579,0.9791100127950297,0.9688588518247441,0.9166782713163664,0.9457879562525047,0.891878386060835,0.7723678106736597,0.9732924283946004,0.9672758151492922,0.9910578376517607,0.9436389526644002,0.8804252291828121,0.25655360715563325,0.9568599156354449,0.8979178384019253,0.9414672763813328,0.9302869180633688,0.9564941110945047,0.9273614004407342,0.9302869180633686,0.9690033562225546,0.9690033562225546,0.9199574485923749,0.9877180384539763,0.9145417437978427,0.9582144552981327,0.9672758151492922,0.9493347822888889,0.9493347822888889,0.8971926092335731,0.9529828655437631,0.9568599156354454,0.9998226281102465,0.9127606676606757,0.3110882524899772,0.8532920118076422,0.932241742150131,0.8546450937171786,0.8362999234766118,0.9582144552981327,0.9109895373928905,0.9582144552981327,0.8946434909616015,0.14649376057562669,0.9447456538980155,0.9458674971126177,0.8814987207179203,0.9582144552981327,0.9074031733450507,0.8402819095372958,0.49028381022475076,0.7847770412204684,0.7937778688175783,0.7766003415235199,0.9625131050152524,0.8883730833751753,0.9088679893884182,0.8743674594684081,0.8713002539551251,0.9470055188469617,0.8709729405791933,0.9690033562225546,0.9892083965651993,0.9582144552981327,0.9163339973465923,0.942546448360206,0.9030333503116554,0.6631775852479844,0.8784164439301572,0.9582144552981327,0.9568599156354451,0.9059500308908426,0.8858340936764979,0.9145417437978427,0.8466183234571398,0.8312173911187126,0.9582144552981327,0.8024341677705482,0.8875631490366904,0.9362456943690349,0.9582144552981327,0.7389815511680629,0.9529828655437629,0.9656250000000002,0.9470055188469617,0.9568599156354451,0.8736248211051396,0.9957912204911727,0.9154363928771065,0.941467276381333,0.9728647695971406,0.9470055188469617,0.8461277862534453,0.9582144552981327,0.9404006431802039,0.9582144552981327,0.0,0.862909488252414,0.9048529663349028,0.09827945374704139,0.9393458182324887,0.8713002539551251,0.9688588518247443,0.9362456943690349,0.9582144552981327,0.7509020511212645,0.7665120954685227,0.8771378467726845,0.9383021271292231,0.9302869180633686,0.9625131050152524,0.9383021271292233,0.5630631104484924,0.9312607396704553,0.9553459570547012,0.8312173911187126,0.9312607396704553,0.9362456943690349,0.9625131050152524,0.9057246972976494,0.9312607396704553,0.09827945374704139,0.9436389526644005,0.9593605721085062,0.9057246972976494,0.9568599156354454,0.5630631104484922,0.9458674971126175,0.9109895373928902,0.9302869180633684,0.9892083965651993,0.9293199127017768,0.5209202277057926,0.9667798280829099,0.38781197413886837,0.8451634443215719,0.9362456943690349,0.9190462651000917,0.7492532520172366,0.9274049943645877,0.9245757305468911,0.942546448360206,0.3110882524899772,0.9610366993022685,0.9190462651000915,0.9127606676606757,0.9404006431802039,0.9404006431802039,0.918138754358939,0.9625131050152524,0.964040252388596,0.7479438447029536,0.9393458182324887,0.8901531678626451,0.9845214236147153,0.9383021271292233,0.7898018532418964,0.9481608601832734,0.9372689456075762,0.9582144552981327,0.9365592830429992,0.8996466204791784,0.9784926679114252,0.9637550377043789,0.795203398739586,0.964040252388596,0.9332303128187658,0.7430470265323554,0.9436389526644,0.9542468650366518,0.9393458182324887,0.9172347260035334,0.7526871690274917,0.8699902529647103,0.9505286850464207,0.8718586682882636,0.9568599156354454,0.7245421772462481,0.8537121927533957,0.9610366993022685,0.9596053879391779,0.6739163003846309,0.9404006431802034,0.9610366993022685,0.9163339973465923,0.732287743007687,0.8565016117177144,0.970134355730177,0.9555383641697375,0.7860925850857807,0.9458674971126175,0.9662757781656683,0.9610366993022685,0.7784011175270165,0.9458674971126173,0.964040252388596,0.9118739328932484,0.9447456538980155,0.9596053879391779,0.14649376057562669,0.9057246972976494,0.1880681818181823,0.8508940408143366,0.964040252388596
p333_Q,0.9621825553065515,0.7257783125828112,0.9824319869134157,0.9048784168015921,0.980682779015039,0.7738965054378312,0.7658205976314183,0.7671281859159604,0.6844326109433232,0.8694930837030936,0.9803010659756759,0.9424781900280401,0.9711093465704743,0.5349473510730586,0.942955882517637,0.8430116300946255,0.8292701652671418,0.952246072895819,0.8902849828282725,0.7982162294178603,0.9103047281787592,0.9535215586917307,0.8286827798191463,0.8996699165287372,0.9386703656708343,0.7752272051820448,0.6934250323426804,0.8228059758410158,0.7982162294178603,0.5996197917478061,0.7750376780878003,0.9481022094664502,0.8124915484069639,0.9121372710878786,0.8922864636322452,0.7492532520172361,0.8692863322387205,0.6835594549825221,0.87638266886087,0.6032603709104436,0.8546848578101793,0.7796408266647485,0.9681858530496634,0.8458727058218378,0.8564391918520342,0.710848193974613,0.9074116486170118,0.7077376858099824,0.8267851661932402,0.7260075062067273,0.9481022094664502,0.6175064745636459,0.7752272051820448,0.8334774900174389,0.8920624426086246,0.8592082635519909,0.8151817498398597,0.8333555867103808,0.9084913450951562,0.8226831008260223,0.7095762237028747,0.9859944091576697,0.9976671932161751,0.9585546647054801,0.73769338845555,0.736880498593228,0.8892257387664576,0.7502390560686518,0.984034754370956,0.8902849828282726,0.5478503927022644,0.8267851661932406,0.9217519020931764,0.5360245302546864,0.8333555867103808,0.8791609846356736,0.8292536744184097,0.7152469264577267,0.5764997386641186,0.773896505437831,0.9295590647145762,0.8635282146745935,0.8997276216491683,0.7752272051820446,0.8333555867103808,0.5057407184048818,0.9535215586917307,0.7549222054279998,0.8161287529973076,0.8279535638583029,0.8333555867103808,0.4155087790914713,0.5662245699912329,0.7183223403983201,0.8650328618718515,0.7590489442948989,0.40187152799983716,0.978973937346113,0.6682836721843097,0.6382853475225865,0.7491419792716625,0.7471844708650974,0.6951973979147167,0.5967434136755763,0.9855817954418449,0.8629094882524138,0.6404449656833161,0.65281556298815,0.8907404833799739,0.6355752490903275,0.40494408105306456,0.9201991471049293,0.8914396536580917,0.7855126750176304,0.8446109430683049,0.8077005556806167,0.9331873466532814,0.862909488252414,0.9929562774279699,0.7165263707011744,0.9962518786235228,0.5313032351831727,0.6218619424794773,0.866360909617597,0.9068249525754628,0.6414622292770862,0.899669916528737,0.7711721835626064,0.9429971838022235,0.875449443987103,0.7006561941025251,0.7471844708650968,0.8241569180596202,0.87638266886087,0.6934250323426805,0.7896204147304233,0.739750664312004,0.9542945594732946,0.8830333887596131,0.8505519961852752,0.8364733557074278,0.8694930837030932,0.6586653616685392,0.4653839317097883,0.5306887242640351,0.7620190723782663,0.8930420171667195,0.643257851615546,0.9049850794674033,0.5240470183016643,0.8351374168488657,0.88752933357764,0.7762417958512621,0.8552392593069018,0.8566913284130391,0.8379276408825636,0.6013009509332298,0.9591006745074232,0.7963100057607231,0.5938717486553928,0.827130498687306,0.8727858819625125,0.7695663614396276,0.6698350577677707,0.9640451837220372,0.5567513451864345,0.8844100938459587,0.9755328899313291,0.8997276216491682,0.7498443095209253,0.7404646098111333,0.8565847204007373,0.8766326541752212,0.7650563894650606,0.9080743155486823,0.6001011923402937,0.8197691174227543,0.7952703407984674,0.7207853986955173,0.9635534703954234,0.9338636508180884,0.8412989665928012,0.8151817498398594,0.9711093465704743,0.7627570000355064,0.5935696990455388,0.7725859801398067,0.8322488964804924,0.9112558777938654,0.8962941740028064,0.9062897869037814,0.8594833999122522,0.6736853886523615,0.6397241866056989,0.7985527786402571,0.8333555867103808,0.8389027479487041,0.7592834687851845,0.7932564499515096,0.7962612761254794,0.7746009240200369,0.9711093465704743,0.8333555867103808,0.9374349799170126,0.7537553859365129,0.9064142711340988,0.8333555867103808,0.7308890486460577,0.8370816133307346,0.7847896576543318,0.7124873102449323,0.6059907127842781,0.6853167749203161,0.8333555867103808,0.7641660898357132,0.8333555867103809,0.8063903826925563,0.6739528003686706,0.663536384170222,0.8333555867103808,0.997648004129311,0.8333555867103808,0.9099218658457171,0.8929088836110013,0.5373625114685425,0.9284649514206409,0.7157841180907438,0.5906394284667225,0.822683100826022,0.9243487433448528,0.7979426727616281,0.6319972697604904,0.6610404298369716,0.671547917277387,0.9217601491198758,0.7548159619952908,0.9151779056798248,0.9239210673151492,0.6844471820330688,0.7603459520179954,0.7603459520179954,0.8175324891292575,0.35923982313456637,0.9620275776222871,0.8333555867103808,0.8544531315394652,0.8333555867103808,0.6639130317040545,0.6641365881364643,0.8830333887596136,0.9990825408341074,0.6032803790383723,0.8389027479487041,0.8700170104261165,0.8420007259659188,0.4223677998920896,0.8674729302410253,0.7570174447771874,0.8446109430683046,0.42128410152103746,0.8878185588552019,0.7321730212720989,0.8279535638583029,0.9580186848345917,0.6426718581430721,0.87638266886087,0.9556274462816521,0.8102084831056793,0.8489085250255921,0.7367129701389674,0.39797622029092306,0.9542945594732946,0.857929675363418,0.7163694003130712,0.7393901912358349,0.8629094882524138,0.6749435886957782,0.9269777821149365,0.6756045082046622,0.6679860995828992,0.8629094882524138,0.9126384672845507,0.6734218683607156,0.9067422366276938,0.9122544502114628,0.5966025286944805,0.7157841180907439,0.889617580514629,0.5972175402010076,0.8505519961852752,0.7471844708650972,0.8413855291881589,0.51616996200383,0.7492532520172366,0.682518960056838,0.6766684437513402,0.9837907854071211,0.9030091599668504,0.9255429155310315,0.6951973979147167,0.7373752480801216,0.6756767827074259,0.7916225077062025,0.6315924603530265,0.8348978105545919,0.8099851764138049,0.9609000433629185,0.9391389781483688,0.6392217785878255,0.7577496476202727,0.8072409573376409,0.5537430716927138,0.7302346181171151,0.6462941776624382,0.3693354053640958,0.8720586042798709,0.8594833999122526,0.8720586042798707,0.9689156398736257,0.8754494439871032,0.6028176040727914,0.8446109430683042,0.8333555867103808,0.8504989784061947,0.9197760771895613,0.5888771103329691,0.8629094882524138,0.9405520062621223,0.7998414010900526,0.8333555867103808,0.8907404833799737,0.9608008482337905,0.8127543749601968,0.9613949478366429,0.9028741276230614,0.6051331182784383,0.9542945594732946,0.6647895199297071,0.6033035185376215,0.816820972135697,0.8390151798075178,0.43493080754503444,0.876011295842658,0.7931901820493832,0.6027296748093207,0.8334774900174386,0.798897203016278,0.812754374960197,0.5977838530481896,0.5327763133991421,0.5497759326610874,0.9651152981916035,0.8565847204007369,0.8320306829799949,0.5938717486553928,0.6228020718059715,0.626960917116439,0.4946863507057324,0.8333555867103808,0.7281124319299295,0.9650003312457804,0.600446814018716,0.8977843853303171,0.9064142711340988,0.6550282233373796,0.8333555867103808,0.8333555867103808,0.9049850794674033,0.8419783210153593,0.4779804428713219,0.8333555867103809,0.7982162294178607,0.6951973979147168,0.740464609811132,0.9473067249484706,0.7157449861595748,0.8719900286803044,0.5424114069402173,0.7298393669997532,0.5871394818061979,0.6687793604014258,0.8333555867103808,0.9915772203305167,0.5373625114685421,0.6464611057174827,0.6426916917231891,0.9795607074292979,0.6550088338635671,0.7471844708650972,0.5850291816594064,0.8333555867103808,0.5082737843228913,0.793272151774572,0.7065153291397159,0.6505366389901032,0.978795746311197,0.6189046900913618,0.657035823581968,0.8333555867103808,0.8088000655869729,0.6655399844263739,0.8333555867103808,0.8962941740028063,0.9743409021299017,0.8995304255831049,0.4974262794339246,0.5933498629382821,0.8333555867103808,0.7564727126057778,0.8198742249039588,0.9405520062621224,0.825859067581008,0.716564778126316,0.785221310371228,0.7897308967898515,0.4929962338062759,0.8446109430683049,0.9528934221970997,0.7218754396667708,0.7808497980562928,0.6826194454399881,0.5244587623235428,0.8973034632391533,0.860402838722307,0.8504989784061951,0.6342982306533258,0.8333555867103808,0.9255429155310315,0.892018687554482,0.8878752237796683,0.9803010659756759,0.8490779672106863,0.8226831008260223,0.9623418761626363,0.9180285777311642,0.8505519961852752,0.8421019296104755,0.7541282748365794,0.8035567003592374,0.9720457660204828,0.6153642331809598,0.8981674209551731,0.6725363963631774,0.9459009791418811,0.95911347591209,0.9004322524634261,0.7802282484849772,0.8292536744184098,0.7982162294178606,0.9568165191056206,0.9197501444304765,0.852849539411257,0.9412654561733835,0.8476498264709564,0.9197760771895613,0.9041862347368662,0.9094420953543781,0.8886413082618776,0.7165436500210416,0.7695663614396279,0.9415764394796309,0.9803010659756759,0.7539434773645888,0.574797973852718,0.582497220653406,0.6589340446117765,0.856439191852034,0.8021705124443308,0.6662561862241727,0.8896043244603336,0.8780766889292517,0.8125698569594539,0.4999299373656365,0.954930065345126,0.9952181931164794,0.9250576155467345,0.8751596567464958,0.6494809115237041,0.7157841180907438,0.993657102564329,0.9206102581945704,0.7409669185601431,0.9585546647054799,0.862909488252414,0.8724792137758547,0.7907987299578068,0.7715031580899789,0.8475838509548175,0.7205940589275726,0.910777245021819,0.9481022094664504,0.862909488252414,0.5921363002158423,0.5669211725931897,0.8533689485747917,0.9424781900280401,0.8571037141749209,0.6936406187495034,0.8390650969911146,0.8990395688839348,0.4947838185022886,0.8333555867103808,0.8565893759313061,0.8333555867103808,0.8333555867103808,0.6382853475225865,0.7886533660780273,0.5922498579183899,0.8333555867103808,0.5285720990857425,0.6275847184487346,0.837081613330734,0.6410443025026176,0.993104427633225,0.819029086270463,0.7203947065623171,0.6981502760441762,0.7157366328905042,0.8920624426086246,0.9950105793892039,0.8565893759313061,0.7689784977830634,0.6256216360909863,0.6527498196992223,0.7819841067247495,0.945109705409731,0.9620275776222871,0.7703436218460846,0.8053129277244078,0.6093635172407341,0.8760112958426582,0.5739046954011868,0.9222105570349484,0.8740206815310337,0.8047662889377196,0.7350769911566326,0.8338442739329378,0.7985527786402575,0.9321523113665873,0.8780859857151437,0.8760112958426578,0.8227962496162924,0.7357270719910658,0.9401137506111498,0.7823395565080913,0.6952732293114163,0.8830333887596136,0.7985469659129568,0.8175324891292581,0.8955384047956092,0.7859268611367025,0.8571037141749209,0.6211810508443969,0.7500297475261815,0.8516122444825636,0.4483997282824479,0.726853837006519,0.76761821181986,0.5987216901887402,0.7298393669997533,0.7493254526246371,0.9399038226684217,0.8333555867103808,0.8504989784061951,0.8615836432768005,0.9603863440630984,0.719257220162309,0.996771287598941,0.9062897869037814,0.8997276216491684,0.6057346600663296,0.7330168162934398,0.6016955408537843,0.8694930837030939,0.4591564064619368,0.8788170634534764,0.8069092191497123,0.8226831008260223,0.842701243385843,0.8324648722632204,0.625768757480095,0.6051331182784384,0.8471238038720739,0.8048404303433399,0.607698881452028,0.7653964416217041,0.6913724321171364,0.6435736285068292,0.7334119589477279,0.7961318788110125,0.8720586042798705,0.768081214721642,0.9604370851087702,0.8475890751228307,0.9933890030908337,0.6811450557801604,0.8279535638583027,0.614694625345459,0.595927495905348,0.8516122444825635,0.8004251000314799,0.9702123541657188,0.6625581851750559,0.8669726846727095,0.8027300594516966,0.8494821724783066,0.8241725081711732,0.963850119501056,0.8180412946056624,0.8280750621923763,0.9429971838022233,0.9155677991130318,0.8516122444825635,0.8333555867103808,0.9517863007673772,0.6375099875330449,0.5716330085960437,0.6205032447981829,0.8333555867103809,0.7408820911039142,0.3766812829269589,0.7985527786402571,0.8637749650539771,0.8944935577060378,0.44790439096701107,0.7480107950530939,0.6518968276320176,0.6954035569236956,0.7565644466728266,0.6884363605615553,0.8272430739534049,0.8903991455657347,0.6766383019746667,0.793168492983794,0.93558658751122,0.6257687574800956,0.8127543749601961,0.8056952552234846,0.6756767827074259,0.8516122444825633,0.7776305711004288,0.7271287224155968,0.724662836375648,0.9398726364185181,0.9939366211891136,0.9334253536579322,0.8628210251713138,0.9470641338896126,0.5310192254216517,0.6315924603530265,0.8565847204007369,0.8892257387664577,0.84470151571415,0.8565847204007369,0.8279535638583029,0.9121372710878788,0.8333555867103808,0.9533776220537196,0.8570130258644103,0.8333555867103808,0.6051331182784383,0.6662561862241727,0.8629094882524138,0.8446109430683049,0.9743617758965512,0.978795746311197,0.8279535638583029,0.6019918286312501,0.7025114683415161,0.8364863478408804,0.7064201878666303,0.8333555867103808,0.5148094635702471,0.7157841180907438,0.8165472880571105,0.6780391705913822,0.739515746751632,0.7492532520172364,0.8268778248611148,0.8663706046729465,0.8943435720746804,0.8899306082567796,0.8333555867103819,0.8754494439871032,0.6087461691903495,0.866360909617597,0.7116419197319956,0.7659889277188263,0.9608008482337906,0.6256128504387235,0.8760112958426585,0.6404449656833153,0.7777318877335897,0.8333555867103808,0.901455467141236,0.9523230791293595,0.9064142711340988,0.5727431557421909,0.9262085954688273,0.6898759258271765,0.6586653616685392,0.8226831008260223,0.5553160107537444,0.5843785286838346,0.8333555867103808,0.8333555867103808,0.9269777821149365,0.7374349603166523,0.6071703661989822,0.6401045686210762,0.7092088440136914,0.5232072792800886,0.7622039267884706,0.6486102863643466,0.5969498880876594,0.656399334410044,0.8333555867103808,0.9300864725779536,0.8504989784061951,0.87638266886087,0.42135423971587715,0.8629094882524138,0.6304035984817968,0.8333555867103808,0.8333555867103808,0.6248989236374536,0.7541282748365798,0.6515145969012885,0.8973569801802843,0.5191379808603223,0.9395759839394253,0.9556998288469057,0.9905106596169725,0.6025843734316165,0.5155297360661701,0.8333555867103809,0.5682170114955414,0.634200779448677,0.8996699165287372,0.862909488252414,0.8162467666481124,0.9342742505631888,0.9429558825176368,0.5057407184048818,0.9908206693987864,0.9700950632094889,0.8333555867103808,0.6798833981200263,0.7997734685989584,0.7208595115435923,0.6941002436455935,0.7667259438737245,0.9371820070526748,0.8645759689407397,0.5243535899614031,0.9580186848345915,0.8592506420573469,0.6901813166174051,0.9107772450218188,0.9802566459961093,0.9307077762079483,0.7979377653422226,0.6949786493049814,0.8504989784061949,0.8279535638583029,0.7275070480520935,0.8546193973191554,0.6833205034646488,0.9446848032303601,0.9681858530496634,0.7408722494492026,0.9152405383832367,0.9152405383832365,0.6419043340868242,0.8179166933767428,0.7256805774195021,0.9217519020931764,0.9828221665728859,0.9286679818370666,0.996771287598941,0.5343609430315914,0.8124915484069641,0.8565847204007375,0.9912878046883848,0.7341053260998793,0.8692863322387205,0.6344646874692335,0.8277850478218785,0.6545936587210415,0.614639411719236,0.8333555867103808,0.383113167215932,0.9898517825240297,0.677734586382637,0.8694930837030936,0.9412654561733835,0.7841148356942869,0.6787525594818322,0.8333555867103808,0.5889266521392666,0.4867406963501735,0.7841148356942866,0.5930760700244104,0.5752587669452338,0.5663809329885233,0.8504989784061951,0.6115320942517706,0.939476481888017,0.9125841372554573,0.5908080588805045,0.6134343618863061,0.5305901847601612,0.7738965054378302,0.6851838345305861,0.7835937132975109,0.8011847786567325,0.8491376457215198,0.6849286466928937,0.7155172599880972,0.5050493397608196,0.8628210251713133,0.8565847204007369,0.7373896768981765,0.6201740486643761,0.8587219817431454,0.6085410234078545,0.5940186084379793,0.8333555867103808,0.5973976579970461,0.8212482799507514,0.5760508028206733,0.8333555867103808,0.5818752379363947,0.8692248747863967,0.8629094882524138,0.8125698569594539,0.8565847204007369,0.7707098370425697,0.8206483255024005,0.8685702285422986,0.8812215204080566,0.7757275434022871,0.7569333071748658,0.4948557379013334,0.8333555867103808,0.762312543236283,0.8333555867103808,0.862909488252414,0.0,0.6205452934861679,0.87638266886087,0.8864182724608494,0.5015753315794342,0.705745973458245,0.8637749650539772,0.8333555867103808,0.7003502447366213,0.7502608604849701,0.7488500180890783,0.7397957052783259,0.760345952017996,0.8892257387664577,0.7539434773645892,0.7706396922912275,0.9779166455841535,0.7300443545616742,0.5178467573617231,0.9779166455841535,0.802119787432555,0.7265536869993658,0.968148657039066,0.9779166455841535,0.87638266886087,0.8159827119347502,0.8996699165287372,0.6564402621276131,0.7139479314627502,0.7914563256478502,0.6286235815871799,0.8393921477711164,0.9902631487156042,0.9082358204851604,0.7371085431522022,0.8155751613542841,0.8852158769431717,0.8725034033256203,0.8834616795401375,0.7610163356849403,0.909251963552296,0.7308890486460577,0.7849443883744645,0.9205747300049079,0.6703178094952824,0.8692863322387205,0.9074116486170116,0.8667154484761206,0.8229681686540119,0.762312543236283,0.8255516928853006,0.8787752140930376,0.8504989784061951,0.8565893759313061,0.9247518810119199,0.822262040693855,0.659881582863033,0.9061937812069654,0.9437912838734959,0.9447054768957331,0.7193414573075874,0.8330895923610961,0.9217519020931764,0.7167659904356991,0.705777006362595,0.8533689485747915,0.7590489442948989,0.932308983660615,0.9067422366276937,0.9292666101941272,0.8686339948072035,0.7979377653422228,0.8292701652671421,0.9505745042278442,0.8886413082618776,0.9504820637860455,0.908666433153293,0.9182149315021249,0.9570562442277469,0.7425790880051844,0.9960257989433114,0.6606893428869821,0.7471844708650976,0.8996699165287372,0.6746897761760997,0.7623125432362825,0.8727858819625123,0.945967482109322,0.6371137690062594,0.7888844262427137,0.7035456780666784,0.9620275776222873,0.6079878018810605,0.8635282146745934,0.7461062377503511,0.9041862347368661,0.62215282279603,0.9339996046008175,0.8565893759313061,0.762643887082683,0.8971099143179816,0.7964942405710984,0.8694930837030936,0.9368644003029558,0.9334253536579322,0.7793822109889705,0.8903991455657347
p333_Y,0.7569332245424996,0.8664319147745596,0.7536267205171054,0.9444660552906168,0.8729220086343701,0.91420396482916,0.762084553532403,0.7599061957251065,0.18896714095107214,0.9094222802137255,0.8630676692554227,0.9816765170101118,0.8498492366106387,0.8235335835879465,0.7912585987069269,0.8863227994877727,0.9692816537416273,0.8439974845602782,0.9048529663349025,0.9528733312996049,0.8555808037552213,0.8597630494484776,0.9377548995041074,0.8881911996032124,0.856513734361839,0.4076426225332346,0.8733592706140672,0.5513621991861637,0.9094222802137257,0.6073630851763319,0.4756768790396215,0.8357414755466406,0.9010752173319363,0.53155399729089,0.8729220086343699,0.9048529663349028,0.9239484101648905,0.8698606290925377,0.91420396482916,0.8409735269221552,0.7709128636729377,0.9083842102471885,0.9486052736174682,0.7337352550477136,0.8733592706140669,0.6686639708529309,0.8921529459435535,0.32079271488153327,0.8409735269221552,0.6554344714478357,0.8962395095530544,0.657503415885154,0.43436976156560925,0.8664319147745585,0.8492080767528756,0.8379864720100323,0.8379864720100323,0.8843412180810759,0.6331173306312387,0.8769340287666243,0.3133870347865698,0.6405198299842843,0.9509060406897774,0.8308558218739317,0.9004665216997629,0.47927399236021717,0.8962395095530544,0.9674177437520439,0.854633623531185,0.9048529663349028,0.8207273071307539,0.8409735269221552,0.8843412180810761,0.3480420656434583,0.8843412180810759,0.7414709575547702,0.8597630494484774,0.8630676692554227,0.48327410114036107,0.91420396482916,0.8630676692554227,0.8778108787653005,0.8321144589218226,0.9421854031807239,0.8843412180810759,0.8124509893605874,0.9475105553701295,0.663409141788301,0.9711868004331378,0.8805919691825621,0.8843412180810759,0.7536267205171054,0.6620127827050362,0.5787569401450805,0.9831202037502917,0.874058708256752,0.7487487355795241,0.7438921262855449,0.43407520663534926,0.45325955586057143,0.8638929830074615,0.8921529459435535,0.8843412180810761,0.8252478711604008,0.7055028119584649,0.9048529663349028,0.788650463063169,0.4293516223903022,0.9427267985586811,0.43203692940155536,0.7174453857111873,0.8470607380739366,0.40058643708110553,0.7938276668994622,0.8921529459435535,0.496020766720804,0.8969433269275071,0.9463466002520928,0.9142039648291602,0.3170864198041885,0.9786801070181277,0.7390540974543198,0.8565137343618394,0.8292256120116166,0.8439974845602787,0.5271001478979628,0.8881911996032124,0.9338707104154631,0.9142868184584121,0.8768849664132673,0.3342158892654936,0.8921529459435535,0.8962395095530544,0.85714476591522,0.8733592706140674,0.64776251360859,0.9923956604623736,0.8962395095530544,0.8962395095530544,0.8769340287666241,0.6603673846396418,0.9094222802137253,0.4179085064576744,0.7251897817904789,0.7438921262855445,0.3572548058174394,0.8219095752798314,0.410050228838698,0.9988078975031645,0.5213174157840923,0.9094222802137255,0.7322386593454435,0.7211691718355007,0.8018603582410866,0.8962395095530546,0.5276889907538099,0.7609903403154132,0.8267085598113171,0.7501525105317921,0.7390540974543198,0.6660221722047611,0.9291067501802863,0.8501659032843123,0.8652534455408488,0.7659352327632296,0.832553592781683,0.7662827847560194,0.8108748358069338,0.8572820830599013,0.7146076915018464,0.8235335835879465,0.8805919691825623,0.5661637750490842,0.7828388150891775,0.6322839832446252,0.8821291187786655,0.9878402341692827,0.9122442101382064,0.8179456348562542,0.8155121542230561,0.981865395635785,0.5235189089632075,0.8638929830074615,0.9509337844381883,0.7912861179428936,0.6671803365948556,0.28409927714898064,0.8773327725545246,0.8664319147745587,0.8263658547164228,0.9425295786510808,0.8069977057853791,0.6715605744129729,0.5243806960143442,0.8489097160956809,0.8843412180810759,0.9954628312882465,0.9425295786510808,0.9447828619493629,0.7505070238692597,0.44574650730636645,0.9846286337140382,0.8843412180810759,0.7007287027958,0.4498258609985978,0.9094222802137255,0.8843412180810759,0.788251770984167,0.4479262704426522,0.2959934857575177,0.45420989775811704,0.7835260000876085,0.8805919691825623,0.8843412180810759,0.7703396588479936,0.8843412180810759,0.5971384019069873,0.6330044032084101,0.6411680365995567,0.8843412180810759,0.6839986230583686,0.8843412180810759,0.6387485898976741,0.5776838057222404,0.8097356591508624,0.7174453857111873,0.8921529459435535,0.4945094266573532,0.8769340287666239,0.8533158492412363,0.8597630494484778,0.8279671348677371,0.6072694782791062,0.8151872676642642,0.8962395095530542,0.8708177940079278,0.9974815124185252,0.7784491248459171,0.8053328620311526,0.6962707786361666,0.4479262704426513,0.9667700908399994,0.7390540974543196,0.762290446868867,0.8843412180810759,0.9762888695487268,0.8843412180810759,0.5962241564136265,0.807040204976804,0.9728163709531414,0.9371448389585988,0.4945094266573533,0.9954628312882465,0.7710824800623983,0.8565137343618388,0.7560746509446188,0.8630676692554227,0.383145584141804,0.9969856413462482,0.7078900133942543,0.7385173979265443,0.8299360848651322,0.8805919691825621,0.9403760806317427,0.7648923098048497,0.91420396482916,0.5548821911698258,0.9628206772138683,0.9014063051136869,0.5709022944124427,0.7150550657675057,0.8962395095530546,0.8629908249896133,0.96786798158862,0.5385100731677515,0.9048529663349028,0.38570592397115533,0.5699779999992516,0.8778108787653005,0.9604180674676437,0.9048529663349028,0.986298224407647,0.4989800000161754,0.9004665216997629,0.7882574758226732,0.8719065722690145,0.8921529459435535,0.8151872676642642,0.4608052364820173,0.8769340287666243,0.8921529459435535,0.8921529459435535,0.5413053702529549,0.9048529663349028,0.5755390126386907,0.4316945851342031,0.73905409745432,0.7725275033436161,0.9048529663349028,0.8843412180810764,0.8409735269221552,0.8769340287666245,0.8962395095530546,0.43019385043375435,0.8546629999631983,0.8921529459435535,0.8409735269221552,0.9392670709101125,0.5945723833106369,0.9658328143633006,0.8422391857506362,0.8059121371522742,0.8106687186330608,0.7340377504307072,0.7102776278080832,0.9094222802137255,0.43617936688479575,0.9094222802137257,0.8151872676642644,0.9671920603018179,0.8368289537654217,0.8861242286360498,0.8843412180810759,0.6060108913463822,0.860203126714369,0.8439974845602787,0.9048529663349028,0.9800452205340104,0.8805919691825621,0.8843412180810759,0.8565137343618388,0.9291724979963367,0.9142039648291602,0.7964377980480559,0.6283053537846462,0.8501659032843125,0.9728163709531412,0.6949039390584308,0.6104556250368494,0.9138735820988337,0.5370621943588884,0.6695237845356055,0.9969856413462482,0.48489265907340096,0.6016598051731934,0.6148740786253319,0.5959568919066569,0.9142039648291602,0.5065896690785268,0.8151872676642644,0.4790035808492955,0.8733592706140669,0.8805919691825623,0.9879474477821399,0.7390540974543198,0.5059693360327011,0.39686141339754855,0.5872875718311295,0.8843412180810759,0.3553280166695353,0.9277960702257779,0.8651528380388471,0.8816580378797019,0.9528733312996049,0.6349039671406516,0.8843412180810759,0.8843412180810759,0.9748863740666674,0.8839870117974675,0.7122997865296639,0.8843412180810759,0.9094222802137257,0.8843412180810766,0.8235335835879464,0.7659352327632296,0.44982586099859745,0.8843412180810764,0.8263658547164228,0.8597630494484776,0.6180336526519674,0.5633527940742686,0.8843412180810759,0.729423380907565,0.8097356591508624,0.4821425705279917,0.5353579982813408,0.8508641079512327,0.75459230521039,0.8921529459435535,0.4328258099917023,0.8843412180810759,0.5384920224795882,0.8439974845602787,0.4272491145560997,0.7522288351881301,0.9239484101648903,0.6155149568843241,0.8698606290925377,0.8843412180810759,0.9590988439653596,0.4981100704706871,0.8843412180810759,0.8998606144208525,0.5109776331835552,0.6404074698999782,0.5794020756999452,0.41519179543006146,0.8843412180810759,0.7882883014322446,0.5412735229771073,0.9004665216997627,0.710941469914186,0.6249129985320203,0.8733944802890482,0.4203682101272981,0.7634589213141179,0.8921529459435535,0.9538517566893452,0.27748318659044635,0.8533158492412363,0.3443536053991354,0.7824568254372375,0.7055028119584648,0.8533158492412365,0.8962395095530544,0.8439974845602787,0.8843412180810759,0.9048529663349028,0.7962081925656082,0.6086611941721327,0.8682093970897042,0.8350341233526903,0.8769340287666243,0.6011803273450466,0.8881911996032124,0.8769340287666241,0.8630676692554227,0.8843412180810764,0.8664319147745598,0.7781797977428584,0.8015829364862268,0.8876788640791468,0.3909356292852064,0.9094222802137257,0.8589653758489144,0.8533158492412365,0.568675902298651,0.8597630494484774,0.9094222802137257,0.6938980362162726,0.6882698009710875,0.9061270580745397,0.874233521593812,0.9182613867295792,0.7784491248459173,0.9230780328727826,0.8151872676642642,0.8708177940079274,0.8557513734431803,0.8778108787653005,0.6696195264511154,0.9876418120474262,0.4012021459379681,0.6354777446158222,0.5658230819986918,0.8458328644102187,0.8733592706140669,0.5444357204349901,0.7511848746211445,0.9346014730067136,0.8778108787653003,0.9096085494164841,0.5846688068540953,0.9526419804737134,0.6623491014741643,0.9607458052082645,0.8070402049768042,0.5896988009151771,0.8921529459435535,0.9187551764366546,0.6868550946534497,0.8355200055336254,0.8494484010540988,0.8876788640791466,0.7830639847022098,0.6744970136425184,0.9402558711168867,0.8553715264125032,0.8733592706140672,0.8733592706140674,0.9345279402530982,0.9048529663349028,0.8292256120116166,0.6028088441954378,0.8017049452124922,0.8805919691825623,0.8805919691825623,0.6364500571877738,0.9365058003465743,0.8733592706140674,0.7078900133942538,0.8843412180810759,0.9004665216997627,0.8843412180810759,0.8843412180810759,0.37711250250276984,0.8533158492412367,0.8151872676642644,0.8843412180810759,0.46852890655708057,0.365632969217377,0.8973472988653552,0.7784739651775217,0.7294233809075652,0.5579141082129451,0.8427849741418472,0.7784491248459173,0.32478427508351715,0.9010752173319363,0.8895533508913417,0.9004665216997625,0.5185475416213052,0.6872763039638894,0.42654238661462385,0.8292256120116168,0.9740664297104696,0.9425295786510806,0.8073717953579131,0.9402558711168867,0.7830229135792419,0.8921529459435535,0.8941874226782942,0.9475105553701295,0.9014063051136858,0.8814621993288598,0.47744322092212577,0.8263658547164228,0.3971573596983432,0.8652206498825272,0.9460183492307814,0.9230780328727826,0.9475105553701295,0.8881911996032121,0.9831231554159834,0.43776864149291284,0.6669849561400847,0.9345279402530977,0.773051057777288,0.9373075260324406,0.6990187826731019,0.7487487355795235,0.8805919691825621,0.5713957906036151,0.832114458921823,0.9142039648291602,0.5579141082129451,0.40691662862778233,0.8806416271814821,0.6274995460796993,0.8597630494484776,0.9787501824275471,0.8876724420937351,0.8843412180810759,0.8962395095530544,0.5741801328169818,0.976952054327751,0.6839986230583683,0.759997758224364,0.7950882218110951,0.8824497071979793,0.6155149568843239,0.8533158492412363,0.40794694066107984,0.9528733312996049,0.5299694125052477,0.9279256045685652,0.7613331916713569,0.8769340287666243,0.8698606290925377,0.8696038183727366,0.8747705253932176,0.8501659032843125,0.7833122058714376,0.4478143855910688,0.56874581925376,0.9254015278716049,0.8151872676642644,0.5320249030692894,0.6839986230583683,0.897700366615654,0.9094222802137257,0.8851936582303366,0.8615083264650415,0.6487232881123979,0.8127808658118236,0.7259968994217516,0.9142868184584121,0.5805133081066207,0.6379453701826279,0.9142039648291602,0.9719016957510405,0.8491704243993169,0.9277960702257781,0.8097356591508624,0.8742335215938124,0.8976139175517537,0.8292256120116166,0.9425535059673307,0.8279329785131319,0.8630676692554227,0.9816765170101118,0.8962395095530544,0.91420396482916,0.8843412180810759,0.9785019514254769,0.6935648268723928,0.6113522349842966,0.8179456348562544,0.8843412180810759,0.42796604821926365,0.6155850905772737,0.8369515654851626,0.8235335835879463,0.7809819176584163,0.7536267205171054,0.6576399702868274,0.9661609471096889,0.8350341233526906,0.8489097160956811,0.4032517568943633,0.7890766650515109,0.9004665216997625,0.7784491248459173,0.8379864720100321,0.8921529459435535,0.8070402049768046,0.91420396482916,0.98627212433697,0.8769340287666245,0.9142039648291602,0.8664319147745594,0.8638929830074615,0.8843412180810761,0.7511874050471332,0.7366412213740452,0.9878402341692827,0.9075986905321642,0.9354927700676682,0.5452253681733332,0.4601979604411398,0.8805919691825623,0.8962395095530546,0.8733592706140669,0.8805919691825623,0.8805919691825621,0.9551712823167322,0.8843412180810759,0.8733592706140669,0.7886504630631684,0.8843412180810759,0.8501659032843123,0.7511848746211445,0.8046915962447662,0.8921529459435535,0.9004665216997629,0.9687799581500754,0.8805919691825623,0.5805133081066205,0.44903499042502293,0.5556107989186664,0.6831187212283525,0.8843412180810759,0.788650463063169,0.8921529459435535,0.8501659032843123,0.514360372935886,0.7912321307688626,0.9048529663349028,0.8881911996032124,0.8851936582303368,0.9671920603018179,0.8565137343618396,0.8843412180810759,0.8973472988653552,0.8207273071307539,0.8540505230455007,0.4553002723603079,0.8630676692554227,0.9048529663349028,0.8409735269221552,0.8921529459435535,0.8520170361846284,0.3783988187966538,0.8843412180810759,0.8843412180810761,0.7680643943231757,0.9094222802137255,0.6305251558219074,0.8733592706140669,0.8630676692554227,0.4485912494089458,0.8769340287666243,0.5508965457278225,0.46300726790924773,0.8843412180810759,0.8843412180810759,0.8713984442697933,0.6620127827050362,0.7784491248459173,0.6180766861475797,0.33202981456811054,0.6097426909213286,0.6354777446158217,0.46726311093110007,0.8470607380739359,0.5178563258026799,0.8843412180810759,0.9545735659429229,0.8962395095530544,0.91420396482916,0.6155149568843241,0.9048529663349028,0.439029251427865,0.8843412180810759,0.8843412180810759,0.4883631366295694,0.8843412180810761,0.469467536661056,0.8597630494484778,0.6744035201860634,0.7709128636729377,0.8605618022541677,0.7908938497399354,0.41046236942636194,0.6599281620571436,0.8843412180810759,0.8070402049768044,0.4267427850770773,0.8881911996032124,0.9878402341692829,0.9808745549391589,0.7893931837543071,0.7964377980480561,0.8124509893605874,0.8615083264650422,0.6792055134945012,0.8843412180810759,0.3788241890686084,0.8355200055336254,0.6296575543171219,0.7450233180963168,0.7104613856438804,0.7979425515430196,0.7180190853315103,0.6671803365948556,0.9004665216997632,0.5985448005930573,0.5112568869540278,0.9987442185491862,0.9094222802137255,0.8136690013040437,0.9956396812454733,0.42705145743322626,0.9888951983468153,0.8805919691825621,0.45520619823553665,0.9288549290131007,0.85219375192108,0.9642753691746068,0.902875019766344,0.8521937519210798,0.994335527468592,0.902875019766344,0.7784491248459173,0.9696219508220778,0.3365974344901713,0.9075986905321644,0.9094222802137255,0.8597630494484776,0.8597630494484776,0.6490901156763349,0.9322898055713351,0.6139852916796895,0.9806679510079603,0.52714856500293,0.8881911996032121,0.547068563102642,0.9277960702257781,0.5139092923498434,0.5386951638821991,0.8843412180810759,0.7536267205171054,0.8729220086343707,0.6138464980332405,0.9094222802137255,0.9627297772869386,0.4863546851719778,0.8195101458604865,0.8843412180810759,0.49811007047068734,0.5579141082129451,0.9839642438297592,0.4042814224146083,0.44038843591890886,0.411917312704984,0.8962395095530544,0.34959013019654117,0.8709329418199374,0.6599723786368037,0.549666409315128,0.853315849241236,0.6428642337041468,0.9142039648291602,0.8533158492412363,0.8843412180810764,0.7882574758226732,0.8409735269221552,0.28239253841644363,0.7784491248459173,0.5687458192537596,0.9883712637744559,0.8805919691825623,0.36257311377563184,0.6839986230583683,0.7634589213141176,0.4821425705279915,0.5328243034382312,0.8843412180810759,0.4829647316196536,0.6887844990893508,0.8235335835879467,0.8843412180810759,0.48232033270483077,0.9322898055713349,0.9048529663349028,0.8533158492412367,0.8805919691825623,0.6981474081879615,0.6481868738246033,0.7659352327632294,0.8897994940048912,0.9403888230317503,0.8814621993288603,0.5740949905027928,0.8843412180810759,0.8350341233526903,0.8843412180810759,0.9048529663349028,0.6205452934861679,0.0,0.91420396482916,0.832114458921823,0.6996869593520563,0.3857158089442596,0.8235335835879465,0.8843412180810759,0.944126514407823,0.4453584481193926,0.740688513871669,0.8540505230455011,0.8070402049768042,0.8962395095530546,0.829225612011617,0.8753623611860426,0.8097356591508624,0.39989380150428133,0.5477648981785159,0.8097356591508624,0.8235335835879465,0.8962395095530546,0.73905409745432,0.8097356591508624,0.91420396482916,0.8887311251159746,0.8615083264650414,0.7390540974543196,0.8805919691825621,0.9488571208904724,0.8501659032843123,0.33137125413829016,0.8070402049768042,0.9940475996793547,0.3018386932483953,0.8696634603459948,0.8498492366106388,0.9475105553701295,0.6122554168677383,0.8235335835879465,0.7962081925656084,0.6171140791203169,0.8285154747894938,0.7912321307688623,0.8409735269221552,0.9954628312882465,0.8921529459435535,0.5345140225258367,0.9515891586224781,0.654412298617769,0.8350341233526906,0.5623372879400474,0.8962395095530542,0.9004665216997627,0.7475613610416603,0.48835968935006624,0.8825111654148605,0.5646855739673817,0.8292256120116166,0.6972542957864709,0.9138735820988335,0.5121813079437089,0.8843412180810757,0.32327456784484343,0.7222305053185769,0.8680706308896053,0.3409214293030759,0.6897189229445502,0.9004665216997629,0.8385179367730089,0.7702548590762903,0.43436976156560925,0.9373075260324406,0.8321144589218228,0.9907037104099163,0.7597893185829285,0.6078331168503338,0.8630676692554227,0.8361333292302162,0.9142868184584121,0.8981497840759771,0.6562660541724963,0.9291067501802863,0.8881911996032124,0.3885449815928761,0.37360783070152026,0.8921529459435535,0.9271217352392787,0.43894043143107275,0.7103698432603243,0.8769340287666245,0.8769340287666247,0.4192159935926515,0.9054558542462887,0.7784491248459171,0.8921529459435535,0.3279662954506132,0.8501659032843123,0.9402558711168865,0.30398112564620183,0.8742335215938108,0.8881911996032124,0.9094222802137255,0.45096804136168867,0.9048529663349028,0.6634346251889314,0.9004665216997625
p334_D,0.8163516728240249,0.9564866901437921,0.9197374370356892,0.9425114327004687,0.9623211158059548,0.9720496894409938,0.8722678885791351,0.8487307132759605,0.9286491105644255,0.052790958159659174,0.9553906988562066,0.9610996995613952,0.9610996995613952,0.9425114327004687,0.9336842693103169,0.6712114107412733,0.9587434581480645,0.9491780856091547,0.9690033562225548,0.9704919301607371,0.9165661374366312,0.9543141322095119,0.9522137875062906,0.2326540051734195,0.953255582527178,0.949178085609155,0.9587434581480645,0.9380163966266193,0.9704919301607371,0.8323106849540625,0.9443657603723177,0.9661972965770262,0.9576036838348736,0.9397924012017989,0.962321115805955,0.9690033562225546,0.9635753483468394,0.9576036838348734,2.220446049250313e-16,0.9481929520311925,0.9253688519211307,0.9501760208500689,0.9720496894409938,0.9354001807590555,0.9587434581480645,0.8868389261885843,0.9648659912110238,0.9261840328635953,0.9481929520311925,0.919737437035689,0.17313387011495374,0.8884227473641775,0.949178085609155,0.9564866901437918,0.9576036838348734,0.9472198404849024,0.47043906619852216,0.9623211158059548,0.8059290360431437,0.9599080294518356,0.9303105872741886,0.8747439046690526,0.9491780856091547,0.6254873296405832,0.9675743567407267,0.8697688980991498,0.9661972965770262,0.7384277708626144,0.8292427453148619,0.9690033562225548,0.9415972144812144,0.9481929520311925,0.9623211158059548,0.782593546960169,0.9623211158059548,0.9157773781681393,0.9543141322095119,0.9553906988562064,0.8689304945061074,0.9720496894409938,0.373442088480355,0.9511876099263499,0.9453068780840739,0.949178085609155,0.9623211158059548,0.9389009867184679,0.9543141322095119,0.8550872530468148,0.6446941655068895,0.9610996995613954,0.9623211158059548,0.919737437035689,0.7768546873095724,0.8923606027185707,0.9453068780840739,0.9261840328635954,0.9181483053976589,0.9165661374366314,0.7907939939476721,0.8655480930335329,0.9472198404849024,0.9648659912110238,0.962321115805955,0.8947109826062527,0.9040598105946911,0.9690033562225546,0.931147340525424,0.814096311765173,0.9532555825271782,0.7797528582489333,0.9079504174811017,0.4390189014229985,0.8568667102675334,0.9328339505740528,0.9648659912110238,0.8392586329331393,0.9564866901437921,0.09827945374704128,0.9720496894409936,0.8947109826062527,0.9354001807590553,0.6712114107412732,0.9532555825271782,0.49760595730153656,0.949178085609155,0.8185746204202071,0.9635753483468394,0.8970542565865081,0.9610996995613952,0.9371382816751241,0.905615332194182,0.9648659912110238,0.9661972965770262,0.9720496894409938,0.9587434581480645,0.7564255978266243,0.6884383316939826,0.9661972965770262,0.966197296577026,0.9599080294518356,0.8550872530468148,0.9704919301607371,0.8697688980991498,0.9048375041252172,0.6650004003137481,0.9336842693103169,0.9205349146293753,0.7614076267185659,0.9481929520311925,0.8440565830183069,0.9704919301607371,0.9303105872741886,0.7384277708626144,0.9118525638325776,0.9661972965770262,0.9481929520311925,0.9221363294762477,0.9362663130722397,0.7364958146357469,0.9149900225490741,0.804725297579278,0.9648659912110238,0.9511876099263499,0.8094833764446487,0.9237472579920247,0.9380163966266191,0.7284947426457362,0.9253688519211307,0.9453068780840739,0.7564255978266244,0.9425114327004687,0.9610996995613954,0.9472198404849024,0.8828532941996561,0.8915752582995884,0.9095092958001549,0.9690033562225548,0.7086694248546104,0.9406910117203195,0.9157773781681393,0.5730196105622355,0.9173564091624518,0.9472198404849024,0.9610996995613952,0.8954927753294004,0.8915752582995886,0.8947109826062527,0.6171066867295263,0.956486690143792,0.9434341193662401,0.3028451788013694,0.9286491105644257,0.8680892785394447,0.8207663324301318,0.5989303185983939,0.9623211158059548,0.23265400517341905,0.9599080294518358,0.6213514278373327,0.8780124908814337,0.9197374370356892,0.9610996995613952,0.9623211158059548,0.9025045192170253,0.8440565830183069,0.052790958159660284,0.9623211158059548,0.7738965054378302,0.9371382816751244,0.9157773781681393,0.8939283999593045,0.9294779121965995,0.9610996995613952,0.9623211158059548,0.7384277708626144,0.9623211158059548,0.860380696433722,0.8804415508981578,0.8780124908814337,0.9623211158059548,0.8970542565865081,0.9623211158059548,0.8722678885791348,0.931147340525424,0.9380163966266191,0.907950417481102,0.9648659912110236,0.8353231768642491,0.9599080294518356,0.9522137875062906,0.38820664002303085,0.9303105872741888,0.8459404597981655,0.9397924012017989,0.9661972965770262,0.9253688519211307,0.655181592999205,0.9278239868212359,0.9237472579920247,0.9371382816751241,0.9371382816751241,0.3225241548524257,0.9149900225490741,0.9599080294518358,0.9623211158059548,0.9278239868212359,0.9623211158059548,0.8586309929616845,0.9371382816751241,0.9661972965770262,0.9462580354121288,0.8353231768642491,0.23265400517341916,0.9362663130722397,0.953255582527178,0.9205349146293753,0.9553906988562066,0.8970542565865081,0.20446565813531903,0.9048375041252172,0.9048375041252172,0.7581058089268597,0.9610996995613954,0.9675743567407267,0.8730956945148616,2.220446049250313e-16,0.8763826688608698,0.7738965054378302,0.9501760208500689,0.9040598105946913,0.9071717080147699,0.9661972965770262,0.7512620045838893,0.8140963117651734,0.8353231768642491,0.9690033562225546,0.8730956945148616,0.9362663130722397,0.9511876099263499,0.9270023539448382,0.9690033562225546,0.8900013566415692,0.7972905325104861,0.9675743567407267,0.9245566463845687,0.9425114327004684,0.9648659912110236,0.9397924012017989,0.8047252975792779,0.9599080294518356,0.9648659912110238,0.9648659912110238,0.8505681838601363,0.9690033562225548,0.8129560940834343,0.8923606027185707,0.9149900225490741,0.8844523283713124,0.9690033562225548,0.962321115805955,0.9481929520311925,0.9599080294518358,0.9661972965770262,0.8094833764446488,0.6295192456385066,0.9648659912110238,0.9481929520311925,0.9380163966266193,0.8629791856785534,0.5838625198609824,0.6742237505107236,0.8804415508981578,0.8459404597981652,0.7708756350468666,0.9490060614215786,0.9704919301607371,0.9286491105644257,0.9704919301607371,0.9397924012017989,0.5553683337996577,0.9328339505740528,0.9648659912110238,0.9623211158059548,0.966197296577026,0.6127479292908626,0.949178085609155,0.9690033562225546,0.9675743567407267,0.9610996995613954,0.9623211158059548,0.953255582527178,0.9690033562225548,0.9720496894409938,0.9336842693103169,0.8689304945061069,0.9511876099263499,0.9661972965770262,0.7738965054378302,0.8730956945148616,0.953255582527178,0.9576036838348736,0.8820512005878682,0.20446565813531903,0.9397924012017989,0.8603806964337217,0.9564866901437918,0.9336842693103169,0.9720496894409938,0.8392586329331393,0.9397924012017989,0.830271740571741,0.9587434581480645,0.9610996995613954,0.9415972144812141,0.9149900225490741,0.8047252975792779,0.8577507109035436,0.8655480930335331,0.9623211158059548,0.8915752582995884,0.542540721071606,0.9406910117203195,0.9389009867184677,0.9704919301607371,0.7564255978266244,0.9623211158059548,0.9623211158059548,0.4604921211524192,0.6082696266282197,0.8954927753294006,0.9623211158059548,0.9704919301607371,0.962321115805955,0.9425114327004686,0.9237472579920245,0.8207663324301318,0.962321115805955,0.9434341193662401,0.9543141322095119,0.8755644359298407,0.8577507109035436,0.9623211158059548,0.9118525638325778,0.9380163966266191,0.8312943488564513,0.8292427453148619,0.9434341193662401,0.9032821743004193,0.9648659912110238,0.81522811957198,0.9623211158059548,0.8496516619740198,0.9491780856091547,0.8954927753294006,0.8739210119869605,0.9635753483468394,0.8747439046690526,0.9576036838348734,0.9623211158059548,0.9229405345355657,0.8550872530468148,0.9623211158059548,0.9434341193662401,0.8163516728240249,0.8828532941996561,0.8629791856785534,0.8094833764446488,0.9623211158059548,0.8363155310118788,0.8931449617140896,0.9675743567407267,0.8900013566415692,0.8629791856785535,0.931147340525424,0.9319883865480127,0.9229405345355657,0.9648659912110238,0.9245566463845687,0.9157773781681393,0.9522137875062906,0.7440708737294037,0.9063933734589966,0.9040598105946911,0.9522137875062906,0.966197296577026,0.9491780856091547,0.9623211158059548,0.9690033562225548,0.9270023539448382,0.7985559379258652,0.9553906988562066,0.9462580354121288,0.9599080294518356,0.8505681838601363,0.9635753483468394,0.9599080294518356,0.9553906988562066,0.962321115805955,0.9564866901437921,0.9102896363632478,0.9286491105644255,0.9690033562225548,0.7547252233507542,0.9704919301607371,0.9564866901437921,0.9522137875062906,0.8106497905453541,0.9543141322095119,0.9704919301607371,0.8118073077748235,0.9380163966266188,0.919737437035689,0.9501760208500689,0.9543141322095119,0.9278239868212359,0.9648659912110238,0.9397924012017989,0.6254873296405832,0.9087295850935582,0.9511876099263499,0.9253688519211307,0.9553906988562066,0.9443657603723177,0.8812473067855704,0.8343249892961567,0.9294779121965993,0.9587434581480645,0.7972905325104862,0.9189419416378726,0.5138109736953936,0.9511876099263499,0.9522137875062906,0.8646949616010218,0.9553906988562066,0.8900013566415693,0.9511876099263499,0.9371382816751241,0.846875198060719,0.9648659912110238,0.8852493927538772,0.8680892785394447,0.9389009867184679,0.9253688519211307,0.9690033562225548,0.860380696433722,0.6517640413322651,0.9675743567407267,0.9380163966266191,0.9587434581480645,0.9587434581480647,0.9661972965770262,0.09827945374704128,0.9443657603723179,0.870604554931679,0.9354001807590557,0.9610996995613954,0.9610996995613954,0.8689304945061074,0.594056195181146,0.9587434581480645,0.9048375041252172,0.9623211158059548,0.9675743567407267,0.9623211158059548,0.9623211158059548,0.8655480930335329,0.41509675907699617,0.9397924012017989,0.9623211158059548,0.8022882727652556,0.7677892378256611,0.9371382816751243,0.9469265748682146,0.9568784918748878,0.8559789162214919,0.6082696266282197,0.6127479292908633,0.8812473067855704,0.3407372836322805,0.6681377289013237,0.9675743567407267,0.9389009867184677,0.830271740571741,0.8931449617140896,0.9443657603723177,0.9576036838348734,0.3028451788013702,0.8250605217364744,0.9675743567407267,0.9229405345355657,0.9648659912110238,0.9261840328635953,0.3882066400230294,0.9501760208500687,0.9522137875062906,0.8876315196146518,0.9434341193662401,0.9303105872741886,0.9522137875062906,0.9406910117203198,0.9648659912110238,0.9543141322095119,0.9635753483468394,0.9362663130722397,0.8939283999593046,0.8812473067855704,0.9661972965770262,0.8939283999593046,0.322524154852428,0.8363155310118788,0.9181483053976591,0.9610996995613952,0.8312943488564515,0.9453068780840739,0.9720496894409938,0.8559789162214919,0.8860449046541112,0.6127479292908626,0.8541916441056754,0.9543141322095119,0.5940561951811458,0.9126353343364841,0.9623211158059548,0.966197296577026,0.9380163966266193,0.962321115805955,0.8970542565865081,0.9543141322095121,0.9599080294518358,0.9453068780840739,0.8747439046690526,0.9522137875062904,0.8071231748299155,0.9704919301607371,0.846875198060719,0.9553906988562066,0.9009488545209481,0.9599080294518356,0.9576036838348734,0.7881119119846212,0.9371382816751241,0.9511876099263499,0.8373021566360075,0.9110706954672416,0.8595076304199196,0.7243195312579486,0.9397924012017989,0.7768546873095722,0.8970542565865081,0.9443657603723179,0.9704919301607373,0.953255582527178,0.9635753483468394,0.8804415508981578,0.9278239868212359,0.9205349146293753,0.9610996995613954,0.8487307132759603,0.8820512005878682,0.9720496894409938,0.6884383316939817,0.9648659912110238,0.9389009867184679,0.9380163966266191,0.9501760208500687,0.6171066867295263,0.9443657603723179,0.953255582527178,0.9245566463845687,0.9553906988562064,0.9610996995613954,0.966197296577026,0.9720496894409938,0.9623211158059548,0.5357677250559745,0.9001706985868916,0.8568667102675338,0.9406910117203195,0.9623211158059548,0.9134191021410438,0.86976889809915,0.9303105872741886,0.9425114327004687,0.9286491105644255,0.919737437035689,0.9118525638325778,0.8239977917540982,0.9462580354121286,0.9303105872741886,0.8892126720780513,0.9189419416378726,0.9675743567407267,0.9278239868212359,0.47043906619852205,0.9648659912110238,0.9371382816751244,0.9720496894409936,0.946258035412129,0.9599080294518358,0.9720496894409938,0.9564866901437921,0.9472198404849024,0.962321115805955,0.8828532941996562,0.91420396482916,0.9690033562225548,0.962321115805955,0.3882066400230304,0.8282072461374005,0.8532920118076435,0.9610996995613954,0.9661972965770262,0.9587434581480645,0.9610996995613954,0.9610996995613954,0.9397924012017989,0.9623211158059548,0.3225241548524259,0.5940561951811463,0.9623211158059548,0.9511876099263499,0.9189419416378728,0.9690033562225546,0.9648659912110238,0.9675743567407267,0.9635753483468394,0.9610996995613954,0.8152281195719799,0.8947109826062527,0.9522137875062906,0.7630301393628995,0.9623211158059548,0.931147340525424,0.9648659912110238,0.9511876099263499,0.846875198060719,0.9319883865480127,0.9690033562225546,0.9635753483468394,0.4020609931601544,0.9371382816751241,0.9532555825271782,0.9623211158059548,0.5553683337996579,0.9415972144812141,0.9443657603723181,0.880441550898158,0.9553906988562066,0.9690033562225548,0.9481929520311925,0.9648659912110238,0.931147340525424,0.8828532941996561,0.9623211158059548,0.9623211158059548,0.9126353343364846,0.052790958159660284,0.8796338709830263,0.9587434581480645,0.9553906988562064,0.86976889809915,0.9599080294518356,0.845000951153192,0.8250605217364745,0.9623211158059548,0.9623211158059548,0.9362663130722397,0.8747439046690527,0.9278239868212361,0.8059290360431437,0.7564255978266246,0.8629791856785536,0.8812473067855704,0.8118073077748236,0.9501760208500687,0.7985559379258652,0.9623211158059548,0.9261840328635953,0.966197296577026,2.220446049250313e-16,0.8747439046690526,0.9690033562225546,0.8747439046690526,0.9623211158059548,0.9623211158059548,0.8333208615507239,0.962321115805955,0.827165123861132,0.9543141322095119,0.8939283999593046,0.9253688519211307,0.9462580354121288,0.9253688519211307,0.7723940797883342,0.8892126720780513,0.9623211158059548,0.9371382816751241,0.7934274222916354,0.9635753483468394,0.9690033562225548,0.9157773781681393,0.8035117733343915,0.5785266893944587,0.9389009867184679,0.9635753483468394,0.8954927753294006,0.9623211158059548,0.8714375301735617,0.542540721071606,0.6254873296405832,0.9056153321941816,0.9001706985868916,0.9564866901437921,0.9294779121965995,0.8915752582995886,0.9675743567407267,0.9025045192170253,0.7264223684273604,0.9587434581480645,0.9704919301607371,0.9425114327004687,0.949178085609155,0.8612502633673058,0.17313387011495318,0.9610996995613954,0.907950417481102,0.9472198404849024,0.9371382816751241,0.9415972144812144,0.9720496894409938,0.9371382816751241,0.9720496894409938,0.9720496894409938,0.9278239868212359,0.9406910117203195,0.9229405345355655,0.9623211158059548,0.9704919301607371,0.9543141322095119,0.9543141322095119,0.8755644359298407,0.9576036838348738,0.9610996995613952,0.9472198404849024,0.921334501588241,0.23265400517341916,0.837302156636007,0.9389009867184674,0.8689304945061074,0.852388277575679,0.9623211158059548,0.919737437035689,0.962321115805955,0.8440565830183071,0.052790958159659174,0.9501760208500689,0.9511876099263499,0.8931449617140896,0.9623211158059548,0.8550872530468148,0.8559789162214919,0.4273931164437189,0.8059290360431437,0.7825935469601689,0.7985559379258651,0.966197296577026,0.868089278539445,0.8852493927538769,0.8559789162214919,0.8532920118076435,0.9522137875062904,0.8836536494976579,0.9720496894409938,0.9522137875062906,0.962321115805955,0.9245566463845687,0.9481929520311925,0.8804415508981578,0.6127479292908631,0.8595076304199196,0.9623211158059548,0.9610996995613954,0.8828532941996561,0.8970542565865081,0.9229405345355657,0.8312943488564515,0.847805253721567,0.9623211158059548,0.8218508298411398,0.898613381330402,0.9425114327004687,0.9623211158059548,0.7646343017371665,0.9576036838348734,0.9690033562225546,0.9522137875062906,0.9610996995613954,0.8860449046541115,0.949178085609155,0.9237472579920247,0.9472198404849024,0.9319883865480127,0.9522137875062906,0.861250263367306,0.9623211158059548,0.9462580354121286,0.9623211158059548,0.09827945374704139,0.87638266886087,0.91420396482916,0.0,0.9453068780840739,0.8532920118076437,0.9294779121965995,0.9425114327004687,0.9623211158059548,0.775383261466575,0.789459159182419,0.8892126720780513,0.9443657603723179,0.9371382816751244,0.9661972965770262,0.9443657603723177,0.5058803956403932,0.9380163966266193,0.9205349146293753,0.847805253721567,0.9380163966266193,0.9425114327004687,0.9661972965770262,0.9149900225490741,0.9380163966266193,2.220446049250313e-16,0.949178085609155,0.9635753483468394,0.9149900225490741,0.9610996995613952,0.5058803956403932,0.9511876099263499,0.919737437035689,0.9371382816751244,0.9522137875062904,0.9362663130722397,0.46049212115241933,0.9610996995613954,0.3882066400230304,0.860380696433722,0.9425114327004687,0.9270023539448382,0.7738965054378302,0.9345395918631998,0.9319883865480127,0.9481929520311925,0.23265400517341916,0.9648659912110238,0.9270023539448382,0.9213345015882415,0.9462580354121288,0.9462580354121288,0.9261840328635953,0.9661972965770262,0.9675743567407267,0.7014067102742694,0.9453068780840739,0.9009488545209483,0.9389009867184677,0.9443657603723177,0.7440708737294037,0.953255582527178,0.9434341193662403,0.9623211158059548,0.8788242050198838,0.9095092958001549,0.9354001807590557,0.9261840328635953,0.7494981288862403,0.9675743567407267,0.9397924012017989,0.6963559225999967,0.949178085609155,0.9587434581480645,0.9453068780840739,0.9253688519211307,0.7062885929790664,0.8218508298411398,0.9553906988562066,0.8844523283713124,0.9610996995613952,0.6771769379830352,0.868089278539445,0.9648659912110238,0.9635753483468392,0.6681377289013237,0.9462580354121288,0.9648659912110238,0.9245566463845687,0.7243195312579482,0.870604554931679,0.9599080294518358,0.9599080294518356,0.7753832614665751,0.9511876099263499,0.9278239868212359,0.9648659912110238,0.732551403531154,0.9511876099263497,0.9675743567407267,0.9205349146293753,0.9501760208500687,0.9635753483468394,0.052790958159659174,0.9149900225490744,0.09827945374704139,0.8655480930335329,0.9675743567407267
p334_E,0.681710827718921,0.9148532265533558,0.8429423482710732,0.9539981797161425,0.926270021131592,0.9453068780840739,0.7625385083215002,0.7206342877327558,0.8603806964337208,0.9422586572762628,0.9127085925971723,0.9834886668885245,0.9834886668885245,0.8875064656813962,0.8702334868194928,0.8842601377233774,0.9632197151594923,0.9005517611723415,0.9393458182324887,0.9422586572762628,0.9134983087999358,0.9106019687464653,0.9451809453601021,0.9287243013130126,0.9732023243541322,0.900551761172341,0.9192692664872613,0.9100752707392668,0.9422586572762628,0.9785650302307176,0.8911350110320606,0.933854925314779,0.9170389579782949,0.8821858692988969,0.926270021131592,0.9393458182324887,0.9287243013130126,0.9170389579782947,0.9453068780840739,0.8986240534007519,0.8539618916939773,0.686637789196388,0.8661157953099724,0.934407051006906,0.9488793874960454,0.9791740819083304,0.9312498291554212,0.8832252198427537,0.8986240534007519,0.7378150491299368,0.9608853644890277,0.8259480545830773,0.900551761172341,0.9987329349189487,0.9113353863393023,0.8967198703210437,0.9323299983666007,0.9262700211315917,0.780202713420919,0.9215480977067743,0.9499925548591657,0.8616158133817555,0.621852511511348,0.9912874992203793,0.9365495543873188,0.8752577746393226,0.933854925314779,0.735978284480046,0.8294712380099549,0.9963814266559154,0.8857175249675575,0.8986240534007519,0.8354035823308781,0.8284511919017271,0.9262700211315917,0.835193311566099,0.9508067898672805,0.9537504332936724,0.8143216327272103,0.9453068780840739,0.8410403632238284,0.9044839950643897,0.8929765886287624,0.9372898940428269,0.9262700211315917,0.8804415508981576,0.9508067898672805,0.7671696497667275,0.9256794559461556,0.9238799558250632,0.9262700211315917,0.8429423482710732,0.776203806106216,0.6491106728950935,0.9275710702341136,0.5357429284228008,0.8916055541922645,0.8367367544106028,0.9481949400665264,0.8862871880278513,0.9323299983666005,0.9312498291554212,0.9262700211315922,0.8619849753418638,0.9069907442427935,0.9393458182324887,0.8652692287290056,0.903527291899524,0.8549352491703692,0.8662168589959818,0.8198775277151975,0.9854433830775421,0.906159695690725,0.927677556693294,0.9312498291554212,0.7415938099589132,0.9987329349189487,0.9963814266559154,0.9453068780840737,0.9299993274438632,0.7919215273538404,0.8336526153804953,0.9085306004621048,0.9935052137263445,0.9740280269133126,0.8216258581255051,0.9287243013130126,0.7434908715072499,0.8908572896021121,0.9390586815258848,0.9347085758472906,0.9312498291554212,0.933854925314779,0.9918340130472749,0.9192692664872613,0.9507486475792051,0.6847898083742379,0.9338549253147788,0.9864847804128756,0.9215480977067743,0.9943836152449761,0.9422586572762626,0.8927777501113285,0.9089046609802982,0.836736754410603,0.8702334868194928,0.9181887439038299,0.923041503316071,0.5951516615336073,0.7358423002285173,0.9422586572762628,0.9499925548591657,0.7810369015654314,0.8770732388109757,0.933854925314779,0.8986240534007526,0.8743485306867405,0.9367150815560814,0.8828374282321871,0.8336526153804953,0.9282912531360832,0.9820451562749648,0.9424837518356481,0.7303037218429682,0.9320205367432779,0.8787105864554916,0.8808768286773146,0.8539618916939773,0.9967600334448159,0.8082242366088138,0.9462642492317384,0.9238799558250632,0.8967198703210442,0.923041503316071,0.7878346430532739,0.9206126923182381,0.9393458182324887,0.85962756938797,0.8839442688895067,0.8860804513717158,0.9321326397159306,0.8897526521075512,0.8967198703210437,0.9371729782453183,0.9319709104906759,0.8326221004189414,0.8846564260425303,0.5574097888938057,0.9148532265533555,0.9566607558716713,0.8981214879942141,0.9413975349614581,0.7418773163314569,0.6492758529053739,0.9636467616193587,0.9262700211315917,0.9287243013130126,0.9215480977067745,0.8832252198427537,0.8686474076150494,0.9739556615832576,0.923879955825063,0.9262700211315917,0.8562060088920782,0.8542364685274102,0.9422586572762628,0.9262700211315917,0.8436474512828531,0.876992292556863,0.835193311566099,0.8150388071567569,0.8620024941098835,0.923879955825063,0.9262700211315917,0.6909196673946607,0.9262700211315917,0.8160625009648528,0.9821141777359617,0.9330588269919661,0.9262700211315917,0.8443512569825543,0.9262700211315917,0.9831619379047061,0.8652692287290058,0.8787105864554916,0.8198775277151973,0.9312498291554212,0.7391072232887631,0.9666307012815272,0.9064920176718156,0.647144998924567,0.9499925548591657,0.7600812011132143,0.7971194163749094,0.933854925314779,0.8164566502426576,0.9455550204029668,0.8041058586225764,0.9049432776121404,0.876992292556863,0.8769922925568627,0.9488793874960455,0.8336526153804951,0.9215480977067745,0.9262700211315917,0.6917298433783352,0.9262700211315917,0.7997309419079703,0.8769922925568632,0.8029957991947377,0.7893575926490839,0.6777606622482093,0.9287243013130126,0.9711413348444888,0.9085306004621045,0.8445028511200348,0.9947922739901722,0.9588395546242758,0.9312498291554212,0.8375658032148694,0.8137861839597262,0.7452373592228827,0.9238799558250632,0.8446785966772914,0.9002719155027572,0.9453068780840739,0.9852692640051613,0.8141859792931758,0.9854433830775422,0.8596275693879698,0.8906192655094425,0.8556256542928344,0.91073946320821,0.636223967394471,0.9541599715084683,0.9393458182324887,0.8662168589959818,0.8752860258231279,0.9044839950643895,0.8850360346032435,0.9393458182324887,0.9480721039116876,0.8324381792366369,0.9912425166211665,0.8523725692305206,0.887506465681396,0.9312498291554214,0.8821858692988966,0.7834358333595403,0.9215480977067743,0.9312498291554214,0.9312498291554212,0.7075920669646241,0.9393458182324887,0.8808984694524276,0.8792142714664986,0.8336526153804953,0.6796647044038892,0.8895473564972312,0.926270021131592,0.992899314085182,0.9215480977067745,0.933854925314779,0.8334100605701313,0.9022133033909757,0.9312498291554212,0.8986240534007521,0.8787105864554914,0.7944355195863635,0.658566638018712,0.9917121721116299,0.8956877957009737,0.8911657424838038,0.8901178807406882,0.9697711527955966,0.9422586572762626,0.8603806964337215,0.9382889399640056,0.9783942835967552,0.9678417350205826,0.8685695845092947,0.8147735352468609,0.9262700211315917,0.9338549253147788,0.9149541032668207,0.9005517611723417,0.9393458182324887,0.7899856344434444,0.9834886668885245,0.9262700211315917,0.9479529588566924,0.9393458182324887,0.9453068780840737,0.980625138657077,0.8353766308660564,0.9044839950643897,0.908255509390931,0.6858735157591864,0.7516738629110458,0.9732023243541322,0.9170389579782949,0.7909012404178115,0.9312498291554214,0.8821858692988969,0.747572462928217,0.9567930807361518,0.9209685888477048,0.9453068780840737,0.7468484812874989,0.8821858692988964,0.8110179957471764,0.9192692664872613,0.9238799558250632,0.8844278789819486,0.8842601377233774,0.8041294647561893,0.7605086321710933,0.7369047286962531,0.9262700211315917,0.9445907438331094,0.9610093839868189,0.883944268889507,0.8804415508981576,0.8785627385841392,0.8301357925917209,0.9262700211315917,0.9262700211315917,0.8986240534007521,0.68654097532669,0.9770487718221068,0.9262700211315917,0.9422586572762626,0.9262700211315922,0.8875064656813962,0.850788759349866,0.9203068542883504,0.926270021131592,0.9229863666545892,0.9106019687464653,0.7565046920677836,0.7216468241173297,0.9262700211315917,0.827513241303586,0.8787105864554918,0.6698770582022524,0.7067646723171177,0.8893119774375078,0.8579145248155551,0.9312498291554214,0.8028298884087184,0.9262700211315917,0.7263604126319398,0.8422813087342611,0.8864807516470674,0.7958208183285924,0.9729746309145171,0.9040321756986966,0.9170389579782949,0.9262700211315917,0.9356543373145081,0.8403698644072066,0.9262700211315917,0.8749672980429195,0.8048695035430808,0.9464379378331319,0.7527304365235907,0.7921675250792662,0.9262700211315917,0.8090201437278155,0.735978284480046,0.9912425166211665,0.8515481001724023,0.7944355195863637,0.6121227405206136,0.8962043077275963,0.8492101642117766,0.9312498291554212,0.8749450670155863,0.835193311566099,0.9774411992633256,0.7862958284079844,0.9673222502539708,0.8122643945331465,0.9774411992633254,0.9338549253147788,0.9372898940428271,0.9262700211315917,0.9393458182324887,0.9755754212710187,0.9802655900904539,0.9537504332936724,0.9998939897295667,0.9215480977067743,0.7574456303775423,0.9729746309145171,0.9215480977067743,0.923124044616828,0.926270021131592,0.8754475025326616,0.8735304358152518,0.8886980919486958,0.9465829649206581,0.8868472975146149,0.9382889399640059,0.9148532265533558,0.9838698730483884,0.9584160819845404,0.9910116109880958,0.9422586572762628,0.9152764329663823,0.9414399550230419,0.9739556615832576,0.8733912853721101,0.910601968746465,0.8587660956447001,0.9820451562749648,0.7971194163749091,0.8539618916939773,0.8943247401872247,0.9055172210793179,0.8814270131992576,0.923124044616828,0.8911350110320606,0.9408594965377106,0.9416230950600912,0.8620024941098834,0.8170280414793517,0.7926713483232133,0.945555020402967,0.8875064656813965,0.5635194101379916,0.9774411992633256,0.7561411212304763,0.8410403632238284,0.9406057872461403,0.7155184372230254,0.9700918760103958,0.8891253645410904,0.9312498291554212,0.9177820165233506,0.8680169939312914,0.8975897579408095,0.9537822577690596,0.9963814266559157,0.9553653372648501,0.9215503362583839,0.936549554387319,0.9728046393068173,0.9192692664872613,0.9192692664872615,0.8029957991947378,0.9393458182324887,0.8911350110320613,0.7467992050554584,0.8735911795315159,0.923879955825063,0.923879955825063,0.961706619699137,0.6992240789790112,0.9928298361682761,0.8613454224700123,0.9262700211315917,0.9365495543873188,0.9262700211315917,0.9262700211315917,0.7606844936025527,0.9064920176718159,0.8821858692988962,0.9262700211315917,0.9099822844922596,0.9585082855412024,0.9700918760103957,0.8117946216093037,0.827513241303586,0.9455972047142995,0.8886980919486958,0.7198238471893956,0.9625138180487922,0.8684289724187022,0.8594838496002004,0.8993715589111388,0.9121513639211625,0.9337111178282838,0.9035527788368716,0.8911350110320613,0.8684289724187021,0.9215480977067745,0.7896974912273581,0.9365495543873188,0.8492101642117766,0.9312498291554212,0.8555570364268277,0.910601968746465,0.9398552184521698,0.9064920176718159,0.5574331830517656,0.9229863666545894,0.8924187658448486,0.9451809453601021,0.9488335374664887,0.9671595166054916,0.9687835678910894,0.9287243013130126,0.9674296094225581,0.8828374282321871,0.919205175026629,0.933854925314779,0.973235589666094,0.9192692664872615,0.8294712380099551,0.8398327380849622,0.923879955825063,0.6698770582022524,0.8929765886287626,0.9453068780840737,0.8422256476559367,0.9966817389300473,0.7198238471893954,0.7146824480374372,0.9106019687464653,0.5250214020622168,0.9468022845500682,0.9262700211315917,0.9338549253147788,0.9100752707392665,0.926270021131592,0.8672489165108987,0.910601968746465,0.9666307012815274,0.9621655518394647,0.7548990778408027,0.8613744161984671,0.7878254648102048,0.9422586572762628,0.8440437873718376,0.9947922739901722,0.6576401953095266,0.9215480977067743,0.9542418002599031,0.8586803712690679,0.8769922925568632,0.9804835086069066,0.9270821213928698,0.9767580411647827,0.72508476134893,0.6680676081972685,0.8612583592401479,0.7975085343716295,0.7985559379258653,0.49464377280223826,0.9422586572762626,0.9479529588566924,0.9778748351992477,0.888246249211556,0.9430481070778807,0.8918211433509258,0.9238799558250632,0.7656432080424773,0.7691979825245208,0.9453068780840737,0.6847898083742376,0.9820451562749648,0.9121513639211623,0.9644659921256323,0.9025045192170258,0.9407914522535386,0.8911350110320613,0.697245815592019,0.8796408056059103,0.9127085925971723,0.9701956444682693,0.9338549253147788,0.9289749041786237,0.9262700211315917,0.9142553407315159,0.8743303333584986,0.7006613077729444,0.8839442688895067,0.9262700211315917,0.8556136720879401,0.8927777501113285,0.6182040275334548,0.887506465681396,0.8603806964337211,0.9998416757543055,0.8007867773909911,0.9758770968417076,0.9650166107570195,0.978779449366324,0.8054135743605175,0.9976396685145794,0.936549554387319,0.8587660956447001,0.8967198703210437,0.9671595166054916,0.8769922925568632,0.9453068780840737,0.5788211955686011,0.9215480977067745,0.9453068780840737,0.9148532265533555,0.9679401264121574,0.926270021131592,0.8360277974155399,0.832114458921823,0.9393458182324887,0.9739353004390978,0.9106019687464653,0.8248117069057503,0.7715462573338336,0.9238799558250632,0.933854925314779,0.9192692664872615,0.9238799558250632,0.9238799558250632,0.914255340731516,0.9262700211315917,0.9192692664872615,0.8943030082151381,0.9262700211315917,0.9044839950643897,0.9763180074296144,0.9393458182324887,0.9312498291554212,0.9540645211449865,0.9287243013130126,0.9238799558250632,0.8478388087184401,0.7752718134474705,0.9451809453601021,0.7316270859297896,0.9262700211315917,0.8652692287290056,0.8147735352468602,0.9044839950643897,0.8891253645410908,0.9254936292469189,0.9393458182324887,0.9287243013130126,0.9479529588566924,0.9678417350205826,0.9479529588566924,0.9262700211315917,0.9390586815258848,0.9172642498463048,0.9935052137263443,0.8092614136659861,0.9947922739901722,0.9465829649206577,0.9347829309054405,0.9312498291554212,0.9605280943542008,0.8577812238906728,0.9262700211315917,0.9783994202533962,0.8788566875892636,0.9422586572762628,0.8291479324561601,0.9192692664872615,0.7999985225273286,0.7276440176624643,0.9215480977067743,0.7906746182602511,0.8009515507970797,0.9262700211315917,0.9262700211315917,0.9367150815560812,0.7975085343716295,0.8868600994557603,0.8835742704792817,0.8192793116817607,0.9195507687746818,0.7892792459601399,0.7964643822804713,0.9025045192170256,0.7722372563305888,0.9262700211315917,0.9230974962457649,0.9338549253147788,0.9453068780840739,0.8401179909024563,0.9393458182324887,0.9681394547088228,0.9262700211315917,0.9262700211315917,0.6942891487372378,0.926270021131592,0.8254595615730077,0.9106019687464653,0.8376383475152338,0.8814270131992574,0.964804590216153,0.9812473792743402,0.8546045071165664,0.8054135743605171,0.9262700211315917,0.8769922925568632,0.825742904292899,0.9287243013130126,0.8895473564972309,0.9867016991142422,0.8873570781050344,0.8702334868194928,0.8804415508981576,0.9287243013130126,0.9319709104906759,0.9262700211315917,0.8284511919017272,0.8804415508981576,0.9363572562098184,0.8630683723294561,0.944006480189884,0.9148532265533555,0.8525151655799379,0.8550158291017749,0.9540645211449861,0.9031910148710731,0.9838954859149902,0.9488793874960453,0.9422586572762628,0.9539981797161425,0.9005517611723415,0.7722372563305888,0.9338549253147788,0.9238799558250632,0.9408607629551926,0.5691282089956053,0.9988749295050934,0.9185538958319137,0.9453068780840739,0.9390586815258848,0.9453068780840739,0.9453068780840737,0.9711421108889411,0.9812781717549797,0.9298859761394194,0.8354035823308777,0.9980151413438714,0.9106019687464653,0.9285787467702741,0.8418828138109651,0.9170389579782952,0.9701956444682691,0.9964497455422858,0.8991421311545458,0.9778748351992477,0.9066280384954458,0.9755709899671718,0.8487983970512425,0.8141796477901988,0.9262700211315917,0.8429423482710732,0.973935300439098,0.7312600991541889,0.9422586572762628,0.9854433830775421,0.9044839950643899,0.9711407044649496,0.9262700211315917,0.7878254648102048,0.718179779185901,0.9044839950643897,0.8063110583456287,0.7649832461336256,0.7722372563305888,0.9864847804128756,0.9310868327312085,0.9616051284891652,0.8835742704792819,0.8572709232483801,0.9064920176718156,0.8377482015897617,0.9453068780840737,0.9451809453601019,0.9262700211315922,0.8476768306401978,0.7036282940476715,0.9389009867184677,0.9726698814889383,0.72508476134893,0.8354035823308781,0.9238799558250632,0.9464379378331321,0.7985559379258658,0.8492101642117766,0.7721138599753202,0.7021855697954809,0.9262700211315917,0.7333491770800599,0.8016068306706874,0.8875064656813962,0.9262700211315917,0.7343256807960641,0.9113353863393024,0.9393458182324887,0.9838698730483881,0.9238799558250632,0.7770128560991827,0.952495707345717,0.607666058027388,0.9964497455422858,0.9547829507662418,0.9451809453601021,0.7284947426457355,0.9262700211315917,0.8946257911893254,0.9262700211315917,0.9393458182324887,0.8864182724608494,0.832114458921823,0.9453068780840739,0.0,0.7129220490303521,0.8620024941098834,0.887506465681396,0.9262700211315917,0.560470333986762,0.8451881529126615,0.9608278274479636,0.9723713853755611,0.8769922925568632,0.933854925314779,0.8911350110320606,0.6392465735233478,0.8787105864554914,0.8445028511200348,0.8664798637916407,0.8787105864554914,0.8875064656813962,0.933854925314779,0.8336526153804953,0.8787105864554914,0.9453068780840739,0.9005517611723417,0.9778748351992477,0.9854751824091426,0.923879955825063,0.571897795089185,0.9424837518356481,0.8429423482710732,0.8769922925568632,0.9774411992633255,0.8752860258231276,0.9347829309054407,0.923879955825063,0.9910116109880958,0.9407382255668331,0.8875064656813965,0.8571583257780957,0.8141859792931758,0.9321326397159306,0.8669149862082735,0.9347829309054405,0.9287243013130124,0.9312498291554212,0.8571583257780955,0.9256794559461556,0.8948378117301918,0.8948378117301921,0.9108934032586795,0.9864847804128756,0.9365495543873188,0.9913052550564889,0.8929765886287624,0.8761137839023774,0.9438611769441669,0.891135011032061,0.6108398466179481,0.9085306004621048,0.8893119774375082,0.9262700211315917,0.7843980941238702,0.8961915038027517,0.934407051006906,0.8555570364268277,0.9587947738751637,0.936549554387319,0.9463248121641357,0.8897627077088144,0.900551761172341,0.9192692664872613,0.8929765886287624,0.9638223777150989,0.9959768619991299,0.8153003584974232,0.9127085925971725,0.8763826688608697,0.923879955825063,0.8439659536497746,0.9007269304690125,0.9312498291554214,0.9287243013130126,0.835193311566099,0.8948378117301916,0.9312498291554214,0.7931403578894193,0.8986439391242445,0.9363807478428156,0.9215480977067745,0.9882866951437199,0.816604699216308,0.9424837518356481,0.8587660956447001,0.9820451562749648,0.8409905928034589,0.9044839950643897,0.9365495543873188,0.8708704516729389,0.9398552184521698,0.9778748351992477,0.9980151413438711,0.9095638988948185,0.9963814266559157,0.7606844936025525,0.936549554387319
p334_K,0.9111646051952524,0.7534013799337798,0.6559567320976533,0.9955096588608976,0.7715834556054185,0.8094833764446483,0.9485178302834674,0.9654366365072944,0.642366917588427,0.8451155112420419,0.9615664311231344,0.9890735278881329,0.8176697096447176,0.6279602688215598,0.8474985160309476,0.9484619212217086,0.9021721916778463,0.6535845456199004,0.8907130648110557,0.8344672026399327,0.6143187696222674,0.8800276452998839,0.7895862211130911,0.8967049201048767,0.8251411757254743,0.7332415752367152,0.7973792966790347,0.9737916644128053,0.7988652819601522,0.9782752920822626,0.7893440831642127,0.832335720323944,0.7365915155573493,0.683977189629815,0.8852337768299307,0.9247111621301727,0.8967049201048769,0.7110156257508031,0.8532920118076437,0.6684233990250251,0.7368679815229962,0.8943290864932463,0.9968303829711529,0.9509345836243728,0.9545686391772523,0.5831187248964274,0.906420669138204,0.7444892347028542,0.7496245029951334,0.8129963694010416,0.8539453617971722,0.33184627604140604,0.7332415752367152,0.7966033433879518,0.982073696570638,0.7039166744136007,0.7441896500402554,0.8022278398026612,0.9341745472993327,0.9239272492759627,0.7028460290457366,0.6600310326575619,0.7551406423489793,0.7696111011154341,0.8624031815176507,0.856944370025313,0.8853172535850609,0.6808591884354205,0.7503689200294709,0.9587092594492899,0.680204480145373,0.6899771804316861,0.9727033216394299,0.6278488388103276,0.8022278398026612,0.7747470641409159,0.7604897107133466,0.9161113448553027,0.6634473293582455,0.8094833764446485,0.8392442071015724,0.848490810977947,0.9571376670427265,0.7630798811812193,0.8022278398026612,0.5835331529362802,0.9039931548990017,0.8796263611330399,0.8718270283036198,0.7958167654209829,0.8022278398026612,0.765289917083215,0.6288003883265918,0.6626177143960124,0.8985134587392452,0.7939670408534132,0.7815487081796159,0.6448230676521435,0.7860655999822723,0.7809319102520127,0.9798635121866733,0.881630836622518,0.7431708752992905,0.7688309352789551,0.7928621546409751,0.8373021566360079,0.7383616417897558,0.7011022117897574,0.9896348402987898,0.7135101058776043,0.7187244540012832,0.9275572413451473,0.9518145660965796,0.8236200931437059,0.8761423128183075,0.8515321455527589,0.9533992806796758,0.8373021566360079,0.88442217905525,0.8392595182255818,0.9328088550302516,0.842879491045492,0.6813778305545801,0.8852085027277561,0.9382724180793294,0.9770944180195318,0.9260028390811286,0.8281715256200378,0.8728859274924746,0.9475225630345356,0.831980569757814,0.76051741134293,0.8637076121118323,0.9282308144182452,0.809647347075422,0.6488481459721156,0.8216526393133237,0.832335720323944,0.8539453617971722,0.7895618251049048,0.7879325972866082,0.8451155112420419,0.9575048447194914,0.6915400018219521,0.843101004846335,0.776377711249326,0.9915477729786037,0.7222497556569503,0.900500972841759,0.5723539339757848,0.951921273281384,0.925918872209762,0.9897352370549404,0.7979809544525562,0.8637076121118322,0.8358396286217762,0.9628631731147256,0.7303508819650195,0.8204374971112613,0.9032123082890443,0.9394793931483721,0.9119091929424149,0.7352352970522482,0.6847519310754602,0.7707678685288435,0.9140321405954518,0.7735756772689295,0.7204964217267759,0.8127887928246991,0.8025831300481507,0.7270471299577559,0.9614654189642542,0.8503230491837452,0.9297201779476122,0.9915311147759653,0.8344622869181564,0.7887187728537041,0.7787459045248877,0.9825299313424137,0.7747470641409157,0.8718029190849557,0.8269950839889728,0.8525034332144861,0.9281021453402317,0.7361717498289926,0.8883316991173726,0.7581747844678999,0.899341142933664,0.8966022937609004,0.9556700088637724,0.8970541644417511,0.9630790885974649,0.3389637959345524,0.5357755418275021,0.7371649279940478,0.8022278398026612,0.8088111631761212,0.8342149872161327,0.8599374490541583,0.5268518841862142,0.6880441579889685,0.8452778185685961,0.8022278398026612,0.6575267271636898,0.6946017995611637,0.8807174319218227,0.8022278398026612,0.7463202525972591,0.7995350730616411,0.7550901256780302,0.6453111485323294,0.8426295748299797,0.85103298326874,0.8022278398026612,0.7077179752719007,0.8022278398026612,0.6635136206838417,0.4812840404098052,0.46286069911864725,0.8022278398026612,0.8145225635322606,0.8022278398026612,0.9990459197606276,0.8981994637419375,0.61489562061747,0.6898779146595093,0.9669773817779976,0.6332541231378865,0.7895618251049048,0.9510195739875835,0.7602000973042944,0.9539649814711467,0.8883907045758155,0.8190030175986533,0.7695919367481678,0.6573843060168779,0.9470983304227063,0.792718691673848,0.6577853438279986,0.7625382005684167,0.7625382005684167,0.7834491233257193,0.7523802651801634,0.9508003341101743,0.8022278398026612,0.9728313247324523,0.8022278398026612,0.9130340507927144,0.7380040207730598,0.979432928948726,0.9689099386401616,0.6332541231378865,0.8088111631761212,0.9584048950231165,0.9868660647621651,0.6941053568998091,0.9371019863188221,0.8554694497955921,0.8155856001785136,0.7057146872859164,0.833286856461593,0.8625463465364103,0.7958167654209829,0.8950048614873412,0.6664499164374289,0.8532920118076437,0.9987290979711113,0.8610480448414928,0.916593295513447,0.9763734061501133,0.7836635210341599,0.926451395687609,0.8840423422234069,0.7378719719102692,0.611011477327591,0.8373021566360079,0.8020872455468853,0.9034794439033749,0.8796959556003754,0.7516914179301267,0.8373021566360079,0.7279944283798996,0.6735389893461055,0.9602082214267222,0.5345209776097761,0.9648555966846242,0.7605174113429305,0.838119163474482,0.6681055882878082,0.9239272492759627,0.7907957676628272,0.9119091929424148,0.5333470014795001,0.7887187728537042,0.7307685654081337,0.6492292074382222,0.6317146306930588,0.902932213791176,0.939296448593359,0.9727033216394299,0.991730120124937,0.7267226478792865,0.8323357203239441,0.7093360071301238,0.9615988400138036,0.881630836622518,0.754638524651669,0.9888162705899471,0.7248148489501071,0.8588534963841605,0.9697239494185292,0.9578210111622705,0.8914940414892984,0.858832739165144,0.7694517108962489,0.9412729646792745,0.8280423850147127,0.8700691233197133,0.7795579190089548,0.9475225630345359,0.683112261489929,0.9064206691382037,0.8022278398026612,0.8225734700092828,0.976929393068898,0.9601714851915931,0.8373021566360079,0.9602082214267222,0.9557102542641102,0.8022278398026612,0.7781429858473836,0.8567149674919385,0.846952777749949,0.9569192708195915,0.9098330046432979,0.9703003667409347,0.9264513956876093,0.708077655182515,0.5905266538637596,0.91636877994503,0.8030424679248125,0.519455064733515,0.8761423128183072,0.7795579190089559,0.5561538094896622,0.8466028185744259,0.7941579124447313,0.8094833764446481,0.6605764687730109,0.7998868717228249,0.6232007418362122,0.8882420183245308,0.8234248743448616,0.9150838819320927,0.9484619212217086,0.7051111071324305,0.734889913357669,0.4703686813165594,0.8022278398026612,0.7379081663285687,0.9993718448762235,0.9825299313424135,0.8103542576307946,0.9875231939611644,0.6066657286268158,0.8022278398026612,0.8022278398026612,0.970176338718276,0.8955607368060889,0.735065809329907,0.8022278398026612,0.8700691233197133,0.8306404201087902,0.876605425497463,0.6900660651710967,0.8167758439716728,0.7715834556054185,0.9958156369515737,0.8084207299115826,0.5462327618825599,0.6477508726377479,0.8022278398026612,0.650270983000812,0.9327281730940757,0.6666792607334888,0.6894159195350444,0.9958156369515735,0.9703524720811847,0.7605174113429303,0.70820972040687,0.8022278398026612,0.538989412386331,0.960171485191593,0.7768457837398457,0.6349901623900126,0.8103158901326049,0.6668987050595835,0.7110156257508032,0.8022278398026612,0.9802410986257426,0.6949368935884002,0.8022278398026612,0.9958156369515736,0.9846146859955143,0.8368755969753943,0.48864680651659476,0.7339200831847881,0.8022278398026612,0.8844655211172099,0.7077179752719007,0.909385058694516,0.9004036202971211,0.88640350956251,0.7597465515635347,0.8176041970789116,0.7632806129476226,0.9064206691382042,0.8108423679452322,0.6640908720945999,0.7895862211130905,0.7861218833060211,0.9480855087584146,0.5577903400189959,0.8644851655844235,0.8853172535850609,0.9163733509670657,0.8022278398026612,0.9247111621301728,0.6852214295232298,0.7429286107895479,0.8427180104423654,0.8015796896953393,0.789561825104905,0.8890244774838099,0.8982096470613605,0.8433079947733284,0.8671824552466778,0.7999960359115467,0.9283995430864387,0.7249226163839035,0.9356433837154708,0.9247111621301727,0.7423104329717858,0.9412729646792745,0.9033998054932015,0.881833851327087,0.8024786961986119,0.8323862395107005,0.8451155112420421,0.7485999542070312,0.8990075344183097,0.9370992077748139,0.8052722504124434,0.7844552203124657,0.759225836874749,0.7907957676628271,0.8572353093503102,0.7883567843866357,0.98642990905794,0.8031886054076676,0.9520723823488315,0.986030875927447,0.7690036197824603,0.9521123541528984,0.7117136469600629,0.6554405130710632,0.9021721916778466,0.9218353922101652,0.9908078659245129,0.9360575421791804,0.8796959556003756,0.772237535370428,0.4764980566336634,0.965040234463928,0.7810804214260392,0.9843974276887859,0.8735288180480878,0.9717598770581417,0.7605174113429305,0.9492548281514932,0.8026356396452929,0.8859612925289663,0.9169551392814115,0.8373021566360079,0.8988520147584991,0.7505202636950052,0.811580018785445,0.988816270589947,0.7449828491796291,0.771181072929332,0.9480610371608373,0.8373021566360079,0.6614634055284838,0.5712512020289511,0.7228023016814441,0.9338573100403758,0.9004940364163531,0.7262002214168426,0.8808928497196371,0.8096473470754224,0.5072690907904185,0.8022278398026612,0.8298015015479603,0.8022278398026612,0.8022278398026612,0.7559752633042984,0.7491756278169295,0.933699892853623,0.8022278398026612,0.6040416808097657,0.7280577919213596,0.7995350730616407,0.9476865144164568,0.679812977291161,0.7330867248806094,0.9862821475590029,0.6546492041410046,0.8542702503822321,0.7774665781182657,0.9825882596366043,0.8298015015479605,0.773807050429262,0.5134973612586211,0.6674297950171806,0.8707059366912198,0.8541942475379052,0.9508003341101743,0.9235907991083525,0.778978338815755,0.9396094362409338,0.9064206691382042,0.9421513263436064,0.9039931548990017,0.9052930323249464,0.7665243135595916,0.6997666954001094,0.8954515667320708,0.8229621753648282,0.9048957588805856,0.7853927686310564,0.906420669138204,0.7602000973042946,0.7517200521801015,0.9767133787296971,0.9012650426092295,0.681048000502082,0.8539453617971726,0.8158385481478821,0.7834491233257199,0.9088467213149816,0.8741317780804451,0.8728859274924746,0.6057373889387394,0.6684399186066705,0.8094833764446481,0.5359082195057598,0.7554045758465691,0.8556063329356032,0.5474242150229551,0.8803172587089366,0.6905200954743334,0.9868135032293748,0.8022278398026612,0.8853172535850609,0.8055273719251901,0.8568211965238024,0.7350616875710921,0.9758896836963558,0.8433079947733282,0.8952738638064287,0.7049970217925745,0.8818338513270869,0.7195621559276852,0.8344672026399327,0.678121740081544,0.9126375415145094,0.924767812781554,0.789561825104905,0.8900468543966292,0.6459708164824742,0.7750008932662837,0.9703003667409347,0.7932452031814614,0.6948969029018868,0.5743937649974457,0.8939071371238843,0.838119163474482,0.7362276661235456,0.6804658392199832,0.7690036197824599,0.9056710439994939,0.8956384605426095,0.9275075660376122,0.6615953266404682,0.9769293930688981,0.6929182463630945,0.7958167654209829,0.6058518366586636,0.5712030512559076,0.9968303829711528,0.777772825348539,0.9724659055822086,0.7725507401817089,0.988816270589947,0.7717077782037407,0.949193634238837,0.9665703562547641,0.9191375554816548,0.8758591656712222,0.7203957864208019,0.9004940364163532,0.8853172535850609,0.9218915803605511,0.8022278398026612,0.9133709401397516,0.5964236412536146,0.49541316701290206,0.6537537563048295,0.8022278398026612,0.7544690105236362,0.48941254446252436,0.8744405237872943,0.7180664476795502,0.7330883283413427,0.5466235471120895,0.74411813404704,0.9060551615352828,0.6964295634701965,0.925918872209762,0.7493477452805506,0.5561512403550471,0.8624031815176509,0.7089865546760995,0.7866430096976509,0.9724659055822087,0.9969821282256283,0.8094833764446485,0.8224959708134425,0.7267226478792865,0.846952777749949,0.7034019047473056,0.8100500735570905,0.7715834556054184,0.9426870793407783,0.6402226204854546,0.9052983512742421,0.9420589374421862,0.9282482779071725,0.6225518612151133,0.7462121212121202,0.8234248743448616,0.9578232874754975,0.8096473470754222,0.8234248743448616,0.7958167654209829,0.970719377767236,0.8022278398026612,0.9668366895736389,0.8289730076527363,0.8022278398026612,0.7805375026225275,0.9626217813359017,0.8907130648110553,0.9064206691382042,0.8441816987551355,0.8103158901326053,0.8234248743448616,0.6425985389587241,0.6500618061243244,0.9106089806914224,0.794884113844774,0.8022278398026612,0.8075880978789572,0.9119091929424148,0.7805375026225275,0.7590718307133102,0.9747346473108147,0.7887187728537041,0.8689117280851084,0.8486402706645197,0.9229883832391803,0.892869685005985,0.8306404201087894,0.8735288180480882,0.7976441810387328,0.9113868634547238,0.7201945491401178,0.8671824552466781,0.9927073567684068,0.9436085356550807,0.9064206691382042,0.8075880978789572,0.9297201779476116,0.8022278398026612,0.9136463571360582,0.6717279936591637,0.8807174319218227,0.5522504934947333,0.9668366895736391,0.8671824552466778,0.6683934799737268,0.789561825104905,0.540888503706345,0.6493949257687646,0.8022278398026612,0.8022278398026612,0.8302455090770533,0.9140198108775082,0.6754936998769996,0.4866135931620472,0.7633996497638833,0.4389272186358558,0.5132462577658614,0.7481920780265425,0.9611217135538488,0.6561267441616523,0.8022278398026612,0.909415255204717,0.8853172535850609,0.8532920118076437,0.4510082435726287,0.8373021566360079,0.685429910479556,0.8022278398026612,0.8022278398026612,0.6438988978433284,0.8284086162176747,0.7365080145545779,0.9758896836963558,0.559884654070984,0.5567808237645807,0.9479936575220589,0.8865861431639532,0.6364259935233052,0.6021710106143651,0.8022278398026612,0.9229883832391802,0.7010335179955349,0.8381090821523731,0.9927073567684068,0.8764224637892697,0.7959170839988476,0.989740125594192,0.9048630512535091,0.7810179711563527,0.7079497867226704,0.8022278398026612,0.8043996660987118,0.9993718448762238,0.7556136647941971,0.954501009164005,0.6518008926765826,0.9966012441338501,0.936146988545846,0.7414973605425628,0.9602082214267222,0.9095904405125135,0.7924485831197863,0.8759739679281435,0.798865281960152,0.8567880532702239,0.9522322463593524,0.8173302107563156,0.8225734700092837,0.7958167654209829,0.7620378378467856,0.8078696895263489,0.7934993295128959,0.9542304488965457,0.9657002157235464,0.8674930744993443,0.9657002157235461,0.9593609816658519,0.9728313247324523,0.8434120936376892,0.7397927032257707,0.9442907413333017,0.8700691233197133,0.784165606903412,0.9761792971054084,0.7370802279776967,0.787743295170443,0.85103298326874,0.9798635121866734,0.6661863507460057,0.8088111631761212,0.6702900077814468,0.8683158440519763,0.8642565839457539,0.827043622577819,0.8022278398026612,0.749670890656706,0.9988840980544421,0.7190366084432656,0.8451155112420419,0.949821450365348,0.7437893388895362,0.9834059761085797,0.8022278398026612,0.6333737377401869,0.4866135931620471,0.8796959556003754,0.7123487287526271,0.6026272920548446,0.6685270108227801,0.8539453617971722,0.7336925166439658,0.8940112507114397,0.9425888868413865,0.7252302436125977,0.7204004984525936,0.9218183374710149,0.8094833764446482,0.81264812866659,0.7999960359115463,0.8965820422878137,0.9436085356550807,0.8232295698433529,0.6546492041410048,0.47541209362147807,0.8874655807210456,0.8234248743448616,0.7741173612296155,0.5576251804299892,0.9556393292675985,0.6179257632976891,0.5869265093362916,0.8022278398026612,0.6405620795726625,0.7349962227493654,0.6477776410487993,0.8022278398026612,0.5186667649097927,0.9156227442031759,0.8373021566360079,0.7491756278169293,0.8234248743448616,0.48513513741599523,0.9522322463593523,0.9871267213979185,0.9374101525292778,0.9903474748598731,0.7665243135595918,0.5130553895427792,0.8022278398026612,0.864328533049648,0.8022278398026612,0.8713002539551251,0.5015753315794342,0.6996869593520563,0.8532920118076437,0.7129220490303521,0.0,0.6298376147585263,0.6982490754523112,0.8022278398026612,0.7794395245812903,0.7411517252141517,0.7080454994478493,0.8707059366912198,0.9229883832391803,0.9264513956876091,0.946229892873012,0.9038202928289236,0.9177035669169333,0.7400702768813328,0.5869265093362922,0.9177035669169333,0.7468645021849951,0.7695919367481675,0.6467978350039467,0.9177035669169333,0.8532920118076437,0.7989387765735068,0.9553007580573802,0.9032123082890443,0.7624534917969605,0.8235290366533214,0.848490810977947,0.7817583165480235,0.8674930744993441,0.9567327957984204,0.6837776394244095,0.8573934100284375,0.8452778185685962,0.9279586644981197,0.6387411581496674,0.8261339910939511,0.7683089150318514,0.6570875252961892,0.7641043561842458,0.5713329409081274,0.79774608746499,0.8967049201048769,0.8761423128183072,0.7497836690181441,0.7643471575559829,0.717914565222928,0.7382621257064016,0.8599374490541583,0.8225734700092835,0.8624031815176509,0.9518430468100103,0.795407120012082,0.8112058337492464,0.8872176027765191,0.8096845465459637,0.8260506236476495,0.7988733052498048,0.8436018506972218,0.9158781610271736,0.8512966924438516,0.6161055532700808,0.9584367734050211,0.8434448470039719,0.8333702683998947,0.8950048614873414,0.8381191634744816,0.9351170738974299,0.755140642348979,0.9144402420742335,0.9191347264846783,0.9824413784662901,0.8832194342591231,0.9458740064394469,0.9650402344639282,0.9276911908898582,0.7348453828730821,0.8738531567104544,0.8527623254518599,0.8458639564984101,0.8967049201048769,0.7399235834141256,0.7179145652229257,0.8816308366225181,0.8803278428563166,0.5502991370065218,0.8734141235230967,0.8879611568845558,0.8433079947733282,0.6649310449242085,0.8711419137630867,0.742479409475199,0.9724659055822086,0.7090557272217561,0.9390952221185063,0.8298015015479605,0.6772009028570152,0.816236196244143,0.8689117280851084,0.8451155112420421,0.7498739925605296,0.8713002539551251,0.9570232967969877,0.8298015015479603
p334_Q,0.7854685619774378,0.9248203613454187,0.7974876343235746,0.9530035537371707,0.9049315186013056,0.9294779121965993,0.7651554182259228,0.7879035737830344,0.40887568281116504,0.9748350526392386,0.9551827331085334,0.8688250568870071,0.9018497344665102,0.8823845551200091,0.9950174993144466,0.827271917798891,0.9952883155640528,0.8717700291221544,0.9840739333532936,0.9748350526392389,0.7894860535073802,0.8847289094375661,0.9432836274759389,0.9892166093373964,0.8820580577672703,0.30966479249547874,0.8959046461825675,0.9752118217801856,0.925547493015499,0.7481785207845686,0.3800659290016365,0.9147116017278332,0.9284363038146399,0.41090430828641145,0.977064728862565,0.9217916370027819,0.9080961023073577,0.893028854730403,0.9294779121965995,0.8692844153563803,0.8116963900427685,0.9099529192181433,0.9667762608570646,0.9120594139628814,0.9321736589336942,0.7144806256657383,0.9113525537588969,0.34144508405186336,0.8692844153563803,0.9862814203896617,0.9581430783864289,0.7184768022296542,0.30966479249547874,0.9594301810876527,0.9299338998484138,0.8962155056134602,0.8962155056134602,0.904931518601306,0.7389827690377789,0.8988430035065229,0.4631649767437044,0.6831135452564641,0.9324044867801069,0.857026204512473,0.9181860947060068,0.6325058780676364,0.9581430783864289,0.8791255371306321,0.7557714158767214,0.9688588518247443,0.8526425543779201,0.8692844153563806,0.9377301446838552,0.5562073325289303,0.904931518601306,0.7874959163934869,0.8847289094375661,0.8874452201355858,0.6183249427245866,0.9294779121965993,0.9890514895950071,0.9395570123632411,0.8620024941098834,0.9627217156090833,0.904931518601306,0.8458396385168978,0.9842629902449547,0.7178962940037499,0.9767113544662054,0.9018497344665102,0.904931518601306,0.7974876343235748,0.7718693725907664,0.6043222083564727,0.9190989621719194,0.8137531923054399,0.7934780588066326,0.81060124026164,0.5067452558477039,0.6482354828879913,0.8962155056134602,0.9113525537588965,0.9049315186013058,0.7717608965555067,0.7970163252860669,0.9217916370027819,0.8262762309308544,0.5648782362472802,0.9878126659692846,0.5669160825446831,0.7677475272784611,0.8742879430656607,0.5585285038000729,0.8549204472161367,0.9113525537588969,0.6456998776242755,0.9594301810876531,0.9688588518247443,0.9294779121965995,0.5547133093274575,0.937152805323473,0.7855093208605661,0.8820580577672703,0.8596279378142864,0.9020872579511305,0.6451475370427597,0.9080961023073577,0.8914209510155031,0.9018497344665102,0.9537329196471146,0.5484190958610613,0.9113525537588965,0.9147116017278332,0.7592846069643922,0.8959046461825675,0.8008798646329267,0.895144736989133,0.9147116017278334,0.9147116017278332,0.9360462988835685,0.6684586237305834,0.9255474930154988,0.5977017137301223,0.7598932621695063,0.7894860535073804,0.4288715632081974,0.9953326175699364,0.5416137413031411,0.988641266437865,0.6572770790028779,0.925547493015499,0.9857896611490983,0.8047585348820061,0.752078113809824,0.9581430783864289,0.41457447815471204,0.8476272168574892,0.8898848290514576,0.9878861415772227,0.7855093208605659,0.6900877319536092,0.9951877100611972,0.8768403073232187,0.9957842617236391,0.8076049081535595,0.8694906326534082,0.6361859730924285,0.8116963900427685,0.919098962171919,0.8917267192599345,0.8549492399295393,0.9018497344665102,0.4572843334602913,0.8121332228909224,0.6637334232697996,0.8925986341763616,0.9217916370027819,0.953357445310062,0.9574525972013226,0.850485932817745,0.9590841993901082,0.5926481731630053,0.8962155056134602,0.9400706025742573,0.7756695807478773,0.7818705769077043,0.4798771099811202,0.8618286868084277,0.890210541603184,0.9128551938412919,0.9360462988835683,0.9835504638833161,0.6845218851552759,0.564685170124573,0.9857896611490983,0.904931518601306,0.8891026301175452,0.936046298883568,0.9507480664096608,0.7099284115781228,0.38083477358672146,0.9400706025742573,0.904931518601306,0.7927800584854168,0.5985128984233796,0.925547493015499,0.904931518601306,0.711877376439275,0.4415455083827242,0.47762055865681985,0.5775925739741308,0.8220640569395009,0.9018497344665102,0.904931518601306,0.8977172876927887,0.904931518601306,0.632078009649457,0.7518301710431425,0.7453643576078854,0.904931518601306,0.7969423358370897,0.904931518601306,0.7476675539813284,0.47890107769634493,0.8436077083923406,0.7677475272784611,0.9113525537588967,0.5845000235025124,0.8988430035065229,0.8794294801784415,0.9179069363733625,0.8954320014860389,0.7623235232974496,0.8480887874245631,0.9147116017278332,0.9023560189821777,0.8599528383879702,0.8178909988156795,0.896984242049941,0.6464204728884837,0.33910802612984625,0.8502122645595467,0.8063906193297286,0.936046298883568,0.904931518601306,0.9569942589510874,0.904931518601306,0.7117519318849956,0.8413921158471316,0.9984254449549754,0.893359034302035,0.6013749305234535,0.8891026301175452,0.9912704245562352,0.8820580577672701,0.8212589742627885,0.9213139766220597,0.5983945270210649,0.8790595554853519,0.8187638771486865,0.6514005880386916,0.9790199427295081,0.9018497344665102,0.991545896452954,0.872504074648679,0.9294779121965995,0.8177640400942717,0.8645759689407393,0.8742879430656609,0.6167044746239527,0.8254180629989614,0.9147116017278334,0.9737400326930795,0.9091104044376095,0.7236287886389121,0.9217916370027819,0.601952322720098,0.4764551990436887,0.8768403073232187,0.907839456090531,0.9217916370027819,0.887818262691942,0.5916619688573223,0.9633200991265265,0.8096470950969048,0.8823845551200091,0.9113525537588965,0.8480887874245626,0.5756054075329438,0.8988430035065229,0.9113525537588967,0.9532701319100467,0.6399444568281223,0.9217916370027819,0.7148384720768686,0.5487167672155125,0.7855093208605659,0.8527581435198182,0.9217916370027821,0.9049315186013056,0.8991236281267514,0.8988430035065225,0.9147116017278334,0.5363202010426608,0.9896665565909746,0.9113525537588965,0.8692844153563808,0.9989052539587469,0.6714875919948504,0.9987474086351825,0.9257086330735442,0.769660475663225,0.9329473077346582,0.9179941551093714,0.76185581851605,0.9255474930154988,0.6659261592096579,0.925547493015499,0.95394691660871,0.9793422902103338,0.8549204472161367,0.9532701319100467,0.904931518601306,0.5206792017104241,0.9106265055726182,0.8717700291221542,0.9217916370027819,0.9464118920324345,0.9018497344665102,0.904931518601306,0.9471226958989929,0.9217916370027819,0.929477912196599,0.9065223378844669,0.7214207772025,0.8768403073232187,0.9147116017278334,0.7471729309909405,0.6973228737716055,0.9878126659692845,0.646674307174518,0.7382207479691809,0.9628947117876525,0.4373688405824483,0.6991660098612207,0.521422522778837,0.724252051611457,0.929477912196599,0.6113156756831306,0.8480887874245631,0.5717546254504426,0.895904646182567,0.9018497344665102,0.9068373482678185,0.827271917798891,0.5756054075329438,0.5555165178831685,0.6607612223697248,0.904931518601306,0.5713340899660498,0.9766783042884537,0.8771302189140855,0.845839638516898,0.9758773877370216,0.6928250970729632,0.904931518601306,0.904931518601306,0.9886412664378648,0.9368140136290457,0.7738549767498821,0.904931518601306,0.9748350526392389,0.9049315186013058,0.8823845551200091,0.8076049081535595,0.5646851701245732,0.9049315186013058,0.8572772924183016,0.9179069363733625,0.6860336933754079,0.6410874636096237,0.904931518601306,0.7980422013566708,0.8436077083923406,0.6249558166063465,0.7210491474449972,0.9406441445527873,0.8727510499155489,0.9113525537588967,0.5677126462756632,0.904931518601306,0.6545887789625549,0.9324044867801067,0.5879714797052775,0.7871824910829277,0.9080961023073577,0.70154458779686,0.893028854730403,0.904931518601306,0.9387208527201389,0.5985764168965373,0.904931518601306,0.9482000526012306,0.6552648753685169,0.7044243835899333,0.6542795516324982,0.5873717633405471,0.904931518601306,0.805432927554397,0.6003054471289881,0.9181860947060068,0.777579306584173,0.7059036727195551,0.9341297375612823,0.4706635034525485,0.8277613464311124,0.9113525537588967,0.9221592585306984,0.41463054223256046,0.9113565538271902,0.5753697469569811,0.9023585530564873,0.7579310452800683,0.8794294801784412,0.9147116017278332,0.871770029122154,0.904931518601306,0.9217916370027821,0.8388233021673757,0.6634019352060745,0.9213139766220597,0.9512723397097895,0.8988430035065231,0.7588002330824656,0.9486563558223771,0.8988430035065231,0.9551827331085334,0.9836006869587253,0.9248203613454187,0.834397201300807,0.8667093382476401,0.9840739333532935,0.5805453258313803,0.9748350526392389,0.9248203613454189,0.9432836274759389,0.6242696122814857,0.8847289094375663,0.9748350526392389,0.7102232801754005,0.9234459732580502,0.8407338233809281,0.9051106770251176,0.951084963309158,0.8178909988156795,0.9113525537588969,0.9010178520166361,0.9023560189821775,0.8692214879326462,0.8768403073232187,0.5990160218510721,0.9432109974320453,0.3237469561731864,0.73611165749572,0.6832235210536657,0.869181494661921,0.8959046461825675,0.7119721441062528,0.7954805011229049,0.9255682385467007,0.9081986598432299,0.9432836274759386,0.6586086663305191,0.9890514895950073,0.7775793065841747,0.8768403073232187,0.8670014864103508,0.6813996650638551,0.9113525537588967,0.8370437959396484,0.7365686982539319,0.89817510482552,0.9843194448435613,0.7958050740654448,0.6991660098612205,0.5105733407587794,0.918186094706007,0.8953735569144758,0.8959046461825675,0.8959046461825675,0.9581430783864289,0.9688588518247443,0.8596279378142861,0.673519300645915,0.8370066724312031,0.9018497344665102,0.90184973446651,0.6530751679915815,0.9700326498355725,0.895904646182567,0.7598932621695061,0.904931518601306,0.9181860947060068,0.904931518601306,0.904931518601306,0.561860071045206,0.8794294801784419,0.8480887874245628,0.904931518601306,0.6380356935184248,0.5564387602673179,0.9438295981000084,0.8718538486490526,0.7775931247733296,0.7048608482445344,0.9368140136290457,0.8410748755049142,0.5669704592416485,0.999251201983113,0.8504859328177446,0.918186094706007,0.39529610000807536,0.7405036956598532,0.4887549437560489,0.8596279378142864,0.9638437528988764,0.9360462988835683,0.731999897422806,0.918186094706007,0.8277613464311122,0.9113525537588969,0.9050831083749202,0.9842629902449544,0.9359334109845736,0.8794294801784415,0.5728488756092369,0.9128551938412921,0.43940930927073185,0.9609351515778152,0.9574525972013226,0.9532701319100467,0.8847289094375661,0.9080961023073577,0.8645384301752637,0.4656943282641971,0.7539813468101464,0.9581430783864289,0.7323682441479424,0.8959046461825675,0.7716794155106375,0.793478058806633,0.9018497344665104,0.6080821419151266,0.8620024941098832,0.929477912196599,0.6536779670546673,0.5624176985758884,0.8642587521941487,0.7342941427763496,0.8847289094375661,0.8862109312597096,0.9943494934608333,0.904931518601306,0.9147116017278332,0.509319185080963,0.9442661027800154,0.7591508897657242,0.9162029289476568,0.936046298883568,0.8620024941098834,0.7191257839953367,0.8794294801784417,0.581530720166936,0.9748350526392389,0.681399665063855,0.9432109974320453,0.942460674755695,0.8988430035065231,0.9638437528988764,0.847056796956819,0.89261085697357,0.8768403073232187,0.775164679364579,0.5529005430112037,0.6455203886798397,0.9915496151861267,0.8745533197205997,0.5424639756686522,0.7402551667300414,0.9722658834711866,0.925547493015499,0.8820580577672703,0.9702231371475841,0.7339998664230603,0.8111669741565659,0.656520095815766,0.9400706025742573,0.7031162343170735,0.7203106751245758,0.9813508256697674,0.9356430941146838,0.8371419773342004,0.8458396385168978,0.8436077083923406,0.9359334109845738,0.9308448407315824,0.8877874242285113,0.9552803469034233,0.9446616912174571,0.9213139766220595,0.907045924994754,0.9147116017278332,0.9294779121965993,0.904931518601306,0.9401949542071436,0.7481183350451568,0.6609899261972969,0.8503560928183398,0.904931518601306,0.5366896258508906,0.6888129173508339,0.9382783262031531,0.8823845551200089,0.8199728879933692,0.7974876343235748,0.547587347976412,0.8865310985566355,0.8644023815981581,0.9191876689590115,0.5833063873137534,0.7954805011229049,0.918186094706007,0.8178909988156795,0.8962155056134602,0.9113525537588965,0.89261085697357,0.9294779121965993,0.9512723397097897,0.8988430035065227,0.9813508256697674,0.890210541603184,0.9256018765646534,0.9442661027800154,0.7941817496740908,0.8042949548618121,0.8428722888874071,0.8983955605051455,0.8847289094375661,0.690768567853665,0.6214061382058046,0.9018497344665102,0.9581430783864289,0.8959046461825668,0.9018497344665102,0.9018497344665102,0.9274823843126732,0.904931518601306,0.932173658933694,0.8981544403832137,0.904931518601306,0.8768403073232187,0.7954805011229049,0.9840739333532935,0.9113525537588967,0.9181860947060068,0.9080961023073577,0.9018497344665102,0.7370311701034578,0.5734223591640419,0.9928622252265638,0.670746848158839,0.904931518601306,0.8262762309308547,0.9113525537588967,0.9395570123632411,0.6918900390860054,0.8283982939872365,0.9217916370027819,0.9080961023073577,0.9552803469034233,0.9950483392264469,0.8820580577672703,0.9836006869587255,0.8413921158471316,0.9068373482678183,0.8596279378142864,0.6419394718740528,0.9551827331085334,0.9217916370027819,0.8692844153563803,0.9113525537588969,0.9460732466847861,0.5595652145199725,0.904931518601306,0.9442661027800157,0.7795681514940465,0.925547493015499,0.7674689865385873,0.8959046461825673,0.8874452201355858,0.5977017137301219,0.8988430035065231,0.6803865178983886,0.5923867442142763,0.904931518601306,0.904931518601306,0.965924025680041,0.7718693725907663,0.841074875504914,0.7560437294344011,0.5120054405393502,0.654279551632498,0.7182419681812937,0.5931319253623056,0.8742879430656603,0.6634019352060743,0.904931518601306,0.9579220175208585,0.9147116017278332,0.9294779121965995,0.6839633915983836,0.9217916370027819,0.5248827794701756,0.904931518601306,0.904931518601306,0.596320993136233,0.9049315186013056,0.580798554229268,0.8847289094375661,0.7323682441479424,0.8116963900427685,0.9908143548824557,0.857026204512473,0.5671814635518077,0.7571132342631188,0.904931518601306,0.8413921158471314,0.5650518046607935,0.9080961023073577,0.9217916370027819,0.9764659656662635,0.8462098513135907,0.8572922564839236,0.8458396385168978,0.9080961023073577,0.7738549767498821,0.904931518601306,0.6085826734843344,0.9243428379798313,0.508356392911663,0.8406815425872374,0.7672845031141347,0.9367403596856443,0.9894661921708187,0.7264309769254547,0.991545896452954,0.6450084608479696,0.6510268958689004,0.8959046461825675,0.925547493015499,0.7883916625943512,0.8717700291221544,0.6462349152604983,0.9549939682963797,0.9400706025742573,0.5134159883189775,0.8962155056134602,0.89261085697357,0.9847730639523855,0.8630304339107281,0.9182202275367892,0.9813508256697674,0.9813508256697674,0.8178909988156795,0.9306784711055769,0.39552210954570444,0.9049315186013058,0.925547493015499,0.9179069363733623,0.9842629902449547,0.6860336933754079,0.9284363038146402,0.8306041887792599,0.9568526396305749,0.5853033232789114,0.9486563558223771,0.667820984663386,0.9243428379798311,0.7052005058920745,0.7262932040245778,0.904931518601306,0.7974876343235748,0.9442661027800154,0.6830822191703951,0.9748350526392386,0.9407756531776,0.37055923219651576,0.767575033757693,0.904931518601306,0.5815307201669357,0.6536779670546673,0.8768403073232187,0.5785788150973298,0.5212904385586608,0.5603998155326175,0.9147116017278332,0.5694737937639864,0.8370437959396491,0.6638836170804412,0.6638719896237842,0.8794294801784419,0.7244376880263661,0.929477912196599,0.9113565538271902,0.9049315186013056,0.8546519604704221,0.8692844153563803,0.517127339533475,0.8642587521941489,0.6969069951091713,0.9442661027800157,0.9018497344665102,0.5236622680863094,0.7402551667300417,0.8277613464311124,0.6080821419151266,0.6329413176172445,0.904931518601306,0.6181357976409414,0.744189031144652,0.8549492399295391,0.904931518601306,0.4954917019839429,0.9284363038146397,0.9217916370027819,0.9113565538271902,0.9018497344665102,0.7668600929709104,0.9463265979039874,0.8522945751017503,0.9549882475158464,0.8283982939872365,0.9113565538271904,0.6499172669708793,0.904931518601306,0.9618577021785788,0.904931518601306,0.9688588518247443,0.705745973458245,0.3857158089442596,0.9294779121965995,0.8620024941098834,0.6298376147585263,0.0,0.8549492399295389,0.904931518601306,0.9326302806463169,0.5380736282152401,0.7754349114415389,0.8877874242285113,0.8413921158471318,0.9581430783864289,0.8596279378142864,0.8850662431297964,0.8436077083923403,0.286613603788077,0.6837837324039755,0.8436077083923403,0.8823845551200091,0.9147116017278334,0.8063906193297283,0.8436077083923403,0.9294779121965995,0.9324044867801069,0.9702231371475841,0.7855093208605659,0.9018497344665102,0.9406441445527873,0.8768403073232187,0.4889502462301031,0.8413921158471318,0.9752107011246878,0.27368400803413506,0.9588020536674937,0.9782914706820045,0.9510849633091587,0.7178159558660373,0.8549492399295389,0.8158179175263243,0.6765818218876084,0.9912162409699861,0.8283982939872374,0.8692844153563803,0.9702231371475841,0.953270131910047,0.5400313125242355,0.9110135561279729,0.9329010494747014,0.9223156870059128,0.5012724371734546,0.9581430783864289,0.918186094706007,0.8429844215103095,0.33864695302161807,0.8847469879197409,0.9186507630943014,0.8596279378142861,0.8350020883561216,0.8820580577672703,0.3924210383713205,0.9049315186013056,0.5422996011093788,0.7716807699327419,0.9624736292341602,0.40994252110397356,0.791562432395917,0.991545896452954,0.8745533197205997,0.8076828875230477,0.30966479249547874,0.9684426716848205,0.9476471962029371,0.9250209262170299,0.7991403388222929,0.7224895383337645,0.8874452201355858,0.7806085439714239,0.9018497344665102,0.9881410519886396,0.7365686982539321,0.953270131910047,0.9080961023073577,0.4986172307982397,0.23794138458165104,0.953270131910047,0.8996568258439397,0.45664600502904173,0.7432387274112073,0.8988430035065227,0.8988430035065229,0.6270186706556349,0.9977262825967365,0.8410748755049142,0.953270131910047,0.4941224291839774,0.8768403073232187,0.9633200991265265,0.3954096308550443,0.8742879430656603,0.9486563558223771,0.9255474930154988,0.5045265311879055,0.9217916370027819,0.7298615518439531,0.918186094706007
p334_R,0.9435342391626067,0.9105012505384156,0.8377297172163942,0.9265444015444018,0.9683086794376969,0.9425114327004687,0.8554111091710063,0.8964283214083735,0.8532445498042329,0.9393074128728374,0.6578923902139271,0.9644994759182186,0.9644994759182186,0.8817567567567568,0.8210790621176445,0.8737850059390873,0.9996171864694428,0.8954688163631979,0.9910578376517607,0.9393074128728374,0.9503005783011279,0.3984925807299201,0.9760740600631372,0.9250812961986934,0.4520906127730089,0.8954688163631979,0.9581457206590637,0.8725113072902908,0.9393074128728374,0.9694868372709778,0.8855707623626501,0.96836956012162,0.9127986978904696,0.8464622509008561,0.9683086794376969,0.8445057325000618,0.555339655152628,0.9127986978904696,0.9425114327004687,0.9281918474396416,0.7575859317124709,0.8975213827250901,0.9425114327004687,0.8963527586425646,0.9151430007264558,0.8941109976626231,0.5352976416436223,0.8481743454856236,0.13357794871251716,0.8600960853075241,0.9304741538905168,0.8343403597902035,0.8954688163631979,0.9105012505384156,0.9127986978904694,0.9598848913568985,0.49256455355581796,0.9225015741707869,0.6405689784892605,0.6058854609343274,0.8843265687811643,0.8276704225130245,0.7514717776798476,0.8464976705745091,0.4885244446512511,0.7524045539759372,0.6649007021580292,0.8884742999584234,0.9384852847335162,0.9362456943690349,0.9938984828276253,0.9629411142488209,0.9225015741707872,0.7762334993076099,0.9225015741707869,0.8309066414657289,0.9446701888736626,0.8156598842427538,0.9732248427747816,0.9425114327004687,0.9082470012068007,0.9908428227422801,0.8875064656813965,0.9307747569588933,0.9225015741707869,0.8743307438550614,0.9394173587034405,0.7813438422647436,0.8302638493565127,0.9644994759182184,0.9225015741707869,0.7118238016013603,0.8276704225130245,0.8217760937511296,0.8875064656813962,0.8747639177841732,0.7454402702347114,0.8765314815193935,0.7654968982635144,0.7838106565463814,0.6636741020205938,0.925818696841238,0.9225015741707872,0.8679577393357282,0.7421632666398206,0.46082072952098563,0.8067938710469991,0.7302819902742848,0.9038554657884541,0.7593822847131331,0.7475147720128663,0.8975213827250901,0.7254884772470329,0.3144940990698165,0.48648250974392016,0.6890496464189435,0.9911110085568766,0.9362456943690349,0.9366713242763891,0.8052277919712965,0.8671302399974956,0.761455130549603,0.9038554657884541,0.918363903192055,0.9986133618497158,0.6465570244076255,0.555339655152628,0.81026485913781,0.919989349133864,0.9005285913052647,0.8288175026257589,0.9277359074596556,0.9810522968844484,0.9425114327004684,0.3668264204581545,0.8903235986638645,0.8154825411864677,0.96836956012162,0.5131662731762368,0.9175383063396301,0.6826906937528134,0.48671412029599725,0.7929357570590059,0.7615320920257621,0.8273520836649046,0.8636009307043997,0.8872345468276643,0.7799565059593387,0.8934425806304629,0.8874114409875786,0.7737033537115781,0.8843265687811639,0.7867602450817955,0.8425111710827857,0.9683695601216199,0.8934425806304631,0.698078480745378,0.8689117123597327,0.914110126181414,0.7857724547836904,0.9364339699994226,0.9277359074596554,0.9361204140696398,0.7577011921340284,0.7925340623136248,0.6150752113686132,0.8542749023230833,0.8631636377692762,0.9207523226987695,0.7850367980772612,0.881756756756757,0.5903992562382353,0.925662981663943,0.8646517773452533,0.9647606076969688,0.7636776364119271,0.9362456943690349,0.8937025093933768,0.6542902251234446,0.8512214835788463,0.865360169409114,0.904212100285513,0.9941068010498535,0.9199893491338638,0.8506233312249635,0.5989080975693725,0.8705906857098915,0.8498574790755822,0.9105012505384156,0.916016184190124,0.9175383063396301,0.9076715010813188,0.9884637414125739,0.8171328531473727,0.8843265687811641,0.9225015741707869,0.9723157551667552,0.9608634184056342,0.8481743454856236,0.8588695426041478,0.8600960853075241,0.9199893491338638,0.9225015741707869,0.8167265019607693,0.9550121825510625,0.9393074128728374,0.9225015741707869,0.8073974209651041,0.8707051888795787,0.8267698008899671,0.8035490586609271,0.6237797714515307,0.4123587491008168,0.9225015741707869,0.8018701786358156,0.9225015741707869,0.7480015684654839,0.8163834699269104,0.8109948998126219,0.9225015741707869,0.5735945362683643,0.9225015741707869,0.6517561182586789,0.9141868065994085,0.8725113072902908,0.6777546631115794,0.632927905443025,0.7295073961125094,0.9175383063396301,0.6521190798851433,0.9060327047326973,0.7007033546281414,0.7619888556678258,0.9069834982716529,0.9304741538905168,0.8992865236029117,0.858305811886843,0.9055450095968043,0.9472490927671249,0.8012373844378764,0.8707051888795787,0.9151430007264558,0.6885031578473412,0.9175383063396303,0.9225015741707869,0.8785462170031446,0.9225015741707869,0.9121671011547972,0.8707051888795787,0.930474153890517,0.8894628186153251,0.6705523575566974,0.9250812961986934,0.8984288710052624,0.6036327119350171,0.8593685421061916,0.815659884242754,0.8322698807304469,0.9277359074596556,0.784384691197584,0.8499737220532662,0.8043509475019626,0.9199893491338635,0.9333065093925879,0.8530037779305386,0.9425114327004687,0.7662939692174884,0.9923629538293708,0.8975213827250901,0.8709441203954515,0.7510910296059381,0.930474153890517,0.7900998439208515,0.9674045964342096,0.7491590756311131,0.46082072952098563,0.7593822847131335,0.8689117123597325,0.47958548042571914,0.8766484086852762,0.46082072952098563,0.8593392193465907,0.7764451683644116,0.96157184588811,0.897237548949845,0.6070463320463322,0.9277359074596554,0.9378027796250892,0.7851492218505993,0.5192352368023199,0.9765510393593577,0.9765510393593575,0.6746057167461013,0.9362456943690349,0.969473750919269,0.8001909810660306,0.8344071032518652,0.8253564085388909,0.8993178757827878,0.6194273731601161,0.7938140180869239,0.9175383063396303,0.930474153890517,0.7378838199067892,0.871032332233665,0.9765510393593577,0.9976903810580005,0.9026532767809434,0.6405580550195986,0.8618519839156851,0.8477200779284808,0.851387919459122,0.745132711061717,0.8109948998126224,0.7810472552823597,0.8884990470778119,0.8532445498042331,0.9393074128728371,0.4458115933061827,0.9005285913052647,0.9393350016325397,0.9277359074596554,0.9225015741707869,0.9304741538905164,0.8515474244094852,0.6102480152970655,0.46082072952098563,0.9333065093925879,0.9019701437287176,0.9225015741707869,0.6415182367255197,0.9362456943690349,0.9425114327004684,0.8210790621176446,0.6625596623671082,0.5161038620197589,0.930474153890517,0.7662939692174884,0.6081949753897002,0.9038554657884541,0.9127986978904699,0.783740635693005,0.9277359074596556,0.9069834982716536,0.6681246416396045,0.9105012505384156,0.8636009307043995,0.9425114327004684,0.7210120633518065,0.8156429695474194,0.7398972568851847,0.45130060620114154,0.9199893491338635,0.911432664794749,0.7614551305496031,0.7254884772470329,0.7273260662256535,0.6528936349554075,0.9225015741707869,0.8630735051841623,0.8743307438550614,0.591930587257429,0.7599855305715344,0.9393074128728371,0.7639794379599407,0.9225015741707869,0.9225015741707869,0.8934425806304627,0.8804580254427761,0.7559256552641309,0.9225015741707869,0.9393074128728371,0.39039184682556627,0.6389961389961394,0.8185557468055498,0.6989505708013528,0.9683086794376969,0.5338360491484418,0.9446701888736626,0.6200550880151601,0.6754855433069311,0.9225015741707869,0.8240931079476522,0.5849332418779605,0.6985379422761058,0.6829854586797697,0.6956442158135698,0.7682682240165752,0.9277359074596556,0.708615162303281,0.9225015741707869,0.637391059965915,0.9307747569588931,0.9307927723800888,0.8301447941426774,0.9250812961986936,0.6229285339696335,0.9127986978904696,0.9225015741707869,0.944877424237474,0.7813438422647437,0.9225015741707869,0.8836545508570983,0.7067000236967935,0.5301654557495764,0.6605976851001969,0.7180664476795502,0.9225015741707869,0.7222931242265003,0.7802191483051635,0.9858673317522388,0.5629560946701746,0.6205184249390001,0.8583829421286899,0.8601128166776513,0.7708431163413406,0.5352976416436223,0.9234427656660245,0.8267698008899671,0.9388933740579655,0.8182888276616687,0.7776663361560385,0.8787136006273717,0.9388933740579655,0.5131662731762368,0.7514717776798474,0.9225015741707869,0.9910578376517607,0.9570211975143581,0.974511888792829,0.9476888747140071,0.7058794076888877,0.9175383063396303,0.7717401218444744,0.9250812961986936,0.9175383063396303,0.9476888747140071,0.9225015741707872,0.9105012505384156,0.7600560612803171,0.7657667912561685,0.9362456943690349,0.8078367280332466,0.9393074128728371,0.9508061295476462,0.9017126880527935,0.9340134896656946,0.9780548428444061,0.5441119669791117,0.9295190684884742,0.8725113072902908,0.9608208177995512,0.8975213827250901,0.9060327047326973,0.7974682718729416,0.9277359074596556,0.8761642169182167,0.704797078684068,0.9074072312030642,0.8996020324755996,0.8728920970887104,0.9476888747140071,0.8855707623626499,0.8280490327405531,0.7512552142845381,0.9804388689276406,0.9151430007264558,0.7764451683644118,0.49098971484643705,0.9137065637065638,0.8996020324755996,0.9017126880527935,0.6554820428046928,0.9082470012068007,0.8839031424386383,0.8996020324755996,0.4731799577553296,0.7429157109266338,0.9277359074596556,0.8780454400456081,0.7460191958609533,0.9733010371560203,0.8464976705745091,0.9362456943690349,0.608216946520195,0.8600960853075241,0.9333065093925879,0.9930791852529015,0.9573800935979493,0.9996171864694428,0.930474153890517,0.9362456943690349,0.9511570440214601,0.6166079736517394,0.8698670921968827,0.5458891294538806,0.8129498901600087,0.750648707028158,0.8862848743640492,0.915143000726456,0.9900580837439807,0.9225015741707869,0.48852444465125455,0.9225015741707869,0.9225015741707869,0.743575248796509,0.9017126880527933,0.5999080000733641,0.9225015741707869,0.7291568115801454,0.773148924415946,0.930351993730951,0.8813010501064983,0.8240931079476521,0.8392524589836743,0.8474072181717968,0.8515474244094852,0.7765580483948542,0.9127986978904699,0.826769800889967,0.9333065093925881,0.8743307438550612,0.8381556544782048,0.8018701786358153,0.29460071690222,0.963500026402725,0.9608634184056339,0.6991911093208159,0.9333065093925879,0.4348764824799415,0.5352976416436223,0.6998029254390343,0.906032704732697,0.994794736900322,0.9867452539316912,0.7900998439208515,0.7603674824796207,0.8566618970084514,0.9388933740579655,0.8780124908814337,0.9277359074596556,0.9060327047326973,0.9250812961986936,0.7473652252483823,0.8035490586609269,0.8488591863650052,0.9304741538905168,0.7837989807240329,0.9151430007264563,0.918831451960151,0.47179043968395507,0.9909903972974269,0.6788876978675571,0.9539981797161425,0.9425114327004684,0.6604373265387018,0.8289472633870452,0.8515474244094852,0.7445602317122896,0.8235049062805442,0.8862848743640492,0.8442421395514916,0.9225015741707869,0.5131662731762368,0.9026532767809432,0.9225015741707872,0.7716397306020941,0.9446701888736624,0.9175383063396303,0.7467891071275009,0.6229285339696337,0.9760740600631372,0.7217921240444727,0.9393074128728374,0.6442892625222713,0.9082470012068007,0.8186737967284907,0.9175383063396303,0.9540324564594045,0.7892954251651072,0.8907075917149332,0.6256590068018787,0.7645946279502227,0.8170890338502994,0.7503859261343867,0.8136254246548802,0.9069834982716527,0.7628458004001921,0.6396096010462743,0.8855707623626499,0.9393074128728374,0.5657471871445166,0.9250812961986938,0.8929164957858677,0.8785462170031448,0.8365551646144354,0.9199893491338635,0.7581935407074523,0.6585975420118596,0.8158540812532469,0.8390637299383128,0.9277359074596556,0.8514064619648858,0.7055011198405707,0.8975213827250901,0.8766484086852759,0.5897389843668688,0.941740990578956,0.8448271155174856,0.9082470012068002,0.9199893491338638,0.5131662731762368,0.9970799457879603,0.9225015741707869,0.9069834982716529,0.8258907596177109,0.9840183705291552,0.9715519476804579,0.9225015741707869,0.8219192676621396,0.8828146182764454,0.8843265687811639,0.5750965250965256,0.7929802668947117,0.8349149021845175,0.86632515115204,0.9724782108717344,0.9231842997566406,0.6453740110827155,0.7934676793989761,0.8332787167611999,0.48852444465125455,0.8244670644666009,0.5267864632487729,0.9277359074596554,0.5924735674580746,0.9425114327004684,0.8894628186153253,0.9175383063396303,0.9425114327004687,0.9105012505384156,0.8914410719709875,0.9225015741707872,0.7601248018466038,0.8378554956445776,0.9362456943690352,0.9225015741707872,0.9446701888736626,0.6859678084260283,0.7378838199067892,0.9199893491338635,0.9810522968844486,0.915143000726456,0.9199893491338635,0.9644994759182184,0.8761642169182167,0.9225015741707869,0.9151430007264558,0.8583829421286903,0.9225015741707869,0.9178060595541999,0.8413690466054408,0.9362456943690349,0.5352976416436223,0.9333065093925881,0.9250812961986934,0.9199893491338635,0.6989500632642004,0.8052277919712965,0.9017126880527935,0.7782585364229857,0.9225015741707869,0.6951861421055616,0.9277359074596556,0.9726387956636797,0.7639520470515528,0.40805186437272223,0.9362456943690349,0.9250812961986936,0.9038554657884541,0.8707051888795785,0.9038554657884541,0.5736202678932056,0.9005285913052647,0.911432664794749,0.8192909701727042,0.9824977752338939,0.9734273782715801,0.8993178757827877,0.550569150422669,0.5352976416436223,0.9141868065994085,0.7799565059593387,0.9225015741707869,0.9683086794376969,0.8206687586293872,0.9393074128728374,0.8538988933738458,0.6202489776871154,0.9082470012068007,0.7726701555174715,0.9175383063396303,0.7206073609182428,0.7303891866828414,0.9225015741707869,0.9225015741707869,0.9279460296507922,0.5819801562609552,0.8515474244094854,0.7832489280769407,0.7850367980772612,0.8810336159867799,0.9320998008628142,0.7143101173082433,0.49226996181891014,0.7945851511478943,0.9225015741707869,0.8481743454856234,0.5131662731762368,0.9425114327004687,0.8481446113673636,0.46082072952098563,0.7423716115458534,0.9225015741707869,0.9225015741707869,0.6943934596711931,0.9400771100284837,0.7263595549925128,0.5916800014347485,0.8272360292098265,0.925680950117113,0.8894628186153253,0.8367692112550749,0.7680126622211978,0.822475027797996,0.9225015741707869,0.5626501650323881,0.7417936240470697,0.4608707372165044,0.9362456943690349,0.9490282143343611,0.8268574646368894,0.8636009307043997,0.6076173115826171,0.9723157551667554,0.8870759931010994,0.9225015741707869,0.7559022580972938,0.8514064619648858,0.8464976705745091,0.5056576726292668,0.8839496503881021,0.9105012505384158,0.8823845551200094,0.5128251540099387,0.9333065093925879,0.822046685379846,0.8119447673677433,0.9151430007264558,0.9393074128728371,0.9137065637065638,0.8954688163631979,0.7346095719329162,0.9304741538905168,0.9199893491338635,0.910288359449202,0.8914410719709878,0.9601753961566368,0.9429889489206242,0.9970799457879603,0.9005285913052647,0.9425114327004687,0.9970799457879603,0.4194851755617066,0.8780124908814337,0.8415030753570436,0.9225015741707872,0.996705259555954,0.2825801283070234,0.9446701888736626,0.6200550880151601,0.9540324564594049,0.919989349133864,0.925662981663943,0.8381997656144691,0.9250812961986936,0.9405547988340495,0.8743307438550616,0.8315854836632939,0.8152018763167094,0.9225015741707869,0.686642618478354,0.9225015741707872,0.6989505708013528,0.9393074128728374,0.8975213827250901,0.8996020324755993,0.5485989114446232,0.9225015741707869,0.7217921240444725,0.6604373265387018,0.9726387956636797,0.7236438839286168,0.7355710168869778,0.7346095719329164,0.5131662731762368,0.7488880009065038,0.8991028001629289,0.9981992433792047,0.6874123855032777,0.9760740600631372,0.5687486651842054,0.9425114327004684,0.9495645679265194,0.9683086794376969,0.8145050671721767,0.9675603521328207,0.7748548936001645,0.9055450095968043,0.6705962028610717,0.9225015741707869,0.9199893491338635,0.7799565059593387,0.7936447521947309,0.8225302907815557,0.7181881866846542,0.7012144376386722,0.9225015741707869,0.7166791599515159,0.5216118119912985,0.881756756756757,0.9225015741707869,0.7765580483948542,0.9127986978904696,0.46082072952098563,0.9017126880527933,0.9199893491338635,0.8289472633870454,0.8954688163631979,0.8705991157894,0.925662981663943,0.5769369379764815,0.9017126880527935,0.6256509164406482,0.9225015741707869,0.8894628186153251,0.9225015741707869,0.9362456943690349,0.8637749650539772,0.8235335835879465,0.9425114327004687,0.887506465681396,0.6982490754523112,0.8549492399295389,0.0,0.9225015741707869,0.8055966092160423,0.807644719465658,0.9718306416658401,0.5569458435374625,0.9303519937309512,0.9810522968844486,0.8855707623626499,0.8836545508570981,0.9026532767809434,0.8618948557210497,0.701214437638672,0.9026532767809434,0.9904440154440156,0.930474153890517,0.8344071032518652,0.9026532767809434,0.9425114327004687,0.5043301935099791,0.9723157551667554,0.5669165366769048,0.919989349133864,0.8836545508570981,0.8447692963661197,0.8600960853075241,0.6819437747351306,0.9388933740579655,0.8984288710052626,0.8934425806304627,0.9644994759182186,0.906032704732697,0.812675333992178,0.7667953667953679,0.7482785767790088,0.9512595020817558,0.894298990140012,0.9164078412122376,0.9675603521328204,0.9250812961986934,0.5352976416436224,0.9358150840468664,0.9577778435984425,0.7396008888302044,0.8894628186153253,0.9811222069783712,0.513166273176237,0.48852444465125455,0.8996608801756503,0.8875064656813962,0.9124842176819482,0.8743307438550614,0.4913595618786534,0.8612045594090734,0.9796265153694581,0.8836545508570977,0.5736202678932056,0.8954957938227597,0.904492582132273,0.8114220549067446,0.9013534900827227,0.8556183345319353,0.7513285564495051,0.938920094961165,0.9036846834807011,0.8954688163631979,0.578011884815622,0.6138056790580089,0.8728920970887104,0.8956789203969098,0.9879842935776202,0.6578923902139272,0.8463618695758195,0.919989349133864,0.8893718879109296,0.8094991372944089,0.48648250974391893,0.5081051961845662,0.8756731662677248,0.8894628186153248,0.9765510393593577,0.7882998504559973,0.8579429422118015,0.8556454206615793,0.8225110212643469,0.47591012473631644,0.8055966092160423,0.8996020324755996,0.7974682718729412,0.9765510393593577,0.7850481623064791,0.6986957699899576,0.48852444465125455,0.8618948557210497,0.9334160095166193,0.9723157551667554,0.9393074128728374,0.971054302875437,0.9362456943690349,0.8843991759210619,0.43596362229160357
p334_Y,0.7524297972473161,0.9413411539914585,0.8918007079504506,0.9225015741707872,0.9492063492063487,0.9623211158059548,0.7050163519970581,0.7509151724713103,0.9038142386822647,0.960221152322577,0.9398636845831869,0.9475597985845114,0.9475597985845114,0.9225015741707872,0.9106019687464653,0.5567710364845595,0.944383427890573,0.9314886672615048,0.9582144552981327,0.960221152322577,0.8875255844205965,0.938412400887346,0.935580996038617,0.9508971383859763,0.9369854052620163,0.9314886672615046,0.944383427890573,0.916441965519317,0.960221152322577,0.7739436107925906,0.9250013316406693,0.9544316996038,0.9428469360414609,0.9188361382271659,0.9492063492063489,0.9582144552981327,0.9508971383859763,0.9428469360414602,0.9623211158059548,0.930160641445072,0.8993922310882436,0.932833950574053,0.9623211158059548,0.912915131908919,0.9443834278905732,0.8474513194974065,0.9526370111116405,0.9004911494084333,0.930160641445072,0.8918007079504506,0.9544316996038,0.8495864161552136,0.9314886672615046,0.13408370177867746,0.9428469360414604,0.9288488221297497,0.9288488221297497,0.0,0.7383793872014479,0.9459533477380775,0.9060540201833016,0.831146423199498,0.931488667261505,0.8993922310882436,0.9562880686171875,0.8244397822834253,0.9544316996038,0.6473831763250288,0.7698078233874499,0.9582144552981327,0.92126914699118,0.9301606414450723,0.9492063492063487,0.8266892096935958,0.0,0.8864622842804517,0.938412400887346,0.9398636845831867,0.8233095582802461,0.9623211158059548,0.9398636845831869,0.9341976401680094,0.31108550994831163,0.9314886672615048,0.0,0.9176344520056336,0.938412400887346,0.8046479448175341,0.8939536575643376,0.03139863267861631,0.0,0.8918007079504506,0.831146423199498,0.8548949080074899,0.31108550994831163,0.48955645159511163,0.8896584524348263,0.8875255844205965,0.8198957816506434,0.8187498553347687,0.9288488221297497,0.9526370111116405,0.9492063492063489,0.8580633769736241,0.6072669396673074,0.9582144552981327,0.907182019415572,0.7973204052495684,0.9369854052620166,0.8289245259008584,0.8759110188590657,0.9328339505740528,0.8070467719220202,0.9094556823349389,0.9526370111116405,0.7833099084134079,0.9413411539914585,0.9582144552981327,0.9623211158059548,0.8580633769736241,0.9129151319089193,0.885400876353422,0.9369854052620166,0.9250013316406696,0.931488667261505,0.7554264789789613,0.9508971383859763,0.6339927913026551,0.9475597985845114,0.9152582079543838,0.8727631680356085,0.9526370111116405,0.9544316996038,0.9623211158059548,0.944383427890573,0.8453085223330421,0.879064442044788,0.9544316996038003,0.9544316996038,0.06018876900101988,0.8046479448175343,0.960221152322577,0.8244397822834253,0.8717146038820363,0.8875255844205967,0.9106019687464659,0.892875760974867,0.8420784215528956,0.9301606414450723,0.7583810530554915,0.9602211523225768,0.9060540201833014,0.8559522762859688,0.8811713725919912,0.9544316996038,0.9301606414450725,0.8950345750758599,0.9140827360776209,0.8938851835250172,0.5567710364845593,0.7367566674079002,0.9526370111116407,0.9341976401680094,0.7431708752992887,0.8972062142375332,0.9164419655193166,0.8612222667022558,0.8993922310882436,0.9262700211315917,0.8453085223330423,0.9225015741707872,0.9475597985845114,0.9288488221297495,0.6783615558233287,0.8538362113124116,0.8780124908814328,0.9582144552981327,0.6072669396673073,0.9200475251844384,0.5526275082095409,0.9117550006367756,0.8885909234541711,0.9288488221297497,0.9475597985845114,0.6394614409405057,0.8538362113124116,0.8580633769736241,0.9015943008452869,0.13408370177867734,0.9237454173815312,0.9459533477380775,0.903814238682265,0.8221755430097122,0.7897778653703145,0.9060540201833014,0.0,0.9508971383859763,0.9459533477380777,0.4895564515951115,0.8355526955775656,0.8918007079504506,0.9475597985845114,0.0,0.8685695845092951,0.7897778653703145,0.960221152322577,0.0,0.6951973979147161,0.9152582079543841,0.8864622842804517,0.6447787703816181,0.9049315186013059,0.9475597985845114,0.0,0.6473831763250286,0.0,0.8117838598171898,0.8388272306091986,0.8355526955775657,0.0,0.6339927913026551,0.0,0.7050163519970583,0.9071820194155717,0.9164419655193166,0.8759110188590655,0.9526370111116407,0.7711949776746383,0.06018876900101888,0.935580996038617,0.9384124008873462,0.9060540201833014,0.7554264789789611,0.9188361382271666,0.9544316996038,0.4951319232791844,0.8907283270583697,0.9027019168030599,0.897206214237533,0.9152582079543838,0.9152582079543838,0.944383427890573,0.885400876353422,0.9459533477380777,0.0,0.9027019168030597,0.0,0.7334713952978886,0.9152582079543841,0.9544316996038,0.9275522446953854,0.7711949776746383,0.9508971383859763,0.9140827360776205,0.9369854052620161,0.892875760974867,0.9398636845831869,0.8612222667022562,0.9526370111116405,0.8717146038820363,0.8717146038820349,0.8442340263447974,0.03139863267861631,0.9562880686171873,0.8289245259008584,0.9623211158059548,0.8333555867103808,0.8333555867103808,0.24376003609304187,0.8706662210952574,0.8748612665230131,0.9544316996038003,0.848519788337875,0.7973204052495684,0.7780046509581313,0.9582144552981327,0.8289245259008584,0.9140827360776214,0.9341976401680094,0.9015943008452874,0.9582144552981327,0.8517144868263773,0.8141237078825918,0.9562880686171873,0.8982973238138026,0.9225015741707867,0.9526370111116407,0.9188361382271666,0.8070467719220202,0.9459533477380775,0.9526370111116405,0.9526370111116407,0.7985559379258667,0.9582144552981327,0.7985559379258667,0.6499526646778642,0.885400876353422,0.8442340263447972,0.9582144552981327,0.9492063492063487,0.930160641445072,0.9459533477380777,0.9544316996038003,0.8022278398026612,0.8982973238138026,0.9526370111116405,0.9301606414450723,0.9164419655193172,0.7250134267509765,0.9094556823349389,0.8843412180810755,0.6848496741376313,0.7923174570100686,0.6911250629978627,0.8727631680356077,0.9602211523225768,0.903814238682265,0.9602211523225768,0.9188361382271668,0.9152582079543841,0.9094556823349389,0.9526370111116405,0.0,0.9544316996038,0.9027019168030597,0.931488667261505,0.9582144552981327,0.9562880686171873,0.9475597985845114,0.0,0.9369854052620163,0.9582144552981327,0.9623211158059548,0.9106019687464655,0.823309558280246,0.9341976401680094,0.9544316996038003,0.8333555867103808,0.8289245259008584,0.9369854052620166,0.9428469360414611,0.8409971458279799,0.9526370111116405,0.9188361382271659,0.8117838598171898,0.9413411539914587,0.9106019687464657,0.9623211158059548,0.7655931084723666,0.9188361382271666,0.7780046509581313,0.944383427890573,0.03139863267861631,0.92126914699118,0.885400876353422,0.8070467719220202,0.8082384637825222,0.8187498553347687,0.0,0.8538362113124116,0.9176344520056336,0.9200475251844387,0.9176344520056336,0.9602211523225768,0.8453085223330421,0.0,0.0,0.930160641445072,0.903814238682265,0.8591172857456586,0.0,0.9602211523225768,0.9492063492063489,0.922501574170787,0.8972062142375332,0.7897778653703145,0.9492063492063489,0.9237454173815309,0.938412400887346,0.8322525541058978,0.9634411459729271,0.0,0.8811713725919912,0.9164419655193168,0.7766590274917047,0.9952327064015152,0.9237454173815312,0.8704033497109469,0.9526370111116405,0.7960789049353036,0.0,0.7973204052495684,0.9314886672615053,0.8591172857456586,0.8300371089395653,0.9508971383859763,0.831146423199498,0.9428469360414606,0.0,0.8961186971729789,0.7399891659895361,0.0,0.9237454173815309,0.7948313236856197,0.8420784215528956,0.8152867967569688,0.8022278398026612,0.0,0.7698078233874488,0.8559522762859684,0.9562880686171873,0.6574604645689301,0.7250134267509767,0.907182019415572,0.908315805590151,0.8961186971729789,0.9526370111116405,0.8982973238138026,0.8864622842804517,0.935580996038617,0.8527760996057683,0.8738120195914167,0.8706662210952574,0.21151139151266862,0.9544316996038,0.9314886672615055,0.0,0.9582144552981327,0.9015943008452869,0.8129560940834346,0.9398636845831869,0.9275522446953854,0.06018876900102055,0.7478523304650295,0.9508971383859763,0.06018876900102055,0.9398636845831869,0.9492063492063489,0.9413411539914582,0.879064442044788,0.903814238682265,0.9582144552981327,0.8463809254714867,0.9602211523225768,0.9413411539914582,0.935580996038617,0.801009545737682,0.938412400887346,0.9602211523225768,0.7997856146881548,0.9164419655193166,0.5305546844946969,0.24376003609304187,0.938412400887346,0.9027019168030597,0.9526370111116405,0.9188361382271666,0.8993922310882436,0.8769613888066743,0.9341976401680094,0.8993922310882436,0.9398636845831869,0.9250013316406693,0.6827113291147924,0.7725735218970409,0.9049315186013058,0.9443834278905732,0.8141237078825918,0.8907283270583697,0.9225015741707872,0.9341976401680094,0.21151139151266984,0.8175997772209664,0.9398636845831869,0.8517144868263774,0.9341976401680094,0.9152582079543841,0.7539334992316542,0.9526370111116405,0.8453085223330421,0.7143607147557585,0.9176344520056336,0.8993922310882432,0.9582144552981327,0.7301312695908229,0.8918007079504506,0.9562880686171875,0.9164419655193166,0.944383427890573,0.944383427890573,0.9544316996038003,0.9582144552981327,0.9250013316406696,0.8255663034700989,0.9129151319089186,0.9475597985845114,0.9475597985845114,0.7125274559321444,0.9071820194155717,0.08671734220308636,0.8717146038820361,0.0,0.9562880686171873,0.0,0.0,0.8187498553347687,0.2115113915126693,0.9188361382271664,0.0,0.7334713952978882,0.8377384241745145,0.4006068367505189,0.8527760996057685,0.8811713725919912,0.8058499662916012,0.903814238682265,0.47795836130872293,0.8399134433261015,0.9428469360414604,0.8864622842804515,0.4408515443948542,0.9176344520056336,0.7711949776746385,0.6473831763250284,0.9250013316406696,0.9428469360414602,0.9459533477380775,0.7846176027958278,0.9562880686171873,0.8961186971729789,0.9526370111116405,0.9004911494084331,0.938412400887346,0.9328339505740528,0.935580996038617,0.848519788337875,0.9237454173815312,0.9060540201833016,0.9355809960386168,0.7223272158432528,0.9526370111116405,0.17526171623055564,0.9508971383859763,0.9140827360776205,0.8570084033315839,0.8399134433261015,0.4654487838138114,0.8570084033315841,0.5711669571562623,0.77934241058442,0.8896584524348263,0.9475597985845114,0.7766590274917051,0.9262700211315917,0.9623211158059548,0.8058499662916013,0.8463809254714865,0.7876282222528316,0.8034406041869142,0.938412400887346,0.9071820194155717,0.8822265994777512,0.0,0.9544316996038,0.9164419655193174,0.9492063492063487,0.8612222667022558,0.938412400887346,0.9459533477380777,0.9262700211315917,0.831146423199498,0.9355809960386168,0.8046479448175343,0.9602211523225772,0.7935775465776653,0.9398636845831869,0.8664724446651941,0.06018876900102055,0.9428469360414602,0.7143607147557588,0.9152582079543841,0.9341976401680094,0.7806724477786732,0.880117361849238,0.7318083230664854,0.8633240709217587,0.9188361382271666,0.6991852245234744,0.8612222667022558,0.9250013316406696,0.960221152322577,0.9369854052620166,0.9508971383859763,0.8388272306091986,0.9027019168030597,0.525843532183836,0.03139863267861631,0.7960789049353036,0.8409971458279799,0.9623211158059548,0.8790644420447877,0.9526370111116405,0.9176344520056336,0.9164419655193168,0.932833950574053,0.9015943008452869,0.9250013316406696,0.9369854052620166,0.500567215157067,0.9398636845831867,0.9475597985845112,0.9544316996038,0.9623211158059548,0.0,0.9188361382271668,0.8654234385275936,0.8070467719220202,0.9200475251844384,0.0,0.8832831707913575,0.8244397822834253,0.9060540201833016,0.34458474155865637,0.9038142386822647,0.8918007079504506,0.8811713725919912,0.7859181167692968,0.9275522446953854,0.9060540201833014,0.6598989712921809,0.8907283270583697,0.9562880686171873,0.9027019168030597,0.9288488221297497,0.9526370111116405,0.9152582079543841,0.9623211158059548,0.9275522446953854,0.9459533477380777,0.9623211158059548,0.9413411539914587,0.9288488221297497,0.9492063492063487,0.6783615558233285,0.8843412180810755,0.9582144552981327,0.9492063492063489,0.9384124008873462,0.7806724477786728,0.8022278398026612,0.03139863267861631,0.9544316996038003,0.08671734220308558,0.03139863267861631,0.03139863267861631,0.3741839079094693,0.0,0.944383427890573,0.4527606561376478,0.0,0.9341976401680094,0.535161772248302,0.9582144552981327,0.9526370111116405,0.9562880686171873,0.9508971383859763,0.03139863267861631,0.7960789049353036,0.8580633769736241,0.935580996038617,0.8409971458279799,0.0,0.9071820194155722,0.9526370111116405,0.9341976401680094,0.7935775465776653,0.9083158055901508,0.9582144552981327,0.9508971383859763,0.9369854052620166,0.9152582079543841,0.6284764518573093,0.9492063492063487,0.4006068367505189,0.92126914699118,0.9250013316406696,0.6848496741376318,0.9398636845831869,0.9582144552981327,0.930160641445072,0.9526370111116405,0.9071820194155722,0.8420784215528954,0.0,0.9492063492063487,0.8822265994777507,0.960221152322577,0.8377384241745145,0.944383427890573,0.9398636845831869,0.8244397822834253,0.06018876900102055,0.7569089328329721,0.7846176027958276,0.0,0.0,0.40880739824839063,0.6991852245234742,0.9027019168030597,0.8058499662916013,0.8453085223330421,0.8152867967569688,0.8399134433261015,0.7997856146881548,0.9328339505740528,0.8129560940834346,0.0,0.9004911494084331,0.9544316996038,0.9623211158059548,0.831146423199498,0.9582144552981327,0.831146423199498,0.0,0.0,0.7739436107925914,0.9492063492063487,0.7819949015164562,0.938412400887346,0.8570084033315841,0.8993922310882436,0.6856702229525599,0.8993922310882436,0.8344556057285131,0.8506512873935228,0.0,0.9152582079543841,0.8175997772209664,0.9508971383859763,0.9582144552981327,0.5526275082095407,0.7351207557283752,0.43182584581086747,0.9176344520056336,0.9508971383859763,0.8591172857456586,0.0,0.8266892096935958,0.9176344520056336,0.8993922310882436,0.8727631680356078,0.8654234385275936,0.9413411539914582,0.9049315186013054,0.8538362113124116,0.9562880686171875,0.8685695845092949,0.862273520033598,0.9443834278905732,0.9602211523225768,0.9225015741707872,0.2586095064370061,0.8129560940834346,0.9544316996038,0.03139863267861631,0.8759110188590655,0.9288488221297497,0.9152582079543841,0.92126914699118,0.9623211158059548,0.9152582079543841,0.9623211158059548,0.9623211158059548,0.9027019168030597,0.3647019568709454,0.8961186971729789,0.9492063492063487,0.9602211523225768,0.938412400887346,0.938412400887346,0.8322525541058978,0.9428469360414611,0.9475597985845114,0.9288488221297497,0.5210240199989242,0.9508971383859761,0.7684119013812074,0.3833143586062788,0.7125274559321442,0.7447432793600621,0.0,0.8918007079504506,0.9492063492063489,0.758381053055492,0.960221152322577,0.9328339505740528,0.9341976401680097,0.855952276285969,0.0,0.7399891659895361,0.8058499662916012,0.9341976401680094,0.8058499662916012,0.8266892096935958,0.8129560940834346,0.9544316996038,0.7143607147557588,0.6716454483484393,0.8058499662916012,0.7431708752992889,0.9355809960386166,0.6761489807685291,0.9623211158059548,0.9355809960386168,0.9492063492063489,0.8982973238138026,0.930160641445072,0.8388272306091984,0.4779583613087228,0.8106069085572598,0.9492063492063489,0.03139863267861631,0.8420784215528954,0.861222266702256,0.5110414539348817,0.7766590274917051,0.7524297972473162,0.0,0.9856724533720749,0.8633240709217587,0.9225015741707872,0.0,0.8399134433261015,0.9428469360414604,0.9582144552981327,0.2115113915126694,0.03139863267861631,0.9114861522954751,0.9314886672615051,0.897206214237533,0.9288488221297497,0.9083158055901508,0.9355809960386172,0.8129560940834346,0.0,0.9275522446953854,0.0,0.9582144552981327,0.8333555867103808,0.8843412180810759,0.9623211158059548,0.9262700211315917,0.8022278398026612,0.904931518601306,0.9225015741707869,0.0,0.8322525541058978,0.8210376473859937,0.8506512873935228,0.9250013316406696,0.40060683675051967,0.9544316996038003,0.3227392978460525,0.9237454173815312,0.392115299153029,0.8928757609748668,0.7948313236856197,0.392115299153029,0.9225015741707872,0.9544316996038003,0.885400876353422,0.392115299153029,0.9623211158059548,0.931488667261505,0.9508971383859763,0.885400876353422,0.9475597985845114,0.9237454173815312,0.9341976401680094,0.8918007079504506,0.9152582079543841,0.9355809960386168,0.9140827360776211,0.930160641445072,0.9475597985845114,0.9384124008873462,0.7301312695908225,0.9225015741707872,0.9015943008452869,0.8333555867103808,0.42440193597169273,0.9083158055901508,0.930160641445072,0.9508971383859763,0.9526370111116405,0.9015943008452867,0.8939536575643379,0.9275522446953854,0.9275522446953854,0.9004911494084333,0.9544316996038,0.9562880686171873,0.5974763156586966,0.9262700211315922,0.8664724446651935,0.9176344520056336,0.9250013316406696,0.6549904556417999,0.9369854052620166,0.9237454173815312,0.9492063492063487,0.8366469404145511,0.8780124908814328,0.9129151319089186,0.9004911494084333,0.6623067578386677,0.9562880686171875,0.9188361382271666,0.5906675167558797,0.9314886672615046,0.944383427890573,0.926270021131592,0.8993922310882434,0.6040574193889983,0.7598430279509716,0.9398636845831869,0.6739104850582693,0.9475597985845114,0.8832831707913573,0.7143607147557586,0.9526370111116407,0.9508971383859763,0.8864622842804517,0.9275522446953852,0.9526370111116405,0.8982973238138026,0.8633240709217587,0.708808264663793,0.9459533477380775,0.9459533477380775,0.8322525541058978,0.9341976401680094,0.9027019168030599,0.9526370111116405,0.8591172857456586,0.9341976401680094,0.9562880686171873,0.8928757609748668,0.9328339505740528,0.9508971383859763,0.960221152322577,0.8854008763534222,0.9582144552981327,0.7197593917099125,0.9562880686171873
p335_R,0.6132078822597651,0.8839072352628159,0.6588356679872003,0.9902085636774418,0.756019869478177,0.8755644359298407,0.9804861444801899,0.9381012722316181,0.8046451597857339,0.7628646596352011,0.9026881507194652,0.7731152683289884,0.7445388428407445,0.7850841698314425,0.8887986865728918,0.9181655169794596,0.9519101748094698,0.7737394162043588,0.9675736771626059,0.8686292480608163,0.8179952778796449,0.8462173732414175,0.9304790799566587,0.7982575278213406,0.8891857203745812,0.7964065630676626,0.8705589032350294,0.8695655609608541,0.9054798572912144,0.9599051199718911,0.7523148097023772,0.793296184098772,0.8641962732200632,0.7319540868088866,0.8148380946804523,0.8620020752690569,0.8681619357560897,0.8377233441481198,0.775383261466575,0.8139730754420303,0.6846858119514416,0.6687354532503216,0.8141668506447512,0.7810406822971943,0.9667385536160897,0.7000293917446483,0.8749227387115646,0.9957193420889504,0.7693535739719672,0.6783237951844956,0.7608239662234486,0.598881262495607,0.7737394162043583,0.9097838043725852,0.7651827197727348,0.8089636071961862,0.9932958041441329,0.8322525541058978,0.8945615699252241,0.8771406690629769,0.8140698415499686,0.9550056799347839,0.8409190871194687,0.9897096684855073,0.8556401296226268,0.9292456601885768,0.9793982907739639,0.6694977812772085,0.5804744823518937,0.9620452549083616,0.780508745112636,0.7916633247069988,0.7266107568770395,0.6586481827912334,0.8322525541058978,0.7663249242656247,0.8958295072151898,0.852043147398935,0.8690326023140318,0.8755644359298403,0.6415068193957658,0.9233592295860189,0.7778492225035785,0.9324094442474891,0.8322525541058978,0.7671149085936451,0.9950537751627356,0.8167644124271454,0.8262745556285478,0.8553912003238412,0.8322525541058978,0.6911693527105323,0.6921085935872742,0.8001671726099566,0.987360942702671,0.7482147961235514,0.7473959769585967,0.6443372083722512,0.6894321373709125,0.7719607011433689,0.808963607196186,0.9062630668618082,0.8616616667070361,0.9791657431428546,0.9966009831301439,0.8620020752690568,0.7292932745275389,0.6036915514050971,0.7216415840708981,0.8184129305555605,0.6797675614805124,0.9222315051031125,0.8839324864462479,0.8286169529783503,0.8749227387115646,0.7434933093059577,0.9349567809687966,0.7509020511212645,0.8755644359298403,0.9372014083372859,0.7059948276146899,0.824492154859118,0.791892546485951,0.9318770316361704,0.9315876745726859,0.845738773850357,0.837836432444947,0.6954225691819318,0.9731502467466953,0.6862975780081251,0.9192533296120529,0.8435824105613204,0.9144538550233171,0.8917340290011035,0.8163247221854024,0.9758205337571217,0.4910162816836827,0.9144538550233172,0.8819816371479938,0.8493250476264832,0.7754122331766213,0.8686292480608159,0.9682784709845453,0.6643649664435758,0.8653565695634797,0.9624139560616375,0.8657225484910296,0.7833470371575921,0.7844514113273959,0.5460078974204199,0.9791810757520107,0.8129429921048155,0.9892072337723308,0.7298777066012968,0.9556572734753894,0.8809023276471268,0.9500089280219464,0.8489102445467831,0.9284277336640723,0.6995943386986623,0.8967002986716689,0.968375620537216,0.9468047887422367,0.5462327618825595,0.7106400457050396,0.743399034987535,0.8932100992283061,0.7524688911812341,0.987360942702671,0.6997171692269581,0.949183684908242,0.8268147748355975,0.7869924306784442,0.961640706934509,0.9456095550082203,0.7779450922134491,0.8971926092335732,0.9011195092405508,0.9161175457876023,0.7192294604531151,0.8641071216750966,0.8226061314363167,0.9847330193381247,0.801691693817232,0.988128727526795,0.793625203346617,0.9788699220515769,0.5165719089198502,0.8321540970432764,0.9194034345408688,0.7056250093896075,0.8633941295664631,0.594326616993688,0.5561322689750421,0.5642848812080052,0.8322525541058978,0.7982575278213404,0.877140669062977,0.8847832557435504,0.7880861394575547,0.8851714610505234,0.8016916938172323,0.8322525541058978,0.652915561171035,0.7711127925141577,0.7997152688655997,0.8322525541058978,0.9433946185347881,0.8158740901345863,0.8134203880781347,0.8205848838583183,0.738875819219174,0.8268147748355975,0.8322525541058978,0.5165932605186723,0.8322525541058978,0.9292733304663152,0.7610067319955126,0.7218505513182261,0.8322525541058978,0.8242362864197301,0.8322525541058978,0.7189846798220059,0.7292932745275391,0.8014543455952765,0.6051218310932238,0.8435824105613202,0.4939563316607538,0.8771406690629772,0.8588667629410589,0.6824673540077426,0.9028763097274001,0.909026411251859,0.9891801270545069,0.914453855023317,0.7899953240176679,0.7181561553957498,0.990678508165333,0.8944111243005305,0.8350213336675589,0.873315820733504,0.7498018294175814,0.7152065657187192,0.9605875333724597,0.8322525541058978,0.6106444281418608,0.8322525541058978,0.8745803172009685,0.9499047948653948,0.7608239662234488,0.6763635629665927,0.4939563316607538,0.7982575278213402,0.8478796967642306,0.7918925464859508,0.7275622570592154,0.9706993409792102,0.9073377799459041,0.8116739797859969,0.7523960251655856,0.6350212802029059,0.489489865952933,0.8553912003238413,0.9418890352294473,0.6707769845766548,0.775383261466575,0.9301999838411366,0.5871394818061979,0.8934077299130396,0.7335965349405013,0.8245246215470048,0.8907128377247426,0.5465733040932159,0.45145391525239364,0.8373539972278125,0.8620020752690568,0.792217541587982,0.7352064725384131,0.9233592295860189,0.8298154360649804,0.8620020752690568,0.8990269874740213,0.7785951888300491,0.9418890352294473,0.714596959953372,0.8261090486006422,0.8435824105613203,0.9693935085740747,0.692415303064932,0.8215094261899887,0.8435824105613208,0.968375620537216,0.5378439287377441,0.8971926092335734,0.8274105957941784,0.9365291082498839,0.6371454306184342,0.637835228927025,0.9268547209438454,0.8322525541058985,0.9255218291171896,0.8493250476264828,0.9144538550233174,0.6480180771332995,0.578782726114619,0.9376033950120523,0.7916633247069992,0.7341031695427902,0.5057722307454497,0.5696417989928886,0.5434418456901207,0.7076823156089368,0.8583963013306573,0.9734657432408611,0.8008041069536591,0.9423304665216126,0.892003241535156,0.9791810757520109,0.9693935085740746,0.6671503344751524,0.7374440366103561,0.874354636086484,0.8322525541058978,0.849509419272671,0.8359836380551868,0.8190737099309676,0.8620020752690568,0.8406536176554844,0.9696969022768169,0.8322525541058978,0.9648745187924734,0.8916641869793291,0.9143480251080163,0.9992215908060104,0.9750781248035392,0.782685874648712,0.8907128377247424,0.5607502124188943,0.5136046507711827,0.8919046383760008,0.8112504150761773,0.5552331115815807,0.7803336516357529,0.8902470346523458,0.5194382317062288,0.9356603734823548,0.9639707744496169,0.9143480251080162,0.486376342470489,0.7913139422501831,0.5345511272905583,0.8163247221854023,0.8268147748355974,0.7737758845332687,0.8713288359192889,0.6796474908395109,0.6875596941645521,0.4401643017289367,0.8322525541058978,0.9162228525721399,0.6850731555804408,0.8360451814204684,0.9236326045439056,0.8365658780959979,0.6997171692269577,0.8322525541058978,0.8322525541058978,0.7621416605923637,0.5314334189186589,0.7873346331228689,0.8322525541058978,0.9054798572912145,0.8322525541058987,0.949183684908242,0.6605206606335422,0.6952373136179992,0.8910707793081736,0.8104976393137722,0.8958295072151901,0.4855176255271747,0.5456256155373775,0.8322525541058978,0.6228542192885742,0.7433990349875349,0.501235021813982,0.6435653257601279,0.9351586821500917,0.9041129464674594,0.8435824105613206,0.5957813897650153,0.8322525541058978,0.5336285103962486,0.8635862339827731,0.731200473285285,0.8323213721746263,0.858908534443626,0.5606600504135194,0.864196273220063,0.8322525541058978,0.4968727979831493,0.8422533720769101,0.8322525541058978,0.8362960726499893,0.9679970100523716,0.7468935440646995,0.45430879649511313,0.6352949127269572,0.8322525541058978,0.8643260956556471,0.9197051788820867,0.9906206863879108,0.8262334552214252,0.6858942506216261,0.8228662310133217,0.8779232679526721,0.7398897029724583,0.8749227387115646,0.6629041920589054,0.8134203880781347,0.9304790799566586,0.8938260283066244,0.9679912731121174,0.5874829526129223,0.954349852295192,0.8495094192726707,0.7964065630676633,0.8322525541058978,0.9268547209438454,0.82981543606498,0.9598657987116218,0.7681193276970908,0.8928624729464993,0.8215094261899891,0.8528004148129016,0.9195595410659114,0.8493250476264833,0.9960218426394749,0.9204798919093111,0.9349567809687969,0.6763050166674539,0.892003241535156,0.7509020511212643,0.8838747793973947,0.9471177057871927,0.9608333500785664,0.9740378306892084,0.881663036899645,0.9702477081758492,0.8686292480608161,0.9497987366599032,0.9756202774185014,0.9821725152205192,0.9683216963490744,0.920635574202077,0.6960041567402158,0.937035292386972,0.9693935085740745,0.8747241730549082,0.8936125496492136,0.9936959070546724,0.9897096684855073,0.7934418293573555,0.8575841959228613,0.8587656591799585,0.7165813558160459,0.7917179450629404,0.9938556441409032,0.9386992465654299,0.815874319224264,0.68159240616896,0.7249573830707128,0.9979086030277415,0.44921305743152806,0.7934418293573555,0.922392300278019,0.7484029422269305,0.9307575513324222,0.9514863755475471,0.8749227387115643,0.8619483177349179,0.6332402249269631,0.9431973165376885,0.6883207051729792,0.8916641869793294,0.8271341039820186,0.9660056728588532,0.9568755471965897,0.8889173311634344,0.8705589032350294,0.8434418127102161,0.8907128377247426,0.7509020511212645,0.8154764414346688,0.5412131876597772,0.7123997985958992,0.8268147748355974,0.8268147748355974,0.7910879658728174,0.7332981321214942,0.8705589032350293,0.6350212802029058,0.8322525541058978,0.8893852688139481,0.8322525541058978,0.8322525541058978,0.746128734024428,0.9979086030277418,0.8111005607306154,0.8322525541058978,0.785027958173124,0.7776370657277041,0.9160645004037968,0.8938260283066248,0.6840104977529866,0.8818056779826983,0.9618897069346933,0.7146471404095502,0.8606627766473895,0.6592910034849628,0.8569113652342983,0.9906206863879108,0.9236326045439064,0.8247372109804267,0.9273903003593763,0.7523148097023783,0.844601506988564,0.7334406308261021,0.9074813381865974,0.8893852688139479,0.7398897029724583,0.8749227387115647,0.8079377101114511,0.880915889902832,0.9222315051031125,0.8827375352795921,0.7509363710119874,0.7689439583683324,0.95616019063386,0.830813196658009,0.943755816569914,0.9056949642367282,0.8958295072151907,0.9288129423783751,0.8110089872106601,0.8865965032511374,0.7518812537808527,0.9793982907739638,0.9181910881551667,0.9396214630912763,0.9716377114829451,0.6355939671425638,0.9125440513003291,0.4507715623062418,0.8205382833751697,0.9143480251080162,0.537396595534499,0.9109815833603441,0.6279782135198091,0.541860701477211,0.8462173732414175,0.6258164134513009,0.8664812591739794,0.8322525541058978,0.8495094192726707,0.8595096562030184,0.9030654324838645,0.753597882831739,0.9553340908634913,0.9049562904994712,0.8632273442467608,0.6526740306351476,0.9740378306892084,0.6638306545285577,0.9054798572912146,0.723533556550926,0.7934418293573555,0.6786523671122358,0.8493250476264834,0.9965609185797778,0.8868252772293053,0.8541685772005315,0.8530225521173653,0.7930851704926423,0.9851543084167025,0.4001373720537381,0.4839820045575245,0.9316733990237636,0.9398354855262119,0.5699380335029615,0.7844998909274941,0.9791810757520109,0.9135090138467388,0.858908534443626,0.7743378360921568,0.8879849941890305,0.939054158173088,0.8553912003238413,0.7069003311363491,0.515060879436821,0.9919152034643681,0.6878312475279595,0.99971594868746,0.8649384685625581,0.8982131966081792,0.8703626342900589,0.6369742401068552,0.7733686869464751,0.7459648775430554,0.8155427190865163,0.8267206457386697,0.9731502467466953,0.8495094192726707,0.9919152034643681,0.8322525541058978,0.7733804511803051,0.6701962241530146,0.730718739741195,0.7559728170533346,0.8322525541058978,0.985253566266161,0.5763387363958221,0.6708526430209234,0.7440592910622423,0.682343845336544,0.7881704068805278,0.9949190403088481,0.7722420428780117,0.8473388350776123,0.9017494602822482,0.9040278247540352,0.7837384898877129,0.855640129622627,0.7133379421181637,0.9932958041441329,0.968375620537216,0.8733158207335042,0.9143480251080164,0.7196633449625738,0.877140669062977,0.8755644359298403,0.8062775279335068,0.9407906663026401,0.8910707793081735,0.9079539162170567,0.6490901156763345,0.9268547209438454,0.7854289820793146,0.7320794879815151,0.6290250062453311,0.6225717483206146,0.8268147748355974,0.9881294913507128,0.816324722185402,0.8268147748355974,0.8553912003238412,0.9712466359846285,0.8322525541058978,0.8040360104672089,0.9303479496835153,0.8322525541058978,0.7826858746487118,0.7998064045559885,0.7860925850857807,0.8749227387115646,0.9081438960381265,0.8589085344436258,0.8553912003238413,0.6815433028054894,0.9372014083372859,0.978220624633725,0.6547129895714754,0.8322525541058978,0.7292932745275389,0.968375620537216,0.8764681112735829,0.668592259458086,0.7514242571504984,0.8620020752690568,0.928812942378375,0.794611464487371,0.9735062310027147,0.8405391334302661,0.9792981171115859,0.954358987469742,0.9628468511665839,0.9318770316361709,0.7476756278988692,0.8773656490592002,0.8564736530148129,0.8139730754420306,0.8749227387115647,0.9263430920895602,0.9175640139512233,0.8322525541058978,0.9792981171115857,0.7186171459852189,0.7997152688655997,0.6503601069638574,0.8163247221854022,0.92005433765868,0.747092543140724,0.8215094261899891,0.7665017644143342,0.5873858443249693,0.8322525541058978,0.8322525541058978,0.9236822114364769,0.8761365540305308,0.9040095812755926,0.8307821102125947,0.9295446296132348,0.6472966749338743,0.6182757470319706,0.708425842817497,0.8242724430440966,0.6807489089785328,0.8322525541058978,0.5945752790510512,0.8495094192726707,0.775383261466575,0.5343703417787684,0.8620020752690568,0.7426626707655788,0.8322525541058978,0.8322525541058978,0.5228633050647415,0.8322525541058985,0.6344484979495513,0.8214113062545312,0.5974849883226665,0.7016315817588898,0.8928624729464996,0.8577784032474605,0.8195856572142854,0.6437565827868625,0.8322525541058978,0.7201378724697229,0.7381677184719435,0.8984874390672324,0.7860925850857805,0.8412128772967953,0.9303843460922749,0.9072025039450784,0.7279854846060798,0.7376065211990552,0.8013681730822648,0.8322525541058978,0.7761258934503041,0.9431973165376885,0.9425072522847004,0.8597393834661409,0.8564847050495203,0.986709919188336,0.767931006239009,0.6416408516850136,0.8743987568468052,0.8558412853110073,0.8594347415864336,0.8311531009920223,0.9054798572912144,0.8867168000149586,0.9995891151625982,0.7577600430449285,0.8582406198494188,0.8553912003238413,0.9484921908747528,0.817526392002194,0.9690520383983674,0.8953346219025677,0.9693012073574558,0.954358987469742,0.8917340290011033,0.775383261466575,0.817340654385852,0.9161175457876019,0.9058108984168913,0.9324745450850018,0.9423304665216126,0.7966052392676446,0.7816916219552863,0.7093976287101138,0.8641962732200635,0.9159973957702077,0.8834399215554212,0.7316456333385174,0.7072810178879132,0.8661744883783258,0.8415908515307025,0.858161170141717,0.9530646644243317,0.8322525541058978,0.7073361950721981,0.920479891909311,0.6952373136179992,0.7628646596352011,0.8070060269882076,0.8295769929611472,0.760585368622791,0.8322525541058978,0.8549978519017924,0.4991289197069213,0.6077295872896236,0.6717381040288952,0.7761258934503041,0.693584097989599,0.8819816371479938,0.9516812904514313,0.7673134811052744,0.6904672988448104,0.6013152228924961,0.7872544459254589,0.6031036244249627,0.8755644359298402,0.8588667629410589,0.8910707793081735,0.7974985375697641,0.8736904142675237,0.8790534573951003,0.7493147111654466,0.48978402510788466,0.7854289820793141,0.8268147748355974,0.8370338278750447,0.5840657142205605,0.6735212247946856,0.513850886690917,0.398450976032259,0.8322525541058978,0.661944180233178,0.5770767053844768,0.8055966092160425,0.8322525541058978,0.7804994725980605,0.9769661523482791,0.8620020752690568,0.9782206246337252,0.8268147748355974,0.6688629552139378,0.8182519402561654,0.8716984120324802,0.9054110980731636,0.9413638594727951,0.8827375352795923,0.4592934272800515,0.8322525541058978,0.6980134539645833,0.8322525541058978,0.7509020511212645,0.7003502447366213,0.944126514407823,0.775383261466575,0.560470333986762,0.7794395245812903,0.9326302806463169,0.8055966092160423,0.8322525541058978,0.0,0.8397994402600835,0.9588217704313345,0.9839074593874426,0.7201378724697236,0.9881294913507128,0.7523148097023774,0.54542030603191,0.9175649668107596,0.9796028029369608,0.6265297010417915,0.9175649668107596,0.8055966092160425,0.8495094192726709,0.6527576576384911,0.9175649668107596,0.775383261466575,0.9097422973841846,0.8892340377547687,0.808879927839061,0.8553912003238414,0.64930450839551,0.8530225521173652,0.7881704068805279,0.7201378724697234,0.6875885626268099,0.8299596158787215,0.806761162062428,0.7159624173525003,0.657661287020856,0.8912374107061413,0.7440592910622428,0.7094131048779755,0.6399180205808037,0.9500996411272865,0.715281682635592,0.9255218291171897,0.8285830311324829,0.8749227387115646,0.8642161021184096,0.9936188546913675,0.9122885080715843,0.9122885080715843,0.9445061697314505,0.9144538550233172,0.855640129622627,0.9975859340056625,0.8418828138109646,0.9950896169687198,0.9981085474809637,0.9839074593874426,0.824944051375015,0.9621556007910539,0.8104976393137722,0.832252554105898,0.9649491677242916,0.7930127786581699,0.8812529716315352,0.9701385430060498,0.8174556872124773,0.9081438960381263,0.9693935085740745,0.9932796291071262,0.7737394162043583,0.8705589032350294,0.9272609355541472,0.8577784032474602,0.9394952693073797,0.9147604394803943,0.8013981440784052,0.9480118969637621,0.9125440513003292,0.7676036709034213,0.9964338989708681,0.8749227387115642,0.8984874390672324,0.9511022928593178,0.825688944079621,0.968375620537216,0.8984442967029092,0.8965471168557353,0.9766138018939252,0.9049562904994713,0.9049562904994711,0.671640009548818,0.9936959070546725,0.7133379421181639,0.968375620537216,0.805692708054647,0.7826858746487121,0.8893852688139481,0.8739797270611273,0.9683216963490744,0.9288129423783751,0.7628646596352011,0.7464310197588331,0.7509020511212645,0.9657004545354246,0.8893852688139481
p336_F,0.9626890992541921,0.8696754588656315,0.6346793431365563,0.9892120137342906,0.745100985070775,0.867245184115023,0.7533785448498327,0.7553583189572296,0.4625363384376576,0.777725051686036,0.7881204379608016,0.7912917627485501,0.7631866258363328,0.7471222880427801,0.898671143398079,0.8572611603853229,0.9107244243672112,0.7586125609003374,0.9912167559423897,0.8960891990394331,0.727930358070537,0.7830070991781035,0.8434624213465034,0.8151007362602646,0.8258236320063455,0.617174608302879,0.8040449459034817,0.6282602219716596,0.8960891990394331,0.8535108243271072,0.6637514944277577,0.8092482946136268,0.8507040550434801,0.7216178587065489,0.7451009850707753,0.8873862636899235,0.8568202095114825,0.7986313914179708,0.789459159182419,0.7758753127430553,0.6621927996433601,0.8766775809368059,0.9038910447499384,0.6979104685623669,0.9825960971690593,0.4892505313595168,0.8947718849987465,0.6118628674117652,0.7539334992316542,0.6339107526684677,0.7773116155631011,0.5237870256938943,0.617174608302879,0.8696754588656308,0.9548493822944981,0.7925291845401496,0.9870085927386689,0.8210376473859937,0.8554043653754251,0.8642900383784606,0.5099884575910506,0.6382484824053667,0.8254925070571364,0.8621883578214153,0.8459888203478394,0.6076427950809941,0.9671949520326926,0.8923241076194144,0.8715126887532314,0.974173079973455,0.7425315680214664,0.7758753127430558,0.9078099208946409,0.40387595387147723,0.8210376473859937,0.5999701459118136,0.8074040591550222,0.8379301929572325,0.6642977413825711,0.8672451841150228,0.8383063995659669,0.9295693724342009,0.7612181055781115,0.9592523993707327,0.8210376473859937,0.7290417554992568,0.9730233010527125,0.7983531073160044,0.8905365218058185,0.8433414573926268,0.8210376473859937,0.6505795584451428,0.715348190430827,0.6389613126524252,0.8871731765799364,0.88445159591793,0.7054811135399384,0.6347699599891727,0.3497937395133175,0.4191173427794046,0.7925291845401494,0.8947718849987463,0.8210376473859948,0.816332253288462,0.8173528463979438,0.8527760996057681,0.6905906148929766,0.30417702646908396,0.9110327348546935,0.4047572080991111,0.6655751671805616,0.9673377046678826,0.4492264360229752,0.7885864029765373,0.8639484283036893,0.5341984903624888,0.9776256982477278,0.8357324236368335,0.8672451841150228,0.427009831146127,0.9193350153182774,0.7804874263709287,0.7779793350719892,0.9743512767842568,0.9738676544724697,0.6666285268745482,0.8269948409452779,0.9000926047703484,0.8714465943048433,0.865448911968848,0.5208833909575351,0.8639484283036891,0.903321593931641,0.7894591591824189,0.8307148155194142,0.8405649128731167,0.8304977494780503,0.8713849148811152,0.8394482358305893,0.8642900383784609,0.4746577761117232,0.8598463380089292,0.5180682908148267,0.6345885606906843,0.852144222179023,0.5547654881528099,0.7534213218136702,0.2363740492914802,0.9733516343456694,0.4334428280249101,0.9685749211004397,0.5099884575910489,0.7522256699688787,0.9722884574678328,0.9671949520326926,0.6536375359605038,0.7112196315574892,0.8277525081896633,0.6946923062775642,0.6576494519478984,0.7722245159031513,0.9202873748309089,0.7912160328242333,0.59564171942319,0.6706863335968964,0.7055981959002167,0.6274881406437262,0.695525392673036,0.8871731765799364,0.5345089973226709,0.7471222880427804,0.8152363204804094,0.7320767065301357,0.866002548862512,0.7675930277926482,0.7776674254192044,0.9219964277740789,0.9096098469694606,0.8561173800231288,0.7389264116917473,0.8906385688022915,0.6585649730662329,0.9913825841281623,0.955762005041495,0.8752807597957302,0.6209069101991362,0.3169504979729766,0.9747016694738193,0.8951252660134043,0.8539357095503355,0.8074273991606657,0.8405726934552351,0.4500109726136272,0.3352591239281534,0.8593558685492888,0.8210376473859937,0.7256246305616507,0.9737175591987517,0.9308637073029582,0.720258102809904,0.5385094608169494,0.9318174473096362,0.8210376473859937,0.5511840603382294,0.4471953101142383,0.7777250516860362,0.8210376473859937,0.7955432319354974,0.5641455029993001,0.489094333975293,0.5849820643211239,0.7170138350056436,0.815236320480409,0.8210376473859937,0.9846354307765333,0.8210376473859937,0.6039714395061828,0.6025827263341423,0.655114886283999,0.8210376473859937,0.6916723453942051,0.8210376473859937,0.5862058729041546,0.7808638502519163,0.7436634291646809,0.5921605102875815,0.8639484283036889,0.31710871431318677,0.8369331581733881,0.819985330936758,0.9486263410757941,0.7563399793966474,0.6113424184027063,0.7918748088323502,0.8394482358305895,0.8955209508510915,0.8002912060027667,0.7594750664532848,0.8021338145488737,0.8654489119688487,0.601808429120493,0.7959070098575323,0.6883589455536558,0.8347842793657391,0.8210376473859937,0.899566676570429,0.8210376473859937,0.5927698695478858,0.7579218268192156,0.9352582729821668,0.9571570121103328,0.3419261292848965,0.7554499991278552,0.6131047674962979,0.7779793350719886,0.7185686993921176,0.987359457946525,0.474646617101221,0.7353466346605647,0.6345885606906843,0.9953353586248987,0.5142583117930664,0.8152363204804096,0.954879537211281,0.667761509352214,0.789459159182419,0.6268418948345278,0.8474513356588724,0.7860174572057299,0.7515356168137487,0.6906518138414979,0.9991316310832183,0.4885515898577414,0.6410625519279811,0.6157424419032802,0.8527760996057681,0.4434022615386395,0.7808475847905095,0.8373338126942222,0.9576316848359518,0.8527760996057681,0.9415092491228023,0.36579287557276274,0.8885023230643213,0.6913092629328221,0.7874705756580318,0.8331249716086315,0.7724145155339062,0.3989974651794993,0.8095762779683153,0.8331249716086317,0.9202873748309089,0.41510326511471407,0.8527760996057681,0.5236256375037875,0.5844431532034983,0.6115852115392624,0.96846405637528,0.8527760996057683,0.8210376473859946,0.8636425667886616,0.8095762779683153,0.9352582729821668,0.3829150884578093,0.663364627787793,0.8947718849987465,0.7978171262544578,0.8756842381906773,0.45042540983962853,0.8348026506087807,0.6744404966251085,0.8385851300519911,0.6915260804856773,0.6543670185414063,0.6676303640487579,0.8598463380089294,0.5828206332159785,0.8598463380089296,0.9475571552199027,0.6394713552416864,0.6989171300206605,0.9511108315259662,0.8210376473859937,0.7453749365125747,0.9299541949414272,0.7809058762859376,0.8527760996057681,0.954879537211281,0.8995517312170607,0.8210376473859937,0.9110327348546934,0.974173079973455,0.9435331078267024,0.8660249872235797,0.5818872179666538,0.7681571428892382,0.9991316310832183,0.44516353180271573,0.4745362421545736,0.8497457804735238,0.6806419723269378,0.5319711614713905,0.7353466346605648,0.5659355123189975,0.5259923645416933,0.7231276267699911,0.7357684645976896,0.9053891459708625,0.3110324131430644,0.7334939289370179,0.2931160472710518,0.804044945903482,0.8433414573926268,0.9417881754212667,0.7190684391594133,0.37388297975776175,0.3809820692639344,0.38680344231827135,0.8210376473859937,0.27839297818607633,0.8283911740471579,0.7576776379554473,0.9022201743723983,0.9323320600699363,0.46802749840732927,0.8210376473859937,0.8210376473859937,0.8291720440517167,0.874939634820469,0.5864375043978767,0.8210376473859937,0.9323320600699363,0.821037647385995,0.7672964318504061,0.6378244633589021,0.3103844158868012,0.8499617385555434,0.7517647878706253,0.9293888590396144,0.43487628633026865,0.3620709024946204,0.8210376473859937,0.6264393209147392,0.7436634291646806,0.28555805080546637,0.4495704066490199,0.7926331565425093,0.7982438211195748,0.8331249716086315,0.396721299627514,0.8210376473859937,0.5104850135829411,0.8923724532139343,0.7096556103168405,0.8915393329209167,0.994052947657494,0.4955710591951332,0.8246677232307253,0.8210376473859937,0.778541974478925,0.4223242539165537,0.8210376473859937,0.9212882627543016,0.4891305628457435,0.5359939452426579,0.39981072165290565,0.3704017572245515,0.8210376473859937,0.8466925545118071,0.591558534809508,0.9216909301378011,0.7882822576412951,0.6402304905398413,0.833718403737426,0.5232365506367302,0.6992667062158149,0.8639484283036891,0.8453796842512094,0.38101723836867796,0.8199853309367582,0.2857406254869882,0.8319117025811522,0.5730563088845679,0.8904166021659932,0.8394482358305893,0.7809058762859378,0.8210376473859937,0.974173079973455,0.6702017638677895,0.5733940668011435,0.8881161545623978,0.7873289520071476,0.8369331581733883,0.6148719422688778,0.9462963152100965,0.8369331581733883,0.8130253154590172,0.8210376473859948,0.9460248803089517,0.6781346596378581,0.7813909515271873,0.9912167559423897,0.2749111066400163,0.8864536347775469,0.7740272410655402,0.9843249638049738,0.6007919156393404,0.9537858190165325,0.8960891990394331,0.7318816619055257,0.6663254552361244,0.9208832186911124,0.8313475190712678,0.7830070991781037,0.7253792407556554,0.9511108315259663,0.7529542222354626,0.9788524334252813,0.8877469170664952,0.8142749227592276,0.7711531188521504,0.9873594579465252,0.6016315379564579,0.6199265005503769,0.4488462154883631,0.751660929739556,0.8573846851353464,0.5932827038290822,0.7256212194353093,0.6678275415360698,0.9987460422391845,0.9373707829854836,0.3827173856501065,0.9628307870570441,0.6801988603469331,0.9065104824992061,0.8709106051827966,0.5840870527437398,0.8331249716086315,0.7740834139577748,0.47552553015600774,0.8060099416650974,0.8211520083966635,0.8011222595526782,0.6646937870847849,0.5385094608169494,0.9787432486417591,0.8578591289580733,0.8573846851353464,0.8040449459034822,0.9689316898662559,0.8011222595526781,0.7771688973305433,0.48794828921471967,0.6931720278588798,0.8152363204804092,0.815236320480409,0.6387446891571207,0.9394275107084477,0.8307148155194144,0.5912989449385786,0.8210376473859937,0.8791774274213195,0.8210376473859937,0.8210376473859937,0.4318203131507057,0.9843249638049736,0.7918748088323502,0.8210376473859937,0.4887290903966264,0.34189715917541785,0.9972691533930256,0.8200126958717573,0.6715500778564472,0.5543119088989839,0.9532256583533594,0.8447146306973559,0.36827766902633674,0.732714635952447,0.8750839611417722,0.8459888203478396,0.5782445690081739,0.5909250269315702,0.4821892356059061,0.7357555930163433,0.914968958641729,0.7800705189555932,0.8869812840742788,0.8791774274213193,0.6992667062158149,0.8331249716086315,0.7837144885838689,0.7290537012835301,0.8966721097355029,0.8199853309367582,0.5823481678456801,0.8130673408784512,0.5798619397826985,0.7574270416878306,0.9863790326685804,0.7969935480506791,0.8805949390857777,0.8568202095114823,0.9395810530524711,0.4067029211419074,0.6199265005503767,0.8713849148811155,0.6059049012501272,0.9025864883212624,0.6853616819425516,0.6112312733031213,0.8714465943048433,0.4344516665356033,0.7822106174117491,0.9435331078267024,0.44140223772031906,0.2749111066400164,0.9470021077902417,0.4076466273676902,0.8318010191319407,0.8865729572229368,0.7348552856431166,0.8210376473859937,0.8394482358305893,0.6472928386038912,0.9764937144271644,0.6360936095605672,0.7046567413066109,0.7253567585454481,0.8032031292453867,0.4309307264787525,0.9373707829854836,0.35965277834997855,0.8598463380089296,0.45953517945881917,0.8134015220677515,0.6924142360203343,0.8369331581733883,0.9288130504817436,0.8228241374285102,0.7579218268192156,0.8142749227592276,0.7609494283259225,0.5994484194856188,0.37049364694168974,0.7120064913907559,0.9086365686230147,0.4443274842562248,0.5527255058101095,0.9743512767842567,0.9323320600699363,0.8975900774078802,0.9045768419588796,0.5370265030791845,0.6608958966870275,0.8814237409152972,0.8152363204804096,0.44362288461338484,0.47929155744079655,0.9435331078267024,0.7709380414920997,0.8586404614407942,0.8444940347480179,0.819793895693609,0.854012550004037,0.8392150548780514,0.7564622451734433,0.9110327348546935,0.8567774960813828,0.8130253154590168,0.8475020365729846,0.8713849148811152,0.9435331078267024,0.8210376473859937,0.7021575654081034,0.5681241870456804,0.6250278339751397,0.7183017411283747,0.8210376473859937,0.45415524514768024,0.5222048777619506,0.8418874980013767,0.7471222880427801,0.6611066567488664,0.698280204370902,0.6668254869985033,0.884621096048279,0.8086217883306912,0.8436818321362076,0.40798035672072797,0.6624095428270531,0.8459888203478394,0.6912834150580265,0.9653997696054999,0.9872422550839188,0.7390903637586193,0.9053891459708625,0.8932785031397029,0.8642900383784609,0.9053891459708627,0.7933260374223106,0.9437909464723311,0.8499617385555434,0.6679973866905995,0.6383133578577422,0.8011222595526784,0.9475696232576157,0.7046567413066125,0.5747712183868172,0.45799507585735566,0.8433414573926268,0.9689316898662559,0.8573846851353468,0.8433414573926268,0.8433414573926268,0.8891762753245704,0.8210376473859937,0.7692371402416002,0.8689547727277667,0.8210376473859937,0.791216032824233,0.6624095428270533,0.8703425877209889,0.8639484283036891,0.954879537211281,0.9761216837763014,0.8433414573926268,0.5309088062296612,0.49579691437934625,0.6635186800488497,0.5461357679932124,0.8210376473859937,0.7082087993881467,0.8947718849987467,0.7681571428892384,0.4070427736484046,0.6769671233957173,0.8873862636899235,0.9164709466438918,0.6718112501829114,0.9219433011506383,0.8258236320063457,0.8788858297250919,0.8709106051827966,0.8820111932013266,0.7978755494876433,0.6107425946063599,0.8379301929572327,0.9566065918582343,0.7758753127430558,0.8639484283036893,0.796299721863998,0.3287764583050403,0.8210376473859937,0.9367340120641894,0.6757262336210452,0.7777250516860362,0.5198813689191459,0.8307148155194142,0.8877399479536634,0.39010471329173024,0.8369331581733883,0.5167970520023997,0.26845521723510657,0.8210376473859937,0.8210376473859937,0.9113142204637853,0.7412043235173793,0.7935708921509124,0.7299491751769078,0.2419904020951691,0.42511806574626765,0.5936460893705511,0.3560328244556197,0.7860174572057299,0.34617091732869676,0.8210376473859937,0.9812322609699886,0.8394482358305893,0.789459159182419,0.45678685956530485,0.8527760996057681,0.5477520166024337,0.8210376473859937,0.8210376473859937,0.3572168924158726,0.8499617385555434,0.39013150408525743,0.783007099178104,0.5510497802719065,0.6621927996433601,0.9997426847574193,0.9121872473659294,0.4910563372648178,0.635467313495417,0.8210376473859937,0.7014274376374254,0.3359976844895103,0.9462963152100967,0.9219964277740789,0.9859597730782947,0.8774191840736139,0.8841252848680676,0.7290417554992568,0.7256246305616505,0.7106563665070442,0.8210376473859937,0.42955156340544454,0.9022201743723983,0.5544912641592559,0.7835569704764302,0.6104048419075203,0.8249268553610868,0.6766620071508911,0.5393735685980408,0.8221251089173612,0.7788006269932968,0.3837855755710916,0.9559262275531268,0.8960891990394328,0.7485241167665728,0.9146657685995339,0.4976530169769945,0.777311615563101,0.8433414573926268,0.556229469753859,0.9913825841281623,0.7767532898798128,0.759326913479033,0.7894591591824192,0.7767532898798126,0.7894591591824193,0.9816770696825421,0.7253792407556552,0.9863790326685805,0.5174463148262927,0.9186455320880671,0.9323320600699363,0.8318010191319405,0.8266415411912026,0.49963738217041587,0.824667723230726,0.7069763520118983,0.7969031759296421,0.7295035827734879,0.7256246305616507,0.5439852545680837,0.8637360812894783,0.5876385847062202,0.6007919156393406,0.8210376473859937,0.6664797737537291,0.86079734974897,0.6959423905277603,0.777725051686036,0.9446726737351134,0.6323117188009018,0.7248833451679779,0.8210376473859937,0.5602015001630186,0.42885671870046727,0.839841728215853,0.3542279363739167,0.49374058724036374,0.4092884588488208,0.839448235830589,0.49113488937755545,0.8935090914655159,0.9313218112870956,0.4158051131494521,0.7730311501172682,0.553245351494474,0.9053891459708625,0.8904166021659934,0.8210376473859948,0.7078560862476779,0.9294680073228663,0.3747401908885114,0.9981458463366848,0.4082800102728208,0.8897214409185187,0.8433414573926268,0.4079785231738057,0.5388308218517004,0.6992667062158153,0.4096360639139137,0.3643592963759086,0.8210376473859937,0.3900642419264708,0.5464303027481021,0.787470575658032,0.8210376473859937,0.42083849138598783,0.8507040550434799,0.8527760996057681,0.9138936925757384,0.8433414573926268,0.6187091562159215,0.7509345006164765,0.7035482038348904,0.9870085927386689,0.9435658987182343,0.8669395117562482,0.41672526887687145,0.8210376473859937,0.7868143215219866,0.8210376473859937,0.7665120954685227,0.7502608604849701,0.4453584481193926,0.789459159182419,0.8451881529126615,0.7411517252141517,0.5380736282152401,0.807644719465658,0.8210376473859937,0.8397994402600835,0.0,0.4737964971939199,0.7357555930163433,0.7014274376374257,0.9689316898662559,0.7357555930163429,0.9561066312300459,0.991087445383698,0.4014146692841981,0.40174549661868086,0.991087445383698,0.8278188632732841,0.8394482358305895,0.6269399583421413,0.991087445383698,0.789459159182419,0.936959083985133,0.8151007362602649,0.6115852115392619,0.815236320480409,0.9417224470902437,0.791216032824233,0.6021103220512951,0.7202589006980222,0.7809041320975755,0.5758285858753602,0.653637535960504,0.903712310397419,0.9730233010527126,0.6544083204309438,0.7269481442351544,0.6702017638677893,0.6657729726270591,0.9089114783057956,0.676967123395718,0.7978171262544571,0.8151007362602645,0.8639484283036891,0.6869651020750386,0.9484305391618524,0.8293999941690731,0.7660361156836046,0.6958104568568161,0.9033215939316408,0.8459888203478396,0.9643422419025148,0.6090065394127633,0.7841728347787535,0.6552127551740157,0.7771688973305431,0.9961521931798831,0.8258236320063455,0.6965122350589388,0.8210376473859942,0.5049963179163325,0.6294755563369585,0.8776924834888047,0.4775467242996838,0.8999839099309372,0.9123660344947992,0.7918748088323502,0.982034479733138,0.617174608302879,0.8573846851353464,0.8661806647462988,0.8621883578214158,0.9953353586248987,0.8391308053556913,0.7881204379608018,0.9419369983326313,0.8995517312170607,0.9077943233416037,0.7306711055798201,0.8331249716086315,0.8866455780776872,0.3810172383686773,0.5951787946100978,0.9564187983888612,0.9229647893408062,0.46015483656998835,0.7571006970843872,0.8642900383784609,0.8369331581733883,0.42532842688314354,0.9295693724342007,0.6742355022092119,0.9511108315259663,0.3231969281994307,0.7681571428892384,0.8459888203478396,0.4334152740596049,0.9446726737351134,0.8568202095114825,0.777725051686036,0.6360321951196746,0.8011222595526781,0.6789717608582011,0.8791774274213193
p336_L,0.8053248511641962,0.9033132960388238,0.6959342071713231,0.9504941253990051,0.8812418962256667,0.9897622271227242,0.9697176325755443,0.9665721436091608,0.7171847386549131,0.8830381436111514,0.6763623884739762,0.8755343989590985,0.845809930023645,0.6731194139301517,0.8328586273841885,0.963448993779023,0.9660840200628468,0.9185106057239003,0.9032363779712868,0.9636376010830712,0.9037541039178857,0.7940466160389037,0.9659434594518929,0.918710349669114,0.8310754151823584,0.7985559379258655,0.7686384785694198,0.7744432967591064,0.9636376010830708,0.8864590842610889,0.8013809130873766,0.8997921725028664,0.8870256184172891,0.7613536716392533,0.8506512873935235,0.9137421426486896,0.7343076844988154,0.6999273973719904,0.8892126720780513,0.6251980177698201,0.9685810605737077,0.9817502356082138,0.9897622271227242,0.8610352962371657,0.9378775141352143,0.8548994123249097,0.7806680179853033,0.8494688784699354,0.9500824894598039,0.7491266691749363,0.8997921725028666,0.6607268039481339,0.7985559379258655,0.8275252320423416,0.9202191222843747,0.7749827149423986,0.8136478513745111,0.8506512873935228,0.9074422111116933,0.7249170223819306,0.7237703744277482,0.6402487807571933,0.8221337259550521,0.9432861517135577,0.871473686660426,0.6868044750723725,0.9335689453150366,0.6921269012856661,0.8368284740220688,0.9032363779712869,0.7046496368077506,0.787640253614812,0.8740332331171858,0.6261885996596632,0.8506512873935228,0.6153519239237409,0.8456518924137132,0.8607411310128991,0.8453187057352896,0.7477120255242755,0.9548801264481792,0.9284585017044975,0.8837579194645901,0.8457115139842375,0.8506512873935228,0.5909567886670832,0.8963217257122413,0.9426086406743563,0.920092677234913,0.8458099300236446,0.8506512873935228,0.7631995554929883,0.8811982424454801,0.6598360882646996,0.9608278274479636,0.7784413642483364,0.7761963063811237,0.7888047527723911,0.7395075581599753,0.6551579692372693,0.9964787107892183,0.9585367020978055,0.7210801889564689,0.8062334168097597,0.9547263290250128,0.7202148985912618,0.5648479312178805,0.667983467922151,0.9665208288913452,0.6468490731319312,0.8368759990405547,0.837924711472946,0.8443624186119347,0.9817204823209447,0.7154691980060808,0.8093635239102794,0.9351898208098761,0.8771378467726845,0.8687371263235002,0.757264275776653,0.9586112761809462,0.8660123516919622,0.6539721287468485,0.9765785620362863,0.9636004541301688,0.7811892117816601,0.7027638694231725,0.8858565080241474,0.9349833368300053,0.9105864625317396,0.7944683608201488,0.9110656579437488,0.8299936449997712,0.8892126720780515,0.8364704384437265,0.8360945378337119,0.8963782675465233,0.8637704178119416,0.7624400993754301,0.8410864781348422,0.6729533564178596,0.7336512181244037,0.6868044750723725,0.6904404417510024,0.8709114321620302,0.7945722645220201,0.9388551653124191,0.6054672819499609,0.9802994094637709,0.8288793477310126,0.9213692074375961,0.7607200636839271,0.7584366861676699,0.9836162374979812,0.8975471906241123,0.8410632073109219,0.8800491051209341,0.9569433609978804,0.9276556424556235,0.9634489937790228,0.9697070446125318,0.9436650679333606,0.778891826586197,0.6964105008638077,0.7982934290400743,0.9638768720072552,0.8417707485795647,0.8199002489157293,0.8393538471538915,0.742033704957568,0.8864845765985003,0.6785985670091002,0.9050632810818651,0.89194004451099,0.883635852872027,0.841470448822176,0.9869507344006991,0.8476949628559511,0.943572174985496,0.9764189072252853,0.8536265050929983,0.7880358535855343,0.9050632810818648,0.9163943184927277,0.8485141096901408,0.5674553605638561,0.6408636604663631,0.9611363172090146,0.8544413792342251,0.7055346123780641,0.8700195781003912,0.9534406248067104,0.4569649270470305,0.5397307490526215,0.9436824222666392,0.8506512873935228,0.8556227195178279,0.8117163222785765,0.8672257570253348,0.7256626027822317,0.7154939950141035,0.9461187874281811,0.8506512873935228,0.7381337168065635,0.592346574320652,0.8830381436111516,0.8506512873935228,0.908031920112527,0.7707499476755912,0.7478105726687396,0.6665849687733738,0.8398098678116379,0.8755343989590985,0.8506512873935228,0.9090096957119811,0.8506512873935216,0.7266377834755253,0.6834962973503247,0.698103975019233,0.8506512873935228,0.8937146947529409,0.8506512873935228,0.9894812943545986,0.9506865184666058,0.6216801696248051,0.8213470820668481,0.9259372921081943,0.6159644605492884,0.8410864781348419,0.643156468309809,0.8189138111500285,0.9252075776385495,0.6921692983054484,0.8064340749903586,0.7624400993754302,0.8980748304035202,0.9628365916239274,0.9976032413792542,0.7461605230111292,0.9305029368937817,0.8304993707617168,0.9210899562266235,0.7848151499527449,0.985751977962585,0.8506512873935228,0.840125305638868,0.8506512873935228,0.8949900697531545,0.6118393471011135,0.8975471906241121,0.965302027625028,0.6290881198057602,0.8871665345934712,0.7670891906814803,0.7298735372192087,0.7396232081405933,0.9924402328264147,0.7829897359867877,0.8607384721289717,0.766746826752803,0.928027633239993,0.7103336706493315,0.8755343989590982,0.976776185955968,0.9444342947235554,0.8892126720780513,0.9354813650563987,0.9958950225839223,0.9223660816349406,0.7413064277149315,0.7650247336847513,0.9313239634362825,0.8238617623875257,0.8791217428842413,0.7672235543965384,0.7202148985912618,0.6604729608700817,0.8459370330588054,0.8552960837771713,0.8420588579759954,0.7202148985912618,0.9212170436211344,0.5737659698219655,0.941675352857454,0.9490326482224264,0.9078210928653352,0.6828697880164694,0.7446894673660184,0.6318703765827545,0.7827832223130279,0.7154691980060808,0.8933378821185829,0.5623226913000636,0.9398406738472914,0.8566607811358247,0.7319102495656753,0.7523362692570583,0.8828620725200811,0.9503464385246945,0.9963956684457594,0.9268764557676623,0.7827832223130281,0.8299936449997718,0.6170046342386961,0.8584651444931901,0.9585367020978055,0.9802994094637709,0.8833600008584431,0.8204448968899299,0.8665423301739184,0.8699050767749099,0.9330964377059522,0.7548571372860156,0.5991510170242966,0.7764108390179092,0.9213692074375961,0.844399446582804,0.9213692074375961,0.9710863619886017,0.830499370761717,0.7161804041869559,0.8607384721289715,0.8506512873935228,0.8660153996906963,0.7812413040700836,0.9656661817822727,0.7202148985912618,0.9179213147484899,0.8272209116863675,0.8506512873935228,0.9069768236547195,0.9032363779712866,0.8283954260570918,0.7651345625630419,0.9925292486538817,0.8309086111347292,0.897547190624112,0.6198127482018758,0.6447087644842446,0.9069768236547195,0.8319526871891936,0.6875087505007982,0.8607384721289717,0.7613536716392533,0.6465831446790428,0.8813575264261089,0.8137154459531042,0.9295543723444597,0.5996832375139891,0.8475971467399191,0.5703686655494611,0.7686384785694198,0.8458099300236446,0.9153868004564562,0.7685757096049017,0.6053088713291068,0.6355682927746851,0.6059238139506402,0.8506512873935228,0.6277215681062538,0.9816782087814206,0.943572174985496,0.7537625039247966,0.9980313350904846,0.6435969616088668,0.8506512873935228,0.8506512873935228,0.9964945568440874,0.8807465059907729,0.6989686499985164,0.8506512873935216,0.9213692074375963,0.8506512873935235,0.9854963258004903,0.7461605230111296,0.6844242685397053,0.9658050596136161,0.9000384681930853,0.8198492542263084,0.6302236369889183,0.5801043091204896,0.8506512873935228,0.7450667336196164,0.975735474631136,0.6057639351796129,0.6137018211234486,0.6406999937730566,0.8838433107387245,0.7480686079956919,0.6509797115807499,0.8506512873935228,0.6722094228213162,0.8949328176947143,0.8923061006880131,0.8992268704413047,0.9866582051039576,0.6761041095323397,0.8100732598281828,0.8506512873935228,0.9879554090690874,0.6377095349199081,0.8506512873935228,0.9919038341319024,0.8975855015738006,0.9338227673059107,0.6063210900736877,0.6302389453428812,0.8506512873935228,0.6399520155821099,0.6487503424004033,0.976776185955968,0.86445014628513,0.726765731407824,0.8202534856893522,0.7680152925202062,0.7013879988686711,0.7154691980060808,0.9634663484664903,0.6824939056525836,0.7921350796061559,0.6674261422151224,0.955452115176447,0.6507590857649574,0.8602481607023704,0.6948865537510897,0.847777241636342,0.8506512873935228,0.9869507344006991,0.9136242488178099,0.6903493358900636,0.9661004124637116,0.6500267256924425,0.8410864781348422,0.9584703237301402,0.9866582051039576,0.8410864781348422,0.7817216699247903,0.6598989712921821,0.9351898208098761,0.7414214343963971,0.9375181969693831,0.9398406738472914,0.6469987295680197,0.9597002712640406,0.9082736736179928,0.9347374663505432,0.9900120828653206,0.8456518924137133,0.8830381436111518,0.7694100964975107,0.8348309501207154,0.9145465892167359,0.9223660816349408,0.9737296402744551,0.6910904968579286,0.8933378821185831,0.8681786826146995,0.950954503031161,0.9190304606998756,0.730116881301313,0.9685810605737077,0.9661004124637116,0.8013809130873764,0.7897350493910849,0.6199967134650641,0.6016280644921754,0.9942905259904792,0.9881276357297639,0.970309668308246,0.8361407119326458,0.8796835564196133,0.8354183921529796,0.6105445875346012,0.9548801264481794,0.7072727522163906,0.9772334469893817,0.9105864625317398,0.7902298517571982,0.9436650679333606,0.9670319754688854,0.7537958384149569,0.8555160759608669,0.9961658243411983,0.8771378467726847,0.9132976433366735,0.7995756804161858,0.8477196485514616,0.8632307830712407,0.76863847856942,0.9660840200628469,0.9651007362484525,0.9137421426486894,0.7606249645403501,0.7266836690057117,0.9586112761809462,0.7677719738154611,0.8866698495572743,0.8182933648001514,0.8575200664828533,0.8928834502989909,0.6751791647506422,0.8506512873935228,0.7424171492559193,0.8506512873935228,0.8506512873935228,0.6551579692372691,0.8105886236035886,0.946587494512277,0.8506512873935228,0.7457167653861805,0.7166171521175506,0.8703323194858007,0.9456677699140821,0.8086799346538469,0.6022700817021313,0.9534406248067104,0.8761856285237299,0.7377566131183542,0.8870256184172896,0.9909227592666368,0.9065745197589399,0.7985217791164936,0.5966159840624048,0.6053737835151403,0.8482237890148048,0.9971714808734815,0.8700195781003912,0.8845570220289696,0.976776185955968,0.6841292993096575,0.7154691980060808,0.9374485788652689,0.870519087524837,0.9577793149190025,0.7424755425073736,0.6821462625097203,0.575865375168049,0.8346194421962856,0.9099076978011522,0.9643944827667679,0.9259372921081943,0.8705190875248374,0.7658514995744583,0.7992476762432298,0.7681124529831378,0.9148107857856453,0.8997921725028666,0.8692893891248489,0.8364704384437265,0.9024539601687216,0.9423300192939922,0.8866698495572745,0.7369909438839053,0.7727477386878434,0.8283954260570916,0.6155384351547211,0.6188029234596737,0.8942157899661607,0.5448234738029,0.923059806975927,0.8202534856893522,0.9094557618621006,0.8506512873935228,0.6948865537510897,0.8147017323335122,0.9352144507814727,0.9740280269133126,0.8447164493374322,0.8700195781003914,0.6839395940664452,0.6077393985612924,0.7921350796061558,0.6244530520610192,0.9597002712640403,0.5136006921222674,0.902200485722773,0.7719635361147228,0.8410864781348422,0.9420985496453855,0.8414347369924149,0.6915052445492809,0.9772334469893817,0.8835225262103217,0.8848773986138103,0.677676076988859,0.7905043580027826,0.7241079314912371,0.6129028963687748,0.7614574164191935,0.8670800314432179,0.9597002712640406,0.8653189509281969,0.9866582051039576,0.6696296228861234,0.858155467081299,0.7696332566034787,0.8755343989590982,0.4918089293621515,0.5482216462936398,0.8892126720780515,0.8333869113626831,0.9911361120874167,0.8962175047752949,0.8632307830712406,0.9703079230133635,0.9851896396596246,0.8044243767775773,0.9828782321270807,0.8409649438309732,0.9022004857227719,0.9647078057654588,0.7624400993754301,0.8892126720780518,0.8506512873935228,0.8642613510131556,0.8889061532131101,0.8842046764924061,0.6728821738289632,0.8506512873935216,0.737152057165523,0.7583160903593716,0.7422452190558375,0.7721311631321408,0.7557828999295388,0.6118525217692415,0.6983177573308661,0.9462114000899104,0.7851447122349788,0.9806321115228185,0.575118381403358,0.7196081430538963,0.7073163161574052,0.5468492053184812,0.8365017088013496,0.8784662479541376,0.9898311656580512,0.7880537257906831,0.8095013281374088,0.7249170223819312,0.7880537257906837,0.6610679713118723,0.8435442872229134,0.9046238419493294,0.9684508795059408,0.7747493752411788,0.8771378467726851,0.9352144507814727,0.8705190875248372,0.6866172972808866,0.6699418786554374,0.8458099300236446,0.9313239634362824,0.8364704384437256,0.8458099300236446,0.8458099300236446,0.9877505662618377,0.8506512873935228,0.9210899562266237,0.8202534856893524,0.8506512873935228,0.7301168813013128,0.9870231033252027,0.950346438524694,0.7154691980060808,0.976776185955968,0.8604829448013865,0.8458099300236446,0.6896269352984052,0.5972134297250045,0.8105886236035886,0.7274854118291365,0.8506512873935228,0.8629805775658892,0.976264477922972,0.7301168813013128,0.6696846460984152,0.6680659448667332,0.793423490343272,0.9502541647447567,0.8147180119466231,0.8508370394456146,0.8563758846731455,0.7516707977886122,0.9101652682098844,0.7889445022672328,0.8701234951334184,0.8311700964026221,0.8080614902874933,0.8666320820952822,0.8642692410030628,0.748068607995692,0.6393810928048826,0.7311154503347232,0.8506512873935228,0.9424231138899537,0.7548786385130788,0.8830381436111516,0.8267681779576824,0.7404319726417871,0.8344013106501966,0.6056026065989693,0.8410864781348422,0.6225020064770221,0.5768810480828015,0.8506512873935228,0.8506512873935228,0.8459370330588061,0.799160589280224,0.7271508197427907,0.7482219696806176,0.6576593535158239,0.7000002555557939,0.6090700968211648,0.5830937738440998,0.9703079230133635,0.543490137241597,0.8506512873935228,0.8131504289774713,0.6948865537510897,0.8892126720780513,0.7034499939207585,0.7202148985912618,0.8590158558645424,0.8506512873935228,0.8506512873935228,0.6240146491383263,0.7822614066207557,0.5953284547384154,0.7424413396640945,0.6662344207053215,0.9080330366284639,0.9220996502561909,0.7670205762880888,0.7057726142989811,0.8691777873439519,0.8506512873935216,0.9902523599799071,0.6112742084155733,0.7973953146501018,0.9764449697232962,0.8621147399470124,0.928029356474789,0.918280014011716,0.9776203624041513,0.8556227195178283,0.8303446229921324,0.8506512873935228,0.6940759987119245,0.9979710768113653,0.7746889276056916,0.8836910390583947,0.5907945740768282,0.9890221151936429,0.7937565886199593,0.6393145633611677,0.941675352857454,0.8397099581566019,0.6835183225163823,0.9096710082075821,0.8486444096037384,0.8361407119326458,0.8457115139842375,0.7437526808531427,0.8660153996906963,0.8458099300236446,0.837016744511615,0.7907939939476729,0.8110040907215311,0.9370971849894498,0.8892126720780515,0.7114217189113228,0.8892126720780515,0.909078826589908,0.7451809811852216,0.7857378238579709,0.7635923148019135,0.9424231138899537,0.8869754734301825,0.8972571687885222,0.9737296402744551,0.520635745634319,0.8870256184172896,0.845809930023645,0.8593555662281882,0.7392849939145552,0.8556227195178276,0.8801911990743557,0.9979710768113654,0.5750652963839076,0.6397158531178447,0.8506512873935228,0.7631995554929883,0.9730137227220972,0.7370400938077355,0.8830381436111514,0.7899828700945225,0.8065211384922875,0.715060127282407,0.8506512873935228,0.6244530520610194,0.6288067886073105,0.9739916077257341,0.6281654180476697,0.6940759987119245,0.6502968271677547,0.7286633265632599,0.7065115954615393,0.9670319754688856,0.8271907198365138,0.7080454994478496,0.6928160054085919,0.7334815429727971,0.8283954260570917,0.9411136909025019,0.8128520154528992,0.704029838951393,0.9338873420794878,0.7479700496174129,0.8761856285237299,0.6110702469746951,0.9963956684457594,0.8458099300236446,0.7171545427364165,0.9231052010493286,0.6841292993096576,0.7501136447543344,0.6938316180408062,0.8506512873935228,0.6016475088814,0.8543455395589135,0.5877733488628114,0.8506512873935228,0.6126808767237935,0.8376097254422303,0.7202148985912618,0.8354183921529794,0.8458099300236446,0.8595746635359269,0.845711513984238,0.7114052523251664,0.9964787107892183,0.7680152925202064,0.7176457739579819,0.6287580158306819,0.8506512873935228,0.8770603214086783,0.8506512873935228,0.8771378467726845,0.7488500180890783,0.740688513871669,0.8892126720780513,0.9608278274479636,0.7080454994478493,0.7754349114415389,0.9718306416658401,0.8506512873935228,0.9588217704313345,0.4737964971939199,0.0,0.7794812069687631,0.7508334733135493,0.8660153996906965,0.7794812069687627,0.9270692155268951,0.93547703905673,0.6850223022490078,0.6015709676312009,0.93547703905673,0.822475027797996,0.6948865537510909,0.7685757096049017,0.93547703905673,0.8892126720780513,0.8221337259550521,0.9502541647447569,0.6711390675178415,0.7974964427509144,0.7973999783168804,0.8764417171559656,0.8836573658182676,0.671588770187239,0.9099076978011522,0.7670891906814794,0.794651139926638,0.9758432563636346,0.9737296402744553,0.8199878580056961,0.5877733488628125,0.9074622740776535,0.7845094178651051,0.7598587217580759,0.9500253261732637,0.7180221525383872,0.918710349669114,0.7806680179853033,0.7822228401044773,0.8860304443498597,0.965302027625028,0.6500267256924418,0.8672257570253348,0.7624400993754302,0.7073163161574052,0.9060216333732765,0.7832115382051672,0.6894274443298849,0.7781710647092794,0.7387252584217368,0.8537142585973574,0.7298735372192098,0.8838461364568901,0.8128520154528992,0.7544233117643615,0.8257974256919907,0.6510848040439321,0.7251707285821374,0.9129815553084732,0.976776185955968,0.9710863619886017,0.9146613293801462,0.7985559379258655,0.9210899562266235,0.7949497748431928,0.6788877885753539,0.989072741241434,0.8066631856527493,0.5973429273858673,0.9249452715025556,0.7677719738154608,0.9299557559538039,0.7133188959556941,0.8607384721289717,0.7973953146501016,0.6824939056525834,0.7869816637136511,0.8784662479541377,0.8934655458176235,0.6573230695884185,0.7673494041985988,0.9278857780314882,0.8117163222785767,0.6711535556255126,0.8520542445135235,0.9435127570519614,0.8933378821185829,0.7025408063639009,0.70572940865887,0.7424171492559193,0.7019444931199019,0.7899828700945228,0.9551143900283151,0.8830381436111514,0.8254382816990125,0.9137421426486894,0.8611864706675443,0.7424171492559193
p336_M,0.8572820735704046,0.9133880855304557,0.8402398194588376,0.8520841110021093,0.92500133164067,0.9443657603723177,0.7734765244919644,0.794369864533147,0.857978233475194,0.9412650880954538,0.951689513216182,0.9860598647601154,0.9860598647601154,0.9839501848508654,0.778934276545075,0.9056678186761242,0.908712023905003,0.8988405313927081,0.9945610690582236,0.999822015418471,0.9389237295709384,0.773677579256332,0.9812071873217105,0.9274978432118417,0.781959052139098,0.8988405313927079,0.865360058212831,0.8766235303260079,0.999822015418471,0.7872286657701477,0.8892617449664435,0.9327167510955896,0.9156114273620617,0.8351464176762521,0.92500133164067,0.6678852793677752,0.9759790834075597,0.9579335751547247,0.9443657603723179,0.9961208646930241,0.715093055241687,0.9745110640206995,0.9443657603723179,0.9613976249893683,0.9520639895971752,0.8559411895369927,0.9300668284196518,0.907654410875653,0.46112345360590823,0.8402398194588376,0.9327167510955896,0.8871069827265585,0.8988405313927079,0.9961255853556192,0.8727778336746228,0.8949427042733138,0.4728033887169931,0.9250013316406696,0.8380283048846289,0.9201981569430602,0.8612853521281927,0.871055325478935,0.7387808527088771,0.9056312245600877,0.41716389985243485,0.7823800165761561,0.7038909698565816,0.987311007095242,0.962702007216359,0.9383021271292231,0.9543028073850964,0.9325461471620271,0.8869338257310104,0.806704018534403,0.9250013316406696,0.8323574432143275,0.97196429515404,0.7649297326620292,0.8637198773190109,0.9443657603723179,0.9921724780907231,0.9847126547835199,0.8911350110320613,0.8988405313927084,0.9250013316406696,0.9409403068620963,0.7736775792563317,0.8134283037091106,0.9742985285333188,0.9225701399051967,0.9250013316406696,0.6428430763463954,0.8290260913415912,0.940831117473198,0.9252584119301557,0.962237250161651,0.6777790634499147,0.8591662028932876,0.8994874242906523,0.8356211973405496,0.5079286057730873,0.9196222638329764,0.9809662470451703,0.7399572744437788,0.9106566970470196,0.9383021271292231,0.9488661441906701,0.9035542213968957,0.8986156584030397,0.747400855305709,0.6342772960827343,0.9886468494764689,0.9192159741695649,0.6089641975961867,0.9300668284196518,0.9222532403959982,0.9133880855304555,0.9945610690582234,0.9936310971469994,0.8575136117957729,0.8586391901019116,0.6949850731773953,0.9763867292456673,0.8892617449664431,0.9350783929825499,0.8614691515606028,0.9274978432118417,0.9080189266398186,0.9682551375725403,0.9054862779423514,0.9299046393992034,0.9300668284196516,0.9846299338167082,0.9443657603723179,0.30178450421459435,0.8796583278983117,0.8940451448833346,0.9115437007410547,0.9327167510955894,0.9201981569430604,0.880953592666915,0.9412650880954536,0.8447815884906456,0.7437577105007421,0.762252420477136,0.8680005631963956,0.9761129960128114,0.8526518805255296,0.8968796530895526,0.764542631050696,0.7052575329880957,0.8612853521281922,0.9237989050428548,0.8734303481946333,0.9634568834621733,0.8968796530895524,0.5489745895909972,0.9337326051494745,0.8557431115658813,0.6700258789182403,0.8358419261369328,0.9300668284196516,0.9847126547835199,0.8503654733094679,0.9016383298312334,0.5355623652954042,0.8628472125712427,0.8514489788174839,0.9593818128282501,0.8148187834615366,0.9176703926609195,0.9225701399051967,0.894942704273314,0.8040328353843711,0.8504502276742938,0.601991628359819,0.9383021271292231,0.9258295328565698,0.606007473564701,0.8574545423984332,0.8697030566182691,0.9370377037439162,0.9294312104462159,0.8946898694254274,0.9490290432238879,0.8182179474273878,0.8575136117957731,0.9646927823057021,0.9133880855304554,0.9870548548281963,0.9463957316839748,0.9417736073071206,0.8411207419511779,0.9524198987259382,0.9748649401197036,0.9250013316406696,0.9274978432118417,0.9201981569430604,0.962237250161651,0.8419000081033092,0.9694690955075296,0.9682551375725406,0.9250013316406696,0.9855083737801897,0.9667122526388143,0.9412650880954538,0.9250013316406696,0.901602882427072,0.9054862779423514,0.9076487407666443,0.9003267064040639,0.6335013067296629,0.3464698974172984,0.9250013316406696,0.876198397267863,0.9250013316406693,0.9704629908730878,0.9751462953005143,0.9477905328256983,0.9250013316406696,0.7983649319144399,0.9250013316406696,0.8988948747453681,0.9202277241011809,0.9384986992079645,0.968417479433012,0.5187931765066514,0.843694656782445,0.9201981569430604,0.9430450953185581,0.9090636753073358,0.570816707914253,0.7742913096035953,0.9616775150656097,0.9634568834621733,0.9056312245600876,0.9414072100396405,0.856335849861811,0.9381104175394228,0.9360968865539772,0.8748756693307254,0.9612320790184805,0.6201074903999303,0.9201981569430604,0.9250013316406696,0.9496840593047484,0.9250013316406696,0.7291753622140233,0.9667074951656032,0.9115437007410547,0.9339138423549527,0.8638650538994084,0.9274978432118417,0.8731400424546569,0.9069566644903913,0.7680446191770374,0.8863786272856532,0.9080189266398186,0.9300668284196518,0.5795670620577714,0.857493571852044,0.7915658006826463,0.9225701399051967,0.9026976644887872,0.7291185731076995,0.9443657603723179,0.8594144809806481,0.8172260795342241,0.9886468494764689,0.8557522028152509,0.6145202028366464,0.9634568834621733,0.8852387307749332,0.8832724217033585,0.9243762452502982,0.9383021271292231,0.7892793010326362,0.9337326051494743,0.42247806959964096,0.9646927823057021,0.9383021271292231,0.9128185127858255,0.7871778281393063,0.9566458605594931,0.8767292272696674,0.5897389843668681,0.9300668284196518,0.9434241618923718,0.8171567659639392,0.9201981569430602,0.9300668284196518,0.8695186279171856,0.8306477412779931,0.9945610690582234,0.7634464105179197,0.8300567955480203,0.8557494301578144,0.8562455381583125,0.5553673955097738,0.557820351131451,0.6751224180407545,0.9201981569430604,0.9327167510955896,0.8503654733094679,0.9843169023487448,0.8695186279171858,0.9961208646930242,0.8766235303260079,0.8202268136463319,0.8663080297186967,0.9970000107511922,0.8117299675095946,0.8817046814959253,0.8842562179922648,0.6461073824692776,0.8230833259602459,0.8579782334751942,0.9412650880954538,0.7086153202868939,0.9360968865539774,0.929631169792647,0.9801704643354423,0.9250013316406696,0.9327167510955894,0.9117587329570798,0.48511582157998734,0.9383021271292231,0.9354577472990953,0.9403748670927714,0.9250013316406696,0.9069566644903913,0.9383021271292231,0.9443657603723177,0.8974226598846067,0.7209143712315655,0.38499576392071555,0.9846299338167082,0.8383202802574361,0.8128754645615541,0.8986156584030397,0.9156114273620617,0.7638036470669055,0.9300668284196518,0.8801586131976931,0.8269886719065143,0.9133880855304553,0.9562668532610281,0.9936310971469996,0.8759100738869461,0.7402480946342331,0.8537493864631069,0.9087120239050034,0.9225701399051967,0.9543028073850963,0.6700258789182403,0.8579804492461895,0.819015722034597,0.7927017983918965,0.9250013316406696,0.8504502276742936,0.9722183203479302,0.4459933309265608,0.8783842798904287,0.8230833259602451,0.8148187834615366,0.9250013316406696,0.9250013316406696,0.9325461471620271,0.8859100247525029,0.6471345731696281,0.9250013316406693,0.9409091189323957,0.32273929784605193,0.524152702708057,0.8749297877263429,0.7906842014554436,0.9339500363880902,0.5147075810012189,0.9883783616664186,0.7634460136833969,0.8132133611448471,0.9250013316406696,0.8489877841645421,0.5046247808544261,0.811411419422924,0.8557445279103295,0.9797293075604314,0.7504840201876128,0.9300668284196516,0.8610557542065846,0.9250013316406696,0.8327823825871208,0.8112565758885604,0.8592876246446695,0.8733811014676978,0.9759790834075597,0.7869968572042477,0.9579335751547247,0.9250013316406696,0.8996669749193114,0.8745519244339053,0.9250013316406696,0.9465134699490594,0.8591180674781609,0.8040328353843711,0.7996582257849201,0.8300250099277158,0.9250013316406696,0.7548814918696009,0.8317533533369112,0.989405943369801,0.7797240962320701,0.8613639893691554,0.8915893040116913,0.8646249603464984,0.702446867312623,0.9300668284196518,0.8767292272696676,0.8323574432143275,0.9424686286719846,0.8046428281148685,0.5712541356254153,0.8557522028152511,0.9048830033154058,0.9327167510955894,0.6663051295291942,0.9250013316406696,0.9383021271292231,0.9528129419991501,0.9273446515802215,0.9516895132161818,0.996862998845963,0.9201981569430604,0.9461040422097595,0.8785771960052864,0.9646668607340487,0.9921724780907231,0.92500133164067,0.879768164906635,0.9182487729327593,0.611317732255938,0.949179989012776,0.8381791435687529,0.9412650880954538,0.9547568354430374,0.980630720675137,0.828131089763001,0.9487210184868768,0.5285188435298711,0.9684005273467098,0.9384986992079645,0.9177773850880531,0.9886468494764689,0.9090636753073358,0.8840472914094453,0.9801704643354423,0.8801586131976928,0.5796374408851779,0.8183290263232237,0.9472303491045946,0.9327223474313895,0.8458956624111121,0.8892617449664435,0.7664657132339874,0.805379022176679,0.9150961708719134,0.8653600582128311,0.7666341889191579,0.6219018904809632,0.9511570440214601,0.9778050395375548,0.9430450953185583,0.7950347907252491,0.9921724780907231,0.8688960283598107,0.9778050395375548,0.7577970273297641,0.7379036348179207,0.969725899748767,0.688078042523188,0.9307722475773074,0.7775575717654001,0.9860042839547053,0.9383021271292231,0.7654996780636971,0.8660856746685761,0.935457747299095,0.9377509630281221,0.9612320790184805,0.9612320790184807,0.9634568834621733,0.9383021271292233,0.9902379499694935,0.7783820630049112,0.8586391901019118,0.9860598647601156,0.8490048717580836,0.8637198773190109,0.8915893040116916,0.9178801133263084,0.8610367451028638,0.9250013316406696,0.9354577472990953,0.9250013316406696,0.9250013316406696,0.8356211973405496,0.9048830033154058,0.5820842228975358,0.9250013316406696,0.8208714065841787,0.8667472496930828,0.9667074951656033,0.7328477366761569,0.8734303481946335,0.9580438477087989,0.695113106087865,0.856335849861811,0.8704236397275067,0.9156114273620617,0.9829400383189614,0.9026976644887872,0.8783842798904287,0.9344309749309594,0.8539758753023872,0.5721984950172869,0.9574221292599492,0.9908644354749633,0.8738655152718795,0.9354577472990953,0.6759211234614185,0.9801704643354423,0.6011000355503656,0.9487210184868768,0.9745110640206993,0.9048830033154056,0.9070196826748742,0.8874073419940796,0.8612853521281927,0.9430450953185581,0.9139500985208795,0.9300668284196516,0.9487210184868773,0.9755396763967226,0.9450822694608906,0.8334513141467903,0.7878251630597819,0.9115437007410547,0.7207127374713868,0.9178801133263086,0.7952267062858924,0.7033129705598211,0.9403748670927715,0.8517492676755973,0.9593818128282501,0.9443657603723179,0.8176355201439716,0.8815146641826224,0.8840472914094453,0.883085043738555,0.7340202360767906,0.9488661441906701,0.9243701509329343,0.9250013316406696,0.9327167510955894,0.9694362836489427,0.97201754229775,0.6628497897087132,0.9487210184868768,0.9201981569430604,0.9252584119301559,0.7659822401355758,0.9430450953185581,0.8134283037091103,0.9998220154184709,0.7986414856057398,0.9921724780907233,0.8718262765651243,0.9646668607340487,0.915099981467286,0.8411207419511779,0.8190182445530152,0.4599603752785669,0.7992806554908296,0.8959536454969459,0.9111145823057518,0.9119112926750874,0.9750569362397112,0.8347400355596597,0.9112942170858788,0.8892617449664431,0.9412650880954538,0.43198923334727457,0.9759790834075597,0.9112091741435469,0.9117587329570795,0.9198528155693018,0.9225701399051969,0.8551771082849591,0.8494345263887616,0.7456185272242678,0.8940451448833346,0.9300668284196516,0.7150015447937321,0.9694362836489427,0.9008268910150359,0.9646927823057021,0.875127110026439,0.9763867292456674,0.8767292272696675,0.9112065483416405,0.9682551375725403,0.9327167510955894,0.9316279546663166,0.9250013316406696,0.943424161892372,0.7176157165907195,0.8375686076050644,0.9779557555761353,0.9250013316406693,0.8523574904307234,0.7808089800224174,0.9748649401197034,0.5241527027080575,0.857978233475194,0.9436232402977913,0.8489877841645419,0.7304519718057129,0.9276398400468782,0.48563201692061997,0.7794812069687638,0.915719510070264,0.9354577472990953,0.939470174504714,0.472803388716993,0.9801704643354423,0.4823015498251316,0.9443657603723179,0.9276398400468784,0.9646668607340485,0.9443657603723177,0.9133880855304555,0.894942704273314,0.97201754229775,0.7611184248731084,0.8540505230455009,0.9945610690582236,0.9720175422977502,0.9090636753073356,0.8396317657444191,0.8910464000729719,0.9225701399051967,0.9327167510955896,0.9178801133263084,0.9225701399051967,0.9225701399051967,0.9434241618923718,0.9250013316406696,0.9178801133263086,0.8629508839222023,0.9250013316406696,0.872265737746744,0.7246526903584684,0.9945610690582236,0.9300668284196518,0.9026976644887871,0.9759790834075597,0.9225701399051969,0.8146389457837513,0.8798763403380201,0.9430450953185581,0.82944967615428,0.9250013316406696,0.6215575544669893,0.9801704643354423,0.9778050395375548,0.7154557080917079,0.7020178043990615,0.9945610690582236,0.9755396763967223,0.945842199911705,0.9054862779423516,0.945842199911705,0.97201754229775,0.9360968865539774,0.9485295003952046,0.7404921700223714,0.7833349318296119,0.8863786272856532,0.9945610690582234,0.42545695953343365,0.9801704643354423,0.9652185955408619,0.788280264758636,0.9250013316406696,0.9809662470451701,0.8506700134220446,0.9412650880954538,0.6228574521207308,0.9612320790184805,0.951689513216182,0.8239810645191492,0.9201981569430604,0.7723825998348779,0.7829242595999122,0.9250013316406696,0.9250013316406696,0.8731400424546572,0.8290260913415914,0.9773955008523827,0.8968654934868272,0.7715924205036866,0.7996582257849203,0.7849858404243295,0.8668527074608936,0.3991734654311597,0.8879793390831572,0.9250013316406696,0.962237250161651,0.9327167510955894,0.9443657603723179,0.8080114742729196,0.9383021271292231,0.8977838867656749,0.9250013316406696,0.9250013316406696,0.8880696045302867,0.9339500363880904,0.83954149688462,0.9487210184868768,0.765296332309569,0.8785401016887859,0.996862998845963,0.9598134703026913,0.8401101121145345,0.7387252584217363,0.9250013316406693,0.574133375660009,0.7513005728192079,0.9274978432118417,0.7804031632257753,0.9668657633128273,0.9620377452425912,0.8680005631963958,0.5273334638787288,0.9274978432118417,0.9490290432238879,0.9250013316406696,0.8484398110100146,0.8088355852512337,0.9327223474313893,0.6696622701432509,0.8700201754307284,0.9133880855304555,0.9441063970569612,0.7077740057946155,0.935457747299095,0.8522834235565233,0.9099609560703414,0.9612320790184805,0.9409091189323959,0.9511570440214601,0.9924458838377673,0.8264206693042833,0.9327167510955894,0.9225701399051969,0.8883795848454401,0.9996816445584039,0.8496288531646413,0.9161402696553049,0.9443657603723179,0.9973181037772292,0.9443657603723179,0.9936310971469995,0.6448582022807705,0.9779557555761353,0.8731412310681066,0.8869338257310104,0.9998220154184709,0.694362892897249,0.9487210184868768,0.7634460136833972,0.9579335751547247,0.9225701399051964,0.929431210446216,0.8695946878505922,0.9274978432118415,0.797208241973274,0.9722183203479302,0.8637198773190109,0.8687803282685009,0.9250013316406696,0.6428430763463955,0.92500133164067,0.9322029365671265,0.9412650880954538,0.9745110640206993,0.9028404281797042,0.6793511634226207,0.9250013316406696,0.8134283037091103,0.7972427354033145,0.9028404281797042,0.815294354524198,0.8484398110100146,0.8264206693042833,0.9327167510955894,0.8203837409992221,0.9661110538140119,0.9195994438472577,0.7428252590554913,0.9424686286719847,0.7799173608056178,0.9936310971469996,0.9424686286719846,0.9339500363880904,0.9574199835789754,0.8891213824756009,0.8685844267055685,0.8840472914094453,0.7882708526322817,0.97201754229775,0.9225701399051967,0.8526518805255296,0.7080215037772888,0.8466154872169025,0.811411419422924,0.8572820735704043,0.9250013316406696,0.7887538445392601,0.7469339242764015,0.9511570440214601,0.9250013316406696,0.8277047400759179,0.8727778336746227,0.9383021271292231,0.9430450953185583,0.9225701399051969,0.9031824244895572,0.9562080222479259,0.9550554140410148,0.9651931383855019,0.4420034632463967,0.9048830033154058,0.8042273120224742,0.9250013316406696,0.968525421754495,0.9250013316406696,0.9383021271292231,0.7397957052783259,0.8540505230455011,0.9443657603723179,0.9723713853755611,0.8707059366912198,0.8877874242285113,0.5569458435374625,0.9250013316406696,0.9839074593874426,0.7357555930163433,0.7794812069687631,0.0,0.874875669330726,0.9846299338167082,0.8892617449664435,0.9797293075604314,0.8766235303260077,0.8418271742558863,0.7559964096591778,0.8766235303260077,0.8855707623626499,0.9327167510955896,0.8307902358986594,0.8766235303260077,0.9443657603723179,0.41264009840030436,0.9274978432118417,0.6450666846590857,0.9682551375725406,0.9870548548281963,0.8347834320678187,0.8660856746685761,0.9360968865539774,0.9048830033154056,0.9337326051494743,0.8968796530895526,0.9682551375725403,0.8133349224358738,0.8655663588793998,0.8855707623626501,0.705330114913706,0.9507377125104446,0.9291084123474054,0.8646249603464984,0.8891213824756009,0.9759790834075597,0.9300668284196518,0.8978167582023848,0.8162937901012285,0.8930282606473356,0.996862998845963,0.934945830518652,0.9327167510955894,0.9354577472990953,0.9792738288600384,0.9252584119301555,0.78325093923208,0.8783842798904287,0.8414683750254219,0.9588126398511934,0.9375011938243535,0.9206231796054523,0.9250013316406698,0.8649118851878814,0.7224348273110895,0.9314037608379149,0.8803629912326538,0.8871069827265585,0.6869048802059641,0.8984119663709308,0.9838482086598055,0.8988405313927079,0.47519236698328193,0.8911350110320613,0.9860042839547052,0.9278609926133172,0.8493802700804494,0.9112065483416407,0.9928350743984661,0.9225701399051964,0.9007012732507794,0.9929832504331751,0.36848226875928003,0.9759790834075597,0.8323574432143275,0.8930282606473352,0.9697258997487672,0.7736108287233314,0.7981930316589165,0.9867192886378973,0.7240522127290341,0.8574583241019984,0.8154764414346687,0.9472303491045946,0.7834154100189421,0.9300668284196518,0.7919815607102554,0.9028404281797042,0.989405943369801,0.867835721360358,0.9376689775178677,0.9755396763967226,0.9412650880954538,0.9944954042872559,0.9383021271292231,0.9578915780663647,0.9354577472990953
p336_V,0.9708910966180735,0.9021362778138227,0.6163884560903061,0.8707051888795787,0.9152582079543843,0.9935264355112596,0.9641048285830667,0.9731572329331626,0.8395280973905588,0.9336347991328917,0.8996713357710029,0.9125111785873639,0.9125111785873639,0.8707051888795787,0.8776100733791745,0.669117300883084,0.9072118677365058,0.5870024355835751,0.930286918063369,0.9336347991328917,0.6597248564021603,0.8972500807670709,0.961938580597147,0.918079042897614,0.8948693468634785,0.8856988418635341,0.9072118677365058,0.8605956163602346,0.9336347991328917,0.9369398036573067,0.9667074951656041,0.9239759423528267,0.47952010514742505,0.864589944048042,0.9580166426603276,0.9302869180633688,0.9180790428976138,0.9046484553665963,0.9371382816751244,0.8834832246395519,0.60118094859706,0.8879432507007243,0.9371382816751244,0.8547116092900207,0.9072118677365058,0.8001083642174821,0.9665480300996037,0.833984008005529,0.8834832246395519,0.8194852749688188,0.9239759423528267,0.7742592119281055,0.8856988418635341,0.4959052173104498,0.9046484553665963,0.8950953494015979,0.881294645597023,0.40060683675051967,0.8788065258154938,0.9502726792490608,0.843264845886146,0.7374039932622707,0.8856988418635354,0.6750942218413911,0.9270730230791457,0.7260202369748272,0.9239759423528267,0.896751646990477,0.9437432996942222,0.9302869180633688,0.8686490640266942,0.9218975021343331,0.9152582079543843,0.710856244394185,0.40060683675051967,0.6644619220104655,0.9693820495180774,0.8996713357710027,0.742992822912883,0.9371382816751244,0.8996713357710029,0.9734299614209917,0.6264765956909645,0.5540462654240198,0.40060683675051967,0.8625851059964715,0.933316065142574,0.7667307468660669,0.8706881010282799,0.4227244050549279,0.40060683675051967,0.8429905361746883,0.8230306155120636,0.7579133348704639,0.6264765956909645,0.7688973408640645,0.8159112343441142,0.6367717134368286,0.6995224013351082,0.7727257083922918,0.9451832184545603,0.9209817665727265,0.9152582079543843,0.7835370284359047,0.8546313761016477,0.9302869180633686,0.845146747952153,0.6618586811173364,0.8948693468634785,0.7336285154224784,0.8146814005692071,0.8879432507007243,0.6966490546704769,0.8489400226485821,0.9209817665727262,0.6568400529801008,0.939758684368555,0.9302869180633686,0.9500854106526051,0.7835370284359049,0.8547116092900207,0.8542058822129401,0.8948693468634785,0.874875669330726,0.9824764774982424,0.9600248912759579,0.9621698344437761,0.8823421010842234,0.9540589546097205,0.8586206896551727,0.7877239185135099,0.9209817665727267,0.9711878805915029,0.9371382816751244,0.9072118677365058,0.8256504092697182,0.8202484281215607,0.9239759423528267,0.9239759423528267,0.44310287964918327,0.8812101379529145,0.9336347991328915,0.9334767534081556,0.8926328176574978,0.8353059983605331,0.8508524342038162,0.8212788440155343,0.7365308980319907,0.8834832246395521,0.5968940559237892,0.9336347991328915,0.8432648458861454,0.7798874555888036,0.731438133513072,0.9239759423528267,0.8834832246395523,0.8248805102228851,0.6473925714509614,0.9438969150899483,0.8280095731844092,0.993662662817113,0.9209817665727262,0.9243062854435231,0.9845194355277598,0.6614101354793429,0.9168673858538465,0.8711720473896871,0.6997319795895012,0.8769922925568634,0.7419198496887551,0.900528591305265,0.9540589546097205,0.9132389320257912,0.9512443617526196,0.796323920639407,0.8183888262058918,0.98145106467318,0.7909002310548201,0.8666109663611836,0.4362187986760314,0.8527760996057678,0.9757288239726141,0.9132389320257916,0.9125111785873639,0.8473735649975929,0.8565892206409162,0.7631994628418897,0.8358244551518941,0.4959052173104497,0.902988179609765,0.909831049842277,0.8395280973905592,0.8251975627022041,0.6492750543065737,0.8432648458861456,0.40060683675051967,0.9180790428976138,0.9098310498422773,0.7688973408640642,0.831371235494442,0.8194852749688197,0.9125111785873639,0.40060683675051967,0.7134941679444358,0.6676611735692479,0.9336347991328917,0.40060683675051967,0.9518953180592349,0.8586206896551727,0.8105788943203363,0.8939186211089412,0.9438295981000085,0.9125111785873639,0.40060683675051967,0.8967516469904768,0.4006068367505198,0.6859888438459354,0.7843349736454477,0.8121110142897017,0.40060683675051967,0.8412611258298752,0.40060683675051967,0.6029132557173238,0.897236612208085,0.8605956163602342,0.6860862931793323,0.9209817665727262,0.6366159898528143,0.4431028796491827,0.8925262950745887,0.933316065142574,0.8432648458861451,0.7207858191764376,0.9508942993498994,0.9239759423528262,0.7736452528338305,0.8410575924482768,0.708693439857963,0.9256628667621534,0.8586206896551727,0.8586206896551727,0.9072118677365058,0.8088080901268473,0.9098310498422773,0.40060683675051967,0.8628742512243037,0.40060683675051967,0.9982579822782591,0.8586206896551727,0.9239759423528269,0.9106086590743891,0.6366159898528143,0.9180790428976138,0.8566595864113677,0.9636743678186817,0.8212788440155341,0.9733050117350786,0.7684696092538166,0.9209817665727265,0.8073061973564937,0.7020657359127309,0.7401272099755871,0.4227244050549279,0.9270730230791457,0.8664690678824124,0.9371382816751244,0.7795298673461806,0.7219781213616265,0.5089545701438253,0.7484128010236019,0.7912242895821913,0.9239759423528269,0.7670858527670912,0.6803037662442581,0.6479769357244212,0.9302869180633686,0.7336285154224784,0.8842122443079061,0.8902183677316948,0.860832326916608,0.9302869180633686,0.8079991028289962,0.6898925387975414,0.9270730230791457,0.5581475517661063,0.8707051888795787,0.9209817665727265,0.9508942993498999,0.7152124051796418,0.9688440619373718,0.9665480300996039,0.9665480300996037,0.8931034702425942,0.9302869180633686,0.7008346989314138,0.9197102561463771,0.6464184048400374,0.7597346623343928,0.930286918063369,0.9152582079543843,0.8834832246395519,0.9098310498422773,0.9239759423528269,0.6885444555819695,0.8303239302316407,0.9209817665727267,0.5975320467574783,0.8605956163602346,0.5973427475732596,0.8754516093417528,0.829616978448942,0.9587759493473791,0.8007360366245255,0.658029244651773,0.7877239185135089,0.9872125588573131,0.839528097390559,0.9872125588573133,0.8645899440480416,0.8586206896551727,0.9814979561144341,0.9665480300996039,0.40060683675051967,0.9239759423528255,0.837672350699731,0.8856988418635352,0.9302869180633686,0.9270730230791457,0.9125111785873639,0.40060683675051967,0.8948693468634783,0.9302869180633688,0.9371382816751244,0.9043677125545333,0.9359193916809867,0.8902183677316948,0.9239759423528269,0.7411620366898113,0.828383123435259,0.8948693468634785,0.9046484553665972,0.9342993348456763,0.9209817665727265,0.8933580624819948,0.8666466252200816,0.9021362778138229,0.8776100733791747,0.9371382816751244,0.6272821583838497,0.8645899440480416,0.6479769357244216,0.9072118677365058,0.4227244050549279,0.8686490640266942,0.8542058822129401,0.6780857041613109,0.6800738680803711,0.8516987023807907,0.40060683675051967,0.7561470539717334,0.8625851059964715,0.8666109663611836,0.8625851059964715,0.9872125588573133,0.7419198496887554,0.40060683675051967,0.40060683675051967,0.8834832246395519,0.839528097390559,0.8669758292668843,0.4006068367505198,0.9336347991328917,0.9152582079543843,0.8707051888795788,0.5885406652866663,0.6492750543065737,0.9152582079543843,0.8727803597140287,0.933316065142574,0.820328282738934,0.7067390571770211,0.40060683675051967,0.6647509783689058,0.8887315011070409,0.6273881882510959,0.796977051014716,0.8727803597140287,0.9517395754929867,0.9878857063735189,0.6597874190636717,0.40060683675051967,0.8770141907096184,0.918655012023091,0.8465722145714905,0.9020225474621145,0.918079042897614,0.8230306155120636,0.904648455366597,0.40060683675051967,0.8266892096935985,0.970554445128762,0.40060683675051967,0.902988179609765,0.65770601185689,0.7951319916449245,0.8592253732217525,0.6700460193353575,0.40060683675051967,0.6526495164371322,0.7596773995000083,0.9761356843815903,0.9078612916467246,0.8779312750537871,0.8451467479521528,0.8470383046866883,0.8749363683070712,0.9209817665727265,0.8303239302316405,0.8105788943203363,0.961938580597147,0.7543784123327508,0.8109878775775847,0.7059253709923835,0.5521754207449423,0.9239759423528264,0.8856988418635352,0.40060683675051967,0.9302869180633688,0.764049596612685,0.725267167254481,0.8996713357710029,0.8791314954080314,0.40266125024239996,0.671615198882962,0.918079042897614,0.4431028796491836,0.8996713357710029,0.9152582079543845,0.9021362778138222,0.673481236432435,0.8395280973905592,0.9302869180633688,0.7437089977875249,0.9872125588573133,0.9021362778138222,0.9272324378358681,0.7234655543948052,0.9333160651425743,0.9336347991328915,0.9461514400114375,0.8887315011070405,0.8044305457372642,0.5759659233833181,0.48962818484937787,0.9607124451036871,0.9209817665727262,0.9221261809159473,0.8321506231964104,0.8127782674336161,0.8902183677316948,0.8814261386926303,0.8996713357710033,0.8748756693307274,0.8980033248552685,0.9507358862812649,0.8413921158471318,0.9466378905596338,0.7833086014640998,0.8644190209116962,0.8707051888795787,0.9243062854435231,0.552175420744943,0.854219910258853,0.8996713357710036,0.7680542273019051,0.9243062854435231,0.8864592094196806,0.9870389475673139,0.9209817665727265,0.943585793190133,0.5800297375091044,0.8625851059964715,0.8321506231964106,0.98145106467318,0.9598475691646614,0.8429905361746886,0.9270730230791457,0.8887315011070407,0.9072118677365058,0.9350840409709824,0.9239759423528269,0.9302869180633686,0.874875669330726,0.8552355626501886,0.6270134677519212,0.9540589546097205,0.9628454933455662,0.9736944252581791,0.9493264764640175,0.4619717670934478,0.979377251890996,0.40060683675051967,0.927073023079146,0.40060683675051967,0.40060683675051967,0.6976105905469074,0.5521754207449427,0.8645899440480416,0.40060683675051967,0.9796577285396698,0.7292902459116837,0.6959629941127012,0.7744081599350816,0.6647509783689058,0.8602605064187892,0.8395280973905592,0.7590972409071076,0.7329189478805085,0.9046484553665968,0.8334032066537796,0.6804256865012995,0.8625851059964715,0.9851476414946703,0.9169617030792716,0.8748756693307262,0.9046484553665965,0.9098310498422773,0.934434563902131,0.9270730230791457,0.8266892096935983,0.9209817665727265,0.833984008005529,0.8972500807670707,0.8879432507007243,0.9686491338802948,0.7670858527670916,0.8727803597140287,0.843264845886146,0.8925262950745889,0.9005517488164128,0.9209817665727267,0.5256941692248811,0.918079042897614,0.856659586411368,0.7614393933136989,0.8008776071541592,0.6983285517377633,0.7722802732581082,0.7773799496784727,0.6685565834201472,0.7893221938778119,0.9628454933455662,0.6273881882510959,0.9390586815258848,0.9371382816751244,0.8788065258154936,0.7437089977875249,0.960712445103687,0.8650914629573027,0.8972500807670709,0.8451467479521528,0.8481961871749575,0.40060683675051967,0.9239759423528264,0.8605956163602348,0.9580166426603276,0.7590991753211787,0.8972500807670711,0.9098310498422773,0.8769922925568632,0.9568113867546567,0.9272324378358681,0.6740836112921171,0.6913208827961588,0.9502139831448329,0.9364881737530406,0.7981412091899545,0.4431028796491836,0.9046484553665965,0.9760700705133396,0.8586206896551727,0.8902183677316948,0.9072044548146421,0.799993317406483,0.5711811735833942,0.7719761627955806,0.8645899440480416,0.9568113867546566,0.8001801505755268,0.874875669330726,0.9336347991328917,0.8948693468634783,0.918079042897614,0.8037173042789958,0.8628742512243037,0.8002696397534662,0.4227244050549279,0.8978081378264584,0.8174850814916143,0.9935264355112596,0.7982366744065177,0.9209817665727267,0.8910305906213418,0.9987249599057338,0.5759659233833179,0.8858401986813218,0.874875669330726,0.8948693468634785,0.3379972852852944,0.4376255805523179,0.9125111785873639,0.9239759423528264,0.9371382816751244,0.40060683675051967,0.8933580624819946,0.745328461667451,0.6780857041613095,0.8957156269639841,0.4006068367505198,0.8277328376597328,0.857809417937706,0.8432648458861458,0.6521203723094444,0.6016214029432811,0.8664957973805585,0.8017517804777676,0.6428356271698115,0.942085822740748,0.8432648458861454,0.9305029368937818,0.7384366952101734,0.9270730230791457,0.837672350699731,0.881294645597023,0.9209817665727265,0.8586206896551727,0.9371382816751241,0.8791314954080311,0.9098310498422773,0.9371382816751244,0.9773810909232876,0.9132389320257919,0.9152582079543843,0.5219353439564545,0.6511172316918917,0.930286918063369,0.9152582079543843,0.8972500807670707,0.9255529168554744,0.6885444555819695,0.4227244050549279,0.9711878805915029,0.4225457442703193,0.4227244050549279,0.4227244050549279,0.675120161008717,0.40060683675051967,0.9072118677365058,0.7120894058724216,0.40060683675051967,0.8902183677316948,0.7851595521370123,0.9302869180633684,0.9209817665727265,0.9270730230791457,0.918079042897614,0.4227244050549279,0.8978081378264583,0.7631994628418897,0.8925262950745889,0.7347269473178137,0.40060683675051967,0.845146747952153,0.9209817665727265,0.9393420437091633,0.674026749976222,0.8470383046866876,0.9302869180633686,0.9621698344437759,0.8948693468634785,0.8586206896551727,0.8222180825008407,0.9152582079543843,0.6959629941127012,0.8686490640266942,0.9360968865539778,0.9587759493473788,0.936488173753041,0.9302869180633688,0.8834832246395519,0.9209817665727265,0.8711916800801192,0.7560449442954527,0.40060683675051967,0.9152582079543843,0.6602807514680109,0.9336347991328917,0.8065357229038594,0.9072118677365058,0.8996713357710029,0.7071034031072152,0.40266125024239996,0.964100708781572,0.6590264503438212,0.40060683675051967,0.40060683675051967,0.702497887244036,0.9759229255035988,0.8628742512243037,0.8602605064187892,0.7419198496887554,0.8592253732217529,0.8008776071541595,0.6844418583053664,0.8879432507007243,0.6879445456091826,0.40060683675051967,0.8588039237011793,0.9239759423528264,0.9371382816751244,0.8230306155120635,0.9302869180633686,0.7182924545133287,0.40060683675051967,0.40060683675051967,0.6411996737091912,0.9152582079543843,0.6546421300777654,0.9224199973554134,0.8533725051586636,0.5765431908489487,0.8375740315947411,0.8321506231964106,0.7238133425245885,0.8309205650835738,0.4006068367505198,0.9699747687132043,0.6956918530898968,0.9180790428976138,0.9302869180633686,0.7785834836776824,0.6138319246402619,0.7210253389904426,0.8625851059964715,0.9180790428976138,0.7249518768252252,0.40060683675051967,0.710856244394185,0.8910305906213418,0.8321506231964104,0.8091456816147371,0.7453284616674514,0.9021362778138224,0.8413921158471318,0.8365007873070798,0.9270730230791457,0.8188646461782051,0.7702234719866525,0.9072118677365058,0.9336347991328917,0.9005285913052652,0.5870024355835755,0.6879445456091824,0.9711878805915029,0.4227244050549279,0.7929756481234911,0.881294645597023,0.8586206896551727,0.8981051343567514,0.9371382816751244,0.8586206896551727,0.9371382816751244,0.9371382816751244,0.837672350699731,0.6677144639940114,0.8508127890003347,0.9152582079543843,0.9872125588573133,0.8972500807670709,0.8972500807670711,0.8158740901345867,0.4795201051474266,0.9125111785873639,0.9132389320257914,0.7960352917220279,0.9180790428976138,0.9276593868178662,0.6822871400055993,0.6903816734292395,0.7404976638272744,0.40060683675051967,0.8194852749688188,0.9152582079543843,0.961839081772033,0.9336347991328917,0.8879432507007243,0.8902183677316937,0.8405176238551884,0.40060683675051967,0.970554445128762,0.8602605064187892,0.8902183677316944,0.6760890086635998,0.710856244394185,0.6879445456091824,0.9239759423528264,0.9949291339897316,0.9239298958700635,0.8788065258154937,0.6640102757866118,0.8925262950745889,0.850905365756305,0.9371382816751244,0.9272324378358678,0.9580166426603274,0.8547850709517311,0.9159197701772372,0.7311067605158581,0.733895340382535,0.8690985951631343,0.9152582079543843,0.4227244050549279,0.7560449442954527,0.7796396629483529,0.7390863627851454,0.6457306197931674,0.6053879063520824,0.40060683675051967,0.7941696200496449,0.7316080074560176,0.8707051888795792,0.40060683675051967,0.7329189478805085,0.9046484553665965,0.9302869180633686,0.5174692779836636,0.4227244050549279,0.6060083965988035,0.8856988418635355,0.8285035731719175,0.9132389320257914,0.8470383046866878,0.961938580597147,0.845522683824599,0.40060683675051967,0.9106086590743891,0.40060683675051967,0.9302869180633686,0.760345952017996,0.8070402049768042,0.9371382816751244,0.8769922925568632,0.9229883832391803,0.8413921158471318,0.9303519937309512,0.40060683675051967,0.7201378724697236,0.7014274376374257,0.7508334733135493,0.874875669330726,0.0,0.9239759423528269,0.1149742464856236,0.8727803597140287,0.6892302276908617,0.8212788440155341,0.8817276870237214,0.6892302276908617,0.9801777989919911,0.9239759423528269,0.6464184048400374,0.6892302276908617,0.9371382816751244,0.8856988418635356,0.918079042897614,0.8088080901268473,0.9125111785873639,0.8727803597140287,0.8902183677316948,0.8194852749688193,0.9465096719932721,0.9272324378358678,0.8566595864113691,0.8834832246395521,0.9125111785873639,0.8972500807670709,0.9842318644685908,0.8707051888795785,0.6390102377891168,0.7219781213616265,0.6880061135215362,0.5223816706278135,0.8834832246395519,0.9180790428976138,0.9209817665727262,0.8608323269166078,0.8706881010282799,0.8791314954080311,0.9420858227407478,0.9084437550924802,0.9239759423528262,0.927073023079146,0.8663005722754802,0.8769922925568632,0.839966097927435,0.891030590621342,0.905486277942352,0.9251456260299604,0.8948693468634785,0.8727803597140289,0.9580166426603274,0.8239687012773427,0.8091891348220037,0.8547116092900204,0.833984008005529,0.555779092478405,0.9270730230791457,0.9508942993498994,0.8597323127450578,0.8856988418635341,0.9072118677365058,0.9700918760103956,0.8321506231964106,0.8727189765147398,0.9411992521264028,0.8996713357710029,0.9461535522835215,0.9540589546097205,0.8726484979469555,0.9760700705133396,0.9209817665727262,0.9621698344437761,0.8105788943203363,0.8791314954080318,0.9209817665727265,0.8547850709517306,0.771976162795581,0.874182588653663,0.9502726792490608,0.909831049842277,0.7201378724697234,0.9243062854435231,0.708693439857963,0.9665480300996039,0.7649577557899128,0.9243062854435231,0.9270730230791457,0.8212788440155339,0.8879432507007243,0.9621698344437759,0.9336347991328917,0.8315069861698938,0.9302869180633686,0.9831501586102123,0.9270730230791457
p337_KYRC,0.9966019297918831,0.7974058104193726,0.9029316112204655,0.9177914171276885,0.9544316996038,0.9661972965770262,0.9744810384949363,0.9328485281106533,0.95678955450748,0.9448229719109481,0.9290729285038272,0.9529545363721539,0.9529545363721539,0.930474153890517,0.9440647409827919,0.9873232206481497,0.9161682054358173,0.9385367079941818,0.9625131050152524,0.9448229719109481,0.8990962871160684,0.9447481688519044,0.8223564127592389,0.9692769377093197,0.943467974097185,0.9385367079941818,0.9501049319099923,0.9795295863759996,0.9643133649175286,0.9850577543455339,0.9327167510955896,0.9591194968553458,0.9487265052554268,0.975974260728806,0.9544316996038,0.8639461643560564,0.9692769377093198,0.9207232888949289,0.9661972965770262,0.9923551296406039,0.9097421633544907,0.996566586696046,0.9661972965770262,0.9218739081138496,0.8493047741087222,0.9693290100198145,0.9575094353013822,0.9528206548013269,0.9373453016197317,0.9029316112204655,0.9591194968553458,0.8317830360527908,0.9385367079941818,0.9473756291574582,0.9859983918197512,0.9903434298372484,0.9903434298372484,0.9544316996038003,0.9854614920636176,0.9113150120108421,0.9157186269856048,0.9133404113163562,0.938536707994182,0.9933095589619414,0.9607848936032954,0.9650108534737668,0.8807450411223986,0.8707710541962026,0.9887203623021902,0.7771757990417104,0.9293685115305119,0.8426153862967792,0.9544316996038,0.9088891430301544,0.9544316996038003,0.8981423730059306,0.7494264781377333,0.9915113877198729,0.8414864259682346,0.9661972965770262,0.9915113877198728,0.8856017264847292,0.933854925314779,0.9385367079941818,0.9544316996038003,0.9261077324693099,0.8105915487398061,0.9552842420408301,0.9452352847073291,0.9529545363721539,0.9544316996038003,0.9427946840319121,0.9133404113163563,0.8568150312416896,0.933854925314779,0.9629940985099354,0.980844432528298,0.7894899230043848,0.9022064377259249,0.93293779373488,0.9903434298372484,0.9652137684610215,0.9544316996038003,0.9416467981218895,0.8278073367121439,0.9625131050152524,0.9167305843279034,0.9432965332537007,0.9434679740971852,0.8788191408694406,0.7063997170207928,0.9397435965156078,0.858378640159124,0.9187703462526826,0.9575094353013822,0.8367317645429639,0.8612104505251645,0.9625131050152524,0.9661972965770262,0.8726649773302662,0.9218739081138494,0.9741812383843047,0.943467974097185,0.9327167510955896,0.7261168691389089,0.9678470493910278,0.9559485503920393,0.9800040497391678,0.9529545363721539,0.9711878805915029,0.8858525408230953,0.5788297872730397,0.8807450411223985,0.9661972965770262,0.9830316367629125,0.9612268306824161,0.9965038179707653,0.9591194968553458,0.9608127721335267,0.9515133476881705,0.8924353423190239,0.9643133649175286,0.906663301648857,0.9703809216228029,0.9841235416791017,0.9651775593373264,0.9841240669083755,0.8914187460211076,0.9373453016197317,0.8144187923946178,0.8539593087394248,0.9157186269856046,0.905045718507947,0.893395759021262,0.880745041122399,0.9373453016197317,0.9058327972212654,0.8901700478813095,0.906100043689203,0.9356856974167591,0.9843065652291844,0.8106601759858284,0.8856017264847291,0.8853172535850606,0.9489746595216721,0.9250379219402804,0.9800040497391678,0.951525861158216,0.6977360889985449,0.8945571213623105,0.7154788451519625,0.9529545363721539,0.9361684345174046,0.9762041082440365,0.9370094808581142,0.9979796032808487,0.9625131050152524,0.9358903421766451,0.9282725629505153,0.9368506101299685,0.9208331242859094,0.9392032468761575,0.5762566076040002,0.9529545363721539,0.8495661380172146,0.902941079165362,0.8726649773302662,0.9117176971980814,0.9473756291574582,0.8634896230757457,0.9515133476881705,0.9998698480557453,0.9356465182356668,0.8737670973648668,0.9966922538063423,0.9544316996038003,0.9692769377093197,0.9515133476881705,0.9107280314569581,0.9831253381617966,0.9826577568433585,0.9061219481453391,0.9544316996038003,0.9034695872910271,0.8737670973648668,0.9643133649175286,0.9544316996038003,0.9542945594732946,0.9711878805915029,0.8981423730059306,0.8717185331373515,0.9984254449549754,0.9529545363721539,0.9544316996038003,0.9578556242450755,0.9544316996038001,0.8627587161412213,0.9144959184069918,0.918883204497057,0.9544316996038003,0.8458206993046362,0.9544316996038003,0.9288001493885438,0.9609007391155062,0.9795295863759996,0.8536447074240011,0.957509435301382,0.919171452966161,0.9515133476881705,0.9422080421889416,0.9940867605460231,0.8653085749942627,0.9385228041142231,0.9759742607288062,0.9591194968553458,0.951525861158216,0.9395538742599335,0.9590673131834123,0.990168288054176,0.9239759423528267,0.9239759423528267,0.9830316367629124,0.9873232206481497,0.9515133476881705,0.9544316996038003,0.9554518077232721,0.9544316996038003,0.981702245564819,0.9711878805915029,0.9591194968553458,0.9350052413014638,0.8569522690866244,0.9692769377093197,0.9229213960709448,0.9365826632500471,0.9757619342112603,0.9290729285038275,0.8754988991654502,0.9652137684610215,0.9934422704699934,0.8980273058083952,0.8935110043257084,0.9529545363721539,0.9607848936032957,0.9757052866960474,0.9661972965770262,0.9542945594732946,0.9868289698267129,0.939743596515608,0.9920543208470207,0.9976749810515522,0.9591194968553458,0.8976967901906783,0.9432965332537007,0.8630614034554611,0.9625131050152524,0.8465237589272383,0.9229213960709448,0.8277913012426611,0.9541290792408028,0.9625131050152524,0.9008409057897289,0.9132723758609209,0.9607848936032954,0.9667875986555683,0.9683695601216199,0.9575094353013822,0.6825064884039789,0.858378640159124,0.911315012010842,0.9575094353013822,0.6561065835106359,0.8363962371582656,0.9625131050152524,0.8505815345144854,0.8698224617128845,0.8333410567779673,0.973478212398101,0.9625131050152524,0.9544316996038003,0.9526350423385237,0.9515133476881705,0.9591194968553458,0.8539453617971724,0.9502440628915496,0.5015529910354438,0.9373453016197317,0.9250379219402804,0.8801973674837041,0.9913065253514577,0.9345279402530982,0.8882786390335262,0.969732852945806,0.9504615190480812,0.9585117888760866,0.7630956455679019,0.913709260959215,0.9643133649175286,0.9271857963192041,0.9711878805915029,0.9013833969555977,0.9652137684610214,0.9544316996038003,0.9591194968553456,0.9127113681766141,0.9385367079941818,0.9625131050152524,0.9607848936032957,0.8356601904040855,0.9544316996038003,0.7566586192708953,0.9625131050152524,0.9661972965770262,0.8079281914629697,0.8702278981827853,0.9409669977890665,0.9591194968553458,0.915567799113032,0.8628178035929417,0.9965573445764311,0.9487265052554268,0.9564083084985775,0.9575094353013822,0.8288718816327854,0.9159552332667188,0.9473756291574582,0.9197987094973858,0.4600234812176255,0.945357808294621,0.9271857963192041,0.9874997712145341,0.9830316367629124,0.9529545363721539,0.8708107817737574,0.9873232206481497,0.858378640159124,0.8594783932788341,0.9396728790125821,0.9544316996038003,0.9948537157563817,0.9774096618002821,0.9282725629505153,0.9261077324693099,0.9643133649175286,0.9278919760223632,0.9544316996038003,0.9544316996038003,0.9923551296406039,0.9139695648477242,0.9428163151462239,0.9544316996038001,0.9643133649175286,0.9544316996038003,0.930474153890517,0.9077810309891683,0.9049485083889184,0.5379637233866087,0.9828201226319815,0.9329216899439509,0.923185055600066,0.9199331495579264,0.9544316996038003,0.8427131871884218,0.9250379219402802,0.9862789464261124,0.8642683597030216,0.9828201226319815,0.990677157903997,0.9575094353013822,0.848318897532643,0.9544316996038003,0.837733579327673,0.938536707994182,0.8841690624899748,0.9907144738270934,0.9559485503920393,0.9246012618232706,0.985998391819751,0.9544316996038003,0.9477170828887946,0.9867086919017329,0.9544316996038003,0.9828201226319815,0.8471812314738494,0.8107326760754664,0.9119211045740193,0.8539453617971722,0.9544316996038003,0.8953813603528139,0.8707710541962026,0.7895958714484504,0.934712588125745,0.9119211045740192,0.9167305843279034,0.9177477332861093,0.9704595338307845,0.9575094353013822,0.9253034294291274,0.8981423730059306,0.9400741852851489,0.8679216237887917,0.9232797185420909,0.863835005200311,0.9422080421889416,0.9591194968553458,0.9944277784720001,0.9544316996038003,0.5168647030986726,0.9117176971980814,0.8638461791854182,0.9460501530640815,0.9883880331853732,0.9799008321613357,0.9303029056564402,0.9692769377093197,0.9515133476881705,0.9290729285038275,0.9544316996038,0.5421872499962042,0.9965038179707653,0.9137092609592148,0.9625131050152524,0.9290224147880504,0.9643133649175286,0.9473756291574584,0.9422080421889416,0.9155228711377879,0.9329216899439509,0.9643133649175286,0.9290236380022845,0.9795295863759996,0.977479170345195,0.9397435965156078,0.9447481688519046,0.7881055549967809,0.9575094353013822,0.7800834172231831,0.9097421633544907,0.8896188734697232,0.9987774230311344,0.9649067432343333,0.9915113877198729,0.9327167510955896,0.9881562591687434,0.8892917732189058,0.9581430783864291,0.7824413427816268,0.9283013350108495,0.9395538742599335,0.9683695601216199,0.9409669977890665,0.940074185285149,0.9410026520949328,0.9460501530640815,0.7604422708501086,0.9409669977890665,0.8871763046924688,0.9978302091488738,0.957509435301382,0.8945571213623102,0.9356465182356668,0.9291683589350783,0.951525861158216,0.9625131050152524,0.9159552332667188,0.9427946840319121,0.9607848936032954,0.6932321113248401,0.9830316367629125,0.9830316367629124,0.9608127721335266,0.950716529670402,0.9115437007410548,0.8030296776830927,0.8930832552899729,0.9529545363721539,0.9765837058865925,0.8414864259682344,0.8182484869464816,0.9501049319099923,0.9572654625627895,0.9544316996038003,0.9607848936032957,0.9544316996038003,0.9544316996038003,0.8373957982954765,0.9422080421889418,0.8776603460423872,0.9544316996038003,0.8921194894759126,0.9200311537959003,0.9239759423528267,0.9358593744118064,0.7296170212782864,0.8281985467386977,0.9998698480557455,0.9127113681766141,0.8563822015167815,0.9859983918197512,0.9368506101299684,0.9607848936032957,0.9774096618002821,0.9813906368456975,0.9735950471314356,0.9327167510955896,0.9487265052554266,0.9799008321613357,0.9936030628834355,0.872802283097869,0.9068053912485843,0.9575094353013822,0.9107280314569581,0.9447481688519044,0.832964442762639,0.9989330715481035,0.8641031766521015,0.9315900378678905,0.9157186269856048,0.9422080421889416,0.9282725629505153,0.9652137684610215,0.9447481688519048,0.9559485503920393,0.9229213960709448,0.906100043689203,0.9130131975922847,0.9591194968553458,0.9563739141033909,0.9501049319099926,0.9801666370480175,0.9010097382828826,0.9765837058865926,0.830742345982385,0.6451062339004482,0.9381728330554158,0.8281985467386979,0.9290224147880504,0.9554518077232721,0.9565556505345046,0.8717566193418784,0.960900739115506,0.9919869665529768,0.9544316996038003,0.9591194968553458,0.9250379219402804,0.9544316996038,0.985160900069593,0.9940867605460232,0.8427291918603487,0.933854925314779,0.9246012618232705,0.9422080421889416,0.8561690587937525,0.9643133649175288,0.8416996066004407,0.9460501530640815,0.8802089698693758,0.9799008321613357,0.9859983918197511,0.9684030202148095,0.9239759423528267,0.9409669977890665,0.8233538626834318,0.9299622870581818,0.9879794549496379,0.9124629060455851,0.9264488104519897,0.8809287459442816,0.9503258498783538,0.9327167510955896,0.9643133649175288,0.9965573445764311,0.9559485503920393,0.9473668255002388,0.9554518077232719,0.9440100680280117,0.9529545363721539,0.848318897532643,0.8573544191143381,0.7469130923202998,0.8915055770282618,0.9575094353013822,0.9743490353345139,0.8840970946922797,0.9965665866960463,0.9541290792408028,0.9327167510955896,0.9365826632500472,0.9502440628915498,0.9460501530640812,0.9765837058865926,0.9591194968553458,0.9661972965770262,0.9544316996038003,0.8776603460423874,0.873396732825194,0.8898606214266391,0.9282725629505153,0.9544316996038001,0.9714637322658977,0.9329293922544226,0.9157186269856046,0.930474153890517,0.9137092609592146,0.9774791703451948,0.9935080750686025,0.8390887443169379,0.9883880331853732,0.9528976942023157,0.9335689453150369,0.9812078381362566,0.9607848936032957,0.9127113681766141,0.9903434298372484,0.7333833797482324,0.9816001811698212,0.9661972965770262,0.9350052413014638,0.9799008321613357,0.9661972965770262,0.9473756291574582,0.8471315842032197,0.973053360823401,0.9762041082440365,0.7974530448465986,0.9625131050152524,0.9730533608234011,0.9447481688519046,0.792236315343472,0.8225734700092839,0.9529545363721539,0.6405418480890168,0.9501049319099923,0.9529545363721539,0.9529545363721539,0.9271857963192041,0.9544316996038003,0.9161682054358173,0.9507589513092889,0.9544316996038003,0.9409669977890665,0.9019695505324468,0.950716529670402,0.9575094353013822,0.9607848936032957,0.9559485503920393,0.9529545363721539,0.9328485281106532,0.8726649773302662,0.9422080421889416,0.8573544191143383,0.9544316996038003,0.8182484869464813,0.957509435301382,0.9409669977890665,0.8416996066004406,0.9177477332861093,0.9625131050152524,0.8945024258106785,0.9965573445764311,0.9711878805915029,0.9965573445764311,0.900538421250602,0.7927524282151165,0.9793236882044447,0.9327167510955896,0.8554077319402795,0.9460501530640815,0.950716529670402,0.9373453016197315,0.9575094353013822,0.960900739115506,0.8914187460211076,0.9544316996038003,0.973053360823401,0.9540967655391955,0.9643133649175286,0.952831262957681,0.9161682054358172,0.8041960100717361,0.9387447628682009,0.9799008321613357,0.9373269698674503,0.9936030628834354,0.9544316996038003,0.9544316996038003,0.936897186893246,0.9457520766884309,0.9554518077232721,0.9225563139336497,0.8945571213623107,0.9436448416643345,0.8141826543533128,0.8830309554277653,0.996566586696046,0.958790521930418,0.9544316996038003,0.9949132781456955,0.9591194968553458,0.9661972965770262,0.9246012618232706,0.9625131050152524,0.8485170805722071,0.9544316996038003,0.9544316996038003,0.9527298769547388,0.9544316996038003,0.9600381442889538,0.9447481688519046,0.8717185331373516,0.9649067432343333,0.9883880331853732,0.755988254215707,0.8840841025109967,0.9673457181272069,0.9544316996038001,0.9239759423528267,0.8681687926290684,0.9692769377093197,0.950716529670402,0.9083164413738802,0.8569078760827153,0.9651775593373264,0.9261077324693099,0.9559485503920393,0.7457573645989337,0.9544316996038003,0.8445183988316083,0.9261077324693099,0.951525861158216,0.968828963070922,0.9440639865096137,0.9473756291574582,0.9147116017278334,0.8926485106781257,0.9607848936032954,0.8820903683689054,0.9113973015744092,0.9830316367629125,0.9643133649175286,0.7154788451519618,0.9385367079941818,0.8638461791854182,0.9591194968553458,0.9765837058865926,0.888676559370384,0.9903434298372482,0.7455404899764402,0.8708107817737573,0.9661972965770262,0.9711878805915029,0.9661972965770262,0.9661972965770262,0.9127113681766141,0.9236497967373473,0.9068053912485843,0.9544316996038,0.9448229719109481,0.9447481688519044,0.9447481688519044,0.9231850556000661,0.9487265052554268,0.9529545363721539,0.7387815935635318,0.9048630781107274,0.9559485503920393,0.9277057585968914,0.9743490353345139,0.8414864259682344,0.8214805068326573,0.9544316996038003,0.9029316112204655,0.973053360823401,0.9049485083889184,0.9448229719109481,0.9397435965156078,0.9434121517267977,0.9735950471314356,0.9544316996038003,0.8561690587937525,0.8281985467386976,0.9409669977890665,0.8887281516764465,0.8767037709308814,0.8638461791854181,0.9591194968553458,0.8724525586652856,0.9721034599974784,0.9540089029986337,0.8539453617971722,0.9989330715481036,0.9919824728073372,0.9661972965770262,0.9422080421889416,0.9544316996038,0.9917282321179908,0.6225760742132899,0.8554077319402793,0.9981922472699298,0.948864982960364,0.9544316996038003,0.9529545363721539,0.8914187460211078,0.8458206993046363,0.9477170828887946,0.8618496660711306,0.9028718265513225,0.9544316996038003,0.8725938543413643,0.8770665508630496,0.96836956012162,0.9544316996038003,0.8893257159297718,0.9487265052554266,0.9625131050152524,0.9422080421889418,0.9529545363721539,0.8036253154520028,0.9385367079941818,0.9077810309891683,0.9013065795230638,0.8148987451201308,0.9400741852851489,0.8196726783312492,0.9544316996038003,0.8514635911628985,0.9544316996038003,0.9625131050152524,0.8892257387664577,0.8962395095530546,0.9661972965770262,0.933854925314779,0.9264513956876091,0.9581430783864289,0.9810522968844486,0.9544316996038003,0.9881294913507128,0.9689316898662559,0.8660153996906965,0.9846299338167082,0.9239759423528269,0.0,0.9327167510955896,0.9828201226319815,0.9250379219402804,0.9038960691476476,0.9653585620450296,0.9250379219402804,0.6143225591640992,0.9591194968553458,0.8333410567779673,0.9250379219402804,0.9661972965770262,0.9385367079941818,0.9559485503920393,0.9488276796806041,0.9765837058865925,0.9828201226319815,0.9409669977890665,0.9029316112204655,0.9343882429311451,0.9989330715481036,0.9229213960709448,0.9923551296406039,0.9765837058865926,0.9940867605460231,0.9575955949663899,0.930474153890517,0.9186367746310332,0.8830333887596136,0.9208331242859096,0.9931344261826377,0.9923551296406039,0.9692769377093198,0.8106601759858287,0.9541290792408028,0.9856074913039305,0.9350052413014638,0.9883880331853732,0.9528206548013269,0.9591194968553458,0.9607848936032957,0.9672616040330474,0.9338549253147792,0.9511406889628222,0.9261077324693099,0.9846299338167082,0.9962028749651789,0.943467974097185,0.9315900378678905,0.7555085421050042,0.9843760961287644,0.8905618443793009,0.9218739081138494,0.9107280314569581,0.9661123720541918,0.9560086947472867,0.6825064884039787,0.9991103021727903,0.9385367079941818,0.9501049319099923,0.9608853644890277,0.9097421633544907,0.9934422704699934,0.9403931336275564,0.9460501530640815,0.9600163959638037,0.9529545363721539,0.8952903079111574,0.9364195330316349,0.957509435301382,0.9692769377093198,0.8981423730059306,0.9350052413014633,0.8879369722234249,0.9917282321179908,0.947541329894146,0.939909004675128,0.9799008321613358,0.9799008321613357,0.9469260728986406,0.8856017264847292,0.9554518077232721,0.9575094353013822,0.9428163151462239,0.9409669977890665,0.9607848936032957,0.9038960691476476,0.9466104231235155,0.9692769377093197,0.9643133649175286,0.9741812383843047,0.9625131050152524,0.939672879012582,0.9560086947472868
p337_S,0.9788248702638768,0.9133880855304559,0.7203806419756115,0.8855707623626501,0.9250013316406696,0.9443657603723177,0.9197979331209348,0.9767915957885835,0.857978233475194,0.9412650880954543,0.9112065483416409,0.9225701399051969,0.9225701399051967,0.8855707623626501,0.8680005631963954,0.744903461695707,0.9178801133263084,0.5213536831698239,0.9383021271292231,0.9412650880954543,0.7370136620351653,0.9090636753073356,0.9048830033154058,0.9274978432118415,0.9069566644903915,0.8988405313927079,0.9178801133263084,0.8766235303260084,0.9412650880954543,0.9909212689575464,0.8892617449664426,0.9327167510955896,0.40723420795533327,0.8801586131976917,0.9250013316406696,0.9383021271292231,0.9274978432118415,0.9156114273620617,0.9443657603723177,0.8968796530895524,0.6880019323703828,0.9008268910150359,0.9443657603723177,0.8714160325350082,0.9178801133263084,0.8559411895369929,0.9300668284196516,0.8530715715896549,0.8968796530895524,0.8402398194588372,0.9327167510955896,0.8508175850056978,0.8988405313927079,0.4247119158682334,0.9156114273620617,0.9300679213294076,0.8949427042733138,0.3227392978460525,0.9399922285879148,0.9201981569430597,0.8612853521281927,0.7506815672849728,0.8988405313927084,0.6880019323703828,0.9354577472990953,0.7407789686331632,0.9327167510955896,0.8571313391464268,0.9969527783673496,0.9383021271292231,0.8837510389154055,0.8968796530895524,0.9250013316406696,0.7441003298209858,0.3227392978460525,0.7409918706558748,0.9090636753073356,0.9112065483416412,0.7391101518841834,0.9443657603723179,0.9112065483416409,0.9028404281797042,0.5628905745984257,0.4851158215799829,0.3227392978460525,0.8783842798904284,0.9090636753073356,0.7115556025011196,0.8434187276799101,0.34646989741729717,0.3227392978460525,0.8402398194588372,0.8920699425476062,0.7857470667779487,0.5628905745984257,0.7102657141223621,0.8370767014618665,0.7370136620351655,0.7340695868274123,0.7323775850440062,0.8949427042733138,0.9300668284196516,0.9250013316406698,0.7904254261690322,0.8172202569919274,0.9383021271292236,0.8629508839222022,0.7007362244615241,0.9069566644903915,0.7474008553057094,0.816778116984666,0.9008268910150359,0.7150975577583139,0.8663080297186969,0.9300668284196516,0.6800492175355333,0.9133880855304557,0.9383021271292233,0.9443657603723175,0.7904254261690324,0.871416032535008,0.8307902358986596,0.9069566644903915,0.8892617449664435,0.8988405313927084,0.982882331172537,0.9274978432118415,0.8435366459830158,0.9225701399051969,0.8748756693307262,0.8121302010293383,0.9300668284196516,0.9327167510955896,0.9443657603723179,0.9178801133263084,0.8609834943545885,0.8214342607350607,0.9327167510955896,0.9327167510955894,0.3683025824011291,0.9420772133917097,0.9412650880954543,0.9056121238513962,0.810581958011195,0.8339274444513165,0.8680005631963963,0.8418271742558858,0.7668230595030063,0.8968796530895524,0.6432408580978228,0.9412650880954538,0.8612853521281925,0.7873083094059599,0.7599311913539988,0.9327167510955896,0.8968796530895524,0.8450147416049543,0.6118231746393931,0.967202098661337,0.7698626559548625,0.9583129759836839,0.9300668284196516,0.9028404281797042,0.9665703562547641,0.6977335385954049,0.8766235303260079,0.7950896414683781,0.7150930552416845,0.8911350110320606,0.7715924205036861,0.8855707623626501,0.9225701399051962,0.8949427042733136,0.889861656406896,0.7841838626946305,0.8198810166740818,0.9383021271292236,0.8172202569919268,0.8819472699932516,0.3394382837101837,0.86970305661827,0.8355004561884278,0.8949427042733136,0.9225701399051969,0.8490527649728692,0.7841838626946303,0.7904254261690324,0.8547004147121713,0.42471191586823354,0.8874073419940798,0.92019815694306,0.857978233475194,0.9100352466253515,0.6895993906613842,0.8612853521281925,0.3227392978460525,0.9274978432118415,0.9201981569430604,0.7102657141223618,0.8827846276184793,0.840239819458837,0.9225701399051969,0.3227392978460525,0.800127570736433,0.6895993906613842,0.9412650880954543,0.3227392978460525,0.908549311064021,0.8748756693307267,0.8323574432143281,0.8544635219859327,0.859627937814286,0.9225701399051967,0.3227392978460525,0.8571313391464268,0.3227392978460526,0.7220920399128279,0.8756670886665621,0.8827846276184794,0.3227392978460525,0.8435366459830158,0.3227392978460525,0.5853489991118581,0.8629508839222024,0.8766235303260079,0.7774802318042815,0.9300668284196516,0.6621610827297761,0.36830258240112845,0.9048830033154056,0.9090636753073358,0.8612853521281925,0.6388783222720588,0.8801586131976928,0.9327167510955894,0.7150930552416848,0.864344110131511,0.7002810853760393,0.8482212456214524,0.8748756693307267,0.8748756693307267,0.9178801133263081,0.8307902358986596,0.9201981569430604,0.3227392978460525,0.8563358498618108,0.3227392978460525,0.9541519778149228,0.8748756693307258,0.9327167510955896,0.8930282606473354,0.6621610827297759,0.9274978432118415,0.8731400424546569,0.9069566644903913,0.8418271742558858,0.951689513216182,0.7950896414683781,0.9300668284196516,0.810581958011195,0.7906693243415908,0.770005888190759,0.34646989741729717,0.9354577472990953,0.8966323560154085,0.9443657603723177,0.7539434773645892,0.7539434773645892,0.5096997249396567,0.793861146978154,0.8152281195719786,0.9327167510955896,0.7763339712752275,0.7007362244615241,0.6722158124104383,0.9383021271292236,0.7474008553057094,0.8731400424546583,0.9028404281797042,0.8547004147121715,0.9383021271292236,0.8456078228710924,0.7255469104788617,0.9354577472990953,0.6929200724140242,0.8855707623626496,0.9300668284196516,0.8801586131976924,0.7150975577583141,0.9201981569430597,0.9300668284196516,0.9300668284196516,0.9524194957392189,0.9383021271292231,0.7025605332873057,0.8597751030614814,0.7449034616957073,0.770005888190759,0.9383021271292231,0.9250013316406696,0.8968796530895524,0.9201981569430604,0.9327167510955896,0.7079822296372045,0.8498323084998982,0.9300668284196516,0.5324564417508575,0.8766235303260084,0.614540935032213,0.8663080297186969,0.8292256120116168,0.896979462385551,0.7135847197976279,0.5651130534513138,0.8121302010293372,0.9412650880954538,0.8579782334751942,0.9412650880954541,0.8801586131976931,0.874875669330726,0.8663080297186969,0.9300668284196516,0.3227392978460525,0.9327167510955894,0.8563358498618108,0.8988405313927084,0.9383021271292236,0.9354577472990953,0.9225701399051964,0.3227392978460525,0.9069566644903913,0.9383021271292231,0.9443657603723177,0.8680005631963958,0.907828959383806,0.9028404281797042,0.9327167510955896,0.7539434773645892,0.8966323560154085,0.9069566644903915,0.9156114273620626,0.9992885652020088,0.9300668284196516,0.8801586131976917,0.9294703283112097,0.9133880855304564,0.8680005631963961,0.9443657603723179,0.6538897195981845,0.8801586131976926,0.6722158124104387,0.9178801133263079,0.34646989741729717,0.8837510389154055,0.8557494301578148,0.7150975577583141,0.7168571340288863,0.9165941331477478,0.3227392978460525,0.7841838626946303,0.8783842798904282,0.8819472699932513,0.8783842798904282,0.9412650880954541,0.7715924205036861,0.3227392978460525,0.3227392978460525,0.8968796530895524,0.857978233475194,0.7919815607102549,0.3227392978460526,0.9412650880954541,0.9250013316406698,0.8855707623626501,0.6977335385954049,0.6895993906613846,0.9250013316406698,0.8874073419940798,0.9090636753073356,0.8897692771479774,0.7723499259425639,0.3227392978460525,0.7599311913539992,0.8766235303260081,0.6702289505385672,0.8355719207021837,0.88740734199408,0.9936039565738233,0.9300668284196516,0.6989031042017528,0.3227392978460525,0.9544731807483441,0.8988405313927084,0.7919815607102536,0.8943575055789043,0.9274978432118417,0.8920699425476064,0.9156114273620619,0.3227392978460525,0.8466154872169025,0.9624517536333081,0.3227392978460525,0.8874073419940798,0.6970610052201986,0.8684044511512647,0.9230697529533907,0.7079822296372043,0.3227392978460525,0.6601128990941736,0.7873083094059601,0.9354577472990953,0.8675690650840999,0.9436383408148024,0.8629508839222022,0.8646249603464986,0.8466154872169025,0.9300668284196516,0.8498323084998982,0.8323574432143281,0.9048830033154058,0.7826185692953924,0.8136788684073104,0.7938611469781535,0.48452352463415527,0.9327167510955894,0.8988405313927084,0.3227392978460525,0.9383021271292231,0.7053301149137033,0.744342442932451,0.9112065483416407,0.8930282606473352,0.36830258240112956,0.6276948171759484,0.9274978432118417,0.36830258240112956,0.9112065483416407,0.92500133164067,0.9133880855304555,0.7671040624247216,0.857978233475194,0.9383021271292231,0.7731758626479506,0.9412650880954538,0.9133880855304555,0.9048830033154058,0.7061833742465007,0.9090636753073356,0.9412650880954538,0.9503612167446371,0.8766235303260079,0.7462264971853497,0.5096997249396567,0.41676149064045875,0.8563358498618108,0.9300668284196516,0.8801586131976926,0.8514489788174842,0.7980467804581934,0.9028404281797042,0.8785401016887857,0.9112065483416405,0.8892617449664428,0.8946224121887543,0.9929317365599545,0.8596279378142859,0.9178801133263084,0.7255469104788619,0.8386564101621348,0.8855707623626501,0.9028404281797042,0.48452352463415604,0.9187615097585791,0.9112065483416405,0.8456078228710926,0.9028404281797042,0.874875669330726,0.9808550379691969,0.9300668284196516,0.8825966758335135,0.5782432313940602,0.8783842798904284,0.8514489788174839,0.9383021271292231,0.949966659592149,0.840239819458837,0.9354577472990953,0.8766235303260079,0.9178801133263084,0.9178801133263079,0.9327167510955896,0.9383021271292233,0.8892617449664435,0.9033843983847027,0.6186882768902868,0.9225701399051967,0.9225701399051969,0.9285972469562771,0.9488661441906703,0.3884884355989362,0.9982284133745902,0.3227392978460525,0.9354577472990953,0.3227392978460525,0.3227392978460525,0.7323775850440062,0.4845235246341558,0.8801586131976926,0.3227392978460525,0.9541519778149226,0.7604148959042953,0.6353545928832622,0.7826185692953935,0.759931191353999,0.9399922285879148,0.857978233475194,0.7002810853760392,0.7636263905985359,0.9156114273620619,0.8323574432143279,0.6329566841352607,0.8783842798904273,0.9949421662818492,0.8571313391464267,0.8892617449664433,0.9156114273620617,0.9201981569430602,0.9949985359053648,0.9354577472990953,0.8466154872169025,0.9300668284196516,0.8530715715896546,0.9090636753073356,0.9008268910150359,0.9430450953185581,0.7763339712752269,0.8874073419940798,0.8612853521281927,0.9048830033154056,0.862030101785725,0.9300668284196516,0.4564188338200007,0.9274978432118417,0.8731400424546569,0.7888677193086078,0.8732629623629597,0.6519777871354648,0.8321717245668417,0.735304161136314,0.6741910630370176,0.7288468776697288,0.9225701399051967,0.6702289505385672,0.8911350110320606,0.9443657603723179,0.9399922285879148,0.7731758626479506,0.9219726177571139,0.9441563491397201,0.9090636753073356,0.8629508839222022,0.8261033009184151,0.3227392978460525,0.9327167510955894,0.876623530326009,0.9250013316406696,0.8209507889487284,0.9090636753073356,0.9201981569430604,0.8911350110320608,0.9818423550403621,0.9048830033154058,0.7115556025011194,0.7052575329880983,0.9179152107177713,0.9112065483416407,0.8028417197245652,0.36830258240112956,0.9156114273620617,0.9307722475773074,0.8748756693307256,0.9028404281797042,0.9808606516319831,0.8229889350297614,0.6040052581220747,0.7981930316589161,0.8801586131976928,0.9130845596162785,0.8435366459830159,0.8892617449664435,0.9412650880954543,0.9069566644903913,0.9274978432118415,0.8756670886665621,0.8563358498618108,0.7420360720725643,0.34646989741729717,0.9565225145379794,0.8708422462192252,0.9443657603723179,0.8214342607350607,0.9300668284196516,0.8783842798904284,0.8766235303260081,0.5096997249396567,0.8547004147121713,0.8892617449664435,0.9069566644903913,0.2625693720977096,0.4005830487911607,0.9225701399051962,0.9327167510955894,0.9443657603723177,0.3227392978460525,0.8801586131976931,0.8092521850303984,0.7150975577583141,0.8819472699932516,0.3227392978460526,0.827663366798874,0.9056121238513963,0.8612853521281925,0.5897389843668692,0.6671813148105576,0.8402398194588372,0.8245452201344508,0.683900331807469,0.8930282606473354,0.8612853521281925,0.8701234951334181,0.7246526903584669,0.9354577472990953,0.8563358498618108,0.8949427042733136,0.9300668284196516,0.874875669330726,0.9443657603723175,0.8930282606473352,0.9201981569430604,0.9443657603723177,0.9133880855304561,0.8949427042733136,0.9250013316406696,0.5465463723167963,0.7487509004123463,0.9383021271292231,0.9250013316406698,0.9090636753073356,0.980860651631983,0.7079822296372045,0.34646989741729717,0.9327167510955896,0.38848843559893576,0.34646989741729717,0.34646989741729717,0.6137169972448739,0.3227392978460525,0.9178801133263081,0.6788343946459681,0.3227392978460525,0.9028404281797042,0.7503403903278434,0.9383021271292236,0.9300668284196516,0.9354577472990953,0.9274978432118415,0.34646989741729717,0.9565225145379795,0.7904254261690324,0.9048830033154058,0.7652265166628875,0.3227392978460525,0.8629508839222022,0.9300668284196516,0.9028404281797042,0.6952097578291012,0.8646249603464984,0.9383021271292233,0.9274978432118415,0.9069566644903915,0.874875669330726,0.7819590521390982,0.9250013316406696,0.6353545928832622,0.8837510389154053,0.8892617449664433,0.8969794623855509,0.9112065483416405,0.9383021271292231,0.8968796530895524,0.9300668284196516,0.8629508839222022,0.7882802647586375,0.3227392978460525,0.9250013316406696,0.7562625865198771,0.9412650880954543,0.878055101213824,0.9178801133263081,0.9112065483416409,0.7407789686331632,0.36830258240112956,0.9849069804454267,0.6819800757386743,0.3227392978460525,0.3227392978460525,0.642119455986802,0.9130845596162782,0.8563358498618105,0.9399922285879148,0.7715924205036861,0.9230697529533908,0.8732629623629596,0.7043761956435881,0.9008268910150359,0.7238228863394931,0.3227392978460525,0.8530715715896546,0.9327167510955894,0.9443657603723177,0.8920699425476064,0.9383021271292236,0.7506815672849727,0.3227392978460525,0.3227392978460525,0.6662195392579808,0.9250013316406696,0.6781075621393595,0.9090636753073356,0.8321717245668419,0.6880019323703828,0.8300791041563261,0.8514489788174839,0.7555676953572021,0.8482237890148048,0.3227392978460526,0.8748756693307256,0.7306794529803193,0.9274978432118415,0.9383021271292233,0.7660889698399804,0.6088961851334251,0.6612458897922333,0.8783842798904284,0.9274978432118415,0.8266174103280655,0.3227392978460525,0.7441003298209858,0.8783842798904282,0.8514489788174839,0.8121302010293374,0.8092521850303984,0.9133880855304555,0.8596279378142861,0.7841838626946303,0.9354577472990953,0.8001275707364333,0.7966418551550687,0.9178801133263084,0.9412650880954541,0.8855707623626501,0.5213536831698244,0.7238228863394931,0.9327167510955894,0.34646989741729717,0.816778116984666,0.8949427042733136,0.8748756693307256,0.8837510389154055,0.9443657603723179,0.8748756693307258,0.9443657603723177,0.9443657603723179,0.8563358498618105,0.6060074735647019,0.846615487216902,0.9250013316406696,0.9998220154184709,0.9090636753073356,0.9090636753073356,0.7523148097023775,0.40723420795533494,0.9225701399051969,0.8949427042733136,0.7377659095891839,0.9274978432118415,0.998963793241222,0.6211675043362317,0.5963046457967369,0.643428809665505,0.3227392978460525,0.8402398194588372,0.9250013316406698,0.9869292147976262,0.9412650880954543,0.9008268910150359,0.9028404281797042,0.7873083094059599,0.3227392978460525,0.9624517536333083,0.9399922285879148,0.9028404281797042,0.7133304308209107,0.7441003298209858,0.723822886339493,0.9327167510955894,0.9307722475773074,0.8825966758335134,0.9399922285879149,0.6207824787649812,0.9048830033154056,0.8874570029274672,0.9443657603723179,0.9048830033154058,0.9250013316406696,0.849832308499898,0.8968796530895524,0.7620225581106217,0.7002810853760391,0.9315885372513304,0.9250013316406696,0.34646989741729717,0.7668230595030063,0.8209507889487285,0.7289726111638276,0.6702289505385675,0.6344536129657035,0.3227392978460525,0.8493802700804491,0.8151648808861042,0.8855707623626501,0.3227392978460525,0.7636263905985359,0.9156114273620619,0.9383021271292236,0.4845235246341558,0.34646989741729717,0.6851301296786794,0.8988405313927084,0.8482212456214522,0.8949427042733136,0.8646249603464984,0.9048830033154058,0.9273446515802216,0.3227392978460525,0.8930282606473354,0.3227392978460525,0.9383021271292233,0.7539434773645892,0.829225612011617,0.9443657603723177,0.8911350110320606,0.946229892873012,0.8596279378142864,0.8855707623626499,0.3227392978460525,0.7523148097023774,0.7357555930163429,0.7794812069687627,0.8892617449664435,0.1149742464856236,0.9327167510955896,0.0,0.8874073419940798,0.6283751186183373,0.8418271742558856,0.9585677374816314,0.6283751186183373,0.8855707623626501,0.9327167510955896,0.7449034616957073,0.6283751186183373,0.9443657603723177,0.8988405313927084,0.9274978432118417,0.8307902358986596,0.9225701399051964,0.8874073419940798,0.9028404281797042,0.840239819458837,0.8748756693307269,0.9048830033154058,0.8731400424546583,0.8968796530895524,0.9225701399051962,0.9090636753073358,0.949966659592149,0.8855707623626501,0.6778320230153206,0.7539434773645894,0.6550540975486399,0.6442368396984715,0.8968796530895524,0.9274978432118415,0.9300668284196516,0.8547004147121713,0.869594687850592,0.8930282606473354,0.8930282606473354,0.8530715715896546,0.9327167510955894,0.9354577472990953,0.8078183648435978,0.8911350110320606,0.8028417197245659,0.8783842798904282,0.8892617449664435,0.8649932895930065,0.9069566644903913,0.8874073419940791,0.9250013316406696,0.7588032805300469,0.7706121068915978,0.8714160325350089,0.8530715715896546,0.5013836753153763,0.9354577472990953,0.8801586131976926,0.8013473877578727,0.8988405313927079,0.9178801133263084,0.8911350110320608,0.8514489788174839,0.8141251312620152,0.9889492618097127,0.9112065483416407,0.8850355119390225,0.9225701399051969,0.827663366798874,0.9307722475773075,0.9300668284196516,0.9274978432118415,0.8323574432143281,0.893028260647335,0.9300668284196516,0.849832308499898,0.7981930316589156,0.9033843983847025,0.9201981569430604,0.9201981569430602,0.7523148097023775,0.9028404281797042,0.7002810853760391,0.9300668284196516,0.7919815607102536,0.9028404281797042,0.9354577472990953,0.8418271742558856,0.9008268910150359,0.9274978432118415,0.9412650880954543,0.8307902358986601,0.9383021271292233,0.9372428556070562,0.9354577472990953
p338_C,0.6683133985762368,0.9119376979332718,0.8375645041075979,0.9160161841901238,0.9237454173815309,0.9434341193662403,0.8665723227613753,0.8660868442235148,0.8555999624260064,0.47834154602285417,0.9097196291136669,0.9885587804861202,0.9885587804861203,0.8836545508570981,0.8948250712530359,0.7533202390100002,0.9165049484215362,0.8971465330611363,0.9372689456075767,0.9402815237871283,0.90586638833448,0.9858118985030546,0.9460700595274506,0.5474399501189939,0.9053985774691051,0.8971465330611361,0.9165049484215364,0.9050879833003673,0.940281523787128,0.9612165878642935,0.88740734199408,0.9828201226319815,0.9141982714487249,0.8781517708121864,0.9237454173815309,0.9372689456075765,0.9262837350880504,0.9141982714487245,0.5058803956403932,0.8951528182413431,0.8489613700399672,0.4100451234962357,0.9434341193662401,0.9284611701562591,0.9165049484215364,0.9931994816370736,0.928895740061739,0.9339304145868406,0.8951528182413433,0.8818720990497849,0.6073391992552906,0.7741897879554291,0.8971465330611361,0.9935864990091459,0.7516797032516027,0.927846456636525,0.7601863362810475,0.9237454173815312,0.9902721706664046,0.918861809581256,0.8589624614952684,0.9838982147928332,0.6737211447947825,0.8034882424102873,0.9343769343025807,0.9827599509920952,0.9315900378678905,0.6680006970299666,0.7539570436186913,0.992787606045791,0.8818043546471355,0.8951528182413433,0.7514717371644384,0.7247589462130912,0.9237454173815312,0.8295501310031699,0.907540871911573,0.9097196291136667,0.8143684708351732,0.9434341193662403,0.6508273890719769,0.9012134114028683,0.8893119774375078,0.8971465330611363,0.9237454173815312,0.8763477248373532,0.907540871911573,0.9916779981174831,0.6942359108196474,0.9212735133449719,0.9237454173815312,0.8375645041075974,0.9746255914050479,0.8461639891816279,0.9759904656941651,0.7454042700027377,0.8343484171035414,0.8311464231994989,0.8214703578501712,0.8238096000607142,0.8931834336273663,0.9288957400617388,0.9237454173815309,0.8089843972083204,0.8288878399988695,0.9372689456075762,0.8606558839862051,0.8639469029308282,0.864358254459379,0.6989093659621978,0.8137099161685823,0.6645462310849939,0.8714726571183571,0.864069247944542,0.928895740061739,0.8871108078324657,0.9527620984712091,0.5630631104484923,0.9434341193662401,0.9193267436726238,0.9531420664523498,0.9503663949983921,0.9053985774691053,0.7472184442808252,0.8971465330611363,0.9078759453230945,0.9262837350880504,0.7402798538006548,0.9663573664294256,0.9459727209115529,0.9353214771503878,0.9288957400617388,0.9315900378678905,0.9434341193662401,0.9165049484215364,0.9810553993188316,0.5605421891830676,0.9315900378678905,0.9315900378678903,0.9188618095812562,0.991677998117483,0.9402815237871283,0.9417063091099622,0.8074099974274134,0.9446936813955575,0.9528949651900589,0.9675100128033971,0.8771090375593499,0.6120866946697964,0.6844014776871692,0.940281523787128,0.8589624614952678,0.7557211275093765,0.9422117724949788,0.9828201226319815,0.9303499958905477,0.8684209730603489,0.9009132970381388,0.9506862058493933,0.8525874490132166,0.7256622813871001,0.9288957400617388,0.9012134114028683,0.6345049841613637,0.8456795858023052,0.8745574900762874,0.8517231625794768,0.92916530562837,0.8893119774375078,0.7416703941129102,0.8898140158117229,0.9212735133449717,0.8931834336273665,0.8476177654692202,0.9331567803129617,0.9357231274242304,0.9372689456075765,0.9636465008056206,0.9747155411251816,0.8295501310031699,0.8686723475061016,0.8577960695407583,0.9278464566365248,0.672971808894941,0.9877593789313244,0.7805698443377236,0.7869159279154596,0.30650871294024973,0.9527620984712085,0.9183006535947718,0.5984189889242251,0.938292717507307,0.9172160871873296,0.8168250746163682,0.860824901979724,0.9237454173815312,0.5952832514638081,0.9188618095812564,0.6915396572644227,0.7531214951961573,0.9140817941555837,0.7180556619793953,0.9237454173815312,0.8484238679708536,0.8966288262478026,0.5364792390418555,0.9237454173815312,0.9171108073594294,0.8727803597140285,0.8295501310031699,0.7853321359751214,0.8850662431297968,0.9212735133449717,0.9237454173815312,0.5364200513108517,0.9237454173815312,0.9791622925756286,0.8211332371088922,0.8158197957767748,0.9237454173815312,0.8139469110840569,0.9237454173815312,0.9890316341924343,0.9171790486927813,0.8745574900762874,0.8137099161685826,0.9288957400617388,0.6667267971503046,0.962745373353485,0.9786100658041363,0.30974886217361,0.9430262524527702,0.7680911157969712,0.9718013773009626,0.9315900378678903,0.8569575328025569,0.7584503936430659,0.8179083071013352,0.9247508816218675,0.902988179609765,0.9634038194012378,0.6556798492182255,0.8279566795146676,0.9627453733534854,0.9237454173815312,0.6811742999564663,0.9237454173815312,0.9762800526647323,0.8727803597140285,0.9147197078398365,0.8013577725926948,0.6667267971503046,0.595283251463808,0.871015668341351,0.9053985774691049,0.8391784404635929,0.9097196291136667,0.9922562051301724,0.5766607717121188,0.8074099974274134,0.8537043262956248,0.6168352569021763,0.9212735133449719,0.9059081043309062,0.7844982648354768,0.5058803956403932,0.9579893925008334,0.7505777405064469,0.9190473386737528,0.8519395799094818,0.8355817977396094,0.9147197078398366,0.8405132370379063,0.6437827578513371,0.9351734910371758,0.9372689456075762,0.8435552293388486,0.8710156683413501,0.9012134114028683,0.8522672538974265,0.9372689456075762,0.950762707059472,0.8330360709816307,0.9343769343025807,0.8738606237740509,0.8836545508570981,0.9288957400617388,0.8781517708121862,0.6048027629387369,0.918861809581256,0.9288957400617388,0.9288957400617388,0.6975796652846182,0.9372689456075765,0.8417708732931735,0.8696125867945612,0.827956679514668,0.8508736446926765,0.8961750730777808,0.9237454173815309,0.8951528182413431,0.9188618095812562,0.9315900378678905,0.6746506122491649,0.7279944283798983,0.9288957400617388,0.8951528182413435,0.9422595505792324,0.7226970694695898,0.5318037331695973,0.6591708273525693,0.7790693660488874,0.9877529907665934,0.9333870019007532,0.87871899135583,0.9984192168061301,0.8555999624260062,0.9984192168061301,0.909368306308445,0.764725801537133,0.8640692479445422,0.9722155622930323,0.9237454173815312,0.9315900378678901,0.8452551085303087,0.8971465330611363,0.9372689456075762,0.9591464247864107,0.9212735133449714,0.9237454173815312,0.9053985774691049,0.7851377522013518,0.9434341193662401,0.8657901242845245,0.9988235493481883,0.9012134114028683,0.9147197078398366,0.6464945737233313,0.7431708752992905,0.9053985774691053,0.9141982714487249,0.7612950419868565,0.6261051205347334,0.8781517708121864,0.7376648739799812,0.9935864990091456,0.9309652469358959,0.9434341193662401,0.6746913790737255,0.8781517708121862,0.6565036927684109,0.9165049484215362,0.9212735133449719,0.9903434930267268,0.8279566795146678,0.6853757752376456,0.7838126382210391,0.7278960280462454,0.9237454173815312,0.8459642454699681,0.5989227485109031,0.8799703801338814,0.9998134958142342,0.7108923180988596,0.720341608992275,0.9237454173815312,0.9237454173815312,0.43610080642377547,0.37260099014851633,0.8549185404483219,0.9237454173815312,0.940281523787128,0.9237454173815309,0.883654550857098,0.8456795858023052,0.916579764155661,0.9237454173815309,0.8855218855218858,0.907540871911573,0.7481671178956124,0.7121156743399901,0.9237454173815312,0.8216070858356983,0.8745574900762874,0.6585732489562015,0.6942355438175082,0.8855218855218863,0.850179520957216,0.9288957400617388,0.6260583899165663,0.9237454173815312,0.6957248069101902,0.8971465330611363,0.8327784007011554,0.7448411540431774,0.7388131554982491,0.7465065254933929,0.9141982714487245,0.9237454173815312,0.9465394167621604,0.8876833468556682,0.9237454173815312,0.951079421667657,0.948181517840206,0.9829833440868232,0.7226970694695896,0.6144321701174631,0.9237454173815312,0.9275282907749997,0.9311619884681968,0.9343769343025807,0.9290904411508085,0.8647826267537474,0.7719435454210501,0.8908683220551614,0.8702236433531143,0.928895740061739,0.9403384005644587,0.8295501310031699,0.9460700595274505,0.895004861487341,0.8339039087662474,0.8058361000882572,0.9032901911357232,0.9315900378678903,0.8971465330611363,0.9237454173815312,0.992787606045791,0.8794035130316948,0.8353118115278738,0.9896201712617319,0.9721384927792351,0.918861809581256,0.9779749896285717,0.9780296622223208,0.9188618095812562,0.9496699001876994,0.9237454173815309,0.9119376979332721,0.8184440308677501,0.8555999624260062,0.8406564126395663,0.8671175155319419,0.9984192168061299,0.9527620984712089,0.9409501284699298,0.9377076151222176,0.907540871911573,0.940281523787128,0.9197701642680185,0.9050879833003673,0.8375645041075976,0.8991661559057054,0.9466763852073139,0.8812768771799535,0.9288957400617388,0.8096828742252253,0.8569575328025562,0.8626088325723282,0.9508302047706586,0.982634596020638,0.8505787444421387,0.9206231796054523,0.8018249048729211,0.8239349195040079,0.8572772924183014,0.9551504908703919,0.9845040814227264,0.8613042685122361,0.7927291158126465,0.6549174371177124,0.9032901911357234,0.7465192368593663,0.8106284733681065,0.7773845797901655,0.46997195733462127,0.8727803597140285,0.9103033134897103,0.9288957400617388,0.8696431048367218,0.8558236858258794,0.9380806103257939,0.9371614683909593,0.9372689456075765,0.8185713978212354,0.881872099049785,0.9343769343025807,0.8745574900762874,0.9592864686575604,0.9165049484215364,0.9828201226319815,0.5075444500102769,0.8874073419940798,0.7381293032564042,0.8692627884605635,0.9212735133449717,0.9212735133449717,0.9806814419281431,0.545850886594744,0.9165049484215366,0.8074099974274134,0.9237454173815312,0.9343769343025807,0.9237454173815312,0.9237454173815312,0.8034325831564854,0.7577703728564174,0.8781517708121862,0.9237454173815312,0.862253570616015,0.8028777851007972,0.8727803597140285,0.8950048614873414,0.8457280231675544,0.7286543605260241,0.8687575206363232,0.5717870942405714,0.9873911732534829,0.6681491969266846,0.8237138317135502,0.9059081043309061,0.9072141675815735,0.8157435774934194,0.8495369353332782,0.88740734199408,0.9141982714487245,0.6423025526964543,0.9157327623818331,0.9343769343025807,0.8702236433531143,0.928895740061739,0.8506111344599003,0.7011039951310187,0.8991661559057054,0.9786100658041363,0.9049962808576776,0.8855218855218858,0.971047516105271,0.9460700595274506,0.911552100464315,0.9288957400617388,0.9075408719115727,0.9262837350880506,0.9607085544317142,0.9833183796067355,0.7596681204982023,0.9315900378678905,0.8293290790043693,0.698461369454249,0.972935876223029,0.834348417103542,0.9212735133449714,0.6585732489562016,0.8893119774375078,0.9434341193662401,0.7085299135921486,0.8335254436197448,0.2983190799508332,0.7049128295905285,0.907540871911573,0.4610661395348792,0.8474347101629032,0.9237454173815312,0.9315900378678903,0.8745574900762871,0.7514717371644384,0.8139469110840569,0.9858118985030548,0.9188618095812562,0.9229863666545894,0.7465065254933929,0.9032901911357234,0.6096555905324632,0.9402815237871283,0.6901057950579899,0.9097196291136669,0.7239220772359694,0.918861809581256,0.9559635246111835,0.8167501735797206,0.9634038194012378,0.9012134114028683,0.9295628438712978,0.8200247394595626,0.7156713307051188,0.4420774518765761,0.8781517708121862,0.983898214792833,0.7916582493282924,0.7140026066694529,0.940281523787128,0.9053985774691051,0.8344997581878779,0.9895793431210864,0.8812768771799535,0.9931763272713581,0.9212735133449719,0.7138633607393257,0.7612950419868565,0.9341913284130113,0.6083124799483891,0.9288957400617388,0.9072141675815735,0.8745574900762874,0.9355234569898139,0.8220976364913513,0.8874073419940798,0.9411059771498841,0.9934243936105989,0.9097196291136662,0.8082233681483036,0.9315900378678903,0.9434341193662403,0.9237454173815312,0.6848167322401908,0.8205729775695318,0.906951559059644,0.8799703801338814,0.9237454173815312,0.8735158220145878,0.7569649206403626,0.7207185837172209,0.8836545508570981,0.8555999624260064,0.8375645041075974,0.8406997915183156,0.9427417087350559,0.8912369310715329,0.9168674292847256,0.7973999783168804,0.8866539577018826,0.9343769343025807,0.8539300757509798,0.7601863362810474,0.9288957400617388,0.8727803597140285,0.9953786045233858,0.7330454845180803,0.9188618095812564,0.9434341193662401,0.9119376979332718,0.8931834336273663,0.9701429667321069,0.7840931815527363,0.8263658547164228,0.9372689456075767,0.7050741878138622,0.7402395084267595,0.8698326166844479,0.8151603105564684,0.9212735133449719,0.9315900378678905,0.9165049484215362,0.9212735133449719,0.9212735133449719,0.8408994097214848,0.9237454173815312,0.5273352885101545,0.7719435454210501,0.9237454173815312,0.9012134114028683,0.8359545793225898,0.9372689456075762,0.928895740061739,0.7461931429643924,0.6909698541534361,0.966357366429426,0.8938847014695364,0.882057032691629,0.9409501284699298,0.5626720929662927,0.9237454173815312,0.8606558839862051,0.9288957400617388,0.9012134114028683,0.8903237689170954,0.8623579941942758,0.9372689456075765,0.9262837350880506,0.7108628090783671,0.8727803597140285,0.943772438814358,0.9237454173815309,0.7043101617456602,0.8818043546471357,0.8874073419940798,0.7580374305188853,0.9896201712617319,0.9372689456075765,0.8951528182413433,0.928895740061739,0.8606558839862051,0.9746669333021878,0.9237454173815312,0.9834594839173174,0.8474347101629032,0.5364792390418555,0.8613360295964754,0.9165049484215364,0.9097196291136667,0.9556595861847049,0.918861809581256,0.9857085943575572,0.645957220235673,0.9237454173815312,0.9237454173815312,0.9009132970381386,0.7672446223944528,0.8539300757509798,0.9298988298647781,0.9976158155605334,0.885080563508627,0.7596681204982023,0.6191353458459129,0.8991661559057054,0.7948127102022616,0.9237454173815312,0.8800658018485255,0.9315900378678903,0.5058803956403932,0.7465065254933929,0.9372689456075762,0.9953636883061072,0.9237454173815312,0.9237454173815312,0.6626745084010657,0.9237454173815309,0.6502165171874403,0.907540871911573,0.7853321359751217,0.8489613700399672,0.9253930751088408,0.8756960152361013,0.6228007637126602,0.7757884387818779,0.9237454173815312,0.8727803597140285,0.7040367708564134,0.9262837350880504,0.7296190917631376,0.8980144111313964,0.8443012407137152,0.8438604060303616,0.8763477248373535,0.9262837350880504,0.7884981212068214,0.9237454173815312,0.7865388662877749,0.8458542904646646,0.8034882424102872,0.8089841670456621,0.7979653093455179,0.8839402993770435,0.9962220459757787,0.7805698443377236,0.9343769343025807,0.8712915524292162,0.8712795584588887,0.8268059301623198,0.940281523787128,0.916016184190124,0.9955703864028429,0.7948127102022616,0.6073391992552903,0.9663573664294258,0.9079223191452046,0.7255233132718886,0.9331959995055013,0.9583804549451923,0.9434341193662401,0.9029881796097647,0.9434341193662403,0.8118167761922628,0.8539300757509798,0.974715541125182,0.8440469376552966,0.8906643852161654,0.940281523787128,0.907540871911573,0.9359170749054633,0.7689439583683324,0.9559635246111837,0.9212735133449717,0.8641754053085233,0.8407966457560188,0.6431265528086212,0.8499225409554978,0.845854290464665,0.8577113895861324,0.8216062440854175,0.9237454173815312,0.8375645041075974,0.9237454173815309,0.8567269504320856,0.47834154602285417,0.809975435421427,0.9012134114028683,0.7837466124737202,0.9237454173815312,0.7906135730727354,0.7085299135921486,0.7658847249875674,0.6072388906560859,0.5600124926806032,0.5923172035742015,0.9828201226319815,0.9786084885487796,0.8744114737156559,0.8896499359970274,0.7030921523899181,0.9032901911357234,0.764538080505569,0.9434341193662401,0.9032901911357234,0.9237454173815309,0.8076234179491082,0.8951528182413433,0.9895793431210863,0.8452551085303088,0.7156713307051188,0.9370619345667418,0.9212735133449719,0.9534920719966933,0.7916582493282927,0.8440469376552966,0.7381873768854004,0.6919880431061194,0.9237454173815312,0.6394614409405043,0.7948136083347734,0.8836545508570983,0.9237454173815312,0.734450467005167,0.9605059690638982,0.9372689456075762,0.9032901911357234,0.9212735133449719,0.7907601520699852,0.9955703864028429,0.838035230919449,0.9625094796456835,0.9478889777769317,0.9032901911357234,0.7191980738903943,0.9237454173815312,0.8696700606673113,0.9237454173815312,0.5630631104484924,0.7706396922912275,0.8753623611860426,0.5058803956403932,0.6392465735233478,0.9038202928289236,0.8850662431297964,0.8836545508570981,0.9237454173815312,0.54542030603191,0.9561066312300459,0.9270692155268951,0.9797293075604314,0.8727803597140287,0.9828201226319815,0.8874073419940798,0.0,0.8745574900762871,0.8391784404635927,0.6919880431061194,0.8745574900762871,0.8836545508570981,0.9315900378678905,0.852587449013217,0.8745574900762871,0.5058803956403932,0.8971465330611363,0.9301863608775065,0.8279566795146678,0.9212735133449714,0.3605664488017426,0.9382025073594866,0.8885760308062554,0.8727803597140287,0.94095012846993,0.8710156683413506,0.7528754052666142,0.7180556619793953,0.5054264286523162,0.7376648739799814,0.8836545508570981,0.8522672538974267,0.6256779403667084,0.9554566357353804,0.8623579941942761,0.8951528182413433,0.5474399501189944,0.9783400888843532,0.8794035130316953,0.9441227442947595,0.8912369310715331,0.8912369310715329,0.904475747198215,0.9315900378678905,0.9343769343025807,0.9326446848712381,0.8893119774375082,0.844924692999196,0.8763477248373535,0.8874073419940798,0.7428636882954525,0.9437724388143578,0.9183006535947722,0.9237454173815309,0.8175916702760673,0.9594947976170569,0.8692627884605635,0.8506111344599003,0.9671832909831417,0.9343769343025807,0.9969820872027788,0.9036528749015507,0.8971465330611361,0.9979320111064154,0.9229863666545894,0.9291653056283695,0.9148240293633219,0.7391758987017791,0.9097196291136669,0.8512593163012303,0.9212735133449714,0.5659928817089634,0.8353595520387296,0.9288957400617388,0.9741270364328649,0.9475481307432935,0.8912369310715331,0.9722155622930324,0.8341664144721782,0.7338543994428233,0.9026059647784725,0.9188618095812562,0.9933710628742856,0.7116350298136698,0.9382025073594866,0.8539300757509798,0.9288957400617388,0.8793997825856732,0.9012134114028683,0.9343769343025807,0.8391784404635927,0.9355234569898137,0.9780296622223208,0.536479239041855,0.827956679514668,0.5630631104484924,0.8849406507734014,0.9343769343025807
p338_GAP,0.7789293219607627,0.9035033355391051,0.8220068840377226,0.8725113072902908,0.9164419655193168,0.9380163966266188,0.6876558016786272,0.7579170939157696,0.8417697283979715,0.9345618542101832,0.9010728262563199,0.913733309388403,0.913733309388403,0.8725113072902908,0.8529358756208603,0.7985180195740539,0.9085080245777921,0.8872955140291616,0.9312607396704551,0.9345618542101832,0.8149740971886754,0.8986853937484474,0.8940275945888625,0.9637851559795012,0.8963379163019165,0.8872955140291612,0.9085080245777921,0.8625429553264603,0.9345618542101832,0.6466638918783412,0.9075611147669869,0.9250379219402804,0.9059804204993025,0.8664814862756918,0.959657136477295,0.9829714105092717,0.9192233962368055,0.905980420499302,0.9380163966266193,0.9178938723744823,0.83449531009486,0.8895085707332924,0.9380163966266191,0.8843101430924514,0.9483551875577272,0.7490499756120759,0.9681385641755447,0.8363030843630055,0.8851108467483708,0.8220068840377226,0.9250379219402804,0.7726363025717513,0.9206037147937574,0.48810817043125043,0.905980420499302,0.8829528399528481,0.8829528399528481,0.392115299153029,0.6071095716993067,0.9110906193450523,0.8454542782771104,0.9733315178225722,0.8872955140291618,0.83449531009486,0.9280917395652362,0.7303137731952765,0.9727541677821405,0.8692986967753582,0.639864381918442,0.9829714105092717,0.9002546180665418,0.8851108467483708,0.9164419655193168,0.7148952917141536,0.392115299153029,0.9791620336018424,0.9351366270846035,0.9010728262563203,0.7856926766548296,0.9380163966266188,0.9010728262563201,0.9606559814622548,0.5880897807203314,0.8872955140291614,0.392115299153029,0.8932539868674869,0.9351366270846035,0.8846372337439967,0.9217876183991058,0.37240982580062965,0.392115299153029,0.8457632233052683,0.8767530976833093,0.7816587896936464,0.556725096436556,0.7372512932808071,0.8654219905756664,0.8149740971886752,0.8937754993063078,0.8726489988275377,0.9152383482658542,0.9681385641755447,0.9164419655193168,0.9046157595518329,0.568641306224706,0.9312607396704553,0.873633030464118,0.871645401526643,0.9320797389103184,0.8917899617757823,0.8397427871009944,0.8895085707332924,0.8701989245649346,0.8510501785307238,0.9681385641755447,0.8290533621536325,0.9795518972928103,0.9312607396704553,0.9380163966266191,0.8692813631878971,0.9778448510169848,0.8114788487242621,0.8963379163019165,0.9686885474691006,0.9539119155583538,0.7092621163632717,0.9192233962368055,0.563979452141123,0.9557248896714008,0.7455019971844741,0.8772915445392941,0.9681385641755447,0.9250379219402804,0.9380163966266186,0.9085080245777923,0.8249883989729045,0.9097354750251417,0.9250379219402804,0.9250379219402802,0.43493149183744406,0.9408192969574403,0.9345618542101832,0.8259082699530016,0.853642808020449,0.8845690674506623,0.9070227924758554,0.8715871553037837,0.8388237514735577,0.950974025121072,0.9741753557285805,0.9887119198512566,0.949851490298083,0.7834603998983651,0.804521108620692,0.9250379219402804,0.8851108467483706,0.8578372379792807,0.8865088771202729,0.9483736101793037,0.798518019574054,0.6795217115677474,0.9681385641755447,0.891751906668637,0.8205519781023325,0.8799977696515333,0.8625429553264603,0.917023132218455,0.8593962429851334,0.9100752707392668,0.9044518282458383,0.8725113072902908,0.9137333093884032,0.8829528399528477,0.6089464994162512,0.8407654886035592,0.932171712785949,0.9312607396704551,0.6115825776952687,0.8978898271654778,0.7946171004168203,0.8721537713050256,0.9100550701129242,0.9475238565788602,0.918300369479605,0.5512474062112496,0.9765073891121583,0.8692813631878971,0.9392178238502196,0.3360110469238422,0.8506680709069908,0.9110906193450525,0.918790640016018,0.802772649083082,0.7842519392715934,0.8674533886652144,0.392115299153029,0.9637851559795012,0.9110906193450523,0.6118261102348688,0.8073399772739787,0.8695195625728145,0.9183003694796054,0.392115299153029,0.8050897567384336,0.8585820023484629,0.9887119198512568,0.392115299153029,0.6924731812116804,0.9450032706006539,0.9285654998056465,0.7844567273912892,0.8436077083923406,0.913733309388403,0.392115299153029,0.60376153540821,0.392115299153029,0.8787682558351375,0.7544522969545062,0.8073399772739783,0.392115299153029,0.6677789352692072,0.392115299153029,0.9182135336489843,0.8736330304641184,0.8625429553264601,0.8178051785527845,0.9681385641755447,0.846081155217711,0.4349314918374435,0.929104460779949,0.8986853937484476,0.8976528842875964,0.6534633690785288,0.8664814862756909,0.9250379219402804,0.4682785689774849,0.8255926828382909,0.8654110063376463,0.8799977696515331,0.8887315011070405,0.916867385853847,0.9085080245777921,0.8344202094125963,0.9662885265016659,0.392115299153029,0.9418243114872844,0.392115299153029,0.7871346886395656,0.8299096514248938,0.9727541677821405,0.9919265098151697,0.846081155217711,0.9192233962368055,0.9978967545796937,0.8963379163019165,0.8476812770166928,0.9382829336530905,0.9377830288440718,0.9220855717829912,0.8105237777176177,0.7889642625662017,0.9617432150231073,0.37240982580062965,0.9727347845851518,0.7763116512366663,0.9380163966266193,0.8421948095589065,0.977916645584153,0.5348106214113686,0.9160634361285378,0.8378198019391048,0.8363808488504197,0.9710283661798575,0.8902875130205796,0.9573194469708504,0.9312607396704553,0.930282731955488,0.858661907755419,0.891751906668637,0.9392178238502196,0.9312607396704553,0.9175493257473806,0.8264039056668997,0.9727347845851518,0.8574165634704998,0.8725113072902908,0.922085571782991,0.8427643818641354,0.8889605647260728,0.9110906193450523,0.9220855717829912,0.9858084434319018,0.892468847298958,0.9312607396704551,0.7805417669717742,0.7907025084637319,0.8114788487242621,0.9391723105844711,0.9312607396704551,0.9164419655193168,0.8851108467483708,0.9110906193450523,0.9727541677821405,0.8616154694210616,0.8574165634704998,0.922085571782991,0.9178938723744825,0.7393470790378004,0.9635593786987412,0.8510501785307241,0.878189460043324,0.7754028601933831,0.7141508283610296,0.8422728385374881,0.8339903731560383,0.934561854210183,0.9701379144280489,0.9345618542101832,0.8664814862756909,0.88873150110704,0.8510501785307236,0.922085571782991,0.392115299153029,0.92503792194028,0.9053490782134382,0.9206037147937578,0.9312607396704553,0.9776784774900422,0.9137333093884032,0.392115299153029,0.9320797389103184,0.8618965769742782,0.995006876394922,0.8799793340483575,0.7284248693131303,0.891751906668637,0.8840970946922794,0.8421948095589065,0.7570652661468138,0.8963379163019165,0.9448810215177164,0.7777865574945615,0.9681385641755447,0.8955568994617094,0.7092145629397737,0.9035033355391058,0.9070227924758547,0.9380163966266188,0.8741160168514928,0.8664814862756909,0.8758231153994434,0.9085080245777923,0.37240982580062965,0.8704839044326604,0.9591075443923951,0.8889605647260728,0.909901825141451,0.7208140366012072,0.392115299153029,0.9219775429521295,0.9917486808400419,0.8978898271654778,0.9795019860868404,0.9345618542101832,0.8647201136093716,0.392115299153029,0.392115299153029,0.950974025121072,0.8674433656039868,0.8094841827285857,0.392115299153029,0.9887119198512566,0.916441965519317,0.8260689978031812,0.8308992056894287,0.8771645181176804,0.9164419655193168,0.8745574900762871,0.9351366270846035,0.743399034987535,0.9774187193994319,0.392115299153029,0.8494541037919072,0.8909793814432985,0.8550535369583181,0.9736158226603804,0.8745574900762871,0.8081910707976664,0.9220855717829912,0.8694744805372419,0.392115299153029,0.7411506210690888,0.9539119155583538,0.8713488676698913,0.7782444305894078,0.8579678050497165,0.7608589935161947,0.9059804204993018,0.392115299153029,0.8783146676704365,0.7033609693574177,0.392115299153029,0.9727900438033125,0.8114430247359983,0.7796562783546093,0.7150434801379619,0.8803115019196854,0.392115299153029,0.9550740759524949,0.8447382063677082,0.9727347845851518,0.7796639895897065,0.8690308077683597,0.9526024456618092,0.9553943160980236,0.8534914491504231,0.9220855717829912,0.981028709859354,0.9516336164537744,0.8940275945888625,0.9197591066598911,0.9228780875209064,0.8087102574521292,0.5447425463537505,0.9250379219402802,0.9206037147937578,0.392115299153029,0.9829714105092717,0.8633928226985463,0.8431888212288878,0.9010728262563201,0.8328595305783377,0.4349314918374444,0.7717499117194848,0.9637851559795012,0.3940578737863504,0.9010728262563199,0.9164419655193168,0.9415276164159578,0.8010551050442436,0.8674433656039868,0.9312607396704551,0.9066173148358452,0.8488378832255231,0.9443995409534846,0.9291044607799492,0.8221027455844967,0.9351366270846035,0.934561854210183,0.8759815077541722,0.9952749140893472,0.7503790091464533,0.5686741983440355,0.898685393748448,0.8908821080541924,0.922085571782991,0.8664814862756909,0.8915944281121329,0.8637098510569032,0.891751906668637,0.9340990416559534,0.9128766367598273,0.8766235303260086,0.7136363156122656,0.9781012105682778,0.8694906326534082,0.9483551875577272,0.9847682690808618,0.8438537352691284,0.8725113072902908,0.9606559814622548,0.5447425463537512,0.7188967308975089,0.9500867441565978,0.9982924416574901,0.9359879063473188,0.8887315011070402,0.892955162382916,0.9220855717829912,0.9839152575187717,0.9875617203509329,0.8932539868674869,0.9839009074365002,0.9312607396704551,0.7256064607423468,0.8695195625728145,0.9776784774900422,0.8246563573883152,0.9483551875577274,0.9085080245777926,0.9795295863759995,0.9312607396704553,0.907561114766986,0.7513468841607733,0.8567411419143387,0.913733309388403,0.913733309388403,0.6416292499281782,0.8473098920648878,0.4140902047633066,0.8320832928690333,0.392115299153029,0.9280917395652364,0.392115299153029,0.392115299153029,0.9106077393841203,0.544742546353751,0.895556899461708,0.392115299153029,0.7307378758911902,0.8503548479572687,0.632958458197248,0.7982969007350016,0.8269876062062993,0.9055432063410844,0.8674433656039868,0.49781145074870226,0.9526088268794943,0.9059804204993023,0.9285654998056466,0.6752143570363177,0.8932539868674876,0.660684002295814,0.8080208903060158,0.8766235303260079,0.9837816225361296,0.9110906193450523,0.9611487363073126,0.9280917395652364,0.9022539733648121,0.9220855717829912,0.8864731575813807,0.9555096729069269,0.957235724598626,0.8940275945888625,0.8308879161563283,0.9050879833003673,0.8976528842875968,0.9305880744557048,0.5726302687891931,0.9220855717829912,0.5180948728730483,0.9192233962368055,0.9700497852148386,0.9286887277296862,0.7562824401099395,0.64551586548298,0.9491783380781875,0.7727146715827278,0.8224249635528782,0.8184827691642289,0.955724889671401,0.9966395719542115,0.8787105864554914,0.9380163966266188,0.6993578432043268,0.9464493622447823,0.8544068747803459,0.8637634588274636,0.8986853937484471,0.8999561688633484,0.9191600545391068,0.392115299153029,0.9250379219402802,0.9194158075601375,0.8674821796907911,0.7924637524647538,0.8826072062346139,0.9928378554472403,0.9100752707392668,0.9153844657390153,0.929104460779949,0.9033645881484775,0.9345618542101835,0.8837349137646373,0.9382829336530905,0.987165253377389,0.4349314918374444,0.9059804204993018,0.7207145541760415,0.945003270600653,0.891751906668637,0.8060955792799718,0.9289493645217686,0.9728237043907222,0.9424009047294863,0.8664814862756909,0.8141959578710513,0.8132236490903704,0.9384986992079645,0.9345618542101832,0.8963379163019165,0.9470913245351076,0.7544522969545062,0.9562912816465309,0.7698246703898527,0.4144014060836271,0.8694744805372403,0.7581095512159903,0.9380163966266188,0.890042618869048,0.9681385641755447,0.8932539868674869,0.9194158075601371,0.8895085707332926,0.7827571719269769,0.8766235303260079,0.9320797389103184,0.6234124216963135,0.9010728262563203,0.8343172089136093,0.9727541677821405,0.9380163966266188,0.392115299153029,0.9590660346082054,0.7996720111682831,0.9984695943070976,0.8684742769407374,0.392115299153029,0.9214837186008105,0.7876704712499112,0.8715535812823534,0.6452171808592648,0.8417697283979713,0.8457632233052683,0.9617865917199473,0.7963216353462472,0.8808199067953635,0.9498514902980826,0.8028431297096315,0.8674647054043128,0.9280917395652364,0.8654110063376463,0.8829528399528481,0.9681385641755447,0.8605956163602337,0.9380163966266191,0.9126333026427302,0.9519642373961463,0.9380163966266188,0.9035033355391053,0.9475238565788602,0.9164419655193168,0.707558954614502,0.8097356591508627,0.982971410509272,0.916441965519317,0.9351366270846042,0.6762843851718214,0.8990075344183093,0.37240982580062965,0.9250379219402804,0.37424304178337076,0.37240982580062965,0.37240982580062965,0.4938594236319296,0.392115299153029,0.9321033235024668,0.5735810631520468,0.392115299153029,0.9262039440654459,0.8019817127031066,0.9312607396704553,0.9220855717829912,0.8239745708107343,0.8579678050497165,0.4144014060836271,0.6831702677637472,0.889836170211558,0.9641813269710358,0.9155256014445621,0.392115299153029,0.8736330304641182,0.9220855717829912,0.891751906668637,0.9301734830249901,0.849175025655186,0.9829714105092717,0.9637851559795012,0.9678215615187202,0.8887315011070402,0.7819856802224692,0.9164419655193166,0.6892302276908611,0.9002546180665418,0.8449382097051857,0.8145815970977258,0.9010728262563201,0.982971410509272,0.9178938723744823,0.9220855717829912,0.8473098920648876,0.9966036797907549,0.392115299153029,0.959657136477295,0.8288376175853325,0.9887119198512568,0.7721661418386527,0.9483551875577274,0.9010728262563201,0.8450271693045466,0.4349314918374444,0.7488289459323427,0.8869220795553374,0.392115299153029,0.392115299153029,0.5565517355826255,0.6403548016203813,0.8654110063376461,0.7743343388904205,0.8845859709276054,0.7717606226961908,0.7759150787868947,0.8946491389198694,0.8895085707332924,0.8620494680941633,0.392115299153029,0.8125064031083682,0.9250379219402802,0.9380163966266193,0.7415433094883421,0.9312607396704553,0.9687214300938704,0.392115299153029,0.392115299153029,0.8505784218626424,0.959657136477295,0.8453972681111293,0.8986853937484476,0.826240675987177,0.83449531009486,0.70560594718887,0.8915944281121329,0.8442327316715383,0.7945725145463096,0.392115299153029,0.8605956163602335,0.908436722897763,0.9916530842778032,0.9312607396704551,0.7715489837686926,0.8835191731835004,0.7143687895391815,0.8932539868674869,0.9192233962368055,0.8094841827285855,0.392115299153029,0.9450651903546778,0.864504653794369,0.8593962429851334,0.8556409588476661,0.9681281923135314,0.9443995409534844,0.973022329697679,0.8001594614292735,0.9727347845851518,0.8050897567384345,0.8567594461550303,0.8922561605225315,0.934561854210183,0.9629372157622487,0.5464650729727079,0.8997707618247144,0.9250379219402802,0.4144014060836271,0.9055556127456228,0.9475238565788602,0.8887315011070402,0.9508918137640506,0.9380163966266188,0.8580455361717003,0.9950068763949222,0.9950068763949222,0.8654110063376463,0.6020458190139335,0.9022539733648123,0.9971276925647266,0.934561854210183,0.935136627084604,0.9351366270846038,0.9369167370133402,0.9059804204993029,0.9557248896714008,0.8910486018561092,0.6932562729035578,0.919223396236805,0.8971931199014,0.6755060170357445,0.813432671953276,0.6548161142115378,0.392115299153029,0.8695195625728143,0.9971276925647266,0.9184278084209281,0.9345618542101832,0.9233721476659593,0.8917519066686372,0.8243122708779269,0.392115299153029,0.8157250957843047,0.7181019671258502,0.7637277193632763,0.8867990824195611,0.9067035405812569,0.8809101149594388,0.9250379219402802,0.8731986491331227,0.8174261692988933,0.830566710654991,0.9701202380913234,0.8940275945888623,0.9021697647194539,0.9950068763949222,0.9291044607799492,0.916441965519317,0.9200815730295618,0.9178938723744823,0.9307566130240477,0.49781145074870226,0.7448953171572592,0.916441965519317,0.37240982580062965,0.8782687335528578,0.7717038558391369,0.7320270950272713,0.9781012105682778,0.9976374126011074,0.392115299153029,0.995005507865818,0.7960663611529739,0.9026532767809434,0.392115299153029,0.7562824401099395,0.9448810215177157,0.9312607396704553,0.544742546353751,0.3724098258006291,0.9464493622447829,0.9206037147937579,0.8308992056894287,0.9152383482658542,0.849175025655186,0.8940275945888627,0.7111642931719588,0.392115299153029,0.8808199067953635,0.392115299153029,0.9312607396704553,0.9779166455841535,0.8097356591508624,0.9380163966266193,0.8787105864554914,0.9177035669169333,0.8436077083923403,0.9026532767809434,0.392115299153029,0.9175649668107596,0.991087445383698,0.93547703905673,0.8766235303260077,0.6892302276908617,0.9250379219402804,0.6283751186183373,0.8745574900762871,0.0,0.8237753987296021,0.6624875144439113,0.0,0.8725113072902908,0.9250379219402804,0.8114788487242621,0.0,0.9380163966266193,0.8872955140291618,0.9192233962368055,0.8114788487242621,0.913733309388403,0.8745574900762874,0.891751906668637,0.8220068840377226,0.860595616360234,0.8940275945888625,0.858661907755419,0.885110846748371,0.9137333093884032,0.8986853937484478,0.5560527678469822,0.8725113072902908,0.838117822314655,0.9003613107125843,0.7083456356997246,0.8491750256551862,0.885110846748371,0.9192233962368053,0.9220855717829912,0.838117822314655,0.8255485912247713,0.8808199067953635,0.8808199067953637,0.8363030843630055,0.9250379219402804,0.9280917395652364,0.57701192976756,0.878710586455492,0.9916989200948287,0.8932539868674869,0.8449382097051857,0.6551231726029946,0.8963379163019165,0.874557490076288,0.9164419655193166,0.770288333758864,0.7993245940412694,0.8567411419143387,0.8363030843630055,0.665292012241528,0.9280917395652362,0.8664814862756909,0.5679417820973465,0.8872955140291612,0.9085080245777923,0.9414399550230419,0.9413962938926795,0.39177416167999646,0.6235050817053063,0.9010728262563199,0.48338372837933297,0.913733309388403,0.8079951197225061,0.568230459218964,0.922085571782991,0.9192233962368055,0.8132249165650078,0.8808199067953628,0.9681385641755447,0.8574165634704995,0.8169712959496185,0.5592742120839422,0.9110906193450521,0.9110906193450523,0.7627508051901155,0.891751906668637,0.8399399046211002,0.9220855717829912,0.7682410594343814,0.891751906668637,0.9280917395652364,0.8237753987296021,0.8895085707332924,0.9192233962368055,0.9345618542101832,0.8344202094125963,0.9312607396704553,0.5769492631020139,0.9280917395652364
p338_S,0.8803565839091849,0.8762879977600886,0.7718067781551372,0.9885933112541219,0.7801538414269056,0.9205349146293753,0.7660634010373346,0.75787491332817,0.425859138008181,0.916106073886044,0.8731720022848473,0.6869800474494778,0.828185641036153,0.8365551646144354,0.9611927941081532,0.7775957767866952,0.983301285209494,0.855509019935889,0.9142379704609405,0.9616288436298466,0.8017951474918708,0.8701112326985443,0.9231164764775377,0.9339037414170339,0.8671016868583243,0.3604497603719571,0.8827041791382022,0.7698246703898528,0.9161060738860443,0.7131278671000785,0.4559420539233807,0.8153059386898043,0.912166584917486,0.5112126327329076,0.7438237972493247,0.9118739328932484,0.9339037414170335,0.8794637048361449,0.9205349146293753,0.8527082022594992,0.7878173646451987,0.9722196924851578,0.8878225115441994,0.8823662314383228,0.9497014469643541,0.6950597120813964,0.9001110559421444,0.3874158939184734,0.8527082022594994,0.7089359856743492,0.9038960691476479,0.6827764798030675,0.38845123250381963,0.9721865287704183,0.9775723450801679,0.8770832813017808,0.8499415642309931,0.8928757609748668,0.6850825746621014,0.8860151533715293,0.4521351167537292,0.7715358679936992,0.911511964199613,0.7878173646451987,0.9078111670939804,0.4862518731536437,0.9440100680280115,0.9603651689451078,0.8463840547572965,0.9118739328932486,0.8339559652714781,0.8527082022594992,0.9292058051524483,0.3980200536977917,0.8928757609748668,0.7605479974944296,0.8701112326985438,0.873172002284847,0.5060534759335706,0.9205349146293753,0.873172002284847,0.9191484075869396,0.8445028511200345,0.9955163805952005,0.8928757609748668,0.8262903628126801,0.8701112326985438,0.6720464044829191,0.9404815124457,0.8894031717904964,0.8928757609748668,0.7718067781551383,0.7088394624313086,0.587014955221685,0.897238052225843,0.8744887478959326,0.7672887431581878,0.7627905064810556,0.40520971686882445,0.4727923448496987,0.8499415642309931,0.9001110559421437,0.8928757609748676,0.80433430816336,0.7272339666683894,0.9118739328932484,0.8042460940964857,0.47146016767479715,0.8624720325070768,0.5194389542694491,0.7382952895012596,0.8583462338175083,0.4448175856283697,0.8090412684190862,0.9001110559421441,0.5056338836687209,0.8762879977600886,0.9118739328932484,0.9205349146293751,0.4007868700904619,0.975072844280978,0.7583094792012612,0.8671016868583241,0.8418271742558863,0.8555090199358881,0.5619957607106714,0.896441649651688,0.81203091922993,0.9247045701871659,0.9395449428377216,0.4492908405024809,0.9001110559421435,0.9038960691476479,0.7440905811743813,0.8827041791382024,0.6737543655590621,0.9745171897285722,0.9038960691476476,0.9038960691476476,0.920376705497234,0.5880008637608498,0.916106073886044,0.47017903478066225,0.7294450148306262,0.7627905064810565,0.41555661073677264,0.8239829993928351,0.38798286006169536,0.9629480780132715,0.5566397404681367,0.916106073886044,0.6934873296877478,0.7648886723288328,0.8162074958639833,0.9038960691476479,0.40317263640254086,0.7786270312675843,0.8656204337966296,0.9053916920748522,0.7583094792012615,0.5930600104082266,0.9388267942128117,0.861222266702258,0.8827134789727613,0.7832070366225143,0.8237753987296021,0.7865641405449544,0.7878173646451987,0.9236056527787468,0.8252219490096806,0.8365551646144356,0.8894031717904967,0.5257989431408949,0.7498433788793667,0.6938019678252484,0.8730225726705558,0.9553459570547012,0.9659178786820752,0.9797535929478915,0.8381194316312968,0.9336413027210725,0.7053633121617933,0.9856501495849312,0.8894031717904969,0.898392684445513,0.6917393337250473,0.27982704938995573,0.8349578227321084,0.8762879977600885,0.8391784404635929,0.9547382576229388,0.9438574353009707,0.6249667165581445,0.5060455102980113,0.8896315752443993,0.8928757609748668,0.9537099832869298,0.9765386381256519,0.9588425031171437,0.7840960456824464,0.5092216640703027,0.9247045701871657,0.8928757609748668,0.7228121423798373,0.5060455102980113,0.9161060738860443,0.8928757609748668,0.8298619564047025,0.4927777828157801,0.48313051967111953,0.6297890524865215,0.799499768849395,0.8894031717904969,0.8928757609748668,0.7648886723288334,0.8928757609748665,0.4941957043340447,0.7259586721210702,0.7350022452159177,0.8928757609748668,0.7422213644081708,0.8928757609748668,0.7499113329821319,0.5761339605777764,0.8237753987296021,0.7382952895012602,0.9001110559421437,0.5318099317208077,0.9203767054972338,0.8936281262041483,0.900754983216564,0.8018671341774823,0.6249187165706148,0.8288247292151196,0.9038960691476476,0.8087510315013653,0.972414976367814,0.7947975198038115,0.9070352866276008,0.752963200224593,0.3508584642291539,0.949802651296418,0.7583094792012612,0.8860151533715297,0.8928757609748668,0.9482465371510244,0.8928757609748668,0.5980760145994026,0.8212788440155339,0.9038960691476476,0.8472070714583104,0.5318099317208076,0.9537099832869297,0.6895832020702133,0.8671016868583243,0.7740740740740746,0.8731720022848473,0.4898735325524779,0.9450259909751846,0.7294450148306262,0.7630658933762653,0.7954036638003239,0.8894031717904964,0.9494976475473857,0.8010005068488373,0.9205349146293753,0.6342647612786488,0.9765598527492442,0.8583462338175083,0.6590697240325425,0.7360813529480197,0.9038960691476476,0.780899353693775,0.9259485534572593,0.579791997453134,0.9118739328932484,0.43853889011686387,0.5491211923439531,0.861222266702258,0.9199503714301593,0.9118739328932484,0.9224313668933799,0.45542860308302346,0.9078111670939806,0.8062917987384588,0.8618948557210497,0.9001110559421437,0.8288247292151198,0.4448175856283699,0.8860151533715293,0.9001110559421439,0.9001110559421435,0.5751527697134814,0.9118739328932484,0.546630629350767,0.6726117303134964,0.7583094792012606,0.9880211739199207,0.9118739328932484,0.8928757609748676,0.8527082022594992,0.8860151533715297,0.9038960691476476,0.4583452043086188,0.8403869537741204,0.9001110559421437,0.8527082022595005,0.8176364269640346,0.6263319107522556,0.9431751458053944,0.802727040108216,0.77536372633018,0.92162974191318,0.8231535505853238,0.7316564454969657,0.9161060738860443,0.7064415490417787,0.9161060738860443,0.9754830932266694,0.7766164199890278,0.8315670489441331,0.9837417292458523,0.8928757609748668,0.5746219454076213,0.7947975198038113,0.8555090199358881,0.9118739328932484,0.9671293915458045,0.8894031717904967,0.8928757609748668,0.8671016868583241,0.9118739328932484,0.9205349146293751,0.8114587961537705,0.6273583643527126,0.861222266702258,0.9038960691476476,0.5853654624971354,0.6392003785436655,0.8671016868583241,0.6953988541064267,0.6977456892478187,0.9450259909751846,0.48676957206431626,0.7614284156474829,0.5483208161779329,0.8020489072915004,0.9205349146293753,0.5429987645542218,0.8288247292151196,0.5174482731846386,0.8827041791382022,0.8894031717904964,0.8589835497410321,0.7583094792012612,0.4605900840539995,0.44136743406330425,0.6177419122847339,0.8928757609748668,0.38657261860039605,0.9713039565302157,0.8561085609507002,0.9229660919577038,0.9928483866263512,0.6582140538659291,0.8928757609748668,0.8928757609748668,0.9353881090748282,0.9870239600753696,0.7028771643605121,0.8928757609748665,0.9161060738860443,0.8928757609748676,0.8365551646144352,0.7832070366225143,0.4904235978107805,0.8928757609748676,0.8391784404635927,0.8701112326985441,0.6462192181692648,0.5955732986187428,0.8928757609748668,0.7493894200045357,0.8237753987296019,0.5203556346063883,0.5924609472316507,0.8648447549315534,0.7969309304231835,0.9001110559421437,0.47467799252869447,0.8928757609748668,0.5725470208517471,0.8555090199358881,0.65568737502309,0.9657216909707738,0.8964416496516887,0.6438863787344353,0.8794637048361449,0.8928757609748668,0.8091507249958954,0.546097003332922,0.8928757609748668,0.9811573582606813,0.58744301898171,0.6669420557006227,0.6104382924611989,0.4583452043086188,0.8928757609748668,0.8418631685698952,0.6169324705375319,0.9078111670939804,0.755143561323715,0.6740127656254258,0.8859439332406435,0.41202079580434614,0.7809134539375333,0.9001110559421441,0.9027377621542536,0.36677336846581887,0.8641397759307592,0.4425562974199142,0.8252666275135665,0.7272339666683894,0.9884184727022945,0.9038960691476479,0.8555090199358881,0.8928757609748668,0.9118739328932484,0.792461548383083,0.6175463511092754,0.9078559629118668,0.8472070714583098,0.8860151533715295,0.6849298448304513,0.8964416496516887,0.8860151533715295,0.8731720022848473,0.8928757609748676,0.8762879977600884,0.8010532705860338,0.7971434160526361,0.9142379704609405,0.45334983594809297,0.9928483866263512,0.9638811172226954,0.9526048267509268,0.6187124231614228,0.8701112326985436,0.9616288436298464,0.6719069711822558,0.8415423052511255,0.911606803277969,0.8583462338175081,0.8701112326985447,0.7947975198038113,0.9388267942128115,0.8777108505523028,0.8924856989260319,0.8889501485650008,0.8901853371445989,0.6679072970944682,0.9044537215424595,0.3519078655054937,0.6623760983136733,0.653650343394975,0.886536590502969,0.8827041791382022,0.6776693651537643,0.7695451177858923,0.8593685421061917,0.9770745484716212,0.9231164764775375,0.6153163878178838,0.9044537215424595,0.6872645988431038,0.8612222667022575,0.8212788440155339,0.5646533002638092,0.9001110559421437,0.8407622607028147,0.7050854830608257,0.8504592950989358,0.9609786330808013,0.9142379704609402,0.6980772769225063,0.48925023190989825,0.9911841280007907,0.8954930335908746,0.8827041791382022,0.8827041791382024,0.9757619342112605,0.9118739328932484,0.8418271742558865,0.6321178590407162,0.8163372768230484,0.8894031717904967,0.8894031717904969,0.49000554704998334,0.9148925129046539,0.8827041791382022,0.729445014830626,0.8928757609748668,0.9078111670939808,0.8928757609748668,0.8928757609748668,0.40897018745562386,0.8641397759307601,0.8288247292151196,0.8928757609748668,0.5327120402571113,0.43840254849552085,0.8449320637799715,0.7745957210744243,0.7493894200045359,0.5905359372137164,0.883476465601434,0.8162105150575756,0.3968544210902639,0.912166584917486,0.8575122901655132,0.907811167093981,0.3761348717408699,0.7200653770572485,0.3937012165726086,0.841827174255886,0.912166584917486,0.9890998097486434,0.7485590382702167,0.9494976475473857,0.801410244990862,0.9001110559421441,0.8323118702853278,0.9620424842526039,0.9993119428479295,0.864139775930759,0.47795165104989334,0.8648447549315539,0.40825289622027106,0.8999534218821266,0.9302955801490149,0.7901630378925124,0.8701112326985447,0.8964416496516887,0.8422100988422527,0.30251091797537843,0.6953855537731846,0.9038960691476474,0.7328798434654644,0.8827041791382024,0.7327496967344125,0.767288743158187,0.8894031717904969,0.5515252203421859,0.8445028511200348,0.9205349146293753,0.5905359372137164,0.4198639093632528,0.8376235103113383,0.6641055733165002,0.8701112326985441,0.9812803641895547,0.8117755968075016,0.8928757609748668,0.9038960691476479,0.5307658875189495,0.8928757609748676,0.742221364408171,0.8234512621212563,0.9547382576229388,0.8972380522258427,0.6438863787344351,0.8641397759307594,0.4516349524704243,0.9161060738860443,0.5646533002638092,0.8765742436542545,0.8729369749610881,0.8860151533715295,0.989724774838491,0.8462494245241602,0.8212788440155339,0.861222266702258,0.693335505065126,0.6514383917475586,0.6005683686757788,0.7785954360199591,0.8288247292151196,0.47924699135776694,0.707316586997291,0.9718699097782453,0.9161060738860443,0.9572437804031901,0.9713658331823796,0.6600852665089247,0.7341165846133876,0.6431086824529444,0.8894031717904964,0.569928686191076,0.6646616360537141,0.9205349146293753,0.9880778869905287,0.7514472996218453,0.8504592950989358,0.8237753987296021,0.858346233817509,0.856205959906621,0.867835721360358,0.8324246679921212,0.8686426071185915,0.9044537215424593,0.9953073669805033,0.9038960691476476,0.9205349146293753,0.8928757609748668,0.9021539112208945,0.7161768939012263,0.5867700714590359,0.8313795545512619,0.8928757609748665,0.5019792927073343,0.6297420163323735,0.7812517707546642,0.8365551646144354,0.7971434160526354,0.7718067781551383,0.5517882272622119,0.9074086889561939,0.8739518939582045,0.8238082444442116,0.38425719985182205,0.7695451177858923,0.9078111670939808,0.7947975198038115,0.8499415642309931,0.9001110559421437,0.8212788440155341,0.9205349146293751,0.9809311839577799,0.8860151533715297,0.9205349146293751,0.8762879977600886,0.8499415642309933,0.8928757609748674,0.7166828496078695,0.7560746509446192,0.6968778496536766,0.8891439739596478,0.9153825136753165,0.5997960046902746,0.5212145783329366,0.8894031717904964,0.9038960691476476,0.882704179138202,0.8894031717904964,0.8894031717904964,0.8288247292151196,0.8928757609748668,0.8827041791382022,0.8042460940964862,0.8928757609748668,0.8612222667022578,0.7695451177858923,0.9577099946223931,0.9001110559421441,0.9078111670939806,0.8964416496516885,0.8894031717904964,0.6325774285701073,0.45262679324782185,0.9589301224289053,0.4916950074966232,0.8928757609748668,0.8042460940964855,0.9001110559421437,0.8612222667022578,0.5436209170934047,0.806637258725748,0.9118739328932484,0.8964416496516885,0.8324246679921217,0.9631981626021593,0.8671016868583243,0.892875760974867,0.8212788440155341,0.8589835497410323,0.9198528155693015,0.5494338661453161,0.9357354408000718,0.9118739328932484,0.8527082022594994,0.9001110559421441,0.8706339453813863,0.37140259542594656,0.8928757609748668,0.9292058051524483,0.7895809459740171,0.9161060738860443,0.6577889645314381,0.8827041791382022,0.873172002284847,0.4541061964076808,0.8860151533715295,0.5498340613628747,0.5026323394312313,0.8928757609748668,0.8928757609748668,0.9592617736141362,0.7413160042797455,0.7947975198038115,0.6535670288459731,0.3241982635784252,0.6104382924611989,0.6623760983136735,0.46495233667510705,0.8583462338175081,0.4907005016274817,0.8928757609748668,0.8744887478959327,0.9038960691476479,0.9205349146293753,0.6438863787344351,0.9118739328932484,0.4792469913577668,0.8928757609748668,0.8928757609748668,0.526117180758626,0.8928757609748676,0.5086159004064812,0.8701112326985443,0.6984295135169232,0.7878173646451987,0.8739518939582047,0.8296846983575321,0.5162148049079576,0.6850223022490078,0.8928757609748665,0.8212788440155339,0.44456519617603796,0.896441649651688,0.9553459570547012,0.9932622999050305,0.7850275807140799,0.8114587961537707,0.8262903628126801,0.7663995244602032,0.7028771643605121,0.8928757609748668,0.4463947471248445,0.850459295098936,0.5004379622451308,0.7680587883414347,0.7161768939012263,0.899948763215809,0.8305937391229155,0.6917393337250473,0.7586969892787789,0.5788627104658518,0.4673726136241728,0.8827041791382022,0.9161060738860443,0.8340288509995772,0.8835104920677508,0.4907005016274817,0.9757619342112605,0.8894031717904964,0.413351310018895,0.877083281301781,0.868585283544409,0.9157681900329814,0.7440905811743816,0.8212788440155339,0.7920012246309877,0.9684455580859812,0.7947975198038115,0.9707883942532317,0.5016988591959636,0.9292058051524483,0.916106073886044,0.9007549832165642,0.7008762600491767,0.6462192181692648,0.8794637048361453,0.7575828442428152,0.9600664162734938,0.6573103919871547,0.896441649651688,0.6207081588526284,0.8262903628126801,0.538149333700745,0.540186920465076,0.8928757609748668,0.7718067781551383,0.9292058051524483,0.5685331602469347,0.916106073886044,0.9708435781810171,0.44366404268156434,0.6962021326473178,0.8928757609748668,0.4831223027579239,0.5905359372137164,0.91914840758694,0.44823991539436825,0.5431441339789497,0.4907005016274817,0.9038960691476479,0.4296318387102157,0.9755290546390573,0.7949109193717804,0.5828968418205388,0.8641397759307594,0.6692175331751327,0.9205349146293753,0.8641397759307592,0.8928757609748676,0.7855081959450811,0.8527082022594992,0.36828200071191375,0.794797519803812,0.6322093570611604,0.8928757609748672,0.8894031717904964,0.38798286006169547,0.7073165869972913,0.7809134539375333,0.535940427474287,0.5672975267861858,0.8928757609748668,0.49350691522752277,0.71174930986867,0.8365551646144354,0.8928757609748668,0.38034969336050817,0.8794637048361449,0.9118739328932484,0.8641397759307599,0.8894031717904964,0.7429879260157539,0.8644762587454875,0.7832070366225143,0.8499415642309933,0.9852297034045827,0.9231164764775375,0.6213785519999644,0.8928757609748668,0.9120895260426451,0.8928757609748668,0.9553459570547012,0.7300443545616742,0.39989380150428133,0.9205349146293753,0.8445028511200348,0.7400702768813328,0.286613603788077,0.8618948557210497,0.8928757609748668,0.9796028029369608,0.4014146692841981,0.6850223022490078,0.8418271742558863,0.8212788440155341,0.9038960691476476,0.8418271742558856,0.8391784404635927,0.8237753987296021,0.0,0.5672975267861848,0.8237753987296021,0.8365551646144354,0.9038960691476476,0.7583094792012606,0.8237753987296021,0.9205349146293753,0.9955163805952001,0.9911720750522752,0.7583094792012612,0.8894031717904969,0.9931763272713581,0.861222266702258,0.5092216640703027,0.8212788440155341,0.8999534218821263,0.4086591826176933,0.8992520772945134,0.9953073669805033,0.900754983216564,0.6842491205089737,0.8365551646144356,0.8137096855575958,0.6505645275391543,0.9975037480647431,0.8066372587257482,0.8802681711979423,0.9911720750522751,0.9001110559421441,0.5913424735560502,0.9786124531375722,0.8853447035427515,0.8472070714583109,0.4928580879449863,0.9038960691476479,0.9078111670939808,0.8252666275135667,0.3644691322928425,0.8605366543932857,0.8111756528934806,0.841827174255886,0.8086325898355398,0.8971490513732796,0.44216475443350456,0.892875760974867,0.49180123823187527,0.7799545291673542,0.9090438896657034,0.23979682228135446,0.8009068070766594,0.9078111670939804,0.8288247292151196,0.8305076156403726,0.38845123250381963,0.9497014469643541,0.8445028511200343,0.9343530326383653,0.8200680669365386,0.6944812577322488,0.873172002284847,0.7881056395078394,0.9953073669805033,0.9446579605277274,0.7371329896618974,0.9001110559421437,0.896441649651688,0.3279876513973855,0.323703431044979,0.9001110559421441,0.9858721733277644,0.49740633030333714,0.7448072985704184,0.9203767054972343,0.8860151533715295,0.5240817851532349,0.9191484075869398,0.8162105150575747,0.9388267942128119,0.4476542526610159,0.861222266702258,0.9078111670939808,0.3617486338797812,0.972219692485158,0.8964416496516883,0.916106073886044,0.6052427004794003,0.9118739328932484,0.7294306877243646,0.9078111670939808
p338_W,0.6833149171270707,0.7389918529358496,0.4726324993014258,0.8393677299937305,0.8231275036273116,0.8163516728240242,0.8831669033422447,0.9448293557802722,0.6114808638185711,0.8393229587602622,0.7068932914268726,0.8431704890143148,0.7881804803953933,0.6814782530165208,0.9892471925989497,0.9577040616092982,0.8854680645441779,0.6660731356792752,0.9317709090158675,0.8415724373376191,0.6188816890533115,0.7475543349080889,0.8467912975361043,0.8600166410692989,0.7162672716759502,0.723265029568458,0.7550135888529284,0.7183458308034443,0.8415724373376191,0.9244217104964981,0.7780895363491798,0.8471812314738494,0.7723759950246721,0.8434986758897758,0.8231275036273116,0.8640532804828904,0.7898486601443383,0.7469048842583317,0.847805253721567,0.702531247094915,0.5096338743366647,0.7508719736141238,0.9656152610259836,0.8107049641318911,0.9376498548206776,0.4395099848645593,0.8294595995241216,0.6309081184961403,0.659600286898018,0.5629551099183081,0.9096679669675563,0.3588859340597649,0.723265029568458,0.7630617685152521,0.8964995650129082,0.6954858663986462,0.8646036150933578,0.7948313236856197,0.8514612820407736,0.790100526201778,0.6205279198702787,0.7226739693037434,0.941358541979983,0.8031146756126221,0.7869463693578994,0.6288681169117396,0.9028718265513224,0.592020922480657,0.6550365970639199,0.9317709090158675,0.6747420893646443,0.6596002868980184,0.9363122233940779,0.35018938795458077,0.7948313236856197,0.5825524906933344,0.7475543349080888,0.7556217296678093,0.523785729424934,0.8163516728240244,0.9520076408865699,0.8371849154344713,0.9897626289617197,0.8841666480907984,0.7948313236856197,0.6550201255678061,0.9384929584908884,0.7381967098901092,0.8709718917226899,0.7881804803953933,0.7948313236856197,0.534852653545314,0.5184813118167222,0.6272215636098151,0.8254062902926009,0.6144830831670495,0.5697621363568919,0.4669850473635416,0.37206741176424063,0.42943747737601345,0.6954858663986458,0.8294595995241211,0.8090221571306981,0.7792519759200112,0.9600757894851306,0.7963356519499131,0.5993087389086802,0.37662674642753835,0.7688705983325896,0.3719921528784125,0.5100989895890228,0.9608790622722905,0.6260051342969706,0.5762280515140804,0.7993052872604915,0.513446823636706,0.9132730854279639,0.8312173911187126,0.8163516728240241,0.46705758857682644,0.9370652632118128,0.6066750021113607,0.6928644475854295,0.9604037313893874,0.8187385943673413,0.706280417076238,0.7606707685788077,0.6569296094310402,0.9643644808194602,0.7866645761703159,0.500233813922909,0.7993052872604911,0.8403850910576147,0.847805253721567,0.7550135888529286,0.5321961307794889,0.5697767720880467,0.7778983555639079,0.8091417233107607,0.8084546019152599,0.4892853887852078,0.8061163702373831,0.6038309920157405,0.530014819789168,0.7252093382361509,0.6388982589199528,0.7394800082038344,0.4525104022309827,0.7179007902469758,0.35255717174786383,0.9479406386383251,0.6888845231480671,0.7258859005752978,0.8621392152680036,0.9028718265513225,0.7179007902469756,0.7421132642621076,0.7453372585840627,0.7444056523807863,0.7719105296655935,0.9576903694649742,0.9500768485786423,0.7695099974882298,0.43373907999354877,0.5954245663917568,0.6113543728821649,0.792860061045028,0.6074608080953169,0.88707869521412,0.5572682803563269,0.7801591761272773,0.7444044463437753,0.8605800432777353,0.9921971125522837,0.9147745183637905,0.7243727192987062,0.8640532804828902,0.7165805779088039,0.822174554374175,0.809118612655249,0.8401941175690084,0.809703447183395,0.8857433336801966,0.8431704890143148,0.6064703958020308,0.5268821047716569,0.5343513774610371,0.6852610550112914,0.7630617685152522,0.9281909378927796,0.8887435762918519,0.7795852220879211,0.34544241520219554,0.44287495003750754,0.9794000870786721,0.7948313236856197,0.8016608579382383,0.8971524920372351,0.6473331538252309,0.47888524617932127,0.7340605340890007,0.7881804803953933,0.7948313236856197,0.41518779264588146,0.4550423023427057,0.8393229587602624,0.7948313236856197,0.6188722637740398,0.6945513159464387,0.6471226946361575,0.6370771029840733,0.5705275173906326,0.7444044463437748,0.7948313236856197,0.6722671785917209,0.7948313236856197,0.6098110152581131,0.3298772597089409,0.4024104142065239,0.7948313236856197,0.7585694486288108,0.7948313236856197,0.7268446760965244,0.883619887129421,0.6485932504551866,0.4095497256044144,0.8294595995241212,0.3307232918515983,0.7816916104563951,0.7778890142269334,0.7750991061349135,0.7300843489907229,0.5264723747677795,0.6995933789681388,0.8091417233107607,0.7240551445538936,0.651382614085767,0.8092883632520886,0.7079442254567316,0.970891096618073,0.6761286639016619,0.7753502986585727,0.5616107673238426,0.8352175933741239,0.7948313236856197,0.7570882957036509,0.7948313236856197,0.7973653581036728,0.8448823829341697,0.8784245992207029,0.9801763252959036,0.35500194716390276,0.8016608579382383,0.6529579773046921,0.6928644475854286,0.6030959718378617,0.8287143870292146,0.4802200223328552,0.8086886533123152,0.47354836075113405,0.8405803444983588,0.435698955359082,0.7881804803953933,0.9208405709354626,0.519028606687661,0.847805253721567,0.7077394233630048,0.7585206574138423,0.8395639625721505,0.871223184807357,0.533068839802475,0.8471812314738494,0.6503047358718961,0.6451669755161962,0.47962259784548944,0.7963356519499131,0.3341860424090739,0.9082266651094628,0.724393385524069,0.9175528959036728,0.7963356519499131,0.9429387446553112,0.3481093154086563,0.8518826048482633,0.5528600824604127,0.6814782530165209,0.7691509749968606,0.8138203652536595,0.25746598411029975,0.7365745432840506,0.7691509749968611,0.989614526894097,0.2624438025067284,0.7963356519499132,0.5771792209497235,0.6005542494872409,0.44143947455712884,0.8249667131419451,0.9656297232823561,0.7524297972473154,0.7669276873902606,0.7365745432840505,0.8091417233107615,0.2990805985264018,0.7348851041253295,0.8294595995241212,0.6810657669964673,0.6997263920169332,0.38441716939288506,0.6693571714002298,0.6672896561007926,0.8301151857146822,0.6575663086218901,0.5906709648183108,0.5216052533652338,0.8770285044378544,0.729153914607116,0.9124845715380898,0.794782534206073,0.6945513159464378,0.5937725812137473,0.8388429655759453,0.7948313236856197,0.8159378637269961,0.9260331089178511,0.70969183816158,0.7963356519499131,0.9817550758289915,0.9093744722005388,0.7948313236856197,0.856684216219076,0.8312173911187126,0.9282993639754935,0.6173926441178512,0.4762813639992389,0.6792767735599083,0.8471812314738494,0.47922387013423684,0.2669878702254057,0.7630729198569922,0.7691440111812082,0.31520196369027,0.808688653312315,0.6911960275090809,0.2923305987331697,0.7630617685152521,0.6566056183714326,0.853667569874514,0.3325582577674455,0.6615177168729645,0.27325402769090124,0.7289226937146789,0.7881804803953933,0.9281523355105677,0.6216964137072001,0.3066045374685227,0.3115018235927929,0.1538614481557702,0.7948313236856197,0.4494883709766633,0.7990745307667424,0.6873507462867936,0.8620876697167706,0.910235092960733,0.5052376752783738,0.7948313236856197,0.7948313236856197,0.7179007902469756,0.6114808638185711,0.4078495144047123,0.7948313236856197,0.8770285044378545,0.7524297972473155,0.8393677299937303,0.4989791443360653,0.4428749500375073,0.7807259771890067,0.6483228186288106,0.8907583025951883,0.20773459335392686,0.33587212541781386,0.7948313236856197,0.4649561613834594,0.6299738116686757,0.3042216193342573,0.27867620604562005,0.6883039785236631,0.7845612241908958,0.7691509749968608,0.2738997779445058,0.7948313236856197,0.1830211157333006,0.7751198918850366,0.8495148015044767,0.6765709056871954,0.8308387495037688,0.24023824822756001,0.7469048842583318,0.7948313236856197,0.6282892495705195,0.37033104259264327,0.7948313236856197,0.9881626777350588,0.6955064456721904,0.4885597422394312,0.1615956320443318,0.23787219785951663,0.7948313236856197,0.8614277792352459,0.6722671785917211,0.9857768064258265,0.8191529562938467,0.6072387067414384,0.642319912613869,0.6296638553815017,0.5734996540744923,0.7691509749968612,0.7025098853337723,0.5413918377205977,0.800856441996657,0.41857968973884785,0.6269899473849267,0.38368061831779554,0.7627624303785958,0.7778983555639072,0.7315011894027321,0.7948313236856197,0.9666526481846669,0.6858610339374015,0.6643631705935289,0.8545507644046964,0.9385151422669767,0.8084546019152599,0.8487395380234695,0.9649160095375197,0.8084546019152599,0.8287143870292146,0.7524297972473155,0.8634784475730741,0.48338886329189756,0.5648077806616116,0.8312173911187126,0.3794928758774141,0.8747790258604979,0.8377537252975871,0.8008564419966571,0.7222083674623812,0.8430236466994885,0.841572437337619,0.6353015880614671,0.7369652695899551,0.9829411510645532,0.9282559515301767,0.7714216628559389,0.5924766927299572,0.9500768485786423,0.8518960273488331,0.9661595652103757,0.9342149155630057,0.8597432214165517,0.7892731003929947,0.8789149835251648,0.6970610052201984,0.6953649722380617,0.5426264711082522,0.6383174037729409,0.9637407499589277,0.6819362148008654,0.5447049466918594,0.7856447621853979,0.8469988008164033,0.8316647136877666,0.16061667639988442,0.8301865452842281,0.5548104017929119,0.7793238828701625,0.6975011665759634,0.6884225551130512,0.7993052872604908,0.9354333201336273,0.5576080563114834,0.8432633475214103,0.8871000341516464,0.965629723282356,0.8967694854121274,0.6718403798451125,0.8843507225934455,0.9651237098258709,0.8071953791294282,0.7550135888529291,0.8784245992207029,0.8312173911187126,0.6952250113124416,0.2501118118590915,0.5755450117656316,0.744404446343775,0.7444044463437745,0.37379579343856095,0.8491484621986283,0.8275320889350724,0.4453151312321162,0.7948313236856197,0.7869463693578995,0.7948313236856197,0.7948313236856197,0.28031104848462274,0.7397950026088731,0.6995933789681381,0.7948313236856197,0.24252798297187084,0.3573825679558378,0.915623140483746,0.7330968821619543,0.49437712833787006,0.3605345157451797,0.833774753892573,0.6069879084191003,0.36622399056003596,0.9983840080782682,0.9945240816444247,0.823436217699917,0.66730427539922,0.4189259595647271,0.41815403424001785,0.6547107457479506,0.9729128973119283,0.8887435762918521,0.7764468567391163,0.8194144871030814,0.6054280979286917,0.7993052872604915,0.6792403976820455,0.7989664340827627,0.9947749432486963,0.7549215864572096,0.5323271377022905,0.7082945584710896,0.6205279198702782,0.7627624303785958,0.7926145653761643,0.808688653312315,0.7750991061349137,0.8190265517098686,0.8912050801867886,0.43583607286523396,0.27115176363994076,0.8784245992207029,0.6250391199135192,0.7753502986585734,0.8250058059108945,0.4621910637270147,0.8268894592721568,0.3406369427939675,0.6817108277189203,0.8909834669250039,0.15189064006955277,0.4838168672854528,0.6236657292284942,0.2747441452802506,0.7475543349080889,0.7112627624754553,0.8939128338095623,0.7948313236856197,0.7778983555639072,0.8300624635225089,0.8231275036273118,0.4051502744324418,0.7512317781870625,0.8084546019152596,0.7638579747170002,0.303475308134188,0.8008564419966573,0.2231847756736567,0.8415724373376192,0.24976981016115063,0.9763718600070381,0.4744869062109691,0.8084546019152599,0.9506737703890517,0.6561310384011532,0.7343464706655154,0.6792767735599083,0.5988228526641062,0.6475020390509056,0.3110091961121645,0.461618629435643,0.718631210015725,0.4444309057145799,0.37796418410964416,0.6970610052201982,0.8415724373376192,0.763072919856992,0.8600166410692993,0.47097000806953504,0.7737661165130452,0.5829504796423364,0.8156754847048542,0.23785643121979438,0.27654997425949834,0.9282993639754937,0.6134768196858955,0.8991515901032063,0.7491417365446085,0.7044515668147191,0.7391490898772266,0.8342058234181797,0.6952250113124416,0.7922734224231105,0.9453240262704516,0.7312575105473405,0.8156754847048537,0.8091417233107607,0.8536675698745142,0.7948313236856197,0.8434986758897767,0.3854314629809007,0.4540201975431908,0.6295691142493445,0.7948313236856197,0.6771693951936493,0.2569798252163462,0.6376170706897253,0.9577848377266376,0.5311869090077402,0.5348526535453141,0.5935728960754003,0.9045673656917806,0.6677174525789524,0.9009758571851962,0.40992206369446293,0.60654436509358,0.7869463693578995,0.5757988719205627,0.8646036150933578,0.989614526894097,0.6422332104416362,0.8536675698745142,0.8531789425883889,0.8168635176606429,0.8909834669250036,0.7140945340084045,0.695485866398646,0.7807259771890065,0.7984904316627248,0.46615584896270124,0.8312173911187126,0.7948313236856199,0.7989664340827631,0.2588347581588898,0.39701403959341786,0.7881804803953933,0.9966019297918831,0.8014411937968222,0.7881804803953933,0.7881804803953933,0.710233858556668,0.7948313236856197,0.7753502986585727,0.7802056123370419,0.7948313236856197,0.7243933855240692,0.7456830564974543,0.9327938339181783,0.7691509749968612,0.8559043354450988,0.8016608579382385,0.7881804803953933,0.22565771162278014,0.4401400730231422,0.7397950026088724,0.3577463991865799,0.7948313236856197,0.5820730264432834,0.799305287260491,0.6792767735599082,0.3246087687451733,0.6052899587711478,0.8301944662164017,0.8773823348409291,0.7688705983325894,0.8817276870237213,0.9268926884906385,0.8090221571306979,0.8235098802598677,0.752714472794159,0.9180534719171407,0.6311670478175968,0.8043501679087465,0.9327938339181783,0.6810657669964666,0.7993052872604913,0.6165444513740765,0.4008552873271003,0.7948313236856197,0.8656145170140811,0.4998939315081501,0.8393229587602624,0.33712072702731366,0.7550135888529286,0.7556217296678093,0.40353399284775593,0.8084546019152599,0.2777278821844654,0.22721826405120948,0.7948313236856197,0.7948313236856197,0.7805923212070776,0.8346666113498618,0.6258323343487466,0.4219003615321286,0.4141841163919566,0.3596592207986019,0.2968616550701295,0.24017471404948854,0.7169760926377187,0.3309276054083763,0.7948313236856197,0.9101337190906842,0.7778983555639072,0.847805253721567,0.21494342426490898,0.7963356519499131,0.40648866977060294,0.7948313236856197,0.7948313236856197,0.3175218117662917,0.7807259771890067,0.28944620382926245,0.6998196790123892,0.3701338150963238,0.5096338743366646,0.894840125617316,0.8520281424919482,0.39492456257328445,0.3643292951493611,0.7948313236856197,0.5869652543073087,0.26323838349299766,0.877382334840929,0.8650762053852012,0.722644735290128,0.975295349521891,0.9576307290466073,0.6173714811770852,0.8016608579382383,0.4348544483716501,0.7948313236856197,0.31251205887825817,0.7867903809353292,0.6262282107952426,0.5216052533652338,0.5508826104012519,0.7630617685152525,0.6159938460216674,0.4072370954435386,0.8559043354450986,0.9432883839266106,0.45732713701790706,0.8797138792115728,0.8061163702373837,0.8645895006740021,0.766883732050764,0.3309276054083763,0.8471812314738494,0.7881804803953933,0.6567785373956585,0.7760211689303798,0.7711917747550667,0.7599581307713728,0.847805253721567,0.9001503390684968,0.9224370478225468,0.8851211507720569,0.5591210511111679,0.7348329333387147,0.6442534714976182,0.8231275036273116,0.841572437337619,0.7475543349080889,0.8228337620306125,0.44848435864176817,0.7978471057910126,0.7881804803953936,0.7760211689303798,0.6031588466188804,0.9767282073314201,0.5633493430194654,0.874371819548184,0.5487840520893295,0.47756547702749585,0.7948313236856197,0.5504076921062862,0.9363122233940779,0.45504230234270615,0.8393229587602622,0.8617369598116571,0.734207270906003,0.5118958842791266,0.7948313236856197,0.2231847756736567,0.17643697838433237,0.7342072709060024,0.22805103115498548,0.31251205887825817,0.2568308131450088,0.8091417233107607,0.33164241082224044,0.8564442595545589,0.9741929736146728,0.32985122653537324,0.7089867309177628,0.5591505728751989,0.853667569874514,0.7778890142269336,0.7807259771890069,0.9251750985633195,0.8742550878825031,0.36180816458373544,0.7404104748942564,0.16314494967589477,0.9646084033357694,0.7881804803953933,0.4525104022309825,0.35077809378684655,0.8129629829809883,0.3042216193342575,0.2925966850828712,0.7948313236856197,0.21866394821056923,0.3612123027031541,0.7012144376386724,0.7948313236856197,0.35336904484494136,0.9506737703890518,0.7963356519499131,0.9235344247666604,0.7881804803953936,0.5120647154121739,0.7450743808096121,0.77224117349386,0.864603615093358,0.8661011584918362,0.8008564419966572,0.18713654932427937,0.7948313236856197,0.894840125617316,0.7948313236856197,0.8312173911187126,0.5178467573617231,0.5477648981785159,0.847805253721567,0.8664798637916407,0.5869265093362922,0.6837837324039755,0.701214437638672,0.7948313236856197,0.6265297010417915,0.40174549661868086,0.6015709676312009,0.7559964096591778,0.8817276870237214,0.9653585620450296,0.9585677374816314,0.6919880431061194,0.6624875144439113,0.5672975267861848,0.0,0.6624875144439113,0.7209506222608232,0.7778983555639081,0.4564608861529681,0.6624875144439113,0.847805253721567,0.862357296849646,0.8016608579382385,0.4865037093446467,0.7718994506532353,0.7119786230535459,0.7469516915061494,0.7496155726499727,0.6053879063520838,0.9235344247666604,0.6894249327053739,0.7179007902469758,0.7881804803953931,0.8467010899784628,0.5728045528083814,0.6222696991500671,0.5534656842423891,0.593481646748621,0.7150605489334534,0.5531277188270102,0.7454622072918122,0.8308387495037686,0.7993052872604915,0.8011069859944269,0.8927224802445384,0.9365013086462428,0.6677174525789524,0.7787334364579581,0.7778983555639072,0.7869463693578995,0.8177532757230093,0.7227223565450012,0.7505182090349952,0.8367231751574633,0.8572820735704045,0.7897211895322469,0.8332813921285548,0.7919409428432516,0.7524297972473151,0.697792339221952,0.579397937935082,0.6658023682512899,0.63090811849614,0.9970614778024418,0.8518826048482634,0.8138203652536595,0.814784523657184,0.723265029568458,0.8332862742676781,0.7638579747170002,0.9335505872908251,0.7218045979568748,0.9362482105975047,0.7068932914268726,0.8379423050680406,0.8268894592721566,0.9446832677160746,0.9444983430401861,0.7993052872604907,0.8190265517098685,0.5564962458513918,0.7073648019871446,0.9802311608422727,0.9938868544577875,0.4889946542696251,0.9648087428378006,0.843626509119507,0.8168635176606422,0.4491351371454888,0.8146266094523908,0.5424432303017737,0.7993052872604913,0.5254555939012153,0.6792767735599078,0.8194144871030814,0.582950479642335,0.9165330677932774,0.8190265517098684,0.8747790258604975,0.8225113572467451,0.8989350196516899,0.9016711688654193,0.8194144871030814
p339_GAP,0.7789293219607627,0.9035033355391051,0.8220068840377226,0.8725113072902908,0.9164419655193168,0.9380163966266188,0.6876558016786272,0.7579170939157696,0.8417697283979715,0.9345618542101832,0.9010728262563199,0.913733309388403,0.913733309388403,0.8725113072902908,0.8529358756208603,0.7985180195740539,0.9085080245777921,0.8872955140291616,0.9312607396704551,0.9345618542101832,0.8149740971886754,0.8986853937484474,0.8940275945888625,0.9637851559795012,0.8963379163019165,0.8872955140291612,0.9085080245777921,0.8625429553264603,0.9345618542101832,0.6466638918783412,0.9075611147669869,0.9250379219402804,0.9059804204993025,0.8664814862756918,0.959657136477295,0.9829714105092717,0.9192233962368055,0.905980420499302,0.9380163966266193,0.9178938723744823,0.83449531009486,0.8895085707332924,0.9380163966266191,0.8843101430924514,0.9483551875577272,0.7490499756120759,0.9681385641755447,0.8363030843630055,0.8851108467483708,0.8220068840377226,0.9250379219402804,0.7726363025717513,0.9206037147937574,0.48810817043125043,0.905980420499302,0.8829528399528481,0.8829528399528481,0.392115299153029,0.6071095716993067,0.9110906193450523,0.8454542782771104,0.9733315178225722,0.8872955140291618,0.83449531009486,0.9280917395652362,0.7303137731952765,0.9727541677821405,0.8692986967753582,0.639864381918442,0.9829714105092717,0.9002546180665418,0.8851108467483708,0.9164419655193168,0.7148952917141536,0.392115299153029,0.9791620336018424,0.9351366270846035,0.9010728262563203,0.7856926766548296,0.9380163966266188,0.9010728262563201,0.9606559814622548,0.5880897807203314,0.8872955140291614,0.392115299153029,0.8932539868674869,0.9351366270846035,0.8846372337439967,0.9217876183991058,0.37240982580062965,0.392115299153029,0.8457632233052683,0.8767530976833093,0.7816587896936464,0.556725096436556,0.7372512932808071,0.8654219905756664,0.8149740971886752,0.8937754993063078,0.8726489988275377,0.9152383482658542,0.9681385641755447,0.9164419655193168,0.9046157595518329,0.568641306224706,0.9312607396704553,0.873633030464118,0.871645401526643,0.9320797389103184,0.8917899617757823,0.8397427871009944,0.8895085707332924,0.8701989245649346,0.8510501785307238,0.9681385641755447,0.8290533621536325,0.9795518972928103,0.9312607396704553,0.9380163966266191,0.8692813631878971,0.9778448510169848,0.8114788487242621,0.8963379163019165,0.9686885474691006,0.9539119155583538,0.7092621163632717,0.9192233962368055,0.563979452141123,0.9557248896714008,0.7455019971844741,0.8772915445392941,0.9681385641755447,0.9250379219402804,0.9380163966266186,0.9085080245777923,0.8249883989729045,0.9097354750251417,0.9250379219402804,0.9250379219402802,0.43493149183744406,0.9408192969574403,0.9345618542101832,0.8259082699530016,0.853642808020449,0.8845690674506623,0.9070227924758554,0.8715871553037837,0.8388237514735577,0.950974025121072,0.9741753557285805,0.9887119198512566,0.949851490298083,0.7834603998983651,0.804521108620692,0.9250379219402804,0.8851108467483706,0.8578372379792807,0.8865088771202729,0.9483736101793037,0.798518019574054,0.6795217115677474,0.9681385641755447,0.891751906668637,0.8205519781023325,0.8799977696515333,0.8625429553264603,0.917023132218455,0.8593962429851334,0.9100752707392668,0.9044518282458383,0.8725113072902908,0.9137333093884032,0.8829528399528477,0.6089464994162512,0.8407654886035592,0.932171712785949,0.9312607396704551,0.6115825776952687,0.8978898271654778,0.7946171004168203,0.8721537713050256,0.9100550701129242,0.9475238565788602,0.918300369479605,0.5512474062112496,0.9765073891121583,0.8692813631878971,0.9392178238502196,0.3360110469238422,0.8506680709069908,0.9110906193450525,0.918790640016018,0.802772649083082,0.7842519392715934,0.8674533886652144,0.392115299153029,0.9637851559795012,0.9110906193450523,0.6118261102348688,0.8073399772739787,0.8695195625728145,0.9183003694796054,0.392115299153029,0.8050897567384336,0.8585820023484629,0.9887119198512568,0.392115299153029,0.6924731812116804,0.9450032706006539,0.9285654998056465,0.7844567273912892,0.8436077083923406,0.913733309388403,0.392115299153029,0.60376153540821,0.392115299153029,0.8787682558351375,0.7544522969545062,0.8073399772739783,0.392115299153029,0.6677789352692072,0.392115299153029,0.9182135336489843,0.8736330304641184,0.8625429553264601,0.8178051785527845,0.9681385641755447,0.846081155217711,0.4349314918374435,0.929104460779949,0.8986853937484476,0.8976528842875964,0.6534633690785288,0.8664814862756909,0.9250379219402804,0.4682785689774849,0.8255926828382909,0.8654110063376463,0.8799977696515331,0.8887315011070405,0.916867385853847,0.9085080245777921,0.8344202094125963,0.9662885265016659,0.392115299153029,0.9418243114872844,0.392115299153029,0.7871346886395656,0.8299096514248938,0.9727541677821405,0.9919265098151697,0.846081155217711,0.9192233962368055,0.9978967545796937,0.8963379163019165,0.8476812770166928,0.9382829336530905,0.9377830288440718,0.9220855717829912,0.8105237777176177,0.7889642625662017,0.9617432150231073,0.37240982580062965,0.9727347845851518,0.7763116512366663,0.9380163966266193,0.8421948095589065,0.977916645584153,0.5348106214113686,0.9160634361285378,0.8378198019391048,0.8363808488504197,0.9710283661798575,0.8902875130205796,0.9573194469708504,0.9312607396704553,0.930282731955488,0.858661907755419,0.891751906668637,0.9392178238502196,0.9312607396704553,0.9175493257473806,0.8264039056668997,0.9727347845851518,0.8574165634704998,0.8725113072902908,0.922085571782991,0.8427643818641354,0.8889605647260728,0.9110906193450523,0.9220855717829912,0.9858084434319018,0.892468847298958,0.9312607396704551,0.7805417669717742,0.7907025084637319,0.8114788487242621,0.9391723105844711,0.9312607396704551,0.9164419655193168,0.8851108467483708,0.9110906193450523,0.9727541677821405,0.8616154694210616,0.8574165634704998,0.922085571782991,0.9178938723744825,0.7393470790378004,0.9635593786987412,0.8510501785307241,0.878189460043324,0.7754028601933831,0.7141508283610296,0.8422728385374881,0.8339903731560383,0.934561854210183,0.9701379144280489,0.9345618542101832,0.8664814862756909,0.88873150110704,0.8510501785307236,0.922085571782991,0.392115299153029,0.92503792194028,0.9053490782134382,0.9206037147937578,0.9312607396704553,0.9776784774900422,0.9137333093884032,0.392115299153029,0.9320797389103184,0.8618965769742782,0.995006876394922,0.8799793340483575,0.7284248693131303,0.891751906668637,0.8840970946922794,0.8421948095589065,0.7570652661468138,0.8963379163019165,0.9448810215177164,0.7777865574945615,0.9681385641755447,0.8955568994617094,0.7092145629397737,0.9035033355391058,0.9070227924758547,0.9380163966266188,0.8741160168514928,0.8664814862756909,0.8758231153994434,0.9085080245777923,0.37240982580062965,0.8704839044326604,0.9591075443923951,0.8889605647260728,0.909901825141451,0.7208140366012072,0.392115299153029,0.9219775429521295,0.9917486808400419,0.8978898271654778,0.9795019860868404,0.9345618542101832,0.8647201136093716,0.392115299153029,0.392115299153029,0.950974025121072,0.8674433656039868,0.8094841827285857,0.392115299153029,0.9887119198512566,0.916441965519317,0.8260689978031812,0.8308992056894287,0.8771645181176804,0.9164419655193168,0.8745574900762871,0.9351366270846035,0.743399034987535,0.9774187193994319,0.392115299153029,0.8494541037919072,0.8909793814432985,0.8550535369583181,0.9736158226603804,0.8745574900762871,0.8081910707976664,0.9220855717829912,0.8694744805372419,0.392115299153029,0.7411506210690888,0.9539119155583538,0.8713488676698913,0.7782444305894078,0.8579678050497165,0.7608589935161947,0.9059804204993018,0.392115299153029,0.8783146676704365,0.7033609693574177,0.392115299153029,0.9727900438033125,0.8114430247359983,0.7796562783546093,0.7150434801379619,0.8803115019196854,0.392115299153029,0.9550740759524949,0.8447382063677082,0.9727347845851518,0.7796639895897065,0.8690308077683597,0.9526024456618092,0.9553943160980236,0.8534914491504231,0.9220855717829912,0.981028709859354,0.9516336164537744,0.8940275945888625,0.9197591066598911,0.9228780875209064,0.8087102574521292,0.5447425463537505,0.9250379219402802,0.9206037147937578,0.392115299153029,0.9829714105092717,0.8633928226985463,0.8431888212288878,0.9010728262563201,0.8328595305783377,0.4349314918374444,0.7717499117194848,0.9637851559795012,0.3940578737863504,0.9010728262563199,0.9164419655193168,0.9415276164159578,0.8010551050442436,0.8674433656039868,0.9312607396704551,0.9066173148358452,0.8488378832255231,0.9443995409534846,0.9291044607799492,0.8221027455844967,0.9351366270846035,0.934561854210183,0.8759815077541722,0.9952749140893472,0.7503790091464533,0.5686741983440355,0.898685393748448,0.8908821080541924,0.922085571782991,0.8664814862756909,0.8915944281121329,0.8637098510569032,0.891751906668637,0.9340990416559534,0.9128766367598273,0.8766235303260086,0.7136363156122656,0.9781012105682778,0.8694906326534082,0.9483551875577272,0.9847682690808618,0.8438537352691284,0.8725113072902908,0.9606559814622548,0.5447425463537512,0.7188967308975089,0.9500867441565978,0.9982924416574901,0.9359879063473188,0.8887315011070402,0.892955162382916,0.9220855717829912,0.9839152575187717,0.9875617203509329,0.8932539868674869,0.9839009074365002,0.9312607396704551,0.7256064607423468,0.8695195625728145,0.9776784774900422,0.8246563573883152,0.9483551875577274,0.9085080245777926,0.9795295863759995,0.9312607396704553,0.907561114766986,0.7513468841607733,0.8567411419143387,0.913733309388403,0.913733309388403,0.6416292499281782,0.8473098920648878,0.4140902047633066,0.8320832928690333,0.392115299153029,0.9280917395652364,0.392115299153029,0.392115299153029,0.9106077393841203,0.544742546353751,0.895556899461708,0.392115299153029,0.7307378758911902,0.8503548479572687,0.632958458197248,0.7982969007350016,0.8269876062062993,0.9055432063410844,0.8674433656039868,0.49781145074870226,0.9526088268794943,0.9059804204993023,0.9285654998056466,0.6752143570363177,0.8932539868674876,0.660684002295814,0.8080208903060158,0.8766235303260079,0.9837816225361296,0.9110906193450523,0.9611487363073126,0.9280917395652364,0.9022539733648121,0.9220855717829912,0.8864731575813807,0.9555096729069269,0.957235724598626,0.8940275945888625,0.8308879161563283,0.9050879833003673,0.8976528842875968,0.9305880744557048,0.5726302687891931,0.9220855717829912,0.5180948728730483,0.9192233962368055,0.9700497852148386,0.9286887277296862,0.7562824401099395,0.64551586548298,0.9491783380781875,0.7727146715827278,0.8224249635528782,0.8184827691642289,0.955724889671401,0.9966395719542115,0.8787105864554914,0.9380163966266188,0.6993578432043268,0.9464493622447823,0.8544068747803459,0.8637634588274636,0.8986853937484471,0.8999561688633484,0.9191600545391068,0.392115299153029,0.9250379219402802,0.9194158075601375,0.8674821796907911,0.7924637524647538,0.8826072062346139,0.9928378554472403,0.9100752707392668,0.9153844657390153,0.929104460779949,0.9033645881484775,0.9345618542101835,0.8837349137646373,0.9382829336530905,0.987165253377389,0.4349314918374444,0.9059804204993018,0.7207145541760415,0.945003270600653,0.891751906668637,0.8060955792799718,0.9289493645217686,0.9728237043907222,0.9424009047294863,0.8664814862756909,0.8141959578710513,0.8132236490903704,0.9384986992079645,0.9345618542101832,0.8963379163019165,0.9470913245351076,0.7544522969545062,0.9562912816465309,0.7698246703898527,0.4144014060836271,0.8694744805372403,0.7581095512159903,0.9380163966266188,0.890042618869048,0.9681385641755447,0.8932539868674869,0.9194158075601371,0.8895085707332926,0.7827571719269769,0.8766235303260079,0.9320797389103184,0.6234124216963135,0.9010728262563203,0.8343172089136093,0.9727541677821405,0.9380163966266188,0.392115299153029,0.9590660346082054,0.7996720111682831,0.9984695943070976,0.8684742769407374,0.392115299153029,0.9214837186008105,0.7876704712499112,0.8715535812823534,0.6452171808592648,0.8417697283979713,0.8457632233052683,0.9617865917199473,0.7963216353462472,0.8808199067953635,0.9498514902980826,0.8028431297096315,0.8674647054043128,0.9280917395652364,0.8654110063376463,0.8829528399528481,0.9681385641755447,0.8605956163602337,0.9380163966266191,0.9126333026427302,0.9519642373961463,0.9380163966266188,0.9035033355391053,0.9475238565788602,0.9164419655193168,0.707558954614502,0.8097356591508627,0.982971410509272,0.916441965519317,0.9351366270846042,0.6762843851718214,0.8990075344183093,0.37240982580062965,0.9250379219402804,0.37424304178337076,0.37240982580062965,0.37240982580062965,0.4938594236319296,0.392115299153029,0.9321033235024668,0.5735810631520468,0.392115299153029,0.9262039440654459,0.8019817127031066,0.9312607396704553,0.9220855717829912,0.8239745708107343,0.8579678050497165,0.4144014060836271,0.6831702677637472,0.889836170211558,0.9641813269710358,0.9155256014445621,0.392115299153029,0.8736330304641182,0.9220855717829912,0.891751906668637,0.9301734830249901,0.849175025655186,0.9829714105092717,0.9637851559795012,0.9678215615187202,0.8887315011070402,0.7819856802224692,0.9164419655193166,0.6892302276908611,0.9002546180665418,0.8449382097051857,0.8145815970977258,0.9010728262563201,0.982971410509272,0.9178938723744823,0.9220855717829912,0.8473098920648876,0.9966036797907549,0.392115299153029,0.959657136477295,0.8288376175853325,0.9887119198512568,0.7721661418386527,0.9483551875577274,0.9010728262563201,0.8450271693045466,0.4349314918374444,0.7488289459323427,0.8869220795553374,0.392115299153029,0.392115299153029,0.5565517355826255,0.6403548016203813,0.8654110063376461,0.7743343388904205,0.8845859709276054,0.7717606226961908,0.7759150787868947,0.8946491389198694,0.8895085707332924,0.8620494680941633,0.392115299153029,0.8125064031083682,0.9250379219402802,0.9380163966266193,0.7415433094883421,0.9312607396704553,0.9687214300938704,0.392115299153029,0.392115299153029,0.8505784218626424,0.959657136477295,0.8453972681111293,0.8986853937484476,0.826240675987177,0.83449531009486,0.70560594718887,0.8915944281121329,0.8442327316715383,0.7945725145463096,0.392115299153029,0.8605956163602335,0.908436722897763,0.9916530842778032,0.9312607396704551,0.7715489837686926,0.8835191731835004,0.7143687895391815,0.8932539868674869,0.9192233962368055,0.8094841827285855,0.392115299153029,0.9450651903546778,0.864504653794369,0.8593962429851334,0.8556409588476661,0.9681281923135314,0.9443995409534844,0.973022329697679,0.8001594614292735,0.9727347845851518,0.8050897567384345,0.8567594461550303,0.8922561605225315,0.934561854210183,0.9629372157622487,0.5464650729727079,0.8997707618247144,0.9250379219402802,0.4144014060836271,0.9055556127456228,0.9475238565788602,0.8887315011070402,0.9508918137640506,0.9380163966266188,0.8580455361717003,0.9950068763949222,0.9950068763949222,0.8654110063376463,0.6020458190139335,0.9022539733648123,0.9971276925647266,0.934561854210183,0.935136627084604,0.9351366270846038,0.9369167370133402,0.9059804204993029,0.9557248896714008,0.8910486018561092,0.6932562729035578,0.919223396236805,0.8971931199014,0.6755060170357445,0.813432671953276,0.6548161142115378,0.392115299153029,0.8695195625728143,0.9971276925647266,0.9184278084209281,0.9345618542101832,0.9233721476659593,0.8917519066686372,0.8243122708779269,0.392115299153029,0.8157250957843047,0.7181019671258502,0.7637277193632763,0.8867990824195611,0.9067035405812569,0.8809101149594388,0.9250379219402802,0.8731986491331227,0.8174261692988933,0.830566710654991,0.9701202380913234,0.8940275945888623,0.9021697647194539,0.9950068763949222,0.9291044607799492,0.916441965519317,0.9200815730295618,0.9178938723744823,0.9307566130240477,0.49781145074870226,0.7448953171572592,0.916441965519317,0.37240982580062965,0.8782687335528578,0.7717038558391369,0.7320270950272713,0.9781012105682778,0.9976374126011074,0.392115299153029,0.995005507865818,0.7960663611529739,0.9026532767809434,0.392115299153029,0.7562824401099395,0.9448810215177157,0.9312607396704553,0.544742546353751,0.3724098258006291,0.9464493622447829,0.9206037147937579,0.8308992056894287,0.9152383482658542,0.849175025655186,0.8940275945888627,0.7111642931719588,0.392115299153029,0.8808199067953635,0.392115299153029,0.9312607396704553,0.9779166455841535,0.8097356591508624,0.9380163966266193,0.8787105864554914,0.9177035669169333,0.8436077083923403,0.9026532767809434,0.392115299153029,0.9175649668107596,0.991087445383698,0.93547703905673,0.8766235303260077,0.6892302276908617,0.9250379219402804,0.6283751186183373,0.8745574900762871,0.0,0.8237753987296021,0.6624875144439113,0.0,0.8725113072902908,0.9250379219402804,0.8114788487242621,0.0,0.9380163966266193,0.8872955140291618,0.9192233962368055,0.8114788487242621,0.913733309388403,0.8745574900762874,0.891751906668637,0.8220068840377226,0.860595616360234,0.8940275945888625,0.858661907755419,0.885110846748371,0.9137333093884032,0.8986853937484478,0.5560527678469822,0.8725113072902908,0.838117822314655,0.9003613107125843,0.7083456356997246,0.8491750256551862,0.885110846748371,0.9192233962368053,0.9220855717829912,0.838117822314655,0.8255485912247713,0.8808199067953635,0.8808199067953637,0.8363030843630055,0.9250379219402804,0.9280917395652364,0.57701192976756,0.878710586455492,0.9916989200948287,0.8932539868674869,0.8449382097051857,0.6551231726029946,0.8963379163019165,0.874557490076288,0.9164419655193166,0.770288333758864,0.7993245940412694,0.8567411419143387,0.8363030843630055,0.665292012241528,0.9280917395652362,0.8664814862756909,0.5679417820973465,0.8872955140291612,0.9085080245777923,0.9414399550230419,0.9413962938926795,0.39177416167999646,0.6235050817053063,0.9010728262563199,0.48338372837933297,0.913733309388403,0.8079951197225061,0.568230459218964,0.922085571782991,0.9192233962368055,0.8132249165650078,0.8808199067953628,0.9681385641755447,0.8574165634704995,0.8169712959496185,0.5592742120839422,0.9110906193450521,0.9110906193450523,0.7627508051901155,0.891751906668637,0.8399399046211002,0.9220855717829912,0.7682410594343814,0.891751906668637,0.9280917395652364,0.8237753987296021,0.8895085707332924,0.9192233962368055,0.9345618542101832,0.8344202094125963,0.9312607396704553,0.5769492631020139,0.9280917395652364
p339_M,0.8251171314297001,0.8879743544154319,0.7873673509703804,0.8626447876447882,0.9225015741707872,0.9425114327004687,0.8594719035517351,0.9850847237051229,0.8532445498042329,0.9393074128728374,0.9871307482212135,0.919989349133864,0.919989349133864,0.9137065637065638,0.9209318411003917,0.6398685093791673,0.9581457206590636,0.8954688163631979,0.9362456943690352,0.9393074128728374,0.6798138901014374,0.9446701888736626,0.7636611379006605,0.9723157551667554,0.9038554657884541,0.8954688163631979,0.9151430007264558,0.932795246271596,0.9393074128728374,0.8143683660434771,0.9839501848508654,0.9304741538905168,0.9127986978904699,0.8761642169182173,0.9683086794376969,0.9541300190655136,0.9250812961986934,0.9952662150283398,0.9425114327004687,0.9281918474396416,0.6256137991414643,0.8975213827250901,0.9425114327004687,0.8671302399974956,0.9581457206590637,0.703625890197016,0.9277359074596556,0.8481743454856236,0.8934425806304627,0.8349149021845175,0.9810522968844484,0.5485983726995779,0.8954688163631979,0.9105012505384158,0.9127986978904694,0.3556769147839982,0.9256629816639432,0.9225015741707872,0.7597790667859088,0.9958114695283622,0.8566618970084519,0.7833199892545318,0.8954688163631979,0.8103747847408735,0.9333065093925879,0.9550605693912804,0.8672132741337569,0.8018701786358156,0.7616007897732305,0.9541300190655138,0.911432664794749,0.23782574914005583,0.9683086794376969,0.755902258097294,0.9225015741707872,0.5863898145769407,0.4371300648708867,0.8156598842427529,0.7506487070281582,0.9425114327004687,0.9082470012068007,0.8812876779601599,0.8875064656813965,0.9307747569588933,0.9225015741707872,0.8743307438550616,0.9394173587034405,0.7223918392329947,0.8637025644628555,0.9199893491338638,0.9225015741707872,0.8349149021845175,0.8686188002217028,0.9512867698617244,0.8875064656813965,0.9545326346798217,0.9062781272461427,0.45850659975623576,0.7252059422942558,0.8441637681711898,0.8914410719709878,0.9765510393593577,0.9225015741707872,0.8488030544636931,0.9925055456169973,0.9362456943690349,0.8583829421286902,0.7500422074542787,0.9038554657884541,0.7797830182582035,0.9567950987167257,0.8975213827250901,0.7254884772470329,0.8902538431230815,0.9277359074596556,0.669385036744635,0.8879743544154324,0.9362456943690349,0.6346282167185331,0.7834401607250983,0.8671302399974956,0.9224196544072623,0.9038554657884541,0.918363903192055,0.751471777679847,0.959140228976008,0.9250812961986934,0.8542749023230835,0.919989349133864,0.900528591305265,0.8058683707380012,0.43766737784421783,0.9177914171276884,0.9425114327004687,0.9151430007264558,0.8780454400456084,0.8626449186901584,0.8166351311398246,0.9810522968844484,0.9175383063396303,0.662840121012723,0.9393074128728374,0.7929357570590059,0.6015638978230105,0.9021612281354041,0.8636009307043997,0.8365551646144358,0.759051110859609,0.8934425806304629,0.6707439233532103,0.9458968937609288,0.856661897008451,0.7802191483051633,0.7764651478091434,0.96836956012162,0.8934425806304633,0.8911903695057193,0.9574631882963214,0.8469861071467206,0.8251503574709129,0.7851492218505994,0.7305581692424299,0.9908428227422801,0.7180664476795504,0.688447324345925,0.932795246271596,0.9916899465284604,0.925680950117113,0.4475763939711439,0.7850367980772612,0.926544401544402,0.8129498901600087,0.9716712892571912,0.8635780863582585,0.992197920523314,0.9279617397523306,0.9910578376517607,0.9697471566190721,0.9091923098144417,0.8267698008899675,0.8452516232819042,0.9226673352539045,0.83478365048537,0.919989349133864,0.9963679412985733,0.9491564487435968,0.7834401607250983,0.8498574790755822,0.9105012505384156,0.9807394508561751,0.9175383063396303,0.929047645087425,0.6652043473437468,0.7186476178590231,0.8566618970084512,0.9225015741707872,0.9250812961986934,0.9175383063396303,0.8481743454856236,0.7350687085104357,0.885277268430531,0.9909903972974268,0.9225015741707872,0.5232297166750188,0.6989505708013533,0.9393074128728374,0.9225015741707872,0.8690525985865266,0.8707051888795789,0.8267698008899675,0.8035490586609267,0.5140385106896517,0.919989349133864,0.9225015741707872,0.8451722392971192,0.9225015741707872,0.7128291754598282,0.6229807496620188,0.6319013467656762,0.9225015741707872,0.8596598169726406,0.9225015741707872,0.8757766082622395,0.9742054644591546,0.932795246271596,0.4917277060414825,0.9277359074596554,0.6902040370753015,0.9175383063396301,0.9017126880527937,0.9060327047326973,0.9949852558720156,0.8014191303294622,0.6923658441336735,0.7660569881458933,0.899286523602912,0.9584141923894149,0.9324622348412388,0.6884473243459251,0.8707051888795787,0.8707051888795789,0.9151430007264558,0.898102330173175,0.9175383063396303,0.9225015741707872,0.8515474244094852,0.9225015741707872,0.8287890580426615,0.8707051888795789,0.930474153890517,0.8894628186153253,0.6705523575566977,0.9250812961986934,0.868911712359733,0.6794037615160239,0.9379139290408935,0.9339855047643736,0.7882598375451737,0.9277359074596556,0.9413841187405536,0.6015638978230105,0.7623400254281056,0.9199893491338638,0.9333065093925879,0.9142059785657484,0.9425114327004687,0.945981868549207,0.9870853202968219,0.994794736900322,0.9619776763871524,0.9016673188047062,0.930474153890517,0.7900998439208515,0.7895626418142663,0.7005938978479772,0.9362456943690349,0.7389815511680637,0.8984288710052626,0.9543244411482399,0.8498574790755824,0.9362456943690349,0.862506672587407,0.8565064605162964,0.9333065093925879,0.5262476832942002,0.9137065637065638,0.9277359074596554,0.4458115933061829,0.7453753921148885,0.9091612453963546,0.3888522459445164,0.8770035649415358,0.6152856280236636,0.9362456943690349,0.9299270251043101,0.8001909810660308,0.4453299155064693,0.8253564085388911,0.9362456943690352,0.9225015741707872,0.9281918474396418,0.9175383063396303,0.930474153890517,0.7180664476795504,0.8448271155174853,0.7305581692424298,0.9281918474396422,0.8725113072902908,0.660597685100197,0.8618519839156851,0.8235335835879469,0.7540906054367915,0.8831386723774455,0.8316283721615736,0.8976648982890321,0.831101200394695,0.8532445498042334,0.9393074128728371,0.9069834982716529,0.8707051888795789,0.5417089727289908,0.9277359074596556,0.9225015741707872,0.9304741538905164,0.8785462170031448,0.8954688163631979,0.9362456943690349,0.9333065093925879,0.9464802705130724,0.9225015741707872,0.9446024350495378,0.9362456943690349,0.9970799457879603,0.9357408829096282,0.9660725747488668,0.8996020324755996,0.930474153890517,0.7457422433436811,0.5673935082995607,0.9038554657884541,0.9127986978904699,0.7003119065722417,0.9277359074596556,0.9994413423319621,0.6880938733460747,0.9105012505384156,0.8922663859023956,0.6346282167185338,0.6620182343288816,0.9069834982716527,0.7398972568851852,0.9573800935979495,0.9199893491338638,0.9745452330464994,0.8830417517200398,0.7254884772470329,0.7074197865434064,0.6730113388303434,0.9225015741707872,0.8415527692943039,0.9048043876528451,0.8780124908814337,0.9048043876528449,0.9393074128728371,0.7850367980772612,0.9225015741707872,0.9225015741707872,0.8934425806304627,0.9348849767198615,0.9526511620195839,0.9225015741707872,0.996705259555954,0.9225015741707872,0.9137065637065637,0.5583389018863002,0.7186476178590233,0.7568486889608452,0.916016184190124,0.9833076730146284,0.6405675273997602,0.6953918229891785,0.9225015741707872,0.44306942683958117,0.8725113072902908,0.7181881866846547,0.7222931242265005,0.9483778175231494,0.8237359363530337,0.38885224594451606,0.6888673364888638,0.9225015741707872,0.6176308427859214,0.9307747569588931,0.8652176034616048,0.8914556699755821,0.9250812961986936,0.622928533969634,0.9127986978904696,0.9225015741707872,0.8673466625771513,0.8011944150048342,0.9225015741707872,0.9483778175231496,0.6869638390746424,0.5510708508493065,0.6806373151807951,0.6982490754523112,0.9225015741707872,0.9828993841730238,0.8018701786358151,0.8564502011688077,0.8593392193465907,0.6205184249390001,0.8583829421286899,0.8601128166776513,0.7966867035614481,0.9277359074596556,0.9758531990983841,0.8267698008899675,0.9760740600631372,0.7753730959142644,0.8305167122467265,0.5145793766605686,0.9017126880527935,0.9304741538905168,0.8954688163631976,0.9225015741707872,0.6800693026518849,0.9570211975143581,0.7745932914095683,0.9082470012068007,0.8894628186153251,0.9175383063396303,0.9892471138267483,0.9723157551667554,0.9175383063396303,0.9871307482212135,0.9225015741707874,0.72675483837851,0.6185689287692454,0.8804580254427758,0.9362456943690349,0.7656156573256494,0.9393074128728371,0.9105012505384158,0.9388933740579655,0.8152018763167095,0.9007798745624749,0.9393074128728371,0.8107954637540468,0.9026532767809434,0.9356396346765445,0.8975213827250901,0.9446701888736628,0.33848879778072816,0.9277359074596556,0.4458115933061829,0.8728920970887104,0.9290733745114939,0.8996020324755996,0.925680950117113,0.9871307482212135,0.8855707623626503,0.859798662892663,0.7119547254674414,0.953003553737171,0.8736715349160767,0.843263693914134,0.9584141923894149,0.9456563706563708,0.8996020324755996,0.9760740600631372,0.6755728539096344,0.9476888747140071,0.4773702152652519,0.8996020324755996,0.9503543965663052,0.8428532057750427,0.9277359074596556,0.7850367980772612,0.7460191958609534,0.9733010371560203,0.8728920970887104,0.9362456943690349,0.927724653823713,0.8600960853075241,0.9333065093925879,0.8863529367844878,0.9573800935979491,0.6624860705586093,0.930474153890517,0.9362456943690349,0.9832566743197297,0.6166079736517396,0.7529770176166067,0.9644994759182184,0.545889129453881,0.7506487070281582,0.9699906710701272,0.915143000726456,0.8986476870566933,0.9225015741707872,0.9333065093925883,0.9225015741707872,0.9225015741707872,0.723457544921573,0.9017126880527933,0.9994413423319617,0.9225015741707872,0.7092303622876424,0.7524293587376012,0.900528591305265,0.8182888276616691,0.3954414667010724,0.6207006304398193,0.8532445498042331,0.8515474244094852,0.7557478947704019,0.9127986978904699,0.7575515933990924,0.9333065093925881,0.9352780314506286,0.8381556544782048,0.845172239297119,0.8855707623626499,0.9127986978904696,0.9175383063396303,0.8090677665444055,0.9615718458881102,0.8415030753570436,0.9277359074596556,0.8481743454856236,0.9446701888736626,0.9589001101087927,0.4662156498592851,0.7900998439208518,0.916016184190124,0.8566618970084514,0.9017126880527937,0.878012490881434,0.9277359074596556,0.9060327047326975,0.9250812961986936,0.8689117123597327,0.8252675829038234,0.6407576501204829,0.9304741538905168,0.8272360292098269,0.9151430007264563,0.9384852847335161,0.8316463552777544,0.990990397297427,0.6592374534590089,0.24810125186690557,0.9970799457879603,0.620700630439819,0.7656156573256494,0.8515474244094852,0.6850594834341532,0.9833076730146284,0.8583829421286899,0.9399818829283835,0.9225015741707872,0.9304741538905168,0.872511307290291,0.9683086794376969,0.617604579453638,0.9446701888736626,0.9958114695283622,0.8875064656813965,0.6434027228239731,0.9388933740579655,0.7019415513043823,0.9393074128728374,0.6442892625222711,0.9082470012068007,0.8186737967284909,0.9175383063396303,0.9540324564594045,0.8499065615530126,0.930351993730951,0.8996020324755996,0.6859678084260288,0.8407851316176385,0.7503859261343869,0.7914666658764193,0.8464622509008559,0.742371611545853,0.7056246658241845,0.8855707623626499,0.9393074128728374,0.941740990578956,0.9250812961986938,0.7475664786422569,0.8785462170031448,0.86189485572105,0.9199893491338635,0.8174370181507045,0.7211690888524327,0.9970799457879603,0.8154825411864677,0.9277359074596556,0.996225319046196,0.8562109672938352,0.9230054833172635,0.9034393382949699,0.8855707623626496,0.9038554657884539,0.8972375489498454,0.9476888747140069,0.9644994759182186,0.9304741538905168,0.9425114327004687,0.9225015741707872,0.9378027796250892,0.5357311696235243,0.7652623069827438,0.8780124908814337,0.9225015741707872,0.8700374083999614,0.6396273997780346,0.8566618970084512,0.9137065637065638,0.6024859374249125,0.9888168159544352,0.86632515115204,0.6930399156406837,0.6721579265475734,0.9673205840993027,0.7934676793989761,0.941477427108013,0.9858673317522391,0.8785462170031448,0.8914410719709878,0.9746338287409401,0.930351993730951,0.9425114327004684,0.8894628186153253,0.9175383063396303,0.9970799457879603,0.32370604828620364,0.971671289257191,0.9225015741707874,0.7810301969463336,0.42668509185549863,0.9362456943690352,0.9225015741707872,0.9060327047326973,0.6466543986639317,0.6982490754523114,0.9199893491338638,0.6649007021580307,0.915143000726456,0.9199893491338638,0.9199893491338638,0.9069834982716533,0.9225015741707872,0.9151430007264558,0.8862848743640493,0.9225015741707872,0.8996020324755996,0.858305811886843,0.9362456943690349,0.9277359074596556,0.9333065093925881,0.9250812961986936,0.9199893491338638,0.8569326697795392,0.7834401607250983,0.9017126880527935,0.7782585364229857,0.9225015741707872,0.9742054644591542,0.9277359074596556,0.5161038620197568,0.8823037851367876,0.8882603289449442,0.9362456943690349,0.980449785865183,0.9038554657884539,0.8707051888795787,0.9038554657884541,0.9858842152953933,0.9205309941406191,0.9938984828276254,0.9511570440214601,0.754090605436792,0.9339855047643736,0.9910578376517607,0.8934425806304627,0.9277359074596556,0.9141868065994085,0.759051110859609,0.9225015741707872,0.9858842152953934,0.5573844643429342,0.9393074128728374,0.7503010649821209,0.9996171864694428,0.9339855047643736,0.7929357570590061,0.9175383063396303,0.7600188092609073,0.7500588316482322,0.9225015741707872,0.9225015741707872,0.986980346941851,0.8652167446718886,0.8515474244094854,0.6604373265387018,0.7639794379599407,0.6806373151807953,0.5575170356226744,0.7143101173082438,0.8975213827250901,0.7945851511478943,0.9225015741707872,0.8747639177841733,0.9304741538905168,0.9425114327004687,0.6434027228239731,0.9362456943690349,0.7628458004001926,0.9225015741707872,0.9225015741707872,0.7336925136140198,0.9225015741707874,0.7460198517794627,0.8621423904215095,0.8489545534527237,0.4936416665704575,0.9231842997566406,0.9423469173118804,0.768012662221198,0.9291576091321703,0.9225015741707872,0.9899987985823231,0.7217028129421283,0.9723157551667552,0.9362456943690349,0.9776167375990021,0.7750169417181672,0.8922663859023958,0.8743307438550616,0.9250812961986936,0.47176658995069876,0.9225015741707872,0.735571016886978,0.8743307438550616,0.8464976705745091,0.8976648982890323,0.5803711065457071,0.9105012505384158,0.8549492399295393,0.857156928247676,0.9333065093925879,0.9296098809168268,0.7898637875872265,0.9151430007264558,0.8311012003946947,0.894594594594595,0.8954688163631979,0.8345688706245462,0.9304741538905168,0.9199893491338638,0.8106712049456515,0.8914410719709878,0.950354396566305,0.9623421987017502,0.9425114327004687,0.900528591305265,0.9425114327004687,0.9425114327004684,0.8515474244094854,0.94037212874745,0.841503075357044,0.9225015741707872,0.8311012003946946,0.906032704732697,0.906032704732697,0.8456919212457588,0.9540324564594049,0.919989349133864,0.971671289257191,0.8381997656144689,0.9250812961986934,0.7046743402614664,0.8743307438550612,0.7304145128693742,0.7161921985258882,0.9225015741707872,0.8349149021845175,0.8942700047615739,0.8565269472627128,0.9393074128728374,0.8975213827250901,0.9726387956636797,0.9599684877270122,0.9225015741707872,0.7019415513043823,0.620700630439819,0.8996020324755993,0.7037755358791755,0.735571016886978,0.7146177121945905,0.9304741538905168,0.728684288777202,0.8692662385465437,0.7200423706870263,0.9955096588608976,0.9017126880527937,0.987844941825509,0.9425114327004687,0.9123838819213477,0.9225015741707872,0.8931207173207165,0.8633125517052825,0.7540906054367915,0.8515474244094852,0.6905436336794006,0.9225015741707872,0.9199893491338638,0.8008619010590687,0.6176045794536382,0.9707210114575817,0.6788876978675575,0.6617420683943696,0.9225015741707872,0.6969900568534584,0.5437705707697595,0.9456563706563708,0.9225015741707872,0.7765580483948542,0.9540324564594047,0.9362456943690349,0.9017126880527933,0.9199893491338638,0.5588472113527938,0.9660806975545889,0.8431623547994251,0.9256629816639432,0.9428545974512956,0.689299765890317,0.6256509164406483,0.9225015741707872,0.9569057808979562,0.9225015741707872,0.9362456943690349,0.802119787432555,0.8235335835879465,0.9425114327004687,0.8875064656813962,0.7468645021849951,0.8823845551200091,0.9904440154440156,0.9225015741707872,0.8055966092160425,0.8278188632732841,0.822475027797996,0.8855707623626499,0.9801777989919911,0.6143225591640992,0.8855707623626501,0.8836545508570981,0.8725113072902908,0.8365551646144354,0.7209506222608232,0.8725113072902908,0.0,0.930474153890517,0.4453299155064693,0.8725113072902908,0.9425114327004687,0.8954688163631979,0.9723157551667554,0.9559937244223013,0.919989349133864,0.9160161841901235,0.8996020324755996,0.8349149021845175,0.4731799577553314,0.9017126880527937,0.868911712359733,0.9281918474396418,0.9644994759182186,0.906032704732697,0.852613797405118,0.881756756756757,0.775069506388703,0.7457422433436804,0.9232378108709103,0.6332319625110694,0.8934425806304627,0.9250812961986934,0.9746338287409402,0.9570211975143579,0.9832806424468286,0.8894628186153251,0.8407653322541503,0.9279430623812723,0.9304741538905168,0.9333065093925883,0.945756992128266,0.8875064656813965,0.9348877164810786,0.9048043876528451,0.9183639031920552,0.9041202911564781,0.9796265153694581,0.8836545508570977,0.894270004761574,0.8977445394428321,0.8138775264270355,0.8671302399974952,0.8481743454856236,0.9528798927924794,0.9858673317522388,0.661546562780237,0.9269380531144629,0.9307747569588933,0.9151430007264558,0.9795101062491114,0.8992865236029117,0.9185315195687318,0.8741919847359768,0.9082470012068007,0.9934000968343186,0.9644994759182186,0.9422146195066943,0.8499065615530126,0.9277359074596556,0.9723157551667552,0.8512214835788461,0.8894628186153248,0.925818696841238,0.9193259340368963,0.7914666658764193,0.9368372061518377,0.9175383063396303,0.9608634184056339,0.8261090486006426,0.9361204140696398,0.9865413873777831,0.9277359074596556,0.7850481623064793,0.8996020324755996,0.9333065093925883,0.8618948557210497,0.994794736900322,0.9250812961986936,0.9393074128728374,0.849467681705,0.9362456943690349,0.9045168797959982,0.9858673317522391
p340_E,0.8784245992207029,0.9473756291574584,0.6585745878536232,0.930474153890517,0.9544316996038,0.9661972965770262,0.7353625251555038,0.7765395464272931,0.9137092609592148,0.9643133649175286,0.9460501530640815,0.9529545363721539,0.9529545363721539,0.5131662731762362,0.9197987094973856,0.8971901564492135,0.9161682054358171,0.8937900805723633,0.516864703098673,0.9643133649175288,0.8990962871160684,0.9447481688519044,0.9422080421889416,0.9559485503920393,0.943467974097185,0.9385367079941818,0.3143973234919596,0.9250379219402804,0.9643133649175286,0.7971989552054203,0.9327167510955896,0.9591194968553458,0.9487265052554268,0.9271857963192041,0.9544316996038,0.9625131050152524,0.9559485503920393,0.3332473625715271,0.9661972965770262,0.45754659015067256,0.9097421633544907,0.9397435965156078,0.9661972965770262,0.9218739081138496,0.9501049319099923,0.7682973727239457,0.9575094353013822,0.9107280314569581,0.9373453016197317,0.9029316112204655,0.9591194968553458,0.6970466414574457,0.9385367079941818,0.9473756291574582,0.9487265052554266,0.9361684345174046,0.9361684345174046,0.9544316996038003,0.8258229735464787,0.9515133476881705,0.9157186269856048,0.8485170805722071,0.938536707994182,0.9097421633544907,0.9607848936032954,0.8425003792101688,0.9591194968553458,0.8707710541962026,0.8020423584034371,0.9625131050152524,0.4212141917083615,0.9373453016197317,0.9544316996038,0.8445183988316083,0.9544316996038003,0.8981423730059306,0.9447481688519044,0.9460501530640812,0.8414864259682346,0.7469130923202993,0.9460501530640815,0.9409669977890665,0.5398465237042552,0.9385367079941818,0.9544316996038003,0.44675533028303793,0.9447481688519044,0.8247446089328494,0.9048630781107276,0.9529545363721539,0.9544316996038003,0.5788484422307301,0.7301312695908228,0.8698224617128845,0.933854925314779,0.9107280314569581,0.5870250018988998,0.8990962871160684,0.8384238384890401,0.8373957982954765,0.9361684345174044,0.957509435301382,0.17538902552261537,0.8858986498990519,0.8839713153825193,0.9625131050152524,0.5090574034332631,0.8181708833001997,0.9434679740971852,0.8465237589272383,0.6327772218191887,0.9397435965156078,0.7638375846306953,0.9187703462526826,0.9575094353013822,0.7897075031786102,0.9473756291574582,0.9625131050152524,0.9661972965770262,0.8726649773302662,0.9218739081138496,0.6023678109726938,0.2768611686598259,0.9327167510955896,0.9385367079941818,0.7805867564015292,0.9559485503920393,0.8754988991654501,0.9529545363721539,0.9239759423528267,0.8858525408230953,0.957509435301382,0.9591194968553458,0.9661972965770262,0.9501049319099923,0.7054246227170566,0.8915055770282618,0.8006773101112716,0.9591194968553458,0.9515133476881705,0.7667375428754122,0.9643133649175286,0.8425003792101688,0.7171432662723767,0.6337830280646116,0.9197987094973858,0.9440100680280117,0.8583244595873938,0.9373453016197317,0.7832373813705661,0.9643133649175286,0.9157186269856046,0.717932974062865,0.9310944809913071,0.9591194968553458,0.9373453016197317,0.9058327972212654,0.46962579677388316,0.8717185331373514,0.6023678109726938,0.7638375846306955,0.9575094353013822,0.9409669977890665,0.8225734700092839,0.9077810309891683,0.45465088211553906,0.87549889916545,0.9097421633544907,0.933854925314779,0.9612268306824159,0.930474153890517,0.9529545363721539,0.9361684345174046,0.7114498167743248,0.8688726774726101,0.626451095481346,0.9625131050152524,0.8839713153825193,0.9282725629505153,0.6373587815056148,0.9208331242859096,0.9000520303703365,0.9361684345174044,0.9529545363721539,0.8736104662007036,0.6882381005216135,0.8726649773302662,0.9117176971980814,0.9473756291574582,0.9315900378678905,0.9515133476881705,0.913709260959215,0.7437455951366193,0.8114042753167636,0.9157186269856046,0.9544316996038003,0.9559485503920393,0.2254568105059046,0.9107280314569579,0.8524700617069345,0.9029316112204657,0.9529545363721539,0.9544316996038003,0.8820903683689054,0.8114042753167636,0.9643133649175288,0.9544316996038003,0.8504989784061951,0.9239759423528267,0.8981423730059306,0.8717185331373516,0.9147116017278334,0.9529545363721539,0.9544316996038003,0.8707710541962025,0.9544316996038001,0.8627587161412213,0.7501413829407572,0.7229002898147643,0.9544316996038003,0.87549889916545,0.9544316996038003,0.7998417332331836,0.9167305843279037,0.45465088211553883,0.888676559370384,0.957509435301382,0.794733085207088,0.9515133476881705,0.5869208677074206,0.9447481688519046,0.9595131865896311,0.9073127552826399,0.9759742607288062,0.9591194968553458,0.9097421633544907,0.9019695505324468,0.7453651154501229,0.990168288054176,0.9239759423528267,0.9239759423528267,0.9501049319099923,0.6023678109726938,0.9515133476881705,0.9544316996038003,0.9127113681766141,0.9544316996038003,0.7608902818860992,0.5566927370217352,0.9591194968553458,0.9350052413014638,0.794733085207088,0.9559485503920393,0.9229213960709448,0.943467974097185,0.5746219454076213,0.9460501530640815,0.8754988991654502,0.9575094353013822,0.6447896504579689,0.8849118467483821,0.8602583085066606,0.9529545363721539,0.9607848936032957,0.7336362758241326,0.9661972965770262,0.8504989784061954,0.8504989784061951,0.9397435965156078,0.8839713153825193,0.6358577465978599,0.9591194968553458,0.8641031766521015,0.8181708833001998,0.8008422195759245,0.9625131050152524,0.8465237589272383,0.9696485350828812,0.9409669977890665,0.6217571003319837,0.9625131050152524,0.9008409057897289,0.833245561533912,0.9607848936032954,0.9087598936651087,0.930474153890517,0.03789221360986461,0.9271857963192041,0.8268966588916089,0.9515133476881705,0.9575094353013822,0.957509435301382,0.7737917914928159,0.9625131050152524,0.8192793116817605,0.8698224617128845,0.8971901564492135,0.7739620374838149,0.9625131050152524,0.9005384212506022,0.9373453016197315,0.7055575515593613,0.4003386550556356,0.8225734700092842,0.9087598936651087,0.957509435301382,0.9373453016197317,0.9250379219402804,0.848473630393389,0.9187703462526826,0.8962395095530549,0.7172704758475099,0.7805867564015292,0.8524700617069345,0.6418623468324611,0.9643133649175286,0.9998698480557455,0.9643133649175286,0.9271857963192041,0.9239759423528267,0.7215371401638783,0.957509435301382,0.9544316996038003,0.9591194968553456,0.6171437968101491,0.9496811510501819,0.9625131050152524,0.9607848936032954,0.9529545363721539,0.9544316996038003,0.943467974097185,0.9625131050152524,0.9661972965770262,0.9197987094973856,0.8414864259682344,0.9409669977890665,0.9591194968553458,0.8504989784061951,0.8951131855351439,0.7566586192708957,0.9487265052554268,0.7134120602206249,0.9575094353013822,0.9271857963192041,0.8211183544415505,0.9473756291574582,0.9197987094973856,0.9661972965770262,0.7897075031786103,0.9264488104519895,0.8008422195759244,0.9830316367629124,0.9529545363721539,0.9207659584476899,0.9488276796806041,0.8268966588916089,0.8279657565412284,0.7485888881337754,0.9544316996038003,0.8688726774726099,0.9261077324693099,0.9282725629505153,0.9261077324693099,0.9643133649175286,0.8612222667022578,0.9544316996038003,0.9544316996038003,0.9373453016197317,0.9137092609592148,0.6765515156534132,0.9544316996038001,0.9643133649175286,0.9544316996038003,0.930474153890517,0.9077810309891683,0.8114042753167636,0.9544316996038,0.40241886019892736,0.9447481688519044,0.728351748348126,0.7623699658698984,0.9544316996038003,0.8933957590212618,0.9250379219402804,0.7996350258936396,0.8020423584034373,0.9315900378678905,0.6505018265405424,0.957509435301382,0.8170571011959711,0.9544316996038003,0.7751707543509229,0.938536707994182,0.8736104662007036,0.7318926495549154,0.9559485503920393,0.7301312695908226,0.9487265052554266,0.9544316996038003,0.9068053912485843,0.8247446089328494,0.9544316996038003,0.9315900378678905,0.7778983555639082,0.8583244595873938,0.7533024191224433,0.8225734700092839,0.9544316996038003,0.8020423584034373,0.8707710541962024,0.9607848936032954,0.6926989061780757,0.7533024191224433,0.9167305843279032,0.9177477332861093,0.5613426174286814,0.9575094353013822,0.9087598936651087,0.8981423730059306,0.9422080421889416,0.8679216237887917,0.8867934927338035,0.6476689942713085,0.9422080421889416,0.9591194968553458,0.33487937579418303,0.9544316996038003,0.9625131050152524,0.5793457182892625,0.8638461791854182,0.9460501530640815,0.9350052413014638,0.9515133476881705,0.8192793116817605,0.9559485503920393,0.9515133476881705,0.9460501530640815,0.24790396509541412,0.9473756291574582,0.9661659803622438,0.9137092609592148,0.9625131050152524,0.8621843473480635,0.9643133649175286,0.9473756291574584,0.9422080421889418,0.8214805068326572,0.5659312663315165,0.9643133649175286,0.8203824865711149,0.9250379219402804,0.5788484422307303,0.9397435965156078,0.9447481688519046,0.9127113681766141,0.957509435301382,0.9271857963192041,0.9097421633544907,0.889618873469723,0.4809287497902527,0.9649067432343333,0.9460501530640815,0.9327167510955896,0.7153521111143415,0.7959698129526698,0.6509736316862105,0.849304774108722,0.9283013350108495,0.9019695505324468,0.930474153890517,0.9409669977890665,0.9422080421889418,0.7501740968189342,0.9460501530640817,0.8669692234537126,0.9409669977890665,0.9239759423528267,0.7792473655810674,0.8106601759858287,0.7054246227170566,0.840469071482111,0.44675533028303793,0.9097421633544907,0.9625131050152524,0.8943710090829442,0.9029316112204657,0.3735638132013619,0.9250379219402804,0.18067046083776928,0.9501049319099926,0.9591194968553458,0.9625131050152524,0.9327167510955896,0.9077763399699055,0.9218739081138494,0.9765837058865926,0.9529545363721539,0.8414864259682344,0.9167305843279034,0.9501049319099923,0.75332007417958,0.9544316996038003,0.9607848936032957,0.9544316996038003,0.9544316996038003,0.8373957982954765,0.9422080421889418,0.9271857963192041,0.9544316996038003,0.8290303569962783,0.854430935472339,0.9239759423528267,0.6904829971616131,0.8933957590212618,0.8281985467386979,0.9998698480557453,0.9127113681766144,0.8563822015167815,0.9487265052554266,0.8981423730059306,0.9607848936032957,0.9261077324693097,0.8008422195759244,0.8707710541962026,0.9327167510955896,0.9487265052554266,0.9515133476881705,0.7884307121300933,0.9607848936032954,0.684077692349312,0.9575094353013822,0.9107280314569579,0.9447481688519044,0.5488494918604476,0.9989330715481035,0.8641031766521015,0.40241886019892736,0.9157186269856048,0.9422080421889416,0.9282725629505153,0.9575094353013822,0.9447481688519046,0.296306330621551,0.9229213960709448,0.8717185331373516,0.955212744755753,0.9591194968553458,0.8717185331373516,0.9501049319099926,0.7934886331492649,0.9010097382828826,0.9529545363721539,0.7996350258936396,0.933854925314779,0.5556533515851831,0.76529336860873,0.8621843473480635,0.9127113681766141,0.7681703273063956,0.9447481688519044,0.9167305843279034,0.9540967655391959,0.9544316996038003,0.9591194968553458,0.9250379219402804,0.9544316996038,0.8754988991654502,0.9447481688519044,0.9515133476881708,0.5398465237042553,0.8273662657070467,0.8812152990221939,0.8247446089328494,0.9643133649175288,0.7792473655810673,0.9460501530640815,0.8802089698693758,0.9515133476881705,0.9487265052554266,0.9364195330316347,0.6039046752604113,0.9409669977890665,0.8032355692370531,0.8924501786702501,0.7593982966903693,0.8773844821970243,0.4385641663559676,0.8485170805722071,0.87549889916545,0.9327167510955896,0.9643133649175286,0.943467974097185,0.9559485503920393,0.7830122900340041,0.9554518077232719,0.9038960691476476,0.9529545363721539,0.7765395464272933,0.7134120602206249,0.9661972965770262,0.9965038179707653,0.957509435301382,0.8809270560698741,0.9795295863759996,0.939743596515608,0.9117176971980814,0.9327167510955896,0.943467974097185,0.9087598936651088,0.9460501530640812,0.9529545363721539,0.9591194968553458,0.9661972965770262,0.9544316996038003,0.9271857963192041,0.8792678792793374,0.8268966588916091,0.43005766236355525,0.9544316996038001,0.8952903079111574,0.7404406249383582,0.9157186269856046,0.930474153890517,0.9137092609592148,0.5788484422307298,0.8933957590212618,0.7871454617806513,0.9883880331853732,0.9157186269856046,0.8660153996906967,0.622600723844694,0.9607848936032957,0.5316629177168334,0.9361684345174046,0.957509435301382,0.9239759423528267,0.9381728330554158,0.9350052413014638,0.22545681050590494,0.9661972965770262,0.9473756291574582,0.41373162164446864,0.973053360823401,0.8583244595873938,0.8962395095530546,0.9625131050152524,0.9544316996038003,0.9447481688519046,0.7922363153434722,0.8225734700092839,0.9529545363721539,0.9591194968553458,0.9501049319099923,0.9529545363721539,0.9529545363721539,0.9271857963192041,0.9544316996038003,0.9501049319099923,0.9167305843279034,0.9544316996038003,0.5965496002743886,0.8999347304580286,0.9625131050152524,0.9575094353013822,0.9607848936032957,0.9559485503920393,0.9529545363721539,0.7765395464272932,0.8726649773302662,0.9422080421889416,0.8573544191143381,0.9544316996038003,0.9167305843279034,0.9652137684610215,0.9409669977890665,0.8148130677930066,0.5029863032607456,0.9625131050152524,0.9559485503920393,0.9434679740971852,0.9343882429311451,0.456785212638977,0.9544316996038,0.9239759423528267,0.5710797217301602,0.911543700741055,0.8554077319402793,0.6793190916396452,0.9625131050152524,0.9373453016197315,0.9575094353013822,0.509057403433263,0.8583244595873938,0.9544316996038003,0.9544316996038,0.8943424304056795,0.9643133649175288,0.7191676454245125,0.9501049319099923,0.9460501530640812,0.8425003792101688,0.9515133476881705,0.8125463805509155,0.8067748700378887,0.9544316996038003,0.9544316996038003,0.9229213960709448,0.7301312695908226,0.5316629177168333,0.76529336860873,0.8612222667022578,0.7533024191224433,0.7153521111143415,0.8203824865711151,0.9397435965156078,0.832198064937085,0.9544316996038003,0.9107280314569579,0.9591194968553458,0.9661972965770262,0.7301312695908226,0.9625131050152524,0.8485170805722071,0.9544316996038003,0.9544316996038003,0.7971989552054204,0.6104786629594074,0.8044219767553509,0.9329216899439509,0.7500848507922819,0.9097421633544907,0.935005241301464,0.7559882542157069,0.8514858339733073,0.7962168721876016,0.9544316996038001,0.6039046752604115,0.836364033416402,0.9559485503920393,0.9625131050152524,0.8981423730059306,0.8909910300164398,0.8533070413029107,0.6879618446090576,0.9559485503920393,0.8736104662007036,0.9544316996038003,0.8445183988316083,0.9291683589350779,0.9097421633544907,0.8858525408230953,0.6613949717719355,0.9473756291574584,0.9147116017278334,0.6882381005216135,0.9607848936032954,0.8820903683689054,0.8764420057712263,0.9501049319099923,0.9643133649175286,0.930474153890517,0.9385367079941818,0.832198064937085,0.9591194968553458,0.9529545363721539,0.888676559370384,0.9361684345174046,0.4622688605443829,0.9293685115305119,0.9661972965770265,0.6039046752604114,0.9661972965770265,0.9661972965770262,0.9127113681766141,0.9282725629505155,0.9068053912485843,0.9544316996038,0.9643133649175286,0.9447481688519044,0.9447481688519044,0.7283517483481261,0.9487265052554268,0.9529545363721539,0.9361684345174044,0.9048630781107274,0.9559485503920393,0.803235569237053,0.9261077324693099,0.8414864259682344,0.8214805068326573,0.9544316996038003,0.5788484422307301,0.9544316996038,0.8114042753167638,0.9643133649175286,0.9397435965156078,0.9409669977890662,0.717932974062865,0.9544316996038003,0.8247446089328494,0.76529336860873,0.9409669977890665,0.8258229735464786,0.8445183988316083,0.8321980649370849,0.9591194968553458,0.840469071482111,0.8612222667022578,0.8258229735464786,0.8637076121118326,0.5280619814444656,0.7094648583558854,0.8425429626878578,0.881215299022194,0.9544316996038003,0.9667875986555684,0.9373453016197315,0.8554077319402791,0.9127113681766141,0.7593982966903693,0.9544316996038003,0.9529545363721539,0.8583244595873938,0.9800040497391678,0.6840776923493117,0.7996350258936396,0.7778983555639081,0.9544316996038003,0.8102561836643378,0.8773844821970243,0.41200998718837356,0.9544316996038003,0.8563822015167815,0.9487265052554266,0.9625131050152524,0.9422080421889418,0.9529545363721539,0.9707204840519695,0.9385367079941818,0.5567017980882831,0.9361684345174044,0.9177477332861093,0.9422080421889418,0.7563764498345825,0.9544316996038003,0.9350052413014638,0.9544316996038003,0.9625131050152524,0.7265536869993658,0.8962395095530546,0.9661972965770262,0.933854925314779,0.7695919367481675,0.9147116017278334,0.930474153890517,0.9544316996038003,0.8495094192726709,0.8394482358305895,0.6948865537510909,0.9327167510955896,0.9239759423528269,0.9591194968553458,0.9327167510955896,0.9315900378678905,0.9250379219402804,0.9038960691476476,0.7778983555639081,0.9250379219402804,0.930474153890517,0.0,0.8971901564492135,0.9250379219402804,0.9661972965770262,0.938536707994182,0.9559485503920393,0.8971901564492135,0.2719661284740562,0.9315900378678905,0.9409669977890665,0.6585745878536232,0.9239759423528267,0.9422080421889416,0.922921396070945,0.9373453016197317,0.9529545363721539,0.9447481688519046,0.8943710090829442,0.5131662731762366,0.9117176971980814,0.8504989784061951,0.9208331242859094,0.9177477332861093,0.5675662461924176,0.9559485503920393,0.9575094353013822,0.9117176971980814,0.9856074913039305,0.9350052413014638,0.7446980073950804,0.9209014751655664,0.9591194968553458,0.9607848936032957,0.9597659443503781,0.933854925314779,0.729666575116668,0.9261077324693099,0.9327167510955896,0.9358593744118064,0.39681053131259303,0.9315900378678905,0.9544316996038,0.8534517371065105,0.7007567970412465,0.6155190003957067,0.9528206548013267,0.9324282734053557,0.9607848936032954,0.9271857963192041,0.962299054571988,0.9385367079941818,0.9501049319099923,0.933854925314779,0.6724208586082563,0.9572654625627894,0.7845489569349902,0.3671267955594164,0.926763700144756,0.34242788621530984,0.8952903079111574,0.7437455951366194,0.9575094353013822,0.9559485503920393,0.8981423730059306,0.9350052413014636,0.9575094353013822,0.9087598936651087,0.8773844821970243,0.8030296776830927,0.9799008321613358,0.9515133476881705,0.8495094192726709,0.9409669977890665,0.7026246759034649,0.9575094353013822,0.8736104662007036,0.9409669977890665,0.9607848936032957,0.9038960691476476,0.43520351149957104,0.9559485503920393,0.9643133649175286,0.7563499748428761,0.9625131050152524,0.7485888881337752,0.9607848936032957
p340_G,0.6272330065008336,0.9903614764146604,0.28583324639828744,0.9803110486563885,0.885400876353422,0.9930547404043364,0.7045091956262408,0.7353128263612738,0.7829885471498916,0.9539382344839205,0.7454228021220048,0.8816859778305948,0.881685977830595,0.849467681705,0.8855731041118602,0.758834712592261,0.9968921249480658,0.7246258414752633,0.9057246972976498,0.9102521474185268,0.5051425947034052,0.7860635052916318,0.8906528429153149,0.9970674713569028,0.8249859972997307,0.8454267695073412,0.9066666273465951,0.8573615701009305,0.9102521474185268,0.6126943650347165,0.9306270129352796,0.9356856974167589,0.5640452198309196,0.8168805099533945,0.9202651318010482,0.9891608609192486,0.643426239433737,0.9338198267598912,0.9149900225490741,0.8688785388851108,0.443514623423211,0.8757817245775488,0.9149900225490741,0.8035217116670972,0.8745195447781486,0.5548393680749215,0.6610146236200116,0.7957286869230606,0.8666412439971052,0.7558839765538492,0.8971901564492133,0.4324451600383602,0.8454267695073412,0.8676556569243741,0.8710529575837425,0.48331640503272866,0.8915641191189616,0.885400876353422,0.7726674181658766,0.5943354874184328,0.7880418755318441,0.6190375839583007,0.8454267695073421,0.503781825837951,0.9013784409842849,0.80442289109916,0.9741812383843047,0.7079614520634521,0.5470351103208019,0.9474427791084492,0.8463876019323999,0.41702487489687357,0.885400876353422,0.6244556667025063,0.885400876353422,0.17675574792240267,0.6390265872092591,0.9255404775711313,0.8169626068338529,0.9149900225490744,0.8943418469797415,0.8705161960734357,0.8336526153804957,0.6708824178480892,0.885400876353422,0.8141693012543916,0.8904552749271517,0.9572763406274858,0.8898706726339184,0.8816859778305952,0.885400876353422,0.7942152876357635,0.7576378500021401,0.7547614568865835,0.8336526153804957,0.7754910920028375,0.7889193524219582,0.07468676443340694,0.6089871501908088,0.667627765349222,0.995750698427013,0.9302947288966976,0.885400876353422,0.7626807570173313,0.9973311064889934,0.6353764027835573,0.954575820575175,0.557760031713173,0.8578283462385068,0.6916606382077992,0.9147162799480846,0.9031014914644797,0.594936935637187,0.9232631106937043,0.6238609283942583,0.5111102625876995,0.9596850215420891,0.9057246972976494,0.763166647787863,0.6797668141977582,0.8035217116670972,0.8154775218072023,0.8578283462385068,0.8807086244169691,0.9395995359839612,0.9215730252040889,0.571524981591865,0.7203903003681011,0.9494402015988872,0.8088080901268468,0.7129320454258652,0.623860928394257,0.9741812383843045,0.9149900225490739,0.8745195447781489,0.7560123544968333,0.7630445593448092,0.8333410567779673,0.6408633519402386,0.8780615512279373,0.4435882395823221,0.6528869819275365,0.943242097059513,0.8198133376713326,0.746238570044433,0.8201203923509603,0.7583094792012612,0.6596133430076063,0.8424305171733328,0.679740874782148,0.9102521474185266,0.7880418755318432,0.9057072946144182,0.5430950800474514,0.9741812383843047,0.8424305171733328,0.8022565902301413,0.7669935698104401,0.892279090792194,0.7414448669201525,0.594936935637187,0.9210904902002871,0.9816942482127167,0.5688755408298725,0.28126253475733265,0.8573615701009305,0.8878727661266217,0.5640490282526909,0.710879683533562,0.6990706059134395,0.9710543028754368,0.5424031201389159,0.9782026567459737,0.6437020333812143,0.9694180519569756,0.99271464324417,0.947442779108449,0.9160606825165771,0.8433448836577027,0.9211727604553486,0.9788394231439529,0.9556996017506816,0.9261093670919482,0.8816859778305948,0.7986011163078605,0.9650633409087783,0.6963496027616731,0.7779799894523742,0.8676556569243737,0.9264797575088632,0.8780615512279373,0.9279757260004393,0.3863036464257279,0.5556863218233452,0.8722653319531635,0.885400876353422,0.9251662135150307,0.8780615512279375,0.7754910920028373,0.3973516358248763,0.794215287635764,0.8816859778305948,0.885400876353422,0.16242905708787914,0.5406946982273744,0.9102521474185268,0.885400876353422,0.7491588598862946,0.8088080901268471,0.7810604345314747,0.7104469950918599,0.692458217410372,0.8816859778305948,0.885400876353422,0.6914826318508711,0.8854008763534221,0.7577377778832528,0.4944180635785641,0.5229864073833483,0.885400876353422,0.8274070420838935,0.885400876353422,0.7064760123906935,0.9333393751096142,0.8114788487242623,0.09417460727304028,0.8931410336709438,0.49873401021178543,0.8780615512279373,0.8340556435485741,0.8610478913106772,0.8933211960584939,0.8315406714788409,0.7608958361388358,0.8718365977455128,0.7730117451851676,0.8487063906575674,0.7057946237683055,0.8160075170145524,0.918805157356595,0.8088080901268468,0.9066666273465949,0.7784611943636774,0.9110367363125391,0.885400876353422,0.7804789596211701,0.885400876353422,0.6003631252476925,0.8088080901268468,0.8971901564492133,0.8365455300348619,0.49873401021178554,0.9251662135150307,0.8061560254525524,0.45013022148128046,0.816168371957565,0.9855797027208402,0.6868938072163973,0.9302947288966976,0.8497130783727069,0.4893397537153712,0.6645529156092806,0.8816859778305952,0.9013784409842849,0.8269959582702515,0.9149900225490741,0.8742958868307356,0.9994329137751761,0.9850607921252732,0.8241146845001344,0.7529042682606857,0.8971901564492133,0.6743862331819503,0.768315874006521,0.663668731452838,0.6353764027835573,0.6140246053816782,0.8960192685550807,0.9349222126828223,0.7779799894523738,0.6353764027835573,0.7320097124326213,0.6720346403031745,0.9013784409842851,0.33193094370765686,0.849467681705,0.8931410336709438,0.5966977485080363,0.6100730695617851,0.5283851172492295,0.5867072331685041,0.9953978806517948,0.4461616385656004,0.9057246972976496,0.9368003183323359,0.6726182087884833,0.03701632744352479,0.6805403864420132,0.9057246972976498,0.885400876353422,0.8688785388851108,0.8780615512279375,0.9356856974167591,0.5688755408298725,0.8104315638950381,0.9210904902002871,0.707953113726438,0.8114788487242623,0.501602411424537,0.8389504944431287,0.7574626852085016,0.667974616500645,0.853346090482791,0.8802484277139024,0.8002661382236945,0.9150035043198985,0.7829885471498907,0.9539382344839202,0.9016370541080929,0.8315069861698934,0.6854767158305378,0.8931410336709438,0.885400876353422,0.8971901564492129,0.8010280162855912,0.8454267695073419,0.6353764027835573,0.9013784409842849,0.8816859778305948,0.885400876353422,0.8249859972997305,0.9057246972976496,0.9149900225490739,0.6344403429748712,0.6286211305917186,0.8793331866131817,0.8971901564492133,0.6396639613099091,0.36117976131352636,0.8578283462385066,0.8710529575837429,0.6761290913760445,0.8931410336709438,0.8168805099533945,0.3911301999112816,0.8676556569243741,0.7983028217639934,0.8091442663111565,0.5010720160370583,0.8403373796149367,0.5140977924643781,0.7397154644004935,0.8816859778305952,0.8463876019323999,0.9820509953030641,0.5798008017125886,0.5825042001895195,0.38304126742694344,0.885400876353422,0.6702296088046704,0.8605569040332726,0.8196136051637437,0.8843112806828813,0.9102521474185266,0.6670166624081622,0.885400876353422,0.885400876353422,0.868878538885111,0.8037010012713981,0.9851225181999319,0.8854008763534221,0.9102521474185266,0.885400876353422,0.8251503574709125,0.12281957705148838,0.555686321823345,0.7659565691703154,0.8279566795146676,0.8610478913106772,0.34805981307786316,0.4326890754466546,0.885400876353422,0.08996849656143557,0.8344202094125968,0.5110607445591273,0.5320763775577753,0.8272125475056469,0.7230874756409575,0.5867072331685038,0.5549495644479068,0.885400876353422,0.44961956890389976,0.8454267695073419,0.8353927267053267,0.8079384380598224,0.8892155845940946,0.35247688207642724,0.8710529575837425,0.885400876353422,0.7656260953636838,0.5894694525679569,0.885400876353422,0.8525874490132166,0.552125948521637,0.3061515312769062,0.3948358422003013,0.5688755408298725,0.885400876353422,0.9593267084993238,0.6914826318508716,0.9786078235958557,0.8608634967430604,0.7303879169050449,0.7905868338380972,0.7931448484714048,0.9786662698366029,0.5867072331685046,0.8702667377832223,0.7438395839048275,0.9755486419654261,0.6678378163138643,0.7328405437926264,0.14857063874358145,0.8546597599343506,0.602367810972693,0.8454267695073419,0.885400876353422,0.9274029754591527,0.8142030100411632,0.6692931558484396,0.8643222344048871,0.8297995438455981,0.878061551227937,0.9277523063525768,0.9611168424359664,0.878061551227937,0.9543810721294508,0.885400876353422,0.9482856138401969,0.21392608165256233,0.8244134553929048,0.9057246972976496,0.6694766586770133,0.9102521474185266,0.867655656924375,0.9678541586678329,0.8374013084826173,0.9919151906069508,0.9102521474185266,0.548100263402178,0.8114788487242621,0.7942152876357633,0.8484619576906178,0.6096192035927841,0.2742644338154646,0.8931410336709438,0.6201546181695787,0.7730117451851697,0.6553146522614905,0.8515386735783614,0.873457082543069,0.8643222344048873,0.8307902358986599,0.7338503961245904,0.7860071792100569,0.9734410070830288,0.9647450423796192,0.9919458408718853,0.9227130782248435,0.849467681705,0.8515386735783614,0.8546597599343508,0.3870074196881972,0.8643222344048873,0.2760277067093817,0.8515386735783614,0.8053106771413624,0.804511950525291,0.9302947288966976,0.9234482104503858,0.4324354010888052,0.8605569040332726,0.8131898801283293,0.9057246972976496,0.9990816443437577,0.8133809431767214,0.9013784409842849,0.9491270128542677,0.9066666273465951,0.7718625469689404,0.8971901564492135,0.9474427791084488,0.9056678186761242,0.37391981902054683,0.4402653413771954,0.6440344557913553,0.7117886795596482,0.6013562824993512,0.9392419520970219,0.8745195447781491,0.8024199911473346,0.885400876353422,0.658571195809565,0.885400876353422,0.885400876353422,0.5910688163795574,0.8546597599343508,0.9341648582611077,0.885400876353422,0.5851969012689019,0.6496801333816631,0.808808090126847,0.7168332186312043,0.1080935599008761,0.42486135998597707,0.8037010012713979,0.7804789596211703,0.6388174739209658,0.9024363921718173,0.8839519098287014,0.9013784409842847,0.8141693012543916,0.6487116375539921,0.6750038116382906,0.8946586272506354,0.9024363921718168,0.9110367363125389,0.9781544388429763,0.9786078235958556,0.9819940940403644,0.6238609283942583,0.7957286869230606,0.8610478913106774,0.8484619576906176,0.5510696467148677,0.6743862331819508,0.8518433170041958,0.7880418755318437,0.8546597599343506,0.8196136051637435,0.8931410336709438,0.8610478913106772,0.8892155845940946,0.9467200560154949,0.6773866140554354,0.4900474058791373,0.8971901564492133,0.6614057652160763,0.8745195447781495,0.891085963870411,0.6998536157609786,0.9494402015988872,0.5110607445591275,0.43253831064770965,0.9930547404043361,0.4248613599859774,0.6534092147090431,0.8010280162855912,0.43207012563093294,0.9786774257765747,0.8118232793036577,0.8435859019655767,0.885400876353422,0.602367810972693,0.8114788487242626,0.885400876353422,0.5259386037185573,0.8610478913106774,0.8780615512279373,0.8627022505622094,0.5083080235863159,0.8546597599343508,0.574360979007805,0.6965730689929316,0.6099763950271404,0.8643222344048869,0.7157906341723688,0.878061551227937,0.9338198267598912,0.6910612603127237,0.8542058822129399,0.8515386735783614,0.49245874113865407,0.7295243586973188,0.48600707745908966,0.7085010928784499,0.9954645327542637,0.6813700405622565,0.45894561741514805,0.8307902358986594,0.9539382344839202,0.8866634059168486,0.8892155845940948,0.4628102401853268,0.801028016285591,0.777595776786695,0.8816859778305952,0.543234125985252,0.45388449037450385,0.9930547404043362,0.7450966758535351,0.8931410336709438,0.8837507054227132,0.7526352981973861,0.5778229376838271,0.8595433895536657,0.8447402387323251,0.886663405916849,0.7906672768504011,0.5052659015231683,0.9155630897147411,0.6408633519402386,0.9149900225490744,0.885400876353422,0.8403373796149367,0.45422984127876054,0.7311621409585711,0.9620012761274979,0.8854008763534221,0.7916017748452115,0.6248759288416099,0.7880418755318435,0.8251503574709123,0.18138874677475825,0.9949625014137061,0.7862775763932399,0.5469451268567211,0.6501391990120002,0.7880418755318437,0.6792833185684208,0.7512776798866525,0.6185666173362778,0.8907361337480942,0.8655174742919487,0.8931410336709438,0.8542058822129399,0.9149900225490737,0.8365455300348619,0.8780615512279373,0.9930547404043363,0.4881387907516249,0.9697040536000001,0.9551293872486744,0.7834908200686697,0.0459791107696923,0.9057246972976498,0.9202651318010482,0.8610478913106772,0.4774978223851488,0.5537923365189843,0.8816859778305952,0.8718365977455129,0.8745195447781486,0.8816859778305952,0.8816859778305952,0.8168805099533938,0.885400876353422,0.9066666273465949,0.8542961702347794,0.885400876353422,0.8515386735783614,0.7915612578781701,0.9057246972976494,0.5867072331685046,0.9413830194575712,0.8892155845940948,0.8816859778305952,0.5432341259852522,0.6797668141977584,0.8546597599343506,0.6412624912620806,0.885400876353422,0.9817148430281428,0.9302947288966976,0.5647765526904125,0.6243545183875765,0.9069281264398866,0.9057246972976494,0.9251662135150307,0.8866634059168492,0.8088080901268471,0.9154984655951912,0.731092313722689,0.9677003624281724,0.8704054119278537,0.9056678186761242,0.8102098217702136,0.9555600901459856,0.9474427791084492,0.868878538885111,0.6610146236200114,0.8118232793036577,0.6755246526339986,0.885400876353422,0.9899936426963007,0.15447227723334245,0.9102521474185268,0.609135837653092,0.6432742166951542,0.9844006847043054,0.6039062602675376,0.878061551227937,0.5285753401714377,0.5290314113290122,0.885400876353422,0.885400876353422,0.8061560254525522,0.8527842962231341,0.801028016285591,0.606325390340706,0.6670166624081622,0.5626118795526722,0.2999815614718867,0.5633425521416342,0.8484619576906176,0.5779971046272834,0.885400876353422,0.7957286869230606,0.602367810972693,0.9149900225490741,0.5394742518882936,0.6353764027835573,0.6190375839583004,0.885400876353422,0.885400876353422,0.5049337561462175,0.9551293872486741,0.5380706883319777,0.5508044363598357,0.6779359557342889,0.26271301617899345,0.8365455300348617,0.9256522427411317,0.6578493242540189,0.7848151499527454,0.8854008763534221,0.9223025703420795,0.603765365789861,0.715327497275609,0.9057246972976496,0.8368917104714448,0.7054047837320216,0.8201203923509601,0.8373631026438322,0.8892155845940948,0.21983691722750187,0.885400876353422,0.6089813514626865,0.8837507054227132,0.7931008126567503,0.9202647648232504,0.5731455322470811,0.867655656924375,0.7855093208605664,0.8547604894720454,0.9013784409842851,0.7638459018651765,0.6892656137044064,0.8745195447781486,0.7839452431237174,0.9224196544072623,0.8454267695073416,0.6692931558484398,0.8971901564492133,0.9155630897147415,0.9147162799480846,0.839470829464936,0.9450014663851258,0.8704054119278537,0.9149900225490741,0.8315069861698934,0.9149900225490744,0.9149900225490737,0.9934814170701989,0.8908074406456203,0.7656260953636833,0.885400876353422,0.8713174172545042,0.8154708889081062,0.8610478913106772,0.8164266236795719,0.5954286544189951,0.8816859778305948,0.8655174742919487,0.7801518379683505,0.8892155845940946,0.714612564925591,0.8373631026438322,0.8785644137865676,0.8223298531781496,0.885400876353422,0.7750496320948062,0.9751421018560732,0.630644439803199,0.9539382344839205,0.8484619576906176,0.8515386735783614,0.9295045032597761,0.885400876353422,0.574360979007805,0.4248613599859772,0.8515386735783614,0.577086473063007,0.6244556667025061,0.5932131131641427,0.6408633519402386,0.6295522540952874,0.8433133516871905,0.6516913979293892,0.6769642436257235,0.8829583596177215,0.9970125884920227,0.9149900225490739,0.9961527583512033,0.9899936426963007,0.830557392775857,0.9724333308442188,0.6363667931074077,0.8010280162855912,0.4100961112976387,0.885400876353422,0.8816859778305952,0.6437020333812142,0.4254491242634445,0.9589964517750863,0.5110607445591275,0.45646088615296776,0.885400876353422,0.5378013312934322,0.195257168488419,0.8251503574709129,0.885400876353422,0.6546562942882366,0.8710529575837425,0.6353764027835573,0.8546597599343508,0.8816859778305952,0.4950162549885413,0.8454267695073419,0.9942558444336248,0.8394708294649358,0.9431083610157585,0.8906528429153151,0.41774633193999544,0.885400876353422,0.8878770571301755,0.885400876353422,0.9057246972976494,0.968148657039066,0.73905409745432,0.9149900225490741,0.8336526153804953,0.6467978350039467,0.8063906193297283,0.8344071032518652,0.885400876353422,0.6527576576384911,0.6269399583421413,0.7685757096049017,0.8307902358986594,0.6464184048400374,0.8333410567779673,0.7449034616957073,0.852587449013217,0.8114788487242621,0.7583094792012606,0.4564608861529681,0.8114788487242621,0.4453299155064693,0.8971901564492135,0.0,0.8114788487242621,0.9149900225490741,0.8454267695073419,0.8892155845940946,0.8513755312010733,0.8816859778305948,0.827956679514668,0.8793331866131817,0.7558839765538496,0.32863386023738306,0.8829583596177213,0.8061560254525519,0.8424305171733326,0.8816859778305948,0.8610478913106772,0.6817438473291946,0.88304175172004,0.5899036597626113,0.6396639613099091,0.8009042580085137,0.37134415306719304,0.868878538885111,0.8892155845940946,0.5867072331685053,0.8187616895030196,0.9742562434964273,0.8811310709409118,0.958128361583883,0.8564414716837312,0.6793588929077843,0.6185666173362787,0.8556353186453314,0.833652615380496,0.9204090139199401,0.8373631026438322,0.81978104447317,0.7821604217209908,0.915498465595191,0.8279566795146684,0.5916352919321852,0.8832347161846721,0.9179722794899132,0.951821158435468,0.7754910920028371,0.7725377197429613,0.9013784409842849,0.8547233147850073,0.8439227718924507,0.8454267695073412,0.9388137099150413,0.8373984893907681,0.8131898801283293,0.8323197318487097,0.8824696107393231,0.8054620272717139,0.8244276239366068,0.9155630897147411,0.8099133789137638,0.7064385118670835,0.8931410336709438,0.679376868354673,0.7624500092181512,0.8365455300348621,0.8931410336709438,0.9699920275968623,0.7085010928784503,0.807284548437142,0.9110367363125391,0.7592114128414416,0.652757657638491,0.9349222126828225,0.7674417937615683,0.9674484241224515,0.6987812553114576,0.7593381439341544,0.6585711958095651,0.7583094792012606,0.9031014914644797,0.9611168424359666,0.9102521474185268,0.7414448669201534,0.9057246972976492,0.7441867143188863,0.6585711958095651
p340_GAP,0.7789293219607627,0.9035033355391051,0.8220068840377226,0.8725113072902908,0.9164419655193168,0.9380163966266188,0.6876558016786272,0.7579170939157696,0.8417697283979715,0.9345618542101832,0.9010728262563199,0.913733309388403,0.913733309388403,0.8725113072902908,0.8529358756208603,0.7985180195740539,0.9085080245777921,0.8872955140291616,0.9312607396704551,0.9345618542101832,0.8149740971886754,0.8986853937484474,0.8940275945888625,0.9637851559795012,0.8963379163019165,0.8872955140291612,0.9085080245777921,0.8625429553264603,0.9345618542101832,0.6466638918783412,0.9075611147669869,0.9250379219402804,0.9059804204993025,0.8664814862756918,0.959657136477295,0.9829714105092717,0.9192233962368055,0.905980420499302,0.9380163966266193,0.9178938723744823,0.83449531009486,0.8895085707332924,0.9380163966266191,0.8843101430924514,0.9483551875577272,0.7490499756120759,0.9681385641755447,0.8363030843630055,0.8851108467483708,0.8220068840377226,0.9250379219402804,0.7726363025717513,0.9206037147937574,0.48810817043125043,0.905980420499302,0.8829528399528481,0.8829528399528481,0.392115299153029,0.6071095716993067,0.9110906193450523,0.8454542782771104,0.9733315178225722,0.8872955140291618,0.83449531009486,0.9280917395652362,0.7303137731952765,0.9727541677821405,0.8692986967753582,0.639864381918442,0.9829714105092717,0.9002546180665418,0.8851108467483708,0.9164419655193168,0.7148952917141536,0.392115299153029,0.9791620336018424,0.9351366270846035,0.9010728262563203,0.7856926766548296,0.9380163966266188,0.9010728262563201,0.9606559814622548,0.5880897807203314,0.8872955140291614,0.392115299153029,0.8932539868674869,0.9351366270846035,0.8846372337439967,0.9217876183991058,0.37240982580062965,0.392115299153029,0.8457632233052683,0.8767530976833093,0.7816587896936464,0.556725096436556,0.7372512932808071,0.8654219905756664,0.8149740971886752,0.8937754993063078,0.8726489988275377,0.9152383482658542,0.9681385641755447,0.9164419655193168,0.9046157595518329,0.568641306224706,0.9312607396704553,0.873633030464118,0.871645401526643,0.9320797389103184,0.8917899617757823,0.8397427871009944,0.8895085707332924,0.8701989245649346,0.8510501785307238,0.9681385641755447,0.8290533621536325,0.9795518972928103,0.9312607396704553,0.9380163966266191,0.8692813631878971,0.9778448510169848,0.8114788487242621,0.8963379163019165,0.9686885474691006,0.9539119155583538,0.7092621163632717,0.9192233962368055,0.563979452141123,0.9557248896714008,0.7455019971844741,0.8772915445392941,0.9681385641755447,0.9250379219402804,0.9380163966266186,0.9085080245777923,0.8249883989729045,0.9097354750251417,0.9250379219402804,0.9250379219402802,0.43493149183744406,0.9408192969574403,0.9345618542101832,0.8259082699530016,0.853642808020449,0.8845690674506623,0.9070227924758554,0.8715871553037837,0.8388237514735577,0.950974025121072,0.9741753557285805,0.9887119198512566,0.949851490298083,0.7834603998983651,0.804521108620692,0.9250379219402804,0.8851108467483706,0.8578372379792807,0.8865088771202729,0.9483736101793037,0.798518019574054,0.6795217115677474,0.9681385641755447,0.891751906668637,0.8205519781023325,0.8799977696515333,0.8625429553264603,0.917023132218455,0.8593962429851334,0.9100752707392668,0.9044518282458383,0.8725113072902908,0.9137333093884032,0.8829528399528477,0.6089464994162512,0.8407654886035592,0.932171712785949,0.9312607396704551,0.6115825776952687,0.8978898271654778,0.7946171004168203,0.8721537713050256,0.9100550701129242,0.9475238565788602,0.918300369479605,0.5512474062112496,0.9765073891121583,0.8692813631878971,0.9392178238502196,0.3360110469238422,0.8506680709069908,0.9110906193450525,0.918790640016018,0.802772649083082,0.7842519392715934,0.8674533886652144,0.392115299153029,0.9637851559795012,0.9110906193450523,0.6118261102348688,0.8073399772739787,0.8695195625728145,0.9183003694796054,0.392115299153029,0.8050897567384336,0.8585820023484629,0.9887119198512568,0.392115299153029,0.6924731812116804,0.9450032706006539,0.9285654998056465,0.7844567273912892,0.8436077083923406,0.913733309388403,0.392115299153029,0.60376153540821,0.392115299153029,0.8787682558351375,0.7544522969545062,0.8073399772739783,0.392115299153029,0.6677789352692072,0.392115299153029,0.9182135336489843,0.8736330304641184,0.8625429553264601,0.8178051785527845,0.9681385641755447,0.846081155217711,0.4349314918374435,0.929104460779949,0.8986853937484476,0.8976528842875964,0.6534633690785288,0.8664814862756909,0.9250379219402804,0.4682785689774849,0.8255926828382909,0.8654110063376463,0.8799977696515331,0.8887315011070405,0.916867385853847,0.9085080245777921,0.8344202094125963,0.9662885265016659,0.392115299153029,0.9418243114872844,0.392115299153029,0.7871346886395656,0.8299096514248938,0.9727541677821405,0.9919265098151697,0.846081155217711,0.9192233962368055,0.9978967545796937,0.8963379163019165,0.8476812770166928,0.9382829336530905,0.9377830288440718,0.9220855717829912,0.8105237777176177,0.7889642625662017,0.9617432150231073,0.37240982580062965,0.9727347845851518,0.7763116512366663,0.9380163966266193,0.8421948095589065,0.977916645584153,0.5348106214113686,0.9160634361285378,0.8378198019391048,0.8363808488504197,0.9710283661798575,0.8902875130205796,0.9573194469708504,0.9312607396704553,0.930282731955488,0.858661907755419,0.891751906668637,0.9392178238502196,0.9312607396704553,0.9175493257473806,0.8264039056668997,0.9727347845851518,0.8574165634704998,0.8725113072902908,0.922085571782991,0.8427643818641354,0.8889605647260728,0.9110906193450523,0.9220855717829912,0.9858084434319018,0.892468847298958,0.9312607396704551,0.7805417669717742,0.7907025084637319,0.8114788487242621,0.9391723105844711,0.9312607396704551,0.9164419655193168,0.8851108467483708,0.9110906193450523,0.9727541677821405,0.8616154694210616,0.8574165634704998,0.922085571782991,0.9178938723744825,0.7393470790378004,0.9635593786987412,0.8510501785307241,0.878189460043324,0.7754028601933831,0.7141508283610296,0.8422728385374881,0.8339903731560383,0.934561854210183,0.9701379144280489,0.9345618542101832,0.8664814862756909,0.88873150110704,0.8510501785307236,0.922085571782991,0.392115299153029,0.92503792194028,0.9053490782134382,0.9206037147937578,0.9312607396704553,0.9776784774900422,0.9137333093884032,0.392115299153029,0.9320797389103184,0.8618965769742782,0.995006876394922,0.8799793340483575,0.7284248693131303,0.891751906668637,0.8840970946922794,0.8421948095589065,0.7570652661468138,0.8963379163019165,0.9448810215177164,0.7777865574945615,0.9681385641755447,0.8955568994617094,0.7092145629397737,0.9035033355391058,0.9070227924758547,0.9380163966266188,0.8741160168514928,0.8664814862756909,0.8758231153994434,0.9085080245777923,0.37240982580062965,0.8704839044326604,0.9591075443923951,0.8889605647260728,0.909901825141451,0.7208140366012072,0.392115299153029,0.9219775429521295,0.9917486808400419,0.8978898271654778,0.9795019860868404,0.9345618542101832,0.8647201136093716,0.392115299153029,0.392115299153029,0.950974025121072,0.8674433656039868,0.8094841827285857,0.392115299153029,0.9887119198512566,0.916441965519317,0.8260689978031812,0.8308992056894287,0.8771645181176804,0.9164419655193168,0.8745574900762871,0.9351366270846035,0.743399034987535,0.9774187193994319,0.392115299153029,0.8494541037919072,0.8909793814432985,0.8550535369583181,0.9736158226603804,0.8745574900762871,0.8081910707976664,0.9220855717829912,0.8694744805372419,0.392115299153029,0.7411506210690888,0.9539119155583538,0.8713488676698913,0.7782444305894078,0.8579678050497165,0.7608589935161947,0.9059804204993018,0.392115299153029,0.8783146676704365,0.7033609693574177,0.392115299153029,0.9727900438033125,0.8114430247359983,0.7796562783546093,0.7150434801379619,0.8803115019196854,0.392115299153029,0.9550740759524949,0.8447382063677082,0.9727347845851518,0.7796639895897065,0.8690308077683597,0.9526024456618092,0.9553943160980236,0.8534914491504231,0.9220855717829912,0.981028709859354,0.9516336164537744,0.8940275945888625,0.9197591066598911,0.9228780875209064,0.8087102574521292,0.5447425463537505,0.9250379219402802,0.9206037147937578,0.392115299153029,0.9829714105092717,0.8633928226985463,0.8431888212288878,0.9010728262563201,0.8328595305783377,0.4349314918374444,0.7717499117194848,0.9637851559795012,0.3940578737863504,0.9010728262563199,0.9164419655193168,0.9415276164159578,0.8010551050442436,0.8674433656039868,0.9312607396704551,0.9066173148358452,0.8488378832255231,0.9443995409534846,0.9291044607799492,0.8221027455844967,0.9351366270846035,0.934561854210183,0.8759815077541722,0.9952749140893472,0.7503790091464533,0.5686741983440355,0.898685393748448,0.8908821080541924,0.922085571782991,0.8664814862756909,0.8915944281121329,0.8637098510569032,0.891751906668637,0.9340990416559534,0.9128766367598273,0.8766235303260086,0.7136363156122656,0.9781012105682778,0.8694906326534082,0.9483551875577272,0.9847682690808618,0.8438537352691284,0.8725113072902908,0.9606559814622548,0.5447425463537512,0.7188967308975089,0.9500867441565978,0.9982924416574901,0.9359879063473188,0.8887315011070402,0.892955162382916,0.9220855717829912,0.9839152575187717,0.9875617203509329,0.8932539868674869,0.9839009074365002,0.9312607396704551,0.7256064607423468,0.8695195625728145,0.9776784774900422,0.8246563573883152,0.9483551875577274,0.9085080245777926,0.9795295863759995,0.9312607396704553,0.907561114766986,0.7513468841607733,0.8567411419143387,0.913733309388403,0.913733309388403,0.6416292499281782,0.8473098920648878,0.4140902047633066,0.8320832928690333,0.392115299153029,0.9280917395652364,0.392115299153029,0.392115299153029,0.9106077393841203,0.544742546353751,0.895556899461708,0.392115299153029,0.7307378758911902,0.8503548479572687,0.632958458197248,0.7982969007350016,0.8269876062062993,0.9055432063410844,0.8674433656039868,0.49781145074870226,0.9526088268794943,0.9059804204993023,0.9285654998056466,0.6752143570363177,0.8932539868674876,0.660684002295814,0.8080208903060158,0.8766235303260079,0.9837816225361296,0.9110906193450523,0.9611487363073126,0.9280917395652364,0.9022539733648121,0.9220855717829912,0.8864731575813807,0.9555096729069269,0.957235724598626,0.8940275945888625,0.8308879161563283,0.9050879833003673,0.8976528842875968,0.9305880744557048,0.5726302687891931,0.9220855717829912,0.5180948728730483,0.9192233962368055,0.9700497852148386,0.9286887277296862,0.7562824401099395,0.64551586548298,0.9491783380781875,0.7727146715827278,0.8224249635528782,0.8184827691642289,0.955724889671401,0.9966395719542115,0.8787105864554914,0.9380163966266188,0.6993578432043268,0.9464493622447823,0.8544068747803459,0.8637634588274636,0.8986853937484471,0.8999561688633484,0.9191600545391068,0.392115299153029,0.9250379219402802,0.9194158075601375,0.8674821796907911,0.7924637524647538,0.8826072062346139,0.9928378554472403,0.9100752707392668,0.9153844657390153,0.929104460779949,0.9033645881484775,0.9345618542101835,0.8837349137646373,0.9382829336530905,0.987165253377389,0.4349314918374444,0.9059804204993018,0.7207145541760415,0.945003270600653,0.891751906668637,0.8060955792799718,0.9289493645217686,0.9728237043907222,0.9424009047294863,0.8664814862756909,0.8141959578710513,0.8132236490903704,0.9384986992079645,0.9345618542101832,0.8963379163019165,0.9470913245351076,0.7544522969545062,0.9562912816465309,0.7698246703898527,0.4144014060836271,0.8694744805372403,0.7581095512159903,0.9380163966266188,0.890042618869048,0.9681385641755447,0.8932539868674869,0.9194158075601371,0.8895085707332926,0.7827571719269769,0.8766235303260079,0.9320797389103184,0.6234124216963135,0.9010728262563203,0.8343172089136093,0.9727541677821405,0.9380163966266188,0.392115299153029,0.9590660346082054,0.7996720111682831,0.9984695943070976,0.8684742769407374,0.392115299153029,0.9214837186008105,0.7876704712499112,0.8715535812823534,0.6452171808592648,0.8417697283979713,0.8457632233052683,0.9617865917199473,0.7963216353462472,0.8808199067953635,0.9498514902980826,0.8028431297096315,0.8674647054043128,0.9280917395652364,0.8654110063376463,0.8829528399528481,0.9681385641755447,0.8605956163602337,0.9380163966266191,0.9126333026427302,0.9519642373961463,0.9380163966266188,0.9035033355391053,0.9475238565788602,0.9164419655193168,0.707558954614502,0.8097356591508627,0.982971410509272,0.916441965519317,0.9351366270846042,0.6762843851718214,0.8990075344183093,0.37240982580062965,0.9250379219402804,0.37424304178337076,0.37240982580062965,0.37240982580062965,0.4938594236319296,0.392115299153029,0.9321033235024668,0.5735810631520468,0.392115299153029,0.9262039440654459,0.8019817127031066,0.9312607396704553,0.9220855717829912,0.8239745708107343,0.8579678050497165,0.4144014060836271,0.6831702677637472,0.889836170211558,0.9641813269710358,0.9155256014445621,0.392115299153029,0.8736330304641182,0.9220855717829912,0.891751906668637,0.9301734830249901,0.849175025655186,0.9829714105092717,0.9637851559795012,0.9678215615187202,0.8887315011070402,0.7819856802224692,0.9164419655193166,0.6892302276908611,0.9002546180665418,0.8449382097051857,0.8145815970977258,0.9010728262563201,0.982971410509272,0.9178938723744823,0.9220855717829912,0.8473098920648876,0.9966036797907549,0.392115299153029,0.959657136477295,0.8288376175853325,0.9887119198512568,0.7721661418386527,0.9483551875577274,0.9010728262563201,0.8450271693045466,0.4349314918374444,0.7488289459323427,0.8869220795553374,0.392115299153029,0.392115299153029,0.5565517355826255,0.6403548016203813,0.8654110063376461,0.7743343388904205,0.8845859709276054,0.7717606226961908,0.7759150787868947,0.8946491389198694,0.8895085707332924,0.8620494680941633,0.392115299153029,0.8125064031083682,0.9250379219402802,0.9380163966266193,0.7415433094883421,0.9312607396704553,0.9687214300938704,0.392115299153029,0.392115299153029,0.8505784218626424,0.959657136477295,0.8453972681111293,0.8986853937484476,0.826240675987177,0.83449531009486,0.70560594718887,0.8915944281121329,0.8442327316715383,0.7945725145463096,0.392115299153029,0.8605956163602335,0.908436722897763,0.9916530842778032,0.9312607396704551,0.7715489837686926,0.8835191731835004,0.7143687895391815,0.8932539868674869,0.9192233962368055,0.8094841827285855,0.392115299153029,0.9450651903546778,0.864504653794369,0.8593962429851334,0.8556409588476661,0.9681281923135314,0.9443995409534844,0.973022329697679,0.8001594614292735,0.9727347845851518,0.8050897567384345,0.8567594461550303,0.8922561605225315,0.934561854210183,0.9629372157622487,0.5464650729727079,0.8997707618247144,0.9250379219402802,0.4144014060836271,0.9055556127456228,0.9475238565788602,0.8887315011070402,0.9508918137640506,0.9380163966266188,0.8580455361717003,0.9950068763949222,0.9950068763949222,0.8654110063376463,0.6020458190139335,0.9022539733648123,0.9971276925647266,0.934561854210183,0.935136627084604,0.9351366270846038,0.9369167370133402,0.9059804204993029,0.9557248896714008,0.8910486018561092,0.6932562729035578,0.919223396236805,0.8971931199014,0.6755060170357445,0.813432671953276,0.6548161142115378,0.392115299153029,0.8695195625728143,0.9971276925647266,0.9184278084209281,0.9345618542101832,0.9233721476659593,0.8917519066686372,0.8243122708779269,0.392115299153029,0.8157250957843047,0.7181019671258502,0.7637277193632763,0.8867990824195611,0.9067035405812569,0.8809101149594388,0.9250379219402802,0.8731986491331227,0.8174261692988933,0.830566710654991,0.9701202380913234,0.8940275945888623,0.9021697647194539,0.9950068763949222,0.9291044607799492,0.916441965519317,0.9200815730295618,0.9178938723744823,0.9307566130240477,0.49781145074870226,0.7448953171572592,0.916441965519317,0.37240982580062965,0.8782687335528578,0.7717038558391369,0.7320270950272713,0.9781012105682778,0.9976374126011074,0.392115299153029,0.995005507865818,0.7960663611529739,0.9026532767809434,0.392115299153029,0.7562824401099395,0.9448810215177157,0.9312607396704553,0.544742546353751,0.3724098258006291,0.9464493622447829,0.9206037147937579,0.8308992056894287,0.9152383482658542,0.849175025655186,0.8940275945888627,0.7111642931719588,0.392115299153029,0.8808199067953635,0.392115299153029,0.9312607396704553,0.9779166455841535,0.8097356591508624,0.9380163966266193,0.8787105864554914,0.9177035669169333,0.8436077083923403,0.9026532767809434,0.392115299153029,0.9175649668107596,0.991087445383698,0.93547703905673,0.8766235303260077,0.6892302276908617,0.9250379219402804,0.6283751186183373,0.8745574900762871,0.0,0.8237753987296021,0.6624875144439113,0.0,0.8725113072902908,0.9250379219402804,0.8114788487242621,0.0,0.9380163966266193,0.8872955140291618,0.9192233962368055,0.8114788487242621,0.913733309388403,0.8745574900762874,0.891751906668637,0.8220068840377226,0.860595616360234,0.8940275945888625,0.858661907755419,0.885110846748371,0.9137333093884032,0.8986853937484478,0.5560527678469822,0.8725113072902908,0.838117822314655,0.9003613107125843,0.7083456356997246,0.8491750256551862,0.885110846748371,0.9192233962368053,0.9220855717829912,0.838117822314655,0.8255485912247713,0.8808199067953635,0.8808199067953637,0.8363030843630055,0.9250379219402804,0.9280917395652364,0.57701192976756,0.878710586455492,0.9916989200948287,0.8932539868674869,0.8449382097051857,0.6551231726029946,0.8963379163019165,0.874557490076288,0.9164419655193166,0.770288333758864,0.7993245940412694,0.8567411419143387,0.8363030843630055,0.665292012241528,0.9280917395652362,0.8664814862756909,0.5679417820973465,0.8872955140291612,0.9085080245777923,0.9414399550230419,0.9413962938926795,0.39177416167999646,0.6235050817053063,0.9010728262563199,0.48338372837933297,0.913733309388403,0.8079951197225061,0.568230459218964,0.922085571782991,0.9192233962368055,0.8132249165650078,0.8808199067953628,0.9681385641755447,0.8574165634704995,0.8169712959496185,0.5592742120839422,0.9110906193450521,0.9110906193450523,0.7627508051901155,0.891751906668637,0.8399399046211002,0.9220855717829912,0.7682410594343814,0.891751906668637,0.9280917395652364,0.8237753987296021,0.8895085707332924,0.9192233962368055,0.9345618542101832,0.8344202094125963,0.9312607396704553,0.5769492631020139,0.9280917395652364
p340_K,0.8163516728240249,0.9564866901437921,0.9197374370356892,0.9425114327004687,0.9623211158059548,0.9720496894409938,0.8722678885791351,0.8487307132759605,0.9286491105644255,0.052790958159659174,0.9553906988562066,0.9610996995613952,0.9610996995613952,0.9425114327004687,0.9336842693103169,0.6712114107412733,0.9587434581480645,0.9491780856091547,0.9690033562225548,0.9704919301607371,0.9165661374366312,0.9543141322095119,0.9522137875062906,0.2326540051734195,0.953255582527178,0.949178085609155,0.9587434581480645,0.9380163966266193,0.9704919301607371,0.8323106849540625,0.9443657603723177,0.9661972965770262,0.9576036838348736,0.9397924012017989,0.962321115805955,0.9690033562225546,0.9635753483468394,0.9576036838348734,2.220446049250313e-16,0.9481929520311925,0.9253688519211307,0.9501760208500689,0.9720496894409938,0.9354001807590555,0.9587434581480645,0.8868389261885843,0.9648659912110238,0.9261840328635953,0.9481929520311925,0.919737437035689,0.17313387011495374,0.8884227473641775,0.949178085609155,0.9564866901437918,0.9576036838348734,0.9472198404849024,0.47043906619852216,0.9623211158059548,0.8059290360431437,0.9599080294518356,0.9303105872741886,0.8747439046690526,0.9491780856091547,0.6254873296405832,0.9675743567407267,0.8697688980991498,0.9661972965770262,0.7384277708626144,0.8292427453148619,0.9690033562225548,0.9415972144812144,0.9481929520311925,0.9623211158059548,0.782593546960169,0.9623211158059548,0.9157773781681393,0.9543141322095119,0.9553906988562064,0.8689304945061074,0.9720496894409938,0.373442088480355,0.9511876099263499,0.9453068780840739,0.949178085609155,0.9623211158059548,0.9389009867184679,0.9543141322095119,0.8550872530468148,0.6446941655068895,0.9610996995613954,0.9623211158059548,0.919737437035689,0.7768546873095724,0.8923606027185707,0.9453068780840739,0.9261840328635954,0.9181483053976589,0.9165661374366314,0.7907939939476721,0.8655480930335329,0.9472198404849024,0.9648659912110238,0.962321115805955,0.8947109826062527,0.9040598105946911,0.9690033562225546,0.931147340525424,0.814096311765173,0.9532555825271782,0.7797528582489333,0.9079504174811017,0.4390189014229985,0.8568667102675334,0.9328339505740528,0.9648659912110238,0.8392586329331393,0.9564866901437921,0.09827945374704128,0.9720496894409936,0.8947109826062527,0.9354001807590553,0.6712114107412732,0.9532555825271782,0.49760595730153656,0.949178085609155,0.8185746204202071,0.9635753483468394,0.8970542565865081,0.9610996995613952,0.9371382816751241,0.905615332194182,0.9648659912110238,0.9661972965770262,0.9720496894409938,0.9587434581480645,0.7564255978266243,0.6884383316939826,0.9661972965770262,0.966197296577026,0.9599080294518356,0.8550872530468148,0.9704919301607371,0.8697688980991498,0.9048375041252172,0.6650004003137481,0.9336842693103169,0.9205349146293753,0.7614076267185659,0.9481929520311925,0.8440565830183069,0.9704919301607371,0.9303105872741886,0.7384277708626144,0.9118525638325776,0.9661972965770262,0.9481929520311925,0.9221363294762477,0.9362663130722397,0.7364958146357469,0.9149900225490741,0.804725297579278,0.9648659912110238,0.9511876099263499,0.8094833764446487,0.9237472579920247,0.9380163966266191,0.7284947426457362,0.9253688519211307,0.9453068780840739,0.7564255978266244,0.9425114327004687,0.9610996995613954,0.9472198404849024,0.8828532941996561,0.8915752582995884,0.9095092958001549,0.9690033562225548,0.7086694248546104,0.9406910117203195,0.9157773781681393,0.5730196105622355,0.9173564091624518,0.9472198404849024,0.9610996995613952,0.8954927753294004,0.8915752582995886,0.8947109826062527,0.6171066867295263,0.956486690143792,0.9434341193662401,0.3028451788013694,0.9286491105644257,0.8680892785394447,0.8207663324301318,0.5989303185983939,0.9623211158059548,0.23265400517341905,0.9599080294518358,0.6213514278373327,0.8780124908814337,0.9197374370356892,0.9610996995613952,0.9623211158059548,0.9025045192170253,0.8440565830183069,0.052790958159660284,0.9623211158059548,0.7738965054378302,0.9371382816751244,0.9157773781681393,0.8939283999593045,0.9294779121965995,0.9610996995613952,0.9623211158059548,0.7384277708626144,0.9623211158059548,0.860380696433722,0.8804415508981578,0.8780124908814337,0.9623211158059548,0.8970542565865081,0.9623211158059548,0.8722678885791348,0.931147340525424,0.9380163966266191,0.907950417481102,0.9648659912110236,0.8353231768642491,0.9599080294518356,0.9522137875062906,0.38820664002303085,0.9303105872741888,0.8459404597981655,0.9397924012017989,0.9661972965770262,0.9253688519211307,0.655181592999205,0.9278239868212359,0.9237472579920247,0.9371382816751241,0.9371382816751241,0.3225241548524257,0.9149900225490741,0.9599080294518358,0.9623211158059548,0.9278239868212359,0.9623211158059548,0.8586309929616845,0.9371382816751241,0.9661972965770262,0.9462580354121288,0.8353231768642491,0.23265400517341916,0.9362663130722397,0.953255582527178,0.9205349146293753,0.9553906988562066,0.8970542565865081,0.20446565813531903,0.9048375041252172,0.9048375041252172,0.7581058089268597,0.9610996995613954,0.9675743567407267,0.8730956945148616,2.220446049250313e-16,0.8763826688608698,0.7738965054378302,0.9501760208500689,0.9040598105946913,0.9071717080147699,0.9661972965770262,0.7512620045838893,0.8140963117651734,0.8353231768642491,0.9690033562225546,0.8730956945148616,0.9362663130722397,0.9511876099263499,0.9270023539448382,0.9690033562225546,0.8900013566415692,0.7972905325104861,0.9675743567407267,0.9245566463845687,0.9425114327004684,0.9648659912110236,0.9397924012017989,0.8047252975792779,0.9599080294518356,0.9648659912110238,0.9648659912110238,0.8505681838601363,0.9690033562225548,0.8129560940834343,0.8923606027185707,0.9149900225490741,0.8844523283713124,0.9690033562225548,0.962321115805955,0.9481929520311925,0.9599080294518358,0.9661972965770262,0.8094833764446488,0.6295192456385066,0.9648659912110238,0.9481929520311925,0.9380163966266193,0.8629791856785534,0.5838625198609824,0.6742237505107236,0.8804415508981578,0.8459404597981652,0.7708756350468666,0.9490060614215786,0.9704919301607371,0.9286491105644257,0.9704919301607371,0.9397924012017989,0.5553683337996577,0.9328339505740528,0.9648659912110238,0.9623211158059548,0.966197296577026,0.6127479292908626,0.949178085609155,0.9690033562225546,0.9675743567407267,0.9610996995613954,0.9623211158059548,0.953255582527178,0.9690033562225548,0.9720496894409938,0.9336842693103169,0.8689304945061069,0.9511876099263499,0.9661972965770262,0.7738965054378302,0.8730956945148616,0.953255582527178,0.9576036838348736,0.8820512005878682,0.20446565813531903,0.9397924012017989,0.8603806964337217,0.9564866901437918,0.9336842693103169,0.9720496894409938,0.8392586329331393,0.9397924012017989,0.830271740571741,0.9587434581480645,0.9610996995613954,0.9415972144812141,0.9149900225490741,0.8047252975792779,0.8577507109035436,0.8655480930335331,0.9623211158059548,0.8915752582995884,0.542540721071606,0.9406910117203195,0.9389009867184677,0.9704919301607371,0.7564255978266244,0.9623211158059548,0.9623211158059548,0.4604921211524192,0.6082696266282197,0.8954927753294006,0.9623211158059548,0.9704919301607371,0.962321115805955,0.9425114327004686,0.9237472579920245,0.8207663324301318,0.962321115805955,0.9434341193662401,0.9543141322095119,0.8755644359298407,0.8577507109035436,0.9623211158059548,0.9118525638325778,0.9380163966266191,0.8312943488564513,0.8292427453148619,0.9434341193662401,0.9032821743004193,0.9648659912110238,0.81522811957198,0.9623211158059548,0.8496516619740198,0.9491780856091547,0.8954927753294006,0.8739210119869605,0.9635753483468394,0.8747439046690526,0.9576036838348734,0.9623211158059548,0.9229405345355657,0.8550872530468148,0.9623211158059548,0.9434341193662401,0.8163516728240249,0.8828532941996561,0.8629791856785534,0.8094833764446488,0.9623211158059548,0.8363155310118788,0.8931449617140896,0.9675743567407267,0.8900013566415692,0.8629791856785535,0.931147340525424,0.9319883865480127,0.9229405345355657,0.9648659912110238,0.9245566463845687,0.9157773781681393,0.9522137875062906,0.7440708737294037,0.9063933734589966,0.9040598105946911,0.9522137875062906,0.966197296577026,0.9491780856091547,0.9623211158059548,0.9690033562225548,0.9270023539448382,0.7985559379258652,0.9553906988562066,0.9462580354121288,0.9599080294518356,0.8505681838601363,0.9635753483468394,0.9599080294518356,0.9553906988562066,0.962321115805955,0.9564866901437921,0.9102896363632478,0.9286491105644255,0.9690033562225548,0.7547252233507542,0.9704919301607371,0.9564866901437921,0.9522137875062906,0.8106497905453541,0.9543141322095119,0.9704919301607371,0.8118073077748235,0.9380163966266188,0.919737437035689,0.9501760208500689,0.9543141322095119,0.9278239868212359,0.9648659912110238,0.9397924012017989,0.6254873296405832,0.9087295850935582,0.9511876099263499,0.9253688519211307,0.9553906988562066,0.9443657603723177,0.8812473067855704,0.8343249892961567,0.9294779121965993,0.9587434581480645,0.7972905325104862,0.9189419416378726,0.5138109736953936,0.9511876099263499,0.9522137875062906,0.8646949616010218,0.9553906988562066,0.8900013566415693,0.9511876099263499,0.9371382816751241,0.846875198060719,0.9648659912110238,0.8852493927538772,0.8680892785394447,0.9389009867184679,0.9253688519211307,0.9690033562225548,0.860380696433722,0.6517640413322651,0.9675743567407267,0.9380163966266191,0.9587434581480645,0.9587434581480647,0.9661972965770262,0.09827945374704128,0.9443657603723179,0.870604554931679,0.9354001807590557,0.9610996995613954,0.9610996995613954,0.8689304945061074,0.594056195181146,0.9587434581480645,0.9048375041252172,0.9623211158059548,0.9675743567407267,0.9623211158059548,0.9623211158059548,0.8655480930335329,0.41509675907699617,0.9397924012017989,0.9623211158059548,0.8022882727652556,0.7677892378256611,0.9371382816751243,0.9469265748682146,0.9568784918748878,0.8559789162214919,0.6082696266282197,0.6127479292908633,0.8812473067855704,0.3407372836322805,0.6681377289013237,0.9675743567407267,0.9389009867184677,0.830271740571741,0.8931449617140896,0.9443657603723177,0.9576036838348734,0.3028451788013702,0.8250605217364744,0.9675743567407267,0.9229405345355657,0.9648659912110238,0.9261840328635953,0.3882066400230294,0.9501760208500687,0.9522137875062906,0.8876315196146518,0.9434341193662401,0.9303105872741886,0.9522137875062906,0.9406910117203198,0.9648659912110238,0.9543141322095119,0.9635753483468394,0.9362663130722397,0.8939283999593046,0.8812473067855704,0.9661972965770262,0.8939283999593046,0.322524154852428,0.8363155310118788,0.9181483053976591,0.9610996995613952,0.8312943488564515,0.9453068780840739,0.9720496894409938,0.8559789162214919,0.8860449046541112,0.6127479292908626,0.8541916441056754,0.9543141322095119,0.5940561951811458,0.9126353343364841,0.9623211158059548,0.966197296577026,0.9380163966266193,0.962321115805955,0.8970542565865081,0.9543141322095121,0.9599080294518358,0.9453068780840739,0.8747439046690526,0.9522137875062904,0.8071231748299155,0.9704919301607371,0.846875198060719,0.9553906988562066,0.9009488545209481,0.9599080294518356,0.9576036838348734,0.7881119119846212,0.9371382816751241,0.9511876099263499,0.8373021566360075,0.9110706954672416,0.8595076304199196,0.7243195312579486,0.9397924012017989,0.7768546873095722,0.8970542565865081,0.9443657603723179,0.9704919301607373,0.953255582527178,0.9635753483468394,0.8804415508981578,0.9278239868212359,0.9205349146293753,0.9610996995613954,0.8487307132759603,0.8820512005878682,0.9720496894409938,0.6884383316939817,0.9648659912110238,0.9389009867184679,0.9380163966266191,0.9501760208500687,0.6171066867295263,0.9443657603723179,0.953255582527178,0.9245566463845687,0.9553906988562064,0.9610996995613954,0.966197296577026,0.9720496894409938,0.9623211158059548,0.5357677250559745,0.9001706985868916,0.8568667102675338,0.9406910117203195,0.9623211158059548,0.9134191021410438,0.86976889809915,0.9303105872741886,0.9425114327004687,0.9286491105644255,0.919737437035689,0.9118525638325778,0.8239977917540982,0.9462580354121286,0.9303105872741886,0.8892126720780513,0.9189419416378726,0.9675743567407267,0.9278239868212359,0.47043906619852205,0.9648659912110238,0.9371382816751244,0.9720496894409936,0.946258035412129,0.9599080294518358,0.9720496894409938,0.9564866901437921,0.9472198404849024,0.962321115805955,0.8828532941996562,0.91420396482916,0.9690033562225548,0.962321115805955,0.3882066400230304,0.8282072461374005,0.8532920118076435,0.9610996995613954,0.9661972965770262,0.9587434581480645,0.9610996995613954,0.9610996995613954,0.9397924012017989,0.9623211158059548,0.3225241548524259,0.5940561951811463,0.9623211158059548,0.9511876099263499,0.9189419416378728,0.9690033562225546,0.9648659912110238,0.9675743567407267,0.9635753483468394,0.9610996995613954,0.8152281195719799,0.8947109826062527,0.9522137875062906,0.7630301393628995,0.9623211158059548,0.931147340525424,0.9648659912110238,0.9511876099263499,0.846875198060719,0.9319883865480127,0.9690033562225546,0.9635753483468394,0.4020609931601544,0.9371382816751241,0.9532555825271782,0.9623211158059548,0.5553683337996579,0.9415972144812141,0.9443657603723181,0.880441550898158,0.9553906988562066,0.9690033562225548,0.9481929520311925,0.9648659912110238,0.931147340525424,0.8828532941996561,0.9623211158059548,0.9623211158059548,0.9126353343364846,0.052790958159660284,0.8796338709830263,0.9587434581480645,0.9553906988562064,0.86976889809915,0.9599080294518356,0.845000951153192,0.8250605217364745,0.9623211158059548,0.9623211158059548,0.9362663130722397,0.8747439046690527,0.9278239868212361,0.8059290360431437,0.7564255978266246,0.8629791856785536,0.8812473067855704,0.8118073077748236,0.9501760208500687,0.7985559379258652,0.9623211158059548,0.9261840328635953,0.966197296577026,2.220446049250313e-16,0.8747439046690526,0.9690033562225546,0.8747439046690526,0.9623211158059548,0.9623211158059548,0.8333208615507239,0.962321115805955,0.827165123861132,0.9543141322095119,0.8939283999593046,0.9253688519211307,0.9462580354121288,0.9253688519211307,0.7723940797883342,0.8892126720780513,0.9623211158059548,0.9371382816751241,0.7934274222916354,0.9635753483468394,0.9690033562225548,0.9157773781681393,0.8035117733343915,0.5785266893944587,0.9389009867184679,0.9635753483468394,0.8954927753294006,0.9623211158059548,0.8714375301735617,0.542540721071606,0.6254873296405832,0.9056153321941816,0.9001706985868916,0.9564866901437921,0.9294779121965995,0.8915752582995886,0.9675743567407267,0.9025045192170253,0.7264223684273604,0.9587434581480645,0.9704919301607371,0.9425114327004687,0.949178085609155,0.8612502633673058,0.17313387011495318,0.9610996995613954,0.907950417481102,0.9472198404849024,0.9371382816751241,0.9415972144812144,0.9720496894409938,0.9371382816751241,0.9720496894409938,0.9720496894409938,0.9278239868212359,0.9406910117203195,0.9229405345355655,0.9623211158059548,0.9704919301607371,0.9543141322095119,0.9543141322095119,0.8755644359298407,0.9576036838348738,0.9610996995613952,0.9472198404849024,0.921334501588241,0.23265400517341916,0.837302156636007,0.9389009867184674,0.8689304945061074,0.852388277575679,0.9623211158059548,0.919737437035689,0.962321115805955,0.8440565830183071,0.052790958159659174,0.9501760208500689,0.9511876099263499,0.8931449617140896,0.9623211158059548,0.8550872530468148,0.8559789162214919,0.4273931164437189,0.8059290360431437,0.7825935469601689,0.7985559379258651,0.966197296577026,0.868089278539445,0.8852493927538769,0.8559789162214919,0.8532920118076435,0.9522137875062904,0.8836536494976579,0.9720496894409938,0.9522137875062906,0.962321115805955,0.9245566463845687,0.9481929520311925,0.8804415508981578,0.6127479292908631,0.8595076304199196,0.9623211158059548,0.9610996995613954,0.8828532941996561,0.8970542565865081,0.9229405345355657,0.8312943488564515,0.847805253721567,0.9623211158059548,0.8218508298411398,0.898613381330402,0.9425114327004687,0.9623211158059548,0.7646343017371665,0.9576036838348734,0.9690033562225546,0.9522137875062906,0.9610996995613954,0.8860449046541115,0.949178085609155,0.9237472579920247,0.9472198404849024,0.9319883865480127,0.9522137875062906,0.861250263367306,0.9623211158059548,0.9462580354121286,0.9623211158059548,0.09827945374704139,0.87638266886087,0.91420396482916,2.220446049250313e-16,0.9453068780840739,0.8532920118076437,0.9294779121965995,0.9425114327004687,0.9623211158059548,0.775383261466575,0.789459159182419,0.8892126720780513,0.9443657603723179,0.9371382816751244,0.9661972965770262,0.9443657603723177,0.5058803956403932,0.9380163966266193,0.9205349146293753,0.847805253721567,0.9380163966266193,0.9425114327004687,0.9661972965770262,0.9149900225490741,0.9380163966266193,0.0,0.949178085609155,0.9635753483468394,0.9149900225490741,0.9610996995613952,0.5058803956403932,0.9511876099263499,0.919737437035689,0.9371382816751244,0.9522137875062904,0.9362663130722397,0.46049212115241933,0.9610996995613954,0.3882066400230304,0.860380696433722,0.9425114327004687,0.9270023539448382,0.7738965054378302,0.9345395918631998,0.9319883865480127,0.9481929520311925,0.23265400517341916,0.9648659912110238,0.9270023539448382,0.9213345015882415,0.9462580354121288,0.9462580354121288,0.9261840328635953,0.9661972965770262,0.9675743567407267,0.7014067102742694,0.9453068780840739,0.9009488545209483,0.9389009867184677,0.9443657603723177,0.7440708737294037,0.953255582527178,0.9434341193662403,0.9623211158059548,0.8788242050198838,0.9095092958001549,0.9354001807590557,0.9261840328635953,0.7494981288862403,0.9675743567407267,0.9397924012017989,0.6963559225999967,0.949178085609155,0.9587434581480645,0.9453068780840739,0.9253688519211307,0.7062885929790664,0.8218508298411398,0.9553906988562066,0.8844523283713124,0.9610996995613952,0.6771769379830352,0.868089278539445,0.9648659912110238,0.9635753483468392,0.6681377289013237,0.9462580354121288,0.9648659912110238,0.9245566463845687,0.7243195312579482,0.870604554931679,0.9599080294518358,0.9599080294518356,0.7753832614665751,0.9511876099263499,0.9278239868212359,0.9648659912110238,0.732551403531154,0.9511876099263497,0.9675743567407267,0.9205349146293753,0.9501760208500687,0.9635753483468394,0.052790958159659174,0.9149900225490744,0.09827945374704139,0.8655480930335329,0.9675743567407267
p340_Q,0.9932134042965599,0.9208799593226005,0.8540589702876247,0.8926955400626292,0.9821075314053485,0.9491780856091547,0.8046640236205637,0.8386079064009309,0.9192323722404167,0.9463456194504827,0.9188871236697296,0.972360936124099,0.972360936124099,0.8954688163631976,0.5504029954571515,0.8722984813209289,0.9716572732363806,0.9075907590759074,0.9957912204911727,0.9463456194504829,0.9343258058778853,0.741501450195212,0.9541968529441154,0.9337692322192535,0.7919389605860271,0.9466053748231964,0.9349950396117985,0.8795470806186668,0.9463456194504827,0.8905136467459331,0.9350783929825499,0.9944277784719997,0.922910983544081,0.8029652442344231,0.9821075314053485,0.7535119131134659,0.9859653849226513,0.9229109835440807,0.949178085609155,0.9057994954598185,0.7273634398343477,0.9887355796164214,0.9840677331869967,0.9471227957381576,0.92498342966047,0.8783244777580227,0.9361160018916066,0.8991580495615463,0.4030101030002783,0.9511568327978744,0.9385367079941818,0.7971196216424035,0.9075907590759071,0.9208799593226007,0.9859587862883863,0.9040300914457238,0.41526905716573026,0.931488667261505,0.844720284394954,0.9271009640247969,0.9038547561156014,0.752630106536853,0.6632484677039123,0.893465545817623,0.36197517059463047,0.942356459423898,0.7261168691389086,0.9071899201855507,0.8849780498541329,0.9436389526644005,0.9984197395506036,0.9057994954598185,0.9314886672615055,0.9684377177124894,0.931488667261505,0.8468584144181488,0.9169296077473634,0.7760178528607311,0.9852736892495901,0.9491780856091547,0.9188871236697296,0.9112446674143933,0.9005517611723417,0.9075907590759074,0.931488667261505,0.8889039599111501,0.9122859212239242,0.8461846293808986,0.9739468148452322,0.9292677720165115,0.931488667261505,0.6450673805036597,0.8205047415766167,0.9235422949464807,0.9372898940428271,0.8951634300459383,0.7364736028653212,0.8482926115779144,0.9796887770566298,0.9333743226414095,0.5287191990638204,0.9559982666090147,0.9314886672615055,0.7821495822889153,0.9984044428477474,0.9436389526644002,0.9056384037386234,0.9449814274919206,0.9987351912497628,0.9496001716568843,0.7048453961950866,0.9094052998937732,0.9595005800017435,0.5571922586417265,0.9361160018916066,0.8815668125898612,0.9654186216767149,0.9957912204911729,0.9491780856091547,0.9988361914245818,0.9471227957381576,0.6708824178480899,0.9150048519840792,0.8988405313927086,0.9075907590759074,0.8879760411266713,0.9337692322192535,0.8614472846573513,0.9292677720165115,0.9516111821826463,0.8791004137164216,0.9361160018916064,0.9385367079941818,0.9840677331869968,0.23488738597313974,0.791349526315698,0.8889965795766477,0.9944277784719999,0.9385367079941818,0.9271009640247971,0.8247790435515276,0.9463456194504827,0.9647508396242381,0.718477232956233,0.7712896189697349,0.898845458960879,0.911511964199613,0.9949051336728938,0.9057994954598187,0.891761314997542,0.7365186669443353,0.9127211763009061,0.9971087202550015,0.8660374379044287,0.9944277784720001,0.9057994954598187,0.630968670598583,0.9167311028995664,0.9768701642370288,0.6977541296616772,0.8427161869248037,0.9361160018916064,0.9112446674143933,0.908434112134825,0.8613500083222572,0.47984867144351606,0.8371307688681591,0.8642985447139289,0.9372898940428271,0.9309653756206251,0.8954688163631979,0.9292677720165115,0.9040300914457238,0.7740810643720153,0.9455399698608216,0.6458498006989997,0.9957912204911729,0.8507014378963611,0.5910151962500894,0.8468584144181486,0.9591330006563404,0.8770589632418304,0.9825197666561853,0.9784534179462063,0.8582839813433468,0.8404278008718795,0.9266073217126931,0.8968738879834459,0.9208799593226007,0.8971465330611363,0.9749771166196228,0.9304071958786946,0.7824733633865932,0.9994081724392332,0.8732840781850193,0.931488667261505,0.9337692322192535,0.9271009640247969,0.9285406953319056,0.8921951707088795,0.8818852841325537,0.9292677720165115,0.931488667261505,0.8975690956305873,0.7611646999216721,0.9463456194504827,0.931488667261505,0.8433588856625787,0.8856988418635352,0.9640002989117291,0.9991299121343082,0.6128370807852463,0.2837618931083724,0.931488667261505,0.8296313410259677,0.9314886672615049,0.7463308980982657,0.7826074507426823,0.8009915962798423,0.931488667261505,0.7981214942939558,0.931488667261505,0.8496735663853345,0.9364712649059634,0.8872955140291618,0.9618053484818471,0.5244553406114989,0.9085436213669946,0.9271009640247971,0.9541968529441154,0.9169296077473639,0.6070143969950845,0.8723769352201034,0.8905248145511357,0.9385367079941818,0.9226325469213178,0.9079246045305447,0.8687627046182607,0.9188602179028749,0.885698841863535,0.9186550120230905,0.9716572732363804,0.6708824178480899,0.9271009640247971,0.931488667261505,0.8985975567963895,0.931488667261505,0.8606977440525663,0.885698841863535,0.9496811510501817,0.902281245937693,0.9085436213669945,0.9337692322192535,0.8875623531460414,0.9150048519840792,0.7804718423499002,0.8631878595663138,0.8857638004465436,0.9361160018916066,0.7184772329562328,0.8522196206602233,0.9755958876323472,0.9292677720165115,0.99912262812238,0.8249627583218822,0.949178085609155,0.9796222466236468,0.8433588856625787,0.9094052998937732,0.9984044428477477,0.7083284940560208,0.9385367079941818,0.9832804094691758,0.90130961094474,0.6913839274823121,0.9436389526644002,0.994687585661131,0.8841133455738348,0.40273025503174886,0.985689351324676,0.9436389526644002,0.9654982748706142,0.9041116029007643,0.9427953535791664,0.8628217153184266,0.4690242529142835,0.9361160018916064,0.8905248145511357,0.9595005800017435,0.9271009640247969,0.9361160018916066,0.9361160018916064,0.8784033200932064,0.9957912204911729,0.9249427659858718,0.9235422949464807,0.8454267695073419,0.7899002280072174,0.8746515668023194,0.5117038271562213,0.7486053037702295,0.9271009640247969,0.938536707994182,0.9303331792470888,0.8765570410167729,0.9559982666090147,0.9790021042835307,0.9539119155583538,0.872684862695414,0.8778722974583608,0.9689125422130987,0.7814289834794891,0.9097621341860556,0.9833987451379169,0.7151427998717712,0.7999458096653719,0.9192323722404168,0.9463456194504829,0.734851923964547,0.9186550120230905,0.9024305854694511,0.9900588676412958,0.931488667261505,0.9385367079941815,0.9284324089745184,0.507190004714756,0.9436389526644002,0.9410406098239261,0.9231752901944043,0.931488667261505,0.9150048519840792,0.9436389526644005,0.9491780856091547,0.8794184279003854,0.8582085951141725,0.4027302550317491,0.9385367079941818,0.9569116864634688,0.824962758321882,0.9987351912497628,0.922910983544081,0.7995998786134006,0.9361160018916066,0.9245814746860737,0.8345984121371346,0.9208799593226007,0.8794184279003854,0.9491780856091547,0.9011306096232432,0.7689085840994847,0.9177286235252593,0.8883211960358876,0.9292677720165115,0.9984197395506036,0.6708824178480901,0.8935728356439261,0.9613219437872127,0.8443162095592611,0.931488667261505,0.9931026874757769,0.8889039599111501,0.4531949162386659,0.922578675359327,0.990227237828481,0.954234683838113,0.931488667261505,0.931488667261505,0.9057994954598185,0.8702630231263389,0.7069353599767666,0.9314886672615049,0.9463456194504829,0.25860950643700475,0.5396361341056743,0.8613500083222572,0.9341098649012982,0.9314886672615055,0.4591549837227412,0.9169296077473637,0.8182519402561648,0.8626995461587306,0.931488667261505,0.8397219435105803,0.5131568722081117,0.915897765305387,0.919556810679502,0.8971465330611363,0.7250082236286703,0.9361160018916064,0.9431699408977134,0.931488667261505,0.8803313063193571,0.9075907590759074,0.972634651392253,0.800157805053048,0.9337692322192535,0.8205047415766167,0.9229109835440807,0.931488667261505,0.8884414464455952,0.9339276499322515,0.931488667261505,0.8971465330611363,0.9413585419799833,0.7971824445675244,0.8505401908888884,0.9522322463593524,0.931488667261505,0.8544017641907139,0.9731833803651397,0.9410406098239261,0.7744172920111794,0.8505401908888885,0.9364712649059637,0.9681439980484113,0.7403006603257862,0.9361160018916066,0.8917796312811821,0.9640002989117291,0.9131105611405985,0.9911169978853405,0.6862912982261447,0.8255524180203793,0.9131105611405985,0.9385367079941815,0.7022630834512018,0.931488667261505,0.9436389526644005,0.9847054942282475,0.7662665379328074,0.9624721270225209,0.9022812459376928,0.9271009640247974,0.7938401567052568,0.9337692322192535,0.9271009640247974,0.9624721270225212,0.9314886672615055,0.9208799593226005,0.9150548293356049,0.6485835948548164,0.9352213936467461,0.9560924860857705,0.9463456194504829,0.9654186216767149,0.9131105611405987,0.928536399889083,0.9596257255045415,0.48281009606018843,0.8611422609197914,0.8795470806186669,0.9653642256673396,0.9490704397550973,0.9169296077473639,0.8687627046182604,0.9361160018916064,0.8905248145511357,0.6106954354195694,0.8856709080841194,0.9515990837410908,0.9809665491287067,0.9939428696246877,0.9350783929825497,0.8019970319823734,0.9538159335218348,0.9463265979039874,0.92498342966047,0.9041116029007643,0.6772347979142417,0.8954688163631979,0.9112446674143933,0.9541968529441154,0.8464023727791172,0.9624721270225212,0.7999899992499377,0.9112446674143935,0.7517832863813528,0.886074472796128,0.9361160018916064,0.6734563846820816,0.9496147604495458,0.8753730319516106,0.9315324475602097,0.9436389526644005,0.8345984121371346,0.8818852841325535,0.99912262812238,0.9872201163229497,0.92498342966047,0.92498342966047,0.9944277784719999,0.9436389526644005,0.8988405313927086,0.8315369035271354,0.8268320340133396,0.972360936124099,0.8739896442647095,0.9181946682626312,0.9364712649059637,0.92498342966047,0.9457553692769325,0.931488667261505,0.9410406098239261,0.931488667261505,0.931488667261505,0.9778362162012755,0.9131105611405987,0.5645686232898566,0.931488667261505,0.9411258373861133,0.9872031249363475,0.8856988418635351,0.8428998093754179,0.8397219435105805,0.86985954634041,0.7688719403595279,0.8687627046182607,0.9859661054247156,0.9229109835440807,0.8468584144181486,0.9410406098239261,0.8889039599111501,0.982876531690664,0.9731833803651397,0.5575915447596695,0.9229109835440807,0.9771467307855514,0.8123233254795661,0.9410406098239261,0.6546257618884127,0.9361160018916066,0.5759489460875926,0.9596257255045417,0.9094052998937732,0.9131105611405985,0.9832804094691758,0.8971465330611363,0.9955667899073475,0.9952831447476327,0.8921587537070732,0.9559982666090147,0.9169296077473639,0.9337692322192535,0.9493488602252982,0.9751299885056453,0.8249931661626662,0.9944277784720001,0.7608708515790621,0.9249834296604702,0.8544017641907138,0.6814926779037213,0.9784534179462063,0.8724689982477942,0.9005517611723417,0.9491780856091547,0.8666756820306951,0.9560924860857705,0.8985975567963893,0.8925339598465748,0.8268936857095681,0.8748055425712831,0.9472615019501683,0.931488667261505,0.9385367079941815,0.9539119155583538,0.9314886672615055,0.7494884627155713,0.8268936857095677,0.9271009640247971,0.9372898940428271,0.8205047415766167,0.9131105611405985,0.9558634050700898,0.9902272378284809,0.8860744727961279,0.9939428696246877,0.993193735934472,0.9271009640247974,0.9229109835440807,0.8271253427472369,0.817695626700464,0.5237935040118411,0.9265668162286085,0.9168559638576548,0.9248147819729954,0.9870540169981432,0.8905248145511357,0.953246474957504,0.8953875574507253,0.9713162545723915,0.9463456194504829,0.4151524338904501,0.9859653849226515,0.8743892540643303,0.9582672611526475,0.9395134363314754,0.9784534179462063,0.9258967674814731,0.868744187347554,0.7838051895754521,0.8889965795766475,0.9900588676412958,0.7743488856070799,0.9206037147937578,0.9490704397550973,0.8672687335363696,0.9199701606580843,0.9150048519840792,0.8628217153184266,0.9188871236697294,0.9292677720165115,0.9385367079941815,0.9491780856091547,0.931488667261505,0.9586381348210118,0.8115509467472843,0.8935728356439261,0.995523963715641,0.9314886672615049,0.9979116477989171,0.833699738572701,0.9649961119767656,0.46902425291428407,0.8702630231263384,0.8540589702876249,0.8397219435105803,0.67997603671739,0.902281245937693,0.5764437190645026,0.9871782421593549,0.8526125248565162,0.9410406098239261,0.8687627046182604,0.41526905716573004,0.9361160018916064,0.521090095264463,0.9491780856091547,0.9768086827916644,0.9271009640247969,0.9491780856091547,0.9208799593226005,0.9418468054117539,0.9314886672615053,0.7278783039809971,0.8439974845602785,0.9957912204911727,0.9314886672615055,0.9596257255045417,0.9048452935938178,0.9522322463593524,0.9292677720165115,0.9385367079941818,0.9249834296604698,0.9292677720165115,0.9292677720165115,0.9586381348210119,0.931488667261505,0.92498342966047,0.8748055425712831,0.931488667261505,0.8869832509521187,0.7878589572622988,0.9957912204911729,0.9361160018916066,0.9410406098239261,0.9337692322192535,0.9292677720165115,0.882252336941202,0.9770875186714552,0.9952831447476325,0.9238228864499862,0.931488667261505,0.6010358175839328,0.9361160018916064,0.9112446674143933,0.8959524086808568,0.6571016191110699,0.9436389526644005,0.9337692322192535,0.9150048519840792,0.9186550120230907,0.9150048519840792,0.9314886672615053,0.8856988418635352,0.893806497800568,0.7750187142987188,0.9661710573859785,0.9503578662718964,0.9436389526644005,0.4414095697524949,0.9361160018916066,0.9056384037386234,0.9718037534773847,0.931488667261505,0.9314886672615055,0.8675944071688322,0.9463456194504829,0.8067326003900269,0.92498342966047,0.9188871236697296,0.9871452198245783,0.9271009640247974,0.9359228908283757,0.9268468105613143,0.931488667261505,0.931488667261505,0.9167311028995664,0.7978798632300288,0.8687627046182604,0.7600825581617037,0.9775039920556008,0.8505401908888884,0.7840725527723567,0.9267396609705274,0.37662218260239266,0.9244470933580635,0.931488667261505,0.9245460758162976,0.9385367079941815,0.949178085609155,0.8205047415766167,0.9436389526644002,0.99849623165068,0.931488667261505,0.931488667261505,0.9122272374751699,0.9166547403069656,0.9232059653688394,0.9169296077473637,0.7608708515790623,0.8642985447139286,0.9395449643646789,0.8642985447139289,0.9957377086273972,0.7770438775487836,0.9314886672615049,0.5210900952644629,0.9315853363470303,0.9337692322192532,0.9957912204911729,0.9819593334682359,0.8513353750034273,0.8794184279003856,0.5049511620216647,0.9859653849226513,0.8099750192678041,0.931488667261505,0.9909046326311259,0.7743488856070793,0.8642985447139286,0.689783000721033,0.8431454104005669,0.9208799593226005,0.9160093690750108,0.7690837244494466,0.9410406098239261,0.9724137520241316,0.8630331071488693,0.92498342966047,0.9463456194504829,0.892695540062629,0.9466053748231964,0.9686308603165104,0.9385367079941818,0.9292677720165115,0.9875013437105231,0.9040300914457235,0.9495203073386865,0.9286775783839132,0.9491780856091547,0.984567352342202,0.9840677331869968,0.9491780856091547,0.6240448083535461,0.8666557562729355,0.8598831469664705,0.9314886672615055,0.9902272378284809,0.6561092146808558,0.9169296077473634,0.8182519402561648,0.9684760986278476,0.7264327064756257,0.9418468054117539,0.856962905032647,0.9337692322192535,0.8996610026930673,0.9225786753593272,0.9852736892495901,0.9723004177183402,0.931488667261505,0.6450673805036597,0.9314886672615055,0.9341098649012984,0.9463456194504827,0.9887355796164214,0.9112446674143933,0.7397125409565166,0.931488667261505,0.9339276499322515,0.8666756820306951,0.9515990837410908,0.9576811368833749,0.9684377177124894,0.9465389768372868,0.9385367079941815,0.983407270509489,0.9775039920556008,0.9105864773021777,0.8725752167425382,0.9952831447476325,0.7947441847298613,0.9491780856091547,0.9225442716453334,0.9821075314053485,0.8628217153184266,0.9406026375313141,0.9879380409531974,0.8687627046182604,0.8586864192619097,0.9314886672615053,0.9292677720165115,0.9819934861315971,0.7494884627155713,0.8598831469664705,0.915897765305387,0.9059759993319505,0.931488667261505,0.9322959401484847,0.7435955595175137,0.8954688163631976,0.931488667261505,0.9450454920344062,0.9229109835440807,0.9436389526644002,0.9131105611405987,0.9292677720165115,0.7927960017530737,0.7022630834512007,0.8613500083222572,0.9796635193777843,0.5326846675361334,0.9131105611405985,0.8546340718497015,0.931488667261505,0.902281245937693,0.931488667261505,0.9436389526644005,0.8159827119347502,0.8887311251159746,0.949178085609155,0.9005517611723417,0.7989387765735068,0.9324044867801069,0.5043301935099791,0.931488667261505,0.9097422973841846,0.936959083985133,0.8221337259550521,0.41264009840030436,0.8856988418635356,0.9385367079941818,0.8988405313927084,0.8971465330611363,0.8872955140291618,0.9955163805952001,0.862357296849646,0.8872955140291618,0.8954688163631979,0.938536707994182,0.8454267695073419,0.8872955140291618,0.949178085609155,0.0,0.9337692322192535,0.7783692651024384,0.9292677720165115,0.9329075599064767,0.8062744182987238,0.9789831466428031,0.9516111821826463,0.9541968529441154,0.9819666175510309,0.8638037040268802,0.9292677720165115,0.9596257255045417,0.9667996812754105,0.8954688163631979,0.7182591042045576,0.8386932720949285,0.9769096623093743,0.8763348124829184,0.9406026375313139,0.9337692322192535,0.9361160018916066,0.9551003397811708,0.9457651014915454,0.9486638803543642,0.902281245937693,0.9245460758162973,0.9385367079941818,0.9410406098239261,0.9316719825422655,0.9005517611723417,0.808751459169725,0.8753730319516108,0.8112565758885603,0.8962694591772022,0.9987351912497631,0.8971465330611363,0.9314886672615053,0.9690069927048911,0.8273909537477644,0.8825384613814424,0.957923341102265,0.8911720099286282,0.7685492986838052,0.9391918847741745,0.9354106706034486,0.9075907590759071,0.4682566038526935,0.9005517611723417,0.8440314442491259,0.9279789994337895,0.8017519956192524,0.9188871236697296,0.9059600152729235,0.9292677720165115,0.8383936681315822,0.8494513324275585,0.30868387761274196,0.9859653849226513,0.9369801151017116,0.9022812459376925,0.9361160018916066,0.5580199654264603,0.9870540169981432,0.8544413792342263,0.785642120406248,0.9292705781907256,0.9777437379740972,0.9112446674143933,0.7433842170660625,0.9361160018916066,0.9967891324300245,0.9112446674143933,0.9991226281223795,0.948480675141075,0.9094052998937732,0.9859653849226513,0.9463456194504827,0.9664712477975483,0.9436389526644005,0.9333743226414095,0.9410406098239261
p340_S,0.9065602264064593,0.9432937551644589,0.8954023823601895,0.9250812961986936,0.9813818316380161,0.9635753483468392,0.9557017334552061,0.9635722747250277,0.8918225519389454,0.9615452872130625,0.9418654668890594,0.9493053971730234,0.9848910203339207,0.9723157551667554,0.8745277657564577,0.9611168424359666,0.9462347596389562,0.9337692322192532,0.9596053879391779,0.9615452872130625,0.963976179650659,0.9452945222517779,0.9377253379624282,0.9776371308016877,0.9390829980374291,0.9337692322192532,0.9462347596389562,0.8579678050497166,0.9535979799037622,0.9861333389502076,0.9274978432118417,0.9559485503920393,0.9942907727414587,0.9215378731313926,0.9508971383859763,0.9596053879391779,0.9525316455696202,0.9447494136270194,0.9635753483468394,0.9324854129452833,0.9027412033397848,0.9057308738389859,0.9635753483468394,0.8249713531163864,0.9913221015557613,0.8525292702713729,0.9542136024350836,0.9782667260455579,0.9324854129452831,0.8067755837578552,0.9692769377093197,0.8545932950871287,0.9337692322192532,0.9971196828020042,0.933330959109937,0.9312172606999456,0.9312172606999458,0.9508971383859763,0.9004325626946125,0.947752420917731,0.8454227614076977,0.9210812471096497,0.9337692322192535,0.9027412033397848,0.9577431256853024,0.9300316380889897,0.9559485503920393,0.8831824171310031,0.9518071828547274,0.9596053879391779,0.9238898933303423,0.9324854129452833,0.7782187417099931,0.866965515635297,0.9508971383859763,0.8902416609981851,0.9404624926714933,0.9998238347481485,0.841753259939495,0.9635753483468394,0.9998238347481487,0.9903766507571461,0.9287243013130126,0.9337692322192535,0.9508971383859763,0.9203761879341787,0.9452945222517779,0.9872327239994374,0.8762969567963391,0.9493053971730236,0.9508971383859763,0.8954023823601895,0.8670360756633029,0.8849842072949141,0.9778748351992479,0.9038035415131254,0.8933314369864678,0.8912695666285135,0.876279123683195,0.818313660317792,0.9312172606999456,0.9542136024350834,0.9508971383859763,0.927209562910801,0.9422632192467121,0.9596053879391779,0.9102716897738727,0.8161584400199192,0.9950927970641261,0.7732961619759444,0.8800416198957275,0.9350697345319547,0.8043208177111412,0.9124696683389528,0.9542136024350834,0.8315400581731195,0.9432937551644589,0.9596053879391779,0.9635753483468394,0.8151045047199487,0.9545786956633127,0.8892155845940946,0.9390829980374291,0.9759790834075597,0.9337692322192535,0.8866709973964709,0.9525316455696202,0.9634382098178786,0.9493053971730234,0.9496485824638996,0.8176503546438024,0.9542136024350834,0.9559485503920393,0.7685011028265789,0.9462347596389562,0.9127200248974268,0.9528147324824889,0.9559485503920393,0.9559485503920393,0.947752420917731,0.8698447141053749,0.9615452872130623,0.7802287416300991,0.9097700783194735,0.8912695666285135,0.9559566851226748,0.8038616162255485,0.8436003040827782,0.9133950814332602,0.855015677684448,0.9615452872130625,0.8045234280951059,0.9247648348741064,0.9203333571111534,0.9692769377093197,0.9133950814332603,0.9364800516833369,0.9169426994374763,0.881363184114639,0.9251662135150305,0.9604733381214061,0.9014502300031317,0.9363880304285925,0.8103158901326049,0.9006279533325661,0.9192233962368055,0.9714975291590988,0.9417626114543682,0.9778748351992477,0.8382310806288511,0.9804497858651828,0.9493053971730236,0.9312172606999458,0.9981325409442721,0.9504013869320107,0.9514665453515565,0.9596053879391779,0.9567990636969239,0.9850988399428099,0.962540188778485,0.9146924482852168,0.8517598491133304,0.9675956872630854,0.9190874378408649,0.9746163410327684,0.9223339547307454,0.8795259878122612,0.8970920450673245,0.9971196828020044,0.9741270364328647,0.9881959173184504,0.8113579782126333,0.9177021057109449,0.8829040455084953,0.9091812387167528,0.9508971383859763,0.9525316455696202,0.9881959173184504,0.9389568152317859,0.9020355966115883,0.8812310922283445,0.7874802728547533,0.9508971383859763,0.8729445628956358,0.7664239224831366,0.9615452872130625,0.9508971383859763,0.9484121620211805,0.9496485824638997,0.8928627556609152,0.9455803322063061,0.9080961023073579,0.9493053971730236,0.9508971383859763,0.956773626206588,0.9508971383859763,0.9752939202844704,0.8748900904594734,0.8715311586797312,0.9508971383859763,0.898373948794856,0.9508971383859763,0.8636486621136636,0.9515217879472728,0.9192233962368055,0.8800416198957273,0.9542136024350834,0.7853943015979804,0.947752420917731,0.9926931063209248,0.9404624926714933,0.9500805720293444,0.8510080245492062,0.9215378731313923,0.9559485503920393,0.902741203339785,0.8466346433890406,0.9458556185436358,0.9775686491148365,0.9621698344437761,0.918079042897614,0.9462347596389562,0.9611168424359664,0.7319892702631756,0.9508971383859763,0.934399680373581,0.9508971383859763,0.874687242629962,0.918079042897614,0.8197279139120375,0.9703287678830984,0.8435002207563185,0.9525316455696202,0.9605807414790561,0.9390829980374291,0.9339037414170341,0.9418654668890594,0.8088368766015424,0.9542136024350834,0.9097700783194735,0.8759848927128511,0.715819545511582,0.9493053971730236,0.9577431256853026,0.9251002593023416,0.9635753483468394,0.8876449934411476,0.8572614091511311,0.9350697345319547,0.975909124932167,0.9132508500097023,0.8945024258106786,0.7385918911916873,0.8161584400199193,0.8369172238728211,0.9596053879391779,0.7732961619759444,0.9169426994374763,0.9363880304285923,0.8574844484595161,0.9596053879391779,0.9219223208046687,0.8541926966455766,0.9577431256853024,0.9404244238472441,0.9250812961986934,0.9542136024350834,0.9215378731313923,0.7749200871902095,0.947752420917731,0.9542136024350834,0.9736183137840242,0.8344943451945637,0.9596053879391779,0.8439442411733158,0.9168955462600301,0.8892155845940946,0.9642546209441771,0.9596053879391779,0.9508971383859763,0.9324854129452831,0.947752420917731,0.9559485503920393,0.8396138091088567,0.9433505326956113,0.9542136024350834,0.9324854129452833,0.9916530842778032,0.8510619252935179,0.9964480445123054,0.8615083264650416,0.9409228966810117,0.8575242220571018,0.8844333378654108,0.9109264520435436,0.9615452872130625,0.8515902650757896,0.9615452872130625,0.9873359374176983,0.9496485824638996,0.9124696683389528,0.9542136024350834,0.9508971383859763,0.9559485503920393,0.9458556185436358,0.9337692322192535,0.9596053879391779,0.9645511776582262,0.9493053971730234,0.9508971383859763,0.9950927970641261,0.9593605721085062,0.9635753483468394,0.913577797842458,0.8890194193065105,0.9363880304285923,0.9692769377093198,0.9180285777311642,0.8647795435579988,0.9390829980374291,0.8114113318468937,0.8771251090843861,0.9542136024350834,0.9671009678568472,0.8770939427870041,0.9375331207684675,0.832148878476241,0.9635753483468394,0.8195950362291904,0.9215378731313923,0.7788113047144828,0.9462347596389562,0.9493053971730236,0.9705425698260028,0.9251662135150307,0.8337215482320728,0.8027966190164338,0.8247832035705713,0.9508971383859763,0.8231367285947667,0.9444674951746067,0.922708936151958,0.9895196008050116,0.8687412470205869,0.8693621924380662,0.9508971383859763,0.9508971383859763,0.9133950814332601,0.9722871256652578,0.8638069066950456,0.9508971383859763,0.9535979799037622,0.9508971383859763,0.9723157551667553,0.9006279533325661,0.8246639839958156,0.9508971383859763,0.9262837350880504,0.9452945222517778,0.837836432444947,0.814621709039344,0.9508971383859763,0.9203333571111534,0.9637851559795012,0.838245636604541,0.9227510399128602,0.9741270364328647,0.9920021540663961,0.9542136024350834,0.8175967654512287,0.9508971383859763,0.8624939268127862,0.9337692322192535,0.9423009905783316,0.9830217891505058,0.9078059071729956,0.8670360756633029,0.9447494136270194,0.9508971383859763,0.871181065260425,0.8660322636329849,0.9508971383859763,0.8823430595326921,0.9357381179719895,0.8782416695665332,0.8214354212503416,0.8103158901326049,0.9508971383859763,0.9518071828547277,0.8831824171310031,0.9645511776582261,0.9515478783940845,0.9103149333798706,0.8834778193591263,0.9221796142585231,0.8995766368965676,0.9542136024350834,0.865867170390848,0.8567134917707653,0.9377253379624282,0.7933678017570148,0.9802349352314221,0.8749714078758026,0.9377253379624282,0.9559485503920393,0.9337692322192535,0.9508971383859763,0.9596053879391779,0.9048699718936313,0.85570301207171,0.9998238347481486,0.9798175375448483,0.947752420917731,0.863727200979302,0.9776371308016878,0.947752420917731,0.9418654668890594,0.9508971383859763,0.9971196828020042,0.8830900737847378,0.9070160137452734,0.9593605721085061,0.8364082345766713,0.7838845141374116,0.8183599967013941,0.9377253379624282,0.9540089103186875,0.9452945222517777,0.9615452872130625,0.9819707066742862,0.7688442855643254,0.9326301365954339,0.9350697345319547,0.9404624926714933,0.9059407181827082,0.9736183137840242,0.9215378731313923,0.9417626114543682,0.984662616477795,0.9903766507571461,0.9411731642018819,0.9998238347481487,0.9759790834075597,0.9067735960486834,0.9002968221284634,0.9486563558223773,0.9462347596389562,0.8837832652601163,0.8943656982526555,0.9250812961986936,0.9903766507571461,0.9926931063209248,0.8236714085807446,0.8832024380225646,0.9199154281937729,0.9556347289143002,0.9621698344437761,0.8879341694171782,0.9542136024350834,0.9627555278657122,0.8579639412160385,0.9654282935645837,0.8631303479727153,0.9596053879391779,0.9951836523298245,0.9929143549340774,0.9577431256853026,0.9192233962368055,0.9913221015557613,0.9462347596389562,0.9692769377093198,0.9596053879391779,0.9274978432118417,0.8313727497886219,0.9158139617897607,0.9493053971730236,0.9493053971730236,0.9314957001908265,0.9102716897738727,0.9462347596389562,0.8759848927128512,0.9508971383859763,0.9577431256853026,0.9508971383859763,0.9508971383859763,0.7885717323084889,0.9377253379624282,0.9215378731313923,0.9508971383859763,0.8307209769049626,0.7892796925686452,0.9496485824638996,0.9211232378692129,0.8851268700668165,0.8710592812792086,0.9070160137452734,0.9059407181827082,0.7548043333762984,0.9447494136270196,0.9290120195510649,0.9577431256853026,0.9444674951746068,0.8950231430311593,0.956773626206588,0.9274978432118417,0.6894917045838491,0.947752420917731,0.9174176784221448,0.9577431256853026,0.9759907361775702,0.9542136024350834,0.8996469044180135,0.8310515371750488,0.9587973377153391,0.9377253379624282,0.9163077012045899,0.9741270364328647,0.9681207613454724,0.8424035886035852,0.8468105040849623,0.9542136024350834,0.9975839852098576,0.9525316455696202,0.8648670903546242,0.8813631841146388,0.8760079532691363,0.9559485503920393,0.8617682235186916,0.9288789627504789,0.9518071828547274,0.893331436986468,0.9493053971730234,0.8963473124416508,0.9287243013130126,0.9635753483468394,0.841685999863805,0.8051985087235751,0.9743145807345087,0.8393054423308421,0.9404624926714933,0.9515217879472728,0.8661558759793344,0.9508971383859763,0.9559485503920393,0.9637851559795012,0.8459397716860009,0.8983739487948561,0.9452945222517778,0.7960409320269941,0.9287243013130126,0.8367671217737245,0.9926931063209248,0.8073382586859535,0.9615452872130625,0.8587723848865854,0.9998238347481485,0.7647491558478426,0.947752420917731,0.9447494136270194,0.9926906475466958,0.9621698344437761,0.9363880304285923,0.9795435932039087,0.9407310036381493,0.8169113144171269,0.870051021804728,0.967100967856847,0.9513502009992277,0.8658418182833447,0.8300959558095684,0.9615452872130625,0.9390829980374291,0.9776371308016877,0.9055879259360593,0.934399680373581,0.9339037414170341,0.9493053971730236,0.8320620122916541,0.8771251090843863,0.9635753483468394,0.7682866327265081,0.9542136024350834,0.9203761879341787,0.9192233962368055,0.9881361984083077,0.9366996416751332,0.9274978432118417,0.9390829980374291,0.9433505326956113,0.9418654668890594,0.7874802728547536,0.9559485503920393,0.9471168020443,0.9508971383859763,0.9873359374176983,0.9029008905962477,0.8631222787530042,0.922708936151958,0.9508971383859763,0.8282810080069365,0.8602443068685643,0.9091812387167528,0.9723157551667554,0.9070160137452734,0.8954023823601895,0.9388406947114993,0.9451633433266368,0.9299638429727952,0.8863220947202894,0.8920267598770295,0.9313656494466989,0.9577431256853026,0.9059407181827082,0.9312172606999456,0.9542136024350834,0.918079042897614,0.9635753483468394,0.9703287678830984,0.947752420917731,0.9471168020443,0.9432937551644589,0.9312172606999456,0.9508971383859763,0.8782416695665332,0.9239484101648903,0.8783265321561907,0.9813818316380162,0.9404624926714933,0.8460940724740429,0.8103158901326049,0.9493053971730236,0.9692769377093198,0.9462347596389562,0.9493053971730236,0.9493053971730236,0.896209747966789,0.9508971383859763,0.9913221015557613,0.992771886120673,0.9508971383859763,0.9363880304285925,0.8943656982526555,0.9596053879391779,0.9542136024350834,0.8868454810017548,0.8379746835443039,0.9493053971730236,0.8028669104368942,0.8473152462661049,0.787435820245088,0.907028702703728,0.9508971383859763,0.9102716897738727,0.9542136024350834,0.9363880304285925,0.762124416215708,0.9113677351409673,0.9596053879391779,0.9525316455696202,0.9488974039091765,0.9496485824638997,0.9950927970641263,0.9508971383859763,0.918079042897614,0.9705425698260028,0.9274978432118417,0.9102250612044256,0.9418654668890594,0.9593605721085061,0.9324854129452833,0.9542136024350834,0.9102716897738727,0.7508809619658818,0.9508971383859763,0.981381831638016,0.8861469711805039,0.9615452872130625,0.8737714100411209,0.9462347596389562,0.9418654668890594,0.8101893209218773,0.947752420917731,0.8523993822259694,0.7720200803249636,0.9508971383859763,0.9508971383859763,0.9957812164793639,0.9275739834424594,0.9059407181827079,0.9298058441100164,0.8693621924380666,0.8510619252935179,0.845242310489589,0.7840019956468423,0.9350697345319547,0.8261471314997644,0.9508971383859763,0.978266726045558,0.9559485503920393,0.9635753483468394,0.8367671217737245,0.9596053879391779,0.8000054315513372,0.9508971383859763,0.9508971383859763,0.8118346753749688,0.9508971383859763,0.7747627832762348,0.9404624926714933,0.8617682235186919,0.902741203339785,0.9703287678830983,0.9417626114543682,0.8556016412549079,0.8871665345934712,0.9508971383859763,0.918079042897614,0.8199025531916304,0.9776371308016877,0.9593605721085061,0.998689452668635,0.9617685059409679,0.9135777978424582,0.9203761879341787,0.9776371308016877,0.9284376076039202,0.9508971383859763,0.776792653536901,0.920376187934179,0.9801945723164651,0.9448543512076255,0.8699031439713587,0.9971196828020042,0.7268616160574679,0.9223339547307454,0.9577431256853024,0.9730763478516944,0.8393420809217592,0.8664358239451964,0.9615452872130625,0.9723157551667552,0.9859653849226513,0.7965912509278188,0.9559485503920393,0.9493053971730236,0.9487969858083061,0.8158151092076321,0.9621698344437761,0.8428467241913548,0.8578089524354395,0.9937393740100617,0.9635753483468394,0.9635753483468394,0.9059407181827082,0.9850988399428099,0.9475951645414274,0.7782187417099931,0.9615452872130625,0.9404624926714933,0.9452945222517779,0.8681619357560897,0.9942907727414588,0.7874802728547534,0.9675956872630855,0.9517034159131197,0.9525316455696202,0.8342416479355357,0.9895196008050116,0.8716674066899388,0.8996156023302124,0.9508971383859763,0.9326301365954339,0.7782187417099932,0.9702641377775143,0.9615452872130625,0.9587973377153389,0.9363880304285925,0.9887824175390698,0.9508971383859763,0.8073382586859535,0.8416859998638049,0.9903766507571461,0.8058346231513478,0.8669655156352968,0.8261471314997646,0.9559485503920393,0.8134761540619773,0.9004933042472815,0.9820743116437717,0.8674070011286249,0.9377253379624282,0.8793577475065217,0.9635753483468394,0.8973713569620818,0.9508971383859763,0.9404244238472441,0.9324854129452833,0.8181315547746677,0.9857705189045636,0.8464015114623489,0.9136608016620086,0.9493053971730236,0.8436003040827782,0.8658418182833449,0.937783686537069,0.838245636604541,0.8600166410692989,0.9508971383859763,0.826053804898315,0.8678736588799028,0.9250812961986936,0.9508971383859763,0.8471012617149394,0.9942907727414587,0.9596053879391779,0.9377253379624282,0.9493053971730236,0.8827042327454635,0.9096423096705528,0.9006279533325661,0.98181078671843,0.9945940604412222,0.9926931063209248,0.8191823016368884,0.9508971383859763,0.9703287678830984,0.9508971383859763,0.9593605721085062,0.8996699165287372,0.8615083264650414,0.9635753483468394,0.9778748351992477,0.9553007580573802,0.9702231371475841,0.9723157551667554,0.9508971383859763,0.8892340377547687,0.8151007362602649,0.9502541647447569,0.9274978432118417,0.918079042897614,0.9559485503920393,0.9274978432118417,0.9301863608775065,0.9192233962368055,0.9911720750522752,0.8016608579382385,0.9192233962368055,0.9723157551667554,0.9559485503920393,0.8892155845940946,0.9192233962368055,0.9635753483468394,0.9337692322192535,0.0,0.8892155845940946,0.9493053971730234,0.9262837350880506,0.9903766507571459,0.8812310922283445,0.918079042897614,0.842403588603585,0.9169426994374763,0.8620219128927745,0.853283855347809,0.9975839852098576,0.91624906551306,0.9250812961986936,0.904869971893631,0.9908206693987867,0.8286093733730259,0.9113677351409675,0.9324854129452833,0.9776371308016877,0.9542136024350834,0.9366996416751332,0.9894066454715097,0.8207676841669381,0.9299638429727952,0.9038035415131254,0.9559485503920393,0.9577431256853026,0.985690916651915,0.9287243013130129,0.9040384689315533,0.8093111782833923,0.9759790834075597,0.9845696735078289,0.9950927970641263,0.9262837350880506,0.9508971383859763,0.9133773681074786,0.9861632483507676,0.9158139617897607,0.9824233631406698,0.9804223652208814,0.9645511776582261,0.9873359374176983,0.9824476482791151,0.9337692322192532,0.9913221015557613,0.9778748351992477,0.9807840195689514,0.988874364860659,0.9715952370991687,0.9418654668890594,0.8710914676569538,0.9493053971730234,0.9583060269754013,0.9774402702058511,0.9542136024350834,0.9525316455696202,0.9263909248883351,0.9299638429727948,0.9014502300031317,0.9404244238472441,0.9355698516335704,0.9885768636953582,0.9881959173184505,0.947752420917731,0.9195595410659114,0.9556347289143002,0.9059407181827082,0.9542136024350834,0.9099856401238943,0.9363880304285925,0.9577431256853026,0.8787857997562392,0.9881361984083079,0.9776371308016877,0.9615452872130625,0.9669818997221614,0.9596053879391779,0.9734928436170864,0.9577431256853026
p341_I,0.807489945650905,0.7028739748596261,0.975796845872749,0.712820482081429,0.920265131801048,0.9470771218810411,0.9060142560414997,0.9490514652903326,0.7829885471498907,0.9102521474185266,0.5653051266728779,0.8816859778305945,0.8816859778305948,0.7371378063155161,0.8526160488445387,0.8524938492507272,0.7718625469689402,0.9127278241703738,0.947442779108449,0.9150035043198985,0.8794520123294854,0.5508044363598354,0.8906528429153149,0.8892155845940946,0.5366354005163085,0.845426769507341,0.8683037946742798,0.8803029307892649,0.8713174172545053,0.90873105662274,0.8307902358986599,0.9356856974167589,0.902436392171817,0.9720076630927214,0.8854008763534218,0.6770944845943567,0.6434262394337373,0.846496131123587,0.9149900225490741,0.7344011354382145,0.8252069053832315,0.8484619576906176,0.9470771218810412,0.8924879407207098,0.7718625469689402,0.7320373412726042,0.6981683188457657,0.7754910920028371,0.49636894003220844,0.7558839765538492,0.9356856974167589,0.8535121387202461,0.845426769507341,0.8676556569243745,0.9965866959360401,0.9782026567459741,0.7698294981298706,0.885400876353422,0.8331554282841203,0.6932610426722379,0.7880418755318435,0.9306998669780789,0.8589844005431999,0.7931008126567494,0.6185666173362776,0.8661203159704278,0.9488276796806041,0.8233131935515159,0.921003429396464,0.8439668118375542,0.8894164881176088,0.9988813525559972,0.9899936426963005,0.6554042971821445,0.885400876353422,0.9211727604553487,0.8742856561410539,0.8054620272717133,0.8477635103102104,0.8551218848344518,0.9855797027208403,0.9816942482127168,0.93486766006626,0.8722984813209287,0.885400876353422,0.7683422737356784,0.9625078069904768,0.8463135030905395,0.993666684049235,0.881685977830595,0.885400876353422,0.6116493905945604,0.8355534207570858,0.7876187561258228,0.8589563765519366,0.8159662818432846,0.6241162777140068,0.8794520123294856,0.6549859370478783,0.6523159755552894,0.717736208475845,0.958244185426041,0.975142101856073,0.7232527975013159,0.8414363266990204,0.6353764027835573,0.6785020295228879,0.6780776558807999,0.8578283462385066,0.6295518119469026,0.5543324096346611,0.7690613058923467,0.7160260070339732,0.5773919908927342,0.6238609283942587,0.675746549483573,0.9596850215420891,0.947442779108449,0.8091442663111564,0.712932391325587,0.9814541697743224,0.7033102214269737,0.8538210569780725,0.9695362100281009,0.912727824170374,0.6432705984572116,0.6434262394337373,0.7538867935198055,0.98280557463282,0.8088080901268468,0.7129320454258647,0.9582441854260408,0.7178544338753297,0.9149900225490741,0.6754212992636013,0.9803899590337799,0.7630445593448094,0.7948455158104214,0.6793588929077843,0.8780615512279368,0.8364085521462703,0.6528869819275347,0.6193306164853547,0.715453258527345,0.7297282452790526,0.7983028217639934,0.9125998598847376,0.643702033381214,0.8424305171733326,0.7397073691660306,0.9150035043198984,0.7880418755318435,0.665843379858487,0.8225277030721225,0.7948455158104215,0.8688785388851112,0.689749444253618,0.8510876470038167,0.9754793850621082,0.8143592037575487,0.9661151805494643,0.9674484241224512,0.6203655787600528,0.6593747666952008,0.8754236261542434,0.8444007409507235,0.8208797798232137,0.8252069053832312,0.9386135340765338,0.7631784929239953,0.7857724547836907,0.6101573439072084,0.8655174742919491,0.958515225958984,0.9857977037405371,0.7572087404112642,0.969121057269952,0.8294524715221476,0.6820295464631175,0.8368917104714448,0.8449555217780205,0.7862889645430828,0.8740160774379222,0.8816859778305948,0.7653278293090592,0.5926860609350606,0.7792635455812453,0.8391525395283423,0.8676556569243743,0.7533202390100001,0.944011921397141,0.9694006342434536,0.755357683730347,0.705602557783052,0.9775446524798141,0.885400876353422,0.8892155845940946,0.8780615512279375,0.7957286869230606,0.7428472576106779,0.8900435653405496,0.8816859778305948,0.885400876353422,0.781029240287385,0.7355858049749933,0.9102521474185266,0.885400876353422,0.8430116300946254,0.8315069861698934,0.8555021357847683,0.7765677571647085,0.7551021128178592,0.6779115676755021,0.885400876353422,0.8068343733389355,0.8854008763534221,0.9553219973238067,0.8104962975109378,0.8684820291691511,0.885400876353422,0.626428083173669,0.885400876353422,0.876980294280528,0.8542961702347798,0.7755766588857207,0.8198080648432882,0.6610146236200108,0.6034336675037077,0.8780615512279366,0.7774584441818319,0.8610478913106776,0.6645056577295746,0.6064597871657211,0.9810785975841936,0.6793588929077845,0.7931008126567483,0.8106096354713028,0.9037732996076961,0.8556182564410129,0.918805157356595,0.8088080901268466,0.8745195447781486,0.592261239096399,0.9110367363125393,0.885400876353422,0.862675186278854,0.885400876353422,0.7626554676430919,0.8961062613135484,0.8971901564492133,0.9905401113208032,0.6333478553013997,0.8892155845940946,0.8286218362281845,0.5943055198729934,0.7209604859920061,0.925540477571131,0.7036420537922492,0.8931410336709438,0.5763064863353615,0.8149263853247113,0.6645529156092804,0.881685977830595,0.9813875979308577,0.7804143385745794,0.9149900225490741,0.7960852449904605,0.8899380151987906,0.8484619576906176,0.7601659027266041,0.5599439004116961,0.9356856974167591,0.7874458911644799,0.9337526072370085,0.8880251399355273,0.6353764027835573,0.6295518119469024,0.8735534577794486,0.7037491178645138,0.8957664101424574,0.6353764027835573,0.698012780413332,0.7177362403844187,0.9786078235958559,0.9101568537086784,0.5669165366769047,0.8931410336709438,0.934164858261108,0.5798008017125886,0.6932610426722381,0.9302947288966976,0.9953978806517948,0.5816090138806878,0.9274029754591527,0.7411541095438761,0.7383328072669628,0.8328673674793108,0.8883775072675373,0.8439668118375541,0.6962280582750631,0.655057070302878,0.9240873382644511,0.9356856974167591,0.6442915623843128,0.8902117957459501,0.7724757092972716,0.8930892657088837,0.8344202094125963,0.6541260817448755,0.8173335494555678,0.8495056239794094,0.8104962975109378,0.73330295218246,0.6603875774865744,0.5359947565127992,0.9150035043198985,0.8451259095144117,0.9976243215493139,0.6905252271542069,0.8542058822129399,0.9016461657061436,0.9302947288966974,0.885400876353422,0.8971901564492129,0.862675186278854,0.5365238587801553,0.6353764027835573,0.9386032451225697,0.8472971270962342,0.885400876353422,0.8249859972997304,0.9057246972976496,0.809144266311157,0.6780754841488048,0.6132206788535393,0.7037491178645139,0.9356856974167591,0.6865903464140746,0.516451826965769,0.9691612956914407,0.8710529575837429,0.6602544770187923,0.8931410336709438,0.8168805099533945,0.5583168471302125,0.8676556569243745,0.8201203923509597,0.8091442663111568,0.5908736270711707,0.5732408788464927,0.5440119802620695,0.6432742166951539,0.881685977830595,0.9374521081085163,0.7033102214269737,0.6252092034863834,0.5825042001895204,0.5208473755723388,0.885400876353422,0.6702296088046706,0.953332109591035,0.5396418754993637,0.7451484723462378,0.9102521474185266,0.6830436341608006,0.885400876353422,0.885400876353422,0.8424305171733326,0.8037010012713979,0.5192965002167145,0.8854008763534221,0.9976243215493139,0.626499547379811,0.7857724547836904,0.9150343655807036,0.6456360633991691,0.7310923137226895,0.7779510085085496,0.7566561216751563,0.5510187643386042,0.6144995476368993,0.885400876353422,0.8330960934785037,0.5691044126907125,0.6307087575345856,0.6517462396619871,0.5316433135230592,0.8801244483294194,0.8931410336709438,0.6000403799262479,0.885400876353422,0.5849768960924808,0.724625841475264,0.9684858747005315,0.9790409942193984,0.9611168424359666,0.6173898226432395,0.7209623927712894,0.885400876353422,0.7852959134252,0.6499033468085647,0.885400876353422,0.9503663949983924,0.807489945650905,0.7198455815631015,0.532107145488605,0.5990419494516483,0.885400876353422,0.7714161017661989,0.8068343733389354,0.9413830194575714,0.7482947840655935,0.715135549873011,0.8118232793036575,0.793144848471405,0.7426284530984057,0.6238609283942591,0.8702667377832223,0.7438395839048273,0.7491598444984622,0.684169617086311,0.5479329177843895,0.893401253295678,0.8546597599343506,0.6023678109726931,0.8321126887296126,0.885400876353422,0.9891608609192486,0.9773298102437497,0.9127492924381895,0.9243614595545961,0.8297995438455983,0.8780615512279368,0.8826031812475477,0.8950806418802892,0.9110367363125389,0.7154031895471503,0.9551293872486744,0.7335504297321973,0.8600498873384336,0.6163502833264065,0.9057246972976496,0.6534092147090431,0.9102521474185266,0.9596850215420891,0.9189514425986853,0.9881158615272929,0.9331004233740021,0.8276313301891113,0.8191855061176255,0.8573615701009307,0.9858718430453366,0.9602996741008647,0.8610478913106778,0.7879908504259892,0.9674484241224512,0.9954645327542637,0.8653850403263915,0.9931245559435049,0.8983107091082561,0.8131898801283293,0.8643222344048871,0.8307902358986599,0.6801132502863878,0.6065351597468711,0.650695620472046,0.9968921249480657,0.717736240384419,0.48460039358279694,0.8737850059390877,0.8793331866131817,0.8829583596177213,0.5246293125775526,0.9543810721294508,0.8622902854964027,0.8515386735783614,0.578321716710896,0.6249895143719493,0.9210904902002871,0.9234482104503856,0.6477169228498332,0.9997197123699162,0.9939914873725486,0.9057246972976496,0.6495095637950834,0.8133809431767209,0.9013784409842849,0.8673421016390581,0.9388137099150415,0.8683037946742801,0.9741812383843047,0.9057246972976494,0.5951482961407754,0.5129605868107494,0.951821158435468,0.6779115676755016,0.9150513508645266,0.6783585411902451,0.8755326157003398,0.9388137099150415,0.7328466050513429,0.885400876353422,0.658571195809564,0.885400876353422,0.885400876353422,0.6063806061734909,0.8546597599343508,0.6670683574926641,0.885400876353422,0.5700306772901114,0.6339102604249562,0.945001466385126,0.7605491566505029,0.8693462201573852,0.7726674181658766,0.7199125539339417,0.8010280162855912,0.6388174739209658,0.9338198267598912,0.9299438370380626,0.9013784409842851,0.8141693012543916,0.6935829192505298,0.6750038116382908,0.4453931305858445,0.9652032613479657,0.9769871064817428,0.7523717446486444,0.8985986666492832,0.48692081829869327,0.5867072331685054,0.5971434654702321,0.8610478913106772,0.9304212583514109,0.8829583596177213,0.7874458911644804,0.7533202390100003,0.7880418755318435,0.8546597599343506,0.8670761621516618,0.8931410336709438,0.8904552749271522,0.9669818997221614,0.6771303267079105,0.6939168045736475,0.7751461724900128,0.8971901564492133,0.8432378609164106,0.8745195447781491,0.921003429396464,0.5483789396670344,0.8472971270962343,0.6456647591565177,0.9133097729050923,0.9930547404043361,0.500471372633781,0.6855441026449833,0.801028016285591,0.598121091067196,0.6684339708257333,0.8330597247692184,0.9346715220384023,0.885400876353422,0.6023678109726931,0.8803029307892649,0.885400876353422,0.7939105489321894,0.8610478913106772,0.9110367363125393,0.8373984893907681,0.6329729367942285,0.7491598444984622,0.574360979007805,0.9102521474185268,0.4898714402686646,0.9243614595545959,0.7157906341723685,0.8780615512279368,0.9406464348878106,0.7987020211932379,0.7599128850552692,0.5647765526904125,0.6869506849342164,0.8557717521095498,0.6530112030142794,0.7253663503958827,0.9485507934311781,0.650203812260278,0.5091903571427041,0.8557494301578141,0.9539382344839202,0.7096457585863616,0.8892155845940948,0.7472806507244631,0.8626751862788542,0.7968820743721301,0.881685977830595,0.633415756941937,0.5491321765180213,0.9609676410723691,0.8168882098186321,0.9674484241224515,0.6523732667884758,0.7526352981973863,0.9850607921252732,0.8391525395283426,0.5202707133633105,0.9154984655951908,0.770541447969582,0.8643222344048866,0.8816859778305948,0.6793588929077843,0.9930547404043361,0.885400876353422,0.8403373796149367,0.6580853115101652,0.7765705427323659,0.8718797744147899,0.8854008763534221,0.7366669626395563,0.6711489974950604,0.8090977396371735,0.8344071032518648,0.8441872786629836,0.7266433238403038,0.8044026397326816,0.8540488295625901,0.9135428206778324,0.7908408423615547,0.6630438782205783,0.8465195678523141,0.6585711958095638,0.6235983971106209,0.7698294981298707,0.8839367949745333,0.601020612753943,0.7631666477878625,0.8622112935825186,0.9440119213971412,0.7171890292645675,0.9903614764146604,0.9436574087729872,0.8705493355131941,0.9619282259090556,0.8559569719536844,0.9057246972976496,0.885400876353422,0.8904552749271519,0.5523024161526728,0.6292083580734249,0.881685977830595,0.8971901564492135,0.8745195447781486,0.881685977830595,0.881685977830595,0.8168805099533938,0.885400876353422,0.8745195447781486,0.8330597247692186,0.885400876353422,0.7037491178645137,0.7512776798866516,0.947442779108449,0.6238609283942591,0.9013784409842849,0.8892155845940946,0.881685977830595,0.4981433105069111,0.712932391325587,0.8546597599343508,0.6571371056193329,0.885400876353422,0.40242823847059894,0.8839367949745331,0.907127699648002,0.609341399042767,0.607001101351178,0.7188125664051563,0.9310312708012254,0.8866634059168488,0.8961062613135485,0.944333525273533,0.6962280582750632,0.9677003624281724,0.9614699181039701,0.9445770157689458,0.9840528504330193,0.9855797027208403,0.8856848936483536,0.6815050920146568,0.6238609283942582,0.7634478113851294,0.6596133430076059,0.885400876353422,0.975142101856073,0.8467229897868156,0.9102521474185266,0.8772236779171153,0.578980051558261,0.5953247392477321,0.6501793289209887,0.8780615512279368,0.5735700236787201,0.5290314113290118,0.885400876353422,0.885400876353422,0.8061560254525522,0.788804078304119,0.8496380204192522,0.8785214358728026,0.6830436341608008,0.7303879169050451,0.8226626335918261,0.6085234259275416,0.5778229376838289,0.6845091643852987,0.885400876353422,0.917154256444402,0.6023678109726931,0.9149900225490741,0.679722279247196,0.6353764027835573,0.6657869264112668,0.885400876353422,0.885400876353422,0.6544883118782632,0.8356850800655675,0.567997993511488,0.8154708889081056,0.628345384179652,0.9337242849578087,0.9648743477731463,0.8854741077979715,0.6735221548202959,0.768575709604902,0.8854008763534221,0.8053106771413622,0.6037653657898607,0.7153274972756092,0.947442779108449,0.8555021357847683,0.8097672904273265,0.9398863311924057,0.7683422737356785,0.8892155845940946,0.7688461527077236,0.885400876353422,0.6089813514626856,0.8843112806828812,0.7931008126567496,0.5010611193936663,0.9978444285625077,0.867655656924375,0.806390619329729,0.4125098913158839,0.9413830194575712,0.7378372838907763,0.706071672832485,0.9968921249480657,0.6965730689929301,0.898102330173175,0.8722984813209287,0.5932131131641425,0.8971901564492133,0.881685977830595,0.9147162799480844,0.9176107639459743,0.918805157356595,0.8944232219233075,0.9149900225490741,0.9903992584712189,0.9149900225490744,0.9609676410723689,0.35646066047314817,0.8908074406456208,0.7852959134252,0.9202651318010482,0.783945243123717,0.6390265872092586,0.9198626585436258,0.4573454022182618,0.9024363921718173,0.8816859778305948,0.8655174742919485,0.7801518379683503,0.8892155845940946,0.9091045087211533,0.9069445068121538,0.6167567342375304,0.5811865683066699,0.885400876353422,0.6116493905945599,0.885400876353422,0.6756193105911106,0.9102521474185266,0.9850607921252732,0.8515386735783612,0.4516187170949396,0.885400876353422,0.574360979007805,0.5155933751633411,0.8515386735783614,0.5770864730630065,0.6244556667025054,0.5932131131641423,0.6408633519402386,0.6449295056496469,0.932309043775863,0.8644045211246625,0.6015482220712827,0.8340556435485736,0.5723664978500508,0.9010995033577461,0.9755486419654261,0.6264995473798107,0.830557392775857,0.8666412439971052,0.6363667931074077,0.821577072950012,0.5467358503882492,0.885400876353422,0.881685977830595,0.7073472718867824,0.7436658092046333,0.7819680892214386,0.6307087575345856,0.6066750021113605,0.885400876353422,0.5977436407622827,0.6506191214591031,0.7857724547836906,0.885400876353422,0.6546562942882366,0.7837292619474377,0.6353764027835573,0.8829583596177213,0.881685977830595,0.9449046860917037,0.8454267695073419,0.7565914078748618,0.9782026567459741,0.7569646138955326,0.8906528429153151,0.539474400234871,0.885400876353422,0.8622112935825186,0.885400876353422,0.9057246972976494,0.6564402621276131,0.7390540974543196,0.9149900225490741,0.9854751824091426,0.9032123082890443,0.7855093208605659,0.5669165366769048,0.885400876353422,0.808879927839061,0.6115852115392619,0.6711390675178415,0.6450666846590857,0.8088080901268473,0.9488276796806041,0.8307902358986596,0.8279566795146678,0.8114788487242621,0.7583094792012612,0.4865037093446467,0.8114788487242621,0.9559937244223013,0.8971901564492135,0.8513755312010733,0.8114788487242621,0.9149900225490741,0.7783692651024384,0.8892155845940946,0.0,0.8816859778305948,0.8525874490132166,0.620365578760053,0.7750496320948064,0.737213989012223,0.8546597599343508,0.8286218362281845,0.868878538885111,0.8816859778305948,0.9492700421601004,0.6969426334400055,0.7128204820814288,0.6510762098385803,0.8430116300946255,0.8669811536627741,0.9216850020808514,0.7344011354382141,0.8892155845940946,0.6238609283942593,0.9818884897056039,0.695766267105841,0.8811310709409118,0.7528022532026284,0.8564414716837312,0.6793588929077843,0.6185666173362775,0.7679247651791135,0.858956376551937,0.772663416458703,0.8605569040332728,0.6450666846590862,0.7984922224934377,0.9691612956914406,0.9511105270074123,0.5916352919321856,0.7730778910217584,0.6857582785985317,0.68492247127463,0.7957286869230606,0.6930311150069557,0.8185895097027105,0.8078095754619212,0.8085260178646336,0.845426769507341,0.6432742166951548,0.7614872058764445,0.9658303776842916,0.7105663061807237,0.9976457703229755,0.8054620272717139,0.856402565602072,0.9833173134830338,0.8971009559894066,0.9552619539370155,0.6238609283942571,0.6793768683546733,0.762450009218151,0.8365455300348621,0.8096294045230258,0.8106123348131289,0.7253663503958827,0.9463253162273466,0.8251617830106459,0.6273106725030351,0.7464310197588331,0.8149271700037951,0.7674417937615683,0.9302947288966976,0.6821446118120567,0.5925710657252323,0.6585711958095638,0.7775957767866957,0.9850607921252732,0.8591300129593534,0.9102521474185266,0.8710020129724896,0.947442779108449,0.9432399816400134,0.6585711958095638
p341_L,0.8156754847048542,0.835961157900463,0.7258203869075426,0.9644994759182186,0.9475597985845112,0.7022728639633591,0.8373126200526002,0.8803968326080498,0.9006962362816693,0.9589316626844853,0.9379142777971528,0.9458598726114651,0.9458598726114651,0.4123587491008167,0.8926229549026833,0.9155630897147411,0.9397362273534059,0.923175290194404,0.5849785466746845,0.64125599462624,0.8838795614232455,0.9364159486136479,0.8593176256595305,0.9493053971730234,0.9349426948340502,0.9292677720165115,0.41016165887492884,0.913733309388403,0.7212184631640952,0.793989940909561,0.9225701399051964,0.9529545363721539,0.9409942357230059,0.9162050927129204,0.9475597985845114,0.9568599156354454,0.9848910203339206,0.4271234474165937,0.9610996995613952,0.49118175744002457,0.896130882831621,0.9306566646589698,0.9610996995613952,0.9100921482984174,0.9985778460732367,0.6857251024491388,0.9511016704226434,0.8972654241994793,0.9278966962971924,0.8882932693469461,0.9529545363721539,0.6810028497273856,0.9292677720165115,0.9394396415413291,0.9409942357230057,0.9265423524364669,0.9265423524364669,0.9475597985845114,0.8272354331469209,0.9442013463068035,0.9030086235821644,0.8541959247310247,0.9292677720165117,0.896130882831621,0.9548710823073732,0.931678937032141,0.9529545363721539,0.8512827582389368,0.7995697492352155,0.9568599156354454,0.42185453407777007,0.9763068251524243,0.9475597985845112,0.8210710864618274,0.9475597985845114,0.8827817928509321,0.9559302354841395,0.9379142777971528,0.8175818786954805,0.870586582200982,0.937914277797153,0.864436520678708,0.6592788463860815,0.9292677720165115,0.9475597985845114,0.44823087905285464,0.9364159486136476,0.8259696831286127,0.9260446381122047,0.9458598726114653,0.9475597985845114,0.5854980800909929,0.7179570104282758,0.8802619090433537,0.923879955825063,0.8972654241994793,0.5940608868312292,0.9181361257449083,0.8421226412849139,0.8128743662973861,0.9742178060512305,0.7768756894075242,0.4142892209549458,0.8733613436263186,0.9298843125247958,0.9568599156354451,0.5127629403746805,0.7907502491856577,0.9349426948340502,0.8233788637195056,0.6097932928897116,0.9306566646589698,0.866748202174833,0.9352098991478843,0.9511016704226434,0.9223662136541092,0.8359611579004628,0.9568599156354454,0.9610996995613952,0.8534622933489193,0.9100921482984174,0.6101573439072092,0.4844846382315795,0.894689869425427,0.9292677720165115,0.7749639526724741,0.9493053971730234,0.9793467091371041,0.8061071562382913,0.9125111785873636,0.8686385996787724,0.9511016704226432,0.9529545363721539,0.9610996995613952,0.9425805352069323,0.7196724925376239,0.875144138718642,0.8356601904040853,0.9529545363721539,0.9442013463068035,0.8421779795631059,0.9589316626844853,0.8469812896824731,0.8459148756283026,0.6365285380734743,0.9077040005624186,0.9953073669805033,0.8369591621743948,0.9278966962971924,0.7505486208297507,0.9589316626844853,0.9030086235821644,0.7264404658292205,0.9104952582326111,0.9529545363721539,0.9278966962971926,0.965317907688438,0.6363698616957185,0.8523731211903478,0.610157343907209,0.7836332302901654,0.9511016704226434,0.9829392900173883,0.7958167654209829,0.9301255045824546,0.4563929863666275,0.8567235831170406,0.9567860036593585,0.9701956444682691,0.9576362476866849,0.8574600169443634,0.9458598726114651,0.9265423524364669,0.8426783496858166,0.8790792081159235,0.7662913206916269,0.7376990592379735,0.8664736771305537,0.96089318452934,0.6062538537731914,0.9088944096710687,0.8849794349827056,0.9265423524364667,0.9458598726114651,0.8850018707449109,0.7011852491194247,0.8534622933489193,0.8984043359066811,0.9394396415413291,0.9885587804861203,0.9442013463068033,0.9006962362816693,0.7332476280865161,0.8104036875498972,0.9415490144516765,0.9475597985845114,0.9493053971730234,0.452224981390974,0.8972654241994793,0.9739470938970314,0.8882932693469461,0.9458598726114651,0.9475597985845114,0.8643090749973128,0.810403687549897,0.9589316626844853,0.9475597985845114,0.8565847204007374,0.9125111785873636,0.8827817928509321,0.8523731211903477,0.9018497344665104,0.9458598726114651,0.9475597985845114,0.8512827582389367,0.9475597985845113,0.8335022262352958,0.848197310881127,0.8248376279677077,0.9475597985845114,0.8873793646220564,0.9475597985845114,0.8940560581585955,0.9041731885624829,0.4563929863666273,0.9042833811001101,0.9511016704226432,0.7637779275925343,0.9442013463068033,0.7557228183031452,0.9364159486136481,0.9415490144516765,0.8954478541177424,0.8261839384447573,0.9529545363721539,0.9329016612088756,0.9220520382689481,0.874775722011748,0.9973714923353901,0.9125111785873636,0.9125111785873636,0.9425805352069323,0.610157343907209,0.9954412864629741,0.9475597985845114,0.8995478568587885,0.9475597985845114,0.7525915471020101,0.6304632851667114,0.9529545363721539,0.9252037445446055,0.7911552055921389,0.9848910203339206,0.9112976020672166,0.9349426948340502,0.5810758522594712,0.9928618019927207,0.8567235831170406,0.9511016704226434,0.6548954892349252,0.8993926091805273,0.8391846440543806,0.9458598726114653,0.9548710823073732,0.7218882545393674,0.9610996995613952,0.8565847204007375,0.8279535638583033,0.9306566646589698,0.8981789948276746,0.6454436981178714,0.9765837058865926,0.8436093353026795,0.8182787338913601,0.7981856244137899,0.9568599156354451,0.851799668828326,0.8830966996432081,0.9320645602494204,0.765687247518406,0.9568599156354451,0.9065235783645924,0.8359821349656571,0.9548710823073729,0.9224635916187052,0.9199893491338638,0.3008360691103146,0.9591402541866407,0.8007919102864964,0.9442013463068035,0.9511016704226434,0.9808926695348984,0.7672253926367625,0.7376990592379737,0.8195726318328569,0.8501911138182778,0.9155630897147411,0.7803928839093356,0.9667798280829097,0.9248100053233801,0.9278966962971924,0.5125823486211969,0.6242749171803248,0.7958167654209829,0.9315076677030099,0.9511016704226434,0.9278966962971926,0.913733309388403,0.8277703030524183,0.9460879419108783,0.8805919691825623,0.7324881799695621,0.774963952672474,0.8589669349625968,0.6198246531879763,0.9611058687776597,0.9765198713238088,0.7212184631640948,0.9162050927129204,0.9125111785873636,0.8560751265203929,0.9511016704226432,0.9475597985845114,0.9529545363721537,0.6114865640273738,0.972360936124099,0.9568599156354451,0.9548710823073732,0.9458598726114651,0.9475597985845114,0.9349426948340502,0.9568599156354454,0.9547434413197933,0.9077040005624184,0.986714646627682,0.864436520678708,0.9529545363721539,0.8279535638583033,0.9492546954099309,0.6956019716622592,0.9409942357230059,0.6992500287594892,0.9511016704226434,0.9162050927129204,0.8883010896853649,0.9394396415413291,0.9077040005624184,0.9610996995613952,0.8127850482788859,0.7832487769710366,0.7708083464141855,0.9985778460732367,0.9458598726114653,0.7295878316982173,0.9833173134830338,0.8007919102864964,0.8020222325849233,0.7387014906758981,0.9475597985845114,0.8490980979184484,0.9574180966633072,0.96089318452934,0.9152209695615849,0.9589316626844853,0.8402939714046154,0.9475597985845114,0.9475597985845114,0.9278966962971924,0.9006962362816693,0.6886770644806228,0.9475597985845113,0.7212184631640948,0.9475597985845114,0.9019701437287178,0.8938740030413768,0.8927251297287131,0.9886251033694344,0.5828041027260328,0.9902428565647541,0.8302681193054761,0.8374621799469961,0.9475597985845114,0.9104952582326111,0.9183003694796052,0.7694191025912622,0.7995697492352156,0.9212735133449714,0.6609503876682399,0.9511016704226434,0.7894685038194516,0.9475597985845114,0.7412655108174009,0.9292677720165115,0.885001870744911,0.8338172326800511,0.9493053971730236,0.8035264233964159,0.8292303763277566,0.9475597985845114,0.8927512325175624,0.7983153216862559,0.9475597985845114,0.9212735133449714,0.7718994506532353,0.8660830247325575,0.7160993340227426,0.7958167654209829,0.9475597985845114,0.8817105825036556,0.9719332656480346,0.9548710823073729,0.795396502932904,0.8556880453098372,0.9041731885624824,0.9053437280773231,0.7112114830974932,0.9511016704226434,0.8950004825334386,0.9168460830759904,0.9334927596276981,0.8480036211373803,0.9981568932052118,0.7530625105039936,0.9334927596276981,0.9529545363721539,0.48050447682715247,0.9475597985845114,0.9667798280829099,0.5790714605323434,0.862595176028353,0.9379142777971528,0.9252037445446053,0.9442013463068035,0.9573066236763172,0.9493053971730236,0.9442013463068035,0.9379142777971528,0.47810431900100003,0.9394396415413291,0.9736988845472496,0.9097446761129818,0.9568599156354454,0.8414011380622555,0.9589316626844853,0.9394396415413293,0.8593176256595307,0.7945589785686384,0.7406226036797143,0.9589316626844853,0.903560048661052,0.955724889671401,0.7258203869075426,0.9306566646589698,0.9364159486136479,0.9371605937136991,0.7768756894075242,0.9591402541866407,0.896130882831621,0.8729729119280696,0.6609376016068363,0.9567860036593588,0.937914277797153,0.9682551375725408,0.7304083101495112,0.7925764380555544,0.7541624525637655,0.8808946086335748,0.9196337733730029,0.9733502238946536,0.919989349133864,0.9320645602494204,0.9334927596276981,0.7404882908002394,0.937914277797153,0.9065235783645925,0.9320645602494204,0.9540589546097205,0.7734367193080796,0.5728587092801483,0.7783436306786584,0.8164111026582046,0.5755918128279632,0.8961308828316208,0.9568599156354454,0.9995797633171007,0.8882932693469461,0.6057856307438174,0.955724889671401,0.41016165887492884,0.8220529899137452,0.9529545363721539,0.9667798280829097,0.894689869425427,0.9538673439171337,0.9100921482984174,0.992131884600974,0.992131884600974,0.8175818786954805,0.9430441133000049,0.9425805352069323,0.7185686180327175,0.9475597985845114,0.9548710823073732,0.9475597985845114,0.9475597985845114,0.8128743662973861,0.9334927596276981,0.8691190999184775,0.9475597985845114,0.8032473794919716,0.8324784774213034,0.9540589546097203,0.7035935143035552,0.9104952582326109,0.9236524445610546,0.8339210410708424,0.8995478568587885,0.8347240030058896,0.9409942357230057,0.9168460830759902,0.971905036534492,0.9149644520716045,0.7981856244137899,0.8512827582389368,0.9225701399051964,0.9409942357230057,0.9442013463068037,0.7839274349536991,0.7522333930600866,0.7832182620765741,0.9511016704226434,0.9175213699727839,0.9364159486136479,0.7193030129332592,0.9852901633058908,0.8436093353026795,0.5828041027260328,0.9030086235821644,0.9334927596276981,0.9174557485535397,0.9511016704226434,0.9902428565647543,0.5242659428825309,0.9112976020672166,0.8523731211903478,0.9333465640103243,0.9765837058865925,0.8826297756089205,0.9425805352069325,0.8171063621787289,0.9752897522032937,0.9921318846009741,0.7694191025912622,0.9701956444682691,0.6181160048445469,0.7575776963663714,0.8414011380622555,0.8995478568587885,0.7608400806946962,0.9902428565647541,0.9430441133000051,0.9882136121357634,0.9475597985845114,0.9529545363721539,0.913733309388403,0.9475597985845112,0.98999750935788,0.9364159486136476,0.9442013463068037,0.7055945350292872,0.8035264233964157,0.9111150293377236,0.798315321686256,0.9589316626844853,0.7734367193080796,0.9928618019927209,0.8621439532920854,0.9442013463068035,0.8292303763277569,0.9008500906435697,0.755106613233782,0.9320645602494204,0.8283311817096392,0.8762311904614675,0.7509037938695122,0.8588935204002319,0.6115081310761559,0.825672787074978,0.979346709137104,0.9225701399051964,0.64125599462624,0.9877220281917203,0.9493053971730236,0.9060518763369093,0.9371605937136991,0.8894031717904967,0.9458598726114653,0.797863166714925,0.8445335087370274,0.9547434413197932,0.9736988845472496,0.9511016704226434,0.9152209695615848,0.8763087891966077,0.9306566646589698,0.8984043359066813,0.8946898694254268,0.9877220281917203,0.93150766770301,0.9379142777971528,0.9458598726114651,0.9529545363721539,0.7022728639633591,0.9475597985845114,0.9591402541866407,0.892155484456858,0.8007919102864964,0.4309827118094578,0.9475597985845113,0.879499623739519,0.7577630226857438,0.9030086235821644,0.919989349133864,0.9006962362816693,0.5854980800909929,0.9104952582326111,0.8098667163435631,0.7929264958075516,0.9030086235821644,0.8458099300236452,0.7641547482218575,0.9548710823073732,0.5362610903175526,0.9265423524364667,0.9808926695348984,0.9212977173232091,0.9547434413197934,0.9252037445446053,0.4522249813909742,0.9610996995613952,0.9394396415413291,0.5967031114158962,0.7333647111852168,0.8660830247325575,0.9142868184584121,0.9568599156354454,0.9475597985845114,0.9364159486136479,0.7609046338028223,0.7958167654209829,0.9458598726114653,0.9765837058865926,0.9425805352069323,0.9458598726114653,0.9458598726114653,0.9591402541866406,0.9475597985845114,0.9985778460732369,0.9430441133000051,0.9475597985845114,0.7626870611427722,0.764154748221858,0.9568599156354451,0.9511016704226434,0.9548710823073729,0.9493053971730234,0.9458598726114653,0.7703519447505499,0.8838152225738929,0.9334927596276981,0.8358428353123895,0.9475597985845114,0.9041731885624824,0.7088700293650658,0.9320645602494204,0.7868860602652394,0.6633127349133313,0.9568599156354454,0.7874802728547545,0.9349426948340502,0.9628454933455662,0.5900433049469196,0.9475597985845112,0.9125111785873636,0.5097783333978979,0.9860598647601154,0.8336025791120703,0.787348101225008,0.9667798280829099,0.8784627882818797,0.9511016704226434,0.6293757145872481,0.836959162174395,0.9475597985845114,0.7971798092312707,0.8784088021185175,0.9589316626844853,0.705681864287819,0.9425805352069325,0.9379142777971528,0.8187487405659173,0.9442013463068035,0.7842775465728771,0.8050379729179933,0.9475597985845114,0.9475597985845114,0.9112976020672166,0.7179570104282758,0.4986483534626418,0.7575776963663714,0.8402939714046156,0.7160993340227426,0.6724259519035645,0.7932953720006317,0.9306566646589698,0.8068927917851014,0.9475597985845114,0.9343080653650264,0.9529545363721539,0.9610996995613952,0.7179570104282758,0.9568599156354451,0.825672787074978,0.9475597985845114,0.9475597985845114,0.7666156616807633,0.7971798092312713,0.884485078573894,0.9902428565647541,0.8450603346239254,0.9200152252821033,0.9721820378192461,0.8464736685275933,0.8290892416048379,0.767771973815461,0.9475597985845113,0.5889155091443545,0.8116870067162376,0.9493053971730234,0.9667798280829097,0.9168460830759904,0.8852181373852495,0.8926229549026828,0.6604991020113685,0.9493053971730236,0.8850018707449112,0.9475597985845114,0.8210710864618274,0.8303136803781797,0.896130882831621,0.9965227864620854,0.7347100070611214,0.9394396415413291,0.9018497344665106,0.6712041389219496,0.9548710823073729,0.8643090749973128,0.8578089143655878,0.9425805352069325,0.9589316626844853,0.919989349133864,0.9292677720165115,0.8347439839067272,0.9529545363721539,0.9458598726114653,0.8718884926994315,0.9265423524364669,0.588915509144355,0.9187169710212715,0.9610996995613954,0.5058199570996411,0.9610996995613952,0.9610996995613952,0.8995478568587885,0.9174557485535397,0.8927512325175626,0.9475597985845112,0.9589316626844853,0.9364159486136479,0.9364159486136476,0.7445388428407442,0.9409942357230059,0.9458598726114651,0.9742178060512305,0.8905160099774294,0.9493053971730234,0.8009469027438031,0.9574180966633072,0.8175818786954805,0.8221455822577993,0.9475597985845114,0.5854980800909929,0.9475597985845112,0.810403687549897,0.9589316626844853,0.9306566646589698,0.9320645602494202,0.8470909732383185,0.9475597985845114,0.798315321686256,0.7575776963663714,0.9320645602494204,0.7995563084478068,0.8210710864618274,0.8068927917851013,0.9529545363721539,0.8164111026582046,0.8402939714046156,0.8272354331469207,0.8452778185685963,0.6521280109467598,0.7240362936394947,0.8705865822009816,0.7039254146249521,0.9475597985845114,0.9954779619578477,0.9763068251524243,0.862529861839961,0.8995478568587885,0.7509037938695122,0.9475597985845114,0.9458598726114653,0.836959162174395,0.8980301648428326,0.8192216515661144,0.769419102591262,0.7718994506532353,0.9475597985845114,0.8090713916623882,0.8897634772723557,0.5903992562382352,0.9475597985845114,0.8637151821288627,0.9409942357230057,0.9568599156354451,0.9334927596276981,0.9458598726114653,0.864502372854308,0.9784534179462063,0.7073594800067693,0.8350803794897144,0.9053437280773229,0.9334927596276981,0.747488134268884,0.9475597985845114,0.9721820378192461,0.9475597985845114,0.9568599156354454,0.7139479314627502,0.8805919691825621,0.9610996995613952,0.923879955825063,0.7624534917969605,0.9018497344665102,0.919989349133864,0.9475597985845114,0.8553912003238414,0.815236320480409,0.7974964427509144,0.9682551375725406,0.9125111785873639,0.9765837058865925,0.9225701399051964,0.9212735133449714,0.913733309388403,0.8894031717904969,0.7718994506532353,0.913733309388403,0.919989349133864,0.2719661284740562,0.8816859778305948,0.913733309388403,0.9610996995613952,0.9292677720165115,0.9493053971730234,0.8816859778305948,0.0,0.9663573664294256,0.864436520678708,0.7258203869075427,0.9125111785873636,0.9334927596276981,0.9112976020672168,0.9278966962971924,0.9458598726114651,0.9902428565647541,0.8056825578273619,0.4123587491008175,0.8984043359066813,0.8279535638583033,0.9088944096710687,0.9378040766465512,0.6364121440057205,0.9848910203339206,0.9511016704226434,0.8984043359066811,0.9971018943817556,0.9252037445446055,0.7929264958075513,0.9175213699727844,0.9529545363721539,0.9548710823073732,0.869721451294716,0.923879955825063,0.7633251181690387,0.9152209695615849,0.9225701399051964,0.8480036211373803,0.48448463823157906,0.9212735133449717,0.9475597985845112,0.9753728101585561,0.7335958123014865,0.6828011634221862,0.9343080653650264,0.8447105394237191,0.9548710823073729,0.8261839384447571,0.8718884926994315,0.9292677720165115,0.9425805352069325,0.8908572896021126,0.6993905550185733,0.8675560447816311,0.9166344704914768,0.45766295605159957,0.8391846440543806,0.43405769951292605,0.9529137185200642,0.8739792747287908,0.9511016704226434,0.9493053971730234,0.8827817928509321,0.9252037445446053,0.9511016704226434,0.9315076677030099,0.8588935204002319,0.9255897343552283,0.6936544503118632,0.9442013463068035,0.8553912003238413,0.9829392900173883,0.7619375114470163,0.7768756894075242,0.8545503661181635,0.864436520678708,0.9548710823073732,0.8894031717904969,0.5192799715573901,0.7874802728547545,0.9589316626844853,0.7795429033279415,0.9568599156354454,0.8788340353717466,0.9548710823073732
p342_G,0.70829455847109,0.9527620984712089,0.8375645041075979,0.9807394508561749,0.9370619345667413,0.9434341193662401,0.887200328910831,0.946096328992498,0.8555999624260064,0.536479239041855,0.9097196291136667,0.8983910743172118,0.898391074317212,0.8836545508570981,0.9528949651900587,0.876474086502745,0.9592864686575602,0.8971465330611363,0.9372689456075767,0.9984192168061301,0.8311464231994989,0.907540871911573,0.9409501284699298,0.6431265528086217,0.9053985774691051,0.8971465330611361,0.9165049484215364,0.9727900438033125,0.9402815237871283,0.9612165878642935,0.88740734199408,0.8634896230757455,0.9141982714487249,0.8781517708121866,0.9834594839173171,0.9372689456075765,0.9741270364328649,0.9141982714487245,0.5058803956403932,0.9303499958905475,0.8489613700399672,0.5918316289167775,0.9341913284130119,0.958060361004107,0.9165049484215362,0.950323832529861,0.928895740061739,0.9314080535673726,0.8951528182413433,0.8053548090017988,0.6073391992552906,0.8172942747990009,0.8971465330611361,0.9935864990091459,0.9605059690638981,0.927846456636525,0.7948493592902062,0.9237454173815312,0.9694789354658444,0.9188618095812562,0.971047516105271,0.9009458271885946,0.6379601179494427,0.9104268231948249,0.9343769343025807,0.8940791233615053,0.9315900378678905,0.6680006970299666,0.8136785434198741,0.9372689456075767,0.8818043546471357,0.9303499958905475,0.9834594839173174,0.6423857194468474,0.9237454173815312,0.8295501310031699,0.9466763852073137,0.9097196291136667,0.8758534970061781,0.9434341193662403,0.6907776601460094,0.9012134114028683,0.889311977437508,0.9955703864028429,0.9237454173815312,0.8763477248373532,0.907540871911573,0.9313586706040587,0.7975620093583883,0.9212735133449719,0.9237454173815312,0.8375645041075974,0.9953636883061072,0.8024373085625802,0.9229863666545894,0.6646073508952652,0.8343484171035416,0.8560530782444926,0.903090953915908,0.9460717014860885,0.927846456636525,0.9288957400617388,0.9237454173815309,0.8531213357940417,0.8749913198200939,0.937268945607576,0.8606558839862051,0.8839618252107817,0.9794798384951369,0.6575819764260115,0.837263016912738,0.7009035321691026,0.8714726571183569,0.864069247944542,0.928895740061739,0.9070288902458206,0.9527620984712091,0.5075444500102773,0.9434341193662401,0.9413952129654843,0.958060361004107,0.9503663949983921,0.9053985774691053,0.7140026066694531,0.8971465330611363,0.9478144680448439,0.9262837350880504,0.7625685155564192,0.8983910743172119,0.9634038194012378,0.9252088742292754,0.9288957400617388,0.9315900378678905,0.811816776192263,0.9165049484215364,0.9810553993188316,0.441116462269762,0.9315900378678905,0.9315900378678903,0.9188618095812562,0.9480026743690926,0.9402815237871283,0.859599025345696,0.8537043262956241,0.9446936813955574,0.9238600182215475,0.9675100128033969,0.9194587601703392,0.6120866946697964,0.7043524155950274,0.940281523787128,0.9150049888002696,0.7118609122696715,0.8216070858356983,0.9315900378678905,0.8951528182413435,0.8684209730603489,0.9009132970381386,0.9506862058493933,0.8279566795146676,0.8263785467607356,0.9288957400617388,0.9382025073594866,0.7348690543808665,0.8983937830153461,0.8745574900762874,0.91858914784677,0.8756960152361015,0.9229863666545894,0.6136976833891,0.9807394508561751,0.9212735133449717,0.8931834336273665,0.8899674880802095,0.82416611175922,0.8881797870385773,0.992787606045791,0.894491281073784,0.8799703801338814,0.9533844300329124,0.8686723475061018,0.8327457763092474,0.9278464566365248,0.9885587804861204,0.8549185404483219,0.8023679780484716,0.9193267436726238,0.49646252688012926,0.9119376979332715,0.9510794216676575,0.554535425151996,0.938292717507307,0.7535030168901291,0.6771685092613586,0.8047823746747228,0.9237454173815312,0.4995966487741802,0.9188618095812564,0.7992688827410528,0.7949203622499024,0.8885760308062551,0.9212735133449717,0.9237454173815312,0.8484238679708536,0.8766778883399441,0.5364792390418555,0.9237454173815312,0.979560707429298,0.902988179609765,0.8295501310031699,0.8073306074897453,0.8572772924183014,0.9212735133449714,0.9237454173815312,0.6241404817902616,0.9237454173815312,0.8578025068137466,0.8211332371088922,0.8158197957767749,0.9237454173815312,0.8139469110840568,0.9237454173815312,0.9684036280429786,0.8606558839862053,0.8745574900762874,0.8372630169127382,0.9288957400617388,0.7065367683315567,0.9627453733534852,0.9032901911357232,0.3097488621736101,0.858962461495268,0.7680911157969712,0.9405848418047038,0.9315900378678903,0.8302228876064228,0.8091497720223589,0.8179083071013351,0.8720366844088261,0.8727803597140285,0.8727803597140282,0.5701168087461785,0.8279566795146676,0.9188618095812562,0.9237454173815312,0.70852110138544,0.9237454173815312,0.9833533531554546,0.8727803597140285,0.9828201226319815,0.9595492191461488,0.686631782740931,0.4995966487741802,0.9607085544317142,0.9053985774691049,0.8648447549315537,0.9496699001876994,0.9031015581071147,0.47777207406689015,0.8305571618615186,0.8305571618615193,0.5955590398303124,0.9212735133449719,0.9591464247864105,0.8258256543716627,0.5058803956403932,0.8747228590743419,0.7089444737932006,0.9718807580739222,0.8519395799094818,0.8121339627770114,0.9315900378678905,0.86200758497783,0.6437827578513371,0.9749834622184277,0.937268945607576,0.8848826188750347,0.8710156683413506,0.9012134114028683,0.8522672538974265,0.937268945607576,0.9941072388767986,0.7113961725845357,0.9343769343025807,0.9004036202971211,0.9160161841901238,0.9288957400617388,0.909368306308445,0.6450892690881913,0.9188618095812562,0.9288957400617388,0.9783400888843532,0.7376361401908972,0.9372689456075765,0.7816861609337546,0.8696125867945617,0.852587449013217,0.8508736446926765,0.9516937335159951,0.9237454173815309,0.8951528182413431,0.9188618095812562,0.9315900378678905,0.6545777982052642,0.7014514318568281,0.9288957400617388,0.8951528182413435,0.9661489697485275,0.7429950062244695,0.4454998733287612,0.8061603467614287,0.7790693660488874,0.9723084865116571,0.9542864354276257,0.9019639327925527,0.9984192168061301,0.8555999624260062,0.9434430901748682,0.8781517708121864,0.6438945219541864,0.8928372012248216,0.8238825158251893,0.9237454173815312,0.9315900378678901,0.8999487113882563,0.8971465330611363,0.937268945607576,0.9343769343025807,0.9212735133449714,0.9237454173815312,0.9053985774691051,0.9372689456075765,0.9953786045233858,0.8657901242845245,0.9578335319008515,0.9012134114028683,0.9315900378678905,0.5840446736534624,0.7431708752992905,0.9053985774691053,0.9141982714487249,0.7824210690195705,0.576660771712119,0.9405848418047038,0.7376648739799812,0.9119376979332716,0.9600001939044074,0.9953786045233857,0.6946094614870802,0.9093683063084448,0.696313663949663,0.9165049484215366,0.9212735133449719,0.9137673927286702,0.8279566795146678,0.6450892690881913,0.8241383732161567,0.7482730449504746,0.9237454173815312,0.8677623791807167,0.6915220767435641,0.911552100464315,0.9689470530700142,0.9434430901748678,0.6563552536303694,0.9237454173815312,0.9237454173815312,0.6824810499682055,0.4277294935360504,0.8327784007011552,0.9237454173815312,0.940281523787128,0.9237454173815309,0.8836545508570981,0.8456795858023052,0.9365307020635194,0.9701429667321069,0.8855218855218858,0.9466763852073139,0.7689439583683322,0.7322785418375488,0.9237454173815312,0.8457280231675544,0.8745574900762874,0.698380312920801,0.734049877018297,0.8855218855218863,0.873138122143865,0.9288957400617388,0.6660631323010578,0.9237454173815312,0.7357546514700977,0.9329075599064767,0.8327784007011554,0.8276427011134797,0.9780296622223208,0.7672446223944527,0.9141982714487247,0.9237454173815312,0.974930466144386,0.8876833468556682,0.9237454173815312,0.9178055060407999,0.9518655824226621,0.940633621475834,0.7429950062244692,0.6545777982052641,0.9237454173815312,0.9673426239757882,0.9092318808483444,0.987615254758085,0.7990568456988287,0.7429950062244693,0.7154203807144739,0.8623579941942761,0.8440469376552964,0.928895740061739,0.8607094109952483,0.8295501310031699,0.9786100658041363,0.9819426747398491,0.9039393306750014,0.8288878399988695,0.9786100658041363,0.9315900378678903,0.9329075599064767,0.9237454173815312,0.992787606045791,0.9065397721659636,0.7745631595394556,0.9496699001876994,0.9595492191461488,0.9188618095812564,0.96194029801201,0.9780296622223208,0.9188618095812562,0.9496699001876994,0.9237454173815309,0.9119376979332718,0.9139846123983937,0.8555999624260062,0.9516937335159951,0.9740307444063399,0.9984192168061301,0.9935864990091456,0.94095012846993,0.9778219719209452,0.9466763852073139,0.940281523787128,0.9999394491805798,0.9050879833003673,0.8885760308062554,0.8991661559057054,0.907540871911573,0.9086236786089272,0.9288957400617388,0.8096828742252252,0.8034882424102872,0.8626088325723282,0.9878193007272768,0.9291653056283693,0.9304792865902036,0.9538390172168245,0.7807465126855617,0.8637419834686075,0.9406441445527876,0.9551504908703919,0.9642307650232105,0.8613042685122361,0.6632825824805444,0.6919065330743308,0.9409501284699298,0.7668690143513746,0.9704295576642358,0.8207291116074922,0.7288956290309491,0.9029881796097647,0.9498398745019849,0.9288957400617388,0.9336294601986277,0.8353595520387294,0.9693200614415455,0.9558999508245036,0.9372689456075765,0.89947792166249,0.9073778623991141,0.987615254758085,0.9661489697485275,0.9592864686575602,0.9165049484215366,0.9659497926039275,0.5630631104484922,0.8874073419940798,0.7586888859466627,0.8692627884605635,0.9212735133449717,0.9663573664294258,0.8372163808624642,0.3480198101217258,0.9165049484215366,0.8537043262956242,0.9237454173815312,0.9343769343025805,0.9237454173815312,0.9237454173815312,0.8034325831564855,0.7577703728564172,0.8781517708121862,0.9237454173815312,0.9762800526647322,0.9707708777521605,0.9029881796097649,0.8080670482348336,0.8698489604994104,0.7890277013276505,0.8136290172487892,0.517093491382624,0.8861384736223594,0.7099144500891446,0.8237138317135504,0.9591464247864103,0.8763477248373532,0.8555535486746715,0.9372573658126879,0.8874073419940796,0.9141982714487247,0.5984189889242254,0.9356559449901283,0.9876152547580852,0.8440469376552964,0.928895740061739,0.8506111344599001,0.7402395084267585,0.9718807580739222,0.9032901911357232,0.7760301932181343,0.885521885521886,0.8869837251477684,0.9032901911357232,0.9747155411251818,0.9288957400617388,0.9466763852073137,0.9262837350880504,0.9308109257349264,0.8953244935482405,0.8229032970602808,0.9315900378678905,0.851327550518993,0.6984613694542487,0.9872497905761826,0.834348417103542,0.9212735133449714,0.7381873768854004,0.9229863666545894,0.9953786045233857,0.728654360526024,0.8762907351695035,0.5170934913826235,0.805358997222712,0.9466763852073139,0.40454297482830104,0.920165066767914,0.9237454173815312,0.9315900378678903,0.9050879833003678,0.9237454173815309,0.8362355728398212,0.9750525882012046,0.9188618095812562,0.9759904656941651,0.7672446223944527,0.9409501284699298,0.649868475541413,0.9402815237871283,0.7300648842032198,0.8905290155161711,0.8146911782390925,0.9188618095812564,0.9141982714487245,0.8372143073668705,0.8727803597140285,0.9012134114028683,0.8300124652265479,0.9160308816656622,0.735875879768366,0.5542993547866721,0.8781517708121864,0.9216839240896544,0.7916582493282924,0.6807867690580806,0.940281523787128,0.9821463001596107,0.9262837350880506,0.9893887213489112,0.9906640828958488,0.9931763272713579,0.9212735133449719,0.6938609895470795,0.7612950419868565,0.9341913284130114,0.6321976253310511,0.9722155622930323,0.9072141675815735,0.8745574900762876,0.8991661559057056,0.9035064138941566,0.8874073419940796,0.8259843931141263,0.926946616820191,0.9097196291136664,0.943474927401666,0.9315900378678903,0.9434341193662403,0.9237454173815312,0.7472498032327082,0.8205729775695318,0.9270948121343711,0.8799703801338814,0.9237454173815312,0.9222541956038444,0.7569649206403626,0.6366547927597188,0.8836545508570981,0.8555999624260064,0.8630702674569264,0.8165788541864599,0.962670724937681,0.9253930751088411,0.9150049888002696,0.8622345969218883,0.8359545793225898,0.9343769343025805,0.8539300757509798,0.7948493592902061,0.9288957400617388,0.8727803597140285,0.9434341193662399,0.6988893404807721,0.9188618095812564,0.9434341193662401,0.9119376979332718,0.8931834336273663,0.9237454173815309,0.8264429041637258,0.8508641079512327,0.9372689456075767,0.9370619345667415,0.622832968539538,0.9494729196002478,0.8954515667320708,0.9212735133449719,0.9315900378678905,0.9165049484215364,0.9212735133449719,0.9212735133449719,0.8781517708121861,0.9237454173815312,0.6984613694542492,0.8849898748342027,0.9237454173815312,0.9012134114028683,0.8359545793225898,0.9516937335159951,0.928895740061739,0.9591464247864105,0.9262837350880506,0.9212735133449719,0.9538918150462734,0.8379200941059072,0.9032901911357232,0.6049241470317207,0.9237454173815312,0.8606558839862051,0.9288957400617388,0.9012134114028683,0.9502624026349402,0.8623579941942758,0.9372689456075765,0.9262837350880506,0.7492366704236213,0.9761805408072894,0.9437724388143582,0.9237454173815309,0.7949336214328707,0.8818043546471357,0.9206231796054518,0.8211332371088924,0.9896201712617319,0.9372689456075765,0.8951528182413433,0.928895740061739,0.9980362042473544,0.8476177654692203,0.9237454173815312,0.9834594839173174,0.8716781623645735,0.5364792390418555,0.8193627564336343,0.9165049484215364,0.9097196291136667,0.8530254814793723,0.9188618095812564,0.894533044436149,0.6858035854522634,0.9237454173815312,0.9237454173815312,0.9308109257349264,0.8087208161965715,0.8539300757509798,0.9701477237325292,0.8909718899573573,0.8444846899988676,0.7807465126855617,0.6592199883021935,0.8991661559057054,0.6935649568882314,0.9237454173815312,0.9583403599365299,0.9315900378678903,0.5058803956403932,0.7672446223944525,0.937268945607576,0.9331493976029286,0.9237454173815312,0.9237454173815312,0.7024801189961627,0.9237454173815309,0.6900439450549862,0.907540871911573,0.7853321359751215,0.8756960152361015,0.9253930751088408,0.8756960152361011,0.6436582557292176,0.7973999783168804,0.9237454173815312,0.8727803597140285,0.7040367708564133,0.9262837350880504,0.8961750730777807,0.9227812709373449,0.8846269757088328,0.8438604060303616,0.8763477248373535,0.9301863608775063,0.8106382609539886,0.9237454173815312,0.9100987064371419,0.8149878477204445,0.8569575328025556,0.8554740499191071,0.843180645793546,0.9655891004529175,0.9962220459757785,0.8023679780484718,0.9591464247864108,0.8026884990541279,0.8712795584588886,0.9165049484215362,0.940281523787128,0.9868989158107994,0.8971465330611363,0.8758109128534858,0.4536489449630172,0.9212735133449719,0.9079223191452044,0.6561972672535714,0.9029881796097647,0.894454378782124,0.8730040523026374,0.8727803597140285,0.9341913284130119,0.9434341193662399,0.8539300757509798,0.9431338207947484,0.8702236433531145,0.9370619345667413,0.940281523787128,0.907540871911573,0.9466763852073139,0.7481671178956124,0.9141982714487253,0.9212735133449717,0.8295123822993646,0.866628170390704,0.6431265528086201,0.710552010852848,0.8763477248373532,0.8167213721387956,0.8416634224847804,0.9237454173815312,0.8375645041075976,0.9237454173815309,0.8567269504320856,0.536479239041855,0.8991661559057054,0.9012134114028683,0.8056767200935728,0.9237454173815312,0.8710393430906345,0.7286543605260238,0.6919065330743308,0.6474877845238372,0.662979026138408,0.6733154062254256,0.9828201226319815,0.9172160871873298,0.7890963332331153,0.9701477237325289,0.7231649664338184,0.9409501284699298,0.764538080505569,0.9434341193662401,0.9032901911357232,0.9237454173815309,0.8341664144721783,0.9655471735397518,0.9473248502889067,0.8179083071013351,0.735875879768366,0.9237454173815312,0.9212735133449719,0.9534920719966931,0.8139469110840569,0.8440469376552966,0.7580909088677,0.7119786230535456,0.9237454173815312,0.6594043324927592,0.8172579889167926,0.8836545508570981,0.9237454173815312,0.6290585060683689,0.9977287777736428,0.937268945607576,0.9032901911357234,0.9212735133449719,0.8549080893946239,0.8167652521761419,0.8116781323129286,0.927846456636525,0.9950903665012976,0.94095012846993,0.7394476245532,0.9237454173815312,0.9937053631834567,0.9237454173815312,0.5630631104484922,0.7914563256478502,0.9488571208904724,0.5058803956403932,0.571897795089185,0.8235290366533214,0.9406441445527873,0.8836545508570981,0.9237454173815312,0.64930450839551,0.9417224470902437,0.7973999783168804,0.9870548548281963,0.8727803597140287,0.9828201226319815,0.8874073419940798,0.3605664488017426,0.8745574900762874,0.9931763272713581,0.7119786230535459,0.8745574900762874,0.9160161841901235,0.9315900378678905,0.827956679514668,0.8745574900762874,0.5058803956403932,0.9329075599064767,0.9262837350880506,0.8525874490132166,0.9663573664294256,0.0,0.9012134114028683,0.8375645041075976,0.8727803597140287,0.9460700595274506,0.8710156683413504,0.6824810499682051,0.9212735133449717,0.6228329685395377,0.7983447668609218,0.8836545508570981,0.8522672538974267,0.7297611071498239,0.9272960197589405,0.8623579941942761,0.9303499958905475,0.4517533474293658,0.928895740061739,0.8794035130316951,0.9441227442947595,0.8912369310715329,0.8912369310715329,0.8775434408290577,0.9315900378678905,0.9343769343025805,0.9559898255074898,0.8893119774375082,0.844924692999196,0.9693200614415455,0.8874073419940798,0.7428636882954524,0.9053985774691053,0.9183006535947718,0.9237454173815309,0.9223040482480094,0.888179787038577,0.9580603610041067,0.904475747198215,0.9681599787515007,0.9343769343025807,0.9718013773009624,0.9743121771340179,0.9329075599064764,0.9165049484215364,0.889311977437508,0.8756960152361009,0.9842655226656385,0.7990045733585436,0.9097196291136669,0.8512593163012303,0.9663573664294256,0.5903620685035916,0.8558236858258796,0.9288957400617388,0.9262837350880504,0.8980144111313964,0.8912369310715329,0.9288957400617388,0.7810804214260381,0.6665212576967655,0.7998080513271792,0.9627453733534852,0.9933710628742856,0.6700813488682299,0.9878193007272769,0.8539300757509798,0.9288957400617388,0.9679603415743416,0.9012134114028683,0.9343769343025805,0.8648447549315537,0.9917619408419694,0.9262837350880506,0.536479239041855,0.9264797575088635,0.5630631104484922,0.9256946845818593,0.9343769343025805
p342_N,0.8469988008164033,0.615309952369679,0.8598295527538453,0.7717325331780396,0.9341976401680094,0.5654862883614811,0.9902951364333392,0.993317166302393,0.8753928891101745,0.948467140918744,0.9877421208411418,0.9320645602494204,0.9320645602494204,0.5526222436137971,0.7226409993560161,0.8515386735783614,0.8789436985072655,0.8869832509521188,0.9458674971126175,0.6579010970221213,0.8365446140354933,0.7706493333804143,0.8709676073375172,0.9903766507571461,0.7352115082109041,0.9112446674143928,0.927949622966975,0.891751906668637,0.592295803345599,0.7071475739088695,0.9028404281797042,0.9409669977890662,0.9259591224230199,0.9642416825773448,0.9341976401680094,0.803533083926214,0.9363880304285925,0.9730889887268284,0.9511876099263499,0.8521669136961134,0.9191553769542391,0.9129874603663681,0.9511876099263499,0.9205840625096657,0.782390359244386,0.8105612561473128,0.9386420076357269,0.8710878802609616,0.812448771190768,0.8598295527538453,0.9409669977890662,0.8543705432507491,0.9112446674143928,0.9240084059312026,0.9259591224230197,0.9469401678022589,0.8183675677328989,0.9341976401680094,0.9982847909550883,0.9299834289466347,0.8782944901168632,0.9613268701331865,0.8869832509521193,0.8696642492046922,0.6360918192527053,0.9810353828167875,0.9409669977890662,0.887629363905919,0.9837117739280953,0.9458674971126177,0.8495144407618889,0.9095242312718106,0.9341976401680094,0.775478651203112,0.9341976401680094,0.8529137105219888,0.9202142532643907,0.6721698318292009,0.7942278940301719,0.9107192181558881,0.9671761235857237,0.7930643127364434,0.9044839950643897,0.9112446674143933,0.9341976401680094,0.6538984449635009,0.9472987124405254,0.7696135968297468,0.8917681657699779,0.9320645602494202,0.9341976401680094,0.5357506092759179,0.6805048009723386,0.8120186809265801,0.9044839950643897,0.8710878802609618,0.6311244850636597,0.8542911987973543,0.8357562495103221,0.8111821040440765,0.818367567732899,0.7823814062025369,0.9610880275993517,0.6609116534717057,0.9074232144688463,0.9458674971126175,0.8013272831316133,0.7600176111545576,0.9183656033219387,0.7783744674933413,0.5760300186885365,0.840848859131647,0.7727627776347092,0.6303521385843556,0.9386420076357269,0.7417579586053713,0.7995826090493267,0.9458674971126175,0.9511876099263499,0.8410264752131607,0.9205840625096655,0.5647765526904122,0.8218172303276942,0.7223365150310428,0.9112446674143933,0.7282274248566507,0.9363880304285925,0.9459735178497931,0.864436520678708,0.9243062854435229,0.8613974049640736,0.9386420076357269,0.6543600255164554,0.9511876099263499,0.7341136896129459,0.9356479353308965,0.843329924573051,0.9987774230311344,0.940966997789066,0.9299834289466344,0.9965041039685566,0.9484671409187437,0.8188914049071836,0.8266272054633476,0.5835920972623686,0.9169506775373653,0.9191484075869396,0.7954151283114463,0.9492423737771563,0.7320136740951815,0.9203222717282118,0.878294490116863,0.7164192796374913,0.8732786138576025,0.8856017264847291,0.9492423737771565,0.6665185050440277,0.8886955627708657,0.9885254137948039,0.7315436308993339,0.9090089695877879,0.994437324868074,0.7095838587641858,0.811742647244956,0.8965748830334173,0.6948236445696578,0.9208219488037759,0.8286495024509246,0.9044839950643895,0.847736470715138,0.7352141515839986,0.9320645602494204,0.907824790391452,0.9656378267735528,0.9582353617987975,0.8897822095653826,0.6155835197053354,0.8324501640471824,0.7115559447438389,0.8676054524101486,0.9187568665400383,0.8839392516754714,0.9469401678022589,0.9829392900173883,0.8424726734166378,0.6727941245553479,0.8908326623446738,0.9031388200499333,0.9240084059312025,0.839862916900804,0.9299834289466347,0.9376024723749292,0.8377930645274146,0.7952013128681701,0.9099149954318695,0.9341976401680094,0.9363880304285925,0.9299834289466349,0.9014795552136841,0.882864260468495,0.9173933468462487,0.9829392900173883,0.9341976401680094,0.8555389703439993,0.9302827451643556,0.948467140918744,0.9341976401680094,0.8780766889292516,0.8902183677316946,0.8529137105219888,0.8147566802167696,0.8722928725166916,0.7118123313748043,0.9341976401680094,0.8628824041273822,0.9341976401680094,0.9387664254707251,0.9477291134725976,0.9300320582603783,0.9341976401680094,0.8779654988280847,0.9341976401680094,0.9670175288930156,0.9116474872122649,0.660371607172849,0.9189799789501387,0.7265860889701896,0.7934336330108844,0.9299834289466344,0.9590434494932021,0.9202142532643911,0.742259446103058,0.7985533442261599,0.929015482973479,0.7699808760005917,0.8696642492046922,0.9156518518301398,0.9048113045350052,0.9249696154065192,0.8902183677316946,0.8902183677316946,0.9279496229669748,0.5091875266207719,0.9709760367855711,0.9341976401680094,0.8739518939582047,0.9341976401680094,0.7002680219923407,0.7689024551500216,0.9409669977890662,0.9832318780369318,0.7485101984028704,0.9363880304285925,0.8886955627708657,0.9183656033219387,0.617442465335607,0.8524968541217387,0.8705188107117408,0.9386420076357269,0.5654237689971131,0.8338083271305468,0.8462258379052603,0.9320645602494202,0.9433718940682516,0.6853142868063433,0.9511876099263499,0.8545862256205103,0.8310957623117692,0.9129874603663684,0.8324501640471824,0.5535436320153633,0.9409669977890662,0.8280150438185903,0.7600176111545576,0.8921023247330179,0.9458674971126175,0.801692347741181,0.8751392531083426,0.7930643127364436,0.9437520559602294,0.9458674971126175,0.8323544954274771,0.804954963221413,0.9364748811663077,0.9819923880936651,0.5526222436137974,0.9386420076357269,0.8948535190071925,0.7954933671188162,0.9299834289466347,0.9386420076357269,0.9386420076357269,0.7411491401914749,0.6782333744456281,0.7842340498562543,0.8366902973473977,0.8793331866131817,0.9136833712770096,0.9458674971126175,0.7516593631340742,0.6932943436747305,0.8224152353838801,0.9434121517267975,0.8117426472449563,0.9281505333988453,0.994437324868074,0.8918850562014597,0.9262039440654459,0.8957158650313685,0.8827012888689014,0.8778108787653007,0.6154612284685075,0.8408986703131246,0.7869611549883209,0.5615276396033277,0.9859275654047339,0.906497680742552,0.7235063906986443,0.9642416825773445,0.9243062854435229,0.8575938724395015,0.9386420076357269,0.9341976401680094,0.940966997789066,0.9100322320041924,0.6045023366652359,0.9458674971126175,0.9965514935490281,0.8644365206787079,0.9341976401680094,0.9183656033219387,0.9914826481470901,0.7035794602792436,0.9497150705470578,0.7894766195969121,0.5426229508196717,0.9987774230311344,0.8076052990030278,0.8019036880455425,0.8651200913860881,0.9259591224230199,0.6338353043426332,0.9386420076357269,0.8948535190071929,0.8101621276136339,0.9240084059312024,0.9169506775373653,0.9511876099263499,0.7637591212169565,0.43584868851935843,0.7573320209089753,0.9754970377701453,0.9320645602494202,0.8855830288196838,0.6481600917948733,0.7500321881506018,0.7743287291569785,0.7059359258346489,0.9341976401680094,0.8352451905835125,0.9281278923411589,0.6046410709590804,0.8977164148691164,0.9484671409187437,0.8236680713869198,0.9341976401680094,0.9341976401680094,0.949242373777156,0.906497680742552,0.6328639595105534,0.9341976401680094,0.7235063906986443,0.6993021970177549,0.6621773883959188,0.8668322994400728,0.9527963172137199,0.986554806284329,0.839862916900804,0.7706493333804144,0.8890762971642384,0.9071331444078825,0.9341976401680094,0.8460594193000852,0.3847553079983771,0.7555855066537775,0.8039983462680802,0.9138411088140405,0.7284793781721299,0.9386420076357269,0.7583951041773282,0.9341976401680094,0.7205095636306711,0.9273376672788166,0.8174887035560277,0.869794920767839,0.9363880304285923,0.9379250310364493,0.5556123482350831,0.9341976401680094,0.8949624583202778,0.7923026475436279,0.9341976401680094,0.9878193007272769,0.9274181393627929,0.986572764243447,0.7124747307268313,0.7664404416746766,0.9341976401680094,0.893855060098088,0.9618702432415294,0.9433718940682514,0.874173515078446,0.9415261486075026,0.8797557950282509,0.8812245968305712,0.7210302843748405,0.9386420076357269,0.958102892901342,0.8529137105219888,0.7434758999605564,0.8583261472337578,0.5312245222578797,0.8324501640471824,0.916546213700882,0.940966997789066,0.8466288346254216,0.9341976401680094,0.9458674971126175,0.8212647567683593,0.986193026793186,0.9671761235857239,0.9832318780369318,0.9299834289466347,0.9219555439828158,0.9363880304285925,0.9299834289466347,0.7623333429754702,0.986554806284329,0.9838552657289732,0.8433299245730508,0.47140648660990414,0.9458674971126175,0.8492473095446895,0.948467140918744,0.9240084059312026,0.8284703715451975,0.9459121875995715,0.9914610572055534,0.7891116843751671,0.942740818864453,0.9262039440654457,0.9962609620151458,0.9540147404500321,0.964376598029419,0.8739518939582049,0.7823814062025366,0.8948535190071925,0.8889867521198008,0.8940058527473687,0.8765447667087005,0.8998328740391306,0.9220943680125893,0.9028404281797042,0.6127434606585593,0.7727528766750424,0.8409345199966803,0.9762262925984149,0.8278323222482422,0.5694441862886847,0.8996020324755996,0.9147540983606557,0.9165462137008822,0.7081328128169754,0.9220943680125895,0.8812664936764899,0.9564943253467844,0.8370782905736781,0.703770648508707,0.7265860889701896,0.9921468666844484,0.9070711234195772,0.9673786919850061,0.8998328740391306,0.9458674971126175,0.71886341964431,0.8886114498000468,0.9433718940682516,0.9606559814622546,0.9762262925984149,0.7341136896129463,0.9987774230311344,0.9458674971126175,0.5724072923153436,0.7155673590494245,0.9458114886501783,0.9661859802146437,0.9829392900173883,0.8173554210508895,0.8797557950282511,0.9762262925984151,0.6960254872302303,0.9341976401680094,0.9433718940682516,0.9341976401680094,0.9341976401680094,0.7881877245144917,0.9165462137008822,0.5415272873309553,0.9341976401680094,0.775889106434585,0.8134750342286592,0.924306285443523,0.7247288896304452,0.8460594193000852,0.9074473199365554,0.5647208615070365,0.8739518939582047,0.8163962779704248,0.9730889887268284,0.8808617942287751,0.9433718940682516,0.8932967537832142,0.8022554555169894,0.8133884845703085,0.6848542093521182,0.9797811449693631,0.9709760367855711,0.7619326522517726,0.5760152068699849,0.7210302843748403,0.9386420076357269,0.460295270779154,0.9202142532643909,0.9540147404500321,0.9590434494932021,0.8280150438185903,0.975191603316105,0.8782944901168632,0.916546213700882,0.9320611426402994,0.9386420076357269,0.9202142532643913,0.9363880304285925,0.976352903445825,0.8395807850136316,0.7078868375537282,0.9409669977890662,0.8377058526271616,0.9279496229669753,0.8489267031830838,0.5742554606370509,0.9661859802146437,0.7555855066537775,0.9044839950643895,0.9511876099263499,0.7064934282346795,0.8251181313335156,0.9048113045350052,0.733238024457888,0.5939999543203034,0.8797557950282511,0.9021413409446442,0.9341976401680094,0.940966997789066,0.8917519066686372,0.986554806284329,0.8779654988280847,0.9202142532643907,0.9299834289466349,0.9804835086069064,0.8209158355527626,0.7434758999605566,0.7696135968297468,0.948467140918744,0.703770648508707,0.9220943680125893,0.8526242193567077,0.9299834289466347,0.7441318134503205,0.8158166410117746,0.8029903728618506,0.6678436317780578,0.9695908681512624,0.8717784212905579,0.7209612607824569,0.848265815728716,0.9300797186110579,0.7812528998027031,0.6264498083679102,0.9028404281797042,0.6579010970221223,0.7785143692692988,0.9903766507571461,0.9951959541874675,0.8739518939582047,0.861222266702258,0.9320645602494202,0.7224578250075424,0.800712487631012,0.9511876099263499,0.8972361563467728,0.9386420076357269,0.6190673064055561,0.9015358689505103,0.9129874603663684,0.8725169952519656,0.6098895979942681,0.9616684643803335,0.8682458143938525,0.922094368012589,0.9320645602494204,0.9987774230311344,0.703579460279244,0.9341976401680094,0.8948535190071925,0.8937147170517346,0.8182239566029237,0.6759176534822519,0.9341976401680094,0.876294550861926,0.694676661364003,0.878294490116863,0.8447692963661197,0.9064976807425518,0.6796600945069262,0.8732786138576023,0.7151187813982632,0.8625945561359692,0.8687414673630843,0.8065211384922875,0.8555019428893369,0.9433718940682516,0.6940163579665882,0.8183675677328989,0.9497673578995787,0.49619911345539325,0.7035794602792431,0.9061450951233825,0.9299834289466349,0.6345328743203626,0.9240084059312026,0.9469401678022589,0.5945878647851169,0.9895325312650529,0.8501659032843123,0.9458674971126175,0.9865548062843288,0.9202142532643911,0.7224487943538207,0.7664404416746766,0.9320645602494202,0.9409669977890665,0.927949622966975,0.9320645602494202,0.9320645602494202,0.930079718611058,0.9341976401680094,0.9762262925984149,0.9116474872122647,0.9341976401680094,0.6261034047919289,0.7696846159091413,0.9458674971126175,0.9386420076357269,0.9433718940682516,0.9903766507571461,0.9320645602494202,0.7224578250075422,0.8161233816474041,0.9165462137008822,0.8178539505669788,0.9341976401680094,0.5780854378435188,0.6707907717378423,0.9147540983606557,0.7776747290716073,0.8292239088635945,0.6782333744456277,0.6317030069429781,0.918365603321939,0.871166208285507,0.9183656033219387,0.9341976401680094,0.9583942031553514,0.8134458527040939,0.9472303491045946,0.9573372050976623,0.9220943680125893,0.866182938666506,0.574139916158693,0.9386420076357269,0.8332189753156272,0.8193098328029467,0.9341976401680094,0.6993021970177555,0.8474264488038958,0.948467140918744,0.8549727251175647,0.9762262925984149,0.7172515874023349,0.7957279794915257,0.9299834289466347,0.7518333300629546,0.7659400626703596,0.9341976401680094,0.9341976401680094,0.8886955627708657,0.774112157359288,0.6631569473897876,0.8654590025171118,0.7995996720587015,0.6895695889387643,0.8743877471202743,0.7632421686937121,0.7177670188806546,0.7805381608776913,0.9341976401680094,0.9318712301664056,0.940966997789066,0.9511876099263499,0.6571029618756012,0.9458674971126175,0.8046547388994403,0.9341976401680094,0.9341976401680094,0.7520660878273888,0.9610880275993516,0.8973504260916716,0.9202142532643909,0.7384094334397133,0.990338748542446,0.9061450951233827,0.8998328740391306,0.8326130329527144,0.6325669907315441,0.9341976401680094,0.5984628665908784,0.7866670785386731,0.9903766507571461,0.9458674971126175,0.9088098779355613,0.8425868991073652,0.8864629644044796,0.5842361678476111,0.9363880304285925,0.8424726734166377,0.9341976401680094,0.7987171022511952,0.7235607220793917,0.8696642492046922,0.6664503587728906,0.9787275285759813,0.9700765701011145,0.8768403073232187,0.5990000218261768,0.9433718940682514,0.8297340049818103,0.821577554447503,0.9762262925984149,0.985927565404734,0.8996020324755996,0.911244667414393,0.7805381608776913,0.9409669977890662,0.9320645602494202,0.8392447154194034,0.9078247903914518,0.9243062854435229,0.9701426189491364,0.9511876099263499,0.871166208285507,0.9511876099263499,0.9797658041147691,0.6631569473897883,0.8964228513787131,0.8654234385275945,0.986554806284329,0.8547169780516897,0.9643765980294186,0.9914610572055534,0.6780662647582772,0.9259591224230201,0.9320645602494204,0.9078247903914516,0.8626186644435845,0.9363880304285925,0.8956043643228606,0.9629590308991036,0.7942278940301719,0.764844517262865,0.9341976401680094,0.4494049181373131,0.9341976401680094,0.772687740818806,0.948467140918744,0.8408488591316468,0.9147540983606555,0.8401540785301758,0.9341976401680094,0.7696135968297468,0.7292027959893127,0.9564943253467841,0.7711911134087561,0.7987171022511952,0.7805381608776913,0.940966997789066,0.7927239547143874,0.895873269371575,0.8847379521819223,0.6899330914819686,0.7434758999605573,0.628358578856251,0.9797658041147691,0.828470371545197,0.594587864785117,0.8981981738963489,0.9889605162825021,0.8149366829530524,0.9048113045350052,0.720961260782457,0.9341976401680094,0.9320645602494202,0.8432045372944466,0.7522076535979976,0.9573424427163064,0.7780455836381195,0.724393385524069,0.9341976401680094,0.7710116930146547,0.9744431580702931,0.7717325331780396,0.9341976401680094,0.7926104337466322,0.8383915460579381,0.9458674971126175,0.9165462137008822,0.9320645602494202,0.957719264765919,0.9112446674143933,0.9560600502201053,0.7792521903220917,0.8292239088635946,0.8709676073375174,0.7167499446622103,0.9341976401680094,0.9061450951233827,0.9341976401680094,0.9458674971126175,0.6286235815871799,0.8501659032843123,0.9511876099263499,0.9424837518356481,0.848490810977947,0.8768403073232187,0.8447692963661197,0.9341976401680094,0.8530225521173652,0.791216032824233,0.8764417171559656,0.8347834320678187,0.8902183677316948,0.9409669977890665,0.9028404281797042,0.9382025073594866,0.891751906668637,0.861222266702258,0.7469516915061494,0.891751906668637,0.8996020324755996,0.9409669977890665,0.8793331866131817,0.891751906668637,0.9511876099263499,0.8062744182987238,0.9903766507571459,0.620365578760053,0.864436520678708,0.9012134114028683,0.0,0.8598295527538453,0.8902183677316946,0.9590434494932021,0.8886955627708657,0.9095242312718106,0.9829392900173883,0.9643765980294188,0.7789936865244085,0.6256590068018775,0.821264756768359,0.9250576155467343,0.9187568665400383,0.8935686853760023,0.7330124861800764,0.9363880304285925,0.9386420076357269,0.9950042944438358,0.7584378183133027,0.9061450951233827,0.9011379475927437,0.9318712301664058,0.9409669977890662,0.9433718940682516,0.8365254955378076,0.9044839950643899,0.7632703995966016,0.9325475534270616,0.8347834320678187,0.8337999729316519,0.9616684643803335,0.9012134114028683,0.9341976401680094,0.9774384882566038,0.7288318185336542,0.9124103764401392,0.8710878802609616,0.8294621750176527,0.8163216564008666,0.7528844849541505,0.9189799789501389,0.9112446674143928,0.7823903592443857,0.7155184372230254,0.9794926266231159,0.8599286707771701,0.928543138170547,0.9220943680125895,0.8462258379052603,0.9829392900173883,0.7387148169649154,0.9301638097169644,0.6707907717378427,0.9363880304285925,0.8529137105219888,0.9061450951233823,0.7265860889701894,0.892135309586176,0.8989203946432849,0.9364267113498836,0.5748138997143929,0.9709760367855709,0.8530225521173651,0.9600252206809585,0.7557351791201901,0.7265860889701897,0.8174887035560279,0.7930643127364434,0.9433718940682516,0.861222266702258,0.9950420205336963,0.5777143866144243,0.948467140918744,0.990511238752463,0.9458674971126175,0.9951371402807525,0.9433718940682516
p342_Q,0.6096202256012246,0.875046477041949,0.987828276771795,0.885277268430531,0.8918007079504509,0.9197374370356892,0.841865818265846,0.8457685183376292,0.1753762658300816,0.9152641503417578,0.871899210769451,0.8882932693469461,0.8882932693469461,0.8880920834624083,0.8515439151062537,0.8517122542586355,0.9520275060446648,0.9375379118224101,0.8298099072732108,0.915264150341758,0.7797903006735187,0.8992597885323736,0.8920802319381607,0.8954023823601893,0.8657679762547947,0.36680424205436646,0.7190038823664422,0.7266226698789064,0.9152641503417578,0.7072023694241154,0.436076234668489,0.9029316112204657,0.9107523671187101,0.46847843198320627,0.8918007079504509,0.9109895373928905,0.9326301365954337,0.7642645032475504,0.919737437035689,0.8475066588280644,0.8064907104924686,0.8852149430495113,0.919737437035689,0.8400307477214534,0.8815270484708906,0.8752188288756657,0.899108613242037,0.4784927903256816,0.8786176172006355,0.813706679457969,0.9029316112204657,0.8640651347990944,0.3946305558992952,0.875046477041949,0.9432506800820841,0.8484356419795884,0.8754075788101028,0.8918007079504506,0.6020859340186551,0.8848712502248579,0.34977064366401656,0.6819462236481217,0.9375379118224112,0.8064907104924686,0.94831171741693,0.6073034515859785,0.9029316112204657,0.966180879669543,0.7778031663041145,0.9109895373928905,0.8941290646551585,0.8512300448035055,0.9279034959226291,0.5840045276470729,0.8918007079504506,0.7581449596587471,0.8688077246092827,0.8718992107694508,0.594951657269812,0.9850406692683007,0.9029852527308231,0.8598295527538451,0.9212336877669949,0.8540589702876242,0.8918007079504506,0.9112576872105789,0.9601639163785549,0.7903260492261702,0.9148027816174447,0.8882932693469465,0.8918007079504506,0.9923252188511816,0.8339529181093643,0.5775715109114237,0.8429423482710734,0.7880288772623985,0.9997630578150822,0.7604099735059926,0.6691602367540428,0.5933076524791672,0.8484356419795889,0.8991086132420372,0.7471714123277675,0.783509770834754,0.724496603474401,0.9109895373928902,0.955818971254647,0.6530437254203633,0.8956273847626328,0.5765591734598102,0.9555941525500817,0.8569246572337172,0.4549198488143299,0.829509762764606,0.899108613242037,0.5161712637584024,0.8750464770419488,0.9109895373928902,0.9197374370356886,0.49527116234155544,0.8835891435136976,0.9858718430453364,0.8057785301589874,0.8402398194588376,0.8540589702876249,0.7440615396991497,0.8954023823601893,0.756408996570381,0.8882932693469461,0.8900010585864282,0.4932818962614033,0.8991086132420372,0.9029316112204655,0.919737437035689,0.9148161375677795,0.8530398312450818,0.7795572150690233,0.9774791703451952,0.9029316112204655,0.8848712502248579,0.8341893103438713,0.9152641503417576,0.5913311540282205,0.9248534269420976,0.973593572348779,0.4222839988318804,0.9485931715992011,0.5290494357810415,0.8786176172006357,0.7384806749327311,0.9152641503417578,0.8512594583520775,0.8979239965635599,0.783901957065804,0.9029316112204657,0.4640806452682449,0.7966377406303657,0.9271158312367083,0.9451311832100295,0.9949625014137065,0.8554313524828547,0.8991086132420374,0.8598295527538453,0.9535676072396229,0.7810313952077226,0.8929170447517266,0.8273537628951169,0.7856879905096841,0.8429423482710734,0.8980153588374259,0.8600960853075241,0.8882932693469463,0.5312098109185879,0.9107478742580492,0.7007391783483627,0.9454025996110428,0.9109895373928902,0.8321185046348736,0.8296873519133925,0.950860458823299,0.9598963673674022,0.516113166037304,0.9023795156406169,0.958454422755221,0.8177304152369682,0.8921841149392045,0.4780992797981345,0.8326092276629775,0.8750464770419492,0.8375645041075974,0.8848712502248579,0.968961592906853,0.8282087968708169,0.7026484001207911,0.7998787575170994,0.8918007079504506,0.8954023823601893,0.7053694360593163,0.8928114961783871,0.682223168291566,0.4564696006715425,0.958454422755221,0.8918007079504506,0.7200304036493885,0.6560758230419178,0.915264150341758,0.8918007079504506,0.8042561215979473,0.4518516276492176,0.31682064435140267,0.48296095168131803,0.8407338233809278,0.9233738460510834,0.8918007079504506,0.7272817887986025,0.8918007079504507,0.7084296208663285,0.8203273929488122,0.8285832767732344,0.8918007079504506,0.7390657782147769,0.8918007079504506,0.8258147866332166,0.5819743866680325,0.9166733840192726,0.7356689330100841,0.9375821720172512,0.7129726087135857,0.8848712502248577,0.9614003126538461,0.8688077246092833,0.8652903420416289,0.6344004532606382,0.851397048842468,0.9029316112204655,0.8480961504580379,0.9053077925847788,0.9204124956737287,0.8630671713098654,0.6869042397079146,0.49886215006095624,0.9148161375677795,0.9858718430453364,0.841955873964591,0.8918007079504506,0.9204124956737292,0.8918007079504506,0.782502421306695,0.968967374178353,0.9029316112204655,0.8988287569352167,0.7129726087135855,0.8954023823601893,0.9271158312367085,0.8657679762547947,0.9885360359200094,0.871899210769451,0.5498622692054476,0.8991086132420372,0.9428646620486623,0.7509443411397414,0.9661889379157604,0.8882932693469465,0.968836846578246,0.9946080151719673,0.919737437035689,0.739464897846868,0.7907987299578068,0.8569246572337172,0.5580240554557848,0.9706202793328345,0.9029316112204657,0.9783735244579528,0.8953108610062799,0.6984668227176973,0.9109895373928902,0.5765591734598103,0.5083657082939,0.888611449800047,0.7873167549650785,0.9109895373928902,0.8358984246916981,0.6387467951477376,0.9068859994145182,0.8040092425999461,0.8600960853075239,0.6776822402306103,0.8271068874433853,0.6273320484900341,0.8848712502248579,0.8991086132420372,0.8991086132420374,0.7579012714219439,0.9109895373928905,0.7433998306591936,0.5435469751069901,0.7558839765538496,0.833745605964479,0.9109895373928907,0.9998909281330146,0.8786176172006352,0.9443957023935474,0.8578899519108554,0.6715757585241641,0.9072772156967592,0.8991086132420372,0.8512300448035057,0.964544919642998,0.7644708034132515,0.8071248883001414,0.9251896002692193,0.9996539052698518,0.9917848073087584,0.829909803436208,0.9460112707329087,0.9152641503417578,0.4327552908279514,0.915264150341758,0.8513970488424683,0.8194852749688188,0.9414341350869289,0.9469971516571078,0.8918007079504506,0.5788484422307318,0.9842496457512628,0.937537911822411,0.9109895373928902,0.94831171741693,0.8882932693469461,0.8918007079504506,0.8657679762547947,0.9541896299485404,0.919737437035689,0.8095666773087118,0.639566236235933,0.888611449800047,0.9427946840319121,0.8690473453490268,0.7802887623676402,0.9553462017783088,0.5042779995405569,0.8914360357274878,0.9760557307924647,0.5413489161804551,0.7721928104322535,0.6166940317246865,0.5804323890382289,0.9197374370356892,0.7243960184343341,0.8999773716406338,0.6984668227176982,0.9148161375677795,0.8882932693469465,0.9317737336457657,0.8325465987176781,0.643005884824189,0.6240304208055258,0.8041745210052789,0.8918007079504506,0.49720082499214535,0.8725825827815015,0.8542616703600654,0.8485648350028439,0.9152641503417578,0.7320521522257636,0.8918007079504506,0.8918007079504506,0.9060051895977654,0.838004138344743,0.9066271744532046,0.8918007079504507,0.915264150341758,0.9279034959226291,0.8600960853075241,0.7810313952077228,0.6716000154015425,0.8918007079504511,0.8563663357004563,0.8688077246092829,0.8366709339655258,0.7797838294329897,0.8918007079504506,0.7468743994599154,0.8457632233052685,0.7013897882215823,0.6955323083350006,0.8375645041075976,0.9366376573753079,0.899108613242037,0.6561766481965681,0.8918007079504506,0.7551450430007571,0.8540589702876249,0.4731774023496832,0.8312377708050867,0.9326301365954337,0.8339529181093643,0.8782540541553363,0.8918007079504506,0.799083372088077,0.6338741157136893,0.8918007079504506,0.8630702674569264,0.5192976149843425,0.6800761783917901,0.7960592005243596,0.6403377056711461,0.8918007079504506,0.7574928407303989,0.5218924970355836,0.906885999414518,0.9202163716445821,0.8276475976354674,0.911837255420927,0.4188488487346227,0.9972308581145369,0.8991086132420372,0.7833556479805837,0.31682064435140267,0.8627763408565619,0.4849255111170978,0.7493629842999514,0.9218034222685996,0.8627763408565619,0.9029316112204657,0.8120252635732318,0.8918007079504506,0.9109895373928905,0.9984689868383807,0.6263651095121021,0.9340712946921954,0.8456737070075293,0.8848712502248579,0.5864735252623349,0.9326301365954339,0.8848712502248579,0.8718992107694512,0.7832742002999458,0.8750464770419488,0.7795572150690233,0.8165558862615871,0.9109895373928905,0.4953237597864121,0.9152641503417582,0.9025899955434546,0.8627763408565619,0.7683960829809408,0.9484798918521732,0.9152641503417578,0.6514851066553311,0.750379009146452,0.9878282767717947,0.8569246572337172,0.8688077246092836,0.814017245544506,0.8991086132420372,0.8271068874433853,0.8064907104924686,0.9675164133126005,0.852351476784137,0.6526385699551402,0.8718992107694514,0.4102303794587505,0.8558056729844734,0.7255799291632044,0.9704723905529855,0.9813943157615574,0.5914216721374093,0.7869574313974725,0.8600960853075241,0.8598295527538449,0.8920802319381604,0.80147030915071,0.9029852527308235,0.6841261201765074,0.9173933468462485,0.8194852749688191,0.7779346713252554,0.985470710432321,0.9478043208209241,0.6689736015872552,0.9112576872105789,0.9521097503719584,0.9162100923845103,0.8036702388383996,0.6747811488188018,0.8445596925710103,0.8457632233052685,0.7522929714633312,0.8815270484708906,0.9029316112204657,0.9109895373928902,0.8402398194588376,0.6764193215259517,0.8375257920528889,0.9233738460510836,0.8882932693469461,0.7544270961227818,0.8242724495767537,0.8815270484708906,0.8708197216224038,0.8918007079504506,0.9068859994145184,0.8918007079504506,0.8918007079504506,0.593307652479167,0.8627763408565616,0.8513970488424683,0.8918007079504506,0.6207077565282968,0.5291408900333696,0.8900010585864282,0.8893312823211617,0.7468743994599154,0.7430187603839411,0.838004138344743,0.7927381955186625,0.520937885365597,0.9107523671187097,0.893045809073932,0.9068859994145182,0.4789382271947341,0.7139552587326632,0.5730851593650709,0.8660856746685759,0.959254381027794,0.8848712502248581,0.9752707842978016,0.9068859994145182,0.997230858114537,0.8991086132420372,0.8718549723951892,0.929711852455464,0.9167530562399291,0.9213841230197595,0.620222920154136,0.8818720990497853,0.43698608969672204,0.9506880141013583,0.9771332625934286,0.9085235928818939,0.9601639163785549,0.8067755837578559,0.9798285858871119,0.6199002795416768,0.7245937905318554,0.9029316112204655,0.7296379131216184,0.9481052266646683,0.5871013766430537,0.7845603183635632,0.8882932693469461,0.7478517030282201,0.8429423482710732,0.8422078287242853,0.7743371662428937,0.528600221043523,0.8352962955703502,0.7688760043725213,0.8688077246092831,0.9562175970779132,0.8547279709820794,0.8918007079504506,0.9029316112204657,0.6078409735411743,0.9640062838948074,0.721722559859173,0.8875757640059917,0.7736626550119543,0.9474363504294318,0.7855428322851128,0.9506880141013581,0.6338741157136905,0.915264150341758,0.7468417678602215,0.8718992107694512,0.9136340417066129,0.8848712502248579,0.8782540541553361,0.8055502539769913,0.9924726353842229,0.888611449800047,0.7187030077350126,0.5270053828183523,0.7852182262061038,0.9009647957607465,0.9057013371667025,0.7303563094723731,0.7217225598591728,0.8754557732340406,0.915264150341758,0.8956273847626326,0.9698578908306779,0.820327392948812,0.9519132041712033,0.6889645535139449,0.8882932693469465,0.7523832370627911,0.8585589340127573,0.919737437035689,0.9788316531026545,0.9085235928818944,0.9446358261174743,0.8457632233052685,0.8569246572337172,0.790378781288317,0.8660856746685759,0.8657679762547947,0.804009242599946,0.8718992107694503,0.9233738460510834,0.9029316112204655,0.9197374370356894,0.8918007079504506,0.8513970488424683,0.7485114529880343,0.658679721158344,0.899995145173208,0.8918007079504507,0.5091046882798886,0.8176938363347039,0.9743096495825112,0.8600960853075241,0.7951076341784318,0.9878282767717947,0.6525193368930027,0.9908175275025007,0.8722512319713729,0.8434864805334523,0.5109544992867474,0.9644829731784323,0.9068859994145184,0.9731922541970479,0.8754075788101028,0.8991086132420372,0.8429905361746888,0.9850406692683008,0.9254062818990603,0.7736626550119534,0.919737437035689,0.875046477041949,0.8818449897152715,0.9279034959226291,0.7130292778012552,0.7536267205171054,0.9109895373928907,0.9279034959226291,0.8688077246092831,0.7187030077350125,0.640337705671146,0.8882932693469465,0.9029316112204655,0.8815270484708904,0.8882932693469465,0.8882932693469465,0.875687210241551,0.8918007079504506,0.9148161375677795,0.8242724495767537,0.8918007079504506,0.9674790649689444,0.8855827323868948,0.9109895373928902,0.8991086132420372,0.94831171741693,0.9326301365954339,0.9233738460510839,0.752383237062791,0.47809927979813427,0.7269691840010559,0.7469158454104652,0.8918007079504506,0.8242724495767535,0.937582172017251,0.8598295527538451,0.6623930663041351,0.9290903104556831,0.9109895373928902,0.8954023823601893,0.8657679762547947,0.9840221034099075,0.8654973471746634,0.8918007079504509,0.8194852749688184,0.9438711222834658,0.9177773850880533,0.590520492130453,0.9726705794236881,0.9109895373928905,0.8786176172006352,0.899108613242037,0.955818971254647,0.5455259854857741,0.8918007079504506,0.8918007079504509,0.7491222158741118,0.915264150341758,0.8666458325398365,0.8815270484708906,0.8718992107694512,0.6073034515859785,0.8848712502248579,0.69960827246464,0.6836721158093677,0.8918007079504506,0.8918007079504506,0.8169813158537989,0.8339529181093643,0.9731922541970478,0.7743371662428936,0.5162999836306033,0.8118533990799137,0.8394041876778962,0.6467264201300056,0.8852149430495113,0.6421216579579542,0.8918007079504506,0.8299419248287938,0.9029316112204657,0.919737437035689,0.8339529181093643,0.9109895373928902,0.5528526614501179,0.8918007079504506,0.8918007079504506,0.7072023694241132,0.9637881401608364,0.6896273122410623,0.8992597885323736,0.8836946569645223,0.7856879905096841,0.8456737070075291,0.9313070303891748,0.5411583513597955,0.8332083545770186,0.8918007079504507,0.9689673741783532,0.5968172928969104,0.8954023823601893,0.9109895373928902,0.8545027092410218,0.7013383360433207,0.9225298131703905,0.99267132167479,0.8954023823601893,0.6998953667208332,0.8918007079504506,0.5679804963019294,0.8725825827815015,0.6110331299895715,0.7470507816018563,0.9068344414809855,0.9978886501497103,0.8349197586889276,0.8921841149392045,0.906885999414518,0.6927752989355307,0.6320640891600768,0.9481052266646686,0.915264150341758,0.913273266585415,0.8540589702876245,0.6106085610662498,0.9029316112204655,0.8882932693469465,0.5495741034849293,0.9357888633762994,0.8984515905607441,0.8571606472033042,0.9197374370356892,0.9454621129724834,0.9197374370356892,0.967348383883694,0.8140172455445063,0.9771332625934286,0.3861735487223823,0.8915825642164801,0.915264150341758,0.8992597885323736,0.8688077246092829,0.8851714610505235,0.9432506800820841,0.7258203869075429,0.8484356419795887,0.5424976170390766,0.8954023823601893,0.6925859159406933,0.8725825827815021,0.6268467450404059,0.6903617827638118,0.8918007079504506,0.9923252188511816,0.8915825642164801,0.8268419389977836,0.9152641503417578,0.9135052288653056,0.449404918137318,0.9826264580009696,0.8918007079504506,0.6338741157136898,0.7743371662428937,0.8598295527538455,0.6306131224370088,0.5679804963019294,0.6106085610662499,0.902931611220466,0.5826209805800051,0.7866545486004171,0.7715459488022951,0.7192822108419856,0.9320964215722474,0.8640839297611476,0.9850406692683006,0.9506880141013581,0.8918007079504511,0.8453164318386717,0.8512300448035053,0.5250591460281493,0.7927381955186621,0.785218226206104,0.9998909281330145,0.8882932693469465,0.5620025351905068,0.7737522149259852,0.9416634109462474,0.7013897882215815,0.7496155726499725,0.8918007079504506,0.6746391434620389,0.726320935328181,0.8880920834624083,0.8918007079504506,0.5537408559787513,0.8782540541553361,0.9109895373928902,0.8627763408565616,0.8882932693469465,0.7725940925571462,0.9931905395122683,0.9933702205113828,0.9023795156406167,0.8268811643733736,0.8627763408565619,0.7906425979913654,0.8918007079504506,0.8722512319713729,0.8918007079504506,0.9109895373928902,0.8393921477711164,0.33137125413829016,0.919737437035689,0.8429423482710732,0.7817583165480235,0.4889502462301031,0.8600960853075241,0.8918007079504506,0.7881704068805279,0.6021103220512951,0.8836573658182676,0.8660856746685761,0.8194852749688193,0.9029316112204655,0.840239819458837,0.8885760308062554,0.8220068840377226,0.5092216640703027,0.7496155726499727,0.8220068840377226,0.8349149021845175,0.6585745878536232,0.7558839765538496,0.8220068840377226,0.919737437035689,0.9789831466428031,0.8812310922283445,0.7750496320948064,0.7258203869075427,0.8375645041075976,0.8598295527538453,0.0,0.8194852749688188,0.9213841230197595,0.3455184382605867,0.8748942312251946,0.9584544227552207,0.8688077246092833,0.6612134782571096,0.8880920834624084,0.8114940044756473,0.7394648978468679,0.8914721281849787,0.8046967529941977,0.9022818036223246,0.8954023823601893,0.899108613242037,0.5128188535297842,0.9349027668523879,0.6493533186794369,0.9948611432094081,0.5413623616752745,0.9029316112204657,0.9068859994145184,0.7311977002630092,0.44958575984313087,0.9274504612235901,0.6710802094240017,0.8402398194588376,0.6863875396524888,0.7759191216511494,0.4737798854605254,0.8918007079504509,0.5657755159667,0.9806087022159997,0.9551891263734739,0.436579742759286,0.6795929602942512,0.9068859994145182,0.8271068874433851,0.735668933010085,0.3946305558992952,0.9481052266646686,0.8429423482710732,0.9022712097485509,0.7267298407698881,0.7356794655387604,0.7861543276554557,0.8006347729766587,0.7609009636116802,0.8082592358119727,0.8122852773424607,0.8991086132420372,0.9698578908306781,0.528807693432411,0.3304230191133084,0.899108613242037,0.9279308103161219,0.45285292063875815,0.8044016421531766,0.9190178597011773,0.8848712502248581,0.5813227410145001,0.8598295527538453,0.9842496457512626,0.899108613242037,0.4731774023496831,0.8598295527538453,0.9068859994145184,0.2895359103058559,0.8318821987925464,0.8954023823601893,0.9152641503417578,0.2858332463982889,0.9109895373928902,0.8200302532820041,0.9068859994145184
p342_R,0.7129739679912139,0.9773810909232876,0.4518516276492186,0.9801777989919911,0.9152582079543843,0.9935264355112596,0.7507439296808172,0.7703885298411388,0.8649303928299299,0.9336347991328915,0.6217097704625072,0.9125111785873636,0.9125111785873636,0.8707051888795787,0.9578829909052506,0.6237195087969897,0.9072118677365055,0.885698841863535,0.9302869180633688,0.9336347991328915,0.6367717134368288,0.5978261379758856,0.8645307055964574,0.9621698344437761,0.6453977258535435,0.885698841863535,0.9072118677365053,0.9168673858538465,0.9336347991328915,0.6801551377064801,0.9973181037772292,0.9711878805915029,0.9816273853023445,0.8933580624819946,0.9580166426603276,0.9673847887170085,0.5528314585484426,0.9816273853023441,0.9371382816751244,0.8834832246395514,0.6011809485970603,0.8879432507007241,0.9371382816751241,0.8547116092900204,0.9466378905596335,0.7013264420854824,0.5322230711047469,0.833984008005529,0.6948416833705329,0.8194852749688188,0.9239759423528267,0.7146737248054592,0.885698841863535,0.9021362778138227,0.9431379203344703,0.4798196258276065,0.9451832184545603,0.9152582079543841,0.6377082736583357,0.483544509055966,0.8432648458861456,0.7565155320112129,0.885698841863535,0.7982830105819401,0.927073023079146,0.8395212401804986,0.934388242931145,0.7596773995000086,0.6869023645050851,0.9302869180633688,0.898105134356751,0.4029127735313581,0.9152582079543843,0.7108562443941848,0.9152582079543841,0.3905701740091444,0.7420900754778976,0.7689771223906574,0.9507555075874372,0.9371382816751241,0.8996713357710029,0.8370782905736784,0.8769922925568632,0.885698841863535,0.9152582079543841,0.8625851059964715,0.9693820495180774,0.9182689921824955,0.7960352917220276,0.9125111785873639,0.9152582079543841,0.9135063197922981,0.8803652317588887,0.7579133348704643,0.8769922925568632,0.833984008005529,0.8855759234814216,0.315427711922184,0.6995224013351078,0.791504487853637,0.9589839222591342,0.9665480300996037,0.9152582079543845,0.9055624219999947,0.8971188061328659,0.5069074692287105,0.8683589986402201,0.6618586811173359,0.8948693468634785,0.790757432093208,0.9232101627977853,0.9214489273204716,0.7152124051796416,0.8064093503402046,0.532223071104747,0.6568400529801006,0.9397586843685548,0.9302869180633684,0.6681446414719281,0.7631994628418886,0.8547116092900204,0.899603674299033,0.8948693468634785,0.874875669330726,0.9824764774982424,0.9968309023681914,0.5087406670022805,0.7890100968809904,0.9540589546097205,0.8586206896551725,0.787723918513509,0.668921861685378,0.9711878805915029,0.9371382816751241,0.9745100637941106,0.943585793190133,0.7982366744065175,0.88717630469247,0.556692737021734,0.909831049842277,0.5847393041162676,0.5305876036228907,0.7827707385776628,0.7020657359127312,0.8353059983605333,0.8508524342038157,0.8449320637799715,0.7365308980319905,0.8834832246395519,0.8359136063385518,0.9872125588573131,0.8432648458861449,0.9978019274344512,0.7758962369425157,0.9711878805915029,0.8834832246395521,0.8728049013896688,0.8842122443079048,0.9750108530094964,0.8542058822129399,0.7523391061979712,0.9423194428466418,0.9393420437091633,0.6885444555819689,0.5156711950939892,0.9731391553474598,0.9327935102712095,0.7736452528338302,0.6885429846599858,0.7615757470088251,0.9303519937309512,0.38117662903257143,0.9771275048833286,0.7950730368223761,0.8019074126838547,0.984446564926525,0.98145106467318,0.9329314737422609,0.9248202875667846,0.810578894320336,0.9311214124541402,0.9550146306388964,0.9909282086879025,0.9125111785873636,0.8261685998760956,0.8822611460192038,0.7631994628418886,0.8358244551518943,0.9021362778138226,0.9331959995055013,0.9098310498422768,0.9826558345338434,0.5800297375091057,0.6676611735692477,0.8949117707360066,0.9152582079543841,0.9180790428976138,0.909831049842277,0.8339840080055287,0.6195088022422901,0.8664957973805585,0.9125111785873636,0.9152582079543841,0.39738273324313445,0.6860472928319219,0.9336347991328915,0.9152582079543841,0.8178976980025496,0.8586206896551727,0.8334032066537793,0.7817124512888375,0.6208111023252638,0.995606730632077,0.9152582079543841,0.7798874555888033,0.9152582079543841,0.9283112981018427,0.7455703123783524,0.773590571880219,0.9152582079543841,0.6974777124396558,0.9152582079543841,0.8120241663238046,0.9464937950241183,0.8605956163602342,0.33879425404788044,0.920981766572726,0.6366159898528121,0.9098310498422768,0.7257061345513394,0.9333160651425743,0.8949117707360064,0.6903180033478242,0.732656397876621,0.7927524282151169,0.8321506231964104,0.817696163984857,0.9607124451036871,0.7585694290695796,0.8351555929352406,0.8586206896551725,0.9072118677365055,0.8769047782559865,0.909831049842277,0.9152582079543841,0.8628742512243037,0.9152582079543841,0.7564546836765988,0.8586206896551727,0.9239759423528267,0.8791314954080309,0.6366159898528121,0.9180790428976138,0.8566595864113673,0.29175701255894093,0.9158917230732841,0.9898781502828838,0.7684696092538164,0.9209817665727267,0.9566277828832506,0.7660607011384842,0.740127209975586,0.9125111785873639,0.9270730230791457,0.9616839290002958,0.9371382816751244,0.9330011899716573,0.9135274874028652,0.9780340428202864,0.9754189037734791,0.8560505186143628,0.9239759423528267,0.7472773782722055,0.90164478776732,0.8681021893929678,0.5069074692287105,0.7145855431989012,0.9393175601009796,0.9583942031553514,0.8358244551518947,0.5069074692287105,0.9478061671738158,0.6898925387975408,0.9270730230791457,0.607069833206286,0.960175396156637,0.9209817665727265,0.6463520425747626,0.7152124051796416,0.3622196208356152,0.6233555981585014,0.9665480300996037,0.5977857750964171,0.9302869180633688,0.9115608261892302,0.7579133348704641,0.32863386023738306,0.7401272099755858,0.9302869180633688,0.9580166426603276,0.9483563157149231,0.909831049842277,0.9239759423528267,0.670046019335357,0.8303239302316403,0.9665480300996037,0.9159197701772379,0.860595616360234,0.6347545512373295,0.901963196034923,0.8070402049768046,0.8086360830500481,0.6655768025380873,0.7256436767965113,0.8948327340196496,0.9592096814182648,0.8395280973905597,0.9872125588573133,0.7901926347445258,0.8586206896551727,0.7268745902606937,0.9665480300996034,0.9152582079543841,0.9239759423528264,0.837672350699731,0.9186550120230905,0.5069074692287105,0.9270730230791457,0.9540589546097205,0.9152582079543841,0.6807617971830027,0.9302869180633688,0.9371382816751241,0.6407524214643655,0.784819257372219,0.9583942031553516,0.9239759423528267,0.7411620366898108,0.5236955678580308,0.8948693468634785,0.9046484553665965,0.7590779548145831,0.9209817665727265,0.8933580624819946,0.5684036045974257,0.9021362778138224,0.8508524342038155,0.9500854106526052,0.6272821583838493,0.8645899440480411,0.6479769357244229,0.6196758583859592,0.9125111785873639,0.8981051343567512,0.9415040533996415,0.6780857041613109,0.6800738680803702,0.5512382309992565,0.9152582079543841,0.7561470539717323,0.891030590621342,0.9248202875667846,0.7960690785050835,0.9336347991328915,0.7615757470088251,0.9152582079543841,0.9152582079543841,0.8834832246395516,0.8395280973905594,0.8677771796929873,0.9152582079543841,0.9336347991328915,0.9992249226337293,0.9303519937309511,0.32135260791351794,0.6492750543065735,0.9564664879277861,0.9331959995055015,0.9333160651425743,0.5139723862113716,0.5766690716255587,0.9152582079543841,0.35354425436279857,0.9168673858538465,0.6457306197931669,0.6318650212502697,0.7647258015371341,0.8459501681299315,0.5777893346316239,0.6597874190636714,0.9152582079543841,0.6003379138057918,0.885698841863535,0.7453554915206198,0.9592529065033616,0.918079042897614,0.517245995528989,0.9046484553665963,0.9152582079543841,0.8266892096935978,0.6926130384069066,0.9152582079543841,0.902988179609765,0.6577060118568885,0.4829072514295316,0.5412250420771528,0.670046019335357,0.9152582079543841,0.9253975186092838,0.7596773995000083,0.9257389930135205,0.9877510427009072,0.6160486494052941,0.8451467479521528,0.8470383046866876,0.9079514179323012,0.532223071104747,0.8303239302316401,0.810578894320336,0.9686491338802947,0.7543784123327506,0.8325019809207141,0.4085133607738546,0.8925262950745887,0.5094807987830579,0.8856988418635352,0.9152582079543841,0.9162206421071971,0.9358559422107497,0.7999124105450757,0.8996713357710029,0.7746197042620235,0.9502726792490608,0.8669509024511372,0.9180790428976142,0.909831049842277,0.8996713357710031,0.9152582079543845,0.9773810909232876,0.4093401918519093,0.8903326882693017,0.9302869180633688,0.7634145312909695,0.9336347991328915,0.902136277813822,0.961938580597147,0.9452738778891177,0.9224199973554135,0.9872125588573133,0.6875667488332011,0.8605956163602337,0.8194852749688191,0.8879432507007243,0.8972500807670709,0.22985732989107577,0.9209817665727262,0.6175839241408104,0.8814261386926308,0.8999990886573643,0.8902183677316946,0.906063896440741,0.8996713357710033,0.8748756693307265,0.8300446655816207,0.6572569816081253,0.9537329196471146,0.9072118677365055,0.8803935729362917,0.8552438375272706,0.8707051888795789,0.8902183677316946,0.8925262950745889,0.5541610858246858,0.8996713357710033,0.5084125363758114,0.8902183677316948,0.6959629941127009,0.9686264653560732,0.9209817665727265,0.7812316443288947,0.5988888009854982,0.9194760752462128,0.881426138692631,0.9302869180633688,0.8666466252200815,0.8429905361746886,0.9270730230791457,0.88873150110704,0.9466378905596333,0.6985279040322161,0.9711878805915029,0.9302869180633684,0.9360968865539774,0.5520831465945917,0.8179568604206776,0.5473677331219982,0.6720110611890675,0.7052177893356908,0.9493264764640175,0.9072118677365055,0.8727189765147401,0.9152582079543841,0.5332377025939616,0.9152582079543841,0.9152582079543841,0.6976105905469074,0.8925262950745889,0.979662417783852,0.9152582079543841,0.7006539224608312,0.748630830544369,0.8586206896551727,0.8144676551397425,0.3757733060775207,0.6006162348649267,0.8903326882693017,0.837672350699731,0.7329189478805089,0.9046484553665965,0.8470564206780127,0.9270730230791457,0.8625851059964713,0.7947271048367869,0.7596773995000081,0.7271864187181382,0.9046484553665963,0.909831049842277,0.916074022998244,0.9748016543159651,0.859704259318828,0.532223071104747,0.8836238393968296,0.8972500807670707,0.8879432507007241,0.6562938490287802,0.767085852767091,0.7647258015371331,0.8432648458861454,0.8925262950745887,0.8666109663611834,0.9665480300996037,0.8972500807670709,0.9180790428976142,0.8402611767267203,0.7817124512888376,0.7231770329932702,0.9239759423528267,0.8736455631338023,0.9072118677365058,0.9461820137961477,0.8822084460608878,0.9628454933455662,0.6273881882510957,0.5023438177529196,0.9935264355112594,0.5820702154682222,0.7634145312909695,0.837672350699731,0.6059015124366316,0.9584859817309161,0.8451467479521528,0.8705381445093676,0.9152582079543841,0.5094807987830579,0.8605956163602342,0.9152582079543843,0.7590991753211784,0.8972500807670709,0.9502726792490608,0.781642568113518,0.5936921505247577,0.8925262950745889,0.6740836112921167,0.9056319216938431,0.6815363726303554,0.8996713357710031,0.7981412091899542,0.9502726792490608,0.9431379203344703,0.7599030408171727,0.9142977291841885,0.9243062854435231,0.6319775242021561,0.8221123324210013,0.6084208512808625,0.7719761627955799,0.979662417783852,0.7756270707601547,0.635856249558131,0.874875669330726,0.9336347991328915,0.9655974895223984,0.918079042897614,0.6874233204777095,0.8628742512243037,0.8449320637799713,0.9125111785873639,0.6581723978086118,0.6033256170091674,0.9500854106526052,0.7982366744065175,0.9209817665727265,0.9479215598710831,0.6610943429440552,0.944528366200539,0.9108480704460358,0.7577970273297638,0.8948693468634785,0.9037073523919106,0.989878150282884,0.9125111785873639,0.556692737021734,0.9371382816751244,0.9152582079543841,0.8933580624819941,0.7244939883139969,0.8822825597621244,0.9878657306248141,0.9152582079543841,0.8726484979469553,0.8010589163348689,0.8432648458861454,0.930351993730951,0.39840303942831257,0.992472635384223,0.8462098839072112,0.6795674610696996,0.7116653769293065,0.8949117707360064,0.7508334733135498,0.9812261632287929,0.4841750412915172,0.8599048430053959,0.9451832184545603,0.9665480300996037,0.9421362489486964,0.9371382816751241,0.8791314954080309,0.909831049842277,0.9935264355112596,0.45828281075571664,0.9132389320257919,0.9152582079543843,0.9512443617526196,0.33504240308196376,0.930286918063369,0.9152582079543843,0.8972500807670707,0.6136290621613234,0.670046019335357,0.9125111785873639,0.8399643664537927,0.9072118677365055,0.9125111785873639,0.9125111785873639,0.8645899440480415,0.9152582079543841,0.9466378905596335,0.8972366122080851,0.9152582079543841,0.8902183677316944,0.864419020911696,0.98145106467318,0.532223071104747,0.9270730230791457,0.918079042897614,0.9125111785873639,0.7319064716602568,0.7631994628418886,0.8925262950745887,0.734726947317814,0.9152582079543841,0.9753714085919838,0.9209817665727262,0.530287031167221,0.7108517143987036,0.785123347580105,0.9302869180633686,0.918079042897614,0.8948693468634785,0.8586206896551727,0.9302334181929384,0.6143990102802377,0.9142977291841885,0.898105134356751,0.9667074951656032,0.9443123974848822,0.9530613123008465,0.9814510646731802,0.9483563157149231,0.5777893346316242,0.845146747952153,0.7365308980319905,0.9152582079543841,0.9580166426603276,0.3474933487862678,0.9336347991328915,0.767854553638488,0.580249835562831,0.9364881737530408,0.7071034031072143,0.9502726792490608,0.6697932067803396,0.6590264503438226,0.9152582079543841,0.9152582079543841,0.856659586411368,0.9858539969985173,0.8376723506997308,0.8046224482286757,0.7419198496887556,0.7656958640615766,0.5289255975910461,0.6844418583053662,0.9549546039402188,0.6879445456091824,0.9152582079543841,0.8588039237011791,0.5094807987830579,0.9371382816751244,0.7465844605162952,0.5069074692287105,0.7182924545133287,0.9152582079543841,0.9152582079543841,0.6411996737091921,0.9992249226337293,0.6362903151886548,0.4174962160983702,0.8533725051586635,0.5272676753527289,0.8791314954080309,0.87219628382627,0.7238133425245881,0.9504194112558235,0.9152582079543841,0.9743481917577799,0.6956918530898963,0.5969222500946043,0.98145106467318,0.9247004559875525,0.9482976017725953,0.8508524342038157,0.9194760752462128,0.918079042897614,0.45970488578509605,0.9152582079543841,0.7108562443941848,0.9479215598710831,0.8321506231964106,0.8481061087656112,0.8078318817278123,0.9021362778138222,0.8413921158471318,0.741642112682344,0.9270730230791457,0.9874574113522344,0.7702234719866523,0.9466378905596333,0.7984764022449993,0.8707051888795789,0.885698841863535,0.818573721367724,0.9239759423528267,0.9125111785873639,0.9682610749736361,0.881294645597023,0.9142977291841885,0.9275612046868082,0.9371382816751241,0.8586206896551727,0.9371382816751244,0.9371382816751241,0.8347029424808238,0.9830296087723855,0.826689209693598,0.9152582079543843,0.8520541619694204,0.6338921223513886,0.8972500807670709,0.7245920650740707,0.904648455366597,0.9125111785873636,0.9132389320257919,0.8230771571354663,0.9180790428976138,0.8542655386545362,0.8625851059964715,0.7618803397014786,0.723465554394806,0.9152582079543841,0.8664957973805585,0.9992249226337292,0.7779778891452922,0.9336347991328915,0.8879432507007241,0.8902183677316946,0.7350711982801175,0.9152582079543841,0.6740836112921169,0.5820702154682222,0.8902183677316946,0.694635028060304,0.7108562443941848,0.6879445456091828,0.556692737021734,0.722184913864389,0.9581347202095198,0.8231684676253801,0.7934993295128958,0.8925262950745887,0.8704655417113838,0.9371382816751241,0.9686491338802947,0.9580166426603276,0.6804532553665565,0.9867705932097052,0.7311067605158574,0.8628742512243037,0.5711811735833954,0.9152582079543843,0.9125111785873639,0.7560449442954522,0.6769372248124819,0.8597042593188278,0.6457306197931669,0.605387906352084,0.9152582079543841,0.665518691982484,0.40066412095708603,0.8707051888795789,0.9152582079543841,0.7329189478805087,0.9046484553665961,0.5069074692287105,0.8925262950745889,0.9125111785873639,0.7439471311229153,0.8856988418635352,0.9043083694549343,0.9132389320257916,0.9521349754676034,0.7951184200738992,0.5656030214848707,0.9152582079543841,0.9106086590743894,0.9152582079543841,0.9302869180633684,0.9902631487156042,0.8070402049768042,0.9371382816751244,0.8769922925568632,0.8674930744993441,0.8413921158471318,0.6819437747351306,0.9152582079543841,0.7201378724697234,0.7202589006980222,0.671588770187239,0.9360968865539774,0.9465096719932721,0.9343882429311451,0.8748756693307269,0.8727803597140287,0.860595616360234,0.8212788440155341,0.6053879063520838,0.860595616360234,0.4731799577553314,0.9239759423528267,0.32863386023738306,0.860595616360234,0.9371382816751244,0.9516111821826463,0.918079042897614,0.737213989012223,0.9125111785873636,0.8727803597140287,0.8902183677316946,0.8194852749688188,0.0,0.9272324378358678,0.8566595864113684,0.8834832246395516,0.9125111785873639,0.8972500807670709,0.6859888438459352,0.8012373844378768,0.8140653401421141,0.7603459520179956,0.8527760996057683,0.5749300060182723,0.8834832246395514,0.9180790428976138,0.5777893346316242,0.9108480704460358,0.9626735953468731,0.7746197042620238,0.8375740315947421,0.9084437550924802,0.556692737021734,0.5332377025939616,0.8325019809207146,0.8769922925568632,0.9509094583851624,0.891030590621342,0.6659652014948872,0.7744081599350809,0.9655974895223984,0.8727803597140287,0.5288821408683506,0.9976676873306041,0.9060175412581504,0.8452344879447862,0.833984008005529,0.9675370105404317,0.974801654315965,0.7901926347445254,0.7929756481234911,0.885698841863535,0.9745100637941105,0.7195761791444965,0.8567883809445209,0.7859745422812423,0.9228205481168078,0.6953434464265823,0.8577719241284201,0.9540589546097205,0.9400219883777883,0.722184913864389,0.987885706373519,0.5528314585484426,0.810578894320336,0.8791314954080307,0.9209817665727265,0.9006035218473674,0.7719761627955801,0.8226649952907412,0.9907143086558443,0.6453110266831019,0.7392851160026959,0.9924821208671799,0.9859143456282597,0.9665480300996039,0.7649577557899125,0.7007266197263642,0.5332377025939616,0.8212788440155341,0.9214489273204713,0.918079042897614,0.9336347991328915,0.8315069861698936,0.9302869180633684,0.7539469289309451,0.5332377025939616
p343_GCDANVY,0.8467912975361044,0.9805867004734362,0.8920802319381607,0.9867452539316911,0.7445786492931159,0.9522137875062904,0.9475168130828631,0.902244070606904,0.9413503191453483,0.9495505106234361,0.9237321696604077,0.6521280109467595,0.7039254146249523,0.9017126880527937,0.9199796380611351,0.9112569593010917,0.9722312205307764,0.9131105611405985,0.9470055188469617,0.9495505106234361,0.8859699871586739,0.966854861926912,0.9183006535947713,0.9377253379624282,0.9200817943852442,0.9131105611405985,0.9294643302252341,0.8253574758824451,0.9836543654419935,0.9894302504431038,0.9048830033154058,0.8223564127592389,0.975500298406281,0.9329290708210041,0.9044988266272498,0.9470055188469617,0.9377253379624282,0.9275156757582275,0.9522137875062904,0.9114262935403583,0.9031200523835075,0.9598692082125242,0.9071885561788846,0.8723971405489593,0.978616554847229,0.8557906375312165,0.939931930051314,0.9975694426888291,0.9114262935403583,0.8734886394090501,0.9422080421889416,0.8587613865748258,0.9131105611405985,0.9725096342470558,0.8805458336495585,0.9894121426990234,0.9097625798212232,0.9355809960386168,0.9918970918718579,0.9314553797224698,0.9774350345371765,0.9282332912823814,0.9541968529441154,0.9031200523835075,0.944562380594602,0.8924847904986041,0.9422080421889416,0.8551433214141546,0.7995453423845009,0.9470055188469617,0.9001496633415411,0.9518647719377948,0.9888877218166616,0.888562547754369,0.9355809960386168,0.8560058896255165,0.9218915803605507,0.9696315366465988,0.941523833113134,0.9522137875062904,0.9844690963672101,0.9559620789221579,0.9064920176718159,0.9131105611405985,0.9355809960386168,0.8955399645501794,0.9881818565067269,0.9832503610538774,0.9861023711265688,0.9334927596276978,0.9355809960386168,0.9213841230197595,0.80967785571777,0.9328387520589025,0.9000633438867535,0.9666265784581533,0.8600594271401627,0.9145855552030098,0.8767610496095957,0.7850535495928668,0.9495873612601233,0.9399319300513138,0.935580996038617,0.977173073171553,0.8991831258758018,0.9470055188469617,0.8822836759018073,0.8891219021481309,0.8153889450299145,0.9795585447766094,0.9238056139707786,0.9148167155454523,0.9207130639246641,0.9165215812574513,0.939931930051314,0.8857867368510901,0.8867793699144206,0.9470055188469617,0.9522137875062904,0.875754109678721,0.9744177842163372,0.8829583596177213,0.9200817943852442,0.9430450953185581,0.7992853962347819,0.9430932045650426,0.9377253379624282,0.843104345188914,0.9111150293377237,0.7604122773126186,0.9477167671000974,0.9399319300513138,0.9422080421889416,0.9071885561788837,0.978616554847229,0.9753470256278476,0.8515150466921431,0.9989330715481036,0.9422080421889416,0.9677078677803632,0.7984460113483246,0.9495505106234359,0.9160683122646492,0.8904902911085819,0.9145855552030098,0.9799445188591511,0.9294417721555159,0.7867068273063512,0.9672582712673323,0.8250734885790938,0.9495505106234361,0.732819137386314,0.8928989244507175,0.9047213896626447,0.9989330715481036,0.9672582712673322,0.8668776900588206,0.9253852640835396,0.9538800936330645,0.8829583596177213,0.9901415714403683,0.9967391619170713,0.9165462137008822,0.7665243135595915,0.8999138703842933,0.8940275945888625,0.8687120679416107,0.9645515900483717,0.9064920176718159,0.8041087982320857,0.9760740600631372,0.9334927596276981,0.9495873612601233,0.9570032715279864,0.989936943176853,0.9272241555912142,0.9892083965651994,0.9683947100959853,0.9348849767198615,0.9698257117961528,0.8880833554050742,0.9738279174540476,0.8512887315453758,0.9111150293377235,0.999385206430063,0.8647161984978469,0.9264635914251371,0.906562626546961,0.9256059689675479,0.9786100658041363,0.9818737559710531,0.9319740243268226,0.8685202841019504,0.8081763908804787,0.8615950609758738,0.9355809960386168,0.9377253379624282,0.9677078677803636,0.9666265784581531,0.9924555631795065,0.9907042037354445,0.9629124330159166,0.9355809960386168,0.8333134885197049,0.6935669782115952,0.9495505106234361,0.9355809960386168,0.860402838722307,0.9272324378358678,0.9129158007108344,0.9538800936330645,0.9113565538271904,0.9334927596276981,0.9355809960386168,0.9307306476546928,0.9355809960386168,0.9366027714453327,0.9889036077178446,0.968443942145051,0.9355809960386168,0.9711429589523988,0.9355809960386168,0.8290179394841428,0.914753761965559,0.8940275945888623,0.8696847088727695,0.9399319300513138,0.7413236767256906,0.9818737559710531,0.9615686274509803,0.988181856506727,0.8808530918450068,0.9651350571208482,0.8970640020677767,0.9422080421889416,0.9433011034543322,0.9055871010957909,0.9080208724124175,0.9301958712095209,0.9272324378358678,0.9272324378358676,0.9294643302252339,0.8829583596177213,0.9172894915317806,0.9355809960386168,0.8720455479999367,0.9355809960386168,0.9634302839919306,0.8925262950745887,0.9400741852851489,0.6994575850225031,0.7641927640664483,0.9377253379624282,0.9028659348848302,0.9200817943852442,0.8641397759307594,0.7549722614362548,0.8943197906943077,0.9399319300513138,0.8373021566360079,0.9170843583448691,0.7086598148031023,0.9334927596276978,0.9942714459947756,0.87799678829829,0.9522137875062904,0.900432252463426,0.7808497980562925,0.9148167155454523,0.9683947100959853,0.8412929088258381,0.9422080421889416,0.7476023864071292,0.7971403222259041,0.9385091005037032,0.9470055188469617,0.8608546556723589,0.8910355038772138,0.9559620789221578,0.9689170027827593,0.9470055188469617,0.9390675962200334,0.9795225082730872,0.688440578941663,0.9929979934242448,0.9760740600631372,0.9399319300513138,0.9687941395742314,0.8744273922475282,0.9314553797224698,0.9399319300513138,0.9967391619170713,0.7675294343675794,0.9470055188469617,0.8182780925349441,0.8826006208306466,0.8829583596177213,0.9980060367553065,0.9470055188469617,0.9355809960386168,0.9268197928698957,0.9314553797224701,0.9400741852851483,0.9048957588805856,0.9765064253050318,0.9399319300513138,0.9518647719377948,0.7902806096913587,0.8123787464634717,0.9495734432236993,0.8933669999701508,0.9647397534718349,0.9889790737220971,0.9114979526826716,0.8653384016821959,0.9495505106234361,0.9096814050133908,0.9495505106234361,0.8877455854128599,0.8645307055964572,0.9182191089113065,0.7760319106198984,0.9355809960386168,0.9422080421889414,0.9663027963946421,0.9131105611405985,0.9470055188469617,0.944562380594602,0.9334927596276983,0.9355809960386168,0.7713007349324409,0.9254223119773604,0.9522137875062904,0.8798686757794368,0.9650708054240253,0.9165462137008822,0.9400741852851483,0.7330168162934393,0.7830336770148898,0.9200817943852442,0.9275156757582279,0.846888681165674,0.939931930051314,0.9594757229193139,0.8542495609307981,0.9725096342470558,0.9132272901393417,0.9522137875062904,0.7251829775926649,0.8970640020677767,0.7326873144368853,0.9294643302252341,0.9334927596276978,0.9529593969520148,0.9755486419654262,0.9669987356018003,0.7567286104978024,0.7935410698458631,0.9355809960386168,0.8347540142725378,0.9626086642338587,0.9348849767198615,0.9980715070378495,0.9168592415074227,0.7796038897720783,0.9355809960386168,0.9355809960386168,0.9672582712673323,0.9003051101948655,0.8467627026932134,0.9355809960386168,0.9495505106234361,0.9355809960386168,0.9017126880527937,0.8696318695590659,0.785254508346702,0.9888877218166614,0.9032901911357234,0.9432185749403659,0.8111252182639921,0.8031293387026233,0.9355809960386168,0.8492956954242195,0.9641813269710355,0.7801688164371336,0.8910317149053285,0.9032901911357234,0.9543375701747885,0.9399319300513138,0.913908130364035,0.9355809960386168,0.9499103329879717,0.9541968529441154,0.8721997866493549,0.9063771521583942,0.9377253379624282,0.80967785571777,0.9275156757582275,0.9355809960386168,0.7407756860444537,0.8781463766669584,0.9355809960386168,0.908410122193244,0.8927261530755514,0.8483722207901454,0.8123787464634717,0.9048957588805856,0.9355809960386168,0.9031239469228096,0.9811221984817184,0.944562380594602,0.9390675962200334,0.9989431773176689,0.9553658937794353,0.9492333450312933,0.8682526269766764,0.9967391619170713,0.7935329376806908,0.9413707562534936,0.9183006535947713,0.8620937706561934,0.9740698251838671,0.8624569788734151,0.9951633986928107,0.9422080421889416,0.9131105611405985,0.9355809960386168,0.9470055188469617,0.9063742447456447,0.9954313517809439,0.8467709954086369,0.9473606184418109,0.9677078677803636,0.9793529431839627,0.8973713569620819,0.9314553797224698,0.9237321696604077,0.9355809960386168,0.925605968967548,0.8740655253631298,0.9319740243268227,0.8616362273895215,0.9000257835475503,0.9168592415074229,0.8867793699144204,0.7788235294117648,0.9319820759408506,0.9432185749403658,0.9836543654419935,0.9545723604049906,0.999258193162122,0.9907042037354445,0.9148167155454525,0.9881818565067271,0.9080208724124175,0.9967391619170713,0.9329290708210041,0.9645515900483714,0.9929369733111595,0.9590434494932021,0.9740168722867643,0.9844690963672101,0.9812071873217105,0.8696220487395172,0.8996873417557251,0.9432836274759391,0.978616554847229,0.9040161556168069,0.9929608276679062,0.9123838819213477,0.8709676073375179,0.9518954248366013,0.7920511885645447,0.9385697293810191,0.8617361010523725,0.9134648431298379,0.9966447233584261,0.990707140852051,0.9399319300513138,0.9263372087078328,0.892031783811434,0.9310028073541698,0.9433011034543323,0.6702779736260045,0.8774881906667833,0.9907042037354448,0.8719390991735313,0.9641813269710355,0.9786165548472288,0.9294643302252343,0.8223564127592393,0.9470055188469617,0.9048830033154056,0.8260169386038549,0.8895546908938252,0.9334927596276981,0.9334927596276981,0.941523833113134,0.9878359798431867,0.9294643302252341,0.8373021566360078,0.9355809960386168,0.9942714459947759,0.9355809960386168,0.9355809960386168,0.8786991897175933,0.9183006535947713,0.9329290708210041,0.9355809960386168,0.9866191269012621,0.9405581971945675,0.8992368483577364,0.9131673577818813,0.8770085425434324,0.9849816789004264,0.9096814050133908,0.9080208724124175,0.8639884335615957,0.832561211001505,0.9448094215758693,0.9445623805946022,0.998071507037849,0.9385091005037034,0.9432904752777433,0.9048830033154056,0.9285304562976124,0.8164527390346137,0.9328514069703763,0.9942714459947757,0.8983273721288971,0.939931930051314,0.8737979857661251,0.966854861926912,0.9598692082125242,0.9951633986928106,0.9698585173244103,0.94095012846993,0.861595060975874,0.9951633986928106,0.9925457549106912,0.9464536062171711,0.9668548619269122,0.9377253379624282,0.9253852640835394,0.9033314545355291,0.9366401202067466,0.9422080421889416,0.8944739890743294,0.9294643302252343,0.9139033080355353,0.8600594271401629,0.9629124330159164,0.8487710682529493,0.9451809453601019,0.9522137875062904,0.8000118450787022,0.777191835345023,0.9663027963946421,0.8199560315130039,0.988181856506727,0.9472238480293103,0.8708299541032045,0.9355809960386168,0.9422080421889416,0.9656649406467912,0.8511921008492049,0.9967506817050958,0.9881818565067269,0.9818737559710531,0.9774411992633254,0.80967785571777,0.9951633986928106,0.9012469203801523,0.9495505106234361,0.8070691481373542,0.6172741604776817,0.9086318137438733,0.9818737559710531,0.975500298406281,0.9860777826493692,0.9272324378358676,0.9590434494932021,0.9505873750541252,0.9858372717944994,0.7830156341308276,0.8896861988835832,0.9687941395742312,0.9282332912823814,0.8496029817787223,0.9812071873217105,0.9168592415074224,0.9476535753223353,0.9523391253205785,0.8439204822417876,0.8092073824034665,0.9231164764775377,0.9334927596276978,0.9482060203641693,0.8226167240132978,0.9522137875062904,0.9063989322810884,0.946453606217171,0.8955399645501794,0.9291044607799488,0.9598692082125241,0.9689170027827593,0.9430450953185581,0.9476535753223351,0.9015112496120745,0.9237321696604075,0.9852901633058908,0.9422080421889416,0.9774873843362968,0.9355809960386168,0.8160154479064055,0.8812718581445564,0.9438558997632323,0.8986003425351379,0.9355809960386168,0.8960434419880753,0.8245129483088542,0.8615950609758738,0.9017126880527937,0.8780124908814331,0.8920802319381607,0.9844272218605025,0.8822653253982675,0.9866030402791097,0.9774350345371767,0.9411136909025021,0.8614162947119017,0.9445623805946022,0.9080208724124175,0.9097625798212232,0.9967391619170713,0.8925262950745887,0.9522137875062904,0.8171848505343977,0.9314553797224698,0.9522137875062904,0.925605968967548,0.8512887315453759,0.9355809960386168,0.921356411170846,0.8814621993288598,0.9254223119773605,0.9888877218166616,0.8982552933740048,0.7904628268029479,0.7434624060060925,0.9334927596276978,0.9989330715481036,0.978616554847229,0.9334927596276978,0.9334927596276978,0.9953407916725414,0.9355809960386168,0.978616554847229,0.8579556355881817,0.9355809960386168,0.9165462137008822,0.8905408702359403,0.8616362273895213,0.9967391619170713,0.9331052725841535,0.8973713569620818,0.9334927596276978,0.7643582213351081,0.9518183322983449,0.9183006535947711,0.8375758758534327,0.9355809960386168,0.914753761965559,0.9399319300513138,0.9165462137008822,0.7108811209865673,0.8837215992432155,0.9470055188469617,0.9926931063209248,0.9917417854198086,0.8298245628351774,0.964170004482718,0.9355809960386168,0.961938580597147,0.9001496633415413,0.9812071873217105,0.9405758992258255,0.9237321696604077,0.9892083965651994,0.9114262935403583,0.939931930051314,0.914753761965559,0.8596910176870519,0.9355809960386168,0.9578055524052942,0.9341948039796129,0.9495505106234361,0.8183237056412396,0.9294643302252341,0.9237321696604077,0.7981507034344236,0.9677078677803636,0.8063598644040673,0.723798681194318,0.9355809960386168,0.9355809960386168,0.7311171338532012,0.9282332912823814,0.934883713596407,0.9849816789004265,0.8531186151521007,0.8123787464634717,0.9664909642663855,0.9085186124541542,0.9148167155454523,0.9115087983416681,0.9355809960386168,0.816773371927115,0.9422080421889416,0.9522137875062904,0.80967785571777,0.9470055188469617,0.880580772555136,0.9355809960386168,0.9355809960386168,0.8750973385694873,0.9355809960386168,0.8875398162336215,0.921891580360551,0.843925349976794,0.9031200523835075,0.9866030402791097,0.881869565789468,0.9703171966701517,0.9907732280012839,0.9355809960386168,0.8925262950745885,0.9507675538143641,0.9926931063209248,0.8616362273895214,0.9448094215758692,0.9652869363656243,0.8866210237012306,0.8955399645501794,0.6775002835280954,0.999385206430063,0.9355809960386168,0.888562547754369,0.9310028073541698,0.9645515900483717,0.8943039581807526,0.8552976248635573,0.9805867004734361,0.8651539306315696,0.8647161984978469,0.9331052725841533,0.9121323960911014,0.9434064372918184,0.8247745466647922,0.9836543654419933,0.9760740600631372,0.9131105611405985,0.8649788734029744,0.9989330715481036,0.9334927596276978,0.9508660665197834,0.9495873612601233,0.961938580597147,0.8060684572455714,0.9071885561788839,0.9272324378358678,0.696292071706645,0.9071885561788843,0.8766017896141822,0.919976486541244,0.9284021172811179,0.9888877218166614,0.9495505106234361,0.966854861926912,0.8982552933740047,0.8111252182639921,0.9755002984062813,0.9852901633058908,0.8512887315453757,0.984219466569523,0.7324680518865909,0.8435382057657899,0.7852944502139062,0.9642882776433008,0.9780699630720244,0.9355809960386168,0.8920802319381607,0.957805552405294,0.945707686083139,0.9495505106234361,0.876326490717842,0.9165462137008822,0.8928989244507177,0.9355809960386168,0.9474480078065404,0.8000118450787022,0.9559620789221579,0.87629094573328,0.9694780037787785,0.981303685749709,0.9422080421889416,0.8963647188032121,0.9511382489921304,0.961860449672711,0.7952994429239272,0.9183006535947713,0.8010844489103159,0.9522137875062904,0.9951633986928106,0.9888877218166614,0.9015112496120745,0.9518647719377948,0.8661132668060982,0.8092073824034666,0.7830156341308276,0.7445786492931159,0.9334927596276978,0.8110348907665847,0.8496029817787225,0.8682526269766766,0.8945059027968267,0.7857298581483193,0.9355809960386168,0.9245475063662866,0.8524475004841152,0.9017126880527937,0.9355809960386168,0.9608573490884635,0.9765150789456659,0.9470055188469617,0.7788235294117647,0.9334927596276978,0.8543063200473957,0.9636305634488502,0.8696318695590659,0.6919896057897745,0.854231417604473,0.9615686274509805,0.7860466895568214,0.9355809960386168,0.6602151631852051,0.9355809960386168,0.9892083965651993,0.9082358204851604,0.9940475996793547,0.9522137875062904,0.9774411992633255,0.9567327957984204,0.9752107011246878,0.9388933740579655,0.9355809960386168,0.6875885626268099,0.7809041320975755,0.9099076978011522,0.9048830033154056,0.9272324378358678,0.9989330715481036,0.9048830033154058,0.94095012846993,0.8940275945888625,0.8999534218821263,0.9235344247666604,0.8940275945888625,0.9017126880527937,0.9422080421889416,0.8829583596177213,0.8940275945888625,0.9522137875062904,0.9541968529441154,0.842403588603585,0.8546597599343508,0.9334927596276981,0.9460700595274506,0.9590434494932021,0.9213841230197595,0.9272324378358678,0.0,0.8910355038772135,0.9114262935403583,0.9334927596276981,0.9881818565067271,0.8310109311948124,0.9017126880527937,0.8751970566277454,0.9004322524634262,0.9435329656816508,0.8837215992432157,0.9923032503352311,0.9377253379624282,0.939931930051314,0.9687286209814427,0.9861023711265688,0.9473606184418111,0.9473606184418113,0.9714876930804949,0.9400741852851481,0.9445623805946022,0.8667837268821172,0.9838698730483884,0.9610109894855321,0.9271458214298683,0.9430450953185581,0.8382544005945729,0.8594771551273882,0.9032901911357232,0.9888877218166614,0.8221952157338287,0.9545357253183209,0.9064040217714184,0.9096019646191431,0.8092381015708714,0.9942714459947756,0.9687941395742314,0.8696847088727695,0.9131105611405985,0.9294643302252341,0.9774411992633255,0.9338358212159394,0.8904902911085821,0.937976665783663,0.9237321696604077,0.9002279872747758,0.9111150293377237,0.9919643018623818,0.892031783811434,0.9399319300513138,0.9377253379624282,0.9448094215758696,0.9081181966045122,0.939931930051314,0.9929979934242448,0.992832719136504,0.8968804250543767,0.9677078677803636,0.9314553797224698,0.9262962860121418,0.9559620789221579,0.8766017896141824,0.7192246787541408,0.7971181219208043,0.9590434494932021,0.9445623805946022,0.9294417721555156,0.9598692082125241,0.9926931063209248,0.9495505106234361,0.9395555589844624,0.9470055188469617,0.8871867099705897,0.9445623805946022
p343_P,0.7258918881060554,0.900778788782632,0.8169813158537991,0.9279460296507922,0.9564021026822449,0.9362663130722397,0.7463686455282015,0.7827778839158168,0.23246418898546528,0.9327142329596738,0.8982796549912178,0.9935398813830465,0.9524187417251317,0.8689117123597332,0.9282322050200014,0.9184850793307127,0.9770116951721673,0.8841133455738341,0.9293199127017768,0.9857418255557404,0.8324674078778136,0.8958248142311336,0.9597350242898655,0.9169426994374763,0.8934110566484075,0.23520720663140093,0.9059247833199469,0.8907153679608861,0.9327142329596738,0.674390200986335,0.3088603611653056,0.9696485350828812,0.9414200463913263,0.34005245276506846,0.9564021026822451,0.9293199127017768,0.9169426994374763,0.9033258132980617,0.9362663130722397,0.8818669950401856,0.8298223478885367,0.9527121293730554,0.9920754410433734,0.90432599068929,0.9059247833199469,0.7419644967636327,0.9198856874256713,0.3822372173518688,0.8818669950401858,0.9038519355176635,0.9229213960709448,0.7455760045049034,0.23520720663140093,0.9007787887826317,0.9823914874221471,0.8796480577405048,0.879648057740505,0.9140827360776211,0.6899515469144482,0.9085802966718612,0.2643690304141436,0.5668341324750887,0.9819666175510307,0.8542071110265865,0.9260614370793867,0.5667786151948679,0.9229213960709448,0.9363665812039492,0.7901751055423144,0.9293199127017768,0.8668270665506419,0.8818669950401856,0.9140827360776207,0.523042230183278,0.9140827360776211,0.8079513928571622,0.8958248142311334,0.934718436590684,0.5324348721765889,0.9362663130722397,0.8982796549912178,0.8886955627708657,0.8752860258231276,0.8841133455738344,0.9140827360776211,0.8606789940362412,0.9613926330173348,0.651888461324371,0.8441840455249721,0.9112976020672159,0.9140827360776211,0.8402452115728436,0.7143848277190621,0.5076044305659544,0.9060005536896043,0.8316811639781401,0.8133576989322111,0.8097499609329368,0.5229580700007703,0.5817319392252991,0.9112643219372452,0.9198856874256711,0.9140827360776209,0.7599147509528366,0.8022579854359009,0.9293199127017768,0.8429987447247778,0.5760931729305399,0.9984138550096489,0.5731712360749074,0.7901039681936524,0.8863888870954335,0.5547249207582252,0.8468446367617053,0.9198856874256713,0.6398363542151186,0.9380148669152273,0.979958676545309,0.9362663130722395,0.4953223196954354,0.9876839084348534,0.8061560254525524,0.8934110566484073,0.8731400424546569,0.8841133455738353,0.6487057815429328,0.9169426994374763,0.8262466991162757,0.9112976020672168,0.9393175601009796,0.40955250697773593,0.9198856874256713,0.9229213960709448,0.9362663130722395,0.9059247833199471,0.7577940229519933,0.8607951445755284,0.9696485350828812,0.9229213960709446,0.9085802966718612,0.7612585357069439,0.9327142329596738,0.548056030213735,0.8041183579068665,0.8097499609329362,0.3832130083602976,0.9705072215227335,0.49457714501525774,0.8818669950401858,0.6626073921614684,0.9327142329596736,0.9944404923050087,0.7563438323023004,0.6949799690120291,0.9696485350828812,0.37975322929555966,0.8224513895925896,0.8819410116987967,0.9408964938442356,0.8061560254525524,0.7654840177266888,0.9198856874256713,0.922433446216693,0.921787927609955,0.8261247088378547,0.8865088771202732,0.6655141475387897,0.8298223478885369,0.9367150815560807,0.9698491467542761,0.8689117123597332,0.9112976020672161,0.39317786573446745,0.8101309200969335,0.6507708696316747,0.9454341631095466,0.9293199127017768,0.8232835578164706,0.8647606979879741,0.8079513928571616,0.9844110646549369,0.48014576730015723,0.8796480577405048,0.9524187417251317,0.6526737043752939,0.7527645165813512,0.4550648640548015,0.8582982169801265,0.9007787887826317,0.9009132970381386,0.9085802966718612,0.9881508573460396,0.7178760263735862,0.6094998055276023,0.8666490307048609,0.9140827360776211,0.9169426994374763,0.9713406485598299,0.9053763157284518,0.740900466629963,0.3920462296986763,0.9112976020672166,0.9140827360776211,0.7776859603768735,0.6276971255853756,0.9327142329596738,0.9140827360776211,0.6932837399595972,0.34431333458904223,0.3336309167936421,0.4593393113812654,0.8391920312990688,0.9112976020672166,0.9140827360776211,0.7763463599580398,0.9140827360776215,0.6173132085782402,0.7465601855141373,0.7409004666299631,0.9140827360776211,0.7652580007148835,0.9140827360776211,0.7463686455282013,0.4352315956071907,0.8586619077554183,0.7901039681936521,0.9198856874256709,0.6244957254469525,0.9085802966718612,0.8910355038772135,0.8958248142311336,0.8410907383848318,0.6591609666160589,0.86271164163361,0.9696485350828812,0.9517461635787844,0.8614104675884084,0.8354206684781547,0.8982459135680179,0.5647345977613452,0.28920801879596625,0.9839671309918707,0.8061560254525524,0.9886329998507339,0.9140827360776211,0.9850793463180743,0.9140827360776211,0.6960526215060481,0.856659586411368,0.9836243259051826,0.8774549020235316,0.6244957254469528,0.9169426994374763,0.9271708683473389,0.8934110566484077,0.8187997638878763,0.8982796549912178,0.46221848620081596,0.9198856874256713,0.8041183579068667,0.5836159688752963,0.8723652404780671,0.9112976020672159,0.8797031317561453,0.9179482058676551,0.9362663130722397,0.7312575877521439,0.8130562387372955,0.8863888870954335,0.46184698124412127,0.8097151682352441,0.922921396070945,0.8810072957977635,0.8579807338402461,0.6311325962066499,0.9293199127017768,0.5166289518463032,0.4090459713297038,0.922433446216693,0.9078003702039559,0.9293199127017768,0.9468491211326353,0.5932458878443565,0.9260614370793869,0.827970316467312,0.8984288710052624,0.9198856874256711,0.86271164163361,0.5730976521505247,0.9085802966718612,0.9198856874256713,0.9198856874256711,0.6592581478907411,0.9293199127017768,0.683100143373607,0.48766280160686115,0.8061560254525517,0.7753346814478419,0.9293199127017768,0.9140827360776207,0.8818669950401856,0.9085802966718615,0.9229213960709448,0.5655745286057967,0.8763902358970053,0.9198856874256716,0.8818669950401858,0.9742562760554511,0.706072149829746,0.8468446367617053,0.9160883287282695,0.8041100907929988,0.940130308633883,0.839725716521714,0.8059811828634789,0.9327142329596734,0.5593030405238654,0.9327142329596736,0.86271164163361,0.884212244307905,0.8730839872958025,0.8997208604511805,0.9140827360776211,0.4696257967738827,0.8853068944247944,0.884113345573835,0.9293199127017768,0.9768208473383792,0.9112976020672166,0.9140827360776211,0.8934110566484075,0.9293199127017768,0.9362663130722395,0.8487835757946516,0.7198223699562847,0.8886955627708657,0.9229213960709448,0.7882183594409637,0.7294739251056415,0.9634129222225682,0.6014491564895068,0.7695855328519423,0.9448192234819671,0.39699787459373426,0.7000819072763615,0.4662078829632509,0.6480417724448008,0.9362663130722397,0.6334695479196255,0.86271164163361,0.6129771894177127,0.9059247833199469,0.9112976020672159,0.9542878621294861,0.8061560254525522,0.6098431149351242,0.5703484042533944,0.69341608110755,0.9140827360776211,0.4718314854955804,0.888832384130261,0.8935664952633797,0.888832384130261,0.9857418255557404,0.7753085536873257,0.9140827360776211,0.9140827360776211,0.8818669950401858,0.862443606754346,0.8020856309491413,0.9140827360776215,0.9327142329596736,0.9140827360776209,0.8689117123597329,0.8261247088378549,0.6094998055276023,0.9564021026822451,0.871015668341351,0.8958248142311334,0.7162558438703517,0.6756361029395187,0.9140827360776211,0.7990018361935882,0.8586619077554185,0.6153089916397267,0.6106308233044041,0.8710156683413508,0.7794592081380458,0.9198856874256716,0.5969182098645965,0.9140827360776211,0.6571682491460087,0.9167311028995666,0.4305386187667305,0.7313893219144969,0.9169426994374763,0.7143848277190621,0.9033258132980622,0.9140827360776211,0.8481610425035297,0.5785318359532872,0.9140827360776211,0.9009132970381388,0.5994694369813369,0.7328762606649555,0.687558330913218,0.5655745286057966,0.9140827360776211,0.7558899920688387,0.5635702274025788,0.9260614370793867,0.768942977148499,0.7060721498297458,0.9765588403582135,0.34894800614141375,0.8242851779280755,0.9198856874256713,0.8521802761821586,0.3336309167936421,0.8910355038772133,0.5155380431077305,0.8291398874599714,0.7812324130553303,0.9253852640835394,0.922921396070945,0.8841133455738348,0.9140827360776211,0.9293199127017768,0.8582982169801268,0.6145359835069102,0.9924040002103833,0.8774549020235318,0.9085802966718612,0.6957937983760552,0.9169426994374763,0.9486066482612976,0.898279654991218,0.9140827360776209,0.9380148669152273,0.7954379713195001,0.862443606754346,0.9799586765453088,0.499221824497573,0.9327142329596736,0.9007787887826324,0.9253852640835396,0.5865284663755048,0.8958248142311334,0.9327142329596736,0.679618812482534,0.8628683985960309,0.8635091072918886,0.9195505082342446,0.8958248142311336,0.8354206684781547,0.9198856874256709,0.86271164163361,0.8298223478885367,0.8196559896960938,0.8886955627708659,0.6337128630743745,0.9711572181901504,0.27856407981789677,0.7484398834041255,0.6766818513995168,0.8645384301752634,0.9059247833199469,0.6117372504488778,0.8151673877212338,0.8984288710052621,0.8886955627708657,0.9253852640835394,0.691470728424862,0.9347184365906842,0.7689429771484985,0.8886955627708657,0.8566595864113675,0.6508372181743516,0.9198856874256713,0.8161562008720784,0.7178760263735859,0.888832384130261,0.878591874164635,0.8174862680805625,0.7738770298866755,0.48510181257485574,0.9260614370793867,0.8865088771202734,0.9059247833199469,0.9059247833199471,0.9229213960709448,0.9293199127017768,0.8731400424546569,0.7049460767724753,0.8526962823400313,0.9112976020672163,0.9112976020672166,0.6632898548033361,0.894553720415352,0.9059247833199469,0.7830057484855621,0.9140827360776211,0.9260614370793872,0.9140827360776211,0.9140827360776211,0.544560042832112,0.8910355038772135,0.86271164163361,0.9140827360776211,0.5675771513649661,0.4896434664648758,0.9668702179975169,0.7707954124086154,0.7990018361935882,0.671595968668818,0.862443606754346,0.8354206684781547,0.48253311504210383,0.9414200463913258,0.8531312712965915,0.9260614370793872,0.3228726932371818,0.6311325962066503,0.4835601167796235,0.8731400424546576,0.9414200463913256,0.9486066482612976,0.8355735557857439,0.9260614370793869,0.8242851779280755,0.9198856874256713,0.856246214561577,0.9315204524190162,0.9195505082342443,0.8910355038772133,0.49163047278855254,0.871015668341351,0.3921604920142906,0.9028659348848306,0.8647606979879741,0.9448192234819676,0.9970882712052179,0.9169426994374765,0.9092107431207781,0.5395988417917601,0.7292142083652813,0.9696485350828812,0.7781951497190347,0.9059247833199471,0.6832604076866196,0.8133576989322115,0.9524187417251317,0.6516171535351514,0.8752860258231276,0.9362663130722397,0.6715959686688178,0.4797186387002672,0.8603637814514744,0.685844001958483,0.8958248142311336,0.9765588403582134,0.9780878784279603,0.9140827360776211,0.922921396070945,0.4730108274880547,0.9140827360776207,0.7652580007148837,0.9672160906068992,0.9313142969703939,0.8752860258231276,0.7143848277190621,0.8910355038772135,0.5785318359532878,0.9857418255557409,0.6508372181743516,0.9711572181901502,0.9811156905439224,0.9085802966718612,0.9414200463913254,0.7968233705824539,0.9117649022044421,0.8886955627708657,0.7561286401067826,0.4365650684834623,0.6796423181183282,0.8916427813358603,0.86271164163361,0.5668341324750887,0.7652580007148837,0.9640288864968829,0.9327142329596738,0.9284119894354876,0.9521431744377841,0.7465601855141373,0.915148201788646,0.6193521972070833,0.9524187417251313,0.6915567212364657,0.731047286957043,0.9362663130722395,0.9915094910875855,0.8546224974203935,0.8606789940362414,0.8586619077554187,0.9195505082342443,0.833547140368212,0.8731400424546574,0.9284119894354879,0.8279703164673116,0.8982796549912175,0.9112976020672166,0.922921396070945,0.9362663130722397,0.9140827360776211,0.9196570634622756,0.7929847996597232,0.609843114935124,0.8647606979879741,0.9140827360776215,0.5750638975070697,0.7030405705409422,0.8522097537748148,0.8689117123597327,0.837302156636007,0.8169813158537989,0.49697284930987684,0.8196545742085333,0.8774549020235318,0.8410907383848318,0.5035682673282562,0.815167387721234,0.9260614370793872,0.8354206684781547,0.8796480577405048,0.9198856874256713,0.8842122443079048,0.9362663130722395,0.9979293455027016,0.9085802966718617,0.9362663130722395,0.900778788782632,0.9112643219372452,0.9140827360776207,0.8101309200969342,0.8043636175820779,0.979958676545309,0.9140827360776211,0.9315204524190164,0.6471683429756421,0.583883012312377,0.9112976020672159,0.9229213960709448,0.9059247833199469,0.9112976020672159,0.9112976020672159,0.9196570634622755,0.9140827360776211,0.9059247833199469,0.8429987447247784,0.9140827360776211,0.8886955627708657,0.815167387721234,0.979958676545309,0.9198856874256713,0.9260614370793867,0.9169426994374763,0.9112976020672159,0.6733124887005955,0.4550648640548015,0.8685161746785046,0.6523407787245593,0.9140827360776211,0.8429987447247775,0.9198856874256713,0.8886955627708657,0.638449702262845,0.84491653965526,0.9293199127017768,0.9169426994374763,0.9284119894354879,0.9393175601009798,0.8934110566484075,0.9564021026822451,0.8566595864113684,0.8668270665506417,0.9034363238020657,0.5820242528991433,0.898279654991218,0.9293199127017768,0.8818669950401858,0.9198856874256713,0.8687762325700643,0.5525181395892421,0.9140827360776211,0.9140827360776207,0.8007867483907867,0.9327142329596738,0.744677156310755,0.9059247833199469,0.8982796549912178,0.5293334452326018,0.9085802966718612,0.6070177363041471,0.6192663136474554,0.9140827360776211,0.9140827360776211,0.9092107431207777,0.7522154087614752,0.8354206684781544,0.6899515469144479,0.5029517233935998,0.687558330913218,0.7292142083652808,0.6074350145019602,0.8863888870954333,0.5775966119205724,0.9140827360776211,0.8808112651450144,0.922921396070945,0.9362663130722397,0.7143848277190621,0.9293199127017768,0.5290035514326756,0.9140827360776211,0.9140827360776211,0.6199299465782919,0.9140827360776207,0.6058933276330467,0.8958248142311336,0.758130267116411,0.8298223478885365,0.9086088401419736,0.8542071110265863,0.5380742451498555,0.7473772300871477,0.9140827360776215,0.8566595864113675,0.5660851502274759,0.9169426994374763,0.979958676545309,0.96608096739517,0.8043704553699985,0.8487835757946518,0.8606789940362414,0.9605807414790561,0.7818915322574538,0.9140827360776211,0.523042230183278,0.8606789940362412,0.46301952110802713,0.7847793906970253,0.7929847996597235,0.9502768986869886,0.9912704245562354,0.77264667037425,0.9260614370793865,0.5965831968063391,0.5393726181132042,0.9059247833199469,0.9327142329596738,0.95398533576709,0.8841133455738344,0.5591269261274033,0.9229213960709448,0.9112976020672159,0.4365128793621824,0.9744968503307261,0.9117649022044421,0.8668270665506417,0.9920754410433736,0.9117649022044418,0.9362663130722397,0.9920754410433734,0.8354206684781547,0.9223722925387854,0.3161836973555676,0.9564021026822449,0.9327142329596738,0.8958248142311336,0.9315204524190164,0.7731077298745366,0.9795142794845897,0.8419755599852937,0.8796480577405048,0.49610729021072497,0.9169426994374763,0.6082696266282182,0.9169857742242806,0.6072091479633015,0.6414111335174812,0.9140827360776211,0.8169813158537989,0.9140827360776209,0.6640917657009221,0.9327142329596738,0.9858737505118662,0.30159523452928183,0.8363539429252544,0.9140827360776211,0.5785318359532876,0.671595968668818,0.8886955627708661,0.5758253232603507,0.5418254570493499,0.5591269261273983,0.922921396070945,0.5355076612510896,0.7967021415653832,0.6676032144884987,0.6654691557178289,0.8910355038772138,0.7347012705834017,0.9362663130722397,0.8910355038772135,0.9140827360776207,0.8279703164673118,0.8818669950401861,0.48610774410103985,0.8354206684781547,0.6980709577955677,0.9589591641085065,0.9112976020672159,0.5332044747312472,0.7652580007148839,0.8242851779280753,0.615308991639727,0.6529579773046923,0.9140827360776211,0.6119653913015227,0.7688131944254835,0.8689117123597332,0.9140827360776211,0.5209844651197926,0.9414200463913256,0.9293199127017768,0.8910355038772133,0.9112976020672159,0.7596571152048028,0.9819666175510307,0.8261247088378549,0.9428805861339857,0.8709209091456902,0.9253852640835396,0.7020856421458299,0.9140827360776211,0.9086088401419734,0.9140827360776211,0.9293199127017768,0.7371085431522022,0.3018386932483953,0.9362663130722397,0.8752860258231276,0.6837776394244095,0.27368400803413506,0.8984288710052626,0.9140827360776211,0.8299596158787215,0.5758285858753602,0.7670891906814794,0.9337326051494743,0.8566595864113691,0.9229213960709448,0.8731400424546583,0.8710156683413506,0.858661907755419,0.4086591826176933,0.6894249327053739,0.858661907755419,0.868911712359733,0.922921396070945,0.8061560254525519,0.858661907755419,0.9362663130722397,0.9819666175510309,0.9169426994374763,0.8286218362281845,0.9112976020672168,0.8710156683413504,0.8886955627708657,0.3455184382605867,0.8566595864113684,0.8910355038772135,0.0,0.8818669950401858,0.9112976020672166,0.9672160906068994,0.6357619892308184,0.868911712359733,0.833547140368212,0.579362196581957,0.9576756366797257,0.8449165396552609,0.8818669950401858,0.9169426994374763,0.9198856874256713,0.4734227144981825,0.9148671166961475,0.8421596549104928,0.877454902023532,0.4559323691021805,0.9229213960709448,0.9260614370793872,0.7865535190482624,0.29542172178200254,0.8776271734915768,0.8859404951175812,0.8731400424546574,0.7509713417285131,0.893411056648407,0.29185072814859203,0.9140827360776207,0.474039456987117,0.793658599994084,0.8526962823400317,0.35767216676843117,0.7455760045049034,0.9260614370793867,0.8911843525479428,0.7901039681936521,0.23520720663140093,0.9839671309918707,0.8752860258231281,0.9029766373026851,0.7830057484855624,0.6422453897993105,0.8982796549912178,0.7753346814478421,0.9112976020672166,0.913710036077211,0.7178760263735864,0.9649840504564584,0.9169426994374763,0.42399067367250465,0.1567730163047728,0.9198856874256713,0.8763902358970055,0.45326608847546246,0.7236985438593246,0.9085802966718615,0.9085802966718615,0.5446696380752454,0.8886955627708657,0.8354206684781547,0.9649840504564586,0.45073271745841803,0.8886955627708659,0.9746202948705041,0.31501784280018663,0.8863888870954333,0.9169426994374763,0.9327142329596738,0.36260897584905916,0.9293199127017768,0.7305879775007365,0.9260614370793872
p343_S,0.8957205679809515,0.919346293979701,0.8512300448035055,0.8934425806304627,0.9203771106130234,0.9481929520311925,0.8296930944898875,0.7840505914161155,0.8066745118424044,0.4928507172686877,0.9173148291382112,0.87846278828188,0.9752830459923438,0.9281918474396418,0.779970407437437,0.919537287420662,0.9235293061149326,0.9057994954598185,0.8786091103284601,0.9453055812599183,0.8720961728433063,0.9153193686659862,0.9518647719377948,0.6051560701903467,0.9133573033767912,0.9441989622120355,0.9235293061149326,0.6887098201121804,0.945305581259918,0.9902505871665328,0.9325461471620269,0.9526350423385235,0.9214166876382093,0.8884027441326572,0.8705563612990554,0.942546448360206,0.9838585814857688,0.921416687638209,0.46049212115241933,0.9039735099337751,0.8616681034607223,0.9076492093936457,0.9861053894336533,0.8019082968973891,0.9386569025459168,0.7902513044793091,0.9348776724743586,0.9922240981208396,0.9039735099337753,0.7379563692395446,0.5125564181715438,0.7931869820434172,0.9057994954598185,0.9193462939797008,0.921416687638209,0.9393902601956408,0.7628461201347065,0.930160641445072,0.970752470562157,0.925687886831601,0.9185515272787426,0.9649495303379831,0.9825984289642522,0.8799678088963249,0.939897739160851,0.8446455664904102,0.9373453016197317,0.727098086750203,0.8545017192113782,0.942546448360206,0.8917480396328272,0.9039735099337751,0.97998139075904,0.64125356660529,0.930160641445072,0.8438899131338646,0.9153193686659862,0.9173148291382112,0.8908287006534694,0.9481929520311925,0.696605039204627,0.9889605162825024,0.8986240534007519,0.9441989622120355,0.930160641445072,0.8867504707956386,0.9573422906623259,0.9879331425109367,0.7574865746915066,0.9278966962971924,0.930160641445072,0.8512300448035053,0.9905141723179569,0.9412735064744051,0.9347829309054407,0.9788565364634064,0.8482845240792767,0.8453519108162275,0.7656025317807925,0.899125276266143,0.9021698077369342,0.9348776724743584,0.930160641445072,0.8048424841938351,0.8716759040414971,0.942546448360206,0.8723787692931402,0.6984031193986369,0.9545623789260473,0.6361393960535872,0.8293823202072206,0.7409931849660877,0.9192327494821738,0.8755049702528588,0.9348776724743586,0.9557385827976075,0.963182708910274,0.4613054139353485,0.9481929520311922,0.8397073815517225,0.9120445952292817,0.9195372874206622,0.9133573033767912,0.7107889121132289,0.9057994954598185,0.9931979703736173,0.9324854129452831,0.8570520663595733,0.9752830459923437,0.8834832246395514,0.975266275499042,0.9348776724743584,0.9373453016197317,0.9861053894336533,0.9235293061149326,0.9607683660109915,0.858513214022204,0.9373453016197317,0.9373453016197315,0.925687886831601,0.7313982749191236,0.945305581259918,0.8446455664904102,0.8236124075183946,0.9139497309400644,0.904678960756287,0.8992520772945134,0.6487077918072723,0.9039735099337753,0.7537983017748242,0.945305581259918,0.6778422016471687,0.9625791432822228,0.8366151086510358,0.9373453016197317,0.9417675268326109,0.8556764904155363,0.9139704635473276,0.6533132562164676,0.868878538885111,0.9726201634571446,0.9589376456981176,0.9492423737771563,0.7330847432450077,0.8586624125474207,0.885110846748371,0.9514830230284643,0.890375224309939,0.9709418084101293,0.6630369355794155,0.8934425806304627,0.9278966962971924,0.902169807736934,0.8283380468764912,0.9903121568594568,0.8322717651628402,0.9978387378693493,0.7322842287112805,0.9578919796442651,0.8438899131338644,0.6806911653642802,0.9917923012742352,0.9766107126543475,0.9278966962971924,0.8538388368985182,0.8224366852123806,0.8397073815517225,0.7856437442855663,0.9193462939797008,0.9655471735397518,0.6502205707763303,0.9250662538963621,0.755498062897018,0.6892059529765253,0.8583741958708497,0.930160641445072,0.6051560701903465,0.9256878868316014,0.7319498093790547,0.8412153103414621,0.9844445208137147,0.9278966962971924,0.930160641445072,0.8192881242230785,0.882012172485674,0.49285071726868823,0.930160641445072,0.8714901252497997,0.9867705932097048,0.8635744068457544,0.9367714172515005,0.8692844153563805,0.9278966962971924,0.930160641445072,0.9154829319758186,0.9301606414450722,0.9764438007964886,0.778393506769121,0.7738911443163007,0.930160641445072,0.8331189525330779,0.930160641445072,0.8075431590384741,0.9027254843534638,0.885110846748371,0.8293823202072206,0.9348776724743584,0.6947647484082909,0.925687886831601,0.9114262935403585,0.6644514113706186,0.9310051442015239,0.9639168523629028,0.888402744132657,0.9373453016197315,0.8903752243099391,0.7419446917153596,0.8955832386010321,0.9152658504745881,0.8834832246395516,0.8834832246395516,0.6630293198676147,0.8953265605968894,0.838705700728361,0.930160641445072,0.9543121222425925,0.930160641445072,0.8246564057805272,0.9159197701772372,0.9373453016197315,0.9003870625528829,0.7375118896297235,0.6051560701903466,0.7649948513812567,0.913357303376791,0.9078281401363852,0.9173148291382112,0.999349250681455,0.5872912593017849,0.8733223207677869,0.8236124075183944,0.5973311296357156,0.9278966962971924,0.939897739160851,0.8535306890893677,0.46049212115241933,0.916195084306359,0.7373752480801217,0.9076492093936457,0.9459333791503506,0.8531167607977221,0.9373453016197317,0.6312746978314403,0.6984031193986371,0.9205109805988165,0.942546448360206,0.8358337105628658,0.9139704635473276,0.9095242312718104,0.9021972073516483,0.942546448360206,0.9944458368731315,0.6460387576531836,0.939897739160851,0.860162647158031,0.8934425806304627,0.9348776724743584,0.888402744132657,0.6813091579486736,0.9256878868316012,0.9348776724743586,0.9589376456981176,0.7660338266074941,0.942546448360206,0.7393301061786366,0.9882972567249719,0.8424305171733326,0.9685954172067621,0.942546448360206,0.930160641445072,0.9417675268326104,0.9256878868316014,0.9373453016197317,0.6899771804316862,0.598312037556783,0.9348776724743586,0.9039735099337753,0.9178938723744825,0.7678218096291187,0.7538096788058789,0.6592176329046497,0.9138955066325833,0.8002146726879578,0.687515527482407,0.8500140913646179,0.9922673407988162,0.8066745118424046,0.9298402628575503,0.9775185201428763,0.7597147744459045,0.8755049702528586,0.9589376456981176,0.930160641445072,0.9373453016197317,0.8401367850119444,0.9057994954598185,0.942546448360206,0.9970639700164783,0.9278966962971924,0.930160641445072,0.9957674544753028,0.942546448360206,0.9481929520311925,0.8770810709357257,0.8010715422382337,0.9095242312718104,0.9373453016197315,0.7373752480801218,0.7869659175862753,0.9545623789260471,0.8543498951915084,0.7813770585443969,0.5341989183880249,0.9554421119948906,0.8063667302240629,0.9193462939797008,0.9046789607562868,0.9481929520311925,0.7234469114945394,0.8884027441326567,0.6854017038809372,0.9235293061149328,0.9278966962971924,0.9260693029293159,0.868878538885111,0.6813091579486736,0.873956274927597,0.7507878712472871,0.930160641445072,0.8732801831543548,0.7486681535782962,0.8900683556162929,0.91989423221619,0.945305581259918,0.6172321001284038,0.930160641445072,0.930160641445072,0.7558803379767082,0.6586848342749574,0.8062915690984296,0.9301606414450722,0.992267340798816,0.9301606414450718,0.9281918474396418,0.8586624125474207,0.7106288662553195,0.9301606414450718,0.8951528182413433,0.9993652126586656,0.769353573971967,0.7579855823726569,0.930160641445072,0.8625156829022367,0.885110846748371,0.7086691600697785,0.7262462440022335,0.8951528182413433,0.8700345022954854,0.9348776724743586,0.70047401742091,0.930160641445072,0.7643064205418848,0.9057994954598185,0.9321984580010816,0.9219010142901853,0.9647682499737457,0.7901008342696878,0.9662633710722657,0.930160641445072,0.974184782236381,0.8799836876763443,0.930160641445072,0.9655471735397518,0.7669276873902606,0.8283380468764912,0.7460262960123398,0.6899771804316861,0.930160641445072,0.9400053693508079,0.7977424037098086,0.9398977391608507,0.7961129991402645,0.7460262960123398,0.8545007951639466,0.942379439671764,0.8571671175052396,0.9348776724743586,0.9688293585413836,0.8369802541166287,0.9114262935403585,0.6889909708153219,0.8264962751962917,0.8221709206355943,0.9672582712673323,0.9373453016197317,0.9057994954598185,0.930160641445072,0.9382239240989049,0.8938342322827075,0.7570765074206052,0.953991793642735,0.9003870625528829,0.925687886831601,0.7660338266074941,0.9324854129452833,0.925687886831601,0.9602126215445626,0.9301606414450718,0.963182708910274,0.8593655440582149,0.8677481975092118,0.942546448360206,0.660174394090186,0.9922673407988163,0.8614716313674343,0.9518647719377948,0.8644015357153351,0.9993652126586656,0.945305581259918,0.9955137411485048,0.6887098201121812,0.8512300448035053,0.9076492093936459,0.9153193686659864,0.8662187967802517,0.9348776724743586,0.9219224280637737,0.8799678088963248,0.8816399835277959,0.971321341212152,0.9947962922931934,0.9602126215445626,0.8968796530895524,0.825154110106769,0.7570305960422377,0.8692844153563803,0.9235293061149326,0.7984222950960626,0.8769755445526377,0.6895662176593879,0.9095242312718104,0.9114262935403588,0.7492065571164646,0.9539917936427351,0.8426554800261769,0.9095242312718104,0.9483563157149231,0.7590841549739352,0.9348776724743586,0.9247195453614794,0.7774720355228901,0.9861817550572929,0.9660891714439764,0.942546448360206,0.9981627476944336,0.8748942312251945,0.939897739160851,0.9506768980005937,0.9694672365613162,0.9235293061149328,0.9373453016197317,0.5209202277057926,0.8968796530895526,0.7822366946669443,0.880261583243356,0.9278966962971924,0.9278966962971924,0.9568500771766758,0.8241540801036232,0.9235293061149328,0.8236124075183946,0.930160641445072,0.939897739160851,0.930160641445072,0.930160641445072,0.8553644197053217,0.7246274008827154,0.9219224280637734,0.930160641445072,0.7202228610530976,0.6597279223618717,0.8834832246395515,0.9609387888985919,0.8625156829022367,0.8194879042508123,0.8658703828693833,0.8107723431911642,0.8579761778223542,0.6749631614552822,0.7306036432001257,0.939897739160851,0.9198942322161898,0.8563902687666678,0.9154829319758186,0.8968796530895526,0.8991965786255652,0.6502205707763307,0.889673597851036,0.939897739160851,0.8571671175052396,0.9348776724743586,0.9499371710476525,0.6224284893742777,0.9752315887262653,0.9114262935403583,0.9543974380449627,0.9303499958905477,0.9911824756094174,0.9518647719377948,0.9403725843137767,0.7996606229568316,0.9153193686659862,0.9324854129452833,0.9576156624241061,0.9131499038319143,0.7798870083823579,0.9373453016197317,0.8270134485526381,0.6170913894212324,0.9613812818856654,0.8482845240792769,0.9278966962971924,0.7727851893363367,0.8986240534007519,0.9861053894336532,0.7762694567332855,0.8208961595306918,0.8107723431911641,0.7513096392970229,0.915319368665986,0.824154080103623,0.745419942272197,0.930160641445072,0.9373453016197317,0.9178938723744825,0.97998139075904,0.833118952533078,0.8745660213523156,0.8387057007283611,0.9347829309054405,0.7678326855976578,0.9114262935403585,0.685674668974078,0.9453055812599183,0.7590841549739353,0.9173148291382112,0.76936476508287,0.925687886831601,0.9440432620596213,0.9148923477148999,0.8834832246395512,0.9095242312718104,0.9122232316336167,0.9844275752045858,0.7395916258346773,0.7059178285778607,0.9219224280637734,0.8536087869778333,0.8091858387065827,0.8177883943306522,0.9453055812599183,0.9133573033767912,0.9324854129452833,0.8009771734130315,0.9575945522950665,0.9819319841098426,0.9278966962971924,0.7625724501176584,0.80406175873932,0.9204037308984989,0.730276285876941,0.9589376456981176,0.8867504707956384,0.8851108467483708,0.9466889433536754,0.8147821100520865,0.8968796530895526,0.9218223944261854,0.8886639795414619,0.9173148291382114,0.9763068251524243,0.9373453016197315,0.9481929520311925,0.930160641445072,0.7428807326250599,0.8149622918828372,0.9192327494821738,0.8900683556162929,0.9301606414450722,0.8203084347981154,0.7806525915213938,0.9911824756094174,0.9281918474396418,0.8677481975092114,0.8512300448035051,0.9143168314046379,0.7807695531819238,0.9003870625528829,0.9009164784975772,0.8108462873069545,0.8497555614289232,0.939897739160851,0.8662187967802517,0.7628461201347064,0.9879700133881204,0.8834832246395514,0.9481929520311922,0.9895844092102012,0.9728091693196088,0.9861053894336533,0.919346293979701,0.9021698077369342,0.930160641445072,0.8056009094279591,0.8935849837824916,0.9978387378693495,0.9203771106130236,0.664451411370619,0.9336022679318308,0.8839612130916329,0.9278966962971924,0.9526350423385238,0.9235293061149328,0.9278966962971924,0.9278966962971924,0.9219224280637736,0.930160641445072,0.6630293198676147,0.7938073650432995,0.930160641445072,0.9095242312718104,0.8497555614289232,0.942546448360206,0.9348776724743586,0.939897739160851,0.9324854129452833,0.9278966962971924,0.9129194392068591,0.8397073815517223,0.7650658792801512,0.7876136377520642,0.930160641445072,0.8723787692931402,0.9348776724743586,0.9095242312718104,0.8547504953716943,0.8739376826205691,0.942546448360206,0.9324854129452831,0.6333868655813952,0.9483563157149231,0.9133573033767914,0.930160641445072,0.8245878655212752,0.9260693029293159,0.9325461471620271,0.928018826860044,0.9602126215445623,0.942546448360206,0.9039735099337753,0.9348776724743586,0.8723787692931402,0.8533420288440607,0.930160641445072,0.9301606414450718,0.8380660059124045,0.49285071726868823,0.8219664899912562,0.9235293061149326,0.9173148291382112,0.8005629968447401,0.925687886831601,0.8586500859592134,0.6757424958515796,0.930160641445072,0.930160641445072,0.9781774005616106,0.8346371316137475,0.8955832386010318,0.9923616943209204,0.6401345178539095,0.7896173232458972,0.7798870083823577,0.6726981585735141,0.9466889433536754,0.6266151617573603,0.930160641445072,0.8631790748003907,0.9373453016197317,0.46049212115241933,0.7678326855976578,0.942546448360206,0.8090724896337734,0.930160641445072,0.930160641445072,0.7124246042366715,0.930160641445072,0.6796434622826031,0.9153193686659862,0.8033919351330518,0.8616681034607223,0.9529082331312293,0.8616681034607221,0.7125012001484607,0.8410632073109214,0.9301606414450722,0.8834832246395512,0.6608116058079474,0.9324854129452831,0.942546448360206,0.9768606767794918,0.9605581908569492,0.8423246840968623,0.8867504707956386,0.9647682499737457,0.8538388368985181,0.930160641445072,0.8844930012403251,0.8149556764193989,0.7938464463486739,0.8749740389555236,0.8149622918828372,0.919346293979701,0.7129666058584248,0.79903029047136,0.9457697991278944,0.9666172643269235,0.7090541772587606,0.9235293061149326,0.9453055812599183,0.9328110853236412,0.9441989622120355,0.8657942954733088,0.5675662461924165,0.9278966962971924,0.9177092516180816,0.8745074775108264,0.8834832246395512,0.994711829522293,0.9481929520311925,0.9483563157149231,0.9481929520311925,0.9861053894336533,0.8662187967802517,0.9064607722997906,0.974184782236381,0.7709148626711195,0.9922673407988161,0.9153193686659862,0.916588943348655,0.7916633247069988,0.9214166876382095,0.7816425305714163,0.9393902601956408,0.9928771108668892,0.6051560701903466,0.9595025505770991,0.8867504707956382,0.9128358261612047,0.9290125122194963,0.930160641445072,0.8512300448035051,0.8207356119850877,0.9680274345627664,0.4928507172686877,0.9466889433536754,0.909524231271811,0.9196803284517672,0.930160641445072,0.8799836876763444,0.7762694567332855,0.7330124861800762,0.6834999492976278,0.6854789183571146,0.6701022769784419,0.9373453016197317,0.9148923477148999,0.9378659482854856,0.9059247992858666,0.7280707215884724,0.9114262935403583,0.829929035933874,0.9481929520311925,0.9518647719377948,0.9301606414450718,0.860162647158031,0.9795615437314455,0.8602678269283126,0.8107723431911642,0.7395916258346773,0.930160641445072,0.9278966962971924,0.8078677539469966,0.8331189525330778,0.8852751342149694,0.7941571990918558,0.7393662703454242,0.930160641445072,0.7126217466972067,0.8120757404207615,0.8934425806304627,0.930160641445072,0.6090071183380943,0.9662633710722657,0.942546448360206,0.9114262935403585,0.9278966962971924,0.7887795529709356,0.8254042372746635,0.9152658504745881,0.9393902601956408,0.9045514955718468,0.9114262935403585,0.7645652251474975,0.930160641445072,0.9895844092102013,0.930160641445072,0.5209202277057926,0.8155751613542841,0.8696634603459948,0.46049212115241933,0.9347829309054407,0.8573934100284375,0.9588020536674937,0.8934425806304627,0.930160641445072,0.806761162062428,0.653637535960504,0.794651139926638,0.8968796530895526,0.8834832246395521,0.9923551296406039,0.8968796530895524,0.7528754052666142,0.885110846748371,0.8992520772945134,0.7179007902469758,0.885110846748371,0.9281918474396418,0.9373453016197317,0.8424305171733326,0.885110846748371,0.46049212115241933,0.8638037040268802,0.8620219128927745,0.868878538885111,0.9278966962971924,0.6824810499682051,0.9095242312718106,0.8748942312251946,0.8834832246395516,0.9114262935403583,0.8818669950401858,0.0,0.9278966962971924,0.7064743333669572,0.9583993585096766,0.8934425806304629,0.864695866516187,0.8714901252497999,0.8065889905750278,0.8739376826205694,0.9417675268326104,0.6051560701903466,0.9348776724743586,0.9313355731181688,0.9651397425956001,0.7695273527363697,0.9003870625528829,0.9210178056318985,0.9373453016197317,0.939897739160851,0.9478958696355512,0.9709418084101296,0.9138706591595782,0.7155243921577449,0.9325461471620271,0.9457091470251184,0.9133573033767912,0.9303499958905477,0.930160641445072,0.887290214569154,0.8577973034300124,0.880261583243356,0.9343853672893317,0.9753893906961741,0.939897739160851,0.9219224280637737,0.9430000944355514,0.9057994954598185,0.9235293061149328,0.8986240534007524,0.9086749297455425,0.9526929828593396,0.9875784275924953,0.9173148291382112,0.9457494459879452,0.9278966962971924,0.7679741557995903,0.8214199807746341,0.9348776724743586,0.9838585814857688,0.677415337741875,0.9003870625528829,0.9879700133881206,0.8548240290076599,0.6336168639276534,0.7601602309409896,0.9256878868316012,0.9256878868316012,0.6282831561821731,0.9889605162825019,0.8662187967802519,0.9348776724743586,0.5755939495004163,0.9095242312718104,0.939897739160851,0.7614522326022973,0.9361918547662357,0.9324854129452831,0.4928507172686877,0.9988813525559971,0.5209202277057926,0.7945487278081078,0.939897739160851
p343_T,0.8268894592721567,0.9394396415413291,0.8882932693469461,0.9644994759182186,0.7333647111852165,0.9610996995613954,0.9924570656294145,0.9629304985011746,0.938608053802739,0.9589316626844853,0.9379142777971528,0.992131884600974,0.7440989134507303,0.919989349133864,0.9875732183763779,0.9150513508645272,0.9425805352069323,0.9292677720165115,0.9667798280829097,0.9589316626844853,0.8763244883251148,0.9902428565647541,0.859317625659531,0.9190874378408648,0.9349426948340502,0.9292677720165115,0.9425805352069323,0.7923256286306115,0.9589316626844853,0.8227701498872702,0.9225701399051964,0.6947366749215779,0.9409942357230059,0.9162050927129204,0.6695496131391625,0.9568599156354454,0.9493053971730234,0.9409942357230057,0.9610996995613954,0.9278966962971924,0.896130882831621,0.7193030129332598,0.9610996995613952,0.8049331699060054,0.9425805352069325,0.8425062304790465,0.9511016704226434,0.8063934464761428,0.9278966962971924,0.8661426937240924,0.9529545363721539,0.8447105394237191,0.9292677720165112,0.9955894416808808,0.7143426823531388,0.9265423524364669,0.9265423524364669,0.9475597985845114,0.9102728072442623,0.9442013463068035,0.9415490144516763,0.9112422000431177,0.9292677720165117,0.9935567820366137,0.9548710823073732,0.983623415618191,0.9765837058865926,0.9719332656480346,0.991231693528243,0.9568599156354454,0.9187169710212715,0.9278966962971924,0.7971798092312721,0.8390409916952155,0.9475597985845114,0.8827817928509323,0.9364159486136476,0.9379142777971528,0.9287189694062172,0.9610996995613954,0.9928618019927209,0.9829392900173883,0.923879955825063,0.8248039983350155,0.9475597985845114,0.9149644520716045,0.9902428565647539,0.952795425332533,0.8963122212139181,0.9458598726114653,0.9475597985845114,0.8882932693469461,0.8827190623870715,0.9103327042684293,0.8908572896021121,0.9175213699727844,0.9207387390588704,0.8838795614232458,0.7649645336422023,0.7667279996150678,0.9265423524364669,0.9808926695348984,0.9475597985845114,0.9644201313012394,0.9298843125247958,0.9568599156354451,0.9041731885624824,0.7687939955231032,0.85393997173527,0.8639922800834697,0.9042833811001101,0.9306566646589698,0.7836332302901654,0.9065205555971323,0.9511016704226434,0.8127850482788859,0.9955894416808808,0.9568599156354451,0.9610996995613952,0.7519496267264241,0.9677758452177638,0.8816859778305948,0.9349426948340502,0.9682551375725406,0.9784534179462063,0.8405164885827786,0.9493053971730234,0.8367186018328008,0.9458598726114651,0.6720110611890678,0.7157377932754614,0.9511016704226432,0.9529545363721539,0.9547434413197933,0.9425805352069325,0.8696295404751329,0.8948947876812736,0.9529545363721539,0.9529545363721539,0.9442013463068035,0.8812784060133263,0.9589316626844853,0.814228120918856,0.8675560447816311,0.9181361257449085,0.9875732183763779,0.7928842426394841,0.8426783496858161,0.9268729171371121,0.810403687549897,0.9589316626844853,0.8657490312007632,0.8814453850912112,0.9899770725904381,0.9765837058865926,0.9278966962971924,0.9273944983384124,0.9112976020672166,0.9055736434610707,0.9155630897147411,0.977568164687723,0.9511016704226434,0.9829392900173883,0.7624534917969603,0.8938740030413768,0.913733309388403,0.9593417278528642,0.9696724395861311,0.9834886668885245,0.8956859069607279,0.9464802705130723,0.9458598726114651,0.9265423524364669,0.9825784749652079,0.8510908001068,0.9394491037971122,0.9568599156354451,0.9749997343838411,0.8653570715674588,0.8827817928509323,0.9088944096710685,0.9538876829840168,0.9265423524364667,0.7440989134507305,0.9931921107480988,0.8790792081159238,0.9037142728512921,0.8030104049156184,0.9955894416808808,0.9212735133449714,0.9442013463068033,0.7580974060287027,0.9584182627141556,0.9700724666399267,0.9415490144516767,0.9475597985845114,0.9848910203339206,0.9442013463068037,0.8434360876416896,0.9739470938970316,0.9935349994593583,0.6200824278756087,0.9475597985845114,0.8643090749973128,0.777989101556023,0.9589316626844853,0.9475597985845114,0.9424781900280399,0.9125111785873636,0.9509103733010487,0.912886430027493,0.9782914706820046,0.9458598726114651,0.9475597985845114,0.8772536000905926,0.9475597985845113,0.9995797633171006,0.862529861839961,0.8302218952289881,0.9475597985845114,0.8873793646220562,0.9475597985845114,0.8789701894174244,0.9819150380375274,0.913733309388403,0.8718884926994315,0.9511016704226432,0.7708083464141857,0.9442013463068035,0.9629124330159161,0.9364159486136479,0.9813702038092992,0.939758049277366,0.9591402541866407,0.9529545363721539,0.9329016612088755,0.9036183986703883,0.9371605937136991,0.9973714923353901,0.9540589546097205,0.9212977173232094,0.9985778460732365,0.9155630897147411,0.9350839192327521,0.9475597985845114,0.8371629851568375,0.9475597985845114,0.8587675136677237,0.9125111785873636,0.8356601904040853,0.8399047890821917,0.7981856244137904,0.9848910203339206,0.8419755599852934,0.9349426948340502,0.8894031717904967,0.9928618019927209,0.8060628203277849,0.9808926695348984,0.8675560447816311,0.9312291735794236,0.751129616829622,0.9458598726114653,0.9548710823073729,0.8233788637195054,0.9610996995613954,0.7712102445476179,0.8857348707173547,0.9693318146530957,0.8981789948276746,0.9353049232069981,0.8356601904040855,0.8311945423883857,0.8789079343459132,0.8459097615913482,0.9568599156354451,0.7787298647570082,0.9112976020672166,0.9829392900173883,0.9357274933038937,0.9568599156354451,0.8550124866734043,0.9688307087505359,0.9548710823073732,0.8950004825334388,0.9644994759182186,0.9511016704226434,0.9162050927129206,0.866748202174833,0.9442013463068035,0.9511016704226434,0.9808926695348984,0.8195726318328569,0.9568599156354451,0.9325061828489148,0.999454910056343,0.8816859778305948,0.8096561509890497,0.9568599156354454,0.9475597985845114,0.9278966962971924,0.9442013463068037,0.9529545363721539,0.8176697096447177,0.7764348509404211,0.9511016704226434,0.9278966962971926,0.8343172089136093,0.8372167898585541,0.8560751265203924,0.6476801409555395,0.8914571445678523,0.8405164885827787,0.8535826677013167,0.8686385996787725,0.9589316626844853,0.938608053802739,0.9589316626844853,0.9591402541866407,0.8382021652784951,0.9065205555971323,0.9511016704226432,0.9475597985845114,0.9529545363721537,0.9747733305686097,0.9292677720165115,0.9568599156354451,0.8986811553763567,0.992131884600974,0.9475597985845114,0.9877220281917201,0.6613388029563301,0.9610996995613952,0.9077040005624184,0.8739594680062142,0.9320645602494204,0.8356601904040855,0.8857348707173551,0.851799668828326,0.9349426948340502,0.9984380827103148,0.8358428353123897,0.9511016704226434,0.9549894228659188,0.8056825578273621,0.9482607581795666,0.9325575638096625,0.9610996995613952,0.7762855815640264,0.9162050927129202,0.763777927592534,0.9425805352069325,0.9458598726114653,0.8614735306784087,0.8816859778305948,0.8667482021748331,0.75426627514667,0.8128743662973861,0.9475597985845114,0.9110530205017501,0.7878600357864769,0.9174557485535397,0.9576746141532875,0.8011809317019497,0.9869718167572021,0.9475597985845114,0.9475597985845114,0.6848222728609521,0.9097446761129819,0.8545503661181635,0.9475597985845113,0.9589316626844853,0.9475597985845114,0.9199893491338639,0.8938740030413768,0.7779891015560229,0.9475597985845114,0.9663573664294256,0.9364159486136479,0.8268147748355976,0.8020222325849231,0.9475597985845114,0.8773193685069607,0.913733309388403,0.7652011593459802,0.8171063621787289,0.9663573664294256,0.8969686040184857,0.9511016704226434,0.7703519447505504,0.9475597985845114,0.81827873389136,0.9292677720165115,0.9154533753716585,0.9761735887434648,0.6558731078686426,0.8256727870749783,0.9409942357230059,0.9475597985845114,0.6032013146288718,0.8421779795631059,0.9475597985845114,0.9885587804861202,0.8818794678910785,0.8660830247325575,0.809299047601135,0.7624534917969603,0.9475597985845114,0.881710582503656,0.9417706387957603,0.971905036534492,0.9444364622841558,0.995276756596932,0.9819150380375274,0.9053437280773231,0.8927512325175624,0.9511016704226434,0.6304061102621359,0.9509103733010487,0.9852901633058908,0.7932740872153682,0.966048032727588,0.8664736771305537,0.9334927596276981,0.9529545363721539,0.9292677720165115,0.9475597985845114,0.9667798280829099,0.9357274933038937,0.9182975602716048,0.7324005770294385,0.9252037445446053,0.9442013463068035,0.8746662285702409,0.9493053971730236,0.9442013463068035,0.9928618019927207,0.9475597985845114,0.9394396415413291,0.907995720661511,0.9006962362816695,0.6613388029563301,0.8645023728543081,0.9611058687776596,0.8359611579004631,0.9334927596276981,0.8744017771614351,0.9902428565647541,0.9589316626844853,0.9861752746785275,0.913733309388403,0.8661426937240924,0.9306566646589698,0.9902428565647543,0.9371605937136991,0.7088700293650659,0.9591402541866407,0.9935567820366137,0.9643105007971279,0.9829392900173883,0.9200152252821034,0.8422956254205758,0.9682551375725406,0.8347240030058896,0.878920217429558,0.9400706025742573,0.9425805352069323,0.9409468292814207,0.8871861256568154,0.8129498901600087,0.9661859802146437,0.9334927596276981,0.8116870067162374,0.7324005770294401,0.8767155864943421,0.7626870611427721,0.9540589546097205,0.9792448442019128,0.9511016704226434,0.8663503378902108,0.9571427493004796,0.9149644520716047,0.6626197766413182,0.9568599156354451,0.9169612314590974,0.9233738460510836,0.9548710823073732,0.955724889671401,0.9425805352069323,0.9425805352069327,0.9529545363721539,0.9568599156354451,0.9682551375725406,0.8481893891495299,0.9100921482984174,0.9458598726114651,0.9458598726114651,0.7595862014740156,0.9430441133000049,0.9425805352069325,0.8675560447816311,0.9475597985845114,0.9548710823073732,0.9475597985845114,0.9475597985845114,0.7667279996150675,0.9334927596276981,0.9591402541866407,0.9475597985845114,0.7803516141898861,0.7345468429309987,0.9125111785873636,0.9974712426570687,0.9104952582326111,0.8272354331469207,0.9386080538027393,0.9371605937136991,0.7304083101495112,0.9409942357230057,0.9168460830759902,0.9548710823073732,0.9149644520716045,0.8529401804129995,0.9074162269428672,0.9225701399051964,0.998438082710315,0.9442013463068037,0.8598425852017675,0.9548710823073732,0.8927512325175624,0.9511016704226434,0.8972654241994793,0.9559302354841395,0.9693318146530956,0.9629124330159164,0.9790109616197198,0.9212735133449714,0.9428298129397872,0.6003306072685664,0.9956693794948599,0.9511016704226434,0.9364159486136479,0.9493053971730236,0.9524187417251317,0.6937770625310618,0.8347240030058896,0.9529545363721539,0.9660869522982162,0.9985778460732369,0.9364711380159496,0.886081569479592,0.9458598726114651,0.8199517167651282,0.9701956444682691,0.9610996995613952,0.8272354331469207,0.9527313195793391,0.7995502483019268,0.8246995355877351,0.9364159486136476,0.9430441133000047,0.9450975949913771,0.9475597985845114,0.9529545363721539,0.9137333093884032,0.6695496131391634,0.8873793646220562,0.8482764195819265,0.9954412864629741,0.923879955825063,0.8256727870749783,0.9334927596276981,0.7592148952360362,0.9589316626844853,0.814365886541907,0.9928618019927207,0.7633251181690387,0.9442013463068035,0.9409942357230059,0.9289964199720244,0.9628454933455661,0.9320645602494204,0.9525945865636738,0.9752661847175212,0.8044674539676762,0.7397970402621595,0.9591402541866407,0.9461421116766491,0.8567235831170403,0.9860598647601155,0.9589316626844853,0.9349426948340502,0.6558731078686428,0.83360257911207,0.9123884588666585,0.9953073669805033,0.9458598726114653,0.8169797257838265,0.8358428353123897,0.9610996995613952,0.9277463696241427,0.9511016704226432,0.8727673249698822,0.913733309388403,0.980662425002937,0.7656872475184058,0.9225701399051964,0.9877220281917201,0.9224635916187052,0.9928618019927207,0.8061071562382913,0.9529545363721539,0.9610996995613954,0.9475597985845114,0.8691190999184779,0.8610609420833559,0.9947268446840543,0.9174557485535397,0.9475597985845113,0.9864310500681475,0.8469812896824731,0.9042894220702756,0.9199893491338638,0.9006962362816695,0.8882932693469461,0.9436711479582613,0.8372770459996086,0.9252037445446055,0.9042894220702749,0.9163943184927281,0.9569179508810808,0.9548710823073732,0.8995478568587885,0.9265423524364669,0.9511016704226432,0.9125111785873636,0.954743441319793,0.9252037445446055,0.9442013463068035,0.9610996995613952,0.9394396415413291,0.9265423524364667,0.9475597985845114,0.89520688729072,0.8805919691825621,0.9667798280829097,0.6057345150931086,0.7944495116308216,0.8283311817096388,0.790061600720839,0.9458598726114653,0.9765837058865926,0.9425805352069325,0.9458598726114653,0.9458598726114653,0.7403136154973167,0.9475597985845114,0.8808946086335749,0.9792140372249503,0.9475597985845114,0.9320645602494204,0.8871861256568154,0.6613388029563283,0.9511016704226434,0.8254572742182219,0.5900695253755868,0.9921318846009739,0.816979725783826,0.8838152225738929,0.7557228183031451,0.9026469007280427,0.9475597985845114,0.9041731885624826,0.9511016704226434,0.9320645602494204,0.7734367193080798,0.9053437280773229,0.9568599156354454,0.9493053971730234,0.9877220281917203,0.995606730632077,0.9349426948340502,0.9475597985845112,0.9628454933455662,0.9933592296586006,0.9225701399051962,0.9928337245205828,0.9928618019927209,0.9667798280829099,0.9278966962971924,0.9511016704226434,0.9041731885624824,0.6970590368950031,0.9475597985845114,0.9475597985845112,0.9117531985549472,0.9589316626844853,0.8613434560644833,0.9425805352069325,0.9379142777971528,0.983623415618191,0.9442013463068035,0.9764455298833901,0.7565251288118122,0.9475597985845114,0.9475597985845114,0.9653389789590385,0.9112422000431181,0.8995478568587885,0.8272354331469207,0.9250214760312454,0.9488877588882301,0.8637151821288629,0.7656459213576859,0.9306566646589698,0.9702976712418914,0.9475597985845114,0.7693508053105949,0.9529545363721539,0.9610996995613954,0.8256727870749783,0.9568599156354451,0.9176189740206024,0.9475597985845114,0.9475597985845114,0.7680215914296746,0.9475597985845114,0.7594542431334598,0.9364159486136479,0.8523731211903476,0.896130882831621,0.9721820378192461,0.9329016612088761,0.9127245772292452,0.845809930023645,0.9475597985845113,0.9125111785873636,0.8244554225159,0.9848910203339206,0.8140593155196186,0.8447038853486005,0.9483900530140978,0.9077040005624186,0.9149644520716047,0.7216766903616989,0.8850018707449112,0.9475597985845114,0.7540690112344769,0.9149644520716047,0.9935567820366137,0.8686385996787724,0.8921554844568578,0.7236615576213592,0.8306041887792595,0.8490980979184486,0.8986811553763571,0.8840735794794969,0.8345750768436256,0.7632113711939131,0.9589316626844853,0.9909903972974269,0.6772470605459311,0.7753393263905097,0.9529545363721539,0.9458598726114653,0.9337421768964972,0.9742178060512305,0.9540589546097202,0.7735497313582811,0.9547434413197933,0.9125111785873636,0.9610996995613952,0.7022728639633584,0.8995478568587885,0.9174557485535397,0.8552250410556551,0.9248100053233805,0.9589316626844853,0.9364159486136476,0.7944495116308207,0.8553912003238415,0.9409942357230061,0.9458598726114651,0.8350803794897144,0.9260446381122047,0.9493053971730234,0.84305747070033,0.7878600357864769,0.9005301747508505,0.9295749845397565,0.9475597985845114,0.8882932693469461,0.9886251033694343,0.8328700630085668,0.9589316626844853,0.6692972525892924,0.9320645602494202,0.8814453850912112,0.9475597985845114,0.8698323410054627,0.8272354331469207,0.864436520678708,0.7575776963663715,0.867364985182129,0.7474881342688837,0.9529545363721539,0.7895402867434258,0.8076791997491762,0.9379519319433764,0.795816765420983,0.9334927596276981,0.8672657788198912,0.9610996995613952,0.9334927596276981,0.9475597985845114,0.9680148528725812,0.9763068251524243,0.732488179969562,0.8995478568587885,0.8322567509778518,0.8609949072773252,0.9458598726114653,0.7844306245694914,0.8567235831170406,0.9287546220071028,0.792576438055554,0.7881804803953931,0.9475597985845114,0.7794874015684092,0.8588935204002321,0.919989349133864,0.9475597985845114,0.9216975403748096,0.9409942357230057,0.9568599156354451,0.9334927596276981,0.9458598726114653,0.9002204358789427,0.8248039983350157,0.893874003041377,0.9781067403340057,0.8985910278275197,0.9334927596276981,0.8347439839067274,0.9475597985845114,0.8399047890821919,0.9475597985845114,0.9667798280829099,0.8852158769431717,0.8498492366106388,0.9610996995613954,0.923879955825063,0.8452778185685962,0.9782914706820045,0.9644994759182186,0.9475597985845114,0.7159624173525003,0.903712310397419,0.9758432563636346,0.9682551375725403,0.9125111785873639,0.9765837058865926,0.9225701399051962,0.7180556619793953,0.9137333093884032,0.9953073669805033,0.7881804803953931,0.9137333093884032,0.9644994759182186,0.9529545363721539,0.8816859778305948,0.9137333093884032,0.9610996995613954,0.9292677720165115,0.853283855347809,0.8816859778305948,0.9458598726114651,0.9212735133449717,0.9829392900173883,0.9584544227552207,0.9125111785873639,0.9334927596276981,0.9112976020672166,0.9278966962971924,0.0,0.7944495116308213,0.833502226235296,0.919989349133864,0.9357274933038937,0.8284725576324868,0.9701592651997484,0.9053437280773231,0.9278966962971924,0.9190874378408648,0.9511016704226434,0.9730506507011063,0.8607835930791425,0.9721820378192461,0.9252037445446055,0.8804787288072367,0.9529545363721539,0.9548710823073732,0.8697214512947162,0.9238799558250632,0.8881687610153306,0.9574180966633072,0.9225701399051964,0.8778971454413178,0.9349426948340502,0.9663573664294258,0.9475597985845114,0.880605991298724,0.9721446121872523,0.950802817126357,0.9175213699727839,0.9039963657798307,0.9719050365344921,0.912054261392198,0.9042833811001099,0.9292677720165115,0.9397362273534058,0.9701956444682691,0.9567860036593586,0.8993926091805273,0.9462184605854557,0.9379142777971528,0.9269744452935229,0.9458598726114651,0.9529137185200641,0.8727037613151145,0.9511016704226434,0.9848910203339206,0.8787681755736589,0.9252037445446053,0.9128870094924406,0.9315076677030099,0.9515033910166031,0.989577436959056,0.9442013463068037,0.9954412864629739,0.8588445447937199,0.9829392900173883,0.9371605937136991,0.9511016704226434,0.7800315783608653,0.9320645602494204,0.9548710823073732,0.9600059685838347,0.980662425002937,0.9848910203339206,0.9589316626844853,0.9155630897147411,0.9568599156354451,0.8969538931148955,0.9719050365344922
p344_D,0.7714216628559394,0.9288758056186719,0.8688077246092836,0.9446701888736626,0.9384124008873462,0.9543141322095121,0.9143587516866638,0.9915585362993656,0.8833742009912298,0.42352172215406014,0.9270843653068208,0.902103327533033,0.9559302354841397,0.9446701888736626,0.9262700211315924,0.6978413544422074,0.9836426671336507,0.9169296077473637,0.9493347822888889,0.9788198231857257,0.9528344261864474,0.9253246753246755,0.9881818565067269,0.488322581944862,0.9235944347702931,0.9169296077473637,0.9836426671336507,0.8986853937484476,0.9517679141853164,0.8922430228482805,0.9090636753073358,0.9447481688519046,0.9307015751744632,0.901588342180655,0.9384124008873465,0.9493347822888889,0.9975839852098576,0.9805663112989256,0.3882066400230304,0.9993652126586654,0.8780124908814335,0.7775830413977397,0.9543141322095119,0.9297484119999466,0.9325645805415599,0.8662243010888357,0.9425720985427191,0.8955682817755498,0.915319368665986,0.8688077246092833,0.5047661957294445,0.8690863342432782,0.9169296077473637,0.9248999189762372,0.7202452719542998,0.9137287800621365,0.7138046051626521,0.9384124008873462,0.9470821860258929,0.934468117552512,0.8860899491808243,0.8447836689107451,0.9596257255045417,0.8347141576053578,0.9469990271543747,0.836147330633831,0.994086760546023,0.7819139220692444,0.887264805987755,0.9493347822888891,0.9426999693726408,0.9573422906623257,0.7292153930318648,0.8659231781910172,0.9384124008873462,0.8623348546394314,0.9720496894409938,0.9747821421515683,0.981518444137782,0.9543141322095121,0.5482400894009511,0.9643765980294188,0.9106019687464653,0.9169296077473637,0.9384124008873462,0.9369836237218983,0.9720496894409938,0.8831627867342264,0.6659668161073264,0.9364159486136476,0.9384124008873462,0.9297118524554642,0.9076182318577206,0.9023690371089113,0.8883739256494592,0.9436554450509943,0.896294748159149,0.8933608835872626,0.7067692483509743,0.9991914931495207,0.9551139594816043,0.9425720985427191,0.9938077685674778,0.9069455524561851,0.925748439927257,0.9493347822888889,0.9211999702940652,0.7678223766712478,0.8931429413816421,0.8620363073299804,0.905782831346365,0.6039509345643685,0.993460831448865,0.8902144844650239,0.9425720985427191,0.9988504763234671,0.9776172307537021,0.4540972984960927,0.9543141322095119,0.9349653689963245,0.964233614012131,0.8742856561410542,0.9235944347702933,0.7340202360767908,0.9596257255045417,0.9866024508643964,0.9404624926714933,0.9819912974428575,0.9902428565647541,0.9584859817309161,0.9045001710796509,0.9425720985427188,0.9447481688519046,0.9726326202607707,0.9325645805415599,0.9074487775611981,0.8044291337497176,0.994086760546023,0.9447481688519046,0.934468117552512,0.8111458079800907,0.9517679141853161,0.9922997389904739,0.8444532057713663,0.8390081747164059,0.9956013364879643,0.9926862347706236,0.8122617064179536,0.9165889433486551,0.840384423088808,0.9788198231857259,0.8860899491808243,0.8866458651886936,0.9135169539046764,0.9940867605460231,0.915319368665986,0.9037728492518731,0.8958248142311334,0.8582028597539869,0.8904552749271517,0.897262396318834,0.9425720985427191,0.9914610572055534,0.7604897107133474,0.9068304302001389,0.8986853937484476,0.7424916326315742,0.8780124908814335,0.9508067898672805,0.932913827126654,0.8621423904215101,0.9364159486136474,0.9137287800621365,0.9349255385956453,0.9268772234043687,0.9776204877676407,0.9493347822888889,0.7990302119867647,0.9461175496710522,0.891904720385277,0.7920313862087949,0.8649158421061338,0.9137287800621365,0.7406226036797152,0.9857848720458375,0.8227755500574694,0.8542491929403551,0.600937331395343,0.928875805618672,0.9858118985030548,0.4891995539660824,0.9520770374064558,0.9798485441870537,0.8975955969591405,0.7124453464236429,0.9384124008873462,0.48832258194486156,0.9344681175525125,0.6383262446980216,0.8006066801327187,0.9601639163785549,0.8482764195819277,0.9384124008873462,0.9225470085025456,0.9594844139761041,0.4235217221540608,0.9384124008873462,0.8541072512730739,0.9333160651425743,0.9510444518769681,0.905415673657948,0.8847289094375662,0.9364159486136479,0.9384124008873462,0.8080969078491067,0.938412400887346,0.7717868275465862,0.9301302345765385,0.9004164175634486,0.9384124008873462,0.8849533332175407,0.9384124008873462,0.8404736434545679,0.8874576548572419,0.935136627084604,0.8776621074290034,0.9425720985427191,0.7783596077126396,0.934468117552512,0.9881818565067271,0.6541501976284609,0.9195453412137853,0.8673930754911512,0.9761289800255135,0.9329216899439505,0.9099317521606788,0.6785067060320171,0.8820255041972338,0.967295579580457,0.8972500807670707,0.9693820495180774,0.5566545535375329,0.8904552749271517,0.9083503383161955,0.9384124008873462,0.9873739670043862,0.9384124008873462,0.9135113801874213,0.933316065142574,0.8105915487398064,0.843163315391073,0.7783596077126396,0.48832258194486167,0.8958248142311334,0.9235944347702933,0.900754983216564,0.9270843653068208,0.9913976286892219,0.4670976100796427,0.9273614004407345,0.872089270661156,0.7824305624821148,0.9364159486136476,0.8623126901075596,0.841911943731436,0.3882066400230304,0.9535215586917307,0.8292536744184098,0.9946231749394501,0.8707041703100611,0.9322536848811778,0.9329216899439512,0.7987298473326602,0.8156151585878009,0.8734201452534447,0.9493347822888889,0.9405958600442974,0.8958248142311334,0.9914610572055536,0.9130812730632978,0.9493347822888889,0.9986710652581439,0.9591222466030742,0.9469990271543745,0.9083753558180288,0.9446701888736626,0.9425720985427188,0.9388586611030842,0.777014352406295,0.934468117552512,0.9425720985427191,0.9393618431817528,0.8035724714228704,0.9493347822888891,0.885567780336089,0.9545755778471186,0.8904552749271515,0.9381442798450035,0.851809244639438,0.9384124008873462,0.915319368665986,0.9344681175525125,0.9447481688519046,0.7844552203124654,0.6479583942976916,0.9983948723195168,0.915319368665986,0.9555096729069268,0.8002684491786296,0.7663166531334921,0.5552535777405098,0.8045770730392643,0.8435512004165024,0.8500592388597271,0.928983006939828,0.9517679141853161,0.8833742009912298,0.9517679141853161,0.9015883421806548,0.6699581067268915,0.8902144844650239,0.9425720985427188,0.9384124008873462,0.9447481688519046,0.7914731738068149,0.9596257255045417,0.9493347822888889,0.9258754510202484,0.9364159486136479,0.9384124008873462,0.9235944347702931,0.8518092446394382,0.9543141322095119,0.8916043634534068,0.9570488641762055,0.9202142532643909,0.8717566193418789,0.8292536744184099,0.841911943731436,0.9847742533056743,0.9307015751744634,0.857654049666025,0.5261306392174067,0.9015883421806552,0.8200851396195274,0.9736413441112675,0.9004016904774779,0.9543141322095121,0.7610427657407401,0.938858661103084,0.7701028389685365,0.9325645805415601,0.9364159486136476,0.8664920815563752,0.8610478913106774,0.8491631787538183,0.9917817158560724,0.8288905501894788,0.9384124008873462,0.874826386730919,0.47337904629784533,0.9030571559620832,0.9001312905981322,0.6317585100409351,0.8310536288648297,0.9384124008873462,0.9384124008873462,0.45433680138892063,0.6229795142018272,0.9349138804345936,0.938412400887346,0.9517679141853161,0.9384124008873465,0.906032704732697,0.8753619326452879,0.8261356024267628,0.950796863752391,0.907540871911573,0.9720496894409938,0.8462173732414171,0.8156340680986154,0.9384124008873462,0.884718273565086,0.8986853937484476,0.7955342597839887,0.7921938525659619,0.9466763852073139,0.8693218925956021,0.9425720985427191,0.7696274051613198,0.9384124008873462,0.8020425860797755,0.9549820389811022,0.8820463820882143,0.7939189990264275,0.8881730297134132,0.8200238589875921,0.9307015751744632,0.9384124008873462,0.9990557969402876,0.9551797654883625,0.9384124008873462,0.9750525882012044,0.8191563187516389,0.8338004366010847,0.8245027392526303,0.7604897107133474,0.9384124008873462,0.7562191186805276,0.851524277012685,0.9469990271543745,0.897828370140844,0.848737029326631,0.8874576548572417,0.8888323772351052,0.9052964331108346,0.9425720985427191,0.9014819656601372,0.8623348546394312,0.9881818565067269,0.789269014399947,0.9863585064424636,0.8707041703100613,0.9218915803605507,0.9447481688519046,0.9596257255045417,0.9384124008873462,0.9493347822888889,0.9454800327660549,0.912497064675055,0.8821245273141876,0.9937166764217946,0.934468117552512,0.8753093364015717,0.945294522251778,0.9868619655962765,0.9747821421515683,0.9384124008873465,0.9736413441112676,0.8818820891501593,0.9491937056321555,0.8518092446394383,0.8033236974657345,0.9517679141853164,0.9736413441112676,0.966854861926912,0.8341807815724143,0.9253246753246755,0.9517679141853164,0.8359663580026455,0.935136627084604,0.9601639163785549,0.9185607716438657,0.9345002823263698,0.9146756363968287,0.9425720985427191,0.901588342180655,0.8027948963261119,0.8790645325462281,0.9472987124405254,0.9304719414430938,0.8821245273141876,0.9090636753073358,0.8310602105669125,0.9430683525311457,0.9510849633091585,0.9142011596821674,0.9107124563548366,0.8977731789942538,0.7075924538576474,0.9914610572055534,0.921891580360551,0.8274310299056002,0.9775200810036836,0.8719532289905909,0.9031363676754974,0.8972500807670709,0.9405447860731919,0.998394872319517,0.9838439262575659,0.955415826699562,0.9893117100305694,0.8666334188846024,0.9493347822888889,0.892532607728939,0.8571237000829007,0.9469990271543745,0.935136627084604,0.9325645805415599,0.9836426671336509,0.994086760546023,0.4540972984960927,0.9487210184868771,0.8375914745592357,0.894409087337305,0.9364159486136476,0.9902428565647541,0.9940119759006415,0.7413768753377014,0.9325645805415601,0.8997253355509452,0.9384124008873462,0.9469990271543747,0.9384124008873462,0.9384124008873462,0.9764798007133303,0.6734388855421989,0.9015883421806545,0.9384124008873462,0.7732221795318339,0.7206686879151705,0.9693820495180772,0.970914733758326,0.9135169539046759,0.8126462580697251,0.7217087711632157,0.7914731738068154,0.9676110034660239,0.6205157997053741,0.7532568906645738,0.9258754510202482,0.900131290598132,0.9364587796649451,0.9038902485724092,0.9090636753073356,0.9307015751744632,0.5415934020098471,0.9519232339602355,0.9469990271543745,0.9052964331108346,0.9983948723195168,0.9115001904163031,0.6074251835121418,0.9619687983522076,0.988181856506727,0.893317515381256,0.907540871911573,0.9530007332467465,0.8982552933740042,0.9407634795537994,0.9425720985427191,0.9253246753246758,0.9975839852098576,0.9970882712052181,0.9895258967473566,0.8562263088127955,0.9447481688519046,0.9579448884552955,0.6077326401296251,0.8037545953914227,0.8662102272482621,0.9902428565647543,0.8192976586644309,0.9910116109880955,0.9543141322095121,0.8126462580697251,0.8903240383514799,0.5955723806092458,0.8336259210976944,0.9812252964426879,0.707634559900878,0.9150889707332177,0.9384124008873462,0.9447481688519046,0.8986853937484476,0.8400061283921285,0.8849533332175408,0.9253246753246755,0.9344681175525125,0.9106019687464653,0.8447836689107451,0.921891580360551,0.7807579790798047,0.9517679141853164,0.8212740235897154,0.8821245273141878,0.9464688954942893,0.934468117552512,0.9805663112989256,0.9224205858629797,0.9584859817309166,0.9202142532643909,0.9569101903668125,0.9119538452706666,0.7944825590748026,0.683374525689051,0.938858661103084,0.8828584219345674,0.8317311854817,0.9090636753073356,0.9517679141853164,0.9847742533056744,0.831051537175049,0.8296877053467191,0.8820255041972334,0.9926862347706233,0.9902428565647541,0.8960329128836397,0.8324310788092018,0.9726326202607707,0.7473948106406043,0.9425720985427191,0.9001312905981322,0.935136627084604,0.99462317493945,0.6657348508008574,0.9487210184868771,0.9389585973436582,0.9965533049210542,0.9747821421515683,0.9021033275330338,0.9447481688519046,0.9543141322095121,0.9384124008873462,0.7257084685950506,0.9178009655051673,0.9824895597686272,0.9030571559620832,0.938412400887346,0.9166703059283965,0.8116397691515886,0.9864561252797075,0.906032704732697,0.8833742009912295,0.8992597885323739,0.884718273565086,0.7361113824906973,0.9529366743750118,0.846266914555487,0.8189138111500285,0.8977731789942538,0.9469990271543747,0.9146756363968285,0.713804605162652,0.9425720985427191,0.933316065142574,0.9543141322095117,0.9121566723282288,0.9868619655962765,0.9543141322095119,0.9288758056186719,0.9551139594816043,0.9384124008873462,0.8843629875983648,0.8890122180890285,0.9493347822888889,0.7846107607119963,0.6541501976284606,0.9569101903668126,0.9998551932954738,0.9364159486136476,0.9447481688519046,0.9325645805415601,0.9364159486136476,0.9364159486136476,0.837519425362339,0.9384124008873462,0.5566545535375345,0.7751191907745247,0.9384124008873462,0.9202142532643911,0.8977731789942538,0.9843798933538865,0.9425720985427191,0.7987499291948721,0.7168085520983196,0.9364159486136476,0.9367972461388399,0.8805973726982699,0.921891580360551,0.7640013874816279,0.9384124008873462,0.8874576548572419,0.998394872319517,0.9202142532643911,0.8928364810798015,0.8888323772351052,0.9493347822888889,0.9975839852098576,0.6182490056095482,0.9693820495180774,0.9694100907323093,0.9938077685674775,0.5978261379758854,0.9808615591868377,0.9487210184868771,0.8045770730392645,0.9775200810036838,0.9843798933538865,0.9573422906623259,0.9425720985427191,0.9549422857308887,0.9854880895929257,0.9384124008873462,0.950796863752391,0.8571990620055048,0.4235217221540608,0.9535961804043358,0.9325645805415601,0.9270843653068206,0.8606548921160733,0.934468117552512,0.8181395114686109,0.8092020719946578,0.9384124008873462,0.9384124008873462,0.9613926330173349,0.9190630986802054,0.9473257685964234,0.971109341616331,0.8819837279957417,0.8729713194006317,0.8310602105669131,0.8359663580026456,0.9185607716438655,0.8883205441470444,0.9384124008873462,0.8634130271408588,0.9447481688519046,0.3882066400230304,0.8447836689107455,0.9493347822888889,0.9571378517040275,0.9384124008873462,0.9384124008873462,0.7750815393628672,0.9384124008873465,0.7888213507838653,0.9253246753246755,0.8528864588605991,0.9099317521606789,0.9121566723282286,0.9418510134399245,0.7773834416231898,0.8705190875248372,0.938412400887346,0.8972500807670709,0.9296071278942877,0.9404624926714933,0.5866679472105418,0.9306760851396481,0.7991974998107612,0.7964047174429207,0.9001312905981322,0.9404624926714933,0.9349138804345936,0.9384124008873462,0.9888578818441287,0.7681977112879723,0.7389563737676204,0.9012302032764077,0.8638170757873311,0.8761584938412075,0.9510849633091587,0.9008518050676437,0.9894382119329369,0.9225470085025456,0.7664501913522732,0.9142011596821674,0.9517679141853164,0.9833076730146282,0.912285921223924,0.9907968532129023,0.5047661957294443,0.9364159486136476,0.905782831346365,0.9551139594816045,0.9584859817309164,0.9428152611847687,0.9726326202607708,0.9693820495180774,0.9543141322095121,0.7534728776716187,0.8820255041972336,0.9784698031455155,0.87404331183435,0.8400061283921276,0.9517679141853161,0.9253246753246755,0.8877752682100514,0.8462173732414178,0.9307015751744634,0.9364159486136479,0.8793453228405244,0.9331001879958329,0.5454440744832262,0.9480049630426205,0.8050500444117394,0.834700964368323,0.806616592121756,0.9384124008873462,0.8992597885323739,0.9938077685674778,0.9690555914915181,0.42352172215406014,0.7775830413977386,0.9202142532643913,0.8777072627925471,0.9384124008873462,0.9968089153422136,0.8366734136601635,0.6823246438503598,0.7788920968928255,0.7429884745379056,0.7674379415069912,0.9447481688519046,0.9798485441870535,0.9652259746115226,0.9327820360219161,0.8320966261016478,0.966854861926912,0.8351684113839299,0.9543141322095121,0.921891580360551,0.9938077685674775,0.9400658022383344,0.9153193686659862,0.9694272361936426,0.8241233060064102,0.8668509345495259,0.8954014960722587,0.9364159486136476,0.9854880895929257,0.8583422593496206,0.8740433118343502,0.8192976586644309,0.7989664340827631,0.9384124008873462,0.8516706130772592,0.861076626459323,0.9446701888736626,0.9384124008873462,0.8921127087283752,0.770110008078762,0.9493347822888889,0.966854861926912,0.9364159486136476,0.9158533937000453,0.9549820389811021,0.9068304302001386,0.9551139594816043,0.9909502767776959,0.921891580360551,0.8215612095168274,0.9384124008873462,0.8431633153910733,0.9384124008873462,0.38781197413886837,0.8725034033256203,0.9475105553701295,0.3882066400230304,0.9910116109880958,0.9279586644981197,0.9510849633091587,0.906032704732697,0.9384124008873462,0.657661287020856,0.9730233010527126,0.9737296402744553,0.8133349224358738,0.8972500807670709,0.9940867605460231,0.9090636753073358,0.5054264286523162,0.8986853937484478,0.900754983216564,0.8467010899784628,0.8986853937484478,0.906032704732697,0.9447481688519046,0.8610478913106772,0.8986853937484478,0.3882066400230304,0.9596257255045417,0.9975839852098576,0.9492700421601004,0.9902428565647541,0.6228329685395377,0.9643765980294188,0.8688077246092833,0.8972500807670709,0.9881818565067271,0.9672160906068994,0.7064743333669572,0.7944495116308213,0.0,0.7717868275465862,0.9060327047326973,0.8806825133605407,0.8044000975637455,0.9629949085780776,0.8888323772351054,0.9573422906623257,0.37407959686813297,0.9425720985427191,0.9778787924688122,0.9947821873645775,0.9121566723282288,0.9121566723282286,0.9758106996856855,0.9447481688519046,0.9469990271543747,0.9021517560872991,0.910601968746465,0.9464688954942895,0.9001312905981322,0.9090636753073356,0.9449653452785576,0.938958597343658,0.9858118985030546,0.9384124008873462,0.9769602230412575,0.9939978319683327,0.965087736662587,0.8793449357816121,0.9250589229278623,0.9894382119329369,0.9120600632071978,0.8411306533973876,0.9169296077473637,0.9652792462742582,0.9508067898672805,0.9418510134399245,0.8515500804409485,0.9231017872839913,0.9270843653068206,0.9381442798450035,0.9364159486136479,0.7632838964822491,0.9065503917245787,0.9425720985427191,0.9404624926714933,0.8419664879021107,0.9121566723282288,0.8803288140439888,0.8766849093977231,0.8709534630397205,0.9112315045878558,0.9607441863599594,0.9607441863599593,0.8809158899028321,0.9914610572055536,0.9146756363968287,0.9425720985427191,0.8271823770066998,0.9202142532643911,0.9469990271543747,0.8701112326985443,0.9946231749394501,0.9975839852098576,0.42352172215406014,0.8904552749271517,0.4540972984960927,0.9748627870123721,0.9469990271543747
p344_GAP,0.9214404603786155,0.7826393375786727,0.6148056684015235,0.9125214925245277,0.8404141642291889,0.860380696433722,0.7979540031357338,0.8052379048691503,0.5399879481208508,0.8525992707005727,0.8018164814709106,0.8056825578273619,0.8056825578273621,0.7527676388727682,0.972935876223029,0.909725638991371,0.9259073963035089,0.7461308961782385,0.8451634443215721,0.8884740070227128,0.6293325377597561,0.7717868275465862,0.7845336717228415,0.8475715154012993,0.8375365895474427,0.6359965055496787,0.8467104582296492,0.9328387520589025,0.8525992707005732,0.8501010505629261,0.6835143529399399,0.8311464231994985,0.813990897387721,0.7806620555580821,0.8404141642291889,0.8794220672691386,0.8475715154012993,0.7882190208851403,0.860380696433722,0.8063667302240627,0.6436943973121516,0.8184203060114394,0.9508366667997827,0.9878051898897038,0.9787053550194154,0.46118712500571846,0.8550065733210688,0.7039712096394911,0.8280856771220078,0.9287716197093545,0.894371009082944,0.68202611067812,0.6359965055496788,0.7891084049126419,0.9686221564032027,0.8646849687042772,0.8432956299464525,0.7301312695908225,0.9635710953303993,0.8538878695010033,0.6218977822348384,0.80669555827404,0.8343984102171074,0.7756705108829192,0.8380252083428266,0.8272244126227579,0.9475675262084418,0.8977513967274086,0.8594946082441757,0.9835434409405949,0.9252184078083303,0.8715235709178972,0.9263050774651864,0.8162224555389049,0.7301312695908225,0.777961312026199,0.94083091980188,0.8511203105826195,0.8073949213588061,0.93589375114032,0.9250760542501826,0.8474677175014009,0.8576210758321794,0.8343984102171071,0.7301312695908225,0.8281202420167375,0.986721612088708,0.8057613841973421,0.8780201319317034,0.7213830792377611,0.7301312695908225,0.7879315246353276,0.681434280035617,0.7282215387378977,0.8576210758321797,0.9200180015189467,0.871006402379628,0.6754396140474377,0.7733945762673587,0.7788733255540747,0.8860743074621011,0.9465377066282388,0.8976747730531871,0.909818866411821,0.9387189545230499,0.8451634443215716,0.813015587979087,0.6765360836175537,0.9559324258746036,0.754112895958878,0.7872621329423586,0.7959854875305836,0.7206134632607293,0.7709977395019527,0.8550065733210688,0.733650868278591,0.9589785024351909,0.8451634443215719,0.8603806964337215,0.6680330442869447,0.902607059526367,0.7729365639940642,0.8848949240783068,0.8860626901603388,0.922665924255976,0.9081595336861003,0.8475715154012993,0.9090852726197352,0.9447808998670315,0.9598475691646613,0.6969201847303701,0.916027328859182,0.9575955949663897,0.9508366667997827,0.8995084169455556,0.6900148573790552,0.9792945930108101,0.8627587161412211,0.8943710090829442,0.7670059643554632,0.7227732916872913,0.852599270700573,0.8145580295835847,0.8245872018915439,0.7676537666227998,0.6862726771773515,0.9218158907276347,0.7620044768332236,0.9981627476944335,0.7503948823983697,0.9321523113665873,0.8639709622740425,0.723344143004548,0.9913213051420511,0.894371009082944,0.7158164380211505,0.9878331962270896,0.847672152496989,0.959727654525945,0.9990816443437577,0.9437847250673808,0.9619311600645908,0.8474677175014009,0.8410371286326688,0.7492094334170973,0.8222503582033496,0.7990568456988296,0.726179468293882,0.9345860498311866,0.9809539657112067,0.8725830291115877,0.8056825578273625,0.7075282561392335,0.840402073285242,0.976674329622863,0.9146912929805033,0.8794220672691386,0.8106991547503746,0.859639481465549,0.9919199895206041,0.8567222869362291,0.7326898998719928,0.9502423237355746,0.9447808998670313,0.593032055858951,0.8350135509909828,0.6271800033868253,0.8697848696735941,0.7135344771169927,0.9601578145434304,0.9080458932357938,0.9482023963031523,0.5809968580970093,0.7571640868989651,0.9850075522936445,0.7301312695908225,0.9361387975584141,0.9351249051031894,0.8535420655560375,0.6743584515420982,0.6769521924601839,0.9995797633171007,0.7301312695908225,0.6682032322804372,0.7940971642016649,0.8884740070227131,0.7301312695908225,0.7183366200806927,0.6243241709641736,0.5648798928124148,0.5253440666835896,0.8706419022943808,0.9169612314590974,0.7301312695908225,0.9112836988798387,0.7301312695908226,0.8112745098039225,0.7142471731923372,0.725943688459813,0.7301312695908225,0.9533791937291327,0.7301312695908225,0.7947237283476485,0.751003569678546,0.8599289566245416,0.7145931608101814,0.8855169510901253,0.8160939168798376,0.7670059643554631,0.831010931194812,0.7717868275465865,0.8766649162553819,0.5743025000812965,0.9689237298137476,0.8311464231994983,0.8613951767974672,0.9356345698486255,0.7575847216730904,0.8305296504419228,0.8852868140089974,0.6616045485420052,0.9787053550194154,0.788135350104876,0.8753220118250445,0.7301312695908225,0.8757080024056769,0.7301312695908225,0.9289985950289811,0.9842318644685908,0.9791798191501645,0.9423100764371373,0.779245906278885,0.9066163701727092,0.8755961377143353,0.7664990877511457,0.8406173390537035,0.8757722251384739,0.6890284187779236,0.9160273288591823,0.7103207592368843,0.9754465234628017,0.9732664127420565,0.7213830792377611,0.8991627522526419,0.7996075959232463,0.860380696433722,0.7825627007870101,0.8449260311163467,0.822622598294863,0.7822503103564469,0.8256745368007172,0.8843429403249962,0.8716133958929985,0.997649299027328,0.7417299559087309,0.8451634443215716,0.7286112097807134,0.7649034537988653,0.8931170714860632,0.9869987224188477,0.8451634443215716,0.9453355419536875,0.725499100422397,0.9365797231195259,0.7377914799886498,0.812675333992178,0.916027328859182,0.9925510063973028,0.7454728567179061,0.7997298457662128,0.9160273288591823,0.9924415378336475,0.6613858806318174,0.9479393131642719,0.9307762071552972,0.5663283101636515,0.6817438473291948,0.9873471597399346,0.8794220672691386,0.8976747730531871,0.8715235709178974,0.8809668813683991,0.9259833020246668,0.8038784348314069,0.9834727975686375,0.9770480843972957,0.7629288364281741,0.8951601536377107,0.8040249718338435,0.824252831931592,0.9191171193489711,0.9093887509944417,0.7233245457458841,0.783996560821894,0.8440833320932042,0.9602234796669928,0.6420415601664278,0.924348743344853,0.8340853065524247,0.8910309205240106,0.8597562268846852,0.9619311600645907,0.7301312695908225,0.7578937685581038,0.8925827567960467,0.8564652887268245,0.8451634443215716,0.899162752252642,0.9717600949091668,0.7301312695908225,0.8375365895474427,0.9821979361118385,0.93589375114032,0.8658160743137777,0.5855609426659314,0.8702923944937322,0.9475675262084418,0.8981696460583819,0.6083449495870148,0.9085740913437392,0.6963434490632531,0.6976089949258271,0.946537706628239,0.7421367917691327,0.6145927601809973,0.7639170956474245,0.7937713768194807,0.9736502784936192,0.7993005636478164,0.795560042763475,0.8154259771106365,0.8731094375876021,0.7213830792377611,0.9252184078083303,0.8793280667697474,0.7454728567179063,0.72767117297919,0.5798555197780575,0.7301312695908225,0.6000500908505555,0.9423998534512068,0.8596394814655492,0.8281202420167375,0.9243487433448527,0.8493414949473115,0.7301312695908225,0.7301312695908225,0.9149614647137869,0.8136725089238392,0.8195060020559017,0.7301312695908226,0.9602234796669928,0.869044468641188,0.9923984193504073,0.6841532597972377,0.7694751126665316,0.9263050774651864,0.8590246597418623,0.8925326077289388,0.609182861120001,0.7248896225030621,0.7301312695908225,0.6936375747813113,0.8410896574139455,0.7345133309459158,0.6875183838922232,0.7781181359006086,0.9872882658125172,0.916027328859182,0.7805523779733774,0.7301312695908225,0.5577324027129855,0.9669996831954379,0.7159892065279367,0.6895387241522708,0.9752939202844704,0.7070277881201341,0.8397627738903011,0.7301312695908225,0.9972672119693928,0.5700287221396592,0.7301312695908225,0.9387090306550013,0.8844339979288833,0.6369472837013053,0.5785723327502459,0.7543335097630579,0.7301312695908225,0.7366544479927817,0.7353637708982464,0.9320142571782083,0.9319623449002288,0.8416004116811104,0.8730782055344095,0.6008417791963815,0.8412054955072279,0.8550065733210688,0.9670940430633048,0.5037488420997276,0.8542495609307976,0.7140215523346058,0.9357629214168472,0.6629972239619615,0.7971709930294197,0.8311464231994985,0.8343984102171074,0.7301312695908225,0.9821979361118385,0.7693158530348052,0.8059266403612504,0.8757722251384741,0.9633866379154017,0.7670059643554633,0.908560372882051,0.9361387975584143,0.7399269524880682,0.9497279688060372,0.9263050774651864,0.9654475697691587,0.7287369045631302,0.7796546382419807,0.9136806902167052,0.7115949195665721,0.8962775750444474,0.9402562605039418,0.8774881906667833,0.8091164455876577,0.8683834516924682,0.9602234796669928,0.7280663203877193,0.763285059163539,0.960249048115501,0.7328833243714382,0.7959359835830573,0.7575847216730907,0.8855169510901255,0.7762974108690004,0.9571376670427263,0.9382902100331842,0.870292394493732,0.8448981626011216,0.9497279688060369,0.6835143529399401,0.929857921545543,0.7864975131045149,0.8363467238077489,0.9787053550194154,0.7004791919107114,0.7828021167579167,0.8526137974051182,0.9387664254707249,0.7506937335574492,0.5752577295127781,0.9743798833618915,0.8249767684725601,0.870292394493732,0.8164701653683468,0.8022196983113381,0.8550065733210686,0.8216273281429505,0.7830400739322314,0.9423998534512066,0.9768742761718896,0.9821979361118385,0.9984917043740574,0.7399070492724775,0.9365797231195259,0.9139994528483066,0.8995084169455556,0.8203114788716959,0.9159552332667189,0.8451634443215719,0.8655663588793998,0.6200536025494634,0.7321004385272021,0.8056825578273625,0.9447808998670315,0.5291663590368132,0.8304548216727818,0.704506892685145,0.7960205912278792,0.7301312695908225,0.8380252083428268,0.7301312695908225,0.7301312695908225,0.6908557160898579,0.8668868822373769,0.872610570341374,0.7301312695908225,0.5479163324182332,0.720653018217978,0.8480064364311655,0.7361040479392593,0.7234059478173851,0.7276273451067954,0.8306814442647683,0.8880454361291508,0.6437096776769986,0.9170784033980421,0.9919199895206038,0.8663112473270755,0.6385749046224073,0.5574899029039673,0.505314634306933,0.8245736963175219,0.8767465845813152,0.799729845766213,0.853476038274326,0.8708767132683932,0.7927473077502138,0.8244961955520123,0.8805541905923251,0.9649800758383507,0.9978988538582882,0.9007268204027683,0.6991890645969843,0.8185713978212352,0.6910615479603257,0.9830800309173037,0.6726491262367678,0.900910404526477,0.6969317396510617,0.9361387975584141,0.9768136170650374,0.7289613734846936,0.6539264510092988,0.8843429403249959,0.8366550386729508,0.9420977069067252,0.8840626402944545,0.6999700990526898,0.9169612314590976,0.6976680112574873,0.8514689000965334,0.8603806964337217,0.6282826081705409,0.619233541354512,0.8925827567960465,0.6311426564455147,0.8925326077289388,0.9525294575286438,0.8529782949504762,0.7301312695908225,0.8311464231994985,0.7256064607423467,0.9549353818771855,0.6783081264268684,0.8176775198334132,0.7670059643554642,0.8722481875301966,0.7454180502469097,0.9472040798747399,0.7437264731295308,0.8525992707005732,0.7405763086136483,0.9250760542501826,0.8646696476957346,0.7670059643554633,0.8913065268954619,0.66134108252091,0.8537505429461787,0.8931170714860632,0.7524279143572212,0.5704057826777129,0.722098594991109,0.978284096071143,0.9881863617082225,0.6915247718937129,0.6232939129664157,0.9089739970302709,0.8884740070227131,0.8612157568128747,0.9951836523298245,0.7012691016125707,0.9049201905195197,0.6050601971027539,0.749202747645695,0.5899666861844106,0.6063560698467882,0.9736502784936192,0.9792945930108101,0.9314207822955339,0.8090736401109926,0.9352861534669255,0.7511158505688722,0.9367642140994537,0.7835810337556444,0.9493509050636675,0.9346334299047001,0.8018164814709101,0.9161207580932988,0.8627587161412213,0.9736502784936192,0.7301312695908225,0.8726105703413742,0.7524330633345615,0.646035282889198,0.8011755574283383,0.7301312695908226,0.6505514505877918,0.7294521810061807,0.9112467991181255,0.8877861904107736,0.6776010261964065,0.8981025240568403,0.7407633375332838,0.8584858841125771,0.9001569534806078,0.9112467991181252,0.5265616202831105,0.8140869293571891,0.8380252083428268,0.7575847216730904,0.8432956299464525,0.9619311600645908,0.8723907317350947,0.8603806964337213,0.9212335149588724,0.9351249051031894,0.8603806964337217,0.8834045746395403,0.9074636462199257,0.9263050774651864,0.9897364677353852,0.6772448799769502,0.9492848179930282,0.9263050774651864,0.8200851396195274,0.5927123694515424,0.7791059722972323,0.7213830792377611,0.9575955949663899,0.7309058720430981,0.7213830792377611,0.7213830792377611,0.8577125831359804,0.7301312695908225,0.8995084169455554,0.960274374002883,0.7301312695908225,0.8474677175014012,0.9043497572493528,0.8451634443215719,0.8550065733210688,0.9648657621037748,0.9656612249441192,0.749202747645695,0.6269949765280702,0.6544153639869051,0.7971709930294201,0.8591625118331276,0.7301312695908225,0.8653332890601706,0.9924415378336475,0.8474677175014009,0.692304506167601,0.8010055421186757,0.9821979361118387,0.9361387975584143,0.9559324258746036,0.9655916756796747,0.9493509050636676,0.8690444686411878,0.9598475691646614,0.9449416803305954,0.9294703283112098,0.5849369615002864,0.8757722251384741,0.9479393131642719,0.9366804116117318,0.8244961955520123,0.9002117564475598,0.6574743482305325,0.7301312695908225,0.8976747730531875,0.683268334157066,0.8884740070227131,0.6318410226094076,0.8995084169455554,0.9990317979177459,0.7132269652701988,0.7670059643554633,0.5549333896966071,0.7900008923708588,0.7301312695908225,0.7301312695908225,0.8755961377143354,0.962962868965306,0.77445947606346,0.6407007002875726,0.6914065300306378,0.6537232124447789,0.6018994975786542,0.7525022404847833,0.9081595799348638,0.7559454833564442,0.7301312695908225,0.9532559695004015,0.8311464231994985,0.860380696433722,0.6686375259933586,0.8451634443215716,0.6019474935979026,0.7301312695908225,0.7301312695908225,0.7446152304516379,0.9263050774651864,0.8124864905092941,0.8200851396195274,0.7144846545922894,0.726179468293882,0.9101539932150122,0.9901316954354182,0.7124956223552833,0.6732948837439994,0.7301312695908226,0.8164701653683468,0.7089855343955448,0.8770939427870044,0.8794220672691386,0.8858179090540217,0.8990748239405278,0.9912312238962613,0.904306649639717,0.8180490880155942,0.7102107570168061,0.7301312695908225,0.701855773911664,0.8281202420167375,0.8119041342084294,0.7723651315968878,0.836135469908883,0.8898736419735083,0.8378490805692482,0.7139557599570263,0.9320142571782083,0.880249631180232,0.7650906480471039,0.9948956656226313,0.8884740070227128,0.8478477269978332,0.8787321691565688,0.7559454833564441,0.925983302024667,0.749202747645695,0.7476564454117104,0.9855896599909523,0.9096711093129266,0.9843882253751257,0.9508366667997828,0.9655916756796747,0.9885931941530819,0.8981372237870209,0.8757080024056769,0.7700889996321184,0.6419071684179571,0.873282791650819,0.8884740070227126,0.892532607728939,0.9891292318748213,0.8143134426371939,0.8139908973877217,0.7770224160536285,0.9855896599909522,0.46845093417376116,0.8180490880155942,0.6701389617530176,0.9623671370200693,0.6050468760337203,0.5615847844300255,0.7301312695908225,0.8036702388384009,0.8732827916508192,0.6956089580611324,0.8525992707005727,0.8857247614540078,0.6503893886673169,0.8992640709861395,0.7301312695908225,0.5576217399260969,0.5786102397024142,0.9844157794553872,0.7632308780949018,0.6891483648419706,0.7434501941052427,0.8311464231994985,0.5603194746033,0.8756639891000906,0.9370841677333466,0.7997621646218015,0.900726820402769,0.9034134374086911,0.9736502784936192,0.9239654501387544,0.869044468641188,0.8033064980099796,0.9112869601026541,0.6498273193991171,0.8711706817387814,0.584955871266879,0.987804009298816,0.7213830792377611,0.6966731464565417,0.6783081264268684,0.9865800587782692,0.6608226915690587,0.7208304026073091,0.7301312695908225,0.6761758664626505,0.6597423299624998,0.8925522608180578,0.7301312695908225,0.7217501078229652,0.8913065268954616,0.8451634443215716,0.8436482525013915,0.7213830792377611,0.800209224169683,0.9890665617051551,0.8142656070369578,0.8219062911886281,0.7834128162750009,0.9472040798747396,0.5693088970786817,0.7301312695908225,0.9212335149588728,0.7301312695908225,0.8451634443215719,0.8834616795401375,0.6122554168677383,0.860380696433722,0.9407382255668331,0.6387411581496674,0.7178159558660373,0.812675333992178,0.7301312695908225,0.8912374107061413,0.6544083204309438,0.8199878580056961,0.8655663588793998,0.9842318644685908,0.9575955949663899,0.949966659592149,0.7376648739799814,0.5560527678469822,0.6842491205089737,0.5728045528083814,0.5560527678469822,0.852613797405118,0.8943710090829442,0.6817438473291946,0.5560527678469822,0.860380696433722,0.9667996812754105,0.91624906551306,0.6969426334400055,0.8056825578273619,0.7983447668609218,0.7789936865244085,0.6612134782571096,0.6859888438459352,0.8310109311948124,0.6357619892308184,0.9583993585096766,0.833502226235296,0.7717868275465862,0.0,0.7128291754598282,0.6353571641830882,0.9495505106234364,0.7662857441747719,0.6602637353692788,0.7846477833261183,0.9066163701727092,0.8244961955520123,0.8120632443035765,0.7026831008868288,0.8680008702584832,0.7736975846110214,0.8867800335374927,0.8311464231994985,0.8380252083428268,0.6032620539539152,0.712166063796535,0.7572599057449589,0.8099943217741106,0.9065590214412778,0.6469636987094676,0.7901782550165779,0.7364427210518627,0.8117838598171898,0.8557792204692753,0.5773119752976825,0.7868943138191666,0.7704471456024012,0.7727093389065111,0.870876713268393,0.7377721470800509,0.5296495290151793,0.6580633840593958,0.8467104582296492,0.8099103252292073,0.9571376670427263,0.5040974475123305,0.8361546548221472,0.7771645669150562,0.4481140458352686,0.8056825578273619,0.6276546657589104,0.6613410825209098,0.8244961955520118,0.8180490880155942,0.8246868583413343,0.615082132519309,0.9465377066282388,0.7869277435046469,0.7862719898485556,0.6694968440213904,0.7997298457662132,0.8268088576336081,0.8651700237421932,0.8931170714860632,0.6563361953308742,0.824496195552012,0.8389463571969208,0.7561690095320774,0.838025208342827,0.6367357664652418,0.7959854875305834,0.9066163701727092,0.8884740070227128,0.7103047082383303,0.8794220672691386,0.7788733255540751,0.8380252083428268
p344_K,0.7067000236967935,0.726754838378509,0.6110990691093339,0.9776061776061775,0.9225015741707872,0.634628216718534,0.9816648980991318,0.9258412462618707,0.8532445498042329,0.9393074128728374,0.6578923902139275,0.919989349133864,0.919989349133864,0.38339768339768443,0.9930717933056203,0.8251503574709127,0.9159086277875703,0.8220836588712377,0.7348814459346108,0.7163055070284615,0.9513406259898936,0.6689549697166806,0.912383881921348,0.9723157551667552,0.6794037615160226,0.8954688163631979,0.620248977687116,0.872511307290291,0.6589076603453448,0.8712392024139121,0.8855707623626503,0.9810522968844484,0.9127986978904699,0.8761642169182171,0.9225015741707872,0.9362456943690352,0.5553396551526283,0.6336299578512441,0.9425114327004687,0.55056915042267,0.8464976705745091,0.8975213827250901,0.9425114327004687,0.8671302399974956,0.9159086277875701,0.8306159618407543,0.5352976416436228,0.8481743454856239,0.7243154844685673,0.8349149021845175,0.9304741538905168,0.7613781201168943,0.8954688163631979,0.9105012505384156,0.9127986978904696,0.8914410719709878,0.8914410719709878,0.9225015741707872,0.9421957124724712,0.6058854609343278,0.8566618970084519,0.7628458004001926,0.8954688163631979,0.8464976705745091,0.9333065093925879,0.8739981632251435,0.9304741538905168,0.8235212089664672,0.840216120866691,0.9362456943690349,0.6152230733171233,0.8934425806304629,0.9225015741707874,0.7355710168869782,0.9225015741707872,0.9042616895323653,0.906032704732697,0.8945436312571668,0.9529906486159976,0.9366713242763893,0.9082470012068007,0.84476929636612,0.8132808211622465,0.8954688163631979,0.9225015741707872,0.48572273639148267,0.9833076730146282,0.7019415513043823,0.8812694470532854,0.9199893491338638,0.9225015741707872,0.5859178859863267,0.7662478559500073,0.7786058683809318,0.8875064656813965,0.8481743454856239,0.5712994689751394,0.9257108793738833,0.7453514202788853,0.7435752487965093,0.8914410719709878,0.8281884330418345,0.5736202678932067,0.8679577393357281,0.878713600627371,0.46082072952098607,0.33246102304589065,0.6907615559142979,0.9038554657884541,0.7389815511680635,0.6545012934778178,0.9230054833172635,0.9243576259255883,0.6269145503511804,0.5352976416436228,0.8856957431620263,0.8879743544154315,0.9362456943690349,0.9425114327004684,0.7834401607250983,0.8671302399974958,0.6155511851450799,0.4899761375635133,0.8520841110021097,0.8954688163631979,0.6268418870768078,0.5553396551526283,0.87627992391572,0.9019701437287179,0.8707051888795787,0.8058683707380017,0.9277359074596556,0.8166351311398243,0.9425114327004687,0.9151430007264558,0.8148733596936464,0.8154825411864679,0.8672132741337565,0.5131662731762373,0.9175383063396303,0.8017941301933567,0.4867141202959977,0.7321389524344031,0.8757950878848715,0.6798138901014371,0.8636009307043999,0.9125742379342789,0.759051110859609,0.8934425806304631,0.848017346872239,0.9393074128728371,0.856661897008451,0.5269478811139721,0.8425111710827857,0.96836956012162,0.8934425806304633,0.9547854493384422,0.8063995425394423,0.8706730776956206,0.7371378063155163,0.9364339699994224,0.9277359074596556,0.80825091477208,0.6982490754523112,0.8705991157893997,0.6452171808592663,0.8102648591378103,0.6256137991414645,0.8875064656813965,0.8271515183119025,0.8306949806949816,0.5903992562382355,0.8914410719709878,0.9890104569566377,0.9001984000273927,0.9044925821322731,0.7348814459346101,0.802668953401676,0.9403721287474498,0.7086482280213348,0.865360169409114,0.8547490818682042,0.925662981663943,0.919989349133864,0.7850481623064796,0.4913044181200812,0.8052277919712967,0.8498574790755822,0.9105012505384155,0.954537282477774,0.9175383063396303,0.8532445498042334,0.5641857866972377,0.6792535237436832,0.8566618970084514,0.9225015741707872,0.9250812961986934,0.6492105730003324,0.8481743454856239,0.8176025979062432,0.8600960853075241,0.919989349133864,0.9225015741707872,0.9296098809168267,0.6792535237436834,0.9393074128728374,0.9225015741707872,0.8279491468389115,0.8707051888795787,0.8267698008899675,0.7818305344180304,0.8549492399295392,0.919989349133864,0.9225015741707872,0.7802191483051637,0.9225015741707872,0.9524599559374674,0.8929164957858681,0.8588695426041479,0.9225015741707872,0.8596598169726408,0.9225015741707872,0.8146801109885411,0.8862848743640495,0.46436536391534977,0.9102883594492021,0.9277359074596554,0.6705523575566978,0.9175383063396301,0.4290349638541133,0.9060327047326973,0.9396559123265897,0.7619888556678263,0.9697393763146016,0.8166351311398244,0.8464976705745093,0.8332787167612001,0.9594610274348983,0.9486641692651753,0.8012373844378766,0.8707051888795787,0.915143000726456,0.5669165366769053,0.9175383063396305,0.9225015741707872,0.8515474244094854,0.9225015741707872,0.8125348546922815,0.5924735674580739,0.930474153890517,0.8894628186153253,0.6509006780380939,0.9250812961986934,0.868911712359733,0.6794037615160226,0.5552922488268184,0.9082470012068007,0.7882598375451737,0.9277359074596556,0.6472690961666537,0.8042685237096219,0.7623400254281056,0.9199893491338638,0.9333065093925881,0.7714008437502594,0.9425114327004687,0.7457422433436811,0.9512595020817558,0.8975213827250901,0.8026689534016755,0.6121943689701961,0.930474153890517,0.768879027896967,0.9081239448942287,0.8774590135154127,0.46082072952098607,0.738981551168064,0.9244681771215604,0.8996020324755998,0.7750695063887034,0.46082072952098607,0.795149809792898,0.7163991992504983,0.9858673317522388,0.9496479823822044,0.8626447876447881,0.5352976416436215,0.8761642169182169,0.7056015623791776,0.6058854609343279,0.9277359074596556,0.9277359074596554,0.6152856280236638,0.8445057325000618,0.9101536621968307,0.7786058683809318,0.8830417517200402,0.880567136944111,0.9362456943690352,0.9858842152953933,0.8980618185144617,0.692535685066336,0.6649007021580311,0.7180664476795504,0.8710323322336653,0.9277359074596556,0.9328110853236412,0.8725113072902908,0.7808354655837877,0.8618519839156851,0.8235335835879469,0.7268021904788841,0.7451327110617172,0.7490944827657671,0.6204033320680558,0.9393074128728371,0.9076715010813188,0.7737033537115783,0.7848236881939832,0.8707051888795789,0.8257275648029537,0.9277359074596556,0.9225015741707872,0.9304741538905166,0.7434706866856224,0.8573895994669336,0.46082072952098607,0.9333065093925881,0.9909903972974269,0.9225015741707872,0.6794037615160227,0.9362456943690349,0.755445459741676,0.8210790621176445,0.9053699922725154,0.88128767796016,0.930474153890517,0.7457422433436809,0.71019864311505,0.7930603358875302,0.9127986978904699,0.7420262711326233,0.9277359074596556,0.8761642169182173,0.6880938733460749,0.9105012505384156,0.8636009307043997,0.9425114327004687,0.6423536246545734,0.7231851254871101,0.6612905388107695,0.49353769907263545,0.9199893491338638,0.8992296304499998,0.9073590759541269,0.7056015623791776,0.7074197865434066,0.5724228194556639,0.9225015741707872,0.7769905616247286,0.8743307438550616,0.9660884144535258,0.6076173115826166,0.9393074128728374,0.7639794379599407,0.9225015741707872,0.9225015741707872,0.8934425806304627,0.8532445498042334,0.6903504863456469,0.9225015741707872,0.8311012003946951,0.9225015741707872,0.9904440154440155,0.8705991157893999,0.836829900205043,0.9225015741707874,0.7603674824796207,0.9007798745624753,0.7021048455535605,0.75511066203592,0.9225015741707872,0.9193490282246699,0.7959270283125292,0.6592374534590089,0.6829854586797701,0.5985593158144935,0.790934659551597,0.9277359074596556,0.6888673364888638,0.9225015741707872,0.6176308427859215,0.8954688163631979,0.9745095516590787,0.8914556699755823,0.9250812961986936,0.7867220448043463,0.6336299578512434,0.9225015741707872,0.8415030753570438,0.7217921240444728,0.9225015741707872,0.9483778175231496,0.8788400992380332,0.9890104569566376,0.5804391647778038,0.6982490754523114,0.9225015741707872,0.7812546225465957,0.9101253302890757,0.9333065093925879,0.7127313836287911,0.8008750956643864,0.8583829421286899,0.8601128166776513,0.7449995291212331,0.5352976416436228,0.871032332233665,0.8267698008899675,0.838022509911005,0.7753730959142644,0.8929066160375787,0.6966464886439703,0.9017126880527935,0.5131662731762373,0.7161658370841522,0.9225015741707872,0.9362456943690352,0.7214876471693152,0.8345688706245464,0.9082470012068007,0.705879407688888,0.9175383063396303,0.9299270251043101,0.9250812961986936,0.9175383063396303,0.8945436312571666,0.6194273731601163,0.9105012505384158,0.8779620050395435,0.8201937425332548,0.9362456943690349,0.7656156573256496,0.9393074128728371,0.9105012505384158,0.912383881921348,0.9471748969853203,0.8621423904215093,0.9393074128728374,0.8899445335769985,0.8725113072902908,0.8377297172163948,0.8975213827250901,0.9060327047326975,0.87846464965392,0.8281884330418345,0.8761642169182169,0.8464976705745091,0.8840473177337155,0.6256590068018788,0.925680950117113,0.9082470012068007,0.8855707623626503,0.7239982646182919,0.6530039922417967,0.7609563474038816,0.9159086277875703,0.7964604914023834,0.5910980953490097,0.881756756756757,0.8996020324755996,0.9017126880527935,0.575118798384928,0.9082470012068007,0.9908854916947927,0.8996020324755996,0.8012373844378755,0.6245639728413992,0.6329279054430265,0.9956103992504677,0.8874451807660653,0.7904591743693188,0.8464976705745091,0.9362456943690349,0.7879400318784243,0.8349149021845175,0.7513285564495057,0.8725113072902908,0.620248977687116,0.7891973491730899,0.9810522968844486,0.9362456943690349,0.7209115476844896,0.738395651887128,0.8671302399974954,0.5013790026695264,0.919989349133864,0.7304145128693742,0.8583829421286904,0.915143000726456,0.715826893682119,0.9225015741707872,0.488524444651255,0.9225015741707872,0.9225015741707872,0.7234575449215732,0.9017126880527933,0.8772815322542922,0.9225015741707872,0.7092303622876425,0.7524293587376014,0.8707051888795788,0.8169274524853916,0.9193490282246699,0.8591208070331157,0.7929802668947121,0.8515474244094854,0.7557478947704022,0.9127986978904699,0.8267698008899672,0.9333065093925881,0.8743307438550614,0.6809422183293732,0.7802191483051639,0.5897389843668692,0.9127986978904696,0.9175383063396303,0.6401821744246425,0.6462069117302031,0.5124072441402647,0.5352976416436228,0.806161214633233,0.906032704732697,0.8512162297342049,0.9388933740579655,0.768879027896967,0.4043895158163403,0.8566618970084516,0.9017126880527937,0.878012490881434,0.9277359074596556,0.9060327047326975,0.6970430320568135,0.7768823838939122,0.7818305344180301,0.9320998008628145,0.9304741538905168,0.8252675829038238,0.9151430007264563,0.7863610564393736,0.5712994689751403,0.919989349133864,0.6592374534590089,0.8875064656813965,0.7554454597416759,0.600832282390378,0.7656156573256496,0.8515474244094854,0.6057251523966369,0.7462299379986126,0.8583829421286902,0.9160469470841606,0.9225015741707872,0.5131662731762373,0.872511307290291,0.9225015741707874,0.8762799239157202,0.9060327047326968,0.9175383063396305,0.41433053695377076,0.7048252893869904,0.8008418239058334,0.7019415513043825,0.9393074128728374,0.6245639728413992,0.9082470012068007,0.7962702979293608,0.9175383063396303,0.8397987506959192,0.7892954251651072,0.6819437747351321,0.97263879566368,0.920898093953001,0.8170890338502996,0.5908064795877565,0.7914666658764196,0.7848236881939834,0.7423716115458532,0.683619644231548,0.8855707623626499,0.7163055070284616,0.9038554657884541,0.9250812961986938,0.685273614152138,0.8785462170031448,0.8365551646144356,0.9199893491338638,0.6199587600065322,0.6377403597316691,0.9425114327004687,0.8862261074420037,0.9277359074596556,0.851406461964886,0.6150752113686131,0.8975213827250901,0.8498574790755822,0.4913595618786528,0.9038554657884541,0.8448271155174858,0.9082470012068005,0.919989349133864,0.4625881301823058,0.8158540812532471,0.9225015741707872,0.8761642169182169,0.8393097134659195,0.9243576259255888,0.43603149259238905,0.9225015741707872,0.8219192676621399,0.7814866105687743,0.8566618970084514,0.881756756756757,0.8474072181717973,0.5607367028633197,0.8186971910135312,0.8544257849349407,0.874486813395466,0.8566618970084512,0.772131163132141,0.7412606661028687,0.488524444651255,0.2034948348124298,0.8914410719709878,0.9277359074596556,0.860884189289248,0.6950368382301042,0.8894628186153253,0.6492105730003324,0.755445459741676,0.9105012505384158,0.7663398310994594,0.6652344784270261,0.7590511108596087,0.9104149786661797,0.9362456943690352,0.9225015741707872,0.9060327047326973,0.6466543986639315,0.6982490754523112,0.9199893491338638,0.930474153890517,0.915143000726456,0.9199893491338638,0.9199893491338638,0.8761642169182169,0.9225015741707872,0.915143000726456,0.8583829421286904,0.9225015741707872,0.6986957699899594,0.8413690466054409,0.9362456943690349,0.5352976416436228,0.9333065093925881,0.9250812961986936,0.9199893491338638,0.6199587600065322,0.7834401607250983,0.9017126880527937,0.7574013541427949,0.9225015741707872,0.9463035322237948,0.7305581692424303,0.8996020324755996,0.6850508883280633,0.5206419134418963,0.7896935892173355,0.697043032056814,0.9038554657884541,0.8907075917149339,0.7930603358875299,0.5736202678932061,0.8707051888795787,0.6467793574429985,0.9832566743197297,0.9136807839492409,0.8945436312571673,0.9910578376517607,0.9328110853236411,0.5352976416436228,0.639382277634843,0.759051110859609,0.9225015741707872,0.8026557942277551,0.916408502006279,0.9393074128728374,0.8538988933738463,0.6202489776871158,0.8945436312571667,0.7321389524344031,0.9175383063396303,0.6811959125755789,0.6713802517866683,0.9225015741707872,0.9225015741707872,0.8689117123597327,0.6434027228239731,0.5004815533426863,0.819384110934233,0.7639794379599407,0.8008750956643864,0.5158967283737703,0.6945228498525058,0.8975213827250901,0.7146177121945905,0.9225015741707872,0.8481743454856236,0.5131662731762373,0.9425114327004687,0.7662478559500073,0.46082072952098607,0.7423716115458534,0.9225015741707872,0.9225015741707872,0.655094405728367,0.8026557942277551,0.7853404453533626,0.6303174855757145,0.8489545534527239,0.9520753766313144,0.8894628186153253,0.6784026521698672,0.7474205976449624,0.7798019952643264,0.9225015741707872,0.6521203723094458,0.7217028129421288,0.5553396551526283,0.9362456943690349,0.8267698008899673,0.747232345907901,0.8497445173156404,0.6990382429759676,0.9250812961986936,0.9745095516590787,0.9225015741707872,0.7355710168869782,0.8209328181671021,0.8464976705745093,0.7580981233946014,0.8482107280788025,0.9105012505384158,0.8549492399295395,0.4697836822302226,0.9333065093925879,0.7994700095886347,0.7898637875872268,0.9151430007264558,0.9393074128728374,0.881756756756757,0.8954688163631979,0.7146177121945905,0.9304741538905168,0.9199893491338638,0.933541729082964,0.8914410719709878,0.8012373844378756,0.8798763806688741,0.9425114327004687,0.6819437747351318,0.9425114327004687,0.9425114327004684,0.7164718940919632,0.878012490881434,0.841503075357044,0.9225015741707874,0.9458968937609289,0.6689549697166804,0.906032704732697,0.5380053304767607,0.9127986978904703,0.919989349133864,0.8914410719709878,0.8381997656144691,0.9250812961986934,0.9798682085961467,0.8743307438550614,0.7304145128693744,0.6963902629677241,0.9225015741707872,0.5607367028633197,0.9225015741707874,0.679253523743683,0.9393074128728374,0.9230054833172635,0.8996020324755993,0.7001561237591873,0.9225015741707872,0.7019415513043823,0.600832282390378,0.8996020324755996,0.7037755358791757,0.7355710168869782,0.7146177121945906,0.5131662731762373,0.728684288777202,0.9956103992504677,0.703775535879176,0.6675950132760391,0.6892997658903175,0.5058842236880104,0.9366713242763892,0.800841823905833,0.7110415836939362,0.7882998504559972,0.8934425806304627,0.7540906054367917,0.8515474244094854,0.5908064795877566,0.9225015741707872,0.9199893491338638,0.759051110859609,0.9696849249358238,0.538250831360372,0.6592374534590089,0.6222696991500671,0.9225015741707872,0.6773009537554007,0.9647869875605126,0.5431467181467199,0.9225015741707872,0.7557478947704022,0.8810325092648541,0.46082072952098607,0.9017126880527933,0.9199893491338638,0.9177263123673709,0.895468816363198,0.5583389018863003,0.8690055601783252,0.860112816677651,0.9123838819213481,0.5856671969639966,0.9225015741707872,0.8894628186153253,0.9225015741707872,0.9362456943690349,0.7610163356849403,0.8235335835879465,0.9425114327004687,0.8875064656813965,0.8261339910939511,0.8549492399295389,0.7667953667953679,0.9225015741707872,0.7440592910622428,0.7269481442351544,0.5877733488628125,0.8855707623626501,0.8707051888795785,0.930474153890517,0.8855707623626501,0.8836545508570981,0.8725113072902908,0.8365551646144356,0.6222696991500671,0.8725113072902908,0.881756756756757,0.5131662731762366,0.88304175172004,0.8725113072902908,0.9425114327004687,0.8954688163631979,0.9250812961986936,0.7128204820814288,0.4123587491008175,0.8836545508570981,0.6256590068018775,0.8880920834624084,0.8012373844378768,0.9017126880527937,0.868911712359733,0.8934425806304629,0.919989349133864,0.9060327047326973,0.7128291754598282,0.0,0.8498574790755822,0.7457422433436807,0.865360169409114,0.9428545974512955,0.6200676840410286,0.9250812961986934,0.5352976416436228,0.849857479075582,0.9322750447500567,0.7396008888302044,0.7396008888302043,0.9545326346798217,0.5131662731762374,0.488524444651255,0.8074686562704185,0.8875064656813965,0.7780632248871682,0.9962253190461958,0.7537046885138947,0.7753730959142642,0.6794037615160236,0.8836545508570979,0.5736202678932062,0.8748198271493186,0.7636776364119273,0.3730842752307092,0.8747639177841733,0.7705064355650086,0.9333065093925879,0.9389200949611651,0.8106712049456517,0.8954688163631979,0.9151430007264558,0.4475763939711438,0.7839803582266724,0.8042685237096225,0.7714041594989873,0.22403178163465898,0.7623400254281056,0.6349093830225903,0.9615490990176623,0.8874451807660653,0.9277359074596556,0.5553396551526283,0.8267698008899678,0.8894628186153248,0.828188433041835,0.8710323322336653,0.8357841834333408,0.9819710083579033,0.865836133330351,0.6058854609343284,0.7440592910622423,0.97263879566368,0.7704694792792822,0.7793733011421327,0.7850481623064796,0.44306709883167805,0.488524444651255,0.8365551646144356,0.7076377225680872,0.697043032056814,0.9393074128728374,0.9559937244223013,0.9362456943690349,0.9546591930794491,0.488524444651255
p344_P,0.768008148570674,0.9446588143366353,0.7239710854030874,0.8018604359983967,0.9400050159634594,0.9270023539448382,0.905482532163773,0.9526737628701805,0.8136533416420018,0.922933964066333,0.8849929640167628,0.8984043359066811,0.9357274933038937,0.989396943266254,0.8847536126026877,0.9569389602184264,0.8952465677470592,0.5998384864162485,0.9650079910895766,0.9808061948240677,0.49623011095823466,0.7953298896118867,0.8442082503111628,0.904869971893631,0.8361681332521105,0.8672687335363685,0.9985019938186506,0.9392178238502193,0.9808061948240676,0.8612667309802733,0.9371946904073192,0.9541290792408026,0.5575130912717485,0.924657266610385,0.9784157310816315,0.6672982009945445,0.904869971893631,0.9378470937928912,0.9270023539448382,0.9521109638157486,0.2653459011816256,0.8698750345772266,0.9270023539448382,0.8802930913798737,0.9630848476738874,0.4259127896377882,0.9082407355488131,0.807215314088648,0.7273670127525249,0.8114940044756471,0.9117176971980812,0.6312420171957219,0.8672687335363685,0.8863565689237551,0.8892738141520418,0.8221878421274624,0.7360993619873208,0.9015943008452869,0.9429726461334043,0.8952920587572561,0.8179926096630918,0.9647298611984798,0.8366797219928643,0.8186600604354737,0.5557987824049778,0.863796489707966,0.9610481566737544,0.775392618054348,0.7208296032577275,0.9890302829209386,0.9268526658466871,0.8147821100520861,0.9015943008452876,0.6812826182356035,0.9015943008452869,0.666368804613312,0.8277286493146434,0.9511394955727167,0.7085876633958224,0.9716885439827987,0.8834941755373982,0.9743738807581963,0.9129137434283912,0.5998384864162489,0.9015943008452869,0.9937468196155497,0.9454800327660549,0.8545670272176311,0.8587045491090746,0.898404335906682,0.9015943008452869,0.8084319781524085,0.6060636702977298,0.7731782905890225,0.8571583257780955,0.8295115164075355,0.9008659675579789,0.5787070904427531,0.6848581433656253,0.7500688290590738,0.7934916820807485,0.9901068178489285,0.9400050159634596,0.891320587116121,0.9784372240819139,0.9190462651000915,0.9371612421327016,0.6404753555443157,0.9096861238372793,0.6856715068988994,0.7724367359222875,0.9601713942311847,0.6762071416020581,0.8181792004127244,0.9082407355488131,0.6296610095115995,0.953950415619599,0.9190462651000917,0.6677612377657074,0.743286973426653,0.8557890797823093,0.8142030100411646,0.9414543417011054,0.9096965985089367,0.8958900308870176,0.9725302917260994,0.904869971893631,0.731137265014673,0.8984043359066813,0.8358244551518943,0.772739748250092,0.9280270998509556,0.9965404612835238,0.927002353944838,0.6119093985889517,0.7699754298880475,0.7854775981300153,0.8338140105455906,0.9117176971980809,0.8952920587572564,0.6294275323536369,0.922933964066333,0.9657565995609547,0.6736563337087375,0.8673765186385668,0.8268036333064979,0.8349578227321086,0.7115785419150116,0.864695866516187,0.548413185495376,0.9326762742692681,0.8179926096630912,0.9387883178873389,0.7509633729671947,0.9610481566737544,0.8938342322827078,0.8374192142818404,0.7209334806173273,0.7593968324993916,0.8957664101424573,0.9263443038777357,0.9689601410010136,0.9743738807581963,0.6500786864077999,0.6536485370053933,0.7574821715430863,0.8418487291823824,0.7965274940653193,0.9198200036207239,0.7356211109752238,0.9626060136565603,0.8776567197100434,0.8621543973586852,0.9920559642466495,0.789011087380916,0.8033820119243367,0.9650079910895764,0.883019057920329,0.7627178502658003,0.8714039432560773,0.8775697174499908,0.8878510526472205,0.9369724823143173,0.8984043359066813,0.8003749750204701,0.9222557650142597,0.7980958393452369,0.831817564816071,0.8863565689237551,0.9608122904345002,0.9316215436119186,0.9809723722875295,0.7176765317465144,0.6587899847975016,0.8411903170953274,0.9015943008452869,0.904869971893631,0.8952920587572561,0.8295115164075355,0.6784265401612017,0.8748396740376378,0.8984043359066813,0.9015943008452869,0.5731029257967775,0.8074393903675863,0.9229339640663332,0.9015943008452869,0.7633157924892353,0.8358244551518936,0.8005398349154973,0.7411851589474359,0.6550582357294901,0.6163946179295559,0.9015943008452869,0.7390824625359056,0.9015943008452887,0.8697848696735941,0.6854354467768404,0.6784265401612013,0.9015943008452869,0.8075649676198748,0.9015943008452869,0.7188208516880796,0.8435746106182993,0.9392178238502193,0.557951143246401,0.6005627706504931,0.5896789150823281,0.8952920587572564,0.9063742447456442,0.8806825133605409,0.6948555342599526,0.9448108588315265,0.8427562020241626,0.8338140105455903,0.8050863112719076,0.8932312685779096,0.7130753510542641,0.9809486918908563,0.8608323269166078,0.8358244551518934,0.8922505553843605,0.8345938600664876,0.9316215436119188,0.9015943008452869,0.8567770643879917,0.9015943008452869,0.981675670411126,0.8858401986813222,0.9117176971980812,0.887918992030285,0.5896789150823283,0.904869971893631,0.8582982169801265,0.7726316975244578,0.9525608055227648,0.8519196982387858,0.76804108640391,0.9082407355488131,0.788632122471279,0.7119815966295835,0.7158386376334649,0.898404335906682,0.9153141563577833,0.561635271541673,0.9270023539448382,0.78054906848705,0.7805490684870497,0.8999738211285455,0.8498100768272339,0.8542081558022583,0.9117176971980812,0.7421166223099012,0.6901840678729843,0.8170929791327919,0.9190462651000915,0.6856715068988997,0.8582982169801265,0.6987774575764889,0.9216777521379123,0.9190462651000915,0.8746254722798215,0.7238077231552935,0.9965380001026769,0.5597915905869697,0.7482785767790086,0.9082407355488129,0.9763431624693746,0.6762071416020579,0.959390001824093,0.9082407355488131,0.9491737766988708,0.5446598234671309,0.9430685569314539,0.6263104821853462,0.7369786831565088,0.5899036597626113,0.7510661323687917,0.9430685569314539,0.6758878328548223,0.843920475818607,0.9957194866787559,0.9117176971980814,0.6334611893060753,0.8469128951732099,0.764294935250724,0.5525368181534032,0.838117822314655,0.5512707438145037,0.8483987238898336,0.7962081925656086,0.9640197066212977,0.889871442283725,0.9928388224970879,0.8423887074714753,0.8364164331596694,0.8364727067609437,0.9229339640663332,0.8988143186808908,0.9108480704460358,0.9372585131618109,0.9082407355488131,0.9015943008452869,0.9117176971980805,0.8567770643879915,0.7478642586516344,0.9190462651000915,0.9153141563577833,0.9523030345044685,0.9015943008452869,0.8779179059734528,0.9190462651000917,0.927002353944838,0.9710250103519045,0.5957646989515308,0.6987774575764889,0.9117176971980814,0.6943826884979794,0.47610195090992025,0.9096861238372793,0.8892738141520424,0.5560014504560895,0.9082407355488131,0.842756202024163,0.5106561943872094,0.8863565689237551,0.8268036333064972,0.8703794419104351,0.578847750122552,0.7954425269629118,0.6028717187104735,0.9630848476738874,0.898404335906682,0.87393076944287,0.8142030100411648,0.6595313307836794,0.6451804967453569,0.4908111074896436,0.9015943008452869,0.7348736222050112,0.8659812204024,0.6842820397844221,0.8404281005597698,0.922933964066333,0.7179638445774836,0.9015943008452869,0.9015943008452869,0.864695866516187,0.8136533416420022,0.7414011465591104,0.9015943008452887,0.9710638846211328,0.5606556875003068,0.7482785767790088,0.5881885060282998,0.6422733841786032,0.9063521235638531,0.7678251182228145,0.9778787924688122,0.46497090983970546,0.5202170616877955,0.9015943008452869,0.6111819134625911,0.7069321707753038,0.5837849967888857,0.6219474188578431,0.9336760313002319,0.9484928851559719,0.949173776698871,0.6380493386530186,0.9015943008452869,0.5476156764207716,0.9847054942282474,0.9836645263886377,0.7466203210169489,0.9048699718936313,0.5030541178568197,0.9930012693850818,0.9015943008452869,0.8204149604942712,0.6548229857613472,0.9015943008452869,0.8794035130316948,0.6852610550112921,0.4820488688815303,0.5008591416658221,0.6334611893060753,0.9015943008452869,0.949563115409324,0.7209273847766839,0.9153141563577833,0.9643335757717775,0.820132621940806,0.8201779527396988,0.8223745072196011,0.8545249880489498,0.9082407355488131,0.8688868031080181,0.7800363210512207,0.9687286209814425,0.732767083345792,0.8386147312057779,0.6589737445040629,0.8751970566277452,0.9117176971980809,0.8070745675457875,0.9015943008452869,0.9890302829209388,0.651486358083343,0.8723215525777368,0.9165674413153753,0.9161955268153275,0.8952920587572564,0.8099493256583372,0.9444775685014404,0.8952920587572564,0.9842127613506938,0.9015943008452878,0.9108618909887137,0.6806358227800229,0.7755980862170618,0.9190462651000917,0.72008606701088,0.9229339640663332,0.9201534922716772,0.9999058090993418,0.6310879682953949,0.9249249284229161,0.7882865126048697,0.8071589171652045,0.888667823082437,0.8748396740376378,0.8698750345772266,0.5685385716925857,0.8715507769439585,0.9491737766988708,0.8988143186808906,0.7965274940653213,0.8661977725831256,0.8725169952519658,0.827218877642061,0.9165674413153753,0.8547004147121713,0.9262461744164524,0.9218943499535655,0.8851120821400054,0.9630848476738871,0.8245086340812315,0.8549365454312691,0.9034393382949701,0.8725169952519656,0.8751970566277456,0.4941892979617061,0.8834941755373982,0.7310925066926899,0.9031388200499333,0.8890889554362548,0.9639711661269146,0.9901068178489287,0.7346608970925671,0.6329692547415255,0.9937468196155497,0.827218877642061,0.9190462651000915,0.8120632443035755,0.8326092276629775,0.9153141563577833,0.8838571734625421,0.9276677015291237,0.7889951293127706,0.9117176971980814,0.9190462651000917,0.9803110338975327,0.5039380336414212,0.43359458388832206,0.9896261919016811,0.803010404915619,0.6746536322908154,0.9371612421327014,0.8922505553843605,0.7886321224712785,0.9015943008452869,0.9153141563577836,0.9015943008452869,0.9015943008452869,0.6657221553422645,0.8751970566277458,0.7437566311039225,0.9015943008452869,0.6474964365864815,0.7030145711548981,0.860832326916608,0.9973363684060098,0.5912131335333617,0.6764087749264384,0.9581530071685886,0.8114983712766495,0.7073043319229064,0.889273814152042,0.9030574042368795,0.9153141563577833,0.8404281005597691,0.7017430696746203,0.7390824625359051,0.8153224825072367,0.9238496325630552,0.9679510284665818,0.8235032840047294,0.9965380001026768,0.8545249880489499,0.9082407355488131,0.7914530441713676,0.8806825133605403,0.8698750345772266,0.9999058090993416,0.7599109516856413,0.9065397721659634,0.8179926096630916,0.9063742447456444,0.8712483674877678,0.9082407355488131,0.8806825133605412,0.9048699718936315,0.9820536000396995,0.7411851589474363,0.5248967289786084,0.9541290792408026,0.5121362254223907,0.8922505553843609,0.7043492391910802,0.5253792763376597,0.9523030345044685,0.6167397070060558,0.8640645859704288,0.927002353944838,0.5264665973725204,0.7200860670108802,0.8114983712766497,0.5492522364844723,0.9573236881256734,0.8201779527396988,0.8521110861934043,0.9015943008452869,0.9117176971980809,0.8633928226985463,0.9015943008452876,0.4200748430328962,0.8806825133605403,0.8952920587572564,0.8571583257780957,0.5545588940772742,0.9063742447456444,0.6381776489733235,0.7882865126048723,0.6556023258622672,0.8834941755373982,0.7788808543740198,0.8952920587572564,0.993001269385082,0.7401968954215563,0.9391046989656819,0.7293992823744564,0.6337438333793819,0.7677439081576747,0.5473218036615997,0.7537900452818436,0.868599149953657,0.7072059800962043,0.4754305751167488,0.8547004147121715,0.9229339640663332,0.6773270439329784,0.9444775685014404,0.7550815117379539,0.8567770643879917,0.8137096855575956,0.898404335906682,0.6167875513589667,0.52102262863078,0.9776569049810198,0.7854775981300155,0.9082407355488131,0.7507219819581505,0.9897678246180017,0.5281492343963867,0.831817564816071,0.9528129419991501,0.877917905973453,0.8234784858046691,0.5542603062369917,0.8984043359066813,0.9117176971980809,0.927002353944838,0.9015943008452869,0.8427562020241626,0.38107137128569857,0.6428555199653008,0.9496841779691461,0.9015943008452887,0.7738772267412348,0.4734627962476057,0.8411903170953274,0.7750695063887028,0.5474044350276532,0.9381853435996284,0.8097234685897623,0.9317133537127189,0.8596424572452426,0.8340417788533689,0.728548796973117,0.645076390438917,0.9593880781275534,0.9020557574993335,0.7360993619873208,0.9901068178489285,0.7140338530832586,0.9716885439827988,0.887918992030285,0.8952920587572559,0.9776569049810195,0.9108618909887136,0.9482428774988274,0.9400050159634596,0.6924069356302591,0.5953574575175237,0.9190462651000917,0.9015943008452878,0.9130812730632978,0.6007782885387498,0.6666961835095235,0.898404335906682,0.9541290792408028,0.8922505553843605,0.898404335906682,0.898404335906682,0.8427562020241626,0.9015943008452869,0.8922505553843605,0.8201779527396991,0.9015943008452869,0.821264756768359,0.998161346074085,0.9650079910895764,0.9082407355488131,0.9153141563577833,0.904869971893631,0.898404335906682,0.5505508304711426,0.7432869734266534,0.9063742447456444,0.6919538802997749,0.9015943008452869,0.6416989160524909,0.9082407355488129,0.943752055960229,0.6827863558580491,0.870791893649906,0.9650079910895764,0.9048699718936313,0.877917905973453,0.9358559422107495,0.8779179059734528,0.9015943008452874,0.960863813975463,0.87393076944287,0.9803110338975327,0.774807549774525,0.9842127613506938,0.9650079910895764,0.7273670127525249,0.9082407355488131,0.9371612421327016,0.729108380810739,0.9015943008452869,0.9784157310816315,0.6461337839379679,0.9229339640663332,0.532528768240639,0.9630848476738874,0.9511394955727168,0.6768696216441537,0.8952920587572564,0.6117138591517463,0.5992199077498692,0.9015943008452869,0.9015943008452869,0.8335471403682118,0.9647298611984798,0.8794164109436626,0.7930304685794862,0.7179638445774836,0.5176630090487162,0.7168464637532288,0.6452967241645409,0.6485443806016635,0.6879196378357864,0.9015943008452869,0.829511516407536,0.9117176971980809,0.9270023539448382,0.4515493416363643,0.9190462651000915,0.6900377213560525,0.9015943008452869,0.9015943008452869,0.611477156548629,0.9447628386820249,0.6271025153741379,0.9897224478284307,0.5121362254223907,0.5530692639936261,0.8596424572452426,0.8714840103823687,0.7138147503338412,0.6094713377400969,0.9015943008452887,0.7140338530832586,0.6634714870318767,0.904869971893631,0.9190462651000917,0.9235609181011566,0.9041341848085453,0.8748774256549667,0.8018282216434105,0.9444775685014402,0.6497563708750285,0.9015943008452869,0.6812826182356035,0.9937468196155499,0.8050863112719076,0.8616322846853971,0.7366754408987313,0.8863565689237554,0.8388233021673763,0.669614260860038,0.9153141563577833,0.9138656224879345,0.7516895275354158,0.8922505553843603,0.7882865126048704,0.9302302679046641,0.9264790424305229,0.6543920169736137,0.9117176971980809,0.898404335906682,0.7790933884826772,0.8908505574054,0.9391046989656819,0.8474698212409613,0.927002353944838,0.8858401986813222,0.9270023539448382,0.927002353944838,0.8036327372769462,0.897393637648227,0.8204149604942717,0.9015943008452876,0.7882865126048697,0.9249249284229162,0.8806825133605405,0.7401762382671455,0.5575130912717497,0.8984043359066813,0.8621543973586858,0.7945498244933034,0.904869971893631,0.6080486352860796,0.8404281005597696,0.963092896683376,0.9133653686763864,0.9015943008452869,0.8084319781524085,0.9400050159634596,0.6422733841786032,0.922933964066333,0.8698750345772264,0.8725169952519654,0.7525753602059019,0.9015943008452869,0.6381776489733235,0.5264665973725204,0.8725169952519654,0.6405213051057133,0.6642342256428408,0.6543920169736137,0.9117176971980809,0.7063139846195607,0.7885929101684446,0.6930690168768741,0.7683089150318512,0.9999058090993418,0.8821503404030138,0.9716885439827987,0.9689170027827592,0.9400050159634596,0.9772958413483253,0.9812493295822693,0.7051614848134107,0.8114983712766495,0.49714213755710857,0.9015943008452874,0.898404335906682,0.711578541915012,0.40162293233827795,0.885426970785627,0.6002623518974708,0.5700151029542657,0.9015943008452869,0.6067541937072103,0.3914920407786556,0.9570211975143579,0.9015943008452869,0.689854356034304,0.9584254509740684,0.9190462651000915,0.8751970566277456,0.898404335906682,0.6957527006543565,0.8968738879834464,0.8444912255035637,0.8908505574053998,0.6819712172619102,0.9999058090993418,0.5074174614720655,0.9015943008452869,0.8596424572452426,0.9015943008452869,0.9190462651000917,0.909251963552296,0.7962081925656084,0.9270023539448382,0.8571583257780957,0.7683089150318514,0.8158179175263243,0.7482785767790088,0.9015943008452869,0.7094131048779755,0.6702017638677893,0.9074622740776535,0.705330114913706,0.6390102377891168,0.9186367746310332,0.6778320230153206,0.8522672538974267,0.838117822314655,0.8137096855575958,0.5534656842423891,0.838117822314655,0.775069506388703,0.9117176971980814,0.5899036597626113,0.838117822314655,0.9270023539448382,0.7182591042045576,0.904869971893631,0.6510762098385803,0.8984043359066813,0.8522672538974267,0.821264756768359,0.8114940044756473,0.8140653401421141,0.8751970566277454,0.833547140368212,0.864695866516187,0.9357274933038937,0.8806825133605407,0.6353571641830882,0.8498574790755822,0.0,0.8839487244739341,0.8533035955793005,0.5875608790679123,0.9896123046512102,0.904869971893631,0.9901068178489287,0.9890728926292929,0.7991369196068188,0.8596424572452426,0.8575921949043328,0.9186963256830876,0.9117176971980809,0.9153141563577836,0.774854704605455,0.8850360346032426,0.976900540998518,0.8659812204023998,0.8978167582023848,0.7327670833457913,0.9414543417011054,0.9065397721659636,0.9447628386820247,0.9089128829537108,0.5475467525685533,0.9047971029774382,0.8518077187264235,0.9880871927788702,0.8202423130235967,0.7179136831744277,0.7790933884826767,0.8672687335363685,0.6473265447337149,0.9129137434283912,0.8936165767525226,0.7514647224785544,0.6893038904873432,0.8834941755373982,0.8039073744717824,0.9523030345044685,0.9436826300563077,0.7571383508225542,0.5596297295004353,0.984085165109249,0.8005398349154973,0.8596424572452424,0.9491737766988708,0.757556762000244,0.7352092210657677,0.7812020662531614,0.8140720624054416,0.9957194866787558,0.7094131048779753,0.995004294443836,0.5093212320532263,0.9082407355488131,0.7453881096100197,0.933760644847901,0.9153141563577836,0.7924615483830828,0.8999738211285457,0.9444775685014402,0.922933964066333,0.9003250896043116,0.9190462651000915,0.8512848375192448,0.9153141563577836
p345_D,0.9494872467938421,0.8594036192762478,0.6450184765178784,0.9307077762079483,0.7541282748365793,0.87638266886087,0.8149757130178941,0.8136795225151593,0.6503743909747468,0.7612950419868545,0.8280750621923767,0.8571037141749208,0.7139479314627499,0.7662939692174882,0.9982730784746552,0.9368644003029558,0.9533776220537193,0.775227205182045,0.9686832863606913,0.9064142711340988,0.8524352693745383,0.9719177107442769,0.9560688022480139,0.7964942405710977,0.9882199982080835,0.6115876704931471,0.8990395688839348,0.8475838509548179,0.9064142711340992,0.831599740735129,0.6554189023854776,0.8241569180596204,0.8390151798075167,0.6318988875978893,0.8719900286803044,0.9608008482337905,0.8389027479487046,0.8124915484069644,0.7738965054378302,0.7932226818260038,0.8397070881245363,0.7354852848093469,0.9681858530496634,0.9473559315758451,0.9262085954688271,0.7990333251436634,0.8446109430683049,0.5568009425728833,0.994394997580522,0.7556627037846378,0.7916225077062019,0.533895457435829,0.6115876704931471,0.8853297485350564,0.9753194003886089,0.7885796267509586,0.7711552361277279,0.8333555867103808,0.8742431691877313,0.8226831008260223,0.6497925807479679,0.6715848101914923,0.793272151774572,0.9245982142537814,0.8729324669932652,0.7025776867798313,0.9481022094664502,0.8737310322206915,0.914826560400076,0.8981674209551731,0.7822960659287999,0.7708702022977241,0.9603863440630982,0.5354318680690294,0.8333555867103808,0.7690611031574413,0.8227962496162917,0.8534460628229266,0.6816080207951144,0.9152405383832367,0.8421019296104754,0.8076052990030278,0.7581058089268593,0.9114905661431132,0.8333555867103808,0.7493763144367911,0.9222105570349484,0.7087844685622502,0.9378009663104099,0.8279535638583029,0.8333555867103808,0.8231943418333463,0.748933868707087,0.6707538421126455,0.929189093638846,0.9672910104522134,0.7820108890843249,0.64680993392073,0.5930768899662129,0.6111528390034205,0.9866989384555493,0.876011295842658,0.8333555867103821,0.9547797108153628,0.8831063967877184,0.8629094882524135,0.7313775237513425,0.6480922264377175,0.914300486963807,0.5770579588006548,0.7574225263588126,0.9663776126788252,0.7759614354773782,0.9769837327540793,0.8446109430683049,0.7116272641426736,0.8853297485350569,0.7845111847199957,0.8763826688608698,0.6668179254738671,0.9774544820233122,0.9368644003029558,0.7932609685518643,0.9929261139568685,0.8660694458227565,0.7751763583455803,0.8389027479487046,0.889114085587337,0.8852158769431717,0.7984239954337562,0.6202900531270727,0.8446109430683044,0.8830333887596136,0.9540984079056032,0.9107772450218188,0.7498443095209248,0.6383363695633619,0.8830333887596136,0.8504989784061951,0.8226831008260223,0.8953799812876967,0.8694930837030934,0.7547211113962913,0.7702190116852003,0.9315219368567726,0.647930837413541,0.9908406147297466,0.5364505280643859,0.8938426047780793,0.475012454238966,0.9802566459961091,0.9345175565475934,0.9452175288075109,0.976258868294258,0.9481022094664502,0.6256128504387246,0.9858819030423054,0.7750823909447488,0.9382514584392742,0.8117273733585153,0.9038840935021977,0.8760112958426578,0.8076052990030278,0.7820210459542258,0.6794913845714052,0.9391389781483688,0.7192572201623088,0.7208595115435923,0.8008766301048562,0.7625301043922678,0.8896043244603336,0.8279535638583029,0.727128722415596,0.9122059238516333,0.8842773571989095,0.9017128272688564,0.9334253536579322,0.9709424527769697,0.9783681396124781,0.6432326671823181,0.8055276399055699,0.8723470791249188,0.9646856815994838,0.9429971838022233,0.8154304682460658,0.7557988755635836,0.6107583160352346,0.8058523075654116,0.8334774900174388,0.9996226592140791,0.81502125950369,0.9119986366029309,0.5335558196594934,0.5367171515606441,0.8277456906227333,0.8333555867103808,0.8268778248611142,0.9341586822630341,0.9159797519672968,0.7392016020311192,0.7394648978468679,0.9997405031129083,0.8333555867103808,0.6123688973119257,0.5873976845965607,0.7982162294178599,0.8333555867103808,0.7535346273664032,0.6833205034646526,0.7276251529420701,0.8264878644182194,0.8645759689407396,0.9143660272597892,0.8333555867103808,0.7901688296183234,0.8333555867103808,0.6284201070918478,0.6315021006146913,0.6330216884669129,0.8333555867103808,0.8702553550605394,0.8333555867103808,0.7232749059724313,0.748132538923088,0.7452506409694464,0.652718352285296,0.9669869402855739,0.5371349820894378,0.850551996185275,0.8843193296037335,0.7049857901450891,0.9053246445651169,0.8824158561285932,0.8724882414083801,0.8504989784061951,0.8377066325843305,0.8755391402721742,0.8718201154833862,0.779922137212806,0.8367918260901257,0.6449526728082823,0.8564391918520338,0.7960852449904603,0.8505519961852757,0.8333555867103808,0.7982071895821141,0.8333555867103808,0.9259206855225088,0.8946333593152875,0.9868289698267129,0.9340084728533048,0.524494031517788,0.8268778248611143,0.8641660550260566,0.7932609685518639,0.8115431858641973,0.9041880640840263,0.6909477425914707,0.809985176413805,0.7555190682889501,0.9651820071822956,0.7678914493146095,0.8565847204007371,0.9067422366276938,0.7668030477751635,0.7738965054378302,0.8460739675692948,0.8196341560827548,0.8719977578125402,0.8387460925796512,0.7681340187848911,0.9481022094664502,0.8827146579778119,0.8768860408074342,0.5400756261801218,0.8629094882524135,0.5770579588006542,0.750244511648417,0.9809805312183002,0.8494821724783066,0.8629094882524135,0.8713486043685867,0.6313354535877636,0.9405520062621222,0.7000456829631554,0.9512595020817558,0.8446109430683042,0.9121372710878788,0.5584929168351865,0.8226831008260225,0.8446109430683046,0.8446109430683042,0.593484395841356,0.9334253536579322,0.6688006435160836,0.8512540609162241,0.6240218329418541,0.9030091599668504,0.9608008482337905,0.980682779015039,0.9496900385239624,0.8505519961852757,0.8830333887596136,0.5908080588805038,0.7099762588243055,0.9074116486170116,0.8379276408825633,0.7894173498011414,0.53578622633494,0.7307041537341783,0.772693798996545,0.738355192771097,0.8766305170198991,0.862623722103108,0.8778006513469785,0.9433354585651039,0.8604353377374603,0.8694930837030939,0.9121372710878788,0.7984239954337568,0.8125581689037247,0.9669869402855737,0.8333555867103808,0.7265536869993646,0.8503081414138771,0.9796222466236468,0.8629094882524135,0.9067422366276936,0.8565847204007375,0.8333555867103808,0.8907404833799739,0.9960587809365496,0.8763826688608698,0.8542143989732962,0.8107814988348877,0.9955290054729584,0.9155677991130318,0.5420161354740796,0.5830841296163913,0.8663706046729465,0.8427012433858438,0.6661710157765515,0.8099851764138049,0.6913724321171375,0.588021708291075,0.6998521833240021,0.8507605559226068,0.87638266886087,0.5547151976928741,0.8724882414083799,0.5653575273234217,0.8718705422990427,0.8279535638583029,0.924386211067665,0.9849249578567687,0.5712851826376684,0.5663415825858427,0.5477003010688288,0.8333555867103808,0.7043154735801551,0.8781822019840455,0.9984245703919454,0.8669894145144217,0.9459009791418808,0.6812591733778002,0.8333555867103808,0.8333555867103808,0.84913764572152,0.7378997854592096,0.8189986709312969,0.8333555867103808,0.8694930837030939,0.8719900286803044,0.863774965053977,0.6627529257978386,0.6887587506683956,0.8333555867103821,0.9579893925008334,0.8227962496162919,0.5947931671874087,0.6269609171164383,0.8333555867103808,0.6101456267267693,0.9391389781483688,0.5066570560341479,0.5608411620986884,0.749823058934604,0.9367457463519002,0.8446109430683046,0.5511806417744163,0.8333555867103808,0.5257078883383075,0.9114905661431125,0.857611721417908,0.771035768130236,0.9604370851087702,0.6567436585318607,0.8124915484069637,0.8333555867103808,0.8420980841096516,0.6832466911332142,0.8333555867103808,0.9371727591442105,0.7209716935650725,0.7642844841217857,0.5486767262580217,0.5270703965225961,0.8333555867103808,0.96539590301456,0.6787525594818307,0.8565893759313055,0.8162954538139673,0.6775817254888394,0.9826485279774786,0.6127744584743364,0.7921761679534782,0.8446109430683049,0.9796805140071816,0.7590822619358506,0.8843193296037339,0.6272415218483838,0.8973400662376905,0.5756802008253392,0.9321523113665866,0.8504989784061951,0.9114905661431125,0.8333555867103808,0.862909488252414,0.7116159644957936,0.6491729974810818,0.8421019296104758,0.9773911848405065,0.8226831008260223,0.7969919711910285,0.9300535008187538,0.8226831008260225,0.8788170634534764,0.8333555867103821,0.9371820070526748,0.6184017928730494,0.9470087943967167,0.8902849828282723,0.5941781549517091,0.9064142711340988,0.9371820070526748,0.8843193296037337,0.7357428440459368,0.9222105570349486,0.9433354585651039,0.8522609674121053,0.9973054793020453,0.9203811774599653,0.895086990599488,0.8227962496162924,0.6807832921002548,0.9355865875112199,0.9319617859276279,0.7528155064550847,0.9719902998179024,0.9015671522379931,0.8207284073584812,0.9803010659756759,0.6343247016622663,0.8362118883492022,0.5327008587885977,0.7586893052857431,0.8718705422990423,0.7600840976713787,0.8668818393610551,0.8226715133063628,0.840037751365852,0.8364863478408804,0.5566602466260782,0.9943279333937743,0.7061891527047287,0.8635282146745935,0.8754494439871032,0.7668572729535404,0.8446109430683044,0.8573461905758132,0.5595479111902517,0.925795964553237,0.9395759839394252,0.8902849828282727,0.8449260311163465,0.7070692859713281,0.8903991455657345,0.9973054793020453,0.8175324891292577,0.8175324891292581,0.8504989784061951,0.7845111847199957,0.7750376780878006,0.5713391367674845,0.8082779126214179,0.8852158769431713,0.8852158769431715,0.6165297540810116,0.8917159699094527,0.8718705422990425,0.6820193513076992,0.8333555867103808,0.890399145565735,0.8333555867103808,0.8333555867103808,0.598212118081455,0.996098215989133,0.9121372710878783,0.8333555867103808,0.5741891573473641,0.5594152869787059,0.8562655286589188,0.9999165995126632,0.6254639787630276,0.6697580061598614,0.9820189521905027,0.7808402056381931,0.655114810825183,0.7100830863830756,0.9578037571201251,0.9242089152001634,0.6625581851750558,0.6412032307533211,0.7483877283171385,0.9226970831502836,0.945109705409731,0.7592834687851843,0.862733679435634,0.8903991455657345,0.8586717584874546,0.8446109430683049,0.8787752140930372,0.9286679818370662,0.802730059451696,0.8125698569594535,0.5141566053574559,0.7498230589346044,0.6142019587730142,0.8765157615819992,0.9583117088330111,0.9669869402855739,0.8973569801802848,0.8389027479487043,0.8130562387372962,0.6588424733866394,0.7023504933950933,0.8830333887596136,0.9360144982870402,0.9379462716067114,0.8263302108247293,0.7820108890843238,0.8852158769431717,0.41817686397834675,0.7581058089268595,0.8763826688608698,0.5547351019566837,0.689233676077557,0.7982071895821139,0.6230427557435296,0.8476498264709562,0.6942887523032023,0.9677192360153908,0.8333555867103808,0.8504989784061951,0.7506396823653583,0.9806827790150392,0.7711721835626062,0.9719177107442769,0.9062897869037816,0.8008766301048562,0.7094237786319899,0.8843193296037339,0.5172511378444817,0.9064142711340983,0.6526625699164796,0.954930065345126,0.8328142957237646,0.8226831008260223,0.8655388112080704,0.6866814344177405,0.894633359315288,0.9574900679095588,0.6850414200213012,0.61594365008576,0.5069488214612996,0.7214728679165161,0.8526637265686308,0.6979248702415565,0.6720890120646725,0.908549311064021,0.906414271134099,0.9386703656708343,0.9484121620211806,0.7249985562515464,0.9371430611334822,0.8135621901441981,0.8565847204007371,0.6739487586588652,0.6125054529897809,0.9540984079056032,0.8506968945815288,0.9355865875112197,0.9650003312457804,0.8228059758410149,0.87199775781254,0.8403188595610398,0.8172260795342243,0.9143004869638068,0.7843282627078038,0.8280750621923763,0.9997405031129085,0.8504989784061951,0.9540984079056034,0.8333555867103808,0.8896175805146289,0.7307675592458547,0.6352465116500772,0.7577474010383418,0.8333555867103808,0.794837714861778,0.6456295055144246,0.6675878917354434,0.9512595020817556,0.7019376898402148,0.7098097002689574,0.6852101796053514,0.9303334819799577,0.8056952552234846,0.9943011995025002,0.7762994630329499,0.7219936404047467,0.8565893759313057,0.6807832921002548,0.7931684929837935,0.876011295842658,0.9330011899716573,0.8763826688608696,0.7604776249044977,0.8226831008260227,0.8763826688608698,0.8075513607586298,0.9206591678873524,0.8628210251713133,0.8180740985690029,0.6205452934861677,0.8981674209551733,0.930920905602167,0.7298393669997532,0.6218205043312162,0.6163031238236667,0.8279535638583029,0.8504989784061951,0.8175324891292579,0.8279535638583029,0.8279535638583029,0.9319617859276277,0.8333555867103808,0.8564391918520337,0.9826485279774787,0.8333555867103808,0.831095762311769,0.8668818393610549,0.9255429155310316,0.8446109430683049,0.9743617758965512,0.9484121620211806,0.8279535638583029,0.673948758658865,0.6247732183948924,0.9004322524634262,0.5690947145119625,0.8333555867103808,0.8929088836110013,0.9388120013913652,0.7841148356942864,0.5860394098364474,0.8440485917658342,0.8629094882524138,0.8389027479487046,0.9143004869638067,0.8946333593152878,0.8176308472588918,0.8333555867103812,0.9905529359562111,0.8431918424168849,0.8452667088943855,0.927728894240135,0.9295590647145762,0.8629094882524138,0.9720425180522423,0.8446109430683049,0.8211171681178193,0.6978193714060381,0.8333555867103808,0.9512173405541076,0.644399941408734,0.7982162294178599,0.6409125872122188,0.8175324891292579,0.9549300653451258,0.6243625498551422,0.8226831008260223,0.6461139558538886,0.5425984985037029,0.8333555867103808,0.8333555867103808,0.9269777821149363,0.8542941089073465,0.7676182118198596,0.6441973607813776,0.6135333975324103,0.6260197257965121,0.5417168194501625,0.5495151570101031,0.989466845465773,0.6234534542177901,0.8333555867103808,0.830460987825769,0.8504989784061951,0.7738965054378302,0.6435736285068283,0.8629094882524135,0.6715848101914922,0.8333555867103808,0.8333555867103808,0.5535292899490073,0.892286463632245,0.6023422787576582,0.7979426727616279,0.7124873102449318,0.669924835866045,0.8707693232042875,0.9585546647054799,0.6026644088009798,0.7158858055054265,0.8333555867103808,0.9138172746434725,0.5387002037769355,0.8389027479487046,0.9960587809365496,0.9106180936294543,0.7678128616128655,0.9095315949303144,0.925795964553237,0.7357270719910649,0.6502736582439241,0.8333555867103808,0.5746661047595767,0.9761931187154043,0.5830332541965932,0.8335145370358652,0.7594822162104509,0.9591134759120901,0.9412984810251002,0.6865827664794484,0.9580186848345915,0.7922104241844126,0.6280459352409523,0.9922843247764959,0.9064142711340988,0.9718112279555631,0.956911686463469,0.6234534542177903,0.8566913284130389,0.8565847204007371,0.689141124966892,0.9032347772641223,0.8754494439871028,0.90408761890497,0.9681858530496635,0.9713690206280263,0.9540984079056034,0.9929562774279699,0.9239210673151492,0.9583117088330115,0.6924830054082052,0.9512173405541076,0.9433354585651037,0.9470641338896129,0.9038144049824022,0.7531287835112273,0.8920624426086237,0.9429971838022234,0.9866989384555493,0.8721822247924683,0.7661106562810811,0.8597679870100909,0.9957953020616759,0.8377958609089589,0.7866932553584718,0.8333555867103808,0.8231943418333463,0.8628210251713138,0.7140990171863543,0.7612950419868545,0.9874439217472792,0.6521140448959204,0.7920201573698358,0.8333555867103808,0.6960155798477314,0.5036138111997162,0.6756045082046621,0.5123013417286576,0.6008222625532749,0.5205752811646249,0.8830333887596133,0.7386656174792585,0.885295861211705,0.9892660733909087,0.5678547979951188,0.8604028387223073,0.6741374736228685,0.9152405383832365,0.8604028387223068,0.8628210251713135,0.9796805140071816,0.9496900385239626,0.6605961638491191,0.9024090932456402,0.532611206884102,0.9014554671412355,0.8279535638583029,0.6440297569588203,0.686243750850092,0.6758088845190195,0.4940170285976039,0.4538332531088185,0.8333555867103808,0.5540457806458441,0.6941282901686796,0.7662939692174884,0.8333555867103808,0.5480256948618958,0.8655388112080709,0.8629094882524135,0.8843193296037337,0.8279535638583029,0.49600471427231674,0.8614038322551063,0.9305682661749042,0.942672424743418,0.8300452383782697,0.8125698569594539,0.5406613897252317,0.8333555867103808,0.9990825408341074,0.8333555867103808,0.7492532520172366,0.7308890486460577,0.6171140791203169,0.7738965054378302,0.8141859792931758,0.6570875252961892,0.6765818218876084,0.9512595020817558,0.8333555867103808,0.6399180205808037,0.6657729726270591,0.7845094178651051,0.9507377125104446,0.7219781213616265,0.8830333887596136,0.7539434773645894,0.6256779403667084,0.9003613107125843,0.6505645275391543,0.593481646748621,0.9003613107125843,0.7457422433436804,0.8504989784061951,0.6396639613099091,0.9003613107125843,0.7738965054378302,0.8386932720949285,0.9908206693987867,0.8430116300946255,0.8279535638583033,0.7297611071498239,0.9250576155467343,0.7394648978468679,0.7603459520179956,0.9004322524634262,0.579362196581957,0.8714901252497999,0.8284725576324868,0.8044000975637455,0.9495505106234364,0.7457422433436807,0.8839487244739341,0.0,0.7104847571526522,0.6992014051632154,0.7708702022977243,0.826877824861114,0.8760112958426587,0.7196859275763412,0.9637709214126768,0.9575347471786908,0.7623125432362832,0.6423197067144099,0.9155677991130318,0.8565893759313061,0.734257684549833,0.6003318734031945,0.9625138303693129,0.9761931187154043,0.9718319132336566,0.8758583745992439,0.8907404833799739,0.6464945737233303,0.8333555867103812,0.7645408857927646,0.8866162824085273,0.8270753092216274,0.5396971897445776,0.657079047952035,0.974361775896551,0.8328392117288816,0.81725348297225,0.6115876704931471,0.8564391918520341,0.8008766301048553,0.9735324343911236,0.8731186154589521,0.8253680774661203,0.8027040615618268,0.7321730212720992,0.9424781900280401,0.8103137213295883,0.6635162773132883,0.8413855291881589,0.869286332238721,0.4445111719980438,0.6086381329492945,0.9388120013913657,0.7605458066710951,0.5361756741386505,0.6888490945819374,0.9341586822630343,0.9620275776222871,0.4288038654823779,0.8076052990030276,0.854453131539465,0.9983872930599275,0.46392002514737396,0.7841148356942864,0.8903991455657347,0.6668642937996592,0.8719977578125397,0.96043708510877,0.7612950419868545,0.8128615458081634,0.7845111847199957,0.8194554404301022,0.8565893759313059
p345_E,0.8737862969782941,0.9711036153030144,0.8120228353578534,0.9811154523327068,0.9532451920987461,0.9345395918631998,0.837996392038277,0.8355606173889263,0.8713196161225913,0.9308912761119588,0.8955237705353787,0.9492098513807965,0.9492098513807963,0.9232378108709103,0.8177814234364367,0.7806087361811744,0.9798892686647287,0.8809736567579458,0.9274049943645875,0.9308912761119588,0.8268679007812392,0.8930024213743271,0.9554368269703841,0.9146924482852168,0.8905232684471216,0.9129523252750884,0.9033760264581221,0.8175510594365916,0.9828798843095534,0.9454238696279194,0.8697030566182693,0.9875436734016293,0.938054485345273,0.8869069588367049,0.9532451920987461,0.9770515787970702,0.9574754780088428,0.9007066431763933,0.9345395918631998,0.8786664463981,0.8491187520150887,0.9541297697550609,0.9892552360381517,0.8336719190842827,0.9798892686647289,0.7541440010099689,0.9177151699279686,0.9802091315076992,0.8786664463981002,0.8914721281849781,0.96664472544214,0.7579556715061335,0.8809736567579458,0.5178053668121303,0.8378584616414514,0.907384189894376,0.8763873919722716,0.42440193597169273,0.8874030943671896,0.9061034849845075,0.9376968572282284,0.9780937489922703,0.9911116691734831,0.8491187520150887,0.9240582376582438,0.9886870917707162,0.9208331242859091,0.6227178828826585,0.7424948047204105,0.9770515787970699,0.8632190448004216,0.8786664463981002,0.9532451920987461,0.9143776565717845,0.42440193597169273,0.8027482668635855,0.8930024213743271,0.8955237705353787,0.9954043324676316,0.9345395918631996,0.9669734233303988,0.9849105619281007,0.6462891464015278,0.976909662309374,0.42440193597169273,0.8845061769360816,0.9629949085780776,0.9482876126908999,0.9543595212769906,0.44605852297328985,0.42440193597169273,0.8348309150853281,0.7808254374878805,0.9588308694110013,0.5860636872754488,0.691204243083372,0.8308338409093514,0.8045955631048267,0.9608049002319672,0.9948802829797627,0.907384189894376,0.9619299081647257,0.9117550006367758,0.8323475401442115,0.7711951291283392,0.9274049943645877,0.8387451480728689,0.9583641882761118,0.9591535679622785,0.9276505252720572,0.8265411974410266,0.8833108489700485,0.9569544267886047,0.8684204715503476,0.9177151699279686,0.984610094223518,0.9345971140255249,0.9770515787970702,0.9892552360381517,0.8913716991972809,0.9281110842580627,0.8009042580085137,0.9248384182047,0.9291084123474052,0.9129523252750888,0.9500970595281897,0.9146924482852168,0.7428207249346308,0.9701592651997483,0.9851470344391628,0.9716149741568677,0.9177151699279684,0.9208331242859091,0.8465978314369926,0.9033760264581221,0.8456882152166159,0.9180490461492001,0.9666447254421402,0.9208331242859089,0.4660228489523025,0.6606102984167459,0.9308912761119588,0.9886870917707162,0.7978257204251891,0.8268679007812394,0.9735653636237964,0.9975037480647426,0.9713969080959798,0.9954357283911512,0.9915916589618765,0.9308912761119588,0.8625242924987387,0.8870168031810974,0.8366956889431236,0.9208331242859094,0.8786664463981007,0.8641440307308181,0.8507339247788812,0.8156442436023121,0.8026343680659276,0.9209289280958823,0.9619299081647257,0.9187568665400383,0.6615033083453006,0.8449833193436886,0.8548326693528032,0.9382793825937712,0.8730257376938848,0.9020199101528918,0.9254370987641154,0.9232378108709103,0.9088944096710685,0.8763873919722716,0.7820444396913666,0.9409921981641243,0.8730978326915781,0.9274049943645877,0.6681270667188117,0.8893380898814516,0.7543051682235707,0.9253246753246755,0.947144978888462,0.907384189894376,0.9895252930905241,0.8091933776949314,0.843529212097883,0.9308403792913533,0.9746342049327525,0.5178053668121303,0.9847684718618002,0.9845876932424067,0.8713196161225917,0.7825598617036009,0.9727267912481383,0.9620730564657862,0.42440193597169273,0.9569584625439046,0.9061034849845075,0.6189530209772895,0.7516797466540373,0.9142802079124529,0.9701592651997484,0.42440193597169273,0.7921118845501984,0.9192044665631605,0.9308912761119588,0.42440193597169273,0.8799872711273817,0.9068017215907911,0.9314837941887083,0.638598531703952,0.8596850801102968,0.9088944096710687,0.42440193597169273,0.7207709456699074,0.4244019359716926,0.8900553933316913,0.7952205242015298,0.7516797466540375,0.42440193597169273,0.8823394278909551,0.42440193597169273,0.9671200107680025,0.864017570415615,0.8548326693528032,0.7844173062840054,0.9619299081647257,0.9525162539223444,0.46602284895230184,0.8880833554050742,0.9279986649762024,0.886900491736297,0.7715254563263623,0.8869069588367049,0.9208331242859094,0.7444624914453728,0.963155105500539,0.8554161564680638,0.9156914332121853,0.8527760996057681,0.879788910598279,0.9435974891286646,0.8669811536627741,0.7407175778549465,0.42440193597169273,0.9043249476883715,0.42440193597169273,0.8798762136619056,0.8797889105982801,0.96664472544214,0.9731475307392758,0.9525162539223444,0.9569584625439046,0.9844110646549373,0.8905232684471214,0.859793849636374,0.9312485969328885,0.9819956442883294,0.9496406153617603,0.8392236087884817,0.8185246646068354,0.85204646095009,0.44605852297328985,0.9716656682171856,0.8136554424059619,0.9345395918631998,0.9730618101546467,0.9897083742344475,0.5964991309502996,0.878373458679272,0.8454969874813092,0.9666447254421402,0.8595303352567689,0.9404661964831158,0.9347165710778325,0.9274049943645877,0.9646068156037686,0.8774693527540922,0.885680018846007,0.9525674294551763,0.9274049943645877,0.9168004837102326,0.9784751689414376,0.9716656682171856,0.8470451655080211,0.894298990140012,0.9177151699279686,0.858992121681559,0.9389416774422433,0.9061034849845075,0.9177151699279686,0.9938553535985172,0.7037562080952362,0.9274049943645875,0.9365848905730805,0.626465449290061,0.8009042580085137,0.8815911847541515,0.9274049943645875,0.9117550006367758,0.9101409027007872,0.9061034849845075,0.96664472544214,0.9127999551136247,0.9894588088746739,0.9619299081647257,0.8786664463981007,0.9367367371554547,0.9578851248259209,0.9198709428047303,0.9599582640863158,0.8098232781638529,0.7999026959892523,0.7624075429559327,0.8413076099433731,0.9828798843095534,0.8713196161225919,0.9651315074928518,0.9427366331469968,0.9608273435758143,0.8426952359231563,0.9054258771250031,0.42440193597169273,0.9208331242859087,0.879870552078218,0.8809736567579463,0.9274049943645877,0.9716656682171856,0.9088944096710685,0.42440193597169273,0.9591535679622782,0.9733018367704473,0.9892552360381517,0.8706506961888438,0.821322661121049,0.9187568665400383,0.9875436734016291,0.9897083742344475,0.721264716576683,0.9248384182047,0.8752063038103308,0.7615437721148608,0.9938553535985173,0.9427366331469973,0.6910949992564854,0.9345971140255247,0.79181743340521,0.9892552360381517,0.9797671168812686,0.8869069588367047,0.9406856490105845,0.9033760264581221,0.44605852297328985,0.9775485805859279,0.8669811536627741,0.9929799254813276,0.9364854465089459,0.7033316664294689,0.42440193597169273,0.9615448157696341,0.9498831858040324,0.8610966926191237,0.9121079498127291,0.9651315074928518,0.887291317760904,0.42440193597169273,0.42440193597169273,0.9324868157857765,0.9452661561632553,0.7750395904422052,0.4244019359716926,0.9828798843095532,0.9117550006367758,0.894298990140012,0.8449833193436886,0.9727267912481382,0.9117550006367758,0.867521127356121,0.967012604218172,0.7271477564901467,0.8471510831081492,0.42440193597169273,0.815125965495467,0.9094353812212375,0.9786526947329219,0.8671062369390422,0.867521127356121,0.9185609773830207,0.9177151699279686,0.9786547630195945,0.42440193597169273,0.7552679430359499,0.991111669173483,0.9928223214179912,0.7602523570069697,0.9141754328202786,0.74373608156175,0.9380544853452726,0.42440193597169273,0.9833809859357285,0.6381762480400051,0.42440193597169273,0.9272960197589406,0.94745146211377,0.7824448829780222,0.6972444976092564,0.9666492365639796,0.42440193597169273,0.7780980710685907,0.9364876838018543,0.9716656682171856,0.8312589683693803,0.9215829798190971,0.8579857838141747,0.8662097599854566,0.8429326372904389,0.9177151699279686,0.939334369442,0.9314837941887083,0.8880833554050742,0.9448050966443469,0.9269025320861977,0.7753053962697449,0.5730888720724463,0.9208331242859089,0.8809736567579463,0.42440193597169273,0.9770515787970702,0.8775697174499908,0.9285534980514074,0.9669734233303986,0.9046783479507616,0.42678074482335315,0.9559557175140683,0.9997414922675308,0.4660228489523027,0.9312485969328888,0.9117550006367758,0.9711036153030144,0.8753313048505948,0.8575430703949758,0.9733018367704472,0.9800702000516535,0.9828798843095534,0.8098573770320495,0.9554368269703843,0.9233259012208972,0.9629949085780776,0.9308912761119588,0.8672327722221795,0.8175510594365915,0.8002398092750818,0.5639872546953215,0.9279986649762024,0.9043249476883717,0.9177151699279686,0.8869069588367051,0.9686536804090708,0.8920343816069023,0.9518337142340694,0.9447466947302743,0.9312485969328885,0.9291084123474049,0.8822935232938129,0.9964510777137856,0.8596850801102969,0.9798892686647289,0.9308795501376441,0.9008338155479185,0.9899457269363949,0.9518337142340694,0.505735400507137,0.7013092504171183,0.8901272710795612,0.8199002729716225,0.9820125903778683,0.9068017215907915,0.929830022140312,0.9177151699279686,0.8456882152166159,0.8880456953851483,0.9121079498127291,0.9596253625545403,0.8740086679054822,0.8024603612793547,0.8348309150853277,0.9716656682171856,0.9640380930896715,0.9798892686647287,0.9033760264581221,0.9666447254421402,0.9274049943645877,0.8697030566182691,0.7153372976892631,0.8487054187055112,0.9088944096710685,0.9088944096710687,0.8304586266974453,0.9590754731851598,0.484518035889023,0.7978257204251891,0.42440193597169273,0.9240582376582436,0.42440193597169273,0.42440193597169273,0.9322325628826639,0.5730888720724466,0.8589921216815586,0.42440193597169273,0.7715848656512594,0.9996031162798529,0.6069676805440014,0.8997096862431324,0.815125965495467,0.7886701244834713,0.9314896104356392,0.7288591181593218,0.976538428445598,0.9754023275141519,0.9757784506799927,0.6950823178702201,0.8845061769360816,0.8160878690990019,0.7403815582273572,0.8697030566182691,0.875206303810331,0.945345589113457,0.9108663993263154,0.9240582376582436,0.8195245791828907,0.9177151699279686,0.8993721649821635,0.9979911521799527,0.9808464777349828,0.9554368269703841,0.9867021276452255,0.9261447996089607,0.9370155348892897,0.9554368269703841,0.602316759396643,0.9938553535985173,0.5470576809956726,0.9146924482852168,0.9621180793946404,0.9926899555006721,0.834971761250833,0.7126740664642464,0.8105925868344834,0.7140577625088442,0.8836708986236936,0.8083010446683034,0.9492098513807963,0.9679521563244875,0.8719071805898531,0.9892552360381515,0.7166863953391738,0.9991912544948498,0.8511310962100923,0.7842638604732382,0.8930024213743273,0.9398348374438543,0.9011005645893052,0.42440193597169273,0.9208331242859089,0.909435381221237,0.8807940420533716,0.8186919229169227,0.862023873412546,0.8192017861128458,0.9321326397159306,0.7251914035986846,0.9772097014643059,0.9618132265984272,0.9308912761119588,0.7307092157369333,0.8901272710795611,0.9275980366627764,0.4660228489523027,0.9380544853452726,0.8331466215666066,0.9068017215907915,0.885680018846007,0.9572375633963669,0.9721824599153296,0.9781115031900831,0.996604388043894,0.9148217959918508,0.8111916473246816,0.7588981930784984,0.8629728426006178,0.9828798843095534,0.9248384182047,0.9141754328202787,0.7387982102537269,0.9978574698710138,0.7500281048165807,0.44605852297328985,0.7172701775152348,0.7426521944628788,0.9892552360381515,0.9537977299549824,0.9619299081647257,0.9121079498127294,0.8821340252870202,0.9158227252250268,0.9018358393206811,0.8697030566182693,0.9934687177198567,0.6782426899364711,0.8955237705353789,0.8895283817802934,0.9208331242859089,0.9892552360381515,0.42440193597169273,0.9456040182324196,0.8066300056951794,0.989007325172311,0.8610966926191235,0.4244019359716926,0.854107422941187,0.7684181138946595,0.9370155348892899,0.642679878165614,0.832894223714755,0.8804470745402773,0.8582654123907794,0.9798636910823283,0.8741348176232713,0.886900491736297,0.6796948571759817,0.8328282760721473,0.9240582376582436,0.8554161564680642,0.8763873919722713,0.9177151699279686,0.8527760996057683,0.9892552360381517,0.965765408605743,0.9061034849845075,0.9892552360381517,0.8980906127480353,0.9073841898943757,0.9117550006367758,0.8199149333722893,0.8209704204189829,0.9274049943645875,0.8393038505914012,0.9279986649762024,0.743586748063497,0.9666492365639795,0.44605852297328985,0.9666447254421402,0.4462614147857191,0.44605852297328985,0.44605852297328985,0.5827111352155203,0.42440193597169273,0.9416326475614254,0.655806405072205,0.42440193597169273,0.9187568665400383,0.781807000231814,0.9770515787970702,0.9177151699279686,0.9716656682171858,0.999741492267531,0.4057430812635623,0.7172701775152346,0.9505747193383898,0.8761794941163408,0.9504595486346816,0.42440193597169273,0.8387451480728689,0.9619299081647257,0.9187568665400383,0.965562733942707,0.8407149013528634,0.9274049943645877,0.9574754780088428,0.8905232684471218,0.93112141245414,0.800640383734674,0.9117550006367756,0.6880061135215356,0.9203838126931747,0.8994057344828372,0.7345935262334492,0.8955237705353787,0.9770515787970702,0.8786664463981002,0.9177151699279686,0.9903796821293473,0.9713969080959799,0.42440193597169273,0.9117550006367756,0.8170687926476352,0.9308912761119588,0.7743999539334898,0.9033760264581221,0.9312485969328888,0.9746014119166077,0.42678074482335315,0.720461268751948,0.9287900038096107,0.42440193597169273,0.42440193597169273,0.6412929436921073,0.9039150371400086,0.879870552078218,0.8426579213416943,0.9445099892657212,0.7335466426160802,0.7407268560990483,0.9356198067586344,0.8833108489700481,0.9828769103293189,0.42440193597169273,0.9320416501036446,0.9208331242859089,0.9345395918631998,0.7251914035986846,0.9274049943645877,0.9410043930661396,0.42440193597169273,0.42440193597169273,0.947789731437152,0.9117550006367758,0.9335581640652262,0.8930024213743273,0.75157734953503,0.8252117663362921,0.7593428184468428,0.8730257376938855,0.8959238102448109,0.7791844604155223,0.4244019359716926,0.8527760996057683,0.9711370065284352,0.9574754780088428,0.9733018367704473,0.5992738705040738,0.8102734221189178,0.7139254633115313,0.8569044040594338,0.957475478008843,0.8344348807083288,0.42440193597169273,0.9935463340885815,0.9121079498127291,0.873025737693885,0.8828803690322082,0.8268465148912927,0.9193768808645175,0.8421175620502694,0.7850514204581387,0.9240582376582438,0.8739079810897339,0.9607249909282307,0.9818541102319678,0.9828798843095534,0.8741904440128021,0.5753889784506284,0.9990152855780439,0.8959204710891675,0.44605852297328985,0.9318509253335796,0.9066350225729958,0.8797889105982799,0.8509571157358126,0.9013134756119447,0.9068017215907915,0.9560291197868966,0.9560291197868964,0.8309617608579103,0.6305581566589719,0.9463948397416264,0.8393038505914019,0.9308912761119585,0.8930024213743271,0.9279986649762022,0.7457270802099085,0.9007066431763939,0.8895283817802931,0.9376318204951005,0.6298515303565104,0.9574754780088428,0.7756989174375455,0.5910601384076128,0.7938040254151816,0.8076374200241585,0.42440193597169273,0.8348309150853281,0.8393038505914019,0.7764782674032196,0.9308912761119588,0.9808464777349826,0.8856800188460066,0.8870168031810974,0.42440193597169273,0.6921157444664084,0.7166863953391736,0.9518337142340696,0.9593868235114876,0.9327928584397113,0.9627996773927694,0.9208331242859089,0.6684494001109818,0.7919268652528758,0.9866253796302891,0.9974512424691173,0.8880833554050742,0.930846253764532,0.9892552360381515,0.9217600911877293,0.9532451920987461,0.8945163799635718,0.9416153590034746,0.9226679060594568,0.6554959313288609,0.6890305079149726,0.9947353835607167,0.44605852297328985,0.9145911675745959,0.7788294363579733,0.7825384329887882,0.9786526947329219,0.9832039102953571,0.42440193597169273,0.8324397809555486,0.7826201988814228,0.865360169409114,0.42440193597169273,0.957689447415241,0.9754023275141519,0.9274049943645877,0.5057354005071367,0.44605852297328985,0.9991912544948497,0.8631969951049125,0.9156914332121855,0.9693777857385852,0.8917046186180491,0.8880833554050744,0.7112598489397612,0.42440193597169273,0.9963089389332338,0.42440193597169273,0.9274049943645877,0.7849443883744645,0.8285154747894938,0.9345395918631998,0.9321326397159306,0.7641043561842458,0.9912162409699861,0.894298990140012,0.42440193597169273,0.9500996411272865,0.9089114783057956,0.7598587217580759,0.9291084123474054,0.6880061135215362,0.9208331242859096,0.6550540975486399,0.9554566357353804,0.7083456356997246,0.9975037480647431,0.7150605489334534,0.7083456356997246,0.9232378108709103,0.9208331242859094,0.8009042580085137,0.7083456356997246,0.9345395918631998,0.9769096623093743,0.8286093733730259,0.8669811536627741,0.9088944096710687,0.9272960197589405,0.9187568665400383,0.8914721281849787,0.8527760996057683,0.9435329656816508,0.9576756366797257,0.8065889905750278,0.9701592651997484,0.9629949085780776,0.7662857441747719,0.865360169409114,0.8533035955793005,0.7104847571526522,0.0,0.8407149013528639,0.8786664463981,0.9569584625439047,0.9177151699279686,0.9283013075844857,0.9312601352566299,0.7898863487743328,0.9046783479507621,0.8512046835781091,0.9208331242859091,0.9240582376582436,0.864337658772573,0.9020199101528918,0.8086037853185335,0.6738654570375557,0.899405734482837,0.8864981402271505,0.9248384182047,0.8675211273561203,0.9532451920987461,0.8717934167254509,0.8093256403144207,0.9545796394422466,0.9475396463862187,0.9529536162080716,0.9716656682171856,0.9148217959918508,0.8785915644598223,0.9129523252750884,0.9416326475614254,0.9321326397159306,0.9447466947302745,0.8916901168501171,0.8859405197051109,0.8955237705353787,0.7569170487016049,0.9088944096710687,0.9497671316354355,0.8880456953851479,0.9177151699279686,0.9574754780088428,0.8691902516005121,0.9352218782782515,0.9619299081647257,0.8945163799635718,0.9363929117507983,0.8801917172908771,0.9061034849845075,0.9061034849845075,0.957003740273905,0.9489357426838372,0.8309617608579105,0.9619299081647257,0.9675808184045934,0.9187568665400381,0.9240582376582436,0.8877380032449497,0.986641646010039,0.957475478008843,0.9308912761119588,0.8907368956049395,0.9274049943645877,0.8957889858138766,0.9240582376582436
p345_P,0.6470512686962144,0.8573233026941154,0.3966644373554449,0.9445553534795312,0.908315805590151,0.6954751870494931,0.7071307263199054,0.649313449287767,0.8263815673352464,0.9281978840490723,0.9609479118662458,0.9053437280773233,0.9053437280773233,0.9428545974512954,0.99015779655717,0.7355412549606246,0.9368208004805825,0.625997381217335,0.9245757305468909,0.7683999834433902,0.4231405089691789,0.9228716770826355,0.723207926028318,0.952980897791095,0.8862566036435156,0.8763348124829184,0.9368208004805825,0.9022846708766048,0.7683999834433902,0.7329074694940496,0.9801868897476824,0.9177477332861095,0.48561101257954287,0.8534965853888823,0.9486714815870394,0.9245757305468909,0.9113677351409675,0.9694900493913194,0.9319883865480127,0.904551495571847,0.39098916656681026,0.878763092687959,0.9319883865480127,0.842808976093194,0.8996102754967266,0.4362764183923268,0.9575139843524123,0.8203832829382254,0.8739376826205694,0.8046967529941973,0.9177477332861095,0.4279441317039643,0.8763348124829184,0.8941188719993178,0.896836857654101,0.615893526233517,0.8715698060206927,0.9083158055901508,0.982866323829066,0.9830487856961238,0.8304244459109731,0.7132513819179008,0.8763348124829187,0.4607489724958862,0.921098539831031,0.843792514388527,0.962306653551736,0.7590635423320597,0.6709653107479332,0.9728647695971406,0.9753068227942818,0.5750136842564313,0.9083158055901508,0.6871683774743924,0.9083158055901508,0.4294370817540589,0.9069318236797131,0.8653122874311647,0.6988941521173633,0.9319883865480127,0.8914519915852106,0.6683619675825757,0.8962043077275965,0.5948931433236011,0.9083158055901508,0.987590348008459,0.9228716770826351,0.9446823772268966,0.92092165787956,0.9053437280773233,0.9083158055901508,0.9378032212692569,0.5832826525135296,0.7380805818005265,0.8669149862082737,0.8203832829382254,0.9542464990663253,0.35815055269579477,0.6926540158825951,0.7614552271142705,0.9620174532699493,0.8704631266035312,0.9486714815870392,0.9741364187621633,0.866798065971178,0.9245757305468911,0.9954698988464653,0.634156728692346,0.8862566036435156,0.763094697443903,0.9603895611452964,0.910385958188578,0.6867535481931926,0.9866953570844292,0.9145082620913982,0.6088673254768999,0.8928315634521963,0.9245757305468911,0.9083531449937753,0.7437997715050169,0.8428089760931943,0.985955078885574,0.8862566036435153,0.9042511808511334,0.9992482359421454,0.8509215648925798,0.9529808977910947,0.8270466290890089,0.9378040766465512,0.8470383046866874,0.7703333732535167,0.6984402375594745,0.962306653551736,0.9319883865480127,0.8996102754967263,0.6113742737546775,0.7817073781194881,0.9177477332861095,0.9177477332861095,0.9024440319654485,0.618112915564478,0.9281978840490723,0.9419615833846879,0.849033299116787,0.9269599282969823,0.838633641228022,0.8512853698954572,0.7149464062216135,0.8739376826205694,0.581222862885748,0.9281978840490723,0.8304244459109724,0.8544354240446739,0.5431322014478408,0.9485755059170108,0.8739376826205696,0.9914593395468212,0.6870048095169985,0.7610293476265768,0.9645317199506662,0.7918747805839192,0.9564745711255596,0.8613962971197986,0.643014807932351,0.5207244367840628,0.9649412160698488,0.9239778274830792,0.6002685843540376,0.8401917985984976,0.7207768433582067,0.9428545974512954,0.983769825715386,0.9620174532699497,0.7149464062216138,0.9636846561567867,0.8625130970131787,0.7374009961013606,0.9068979660744425,0.9380906561355631,0.7525629958741797,0.9553262295863932,0.9614262358832523,0.9620174532699495,0.9053437280773231,0.7842162274851666,0.9636846561567869,0.7437997715050169,0.8223745072196005,0.8941188719993178,0.8623579941942761,0.9024440319654483,0.8983060995155134,0.48441178473635427,0.6205421984936224,0.8304244459109726,0.9083158055901508,0.9113677351409675,0.9024440319654483,0.8203832829382254,0.5697160903509708,0.8712499871317279,0.9053437280773231,0.9083158055901508,0.4615315543146091,0.6205421984936224,0.9281978840490723,0.9083158055901508,0.7716249984645243,0.8470383046866881,0.7950607243576513,0.741895509712788,0.8090474633092013,0.9053437280773231,0.9083158055901508,0.739989165989537,0.9083158055901509,0.6602637353692788,0.5409023785566889,0.5333602577807528,0.9083158055901508,0.885205348125451,0.9083158055901508,0.7725560850709456,0.9799487325991088,0.9383863934591393,0.42502972349968826,0.914508262091398,0.5869994808199435,0.9024440319654483,0.9164774721372544,0.8888323772351054,0.8547967899854267,0.9725036606841646,0.6306243695443077,0.9931344261826373,0.8183996995703311,0.8248097316929133,0.6999120079727806,0.7728981832680564,0.8470383046866878,0.8470383046866878,0.8996102754967263,0.9645317199506662,0.9024440319654485,0.9083158055901508,0.8243737901066761,0.9083158055901508,0.8140014882837534,0.9784091431628326,0.9177477332861095,0.869229441512487,0.5869994808199435,0.9113677351409675,0.84491653965526,0.8801055866419675,0.9701221854257087,0.9956958720067637,0.7495016703737525,0.9145082620913982,0.9496980412447956,0.5671720211583602,0.7188373430950927,0.9053437280773233,0.9210985398310312,0.679746166748598,0.9319883865480127,0.8802603884164895,0.8621544900911617,0.9947454453095649,0.7522528830478008,0.9372762352816966,0.9177477332861095,0.7265732831117675,0.6341567286923457,0.5992911629383972,0.9245757305468911,0.6912031960493874,0.9470485044212993,0.8812245968305712,0.8223745072196007,0.9245757305468911,0.6644566398749359,0.6644872373536004,0.9674041840082097,0.2601135878873275,0.9445553534795312,0.914508262091398,0.7120789556074878,0.6867535481931926,0.8303725425782195,0.655434515298461,0.9575139843524121,0.5448652421628188,0.8339790742018602,0.8454289102951198,0.7380805818005265,0.37134415306719304,0.8668824247185152,0.9245757305468909,0.908315805590151,0.9045514955718472,0.9067106641371718,0.962306653551736,0.6604737468470074,0.839509932666737,0.9575139843524123,0.6056274972077111,0.8491750256551862,0.591914008033491,0.8615863569408522,0.791232130768863,0.8554232120265195,0.940651985178989,0.9940139188064141,0.9725133026500219,0.9787649061336618,0.8263815673352466,0.7683999834433903,0.8534965853888821,0.8470383046866876,0.8131302426858462,0.914508262091398,0.9083158055901508,0.9177477332861095,0.9433023405868113,0.9074390503766525,0.9245757305468911,0.9210985398310312,0.983769825715386,0.9083158055901508,0.8862566036435156,0.9245757305468909,0.9319883865480127,0.9845881775546385,0.7663211815484232,0.95791346188841,0.9177477332861095,0.6992014051632143,0.5539360393081944,0.9468592465604011,0.8968368576541013,0.5887552229907667,0.9145082620913982,0.8534965853888825,0.5832490533527068,0.8941188719993178,0.8386336412280213,0.9083531449937755,0.5768879244152629,0.9564427137970299,0.5992911629383975,0.9368208004805827,0.9053437280773233,0.9690915332935233,0.9497748443097028,0.6517131373962839,0.6538641800267646,0.4941565725136944,0.9083158055901508,0.7361695997762774,0.8781745275078816,0.8831523375856207,0.9875903480084592,0.9281978840490723,0.7207768433582067,0.9083158055901508,0.9083158055901508,0.8739376826205694,0.8263815673352464,0.9269279001675303,0.9083158055901509,0.8695340276125694,0.9083158055901508,0.9727028657468246,0.33732534843206885,0.7420127326315442,0.9890271575839276,0.890868322055161,0.888832377235105,0.5799381143237288,0.6446451944649492,0.9083158055901508,0.3962727828510936,0.9819491387087327,0.5968622687445255,0.61902072467046,0.8623579941942761,0.90443866865048,0.6124287930374468,0.6319157801801913,0.9083158055901508,0.5476397388560746,0.9074390503766525,0.8997585764240874,0.7126305074895536,0.9113677351409675,0.5832826525135297,0.8488769712656346,0.9083158055901508,0.8124908642099107,0.6648713646133767,0.9083158055901508,0.890868322055161,0.7513757485844894,0.5667719537070994,0.5036402769258485,0.6430148079323512,0.9083158055901508,0.7922739664515173,0.8544354240446739,0.9399845276374329,0.770040039344025,0.9626636786855896,0.8324605212725527,0.8345070422535226,0.9825972812344487,0.9145082620913985,0.8395099326667368,0.7950607243576513,0.9197431633925512,0.7342560636100548,0.9346677383441686,0.4515036322733126,0.8837215992432159,0.9177477332861095,0.8763348124829184,0.9083158055901508,0.9305571523023599,0.6583686327134117,0.7680556221093067,0.8914519915852106,0.869229441512487,0.9024440319654485,0.858428249470164,0.9113677351409675,0.9024440319654485,0.926199951725728,0.9486714815870392,0.9993563457264397,0.47039875117085783,0.9942054757558696,0.9245757305468909,0.7227125659592488,0.9281978840490726,0.8941188719993174,0.9524990362865899,0.7629331228257952,0.9228716770826351,0.9281978840490726,0.6292319797079646,0.8491750256551862,0.8490655757525509,0.8787630926879593,0.5324995253568836,0.652340587780726,0.8704631266035313,0.7663820129829417,0.8183996995703311,0.8310708281239402,0.8812245968305712,0.9114127741424325,0.8914519915852104,0.8646249603464986,0.8943742600797875,0.9010984107675011,0.9250794253748531,0.8996102754967263,0.9828461242343379,0.9571016985590248,0.8601128166776513,0.8812245968305714,0.8837215992432161,0.49734603931422594,0.8914519915852104,0.5136557543333262,0.8812245968305712,0.9258608077723742,0.818556711446677,0.8704631266035312,0.9824014309141866,0.6268061937912277,0.8781745275078814,0.8183996995703313,0.9245757305468909,0.9065618971807243,0.8268811643733744,0.921098539831031,0.8757298482658957,0.9368208004805825,0.6538634246970003,0.962306653551736,0.9245757305468911,0.8464702161505413,0.4922717521464639,0.41059199447512573,0.9837698257153862,0.8985910278275198,0.6810679965728894,0.9799487325991085,0.8996102754967266,0.708102660137574,0.9083158055901508,0.9210985398310314,0.9083158055901508,0.9083158055901508,0.6728375842128376,0.8837215992432159,0.902139656421576,0.9083158055901508,0.6560061742253842,0.7071125695676161,0.8470383046866878,0.8854896642033439,0.3962727828510937,0.6677970564635558,0.9818196801840412,0.8243737901066763,0.7110385499927911,0.8968368576541013,0.9679802719542601,0.9210985398310314,0.8513275026111498,0.7031689530969074,0.7399891659895372,0.8646249603464986,0.896836857654101,0.9024440319654485,0.9382236402635928,0.6621506625743611,0.8352588480494263,0.9145082620913985,0.992215193507961,0.8888323772351052,0.8787630926879588,0.6576961802402408,0.7452686442540943,0.8623579941942761,0.8304244459109731,0.8837215992432157,0.8556831783106496,0.9145082620913982,0.8888323772351059,0.9113677351409675,0.8709209091456902,0.741895509712788,0.4639507546157252,0.9177477332861097,0.5692863253908155,0.8996102754967268,0.7921693449287015,0.6731703609137225,0.9770171254655825,0.5968622687445255,0.6644558694825604,0.9319883865480125,0.5277662709677735,0.7227125659592488,0.8243737901066761,0.5335547607348402,0.975010423374774,0.8324605212725529,0.8506746092015369,0.9083158055901508,0.9177477332861095,0.8491750256551862,0.9083158055901508,0.5138212218313136,0.888832377235105,0.9024440319654485,0.8962043077275963,0.6193578302349945,0.8837215992432157,0.647383176325032,0.6166989171896216,0.72962009952268,0.8914519915852104,0.7787157073937736,0.9024440319654485,0.8852035671342438,0.7146196643299776,0.9521349754676034,0.9455693733429786,0.6858802914165842,0.7836079326679541,0.5159052861356933,0.7532954954613609,0.9349511714520622,0.7493265596393661,0.5332074615101274,0.8646249603464986,0.8189670055279799,0.9530102635619484,0.9113677351409677,0.7055408538521771,0.8481595002027029,0.8289613143106023,0.9053437280773233,0.585189109978872,0.6071302258511952,0.9852078760340832,0.7817073781194881,0.9145082620913982,0.9587156021980774,0.8587219256270113,0.6152710593021383,0.893182260865099,0.9331416632014295,0.8862566036435153,0.7218451158083203,0.41358880560443523,0.9053437280773231,0.9177477332861095,0.8551336555077049,0.9083158055901508,0.8534965853888821,0.49569427882127004,0.6517131373962839,0.8970943882146084,0.9083158055901509,0.8529098392719747,0.5313236041166798,0.8304244459109729,0.8601128166776513,0.43039826680199267,0.8403526649389759,0.8274702902803872,0.7522461575693389,0.596020395502886,0.8547967899854267,0.7304207083460028,0.7121683842756956,0.9674041840082099,0.9908737607788658,0.9017190217704449,0.914508262091398,0.9427683537514799,0.9319883865480127,0.8692294415124873,0.9024440319654483,0.9319883865480127,0.6442737381456307,0.9017190217704447,0.7688387864347414,0.7325292552620135,0.377752012337903,0.9245757305468909,0.9083158055901508,0.8888323772351054,0.5819759374447888,0.6430148079323514,0.9053437280773233,0.9040165856513842,0.8996102754967263,0.9053437280773233,0.9053437280773233,0.8534965853888821,0.9083158055901508,0.8996102754967263,0.8324605212725533,0.9083158055901508,0.8812245968305712,0.979150359703377,0.9245757305468911,0.9145082620913985,0.9210985398310312,0.9113677351409675,0.9053437280773233,0.6721774555167545,0.7437997715050169,0.8837215992432157,0.7129946683129409,0.9083158055901508,0.9553673640446825,0.8704631266035312,0.5718448028139644,0.6621563767822227,0.8593047647587659,0.9245757305468909,0.7973401263081408,0.8862566036435156,0.8733124723819166,0.8862566036435156,0.9083158055901508,0.8995866400771457,0.9475060008381843,0.9224059250470904,0.7090779006527526,0.9695561678527186,0.9728647695971406,0.9963929344256806,0.9145082620913985,0.9062046269358306,0.7333638841721593,0.9083158055901508,0.8495501384285182,0.3691257060250931,0.9281978840490723,0.48972182380138174,0.9368208004805827,0.9609479118662456,0.683108087718439,0.9024440319654485,0.6228401336242743,0.6112277564385098,0.9083158055901508,0.9083158055901508,0.8449165396552607,0.8395145039430288,0.9853405291251072,0.5277662709677733,0.7207768433582071,0.5036402769258486,0.4456171836070254,0.6386065120392133,0.9103859581885778,0.6623796564082469,0.9083158055901508,0.8203832829382249,0.9177477332861095,0.9319883865480127,0.4570195304884015,0.9245757305468911,0.695213793057168,0.9083158055901508,0.9083158055901508,0.5919608531412901,0.908315805590151,0.6930964790265433,0.8388532239846525,0.6458216770459709,0.18170974877957835,0.8692294415124873,0.8183996995703313,0.7011869753267466,0.5928767765183239,0.9083158055901509,0.8639458506657919,0.6707616557508174,0.9113677351409675,0.9245757305468909,0.8812276347896844,0.7323315226534839,0.8638876671162135,0.9607433231117272,0.9113677351409677,0.5032726207248182,0.9083158055901508,0.6871683774743924,0.9607433231117272,0.8183996995703311,0.9927312955896723,0.5940128049787448,0.8941188719993174,0.8283982939872372,0.9604769917163767,0.9210985398310307,0.6803200389413813,0.7513992168839672,0.8996102754967263,0.9281978840490726,0.860112816677651,0.8763348124829187,0.7680556221093064,0.9177477332861095,0.9053437280773233,0.776015346538792,0.8715698060206929,0.8995866400771453,0.8578882454691334,0.9319883865480127,0.9784091431628326,0.9319883865480127,0.9319883865480127,0.8481595002027031,0.9106214968605923,0.8124908642099109,0.9083158055901508,0.9201010496971588,0.8888323772351054,0.888832377235105,0.9594351467302485,0.5219376084481534,0.9053437280773231,0.8715698060206925,0.8085828971848579,0.9113677351409675,0.6041066231094758,0.8513275026111498,0.998061203626583,0.954831855549512,0.9083158055901508,0.98217204402761,0.9890271575839276,0.7420127326315442,0.9281978840490723,0.878763092687959,0.8812245968305716,0.9498073057572884,0.9083158055901508,0.647383176325032,0.5277662709677734,0.8812245968305714,0.649552864244509,0.6871683774743926,0.6623796564082469,0.9177477332861095,0.6790210620662587,0.7207768433582067,0.6853009046505288,0.6586276354814073,0.9492333450312933,0.9938091458797267,0.9319883865480125,0.854231417604473,0.9706171664191838,0.9318562382509357,0.9657791214744025,0.7090779006527523,0.8243737901066763,0.5159052861356932,0.908315805590151,0.9053437280773233,0.7149464062216135,0.3781175440796154,0.8580268318889419,0.5968622687445255,0.5531277188270105,0.9083158055901508,0.6182322185877194,0.4658372704741902,0.9164078412122378,0.9083158055901508,0.7110385499927911,0.896836857654101,0.9245757305468911,0.8837215992432159,0.9053437280773233,0.45896642302362645,0.8763348124829187,0.8373787539839577,0.9173856837310408,0.8841024872640102,0.8214755447104342,0.5098252789334559,0.9083158055901508,0.869229441512487,0.9083158055901508,0.9245757305468911,0.9205747300049079,0.7912321307688623,0.9319883865480127,0.8669149862082735,0.5713329409081274,0.8283982939872374,0.9164078412122376,0.9083158055901508,0.715281682635592,0.676967123395718,0.9500253261732637,0.8646249603464984,0.5223816706278135,0.9931344261826377,0.6442368396984715,0.8623579941942761,0.8491750256551862,0.8066372587257482,0.5531277188270102,0.8491750256551862,0.6332319625110694,0.9177477332861093,0.37134415306719304,0.8491750256551862,0.9319883865480127,0.8763348124829184,0.9113677351409675,0.9216850020808514,0.9378040766465512,0.8623579941942761,0.8935686853760023,0.8046967529941977,0.5749300060182723,0.8837215992432157,0.8449165396552609,0.8739376826205694,0.9053437280773231,0.8888323772351054,0.6602637353692788,0.9428545974512955,0.5875608790679123,0.6992014051632154,0.8407149013528639,0.0,0.8739376826205691,0.9113677351409675,0.9145082620913982,0.8459770917681007,0.9883249142963813,0.869229441512487,0.9822288465473386,0.8906588542709053,0.9177477332861093,0.9210985398310314,0.7722265844806551,0.8669149862082739,0.9449621659726363,0.9855626270948088,0.8935154426967946,0.7342560636100548,0.9863870935211652,0.8623579941942761,0.9890271575839278,0.9601573538290304,0.7446404091730456,0.8428089760931945,0.8203832829382254,0.7466213291004384,0.921098539831031,0.8206850703583954,0.7760153465387924,0.8763348124829184,0.8996102754967263,0.9573490846757895,0.9346660427854578,0.768440680796779,0.6702700232469361,0.8914519915852106,0.7373429782980203,0.9445567768963545,0.9800848759310334,0.7324189654618372,0.914508262091398,0.952980897791095,0.7950607243576508,0.869229441512487,0.9145082620913985,0.9549428146469847,0.7923388571645829,0.7924354194239962,0.9067106641371718,0.9024440319654485,0.6972103953781388,0.9900858501446139,0.6523405877807262,0.8274574043425174,0.7457021111721933,0.9257410736322063,0.9210985398310314,0.806637258725748,0.8787630926879588,0.7973401263081407,0.9281978840490723,0.793144848471405,0.9245757305468911,0.7082846413734107,0.9210985398310314
p345_S,0.8252281907392185,0.7299623865757152,0.8748942312251944,0.9675603521328207,0.9301606414450718,0.9861053894336533,0.9045076800931511,0.8937772891070255,0.8677481975092114,0.945305581259918,0.9968895860490862,0.9763068251524243,0.9278966962971924,0.5505691504226702,0.9358560990859994,0.8424305171733326,0.9845948329923003,0.7102058370180131,0.6997646690171258,0.945305581259918,0.8872054689129856,0.9165889433486553,0.9114262935403583,0.9324854129452831,0.9630274699754413,0.9057994954598185,0.5711534589748475,0.9178938723744823,0.9922673407988162,0.8174083477281785,0.8968796530895524,0.9373453016197317,0.9214166876382093,0.9775185201428763,0.9301606414450718,0.942546448360206,0.9838585814857688,0.49557642771905686,0.9481929520311925,0.4157341858871898,0.9764965868575897,0.9076492093936459,0.920403730898499,0.9926063688129417,0.8927189720995331,0.7723781563530421,0.9348776724743586,0.8631790748003907,0.9448504224708836,0.8786176172006352,0.9923551296406039,0.7671081261618065,0.9057994954598185,0.9193462939797008,0.921416687638209,0.9021698077369342,0.9489483824282394,0.930160641445072,0.8627063517683394,0.9728091693196088,0.8708278127936304,0.8791734289578073,0.940602637531314,0.8616681034607221,0.8314373374166395,0.8467764459898985,0.9373453016197315,0.8490360114921609,0.9744909805097621,0.9382239240989048,0.6620755375128202,0.9039735099337751,0.97998139075904,0.8280422123728146,0.930160641445072,0.8704840658629898,0.9573422906623257,0.7395028316109791,0.8450857932537048,0.7232987552930362,0.9968895860490862,0.9095242312718104,0.8482638040664267,0.9057994954598185,0.930160641445072,0.5166618236344364,0.915319368665986,0.8177578387867972,0.881927637781732,0.9278966962971924,0.930160641445072,0.5462433624596345,0.786804340961743,0.8239623708568522,0.8986240534007519,0.8920984402161446,0.5564611140377977,0.8720961728433063,0.84000602070437,0.8164291560885188,0.8372870250521196,0.9879700133881204,0.6214526147292148,0.7686173547008337,0.8964283957444481,0.942546448360206,0.7331139349226516,0.8287812757490218,0.9545623789260471,0.7869659175862751,0.5889282949909747,0.7409931849660878,0.9624915843064464,0.9990667538999465,0.9879700133881206,0.9771262165114644,0.919346293979701,0.942546448360206,0.9861053894336533,0.8522358354277606,0.9926063688129417,0.6286090485911004,0.5097716389336273,0.8968796530895526,0.9022031707790973,0.7494909660455031,0.9838585814857688,0.8570520663595729,0.9752830459923437,0.8834832246395512,0.8749740389555236,0.9348776724743584,0.7876055582759072,0.9481929520311925,0.8927189720995332,0.8233538596579564,0.9106603153163206,0.8976252143176513,0.9373453016197315,0.925687886831601,0.9663432515440182,0.945305581259918,0.8247351611670637,0.6792884599876814,0.5930185866151207,0.8770810709357257,0.9629480780132713,0.8283380468764912,0.9039735099337753,0.7534746928129081,0.9922673407988161,0.9310051442015239,0.6800018754437986,0.8366151086510358,0.9526350423385235,0.9039735099337753,0.8930437111904733,0.7649948513812567,0.9214995022309826,0.7608491571499922,0.8759739146579011,0.9589376456981176,0.8124487711907676,0.8142858472151158,0.8586624125474207,0.6887098201121805,0.8091858387065822,0.9947962922931934,0.8986240534007519,0.9247195453614794,0.8633125517052823,0.9278966962971924,0.902169807736934,0.7851306164984646,0.9669057621184365,0.7848451608295747,0.942546448360206,0.8469234123385454,0.9403725843137768,0.7837919486583774,0.8786664463981002,0.9006137075088121,0.9766107126543475,0.9278966962971924,0.8300652029984741,0.6392162357441514,0.8522358354277606,0.8938342322827073,0.9193462939797007,0.8232697605650234,0.9728091693196088,0.897346133022701,0.8489704298372832,0.8180670416112066,0.9610938099054704,0.930160641445072,0.9324854129452831,0.6502205707763308,0.8920984402161445,0.975863642391785,0.8512300448035053,0.9278966962971924,0.930160641445072,0.9420624076429496,0.860912868168795,0.945305581259918,0.930160641445072,0.9943949975805221,0.9159197701772375,0.9768606767794918,0.9214995022309825,0.9516803080213929,0.8784627882818798,0.930160641445072,0.8961322227985651,0.9301606414450722,0.8715235709178974,0.7699331603526708,0.7997224708576764,0.930160641445072,0.9514830230284639,0.930160641445072,0.8823577446417376,0.902725484353464,0.557577717607735,0.8546731630246904,0.8527529638705934,0.8350166981559515,0.9728091693196086,0.845942836075023,0.9153193686659862,0.8583741958708492,0.8216572613196977,0.8884027441326567,0.7325957302550348,0.8616681034607221,0.8769755445526377,0.9575945522950665,0.9432255547074943,0.9483563157149231,0.9159197701772372,0.9235293061149326,0.5492649834557648,0.9256878868316014,0.930160641445072,0.9249476804218122,0.930160641445072,0.741895276918163,0.5650955012197885,0.9923551296406041,0.9737394147108267,0.7922695569345187,0.9324854129452831,0.9139704635473276,0.9545623789260471,0.6236523879100815,0.8681962088300326,0.8809851801860682,0.9348776724743586,0.5550136768642007,0.8236124075183946,0.8315195898938608,0.9278966962971924,0.939897739160851,0.7692689390597727,0.9481929520311925,0.8602801204108435,0.8155751613542839,0.9076492093936457,0.8469234123385454,0.5677935965057783,0.9373453016197317,0.9071213875778139,0.8502728941514012,0.8230061720725883,0.942546448360206,0.8091541747539728,0.8818669950401858,0.8918850562014599,0.6108135496864431,0.942546448360206,0.8659267204691323,0.8532724764630719,0.9398977391608507,0.860162647158031,0.7243154844685655,0.587291259301784,0.9219224280637734,0.7779554067479175,0.9256878868316012,0.9348776724743586,0.9589376456981177,0.7608360221444568,0.9425464483602057,0.766033826607494,0.8943916076574747,0.8953265605968894,0.9171747266991531,0.9382239240989048,0.8705563612990557,0.8314683717743772,0.8387057007283609,0.7325957302550348,0.8358396286217766,0.8886639795414617,0.9348776724743584,0.8314683717743774,0.9506768980005937,0.948836513352758,0.9372858620764026,0.8935849837824918,0.6795984937770287,0.8138187319407232,0.8187739216664083,0.6258270092263616,0.945305581259918,0.9269440685361907,0.945305581259918,0.9775185201428762,0.9159197701772372,0.7538096788058788,0.9348776724743584,0.930160641445072,0.9373453016197317,0.8695012268327253,0.6718063702657966,0.942546448360206,0.9970639700164783,0.9752830459923437,0.930160641445072,0.9545623789260471,0.942546448360206,0.7232987552930359,0.9982103757454244,0.9771285463001179,0.9316031987068059,0.9373453016197315,0.8379276408825638,0.7914571962274703,0.8394122433276737,0.9214166876382093,0.6968748369723712,0.9348776724743586,0.9219224280637737,0.7592543318170397,0.9193462939797008,0.8770810709357255,0.9481929520311925,0.8060251468006094,0.709361048693942,0.7802590308511559,0.9694672365613162,0.9278966962971924,0.9366456438847295,0.8401932222853271,0.8428436589843264,0.7796360613549949,0.7459622783032684,0.930160641445072,0.8458430799534007,0.9530379936367415,0.7708135242438467,0.9475307221016044,0.945305581259918,0.856012292184962,0.930160641445072,0.930160641445072,0.9039735099337751,0.8973461330227013,0.5993675834004606,0.9301606414450722,0.945305581259918,0.8705563612990554,0.9675603521328204,0.8586624125474207,0.8180670416112066,0.9701978599269917,0.6472838723190006,0.7064743333669563,0.7398319098573323,0.7657038800159066,0.930160641445072,0.9143168314046379,0.8198419226166265,0.7997746155532763,0.7607318551611872,0.7528754052666147,0.7848307605339011,0.9348776724743584,0.8270068740130301,0.930160641445072,0.7628779746057744,0.979002104283531,0.8300652029984741,0.7224564850054487,0.9838585814857688,0.8981450843218932,0.7198098448893386,0.930160641445072,0.8852751342149694,0.8177578387867972,0.930160641445072,0.9992556488110439,0.874255087882503,0.8965494592220871,0.7526768908017489,0.7927320658084549,0.930160641445072,0.7393559426263299,0.8490360114921609,0.9398977391608507,0.854818394215395,0.9052454861192005,0.9634189144741114,0.8739376826205691,0.5525645315904311,0.9879700133881206,0.9171653119248926,0.8704840658629898,0.8055043576775879,0.8442487088032293,0.7974906328567795,0.9303041623348922,0.9114262935403585,0.9923551296406039,0.595007436761362,0.930160641445072,0.9978387378693494,0.7273670127525249,0.9385136860318242,0.9173148291382112,0.9003870625528829,0.925687886831601,0.9974010977684811,0.8620219128927744,0.925687886831601,0.8252984164236823,0.5716318654152466,0.963182708910274,0.9106603153163206,0.7474786408154256,0.942546448360206,0.8117398051767222,0.9922673407988163,0.94914446122858,0.9923032503352311,0.8986915504360733,0.7905201773596356,0.8049861069750193,0.8968810646598318,0.9178938723744823,0.8475066588280649,0.9857286773137051,0.9153193686659862,0.8955832386010318,0.9348776724743586,0.8884027441326567,0.9947962922931933,0.8816399835277959,0.5344217736533475,0.9947962922931933,0.9968895860490862,0.8968796530895524,0.6769077709247104,0.7514131795808174,0.6831273930880533,0.892718972099533,0.8532724764630721,0.8508246242102175,0.9976903810580002,0.9492423737771563,0.9114262935403588,0.7482163224117381,0.9173148291382112,0.8659267204691327,0.9492423737771563,0.8570244110589611,0.7045750816172167,0.8527529638705941,0.892061112834474,0.9588402929666442,0.7818119149988475,0.9764965868575899,0.942546448360206,0.9583993585096768,0.9607803343920254,0.7171048757053848,0.9506768980005937,0.6630293198676153,0.9694672365613162,0.9923551296406041,0.942546448360206,0.7821219002581777,0.9086928131696925,0.9926063688129417,0.9278966962971924,0.9278966962971924,0.801071542238234,0.8723787692931402,0.9235293061149328,0.7787082864864663,0.930160641445072,0.939897739160851,0.930160641445072,0.930160641445072,0.794548727808108,0.9114262935403585,0.9104791522806426,0.930160641445072,0.7813115740503963,0.8219664899912558,0.9867705932097048,0.6889909708153217,0.8366151086510358,0.8995921868852623,0.836272447355894,0.8662187967802519,0.825154110106769,0.921416687638209,0.8970782185921151,0.9398977391608507,0.9198942322161898,0.7802590308511557,0.8254879058389588,0.8177883943306523,0.9662633710722657,0.9256878868316012,0.8041011570512533,0.939897739160851,0.5525645315904308,0.9589376456981176,0.8187079056263163,0.9153193686659862,0.7019534510060579,0.9114262935403583,0.8609609961187394,0.7176782276174095,0.9009164784975774,0.9518647719377948,0.8900683556162929,0.9348776724743584,0.9573422906623259,0.6565292387308322,0.9897191309312476,0.8270134485526379,0.9258768304089705,0.9923551296406039,0.9214995022309826,0.9235293061149328,0.9958668930446197,0.9082023278777084,0.926872917137112,0.7997746155532763,0.9347829309054405,0.7232987552930359,0.7483276205739182,0.8347000573825087,0.8955832386010321,0.7741192897807863,0.7905201773596361,0.9027254843534638,0.9942587753431791,0.930160641445072,0.9923551296406039,0.9837570507471833,0.9301606414450718,0.9514830230284642,0.915319368665986,0.9256878868316014,0.8844226815711156,0.9426813816659532,0.6437504440878419,0.7745780568529606,0.9453055812599183,0.7045750816172167,0.9602126215445626,0.840771141677066,0.925687886831601,0.9662633710722657,0.9312898439039949,0.7597147744459034,0.8124487711907681,0.9336022679318308,0.9124829726497719,0.8048084222843361,0.8361760619708303,0.6758413647628255,0.8123689829417176,0.9036167953754732,0.8968796530895526,0.945305581259918,0.9218223944261854,0.9324854129452833,0.8151004936404916,0.9543121222425925,0.8527082022594994,0.9278966962971924,0.7434303000178244,0.6968748369723712,0.9861053894336532,0.9619550865744262,0.9589376456981176,0.6823806307371935,0.9506768980005937,0.9466889433536754,0.8938342322827073,0.9247878765480751,0.9957674544753028,0.860162647158031,0.9173148291382112,0.9278966962971924,0.9373453016197315,0.9481929520311925,0.930160641445072,0.9219224280637734,0.966556799484175,0.7995848241600538,0.6012544641739158,0.9301606414450722,0.8395187517114717,0.7344391423762344,0.9009164784975772,0.9675603521328204,0.8973461330227008,0.6557936520481551,0.8884162571534371,0.7593701789864705,0.9003870625528827,0.8583741958708491,0.864269241003063,0.7147247085916452,0.939897739160851,0.6345856922664819,0.9489483824282394,0.9058453047843557,0.9218975021343331,0.6575970967578812,0.9003870625528829,0.5559780058003156,0.6575970967578817,0.919346293979701,0.7256256676759997,0.930160641445072,0.9420237341191509,0.8935849837824916,0.9978387378693494,0.9301606414450718,0.9573422906623259,0.7884702601913864,0.8358396286217766,0.9278966962971924,0.9923551296406039,0.9235293061149328,0.9278966962971924,0.9278966962971924,0.8884027441326567,0.930160641445072,0.9235293061149326,0.9330721994137876,0.930160641445072,0.45498548864265576,0.9869245398287897,0.942546448360206,0.9879700133881206,0.939897739160851,0.9324854129452833,0.9278966962971924,0.7219521587193671,0.8285391598107976,0.9114262935403585,0.8267464589342428,0.930160641445072,0.7331139349226519,0.9879700133881204,0.9889605162825024,0.7805377855102891,0.6974689360615418,0.6997646690171246,0.9838585814857688,0.9545623789260471,0.7921513199835891,0.7982071677784179,0.9301606414450718,0.9159197701772372,0.7993605906987749,0.9682126412345016,0.9364791732764937,0.7824006240173302,0.9382239240989046,0.9448504224708836,0.9879700133881206,0.5813803596210332,0.851075184325023,0.930160641445072,0.9301606414450718,0.9161623906277918,0.945305581259918,0.7949380756610562,0.9694672365613162,0.7824006240173309,0.8688177308127338,0.925687886831601,0.8198646537510446,0.7680366389498345,0.930160641445072,0.930160641445072,0.9139704635473276,0.8758769356498632,0.546492366804141,0.7699368443326815,0.8789147099104677,0.7962679180353065,0.857976177822354,0.7892758704681684,0.8190726528861467,0.82979589797912,0.930160641445072,0.9499371710476525,0.9923551296406039,0.9481929520311925,0.7422680436176831,0.942546448360206,0.8569052802857773,0.930160641445072,0.930160641445072,0.7960371182720356,0.7210941133571502,0.785782964494679,0.9573422906623259,0.6769347696360533,0.8616681034607221,0.9895844092102013,0.9373820505947594,0.8171753925161551,0.7180221525383872,0.9301606414450722,0.7921513199835895,0.7929089154183595,0.9324854129452831,0.942546448360206,0.8970782185921151,0.8878884562666847,0.7799704074374373,0.7818119149988476,0.9324854129452833,0.9013861046986074,0.930160641445072,0.8059295364969024,0.9475307221016044,0.9190823451591559,0.9003864327263246,0.8209028603955169,0.919346293979701,0.8692844153563803,0.6860290252261926,0.9457697991278943,0.8192881242230787,0.8826784550193056,0.9694672365613162,0.9922673407988162,0.9281918474396416,0.9441989622120355,0.7863087827580384,0.9373453016197315,0.9278966962971924,0.8546731630246902,0.9393902601956408,0.6624051378328459,0.9260693029293159,0.9481929520311925,0.7597147744459034,0.9861053894336532,0.9481929520311925,0.7520434595496035,0.8900683556162929,0.8852751342149694,0.9799813907590402,0.9922673407988161,0.9153193686659862,0.9573422906623259,0.6952124083872685,0.9214166876382093,0.9278966962971924,0.9021698077369342,0.8819276377817316,0.9324854129452831,0.9549813042300448,0.8867504707956384,0.8010715422382337,0.7694695974277508,0.930160641445072,0.5462433624596345,0.9301606414450718,0.8180670416112068,0.945305581259918,0.8581123868461766,0.9095242312718106,0.7270980867502024,0.930160641445072,0.7745780568529606,0.7051091730563913,0.9095242312718106,0.7762694567332855,0.8059295364969021,0.7863087827580384,0.9923551296406039,0.7994460081487622,0.9476219630869853,0.8410971280095758,0.7761923060583291,0.724627400882714,0.6914623522346927,0.9204037308984989,0.9672582712673323,0.7210941133571525,0.9688293585413835,0.9417675268326102,0.8235608400569419,0.8662187967802519,0.7397227148727665,0.930160641445072,0.9278966962971924,0.851075184325023,0.9754161368549595,0.7493206485585404,0.7997746155532763,0.788393167488709,0.930160641445072,0.7520214216772614,0.9325773481711062,0.4810706168043116,0.930160641445072,0.825154110106769,0.7198098448893386,0.942546448360206,0.9114262935403588,0.9278966962971924,0.9127371683538381,0.9057994954598185,0.8017169598895761,0.9861688348869458,0.9729932526230418,0.8055043576775879,0.7353329498100644,0.930160641445072,0.9737394147108267,0.930160641445072,0.942546448360206,0.6703178094952824,0.8409735269221552,0.9481929520311925,0.9347829309054405,0.79774608746499,0.8692844153563803,0.9675603521328204,0.930160641445072,0.9255218291171897,0.7978171262544571,0.7180221525383872,0.8891213824756009,0.8834832246395519,0.9923551296406039,0.8968796530895524,0.8951528182413433,0.885110846748371,0.8802681711979423,0.7454622072918122,0.885110846748371,0.8934425806304627,0.5675662461924176,0.868878538885111,0.885110846748371,0.9481929520311925,0.9406026375313139,0.9324854129452833,0.7344011354382141,0.6364121440057205,0.9303499958905475,0.7330124861800764,0.9022818036223246,0.8834832246395514,0.9923032503352311,0.8818669950401858,0.9417675268326104,0.9278966962971924,0.9573422906623257,0.7846477833261183,0.6200676840410286,0.9896123046512102,0.7708702022977243,0.8786664463981,0.8739376826205691,0.0,0.9324854129452831,0.9348776724743586,0.922972598049228,0.8406986795053747,0.9003870625528829,0.58614647234151,0.9922240981208397,0.9373453016197317,0.9970639700164783,0.9016988935856771,0.8986240534007521,0.6718987417728542,0.8867504707956384,0.8891213824756008,0.8675867248223019,0.5921817900321387,0.9655471735397518,0.9301606414450718,0.8203709025442094,0.6061663929593682,0.6747762489536862,0.9210178056318985,0.8394717074954989,0.9457697991278943,0.9439988362117595,0.8293823202072206,0.9057994954598185,0.8467810416531496,0.920581559075804,0.7077250838010234,0.8236124075183946,0.9481787526124408,0.6966050392046277,0.8772115323314944,0.6364121440057208,0.846475574297378,0.8050224845855389,0.8527529638705935,0.9838585814857688,0.8704840658629898,0.9003870625528827,0.7465682820430697,0.9741679766917546,0.8602763835208993,0.8203869582658742,0.7915844182403534,0.9256878868316012,0.8139730754420307,0.8124487711907683,0.6345856922664819,0.9348776724743586,0.8776124707985629,0.931603198706806,0.939897739160851,0.8802681711979423,0.6238739830859985,0.9324854129452833,0.945305581259918,0.760849157149992,0.9978387378693493,0.8772448479857323,0.939897739160851
p346_S,0.8773823348409291,0.9432937551644589,0.8954023823601893,0.9332153268971211,0.9508971383859763,0.9635753483468392,0.9238651969240403,0.9488424197106929,0.9070160137452734,0.27474411683835664,0.9418654668890594,0.9493053971730234,0.9493053971730236,0.9250812961986934,0.9592855403168912,0.679376868354673,0.9462347596389562,0.9337692322192535,0.9596053879391779,0.9535979799037622,0.9639761796506587,0.9404624926714933,0.9926931063209248,0.4189873417721509,0.9390829980374291,0.9337692322192532,0.9462347596389562,0.9192233962368053,0.9615452872130625,0.8686177747370926,0.9274978432118415,0.9559485503920393,0.9447494136270191,0.9215378731313923,0.9508971383859763,0.9596053879391779,0.9776371308016876,0.9447494136270194,0.23265400517341916,0.9838585814857688,0.9027412033397848,0.7995979460862803,0.9635753483468394,0.9158139617897607,0.9462347596389562,0.8838195340791779,0.9542136024350836,0.8996469044180131,0.9324854129452831,0.8954023823601893,0.37108084252019036,0.8860505626205668,0.9337692322192532,0.9432937551644589,0.7504515182153702,0.9312172606999456,0.6134410051336938,0.9508971383859763,0.8058346231513471,0.9477524209177308,0.9091812387167526,0.8367671217737243,0.9337692322192532,0.7460661236289652,0.9577431256853024,0.8302837275767865,0.9559485503920393,0.851173625798521,0.951807182854727,0.9596053879391779,0.9238898933303421,0.9838585814857688,0.9136608016620084,0.8068502742363659,0.9508971383859763,0.8902416609981851,0.9975839852098576,0.9418654668890596,0.8890194193065106,0.9635753483468392,0.533338247845814,0.9363880304285925,0.9287243013130126,0.9096423096705528,0.9508971383859763,0.9203761879341787,0.9404624926714931,0.8698447141053747,0.6123743498876093,0.9493053971730236,0.9508971383859763,0.8954023823601893,0.8000054315513374,0.8916364199492739,0.9729746309145174,0.9038035415131251,0.8933314369864678,0.9276228731395859,0.7571471671425036,0.8842670595891771,0.98181078671843,0.9542136024350834,0.9508971383859763,0.8627880798184886,0.908617313561257,0.9596053879391782,0.9102716897738727,0.7869450188228924,0.9390829980374291,0.7431358041037721,0.9144193028520167,0.5873320905808667,0.9898740686423377,0.9124696683389528,0.9542136024350836,0.9358833380950871,0.9432937551644589,0.31108825248997707,0.9635753483468394,0.97615821245073,0.9158139617897607,0.7872287551174811,0.9390829980374291,0.6361709950266952,0.9337692322192535,0.9384483505673138,0.9525316455696202,0.9634382098178783,0.9493053971730234,0.9496485824638997,0.9448543512076253,0.9542136024350834,0.9559485503920393,0.7685011028265788,0.9462347596389562,0.8693621924380665,0.6985619740287571,0.9559485503920393,0.9559485503920393,0.9477524209177308,0.840497711631859,0.9615452872130623,0.9201654654521199,0.8759848927128513,0.7815506747718315,0.913577797842458,0.9339037414170339,0.812693856710479,0.9133950814332601,0.8258956469281089,0.9615452872130625,0.9091812387167526,0.7551472518010753,0.8851268700668165,0.9559485503920393,0.9324854129452831,0.8985286024183268,0.9169426994374763,0.8492546100688053,0.8892155845940946,0.8631222787530046,0.9542136024350834,0.9363880304285923,0.7810179711563532,0.9390983012237011,0.9192233962368055,0.6787083545554966,0.9027412033397848,0.9287243013130126,0.7759688570104208,0.9332153268971211,0.9493053971730236,0.9312172606999456,0.9981325409442718,0.9541501193150563,0.8820731393531338,0.9596053879391779,0.7212777238987409,0.98509883994281,0.9651612834412151,0.7002602842021484,0.8922994432827853,0.9312172606999456,0.9493053971730234,0.8638069066950453,0.8587016255621231,0.9594203044569571,0.6594464654204695,0.9432937551644589,0.9741270364328649,0.4757826232079021,0.9070160137452734,0.9177021057109449,0.8537840147521548,0.6000267615321473,0.9508971383859763,0.2094936708860765,0.947752420917731,0.5458577070940647,0.8410267207478741,0.8954023823601893,0.9848910203339206,0.9508971383859763,0.8729445628956358,0.9714958007098069,0.27474411683835753,0.9508971383859763,0.8876449934411474,0.9180790428976138,0.8902416609981851,0.8617682235186914,0.9080961023073577,0.9493053971730234,0.9508971383859763,0.6911296691361122,0.9508971383859762,0.9066163701727092,0.8748900904594734,0.8715311586797313,0.9508971383859763,0.8983739487948561,0.9508971383859763,0.8335403947084745,0.9102716897738727,0.9192233962368053,0.9144193028520167,0.9542136024350834,0.8144472611771494,0.9477524209177308,0.9523391253205785,0.5454440744832266,0.9091812387167526,0.8283774467177323,0.9215378731313923,0.9559485503920395,0.902741203339785,0.7356347898069092,0.9059407181827084,0.9775686491148365,0.9180790428976138,0.9621698344437759,0.30444757469765305,0.8892155845940946,0.947752420917731,0.9508971383859763,0.9059407181827082,0.9508971383859763,0.8157688865369468,0.9180790428976138,0.8945024258106785,0.929963842972795,0.8144472611771494,0.20949367088607662,0.9169426994374763,0.9390829980374291,0.8964416496516883,0.9418654668890594,0.8658418182833449,0.1797693921942033,0.8759848927128513,0.9097700783194738,0.7158195455115817,0.9493053971730236,0.9577431256853026,0.8346191856858272,0.23265400517341916,0.9300535008187536,0.8572614091511308,0.9350697345319547,0.908617313561257,0.8790268110981545,0.9692769377093197,0.7072191268640757,0.7869450188228921,0.8435002207563184,0.9596053879391782,0.8949399014301702,0.9169426994374763,0.9363880304285923,0.9048699718936313,0.9596053879391782,0.9515478783940845,0.8246021280310368,0.9577431256853024,0.9404244238472443,0.9250812961986934,0.9542136024350834,0.967100967856847,0.7749200871902091,0.947752420917731,0.9542136024350834,0.9736183137840242,0.8344943451945636,0.9596053879391779,0.8439442411733156,0.8597250809841577,0.9251662135150307,0.9953090053732514,0.9596053879391779,0.9508971383859763,0.9324854129452831,0.947752420917731,0.9559485503920393,0.8396138091088564,0.5559337211717941,0.9542136024350834,0.9324854129452831,0.919223396236805,0.8510619252935183,0.5836600746209311,0.6112078525332936,0.8441922549828875,0.8283774467177323,0.8234244620016957,0.9109264520435436,0.9615452872130623,0.9070160137452734,0.9615452872130625,0.9215378731313923,0.5528314585484417,0.9124696683389528,0.9542136024350831,0.9508971383859763,0.9559485503920393,0.7348251785689416,0.9337692322192535,0.9596053879391782,0.8868454810017546,0.9493053971730234,0.9508971383859763,0.9390829980374291,0.9596053879391779,0.9635753483468394,0.913577797842458,0.8591052725560666,0.9363880304285923,0.9559485503920393,0.7357270719910649,0.8346191856858272,0.9390829980374291,0.9447494136270194,0.8771251090843863,0.39627364353688344,0.9215378731313923,0.847571515401299,0.9375331207684674,0.9135777978424582,0.9635753483468394,0.790522960762716,0.9215378731313923,0.8078642642936515,0.9462347596389562,0.9493053971730236,0.9238898933303421,0.8892155845940948,0.7749200871902091,0.961768505940968,0.8545251315798741,0.9508971383859763,0.8587016255621229,0.44889433324015393,0.9227089361519578,0.9203761879341787,0.868741247020586,0.7759688570104208,0.9508971383859763,0.9508971383859763,0.3482902274879184,0.5297319701705395,0.8638069066950456,0.9508971383859762,0.9615452872130625,0.9508971383859763,0.9250812961986934,0.9006279533325656,0.7955439532394758,0.981381831638016,0.9262837350880504,0.9404624926714931,0.8681619357560897,0.8440510684196687,0.9508971383859763,0.9203333571111534,0.9192233962368055,0.8091947986859859,0.9227510399128597,0.9262837350880504,0.9920021540663962,0.9542136024350834,0.7884016635964688,0.9508971383859763,0.8332805056157586,0.9337692322192535,0.8961222571494825,0.8356947337145706,0.907805907172996,0.8670360756633027,0.9447494136270194,0.9508971383859763,0.9759907361775699,0.9578857215259217,0.9508971383859763,0.9301863608775064,0.8773823348409291,0.8782416695665334,0.8510619252935181,0.7810179711563532,0.9508971383859763,0.7866875306684661,0.8607472522091426,0.9577431256853024,0.9199154281937727,0.8806884293366942,0.9102716897738727,0.9113677351409675,0.8995766368965674,0.9542136024350836,0.90460885154323,0.8902416609981851,0.9377253379624282,0.7933678017570136,0.9802349352314221,0.908617313561257,0.9377253379624282,0.9559485503920393,0.9859653849226513,0.9508971383859763,0.9596053879391779,0.904869971893631,0.8261471314997648,0.9418654668890596,0.929963842972795,0.947752420917731,0.8637272009793018,0.9525316455696202,0.9477524209177308,0.9998238347481486,0.9508971383859763,0.9432937551644589,0.9774606088197605,0.9070160137452734,0.9593605721085061,0.8364082345766712,0.9615452872130625,0.9432937551644589,0.9377253379624282,0.7825152124493322,0.9404624926714931,0.9615452872130625,0.7840019956468417,0.9637851559795012,0.8954023823601893,0.9350697345319547,0.9404624926714933,0.9458556185436358,0.9542136024350834,0.9215378731313923,0.6290018992852155,0.8810570257461647,0.9363880304285923,0.9801945723164652,0.9418654668890594,0.9274978432118415,0.8452423104895888,0.8712459842099078,0.9486563558223773,0.9462347596389562,0.8246021280310369,0.8943656982526555,0.5081051961845664,0.9363880304285925,0.9377253379624282,0.8533735784330467,0.9415131363853565,0.888282977993461,0.9363880304285925,0.9180790428976138,0.8004488158253994,0.9542136024350834,0.943851136706642,0.9774402702058507,0.9654282935645837,0.9021517560872985,0.9596053879391779,0.8475715154012993,0.7695478295226104,0.9577431256853024,0.9637851559795012,0.9462347596389562,0.9462347596389562,0.9559485503920393,0.31108825248997707,0.9274978432118415,0.8613811475412915,0.9158139617897609,0.9493053971730236,0.9848910203339206,0.8890194193065104,0.5534770339719253,0.9462347596389562,0.9097700783194738,0.9508971383859763,0.9577431256853026,0.9508971383859763,0.9508971383859763,0.9734928436170864,0.5675647468111022,0.9215378731313923,0.9508971383859763,0.86018015495147,0.8199114105132118,0.9180790428976138,0.920260673034247,0.9555398441554901,0.8416859998638053,0.610196543896852,0.7348251785689417,0.9067735960486834,0.5066122636892819,0.7844149639904647,0.9577431256853026,0.9203761879341787,0.9531290621894977,0.956773626206588,0.9274978432118415,0.9447494136270194,0.47578262320790277,0.9464971980415811,0.9577431256853026,0.8995766368965674,0.9542136024350836,0.9038035415131251,0.5454440744832254,0.9350697345319545,0.9377253379624282,0.9476804655322011,0.9262837350880504,0.9091812387167526,0.9523391253205784,0.9390027279901941,0.9542136024350834,0.9404624926714933,0.9525316455696202,0.9169426994374763,0.97768890625214,0.876007953269136,0.9559485503920393,0.8938767975645252,0.4917769911135028,0.7866875306684662,0.893331436986468,0.9493053971730234,0.8091947986859861,0.9778748351992477,0.9635753483468394,0.8416859998638051,0.8514945068923672,0.6549953778470861,0.9272710960053039,0.9975839852098576,0.6359772303187254,0.8861469711805039,0.9508971383859763,0.9559485503920393,0.9637851559795012,0.9508971383859763,0.8983739487948561,0.8881730297134129,0.947752420917731,0.9287243013130126,0.8670360756633027,0.9377253379624282,0.7779912562124376,0.9615452872130625,0.8296106003559922,0.8832024380225645,0.8709172314094928,0.947752420917731,0.9447494136270194,0.8433452363094305,0.9180790428976138,0.9363880304285923,0.9623356286887417,0.8841079446138815,0.8464015114623487,0.6734945323182018,0.9215378731313923,0.8000054315513374,0.8658418182833447,0.9274978432118415,0.9615452872130625,0.9950927970641263,0.9525316455696202,0.8441922549828875,0.9743145807345088,0.9713658331823793,0.9493053971730236,0.8028669104368944,0.8462899393398311,0.9471168020443,0.8031489620753832,0.9542136024350834,0.9203761879341787,0.9192233962368055,0.9881361984083077,0.659446465420469,0.9274978432118415,0.8928876048824795,0.9046088515432302,0.9418654668890594,0.7216766903616981,0.9559485503920393,0.9635753483468392,0.9508971383859763,0.5317049901631526,0.9029008905962475,0.8722711465586108,0.9227089361519578,0.9508971383859762,0.9938748544783449,0.8302837275767865,0.9091812387167526,0.9250812961986934,0.9070160137452734,0.8954023823601893,0.9203333571111532,0.7997231721817385,0.9798175375448483,0.9909799053419359,0.8556227195178281,0.8943656982526555,0.9577431256853026,0.9059407181827079,0.6134410051336938,0.9542136024350834,0.918079042897614,0.9635753483468392,0.929963842972795,0.947752420917731,0.9635753483468394,0.9432937551644589,0.9312172606999456,0.9508971383859763,0.8473352221942345,0.9239484101648905,0.9596053879391779,0.7104977117339852,0.5454440744832262,0.8342416479355359,0.867407001128625,0.9493053971730236,0.9559485503920393,0.946234759638956,0.9493053971730236,0.9493053971730236,0.9873359374176982,0.9508971383859763,0.49177699111350115,0.7184774266655263,0.9508971383859763,0.9363880304285923,0.8943656982526555,0.9596053879391779,0.9542136024350836,0.9645511776582262,0.907805907172996,0.9493053971730236,0.8175967654512281,0.8627880798184886,0.9377253379624282,0.8145231934700623,0.9508971383859763,0.9102716897738727,0.9542136024350834,0.9363880304285923,0.8587723848865851,0.9113677351409675,0.9596053879391779,0.9525316455696202,0.5568288107222951,0.9496485824638998,0.9950927970641263,0.9508971383859763,0.6851038331869268,0.9238898933303423,0.9274978432118417,0.8441922549828877,0.9418654668890594,0.9596053879391779,0.9324854129452831,0.9542136024350836,0.9247279175325265,0.9091481169388318,0.9508971383859763,0.9508971383859763,0.8861469711805039,0.27474411683835753,0.8737714100411207,0.9462347596389562,0.9418654668890594,0.8302837275767865,0.947752420917731,0.7980063102019075,0.8010995999443995,0.9508971383859763,0.9508971383859763,0.9169426994374763,0.8367671217737243,0.9059407181827079,0.8352079045667511,0.7759688570104208,0.8510619252935181,0.876007953269136,0.7840019956468418,0.9350697345319545,0.9148147732156012,0.9508971383859763,0.8996469044180132,0.9559485503920393,0.23265400517341916,0.8670360756633024,0.9596053879391782,0.897305029552881,0.9508971383859763,0.9508971383859763,0.8118346753749686,0.9508971383859763,0.8038284825883464,0.9404624926714933,0.8617682235186914,0.9417626114543682,0.9299638429727952,0.9027412033397848,0.7338287578291098,0.8871665345934707,0.9508971383859762,0.918079042897614,0.8199025531916302,0.9525316455696202,0.8783265321561908,0.9290120195510647,0.773367259636109,0.7050122166355903,0.9203761879341787,0.9525316455696202,0.8961222571494827,0.9508971383859763,0.8925735187689807,0.629102755761773,0.6680233073997985,0.8769985528794617,0.9029008905962475,0.8779465587349308,0.9080961023073577,0.8905177901464341,0.9577431256853024,0.9396990861996748,0.7740532273736959,0.9462347596389562,0.9615452872130625,0.9332153268971211,0.9618384623739509,0.8782940627807798,0.14675730682426624,0.9493053971730236,0.8800416198957273,0.9312172606999456,0.9621698344437761,0.9361520771826761,0.7685011028265789,0.918079042897614,0.9635753483468394,0.9635753483468394,0.9059407181827079,0.9227089361519578,0.8995766368965674,0.9508971383859763,0.9615452872130623,0.9404624926714933,0.9452945222517775,0.837836432444947,0.9447494136270194,0.9493053971730234,0.8664086352261164,0.8974836658533198,0.4189873417721507,0.8460940724740424,0.9895196008050119,0.8291911258056228,0.807633422967587,0.9508971383859763,0.8954023823601893,0.9508971383859763,0.9714958007098067,0.27474411683835664,0.9587973377153389,0.9363880304285925,0.8607472522091426,0.9508971383859763,0.9578857215259216,0.8416859998638051,0.5777143866144243,0.7764613417359436,0.7467350328374356,0.7670353703558732,0.9559485503920393,0.9774402702058513,0.9127200248974268,0.9298058441100168,0.8381090821523731,0.9926931063209248,0.8483782396901203,0.9635753483468394,0.9377253379624282,0.9508971383859763,0.9016827426948626,0.9324854129452831,0.9976814323658165,0.7348251785689416,0.8464015114623487,0.9136608016620082,0.9493053971730236,0.8473352221942345,0.8983739487948561,0.8995766368965674,0.8091947986859861,0.8308387495037686,0.9508971383859763,0.7969455184581443,0.900633073794324,0.9250812961986934,0.9508971383859763,0.7855699761558455,0.9447494136270194,0.9596053879391782,0.9377253379624282,0.9493053971730236,0.9763334103047518,0.909642309670553,0.9006279533325661,0.9312172606999456,0.9113677351409673,0.9377253379624282,0.8487381822088336,0.9508971383859763,0.9703287678830981,0.9508971383859763,0.3110882524899772,0.8692863322387205,0.9954628312882465,0.23265400517341916,0.9287243013130124,0.8967049201048769,0.9702231371475841,0.9250812961986934,0.9508971383859763,0.8285830311324829,0.8151007362602645,0.918710349669114,0.9759790834075597,0.9180790428976138,0.9692769377093198,0.9274978432118415,0.5474399501189944,0.9192233962368053,0.9911720750522751,0.8308387495037686,0.9192233962368053,0.9250812961986934,0.9559485503920393,0.8892155845940946,0.9192233962368053,0.23265400517341916,0.9337692322192535,0.9776371308016877,0.8892155845940946,0.9848910203339206,0.4517533474293658,0.9363880304285925,0.8954023823601893,0.9180790428976138,0.9377253379624282,0.9169426994374763,0.6051560701903466,0.9190874378408648,0.37407959686813297,0.9066163701727092,0.9250812961986934,0.904869971893631,0.826877824861114,0.9569584625439047,0.9113677351409675,0.9324854129452831,0.0,0.9542136024350834,0.904869971893631,0.8974836658533198,0.929963842972795,0.9299638429727952,0.9038035415131251,0.9559485503920395,0.9577431256853026,0.8153201760685997,0.9287243013130129,0.9040384689315535,0.9444674951746068,0.9274978432118415,0.85681423739563,0.9390829980374289,0.9741270364328649,0.9508971383859763,0.9949208478101401,0.9167698423523449,0.9545786956633123,0.9038035415131251,0.8622912971119269,0.9577431256853024,0.9417728426922435,0.8105592334976686,0.9337692322192535,0.9913221015557613,0.9778748351992477,0.9027412033397848,0.8199484368275463,0.7969455184581442,0.9418654668890594,0.8804734569104509,0.9493053971730234,0.6860056979951618,0.8579639412160385,0.9542136024350834,0.9525316455696202,0.7844149639904643,0.9299638429727948,0.9014502300031313,0.9016827426948626,0.7717727770614642,0.8613811475412916,0.9881959173184504,0.947752420917731,0.8892340377547685,0.8476574882571928,0.9059407181827082,0.9542136024350836,0.7807242383061463,0.9363880304285925,0.9577431256853026,0.8964416496516883,0.9881361984083077,0.9776371308016876,0.27474411683835664,0.9611168424359666,0.3110882524899772,0.8545251315798741,0.9577431256853026
p346_T,0.8086886533123154,0.9315357783043753,0.6776822402306107,0.9765510393593577,0.9526370111116407,0.9648659912110238,0.8394385952949948,0.8701961684516679,0.9103107362174547,0.9493957255905625,0.39319229787439447,0.9511016704226434,0.9511016704226434,0.9277359074596556,0.9604370865528187,0.8931410336709438,0.9227946422906831,0.9361160018916064,0.9610366993022688,0.9629078616894176,0.8951222364985463,0.4080645809418807,0.9464536062171711,0.9736183137840242,0.42203304800755903,0.9361160018916064,0.9481398354780852,0.922085571782991,0.9629078616894176,0.8205034403032452,0.9300668284196516,0.9652137684610215,0.9467071200650465,0.9243180392978652,0.9526370111116407,0.8714717093867046,0.2519374759750954,0.9467071200650463,0.9648659912110238,0.9348776724743586,0.9061873961293254,0.9922127245794843,0.9648659912110238,0.9187969445925779,0.9481398354780852,0.9224293813249016,0.2237494366831898,0.9478374857144207,0.481106577474263,0.8991086132420372,0.957509435301382,0.9247654558966605,0.9361160018916064,0.945303040275778,0.9467071200650463,0.9336544549523982,0.9859410630732464,0.9526370111116405,0.8167620273274687,0.32225004320927764,0.9123992402861412,0.8425509890153138,0.9361160018916066,0.9465146323386673,0.9592404230051592,0.8982237067147958,0.957509435301382,0.8656814261022983,0.8242743687062486,0.955217505042218,0.9265867198367661,0.9348776724743586,0.9526370111116407,0.8694583018704134,0.9526370111116405,0.6949204957705726,0.9393618431817528,0.9439253608596803,0.8246893013160923,0.9648659912110238,0.995812608116145,0.9386420076357269,0.9312498291554212,0.9361160018916064,0.9526370111116405,0.9231975163531971,0.9425720985427191,0.8785004132365171,0.6313045027007695,0.9511016704226434,0.9526370111116405,0.9375821720172512,0.8738328753514066,0.9306539393926061,0.9312498291554212,0.9072120922355345,0.9351202479906622,0.6540395853328655,0.8628398878670414,0.8309916996778286,0.9336544549523982,0.9558359621451105,0.9526370111116407,0.8676499406085267,0.7381081220789001,0.11775954848708015,0.617613358319171,0.8412006503024134,0.9412414838519028,0.8716488174471999,0.9553483552539828,0.9373704232137268,0.8200790560505897,0.6070912069531369,0.2237494366831898,0.7979454077493469,0.9453030402757783,0.9610366993022685,0.9648659912110238,0.8676499406085267,0.9187969445925779,0.8931410336709438,0.9412414838519025,0.9300668284196518,0.9559982666090147,0.8020674121309703,0.2519374759750955,0.8705954752723888,0.9511016704226434,0.9209817665727265,0.8813568907853968,0.8949977467327621,0.957509435301382,0.9648659912110238,0.9481398354780852,0.9201023553084948,0.9232615458212052,0.957509435301382,0.19244580608505335,0.9496037211238537,0.7878796807258952,0.160128011110376,0.8362973223813348,0.915294934512644,0.8951222364985465,0.9604370865528187,0.9001110559421439,0.8846853407167914,0.9348776724743586,0.8641655417688416,0.9629078616894176,0.9123992402861407,0.7704391635096576,0.8891971954839692,0.9652137684610215,0.9348776724743588,0.9021240612426045,0.9649840504564586,0.7683200278016402,0.8931410336709438,0.8200790560505896,0.9558359621451105,0.9386420076357269,0.8458639564984105,0.6585158886812212,0.9220855717829912,0.9378370728938006,0.6502130055679127,0.982045156274965,0.8879294594533995,0.9746338287409402,0.3008360691103116,0.9336544549523982,0.8527446275596853,0.7746021087667416,0.9579672831419932,0.9610366993022685,0.9141734198710234,0.9254476077793647,0.8941307528793183,0.9177151699279686,0.8961156213019832,0.9617723288059054,0.9511016704226434,0.9354261958407397,0.774602108766742,0.8676499406085267,0.9082407355488129,0.945303040275778,0.9783400888843532,0.9496037211238535,0.9103107362174554,0.7645217555830746,0.834071026591791,0.95466724533758,0.9526370111116405,0.9736183137840242,0.9496037211238535,0.9072120922355345,0.743512084093924,0.8991086132420372,0.9511016704226434,0.9526370111116405,0.6741287003859461,0.8039765114147406,0.9629078616894173,0.9526370111116405,0.8760112958426585,0.9209817665727262,0.8941307528793183,0.8666662211060937,0.9113525537588969,0.9511016704226434,0.9526370111116405,0.8987613725012112,0.9526370111116405,0.8093792712193066,0.9131632661895819,0.9097101580843076,0.9526370111116405,0.6923341401884346,0.9526370111116405,0.7560557112356617,0.913451053146003,0.9220855717829912,0.6538424175338826,0.9558359621451105,0.8166739329437203,0.9496037211238537,0.43518851942535797,0.9425720985427191,0.9969352503890196,0.8063445760987145,0.9243180392978654,0.9575094353013818,0.9061873961293254,0.9745849270782074,0.9092735418441045,0.9041490253843174,0.5777893346316239,0.9209817665727262,0.9873274034062991,0.9302947288966976,0.9496037211238537,0.9526370111116405,0.9092735418441047,0.9526370111116405,0.8222967889645657,0.9209817665727265,0.957509435301382,0.9324454498571317,0.8166739329437203,0.9736183137840242,0.9198856874256711,0.4220330480075589,0.9001110559421439,0.9439253608596803,0.8705954752723888,0.969580892293826,0.880379147867171,0.9502107211581172,0.8868482411505496,0.9511016704226434,0.9592404230051592,0.840479161229315,0.9648659912110238,0.9074116486170118,0.7785848236394515,0.9373704232137268,0.8794015740660155,0.9186826071889065,0.9575094353013822,0.8911735721146647,0.8266980100945365,0.8767243319497853,0.11775954848708015,0.8404791612293152,0.9198856874256711,0.9944373248680742,0.9082407355488133,0.11775954848708015,0.8617298618427947,0.9184204054837379,0.9592404230051592,0.9051664401581994,0.9277359074596556,0.9558359621451105,0.9815062877983507,0.8504636644420462,0.3222500432092781,0.9558359621451105,0.9558359621451105,0.7950937914413705,0.9610366993022685,0.8555160230965212,0.8646954736999413,0.6238609283942591,0.8868482411505496,0.9610366993022685,0.9526370111116407,0.9348776724743586,0.9496037211238535,0.9575094353013822,0.8458639564984105,0.945204588509776,0.8949977467327622,0.9348776724743586,0.922085571782991,0.774204275153962,0.9589654814068509,0.9291067501802865,0.881438146000566,0.832189566882533,0.846659656662168,0.9164201668122128,0.8616993128705426,0.9103107362174554,0.9629078616894176,0.5577157597313236,0.9665480300996039,0.997640187429148,0.9558359621451105,0.9526370111116405,0.9575094353013818,0.9092735418441047,0.9361160018916066,0.11775954848708015,0.9592404230051592,0.9511016704226434,0.9526370111116405,0.4220330480075587,0.9610366993022685,0.9648659912110238,0.5139980565501778,0.7628588897397748,0.9386420076357269,0.9575094353013822,0.8760112958426585,0.7543153079381835,0.9412414838519028,0.9467071200650465,0.8517363824474664,0.9558359621451105,0.9243180392978652,0.7483585156811932,0.945303040275778,0.9166400151447351,0.8505410419770536,0.8114701760536347,0.9243180392978652,0.8230236730198897,0.341999792250138,0.9511016704226434,0.9265867198367661,0.9302947288966976,0.850463664442046,0.851604454963443,0.7694243902747526,0.9526370111116405,0.863708282603777,0.969757263765453,0.9254476077793647,0.5646452621119888,0.9629078616894173,0.8879294594533995,0.9526370111116405,0.9526370111116405,0.9879700133881204,0.9518893725088031,0.9020294315021224,0.9526370111116405,0.9629078616894176,0.9526370111116407,0.9277359074596556,0.6585158886812215,0.834071026591791,0.9073884413700837,0.928895740061739,0.9425720985427191,0.7489933234855091,0.783425201454385,0.9526370111116405,0.6378023403965056,0.9220855717829912,0.8217667418575592,0.794245879311188,0.5272164228895044,0.9130554251359713,0.9558359621451105,0.8400240699667672,0.9526370111116405,0.796506979221532,0.9361160018916066,0.697209396434469,0.8415165991231524,0.9542136024350834,0.7507844886154758,0.9467071200650465,0.9526370111116405,0.9031349604797554,0.8481713308694638,0.9526370111116405,0.928895740061739,0.8388429655759453,0.732026101397933,0.7742042751539618,0.8458639564984105,0.9526370111116405,0.794245879311188,0.8656814261022983,0.9592404230051592,0.7786690145640724,0.774204275153962,0.9134510531460027,0.9145082620913982,0.9426205861955201,0.2237494366831898,0.9852427368613523,0.8941307528793183,0.9967391619170716,0.8627197720675652,0.8823349016943813,0.6685644304688844,0.939931930051314,0.19244580608505335,0.9361160018916066,0.9526370111116405,0.9610366993022685,0.9082407355488133,0.8255892557605071,0.9439253608596803,0.4492903262546869,0.9496037211238537,0.9027950502828767,0.9736183137840243,0.9496037211238537,0.995812608116145,0.9526370111116409,0.9315357783043755,0.7164486905875753,0.9103107362174552,0.9610366993022685,0.8890106760597569,0.9629078616894176,0.9453030402757783,0.939931930051314,0.822493155626946,0.9425720985427191,0.9629078616894176,0.7634386319714809,0.9220855717829912,0.8991086132420372,0.9373704232137268,0.9425720985427193,0.5957189144811472,0.9558359621451105,0.9815062877983507,0.9061873961293254,0.7221285782062662,0.9386420076357271,0.9465146323386673,0.9439253608596805,0.9300668284196516,0.9143162677112748,0.7879341691923536,0.9113525537588969,0.9227946422906831,0.826678007573604,0.6047956160661221,0.9765510393593577,0.9386420076357269,0.9399319300513143,0.7710309431023975,0.9439253608596805,0.7459780033283332,0.9386420076357269,0.5777893346316241,0.8609661138596998,0.9558359621451105,0.8557565635983042,0.7645217555830746,0.9231975163531971,0.9061873961293254,0.9610366993022685,0.7788688934502497,0.937582172017251,0.9592404230051592,0.9858084434319019,0.9481398354780852,0.9481398354780852,0.9575094353013822,0.955217505042218,0.9300668284196518,0.7594883020057135,0.9919066722185295,0.3008360691103116,0.9511016704226434,0.8352434350141631,0.9560815611946234,0.9481398354780852,0.880379147867171,0.9526370111116405,0.1573927922435595,0.9526370111116405,0.9526370111116405,0.8309916996778286,0.9399319300513145,0.9243180392978652,0.9526370111116405,0.8527418007931004,0.8803545486957223,0.9209817665727265,0.8627197720675654,0.6378023403965056,0.7864057866094467,0.9518893725088031,0.9092735418441042,0.8507258744656068,0.9902930825832766,0.9314897302747827,0.9592404230051594,0.9231975163531971,0.8230236730198899,0.8656814261022983,0.5187931765066538,0.9467071200650465,0.9842011665427951,0.8402034407488288,0.9592404230051592,0.6625231566468313,0.2237494366831898,0.9072120922355342,0.9425720985427191,0.9373704232137268,0.9399319300513138,0.8587509369841102,0.5272164228895044,0.912399240286141,0.939931930051314,0.9254476077793645,0.9558359621451105,0.9425720985427193,0.9542136024350834,0.5840323192356704,0.8666662211060936,0.9143162677112748,0.957509435301382,0.9330323576683237,0.9481398354780854,0.8754407373431476,0.6847877535121555,0.9511016704226434,0.8217667418575592,0.9671595166054914,0.9648659912110238,0.7864057866094467,0.8567565353887991,0.9505241704836671,0.789342936302305,0.9425720985427191,0.9560815611946234,0.9633200625490423,0.9526370111116405,0.19244580608505335,0.9220855717829912,0.9526370111116409,0.9378370728938006,0.9425720985427188,0.9496037211238537,0.5100015725296021,0.7507844886154758,0.939931930051314,0.8481713308694636,0.9629078616894176,0.8006907814269044,0.9439253608596805,0.8754910501451354,0.9496037211238537,0.9467071200650463,0.8959232789032516,0.9209817665727265,0.9386420076357269,0.7840536293380753,0.888214373845492,0.8108764367449929,0.9064110103549554,0.9243180392978652,0.8738328753514071,0.6923341401884345,0.9300668284196516,0.9629078616894176,0.9412414838519028,0.9542136024350834,0.7378604117312433,0.9092735418441047,0.9001110559421444,0.9511016704226434,0.8582549451842307,0.7977260646247577,0.9428375253830148,0.8872325694620833,0.9558359621451105,0.9231975163531971,0.5713315118989217,0.9373704232137268,0.9082407355488131,0.5187931765066537,0.9991256173192244,0.9452045885097758,0.9439253608596803,0.9808926695348984,0.19244580608505335,0.9648659912110238,0.9526370111116405,0.9714058757497572,0.94271688807292,0.8456902516433886,0.9254476077793645,0.9526370111116405,0.8911663603911606,0.898223706714796,0.9123992402861407,0.9277359074596556,0.6323242645777184,0.8991086132420374,0.889197195483969,0.8304389026021393,0.932445449857132,0.9123992402861407,0.8607384721289721,0.9363467946367827,0.1573927922435595,0.6369695431207094,0.9859410630732464,0.9558359621451105,0.9665480300996037,0.9648659912110238,0.9324454498571317,0.9496037211238535,0.9648659912110238,0.9453030402757783,0.9617723288059055,0.9773757151292214,0.852744627559685,0.627447598978923,0.9610366993022688,0.9773757151292214,0.9425720985427191,0.7840536293380753,0.8155856001785138,0.9511016704226434,0.957509435301382,0.948139835478085,0.9511016704226434,0.9511016704226434,0.9243180392978654,0.9526370111116405,0.9873274034062991,0.9560815611946234,0.9526370111116405,0.9386420076357269,0.8981086621953585,0.9610366993022685,0.2237494366831898,0.9592404230051594,0.9542136024350834,0.9511016704226434,0.7677386497295295,0.8676499406085267,0.939931930051314,0.8517363824474664,0.9526370111116405,0.9987120692432441,0.9558359621451105,0.9386420076357269,0.8677948901927202,0.6124287930374472,0.9610366993022685,0.9542136024350834,0.9991256173192247,0.9209817665727265,0.9412414838519025,0.2775029775378376,0.9878857063735189,0.9265867198367661,0.9300668284196516,0.8013106521092755,0.9439253608596805,0.9610366993022685,0.9348776724743586,0.2237494366831898,0.9134510531460027,0.8846853407167914,0.9526370111116405,0.9526370111116407,0.7075548360461297,0.9629078616894173,0.8803545486957223,0.34199979225013777,0.9355505770919705,0.836297322381335,0.9496037211238537,0.8051635979868561,0.8292174273003119,0.9526370111116405,0.9526370111116405,0.9198856874256713,0.8133482612876617,0.9092735418441047,0.8796755654923115,0.8879294594533995,0.8889984146598751,0.7359365694375493,0.8435406859332621,0.9373704232137268,0.8255892557605071,0.9526370111116405,0.9478374857144207,0.19244580608505335,0.9648659912110238,0.9051147616874997,0.11775954848708015,0.8425509890153138,0.9526370111116405,0.9526370111116405,0.8192336313917981,0.9526370111116409,0.8267575835022267,0.4080645809418808,0.8666662211060936,0.9061873961293254,0.932445449857132,0.5695585331492292,0.8770986505728717,0.8607384721289719,0.9526370111116405,0.9209817665727265,0.8606154343794665,0.2519374759750955,0.9610366993022685,0.8941307528793181,0.9124328455604712,0.9604370865528187,0.9231975163531971,0.9542136024350834,0.6972093964344691,0.9526370111116405,0.8383948208633007,0.9231975163531974,0.9465146323386673,0.662820520865999,0.8745128950949936,0.9453030402757783,0.9113525537588967,0.7088403617432,0.9592404230051592,0.877446546739326,0.8715757257382069,0.9481398354780852,0.9629078616894176,0.925818696841238,0.9361160018916064,0.8255892557605071,0.957509435301382,0.9808926695348984,0.7248986406633605,0.9336544549523982,0.987885706373519,0.9265867198367661,0.9648659912110238,0.9209817665727265,0.9648659912110238,0.9648659912110238,0.6369695431207095,0.9254476077793645,0.9031349604797554,0.9526370111116407,0.9629078616894173,0.4080645809418807,0.9425720985427191,0.7489933234855093,0.9467071200650465,0.9511016704226434,0.9859410630732461,0.9011161501496323,0.9542136024350836,0.8441193845389969,0.969757263765453,0.8352434350141631,0.8144495911033482,0.9526370111116405,0.8991086132420374,0.9526370111116407,0.8039765114147406,0.9493957255905625,0.9373704232137268,0.9386420076357267,0.7704391635096577,0.9526370111116405,0.8481713308694638,0.7864057866094467,0.9386420076357267,0.8493193247742896,0.869458301870413,0.8561342062066829,0.19244580608505335,0.8650546456747352,0.7903415819956485,0.9100318062103334,0.8513524803026211,0.9399319300513138,0.7940709086394253,0.9648659912110238,0.939931930051314,0.9526370111116407,0.6544139279744576,0.9589376456981176,0.8497130258115502,0.9505241704836669,0.7803993678854957,0.9526370111116407,0.9511016704226434,0.852744627559685,0.9378370728938006,0.6625231566468321,0.8217667418575592,0.7993052872604915,0.9526370111116405,0.8328655804961278,0.6873207198416382,0.9277359074596556,0.9526370111116405,0.8825210710884408,0.9467071200650465,0.11775954848708015,0.9399319300513145,0.9511016704226434,0.921264816730714,0.9361160018916066,0.6585158886812201,0.933654454952398,0.9994802933865737,0.9399319300513143,0.7773263884392076,0.9526370111116405,0.9839674685144806,0.9526370111116405,0.9610366993022685,0.9074116486170116,0.8921529459435535,0.9648659912110238,0.9312498291554212,0.8761423128183072,0.953270131910047,0.5352976416436224,0.9526370111116405,0.8749227387115646,0.8639484283036891,0.7806680179853033,0.9300668284196518,0.9209817665727262,0.8106601759858287,0.9300668284196516,0.9783400888843532,0.9220855717829912,0.9001110559421441,0.7993052872604915,0.9220855717829912,0.9746338287409402,0.9575094353013822,0.5867072331685053,0.9220855717829912,0.9648659912110238,0.9361160018916066,0.9542136024350834,0.6238609283942593,0.9511016704226434,0.928895740061739,0.9386420076357269,0.899108613242037,0.5777893346316242,0.939931930051314,0.9198856874256713,0.9348776724743586,0.9511016704226434,0.9425720985427191,0.8244961955520123,0.5352976416436228,0.9901068178489287,0.8760112958426587,0.9177151699279686,0.9145082620913982,0.9348776724743586,0.9542136024350834,0.0,0.9082407355488131,0.9400810957454317,0.500812344912036,0.932445449857132,0.9478374857144205,0.19244580608505346,0.1573927922435595,0.9175493208075456,0.9312498291554212,0.8754910501451352,0.9231975163531971,0.5187931765066538,0.8955045884064079,0.9412414838519025,0.9288957400617388,0.13752843001956172,0.8476799949376321,0.8862516682966308,0.5900729478685125,0.9072120922355342,0.8922554897110135,0.9592404230051592,0.9815062877983507,0.9198202436892433,0.9361160018916064,0.9481398354780852,0.5100015725296023,0.9061873961293254,0.915294934512644,0.7760635075271656,0.3931922978743946,0.8547546403115025,0.9511016704226434,0.8911663603911606,0.8341860124462199,0.9558359621451105,0.2519374759750955,0.8941307528793183,0.9324454498571313,0.9558359621451105,0.945204588509776,0.9064110103549554,0.8373477570245096,0.9496037211238535,0.32225004320927864,0.8435824105613206,0.9386420076357271,0.9092735418441047,0.9558359621451105,0.9020294315021227,0.44760950280845857,0.1573927922435595,0.9001110559421444,0.9373704232137268,0.9736183137840243,0.9629078616894173,0.8931410336709438,0.9610366993022685,0.8924661473774316,0.1573927922435595
p347_N,0.83420582341818,0.8863565689237551,0.8114940044756471,0.9838121271240519,0.9784157310816315,0.927002353944838,0.8371740565004726,0.8202003210945328,0.4561269745518899,0.922933964066333,0.916567441315375,0.9357274933038937,0.9357274933038937,0.9034393382949699,0.9328274049511572,0.8391525395283428,0.9630848476738874,0.8672687335363687,0.9890302829209388,0.9229339640663332,0.8645732980367511,0.9897224478284307,0.9375514328635435,0.904869971893631,0.9950092225712419,0.33339209639255685,0.9276677015291237,0.989767824618002,0.9710638846211328,0.7624062098919437,0.4028511040315004,0.9541290792408026,0.8892738141520422,0.43364125594998215,0.9400050159634594,0.8051833789629992,0.904869971893631,0.8892738141520418,0.9270023539448382,0.8938342322827073,0.9821468422331385,0.9300726076798653,0.9776569049810198,0.9481788274371749,0.9630848476738874,0.8641857753014397,0.9491737766988708,0.5238986163447115,0.9604739388846895,0.9381853435996286,0.9541290792408026,0.7621211843129245,0.33339209639255685,0.8863565689237551,0.993001269385082,0.8908505574053998,0.9369724823143172,0.9015943008452867,0.8071237246100658,0.8952920587572561,0.41648304507312617,0.5888954115575786,0.9560841968775995,0.8493514440122147,0.908390156563137,0.745356422522242,0.9610481566737544,0.8480129290912326,0.8197117876576113,0.9190462651000915,0.9003917176447784,0.8938342322827075,0.9447628386820247,0.6879268558321783,0.9015943008452867,0.8210433487797739,0.9130812730632976,0.9496407070933521,0.7145338078190553,0.927002353944838,0.9496407070933521,0.995004294443836,0.8571583257780955,0.9264790424305231,0.9015943008452867,0.8659812204024,0.9897224478284307,0.7292995530817782,0.901474365519588,0.8984043359066818,0.9015943008452867,0.9170701204122984,0.8273837912772664,0.6295281867744995,0.9129137434283907,0.8741039210453114,0.8696699433629371,0.8027155634233629,0.7239000090053498,0.7101124591533474,0.9769390375455413,0.9689601410010134,0.9015943008452876,0.907713571182404,0.9211863243849627,0.9190462651000915,0.8435746106182993,0.696741813406776,0.8779179059734528,0.681381920426128,0.9350829104287759,0.8698750345772268,0.6734362364811793,0.9912938991887372,0.9082407355488129,0.727252357691148,0.953950415619599,0.9190462651000915,0.9776569049810198,0.5990066355503416,0.9293011145750028,0.9003250896043113,0.9096861238372791,0.8821985066105542,0.8968738879834464,0.7794931599467788,0.904869971893631,0.8049449077931455,0.8984043359066811,0.9358559422107493,0.5344914720487286,0.9082407355488131,0.9541290792408026,0.9270023539448378,0.895246567747059,0.8239074429639253,0.785477598130015,0.9610481566737544,0.9117176971980809,0.8952920587572564,0.7546950064894893,0.922933964066333,0.660389664311418,0.8664405112410956,0.8851925429078809,0.5482370661634028,0.9313126683482524,0.6924069356302573,0.922972598049228,0.840472591605383,0.9326762742692681,0.9803765616887432,0.7753926180543478,0.7309945930379655,0.9186367746310331,0.4942600866203597,0.9903752174854845,0.8582982169801265,0.9961485886748132,0.9411067896549576,0.7762620065123282,0.9491737766988708,0.9337606448479008,0.9325761371371122,0.8663112358292608,0.9897678246180017,0.7706611462306393,0.8272188776420608,0.9129137434283909,0.9651655741458478,0.849857479075582,0.8984043359066816,0.4778339215668945,0.8342874141851023,0.7778891912118466,0.9411394592697591,0.9650079910895764,0.883019057920329,0.9457347413890165,0.8005398349154971,0.9503680830620622,0.5314805428468793,0.8908505574053998,0.9896261919016809,0.7963880119695603,0.915331839458027,0.6355458794960643,0.8992127053074517,0.8863565689237551,0.9065397721659634,0.9957194866787558,0.9809723722875294,0.7571383508225538,0.7135791916843601,0.9107834393920353,0.9015943008452867,0.9048699718936308,0.8952920587572559,0.8741039210453114,0.7506133002453019,0.5339340767171143,0.9896261919016809,0.9015943008452867,0.8400279854573391,0.680545990446563,0.9229339640663332,0.9015943008452867,0.6679860995828983,0.3889315201419854,0.522844207563379,0.657829613838034,0.9768556100136855,0.9523030345044686,0.9015943008452867,0.7935476958135688,0.9015943008452886,0.7618287359841818,0.774807549774525,0.7333114772273172,0.9015943008452867,0.8603006398769997,0.9015943008452867,0.8200969375846463,0.5013189687808839,0.8381178223146548,0.8765868396989882,0.9689601410010135,0.7182216281686448,0.8952920587572561,0.9063742447456444,0.8806825133605412,0.9732280234467846,0.7576172831759247,0.8944420978831518,0.9117176971980809,0.8272188776420615,0.9561893150756149,0.8341377178323204,0.9317712668063536,0.6890259813185431,0.4889630072008395,0.8922505553843605,0.9818884897056039,0.8504015472601045,0.9015943008452867,0.9473344506106749,0.9015943008452867,0.8814219002637331,0.8608323269166083,0.9117176971980812,0.9706983340445027,0.7676573036507182,0.904869971893631,0.9078003702039557,0.8779179059734525,0.9199503714301593,0.9827139728713292,0.530786307200602,0.9082407355488131,0.9814163000036373,0.7119815966295833,0.8919761113100995,0.8984043359066818,0.9153141563577831,0.9764847970468593,0.9270023539448382,0.8230855835632259,0.8494821724783064,0.8999738211285455,0.6971410109686971,0.9900889695617784,0.9117176971980812,0.9378542454430359,0.8393102048589884,0.7544645000225723,0.9190462651000915,0.7327019128051799,0.4486716378862674,0.9131302311622613,0.9441427989683724,0.9190462651000915,0.7665421137523492,0.7391207519063658,0.9965380001026769,0.8249389872384023,0.9838121271240519,0.9082407355488131,0.9202850458126466,0.7401394797546939,0.8952920587572561,0.9901068178489287,0.9689601410010136,0.7921164210548519,0.9650079910895764,0.7602075439974855,0.575228775625729,0.8187616895030196,0.7686798797364554,0.9650079910895764,0.9831735538001967,0.9896123046512102,0.8952920587572559,0.9117176971980814,0.7018389266249537,0.8908607110428264,0.9280270998509558,0.8646958665161872,0.9596821746142157,0.8101822956355282,0.8483987238898334,0.9381762075462114,0.9140996796967527,0.9944061684969512,0.868746593359034,0.8882012115336216,0.9808061948240677,0.7299593559791808,0.9229339640663332,0.9461279937421412,0.8608323269166083,0.9436621740891027,0.9082407355488131,0.9015943008452867,0.5793457182892607,0.8341377178323204,0.9847054942282473,0.9190462651000915,0.9153141563577833,0.9730506507011063,0.9015943008452867,0.9414543417011052,0.9430685569314539,0.927002353944838,0.8748774256549663,0.9121918500258652,0.9437520559602287,0.9610481566737545,0.9954183435413666,0.8396314840360557,0.9732225595649318,0.557513091271749,0.9018268112516259,0.9491737766988708,0.4594842038794772,0.8028055252477344,0.6066895808574181,0.7164953393830444,0.927002353944838,0.7450868153982851,0.9202850458126466,0.7379859415285477,0.9276677015291239,0.8984043359066818,0.953313614048596,0.9411067896549576,0.7401394797546941,0.753905745326513,0.8006768332891594,0.9015943008452867,0.6515684391347359,0.9426405799302897,0.9980252817099352,0.91708746008766,0.922933964066333,0.8052899626835283,0.9015943008452867,0.9015943008452867,0.9521109638157486,0.950569532355648,0.8553618404309205,0.9015943008452886,0.9710638846211328,0.867941408445681,0.9626060136565604,0.8444912255035635,0.730095792303258,0.9400050159634596,0.9577789321626942,0.9454800327660551,0.8298154360649794,0.7787168873960526,0.9015943008452867,0.8296922485189913,0.9849571749981069,0.7735981539763007,0.801239838809498,0.9849151912969627,0.8994548962186244,0.9491737766988708,0.7161426326907019,0.9015943008452867,0.8061710633065429,0.9560841968775993,0.6864142811486627,0.8935018390543255,0.9840851651092493,0.8273837912772664,0.9238496325630554,0.9015943008452867,0.9070976408827456,0.6960088795057311,0.9015943008452867,0.987948549568769,0.8182563836324135,0.8693470919765571,0.7933784282526342,0.7350739208284023,0.9015943008452867,0.834200566942793,0.6617999714097956,0.959388078127553,0.8921334586410905,0.8269861630184221,0.9371612421327011,0.49315054087390986,0.9721096511741012,0.9082407355488131,0.9348085269124422,0.563851235291932,0.9375514328635437,0.6194812008585293,0.9681199866998385,0.7876008917587431,0.9375514328635435,0.9117176971980809,0.9264790424305227,0.9015943008452867,0.9650079910895764,0.8093525179856107,0.725346997076189,0.9180662297947397,0.8879189920302848,0.8952920587572564,0.6926328577331481,0.9840851651092493,0.8952920587572564,0.8834941755373982,0.9400050159634596,0.953950415619599,0.8447983291400107,0.9733888974745888,0.9190462651000915,0.6072434230278766,0.9229339640663332,0.9446588143366353,0.8751970566277456,0.7877526779790335,0.9778787924688119,0.9808061948240677,0.811219257094921,0.9897678246180017,0.8748396740376378,0.9300726076798649,0.9454800327660551,0.8794164109436624,0.9082407355488129,0.8427562020241628,0.9821468422331385,0.9183338903868707,0.8725169952519656,0.5752018303637796,0.9827139728713292,0.3753530121331178,0.8818040908089262,0.781513258091906,0.9078394560905307,0.8922505553843603,0.8062546925236578,0.9561893150756149,0.9893969432662543,0.8725169952519654,0.8751970566277458,0.7982457614329026,0.9827139728713292,0.8203669758475235,0.9950042944438362,0.9641125707303956,0.8647294683849625,0.9082407355488131,0.8592219757594057,0.7910212616245493,0.9937468196155499,0.9378817094928307,0.9190462651000915,0.9535090502059176,0.6395101926537656,0.9153141563577833,0.9392178238502196,0.9276677015291237,0.8922505553843607,0.9541290792408026,0.9190462651000915,0.9096965985089367,0.8322634876892627,0.8557890797823082,0.9730506507011063,0.9896261919016812,0.7824018700290705,0.8435746106182993,0.8922505553843605,0.8472778797806717,0.9015943008452867,0.9153141563577833,0.9015943008452867,0.9015943008452867,0.7269817938967094,0.875197056627746,0.9978138896011306,0.9015943008452867,0.7509809425291578,0.671520888350541,0.9608638139754627,0.9126981155112572,0.84966102844822,0.8071237246100658,0.927750167236707,0.8114983712766495,0.6644965360874248,0.889273814152042,0.8620503765083268,0.9153141563577833,0.4696376636892158,0.8203787339986701,0.6981101269282385,0.9646927823057019,0.9378470937928912,0.9316215436119188,0.813637007955303,0.9153141563577831,0.9287683109798639,0.9082407355488131,0.9698226627224718,0.9454800327660546,0.9902701807825041,0.9687286209814427,0.7596421551693897,0.8794035130316948,0.462878459937598,0.8751970566277456,0.975829448129605,0.949173776698871,0.8806825133605412,0.9444775685014404,0.9931953233483859,0.6760412873899893,0.8643541149203242,0.9541290792408026,0.9233018944669911,0.8922505553843609,0.7847594747428505,0.8905303150973991,0.9357274933038937,0.7735981539763002,0.9407914522535386,0.927002353944838,0.8071237246100658,0.6780508451290601,0.8794164109436624,0.7688730674204198,0.9778787924688122,0.9371612421327014,0.9323919069723845,0.9015943008452867,0.9117176971980809,0.5552821684719621,0.9447628386820249,0.9525601933500909,0.9778787924688119,0.9593900018240933,0.8571583257780957,0.8788885674977214,0.9375514328635437,0.7625902266578259,0.9229339640663332,0.8481891854279704,0.9496407070933521,0.8915971334328483,0.8952920587572564,0.9584254509740686,0.819325264152502,0.9358559422107497,0.995004294443836,0.8388074491705041,0.5964182720455019,0.7501628708755239,0.8281133421461484,0.946127993742141,0.7605779989590934,0.8418487291823815,0.9646927823057019,0.9229339640663332,0.9632410047074157,0.976307238282942,0.7748075497745255,0.9473344506106751,0.6975831594286139,0.8984043359066818,0.8202003210945326,0.8318691676010088,0.9716885439827987,0.9238926371533387,0.8870940587008984,0.9426405799302902,0.8633928226985459,0.8999738211285466,0.921677752137912,0.8547004147121715,0.9414543417011054,0.8249389872384021,0.8834941755373977,0.9357274933038937,0.9117176971980809,0.9776569049810195,0.9015943008452867,0.9202850458126466,0.8890044858243946,0.7568152905730728,0.8712483674877676,0.9015943008452886,0.6007195990247527,0.8298097864236373,0.9107834393920351,0.9626060136565603,0.8364727067609428,0.8114940044756471,0.6710882532502784,0.9152149012155726,0.887918992030285,0.8572394862856046,0.6631453808714569,0.8302732220802038,0.9153141563577833,0.8567770643879915,0.9656686423610309,0.9082407355488129,0.9641125707303955,0.97765690498102,0.9161955268153275,0.8952920587572559,0.9776569049810198,0.920153492271677,0.8621543973586858,0.9015943008452876,0.9394664475594668,0.8367704825600666,0.9190462651000917,0.9831735538001968,0.9130812730632976,0.7563935870689236,0.685221429523229,0.8984043359066818,0.9965404612835242,0.8922505553843605,0.8984043359066818,0.8984043359066818,0.9461279937421413,0.9015943008452867,0.9276677015291239,0.8669712684968996,0.9015943008452867,0.933760644847901,0.9142172840771443,0.9190462651000915,0.9082407355488131,0.9153141563577833,0.9840851651092486,0.9357274933038944,0.7870819606506207,0.6538155014689255,0.9689170027827593,0.7483849704952856,0.9015943008452867,0.9605579000113016,0.9082407355488129,0.9337606448479008,0.7383037406472271,0.9875925990590968,0.9190462651000915,0.9048699718936313,0.9096861238372791,0.8358244551518945,0.8779179059734528,0.9015943008452871,0.9358559422107495,0.9268526658466871,0.9528129419991501,0.7550815117379539,0.8834941755373982,0.9890302829209388,0.931335573118169,0.9491737766988708,0.8903679263755002,0.6573472578388023,0.9015943008452867,0.9400050159634596,0.832040880998659,0.9229339640663332,0.8941287363060142,0.8922505553843605,0.9496407070933521,0.7283630708800772,0.8952920587572564,0.809950457931436,0.7575287916338265,0.9015943008452867,0.9015943008452867,0.957302523427785,0.8960568262378731,0.8794164109436626,0.7738032407091952,0.6640318315016047,0.8101822956355282,0.7422042837001102,0.7739744105791286,0.9495322461148574,0.7253469970761891,0.9015943008452867,0.940992528001976,0.9117176971980809,0.9270023539448382,0.8273837912772664,0.9190462651000915,0.6404001877780339,0.9015943008452867,0.9015943008452867,0.7129759493477777,0.9784157310816315,0.7299518950659236,0.8806825133605405,0.8686668738111247,0.8493514440122145,0.9444720616003699,0.8493514440122145,0.6473025021886791,0.8358968832358384,0.9015943008452886,0.985871685740177,0.7468910624636313,0.984085165109249,0.9650079910895764,0.90305740423688,0.8121009850587264,0.8268036333064976,0.9937468196155499,0.9444775685014402,0.8553618404309205,0.9015943008452867,0.7049752484249407,0.9937468196155499,0.5530692639936259,0.9651755203893082,0.7954244675051754,0.9877473389675209,0.9308448407315826,0.8792401960074239,0.959388078127553,0.705621752287783,0.6372955387563926,0.9985019938186508,0.9710638846211328,0.9570211975143579,0.9264790424305227,0.7421108075072755,0.9117176971980809,0.8984043359066818,0.6749432847059763,0.9943648024077448,0.8608323269166083,0.9673035413456776,0.927002353944838,0.885840198681322,0.9270023539448382,0.9210339929466167,0.969973797166346,0.8451030973273082,0.507794266495056,0.906352123563853,0.9710638846211328,0.9778787924688122,0.9454800327660546,0.8126151030382645,0.9238496325630556,0.8984043359066811,0.9482428774988276,0.47836329652796905,0.9048699718936308,0.7326404679012781,0.9170874600876597,0.7484678389240632,0.8043572309426221,0.9015943008452867,0.9381853435996286,0.8679414084456809,0.8622285972544463,0.922933964066333,0.9601713942311845,0.39255920959681445,0.9569433956465598,0.9015943008452867,0.7625902266578256,0.8571044504613718,0.9031388200499328,0.7597099846786148,0.7220236410177037,0.7421108075072753,0.9117176971980809,0.7176765317465144,0.9121937749526268,0.7263895007777443,0.84948865162849,0.9375514328635437,0.8718517665463399,0.9776569049810195,0.9999058090993418,0.9400050159634596,0.9128346189776348,0.9521109638157486,0.6680239305365627,0.8341377178323204,0.8003425369800152,0.9015943008452871,0.8984043359066818,0.6222875800473475,0.8603006398770001,0.8854269707856273,0.7571207988677155,0.7845575672825502,0.9015943008452867,0.8319078681878861,0.902436639010453,0.849857479075582,0.9015943008452867,0.6993964878646286,0.993001269385082,0.9190462651000915,0.9063742447456449,0.8984043359066818,0.808595344637359,0.8968738879834465,0.8663112358292611,0.9195467174521137,0.9179970627469053,0.8751970566277456,0.8052663108533908,0.9015943008452867,0.887918992030285,0.9015943008452867,0.9190462651000915,0.8667154484761206,0.5345140225258367,0.9270023539448382,0.8571583257780955,0.7497836690181441,0.5400313125242355,0.9358150840468664,0.9015943008452867,0.8642161021184096,0.6869651020750386,0.7822228401044773,0.8978167582023848,0.8608323269166078,0.9541290792408028,0.8547004147121713,0.8794035130316953,0.838117822314655,0.5913424735560502,0.8011069859944269,0.838117822314655,0.9570211975143579,0.9117176971980814,0.8187616895030196,0.838117822314655,0.9270023539448382,0.9551003397811708,0.9366996416751332,0.9818884897056039,0.8984043359066811,0.8794035130316951,0.9950042944438358,0.5128188535297842,0.9108480704460358,0.9687286209814427,0.4734227144981825,0.9313355731181688,0.9730506507011063,0.9778787924688122,0.8120632443035765,0.849857479075582,0.9890728926292929,0.7196859275763412,0.9283013075844857,0.8459770917681007,0.922972598049228,0.904869971893631,0.9082407355488131,0.0,0.7945498244933045,0.9727485963854123,0.9444720616003699,0.5016024140258233,0.9117176971980809,0.9153141563577833,0.8135077610243315,0.3622658271177779,0.8915971334328483,0.9807000605418201,0.9921908742040846,0.7687532897788847,0.995009222571242,0.3879174903430562,0.9015943008452871,0.6229758087986261,0.8817438227146976,0.8312850681847441,0.5684910209824874,0.7264366667546096,0.6439466259445172,0.8685991499536572,0.7790933884826765,0.33339209639255685,0.9306637138918223,0.8850360346032429,0.9157491431226765,0.7706273539389779,0.6727939511313162,0.8834941755373982,0.8919761113100997,0.8984043359066811,0.8949230023994306,0.7571383508225538,0.8461610175508401,0.9444775685014399,0.6253617768847617,0.37689110355861555,0.9491737766988708,0.9992697492831331,0.6516235798037207,0.7812020662531614,0.9316215436119186,0.9593900018240925,0.6713749061602845,0.9643824696458685,0.9926131437220167,0.9082407355488131,0.6314274157382125,0.8725169952519656,0.9153141563577833,0.5063499248579996,0.9902701807825041,0.9444775685014402,0.922933964066333,0.5287311096866436,0.9190462651000915,0.8006768332891592,0.9593880781275532
p347_T,0.9654941429357986,0.897263628644803,0.9349027668523882,0.7792582516597412,0.7038434957604058,0.9695535385776712,0.8843414928368116,0.9368051301086878,0.8860733449362979,0.9627660172534369,0.9996195398799781,0.7897263368095917,0.6831404524052652,0.7792582516597406,0.9578322633488544,0.9869228753979574,0.8126872408584623,0.9457651014915455,0.9559837914106136,0.9456023969539062,0.7048706064774894,0.9126948135823058,0.956424208822661,0.93518689541171,0.9803572006357362,0.8569629050326473,0.9138300194487543,0.837614813665058,0.9456023969539066,0.9672093664561981,0.8695946878505918,0.7317870625198581,0.913589938650891,0.9726497097504014,0.7038434957604057,0.9997356383868505,0.8974836658533198,0.9547565271417207,0.9213345015882415,0.7852239429627959,0.8940214235873112,0.9170747929473186,0.982227424432899,0.8552529581456374,0.778972981328365,0.8623452894440435,0.9011161501496319,0.8346950426236954,0.9516481525905319,0.8841973660331205,0.9048630781107276,0.8894218864079332,0.8569629050326473,0.9418766792143729,0.9794167057545851,0.9573335610241333,0.930017136844226,0.8939536575643379,0.9911360948333429,0.9909102788434876,0.9363548213461499,0.9579827254676423,0.9175833881378588,0.8952944395201965,0.7975775481528471,0.9459486880618118,0.9856074913039305,0.9239271418586268,0.9472011989620011,0.9559837914106134,0.9880524976832432,0.9928771108668895,0.9597907618264778,0.9465090566856751,0.8939536575643379,0.9386165782405596,0.8818538138979334,0.8422041652209062,0.873376332415007,0.9695535385776712,0.9688973851882077,0.9624843275980558,0.9787541055293758,0.9739468148452322,0.8939536575643379,0.8557431981462551,0.9947821873645775,0.9090467429047466,0.9771217712177122,0.8905160099774292,0.8939536575643379,0.803797425093347,0.8622465382546673,0.852117369444803,0.8991421311545458,0.9620401339151391,0.773649782107775,0.9614558758710805,0.993830174083532,0.926694849647155,0.8480678643045048,0.9011161501496316,0.8866629715218861,0.7224237908938076,0.9116393289038394,0.9127606676606757,0.9710669412761124,0.9396246110342061,0.9198756509653053,0.9359456864907791,0.8507255225336661,0.8537123174122849,0.9622572308927164,0.9850003025804485,0.9011161501496319,0.9557081500474276,0.909704740786208,0.9127606676606757,0.8375703134646101,0.9659006322714523,0.9348145015991798,0.8510497915283031,0.8291533264596582,0.9481225683626371,0.9415080450937074,0.9912995340914882,0.8974836658533198,0.8683441453612385,0.96157326624698,0.9421045168675004,0.9908685063940654,0.9011161501496316,0.7721592691164597,0.9213345015882415,0.880115759918657,0.9699888236681689,0.9922092749951572,0.8932758889062643,0.9048630781107274,0.8871620821950175,0.9565817872708449,0.9169502243571084,0.9621249848534397,0.848283286297622,0.8618934383134564,0.904880646504957,0.7988959522164272,0.9959668908084219,0.8819276377817322,0.8571677873959769,0.9627660172534371,0.8869864437739803,0.9378155291376971,0.9419977323666573,0.8529036823096633,0.9651397425955999,0.9117846552151356,0.9619891641435976,0.9518152341853733,0.9286915537395342,0.9146351600877192,0.9819890130629687,0.6126903116813358,0.9192825692784543,0.9100137463466735,0.957913597632976,0.7805205099613388,0.9993634920335575,0.9416339200957937,0.9795863064544905,0.8557666482048991,0.9318408493486935,0.8514514697165179,0.9539721413511135,0.9959519736230751,0.9362158120115072,0.9559837914106133,0.99753029180166,0.8433773845215847,0.9190988908223323,0.8619619771955473,0.9253299294588442,0.9027007126643187,0.9971018943817556,0.8280006323054551,0.9444174839783775,0.9659006322714523,0.8373196409038179,0.8775328023580432,0.7975620093583883,0.9563275466273309,0.8315381776794208,0.9519603648782343,0.9384401238660409,0.8921901376261823,0.8939536575643379,0.93518689541171,0.9909102788434876,0.8134708607417882,0.7998230968474337,0.9751027373222751,0.9260446381122045,0.8939536575643379,0.9860622851524113,0.9384401238660411,0.9169502243571086,0.8939536575643379,0.9145568652742205,0.8468826290818727,0.8800635159858776,0.8228162361403453,0.8480945166318412,0.8252549649443672,0.8939536575643379,0.7856698128549506,0.8939536575643378,0.9944620273083877,0.9221355798163346,0.882172779849546,0.8939536575643379,0.9560085838389627,0.8939536575643379,0.8680854563735356,0.8730309725302883,0.8376148136650582,0.9265403585721648,0.7871642850839692,0.8987738930491658,0.8871620821950175,0.8951849796577995,0.8714181886270886,0.8649041019139969,0.8811411761132277,0.948049312813942,0.570298236133452,0.8531576121416983,0.9916108712845171,0.9477180832535159,0.7784229695607422,0.8230771571354665,0.8706881010282792,0.9175986829007592,0.7539975887642643,0.9745069889403557,0.8939536575643379,0.922976952040983,0.8939536575643379,0.9366179433582194,0.9388681234004667,0.9048630781107276,0.9564123911649454,0.9144601483865844,0.9728901249701001,0.9202057172377769,0.9803572006357363,0.7988959522164268,0.8736872401527209,0.9911380379989225,0.9400810957454317,0.7205943558041933,0.8598563011459692,0.9765973085412409,0.8905160099774292,0.9653967881313257,0.7546552523268166,0.9213345015882415,0.996580292171648,0.9473662360331916,0.974378015357418,0.8026428737504381,0.7993075373325033,0.9452352847073291,0.954761733100846,0.939624611034206,0.9443635535766483,0.9127606676606757,0.9522298476056426,0.9619891641435976,0.9041853249452692,0.8419067360173321,0.9127606676606757,0.9807539073902214,0.9634132845479189,0.9506935918794348,0.9759228906806523,0.7537554528113548,0.9790460413412314,0.8797479086308417,0.8670130892827221,0.9909102788434876,0.9011161501496316,0.9819890130629687,0.8523705157591197,0.9997356383868505,0.8950953277358087,0.8004287203278335,0.974256243496427,0.9731021013753223,0.7809764035056654,0.7404073909127016,0.7574865746915066,0.939924256724199,0.9048630781107276,0.9509195965950101,0.9194901908849105,0.9790460413412314,0.9239107843192428,0.9699071319862731,0.9857438147622564,0.9623295270285233,0.9132687697248496,0.9221355798163345,0.9772266493432945,0.95312785414623,0.7710485512257539,0.9627660172534371,0.9512399166403622,0.9169502243571088,0.9234489158774826,0.8674517075612469,0.9696581463157012,0.9400810957454315,0.8939536575643379,0.9048630781107279,0.8830656009007654,0.6639479679546786,0.9127606676606757,0.9926484018740545,0.9971018943817556,0.8939536575643379,0.8986797000234015,0.9127606676606757,0.6929132024963197,0.9277618281959881,0.9812626249122784,0.9041853249452693,0.9452352847073291,0.9473662360331916,0.8035077356714069,0.9289204748586173,0.9465033222027381,0.8325089969395397,0.9400810957454317,0.9289487025037608,0.8031852661685239,0.9418766792143729,0.973524191578051,0.982227424432899,0.9030226625770765,0.6282441526399694,0.8973047875643925,0.9513129424308564,0.8905160099774292,0.9628638144549219,0.8704602320811109,0.9463832072910507,0.9333217856849099,0.8324315093853561,0.8939536575643379,0.9787738104081759,0.9739852736341184,0.6940482849823955,0.949660769602743,0.9914181898502344,0.8283116968224695,0.8939536575643379,0.8939536575643379,0.9096650060530214,0.972962107208384,0.7358072844360832,0.8939536575643378,0.9627660172534371,0.8500990763695899,0.9577778435984425,0.9930972887713627,0.8912727187726606,0.996354656978774,0.9008881078971293,0.6968078157916986,0.8426478819631009,0.860114962912762,0.8939536575643379,0.9419977323666573,0.7413757864907241,0.9101541746128969,0.9472011989620008,0.9525511571664995,0.9827272325737448,0.9011161501496316,0.9052791287009647,0.8939536575643379,0.8395549055660386,0.9175833881378586,0.8803436822964701,0.7675756232194881,0.8974836658533198,0.9112749208758557,0.8231029929343335,0.8939536575643379,0.9693373622798923,0.9882718168482435,0.8939536575643379,0.9957857935641299,0.9084761887800564,0.9959668908084218,0.8257845837896092,0.9351010829367323,0.8939536575643379,0.8844493025757256,0.8547984773567885,0.8814871681420862,0.9807539073902212,0.982264339043214,0.9398461523275452,0.8535184014627388,0.8661937333636762,0.9011161501496319,0.9613249582586854,0.8995812034041049,0.6299644234796746,0.9324195130788706,0.840315949847767,0.9661375564805397,0.9545413042656152,0.9048630781107276,0.8330382480767984,0.8939536575643379,0.9997356383868505,0.970216185248872,0.9756053087261287,0.7477549404254635,0.9833293660239064,0.8871620821950177,0.9786375940116556,0.9517034159131196,0.9217448144111742,0.8736872401527206,0.9305175527166338,0.9937794439292975,0.9889678784602953,0.7880937965433777,0.9997356383868505,0.9994400057787403,0.9169502243571086,0.9294355670729679,0.9842194665695232,0.9797050406305918,0.943535813266678,0.8997866040575778,0.9915540072627126,0.9939668887798567,0.9243973365030073,0.888423181742269,0.9022591883114608,0.9876294343937337,0.8650941762755696,0.9480493128139421,0.9782950783443082,0.8922913131968897,0.8167368209660886,0.937431266898695,0.9688973851882077,0.8957706480212737,0.9023415705836826,0.823198958586876,0.7166989199553766,0.9475442789788516,0.9474367636842793,0.9085041789016387,0.8812694470532851,0.8917681657699776,0.8951849796577995,0.8355624786970706,0.8744481603927652,0.9465959628656272,0.8917681657699779,0.9897154607603138,0.9586158293930289,0.9430240674671689,0.9195639537908283,0.9197065733461768,0.9983097776654937,0.9782950783443082,0.9565125146369127,0.85100445645349,0.8746028111475572,0.9506935918794348,0.9338538408393923,0.9850272019609538,0.9138300194487543,0.9452352847073291,0.9997356383868503,0.7901178299305472,0.7971064462875372,0.9252304715640319,0.9971018943817556,0.9673694774834689,0.9056787863422768,0.9710669412761124,0.883884423370662,0.7753181831585196,0.8939536575643379,0.9087387818848154,0.8939536575643379,0.8939536575643379,0.942753092378321,0.8655068173538916,0.8250473281316444,0.8939536575643379,0.9202318316714514,0.992005482758475,0.8944935729746869,0.9134286718077721,0.961006396313822,0.9276992816406189,0.8098159871113995,0.7968622910970984,0.9979926324888733,0.9135899386508906,0.9442772972500761,0.9653967881313258,0.8766872575086164,0.7718147448650434,0.9412093079840864,0.8162937901012285,0.9794167057545851,0.9399242567241991,0.8844512056680318,0.9653967881313257,0.8455650075804328,0.9400810957454317,0.8044938653838822,0.9331001879958329,0.9396671510274334,0.9545413042656152,0.954761733100846,0.9182912196600743,0.8921901376261825,0.8970678842148452,0.907740782913099,0.9790460413412314,0.9022591883114608,0.9140001863547293,0.9437667409615021,0.9961766435821005,0.9189525367382566,0.9452352847073289,0.8651350304644962,0.9513129424308566,0.8530733543825879,0.8530793311375408,0.967369477483469,0.8317286255540062,0.9416339200957938,0.8857893504540394,0.8502718721848468,0.9500077886111797,0.8399639459989319,0.8879362697678999,0.8201718145291879,0.9175744257284595,0.9402024161543012,0.8939536575643379,0.9048630781107276,0.8496083480183549,0.9305175527166338,0.9912972349210976,0.9331001879958327,0.9745069889403557,0.9522167807377657,0.9766460977041067,0.8673897219109374,0.9248917576934461,0.9456023969539064,0.9113807932864515,0.9996195398799781,0.974769588014754,0.8871620821950175,0.9547565271417208,0.7738824070992767,0.7960352917220271,0.7875873196396961,0.893059693134028,0.9388562284389617,0.8858979977288076,0.9799613568776808,0.95354909944022,0.9743255196747049,0.8506202213590839,0.9219466081919554,0.9627660172534371,0.8593941012948738,0.93518689541171,0.955284291174268,0.9014261245900665,0.8774799101166624,0.8905160099774292,0.8582758607411114,0.8158604918305271,0.9822274244328989,0.9169178888169671,0.9400810957454315,0.636822661863876,0.8977278616055222,0.974378015357418,0.9870139983406148,0.8686457104425918,0.8593941012948739,0.934088123306877,0.9996195398799781,0.96157326624698,0.9048630781107276,0.9695535385776712,0.8939536575643379,0.9289487025037606,0.8711964335178473,0.8193910184777249,0.8433773845215852,0.8939536575643378,0.9099544671016266,0.8650672041036729,0.8869864437739805,0.9832806424468284,0.9729621072083838,0.8238974103282898,0.8089370847365043,0.7716341599935511,0.9897536591171329,0.9753158112139154,0.9777206241099277,0.8685501989761009,0.9506935918794348,0.9014261245900664,0.930017136844226,0.9040591218713688,0.8436462356148401,0.7411322394857488,0.8756614665880618,0.9745069889403558,0.7893512764751798,0.9294355670729678,0.9334007422562385,0.886662971521886,0.8872241842304941,0.9708951688585743,0.9997356383868505,0.9670814478689298,0.8510128142135613,0.8302986265158778,0.9034640556201763,0.8905160099774292,0.974020302099468,0.8838844233706618,0.8905160099774292,0.8905160099774292,0.8797479086308417,0.8939536575643379,0.9513129424308564,0.8730309725302883,0.8939536575643379,0.7584378183133021,0.9684351487899453,0.7809764035056658,0.9011161501496319,0.9653967881313256,0.93518689541171,0.8905160099774292,0.8582758607411113,0.8949697440841795,0.9267460465187531,0.901114921316257,0.8939536575643379,0.7483496752852565,0.9819890130629687,0.9792166697491576,0.8681890382161872,0.9892073335646783,0.7809764035056648,0.9517034159131195,0.9894020245290482,0.8198407636684343,0.9591612496938329,0.9305175527166338,0.8706881010282803,0.9880524976832432,0.9481225683626371,0.9884330025322015,0.9051703150845355,0.9559837914106136,0.8684360477766639,0.9400810957454317,0.8819800348797702,0.9959668908084219,0.8939536575643379,0.9670814478689298,0.9642715208489503,0.9169502243571086,0.8426079418074768,0.9513129424308564,0.8736872401527205,0.9569935311884212,0.8871620821950177,0.8940760710592242,0.911441051306328,0.8939536575643379,0.8939536575643379,0.8913060929724224,0.9906683138817678,0.8583244696882328,0.9454270919739332,0.9963945964136043,0.8097886606923441,0.9521744690474047,0.9452680583634527,0.8250607062072348,0.9915631008440169,0.8939536575643379,0.8983675882694171,0.9048630781107276,0.9213345015882415,0.8295609498405421,0.9127606676606757,0.8599259602252654,0.8939536575643379,0.8939536575643379,0.8887866807408913,0.9597907618264777,0.9057937861245,0.9639411876802051,0.7784548267436191,0.9782950783443082,0.902578441447023,0.9163628532094457,0.8023104638579486,0.9030615607923864,0.8939536575643378,0.9150626514540598,0.9078490967830963,0.8974836658533198,0.9122319444343764,0.9190988908223323,0.9015428239307054,0.9349510816578229,0.9287167102403806,0.6877808090043884,0.985029782278501,0.8939536575643379,0.9627377480120192,0.8766872575086169,0.8952944395201965,0.917595188004628,0.9424609224532297,0.8775328023580433,0.8480945166318412,0.7898140150442851,0.9653967881313257,0.8877905066371863,0.9526618028173132,0.9513129424308564,0.808155018264922,0.9402109610080136,0.997871471801081,0.9446057306844307,0.9048630781107274,0.9260446381122047,0.9806537585552647,0.9334007422562387,0.9897154607603138,0.9111927694034707,0.982227424432899,0.9864790672932795,0.9695535385776712,0.9695535385776712,0.8367736422373158,0.907740782913099,0.9899660880631356,0.9232268666741816,0.7165234324722647,0.9639411876802051,0.943535813266678,0.8099012292939944,0.9135899386508912,0.96157326624698,0.9880335906160527,0.8193111931119306,0.8974836658533198,0.9814181736296715,0.9496607696027428,0.9379812402695469,0.9638988487452407,0.8939536575643379,0.7836974398584033,0.996354656978774,0.8755502504082004,0.9627660172534369,0.911015539822384,0.8626186644435851,0.8686868646358593,0.8939536575643379,0.8456666837499487,0.8502718721848472,0.9916338289244493,0.9276992816406187,0.800450834748577,0.9126901464486542,0.9048630781107276,0.9835320520576505,0.9459697265362637,0.9771454985702951,0.9699878351135993,0.8970678842148452,0.9260196303760565,0.9340083874434693,0.9248631419617075,0.7404073909127016,0.934088123306877,0.9516481525905319,0.9884330025322015,0.8399639459989321,0.8540533411084328,0.8939536575643379,0.8905160099774292,0.979279901528267,0.8681849484390638,0.9894051861536215,0.8787839549893406,0.9084761887800563,0.8939536575643379,0.9356161065608621,0.966976316134418,0.8047610505081266,0.8939536575643379,0.9149378017160033,0.7572762258306396,0.9127606676606757,0.8655068173538916,0.8905160099774292,0.9500077886111797,0.8612199614304847,0.9100137463466735,0.9846499852040401,0.7420620600363319,0.8970678842148454,0.8160273875472472,0.8939536575643379,0.9359197093992108,0.8939536575643379,0.9127606676606757,0.8229681686540119,0.9515891586224781,0.9213345015882415,0.9256794559461556,0.7643471575559829,0.9110135561279729,0.9577778435984425,0.8939536575643379,0.9936188546913675,0.9484305391618524,0.8860304443498597,0.8162937901012285,0.8706881010282799,0.9856074913039305,0.869594687850592,0.9441227442947595,0.8255485912247713,0.9786124531375722,0.8927224802445384,0.8255485912247713,0.9832806424468286,0.9856074913039305,0.9742562434964273,0.8255485912247713,0.9213345015882415,0.9457651014915454,0.9894066454715097,0.695766267105841,0.9971018943817556,0.9441227442947595,0.7584378183133027,0.9349027668523879,0.9626735953468731,0.9861023711265688,0.9148671166961475,0.9651397425956001,0.8607835930791425,0.9947821873645775,0.7026831008868288,0.9322750447500567,0.7991369196068188,0.9637709214126768,0.9312601352566299,0.9883249142963813,0.8406986795053747,0.8974836658533198,0.9400810957454317,0.7945498244933045,0.0,0.9564123911649451,0.7744178602454442,0.9318389566753251,0.9048630781107276,0.9087387818848154,0.7733409131497369,0.8991421311545462,0.7422932223348537,0.9739852736341184,0.9742985285333188,0.7782676979655128,0.9803572006357362,0.9182912196600745,0.8939536575643379,0.9779616180235865,0.6364810652616775,0.9019046337579002,0.9530631385572322,0.8048591341110773,0.9087387818848152,0.8742481220045635,0.7780509459760516,0.8851446183863341,0.8801157599186571,0.9787541055293758,0.9795680942771934,0.7504086464373163,0.7470225779913517,0.9374143102563934,0.8592292650132212,0.8607835930791425,0.9172068457177971,0.951278260525593,0.8650941762755693,0.9728901249701001,0.9971696404952417,0.8756614665880611,0.7871642850839699,0.8358206561373603,0.9268990298897799,0.8626491407196206,0.8707587922918856,0.9909102788434876,0.9900078189740792,0.9041853249452692,0.9229769520409833,0.9790460413412314,0.9975225343911603,0.9792166697491576,0.9087387818848154,0.9988389617417541,0.974378015357418,0.9140001863547293,0.9169502243571086,0.9548458029436195,0.9127606676606757,0.8785201214536571,0.9087387818848154
p348_G,0.7073648019871455,0.9163339973465925,0.8619735183901875,0.9569057808979562,0.9275522446953857,0.9462580354121288,0.7544007751104493,0.7925157589920613,0.5914634884583578,0.9432628256129656,0.6278543809695182,0.9252037445446055,0.9252037445446055,0.8894628186153251,0.7341946888667257,0.9392085842254896,0.9455891145578188,0.9022812459376923,0.9404006431802041,0.9961565139931365,0.8395760334095803,0.6392633051571583,0.9473606184418111,0.929963842972795,0.6500288760033346,0.9395449643646776,0.9206732387984038,0.5783523637994028,0.9432628256129656,0.6795146752603252,0.8930282606473354,0.9883880331853732,0.9620019617019888,0.9167630175479358,0.9275522446953857,0.9404006431802039,0.4717918221625689,0.9184817171461352,0.9462580354121288,0.9003870625528827,0.856501611717714,0.9042000439512241,0.9899835764925831,0.7232519921210516,0.9206732387984036,0.782417500919719,0.500812344912036,0.9454829014529342,0.6961750005784247,0.6227757937155924,0.935005241301464,0.7854628216989832,0.9022812459376919,0.9163339973465925,0.9184817171461352,0.8985159947466634,0.8985159947466637,0.9275522446953854,0.95375177928069,0.5740843197129468,0.7836118471054025,0.9383051485204812,0.9768086827916647,0.856501611717714,0.9376530086096915,0.8226168929207005,0.935005241301464,0.9312380290574311,0.9341968073622128,0.9404006431802039,0.8877049890176525,0.9003870625528829,0.9275522446953857,0.8180229103268297,0.9275522446953854,0.878057271102445,0.9121566723282284,0.9142266602978066,0.589973545826987,0.946258035412129,0.9142266602978066,0.9061450951233825,0.8948378117301918,0.9022812459376928,0.9275522446953854,0.8825207683757947,0.9655033215314217,0.9727822696574473,0.7205839105275211,0.9252037445446057,0.9275522446953854,0.8722512319713727,0.7591615797799518,0.865234906375568,0.8948378117301918,0.8580690156021948,0.8688749213726972,0.9008915475218526,0.937946667137241,0.8338544992732517,0.8985159947466637,0.9324454498571317,0.9275522446953857,0.7975536396162428,0.9202465243964864,0.42323203077616856,0.8084471053983471,0.8719658487713318,0.950107672001856,0.834899719560471,0.823010002210335,0.9042000439512239,0.8554185182700846,0.7994000084284099,0.500812344912036,0.8939674153965407,0.9163339973465923,0.9404006431802039,0.9462580354121286,0.8115178532185532,0.9683184098724436,0.8365455300348619,0.9101213268023749,0.8930282606473356,0.9022812459376928,0.9326713840240486,0.5216455167346221,0.8252844515670321,0.9252037445446055,0.9106086590743891,0.8423759905218635,0.9324454498571317,0.9350052413014638,0.9462580354121288,0.9206732387984038,0.8015862253553034,0.8772853936381586,0.9350052413014638,0.4777840479755342,0.9229124393123009,0.9853150850244832,0.4509305704480545,0.8440062584737964,0.8411444086656643,0.8395760334095805,0.7947047012361299,0.9655791710424326,0.783953208723905,0.9003870625528829,0.7001569776675938,0.9432628256129656,0.7252143920641368,0.9540896479148512,0.8556474326498931,0.935005241301464,0.9737394147108269,0.8502862207868807,0.8774549020235316,0.5850339887412064,0.8365455300348619,0.7877569213377067,0.9324454498571317,0.9061450951233825,0.9474249368874276,0.8445053672263491,0.8808199067953637,0.9181854098502646,0.837059894595599,0.8948378117301918,0.8428133176165025,0.8894628186153253,0.558035029434345,0.9346355708099476,0.8409479654474652,0.7087654451175565,0.8260073636615612,0.9404006431802039,0.95965156284299,0.8859625712873518,0.8380594322760748,0.9963089389332338,0.7934636358285029,0.8985159947466637,0.9252037445446055,0.8913387521486207,0.9586205380315475,0.7425304696011643,0.8596424572452424,0.9163339973465925,0.8912369310715329,0.9229124393123014,0.8212435824605389,0.9809307640438518,0.8840573482979428,0.8660034226470059,0.9275522446953854,0.929963842972795,0.9856324259650171,0.9703250629992639,0.9732220615369738,0.8353959934263442,0.9252037445446055,0.9275522446953854,0.9253466738264611,0.8840573482979428,0.9432628256129656,0.9275522446953854,0.8707693232042872,0.9949598499265351,0.6457891193212351,0.7454939767396409,0.8644023815981577,0.9252037445446055,0.9275522446953854,0.7945425446535294,0.9275522446953854,0.7415415013888952,0.7701168320027258,0.7654463129712832,0.9275522446953854,0.9424631527248861,0.9275522446953854,0.9876615936729205,0.8970614495800682,0.8808199067953637,0.9070190795022042,0.9324454498571317,0.9115200681662383,0.9229124393123009,0.6602151631852055,0.9121566723282288,0.8660034226470059,0.9008615990718252,0.8842347516782392,0.9350052413014638,0.9400757463595385,0.997366491079042,0.8612222667022582,0.9083129299813857,0.6801882132629478,0.9735629864071067,0.9652524543463294,0.8622112935825186,0.756994589158314,0.9275522446953854,0.9752059632817929,0.9275522446953854,0.7281801876928499,0.8791314954080305,0.9350052413014638,0.8966666666666667,0.9115200681662383,0.929963842972795,0.8110057167920508,0.6500288760033346,0.8472070714583104,0.9142266602978069,0.8960126735832699,0.9324454498571317,0.8170245918162766,0.8652642255150518,0.8896175993511685,0.9252037445446057,0.8959207482435988,0.7775244447977974,0.9462580354121288,0.8472430488789012,0.8255516928853004,0.9042000439512241,0.9202465243964858,0.8459458461802478,0.9350052413014638,0.8800952998337541,0.6842622382840275,0.6736519228114517,0.42323203077616856,0.813367728691486,0.9086088401419734,0.9061450951233827,0.8575921949043329,0.42323203077616856,0.9917446040858144,0.8426140043869758,0.9376530086096915,0.8549399288486854,0.8894628186153251,0.932445449857132,0.8842347516782392,0.8554185182700846,0.5740843197129472,0.9324454498571317,0.9324454498571317,0.9422454212547074,0.9404006431802039,0.7238372763052598,0.8424528604155644,0.8811310709409119,0.7778286268494088,0.9404006431802039,0.9275522446953857,0.9003870625528829,0.9229124393123014,0.9350052413014638,0.8637598124150168,0.9932316441455897,0.9324454498571317,0.9003870625528831,0.9126333026427302,0.9903511166197145,0.8708552650198258,0.9862721243369699,0.9673581791985437,0.9632867304108726,0.929666790621683,0.8427418772662418,0.9432628256129658,0.5627409767080856,0.9432628256129658,0.7579543237550956,0.8791314954080305,0.8708552650198256,0.861466475513474,0.9275522446953854,0.9883880331853732,0.8612222667022578,0.902281245937693,0.42323203077616856,0.9513961626258348,0.9252037445446053,0.9275522446953854,0.6500288760033345,0.9404006431802039,0.9462580354121288,0.7947047012361305,0.9829021226820066,0.9061450951233827,0.9350052413014638,0.9556998288469056,0.9928443534876488,0.9101213268023749,0.7768765709628898,0.7732118150241378,0.9129884941708223,0.916763017547936,0.9633866379154015,0.9985862887416473,0.7341946888667261,0.9462580354121288,0.9192371561388204,0.8842347516782392,0.9018073277737217,0.58895539017441,0.9252037445446057,0.8877049890176525,0.8365455300348619,0.8554185182700846,0.8533100175137673,0.9750461004699977,0.9275522446953854,0.7541936438291909,0.8825207683757945,0.8859625712873518,0.7636811486269078,0.9432628256129656,0.8205882890522402,0.9275522446953854,0.9275522446953854,0.9003870625528829,0.862808788286463,0.8221273223112766,0.9275522446953854,0.9432628256129658,0.9275522446953857,0.8894628186153251,0.8445053672263491,0.8840573482979428,0.9275522446953857,0.8912369310715329,0.9121566723282284,0.9988880720635471,0.9575989146253555,0.9275522446953854,0.8930074869035778,0.8808199067953635,0.9037569047436173,0.8998538077760158,0.7330454845180798,0.8140340532964883,0.9324454498571317,0.8739981892998828,0.9275522446953854,0.9403305407413638,0.902281245937693,0.4857583793152831,0.7575793480087789,0.9299638429727952,0.9968662932581831,0.9184817171461352,0.9275522446953854,0.8518325205937485,0.859607149070275,0.9275522446953854,0.8912369310715329,0.8760233677235866,0.9825349400449439,0.9692002530510093,0.8637598124150168,0.9275522446953854,0.96208482709918,0.8169799347703314,0.9376530086096915,0.9405065682878537,0.9903511166197146,0.7789979608961878,0.9228121617712687,0.8518325205937485,0.500812344912036,0.8549399288486854,0.6457891193212351,0.9081181966045124,0.7796805657658039,0.8200161676867062,0.9202465243964862,0.9081181966045127,0.4777840479755341,0.9022812459376932,0.9275522446953854,0.9404006431802039,0.8596424572452426,0.8447746773113027,0.9142266602978066,0.7118279569892454,0.9229124393123009,0.7126772758271863,0.9299638429727952,0.9229124393123009,0.9142266602978069,0.9275522446953857,0.9163339973465923,0.8987153340873767,0.862808788286463,0.9404006431802039,0.7734861690681865,0.9432628256129658,0.8284268609181269,0.9081181966045124,0.7613233946488608,0.9121566723282284,0.9432628256129658,0.993185719775959,0.6101657596467696,0.8456737070075293,0.9042000439512241,0.9121566723282291,0.8538184918489036,0.9324454498571317,0.8842347516782392,0.8565016117177142,0.6577313238284952,0.9446884865801572,0.9122177014789303,0.9142266602978069,0.9276398400468779,0.7936302277196006,0.9303240091633478,0.8644023815981579,0.9206732387984036,0.842614004386976,0.8652920285279646,0.9569057808979562,0.9061450951233825,0.9473606184418109,0.9730935023487233,0.9142266602978069,0.9856724533720749,0.9061450951233827,0.7746197042620235,0.9345865373828295,0.9324454498571317,0.9571614253051384,0.9977451916943743,0.8825207683757945,0.9957918361207543,0.7703414813454201,0.8469243087802184,0.8722512319713731,0.9376530086096915,0.9126333026427302,0.9206732387984038,0.9206732387984038,0.9350052413014638,0.9404006431802039,0.8930282606473356,0.9868611138836498,0.8757895304704919,0.558035029434345,0.9252037445446055,0.9615459061074565,0.8970614495800682,0.9206732387984036,0.8170245918162765,0.9275522446953854,0.4521174331857052,0.9275522446953854,0.9275522446953854,0.8338544992732517,0.9081181966045122,0.8842347516782392,0.9275522446953854,0.8511916782554121,0.7940660928096276,0.9735629864071067,0.790012315632066,0.8930074869035778,0.95375177928069,0.862808788286463,0.8612222667022582,0.7890516057622549,0.9620019617019886,0.9812875607829841,0.9376530086096915,0.9468476925571214,0.901807327773722,0.8626831724851713,0.7262443659576991,0.8639170600745969,0.9229124393123014,0.7881941303333617,0.9376530086096915,0.848124213267118,0.500812344912036,0.9422610511499967,0.9937166764217946,0.9420850922811461,0.9081181966045124,0.9024928482282392,0.73304548451808,0.9880029397498308,0.9741545378835921,0.9165846532781935,0.8099444568561254,0.965503321531422,0.9299638429727952,0.5929281499629586,0.9517996755947727,0.7716661136923295,0.9350052413014638,0.7960489146934,0.9901683301057446,0.713160749806524,0.8685576193070534,0.9252037445446055,0.9659765620285053,0.8948378117301918,0.9462580354121288,0.9537517792806898,0.7734861690681866,0.8612222667022582,0.9499116455641394,0.9121566723282286,0.9559597385843852,0.7637872527124097,0.9275522446953854,0.4777840479755341,0.9126333026427302,0.9275522446953857,0.8020592119962244,0.8839433174378558,0.6198118870742904,0.7191787936222565,0.9968662932581831,0.9081181966045124,0.8596071490702748,0.9432628256129658,0.9345865373828295,0.9142266602978069,0.764827744487691,0.9229124393123009,0.9184817171461352,0.938282675520304,0.8791314954080305,0.9061450951233827,0.8771494236292643,0.8958794483891346,0.9614548268121528,0.9844554368968315,0.8842347516782392,0.9752567738510713,0.9424631527248861,0.7608559453572412,0.9432628256129658,0.9101213268023749,0.9798175375448483,0.9888104103134967,0.9393062642835558,0.9274415389579922,0.9252037445446057,0.9384159066143357,0.9846369294048609,0.9462580354121288,0.8987153340873767,0.9839674685144804,0.8825207683757947,0.7692327388836031,0.9042000439512241,0.8596424572452424,0.7262443659576991,0.9101213268023749,0.8549399288486854,0.9142266602978064,0.9252037445446053,0.4777840479755341,0.946258035412129,0.9275522446953854,0.8842347516782392,0.8080514071552434,0.624532038016302,0.885962571287352,0.9275522446953854,0.8109703389764626,0.7495957960173825,0.9880029397498308,0.8894628186153251,0.8212435824605382,0.8456737070075291,0.9561854648285055,0.9938516277880491,0.8966666666666667,0.8660034226470059,0.7851447122349791,0.8441441538596661,0.4521174331857052,0.8253225677040198,0.8985159947466637,0.9324454498571317,0.9106086590743894,0.9462580354121284,0.9609677419354835,0.9229124393123016,0.9462580354121288,0.9163339973465923,0.8985159947466637,0.9275522446953857,0.8188833286340161,0.8841614087310614,0.9404006431802041,0.9275522446953857,0.9121566723282288,0.9153835315813805,0.8637598124150168,0.9252037445446057,0.9350052413014638,0.9206732387984036,0.9252037445446057,0.9252037445446057,0.8842347516782391,0.9275522446953854,0.9206732387984036,0.8676123050779097,0.9275522446953854,0.9061450951233825,0.8441441538596661,0.9404006431802037,0.500812344912036,0.9376530086096915,0.9299638429727952,0.9252037445446057,0.9384159066143356,0.7425304696011643,0.5817303195106079,0.9273080685693209,0.9275522446953854,0.8676123050779097,0.9324454498571317,0.9061450951233827,0.8780416307551022,0.8039787922191292,0.9404006431802039,0.9299638429727952,0.950107672001856,0.9949598499265346,0.9101213268023749,0.5406286483205431,0.8791314954080303,0.8877049890176527,0.8930282606473356,0.5943277159218622,0.9142266602978069,0.9404006431802039,0.9003870625528829,0.500812344912036,0.8676123050779097,0.8280824823508026,0.9275522446953854,0.9275522446953857,0.8900981078855802,0.9432628256129656,0.7685638508540675,0.5889553901744099,0.9142266602978069,0.8226168929207003,0.9229124393123009,0.8820583819012393,0.8919959409043677,0.9275522446953854,0.9275522446953854,0.8774549020235316,0.996866293258183,0.8612222667022578,0.7230808592272531,0.776138231923716,0.7365407537952497,0.9867286320076913,0.8678786778783184,0.9042000439512239,0.8447746773113026,0.9275522446953854,0.8580690156021946,0.4777840479755341,0.9462580354121288,0.7591615797799518,0.42323203077616856,0.80864803207781,0.9275522446953854,0.9275522446953854,0.9076450892148039,0.9275522446953857,0.8959340705930419,0.6392633051571586,0.7960489146934,0.856501611717714,0.8966666666666665,0.837059894595599,0.8014398519461473,0.7869816637136529,0.9275522446953854,0.8791314954080305,0.836062553596149,0.5216455167346221,0.9404006431802039,0.9670972943767466,0.831538202718104,0.8724902307321463,0.8825207683757945,0.929963842972795,0.947167911564243,0.9275522446953854,0.8180229103268297,0.8825207683757947,0.9122177014789301,0.9150410979553778,0.8080514071552434,0.913506574829887,0.7302044805475609,0.9586205380315475,0.9376530086096915,0.9555103610653355,0.9633872716499582,0.9206732387984036,0.9432628256129658,0.7733223699715194,0.9022812459376928,0.8447746773113025,0.9350052413014638,0.9252037445446057,0.6370481612147435,0.8125273967470628,0.8791314954080305,0.8877049890176525,0.9462580354121288,0.8791314954080307,0.946258035412129,0.9462580354121286,0.8253225677040198,0.9165846532781936,0.793570892150912,0.7823646060405737,0.9432628256129658,0.6392633051571583,0.9121566723282284,0.9578121459404715,0.9620019617019888,0.6050133227089888,0.8985159947466637,0.9628366842581719,0.929963842972795,0.6696823788399089,0.8825207683757947,0.8462481447215907,0.8658233369388446,0.9275522446953854,0.8456737070075291,0.7823646060405738,0.9704176657899954,0.9432628256129656,0.9420850922811461,0.9061450951233829,0.7712766970554916,0.9275522446953854,0.8596071490702749,0.9537517792806898,0.9061450951233829,0.8575174679483173,0.8180229103268297,0.8447746773113023,0.4777840479755341,0.8271528376001824,0.8650383461807645,0.9747218629219112,0.9479936575220589,0.9081181966045127,0.9804222924481628,0.9462580354121288,0.9081181966045124,0.9275522446953857,0.8408182974981272,0.9003870625528829,0.7915690631176793,0.8612222667022582,0.961454826812153,0.9274061806725941,0.9252037445446057,0.8501471191642512,0.8020592119962247,0.8481242132671175,0.9037569047436173,0.9365013086462428,0.9275522446953854,0.8860503561570029,0.9376804333772975,0.8894628186153251,0.9275522446953854,0.7890516057622546,0.9184817171461352,0.42323203077616856,0.9081181966045124,0.9252037445446057,0.7808907816692274,0.9486638803543643,0.8445053672263492,0.8985159947466637,0.8692294415124868,0.9473606184418109,0.9653213242124634,0.9275522446953854,0.8966666666666667,0.9275522446953854,0.9404006431802039,0.762312543236283,0.654412298617769,0.9462580354121288,0.8948378117301918,0.717914565222928,0.9329010494747014,0.7396008888302044,0.9275522446953854,0.9122885080715843,0.8293999941690731,0.965302027625028,0.8930282606473356,0.8791314954080311,0.9350052413014638,0.8930282606473354,0.8912369310715331,0.8808199067953635,0.8853447035427515,0.9365013086462428,0.8808199067953635,0.8894628186153251,0.9350052413014638,0.8811310709409118,0.8808199067953635,0.9462580354121288,0.9486638803543642,0.8207676841669381,0.8811310709409118,0.9252037445446055,0.8912369310715329,0.9061450951233827,0.6493533186794369,0.7746197042620238,0.9473606184418111,0.8421596549104928,0.7695273527363697,0.9721820378192461,0.9121566723282288,0.8680008702584832,0.7396008888302044,0.8596424572452426,0.9575347471786908,0.7898863487743328,0.869229441512487,0.9003870625528829,0.929963842972795,0.500812344912036,0.9727485963854123,0.9564123911649451,0.0,0.8966666666666665,0.8580690156021946,0.4777840479755343,0.4521174331857052,0.8200161676867062,0.8948378117301918,0.833193433590145,0.5063734519016001,0.726244365957699,0.7900123156320664,0.9101213268023749,0.8912369310715331,0.5406286483205431,0.7965432256289673,0.8260073636615612,0.7849379117223525,0.8893548777543996,0.785462821698983,0.9376530086096915,0.8842347516782392,0.8230100022103348,0.9022812459376919,0.9901683301057447,0.7191787936222565,0.9679337912401462,0.8170245918162766,0.9269215507254828,0.6278543809695182,0.9108501363691779,0.9252037445446055,0.9097045815646494,0.7463662771643382,0.9324454498571317,0.5216455167346221,0.9038648435225802,0.9609677419354836,0.9324454498571317,0.9791100127950296,0.7505804192991626,0.7512025702894107,0.9229124393123014,0.5740843197129477,0.8062629089545367,0.9061450951233825,0.861222266702258,0.9324454498571317,0.7395336220522102,0.6698775988520975,0.4521174331857052,0.6713861235436003,0.9042000439512239,0.9299638429727952,0.9432628256129656,0.804133780297941,0.9404006431802039,0.7414801668228577,0.4521174331857052
p348_Q,0.8531789425883893,0.7433471470063664,0.9151285683178765,0.874486813395466,0.9758994362393925,0.9462580354121288,0.8833695907187649,0.9592587848460892,0.8915313000367351,0.9432628256129656,0.877628358460068,0.9252037445446055,0.9252037445446055,0.6384364454062573,0.8724902307321463,0.9581283615838829,0.9010098990098929,0.8368727250734078,0.8281930564402953,0.9432628256129658,0.8230318218012832,0.9529366743750116,0.9866030402791097,0.9299638429727952,0.950107672001856,0.9022812459376921,0.7226930368181891,0.8808199067953637,0.9355758535992384,0.9679201395372994,0.9968629988459625,0.9350052413014638,0.9184817171461352,0.9167630175479358,0.9758994362393925,0.9982522182750793,0.9299638429727952,0.7333563264070364,0.9462580354121288,0.5494702962625375,0.8927759843568143,0.9042000439512241,0.9262251883972954,0.939152710725605,0.8564306834619668,0.7708095015891328,0.932445449857132,0.8580690156021946,0.9003870625528829,0.8456737070075291,0.9883880331853732,0.6980060149848735,0.9022812459376921,0.9163339973465925,0.9620019617019888,0.848646972810347,0.8985159947466639,0.9275522446953854,0.911811611998247,0.9229124393123014,0.8660034226470061,0.802380618594176,0.9022812459376932,0.8843596565983227,0.9376530086096915,0.9421000859952449,0.9883880331853732,0.7945425446535295,0.9549404804699345,0.8860446315351705,0.7792336432838085,0.8428797048943141,0.9274061806725941,0.7957214786034352,0.9275522446953854,0.9554799883628494,0.7616033112975067,0.8359993622116434,0.8120523900856045,0.9262251883972953,0.997484652794657,0.9832318780369318,0.824446992162498,0.9022812459376928,0.9275522446953854,0.6028638381735911,0.9247233194846389,0.9099283016803432,0.902578441447023,0.9252037445446057,0.9275522446953854,0.7290858935709684,0.8302575514849223,0.8613805421043887,0.8948378117301921,0.886133027451462,0.7635306355789538,0.9268447894287093,0.8069023617127802,0.8264132336036363,0.970755146873232,0.9645105128281709,0.782364606040574,0.8345136477576833,0.8875904151866757,0.9404006431802039,0.837896249900505,0.8360507571373059,0.9101213268023749,0.7775244447977978,0.784305025735177,0.7927195694093994,0.9976537215684178,0.8708552650198256,0.932445449857132,0.9815022989603666,0.9588738543024724,0.9404006431802039,0.6711916360161438,0.7975536396162426,0.939152710725605,0.7271364896549708,0.5700561856043727,0.9276398400468782,0.9114001619273787,0.9008615990718252,0.9299638429727952,0.8020592119962242,0.9252037445446055,0.8791314954080307,0.8185201747884039,0.932445449857132,0.7446980073950806,0.9462580354121288,0.9652524543463297,0.7094631462309298,0.8523965856076625,0.7980807992789898,0.9350052413014636,0.9229124393123009,0.9853150850244832,0.9432628256129656,0.749595796017382,0.7005790711959695,0.8489850637081395,0.8724902307321467,0.9809311839577797,0.774754055007119,0.9003870625528829,0.6761645112807126,0.9432628256129658,0.8660034226470061,0.8626831724851715,0.9935455190821888,0.9048463830468081,0.9003870625528831,0.905866131167257,0.9356214692658185,0.9565089026918354,0.9324625980362261,0.9766640415453466,0.9645105128281708,0.7855077732224196,0.8224959708134425,0.9907068309121403,0.8646729264257034,0.8717349307086484,0.9206340292374221,0.9297151907027392,0.7793611967910414,0.8407653322541501,0.792926495807552,0.8985159947466634,0.960470303231495,0.8904782399640953,0.9015164260553183,0.9404006431802039,0.8875904151866758,0.9846889590045791,0.9038648435225802,0.9046783479507619,0.9716101217633679,0.9707551468732323,0.9721820378192461,0.8451977989237242,0.7087654451175565,0.8205494341553721,0.887918992030285,0.9163339973465925,0.8355139166300035,0.9856324259650168,0.964856141211902,0.7205326162913126,0.7833141124744871,0.9588042122291982,0.9275522446953854,0.9299638429727952,0.8484497238809947,0.886133027451462,0.886111519706392,0.8456737070075291,0.9252037445446055,0.9275522446953854,0.8538608947615389,0.741735545071041,0.9432628256129658,0.9275522446953854,0.9792261031722918,0.8791314954080305,0.9154821495364778,0.8877403364067918,0.84603109136307,0.9252037445446055,0.9275522446953854,0.9316522577980492,0.9275522446953854,0.7526210231327572,0.660074831653801,0.7118904360452296,0.9275522446953854,0.8960126735832696,0.9275522446953854,0.8618747881173792,0.8970614495800682,0.6737925513415032,0.9806475117624204,0.9839674685144806,0.8395831264203752,0.9229124393123009,0.9349121160462935,0.9529366743750116,0.9004067571879331,0.7453959900069056,0.9492912834176328,0.47778404797553486,0.8565016117177147,0.8441441538596661,0.8823144159937883,0.7895760999391797,0.9949598499265349,0.8791314954080303,0.9206732387984036,0.7528022532026275,0.9229124393123016,0.9275522446953854,0.9678021884284395,0.9275522446953854,0.8301602715528253,0.774619704262024,0.9883880331853732,0.9678494623655916,0.8188417259692597,0.9299638429727952,0.8774549020235314,0.8099742568012586,0.751620591043283,0.955855656546232,0.8485096911378405,0.932445449857132,0.6764592543465826,0.9900168733886221,0.777828626849409,0.9252037445446057,0.9931284229919284,0.7703037469535159,0.9462580354121288,0.8490779672106865,0.8056952552234848,0.9420850922811461,0.8635700326345708,0.7142579638542109,0.9350052413014638,0.918326764615881,0.8569067138581177,0.6833646632039676,0.9404006431802039,0.7559924539288128,0.9397627782604152,0.9446884865801572,0.7727625905492058,0.9404006431802039,0.8788298913752621,0.7560070311319584,0.9376530086096915,0.951451669735649,0.8070438511128343,0.7584224381987762,0.9856521848429739,0.7247878812684938,0.9229124393123014,0.932445449857132,0.9839674685144806,0.7864467705127658,0.9982522182750793,0.7126772758271864,0.9069446340243958,0.932462598036226,0.9330203879558061,0.9982522182750793,0.9274061806725942,0.7695273527363693,0.7112670217969727,0.9883880331853732,0.8015796896953398,0.8825982719080667,0.9839674685144806,0.8062035288153424,0.9126333026427302,0.8615928383993483,0.9308088516656006,0.9371448389585988,0.879231884093598,0.838436467732778,0.7872239484289285,0.7939325855661878,0.9961565139931365,0.9648561412119023,0.9432628256129658,0.9167630175479362,0.8791314954080307,0.7694232151055229,0.9839674685144806,0.9275522446953854,0.9350052413014638,0.9752059632817929,0.7623452882194368,0.9404006431802039,0.9931284229919284,0.9808396689061133,0.9275522446953854,0.950107672001856,0.9404006431802041,0.6711916360161436,0.9762347383443426,0.9530292275943426,0.9446884865801572,0.9350052413014638,0.8056952552234848,0.7703037469535161,0.8499606020007389,0.9184817171461355,0.6984581728209514,0.932445449857132,0.916763017547936,0.7836946243454253,0.9163339973465925,0.8724902307321463,0.9899835764925831,0.8109472249678122,0.7904825896247936,0.7870716654595453,0.9901683301057446,0.9252037445446057,0.9210111257875067,0.8041337802979416,0.85072596140692,0.7264876094620611,0.748921432492474,0.9275522446953854,0.7915243690544613,0.914684230466458,0.8507670614667088,0.988825383261552,0.9432628256129658,0.8682613110480899,0.9275522446953854,0.9275522446953854,0.9003870625528829,0.8628087882864628,0.6472517156024178,0.9275522446953854,0.9961565139931365,0.9275522446953857,0.9231842997566406,0.8994346345135196,0.8248926798779332,0.9275522446953857,0.8696700606673109,0.7208233092507242,0.7196633449625741,0.7692695429089331,0.9275522446953854,0.9181419949482305,0.928299718120437,0.7436650373086833,0.7267600762849993,0.6988893404807716,0.9706559757630682,0.9839674685144806,0.8342015154555684,0.9275522446953854,0.7885420218880851,0.8368727250734076,0.9836206585984131,0.9404375064731249,0.9798175375448486,0.9166956291133693,0.6898360818511826,0.9275522446953854,0.8518325205937483,0.8051716883851703,0.9275522446953854,0.903826204704619,0.9593457337814402,0.9512711495147099,0.734687656987117,0.7388308463410311,0.9275522446953854,0.9134531342544918,0.8173941635109494,0.9376530086096915,0.9239957764594833,0.9673471562428748,0.8676123050779097,0.8692294415124873,0.6844642499184999,0.932445449857132,0.8549399288486859,0.8380594322760744,0.7387000068598006,0.7900123156320662,0.81509215104114,0.8481853767401716,0.9081181966045127,0.9350052413014638,0.8741364435003931,0.9275522446953854,0.9404006431802041,0.8858687296893754,0.9442208799373264,0.955855656546232,0.9678494623655913,0.968640006673642,0.807316601915268,0.8706213787389918,0.9229124393123012,0.7111123734663686,0.7340174144965674,0.9985862887416475,0.9484929501483691,0.7925210707102661,0.9404006431802041,0.8031719341323567,0.9432628256129658,0.9985862887416475,0.9473606184418111,0.9669767553971838,0.761603311297506,0.9432628256129658,0.9514167058100789,0.9126333026427302,0.994861143209408,0.9821448110590097,0.9937166764217946,0.9108103401386719,0.932445449857132,0.9205956531035807,0.9679337912401462,0.8738186860860648,0.6313342073953214,0.9400757463595384,0.9192573547084931,0.8930282606473354,0.7890516057622549,0.758577704412212,0.5275079116204204,0.9206732387984038,0.8616330744164491,0.9445367060586108,0.9756512568194128,0.9446884865801572,0.9473606184418113,0.7512430229049811,0.9142266602978071,0.9405065682878542,0.9446884865801572,0.9735629864071067,0.8780416307551022,0.932445449857132,0.9793864538694006,0.9124490146472781,0.892334996989562,0.9484920741180302,0.9404006431802039,0.9312305546932764,0.9254062818990603,0.8404453338613613,0.9919265098151697,0.811851467914041,0.8118514679140407,0.9883880331853732,0.9404006431802039,0.7954675247567838,0.8417508544114485,0.937475450071793,0.9808396689061134,0.886883082356833,0.747983740361954,0.8970614495800682,0.9206732387984036,0.7005790711959701,0.9275522446953854,0.9376530086096917,0.9275522446953854,0.9275522446953854,0.7414801668228581,0.9081181966045127,0.8842347516782392,0.9275522446953854,0.7492115943954369,0.7904323536708824,0.963482686260176,0.8476237950187722,0.9181419949482303,0.7946072170246531,0.9074111177113571,0.8612222667022578,0.7716661136923304,0.9184817171461352,0.9929048667968814,0.9376530086096915,0.882520768375795,0.7870716654595454,0.7945425446535295,0.9339138423549529,0.9074373046304507,0.9229124393123014,0.9957977514753733,0.9376530086096915,0.7935708921509115,0.932445449857132,0.8332268540558649,0.9529366743750114,0.9063747143991654,0.9866030402791095,0.8511341194324267,0.903826204704619,0.8660034226470064,0.9081181966045127,0.9188713671930944,0.9839674685144806,0.9121566723282288,0.6712066004507791,0.9979293455027018,0.818971770121748,0.8769080618713374,0.9582291749307176,0.9106631918351398,0.9206732387984038,0.9964278266853772,0.999841348967178,0.8868830823568324,0.8058846945935716,0.8946257911893255,0.9262251883972953,0.773637133383432,0.8031719341323567,0.8612222667022578,0.777954277242037,0.843163315391073,0.9559597385843852,0.9330666948719817,0.9275522446953854,0.9350052413014638,0.9762600943374635,0.9275522446953857,0.9192379131540781,0.9121566723282284,0.9686400066736423,0.9998939897295667,0.787038512670698,0.7779424286970987,0.721366397749031,0.9432628256129658,0.7114888913221531,0.9142266602978069,0.8331934335901452,0.9856324259650173,0.9620019617019888,0.8529864984732083,0.6801882132629482,0.9832318780369318,0.9153835315813807,0.8790297509949236,0.7648490011955933,0.8050570472652661,0.7904825896247933,0.8239901380012877,0.8031117153000367,0.8930282606473359,0.9432628256129658,0.990094017201337,0.9299638429727954,0.813484768361659,0.9752059632817929,0.8472070714583106,0.9252037445446057,0.7280980416776084,0.7204719233274057,0.946258035412129,0.9270630096991506,0.9645105128281708,0.7958446107175723,0.9762600943374635,0.9063747143991656,0.9444720616003699,0.9622514194464207,0.9101213268023749,0.8549399288486859,0.9142266602978064,0.9252037445446055,0.9350052413014638,0.946258035412129,0.9275522446953854,0.9167630175479362,0.8856991323290032,0.8087466013607778,0.7191318778437394,0.9275522446953854,0.8589182034812153,0.6942806996021247,0.8660034226470064,0.8894628186153253,0.9074111177113569,0.7290858935709683,0.8556474326498935,0.8900194235964316,0.9322580645161289,0.9004067571879328,0.7869816637136537,0.680387780956457,0.9931284229919284,0.7968266435591366,0.9346355708099479,0.8614664755134733,0.9320055225938174,0.7349500241114311,0.9322580645161287,0.8027221565196538,0.7349500241114315,0.8284268609181266,0.9208861249369155,0.9274061806725941,0.9071418758878118,0.9607444454354929,0.9404006431802041,0.9275522446953857,0.9121566723282286,0.8149093101924577,0.864328533049648,0.9252037445446057,0.9582291749307174,0.9206732387984036,0.9252037445446057,0.9252037445446057,0.8842347516782392,0.9275522446953854,0.9652524543463297,0.8970614495800683,0.9275522446953854,0.7084209903088707,0.997366491079042,0.8860446315351704,0.932445449857132,0.9376530086096915,0.9299638429727952,0.9252037445446057,0.7072551634458549,0.8205494341553721,0.9081181966045127,0.7732118150241385,0.9275522446953854,0.8673453944026637,0.9839674685144806,0.8240511646791946,0.7263956130916422,0.9228121617712687,0.7124899062505451,0.9299638429727952,0.9101213268023749,0.9005283589274589,0.8499606020007389,0.9757533722166009,0.9106086590743896,0.8791520535933703,0.8930282606473359,0.9016110634666046,0.8359993622116433,0.9982522182750793,0.9370632386318549,0.932445449857132,0.5728539493810789,0.7747540550071192,0.9275522446953854,0.9275522446953857,0.8900981078855801,0.9432628256129658,0.7721975899928126,0.9652524543463297,0.7527413697147933,0.7923745271235738,0.968640006673642,0.7643681044910219,0.7135571789258124,0.9275522446953854,0.9275522446953854,0.8774549020235316,0.9320377350368475,0.6828429469796011,0.6897567988185462,0.8238112539195659,0.7769893841245278,0.8110157197895254,0.7562001964287595,0.9442597627290875,0.7543168814610925,0.9275522446953854,0.9735469133022013,0.9350052413014638,0.9462580354121288,0.7222099544493628,0.9404006431802039,0.8455996574083999,0.9275522446953854,0.9275522446953854,0.8434853682894028,0.8790589891285875,0.77205800040741,0.9247233194846392,0.745493976739641,0.9206340292374222,0.9253763440860214,0.9484920741180302,0.7856154486124911,0.8076643766587348,0.9275522446953854,0.8690511952611004,0.7398397929480118,0.9299638429727952,0.9982522182750793,0.9412897219566121,0.9575989146253555,0.7947047012361304,0.988825383261552,0.9299638429727952,0.9702383881766908,0.9275522446953854,0.7528041884845758,0.9888253832615521,0.8843596565983227,0.9877062053888919,0.7443532274755795,0.9163339973465923,0.8644023815981581,0.6633372464059216,0.9376530086096915,0.8125388029354919,0.8035586305834297,0.9901683301057445,0.7538338724175446,0.9906272620392718,0.9395449643646787,0.7543168814610923,0.9350052413014636,0.9252037445446057,0.823010002210335,0.970755146873232,0.8690511952611003,0.9210111257875069,0.9462580354121288,0.9949598499265347,0.946258035412129,0.9462580354121288,0.8253225677040203,0.9188713671930944,0.9063858417099546,0.9275522446953857,0.8144145328114422,0.9121566723282286,0.9121566723282284,0.7196633449625741,0.9184817171461357,0.9252037445446055,0.9346355708099479,0.8487444917291005,0.9299638429727952,0.8946368271024452,0.8825207683757947,0.747983740361954,0.7370768823592233,0.9275522446953854,0.7822409434986562,0.9758994362393925,0.8456819635796569,0.9432628256129656,0.9063747143991656,0.9061450951233827,0.725573459340652,0.9275522446953854,0.7213663977490312,0.7316969661009891,0.9061450951233825,0.744050942868475,0.7528041884845758,0.7332164371859555,0.9350052413014638,0.7463662771643387,0.9793864538694004,0.9118116119982469,0.801010969060709,0.7779424286971001,0.8256047211252715,0.7349500241114318,0.974154537883592,0.7340174144965672,0.7855016113793654,0.9003870625528829,0.7701168320027261,0.8897181908471414,0.7016883461204579,0.9275522446953857,0.9252037445446057,0.8188833286340167,0.9656883922956945,0.7662942315928087,0.826624580355201,0.792701001665733,0.9275522446953854,0.7191125583726898,0.9610679351370647,0.6721579265475728,0.9275522446953854,0.7716661136923304,0.7768765709628896,0.9404006431802039,0.9081181966045127,0.9252037445446057,0.6620804067525403,0.9022812459376932,0.8170407335827647,0.9931252770634836,0.9286461262885566,0.777942428697099,0.760372900210754,0.9275522446953854,0.9322580645161289,0.9275522446953854,0.9404006431802039,0.8255516928853006,0.8350341233526906,0.9462580354121288,0.8948378117301921,0.7382621257064016,0.9223156870059128,0.8894628186153253,0.9275522446953854,0.9122885080715843,0.7660361156836046,0.6500267256924418,0.996862998845963,0.9420858227407478,0.9883880331853732,0.8930282606473354,0.8912369310715329,0.8808199067953637,0.8472070714583109,0.6677174525789524,0.8808199067953637,0.8407653322541503,0.7446980073950804,0.958128361583883,0.8808199067953637,0.9462580354121288,0.902281245937693,0.9299638429727952,0.7528022532026284,0.7929264958075513,0.8912369310715329,0.9011379475927437,0.9948611432094081,0.8375740315947421,0.9473606184418113,0.877454902023532,0.9003870625528829,0.9252037445446055,0.9121566723282286,0.7736975846110214,0.7396008888302043,0.8575921949043328,0.7623125432362832,0.9046783479507621,0.9822288465473386,0.58614647234151,0.9299638429727952,0.932445449857132,0.9444720616003699,0.7744178602454442,0.8966666666666665,0.0,0.8580690156021946,0.9350052413014638,0.9376530086096917,0.9902989522803778,0.9299272112436057,0.8594109967046708,0.8825207683757947,0.9276398400468784,0.9485465172223244,0.8099742568012578,0.9595492191461492,0.9275522446953857,0.9852319126833728,0.8024341677705473,0.7849379117223526,0.8861330274514618,0.8303785750308212,0.8404453338613611,0.8230108554944905,0.8230100022103353,0.9022812459376921,0.9206732387984038,0.8595363916759117,0.7813438048343828,0.8170245918162768,0.9684833491960415,0.8359993622116431,0.9561283541110531,0.7929264958075513,0.9379362841850483,0.7845047490766346,0.932445449857132,0.9798175375448483,0.8380594322760744,0.896666666666667,0.8099444568561247,0.9514516697356491,0.8050570472652661,0.7346333345958849,0.9229124393123014,0.9686400066736423,0.7607392710856495,0.7855077732224199,0.8253225677040203,0.932445449857132,0.7990568456988287,0.9832318780369318,0.9376530086096917,0.8472070714583106,0.8306046177393211,0.9798175375448486,0.9432628256129656,0.9392085842254891,0.998252218275079,0.9187875660540296,0.9376530086096917
p348_T,0.8772836484325031,0.8850825988655404,0.9347245437447826,0.9013534900827227,0.7945326510933391,0.9261840328635951,0.8490996270922619,0.7977188416058412,0.5769434939284976,0.9698382173897018,0.8821881173643273,0.9175213699727846,0.7693508053105951,0.9545326346798217,0.8964307741010904,0.8564414716837312,0.926193613582623,0.9245460758162971,0.9450123956047417,0.9220700353609519,0.9842962979233425,0.8793449357816119,0.9356837142274774,0.9431134523268976,0.876549336484121,0.34088777992471375,0.9332025653862877,0.986813304018131,0.9220700353609519,0.7560401795655607,0.4100600980493725,0.7525309817880903,0.8880325471109585,0.4408425037036775,0.7945326510933393,0.9637550377043789,0.9038035415131251,0.9747036495324756,0.9261840328635953,0.9788565364634063,0.9127323858796015,0.9281614381684169,0.9732682917366106,0.9760475267425823,0.9964955240981679,0.8596721836742531,0.9072120922355342,0.5310870437224249,0.9210178056318983,0.9975941150943759,0.9107280314569579,0.8292847915460431,0.34088777992471375,0.9186255087204844,0.9909803996283828,0.9745310482030678,0.9460505649436606,0.9004911494084333,0.784994711999014,0.8941182576784141,0.5393937593792615,0.7685033493272673,0.9539287215866568,0.8468337236578862,0.9981498569583073,0.6693113298290698,0.9107280314569579,0.8439292990678864,0.7312790171771122,0.9637550377043789,0.9508082053960285,0.9499371710476525,0.9386131743457118,0.6288789117094851,0.9004911494084333,0.8386187115461277,0.9436554450509942,0.9478374997757881,0.8409659913001489,0.9732682917366106,0.9806621909815185,0.9769537449754283,0.9108934032586795,0.9579233411022651,0.9004911494084333,0.9400835244061028,0.9115001904163031,0.7219011012917156,0.9195917701513245,0.8972654241994793,0.9004911494084333,0.9347245437447826,0.8736729417943332,0.7273957528143709,0.9108934032586795,0.9156972857333867,0.8873499650757828,0.8410463856728889,0.6151495622359037,0.6518966530410363,0.8606091151654389,0.9072120922355342,0.9851427757797316,0.8851255179552928,0.8034453252915043,0.9181387543589388,0.9342661620254098,0.6899290958974306,0.971137692094667,0.6899831075273418,0.8730125402796183,0.868416302574814,0.6166889413164323,0.8698901241857757,0.9072120922355342,0.6717017790356703,0.8850825988655409,0.918138754358939,0.9732682917366106,0.5527728796313833,0.9023532608616331,0.8969166615241781,0.9973328560351505,0.8530715715896549,0.9245460758162976,0.7408008530328409,0.9038035415131251,0.8563158483371995,0.8972654241994793,0.9922765821249183,0.523507290844386,0.907212092235534,0.9107280314569579,0.9764578705634923,0.9613445688403954,0.854667952321678,0.9397021583472869,0.9629940985099352,0.9107280314569577,0.9301746946212588,0.7824919238028154,0.9220700353609514,0.6355800664002322,0.9008274424932812,0.9024392052087977,0.5787319934731208,0.83027310882983,0.6134576123893527,0.9210178056318985,0.768475019036204,0.9698382173897018,0.9538141733959274,0.8078920461843637,0.7373274200556799,0.9949132781456955,0.4716755206372709,0.8584560179601404,0.9963634819377992,0.9729151080172478,0.8969166615241781,0.7212919591570308,0.9072120922355342,0.9318712301664058,0.958893061355276,0.8635867406865279,0.986813304018131,0.7407931264766212,0.8248675029173149,0.9385615866746053,0.9700864819897078,0.8481743454856236,0.8972654241994793,0.5128202531276029,0.8124055233366315,0.7848612638876782,0.9655391910307416,0.9637550377043789,0.8981463403257288,0.9471617281634868,0.8589681235378355,0.9475396463862187,0.7037020519366333,0.9460505649436606,0.9713507065305738,0.7666470623240458,0.8569349048589097,0.5890374991419205,0.8964001233642,0.8850825988655405,0.9314080535673726,0.8941182576784141,0.9927472117671714,0.802954704265519,0.7069661363929884,0.9080456885985182,0.9004911494084333,0.9431134523268976,0.8534866837216739,0.8493114052680837,0.9182394784884933,0.6461449805912631,0.9713507065305738,0.9004911494084333,0.7988841641677653,0.7233586002858265,0.9220700353609517,0.9004911494084333,0.8304609878257692,0.4958782682119084,0.6526459886611893,0.7740377358374431,0.9050831083749202,0.9343080653650264,0.9004911494084333,0.7718547933008413,0.9004911494084332,0.6873522256487636,0.8570561053883956,0.8152087705431558,0.9004911494084333,0.8196893915020921,0.9004911494084333,0.8490996270922611,0.5548759851133638,0.9366432307997559,0.834308259278286,0.9478374857144207,0.7449950260511269,0.8941182576784141,0.9666265784581531,0.9115001904163031,0.8619989759299995,0.7341585341011894,0.9179396080130531,0.9528206548013267,0.8468337236578869,0.9317260072010787,0.8543236069664746,0.9285547821725126,0.7192575094727629,0.4958782682119076,0.926193613582623,0.8969166615241784,0.9977124314930521,0.9004911494084333,0.9434536647730999,0.9004911494084333,0.8090656853678498,0.9332636707881306,0.9528206548013267,0.9422610511499965,0.7122856106753948,0.9824233631406698,0.922668330187487,0.939608240224485,0.9166656255065382,0.9806621909815185,0.5759740707186385,0.9478374857144207,0.8818088349992348,0.6807631926376989,0.9395810237823017,0.8972654241994793,0.9581074754130983,0.9955887735352997,0.9261840328635953,0.8133572349974635,0.895878966921343,0.8982888703716154,0.6851691935236828,0.908968348383502,0.9528206548013269,0.8621833763858655,0.7838297542460706,0.7152996202492925,0.9181387543589388,0.6220707373033515,0.4804974196856173,0.9622629051191278,0.8964001233642,0.9181387543589388,0.94098480137019,0.6811955737178539,0.9581074754130983,0.8661825349776042,0.8747639177841731,0.9302863338489198,0.8666421769503914,0.7159918062454131,0.9662311315641035,0.9478374857144207,0.9072120922355342,0.7534586527098943,0.918138754358939,0.719950109037071,0.7273957528143702,0.8362038767635076,0.9920251176495869,0.9637550377043789,0.9386131743457118,0.8920984402161445,0.8941182576784144,0.9209014751655663,0.6782696935406247,0.9593474269232801,0.9072120922355342,0.8631790748003905,0.9881016593726815,0.7548749673366562,0.8937412210693929,0.9447828619493629,0.839775451949228,0.9540986020096405,0.8585273209632747,0.9226233079465148,0.9698382173897018,0.8940135002580029,0.9220700353609517,0.9179396080130533,0.9178168350379667,0.964437586083708,0.907212092235534,0.9004911494084333,0.5841604884106172,0.8992619910243471,0.9245460758162973,0.9181387543589388,0.9581074754130985,0.8972654241994793,0.9004911494084333,0.876549336484121,0.9906286789501814,0.9764578705634923,0.8248620605884833,0.7548861631746994,0.931871230166406,0.9949132781456955,0.8475647406540745,0.8006741157927282,0.971137692094667,0.7001760428193413,0.8794381988929421,0.9072120922355342,0.4664912192350086,0.8473162226108699,0.578230843455362,0.8411506096860146,0.9261840328635953,0.739141353342198,0.9179396080130533,0.7316543279371581,0.8910426583248507,0.8972654241994793,0.970405581633417,0.815966281843284,0.7159918062454127,0.6798793602452733,0.795599298886781,0.9004911494084333,0.6236695398236433,0.9838332783244085,0.921212962617662,0.8893613928931103,0.9698382173897016,0.9175128122831242,0.9004911494084333,0.9004911494084333,0.9499371710476525,0.9700993541722067,0.8877201950843199,0.9004911494084332,0.9220700353609517,0.9767351992829902,0.9013534900827226,0.8635867406865276,0.7233586002858263,0.9386131743457118,0.960862720955998,0.9115001904163031,0.825008767563951,0.7899896490914913,0.9004911494084333,0.826661244828172,0.8864731575813807,0.7179883559388698,0.7125999933619133,0.8506111344599003,0.8766167375082814,0.9478374857144207,0.7092394542081017,0.9004911494084333,0.7673847183130551,0.9245460758162976,0.7484558653455368,0.9928061824244829,0.9038035415131254,0.8566337175620287,0.8880325471109582,0.9004911494084333,0.966926078019385,0.7384213337885634,0.9004911494084333,0.9583403599365299,0.6628153623529554,0.7776093497442669,0.8049076821228232,0.6782696935406246,0.9004911494084333,0.9252344893322855,0.7596609192133645,0.9143648077845039,0.8519509328812798,0.8215852537182119,0.8878245390380255,0.5237113846234287,0.9255349418668275,0.9072120922355342,0.9157299173985015,0.6322965766694822,0.9356837142274774,0.6276823084615459,0.8486939508261091,0.879206137318884,0.9666265784581534,0.9107280314569577,0.957923341102265,0.9004911494084333,0.9637550377043789,0.8964001233641994,0.817386149660588,0.7567402793726385,0.8861330274514618,0.8941182576784144,0.7205467003190799,0.9431134523268978,0.9301746946212588,0.8821881173643273,0.947020750842453,0.9186255087204844,0.8415773521179453,0.8795079237923473,0.9637550377043789,0.6157685204936152,0.9823936005815482,0.9186255087204844,0.9356837142274776,0.7306481098961586,0.9436554450509942,0.9698382173897018,0.7395042864793719,0.8363030843630055,0.9604928373392289,0.8982888703716154,0.9436554450509946,0.8767927989954103,0.8896609403700331,0.8666421769503914,0.8468337236578862,0.9688712114944937,0.9318712301664058,0.5820445370872507,0.9478374997757881,0.38276867840637363,0.8422469654107378,0.7750527303065309,0.9050831083749202,0.9613445688403954,0.7811396290606084,0.8484128583846999,0.9391090761259803,0.8710878802609621,0.9047408499968013,0.7931447746730922,0.915012808570058,0.816337385485716,0.931871230166406,0.90844375509248,0.7761774481709103,0.988462879193307,0.9422907351659846,0.7861405787465416,0.9908056559190954,0.9786310481013172,0.918138754358939,0.7808402866479605,0.5623188854584722,0.9981498569583072,0.8864731575813807,0.9683535206440601,0.9613445688403954,0.9949132781456957,0.9906286789501814,0.8530715715896549,0.7596256475038398,0.8537135759033196,0.8972654241994793,0.9545640111383319,0.6725710556646673,0.8646037275443343,0.8910426583248507,0.8247530125170958,0.9004911494084333,0.9143648077845039,0.9004911494084333,0.9004911494084333,0.6686391999523146,0.8737979857661249,0.8922908924817221,0.9004911494084333,0.6934329385373581,0.6109026916980442,0.8836238393968296,0.9437288288255894,0.8266612448281723,0.7519246607312045,0.9248036389822769,0.8093852229086009,0.603550665644165,0.9223484979500998,0.8386187115461273,0.9581074754130985,0.47661196319448973,0.8788466971279536,0.5974932812375134,0.8803629912326538,0.9223484979500998,0.9977124314930521,0.774484455205859,0.9143648077845039,0.9255349418668275,0.9072120922355342,0.8714400320898514,0.9115001904163034,0.9879065737620196,0.9975694426888291,0.607998941659681,0.9852726663056872,0.49334704671074325,0.9405448288498192,0.8952641970718371,0.9709117273278066,0.9436554450509944,0.9824233631406698,0.9053763157284516,0.5752149702946987,0.8076093173516694,0.9528206548013272,0.9548403111497257,0.891042658324851,0.8434519908821417,0.8252392017888601,0.9545640111383319,0.7343418692857916,0.8832252198427535,0.9732682917366108,0.7849947119990142,0.5981997099235623,0.876792798995411,0.7634791577540072,0.8793449357816121,0.9574869735191016,0.9883853882683205,0.9004911494084333,0.9107280314569577,0.5867410736256767,0.9767351992829902,0.8196893915020924,0.9115001904163029,0.930174694621259,0.9662297700905313,0.7884768206328094,0.9666265784581534,0.6888606362980179,0.9220700353609519,0.7597614799335008,0.9478374997757884,0.9807918584831601,0.8941182576784144,0.9909803996283828,0.8943910363928879,0.9332636707881303,0.9318712301664058,0.7829852394595902,0.6038007967745223,0.7783712543070578,0.9350937565175388,0.969237039075715,0.7173856766303526,0.8196893915020922,0.8803629912326538,0.9698382173897018,0.971137692094667,0.978266726045558,0.8052141450708925,0.8535768966573543,0.7037424759980122,0.8972654241994793,0.7977188416058411,0.8447222735632884,0.9732682917366106,0.8415773521179453,0.8490355468911474,0.933111146811416,0.9115581941905684,0.868416302574814,0.9409925280019757,0.9076544108756528,0.9027445004246044,0.8443737802152146,0.8821881173643269,0.9343080653650264,0.9107280314569577,0.9261840328635951,0.9004911494084333,0.8922908924817223,0.8663810386747361,0.7987441936862304,0.9471617281634868,0.9004911494084332,0.7080682844381653,0.8247197187383666,0.8847441043931494,0.9013534900827227,0.8795079237923469,0.8928114961783871,0.6778713289034801,0.9244598535837554,0.9141970393007293,0.9080456885985178,0.6178247648680733,0.8900694327928893,0.9143648077845039,0.8992619910243467,0.9460505649436606,0.9478374857144207,0.90844375509248,0.9764578705634923,0.8861330274514618,0.9977124314930521,0.9261840328635953,0.9186255087204842,0.9745310482030676,0.9386131743457118,0.8298036101328139,0.8338012794136664,0.9637550377043789,0.9088987259051751,0.8634130271408591,0.7829852394595902,0.7112548976409974,0.8972654241994793,0.9528206548013269,0.8910426583248505,0.8972654241994793,0.8972654241994793,0.9179396080130532,0.9004911494084333,0.9964955240981679,0.8878245390380264,0.9004911494084333,0.9318712301664058,0.9108977199969839,0.8081635455684217,0.9072120922355342,0.9143648077845037,0.98242336314067,0.8972654241994793,0.7977188416058412,0.6796990479182626,0.9405448288498193,0.7039706971512214,0.9004911494084333,0.8646037275443339,0.9478374857144207,0.9318712301664058,0.7313435047068066,0.9609344256035854,0.9181387543589392,0.9038035415131254,0.9396082402244854,0.90844375509248,0.9396082402244852,0.9386131743457118,0.8836238393968296,0.9245461344058437,0.9831799105523512,0.7109275586324142,0.9478374997757881,0.9637550377043786,0.9499371710476523,0.9072120922355342,0.9342661620254096,0.5786614387969881,0.9004911494084333,0.9004911494084336,0.8290305081362614,0.9220700353609517,0.8717942862858326,0.8910426583248507,0.9150128085700577,0.686176961543489,0.8941182576784144,0.7697603101998434,0.7180561138439923,0.9004911494084333,0.9004911494084333,0.9790714674787635,0.890712166026638,0.9217311830532828,0.784994711999014,0.5845462374747566,0.821585253718212,0.8249281413812035,0.7170666304828501,0.9281614381684171,0.7009214397138746,0.9004911494084333,0.9156972857333865,0.9107280314569577,0.9261840328635953,0.8225552690974189,0.9181387543589388,0.751464125094962,0.9004911494084333,0.9004911494084333,0.723334347016432,0.9767351992829902,0.7235287294571955,0.9436554450509942,0.8463915299445923,0.8907661651390302,0.9141970393007293,0.868799944398458,0.7587831057716887,0.8139551213591356,0.9004911494084332,0.9829035021794312,0.6550897488322016,0.9038035415131251,0.9906286789501813,0.8996669475212491,0.7568564621750387,0.8964307741010908,0.9400835244061028,0.7817171719766961,0.796764210191784,0.9004911494084333,0.6457991706935293,0.9147224586496066,0.5161458748655378,0.788930693861559,0.9035317116681529,0.952168418575428,0.9964130244444009,0.8748450964215801,0.9981498569583072,0.562290654783416,0.5531359812187923,0.9964955240981679,0.9220700353609519,0.8747639177841731,0.9873059868726243,0.6676458083005276,0.9107280314569577,0.9343080653650264,0.5270711041997358,0.8606091151654387,0.9332636707881303,0.9245461344058437,0.9764578705634923,0.9829035021794315,0.9261840328635953,0.8727206163368162,0.8543236069664744,0.8952641970718371,0.4722467694959639,0.9470207508424532,0.9698382173897018,0.9436554450509946,0.9277235364102411,0.8420798250164512,0.8880325471109585,0.8972654241994793,0.8890895984248461,0.5922520465648069,0.9038035415131251,0.7098891723133236,0.965444590162599,0.7062500427917642,0.7471278650947486,0.9004911494084333,0.9137680199615847,0.9386131743457118,0.7725359919643388,0.9698382173897018,0.9580340059652186,0.39951192087371445,0.916003804834931,0.9004911494084333,0.7549415662854126,0.7684596863651092,0.99265458007185,0.6858844677160332,0.7642409835818378,0.6676458083005277,0.9107280314569577,0.6589932791272042,0.9072416220282622,0.8016296471533668,0.711504030602482,0.9666265784581531,0.8322463473001627,0.9261840328635953,0.9047408499968013,0.9004911494084336,0.8443737802152145,0.9210178056318985,0.5899629845582408,0.831854414937538,0.7949720949552508,0.9004911494084333,0.8972654241994793,0.5960595255931704,0.838002619919646,0.861011553798555,0.7343418692857916,0.745883365799776,0.9004911494084333,0.7097575397223024,0.8244467182719013,0.9545326346798217,0.9004911494084333,0.6901447857918366,0.9566644487892413,0.9181387543589388,0.8737979857661247,0.8972654241994793,0.7693231095545325,0.957923341102265,0.9068987683438507,0.8890895984248459,0.9453648126195074,0.9047408499968013,0.7999440890859211,0.9004911494084333,0.9735469133022016,0.9004911494084333,0.918138754358939,0.8787752140930376,0.5623372879400474,0.9261840328635953,0.9108934032586795,0.8599374490541583,0.5012724371734546,0.9811222069783712,0.9004911494084333,0.9445061697314505,0.6958104568568161,0.8672257570253348,0.934945830518652,0.9084437550924802,0.9528206548013269,0.8530715715896546,0.904475747198215,0.8363030843630055,0.4928580879449863,0.7787334364579581,0.8363030843630055,0.9279430623812723,0.9209014751655664,0.8564414716837312,0.8363030843630055,0.9261840328635953,0.9245460758162973,0.9038035415131254,0.8564414716837312,0.9175213699727844,0.8775434408290577,0.9318712301664058,0.5413623616752745,0.9084437550924802,0.9714876930804949,0.4559323691021805,0.9210178056318985,0.8804787288072367,0.9758106996856855,0.8867800335374927,0.9545326346798217,0.9186963256830876,0.6423197067144099,0.8512046835781091,0.8906588542709053,0.9922240981208397,0.9038035415131251,0.9478374857144205,0.5016024140258233,0.9318389566753251,0.8580690156021946,0.8580690156021946,0.0,0.9107280314569575,0.9143648077845039,0.7719688611645878,0.3697338279272443,0.9819184356982235,0.8893613928931103,0.8530715715896549,0.7472922667488595,0.9342739522947867,0.3952842872036956,0.9004911494084333,0.5629072067027321,0.8782070039168681,0.92667310334079,0.35405802914828455,0.7584521572643013,0.9581074754130983,0.9179396080130533,0.7956039782769544,0.34088777992471375,0.926193613582623,0.9108934032586795,0.978631048101317,0.7867157975290027,0.6839659105555468,0.9865131178127509,0.7647673775580166,0.880478728807237,0.911501015361176,0.7693264532275643,0.9478374857144207,0.9431134523268974,0.46950128073582365,0.3842026644675799,0.9072120922355342,0.9316087992647724,0.6776416096227299,0.7934107475786716,0.9662311315641035,0.8941182576784144,0.6457884514085506,0.8710878802609616,0.9442003750822194,0.9478374857144205,0.5483526985819573,0.8710878802609616,0.9143648077845039,0.513946526750289,0.9523482906443773,0.9431134523268976,0.9220700353609517,0.5566682756297817,0.9181387543589388,0.7621142050642247,0.9143648077845039
p349_T,0.8159378637269958,0.988819730736749,0.6585745878536227,0.9810522968844484,0.9544316996038,0.966197296577026,0.8455226223395758,0.8170571011959712,0.9137092609592143,0.9643133649175284,0.3671267955594141,0.9765837058865925,0.9529545363721539,0.9304741538905168,0.9197987094973852,0.8971901564492131,0.9501049319099923,0.9385367079941813,0.9625131050152524,0.9643133649175286,0.8990962871160679,0.38243605452529894,0.9422080421889416,0.9559485503920393,0.39681053131259436,0.9385367079941811,0.9501049319099923,0.9250379219402804,0.9643133649175284,0.8606330169460783,0.9327167510955894,0.9608127721335266,0.9487265052554263,0.9271857963192043,0.9544316996038,0.9625131050152524,0.22153181872290728,0.9487265052554266,0.9661972965770262,0.9373453016197317,0.9097421633544902,0.9397435965156076,0.9661972965770262,0.9218739081138492,0.9501049319099923,0.863144625566961,0.19244580608505346,0.9107280314569575,0.45754659015066923,0.9029316112204657,0.9591194968553456,0.8650600761076828,0.9385367079941811,0.9473756291574584,0.9487265052554266,0.9361684345174046,0.9361684345174046,0.9544316996038,0.7652933686087295,0.29404263065639347,0.9157186269856046,0.9133404113163559,0.9385367079941815,0.90974216335449,0.9607848936032954,0.8425003792101682,0.9591194968553456,0.8707710541962022,0.8642683597030213,0.9625131050152524,0.9293685115305117,0.9373453016197317,0.9544316996038,0.8445183988316078,0.9544316996038,0.6760670186296511,0.9447481688519044,0.9460501530640812,0.8061644146607894,0.9661972965770262,0.9460501530640812,0.9409669977890662,0.933854925314779,0.9385367079941813,0.9544316996038,0.9261077324693099,0.9447481688519044,0.8247446089328485,0.651042649326655,0.9529545363721539,0.9544316996038,0.9427946840319121,0.8485170805722069,0.9381630884742409,0.933854925314779,0.9107280314569578,0.9403916813458222,0.6727097517995552,0.8384238384890392,0.8692431301086105,0.9361684345174044,0.957509435301382,0.9544316996038,0.8726649773302662,0.647668994271307,0.08301287652694123,0.597397713008466,0.8181708833001988,0.943467974097185,0.8465237589272379,0.888676559370384,0.9397435965156076,0.8268966588916087,0.4967293191742289,0.19244580608505346,0.8056017035197611,0.9250150906309572,0.9625131050152524,0.966197296577026,0.8726649773302662,0.9218739081138492,0.8971901564492131,0.943467974097185,0.9327167510955894,0.9496811510501815,0.7805867564015283,0.22153181872290728,0.9451689995479283,0.9529545363721539,0.9816001811698214,0.8858525408230951,0.9575094353013818,0.9591194968553456,0.966197296577026,0.9501049319099921,0.9612268306824157,0.8915055770282612,0.9591194968553456,0.1601354620222556,0.9515133476881703,0.8295864425972177,0.12705000336722982,0.842500379210168,0.8849118467483819,0.8990962871160681,0.9197987094973854,0.9038960691476476,0.9245130324548216,0.937345301619732,0.8114042753167636,0.9643133649175286,0.9966922538063423,0.7522076383746094,0.8933957590212613,0.9591194968553456,0.9373453016197322,0.9058327972212654,0.9229213960709446,0.7500848507922818,0.8971901564492131,0.8898606214266387,0.957509435301382,0.9409669977890662,0.8853172535850602,0.6390890551532902,0.9250379219402804,0.9451689995479284,0.6306371608045291,0.933854925314779,0.927891976022363,0.9304741538905168,0.2719661284740498,0.9361684345174048,0.9245130324548216,0.7563749039071171,0.8905618443793009,0.9625131050152522,0.883971315382519,0.9282725629505151,0.8981423730059304,0.9208331242859096,0.9392032468761573,0.9361684345174044,0.9529545363721539,0.8736104662007036,0.7563749039071174,0.8726649773302662,0.9117176971980809,0.9473756291574583,0.9315900378678903,0.9515133476881703,0.9137092609592146,0.8077125695029684,0.8737670973648666,0.9966922538063423,0.9544316996038,0.9559485503920395,0.9515133476881705,0.9107280314569575,0.7882279280421949,0.9826577568433585,0.9529545363721539,0.9544316996038,0.7247695503409697,0.8737670973648666,0.9643133649175284,0.9544316996038,0.8504989784061951,0.9239759423528264,0.8981423730059304,0.9404815542410546,0.9147116017278332,0.9529545363721539,0.9544316996038,0.9393203828196913,0.9544316996038,0.8211183544415498,0.9211495461267731,0.9177976999343654,0.9544316996038,0.6716454483484402,0.9544316996038,0.7998417332331829,0.9167305843279034,0.9250379219402802,0.7063997170207924,0.957509435301382,0.8569522690866243,0.9515133476881701,0.41034420891855095,0.9447481688519046,0.9157186269856044,0.813682608787891,0.9271857963192043,0.9591194968553456,0.9933095589619412,0.9019695505324468,0.9127113681766139,0.9077810309891678,0.5566927370217336,0.9239759423528264,0.9501049319099923,0.9356856974167589,0.9515133476881703,0.9544316996038,0.9127113681766137,0.9544316996038,0.8921194894759122,0.9239759423528264,0.9591194968553456,0.9582291749307171,0.8569522690866243,0.9559485503920395,0.9229213960709446,0.39681053131259414,0.9038960691476476,0.9290729285038275,0.8754988991654495,0.9575094353013818,0.8849118467483819,0.8849118467483819,0.9267637001447555,0.9529545363721539,0.9607848936032954,0.8465237589272379,0.9661972965770262,0.8504989784061951,0.7590880973527833,0.9397435965156076,0.883971315382519,0.9243815265814344,0.9591194968553456,0.9312904037292549,0.775170754350923,0.8569522690866243,0.08301287652694123,0.8465237589272379,0.922921396070945,0.9409669977890662,0.9117176971980809,0.08301287652694123,0.8669692234537121,0.833245561533912,0.8728022830978681,0.908759893665108,0.9304741538905166,0.957509435301382,0.9271857963192043,0.8268966588916087,0.2940426306563939,0.9575094353013818,0.957509435301382,0.8363962371582656,0.9625131050152522,0.8050940143255406,0.9381630884742409,0.6793588929077843,0.86025830850666,0.9625131050152524,0.9544316996038,0.9526350423385233,0.9515133476881705,0.9591194968553458,0.8225734700092833,0.908759893665108,0.957509435301382,0.937345301619732,0.9250379219402802,0.8167498933030727,0.9187703462526826,0.8962395095530544,0.8882786390335258,0.8430068540646949,0.8524700617069338,0.9221821648495907,0.9643133649175286,0.9137092609592146,0.9643133649175286,0.5361410951751722,0.9239759423528264,0.9187703462526826,0.9575094353013818,0.9544316996038,0.9591194968553454,0.9981922472699296,0.9385367079941815,0.08301287652694123,0.9607848936032954,0.9529545363721539,0.9544316996038,0.27686116865982613,0.9625131050152522,0.9661972965770262,0.4902762425833834,0.7421009311387936,0.9409669977890662,0.9591194968553456,0.9155677991130318,0.7982270397085366,0.943467974097185,0.9487265052554266,0.8573544191143379,0.9575094353013818,0.9271857963192043,0.8211183544415496,0.9473756291574582,0.9197987094973854,0.9661972965770262,0.8519676252250141,0.9271857963192041,0.8630614034554607,0.3143973234919585,0.9529545363721539,0.9293685115305117,0.9741812383843045,0.8268966588916087,0.8909910300164396,0.8122835517600442,0.9544316996038,0.8688726774726097,0.9261077324693099,0.9282725629505151,0.5432379360134466,0.9643133649175286,0.927891976022363,0.9544316996038,0.9544316996038,0.9373453016197317,0.9137092609592146,0.9082133906734637,0.9544316996038,0.9643133649175286,0.9544316996038,0.9304741538905167,0.6390890551532902,0.8737670973648666,0.9544316996038,0.9315900378678903,0.9447481688519044,0.7932961840987716,0.8253952393451092,0.9544316996038,0.6919182993082407,0.9250379219402802,0.8618496660711301,0.8020423584034364,0.5048790297271083,0.9547950563484509,0.9575094353013818,0.8170571011959713,0.9544316996038,0.7751707543509228,0.9385367079941818,0.7457573645989333,0.8475218860027953,0.9559485503920393,0.7949546003349715,0.9487265052554266,0.9544316996038,0.9068053912485843,0.8875935086546549,0.9544316996038,0.9315900378678903,0.8784245992207029,0.777638389641752,0.8167498933030728,0.8225734700092833,0.9544316996038,0.8642683597030212,0.9393203828196912,0.9607848936032954,0.6926989061780735,0.7533024191224422,0.9167305843279032,0.9177477332861093,0.9068053912485845,0.19244580608505346,0.9087598936651085,0.8981423730059304,0.9422080421889416,0.867921623788791,0.8867934927338035,0.7197243312476425,0.9422080421889416,0.1601354620222556,0.9385367079941818,0.9544316996038,0.9625131050152524,0.9117176971980809,0.832198064937085,0.946050153064081,0.47778404797553364,0.9515133476881703,0.8505815345144848,0.9559485503920393,0.9515133476881703,0.9460501530640812,0.9544316996038,0.9473756291574582,0.6978622046348362,0.9998698480557453,0.9625131050152524,0.8621843473480633,0.9643133649175286,0.9473756291574582,0.9400741852851482,0.8336974907151964,0.9447481688519044,0.9643133649175286,0.7724024658606593,0.9250379219402804,0.9029316112204657,0.9397435965156076,0.9447481688519046,0.6598842363568054,0.9575094353013818,0.9271857963192043,0.9097421633544904,0.6666221846494472,0.9409669977890662,0.90974216335449,0.9460501530640812,0.9327167510955894,0.8893257159297716,0.8581844531301603,0.9147116017278332,0.9501049319099923,0.8332455615339118,0.6226007238446919,0.9304741538905168,0.9409669977890662,0.9400741852851482,0.8137836152442673,0.9460501530640812,0.7943139531861243,0.9409669977890662,0.5094807987830575,0.7792473655810663,0.957509435301382,0.8612222667022571,0.8077125695029684,0.9261077324693097,0.9097421633544907,0.8639461643560555,0.8211183544415497,0.9029316112204657,0.9607848936032954,0.9250379219402804,0.9501049319099923,0.9501049319099926,0.9591194968553458,0.9625131050152524,0.9327167510955894,0.8030296776830921,0.9218739081138494,0.2719661284740498,0.9529545363721539,0.8414864259682342,0.9167305843279034,0.9501049319099923,0.8849118467483817,0.9544316996038,0.12394457825310967,0.9544316996038,0.9544316996038,0.8373957982954758,0.9422080421889416,0.9271857963192041,0.9544316996038,0.829030356996278,0.8544309354723385,0.9816001811698212,0.8679216237887912,0.6919182993082407,0.7652933686087295,0.9137092609592146,0.9127113681766139,0.856382201516781,0.9207232888949289,0.9755588472540061,0.9607848936032957,0.9261077324693097,0.8319518115156919,0.8707710541962024,0.4962382389721035,0.9487265052554266,0.9515133476881703,0.8507067764119418,0.9607848936032954,0.6431660007091018,0.19244580608505346,0.9107280314569579,0.9447481688519044,0.9397435965156076,0.9422080421889416,0.8641031766521015,0.5048790297271086,0.9157186269856046,0.9422080421889416,0.9282725629505149,0.957509435301382,0.9447481688519048,0.9559485503920393,0.5630800747977556,0.8717185331373516,0.9222692303427622,0.9591194968553456,0.8717185331373511,0.9501049319099923,0.7934886331492647,0.6657888880247789,0.9529545363721539,0.8618496660711301,0.9338549253147788,0.9661972965770262,0.8281985467386974,0.9290224147880499,0.9127113681766137,0.8309654350490981,0.9447481688519046,0.9167305843279032,0.9322326314194607,0.9544316996038,0.1601354620222556,0.9727541677821405,0.9544316996038,0.9451689995479284,0.9447481688519044,0.9515133476881703,0.48721666860616086,0.7949546003349713,0.9422080421889416,0.8247446089328487,0.9643133649175286,0.8104734860907532,0.9915113877198731,0.8802089698693751,0.9515133476881703,0.9487265052554266,0.9044360458484599,0.9239759423528264,0.9409669977890662,0.8233538626834316,0.8924501786702494,0.8225538587803668,0.8773844821970236,0.9759742607288062,0.8809287459442814,0.7413155487309184,0.9327167510955894,0.9643133649175286,0.996557344576431,0.9692769377093196,0.7830122900340041,0.9127113681766137,0.9038960691476481,0.9529545363721537,0.7765395464272922,0.7794479864767843,0.9661972965770262,0.8915055770282612,0.9575094353013818,0.9261077324693099,0.5500833737992564,0.9397435965156073,0.9965404612835238,0.4962382389721035,0.943467974097185,0.9087598936651079,0.9460501530640812,0.9529545363721539,0.1601354620222556,0.9661972965770262,0.9544316996038,0.9752372748615917,0.8792678792793369,0.8268015471657251,0.9282725629505149,0.9544316996038,0.9714637322658974,0.8425003792101684,0.9157186269856046,0.9304741538905168,0.6124075100098647,0.9029316112204655,0.8933957590212611,0.8702358938088048,0.935005241301464,0.9157186269856044,0.8660153996906967,0.9019695505324468,0.12394457825310967,0.6171437968101474,0.9361684345174046,0.957509435301382,0.9711878805915029,0.966197296577026,0.9582291749307172,0.9515133476881705,0.9661972965770262,0.9473756291574582,0.9554815748429073,0.9544316996038,0.8583244595873937,0.6825877527464674,0.9625131050152524,0.9544316996038,0.9447481688519046,0.8544714100233909,0.8853172535850602,0.9529545363721539,0.9591194968553456,0.9501049319099923,0.9529545363721539,0.9529545363721539,0.9271857963192043,0.9544316996038,0.9501049319099923,0.9949291060968912,0.9544316996038,0.9409669977890662,0.9019695505324468,0.9625131050152522,0.19244580608505346,0.9607848936032954,0.9559485503920393,0.9529545363721539,0.8390631391006365,0.8726649773302662,0.9422080421889416,0.8573544191143379,0.9544316996038,0.9167305843279032,0.957509435301382,0.9409669977890662,0.8772653088123796,0.5921041437919992,0.9625131050152524,0.9559485503920393,0.943467974097185,0.9816001811698214,0.943467974097185,0.24790396509541268,0.9239759423528264,0.9293685115305117,0.9327167510955894,0.7830122900340043,0.9460501530640812,0.9625131050152524,0.9373453016197317,0.19244580608505346,0.9167305843279032,0.8583244595873936,0.9544316996038,0.9730533608234009,0.6888653584427257,0.9643133649175284,0.8544309354723385,0.31439732349195826,0.9460501530640815,0.8745818404295129,0.9515133476881703,0.8437415278800491,0.8690509343197375,0.9544316996038,0.9544316996038,0.9836243259051823,0.7301312695908213,0.9981922472699296,0.8887281516764464,0.8612222667022571,0.8342889987034596,0.7153521111143413,0.8203824865711142,0.9397435965156076,0.8321980649370853,0.9544316996038,0.994913278145696,0.1601354620222556,0.9661972965770262,0.8485170805722069,0.08301287652694123,0.8809287459442814,0.9544316996038,0.9544316996038,0.7971989552054204,0.9544316996038,0.8044219767553502,0.38243605452529916,0.8717185331373514,0.90974216335449,0.9350052413014638,0.5470697651970766,0.8514858339733078,0.9335689453150366,0.9544316996038,0.9239759423528264,0.8363640334164009,0.22153181872290728,0.9625131050152522,0.8981423730059304,0.8279657565412284,0.9197987094973856,0.9261077324693099,0.9559485503920393,0.6765515156534114,0.9544316996038,0.8445183988316078,0.9261077324693099,0.90974216335449,0.6418623468324617,0.8792678792793369,0.9473756291574582,0.9147116017278332,0.7563749039071174,0.9607848936032954,0.8820903683689052,0.8764420057712257,0.9501049319099923,0.9643133649175286,0.9304741538905168,0.9385367079941813,0.8321980649370853,0.9591194968553456,0.9529545363721539,0.7063997170207922,0.9361684345174046,0.9239759423528264,0.9293685115305117,0.9661972965770262,0.9239759423528264,0.9381728330554158,0.9661972965770262,0.6171437968101474,0.9282725629505149,0.9068053912485847,0.9544316996038,0.9643133649175286,0.38243605452529905,0.9447481688519044,0.7932961840987717,0.9487265052554266,0.9529545363721539,0.9361684345174042,0.9048630781107279,0.8945024258106781,0.7922363153434722,0.9774096618002821,0.8414864259682342,0.8214805068326567,0.9544316996038,0.9029316112204655,0.9544316996038,0.8114042753167638,0.9643133649175284,0.9397435965156076,0.940966997789066,0.7522076383746094,0.9544316996038,0.8247446089328487,0.8281985467386974,0.9409669977890662,0.8258229735464782,0.8445183988316078,0.8321980649370851,0.1601354620222556,0.8404690714821101,0.7720943320371617,0.8258229735464784,0.8323357203239439,0.9422080421889416,0.7758098958751685,0.9661972965770262,0.9422080421889416,0.9544316996038,0.634914244844039,0.9373453016197317,0.8554077319402786,0.9981922472699296,0.8225538587803669,0.9005384212506018,0.9529545363721539,0.8583244595873936,0.8754988991654498,0.6431660007091013,0.7996350258936387,0.8403850910576145,0.9544316996038,0.8102561836643376,0.736752855468805,0.9304741538905168,0.9544316996038,0.856382201516781,0.9487265052554263,0.08301287652694123,0.9400741852851482,0.9529545363721539,0.8621843473480633,0.9385367079941817,0.6390890551532902,0.9554815748429073,0.9177477332861093,0.9422080421889416,0.8196726783312482,0.9544316996038,0.958229174930717,0.9544316996038,0.9625131050152524,0.8504989784061951,0.8962395095530542,0.9661972965770262,0.9864847804128756,0.8225734700092835,0.9581430783864289,0.513166273176237,0.9544316996038,0.9144538550233172,0.9033215939316408,0.7624400993754302,0.9327167510955894,0.9239759423528262,0.9591194968553458,0.9327167510955894,0.9315900378678905,0.9250379219402804,0.9038960691476479,0.7778983555639072,0.9250379219402804,0.9304741538905168,0.9591194968553458,0.6793588929077843,0.9250379219402804,0.9661972965770262,0.9385367079941818,0.9559485503920393,0.6793588929077843,0.9529545363721539,0.9315900378678905,0.9409669977890662,0.9029316112204657,0.556692737021734,0.9400741852851481,0.9229213960709448,0.9373453016197317,0.9529545363721539,0.9447481688519046,0.8311464231994985,0.5131662731762374,0.9117176971980809,0.9155677991130318,0.9208331242859091,0.9177477332861093,0.9373453016197317,0.9559485503920395,0.19244580608505346,0.9117176971980809,0.9048630781107276,0.4777840479755343,0.9350052413014638,0.9107280314569575,0.0,0.12394457825310967,0.8867934927338035,0.933854925314779,0.8802089698693754,0.9261077324693099,0.4962382389721034,0.8679216237887912,0.943467974097185,0.9315900378678903,0.2479039650954129,0.8534517371065093,0.927714695159251,0.4767368729485745,0.9107280314569577,0.8650600761076828,0.9607848936032954,0.9271857963192043,0.888676559370384,0.9385367079941811,0.9501049319099923,0.4345868135080643,0.9097421633544904,0.8849118467483819,0.7845489569349895,0.3671267955594141,0.86025830850666,0.9529545363721539,0.8952903079111569,0.8404690714821108,0.957509435301382,0.22153181872290728,0.8981423730059304,0.9350052413014638,0.9575094353013818,0.9087598936651082,0.8773844821970236,0.8435110105594601,0.9515133476881703,0.2940426306563946,0.8495094192726711,0.9409669977890662,0.9127113681766139,0.8879369722234247,0.9428163151462241,0.42311832454818277,0.12394457825310967,0.9038960691476481,0.9397435965156078,0.9559485503920393,0.9643133649175284,0.8971901564492131,0.9625131050152524,0.8373957982954758,0.12394457825310967
p350_G,0.823436217699917,0.9495194495442565,0.5960053845565405,0.9333065093925881,0.9562880686171875,0.9675743567407267,0.8518157474872083,0.8245098594864121,0.9172245874626141,0.9657671730030435,0.33800529464407636,0.9548710823073732,0.9548710823073732,0.9333065093925881,0.9702236782844962,0.9013784409842847,0.9521375655065456,0.9410406098239263,0.9640402523885963,0.9657671730030437,0.9032069193824652,0.3538106028060497,0.9445623805946022,0.9577431256853026,0.36864622684561166,0.9410406098239261,0.9783779352946237,0.9280917395652364,0.9657671730030437,0.8066326214619564,0.9354577472990955,0.9560086947472868,0.9508152934266847,0.9301521134798676,0.9562880686171875,0.9640402523885963,0.10978851443704407,0.9508152934266847,0.9675743567407267,0.9398977391608507,0.9134191021410445,0.9421983319196943,0.9675743567407267,0.9250566218612029,0.9521375655065456,0.903538552896229,0.1573927922435595,0.9143648077845039,0.43127372142724874,0.9068859994145182,0.9607848936032957,0.9055618072870644,0.9410406098239261,0.9495194495442565,0.9508152934266845,0.9387688154666092,0.9387688154666092,0.9562880686171873,0.7748548864613389,0.191218520418717,0.9191520956010533,0.8546882169814704,0.9410406098239261,0.9134191021410445,0.9623824451410659,0.8489166250019229,0.9607848936032957,0.8760356045203772,0.8101067897872718,0.9640402523885963,0.9322459088752486,0.939897739160851,0.9562880686171875,0.8508524342038153,0.9562880686171873,0.6150007853708623,0.9469990271543745,0.9482479709168004,0.7526072663729986,0.9675743567407267,0.9482479709168004,0.9433718940682516,0.9365495543873188,0.9410406098239263,0.9562880686171873,0.9291179679746997,0.9469990271543745,0.8645404905882983,0.6297583081743698,0.9548710823073729,0.9562880686171873,0.9483117174169302,0.8546882169814705,0.8751256559556833,0.9365495543873186,0.9143648077845041,0.9459681478708941,0.6518137794452566,0.8450061550758592,0.8440199953549761,0.995067487912588,0.9592404230051592,0.9562880686171875,0.8778523726982708,0.6994622780865298,0.04407004266351722,0.5749591436932455,0.825578268149719,0.9457709851868581,0.852776099605769,0.9314659325100629,0.9987511985291291,0.8339485716413386,0.5639557158967426,0.07708672090253421,0.8135211337092481,0.9495194495442565,0.964040252388596,0.9675743567407267,0.8778523726982708,0.9250566218612029,0.9013784409842851,0.9457709851868581,0.9354577472990953,0.9410406098239261,0.7895252496743006,0.10978851443704407,0.9167714410425667,0.9719050365344921,0.9270730230791455,0.8905026990324323,0.9592404230051592,0.9607848936032957,0.9675743567407267,0.9521375655065456,0.9015174087358588,0.8959254409068564,0.9607848936032957,0.12394457825310956,0.9534886050081051,0.7762402277161404,0.0899773489975646,0.8489166250019229,0.8896003271096578,0.9032069193824652,0.9230659630317124,0.9078111670939808,0.8640960613563904,0.939897739160851,0.8190873193696528,0.9657671730030437,0.9191520956010533,0.6965454902321737,0.8977386203509139,0.9607848936032957,0.939897739160851,0.9096689964166691,0.9260614370793872,0.7300334708344973,0.9013784409842851,0.8666646566334322,0.9592404230051592,0.9433718940682516,0.8298015015479601,0.6175693860257454,0.9280917395652364,0.8805708457535915,0.608942944670385,0.936549554387319,0.9015174087358591,0.9333065093925881,0.23966622495314926,0.9387688154666092,0.8640960613563904,0.7363426026476418,0.9336294085971082,0.964040252388596,0.8886981112672734,0.9311946072310935,0.9022918659842718,0.9240582376582436,0.9041237274088108,0.938768815466609,0.9548710823073732,0.878759344085582,0.700938708723248,0.8778523726982708,0.9153141563577833,0.9495194495442565,0.9876152547580852,0.9534886050081051,0.9172245874626141,0.7541849297748742,0.8190873193696526,0.964663415934474,0.9562880686171873,0.9577431256853028,0.9534886050081053,0.9143648077845041,0.7341888239741248,0.9068859994145184,0.9548710823073732,0.9562880686171873,0.6674138842245103,0.8190873193696528,0.9657671730030437,0.9562880686171873,0.8903991455657347,0.9270730230791457,0.9425174783713439,0.9126737616573806,0.9181860947060071,0.9548710823073732,0.9562880686171873,0.876035604520377,0.9562880686171872,0.8006082374759431,0.8954576130000746,0.85848016091215,0.9562880686171873,0.6850220107787015,0.9562880686171873,0.7796467775134234,0.9660244666247457,0.9280917395652364,0.6477372045373888,0.9592404230051592,0.8030952829801481,0.9534886050081051,0.38260971188855086,0.9469990271543747,0.919152095601053,0.8212728377122549,0.9301521134798676,0.9607848936032957,0.9134191021410448,0.9059631313150907,0.9162673470024438,0.9115378627127524,0.4841750412915167,0.9270730230791455,0.9521375655065456,0.9413830194575714,0.9534886050081053,0.9562880686171873,0.9162673470024438,0.9562880686171873,0.8359953467971377,0.9270730230791457,0.9607848936032957,0.9376530086096915,0.8030952829801481,0.9577431256853026,0.9260614370793869,0.3063205188485627,0.9078111670939808,0.9482479709168004,0.8805708457535915,0.9592404230051594,0.8896003271096578,0.8896003271096578,0.8659511288161981,0.9548710823073729,0.9623824451410659,0.852776099605769,0.9675743567407267,0.8565893759313061,0.7715031580899792,0.9421983319196943,0.8886981112672732,0.9303915684461668,0.9607848936032957,0.869639364082561,0.7843298856175567,0.835424380863864,0.04407004266351722,0.852776099605769,0.9260614370793872,0.9433718940682516,0.9153141563577836,0.04407004266351722,0.8723886533920737,0.8400388316300484,0.9623824451410659,0.9124768483179182,0.9333065093925881,0.9592404230051594,0.9301521134798676,0.8339485716413388,0.26249292663314894,0.9592404230051594,0.9592404230051592,0.7830070991781048,0.964040252388596,0.8155363791473291,0.875125655955683,0.6185666173362787,0.8659511288161978,0.9640402523885963,0.9562880686171875,0.9398977391608507,0.9534886050081053,0.9607848936032957,0.8298015015479603,0.912476848317918,0.9592404230051592,0.939897739160851,0.9280917395652364,0.7963197439933528,0.922079493420201,0.9004665216997632,0.8954576130000749,0.7895252496743005,0.8584801609121497,0.9282564559285416,0.9657671730030435,0.9172245874626141,0.9657671730030437,0.5121370206872325,0.9270730230791457,0.968803565300479,0.9592404230051592,0.9562880686171873,0.9607848936032954,0.9162673470024438,0.9410406098239263,0.04407004266351722,0.9623824451410659,0.9548710823073732,0.9562880686171873,0.3686462268456113,0.964040252388596,0.9675743567407267,0.5110414539348822,0.7526072663729984,0.9433718940682516,0.9607848936032957,0.8565893759313061,0.7444874455967885,0.9457709851868581,0.9508152934266847,0.8974778163860968,0.9592404230051594,0.9301521134798676,0.7677567325503769,0.9495194495442565,0.9230659630317124,0.9675743567407267,0.7982744339496257,0.9301521134798674,0.8089555424152615,0.2835329433063227,0.9548710823073729,0.9322459088752486,0.9013784409842851,0.8339485716413388,0.8349741162127926,0.7588309158950004,0.9562880686171873,0.8742145641840271,0.9291179679746995,0.9311946072310935,0.46929350381056834,0.9657671730030435,0.8668758171222237,0.9562880686171873,0.9562880686171873,0.939897739160851,0.9172245874626141,0.9506780844219125,0.9562880686171872,0.9657671730030437,0.9562880686171875,0.9333065093925881,0.6175693860257451,0.8190873193696528,0.968354383009318,0.934376934302581,0.9469990271543745,0.7394182000815226,0.7720505777903306,0.9562880686171873,0.6321430926512028,0.9280917395652364,0.8077975275903295,0.8101067897872718,0.42676322023136604,0.8877959618256668,0.9592404230051594,0.8245098594864124,0.9562880686171873,0.7843298856175563,0.9410406098239263,0.6897282138964363,0.8537335648142306,0.9577431256853026,0.7411252268913591,0.9508152934266847,0.9562880686171873,0.9106019687464653,0.8318841922523382,0.9562880686171873,0.934376934302581,0.8234362176999175,0.7232048222120993,0.7633524262729616,0.8298015015479603,0.9562880686171873,0.8101067897872718,0.876035604520377,0.9623824451410659,0.7404172524417109,0.7633524262729616,0.9201228276565452,0.9210985398310312,0.9106019687464653,0.07708672090253421,0.912476848317918,0.9022918659842718,0.9445623805946022,0.8733022546836289,0.891405318287436,0.6620223134823302,0.944562380594602,0.04073816660369156,0.9410406098239263,0.9562880686171873,0.9640402523885963,0.9153141563577836,0.8390340081240992,0.9482479709168006,0.4521174331857045,0.9534886050081051,0.859170821160427,0.9577431256853026,0.9534886050081051,0.9868659623160064,0.9562880686171877,0.9495194495442565,0.6385518690954316,0.9172245874626141,0.964040252388596,0.8677987043663948,0.9657671730030437,0.9495194495442565,0.9942714459947756,0.8129078011894169,0.9469990271543747,0.9657671730030437,0.8142265265514226,0.9280917395652364,0.9483117174169302,0.9421983319196943,0.9469990271543747,0.5951579902345703,0.9592404230051594,0.9301521134798676,0.9134191021410443,0.6447299676186219,0.9433718940682516,0.9134191021410443,0.9482479709168006,0.9354577472990955,0.896467838022496,0.804281628704786,0.9633200991265265,0.9521375655065456,0.8400388316300482,0.6411423728095715,0.9333065093925881,0.9433718940682516,0.944562380594602,0.7603515460846422,0.9482479709168006,0.7404172524417114,0.9433718940682516,0.4841750412915168,0.7882404231802298,0.9592404230051592,0.8668758171222237,0.7541849297748742,0.9291179679746997,0.9568407342490961,0.964040252388596,0.800608237475943,0.9068859994145184,0.9623824451410659,0.9280917395652364,0.9521375655065456,0.9521375655065458,0.9607848936032957,0.964040252388596,0.9354577472990953,0.7494066097755416,0.9250566218612029,0.23966622495314915,0.9548710823073732,0.8479439783560871,0.9201228276565452,0.9521375655065456,0.9271952774457722,0.9562880686171873,0.08646812957157735,0.9562880686171873,0.9562880686171873,0.8440199953549761,0.9445623805946017,0.9301521134798674,0.9562880686171873,0.8359953467971374,0.8603611522754107,0.9270730230791456,0.9086027207608334,0.6713196165676931,0.7748548864613388,0.9172245874626141,0.916267347002444,0.8622329273186462,0.9508152934266847,0.9022918659842718,0.9623824451410659,0.9291179679746995,0.8412846402989774,0.876035604520377,0.4711120959231433,0.9508152934266847,0.9534886050081053,0.8294083099774059,0.9623824451410659,0.6217281579861218,0.07708672090253421,0.9143648077845041,0.9469990271543745,0.9421983319196943,0.944562380594602,0.8696393640825613,0.42676322023136615,0.9191520956010535,0.944562380594602,0.9311946072310937,0.9592404230051592,0.9469990271543749,0.9577431256853026,0.5397911272183277,0.8769444849065684,0.896467838022496,0.9607848936032957,0.8769444849065684,0.9521375655065458,0.8019015276175867,0.6447745739887387,0.9548710823073732,0.8077975275903293,0.936549554387319,0.9330470514183522,0.7748548864613389,0.8677987043663948,0.9162673470024438,0.7776146431362675,0.9469990271543745,0.9201228276565452,0.8986467260787545,0.9562880686171873,0.04073816660369156,0.9280917395652364,0.9562880686171875,0.9167714410425667,0.9469990271543745,0.9534886050081053,0.4618278610403571,0.7748074399019571,0.9445623805946022,0.8318841922523381,0.9657671730030437,0.7882404231802299,0.9482479709168004,0.8850890368124651,0.9534886050081051,0.9508152934266847,0.8469680690265142,0.9270730230791457,0.9433718940682516,0.8007002269432069,0.8968315612097784,0.8020156091163937,0.8823796135894801,0.9808531012828585,0.85468821698147,0.7212226060676771,0.9354577472990953,0.9657671730030437,0.9457709851868581,0.9577431256853026,0.7287883583062165,0.9162673470024438,0.9078111670939808,0.9548710823073729,0.7856429156142741,0.7250871274579647,0.9675743567407267,0.8959254409068562,0.9592404230051592,0.9291179679746997,0.5264541432619002,0.9987511985291293,0.9593880781275532,0.4711120959231434,0.9457709851868581,0.9124768483179181,0.9482479709168001,0.9548710823073732,0.12394457825310956,0.9675743567407267,0.9562880686171873,0.9301521134798676,0.8841862845276729,0.8061744934456333,0.9824887176061117,0.9562880686171872,0.8995559887924944,0.8489166250019229,0.9191520956010533,0.9333065093925883,0.5455467546967061,0.9068859994145182,0.8977386203509139,0.8157657021327263,0.9376530086096917,0.919152095601053,0.8714736866604265,0.9059631313150907,0.08646812957157735,0.550742111801571,0.9387688154666092,0.9592404230051592,0.9761356843815903,0.9675743567407264,0.9376530086096915,0.9534886050081053,0.9330470514183522,0.9495194495442565,0.938768815466609,0.9562880686171875,0.8640960613563904,0.6220612852947539,0.9640402523885963,0.9562880686171875,0.9469990271543747,0.8007002269432069,0.8298015015479603,0.9548710823073729,0.9607848936032957,0.9521375655065456,0.9548710823073729,0.9548710823073729,0.9301521134798675,0.9562880686171873,0.9521375655065456,0.9660244666247457,0.9562880686171873,0.9433718940682516,0.9059631313150907,0.964040252388596,0.07708672090253421,0.9623824451410659,0.9577431256853026,0.9548710823073729,0.7856429156142741,0.8778523726982708,0.944562380594602,0.8631655385537391,0.9562880686171873,0.9660244666247457,0.9592404230051592,0.9433718940682516,0.8223572438900819,0.5232337300428256,0.964040252388596,0.9577431256853026,0.9457709851868581,0.9270730230791457,0.9919033068160935,0.21477889927437266,0.9270730230791457,0.9322459088752486,0.9354577472990953,0.7629478154601899,0.9482479709168006,0.9640402523885963,0.939897739160851,0.07708672090253421,0.9201228276565452,0.8640960613563904,0.9562880686171873,0.9562880686171875,0.6288471659222001,0.9657671730030437,0.8603611522754107,0.21404844410749202,0.9482479709168004,0.8489166250019231,0.9534886050081051,0.820182897330497,0.8146465075743061,0.9562880686171873,0.9562880686171873,0.9260614370793872,0.7411252268913588,0.9162673470024438,0.86560416687451,0.8668758171222237,0.8740070788027339,0.7269481442351546,0.8276997747581223,0.9421983319196943,0.8390340081240992,0.9562880686171873,0.9143648077845041,0.04073816660369156,0.9675743567407267,0.8546882169814702,0.04407004266351722,0.8546882169814702,0.9562880686171873,0.9562880686171873,0.8054606979556647,0.968354383009318,0.8123894668503124,0.3538106028060499,0.9126737616573806,0.9134191021410445,0.9376530086096917,0.6089429446703851,0.8575360288119107,0.9065745197589401,0.9562880686171872,0.9270730230791457,0.8430302626854409,0.1874942110935155,0.964040252388596,0.9022918659842718,0.867722058379199,0.9230659630317124,0.9291179679746997,0.9577431256853026,0.6897282138964363,0.9562880686171873,0.8508524342038153,0.9792503453259269,0.9134191021410447,0.6564522182142566,0.8841862845276729,0.9495194495442565,0.918186094706007,0.7363426026476416,0.9623824451410659,0.8868937905864736,0.8814755319253362,0.9521375655065456,0.9398072791970182,0.9333065093925879,0.9410406098239263,0.8390340081240995,0.9607848936032957,0.9548710823073729,0.685991464805802,0.9387688154666092,0.9270730230791457,0.9841593444361114,0.9675743567407267,0.9270730230791457,0.9675743567407267,0.9675743567407267,0.5951579902345694,0.9311946072310937,0.910601968746465,0.9562880686171875,0.9657671730030437,0.3538106028060497,0.9469990271543747,0.7394182000815225,0.9508152934266847,0.9548710823073732,0.938768815466609,0.9087387818848158,0.9577431256853028,0.8007002269432069,0.9291179679746995,0.8479439783560871,0.828753063687315,0.9562880686171873,0.9068859994145182,0.9562880686171875,0.8190873193696531,0.9657671730030435,0.9421983319196943,0.9433718940682518,0.7321637323361279,0.9562880686171873,0.8318841922523381,0.7748548864613388,0.9433718940682518,0.8329186262686781,0.8508524342038151,0.8390340081240993,0.04073816660369156,0.8469680690265147,0.7520666751277905,0.8329186262686781,0.7789783388157552,0.9445623805946022,0.7557736194544709,0.9675743567407267,0.9445623805946022,0.9683543830093181,0.6133091706188968,0.939897739160851,0.8612981558461015,0.9162673470024438,0.769199968964929,0.9562880686171873,0.9548710823073729,0.8640960613563906,0.9167714410425667,0.6217281579861217,0.8077975275903293,0.7869463693578993,0.9562880686171873,0.8179859988662408,0.6801782751534183,0.9333065093925881,0.9562880686171873,0.8622329273186462,0.9508152934266847,0.04407004266351722,0.944562380594602,0.9548710823073729,0.8677987043663948,0.9410406098239262,0.6175693860257458,0.9387688154666092,0.9210985398310312,0.9445623805946022,0.7663012266098045,0.9562880686171873,0.9376530086096915,0.9562880686171873,0.964040252388596,0.8565893759313061,0.9004665216997627,0.9675743567407267,0.9365495543873188,0.8624031815176509,0.918186094706007,0.48852444465125455,0.9562880686171873,0.855640129622627,0.8459888203478396,0.7073163161574052,0.9354577472990953,0.927073023079146,0.9607848936032957,0.9354577472990953,0.9343769343025807,0.9280917395652364,0.9078111670939808,0.7869463693578995,0.9280917395652364,0.9333065093925883,0.9607848936032957,0.6185666173362787,0.9280917395652364,0.9675743567407267,0.9410406098239261,0.9577431256853026,0.6185666173362775,0.9548710823073732,0.9343769343025805,0.9433718940682516,0.9068859994145184,0.5332377025939616,0.9445623805946022,0.9260614370793872,0.939897739160851,0.9548710823073732,0.9469990271543747,0.8380252083428268,0.488524444651255,0.9153141563577836,0.8565893759313061,0.9240582376582436,0.9210985398310314,0.9970639700164783,0.9577431256853026,0.1573927922435595,0.9153141563577833,0.9087387818848154,0.4521174331857052,0.9376530086096917,0.9143648077845039,0.12394457825310967,0.0,0.8914053182874362,0.9365495543873186,0.8850890368124651,0.9291179679746995,0.4171638998524373,0.8733022546836291,0.9457709851868581,0.9343769343025807,0.21477889927437255,0.8594218446557473,0.8950201541957776,0.546127797124531,0.9143648077845039,0.8705572812086979,0.9623824451410659,0.9301521134798674,0.8932116722416494,0.9410406098239261,0.9783779352946237,0.4618278610403571,0.9134191021410443,0.8896003271096578,0.7933260374223114,0.33800529464407636,0.8659511288161978,0.9548710823073732,0.8995559887924942,0.8469680690265147,0.9592404230051594,0.1874942110935155,0.9022918659842718,0.9376530086096915,0.9592404230051594,0.912476848317918,0.8823796135894804,0.8832783605113936,0.9534886050081053,0.2624929266331496,0.8893852688139481,0.9433718940682516,0.9162673470024438,0.9592404230051594,0.8787593440855819,0.33570875733910865,0.08646812957157735,0.9078111670939808,0.9987511985291291,0.9577431256853026,0.9657671730030435,0.9013784409842849,0.964040252388596,0.8440199953549758,0.08646812957157735
p350_GAP,0.45614170834121537,0.8833475768089838,0.7493629842999514,0.8766128241993423,0.873812019591417,0.9063933734589966,0.5609910972932783,0.6661071408652757,0.7806745712238659,0.6847651610825081,0.9644126257985282,0.869721451294716,0.869721451294716,0.8074686562704185,0.8192637179281237,0.8286066888762847,0.8618303114251795,0.8297955240805073,0.8961910905435391,0.9011763798631671,0.7205769003047411,0.8469963346046663,0.8399622023066797,0.7812460279519371,0.870781195942419,0.8297955240805068,0.8618303114251797,0.7924146137700714,0.9011763798631671,0.537626144626911,0.8136788684073104,0.8867934927338037,0.8877585082691177,0.8205950326849349,0.8738120195914172,0.9357316532939288,0.9120866389980959,0.8580131649841523,0.7014067102742694,0.85156381465942,0.7500575175436119,0.8590314291927001,0.99354891040716,0.9312172606999456,0.8922994432827851,0.6362874528297984,0.9527637399207101,0.7719688611645878,0.9267664330488057,0.8765199725585482,0.7483442491833233,0.8565672659180796,0.8297955240805068,0.6514481813087727,0.9175038515540834,0.9219857400062808,0.831143131332907,0.5974763156586966,0.7800299571325762,0.8969845146010971,0.8264780660398947,0.9054469092740314,0.8552646386959473,0.9072135272262019,0.8914053182874357,0.7539016652424051,0.9672616040330471,0.7799699224827157,0.6833306500324592,0.9752722160443181,0.9907155176686201,0.9518339725119342,0.9279211061273759,0.9214383318797836,0.5974763156586966,0.8061304894336532,0.9857690591899771,0.9644126257985282,0.8675721546195745,0.9935489104071602,0.8079657150577579,0.8892129940548337,0.7274922022287887,0.8552646386959468,0.5974763156586966,0.9272761983044402,0.9578966248224178,0.7867593842871035,0.8955078265624095,0.6165367810633013,0.5974763156586966,0.949181108706318,0.9792955950463191,0.8575076130898482,0.7274922022287889,0.7484993284509058,0.9232820470452587,0.862485678209046,0.9387961956950474,0.8399670748402306,0.9960470786045248,0.9879781590338745,0.9399009776851528,0.9774450590835428,0.9108692293992449,0.8961910905435388,0.9103057985205147,0.9190798719193934,0.9379089197116288,0.9576282157680236,0.9265668178116022,0.8561369579830054,0.9079856681984455,0.8979901649103517,0.9175493208075458,0.958171410883907,0.9414981070442643,0.7479438447029538,0.9063933734589966,0.8359899664727521,0.7947344733665972,0.9864856851154773,0.9254411628984052,0.7841619419217795,0.9571410971577048,0.8048426086146103,0.946160787114759,0.8844215383990248,0.9376253858395404,0.9185583942932305,0.8660085634407335,0.9879781590338745,0.8867934927338037,0.9935489104071602,0.985824029286794,0.9589720789557243,0.926199687238999,0.8867934927338037,0.9597659443503783,0.6342053249905155,0.7724395133597411,0.9011763798631669,0.7831401967588316,0.9889930766062294,0.960128349410573,0.8399424975222447,0.9553778239668022,0.9545297869536014,0.9478958696355516,0.9254772433807319,0.9332002365151031,0.9661758843114594,0.9701310231463776,0.790686000698809,0.9962521701586655,0.8515638146594207,0.9644737431458409,0.8930194400775349,0.9008837055528043,0.8286066888762849,0.805092581200382,0.9879781590338745,0.8892129940548337,0.7193507786290989,0.8760279929382102,0.9446219998127121,0.9637918097474125,0.8452600051075525,0.9913052550564888,0.9741625060985154,0.945756992128266,0.8697214512947165,0.8726115142741182,0.8192581812073512,0.7921285060340852,0.9813818316380161,0.9357316532939288,0.697441457615692,0.9588201954615949,0.8763668871594492,0.9060896206008182,0.9194734144366921,0.9960470786045248,0.9376253858395402,0.892718554299279,0.9784248900667145,0.8359899664727521,0.8386147312057779,0.5642223859558517,0.9272844713112529,0.759221367766084,0.9837492786682908,0.8351438778648537,0.9892680362011421,0.8741694662353224,0.5974763156586966,0.7812460279519373,0.9594925359888824,0.6525929663740042,0.8147289323320723,0.8220241204477214,0.9376253858395401,0.5974763156586966,0.9014941240087333,0.8755950756436408,0.6847651610825083,0.5974763156586966,0.74684382826153,0.9185583942932309,0.8766866279685201,0.9165510854296053,0.961732684602665,0.9981568932052121,0.5974763156586966,0.7174951588899892,0.5974763156586969,0.8781410433381922,0.8841955092516889,0.8593828571365025,0.5974763156586966,0.9320437012080571,0.5974763156586966,0.9723483422923579,0.9103057985205145,0.9011341752291004,0.893017634506758,0.9527637399207101,0.9730177420169341,0.6342053249905151,0.9204267760329921,0.8742793217197399,0.9140831285986271,0.9960470101260555,0.9317576013507651,0.8867934927338037,0.9072135272262016,0.820113254956577,0.8556622408025227,0.9323428159081817,0.9185583942932309,0.8970442909501017,0.7420709744259506,0.9082616507250616,0.990746546682775,0.5974763156586966,0.969049465414646,0.5974763156586966,0.9272149808584689,0.9400724976363597,0.8942891524164728,0.9853749356348119,0.9446649566442522,0.781246027951937,0.9792214546873383,0.8707811959424188,0.9532240308166848,0.9359599184055638,0.988586027443555,0.7655209071739764,0.9780359582956881,0.7966956502562346,0.8717718446235575,0.6165367810633013,0.9672383133230027,0.8398942339775999,0.7014067102742694,0.9269914083627553,0.9714684215503528,0.6748804770948185,0.8428679570043456,0.9730081653963001,0.821316700799898,0.7639925478426842,0.8763158021035116,0.8170774224671833,0.8961910905435388,0.8840444771490086,0.8291398874599711,0.9790682596526012,0.9681199866998389,0.8961910905435388,0.9979482101810375,0.9858230100111882,0.9948451891592138,0.8607614394709915,0.9457569921282662,0.9879781590338745,0.9539901150839312,0.9772456315610852,0.8657305039072045,0.9879781590338745,0.9527637399207101,0.784830767308988,0.9851872212052921,0.9132083247266776,0.8777830237066442,0.838093207952088,0.9463922991982099,0.9752722160443184,0.9399009776851528,0.9769015119750628,0.9594925359888824,0.9962521701586655,0.9623814293914968,0.9312945084838402,0.9879781590338743,0.8264962751962921,0.9881098243963238,0.989256077289413,0.8766349506470452,0.8860362628047751,0.7862662720577273,0.8680474793164832,0.8578089524354395,0.9322290419791689,0.9746060824205354,0.976988029647069,0.9839880716740321,0.9317576013507651,0.8232723655892213,0.999566705797556,0.9768074218529611,0.5974763156586966,0.8867934927338035,0.9690494654146458,0.9062028679268261,0.8961910905435388,0.9672383133230027,0.9376253858395402,0.5974763156586966,0.8707811959424188,0.9456466584549026,0.9935489104071602,0.9946272657247904,0.8821687636175504,0.9682442418303725,0.8578029266081851,0.9840545652620497,0.795743990806191,0.9105789362336357,0.8877585082691177,0.8457214521086205,0.7655209071739761,0.8205950326849349,0.8637355738185286,0.8833475768089833,0.922657615898727,0.9628733211187581,0.9581714108839071,0.8872925738844328,0.984453079924043,0.9532377069979956,0.5844279205856774,0.8726994311453018,0.8731774293385746,0.8768230188506747,0.9113233943403583,0.8109419251263217,0.5974763156586966,0.916326095389171,0.8528920358395747,0.9588201954615949,0.9628079187675674,0.9839880716740321,0.9589720789557243,0.5974763156586966,0.5974763156586966,0.7974906328567797,0.9444865869836503,0.9022938520727446,0.5974763156586969,0.9746060824205354,0.9399009776851528,0.9227089361519581,0.819713169968239,0.9112681233110441,0.9940100642211116,0.9506296119475044,0.9863585064424636,0.8200179686443918,0.868243223391227,0.5974763156586966,0.8422230206110535,0.9228780875209062,0.9878374576802459,0.9527116241898872,0.9793349661437413,0.9641854660647119,0.9879781590338745,0.9082849081185749,0.5974763156586966,0.7815716393694332,0.9664515589959771,0.8234524699081376,0.8873572712489706,0.8834684723019263,0.8168284863472863,0.9175038515540834,0.5974763156586966,0.9970711697105313,0.958597835415451,0.5974763156586966,0.8859544035987355,0.9031773952448652,0.8188025678501734,0.8157810325477375,0.9623814293914967,0.5974763156586966,0.9196868617355419,0.7983254232663792,0.9190121941236467,0.905337878806963,0.9240064003397497,0.9689262800298191,0.9346677383441695,0.928356305226842,0.9175493208075458,0.9312945084838402,0.9119646972359534,0.9204267760329921,0.9747934528326443,0.997588908981314,0.8264504360979181,0.650428830760007,0.9232797185420909,0.9062028679268259,0.5974763156586966,0.9752722160443184,0.9101404020715236,0.9535539838630962,0.9359599184055638,0.9416467281107574,0.6029513142966232,0.8870932526235829,0.917542620418589,0.6029513142966232,0.9786819594155434,0.9279211061273759,0.912422841926624,0.818634189600576,0.9377253379624284,0.9752722160443181,0.9552338077857278,0.8503885447042383,0.9705733721619048,0.9472483006084298,0.9943896615281281,0.9306136377073446,0.9746060824205355,0.9165541272551878,0.9684023510200647,0.8691660509242569,0.6489866941107918,0.9306136377073448,0.9140916720634664,0.9175493208075456,0.8872925738844331,0.8881730297134138,0.8459950512349228,0.9419004925718595,0.921421995158705,0.8364184224507222,0.8373352913291285,0.932332181261269,0.8460838834605766,0.961732684602665,0.8944166337139781,0.9569455719416706,0.9271289595579097,0.8237624481086543,0.9527245103940885,0.677250355335445,0.8077355564273845,0.9786819594155434,0.8477012375288375,0.9945879910888857,0.9400724976363595,0.8867229116923963,0.9175493208075456,0.8435523681879915,0.9954646953579274,0.984791095353166,0.9072135272262016,0.8961910905435391,0.9922097309848344,0.8873313349611992,0.9948451891592138,0.9881098243963238,0.9837068388556007,0.8922994432827851,0.8578029266081852,0.7084032819525643,0.931960983016402,0.8155740353315055,0.8468947173358046,0.8697214512947162,0.9697342463171643,0.9426719284067425,0.928670306213264,0.620194446995529,0.9780359582956881,0.5974763156586966,0.8914053182874362,0.5974763156586966,0.5974763156586966,0.9125299491250027,0.4894996833073829,0.9539901150839312,0.5974763156586966,0.826592731842402,0.9696549408430464,0.6511595388441904,0.9902727981246569,0.8250440139736386,0.847320005679028,0.92485524114133,0.6963787861969065,0.9475710466072567,0.8445334021661925,0.8234497832582994,0.7673462040525132,0.8833098451332437,0.842689153060634,0.9517755223627141,0.9083045600945838,0.9337694320210888,0.8217293891538694,0.9047898723397407,0.9293218158052192,0.9097131739611852,0.9175493208075458,0.9978558698508486,0.6791722811468234,0.9856058729031392,0.9740698251838671,0.8226822317124924,0.9272844713112529,0.8264780660398947,0.9722871256652581,0.9062242074868004,0.9415930027397968,0.6791722811468247,0.985690916651915,0.9781921769009525,0.9424424956791837,0.8424863709922168,0.7118580233750362,0.8327708365415754,0.6201944469955301,0.806263293669256,0.8156058247356361,0.9697342463171641,0.987837457680246,0.9367457305359568,0.99354891040716,0.7756565369889519,0.9229358972673116,0.7548082174578501,0.7406042433458853,0.958486072074904,0.8682863454884309,0.9990610491904477,0.5974763156586966,0.9232797185420909,0.9446219998127121,0.9609655851742438,0.8933417018254901,0.9578966248224176,0.9779994426233324,0.960728735338475,0.8759074349651166,0.9472483006084298,0.9698028099477375,0.9011763798631671,0.8286872118004547,0.9644126257985282,0.9600112510040725,0.5716973036027304,0.9769945381240146,0.815065247604803,0.9400724976363595,0.9155567433133465,0.8096193367316942,0.8218302395872754,0.9755678688495368,0.8440138568620944,0.9984551425502632,0.7548491361734446,0.7663492676680701,0.9792738288600384,0.9425822257685996,0.9527711463763984,0.985690916651915,0.8392584794302456,0.9919975804113912,0.8457000497069876,0.6165367810633013,0.7640628185387268,0.8005833855039828,0.9192955526446764,0.8921775374842761,0.9879781590338745,0.9052930217188417,0.9446219998127121,0.8590314291927001,0.8579412594152162,0.8609917142509471,0.9652389031896221,0.7989664753641879,0.8790545036196351,0.9055165253619164,0.9232797185420909,0.9499711419330785,0.5974763156586966,0.8236847475844081,0.8749842393057377,0.8649474056082691,0.9363275959529942,0.5974763156586969,0.8488838478178531,0.8854750570663239,0.9063053907665031,0.7315702242034215,0.819937262908506,0.9310158246693756,0.9452970604355433,0.9933106128440263,0.9416467281107574,0.8741694662353225,0.9400603094597498,0.8910207044885503,0.8914053182874362,0.8946151949764849,0.8064560184668257,0.9879781590338745,0.9831007043226176,0.9063933734589966,0.917320616025947,0.9779994426233324,0.9499711419330785,0.9705733721619045,0.9960470786045248,0.9729454567320206,0.8946621918203674,0.8348000220306042,0.8665655329541233,0.9399009776851528,0.8464068873521804,0.8805194262251792,0.9661389674430922,0.5844279205856774,0.9962521701586653,0.6201944469955285,0.5844279205856774,0.6165367810633013,0.7125221789185767,0.5974763156586966,0.6811327107107399,0.5663665418642663,0.5974763156586966,0.9419004925718597,0.856221510025936,0.985187221205292,0.9175493208075458,0.9190121941236469,0.951616768535252,0.6165367810633013,0.9777490837622258,0.8831416640096827,0.9472483006084296,0.9285882148681917,0.5974763156586966,0.9706897592453478,0.9175493208075456,0.9527245103940882,0.8571461994511695,0.9549728825771076,0.9752722160443184,0.9120866389980962,0.6919390684096907,0.9400724976363595,0.8285889857996555,0.9399009776851526,0.6081313321579322,0.9865203071337003,0.9792738288600384,0.9660143913435006,0.9644126257985282,0.9456466584549025,0.9518339725119342,0.9175493208075458,0.9706897592453478,0.9696105890762043,0.5974763156586966,0.9399009776851526,0.8110100676106646,0.6847651610825083,0.9257178239387083,0.9227685751403902,0.9644126257985282,0.870855791308111,0.6029513142966232,0.9646977582281739,0.989925988293489,0.5974763156586966,0.5974763156586966,0.7662896126287931,0.9320859820269356,0.9530446262374286,0.9950203632028043,0.9802662124731114,0.9169748086470482,0.7824379849264798,0.9549780407516358,0.9626065611288073,0.9823975698693159,0.5974763156586966,0.9786745974354684,0.9232797185420909,0.7014067102742694,0.8315982235017438,0.8961910905435388,0.9497561207374039,0.5974763156586966,0.5974763156586966,0.9520796198793658,0.9609655851742437,0.98847395217032,0.9306136377073446,0.8484382164183766,0.8262195075947647,0.7177877027019002,0.9404624926714931,0.9898125892595262,0.8752380219398816,0.5974763156586969,0.9400724976363595,0.9603736457678851,0.9120866389980959,0.9752722160443184,0.8763668871594494,0.7440352380665913,0.6430880126247387,0.984791095353166,0.8780124908814331,0.8076841934752164,0.5974763156586966,0.9214383318797839,0.8089256826683776,0.9452945222517783,0.91567392234456,0.8105792326290044,0.9712760976028146,0.9788931838511575,0.8852766980503999,0.9190121941236467,0.7712026356846209,0.9757939239720832,0.9248857655715834,0.9425822257685998,0.9390027279901941,0.7117604128415851,0.9102886048537668,0.7848304749916105,0.5844279205856774,0.8259192678970686,0.9713599657384433,0.9523569856479952,0.9451871672732605,0.9935489104071602,0.8755301876069725,0.9192955526446764,0.9063933734589966,0.9530446262374286,0.7262834114179944,0.8537837801642152,0.9940100642211115,0.9011763798631671,0.9863585064424636,0.9857690591899771,0.8792072904314823,0.8580131649841525,0.9981568932052118,0.9545786956633128,0.8955078265624097,0.8153201760686003,0.9493203589904577,0.830908859253976,0.9280753194087669,0.9515353068929835,0.5974763156586966,0.9310158246693756,0.9609655851742437,0.9396863634504196,0.6847651610825081,0.9626065611288073,0.8365254955378081,0.8920375686554693,0.5974763156586966,0.8838835843835637,0.8186546182029975,0.9263807611355748,0.9806876694647889,0.9612287311871464,0.9887588441244641,0.8867934927338035,0.9170875860094868,0.7614965260994409,0.8329873119410127,0.9194936674922503,0.9740698251838671,0.9512711351936898,0.9628733211187582,0.9991086502406954,0.906856498638285,0.8985694489337492,0.9769015119750628,0.8991745191921698,0.6574258320229439,0.874839669782592,0.9940100642211116,0.5844279205856774,0.8942065784631887,0.8457195390164576,0.8292829883196208,0.9453113854143451,0.9743641615130784,0.5974763156586966,0.9004904529045368,0.8522719467929247,0.945756992128266,0.5974763156586966,0.9625831431236911,0.9472491948390489,0.8961910905435388,0.7040718799108823,0.5844279205856774,0.9686222578724217,0.9062028679268259,0.9135712082515246,0.921985740006281,0.9549728825771076,0.9204267760329921,0.7804924678257779,0.5974763156586966,0.9659728401955674,0.5974763156586966,0.7479438447029536,0.9247518810119199,0.7475613610416603,0.7014067102742694,0.9913052550564889,0.9518430468100103,0.8429844215103095,0.8996608801756503,0.5974763156586966,0.9975859340056625,0.9643422419025148,0.9060216333732765,0.9792738288600384,0.8663005722754802,0.9672616040330474,0.8078183648435978,0.9326446848712381,0.57701192976756,0.8252666275135667,0.8177532757230093,0.57701192976756,0.945756992128266,0.9597659443503781,0.8556353186453314,0.57701192976756,0.7014067102742694,0.9316719825422655,0.985690916651915,0.7679247651791135,0.869721451294716,0.9559898255074898,0.8365254955378076,0.7311977002630092,0.8325019809207146,0.8667837268821172,0.7865535190482624,0.9478958696355512,0.8697214512947162,0.9021517560872991,0.6032620539539152,0.8074686562704185,0.774854704605455,0.734257684549833,0.864337658772573,0.7722265844806551,0.9016988935856771,0.8153201760685997,0.9175493208075456,0.8135077610243315,0.7733409131497369,0.8200161676867062,0.9902989522803778,0.7719688611645878,0.8867934927338035,0.8914053182874362,0.0,0.816830706523366,0.6682740406857972,0.7953771387908495,0.8373352913291288,0.1583632108146561,0.8434512124644256,0.8105587681299964,0.8738120195914167,0.6240083616521517,0.6969432759759475,0.7836528098126989,0.7527875887492077,0.31455569270453765,0.9569286916414302,0.8650600601512668,0.15083064130517754,0.8552646386959464,0.8922994432827849,0.8647967161284023,0.7881385125691882,0.18120443170320732,0.5169989382895492,0.8506017962266712,0.35657025211856563,0.8697214512947162,0.8662396584952616,0.4506997533023631,0.8823349016943813,0.8780124908814331,0.8766866279685199,0.8200161676867062,0.8823349016943813,0.7662414158140964,0.8203020313881899,0.42301082821511593,0.8657305039072045,0.8657305039072045,0.7608286468573018,0.9945879910888855,0.7582798553676153,0.8823349016943813,0.8076841934752164,0.8628692447963209,0.8914053182874362,0.7338684822970529,0.9108189951607537,0.9120866389980962,0.7261710069879406,0.7328405437926264,0.7084032819525644,0.5214796314537737,0.8914053182874362
p350_Q,0.8048695035430811,0.9148532265533555,0.8429423482710732,0.8875064656813965,0.9307341409458905,0.9453068780840737,0.750054013612059,0.703996507535505,0.37504962466196523,0.942258657276263,0.9127085925971725,0.890857289602112,0.9834886668885243,0.9207523226987695,0.8702334868194928,0.833652615380496,0.9632197151594926,0.900551761172341,0.9963814266559157,0.942258657276263,0.8367367544106024,0.910601968746465,0.9064920176718159,0.9287243013130129,0.9085306004621043,0.10751865132455718,0.9192692664872615,0.9414399550230419,0.9980151413438716,0.7147357625517403,0.18753316471939552,0.933854925314779,0.9170389579782958,0.2519384020203844,0.9307341409458905,0.9963814266559157,0.9287243013130129,0.9170389579782949,0.9453068780840739,0.8986240534007521,0.8814270131992585,0.9025045192170256,0.991834013047275,0.964814986744601,0.9632197151594928,0.8005901708602772,0.9312498291554212,0.39740201134317055,0.8986240534007524,0.9477529989208207,0.933854925314779,0.8038069347010623,0.10751865132455718,0.914853226553356,0.9170389579782949,0.8967198703210442,0.8967198703210442,0.9262700211315922,0.7388540905975749,0.9215480977067743,0.33033508246186805,0.6485685307276201,0.9005517611723417,0.8539618916939782,0.936549554387319,0.6011179402537318,0.933854925314779,0.8359648532087933,0.7206046877829787,0.939345818232489,0.8857175249675573,0.8986240534007526,0.9262700211315917,0.5957353907520184,0.9262700211315922,0.835193311566099,0.9106019687464648,0.9127085925971723,0.6248266494775885,0.9453068780840739,0.9127085925971725,0.9804835086069066,0.8929765886287624,0.9005517611723413,0.9262700211315922,0.9121513639211625,0.9106019687464648,0.6432347595058656,0.8460674815713258,0.9238799558250634,0.9262700211315922,0.8429423482710732,0.7548990778408027,0.559267805154444,0.9275710702341136,0.8832252198427536,0.8398327380849617,0.8367367544106024,0.6115887132371707,0.6141480167730402,0.8967198703210442,0.9820451562749648,0.926270021131592,0.8393135246411982,0.8359459819605578,0.9393458182324887,0.8652692287290058,0.6567857615871677,0.9732023243541321,0.6539339267221065,0.8440741747631963,0.9025045192170256,0.6178867821863508,0.8685695845092942,0.9312498291554212,0.6597445765583393,0.9148532265533555,0.9393458182324887,0.991834013047275,0.525885855740139,0.9039991152692115,0.8336526153804957,0.9479529588566924,0.8911350110320608,0.9005517611723415,0.7190514297716886,0.9287243013130126,0.7985559379258642,0.9238799558250632,0.876992292556863,0.5160498638493136,0.931249829155421,0.933854925314779,0.991834013047275,0.9192692664872615,0.7973677556988528,0.8735304358152514,0.9864847804128758,0.933854925314779,0.9215480977067743,0.7164349741463436,0.942258657276263,0.6011179402537313,0.8137861839597271,0.8623239392070468,0.4735444652774161,0.970923945009638,0.5548762612807423,0.8986240534007526,0.7153462386663132,0.9422586572762628,0.9499925548591655,0.8134355446661008,0.6273267861151274,0.933854925314779,0.26972176399140624,0.8743485306867402,0.8752860258231279,0.9506360493076176,0.858956376551937,0.7406106445175333,0.9312498291554216,0.9044839950643899,0.8985134587392454,0.8778660184810032,0.8787105864554916,0.6976955524505613,0.8539618916939782,0.8929765886287624,0.9507486475792051,0.8875064656813965,0.9238799558250634,0.3198573126767086,0.7925209444652744,0.674715868558717,0.9694550693492106,0.9393458182324887,0.8596275693879696,0.8839442688895065,0.835193311566099,0.9775291715949529,0.5698176474690281,0.9323299983666009,0.9238799558250632,0.7041078187604572,0.7878346430532739,0.5258858557401391,0.9129137434283909,0.9148532265533562,0.8893119774375082,0.9666307012815272,0.8603806964337211,0.7629005959314292,0.6697719144675784,0.8636318713376898,0.9262700211315922,0.9287243013130129,0.9215480977067745,0.8555570364268275,0.847176934489412,0.44958575984313087,0.9238799558250632,0.9262700211315922,0.8327135059025805,0.6697719144675781,0.942258657276263,0.9262700211315922,0.6217172839921927,0.2540782618768266,0.47783030105807467,0.5973731435228515,0.8620024941098835,0.923879955825063,0.9262700211315922,0.7909062361234069,0.9262700211315922,0.6290489140618826,0.7876548181572374,0.7827655151124959,0.9262700211315922,0.8214535974542093,0.9262700211315922,0.771245643093208,0.35081872514543,0.8787105864554914,0.8198775277151971,0.982045156274965,0.6982095159283943,0.9215480977067743,0.9064920176718159,0.9508067898672803,0.8636318713376898,0.6655020001054017,0.8821858692988973,0.933854925314779,0.8814270131992583,0.8934703722913555,0.8587660956447005,0.9049432776121407,0.5644102067219423,0.28511145636133617,0.9192692664872615,0.8589563765519368,0.9215480977067745,0.9262700211315922,0.9430481070778811,0.9262700211315922,0.7441041281495325,0.908025487041374,0.9338549253147792,0.8948378117301918,0.6982095159283943,0.9287243013130129,0.9060005536896041,0.9085306004621041,0.8445028511200348,0.9127085925971725,0.514514276223805,0.9312498291554212,0.8375658032148703,0.5441640961514105,0.861326711863156,0.9238799558250634,0.9365495543873186,0.9639567951849193,0.9453068780840739,0.7928005687041781,0.8436474512828513,0.9025045192170256,0.5246511574993247,0.8183537503070986,0.9338549253147792,0.8684441116940127,0.7880457952100279,0.6883248736660694,0.9393458182324887,0.5902490470399449,0.2954217217820021,0.9044839950643899,0.9407914522535388,0.9393458182324887,0.8070192566355348,0.6033384460787663,0.9365495543873188,0.8523725692305197,0.887506465681396,0.9312498291554214,0.8821858692988973,0.6385804135829992,0.9215480977067743,0.9312498291554212,0.982045156274965,0.7281675401437735,0.9393458182324887,0.6545682644818039,0.6041892390247683,0.833652615380496,0.8176116086504934,0.939345818232489,0.9262700211315917,0.9347829309054407,0.9215480977067745,0.9338549253147792,0.6478186508612371,0.9341772783566888,0.982045156274965,0.8986240534007528,0.9644659921256323,0.7527304365235898,0.9276775566932935,0.8572820830599008,0.8308680091747327,0.9937401708376219,0.8737069148772851,0.8391883044901779,0.9422586572762628,0.7714931618716133,0.9422586572762628,0.9463248121641359,0.9700918760103956,0.8685695845092942,0.9312498291554212,0.9262700211315922,0.43458681350806605,0.8587660956447005,0.9005517611723417,0.9393458182324887,0.936549554387319,0.923879955825063,0.9262700211315922,0.9085306004621043,0.9393458182324887,0.9453068780840737,0.870233486819493,0.7645784044958581,0.9424837518356481,0.9338549253147792,0.8569568004711714,0.7516738629110475,0.9085306004621048,0.5680840749744993,0.8343077562043928,0.9312498291554214,0.31607734488562367,0.7683517503618815,0.4560489607046957,0.7419989394195887,0.9453068780840737,0.7059238645872112,0.8821858692988971,0.6883248736660695,0.9192692664872615,0.9238799558250634,0.8857175249675573,0.8589563765519372,0.6385804135829992,0.636225941680314,0.7578385111004702,0.9262700211315922,0.5627472251445461,0.9121513639211627,0.8839442688895067,0.880441550898158,0.9422586572762628,0.8082242366088142,0.9262700211315922,0.9262700211315922,0.8986240534007524,0.9453328829786438,0.7955004339598504,0.9262700211315922,0.9422586572762628,0.9262700211315922,0.8875064656813964,0.8778660184810032,0.6697719144675781,0.9262700211315917,0.8893119774375078,0.910601968746465,0.7778492225035785,0.7423606058657926,0.9262700211315922,0.8275132413035857,0.8787105864554916,0.6903244185568673,0.6658624837528377,0.8893119774375082,0.8107427171063766,0.931249829155421,0.6589875872257835,0.9262700211315922,0.7263604126319385,0.9372898940428274,0.590382421651439,0.8383527938687041,0.9287243013130129,0.7548990778408027,0.9599453718988955,0.9262700211315922,0.9298859761394203,0.6225789444623884,0.9262700211315922,0.8893119774375078,0.6406372542198818,0.7707675179901416,0.7527304365235898,0.6478186508612374,0.9262700211315922,0.727215766599256,0.578273124681195,0.9365495543873188,0.7847548348670996,0.7318778949922036,0.894303008215138,0.31298401125068465,0.8761021015209915,0.9312498291554212,0.9069090419812995,0.47783030105807467,0.9064920176718161,0.5438549216208304,0.840813711325884,0.812264394533146,0.9451809453601028,0.933854925314779,0.9005517611723421,0.9262700211315922,0.939345818232489,0.8571583257780948,0.6474202560746718,0.9537504332936724,0.8948378117301918,0.9215480977067743,0.7693184865020685,0.9778748351992479,0.9215480977067743,0.9127085925971725,0.926270021131592,0.956793080736152,0.8244549073918614,0.8603806964337208,0.9393458182324887,0.5639804954082249,0.9980151413438711,0.9987329349189482,0.9064920176718161,0.6912954349720599,0.9106019687464648,0.9422586572762628,0.7093770152855645,0.9414399550230419,0.8953476735959469,0.9025045192170256,0.9106019687464653,0.8587660956447005,0.9312498291554212,0.8821858692988973,0.8814270131992581,0.9598301826840944,0.9044839950643899,0.5692705566951365,0.9537504332936724,0.18753316471939563,0.7892792459601412,0.696254770804728,0.8620024941098834,0.9192692664872615,0.7074746884232539,0.867428048235549,0.9539981797161425,0.9044839950643899,0.9064920176718165,0.7561411212304778,0.9127085925971725,0.7847548348671012,0.9044839950643899,0.8769922925568632,0.7003656384018764,0.9312498291554212,0.7754561997159453,0.7629005959314292,0.880441550898158,0.8539618916939773,0.9393458182324887,0.8099103252292084,0.44958575984313076,0.9912425166211665,0.9414399550230419,0.9192692664872615,0.9192692664872617,0.9338549253147792,0.9393458182324887,0.8911350110320608,0.7679205415289068,0.8735911795315157,0.9238799558250632,0.9238799558250634,0.6037716513387421,0.8652692287290051,0.919269266487261,0.813786183959727,0.9262700211315922,0.9365495543873186,0.9262700211315922,0.9262700211315922,0.6141480167730404,0.9064920176718165,0.8821858692988969,0.9262700211315922,0.6545875551080871,0.5887304786611471,0.8769922925568631,0.8086241367403582,0.8522932400572807,0.7388540905975747,0.8603806964337208,0.8587660956447005,0.5610911087074112,0.9170389579782952,0.835193311566099,0.9365495543873186,0.23168368445770693,0.6883248736660694,0.5557438161385022,0.8911350110320608,0.9170389579782947,0.9882866951437199,0.7487623954298005,0.9365495543873188,0.8492101642117771,0.9312498291554212,0.8555570364268275,0.9106019687464648,0.9025045192170256,0.9064920176718161,0.5353515405419851,0.889311977437508,0.3015481879547096,0.9064920176718159,0.9163889031779977,0.9671595166054915,0.9106019687464653,0.9287243013130129,0.8752860258231274,0.5069749820889448,0.7892792459601419,0.9338549253147792,0.7924392667982825,0.9192692664872615,0.6863135780349772,0.8398327380849617,0.923879955825063,0.6698770582022535,0.8929765886287624,0.9453068780840737,0.7388540905975749,0.5420136071251385,0.8587660956447005,0.7353205838983641,0.910601968746465,0.9814043466735347,0.9286684098351685,0.9262700211315922,0.933854925314779,0.3999016750176799,0.9262700211315917,0.8214535974542099,0.9106019687464648,0.9215480977067745,0.8929765886287624,0.7762038061062162,0.9064920176718159,0.6432347595058656,0.9422586572762632,0.7208910882547281,0.9127085925971725,0.8994260849417828,0.9215480977067743,0.9971482141805039,0.732540693669234,0.876992292556863,0.9044839950643899,0.7020872095212075,0.45895401596095087,0.7458413635372292,0.8477220968560835,0.8821858692988969,0.6059590741967937,0.7985559379258647,0.8911350110320606,0.9422586572762628,0.9085306004621048,0.9287243013130129,0.7660482226484899,0.9164818738668178,0.549042336163172,0.9238799558250634,0.7245454077044955,0.7691979825245219,0.9453068780840737,0.8735304358152514,0.8147735352468601,0.9121513639211625,0.8787105864554918,0.9025045192170256,0.8850360346032429,0.8911350110320608,0.9479529588566926,0.8523725692305197,0.9127085925971723,0.923879955825063,0.933854925314779,0.9453068780840739,0.9262700211315922,0.8821858692988973,0.8278795688042409,0.6592740449796468,0.8839442688895065,0.9262700211315922,0.5936156417645391,0.7662516727025936,0.9060729726050416,0.8875064656813962,0.8603806964337206,0.8691450109335102,0.503426792346652,0.7711416879854343,0.8948378117301918,0.8636318713376898,0.528525340978998,0.8674280482355494,0.9365495543873186,0.8868600994557607,0.8967198703210442,0.9312498291554214,0.8769922925568632,0.9453068780840737,0.9650166107570195,0.9215480977067745,0.9453068780840737,0.9148532265533558,0.8967198703210442,0.9262700211315917,0.7707675179901416,0.8321144589218223,0.939345818232489,0.9783994202533963,0.910601968746465,0.6816331266237834,0.6271973831158046,0.9238799558250634,0.9338549253147792,0.919269266487261,0.9238799558250634,0.9238799558250634,0.8821858692988972,0.9262700211315922,0.9192692664872617,0.8652692287290051,0.9262700211315922,0.9424837518356484,0.8413857241797431,0.9393458182324887,0.9312498291554212,0.9365495543873188,0.9287243013130129,0.9238799558250634,0.7039965075355048,0.5032144050394723,0.9451809453601021,0.5797042806767574,0.9262700211315922,0.8652692287290058,0.9312498291554214,0.9424837518356481,0.6633454161597225,0.8669149862082737,0.9393458182324887,0.9287243013130129,0.9479529588566924,0.8769922925568632,0.9085306004621048,0.9262700211315917,0.876992292556863,0.8857175249675573,0.8911350110320606,0.6073605075978465,0.9127085925971725,0.939345818232489,0.8986240534007521,0.9312498291554212,0.8652692287290058,0.5548762612807424,0.9262700211315922,0.9262700211315917,0.8290449653433583,0.942258657276263,0.7860278147611457,0.9192692664872617,0.9127085925971725,0.6011179402537319,0.9215480977067743,0.6676440742723446,0.6781462634044126,0.9262700211315922,0.9262700211315922,0.9060005536896047,0.7762038061062162,0.8587660956447003,0.7595284020092474,0.5452855648139237,0.7318778949922038,0.7676249244490603,0.6317448481358168,0.9025045192170256,0.6266174226986856,0.9262700211315922,0.8555570364268275,0.933854925314779,0.9453068780840739,0.7762038061062162,0.9393458182324887,0.5846543459313797,0.9262700211315922,0.9262700211315922,0.6738425349227352,0.9262700211315917,0.6617969974955724,0.910601968746465,0.7924392667982814,0.8539618916939782,0.9650166107570195,0.8814270131992583,0.6403306507300278,0.7832115382051674,0.9262700211315922,0.876992292556863,0.6166849170545865,0.9287243013130129,0.9393458182324887,0.8860804513717158,0.7630743876142556,0.8702334868194936,0.8804415508981578,0.9238240970282817,0.8182455133816546,0.9262700211315922,0.5957353907520184,0.880441550898158,0.37701470615817323,0.8391883044901778,0.8046541865271128,0.9148532265533553,0.919098962171919,0.8102283717361076,0.9912425166211665,0.5564814163704827,0.5106171366408705,0.9192692664872617,0.9980151413438715,0.8875064656813965,0.9005517611723413,0.6266174226986854,0.933854925314779,0.9238799558250634,0.5026163549408296,0.9323299983666009,0.876992292556863,0.9185538958319137,0.9289749041786238,0.876992292556863,0.9453068780840739,0.991834013047275,0.8587660956447005,0.8839442688895065,0.4247075284394377,0.9262700211315917,0.9422586572762628,0.910601968746465,0.9508067898672801,0.7778492225035785,0.9170389579782963,0.9238799558250632,0.9679401264121577,0.437424749055204,0.9287243013130126,0.7047443864534999,0.880441550898158,0.6037716513387414,0.6500850252022474,0.9262700211315922,0.8429423482710732,0.926270021131592,0.7107640375919861,0.942258657276263,0.9025045192170256,0.1835218424254167,0.7909062361234078,0.9262700211315922,0.6432347595058656,0.7388540905975747,0.9044839950643899,0.6409165670522478,0.6592033365201202,0.668223089450658,0.933854925314779,0.6274242956693724,0.8631024236475753,0.7029395012872648,0.7335433167757843,0.9064920176718156,0.7941385018140499,0.991834013047275,0.9064920176718159,0.9262700211315922,0.8523725692305197,0.8986240534007521,0.5641473165803523,0.8587660956447005,0.7458413635372292,0.926270021131592,0.9238799558250634,0.5548762612807424,0.8214535974542101,0.8492101642117778,0.6903244185568673,0.722722356545001,0.9262700211315922,0.6718857910170379,0.8246644637633858,0.8875064656813965,0.9262700211315922,0.5610911087074112,0.9170389579782949,0.9393458182324887,0.9064920176718165,0.9238799558250634,0.7989797443822702,0.9005517611723417,0.8778660184810032,0.8967198703210442,0.9254936292469194,0.9064920176718165,0.7492975760217226,0.9262700211315922,0.9650166107570195,0.9262700211315922,0.9393458182324887,0.822262040693855,0.48835968935006624,0.9453068780840739,0.8929765886287624,0.795407120012082,0.33864695302161807,0.8875064656813962,0.9262700211315922,0.8418828138109646,0.6090065394127633,0.7832115382051672,0.9252584119301555,0.8769922925568632,0.9338549253147792,0.8911350110320606,0.8893119774375082,0.878710586455492,0.3644691322928425,0.7227223565450012,0.878710586455492,0.8875064656813965,0.933854925314779,0.833652615380496,0.878710586455492,0.9453068780840739,0.9005517611723417,0.9287243013130129,0.858956376551937,0.923879955825063,0.8893119774375082,0.9044839950643899,0.44958575984313087,0.8769922925568632,0.9838698730483884,0.29542172178200254,0.9709418084101296,0.9238799558250632,0.910601968746465,0.712166063796535,0.8875064656813965,0.8850360346032426,0.6003318734031945,0.9020199101528918,0.8669149862082739,0.8986240534007521,0.9287243013130129,0.9312498291554212,0.3622658271177779,0.8991421311545462,0.8948378117301918,0.9299272112436057,0.3697338279272443,0.933854925314779,0.9365495543873186,0.816830706523366,0.0,0.8061768807841629,0.880441550898158,0.8911350110320606,0.7862958284079851,0.9479529588566924,0.20147951370127903,0.9262700211315917,0.5916758598993508,0.8717703152872653,0.8735911795315161,0.34206564451131827,0.7816658148190478,0.936549554387319,0.8821858692988973,0.8198775277151971,0.10751865132455718,0.9192692664872617,0.8929765886287624,0.8814270131992576,0.8137861839597273,0.6929925529983975,0.9127085925971725,0.7738965054378295,0.9238799558250632,0.8556136720879401,0.7418773163314569,0.9312498291554214,0.9287243013130129,0.4523867311552662,0.15774840140764268,0.9312498291554212,0.9614455147320775,0.5066641765483865,0.7679205415289068,0.9215480977067745,0.9215480977067745,0.5818148644225553,0.9044839950643899,0.8587660956447005,0.9312498291554212,0.4994021039642219,0.9044839950643899,0.9365495543873186,0.3644691322928425,0.9398552184521696,0.9287243013130129,0.942258657276263,0.4831458329905963,0.9393458182324887,0.75783851110047,0.9365495543873186
p350_T,0.8896627373292028,0.9563687015060705,0.8783194868022135,0.9572912152802083,0.8765646436149181,0.9296148191040325,0.9956856569575512,0.9901269597628206,0.7662269263298023,0.8954284206508372,0.8972262357553156,0.9818014931500496,0.9505905824384766,0.6436422320923876,0.9536049318155702,0.9545120772112021,0.8204187429717442,0.9820494134535525,0.8023685958797273,0.9435799850953349,0.7956422390941121,0.9722522256461222,0.9870824288396511,0.9040384689315533,0.9531288325705116,0.8198957816506429,0.6427165125491647,0.987165253377389,0.983827883658792,0.8190904730360364,0.8488314242849375,0.8715300133035607,0.8497546683289103,0.937909859777035,0.9086850075799042,0.879238154944134,0.9040384689315535,0.745456455529327,0.9009488545209483,0.623165730117846,0.8017797196977179,0.9241108655377124,0.9719739006977876,0.9830375795726761,0.8796528197792706,0.7628562402796717,0.9097206700803182,0.8689227410273126,0.8911972942203898,0.9274504612235903,0.951140688962822,0.8433592643572378,0.8198957816506429,0.8740583849734915,0.9767643847531918,0.8510898516462695,0.8750865698084337,0.8664724446651935,0.9531114755253978,0.8579208771607552,0.7918300225674713,0.8576041921636808,0.9572925628415772,0.9761241016391891,0.7463496374600729,0.8226916586522441,0.9424617323970079,0.8945981560026,0.971188029126156,0.9285879473948486,0.7865459534414608,0.8668307883928855,0.9307131725951663,0.7867561890573058,0.8664724446651935,0.9384099974559508,0.973561855114152,0.6602616866513122,0.7341496165780601,0.9296148191040329,0.9525402454544871,0.9806593463722713,0.9373878077823838,0.9684368853224967,0.8664724446651935,0.7464197170657745,0.9451592660262593,0.9567699465422619,0.8106368436653384,0.8933548640036584,0.8664724446651935,0.6487748799236184,0.7691218747752878,0.7244940468164214,0.8994260849417823,0.8502778881180042,0.7144111382388532,0.9112348650054467,0.8090616470066296,0.7915529802845986,0.8510898516462698,0.978179909950684,0.7159628237899878,0.6856304215803214,0.9729526952913965,0.8901531678626451,0.8722653675627883,0.7581680392107368,0.9937398098296231,0.7219349177164958,0.673988984840576,0.9996197939155196,0.9947759332687935,0.939290374675744,0.9097206700803182,0.8853971186091987,0.9871069939871169,0.9285879473948486,0.9433079361147028,0.8407612618487901,0.9759802221686069,0.6874057582305482,0.63434068697132,0.9178159811254971,0.9189231840985459,0.7994412664981732,0.9040384689315533,0.9437802742144983,0.9245657747152314,0.8463472365414608,0.8747146482886536,0.8849016103085846,0.7651324346633903,0.9009488545209479,0.790801704567981,0.992014969644178,0.9541406397551921,0.9069958728502843,0.8802089698693754,0.8883008446412402,0.7479788809608705,0.8954284206508372,0.8369020850411326,0.7122860306391532,0.7266721459410673,0.8252897759599416,0.9440106737999218,0.7900787819428654,0.8164046358495625,0.792990648123888,0.943579985095335,0.9664185255999889,0.9384009240694046,0.9380992138498063,0.9069958728502847,0.8164046358495625,0.699918673797783,0.9567911992246697,0.943914107699956,0.772663416458703,0.8657751886643243,0.9191312302437674,0.8656985012090525,0.7719104502467538,0.9304863473395246,0.6701278554606536,0.8357694080080247,0.9391080718620071,0.9607001088217887,0.8886556660998206,0.9979017871215314,0.8933548640036584,0.9329396848942553,0.8141267189481447,0.9918848465537152,0.8105231890365034,0.9945424935407444,0.9951305208991641,0.8166365942962276,0.9930070224193046,0.907305869122877,0.8285189078377007,0.9710734424570895,0.9557766854268046,0.9208629527114213,0.690074083551433,0.901872012374066,0.8164529473936291,0.8457962327200852,0.7012298019851887,0.8883008446412397,0.9570503230864866,0.8866209676026138,0.7788450786245928,0.9559865841633363,0.8664724446651935,0.9040384689315533,0.8078994805539153,0.8502778881180042,0.954846412833767,0.8215067965103922,0.9245657747152314,0.8664724446651935,0.8919571968235958,0.8755273338749361,0.8954284206508372,0.8664724446651935,0.8789645161750168,0.8190536535586945,0.7529665919826991,0.7154756702350509,0.7689708910645336,0.7945360288806117,0.8664724446651935,0.8945981560025998,0.8664724446651934,0.8132703422722638,0.8412904017436589,0.8101626049729427,0.8664724446651935,0.9327787358352457,0.8664724446651935,0.9242832796050215,0.8733884392963869,0.7123995085162182,0.9672905237132279,0.8506719903734017,0.7430103895349818,0.8883008446412402,0.9868461318062302,0.8651900166347004,0.8395942488083243,0.8687722739144648,0.8675932656444024,0.8715300133035613,0.9761241016391892,0.958433244860071,0.9146067060171064,0.7958139814001579,0.798141209189954,0.9027034310336555,0.883410872990624,0.6362511632936554,0.9186808121217243,0.8664724446651935,0.9335385079650893,0.8664724446651935,0.7464667857590546,0.5953979041165783,0.9511406889628222,0.9514224988613698,0.7016705736931284,0.8709172314094931,0.9567911992246696,0.8609114158299598,0.6597158784445875,0.9921457448463412,0.8203392842642425,0.8754910501451354,0.6802371247470315,0.9351760045475057,0.7672693818387561,0.8933548640036584,0.9674864328965502,0.8202992520772756,0.9009488545209483,0.9798419320104435,0.9798419320104435,0.8989412227451099,0.7717130342330896,0.6796635588856608,0.8802089698693756,0.8101084646876164,0.6888878081035481,0.967610899572042,0.8901531678626451,0.8077660108801639,0.8362317666706378,0.8400914758059399,0.9017563549592988,0.8901531678626451,0.9397144283764512,0.763992707888828,0.9588013019579573,0.9917283216127346,0.7556597260880376,0.747983130567853,0.7163179187499653,0.6740435137149643,0.8579208771607554,0.7822127505030366,0.8849016103085844,0.656049293826614,0.9670227269270519,0.8448011976163201,0.7093583670647594,0.9545120772112019,0.8350416058272022,0.9176729344763376,0.7802035517199599,0.7693647650828699,0.9597993179563378,0.8715300133035613,0.7858065741135538,0.9898963391511255,0.9097206700803182,0.9886633175304059,0.90262194726626,0.8953955837839517,0.9013844639182802,0.9673101280133805,0.8558505117832512,0.9653344962918541,0.7557859714445854,0.6907975021792145,0.9759242177777507,0.8234739453568076,0.9759242177777507,0.9324255571705902,0.9654407641398766,0.7003026325667812,0.9097206700803182,0.8664724446651935,0.8802089698693747,0.7824844628151767,0.6106966542739221,0.8901531678626451,0.9306303003238039,0.9869875961383774,0.8664724446651935,0.8874770946298924,0.9670227269270519,0.8448966559165227,0.8654907381825758,0.8902220522503083,0.814484450402827,0.915674829416099,0.7924981597446512,0.7773837054954419,0.9531288325705116,0.8497546683289103,0.6574775696953352,0.9439502900155012,0.89468833209291,0.7246435563774727,0.8740583849734918,0.7850888137373071,0.9856670177084574,0.7422997367199202,0.7595394464340899,0.7195720045209191,0.9981209733943233,0.8621439532920854,0.8971837383003344,0.5509935050655008,0.6740435137149645,0.733186652166586,0.7429252866646285,0.8664724446651935,0.8270286956449153,0.8475806904257366,0.7073187137343604,0.9116858892428663,0.9838278836587921,0.6819370590111065,0.8664724446651935,0.8664724446651935,0.86513764750457,0.8234739453568076,0.6959544455840808,0.8664724446651934,0.9838278836587924,0.748083187754974,0.6660457308915178,0.9304863473395248,0.737409826374446,0.9408053715448899,0.6331529762328464,0.863880387166671,0.7505699238978002,0.6805577509343894,0.8664724446651935,0.9380992138498063,0.7335353350440008,0.7160124587272181,0.7644663016859305,0.9583860692530999,0.6752071616528271,0.7822127505030361,0.6993324568448789,0.8664724446651935,0.7568703430389399,0.883022011005651,0.7369353038932616,0.6586203889971971,0.9040384689315533,0.769121874775288,0.8900239112942423,0.8664724446651935,0.8562851256108635,0.8761972009926252,0.8664724446651935,0.9962293802453386,0.9865370979234571,0.995305559258638,0.7548758525846335,0.7302220786463538,0.8664724446651935,0.6679961622138257,0.7579610396978758,0.921945169385211,0.8496940184182797,0.8251357181842924,0.8733884392963867,0.7787157073937734,0.5844587060519839,0.9097206700803182,0.9715209999149856,0.8044038270762577,0.9347032530979921,0.8085782052229775,0.830719178548375,0.9250775195772377,0.8827966714231754,0.8802089698693754,0.6602103554978729,0.8664724446651935,0.9670227269270519,0.9393284479789085,0.900811869897544,0.8815177254479982,0.9776400619758955,0.8883008446412402,0.927992782375831,0.9702809439756739,0.8883008446412399,0.853860720598412,0.8123239156849462,0.9563687015060708,0.9872113330907727,0.8330439404811605,0.9945424935407445,0.7886002519410398,0.9356763192142938,0.9305826894803044,0.9870824288396509,0.8795628551139485,0.9451592660262593,0.9033320865318781,0.9158277088801187,0.9282914405114817,0.8430049318978143,0.9241108655377124,0.8380970570148376,0.9907342842429815,0.8849016103085845,0.9324255571705902,0.8202877345863091,0.8894956004938195,0.7888774249997146,0.9020920420848249,0.9525402454544873,0.8028417197245652,0.6182644187688713,0.8568406399242017,0.7689708910645336,0.96850393499056,0.9974135025478295,0.8485252303127842,0.9796947140793384,0.8526242193567077,0.856725232069057,0.7469292271316799,0.980197250304073,0.9247110267167562,0.903838270162933,0.9509094583851624,0.9063967292690711,0.9191312302437674,0.7717351936830059,0.9858757717285249,0.7891565162771942,0.9761241016391893,0.9670227269270519,0.9206800842230393,0.8391640739625918,0.8937741677510578,0.90262194726626,0.7908017045679809,0.9981209733943233,0.9511406889628222,0.8901531678626451,0.8292406437924527,0.8322987406627893,0.8805820839258833,0.9245657747152314,0.9818014931500495,0.9327872619791031,0.8146931639561967,0.883410872990624,0.8084327483155185,0.8664724446651935,0.8850890368124651,0.8664724446651935,0.8664724446651935,0.7492328227345282,0.830653792714938,0.8027609741182149,0.8664724446651935,0.8483275326727078,0.8059029200039305,0.8399660979274347,0.7701211075308942,0.9380992138498063,0.8695202640293834,0.813961600805492,0.914606706017107,0.8272292709499023,0.907581650634876,0.9587155323569323,0.8850890368124651,0.8262122908200262,0.7609118203627733,0.803506745132784,0.8292406437924527,0.9364951417878591,0.9186808121217243,0.8351979441818274,0.9956574345307037,0.7113110351794607,0.9097206700803182,0.8141147595144514,0.9193759358744262,0.8241927065362624,0.8304174956815163,0.7952282331089235,0.860075728740654,0.8500261902449775,0.9347032530979922,0.9915452031952149,0.8754910501451354,0.8380970570148376,0.7647491558478429,0.8983248769020451,0.867767961878321,0.8517407599399142,0.9156748294160986,0.72104285068485,0.8537938345868614,0.8333735441660055,0.9062969189497472,0.9505905824384766,0.7986860525366208,0.8674509046641694,0.8448966559165226,0.7302015782026925,0.8330089572134212,0.819947696277195,0.6544555749911258,0.7284155890673571,0.7951280721761331,0.9924956410479697,0.8664724446651935,0.8802089698693754,0.8226123078725698,0.9949539005251382,0.9327787358352458,0.9464688954942893,0.8883008446412399,0.9607001088217887,0.7116951158428213,0.8043460563273976,0.7230837528996052,0.9356763192142938,0.6435971892571004,0.980197250304073,0.8532036070242053,0.8579208771607556,0.965408632940842,0.8442054820964564,0.6790476815915385,0.7632703995966016,0.9563176673590921,0.9839362688314819,0.8264895929272622,0.842696105941273,0.8027609741182149,0.7714640537649813,0.8710582408601177,0.8258365720047516,0.9356763192142941,0.7937347597709155,0.9634765809802052,0.9723313920999894,0.9714021118610541,0.7716945308447443,0.8933548640036584,0.6636891081920113,0.6867280661945208,0.9719739006977876,0.8805058935669068,0.8754910501451354,0.5968409198258056,0.9705630935670462,0.8737715799525074,0.9205424014691039,0.9212200529131981,0.9406084522297578,0.7510169290813081,0.8419122260561438,0.8933548640036584,0.8802089698693754,0.9856670177084574,0.8664724446651935,0.9595206236190974,0.8216451692253852,0.7577128405550939,0.7947730181838542,0.8664724446651934,0.7775242361468453,0.6941538441255648,0.9470198030408201,0.9124842176819483,0.8998033040594813,0.7194039897324169,0.8212091392695302,0.8177685062363327,0.788473557541936,0.975385306722505,0.8168476210776725,0.8309760007830436,0.8850890368124651,0.8014162647631586,0.8750865698084337,0.987590470114133,0.8045223478039805,0.8448966559165226,0.833193433590145,0.7471395455929459,0.8448966559165225,0.8715822447458522,0.8990832879705976,0.8765646436149181,0.8434448299932551,0.9673101280133805,0.9176729344763377,0.9307131725951661,0.9451592660262599,0.7771326555823265,0.7441182025131536,0.8621439532920854,0.9424617323970079,0.883410872990624,0.8621439532920854,0.8933548640036584,0.8946883320929098,0.8664724446651935,0.853793834586861,0.814693163956197,0.8664724446651935,0.7888774249997144,0.7958775417235628,0.8792381549441344,0.9097206700803182,0.9219451693852112,0.9371597064536137,0.8621439532920854,0.871399467419112,0.718539760798238,0.9870824288396509,0.7136367555721699,0.8664724446651935,0.7548748168824075,0.9533608501789502,0.8913055266121656,0.844635285456431,0.8068011026558412,0.7639338163475239,0.9303553434581446,0.9671741310296904,0.9090845696476818,0.926563153770579,0.8985928086301802,0.8608785422961751,0.8086735104132357,0.7602560869518931,0.8238270673457193,0.7985467108992406,0.9945424935407444,0.8180977767378782,0.909720670080318,0.735309725102344,0.8193968929879758,0.8664724446651935,0.9628335365601521,0.925362051504131,0.8954284206508372,0.7727633235776457,0.9426449497981504,0.9091747302975836,0.7800603794855805,0.8883008446412402,0.8237912916246776,0.7096483628467687,0.8664724446651935,0.8664724446651935,0.8569294700811065,0.7834785645084046,0.763552660867194,0.9113158697773904,0.7852963625554634,0.7548758525846335,0.9247021165558647,0.7511719521476026,0.7486837781584548,0.7746455848526181,0.8664724446651935,0.9446287298796076,0.8802089698693754,0.9009488545209483,0.6973384261097046,0.8901531678626451,0.8719608818967972,0.8664724446651935,0.8664724446651935,0.72264146843974,0.9086850075799038,0.7301946051136514,0.9193759358744265,0.6601259340275422,0.9868598685836286,0.9041308727528798,0.8943197941406733,0.7236457633998872,0.689427444329884,0.8664724446651934,0.7208725703290195,0.7459077507527971,0.8709172314094931,0.9285879473948486,0.8729868072010019,0.858812851502091,0.9536049318155702,0.7464197170657745,0.8972341059360842,0.9668448649159611,0.8664724446651935,0.786756189057306,0.9814721127285837,0.8095519676418688,0.9160874982329127,0.7120883975114991,0.9305826894803042,0.9232227791437104,0.7504362361518893,0.9674864328965502,0.9394501156169424,0.8392253812772248,0.9426449497981504,0.975924217777751,0.8634807943267511,0.9436800347105212,0.8307194893170298,0.9156748294160986,0.8621439532920854,0.8368467086418838,0.8369528122455996,0.8045223478039802,0.9257958059254687,0.9009488545209479,0.6581352372227987,0.943307936114703,0.9296148191040325,0.820348066711141,0.8772733401305446,0.8718884548302557,0.8985928086301802,0.9033320865318781,0.9722522256461222,0.9451592660262593,0.6498853443980102,0.9075816506348764,0.8933548640036586,0.932939684894255,0.7569884515853618,0.8709172314094931,0.8093634710866761,0.9116858892428665,0.7199612133351285,0.8379069565169963,0.8664724446651935,0.6311176024714187,0.9307131725951661,0.847903832374838,0.8954284206508372,0.8241927065362624,0.8270171939535946,0.7714000041414091,0.8664724446651935,0.6674061354112344,0.7441334467853615,0.8144844504028266,0.7264555470732128,0.6869610143543725,0.7466086326204122,0.8802089698693754,0.7733703372804221,0.9034212808918718,0.8936379700652419,0.811205833749246,0.7522031776191599,0.7510947946896714,0.9856670177084577,0.9086318137438733,0.7159628237899875,0.9898963391511255,0.98697017664209,0.8238270673457193,0.9714021118610541,0.7705403043339096,0.8664724446651937,0.8621439532920854,0.8926921706007518,0.8093377458849899,0.9650156934344158,0.8538017817428893,0.8197141808880339,0.8664724446651935,0.7201224462266147,0.9397729346232926,0.7108527284897777,0.8664724446651935,0.7104911003643815,0.9189374024472259,0.8901531678626451,0.856725232069057,0.8621439532920854,0.974553319939592,0.9572925628415774,0.9600337841563484,0.9710734424570895,0.8462756921749254,0.7522031776191606,0.748726227199884,0.8664724446651935,0.9987141249698597,0.8664724446651935,0.8901531678626451,0.659881582863033,0.8825111654148605,0.9009488545209483,0.8761137839023774,0.8112058337492464,0.8847469879197409,0.9124842176819482,0.8664724446651935,0.9950896169687198,0.7841728347787535,0.6894274443298849,0.78325093923208,0.839966097927435,0.9511406889628222,0.8028417197245659,0.844924692999196,0.9916989200948287,0.8605366543932857,0.7505182090349952,0.9916989200948287,0.9348877164810786,0.729666575116668,0.9204090139199401,0.9916989200948287,0.9009488545209483,0.808751459169725,0.9040384689315533,0.772663416458703,0.7633251181690387,0.844924692999196,0.7632703995966016,0.9274504612235901,0.9509094583851624,0.9610109894855321,0.8776271734915768,0.9138706591595782,0.8881687610153306,0.9464688954942895,0.7572599057449589,0.7780632248871682,0.976900540998518,0.9625138303693129,0.8086037853185335,0.9449621659726363,0.6718987417728542,0.9040384689315535,0.8754910501451352,0.8915971334328483,0.7422932223348537,0.833193433590145,0.8594109967046708,0.9819184356982235,0.8802089698693754,0.8850890368124651,0.6682740406857972,0.8061768807841629,0.0,0.7834754916086064,0.7832509392320799,0.688206580295512,0.6609063657712523,0.844924692999196,0.89859280863018,0.9475262311758241,0.7117824525963291,0.8395998856671665,0.9248572997552362,0.7388720053011457,0.9306303003238039,0.9379098597770348,0.7390138473383756,0.8198957816506429,0.7908017045679808,0.9693629880599965,0.5981915559232156,0.8069803809790179,0.9134089714406041,0.8538607205984121,0.7967278271968334,0.7633251181690388,0.8850669307012913,0.9149550255290277,0.7137535106326702,0.9702809439756741,0.9244240422945604,0.8095476205358993,0.8164423704382193,0.8998516254320356,0.7650064775714749,0.9746298094848836,0.8078994805539147,0.9490607796022086,0.846691758103038,0.9169125520152779,0.6688936511272823,0.9097206700803182,0.8902083445750613,0.9294452955660457,0.9219451693852114,0.8427682296835777,0.7990230637436598,0.8972341059360845,0.9356763192142941,0.9431787329150122,0.8901531678626451,0.9608336104848796,0.8850890368124651
p350_V,0.7990745307667424,0.9029060758453825,0.8485648350028434,0.9428273933582367,0.9076027506473452,0.8306286611882319,0.7984775180951882,0.8765169987608159,0.5849369615002844,0.9354957453078971,0.9401042088409286,0.9576746141532875,0.8727673249698822,0.9733010371560205,0.516121456581069,0.9301383082015944,0.9693293687840343,0.8889039599111499,0.9845214236147153,0.8455205797886557,0.8879754427987612,0.9369836237218983,0.8916829786258776,0.9654282935645835,0.970087547292547,0.9225786753593268,0.9098137391625774,0.5030100185970382,0.790774661062794,0.8417999354325609,0.9409403068620963,0.9774096618002823,0.9859795134306004,0.8977823279529111,0.9076027506473452,0.932241742150131,0.9654282935645835,0.9073222074226133,0.9389009867184677,0.91989423221619,0.8620322227114252,0.9937940417831581,0.8882462492115568,0.6673841851576385,0.9290437380995716,0.8737541769657153,0.9231975163531971,0.8823890152984235,0.8867504707956384,0.57500921830937,0.9743490353345139,0.8778628511157391,0.9225786753593268,0.904880473824603,0.9353631805614123,0.949904800799596,0.9172640312418525,0.9176344520056336,0.8746755880376645,0.912359476799596,0.7829292444290503,0.9223000687441836,0.9562533908075042,0.88720715892009,0.9291179679746995,0.6661465671038487,0.9261077324693099,0.8825218650619722,0.9828966038837288,0.9631988949207005,0.9771762115180253,0.9198942322161898,0.9176344520056336,0.7186711938182044,0.9176344520056336,0.8392124024772518,0.9369836237218983,0.9024846512059139,0.8233324866804044,0.9965185747417931,0.9846566758890424,0.9325475534270614,0.8804415508981578,0.9763971782961419,0.9176344520056336,0.9882332279592554,0.9524593769068034,0.9381088635587097,0.9530412142717557,0.9149644520716045,0.9176344520056336,0.9446358261174745,0.8824176438930582,0.8441296388787677,0.9438611769441672,0.864000327136614,0.9871683151677604,0.8410682594545358,0.8308989845587843,0.8142047529817429,0.9172640312418525,0.8440037465855231,0.9176344520056336,0.9984304390698089,0.8553966797904407,0.932241742150131,0.9825529434724956,0.7067004355318204,0.9937773364805664,0.7520406360584729,0.9318548420045338,0.8910854332944245,0.7248767613062266,0.9842863833591208,0.9231975163531971,0.7699408458383658,0.8644633857793795,0.932241742150131,0.9389009867184677,0.6898547601942238,0.9739801805604328,0.9301383082015944,0.8978173148387738,0.9652256526804024,0.9562533908075042,0.7948575916755272,0.9203761879341787,0.9941663847661135,0.8727673249698823,0.9951874708791763,0.856102480532166,0.9231975163531969,0.9743490353345139,0.7730110731649059,0.9098137391625774,0.8897478654628075,0.9936805861482164,0.9261077324693099,0.9261077324693099,0.9536828573969376,0.796823182403454,0.9354957453078971,0.8207807966488911,0.8355695295536743,0.9583362178150991,0.7895318319167913,0.9078513820385045,0.7177143386293863,0.9861817550572927,0.8094056733710404,0.9354957453078971,0.6509967800625711,0.9729232551443949,0.8527382835752311,0.9743490353345139,0.9530379936367417,0.927729613612456,0.9169857742242802,0.7761395322959781,0.953332109591035,0.895761472363263,0.969757263765453,0.9281278923411589,0.8481577750798804,0.8829513350353804,0.9795019860868404,0.9848452821641429,0.986918160036585,0.9121513639211625,0.7085630147594197,0.942827393358237,0.9149644520716045,0.9172640312418525,0.9968675086659682,0.9496451505749915,0.8693429710263092,0.701800487597781,0.9926550694496731,0.9298297898147683,0.9742119804148439,0.9774849586806801,0.8032362092940315,0.9172640312418525,0.9149644520716045,0.9174879050899067,0.906669891151924,0.6275118000470308,0.8659812204023998,0.904880473824603,0.9380806103257937,0.995006237994279,0.8964106794146756,0.8272663807128411,0.7397064973435366,0.9940211874154163,0.9176344520056336,0.9444674951746067,0.995006237994279,0.933111146811416,0.9694987358001361,0.8632221916532631,0.9149644520716045,0.9176344520056336,0.8299433050373792,0.7772804831173217,0.9354957453078971,0.9176344520056336,0.8669894145144217,0.9763670444959531,0.6710266026145006,0.7554244596624777,0.872007371671209,0.9574180966633072,0.9176344520056336,0.8903204666908906,0.9176344520056336,0.8480875255856,0.8178664929805071,0.8317376653301859,0.9176344520056336,0.8379269506759397,0.9176344520056336,0.7596283966563455,0.9027145695931778,0.9917486808400418,0.8209598208811351,0.9231975163531969,0.7712246687720135,0.9123594767995957,0.8955399645501794,0.9001312905981322,0.8740463482181047,0.84786170880838,0.925845563719097,0.9261077324693099,0.9627319675460853,0.9623548439267994,0.8679755583031024,0.9077707508606776,0.9763670444959536,0.9194760752462121,0.9290437380995717,0.9301383082015944,0.7570534784216714,0.9176344520056336,0.9775161675601628,0.9176344520056336,0.8620213651162272,0.9194760752462126,0.9743490353345139,0.9468476925571214,0.7524809473273442,0.9444674951746068,0.7733269347415019,0.8978173148387736,0.9471350242439598,0.9777237664759431,0.8682363863476541,0.9371232414100348,0.9227565311039088,0.8573662799412332,0.7717467840699737,0.9149644520716045,0.8703525226203911,0.8587960189218709,0.9389009867184677,0.7801712852526865,0.9565909353691324,0.9253216361240024,0.9492412835182771,0.9295578460729781,0.9261077324693099,0.7193866731708563,0.7632421686937121,0.8726446237792718,0.932241742150131,0.7714988033094557,0.9422472753056207,0.9281278923411589,0.8273813414860407,0.932241742150131,0.9955608197743071,0.7668759562758074,0.9792503453259269,0.9850486261598486,0.9352780314506286,0.9231975163531969,0.8977823279529109,0.7628129379392777,0.912359476799596,0.969757263765453,0.969757263765453,0.805362483780812,0.8063598505269487,0.911740774993114,0.7823661637816473,0.8373631026438322,0.9878337585781132,0.932241742150131,0.9176344520056336,0.9198942322161898,0.8810236202136958,0.9261077324693099,0.8103542576307945,0.8149956267253997,0.9231975163531969,0.9530379936367415,0.9507526530137225,0.8724980214238978,0.9886239962860297,0.8645827842168786,0.9444744104750034,0.9264873230761927,0.8533798878813563,0.9687869351154329,0.9354957453078969,0.5589808183407524,0.8455205797886557,0.9271776793409097,0.9951874708791759,0.9073551352214813,0.7974439991732666,0.9176344520056336,0.9743490353345139,0.9967324534170479,0.8889039599111501,0.932241742150131,0.9706172773228456,0.9149644520716045,0.9176344520056336,0.9700875472925468,0.932241742150131,0.9389009867184677,0.882375717680342,0.8292797099010637,0.9673786919850064,0.9261077324693099,0.7997734685989584,0.7809633499179394,0.9215071040267933,0.8173772215494315,0.8814201554735179,0.983682988822291,0.9859683821169072,0.751933834393758,0.9433231638906061,0.7895318319167905,0.9389009867184677,0.7799138535064553,0.9846362664950944,0.7789260165559259,0.9098137391625776,0.9149644520716045,0.8868813033004919,0.8605569040332728,0.7817810262558031,0.741358332488788,0.8212191757240856,0.9176344520056336,0.7033280792497036,0.9882332279592554,0.9298297898147683,0.9882332279592555,0.9354957453078971,0.7286474707483082,0.9176344520056336,0.9176344520056336,0.9861817550572929,0.9478524616281294,0.9174879050899067,0.9176344520056336,0.8455205797886557,0.9176344520056336,0.996225319046196,0.8581319192100829,0.7021325115697513,0.9176344520056336,0.8763477248373535,0.9369836237218983,0.7671149085936451,0.727018031562241,0.9176344520056336,0.8527382835752306,0.9917486808400418,0.7624081218155465,0.8141846269619658,0.8763477248373532,0.9831487900267122,0.969757263765453,0.7844453416156542,0.9176344520056336,0.8221184547857519,0.9899281062556811,0.7697849565676402,0.8413492931182434,0.920376187934179,0.8238329576842309,0.9353631805614121,0.9176344520056336,0.9301472048809083,0.7298411853861237,0.9176344520056336,0.9998134958142342,0.7114930921538877,0.7638583455883898,0.8342705260355916,0.7725507401817087,0.9176344520056336,0.8516761773890242,0.6760148939282119,0.9291179679746995,0.820768098387644,0.7769292829531329,0.7779319348895513,0.9070492733182631,0.856198563566134,0.9231975163531971,0.9899569054508074,0.6710266026145006,0.9664656501581601,0.747539137878533,0.9847910953531659,0.8336897868247426,0.9310028073541698,0.9261077324693099,0.9225786753593272,0.9176344520056336,0.932241742150131,0.9426405799302899,0.8266004977708314,0.9777237664759431,0.8825207683757945,0.912359476799596,0.8430820492776219,0.920376187934179,0.912359476799596,0.9024846512059139,0.9176344520056336,0.981765853956609,0.9163527048220903,0.9997647479471945,0.9631988949207005,0.765860162422747,0.9354957453078971,0.7875780056473727,0.9271458214298683,0.8882754832110074,0.9893117100305694,0.9354957453078971,0.9584336866742438,0.589258017816392,0.8966003305601591,0.9253216361240026,0.9001312905981322,0.8937269373258916,0.7974439991732669,0.8683869765649124,0.93755703133742,0.9321484275979781,0.9281278923411589,0.962731967546085,0.9024846512059141,0.9722183203479302,0.899197534530654,0.8252601200959901,0.89817510482552,0.9098137391625776,0.8432382110731431,0.9421620399028601,0.996225319046196,0.9977901694570488,0.9664656501581603,0.8192003400422487,0.9777237664759431,0.8411759963696496,0.8932967537832142,0.9479215598710831,0.8345965615452763,0.8905634939977792,0.970085689418362,0.8079961319821201,0.9245697225149279,0.8610434789932605,0.8586395319915323,0.9623671370200692,0.8725825827815017,0.9706172773228458,0.9507526530137225,0.9098137391625776,0.9290437380995721,0.9774096618002821,0.932241742150131,0.9652256526804025,0.8526641533903581,0.8587856401289513,0.9149644520716045,0.9574180966633072,0.9970263883896701,0.9642214739412927,0.9098137391625774,0.9009597807163501,0.9176344520056336,0.9291179679746995,0.9176344520056336,0.9176344520056336,0.7374518958671807,0.8955399645501798,0.9846362664950944,0.9176344520056336,0.8528916926457655,0.7888243391005374,0.9763670444959536,0.9863969165646036,0.8527382835752308,0.7799236913735872,0.9483229657337405,0.8422241792803138,0.7435263861913193,0.9859795134306004,0.9975339325533321,0.9291179679746995,0.9245697225149279,0.8726446237792718,0.7999190766084678,0.8783842798904287,0.8567058745534247,0.9223470008110382,0.8989974414143531,0.8202201452691638,0.8561985635661338,0.9231975163531971,0.9584722125679125,0.9738359568456645,0.9595578389535804,0.8955399645501794,0.7598673927962417,0.9072141675815737,0.9676346945421205,0.962608664233859,0.8322563605431144,0.797443999173266,0.9893117100305695,0.9203761879341787,0.9140938852116011,0.8797148954634808,0.9587435477436586,0.9261077324693097,0.8095590150340128,0.9903850005315029,0.7954388517484365,0.9159847227743849,0.9574180966633072,0.8561198850174697,0.9121513639211623,0.9389009867184677,0.8367748293720335,0.7054546392442036,0.8422241792803133,0.8704370441270926,0.9001312905981322,0.9642214739412927,0.7343964098692002,0.9176344520056336,0.9261077324693099,0.9507526530137222,0.9176344520056336,0.9008919498851697,0.7313453781642056,0.6744067172269894,0.9438611769441672,0.8433611864205068,0.9664656501581601,0.7677080359629576,0.9354957453078971,0.8345965615452764,0.8717980029839988,0.7464197170657745,0.912359476799596,0.8567058745534248,0.9621581218278892,0.8625851059964715,0.9977901694570488,0.9994335796186569,0.8327778615805745,0.8070403674382001,0.9046053141970098,0.9271776793409097,0.9418282974804593,0.9218802829549131,0.7775575717654,0.8455205797886557,0.9339524310656604,0.9654282935645837,0.7782566435564253,0.77150513537785,0.9229660919577038,0.9149644520716045,0.8200107221568942,0.7819525210633156,0.9965185747417928,0.8812221998611,0.8905634939977785,0.8955040393396556,0.9917486808400419,0.8910854332944247,0.89153434024503,0.9652256526804025,0.9576422202536797,0.9350596893811606,0.9024846512059137,0.9152209695615849,0.9261077324693099,0.8306286611882316,0.9176344520056336,0.9859683821169072,0.8456406386668989,0.8197172028888539,0.9893082522252976,0.9176344520056336,0.6844201608524129,0.8892800229541535,0.9940211874154162,0.8743307438550614,0.8959401753090641,0.9446358261174745,0.8981657096112032,0.7278595755605926,0.988825383261552,0.8476598553448089,0.7334117895175831,0.8944204818176895,0.9291179679746995,0.9452296953714696,0.8846232616841088,0.983682988822291,0.9951874708791761,0.9389009867184677,0.8601715348988982,0.912359476799596,0.9389009867184677,0.9433231638906059,0.9825455703573396,0.9076027506473456,0.8834954184612107,0.8355200055336254,0.9322417421501312,0.9076027506473454,0.9738359568456643,0.8693268180241231,0.8103542576307946,0.9149644520716045,0.9261077324693099,0.9500993698470401,0.9149644520716045,0.9149644520716045,0.8977823279529108,0.9176344520056336,0.9098137391625776,0.9027145695931778,0.9176344520056336,0.9281278923411589,0.9660328189454452,0.9631988949207005,0.9231975163531971,0.9291179679746995,0.9203761879341787,0.9149644520716045,0.8765169987608157,0.7521977203414172,0.6079802361939541,0.9808877898837196,0.9176344520056336,0.8761017783000717,0.7974439991732669,0.8932967537832142,0.8267526871443306,0.8781745275078814,0.932241742150131,0.8543632839137971,0.8978173148387738,0.8245145631299533,0.9339524310656604,0.9176344520056336,0.8625851059964715,0.9470779087788476,0.97221832034793,0.8058399374907179,0.9024846512059139,0.932241742150131,0.9475307221016045,0.9231975163531971,0.9908342652343985,0.7775328750657969,0.9176344520056336,0.8639120513105902,0.9231673852491009,0.9354957453078971,0.8356925590061295,0.9500993698470401,0.9846566758890424,0.7434636818763701,0.912359476799596,0.8125583586567287,0.7676714435226898,0.9176344520056336,0.9176344520056336,0.8888323841302606,0.8433611864205068,0.9709810743942588,0.9125763467032955,0.6683941027816425,0.8151567783414386,0.899197534530654,0.7773436851343241,0.8910854332944245,0.7693959443776209,0.9176344520056336,0.9654445901625988,0.9261077324693099,0.9389009867184677,0.8628894151567825,0.932241742150131,0.7856024675902527,0.9176344520056336,0.9176344520056336,0.7668332620298088,0.9176344520056336,0.7346968649433749,0.9001312905981322,0.8302740876675132,0.9627319675460853,0.9468476925571214,0.88720715892009,0.7381443351517069,0.8799246367453502,0.9176344520056336,0.9763670444959536,0.7783858154600477,0.9654282935645833,0.9845214236147153,0.9275680761378682,0.9358701742564792,0.882375717680342,0.9827010888654724,0.9444674951746066,0.8132455256424227,0.9176344520056336,0.7768468507400126,0.9882332279592554,0.9123820951287549,0.9906757581594832,0.8456406386668991,0.8644633857793793,0.6831411647054997,0.8861434685414835,0.9291179679746995,0.9762545165794347,0.8863608571465623,0.9903850005315029,0.9902416640337586,0.6990382429759672,0.9225786753593272,0.8075323133064279,0.9291683589350781,0.9149644520716045,0.8907131241980283,0.8542505818539429,0.891030590621342,0.9169796060396695,0.8882462492115563,0.9951874708791761,0.9458638372348812,0.9389009867184677,0.8937269373258914,0.8917348229536437,0.7987077769649197,0.7765306526370804,0.9354957453078969,0.900131290598132,0.9369836237218983,0.8845031805563406,0.9466508604266071,0.5755918128279632,0.91953212096943,0.9983097776654932,0.9654282935645835,0.8494454626389767,0.8955040393396556,0.8619311315046857,0.8693884479417753,0.9176344520056336,0.9446358261174745,0.7765306526370804,0.8900024404386769,0.9354957453078971,0.8910854332944245,0.8932967537832146,0.9857753506288528,0.9176344520056336,0.8055748865397916,0.817824450039218,0.9629590308991041,0.7652672046388416,0.7768468507400126,0.7884641288420242,0.9261077324693099,0.7295178984805729,0.9901701454072507,0.9737213772998116,0.8494140853274333,0.9310028073541696,0.8855749328933995,0.9965185747417931,0.8916829786258776,0.9176344520056336,0.8350818158237849,0.9861817550572929,0.6870103892184729,0.8679755583031026,0.8070403674382001,0.9076027506473453,0.9149644520716045,0.7974723872112671,0.8589152837456833,0.8808481106710588,0.8186351797367005,0.7990745307667422,0.9176344520056336,0.7608035719590829,0.7995051449656034,0.9048043876528449,0.9176344520056336,0.7236777151203178,0.9466508604266068,0.932241742150131,0.9310028073541701,0.9149644520716045,0.9321122216845377,0.6733247392625481,0.8829513350353801,0.9521728905271731,0.9587156021980772,0.8955399645501798,0.8301721818699037,0.9176344520056336,0.8825207683757945,0.9176344520056336,0.9845214236147153,0.9061937812069654,0.5646855739673817,0.9389009867184677,0.9438611769441669,0.8872176027765191,0.9186507630943014,0.8743307438550614,0.9176344520056336,0.9981085474809637,0.6552127551740157,0.7781710647092794,0.8783842798904287,0.891030590621342,0.9261077324693099,0.8783842798904282,0.8763477248373535,0.8932539868674869,0.8111756528934806,0.8367231751574633,0.8932539868674869,0.9048043876528451,0.9261077324693099,0.8373631026438322,0.8932539868674869,0.9389009867184677,0.8753730319516108,0.8093111782833923,0.8605569040332728,0.9152209695615849,0.9693200614415455,0.9325475534270616,0.6710802094240017,0.891030590621342,0.9271458214298683,0.8859404951175812,0.7155243921577449,0.9574180966633072,0.9001312905981322,0.8099943217741106,0.9962253190461958,0.8659812204023998,0.9761931187154043,0.6738654570375557,0.9855626270948088,0.8867504707956384,0.9444674951746068,0.9231975163531971,0.9807000605418201,0.9739852736341184,0.5063734519016001,0.8825207683757947,0.8893613928931103,0.9261077324693099,0.9291179679746995,0.7953771387908495,0.880441550898158,0.7834754916086064,0.0,0.8783842798904284,0.8021988004098524,0.8978173148387738,0.8763477248373532,0.9176344520056336,0.574664766238411,0.8245733265229018,0.9702750930026953,0.8316668837854311,0.7763884628609945,0.9291179679746995,0.985968382116907,0.7987808166564554,0.8889039599111497,0.9500993698470401,0.9610093839868189,0.96174322382792,0.8137727791661158,0.7697110290754069,0.9024846512059139,0.9878337585781132,0.99987174125501,0.982737394563324,0.788725883251399,0.9231975163531969,0.9203761879341785,0.857602219722404,0.9888253832615519,0.969757263765453,0.9649624370614635,0.6932556421703042,0.7945837660607136,0.881023620213696,0.912359476799596,0.7046378675742238,0.9977901694570488,0.8679755583031024,0.8440037465855235,0.7280880047886464,0.9673786919850061,0.9291179679746995,0.6661620591759438,0.9253216361240024,0.8994153895442019,0.9354957453078971,0.7915360751251191,0.9845214236147153,0.7444663186095228,0.9291179679746995
p351_G,0.7780895363491798,0.9133880855304557,0.7979182076048257,0.9504635334903245,0.9250013316406698,0.9443657603723179,0.9547837166256612,0.9015939167077927,0.857978233475194,0.9412650880954541,0.6434808380384078,0.9225701399051964,0.9225701399051964,0.8855707623626499,0.8377784699214963,0.8557494301578146,0.9178801133263084,0.8988405313927081,0.9383021271292231,0.9412650880954541,0.9641624880129099,0.3374468042813763,0.9430450953185581,0.9274978432118415,0.39310369792596245,0.8988405313927079,0.9612320790184805,0.8766235303260079,0.9412650880954541,0.9485741677863703,0.9229204799674604,0.9846299338167082,0.9579335751547247,0.9933102894129492,0.92500133164067,0.8366621051547752,0.4422460342438227,0.9156114273620617,0.9443657603723177,0.8968796530895524,0.9047309153408,0.9008268910150359,0.9443657603723179,0.8714160325350082,0.9178801133263084,0.9862832385481692,0.5187931765066538,0.8530715715896549,0.42545695953343365,0.8402398194588374,0.9327167510955896,0.843427744015268,0.8988405313927079,0.9133880855304557,0.9156114273620617,0.9300679213294081,0.8240555592779341,0.9250013316406696,0.6137076727373996,0.5017086937740931,0.8612853521281927,0.9608277379716906,0.9562080222479259,0.8514489788174839,0.7408530762766697,0.7407789686331632,0.9634568834621733,0.7873083094059599,0.9364349567429127,0.9383021271292233,0.9161402696553049,0.9325461471620269,0.9250013316406698,0.7441003298209858,0.9250013316406696,0.5904092755512406,0.9090636753073353,0.9268615921601945,0.9701338221012196,0.9443657603723177,0.9112065483416407,0.9028404281797042,0.891135011032061,0.8988405313927081,0.9250013316406696,0.8783842798904284,0.9883783616664186,0.9560500854002987,0.8686457104425918,0.9225701399051967,0.9250013316406696,0.927147483653517,0.9818423550403623,0.7857470667779494,0.8911350110320608,0.8530715715896551,0.9841859487687892,0.8379686958030506,0.7754240461932225,0.753026307503315,0.7889303422218399,0.9801704643354423,0.92500133164067,0.8294081886127668,0.5836291568541978,0.44284951165177,0.8220264950934147,0.7007362244615238,0.9069566644903913,0.7474008553057092,0.9445503234794207,0.9745110640206993,0.7150975577583134,0.5798126546692357,0.4185859046750726,0.6800492175355328,0.9547568354430374,0.9383021271292233,0.9443657603723179,0.790425426169032,0.8714160325350082,0.9445770157689457,0.9069566644903913,0.8892617449664433,0.9350783929825499,0.6388783222720578,0.4422460342438227,0.9564659311544543,0.9860598647601156,0.8496288531646405,0.8121302010293374,0.9300668284196516,0.9327167510955896,0.9443657603723179,0.7353041611363142,0.8580451464193863,0.9607330868201176,0.9327167510955896,0.4962382389721034,0.9201981569430602,0.6568336500093335,0.46960594704379555,0.7823800165761563,0.9783157797049854,0.9894012464548819,0.8680005631963956,0.8418271742558863,0.7668230595030054,0.8968796530895526,0.9119859744083145,0.9409091189323958,0.8612853521281925,0.7904637732499996,0.8489877841645428,0.9327167510955896,0.8968796530895524,0.7070643292790089,0.9034363238020657,0.9436307116622982,0.969536210028101,0.8970774510603086,0.9801704643354423,0.9028404281797042,0.7283226930189561,0.8579847912247512,0.844938209705187,0.8402613555369547,0.8505486695981964,0.8911350110320613,0.8364319649404615,0.8855707623626501,0.5292098880866741,0.8949427042733138,0.8469472458956335,0.9286618890601608,0.9392325854233771,0.9383021271292231,0.9573749170745655,0.8620301017857245,0.8574545423984334,0.8629728426006172,0.8608847680773002,0.8949427042733138,0.9225701399051967,0.983664892841698,0.5089749108556249,0.7904254261690322,0.8547004147121713,0.9133880855304557,0.7140026066694527,0.92019815694306,0.8859100247525031,0.9722462494812192,0.7502502771378197,0.8263707808951526,0.9250013316406696,0.9274978432118415,0.9201981569430602,0.8530715715896549,0.9251408375074348,0.8402398194588376,0.9225701399051967,0.9250013316406696,0.846472771497373,0.8513350879318791,0.9412650880954541,0.9250013316406696,0.9929261139568686,0.9054862779423516,0.8825516415825392,0.8334513141467907,0.9150961708719134,0.7119498787560505,0.9250013316406696,0.9904664709392821,0.9250013316406693,0.8679813344683927,0.8259596792675901,0.778365693269876,0.9250013316406696,0.5273346475029865,0.9250013316406696,0.8361856996186663,0.9202277241011811,0.8766235303260079,0.7774802318042814,0.819414992001395,0.7025018769637019,0.9201981569430602,0.6753339846499176,0.9090636753073358,0.8831605748909078,0.9159400191508513,0.8801586131976928,0.9327167510955896,0.9047309153408001,0.9301542901134784,0.8840472914094453,0.8482212456214522,0.7577970273297634,0.8748756693307256,0.9178801133263081,0.8946586272506356,0.9201981569430604,0.9250013316406696,0.8563358498618108,0.9250013316406696,0.9132471386147594,0.8190182445530149,0.9327167510955896,0.8930282606473356,0.6621610827297757,0.9274978432118415,0.8731400424546569,0.5486458396112175,0.9458613626737735,0.8863786272856532,0.8176754985026669,0.9300668284196516,0.9783157797049854,0.8340377649316195,0.7915658006826463,0.9682551375725406,0.989405943369801,0.9777323068038091,0.9443657603723177,0.7539434773645888,0.8030783074479613,0.9376689775178677,0.8323930928014782,0.9709275013312554,0.9327167510955896,0.7763339712752277,0.9643996204775072,0.7630130683145917,0.44284951165177,0.7474008553057092,0.8731400424546574,0.7973011263888934,0.8821985066105542,0.44284951165177,0.8249735439337957,0.7666341889191584,0.935457747299095,0.8767292272696672,0.8520841110021091,0.9300668284196516,0.8035136433289135,0.7355093993994388,0.5906461013560697,0.9300668284196516,0.9801704643354423,0.647990109586154,0.9945610690582234,0.9461040422097595,0.7857470667779491,0.81978104447317,0.9928350743984661,0.9383021271292231,0.7458851937597699,0.9604543706205496,0.9201981569430602,0.9327167510955896,0.7283226930189561,0.849832308499898,0.9801704643354423,0.8968796530895524,0.8449382097051857,0.820226813646332,0.8663080297186969,0.8292256120116166,0.9751462953005143,0.8209980916899582,0.7571875883253987,0.9758758099049036,0.9409091189323958,0.8579782334751942,0.9412650880954538,0.6137169972448747,0.8748756693307258,0.9587827127195979,0.9300668284196516,0.9250013316406696,0.9327167510955894,0.8942611762094798,0.8474944374784016,0.44284951165177,0.9354577472990953,0.9682551375725403,0.9250013316406696,0.6264169104538444,0.9383021271292231,0.9443657603723179,0.7495121798568641,0.8039875215214503,0.7973011263888933,0.9327167510955896,0.7539434773645888,0.7919362416980903,0.945842199911705,0.9156114273620619,0.977880845371545,0.9300668284196516,0.9117913875450325,0.8269886719065143,0.9133880855304555,0.8680005631963954,0.9443657603723179,0.6942570567415953,0.9616775150656098,0.7125566066443654,0.5618962983676252,0.9225701399051969,0.9485295003952046,0.7199442674365513,0.7150975577583136,0.7168571340288865,0.8133505208512051,0.9250013316406696,0.8283614393477392,0.8783842798904284,0.8620301017857246,0.7150015447937328,0.9412650880954538,0.7715924205036864,0.9250013316406696,0.9250013316406696,0.8968796530895526,0.8859100247525029,0.9387941835520887,0.9250013316406693,0.9412650880954538,0.6988689831026902,0.5569458435374637,0.8312762491198606,0.6895993906613842,0.98096624704517,0.8468659571149424,0.9883783616664183,0.7844998909274941,0.6293279027345686,0.9250013316406696,0.8332588834442716,0.8449382097051866,0.6903978746649031,0.6741910630370178,0.6807867690580802,0.7504840201876128,0.9801704643354423,0.6989031042017531,0.9250013316406696,0.8125005828935835,0.8988405313927084,0.893923474262479,0.9588076656426445,0.9274978432118417,0.7869968572042474,0.9579335751547247,0.9250013316406696,0.8881270742710539,0.9356755451587003,0.9250013316406696,0.8874073419940796,0.6970610052201984,0.7396612196174772,0.820226813646332,0.707982229637204,0.9250013316406696,0.6943636702451635,0.7873083094059599,0.935457747299095,0.7797240962320702,0.7996582257849203,0.862950883922202,0.8646249603464986,0.9146528181222578,0.4185859046750726,0.8767292272696672,0.8323574432143279,0.9048830033154056,0.8046428281148683,0.9970697482181433,0.8639384770194738,0.9048830033154058,0.39241187352986606,0.9562080222479259,0.9250013316406696,0.9945610690582234,0.9646927823057021,0.8059011127113251,0.9112065483416407,0.3801285719622731,0.9201981569430602,0.9258087497995552,0.9274978432118417,0.9201981569430604,0.951689513216182,0.92500133164067,0.9133880855304557,0.7913076904741455,0.9464992275836439,0.9383021271292231,0.7948436229548839,0.9412650880954538,0.9133880855304555,0.9806307206751371,0.9297541860267502,0.9883783616664183,0.7641704294741707,0.8285038328816572,0.9075611147669862,0.8919315298783146,0.9008268910150359,0.909063675307336,0.7834154100189421,0.9300668284196516,0.8801586131976928,0.6880019323703837,0.8459998046105153,0.9403227338586295,0.8514489788174839,0.9112065483416407,0.8892617449664437,0.7878251630597815,0.8658857945556888,0.9441063970569612,0.9178801133263084,0.9309833026803465,0.6732772904197155,0.8855707623626501,0.9028404281797042,0.904883003315406,0.8156559105641374,0.9112065483416407,0.6918791273800404,0.9028404281797042,0.4823015498251323,0.8593793363935589,0.9300668284196516,0.8609834943545883,0.8892982456733957,0.9722183203479302,0.9056312245600875,0.9383021271292233,0.6630180216590016,0.8402398194588374,0.935457747299095,0.8449382097051857,0.9612320790184805,0.9612320790184805,0.9327167510955896,0.9383021271292233,0.8892617449664431,0.7783820630049114,0.9486207825562716,0.5292098880866741,0.9682551375725406,0.9260247400364245,0.8629508839222022,0.9178801133263081,0.9513167995337415,0.9250013316406696,0.4711120959231432,0.9250013316406696,0.9250013316406696,0.7323775850440064,0.9048830033154058,0.835146417676252,0.9250013316406696,0.9026810849845053,0.7604148959042947,0.9054862779423516,0.9751145836903817,0.8821440115044542,0.7564571659220006,0.9464992275836439,0.8942611762094798,0.763626390598535,0.9156114273620619,0.8323574432143274,0.9354577472990953,0.8783842798904284,0.9747717691648857,0.7873083094059601,0.5048810250152534,0.9579335751547247,0.9201981569430602,0.7325436578661471,0.9354577472990953,0.6493953796102142,0.4185859046750726,0.9285970712663533,0.9090636753073353,0.9745110640206995,0.9048830033154056,0.7981149231751687,0.6807867690580791,0.8612853521281929,0.9048830033154056,0.8300272732580977,0.9300668284196516,0.909063675307336,0.9274978432118417,0.7936008627238459,0.788867719308608,0.9985803386822734,0.9327167510955896,0.8098799271477509,0.9178801133263084,0.9566075639510581,0.7033129705598219,0.9682551375725403,0.8517492676755976,0.8911350110320613,0.8696248121856338,0.8176355201439716,0.8165113832618183,0.8563358498618108,0.6795140257346721,0.9719642951540399,0.8629508839222022,0.8752367259256744,0.9250013316406696,0.39241187352986606,0.8766235303260079,0.92500133164067,0.9790517881887422,0.9090636753073351,0.9201981569430604,0.7335075790888992,0.6398945377235452,0.9430450953185581,0.7115556025011194,0.9412650880954541,0.6569198337674953,0.9112065483416407,0.8258365720047516,0.9201981569430602,0.9156114273620615,0.965542747662913,0.9054862779423516,0.8347834320678187,0.8598073208712143,0.9581169335686853,0.8906406273601735,0.7981930316589163,0.9434241618923718,0.7506815672849729,0.79836493191444,0.8892617449664431,0.9412650880954541,0.8208445875604118,0.9274978432118419,0.91829183610454,0.8563358498618108,0.8418271742558858,0.9225701399051967,0.6727553770295231,0.7852113668973699,0.9316279546663166,0.8214342607350607,0.9300668284196516,0.9339476391945685,0.752125456382251,0.9376689775178677,0.8703186663040019,0.6058572300183042,0.945842199911705,0.849832308499898,0.9112065483416407,0.9225701399051962,0.4962382389721034,0.9936310971469994,0.9250013316406696,0.9117913875450325,0.984565760980326,0.8562537677780576,0.9779557555761356,0.9250013316406693,0.8276633667988738,0.9279836843766316,0.8612853521281925,0.8520841110021093,0.7509766886424828,0.8402398194588376,0.8489877841645423,0.8454583170176253,0.8930282606473359,0.9115554718887856,0.801380913087377,0.8643441101315115,0.4711120959231432,0.7834154100189422,0.824055559277934,0.9801704643354423,0.8496288531646414,0.9443657603723179,0.8930282606473356,0.9646668607340485,0.9316279546663166,0.9133880855304555,0.8949427042733138,0.92500133164067,0.8040328353843711,0.7984007224801155,0.9383021271292233,0.92500133164067,0.9090636753073356,0.839631765744419,0.707982229637204,0.9225701399051969,0.9846299338167082,0.9178801133263084,0.9225701399051969,0.9225701399051967,0.8801586131976926,0.9250013316406696,0.9178801133263084,0.9488661441906703,0.9250013316406696,0.9472303491045945,0.9414072100396405,0.9383021271292231,0.4185859046750726,0.9354577472990953,0.9274978432118417,0.9225701399051969,0.8551771082849593,0.7904254261690322,0.9048830033154058,0.765226516662888,0.9250013316406696,0.8506649151829043,0.9300668284196516,0.9403227338586295,0.9179152107177713,0.5286749102972854,0.9383021271292231,0.9274978432118417,0.9069566644903915,0.9054862779423518,0.9847277353330188,0.5578203511314521,0.874875669330726,0.8837510389154051,0.6731747000203383,0.9964586690195034,0.9112065483416407,0.949179989012776,0.8177883943306521,0.4686895405908632,0.862950883922202,0.7668230595030052,0.9250013316406696,0.9250013316406698,0.8299627240307671,0.9412650880954541,0.9730796034818716,0.5185443326754529,0.9112065483416409,0.7823800165761563,0.9201981569430602,0.9139636780047001,0.7223577492831692,0.9250013316406696,0.9250013316406696,0.8731400424546572,0.5978653035862018,0.8840472914094453,0.8152943545241977,0.7715924205036864,0.9535187198781387,0.9373413118403435,0.7043761956435881,0.7675943304594783,0.7648619995254091,0.9250013316406696,0.9013056516233546,0.39241187352986606,0.9443657603723177,0.9398131209030189,0.44284951165177,0.9398131209030187,0.9250013316406696,0.9250013316406696,0.6662195392579808,0.9339500363880902,0.7184660458256742,0.6150482065381659,0.9882143065004805,0.8785401016887857,0.9276398400468784,0.6067285637564785,0.7555676953572028,0.9577223196078727,0.9250013316406693,0.8496288531646414,0.7306794529803196,0.4907272744395407,0.9383021271292231,0.9076487407666445,0.8394474396357386,0.8680005631963956,0.871391612222901,0.9274978432118417,0.8714881196176744,0.9250013316406696,0.7441003298209858,0.9339476391945684,0.8514489788174839,0.6461073824692773,0.9925251219097544,0.9133880855304555,0.8596279378142861,0.7519515824477239,0.935457747299095,0.8059382227955849,0.8193056753381227,0.9178801133263084,0.9409091189323959,0.8855707623626499,0.8988405313927081,0.7238228863394933,0.9327167510955894,0.9225701399051967,0.9206831675258292,0.9300679213294081,0.8748756693307256,0.9809187311351042,0.9443657603723179,0.8190182445530148,0.9443657603723177,0.9443657603723179,0.6171467607331358,0.9139500985208797,0.846615487216902,0.9250013316406698,0.999822015418471,0.5357335201790827,0.9090636753073353,0.5739611184865265,0.9156114273620624,0.9225701399051964,0.894942704273314,0.8434187276799099,0.9274978432118415,0.9787882381144273,0.8783842798904284,0.7806467270291257,0.9297541860267501,0.9250013316406696,0.9271474836535168,0.92500133164067,0.6895993906613844,0.9412650880954541,0.9008268910150359,0.9028404281797042,0.7682412512845238,0.9250013316406696,0.7115556025011194,0.8176355201439716,0.722336515031044,0.713330430820911,0.7441003298209856,0.7238228863394933,0.44432505625098473,0.7581727381433545,0.9474362202702882,0.8764727087461694,0.8445275759642514,0.9430450953185581,0.7799173608056179,0.9443657603723179,0.9430450953185581,0.9339500363880903,0.5853323973349449,0.9961208646930241,0.7620225581106224,0.8665497346618454,0.8292187625234384,0.9250013316406698,0.9225701399051969,0.7668230595030052,0.9564659311544543,0.8350755865686449,0.8719181918019343,0.8370249407881591,0.9250013316406696,0.6877098019706112,0.7014466198699336,0.8855707623626499,0.9250013316406696,0.763626390598535,0.9156114273620617,0.44284951165177,0.9048830033154058,0.9225701399051969,0.7948436229548839,0.8988405313927084,0.8579847912247509,0.9300679213294081,0.8753606985008374,0.9430450953185583,0.8042273120224741,0.9250013316406696,0.8930282606473359,0.9250013316406696,0.9383021271292233,0.9437912838734959,0.8292256120116166,0.9443657603723177,0.891135011032061,0.8096845465459637,0.8596279378142861,0.4913595618786534,0.9250013316406696,0.9839074593874426,0.7771688973305431,0.7387252584217368,0.8414683750254219,0.905486277942352,0.9846299338167082,0.8892617449664435,0.8874073419940798,0.8449382097051857,0.841827174255886,0.8572820735704045,0.8449382097051857,0.9183639031920552,0.9327167510955896,0.81978104447317,0.8449382097051857,0.9443657603723177,0.8112565758885603,0.9759790834075597,0.6450666846590862,0.9225701399051964,0.8874073419940798,0.8347834320678187,0.8402398194588376,0.6659652014948872,0.9430450953185581,0.8731400424546574,0.9325461471620271,0.9225701399051964,0.9090636753073356,0.9065590214412778,0.7537046885138947,0.8978167582023848,0.9718319132336566,0.899405734482837,0.8935154426967946,0.8891213824756008,0.9274978432118415,0.5187931765066538,0.9921908742040846,0.9742985285333188,0.726244365957699,0.9276398400468784,0.8530715715896549,0.4962382389721034,0.4171638998524373,0.8373352913291288,0.8911350110320606,0.7832509392320799,0.8783842798904284,0.0,0.7826185692953933,0.906956664490391,0.8874073419940802,0.5578203511314523,0.8012467223931807,0.9874098650038853,0.7986514617990043,0.8530715715896549,0.7779088859483321,0.7948012723473757,0.9933102894129492,0.816778116984666,0.8988405313927079,0.64860022975197,0.6993841781908059,0.9047309153407995,0.9783157797049856,0.8474876022136046,0.6434808380384079,0.9640451006177564,0.9682551375725406,0.9758281085899716,0.9240687457590013,0.6691040842540233,0.4422460342438227,0.8323574432143279,0.893028260647335,0.9300668284196516,0.9349923413419473,0.8436803360653844,0.9924469887988041,0.857458324101998,0.5017086937740938,0.8154764414346682,0.9403227338586295,0.921972617757114,0.9300668284196516,0.8144169153550598,0.6098895979942691,0.4711120959231432,0.841827174255886,0.9886468494764689,0.9759790834075597,0.9412650880954541,0.9944954042872559,0.9383021271292233,0.9388648096370924,0.4711120959231432
p351_GAP,0.3487003288045045,0.8570482934630714,0.6863875396524886,0.8612045594090734,0.8527760996057683,0.8907888642207369,0.5142967178451507,0.5698181480566009,0.7394852946441315,0.729807133414448,0.9316551647701914,0.9077906697452556,0.8480036211373803,0.775373095914264,0.7601344968001362,0.9075353636025228,0.8387970042600206,0.8014219204690636,0.9525107890657616,0.8847021819311651,0.7235404125038605,0.821490158403527,0.8382544005945729,0.8250910195763217,0.9191315085911913,0.8014219204690634,0.8387970042600206,0.7982969007350016,0.8847021819311651,0.6219161343397454,0.7826185692953933,0.8679216237887915,0.8343435279019362,0.7854475294144461,0.9143052801998224,0.9156983093954272,0.8576768022305963,0.8343435279019364,0.7440708737294037,0.8209106927841567,0.7083913458136029,0.9053917765386171,0.9063554346404523,0.9634751323640338,0.9522647163066622,0.7142035224336432,0.9282894047452506,0.7472922667488597,0.8909247408413743,0.9584609106773334,0.7244518724731197,0.7640981895786374,0.8014219204690634,0.7098440189971256,0.9728089124081463,0.8857057542529405,0.861472041151043,0.6549904556417999,0.8955473490909664,0.8433473706866226,0.7834401014113546,0.9918575880586079,0.8903235787294869,0.9370725126411357,0.8733022546836289,0.8586305182473895,0.9962028749651789,0.6613815880868741,0.60998940476152,0.9893232687360962,0.9625430839211495,0.9142627568604467,0.9318717683150427,0.9834575984119115,0.6549904556417999,0.7366024258797719,0.9968641222380944,0.9316551647701914,0.9499117293076365,0.9719311446762613,0.7239796994056091,0.8583261472337576,0.7894663132769308,0.8251338051460984,0.6549904556417999,0.8840646298119641,0.9968641222380945,0.9270573081540348,0.9476846307218514,0.673699989999619,0.6549904556417999,0.8893312823211612,0.8956026468942946,0.9998248118986979,0.767138004944558,0.6098244391818435,0.897380434562326,0.7895993357749107,0.9921109414476865,0.9205242459853327,0.954657264597309,0.961074221084093,0.9143052801998224,0.9397887812401935,0.9774653076924176,0.8788858297250928,0.8621446772533035,0.923901128624555,0.9790910364418287,0.9478023243620014,0.8433558165950721,0.9294990297839733,0.9082007549130644,0.8520100975847349,0.8627197720675652,0.9148927652175053,0.9111867544055468,0.7529893735715617,0.8907888642207369,0.793460488953144,0.7421320627454273,0.9454784294454577,0.8936871448494461,0.8209447719540566,0.9199813438542368,0.9266749165770471,0.8894000200499044,0.8110899258143527,0.9726352330389936,0.8745568979467335,0.8007497648997359,0.9610742210840928,0.8679216237887915,0.9719311446762611,0.9806316443183225,0.9533857212213344,0.7962190282912842,0.8679216237887915,0.9358593744118062,0.6910901574594789,0.847066040342833,0.8847021819311647,0.7361349725402855,0.9351300428625227,0.9712613747702985,0.7986386100683975,0.9871461975977659,0.8932766839783672,0.7356670028534671,0.9727431420201453,0.9611015442070799,0.9506593699172059,0.8940389712591517,0.7355474688428405,0.9698282497233137,0.8209106927841567,0.9888534177305102,0.8699157658091232,0.9622780295257004,0.9075353636025228,0.7846046724070044,0.9938590374229357,0.8828523215358635,0.601637431455678,0.8243905244522505,0.8995154056724097,0.9588782372193382,0.7970253811999186,0.9904210882682871,0.8826738684452651,0.9255781570301804,0.8480036211373803,0.8397380806900288,0.896118680072743,0.7208843563227112,0.9459038786955714,0.9156983093954272,0.7481932845220354,0.9567267030692364,0.9513788618124269,0.9448050966443469,0.8597937688184183,0.9546572645973088,0.9726352330389936,0.9532535034055423,0.9087808855378823,0.8373589766392586,0.6914536137247165,0.628636327583413,0.9093850586945158,0.7492854664412163,0.9770848658917581,0.7288239598919044,0.8552828698752877,0.8635414428540704,0.6549904556417999,0.8250910195763217,0.9306403341592286,0.7169716548600594,0.7727926187713616,0.8216833680982705,0.9726352330389935,0.6549904556417999,0.8161687034207126,0.9462856053886735,0.7298071334144478,0.6549904556417999,0.8756915736245707,0.8745568979467342,0.8022905758393089,0.979376305862182,0.9087056089419833,0.9675777183531311,0.6549904556417999,0.5450528965007357,0.6549904556418,0.9775123209897574,0.8675384359006806,0.8282233489623911,0.6549904556417999,0.982006438218668,0.6549904556417999,0.897272557475161,0.8434054116150467,0.8590280036974465,0.8121213438799926,0.9282894047452503,0.8712866797919563,0.6619925029686099,0.8881963720527786,0.6335726835213376,0.9750209551913045,0.901193149997439,0.9661693714407507,0.8679216237887912,0.7775312489457671,0.8965084436298105,0.989974968947223,0.9292493393764332,0.874556897946734,0.874556897946734,0.7924329315883942,0.8474876248107777,0.959737988650097,0.6549904556417999,0.8105652602158294,0.6549904556417999,0.7895538686913861,0.8945866455490643,0.9282651243421642,0.9155670242717396,0.8052951850756267,0.8250910195763217,0.9714916687500657,0.8173540536242108,0.893724761738329,0.9051655389375608,0.9081122825161758,0.8094320645440077,0.9197819686577302,0.7356050782002197,0.774322388524679,0.673699989999619,0.9792036529152424,0.8055729718701987,0.7440708737294037,0.9172667165619417,0.9170999155872681,0.7366410038211224,0.7626930660478175,0.9482378338041932,0.8263584984076425,0.7407056070460225,0.7381044110514197,0.8844849787352225,0.8788858297250928,0.9836908134802764,0.7906194830887161,0.9809570187442864,0.9306912187278038,0.8788858297250928,0.9581920659375764,0.9338432773777878,0.9792036529152421,0.8108161786537491,0.9041202911564779,0.961074221084093,0.9096390789868476,0.9048112443252391,0.8433473706866228,0.961074221084093,0.9282894047452503,0.6684407566310011,0.9893232687360964,0.9738812841924953,0.956684741953075,0.7658286209485441,0.8589674756615985,0.9525107890657616,0.9143052801998222,0.9376007728795193,0.9306403341592284,0.9698282497233137,0.8944481939609523,0.9075881164980932,0.961074221084093,0.7975726767650844,0.9602465086348548,0.9222151596516264,0.7283394081053114,0.8966473572582768,0.8256596844010875,0.9276749859090567,0.9223383651779762,0.9988824478517395,0.9996506126725186,0.922254195603845,0.9996506126725186,0.9303376705822479,0.8850861308252996,0.9283101874592719,0.9733561462382215,0.6549904556417999,0.867921623788791,0.9718422625075005,0.8725575745001677,0.8788858297250928,0.8442940166987357,0.9726352330389936,0.6549904556417999,0.842798417365956,0.9738642515935688,0.9719311446762611,0.989588766956165,0.9957301802032739,0.931904670140075,0.8942962490306567,0.8342832316618727,0.6959619924178435,0.8773135814748487,0.8620366048031785,0.7632617718353676,0.8094320645440077,0.7854475294144461,0.7629271893893141,0.857048293463071,0.8948988932390509,0.9874977150959767,0.8605885239896688,0.8475433042006468,0.9307388360590545,0.9238977882950017,0.6438064656956815,0.9413495126013214,0.831155824038331,0.8113172439443904,0.992325784389509,0.7043436639300276,0.6549904556417999,0.8654201480266892,0.8294049672806447,0.9148452373263043,0.9659304592140758,0.9618003188620423,0.8543891273348373,0.6549904556417999,0.6549904556417999,0.8523570829488288,0.7853155628606172,0.9146233340186616,0.6549904556418,0.9996506126725186,0.9143052801998222,0.8826624252827757,0.771961116990159,0.9992006786516172,0.9450698704968492,0.931119512007643,0.9512371008023686,0.7204349008763622,0.7516785390879006,0.6549904556417999,0.7675349666732878,0.8792717046849281,0.8423097874738736,0.8211853262730732,0.9528539653207699,0.9722213930845789,0.9610742210840928,0.848338458494247,0.6549904556417999,0.6646918538920716,0.8428998093754176,0.7384591172509334,0.8230587046024089,0.8885374552149388,0.8130984116105975,0.8897296817044202,0.6549904556417999,0.9939696720625568,0.8870616742484337,0.6549904556417999,0.8080670482348331,0.8162312966603467,0.8932766839783672,0.720332393143694,0.8944481939609523,0.6549904556417999,0.9267832870288495,0.9896323371547098,0.950195414930349,0.9699573308710313,0.9760505640537417,0.7818092756198065,0.8854896642033434,0.8724716735316376,0.8627197720675652,0.9779870427101326,0.8844007632887303,0.8881963720527786,0.9191483803552769,0.9632891659993059,0.7474082645031248,0.712267856281577,0.8679216237887912,0.8725575745001679,0.6549904556417999,0.9525107890657616,0.8767119090781639,0.9782169957590704,0.9051655389375606,0.9032510310536797,0.6619925029686105,0.760518257058379,0.9519838908535548,0.6619925029686105,0.9623863318992857,0.9626363586120699,0.9805363237095028,0.7761710763903786,0.8857004154119024,0.9525107890657616,0.9800821483199362,0.8840034072762031,0.9382559848767844,0.9131673577818813,0.9950981753921766,0.9512371008023688,0.9996506126725188,0.8582334287386861,0.9992660893901819,0.8739010178987188,0.5678902311036274,0.8993383238428325,0.844913317429443,0.9282894047452503,0.9040735966545497,0.9547993197183988,0.8002641347932273,0.9564308444421807,0.8679326095089703,0.8829174544013934,0.8046428281148681,0.9189287612189209,0.9478884683257527,0.9087056089419834,0.9342675716466964,0.8914038819571546,0.9017896614229897,0.859843184232796,0.7247288896304453,0.7122678562815774,0.7141963757705723,0.9358967060666548,0.8576012214696282,0.7983074125367626,0.9146163931513946,0.8299406890160326,0.8955045884064077,0.9051905732265269,0.8916525662878767,0.9863969165646038,0.8838920914093462,0.8788858297250923,0.9372776088146744,0.9246369535658882,0.9792036529152421,0.9804902096223365,0.9522647163066622,0.8671639322716811,0.8942962490306569,0.7529893735715617,0.8927398633927683,0.7125264993311025,0.8064656364224132,0.84800362113738,0.9974712426570689,0.9413720897141843,0.7630700099815497,0.6222313635184313,0.9197819686577301,0.6549904556417999,0.8733022546836291,0.6549904556417999,0.6549904556417999,0.998408035743928,0.5624419419069605,0.9096390789868476,0.6549904556417999,0.9233822442209749,0.9610702218865559,0.7048184024043243,0.8502699407871821,0.7675349666732878,0.8242325133294535,0.9680844638203282,0.5567073700597163,0.8854024260146625,0.7779533954806772,0.8200025618933531,0.808993550621532,0.8431317151109079,0.7987558466263953,0.9896323371547098,0.8707156045732933,0.8887257030856444,0.8656760844046909,0.8248728685306257,0.9086027207608334,0.8551148165986491,0.8627197720675652,0.9437288288255894,0.73737023744041,0.9777135362746857,0.938138343510984,0.9829921479214843,0.8876506053813888,0.8020200201342274,0.9869486993017075,0.9385696325734338,0.9733561462382216,0.7114208489606424,0.9845696735078291,0.9293879778494274,0.8918578089440057,0.8294970509385431,0.7584207477846285,0.8189257281788584,0.6789652195417536,0.9016200267430134,0.763717567233767,0.9974712426570687,0.8423097874738735,0.8979373700698488,0.9313600044484991,0.7441696168781446,0.8666574789676607,0.6111054893788833,0.6300853915367959,0.9252877123226004,0.6693736817902627,0.9555631100442409,0.6549904556417999,0.8679216237887912,0.89951540567241,0.9934009489090969,0.8489969579541818,0.970914733758326,0.9820667023681657,0.9202656784022216,0.785596999849365,0.9370067278435019,0.8996282782550277,0.8847021819311651,0.7991226919678671,0.9316551647701914,0.8303069199946267,0.6328948484777419,0.972808912408146,0.6877068671891959,0.8945866455490639,0.931904670140075,0.786739120636993,0.8912423718167335,0.8663545029226101,0.741339508800709,0.92477218824995,0.843133941373998,0.7012086465491965,0.7989205131345817,0.9232512503966039,0.9191315085911911,0.9845696735078289,0.965157215804664,0.9718422625075005,0.8850355913144186,0.673699989999619,0.6741981521840745,0.7072300567674425,0.9469265748682144,0.7328694141700488,0.961074221084093,0.8635981724614363,0.9992660893901819,0.8294284377624637,0.9073708523232766,0.8046428281148683,0.9536466727000836,0.8547889218390639,0.8521862872722996,0.9128481844311183,0.9018904991002987,0.9874977150959767,0.6549904556417999,0.8833750050591496,0.8497794518767174,0.9983052447060875,0.8729637715833722,0.6549904556418,0.8232832535436587,0.885851750626746,0.9192811990226873,0.7954695866116879,0.7577621847401026,0.9738911750997752,0.8965963061070126,0.9609162117468188,0.9485465172223244,0.9378611177455597,0.9970128096606148,0.8681726789317894,0.8733022546836291,0.8267806109897204,0.861472041151043,0.961074221084093,0.9346461407537252,0.8907888642207369,0.8702715381030934,0.9888356431409657,0.8907888642207369,0.9382559848767844,0.9776411013787649,0.9450698704968492,0.9522799163257802,0.7622300312993111,0.8266143329122304,0.9143052801998222,0.8930665683190209,0.8395458167799932,0.9609960945303329,0.6438064656956815,0.9698282497233137,0.6789652195417519,0.6438064656956815,0.673699989999619,0.759183455486748,0.6549904556417999,0.7356990755650732,0.669373681790264,0.6549904556417999,0.9073784958379691,0.8124659874018105,0.9893232687360964,0.8627197720675652,0.950195414930349,0.9837071086728629,0.673699989999619,0.939455590696118,0.9836872689263081,0.9131673577818815,0.8305082939221753,0.6549904556417999,0.8996232085298179,0.9405713298993787,0.9945168069536078,0.9316000559021886,0.8854896642033441,0.9525107890657618,0.8894000200499046,0.6992030352826343,0.9146163931513942,0.8773135814748487,0.9143052801998224,0.6847886548019957,0.9314890594797098,0.9588126398511934,0.9372661358320973,0.9846344164354528,0.9893232687360964,0.9376007728795193,0.8955045884064077,0.9692019320023806,0.9073169930416265,0.6549904556417999,0.9143052801998224,0.7550871737192419,0.7298071334144483,0.8358306873293739,0.8671639322716809,0.882917454401393,0.967515447764816,0.6619925029686105,0.9041991180134359,0.9505509307450879,0.6549904556417999,0.6549904556417999,0.8327231739893568,0.9506054704167594,0.8993114367486104,0.9710144901568524,0.9193329437817408,0.814544350847396,0.6897336132482452,0.889268704746898,0.925857450743889,0.9379366918275189,0.6549904556417999,0.9134082169367891,0.8679216237887912,0.7440708737294037,0.7993477057299812,0.8788858297250928,0.8956026468942944,0.6549904556417999,0.6549904556417999,0.8106191751675415,0.9758344607938763,0.9320647760043593,0.8993383238428323,0.7897528958727997,0.7970253811999186,0.689089593428514,0.9388398378180227,0.9266306456580139,0.7820649830657287,0.6549904556418,0.8945866455490639,0.8810068778882187,0.8894000200499044,0.9525107890657618,0.9349568243225429,0.8606120101483974,0.7200599740783349,0.9659304592140758,0.8576768022305967,0.7825001714428654,0.6549904556417999,0.9971122989746479,0.8908043393322288,0.992020259049812,0.8469884850340106,0.8347890987175954,0.9923944458192595,0.9807391101792233,0.807605831345098,0.87959448277594,0.7555176601436189,0.9715499941822139,0.8775337156233757,0.8847021819311651,0.9671325136013079,0.7717641553443129,0.9949294682865619,0.8263584984076425,0.6438064656956815,0.796504107522453,0.7925205308066757,0.9652051212346219,0.9837366552409776,0.9719311446762611,0.8745568979467335,0.9469265748682146,0.8907888642207369,0.9718422625075005,0.812925235344637,0.8551148165986484,0.9758344607938763,0.9232512503966039,0.9512371008023688,0.8930665683190206,0.7893168778079713,0.8343435279019364,0.9675777183531311,0.9993750618397791,0.9476846307218514,0.8568142373956298,0.9847642311732432,0.849871424631172,0.9770907745521813,0.9552005373957111,0.6549904556417999,0.8724193037654386,0.9626363586120699,0.8155965649280799,0.729807133414448,0.9740719572346017,0.8092737986295462,0.9169269049133733,0.6549904556417999,0.8196370104438258,0.7041381686524901,0.969990632651502,0.9088911651661846,0.8742199939100195,0.9110831558731514,0.9018904991002987,0.999795029448142,0.741250162893126,0.7441696168781446,0.9609960945303331,0.938138343510984,0.9957481875333094,0.9874977150959767,0.9631093292400867,0.8527760996057683,0.9603873111571228,0.8756950989679011,0.8396473559281139,0.7199017280172177,0.7591790709841097,0.9758344607938763,0.6438064656956815,0.9073169930416265,0.7603239711111907,0.9018891863395118,0.8159151172609037,0.8427414037884463,0.6549904556417999,0.7931791149640229,0.7675517574308481,0.9041202911564781,0.6549904556417999,0.9329051049879507,0.917422758605662,0.8788858297250928,0.7622098277397829,0.6438064656956815,0.8808355626366948,0.8725575745001677,0.8086036233131104,0.8857057542529407,0.9043938642775051,0.8881963720527788,0.6726870368341502,0.6549904556417999,0.9938420033909696,0.6549904556417999,0.7898018532418964,0.9447054768957331,0.6972542957864709,0.7440708737294037,0.6108398466179481,0.8260506236476495,0.8350020883561216,0.8612045594090734,0.6549904556417999,0.824944051375015,0.9961521931798831,0.8537142585973574,0.9588126398511934,0.9251456260299604,0.9962028749651789,0.8649932895930065,0.7428636882954525,0.6551231726029946,0.8086325898355398,0.7897211895322469,0.6551231726029946,0.9041202911564781,0.9358593744118064,0.7821604217209908,0.6551231726029946,0.7440708737294037,0.8962694591772022,0.9845696735078289,0.7984922224934377,0.8480036211373803,0.7428636882954524,0.8337999729316519,0.6863875396524888,0.7744081599350809,0.8382544005945729,0.7509713417285131,0.9457091470251184,0.8778971454413178,0.9449653452785576,0.6469636987094676,0.7753730959142642,0.7327670833457913,0.8758583745992439,0.8864981402271505,0.7342560636100548,0.8675867248223019,0.85681423739563,0.8955045884064079,0.7687532897788847,0.7782676979655128,0.7900123156320664,0.9485465172223244,0.7472922667488595,0.8679216237887912,0.8733022546836291,0.1583632108146561,0.7862958284079851,0.688206580295512,0.8021988004098524,0.7826185692953933,0.0,0.817354053624211,0.7789783388157536,0.8527760996057683,0.5542984138052922,0.6464227986924458,0.7672132624370078,0.7115765281894542,0.42134114841187587,0.9854958810075534,0.8475433042006468,0.2196100019525593,0.8251338051460981,0.8387970042600208,0.8309524450727304,0.8324789953544443,0.3128143211026365,0.4890401546049552,0.8256966614396686,0.393419496408543,0.8480036211373803,0.9666581387210824,0.484171109194231,0.862719772067565,0.8576768022305963,0.851556688308962,0.7900123156320662,0.862719772067565,0.9340142995248177,0.9461367515284633,0.4831654785252143,0.8433473706866228,0.8433473706866228,0.9408572270575124,0.9809570187442864,0.7179843723513855,0.8627197720675652,0.767819820045555,0.8092737986295462,0.8733022546836291,0.7235404179327505,0.8776429442531761,0.9211232378692127,0.729807133414448,0.7168332186312043,0.716176893901227,0.48497915336258013,0.8733022546836291
p351_T,0.8624818946946731,0.9771865070849176,0.7460597131433113,0.9796265153694581,0.9913026731221013,0.9751129258825253,0.8272357691288841,0.8549018004352382,0.8806719604852848,0.9506503681784946,0.9253948970823005,0.9594986384506097,0.9877220281917203,0.5278616623540144,0.9570748126121906,0.944333525273533,0.8185778635188606,0.959399639117395,0.5968721437737143,0.9506503681784948,0.9770964061020024,0.9694100907323093,0.9917417854198087,0.9950927970641263,0.9218241042345277,0.9150048519840785,0.3177377703140475,0.96782156151872,0.9506503681784946,0.836054815881873,0.9069566644903915,0.943467974097185,0.9290959183459289,0.9358530937879614,0.9369854052620168,0.9868438546677247,0.9390829980374291,0.43527853299267794,0.953255582527178,0.46856656338437075,0.9996217758139353,0.9556365193397718,0.953255582527178,0.9959171885245304,0.9810860991992141,0.7375040200497078,0.9412414838519028,0.9396082402244852,0.995767454475303,0.9254867932704707,0.943467974097185,0.7576751836513982,0.9150048519840785,0.9272278453848009,0.9242212627322116,0.9928893498778073,0.9928893498778073,0.9369854052620166,0.8533756651547063,0.9329497321807896,0.8834506330434524,0.8633540906453023,0.9593996391173951,0.9377821213923416,0.9295775988190449,0.9023530103388624,0.943467974097185,0.9496614918437896,0.889388440135999,0.9868438546677247,0.5363900990009101,0.995767454475303,0.9913026731221011,0.8814243896601137,0.9369854052620166,0.9171338879258173,0.9847742533056744,0.9721643839492675,0.8767712878621261,0.8318499427019324,0.9721643839492675,0.9950286745612718,0.6972458155920183,0.915004851984079,0.9369854052620166,0.5962910579848135,0.9694100907323095,0.8518001269042899,0.9894020245290482,0.9349426948340502,0.9369854052620166,0.6564814876197973,0.796754796123528,0.8455778977706181,0.98737531725128,0.9080787883543031,0.6649054082105611,0.9187803324078709,0.8960035217972757,0.8944172155216932,0.9523096052149489,0.9429902492134531,0.41120738041696925,0.8402264318273216,0.8665350367911273,0.9481608601832734,0.5857799643645217,0.8657123358127303,0.9883279044516831,0.8603362991453394,0.6851962751432605,0.9981997428137879,0.8620728244415258,0.9550275948082854,0.9412414838519028,0.8724205116499744,0.9272278453848009,0.9481608601832734,0.9751129258825252,0.9530904179424622,0.9266140809152767,0.7096457585863615,0.5390879478827351,0.945842199911705,0.9987351912497631,0.8602271964964205,0.9390829980374289,0.9322050529873019,0.9877220281917203,0.9990384391481417,0.951000731463284,0.9412414838519025,0.9965573445764311,0.953255582527178,0.9688298914803046,0.7923990056729588,0.9058916929689564,0.8166333005972799,0.943467974097185,0.9329497321807896,0.8657383107463044,0.9506503681784946,0.9023530103388626,0.7526776280801332,0.7021651885802725,0.9570748126121909,0.9872911449181456,0.8536610230431645,0.9630274699754413,0.8403860672405662,0.9132268973805199,0.9490592052587876,0.8449511898239377,0.9655340363010012,0.9365826632500471,0.9545623789260471,0.9780207618604191,0.7215786826937061,0.8483580968209998,0.6519756392296774,0.8149097096586178,0.942990249213453,0.9517258135028771,0.8721393656035645,0.9033301068535196,0.639018389788861,0.9322050529873018,0.9064840699954799,0.9479529588566924,0.9329370334459521,0.98248795984004,0.9349426948340502,0.9928893498778071,0.8488679347497983,0.9207448836803878,0.6504099509975094,0.9481608601832734,0.8935215382096593,0.9882715677561686,0.8509110753168513,0.8905232684471216,0.9204383041611373,0.9665309054593341,0.90671930509294,0.9029788216447513,0.8240659771971257,0.9014196303849082,0.9950092225712419,0.9272278453848009,0.9053985774691051,0.9329497321807896,0.9902509771638305,0.7654220005105049,0.809267701039456,0.8834506330434522,0.9369854052620166,0.9390829980374291,0.553308632445169,0.9396082402244852,0.9183207627172296,0.8956273847626326,0.9594986384506099,0.9369854052620166,0.9172605355579635,0.9026933628314504,0.9506503681784946,0.9369854052620166,0.8907404833799737,0.9302334181929381,0.888139508331151,0.8483580968209998,0.9878126659692845,0.9349426948340502,0.9369854052620166,0.8469678326776531,0.9369854052620166,0.908574091343739,0.8552438717702334,0.7636106779816298,0.9369854052620166,0.8800187100542716,0.9369854052620166,0.899682931821037,0.9841069050033682,0.5675347445720573,0.9287755531218544,0.9991256173192247,0.8326576243571768,0.9843238957181937,0.7713007349324407,0.9235944347702933,0.9818634913664557,0.92937200429329,0.9179670373226423,0.9965573445764311,0.8751860185986186,0.9831443552719978,0.9286197968271316,0.8189653495752505,0.8948693468634783,0.9302334181929381,0.9310020898787328,0.6519756392296772,0.9643019407444016,0.9369854052620166,0.9433214104887524,0.9369854052620166,0.7874868403951454,0.6807617971830018,0.943467974097185,0.9699196375991819,0.8326576243571768,0.9390829980374289,0.9284119894354876,0.9218241042345274,0.6220931163874335,0.9721643839492673,0.9582982244538172,0.9412414838519028,0.6984811996753163,0.8950455872885568,0.9312963087719359,0.9349426948340502,0.9457709851868579,0.776801181365707,0.953255582527178,0.9151103620870011,0.8663706046729462,0.91667381023818,0.920508039628191,0.6885935735393951,0.943467974097185,0.9127267712010145,0.8422810143335601,0.8644083233117049,0.9481608601832734,0.8845271337779363,0.9634129222225682,0.9950286745612719,0.7090952617968052,0.9481608601832734,0.9175232626155816,0.8643371891276947,0.9295775988190449,0.9670487459541286,0.941740990578956,0.42203304800755437,0.9723980610103105,0.8785300442524799,0.9329497321807896,0.942990249213453,0.9991256173192247,0.8044201903253123,0.9868438546677247,0.8907699867734993,0.8711731485657734,0.915498465595191,0.8694404115216963,0.856853284369721,0.9543800590178144,0.9957674544753028,0.7588052865947855,0.6966839379445118,0.8721393656035643,0.9049013665285814,0.9991256173192247,0.9133573033767914,0.9249529706560747,0.8964781472188237,0.8876707345437713,0.9425535059673309,0.7813780776632658,0.8134714633385787,0.7959867014475601,0.695234415326164,0.9506503681784946,0.9452104916607273,0.9506503681784946,0.8993081265656122,0.9655974895223984,0.8092233942659156,0.9412414838519025,0.9369854052620166,0.943467974097185,0.8325757023140447,0.7500737909531854,0.9481608601832734,0.9457709851868579,0.9349426948340502,0.9369854052620166,0.9218241042345274,0.9218485695187224,0.953255582527178,0.9230838149438534,0.9007646429901472,0.9616684643803335,0.9365826632500478,0.8663706046729465,0.8251828506309011,0.9434039087947884,0.9290959183459291,0.727349326165452,0.9412414838519025,0.8993081265656124,0.7835967342056418,0.9272278453848009,0.9749431920511351,0.9034814342922284,0.8257846081227975,0.844877102877944,0.8411057039016188,0.9810860991992141,0.9349426948340505,0.8731601294998832,0.9403262360130986,0.831366929469572,0.8801232692753702,0.7716096627906115,0.9369854052620166,0.8697070558558906,0.9937773364805664,0.9143265949426795,0.9339524310656604,0.9506503681784946,0.9079675824567623,0.9369854052620166,0.9369854052620166,0.9630274699754413,0.9902509771638306,0.7341510084616074,0.9369854052620166,0.9812882646010128,0.9543800590178143,0.98248795984004,0.9341861672503229,0.8559805319354532,0.9913026731221013,0.5573673636973572,0.9847742533056744,0.770288171015213,0.8130179726591436,0.9369854052620166,0.9090576304377904,0.9964366158728782,0.8394278150100907,0.889388440135999,0.9053985774691051,0.7585900233671049,0.942990249213453,0.8640986634013126,0.9369854052620166,0.8062491634788835,0.9175344694845529,0.8252209280961136,0.7988815097742484,0.9390829980374291,0.796754796123528,0.9779901913198821,0.9369854052620166,0.9324146244726688,0.875338590433407,0.9369854052620166,0.9437724388143578,0.833281392128555,0.9032395300776708,0.7776649250601229,0.8721393656035645,0.9369854052620166,0.8660832674339084,0.8983146622607212,0.9919033068160935,0.7780180004969556,0.8014275694918631,0.9510212795701292,0.9196334336027316,0.669201990740884,0.9412414838519028,0.9670487459541284,0.888139508331151,0.9917417854198085,0.9700202360746812,0.9801011298543916,0.8096269461864889,0.9200817943852442,0.943467974097185,0.5407479427889756,0.9369854052620166,0.9868438546677247,0.7726316975244579,0.9338953557284988,0.9342966423167991,0.9101213268023747,0.9329497321807898,0.9142168962274368,0.8928876048824796,0.9329497321807898,0.9810661291837658,0.5741591839972232,0.9771865070849177,0.9897781820908831,0.9774797572484484,0.9481608601832734,0.9345827279491863,0.9506503681784946,0.9771865070849177,0.9917417854198085,0.8470556371161988,0.7556959734955933,0.9812882646010126,0.9393212446382442,0.9320797389103181,0.7460597131433114,0.91667381023818,0.984774253305674,0.9433214104887524,0.9412414838519025,0.9723980610103105,0.9377821213923416,0.9027578767165136,0.6486057860941141,0.9370256730202118,0.9721643839492675,0.9069566644903915,0.8037822702734223,0.7877575020847976,0.6950217943765336,0.868661872839342,0.9355386538191319,0.9237909679850971,0.9796265153694581,0.9183656033219387,0.9200817943852442,0.7736423400975413,0.9253948970823007,0.8667801398010047,0.9517258135028771,0.9302334181929386,0.7882895602528364,0.8272219822788088,0.8423379076513386,0.9231342686029484,0.5962910579848139,0.9377821213923416,0.9481608601832734,0.9796115931400358,0.8956273847626326,0.68027476683085,0.9678215615187198,0.5180738075959728,0.9688298914803047,0.943467974097185,0.9481608601832734,0.9375011938243534,0.9757129010111842,0.8919625271106497,0.9594986384506097,0.9067193050929399,0.9007646429901475,0.8848500287036507,0.9310020898787328,0.7255794138777247,0.9369854052620166,0.9457709851868581,0.9369854052620166,0.9369854052620166,0.8944172155216932,0.9200817943852444,0.9723980610103105,0.9369854052620166,0.8580866102470776,0.8969739168815898,0.9302334181929384,0.7755361265078689,0.9090576304377904,0.9581480053936735,0.8934431804006673,0.8792920141466947,0.9247782335508676,0.9290959183459289,0.9751226471151502,0.9457709851868581,0.970087547292547,0.8178030844915327,0.8212944178861188,0.945842199911705,0.9290959183459286,0.9643019407444021,0.8007249157156904,0.9457709851868579,0.6692019907408842,0.9991256173192249,0.971137692094667,0.9235944347702931,0.7002571784956745,0.9035653652248615,0.8372369487294185,0.6341150863878624,0.9853322225258765,0.9641700044827177,0.9008109730235982,0.9412414838519025,0.9235944347702933,0.5008190116955994,0.9665852122032703,0.951371888411044,0.9247782335508676,0.9434679740971852,0.9713677678964225,0.931002089878733,0.9707805236514574,0.9516073501750892,0.9594986384506098,0.8394278150100907,0.9732023243541322,0.6885869595213391,0.7932312171235056,0.8594852121729344,0.9926491931691896,0.8205218458934367,0.9847742533056744,0.8848500287036507,0.9758198800248868,0.9369854052620166,0.943467974097185,0.9320797389103184,0.9000627911577297,0.9843913959203323,0.9235944347702931,0.9329497321807898,0.7366681739866061,0.8453106694422663,0.9476535753223352,0.8753385904334068,0.9506503681784948,0.8116794653116852,0.9810661291837658,0.9140427734298251,0.9329497321807898,0.9779901913198821,0.9470914786711442,0.6807617971830018,0.9517258135028771,0.9609880591173854,0.9074704593231637,0.8092013470529857,0.9355417464656015,0.5890623323215003,0.8876320273046716,0.958298224453817,0.906956664490391,0.9506503681784946,0.9434039087947884,0.9950927970641263,0.830621940401244,0.9433214104887524,0.8671016868583241,0.9349426948340502,0.7612352883807547,0.727349326165452,0.953255582527178,0.9542974918278324,0.9412414838519025,0.7769666391192467,0.9678215615187198,0.91667381023818,0.9096861238372791,0.9847277353330188,0.9218241042345277,0.9049013665285814,0.9253948970823003,0.9877220281917203,0.943467974097185,0.9532555825271782,0.9369854052620166,0.8993081265656122,0.9552226199743179,0.854948486861026,0.6555191900954681,0.9369854052620166,0.8837299478115268,0.7612186252821704,0.9490592052587876,0.9796265153694581,0.8806719604852848,0.6266220791119596,0.9090576304377902,0.7989749113815017,0.9699196375991819,0.9197236503105404,0.8653189509281971,0.7497654019369477,0.9457709851868581,0.7045169096299291,0.9665309054593342,0.9991256173192249,0.9636743678186818,0.9751129258825251,0.9101213268023747,0.45056030537036096,0.953255582527178,0.9771865070849177,0.6418929481564675,0.9000627911577297,0.9280287835949238,0.9138735820988337,0.9868438546677247,0.9913026731221015,0.9694100907323095,0.8292347353062455,0.8721393656035645,0.9349426948340505,0.9365826632500472,0.9310020898787328,0.9349426948340505,0.9349426948340502,0.9910569717673405,0.9369854052620166,0.9310020898787328,0.8848500287036507,0.9369854052620166,0.7352115082109039,0.8684721765107498,0.9481608601832734,0.9412414838519028,0.9919033068160935,0.8928876048824796,0.9349426948340505,0.8080685444079962,0.8755842366061313,0.9200817943852442,0.926401503500403,0.9369854052620166,0.9497218441301533,0.9429902492134531,0.9950286745612719,0.860861863864431,0.64646777692745,0.9218485695187231,0.9950927970641263,0.9667480998914222,0.9283102964892214,0.6738599348534199,0.9369854052620168,0.9655974895223982,0.6486467758339012,0.9847277353330188,0.824671020432908,0.7472186948489317,0.9868438546677247,0.9630274699754413,0.9412414838519025,0.7181224660974785,0.952818037112177,0.9369854052620166,0.9369854052620168,0.9390352294244491,0.9506503681784946,0.7836303801944049,0.9810860991992141,0.9721643839492675,0.8302612179719411,0.9329497321807898,0.7875112359484033,0.8494162464230661,0.9369854052620166,0.9369854052620166,0.9634129222225685,0.7724768594641587,0.6404875132878711,0.8167907583049583,0.9329370334459521,0.8251902139236033,0.8531349059417332,0.8454676557375844,0.9130732958657556,0.8390713589620113,0.9369854052620166,0.9711376920946673,0.943467974097185,0.953255582527178,0.7724768594641588,0.9481608601832734,0.9119099639640409,0.9369854052620166,0.9369854052620166,0.836054815881873,0.7914282554375613,0.8461070991153423,0.9847742533056744,0.7395867368188227,0.9377821213923416,0.950107672001856,0.8744295702264888,0.9167142101531178,0.8310754151823583,0.9369854052620166,0.7514899398419215,0.8690076499133625,0.9390829980374291,0.9868438546677248,0.8591451287364844,0.8801232692753702,0.8729701990461243,0.7769666391192469,0.9950927970641263,0.9029788216447514,0.9369854052620166,0.9055328214921177,0.9576422202536798,0.9064840699954799,0.9945739065043233,0.8228894700769899,0.9771865070849175,0.9471226958989929,0.7475092354603796,0.9919033068160934,0.8904895064960727,0.8815030345558237,0.9187458821598233,0.9506503681784946,0.9038554657884541,0.9150048519840792,0.8864833573452551,0.943467974097185,0.9349426948340505,0.846055230607236,0.9117298605520905,0.5746695831946218,0.977164301389462,0.9751129258825254,0.6453977258535419,0.9751129258825255,0.9034814342922286,0.9753361086597814,0.9008109730235982,0.8711248729670613,0.9369854052620168,0.9812882646010126,0.9235944347702931,0.9694100907323093,0.7459648775430554,0.9779901913198823,0.9349426948340502,0.9523096052149489,0.9289204748586171,0.9390829980374291,0.8444451671305138,0.9937773364805664,0.8287845776060832,0.8000940563049388,0.9369854052620166,0.6266220791119596,0.9543800590178144,0.8326241164874548,0.9506503681784946,0.9130732958657556,0.918365603321939,0.7679309454493353,0.9369854052620166,0.8753385904334068,0.7932312171235056,0.9183656033219387,0.8769352063361588,0.8814243896601137,0.8627773581536332,0.943467974097185,0.8991770585347527,0.9079675824567621,0.8769352063361588,0.86937059006694,0.6831243147374932,0.7224697462798231,0.9034814342922289,0.8153889450299145,0.9000627911577299,0.9670487459541284,0.9133573033767912,0.9231587459088646,0.8792920141466947,0.7855480309011273,0.9369854052620168,0.9349426948340505,0.9280287835949237,0.9373290896801223,0.8530712452577058,0.8394278150100907,0.8098785680380338,0.9369854052620166,0.8076517912158057,0.9618172168102885,0.5657471871445164,0.9369854052620166,0.8507492800484011,0.9242212627322115,0.9481608601832734,0.9200817943852444,0.9349426948340505,0.9402547457570604,0.9150048519840792,0.7263971683848405,0.9928893498778073,0.9863870935211654,0.964170004482718,0.78163265397204,0.9369854052620166,0.950107672001856,0.9369854052620166,0.9481608601832734,0.7193414573075874,0.9138735820988335,0.953255582527178,0.9085306004621048,0.7988733052498048,0.8820580577672703,0.9796265153694581,0.9369854052620166,0.9621556007910539,0.8258236320063455,0.7298735372192098,0.9375011938243535,0.8948693468634785,0.943467974097185,0.9069566644903913,0.9437724388143578,0.8963379163019165,0.8971490513732796,0.8332813921285548,0.8963379163019165,0.9796265153694581,0.39681053131259303,0.915498465595191,0.8963379163019165,0.953255582527178,0.9987351912497631,0.9950927970641263,0.9691612956914406,0.48448463823157906,0.9053985774691053,0.9616684643803335,0.7759191216511494,0.9655974895223984,0.8594771551273882,0.893411056648407,0.9133573033767912,0.9349426948340502,0.938958597343658,0.7901782550165779,0.6794037615160236,0.9414543417011054,0.8907404833799739,0.9248384182047,0.9863870935211652,0.5921817900321387,0.9390829980374289,0.9412414838519025,0.995009222571242,0.9803572006357362,0.9101213268023749,0.8099742568012578,0.9342739522947867,0.943467974097185,0.9457709851868581,0.8434512124644256,0.9479529588566924,0.6609063657712523,0.8978173148387738,0.906956664490391,0.817354053624211,0.0,0.9053985774691056,0.9369854052620168,0.9444474291147413,0.6504099509975092,0.6922188272338275,0.939608240224485,0.8133969328652477,0.9919033068160935,0.8993081265656122,0.9012021122836482,0.9150048519840785,0.9810860991992141,0.9085306004621045,0.6866412618453193,0.8679473730861484,0.9355312567551326,0.5601407473810646,0.8565725788820477,0.5372639715892491,0.9978452547778267,0.8372936307150928,0.9429902492134531,0.9390829980374291,0.888139508331151,0.9101213268023747,0.9429902492134531,0.9708038746203247,0.8567153354315402,0.9035060468318608,0.964301940744402,0.9843238957181939,0.8648624269024237,0.9950286745612719,0.6725022114589002,0.9412414838519028,0.9029788216447512,0.9616684643803335,0.9457709851868581,0.8971490513732794,0.4874410611255935,0.9950927970641261,0.9506503681784946,0.8826561166564143,0.9481608601832734,0.8193201087459965,0.9457709851868581
p351_V,0.7319692030009726,0.9935864990091456,0.8630702674569268,0.9160161841901235,0.9701429667321069,0.9434341193662401,0.7621235665484216,0.7738704743160637,0.4001652418422824,0.9402815237871283,0.9896201712617319,0.9212735133449719,0.9212735133449719,0.9483778175231494,0.8657901242845247,0.8525874490132175,0.9165049484215362,0.9598093595575027,0.9372689456075767,0.9434430901748682,0.8560530782444931,0.9075408719115727,0.9837299968616572,0.9262837350880506,0.9053985774691051,0.13730574211467983,0.9165049484215362,0.9356184765244473,0.9984192168061299,0.7621885348888089,0.2157650424988662,0.9828201226319815,0.9141982714487258,0.2790017707888349,0.9237454173815312,0.9372689456075765,0.9262837350880506,0.9187407159014389,0.9434341193662403,0.9640584711618396,0.8489613700399679,0.9355234569898137,0.9434341193662401,0.8988619793084114,0.9165049484215362,0.8567357464876817,0.928895740061739,0.3952842872036959,0.8951528182413433,0.8630702674569268,0.9315900378678903,0.8603987616425717,0.13730574211467983,0.9119376979332712,0.9977287777736426,0.8931834336273665,0.8931834336273665,0.9237454173815312,0.7286543605260245,0.9188618095812564,0.3564421562347073,0.6313505674748194,0.8971465330611366,0.8489613700399679,0.934376934302581,0.6682840930097753,0.9315900378678905,0.8276068277134256,0.7881781245722411,0.8406564126395666,0.9457304308102041,0.8951528182413433,0.9701429667321069,0.6629790261384092,0.9237454173815312,0.8295501310031708,0.907540871911573,0.9496699001876989,0.6709034097694928,0.9341913284130116,0.9097196291136667,0.9012134114028683,0.9566607558716711,0.8971465330611363,0.9237454173815312,0.9998134958142342,0.9466763852073139,0.7101878030548364,0.840796645756019,0.9212735133449719,0.9237454173815312,0.9650933208542416,0.7879827192955131,0.6275305860863911,0.9229863666545897,0.8775434408290579,0.9351400971379671,0.8311464231994994,0.6582291657186965,0.6811704817311108,0.9625094796456837,0.9288957400617388,0.9237454173815309,0.8751898050869029,0.8288878399988695,0.9372689456075762,0.9737022133993576,0.7038275246911985,0.9053985774691056,0.6575819764260105,0.9079223191452044,0.955404639757861,0.6853757752376461,0.864069247944542,0.928895740061739,0.727766148525626,0.9119376979332716,0.9372689456075762,0.9434341193662403,0.5510299932987155,0.8692627884605635,0.9264797575088632,0.9053985774691056,0.88740734199408,0.9598093595575028,0.7680911157969719,0.9262837350880506,0.791658249328292,0.9212735133449719,0.8727803597140285,0.5169125312893799,0.9288957400617388,0.9315900378678903,0.9434341193662399,0.9165049484215364,0.8317539034743866,0.8423291762504106,0.9828201226319815,0.9315900378678903,0.9188618095812566,0.7067253643153949,0.9402815237871283,0.6682840930097755,0.8999986551638353,0.9058663883344797,0.4664060954397172,0.9811573582606815,0.6230107018934128,0.8951528182413435,0.7841561672264621,0.940281523787128,0.8869837251477684,0.871467042953131,0.6477322928634686,0.9828201226319815,0.33050927347616554,0.8944225598764826,0.9009132970381382,0.939321436577488,0.8279566795146684,0.811042897894175,0.9288957400617388,0.987819300727277,0.843601850697222,0.8456795858023047,0.8745574900762874,0.6957025302891243,0.8756960152361017,0.9229863666545899,0.8957402588362913,0.9545372824777739,0.9212735133449719,0.3442300601711483,0.8264429041637258,0.6526786791828201,0.9594947976170571,0.9372689456075762,0.8058361000882572,0.993702738544385,0.8295501310031703,0.9859196920117813,0.6161477725975105,0.9625094796456837,0.9212735133449719,0.7022786646083345,0.8677623791807161,0.5951669318844373,0.8794035130316951,0.9119376979332711,0.983858189740543,0.9188618095812562,0.8555999624260062,0.8353595520387289,0.7370213229849333,0.8869837251477688,0.9237454173815312,0.9262837350880506,0.9188618095812562,0.904475747198215,0.8367192293036483,0.4737798854605255,0.9212735133449719,0.9237454173815312,0.894159236887579,0.7370213229849334,0.9402815237871285,0.9237454173815312,0.6464945737233294,0.28140068320534817,0.4522109346243207,0.576712190100789,0.9128551938412919,0.9212735133449719,0.9237454173815312,0.8056767200935725,0.9237454173815312,0.6757628281709231,0.8211332371088922,0.8367192293036478,0.9237454173815312,0.791658249328292,0.9237454173815312,0.7414955603989659,0.3762813924750107,0.9966794629726075,0.8137099161685828,0.9288957400617388,0.7463467395128086,0.9188618095812566,0.9409501284699298,0.9075408719115727,0.971047516105271,0.7526466115420346,0.8781517708121862,0.9828201226319813,0.848961370039965,0.8613042685122361,0.85393007575098,0.9247508816218677,0.5834788821627119,0.28140068320534706,0.9165049484215364,0.9264797575088632,0.9188618095812562,0.9237454173815312,0.9086236786089272,0.9237454173815312,0.7744470817656656,0.8727803597140285,0.9828201226319815,0.8912369310715329,0.7463467395128087,0.9262837350880506,0.9009132970381386,0.9053985774691049,0.8905110693995144,0.9896201712617319,0.5842592215103,0.9288957400617388,0.9231458195979403,0.5676165628517446,0.8087068821575034,0.9212735133449719,0.9343769343025807,0.9498078229802212,0.9434341193662403,0.750577740506447,0.7706396922912264,0.8991661559057054,0.5717669223252084,0.9293731375899998,0.9315900378678905,0.815577195923312,0.7957994183099588,0.756028620721541,0.9372689456075762,0.6575819764260106,0.32174835684537917,0.9382025073594864,0.9608122904345002,0.9372689456075762,0.8207291116074917,0.7113961725845347,0.9343769343025807,0.847317627250981,0.9868989158107995,0.9288957400617388,0.8781517708121864,0.7055190283123733,0.9188618095812562,0.9288957400617388,0.9288957400617388,0.7776926150971757,0.9927876060457905,0.721601448574337,0.6275305860863909,0.8279566795146684,0.8725355333730946,0.9372689456075767,0.9834594839173174,0.8951528182413431,0.9056039353298276,0.9315900378678905,0.7147962403369661,0.9004036202971211,0.9722155622930323,0.9655471735397518,0.9966794629726075,0.8038888164891085,0.8640692479445418,0.8998606144208527,0.8421651726388943,0.9877529907665934,0.8706887013201354,0.9252088742292754,0.940281523787128,0.7860647655550218,0.9402815237871283,0.878151770812186,0.9331959995055013,0.8640692479445422,0.9288957400617388,0.9237454173815312,0.4536489449630161,0.8812768771799535,0.8971465330611366,0.9372689456075762,0.9876152547580852,0.943474927401666,0.9237454173815312,0.9053985774691049,0.9372689456075767,0.9434341193662399,0.8657901242845247,0.7552363459677893,0.9012134114028683,0.9315900378678905,0.8962941740028065,0.8464893491397554,0.9053985774691053,0.5846186906017629,0.8880512041831408,0.9783400888843532,0.34143484178135264,0.7983447668609231,0.4348718934597354,0.7857905120933399,0.9434341193662399,0.7543637087271452,0.9969820872027787,0.736123635130915,0.9165049484215366,0.9212735133449719,0.9137673927286696,0.8772182185117663,0.7055190283123733,0.7031611682308045,0.8094040956631612,0.9237454173815312,0.630880545472073,0.9689470530700139,0.9431338207947484,0.9689470530700139,0.9984192168061299,0.8909718899573565,0.9237454173815312,0.9237454173815312,0.9303499958905477,0.9107284658135404,0.8770586801954892,0.9237454173815312,0.9402815237871283,0.9237454173815312,0.8836545508570977,0.8456795858023047,0.7370213229849333,0.9701429667321069,0.8855218855218863,0.9359170749054634,0.8312744797864919,0.7927671443302247,0.9237454173815312,0.8698489604994102,0.9356184765244473,0.7381873768854006,0.7340498770182957,0.9833630421865716,0.8042623185839182,0.9288957400617388,0.7260702458777935,0.9237454173815312,0.7757844960300051,0.9329075599064767,0.6137181056196669,0.8483430878810556,0.9741270364328649,0.746506525493394,0.9187407159014391,0.9237454173815312,0.8964003490509325,0.6900813605503617,0.9237454173815312,0.9510794216676572,0.7082945584710896,0.8052680428582311,0.8038888164891085,0.6947234262930653,0.9237454173815312,0.793771376819479,0.624140481790262,0.9343769343025807,0.8424013775161552,0.7835908797342288,0.8606558839862049,0.36786315356182553,0.9225770547487502,0.928895740061739,0.9004036202971208,0.5017446542362178,0.9460700595274506,0.6124569684166946,0.9272844713112531,0.8058361000882572,0.9409501284699298,0.9315900378678903,0.8971465330611366,0.9237454173815312,0.9372689456075767,0.8522672538974276,0.6530658555626192,0.9496699001876996,0.9595492191461488,0.9188618095812568,0.817749090003455,0.9780296622223207,0.9627453733534856,0.9496699001876994,0.9237454173815309,0.9527620984712089,0.8423291762504104,0.938292717507307,0.9372689456075765,0.6105257662333885,0.940281523787128,0.9935864990091459,0.9837299968616572,0.717078652729214,0.9075408719115732,0.940281523787128,0.7996373385380173,0.8745574900762871,0.8375645041075979,0.8991661559057054,0.9075408719115723,0.8539300757509798,0.9288957400617388,0.8781517708121862,0.8756960152361013,0.9809139221107239,0.9012134114028683,0.5628764356450802,0.9097196291136671,0.21576504249886608,0.8650600814349994,0.784127855539408,0.9962220459757785,0.9165049484215362,0.711396172584536,0.8359545793225895,0.9160161841901235,0.9012134114028683,0.9032901911357232,0.8075685693353907,0.9496699001876996,0.7990568456988281,0.9012134114028683,0.8727803597140285,0.7700239733484494,0.9722155622930323,0.8104251183537516,0.8558236858258792,0.8763477248373532,0.9024306604322352,0.9372689456075765,0.7781181359006095,0.4227683587618677,0.934376934302581,0.9356184765244473,0.9165049484215362,0.9165049484215368,0.9315900378678905,0.9372689456075762,0.9797293075604314,0.8203676340174391,0.8692627884605635,0.9212735133449719,0.9212735133449721,0.6709034097694937,0.917179048692782,0.9165049484215371,0.8999986551638355,0.9237454173815312,0.9343769343025807,0.9237454173815312,0.9237454173815312,0.6811704817311104,0.9032901911357232,0.878151770812186,0.9237454173815312,0.7007871938967627,0.6349846924494331,0.902988179609765,0.8441816987551347,0.8216070858356983,0.789027701327651,0.8831642141197731,0.8539300757509798,0.6290585060683689,0.9141982714487249,0.8543169908091185,0.9343769343025805,0.2902583210686941,0.7759336063121671,0.6022103741704095,0.88740734199408,0.9141982714487247,0.9627453733534852,0.7762704841237682,0.9343769343025807,0.8964003490509322,0.928895740061739,0.9583403599365297,0.9075408719115727,0.9355234569898137,0.903290191135723,0.6470641055785903,0.8855218855218863,0.384463419887208,0.9409501284699295,0.8799703801338812,0.9288957400617388,0.9075408719115725,0.9262837350880506,0.9794961881747105,0.5767121901007888,0.7596681204982028,0.9315900378678905,0.8073306074897453,0.9165049484215371,0.7937713768194786,0.8847442571207551,0.9434749274016659,0.7580909088677004,0.8893119774375082,0.9434341193662399,0.789027701327651,0.6105257662333884,0.8812768771799535,0.7852697636962742,0.9075408719115727,0.9737022133993571,0.8716781623645735,0.9237454173815312,0.9315900378678903,0.3621801793217053,0.9237454173815309,0.791658249328292,0.9075408719115732,0.9188618095812562,0.889311977437508,0.7879827192955129,0.9786100658041361,0.7101878030548369,0.9402815237871287,0.7700239733484495,0.9496699001876991,0.7995401424976345,0.9188618095812568,0.9141982714487247,0.714429504643971,0.9331959995055013,0.9751916033161048,0.7901923137686483,0.5319338006492695,0.796489526958108,0.8397023694988113,0.878151770812186,0.6728267612769377,0.8808128963513502,0.8874073419940802,0.9402815237871283,0.9437724388143582,0.9262837350880508,0.8421651726388943,0.9633172814668751,0.5191636978373871,0.9212735133449719,0.7938728455083093,0.8457991501177131,0.9434341193662399,0.8423291762504106,0.7744381670025754,0.8763477248373532,0.8745574900762876,0.9355234569898139,0.879403513031696,0.9206231796054523,0.943772438814358,0.8738606237740512,0.9097196291136658,0.9663573664294256,0.9315900378678903,0.9434341193662401,0.9237454173815312,0.878151770812186,0.8657883140175595,0.7256622813871004,0.9431338207947484,0.9237454173815312,0.5903620685035916,0.8185453834635621,0.9710475161052712,0.8836545508570977,0.8555999624260069,0.9395875575049126,0.5271276062041903,0.818110096833442,0.8912369310715331,0.9430262524527699,0.6190884542380528,0.8359545793225895,0.9343769343025807,0.908623678608927,0.8931834336273665,0.9722155622930323,0.902988179609765,0.9341913284130114,0.8912369310715331,0.9188618095812562,0.9434341193662401,0.9119376979332712,0.8931834336273665,0.9237454173815312,0.7840931815527363,0.826365854716423,0.9372689456075767,0.9701429667321069,0.9466763852073137,0.7702822380396983,0.7147962403369662,0.9212735133449719,0.9315900378678905,0.9165049484215371,0.9212735133449719,0.9212735133449719,0.9093683063084447,0.9237454173815312,0.9165049484215364,0.8606558839862046,0.9237454173815312,0.9751916033161048,0.8866539577018824,0.9927876060457907,0.928895740061739,0.9876152547580854,0.9741270364328649,0.9212735133449719,0.7938728455083093,0.5951669318844371,0.9032901911357232,0.6260501740644348,0.9237454173815312,0.9737022133993574,0.9288957400617388,0.9012134114028683,0.7304874123361763,0.8623579941942761,0.9372689456075762,0.9262837350880506,0.9053985774691053,0.9634038194012378,0.9053985774691053,0.9701429667321069,0.8727803597140285,0.8818043546471355,0.88740734199408,0.6320364391110459,0.9896201712617321,0.9372689456075765,0.8951528182413433,0.928895740061739,0.9980362042473544,0.6230107018934128,0.9237454173815312,0.9237454173815312,0.8716781623645733,0.9402815237871285,0.8613360295964747,0.9165049484215364,0.9097196291136667,0.6477572720687095,0.9188618095812568,0.7148955026267094,0.7455731332771478,0.9237454173815312,0.9237454173815312,0.9009132970381382,0.7672446223944533,0.908623678608927,0.7487788074599,0.5923688982684668,0.7632929429793491,0.8018249048729218,0.719346951986615,0.9718807580739222,0.6530658555626188,0.9237454173815312,0.8775434408290577,0.9315900378678903,0.9434341193662403,0.829458913097632,0.9372689456075762,0.6520886643758788,0.9237454173815312,0.9237454173815312,0.7422857295912604,0.9834594839173174,0.7298713729225337,0.9075408719115725,0.873326022033617,0.8489613700399679,0.8912369310715333,0.8756960152361017,0.64365825572922,0.819011517851882,0.9237454173815312,0.8727803597140285,0.7040367708564135,0.9262837350880506,0.9516937335159948,0.8543169908091186,0.732278541837548,0.9238600182215475,0.8763477248373532,0.9741270364328649,0.8549185404483224,0.9237454173815312,0.6629790261384096,0.9380806103257935,0.37573391927214417,0.8554740499191074,0.8431806457935456,0.9119376979332718,0.8572772924183012,0.8895605128914645,0.9876152547580852,0.5570163361117181,0.5357955730249735,0.9165049484215362,0.940281523787128,0.8836545508570977,0.9329075599064764,0.6935649568882314,0.9315900378678903,0.9212735133449719,0.5503563637392154,0.8931834336273665,0.8727803597140285,0.9137673927286698,0.9434341193662401,0.8727803597140285,0.9434341193662403,0.9953786045233858,0.9633172814668747,0.8799703801338812,0.4491820085036171,0.9701429667321069,0.940281523787128,0.9075408719115727,0.9858118985030548,0.8520513202592122,0.9141982714487258,0.9212735133449719,0.8931834336273665,0.46175218910747884,0.9262837350880506,0.7319658687365524,0.9380806103257937,0.6913984184931632,0.7371358311285778,0.9237454173815312,0.9395875575049126,0.9237454173815312,0.7769231988006505,0.9402815237871283,0.9355234569898137,0.2110482856382938,0.8276068277134259,0.9237454173815312,0.7101878030548368,0.789027701327651,0.9012134114028683,0.7078611253254625,0.6835723328299697,0.6935649568882312,0.9315900378678903,0.6325729694953697,0.8744114737156561,0.7481100191932132,0.7432377804777189,0.9409501284699298,0.8494377486457183,0.9341913284130113,0.9786100658041363,0.9237454173815312,0.847317627250981,0.8951528182413433,0.6320364391110451,0.8539300757509798,0.8166940760213555,0.9701429667321071,0.9212735133449719,0.6441855631989073,0.7916582493282922,0.9487537604465681,0.7381873768854006,0.7719503628958252,0.9237454173815312,0.739175898701779,0.7948136083347745,0.9868989158107995,0.9237454173815312,0.6501368982557285,0.8769754627389801,0.9372689456075762,0.9032901911357232,0.9212735133449719,0.8762907351695037,0.8971465330611365,0.8456795858023052,0.9625094796456837,0.8908683220551614,0.9786100658041366,0.8001962765416182,0.9237454173815312,0.959549219146149,0.9237454173815312,0.9372689456075762,0.8330895923610961,0.5121813079437089,0.9434341193662403,0.8893119774375082,0.8436018506972218,0.3924210383713205,0.8836545508570977,0.9237454173815312,0.8104976393137722,0.6965122350589388,0.8838461364568901,0.9206231796054523,0.8727803597140289,0.9315900378678905,0.8874073419940791,0.9183006535947722,0.874557490076288,0.44216475443350456,0.7919409428432516,0.874557490076288,0.8836545508570977,0.9315900378678905,0.8279566795146684,0.874557490076288,0.9434341193662403,0.8971465330611363,0.9262837350880506,0.9511105270074123,0.9212735133449717,0.9183006535947718,0.9012134114028683,0.4737798854605254,0.8727803597140287,0.9032901911357232,0.29185072814859203,0.9303499958905477,0.9663573664294258,0.9858118985030546,0.7364427210518627,0.8836545508570979,0.9065397721659636,0.6464945737233303,0.8675211273561203,0.8623579941942761,0.9655471735397518,0.9741270364328649,0.9288957400617388,0.3879174903430562,0.9182912196600745,0.8912369310715331,0.9595492191461492,0.3952842872036956,0.9315900378678903,0.9343769343025807,0.8105587681299964,0.20147951370127903,0.844924692999196,0.8763477248373532,0.8874073419940802,0.7789783388157536,0.9053985774691056,0.0,0.9237454173815312,0.6379039642698368,0.9357231274242306,0.9284611701562593,0.422216593572853,0.8172942747990015,0.934376934302581,0.9093683063084446,0.8137099161685828,0.13730574211467983,0.9165049484215364,0.9229863666545897,0.9024306604322356,0.807409997427414,0.7423089209395948,0.9097196291136669,0.8087068821575032,0.9885587804861203,0.8978850088092156,0.8558236858258792,0.9288957400617388,0.9262837350880506,0.5017446542362178,0.18654717992114067,0.9783400888843532,0.8738606237740509,0.5991881159507113,0.7998080513271804,0.918861809581256,0.9188618095812562,0.6700813488682296,0.9508302047706587,0.8539300757509798,0.9288957400617388,0.5694378261253327,0.9508302047706587,0.9343769343025807,0.4678310689014653,0.9718807580739222,0.9262837350880506,0.9402815237871283,0.5070125440245095,0.9372689456075762,0.7686500618547027,0.9343769343025807
p352_Q,0.8231275036273116,0.8275150599510741,0.7110686243555888,0.9225015741707872,0.9492063492063489,0.9623211158059548,0.8570070294818273,0.8810175154215635,0.903814238682265,0.9602211523225768,0.32500402780730375,0.9475597985845112,0.9475597985845114,0.9225015741707872,0.910601968746465,0.9551293872486744,0.9345041683711354,0.931488667261505,0.9582144552981327,0.9602211523225768,0.8875255844205967,0.4522385546312103,0.8511921008492048,0.9508971383859763,0.465524648277051,0.9314886672615048,0.944383427890573,0.9971276925647266,0.9602211523225768,0.8034773333283485,0.9250013316406696,0.9730533608234009,0.9428469360414604,0.9188361382271666,0.9492063492063489,0.8846149163346166,0.30417153187793744,0.9389176628943106,0.9623211158059548,0.9301606414450718,0.8993922310882434,0.932833950574053,0.9623211158059548,0.912915131908919,0.944383427890573,0.9688301974934606,0.2775029775378376,0.9004911494084333,0.5218111161012753,0.8918007079504509,0.9544316996038,0.9716131226567437,0.9314886672615048,0.9413411539914585,0.9428469360414604,0.9779134885361098,0.9288488221297497,0.9492063492063487,0.8523220488281851,0.3707693575200519,0.9060540201833018,0.8605006952168123,0.9314886672615055,0.8993922310882434,0.9562880686171875,0.9406606464117979,0.9544316996038,0.8869938104977821,0.8075205209611782,0.9582144552981327,0.92126914699118,0.9701978599269917,0.9492063492063489,0.826689209693596,0.9492063492063487,0.7279119480564189,0.9507968637523908,0.9398636845831869,0.8285682023790464,0.9623211158059548,0.9398636845831869,0.9610880275993516,0.9262700211315917,0.9314886672615053,0.9492063492063487,0.9176344520056336,0.9938077685674775,0.918488667115767,0.7038434957604056,0.9475597985845114,0.9492063492063487,0.9640062838948071,0.831146423199498,0.9167889614218212,0.9262700211315917,0.9004911494084334,0.9253254956419286,0.6189077093341813,0.8198957816506436,0.818749855334769,0.9779134885361098,0.9526370111116407,0.9492063492063489,0.9205381405663509,0.6725252945719875,0.17734708868199078,0.6527785700272666,0.7973204052495688,0.9369854052620168,0.8289245259008582,0.9573947735206048,0.932833950574053,0.8070467719220202,0.642620593998638,0.2775029775378376,0.8115034698580472,0.9413411539914582,0.9582144552981327,0.9623211158059548,0.8893007587699875,0.912915131908919,0.885400876353422,0.9369854052620168,0.9250013316406698,0.9672736044508083,0.8402244909810175,0.30417153187793744,0.8927713255769502,0.9886251033694344,0.9152582079543841,0.8727631680356078,0.7674138938518065,0.9544316996038,0.9623211158059548,0.944383427890573,0.87549889916545,0.9128732846826049,0.9544316996038003,0.2479039650954128,0.9459533477380775,0.7684493465640942,0.21685393635072703,0.8244397822834253,0.9700073495187167,0.9227803491523987,0.9106019687464653,0.8928757609748672,0.8420784215528956,0.930160641445072,0.9309782033622505,0.9602211523225768,0.9060540201833016,0.7715493131722808,0.8811713725919914,0.9544316996038,0.9301606414450723,0.8950345750758602,0.9140827360776207,0.800470278596241,0.8854008763534218,0.8355590569639004,0.9526370111116407,0.9610880275993516,0.8306404201087894,0.6924076301033198,0.9164419655193168,0.8927713255769503,0.646500884687328,0.9307341409458901,0.8453085223330428,0.8484628994946644,0.35047412290888935,0.92884882212975,0.8420784215528955,0.806761776818004,0.9453089334118425,0.9582144552981327,0.9685537534522766,0.9200475251844387,0.8864622842804517,0.9117550006367756,0.9240490045471226,0.8748925122448097,0.9475597985845112,0.9531337744920034,0.7759070484662236,0.8580633769736241,0.9015943008452874,0.9413411539914585,0.9701429667321069,0.9459533477380775,0.9428307668638463,0.7143607147557588,0.7897778653703149,0.9060540201833016,0.9492063492063487,0.9508971383859763,0.9459533477380777,0.9004911494084336,0.7798729832649688,0.9640062838948071,0.9475597985845112,0.9492063492063487,0.6459006439792816,0.8180179329687018,0.9602211523225768,0.9492063492063487,0.9217519020931756,0.9152582079543841,0.8864622842804517,0.8881467049745082,0.9049315186013056,0.9475597985845112,0.9492063492063487,0.8869938104977819,0.9492063492063487,0.8732827916508183,0.9876781978758151,0.9538832559337084,0.9492063492063487,0.6655418501773489,0.9492063492063487,0.7634132344665409,0.9071820194155722,0.9164419655193168,0.6240063582799463,0.9526370111116407,0.7993700008850904,0.9459533477380775,0.478045020402892,0.9938077685674775,0.9853808551815852,0.8205834610107543,0.9188361382271666,0.9544316996038,0.8993922310882436,0.9624920646450354,0.9027019168030599,0.9345140465701829,0.6143990102802366,0.9152582079543838,0.944383427890573,0.920265131801048,0.9459533477380777,0.9492063492063487,0.9414106494210732,0.9492063492063487,0.8665630754956399,0.9152582079543841,0.9544316996038,0.9758994362393925,0.7993700008850905,0.9508971383859763,0.9140827360776207,0.3568901125568814,0.8928757609748674,0.9398636845831869,0.8612222667022573,0.9526370111116405,0.9372431009731566,0.9700073495187169,0.8442340263447985,0.9475597985845114,0.9562880686171875,0.858173483507684,0.9623211158059548,0.9217519020931764,0.7835937132975108,0.932833950574053,0.9032953985475973,0.9080511068923101,0.9544316996038,0.8789445153161295,0.8627119636910103,0.8838950705164461,0.17734708868199078,0.8581734835076844,0.9140827360776209,0.9865548062843288,0.9400050159634596,0.17734708868199078,0.8517144868263762,0.8715164809151126,0.9562880686171875,0.9889897772432357,0.9225015741707869,0.9526370111116407,0.9044188733069921,0.8070467719220202,0.2465371221124394,0.9526370111116405,0.9526370111116407,0.7762018136905975,0.9582144552981327,0.8895997465928738,0.8548949080074904,0.5916352919321852,0.8743499943821067,0.9582144552981327,0.9492063492063489,0.9301606414450718,0.9459533477380777,0.9544316996038,0.8306404201087894,0.8982973238138032,0.837401167610945,0.9301606414450723,0.9164419655193168,0.7537446627817312,0.9094556823349391,0.9190178999788694,0.8685974240625227,0.8119584869803317,0.8355526955775656,0.9714711165829838,0.8751938654120847,0.9038142386822652,0.9602211523225768,0.595115143491771,0.9152582079543841,0.9908963593651976,0.9773757151292213,0.9492063492063487,0.9544316996038,0.9027019168030599,0.9314886672615053,0.17734708868199078,0.9562880686171875,0.9475597985845112,0.9492063492063487,0.46552464827705076,0.9582144552981327,0.9623211158059548,0.47292410740103397,0.7415376425438696,0.9341976401680094,0.9544316996038,0.8628210251713131,0.7323411099967434,0.9369854052620168,0.9428469360414604,0.9008039012040461,0.9526370111116407,0.963022385343627,0.7587615740028214,0.9413411539914585,0.9517002303366318,0.6912424767432411,0.7937866699170062,0.9188361382271664,0.8061796741685834,0.3894983515488183,0.9475597985845114,0.92126914699118,0.9202651318010482,0.8070467719220202,0.8082384637825224,0.7486025637696191,0.9492063492063487,0.8538362113124118,0.9613251513423888,0.9200475251844387,0.6017678552900565,0.9574863565447538,0.8453085223330428,0.9492063492063487,0.9492063492063487,0.9301606414450718,0.9038142386822652,0.9531337744920034,0.9492063492063487,0.9602211523225768,0.9492063492063492,0.922501574170787,0.6924076301033198,0.7897778653703149,0.7880952380952371,0.9237454173815309,0.9938077685674775,0.7266107568770389,0.7351207557283765,0.9492063492063487,0.6066896212615136,0.959657136477295,0.7766590274917047,0.8075205209611782,0.5658815397621317,0.8696179154667711,0.9526370111116405,0.7960789049353041,0.9492063492063487,0.7493894200045359,0.9821075314053485,0.6708002705226196,0.8300371089395653,0.9508971383859763,0.7285394965407893,0.9428469360414602,0.9492063492063487,0.8961186971729782,0.8046479448175344,0.9492063492063487,0.9701429667321069,0.7948313236856199,0.7083340572373142,0.7537446627817312,0.8022278398026614,0.9492063492063487,0.77934241058442,0.8559522762859695,0.9562880686171873,0.780166726720102,0.7250134267509778,0.9071820194155724,0.9083158055901508,0.8961186971729784,0.2775029775378376,0.9734392564424441,0.8864622842804517,0.935580996038617,0.8527760996057683,0.9068564986382848,0.6398961171196476,0.935580996038617,0.2479039650954128,0.9314886672615053,0.9492063492063487,0.8846149163346165,0.9015943008452876,0.8129560940834346,0.9398636845831869,0.5406286483205427,0.9919305345581159,0.8552549043770045,0.9508971383859763,0.9459533477380777,0.9964123220916106,0.9492063492063489,0.8275150599510742,0.749038288939226,0.9038142386822652,0.9582144552981327,0.846380925471486,0.9574863565447539,0.9413411539914585,0.935580996038617,0.8583050730856252,0.9384124008873462,0.9602211523225768,0.7746731083112828,0.959657136477295,0.8918007079504509,0.932833950574053,0.9384124008873462,0.5166670939267368,0.9526370111116407,0.8602326261905316,0.8993922310882432,0.7546310590922589,0.9341976401680094,0.8993922310882434,0.9398636845831869,0.9250013316406696,0.8995853467709887,0.772573521897042,0.9049315186013056,0.8739479665019892,0.8715164809151126,0.6069255098349682,0.9225015741707872,0.986554806284329,0.935580996038617,0.7503309927704909,0.9398636845831869,0.7188135956445165,0.986554806284329,0.5288821408683503,0.8104946185054884,0.9526370111116407,0.8453085223330428,0.743327198645417,0.9176344520056336,0.8993922310882432,0.9632002305182418,0.7587615740028214,0.8918007079504509,0.9562880686171875,0.9539125216067481,0.9950603702402812,0.9950603702402809,0.9544316996038,0.9582144552981327,0.98096624704517,0.7379098541554261,0.9967090020779534,0.3504741229088896,0.9475597985845114,0.8523197448919715,0.9071820194155722,0.944383427890573,0.8717146038820361,0.9492063492063487,0.21477889927437255,0.9492063492063487,0.9492063492063487,0.8187498553347687,0.9355809960386172,0.9927913675399128,0.9492063492063487,0.8094251427518581,0.8377384241745147,0.9152582079543842,0.8835406899027953,0.6066896212615136,0.7383793872014472,0.9038142386822652,0.9027019168030599,0.8399134433261006,0.9428469360414606,0.8864622842804516,0.9562880686171873,0.9176344520056336,0.8625297205894871,0.8559522762859693,0.5578203511314521,0.9428469360414602,0.9459533477380777,0.8487722487984961,0.8929968346358234,0.6963039067136754,0.2775029775378376,0.9004911494084333,0.938412400887346,0.932833950574053,0.9355809960386168,0.8485197883378752,0.565881539762132,0.9060540201833018,0.9355809960386168,0.9200475251844387,0.9526370111116407,0.9384124008873462,0.9508971383859763,0.6204042312715123,0.857008403331583,0.989093201938321,0.9544316996038,0.9192850066174327,0.944383427890573,0.8261640441409652,0.7180040722870515,0.9886251033694344,0.7766590274917049,0.8830688616383839,0.9623211158059548,0.7668650526081318,0.846380925471486,0.9027019168030599,0.7415862488611199,0.9938077685674775,0.9071820194155722,0.9508586339370195,0.9492063492063487,0.2479039650954128,0.9164419655193168,0.9851190476190477,0.9243203844516432,0.9384124008873462,0.9459533477380777,0.5494119064858423,0.7285394965407892,0.9888877218166616,0.8046479448175345,0.960221152322577,0.7822140588685709,0.9964123220916106,0.8664724446651941,0.9459533477380775,0.9980353634264252,0.8801085107890285,0.9152582079543841,0.9341976401680094,0.7684119013812074,0.880117361849238,0.7890064191135173,0.8633240709217587,0.9188361382271664,0.831146423199498,0.7286399679267352,0.9250013316406698,0.9602211523225768,0.9369854052620166,0.9508971383859763,0.7741602544976015,0.9801193820390868,0.9292058051524479,0.9475597985845114,0.8924795232817444,0.8300656996036522,0.9623211158059548,0.879064442044788,0.9526370111116407,0.9613251513423888,0.5217608120269644,0.932833950574053,0.9400050159634592,0.5578203511314521,0.9369854052620168,0.8982973238138029,0.9398636845831867,0.9475597985845112,0.2479039650954128,0.9623211158059548,0.9492063492063487,0.963022385343627,0.9934258576292214,0.879318092617299,0.9200475251844387,0.9492063492063487,0.8832831707913575,0.9406606464117979,0.9060540201833016,0.9225015741707872,0.6670039513203427,0.9640062838948071,0.9494565734115239,0.7859181167692963,0.9275522446953857,0.9060540201833016,0.8506512873935235,0.9266101958517023,0.21477889927437255,0.6715020243987908,0.9288488221297497,0.9526370111116407,0.9580166426603274,0.9623211158059548,0.9275522446953854,0.9459533477380777,0.9623211158059548,0.9413411539914582,0.9730218450575299,0.9492063492063489,0.8720509229668816,0.5955085534520237,0.9582144552981327,0.9492063492063492,0.9384124008873462,0.7965941295587149,0.8306404201087894,0.9475597985845114,0.9544316996038,0.9950603702402809,0.9475597985845114,0.9475597985845114,0.9188361382271666,0.9492063492063487,0.944383427890573,0.9471856021934961,0.9492063492063487,0.9341976401680094,0.9266101958517023,0.9582144552981327,0.2775029775378376,0.9562880686171875,0.9508971383859763,0.9475597985845114,0.7792280426333981,0.8580633769736241,0.9355809960386168,0.8409971458279797,0.9492063492063487,0.9328036494727321,0.9526370111116407,0.9341976401680094,0.9349803447622533,0.6477717584440748,0.9582144552981327,0.9813818316380158,0.936985405262017,0.9152582079543841,0.9369854052620168,0.3283730158730175,0.9137080532218427,0.92126914699118,0.9720175422977497,0.8337006414042477,0.9398636845831869,0.9582144552981327,0.9301606414450718,0.2775029775378376,0.9471856021934963,0.8420784215528956,0.9492063492063487,0.9851190476190476,0.6716651765370059,0.9602211523225768,0.8377384241745147,0.32894214967967206,0.8904904028915421,0.8244397822834255,0.9919305345581159,0.819303444805969,0.8128183834424185,0.9492063492063487,0.9492063492063487,0.9140827360776207,0.8459565846100463,0.9414106494210732,0.9482782933250231,0.8453085223330428,0.9302117408799828,0.7125472808372362,0.828155033154859,0.932833950574053,0.8129560940834346,0.9492063492063487,0.9386131743457118,0.2479039650954128,0.9623211158059548,0.9485635112687547,0.17734708868199078,0.831146423199498,0.9492063492063487,0.9492063492063487,0.8021155478511957,0.9492063492063489,0.8101822794844455,0.45223855463121054,0.8570084033315832,0.9750767117923151,0.9758994362393925,0.6086586443352919,0.8344556057285126,0.8506512873935232,0.9492063492063487,0.9152582079543841,0.8175997772209664,0.30417153187793744,0.9582144552981327,0.921519172249827,0.8938586101242287,0.9106019687464655,0.9176344520056336,0.9508971383859763,0.6394614409405047,0.9492063492063487,0.826689209693596,0.9613251513423888,0.8993922310882436,0.6995023882590956,0.8974240433030007,0.9413411539914582,0.9049315186013056,0.6833428634108812,0.9562880686171875,0.8685695845092942,0.8622735200335967,0.944383427890573,0.9602211523225768,0.9400771100284836,0.931488667261505,0.8129560940834346,0.9730533608234009,0.9475597985845114,0.7573617243762096,0.9288488221297497,0.9137080532218427,0.9665120503695122,0.9623211158059548,0.9152582079543841,0.9623211158059548,0.9623211158059548,0.671502024398791,0.9905461600724845,0.9331711877287374,0.9492063492063489,0.9602211523225768,0.4522385546312103,0.9384124008873462,0.7266107568770386,0.9428469360414609,0.9475597985845112,0.9779134885361098,0.8939536575643376,0.9508971383859763,0.9093230422687446,0.9176344520056336,0.8233095582802461,0.8010095457376821,0.9492063492063487,0.8918007079504506,0.9492063492063489,0.8180179329687021,0.9602211523225768,0.932833950574053,0.9341976401680097,0.7405077789604677,0.9492063492063487,0.8046479448175345,0.7383793872014472,0.9341976401680094,0.8058499662916012,0.826689209693596,0.8129560940834347,0.2479039650954128,0.8221755430097122,0.7924069556780696,0.8913069625116543,0.8852337768299303,0.9355809960386168,0.8263657511799891,0.9623211158059548,0.9355809960386168,0.9851190476190477,0.6132801141000301,0.9701978599269917,0.8388272306091995,0.9414106494210732,0.7604073710900013,0.9492063492063489,0.9475597985845114,0.8720509229668816,0.9874185022010289,0.6963039067136745,0.8048319931549082,0.7807259771890065,0.9492063492063487,0.7884981212068203,0.660133802762602,0.9225015741707872,0.9492063492063487,0.8399134433261009,0.9428469360414602,0.17734708868199078,0.9888877218166616,0.9475597985845114,0.9977140018671351,0.9314886672615055,0.6924076301033195,0.9779134885361098,0.9302614904222952,0.935580996038617,0.7284399588174312,0.9492063492063487,0.9758994362393925,0.9492063492063487,0.9582144552981327,0.9217519020931764,0.8843412180810757,0.9623211158059548,0.9262700211315917,0.9158781610271736,0.9049315186013056,0.5736202678932056,0.9492063492063487,0.832252554105898,0.8210376473859942,0.8128520154528992,0.9250013316406698,0.9580166426603274,0.7555085421050042,0.9250013316406696,0.9237454173815309,0.9164419655193166,0.892875760974867,0.7524297972473151,0.9164419655193166,0.894270004761574,0.9544316996038,0.5916352919321852,0.9164419655193166,0.9623211158059548,0.9314886672615053,0.9508971383859763,0.5916352919321856,0.9475597985845112,0.9237454173815309,0.9341976401680094,0.8918007079504509,0.5288821408683506,0.9888877218166614,0.9140827360776207,0.930160641445072,0.9475597985845114,0.9384124008873462,0.8117838598171898,0.5736202678932062,0.9447628386820247,0.8333555867103812,0.9532451920987461,0.9890271575839278,0.9301606414450718,0.9508971383859763,0.13752843001956172,0.9015943008452871,0.8939536575643379,0.5406286483205431,0.9275522446953857,0.9004911494084333,0.2479039650954129,0.21477889927437255,0.8738120195914167,0.9262700211315917,0.89859280863018,0.9176344520056336,0.5578203511314523,0.8527760996057683,0.9369854052620168,0.9237454173815312,0.0,0.8366469404145513,0.8780124908814328,0.6262185821613937,0.9004911494084333,0.849586416155214,0.9562880686171875,0.9044188733069919,0.8759110188590657,0.9314886672615048,0.944383427890573,0.501746627178336,0.8993922310882432,0.8717146038820365,0.7880717061286087,0.43810130282415105,0.8442340263447985,0.9475597985845112,0.8832831707913575,0.8511420268993708,0.9526370111116407,0.30417153187793744,0.8864622842804517,0.9275522446953854,0.9526370111116407,0.8982973238138032,0.8633240709217587,0.8546678929617306,0.9459533477380777,0.3707693575200529,0.832252554105898,0.9865548062843288,0.9414106494210732,0.9526370111116407,0.8591172857456588,0.4375163664361613,0.21477889927437255,0.892875760974867,0.932833950574053,0.9813818316380158,0.9602211523225768,0.9202651318010484,0.9582144552981327,0.9629657156333062,0.21477889927437255
p352_S,0.7233364494664702,0.9678495262941058,0.7986911660757181,0.897744539442832,0.8076302785145044,0.847526363236521,0.630740446195261,0.6892359257496369,0.41117869746773716,0.8720706944005916,0.8066008061629641,0.8806059912987236,0.7941932721730919,0.9161717604962005,0.7495397621838256,0.9933915413475853,0.9875307435433601,0.7796666385612767,0.9365592830429994,0.8679186029030668,0.9724528023777914,0.8269372819262968,0.894378433549163,0.9643535864493462,0.7973442214105759,0.5805935137526065,0.8211363610259479,0.6835424197755501,0.8679186029030667,0.5952785417342665,0.5408799287282469,0.8192373653378551,0.8695629307131674,0.6826376398102135,0.7779867134252592,0.9365592830429994,0.903219063727758,0.8161949827107668,0.8788242050198838,0.8203709025442092,0.9497378827998033,0.960489963728785,0.9648046911266329,0.7883792672877683,0.9875307435433601,0.8381223260612403,0.8792701714261306,0.49407860794850034,0.797883296168314,0.728732776981466,0.8861828268620735,0.8467432887054067,0.5805935137526065,0.8635180871112518,0.8635973292748318,0.9409208095233883,0.8154695273675028,0.8366469404145511,0.7484808113840449,0.8822599851269501,0.5144044320087857,0.8143048039010474,0.8939058970766551,0.7960101136628586,0.8934360035877262,0.48920176545166383,0.9501617243601086,0.9570773907453352,0.7991127254346503,0.9720303595848359,0.8693283410322901,0.9097778209450493,0.9255776356822873,0.5442700788950076,0.8366469404145511,0.8563921200187177,0.9230244828821024,0.8831739319525083,0.7040126106474542,0.8788242050198838,0.857649556689327,0.8335017551088586,0.7628834028832918,0.9918548444079669,0.8366469404145511,0.8534354006088374,0.9480283064012623,0.6776448893844613,0.9725268134185434,0.8601558513243792,0.8366469404145511,0.7986911660757188,0.7617065095113014,0.6704515036514695,0.9565156240484984,0.8692568535748542,0.7900315035224672,0.8769750807762098,0.5884112856841952,0.5023299441742131,0.8154695273675028,0.9311887696428773,0.8366469404145516,0.825522449483437,0.8197063029417279,0.8656171299593258,0.8278911373967917,0.5776612522735138,0.9329665644651209,0.6128311535682478,0.8266506203656543,0.7839930876682071,0.5523634802037017,0.8926077772425209,0.8792701714261306,0.6788193351818957,0.8495704551359022,0.9010882065011627,0.8084335872731502,0.4694962367838683,0.9279552527132493,0.8202879589487213,0.8218614226946035,0.9073553270510151,0.9918548444079669,0.6382925973552653,0.8726518023669643,0.9096966568079053,0.9753728101585559,0.9444326506516423,0.5032673533902017,0.8476799949376315,0.9843760961287644,0.8475263632365206,0.8758029025775742,0.8568131637359664,0.9620566981227008,0.8519684550934185,0.8534517371065098,0.8822599851269499,0.7314354243366814,0.8720706944005914,0.56788973425503,0.83884219783228,0.7814973591746284,0.5640344171018086,0.8033689914741973,0.5338117336034138,0.91032132804779,0.7063246366566998,0.9835038526990236,0.7292390940784129,0.7048753138821242,0.8273600495765409,0.9516450063732009,0.6399265444343101,0.8285548864416745,0.8191974565219036,0.8414470901338622,0.7573412017127708,0.6883302056208522,0.9311887696428772,0.8356436707807,0.9178606013499128,0.8714895795795237,0.9068306453752599,0.7485359499962854,0.8301718401377354,0.9995450065296554,0.8433919709176587,0.8748198271493186,0.9958229501328999,0.6087258143746048,0.7897534243079052,0.7458654877003895,0.9418183080464932,0.9215564107896544,0.9080733518947708,0.8639378370903932,0.8247448442039347,0.9222047431586475,0.6220757486067643,0.9926401914468548,0.9753728101585559,0.8306823524805078,0.7109851051347642,0.44129698423456065,0.8569005153706368,0.8113523675198253,0.8804190970592327,0.8822599851269501,0.8162294407746962,0.7942032620665804,0.6563389794812985,0.8948002472997427,0.8366469404145511,0.9949208478101401,0.9663720964715103,0.9552926020176442,0.9117751975261679,0.6472541464740826,0.9753728101585559,0.8366469404145511,0.825692240158654,0.5798586134178583,0.8720706944005916,0.8366469404145511,0.9906378884624087,0.6742342279021212,0.5264860015930057,0.6446784280236102,0.9428209744266492,0.8313516116158355,0.8366469404145511,0.7469089933593263,0.8366469404145512,0.7523962686020975,0.7907259841418774,0.8049533973658078,0.8366469404145511,0.8100145004591279,0.8366469404145511,0.6043818280565145,0.630415992349687,0.8678185563420038,0.8717951086889968,0.8792701714261304,0.629428942952775,0.854222614678763,0.8650108403997214,0.8519411054454569,0.7873829162649302,0.6982688035056497,0.8785864522911682,0.917430634604545,0.8643335666126122,0.9401090153188927,0.8618077855610649,0.9220085215737961,0.8286333266161356,0.5970346785451157,0.9851359856808266,0.8045512696397337,0.8654036808393699,0.8366469404145511,0.9841115903185182,0.8366469404145511,0.6450123691790063,0.8046688139380913,0.9828928141156721,0.8979419680083087,0.6548636800979553,0.9643535864493462,0.779666737631864,0.982000967033176,0.8358683468767987,0.9597470577420526,0.5776522533983809,0.9740407008916265,0.7796869635461527,0.7174935450217645,0.9028335021824161,0.831351611615835,0.9705073606843561,0.9382970840187572,0.8788242050198838,0.6980417673605164,0.9162633457324438,0.8536795281962999,0.664819244832193,0.7623421500807868,0.8534517371065102,0.9241168453944101,0.9875600917702223,0.72198525984513,0.8656171299593258,0.5732248215906306,0.6459548023497879,0.8829086099393348,0.9262503388147356,0.8656171299593258,0.9368750630661332,0.613375706205916,0.9614643214516851,0.9951327802764522,0.8541438604758775,0.8476799949376317,0.9184751711910426,0.6167114729304346,0.8822599851269501,0.9424505244031278,0.8995985931543785,0.7232405295558488,0.9924985638733276,0.6881381969446901,0.6425143664274038,0.8832347161846721,0.8932646966069737,0.8656171299593263,0.8366469404145516,0.8653461152959996,0.9383347260233237,0.9516450063732009,0.6228949211975006,0.9031167105554843,0.9424505244031278,0.8428585089201039,0.9956391320415997,0.7301705334446282,0.9787325639523707,0.8710954141531027,0.7907259841418772,0.8934612893318366,0.8345230270929774,0.7541687136866516,0.9092150805000689,0.657731323828495,0.9050629890025441,0.8985308117411055,0.9637325379908935,0.8742278259846485,0.9311887696428772,0.8366469404145511,0.7210440960711653,0.8967517297774803,0.8025144902643524,0.8656171299593258,0.9614643214516851,0.917764330741468,0.8366469404145511,0.9689646303987689,0.9924985638733276,0.9179169809832546,0.8052474096193312,0.7722139283758405,0.9774384882566036,0.9189139166176374,0.7778407094792144,0.7270633134714646,0.9689646303987689,0.6768095112664314,0.8665745970742771,0.9424505244031278,0.5629714831105899,0.7306889720620104,0.6930732963616237,0.749539762183826,0.9179169809832548,0.6339909110523871,0.8785864522911679,0.582094205546638,0.8484696318017606,0.831351611615835,0.9468799346689335,0.7573412017127708,0.6810594656571671,0.573255110465863,0.7295519399464072,0.8366469404145511,0.49518114593199747,0.9323181362161135,0.8034048049357161,0.9520388201179324,0.9835038526990236,0.7616297349141019,0.8366469404145511,0.8366469404145511,0.9552965407995802,0.9372179328645458,0.8298276445172594,0.8366469404145512,0.9422073751020215,0.8662905055037968,0.8748198271493187,0.905168874242372,0.5416184303861382,0.9552212007715326,0.7757067190872908,0.9019487524837773,0.6994611703957023,0.6151706823790644,0.8366469404145511,0.8952427485294554,0.887324600858632,0.6373701637187876,0.6412617453438971,0.7757067190872906,0.8007144964380075,0.9424505244031278,0.6462254674672541,0.8366469404145511,0.7701707637920907,0.8710580453735792,0.5336285998535533,0.8501636709280131,0.9032190637277586,0.7087079236878453,0.9762988267179673,0.8366469404145511,0.9661469977721233,0.5620301681559896,0.8366469404145511,0.9851314750311744,0.6380607944205701,0.7762247274661316,0.7301705334446282,0.6100703264082652,0.8366469404145511,0.7557306035937397,0.6506082674674476,0.9614643214516851,0.7446556560342468,0.7820442395168388,0.9554317145017996,0.6026741638751406,0.7997114912965639,0.8792701714261306,0.8522414559714525,0.5264860015930057,0.8168886951894985,0.5430971408841692,0.8328225097950002,0.8344341444339021,0.8890719130048326,0.8534517371065098,0.8482101936705038,0.8366469404145511,0.9720303595848359,0.856900515370637,0.7476598777083423,0.8360579401524967,0.8106520233332453,0.8542226146787633,0.7232405295558492,0.9337863250885523,0.8542226146787633,0.8321251814261457,0.8366469404145516,0.9678495262941058,0.8857551615407684,0.8843852272158126,0.886085334247818,0.5650623210388737,0.9463594665995463,0.9017361747273287,0.9425005787593863,0.7301189961322596,0.9769602230412575,0.9092150805000692,0.8042868104497052,0.8005786868753187,0.880169796583101,0.8072219011775714,0.8519411054454569,0.9841115903185182,0.8048280636888832,0.9184751711910426,0.8472527033751736,0.896829139698099,0.8120112012013829,0.7769683054011807,0.9892041917315849,0.6045450915229468,0.7275666174930864,0.7013749637235025,0.9073120486015478,0.8758029025775742,0.6522337956530339,0.7943449276023753,0.9597724394631544,0.8592761403600178,0.8890719130048328,0.7254355927087479,0.9892041917315849,0.8692740702993158,0.8829086099393348,0.8432685886165938,0.5786777189009705,0.962778946131376,0.8295590850681136,0.7549794308251436,0.8928767684124754,0.8965343480632508,0.9215564107896543,0.8986862688461752,0.7613242291844193,0.9274501625197058,0.8873246008586322,0.848469631801761,0.7688645773368554,0.9828928141156721,0.865617129959326,0.8861336061194482,0.7805443212273049,0.7766669967137934,0.8889600910329236,0.8806059912987239,0.7563899567451255,0.9181732824390454,0.8211363610259472,0.8536310064038117,0.8366469404145511,0.8594218446557473,0.8366469404145511,0.8366469404145511,0.5674246997572117,0.7928276225843871,0.898530811741105,0.8366469404145511,0.6586477588615505,0.5296108821904947,0.8818683632950962,0.8459090807517731,0.9260646598510114,0.7099080616858757,0.9019961290987237,0.7045600365871947,0.5048108275848804,0.8695629307131671,0.9355103095556754,0.8594218446557473,0.5943854501402319,0.7855721027080811,0.5665409085130435,0.7588032805300473,0.9169652772772321,0.9663720964715103,0.7910291320942613,0.9024790428203973,0.6993651294688583,0.8476799949376319,0.8692568535748542,0.9269525760029371,0.9930524092524862,0.990622723969609,0.6082620307348394,0.7966491946816792,0.5681130975261924,0.8703173609440517,0.9850039013997476,0.8364182401773811,0.9019487524837775,0.8420845410061708,0.914705981723388,0.5322391925320379,0.8622372411636183,0.886182826862074,0.8071802989549741,0.875802902577574,0.7430118415659792,0.7578334158068949,0.946568570450012,0.7518181224306986,0.9789403022297661,0.9179169809832546,0.7356232281513218,0.4967550655178391,0.8093918692364417,0.7657499998852304,0.9519563995220974,0.9181732824390452,0.883105442013278,0.8366469404145511,0.8534517371065098,0.7225545088088059,0.9848647658607781,0.8954563487580798,0.873016835843782,0.8093289399429965,0.8489421678456057,0.7749561559671654,0.8650108403997214,0.613414488701977,0.9092150805000692,0.7190927692882987,0.8871066906788594,0.8639974522545354,0.8542226146787633,0.8902813032760319,0.9249493662047032,0.8239687012773427,0.8356436707807,0.9179500750655483,0.6341453642314253,0.687810785412567,0.9806780977884915,0.8785864522911682,0.7480565716217271,0.8384951165587786,0.986536068291151,0.8679186029030668,0.9199302278307138,0.9439446294682724,0.7235390789536724,0.7887527722747816,0.8689622026831072,0.8601558513243792,0.7275746915255853,0.7181021361780191,0.9179169809832546,0.9467963908063144,0.8680084166658795,0.9323181362161137,0.965348778925144,0.9698235957431218,0.8742379712316615,0.9073553270510151,0.9574837657491485,0.7746733437456484,0.8321251814261452,0.9753728101585559,0.8861828268620737,0.9257119151632622,0.8366469404145511,0.9583638900909168,0.8416383069616715,0.7196682612932066,0.8639378370903932,0.8366469404145512,0.5813151611613045,0.7894918538508142,0.8724622021248298,0.7921159604555554,0.8667743253329014,0.8475783443801483,0.7965381382549853,0.9754577748623492,0.9493006288103293,0.8231886932765344,0.5689997718955978,0.8105409373486552,0.8934360035877267,0.8443358134528571,0.793323194357584,0.9740407008916265,0.920468137973599,0.8788242050198836,0.9711231149790952,0.8261852442305768,0.9179169809832546,0.9539018943187545,0.8376158603774222,0.9854916690499765,0.7762247274661317,0.8941242231433588,0.9720303595848359,0.8669174086929953,0.9480283064012623,0.7398613855356877,0.6228949211975006,0.831351611615835,0.8846995448489818,0.8484696318017602,0.831351611615835,0.8601558513243792,0.8985308117411052,0.8366469404145511,0.848469631801761,0.7917782793798906,0.8366469404145511,0.8120112012013831,0.7781489178560952,0.8151431811641451,0.8792701714261306,0.9274501625197058,0.9949208478101401,0.831351611615835,0.7020155143416194,0.6245921258050603,0.7018898527082712,0.7959879917978637,0.8366469404145511,0.7376089923545379,0.962778946131376,0.9774384882566038,0.6298919970977221,0.7415731126811158,0.8656171299593258,0.8828101067466851,0.8954130265466864,0.9783677999913529,0.8218614226946037,0.9255776356822873,0.8239687012773425,0.8897496437321539,0.8649118851878814,0.6986535364277687,0.9086983072156898,0.9720303595848359,0.932808934423685,0.8476799949376321,0.8278911373967914,0.5338117336034139,0.8366469404145511,0.9262045388714859,0.9000453259168781,0.8720706944005916,0.8133755885507752,0.8484696318017606,0.8066008061629641,0.5547750727878022,0.8542226146787633,0.6645478843128236,0.5852501269114114,0.8366469404145511,0.8366469404145511,0.9911128018845752,0.7882058024230296,0.8093918692364415,0.7870535610822138,0.48908894823557947,0.7301705334446285,0.8487701787965651,0.6322882256027764,0.8072219011775712,0.6182847530513735,0.8366469404145511,0.9208783026405281,0.8534517371065098,0.8788242050198838,0.7749561559671658,0.8656171299593258,0.642059399974814,0.8366469404145511,0.8366469404145511,0.6334264684602156,0.8366469404145516,0.543319301371965,0.9269525760029373,0.7087959678998474,0.981938664250443,0.832474509502011,0.8130909769002965,0.6395557786227617,0.7544233117643615,0.8366469404145512,0.9397680253128504,0.62448701949866,0.9032190637277582,0.957027487331491,0.9062533113704078,0.8341668970082109,0.7310452715865239,0.8731560845106565,0.7911083226643036,0.8722638948925385,0.8366469404145511,0.5705843578109697,0.8928767684124754,0.7257257156888662,0.8432763856374292,0.8271941845048834,0.8756533149316152,0.8263710077101911,0.8641810917710029,0.9954784803836645,0.7213900784708585,0.6284307769361368,0.9851359856808266,0.905062989002544,0.8563926060959504,0.939601600482806,0.6182847530513735,0.9516450063732009,0.831351611615835,0.6015191942053391,0.9704938584369358,0.8046688139380915,0.8651947238694774,0.9257119151632621,0.9011682506343477,0.9648046911266329,0.8475263632365205,0.7045600365871949,0.9948184212153599,0.5313127631854011,0.8965609737822405,0.9422073751020212,0.8269372819262966,0.9980359534395825,0.8056563693271381,0.8962469047143677,0.7941932721730919,0.9187744765134693,0.6973960628623219,0.9032190637277582,0.6877106838326199,0.9125974523142943,0.7171069471718723,0.7429336012506385,0.8366469404145511,0.798691166075719,0.8669174086929953,0.7455660732219793,0.8720706944005916,0.9837187772381494,0.5971770593156892,0.9010324847757323,0.8366469404145511,0.6904909695209585,0.7356232281513218,0.9774384882566038,0.5957824437470842,0.6758414734748177,0.6053472405856768,0.8534517371065096,0.565140827656621,0.8976942817377447,0.6986431096088678,0.5819802018699101,0.8650108403997219,0.7668055073130533,0.9179169809832546,0.9665616513644976,0.8662905055037968,0.8594654347190347,0.8428585089201044,0.47021805878787337,0.7744479250200265,0.7265370677467737,0.9854916690499764,0.831351611615835,0.5067543399198667,0.8669757326584293,0.7160895231068087,0.6755194832894248,0.7105643943442113,0.8366469404145511,0.6481243346755912,0.8185647388748918,0.7921159604555554,0.8366469404145511,0.6260143888883596,0.9496148527167674,0.8656171299593258,0.8409497677946096,0.831351611615835,0.8884796347928487,0.6948327722679837,0.7030931062652821,0.9926401914468548,0.9601573538290307,0.9371940582150562,0.7477771361294803,0.8366469404145511,0.9711231149790952,0.8366469404145511,0.9365592830429992,0.7167659904356991,0.32327456784484343,0.8788242050198838,0.7843980941238702,0.8512966924438516,0.5422996011093788,0.8954957938227597,0.8366469404145511,0.9649491677242916,0.5049963179163325,0.7544233117643615,0.8649118851878814,0.8239687012773427,0.9843760961287644,0.7588032805300469,0.8175916702760673,0.770288333758864,0.49180123823187527,0.697792339221952,0.770288333758864,0.8977445394428321,0.8534517371065105,0.8832347161846721,0.770288333758864,0.8788242050198838,0.9690069927048911,0.9133773681074786,0.7730778910217584,0.9753728101585561,0.9223040482480094,0.9774384882566038,0.5657755159667,0.9976676873306041,0.8221952157338287,0.474039456987117,0.887290214569154,0.880605991298724,0.9769602230412575,0.8557792204692753,0.8748198271493186,0.9089128829537108,0.7645408857927646,0.8717934167254509,0.9601573538290304,0.8203709025442094,0.9949208478101401,0.8476799949376321,0.6229758087986261,0.9779616180235865,0.7965432256289673,0.9852319126833728,0.5629072067027321,0.8534517371065093,0.8594218446557473,0.6240083616521517,0.5916758598993508,0.9475262311758241,0.574664766238411,0.8012467223931807,0.5542984138052922,0.9444474291147413,0.6379039642698368,0.8366469404145513,0.0,0.6076865408497762,0.8334000927135892,0.42525000919426825,0.5162679047411713,0.9274501625197058,0.8421925154097123,0.6159763415233894,0.5805935137526065,0.8758029025775742,0.9789403022297661,0.9990195274878814,0.6170100692593026,0.47270617398383563,0.8066008061629641,0.7709236158806076,0.946568570450012,0.9983066336144035,0.5065618329627117,0.9108603479146291,0.8726518023669643,0.4790150878708307,0.5564958777725426,0.9943691226198748,0.9370335469448389,0.5791637711152554,0.6097816113251511,0.9495157921839296,0.8261852442305766,0.5306236373513873,0.9301735490979692,0.7919198971282342,0.8680084166658798,0.4487560991029954,0.9065410795186519,0.8934360035877267,0.42620802702296545,0.9930524092524862,0.9745118908290661,0.8720706944005916,0.597454536618738,0.8656171299593258,0.5082297709642132,0.8594218446557473
p352_T,0.7682155459286117,0.8448119162633758,0.6679449814624521,0.8810234245122153,0.987394624057748,0.9982572160672623,0.9647474181231691,0.9820318065704678,0.7689974779822268,0.9044659624194149,0.9995623481084359,0.9951598794226075,0.9951598794226075,0.5524552178314092,0.9409652010665955,0.8676763350718879,0.8543379886219318,0.43837419721469717,0.8185124336423447,0.9690469718238905,0.6559903024578375,0.8357120864475066,0.9545357253183209,0.9167698423523449,0.9008738172741857,0.835461190590242,0.5751056000149393,0.8878893398710559,0.9690469718238907,0.8612434334846607,0.8198810166740815,0.927714695159251,0.6223507190068818,0.9911770567164957,0.9116607121466378,0.8587754259106984,0.8820731393531336,0.5920619106694154,0.9095092958001549,0.5040642398906785,0.6405828047436546,0.9441595731099779,0.9095092958001549,0.8767176140729918,0.854337988621932,0.5112780196297095,0.8862516682966308,0.8196118270222221,0.8358962373639192,0.7956369567836057,0.8905618443793011,0.5953666249941185,0.835461190590242,0.918336184177788,0.9536059642685943,0.9045357448920157,0.8440826446008818,0.8780124908814328,0.8985876457397046,0.965675107921693,0.794698056697059,0.8952681188513194,0.9311287554899162,0.8538549703121607,0.6802780473895844,0.7272331589150378,0.9979796032808487,0.8130913333733141,0.8598609233696163,0.8990384181790523,0.7023004129354257,0.83227176516284,0.9537464027925434,0.6435101047403033,0.8780124908814328,0.9314105856257008,0.9088527911762523,0.883672127222253,0.7242880729487995,0.7798729832649693,0.8845474310053816,0.9760924645748441,0.8595966110423854,0.7236531520056116,0.8780124908814328,0.5934212949328013,0.9939978319683325,0.5891628361360617,0.9139168146135781,0.8740580870168317,0.8780124908814328,0.5199675851165364,0.5482670879044759,0.7307895553324899,0.8717703152872653,0.8196118270222221,0.5340425985805386,0.9088679893884183,0.7302359012358859,0.7272593909880958,0.7183918393473308,0.9938250905646742,0.6509124114057016,0.7007032955467336,0.8732805009979305,0.8996466204791784,0.7515124071886803,0.6438749743106467,0.9878089088250694,0.6940395855347794,0.5806106241802658,0.7921716494207314,0.8141536972510612,0.8836464237055799,0.8862516682966308,0.7973786130913918,0.918336184177788,0.8996466204791784,0.9538832559337087,0.7711516474673175,0.8767176140729918,0.5785825858794325,0.5947513140471368,0.9644128554156066,0.9829976563609919,0.8181216101898781,0.8820731393531338,0.7636918551550634,0.9067535954069721,0.8622031837320205,0.7955698724702422,0.8862516682966308,0.7750624986011462,0.9095092958001549,0.7302347047966018,0.7527929420710903,0.7961670330016708,0.9608267525008984,0.8905618443793009,0.8701999879391746,0.7546695083038526,0.9044659624194147,0.9803014218639383,0.7373467476556241,0.6018022266869989,0.8063556810848245,0.928863398772477,0.7435816424591515,0.8833228416971848,0.5644082004985436,0.9690469718238905,0.85566241964557,0.8370194865815636,0.9005389878426329,0.8865210509409976,0.8833228416971846,0.7995259359149843,0.5775569242418575,0.8001699121619759,0.7036208940517148,0.8644659235948728,0.9579672831419932,0.6751816881897448,0.6705957834795406,0.9028101767361295,0.6692869309800129,0.7313636898549296,0.6987479408077921,0.8473491267717792,0.7986360656681148,0.7871467940319847,0.8740580870168317,0.8291212617398853,0.8417972500064603,0.9019022996554895,0.7930208333333331,0.97956440271576,0.7729756285315657,0.6881380310604794,0.6979135523562336,0.8093256403144207,0.8232710241522814,0.9446352888037228,0.9951598794226075,0.7419338367119819,0.7345057856790972,0.7391428561348357,0.8620641873796373,0.8887296967329333,0.9216468514188099,0.9338500679275201,0.8289675444825273,0.6405003322266856,0.63981169815434,0.8150195110132294,0.8780124908814328,0.8820731393531336,0.8115496121190979,0.8586752782853195,0.7735211235128083,0.8511284804133239,0.9951598794226075,0.8780124908814328,0.834711141069316,0.7700302601929598,0.9044659624194149,0.8780124908814328,0.8262301029672122,0.8402960049689556,0.7812084503503387,0.7204017511943132,0.8857186147103351,0.7009003039113462,0.8780124908814328,0.7335710651812408,0.8780124908814328,0.812010631077037,0.6702010002714938,0.5916420096011348,0.8780124908814328,0.9738249296059338,0.8780124908814328,0.7702706747693189,0.859068586783313,0.5807221851502266,0.9051510184869356,0.7193124500538768,0.6092846450297489,0.8701999879391744,0.9362179957732526,0.8520894306481992,0.7582299483471948,0.906720056031951,0.9911770567164951,0.8865210509409972,0.8165425919910572,0.8846418691788009,0.757698133776238,0.8836956006812631,0.7964816474428265,0.796481647442826,0.8664296227710762,0.5071321240666993,0.9338500679275203,0.8780124908814328,0.9051523604767031,0.8780124908814328,0.828288817712634,0.7653747772958752,0.9648675459392013,0.9498601865175251,0.6092846450297491,0.9167698423523449,0.8153408232962929,0.848662316449138,0.5499555576095929,0.8546995720007073,0.7798559378051304,0.8862516682966308,0.5359065626176128,0.9772796568738598,0.7493466437951115,0.8740580870168317,0.9891520826002305,0.5267075802279642,0.9095092958001549,0.7960370132465548,0.6903611992242538,0.9441595731099779,0.959544711558128,0.5693333026573478,0.9608267525008982,0.7609049895189508,0.7019355006020771,0.7699929922856232,0.8996466204791784,0.7090252169624189,0.9237519398073375,0.8361320792214733,0.7443431059191559,0.8996466204791784,0.9632002305182426,0.6712142744126486,0.9891520826002302,0.8592642631772318,0.6228626906915812,0.7193124500538766,0.8503519387262919,0.6680717067264856,0.965675107921693,0.8862516682966308,0.9579672831419932,0.5542074903042846,0.939301410447406,0.6324043849078653,0.6673670235282576,0.90010966403673,0.9653644330183686,0.7379864491056369,0.6509124114057014,0.7082685460280576,0.7797245721249252,0.8865210509409978,0.6560386679030019,0.9289924236939666,0.9703171020126445,0.50406423989068,0.9100305263285022,0.7223140768564178,0.8242720635380048,0.8288295809586366,0.7312117415933521,0.9339777507280551,0.953660205619685,0.5806992426625583,0.9690469718238905,0.8289675444825273,0.9044659624194151,0.9911770567164954,0.9498318987842802,0.9045093889024668,0.8862516682966308,0.8780124908814328,0.8905618443793013,0.9560213724509794,0.5421119989568484,0.8996466204791784,0.9336294085971082,0.8970733542521874,0.8780124908814328,0.8764916349243244,0.9399096127475324,0.7798729832649696,0.9116386468550659,0.829812996168722,0.8093070140495187,0.9648675459392011,0.720554288944911,0.5117219488003244,0.932150271874697,0.8627395392561963,0.5545360942562851,0.922109475719312,0.8050745088528024,0.5425680655297416,0.8887296967329332,0.8695254605469693,0.9982572160672625,0.61038041302605,0.5610414729183459,0.6112035506686251,0.9905329065964061,0.8740580870168317,0.9963584148371305,0.7214835095048981,0.6680717067264856,0.6856841544441152,0.4895210143326071,0.8780124908814328,0.7122021702648387,0.9364974377814206,0.573620267893205,0.9364974377814208,0.926884616571659,0.6748923436651373,0.8780124908814328,0.8780124908814328,0.9343739182315296,0.8889376109828275,0.5997549035170231,0.8780124908814328,0.988790672923878,0.6845606326709063,0.8340851092721,0.864581024626396,0.6542804272697422,0.9789571546770472,0.5888434687192381,0.7505670456554265,0.498805958439949,0.553949811303194,0.8780124908814328,0.900538987842632,0.6471457445225663,0.6079613204204815,0.6433061410883045,0.9454185216116365,0.7636816141949784,0.8862516682966308,0.6408114308574531,0.8780124908814328,0.528762526036476,0.9570632059254539,0.6616519757643,0.5374778427094234,0.9861632483507676,0.608425443930876,0.8040835690316777,0.8780124908814328,0.8454344032830192,0.7058148637911881,0.8780124908814328,0.9119514572314038,0.9853273257532285,0.826440912690372,0.4867880280145829,0.6560386679030019,0.8780124908814328,0.8598609233696162,0.7176670115428259,0.9505428281988995,0.7745954764775411,0.8989586134877932,0.797581375305207,0.8004847032531088,0.6230205316435199,0.8862516682966308,0.8712442473861115,0.7452858298473437,0.6357907287750801,0.7409957713250119,0.7612884842159915,0.7756524453697928,0.872601016137001,0.8905618443793009,0.5939808998279241,0.8780124908814328,0.9399096127475324,0.5869060232386742,0.9619779710968783,0.9714650966700185,0.9250896219463323,0.8701999879391749,0.9173271888702892,0.9444433456508098,0.8701999879391749,0.8257270167791618,0.7855052964665203,0.977549159067497,0.8573954210345454,0.6912719235150707,0.9801726050158863,0.7241061174682237,0.9466283176716466,0.9928443534876485,0.9818472950454276,0.7548311590926617,0.9208571272395869,0.8425599060671962,0.8849056208660414,0.843606966956163,0.9084082505245639,0.8386920621222611,0.6654220048633481,0.8258230650068077,0.9221094757193118,0.827713223789547,0.9314084850643447,0.9866250488268015,0.6751816881897448,0.9716496214954256,0.9424925414484728,0.8439696564643357,0.7424407212026816,0.8435333946238812,0.7043418183449053,0.9163896305345967,0.7153218433816086,0.8395983236342688,0.8842849992872084,0.8687922038870259,0.8726010161370015,0.493547359768878,0.9135199862269272,0.9739315181348575,0.9224423342309349,0.984446564926525,0.7712764125122538,0.8627436797446013,0.6445171853184843,0.7443866792247861,0.7724998729464306,0.8553193493671492,0.9399096127475324,0.96795937912982,0.7956369567836057,0.8347150649949071,0.9764540857008424,0.7612605257529343,0.9284812646837413,0.9277146951592508,0.9399096127475324,0.7224348273110895,0.5988680136121276,0.6081033886602274,0.9951598794226075,0.9067535954069723,0.7242880729487997,0.9410515354207882,0.8664296227710759,0.6030532909636166,0.8780124908814328,0.8950201541957776,0.8780124908814328,0.8780124908814328,0.6977039345851035,0.845289446409895,0.7647899073490484,0.8780124908814328,0.6447705569625513,0.7168467168147756,0.8622031837320205,0.833425851828441,0.9180318651136674,0.8387102643981907,0.7712320121821378,0.7663260934043872,0.753108857010854,0.8930283475936622,0.8350923811048307,0.9891520826002305,0.8245733265229016,0.6256389544519878,0.7017629579044113,0.7465234671013438,0.8627395392561961,0.965675107921693,0.6070067955199876,0.972238662998439,0.5660692746713631,0.922109475719312,0.672563306557511,0.8804711109122256,0.9503729159023055,0.8999125858641075,0.7141408876068613,0.8503318408403304,0.8353409653293995,0.9272241555912142,0.8079838110035127,0.8862516682966308,0.8804711109122261,0.736263127655542,0.9461547203794086,0.7842162799684431,0.7271543447849105,0.927714695159251,0.6733602254514501,0.8664296227710766,0.74436503948625,0.5157686767950131,0.8643778458620469,0.6079613204204815,0.8717703152872653,0.8686209035320767,0.5468190534402977,0.739613143299098,0.8456553888742819,0.5687833212154008,0.7789487259194532,0.8385728496239446,0.9105509722452534,0.8780124908814328,0.8905618443793009,0.8878893398710557,0.9789571546770472,0.7675497479929962,0.8520894306481985,0.8701999879391749,0.9572813651043306,0.7738609230034773,0.8269717168648258,0.6620703534205159,0.7160728403105019,0.7133185120655978,0.9424925414484728,0.7780570757961034,0.8701999879391749,0.9536059642685943,0.7658633992127393,0.5901173471913554,0.6483566230177904,0.8047886672009725,0.7468989398400288,0.5610401940497605,0.8182482245886753,0.9006221969695165,0.7147930507721167,0.6220730041423939,0.8439696564643355,0.9466283176716466,0.7617272248982543,0.9167698423523452,0.6854536856019582,0.8853200366092293,0.8171817465686351,0.8740580870168317,0.5613569560093037,0.4626105625847331,0.9538832559337085,0.8827764194926169,0.9579672831419932,0.6605757616879118,0.8657481534136093,0.7394378939268736,0.901423458049758,0.8669666660526145,0.9599795903498831,0.7630173026641403,0.5649740197852496,0.9951598794226075,0.8905618443793009,0.9538832559337087,0.8780124908814328,0.8956293685997814,0.6673857410662342,0.6242471095691129,0.6423309257935701,0.8780124908814328,0.8080540263016407,0.5433347890557763,0.85566241964557,0.8810234245122154,0.8711821230159715,0.6679449814624516,0.7496034667366613,0.7770508885831278,0.9250896219463323,0.7988728569795355,0.6883388572722708,0.5270705421557467,0.8950201541957776,0.7576981337762394,0.8189444835501715,0.8627436797446011,0.7434675985328105,0.7354990231314156,0.8507779282327539,0.7478995321307523,0.8242469433985233,0.8591232092880787,0.8189444835501716,0.8864499602621341,0.903222599270814,0.9224392425478933,0.8996466204791786,0.9453089334118425,0.9088527911762525,0.5882022387435035,0.6705957834795404,0.8740580870168317,0.927714695159251,0.8664296227710759,0.8740580870168317,0.8740580870168317,0.9182680835365258,0.8780124908814328,0.928481264683741,0.8385728496239446,0.8780124908814328,0.5947064926738808,0.8212143364884735,0.8996466204791784,0.8862516682966308,0.9119335737975687,0.979140048650021,0.874058087016832,0.5758629853389989,0.7551472518010767,0.8452894464098946,0.7560224182070749,0.8780124908814328,0.5875465099137303,0.9579672831419932,0.9224423342309347,0.6201656327978615,0.7239642779196883,0.7379864491056367,0.9791400486500211,0.8486623164491385,0.8530034923481352,0.9008738172741856,0.8780124908814328,0.8622031837320205,0.8645610441348183,0.9874098650038853,0.7807023278317788,0.7967544615576163,0.97956440271576,0.7848451608295746,0.922109475719312,0.710520932869943,0.75893797977524,0.8780124908814328,0.9789571546770472,0.8784683043332188,0.9044659624194149,0.5526012592737528,0.9595070856400736,0.9126446824437987,0.6974604220975196,0.8701999879391749,0.6139826760519413,0.6416659762771932,0.8780124908814328,0.8780124908814328,0.8587052699007107,0.8490588680364781,0.6585365144388695,0.7219537800150335,0.7212962394162536,0.5015084060671976,0.7118679683671386,0.679044327703126,0.6339703829391552,0.6829575046187792,0.8780124908814328,0.8782070039168683,0.8905618443793009,0.9095092958001549,0.47306914287147506,0.8996466204791784,0.714793050772117,0.8780124908814328,0.8780124908814328,0.5870008040644952,0.7855052964665205,0.6064082180521475,0.965616151704306,0.402148478161398,0.8538549703121607,0.9003190573751396,0.9522612428073793,0.6629284725039952,0.46531789369773346,0.8780124908814328,0.6996532410066806,0.6357321885123457,0.8820731393531336,0.8990384181790522,0.8530536913563287,0.9780000996364258,0.8567388284504025,0.7053454061913199,0.9861632483507676,0.9369387194972894,0.8780124908814328,0.7181830292631233,0.9515784509600608,0.8359309706791032,0.81670552342312,0.7329674653891392,0.8887296967329334,0.8724456568024253,0.6712724092155471,0.933629408597108,0.9994488701278454,0.7827712310954107,0.9284812646837413,0.9887906729238778,0.8138775264270355,0.8873300914613187,0.6976427923281527,0.8905618443793009,0.8740580870168317,0.7361464404372711,0.8291212617398851,0.7872819560589402,0.8804579639804215,0.9982572160672623,0.8530034923481354,0.9095092958001549,0.9095092958001549,0.7180334860412914,0.8537909162704223,0.7505156416627576,0.9453089334118425,0.9690469718238905,0.9776204877676404,0.9372344714402792,0.7398889415554832,0.6223507190068829,0.874058087016832,0.9548120669934363,0.745316019566798,0.9167698423523449,0.6754039045011038,0.9364974377814204,0.9472375383900391,0.9148346991076497,0.8780124908814328,0.4829732360300576,0.8780124908814328,0.6108742399235361,0.9044659624194149,0.9503729159023058,0.8419671387150727,0.7893073256663196,0.8780124908814328,0.6620703534205159,0.5322244928924029,0.8419671387150718,0.6650746769733891,0.6733792745494314,0.653586929200032,0.8905618443793009,0.7064997723566819,0.7831681004177424,0.9554667487813483,0.6161055532700814,0.6904138682292932,0.714794404957721,0.8686209035320767,0.9362179957732526,0.7182088539361109,0.8327454631808753,0.9890494669669533,0.765449642501314,0.8059907411393346,0.5317348903447319,0.9789571546770472,0.8740580870168317,0.7282253051430632,0.6220730041423942,0.8887930641802502,0.5646582716081945,0.5793979379350822,0.8780124908814328,0.63667987393211,0.7585494542019472,0.552455217831409,0.8780124908814328,0.7072497277575391,0.7737947606942116,0.8996466204791784,0.8726010161370015,0.874058087016832,0.779669055943801,0.9132645418968569,0.9601539049007307,0.9446352888037228,0.8273449341864717,0.9089064260461461,0.5093516713656705,0.8780124908814328,0.974630751088718,0.8780124908814328,0.8996466204791784,0.705777006362595,0.7222305053185769,0.9095092958001549,0.8961915038027517,0.6161055532700808,0.7716807699327419,0.904492582132273,0.8780124908814328,0.7930127786581699,0.6294755563369585,0.8257974256919907,0.7224348273110895,0.8091891348220037,0.8905618443793009,0.7706121068915978,0.9594947976170569,0.7993245940412694,0.7799545291673542,0.579397937935082,0.7993245940412694,0.8138775264270355,0.7007567970412465,0.9179722794899132,0.7993245940412694,0.9095092958001549,0.8273909537477644,0.9861632483507676,0.6857582785985317,0.7335958123014865,0.888179787038577,0.7288318185336542,0.9806087022159997,0.9060175412581504,0.9545357253183209,0.793658599994084,0.8577973034300124,0.9721446121872523,0.9939978319683327,0.5773119752976825,0.7636776364119273,0.5475467525685533,0.8866162824085273,0.8093256403144207,0.7446404091730456,0.6061663929593682,0.9167698423523449,0.8862516682966308,0.8817438227146976,0.6364810652616775,0.8260073636615612,0.8024341677705473,0.8782070039168681,0.927714695159251,0.8950201541957776,0.6969432759759475,0.8717703152872653,0.7117824525963291,0.8245733265229018,0.9874098650038853,0.6464227986924458,0.6504099509975092,0.9357231274242306,0.8780124908814328,0.6076865408497762,0.0,0.7368981379769219,0.8000801013906731,0.9826228168978681,0.9505428281988995,0.9911770567164953,0.7361464404372708,0.835461190590242,0.6681830628839369,0.9450338808337242,0.8732433490002066,0.6919060614033441,0.8825490680853292,0.8257270167791617,0.6721974333582341,0.7009003039113463,0.9268522993138381,0.9373184665069725,0.6834546426311958,0.9167698423523449,0.7273245195958455,0.8260073636615608,0.7910280648992388,0.897763047382468,0.7368631628176407,0.9240078988168061,0.8115496121190977,0.9388497720957887,0.7176743464345654,0.836132079221473,0.36105165642675985,0.9579672831419932,0.7579902089015182,0.9702574050812467,0.8950201541957776,0.7985681378679947,0.7921716494207307,0.9097466426515983,0.9044659624194149,0.9927146432441705,0.8996466204791784,0.9784807704135312,0.8950201541957776
p353_E,0.6843446650519693,0.842518898605114,0.6788090176086243,0.8114220549067449,0.9548120669934361,0.9354001807590553,0.9655596233734265,0.9213124613961716,0.8350911146232849,0.9317998283510545,0.5619769605887661,0.950802817126357,0.9100921482984174,0.5191968684560528,0.9516026630776218,0.8035217116670972,0.8635636972691019,0.7945398668349817,0.8209741793753841,0.9632036283196386,0.9421085778684011,0.7168583413736431,0.9915753345612033,0.959016409305403,0.7268703810384534,0.8825384613814415,0.5931420433533698,0.8843101430924512,0.9632036283196383,0.8460688282066947,0.8714160325350084,0.9681346172628937,0.9020120239820868,0.8608459111363296,0.9129151319089193,0.9283593797331273,0.6089591155381724,0.5699923005911561,0.9354001807590557,0.4840781770381316,0.827509656271578,0.9838326641990404,0.9354001807590555,0.8506944444444444,0.8635636972691012,0.9711671980160189,0.5900729478685124,0.9266731033407902,0.7701252849114623,0.8144941163224848,0.9218739081138492,0.8686485503942598,0.8825384613814415,0.9362947736931573,0.9848460455693228,0.9093131618258099,0.8780124908814337,0.9129151319089186,0.9330752315686051,0.6567671867546983,0.8389311826932677,0.8977681382726287,0.8825384613814424,0.8275096562715778,0.9250566218612026,0.7731477167173624,0.9681346172628937,0.7728354400616173,0.8913284760557187,0.9713740439102772,0.7597690973366419,0.8802615832433558,0.9548120669934363,0.7586487358988605,0.9129151319089186,0.9486496088807318,0.894409087337305,0.9227274608254377,0.9191508202418861,0.898843693901776,0.9329723390798932,0.9205840625096653,0.7919215273538402,0.979414962916515,0.9129151319089186,0.5837670955023306,0.9297484119999462,0.6650721558487984,0.8319271203395057,0.9100921482984172,0.9129151319089186,0.7018406933390284,0.8400611659638743,0.8301900243750908,0.934407051006906,0.8293937334241626,0.7113511807594722,0.9454380141177536,0.7833434515885083,0.7996521871176263,0.8780124908814335,0.9187969445925777,0.6262185821613928,0.9245031268203956,0.8470580936410483,0.5201744503055977,0.49561027412015135,0.7428764733130175,0.8919625271106499,0.7999904158120232,0.7873800192011955,0.885340857755158,0.923835594396911,0.7136204212992927,0.5900729478685124,0.8982785394902804,0.989976450406266,0.9283593797331273,0.9354001807590555,0.8562910396493493,0.8506944444444442,0.7516471430648395,0.48430950440606546,0.871416032535008,0.8268320340133398,0.6528116552208851,0.6089591155381724,0.963334254177939,0.950802817126357,0.8997897429930029,0.7818545712935618,0.9187969445925774,0.708040418693795,0.8435916521220533,0.9046463136602705,0.8992784490663218,0.8573627791727301,0.9393439644390171,0.5692582912466633,0.9469647240084873,0.9536498479679387,0.5432174550024127,0.717540627776444,0.8855133576425951,0.7880032428983705,0.8467285647384584,0.8858672364550395,0.8439713408604812,0.9926063688129417,0.9640775068801316,0.9842981000157078,0.9401438614375077,0.5934729563388708,0.8180514773174048,0.9856046735880617,0.8802615832433558,0.9139561426963674,0.8503309402513616,0.887593997933911,0.9073380439086617,0.9488390608827737,0.9634451361870242,0.7788059275999824,0.8603059406537663,0.914433497548216,0.8675688463045337,0.9964124726310091,0.7138046051626503,0.8735911795315163,0.9659024674482177,0.899089610841952,0.6420904945942465,0.8780124908814342,0.8500946425519988,0.9159726452485054,0.9944876366103126,0.9784926679114252,0.9031535625852032,0.9944858957191614,0.7920984822710679,0.848705418705511,0.8316113810011563,0.9719145037145629,0.9100921482984174,0.7584589334404308,0.6600846710831281,0.8562910396493493,0.9047971029774382,0.8994303857428692,0.8643444939088061,0.9073379150848058,0.8599816030225975,0.7320252826506685,0.8557657473217404,0.8827339507600727,0.9129151319089186,0.91137624814767,0.7360208046020622,0.9023532608616331,0.8667545324834133,0.9757158464353137,0.9100921482984174,0.9129151319089186,0.9362423495373564,0.8197343981621148,0.9317998283510545,0.9129151319089186,0.8270753092216272,0.8547116092900202,0.8500703711925581,0.9137600507373362,0.8871934551523856,0.9100921482984174,0.9129151319089186,0.9708640661864649,0.9129151319089184,0.9878051898897036,0.8015326725304828,0.7535215421163008,0.9129151319089186,0.7750194700802231,0.9129151319089186,0.9226779779658298,0.8408651185851415,0.5918788345234054,0.9787958314706541,0.9187969445925777,0.8234077572565499,0.9073379150848062,0.566335209546825,0.894409087337305,0.9654470311235677,0.7160606224715591,0.9454114008802861,0.800561836991883,0.9723577842397159,0.8355462780873544,0.9813488436149442,0.9144334975482158,0.845234487944786,0.85471160929002,0.9408270269593112,0.7294055858014361,0.9469647240084869,0.9129151319089186,0.8331840572920641,0.9129151319089186,0.8346490620342748,0.7634016053724607,0.9218739081138494,0.9083097509249546,0.8054335775677179,0.9113762481476702,0.8526962823400321,0.7268703810384538,0.7433063121743402,0.8505773607781034,0.7620678882226806,0.9026102890296367,0.8019059034334373,0.7800568255207712,0.9058534347664986,0.9100921482984172,0.9731307655897723,0.9574387722486126,0.9354001807590557,0.789480516021206,0.9849507247762664,0.8848449272091168,0.7782593906983291,0.7487341623440547,0.9218739081138494,0.9343834217802336,0.9137279311604514,0.8171086489668081,0.5201744503055977,0.7066939496814983,0.9066913327779607,0.9539851747197046,0.7766507462542243,0.5201744503055977,0.7849070216922116,0.7728521037458715,0.786498515767379,0.8496007521143938,0.9283121294870212,0.6347211394629579,0.8608459111363296,0.741942244796461,0.6567671867546985,0.9187969445925774,0.9634451361870242,0.7666372570341466,0.9784926679114252,0.9259096512616021,0.869675167987205,0.9295796011720647,0.9980845643324875,0.9784926679114252,0.8776001926684954,0.7701252849114621,0.8549012313731063,0.7080404186937947,0.7515515690890389,0.9454739366115257,0.9919066722185295,0.9290403448410907,0.8567411419143385,0.9134493984400539,0.9486729941161243,0.8901925261153096,0.8774999294167622,0.8691983028691895,0.7369300012316922,0.7563619950319367,0.9317998283510542,0.8848720914219104,0.9317998283510542,0.7163266401438877,0.9816226255653286,0.8694849987998701,0.9187969445925777,0.9129151319089186,0.9218739081138487,0.8210981079545486,0.7945398668349822,0.5201744503055977,0.9731307655897723,0.9915134859542967,0.9129151319089186,0.5189610582106907,0.9283593797331273,0.7330875685626072,0.6813379927353074,0.93279342042237,0.8871829502996262,0.9218739081138494,0.9210622922226803,0.7521865467614592,0.9959171885245304,0.9020120239820868,0.871995390971471,0.9187969445925777,0.8608459111363296,0.756490058747794,0.8994303857428692,0.8729470893232492,0.9906522225387784,0.7959593567232917,0.8008921298878451,0.7991344692779756,0.5931420433533714,0.9100921482984172,0.9329446228137488,0.8628549293818553,0.741942244796461,0.8532985084170537,0.7219368035411675,0.9129151319089186,0.8084556902657023,0.9702750930026953,0.8518946053318469,0.8346183644682539,0.9317998283510542,0.9273827293095147,0.9129151319089186,0.9129151319089186,0.9756106192011327,0.909762579821223,0.7817130746320883,0.9129151319089184,0.9632036283196386,0.9129151319089193,0.9255752772876336,0.914433497548216,0.8377500727419276,0.9129151319089193,0.8347453030609584,0.7521976660362841,0.6872333639440638,0.7461464628214101,0.9129151319089186,0.9641367288021646,0.8675688463045335,0.814787161277384,0.6756146863972048,0.5979517762781758,0.767442906513681,0.9187969445925774,0.7226291548382384,0.9129151319089186,0.6606995976145855,0.9560007027267697,0.9783766687100961,0.9736273022046276,0.9158139617897607,0.821334687695053,0.8339901383045344,0.9129151319089186,0.9164473805868922,0.8647892014686024,0.9129151319089186,0.9827412573001976,0.900471495114002,0.9778174731175213,0.7301592569407438,0.7334258404949177,0.9129151319089186,0.8194238795028811,0.8916526157365259,0.9731307655897723,0.6279920232235823,0.7301592569407438,0.8408651185851412,0.842808976093194,0.705352044702152,0.5900729478685124,0.9215056404872426,0.8053414778755115,0.8043833781040408,0.7475870754443055,0.8158151092076323,0.7846110076976112,0.8895546908938257,0.5692582912466633,0.7945398668349821,0.9129151319089186,0.9283593797331273,0.9236748158396103,0.8255989118598905,0.9329723390798932,0.7232519921210512,0.9073379150848062,0.9439951272442051,0.959016409305403,0.9073379150848062,0.8145023107544365,0.7519093874149441,0.9731591616434458,0.8406815875181926,0.7915515593870246,0.9784926679114252,0.7366226559312063,0.9317998283510542,0.9731591616434461,0.8043833781040406,0.9789336262674346,0.8935549646868486,0.9317998283510542,0.7822202260690735,0.8567411419143385,0.9091257749126654,0.9176755293570775,0.894409087337305,0.9198746321698023,0.9187969445925774,0.8608459111363296,0.9552181517762152,0.9545571771754275,0.712003703179904,0.924075074917003,0.8968972890562261,0.8714160325350084,0.8557229147777173,0.807782629997637,0.7364056744387394,0.9408270269593112,0.7362385397526325,0.6608574212533171,0.9547977959327028,0.9873862869297436,0.9575684533387443,0.7246957023866211,0.9329723390798932,0.961037308217473,0.8871829502996262,0.79067923289657,0.6683306155971209,0.8133139058407438,0.9659024674482177,0.8613789118378353,0.8346183644682533,0.9482164295783595,0.8209741793753841,0.9391363097210099,0.8375257920528889,0.7864985157673795,0.911879144270564,0.7090370378886837,0.9432779785053751,0.9218739081138494,0.9283593797331273,0.798651461799005,0.8349316633184514,0.8506944444444446,0.6013798257663068,0.9100921482984174,0.734081121072206,0.968466004603354,0.9432779785053749,0.8646114940903056,0.9129151319089186,0.4980536533959615,0.9129151319089186,0.9129151319089186,0.7628513402452259,0.8895546908938259,0.8890344077176484,0.9129151319089186,0.6914880767825642,0.740756140758676,0.9910997469105629,0.9187677456797507,0.9423555494141215,0.7876964072812099,0.8413325361856501,0.8578781883458775,0.7255342655376826,0.8717041151207318,0.9618926044851748,0.9250566218612026,0.8587856401289509,0.7092635708338153,0.8322440278990717,0.6186882768902859,0.9397260007982835,0.9469647240084871,0.8115605730153592,0.9250566218612026,0.5635268291855426,0.5454247562740662,0.9517276842634255,0.8944090873373047,0.885340857755158,0.9235615721162846,0.837336561231786,0.4795550128867845,0.8389311826932679,0.8895546908938254,0.9659676376416982,0.9187969445925777,0.894409087337305,0.6521615630538173,0.7693383645944696,0.8343016702058352,0.9889592664955447,0.9218739081138492,0.8144370750729597,0.9046463136602705,0.8570054360093488,0.7113511807594728,0.9100921482984172,0.814787161277384,0.9039991152692111,0.7883396103423302,0.7150069951375122,0.8717821921897655,0.8331840572920641,0.7020783716527796,0.8228763153615667,0.9174256501960689,0.9732139482713471,0.9129151319089186,0.5692582912466633,0.9670171466267896,0.9129151319089193,0.8828277077958355,0.9995729386747718,0.907337915084806,0.5182501057145854,0.8587876442326954,0.8043833781040409,0.7376965360741818,0.9317998283510545,0.7404966410612803,0.7784272607307691,0.7710692308750218,0.9073379150848062,0.9774399776144804,0.8429556500200683,0.6815687228001354,0.9539851747197043,0.9625215846107404,0.8378099334984943,0.759126059853265,0.8467403986268276,0.7727036333065267,0.8041357469285226,0.8353993798668009,0.871416032535008,0.9632036283196383,0.9612656347199036,0.959016409305403,0.7255654156442037,0.9813488436149447,0.8163372768230484,0.9100921482984172,0.6632588067099703,0.6621508247972814,0.9354001807590553,0.8573627791727301,0.9187969445925774,0.8067460012498178,0.7572928415920821,0.9505061315050385,0.904797102977438,0.7086698693446458,0.934779703866216,0.9215056404872426,0.9329723390798932,0.9677758452177637,0.5692582912466633,0.9354001807590553,0.9129151319089186,0.8854576196318019,0.8509295236438721,0.9056462594368662,0.6522667987896074,0.9129151319089184,0.997939076134081,0.8932097496371285,0.8389311826932677,0.8671302399974952,0.8911135129842752,0.6788090176086243,0.796270297929361,0.7911716845656773,0.9066324902711425,0.8389311826932677,0.7439441203046289,0.7524203850095579,0.546127797124531,0.4506861421473468,0.8780124908814337,0.9472584806240831,0.9638221193864542,0.62258348500316,0.939152710725605,0.6963939956783811,0.7883396103423301,0.8994303857428694,0.6524774449529205,0.9194971277530125,0.7674878367136009,0.954954207304759,0.9283593797331273,0.9613940628375296,0.894409087337305,0.7108187195182338,0.7696772976831601,0.9100921482984172,0.9218739081138494,0.9046463136602703,0.9100921482984172,0.9100921482984172,0.8608459111363296,0.9129151319089186,0.9046463136602703,0.9939861818069966,0.9129151319089186,0.7120037031799039,0.9584370534611018,0.9283593797331273,0.5900729478685124,0.9250566218612026,0.9158139617897607,0.9100921482984172,0.6813209254879639,0.7566520244083252,0.8895546908938257,0.7273922554232584,0.9129151319089186,0.9039331093784334,0.947258480624083,0.8871829502996262,0.7543411806896023,0.6165503474217945,0.6705743148404912,0.959016409305403,0.8919625271106499,0.5451805851795937,0.8654765962569624,0.6262185821613941,0.8819892368141287,0.8174942724956776,0.9314037608379147,0.896491743638332,0.9588025108491051,0.9784926679114252,0.9756106192011327,0.5900729478685125,0.6232111601383653,0.748366960676881,0.9129151319089186,0.9613940628375297,0.9611106211939561,0.9317998283510545,0.9681670526196606,0.5545103785082668,0.8866524108017708,0.7916834130310018,0.9073379150848062,0.7318783668654596,0.810636583901214,0.9129151319089186,0.9129151319089186,0.9583210411272183,0.6902493398133045,0.6235450595240405,0.8422134663889831,0.8118235148934052,0.9501074267399159,0.6273177404042979,0.7472267399240065,0.9833367336529988,0.752457625607909,0.9129151319089186,0.9274078417842686,0.5692582912466633,0.9354001807590557,0.896240600770338,0.5201744503055977,0.7292298338532377,0.9129151319089186,0.9129151319089186,0.7202633520003141,0.7519093874149441,0.6981621359881589,0.6815190167110021,0.8280002125352853,0.827509656271578,0.8757895304704919,0.5689564771945128,0.7726797696742984,0.8267215679427371,0.9129151319089184,0.9543449980412201,0.7607811618439113,0.6089591155381724,0.9283593797331273,0.9395281578266514,0.8350914616551658,0.8386491402440521,0.9739801805604328,0.9158139617897607,0.8416906387965422,0.9129151319089186,0.7028615372833038,0.9424027297842592,0.8275096562715778,0.7773521511080497,0.8632646892505028,0.9531120624559778,0.8370066724312022,0.6207172904423004,0.9731307655897723,0.7746647422005204,0.7638702445459515,0.9046463136602703,0.9317998283510542,0.9840203145777717,0.882538461381442,0.6793163393559278,0.939343964439017,0.9100921482984172,0.978795831470654,0.8780124908814337,0.8452344879447858,0.980467614447698,0.8435916521220534,0.899789742993003,0.9540957356814992,0.9354001807590553,0.6235450595240402,0.862922813893525,0.8218972369091531,0.9129151319089193,0.9317998283510542,0.7168583413736431,0.9297484119999462,0.6872333639440638,0.9020120239820872,0.9100921482984174,0.9967848253410609,0.8181853125685232,0.824971353116386,0.9625215846107404,0.9461078173419971,0.6970671812382698,0.6588341812401435,0.9129151319089186,0.7248723690694326,0.912915131908919,0.7296560252630506,0.9317998283510545,0.9510020620510795,0.887182950299626,0.7518958572387487,0.9129151319089186,0.7376965360741818,0.7513517012093611,0.8871829502996262,0.7398224137847558,0.7772444687707127,0.7524576256079087,0.5692582912466633,0.7875183803684251,0.9763179253437279,0.7398224137847564,0.8315566732461728,0.8383902593264997,0.636423585753924,0.9540957356814991,0.9404109029938778,0.7519093874149446,0.8388113982699292,0.9120445952292815,0.7806474145949798,0.9813488436149447,0.7226366895152467,0.8357032575839776,0.9100921482984172,0.7674878367136011,0.882827707795836,0.5871643651049784,0.7069499587845329,0.7741111960340801,0.9129151319089186,0.7454340046938186,0.9886111522751058,0.548419387101122,0.9129151319089186,0.8016693236621553,0.7962761614883374,0.5201744503055977,0.9064040217714189,0.9100921482984172,0.9544412611920868,0.9794149629165152,0.628828331381422,0.8715821415635548,0.8428089760931938,0.8383902593265001,0.7355533706282231,0.9129151319089186,0.9699956705262556,0.9129151319089186,0.9784926679114252,0.8533689485747915,0.8680706308896053,0.9354001807590557,0.934407051006906,0.9584367734050211,0.9624736292341602,0.8114220549067446,0.9129151319089186,0.8812529716315352,0.8776924834888047,0.6510848040439321,0.9314037608379149,0.8547116092900204,0.9218739081138494,0.8714160325350089,0.8692627884605635,0.8567411419143387,0.9090438896657034,0.6658023682512899,0.8567411419143387,0.8671302399974952,0.6155190003957067,0.951821158435468,0.8567411419143387,0.9354001807590557,0.8825384613814424,0.9158139617897607,0.68492247127463,0.6828011634221862,0.9580603610041067,0.9124103764401392,0.9551891263734739,0.8452344879447862,0.9064040217714184,0.8526962823400317,0.880261583243356,0.950802817126357,0.965087736662587,0.7868943138191666,0.3730842752307092,0.9047971029774382,0.8270753092216274,0.9545796394422466,0.8428089760931945,0.6747762489536862,0.9545786956633123,0.5900729478685125,0.8312850681847441,0.9019046337579002,0.7849379117223525,0.7849379117223526,0.92667310334079,0.4767368729485745,0.546127797124531,0.7836528098126989,0.8735911795315161,0.8395998856671665,0.9702750930026953,0.7986514617990043,0.7672132624370078,0.6922188272338275,0.9284611701562593,0.6262185821613937,0.8334000927135892,0.7368981379769219,0.0,0.8293937334241626,0.7421184163067256,0.9250566218612026,0.8608459111363296,0.8510567798453821,0.8825384613814415,0.9046463136602705,0.6094739129276692,0.9310767971148589,0.8009586890730616,0.6422800984958035,0.3455266604467623,0.7713666335050791,0.6420904945942466,0.9539283793844546,0.8983370916055974,0.9187969445925777,0.6089591155381727,0.8277059245340346,0.8757895304704915,0.7686657142462976,0.8496007521143942,0.8264731481056444,0.9794155353169796,0.9737816581441504,0.6171403778310163,0.7311612622665256,0.9124103764401394,0.7717098458469216,0.8133139058407441,0.878414061769339,0.6786025909698654,0.546127797124531,0.8163372768230484,0.7540184491633152,0.9545786956633123,0.9317998283510545,0.9963042729622743,0.9283593797331273,0.9427418847755703,0.546127797124531
p353_G,0.8608586131034122,0.8850825988655409,0.8089854010455961,0.9013534900827227,0.6420445513442251,0.9261840328635953,0.6965607024597023,0.6991105007686298,0.3731127755738134,0.9220700353609517,0.8821881173643273,0.8063934464761428,0.6211802406484057,0.8747639177841731,0.9679994876136977,0.7957286869230606,0.9332025653862874,0.8657807842755783,0.9450123956047417,0.9698382173897018,0.9229034783874339,0.8793449357816121,0.9047408499968013,0.9038035415131254,0.876549336484121,0.3115051341543542,0.9613445688403954,0.7372512932808053,0.9698382173897018,0.6415697656436099,0.4100600980493726,0.6683457350993522,0.9566644487892415,0.4408425037036775,0.6801665762815035,0.9181387543589392,0.9431134523268974,0.9223484979500998,0.9261840328635953,0.8920984402161445,0.8248675029173147,0.868416302574814,0.872720616336816,0.830128471867641,0.9613445688403954,0.7539872981137927,0.9072120922355342,0.44257253643535477,0.8920984402161445,0.7090145519408564,0.9107280314569577,0.7230358401234303,0.34088777992471364,0.8850825988655406,0.8880325471109582,0.8606091151654387,0.8890895984248461,0.9004911494084333,0.6692495325616807,0.8941182576784141,0.4242769777079658,0.7003464523980476,0.9539287215866565,0.8029012821767432,0.9581074754130983,0.4669237492560441,0.9107280314569581,0.9700596841602156,0.7967050159372274,0.9181387543589392,0.872021992425474,0.8631790748003905,0.9004911494084336,0.4596763218690436,0.9004911494084333,0.7775704755710067,0.8793449357816119,0.8821881173643273,0.6220525749740239,0.9261840328635953,0.915012808570058,0.9318712301664058,0.8832252198427535,0.9579233411022653,0.9004911494084333,0.8640003271366141,0.8793449357816119,0.6227797063106221,0.9195917701513243,0.8972654241994793,0.9004911494084333,0.8299419248287938,0.7032806994712861,0.5657218423294013,0.9108934032586795,0.9599545393769219,0.8252392017888603,0.7796535661369799,0.4810242714752657,0.5012137308395326,0.8606091151654389,0.9072120922355342,0.9386131743457118,0.885125517955293,0.7466247162709696,0.918138754358939,0.8413829160506421,0.5419237725002904,0.9342739522947866,0.5541583670793608,0.7956039782769544,0.868416302574814,0.5008355988992886,0.8462532587112925,0.9072120922355342,0.5571434992202557,0.8850825988655409,0.9181387543589392,0.9261840328635953,0.44397902109977216,0.9753127882991037,0.815966281843284,0.9080787883543031,0.8530715715896549,0.8657807842755785,0.6259482189684109,0.9038035415131251,0.838002619919646,0.9343080653650264,0.9580835864837809,0.4089136216287095,0.907212092235534,0.9107280314569579,0.9229944540367137,0.9261936135826232,0.7144714997707866,0.9789520808390235,0.9107280314569581,0.9107280314569579,0.8941182576784141,0.6503300638280218,0.9220700353609514,0.5006550126848816,0.8057344050230495,0.8205821124942527,0.3878820907728343,0.8302731088298301,0.4046805708351644,0.8631790748003905,0.6209428440006635,0.9220700353609517,0.7696273227218539,0.7538361668590796,0.7769648141571495,0.9528206548013267,0.3849174243900091,0.8157281948363893,0.856246214561577,0.8824865170425753,0.8362038767635076,0.6716405266925409,0.9072120922355345,0.8710878802609618,0.9586439283937928,0.7986186992005437,0.8864731575813807,0.8323592685643894,0.8248675029173147,0.8832252198427535,0.917512812283124,0.8481743454856236,0.8972654241994793,0.48433976986819594,0.7776093497442669,0.6057593482609729,0.917270455179966,0.9906286789501814,0.8413257313051941,0.8693154315260123,0.8182692995544205,0.9802091315076991,0.6831197600564709,0.9745310482030678,0.8972654241994793,0.8394118502380741,0.749473755482887,0.35331747232343014,0.8295115164075357,0.8850825988655407,0.8506111344599003,0.9301746946212588,0.9619570730428988,0.6684417001136995,0.5594339613574495,0.8159522632614817,0.9004911494084333,0.9038035415131251,0.9977124314930521,0.8935686589116187,0.9010676938309372,0.5413623616752745,0.8972654241994793,0.9004911494084333,0.7425172364281631,0.5594339613574496,0.9220700353609517,0.9004911494084333,0.8133572349974636,0.4958782682119085,0.44915186874411606,0.5932897671622213,0.83658567132281,0.9343080653650264,0.9004911494084333,0.7177989139755572,0.9004911494084332,0.4879244177600356,0.7015302244358868,0.7293498472553743,0.9004911494084333,0.7647497062494312,0.9004911494084333,0.7304582412669376,0.5316551736196717,0.861388120972193,0.7568996972756217,0.9478374857144207,0.5978026568603325,0.9301746946212588,0.9356837142274774,0.9115001904163029,0.8389756195957403,0.6357134191888201,0.8409934614190604,0.9107280314569579,0.8248675029173153,0.9108977199969839,0.8318544149375386,0.8852427545151891,0.6944375937771123,0.3965986054293057,0.926193613582623,0.815966281843284,0.8941182576784144,0.9004911494084333,0.9434536647730999,0.9004911494084333,0.6763986517425726,0.8588039237011791,0.9528206548013269,0.8580690156021946,0.5978026568603325,0.9038035415131251,0.7261479255199883,0.8765493364841213,0.8323118702853278,0.8821881173643273,0.502721157048424,0.9072120922355342,0.7867157975290031,0.7188004076257919,0.8856053299934137,0.8972654241994793,0.9143648077845039,0.8685864860167187,0.9261840328635953,0.6765272123710202,0.9985014838911759,0.868416302574814,0.628348584503148,0.7933744480571812,0.9107280314569581,0.9435501402308349,0.9318350776432105,0.5681072510584966,0.918138754358939,0.4522898117433748,0.5050624702690547,0.9014795552136838,0.9409925280019762,0.918138754358939,0.9521745564431165,0.531279490703724,0.9143648077845037,0.8225650254528252,0.9013534900827227,0.9478374857144207,0.8409934614190604,0.5835879863401059,0.8941182576784141,0.9072120922355342,0.9072120922355345,0.6382668193420427,0.9181387543589392,0.5553903470829973,0.6555406814877174,0.7754910920028371,0.9395810237823015,0.9181387543589392,0.9386131743457118,0.8920984402161445,0.9301746946212588,0.9107280314569581,0.5463288771391346,0.828494898348944,0.9072120922355342,0.8631790748003905,0.9379315861543058,0.6881646809550999,0.9410149520183594,0.8642680042631916,0.7706528381925575,0.9212835637055174,0.7383248283603805,0.8080296387308383,0.9220700353609517,0.6675349243083534,0.9220700353609519,0.9179396080130533,0.8681770036466658,0.8698901241857753,0.9709117273278065,0.9004911494084333,0.5420678650662483,0.8318544149375382,0.8951634300459381,0.918138754358939,0.998149856958307,0.8972654241994793,0.9004911494084333,0.876549336484121,0.9181387543589392,0.9261840328635953,0.8248620605884831,0.67068869535696,0.9014795552136838,0.9107280314569581,0.6594234595427145,0.6988055604567411,0.8765493364841208,0.6658600919801995,0.7579324602391562,0.9709117273278066,0.3895450726410159,0.7309833346757788,0.5111450237454745,0.8172943718484789,0.9261840328635953,0.608217604981725,0.8666421769503914,0.5844619587463628,0.8910426583248507,0.8972654241994793,0.872021992425474,0.7957286869230604,0.5339365538756153,0.5142134256630118,0.6784014705078341,0.9004911494084333,0.39083704950892584,0.8640003271366141,0.8952641970718374,0.9147224586496066,0.9220700353609517,0.7773163597322332,0.9004911494084333,0.9004911494084333,0.8631790748003907,0.9248036389822769,0.7603818162347697,0.9004911494084332,0.9220700353609519,0.9386131743457118,0.8747639177841731,0.798618699200544,0.5594339613574497,0.9004911494084336,0.904475747198215,0.8793449357816119,0.705511365396452,0.6574569014256813,0.9004911494084333,0.7672051536759701,0.861388120972193,0.5871602491634894,0.5817479958416845,0.8506111344599003,0.7822983544026025,0.9072120922355342,0.5448922194794161,0.9004911494084333,0.6358244308489316,0.8657807842755789,0.6029262895174788,0.9561690972006016,0.9038035415131254,0.7032806994712861,0.8880325471109582,0.9004911494084333,0.9024026899511128,0.5566987763232261,0.9004911494084333,0.8775434408290577,0.5478401150493207,0.7080170025595369,0.671487109359711,0.5298362750889481,0.9004911494084333,0.8270954911921133,0.6155119076792748,0.9143648077845037,0.7807238380901511,0.7048422525504887,0.9960714034935143,0.40658543240229483,0.8179959617530401,0.9072120922355342,0.8939211626361121,0.44915186874411617,0.8737979857661253,0.43124574638481683,0.7719688611645878,0.7655649192778144,0.9975694426888293,0.9107280314569577,0.9245460758162978,0.9004911494084333,0.9181387543589392,0.8295115164075355,0.6510079925938539,0.7895649705783692,0.8580690156021944,0.8941182576784144,0.6711787717328579,0.9038035415131256,0.8941182576784144,0.8821881173643276,0.9386131743457118,0.8850825988655406,0.7630775071344722,0.8342122086024173,0.945012395604742,0.45764922536313957,0.9698382173897018,0.9857113284303716,0.9047408499968015,0.6317695787046189,0.943655445050994,0.9220700353609517,0.6571665466251624,0.9128465495451183,0.9975941150943759,0.868416302574814,0.8793449357816128,0.809385222908602,0.8490355468911467,0.8409934614190604,0.8248675029173147,0.8327855455185351,0.9014795552136838,0.691875640790107,0.9150128085700577,0.3281858391203759,0.7210151972039982,0.6605781368780721,0.8822506293575498,0.8910426583248507,0.6312235460464775,0.8067562839765106,0.9125195038274307,0.931871230166406,0.9356837142274776,0.6761036129923961,0.8821881173643273,0.7094967432990228,0.8710878802609623,0.8339840080055287,0.6284337340342251,0.9072120922355342,0.942290735165985,0.6852558256326766,0.8893613928931103,0.9554702896769679,0.8993961122593019,0.7309833346757786,0.5623188854584722,0.9981498569583072,0.9115581941905682,0.926193613582623,0.8910426583248507,0.9528206548013269,0.9181387543589392,0.8530715715896549,0.6751628973167607,0.8537135759033196,0.8972654241994793,0.8972654241994793,0.5041761200291877,0.8646037275443341,0.8910426583248507,0.7676971900349568,0.9004911494084333,0.9143648077845039,0.9004911494084333,0.9004911494084333,0.48447118392825417,0.8737979857661249,0.8666421769503914,0.9004911494084333,0.5441825257089206,0.45571178509320676,0.8339840080055287,0.8365816131473733,0.7672051536759701,0.652714506927776,0.8115643510074522,0.8093852229086014,0.41304360131928886,0.9223484979500995,0.8182692995544198,0.9143648077845044,0.34980663441200865,0.7480090356250249,0.43532564326166134,0.8803629912326538,0.9566644487892413,0.9662311315641035,0.7744844552058591,0.9581074754130985,0.8395037577757976,0.9072120922355342,0.8271827784463162,0.8793449357816121,0.9580340059652186,0.8737979857661256,0.41373245827638194,0.8775434408290577,0.4242769777079658,0.7858305076964394,0.8433666659801875,0.8490355468911474,0.8793449357816123,0.9431134523268978,0.8316811639781396,0.3763922047519559,0.7383340212335323,0.9107280314569584,0.8283167330770702,0.891042658324851,0.7125999933619125,0.8045356140265527,0.8972654241994793,0.619867275857334,0.8555570364268277,0.9261840328635953,0.652714506927776,0.422511604223034,0.8318544149375384,0.6644426001532189,0.8793449357816121,0.9574869735191016,0.9717758916986649,0.9004911494084333,0.9107280314569577,0.5114859637981128,0.9004911494084336,0.7647497062494313,0.9598787910449322,0.8941182576784144,0.9108934032586795,0.7032806994712861,0.8737979857661253,0.5236583113295281,0.9220700353609519,0.628433734034225,0.9806621909815185,0.8886941711516836,0.8941182576784144,0.9909803996283828,0.9112051619118655,0.8588039237011791,0.9014795552136838,0.6357552299743081,0.5840802048545772,0.6621653697697063,0.917376859154945,0.8666421769503914,0.529954210075,0.7464364778318775,0.934945830518652,0.9220700353609519,0.939608240224485,0.98242336314067,0.7015302244358868,0.7412309365126741,0.6615655983874069,0.8972654241994793,0.6333716068771551,0.723216534909503,0.9261840328635953,0.8612023133638136,0.7271593664544866,0.9908056559190954,0.8363030843630053,0.868416302574814,0.9409925280019757,0.8803629912326538,0.9658034041649686,0.8007562706904358,0.8821881173643271,0.8972654241994793,0.9107280314569577,0.9261840328635953,0.9004911494084333,0.8409934614190606,0.7549290196944851,0.6497898962927597,0.8693154315260125,0.9004911494084332,0.5879322738484838,0.6897946650230156,0.7466039663875941,0.8747639177841731,0.8115643510074524,0.8089854010455961,0.6382339348020132,0.9572087579240005,0.8861330274514618,0.8389756195957405,0.3869853436478772,0.8067562839765106,0.9143648077845039,0.8318544149375382,0.8890895984248461,0.9072120922355342,0.8588039237011791,0.9261840328635951,0.9983890748485311,0.9301746946212588,0.9261840328635953,0.8850825988655406,0.8890895984248459,0.9004911494084336,0.7602112629480844,0.7734151361490391,0.9637550377043789,0.9851427757797315,0.799102517871477,0.6030374500886899,0.5298362750889483,0.8972654241994793,0.9107280314569581,0.8910426583248505,0.8972654241994793,0.8972654241994793,0.8409934614190604,0.9004911494084333,0.8910426583248505,0.8181621045569506,0.9004911494084333,0.9014795552136841,0.8067562839765106,0.7625472622229813,0.9072120922355342,0.9143648077845039,0.9038035415131254,0.8972654241994793,0.6333716068771551,0.4983759503655778,0.8477162361577912,0.5651069958326091,0.9004911494084333,0.8413829160506419,0.9072120922355342,0.8710878802609621,0.5507678540953025,0.8672336638266782,0.918138754358939,0.9038035415131254,0.9711376920946673,0.8836238393968294,0.9080787883543033,0.9004911494084333,0.8339840080055287,0.872021992425474,0.9622372501616507,0.5035597173624029,0.915012808570058,0.918138754358939,0.8920984402161445,0.9072120922355342,0.8413829160506419,0.40468057083516396,0.9004911494084333,0.9004911494084336,0.8091111481197537,0.9220700353609519,0.7166033796809947,0.8910426583248507,0.8821881173643273,0.4669237492560442,0.8941182576784144,0.5565644020418761,0.5707291822778202,0.9004911494084333,0.9004911494084333,0.929941366311889,0.7714375964005048,0.831854414937538,0.652714506927776,0.39177611521728095,0.6714871093597115,0.7036963731744639,0.535923602803591,0.8982888703716156,0.5012676512337924,0.9004911494084333,0.8050541516245484,0.9107280314569577,0.9261840328635953,0.7032806994712861,0.918138754358939,0.5810718827719142,0.9004911494084333,0.9004911494084333,0.5925110168199168,0.9004911494084336,0.5762718163610012,0.8793449357816121,0.7560175456069813,0.8029012821767436,0.886133027451462,0.8248675029173145,0.6388218385626316,0.7429276071375368,0.9004911494084332,0.8836238393968296,0.521328421197121,0.9038035415131251,0.9637550377043789,0.9200163595129565,0.7402898687168125,0.8248620605884838,0.8893613928931103,0.6244775287216073,0.7239994222777555,0.9004911494084333,0.4596763218690435,0.8386392613801177,0.4941796541249661,0.8080296387308383,0.7549290196944849,0.9186255087204842,0.8209271434166372,0.7673839470455575,0.9981498569583073,0.48713475113061333,0.4980066520288631,0.926193613582623,0.9220700353609519,0.9391090761259803,0.9579233411022652,0.5012676512337924,0.9107280314569579,0.8972654241994793,0.33354969919307575,0.8606091151654387,0.8836238393968294,0.9508082053960285,0.9764578705634923,0.8588039237011791,0.9229944540367141,0.9764578705634923,0.8318544149375382,0.949043209653214,0.4077233814276914,0.9386131743457118,0.9220700353609519,0.9115001904163034,0.927723536410241,0.7225824228489517,0.8880325471109587,0.7693508053105953,0.9175700816842534,0.6134762284467135,0.9038035415131251,0.628094722599277,0.8386392613801177,0.5378551071562838,0.549370802711669,0.9004911494084333,0.829941924828794,0.9004911494084336,0.6250038169287998,0.9220700353609517,0.9281614381684171,0.39951192087371445,0.7538361668590792,0.9004911494084333,0.622779706310621,0.652714506927776,0.9465620700227062,0.5205342113769855,0.6627194296775731,0.5345432826471395,0.9107280314569575,0.49085202393743,0.9948644048725692,0.7850946215194621,0.6620262244519237,0.904740849996801,0.7276110601576133,0.9261840328635953,0.9356837142274774,0.9004911494084336,0.8007562706904359,0.8631790748003907,0.417156450166564,0.8093852229086016,0.6621653697697072,0.9004911494084333,0.8972654241994793,0.422078657631347,0.7464364778318777,0.8179959617530399,0.6198672758573345,0.6309081184961391,0.9004911494084333,0.5622848654655623,0.750682026108143,0.8747639177841731,0.9004911494084333,0.534275369526028,0.8880325471109582,0.918138754358939,0.8737979857661251,0.8972654241994793,0.7166166778443741,0.7816274664801088,0.8202747130292045,0.8606091151654387,0.8985144317310537,0.9047408499968017,0.683479379139206,0.9004911494084333,0.9422610511499965,0.9004911494084333,0.9637550377043789,0.7590489442948989,0.3409214293030759,0.9261840328635953,0.8555570364268277,0.8434448470039719,0.40994252110397356,0.9013534900827227,0.9004911494084333,0.9701385430060498,0.4775467242996838,0.7251707285821374,0.8803629912326538,0.833984008005529,0.9107280314569581,0.8530715715896546,0.8506111344599003,0.8363030843630055,0.23979682228135446,0.63090811849614,0.8363030843630055,0.8481743454856236,0.9528206548013267,0.7754910920028371,0.8363030843630055,0.9261840328635953,0.957923341102265,0.9824233631406698,0.7957286869230606,0.9343080653650264,0.904475747198215,0.8710878802609616,0.436579742759286,0.833984008005529,0.9096019646191431,0.35767216676843117,0.9343853672893317,0.9175213699727839,0.8793449357816121,0.7704471456024012,0.8747639177841733,0.8518077187264235,0.5396971897445776,0.9475396463862187,0.8203832829382254,0.9210178056318985,0.9038035415131251,0.9072120922355342,0.5684910209824874,0.9530631385572322,0.8893548777543996,0.8861330274514618,0.35405802914828455,0.9107280314569577,0.9143648077845039,0.7527875887492077,0.34206564451131827,0.9248572997552362,0.8316668837854311,0.8530715715896549,0.7115765281894542,0.939608240224485,0.422216593572853,0.9004911494084333,0.42525000919426825,0.8000801013906731,0.8293937334241626,0.0,0.7053276815529945,0.9143648077845039,0.8409934614190604,0.7568996972756223,0.34088777992471364,0.9964955240981677,0.8555570364268277,0.9346986066201732,0.7486785825409101,0.6020366470795807,0.9150128085700577,0.7123232836907312,0.9545640111383317,0.8914783469295624,0.6684417001136995,0.9072120922355342,0.9431134523268976,0.266007160818748,0.27194661707051015,0.9072120922355342,0.9970350635519412,0.5669945713770917,0.6920554473541765,0.9662311315641035,0.8941182576784144,0.45800681943105104,0.8710878802609616,0.8093852229086018,0.9478374857144205,0.4028231227539002,0.8710878802609616,0.9143648077845039,0.3874158939184731,0.9879065737620198,0.9038035415131254,0.9220700353609517,0.5769058705500054,0.918138754358939,0.6784014705078334,0.9143648077845041
p353_GAP,0.6743402629435823,0.8799800631114958,0.8508415046025106,0.7917844103067402,0.8495864161552142,0.8884227473641773,0.6961222964658086,0.7884605399198659,0.7151682375930328,0.7355368666803932,0.8219202876790679,0.9039963657798309,0.8447105394237189,0.7705064355650084,0.7543591793817588,0.7239530683565882,0.8353044563359773,0.7796446310695869,0.9492695548843346,0.8822041938925775,0.890907256916244,0.8176226485360631,0.8587613865748258,0.8308340295784886,0.8133969328652477,0.7971196216424015,0.8353044563359773,0.7927102913284196,0.8822041938925775,0.7231731166521443,0.7779088859483321,0.8650600761076828,0.7024099836370974,0.7596520994812859,0.9105997694059789,0.9127656911163233,0.8545932950871287,0.8856763193342405,0.7494981288862403,0.8626140702215399,0.8584716314150785,0.8250085163864109,0.8884227473641775,0.8005033713015779,0.8353044563359773,0.9711276410364826,0.8922554897110133,0.7230358401234303,0.8857564329475807,0.8472949371168359,0.8317830360527902,0.8219025601506975,0.7971196216424012,0.7173854864483515,0.8582154061989966,0.9144126802110621,0.8916215274756323,0.6623067578386677,0.7942451958070993,0.9265145553712006,0.7770732938325196,0.7863233777795602,0.8206327187139595,0.506907728963978,0.8705572812086979,0.6690704150477607,0.999796470703028,0.8930541043994549,0.9073482552671872,0.9777227175796426,0.9980317438894253,0.9059623025180513,0.9105997694059791,0.8117458477350037,0.6623067578386677,0.831400255327462,0.9720137056577081,0.9154042008314994,0.73280866239563,0.9506531976360086,0.9154042008314993,0.9024238554172523,0.7976529074226804,0.779644631069587,0.6623067578386677,0.918452606417637,0.8948181770968855,0.7520130892353474,0.9403750496547651,0.6810028497273858,0.6623067578386677,0.8976055301636117,0.7637075178221631,0.7140578361728225,0.7976529074226801,0.8519683541861163,0.8886304228846462,0.7762732951361702,0.9362411675459954,0.7312301509147319,0.9599949856819203,0.9572754220823072,0.9105997694059793,0.8698908110209564,0.9807679816983774,0.876261827348312,0.8923806290078229,0.8735691987207188,0.9847546513778795,0.9145815039437206,0.8493476801093931,0.888129670607738,0.7332331094765021,0.8453647077862296,0.8597455235253664,0.7381143099163723,0.9068223598075058,0.795203398739586,0.8884227473641773,0.7973400334736795,0.9951198879510847,0.9683441395297259,0.8890900887740751,0.8508175850056978,0.9381982040717407,0.9716378006463688,0.886050562620567,0.9859649127062826,0.9929251053139987,0.8880896943769039,0.806622032298046,0.8151548146181659,0.8650600761076828,0.9688847748640843,0.9478209165068576,0.855059066046952,0.9873793597310041,0.865060076107683,0.9324282734053553,0.6983871430419374,0.9835846963562134,0.8822041938925773,0.993516781172079,0.9537440462707218,0.9780825010493861,0.8116311528201043,0.9696644174675069,0.8804170407517538,0.9753893906961739,0.7698627043486898,0.9648922303366112,0.9428906865099036,0.876238985987313,0.8285143669195758,0.8987441747565195,0.816329344769458,0.9114199666436877,0.8022928382345543,0.996023456284697,0.9182916739020747,0.9621476708511731,0.9572754220823072,0.9024238554172523,0.9257562669922479,0.7498413012819696,0.8930802351117622,0.9700702870329558,0.8760498265376336,0.8862173869507363,0.9345838053132112,0.9407302334988623,0.8447105394237198,0.8348846396992182,0.9525117267002214,0.8108208720021717,0.9357327548858672,0.9492695548843346,0.7767254256221148,0.9708911112518701,0.6848409791735411,0.8373173312937539,0.8512658857881672,0.9488404033763627,0.9774319815079453,0.9758551470586697,0.796488463815566,0.7683197224547686,0.8988758988830827,0.6368585963603213,0.7957420313772146,0.8715094360820281,0.9688995691950875,0.880731615080928,0.8103656001908872,0.9060423770260404,0.6623067578386677,0.8308340295784886,0.9265145553712009,0.7457194027635022,0.8823461283552242,0.796984344070061,0.9774319815079453,0.6623067578386677,0.7877748313423347,0.7578941382583344,0.7355368666803934,0.6623067578386677,0.9733701804993502,0.86822786533602,0.8103437362962855,0.9526310616770506,0.9343664544805994,0.9632821921359427,0.6623067578386677,0.9363116499519362,0.6623067578386679,0.7884191936859974,0.8549874071532015,0.8273800994005018,0.6623067578386677,0.9261054867721944,0.6623067578386677,0.7368114226267399,0.8737984632287874,0.8930802351117624,0.7634945723456452,0.9247654558966603,0.8066902464501982,0.698387143041937,0.883523029076803,0.9507907657814697,0.9797389959937668,0.892858321043136,0.8914217817832129,0.8650600761076828,0.9990971923955183,0.8902256195192777,0.9105311204276186,0.9578007720454726,0.7887805491724926,0.8682278653360203,0.7990170481086623,0.8711748367569836,0.9842219863845638,0.6623067578386677,0.8557198881941424,0.6623067578386677,0.8337761745019661,0.8880896943769039,0.9665194306481356,0.9202100816944982,0.8197778979995916,0.8308340295784886,0.998871602260876,0.8133969328652473,0.9359128953893376,0.9269904922748406,0.8821406865114325,0.8151548146181664,0.8636231026232213,0.9080858334942075,0.9436626487552344,0.6810028497273858,0.9405663333654315,0.9689275341111949,0.7494981288862403,0.9855686226619149,0.9992556882748265,0.6729833108533494,0.9889186942166841,0.8452701020403808,0.8654671347016268,0.9680627340377367,0.886729134325575,0.7221542977716404,0.876261827348312,0.8194759511506406,0.8242075101154325,0.9510649756836522,0.922701513325342,0.876261827348312,0.7266305945080707,0.8894550240673154,0.9755708594437984,0.7426989049490647,0.9194522587571303,0.957275422082307,0.9324719133991543,0.9318978179584532,0.9265145553712006,0.7826448484325199,0.9247654558966603,0.9644326005136361,0.9857734186523461,0.9433865665893779,0.9296870651220839,0.7887326035384183,0.9024556589100381,0.9127656911163231,0.9105997694059793,0.8857564329475807,0.9842219863845638,0.9661123720541918,0.8762737360241379,0.9606139512288836,0.9572754220823072,0.790250488887848,0.953302201381768,0.7862620884442368,0.9654842141547977,0.9957662400088105,0.9103019196652042,0.8445434136127548,0.7724140704457794,0.8677568052773644,0.9968818757206859,0.8239102368510567,0.9586559817779832,0.9238526259450519,0.8934301861733953,0.9276539985430032,0.9572754220823072,0.6623067578386677,0.8650600761076825,0.9636040380610225,0.8676589128570722,0.876261827348312,0.9405663333654313,0.9181461551518334,0.6623067578386677,0.8133969328652473,0.9412188538116313,0.9286537611141308,0.887993784071232,0.9214669982875466,0.9267444155504523,0.8654671347016268,0.9034462289844443,0.908793898011988,0.8890900887740749,0.8582154061989975,0.9707921941481765,0.8151548146181664,0.7596520994812859,0.8525041511624183,0.8531377664154851,0.8689031262584501,0.9688847748640843,0.8166127551688154,0.8622774285211401,0.8399431617161797,0.9196918014641375,0.6513599365493299,0.8299045767667859,0.9521492557342688,0.9054091901608594,0.8298591232054644,0.9070234422667384,0.6623067578386677,0.8538180965619895,0.9191883723747714,0.8878304028412578,0.918452606417637,0.9586559817779832,0.9205599967372222,0.6623067578386677,0.6623067578386677,0.8365352143399293,0.9948530977189052,0.8448396335573531,0.6623067578386679,0.9586559817779832,0.9105997694059793,0.8556183345319354,0.7498413012819698,0.8890727930897164,0.9411064460313616,0.9035032484861434,0.9462818628041005,0.8820044788018255,0.8652250352133686,0.6623067578386677,0.7650757029915282,0.8730062463550936,0.8490087878154735,0.9224936322337542,0.8603987616425717,0.9158122344322752,0.7826448484325198,0.8958990635969291,0.6623067578386677,0.9685115740210091,0.867658912857072,0.7283813993339594,0.7955526704565763,0.9566630997122423,0.913697219288255,0.940598145604729,0.6623067578386677,0.9677612241908813,0.8048935321170358,0.6623067578386677,0.9035032484861434,0.8393343133605327,0.8968213158508794,0.9197222822283487,0.9158677354208606,0.6623067578386677,0.9466155119977393,0.7464663493298689,0.884411036242734,0.9598771203277989,0.9864523791204045,0.9961263763179652,0.8597186035274451,0.98060473648903,0.8597455235253666,0.9780661361595926,0.8754811923646952,0.9679071159113348,0.907003568878548,0.8719168407584015,0.8373520737919916,0.7202906908915649,0.8650600761076828,0.8676589128570722,0.6623067578386677,0.9492695548843346,0.8631913813247675,0.9254243610794266,0.9007229411258972,0.8528364516967404,0.6983871430419376,0.8854204580305061,0.9566630997122422,0.669533427535256,0.9269904922748404,0.9411064460313616,0.8799800631114958,0.8241650645229386,0.8601575699370649,0.9492695548843344,0.9528102840947748,0.8884404424512053,0.9873492498955361,0.883523029076803,0.8854939420866448,0.8948181770968855,0.9968818757206859,0.8812790071315647,0.9934501788951049,0.9514626906960617,0.816414217356275,0.6934723372453961,0.9824538870055377,0.8922554897110131,0.9735220450150953,0.9833246124819266,0.9909758456421438,0.8781032952840524,0.8954336368691509,0.979525594572727,0.7997485053039775,0.941716103484707,0.90234399211946,0.9377336927284412,0.9677917383649821,0.9960936748031071,0.8430931332211333,0.974157867534211,0.9753855358168517,0.7698139758955196,0.9112709050103013,0.9532580434237836,0.9403753343927055,0.951064975683652,0.8086423782133758,0.9010582186252334,0.8922554897110133,0.934583805313211,0.7327233705375268,0.9590423617195349,0.8426990515014863,0.8762618273483116,0.894812276693874,0.9011520976492862,0.9755708594437984,0.8930802351117624,0.9478209165068576,0.8634335713786971,0.9328353319992992,0.7586995349715746,0.9307862214378493,0.8947143771556489,0.6934936854097031,0.8743534526017751,0.9774319815079452,0.9753693799709517,0.9217977132018242,0.6865005879377823,0.9233052377530457,0.6623067578386677,0.8705572812086979,0.6623067578386677,0.6623067578386677,0.8384142714535554,0.5717208358797001,0.9033275601370812,0.6623067578386677,0.9406228930143297,0.9472642374861917,0.8735683571325139,0.7783887275086292,0.7967950349555519,0.9794924782298509,0.987023235738091,0.7846662789162591,0.886279408810678,0.8946363755838065,0.81511589131036,0.8144019840859997,0.8372730958138412,0.9446443741113268,0.9771732589431017,0.8652673633709134,0.9131372324694849,0.8715094360820281,0.990976699414117,0.9055618072870646,0.8817044919907331,0.8597455235253664,0.9355337429686559,0.796399708659825,0.968439422889336,0.8440989034014488,0.7068859213490144,0.8603987616425721,0.795497448574451,0.9926687584133116,0.9460481803375178,0.9897853882679539,0.7449360229526111,0.9175078301540049,0.9618126449338591,0.8658462724617579,0.9335513334987284,0.8317830360527902,0.8882634914282465,0.6865005879377832,0.6868900918504415,0.9622594781370893,0.9774319815079453,0.8359220920225754,0.9083585068327505,0.8884227473641773,0.9530285807408863,0.8403365057716101,0.8206276622052185,0.987669130288321,0.8948181770968855,0.9961263763179653,0.938165429529749,0.6623067578386677,0.8650600761076828,0.9131542238684311,0.9673735240924916,0.8687254453442526,0.9765226086350771,0.9553682708778823,0.9145125341111346,0.9772193614636777,0.8835230290768028,0.9370946393212549,0.7737627606230963,0.8879215440824946,0.9007229411258972,0.9925173058656984,0.6983871430419376,0.9680590587399729,0.9210974999564011,0.907951523417786,0.9267444155504523,0.9425736265868847,0.7239012408409828,0.7504819936351406,0.9177424335199206,0.8417523627131693,0.8591555096642218,0.9420001124455211,0.9307862214378493,0.9204300878352805,0.914321140743684,0.9881203672456804,0.9517878040492062,0.8916812714831026,0.9122052552589012,0.6810028497273858,0.9879608459045303,0.9291207125233766,0.9104221838860548,0.9498021150203096,0.9777046455463992,0.8372730958138412,0.8730062463550938,0.816414217356275,0.9524026752205554,0.8215881246596228,0.9900142966525112,0.5332726857805599,0.6264611381931253,0.9477890683298893,0.898744174756519,0.9286537611141308,0.6623067578386677,0.9119468475911835,0.8187945846331111,0.719988795577706,0.9293607570465641,0.6623067578386679,0.862667844981023,0.8990411961136343,0.8507699128002457,0.8039340696003582,0.7954927657458659,0.9311459255281287,0.8860116454042106,0.8115636535005284,0.8776690283122285,0.9981631507356985,0.984030162099039,0.8735580415655528,0.8705572812086977,0.8197585049051825,0.868830374740203,0.9897853882679539,0.84836603629514,0.8884227473641773,0.8752943283626595,0.9842219863845638,0.8884227473641773,0.8515969699284043,0.9716315561117921,0.9411064460313614,0.7575952887275252,0.7948329641051162,0.8317072625075969,0.9411064460313616,0.899327080074255,0.9033006315460974,0.7838877374317845,0.6513599365493299,0.9324282734053555,0.6865005879377821,0.6513599365493299,0.6810028497273858,0.7682713869353908,0.6623067578386677,0.7427588180232221,0.6802295580743654,0.6623067578386677,0.9024238554172521,0.9068931974730017,0.876261827348312,0.8597455235253666,0.9544200883994679,0.9566630997122422,0.6810028497273858,0.9462807381614684,0.7973400334736793,0.9082846715787802,0.987536324227023,0.6623067578386677,0.9295449605658936,0.8922554897110133,0.8543705432507491,0.7565547986551053,0.8784643210213547,0.9492695548843346,0.8860505626205668,0.7072130797121803,0.8880896943769039,0.9090614954690531,0.849586416155214,0.6948118957645775,0.8929522644377754,0.9526258407934947,0.9237545427987885,0.9679393031293866,0.9492695548843346,0.9088987956736216,0.8597455235253666,0.8366341316707171,0.9221848488887601,0.6623067578386677,0.9105997694059789,0.7908508258938488,0.7355368666803934,0.8181554181144393,0.8634335713786971,0.8481878388280109,0.8175320487110309,0.6983871430419376,0.9193153591923602,0.8730801536011992,0.6623067578386677,0.6623067578386677,0.8416085910398186,0.9226776518396443,0.8737005798386224,0.8339410420405458,0.9345838053132114,0.8529921853362935,0.9335513334987283,0.9342296847019944,0.968439422889336,0.8721675401890059,0.6623067578386677,0.8292847915460424,0.8650600761076828,0.7494981288862403,0.8591555096642214,0.876261827348312,0.8272296599975852,0.6623067578386677,0.6623067578386677,0.827862860597463,0.9716131226567439,0.8650708309408295,0.9462818628041005,0.8593352283564822,0.7354242655571933,0.922584781644067,0.8251208563789312,0.9211966897641095,0.8738726243198305,0.6623067578386679,0.8880896943769039,0.9549280451419073,0.8860505626205668,0.9127656911163233,0.9453908034471793,0.6000808251427903,0.7111024018603502,0.9590423617195349,0.8545932950871287,0.8931293394400126,0.6623067578386677,0.8523665285692374,0.8988934947238224,0.9657464173593715,0.8524731120325346,0.922847359702524,0.9858084534084539,0.992547915353138,0.8251532801887778,0.9194155623211009,0.9230956313062008,0.9597930642293087,0.9959208534077022,0.8822041938925775,0.8981742840153988,0.8031577281411425,0.8987959506342162,0.83178303605279,0.6513599365493299,0.7874024405021995,0.9032580979055049,0.9476751814995497,0.9559999521087654,0.9688847748640843,0.8285042072542574,0.9506531976360088,0.9286537611141308,0.8737005798386224,0.8422222948242524,0.795647759790584,0.9978802007178739,0.9204300878352802,0.9462818628041005,0.9507907657814696,0.7901338841228684,0.7298708967723422,0.9632821921359429,0.9716315561117921,0.9743438251526527,0.8622912971119269,0.8479703998622499,0.8785986170728735,0.7955454978745764,0.8507516726014506,0.6623067578386677,0.8976055301636117,0.9716131226567437,0.9677799859885456,0.7355368666803932,0.9923445739731569,0.805141614884453,0.7320471674790427,0.6623067578386677,0.9835846963562134,0.9530285807408863,0.9759733439167484,0.9146519318142916,0.9606883441271923,0.9254243610794266,0.8650600761076828,0.9847154353341612,0.9111543003509088,0.9397966319964041,0.7673802694053566,0.957807956582734,0.968167934827252,0.9104221838860551,0.982569599084711,0.8495864161552142,0.6988311772682487,0.9985317534222149,0.8407827740307847,0.766685587271779,0.8966127739430799,0.9716131226567437,0.6513599365493299,0.7968814244777414,0.8540705119239986,0.8601253114088228,0.822835396229677,0.7794917059048552,0.6623067578386677,0.9637522474825617,0.8291985164307951,0.9407302334988621,0.6623067578386677,0.886279408810678,0.9680590587399731,0.876261827348312,0.7698139758955194,0.6513599365493299,0.7519460478069167,0.8441458157855157,0.7649199336031918,0.9032580979055047,0.8597186035274442,0.9431454734093576,0.9414335866945218,0.6623067578386677,0.9426679583604174,0.6623067578386677,0.795203398739586,0.932308983660615,0.6897189229445502,0.7494981288862403,0.9587947738751637,0.8333702683998947,0.791562432395917,0.8556183345319353,0.6623067578386677,0.8174556872124773,0.8999839099309372,0.9129815553084732,0.8871069827265585,0.555779092478405,0.9661123720541918,0.5013836753153763,0.9671832909831417,0.665292012241528,0.8009068070766594,0.9970614778024418,0.665292012241528,0.9528798927924794,0.9324282734053557,0.7725377197429613,0.665292012241528,0.7494981288862403,0.8911720099286282,0.9804223652208814,0.6930311150069557,0.8447105394237191,0.9681599787515007,0.8294621750176527,0.6795929602942512,0.9675370105404317,0.8092381015708714,0.7455760045049034,0.9753893906961741,0.9039963657798307,0.9250589229278623,0.7727093389065111,0.7705064355650086,0.9880871927788702,0.657079047952035,0.9529536162080716,0.7466213291004384,0.8394717074954989,0.8622912971119269,0.8922554897110135,0.7264366667546096,0.8048591341110773,0.785462821698983,0.8303785750308212,0.7584521572643013,0.8650600761076828,0.8705572812086979,0.31455569270453765,0.7816658148190478,0.7388720053011457,0.7763884628609945,0.7779088859483321,0.42134114841187587,0.8133969328652477,0.8172942747990015,0.849586416155214,0.5162679047411713,0.9826228168978681,0.7421184163067256,0.7053276815529945,0.0,0.8705572812086977,0.7596520994812863,0.28341896538989364,0.7971196216424012,0.8353044563359773,0.7816658148190485,0.7723862710112661,0.31452906739952424,0.7084333786575421,0.8219202876790677,0.6219100193280775,0.8447105394237191,0.8626678449810223,0.6923574856620531,0.8597455235253666,0.8545932950871287,0.8429124643304902,0.7854628216989845,0.8597455235253666,0.7162833621989582,0.7723538566681387,0.6649074726773064,0.8399534088511564,0.8399534088511564,0.6535248686748245,0.9024238554172526,0.9824538870055382,0.8922554897110135,0.7574959578898093,0.8537827351508525,0.8705572812086977,0.7165280018812366,0.8011033653025892,0.8860505626205668,0.7737627606230961,0.6606413474160411,0.795203398739586,0.7328492463911507,0.8705572812086977
p353_N,0.8843507225934456,0.9495194495442563,0.906885999414518,0.9615718458881101,0.9562880686171875,0.9675743567407267,0.913660404785921,0.9155919905807124,0.9172245874626139,0.9657671730030435,0.8570938287816195,0.9548710823073732,0.9548710823073729,0.9333065093925879,0.8411454607043689,0.9013784409842849,0.9521375655065456,0.9410406098239261,0.9640402523885963,0.9657671730030435,0.9754350893887316,0.798749929194871,0.944562380594602,0.9577431256853024,0.8049261828249477,0.9410406098239257,0.9521375655065456,0.9280917395652362,0.9657671730030435,0.9347629248164577,0.9354577472990953,0.9607848936032954,0.9508152934266845,0.9301521134798674,0.9562880686171875,0.5851007908169092,0.9577431256853024,0.9508152934266842,0.9675743567407267,0.9398977391608507,0.869472737318695,0.942198331919694,0.9330470514183521,0.8345726594959493,0.9521375655065456,0.9571866859637568,0.9592404230051592,0.9143648077845039,0.774271106561012,0.9068859994145182,0.9607848936032954,0.8705572812086977,0.9410406098239257,0.9495194495442563,0.9508152934266842,0.938768815466609,0.779737822303496,0.9562880686171875,0.9382825894904985,0.9534886050081051,0.919152095601053,0.8421718659231514,0.9991226281223797,0.9134191021410443,0.7782131661442006,0.9155947545010741,0.872802283097869,0.8760356045203768,0.9958973689151571,0.9640402523885963,0.9841593444361112,0.9398977391608507,0.7422817378888342,0.8842994831730135,0.9562880686171875,0.9022918659842716,0.9469990271543745,0.921979895548813,0.9145187709012392,0.9675743567407267,0.8570938287816195,0.9965514935490282,0.936549554387319,0.9410406098239261,0.9562880686171875,0.9291179679746995,0.7351871682821824,0.8971967889242582,0.9926484018740545,0.9548710823073732,0.9562880686171875,0.8859854105734218,0.9095362919443466,0.910635456538732,0.936549554387319,0.9581074754130983,0.9721803965010325,0.9032069193824648,0.9892866011583443,0.8771157527508109,0.8923351671954539,0.8801474343127895,0.9562880686171875,0.7995609413692362,0.886662101107528,0.964040252388596,0.9660244666247457,0.9793758087339194,0.9457709851868581,0.8527760996057687,0.8772627661478697,0.942198331919694,0.9975289966018057,0.8443001471784082,0.9592404230051592,0.9752729805180502,0.9841747480714136,0.964040252388596,0.9675743567407264,0.8778523726982703,0.8345726594959493,0.8985986666492831,0.9457709851868579,0.935457747299095,0.99912262812238,0.9516927132632356,0.9577431256853024,0.9167714410425667,0.9548710823073729,0.9761356843815903,0.8905026990324318,0.9592404230051592,0.9607848936032954,0.9675743567407264,0.7004399384993005,0.9252746331959651,0.8959254409068558,0.9607848936032954,0.9607848936032954,0.9534886050081051,0.9951656839321389,0.9657671730030435,0.8822556897514984,0.9224249212097695,0.8945297619028626,0.9230659630317122,0.9078111670939804,0.8640960613563902,0.939897739160851,0.8244716253407947,0.7509561835971414,0.9191520956010528,0.9472720887282853,0.8977386203509137,0.8728022830978688,0.9398977391608507,0.7102518232517729,0.9260614370793867,0.9484030384081925,0.8985986666492832,0.969754918406101,0.9592404230051592,0.9364748811663077,0.9928099013964127,0.9115378627127522,0.8239745708107344,0.9167714410425665,0.9134191021410443,0.9912425166211662,0.9361590003494942,0.9333065093925879,0.9548710823073729,0.938768815466609,0.9295543804278537,0.9841698601183979,0.9119335737975687,0.964040252388596,0.9635780404756729,0.8123348408938146,0.9425174783713437,0.9240582376582436,0.9738184024847136,0.9387688154666087,0.9548710823073729,0.8787593440855819,0.7717464965720348,0.9136953378018806,0.9153141563577833,0.9495194495442562,0.9343769343025807,0.9752369887774633,0.9484682480772154,0.8469680690265142,0.9216828222379452,0.8532913027318425,0.9562880686171875,0.9577431256853024,0.9534886050081051,0.9581074754130983,0.8924244121716267,0.9068859994145182,0.9548710823073729,0.9562880686171875,0.964542101017188,0.9811059808649043,0.9657671730030435,0.9562880686171875,0.9405520062621224,0.9761356843815903,0.982743090758416,0.9484030384081925,0.8110098787708762,0.7522333930600867,0.9562880686171875,0.9814914270638062,0.9562880686171874,0.9648657621037748,0.9296170701540485,0.8584801609121496,0.9562880686171875,0.9384261778015308,0.9562880686171875,0.9471638116040454,0.9201228276565452,0.9280917395652362,0.9537712866846967,0.9604535056538152,0.9706010318338414,0.9534886050081051,0.944562380594602,0.9469990271543747,0.6712460213981588,0.8537063304300416,0.9808531012828583,0.9607848936032954,0.9568407342490963,0.9059631313150907,0.9606832254354423,0.9971547265784804,0.9257389930135204,0.9270730230791455,0.9521375655065456,0.8185895097027105,0.9534886050081051,0.9562880686171875,0.8616532608325629,0.9562880686171875,0.8034122967344917,0.9270730230791457,0.9607848936032954,0.951396162625835,0.9647407723987267,0.9577431256853024,0.9260614370793865,0.9457709851868579,0.9254429110923994,0.9219798955488127,0.9891726316205178,0.9592404230051592,0.7720451198653109,0.8896003271096573,0.9005073409360098,0.9548710823073732,0.9623824451410659,0.94585567299551,0.9675743567407267,0.8903991455657343,0.8903991455657345,0.9421983319196943,0.8886981112672732,0.6887755250361669,0.9607848936032954,0.9558081663030686,0.9793758087339195,0.9706010318338414,0.964040252388596,0.8527760996057687,0.9260614370793867,0.6961684316354255,0.9153141563577836,0.964040252388596,0.9075881164980932,0.8729661616863007,0.9511494252873565,0.912476848317918,0.8038893788091565,0.9592404230051592,0.9808531012828583,0.8666646566334315,0.9534886050081051,0.9592404230051592,0.9604535056538152,0.9781827789934507,0.9457879562525047,0.859170821160427,0.9473253411290726,0.9013784409842849,0.9350635530558216,0.9640402523885963,0.8176392862623293,0.9457697991278943,0.9534886050081051,0.9607848936032954,0.9602082214267222,0.955587210232753,0.8801474343127896,0.939897739160851,0.977678477490042,0.9611563325953092,0.9220794934202008,0.9403760806317423,0.8995856440760839,0.8543922351098742,0.9263686634311039,0.9207285164870209,0.8453817313970797,0.9484682480772156,0.9657671730030435,0.9808531012828583,0.9270730230791457,0.8910242190586865,0.9592404230051592,0.9562880686171875,0.9607848936032954,0.9162673470024436,0.826631316982259,0.964040252388596,0.9623824451410659,0.8986811553763568,0.9562880686171875,0.9919033068160935,0.964040252388596,0.9675743567407264,0.9354608912099363,0.7526072663729984,0.7562450440181465,0.9607848936032954,0.8903991455657343,0.94585567299551,0.8049261828249474,0.9508152934266845,0.9309607944521134,0.9592404230051592,0.9808531012828585,0.9977172670293414,0.949519449544256,0.9230659630317122,0.9675743567407267,0.9752729805180501,0.9684459109141506,0.9970698702824426,0.9783779352946236,0.9548710823073732,0.9841593444361112,0.8985986666492831,0.9975289966018057,0.8349741162127919,0.9905012176658479,0.9562880686171875,0.9450223520328143,0.9291179679746995,0.8123348408938146,0.9792503453259269,0.9657671730030435,0.9945578164232356,0.9562880686171875,0.9562880686171875,0.939897739160851,0.9172245874626139,0.9054844349054271,0.9562880686171874,0.9657671730030435,0.6669241895153404,0.8038893788091566,0.9115378627127522,0.9811059808649043,0.9562880686171875,0.7461931429643922,0.9894382119329369,0.9756341744207683,0.9987138270448239,0.9562880686171875,0.8977386203509137,0.7743878328859284,0.8724510015411431,0.8101067897872718,0.7461931429643929,0.8884718897664762,0.9592404230051592,0.9869462031944589,0.9562880686171875,0.9468681548811922,0.8266313169822589,0.8787593440855819,0.9109196780153331,0.9645511776582261,0.9769007179655418,0.9508152934266845,0.9562880686171875,0.9956328547950859,0.9298530872602185,0.9562880686171875,0.7994314634198972,0.8234362176999166,0.8951627873918945,0.9941236503157006,0.8624031815176507,0.9562880686171875,0.8424394300035336,0.8760356045203768,0.9511494252873564,0.9164145679718082,0.9611563325953092,0.920122827656545,0.9210985398310307,0.8768208161319829,0.9592404230051592,0.955587210232753,0.9022918659842716,0.9942714459947757,0.9086027207608334,0.6915132090169452,0.8886981112672734,0.944562380594602,0.9607848936032954,0.9991226281223797,0.9562880686171875,0.9457879562525047,0.9153141563577833,0.9965223396816935,0.9482479709168006,0.8959207482435979,0.9534886050081051,0.9892879410373249,0.9645511776582262,0.9534886050081051,0.921979895548813,0.8176392862623293,0.9495194495442563,0.9735125559064748,0.8141610836170452,0.964040252388596,0.9025277748860163,0.9657671730030435,0.9495194495442563,0.944562380594602,0.9590582037321396,0.9258754510202482,0.9398072791970182,0.9579083924637419,0.9280917395652362,0.9688368465782459,0.9987511985291291,0.9258754510202484,0.9162673470024436,0.9592404230051592,0.9301521134798674,0.826051105210643,0.8941155981922164,0.9433718940682514,0.9128943694267473,0.7922077620144263,0.9354577472990953,0.8981226977544039,0.9012618396310073,0.991545896452954,0.9521375655065456,0.8729661616863007,0.8881757341961197,0.751328556449506,0.9433718940682516,0.9445623805946022,0.9917121576354272,0.9482479709168006,0.9868134941838476,0.9965514935490281,0.7785510091061866,0.8206906175910369,0.9592404230051592,0.8559914499686949,0.8802053191263985,0.8703525226203908,0.8694727373186951,0.964040252388596,0.9320142571782083,0.9068859994145182,0.9623824451410659,0.972734784585152,0.9783779352946236,0.9521375655065456,0.9560086947472868,0.964040252388596,0.989405943369801,0.949760262346304,0.9731307655897723,0.971905036534492,0.8986811553763572,0.8479439783560869,0.9660244666247457,0.9521375655065456,0.9600198715458841,0.9562880686171875,0.9623824451410659,0.9562880686171875,0.9562880686171875,0.8440199953549756,0.944562380594602,0.8163429475051772,0.9562880686171875,0.8359953467971374,0.8603611522754102,0.7785510091061865,0.7736930845443264,0.936915144267404,0.9055970488846665,0.9036991932571588,0.9162673470024436,0.862232927318646,0.9508152934266845,0.9022918659842716,0.9623824451410659,0.9291179679746995,0.9706010318338414,0.9116538466243309,0.8487494684180812,0.7778490753105246,0.9752369887774633,0.958842921776784,0.9623824451410659,0.8768208161319829,0.9592404230051592,0.7356938511867397,0.9469990271543745,0.8806502594267758,0.944562380594602,0.9045498580054347,0.9343769343025807,0.9191520956010528,0.944562380594602,0.9311946072310933,0.9592404230051592,0.9469990271543747,0.9577431256853024,0.9746202948705036,0.876944484906568,0.8296528763467039,0.9560086947472868,0.9086798545885582,0.9521375655065456,0.8747720702197954,0.9312546686869957,0.9719050365344921,0.9694312124673643,0.9912425166211662,0.9675743567407264,0.9709681300963304,0.9025277748860163,0.9162673470024436,0.9613585727435356,0.9258754510202482,0.9421722554388531,0.9380222350786749,0.9562880686171875,0.9607848936032954,0.9776784774900422,0.9562880686171875,0.8298243919346038,0.9894382119329368,0.9534886050081051,0.936549554387319,0.8084896529125535,0.9942714459947756,0.8318841922523379,0.9657671730030435,0.7882404231802296,0.9482479709168004,0.8850890368124649,0.9534886050081051,0.9508152934266845,0.8802053191263985,0.9761356843815903,0.8163216564008666,0.9729382170898373,0.8968315612097786,0.9682749098233578,0.8823796135894799,0.9684459109141506,0.9894170690238606,0.9891726316205178,0.935457747299095,0.9657671730030435,0.8049261828249471,0.9577431256853026,0.8954576130000751,0.9504850176985603,0.9078111670939806,0.9548710823073732,0.948079259322322,0.9995853501168296,0.933047051418352,0.9347189984066651,0.9592404230051592,0.9204848999716182,0.9280917395652362,0.942198331919694,0.9083901565631369,0.935457747299095,0.9457709851868579,0.912476848317918,0.9482479709168004,0.9548710823073729,0.9607848936032954,0.9330470514183521,0.9562880686171875,0.9808531012828585,0.968938850256464,0.9648129116097122,0.9824887176061119,0.9562880686171874,0.899555988792494,0.951048986500623,0.9191520956010528,0.8038893788091567,0.9172245874626139,0.906885999414518,0.9369151442674037,0.8605530208286978,0.9376530086096915,0.5802233807313169,0.8714736866604262,0.9059631313150904,0.9623824451410659,0.9162673470024436,0.7797378223034959,0.9592404230051592,0.6313630251988522,0.9675743567407264,0.9376530086096915,0.9534886050081051,0.9675743567407264,0.9495194495442563,0.938768815466609,0.9562880686171875,0.7575964152480574,0.9004665216997629,0.9640402523885963,0.9562880686171875,0.9469990271543745,0.9623870526338894,0.9928099013964127,0.9548710823073732,0.9560086947472867,0.9521375655065456,0.9548710823073732,0.9548710823073732,0.9301521134798674,0.9562880686171875,0.9521375655065456,0.9201228276565452,0.9562880686171875,0.9433718940682514,0.8881757341961197,0.8556161648936055,0.9592404230051592,0.9623824451410659,0.9577431256853026,0.9548710823073732,0.8831047218391028,0.8778523726982703,0.944562380594602,0.8631655385537385,0.9562880686171875,0.850368977502452,0.9592404230051592,0.8763982687835875,0.8872576327116963,0.8473732392830755,0.964040252388596,0.9577431256853024,0.9919033068160935,0.9270730230791457,0.9457709851868581,0.8929968346358234,0.9761356843815903,0.9841593444361112,0.7948012723473756,0.8612981558461015,0.9482479709168006,0.8556161648936055,0.7171048757053845,0.9592404230051592,0.8962706164706525,0.8640960613563904,0.9562880686171875,0.9562880686171875,0.9380222350786749,0.9657671730030435,0.8328658924358339,0.9521375655065456,0.9868659623160063,0.8822556897514986,0.9534886050081051,0.8526009044021776,0.8793638134739938,0.9562880686171875,0.9562880686171875,0.9746202948705038,0.9095362919443464,0.994900896131559,0.9636607886920056,0.8668758171222235,0.9611563325953092,0.896467838022496,0.8276997747581218,0.762549320324422,0.9377001994406238,0.9562880686171875,0.9106645217011181,0.9607848936032954,0.9675743567407267,0.9769007179655418,0.964040252388596,0.9894170690238606,0.9562880686171875,0.9562880686171875,0.9994140382468544,0.9683543830093181,0.9741058378725691,0.9469990271543745,0.9444091313393705,0.9134191021410443,0.895920748243598,0.9997376336428517,0.9252882909717637,0.9530221478470039,0.9562880686171874,0.827613670408631,0.8430302626854405,0.8868454810017545,0.964040252388596,0.982743090758416,0.9030423464559567,0.9230659630317122,0.8202201452691633,0.9577431256853026,0.9866374545900776,0.9562880686171875,0.8508524342038148,0.7199553905667084,0.9134191021410443,0.7319597320064739,0.9209050008316386,0.9495194495442563,0.9181860947060068,0.9133620722696102,0.9623824451410659,0.8868937905864729,0.8814755319253358,0.9521375655065456,0.9657671730030435,0.8038893788091569,0.9427953535791662,0.8390340081240995,0.9607848936032954,0.9548710823073732,0.8932116722416492,0.995067487912588,0.9761356843815903,0.963927220003026,0.9675743567407267,0.9270730230791457,0.9675743567407267,0.9675743567407264,0.8172373823995643,0.9311946072310933,0.9956328547950859,0.9562880686171875,0.9398072791970181,0.8623126901075596,0.9469990271543745,0.9756341744207682,0.9508152934266847,0.9548710823073729,0.9486338396414328,0.9087387818848149,0.9577431256853026,0.994724417772026,0.9291179679746995,0.9145187709012395,0.8939056337097271,0.9562880686171875,0.8445596925710102,0.9562880686171875,0.9811059808649043,0.9657671730030435,0.942198331919694,0.9433718940682516,0.8034002165440353,0.9562880686171875,0.8318841922523379,0.9055970488846665,0.9965514935490281,0.8329186262686776,0.8508524342038148,0.8390340081240993,0.9607848936032954,0.8469680690265142,0.89063304158233,0.9309752480861735,0.8115800187854445,0.9331052725841533,0.9281380799247694,0.9675743567407264,0.9942714459947758,0.968354383009318,0.8288609801930716,0.8886035682722668,0.8612981558461015,0.9606832254354423,0.9004625295707854,0.9562880686171875,0.9548710823073732,0.8984876543923497,0.938426177801531,0.9531174117707755,0.9982420505572286,0.9817550758289915,0.9562880686171875,0.8179859988662401,0.9353528400533939,0.9333065093925879,0.9562880686171875,0.862232927318646,0.9508152934266845,0.964040252388596,0.9942714459947757,0.9548710823073732,0.937256845405638,0.9410406098239262,0.9600368414886555,0.995067487912588,0.7084563067515394,0.9445623805946022,0.9636336092428521,0.9562880686171875,0.9376530086096915,0.9562880686171875,0.964040252388596,0.9067422366276937,0.9004665216997629,0.9675743567407267,0.936549554387319,0.8950048614873414,0.991545896452954,0.7513285564495051,0.9562880686171875,0.9081438960381263,0.9123660344947992,0.976776185955968,0.6869048802059641,0.9270730230791457,0.9560086947472867,0.9354577472990953,0.9343769343025807,0.9280917395652362,0.9078111670939804,0.8518826048482634,0.9280917395652362,0.9858673317522388,0.9607848936032954,0.9013784409842849,0.9280917395652362,0.9675743567407267,0.7685492986838052,0.9645511776582261,0.8185895097027105,0.9548710823073729,0.9343769343025807,0.8163216564008666,0.9068859994145182,0.974801654315965,0.9942714459947756,0.9260614370793867,0.939897739160851,0.9719050365344921,0.9894382119329369,0.870876713268393,0.9333065093925879,0.8202423130235967,0.974361775896551,0.9716656682171856,0.921098539831031,0.9457697991278943,0.9577431256853024,0.9592404230051592,0.6439466259445172,0.9087387818848152,0.9376530086096915,0.8404453338613611,0.9581074754130983,0.9607848936032954,0.9623824451410659,0.9569286916414302,0.936549554387319,0.9306303003238039,0.9291179679746995,0.7948012723473757,0.9854958810075534,0.9919033068160935,0.934376934302581,0.9562880686171875,0.9274501625197058,0.9505428281988995,0.9250566218612026,0.9143648077845039,0.8705572812086977,0.0,0.9301521134798674,0.8932116722416492,0.9410406098239257,0.7699244376981312,0.8993715589111386,0.9563160015347993,0.8896003271096573,0.8503766625088608,0.9482479709168006,0.9612678105847426,0.9548710823073729,0.9817048408157757,0.986845680474064,0.6392292202897136,0.9577431256853024,0.9022918659842716,0.9376530086096913,0.9592404230051592,0.8288609801930715,0.9188331228609052,0.9831525377747645,0.9752369887774632,0.8326881763486,0.9231304080052689,0.8763982687835874,0.8616532608325629,0.9592404230051592,0.8787593440855819,0.9433718940682516,0.9623824451410659,0.9078111670939806,0.9987511985291292,0.964551177658226,0.9657671730030435,0.9813875979308577,0.964040252388596,0.9905012176658479,0.9511494252873566
p353_T,0.8434986758897767,0.7827020517762255,0.924267533039717,0.661546562780237,0.9188361382271664,0.7105810163033842,0.9213017894930076,0.9258180097997866,0.8725540131360707,0.9364368411420321,0.9819538956711096,0.9591402541866405,0.9162050927129204,0.938920094961165,0.8110365895166636,0.8312664451234643,0.9259002427416265,0.8905248145511353,0.9332303128187658,0.7313620180897453,0.8239302922958687,0.8747897442847685,0.7442853103999507,0.9873359374176983,0.9910569717673405,0.8905248145511351,0.9111295270090605,0.9537077258337427,0.786728874884449,0.906316809077913,0.943424161892372,0.9271857963192041,0.908674345896699,0.9810490389797015,0.9630223853436268,0.9081517461023692,0.967100967856847,0.988223797234048,0.9397924012017989,0.9219224280637734,0.8043158668705579,0.9342029590072164,0.9980634982842684,0.8890344077176484,0.8851576851792984,0.7537731972140689,0.9714058757497572,0.969237039075715,0.9775185201428762,0.8271068874433853,0.9759742607288062,0.76827138693539,0.8905248145511351,0.9062682363877987,0.8924520257599285,0.8496055333462679,0.9816494815223562,0.9188361382271666,0.9652592423907032,0.997222278815483,0.8765682211155166,0.8684346352318311,0.9391918847741745,0.8646979598369935,0.8670439353081685,0.9482052944834377,0.8776603460423872,0.936903561816264,0.9128257570773629,0.9610243931286577,0.9736066796003946,0.7428807326250586,0.9044188733069921,0.8211235030060746,0.9188361382271666,0.9691451866854152,0.613897511827761,0.9439076502388631,0.8738097032113021,0.9397924012017989,0.903907368032151,0.7528844849541504,0.8821858692988966,0.8905248145511357,0.9188361382271666,0.9846362664950944,0.9120600632071979,0.9483404312822902,0.95354909944022,0.9162050927129204,0.9188361382271666,0.9057013371667025,0.9143184291124299,0.976347968942274,0.9895362449706253,0.9435883235443842,0.8643553837196308,0.8239302922958687,0.8288048837270816,0.943248147294041,0.9156275074343121,0.8402427784426749,0.9188361382271666,0.932568812414861,0.9432270375673133,0.9332303128187656,0.9868272766917497,0.8858066790651262,0.9723980610103105,0.8447093772441516,0.7721027745145291,0.8926744609561268,0.8643264765668839,0.8707132330674524,0.9243180392978652,0.824467069772844,0.7827020517762245,0.9861029598450541,0.6523099192209161,0.836247615082794,0.9700231093757578,0.8781801844465499,0.9358530937879614,0.8351464176762522,0.83702190436936,0.8944555895490829,0.9215378731313923,0.9905090477178116,0.8261839384447572,0.9221261809159464,0.8852349049282258,0.8873306148945662,0.9752372748615915,0.9397924012017986,0.8851576851792985,0.9018752273373506,0.9432361273152992,0.8288718816327856,0.9271857963192041,0.9136381231722888,0.8525995732444296,0.9364368411420323,0.7976640124290282,0.8302414280399818,0.8950891118930204,0.8571496764250635,0.9510400325580779,0.8283176520649274,0.9219224280637737,0.7469143643022251,0.9528294452685604,0.8498824478883682,0.9995583249327138,0.9249788088801436,0.9752372748615916,0.8884027441326572,0.8705774248564633,0.9196570634622754,0.8343618733529417,0.9954645327542638,0.9630244733232263,0.8873306148945668,0.929015482973479,0.8369063566364388,0.9634482040586927,0.8427643818641357,0.988264565759186,0.966539859311593,0.7329804735096698,0.8340654250908051,0.7540044068405467,0.8691190999184772,0.8863065703015558,0.9901913207886635,0.9117575636016013,0.9232609119062615,0.8552790990760805,0.9689605766139049,0.8871448297887263,0.9365089176367314,0.8869069588367049,0.941259924064278,0.8165945463022458,0.9979245843396389,0.9857310355140037,0.9429277774537723,0.8152309266734901,0.9763431624693746,0.9451469503672958,0.9969820872027787,0.955430200993886,0.8911911051790228,0.7969277214997376,0.7590835987698885,0.9299397675698131,0.9188361382271666,0.9215378731313923,0.9136381231722888,0.969237039075715,0.9443186722830602,0.8999773716406338,0.826183938444757,0.9188361382271666,0.8833472430051489,0.9300843038603108,0.9364368411420323,0.9188361382271666,0.8526637265686308,0.8645899440480413,0.8185765480394147,0.7715117931998932,0.8078722927269606,0.912054261392198,0.9188361382271666,0.9995583249327138,0.9188361382271666,0.8340853065524245,0.8970081454372003,0.9642220410458107,0.9188361382271666,0.7760007005291609,0.9188361382271666,0.9998812998333229,0.9055141698506994,0.9299906214221879,0.8618250244529062,0.8873306148945664,0.8239525204893003,0.9136381231722888,0.9953407916725414,0.9388586611030842,0.9633171395215939,0.8012639544095144,0.9810490389797017,0.7800834172231832,0.9156189095742931,0.9461009440937578,0.9731697328455186,0.888145437731477,0.8645899440480411,0.9221261809159467,0.9111295270090605,0.9016370541080927,0.955430200993886,0.9188361382271666,0.896612988149593,0.9188361382271666,0.9200948763840262,0.979662417783852,0.8776603460423872,0.9818195492873296,0.8429088365979669,0.967100967856847,0.9196570634622754,0.7352422012108966,0.9756307854361475,0.8678151593743701,0.8206979555337919,0.9243180392978652,0.8522854010955982,0.9404612933180634,0.8726726124585857,0.9162050927129204,0.9808531012828583,0.7617133169963854,0.9397924012017989,0.8923127562481294,0.9319617859276279,0.8926744609561268,0.9470074801592097,0.9096667976154487,0.8776603460423873,0.8807672981733745,0.9048676922922787,0.9106590539893652,0.9332303128187656,0.8840671078200979,0.9949248037947259,0.8937892833696128,0.8944420978831518,0.9332303128187656,0.9892750111716385,0.8574424966549477,0.9301521134798674,0.7833426799157517,0.8772815322542922,0.9243180392978652,0.9215915214657806,0.8643264765668841,0.9191935655413226,0.9243180392978652,0.8873306148945664,0.8069004594385389,0.8552790990760807,0.7734782769480444,0.8305986179828291,0.8547233147850071,0.9652298287867674,0.9610243931286576,0.9044188733069917,0.9554421119948902,0.9191935655413228,0.9752372748615916,0.817790210760611,0.9638777185760135,0.8402427784426744,0.9219224280637739,0.9246323126477254,0.8312227840826458,0.9375086369820274,0.9318406132079877,0.9828145201552085,0.8564205325439079,0.876551008852184,0.9155312849209496,0.8420957316791527,0.8988045555455051,0.7313620180897453,0.9892222022633377,0.8645899440480409,0.9923023883964617,0.9344184513464586,0.9188361382271666,0.9271857963192043,0.9731697328455182,0.9732485449091124,0.9332303128187656,0.9177449231111596,0.9549894228659187,0.9188361382271666,0.9910569717673405,0.9861029598450544,0.9980634982842684,0.9492923120409436,0.7553441395437819,0.7176582853502846,0.9752372748615916,0.8526637265686308,0.8797865087242246,0.8083321356555949,0.908674345896699,0.811451229155811,0.9243180392978652,0.9594934435063773,0.9155004788194042,0.9840256643467928,0.9124519654347758,0.8271232104683225,0.8720323104155276,0.8324052451948986,0.8348337895546978,0.9518720845713888,0.9162050927129204,0.851847947164585,0.9810785975841936,0.8451432487768962,0.8279949987435684,0.8044757967206888,0.9188361382271666,0.8079613786411539,0.925845563719097,0.9773744465518461,0.8964502123310983,0.8420957316791524,0.8137531675852787,0.9188361382271666,0.9188361382271666,0.9775185201428762,0.9961932748167588,0.7612496477968103,0.9188361382271666,0.8420957316791524,0.9044188733069921,0.877281532254292,0.9383472819496206,0.9870845388904517,0.8160463790740714,0.9969820872027788,0.9761289800255133,0.8921001620628992,0.9223802051665748,0.9188361382271666,0.8682791667479297,0.8136889686781185,0.8705796198764464,0.8369921843903907,0.9405848418047038,0.9459665362214595,0.9243180392978652,0.8455932663249248,0.9188361382271666,0.7901560960732831,0.8905248145511357,0.8877593061414033,0.9058382739618145,0.850646653241335,0.8748189862659321,0.8924520257599284,0.9188361382271666,0.9337231676669702,0.8410296810344158,0.9188361382271666,0.9718013773009626,0.8625365069373634,0.808700293642254,0.7732311662951258,0.836906356636439,0.9188361382271666,0.9923822770639219,0.936903561816264,0.9684459109141506,0.9892750111716385,0.8118922448201391,0.8785995314863113,0.8806481140766089,0.9914894522117814,0.9243180392978652,0.9350104408206926,0.842163021958878,0.9329290708210041,0.8475433042006468,0.9348473162502386,0.8773677482032267,0.9329290708210038,0.9271857963192041,0.9051352246392363,0.9188361382271666,0.8024064520497924,0.743756631103923,0.7782578492694869,0.9819538956711097,0.9167630175479358,0.955430200993886,0.8259741532391489,0.967100967856847,0.9136381231722888,0.9819538956711097,0.9188361382271666,0.8215807657557223,0.9885235269511562,0.7861889355412869,0.9610243931286573,0.8156206560520562,0.9918036979367357,0.9062682363877987,0.9236106541660871,0.8921442707302998,0.9120600632071975,0.8420957316791526,0.900008935343827,0.8955568994617082,0.8999773716406343,0.9619234929707896,0.9015883421806548,0.7908655422386737,0.7931549419907824,0.8026764864379382,0.941079384442943,0.8709949476105301,0.9994678821812104,0.941079384442943,0.9799998588966439,0.9117913875450325,0.954697500575038,0.7692766763195591,0.96665948650318,0.9259002427416266,0.9732850505188078,0.8124837987348461,0.8761642169182167,0.965305918214924,0.9687941395742314,0.8069620517165181,0.8678151593743706,0.8241600668838409,0.9653059182149237,0.9052651084803364,0.9492987985900734,0.7460671055388906,0.9356267126184374,0.8943717983098081,0.9552409151070955,0.9316182412138075,0.9332303128187658,0.8384499512415053,0.851397048842468,0.9301521134798674,0.9299906214221881,0.992614642133717,0.5184746671183437,0.9759742607288062,0.9861029598450541,0.8667791920235917,0.7500776536612619,0.9418346127944393,0.997924584339639,0.7832487769710363,0.834773265606574,0.9868272766917497,0.9111295270090605,0.9184173202624473,0.9188361382271666,0.9301521134798674,0.9188361382271666,0.9188361382271666,0.8462188949920137,0.8970640020677765,0.7432189689240167,0.9188361382271666,0.7915846739406032,0.8406521114532381,0.9508942993498994,0.9454707798453503,0.8223364946652794,0.9077632885473169,0.8386900203601547,0.8966129881495934,0.8445645166985576,0.9086743458966993,0.9455587127659517,0.9808531012828585,0.9271776793409099,0.8917027378806983,0.8115940355833644,0.9750569362397112,0.908674345896699,0.9136381231722888,0.9836631750161622,0.6642399840962043,0.9337231676669702,0.9243180392978652,0.8768706677362994,0.9866007010520571,0.9619234929707896,0.9953407916725413,0.8398274389362246,0.8781517708121864,0.8498824478883684,0.923610654166087,0.8722428588429538,0.9714058757497572,0.9388586611030845,0.9873359374176983,0.8627116416336096,0.8972119535059904,0.7740333161212744,0.9759742607288062,0.9561378594702288,0.9111295270090605,0.9734238838921789,0.9363463532366844,0.8691190999184776,0.7758049609806585,0.7650499449422892,0.9397924012017986,0.8119366988083399,0.7748935537185431,0.9731697328455183,0.835790347563903,0.8747897442847685,0.9324288082150871,0.9041603374523195,0.9188361382271666,0.9271857963192041,0.8955568994617085,0.9927913675399128,0.7123215409601533,0.9015883421806543,0.9609856433629199,0.9783942835967547,0.7958201005729361,0.9953407916725414,0.8218815094268439,0.9364368411420321,0.8161075472671722,0.9439076502388634,0.8514668044087847,0.955430200993886,0.7731278487539045,0.8132959712599781,0.979662417783852,0.9290154829734788,0.8005927170059755,0.8770107854595053,0.8600769274297663,0.9312264705314053,0.9810490389797017,0.769686028115586,0.7760007005291606,0.9750569362397112,0.6759951612950419,0.8814220701002932,0.9873359374176983,0.997155924110193,0.9226564439505707,0.9510400325580777,0.9591402541866405,0.9067689494768458,0.9724045319267369,0.9980634982842684,0.9204893454041174,0.9243180392978649,0.9552409151070955,0.7846135554921014,0.8649539269925537,0.9719709416716358,0.8351464176762524,0.9358530937879612,0.9638777185760138,0.903907368032151,0.912054261392198,0.9759742607288062,0.7688521133858539,0.9188361382271666,0.9810490389797019,0.8059681138507986,0.8259600209869087,0.9472979076308062,0.9188361382271666,0.8599121075086336,0.811365690513227,0.9299397675698131,0.9994413423319619,0.9174416475884566,0.9785718213639512,0.970921480962794,0.942603683910286,0.8880673872338838,0.856574046613001,0.7613536716392537,0.9702424698108973,0.9808531012828585,0.9731697328455184,0.9816494815223562,0.8873306148945662,0.7901926347445248,0.9397924012017986,0.884234751678239,0.9136381231722888,0.9397924012017989,0.8604594797352192,0.9853395314336217,0.8160463790740708,0.9694773398454679,0.8581833648133105,0.9332303128187658,0.9486051204234524,0.9015883421806548,0.8005927170059755,0.8560225025122672,0.9162050927129204,0.8288718816327849,0.9111295270090605,0.9162050927129204,0.9162050927129204,0.9513202802227414,0.9188361382271666,0.9666428003039549,0.9324288082150871,0.9188361382271666,0.9642416825773447,0.9814744787548233,0.9861029598450541,0.9243180392978652,0.9177449231111594,0.8962097479667896,0.9162050927129202,0.8305727081850832,0.8362476150827942,0.8970640020677767,0.8666421653023371,0.9188361382271666,0.9329979999629742,0.7931549419907826,0.9642416825773449,0.9175099500870247,0.9621027001397893,0.9332303128187658,0.6683942743395168,0.8993081265656124,0.8645899440480411,0.9358530937879614,0.9927913675399128,0.9796624177838522,0.9736066796003946,0.9434241618923718,0.7624894070746238,0.9419536134643975,0.9081517461023692,0.8099201004872921,0.9815062877983508,0.8785995314863113,0.8283176520649271,0.9188361382271666,0.7718601319576103,0.9342235794887463,0.9364368411420323,0.8395652368818691,0.9518720845713888,0.9058614048066168,0.8172125272819153,0.955430200993886,0.7801681554055528,0.8645476581164597,0.9188361382271666,0.9188361382271666,0.976602485290941,0.9735675933821775,0.9210828212435626,0.8311020167561352,0.7528163950686992,0.715239548507606,0.7941071143939147,0.8327715758345431,0.9688274750145474,0.7975423085158875,0.9188361382271666,0.9281680987989613,0.9271857963192041,0.9397924012017989,0.7958201005729362,0.9332303128187656,0.8684346352318306,0.9188361382271666,0.9188361382271666,0.8662323141845998,0.9188361382271666,0.9361161307166035,0.9866007010520571,0.9810120603767223,0.7533949171332575,0.9531239189732771,0.966539859311593,0.8347915037026084,0.9093417543642605,0.9188361382271666,0.7614245163105725,0.7666799442190855,0.9215378731313923,0.8024064520497922,0.9219722388464882,0.9991878347326846,0.8571496764250635,0.8376595095551014,0.9215378731313923,0.8666743630839713,0.9188361382271666,0.8211235030060748,0.9552409151070956,0.941079384442943,0.937668374937708,0.91361905973646,0.9451469503672958,0.9010178520166363,0.7353354075328773,0.9301521134798674,0.85531900020774,0.84382396532987,0.9666428003039549,0.7867288748844503,0.9697393763146015,0.9926947949559495,0.8746801455014888,0.9271857963192041,0.9162050927129202,0.8017165382781775,0.9523285443895997,0.9052651084803364,0.9736066796003946,0.9397924012017989,0.8764969900463836,0.9397924012017989,0.9397924012017986,0.9992131886464962,0.9624724756060739,0.8340066608386387,0.9188361382271666,0.8420957316791541,0.9015883421806545,0.9866007010520569,0.7931670696607375,0.9086743458966993,0.9162050927129204,0.9486384944783341,0.8305471147579226,0.9215378731313923,0.8391451736147026,0.9552409151070957,0.7371821715947535,0.7393342273348128,0.9188361382271666,0.9299914985657856,0.9927913675399128,0.8350839121434093,0.9364368411420321,0.9688274750145478,0.965305918214924,0.8542472277955696,0.9188361382271666,0.8218815094268437,0.7544407449649537,0.8948535190071927,0.8430875781313429,0.8603471668053391,0.8361112270086881,0.9271857963192043,0.793807155897964,0.8950021976073843,0.8885979705995215,0.9707193777672359,0.9953407916725414,0.9474208896227159,0.9397924012017986,0.923610654166087,0.9630223853436266,0.8591765603682225,0.843439784418409,0.8626371857476169,0.9486998997515486,0.840835325011508,0.948605120423452,0.9162050927129204,0.8484833217478618,0.6910951544371506,0.834006660838639,0.8137148245389736,0.8138203652536593,0.9188361382271666,0.8329700258269324,0.8336520075952111,0.937802779625089,0.9188361382271666,0.8044169201532767,0.9086743458966988,0.9332303128187656,0.8970640020677765,0.9162050927129202,0.7771083206128124,0.9586381348210118,0.9612490296140914,0.8165945463022458,0.929291185109303,0.9953407916725413,0.7781995880633046,0.9188361382271666,0.8880673872338837,0.9188361382271666,0.9332303128187658,0.9292666101941272,0.8385179367730089,0.9397924012017989,0.9463248121641357,0.8381191634744816,0.8745533197205997,0.938920094961165,0.9188361382271666,0.9693935085740745,0.7918748088323502,0.9710863619886017,0.8984119663709308,0.9508942993498994,0.6825064884039787,0.8801586131976926,0.9969820872027788,0.8664814862756909,0.8288247292151196,0.8138203652536595,0.8664814862756909,0.661546562780237,0.9271857963192041,0.8547233147850073,0.8664814862756909,0.9397924012017989,0.9391918847741745,0.9873359374176983,0.8078095754619212,0.8261839384447571,0.9718013773009624,0.7528844849541505,0.8271068874433851,0.7901926347445254,0.9687941395742314,0.8911843525479428,0.9219224280637737,0.912054261392198,0.9120600632071978,0.7377721470800509,0.9389200949611651,0.7179136831744277,0.8328392117288816,0.9148217959918508,0.8206850703583954,0.9439988362117595,0.9417728426922435,0.9815062877983507,0.8685991499536572,0.8742481220045635,0.8842347516782392,0.8230108554944905,0.9179396080130533,0.9271857963192043,0.9301521134798674,0.8650600601512668,0.8821858692988973,0.9379098597770348,0.985968382116907,0.9933102894129492,0.8475433042006468,0.8993081265656122,0.9093683063084446,0.9044188733069919,0.8421925154097123,0.9911770567164953,0.8608459111363296,0.8409934614190604,0.7596520994812863,0.9301521134798674,0.0,0.8017165382781777,0.8905248145511351,0.8444151276169702,0.8291888878075278,0.992000334180243,0.7950110300145403,0.8899472722556018,0.903907368032151,0.9334591969915782,0.9162050927129204,0.7919715830721297,0.871762417346021,0.8873306148945668,0.9215378731313923,0.8185765480394149,0.8842347516782385,0.8873306148945671,0.8086206400665752,0.8243530514980486,0.8974874730875659,0.7102331764333374,0.9136381231722888,0.8704604161719123,0.9642416825773448,0.974743355552526,0.7931549419907828,0.8592213771694104,0.9290154829734791,0.9301521134798674,0.8532677898837111,0.9688274750145474,0.7595204637904256,0.9364368411420321,0.9341648582611077,0.9861029598450541,0.90443644637323,0.9301521134798674
p354_GAP,0.4526422673121041,0.8566963326642258,0.7356689330100847,0.9036846834807009,0.875911018859066,0.9079504174811017,0.5016874354498106,0.5783298047546652,0.7650180104070297,0.6794328770235869,0.8817930382709449,0.8718884926994313,0.8718884926994313,0.8571779442131764,0.8024634348575015,0.8198080648432877,0.9256097192573252,0.8326266896887442,0.8979178384019251,0.9028202028772294,0.7431214123363912,0.8495413835116428,0.8696847088727695,0.7761815505413793,0.9012021122836482,0.832626689688744,0.8948691662912511,0.7958675700045752,0.9028202028772294,0.44774383059994716,0.816778116984666,0.8886765593703838,0.8603749609471996,0.8017165382781783,0.8759110188590662,0.9378106311870051,0.8800416198957273,0.8903852777825743,0.6963559225999967,0.8799640058421601,0.7542150378235286,0.8881621124088332,0.9519163796943129,0.8510567798453823,0.9563502722233992,0.6273232964714008,0.9198202436892433,0.7956039782769546,0.9305456914770995,0.8822857460367495,0.7432109646215945,0.88032029991299,0.832626689688744,0.6446210847146255,0.9504059114533234,0.9258056526545557,0.8251240738024217,0.5906675167558797,0.7802111080159981,0.8679639303639384,0.8308936246742384,0.9302204657932787,0.8583226849174206,0.900002953995263,0.8932116722416492,0.7628495065581304,0.9640784502264075,0.7215959200990139,0.6951164886190113,0.977703423972085,0.9626700166348657,0.9558365342945696,0.9425887019071977,0.9169385964252825,0.5906675167558797,0.7938118117264314,0.9817342729841914,0.9392053703799943,0.8334243885603598,0.9601516958792649,0.802439135129283,0.8924015577732269,0.7203861783728216,0.8583226849174204,0.5906675167558797,0.9540338462292137,0.9620242791810867,0.7972558073929421,0.9064090522572085,0.6097932928897107,0.5906675167558797,0.9555941525500815,0.9654703853312546,0.8340261701074028,0.6961895313248225,0.7592967902077299,0.9658121193809133,0.8326044817077389,0.9268225482182904,0.850042644701908,0.9994732652825373,0.9908764668187224,0.9759275434312635,0.9545361833350938,0.901868424151091,0.8979178384019253,0.9357038119827237,0.9486430938420667,0.9333572426871153,0.9829541350547653,0.9337866857551895,0.8767178684422005,0.8759881163537313,0.9028269071215875,0.8842921321245039,0.9143004298430935,0.9446991413620762,0.7430470265323551,0.9079504174811015,0.8752499698678451,0.8724537135431772,0.9436967039406479,0.9839224347982665,0.7774802318042815,0.9354106706034486,0.7899257220759646,0.9144193028520167,0.8585704116037738,0.966137065297176,0.9666216676892168,0.9062939074512157,0.9908764668187222,0.962299054571988,0.995882341907524,0.9870908251894734,0.9947679482503187,0.9350309631406284,0.888676559370384,0.9622990545719883,0.6275172927294355,0.7972558073929421,0.9028202028772292,0.836596982440561,0.9807547286296607,0.9347395379267571,0.8859153851602037,0.9850677320814004,0.9641455846165872,0.892418408800612,0.9688166131868796,0.9300810290830976,0.9718358806561771,0.9894789155851371,0.8136936778382844,0.9622990545719883,0.8546731630246904,0.9864531424840421,0.91900116026768,0.8909272973135463,0.8021096878293793,0.8200603310280696,0.9735954216165379,0.8924015577732269,0.7187244540012832,0.881446379628938,0.9494308298420426,0.8585704116037739,0.8502655956516418,0.9865492959008102,0.9794422037446149,0.9734447923819873,0.8718884926994317,0.8759915979459514,0.8380575571849191,0.7368995612471618,0.9563942386406208,0.9777034239720852,0.6865394231934896,0.986219679790032,0.8680610654437186,0.8996535100383343,0.8538261967607177,0.9994732652825374,0.9013472884958186,0.882823228609237,0.8778665049602381,0.8752499698678449,0.7724367359222868,0.5566182760167753,0.8843692184010488,0.7851794105127566,0.9378886414062888,0.8743680097041804,0.9881762991666916,0.9677602953515634,0.5906675167558797,0.7761815505413792,0.9625612010339306,0.6238318067030673,0.8685651667308927,0.8456315427800833,0.9337421768964974,0.5906675167558797,0.8432304235064452,0.8878264279916916,0.6794328770235871,0.5906675167558797,0.8686339948072037,0.9232101627977853,0.8472003048048291,0.9699620271498337,0.9873920086236879,0.9985319536978544,0.5906675167558797,0.7531115666267931,0.5906675167558797,0.8889986939274062,0.9236159553290475,0.9586685767662559,0.5906675167558797,0.9706786416120037,0.5906675167558797,0.9611756835491542,0.8747819468098652,0.9494308298420424,0.8830146231721034,0.9553483552539828,0.9988333163808225,0.627517292729435,0.9238056139707786,0.8973721012321094,0.9677602953515633,0.9764609300634025,0.9515472743912841,0.8886765593703838,0.9192130655608857,0.7751471121754148,0.8409005055385252,0.9193240324694991,0.8363871530149223,0.9015044103520695,0.7362441981158586,0.9324146569619931,0.9113091047394135,0.5906675167558797,0.9195004050411344,0.5906675167558797,0.9434790709700516,0.9449159152435009,0.9272672026256054,0.9315618902556092,0.9725613296971192,0.7761815505413792,0.973584513003963,0.8460552306072358,0.9780473374629541,0.91049920432547,0.9972904355285022,0.7604267522281002,0.9028189168923333,0.7863925624143273,0.8301695693153038,0.6097932928897107,0.9697201927784762,0.8493235253919915,0.6963559225999967,0.9967463528125622,0.9882959080340783,0.6677222958653406,0.8165474976735849,0.9470115828434171,0.7800222122223968,0.7986121899607025,0.9198797504608893,0.8438372370478575,0.8979178384019253,0.9087149074643353,0.8330696988849948,0.9747063363422138,0.9545816006720382,0.8979178384019253,0.9885205358659387,0.9974914248113669,0.9920255469531102,0.8850469976438213,0.9269380531144631,0.9908764668187224,0.9138693507011497,0.935851398692145,0.8679639303639384,0.9908764668187222,0.9553483552539828,0.7956965759786108,0.9824037832428347,0.954000207998589,0.9460359609414121,0.8262243948785422,0.9677613161224046,0.9378106311870051,0.9425887019071979,0.9811273771120392,0.9625612010339306,0.9991103021727903,0.9927665777481351,0.9051565704870831,0.9908764668187224,0.8293823202072206,0.9847563445133287,0.9699486671943425,0.9111328334408857,0.9128883007330933,0.7439102770117321,0.8513527241020391,0.8911590731748056,0.9934905299198744,0.9718557210930159,0.8838553496817023,0.9863695868970659,0.9362999131857439,0.7946150554079102,0.9855114668715994,0.9908764668187224,0.5906675167558797,0.8886765593703843,0.9625997457049518,0.9354106706034486,0.8979178384019253,0.9537712866846967,0.9013472884958187,0.5906675167558797,0.8460552306072358,0.8627254048875949,0.9519163796943126,0.9693673354629055,0.8481510251486397,0.9721368213039625,0.7800222122223968,0.9583804297273596,0.8196278343558197,0.9563489939600605,0.8903852777825743,0.8696166427962191,0.7604267522281,0.8017165382781786,0.8889986939274062,0.886030602230176,0.9485043478872299,0.9601516958792649,0.9858608680921753,0.9138693507011495,0.9868640066581484,0.9563502722233992,0.5773984044890321,0.9684291032878511,0.9147162799480846,0.9792730490661735,0.9516775619443283,0.8354007908365193,0.5906675167558797,0.9248554861979303,0.80199710729931,0.986219679790032,0.9318548420045341,0.9863695868970659,0.979442203744615,0.5906675167558797,0.5906675167558797,0.7406733518957944,0.8982761949813975,0.958089358222828,0.5906675167558797,0.9300810290830976,0.9425887019071979,0.9501914227482254,0.8246299003680961,0.9544809173047367,0.9759275434312635,0.9550285206335156,0.9620242791810867,0.8439881683325483,0.8937256525369833,0.5906675167558797,0.8310257162406249,0.9713684383902521,0.9449538375454727,0.8667674180598742,0.8608161176568936,0.9555930856891354,0.9908764668187222,0.9663914394892504,0.5906675167558797,0.7924868157273359,0.9361093532531712,0.8149106863716868,0.8822645576775778,0.9136922823665362,0.9004178518288601,0.9203955946179487,0.5906675167558797,0.9904533337375462,0.912835273921142,0.5906675167558797,0.9507590763898621,0.9584263293494801,0.8119941552331311,0.8258608984634046,0.9494967687354742,0.5906675167558797,0.9955056151405213,0.8214272052481875,0.9155170264162831,0.8639401218208821,0.8970235120721091,0.9627597460625127,0.9194175134549629,0.9719282551568322,0.8842921321245039,0.9242289733842733,0.9183849622426923,0.9508660665197832,0.9995281801704672,0.9727856322738649,0.8165474976735849,0.6432271452451477,0.888676559370384,0.9097146753747727,0.5906675167558797,0.9777034239720852,0.9155842201855133,0.9795592977520449,0.9679115364345192,0.8966384344705511,0.6275172927294357,0.9164786385305197,0.9824476482791151,0.5959848691727717,0.9459699654019067,0.9759275434312635,0.9672980499400738,0.8075298764389567,0.9234677961065929,0.9777034239720852,0.9450871916924853,0.8465316450632612,0.9740334109280262,0.9950130283822075,0.9961248607555502,0.9339035552637258,0.9718557210930159,0.9573180262483001,0.962818735965119,0.8244806279099235,0.6415978492932332,0.9339035552637263,0.8802004552898299,0.9198202436892431,0.8914387882165555,0.9384231771265084,0.8354289651139997,0.9455584001270507,0.9271060419141324,0.9459699654019068,0.8406452729382572,0.8761336885754374,0.8448424102243275,0.9873920086236878,0.9206875159123044,0.9683567445504013,0.9516285637792925,0.933541729082964,0.9747063363422137,0.6973480503431575,0.8322192645136985,0.9746761314564314,0.8090362913108439,0.9747063363422138,0.8797986579063537,0.901327881215676,0.9198202436892431,0.8213231176812357,0.9785874754870634,0.9572501368720674,0.9847363766110007,0.8979178384019251,0.9365957729553694,0.8611348311665885,0.9920255469531102,0.9494308298420424,0.9870908251894734,0.8948691662912514,0.8904559550248035,0.703154233747275,0.9838482086598055,0.8397728114392753,0.8510567798453821,0.8718884926994315,0.966137065297176,0.8425896064974763,0.9627597460625126,0.551800880319413,0.9973870649836616,0.5906675167558797,0.8932116722416494,0.5906675167558797,0.5906675167558797,0.9525356217596301,0.4808644299511202,0.9811610381549327,0.5906675167558797,0.7984525011335171,0.9440084882495612,0.7946150554079103,0.9058247620252302,0.8310257162406249,0.814898522095763,0.9180824181938431,0.6875000974458194,0.9875538837430806,0.7494909201929298,0.761284079286924,0.7624999853426301,0.8874968335551736,0.8272011928484728,0.9422054457934682,0.9361138967526228,0.9595631380405527,0.8167118340694208,0.9176087362910916,0.9314659325100627,0.9155006384984004,0.8842921321245039,0.9891253832836138,0.7286477577279437,0.992659898697263,0.9950130283822074,0.8616042065392591,0.93147541988936,0.8510282326716583,0.9679525758332028,0.8776225294786416,0.9735954216165379,0.6442855859758628,0.9831746687645955,0.9834497563046942,0.9510032430138786,0.8360956307636551,0.7800222122223968,0.9351962970466212,0.6132819862515626,0.7756264789383287,0.8571767099257033,0.9985319536978544,0.9592554700199221,0.9408607629551926,0.9079504174811015,0.8582796331552172,0.9319972407688,0.7071500723214716,0.7507661246104325,0.9901450030984478,0.9018378808896544,0.9915794217998221,0.5906675167558797,0.888676559370384,0.9274932212938325,0.8907170904724734,0.8691667440905255,0.9536135490668305,0.9940936245905945,0.9892540570511907,0.855713930882231,0.9508660665197832,0.9282429596025827,0.9028202028772294,0.825903347340539,0.967911536434519,0.934876614983264,0.6275172927294357,0.9804162282886981,0.7727251547548049,0.9899668274193519,0.9721368213039625,0.9076787600556974,0.8450964377103707,0.9835960577094162,0.8016969006434495,0.9811610381549327,0.7717533945625319,0.7730739755120428,0.9838482086598055,0.9445948948871477,0.9563489939600605,0.9480699653228257,0.8933910673600276,0.9391503799167866,0.8375280102588184,0.6097932928897107,0.7749008040210252,0.824076483210094,0.9161857336660533,0.8835431310565455,0.9908764668187224,0.9318548420045338,0.9933060469384616,0.8359132192646184,0.8894288773818619,0.8645124288918486,0.905783801848909,0.7907221531039399,0.8817930382709451,0.9013472884958188,0.9254878069711863,0.9601516958792649,0.5906675167558797,0.839394461968312,0.9148994566915027,0.8759881163537311,0.9181407844243687,0.5906675167558797,0.854943913659187,0.9398434486759628,0.9114320566639176,0.724261402379103,0.8046304568319205,0.9710974409365866,0.9350179466546682,0.9645246097914144,0.9702668667307686,0.9476256873541435,0.930049500882792,0.9698435187156453,0.8932116722416494,0.8802004552898295,0.8002170464481195,0.9735954216165381,0.9449159152435009,0.9079504174811013,0.9211812452239574,0.9743739518527413,0.9079504174811015,0.9740334109280264,0.9994732652825374,0.9573947735206049,0.9445635577533393,0.8230643324413931,0.8627254048875949,0.9759275434312635,0.8411306533973872,0.9362914289897462,0.9062705345556561,0.5773984044890321,0.962299054571988,0.6132819862515604,0.5773984044890321,0.6097932928897107,0.6599499620915581,0.5906675167558797,0.6747630921837098,0.5769212666344119,0.5906675167558797,0.9455584001270505,0.7387172023027093,0.8979178384019251,0.8842921321245039,0.9155170264162832,0.8793145994102467,0.6097932928897107,0.9761179479574775,0.8911072125612953,0.9508660665197832,0.9026825592731542,0.5906675167558797,0.9966256771555819,0.9908764668187224,0.9455584001270507,0.8833283518550201,0.939903537300129,0.9425109904577548,0.9144193028520167,0.685196275143261,0.9883274201349324,0.850636920172497,0.8759110188590657,0.5558517785050371,0.9856369766606267,0.9922846353866033,0.9403720488103622,0.9679115364345192,0.9777034239720852,0.9935817800704909,0.8842921321245039,0.9357038119827237,0.9902089865683761,0.5906675167558797,0.9759275434312635,0.7993797243807594,0.6794328770235872,0.8750327772730231,0.9563502722233992,0.9966177024890439,0.8808454679700191,0.6275172927294357,0.9798085280851598,0.9821809970351337,0.5906675167558797,0.5906675167558797,0.737272994201577,0.9058651574024172,0.9195004050411344,0.9739625959804283,0.9947679482503187,0.9279561156345311,0.7755123295718851,0.9418724598040054,0.9812156547306297,0.9795592977520449,0.5906675167558797,0.9891253832836135,0.888676559370384,0.6963559225999967,0.9004178518288597,0.8979178384019253,0.9302204657932789,0.5906675167558797,0.5906675167558797,0.9659106464045815,0.9907336150446706,0.9888468013232944,0.905782831346365,0.9035824051121062,0.8310554840860191,0.8333906472419883,0.9463161534797555,0.9697994127110825,0.8836034954327339,0.5906675167558797,0.9449159152435009,0.9338242386101951,0.9144193028520167,0.9777034239720852,0.8502649010842529,0.8020268230744547,0.6342359005992587,0.9572501368720674,0.8800416198957273,0.8467281690052735,0.5906675167558797,0.9613304014574109,0.8685341199733492,0.9576332886921308,0.9062939074512162,0.8336760430954449,0.9086295108081736,0.9726726311317253,0.9248554861979303,0.9155170264162831,0.7939358733297195,0.9668389169124062,0.8899469629462303,0.9028202028772292,0.9501914227482253,0.730541391423761,0.9359085077902825,0.7800222122223968,0.5773984044890321,0.8322425605890174,0.9507126800088579,0.9682610749736361,0.9626700166348658,0.995882341907524,0.8797986579063537,0.9161857336660536,0.995882341907524,0.9981003045437435,0.7641577038692045,0.8402638162871574,0.9573947735206049,0.9445948948871477,0.9901450030984476,0.869251377314748,0.9037047526423794,0.8603749609472,0.9985319536978544,0.974566237928235,0.8507255225336661,0.8105592334976687,0.9778705642081069,0.735460094625271,0.9162227894388776,0.967300791319305,0.5906675167558797,0.9739212541784144,0.9573947735206049,0.940145221422594,0.6794328770235869,0.9812156547306299,0.8392447154194045,0.9002163215676355,0.5906675167558797,0.8415583597064324,0.8004381517426116,0.92154949398839,0.9537355522538147,0.9202914517902466,0.9476893856450179,0.888676559370384,0.8903607666018098,0.7495560361590577,0.8293588924489148,0.9350734990645873,0.9779265190687878,0.879880227498388,0.9601516958792647,0.9679525758332029,0.909249860383132,0.7515401773634882,0.9177092516180816,0.9387283993135578,0.6678501225701672,0.8567067394028418,0.9907336150446707,0.5773984044890321,0.9337152987398958,0.8691667440905255,0.82117048376225,0.9735571024943716,0.9984811289428308,0.5906675167558797,0.8718533353069893,0.8435013378051004,0.9966981620157498,0.5906675167558797,0.972408058445138,0.9804162282886979,0.8979178384019253,0.6973480503431573,0.5773984044890321,0.9319972407688002,0.8840186801460966,0.9003852060492186,0.9507126800088579,0.919417513454962,0.9238056139707789,0.8049561379049952,0.5906675167558797,0.9702668667307686,0.5906675167558797,0.7430470265323554,0.8686339948072035,0.7702548590762903,0.6963559225999967,0.8897627077088144,0.9351170738974299,0.8076828875230477,0.9036846834807011,0.5906675167558797,0.9932796291071262,0.982034479733138,0.9146613293801462,0.9838482086598055,0.8597323127450578,0.9991103021727903,0.8013473877578727,0.9036528749015507,0.5679417820973465,0.8305076156403726,0.814784523657184,0.5679417820973465,0.9269380531144629,0.962299054571988,0.8439227718924507,0.5679417820973465,0.6963559225999967,0.9354106706034486,0.9824476482791151,0.8085260178646336,0.8718884926994315,0.9743121771340179,0.9189799789501389,0.735668933010085,0.7929756481234911,0.8696847088727695,0.7901039681936521,0.9430000944355514,0.9042833811001099,0.8411306533973876,0.5296495290151793,0.8106712049456517,0.7790933884826767,0.81725348297225,0.8785915644598223,0.7760153465387924,0.8293823202072206,0.8105592334976686,0.9198202436892433,0.7790933884826765,0.7780509459760516,0.8230100022103348,0.8230100022103353,0.7956039782769544,0.888676559370384,0.8932116722416494,0.15083064130517754,0.8198775277151971,0.7390138473383756,0.7987808166564554,0.816778116984666,0.2196100019525593,0.9012021122836482,0.8137099161685828,0.8759110188590657,0.6159763415233894,0.7361464404372708,0.8510567798453821,0.7568996972756223,0.28341896538989364,0.8932116722416492,0.8017165382781777,0.0,0.832626689688744,0.8641286133251771,0.8198775277151973,0.7542150378235286,0.13250557457561785,0.456285823689351,0.8530868722164204,0.38681838515908984,0.8718884926994313,0.8724543310839901,0.4492272221755419,0.8842921321245036,0.8800416198957273,0.8827926335237604,0.8230100022103335,0.9198202436892433,0.7706125802606785,0.827373985007307,0.46589449428796914,0.8994963539206027,0.8679639303639386,0.7842715840227168,0.8924015577732269,0.7623006060359168,0.8842921321245039,0.814910686371686,0.8392447154194036,0.8932116722416494,0.7382952895012598,0.8620376658367259,0.9831746687645955,0.6794328770235869,0.7200341327950912,0.7430470265323554,0.5349994929517569,0.8932116722416494
p354_K,0.7232650295684582,0.9654186216767151,0.8540589702876233,0.8954688163631979,0.9314886672615048,0.949178085609155,0.7677453201141122,0.7249477881963555,0.31779064471685703,0.9463456194504822,0.9188871236697294,0.9292677720165115,0.9292677720165115,0.8954688163631979,0.8794184279003852,0.845426769507341,0.9249834296604695,0.9075907590759069,0.9436389526644002,0.9463456194504825,0.8482926115779139,0.9169296077473634,0.9131105611405983,0.9337692322192535,0.915004851984079,0.03901461574728915,0.9249834296604695,0.8872955140291616,0.9463456194504825,0.7186417201278041,0.1227372056815752,0.9385367079941813,0.9229109835440796,0.18994536180553956,0.931488667261505,0.9436389526644002,0.9337692322192535,0.9229109835440805,0.949178085609155,0.9057994954598185,0.8642985447139284,0.9094052998937725,0.9491780856091547,0.8825384613814418,0.9249834296604695,0.7942397672655976,0.9361160018916064,0.340887779924714,0.9057994954598185,0.8540589702876233,0.9385367079941813,0.7971196216424012,0.03901461574728915,0.9208799593225998,0.9229109835440805,0.904030091445724,0.9040300914457235,0.9314886672615046,0.7600825581617027,0.9271009640247971,0.30130761768926206,0.6168808364573259,0.9075907590759071,0.8642985447139284,0.9410406098239259,0.6321503167696392,0.9385367079941815,0.8057060011361046,0.724091671213138,0.9436389526644002,0.8938064978005682,0.9057994954598185,0.931488667261505,0.6271578137520522,0.9314886672615046,0.8468584144181479,0.9169296077473634,0.9188871236697291,0.6346118584909751,0.9491780856091547,0.9188871236697294,0.9112446674143928,0.9005517611723408,0.9075907590759071,0.9314886672615046,0.8889039599111497,0.9169296077473634,0.6712287575866582,0.8569629050326473,0.9292677720165115,0.9314886672615046,0.8540589702876238,0.7722474481848001,0.5278502511680846,0.9005517611723408,0.8951634300459377,0.8511694599226765,0.8482926115779139,0.6418633702866043,0.6442376885398651,0.9040300914457231,0.9361160018916062,0.9314886672615053,0.832629779247678,0.8507014378963611,0.9436389526644,0.8748055425712822,0.6838081318570438,0.9150048519840785,0.6220693953027716,0.8326266896887442,0.9094052998937725,0.6669088686372896,0.8778722974583606,0.9361160018916064,0.7055582896150356,0.9208799593226005,0.9436389526644,0.949178085609155,0.5413866832492845,0.8825384613814415,0.845426769507341,0.9150048519840785,0.8988405313927079,0.9075907590759071,0.7416603768637973,0.9337692322192535,0.8128142530789662,0.9292677720165115,0.885698841863535,0.48690460751512854,0.9361160018916062,0.9385367079941811,0.949178085609155,0.9249834296604698,0.8146188345331851,0.8368800800587317,0.9385367079941813,0.9385367079941811,0.9271009640247971,0.736505853691706,0.946345619450482,0.6321503167696396,0.8522196206602226,0.8482926115779139,0.42369664509215876,0.9955163805952008,0.589270022807937,0.9057994954598185,0.7164488397748476,0.9463456194504825,0.8732840781850184,0.8057060011361046,0.58133717982476,0.9385367079941818,0.24941223599141127,0.8867881128334252,0.8841133455738344,0.9271301412483197,0.845426769507341,0.7617173469282894,0.9361160018916062,0.9112446674143928,0.8646359779102974,0.8613500083222565,0.8872955140291616,0.6522223995588009,0.8642985447139284,0.9005517611723408,0.9076960674031369,0.8954688163631979,0.9292677720165115,0.2640022013016081,0.8100940921088199,0.6739582892195339,0.9651334427679321,0.9436389526644,0.8255524180203793,0.8921587537070723,0.8468584144181479,0.9591330006563404,0.5490235441416206,0.9040300914457231,0.9292677720165115,0.6344719168634507,0.8266331758234324,0.5413866832492846,0.8672687335363689,0.9208799593225998,0.9329075599064764,0.9271009640247971,0.8702630231263384,0.7601473737062696,0.6958663923837365,0.8732840781850191,0.9314886672615046,0.9337692322192535,0.9271009640247971,0.8657807842755783,0.7781907026725832,0.3946305558992952,0.9292677720165115,0.9314886672615046,0.8227244392370432,0.6958663923837364,0.9463456194504822,0.9314886672615046,0.5888771103329691,0.22448456382846116,0.4235966227113721,0.5208716152924309,0.871770029122154,0.9292677720165115,0.9314886672615046,0.8296313410259668,0.9314886672615046,0.6580633840593959,0.7826074507426821,0.7781907026725832,0.9314886672615046,0.8128142530789662,0.9314886672615046,0.7677453201141125,0.29270720591052823,0.8872955140291616,0.832626689688744,0.9361160018916062,0.7222848990290431,0.9271009640247971,0.9131105611405983,0.9169296077473637,0.8732840781850184,0.6701151105328295,0.8905248145511351,0.9385367079941811,0.8934655458176225,0.8802685646935293,0.8687627046182593,0.8613500083222565,0.5210900952644624,0.22448456382845994,0.9249834296604695,0.845426769507341,0.9271009640247971,0.9314886672615046,0.8687627046182596,0.9314886672615046,0.7649690208871627,0.885698841863535,0.9385367079941815,0.9022812459376921,0.7005689296405748,0.9337692322192535,0.8841133455738346,0.9150048519840792,0.8835104920677506,0.9188871236697294,0.5306398206128394,0.9361160018916064,0.8522196206602226,0.49119909663553196,0.7899002280072158,0.9292677720165115,0.9410406098239259,0.9946875856611308,0.949178085609155,0.8159827119347486,0.7752272051820452,0.9094052998937725,0.495424045328108,0.8312107660355976,0.9385367079941815,0.8191308702322293,0.7484582530296053,0.71309989687078,0.9436389526644,0.6220693953027716,0.23520720663140027,0.911244667414393,0.8672687335363696,0.9436389526644,0.7999899992499375,0.6535321679724471,0.9410406098239259,0.8628217153184259,0.8954688163631976,0.9361160018916062,0.8905248145511351,0.6669088686372896,0.9271009640247971,0.9361160018916064,0.9361160018916062,0.7501392869450497,0.9436389526644,0.6817494061722857,0.5278502511680845,0.8454267695073412,0.7899002280072158,0.9436389526644002,0.931488667261505,0.9057994954598185,0.9271009640247971,0.9385367079941818,0.6754836127321635,0.8628217153184259,0.9361160018916062,0.9057994954598185,0.9872201163229499,0.7508557165936525,0.8778722974583606,0.843997484560278,0.7826074507426817,0.9595213074576396,0.8341941060040072,0.8537406145656827,0.9463456194504825,0.7387998539833496,0.9463456194504827,0.8905248145511351,0.885698841863535,0.8778722974583606,0.9361160018916062,0.9314886672615046,0.3907704462720022,0.8687627046182593,0.9075907590759071,0.9436389526644,0.9410406098239257,0.9292677720165115,0.9314886672615046,0.9150048519840788,0.9436389526644,0.9840677331869965,0.8794184279003852,0.7840366262887106,0.911244667414393,0.9385367079941815,0.8841143924152836,0.7692505156398974,0.9150048519840785,0.530307635450721,0.8316304748044481,0.9361160018916064,0.25805868207541593,0.7461308961782385,0.41104010536568103,0.7087859334133902,0.9840677331869966,0.7294550081390347,0.9245814746860732,0.7130998968707799,0.9249834296604695,0.9292677720165115,0.8938064978005682,0.845426769507341,0.6449329538513504,0.6647237223479152,0.7555267484019446,0.9314886672615046,0.555051495182145,0.8889039599111497,0.8921587537070723,0.9225786753593268,0.9463456194504825,0.836341542204496,0.9314886672615046,0.9314886672615046,0.9057994954598185,0.8702630231263377,0.8099750192678041,0.9314886672615046,0.9463456194504827,0.9314886672615053,0.8954688163631976,0.8613500083222565,0.695866392383736,0.9314886672615053,0.8971465330611361,0.9596257255045417,0.773739416204358,0.7413488062196427,0.9314886672615046,0.8397219435105807,0.8872955140291614,0.7149577147050744,0.6895129103877655,0.8971465330611361,0.8241384457107954,0.9361160018916062,0.6858523995099818,0.9314886672615046,0.7484582530296051,0.9466053748231964,0.5378539927123652,0.7707511864043153,0.9337692322192532,0.7722474481848001,0.9229109835440805,0.9314886672615046,0.8598831469664705,0.6492930024488199,0.9314886672615046,0.9329075599064764,0.6878824869204272,0.7869927119133107,0.7508557165936522,0.6754836127321635,0.9314886672615046,0.6895129103877649,0.5483098218376187,0.9991226281223797,0.8236340386243195,0.7730003884001778,0.874805542571282,0.28385076438625845,0.8598831469664703,0.9361160018916064,0.8917796312811817,0.4235966227113721,0.9131105611405985,0.558357193251,0.8297955240805068,0.8255524180203793,0.913110561140599,0.9385367079941811,0.9075907590759071,0.9314886672615046,0.9436389526644002,0.8672687335363685,0.6337152370574655,0.9188871236697294,0.9022812459376917,0.9271009640247971,0.7501392869450498,0.9859653849226511,0.9271009640247971,0.9188871236697294,0.9314886672615053,0.9208799593226007,0.8368800800587317,0.8702630231263382,0.9436389526644002,0.577346130106521,0.9463456194504827,0.9208799593226005,0.9131105611405985,0.6557054307329719,0.9169296077473634,0.9463456194504825,0.7299474608183196,0.8872955140291616,0.8540589702876233,0.9094052998937725,0.9169296077473637,0.8985975567963889,0.9361160018916062,0.8905248145511351,0.8934655458176228,0.9852604376725091,0.911244667414393,0.5523614332121767,0.9624721270225207,0.1227372056815752,0.7840725527723562,0.7204683135462187,0.871770029122154,0.9716572732363802,0.6535321679724468,0.8526125248565148,0.9307747569588933,0.9112446674143928,0.913110561140599,0.7539755036479474,0.9188871236697294,0.8236340386243204,0.9112446674143926,0.918655012023091,0.7433712257147442,0.9361160018916062,0.7913495263156962,0.7601473737062696,0.8889039599111497,0.8934655458176228,0.9436389526644,0.7461308961782385,0.3946305558992952,0.9410406098239257,0.8872955140291616,0.9249834296604695,0.9249834296604698,0.9385367079941818,0.9436389526644,0.8988405313927079,0.7647208885946122,0.8825384613814418,0.9292677720165115,0.9292677720165115,0.6346118584909757,0.9056384037386229,0.9249834296604702,0.8522196206602227,0.9314886672615046,0.9410406098239261,0.9314886672615046,0.9314886672615046,0.6442376885398649,0.9131105611405992,0.8905248145511351,0.9314886672615046,0.6625213254912439,0.6006683257164034,0.9186550120230907,0.8251338051460981,0.8397219435105807,0.7381271605259614,0.8702630231263382,0.8687627046182591,0.595031824359733,0.9229109835440803,0.8468584144181478,0.9410406098239263,0.2018787229880712,0.71309989687078,0.5483098218376187,0.8988405313927079,0.9229109835440805,0.9271009640247971,0.731224412591975,0.9410406098239257,0.8598831469664703,0.9361160018916064,0.865780784275578,0.9169296077473634,0.9490704397550969,0.9131105611405985,0.5711708411733951,0.8971465330611361,0.30130761768926206,0.9131105611405985,0.8921587537070723,0.9361160018916062,0.9169296077473637,0.933769232219253,0.8841133455738346,0.5208716152924309,0.7840725527723562,0.9385367079941811,0.8071305231050048,0.9249834296604702,0.7112312592173617,0.8511694599226762,0.9292677720165115,0.7149577147050744,0.9005517611723408,0.9840677331869966,0.7381271605259614,0.577346130106521,0.8687627046182593,0.7348773722893926,0.9169296077473634,0.998136987240644,0.8675944071688322,0.9314886672615046,0.9385367079941811,0.34661586838513114,0.931488667261505,0.8128142530789662,0.9169296077473632,0.9271009640247974,0.900551761172341,0.7722474481848001,0.9541968529441154,0.6712287575866582,0.9463456194504822,0.7433712257147442,0.9188871236697294,0.8198957816506429,0.9271009640247974,0.9229109835440805,0.7263548636463293,0.885698841863535,0.911244667414393,0.704167298979953,0.42851330438410895,0.7445434044715771,0.8156492020535611,0.8905248145511351,0.6168808364573253,0.8128142530789662,0.8988405313927079,0.9463456194504827,0.9150048519840785,0.9337692322192535,0.7826074507426821,0.9881021133307764,0.500457121031271,0.9292677720165115,0.7249477881963555,0.7855342689816791,0.9491780856091547,0.8368800800587317,0.8481125351096335,0.9225786753593268,0.8872955140291612,0.9094052998937727,0.8672687335363685,0.8988405313927079,0.9150048519840785,0.8628217153184259,0.9188871236697291,0.9292677720165112,0.9385367079941811,0.9491780856091547,0.9314886672615046,0.8905248145511351,0.8184808644825552,0.6449329538513504,0.8921587537070723,0.9314886672615046,0.5459440387414717,0.7855957980215142,0.9955667899073475,0.8954688163631979,0.8702630231263369,0.8818852841325526,0.4497597078555209,0.7112427457737369,0.9022812459376919,0.8732840781850186,0.5648437852861057,0.8526125248565146,0.9410406098239263,0.8687627046182598,0.9040300914457235,0.9361160018916062,0.885698841863535,0.9491780856091547,0.9022812459376919,0.9271009640247969,0.949178085609155,0.9208799593226003,0.9040300914457235,0.931488667261505,0.8100940921088199,0.843997484560278,0.9436389526644002,0.9314886672615053,0.9169296077473637,0.7258888216147434,0.6754836127321635,0.9292677720165115,0.9385367079941818,0.92498342966047,0.9292677720165115,0.9292677720165115,0.8905248145511351,0.9314886672615046,0.9249834296604695,0.8748055425712828,0.9314886672615046,0.911244667414393,0.8526125248565148,0.9436389526644,0.9361160018916064,0.9410406098239259,0.9337692322192532,0.9292677720165115,0.7249477881963553,0.5413866832492845,0.9131105611405987,0.569118849499551,0.9314886672615046,0.8748055425712822,0.9361160018916062,0.9112446674143926,0.6898986661254138,0.8763348124829182,0.9436389526644,0.9337692322192535,0.9150048519840785,0.8856988418635352,0.9150048519840785,0.9314886672615048,0.885698841863535,0.893806497800568,0.8988405313927079,0.5978653768361881,0.9188871236697294,0.9436389526644002,0.9057994954598185,0.9361160018916064,0.9056384037386223,0.589270022807937,0.9314886672615046,0.9314886672615048,0.8411452513286894,0.9463456194504822,0.7811388502627219,0.9249834296604695,0.9188871236697291,0.6321503167696392,0.9271009640247971,0.6721146692901674,0.703644215496598,0.9314886672615046,0.9314886672615046,0.8841133455738341,0.7948723265313881,0.8687627046182602,0.7600825581617027,0.5803791518121255,0.7508557165936525,0.7840725527723562,0.6796759387250548,0.9094052998937725,0.6558071205366892,0.9314886672615046,0.8951634300459375,0.9385367079941811,0.949178085609155,0.7722474481848001,0.9436389526644,0.6168808364573257,0.9314886672615046,0.9314886672615046,0.7186417201278041,0.9314886672615048,0.7074606732042008,0.9169296077473637,0.807130523105005,0.8642985447139284,0.9022812459376919,0.893465545817623,0.6089003932461543,0.7985559379258655,0.9314886672615046,0.885698841863535,0.6465913109926505,0.9337692322192535,0.9436389526644,0.8468584144181479,0.7633461199763999,0.9110950154916331,0.8889039599111499,0.9337692322192535,0.8099750192678044,0.9314886672615046,0.6271578137520522,0.8889039599111497,0.34819242548631424,0.8283808154149443,0.843145410400566,0.9208799593226007,0.8717700291221535,0.8028518170159549,0.9410406098239257,0.5036736532210575,0.5269555697385866,0.9249834296604695,0.9463456194504827,0.9307747569588933,0.9075907590759071,0.6558071205366891,0.9385367079941813,0.9292677720165115,0.4735814391370027,0.904030091445724,0.885698841863535,0.9286775783839136,0.9491780856091547,0.885698841863535,0.9491780856091547,0.9491780856091547,0.8687627046182598,0.8921587537070723,0.36904276709716055,0.931488667261505,0.9463456194504827,0.9169296077473634,0.9169296077473634,0.773739416204358,0.9229109835440799,0.9292677720165115,0.9040300914457231,0.3821308344178026,0.9337692322192532,0.7093515898807001,0.8889039599111497,0.634611858490976,0.6557054307329719,0.9314886672615046,0.8540589702876238,0.9314886672615053,0.7611646999216716,0.9463456194504822,0.9094052998937725,0.12024934074487248,0.8057060011361044,0.9314886672615046,0.6712287575866582,0.7381271605259614,0.9112446674143921,0.669077103309023,0.6271578137520524,0.6558071205366891,0.9385367079941811,0.6370509049250415,0.7913495263156973,0.6471217056732818,0.7332415752367151,0.9131105611405981,0.7884479940774016,0.9491780856091547,0.9131105611405983,0.931488667261505,0.8917796312811814,0.9057994954598185,0.5978653768361871,0.8687627046182591,0.7445434044715771,0.9314886672615048,0.9292677720165115,0.5661686426124279,0.8128142530789662,0.8598831469664703,0.693243331176278,0.723265029568458,0.9314886672615046,0.6760722262638167,0.8156492020535611,0.8954688163631979,0.9314886672615046,0.595031824359733,0.9229109835440805,0.9436389526644,0.913110561140599,0.9292677720165115,0.792796001753072,0.9466053748231964,0.8613500083222567,0.9040300914457235,0.8763348124829182,0.913110561140599,0.7477120255242755,0.9314886672615046,0.9022812459376921,0.9314886672615046,0.9436389526644,0.7979377653422228,0.43436976156560925,0.949178085609155,0.900551761172341,0.755140642348979,0.30966479249547874,0.8954688163631979,0.9314886672615046,0.7737394162043583,0.617174608302879,0.7985559379258655,0.8988405313927079,0.8856988418635341,0.9385367079941818,0.8988405313927079,0.8971465330611361,0.8872955140291612,0.38845123250381963,0.723265029568458,0.8872955140291612,0.9307747569588933,0.9385367079941818,0.8454267695073412,0.8872955140291612,0.949178085609155,0.9075907590759071,0.9337692322192532,0.845426769507341,0.9292677720165115,0.9329075599064764,0.9112446674143928,0.3946305558992952,0.885698841863535,0.9131105611405985,0.23520720663140093,0.9057994954598185,0.9292677720165115,0.9169296077473637,0.6580633840593958,0.8954688163631979,0.8672687335363685,0.6115876704931471,0.9129523252750884,0.8763348124829184,0.9057994954598185,0.9337692322192535,0.9361160018916064,0.33339209639255685,0.8851446183863341,0.9022812459376919,0.9022812459376921,0.34088777992471375,0.9385367079941811,0.9410406098239261,0.8552646386959464,0.10751865132455718,0.8198957816506429,0.8889039599111497,0.8988405313927079,0.8251338051460981,0.9150048519840785,0.13730574211467983,0.9314886672615048,0.5805935137526065,0.835461190590242,0.8825384613814415,0.34088777992471364,0.7971196216424012,0.9410406098239257,0.8905248145511351,0.832626689688744,0.0,0.9249834296604698,0.9005517611723408,0.8642985447139284,0.8269664944023671,0.71472269926643,0.9188871236697294,0.8131121854603571,0.9292677720165115,0.8425703725337481,0.7824733633865915,0.9361160018916062,0.9337692322192535,0.4235966227113721,0.09159835653369519,0.9361160018916064,0.8628217153184259,0.5232179403030508,0.787151011254515,0.9271009640247971,0.9271009640247971,0.5915804716231232,0.911244667414393,0.8687627046182591,0.9361160018916064,0.5378539927123652,0.9112446674143926,0.9410406098239261,0.38845123250381963,0.9490704397550969,0.9337692322192535,0.9463456194504822,0.4021652997122229,0.9436389526644,0.7555267484019443,0.9410406098239263
p354_N,0.9840774597645725,0.9357714224531068,0.9481052266646683,0.7891973491730895,0.944383427890573,0.9587434581480645,0.8116214719120501,0.8055831071826012,0.9306570238192788,0.9564441004788364,0.9341536654578784,0.9425805352069325,0.9425805352069325,0.9151430007264558,0.6052484115832328,0.9388137099150415,0.9492240215924428,0.9249834296604698,0.9732924283946004,0.9676769377237684,0.8630967457779677,0.6588107267217138,0.9786165548472288,0.9462347596389562,0.7184098448778982,0.9249834296604698,0.8375506072874495,0.9483551875577276,0.9564441004788367,0.9343136175833033,0.9178801133263084,0.9501049319099923,0.9919304969477558,0.7221874549299854,0.944383427890573,0.7559103086883571,0.9288789627504787,0.9374201804111679,0.9587434581480645,0.9235293061149326,0.6565519169534533,0.9786393975617039,0.961397387740879,0.9046463136602705,0.9391025641025641,0.7473366678815674,0.9481398354780852,0.96835352064406,0.4792775980820809,0.9481052266646683,0.9501049319099923,0.8915626864214174,0.9249834296604695,0.9357714224531068,0.9535591865156563,0.9220929278982624,0.48977701727055034,0.944383427890573,0.7923350182018285,0.9446283507116098,0.9702781670896217,0.7788885774795529,0.654951978156336,0.8898393963217797,0.2835329433063172,0.8613516681282447,0.9161682054358172,0.9567639152765359,0.9402648856068312,0.9542468650366518,0.9555104155252474,0.9235293061149326,0.9950603702402813,0.8908657801979392,0.944383427890573,0.940331138978256,0.9325645805415599,0.8572804327866933,0.9670281084644332,0.9587434581480645,0.9341536654578784,0.9279496229669748,0.9192692664872613,0.9249834296604698,0.944383427890573,0.9098137391625776,0.9652792462742582,0.9173095916401803,0.9175986829007592,0.9425805352069325,0.944383427890573,0.6857147932695531,0.8330216254486862,0.8981872883928093,0.9632197151594923,0.8910426583248507,0.7590582680816149,0.9418603109760093,0.909322554146393,0.9079209531061323,0.48977701727055,0.987327403406299,0.944383427890573,0.8385820911927367,0.9911831990324629,0.9542468650366516,0.8983688348924415,0.8825663847200085,0.9810860991992141,0.8935889455014907,0.6747630921837114,0.9786393975617036,0.893886250815211,0.6110336408369277,0.9227946422906833,0.8667200076245452,0.9357714224531068,0.9542468650366518,0.9587434581480645,0.959797803844229,0.9046463136602705,0.7075683818320477,0.9310020898787328,0.9178801133263084,0.9249834296604702,0.836456198093521,0.9288789627504787,0.9353159208540365,0.9397362273534057,0.9466378905596333,0.982035293774637,0.9481398354780852,0.9501049319099923,0.9587434581480645,0.33502024291497956,0.830620371090681,0.8675814580264318,0.9830316367629124,0.9501049319099923,0.9408215498230332,0.8202692658181097,0.9564441004788364,0.8881424432885197,0.7477266191553409,0.7655752741549557,0.9779039859151868,0.9162028130512783,0.937629852928981,0.9235293061149328,0.8916739645052046,0.8917979759263726,0.8971337307079474,0.9001246442887979,0.9328517848460851,0.9830316367629124,0.9694672365613162,0.6737611932320671,0.9059247833199469,0.872142684444712,0.7397154644004942,0.7906318541533655,0.9481398354780852,0.927949622966975,0.8620437945748276,0.8874458144092716,0.57347885668305,0.9353159208540365,0.8898393963217797,0.9192692664872615,0.9141327700514328,0.9996171864694428,0.9425805352069325,0.9673337013468153,0.786004435149904,0.9537579392604498,0.6681830628839371,0.9542468650366516,0.8583858153873951,0.5929138791385085,0.8756817347288379,0.9033760264581223,0.9107071188314297,0.9421847517560789,0.9425805352069325,0.8746367075465764,0.7901916909567992,0.959797803844229,0.9630848476738874,0.9357714224531068,0.9979320111064158,0.9408215498230332,0.9666327685149194,0.9121267198599359,0.8739736319080158,0.9702781670896217,0.944383427890573,0.9462347596389562,0.9408215498230332,0.9613445688403954,0.9836007803366518,0.9813943157615574,0.9397362273534057,0.944383427890573,0.945628026695954,0.8395956525970316,0.9564441004788364,0.944383427890573,0.9262085954688271,0.9072118677365058,0.9950194567723258,0.9582772260637086,0.6688672008039145,0.3513200401550983,0.944383427890573,0.8995193391026696,0.9443834278905731,0.8892997481908186,0.8784237330487585,0.8199382162592164,0.944383427890573,0.7737814949433286,0.944383427890573,0.8654671479026473,0.9540876754119361,0.9085080245777923,0.9821686218444525,0.40653255336575655,0.8533863751361546,0.940821549823033,0.9722312205307764,0.9325645805415599,0.6639996510020062,0.8247238791315246,0.9111295270090605,0.9501049319099921,0.8898393963217798,0.8803528436582551,0.9291552782955315,0.9749533160412137,0.9466378905596335,0.9860639133827613,0.9391025641025641,0.7075683818320477,0.9408215498230332,0.944383427890573,0.8934633408766897,0.944383427890573,0.8662186980224258,0.9072118677365053,0.9161682054358171,0.9206732387984038,0.8533863751361545,0.9462347596389562,0.9449459571559087,0.9688298914803046,0.8493067495571902,0.8051389573478367,0.8771354040135095,0.9481398354780852,0.747726619155341,0.8897444847827976,0.9127504202483341,0.9425805352069325,0.9521375655065456,0.8097474638177498,0.9587434581480645,0.8990395688839348,0.9262085954688271,0.9264564493231813,0.9185582096194522,0.7391796780021598,0.9161682054358172,0.918297207475139,0.9086890504845766,0.8014280134338709,0.9542468650366516,0.9205583628361054,0.9059247833199469,0.49273034145574623,0.9630848476738874,0.9542468650366516,0.9224918805975915,0.8493943417131189,0.9783779352946236,0.8886405262183212,0.5780118848156217,0.9481398354780852,0.9111295270090607,0.893886250815211,0.940821549823033,0.9481398354780852,0.9481398354780852,0.8284707674350975,0.9732924283946004,0.8578487022942798,0.898187288392809,0.9388137099150413,0.8849815636158327,0.828371015257105,0.5106107552871139,0.7549051807603826,0.9408215498230332,0.9501049319099923,0.8620437945748276,0.972788098511996,0.9227946422906832,0.9386569025459167,0.9483551875577274,0.8578553729564892,0.9008583849785581,0.9692816537416273,0.8196259340934857,0.8625192690762095,0.92904659231084,0.7449195029327309,0.8917979759263726,0.9666327685149196,0.9564441004788367,0.7221874549299854,0.9072118677365053,0.9114077787966289,0.9481398354780852,0.944383427890573,0.9830316367629125,0.8934633408766897,0.5149304474286045,0.9542468650366516,0.9088934360957929,0.9985778460732367,0.944383427890573,0.9310020898787328,0.9542468650366518,0.9587434581480645,0.9779039859151868,0.818977850392967,0.49273034145574635,0.9501049319099923,0.8990395688839348,0.7827780464831353,0.9310020898787328,0.9919304969477563,0.7605078558975681,0.987327403406299,0.9518720845713888,0.8101028101169586,0.957663869937762,0.940008749324134,0.9587434581480645,0.8473209751456194,0.7221874549299849,0.8608426355012857,0.9492240215924428,0.9425805352069325,0.9555104155252474,0.7075683818320477,0.893886250815211,0.8952934951238916,0.7995312198951139,0.944383427890573,0.8968578570865051,0.9903850005315027,0.5516946971240841,0.9903850005315029,0.8917979759263722,0.8584578374109315,0.944383427890573,0.944383427890573,0.9845948329923002,0.9666327685149194,0.7208135032966237,0.9443834278905731,0.9564441004788367,0.2683859478105317,0.5357747919441285,0.8874458144092716,0.8739736319080158,0.9345041683711354,0.527335288510153,0.9325645805415599,0.7769189199423953,0.8152331683127749,0.944383427890573,0.9328517848460851,0.5734788566830499,0.8593616546238456,0.8363367759398728,0.9979320111064158,0.7232571210137007,0.9481398354780852,0.8811414776974358,0.944383427890573,0.8300842918697435,0.9249834296604702,0.9613259480801764,0.8348761011009557,0.9288789627504792,0.7788885774795531,0.9374201804111677,0.944383427890573,0.9545845879666099,0.8910674773860092,0.944383427890573,0.9165049484215364,0.8797138792115728,0.7583678639577925,0.804871283371577,0.8882420183245305,0.944383427890573,0.7843727211063933,0.8708970510157363,0.9521375655065456,0.7097931935054247,0.7253951489942085,0.9721405797402527,0.8996102754967266,0.8062619809393784,0.9227946422906833,0.9579262138531628,0.940331138978256,0.9294643302252341,0.952264716306662,0.7420709744259515,0.918558209619452,0.9294643302252341,0.9161682054358171,0.6549519781563355,0.944383427890573,0.9542468650366518,0.9306637138918225,0.8876572423932692,0.9341536654578784,0.9206732387984036,0.9408215498230332,0.8578487022942798,0.9462347596389562,0.9408215498230332,0.9615633836644075,0.944383427890573,0.9357714224531068,0.9611032305582619,0.6736097845286746,0.9008317218258526,0.887610126390598,0.9564441004788367,0.9357714224531068,0.9722312205307764,0.8868264176594562,0.9836426671336507,0.5882821287367912,0.9377255604220056,0.9483551875577276,0.9813943157615574,0.9264564493231813,0.9325645805415599,0.9648472157143733,0.9481398354780852,0.9111295270090605,0.6565519169534529,0.9888043255312757,0.9762262925984149,0.9247323722236849,0.9341536654578786,0.9612320790184805,0.8176483505926044,0.9068427924322013,0.9590193028129266,0.9391025641025641,0.902314164317108,0.7226225072277849,0.9573800935979493,0.9762262925984151,0.9294643302252343,0.8013237760394569,0.9862951408967353,0.8942061170670543,0.9762262925984149,0.6985279040322143,0.8087986507444656,0.9481398354780852,0.7796551004258114,0.8474926543023684,0.9693293687840344,0.9705887000705997,0.900831721825852,0.8629007688328652,0.8815270484708906,0.9521375655065456,0.9719504864824021,0.9391025641025641,0.9391025641025643,0.9501049319099923,0.9542468650366516,0.9178801133263084,0.788493379373348,0.7476687027337887,0.9397362273534059,0.9985778460732367,0.9135295981787832,0.8983688348924415,0.9391025641025643,0.9592018085247604,0.944383427890573,0.9521375655065456,0.944383427890573,0.944383427890573,0.9079209531061323,0.9294643302252341,0.5999597822430004,0.944383427890573,0.8966995062659776,0.9318951141764913,0.9072118677365054,0.7640660035767345,0.8698884442909978,0.945008852737435,0.7815370186155963,0.8934633408766897,0.9347556769440266,0.9374201804111679,0.8756817347288379,0.9521375655065456,0.9500993698470404,0.9128009972035693,0.8995193391026695,0.605248264059798,0.9374201804111677,0.9408215498230332,0.8717921958734509,0.9521375655065456,0.6696028774570859,0.9227946422906833,0.6519949233241086,0.9325645805415599,0.926456449323181,0.9294643302252339,0.8902436552700261,0.9979320111064157,0.9337059488987844,0.9230789959087818,0.9124559366883973,0.9481398354780852,0.9325645805415601,0.9462347596389562,0.9449459571559087,0.9582772260637085,0.7901376869855635,0.9501049319099923,0.7833191490793018,0.9391025641025643,0.862318803356612,0.7261709636424458,0.9985778460732366,0.8593616546238456,0.9192692664872613,0.8815382336298225,0.8186006311079024,0.887610126390598,0.9648472157143735,0.8481478056752447,0.9142011596821672,0.9352547073163471,0.9343270097479477,0.944383427890573,0.9161682054358171,0.9085080245777921,0.9950603702402813,0.7446912365230653,0.9325645805415597,0.9408215498230332,0.9192692664872613,0.8330216254486862,0.9294643302252341,0.8910674773860092,0.9564441004788364,0.8348751429585494,0.9341536654578786,0.883410872990624,0.9408215498230332,0.9374201804111677,0.8587088030071148,0.856231995324726,0.5410070110871863,0.8243797917083937,0.9000601858073436,0.8909342972301265,0.9382270077513981,0.992614642133717,0.8692466107210819,0.8319620117838555,0.9178801133263084,0.9564441004788367,0.4679897982754915,0.9288789627504788,0.9058737633085545,0.9291552782955315,0.9162028130512783,0.9425805352069325,0.8577956763692614,0.7880806905751001,0.961397387740879,0.9299293063809853,0.9873274034062987,0.7276155846772587,0.9483551875577274,0.973908525880739,0.9985019938186506,0.8220080925206587,0.9310020898787328,0.9579262138531629,0.9341536654578784,0.9397362273534058,0.9501049319099923,0.9587434581480645,0.944383427890573,0.9111295270090607,0.7932754231309986,0.893886250815211,0.9638865172683291,0.9443834278905731,0.8722007603974482,0.8439498051087309,0.9702781670896217,0.5357747919441286,0.9666327685149196,0.8815270484708908,0.9328517848460849,0.8442510590286282,0.9206732387984038,0.5908552146203319,0.8928834502989915,0.8803528436582551,0.9521375655065456,0.9648472157143733,0.48977701727055023,0.9481398354780852,0.58024983556283,0.9587434581480645,0.9652524543463297,0.9408215498230332,0.8815382336298225,0.9357714224531068,0.9220929278982624,0.944383427890573,0.8136410063420154,0.9373075260324406,0.9542468650366518,0.934504168371135,0.9325645805415599,0.8503656160018767,0.8882420183245305,0.9425805352069325,0.9501049319099923,0.9391025641025643,0.9425805352069325,0.9425805352069325,0.9926146421337168,0.944383427890573,0.9391025641025641,0.9721405797402527,0.944383427890573,0.8306670288758254,0.8549640569324382,0.9542468650366516,0.9227946422906833,0.9783779352946236,0.9288789627504792,0.9425805352069325,0.831689391775931,0.9021920595690762,0.9722312205307765,0.8810452932945139,0.944383427890573,0.5483430787489747,0.9481398354780852,0.927949622966975,0.8782834426865263,0.6538634246969988,0.9542468650366518,0.9462347596389562,0.9810860991992141,0.9072118677365053,0.9688298914803047,0.944383427890573,0.9072118677365055,0.9137935530290913,0.822008092520659,0.8784237330487585,0.9094219082255505,0.9732924283946004,0.5252155285284645,0.987327403406299,0.9352547073163471,0.937629852928981,0.944383427890573,0.944383427890573,0.9343270097479475,0.9564441004788364,0.8215867146591923,0.9492240215924427,0.9341536654578784,0.8613516681282449,0.9408215498230332,0.8233122129931046,0.8681784955120406,0.944383427890573,0.944383427890573,0.9059247833199469,0.7788885774795531,0.8934633408766897,0.8399464011131402,0.886295303731182,0.804871283371577,0.8797343497299446,0.8854087088983609,0.4566665554285696,0.8480538253549335,0.944383427890573,0.9613445688403954,0.9161682054358171,0.9587434581480645,0.8330216254486863,0.9542468650366516,0.9233796586902148,0.944383427890573,0.944383427890573,0.8563846119204843,0.813391764632844,0.8652573329110016,0.9325645805415599,0.725896121333304,0.8898393963217797,0.9206732387984038,0.8898393963217797,0.927626370953619,0.7404319726417876,0.9443834278905731,0.5802498355628298,0.8534000560678869,0.9462347596389562,0.9008317218258526,0.9950194567723258,0.9479250108626797,0.902113512733081,0.566473061939408,0.9462347596389562,0.9035331210577764,0.944383427890573,0.9177433298664528,0.808186846046184,0.9945183240274951,0.6842427910899236,0.8526452239911775,0.9890537762576723,0.8959046461825675,0.7901916909567992,0.9521375655065456,0.9157820513002011,0.9075775644215605,0.9391025641025641,0.891797975926373,0.999617186469443,0.9816688831877087,0.9009116118052929,0.9501049319099923,0.9425805352069325,0.9256097192573252,0.9220929278982624,0.9350840409709823,0.9972272780214035,0.9587434581480645,0.9466378905596333,0.9587434581480645,0.9587434581480645,0.6782334100972078,0.9948943007172464,0.9204198120960365,0.944383427890573,0.9564441004788367,0.7609668999058948,0.9652792462742583,0.7769189199423954,0.9374201804111681,0.9985778460732364,0.9220929278982624,0.9175986829007592,0.9462347596389562,0.9157619653567752,0.9903850005315027,0.8600310878931332,0.8606486009196102,0.944383427890573,0.6857147932695531,0.944383427890573,0.8479344759539293,0.9564441004788364,0.9311873210041464,0.9279496229669755,0.785635491941065,0.944383427890573,0.8910674773860092,0.8186006311079023,0.927949622966975,0.8924776269252874,0.9177433298664528,0.9009116118052929,0.9830316367629124,0.9388356782863467,0.9141327700514326,0.8711318569200494,0.8235775204287379,0.978616554847229,0.8116103287531764,0.9587434581480645,0.9722312205307764,0.8739479665019892,0.9232833700357421,0.9845948329923002,0.9333237935683505,0.8934633408766897,0.8118238203488376,0.9345041683711349,0.9425805352069325,0.8823567105447581,0.7156009781028018,0.8862550362254635,0.8593616546238458,0.859377169405928,0.944383427890573,0.8725303673098435,0.7102510363582775,0.9151430007264558,0.944383427890573,0.8797343497299446,0.9374201804111677,0.9542468650366516,0.9294643302252341,0.9425805352069325,0.8317946002619978,0.9249834296604701,0.8874458144092716,0.9220929278982624,0.6166528997131424,0.9786165548472288,0.80837056271773,0.944383427890573,0.9901683301057447,0.944383427890573,0.9542468650366518,0.8292701652671421,0.9373075260324406,0.9587434581480645,0.9192692664872613,0.9144402420742335,0.9684426716848205,0.578011884815622,0.944383427890573,0.8705589032350294,0.8573846851353464,0.9210899562266235,0.47519236698328193,0.9072118677365058,0.9501049319099923,0.9178801133263084,0.9979320111064154,0.9085080245777923,0.9497014469643541,0.8332862742676781,0.9085080245777923,0.9151430007264558,0.9501049319099923,0.9388137099150413,0.9085080245777923,0.9587434581480645,0.4682566038526935,0.9913221015557613,0.6432742166951548,0.9425805352069325,0.9165049484215364,0.7823903592443857,0.9481052266646686,0.9745100637941105,0.9294643302252341,0.9839671309918707,0.9235293061149328,0.9397362273534058,0.9652792462742582,0.8467104582296492,0.9151430007264558,0.6473265447337149,0.8564391918520341,0.9416326475614254,0.8996102754967263,0.8467810416531496,0.9913221015557613,0.9481398354780852,0.9306637138918223,0.8801157599186571,0.9901683301057447,0.9206732387984038,0.926193613582623,0.9501049319099923,0.9783779352946237,0.8922994432827849,0.9192692664872617,0.7908017045679808,0.9500993698470401,0.64860022975197,0.8387970042600208,0.9810860991992141,0.9165049484215364,0.944383427890573,0.8758029025775742,0.6681830628839369,0.9046463136602705,0.9964955240981677,0.8353044563359773,0.7699244376981312,0.8444151276169702,0.8641286133251771,0.9249834296604698,0.0,0.9192692664872615,0.8898393963217797,0.8595337434443091,0.8725303673098437,0.9341536654578784,0.8572127069833313,0.9425805352069325,0.8097424854037194,0.8319998445807044,0.2774670311345254,0.9913221015557613,0.940331138978256,0.9652524543463294,0.9873274034062989,0.6263596603377893,0.8796400151030104,0.8895042070087669,0.7155281517808965,0.8873533009789314,0.9247930842846563,0.9762262925984149,0.6782334100972081,0.9481398354780852,0.9324295345689764,0.9754970377701454,0.9521375655065456,0.8827041791382022,0.9786393975617036,0.9288789627504788,0.9564441004788364,0.9004508772427267,0.9542468650366518,0.8813256961062454,0.9521375655065456
p354_S,0.8048695035430811,0.6657482316186789,0.8164230371172474,0.9539981797161425,0.926270021131592,0.8032566864413201,0.8348205315366592,0.84783880871844,0.8603806964337208,0.9422586572762628,0.5537474783483268,0.9701956444682693,0.9238799558250632,0.8132808211622472,0.9507968637523907,0.9095638988948189,0.9192692664872615,0.9157575744752315,0.9393458182324887,0.8188365372042742,0.9585657672178425,0.6471449989245656,0.9000633438867536,0.9778748351992479,0.6578234571974315,0.9005517611723408,0.9192692664872615,0.8787105864554916,0.7591103358244087,0.9396485145112712,0.925258411930155,0.9864847804128756,0.9170389579782952,0.8821858692988969,0.9739353004390978,0.9393458182324887,0.5306198259384008,0.9170389579782947,0.9453068780840739,0.9205815590758039,0.9088921347045378,0.9398552184521698,0.9453068780840737,0.934407051006906,0.7730775928071197,0.9327316191991124,0.5100015725296023,0.8832252198427537,0.7036282940476724,0.8429423482710732,0.933854925314779,0.9304996267147652,0.9372898940428263,0.914853226553356,0.9599453718988955,0.9679401264121574,0.8967198703210439,0.926270021131592,0.9096826154039921,0.49237805582143435,0.86363187133769,0.8827274474332832,0.9005517611723417,0.8539618916939777,0.9365495543873188,0.8927777501113288,0.908255509390931,0.8359648532087935,0.9251156306043713,0.889547356497231,0.9829369915750175,0.9709418084101291,0.9307341409458902,0.7484291696442607,0.926270021131592,0.8340402796973921,0.9508067898672805,0.8820822039203282,0.9827616178379834,0.9453068780840739,0.9947922739901722,0.8295177075368008,0.8929765886287624,0.9005517611723415,0.926270021131592,0.8341701318948,0.8481691045286435,0.7990582343202524,0.8620219457209635,0.9701956444682693,0.926270021131592,0.8688283624421212,0.9681394547088228,0.8792142714664983,0.9275710702341136,0.9108934032586796,0.8236439572175729,0.8306298432356217,0.82241884101044,0.8415736407173355,0.9323299983666007,0.8147735352468601,0.926270021131592,0.9113005176514705,0.7614670317734427,0.43326248910981524,0.6992240789790098,0.8291693835954219,0.9085306004621048,0.7729021561384339,0.8655660606608158,0.910741984607254,0.781997907310831,0.6585666380187121,0.45920624541005883,0.7673107896376421,0.749627939984272,0.9393458182324887,0.9289749041786237,0.8619849753418642,0.934407051006906,0.8880060117336507,0.8943576075649569,0.9723713853755612,0.8790194416047465,0.7270466571176928,0.5306198259384008,0.995365126319036,0.8445416009589066,0.9080254870413738,0.8391883044901778,0.9312498291554212,0.6977360889985442,0.9453068780840737,0.9192692664872613,0.9616051284891652,0.9226059642386417,0.933854925314779,0.487216668606161,0.9215480977067743,0.9530719851580218,0.4604793289250779,0.8084270318388385,0.980243518745727,0.8306298432356216,0.870233486819493,0.8445028511200345,0.814274370940407,0.8986240534007524,0.9362207147762245,0.9382889399640053,0.8924187658448484,0.7134489759373539,0.8275132413035862,0.933854925314779,0.8986240534007528,0.9653792676073294,0.9674296094225581,0.8233685471076151,0.93486766006626,0.9475469584840228,0.9671595166054917,0.9055172210793178,0.85727092324838,0.7701296128142121,0.9958306764094075,0.9130442355675874,0.5418054351898549,0.962165551839465,0.841190867664668,0.7467891071275012,0.5666474690996666,0.8967198703210442,0.9012880768409383,0.7866845119728871,0.8473491267717792,0.8325117480738033,0.8833091568153817,0.9163889031779977,0.9103709894058172,0.8719071805898531,0.9154873997467616,0.9964497455422859,0.923879955825063,0.9547159899124803,0.6075346825102174,0.7939706232398644,0.8850360346032431,0.9148532265533559,0.9086416872600015,0.9215480977067743,0.8603806964337213,0.7535639732692061,0.7973304849151281,0.9924336561265173,0.926270021131592,0.9778748351992477,0.9215480977067745,0.9108934032586795,0.7234136029978124,0.8691450109335102,0.9834886668885247,0.926270021131592,0.8148989492549563,0.7768344233529243,0.9422586572762628,0.926270021131592,0.9505745042278442,0.876992292556863,0.835193311566099,0.860237887873711,0.9190989621719192,0.923879955825063,0.926270021131592,0.9711407044649496,0.9262700211315917,0.9969239121321767,0.9605075822272147,0.954529300117605,0.926270021131592,0.7434908715072508,0.926270021131592,0.9108799146895459,0.8943030082151375,0.807642570706756,0.8655660606608155,0.9312498291554214,0.8519157031075457,0.9215480977067743,0.6292408500687503,0.9508067898672805,0.9212056603520069,0.801110972454742,0.9895362449706255,0.8029957991947376,0.9363572562098188,0.8674280482355485,0.9430481070778809,0.9596704267321731,0.7195761791444961,0.9080254870413738,0.9192692664872615,0.8627022505622095,0.9215480977067745,0.926270021131592,0.9430481070778811,0.926270021131592,0.9448743287078558,0.9057753460515611,0.9864847804128756,0.9650166107570195,0.7905691420669921,0.9287243013130126,0.8752860258231279,0.5789787404082571,0.8654535427980224,0.9947922739901722,0.8214535974542101,0.9312498291554212,0.9246380042337008,0.8851250417251557,0.8394691602568247,0.9238799558250632,0.9365495543873188,0.9511300319055314,0.9453068780840739,0.8222620406938539,0.9852692640051613,0.9025045192170258,0.8596275693879698,0.8444071787486278,0.933854925314779,0.8905257542037905,0.9035272918995241,0.9950576788688374,0.43326248910981524,0.794130449365821,0.9981441372890343,0.9044839950643897,0.9755754212710188,0.43326248910981524,0.8738125219408366,0.8134985967921105,0.9912425166211662,0.9567497761417542,0.9462642492317384,0.9312498291554214,0.9142553407315162,0.80269153870748,0.4923780558214348,0.9312498291554212,0.9163641894859481,0.7780211035566891,0.8325117480738036,0.9750732182935402,0.8792142714664983,0.8120947282193268,0.9924720215011427,0.9393458182324887,0.926270021131592,0.8844226815711149,0.8981214879942143,0.933854925314779,0.7954071200120822,0.87964080560591,0.9671595166054915,0.8844226815711154,0.8787105864554916,0.8719238159114556,0.8685695845092944,0.9327849554741356,0.9962792267552912,0.8501359711422761,0.8471769344894107,0.9458910849563182,0.9422586572762628,0.91701548746367,0.8188365372042741,0.7650499449422897,0.8769922925568632,0.9245525128467084,0.982045156274965,0.926270021131592,0.9338549253147788,0.9726698814889384,0.9157575744752318,0.43326248910981524,0.9912425166211662,0.9834886668885245,0.926270021131592,0.5001340236190819,0.9393458182324887,0.7403975775726684,0.7121706645149026,0.856431629004903,0.9435169778505764,0.933854925314779,0.8222620406938546,0.8025319793138181,0.854935249170369,0.9170389579782952,0.9486596648626988,0.9312498291554212,0.9895362449706255,0.8991796506995062,0.956793080736152,0.9000617617241786,0.9453068780840737,0.8234430433594875,0.8612583592401477,0.8822491990500552,0.5533253494459678,0.9238799558250632,0.917264249846305,0.9892210564194162,0.781997907310831,0.7630743876142558,0.8025520584109855,0.926270021131592,0.8774095577846084,0.9121513639211625,0.9538325596680388,0.6439112537567738,0.9382889399640055,0.841190867664668,0.926270021131592,0.926270021131592,0.9347829309054405,0.9453328829786447,0.9088135335566941,0.9262700211315917,0.8188365372042741,0.9262700211315922,0.9795101062491114,0.7972068719453493,0.8998107927261467,0.926270021131592,0.8893119774375076,0.8079642834078286,0.8592937600878989,0.884791322661872,0.926270021131592,0.8007867773909912,0.7762778864229802,0.757596851868569,0.7819579706293964,0.5045490166550216,0.9758440440885021,0.9312498291554212,0.7656432080424773,0.926270021131592,0.697909349972561,0.952495707345717,0.908813533556694,0.9446827327189797,0.9778748351992477,0.9468347264434094,0.6968033167362999,0.926270021131592,0.9298859761394196,0.8610256794506838,0.926270021131592,0.990335145088753,0.9486270107897206,0.8594242319326006,0.8093661913172971,0.7335433167757845,0.926270021131592,0.8637623477579528,0.9035527788368716,0.9540645211449863,0.7922211515326463,0.830218732848683,0.8652692287290058,0.8669149862082737,0.9356543373145075,0.5100015725296023,0.9341772783566886,0.835193311566099,0.9000633438867528,0.8532807534051032,0.8953732358464166,0.8561933814830895,0.9064920176718161,0.487216668606161,0.9372898940428271,0.926270021131592,0.9465829649206576,0.9686691610786862,0.8741145762776412,0.9127085925971723,0.6139105950820147,0.9666307012815272,0.9632003621690175,0.9287243013130126,0.9215480977067743,0.7589566818308296,0.9783994202533962,0.9593272108982549,0.8565541578561037,0.8564453484165357,0.9393458182324887,0.8209466326653554,0.9980151413438716,0.9567930807361522,0.9000633438867534,0.8149266642814943,0.9508067898672803,0.9422586572762628,0.7964643822804707,0.9100752707392668,0.8953476735959469,0.9025045192170256,0.9910116109880953,0.7479178510004558,0.8655688623664038,0.9142553407315164,0.8539618916939777,0.8626001312649728,0.9055172210793179,0.9363572562098186,0.9947922739901722,0.8911350110320606,0.8859059313736366,0.7721138599753206,0.9952563357350271,0.9632197151594926,0.8134985967921105,0.6117254706483269,0.9539981797161425,0.9424837518356481,0.9774411992633256,0.8048371055690668,0.9947922739901722,0.7922211515326472,0.9424837518356481,0.7506093736290069,0.7454472155711289,0.8655688623664037,0.841190867664668,0.8586803712690677,0.9438611769441669,0.9363572562098184,0.9465829649206577,0.7537246386638621,0.8429423482710732,0.936549554387319,0.9728046393068173,0.9632197151594923,0.8170280414793518,0.9864847804128756,0.9393458182324887,0.8017543808850897,0.74628871958178,0.8735911795315161,0.5666474690996666,0.9834886668885247,0.8066884007735509,0.9233367877012704,0.9192692664872613,0.9721972427439869,0.926270021131592,0.4618278610403571,0.926270021131592,0.926270021131592,0.7578385111004697,0.9064920176718163,0.9895362449706255,0.926270021131592,0.7441041281495331,0.7860278147611459,0.9678417350205826,0.98725060339934,0.7760067786372964,0.8063110583456287,0.9130801394464841,0.8587660956447005,0.7892792459601401,0.9599453718988955,0.8606368814689074,0.9365495543873186,0.9438611769441674,0.8618003453698705,0.8359648532087935,0.5628905745984265,0.9113353863393023,0.9215480977067745,0.8009515507970804,0.8446785966772921,0.6936269015315768,0.5100015725296023,0.8400929459979872,0.910601968746465,0.9480926838423981,0.9838698730483881,0.780117541654902,0.7402697411745932,0.86363187133769,0.9451809453601019,0.8839442688895067,0.9312498291554214,0.9106019687464653,0.9287243013130126,0.7561396397791514,0.8150388071567569,0.8859059313736365,0.933854925314779,0.8376383475152336,0.9192692664872613,0.9112756151385131,0.6424391008420145,0.9371729782453182,0.757596851868569,0.8929765886287624,0.9453068780840737,0.7856367469339556,0.8648804092315285,0.8868600994557605,0.8106404271612115,0.888373925649459,0.9523705671874023,0.8539508264663116,0.926270021131592,0.487216668606161,0.8787105864554916,0.9739353004390978,0.9588395546242756,0.910601968746465,0.9882866951437199,0.7264841137123739,0.8403110851163422,0.7839965608218951,0.7370907891898208,0.9422586572762628,0.6838708660125739,0.9537504332936724,0.8061768807841629,0.9215480977067743,0.9113353863393027,0.7839238755314015,0.9678417350205826,0.9044839950643897,0.9092852154277391,0.8259832825670896,0.8182699905084857,0.8246644637633853,0.9463248121641354,0.818813262637043,0.6519002333938737,0.891135011032061,0.8188365372042741,0.9085306004621045,0.9778748351992479,0.8018198671765697,0.9711421108889413,0.8708704516729382,0.9238799558250632,0.7822809882397279,0.840143375396244,0.9453068780840737,0.8489926716035567,0.9312498291554212,0.9610093839868188,0.49399572786900514,0.9398552184521698,0.9755754212710187,0.5970139754965208,0.9085306004621048,0.8796408056059097,0.9127085925971721,0.9701956444682691,0.487216668606161,0.740397577572669,0.926270021131592,0.9463248121641357,0.85110495108137,0.8869039903427852,0.8240540225140741,0.9262700211315917,0.9056837344649877,0.9982161479519414,0.8636318713376898,0.8875064656813965,0.7714931618716123,0.921233687766995,0.8770732388109757,0.9758770968417076,0.964804590216153,0.9924336561265172,0.7832115382051674,0.9976396685145794,0.4618278610403571,0.579353828134094,0.8967198703210439,0.9163641894859481,0.8437089570825393,0.7403975775726681,0.9650166107570195,0.9215480977067745,0.7403975775726686,0.9148532265533555,0.9323299983666007,0.883068861638384,0.9883017827414696,0.8407064272831617,0.939345818232489,0.973935300439098,0.9106019687464653,0.7865607180431957,0.8366496555029475,0.9238799558250632,0.9608853644890277,0.9928298361682764,0.9238799558250632,0.9701956444682693,0.9142553407315163,0.926270021131592,0.9192692664872615,0.9523705671874023,0.926270021131592,0.9055172210793178,0.9715973444587731,0.9465829649206576,0.5100015725296023,0.9912425166211665,0.9778748351992477,0.9238799558250632,0.8028298884087185,0.7939706232398644,0.9064920176718159,0.7909012404178117,0.926270021131592,0.9895618738403332,0.8655688623664035,0.9435169778505764,0.8440437873718376,0.8109024770791746,0.7754761396503772,0.6780714275971069,0.9085306004621048,0.936808540536072,0.9085306004621048,0.35875078925581805,0.8769922925568632,0.9829369915750175,0.9252584119301555,0.8882462492115561,0.9127085925971725,0.9465829649206576,0.9205815590758042,0.5100015725296023,0.9024605353819365,0.7925209444652741,0.926270021131592,0.7877383030233716,0.822272978935306,0.9422586572762628,0.9369482266936953,0.5533253494459677,0.8820822039203282,0.8295147114069612,0.9666307012815272,0.7992235684467204,0.830632587024914,0.926270021131592,0.926270021131592,0.9674296094225581,0.8190063568509289,0.8321998624336366,0.9923798610506827,0.7754561997159455,0.9612558518374543,0.6693627162628186,0.7505568988217279,0.9025045192170256,0.8325089095256681,0.926270021131592,0.9938979535064574,0.487216668606161,0.9453068780840739,0.9892510887603503,0.43326248910981524,0.8401179909024563,0.926270021131592,0.926270021131592,0.8149921197146957,0.9783994202533962,0.9085887718011605,0.5667353566829347,0.9280365089491405,0.9812473792743404,0.9998939897295667,0.7340612857268178,0.7811299370263203,0.9503640279306386,0.9262700211315917,0.9368085405360719,0.7352353225066459,0.43231875816593046,0.9963814266559157,0.9369675911773325,0.8666432963565711,0.9806251386570771,0.9927191970098236,0.9287243013130126,0.7950881364476727,0.926270021131592,0.7695851515669612,0.8975897579408095,0.8814270131992579,0.683210338724257,0.9630919907016026,0.9148532265533555,0.8620024941098834,0.674715868558718,0.936549554387319,0.8327135059025805,0.8460352920665875,0.9192692664872615,0.9422586572762626,0.9462642492317384,0.9372898940428271,0.7492975760217222,0.9864847804128756,0.9238799558250632,0.9139593547568134,0.8967198703210439,0.8769922925568632,0.950100620710661,0.9453068780840739,0.9988749295050934,0.991834013047275,0.991834013047275,0.6917298433783352,0.8839442688895065,0.9298859761394205,0.926270021131592,0.9422586572762626,0.6471449989245653,0.9508067898672805,0.7525711079089218,0.9170389579782956,0.923879955825063,0.960839617496729,0.8460674815713256,0.9778748351992477,0.8070148009406195,0.9438611769441672,0.7645784044958575,0.7523640331354811,0.926270021131592,0.8688283624421212,0.926270021131592,0.8383226080395354,0.9422586572762628,0.8733912853721095,0.9804835086069066,0.8486248271935088,0.926270021131592,0.7370907891898206,0.7442881241106103,0.9804835086069066,0.7388540905975742,0.7695851515669612,0.7492975760217222,0.487216668606161,0.762900595931429,0.8082242366088136,0.7595284020092468,0.7921675250792661,0.9451809453601021,0.6825451008774102,0.9453068780840737,0.9387522715750396,0.7877383030233717,0.7386038851386406,0.992899314085182,0.7876548181572383,0.9711421108889411,0.7767567861318869,0.9783994202533961,0.9238799558250632,0.7925209444652741,0.9359418950959315,0.7205188388407914,0.7984915725777961,0.7638579747170002,0.926270021131592,0.7339681437070791,0.8986439391242443,0.879772535196993,0.926270021131592,0.7676249244490592,0.8255225584981012,0.43326248910981524,0.9838698730483886,0.9238799558250632,0.8934838196545201,0.9372898940428271,0.7972068719453493,0.8896193614056151,0.8962043077275963,0.8226854885101812,0.7306315895786158,0.926270021131592,0.9297151907027391,0.926270021131592,0.9393458182324887,0.9505745042278442,0.8321144589218228,0.9453068780840739,0.8929765886287624,0.9191347264846783,0.9476471962029371,0.6138056790580089,0.926270021131592,0.9272609355541472,0.8661806647462988,0.7949497748431928,0.8911350110320613,0.9700918760103956,0.9608853644890277,0.8911350110320608,0.9229863666545894,0.9414399550230419,0.8445028511200343,0.7638579747170002,0.9414399550230419,0.9795101062491114,0.933854925314779,0.8373984893907681,0.9414399550230419,0.9453068780840739,0.9005517611723417,0.9778748351992477,0.7614872058764445,0.8908572896021126,0.889311977437508,0.7155184372230254,0.8429423482710732,0.7195761791444965,0.9774411992633255,0.8752860258231281,0.8986240534007524,0.9701956444682691,0.9508067898672805,0.8099103252292073,0.4475763939711438,0.9129137434283912,0.8008766301048553,0.9321326397159306,0.9573490846757895,0.920581559075804,0.9778748351992477,0.5100015725296023,0.8850360346032429,0.9787541055293758,0.7191787936222565,0.8595363916759117,0.9108934032586795,0.4345868135080643,0.4618278610403571,0.8647967161284023,0.8929765886287624,0.9693629880599965,0.9610093839868189,0.6993841781908059,0.8309524450727304,0.9085306004621045,0.9229863666545897,0.501746627178336,0.9789403022297661,0.9450338808337242,0.6094739129276692,0.8555570364268277,0.7816658148190485,0.8993715589111386,0.8291888878075278,0.8198775277151973,0.9005517611723408,0.9192692664872615,0.0,0.8539618916939773,0.8137861839597269,0.8972515399147865,0.6358311597413266,0.8394691602568243,0.923879955825063,0.8690009848382987,0.910063553131236,0.9312498291554214,0.5306198259384008,0.835193311566099,0.8948378117301916,0.6115922267686874,0.87964080560591,0.8707797299487805,0.9580125697899424,0.8981214879942142,0.5825432629709411,0.8632273442467604,0.9804835086069066,0.9992361147000013,0.8147735352468605,0.8409905928034589,0.48751989659547446,0.4618278610403571,0.8445028511200343,0.9480926838423981,0.8255230292558121,0.9422586572762628,0.8842601377233779,0.9393458182324887,0.8834412055257679,0.4618278610403571
p354_T,0.8871000341516464,0.982999553629001,0.9937151903375274,0.995135770340283,0.9372344714402789,0.8750116732174092,0.9617766368629272,0.996057013655474,0.9668548619269117,0.9212094218042226,0.9460546403839527,0.9567860036593588,0.9329016612088759,0.678402652169867,0.9402605367450524,0.873457082543069,0.9008027482667893,0.9898664497675989,0.7205132978929248,0.9839553731674051,0.8584765156669927,0.9418510134399245,0.9645515900483717,0.9807840195689514,0.9377821213923416,0.8934655458176228,0.691444892855358,0.9413962938926798,0.9365377706532191,0.8282059036292798,0.8785401016887857,0.9097421633544907,0.8867960431767521,0.8392374849683437,0.9750767117923149,0.9922022799705809,0.9417626114543682,0.6703706602683047,0.9253688519211307,0.7077250838010232,0.8661396574440055,0.9847701943343941,0.9748214106481392,0.9964991389010722,0.9705887000705996,0.934973172118589,0.9061873961293256,0.9335040689363964,0.890375224309939,0.9729124703547429,0.9933095589619414,0.9815189972729634,0.8642985447139284,0.883813517405303,0.9088193584132744,0.8873412224047774,0.91561268213489,0.8993922310882434,0.8944764529604539,0.8929489608197008,0.8139197462693821,0.7670341328702943,0.9226325469213179,0.8879446640316209,0.9568407342490963,0.9201347919134595,0.951525861158216,0.947205445403897,0.9012568381722714,0.9016392859446953,0.7388341562064168,0.8616681034607221,0.9492388075036137,0.9086618110626266,0.8993922310882434,0.9771147312346133,0.9418510134399245,0.9134708556523619,0.9174809986774626,0.8251068045020444,0.9561940054212756,0.9493240017886775,0.8713868932532187,0.8642985447139286,0.8993922310882434,0.7351687979499354,0.9943104640015846,0.9410429151814648,0.957226664655059,0.8961308828316215,0.8993922310882434,0.8398630498001979,0.9961674840897725,0.8552435297128986,0.9638223777150989,0.8687999443984583,0.8280740422732296,0.797534269377888,0.9761170931940073,0.9069097623178963,0.9438841418650026,0.9325036590333069,0.7221853653913994,0.8311552276263863,0.9365530590695528,0.9172347260035334,0.7458886045430599,0.9576849362494235,0.9683237244170737,0.8802434988262273,0.8807928424296406,0.9855764781637497,0.8400280943714129,0.9145110316548277,0.9061873961293256,0.9255952725962966,0.9504069818881509,0.9625162230164761,0.924916541932774,0.8988562716216035,0.8827940877921465,0.8653850403263916,0.7492373646390424,0.9860042839547052,0.9517995480250123,0.8738856775611519,0.9027412033397848,0.9796243389823376,0.8961308828316208,0.82292076833005,0.8617326861643559,0.9061873961293252,0.9515258611582158,0.9253688519211309,0.9247323722236849,0.8715012846180016,0.9473249777162459,0.881339347626883,0.9097421633544904,0.8929489608197005,0.8785682227813196,0.9212094218042224,0.9201347919134597,0.9897904962868063,0.9180685812729557,0.9886960057553513,0.9819122999369678,0.8944470778785167,0.890375224309939,0.9607698460909166,0.9686270243184087,0.9346820333843547,0.9454762481192756,0.8236540336500442,0.8813393476268827,0.8616681034607228,0.7413500458302187,0.8775604944548686,0.9500221889089313,0.8653850403263916,0.8235990838957497,0.932503659033307,0.9493240017886775,0.9193292627563923,0.8178918366715657,0.8417925623315862,0.8705513934807798,0.8879446640316206,0.9363572562098186,0.9893311905020263,0.9520753766313144,0.9329016612088761,0.8590697626746648,0.7946857397192111,0.9771723058100774,0.9120201063762988,0.9469207829576379,0.974155453783927,0.9265381973231185,0.9771147312346138,0.8161834484817627,0.8814864939494691,0.9438841418650028,0.9200152252821037,0.9540101772200547,0.7205890231153456,0.9348547383885382,0.9378817094928307,0.9171102496467269,0.8034882424102867,0.9645325849988504,0.8994099395773703,0.918260837262172,0.8927807447672798,0.8432644987129866,0.8993922310882434,0.9027412033397848,0.7849247303741268,0.955470289676968,0.8276885031580019,0.8688988704408218,0.9935567820366138,0.8993922310882434,0.8515802262612313,0.8765085881959682,0.9212094218042226,0.8993922310882434,0.975532889931329,0.8567883809445207,0.997314795131528,0.9500221889089312,0.9250209262170295,0.896130882831621,0.8993922310882434,0.9812490169448846,0.8993922310882435,0.85815558186465,0.95900701638496,0.9507166460018552,0.8993922310882434,0.9432666904818183,0.8993922310882434,0.9617766368629268,0.9083555504463323,0.7172878978802193,0.8118453725203965,0.9465146323386673,0.887730583927753,0.9287407729092751,0.9125853346219002,0.8780124908814335,0.8661188823808286,0.9878953869215932,0.966539859311593,0.951525861158216,0.9376152832674569,0.9476555716688246,0.9857144751266704,0.9671373999129146,0.9060638964407408,0.9553394119369609,0.9247323722236849,0.7850287704400716,0.9287407729092758,0.8993922310882434,0.9188016156964058,0.8993922310882434,0.7848544183385708,0.6011809485970597,0.9231230454306081,0.94849207411803,0.9201999388599624,0.9417626114543682,0.9263300207309678,0.9064840699954801,0.7725756313753016,0.9460546403839527,0.8523725692305204,0.9061873961293254,0.7821212056737448,0.821419239519501,0.8997087172135974,0.9329016612088763,0.9128943694267472,0.9343681420012785,0.9253688519211307,0.9415764394796309,0.9585546647054799,0.926269823160037,0.9130373620729506,0.7697578256298744,0.9933095589619414,0.9494196942857566,0.9413605934738514,0.9986266738095138,0.9172347260035334,0.9476574476162252,0.9029766373026848,0.8998328740391306,0.8186600604354755,0.9172347260035334,0.953753803912704,0.8633232337205796,0.9997376336428517,0.8202046342072098,0.9687413438260817,0.690540241777255,0.9061577663451577,0.8806787275423138,0.8929489608197008,0.9061873961293254,0.9868418685480091,0.8762768783002746,0.9625162230164763,0.7970190667925916,0.8909073865532637,0.7931008126567494,0.7705830352988513,0.946920782957638,0.9750767117923149,0.9764965868575897,0.8565083545532762,0.7559882542157068,0.886586143163953,0.9633084029793543,0.9868418685480091,0.9477894660083728,0.7919906965510392,0.9321287971179024,0.8675842513525853,0.9693343174560874,0.8732378787327587,0.9632433090667891,0.8958715341857382,0.7780506043441915,0.9686270243184085,0.9893365027100927,0.9686270243184087,0.9410793844429433,0.8567883809445207,0.9681720175895667,0.9061873961293254,0.8993922310882434,0.9097421633544902,0.6351126547684955,0.9898664497675986,0.9172347260035334,0.9563160015347995,0.9567860036593587,0.8993922310882434,0.9064840699954799,0.946920782957638,0.974821410648139,0.8702902432560242,0.8506173770427994,0.9903387485424457,0.951525861158216,0.8736635385762344,0.9645109348137246,0.7805354160359039,0.8867960431767521,0.9186363144278465,0.9061873961293254,0.8646979598369935,0.9768742761718896,0.883813517405303,0.8229279382562933,0.9752737206364959,0.8768591945541611,0.9061577663451577,0.8849839315467805,0.9596253481255901,0.8961308828316215,0.843111471400236,0.8252069053832314,0.8642497170666505,0.8832950930942751,0.9933722160873584,0.8993922310882434,0.8882785790234369,0.9879069037547501,0.9780548428444061,0.9869181600365853,0.9686270243184085,0.9371433686720367,0.8993922310882434,0.8993922310882434,0.9477894660083728,0.8319650172278283,0.8276063582626014,0.8993922310882435,0.9839553731674052,0.9372344714402792,0.8367692112550749,0.8393889130131178,0.9578693710525257,0.9372344714402792,0.8034882424102876,0.9623912027223392,0.9558181288706113,0.9358098170616447,0.8993922310882434,0.8433272776210035,0.9340990416559534,0.8660614309565997,0.9201421423469733,0.9826345960206377,0.7526685287522635,0.9061873961293254,0.9060583503416715,0.8993922310882434,0.9903336218005676,0.844031444249126,0.9195860038224921,0.9820964406608133,0.9807840195689514,0.9961674840897725,0.9088193584132743,0.8993922310882434,0.9068600528531927,0.9769621475288917,0.8993922310882434,0.8836921779986906,0.8846371204114991,0.7217430876550328,0.9685401719875906,0.8702145833677335,0.8993922310882434,0.8876692297141082,0.9812490169448846,0.913419102141044,0.957865763610997,0.9652391407494048,0.95445632978108,0.9346660427854576,0.8855101065196797,0.9061873961293256,0.9284481156139277,0.997314795131528,0.9433011034543323,0.9033862236634966,0.8881730297134134,0.9506397567873246,0.8724042835510755,0.9097421633544904,0.8148644431454315,0.8993922310882434,0.9625162230164765,0.9071903259160915,0.8937705688840911,0.9460546403839527,0.864917939476207,0.8929489608197008,0.9252824865363445,0.8631303479727153,0.8929489608197008,0.9460546403839527,0.7221853653913995,0.9829995536290009,0.8578657219941153,0.9207369341571852,0.946920782957638,0.8701230238264699,0.9839553731674052,0.9504069818881509,0.9338358212159394,0.9821090990414656,0.8985526801638481,0.9212094218042226,0.8813259966981171,0.9164953610024063,0.860665769782982,0.9855764781637495,0.8780124908814333,0.8295844697893857,0.9868418685480094,0.941079384442943,0.8503952569169961,0.8720843002022809,0.8588181272853626,0.9812252964426876,0.8584426512265038,0.8785401016887857,0.7325675049004718,0.9634623823005003,0.8256650941995953,0.9705887000705996,0.9547907626159082,0.9076164564417568,0.9520753766313144,0.8998328740391308,0.9338358212159399,0.9961389609527207,0.9236102206896849,0.9932179366015166,0.9903387485424457,0.9307016541888506,0.936294978831955,0.892176422823965,0.819313462788012,0.8313783095648999,0.8106936065759304,0.8503952569169961,0.9172347260035334,0.9571376670427263,0.9313070303891744,0.8260511052106432,0.8168916294413127,0.7612308446591685,0.9945183240274953,0.9649067432343333,0.9625162230164761,0.9318220382121016,0.8892564970818366,0.8516510109329343,0.9329016612088761,0.9329016612088759,0.9320758526445454,0.8853051607789586,0.8898393963217797,0.9142743906093294,0.8993922310882434,0.9134191021410443,0.8993922310882434,0.8993922310882434,0.8902900920521053,0.8724042835510757,0.992000334180243,0.8993922310882434,0.982394466965292,0.9353592095229415,0.9553394119369609,0.8307116701775572,0.8236540336500444,0.9085594827345285,0.9657002157235463,0.9919812383965743,0.9579815714632902,0.9208601429117476,0.8559143478531263,0.9568407342490961,0.8620322227114248,0.9174532864789899,0.8935462921654835,0.8514489788174842,0.954924242646743,0.9287407729092758,0.8091295157080873,0.9128943694267473,0.8855101065196794,0.9061873961293256,0.9335040689363964,0.9943104640015846,0.8365035568251133,0.8724042835510755,0.9103325051578914,0.8034882424102876,0.9967548156121191,0.9740168722867644,0.8750215518018307,0.9868418685480091,0.9418510134399245,0.7850875317435487,0.9517461635787838,0.9679643315023625,0.9407898534834993,0.9231230454306081,0.9602670981239116,0.8898393963217799,0.9986755760708649,0.9047546337476107,0.9200152252821036,0.9553701582462488,0.8814270131992576,0.8750116732174092,0.9742141708362011,0.8701230238264699,0.9188016156964058,0.848624827193509,0.9943104640015846,0.8622547711115847,0.8971317354718378,0.8993922310882434,0.9097421633544904,0.9589999745462268,0.9492388075036137,0.87055139348078,0.8666334188846028,0.9287407729092756,0.8988520147584989,0.8608541223526677,0.8818695657894681,0.8754469653497496,0.9686270243184087,0.8059310715267132,0.9786384251155431,0.9761241016391893,0.9287407729092754,0.9769475578832656,0.9982855450135188,0.8229207683300495,0.9191553769542392,0.857873451086503,0.9242396519963046,0.987404265816247,0.9489538339430426,0.7533949171332581,0.8685191541731228,0.9069090419812991,0.9327223474313895,0.9365377706532192,0.9690801727892031,0.9801945723164652,0.9723776734932787,0.9696769519198195,0.8715520320698653,0.9329016612088763,0.8329159536507165,0.9703280225360669,0.9253688519211309,0.9747513021678988,0.9868418685480091,0.9365682876192551,0.9340990416559534,0.926269823160037,0.9293228922862452,0.9860042839547052,0.9377821213923416,0.8851507230512404,0.8808870709207706,0.9935567820366137,0.951525861158216,0.9253688519211309,0.8993922310882434,0.9825391909511072,0.9362712207908208,0.9956818008719557,0.8235049062805432,0.8993922310882435,0.9675743567407269,0.8789629873647298,0.8824828972729089,0.8992865236029117,0.8319650172278279,0.7566521698690607,0.8433272776210037,0.790118489218194,0.9400757463595384,0.9967548156121191,0.8980748304035204,0.8649538734463005,0.9568407342490963,0.8358512330592897,0.91561268213489,0.9325036590333069,0.9707473148187094,0.9752737206364959,0.9122177014789303,0.7491329182845521,0.9752737206364959,0.9171102496467267,0.7734012608338692,0.8735543267995425,0.980799072990259,0.8108748358069331,0.9016392859446953,0.9750767117923149,0.9099317521606791,0.9877840833001519,0.9357008225526118,0.8961308828316215,0.9933095589619414,0.8898393963217794,0.8961308828316215,0.8961308828316215,0.9570787160824574,0.8993922310882434,0.9596253481255901,0.8853051607789586,0.8993922310882434,0.8889867521198009,0.8649538734463005,0.9172347260035334,0.9061873961293256,0.9568407342490963,0.9801945723164652,0.8961308828316215,0.996057013655474,0.8988562716216035,0.9338358212159394,0.8918274225086791,0.8993922310882434,0.9994428908841723,0.8921764228239649,0.9601701237080074,0.982227579102269,0.9025610767133652,0.9922022799705809,0.9411731642018819,0.9996217758139353,0.9799771696850708,0.874429570226489,0.8993922310882432,0.8814261386926308,0.7388341562064168,0.7692753009842896,0.8523008807801966,0.825858866494913,0.9922022799705809,0.9947962922931933,0.9061873961293254,0.7458886045430599,0.9462582749455621,0.8993922310882434,0.9750767117923147,0.8655902466966516,0.9212094218042226,0.9105888586121326,0.9247323722236849,0.988777790152866,0.9201347919134595,0.8929489608197008,0.993114484927009,0.8658801020870615,0.8993922310882434,0.8993922310882434,0.9273614004407342,0.8101116117012532,0.7020255141987601,0.8921458107091105,0.9197474280620401,0.9983494843809071,0.9751732894430813,0.8813259966981171,0.9847701943343942,0.8607391534783928,0.8993922310882434,0.779740523752394,0.9097421633544904,0.9253688519211307,0.9454249734383582,0.9172347260035334,0.8777682925698056,0.8993922310882434,0.8993922310882434,0.9418361980314949,0.9492388075036137,0.9092716570916806,0.9418510134399245,0.9602670981239118,0.8443346508563903,0.94849207411803,0.8503952569169961,0.961300008836971,0.9785392667986516,0.8993922310882435,0.8721962838262693,0.8876788640791473,0.9027412033397848,0.9625162230164763,0.9367146034407845,0.8175150604237005,0.9639416892449179,0.8862184152019255,0.9027412033397848,0.7931821848650384,0.8993922310882434,0.9254578891394436,0.9365682876192551,0.8661396574440055,0.9944441054506805,0.8055826578321366,0.983703714129575,0.9843194448435613,0.898376476688626,0.9128943694267471,0.8888823865554851,0.8184109079546726,0.9356957241686945,0.9686270243184087,0.9159524907976789,0.9517995480250121,0.9102862765869404,0.9097421633544907,0.8961308828316215,0.9463161534797553,0.9438841418650028,0.7736452528338297,0.9483338982121259,0.9253688519211309,0.5026299176046194,0.9752737206364959,0.974821410648139,0.9411059021731607,0.9780548428444061,0.8582905374781611,0.9372344714402792,0.936537770653219,0.8780124908814335,0.9737702747191699,0.7899953240176678,0.920860142911748,0.8464736685275929,0.9995729386747717,0.8110207847631992,0.9027412033397848,0.8903511091399152,0.9375570313374202,0.8673332824514652,0.9851732864984524,0.8993922310882434,0.8190603298174136,0.9372344714402789,0.9253250579099028,0.9212094218042226,0.9254635393306818,0.8696642492046927,0.8381579416424484,0.8993922310882434,0.8754469653497496,0.9906278428616192,0.8588181272853636,0.8780627809350356,0.9254578891394436,0.8937705688840911,0.9097421633544904,0.8981412037443475,0.9584809876679842,0.7303397327062724,0.9988129382625097,0.6975749527948758,0.9125024795540057,0.8750116732174092,0.9740168722867644,0.9113965671515777,0.8334162252912931,0.9764965868575897,0.9723776734932787,0.9919812383965743,0.9961167301725979,0.8993922310882434,0.8961308828316215,0.9980694720126075,0.9432666904818183,0.9709098918537328,0.9391366663555987,0.9686224789505231,0.8993922310882434,0.890121244869998,0.8025071950277411,0.7575859317124709,0.8993922310882434,0.9064064175239173,0.9889883423817387,0.9172347260035334,0.9031200523835077,0.8961308828316215,0.9398825031180538,0.8148644431454315,0.8596520182051545,0.9147585594844333,0.9114127741424323,0.9645515900483717,0.9928648151011861,0.8993922310882434,0.9957918361207543,0.8993922310882434,0.9172347260035334,0.8886413082618776,0.9907037104099163,0.9253688519211307,0.9638223777150989,0.9824413784662901,0.9250209262170299,0.8728920970887104,0.8993922310882434,0.8577784032474602,0.8621883578214158,0.6788877885753539,0.9860042839547052,0.8321506231964106,0.9097421633544907,0.8514489788174839,0.9291653056283695,0.9413962938926795,0.9343530326383653,0.9335505872908251,0.9413962938926795,0.8992865236029117,0.6724208586082563,0.8131898801283293,0.9413962938926795,0.9253688519211307,0.8440314442491259,0.9807840195689514,0.9658303776842916,0.6993905550185733,0.8756960152361009,0.9794926266231159,0.9022712097485509,0.8567883809445209,0.9338358212159394,0.9029766373026851,0.9086749297455425,0.9567860036593586,0.9418510134399245,0.9571376670427263,0.7839803582266724,0.8936165767525226,0.9735324343911236,0.9447466947302745,0.9346660427854578,0.7077250838010234,0.9027412033397848,0.9061873961293254,0.9157491431226765,0.9795680942771934,0.9679337912401462,0.7813438048343828,0.978631048101317,0.9097421633544904,0.9134191021410443,0.7881385125691882,0.8814270131992576,0.5981915559232156,0.96174322382792,0.9047309153407995,0.8324789953544443,0.6866412618453193,0.9024306604322356,0.8993922310882432,0.9990195274878814,0.8732433490002066,0.9310767971148589,0.9346986066201732,0.7723862710112661,0.9563160015347993,0.992000334180243,0.7542150378235286,0.8642985447139284,0.8898393963217797,0.8539618916939773,0.0,0.9158143716163474,0.9960195978687254,0.7932750817633222,0.9961728888429656,0.7361613333958279,0.9727984881547206,0.8014257724481391,0.9868418685480094,0.9027412033397848,0.9771147312346133,0.8565016117177138,0.9465146323386673,0.9633084029793544,0.9489538339430426,0.8256777705666052,0.9287407729092758,0.9287407729092758,0.9558181288706113,0.8588181272853627,0.9473726654430645,0.9868418685480091,0.9918167575124655,0.9493240017886775,0.9568407342490961,0.9819122999369679,0.7475435743195447,0.9021517560872986,0.9212094218042226,0.9658303776842916,0.9625162230164763,0.9435132052899855,0.9134191021410443
p355_GAP,0.5300148197891683,0.8518501194844417,0.7267298407698881,0.8499737220532662,0.8717146038820363,0.9048375041252172,0.5463186073107926,0.6534055188094929,0.7570714390725408,0.6899191265633615,0.8481185950649368,0.8675560447816308,0.8675560447816311,0.8042685237096223,0.7947180725064078,0.8372066841953301,0.8595337434443089,0.8269664944023671,0.8944656454039728,0.8995337970065294,0.7159325086838659,0.8444532057713661,0.8373021566360077,0.7861632512209237,0.8408491588837401,0.8269664944023671,0.8595337434443089,0.7889642625662019,0.8995337970065294,0.4290677480088926,0.810581958011195,0.8849118467483819,0.8556531508423673,0.7950110300145405,0.8717146038820363,0.9336708882449212,0.8759848927128515,0.8556531508423675,0.7062885929790664,0.8484673641430909,0.7459031338420239,0.8817125536768824,0.9048375041252172,0.8009586890730616,0.8595337434443089,0.6147201943595271,0.915294934512644,0.7867157975290033,0.9230322340171795,0.8708197216224045,0.7894968820867839,0.8331842941055445,0.8269664944023671,0.6580620629605647,0.914639332411721,0.9182102768713853,0.8370121611433389,0.6040574193889983,0.6803135998087246,0.8634987624252983,0.8220910408244118,0.8957188870455461,0.852219620660223,0.9331534170286987,0.8896003271096575,0.7160499982392317,0.9703809216228028,0.775332581946587,0.6294879955231116,0.9728761310858696,0.9957039851164745,0.9478871906418755,0.9372431009731568,0.8967545015528238,0.6040574193889983,0.9406098485629077,0.9826335302203135,0.9327528459630949,0.8142581395735666,0.9912539269909322,0.8697672352745365,0.8599286707771703,0.734401050192559,0.8522196206602228,0.6040574193889983,0.9227565311039088,0.9273614004407342,0.8615760055532997,0.9212483894367245,0.623058924836031,0.6040574193889983,0.924853426942098,0.9835857900271097,0.8033498452112906,0.710621430937416,0.7758562301079319,0.9170516417665229,0.8214615093860433,0.9649560681798648,0.8156317837988216,0.9671657892684404,0.98512650780359,0.9372431009731566,0.9688791933107929,0.7731858290058296,0.8944656454039723,0.9052782234567769,0.9969255772857584,0.9423651274969923,0.9765030029301447,0.8861865805383324,0.8872197069155325,0.8113866774147149,0.9135236932308282,0.880379147867171,0.846555195205841,0.9671649000856171,0.7526871690274917,0.9048375041252168,0.8596974221878402,0.9482189482994641,0.993746802911312,0.9221438014909655,0.7906693243415909,0.9532321256916452,0.7207379814860584,0.909770078319474,0.7209222077170492,0.9732611332238879,0.8300556663642371,0.8920397053879097,0.9851265078035902,0.8849118467483819,0.991253926990932,0.9803767087982627,0.9406636420480388,0.7994326878527938,0.8849118467483821,0.9572654625627894,0.6096888481145897,0.8757744382033952,0.8995337970065291,0.8030217291918669,0.9865679012345681,0.9674804892096008,0.8767317333396962,0.9831895607271812,0.96002016285421,0.9029830696099471,0.9621607731937996,0.9362473724214274,0.9803917544994649,0.9304288940763383,0.8020841226580637,0.9210886546555856,0.8484673641430907,0.8978752945620982,0.8885687955920856,0.9106413444117942,0.8372066841953301,0.7192072340459656,0.98512650780359,0.8599286707771703,0.790762800069701,0.8706690067296852,0.9398808686261126,0.925534874303101,0.8214192395195008,0.99597686199913,0.9840283269623173,0.9413841187405536,0.8675560447816313,0.8692547644743311,0.7259687094617393,0.7385972975260193,0.9723602968666374,0.933670888244921,0.5778463044635833,0.9541835040023736,0.8670062178228097,0.7260985633969472,0.8424503405467818,0.9671657892684402,0.9095880044260949,0.7773374842622351,0.9848859850019493,0.8129455900511038,0.7886321224712785,0.5715759775096831,0.9611183582315325,0.8266115967158121,0.9509555991736868,0.8254526210104338,0.9198949101807994,0.8415199426161002,0.6040574193889983,0.7861632512209236,0.9564656546829657,0.6617445851436525,0.8060450144729274,0.8167860163027103,0.9414245688249916,0.6040574193889983,0.8295400851312817,0.8776290471677994,0.6899191265633621,0.6040574193889983,0.759382799634793,0.9139644727327492,0.8356731575005727,0.9727794011338451,0.9561286454334408,0.9949023023772161,0.6040574193889983,0.6824151533222476,0.6040574193889983,0.8674371178870413,0.8305707442612569,0.8650786698379498,0.6040574193889983,0.831098258955693,0.6040574193889983,0.9833208606238034,0.8653636365238593,0.8967618383232809,0.8695542441843316,0.950210721158117,0.9422040817159791,0.6406778122004781,0.9170843583448691,0.906822210220528,0.9998206562911536,0.86175358503772,0.9272748683482384,0.8849118467483819,0.7443631528350054,0.6494428405348285,0.8508186816491081,0.8892814235872821,0.8286378524317444,0.8926328176574978,0.7477266191553403,0.9018931179447005,0.9505674530593676,0.6040574193889983,0.9087526077822468,0.6040574193889983,0.8969585439071464,0.8727189765147398,0.9342041137155991,0.9900168733886221,0.9562602528783676,0.7861632512209237,0.984755547880085,0.8408491588837401,0.9288157294636339,0.9327528459630949,0.9800285103494906,0.7704629856780995,0.8558024691358026,0.7740740740740744,0.8525240170262556,0.5912223604371347,0.9976148218819988,0.8013996776741121,0.7062885929790664,0.9172184456477024,0.8622824034085445,0.6818261607754563,0.80357853448597,0.8826432883359552,0.8256736899939877,0.8816900811875064,0.9889406182918248,0.9453465489849122,0.8944656454039723,0.8889513403021285,0.8041183579068669,0.9572289236964653,0.9430910370827901,0.8944656454039723,0.9927871633856706,0.9743518132433857,0.9600198715458841,0.8555999624260067,0.9185315195687316,0.98512650780359,0.8963733472068309,0.9610224917783425,0.8634987624252985,0.9851265078035902,0.950210721158117,0.8730956945148609,0.9879186260731821,0.9296685229533537,0.9496247231565925,0.8149263853247117,0.9276464398706836,0.933670888244921,0.9372431009731566,0.9478871906418758,0.9564656546829657,0.9934422704699934,0.9824422325068725,0.97570681720814,0.98512650780359,0.8484673641430909,0.8014049495568987,0.9778282980619883,0.9239573143456326,0.9461146186812446,0.8129816901697349,0.7998089664382895,0.898786708701964,0.9084544309352692,0.9773020800644381,0.87386062377405,0.9816432122925511,0.9493188414038549,0.8300556663642377,0.9744683153896554,0.98512650780359,0.6040574193889983,0.8849118467483816,0.8015777615520582,0.902725873175934,0.8944656454039723,0.9271952774457721,0.9414245688249915,0.6040574193889983,0.8679473730861487,0.8703028975503369,0.9480457155580746,0.8972351485480177,0.7708396679625852,0.9644100453636641,0.7894968820867839,0.9907181626289536,0.7722157901314404,0.9221438014909655,0.8851462416270441,0.8221958004459984,0.7704629856780993,0.7950110300145405,0.8388705072233764,0.8806788146347355,0.9382419789646617,0.9912539269909322,0.956528929575069,0.8611429491813896,0.9734588913096895,0.9501659674597744,0.5912223604371347,0.9140115116170531,0.993746802911312,0.9963042274453557,0.9428318086259266,0.7868527790534356,0.6040574193889983,0.9079207701657208,0.8374792146329473,0.931881650803529,0.9227565311039088,0.9816432122925509,0.9840283269623175,0.6040574193889983,0.6040574193889983,0.75385332986177,0.9120258709398508,0.8474331935017021,0.6040574193889983,0.9816432122925511,0.9372431009731566,0.8986476870566928,0.8148317561568923,0.9814847427888672,0.9700073495187167,0.9462929840320453,0.9273614004407342,0.7964115545265904,0.9713083644495808,0.6040574193889983,0.8191174443949805,0.9183213534746968,0.984076497721895,0.952815355688466,0.8537043262956243,0.8429197587693347,0.9851265078035902,0.9924041101142685,0.6040574193889983,0.7566509021046721,0.902725873175934,0.8005295282221943,0.8630956242275993,0.9213039936474142,0.793207500233722,0.9146393324117208,0.6040574193889983,0.8372088747894693,0.9680428026455561,0.6040574193889983,0.9462929840320453,0.9194372045899946,0.7955381435911342,0.777157073880844,0.9750337111012349,0.6040574193889983,0.9066075311961628,0.8065389892438859,0.9600198715458841,0.9306920379174362,0.9648370664576842,0.97497801574447,0.9093713197759912,0.9224857352342313,0.880379147867171,0.9382194349046169,0.9056309515421299,0.9170843583448691,0.9811742654769007,0.9120940280995229,0.8035785344859696,0.6574105658745377,0.8849118467483819,0.902725873175934,0.6040574193889983,0.9728761310858696,0.9047657741619426,0.9279841375446283,0.9609642629291477,0.8935376059910717,0.6406778122004788,0.9006129917311674,0.9888743648606592,0.6096888481145899,0.9609642629291475,0.9700073495187167,0.9095075097850291,0.7957637736061989,0.8933254878909684,0.9728761310858696,0.9651932755552611,0.854137957135406,0.9671649000856168,0.9436784255811563,0.9364989489090376,0.9273614004407345,0.9773020800644382,0.9819985582303231,0.9738810707682245,0.8770229868856932,0.7588487405779845,0.9273614004407347,0.8701299903601543,0.915294934512644,0.8831869222370057,0.7821212056737451,0.8229197263013011,0.9121693580704171,0.8969353451969782,0.9544014861726945,0.8340377649316193,0.8535804551039304,0.9315926342132623,0.9365051071070474,0.9289910671862718,0.9254342766131485,0.8851306068028348,0.944352885400337,0.9833492673430887,0.7105987003471123,0.7836211171566556,0.9891756798952003,0.8703538854706422,0.9833492673430888,0.8499695075069951,0.9852091805804439,0.915294934512644,0.9256020358501102,0.9844138533518572,0.990056467345857,0.9158143716163474,0.8944656454039726,0.8611800808081422,0.8950342219922577,0.9600198715458841,0.8660834950111459,0.9803767087982629,0.8897444847827976,0.8980273058083953,0.7134819261865433,0.9278609926133172,0.8062601896950263,0.8427624161776408,0.8675560447816313,0.9732611332238879,0.7949756159276009,0.97497801574447,0.6268836538013859,0.9375308641975311,0.6040574193889983,0.8896003271096578,0.6040574193889983,0.6040574193889983,0.9307478027803637,0.49784616245681235,0.9493188414038549,0.6040574193889983,0.6974206803324354,0.9652110727968488,0.8087240112889862,0.8430415976337671,0.8191174443949807,0.8649297052106166,0.9509555991736868,0.531219439597411,0.9678020902501276,0.8494159413108653,0.8320273208020315,0.7720451198653127,0.8791630303287916,0.7735300277673158,0.9611674391952659,0.9044051856928927,0.9441324231963977,0.7956226326299234,0.9952819898596894,0.9271952774457721,0.9040007052360544,0.880379147867171,0.9578832649754201,0.7410058208817898,0.9587351334794108,0.9968665600537308,0.7843824657921146,0.8999986551638348,0.841878630033793,0.9765393727099824,0.6666849916172677,0.9799577055509369,0.6857336911022114,0.943555263926096,0.9730192332773051,0.9340135137830787,0.7742998477170242,0.7894968820867843,0.9961515705051298,0.6268836538013871,0.7379149954577175,0.8102885572223331,0.9949023023772161,0.9034823448583148,0.9326842802354414,0.9048375041252172,0.7654516781835985,0.9140095995041515,0.724332526707873,0.844036634398722,0.9273614004407345,0.9350634288115524,0.959346851733893,0.6040574193889983,0.8849118467483819,0.9183213534746963,0.8989356562990422,0.8541130232196128,0.9620943400001073,0.9874546187688544,0.9564638994905843,0.9396523385363276,0.8638962238722947,0.9538443699954606,0.8995337970065294,0.8454849556314388,0.9891756798952003,0.9526528248300675,0.6406778122004788,0.9968813952342487,0.7121147030872417,0.9566277828832506,0.9382897017170406,0.8116161311914645,0.9175592224522577,0.9639643288426907,0.8221611262523356,0.8831869222370059,0.7967469525189803,0.7439369719809699,0.9747726064541657,0.9405885046495401,0.9492420156933739,0.9550891792540367,0.8008667804638399,0.947375225204339,0.8536889454821766,0.623058924836031,0.8522215355377095,0.7774405228396299,0.9223296501433532,0.9006335724880457,0.98512650780359,0.8791630303287916,0.9183213534746966,0.8303641671418633,0.7311442280900076,0.8340377649316197,0.9694633416994007,0.8070135968422858,0.8763300120309891,0.9095880044260952,0.9210886546555856,0.9480457155580746,0.6040574193889983,0.8302414280399817,0.8516873936917069,0.9394065197436199,0.9095797976046847,0.6040574193889983,0.8600954270021766,0.8320123061760785,0.9012413976619378,0.7386794928539417,0.7960011673063772,0.9068421918355332,0.9213173748164796,0.9377975684482132,0.9376236760632148,0.9602454778723903,0.9498821507571255,0.8851306068028351,0.8896003271096578,0.8701299903601543,0.8125344049448112,0.950210721158117,0.8926328176574974,0.9048375041252168,0.9376236760632148,0.9815564171452564,0.904837504125217,0.9671649000856168,0.9838786983345046,0.9700073495187169,0.8605449070406181,0.8116886237716039,0.8703028975503371,0.9700073495187167,0.8515500804409488,0.825675896822947,0.8973941197230877,0.5912223604371347,0.9572654625627897,0.6268836538013856,0.5912223604371347,0.623058924836031,0.6759336166506666,0.6040574193889983,0.6873051364783633,0.5758321464152951,0.6040574193889983,0.9382897017170406,0.8642550956097523,0.8944656454039726,0.880379147867171,0.9224249212097696,0.8875188080407914,0.623058924836031,0.866346476842075,0.8752813662334187,0.9436784255811563,0.9241909597845804,0.6040574193889983,0.9451928103896947,0.915294934512644,0.9382897017170408,0.999318002562787,0.9295042682015937,0.9728761310858693,0.9097700783194738,0.6984811996753173,0.9566277828832506,0.8610704848897667,0.8717146038820363,0.5954074605364781,0.936582637433671,0.8141251312620154,0.9763534910555304,0.9609642629291475,0.9728761310858696,0.9478871906418755,0.880379147867171,0.8454063430574004,0.9899259845384054,0.6040574193889983,0.9372431009731568,0.7881484792646651,0.689919126563362,0.8569490059020992,0.8897444847827973,0.8763300120309894,0.875498171652396,0.6406778122004788,0.8652687793417058,0.9952819898596896,0.6040574193889983,0.6040574193889983,0.7314042348244256,0.8113914363492405,0.8894412990712004,0.8933519986469078,0.985848460641825,0.8774926859714165,0.7742998477170242,0.9678454056750667,0.9587351334794108,0.9708826087013072,0.6040574193889983,0.9280050900603019,0.8849118467483819,0.7062885929790664,0.8224964678942432,0.8944656454039723,0.9578362746518477,0.6040574193889983,0.6040574193889983,0.949089114224503,0.997228401935723,0.9837709610484158,0.8997253355509451,0.8252719145194898,0.8214192395195008,0.8694177891416841,0.9331534170286986,0.9909669315840529,0.8517212482381922,0.6040574193889983,0.9352961278079994,0.9577140786738734,0.9097700783194738,0.9728761310858693,0.8495167693124205,0.8293557447848392,0.6721931320772204,0.990056467345857,0.8759848927128513,0.769260418035856,0.6040574193889983,0.9403812164285879,0.8810727154080642,0.9709114698674371,0.8592102542931903,0.9155462199525788,0.9175203193132074,0.985000739587379,0.87713468423123,0.9224249212097695,0.7649468031375266,0.9845879562720394,0.9289910671862719,0.8995337970065294,0.9413841187405536,0.7437303592140891,0.9136846471590683,0.7894968820867839,0.5912223604371347,0.819657235122329,0.942688033069913,0.9992910930337529,0.9731328592998563,0.9912539269909322,0.9367139417404933,0.9223296501433533,0.9912539269909322,0.8894412990712004,0.7781942576114906,0.8115755552451696,0.9644641533901628,0.8995337970065294,0.9826335302203135,0.9620943400001074,0.9871455150909452,0.8556531508423677,0.9949023023772159,0.9838786983345045,0.8847658378671738,0.7861632512209237,0.9803333187692554,0.7720889634702727,0.9397038546308728,0.8652100330616368,0.6040574193889983,0.924853426942098,0.9644641533901628,0.976249394198133,0.6899191265633615,0.9899164799855703,0.8338083271305468,0.7910527511398295,0.6040574193889983,0.8686537740948883,0.7512405314654529,0.6960254872302303,0.9787476808897823,0.9432808772360407,0.971919429756454,0.8849118467483819,0.9144289987945095,0.8484738711809593,0.8080851183380351,0.9540928615789439,0.9702724928174435,0.9614652330294561,0.9655378615762105,0.9968665600537305,0.871714603882036,0.9118310358812909,0.9727421472665718,0.9196826356535088,0.4925968221753183,0.8070194978812506,0.9644641533901627,0.5912223604371347,0.8703026978016235,0.8226341514371434,0.8372088747894693,0.9315926342132622,0.9476704341090118,0.6040574193889983,0.9145237934241901,0.8291520997491477,0.9413841187405536,0.6040574193889983,0.9529173023629656,0.9736255139810746,0.8944656454039723,0.6840046331108249,0.5912223604371347,0.9140095995041511,0.8774727469180784,0.8148317561568916,0.9182102768713856,0.9093713197759918,0.9170843583448689,0.7563902529179127,0.6040574193889983,0.9376236760632151,0.6040574193889983,0.7526871690274917,0.9504820637860455,0.7597893185829285,0.7062885929790664,0.9959768619991299,0.8832194342591231,0.7991403388222929,0.8956789203969098,0.6040574193889983,0.9394952693073797,0.9953353586248987,0.989072741241434,0.9278609926133172,0.8727189765147398,0.9934422704699934,0.8141251312620152,0.9148240293633219,0.39177416167999646,0.8200680669365386,0.7218045979568748,0.39177416167999646,0.9185315195687318,0.9572654625627894,0.8323197318487097,0.39177416167999646,0.7062885929790664,0.9279789994337895,0.988874364860659,0.7105663061807237,0.8675560447816311,0.9842655226656385,0.8599286707771701,0.7267298407698881,0.7859745422812423,0.8904902911085821,0.7830057484855624,0.9526929828593396,0.8993926091805273,0.8515500804409485,0.5040974475123305,0.8042685237096225,0.7514647224785544,0.8731186154589521,0.8916901168501171,0.768440680796779,0.8236124075183946,0.8199484368275463,0.915294934512644,0.7706273539389779,0.7504086464373163,0.8170245918162766,0.8170245918162768,0.7867157975290027,0.8849118467483819,0.8896003271096578,0.18120443170320732,0.8137861839597273,0.8069803809790179,0.8137727791661158,0.9783157797049856,0.3128143211026365,0.8679473730861484,0.807409997427414,0.8717146038820365,0.6170100692593026,0.6919060614033441,0.8009586890730616,0.7486785825409101,0.31452906739952424,0.8896003271096573,0.7950110300145403,0.13250557457561785,0.8269664944023671,0.8595337434443091,0.8137861839597269,0.9158143716163474,0.0,0.3934550517945534,0.8481185950649368,0.34169154168414684,0.8675560447816311,0.8600954270021763,0.43754530177023665,0.8803791478671708,0.8759848927128515,0.8706520545213512,0.817024591816276,0.880379147867171,0.7618815066671987,0.8133027009310334,0.42426335746817456,0.8634987624252988,0.8634987624252988,0.7083804958045807,0.8338083271305465,0.7542621380938765,0.915294934512644,0.8161640833153638,0.8338083271305465,0.8896003271096578,0.7294450148306255,0.8303641671418633,0.9097700783194738,0.7309738342063724,0.7105663061807241,0.7526871690274917,0.45050359519384653,0.8896003271096578
p355_T,0.6867159905212248,0.9461970017051848,0.9374125729858536,0.8938810878340344,0.8449554775620965,0.9175610216373451,0.5372707450629493,0.6199843437556658,0.6162582833013324,0.8119220126818758,0.8615066484717837,0.8090713916623884,0.7816419778777748,0.8698496749892746,0.7690726144274582,0.9976457703229755,0.950616329839964,0.9105386160602791,0.9713243807559524,0.9051061063985827,0.652890346249172,0.9707225700884794,0.8921513898336461,0.8842703777786562,0.9822252480331439,0.71472269926643,0.867183090923088,0.726369172513799,0.9404775915135256,0.5067485899904636,0.687709801970611,0.9037626896798769,0.7874282340838115,0.6810307020171473,0.7884981212068205,0.9611195340498857,0.8260538048983146,0.831416541006879,0.8218508298411398,0.8411073862873344,0.5973405547695719,0.8372735655148076,0.8803341432771284,0.6914087785046683,0.9712977076299154,0.7952136829404968,0.8362282632158899,0.7658951740315127,0.9695930258774621,0.8598229162754327,0.8468866276120164,0.9113019476649783,0.71472269926643,0.8220073752366788,0.958468282643316,0.8513555560800828,0.9799301329469465,0.7598430279509716,0.7432112048794222,0.8779582788912845,0.6770078081724058,0.8899136190345418,0.9806747634986939,0.906386838764466,0.8179859988662401,0.6811042813066277,0.9972691956954173,0.8126007641999566,0.6834127151757798,0.9611195340498857,0.8611125414966159,0.859092788002368,0.957870190272649,0.8045679809427841,0.7598430279509716,0.9190131699562357,0.9578462557047885,0.9683506709922263,0.8752688878564457,0.9335314649217885,0.9344249401300653,0.861029661675164,0.6923735863713785,0.8017519956192524,0.7598430279509716,0.8359212357935641,0.9102254729003006,0.810444913907227,0.8915064922504201,0.7520579877837947,0.7598430279509716,0.9229260449353887,0.9908515472881888,0.7948461046192394,0.7743247677887417,0.7753009505030748,0.9228836550747224,0.8953452033138497,0.8087165248537702,0.7783796270321474,0.8935341338233255,0.9231127140292136,0.8445290624838848,0.9599634294277817,0.7250953674113167,0.8024341677705487,0.8018725412026364,0.7527391773418998,0.9477337650498394,0.9162501422055284,0.9291729920818361,0.8372735655148076,0.7357883538477206,0.9569571642259291,0.776063507527166,0.8611699883639913,0.9544512971200105,0.8362122103676295,0.8803341432771281,0.7043702874059501,0.9435265007207063,0.9077323061196996,0.7254082960040824,0.8879052192410641,0.9806747634986939,0.5647845268085505,0.796945518458144,0.6964224106689857,0.9714932980607038,0.8382562997584619,0.7247567461877655,0.9866401524377002,0.9403931336275562,0.970758343282005,0.8985590214865504,0.9657746522889943,0.8350998771962288,0.9037626896798772,0.7845489569349895,0.7711616901616503,0.9815951583399881,0.8119220126818758,0.5811946903104075,0.9990214272019693,0.8925067967545572,0.7514074966496647,0.8350217662584427,0.7804445709696411,0.734036019962228,0.9379148433112912,0.975849076628468,0.8645400311742031,0.6791760555533348,0.6226074681842735,0.9349315250183908,0.7306071484122403,0.9900589858005251,0.9514750659282315,0.92620568908909,0.8477899966508495,0.6269343404385682,0.9866401524377002,0.9960566146659293,0.8465138832911396,0.8606185527495529,0.9950055078658178,0.9405135411999146,0.9877148082368065,0.9388460972504872,0.9044591381767229,0.90922788118539,0.9166344704914768,0.7459091117219763,0.691353562806106,0.7892475835824763,0.9438962066300458,0.8935634488557236,0.7811948947768252,0.9168721960170703,0.8248244395680682,0.9216076788714864,0.6885071220414509,0.9377515552037037,0.9714932980607038,0.9804660936366352,0.7996249364060772,0.6238103794460457,0.6833184139836479,0.7226556740618741,0.8588332480153082,0.9313565732561022,0.9181242917632635,0.9560656995585888,0.8529465574000459,0.8115406745499647,0.7598430279509716,0.796945518458144,0.8779582788912847,0.7753009505030755,0.8492975442395767,0.7822332595650118,0.9440638842760902,0.7598430279509716,0.8562053356059841,0.8408082308412966,0.811922012681876,0.7598430279509716,0.9719915496724801,0.7757909160400497,0.6628507794805396,0.8462652218721751,0.823931794337657,0.8913596330162288,0.7598430279509716,0.5991212303653619,0.7598430279509687,0.9177241323170892,0.9558904738185677,0.951020741500245,0.7598430279509716,0.7235436473946443,0.7598430279509716,0.8635775271006632,0.7682625606462914,0.864980358709639,0.8845381233999124,0.8629479583404894,0.9071050565224128,0.77116169016165,0.7412464025662193,0.7564290474682835,0.9668303346297289,0.8277417377340412,0.8709548567793785,0.966100360356904,0.6869733138738291,0.8226590914039003,0.9891928170509774,0.9407980088494798,0.9044418441072126,0.7574122120304546,0.8151257825696745,0.937703460854125,0.9618468380142616,0.7598430279509716,0.9775311126594743,0.7598430279509716,0.7129296461074743,0.7463627797104888,0.9403931336275564,0.9483930538628411,0.8828843189949758,0.8260538048983148,0.8787151421331908,0.9121842611161273,0.9307440528645681,0.9926567682116534,0.7611528548178387,0.806145885371528,0.9868956338350676,0.5925733428720994,0.8201438351321446,0.7520579877837945,0.9799393170793435,0.8282463233802261,0.8218508298411398,0.7493779376430953,0.7313561068995686,0.859393668108072,0.6297600678853383,0.9789675397365556,0.8468866276120166,0.9768874615192735,0.8454114005640025,0.8749083057306533,0.8024341677705487,0.7905304010265255,0.6968153326455907,0.9510476303356745,0.9474774436800726,0.8024341677705487,0.830857861607373,0.879748287420365,0.8904980283501738,0.7218567674983005,0.9332592940301493,0.7760635075271658,0.9581134039346137,0.9318736786827081,0.8779582788912845,0.8930303361848517,0.9231127140292136,0.9898025870374596,0.9611195340498856,0.9166904493349143,0.8613553498406222,0.8824696107393232,0.7942545589541667,0.9273414914528046,0.957870190272649,0.9481787526124408,0.9847548676209203,0.8157177922735033,0.8603866669167471,0.9640916647743815,0.9866401524377002,0.8376785147373466,0.9392804439417415,0.996530216719925,0.8519411054454562,0.9506470428370615,0.8265772704207677,0.9900161416287363,0.8238667449244095,0.921682569972396,0.9534079531416462,0.7336506199254176,0.9887794382565891,0.9201285729821675,0.9117711157968402,0.921951811299105,0.9832774697179376,0.7598430279509716,0.8102561836643374,0.7562603250241404,0.9975679124131007,0.8024341677705487,0.9799393170793436,0.9714932980607038,0.7598430279509716,0.8187962785601046,0.9037682955617905,0.8963045865615722,0.8422947944610912,0.9874929842248081,0.8835341538402918,0.8157177922735035,0.9846565729763177,0.9162501422055285,0.9243867694108336,0.7874282340838109,0.9034646307981717,0.8663106410602519,0.7000231174933705,0.9546423142462037,0.8302616706515056,0.8220679677608376,0.896304586561572,0.8964632719128078,0.9089396877318247,0.911239412021809,0.7890971283929678,0.7520579877837947,0.9638681104147288,0.9526890382213375,0.8705970146717744,0.9007500320470243,0.9519454219168914,0.7598430279509716,0.6964123461605369,0.7983624038763235,0.9745159874661271,0.9298183155866662,0.9887794382565893,0.9823188638972926,0.7598430279509716,0.7598430279509716,0.7554502932272493,0.7464690321679259,0.9939363498997056,0.7598430279509687,0.9887794382565891,0.8449554775620969,0.9923266033243223,0.8125108790895967,0.8165315777237979,0.9009864188391608,0.9784905973288369,0.9231017872839913,0.9714722438583576,0.9397755048829031,0.7598430279509716,0.8867645058438252,0.9864194708261564,0.9176847738819124,0.8442311521617307,0.8787761395675628,0.7048106741221396,0.8930303361848516,0.868891657298056,0.7598430279509716,0.9719297712114074,0.95405326423669,0.777069293628099,0.8212446787980056,0.8260538048983148,0.9529998241930714,0.9907110207021093,0.7598430279509716,0.8751409981138476,0.8716095985403991,0.7598430279509716,0.9816236195666534,0.8754359849714934,0.9479232114797693,0.9594818855681565,0.8970240981407615,0.7598430279509716,0.8200077607431415,0.8671799350481509,0.9799393170793436,0.7208318168027488,0.7811797963694656,0.9394293086109791,0.7396537627925588,0.9547716910316058,0.806145885371528,0.9067163900117083,0.6929875313012097,0.9838019417336797,0.7836710271450995,0.957475652793616,0.9803821139197652,0.8099843164912441,0.7845489569349895,0.9589174394104885,0.7598430279509716,0.9948975766469665,0.9369529808277419,0.8371600522185616,0.9197384765533722,0.7821458599806042,0.7711616901616505,0.8639731375574494,0.941079903580319,0.7711616901616503,0.8615066484717837,0.8727577406615228,0.9958728522925875,0.8887933942859563,0.9516649593701445,0.9611195340498858,0.7896487715397772,0.9180364680267037,0.9047754465326084,0.9474601443412951,0.9157958602503538,0.9469121786862353,0.9404775915135251,0.8459734129080521,0.8749693429780028,0.8763722509091361,0.8815137707013365,0.8149839072913256,0.9775311126594745,0.9231127140292137,0.99609823488706,0.8984260345019162,0.8475635055089444,0.8464119401781787,0.8575900570810616,0.9440445737727993,0.7281274189980704,0.8073645963969711,0.8522350229817963,0.9055555229852996,0.8932117450997947,0.8304104295166037,0.8997739636389359,0.9726375002262645,0.8014029558479241,0.832896954466253,0.9585929021893713,0.9101188429106382,0.8967858500764729,0.8239074480130517,0.985285931835219,0.6925811930903585,0.9866401524377002,0.9657746522889943,0.9436151401013053,0.8734800677108052,0.9714492143423383,0.9948975766469668,0.8607667761082232,0.8908587789596011,0.858107364707553,0.9578554652497671,0.7370398200395536,0.8465017131331367,0.9715619689660695,0.8362122103676295,0.9283228362685234,0.8740822964846133,0.7274255959641017,0.8892050567068635,0.9187890468008421,0.96255429614295,0.870650924906808,0.7630684742162597,0.9868956338350676,0.7598430279509716,0.7933260374223117,0.7598430279509716,0.7598430279509716,0.8527649676970374,0.6954211266162025,0.8899472722556014,0.7598430279509716,0.9555185636705688,0.7840163799727267,0.8382562997584622,0.9386368786140116,0.8427383329005672,0.9880890244844678,0.8974020363988906,0.5732419384316247,0.7309613349518433,0.8060061926795923,0.9303030709404139,0.8904980283501738,0.7321521971581655,0.9676569003410055,0.8004675807248399,0.8879052192410641,0.9144799757202475,0.9313565732561024,0.9392463173928276,0.9475486534367228,0.8432887209467443,0.806145885371528,0.913367848288253,0.8516706130772589,0.9478740784811293,0.915064027808654,0.7746428726597149,0.6793472240450142,0.6940561920816606,0.9838019417336797,0.7756942495879604,0.9531950918735757,0.8516706130772593,0.8551620913384856,0.939385048379207,0.819497093749971,0.7950827333756195,0.909224298289043,0.8328811578110731,0.7890971283929675,0.9290130221267934,0.9391406142751864,0.9736478743700693,0.9975488354889279,0.8773827111874647,0.896304586561572,0.9262037386537665,0.7506206007884695,0.6564321141554956,0.9995568894199645,0.9469121786862353,0.8534563289807651,0.9225962882233801,0.7598430279509716,0.7845489569349895,0.8563943216699783,0.9009864188391608,0.7611528548178386,0.9945329614907235,0.9084485436494436,0.73334917708006,0.9782343062564832,0.9245475063662869,0.9205413462469365,0.834363136168697,0.9843187396308186,0.9344249401300653,0.9824398733027428,0.7711616901616505,0.965300672374822,0.7693073076993371,0.8566350037680563,0.9060386460054195,0.8741077890279738,0.7490621794747085,0.9650161524941032,0.8044107028686693,0.9201285729821673,0.9403825831613655,0.842516564994815,0.9081140277547939,0.9758490766284683,0.8776927781328225,0.9715952370991687,0.903353360689237,0.8943409369356037,0.9932065010984317,0.7794874015684086,0.9905878475233603,0.9548776753771019,0.970758343282005,0.878695676435884,0.8930303361848515,0.9950640205788519,0.9392804439417413,0.8530449981794909,0.8319078681878862,0.9889492618097127,0.9822252480331439,0.89056739685997,0.7739018932368082,0.7794874015684092,0.8157177922735026,0.9547878999975616,0.7598430279509716,0.7681892491723832,0.7284796357001113,0.9441290114848947,0.8525526381867026,0.7598430279509687,0.7808734547506734,0.8934121621735956,0.9497819507204744,0.9092278811853902,0.8510429565495014,0.8918901822512202,0.9601414607492555,0.9936994013824926,0.8437979537843656,0.915685182901966,0.7725799749048676,0.9923118103209785,0.8257167010649322,0.7562603250241402,0.9799301329469465,0.9832774697179376,0.8309270280688343,0.8590777082013559,0.8652694569217232,0.7978608373440581,0.8590777082013556,0.8550995959452066,0.7268586664874903,0.9856724533720749,0.8706253773981714,0.8761222763182076,0.9713243807559524,0.9292150970167989,0.9469121786862356,0.992644088835646,0.823749235692733,0.7520579877837947,0.9349315250183907,0.7890971283929664,0.7520579877837947,0.7520579877837947,0.7491968336961601,0.7598430279509716,0.7630684742162603,0.6299265819422077,0.7598430279509716,0.8914209245084335,0.8997739636389355,0.8597854062586425,0.806145885371528,0.9228886919927946,0.8842703777786565,0.7520579877837947,0.9729032954090484,0.7983568466925046,0.8234134759086209,0.9934374588112995,0.7598430279509716,0.956623904537022,0.9832774697179377,0.8160206773449095,0.9792140670516237,0.8266978650473007,0.8024341677705482,0.8828633306999775,0.8654902698381166,0.8382562997584619,0.7487552916430884,0.9009864188391608,0.7279840757008937,0.938898918424907,0.9283228362685236,0.9558904738185678,0.9683506709922264,0.9713243807559524,0.8805070612673889,0.8061458853715278,0.9222347126849362,0.7675615986227082,0.7598430279509716,0.9860988684502869,0.8193467774655052,0.811922012681876,0.7712479252077631,0.7630684742162603,0.9587310373494922,0.793502571177376,0.7711616901616505,0.9557177814979054,0.9395392827097996,0.7598430279509716,0.7598430279509716,0.7938652007891245,0.6937174269191638,0.8727265710375587,0.9758451335042154,0.7321954751272856,0.9224335544163881,0.9869045119835431,0.9345359375119848,0.8972852033660198,0.8371600522185614,0.7598430279509716,0.8572302139790415,0.7845489569349895,0.8218508298411398,0.8520618959394244,0.8024341677705487,0.8142101728443067,0.7598430279509716,0.7598430279509716,0.8458017731076036,0.8445290624838848,0.8555269315319912,0.9231017872839915,0.8730333499943792,0.678668524241913,0.9276121546275617,0.7032389077682981,0.9324867603314545,0.9435124409283356,0.7598430279509687,0.9411992521264024,0.9090689658738591,0.8260538048983146,0.9713243807559524,0.9001663191197438,0.9643100376629143,0.6656436166831581,0.995064020578852,0.8246467578196359,0.8713610874695914,0.7598430279509716,0.8170971303342114,0.9485977315452867,0.9063868387644661,0.9782522793867701,0.9348002063687593,0.9213590764114838,0.8577458796722872,0.8791979970534536,0.9876700192780359,0.6057731197452615,0.7939153022620802,0.9452690534532084,0.9404775915135253,0.9135701909320918,0.850130818969461,0.8002000366421118,0.8157177922735028,0.7520579877837947,0.7698988098502193,0.9377515552037037,0.8382562997584615,0.9000057299607616,0.970758343282005,0.8566350037680563,0.9335314649217883,0.9920147783577783,0.9226406764718817,0.8909818324860737,0.6311487057960525,0.9296415120950109,0.8343631361686964,0.8754810044795032,0.9707225700884794,0.8136339357815081,0.7620178857565234,0.8913596330162288,0.9989805781814322,0.8884677244184843,0.7678372320179736,0.9467885829205449,0.7608035719590831,0.7381061034062262,0.7815632539331632,0.7598430279509716,0.9229260449353887,0.957870190272649,0.8286699042825473,0.8119220126818758,0.9257539758878652,0.7260027086844003,0.9739197019654489,0.7598430279509716,0.9939389678067431,0.9017159566932621,0.8239074480130515,0.9139598476735142,0.9674469230313372,0.9234000885636109,0.7845489569349895,0.8571759085821602,0.8655292753164374,0.5711309002264506,0.9808511311125242,0.901634868391278,0.8137111405897302,0.970758343282005,0.9703727823163033,0.9574437751944369,0.7936734379495369,0.9875784275924953,0.7255622030131579,0.573241938431625,0.9366428409288108,0.8445290624838848,0.7520579877837947,0.6773807921941775,0.7611528548178386,0.6362489193605738,0.9297942582575064,0.9421273381504726,0.7598430279509716,0.9686583577712609,0.8132392431736908,0.8107823656951019,0.7598430279509716,0.8592041317993953,0.958468282643316,0.8024341677705487,0.7412464025662191,0.7520579877837947,0.8937238935432655,0.8452666437956633,0.738484166750812,0.9989805781814323,0.8437293721109922,0.9838019417336799,0.9110800833714612,0.7598430279509716,0.9899548523333999,0.7598430279509716,0.8699902529647103,0.908666433153293,0.6078331168503338,0.8218508298411398,0.8153003584974232,0.9458740064394469,0.7224895383337645,0.9879842935776202,0.7598430279509716,0.9147604394803943,0.8391308053556913,0.8066631856527493,0.8493802700804494,0.9411992521264028,0.9403931336275564,0.9889492618097127,0.7391758987017791,0.6235050817053063,0.6944812577322488,0.9362482105975047,0.6235050817053063,0.8741919847359768,0.7845489569349902,0.8824696107393231,0.6235050817053063,0.8218508298411398,0.8017519956192524,0.9715952370991687,0.9976457703229755,0.9166344704914768,0.7990045733585436,0.928543138170547,0.7356794655387604,0.9228205481168078,0.937976665783663,0.6422453897993105,0.9875784275924953,0.9462184605854557,0.9231017872839913,0.8361546548221472,0.7714041594989873,0.6893038904873432,0.8253680774661203,0.8859405197051109,0.6702700232469361,0.9481787526124408,0.7969455184581442,0.7760635075271656,0.6727939511313162,0.7470225779913517,0.9269215507254828,0.9684833491960415,0.6839659105555468,0.7845489569349895,0.7933260374223114,0.5169989382895492,0.6929925529983975,0.9134089714406041,0.7697110290754069,0.8474876022136046,0.4890401546049552,0.9355312567551326,0.7423089209395948,0.7880717061286087,0.47270617398383563,0.8825490680853292,0.6422800984958035,0.6020366470795807,0.7084333786575421,0.8503766625088608,0.8899472722556018,0.456285823689351,0.71472269926643,0.8725303673098437,0.8972515399147865,0.9960195978687254,0.3934550517945534,0.0,0.7156700651552219,0.6518635399752872,0.9166344704914768,0.9884434487583147,0.48294444018181926,0.8027832026517654,0.8551620913384854,0.6628507794805394,0.6983316591374116,0.8963930189046141,0.8348997195604715,0.7722731659639437,0.5255033957565438,0.8283511021022166,0.9046574260736937,0.6807335457240588,0.9510476303356744,0.8610648666460556,0.9866401524377002,0.6827774997866061,0.9364299088386885,0.8257167010649322,0.5851719733229868,0.8593936681080714,0.9701881900204897,0.8472934977968183,0.7176282596999839,0.836212210367629,0.39098406887658044,0.8257167010649322
p355_V,0.7570938879228228,0.9305518148343679,0.4442078660803628,0.9082470012068007,0.9398636845831869,0.9553906988562064,0.9273110661028666,0.9732645673384563,0.8861224347761871,0.9529044812989522,0.5355987055016167,0.937914277797153,0.937914277797153,0.657892390213928,0.8941586572120017,0.8643222344048869,0.9615633836644075,0.9503578662718963,0.6434794492601545,0.9529044812989522,0.8668377479090332,0.5482400894009506,0.9237321696604077,0.9418654668890594,0.5601407473810668,0.9188871236697294,0.49229010471469425,0.9010728262563201,0.952904481298952,0.9991938681340626,0.9112065483416405,0.991511387719873,0.9323345609629297,0.9039073680321512,0.9398636845831869,0.9505286850464205,0.41671685112023005,0.5077339310053113,0.9553906988562066,0.6108094543919245,0.880887070920771,0.9204798499326443,0.9553906988562064,0.8968972890562259,0.9341536654578786,0.8931984346009121,0.3931922978743946,0.8821881173643273,0.6108094543919227,0.871899210769451,0.9460501530640812,0.8891366496825567,0.9188871236697294,0.9305518148343679,0.9323345609629294,0.9157617220296759,0.9157617220296759,0.9398636845831869,0.9600596534987826,0.4756567281571499,0.8887741875977793,0.8000885584109012,0.9188871236697296,0.880887070920771,0.9482479709168004,0.7921483401510494,0.9460501530640812,0.8294570440795395,0.7387560415746357,0.9505286850464205,0.6646953233767164,0.9173148291382112,0.9398636845831869,0.7948115130896285,0.9398636845831869,0.8023808775583151,0.9270843653068206,0.9288025889967637,0.9344206672955302,0.8954610316630294,0.9288025889967637,0.9220943680125893,0.7179148411343287,0.9188871236697296,0.9398636845831869,0.6837002148089263,0.9270843653068206,0.7687161165969227,0.7792380153572773,0.9379142777971525,0.9398636845831869,0.7550682856940836,0.9218833442529992,0.8282051901310088,0.9127085925971725,0.8821881173643275,0.7621069123919669,0.8296036746659662,0.7867685446246904,0.7854118438304147,0.9157617220296757,0.9439253608596803,0.4946499403325765,0.9664400448524546,0.8440763557943252,0.305152894515638,0.35210489348976015,0.7600407954927464,0.9253948970823007,0.7974579792993961,0.8311453011838079,0.9204798499326443,0.9583905879012904,0.7215170183816848,0.3931922978743946,0.9895122416602878,0.9305518148343679,0.9505286850464207,0.9553906988562064,0.8319564473483687,0.8968972890562259,0.8054620272717132,0.5601407473810649,0.9112065483416407,0.9188871236697296,0.7104411639464168,0.41671685112023005,0.8356963633835397,0.9379142777971528,0.8996713357710029,0.8493600255132052,0.9439253608596803,0.9460501530640812,0.9553906988562064,0.9341536654578784,0.8712020127619846,0.8568203162271624,0.8666344692877818,0.36712679555941397,0.9360123464869743,0.692164408709989,0.33852203278982185,0.7921483401510494,0.897978652240589,0.8296036746659667,0.8941586572120019,0.9044537215424593,0.8130313197766212,0.9173148291382114,0.9814141277606031,0.952904481298952,0.8887741875977793,0.6092531421879228,0.8887130191001584,0.9460501530640812,0.9173148291382116,0.8757278950721359,0.700893747414653,0.8743670916693695,0.8054620272717132,0.9583905879012906,0.9439253608596803,0.9220943680125893,0.765850872688635,0.7683410254227847,0.6896159923792047,0.8356963633835399,0.7606912970317317,0.9127085925971725,0.8948411555416449,0.9082470012068007,0.4576629560515961,0.9157617220296761,0.9030850419025609,0.880808612563334,0.8257270167791618,0.9505286850464205,0.8468773793429294,0.9053415698864398,0.8325663549594214,0.8955237705353789,0.8680990387032137,0.9157617220296757,0.937914277797153,0.8332042054706015,0.5885689885519507,0.8319564473483687,0.8834941755373982,0.9305518148343679,0.9097196291136669,0.9360123464869741,0.8861224347761871,0.6618220213651618,0.7511109282724242,0.8887741875977793,0.9398636845831869,0.9418654668890594,0.5291413577349566,0.8821881173643271,0.9145036285834149,0.871899210769451,0.937914277797153,0.9398636845831869,0.8490261988077548,0.751110928272424,0.9529044812989522,0.9398636845831869,0.8027040615618267,0.8996713357710031,0.8655788710295136,0.8307074284906393,0.8874452201355857,0.9379142777971528,0.9398636845831869,0.8294570440795394,0.9398636845831868,0.9270124584146906,0.9344837978641954,0.9145036285834145,0.9398636845831869,0.8654876821106994,0.9398636845831869,0.7010411245359279,0.8901096639134576,0.6896159923792047,0.831145301183807,0.9439253608596803,0.7291100211046695,0.9360123464869743,0.2959785915743438,0.9270843653068206,0.9229260836136746,0.8271323454642021,0.9419536134643978,0.9460501530640812,0.880887070920771,0.8706295828816044,0.9152152511721431,0.9425462450985707,0.695343446426582,0.8996713357710029,0.9341536654578786,0.7754424146968588,0.9360123464869743,0.9398636845831869,0.8848055194072819,0.9398636845831869,0.9550378990030008,0.7689771223906576,0.9460501530640815,0.9142266602978069,0.7291100211046695,0.9418654668890594,0.898279654991218,0.5601407473810666,0.7827290858814179,0.9288025889967637,0.8356963633835397,0.9439253608596803,0.8415558183084837,0.8481185950649368,0.8155834129546944,0.9379142777971525,0.9482479709168004,0.9255114056101086,0.9553906988562066,0.8027040615618268,0.9435859321326748,0.9204798499326445,0.8468773793429292,0.8052215285825555,0.9460501530640815,0.8206574710503429,0.9716264454129939,0.9959688991235816,0.305152894515638,0.7974579792993963,0.934718436590684,0.9220943680125893,0.8188464324608089,0.305152894515638,0.8508536150398738,0.7799347919154231,0.9482479709168004,0.8795907732894914,0.9082470012068005,0.3931922978743978,0.9039073680321512,0.7715561688698287,0.4756567281571502,0.9439253608596803,0.9439253608596803,0.7014738741979789,0.9505286850464205,0.9699851449601229,0.8282051901310088,0.8054620272717139,0.9510363776961273,0.9505286850464205,0.9470390403999658,0.9173148291382112,0.7965645056239908,0.6793190916396445,0.7658508726886353,0.8795907732894912,0.9439253608596803,0.9173148291382114,0.9010728262563201,0.7486505891643007,0.892801530088347,0.8630676692554224,0.8832169824813318,0.7104411639464168,0.8053052928137154,0.8106729411563696,0.952904481298952,0.9533122281613602,0.952904481298952,0.6775839322131376,0.8996713357710031,0.8968267690771244,0.9439253608596803,0.9398636845831869,0.946050153064081,0.8152256364618549,0.9939428696246877,0.305152894515638,0.9482479709168004,0.9379142777971528,0.9398636845831869,0.5601407473810666,0.9505286850464205,0.9553906988562064,0.7165804043121363,0.9344206672955302,0.9220943680125893,0.9460501530640812,0.8027040615618268,0.7240345946352038,0.9342966423167991,0.9323345609629297,0.9050199039572439,0.9439253608596803,0.9039073680321512,0.7051452274120009,0.9305518148343677,0.8941586572120017,0.9553906988562064,0.7224777793183863,0.9799998588966439,0.737172222857507,0.44014862927583687,0.9379142777971525,0.9763438961034469,0.9543810721294508,0.7715561688698287,0.7729670530351349,0.668213696999334,0.9398636845831869,0.8269517634252839,0.9024846512059139,0.90534156988644,0.683700214808928,0.952904481298952,0.8168555449761878,0.9398636845831869,0.9398636845831869,0.9173148291382112,0.8861224347761871,0.8429869500177808,0.9398636845831868,0.952904481298952,0.9398636845831869,0.9082470012068006,0.7683410254227847,0.7511109282724242,0.9398636845831869,0.6508273890719766,0.9270843653068206,0.6415068193957658,0.6864005336888195,0.9398636845831869,0.8173046131596363,0.9010728262563201,0.7355790938749496,0.7387560415746357,0.6508273890719771,0.8465661570497103,0.9439253608596803,0.758570941419999,0.9398636845831869,0.7032936863187329,0.9188871236697296,0.8699710203937493,0.9237022647983724,0.9418654668890594,0.6438552469168985,0.9323345609629294,0.9398636845831869,0.8770114237684188,0.7687161165969225,0.9398636845831869,0.9097196291136669,0.974899701752025,0.9030850419025611,0.6744341261967572,0.765850872688635,0.9398636845831869,0.7387560415746357,0.8294570440795395,0.9482479709168004,0.5944558970747127,0.6744341261967572,0.8901096639134576,0.8914519915852104,0.7720470354328448,0.3931922978743946,0.8795907732894912,0.8655788710295136,0.9237321696604077,0.8256966614396688,0.8506017962266708,0.5350300909315778,0.9237321696604077,0.36712679555941397,0.6016778394495661,0.9398636845831869,0.9505286850464205,0.7857731666828318,0.8032322633242259,0.9288025889967637,0.6278543809695178,0.9360123464869743,0.7615035842777337,0.9418654668890594,0.9360123464869743,0.9288025889967637,0.551198577841,0.9305518148343681,0.7647385417123205,0.8861224347761871,0.9505286850464205,0.8181251992022522,0.952904481298952,0.9305518148343681,0.9237321696604077,0.9666922352563603,0.7867289736246925,0.952904481298952,0.9683404731571928,0.9010728262563201,0.7861543276554555,0.9204798499326443,0.9270843653068206,0.781895764891759,0.9439253608596803,0.9039073680321512,0.8808870709207712,0.8284549267652426,0.7172515874023354,0.9786384251155433,0.9288025889967637,0.9112065483416405,0.881251530500285,0.7307421260799791,0.841604727972624,0.9094219082255504,0.8540612341230163,0.7895163848470537,0.9082470012068007,0.9220943680125893,0.9237321696604077,0.6703056909658265,0.9288025889967637,0.9114218901520919,0.9220943680125893,0.695343446426582,0.708673574895577,0.8752885460677958,0.8971972162838036,0.9361771952086207,0.6837002148089262,0.8808870709207712,0.9505286850464207,0.9023605438588362,0.871899210769451,0.6624356284800403,0.9010728262563199,0.49229010471469425,0.9341536654578786,0.9460501530640815,0.9505286850464207,0.9112065483416407,0.8807676887206697,0.8968972890562259,0.4027154318560282,0.9379142777971528,0.7908102298540949,0.8901096639134574,0.9341536654578784,0.9261900692066418,0.9398636845831869,0.33800529464407636,0.9398636845831869,0.9398636845831869,0.7854118438304145,0.9237321696604077,0.903907368032151,0.9398636845831869,0.774372002269606,0.8078930505800508,0.899671335771003,0.8829174544013934,0.8173046131596363,0.7393132857304606,0.95331222816136,0.8848055194072817,0.8104681290730043,0.9323345609629297,0.8655788710295136,0.9482479709168004,0.9024846512059139,0.7371722228575072,0.8294570440795392,0.6434808380384076,0.9323345609629294,0.9360123464869743,0.7207928029521979,0.9482479709168004,0.48491304750660646,0.3931922978743946,0.8821881173643271,0.9270843653068206,0.7693380158820632,0.9696315366465988,0.8206574710503429,0.2113744072576178,0.8887741875977793,0.9237321696604077,0.90534156988644,0.9439253608596803,0.9270843653068208,0.5916489462086054,0.7008937474146504,0.8307074284906393,0.8875382141796819,0.9460501530640815,0.8307074284906395,0.9341536654578784,0.7274677223834172,0.7928177595051724,0.9379142777971528,0.7355790938749496,0.9127085925971725,0.6717386274418826,0.6902585373375003,0.818125199202252,0.8848055194072817,0.6940552489589509,0.9270843653068206,0.8901096639134576,0.9787543252495641,0.9398636845831869,0.36712679555941397,0.9010728262563199,0.9398636845831869,0.8356963633835397,0.9270843653068204,0.9360123464869743,0.3074964341693275,0.7196810916449259,0.9385697293810191,0.7687161165969227,0.952904481298952,0.708673574895577,0.9288025889967637,0.8419122260561438,0.9360123464869743,0.9323345609629294,0.8642917692688632,0.8057939603726956,0.9220943680125893,0.9927421629099298,0.8580669034773325,0.6824788329990682,0.8381847602503403,0.6775839322131377,0.8000885584109014,0.8654876821106993,0.9112065483416407,0.952904481298952,0.9253948970823005,0.9418654668890594,0.6781497209498777,0.9181353909773777,0.8731720022848473,0.9379142777971528,0.7051000760969124,0.6217909689108265,0.9553906988562064,0.9441528874718967,0.9439253608596803,0.9470371182540278,0.6524058849824348,0.9204798499326443,0.8834941755373982,0.6434808380384076,0.9253948970823007,0.8795907732894913,0.9288025889967637,0.9379142777971528,0.36712679555941397,0.9553906988562064,0.9398636845831869,0.9039073680321512,0.8406702723280852,0.9583905879012907,0.6712538305515549,0.9398636845831868,0.8618150114025946,0.9326560622089399,0.8887741875977793,0.9082470012068007,0.7443337016053608,0.7861543276554556,0.8593147823261376,0.986277710542903,0.955855656546232,0.8887741875977793,0.8231810246346638,0.8204122059626309,0.33800529464407636,0.3819373060506095,0.9157617220296759,0.9439253608596803,0.9364881737530408,0.9700351664034111,0.9142266602978066,0.5291413577349564,0.9553906988562064,0.9305518148343679,0.661770550573698,0.9964123220916106,0.8130313197766212,0.8084931896108436,0.9505286850464205,0.9398636845831869,0.9270843653068206,0.7258150432640189,0.7658508726886353,0.9379142777971525,0.9460501530640815,0.9341536654578784,0.9379142777971525,0.9379142777971525,0.9039073680321512,0.9398636845831869,0.9341536654578786,0.8901096639134575,0.9398636845831869,0.8074150985486044,0.9748913115405136,0.9505286850464205,0.3931922978743946,0.9482479709168004,0.9418654668890594,0.9379142777971528,0.7051000760969123,0.8319564473483687,0.9237321696604077,0.811751160996339,0.9398636845831869,0.8901096639134576,0.995812608116145,0.9220943680125893,0.7556094989401785,0.34409288532339843,0.9505286850464207,0.9418654668890594,0.9253948970823007,0.9898781502828838,0.7004492079819649,0.43810130282415105,0.8996713357710029,0.7426074665583988,0.9921724780907231,0.908850390172764,0.8277434539570456,0.9505286850464207,0.9173148291382112,0.3931922978743946,0.7309976147881514,0.8130313197766212,0.9398636845831869,0.9398636845831869,0.8144127823270745,0.9529044812989522,0.9107467712871915,0.4922901047146937,0.9288025889967637,0.7921483401510494,0.9360123464869743,0.7526181602736828,0.7450015194592323,0.9398636845831869,0.9398636845831869,0.898279654991218,0.6438552469168985,0.7485658933216635,0.9600596534987829,0.8168555449761876,0.9465611570777506,0.6243512468113595,0.7629594400487258,0.9204798499326441,0.7785524145786096,0.9398636845831869,0.8821881173643271,0.36712679555941397,0.9553906988562066,0.9218833442529991,0.305152894515638,0.8000885584109012,0.9398636845831869,0.9398636845831869,0.732364220508801,0.8339417653831183,0.7418964150039304,0.500542312556203,0.9011784989275505,0.8808870709207712,0.9142266602978071,0.5326048039105991,0.8040064111587777,0.9661004124637116,0.9398636845831868,0.8057939603726956,0.7840502275826162,0.41671685112023005,0.9505286850464205,0.8655788710295136,0.822115454242048,0.9289045525716982,0.8717980029839987,0.9418654668890594,0.8699710203937492,0.9398636845831869,0.7948115130896285,0.9777237664759431,0.8808870709207712,0.8390035272672385,0.85623696985925,0.9305518148343681,0.8874452201355858,0.5885689885519511,0.9482479709168006,0.844395100611673,0.8369409776400187,0.9341536654578784,0.952904481298952,0.9082470012068005,0.9188871236697296,0.7785524145786096,0.9460501530640812,0.9379142777971528,0.8311453011838069,0.9157617220296757,0.6953434464265824,0.9067878891240293,0.9553906988562064,0.7689771223906579,0.9553906988562064,0.9553906988562064,0.7485658933216646,0.90534156988644,0.8770114237684188,0.9398636845831869,0.952904481298952,0.5482400894009506,0.9270843653068206,0.6415068193957658,0.9323345609629299,0.937914277797153,0.9157617220296757,0.8744481603927647,0.9418654668890596,0.9927421629099298,0.9024846512059139,0.7908102298540949,0.7644084932766946,0.9398636845831869,0.7861543276554556,0.9398636845831869,0.7511109282724242,0.9529044812989522,0.9204798499326443,0.922094368012589,0.6092531421879235,0.9398636845831869,0.7687161165969227,0.6902585373375002,0.9220943680125893,0.7701392303399353,0.7948115130896287,0.7785524145786098,0.36712679555941397,0.7894676309479194,0.8971972162838038,0.7701392303399353,0.7693246760294277,0.7549722614362547,0.6165818613889766,0.895461031663029,0.938569729381019,0.9398636845831869,0.6675063398789369,0.9173148291382112,0.8091821252214859,0.8848055194072815,0.6824788329990683,0.9398636845831869,0.9379142777971525,0.8130313197766215,0.9171916237032924,0.516816823942856,0.7355790938749496,0.7068932914268726,0.9398636845831869,0.7495957960173825,0.8609116197657418,0.657892390213928,0.9398636845831869,0.810468129073004,0.9323345609629294,0.305152894515638,0.9237321696604077,0.9379142777971528,0.9484294396006385,0.9188871236697297,0.41498102272666015,0.9157617220296759,0.8914519915852102,0.9237321696604077,0.6784909130178332,0.9398636845831869,0.9142266602978069,0.9398636845831869,0.9505286850464207,0.9182149315021249,0.8630676692554227,0.9553906988562066,0.9127085925971725,0.9650402344639282,0.8874452201355858,0.6578923902139272,0.9398636845831869,0.8013981440784052,0.7881204379608018,0.5973429273858673,0.9112065483416407,0.8996713357710029,0.9460501530640815,0.9112065483416407,0.9097196291136669,0.9010728262563199,0.873172002284847,0.7068932914268726,0.9010728262563199,0.9082470012068007,0.3671267955594164,0.8054620272717139,0.9010728262563199,0.9553906988562066,0.9188871236697296,0.9418654668890594,0.8054620272717139,0.45766295605159957,0.9097196291136669,0.9220943680125895,0.7861543276554557,0.6953434464265823,0.9237321696604077,0.8982796549912178,0.9173148291382112,0.9379142777971528,0.9270843653068206,0.7771645669150562,0.22403178163465898,0.8834941755373982,0.8027040615618268,0.8955237705353787,0.8914519915852106,0.6966050392046277,0.9418654668890594,0.3931922978743946,0.8834941755373982,0.9374143102563934,0.6278543809695182,0.8359993622116431,0.9865131178127509,0.3671267955594141,0.33800529464407636,0.8506017962266712,0.9127085925971725,0.8538607205984121,0.9024846512059139,0.6434808380384079,0.8256966614396686,0.5601407473810646,0.9097196291136669,0.43810130282415105,0.8066008061629641,0.8257270167791617,0.3455266604467623,0.9150128085700577,0.8219202876790677,0.9482479709168006,0.903907368032151,0.8530868722164204,0.9188871236697294,0.9341536654578784,0.6358311597413266,0.7932750817633222,0.8481185950649368,0.7156700651552219,0.0,0.8155834129546942,0.5126104802471676,0.8618150114025946,0.9361771952086213,0.9439253608596803,0.41671685112023005,0.8655788710295136,0.9142266602978062,0.9439253608596803,0.8795907732894912,0.8381847602503403,0.9809985332500877,0.9894969760647812,0.47565672815715065,0.801398144078405,0.9220943680125893,0.8152256364618553,0.9439253608596803,0.8332042054706015,0.5820063206829293,0.33800529464407636,0.873172002284847,0.5920910820618964,0.9418654668890594,0.9529044812989522,0.8655012524214223,0.9505286850464207,0.9414009265844593,0.33800529464407636
p356_GAP,0.59113165018376,0.8466128025641386,0.6681914410253771,0.9513891747604617,0.8743499943821069,0.8844523283713124,0.6175746775320349,0.6126599733578737,0.8660566057052219,0.8780124908814328,0.919307950443218,0.8391846440543804,0.8684479111340948,0.7623400254281054,0.8954636083005567,0.999710196903334,0.8294438503508299,0.7899002280072163,0.8718586682882641,0.8780124908814331,0.8167466059629394,0.8619374186614901,0.826894450164378,0.8804734569104511,0.9063883988086399,0.7899002280072158,0.8294438503508299,0.9221094252661386,0.8780124908814331,0.6168126939732208,0.7915658006826474,0.893511004325708,0.8247319789820509,0.7713616382369326,0.8743499943821069,0.9078950156090664,0.8494190724813766,0.8247319789820515,0.8844523283713124,0.8086736186750436,0.7782372576129206,0.8884216923572603,0.9169688590165609,0.8828101632512709,0.9682881335133366,0.6017626025820761,0.9189418419895967,0.7647673775580166,0.8772115323314946,0.9330781049279402,0.9600163959638035,0.8045309456061205,0.8131121854603571,0.7294108938761963,0.9041758950509351,0.9617988407308564,0.894301062876302,0.6739104850582693,0.8508272331688633,0.8342582334437214,0.9119713544671553,0.926392635917986,0.8131121854603585,0.8650025858991179,0.8659511288161978,0.8346819826558678,0.973478212398101,0.8723624524648146,0.6946477995201974,0.9799677102506716,0.9452812601350509,0.991441388425579,0.8847222613194274,0.8427885104763269,0.6739104850582693,0.9411848945036922,0.8840397107267988,0.9452390848153489,0.8838498589161357,0.9638838534161631,0.9510363776961273,0.8702349169870329,0.8108100140418776,0.8363241429134989,0.6739104850582693,0.8676240299021565,0.9602465719103122,0.9595859017342736,0.8927629917355124,0.6926030826701949,0.6739104850582693,0.8834118554462096,0.8187062822775586,0.8956026988135586,0.7670949108292149,0.8156798715036999,0.8906003076078177,0.8490796941432524,0.9509826700554507,0.8938689483113422,0.9392995814460048,0.9831290436676912,0.9044659624194151,0.9339177168881666,0.8130811862681735,0.8718586682882636,0.8437696731292528,0.9200107031535769,0.9690720513748802,0.8777476884176103,0.8334950496006719,0.8412237117441652,0.951058789497671,0.8343700741665905,0.8547546403115025,0.9275845812822392,0.9261083594815762,0.8718586682882636,0.9169688590165609,0.980136366765991,0.7483233619898518,0.7764652114384087,0.8814804888453438,0.9424851881258676,0.9291719727260646,0.9758386633516412,0.8804734569104511,0.8179575001464332,0.9855009794529512,0.8873311952071031,0.9719209144581371,0.9510354428286436,0.86025830850666,0.9964003840614116,0.9682881335133369,0.9547867626673436,0.9832787054724902,0.9734782123981014,0.9267637001447553,0.7099949359840811,0.8707537423267789,0.8780124908814326,0.8480056407374132,0.9822066527160027,0.8167466059629396,0.8389251350121325,0.8953614310063649,0.8455739566832532,0.9171747266991531,0.9712833901165049,0.9710422174615739,0.924334928277948,0.8287128194633948,0.7921605309290698,0.9932690917828515,0.8315195898938614,0.8830829903851176,0.8723652404780666,0.9958586920040942,0.9357603135724033,0.9510587894976708,0.9847773554932616,0.8702349169870334,0.7465845873428995,0.890064265426534,0.8824756355091701,0.9216321243127388,0.7955903232701602,0.9419553236798637,0.9270983601565033,0.9513891747604617,0.9855009794529512,0.8268032850217484,0.7695858794394661,0.7498517775817652,0.9574863565447539,0.9439313629298689,0.7083433648856712,0.918808181914581,0.9623602751778375,0.966201755648272,0.9510241746361656,0.9932026406994406,0.897445952228192,0.7853491506544024,0.9813201002739631,0.9228390892020963,0.997658595516081,0.6499153369587587,0.9147022959082679,0.9766791179975329,0.7940039242706232,0.8133161005446465,0.9510174447218855,0.8333939742474499,0.6739104850582693,0.8804734569104509,0.9197107641760085,0.7807171422588426,0.8077057448808027,0.8834118554462096,0.897445952228192,0.6739104850582693,0.8789683742710936,0.9121678621410807,0.9157488137956811,0.6739104850582693,0.8354503046407298,0.9362017335636439,0.925109089450614,0.9244642676996757,0.9790199427295077,0.9562377123732371,0.6739104850582693,0.7157828329986395,0.6739104850582693,0.8166726404952289,0.9152863347466311,0.8755333220807755,0.6739104850582693,0.8179575001464332,0.6739104850582693,0.8870198936267164,0.8437696731292526,0.8428418457522013,0.8640709933355832,0.9189418419895967,0.9960185998297344,0.7099949359840809,0.8757834749046431,0.8365351316003191,0.978899500696247,0.8591828742504087,0.9854920236310984,0.9402255165790534,0.8226422322705698,0.7921115033091005,0.8613752180716112,0.941388282554626,0.8577719241284207,0.8381644717696148,0.9405192768808353,0.8244276239366066,0.7954474667163693,0.6739104850582693,0.9611207091303356,0.6739104850582693,0.8245854329019269,0.9461535522835213,0.8737201249409577,0.8452770961779121,0.9393812307409579,0.8804734569104509,0.9917919768796184,0.9312963087719359,0.8714037788462063,0.919307950443218,0.962629931002449,0.8868482411505496,0.9221087144404603,0.7868883533204893,0.9390854472630175,0.6633398155904807,0.9958240227045544,0.8509226866716568,0.8844523283713124,0.970568015292971,0.984079786358195,0.7575934530445267,0.7829300741136094,0.951076426889804,0.8072147333028624,0.7390490572742953,0.8810365266234013,0.9393812307409578,0.8718586682882636,0.9313976919095175,0.7947407932538868,0.9857106085223284,0.9847276571162555,0.8718586682882636,0.9391415159659562,0.8642345392756869,0.9696197651756335,0.8948582718388609,0.8883727916496762,0.951035442828644,0.9247054390981058,0.9312690022001189,0.8342582334437214,0.9510354428286436,0.951035442828644,0.8242442416945354,0.9799677102506716,0.798244171974263,0.8205738375912712,0.8244276239366068,0.8976552069425902,0.9439313629298691,0.9044659624194151,0.9229034747691283,0.9197107641760085,0.9600163959638035,0.9407201597605479,0.9637729491088354,0.9831290436676912,0.8315195898938612,0.8202709413135656,0.9605543296601184,0.8903886424065688,0.9730491931099828,0.7570771721799696,0.8167732671350558,0.9481149771992958,0.9417450140868492,0.991221459624178,0.9550278837557489,0.9534851367099297,0.8726726124585857,0.9362017335636437,0.9090614984865615,0.9831290436676912,0.6739104850582693,0.8602583085066597,0.967877661750443,0.8595361003666411,0.8718586682882636,0.8921553863451188,0.9852357534673346,0.6739104850582693,0.8565725788820475,0.9119232477869204,0.9638838534161633,0.9914594451225944,0.9237588866311102,0.9182530751505795,0.8404674291219101,0.8943142740547882,0.75703518056082,0.8694404115216965,0.985503532841039,0.8003595459766975,0.9189418419895969,0.7916238330812637,0.7641574038045502,0.8466128025641386,0.9726132873597864,0.9964003840614115,0.9948442096705801,0.832148222769924,0.9393812307409579,0.9127504202483341,0.6633398155904807,0.9867747375584144,0.9683148614312005,0.990282858931741,0.9485201738329938,0.735151878542009,0.6739104850582693,0.9196379599886737,0.8919565127459304,0.8983089509563249,0.9878337585781132,0.991221459624178,0.9547867626673436,0.6739104850582693,0.6739104850582693,0.9857126403556039,0.9018397078130282,0.9559757359958665,0.6739104850582693,0.9912214596241777,0.9044659624194151,0.9435835200548961,0.8387402482984418,0.9898670273026904,0.9646978984940315,0.9150879675168215,0.9381442798450035,0.7552973770880533,0.8961704888521062,0.6739104850582693,0.839130169706364,0.8626587406306856,0.9998048475774919,0.9659982400130519,0.9576404016605491,0.92296834565744,0.9510354428286436,0.997842663142753,0.6739104850582693,0.7032389237213907,0.8154964952893824,0.8984923774737035,0.8012561674442811,0.9021458520860284,0.859088664892719,0.8789504041754541,0.6739104850582693,0.893793946226142,0.8943319186808321,0.6739104850582693,0.7019401251896303,0.7600887535114684,0.7631082072809785,0.7497528461888634,0.9537491286312374,0.6739104850582693,0.9952374113451119,0.857181841184518,0.9612678105847425,0.9764555864840361,0.9735702067551146,0.8994118328235522,0.903893695124371,0.8343514086378738,0.8547546403115025,0.9156263656687095,0.9572606995567707,0.8513389625345107,0.9012047774504641,0.9323837966829683,0.8128551659371803,0.7086598148031031,0.86025830850666,0.8827480578197822,0.6739104850582693,0.9439313629298691,0.927203606045427,0.8207137693115729,0.9769675120682583,0.9339581025244248,0.6815107590733192,0.7597546427811122,0.9332002365151029,0.6530265821625567,0.9971013535596109,0.9750701654313522,0.9413990456560278,0.8461828256909181,0.8839481567591254,0.9799677102506719,0.9452800433627777,0.8578332487188298,0.9149005266835486,0.9246724996449087,0.8975013748373122,0.9856488589714832,0.9912214596241777,0.9584177985959568,0.9193554157059868,0.8848123136390483,0.5924005208986952,0.9381442798450035,0.9323768471908325,0.9189418419895967,0.9334591969915782,0.9614667575284866,0.7762647458277669,0.9662712333141255,0.9170617828708365,0.8473118402076036,0.7915658006826478,0.8342078612106522,0.8968424294621886,0.9790199427295077,0.948405296589159,0.9958256593335129,0.8788062757215653,0.97239463579739,0.9617015294405553,0.7331043271732361,0.7312360245421297,0.9510363776961274,0.9483212873007003,0.9617015294405558,0.9165942812048375,0.9327287231473771,0.8868482411505496,0.913254158901083,0.9727117257889852,0.9477638490194611,0.7879361009560907,0.8718586682882639,0.8157207026700195,0.8668564389522992,0.9696197651756335,0.8599047310705338,0.9405192768808353,0.9682881335133369,0.8072147333028628,0.8718586682882636,0.8778054506502011,0.7453175825307348,0.8097914338654848,0.8391846440543806,0.8974459522281919,0.7968779193640654,0.8621138512754811,0.6429478736316426,0.9521576835782315,0.6739104850582693,0.8659511288161978,0.6739104850582693,0.6739104850582693,0.9732274831960088,0.8064378642836338,0.8929348073029164,0.6739104850582693,0.8245854329019271,0.9519316210586548,0.6912566716190434,0.9435273210189234,0.8234736234472657,0.9793604875521997,0.8660566057052224,0.8013670436120892,0.9847062848785693,0.9331688293688571,0.8337538347532107,0.823042962105495,0.8475890751228303,0.8797382948569807,0.986238539349306,0.8562455381583125,0.7686298320674285,0.8627424103544841,0.8955685121011754,0.9005073409360096,0.8513423239588727,0.8547546403115025,0.9920251176495871,0.9348442848491411,0.9935833561100021,0.9491170120150412,0.8703043045118739,0.872535533373094,0.8574067820488562,0.9980060367553065,0.6097095060455283,0.9847773554932616,0.7062237012986021,0.9736366101976741,0.9335736414614834,0.9327468836914874,0.8921586412113167,0.7739620374838144,0.9958586920040942,0.8928675833241561,0.8143371176832088,0.7433999084947602,0.9852357534673345,0.9226806102022684,0.9924720215011427,0.9241680908937377,0.7703607592088915,0.9730383661933073,0.9611207091303356,0.7884113775953749,0.9127419927838323,0.9171463857141657,0.8576147243432405,0.6739104850582693,0.86025830850666,0.9022925303876546,0.8847222613194277,0.8926976381415355,0.9602465719103122,0.8239316436271313,0.9050418150758182,0.9533142243280928,0.9531049385044282,0.9360077253802204,0.8780124908814328,0.9635238446419383,0.9971013535596107,0.9086877192223954,0.6530265821625567,0.9331688293688571,0.7749118675741449,0.9165942812048378,0.9182530751505797,0.9347976611503023,0.8846868320973889,0.8913202173861492,0.9887766735293648,0.9247054390981058,0.9524602162365333,0.74802520728552,0.9497152494146884,0.9157488137956813,0.9562042187352318,0.9332002365151029,0.8470287320230061,0.9856280690302484,0.9286806867417118,0.6926030826701949,0.8550269631929824,0.7455091701462655,0.9964003840614116,0.9212647168046387,0.9510354428286438,0.8475890751228303,0.9815601099015916,0.9120206826638078,0.8614314255426111,0.7915658006826465,0.9192562314482885,0.8467116883987358,0.8415145473268244,0.8681826851484777,0.8935110043257077,0.9964003840614115,0.6739104850582693,0.9131970021472473,0.9248108092797744,0.9379840996863144,0.8573104890398129,0.6739104850582693,0.9267894627991826,0.9279475892266873,0.8392185912427563,0.8175507538333263,0.8302735035974163,0.9496335214218503,0.870443262224561,0.9967954023931468,0.9330203879558061,0.8879585466657486,0.9249452715025557,0.9281686088669656,0.9005073409360098,0.8081239962321944,0.8943010628763017,0.9831290436676912,0.9362017335636437,0.8844523283713119,0.9108501363691779,0.9766791179975329,0.8844523283713124,0.9413990456560278,0.9617988407308564,0.9044659624194151,0.8245630457076485,0.8202318727585662,0.9119232477869206,0.9646978984940315,0.8873397057226611,0.7667942694914709,0.9941349958860038,0.6633398155904807,0.9600163959638037,0.6707167302641438,0.6633398155904807,0.6926030826701949,0.7018212958104666,0.6739104850582693,0.996056990145838,0.8443792983848688,0.6739104850582693,0.8942439960688064,0.8414738364545011,0.9839959424285257,0.8547546403115025,0.8921553863451187,0.8710914676569537,0.6926030826701949,0.8550269631929823,0.9085147698111222,0.9286604261342954,0.9100602976375618,0.6739104850582693,0.8804580294217093,0.9526837546542146,0.9857106085223284,0.9975708682790551,0.8668824247185156,0.9439313629298689,0.9115278413395254,0.9939799613381762,0.9754166382812555,0.8694404115216972,0.9345819304567236,0.8481162904894906,0.9509850463065406,0.8419156869552442,0.975501500895569,0.919307950443218,0.9799677102506716,0.9685954172067621,0.8868482411505496,0.9544443672622369,0.9757502529451519,0.6739104850582693,0.9345819304567233,0.8276638984121021,0.9157488137956811,0.8838210327470744,0.8849815636158329,0.8991741089518654,0.8879766149820503,0.6815107590733192,0.8763937271688365,0.8955685121011752,0.6739104850582693,0.6739104850582693,0.797730858819168,0.9255386278264266,0.8968760326312217,0.914048072444916,0.8994099576456627,0.8419784952075375,0.7416602175433995,0.9323994457325573,0.9120206826638078,0.8864321993867328,0.6739104850582693,0.7107916837691284,0.86025830850666,0.8844523283713124,0.8321670764826121,0.8718586682882636,0.8582346568011594,0.6739104850582693,0.6739104850582693,0.9439542705790942,0.9646978984940315,0.9131127462276041,0.8873397057226611,0.847073574526185,0.8650025858991179,0.7344258382447716,0.8920544948995284,0.9390981373952711,0.7524168696318059,0.6739104850582693,0.877379376487226,0.929367151215972,0.9115278413395254,0.9479595951077231,0.8980570549655245,0.972955298695674,0.93492097183417,0.9477638490194609,0.8804734569104509,0.8697506982126222,0.6739104850582693,0.9764566405362698,0.9076939394608088,0.8476495202418781,0.8512173129729856,0.9871433577188292,0.9413990456560277,0.8947182580608023,0.8630425658530374,0.8575991742253071,0.7602237485096479,0.969606020893081,0.8095610134266515,0.9710422174615743,0.9645889810918246,0.7226486654768178,0.9521506294618929,0.893511004325708,0.6926030826701949,0.7876311339983046,0.9482041221297376,0.946153552283521,0.9302383075948588,0.9964003840614116,0.9461535522835213,0.9566846215389861,0.9964003840614117,0.9501272544706376,0.8147018156280894,0.9193059852428689,0.7642583891701951,0.9333058945473262,0.9381442798450035,0.8840397107267988,0.9575865084163611,0.8518411915787527,0.9855009794529512,0.9707033814145891,0.8222003311250103,0.8494190724813768,0.8842756093709558,0.7917817388492998,0.9565140302239649,0.8811786851049563,0.6739104850582693,0.8503010224583891,0.7642583891701946,0.8935842249548953,0.8780124908814328,0.9935833561100021,0.7982076797417135,0.915065985046499,0.6739104850582693,0.8682303254594554,0.7572982761874345,0.9857106085223287,0.9271105554663726,0.9497230145242812,0.9258632574318288,0.86025830850666,0.8944585865073991,0.7267966084579909,0.8879231064020019,0.9941349958860037,0.9246724996449085,0.9736534652269415,0.9964003840614116,0.9491170120150412,0.8442340263447985,0.898397696351216,0.8943287554803361,0.9835439374702561,0.7836166363322834,0.799518884423593,0.9948138665313397,0.6633398155904807,0.9894945445121976,0.8058941796279264,0.9277757768681403,0.832246977611989,0.876869080846327,0.6739104850582693,0.975479492200012,0.8139568588573518,0.8883727916496764,0.6739104850582693,0.8511136165746118,0.9873872545622597,0.8718586682882636,0.7575488395433686,0.6633398155904807,0.9730383661933075,0.9291719727260646,0.95849628826399,0.894301062876302,0.9223993303272993,0.900227987274776,0.7155642811913177,0.6739104850582693,0.9773608911290623,0.6739104850582693,0.8718586682882636,0.9570562442277469,0.8361333292302162,0.8844523283713124,0.8763826688608697,0.9276911908898582,0.7806085439714239,0.8463618695758195,0.6739104850582693,0.9480118969637621,0.9419369983326313,0.9249452715025556,0.9928350743984661,0.9461535522835215,0.9600163959638037,0.8850355119390225,0.8512593163012303,0.48338372837933297,0.7881056395078394,0.8379423050680406,0.48338372837933297,0.9934000968343186,0.926763700144756,0.8244276239366068,0.48338372837933297,0.8844523283713124,0.9059600152729235,0.8710914676569538,0.856402565602072,0.8391846440543806,0.8512593163012303,0.8462258379052603,0.8006347729766587,0.8577719241284201,0.9002279872747758,0.7753346814478421,0.9457494459879452,0.9269744452935229,0.9381442798450035,0.4481140458352686,0.7623400254281056,0.8039073744717824,0.7321730212720992,0.7569170487016049,0.7373429782980203,0.8772115323314944,0.8804734569104509,0.8547546403115025,0.8919761113100997,0.8592292650132212,0.9108501363691779,0.9561283541110531,0.7647673775580166,0.86025830850666,0.8659511288161978,0.35657025211856563,0.7738965054378295,0.7967278271968334,0.9878337585781132,0.9640451006177564,0.393419496408543,0.8565725788820477,0.8087068821575032,0.8442340263447985,0.7709236158806076,0.6721974333582341,0.7713666335050791,0.7123232836907312,0.6219100193280775,0.9612678105847426,0.9334591969915782,0.38681838515908984,0.8131121854603571,0.8572127069833313,0.8394691602568243,0.9961728888429656,0.34169154168414684,0.6518635399752872,0.8155834129546942,0.0,0.8391846440543806,0.6420711986722443,0.32329092938185267,0.8547546403115025,0.8494190724813766,0.6678962086013609,0.7778286268494081,0.8547546403115025,0.808714925251393,0.7265469515213456,0.32053778983544023,0.8342582334437216,0.8342582334437219,0.7283254929109462,0.9662712333141257,0.7016215525533627,0.8547546403115025,0.7116714622766755,0.7982076797417141,0.8659511288161978,0.8214248952431864,0.8648227020507129,0.8804734569104509,0.9157488137956811,0.8244276239366068,0.9439313629298691,0.4977156175728812,0.8659511288161978
p356_N,0.8706654933237754,0.995589441680881,0.6907398102034052,0.9644994759182186,0.9248100053233802,0.9610996995613954,0.8940560581585955,0.9079080545724247,0.9006962362816693,0.9589316626844853,0.8972431496161437,0.9301236418134131,0.8681153990258522,0.501379002669526,0.9077040005624184,0.9155630897147411,0.9397362273534058,0.8248039983350149,0.5849785466746846,0.8811434002398049,0.9181361257449083,0.9902428565647541,0.9111150293377236,0.9493053971730234,0.9877220281917203,0.9292677720165115,0.46900327759475957,0.960291949762603,0.9611058687776598,0.8761127785959545,0.9682551375725408,0.8356601904040852,0.9409942357230057,0.9162050927129204,0.9886251033694343,0.9568599156354454,0.9493053971730234,0.36967960042928516,0.9610996995613952,0.44277162858479313,0.9329016612088761,0.9306566646589698,0.9547434413197935,0.9100921482984172,0.9985778460732367,0.7446961858331158,0.9511016704226434,0.9343080653650264,0.9278966962971924,0.9935349994593583,0.9529545363721539,0.7402886760834977,0.9292677720165115,0.9394396415413291,0.9409942357230057,0.9781067403340057,0.9265423524364669,0.9475597985845114,0.8825936825451485,0.9442013463068035,0.9415490144516765,0.9112422000431177,0.9292677720165117,0.896130882831621,0.9548710823073729,0.931678937032141,0.9529545363721539,0.9116080119434857,0.8817105825036557,0.8904195718012652,0.5977021327180256,0.9763068251524243,0.9475597985845114,0.9060430669225665,0.9475597985845114,0.9168460830759904,0.9364159486136479,0.9379142777971528,0.9021482626615813,0.7864297230821704,0.9379142777971528,0.9829392900173883,0.6129631577428748,0.9292677720165115,0.9475597985845114,0.5331381682362606,0.9364159486136476,0.8812784060133265,0.9260446381122047,0.9458598726114653,0.9475597985845114,0.6556592334992677,0.8035264233964157,0.8501911138182778,0.9701956444682691,0.9343080653650265,0.6633752259897863,0.9181361257449083,0.8982530448667543,0.8969538931148955,0.9742178060512305,0.9511016704226432,0.47810431900100003,0.9037142728512921,0.8981789948276746,0.9568599156354451,0.5905047898497258,0.8733357033027649,0.9594986384506099,0.851799668828326,0.7069779580917475,0.9693318146530956,0.8390432115466103,0.9460879419108781,0.9511016704226434,0.8675756309664975,0.995589441680881,0.9568599156354451,0.9610996995613952,0.9445210810238398,0.9100921482984174,0.6440344557913555,0.5372639715892494,0.9682551375725403,0.9231752901944041,0.829895318207438,0.9493053971730234,0.8873793646220564,0.992131884600974,0.9125111785873636,0.9325806930704288,0.9511016704226432,0.9765837058865925,0.9610996995613952,0.9425805352069325,0.8370147688196934,0.9736988845472498,0.8356601904040853,0.9529545363721539,0.9442013463068033,0.8974867024478195,0.9589316626844853,0.9034463879155852,0.750405182431614,0.6707851023951372,0.9476386094693983,0.9247045701871657,0.9243307498488826,0.9278966962971924,0.8328700630085668,0.9589316626844853,0.9800894053211886,0.7867657195337694,0.9436711479582611,0.9529545363721539,0.9763068251524245,0.8916319670140291,0.6363698616957186,0.9431430844460658,0.745665791443795,0.8390432115466104,0.9511016704226434,0.9153112504466759,0.85103298326874,0.893874003041377,0.6243593074986196,0.8873793646220565,0.9329016612088761,0.923879955825063,0.9869718167572021,0.9464802705130724,0.9921318846009739,0.9265423524364671,0.8135544871276539,0.9090603183133985,0.798986829081767,0.9667798280829099,0.9298843125247958,0.9522319435190598,0.7425110146734253,0.9088944096710687,0.9194335589833613,0.9781067403340057,0.9458598726114651,0.8545503661181636,0.7311663593169,0.9445210810238398,0.8984043359066811,0.9394396415413291,0.9434749274016658,0.9442013463068035,0.9006962362816695,0.789540286743426,0.8652846490024411,0.9030086235821644,0.9475597985845114,0.9493053971730234,0.4522249813909742,0.8972654241994793,0.9973078663693599,0.8882932693469461,0.9458598726114651,0.9475597985845114,0.9586655795685093,0.8652846490024411,0.9589316626844853,0.9475597985845114,0.8565847204007374,0.9125111785873636,0.9168460830759904,0.8826297756089203,0.9400706025742576,0.992131884600974,0.9475597985845114,0.8512827582389367,0.9475597985845114,0.9447808998670315,0.8192700281532358,0.7673475485004906,0.9475597985845114,0.8567235831170404,0.9475597985845114,0.9224277772115929,0.9041731885624826,0.5403761469326235,0.9042833811001099,0.9511016704226432,0.8459097615913485,0.9442013463068031,0.7039254146249525,0.9364159486136481,0.9428298129397868,0.9229135368852242,0.9162050927129204,0.9529545363721539,0.8961308828316206,0.9220520382689481,0.8747757220117481,0.9611199907943124,0.9125111785873636,0.9125111785873636,0.9425805352069323,0.6779115676755019,0.9442013463068035,0.9475597985845114,0.9371605937136991,0.9475597985845114,0.8358717483656384,0.7135588372114252,0.9529545363721539,0.9252037445446055,0.8459097615913486,0.9493053971730234,0.9935398813830465,0.9877220281917203,0.7222814458461465,0.9521906738117116,0.9180351461270722,0.9511016704226434,0.7185686180327177,0.8993926091805275,0.9269744452935229,0.9458598726114653,0.9548710823073732,0.8355714749746492,0.9610996995613952,0.9711093465704743,0.9138470334856059,0.980662425002937,0.8664736771305537,0.7099439102217378,0.9529545363721539,0.9322991868414798,0.9283926727141698,0.8529401804129993,0.9568599156354451,0.9086412790459668,0.9524187417251315,0.9320645602494204,0.6537177753267682,0.9568599156354451,0.9661395621050932,0.8638660144347723,0.9548710823073729,0.9680148528725812,0.9464802705130723,0.36884172915277325,0.9591402541866407,0.8839068821711642,0.9442013463068035,0.9511016704226434,0.9511016704226432,0.8223189893741465,0.890419571801265,0.8746662285702409,0.8802619090433537,0.9155630897147411,0.8096561509890495,0.9568599156354454,0.8609949072773261,0.9278966962971922,0.633297083081641,0.6242749171803248,0.8786410921926187,0.9315076677030099,0.9128870094924402,0.9278966962971926,0.997716469954399,0.8836057875672563,0.9460879419108781,0.9479816677342621,0.7903427454253444,0.7749639526724741,0.8589669349625966,0.7157377932754609,0.9589316626844853,0.9765198713238088,0.9589316626844853,0.9162050927129204,0.9628454933455661,0.7769403538929012,0.9808926695348984,0.9475597985845114,0.9529545363721537,0.6867120377371949,0.9784534179462063,0.9568599156354451,0.9548710823073732,0.992131884600974,0.9475597985845114,0.9349426948340502,0.9568599156354454,0.9610996995613952,0.9077040005624184,0.8175818786954804,0.9320645602494204,0.9529545363721539,0.9138470334856059,0.8639922800834696,0.9067193050929399,0.9409942357230059,0.7573634207505044,0.9511016704226434,0.9591402541866405,0.8048420844615627,0.995589441680881,0.9077040005624184,0.9610996995613952,0.8401803396226917,0.912054261392198,0.8529401804129995,0.9985778460732367,0.9458598726114653,0.9493973299985365,0.98280557463282,0.8839068821711642,0.8852181373852497,0.7947545085542376,0.9475597985845114,0.9390414285108737,0.9149644520716047,0.9087945075432596,0.9574180966633072,0.9589316626844853,0.8696295404751326,0.9475597985845114,0.9475597985845114,0.9278966962971924,0.9765198713238088,0.7191285691073702,0.9475597985845114,0.9589316626844853,0.9475597985845114,0.9199893491338639,0.9301255045824546,0.8652846490024411,0.9475597985845114,0.6278879558104868,0.9021033275330331,0.773115268328988,0.8097302116802207,0.9475597985845114,0.9104952582326109,0.9602919497626031,0.851544938719984,0.8817105825036557,0.9885587804861201,0.8188364620658379,0.9808926695348984,0.8720021697125762,0.9475597985845114,0.8238509649345082,0.9784534179462063,0.8850018707449108,0.7484034190420026,0.9493053971730234,0.8320495610524626,0.9441180703023755,0.9475597985845114,0.9992385990138163,0.8812784060133264,0.9475597985845114,0.9663573664294256,0.8543844635816173,0.9243307498488829,0.7998525607949996,0.8786410921926187,0.9475597985845114,0.7995697492352155,0.8512827582389366,0.9548710823073729,0.7953965029329043,0.8277703030524182,0.9041731885624824,0.9053437280773233,0.6392047041184121,0.9511016704226434,0.9954779619578475,0.8827817928509321,0.9111150293377236,0.9077906697452558,0.966048032727588,0.7847678282011148,0.9852901633058908,0.9529545363721539,0.5788757686865419,0.9475597985845114,0.9568599156354454,0.7283640901211934,0.8347439839067272,0.9521906738117114,0.9808396689061132,0.9442013463068033,0.874666228570241,0.9493053971730234,0.9442013463068033,0.9379142777971528,0.47810431900100014,0.9394396415413291,0.9736988845472496,0.9765198713238088,0.890419571801265,0.8708107869705992,0.9589316626844853,0.995589441680881,0.9111150293377236,0.8497321859469595,0.686795695728608,0.9589316626844853,0.875993879495947,0.955724889671401,0.6907398102034052,0.9306566646589698,0.9364159486136481,0.9371605937136991,0.9511016704226434,0.9162050927129204,0.9696724395861311,0.9055162293830299,0.7118123313748043,0.9567860036593587,0.937914277797153,0.9682551375725406,0.7593994892724847,0.7925764380555544,0.7159415844560183,0.8808946086335749,0.9196337733730031,0.8871861256568154,0.9909903972974268,0.9829392900173883,0.9334927596276981,0.7964663786106797,0.937914277797153,0.8767155864943423,0.9320645602494204,0.9125111785873636,0.855876198138082,0.7088700293650658,0.8076791997491757,0.8727037613151145,0.618045457419666,0.9696724395861311,0.9568599156354454,0.9726005682749654,0.8882932693469461,0.6057856307438172,0.9183003694796048,0.46900327759475957,0.9985778460732367,0.9529545363721539,0.9568599156354451,0.9403748670927714,0.9612998273971508,0.950802817126357,0.9458598726114651,0.9458598726114651,0.8739594680062142,0.9792140372249502,0.9425805352069323,0.7822417468305098,0.9475597985845114,0.9548710823073732,0.9475597985845114,0.9475597985845114,0.8969538931148955,0.9334927596276981,0.9591402541866407,0.9475597985845114,0.858767513667724,0.8902084347076631,0.9125111785873636,0.8231676115193054,0.9104952582326109,0.8682941951628268,0.9765198713238088,0.8995478568587885,0.9216975403748093,0.9409942357230059,0.882781792850932,0.9548710823073732,0.9149644520716045,0.8255629024133947,0.9116080119434857,0.9225701399051964,0.9409942357230057,0.9350839192327516,0.8387320472374735,0.9719050365344922,0.7472148725870332,0.9511016704226434,0.9916066523038791,0.9364159486136476,0.6692972525892917,0.9334927596276981,0.9322991868414798,0.6278879558104868,0.9415490144516765,0.9334927596276981,0.9174557485535397,0.9808926695348984,0.9364159486136481,0.5900695253755868,0.9653389789590386,0.912886430027493,0.9506887194977827,0.9529545363721539,0.9128864300274933,0.9425805352069325,0.8992471954471696,0.9553959086381489,0.992131884600974,0.82416966001041,0.923879955825063,0.7022728639633585,0.8129359457645993,0.9296300847872865,0.8995478568587885,0.8161014651903722,0.9364159486136479,0.9041731885624824,0.9215248192629041,0.9475597985845114,0.9529545363721539,0.913733309388403,0.9475597985845114,0.8873793646220565,0.9902428565647541,0.9442013463068035,0.7055945350292876,0.8605726987085092,0.9111150293377236,0.8812784060133265,0.9589316626844853,0.855876198138082,0.9928618019927207,0.9245657747152314,0.9442013463068033,0.9409942357230057,0.9852890786289346,0.7135588372114252,0.9829392900173883,0.9104840186071467,0.9092428552134855,0.8064823878898637,0.9206334341444793,0.6544432925498761,0.911242200043118,0.979346709137104,0.9225701399051964,0.9589316626844853,0.9349426948340502,0.9493053971730236,0.8192700281532358,0.9876139325764797,0.9247045701871659,0.9458598726114653,0.8253743886792999,0.7573634207505046,0.9610996995613952,0.9736988845472498,0.9808926695348984,0.8727673249698822,0.9977164699543988,0.9306566646589698,0.8984043359066813,0.9682551375725403,0.9594986384506098,0.8950004825334388,0.9379142777971528,0.9458598726114651,0.9529545363721539,0.9610996995613954,0.9475597985845114,0.9162050927129204,0.9232500268303596,0.8562018915429415,0.5612950197368582,0.9475597985845114,0.879499623739519,0.7859955718022996,0.9813702038092993,0.919989349133864,0.9765198713238086,0.6907398102034051,0.8773193685069605,0.7824563866875177,0.9721820378192461,0.9030086235821644,0.9052588678945521,0.6944229229975927,0.9548710823073732,0.6490993008822845,0.9265423524364667,0.9808926695348984,0.9540589546097205,0.7864297230821703,0.9252037445446055,0.5125823486211964,0.9610996995613952,0.9394396415413291,0.5490276578011324,0.9475597985845114,0.9243307498488826,0.9142868184584121,0.9568599156354454,0.9475597985845114,0.9021033275330336,0.84305747070033,0.8786410921926187,0.9458598726114653,0.9529545363721539,0.9425805352069323,0.9458598726114653,0.9458598726114653,0.9162050927129202,0.9475597985845114,0.9425805352069323,0.9041731885624826,0.9475597985845114,0.6100628718388683,0.9733502238946539,0.9667798280829099,0.9511016704226434,0.9548710823073732,0.9493053971730234,0.9458598726114653,0.8253743886792998,0.9141681517988662,0.9334927596276981,0.9230129232989122,0.9475597985845114,0.9792140372249503,0.9511016704226434,0.9829392900173883,0.8693255390952424,0.6633127349133314,0.9568599156354454,0.9493053971730234,0.9349426948340505,0.7966543892561386,0.6956019716622596,0.9475597985845112,0.9125111785873636,0.7295878316982173,0.9403748670927714,0.9493117100236348,0.7873481012250081,0.9568599156354454,0.9278966962971924,0.9511016704226434,0.5905047898497258,0.9243307498488826,0.9475597985845114,0.9475597985845114,0.9450975949913771,0.9589316626844853,0.7922768002173587,0.9425805352069323,0.9928618019927207,0.903446387915585,0.9442013463068033,0.8666352537059542,0.8598425852017675,0.9475597985845114,0.9475597985845114,0.9935398813830467,0.8035264233964159,0.6867120377371949,0.8682941951628267,0.9283006786161676,0.7998525607949996,0.7593994892724845,0.875993879495947,0.9306566646589698,0.9461487523932308,0.9475597985845114,0.8972654241994793,0.9529545363721539,0.9610996995613952,0.7750032857403693,0.9568599156354451,0.8827190623870711,0.9475597985845114,0.9475597985845114,0.848738499367157,0.6695496131391634,0.8570957956283056,0.9559302354841395,0.78454702578678,0.9329016612088761,0.9252037445446055,0.8832444469048485,0.8577765950677174,0.8866698495572745,0.9475597985845114,0.755106613233782,0.867665094526678,0.9493053971730234,0.9568599156354451,0.9849746635261072,0.9406820739188004,0.892622954902683,0.8303136803781795,0.8532838553478094,0.945904879998406,0.9475597985845114,0.9060430669225665,0.99987174125501,0.9329016612088761,0.9325806930704288,0.7658045494346232,0.9394396415413293,0.9400706025742576,0.7311663593169,0.9548710823073729,0.8957612431877118,0.9500937170028239,0.9425805352069323,0.9611058687776596,0.919989349133864,0.9292677720165115,0.890446368149979,0.9529545363721539,0.9458598726114653,0.9366782695007883,0.9265423524364669,0.6720110611890684,0.9626788706813354,0.9610996995613952,0.7135588372114251,0.9547434413197935,0.9610996995613952,0.9876139325764798,0.96089318452934,0.8927512325175626,0.9475597985845114,0.9589316626844853,0.9364159486136479,0.9559302354841395,0.7731152683289881,0.9409942357230061,0.9458598726114651,0.9742178060512305,0.8905160099774292,0.9493053971730234,0.8283311817096392,0.9149644520716045,0.8739594680062142,0.8773187896361201,0.9475597985845114,0.6556592334992677,0.9475597985845114,0.8652846490024411,0.9589316626844853,0.9306566646589698,0.9320645602494202,0.7867657195337694,0.9475597985845114,0.8536240445709697,0.8129359457645993,0.9829392900173883,0.8825936825451486,0.8210710864618274,0.8625951760283532,0.9529545363721539,0.9571427493004796,0.8989651095456501,0.8549145578460347,0.9833183631879887,0.6521280109467597,0.7532290027495385,0.8705865822009816,0.807520221981338,0.9475597985845114,0.9954779619578477,0.9278966962971924,0.9203844272957435,0.8995478568587885,0.8064823878898637,0.9475597985845114,0.9458598726114653,0.9243307498488826,0.9486909276320883,0.7112114830974934,0.851544938719984,0.8268894592721565,0.9475597985845114,0.8639302192316154,0.8897634772723555,0.501379002669526,0.9475597985845114,0.892706361251836,0.9441180703023755,0.9568599156354451,0.9334927596276981,0.9458598726114653,0.9527313195793389,0.9784534179462063,0.7436109815478471,0.9265423524364667,0.9378040766465512,0.9111150293377237,0.8031905185121357,0.9475597985845114,0.9252037445446055,0.9475597985845114,0.9568599156354454,0.7425790880051844,0.9142868184584121,0.9610996995613952,0.923879955825063,0.7348453828730821,0.9018497344665102,0.919989349133864,0.9475597985845114,0.9125440513003292,0.8995517312170607,0.7677719738154608,0.9225701399051964,0.9540589546097205,0.9529545363721539,0.9225701399051969,0.9212735133449714,0.913733309388403,0.9953073669805033,0.8268894592721566,0.913733309388403,0.9644994759182186,0.34242788621530984,0.9155630897147411,0.913733309388403,0.9610996995613952,0.9292677720165115,0.9493053971730234,0.9833173134830338,0.43405769951292605,0.9663573664294256,0.9829392900173883,0.7609009636116802,0.9540589546097205,0.9111150293377237,0.9112976020672166,0.9278966962971924,0.9458598726114651,0.9364159486136479,0.8056825578273619,0.6349093830225903,0.9523030345044685,0.9424781900280401,0.9088944096710687,0.9445567768963545,0.6364121440057208,0.9493053971730234,0.9511016704226434,0.8984043359066811,0.8607835930791425,0.9252037445446055,0.7929264958075513,0.880478728807237,0.9529545363721539,0.9548710823073732,0.8697214512947162,0.9238799558250632,0.7633251181690388,0.99987174125501,0.9682551375725406,0.8480036211373803,0.5372639715892491,0.9885587804861203,0.9475597985845112,0.946568570450012,0.7009003039113463,0.6420904945942466,0.9545640111383317,0.8447105394237191,0.9548710823073729,0.9162050927129204,0.8718884926994313,0.9292677720165115,0.9425805352069325,0.923879955825063,0.7361613333958279,0.8675560447816311,0.9166344704914768,0.5126104802471676,0.8391846440543806,0.0,0.879499623739519,0.817686616071881,0.9511016704226434,0.9848910203339206,0.9849746635261072,0.9252037445446055,0.9808926695348984,0.8950004825334386,0.8588935204002319,0.8973121247933231,0.9350839192327517,0.9442013463068035,0.941120476788573,0.9661859802146439,0.799550248301927,0.9511016704226434,0.9154533753716585,0.9661859802146439,0.9548710823073732,0.9600059685838347,0.5692857319013573,0.9493053971730234,0.9589316626844853,0.8134200152120878,0.9568599156354454,0.8227810174934069,0.9548710823073732
p356_T,0.847250386988706,0.7705819746396014,0.8272213490316431,0.9903327602445162,0.9522711537700372,0.9046235823585468,0.9355990211794407,0.9034980308907712,0.8404557924728844,0.7024071207326095,0.8618150114025946,0.8858790554238976,0.9130169552876024,0.8893718879109296,0.8384646937226572,0.9337241641265102,0.9994234620769809,0.9713253178543612,0.9309173228584982,0.9185177899680333,0.9621833967225218,0.9669494040391106,0.8960434419880752,0.792712180503992,0.9736259184805984,0.8425703725337481,0.9358121112372144,0.9895768779277931,0.8752956561209487,0.9096556445724715,0.8523574904307238,0.9333770200885272,0.8997202507834754,0.9759508773150463,0.944246871761943,0.9309173228584983,0.8871683719695136,0.9307703882864402,0.6771769379830352,0.9511441322944284,0.9529227697865361,0.6407754458610695,0.9134191021410438,0.9759337277592677,0.8733538362434858,0.8086497689974005,0.8911663603911606,0.9315236837927896,0.8988098532959032,0.8883469526733002,0.7238425703151402,0.9427823027027031,0.8425703725337481,0.8955606990865335,0.8829287866957689,0.9911245230080854,0.6738651480778006,0.8832831707913573,0.9877506326114468,0.8758082204608497,0.8257895438379692,0.9100561260667355,0.5193577087969136,0.9727984881547205,0.7838062234962252,0.9455968411805624,0.9714637322658979,0.7929760604672232,0.8114469908574065,0.972192351980948,0.9670480474566153,0.9441873097085216,0.9867651452593773,0.8317752838505387,0.8832831707913573,0.8127570506946822,0.9457653784365196,0.8411769936250606,0.9641403554086736,0.9956022401087514,0.8708777931222951,0.9312101330514948,0.8556136720879401,0.8957430324228601,0.8832831707913573,0.8909474764984288,0.9166703059283963,0.9846003790535591,0.917206845717797,0.8794996237395185,0.8832831707913573,0.8124984997946185,0.8329680311109854,0.9920938908373448,0.980788828030559,0.928317637185915,0.8414182377748982,0.8156160881618817,0.9957377086273971,0.9771618160275025,0.8800253504864866,0.8882789372994969,0.9177771622806974,0.9159839365248302,0.8227725349212119,0.9039825606517029,0.9758152353461782,0.9657895347454368,0.9978452547778267,0.8400649439371844,0.8823998249687723,0.6678050724625666,0.8112015564894248,0.8872478552298229,0.8911663603911606,0.9018915143140187,0.9223353047640862,0.6419921190013487,0.9956022401087514,0.8051025595372463,0.9800555754911058,0.6773617071667852,0.9978452547778265,0.7278424078278318,0.9979116477989171,0.8685386053560658,0.8871683719695136,0.8880623439790807,0.8858790554238976,0.9849376486650103,0.9322843817184365,0.8911663603911604,0.9142761312019918,0.9589084310161462,0.8097424854037194,0.990754213862345,0.7806896177180931,0.8952903079111572,0.8952903079111569,0.9084332038159757,0.9995483982127144,0.9085936746436276,0.8560160466160134,0.8817751768870118,0.7029494624209927,0.880919067718035,0.9446579605277279,0.9834491526150502,0.8203084347981148,0.9322459088752486,0.9950379423377969,0.9716152761094377,0.6788493728875304,0.8166110056023805,0.8952903079111574,0.8918530307099972,0.912573706042248,0.8248011549614334,0.9197091071260532,0.9886589763321657,0.754512256293224,0.9646845944942746,0.9312101330514947,0.9172245874626137,0.8421741408504806,0.8288413638669201,0.9543438540737573,0.9727984881547205,0.9557537968420351,0.7846162980575265,0.8412537471731079,0.8794996237395187,0.8622743965026569,0.9362221656804082,0.9396325536854904,0.9671102309323536,0.9309173228584977,0.9715752619549356,0.7845725746833181,0.9232337284487997,0.9848577198901054,0.892985225104719,0.9653544977069997,0.9864310500681475,0.824410520651516,0.963133262713037,0.8871359430484007,0.6208938949677856,0.8652100330616366,0.9953617559877295,0.8305669293430168,0.9634106997871459,0.9413045171819385,0.9194299895222864,0.9658879814885041,0.8832831707913573,0.7571433530010481,0.9084332038159759,0.888272300322688,0.9173364053951194,0.9030698019103247,0.9864310500681475,0.8832831707913573,0.8169969073974153,0.8749327590415469,0.7024071207326097,0.8832831707913573,0.9111181622498268,0.8052750075161219,0.8311698303203681,0.7859074222628849,0.8879017335347159,0.818844392327731,0.8832831707913573,0.8418874980013769,0.8832831707913574,0.9813736472622198,0.8641881995744813,0.886261277837805,0.8832831707913573,0.979374635831566,0.8832831707913573,0.9355990211794405,0.870760680222622,0.9423299627452243,0.8374334962343843,0.814760703196383,0.8894378693010735,0.9410581871711017,0.9079701097502242,0.5596183889253856,0.8825589916190928,0.6712343832343795,0.9759508773150456,0.9142761312019918,0.933047051418352,0.9495539952471836,0.979607755173455,0.9226854568457346,0.8277328376597328,0.9624798185213994,0.7461311345639527,0.8238545397151997,0.9410581871711019,0.8832831707913573,0.9389461103687184,0.8832831707913573,0.8527137381090295,0.9926045211913787,0.9523628433793618,0.9350977706063666,0.9042361164750907,0.7215745254981047,0.9973810828070125,0.9407876012946768,0.8645272992085017,0.9599801916139984,0.8633819931658822,0.7412424690932689,0.8817751768870117,0.8256781741874017,0.7884922730738795,0.8794996237395185,0.9787154357203143,0.962963385160149,0.6771769379830352,0.8646901428463962,0.8412657342652089,0.8997209019134789,0.8056348513275577,0.8691798159220205,0.9714637322658977,0.9805441711757227,0.9002906544880147,0.9033866702626847,0.9039825606517029,0.9168764697015374,0.8914828157982664,0.8487121404429607,0.955445890228529,0.9039825606517029,0.9653905787367578,0.899595354326794,0.9787154357203143,0.9241671327162426,0.745017465697464,0.8911663603911604,0.8599121075086338,0.8144137993576862,0.9410581871711017,0.9279254774427177,0.9279254774427175,0.9540258145605697,0.8896422937360478,0.941745038997982,0.8128560123050981,0.8282249829823161,0.8833983611161921,0.9721923519809479,0.9097528802726034,0.898809853295903,0.8958168960532688,0.9333770200885276,0.8724555326425569,0.9377001994406237,0.8911663603911604,0.8988098532959033,0.9441814383764713,0.9075429012578409,0.673374159419344,0.883293188560317,0.9638150124779314,0.9130767032344098,0.9017988416164617,0.8257771640666329,0.9185177899680338,0.8404557924728844,0.8320735222738641,0.8383870909946948,0.9476888609041565,0.9514099639729665,0.9617971714026113,0.8832831707913573,0.8952903079111565,0.8372919983568757,0.7586346782979146,0.9039825606517029,0.9421251173518654,0.9864310500681475,0.8832831707913573,0.9122587745531014,0.9721923519809479,0.813644924608342,0.8377473387089105,0.933666562444029,0.7662141478344269,0.9333770200885276,0.8257897277973987,0.9755873942283686,0.9736259184805982,0.8686701132805104,0.9413040756225968,0.7044833520417119,0.8367043535473524,0.9885516075855594,0.9562620311363272,0.924090796727159,0.9589084310161462,0.9166994982456466,0.7455560751495645,0.8885884230886676,0.9676177866570979,0.8794996237395185,0.9195225734180082,0.8971009559894066,0.9192414997204946,0.9609626815328781,0.9925398316883423,0.8832831707913573,0.8099869755501938,0.8450525174659808,0.761093326155224,0.9943151259204521,0.9185177899680335,0.8004730608117432,0.8832831707913573,0.8832831707913573,0.7679741557995898,0.6267396091653163,0.8793102049337945,0.8832831707913574,0.8752956561209488,0.7717769143152441,0.8171946768041969,0.8421741408504806,0.9787596301632723,0.9177771622806974,0.9071614968337578,0.8796641865147408,0.9543607209123588,0.9191175744985153,0.8832831707913573,0.8524761501492708,0.760748204539937,0.90652303581339,0.9150460712897965,0.9953617559877295,0.9752997497607525,0.9279254774427175,0.8737567350107388,0.8832831707913573,0.9806695137194978,0.8957430324228599,0.8408704803412208,0.9904221926783411,0.9349874905157678,0.8740972080571656,0.7587282366839079,0.8832831707913573,0.9948260994322273,0.760380091666232,0.8832831707913573,0.8735158220145882,0.8918360324091101,0.9378392024938802,0.9980852080142157,0.8575325143692047,0.8832831707913573,0.9517551110114162,0.8907989355355301,0.899555988792494,0.9653905787367578,0.9226332857172366,0.7930647433819981,0.8317139998287981,0.9467911362064297,0.8911663603911606,0.983366847506157,0.8864081691974275,0.9240415060254608,0.9687084435142224,0.8387115599887986,0.7713594841402487,0.9359681737876102,0.8952903079111569,0.9181526579652497,0.8832831707913573,0.9865326188966024,0.9957944821145943,0.752352646919958,0.9806182093915328,0.8335250144394979,0.8758082204608499,0.926855160934918,0.9938748544783451,0.8758082204608499,0.8411769936250608,0.8832831707913575,0.956262031136327,0.8286503520038142,0.7496945164795781,0.9309173228584982,0.964940580791066,0.9085936746436278,0.9259113651114301,0.924041506025461,0.9800881082564383,0.8875752334202731,0.8320735222738643,0.9534532917949563,0.9441814383764713,0.8082592358119727,0.8726912753119818,0.8875752334202736,0.8577456656075961,0.9617971714026113,0.8615948449559768,0.7740413044728778,0.875590010433241,0.9862087947905173,0.8681957648998055,0.9806182093915328,0.8523574904307238,0.9604210586172979,0.9603024657112819,0.9705398765191457,0.8722007603974482,0.9195396785013354,0.8553235913353201,0.8893718879109297,0.8487121404429608,0.8799720457128384,0.9955207411920199,0.8411769936250606,0.7559329982926908,0.7937134787039382,0.9926045211913787,0.8950370031569368,0.9617971714026112,0.9590406883539112,0.9565184598700971,0.971367646404228,0.8880714832679897,0.9721923519809479,0.951298902109999,0.9262711791126412,0.899555988792494,0.9214837186008105,0.9040064358173312,0.8733538362434861,0.9333770200885276,0.6832671481237984,0.8760071496189296,0.9965828312133491,0.9539283793844544,0.8794996237395187,0.9529137185200642,0.8225430938388147,0.7300320103078644,0.8722007603974484,0.997764438261276,0.8832831707913573,0.8995559887924944,0.8832831707913573,0.8832831707913573,0.9620126398854248,0.8960434419880754,0.8383870909946942,0.8832831707913573,0.9222089180040304,0.998397337132295,0.850190667803344,0.7889162398681708,0.8166110056023803,0.7932523747777054,0.6677245782700703,0.7559687087474017,0.8828728457167407,0.7897783741868734,0.9478768141713954,0.9391357122564041,0.8795777283393318,0.9782273523451771,0.8157324392595475,0.8266189023552305,0.8686701132805101,0.797941945987891,0.8580127972420875,0.9421251173518658,0.8689474503913055,0.8911663603911606,0.7481136213013926,0.7923789689903713,0.926750528514976,0.963966237824996,0.9715162803813309,0.8978850088092165,0.8882862862400267,0.9520395700628466,0.8397594488671771,0.9646845944942746,0.8875752334202736,0.887168371969514,0.958164476635099,0.916744520312246,0.9768965031163175,0.9714637322658974,0.9494537948245863,0.8415481608236031,0.9073555051118205,0.897617984345036,0.919396386971981,0.9213202023106486,0.8556136720879399,0.9134191021410438,0.9727892281626976,0.7900757241613003,0.6136529519308217,0.981455052643508,0.9087592590228641,0.7300320103078641,0.909609463099164,0.8832831707913573,0.8952903079111569,0.9214837186008105,0.9787408632512828,0.9543438540737574,0.9748604509446428,0.8758082204608502,0.8806487032764638,0.9049324460394652,0.924041506025461,0.8509714101957344,0.9518158084907125,0.9415725430142503,0.9896809911112329,0.8850669307012914,0.8758082204608499,0.9139789241987342,0.9674118266891106,0.9027732006169344,0.8487121404429606,0.9104723055014071,0.7780575835133141,0.9553455570334097,0.6966751080946634,0.8599121075086336,0.8740972080571656,0.9212030990264191,0.752536531459681,0.832073522273864,0.8595106115142983,0.9705563180187113,0.9638150124779314,0.8984073104123331,0.8874135384485962,0.9130169552876022,0.9775367855890994,0.9958718307026402,0.9956022401087514,0.7629323436145434,0.9985562884541683,0.8450525174659806,0.9668791581521321,0.9537801551164731,0.984031221942373,0.9007012732507794,0.9693164280362516,0.8649674179263286,0.8618150114025944,0.9864310500681476,0.8952903079111569,0.9046235823585469,0.8832831707913573,0.7919715830721297,0.942874671659045,0.9459800283844653,0.9019688173237883,0.8832831707913574,0.9129720853858778,0.9761179353657046,0.8408944966843873,0.9134309582798404,0.8404557924728842,0.9831575187716525,0.9502655548428316,0.8103895681267299,0.9604909596480837,0.86172674415174,0.8014199567616174,0.8808312777114622,0.8995559887924942,0.9797306000218076,0.6480951227767149,0.9985562884541684,0.8353997101861013,0.8591342534834442,0.8109703389764626,0.8758082204608499,0.7681555957332398,0.8955606990865332,0.8880444218037429,0.9442468717619433,0.9047375077239803,0.8252974416214081,0.8896422937360484,0.8407648972939235,0.879664186514741,0.9267053490093936,0.9918396788293753,0.8794996237395185,0.990449555556732,0.8722007603974484,0.8794996237395185,0.8794996237395185,0.9776336147623894,0.8832831707913573,0.8097424854037194,0.961152031579688,0.8832831707913573,0.8762114713124722,0.9872461568119291,0.9039825606517029,0.8911663603911606,0.9391357122564039,0.9349874905157676,0.8794996237395185,0.9183686788307875,0.9980173200359843,0.8799720457128384,0.7999498648543799,0.8832831707913573,0.8140756544067094,0.9617971714026112,0.931293212600949,0.9712798982558526,0.9800848759310332,0.8896422937360482,0.970556318018711,0.7453953045479987,0.9849376486650103,0.8552011210699519,0.8832831707913575,0.9252310307605455,0.9616637414854741,0.9264398613262723,0.8016439130480866,0.9005785926195295,0.9865326188966024,0.8203084347981155,0.8911663603911606,0.9968261463708896,0.8575105207893385,0.8832831707913573,0.9442468717619431,0.8555384973506517,0.7024071207326098,0.9547954797020881,0.8722007603974484,0.930279392116764,0.9608573882731335,0.8758082204608499,0.9501931508307171,0.8580127972420872,0.8832831707913573,0.8832831707913573,0.8914828157982662,0.935767684021765,0.9186152879663501,0.9823265584910545,0.9933890233834382,0.9566436386075972,0.8672022361501446,0.8789515489716032,0.7759235788685552,0.9330055920868867,0.8832831707913573,0.971569020656017,0.8952903079111569,0.6771769379830352,0.9717266020313353,0.9039825606517029,0.9203500650306156,0.8832831707913573,0.8832831707913573,0.9127848404556613,0.9867651452593773,0.8347326274981895,0.9457653784365196,0.9985177065930966,0.9278229200043582,0.9350977706063666,0.7886928914270683,0.8066621117648756,0.8933075201569374,0.8832831707913574,0.8129418800424907,0.8593604147739355,0.8871683719695136,0.972192351980948,0.9847023734227682,0.9341075424945912,0.8384646937226574,0.8679999969822046,0.9227371994724576,0.7750306415824009,0.8832831707913573,0.9848750392683877,0.7532625994010846,0.9529227697865362,0.9467463911740984,0.8756445074604458,0.9866126971612237,0.9674815162425319,0.9145161709123008,0.9817048408157757,0.7999960587722528,0.9828198458450212,0.9676177866570979,0.9085936746436276,0.8940964787688725,0.8957430324228601,0.963114416281375,0.7238425703151401,0.8794996237395185,0.8549439136591865,0.8284852998843157,0.9624798185213992,0.9379010044661704,0.9589084310161462,0.9926045211913787,0.9589084310161462,0.950112911233649,0.8576228207592441,0.8397594488671771,0.8780605707095412,0.9177771622806974,0.9518158084907122,0.9960444765472339,0.9087592590228641,0.9684071657031358,0.8997202507834756,0.9800516183837691,0.9395844724059141,0.7755243770722882,0.7571433530010492,0.8364621484608619,0.9943151259204521,0.746358611427203,0.7216840108784528,0.8832831707913573,0.8124984997946185,0.9177771622806974,0.9470783190354952,0.7024071207326095,0.7218643256655612,0.8487952199924145,0.9298591268392398,0.8832831707913573,0.9855035826281304,0.9727892281626975,0.9037108021819836,0.8476739184523104,0.8011553327669689,0.8276247074061782,0.9333770200885274,0.8652348037411466,0.803107870332836,0.9129436103677002,0.9036991932571588,0.963966237824996,0.9185756531732462,0.9956022401087514,0.9520395700628467,0.9097528802726034,0.9771666759672335,0.9441873097085216,0.9110964144692781,0.9592769327710866,0.9703665129500167,0.9867651452593773,0.8794996237395185,0.9047375077239805,0.9874846091210957,0.9169824136171032,0.9657117018024248,0.9298213859092732,0.8832831707913573,0.8929451260944619,0.9529158303075311,0.990332760244516,0.8832831707913573,0.835056182084529,0.8518786491928036,0.9039825606517029,0.8799720457128384,0.8794996237395185,0.9172501653465848,0.9755020222565274,0.9422804903710502,0.8800253504864866,0.9987192846257901,0.9800376341002324,0.9766679353296488,0.8832831707913573,0.9379362841850482,0.8832831707913573,0.7245421772462481,0.9960257989433114,0.8981497840759771,0.6771769379830352,0.8439659536497746,0.8738531567104544,0.9881410519886396,0.8893718879109296,0.8832831707913573,0.7676036709034213,0.9077943233416037,0.9299557559538039,0.9007012732507794,0.8726484979469555,0.8952903079111574,0.827663366798874,0.5659928817089634,0.8079951197225061,0.9446579605277274,0.9446832677160746,0.8079951197225061,0.9422146195066943,0.8952903079111574,0.8099133789137638,0.8079951197225061,0.6771769379830352,0.8383936681315822,0.9583060269754013,0.8971009559894066,0.9529137185200642,0.5903620685035916,0.7387148169649154,0.8082592358119727,0.9400219883777883,0.9919643018623818,0.913710036077211,0.7679741557995903,0.9529137185200641,0.7632838964822491,0.6276546657589104,0.9615490990176623,0.9436826300563077,0.8103137213295883,0.9497671316354355,0.9800848759310334,0.846475574297378,0.6860056979951618,0.8911663603911606,0.8949230023994306,0.9172068457177971,0.9097045815646494,0.9379362841850483,0.911501015361176,0.8952903079111569,0.8995559887924942,0.8662396584952616,0.8556136720879401,0.8850669307012913,0.982737394563324,0.9758281085899716,0.9666581387210824,0.9978452547778267,0.8978850088092156,0.8832831707913575,0.9983066336144035,0.9268522993138381,0.9539283793844546,0.8914783469295624,0.8626678449810223,0.9817048408157757,0.7919715830721297,0.8724543310839901,0.8425703725337481,0.8097424854037194,0.8690009848382987,0.9727984881547206,0.8600954270021763,0.9884434487583147,0.8618150114025946,0.6420711986722443,0.879499623739519,0.0,0.7739511476121956,0.7044833520417122,0.8871683719695136,0.9847023734227682,0.909704581564649,0.8147607031963829,0.7009013402809655,0.8301642744176367,0.7978790840652539,0.7653169626327649,0.8758082204608499,0.8293893616110257,0.9862918743399716,0.8779536431616125,0.9250380543510541,0.9122301243132046,0.9862087947905172,0.9391357122564044,0.8874135384485962,0.9921605916805325,0.934987490515767,0.7024071207326095,0.9014713992565235,0.7245421772462481,0.9167939509779544,0.8995559887924942
p357_GAP,0.6574507109511486,0.9250016828809453,0.8122852773424605,0.9307214100702192,0.8801085107890287,0.9826888816980899,0.5339306297644553,0.5650434584772199,0.6804700966734054,0.8607374764874878,0.9860599540892504,0.8164111026582048,0.8164111026582048,0.7258154837316517,0.7232783869394501,0.8602110274106749,0.9543284880080108,0.9719407501298676,0.9383224635159271,0.969625418100027,0.7461815903584286,0.8332522392621038,0.8920317838114342,0.8579639412160385,0.9231342686029484,0.7601473737062696,0.820783695875958,0.7837121372134466,0.969625418100027,0.35770129081317126,0.7374357371913984,0.9044360458484602,0.7999117526510058,0.7353407098119207,0.8221755430097129,0.9576948646187342,0.828094858968585,0.7568218820604937,0.868089278539445,0.6731786488303055,0.6644710741162818,0.8556501017475164,0.9409113828628135,0.9353510994394738,0.8742016127287797,0.7603843913698034,0.8959232789032516,0.7188840766706321,0.8433939534005064,0.7645147187573917,0.9364195330316347,0.9345527949148922,0.7601473737062696,0.7720790362706332,0.9393433265910527,0.9023889491272765,0.8591079607295917,0.7143607147557586,0.9635608756561058,0.8107870483721844,0.7585726002744597,0.8361087877373393,0.8271253427472369,0.8146875860200384,0.8469680690265144,0.6929406056330745,0.999613492602016,0.9429602288604487,0.6788178195316033,0.9036615728941474,0.7168941225500421,0.8653679260263785,0.9171261019833651,0.676098613962999,0.7143607147557586,0.8035224385244839,0.9798485441870537,0.9611185746489356,0.7524833864267053,0.7881119119846207,0.9889986664704351,0.8850946999039366,0.5853777364694273,0.8047993530669151,0.7143607147557586,0.6717071522884093,0.8979878683754878,0.8056422551519857,0.8383899901633918,0.7332476280865161,0.7143607147557586,0.7259326563352109,0.9826330075788493,0.778638664072201,0.7956105324691509,0.8439486598359554,0.7255809745513329,0.7150826106836701,0.8153400304680749,0.6962192272461158,0.9894085798785122,0.980602188182685,0.7433271986454171,0.7253641251257404,0.8195634341644094,0.8537121927533957,0.7956280315721898,0.8777250197750601,0.9950058988075361,0.697791608071779,0.8021340577165565,0.9173673979124737,0.9784200372817069,0.8446529330252204,0.8341860124462199,0.9876400655319315,0.9220756705087443,0.8883730833751755,0.9062891462589933,0.7786429853620314,0.7689834624184307,0.8629984446108607,0.6695931602377215,0.9100352466253516,0.983407270509489,0.6798498777024171,0.8579639412160383,0.8596724085529241,0.9302719333857006,0.9383519435605556,0.7867471873841008,0.9267919121317674,0.8716795438693176,0.9826888816980899,0.9388356782863467,0.9423518925154963,0.9643199202949422,0.999613492602016,0.9044360458484602,0.7508613366580392,0.8558529193819897,0.8607374764874876,0.6416801544741022,0.8421738931847714,0.8650811637070902,0.7776588662129758,0.9904632042289859,0.6454247152785251,0.9588402929666443,0.7644351998614021,0.9940786013624601,0.8635364391218596,0.888195430463954,0.689403306264541,0.903663031052492,0.821419980774635,0.7830850238902934,0.9834774486762865,0.9114144000004258,0.7092259290672693,0.744915722375667,0.9806021881826849,0.8147003782300273,0.9655473685166346,0.7882224373661175,0.949440696611663,0.8620266161985313,0.9148319272892094,0.9521101123311808,0.8179639313556324,0.8268340443781603,0.8164111026582046,0.7941864781330641,0.6407119552428047,0.7876861669369373,0.9076366530789438,0.9923557552405138,0.8339548807406938,0.9447214675447797,0.7944599927502927,0.9978438430222326,0.7976358237152326,0.9461275914808274,0.9302719333857008,0.8712143505561336,0.6815703646255971,0.7510878248335744,0.9943187264365234,0.6956177129654777,0.7348936384311207,0.9477719280502401,0.9753567891023746,0.9454222633935463,0.7622526505949418,0.9090419100421071,0.7143607147557586,0.8579639412160383,0.8330522644648719,0.8775769108739101,0.8548586881098874,0.7485911992290362,0.9302719333857008,0.7143607147557586,0.8111269987962089,0.7373414848294866,0.8970334570250009,0.7143607147557586,0.9076142124291913,0.8541983581991326,0.772598010161005,0.9251482799066832,0.9274070129490042,0.9571427493004796,0.7143607147557586,0.7512834344727171,0.7143607147557585,0.7577846719528287,0.8945992887660432,0.8972342748241382,0.7143607147557586,0.9014175548402064,0.7143607147557586,0.9638163023358328,0.7985598151568354,0.6825935304367725,0.7420279463762998,0.9267919121317674,0.8078899744704107,0.750861336658039,0.9860777826493692,0.8332522392621042,0.8215720443359404,0.958606472422936,0.972327059757865,0.9676300054188411,0.8848793901724481,0.9394210140945578,0.8642420825222576,0.8826772188225442,0.8164802312463486,0.7976211677699563,0.9121267198599361,0.770734935284706,0.9974341200785378,0.7143607147557586,0.9991747239059103,0.7143607147557586,0.5331288907032894,0.6366069279382829,0.9356465182356667,0.8698009261237304,0.8575975519183638,0.8579639412160385,0.9605263278955642,0.7793910081937736,0.7340831514204058,0.9141745281494917,0.8620266161985313,0.8650546456747359,0.7121147030872422,0.6664913886690111,0.893013913166816,0.705101298758061,0.9868456804740641,0.9409925837787817,0.868089278539445,0.8974451010901177,0.8714530095593589,0.8038761477424692,0.6911273822419184,0.6768864567706347,0.8396960566861431,0.9398773421868424,0.9526981938185091,0.7571687228600004,0.8537121927533957,0.7751949955323731,0.8298684732298844,0.9774654450934861,0.7685008979495085,0.8537121927533957,0.9003014444606914,0.7163107268173354,0.9799170694260517,0.7930868460405642,0.8874451807660652,0.7336531223545579,0.972327059757865,0.7520583860922863,0.8107870483721844,0.9267919121317676,0.9267919121317674,0.9675126768641709,0.938322463515927,0.6073567015420858,0.9697318888653121,0.7064385118670835,0.7084970237223368,0.9923557552405138,0.9750590697626811,0.8929183750890276,0.8056552885292609,0.8396960566861431,0.7838192024505326,0.9090843727098146,0.980602188182685,0.9093158712781231,0.8731986491331225,0.9623661925953672,0.8266927936020096,0.9621564589820237,0.5925986810791355,0.9835405172418772,0.8287632105239955,0.705330560528072,0.9940786013624601,0.9041826209191484,0.9940786013624601,0.8327847866219928,0.9296346121047006,0.9218652544730414,0.9188649217256533,0.7143607147557586,0.8404690714821101,0.8625915303340776,0.9272887707692241,0.8537121927533957,0.9203711802742952,0.8458329454003359,0.7143607147557586,0.8033482182619691,0.9383224635159271,0.8263117797041691,0.9770539568825707,0.8676406551811714,0.9312800724987114,0.8396960566861431,0.8194688264978409,0.9429023350303272,0.8372936307150929,0.8259862447268,0.9499527503499782,0.8959232789032516,0.7548295251739348,0.9724555887777513,0.8201272394352044,0.9408003040335535,0.9409113828628135,0.8135490736625446,0.8553941675857798,0.7447418284980125,0.9388356782863467,0.705101298758061,0.936397636135071,0.8476211930565019,0.8275122698220931,0.76923464230645,0.9760941750186087,0.7143607147557586,0.7332509394048894,0.9607608832492264,0.8855710551223295,0.9993013807106688,0.9940786013624601,0.7913323562302021,0.7143607147557586,0.7143607147557586,0.9752377891557393,0.8869739652079376,0.8021027260977691,0.7143607147557585,0.9577826208249471,0.880108510789029,0.9480563171539702,0.7059473514132828,0.8494417307740365,0.9750590697626812,0.8781425749411701,0.7758242809380289,0.9445490883931673,0.916068038162547,0.7143607147557586,0.7195212220771785,0.9113196728723928,0.802122728903508,0.8737649648427934,0.8781425749411701,0.7397921626305267,0.9267919121317676,0.810571880042859,0.7143607147557586,0.9277071358040261,0.6817028842856858,0.6588266031269829,0.9606829725527186,0.8732143185568829,0.9396849046995173,0.8611198503636701,0.7143607147557586,0.9224353351030062,0.9186162496694947,0.7143607147557586,0.7144295046439701,0.8682966795104414,0.6850837891384511,0.9869449355798781,0.7712875309988909,0.7143607147557586,0.8364801968739932,0.7695245795579542,0.9536084303741796,0.802033577500258,0.8990051028144241,0.9573558751324338,0.839214772252993,0.8407233552147033,0.8341860124462199,0.9086337996670771,0.7725980101610048,0.8258302196747609,0.7288239598919046,0.7421921487443155,0.8350418480047632,0.7317842208368257,0.840469071482111,0.882636791408581,0.7143607147557586,0.9576948646187344,0.9717983627614811,0.7623607666334109,0.9860599540892503,0.912449014647278,0.6960673847868173,0.7049319988209757,0.8433452363094301,0.6960673847868173,0.76158753912642,0.7143607147557591,0.9250016828809454,0.7704671640185989,0.9237308219687418,0.9576948646187342,0.7558791572154473,0.8851906597499211,0.9475627782771292,0.9668992179316634,0.8918803062121206,0.9224205858629796,0.969625418100027,0.9246973781005143,0.9743172559097968,0.7100091368068546,0.6449883975044625,0.9065503917245794,0.7959504857363411,0.9267919121317671,0.8132959712599781,0.9683330078967577,0.746513692485343,0.722329633040478,0.8981412037443472,0.9112358157683068,0.7581727381433543,0.5340118294481541,0.6759858230252673,0.7429631707595072,0.8207836958759581,0.8049086572613624,0.9868992564024537,0.9105176979409177,0.9763491823117392,0.7788072202557936,0.9712515636633634,0.9361771952086213,0.8867712181861894,0.9763491823117391,0.8541983581991326,0.674899133040082,0.9188649217256533,0.9910691696709282,0.9965261695229272,0.7873286446727362,0.8514979430827245,0.8883730833751753,0.8381288963767286,0.8441323163991732,0.8538966800745265,0.7969566016545824,0.7406568205967261,0.8854177614335255,0.8716795438693177,0.8537121927533957,0.7856132409136164,0.8642377111452735,0.7505602006006631,0.8727037613151145,0.9571427493004796,0.9020448073098966,0.8867798484766121,0.6872389037439031,0.7843698086969808,0.7143607147557586,0.8469680690265147,0.7143607147557586,0.7143607147557586,0.7979919355270224,0.8493417193842447,0.9886953095181066,0.7143607147557586,0.9502445743761578,0.7463877008230109,0.7309022453202436,0.8369664230521701,0.6894033062645413,0.9133052499984852,0.9753567891023746,0.8113728327446396,0.8080149410805506,0.9042097209541822,0.9890690087053565,0.8538966800745267,0.8079961319821205,0.9311452439278355,0.8790541763509438,0.9655427476629133,0.9393433265910529,0.8655810002434068,0.9331114990399976,0.9799170694260517,0.8570657511923641,0.8341860124462199,0.8439486598359558,0.9798485441870537,0.8719708978444716,0.9390547832304015,0.8051588041469764,0.8781425749411702,0.7585726002744597,0.9625662829398853,0.7869870344182452,0.9885291785887991,0.7758242809380296,0.7537379895670705,0.9461466330575201,0.8564788803753971,0.8869717286171059,0.8077125695029689,0.992448440655774,0.9810374464344218,0.7743389169259938,0.8968671137472104,0.817686616071881,0.9139566106330566,0.8469937143313191,0.9027115151432653,0.9861834986862734,0.7692285705578703,0.9650289255129522,0.9857908735165988,0.873555150887996,0.9044238551405674,0.9582517779234501,0.7143607147557586,0.840469071482111,0.8980752084312571,0.888159618093707,0.8063664211488226,0.9798485441870535,0.9751689039858511,0.8797036508690402,0.9567389783383048,0.6847612214178582,0.7554315909219813,0.860737476487488,0.8495273256322068,0.9860599540892503,0.9292076558756976,0.6960673847868173,0.9824331971815647,0.8815423807318206,0.7309022453202438,0.9301638097169646,0.8412255431501725,0.9249421190802123,0.8936010551252936,0.9558888796322302,0.7774389061377229,0.9526319193197894,0.8620266161985313,0.9240687457590013,0.9333294375625141,0.9231342686029484,0.9926906475466957,0.9865125171924933,0.9666794777011314,0.942391944327377,0.7332476280865161,0.9271865621355742,0.9972904355285022,0.9791112505823619,0.9792316707777378,0.9885291785887991,0.902950137057063,0.974317255909797,0.7875553516455138,0.90403254115749,0.9240687457590013,0.981036891124268,0.9086337996670775,0.8144090103882342,0.9021256040572458,0.9044360458484604,0.9791112505823618,0.7143607147557586,0.9107400480700496,0.9099419725797275,0.8652392116869965,0.767270230277429,0.7143607147557585,0.7587372049240371,0.8713455595156613,0.8460424659806263,0.867241468636764,0.7148874080958272,0.64631505869343,0.8550518432340457,0.8661086499683224,0.938282675520304,0.8915479369008737,0.8684193652985903,0.8602906102480649,0.8469680690265149,0.8284457319411194,0.8807484549284339,0.8879962884971374,0.9383519435605556,0.826311779704169,0.8316624542114344,0.750861336658039,0.9027115151432656,0.8965885627403591,0.8162846262877734,0.888159618093707,0.9051057809756453,0.6868550946534491,0.9383224635159271,0.9380414785683449,0.8821176742370871,0.965526265045378,0.8339458882570991,0.705101298758061,0.9364195330316347,0.7139478621703134,0.705101298758061,0.7332476280865161,0.7579500907757077,0.7143607147557586,0.9655446367127574,0.9014920715559223,0.7143607147557586,0.7685150056352527,0.654551560247184,0.992355755240514,0.8341860124462199,0.9203711802742952,0.9030834008043365,0.7332476280865161,0.9396742553651725,0.7648654050978032,0.8685202841019504,0.8390199931639426,0.7143607147557586,0.848560051564056,0.9188649217256531,0.9543727587960986,0.8261631738395616,0.9293943130328359,0.7650180104070295,0.9926906475466957,0.9710486887393404,0.8251975627022038,0.7175075803741131,0.9090749946786867,0.8817747531313798,0.7368489874214084,0.8063502418655724,0.9609656379923923,0.9361771952086213,0.9923557552405138,0.9972117617816114,0.8959232789032516,0.5662559449407683,0.830500393291514,0.7143607147557586,0.9380414785683449,0.7239038719625319,0.8970334570250009,0.995329131995804,0.9121267198599359,0.7366461596861057,0.7313859440023036,0.6960673847868173,0.9538451005235182,0.7061791072998549,0.7143607147557586,0.7143607147557586,0.8714850018199862,0.7754807736544924,0.6747896391728077,0.9007413435840799,0.7247534184166267,0.924349538726801,0.8869717286171062,0.7745457645539502,0.9627638979804757,0.7370767466255872,0.7143607147557586,0.7598780322410684,0.840469071482111,0.868089278539445,0.9437919637180325,0.8537121927533957,0.9655789339400618,0.7143607147557586,0.7143607147557586,0.8547226180857372,0.830226650314391,0.7465078952170243,0.8821176742370873,0.9237790411244883,0.7312339682957294,0.7418566605530867,0.8514979430827248,0.7590028960516957,0.969672864864359,0.7143607147557585,0.9572110070369475,0.7552736581009423,0.8579639412160383,0.9729833541377066,0.9490821345676861,0.9832288195875319,0.678536341051766,0.902950137057063,0.8579639412160385,0.7694052022603677,0.7143607147557586,0.7660949578229019,0.9800311319799476,0.7979968624751768,0.9463798951831321,0.8642307010861047,0.9759758984177154,0.9621048883481085,0.872093660987764,0.9203711802742952,0.6826381496100744,0.755203135752196,0.8474926543023686,0.9333294375625139,0.9884637414125739,0.7933328326872946,0.7750027766373231,0.9044360458484604,0.7332476280865161,0.6979145919336727,0.9456699375249611,0.7497613087966357,0.9563525010064373,0.9826888816980899,0.7497613087966357,0.9791112505823618,0.9826888816980899,0.8625915303340774,0.8855710551223293,0.7670591413214418,0.995974446347661,0.969625418100027,0.9065503917245785,0.9224205858629794,0.79602685871833,0.8259862447268005,0.9289964199720246,0.9889509259226454,0.9835320520576505,0.8280948589685846,0.9406661206663369,0.8258691421341783,0.8420501510135121,0.9169241261168009,0.7143607147557586,0.7418561758635669,0.975059069762681,0.9739975596013144,0.8607374764874878,0.9173673979124737,0.7696312684169995,0.8881954304639539,0.7143607147557586,0.9437215817844968,0.9861834986862734,0.9774654450934863,0.7474692768125748,0.7789515783743166,0.7497187566294989,0.840469071482111,0.9140419947506562,0.769246654200201,0.6595219319117382,0.7775722967420098,0.7082727211273422,0.7275350193144267,0.8263117797041688,0.9433877182221795,0.830226650314391,0.9914891758593991,0.8929183750890278,0.7771391811394914,0.7601541351552028,0.9818984603096399,0.9670079624580028,0.705101298758061,0.8437200845781561,0.8341965186736768,0.6772993954380967,0.9512345712095727,0.9195376793802699,0.7143607147557586,0.832274789667593,0.7036680973374394,0.6247969230851427,0.7143607147557586,0.6764202951862912,0.8350453582878758,0.8537121927533957,0.7788072202557936,0.705101298758061,0.9370843359088217,0.8494513324275588,0.8168571500602761,0.9677680856796699,0.8926126756485708,0.9433877182221796,0.9519909166920921,0.7143607147557586,0.9382826755203038,0.7143607147557586,0.8537121927533957,0.6606893428869821,0.6562660541724963,0.868089278539445,0.9007269304690125,0.8527623254518599,0.7365686982539321,0.8094991372944089,0.7143607147557586,0.9964338989708681,0.7306711055798201,0.7133188959556941,0.9929832504331751,0.9760700705133396,0.9364195330316349,0.9307722475773075,0.8353595520387296,0.568230459218964,0.7371329896618974,0.9444983430401861,0.568230459218964,0.8499065615530126,0.7437455951366194,0.7064385118670835,0.568230459218964,0.868089278539445,0.8494513324275585,0.9774402702058511,0.9552619539370155,0.8739792747287908,0.8558236858258796,0.9301638097169644,0.8122852773424607,0.722184913864389,0.892031783811434,0.7178760263735864,0.8214199807746341,0.8727037613151145,0.9065503917245787,0.6613410825209098,0.8874451807660653,0.7571383508225542,0.6635162773132883,0.8880456953851479,0.7324189654618372,0.8050224845855389,0.8579639412160385,0.8341860124462199,0.7571383508225538,0.951278260525593,0.7463662771643382,0.7845047490766346,0.7693264532275643,0.8404690714821108,0.8469680690265147,0.4506997533023631,0.7418773163314569,0.9149550255290277,0.788725883251399,0.9240687457590013,0.484171109194231,0.8372936307150928,0.8558236858258792,0.8511420268993708,0.5065618329627117,0.9373184665069725,0.8983370916055974,0.6684417001136995,0.6923574856620531,0.986845680474064,0.871762417346021,0.4492272221755419,0.7824733633865915,0.8319998445807044,0.910063553131236,0.8014257724481391,0.43754530177023665,0.48294444018181926,0.9361771952086213,0.32329092938185267,0.817686616071881,0.7739511476121956,0.0,0.8341860124462197,0.828094858968585,0.602513654161871,0.746366277164338,0.9497335549541692,0.7102314698482417,0.5635454405070002,0.18593038276855567,0.8929779761790182,0.8381840243077958,0.5683842117048377,0.837793064527415,0.9325336793081733,0.8650546456747357,0.5206033542102526,0.9774654450934861,0.8469680690265147,0.6409904698586806,0.8492726478104706,0.9628215652992426,0.8970334570250007,0.7987020211932381,0.9230339739969549,0.2987752784799307,0.8469680690265149
p357_N,0.989614526894097,0.9453030402757778,0.8991086132420372,0.7793733011421319,0.9526370111116407,0.9648659912110238,0.7249398886610969,0.7677386497295293,0.9103107362174552,0.9629078616894173,0.9439253608596803,0.9511016704226434,0.9511016704226434,0.9277359074596554,0.5577951279582606,0.8931410336709438,0.9481398354780852,0.9361160018916064,0.9552175050422179,0.9629078616894173,0.8418888262364449,0.5851636683551689,0.9967391619170713,0.9542136024350834,0.6535695818768423,0.9361160018916062,0.9227946422906835,0.922085571782991,0.9629078616894173,0.7892117206997182,0.9300668284196516,0.957509435301382,0.9467071200650463,0.6989792690869991,0.9526370111116407,0.6202343224201634,0.9542136024350834,0.9467071200650465,0.9648659912110238,0.9348776724743584,0.5695585331492292,0.9922127245794845,0.9648659912110236,0.9187969445925777,0.9481398354780852,0.7218595070931915,0.9558359621451105,0.9478374857144207,0.37492189564673617,0.8991086132420372,0.957509435301382,0.8597455235253664,0.9361160018916062,0.945303040275778,0.9902930825832763,0.933654454952398,0.3866196394765743,0.9526370111116407,0.7864057866094465,0.9496037211238535,0.912399240286141,0.7507844886154753,0.5783982063611892,0.9465146323386673,0.1573927922435603,0.8362973223813353,0.8879369722234248,0.9649212652990378,0.9744168156815497,0.9610366993022685,0.9748006002614296,0.9348776724743584,0.9526370111116407,0.8383948208633001,0.9526370111116407,0.8941307528793183,0.9425720985427188,0.7547644840194463,0.8661586408023223,0.9648659912110236,0.9439253608596803,0.9386420076357269,0.9312498291554214,0.9361160018916064,0.9526370111116407,0.9231975163531971,0.9393618431817528,0.8481713308694636,0.9400810957454317,0.9511016704226434,0.9526370111116407,0.6007351226801827,0.7507844886154753,0.8646954736999413,0.9312498291554214,0.9072120922355345,0.7227969533618732,0.8951222364985463,0.8628398878670416,0.8309916996778286,0.4389062475974226,0.9695808922938259,0.9526370111116407,0.7328862023223747,0.9467391969089458,0.9610366993022685,0.9560815611946236,0.8412006503024139,0.9991256173192247,0.8404791612293148,0.6538424175338817,0.9373704232137268,0.850463664442046,0.5203025446251333,0.9558359621451105,0.7979454077493462,0.9453030402757778,0.9552175050422179,0.9648659912110236,0.8676499406085263,0.9634451361870242,0.623860928394257,0.9412414838519028,0.9300668284196518,0.9361160018916064,0.8020674121309697,0.9542136024350834,0.9042162740830947,0.9511016704226434,0.9665480300996037,0.9164201668122127,0.9558359621451105,0.957509435301382,0.9648659912110236,0.21293427001890963,0.8557565635983038,0.8872325694620835,0.9652137684610215,0.957509435301382,0.9496037211238535,0.7575505983588415,0.9629078616894173,0.8672605145480656,0.6657156257416792,0.6916094335135823,0.9166400151447351,0.9388267942128115,0.852744627559685,0.9348776724743586,0.8047947912836025,0.774002900150522,0.9123992402861405,0.935838895504223,0.925581846570086,0.9652137684610214,0.9348776724743586,0.5879968050127535,0.9649840504564584,0.8666662211060931,0.6610146236200108,0.7849210348604754,0.9558359621451105,0.9386420076357269,0.8155856001785133,0.9041490253843172,0.4331725347212605,0.8705954752723888,0.9061873961293254,0.9820451562749648,0.8557565635983038,0.9277359074596556,0.9511016704226434,0.933654454952398,0.7639668145550389,0.863708282603777,0.6117390277858337,0.9610366993022685,0.8794015740660153,0.550526793619607,0.8941307528793181,0.9177151699279686,0.9339021370701628,0.9617723288059055,0.9511016704226434,0.9020294315021223,0.807482982278513,0.9675159048758009,0.9082407355488131,0.9453030402757779,0.9288957400617388,0.9496037211238535,0.9518893725088031,0.8341860124462195,0.8942600569458918,0.9123992402861407,0.9526370111116407,0.9542136024350834,0.9496037211238535,0.9478374857144207,0.9412354087953774,0.9375821720172512,0.9511016704226434,0.9526370111116407,0.9119407584989201,0.8348893064606533,0.9629078616894173,0.9526370111116407,0.8760112958426578,0.9209817665727262,0.8941307528793183,0.8998492893872083,0.5856365084272994,0.3008360691103148,0.9526370111116407,0.8987613725012116,0.9526370111116406,0.8704000267574201,0.8497130258115502,0.8781849073732375,0.9526370111116407,0.7595757378098458,0.9526370111116407,0.7871715338102266,0.9560815611946234,0.922085571782991,0.973595421616538,0.372915727805317,0.8166739329437198,0.9496037211238535,0.9967391619170713,0.9425720985427191,0.5803846990965855,0.8063445760987145,0.9243180392978652,0.957509435301382,0.9465146323386673,0.9363467946367827,0.9092735418441047,0.9836644955542195,0.9209817665727262,0.9209817665727262,0.987327403406299,0.6238609283942569,0.9496037211238535,0.9526370111116407,0.9092735418441045,0.9526370111116407,0.7819180572644842,0.9209817665727262,0.9652137684610215,0.932445449857132,0.8166739329437198,0.9542136024350834,0.9198856874256709,0.9412414838519025,0.7901630378925127,0.7547644840194465,0.9042162740830946,0.9558359621451105,0.6657156257416792,0.9152949345126438,0.8547546403115025,0.9511016704226434,0.9592404230051592,0.7543153079381832,0.9648659912110238,0.8446109430683044,0.8446109430683044,0.9373704232137268,0.914173419871023,0.656885481844388,0.957509435301382,0.8587509369841102,0.8110096194294092,0.7866487334406873,0.9610366993022685,0.8716488174471997,0.9198856874256711,0.3918141855761076,0.9491737766988708,0.9610366993022685,0.8944208730785337,0.8266780075736038,0.8801474343127896,0.9051664401581994,0.5352976416436208,0.9558359621451105,0.9243180392978654,0.8504636644420462,0.9496037211238535,0.9558359621451105,0.9558359621451105,0.7950937914413694,0.9552175050422179,0.842372818627726,0.8646954736999413,0.8931410336709438,0.8547546403115025,0.787725913731191,0.48746479881525484,0.7465682820430694,0.9496037211238535,0.957509435301382,0.8458639564984103,0.9051664401581991,0.8949977467327623,0.9058453047843559,0.922085571782991,0.8048222124436132,0.9155711502428494,0.8921529459435535,0.7061352915422272,0.8321895668825326,0.8781849073732375,0.6628205208659987,0.8616993128705422,0.9103107362174554,0.9629078616894176,0.6989792690869987,0.9209817665727262,0.8674571939371439,0.9558359621451105,0.9526370111116407,0.9575094353013818,0.9505241704836669,0.4165696091121207,0.9610366993022685,0.9592404230051592,0.9808926695348984,0.9526370111116407,0.9412414838519025,0.9610366993022685,0.9648659912110236,0.9166400151447349,0.7937740955279331,0.3918141855761078,0.957509435301382,0.8446109430683044,0.7543153079381834,0.9991256173192247,0.9467071200650465,0.7339919640924342,0.9558359621451105,0.9243180392978654,0.7788688934502499,0.945303040275778,0.9166400151447349,0.9648659912110236,0.8114701760536349,0.651891432635106,0.8230236730198899,0.9227946422906831,0.9511016704226434,0.9748006002614296,0.6238609283942571,0.8200790560505895,0.8516044549634421,0.7694243902747524,0.9526370111116407,0.863708282603777,0.9231975163531969,0.40761072127387243,0.9231975163531969,0.9629078616894176,0.8557565635983038,0.9526370111116407,0.9526370111116407,0.9348776724743584,0.9103107362174552,0.6638126320958513,0.9526370111116406,0.9629078616894176,0.13752843001956527,0.4376673778442166,0.9041490253843172,0.8340710265917908,0.9526370111116407,0.4283277252442744,0.9425720985427188,0.7489933234855087,0.7834252014543854,0.9526370111116407,0.8891971954839686,0.4792255271138135,0.8217667418575592,0.8242743687062477,0.9288957400617388,0.6713683397738682,0.9558359621451105,0.8400240699667674,0.9526370111116407,0.7965069792215309,0.9361160018916064,0.9020294315021224,0.752558356845255,0.9542136024350834,0.7507844886154755,0.9467071200650463,0.9526370111116407,0.9031349604797552,0.8481713308694636,0.9526370111116407,0.9288957400617388,0.8388429655759455,0.7320261013979327,0.7742042751539617,0.8458639564984101,0.9526370111116407,0.7942458793111871,0.8656814261022985,0.9592404230051592,0.7132869920925937,0.774204275153962,0.9134510531460027,0.914508262091398,0.7020087823625963,0.9558359621451105,0.9051664401581991,0.8941307528793183,0.9399319300513138,0.862719772067565,0.6598776498344823,0.8794015740660155,0.9399319300513138,0.957509435301382,0.5783982063611888,0.9526370111116407,0.9610366993022685,0.8870940587008981,0.899506190223911,0.9439253608596803,0.9324454498571317,0.9496037211238535,0.8725839344553012,0.9542136024350834,0.9496037211238535,0.995812608116145,0.9526370111116407,0.945303040275778,0.9232615458212055,0.5907456282863712,0.9552175050422179,0.8567565353887989,0.9629078616894176,0.9453030402757778,0.939931930051314,0.8447043622091563,0.998394872319517,0.5109136619904608,0.9342377664167825,0.9220855717829912,0.9760557307924651,0.9922127245794845,0.9425720985427191,0.9092735418441045,0.9558359621451105,0.9243180392978654,0.5695585331492293,0.8852715588713493,0.9386420076357269,0.9465146323386673,0.995812608116145,0.9300668284196516,0.735936569437549,0.8780031897192964,0.9628947117876525,0.9481398354780852,0.8266780075736038,0.6430337485075479,0.9277359074596556,0.9386420076357269,0.939931930051314,0.7710309431023972,0.995812608116145,0.8617298618427944,0.9386420076357269,0.6689218616853777,0.8006907814269035,0.9558359621451105,0.725995790285457,0.8879962884971374,0.8440037465855231,0.9061873961293254,0.9610366993022685,0.7483585156811929,0.8991086132420374,0.9592404230051592,0.9397554510393484,0.9481398354780852,0.9481398354780852,0.957509435301382,0.9610366993022685,0.9300668284196516,0.7594883020057126,0.724017522651851,0.9128870094924401,0.9128870094924401,0.8352434350141635,0.913451053146003,0.9481398354780852,0.9450419189054637,0.9526370111116407,0.9592404230051594,0.9526370111116407,0.9526370111116407,0.8617289235276302,0.939931930051314,0.5577157597313219,0.9526370111116407,0.8527418007930997,0.8803545486957223,0.9209817665727262,0.7438624318663225,0.8891971954839686,0.9100318062103336,0.6739029008690668,0.9092735418441047,0.8825210710884406,0.9467071200650463,0.8941307528793182,0.9592404230051592,0.9231975163531969,0.883074072025955,0.8656814261022983,0.5688968124224419,0.9467071200650463,0.9842011665427952,0.8101507923896603,0.9592404230051592,0.5835519052153018,0.9558359621451105,0.5240323990600559,0.9425720985427188,0.9373704232137268,0.9399319300513138,0.85875093698411,0.9288957400617388,0.912399240286141,0.9399319300513138,0.9254476077793647,0.9558359621451105,0.9425720985427191,0.9542136024350834,0.9899175865127545,0.8666662211060931,0.7995269626832175,0.9652137684610215,0.7019538912394097,0.9481398354780854,0.7942458793111873,0.6467785536624368,0.9808926695348984,0.8217667418575592,0.9312498291554214,0.9648659912110236,0.7864057866094465,0.8567565353887989,0.9092735418441045,0.789342936302305,0.8803288140439886,0.913451053146003,0.9267506068373947,0.9526370111116407,0.957509435301382,0.922085571782991,0.9526370111116407,0.6923341401884341,0.998394872319517,0.9496037211238535,0.9312498291554214,0.7507844886154753,0.9399319300513138,0.8481713308694636,0.9493957255905625,0.8006907814269035,0.9439253608596803,0.8754910501451354,0.9496037211238535,0.9467071200650465,0.8650546456747354,0.8056206522660094,0.4476095028084548,0.8140865069385363,0.9244189161714624,0.810876436744993,0.8725553212046713,0.9243180392978652,0.8738328753514066,0.7595757378098459,0.9300668284196516,0.9629078616894176,0.3641489145402327,0.9542136024350834,0.9131632661895819,0.9092735418441045,0.9001110559421437,0.9511016704226434,0.82808284669933,0.7658590143585957,0.9428375253830148,0.9232615458212055,0.9558359621451105,0.6577647569364992,0.9681385641755447,0.9373704232137268,0.9082407355488131,0.8695186279171854,0.9412414838519028,0.9051664401581992,0.94392536085968,0.9511016704226434,0.957509435301382,0.9648659912110236,0.9526370111116407,0.9714058757497572,0.7162631470374486,0.8200790560505895,0.9730862985612765,0.9526370111116406,0.8911663603911606,0.7611811794511713,0.9546672453375802,0.43766737784421683,0.910310736217455,0.8991086132420374,0.8891971954839684,0.7787622746324638,0.932445449857132,0.5381166940451463,0.8607384721289719,0.8981086621953585,0.9592404230051594,0.9092735418441045,0.3866196394765741,0.9558359621451105,0.48665680757786833,0.9648659912110236,0.932445449857132,0.9496037211238535,0.9648659912110236,0.9453030402757778,0.933654454952398,0.9526370111116407,0.7000853882408264,0.8921529459435535,0.9552175050422179,0.9526370111116407,0.9425720985427191,0.8140865069385363,0.8458639564984101,0.9511016704226434,0.957509435301382,0.948139835478085,0.9511016704226434,0.9511016704226434,0.9714058757497573,0.9526370111116407,0.9481398354780852,0.913451053146003,0.9526370111116407,0.7823814062025373,0.7959862782732463,0.9610366993022685,0.9558359621451105,0.9592404230051592,0.9542136024350834,0.9511016704226434,0.7979107482144292,0.8676499406085263,0.9399319300513138,0.8517363824474662,0.9526370111116407,0.5323523422219291,0.9558359621451105,0.9386420076357269,0.8075195577599243,0.6554345152984606,0.9610366993022685,0.9542136024350834,0.9412414838519028,0.9209817665727262,0.9412414838519028,0.9526370111116407,0.9209817665727262,0.9265867198367659,0.8194149920013951,0.8497130258115502,0.8752885460677959,0.9610366993022685,0.42801423656049853,0.9558359621451105,0.9560815611946234,0.852744627559685,0.9526370111116407,0.9526370111116407,0.8901811511257471,0.9629078616894173,0.7397639704245085,0.9481398354780852,0.9439253608596803,0.8672605145480656,0.9496037211238535,0.8352713706602223,0.8292174273003112,0.9526370111116407,0.9526370111116407,0.9198856874256709,0.7507844886154753,0.9092735418441045,0.8493193247742896,0.8557565635983038,0.774204275153962,0.8507258744656063,0.8435406859332615,0.3496796590314234,0.8255892557605067,0.9526370111116407,0.9478374857144207,0.957509435301382,0.9648659912110238,0.7507844886154753,0.9610366993022685,0.8738328753514066,0.9526370111116407,0.9526370111116407,0.8192336313917981,0.9073884413700831,0.8267575835022263,0.9425720985427191,0.7019538912394098,0.9061873961293254,0.9839674685144806,0.9061873961293254,0.8770986505728713,0.7154691980060809,0.9526370111116406,0.486656807577868,0.8606154343794665,0.9542136024350834,0.9610366993022685,0.9688487076702472,0.8820186502619565,0.9166400151447349,0.4715257672874752,0.9542136024350834,0.8686326671635052,0.9526370111116407,0.8694583018704127,0.7974439991732674,0.9061873961293252,0.662820520865999,0.9086148915839569,0.945303040275778,0.9113525537588965,0.7088403617431999,0.9592404230051592,0.8774465467393258,0.8715757257382066,0.9481398354780852,0.9629078616894173,0.9277359074596554,0.9361160018916064,0.8561342062066826,0.957509435301382,0.9511016704226434,0.8842921321245036,0.933654454952398,0.8967531793197644,0.9265867198367659,0.9648659912110236,0.987885706373519,0.9648659912110238,0.9648659912110236,0.595718914481147,0.9254476077793647,0.9031349604797552,0.9526370111116407,0.9493957255905624,0.7622627557684603,0.9425720985427188,0.7489933234855088,0.9902930825832764,0.9511016704226434,0.933654454952398,0.9011161501496314,0.9542136024350834,0.8255189618559328,0.9231975163531969,0.8661586408023223,0.8447043622091563,0.9526370111116407,0.6007351226801826,0.9526370111116407,0.834071026591791,0.9629078616894173,0.9922127245794845,0.9386420076357271,0.7042792707118313,0.9526370111116407,0.8481713308694636,0.7864057866094465,0.9386420076357269,0.8493193247742896,0.8694583018704127,0.8561342062066825,0.957509435301382,0.8650546456747357,0.8879294594533993,0.8471182680454905,0.7907957676628272,0.9464536062171711,0.7300384715888371,0.9648659912110236,0.9464536062171711,0.9773757151292213,0.9051664401581994,0.9589376456981178,0.881438146000566,0.9092735418441047,0.780399367885496,0.9526370111116407,0.9511016704226434,0.8846853407167914,0.6923341401884342,0.9031349604797552,0.8217667418575592,0.829459599524121,0.9526370111116407,0.8328655804961274,0.6873207198416373,0.9277359074596554,0.9526370111116407,0.8507258744656065,0.9467071200650463,0.9610366993022685,0.939931930051314,0.9511016704226434,0.8567565353887989,0.9900588676412959,0.9041490253843172,0.9859410630732464,0.5264173485154181,0.939931930051314,0.7773263884392079,0.9526370111116407,0.932445449857132,0.9526370111116407,0.9610366993022685,0.7471844708650976,0.9291067501802863,0.9648659912110238,0.9312498291554214,0.8458639564984101,0.953270131910047,0.48648250974391893,0.9526370111116407,0.8749227387115642,0.8331249716086315,0.8607384721289717,0.36848226875928003,0.9209817665727262,0.957509435301382,0.9300668284196516,0.9288957400617388,0.922085571782991,0.9001110559421437,0.7993052872604907,0.922085571782991,0.9277359074596556,0.9575094353013822,0.8931410336709438,0.922085571782991,0.9648659912110238,0.30868387761274196,0.9542136024350834,0.6238609283942571,0.9511016704226434,0.9288957400617388,0.6707907717378427,0.8991086132420372,0.987885706373519,0.9399319300513138,0.9649840504564584,0.9348776724743586,0.9511016704226434,0.9425720985427191,0.8244961955520118,0.9277359074596556,0.5596297295004353,0.8413855291881589,0.9177151699279686,0.914508262091398,0.8527529638705935,0.9542136024350834,0.9558359621451105,0.8461610175508401,0.8650941762755693,0.9324454498571317,0.932445449857132,0.9478374857144207,0.957509435301382,0.9592404230051594,0.8823349016943813,0.9312498291554214,0.7137535106326702,0.9231975163531969,0.6691040842540233,0.862719772067565,0.9429902492134531,0.9288957400617388,0.9526370111116407,0.9108603479146291,0.6834546426311958,0.9187969445925777,0.9072120922355342,0.8597455235253666,0.6392292202897136,0.8873306148945668,0.8842921321245036,0.9361160018916062,0.2774670311345254,0.9312498291554214,0.9868418685480094,0.8803791478671708,0.8027832026517654,0.9439253608596803,0.8547546403115025,0.9511016704226434,0.7044833520417122,0.8341860124462197,0.0,0.9542136024350834,0.8941307528793181,0.9324454498571315,0.9558359621451105,0.5743376312713049,0.8725553212046713,0.8373477570245096,0.6532256048760396,0.8518109418760929,0.8435824105613206,0.9386420076357269,0.5544682858415848,0.9558359621451105,0.8686326671635052,0.9386420076357269,0.9604535056538153,0.9001110559421437,0.9373704232137268,0.9736183137840243,0.9629078616894173,0.8839367949745334,0.9610366993022685,0.9232033712272332,0.9592404230051594
p357_S,0.8891945326348292,0.9432937551644589,0.6578645668168772,0.9250812961986934,0.9508971383859763,0.9635753483468392,0.8937569295188519,0.8904522160011735,0.9070160137452734,0.9615452872130623,0.41671685112023005,0.9493053971730236,0.9493053971730236,0.9250812961986934,0.913577797842458,0.9611168424359666,0.9913221015557613,0.9337692322192535,0.9596053879391779,0.9615452872130625,0.9276228731395859,0.43120108940649693,0.9926931063209248,0.9525316455696202,0.44480921266889784,0.9337692322192535,0.9913221015557613,0.9192233962368055,0.9615452872130623,0.8118346753749688,0.9759790834075595,0.9692769377093196,0.9447494136270194,0.967100967856847,0.9508971383859763,0.9596053879391779,0.27932489451476883,0.9447494136270194,0.9635753483468392,0.9324854129452831,0.9807840195689514,0.9350697345319545,0.9635753483468394,0.9158139617897607,0.9462347596389562,0.9151097978869822,0.2519374759750954,0.9431134523268974,0.45103656456888974,0.8954023823601893,0.9559485503920393,0.8860505626205668,0.9337692322192535,0.9432937551644589,0.9942907727414586,0.98181078671843,0.98181078671843,0.9508971383859763,0.7764613417359434,0.3476792996802668,0.9091812387167526,0.8973050295528809,0.9859653849226513,0.9417626114543682,0.964551177658226,0.8302837275767867,0.9559485503920393,0.924764834874106,0.8738559594940687,0.9596053879391779,0.9238898933303421,0.9838585814857688,0.9508971383859763,0.8625158980695156,0.9508971383859763,0.6759671723200158,0.9404624926714931,0.9418654668890594,0.811839113189051,0.9635753483468392,0.9998238347481486,0.9363880304285923,0.9287243013130126,0.9337692322192535,0.9508971383859763,0.9203761879341787,0.9404624926714931,0.8698447141053747,0.6877808090043891,0.9493053971730236,0.9508971383859763,0.9698578908306781,0.9275739834424592,0.8597250809841579,0.9287243013130126,0.9038035415131251,0.9668883002312161,0.7088440617496857,0.885456963235423,0.8842670595891773,0.9312172606999456,0.9542136024350834,0.9508971383859763,0.8627880798184884,0.7212777238987409,0.1490201725853415,0.6359772303187253,0.8332805056157586,0.9390829980374289,0.8647795435579986,0.9144193028520167,0.9350697345319545,0.842870416037679,0.5836600746209311,0.2519374759750954,0.8195950362291899,0.9971196828020042,0.9596053879391779,0.9635753483468394,0.8949988213646447,0.9158139617897607,0.9611168424359666,0.9390829980374289,0.9274978432118415,0.9859653849226511,0.7927144738704675,0.27932489451476883,0.8983739487948558,0.9493053971730236,0.9621698344437759,0.9109264520435436,0.9542136024350831,0.9559485503920393,0.9635753483468394,0.9913221015557613,0.943851136706642,0.8830900737847376,0.9559485503920393,0.22153181872290717,0.947752420917731,0.8073382586859534,0.1898873839551799,0.8902048861603427,0.943555263926096,0.9276228731395864,0.9559566851226751,0.8964416496516883,0.8782416695665332,0.9324854129452831,0.8841357084407879,0.9615452872130623,0.9091812387167528,0.723138460468594,0.9555398441554903,0.9559485503920393,0.9324854129452831,0.9364800516833369,0.9605807414790561,0.7850374619771375,0.9970674713569028,0.9016718770795422,0.9736183137840242,0.9363880304285923,0.8381090821523731,0.6761982198649465,0.9916530842778033,0.930906079306367,0.6680233073997985,0.9287243013130126,0.8504578012789961,0.9250812961986934,0.2610516129103033,0.9312172606999458,0.9091481169388318,0.7276882348418339,0.9167698423523449,0.9596053879391779,0.9086173135612572,0.922708936151958,0.8902416609981851,0.9146924482852168,0.9288624015119116,0.98181078671843,0.9848910203339206,0.9284376076039204,0.7276882348418334,0.8627880798184884,0.9444775685014399,0.9432937551644589,0.9741270364328649,0.9477524209177308,0.9070160137452734,0.783607071814524,0.7967756161717694,0.9091812387167528,0.9508971383859763,0.9525316455696202,0.947752420917731,0.9038035415131251,0.7624155861379813,0.8954023823601893,0.9848910203339206,0.9508971383859763,0.7265282972801304,0.8550156776844489,0.9615452872130623,0.9508971383859763,0.8996699165287374,0.9621698344437759,0.8902416609981851,0.8617682235186914,0.9892166093373965,0.9848910203339206,0.9508971383859763,0.9247648348741061,0.9508971383859763,0.827681783355944,0.874890090459473,0.8715311586797311,0.9508971383859763,0.7437726155785189,0.9508971383859763,0.7750521290240769,0.9102716897738727,0.9192233962368055,0.7074261846288,0.9736183137840242,0.8369172238728211,0.947752420917731,0.45762921009410984,0.9404624926714933,0.9681207613454723,0.8283774467177323,0.9215378731313923,0.9559485503920393,0.9027412033397849,0.9313656494466989,0.9059407181827082,0.9006279533325661,0.5969222500946044,0.9180790428976136,0.946234759638956,0.9970674713569025,0.947752420917731,0.9508971383859763,0.9458556185436358,0.9508971383859763,0.8746872426299618,0.9621698344437759,0.9559485503920393,0.9798175375448483,0.8078642642936519,0.9525316455696202,0.9169426994374763,0.38879941364220005,0.9713658331823793,0.9418654668890594,0.8983739487948557,0.9542136024350836,0.943555263926096,0.9097700783194735,0.8804734569104511,0.9493053971730236,0.9577431256853026,0.9251002593023416,0.9635753483468392,0.8692863322387205,0.857261409151131,0.9881361984083077,0.8749714078758022,0.9816989278327977,0.9559485503920393,0.8849349368769786,0.8453718612169463,0.8659701834519902,0.1490201725853415,0.8346191856858272,0.9169426994374763,0.9903766507571459,0.9444775685014404,0.1490201725853415,0.8882829779934609,0.8499016172090268,0.9577431256853024,0.9404244238472443,0.9723157551667552,0.9542136024350834,0.967100967856847,0.8428704160376788,0.34767929968026734,0.9542136024350834,0.9736183137840242,0.7854785296038393,0.9596053879391779,0.8731770969580539,0.8916364199492739,0.679376868354673,0.8804734569104511,0.9596053879391779,0.981381831638016,0.9647682499737457,0.947752420917731,0.9559485503920393,0.8381090821523731,0.9404244238472441,0.9542136024350834,0.9324854129452831,0.9637851559795012,0.7637935221451874,0.9124696683389528,0.9239484101648903,0.9055879259360589,0.7927144738704672,0.8715311586797314,0.9448543512076254,0.9615452872130625,0.9070160137452734,0.9615452872130625,0.5317049901631526,0.9180790428976138,0.9544588564256291,0.9542136024350834,0.9508971383859763,0.9559485503920393,0.9059407181827079,0.9859653849226513,0.1490201725853415,0.9577431256853024,0.9493053971730234,0.9508971383859763,0.38879941364220016,0.9593605721085062,0.9635753483468394,0.6202544420751558,0.811839113189051,0.9903766507571459,0.9692769377093197,0.8389027479487043,0.7732961619759442,0.9950927970641263,0.9447494136270196,0.9079602788289414,0.9542136024350836,0.967100967856847,0.7981593559702387,0.9432937551644589,0.9559566851226751,0.9635753483468394,0.8315400581731189,0.967100967856847,0.8435002207563183,0.3668907135029361,0.9493053971730236,0.9828047536783365,0.9611168424359666,0.8134696855167469,0.8440510684196687,0.7885717323084885,0.9508971383859763,0.8905177901464343,0.9654282935645833,0.968805048104574,0.5840506501313683,0.9615452872130623,0.8815889130882113,0.9508971383859763,0.9508971383859763,0.9838585814857688,0.987480587471586,0.9607529580583574,0.9508971383859763,0.9615452872130625,0.9813818316380158,0.9723157551667552,0.6377278719738124,0.8258956469281091,0.9508971383859763,0.9741270364328647,0.9975839852098576,0.7679320245101977,0.7733672596361088,0.9508971383859763,0.6923952854011408,0.9637851559795012,0.842195146291352,0.8157436736103338,0.5474399501189947,0.9409779217811247,0.9736183137840243,0.8320620122916542,0.9508971383859763,0.7869450188228926,0.9337692322192535,0.748408887851709,0.8961225594262117,0.9776371308016877,0.7697364776617591,0.9942907727414586,0.9508971383859763,0.9377836865370688,0.8698447141053747,0.9508971383859763,0.9262837350880504,0.8016608579382383,0.7508809619658817,0.7934200261883636,0.8381090821523731,0.9508971383859763,0.8447998165522012,0.8927560435416244,0.9577431256853024,0.7321276196027987,0.7637935221451873,0.9102716897738725,0.9113677351409675,0.9377836865370688,0.2519374759750954,0.9016827426948624,0.8902416609981851,0.9377253379624282,0.8894000200499044,0.9120866389980959,0.7212777238987402,0.9377253379624282,0.22153181872290717,0.9859653849226513,0.9508971383859763,0.9593605721085062,0.9048699718936313,0.8487381822088336,0.9418654668890594,0.5216455167346217,0.947752420917731,0.8052614894098253,0.9525316455696202,0.947752420917731,0.9418654668890594,0.9508971383859763,0.9432937551644589,0.6636996446798815,0.9472483006084296,0.9596053879391779,0.8827042327454635,0.9615452872130625,0.9971196828020042,0.9926931063209248,0.8703405048599927,0.9975839852098576,0.9615452872130623,0.7840019956468411,0.9637851559795012,0.8954023823601893,0.9350697345319545,0.9404624926714933,0.6150804774861585,0.9542136024350834,0.9215378731313923,0.941762611454368,0.7045206113273155,0.9903766507571461,0.9027412033397848,0.9418654668890594,0.9759790834075595,0.9683048816077777,0.8382456366045414,0.9080961023073577,0.9462347596389562,0.8203110485944873,0.6616348874188218,0.9250812961986934,0.9363880304285925,0.9377253379624282,0.7902003833393281,0.9998238347481487,0.7637600698031106,0.9903766507571461,0.5528314585484418,0.7912862007463008,0.9542136024350834,0.9127200248974268,0.783607071814524,0.9203761879341787,0.9417626114543682,0.9596053879391779,0.7981593559702387,0.8954023823601893,0.9577431256853024,0.9192233962368053,0.9462347596389562,0.9913221015557613,0.9559485503920393,0.9596053879391782,0.9274978432118417,0.7485096816739989,0.9977811431789546,0.3268551954033594,0.9493053971730236,0.8591052725560666,0.9102716897738727,0.9462347596389562,0.9097700783194735,0.9508971383859763,0.1874942110935155,0.9508971383859763,0.9508971383859763,0.8545251315798743,0.9377253379624282,0.9873359374176982,0.9508971383859763,0.8452280645834547,0.8737714100411207,0.9180790428976138,0.9211232378692127,0.6923952854011408,0.7764613417359432,0.9070160137452734,0.9059407181827084,0.876007953269136,0.9447494136270191,0.8902416609981851,0.9577431256853026,0.9203761879341785,0.8144472611771492,0.8607472522091426,0.4907272744395409,0.9447494136270194,0.947752420917731,0.8592586391832724,0.9577431256853026,0.641938767417417,0.2519374759750954,0.9431134523268974,0.9404624926714931,0.9881361984083077,0.9926931063209248,0.8849349368769786,0.5474399501189946,0.9500805720293444,0.9377253379624282,0.9227089361519578,0.9542136024350834,0.9404624926714933,0.9525316455696202,0.6030388381051448,0.8938767975645252,0.876007953269136,0.9559485503920393,0.9580939456561925,0.9462347596389562,0.8646387540291243,0.6653273835450431,0.9493053971730234,0.8131443083727967,0.9287243013130126,0.9471168020442999,0.7764613417359432,0.8827042327454633,0.9458556185436358,0.8088319429713118,0.9404624926714933,0.9102716897738727,0.9215322787290985,0.9508971383859763,0.22153181872290717,0.9192233962368053,0.9813818316380158,0.930906079306367,0.9975839852098576,0.947752420917731,0.5306198259384007,0.769736477661759,0.9377253379624282,0.840497711631859,0.9615452872130625,0.8204479852768936,0.9418654668890594,0.9371597064536137,0.947752420917731,0.9447494136270194,0.8579639412160376,0.9180790428976138,0.9903766507571459,0.7761208698281865,0.8841079446138815,0.7997161239949889,0.900633073794324,0.9215378731313923,0.8670360756633022,0.7112404850670078,0.9274978432118417,0.9615452872130625,0.9950927970641261,0.9776371308016878,0.7874337192980811,0.9059407181827079,0.8964416496516878,0.9493053971730236,0.7884016635964683,0.7528528539809523,0.9471168020442999,0.8830900737847376,0.9542136024350834,0.9654282935645835,0.5460354868508437,0.9350697345319545,0.9048699718936308,0.4907272744395409,0.9950927970641261,0.9016827426948629,0.9418654668890594,0.9493053971730234,0.22153181872290717,0.9635753483468392,0.9508971383859763,0.9873359374176983,0.9358986372211366,0.8631222787530046,0.922708936151958,0.9508971383859763,0.8871683719695134,0.8902048861603422,0.9091812387167528,0.9723157551667552,0.6101965438968522,0.8954023823601893,0.8851268700668165,0.8512204170705064,0.929963842972795,0.9500805720293444,0.918710349669114,0.9313656494466989,0.1874942110935155,0.6549953778470863,0.98181078671843,0.9736183137840242,0.9937393740100617,0.9471168020442999,0.929963842972795,0.9881959173184504,0.9635753483468394,0.9432937551644589,0.9312172606999454,0.9508971383859763,0.9400545643111307,0.6469650630949719,0.9596053879391779,0.981381831638016,0.9404624926714933,0.8051812588818612,0.8381090821523731,0.9493053971730236,0.9692769377093198,0.946234759638956,0.9493053971730236,0.9493053971730236,0.967100967856847,0.9508971383859763,0.9913221015557613,0.9927718861206731,0.9508971383859763,0.9363880304285923,0.9313656494466989,0.9596053879391779,0.2519374759750954,0.9577431256853026,0.9525316455696202,0.9848910203339205,0.817596765451228,0.8627880798184884,0.9377253379624282,0.8771251090843863,0.9508971383859763,0.9515217879472728,0.9542136024350834,0.9903766507571461,0.8587723848865854,0.589274313057506,0.9596053879391779,0.95253164556962,0.9390829980374289,0.9621698344437759,0.9390829980374291,0.30417153187793744,0.9180790428976138,0.9238898933303421,0.9759790834075597,0.818131554774667,0.9418654668890594,0.9596053879391779,0.9838585814857688,0.2519374759750954,0.9102716897738727,0.8782416695665329,0.9508971383859763,0.9508971383859763,0.6892293382363617,0.9615452872130623,0.965666563874821,0.366890713502936,0.9418654668890594,0.8602443068685646,0.947752420917731,0.8271391691662509,0.8499461646223647,0.9508971383859763,0.9508971383859763,0.9169426994374763,0.8000054315513374,0.9458556185436355,0.8710592812792085,0.8504578012789958,0.9103149333798706,0.7855699761558455,0.8357036456249929,0.958797337715339,0.8487381822088331,0.9508971383859763,0.9431134523268974,0.22153181872290717,0.9635753483468392,0.8973050295528808,0.1490201725853415,0.8670360756633024,0.9508971383859763,0.9508971383859763,0.8105182202120127,0.9508971383859763,0.8473831256663145,0.3740795968681325,0.8938767975645252,0.9417626114543682,0.9798175375448483,0.6680233073997988,0.8704093710370473,0.9502541647447567,0.9508971383859763,0.9937393740100617,0.8533735784330467,0.27932489451476883,0.9596053879391779,0.998689452668635,0.9029097871803183,0.9135777978424582,0.9654282935645835,0.9525316455696202,0.7160935373972717,0.9508971383859763,0.8625158980695156,0.9203761879341785,0.902741203339785,0.681938757987475,0.8699031439713583,0.9971196828020042,0.9080961023073577,0.7276882348418334,0.9577431256853024,0.8729445628956358,0.8995025048859868,0.9913221015557613,0.9615452872130625,0.9250812961986936,0.9337692322192535,0.8487381822088333,0.9559485503920393,0.9493053971730236,0.7418038675850895,0.98181078671843,0.918079042897614,0.9705425698260028,0.9635753483468394,0.9621698344437761,0.9635753483468392,0.9471168020442999,0.6150804774861584,0.9227089361519578,0.8995766368965674,0.9508971383859763,0.953597979903762,0.3740795968681325,0.9404624926714931,0.7072810178879125,0.9447494136270196,0.9493053971730234,0.9312172606999454,0.8974836658533198,0.9525316455696202,0.8342416479355359,0.9654282935645833,0.8291911258056228,0.8076334229675868,0.9508971383859763,0.9326301365954337,0.9508971383859763,0.8258956469281091,0.9615452872130623,0.9881361984083077,0.9363880304285928,0.7231384604685942,0.9508971383859763,0.840497711631859,0.7764613417359432,0.9363880304285928,0.8416859998638053,0.8625158980695156,0.8487381822088333,0.22153181872290717,0.8579639412160376,0.7448377452012054,0.8710592812792088,0.8396138091088563,0.9377253379624282,0.7179086508802607,0.9635753483468394,0.9377253379624282,0.9508971383859763,0.6721587646289401,0.9838585814857688,0.8748900904594734,0.9059407181827082,0.7997161239949889,0.9508971383859763,0.9493053971730236,0.8782416695665329,0.930906079306367,0.6419387674174171,0.8131443083727967,0.8190265517098685,0.9508971383859763,0.8246467578196357,0.706253947232623,0.9250812961986936,0.9508971383859763,0.8452423104895888,0.9447494136270194,0.1490201725853415,0.9377253379624282,0.9493053971730236,0.9139139585985596,0.9337692322192533,0.6761982198649475,0.9675956872630855,0.9529808977910947,0.9926931063209248,0.7670353703558735,0.9508971383859763,0.9798175375448483,0.9508971383859763,0.9596053879391779,0.8996699165287372,0.8881911996032124,0.9635753483468392,0.9287243013130126,0.8967049201048769,0.9080961023073577,0.5081051961845662,0.9508971383859763,0.8984874390672324,0.8866455780776872,0.7973953146501016,0.9759790834075597,0.9621698344437761,0.9692769377093198,0.9274978432118415,0.9741270364328649,0.9192233962368055,0.896441649651688,0.8190265517098685,0.9192233962368055,0.9723157551667552,0.9559485503920393,0.679376868354673,0.9192233962368055,0.9635753483468392,0.9859653849226513,0.9525316455696202,0.6793768683546733,0.9493053971730234,0.9262837350880504,0.9363880304285925,0.9698578908306781,0.5528314585484426,0.9377253379624282,0.9169426994374763,0.9838585814857688,0.9848910203339206,0.9404624926714933,0.8180490880155942,0.5553396551526283,0.984085165109249,0.869286332238721,0.9574754780088428,0.952980897791095,0.9838585814857688,0.9525316455696202,0.2519374759750955,0.9444775685014399,0.9728901249701001,0.5216455167346221,0.9798175375448483,0.9431134523268974,0.22153181872290728,0.1874942110935155,0.8780124908814331,0.9287243013130129,0.9702809439756741,0.9203761879341785,0.4422460342438227,0.8576768022305963,0.9390829980374291,0.9262837350880506,0.30417153187793744,0.8726518023669643,0.9167698423523449,0.6089591155381727,0.9431134523268976,0.8545932950871287,0.9577431256853024,0.9215378731313923,0.8800416198957273,0.9337692322192535,0.9913221015557613,0.5306198259384008,0.9027412033397848,0.8759848927128515,0.8551620913384854,0.41671685112023005,0.8494190724813766,0.9848910203339206,0.8871683719695136,0.828094858968585,0.9542136024350834,0.0,0.8902416609981851,0.9299638429727948,0.9542136024350836,0.9404244238472439,0.900633073794324,0.8913895452939615,0.947752420917731,0.3476792996802678,0.837836432444947,0.9903766507571459,0.9059407181827082,0.9542136024350836,0.8961222571494831,0.4697371459573171,0.1874942110935155,0.896441649651688,0.9350697345319547,0.9525316455696202,0.9615452872130623,0.9251662135150307,0.9596053879391779,0.8545251315798741,0.1874942110935155
p357_V,0.9190020409904536,0.8688814196559584,0.7581449596587466,0.9001248489566038,0.7279119480564191,0.9157773781681393,0.6151050524725505,0.574407158005726,0.402752609310001,0.6935694561765535,0.8655788710295136,0.7765753048984841,0.7084467244483663,0.8267698008899673,0.9976139811929994,0.9857751129780334,0.9726558411029651,0.8468584144181484,0.9256077995825026,0.9550108469657219,0.8803210333608322,0.8623348546394312,0.9129158007108344,0.7482657001003148,0.8591451287364846,0.39657643890135463,0.8756817347288379,0.6792765171761819,0.9110833848585063,0.6782030964154113,0.4649237796307125,0.7147752557536893,0.8722472547880544,0.5445886561350785,0.6928550600870439,0.906597867618917,0.9263909248883351,0.8722472547880544,0.6681377289013237,0.8704840658629895,0.7751140922654678,0.877336205415137,0.9455276575216817,0.859191822246638,0.9403311389782558,0.69140775823669,0.8941307528793183,0.4491518687441165,0.8438899131338646,0.7215231925969611,0.7534834928777274,0.6800688241594661,0.4235966227113721,0.9305733174439872,0.8722472547880544,0.8671481959671583,0.8971367806773712,0.8864622842804517,0.7636937336736361,0.8791909353978857,0.4477957028023112,0.7820038324669081,0.8738785982281663,0.9569146673376991,0.9022918659842716,0.5238887210797978,0.9755588472540062,0.957448976261386,0.8376803020586381,0.906597867618917,0.8481655023013712,0.8438899131338649,0.9215191722498273,0.37600914433284205,0.8864622842804517,0.7649253731343284,0.8623348546394305,0.8655788710295136,0.620674383661187,0.9157773781681393,0.8627518323605281,0.8808617942287751,0.8351933115660992,0.9640002989117291,0.8864622842804517,0.8158904503387643,0.9510444518769681,0.7530275255677794,0.8662065475771665,0.8827817928509325,0.8864622842804517,0.7581449596587455,0.7792581695533518,0.6635727493062644,0.8606368814689076,0.9200163595129568,0.7533564320784047,0.7485888881337768,0.3850175552290216,0.5429458147351691,0.8409576378165506,0.8941307528793181,0.8864622842804519,0.8161280847225643,0.7109035953750168,0.9065978676189168,0.7925264018514981,0.45493954260945013,0.9751226471151502,0.41439466231860544,0.7404233186480345,0.9028980787115758,0.5637767246146944,0.8193450442209942,0.8941307528793183,0.6265327290655307,0.8997273685499725,0.7158648835842756,0.9157773781681391,0.40017454925796603,0.8500703711925583,0.9113334117247391,0.8591451287364846,0.9166715649446153,0.8468584144181488,0.6866556605824428,0.8902416609981851,0.8076792614799992,0.9168460830759904,0.9475247683209957,0.5291861148392983,0.8941307528793181,0.9368506101299683,0.9917593122917417,0.8756817347288381,0.7992619142723054,0.8732889944476517,0.9368506101299683,0.8981423730059304,0.9123483154835408,0.6241024780524285,0.911083384858506,0.554907879297018,0.7307364664382368,0.9179587891399903,0.47587120206223965,0.851594831821235,0.3130484657409792,0.8704840658629902,0.5451704304048348,0.9110833848585063,0.7653787371572889,0.8437125928094669,0.8464347259141753,0.8981423730059306,0.46466211590887363,0.7653735380464488,0.8079513928571604,0.7378720481793333,0.7438395839048275,0.7513338807543255,0.8941307528793181,0.8529137105219888,0.8354132331965359,0.7901425447676469,0.8132249165650078,0.6702564268920295,0.7751140922654678,0.8860804513717158,0.7656189316776311,0.8267698008899678,0.8827817928509321,0.530468966568862,0.7269981518790485,0.7173204273185987,0.8530536913563287,0.9904950340182073,0.975584140563161,0.964458723059042,0.7649253731343286,0.7764524964692129,0.7379897850425543,0.9195293122683741,0.8827817928509321,0.879968758975493,0.6732839158200903,0.36682572517203127,0.9645679458297094,0.8688814196559593,0.8543169908091184,0.7892352637455654,0.9932674388112273,0.6179758683436098,0.4749899591175457,0.9982729623509397,0.8864622842804517,0.7482657001003147,0.95502216417384,0.9171883445533842,0.8061175322852909,0.6251654430146873,0.8827817928509321,0.8864622842804517,0.7234953186605351,0.6257345145756408,0.693569456176554,0.8864622842804517,0.7276251529420699,0.5275160480098045,0.4678312980551774,0.6215213845072105,0.7874959163934858,0.8827817928509321,0.8864622842804517,0.843712592809467,0.8864622842804516,0.5801626554905867,0.6874084299558461,0.6797886015499208,0.8864622842804517,0.7234753402496821,0.8864622842804517,0.6930352137348375,0.6095677189071118,0.8132249165650078,0.7404233186480342,0.8941307528793181,0.5188193524626786,0.9123483154835408,0.8844608451681757,0.8715363536479565,0.7900050147457418,0.6645474259857722,0.8185765480394149,0.8981423730059304,0.8357142839562117,0.9377941215063208,0.7825121459579754,0.8698017393569923,0.7101105466773519,0.48186742334291677,0.8010712440240708,0.7438395839048273,0.8791909353978862,0.8864622842804517,0.9488741238632555,0.8864622842804517,0.5740130188035736,0.8105788943203356,0.8981423730059306,0.8380594322760746,0.5188193524626785,0.7482657001003147,0.6047101874302311,0.8591451287364844,0.7605479974944294,0.8655788710295136,0.5692117214156475,0.7322794731660371,0.7307364664382368,0.7970484237812525,0.8016022246470541,0.8827817928509327,0.9368056844674395,0.7737294559115864,0.6681377289013237,0.6647109349545082,0.947824915898533,0.8498654909309766,0.609819832491033,0.7202806704181546,0.8981423730059306,0.8513811581288204,0.9539919630685432,0.6539952189804796,0.9065978676189168,0.5080726486766591,0.5821202482105139,0.8529137105219888,0.9030574042368795,0.9065978676189168,0.9548325655656568,0.4198119909868252,0.9022918659842716,0.792721933449825,0.8512214835788459,0.8941307528793181,0.8421630219588783,0.4876779029890308,0.879190935397886,0.9314897302747827,0.8941307528793181,0.5648502315148973,0.906597867618917,0.496912371043277,0.6966115922018663,0.7624500092181512,0.8768816742913788,0.906597867618917,0.8864622842804519,0.8704840658629898,0.879190935397886,0.8981423730059306,0.456249676598912,0.6858413402330732,0.8941307528793181,0.8438899131338653,0.9560939169537146,0.6024520599437715,0.7894000570035359,0.6661994690989455,0.6556259665294553,0.8224503633937468,0.6411933957474596,0.7331541723798976,0.9110833848585063,0.6735022429108313,0.9110833848585063,0.9365089176367314,0.7329348590107957,0.8193450442209942,0.9190743601433596,0.8864622842804517,0.598650544381574,0.9684754976201999,0.8468584144181488,0.9065978676189168,0.982743090758416,0.8827817928509323,0.8864622842804517,0.8591451287364844,0.906597867618917,0.9157773781681391,0.8001709249137134,0.6205340313117771,0.8529137105219888,0.8981423730059306,0.5388824989793862,0.633212476374504,0.8591451287364846,0.7175138924903028,0.6924720644695581,0.7322794731660364,0.4738292343766889,0.7015474986353398,0.6067374491458,0.8268810798920785,0.9157773781681393,0.5306879509878712,0.8185765480394147,0.5035978683337814,0.8756817347288379,0.8827817928509323,0.8481655023013712,0.7438395839048275,0.44201861001363263,0.560268216061308,0.6102526950606548,0.8864622842804517,0.42085767533201435,0.9275680761378678,0.8451467284600858,0.885856306754228,0.9550108469657217,0.6366947378850192,0.8864622842804517,0.8864622842804517,0.9167627123040055,0.9234249816192873,0.6850885630215995,0.8864622842804516,0.9110833848585063,0.8864622842804519,0.8267698008899674,0.7702277461203106,0.4749899591175456,0.9215191722498273,0.8295501310031699,0.8623348546394307,0.6407370207655991,0.5865950509381086,0.8864622842804517,0.7526106932708461,0.8132249165650078,0.506678193774267,0.5004988466485281,0.8543169908091184,0.7085603452920899,0.8941307528793181,0.4583405337862817,0.8864622842804517,0.5620784170923399,0.8468584144181488,0.6457688554354685,0.8859786689676714,0.8902416609981851,0.6382352416312915,0.8722472547880544,0.8864622842804517,0.9157471835607242,0.6011080142556358,0.8864622842804517,0.8790838506150669,0.49192604190856914,0.6630012597203829,0.6024520599437715,0.4410831343350069,0.8864622842804517,0.8614920382628015,0.6260515913794742,0.9022918659842714,0.7340414813592231,0.6484619788803492,0.9633566530633242,0.3863536265380427,0.7875753457860808,0.8941307528793183,0.966614962096128,0.4304047942107633,0.8560058896255165,0.3273414371968244,0.7355743508987873,0.7283209433784521,0.9698257117961535,0.8981423730059304,0.8468584144181488,0.8864622842804517,0.906597867618917,0.7800363210512207,0.5765899238719272,0.8325663549594216,0.8380594322760748,0.879190935397886,0.6102488152620829,0.8902416609981854,0.879190935397886,0.8655788710295138,0.8864622842804519,0.8688814196559582,0.7477229678611392,0.7849984898875142,0.9256077995825024,0.3416950455881621,0.9110833848585065,0.9922652152320146,0.9129158007108349,0.5355144440287747,0.8623348546394307,0.9550108469657219,0.703901060642826,0.8638214503612037,0.9701320087397534,0.8498654909309766,0.8623348546394323,0.803174740587111,0.9190743601433595,0.8657494958783414,0.9771147312346136,0.8817154931128975,0.8808617942287751,0.7400843742085841,0.8655788710295138,0.41472958126250103,0.6421627176199254,0.5910036010642831,0.8714826049591646,0.8756817347288377,0.5423562876979122,0.755747894770401,0.7086482280213354,0.9088098779355613,0.8844608451681761,0.6076613741560664,0.8957643484306201,0.6849163308736788,0.8529137105219888,0.8105788943203356,0.5385893026274396,0.8941307528793183,0.91207058384084,0.6489002967070887,0.839212402477252,0.9420850131777284,0.9904950340182073,0.7015474986353398,0.4324499438501347,0.9425174783713439,0.8362930332131358,0.8756817347288379,0.8756817347288381,0.9755588472540062,0.7158648835842756,0.857454542398433,0.6256272652165842,0.8053414778755115,0.8827817928509321,0.8827817928509321,0.6051888411096147,0.9725820027322412,0.8756817347288386,0.7132470179278474,0.8864622842804517,0.9022918659842718,0.8864622842804517,0.8864622842804517,0.5275494240041839,0.8878995104905507,0.8421630219588783,0.8864622842804517,0.4652356812949454,0.3637077368362107,0.8790518313206658,0.8187126133291938,0.7708359014897088,0.5812270754605109,0.9932674388112273,0.9891380922493362,0.4659626197207971,0.8437412317892697,0.933344640434193,0.9022918659842718,0.48445098550659793,0.6991144241744895,0.44378302969442274,0.8323574432143279,0.9038040896127961,0.7560778836599099,0.8196310612310536,0.9425174783713439,0.7677968477425345,0.8941307528793183,0.7775704755710051,0.84196648790211,0.9597483488676191,0.8844608451681752,0.4940875277207908,0.8543169908091184,0.4689679050926432,0.8594445549478914,0.8212843295402952,0.8069974279569663,0.9510444518769683,0.8902416609981854,0.830541332076876,0.47192767407162295,0.6899417174052438,0.8981423730059306,0.763482250368708,0.8333959461487802,0.771243740359233,0.7533564320784047,0.8827817928509321,0.5367554672796484,0.8606368814689074,0.9157773781681391,0.5812270754605109,0.4709448060450855,0.989138092249336,0.6061727819811167,0.8919047203852768,0.8658130957248499,0.9335357980773188,0.8864622842804517,0.8981423730059304,0.6100721672317984,0.8864622842804519,0.7234753402496816,0.9011062193938023,0.9786630756548504,0.886080451371716,0.6382352416312913,0.8560058896255165,0.4339965518122775,0.9110833848585063,0.5536853726907309,0.9863207806339396,0.8869727623623923,0.879190935397886,0.9669177592622797,0.8408466352955106,0.8334032066537786,0.8529137105219888,0.6150479410439276,0.6151108391738004,0.5766545889203936,0.7967548694345394,0.8185765480394147,0.4059426913414148,0.7066345560036182,0.9076487407666443,0.9110833848585065,0.888139508331151,0.9625401887784852,0.6556259665294553,0.7835733668301664,0.6964519635475008,0.8827817928509325,0.5592938406899755,0.660547414427038,0.9157773781681391,0.9093830932753862,0.8069974279569663,0.932500211031204,0.8132249165650078,0.8498654909309771,0.9329144848489074,0.8574545423984334,0.966888593695517,0.792721933449825,0.8957643484306197,0.8827817928509321,0.8981423730059304,0.9157773781681393,0.8864622842804517,0.9691451866854152,0.7162663589447833,0.6703150748906256,0.8212843295402947,0.8864622842804516,0.6532723401604126,0.6075748488380366,0.7865509394476206,0.8267698008899678,0.7849984898875133,0.7581449596587455,0.6095070190689602,0.958147248751684,0.8896745771163432,0.7900050147457418,0.45206025638335345,0.7557478947704008,0.9022918659842718,0.803174740587111,0.923327338827979,0.8941307528793181,0.8105788943203356,0.9157773781681391,0.9554799883628495,0.879190935397886,0.9157773781681393,0.8688814196559584,0.8409576378165506,0.8864622842804519,0.7109989288393819,0.759981256721842,0.9256077995825027,0.9565760602192026,0.5758376961895,0.6752222652538258,0.5927485569740574,0.8827817928509323,0.8981423730059306,0.8756817347288381,0.8827817928509323,0.8827817928509325,0.8185765480394149,0.8864622842804517,0.8333959461487794,0.9847104344648024,0.8864622842804517,0.8529137105219888,0.7749015187531063,0.7997620499835654,0.8941307528793183,0.9022918659842716,0.8902416609981851,0.8827817928509323,0.7104270138474742,0.5669186696876405,0.8025346438625727,0.5094116844674319,0.8864622842804517,0.7925264018514981,0.8941307528793181,0.8529137105219888,0.616030773828254,0.8166024519656592,0.906597867618917,0.8902416609981851,0.7059391773435197,0.901876143654109,0.8591451287364846,0.8864622842804517,0.9611779823452306,0.8481655023013712,0.9076487407666445,0.5974861429503642,0.9259498258317267,0.906597867618917,0.8438899131338644,0.8941307528793183,0.8138801832529765,0.4730406961376411,0.8864622842804517,0.9215191722498273,0.79169753868695,0.6935694561765539,0.6373009543432431,0.8756817347288379,0.8655788710295136,0.523888721079798,0.879190935397886,0.6225169708698544,0.48790866098377694,0.8864622842804517,0.8864622842804517,0.8983111497360234,0.7009120984855401,0.7825121459579749,0.7180770691203547,0.2821532049553407,0.6024520599437719,0.6580890508816979,0.44806279289169304,0.8498654909309755,0.4235891212535937,0.8864622842804517,0.7979198875627125,0.8981423730059304,0.6681377289013237,0.6382352416312915,0.9065978676189168,0.6096424761177244,0.8864622842804517,0.8864622842804517,0.5127841318592219,0.8864622842804519,0.49424330057232424,0.8623348546394312,0.6969961568417802,0.7953141561623822,0.8380594322760744,0.775114092265468,0.5032685954223564,0.6661647388985443,0.8864622842804516,0.8105788943203354,0.4236626413869642,0.8902416609981851,0.9485464508185621,0.9146313885119859,0.8455829877418558,0.9976139811929996,0.8158904503387641,0.7121164362101645,0.7018171275601726,0.8864622842804517,0.516047471817582,0.9742119804148441,0.39668328796103747,0.7507174988746785,0.7162663589447835,0.9768888358739715,0.8345639850609582,0.6897540687082337,0.9368056844674395,0.5508169184583509,0.3615170806313015,0.8756817347288377,0.9110833848585063,0.9287133722212444,0.9910204827217466,0.5612898436100939,0.7534834928777272,0.8827817928509323,0.40536079209761156,0.9195293122683741,0.8334032066537784,0.8964665294404834,0.9917593122917417,0.8105788943203354,0.9455276575216822,0.9157773781681391,0.7825121459579751,0.9162292823420015,0.46084172855915473,0.9215191722498273,0.9110833848585063,0.8919047203852768,0.8715363536479567,0.6564355087031024,0.9353609244375383,0.8106395951235422,0.9195293122683741,0.6905473608131175,0.7844149639904643,0.677903749489766,0.8158904503387641,0.6051888411096147,0.61128808573724,0.8864622842804517,0.7581449596587455,0.9215191722498273,0.6860323367588792,0.6935694561765535,0.9872190633517803,0.47633228051513843,0.7442933773448934,0.8864622842804517,0.6618758187804931,0.5812270754605109,0.7278650338762157,0.43041185921839564,0.5316072859825534,0.4388892015154271,0.8981423730059304,0.5316023516607247,0.992648204961222,0.9321951693044882,0.5730916185111696,0.856005889625516,0.6654507898596107,0.9157773781681391,0.8560058896255163,0.8864622842804519,0.7726666747453212,0.8438899131338642,0.470356289244801,0.9684754976202001,0.6071867451612367,0.991632948188578,0.8827817928509323,0.48903991917730716,0.6897937717575551,0.7875753457860812,0.5217168305269579,0.5564962458513916,0.8864622842804517,0.47825179363036174,0.7114503213146779,0.8267698008899673,0.8864622842804517,0.4181836199354789,0.8722472547880544,0.9065978676189168,0.8560058896255172,0.8827817928509323,0.6566193108706682,0.774859012241607,0.7702277461203104,0.8409576378165506,0.96798027195426,0.8844608451681759,0.6125058222509105,0.8864622842804517,0.9670972943767473,0.8864622842804517,0.6739163003846309,0.6746897761760997,0.3885449815928761,0.6681377289013237,0.835193311566099,0.7399235834141256,0.4986172307982397,0.8756731662677248,0.8864622842804517,0.9511022928593178,0.3810172383686773,0.6824939056525834,0.8323574432143275,0.8105788943203363,0.8981423730059306,0.8323574432143281,0.9475481307432935,0.8132249165650078,0.3279876513973855,0.5564962458513918,0.8132249165650078,0.8512214835788461,0.8981423730059306,0.7624500092181512,0.8132249165650078,0.6681377289013237,0.9369801151017116,0.9263909248883351,0.762450009218151,0.8827817928509321,0.8980144111313964,0.8529137105219888,0.528807693432411,0.810578894320336,0.9448094215758696,0.42399067367250465,0.677415337741875,0.8787681755736589,0.8419664879021107,0.8246868583413343,0.8267698008899678,0.8005398349154973,0.4445111719980438,0.8691902516005121,0.7950607243576508,0.8704840658629898,0.7844149639904643,0.8941307528793183,0.6253617768847617,0.9971696404952417,0.9038648435225802,0.8380594322760744,0.46950128073582365,0.8981423730059304,0.9022918659842718,0.8766866279685199,0.4523867311552662,0.9244240422945604,0.857602219722404,0.8323574432143279,0.851556688308962,0.888139508331151,0.5017446542362178,0.8864622842804517,0.4790150878708307,0.7273245195958455,0.8277059245340346,0.266007160818748,0.8429124643304902,0.9022918659842716,0.8185765480394149,0.8827926335237604,0.4235966227113721,0.940331138978256,0.835193311566099,0.9771147312346133,0.8706520545213512,0.6628507794805394,0.8655788710295136,0.6678962086013609,0.9849746635261072,0.9847023734227682,0.602513654161871,0.8941307528793181,0.8902416609981851,0.0,0.4393285399601572,0.8941307528793183,0.9732192617903601,0.42366915207187783,0.6256272652165831,0.9123483154835408,0.879190935397886,0.3702582391716984,0.8529137105219888,0.8238373352162474,0.9314897302747827,0.27774043558685557,0.8529137105219888,0.9022918659842718,0.38616622700003567,0.9322776343834582,0.8902416609981851,0.6935694561765535,0.6420163807554911,0.7158648835842754,0.6102526950606544,0.9022918659842718
p358_C,0.7073648019871448,0.9163339973465923,0.8456737070075298,0.956905780897956,0.9275522446953854,0.9462580354121286,0.7544007751104471,0.7925157589920608,0.24679334745509107,0.9432628256129652,0.9142266602978062,0.9252037445446055,0.9252037445446057,0.8894628186153248,0.9027452369168483,0.862211293582519,0.9901683301057447,0.9022812459376917,0.9404006431802037,0.9432628256129654,0.8395760334095792,0.9121566723282284,0.9081181966045122,0.9299638429727948,0.9101213268023747,0.09159835653369519,0.9206732387984033,0.9919265098151697,0.9432628256129654,0.6795146752603229,0.17245909556501127,0.9350052413014638,0.9620019617019879,0.23750206983994449,0.9275522446953854,0.9404006431802037,0.9299638429727948,0.918481717146135,0.9462580354121288,0.9003870625528827,0.8565016117177129,0.9042000439512237,0.9462580354121286,0.9683184098724433,0.9206732387984033,0.7824175009197194,0.9324454498571313,0.3561386526183127,0.9003870625528827,0.9519838068629043,0.9350052413014638,0.7854628216989845,0.09159835653369519,0.9163339973465923,0.918481717146135,0.898515994746663,0.898515994746663,0.9275522446953852,0.723080859227252,0.9229124393123007,0.3164322067752844,0.5925528380066865,0.976808682791664,0.8565016117177129,0.9376530086096913,0.5873338718366443,0.9350052413014636,0.8630974012257888,0.7475037493927194,0.9404006431802034,0.8877049890176518,0.9003870625528827,0.9275522446953854,0.581977814673101,0.9275522446953852,0.838059432276075,0.9121566723282282,0.9142266602978062,0.5899735458269868,0.9462580354121286,0.9142266602978062,0.9061450951233823,0.8948378117301916,0.9022812459376919,0.9275522446953852,0.882520768375795,0.9121566723282282,0.629142599820893,0.8487444917290998,0.9252037445446049,0.9275522446953852,0.8456737070075291,0.7591615797799509,0.5007221710155045,0.8948378117301916,0.8580690156021943,0.8426181754406719,0.8395760334095792,0.5977453722705997,0.6002885656261099,0.898515994746663,0.9324454498571315,0.9275522446953854,0.797553639616243,0.81552926753036,0.9404006431802034,0.8676123050779092,0.6425503248424039,0.9101213268023747,0.5765158291326471,0.8230100022103337,0.9042000439512237,0.6245320380162993,0.8708552650198256,0.9324454498571313,0.6656618917175372,0.9163339973465923,0.9404006431802034,0.9462580354121286,0.5585641132881299,0.9683184098724433,0.8365455300348621,0.9101213268023747,0.8930282606473352,0.9022812459376923,0.7037792357808726,0.9299638429727948,0.8252844515670327,0.9252037445446055,0.9106086590743887,0.4306070483986133,0.9324454498571311,0.9350052413014638,0.9462580354121284,0.9206732387984033,0.779361196791041,0.827507777577166,0.9350052413014638,0.9350052413014638,0.9229124393123014,0.7213663977490287,0.9432628256129649,0.5873338718366439,0.8170245918162762,0.8395760334095794,0.34087960846559684,0.9809311839577786,0.5412422037759661,0.9003870625528829,0.7001569776675916,0.9432628256129656,0.9535996052089035,0.7945425446535288,0.5913933903677429,0.9350052413014636,0.2560608876307633,0.8502862207868802,0.8774549020235316,0.9794317581201837,0.8365455300348621,0.7247878812684927,0.9324454498571315,0.9061450951233823,0.8643285330496464,0.8533836626942164,0.8808199067953633,0.6637602778751867,0.8565016117177129,0.8948378117301916,0.9571614253051384,0.8894628186153248,0.9252037445446055,0.27073375579780223,0.7747540550071175,0.6179090476942841,0.9498601865175249,0.9404006431802034,0.8155292675303596,0.8859625712873518,0.838059432276075,0.9731475307392765,0.506331561774121,0.898515994746663,0.9252037445446055,0.6703221922148661,0.79152436905446,0.48957672967074106,0.8596424572452421,0.9163339973465923,0.8912369310715331,0.9229124393123012,0.9489763235372801,0.7463662771643378,0.6553752275789897,0.8660034226470052,0.9275522446953852,0.9299638429727948,0.9229124393123009,0.8580690156021942,0.765446312971283,0.3304230191133084,0.9252037445446055,0.9275522446953852,0.8125388029354919,0.6553752275789893,0.9432628256129654,0.9275522446953852,0.6303294889428952,0.27098508560028434,0.36190582269975335,0.4933425670278164,0.8644023815981575,0.9252037445446055,0.9275522446953852,0.7945425446535288,0.9275522446953852,0.6150821325193092,0.7701168320027247,0.7654463129712831,0.9275522446953852,0.8020592119962258,0.9275522446953852,0.7544007751104467,0.30781164886165324,0.8808199067953633,0.8230100022103335,0.9324454498571315,0.683364663203965,0.9229124393123014,0.9081181966045122,0.9121566723282288,0.8660034226470052,0.6511610737156355,0.8842347516782385,0.9350052413014638,0.856501611717713,0.8441441538596661,0.8612222667022584,0.880848296337801,0.5542795585975117,0.20803075826756567,0.9652524543463292,0.8365455300348619,0.9229124393123009,0.9275522446953852,0.8897181908471414,0.9275522446953852,0.7281801876928493,0.8791314954080298,0.9350052413014636,0.8966666666666667,0.6833646632039654,0.9299638429727948,0.9086088401419732,0.9101213268023745,0.8472070714583098,0.9142266602978062,0.5011836008795316,0.9324454498571313,0.817024591816276,0.5076205364008666,0.8443393816092928,0.9252037445446049,0.9376530086096913,0.9713123626186633,0.9462580354121288,0.803860336891699,0.8273866112170851,0.9042000439512237,0.511900021010702,0.8215127245154961,0.9350052413014636,0.8511341194324251,0.7734828869748713,0.6736519228114513,0.9404006431802034,0.5765158291326471,0.2813887687785397,0.906145095123382,0.9161955268153275,0.9404006431802034,0.8336640062910399,0.6102367091610951,0.9376530086096913,0.8549399288486841,0.8894628186153248,0.9324454498571317,0.8842347516782387,0.6245320380162998,0.9229124393123007,0.9324454498571311,0.9324454498571315,0.712677275827186,0.9404006431802034,0.6612277820977526,0.5007221710155043,0.8365455300348621,0.7778286268494081,0.9404006431802034,0.9275522446953854,0.9003870625528827,0.9229124393123009,0.9350052413014636,0.6336807201158868,0.8549399288486845,0.9324454498571313,0.9003870625528829,0.9919265098151703,0.757691617363953,0.8708552650198258,0.8605618022541672,0.7920325372467047,0.995096515363096,0.8643338842487462,0.8185201747884032,0.9432628256129656,0.6489085119589016,0.9432628256129656,0.8842347516782387,0.8791314954080298,0.8708552650198254,0.9839674685144804,0.9275522446953852,0.37101846420771345,0.861222266702258,0.9022812459376923,0.9404006431802034,0.9931284229919284,0.9252037445446051,0.9275522446953852,0.9101213268023745,0.9404006431802034,0.9462580354121284,0.8724902307321456,0.7479837403619535,0.9061450951233823,0.9350052413014636,0.8472430488789008,0.7559924539288101,0.9101213268023747,0.515755103627767,0.8172393160370475,0.9645105128281711,0.2700303357096414,0.7315444616544935,0.40302829135932283,0.6736846764973217,0.9462580354121284,0.6909316324598165,0.8842347516782385,0.6736519228114513,0.9206732387984033,0.9252037445446051,0.8877049890176516,0.8365455300348621,0.6245320380162999,0.6221987123504698,0.7414801668228568,0.9275522446953852,0.5043385509151941,0.8825207683757947,0.8859625712873518,0.882520768375795,0.9432628256129654,0.7983632604879775,0.9275522446953852,0.9275522446953852,0.9003870625528827,0.862808788286463,0.7990568456988276,0.9275522446953852,0.9432628256129656,0.9275522446953854,0.8894628186153247,0.8533836626942164,0.6553752275789893,0.9275522446953854,0.8912369310715325,0.9121566723282282,0.7607392710856489,0.7264876094620604,0.9275522446953852,0.8305129246052387,0.880819906795363,0.6756181613656951,0.6716734035910807,0.8912369310715329,0.8140340532964887,0.9324454498571311,0.6447265287505943,0.9275522446953852,0.7109150168124363,0.9022812459376925,0.4857583793152839,0.7575793480087776,0.9299638429727948,0.7591615797799509,0.918481717146135,0.9275522446953852,0.8518325205937483,0.6291425998208928,0.9275522446953852,0.8912369310715327,0.6468868610644872,0.7747540550071175,0.7365407537952473,0.6336807201158872,0.9275522446953852,0.6924170766988023,0.5199088896238756,0.9376530086096913,0.8110810637489303,0.7576916173639531,0.9854088830865437,0.3286453140105702,0.8518325205937483,0.9324454498571313,0.8549399288486847,0.36190582269975335,0.9081181966045122,0.507907648753928,0.8200161676867057,0.8155292675303596,0.9081181966045118,0.9350052413014638,0.9022812459376928,0.9275522446953852,0.9404006431802034,0.8596424572452424,0.6126697902847937,0.9142266602978062,0.896666666666667,0.9229124393123014,0.7126772758271861,0.9299638429727948,0.9229124393123014,0.9142266602978062,0.9275522446953854,0.9163339973465923,0.827507777577166,0.8628087882864626,0.9404006431802034,0.5283934919737641,0.9432628256129656,0.9163339973465925,0.9081181966045122,0.6359234639008811,0.912156672328228,0.9432628256129656,0.7144311824628797,0.9762600943374635,0.8456737070075298,0.9042000439512237,0.9121566723282295,0.8612222667022582,0.9324454498571313,0.8842347516782387,0.8565016117177131,0.9042839501892526,0.906145095123382,0.5863374906701271,0.9142266602978062,0.13784751616546898,0.7716661136923275,0.702185265785422,0.8644023815981576,0.9206732387984033,0.6102367091610936,0.8441441538596661,0.8894628186153248,0.9061450951233825,0.9473606184418104,0.7398397929480094,0.9142266602978064,0.788498121206818,0.9061450951233827,0.87913149540803,0.7055765206625222,0.9324454498571313,0.779361196791041,0.7463662771643378,0.8825207683757947,0.856501611717714,0.8860446315351704,0.7315444616544935,0.41015559400484025,0.9376530086096913,0.91263330264273,0.9206732387984033,0.9206732387984033,0.9350052413014636,0.9404006431802034,0.893028260647335,0.7512025702894118,0.8757895304704915,0.9252037445446057,0.9252037445446057,0.5899735458269862,0.8676123050779094,0.9206732387984033,0.817024591816276,0.9275522446953852,0.9376530086096915,0.9275522446953852,0.9275522446953852,0.6002885656261097,0.9081181966045118,0.8842347516782385,0.9275522446953852,0.6198462045269564,0.5535125618246602,0.8791314954080304,0.7900123156320662,0.8305129246052387,0.723080859227252,0.8628087882864626,0.8612222667022584,0.5474463514622758,0.9620019617019884,0.8638670046962095,0.9376530086096915,0.21690229308562603,0.6736519228114517,0.49705727076645556,0.893028260647335,0.9184817171461352,0.9229124393123009,0.7550779031542143,0.9376530086096913,0.8518325205937483,0.9324454498571313,0.8580690156021942,0.9121566723282284,0.9042000439512237,0.908118196604512,0.5217345255219934,0.8912369310715329,0.3164322067752844,0.9741545378835919,0.8859625712873518,0.9324454498571313,0.9121566723282295,0.9299638429727948,0.8774549020235316,0.4933425670278164,0.7716661136923273,0.935005241301464,0.7960489146933996,0.9206732387984036,0.6716734035910805,0.8426181754406721,0.9252037445446053,0.6756181613656947,0.8948378117301916,0.9462580354121284,0.723080859227252,0.5283934919737638,0.8612222667022582,0.7196443494770546,0.9121566723282284,0.9851419724112976,0.8825423528027123,0.9275522446953852,0.9350052413014638,0.3556585928678332,0.9275522446953854,0.8020592119962249,0.9121566723282277,0.9229124393123009,0.8948378117301916,0.7591615797799509,0.9081181966045124,0.6291425998208923,0.9432628256129652,0.7055765206625222,0.9142266602978062,0.8804850596986344,0.9229124393123014,0.9184817171461352,0.7418566605530854,0.8791314954080298,0.906145095123382,0.6871697823130889,0.4707079361145823,0.7298657582033234,0.8752195525445674,0.8842347516782385,0.6357718768209104,0.8020592119962251,0.9968629988459623,0.9432628256129656,0.9101213268023747,0.9299638429727948,0.7701168320027247,0.9678021884284395,0.5109171885442356,0.9252037445446049,0.7091442460650466,0.7732118150241358,0.9462580354121284,0.827507777577166,0.8099444568561234,0.882520768375795,0.8808199067953628,0.9042000439512237,0.8596424572452421,0.893028260647335,0.9101213268023747,0.854939928848684,0.914226660297806,0.9252037445446053,0.9350052413014638,0.9462580354121286,0.9275522446953852,0.8842347516782387,0.8080514071552423,0.6245320380163002,0.8859625712873518,0.9275522446953852,0.5062520704758577,0.7495957960173829,0.9880029397498306,0.8894628186153248,0.8628087882864637,0.8456737070075291,0.4657208501444805,0.7569510821520691,0.896666666666667,0.8660034226470052,0.5149087391499014,0.8441441538596661,0.9376530086096915,0.8612222667022578,0.898515994746663,0.9324454498571315,0.87913149540803,0.9462580354121286,0.896666666666667,0.9229124393123012,0.9462580354121284,0.9163339973465923,0.898515994746663,0.9275522446953854,0.7968186918205663,0.8350341233526901,0.9404006431802037,0.9275522446953854,0.9121566723282288,0.6871697823130887,0.633680720115887,0.9252037445446051,0.9350052413014636,0.9206732387984031,0.9252037445446051,0.9252037445446049,0.8842347516782386,0.9275522446953852,0.9206732387984031,0.8676123050779093,0.9275522446953852,0.9061450951233823,0.8441441538596661,0.9404006431802034,0.9324454498571313,0.9376530086096913,0.9299638429727948,0.9252037445446051,0.7091442460650463,0.48957672967074084,0.9866030402791095,0.5883894202886771,0.9275522446953852,0.8676123050779092,0.9324454498571313,0.9061450951233825,0.6490316140347954,0.869229441512487,0.9404006431802034,0.9299638429727948,0.9101213268023747,0.87913149540803,0.9101213268023747,0.9275522446953854,0.8791314954080303,0.887704989017652,0.893028260647335,0.550496305433902,0.9142266602978064,0.9404006431802034,0.9003870625528827,0.9324454498571313,0.8676123050779092,0.5412422037759661,0.9275522446953852,0.9275522446953854,0.8320180107334441,0.9432628256129654,0.7685638508540686,0.9206732387984033,0.9142266602978062,0.5873338718366444,0.9229124393123014,0.6532755201550555,0.6636319576481546,0.9275522446953852,0.9275522446953852,0.8774549020235316,0.7591615797799509,0.8612222667022571,0.723080859227252,0.5316629177168326,0.7365407537952475,0.7716661136923273,0.6381491010659752,0.9042000439512237,0.6126697902847937,0.9275522446953852,0.8580690156021942,0.9350052413014638,0.9462580354121288,0.7591615797799509,0.9404006431802034,0.5709433185995745,0.9275522446953852,0.9275522446953852,0.6795146752603234,0.9275522446953854,0.6676786194058522,0.9121566723282288,0.7960489146933996,0.8565016117177129,0.896666666666667,0.8565016117177131,0.5623666049011511,0.7869816637136511,0.9275522446953852,0.8791314954080298,0.6028088441954362,0.9299638429727948,0.9404006431802034,0.8638670046962096,0.747497728113269,0.8724902307321449,0.8825207683757947,0.9299638429727948,0.7990568456988292,0.9275522446953852,0.581977814673101,0.8825207683757947,0.3634731316252563,0.818520174788403,0.8080514071552425,0.9163339973465925,0.95127233970979,0.79152436905446,0.9376530086096913,0.5202605924585684,0.5438898956700566,0.9206732387984033,0.9432628256129656,0.9906272620392715,0.9022812459376919,0.6126697902847935,0.9350052413014636,0.9252037445446051,0.41616286443408723,0.898515994746663,0.8791314954080298,0.8877049890176516,0.9462580354121286,0.8791314954080298,0.9462580354121288,0.9462580354121282,0.8612222667022575,0.8859625712873518,0.3025910021050504,0.9275522446953854,0.9432628256129656,0.9121566723282286,0.912156672328228,0.7607392710856489,0.9184817171461344,0.8868830823568322,0.898515994746663,0.4244971870789468,0.929963842972795,0.6696823788399078,0.8825207683757945,0.5899735458269857,0.6359234639008804,0.9275522446953852,0.8456737070075291,0.9275522446953854,0.7385323623858829,0.9432628256129652,0.9042000439512237,0.16881350991402755,0.7945425446535288,0.9275522446953852,0.6291425998208928,0.723080859227252,0.9061450951233829,0.626846547894879,0.581977814673101,0.6126697902847935,0.9350052413014638,0.5925883507206688,0.779361196791041,0.6268465478948797,0.7179145652229255,0.9081181966045127,0.7762929526158637,0.9462580354121286,0.9081181966045124,0.9275522446953854,0.8549399288486841,0.9003870625528827,0.5504963054339018,0.8612222667022584,0.7298657582033234,0.9275522446953854,0.9252037445446051,0.5412422037759661,0.8020592119962247,0.8518325205937483,0.6756181613656949,0.7073648019871445,0.9275522446953852,0.657460464568927,0.8050570472652652,0.8894628186153248,0.9275522446953852,0.5474463514622758,0.918481717146135,0.9404006431802034,0.9081181966045118,0.9252037445446051,0.7808907816692272,0.9022812459376923,0.853383662694216,0.898515994746663,0.869229441512487,0.9081181966045118,0.7332164371859564,0.9275522446953852,0.8966666666666667,0.9275522446953852,0.9404006431802034,0.7623125432362825,0.37360783070152026,0.9462580354121288,0.8948378117301916,0.7179145652229257,0.23794138458165104,0.8894628186153248,0.9275522446953852,0.825688944079621,0.5951787946100978,0.7869816637136511,0.8930282606473352,0.8791314954080318,0.9350052413014633,0.893028260647335,0.8912369310715331,0.8808199067953628,0.323703431044979,0.7073648019871446,0.8808199067953628,0.8894628186153248,0.9350052413014636,0.8365455300348621,0.8808199067953628,0.9462580354121288,0.9022812459376925,0.9299638429727948,0.8365455300348621,0.9252037445446053,0.8912369310715329,0.9061450951233823,0.3304230191133084,0.8791314954080307,0.9081181966045122,0.1567730163047728,0.9003870625528829,0.9252037445446053,0.9121566723282288,0.615082132519309,0.8894628186153248,0.8596424572452424,0.6086381329492945,0.9352218782782515,0.869229441512487,0.9003870625528827,0.9299638429727948,0.9324454498571313,0.37689110355861555,0.8756614665880611,0.9609677419354836,0.896666666666667,0.3842026644675799,0.9350052413014638,0.9376530086096915,0.8200161676867062,0.15774840140764268,0.8095476205358993,0.9888253832615519,0.893028260647335,0.7900123156320662,0.9101213268023747,0.18654717992114067,0.9275522446953854,0.5564958777725426,0.8260073636615608,0.8757895304704915,0.27194661707051015,0.7854628216989845,0.9376530086096913,0.8842347516782385,0.8230100022103335,0.09159835653369519,0.9652524543463294,0.8948378117301916,0.8565016117177138,0.817024591816276,0.6983316591374116,0.9142266602978062,0.7778286268494081,0.9252037445446055,0.909704581564649,0.746366277164338,0.9324454498571315,0.9299638429727948,0.4393285399601572,0.0,0.9324454498571313,0.8549399288486843,0.46993039818195825,0.7512025702894118,0.9229124393123007,0.9229124393123009,0.5681141079766339,0.906145095123382,0.8612222667022584,0.9324454498571313,0.4857583793152839,0.9061450951233825,0.9376530086096915,0.35044825354487286,0.9042000439512237,0.9299638429727948,0.9432628256129652,0.3934815635354305,0.9404006431802034,0.7414801668228566,0.9376530086096915
p358_N,0.8689972778395758,0.6852134154646818,0.899108613242037,0.9258186968412381,0.9526370111116407,0.9648659912110238,0.8705544178695594,0.9789433391238309,0.9103107362174547,0.9629078616894173,0.995812608116145,0.9511016704226434,0.9511016704226434,0.6329279054430266,0.9957658420390977,0.9674484241224515,0.8582618811750676,0.7941696693599449,0.9610366993022688,0.9629078616894176,0.8043189780557296,0.998394872319517,0.9967391619170716,0.9542136024350836,0.9991256173192247,0.9361160018916064,0.9227946422906834,0.9220855717829912,0.9493957255905626,0.9393212741601169,0.9300668284196516,0.957509435301382,0.9467071200650465,0.9243180392978654,0.9526370111116409,0.9610366993022688,0.9542136024350836,0.9902930825832764,0.9648659912110238,0.6403836002155462,0.9061873961293254,0.9529449740547576,0.9648659912110238,0.9187969445925777,0.4710653144813738,0.9224293813249014,0.9558359621451105,0.988462879193307,0.9348776724743586,0.8991086132420372,0.9652137684610216,0.8151548146181662,0.9361160018916064,0.945303040275778,0.9272932852315992,0.9859410630732464,0.9336544549523982,0.9526370111116405,0.9403880469283556,0.9180060542094437,0.9123992402861412,0.9051147616874997,0.9361160018916066,0.9061873961293254,0.9592404230051592,0.9291868988815264,0.8106601759858284,0.9318413189001247,0.9354977161332685,0.8714717093867046,0.9287716388892431,0.9348776724743586,0.8374011676109454,0.8383948208633007,0.9526370111116405,0.8941307528793183,0.9983948723195168,0.7547644840194466,0.8970738465904806,0.9428375253830149,0.995812608116145,0.9497673578995789,0.9312498291554214,0.9361160018916064,0.9526370111116405,0.7508842517610115,0.8212957849062245,0.8785004132365168,0.9400810957454317,0.9808926695348984,0.9526370111116405,0.8315764753314665,0.9384758066320343,0.9306539393926061,0.9671595166054918,0.9884628791933072,0.722796953361873,0.8951222364985463,0.8936195469287427,0.9539405950770345,0.9859410630732464,0.9558359621451105,0.9073884413700832,0.8327521665896493,0.9467391969089458,0.9610366993022685,0.9586574227081354,0.9317737429214279,0.9412414838519025,0.9339881298829693,0.7604267522281003,0.7884180699574839,0.8808482728335028,0.9589654814068509,0.9695808922938258,0.8880802730255815,0.9315357783043755,0.9610366993022685,0.9648659912110238,0.9675159048758009,0.9187969445925779,0.7724757092972718,0.7114537153441647,0.9801704643354423,0.902055400859325,0.832189566882533,0.9542136024350836,0.9714578717045066,0.9808926695348984,0.9209817665727265,0.9514834428390286,0.9558359621451105,0.34699939856024986,0.9648659912110238,0.9481398354780852,0.9522752511635899,0.9592905221803276,0.957509435301382,0.9575094353013818,0.9496037211238537,0.878500413236517,0.9629078616894173,0.9601500910482565,0.9101261322599912,0.766749129875014,0.9166400151447351,0.9388267942128117,0.9166260538738977,0.9348776724743586,0.864983821637704,0.7740029001505224,0.9123992402861405,0.9027589491053101,0.8891971954839692,0.957509435301382,0.9348776724743588,0.9802115232778629,0.9899175865127545,0.9010523009261004,0.9953978806517948,0.9368440768177579,0.8204146011716987,0.6149954545054965,0.9064206691382042,0.9041490253843174,0.9220855717829912,0.9949213294847875,0.8921764228239651,0.9671595166054916,0.8879294594533995,0.6329279054430272,0.9511016704226434,0.9336544549523984,0.8917296671834647,0.8732447293020549,0.8862516682966308,0.9610366993022685,0.9489452656760311,0.9316363198749005,0.9190743601433597,0.9177151699279686,0.9339021370701628,0.9094857206850573,0.9511016704226434,0.9977802754820255,0.9061256028138261,0.8676499406085265,0.9689601410010137,0.9453030402757782,0.724993818179962,0.9496037211238535,0.9103107362174554,0.8879962884971375,0.8942600569458921,0.9546672453375802,0.9526370111116405,0.9736183137840244,0.9496037211238535,0.988462879193307,0.9326635883603431,0.9375821720172512,0.8448813494499824,0.9526370111116405,0.9119407584989205,0.8942600569458921,0.9629078616894173,0.9526370111116405,0.9355865875112201,0.9209817665727267,0.9314897302747827,0.9330323576683237,0.9951877100611972,0.9808926695348984,0.9526370111116405,0.9689188419031363,0.9526370111116405,0.824496195552012,0.9282111328653389,0.901138337649273,0.9526370111116405,0.9613005306740816,0.9526370111116405,0.932786063018689,0.9560815611946234,0.6634374966840285,0.8842921321245036,0.9558359621451105,0.9367747309558498,0.9496037211238537,0.946453606217171,0.9425720985427191,0.9969352503890196,0.8967110403534027,0.9714058757497572,0.5788297872730408,0.9465146323386673,0.9363467946367827,0.9669745722372083,0.8175468290210262,0.9209817665727265,0.9665480300996037,0.9481398354780852,0.735322014071518,0.9496037211238537,0.9526370111116405,0.9092735418441049,0.9526370111116405,0.8123630690930184,0.8056206522660101,0.887936972223425,0.9324454498571317,0.8466991324467524,0.9542136024350836,0.9198856874256711,0.9412414838519028,0.6740158230805084,0.995812608116145,0.8705954752723888,0.9558359621451105,0.8053787723235722,0.8803791478671712,0.9189418419895969,0.9511016704226434,0.9592404230051592,0.8166546203739526,0.9648659912110238,0.9074116486170118,0.8760112958426585,0.9373704232137268,0.8794015740660157,0.7276241336721719,0.9652137684610214,0.9235962072452191,0.9619647737944325,0.9431244710320201,0.9610366993022685,0.9028184736650846,0.9899175865127544,0.9386420076357269,0.8461610175508403,0.9610366993022685,0.9271118843142732,0.9184204054837379,0.9592404230051592,0.9051664401581994,0.7793733011421328,0.9558359621451105,0.9714058757497572,0.8808482728335028,0.9496037211238537,0.9558359621451105,0.7458314556106351,0.8555160230965209,0.955217505042218,0.872583934455301,0.8976747065462733,0.9302947288966976,0.9526837546542146,0.955217505042218,0.9526370111116409,0.7465682820430699,0.9842011665427953,0.957509435301382,0.8761423128183072,0.9852427368613523,0.8949977467327621,0.7996606229568319,0.9220855717829912,0.8889984146598748,0.9155711502428496,0.9660605544170191,0.9599362530543548,0.8665888856018398,0.9727606595064473,0.8381369010000779,0.9629078616894173,0.9518893725088031,0.9629078616894176,0.9714058757497572,0.9209817665727265,0.8674571939371439,0.9558359621451105,0.9526370111116405,0.9575094353013816,0.9917747991232295,0.6862839378605677,0.9610366993022685,0.8801474343127897,0.9128870094924401,0.9526370111116405,0.8851061157461311,0.9610366993022685,0.5736515917591665,0.9166400151447349,0.866158640802322,0.9386420076357269,0.957509435301382,0.9074116486170121,0.8166546203739526,0.9412414838519025,0.9467071200650465,0.8614601651570807,0.9558359621451105,0.9344184513464587,0.9314207822955339,0.9315357783043752,0.9166400151447349,0.9428375253830151,0.8715600862377917,0.746067105538891,0.9731496705350526,0.9873274034062989,0.9511016704226434,0.9287716388892431,0.8096294045230258,0.8808482728335028,0.8820186502619569,0.9231105095237597,0.9526370111116405,0.96235090313909,0.9836829888222907,0.7410815567472545,0.9231975163531971,0.8616993128705422,0.8879294594533993,0.9526370111116405,0.9526370111116405,0.9589376456981179,0.8817960823258058,0.8307964537889383,0.9526370111116405,0.8616993128705426,0.9526370111116409,0.9746338287409402,0.9041490253843174,0.9243545721229425,0.9526370111116407,0.9288957400617388,0.5261306392174051,0.9056949642367282,0.9354961779469573,0.9526370111116405,0.9619664976562035,0.7555434814691353,0.9118357623845026,0.9443883262864894,0.8238825158251903,0.983050516091489,0.9558359621451105,0.8701961684516675,0.9526370111116405,0.8266980100945363,0.8481125351096355,0.8686326671635054,0.908683373780483,0.9014502300031315,0.936396648023593,0.7382938931765679,0.9526370111116405,0.9784081623729504,0.9698541749282157,0.9526370111116405,0.9783400888843532,0.8897682240513818,0.9485667670310041,0.9272939616022179,0.8761423128183072,0.9526370111116405,0.9443883262864895,0.9318413189001244,0.799841362971764,0.9421240707427697,0.9885298361815205,0.9134510531460025,0.9145082620913982,0.6625231566468319,0.9558359621451105,0.9747191147870711,0.8941307528793183,0.6624174468883834,0.961074221084093,0.8359497454003046,0.8794015740660157,0.939931930051314,0.9575094353013818,0.9361160018916066,0.9526370111116405,0.8714717093867046,0.949173776698871,0.8995061902239111,0.9439253608596803,0.9324454498571315,0.9496037211238537,0.9461493705792463,0.9736183137840244,0.9496037211238537,0.6342404219710978,0.9526370111116409,0.8083745968845287,0.8872325694620833,0.7986388097431105,0.955217505042218,0.8890106760597567,0.9629078616894176,0.9315357783043754,0.9967391619170713,0.9132574689443727,0.998394872319517,0.9629078616894173,0.8843680726161756,0.9858084434319019,0.9760557307924651,0.9373704232137268,0.9425720985427191,0.9092735418441045,0.9558359621451105,0.9243180392978652,0.9465146323386673,0.8852715588713493,0.7823814062025366,0.932503659033307,0.9439253608596805,0.9300668284196516,0.7995269626832177,0.9080261965616108,0.837141977334201,0.987327403406299,0.88783960618036,0.8724625431560953,0.9277359074596556,0.9386420076357269,0.9464536062171711,0.9245116191516207,0.875288546067796,0.9924939067857516,0.9386420076357269,0.9665480300996037,0.8609661138596998,0.9695808922938259,0.9522752511635899,0.949733554954169,0.8440037465855227,0.9868418685480091,0.9610366993022685,0.9009104045264771,0.899108613242037,0.9592404230051592,0.9397554510393485,0.9481398354780852,0.987327403406299,0.957509435301382,0.9610366993022685,0.6691040842540232,0.8525261345372004,0.9187969445925777,0.9511016704226434,0.9511016704226434,0.9279890523786392,0.9987120692432441,0.9481398354780852,0.8402945589690451,0.9526370111116405,0.9592404230051594,0.9526370111116405,0.9526370111116405,0.8924661473774316,0.9399319300513145,0.9815062877983507,0.9526370111116405,0.8831868126216347,0.9120113387690365,0.9665480300996038,0.9938590374229359,0.9619664976562035,0.9988994716356003,0.8402174460344582,0.9092735418441045,0.9143162677112748,0.9467071200650463,0.9314897302747827,0.9592404230051594,0.983682988822291,0.9130992715289876,0.9318413189001247,0.7693113560856039,0.9902930825832766,0.9842011665427951,0.8402034407488292,0.9592404230051592,0.7809800337941271,0.9695808922938259,0.8490355468911471,0.998394872319517,0.8432603713232422,0.9399319300513138,0.85875093698411,0.9783400888843532,0.9123992402861412,0.9464536062171711,0.9254476077793645,0.9558359621451105,0.9425720985427193,0.9014502300031316,0.9899175865127545,0.9662154259494389,0.9779066609569429,0.957509435301382,0.9330323576683237,0.9481398354780854,0.8843313474963688,0.8748337527607468,0.9808926695348984,0.8517897486998738,0.982045156274965,0.9648659912110238,0.8471182680454907,0.921264816730714,0.9917747991232289,0.9408585557806558,0.6441966974929337,0.9560815611946234,0.8901811511257474,0.9526370111116405,0.9575094353013818,0.9220855717829912,0.9773757151292213,0.8705954752723888,0.9425720985427188,0.9180060542094439,0.982045156274965,0.9051147616874997,0.719224678754141,0.8785004132365173,0.9629078616894176,0.8308284476433019,0.9439253608596805,0.8754910501451354,0.9496037211238537,0.9902930825832764,0.9267919121317671,0.8056206522660101,0.9497673578995789,0.964250894940841,0.9244189161714627,0.9632617810424792,0.9402666995052393,0.8873306148945664,0.8425509890153138,0.8604381342419637,0.9300668284196516,0.9629078616894176,0.9412414838519025,0.9542136024350834,0.8330357722982913,0.9092735418441047,0.9775425324834799,0.9511016704226434,0.9185991421540305,0.8614601651570807,0.9648659912110238,0.8872325694620833,0.9558359621451105,0.7508842517610116,0.9397554510393483,0.952944974054758,0.9689601410010138,0.9196222638329765,0.9412414838519025,0.9747191147870711,0.9439253608596803,0.8448813494499824,0.9575094353013818,0.9648659912110238,0.9526370111116405,0.9714058757497572,0.976818884561883,0.9720020980078723,0.8363589383110775,0.9526370111116405,0.9646845944942746,0.8850339481180927,0.9123992402861407,0.9765510393593579,0.9518893725088027,0.8315764753314664,0.925581846570086,0.868946618347556,0.9324454498571317,0.8762607344566619,0.8607384721289721,0.7959862782732468,0.9592404230051594,0.8432226863185213,0.9336544549523982,0.7458314556106354,0.8967531793197646,0.5736515917591659,0.9324454498571317,0.9842011665427952,0.4813551083532044,0.9453030402757783,0.9859410630732464,0.9773757151292214,0.9485667670310041,0.9291067501802863,0.9610366993022688,0.907388441370083,0.9425720985427191,0.874152262139458,0.906420669138204,0.9511016704226434,0.8106601759858286,0.948139835478085,0.9511016704226434,0.9808926695348984,0.9344184513464586,0.9526370111116405,0.9481398354780852,0.9560815611946236,0.9526370111116405,0.7265860889701894,0.9745849270782074,0.9610366993022685,0.9558359621451105,0.9604535056538153,0.9014502300031315,0.9511016704226434,0.9487712406389308,0.8676499406085265,0.939931930051314,0.9154704829797893,0.9526370111116405,0.7881353905136526,0.9695808922938259,0.9386420076357269,0.9883455550583113,0.9575139843524121,0.5364885267646489,0.8292821462222394,0.9412414838519025,0.8056206522660103,0.9412414838519025,0.9073884413700836,0.9209817665727265,0.9769855193139069,0.9300668284196516,0.9599362530543547,0.9439253608596805,0.8714717093867046,0.9879700133881206,0.9558359621451105,0.830765898562273,0.9166260538738977,0.9526370111116405,0.9526370111116407,0.8901811511257474,0.9629078616894173,0.9120113387690363,0.9873274034062989,0.6945024529952721,0.9291868988815264,0.9496037211238537,0.8954869160069548,0.9494280207369876,0.9526370111116405,0.9526370111116405,0.9448192234819673,0.9384758066320342,0.7607214290393968,0.9078307494815345,0.855756563598304,0.9579118988918691,0.8949125525517203,0.9342377664167825,0.9922127245794845,0.9783140079913857,0.9526370111116405,0.988462879193307,0.9575094353013818,0.9648659912110238,0.9384758066320344,0.9610366993022685,0.9363966480235932,0.9526370111116405,0.9526370111116405,0.9393212741601169,0.9073884413700837,0.9469110457563135,0.9425720985427191,0.8678692326449855,0.9061873961293254,0.9839674685144806,0.9728308952426489,0.9085606356157019,0.8458668379645262,0.9526370111116405,0.9209817665727265,0.8299192991696218,0.9542136024350836,0.8714717093867046,0.9190743601433596,0.9659103732454719,0.8205775564067632,0.969757263765453,0.9542136024350834,0.9977802754820255,0.9526370111116405,0.9005217828775254,0.9231975163531971,0.9868418685480091,0.9433267290805243,0.8867731294822648,0.9453030402757783,0.9113525537588967,0.840363855790284,0.9592404230051592,0.9464349702585153,0.9390494317392442,0.9481398354780852,0.9493957255905624,0.9746338287409401,0.9559982666090142,0.8866791566528585,0.9575094353013818,0.9511016704226434,0.8842921321245036,0.9336544549523982,0.9665480300996037,0.9287716388892431,0.9648659912110238,0.987885706373519,0.9648659912110238,0.942837525383015,0.8019720576789591,0.9254476077793645,0.9031349604797554,0.9526370111116407,0.9629078616894176,0.9425720985427191,0.9393618431817529,0.8743546360864844,0.9467071200650465,0.9511016704226434,0.909485720685057,0.9011161501496321,0.9542136024350836,0.904185139739919,0.9836829888222907,0.8352434350141631,0.8447043622091568,0.9526370111116405,0.7546293577810376,0.9526370111116407,0.9243545721229425,0.9629078616894173,0.6787334672259688,0.9497673578995787,0.9649212652990378,0.9526370111116405,0.8785004132365173,0.8471182680454907,0.994437324868074,0.8796755654923116,0.9005217828775254,0.8866791566528585,0.9575094353013818,0.8959232789032514,0.9190331654160289,0.8189630840562678,0.9119091929424148,0.946453606217171,0.7940709086394254,0.9428375253830148,0.9967391619170713,0.5574520725743928,0.945204588509776,0.9589376456981175,0.9131632661895819,0.9505241704836671,0.932784712182982,0.907388441370083,0.9511016704226434,0.8846853407167914,0.9042162740830948,0.8204656595098913,0.8818127555421882,0.8596139117877517,0.9526370111116405,0.8930303361848517,0.8725553212046715,0.5841127735433246,0.9526370111116405,0.8825210710884408,0.6122942984732134,0.9610366993022685,0.9399319300513143,0.9511016704226434,0.8852103392435413,0.9900588676412959,0.9439067604692686,0.9859410630732464,0.9575139843524123,0.6624174468883838,0.8689612397777353,0.9526370111116405,0.8614664755134731,0.9526370111116405,0.9610366993022685,0.8727858819625123,0.8921529459435535,0.9648659912110238,0.9312498291554214,0.8816308366225181,0.953270131910047,0.9765510393593577,0.9526370111116405,0.968375620537216,0.9564187983888612,0.8784662479541377,0.9697258997487672,0.9209817665727265,0.8879369722234249,0.9300668284196516,0.9722155622930324,0.9681385641755447,0.9001110559421441,0.9802311608422727,0.9681385641755447,0.925818696841238,0.9575094353013822,0.8931410336709438,0.9681385641755447,0.9648659912110238,0.9361160018916066,0.9014502300031317,0.8096294045230258,0.9511016704226434,0.9288957400617388,0.7265860889701894,0.899108613242037,0.9209817665727265,0.939931930051314,0.9198856874256713,0.9879700133881206,0.9128870094924406,0.8803288140439888,0.9465377066282388,0.828188433041835,0.9491737766988708,0.9388120013913657,0.9619299081647257,0.9145082620913985,0.7465682820430697,0.9014502300031313,0.9558359621451105,0.9491737766988708,0.7871642850839699,0.9324454498571317,0.8099444568561247,0.9072120922355342,0.9575094353013818,0.9592404230051594,0.8823349016943813,0.9312498291554212,0.8164423704382193,0.969757263765453,0.9300668284196516,0.862719772067565,0.9429902492134531,0.9783400888843532,0.9526370111116407,0.9943691226198748,0.7910280648992388,0.7686657142462976,0.9072120922355342,0.8597455235253666,0.9592404230051592,0.8873306148945671,0.9198202436892433,0.9361160018916064,0.9873274034062989,0.6115922267686874,0.9465146323386673,0.880379147867171,0.8963930189046141,0.9439253608596803,0.8547546403115025,0.9808926695348984,0.8147607031963829,0.9497335549541692,0.9558359621451105,0.9542136024350836,0.8941307528793183,0.9324454498571313,0.0,0.9051664401581994,0.9064110103549552,0.9924108112436552,0.9842011665427952,0.9496037211238537,0.9689437231622962,0.8939720406672318,0.8844733149580839,0.9558359621451105,0.9354261958407399,0.9386420076357269,0.9592404230051594,0.9388267942128119,0.8981026726889999,0.9014502300031322,0.9629078616894173,0.9302947288966976,0.9610366993022685,0.953847733373561,0.9592404230051594
p358_S,0.9737379267506555,0.8825490680853294,0.8659700264580343,0.7620946337398171,0.8762768783002743,0.9763491073983369,0.8436607606521479,0.8576020292627486,0.9636533573576247,0.9674296364846788,0.9119409794917464,0.9224635916187051,0.9954779619578477,0.8972375489498448,0.6617484797380135,0.9500469696341343,0.9727880985119959,0.8628217153184261,0.9487953198046516,0.9854926765128265,0.9025089568161621,0.8381010728195256,0.9625024121535213,0.9820922138479928,0.9086564951947781,0.8917796312811817,0.9727880985119958,0.9200815730295622,0.9674296364846788,0.8885476022641621,0.9574199835789754,0.9502440628915496,0.8855640524750215,0.9350104408206932,0.9138478446145947,0.8588815312388144,0.9404244238472441,0.885564052475021,0.9245566463845687,0.8886639795414615,0.7035240476032312,0.7811955890668769,0.9763491073983367,0.921505640487243,0.9727880985119959,0.6978602144931308,0.945204588509776,0.9970350635519409,0.7408186994739365,0.7003044865353543,0.9087598936651085,0.8733530265753389,0.8917796312811817,0.8825490680853298,0.885564052475021,0.9179136166011489,0.721432056337576,0.8982973238138026,0.9650448128649927,0.8917839318880125,0.902656851345935,0.7839243299127856,0.47114621753819286,0.8851507230512403,0.5701988087040613,0.7863767546957767,0.9667875986555683,0.8089521891606019,0.8937341975064406,0.9937522140875703,0.9200068102172301,0.9118266937745216,0.8982973238138034,0.8634206838256486,0.8982973238138026,0.9531640030858564,0.8381010728195255,0.958658195699233,0.9388803101001305,0.9245566463845685,0.9119409794917464,0.9819923880936651,0.8796408056059102,0.8917796312811819,0.8982973238138026,0.8850707526024728,0.9965533049210543,0.9352677869872579,0.9822423419455729,0.8950004825334388,0.8982973238138026,0.8861868381096158,0.9350606110092428,0.88334549657159,0.87964080560591,0.8721124078737232,0.9148690067471976,0.9563118262732426,0.9037554537648729,0.9338981736706289,0.833707233631046,0.9747191147870711,0.8982973238138034,0.9804021619350585,0.9463692887291589,0.9163339973465923,0.8828086639033632,0.9021195333653413,0.9670487459541286,0.9074900605314559,0.9242289733842736,0.8655153376703728,0.8583238367543498,0.8318664265207205,0.9051664401581994,0.9854791139281065,0.9817231968194007,0.9612908916295111,0.8277077380726945,0.9659872231930768,0.8735690482386773,0.9103376246267693,0.9049013665285817,0.930523064809206,0.9207375472439379,0.9399107973013762,0.9404244238472441,0.9928569347349668,0.9680148528725812,0.85478507095173,0.8393516617715335,0.9051664401581991,0.9917282321179908,0.9741037694931158,0.6263596603377893,0.8802492787643363,0.8940027737404814,0.8838192602026871,0.9087598936651087,0.891783931888013,0.7887349126977763,0.9203519494821839,0.8811865071956295,0.807013596842286,0.9025089568161621,0.9438851950846349,0.9102098127053471,0.9409970633628697,0.8263226966242294,0.9847230385217608,0.9384149895103314,0.9158187418681748,0.9510175087626027,0.9378627712211034,0.8838192602026862,0.917165311924893,0.8732877753312084,0.8763902358970048,0.9096407678809022,0.9302826825894973,0.8970075891535969,0.9747191147870711,0.9880552524038384,0.9733843622602069,0.9649227264161171,0.7964694266407079,0.8484688673929213,0.8418533304885532,0.8749450670155862,0.8434109305323629,0.8448271155174853,0.922463591618705,0.9417424117820137,0.9581436586454772,0.9368072883674841,0.8015160868693763,0.9163339973465923,0.8717036086843715,0.8020551360045705,0.772666674745321,0.9657232016468982,0.8986374218742583,0.9459824109245162,0.8950004825334386,0.7537710471396776,0.9721098833891935,0.9982723668923469,0.889400209609092,0.8825490680853298,0.926946616820191,0.8917839318880125,0.9247442426922241,0.8262289965174925,0.9039454946032752,0.8799663004976988,0.8982973238138026,0.9404244238472441,0.8917839318880125,0.9534175540271623,0.9922795824174904,0.8453164318386719,0.8950004825334386,0.8982973238138026,0.9405318012197619,0.7908569331173951,0.9203519494821839,0.8982973238138026,0.801184778656733,0.8792462116718205,0.9331087443813524,0.8562001976043899,0.6502945204208845,0.666913295431707,0.8982973238138026,0.9601916664861462,0.8982973238138026,0.721709621335377,0.8646278211931007,0.8568910674606305,0.8982973238138026,0.9169005231762546,0.8982973238138026,0.9104758519680152,0.9285789674408105,0.8821389927482706,0.9994814150269646,0.6944520763260347,0.9745808104580851,0.9273191685398656,0.9320068308827978,0.743029733558609,0.8704376401717018,0.7943776795459279,0.9638777185760135,0.8423350909762457,0.8767136178539803,0.863317297214327,0.7962180258739617,0.9649227264161171,0.8303239302316401,0.8547850709517302,0.9232833700357419,0.8903925666640413,0.9273191685398656,0.8982973238138026,0.8405068199880243,0.8982973238138026,0.8749289972858909,0.85478507095173,0.9087598936651087,0.8549399288486859,0.9745808104580851,0.9791661049996256,0.8573002072396779,0.9708038746203248,0.9858721733277643,0.8616075770924676,0.8123718505574098,0.945204588509776,0.9569631260563783,0.8930873447295296,0.8294830190812421,0.8950004825334388,0.955587210232753,0.8907573884199321,0.9245566463845687,0.9023238743503106,0.9866064540949591,0.8655153376703726,0.946369288729159,0.9277799461767428,0.9502440628915498,0.9577750495112267,0.903392615972896,0.7675264159519115,0.9163339973465923,0.8740247163084087,0.8279703164673116,0.7124211525711972,0.9348085269124424,0.9163339973465923,0.9663327708513567,0.8796780327832869,0.9986975721475879,0.9683116883116885,0.788299850455997,0.9051664401581991,0.8880438381235429,0.9296300656992041,0.8917839318880125,0.9852427368613523,0.9747191147870711,0.9654569105116291,0.9612908916295111,0.9330207044955984,0.7625725168644153,0.9500469696341343,0.9500837043036967,0.903838425521733,0.7259930130429926,0.9118266937745217,0.8917839318880125,0.9502440628915496,0.9571301628287096,0.8812337662337665,0.9852427368613523,0.9973306909248143,0.9068614220260414,0.9424970952765995,0.808571234883365,0.9935272593798042,0.98384383726896,0.8013636600222724,0.9245853249390605,0.8971281968653817,0.9384149895103318,0.9859738373476548,0.9384149895103316,0.8844545205190458,0.952629633832091,0.9817720403804382,0.9852427368613523,0.8982973238138026,0.9087598936651078,0.8273272241564982,0.7317674612029945,0.9163339973465923,0.955587210232753,0.9954779619578477,0.8982973238138026,0.9359750562413547,0.9163339973465923,0.9763491073983369,0.8680236613509511,0.7729195442522485,0.7124211525711974,0.9087598936651087,0.8785414183136032,0.9074900605314556,0.9049013665285817,0.8855640524750215,0.8906905946118995,0.9852427368613523,0.8880438381235429,0.901875920894035,0.9156071109966868,0.8915350542965028,0.9245566463845682,0.9693502102710706,0.859176560368222,0.9609459961444141,0.9925690576705835,0.8950004825334388,0.9200068102172299,0.9302826825894973,0.9296300656992041,0.9267992507969406,0.950398704979092,0.8982973238138026,0.9191559908566294,0.9350596893811607,0.7509077901946664,0.8850707526024728,0.9203519494821839,0.8606821674513194,0.8982973238138026,0.8982973238138026,0.8886639795414617,0.7908213627520432,0.9055923746512224,0.8982973238138026,0.9203519494821841,0.5757091477857114,0.788299850455997,0.986265699865134,0.869877382424965,0.8982973238138034,0.7545374249029682,0.9400658022383341,0.932092883080624,0.9757806146504702,0.8982973238138026,0.9573949865352676,0.771746997362937,0.9797927331474221,0.974334519746056,0.8738606237740507,0.9450133268047409,0.9852427368613523,0.9547849742401304,0.8982973238138026,0.9520145786383364,0.8917796312811821,0.9868381795985355,0.887727477062909,0.9404244238472441,0.9014747707655857,0.9193839619667783,0.8982973238138026,0.9403797215177443,0.885636477770042,0.8982973238138026,0.8738606237740507,0.8805735886873371,0.6989244357023687,0.9424970952765995,0.9408759633972121,0.8982973238138026,0.8937341975064406,0.8799848489616021,0.955587210232753,0.9838821454154525,0.9589335904954643,0.842569514871952,0.9780293910430342,0.9536357877323811,0.9051664401581994,0.9253246753246753,0.9531640030858564,0.9625024121535213,0.8988148364187982,0.9312945084838402,0.9277028687179625,0.9929979934242448,0.9087598936651082,0.8186412090912616,0.8982973238138026,0.9487953198046517,0.955321933413517,0.8170039941391958,0.991008401901488,0.8825982719080665,0.8917839318880132,0.9492388075036136,0.9791661049996256,0.8917839318880132,0.9766413918962569,0.8982973238138034,0.9156071109966866,0.9512669863834409,0.8131418427420735,0.9163339973465923,0.9348208319519264,0.9674296364846788,0.9486651539080437,0.8710156683413512,0.8614317096360578,0.8697915192398312,0.7971819285028474,0.923706605170207,0.9448040023073331,0.8866236210773968,0.8655153376703726,0.8766849093977234,0.9733732023302153,0.9452045885097757,0.6569528791616335,0.87671361785398,0.8877618338174345,0.9281505333988456,0.9500968118952713,0.9442911856940017,0.8767292272696672,0.996235652828862,0.971855903034241,0.9653285780355078,0.8886405262183212,0.9069067054963846,0.910883373909704,0.9979415841854361,0.8322305905811841,0.8710156683413515,0.9367744356003429,0.9766413918962569,0.9312340217231649,0.832230590581184,0.8761423811272769,0.9603109281677622,0.9452045885097757,0.7915972197754942,0.9919397489021364,0.9649624370614635,0.9284481156139277,0.9612908916295111,0.8854971663887024,0.824662837219309,0.955587210232753,0.994248860862875,0.8886405262183212,0.9035024108771547,0.9502440628915496,0.9937522140875703,0.9305230648092062,0.899757723025441,0.9107162866427774,0.9954779619578477,0.8129420361099914,0.9117550006367758,0.8883398184093999,0.8886405262183212,0.9944505083599016,0.8982973238138026,0.912476848317918,0.8982973238138026,0.8982973238138026,0.9173976423621661,0.8710156683413512,0.7833426799157515,0.8982973238138026,0.8472287080941752,0.913026774428058,0.85478507095173,0.8371891902860541,0.9964594171635957,0.8882910991417867,0.8801032827121638,0.9069400111591198,0.918421955825474,0.9193839619667781,0.966614962096128,0.9555872102327527,0.8850707526024728,0.9770642944937893,0.9424335015358962,0.8543015850326393,0.8855640524750212,0.9660751215045752,0.9795290812320865,0.955587210232753,0.8900450932824562,0.9051664401581994,0.8284948983489437,0.8766849093977229,0.894956093775602,0.9929979934242448,0.850766613341048,0.8473176272509808,0.9707285038906439,0.9015112496120745,0.8399134433261006,0.8946428180839179,0.908375355818029,0.9404244238472441,0.8763902358970046,0.9630813381574144,0.9279617397523309,0.9502440628915498,0.9300375212895612,0.8886405262183215,0.9098542619543634,0.9148690067471974,0.9680148528725812,0.995909854420201,0.8749450670155865,0.9245566463845682,0.9650448128649927,0.9521356831749701,0.8847956141020876,0.9968546232647972,0.9965533049210543,0.8425695148719526,0.9413429681897542,0.8982973238138026,0.9087598936651082,0.8326941341927288,0.8982973238138034,0.8447064895052318,0.9014819656601368,0.8917839318880127,0.9069090419812995,0.9182676908874143,0.8710156683413512,0.9352677869872579,0.9203519494821841,0.9764896015378001,0.9119409794917464,0.7895995900151972,0.8917839318880132,0.9870237809502926,0.8925132974713501,0.9984480847277285,0.7723258715761904,0.9961520507800761,0.798833474399224,0.9865554151898346,0.8011226157484539,0.93859975842519,0.8466314274069853,0.9169005231762546,0.7467139099535625,0.9854926765128263,0.6911406672053635,0.9404244238472441,0.9820944438522231,0.9512288052731837,0.9102098127053468,0.8950004825334388,0.9804263957749484,0.924904696913045,0.9763491073983367,0.8746614937559719,0.9852427368613523,0.8649845635040876,0.9315838513038122,0.9832783620912899,0.8688868031080181,0.9618892601117166,0.9708038746203247,0.8393506493506497,0.879590773289491,0.9315076677030099,0.9087598936651082,0.9245566463845685,0.8982973238138026,0.9133217982743664,0.8484017682669599,0.9622525422448112,0.891060789136005,0.8982973238138026,0.9439003709795475,0.9193514499392142,0.779675436778757,0.788299850455997,0.9413328773675944,0.8866236210773968,0.9644761522080766,0.9445173173806382,0.9655733010862089,0.8477470893234654,0.9459661478042738,0.9248989323623185,0.955587210232753,0.8273272241564984,0.721432056337576,0.9747191147870711,0.7782978182469162,0.9245566463845687,0.7301849252606045,0.8917839318880125,0.9245566463845685,0.8199285457124563,0.8575360288119109,0.9889897772432354,0.956123364941484,0.9469594865845077,0.9163339973465925,0.951418810928915,0.9083753558180288,0.9716031089213205,0.9571301628287094,0.8950004825334388,0.8423350909762455,0.9232833700357417,0.8950004825334388,0.8950004825334388,0.8627658779727199,0.8982973238138026,0.9579262138531626,0.8828086639033634,0.8982973238138026,0.9819923880936652,0.9724650090576955,0.9163339973465923,0.9051664401581994,0.9124768483179178,0.9016827426948626,0.8950004825334388,0.9871792892325911,0.8195703173194643,0.9929979934242448,0.9249046969130451,0.8982973238138026,0.8425695148719518,0.9452045885097757,0.9880552524038384,0.9603109281677622,0.9296243033727669,0.9612908916295111,0.9791661049996256,0.9670487459541286,0.8547850709517302,0.8738276768158082,0.8982973238138032,0.8303239302316399,0.8941243607371745,0.9349923413419471,0.8646278211931007,0.8939577832947228,0.9487953198046516,0.7123173670905056,0.9051664401581994,0.8370383603659157,0.9409970633628695,0.8982973238138026,0.9734392564424441,0.9801313390733748,0.9203519494821841,0.900037266712768,0.9579262138531626,0.8795907732894912,0.8861077761283547,0.8917839318880132,0.9658192204719487,0.9311299804308054,0.8982973238138026,0.8982973238138026,0.9006001956118521,0.9977677085034428,0.84947162121353,0.8068110502566639,0.9493342264401614,0.9096241048388697,0.9013534775563412,0.9464573347338471,0.6928733207511888,0.898990564171581,0.8982973238138026,0.8443737802152151,0.9087598936651082,0.9245566463845687,0.9182676908874143,0.9163339973465923,0.9305960280161283,0.8982973238138026,0.8982973238138026,0.9691302664200432,0.9734392564424441,0.9527443950393453,0.9083753558180288,0.8587834275875447,0.9933942044579587,0.9655733010862089,0.863502026769897,0.9430039723968353,0.980966549128707,0.8982973238138026,0.8027589589670063,0.9038174878581593,0.9791661049996256,0.9612908916295111,0.9331087443813524,0.8119668086509005,0.8680236613509513,0.7900011583360556,0.9433505326956113,0.9151252157650405,0.8982973238138026,0.9301233819498985,0.9899569054508075,0.8851507230512401,0.9347739313458225,0.9319162994296344,0.9156071109966866,0.942826145348749,0.904331034034824,0.9986975721475879,0.9220144222957176,0.8328990587150205,0.8886405262183212,0.8913373025078379,0.8931207173207163,0.8628217153184263,0.915387878178058,0.9087598936651085,0.9315076677030101,0.9422642063353932,0.7775696449843106,0.9037073523919104,0.9458892596972854,0.9763491073983369,0.9037073523919104,0.9245566463845685,0.9741037694931161,0.8847956141020881,0.9554971734342828,0.8131983326178946,0.9358682901281237,0.844259615505343,0.9331724120804429,0.97175624865864,0.9152685898917664,0.8855640524750219,0.8494492212795625,0.9978800004287487,0.8085838211855514,0.9016827426948626,0.8188054291377566,0.8850707526024728,0.8785628474671996,0.861431709636058,0.8982973238138026,0.9068404327289782,0.9734392564424441,0.9847230385217608,0.9674296364846788,0.894956093775602,0.8682458143938527,0.8799848489616023,0.8982973238138026,0.9352677869872579,0.9487488030879682,0.8682458143938525,0.9324527933109434,0.9467990564809609,0.9481825061910121,0.9502440628915494,0.8925132974713501,0.9320629895212051,0.981340822642017,0.9290904411508085,0.9625024121535213,0.9531118518462534,0.9245566463845685,0.9765064253050318,0.9734392564424443,0.8382467532467539,0.9403280261579527,0.9327512589507345,0.8716160182705619,0.9701945417627584,0.898297323813803,0.8950004825334388,0.9581436586454772,0.8266579810874761,0.8131983326178946,0.9718559030342411,0.9938868544577873,0.8982973238138026,0.9551633694669249,0.8556464265054351,0.8448271155174851,0.8982973238138026,0.8255508701375339,0.9193839619667783,0.9163339973465923,0.8710156683413512,0.8950004825334388,0.9001911295058393,0.9055149569795284,0.9497053797878144,0.9698112061053812,0.791104844996469,0.932006830882798,0.9317851921845353,0.8982973238138026,0.9655733010862086,0.8982973238138026,0.9163339973465923,0.945967482109322,0.9271217352392787,0.9245566463845687,0.7931403578894193,0.8803278428563166,0.8996568258439397,0.7882998504559973,0.8982973238138026,0.8984442967029092,0.9229647893408062,0.8934655458176235,0.7736108287233314,0.8547850709517306,0.9917282321179908,0.849832308499898,0.8341664144721782,0.8574165634704995,0.9858721733277644,0.9938868544577875,0.8574165634704995,0.9193259340368963,0.9087598936651087,0.9699920275968623,0.8574165634704995,0.9245566463845687,0.5580199654264603,0.9404244238472441,0.8106123348131289,0.9315076677030099,0.7810804214260381,0.892135309586176,0.9279308103161219,0.9006035218473674,0.9929979934242448,0.8763902358970055,0.8548240290076599,0.9315076677030099,0.8766849093977231,0.7869277435046469,0.8710323322336653,0.757556762000244,0.7605458066710951,0.8945163799635718,0.9549428146469847,0.9741679766917546,0.9016827426948626,0.945204588509776,0.9992697492831331,0.8358206561373603,0.9791100127950296,0.9514516697356491,0.9316087992647724,0.9087598936651082,0.912476848317918,0.7662414158140964,0.9614455147320775,0.8998516254320356,0.9649624370614635,0.9349923413419473,0.9340142995248177,0.9708038746203247,0.8738606237740509,0.8982973238138032,0.9370335469448389,0.897763047382468,0.8496007521143942,0.9970350635519412,0.7162833621989582,0.8288609801930715,0.8086206400665752,0.7706125802606785,0.8628217153184259,0.6263596603377893,0.87964080560591,0.9633084029793544,0.7618815066671987,0.8348997195604715,0.8795907732894912,0.808714925251393,0.8950004825334386,0.7009013402809655,0.7102314698482417,0.5743376312713049,0.9404244238472439,0.9732192617903601,0.8549399288486843,0.9051664401581994,0.0,0.8556464265054353,0.6507363917153346,0.8594694115490158,0.9305398848527222,0.847971417136337,0.8682458143938525,0.8183624229309928,0.945204588509776,0.9868381795985353,0.8682458143938523,0.912476848317918,0.9933442238788577,0.9832783620912897,0.9433505326956112,0.9203519494821841,0.9301019116714064,0.9163339973465923,0.9010965132447426,0.955587210232753
p359_E,0.9133230391963367,0.8421603457990252,0.7088565492849233,0.9465779773256444,0.9586324961848864,0.9405097243761411,0.8191555405950863,0.7936897716951138,0.33399720350490847,0.7089549861069415,0.8381847602503403,0.8941468246227782,0.9823733478887267,0.81362542465488,0.8429348861538868,0.9108841830876433,0.9675205040755919,0.8156492020535611,0.963592970627815,0.932771007121397,0.731461340915808,0.8342796354092274,0.9298073906738056,0.7390133621470436,0.8304398650868532,0.49873153816811033,0.8503465187788168,0.7022152037275553,0.932771007121397,0.6543204185401006,0.5422410544472908,0.9124629060455849,0.8748097499677501,0.6199051695285008,0.946059078551986,0.8875631490366904,0.900633073794324,0.8462121152122815,0.7243195312579482,0.8120757404207612,0.7292838755700908,0.7824159413737288,0.9405097243761411,0.7884490919918861,0.8796400151030106,0.7656685799375635,0.8725553212046715,0.5485533983361524,0.812075740420761,0.6274967810713226,0.8069097031659278,0.6247806615195957,0.49873153816811033,0.8980671682072889,0.9320050194786884,0.8322804608748364,0.9541083774946109,0.8633240709217587,0.7118341236268979,0.8545708706492454,0.46613143496957077,0.6165610269322448,0.8660275701922152,0.9123421742142173,0.8823796135894797,0.47448030392890417,0.947541329894146,0.7719465475781461,0.9530948879049246,0.963592970627815,0.7881504417585989,0.8120757404207615,0.8950935460094678,0.3100874536720628,0.8633240709217587,0.694491879616375,0.8610766264593228,0.83818476025034,0.5071348937499595,0.8986133813304025,0.8609116197657418,0.8989203946432849,0.801606830670688,0.8646220063234418,0.8633240709217587,0.7783701777629328,0.9682645906597054,0.7133813214772204,0.9139139891465169,0.8897634772723562,0.8633240709217587,0.708856549284923,0.8012449359786402,0.5371407679208071,0.8477220968560826,0.9719761025994184,0.7375993495665112,0.697353015452697,0.5205662113716594,0.5249788051705512,0.8085458873603304,0.9064110103549552,0.8950935460094678,0.6936298475356264,0.7466920732775407,0.8875631490366904,0.7695960543350131,0.5449300912268877,0.9618172168102885,0.3567161869931711,0.698355162624962,0.9566787356485545,0.6778543395098791,0.776060767123018,0.9064110103549552,0.601108531051599,0.8980671682072892,0.7703026538032497,0.8986133813304018,0.5357197957737034,0.9075421501903755,0.860288410535345,0.8304398650868532,0.9288831419022742,0.8401356041885015,0.659940927485604,0.8678736588799028,0.9012839739389343,0.8897634772723555,0.8753961273264963,0.6420504474175913,0.872555321204671,0.8773844821970236,0.9338012464866424,0.8503465187788168,0.802819721055954,0.8020635225593213,0.877384482197024,0.8773844821970236,0.8846189616699065,0.7221574847580675,0.8929627841467678,0.6290873832271311,0.686507510386118,0.8849488054998087,0.5447213908399495,0.9191899888782682,0.43901017146028376,0.850519757878273,0.5026370772005104,0.8929627841467682,0.7923071586857727,0.987796622498214,0.9398731806994778,0.982619753742707,0.6095165423775839,0.7709699262409766,0.850699585699068,0.8123740758549288,0.7422316079133151,0.8945765721071002,0.9064110103549552,0.8735931051860006,0.7349962227493649,0.7594963553186129,0.7751614263563298,0.7171769715746965,0.7475897054345033,0.8246644637633853,0.5837991561245935,0.7914666658764196,0.8588935204002326,0.6455589218060362,0.7055537106704161,0.8261225187153798,0.7694171875260549,0.9983921185766227,0.9534107973629814,0.914611698667638,0.7453672047112836,0.8561109433600043,0.6479847878884303,0.8322804608748362,0.8897634772723555,0.9242922717708126,0.666404147680596,0.505498213158383,0.8188509977484055,0.8421603457990252,0.8397023694988113,0.8749963101648022,0.9865430941804076,0.5635454405070002,0.4181543037401726,0.9649884241825863,0.8633240709217587,0.6734945323182022,0.9747632347318917,0.9358180321958844,0.6433659368520737,0.5576392368982981,0.8588935204002319,0.8633240709217587,0.6620041039092208,0.5684238582927358,0.7487632090815708,0.8633240709217587,0.7642337587883312,0.545452071300371,0.45758603546848275,0.6165568671243342,0.7441890311446504,0.8588935204002319,0.8633240709217587,0.9821712737613311,0.8633240709217587,0.5923770017824243,0.5951172322386742,0.6147452858878445,0.8633240709217587,0.6723605412471116,0.8633240709217587,0.8050310677156549,0.6885658922716618,0.8169712959496189,0.6661004570293754,0.872555321204671,0.4299120902674115,0.884618961669907,0.8266608704208851,0.6029835525387643,0.785583081210905,0.7384288086538926,0.7816036838847062,0.8773844821970236,0.9412111868704811,0.9642361704309004,0.9816144383588514,0.7775436703015051,0.7936599861745675,0.5868200571127374,0.7395445326824712,0.759096865430748,0.905044401185463,0.8633240709217587,0.8873106498794838,0.8633240709217587,0.7083192975044699,0.8133441486079456,0.9475413298941462,0.8050570472652661,0.4708003022113958,0.7062539472326225,0.8831696426617814,0.8304398650868532,0.7644722671905362,0.8928945093383254,0.6561307228568778,0.6873207198416379,0.7023569092042323,0.8855587215247931,0.6907203329052777,0.858893520400233,0.9353528400533938,0.7519025017814065,0.7243195312579482,0.7927410193695414,0.8925164314037763,0.8192691002838117,0.7008658463234201,0.6953863254892374,0.877384482197024,0.8630500133246564,0.8190236947277525,0.6296590350209508,0.8875631490366904,0.4699074646090978,0.6375104688410276,0.8229385262714315,0.986078415693091,0.8875631490366904,0.8384242776996376,0.32022056231786666,0.9188331228609052,0.7263376910243777,0.8357841834333406,0.872555321204671,0.802978367691378,0.36062566103215254,0.8545708706492454,0.8725553212046713,0.9402666995052391,0.5128080259343706,0.8875631490366904,0.5135123599388893,0.6569034459104204,0.6916358353610179,0.9450717198613614,0.8875631490366904,0.8633240709217587,0.8602763835208993,0.8545708706492463,0.877384482197024,0.37764390262731007,0.8738210300910956,0.872555321204671,0.8361760619708305,0.9633058395261311,0.5724646880398694,0.7117890765816568,0.891852486737775,0.7967319695915633,0.9197358141526397,0.7842210438633412,0.7372119418507699,0.8929627841467682,0.5982315321828411,0.8929627841467682,0.8457277353047203,0.8763959577993026,0.7563626841885824,0.9581662330439089,0.8633240709217587,0.6665960077716795,0.9628894509643282,0.8156492020535613,0.8875631490366904,0.9552866321323306,0.8897634772723557,0.8633240709217587,0.8829908057762275,0.8875631490366904,0.8986133813304022,0.7594471200941935,0.7069943441467488,0.8229385262714315,0.877384482197024,0.5646829347198605,0.5821155853575177,0.8829908057762272,0.610432824433806,0.6589468265064891,0.7550320981422055,0.6199051695285009,0.5627948359294346,0.7105850749348638,0.6838876886531204,0.8986133813304025,0.44420545143632206,0.8243530514980488,0.41158857131970117,0.8503465187788164,0.858893520400233,0.8319221045413105,0.7422316079133151,0.3882107635084767,0.4943507069705705,0.5401960073476233,0.8633240709217587,0.5276087930659543,0.9257402813996801,0.7848632928175456,0.8206401121682738,0.9725792300960261,0.4523603440918532,0.8633240709217587,0.8633240709217587,0.8987204009784109,0.7492225771416587,0.6663913536470678,0.8633240709217587,0.8929627841467682,0.8633240709217587,0.7914666658764192,0.7234017253528275,0.5547629896970482,0.8633240709217584,0.7948136083347732,0.8878736175094186,0.5486239390190826,0.4978126298709591,0.8633240709217587,0.7132873828209134,0.7960663611529741,0.45618120359857117,0.4896443773535807,0.7948136083347732,0.7749292097566818,0.8725553212046713,0.4119372313138685,0.8633240709217587,0.536856337045216,0.8401356041885015,0.6059350915402728,0.7127510056251867,0.8678736588799028,0.5740472629682527,0.9034073847232191,0.8633240709217587,0.8997133843013521,0.6583119367196879,0.8633240709217587,0.9070355112448689,0.6075965262089875,0.7635493796785047,0.530769287845761,0.3913882226320047,0.8633240709217587,0.7758932221058814,0.4866415620438219,0.8823796135894797,0.7048687625129619,0.6002616215026081,0.669214533221898,0.5634456747322447,0.7563230180108447,0.8725553212046715,0.9080837268809803,0.4236691520718773,0.8782341305473456,0.4288157691298812,0.7723471582810879,0.6677717760776785,0.878234130547346,0.8773844821970236,0.8401356041885015,0.8633240709217587,0.9255780598322527,0.7723708694979201,0.4495336077234625,0.920249383882318,0.8518320507848003,0.854570870649245,0.7048011892833055,0.933392488708745,0.854570870649245,0.8381847602503403,0.8950935460094678,0.8701137570031572,0.7236498456500962,0.7789304073620316,0.9255780598322527,0.4470406578905445,0.9725792300960261,0.8783055421596556,0.8524475004841157,0.6702273008626319,0.8878736175094186,0.932771007121397,0.7220070361828241,0.8067398777107783,0.8311072515877205,0.8192691002838117,0.8342796354092279,0.756914589624569,0.8725553212046713,0.9619001104352386,0.9489538339430426,0.9584445377553292,0.8735931051860004,0.7764587180907659,0.9202493838823178,0.5649847066505249,0.684700816995059,0.5353165554068376,0.7822445056125709,0.8503465187788168,0.6256159516201858,0.7233284973510692,0.8539931936682092,0.8984612896984403,0.8524475004841159,0.5509980290736156,0.920249383882318,0.6603502574507374,0.9237885791557247,0.8133441486079462,0.6360833317255847,0.8725553212046713,0.8758412832963645,0.6336067689222198,0.799505144965603,0.93064800407863,0.9603772077810604,0.7566898239955648,0.540174850855041,0.9188331228609052,0.8169712959496187,0.8796400151030106,0.8796400151030108,0.9823018224087321,0.7322877430076874,0.8436803360653846,0.5728653919028242,0.7656713965420967,0.8588935204002324,0.8588935204002319,0.8158698360048237,0.7659713284707065,0.850346518778816,0.6865075103861181,0.8633240709217587,0.8823796135894804,0.8633240709217587,0.8633240709217587,0.46916834621641224,0.9412594590100435,0.8457277353047201,0.8633240709217587,0.5868622171209166,0.4738222676265975,0.8753961273264956,0.9610188343699313,0.713287382820913,0.5464780327638579,0.9757091445798877,0.8498606750904375,0.593656052216424,0.8392139024775602,0.9997438301858265,0.8823796135894804,0.6298507405622917,0.5478826111329824,0.6067699770056421,0.7981930316589163,0.9250068067439666,0.7848520371028184,0.9115545621457066,0.9552866321323306,0.738399222224531,0.8725553212046715,0.8244467182719017,0.8173594809395289,0.9686372096622347,0.8266608704208851,0.4803904076986796,0.8172579889167924,0.5236918568018418,0.9813806508002658,0.9578611672843358,0.924310543893625,0.9414675996096102,0.8678736588799028,0.9325859769726528,0.6617454537544711,0.6269693665319775,0.8773844821970236,0.6754886090035166,0.8274250216550529,0.7077387352600952,0.7375993495665121,0.8588935204002319,0.5243232469090171,0.8016068306706878,0.9405097243761413,0.5189186842866843,0.5202466183090032,0.8311356876959142,0.539874346322466,0.8878736175094186,0.6305118151223756,0.8853041696251518,0.8633240709217587,0.8773844821970236,0.6813102689309101,0.8633240709217587,0.6265758547087474,0.897750454089816,0.8449482191441409,0.8246644637633853,0.5740472629682527,0.8782341305473453,0.3829650129320229,0.892962784146768,0.5266396818004679,0.9476042584263105,0.7377799008618176,0.854570870649245,0.9320050194786884,0.6938044782916709,0.8340281415141291,0.8735931051860006,0.696122485259665,0.5994671991361531,0.5180487208388374,0.7684093230569224,0.7816036838847062,0.6449607360585428,0.6876221034265664,0.6559593154634654,0.8929627841467682,0.830439865086853,0.933392488708745,0.7535288115873728,0.8685856624849607,0.7785954360199596,0.8897634772723562,0.5060719624397474,0.6010849093223005,0.98240606742188,0.6712258310308846,0.924310543893625,0.778370177762933,0.7751614263563296,0.8441637851802155,0.9395982874426048,0.8664239882686187,0.9856318425003372,0.7990361053670182,0.8655396347943325,0.9515033910166031,0.8773844821970236,0.9405097243761413,0.8633240709217587,0.9191507428218961,0.6688403853226492,0.5261362758900967,0.7848632928175456,0.8633240709217587,0.5965582333524333,0.5697668422275077,0.7731203514083491,0.7914666658764193,0.7411826461223265,0.7437853213714365,0.5269690896523279,0.9697812261879362,0.8050570472652661,0.7472094666560576,0.5583871208603284,0.7580435342641836,0.8823796135894804,0.7756395770190927,0.9541083774946109,0.9402666995052391,0.813344148607946,0.8986133813304016,0.8207429245784625,0.8846189616699076,0.8986133813304022,0.8421603457990252,0.8322804608748362,0.9586324961848862,0.6620569589143496,0.705559019656266,0.9983921185766227,0.9904019712725953,0.8977504540898161,0.6552238173093865,0.5563200626883371,0.858893520400233,0.9124629060455851,0.8796400151030097,0.858893520400233,0.8897634772723562,0.8029783676913779,0.8633240709217587,0.8567185179792461,0.9824610038823912,0.8633240709217587,0.8229385262714317,0.7406860158076263,0.8875631490366904,0.8725553212046715,0.8823796135894801,0.8678736588799028,0.858893520400233,0.6567289101449396,0.38461188269709934,0.786539678630662,0.5165208536188213,0.8633240709217587,0.7889474133847749,0.8725553212046713,0.8229385262714317,0.5704502063173205,0.7532954954613607,0.8875631490366904,0.9661519036231663,0.8279790204322142,0.9374481060450464,0.8304398650868532,0.8633240709217587,0.9581320989512299,0.8538079359326665,0.8209366838621504,0.7136322396942789,0.8928945093383254,0.963592970627815,0.8361760619708303,0.8725553212046715,0.8276501314842979,0.5984982612325251,0.8633240709217587,0.895093546009468,0.699694520207875,0.7487632090815708,0.6208655002626315,0.8796400151030104,0.8381847602503403,0.4463699258746815,0.854570870649245,0.5645589544376641,0.40635224284564586,0.8633240709217587,0.8633240709217587,0.8711711835174643,0.6734462449102971,0.7943645644136166,0.698054449388311,0.39394309429952434,0.5446677545771306,0.612536503916207,0.4134161890998683,0.8441637851802157,0.3663415937929244,0.8633240709217587,0.8244467182719015,0.8773844821970236,0.7243195312579482,0.5740472629682527,0.8875631490366904,0.6307608814953938,0.8633240709217587,0.8633240709217587,0.4635296633608269,0.8633240709217587,0.4276023813714961,0.8342796354092274,0.6604257467934707,0.7292838755700908,0.875219552544567,0.7658955352989161,0.3314827149933737,0.6425251486534891,0.8633240709217587,0.8133441486079458,0.34821887156823583,0.933392488708745,0.8875631490366904,0.8810347382977066,0.7877382453001089,0.9582561169701536,0.8206401121682738,0.9661519036231663,0.6512314879218049,0.8633240709217587,0.49339672732745654,0.9680102158050212,0.5384829298534042,0.7531282908438883,0.637880398750639,0.9901191869761832,0.799145275240317,0.666404147680596,0.9917401414037557,0.789964761561504,0.4976835792416544,0.8503465187788168,0.892962784146768,0.8983107112251305,0.8401356041885015,0.5327256216540005,0.7367528554688056,0.8897634772723566,0.6242960198677245,0.6930280688350455,0.7926601557017625,0.9194654301067335,0.850008560395165,0.8133441486079458,0.8986133813304022,0.9824060674218802,0.7381896022300456,0.9578611672843358,0.49087755896399365,0.9142896034642765,0.9876125469293455,0.861076626459323,0.9414675996096098,0.6339822381152649,0.8748097499677505,0.7706669971342828,0.9746879019618715,0.6662897965363099,0.8372916068903066,0.7449290527532006,0.8206401121682743,0.7036025842757822,0.7526289843662575,0.8633240709217587,0.77871409345795,0.9142896034642766,0.705032544249611,0.7089549861069415,0.9188478398694269,0.5692065267537392,0.7925879481852565,0.8633240709217587,0.5068711286364718,0.5326983585252711,0.8984612896984404,0.3787073766263823,0.3382888803882772,0.38020692944801415,0.9124629060455849,0.6237431498764514,0.8028197210559538,0.8747756492155023,0.5228104969971326,0.8782341305473451,0.6360994208065802,0.8986133813304025,0.8266608704208851,0.9268630210971771,0.9626075376379615,0.8843767050709683,0.5696217130136443,0.9816144383588512,0.5318832428579465,0.9586324961848864,0.858893520400233,0.5984982612325251,0.6723605412471121,0.7204754264382178,0.44255279493648203,0.5026826666866159,0.8633240709217587,0.4220606489110289,0.6322314049586779,0.8357841834333408,0.8633240709217587,0.2472673494379366,0.8748097499677501,0.8875631490366904,0.8266608704208858,0.858893520400233,0.6305642408368777,0.939486776597036,0.9219221901646455,0.9272187549328597,0.8313822188678053,0.8524475004841159,0.5660275607651704,0.8633240709217587,0.9453820578238676,0.8633240709217587,0.732287743007687,0.6371137690062594,0.43894043143107275,0.7243195312579482,0.8986439391242445,0.5502991370065218,0.45664600502904173,0.8579429422118015,0.8633240709217587,0.8965471168557353,0.46015483656998835,0.6573230695884185,0.7981930316589165,0.771976162795581,0.947541329894146,0.7981930316589156,0.7338543994428233,0.8169712959496185,0.49740633030333714,0.4889946542696251,0.8169712959496185,0.7914666658764193,0.8773844821970243,0.7085010928784503,0.8169712959496185,0.7243195312579482,0.9870540169981432,0.9355698516335704,0.7253663503958827,0.8588935204002319,0.6665212576967655,0.8989203946432849,0.45285292063875815,0.7719761627955801,0.992832719136504,0.45326608847546246,0.6336168639276534,0.9515033910166031,0.8709534630397205,0.7862719898485556,0.8357841834333408,0.7352092210657677,0.5361756741386505,0.9363929117507983,0.7923388571645829,0.8602763835208993,0.7717727770614642,0.9064110103549554,0.6516235798037207,0.9268990298897799,0.7505804192991626,0.8050570472652661,0.6776416096227299,0.8773844821970236,0.8823796135894804,0.8203020313881899,0.5066641765483865,0.7650064775714749,0.6932556421703042,0.8436803360653844,0.9461367515284633,0.8567153354315402,0.5991881159507113,0.8633240709217587,0.5791637711152554,0.7368631628176407,0.8264731481056444,0.5669945713770917,0.7723538566681387,0.9188331228609052,0.8243530514980486,0.827373985007307,0.5232179403030508,0.8796400151030104,0.8707797299487805,0.9489538339430426,0.8133027009310334,0.7722731659639437,0.8381847602503403,0.7265469515213456,0.8588935204002319,0.8301642744176367,0.5635454405070002,0.8725553212046713,0.900633073794324,0.42366915207187783,0.46993039818195825,0.9064110103549552,0.8556464265054353,0.0,0.5306325266394065,0.8545708706492459,0.8545708706492459,0.3274917895478594,0.9495749735578536,0.756914589624569,0.9064110103549552,0.3482173742107896,0.8735931051860002,0.8823796135894804,0.30408882012316396,0.8441637851802157,0.9661519036231663,0.7487632090815705,0.5325623188370715,0.7703026538032497,0.70762738421004,0.8823796135894804
p359_GAP,0.6388066339703202,0.9453842135851235,0.8843905925451934,0.8150495279164498,0.8546678929617308,0.908982594642803,0.5562653848794277,0.5837098451191369,0.6869712992390218,0.863392937194817,0.8937129110881392,0.84818938914953,0.8481893891495298,0.9210771692402094,0.7658380475916093,0.9918787869770073,0.8895042070087669,0.9441618698738372,0.9345630516777264,0.8633929371948172,0.8324527002430686,0.8375914745592352,0.8732592629042031,0.8613811475412916,0.8798733906301688,0.7647208885946122,0.8958275172459762,0.7321974701675709,0.9363234820150037,0.4858386783287003,0.7841097631658178,0.8756436752646828,0.8299231483677991,0.7408497516426,0.8837694824533624,0.9609692800199943,0.8913895452939615,0.8819196544275271,0.870604554931679,0.8203869582658743,0.7718764896429602,0.9289696464935431,0.8991272068015781,0.9051544147711521,0.9494945861822905,0.7853875081560195,0.8993729787121678,0.7934107475786716,0.8484660858448074,0.7724060619963704,0.9399090046751277,0.9623046431786905,0.7647208885946122,0.7661423196428153,0.8557235455907384,0.9513280980466947,0.864362378497199,0.708808264663793,0.8715249962991669,0.8694444869495284,0.7476764289275377,0.7583216822374373,0.7871510112545179,0.8892564970818371,0.8498860850829324,0.6030956872716158,0.9958256659144272,0.9719912108914674,0.7214176325684067,0.9693856077784861,0.8293199682043964,0.9588484044745802,0.8834178016135845,0.6889873290995918,0.708808264663793,0.9207795942942947,0.9905817887073165,0.9559408221177331,0.7917190362465913,0.8607491670904543,0.9809985332500876,0.8900259207364583,0.6829247101614349,0.8320112565743227,0.708808264663793,0.7988535226317752,0.9660351120311094,0.8714113349834902,0.8950533705284629,0.727646467421893,0.708808264663793,0.8596447662003531,0.9664401165253287,0.7759490076563698,0.7251673831083312,0.8856308017104271,0.8731803828700915,0.832452700243069,0.8678383344340701,0.7865469748513649,0.9617061824038097,0.9765765779125157,0.8834178016135845,0.7953414702336072,0.8658104809579508,0.8565016117177142,0.9642260734712437,0.9065480677147464,0.9275749982249685,0.6846743125238666,0.8943125396903072,0.9342056376346594,0.9677462665776339,0.7973194732660716,0.8993729787121678,0.9445926659145814,0.9009798773214706,0.8565016117177142,0.9758832862238255,0.8032451200345556,0.7235399824997097,0.9764298127780957,0.7590923384732138,0.9507795436722066,0.9661176394865516,0.7487776094636502,0.9213979430466315,0.7915677941670691,0.9255897343552283,0.8552355626501879,0.8400632084994162,0.9303855895559967,0.9958256659144274,0.9857386740650507,0.9431712759450812,0.9292305306607093,0.9742013833744358,0.939909004675128,0.9077763399699053,0.7452088586072332,0.9470786205309831,0.863392937194817,0.7060947680345286,0.8743344902595095,0.964461093882544,0.8022607948882157,0.9862846689912059,0.6701731052236135,0.9307692768956471,0.8209523254553936,0.9907459731648102,0.8531298405752463,0.9444810945860539,0.773473428402597,0.9720416693803504,0.8043131583928993,0.8385874048882591,0.9862330830752133,0.9504774930964766,0.7910421223911577,0.7908660290874032,0.9924108112436552,0.9828275019633093,0.9111844887098648,0.8288387774405557,0.9422624919479877,0.9288331779476213,0.8892564970818368,0.936891233316494,0.8165894621006846,0.9007792228676448,0.84818938914953,0.7991380888350763,0.6657593633227137,0.8125121326434226,0.8821604406074484,0.9261467239192342,0.8079761960583187,0.9235178106713189,0.7840680766279918,0.9911129692937135,0.8687967700017796,0.9948109578214426,0.8124792961076073,0.7755877139842022,0.7089580274522045,0.747877753174992,0.9805113003783661,0.6637183802472111,0.7890002948676474,0.9795435310761682,0.9808829460239414,0.9303932280793389,0.7410689351866548,0.8656610616975322,0.708808264663793,0.8613811475412916,0.8828326637655326,0.8349531515981796,0.8809533537218257,0.7244126917611609,0.8124792961076073,0.708808264663793,0.8928815372674512,0.7660962917213949,0.8998582096049104,0.708808264663793,0.8541677361396323,0.8416120212942144,0.8120392625288222,0.9642754306259935,0.9523970077070816,0.9330222178352456,0.708808264663793,0.7244001641427458,0.708808264663793,0.7215463958964854,0.8807167034861649,0.961743492912603,0.708808264663793,0.8195276969556007,0.708808264663793,0.9650156377261354,0.8585109073518351,0.865664835975178,0.8397728114392751,0.9303855895559969,0.8384889633703974,0.745208858607233,0.9913650736550723,0.8375914745592354,0.9008121989134347,0.9756686252274629,0.9850342358287099,0.9636930012092049,0.8759834880404089,0.882359977723439,0.8545403213235454,0.8901211877354022,0.8605590472976901,0.8416120212942142,0.916337741476924,0.9146339159824495,0.9795435310761682,0.708808264663793,0.9567818411057488,0.708808264663793,0.6796899223725936,0.6847123286189165,0.9315603365039825,0.7774803425221101,0.8884283871204193,0.8613811475412916,0.9112232147278161,0.9280112934163842,0.8849274001177065,0.8937129110881394,0.9288331779476213,0.8683603678683387,0.8452976429826492,0.7772233424181658,0.8921117383017645,0.6993688578599878,0.9834551867967747,0.995731963251596,0.870604554931679,0.9108123482314605,0.8716423622933092,0.7289685638269627,0.7871838096442514,0.8267594084754195,0.8030296776830926,0.8730842858598554,0.98187093196739,0.7744805025669328,0.8565016117177142,0.7883601960997755,0.761203478033023,0.9828275019633093,0.8273270360700622,0.8565016117177142,0.9393433403594171,0.6795674738242605,0.9500629113683143,0.883813517405303,0.9819710083579035,0.7905009128495416,0.9262950902868479,0.8048362852206397,0.8694444869495286,0.9303855895559969,0.961398200399826,0.9991271005058252,0.9957918361207541,0.6097000696481392,0.9635005687398782,0.8227335226360537,0.8409897966600004,0.9957918361207541,0.9419726614366257,0.9749222043475562,0.8828326637655325,0.9315603365039824,0.7992427115249117,0.900461883526015,0.9924108112436552,0.9146954770226712,0.7890671800023679,0.9723064860568295,0.833407291635587,0.9976788735635546,0.6960328424620725,0.9756686252274631,0.8285189692666353,0.8391822567423206,0.9907459731648102,0.8944383440283767,0.9363234820150037,0.8583280427263247,0.879506073301165,0.8057145246692523,0.9765765779125157,0.708808264663793,0.8435110105594599,0.9224767797292569,0.9661176394865519,0.8565016117177142,0.9163679869178436,0.9538673439171336,0.708808264663793,0.8076665364508455,0.7952728272746873,0.8607491670904543,0.9974140949804525,0.8559936950218832,0.9364267113498836,0.77089701297787,0.7933023904170069,0.8920460796756857,0.8312991926525372,0.8299231483677993,0.9895115141511142,0.8683603678683387,0.7800091820038415,0.9372185817589047,0.8241619227747676,0.9115290367780329,0.9758832862238255,0.8446481014335263,0.9758063338100487,0.7744805025669328,0.9431712759450812,0.6993688578599878,0.92955966040515,0.8837359675846269,0.8174705878985133,0.79673734101786,0.9399180703452825,0.708808264663793,0.7578230080829225,0.9343744264009455,0.9774383526002246,0.9343744264009455,0.9907459731648101,0.7764557767472204,0.708808264663793,0.708808264663793,0.9307692768956471,0.8598605032301512,0.8450216891863233,0.708808264663793,0.9727887544250968,0.8837694824533626,0.9819710083579034,0.8123070106862,0.8286646830582454,0.9416209805968477,0.9123577910091998,0.8923950820024888,0.9582276831808993,0.9123907373973592,0.708808264663793,0.8339902122595308,0.961990438086,0.8322399280706676,0.8915094260347642,0.8712386256286825,0.8429469770868911,0.9613982003998258,0.8391769892416006,0.708808264663793,0.8939942570059727,0.7642465355474273,0.7522612546413754,0.9226858904593129,0.8385348749320088,0.9404253122393422,0.9081157632643155,0.708808264663793,0.8970240010712486,0.947078620530983,0.708808264663793,0.7478811294871306,0.8220360321334617,0.7365798583689809,0.9513055713165917,0.7992427115249114,0.708808264663793,0.8540507542866835,0.7391525679016921,0.9831525377747646,0.8567566494066683,0.870455895888057,0.9294161150226032,0.8460823815562122,0.8970240010712485,0.8993729787121678,0.9164060891461528,0.7809705963101157,0.9850137641947538,0.7670558567645722,0.8476461927756546,0.9173109506684254,0.7724233048431892,0.9077763399699053,0.943687516826649,0.708808264663793,0.9261467239192345,0.9514068043734991,0.7640918615555865,0.9688860444852032,0.970291878190125,0.6901593365439136,0.711943166922341,0.8385348749320088,0.6901593365439136,0.8557099775883149,0.7961130331386898,0.9197782287362224,0.8693322698280641,0.9635940256248285,0.9345630516777262,0.7675039068167469,0.8448848835244378,0.9965961832829255,0.9677439115048985,0.9204893705365993,0.9660351120311095,0.9727887544250966,0.9158388911820552,0.9811398520792025,0.7476602356515298,0.6377520865790984,0.9357781812640626,0.9231504440765295,0.9303855895559965,0.819168612365083,0.9598263504967505,0.7703947182571966,0.7387677543561375,0.8724879245905686,0.8306522664559605,0.8049434857291164,0.6375252252968535,0.7433059690757577,0.8035849986143966,0.8958275172459761,0.819442168441916,0.9586410538260026,0.8962413134067087,0.9475713121165523,0.7724233048431896,0.9352167665340161,0.9058253998530239,0.9937166764217947,0.8779701261964141,0.89845309930464,0.7188903745628299,0.9303855895559969,0.9771242035145411,0.9817354932731859,0.8956541681811825,0.7418349081102646,0.8913241678184745,0.9105422282205649,0.8523950123883866,0.8495834360609223,0.8465154219819752,0.8153269138415048,0.9431712759450812,0.89942767179876,0.8565016117177142,0.9450518435113001,0.8523063736948728,0.7937627339524103,0.84818938914953,0.9821449534790387,0.8611978063668324,0.8407846054341426,0.6811592415007195,0.8452976429826491,0.708808264663793,0.8498860850829328,0.708808264663793,0.708808264663793,0.8121088241003511,0.8432867912937103,0.8779077579069452,0.708808264663793,0.9911651787543961,0.7850128227540414,0.7226063806258662,0.8921356592762403,0.7734734284025977,0.9346375315098757,0.9635940256248285,0.8538666569762733,0.8733035828806197,0.9085114748781646,0.9518482605130012,0.8495834360609228,0.8139438951705953,0.9633375227454521,0.8767031494287587,0.9299458211089082,0.9343118721011041,0.8694444869495288,0.935140208365685,0.9166706359398538,0.9298612415774303,0.8993729787121678,0.9700935518975055,0.9905817887073164,0.8657932796987606,0.9613926020445798,0.7898722178276629,0.9123577910091997,0.8179787033593431,0.9913650736550723,0.7595419117976209,0.9924108112436552,0.7696616986214532,0.8085264771793389,0.9862330830752133,0.9090836805079257,0.9261869549695412,0.8030296776830925,0.9943307567854552,0.9763281206504476,0.7791334107905221,0.7949208375101817,0.7842016865457022,0.9445954258848499,0.8524058874227003,0.8991272068015779,0.9517599051108478,0.7675039068167466,0.9396293104175029,0.992805198020063,0.9905817887073166,0.8762372092695268,0.9938900201595648,0.708808264663793,0.9077763399699053,0.9045421961063929,0.7670114436470581,0.9008732751590902,0.9660351120311095,0.9795435310761682,0.9786234207897123,0.9815302749026986,0.7488021426930147,0.783132835178082,0.8633929371948175,0.8943330687413953,0.9559408221177331,0.9684377629862788,0.6901593365439136,0.9609036925517416,0.904722095482415,0.8362885366467135,0.9828275019633093,0.883683825395915,0.9496067391008209,0.9534056331820902,0.9670388010280482,0.7696573688418822,0.9664401165253285,0.8030136153992318,0.9091120985456094,0.8998582096049106,0.9280112934163844,0.8985516704373485,0.9730586339982115,0.9746080361412672,0.9976168396474079,0.727646467421893,0.9600879966230038,0.9574856031621495,0.9857386740650507,0.9442387795040439,0.9765765779125157,0.9730946846207086,0.9614119059411901,0.8149490499337113,0.8783884575061631,0.8049434857291167,0.9997818524042921,0.8664609907840173,0.8435974888234294,0.8690345152314178,0.8756436752646828,0.9758832862238255,0.708808264663793,0.9953860489906694,0.9207031630945093,0.8427391932542612,0.8387769811803858,0.708808264663793,0.7673092768117005,0.907658679104549,0.8179787033593435,0.8601833301225159,0.8252826624319249,0.7956536058867398,0.8339902122595308,0.960196602364742,0.9225906019943115,0.8656610616975322,0.8937694691940095,0.8982598745684949,0.8498860850829326,0.9053242490410109,0.8861038083845729,0.9924108112436552,0.9174001253081148,0.8607491670904543,0.8583200901049732,0.8002583806705531,0.8607491670904543,0.9009798773214703,0.8747404628543142,0.9419726614366257,0.8516982721297417,0.8025649853159416,0.9345630516777264,0.9707225700884794,0.886684827911649,0.9211479711571402,0.8747834418984481,0.6993688578599878,0.939909004675128,0.7079927759688762,0.6993688578599878,0.727646467421893,0.6717587929387792,0.708808264663793,0.9763281206504475,0.8224156581297057,0.708808264663793,0.8315693355829885,0.7710606998080469,0.9693856077784861,0.8993729787121678,0.8829757114893828,0.808526477179339,0.6993688578599878,0.9851798733899283,0.7340359114601012,0.8732592629042035,0.8647305584603608,0.708808264663793,0.9642260734712437,0.9455639670686868,0.9475713121165523,0.855034511003512,0.957212090625665,0.8649179394762069,0.9213979430466315,0.9761491962026001,0.9310236666640872,0.6628165329007829,0.912871071944994,0.8552355626501886,0.8293199682043964,0.7992157855682095,0.9214077311308781,0.9308831109853785,0.9957918361207541,0.9146954770226712,0.9303855895559969,0.6806052427881688,0.9092374165469364,0.708808264663793,0.8837694824533624,0.854049579300284,0.8998582096049104,0.9912112160245363,0.8895042070087666,0.7805368441912517,0.7060947680345291,0.6901593365439136,0.9334327009481139,0.7351998960866788,0.708808264663793,0.708808264663793,0.8637471802299914,0.8644636556157592,0.802409064911535,0.8715249962991665,0.7363220913937567,0.9595751622857329,0.8865244259028497,0.8152709236053775,0.9517737658055092,0.6878860120190526,0.708808264663793,0.6829202012614362,0.9077763399699053,0.870604554931679,0.9945376770456918,0.8565016117177142,0.9794475186683218,0.708808264663793,0.708808264663793,0.8977937958094895,0.8252146226303213,0.7759287528306824,0.9848715346164765,0.9780733681555107,0.8221822071167648,0.7346333345958844,0.8424463430578737,0.7977976047160633,0.9706780801630343,0.708808264663793,0.9310236666640873,0.7692868536744162,0.8613811475412914,0.969385607778486,0.8772740752841118,0.9123907373973594,0.7606662375525146,0.9730946846207085,0.8613811475412918,0.8633556149647692,0.708808264663793,0.831069780134521,0.99245481373059,0.7886450621342291,0.8983822148191001,0.8524162057593652,0.8685662590384201,0.9175372943244358,0.9550590879744535,0.9497602623463041,0.7064208798491052,0.7655043024145163,0.7348263104370334,0.9907459731648102,0.9819710083579032,0.7866766582073312,0.8021947863238532,0.9077763399699053,0.727646467421893,0.692042450955709,0.9295866681593206,0.7983944846397644,0.8293199682043964,0.9857386740650507,0.8173415106432386,0.9375052465127017,0.8991272068015779,0.9567818411057488,0.858585748526077,0.7746035938669331,0.9998241595801111,0.9363234820150035,0.9112315045878558,0.9414884353549027,0.833265069058539,0.8299231483677996,0.9330222178352456,0.9182233226290619,0.9922660599549893,0.8313727497886214,0.9914356887333351,0.7601332644120117,0.8817035585320001,0.9708106293365717,0.708808264663793,0.907638136435563,0.9707225700884794,0.9836301429312049,0.863392937194817,0.8429891603867945,0.7740239442028942,0.9444810945860539,0.708808264663793,0.9596898347888987,0.9517599051108476,0.993972102729978,0.775044806520861,0.8052366072190793,0.7640918615555865,0.8756436752646826,0.9540866752345054,0.7686957892468522,0.7497997924365767,0.8104635148784827,0.8432867912937103,0.8064222056695217,0.8223711273793304,0.9913650736550723,0.9125193911052162,0.9829995536290008,0.930769276895647,0.8422575049776952,0.8024090649115351,0.9832306222956084,0.9710742509282573,0.6993688578599878,0.8826747152887893,0.8169935667934971,0.7000005580341571,0.9929848531072716,0.9522702001890513,0.708808264663793,0.8615736650729708,0.8121849617288524,0.7992894910048216,0.708808264663793,0.6485492515027018,0.881919654427527,0.8565016117177142,0.7724233048431894,0.6993688578599878,0.8837924720722258,0.8768715018941289,0.890121187735402,0.9513280980466949,0.8818470229776885,0.9613926020445799,0.9165035606286525,0.708808264663793,0.9654376099205373,0.708808264663793,0.8565016117177144,0.7888844262427137,0.7103698432603243,0.870604554931679,0.9363807478428156,0.8734141235230967,0.7432387274112073,0.8556454206615793,0.708808264663793,0.9766138018939252,0.7571006970843872,0.7673494041985988,0.9867192886378973,0.874182588653663,0.939909004675128,0.9033843983847025,0.9026059647784725,0.5592742120839422,0.7448072985704184,0.9648087428378006,0.5592742120839422,0.9368372061518377,0.8030296776830927,0.807284548437142,0.5592742120839422,0.870604554931679,0.8544413792342263,0.9885768636953582,0.9463253162273466,0.9255897343552283,0.7998080513271792,0.9364267113498836,0.8044016421531766,0.8226649952907412,0.8968804250543767,0.7236985438593246,0.7601602309409896,0.989577436959056,0.9112315045878558,0.6694968440213904,0.9819710083579033,0.7812020662531614,0.6888490945819374,0.8801917172908771,0.7924354194239962,0.8203869582658742,0.8613811475412916,0.8373477570245096,0.7812020662531614,0.8626491407196206,0.7512025702894107,0.7346333345958849,0.7934107475786716,0.8435110105594601,0.8832783605113936,0.42301082821511593,0.7679205415289068,0.9746298094848836,0.7945837660607136,0.9924469887988041,0.4831654785252143,0.9035060468318608,0.7998080513271804,0.8546678929617306,0.6097816113251511,0.9240078988168061,0.9794155353169796,0.6920554473541765,0.6649074726773064,0.9831525377747645,0.8974874730875659,0.46589449428796914,0.787151011254515,0.8895042070087669,0.9580125697899424,0.8256777705666052,0.42426335746817456,0.5255033957565438,0.9809985332500877,0.32053778983544023,0.8973121247933231,0.7978790840652539,0.18593038276855567,0.8373477570245096,0.8913895452939615,0.6256272652165831,0.7512025702894118,0.9924108112436552,0.6507363917153346,0.5306325266394065,0.0,0.814394964886209,0.8143949648862088,0.6063717025849524,0.9707717074232651,0.8888453827000375,0.8373477570245094,0.5578461240754367,0.9132263160431708,0.8498860850829328,0.6482163504021023,0.9114015183226931,0.8913895452939617,0.8998582096049104,0.7763866000393189,0.9261467239192342,0.36991199993208723,0.8498860850829326
p359_PTGHV,0.94226955920958,0.843795974860178,0.9531644691774961,0.9091612453963546,0.9298144168543093,0.6305104195777208,0.9899045916464988,0.997249309880147,0.8976541691085209,0.9576735770276548,0.9894969760647812,0.9442013463068035,0.9350839192327518,0.7358607971323394,0.6675378764137853,0.9110367363125391,0.9446283507116098,0.9749771166196228,0.9555383641697375,0.6531584784210591,0.8862659208058092,0.8035626422286674,0.8668711152831978,0.947752420917731,0.8101794501321892,0.9271009640247971,0.8873533009789313,0.9519642373961466,0.6531584784210591,0.8926935785276153,0.9646668607340487,0.9799008321613357,0.9951011472655116,0.8774014877197258,0.9459533477380777,0.8958070756300919,0.9881959173184502,0.8930698696230612,0.9599080294518358,0.932948265704376,0.8565083545532761,0.9285324039439793,0.9599080294518358,0.9469647240084871,0.9980965995557116,0.760510953624288,0.9842011665427952,0.9301746946212588,0.7915844182403535,0.9531644691774961,0.9515133476881705,0.8715094360820284,0.9271009640247971,0.9375844381576608,0.9391866557097979,0.9706982209232327,0.7972709447607388,0.9459533477380775,0.9820113945838144,0.9424920127795524,0.9000373939808768,0.9853212789890557,0.8335182730010741,0.9287407729092758,0.6901393639197371,0.9669565006028216,0.9799008321613358,0.9348057385055197,0.8718160109744728,0.9555383641697375,0.7842326851381154,0.9800695481923837,0.9459533477380777,0.8707296060265277,0.9459533477380775,0.9123483154835408,0.9868619655962765,0.9035337647796047,0.8668703112866096,0.9581756603540755,0.9570183943574118,0.82241523538388,0.9666307012815272,0.9271009640247969,0.9459533477380775,0.7570534784216715,0.9868619655962765,0.8728912398822923,0.9217448144111742,0.9442013463068035,0.9459533477380775,0.637076217106679,0.818738765116283,0.8748720807652386,0.9215480977067745,0.8941182576784144,0.6788600287356852,0.9470114033160808,0.8629972997849047,0.8889830045319056,0.7508647778975331,0.7856158295427419,0.867698299150503,0.7373991380523984,0.9858280840858753,0.9555383641697377,0.8339100491713038,0.8379312624123882,0.9843238957181939,0.8456324037363951,0.6590497162861008,0.9772068366488,0.929526314391053,0.7112034438816375,0.9496037211238535,0.8760960566118896,0.7891410781146375,0.9555383641697377,0.9599080294518356,0.9080629205282025,0.9469647240084869,0.72623622775684,0.9643019407444018,0.857458324101998,0.9749771166196228,0.8199664945771146,0.9881959173184504,0.9984674516564291,0.7540118175420857,0.9098310498422768,0.8957343462573437,0.9496037211238535,0.911315012010842,0.9581756603540755,0.7155281517808965,0.9647165783264123,0.9352732263513659,0.9799008321613358,0.9515133476881705,0.9424920127795526,0.9656001244211194,0.9576735770276548,0.8681580978826144,0.8266115967158122,0.6528541745764542,0.9048766089350639,0.9890998097486436,0.8886615438957008,0.9256878868316014,0.7963267771106681,0.9644928340620883,0.9375517053100488,0.8596771133547377,0.9381464391926995,0.9113150120108421,0.9728091693196086,0.69396287753828,0.948606648261298,0.8773018426300596,0.6932610426722385,0.8547345879297663,0.9842011665427952,0.9795036960805319,0.8433079947733282,0.996482024510511,0.6392995820929143,0.882174077350171,0.892300166642851,0.9215480977067745,0.9210652057913622,0.865836133330351,0.9442013463068035,0.9706982209232329,0.8562021016929859,0.8736582841643714,0.8433746521132707,0.6728252353298365,0.9241056608283051,0.7891060482705197,0.9218647840881851,0.945345589113457,0.8814559000030187,0.9828956122135616,0.9442013463068035,0.8797354478006448,0.8053297218666662,0.9080629205282025,0.8952920587572559,0.9375844381576608,0.9933710628742857,0.9424920127795526,0.8976541691085209,0.942640168207316,0.8564442696037551,0.9000373939808766,0.9459533477380775,0.947752420917731,0.998757543485978,0.8941182576784144,0.9511411071754272,0.9531644691774961,0.9442013463068035,0.9459533477380775,0.9519967306429205,0.9632839475377788,0.9576735770276548,0.9459533477380775,0.8505519961852757,0.909831049842277,0.9123483154835408,0.8773018426300596,0.8407339288541584,0.6936544503118633,0.9459533477380775,0.8467269607313445,0.9459533477380775,0.9892829288379796,0.9692908559344788,0.9791208537583576,0.9459533477380775,0.938788216159729,0.9459533477380775,0.9346718616463516,0.9390736794276016,0.8027940542972899,0.9625612010339306,0.653225604876038,0.8098383097811257,0.9424920127795526,0.9314553797224701,0.9344681175525125,0.7998481153857467,0.8859545492789977,0.8774014877197258,0.9799008321613357,0.892948960819701,0.9176678508338107,0.9330819649782569,0.9259093040850026,0.9502726792490608,0.909831049842277,0.9408215498230332,0.6932610426722383,0.998757543485978,0.9459533477380775,0.8964706102804105,0.9459533477380775,0.8244859689251431,0.8879608031238043,0.9799008321613357,0.9229124393123014,0.8098383097811257,0.947752420917731,0.9486066482612978,0.9329497321807898,0.7703693253714239,0.8500491352017981,0.8523344596018207,0.9496037211238535,0.7026557403722566,0.9254766905970764,0.8912265872652463,0.9442013463068035,0.9534886050081051,0.7947337214816378,0.9599080294518358,0.9062897869037814,0.8784208915445284,0.9285324039439793,0.9241056608283054,0.693672110288899,0.9515133476881705,0.896370882861546,0.8379312624123885,0.9769744947491117,0.9555383641697377,0.8732965479503925,0.9313142969703935,0.7728949682499828,0.9957194866787558,0.9555383641697377,0.9582753654596401,0.9107855994378513,0.9534886050081051,0.859469411549016,0.8225110212643469,0.9842011665427952,0.955430200993886,0.84862415276136,0.9424920127795524,0.9496037211238535,0.8518109418760925,0.7853307328210792,0.747152515429922,0.8929083882224407,0.8456018749230434,0.9440119213971412,0.9378683512701801,0.9701343557301771,0.6813499460390833,0.9329482657043761,0.8225062122825697,0.9799008321613358,0.843307994773328,0.9273191685398656,0.9496037211238535,0.9728091693196088,0.9110906193450525,0.843274706630657,0.9806848395182721,0.9425295786510808,0.8054520429976549,0.8467009451356498,0.8809804133269927,0.6997073958033866,0.9644928340620883,0.8976541691085211,0.6531584784210592,0.8774014877197257,0.9688440619373719,0.9421708749432607,0.9496037211238535,0.9459533477380775,0.9515133476881701,0.9204726162303584,0.7377659678114223,0.9555383641697377,0.9534886050081051,0.9350839192327518,0.9459533477380775,0.9329497321807898,0.9555383641697375,0.9599080294518358,0.9826194297807278,0.7764316497758317,0.574813899714393,0.9515133476881705,0.8784208915445284,0.8777261541236304,0.8615536136695934,0.9391866557097981,0.7166562606203611,0.9496037211238535,0.913638123172289,0.8482429999576493,0.9375844381576608,0.9048766089350639,0.9599080294518358,0.8305786781890796,0.6684410986117408,0.8170840981467902,0.9446283507116099,0.9442013463068033,0.7842326851381154,0.8911121531798493,0.84862415276136,0.8499446834990618,0.7563725028925857,0.9459533477380775,0.9028411927070046,0.912359476799596,0.7891060482705201,0.8810236202136962,0.9576735770276548,0.8639560978502498,0.9459533477380775,0.9459533477380775,0.9256878868316012,0.9345566419027254,0.7645751990081133,0.9459533477380775,0.6531584784210591,0.6813499460390834,0.6058854609343278,0.9259093040850026,0.9632839475377788,0.9298144168543094,0.7739532440131407,0.9868619655962767,0.8725187380085746,0.8801188504041417,0.9459533477380775,0.9381464391926995,0.6392995820929139,0.815648404165173,0.8451646916481852,0.9188618095812562,0.7391574535729528,0.9496037211238535,0.8365766458204869,0.9459533477380775,0.7869306107239787,0.9292705781907254,0.8797354478006449,0.9037152364217149,0.947752420917731,0.8742662697405407,0.8371553780673476,0.9459533477380775,0.9595554859827866,0.8459731339328611,0.9459533477380775,0.9627453733534852,0.9774414664138277,0.9412475531634239,0.7617512826831672,0.8433079947733282,0.9459533477380775,0.951769968953335,0.9935249236883033,0.9534886050081051,0.8966526383968816,0.9247981305781463,0.901237634194086,0.9024440319654485,0.8301753914041622,0.9496037211238535,0.9628544051917185,0.879190935397886,0.9314553797224701,0.8724450251774913,0.7279673570721921,0.9549668724570901,0.9818737559710531,0.9515133476881705,0.6898898152165965,0.9459533477380775,0.9555383641697375,0.741413092696116,0.963635331838012,0.9894969760647812,0.9229124393123014,0.9424920127795526,0.9730245788790264,0.9881959173184505,0.9424920127795526,0.9035337647796048,0.9919305345581159,0.9531057683512584,0.9352732263513657,0.6964186301552314,0.9555383641697375,0.8937959505222852,0.9576735770276548,0.992239334903201,0.8164527390346146,0.8151176594087011,0.9607441863599594,0.6531584784210598,0.9983787153076735,0.9519642373961463,0.9873110786538151,0.9285324039439793,0.9344681175525125,0.9696933196761031,0.7194207172093905,0.955430200993886,0.8923001666428507,0.900758470556162,0.9299834289466349,0.9996756029115748,0.9360123464869743,0.9201981569430606,0.8034877271988278,0.8113012486302031,0.9895471103623407,0.9446283507116098,0.9379271128441666,0.7090178837688106,0.9608634184056342,0.9795036960805319,0.9314553797224701,0.7581797173419726,0.9360123464869743,0.9002465670022487,0.9299834289466349,0.8879608031238044,0.8451674176287411,0.6532256048760396,0.8504983624441868,0.9974341200785378,0.9636703814083795,0.9287407729092756,0.9555383641697377,0.8753220118250444,0.9531644691774961,0.9534886050081051,0.9928378554472403,0.9980965995557116,0.7728032015135758,0.9515133476881705,0.9555383641697377,0.8129896203110096,0.8002583806705534,0.8549012313731066,0.9442013463068035,0.9954412864629743,0.8668703112866096,0.9390736794276016,0.9408215498230332,0.8266115967158121,0.9459533477380775,0.9534886050081053,0.9459533477380775,0.9459533477380775,0.8617026589491741,0.9314553797224701,0.6266490207901443,0.9459533477380775,0.8512620629681912,0.8835396149954,0.9098310498422769,0.7783831209320853,0.9381464391926995,0.9281269747398555,0.6964186301552313,0.8964706102804105,0.8860996110792339,0.9391866557097981,0.9455056955691956,0.9534886050081051,0.9536828573969378,0.8437324975805103,0.876086553322736,0.8129896203110099,0.9951011472655116,0.9424920127795526,0.8557575751694388,0.7614137701341686,0.7951305376353202,0.9842011665427952,0.7092609359502963,0.9344681175525122,0.9285324039439793,0.9818737559710531,0.8963708828615462,0.9494874991020565,0.937551705310049,0.9818737559710531,0.9149270915494647,0.9496037211238535,0.9344681175525125,0.9881959173184505,0.9486066482612978,0.9067529594461947,0.7752683943150149,0.9515133476881705,0.8576381060247249,0.9408215498230335,0.9784212882796224,0.7463289785855669,0.9442013463068035,0.8156484041651733,0.943204091568967,0.9581756603540754,0.7755087161183707,0.8937959505222852,0.8964706102804105,0.778826670293799,0.8035626422286675,0.9390736794276016,0.9395972874156604,0.9459533477380775,0.9515133476881705,0.9110906193450525,0.9459533477380777,0.7597505096696288,0.9868619655962765,0.9424920127795526,0.9666307012815272,0.8187387651162831,0.9677078677803636,0.8459731339328611,0.957673577027655,0.791670982592325,0.9360123464869743,0.8883008446412397,0.9424920127795526,0.7253263949559206,0.8655810002434066,0.9688440619373719,0.7728949682499829,0.9401666948359451,0.904572441311807,0.7957807456005872,0.9146670526905691,0.997222278815483,0.8758599594503,0.8492693629146786,0.9201981569430604,0.7309920673313162,0.7074311230573808,0.947752420917731,0.9411337183009956,0.9330819649782569,0.920376705497234,0.9442013463068035,0.8152992487169168,0.8580717879645416,0.8762593501599868,0.9352732263513657,0.9496037211238535,0.8397002396163548,0.8027940542972899,0.9285324039439793,0.8952920587572561,0.6351148051470565,0.9843238957181939,0.8917839318880126,0.9360123464869743,0.9442013463068037,0.9515133476881705,0.7124267297718095,0.9459533477380775,0.913638123172289,0.8405283382343458,0.84862415276136,0.8313870282962366,0.9459533477380775,0.9084332038159759,0.8020710990882574,0.9375517053100488,0.8225110212643469,0.8976541691085209,0.8078092644882728,0.9058538072885727,0.8009032908898466,0.8027221565196543,0.8748767380440908,0.89895267806594,0.9855431718151524,0.9534886050081053,0.8472499068346662,0.7972709447607388,0.9842011665427952,0.6048693972763179,0.9599080294518358,0.9229124393123014,0.9400070997515089,0.9581756603540754,0.992239334903201,0.9706982209232327,0.7434660637428889,0.969596036986903,0.9425295786510806,0.9555383641697375,0.9459533477380777,0.9868619655962765,0.806890624786805,0.8433079947733282,0.9442013463068033,0.9799008321613358,0.9408215498230332,0.9442013463068033,0.9442013463068035,0.9136381231722889,0.9459533477380775,0.9408215498230332,0.9012376341940861,0.9459533477380775,0.8224152353838798,0.8108308652408229,0.9555383641697375,0.9496037211238535,0.9534886050081051,0.947752420917731,0.9442013463068033,0.78852047137364,0.9080629205282025,0.9314553797224698,0.8873802628159337,0.9459533477380775,0.7960740039377886,0.7194207172093909,0.9795036960805319,0.8338539721527618,0.8303725425782196,0.9701343557301771,0.7319892702631753,0.9329497321807898,0.9907143086558443,0.9843238957181939,0.9459533477380777,0.9502726792490606,0.7842326851381156,0.9646668607340485,0.8566623054005464,0.9570183943574118,0.8958070756300922,0.6030992882883232,0.9496037211238535,0.9852542301053671,0.8886615438957008,0.9459533477380775,0.7434660637428887,0.9071406350367379,0.9576735770276548,0.7793024773965308,0.9980965995557116,0.9894969760647812,0.8681580978826147,0.9424920127795526,0.8311124862659915,0.8241692899551483,0.9459533477380775,0.9459533477380775,0.9486066482612978,0.7632112604920254,0.8472499068346661,0.9910463954942064,0.8925106518208059,0.7889257573323305,0.9728037245017033,0.8674599764023219,0.6820721344174552,0.8823062429081607,0.9459533477380775,0.8941182576784141,0.9515133476881705,0.9599080294518358,0.7354475081798963,0.9555383641697377,0.8480962071381712,0.9459533477380775,0.9459533477380775,0.8127571370256816,0.9459533477380777,0.9279936079124453,0.9344681175525125,0.82818698920859,0.892300166642851,0.9229124393123016,0.9287407729092756,0.8238535688751862,0.7538501223474796,0.9459533477380775,0.6857526560898854,0.8604059906780077,0.947752420917731,0.9555383641697375,0.9123483154835408,0.8769383301087414,0.9826194297807276,0.6744067172269888,0.9241442555546319,0.9390170066658519,0.9459533477380775,0.8707296060265277,0.8810236202136958,0.9287407729092758,0.730827261798715,0.9476047808533716,0.937584438157661,0.9360462988835683,0.6885980876961344,0.9534886050081051,0.9213819287986171,0.8833956586824043,0.9980965995557116,0.9576735770276548,0.9175383063396303,0.9271009640247971,0.8551965465982103,0.9515133476881703,0.9442013463068035,0.8994963539206025,0.924292054060027,0.8879608031238044,0.9590184309099958,0.9599080294518358,0.8070775443102369,0.9599080294518358,0.9599080294518358,0.8472499068346662,0.9994890516008976,0.8894657784451026,0.9459533477380777,0.9576735770276548,0.9868619655962765,0.9868619655962765,0.7334406308261026,0.9391866557097981,0.9442013463068035,0.9706982209232327,0.8871620821950175,0.947752420917731,0.8199363790756029,0.912359476799596,0.8394320005991052,0.8151176594087011,0.9459533477380775,0.6370762171066792,0.9459533477380777,0.8564442696037553,0.9576735770276548,0.9285324039439793,0.9299834289466347,0.8596771133547378,0.9459533477380775,0.8459731339328609,0.7755087161183706,0.9299834289466347,0.8473003449739174,0.8155897859167089,0.8551965465982104,0.9515133476881703,0.8655810002434068,0.9210652057913622,0.9910463954942063,0.7804688175477095,0.9677078677803636,0.7406549312181803,0.9599080294518358,0.7660343627860307,0.9919305345581159,0.9273191685398654,0.9728091693196088,0.8848194430340295,0.8964706102804105,0.7687312965384802,0.9459533477380777,0.9442013463068033,0.8603130600722217,0.7000712741729294,0.8894657784451026,0.7890019507934145,0.7901005262017784,0.9459533477380775,0.8283511021022165,0.8749963101648017,0.9524863574623583,0.9459533477380775,0.8860996110792339,0.9951011472655116,0.9555383641697377,0.9314553797224701,0.9442013463068033,0.9630707417532702,0.9749771166196228,0.996482024510511,0.8436771116239439,0.7922034817987437,0.9314553797224701,0.7652677050624834,0.9459533477380775,0.9229124393123014,0.9459533477380775,0.970134355730177,0.7035456780666784,0.8769340287666245,0.9599080294518358,0.9215480977067745,0.8879611568845558,0.8988430035065227,0.8225110212643469,0.9459533477380775,0.9049562904994713,0.8642900383784609,0.9278857780314882,0.7240522127290341,0.9502726792490608,0.9799008321613358,0.9201981569430604,0.9188618095812562,0.9110906193450521,0.9203767054972343,0.843626509119507,0.9110906193450521,0.9175383063396303,0.9799008321613358,0.9110367363125391,0.9110906193450521,0.9599080294518358,0.785642120406248,0.9881959173184505,0.8251617830106459,0.6936544503118632,0.9627453733534852,0.5748138997143929,0.9190178597011773,0.9907143086558443,0.9677078677803636,0.9085802966718615,0.9256878868316012,0.9442013463068037,0.9607441863599594,0.7997298457662132,0.865836133330351,0.8140720624054416,0.9341586822630343,0.9061034849845075,0.9067106641371718,0.7915844182403534,0.9881959173184504,0.9496037211238535,0.9316215436119186,0.8707587922918856,0.9229124393123014,0.9229124393123014,0.9662311315641035,0.9515133476881703,0.9534886050081053,0.8657305039072045,0.9215480977067745,0.8078994805539147,0.881023620213696,0.857458324101998,0.8433473706866228,0.964301940744402,0.918861809581256,0.9459533477380777,0.9495157921839296,0.8115496121190977,0.9737816581441504,0.9662311315641035,0.8399534088511564,0.9752369887774632,0.7102331764333374,0.8994963539206027,0.9271009640247971,0.7155281517808965,0.8981214879942142,0.9287407729092758,0.8634987624252988,0.8283511021022166,0.9894969760647812,0.8342582334437216,0.9350839192327517,0.7653169626327649,0.8929779761790182,0.6532256048760396,0.947752420917731,0.9123483154835408,0.9229124393123007,0.9842011665427952,0.8594694115490158,0.8545708706492459,0.814394964886209,0.0,0.9424920127795524,0.8771406690629773,0.9709760367855709,0.8106385521368198,0.785615829542742,0.8797354478006449,0.871935502517777,0.9534886050081053,0.9203767054972343,0.9741187306463795,0.7960409320269942,0.9576735770276548,0.8911121531798494,0.9555383641697377,0.8889830045319056,0.9534886050081053
p359_S,0.8619805848329876,0.9375844381576608,0.7395160455356347,0.9091612453963546,0.9919305345581159,0.9599080294518358,0.92724631335328,0.89013420050704,0.8976541691085209,0.957673577027655,0.4221720985793437,0.9350839192327515,0.9350839192327516,0.9608634184056339,0.9826194297807278,0.9440119213971412,0.9980965995557116,0.9271009640247971,0.9701343557301771,0.957673577027655,0.9470114033160812,0.38441185787855425,0.9818737559710531,0.947752420917731,0.3991861418329561,0.9271009640247971,0.9446283507116098,0.9110906193450525,0.9576735770276548,0.9474335384685169,0.9201981569430602,0.9799008321613358,0.9391866557097981,0.955430200993886,0.9459533477380777,0.8958070756300919,0.3476792996802678,0.9391866557097979,0.9599080294518356,0.9728091693196088,0.9996756029115751,0.9285324039439793,0.9599080294518358,0.9073379150848058,0.9408215498230332,0.9524837083946815,0.32225004320927864,0.8941182576784144,0.41461415833629267,0.8848712502248581,0.9515133476881703,0.8399534088511564,0.9271009640247971,0.9531057683512588,0.9391866557097979,0.9706982209232327,0.9364894453503557,0.9459533477380775,0.7755087161183705,0.4112531061412823,0.9000373939808763,0.9313874640745576,0.9749771166196228,0.8929489608197008,0.8326881763486002,0.8406771976301872,0.9515133476881703,0.8467269607313443,0.8185133723218978,0.9555383641697377,0.9590184309099956,0.9256878868316012,0.9298144168543094,0.8431596959716183,0.9459533477380775,0.7560778836599102,0.9344681175525125,0.9360123464869743,0.8313082711508408,0.9599080294518358,0.9360123464869743,0.9795036960805321,0.9666307012815272,0.9271009640247971,0.9459533477380775,0.9536828573969376,0.9607441863599592,0.7921369220339982,0.6632623989949444,0.9442013463068035,0.9459533477380775,0.9443957023935474,0.9313874640745576,0.9334124924496283,0.9215480977067745,0.9977124314930521,0.9824703030601518,0.7862323152789434,0.8629972997849047,0.8617026589491739,0.9364894453503558,0.9842011665427952,0.9459533477380777,0.9376077489798191,0.6746985879974887,0.2268615547293249,0.6447298230037246,0.864726842902648,0.9643019407444021,0.817968259522398,0.9940936245905945,0.9741187306463792,0.7946893783415645,0.5571475855815915,0.32225004320927864,0.8227641902120655,0.992239334903201,0.9555383641697375,0.9599080294518358,0.8489732636249694,0.9865915329321682,0.9900377084336549,0.9843238957181939,0.9201981569430602,0.9749771166196228,0.7932320440185794,0.3476792996802678,0.9418533128468709,0.9442013463068035,0.9502726792490606,0.926854212252672,0.9496037211238535,0.9799008321613359,0.9599080294518358,0.8873533009789314,0.8925106518208059,0.9352732263513659,0.9799008321613357,0.29404263065639447,0.9424920127795524,0.8310095946739628,0.26399053386977656,0.8681580978826144,0.9564656546829657,0.9803559384917029,0.9048766089350639,0.9765386381256519,0.8886615438957008,0.9256878868316012,0.9098641085707673,0.9644928340620883,0.9000373939808766,0.8303175207633458,0.8735611753844457,0.8427291918603477,0.9256878868316012,0.9724461422388417,0.9085802966718615,0.8281869892085904,0.9900377084336549,0.9295263143910527,0.9496037211238535,0.970976036785571,0.843307994773328,0.7212270937874569,0.9662885265016657,0.852334459601821,0.6775492941054015,0.9666307012815272,0.8354015438796933,0.9958114695283622,0.3918676141607519,0.924292054060027,0.9453585115426592,0.8053297218666666,0.9706748120899618,0.9555383641697375,0.8932444491995202,0.915948988347669,0.879190935397886,0.9061034849845075,0.9149927351303697,0.924292054060027,0.9350839192327515,0.9093762272332483,0.6885980876961346,0.8489732636249694,0.8952920587572561,0.9375844381576608,0.9627453733534852,0.9400070997515086,0.9714591146969296,0.8604492404004833,0.883154189087261,0.9000373939808763,0.9459533477380775,0.947752420917731,0.9424920127795526,0.8941182576784144,0.8112423742607767,0.9531644691774961,0.9442013463068035,0.9459533477380775,0.7418552509140478,0.8564442696037555,0.957673577027655,0.9459533477380775,0.9341586822630342,0.909831049842277,0.879190935397886,0.8478507258139241,0.9523438149852952,0.9350839192327518,0.9459533477380775,0.8467269607313445,0.9459533477380775,0.8211639880902546,0.9129765806675123,0.9089601599099225,0.9459533477380775,0.7597505096696289,0.9459533477380775,0.8242064016460569,0.9390736794276016,0.9519642373961463,0.7536469869560927,0.9180060542094438,0.8364867092148458,0.9424920127795524,0.4635241052945285,0.9344681175525122,0.9874196720316067,0.7790167470448568,0.9609856433629198,0.9515133476881703,0.9287407729092756,0.9516055113244815,0.9330819649782567,0.9611956642977568,0.6453110266831017,0.9098310498422768,0.9408215498230332,0.9240873382644512,0.9424920127795529,0.9459533477380775,0.9696933196761031,0.9459533477380775,0.9323250549948575,0.9098310498422768,0.9515133476881703,0.9856324259650169,0.8098383097811257,0.947752420917731,0.9085802966718617,0.5019344689077639,0.9890998097486434,0.9570183943574118,0.9120136950985209,0.9496037211238537,0.9564656546829657,0.8634987624252985,0.8342582334437216,0.9442013463068035,0.8326881763485999,0.9286248363783871,0.9599080294518356,0.8784208915445284,0.8986279455814488,0.9741187306463792,0.8623832375707352,0.9448040768384333,0.9515133476881705,0.8388184704910291,0.8405217717044979,0.8631351086485664,0.2268615547293249,0.8179682595223978,0.9085802966718615,0.9214557696516739,0.9316215436119186,0.2268615547293249,0.9292609662309443,0.8022195458125898,0.9752369887774632,0.891783931888013,0.9524863574623583,0.9496037211238535,0.913638123172289,0.8486241527613598,0.41125310614128263,0.9496037211238537,0.9842011665427953,0.7853307328210788,0.970134355730177,0.9193977657196127,0.8456018749230436,0.7592114128414416,0.8627424103544841,0.8214797955300069,0.867698299150503,0.9329482657043762,0.9424920127795526,0.9515133476881705,0.843307994773328,0.9628544051917185,0.9180060542094439,0.9256878868316012,0.9110906193450525,0.7617512826831675,0.903656910368249,0.9425295786510806,0.9411337183009956,0.8199664945771149,0.9089601599099226,0.9797861897613425,0.9644928340620883,0.8976541691085211,0.9576735770276548,0.6266490207901457,0.9907143086558443,0.9808011959067163,0.9496037211238533,0.9459533477380775,0.9515133476881701,0.8964706102804105,0.8813944255958998,0.2268615547293249,0.9534886050081051,0.9954412864629741,0.9459533477380775,0.45056030537035985,0.9555383641697375,0.9581756603540753,0.667537876413786,0.8038699604633364,0.9709760367855709,0.9515133476881705,0.8784208915445284,0.7394054330536431,0.9329497321807898,0.9391866557097981,0.9439464737536061,0.9496037211238537,0.9554302009938862,0.7940849762228592,0.9375844381576608,0.9826194297807278,0.9599080294518358,0.8305786781890798,0.9609856433629198,0.8437324975805105,0.4291529031175011,0.9442013463068035,0.9981900884313561,0.976987106481743,0.8486241527613598,0.8499446834990618,0.7836528484753176,0.9459533477380775,0.9320241012496375,0.912359476799596,0.9159489883476691,0.6330833366296483,0.8866592451518315,0.8354015438796933,0.9459533477380775,0.9459533477380775,0.9256878868316012,0.8976541691085209,0.9424198756037341,0.9459533477380775,0.9576735770276548,0.867698299150503,0.9524863574623583,0.7212270937874569,0.7763145111532377,0.9459533477380777,0.9056039353298274,0.9868619655962767,0.7612562522625964,0.7991379105751031,0.9459533477380775,0.7712198736701582,0.9254149084505715,0.8422948575369318,0.8185133723218976,0.5545354251519964,0.9842138722347462,0.9496037211238537,0.8365766458204866,0.9459533477380775,0.7869306107239789,0.9749771166196228,0.8238567578733201,0.9300051631726556,0.947752420917731,0.763211260492025,0.9391866557097979,0.9459533477380775,0.9245106322139445,0.8728912398822922,0.9459533477380775,0.9188618095812562,0.8619805848329878,0.7428081663990694,0.7889257573323306,0.843307994773328,0.9459533477380775,0.8185133723218976,0.8467269607313443,0.9752369887774635,0.7515806422534027,0.8161002319814938,0.901237634194086,0.9024440319654485,0.9703548064795298,0.32225004320927864,0.8917839318880125,0.879190935397886,0.8668711152831974,0.8433473706866228,0.9779994426233322,0.7981434345126294,0.9314553797224701,0.29404263065639447,0.9749771166196226,0.9459533477380775,0.9701343557301771,0.8952920587572561,0.882306242908161,0.9894969760647812,0.4826291849902652,0.9424920127795526,0.8392815750630276,0.947752420917731,0.9424920127795526,0.9894969760647812,0.9459533477380777,0.937584438157661,0.7449571903994113,0.9547359397146619,0.9555383641697377,0.8937959505222852,0.9576735770276548,0.937584438157661,0.9314553797224701,0.9163608191533001,0.9607441863599594,0.9644928340620883,0.8910496686756701,0.9110906193450523,0.9531644691774959,0.9285324039439793,0.9344681175525122,0.7374158427411275,0.9496037211238535,0.913638123172289,0.9638837908220002,0.7824725203222332,0.970976036785571,0.9287407729092756,0.9035337647796048,0.9201981569430602,0.9707576097306716,0.758008341886685,0.9732495942606136,0.9446283507116098,0.8022195458125898,0.6411425627874693,0.9608634184056342,0.9299834289466349,0.9314553797224703,0.7854235953405455,0.9360123464869743,0.8386238399394899,0.9299834289466347,0.5239861384627501,0.7649227650741166,0.9496037211238535,0.9496197597619187,0.8330522644648723,0.9223470008110379,0.892948960819701,0.9555383641697377,0.7399269524880687,0.8848712502248581,0.9534886050081051,0.9928378554472401,0.9408215498230332,0.9408215498230332,0.9515133476881705,0.9555383641697375,0.9908644354749631,0.7452088586072336,0.9469647240084871,0.2711528797003072,0.9442013463068035,0.8668703112866096,0.9390736794276016,0.9408215498230332,0.9254766905970766,0.9459533477380775,0.2624929266331496,0.9459533477380775,0.9459533477380775,0.8617026589491739,0.9314553797224703,0.9609856433629198,0.9459533477380775,0.8512620629681912,0.8835396149954002,0.9098310498422769,0.9306403341592284,0.7066346098619037,0.8832775558062884,0.9547359397146619,0.8964706102804103,0.8860996110792339,0.9391866557097981,0.9455056955691956,0.9039625825630315,0.912359476799596,0.8703808970142307,0.9348057385055195,0.501708693774094,0.9391866557097979,0.9424920127795526,0.8024120526902032,0.9534886050081051,0.5848614150222686,0.32225004320927864,0.9616559945502074,0.9344681175525122,0.9772068366488,0.9314553797224698,0.896370882861546,0.5984189889242255,0.9000373939808766,0.9314553797224701,0.9149270915494647,0.9496037211238535,0.9344681175525122,0.9881959173184505,0.5310507810760302,0.8478507258139243,0.8860996110792336,0.9515133476881703,0.93620407626233,0.9408215498230332,0.8350194764363664,0.6451255538107445,0.995441286462974,0.8156484041651728,0.9666307012815272,0.9599080294518358,0.7755087161183705,0.8937959505222852,0.8964706102804103,0.80572173720517,0.9344681175525125,0.9769097246611174,0.9071406350367379,0.9459533477380775,0.29404263065639447,0.9110906193450523,0.9459533477380777,0.9418533128468711,0.9868619655962767,0.9424920127795526,0.5825432629709411,0.7632112604920251,0.9314553797224701,0.8459731339328611,0.957673577027655,0.7916709825923249,0.9360123464869743,0.918680812121724,0.9424920127795526,0.9391866557097979,0.8107870483721842,0.9907143086558445,0.9709760367855709,0.8068906247868053,0.872439662140096,0.7957807456005873,0.9146670526905689,0.955430200993886,0.8203324548260424,0.7000712741729291,0.9201981569430602,0.957673577027655,0.9129277772069977,0.9477524209177313,0.8617663182646214,0.9330819649782569,0.9547382576229388,0.9442013463068037,0.8152992487169168,0.7449393660891974,0.9599080294518358,0.871319309701521,0.9496037211238535,0.9636703814083794,0.6392995820929144,0.9285324039439793,0.9316215436119188,0.5461773975650821,0.9643019407444021,0.891783931888013,0.9360123464869741,0.9442013463068035,0.29404263065639447,0.9599080294518358,0.9459533477380775,0.955430200993886,0.9778714781265545,0.8547345879297663,0.9149270915494647,0.9459533477380775,0.8758082204608499,0.9231198983874689,0.9750660166392211,0.9524863574623583,0.6964186301552306,0.9190178597011773,0.8735611753844457,0.9322909977115266,0.9229124393123014,0.8748767380440905,0.8410864781348426,0.9176678508338107,0.2624929266331496,0.7008044880432813,0.9364894453503557,0.9842011665427952,0.8879608031238044,0.9599080294518356,0.9229124393123014,0.9424920127795526,0.9599080294518358,0.9375844381576608,0.924292054060027,0.9919305345581159,0.9453585115426596,0.762290446868867,0.9555383641697375,0.9459533477380777,0.9344681175525122,0.8068906247868051,0.8433079947733282,0.9442013463068035,0.9799008321613358,0.9408215498230332,0.9442013463068035,0.9442013463068035,0.9136381231722889,0.9459533477380775,0.9408215498230332,0.901237634194086,0.9459533477380775,0.9795036960805321,0.9855431718151524,0.9555383641697375,0.32225004320927864,0.9039625825630313,0.947752420917731,0.9442013463068035,0.8152992487169168,0.9080629205282025,0.9314553797224701,0.887380262815934,0.9459533477380775,0.9474181848718515,0.9496037211238535,0.9299834289466349,0.8071057546345539,0.5631891171218875,0.970134355730177,0.947752420917731,0.9329497321807898,0.9502726792490606,0.9329497321807898,0.3707693575200529,0.9907143086558443,0.9590184309099956,0.9908644354749632,0.8336091806311378,0.9570183943574118,0.9701343557301771,0.8858269832163685,0.32225004320927864,0.901237634194086,0.8319645762487426,0.9459533477380775,0.9298144168543094,0.7358361887951117,0.957673577027655,0.9678290918974175,0.3718778533848224,0.9360123464869741,0.8681580978826142,0.9424920127795526,0.8311124862659918,0.8508420511947659,0.9459533477380775,0.9459533477380775,0.9486066482612978,0.7354475081798961,0.8964706102804105,0.7934159251299587,0.8354015438796936,0.9665039708252008,0.8317070600826404,0.8406277147443206,0.8767698652367377,0.8823062429081605,0.9459533477380775,0.8941182576784141,0.29404263065639447,0.9599080294518356,0.9313874640745576,0.2268615547293249,0.8758599594502998,0.9459533477380775,0.9459533477380775,0.8394026175263263,0.9919305345581159,0.8480133536138528,0.4891995539660827,0.9656551930784649,0.8929489608197005,0.9229124393123014,0.6775492941054011,0.8238535688751862,0.9568188779970368,0.9459533477380775,0.9688440619373718,0.8059182346808622,0.2836276379164492,0.8958070756300918,0.9786630756548504,0.8769383301087414,0.9437480193578958,0.9636703814083795,0.947752420917731,0.7942159784407167,0.9459533477380775,0.8707296060265279,0.9636703814083792,0.8929489608197008,0.6685875298080586,0.8870713863070048,0.937584438157661,0.9732495942606139,0.7177809962387676,0.9534886050081051,0.8601523251100109,0.9133382785242383,0.9408215498230332,0.9576735770276548,0.9608634184056339,0.9271009640247971,0.8551965465982103,0.9515133476881703,0.9442013463068035,0.7221145633994284,0.924292054060027,0.9098310498422768,0.9590184309099958,0.9599080294518358,0.9502726792490606,0.9599080294518356,0.9599080294518358,0.5909704239497426,0.9994890516008976,0.8894657784451026,0.9298144168543094,0.9576735770276548,0.4368057059223184,0.9344681175525125,0.7612562522625964,0.9391866557097985,0.9442013463068035,0.9364894453503559,0.8871620821950172,0.9477524209177308,0.9401666948359446,0.9123594767995957,0.8668703112866096,0.8419698115525007,0.9459533477380775,0.9873110786538151,0.9459533477380777,0.8297343501202494,0.957673577027655,0.9285324039439793,0.9299834289466347,0.712879150397778,0.9459533477380775,0.8459731339328611,0.7755087161183704,0.9299834289466347,0.8473003449739172,0.8707296060265279,0.8551965465982103,0.29404263065639447,0.8381840243077954,0.7933892545030735,0.9011847648178761,0.8073419023819206,0.9677078677803634,0.7122394337780008,0.9599080294518358,0.9818737559710531,0.9298144168543094,0.7173284649416041,0.9800695481923836,0.884819443034029,0.8964706102804103,0.7957807456005872,0.9459533477380777,0.9442013463068035,0.8886615438957008,0.9716929305952211,0.6899959763287944,0.7623554974216558,0.8168635176606422,0.9459533477380775,0.8283511021022165,0.7247558550614951,0.9175383063396303,0.9459533477380775,0.8860996110792339,0.9489843611787745,0.2268615547293249,0.9314553797224703,0.9442013463068035,0.8937959505222852,0.9771467307855515,0.7212270937874565,0.9706982209232327,0.9067106641371717,0.9818737559710533,0.7652677050624832,0.9459533477380775,0.9856324259650169,0.9459533477380775,0.9555383641697375,0.9620275776222873,0.8769340287666247,0.9599080294518356,0.9882866951437199,0.8433079947733282,0.8988430035065229,0.47591012473631644,0.9459533477380775,0.9049562904994711,0.8369331581733883,0.8117163222785767,0.8574583241019984,0.909831049842277,0.9799008321613357,0.9201981569430602,0.9933710628742856,0.9110906193450523,0.8860151533715295,0.8168635176606422,0.9110906193450523,0.9608634184056339,0.9515133476881705,0.7592114128414416,0.9110906193450523,0.9599080294518356,0.9292705781907256,0.947752420917731,0.6273106725030351,0.9442013463068035,0.9933710628742856,0.9709760367855709,0.8848712502248581,0.6453110266831019,0.9314553797224698,0.9085802966718615,0.9256878868316012,0.9954412864629739,0.9607441863599593,0.8268088576336081,0.6058854609343284,0.9957194866787558,0.9620275776222871,0.9061034849845075,0.9024440319654485,0.9256878868316012,0.947752420917731,0.32225004320927864,0.9593900018240925,0.9909102788434876,0.5740843197129477,0.9686400066736423,0.8941182576784144,0.2940426306563946,0.2624929266331496,0.8657305039072045,0.9215480977067745,0.9490607796022086,0.912359476799596,0.5017086937740938,0.8433473706866228,0.9843238957181939,0.9188618095812562,0.3707693575200529,0.8261852442305766,0.9388497720957887,0.6171403778310163,0.8941182576784144,0.8399534088511564,0.8326881763486,0.9136381231722888,0.8679639303639386,0.9271009640247971,0.8873533009789314,0.5825432629709411,0.9287407729092758,0.8634987624252988,0.9046574260736937,0.47565672815715065,0.8342582334437219,0.9442013463068035,0.8758082204608499,0.8381840243077958,0.8518109418760929,0.3476792996802678,0.879190935397886,0.9229124393123009,0.9496037211238537,0.9305398848527222,0.8545708706492459,0.8143949648862088,0.9424920127795524,0.0,0.9049562904994712,0.9299834289466347,0.9570839709282045,0.9496037211238537,0.8500946683680415,0.5252936325804938,0.2624929266331496,0.8860151533715295,0.9285324039439793,0.9241442555546315,0.957673577027655,0.9110367363125393,0.9555383641697375,0.9162633501146371,0.19121852041871823
p360_E,0.9553259697740641,0.8580306661530461,0.6750025103488664,0.8876463667544423,0.756019869478177,0.8755644359298407,0.7320597530549149,0.7702929019634976,0.4440753371692354,0.7997152688655995,0.82672064573867,0.7445388428407443,0.7159624173525004,0.7645717304468422,0.9087593223330575,0.9337777439995165,0.9519101748094696,0.7737394162043587,0.9972357888728779,0.9054798572912144,0.7548468889678648,0.8462173732414175,0.9066083076181255,0.8285830311324831,0.8891857203745812,0.5915804716231232,0.8434418127102157,0.5792890079221458,0.9054798572912144,0.5985557306691369,0.6371227502188153,0.7932961840987719,0.8906692022920062,0.7140205957390071,0.7560198694781773,0.8620020752690569,0.9288129423783751,0.8112504150761768,0.7753832614665751,0.7916633247069988,0.6677400421439936,0.8530962182341694,0.8529504398229274,0.6684719002734377,0.9396214630912764,0.6864410146634217,0.8749227387115646,0.5945752790510508,0.7693535739719672,0.50048852920617,0.7932961840987717,0.5715594594059983,0.5915804716231232,0.8839072352628157,0.9700879895078349,0.8309347837139287,0.9847330193381247,0.8322525541058978,0.6904672988448106,0.9327719119359654,0.5287622939370344,0.6769383991786999,0.8409190871194686,0.8880350496408187,0.8556401296226268,0.4478409937049659,0.9469260728986406,0.7389998361674527,0.9211650367563577,0.9675736771626058,0.7602489555510863,0.769353573971967,0.979298117111586,0.2931619718519016,0.8322525541058978,0.656435508703102,0.8710234402283035,0.8013981440784048,0.4923001928481624,0.9143480251080163,0.8440868326778854,0.8999136704298007,0.7565046920677831,0.9097422973841851,0.8322525541058978,0.7475501965998625,0.9702477081758492,0.6001082554041459,0.9408878399704198,0.8553912003238411,0.8322525541058978,0.6588356679872003,0.6132394676830217,0.4675730010644926,0.9059164051183513,0.8677121982910505,0.7314242612705921,0.6601243056001953,0.4954249106530697,0.4490611121566106,0.8529059602316709,0.9062630668618084,0.8322525541058987,0.811012582829302,0.7189851767077435,0.8620020752690567,0.7113796547491733,0.4133945062142159,0.8675813449038432,0.438579790525668,0.6946967075579709,0.9222315051031124,0.5902728052615633,0.719209453336757,0.9376033950120526,0.5288668188174248,0.9615369425921252,0.7860925850857807,0.8755644359298407,0.5455342834853112,0.9311323916622032,0.808879927839061,0.791892546485951,0.9739847861243639,0.8644080036575763,0.6179032792049489,0.8984874390672324,0.9921038642514934,0.9696969022768169,0.9499047948653947,0.5509078514090413,0.8435824105613206,0.9469260728986404,0.9919152034643681,0.8163247221854024,0.7595123357465072,0.702970860285212,0.8495094192726711,0.8495094192726707,0.8493250476264833,0.6989453542273278,0.8686292480608158,0.5779503630248608,0.6203494370825711,0.8653565695634797,0.5774906096337042,0.8006481173790687,0.4075395021354248,0.9406196664726192,0.4321946790761835,0.9423304665216126,0.7241365239273829,0.9134898893813279,0.9949190403088481,0.9469260728986406,0.6505929069172065,0.7192732432148734,0.7920583585425982,0.7471590685413549,0.6527576576384913,0.84794345681991,0.9376033950120521,0.876468111273583,0.6480180771332995,0.677227122324042,0.7240472647849545,0.8084440149227177,0.7524688911812341,0.9059164051183515,0.5645245454703243,0.8261090486006426,0.8268147748355972,0.7296416859312258,0.6932067533472467,0.8056887786364277,0.79301277865817,0.9323831431980896,0.9527669084318702,0.8560632725122519,0.656435508703102,0.9384244165541433,0.7328058821255516,0.9188194897848976,0.9731502467466953,0.8898939478110228,0.6416408516850145,0.4476175022723188,0.8433782364274356,0.8321540970432764,0.8728281607319321,0.7612562522625963,0.9158089786161162,0.5164994011271367,0.3537976585852861,0.9727946348241944,0.8322525541058978,0.8589085344436257,0.9327719119359654,0.9359964281010502,0.7880861394575551,0.6459901104611638,0.9731502467466954,0.8322525541058978,0.6384208665896083,0.5561322689750416,0.7997152688655997,0.8322525541058978,0.7850590022109696,0.6480030909421799,0.5272431185467319,0.6913840946574419,0.721261777271252,0.8553912003238413,0.8322525541058978,0.975306822794282,0.8322525541058978,0.5959361355008772,0.6143645869324297,0.6026264926674347,0.8322525541058978,0.6123210756557558,0.8322525541058978,0.7059096065890968,0.7153845123431288,0.782102575392696,0.6200509771706828,0.8435824105613203,0.38040525543428405,0.8771406690629775,0.8111252182639921,0.6824673540077426,0.7430246670080214,0.7492203467800302,0.9298202716132096,0.8495094192726707,0.9763987918995964,0.894903216746779,0.9733447227873848,0.7774658924670361,0.8203282827389337,0.609708603876234,0.9125043725664629,0.6839821116786049,0.9003343594450689,0.8322525541058978,0.7666484965433942,0.8322525541058978,0.741623858393983,0.7201378724697229,0.9144538550233172,0.9988880720635471,0.36778846918689845,0.8589085344436258,0.7341759247558608,0.8405391334302661,0.7112936492812252,0.8773656490592001,0.5541457620059511,0.8743546360864842,0.6350212802029058,0.9688389555480498,0.6648071131041322,0.8268147748355972,0.9081438960381265,0.7100700680280225,0.7753832614665751,0.6663072899681066,0.811448271598273,0.8703626342900586,0.784228643378487,0.6907628118204256,0.9469260728986406,0.7645605754732385,0.6671238998020566,0.5597846997853291,0.8620020752690567,0.3861890125905105,0.7341759247558611,0.8061314338049297,0.9502177672519851,0.8620020752690567,0.963603233873702,0.38023734779640694,0.8556401296226266,0.6809483735756574,0.8261090486006422,0.8435824105613203,0.7517407052893186,0.39875562188024916,0.8215094261899889,0.8435824105613208,0.9689437231622959,0.43628465266285066,0.8971926092335734,0.5354276770788637,0.7031605392425292,0.652757657638491,0.961497839052316,0.9675736771626058,0.8322525541058985,0.769353573971967,0.8493250476264829,0.8495094192726709,0.380831624600107,0.679728485247763,0.9062630668618084,0.7916633247069997,0.9469726417711765,0.48004051362028055,0.7155184651816773,0.7608370868606896,0.7476756278988688,0.8330812463700565,0.6820291554278138,0.7713364686974182,0.9423304665216126,0.6362631170179656,0.9423304665216126,0.8308871792110479,0.801181039205961,0.7556786198839551,0.9056949642367277,0.8322525541058978,0.7283517483481246,0.9213433666535404,0.7737394162043594,0.8620020752690567,0.8743987568468056,0.9125440513003291,0.8322525541058978,0.8891857203745814,0.9972357888728779,0.9531316142861923,0.8335872344563324,0.7542349882200977,0.782685874648712,0.9144538550233172,0.5079716736442881,0.526702345254972,0.8891857203745812,0.685763932556906,0.5820145996780868,0.7489933234855086,0.5953008848564127,0.5066175703614038,0.72794422809064,0.7063173312390081,0.9143480251080163,0.38537564106412203,0.7913139422501827,0.3957664785693168,0.8163247221854024,0.8268147748355972,0.956113990587217,0.668369884658548,0.3987556218802494,0.47029553191343265,0.4401643017289367,0.8322525541058978,0.4464530383453651,0.9394144114996156,0.7960089992369015,0.923632604543906,0.983968315017591,0.5645245454703243,0.8322525541058978,0.8322525541058978,0.940619666472619,0.7585644314671567,0.7171669333258888,0.8322525541058978,0.8686292480608162,0.8322525541058987,0.7440592910622423,0.6605206606335428,0.5561322689750416,0.8910707793081736,0.7897207988410522,0.8958295072151901,0.48551762552717603,0.41782316715436496,0.8322525541058978,0.6687214281368841,0.7627508051901155,0.34984464329076126,0.31549294003731077,0.8312744797864922,0.598514180257149,0.8435824105613208,0.3929251631181373,0.8322525541058978,0.47019616199929004,0.9777437379740972,0.6934243883794775,0.7798375652619094,0.9591384456895178,0.5869497590482711,0.8112504150761768,0.8322525541058978,0.9116757865942324,0.638341694878793,0.8322525541058978,0.9351586821500917,0.5878658017031505,0.7468935440646993,0.45430879649511224,0.3681084601937643,0.8322525541058978,0.79498334993989,0.5443940824747694,0.9906206863879108,0.7300746101648321,0.6215649578087064,0.7332981321214935,0.5980094015811825,0.7232975834280153,0.9062630668618086,0.9320928830806239,0.4958461426717251,0.8827375352795923,0.3978757943990373,0.7312339859637567,0.6167056690784383,0.8827375352795923,0.9144538550233172,0.7964065630676636,0.8322525541058978,0.9620452549083616,0.6922127718512603,0.5652322078789398,0.8440868326778853,0.8256889440796213,0.8215094261899893,0.7282675713781668,0.8681619357560897,0.8215094261899893,0.8773656490592001,0.8322525541058987,0.9867099191883358,0.6611654039102022,0.734758694386197,0.9620452549083616,0.4095057100457775,0.9423304665216126,0.8832036427492578,0.9304790799566589,0.6528244695020746,0.9454416411889628,0.9054798572912144,0.6436784947634113,0.8308620205556931,0.9498388304971874,0.9164528255360207,0.8214113062545321,0.7480055128740599,0.9370352923869719,0.9891801270545069,0.8880350496408189,0.8964217583041316,0.899913670429801,0.8238868636325645,0.9706993409792101,0.5950149957306208,0.6583573990566349,0.48949578803121574,0.7741039031150183,0.8976759937598426,0.7014936712106337,0.7033989165463361,0.7431297243227599,0.9125218563204563,0.9066083076181257,0.44921305743152784,0.97069934097921,0.7438115880300598,0.8890762971642382,0.8733158207335041,0.6982054655513011,0.8435824105613206,0.8947049595031416,0.47758579319386096,0.8649384685625581,0.8916699428623561,0.9620452549083616,0.7502101359130711,0.6621569528228297,0.9231304080052687,0.8982131966081792,0.8705589032350292,0.8163247221854026,0.9469260728986406,0.7860925850857807,0.7944225641905718,0.5151497816897072,0.7123997985958992,0.8268147748355974,0.8268147748355974,0.674171011210996,0.7870389914565907,0.8705589032350292,0.6643649664435759,0.8322525541058978,0.855640129622627,0.8322525541058978,0.8322525541058978,0.4361451285971404,0.9979086030277416,0.7913139422501829,0.8322525541058978,0.5803368518237648,0.44507728240884215,0.8733158207335042,0.9684100178301562,0.6840104977529873,0.5884201633046031,0.8570600088353872,0.9399863503228749,0.4865673577505206,0.8181285779166209,0.9668007807968213,0.9568755471965897,0.6068143076053096,0.5219343410431727,0.5721949044308668,0.7523148097023782,0.8975473651324499,0.7890718736990909,0.8569680564377545,0.8893852688139481,0.690113344339129,0.9062630668618086,0.7567245377539513,0.831303755929059,0.9683216963490745,0.8111252182639921,0.4103312594807006,0.8104976393137724,0.5642848812080068,0.8785547413350754,0.876081363604035,0.8743546360864839,0.9206355742020771,0.8681619357560897,0.9247127592190301,0.5937778903605935,0.6182757470319702,0.8819816371479938,0.6672037056775577,0.8853872820416497,0.6309471570784806,0.6355939671425637,0.8839676258120852,0.4760032920601117,0.7778492225035787,0.9919152034643681,0.49912891970692097,0.5043795239161014,0.8359836380551864,0.40179141052738476,0.7966052392676444,0.6795572727863977,0.8203810819694459,0.8322525541058978,0.9144538550233172,0.7728067099479512,0.9498890045104484,0.6123210756557562,0.9305280238766049,0.8168874951355856,0.8205382833751698,0.45550121587451575,0.9979086030277415,0.37070761855626755,0.8686292480608164,0.5209088285539298,0.9533331540399952,0.6355018330408974,0.8215094261899893,0.890669202292006,0.7441420481406298,0.7775796030686408,0.8530225521173653,0.7299851073205997,0.5743928666831742,0.3873307073317167,0.6973777522979783,0.9693935085740744,0.6637935448613248,0.5840657142205592,0.721338259195204,0.9054798572912146,0.8162158399581085,0.9498850443770541,0.7476756278988688,0.8186498526772383,0.8006481173790688,0.8553912003238411,0.42797301949689515,0.515060879436821,0.9143480251080163,0.7181104730424638,0.8743546360864839,0.8649384685625581,0.8788614264055989,0.8242724430440971,0.9809809006411552,0.8154764414346687,0.9648745187924734,0.714596959953372,0.8013981440784044,0.8839676258120852,0.8495094192726709,0.9919152034643681,0.8322525541058978,0.9712466359846285,0.5985468084235892,0.5136659319090373,0.7759909081451182,0.8322525541058978,0.6285858668113122,0.5503168625318433,0.6175687621144651,0.7440592910622423,0.7347586943861972,0.7396698797955301,0.597403230290164,0.9743543319058351,0.8256889440796216,0.8318311351854542,0.5480327184729701,0.7355347458828865,0.855640129622627,0.713337942118164,0.9627618428203824,0.9997159486874598,0.777579603068641,0.8755644359298405,0.8062629089545367,0.8215094261899887,0.9531316142861923,0.8062775279335068,0.8309347837139285,0.8322525541058985,0.7066284510266096,0.6490901156763342,0.9972357888728779,0.9912927702872768,0.7320794879815151,0.5911649683421054,0.46989377544450417,0.8268147748355972,0.979398290773964,0.8434418127102157,0.8268147748355972,0.8553912003238411,0.870460416171913,0.8322525541058978,0.8853872820416493,0.9442567118679257,0.8322525541058978,0.8061314338049297,0.7516026605511623,0.8916641869793293,0.9062630668618086,0.95687554719659,0.9591384456895178,0.8268147748355972,0.5674366753166213,0.4056531674667505,0.7114593349653437,0.4672425728959294,0.8322525541058978,0.7472068943059043,0.9689437231622964,0.782685874648712,0.5039596679605263,0.7514242571504985,0.8620020752690567,0.9288129423783751,0.8432580514316856,0.8733158207335043,0.8405391334302663,0.8910707793081731,0.9881992819313401,0.8818076929203849,0.8154764414346685,0.7190802082353724,0.9026881507194651,0.9620452549083616,0.8139730754420309,0.9062630668618088,0.8188613734193666,0.541756478929057,0.8322525541058978,0.9204798919093109,0.7186171459852175,0.7997152688655997,0.4907314109708061,0.8976759937598426,0.996021842639475,0.39579724597700805,0.8215094261899893,0.5261235677212157,0.37270439689238277,0.8322525541058978,0.8322525541058978,0.9057621305509682,0.6658188849525237,0.7306717274961119,0.6649555149597587,0.41581265933802636,0.5315039478706172,0.5781940950073059,0.4162376029030046,0.7781822517981347,0.32136361666868973,0.8322525541058978,0.9103640548264504,0.9144538550233172,0.7753832614665751,0.5080806331440177,0.8620020752690567,0.6112141275918226,0.8322525541058978,0.8322525541058978,0.34624764532115304,0.8910707793081734,0.4072467611232855,0.7966052392676448,0.6114287317936449,0.6846858119514418,0.9339383990695751,0.820251970411026,0.44941073382752195,0.547867177851588,0.8322525541058978,0.7201378724697229,0.37700361887348843,0.9288129423783751,0.9972357888728778,0.970405267453166,0.8523514916566053,0.9072025039450784,0.7279854846060798,0.7376065211990555,0.6750663134477013,0.8322525541058978,0.4106396825109724,0.9431973165376886,0.6035918561357382,0.7124011921849367,0.6988559904447842,0.9867099191883358,0.7150888803952432,0.572557055475194,0.9756341744207683,0.7817913501533277,0.4766706604036073,0.9938556441409034,0.979181075752011,0.8867168000149588,0.9097422973841849,0.43688031776828185,0.8582406198494187,0.8268147748355972,0.5737751346465954,0.7955552154844515,0.7967268466016135,0.9155944114641175,0.9531316142861923,0.7775796030686408,0.9919152034643681,0.9305176181792797,0.782673083629956,0.963773907661697,0.5134649175275917,0.9030654324838645,0.9054798572912144,0.8214113062545312,0.9057219568897186,0.5513646852868634,0.8377233441481207,0.801691693817232,0.9493534511086481,0.7444079239557815,0.8892340377547685,0.6642542862277883,0.8649384685625585,0.674171011210996,0.6782509769906935,0.8322525541058978,0.6911693527105323,0.9030654324838645,0.6067159215724804,0.7997152688655995,0.9855881124049635,0.6077295872896236,0.760585368622791,0.8322525541058978,0.5618748159294995,0.4608612438793429,0.8187396196955845,0.3655966974082754,0.4497989193973293,0.38553956172401915,0.9144538550233172,0.5884876164075286,0.9758205337571217,0.9651236187069909,0.5122530720480989,0.8111252182639921,0.589650198893438,0.9143480251080163,0.8111252182639921,0.8910707793081736,0.9333127714085172,0.962929417207651,0.4791203344957795,0.9040095812755924,0.4129440367757584,0.9204798919093109,0.8268147748355972,0.44780459517351445,0.5699380335029618,0.690113344339129,0.4255398325523715,0.4111220163105668,0.8322525541058978,0.3712054820988785,0.5770767053844765,0.8055966092160425,0.8322525541058978,0.3529618510016378,0.917142131363949,0.8620020752690567,0.7872544459254585,0.8268147748355972,0.56043573936214,0.7502504996662522,0.9946498944435256,0.8309347837139285,0.9955777212451551,0.8588667629410591,0.4721286162911169,0.8322525541058978,0.9794620369384622,0.8322525541058978,0.7860925850857807,0.6079878018810605,0.4192159935926515,0.7753832614665751,0.816604699216308,0.6649310449242085,0.6270186706556349,0.8055966092160423,0.8322525541058978,0.671640009548818,0.42532842688314354,0.6711535556255126,0.8154764414346687,0.7201378724697234,0.9469260728986406,0.7523148097023775,0.7116350298136698,0.7627508051901155,0.5240817851532349,0.4491351371454888,0.7627508051901155,0.8261090486006426,0.8495094192726709,0.652757657638491,0.7627508051901155,0.7753832614665751,0.9777437379740972,0.9195595410659114,0.7464310197588331,0.8553912003238413,0.6700813488682299,0.8530225521173651,0.5813227410145001,0.7392851160026959,0.9262962860121418,0.5446696380752454,0.6282831561821731,0.8588445447937199,0.8809158899028321,0.8651700237421932,0.7440592910622423,0.7094131048779753,0.4288038654823779,0.957003740273905,0.6972103953781388,0.8139730754420307,0.8892340377547685,0.8435824105613206,0.6713749061602845,0.9900078189740792,0.8062629089545367,0.7607392710856495,0.6457884514085506,0.8495094192726711,0.8893852688139481,0.7608286468573018,0.5818148644225553,0.846691758103038,0.7046378675742238,0.8154764414346682,0.9408572270575124,0.8648624269024237,0.6700813488682296,0.832252554105898,0.5306236373513873,0.7176743464345654,0.7311612622665256,0.45800681943105104,0.6535248686748245,0.9231304080052689,0.8704604161719123,0.7842715840227168,0.5915804716231232,0.9247930842846563,0.8632273442467604,0.9558181288706113,0.7083804958045807,0.6807335457240588,0.801398144078405,0.7283254929109462,0.941120476788573,0.8293893616110257,0.5683842117048377,0.8435824105613206,0.837836432444947,0.3702582391716984,0.5681141079766339,0.9689437231622962,0.847971417136337,0.3274917895478594,0.6063717025849524,0.8771406690629773,0.9049562904994712,0.0,0.782685874648712,0.6786703713622684,0.8435824105613206,0.3145188094757865,0.8295769929611474,0.8556401296226273,0.42647013848529447,0.9452766007260935,0.8681619357560897,0.7628646596352012,0.6446921264589462,0.7860925850857807,0.6468200386804634,0.8893852688139481
p360_KNVSRHGTI,0.995093057309034,0.9377871015590614,0.9749571409386522,0.8447692963661199,0.9341976401680094,0.9107192181558882,0.8933168258650417,0.9389679983738946,0.9064976807425518,0.948467140918744,0.8074150985486042,0.9320645602494204,0.9320645602494204,0.8447692963661199,0.9824794635567504,0.990511238752463,0.9272203681387053,0.9273376672788162,0.9458674971126175,0.7891116843751679,0.9667145395854095,0.9202142532643909,0.9559620789221579,0.9363880304285923,0.9616684643803335,0.911244667414393,0.9762262925984146,0.9262039440654459,0.920322271728212,0.9092808865422052,0.9028404281797042,0.9409669977890662,0.9730889887268286,0.9300797186110581,0.9341976401680094,0.9458674971126175,0.9903766507571459,0.7912616797541293,0.9511876099263499,0.8124487711907676,0.8998328740391308,0.9639306993826398,0.9107192181558881,0.9458114886501784,0.8306670288758256,0.9557099233122189,0.9386420076357269,0.9622629051191276,0.9095242312718104,0.8598295527538451,0.9434121517267973,0.9030116635171488,0.911244667414393,0.9240084059312026,0.8383915460579374,0.9469401678022589,0.9078247903914518,0.9341976401680094,0.9528660554458216,0.9709760367855708,0.8782944901168632,0.9684676125766017,0.9112446674143935,0.9601701237080074,0.9433718940682516,0.9115451065698144,0.9409669977890662,0.8381354443488451,0.9713598691569008,0.7408832291859215,0.9577202049352737,0.9889605162825021,0.8563736953667129,0.8684324553954446,0.9341976401680094,0.9088098779355613,0.9914610572055536,0.9671761235857237,0.8636104750923244,0.7726260462381257,0.9877421208411418,0.7930643127364438,0.9804835086069066,0.9919535000677886,0.9341976401680094,0.8977164148691164,0.7706493333804141,0.8603697996852708,0.9624843275980557,0.9320645602494202,0.9341976401680094,0.9099152708765409,0.9918694516733388,0.9107051466098506,0.9424837518356481,0.8710878802609618,0.9154696071967023,0.9667145395854095,0.927860749996698,0.8801652426328299,0.8574829451437062,0.9944373248680742,0.9610880275993517,0.8601364019977591,0.9854612009140378,0.9458674971126175,0.8970023596836538,0.9407038112292609,0.9183656033219387,0.9182817489803801,0.8418142304576544,0.8818761392153113,0.9773380829916753,0.9151643937053509,0.9386420076357269,0.9665229223224949,0.9700765701011145,0.9458674971126175,0.9797658041147691,0.9157357559104307,0.9124103764401393,0.9261052221430762,0.9950286745612719,0.9778050395375548,0.8062744182987238,0.976104164860893,0.9363880304285923,0.8956703797577582,0.9829392900173883,0.9583942031553514,0.8613974049640734,0.9386420076357269,0.9434121517267975,0.9107192181558881,0.9762262925984146,0.8634427373462417,0.9511423881204941,0.9987774230311344,0.9409669977890662,0.9299834289466349,0.8830588503991513,0.9484671409187437,0.9115451065698141,0.9644100453636641,0.9770737900205627,0.8841862845276729,0.9360362402013558,0.8193098328029464,0.9889605162825021,0.799554390243274,0.948467140918744,0.878294490116863,0.9143949578657863,0.9277170029726367,0.7699808760005925,0.9095242312718106,0.8719083572005899,0.9561713296625203,0.8644048898104937,0.990511238752463,0.97720073804011,0.7823814062025369,0.7513240857503154,0.9476492639557947,0.8965748830334173,0.891751906668637,0.9962766559418281,0.9493240017886775,0.9044839950643897,0.895873269371575,0.8082509147720799,0.9320645602494204,0.9469401678022589,0.9178484177905524,0.9433725012289744,0.8956172690589803,0.8661829386665058,0.9854612009140378,0.8541091097901843,0.9647060453491338,0.9187568665400383,0.946453208830405,0.93571369996532,0.9829392900173883,0.9923764925802971,0.8203823300136894,0.8908326623446738,0.9337606448479012,0.9240084059312025,0.7288956290309492,0.9795036960805319,0.875392889110175,0.8839784371221898,0.9077691731149911,0.8371209620480778,0.9341976401680094,0.9556347289143003,0.9299834289466349,0.9926545800718498,0.9992162450517965,0.9173933468462485,0.9829392900173883,0.9341976401680094,0.9638262721206777,0.9302827451643556,0.948467140918744,0.9341976401680094,0.9574900679095588,0.9243062854435231,0.9367579616423476,0.9388772042010796,0.9977262825967363,0.9320645602494204,0.9341976401680094,0.9143949578657864,0.9341976401680094,0.8474677175014014,0.9239956931151627,0.9064481593644367,0.9341976401680094,0.8956703797577581,0.9341976401680094,0.846761610784394,0.9926774362356946,0.7981797567600845,0.9455584001270507,0.9386420076357269,0.9731273714429403,0.9299834289466347,0.9590434494932021,0.9914610572055534,0.7422594461030579,0.7760190951348649,0.9642416825773447,0.9409669977890662,0.8696642492046923,0.8870460761700742,0.9048113045350055,0.8357418646264876,0.9924821208671799,0.8902183677316946,0.9754970377701453,0.8705161960734358,0.970976036785571,0.9341976401680094,0.9408916425809926,0.9341976401680094,0.8824742381916708,0.9924821208671799,0.9434121517267975,0.9396813390495187,0.9506656541389332,0.9556347289143003,0.8886955627708657,0.9183656033219387,0.8201839584319923,0.9426603652680072,0.8705188107117408,0.9497673578995787,0.7221458308768536,0.9382897017170408,0.8702349169870336,0.9320645602494202,0.9965514935490281,0.9884467300282606,0.9511876099263499,0.9574900679095588,0.8076052990030278,0.9950420205336963,0.8844754883439767,0.7916803410979472,0.9987774230311344,0.9536879027240519,0.9915388637427252,0.7573320209089754,0.9458674971126175,0.8250102279890206,0.9426150199999976,0.9564943253467844,0.8825084063642944,0.9458674971126175,0.88126649367649,0.8507096812750714,0.9965514935490281,0.9880552524038386,0.8812876779601598,0.9386420076357271,0.8937892833696133,0.8182239566029239,0.9709760367855709,0.9386420076357271,0.8381767234348843,0.921955543982816,0.9914826481470902,0.8068348503301721,0.9353767630306682,0.9627167257176428,0.9617015294405555,0.9288327934067979,0.9610880275993516,0.8521669136961141,0.8719355025177773,0.9409669977890665,0.924998161170655,0.9520400285911688,0.9497673578995788,0.9889605162825021,0.9262039440654457,0.9873364321836368,0.9874462917853005,0.9286742928677832,0.9714625338300326,0.9310356666783035,0.8341289527802045,0.9287571566967989,0.9484671409187437,0.9687072640073064,0.948467140918744,0.9653059182149237,0.9734299614209916,0.8827012888689014,0.9497673578995787,0.9341976401680094,0.940966997789066,0.9665301256886063,0.9919535000677886,0.9458674971126175,0.9364748811663082,0.81356179091074,0.9341976401680094,0.9517258135028771,0.9458674971126175,0.9511876099263499,0.8864629644044791,0.9282417817212179,0.9147540983606557,0.9409669977890665,0.9250576155467345,0.9418109695325809,0.8218172303276932,0.9259591224230199,0.9437500733067655,0.9386420076357271,0.9642416825773448,0.9471101895676199,0.9700765701011145,0.9169506775373653,0.9797658041147692,0.9885240849340804,0.8233368841618816,0.9370257593410318,0.927949622966975,0.9320645602494202,0.9701426189491364,0.9261052221430761,0.9318769040234607,0.8198341757905698,0.9358797211304938,0.9341976401680094,0.8352451905835125,0.9325475534270613,0.8897474010517704,0.9325475534270612,0.9203222717282119,0.9440100680280117,0.9341976401680094,0.9341976401680094,0.971321341212152,0.9690831527279394,0.8327357183954327,0.9341976401680094,0.7891116843751679,0.9341976401680094,0.9543244411482399,0.9263174666267615,0.975309889263084,0.9087308614830324,0.9012134114028683,0.6823246438503583,0.9828585337891097,0.9753913143582693,0.9341976401680094,0.9906254133548129,0.9359879063473188,0.8903459685598292,0.7590699893530761,0.8028738209441857,0.8321096183854768,0.9386420076357271,0.9163963865993237,0.9341976401680094,0.9011957637053737,0.7659200019720261,0.8424726734166377,0.9632320616368805,0.9556347289143002,0.9847287092299236,0.7912616797541288,0.9341976401680094,0.8949624583202778,0.9284369518269132,0.9341976401680094,0.6919065330743308,0.8921154127805642,0.9387833552604468,0.9186210068194354,0.834393750030096,0.9341976401680094,0.871390881640586,0.8876293639059187,0.8763982687835875,0.9719975115764716,0.9668532842402291,0.9116474872122644,0.8812245968305707,0.9868814625089897,0.9944373248680742,0.9520400285911688,0.8529137105219888,0.7434758999605573,0.8583261472337578,0.7419745163259837,0.9365008126407708,0.9165462137008822,0.9409669977890662,0.951599083741091,0.9341976401680094,0.9914826481470903,0.9031388200499335,0.986193026793186,0.9220943680125893,0.9782247305062935,0.9709760367855709,0.8993547435088982,0.7936688679286393,0.9299834289466349,0.9426603652680073,0.9087308614830325,0.9700765701011145,0.8871389165583414,0.8446639861984311,0.9914826481470901,0.8251181313335159,0.9859275654047339,0.9838552657289735,0.9134648431298378,0.9409205184399868,0.9643765980294186,0.948467140918744,0.9427408188644532,0.9704399437441278,0.9461752438924504,0.9229034192989758,0.9643765980294188,0.9973895362654066,0.9386420076357269,0.9300797186110581,0.9794926266231158,0.8940058527473687,0.9600252206809585,0.8889867521198007,0.9426603652680073,0.9028404281797042,0.82681605867269,0.9075133385810934,0.8409345199966803,0.9762262925984146,0.9193417583555594,0.9728634031502703,0.9178060595541999,0.998234552332913,0.9590434494932021,0.9377692258371347,0.9426603652680074,0.9475415124519653,0.998234552332913,0.9052541259973348,0.8390457674007994,0.9497673578995787,0.9199416686997934,0.9070711234195772,0.9673786919850061,0.8286495024509243,0.9914826481470903,0.9387664254707251,0.9749571409386522,0.9433718940682516,0.8670838315537011,0.9279496229669748,0.9762262925984149,0.9434121517267972,0.9458674971126175,0.7598188207099683,0.9011705215031269,0.9539851747197046,0.9320645602494204,0.9829392900173883,0.8404829480716067,0.8332189753156267,0.9279496229669748,0.852747549109971,0.9341976401680094,0.9433718940682516,0.9341976401680094,0.9341976401680094,0.8341764835736609,0.9165462137008822,0.893789283369613,0.9341976401680094,0.7986648834595015,0.8371573371325003,0.905254125997335,0.7737812382346564,0.9549361975301534,0.842749634762479,0.9068735694631852,0.8739518939582049,0.8163962779704248,0.9259591224230197,0.8529137105219887,0.9433718940682516,0.8932967537832139,0.8022554555169895,0.8628824041273822,0.9403227338586295,0.8855214123617459,0.9299834289466349,0.9233158243629818,0.9364748811663081,0.954040497905644,0.9386420076357269,0.8857787201172619,0.9914610572055536,0.9639306993826398,0.9590434494932021,0.9250359564663051,0.9508302047706586,0.8782944901168632,0.9590434494932021,0.9676994339018856,0.994437324868074,0.9202142532643911,0.9556347289143001,0.9426150199999977,0.9388772042010798,0.9219594355678594,0.9434121517267974,0.986650481408334,0.9279496229669753,0.848926703183084,0.9723386316233111,0.81356179091074,0.8903459685598292,0.981516734621835,0.979765804114769,0.8881683702717456,0.8733764877558636,0.9048113045350055,0.891925443541604,0.7706493333804144,0.9754308715802917,0.9842136791557661,0.9341976401680094,0.9409669977890662,0.9704399437441276,0.9610880275993517,0.9459735178497932,0.9914610572055534,0.9795036960805319,0.9424837518356481,0.9379250310364493,0.8709676073375177,0.8149916982575087,0.920322271728212,0.8615916205494812,0.9426603652680073,0.8270171939535951,0.9709760367855709,0.9259591224230197,0.9312800724987114,0.9052541259973352,0.8348045397225725,0.8123186393710724,0.9259473332916117,0.9489588482448286,0.8989203946432849,0.8937892833696133,0.9216639343831268,0.953420205966137,0.9028404281797042,0.948467140918744,0.9616684643803335,0.9363880304285925,0.9239956931151627,0.971751053157793,0.8901853371445987,0.9320645602494202,0.9030307192041096,0.9437500733067656,0.910719218155888,0.9241892722336333,0.9497673578995787,0.9977901694570488,0.9262039440654457,0.9950420205336963,0.9131302311622613,0.9472303491045946,0.9517258135028772,0.9520400285911688,0.9877421208411415,0.8644365206787079,0.9409669977890662,0.9511876099263499,0.9341976401680094,0.8937892833696132,0.8937147170517344,0.8409545460870311,0.9610239835749422,0.9341976401680094,0.9862918743399718,0.9031474901049231,0.878294490116863,0.9361204140696398,0.8753928891101748,0.7660057856455315,0.9277170029726363,0.872540623396886,0.9396813390495188,0.8687414673630843,0.8309086111347292,0.9985308211896643,0.9433718940682516,0.9408916425809927,0.9078247903914518,0.7265860889701896,0.8711662082855065,0.9107192181558882,0.9061450951233823,0.970976036785571,0.9797658041147691,0.9240084059312026,0.9469401678022586,0.8563736953667129,0.9865727642434469,0.9839642438297591,0.9458674971126175,0.9087308614830324,0.9643765980294186,0.8572535618796977,0.9023470583855153,0.9320645602494202,0.8856017264847292,0.9762262925984149,0.9320645602494202,0.9320645602494202,0.9653059182149237,0.9341976401680094,0.9762262925984149,0.9926774362356947,0.9341976401680094,0.9600252206809587,0.9127134942094681,0.9288327934067979,0.9944373248680742,0.9965514935490281,0.9903766507571461,0.9320645602494202,0.812744272105826,0.8161233816474041,0.9165462137008822,0.8178539505669788,0.9341976401680094,0.8013272831316132,0.9944373248680742,0.8765447667087011,0.8453122885176532,0.881224596830571,0.8661829386665056,0.9016461085857466,0.9183656033219387,0.8711662082855067,0.9950286745612719,0.9865548062843288,0.9583942031553514,0.8855830288196836,0.9403227338586295,0.8624035236679224,0.9877421208411418,0.9914826481470901,0.9889605162825024,0.9386420076357271,0.6418688222115454,0.8432045372944463,0.9341976401680094,0.9865548062843288,0.9842136791557661,0.948467140918744,0.8312904222137237,0.9754970377701453,0.9426603652680074,0.8652182557384991,0.9709760367855709,0.8644507796779284,0.8783513210222329,0.9341976401680094,0.9341976401680094,0.922433446216693,0.8982620952863897,0.817454000273791,0.8200402670078457,0.8958732693715752,0.9644312903955696,0.9933169682392367,0.8763256350174948,0.8818761392153118,0.8719403235067997,0.9341976401680094,0.8249953702118182,0.9409669977890662,0.9511876099263499,0.9379250310364492,0.9458674971126175,0.8982620952863898,0.9341976401680094,0.9341976401680094,0.976658657419984,0.9610880275993516,0.8973504260916716,0.9472987124405257,0.9370022718146099,0.9903387485424457,0.78550777322242,0.9300014988735692,0.8561496030855313,0.9008291897984078,0.9341976401680094,0.9583942031553514,0.8096307198406894,0.9363880304285923,0.9288327934067977,0.9647060453491338,0.9981440376750648,0.984756143433557,0.997790169457049,0.9363880304285923,0.9326715978378728,0.9341976401680094,0.7987171022511952,0.8628852763111715,0.930001498873569,0.7976037577348449,0.9787275285759816,0.9838552657289735,0.8768403073232187,0.9433725012289743,0.9433718940682514,0.8813439357061883,0.8720543317790217,0.9272203681387053,0.985927565404734,0.9178060595541999,0.9919535000677886,0.8033887015349683,0.8856017264847291,0.9320645602494202,0.8392447154194036,0.9860555452130657,0.9734299614209917,0.9216516168774784,0.9107192181558881,0.9734299614209917,0.9511876099263499,0.9511876099263499,0.8791728214273921,0.9320611426402996,0.9245014781129608,0.9341976401680094,0.8547169780516891,0.9202142532643909,0.9643765980294186,0.9828585337891098,0.9259591224230201,0.9320645602494204,0.857482945143706,0.8917681657699774,0.9363880304285923,0.8731369030685475,0.9281278923411589,0.8173554210508891,0.8101114348470418,0.9341976401680094,0.8811333738303385,0.9341976401680094,0.975309889263084,0.948467140918744,0.9540147404500323,0.9147540983606555,0.8649010383087125,0.9341976401680094,0.8149916982575087,0.842749634762479,0.9147540983606557,0.8393192166726555,0.8451940043473616,0.8262392421922455,0.9409669977890662,0.8850946999039366,0.8634427373462417,0.9074473199365554,0.8937930165482266,0.8709676073375175,0.9397240452077994,0.9107192181558881,0.8709676073375175,0.8563736953667129,0.9819923880936652,0.9316031987068061,0.8624035236679222,0.9356707151118058,0.9033593307523542,0.986554806284329,0.9320645602494202,0.8909939462774468,0.953420205966137,0.9573424427163064,0.957726199512855,0.9499764453448731,0.9341976401680094,0.8385251695100371,0.9242476841005693,0.7717325331780395,0.9341976401680094,0.8639679664180093,0.8383915460579374,0.9458674971126175,0.9590434494932021,0.9320645602494202,0.8612025519212233,0.9676920836055141,0.9858026338134491,0.7401368129112849,0.9455693733429784,0.9559620789221579,0.9224048105777054,0.9341976401680094,0.9396813390495187,0.9341976401680094,0.9458674971126175,0.8635282146745934,0.9054558542462887,0.9511876099263499,0.9424837518356481,0.8711419137630867,0.9977262825967365,0.8996020324755996,0.9341976401680094,0.9936959070546725,0.9295693724342007,0.8520542445135235,0.9472303491045946,0.9243062854435231,0.8856017264847292,0.9028404281797042,0.9382025073594866,0.891751906668637,0.9191484075869398,0.8146266094523908,0.891751906668637,0.9361204140696398,0.9409669977890665,0.9349222126828225,0.891751906668637,0.9511876099263499,0.9112446674143933,0.9556347289143002,0.8149271700037951,0.9829392900173883,0.9878193007272769,0.9600252206809585,0.8598295527538453,0.9924821208671799,0.9559620789221579,0.8886955627708657,0.9889605162825019,0.9829392900173883,0.9914610572055536,0.8931170714860632,0.97263879566368,0.995004294443836,0.8076052990030276,0.9489357426838372,0.9900858501446139,0.8124487711907683,0.8476574882571928,0.9386420076357271,0.9643824696458685,0.9041853249452692,0.9061450951233825,0.7855077732224199,0.8710878802609616,0.9409669977890662,0.9433718940682516,0.9945879910888855,0.9044839950643899,0.9169125520152779,0.9977901694570488,0.9403227338586295,0.9809570187442864,0.9950286745612719,0.9508302047706587,0.9865548062843288,0.9301735490979692,0.836132079221473,0.9124103764401394,0.8710878802609616,0.9024238554172526,0.8763982687835874,0.9642416825773448,0.8924015577732269,0.911244667414393,0.9762262925984149,0.9804835086069066,0.8588181272853627,0.8338083271305465,0.9510476303356744,0.9220943680125893,0.9662712333141257,0.9661859802146439,0.9862918743399716,0.837793064527415,0.9386420076357269,0.9903766507571459,0.8529137105219888,0.906145095123382,0.8939720406672318,0.8682458143938525,0.9495749735578536,0.9707717074232651,0.9709760367855709,0.9299834289466347,0.782685874648712,0.0,0.8739518939582049,0.9386420076357269,0.8674566432772475,0.7513240857503155,0.9433718940682516,0.8901853371445987,0.9639306993826398,0.793668867928639,0.948467140918744,0.9905112387524628,0.9914826481470902,0.9261540016919989,0.9433718940682516
p360_P,0.6903770124660724,0.8739502986720539,0.5901693537318433,0.9054634422475791,0.9414106494210732,0.9788715516976696,0.9512307578937631,0.9931938554755784,0.8157507865486253,0.9238013891436974,0.9514652625474735,0.8995478568587885,0.8995478568587885,0.716471894091963,0.832119456452436,0.862675186278854,0.9994608468667849,0.4152008431066412,0.8021325739678647,0.9238013891436974,0.5505158891767279,0.8567734382060054,0.9663027963946421,0.9857705189045634,0.8966050986561026,0.8687627046182591,0.6425414726783664,0.8654110063376461,0.9723047356695362,0.9488819363477426,0.884047291409445,0.9127113681766139,0.5519745822137379,0.9471262770445404,0.9027019168030599,0.8484509035411578,0.9059407181827082,0.7610390746299767,0.9278239868212359,0.6345856922664819,0.45667836295445685,0.9016719843861534,0.9278239868212361,0.8331840572920648,0.9637689094479426,0.46949478673321376,0.9505241704836669,0.8318544149375384,0.7520434595496039,0.7927381955186616,0.9127113681766139,0.6228400541159391,0.8687627046182591,0.9216948386036188,0.890520104676289,0.9627812356600217,0.7314307944105777,0.9027019168030599,0.9638848133781237,0.8964706102804103,0.820041213470607,0.9014705247263546,0.8627236257785789,0.7466340871522712,0.5951579902345705,0.6979549654907968,0.9163268736367546,0.760660392080267,0.7600085620773539,0.9662757781656686,0.8041520964480545,0.9869589941158469,0.9414106494210732,0.6680134735212271,0.9027019168030599,0.7835733668301664,0.9799759007960185,0.781895764891759,0.6786382195964646,0.9700808834258973,0.8848055194072817,0.9356707151118058,0.8883878700557573,0.6240448083535448,0.9027019168030599,0.7457537563550611,0.9473257685964236,0.7096646114842384,0.8615147734498485,0.8995478568587887,0.9027019168030599,0.5901693537318445,0.4756768347639615,0.722043068525573,0.8587660956447003,0.809385222908602,0.664787662282377,0.7790873483258249,0.6720239707316686,0.6698054145160781,0.8181872098791192,0.9917747991232293,0.7876282222528324,0.8300146567147073,0.8676440874956147,0.9199574485923747,0.8948598124012338,0.628454012803332,0.8792920141466947,0.6895347366508602,0.6482001476945158,0.9466664444666739,0.8152444128470524,0.837433712115489,0.9092735418441045,0.7510913648905779,0.921694838603619,0.9199574485923747,0.9278239868212359,0.7465238189296217,0.8331840572920646,0.6235983971106213,0.6404875132878718,0.9117587329570798,0.8687627046182604,0.881366457334962,0.9458556185436358,0.7341634785193589,0.8995478568587885,0.8376723506997306,0.7562707214632038,0.9505241704836671,0.7453651154501213,0.9788715516976696,0.6425414726783665,0.7980807992789911,0.7683411647806697,0.8735864340900966,0.9127113681766137,0.8964706102804101,0.6361305481684105,0.9238013891436971,0.9548329367717479,0.6470872918636882,0.6959704540897895,0.8287530636873144,0.8590365055651024,0.6974923708327123,0.8955832386010321,0.5704548695211481,0.930688571278786,0.8200412134706068,0.8734208540101176,0.8050249428919063,0.9981922472699298,0.8662187967802526,0.8756765367700751,0.5160583942155257,0.8362094227924257,0.7468927370971472,0.9830932644897141,0.9505241704836671,0.8791728214273922,0.6379027767414542,0.7571211463821036,0.5996958576148859,0.7899486995316742,0.6574169412452513,0.9149541032668207,0.7570626016884332,0.9594610274348983,0.8995478568587885,0.9793811540276174,0.9138589778623851,0.8291300795612058,0.7180334860412917,0.9662757781656683,0.7907172972604055,0.7579315889572432,0.6182726097970762,0.8309617608579103,0.8492868493218722,0.9793811540276174,0.8995478568587885,0.7301312695908251,0.8071532409195599,0.8017579308021003,0.8114983712766497,0.887635694816231,0.9546423142462039,0.8964706102804103,0.8617436143407862,0.6918625383692862,0.6472419702283831,0.8434189051272902,0.9027019168030599,0.9458556185436358,0.7740271974389737,0.8093852229086016,0.8093622015875532,0.8565753455961946,0.8995478568587885,0.9027019168030599,0.8129650327186612,0.7970447030423027,0.9238013891436974,0.9027019168030599,0.7849851957637808,0.837672350699731,0.8031747405871112,0.7444445598003699,0.8111669741565661,0.6867120377371951,0.9027019168030599,0.7423644543847863,0.9027019168030598,0.8250837392345682,0.6419643977182632,0.6524376363842714,0.9027019168030599,0.9125301217359769,0.9027019168030599,0.6758769133365894,0.9165147019879722,0.7779935696307081,0.7268000471971232,0.7194708003998341,0.5949239853095305,0.8964706102804099,0.934883713596407,0.8820255041972338,0.8760487949925095,0.9520331921256762,0.9992131886464962,0.8735864340900962,0.8072801833126309,0.790683989852673,0.6844499586435084,0.9110462841919127,0.8376723506997308,0.8376723506997308,0.9291552782955315,0.6235983971106213,0.8964706102804108,0.9027019168030599,0.8136200716845883,0.9027019168030599,0.8767373662714832,0.8095010419562507,0.9127113681766139,0.861222266702258,0.5783175745016849,0.9458556185436358,0.8354206684781547,0.9113067123177236,0.69129059410586,0.8818853796020466,0.7341634785193589,0.9505241704836669,0.6663986005747343,0.8595116876851971,0.7193719598331678,0.8995478568587885,0.9606832254354425,0.5346927255894636,0.9278239868212359,0.715517259988097,0.680783292100255,0.9016719843861538,0.8631121466811532,0.6724078071020896,0.9127113681766141,0.7277635600800749,0.6284540128033322,0.7906388148001826,0.9199574485923747,0.6722953469228676,0.8853068944247944,0.7557351791201897,0.8941901234996297,0.9199574485923747,0.9043518922323697,0.6777709575813171,0.994900896131559,0.7297848347028673,0.6894731014983032,0.7194708003998341,0.974743355552526,0.6471924772943582,0.9330819649782567,0.9257239435976461,0.9505241704836669,0.5337062533370704,0.9874058922610379,0.6809595670770039,0.7220430685255732,0.7468927370971474,0.8791256253514166,0.9410875626877445,0.7102107570168052,0.7520434595496034,0.9570839709282045,0.8308459945434385,0.6379027767414549,0.8273272241564982,0.9917747991232293,0.4290345995210241,0.8399399046211002,0.642590252867139,0.8505579307181197,0.7988876253130306,0.8174304687210091,0.9313465624967708,0.9639689820077058,0.6619428035679524,0.979191917804625,0.8387472004447059,0.9723047356695362,0.9471262770445406,0.8628742512243035,0.7414311406796759,0.9092735418441047,0.9027019168030599,0.9127113681766135,0.9961400606561899,0.5345402518191595,0.9199574485923747,0.9162673470024436,0.9371605937136991,0.9027019168030599,0.8792920141466947,0.9199574485923749,0.7658906239201639,0.8771998465244935,0.808402050551885,0.7557351791201897,0.9127113681766141,0.6981502760441758,0.500213946133478,0.9753361086597814,0.8905201046762894,0.5114490973258146,0.9092735418441047,0.844526076547639,0.5168008395410217,0.887635694816231,0.8529764551059038,0.9700808834258972,0.5675978067370988,0.712735174835741,0.5913618851060347,0.9994608468667849,0.8995478568587887,0.9558516449418073,0.7879908504259893,0.6471924772943585,0.6494915938022652,0.48018363669578934,0.9027019168030599,0.7200150757054351,0.8679755583031024,0.6261909706488696,0.8422241792803133,0.9238013891436971,0.721474073765827,0.9027019168030599,0.9027019168030599,0.8662187967802517,0.8157507865486258,0.7157338063059663,0.9027019168030598,0.9238013891436974,0.5940845591627649,0.7974682718729413,0.7571211463821036,0.6139524740475122,0.9801193820390868,0.5170934913826236,0.9220737026051954,0.4373065743623795,0.5094305284867733,0.9027019168030599,0.7849012310419597,0.6761091627645237,0.5887830552616142,0.6105344885729493,0.9819891156751775,0.8092123375194882,0.9669745722372083,0.6260653782397383,0.9027019168030599,0.5366395258110812,0.9284324089745186,0.748602433727598,0.49661337671203243,0.9059407181827082,0.5448826837094825,0.9004154029074704,0.9027019168030599,0.8228483522233683,0.6593411622267498,0.9027019168030599,0.8812768771799537,0.8738330413694131,0.6842029566367585,0.4901820598083363,0.6379027767414547,0.9027019168030599,0.9260908659711357,0.7423644543847863,0.9162673470024436,0.8681902432648249,0.8796696642919428,0.8222019591825744,0.8243737901066763,0.6311814856344975,0.9092735418441047,0.8273272241564984,0.7825121459579751,0.8720455479999368,0.7179843723513857,0.832714125805776,0.651563473534329,0.8766017896141824,0.9127113681766137,0.5942099561754175,0.9027019168030599,0.9874058922610379,0.554599925164568,0.91200893623737,0.9181353909773777,0.8612222667022575,0.8964706102804101,0.9848556756523892,0.9059407181827082,0.8964706102804101,0.8485555080319508,0.7876282222528324,0.9557539823910068,0.7733379639810878,0.7703137633219297,0.9662757781656686,0.705734058084664,0.9238013891436974,0.921694838603619,0.8766017896141824,0.7359563186416351,0.8894235704056004,0.7851785317012696,0.8484502622519186,0.8399399046210998,0.9306341541453587,0.8713396701567191,0.5955723806092472,0.9505100634132895,0.9092735418441045,0.9486998997515483,0.8581555195360451,0.9001072080581102,0.786594589696991,0.896497329219651,0.8848055194072819,0.8563358498618108,0.796679177000575,0.8964558040819777,0.7879830974673314,0.9994608468667849,0.762339474105725,0.8074880529383703,0.8515474244094854,0.9048113045350052,0.8766017896141827,0.48354567142378124,0.8848055194072819,0.8862710677485974,0.8739518939582049,0.8851067435299687,0.8953553466730952,0.9669745722372083,0.6023438957046577,0.6747896391728071,0.8230078934234286,0.8295844697893859,0.9199574485923752,0.989293962471367,0.7927381955186614,0.8616532608325631,0.9163532097707385,0.7853092223537336,0.9648472157143733,0.9127113681766141,0.9199574485923749,0.8942611762094796,0.5965786966525837,0.5494626663625997,0.9876139325764798,0.9123884588666586,0.6786382195964651,0.8929365162866225,0.8934633408766901,0.7243325267078728,0.9027019168030599,0.9162673470024438,0.9027019168030599,0.9027019168030599,0.6698054145160781,0.8766017896141824,0.8169089980396514,0.9027019168030599,0.6517817879192329,0.7066876776711029,0.8376723506997308,0.8649633795349971,0.764777519192013,0.8010621321193824,0.7703137633219297,0.8364350703060379,0.6933452337724906,0.890520104676289,0.8444999298453832,0.9162673470024438,0.842224179280314,0.6245747067217257,0.7423644543847863,0.7279925269236736,0.890520104676289,0.9330819649782569,0.647983800781248,0.9606832254354423,0.6093426791488122,0.9092735418441045,0.7412309365126735,0.8820255041972334,0.946666444466674,0.9663027963946421,0.7277635600800747,0.8999487113882563,0.820041213470607,0.8766017896141824,0.846846556117637,0.9092735418441047,0.882025504197234,0.8146549792907978,0.9351931203714345,0.7444445598003693,0.6032401603972547,0.9127113681766139,0.6682603170504681,0.8934633408766901,0.7932250228561104,0.49660989224140206,0.9747733305686097,0.5887830552616142,0.9726698814889383,0.8679857536730304,0.5156405659377845,0.7057340580846636,0.813620071684588,0.5217541110905607,0.7914731738068147,0.845780144883924,0.8755280746873522,0.9027019168030599,0.9127113681766137,0.8399399046211002,0.9027019168030599,0.6336040166744015,0.8820255041972331,0.8964706102804105,0.944575877677878,0.683294381600523,0.8720455479999369,0.6425666791409204,0.7851785317012707,0.6453261340801772,0.9181353909773777,0.7442204884852659,0.8964706102804101,0.9253641867456626,0.727658888950425,0.6834915393333871,0.7865945896969908,0.8387612014543784,0.7703580916432256,0.536832816081116,0.7569145896245693,0.8689959096416076,0.6938529778897937,0.5964138693328577,0.856335849861811,0.9238013891436976,0.7045169096299293,0.9059407181827079,0.7121508261193612,0.8592500689274887,0.8162105150575749,0.8995478568587887,0.572927035063882,0.4409486727873281,0.9700808834258973,0.828122147985658,0.9092735418441047,0.616996861241116,0.9163532097707385,0.6433433021723269,0.8114983712766497,0.9948930575999828,0.9113067123177234,0.8183624229309943,0.54858666390109,0.8995478568587887,0.9127113681766137,0.9278239868212363,0.9027019168030599,0.8445260765476379,0.5976463934266484,0.6471924772943582,0.731583465295569,0.9027019168030598,0.7764223759981213,0.4800355264101571,0.8200412134706068,0.7974682718729413,0.79331017721801,0.7816808039644461,0.7925008201091586,0.9112920638025457,0.9962981125733233,0.8526711033358262,0.7139141755418523,0.5537019747011371,0.9162673470024438,0.8441549489936592,0.7314307944105776,0.9505241704836669,0.7842991414316781,0.7658906239201637,0.8612222667022578,0.81063855213682,0.8169381887965974,0.9761277300342177,0.9049436253476606,0.9811718853428998,0.701868804423345,0.7719038648775981,0.9199574485923749,0.9027019168030599,0.8820255041972336,0.5563800251654868,0.6211563493419048,0.8995478568587887,0.9590673131834124,0.8934633408766901,0.8995478568587887,0.8995478568587887,0.8445260765476379,0.9027019168030599,0.8934633408766897,0.8222019591825749,0.9027019168030599,0.6631569473897885,0.8920834123507826,0.9199574485923747,0.9092735418441047,0.9162673470024436,0.9059407181827082,0.8995478568587887,0.5228640608953576,0.728112448305462,0.8766017896141824,0.6954211266162029,0.9027019168030599,0.6826561410890897,0.9505241704836669,0.9665301256886063,0.621254842313931,0.6761262978767534,0.8021325739678644,0.9059407181827082,0.8792920141466947,0.8851067435299687,0.9286197968271317,0.9027019168030599,0.8880761517488764,0.9108171002747826,0.921972617757114,0.7965441750729492,0.7818957648917593,0.9199574485923752,0.7520434595496039,0.9092735418441047,0.7769688838944868,0.7151582186192986,0.9027019168030599,0.9801193820390868,0.7604052925130632,0.9238013891436974,0.5754509109086146,0.9648472157143733,0.915215251172143,0.6637045693200032,0.8964706102804101,0.5997463652990307,0.6040445462425326,0.9027019168030599,0.9027019168030599,0.8603637814514746,0.8736104662007043,0.8441549489936591,0.7506936204402768,0.7214740737658267,0.4901820598083362,0.6735816209802798,0.6331991180703955,0.6736756164017629,0.6417069213377851,0.9027019168030599,0.8318544149375375,0.9127113681766137,0.9278239868212359,0.44107391029120113,0.9199574485923747,0.6765515156534136,0.9027019168030599,0.9027019168030599,0.5835809162145371,0.7876282222528321,0.5990127154731213,0.9473257685964236,0.39296572807429975,0.7020255141987614,0.861222266702258,0.9188016156964058,0.7002915118145554,0.52881904387605,0.9027019168030598,0.6834915393333871,0.6675796500643083,0.9059407181827082,0.9199574485923749,0.8444999298453832,0.963612582450692,0.904789630708204,0.6942509983094834,0.9059407181827082,0.8635031194001546,0.9027019168030599,0.6680134735212271,0.951764788537374,0.8072801833126311,0.9528360410523747,0.5976463934266488,0.9216948386036188,0.8178909988156795,0.7162240710397512,0.9606832254354423,0.8701994618435825,0.7361772131593285,0.8934633408766897,0.9238013891436974,0.8785462170031448,0.8687627046182602,0.6417069213377851,0.9127113681766137,0.8995478568587887,0.7623006060359163,0.8637059334028956,0.8347029424808232,0.8758528920717612,0.9788715516976696,0.960712445103687,0.9278239868212361,0.9278239868212361,0.7528949545078587,0.873194679779312,0.8010095457376827,0.9027019168030599,0.9723047356695362,0.954723834804791,0.8820255041972331,0.7493147111654461,0.5171305001443658,0.8995478568587885,0.892624738559076,0.7968622910970984,0.9059407181827082,0.6629190756828709,0.8422241792803136,0.9522167421840102,0.9032901469579644,0.9027019168030599,0.6114484037576892,0.9414106494210732,0.6139524740475122,0.9238013891436974,0.9769987586961083,0.8739518939582045,0.8185330409236753,0.9027019168030599,0.6425666791409206,0.5156405659377844,0.8739518939582047,0.6448842394104555,0.6851941396038526,0.6586007972690091,0.9127113681766137,0.6593672921645084,0.7214740737658274,0.8346411399054535,0.5917615628792503,0.8406264652017017,0.716089793941575,0.9788715516976696,0.903464630798172,0.7876282222528321,0.8937604153275942,0.9249476804218124,0.6912645324713009,0.8136200716845878,0.48626382062960904,0.9027019168030597,0.8995478568587887,0.7151582186192986,0.5592237219913146,0.9150859699484077,0.5887830552616142,0.5591210511111682,0.9027019168030599,0.6114943394744432,0.5877108515671097,0.770469479279282,0.9027019168030599,0.7109305989182471,0.9352594849768437,0.9199574485923747,0.8766017896141824,0.8995478568587887,0.741250771586901,0.8687627046182604,0.9770142003961176,0.8637059334028958,0.8188405584529165,0.9348837135964071,0.4967054061697854,0.9027019168030599,0.8612222667022578,0.9027019168030599,0.9662757781656683,0.7461062377503511,0.7784491248459171,0.9278239868212359,0.8587660956447001,0.742479409475199,0.8410748755049142,0.7974682718729412,0.9027019168030599,0.7133379421181639,0.6742355022092119,0.9435127570519614,0.7834154100189421,0.708693439857963,0.9554518077232721,0.7002810853760391,0.8539300757509798,0.8399399046211002,0.8162105150575747,0.5424432303017737,0.8399399046211002,0.9865413873777831,0.7026246759034649,0.7674417937615683,0.8399399046211002,0.9278239868212359,0.7433842170660625,0.9059407181827082,0.7674417937615683,0.7619375114470163,0.8539300757509798,0.7557351791201901,0.9842496457512626,0.9859143456282597,0.8766017896141824,0.8354206684781547,0.8662187967802519,0.9371605937136991,0.9146756363968287,0.6563361953308742,0.7704694792792822,0.5093212320532263,0.854453131539465,0.8309617608579105,0.6523405877807262,0.6345856922664819,0.9059407181827082,0.9092735418441047,0.9926131437220167,0.9229769520409833,0.861222266702258,0.8253225677040203,0.9442003750822194,0.9127113681766139,0.9162673470024438,0.7582798553676153,0.8587660956447005,0.6688936511272823,0.8679755583031024,0.921972617757114,0.7179843723513855,0.6725022114589002,0.8539300757509798,0.9414106494210732,0.7919198971282342,0.36105165642675985,0.7717098458469216,0.8093852229086018,0.9824538870055382,0.8616532608325629,0.974743355552526,0.7623006060359168,0.8687627046182591,0.6782334100972081,0.9992361147000013,0.9473726654430645,0.7542621380938765,0.8610648666460556,0.8152256364618553,0.7016215525533627,0.799550248301927,0.8779536431616125,0.9325336793081733,0.5544682858415848,0.9059407181827082,0.8238373352162474,0.8612222667022584,0.8844733149580839,0.8183624229309928,0.756914589624569,0.8888453827000375,0.8106385521368198,0.9570839709282045,0.6786703713622684,0.8739518939582049,0.0,0.9092735418441045,0.7301312695908246,0.8739518939582047,0.9162673470024438,0.7947975198038115,0.8556695017783704,0.9857705189045634,0.9238013891436974,0.9318342470769363,0.9199574485923749,0.9588091371040435,0.9162673470024438
p360_Q,0.868997277839576,0.685213415464682,0.937582172017251,0.8281884330418344,0.9773757151292214,0.4813551083532054,0.8394385952949945,0.8098519714818672,0.9103107362174547,0.9629078616894173,0.9439253608596803,0.9128870094924402,0.9808926695348984,0.7793733011421324,0.8643746278148465,0.9302947288966976,0.987327403406299,0.9361160018916064,0.9610366993022688,0.5986100747104808,0.9326920846792617,0.9425720985427191,0.7760319106198985,0.9736183137840243,0.9412414838519028,0.9361160018916064,0.9481398354780852,0.9220855717829912,0.5986100747104807,0.8492555420838781,0.9300668284196516,0.9652137684610215,0.9467071200650465,0.9243180392978654,0.9773757151292214,0.9610366993022685,0.9542136024350836,0.9467071200650465,0.9648659912110238,0.9348776724743586,0.9061873961293254,0.9373704232137268,0.9648659912110238,0.9634451361870242,0.9481398354780852,0.9158837497742318,0.9558359621451105,0.9072120922355342,0.9348776724743586,0.937582172017251,0.9575094353013818,0.9451946793607526,0.9361160018916064,0.945303040275778,0.9467071200650463,0.9336544549523982,0.9336544549523982,0.9526370111116405,0.9685432309175785,0.984201166542795,0.9546672453375804,0.9384758066320344,0.9361160018916066,0.9465146323386673,0.9592404230051592,0.9469603324515528,0.957509435301382,0.9649212652990375,0.9354977161332689,0.9610366993022685,0.8323438780399166,0.9348776724743586,0.9526370111116407,0.869458301870413,0.9526370111116405,0.8941307528793183,0.9425720985427188,0.9439253608596803,0.8661586408023221,0.9648659912110238,0.9439253608596803,0.6707907717378425,0.9312498291554214,0.9361160018916064,0.9526370111116405,0.8440037465855232,0.998394872319517,0.8178422485024102,0.9790460413412314,0.9511016704226434,0.9526370111116405,0.8700500341066799,0.9384758066320344,0.9704083620683964,0.9671595166054914,0.9072120922355345,0.8748337527607468,0.9702619328599775,0.8628398878670414,0.9845849572233626,0.9859410630732464,0.6712483100495732,0.9526370111116407,0.9326181308569244,0.842423659493923,0.9610366993022685,0.8307658985622733,0.8713916811754183,0.9412414838519025,0.9339881298829691,0.9025391984870587,0.9373704232137268,0.850463664442046,0.5636968757891353,0.9558359621451105,0.8279903628414251,0.5620522340448353,0.9610366993022685,0.9648659912110238,0.9009385953642846,0.9187969445925779,0.8839367949745333,0.9412414838519025,0.769311356085604,0.7402268036102564,0.832189566882533,0.9542136024350836,0.7931965366205518,0.7768756894075242,0.8056206522660099,0.9164201668122129,0.9558359621451105,0.9575094353013818,0.9648659912110238,0.9481398354780852,0.725995790285457,0.8872325694620833,0.9652137684610215,0.9575094353013818,0.984201166542795,0.8785004132365171,0.9629078616894173,0.8982237067147958,0.880379147867171,0.917028522597876,0.9166400151447351,0.9388267942128119,0.9236703803405709,0.9348776724743586,0.9853618823459059,0.9629078616894173,0.8762607344566619,0.9358388955042231,0.9255818465700862,0.957509435301382,0.9348776724743588,0.8625471077983309,0.9198856874256713,0.9330323576683237,0.9210904902002872,0.8456902516433886,0.9558359621451105,0.9497673578995789,0.9724659055822086,0.9041490253843174,0.847649466254242,0.8940589330526697,0.892176422823965,0.9312498291554214,0.9512060612711245,0.8770035649415369,0.9511016704226434,0.9336544549523982,0.9556110934976771,0.9294700296273191,0.922109475719312,0.703980118075676,0.9141734198710232,0.9254476077793647,0.9190743601433595,0.9177151699279686,0.9905248313934779,0.9094857206850574,0.9511016704226434,0.8686326671635053,0.971887349837368,0.9342272501200428,0.9901068178489285,0.9453030402757782,0.9288957400617388,0.9496037211238537,0.9103107362174554,0.949733554954169,0.9853618823459059,0.8339927294052226,0.9526370111116405,0.9542136024350836,0.9842011665427953,0.9072120922355345,0.9326635883603429,0.8700500341066799,0.9511016704226434,0.9526370111116405,0.9464349702585149,0.9845436024770435,0.9629078616894173,0.9526370111116405,0.8446109430683049,0.9209817665727265,0.8941307528793183,0.9342353692072158,0.9113525537588968,0.9511016704226434,0.9526370111116405,0.9358388955042232,0.9526370111116405,0.8550065733210688,0.8647608924873071,0.901138337649273,0.9526370111116405,0.9276797318633758,0.9526370111116405,0.839438595294995,0.9987120692432441,0.847649466254242,0.9553483552539828,0.9558359621451105,0.9968251299619149,0.9496037211238537,0.9967391619170713,0.9425720985427191,0.9546672453375802,0.8665888856018398,0.8402427784426748,0.957509435301382,0.8518491866146227,0.9363467946367827,0.9917747991232293,0.9439067604692684,0.9209817665727262,0.9209817665727265,0.9481398354780852,0.8839367949745333,0.9496037211238537,0.9526370111116405,0.9505241704836671,0.9526370111116405,0.8123630690930184,0.9423194428466419,0.957509435301382,0.7584224381987763,0.9968251299619149,0.9542136024350836,0.9649840504564584,0.9412414838519028,0.867594514433849,0.7547644840194468,0.9042162740830948,0.9558359621451105,0.8752103456145182,0.8803791478671712,0.9526837546542146,0.9511016704226434,0.9592404230051592,0.9725029014633767,0.9648659912110238,0.9074116486170118,0.93558658751122,0.9373704232137268,0.9141734198710232,0.9044707632416326,0.957509435301382,0.9467132522325634,0.9776531644595585,0.8230236730198899,0.9610366993022685,0.8716488174471999,0.854622497420393,0.9497673578995789,0.9082407355488133,0.9610366993022685,0.8944208730785337,0.857258806876982,0.5589231489486892,0.894642818083918,0.9746338287409402,0.9558359621451105,0.9243180392978652,0.8504636644420462,0.984201166542795,0.9558359621451105,0.9558359621451105,0.9763604864068216,0.7039801180756761,0.9934283977656029,0.9374291292220642,0.9302947288966976,0.9205901538151675,0.9610366993022685,0.9526370111116407,0.9058453047843559,0.7856158295427421,0.7333833797482334,0.8458639564984105,0.9051664401581994,0.9558359621451105,0.9879700133881206,0.9681385641755447,0.9808522265288284,0.9589654814068509,0.9291067501802863,0.9282111328653387,0.9870775046080908,0.9097101580843077,0.9082634530537093,0.9629078616894173,0.9103107362174554,0.5986100747104809,0.8873306148945661,0.9665480300996039,0.9155711502428496,0.9558359621451105,0.9526370111116405,0.9575094353013816,0.6782201717602716,0.9361160018916066,0.9610366993022685,0.9592404230051592,0.9808926695348984,0.9526370111116405,0.7114537153441645,0.9610366993022685,0.9648659912110238,0.7767804849986795,0.7628588897397746,0.7265860889701897,0.957509435301382,0.93558658751122,0.9028184736650844,0.7693378488114867,0.9467071200650465,0.957061315955565,0.9558359621451105,0.9243180392978652,0.916027328859182,0.9453030402757783,0.9166400151447349,0.9648659912110238,0.9917399066061052,0.840242778442675,0.996825129961915,0.987327403406299,0.9511016704226434,0.8323438780399167,0.8839367949745333,0.8504636644420462,0.9659103732454718,0.9538477333735611,0.9526370111116405,0.9952317766508612,0.9231975163531971,0.9254476077793647,0.7974439991732674,0.9629078616894173,0.9512060612711243,0.9526370111116405,0.9526370111116405,0.9348776724743586,0.9518893725088029,0.8975899824661732,0.9526370111116405,0.6863064874305009,0.9526370111116409,0.8770035649415369,0.9439067604692686,0.804794791283603,0.9526370111116407,0.9288957400617388,0.9425720985427191,0.8749227387115646,0.8516044549634427,0.9526370111116405,0.9255818465700862,0.8015964738616885,0.998095217088554,0.8543028581013083,0.9288957400617388,0.7406310456222287,0.9558359621451105,0.8400240699667672,0.9526370111116405,0.7965069792215318,0.9361160018916066,0.8686326671635054,0.9351916092842891,0.9542136024350834,0.8738328753514066,0.7382938931765679,0.9526370111116405,0.9389225366571855,0.9395250925611625,0.9526370111116405,0.9783400888843532,0.8294595995241217,0.8846853407167914,0.9579118988918691,0.8458639564984105,0.9526370111116405,0.8153837585530266,0.7373592171107441,0.960453505653815,0.9421240707427696,0.9885298361815205,0.9134510531460027,0.9145082620913982,0.9031349604797554,0.9558359621451105,0.9452045885097757,0.8941307528793183,0.946453606217171,0.8627197720675652,0.8007353262871405,0.9141734198710232,0.9967391619170713,0.9575094353013818,0.9361160018916066,0.9526370111116405,0.9610366993022688,0.8870940587008979,0.8561342062066826,0.995812608116145,0.9839674685144804,0.9496037211238537,0.8857271389240959,0.9542136024350834,0.9496037211238537,0.9439253608596805,0.9526370111116409,0.9453030402757783,0.9232615458212055,0.5907456282863714,0.9610366993022685,0.8890106760597565,0.9629078616894176,0.9453030402757783,0.4919957512911146,0.9052139044207743,0.998394872319517,0.9629078616894173,0.8239033522938284,0.9220855717829912,0.937582172017251,0.9373704232137268,0.9425720985427191,0.9505241704836671,0.6712483100495734,0.9243180392978652,0.9728308952426489,0.9566533521299645,0.9386420076357271,0.9061873961293254,0.9439253608596805,0.9300668284196516,0.9585029457973887,0.9680722102462396,0.9113525537588967,0.987327403406299,0.857258806876982,0.7195100133903978,0.9277359074596556,0.9497673578995789,0.946453606217171,0.9552077543614654,0.995812608116145,0.9271118843142733,0.9386420076357269,0.987885706373519,0.8308284476433021,0.59666516448851,0.8557565635983038,0.8959232789032516,0.9231975163531971,0.9061873961293254,0.6202343224201629,0.9770480843972957,0.937582172017251,0.9604535056538153,0.9220855717829912,0.9481398354780852,0.6646635978282218,0.957509435301382,0.9610366993022685,0.8194149920013944,0.9145513562248582,0.9187969445925777,0.9128870094924402,0.9511016704226434,0.8661586408023219,0.9560815611946234,0.9481398354780852,0.8752103456145182,0.9526370111116405,0.9604535056538153,0.9526370111116405,0.9526370111116405,0.86172892352763,0.9399319300513145,0.7931549419907828,0.9526370111116405,0.8527418007931002,0.8803545486957225,0.8511869157928871,0.9077865135605361,0.9255818465700862,0.9381869901995566,0.881796082325806,0.9092735418441042,0.8825210710884406,0.7382938931765682,0.9190743601433595,0.9592404230051594,0.9231975163531971,0.9130992715289878,0.8656814261022983,0.9300668284196518,0.9902930825832764,0.9842011665427951,0.9904666825446746,0.5589231489486899,0.9031349604797554,0.9558359621451105,0.849035546891147,0.9425720985427191,0.9373704232137268,0.9399319300513138,0.8911735721146645,0.9288957400617388,0.912399240286141,0.9967391619170713,0.9316363198749,0.9558359621451105,0.9425720985427193,0.9542136024350834,0.9198856874256713,0.8998492893872088,0.735936569437549,0.957509435301382,0.9330323576683239,0.9481398354780854,0.8454122479480872,0.8748337527607469,0.9511016704226434,0.998095217088554,0.9312498291554214,0.9648659912110238,0.9381869901995565,0.9174644799144985,0.9092735418441042,0.9711616796763259,0.9393618431817529,0.913451053146003,0.9269715703160147,0.9526370111116405,0.9575094353013818,0.9397554510393487,0.9526370111116407,0.7931965366205518,0.9425720985427188,0.9496037211238537,0.9671595166054915,0.9697576929681275,0.939931930051314,0.8481713308694638,0.9493957255905627,0.9815167787252908,0.7547644840194467,0.9097206700803182,0.9496037211238537,0.5492945011215347,0.9576605453602836,0.9209817665727265,0.994437324868074,0.8855847170568547,0.8882143738454917,0.9632617810424792,0.9064110103549554,0.9714058757497572,0.9363966480235932,0.9276797318633756,0.9300668284196516,0.3355208365504193,0.942990249213453,0.9736183137840247,0.881438146000566,0.9917747991232293,0.9001110559421441,0.9511016704226434,0.7979107482144301,0.8517363824474662,0.9648659912110238,0.9232615458212052,0.9558359621451105,0.9231975163531971,0.8476494662542418,0.9529449740547582,0.9280270998509561,0.769311356085604,0.9991256173192247,0.9452045885097758,0.9958126081161451,0.9511016704226434,0.9652137684610215,0.665948075165129,0.9526370111116405,0.793154941990783,0.8745128950949936,0.8504636644420462,0.7410815567472548,0.9526370111116405,0.8515198202479399,0.977923524618283,0.95466724533758,0.9277359074596556,0.9103107362174547,0.8315764753314664,0.8891971954839688,0.8088237225374945,0.706900419541427,0.9123992402861407,0.8933378821185833,0.8981086621953582,0.9592404230051594,0.843222686318521,0.9336544549523982,0.9558359621451105,0.8056206522660101,0.9648659912110238,0.7584224381987761,0.9496037211238535,0.9648659912110238,0.9453030402757783,0.7003392882016655,0.6274393463335323,0.852744627559685,0.9291067501802863,0.9610366993022688,0.9526370111116409,0.998394872319517,0.9942837725413022,0.9724659055822086,0.9511016704226434,0.957509435301382,0.948139835478085,0.9511016704226434,0.9511016704226434,0.9243180392978653,0.9526370111116405,0.9481398354780852,0.8307658985622737,0.9526370111116405,0.9386420076357269,0.8724625431560952,0.9610366993022685,0.9558359621451105,0.9592404230051594,0.9542136024350834,0.9511016704226434,0.9789433391238309,0.9009385953642846,0.939931930051314,0.8836034327136277,0.9526370111116405,0.913451053146003,0.59666516448851,0.994437324868074,0.9815167787252908,0.914508262091398,0.9610366993022685,0.6127778948795628,0.9412414838519025,0.80562065226601,0.9412414838519025,0.9526370111116407,0.9209817665727265,0.8805577584645803,0.9196222638329765,0.8497130258115504,0.9439253608596805,0.955217505042218,0.7996606229568314,0.9558359621451105,0.9134510531460027,0.8846853407167916,0.9526370111116405,0.4874647988152574,0.9267506068373947,0.9629078616894173,0.9297047108643931,0.9481398354780852,0.9439253608596803,0.9779235246182829,0.9496037211238537,0.9858102340270539,0.9904666825446744,0.9526370111116405,0.9526370111116405,0.7644257713588187,0.7507844886154758,0.6369695431207094,0.7864057866094469,0.8879294594533993,0.9579118988918691,0.735936569437549,0.8435406859332619,0.9373704232137268,0.8866791566528585,0.9526370111116405,0.8896609403700334,0.9575094353013818,0.9648659912110238,0.9384758066320344,0.9610366993022685,0.8738328753514066,0.9526370111116405,0.9526370111116405,0.8492555420838779,0.9526370111116407,0.993012223116643,0.9983948723195168,0.8666662211060936,0.8921764228239651,0.932445449857132,0.8518491866146228,0.8456366655300414,0.7480686079956922,0.9526370111116405,0.8056206522660099,0.8606154343794665,0.9542136024350836,0.9610366993022685,0.9937923149342884,0.9428470408589851,0.9166400151447351,0.7974439991732674,0.9736183137840243,0.9309867468047905,0.9526370111116405,0.869458301870413,0.7974439991732672,0.9061873961293254,0.6628205208659991,0.8745128950949936,0.9453030402757783,0.953270131910047,0.9390064763255971,0.9592404230051592,0.911940758498921,0.9053125787387255,0.9481398354780852,0.9629078616894176,0.9277359074596556,0.9361160018916064,0.8561342062066828,0.9575094353013818,0.9511016704226434,0.9198202436892431,0.9336544549523982,0.9209817665727265,0.9265867198367661,0.9428375253830148,0.8056206522660099,0.8505410419770537,0.9648659912110238,0.9092735418441045,0.9254476077793645,0.9031349604797554,0.9526370111116407,0.9629078616894176,0.9425720985427191,0.998394872319517,0.9683756205372159,0.9467071200650465,0.9511016704226434,0.933654454952398,0.9011161501496321,0.6127778948795624,0.9942837725413021,0.7974439991732672,0.8661586408023219,0.844704362209157,0.9526370111116405,0.8700500341066799,0.9526370111116407,0.834071026591791,0.9629078616894173,0.9373704232137268,0.9386420076357267,0.8987613725012116,0.9526370111116405,0.8481713308694636,0.9685432309175785,0.9386420076357267,0.8493193247742896,0.8383948208633007,0.8561342062066827,0.9575094353013818,0.8650546456747354,0.9201023553084944,0.8493193247742898,0.9724659055822087,0.9967391619170713,0.9541520012658937,0.9648659912110238,0.7760319106198984,0.9773757151292215,0.9051664401581994,0.9879700133881206,0.881438146000566,0.8432226863185212,0.9632617810424792,0.6274393463335319,0.9511016704226434,0.8846853407167914,0.8940589330526698,0.9031349604797554,0.8217667418575592,0.9802311608422727,0.9526370111116405,0.8629479583404895,0.9064110103549554,0.9277359074596556,0.9526370111116405,0.8825210710884408,0.9467071200650465,0.9610366993022685,0.7192246787541412,0.9511016704226434,0.949718620585456,0.9361160018916065,0.9439067604692684,0.49119285571827276,0.9575139843524121,0.9399319300513143,0.9300511406700869,0.9526370111116405,0.8099444568561247,0.9526370111116405,0.9610366993022685,0.9041862347368661,0.8921529459435535,0.9648659912110238,0.9820451562749648,0.9724659055822086,0.953270131910047,0.9765510393593577,0.9526370111116405,0.968375620537216,0.9511108315259663,0.8933378821185829,0.9300668284196518,0.9665480300996039,0.9575094353013822,0.9300668284196516,0.9288957400617388,0.9220855717829912,0.9388267942128119,0.7993052872604913,0.9220855717829912,0.9277359074596556,0.9575094353013822,0.9674484241224515,0.9220855717829912,0.9648659912110238,0.9361160018916066,0.9542136024350834,0.9302947288966976,0.7768756894075242,0.9288957400617388,0.7265860889701897,0.899108613242037,0.9665480300996039,0.7192246787541408,0.9649840504564586,0.9348776724743586,0.9511016704226434,0.9425720985427191,0.824496195552012,0.7793733011421327,0.9082407355488131,0.9983872930599275,0.9619299081647257,0.8274574043425174,0.9348776724743586,0.9542136024350836,0.9558359621451105,0.9082407355488131,0.9790460413412314,0.9324454498571317,0.932445449857132,0.9478374857144205,0.8879369722234247,0.9592404230051594,0.8823349016943813,0.9312498291554212,0.9097206700803182,0.8440037465855235,0.9300668284196516,0.8627197720675652,0.9412414838519028,0.9288957400617388,0.9526370111116407,0.8680084166658798,0.9579672831419932,0.8133139058407441,0.9478374857144205,0.8922554897110135,0.9592404230051592,0.7931549419907828,0.8842921321245039,0.9361160018916064,0.9481398354780852,0.8147735352468605,0.9868418685480091,0.915294934512644,0.9866401524377002,0.9439253608596803,0.8547546403115025,0.9511016704226434,0.9250380543510541,0.8650546456747357,0.9558359621451105,0.9542136024350836,0.9314897302747827,0.9324454498571313,0.9558359621451105,0.945204588509776,0.9064110103549552,0.8373477570245094,0.785615829542742,0.9496037211238537,0.8435824105613206,0.9386420076357269,0.9092735418441045,0.0,0.9309867468047905,0.782381406202537,0.9592404230051594,0.9388267942128119,0.9373704232137268,0.6127778948795627,0.9629078616894173,0.8931410336709438,0.9610366993022685,0.8617289235276302,0.9592404230051594
p361_K,0.9035246694383536,0.8924511439923637,0.6998953667208341,0.9161985001434476,0.7961555888510777,0.8954927753294004,0.6060030702746277,0.610034258480145,0.33588160949917334,0.7176456466787744,0.8332042054706015,0.7800315783608657,0.8104830829876126,0.7850481623064791,0.914562991380799,0.9851225181999321,0.9613259480801764,0.8099750192678044,0.9658991494762944,0.9289368665380615,0.8226216668654445,0.8556126329150247,0.9230739545616382,0.7807242383061462,0.8252209280961134,0.5136995116745936,0.8457402940353764,0.5512474062112516,0.8896682568954879,0.672530625041335,0.5798285092352111,0.8495661380172146,0.8696886211206438,0.6347399894522209,0.7961555888510778,0.8841024249642826,0.8961222571494829,0.8414786365496392,0.732551403531154,0.8062915690984294,0.7209514311750644,0.9898358295255769,0.9781496244714993,0.6817504676913314,0.9035331210577762,0.5768866417491303,0.8686326671635054,0.4573967136894217,0.8062915690984294,0.6282262581489628,0.8149632135444544,0.5828086065547182,0.5378539927123652,0.864876650314186,0.9892614560243305,0.8260659134387476,0.9632184932851355,0.8591172857456586,0.7333576714735224,0.8500946683680415,0.46564883727228723,0.7119390513145825,0.9065929434188895,0.9376436922449853,0.8787593440855821,0.5164121645284847,0.8736104662007038,0.8959097120538727,0.9796073857202902,0.9216020313541387,0.7816298672347344,0.8062915690984294,0.9531337744920034,0.3262051251301461,0.8591172857456586,0.6850885630215986,0.8291788837418348,0.8332042054706013,0.5764238127749559,0.8954927753294004,0.8699710203937492,0.8924406131378573,0.7955004339598504,0.9549019054944325,0.8591172857456586,0.7715485738634289,0.9084801312614037,0.7405712191626744,0.8928364344091293,0.8545503661181646,0.8591172857456586,0.6998953667208339,0.6857439980993221,0.6345624443734844,0.9997938512439112,0.8695289981058129,0.6939535459036312,0.7048607505695221,0.36937848290589603,0.4154054351674257,0.8026530697414005,0.8686326671635052,0.859117285745659,0.7553801426020383,0.7502668628603081,0.8841024249642824,0.7425574095970391,0.3860128215690436,0.915586093408428,0.39980181724342767,0.6558232732037514,0.9652786001311677,0.5011558156039684,0.8654501200383773,0.8686326671635054,0.5920053644043662,0.9476001313487192,0.7784011175270165,0.8954927753294002,0.4098861172049174,0.9583841473219445,0.8318744033066612,0.8252209280961138,0.983664892841698,0.9549019054944325,0.6532629408565727,0.8638069066950456,0.8710118076125206,0.8545503661181635,0.8881807943883817,0.42657242887772717,0.8686326671635052,0.8736104662007038,0.9368211999004499,0.8457402940353764,0.8158512052135147,0.8837057974508149,0.8736104662007036,0.8736104662007038,0.9093762272332484,0.5532310620690115,0.8896682568954875,0.4470888325488096,0.6598185323836705,0.8562676429499929,0.48311202275041265,0.7943761232644762,0.17940636354351347,0.8538388368985186,0.430397600434441,0.8896682568954877,0.5413557328797227,0.7485901815643405,0.905987135785457,0.9082133906734637,0.5755939495004176,0.726427462923499,0.8222797296408288,0.6833889070857829,0.6987812553114567,0.8049591582927511,0.9020294315021224,0.8174887035560277,0.6537177415081986,0.7148882326744324,0.768241059434382,0.6472382157414338,0.7570668080200509,0.8409905928034589,0.5790822513873539,0.8287649415854688,0.8545503661181644,0.658851525219635,0.7622175356000184,0.6545124879880468,0.7740465810910551,0.9216020313541382,0.9694713117341006,0.9062311665147638,0.7018171275601726,0.8685886679610546,0.6491271007816858,0.9431301319254788,0.9931921107480989,0.9122164995030275,0.5945959592536469,0.39498015755861327,0.9063617427904612,0.8648766503141861,0.8327784007011552,0.883138316738527,0.894422781488096,0.6035373035602909,0.43764434670866326,0.9577436587206225,0.8591172857456586,0.8130395887605835,0.9686577860984555,0.8576030472165805,0.7273967572047839,0.49040505299404735,0.9931921107480989,0.8591172857456586,0.6354608621237201,0.47807142002498115,0.7569142563213483,0.8591172857456586,0.7591887973502751,0.541319344566673,0.44502608097258856,0.5348021046547538,0.736315356541362,0.8545503661181635,0.8591172857456586,0.926340234755234,0.8591172857456586,0.6613415840083878,0.6524075157705331,0.6568150352357476,0.8591172857456586,0.720464939910632,0.8591172857456586,0.6060030702746273,0.6847712367512129,0.7682410594343818,0.6558232732037517,0.868632667163505,0.3842673870418546,0.8797354478006449,0.8976368706054967,0.9064836245262686,0.7962089305552098,0.6453575478052362,0.7748816049396821,0.8736104662007036,0.9195860038224922,0.8921454590401711,0.7486024337275987,0.8395069772308066,0.7861627209114079,0.5005121151758831,0.836399157341423,0.6987812553114567,0.8831383167385274,0.8591172857456586,0.9743301042207981,0.8591172857456586,0.580477245671019,0.7853613704853064,0.9879778359082554,0.970238388176691,0.3977120400459544,0.8130395887605835,0.6728678030669814,0.8252209280961131,0.720213257890685,0.9951086277264103,0.49669134803954473,0.7973996894503207,0.6598185323836705,0.8711448148212504,0.6416407543489955,0.8545503661181646,0.9414438050735925,0.6790284834099312,0.732551403531154,0.6045242023868511,0.8435513036939603,0.8628207941079677,0.6736393849170863,0.6529116502727899,0.9428163151462241,0.6652047607682876,0.8050989945139007,0.593938984646575,0.8841024249642824,0.4137589339001949,0.6728678030669811,0.8674566432772475,0.9796775633377287,0.8841024249642824,0.9985848123316436,0.4200766565816638,0.905484434905427,0.7179145652229306,0.8069065519459737,0.868632667163505,0.7748816049396825,0.41952228312122974,0.8500946683680415,0.8686326671635054,0.9020294315021222,0.45479692341509914,0.8841024249642826,0.46297088258428765,0.5459580022450188,0.6821446118120573,0.8410090189515409,0.8841024249642828,0.859117285745659,0.9013861046986074,0.8500946683680415,0.9428163151462241,0.42323154934669394,0.744238206025859,0.8686326671635052,0.8300652029984736,0.9224355158590879,0.5150943438606634,0.843083844180882,0.6920032988374045,0.7802600914613071,0.7341913460109795,0.6373677450738868,0.6627929023816495,0.8896682568954879,0.5779161173610404,0.8896682568954879,0.9646460924565716,0.7861627209114087,0.7488637057260812,0.9977802754820253,0.8591172857456586,0.6765515156534094,0.955858940084024,0.8099750192678044,0.8841024249642824,0.9414438050735923,0.8545503661181637,0.8591172857456586,0.9933439869570654,0.9658991494762945,0.8954927753294002,0.8697115243040063,0.6068286200530573,0.8174887035560279,0.9428163151462239,0.5201616960431658,0.5255002001854905,0.8770595237952055,0.6225316566012635,0.5875239522182931,0.697209396434469,0.6136550463947887,0.5872536063478224,0.6112079698004331,0.7184489147306217,0.8954927753294004,0.3989821999847959,0.7748816049396818,0.365379883576882,0.8457402940353766,0.8545503661181646,0.9111648384628757,0.7653278293090588,0.41952228312122963,0.4015117671681848,0.4972794445674782,0.8591172857456586,0.3894919399557034,0.8740273360151246,0.7782415422524409,0.8757909533109132,0.9532573045342175,0.5070505200303148,0.8591172857456586,0.8591172857456586,0.8133302885008601,0.8758047424217985,0.624198066323304,0.8591172857456586,0.8896682568954879,0.859117285745659,0.7850481623064791,0.7148882326744324,0.34331450897058857,0.859117285745659,0.788498121206821,0.8556126329150247,0.5347309138537406,0.48174358718895105,0.8591172857456586,0.6704135399054525,0.7682410594343816,0.36920345303363555,0.4825475683367554,0.7884981212068212,0.7779332675601442,0.8686326671635052,0.4037042581260675,0.8591172857456586,0.5324744740571299,0.8099750192678044,0.5981747537724764,0.7942421912915909,0.9930683085127945,0.531662917716833,0.869688621120644,0.8591172857456586,0.881468977965303,0.5096988880268802,0.8591172857456586,0.8770586801954889,0.39434704742124216,0.5619842192217672,0.48767420681750573,0.3825575154358397,0.8591172857456586,0.8455929743482493,0.5552221101046628,0.8787593440855819,0.7936479481077958,0.6796151661196064,0.8756616879684627,0.5225296788813036,0.7295526973584177,0.8686326671635054,0.9593770975263437,0.39484038735686877,0.8467627026932134,0.30731804192387446,0.7446110877435312,0.6412761529803563,0.9230739545616382,0.8736104662007036,0.8099750192678041,0.8591172857456586,0.9216020313541384,0.727059154473203,0.5750506246010618,0.8160028796418128,0.8221273223112762,0.8500946683680417,0.5765480452401688,0.8961222571494831,0.8500946683680417,0.8601882758465698,0.859117285745659,0.8373021566360079,0.6807027154653353,0.8635427106500377,0.9658991494762945,0.29954960621239,0.9925259141767913,0.914527400260391,0.999385206430063,0.5629617077411486,0.8820463820882143,0.9289368665380615,0.7966524823893661,0.7574630226822725,0.8549442225201116,0.8137063353191496,0.8556126329150249,0.7301312695908244,0.9643835111434078,0.8170514910545468,0.973759069089972,0.8777960325103511,0.8674566432772473,0.6831448508826554,0.9951086277264105,0.5798285092352111,0.5844538150406997,0.4880844969439182,0.755085166645622,0.8457402940353762,0.5707044846160589,0.7654099073127945,0.6903504863456466,0.8674566432772475,0.8976368706054969,0.49408955520639863,0.9779073018976213,0.6033494313285095,0.9174245829984675,0.8261685998760953,0.5759059587456389,0.8686326671635052,0.8158512052135147,0.5758926537769449,0.7923970497529256,0.9359524887975612,0.7409015111371606,0.7102107570168057,0.5420880049271402,0.9506780844219123,0.8094841827285857,0.8457402940353764,0.8457402940353769,0.9428163151462239,0.7409015111371606,0.7919815607102552,0.5439593290350124,0.7584589334404308,0.8545503661181639,0.8545503661181637,0.6179533500887862,0.9716259510577383,0.8457402940353766,0.6441839772905011,0.8591172857456586,0.914718714253747,0.8591172857456586,0.8591172857456586,0.4704593653074307,0.9497406256576538,0.7959665479971141,0.8591172857456586,0.3970750441172237,0.2735079897101431,0.9281866733530676,0.7531394686482444,0.6867058216096482,0.5566501495808014,0.9193968278489297,0.8963717468217864,0.3619918681812122,0.7071616103142797,0.9301544525912131,0.8787593440855814,0.5821486735621728,0.6611622496670724,0.49597209237436446,0.7919815607102552,0.9825285594046644,0.7645751990081133,0.83323146710155,0.8787593440855817,0.7118718644185869,0.8686326671635054,0.7785730132132771,0.8007486278335101,0.9364924822911953,0.8467627026932134,0.5780957151618202,0.8106382609539879,0.4467221133704281,0.7971181219208044,0.9702259786459253,0.8307964537889383,0.934913880434594,0.863806906695046,0.9232502230992659,0.46050870343923866,0.6414026970287043,0.873610466200704,0.7074052029469919,0.8363991573414236,0.6976855867139373,0.6939535459036312,0.8545503661181635,0.4364218089173094,0.7955004339598502,0.9368211999004499,0.48868571808360106,0.34287778418729153,0.9373877759472509,0.4548172702364204,0.829178883741835,0.9329288233336374,0.7535334862586914,0.8591172857456586,0.8736104662007036,0.6337336527996585,0.9844726040741183,0.735519626680821,0.9064836245262684,0.8534975373059239,0.7955004339598504,0.531662917716833,0.8213256187370719,0.3738916344175893,0.8896682568954877,0.4544508396438558,0.9779073018976213,0.7419363577886204,0.8500946683680417,0.9543185748336593,0.7468134265310764,0.826168599876095,0.8424726734166375,0.7144210504395097,0.5867747859919662,0.47469393582536057,0.7726936145181759,0.7959665479971141,0.5438505999882302,0.6150821325193094,0.916358828907284,0.9682054761806349,0.8770595237952055,0.8776702896694571,0.5529666235665982,0.7711472987162867,0.7423678426739577,0.8850018707449117,0.5559925333626772,0.5589851621230284,0.9781496244714993,0.8353067433303872,0.8975899824661729,0.8757909533109132,0.7682410594343818,0.9119352528967859,0.9063617427904612,0.81441691535506,0.9674246891075196,0.7896275290564253,0.8332042054706008,0.9763563846251535,0.8736104662007036,0.8954927753294004,0.8591172857456586,0.7823345908542425,0.6267346221622918,0.6508172918223232,0.7782415422524409,0.8591172857456586,0.46781121269116877,0.5269258541519903,0.8441833153094679,0.7850481623064793,0.7332164371859542,0.6998953667208341,0.7267720370393022,0.8668958482283436,0.8221273223112766,0.8151356544570689,0.4216193736786613,0.731165443948091,0.8787593440855817,0.7301312695908244,0.9632184932851355,0.9020294315021224,0.7649577557899119,0.8954927753294002,0.9010269583393468,0.8797354478006452,0.8954927753294002,0.8373021566360082,0.9665429756228252,0.8904561153277737,0.6334961179282853,0.6957526500120825,0.9658991494762945,0.8588332480153076,0.7214473803139422,0.5395958662086389,0.4367895606503117,0.8545503661181646,0.908213390673464,0.8457402940353766,0.8545503661181646,0.8545503661181646,0.9224762063417068,0.8591172857456586,0.836399157341423,0.9138397782119128,0.8591172857456586,0.8174887035560274,0.6969209805833876,0.928399543086439,0.8686326671635054,0.9506780844219125,0.9423009905783313,0.8545503661181646,0.569502964642044,0.514227834729049,0.6444956181839543,0.5420429498761439,0.8591172857456586,0.7425574095970391,0.8686326671635052,0.8174887035560279,0.465948101673633,0.7457021111721931,0.8841024249642826,0.863806906695046,0.7600703063111538,0.9893975174392511,0.8252209280961138,0.8591172857456588,0.9901988678653544,0.7816298672347344,0.81441691535506,0.6088887135716601,0.887172346222538,0.8841024249642826,0.8062915690984296,0.8686326671635054,0.7425574095970391,0.37963967992176406,0.8591172857456586,0.9217949449098886,0.6733403472031592,0.7569142563213483,0.5782971689858378,0.8457402940353764,0.8332042054706015,0.4332241661528744,0.8500946683680417,0.5549433714234187,0.34589494739075055,0.8591172857456586,0.8591172857456586,0.9555851847506085,0.7277661109309104,0.8409582544114653,0.7061718988746423,0.27654897968779024,0.5288044123822417,0.6414026970287043,0.4181774365388412,0.8382635647135586,0.42459937257582514,0.8591172857456586,0.9604849829983486,0.8736104662007036,0.732551403531154,0.5316629177168328,0.8841024249642824,0.48782111621277946,0.8591172857456586,0.8591172857456586,0.45743973954200545,0.859117285745659,0.4344674219835174,0.829178883741835,0.6033944412452705,0.7209514311750642,0.8913387521486209,0.8473552501325188,0.43073351839531315,0.6879434760312768,0.8591172857456586,0.7649577557899117,0.3650684805963903,0.8638069066950456,0.959101637743994,0.98620272471592,0.8630710271645624,0.948157154964077,0.7715485738634289,0.7807242383061462,0.6989699105448635,0.8591172857456586,0.423572140539492,0.9591848568689005,0.4303372129677465,0.7569964888030931,0.6267346221622918,0.9421018939385688,0.719360150435097,0.5945959592536467,0.941443805073592,0.6694789153126334,0.35474965040894746,0.9613259480801764,0.8896682568954877,0.9307927723800892,0.9967891324300245,0.47930891876682036,0.8149632135444544,0.8850018707449119,0.48510469568939674,0.986631336982482,0.8057649851807005,0.9111648384628757,0.9781496244714993,0.8057649851807005,0.9805219509574512,0.9391935263864015,0.7301312695908242,0.987110813266634,0.4040864885898712,0.8901720775974222,0.9289368665380613,0.8556126329150244,0.8800498753530788,0.5768315337319285,0.8696886211206443,0.7495800737341177,0.943130131925479,0.6485688677843916,0.6514628364883972,0.5055896660689132,0.9574212395731121,0.5487374545657362,0.6036040587631597,0.8591172857456586,0.6998953667208339,0.9215109071795371,0.7206338599228885,0.7176456466787744,0.9161641413423494,0.5828960197893307,0.7485901815643405,0.8591172857456586,0.5504410641096675,0.4750928317841612,0.8577196882560423,0.36951183276343524,0.43748171416939863,0.36988982638483003,0.8736104662007036,0.45654460380594397,0.9599146679275934,0.8860415121421561,0.45145351245301446,0.8213256187370719,0.5793129661597733,0.8954927753294004,0.8213256187370719,0.859117285745659,0.735842806181304,0.8300652029984739,0.36738940393353003,0.974330104220798,0.4746939358253608,0.7961555888510776,0.8545503661181646,0.4225468191456748,0.6301368192894987,0.7118718644185866,0.4767528224475137,0.4309383250169305,0.8591172857456586,0.42818558685074937,0.6209117564712772,0.7850481623064791,0.8591172857456586,0.39046630917521474,0.869688621120644,0.8841024249642824,0.9739481224739215,0.8545503661181646,0.5739177664401676,0.8760167272411667,0.7148882326744321,0.9899558193201716,0.9382726927370617,0.8721997866493552,0.49488709015201837,0.8591172857456586,0.8548860051144509,0.8591172857456586,0.7784011175270165,0.62215282279603,0.3279662954506132,0.732551403531154,0.8409905928034589,0.7090557272217561,0.4941224291839774,0.7850481623064791,0.8591172857456586,0.805692708054647,0.3231969281994307,0.7025408063639009,0.7919815607102554,0.7649577557899128,0.9428163151462239,0.7919815607102536,0.8793997825856732,0.7682410594343814,0.4476542526610159,0.5254555939012153,0.7682410594343814,0.7850481623064793,0.8736104662007036,0.6987812553114576,0.7682410594343814,0.732551403531154,0.9967891324300245,0.9099856401238943,0.6821446118120567,0.8545503661181635,0.9679603415743416,0.8174887035560279,0.4731774023496831,0.7649577557899125,0.7971181219208043,0.45073271745841803,0.5755939495004163,0.7800315783608653,0.8271823770066998,0.8389463571969208,0.7850481623064796,0.7453881096100197,0.46392002514737396,0.9675808184045934,0.7457021111721933,0.8776124707985629,0.7807242383061463,0.9020294315021227,0.6314274157382125,0.9975225343911603,0.7395336220522102,0.7990568456988287,0.5483526985819573,0.9428163151462241,0.8787593440855819,0.8076841934752164,0.4994021039642219,0.8902083445750613,0.7280880047886464,0.8144169153550598,0.767819820045555,0.9029788216447512,0.5694378261253327,0.8591172857456588,0.4487560991029954,0.7579902089015182,0.878414061769339,0.4028231227539002,0.7574959578898093,0.8787593440855819,0.8592213771694104,0.814910686371686,0.5378539927123652,0.9324295345689764,0.8409905928034589,0.9918167575124655,0.8161640833153638,0.6827774997866061,0.8332042054706015,0.7116714622766755,0.9154533753716585,0.9122301243132046,0.5206033542102526,0.8686326671635052,0.8961222571494831,0.27774043558685557,0.4857583793152839,0.9354261958407399,0.9868381795985353,0.3482173742107896,0.5578461240754367,0.8797354478006449,0.8500946683680415,0.3145188094757865,0.8674566432772475,0.7301312695908246,0.9309867468047905,0.0,0.8174887035560277,0.8787593440855819,0.2916294108894605,0.9610497116856047,0.9284376076039198,0.756914256321348,0.5525697872155133,0.7784011175270165,0.5110429271024797,0.8787593440855817
p361_T,0.7793238828701625,0.7535144448794141,0.7372238885993296,0.99084282274228,0.9341976401680094,0.5654862883614817,0.82348400324407,0.8261099395010407,0.8753928891101745,0.9484671409187437,0.4918428095366605,0.9320645602494204,0.9320645602494204,0.7717325331780389,0.8864629644044788,0.8515386735783614,0.9754970377701453,0.9273376672788163,0.9458674971126175,0.5922958033455992,0.8542911987973543,0.5939999543203038,0.7859731357528768,0.9903766507571459,0.6053029250357179,0.9112446674143926,0.9762262925984149,0.9262039440654459,0.6579010970221213,0.9991179143792435,0.9028404281797042,0.9987774230311344,0.9730889887268284,0.8948535190071929,0.9341976401680094,0.9458674971126175,0.3617599053002096,0.8383915460579375,0.9511876099263497,0.8918850562014599,0.8696642492046922,0.9129874603663681,0.9511876099263499,0.8871829502996267,0.9279496229669748,0.8831355897297659,0.44760950280845857,0.8710878802609618,0.6535762011693864,0.8598295527538451,0.9409669977890662,0.878691103383949,0.9112446674143926,0.9240084059312026,0.9259591224230195,0.9078247903914518,0.907824790391452,0.9341976401680094,0.9335871057810121,0.42625309831269853,0.8782944901168632,0.8748602561896521,0.9112446674143935,0.8696642492046922,0.9433718940682516,0.9347085319854722,0.9409669977890662,0.8628824041273822,0.893855060098088,0.8035330839262139,0.8495144407618886,0.9095242312718106,0.9341976401680094,0.7754786512031118,0.9341976401680094,0.7837612012897899,0.9202142532643907,0.9220943680125893,0.9051142547005,0.8416726321970072,0.922094368012589,0.8348045397225721,0.9804835086069066,0.911244667414393,0.9341976401680094,0.7932229991952812,0.9472987124405255,0.7923026475436277,0.8167368209660885,0.9320645602494202,0.9341976401680094,0.7947876826917335,0.9847287092299237,0.8120186809265804,0.9044839950643897,0.8710878802609617,0.8017315583434853,0.8084387788384795,0.7897039992671337,0.7651933449849071,0.8965983225545133,0.726586088970191,0.986554806284329,0.9597487762607861,0.8033725658752577,0.3649841007441661,0.41862697692345063,0.7374318361452195,0.9183656033219387,0.7783744674933408,0.7886573881038308,0.7998215790479835,0.7500321881506018,0.5654259289114577,0.3360188683437645,0.7417579586053713,0.8917189373891502,0.9458674971126175,0.9797658041147692,0.8410264752131609,0.8871829502996265,0.8705161960734357,0.9183656033219387,0.8347834320678187,0.8869832509521192,0.7056931757653555,0.3617599053002096,0.9962766559418282,0.7118123313748043,0.8902183677316944,0.8351667251716828,0.9386420076357269,0.9409669977890662,0.9511876099263499,0.927949622966975,0.9356479353308964,0.8702830404599116,0.9987774230311344,0.42311832454818266,0.9299834289466344,0.91273969317592,0.3954799223160358,0.7725645540758679,0.9382897017170406,0.8927562844295212,0.8841862845276727,0.9481114780292803,0.7954151283114468,0.9095242312718106,0.9796629666381876,0.948467140918744,0.878294490116863,0.6174314405233448,0.846059419300085,0.8856017264847291,0.9095242312718108,0.8719083572005898,0.922433446216693,0.9121781670177476,0.9538997351778964,0.9317395590718951,0.994437324868074,0.8765447667087014,0.7664404416746766,0.8059992810331444,0.970439943744128,0.8202156726197056,0.6174691286098564,0.9044839950643897,0.871804870043356,0.7717325331780398,0.5083134123029323,0.907824790391452,0.8670992417859471,0.8695783984998033,0.9224423342309347,0.6782333744456275,0.8584628261955793,0.9253856923133561,0.9647060453491338,0.8856800188460068,0.8839392516754714,0.9748290773761271,0.9320645602494204,0.8424726734166377,0.5744019875831201,0.8410264752131609,0.8725169952519656,0.9240084059312026,0.9138411088140403,0.9299834289466347,0.875392889110175,0.629958887850929,0.7276605967200775,0.9415355007468762,0.9341976401680094,0.9363880304285925,0.9299834289466349,0.8710878802609616,0.6706091704050203,0.8598295527538453,0.9320645602494204,0.9341976401680094,0.7057766184987871,0.7501741687694419,0.948467140918744,0.9341976401680094,0.8780766889292516,0.8902183677316946,0.9647060453491338,0.9388772042010801,0.9395570123632412,0.9320645602494204,0.9341976401680094,0.8381354443488452,0.9341976401680094,0.9471101895676202,0.9336037847402276,0.9756323461558549,0.9341976401680094,0.8528139297820674,0.9341976401680094,0.8971847062720443,0.975430871580292,0.7292756819664667,0.7886573881038301,0.9386420076357269,0.7260484810988637,0.9299834289466344,0.6159841925835989,0.964376598029419,0.9003619726780909,0.7534848460435706,0.9642416825773448,0.9409669977890662,0.869664249204692,0.8584403005100092,0.9356707151118056,0.9858026338134493,0.7007266197263647,0.8902183677316946,0.927949622966975,0.7871326569689746,0.9299834289466349,0.9341976401680094,0.9048113045350052,0.9341976401680094,0.9963531233162521,0.9734299614209916,0.9409669977890662,0.9446884865801572,0.7260484810988637,0.9363880304285923,0.8886955627708657,0.5186972029189278,0.8491470288743332,0.9877421208411417,0.8202156726197056,0.9386420076357269,0.852747549109971,0.8599286707771703,0.7982076797417141,0.9320645602494202,0.9433718940682516,0.9649175094760598,0.9511876099263497,0.9015671522379931,0.9574900679095588,0.9129874603663681,0.8584628261955796,0.8181399754404562,0.9409669977890665,0.8280150438185903,0.9011957637053736,0.9819491939490458,0.3649841007441661,0.8016923477411808,0.90887713655417,0.9147540983606557,0.9437520559602289,0.3649841007441661,0.8078984963029707,0.7820776041945838,0.9965514935490281,0.9819923880936651,0.8812876779601597,0.9386420076357269,0.8948535190071927,0.7500321881506018,0.5252936325804933,0.9386420076357269,0.9386420076357269,0.6959475392436398,0.7408832291859209,0.9876412541215134,0.8120186809265801,0.7871326569689748,0.9617015294405553,0.9914826481470901,0.9610880275993516,0.949242373777156,0.6738544339821881,0.9987774230311344,0.7890915444598166,0.8981981738963489,0.9497673578995789,0.9889605162825021,0.891751906668637,0.7582850143029651,0.8827012888689016,0.8778108787653007,0.9002622727577275,0.7282274248566503,0.7869611549883211,0.8238344375272357,0.9484671409187437,0.875392889110175,0.7891116843751665,0.7176582853502851,0.9243062854435229,0.9476274985418003,0.9944373248680742,0.9341976401680094,0.940966997789066,0.9100322320041924,0.9515990837410908,0.3649841007441661,0.9433718940682516,0.864436520678708,0.9341976401680094,0.6053029250357178,0.9458674971126175,0.9511876099263499,0.6571122133366307,0.7663490925761944,0.8765447667087006,0.9409669977890662,0.8076052990030278,0.731950047302023,0.9084229524444828,0.9259591224230199,0.8722312804688888,0.9386420076357269,0.9300797186110585,0.7645127736289719,0.9240084059312026,0.916950677537365,0.9511876099263499,0.7188061284735321,0.7176582853502845,0.7348703036049682,0.5410070110871862,0.9320645602494202,0.9216516168774788,0.990511238752463,0.7500321881506018,0.7515760058401828,0.6599471667754804,0.9341976401680094,0.8106471563404554,0.8932967537832142,0.9966622748365281,0.4100804750578865,0.985927565404734,0.7995996720587011,0.9341976401680094,0.9341976401680094,0.9095242312718106,0.8753928891101748,0.8327357183954327,0.9341976401680094,0.7891116843751665,0.9341976401680094,0.9543244411482399,0.8059992810331444,0.8852556010656272,0.9087308614830324,0.9012134114028683,0.8589740229104694,0.8187396196955846,0.8388749744574961,0.9341976401680094,0.7456526623371611,0.8326317941568929,0.7106653526850932,0.7590699893530759,0.46997195733462116,0.9875549787054969,0.9386420076357269,0.7358234924027576,0.9341976401680094,0.6753380136119957,0.9919535000677886,0.8577196882560421,0.8966122270595576,0.9363880304285925,0.8677195137462376,0.6498720808427025,0.9341976401680094,0.8654234385275947,0.7923026475436274,0.9341976401680094,0.9878193007272769,0.9146737187626446,0.8461643043160512,0.6666644471506968,0.7437893388895367,0.9341976401680094,0.8489267031830842,0.9618702432415294,0.9433718940682516,0.7763495185804199,0.8040952978790998,0.9116474872122646,0.8812245968305712,0.954040497905644,0.3360188683437645,0.9281505333988456,0.8529137105219888,0.8284703715451975,0.8337999729316519,0.8473495133600357,0.8293852280236549,0.916546213700882,0.30749747406404604,0.9112446674143935,0.9341976401680094,0.9458674971126175,0.9743738807581964,0.8033887015349686,0.9220943680125893,0.5542474244817741,0.9795036960805317,0.9671571449306513,0.9016461085857467,0.9299834289466347,0.9671761235857239,0.9865548062843288,0.9240084059312026,0.7523733371240385,0.844663986198431,0.9458674971126175,0.8009889531223418,0.9859275654047339,0.9838552657289735,0.7009786641682376,0.9409205184399867,0.9202142532643907,0.948467140918744,0.8748907390701837,0.9262039440654459,0.9749571409386522,0.9129874603663681,0.9202142532643911,0.7248757685433895,0.8381767234348841,0.9300797186110583,0.8998328740391308,0.7588915478400953,0.9564943253467844,0.8696642492046924,0.9220943680125893,0.9028404281797042,0.8743877471202746,0.7053726457220171,0.8722928725166916,0.9754970377701453,0.8049549632214132,0.6266557376088158,0.8996020324755996,0.9564943253467841,0.9165462137008822,0.6622055302129435,0.9220943680125895,0.8986295142029526,0.9564943253467841,0.6666387020145346,0.6812247953600248,0.6707907717378434,0.7995996720587011,0.768515005635253,0.9281278923411589,0.9300014988735692,0.9914826481470903,0.7645127736289715,0.9173933468462485,0.9433718940682516,0.9704399437441277,0.9279496229669748,0.7823903592443862,0.9987774230311344,0.9458674971126175,0.684854209352118,0.6459661731292861,0.8871829502996262,0.45743868253496434,0.9320645602494204,0.7942278940301719,0.9435391793962782,0.927949622966975,0.8005068618167241,0.9341976401680094,0.3957853697218289,0.9341976401680094,0.9341976401680094,0.7651933449849071,0.9165462137008822,0.8233368841618818,0.9341976401680094,0.7531133294096689,0.7897927313248179,0.924306285443523,0.871885935443079,0.854529440567229,0.7973308992532122,0.9379783610955623,0.8739518939582047,0.7926104337466326,0.9259591224230199,0.8529137105219887,0.9433718940682516,0.8932967537832142,0.802255455516989,0.8133884845703083,0.6848542093521193,0.9259591224230197,0.9299834289466347,0.7619326522517731,0.6360918192527052,0.7210302843748402,0.3360188683437645,0.7946036952590965,0.9202142532643909,0.9129874603663681,0.916546213700882,0.8037598156566621,0.5809392452044759,0.8782944901168632,0.9165462137008822,0.8964228513787129,0.9386420076357269,0.9202142532643913,0.9363880304285925,0.571498302095898,0.8147566802167694,0.9695311240154443,0.9409669977890662,0.8644048898104935,0.9279496229669753,0.8590389768693912,0.5742554606370511,0.8644365206787079,0.7106653526850932,0.9044839950643897,0.9107192181558881,0.6837840604800469,0.8009889531223418,0.8739518939582047,0.6652291305648672,0.9472987124405255,0.8797557950282511,0.8747838948742703,0.9341976401680094,0.30749747406404604,0.9606559814622548,0.9865548062843288,0.9711250868958106,0.9202142532643907,0.9299834289466349,0.6395189236805086,0.7273084791658129,0.9559620789221579,0.7469245461158658,0.948467140918744,0.7037706485087066,0.9671761235857237,0.8270171939535949,0.9299834289466347,0.8383915460579374,0.8389093273091623,0.9734299614209916,0.8765447667087012,0.812318639371072,0.8446939652900309,0.7209612607824565,0.8229385262714315,0.9653059182149235,0.7812528998027031,0.6012982393218931,0.9028404281797042,0.7235063906986445,0.9183656033219387,0.9363880304285923,0.7341283302556831,0.9048113045350052,0.8612222667022584,0.9320645602494202,0.6998862132329713,0.7291936947931357,0.9511876099263499,0.843329924573051,0.9497673578995787,0.9281278923411589,0.5570154949824224,0.9540147404500323,0.9337606448479006,0.3475134582417909,0.9183656033219387,0.8682458143938525,0.922094368012589,0.9320645602494204,0.3653078993061143,0.7726260462381249,0.9341976401680094,0.9300797186110581,0.9532159777015246,0.9999313275242171,0.7828325272670115,0.9341976401680094,0.8487952199924147,0.949474340936239,0.878294490116863,0.8996020324755993,0.7202448196689222,0.7947876826917333,0.8460594193000848,0.9925263691757236,0.9011379475927439,0.9415355007468762,0.8065211384922877,0.9442576274902053,0.3957853697218289,0.4162816627753838,0.907824790391452,0.9497673578995786,0.8370782905736789,0.9107192181558882,0.9061450951233827,0.9795036960805319,0.9107192181558881,0.9240084059312026,0.9469401678022586,0.6993021970177546,0.8432045372944467,0.7904494154628433,0.9458674971126177,0.9341976401680094,0.9643765980294188,0.722448794353821,0.7664404416746766,0.9320645602494202,0.9409669977890665,0.9762262925984151,0.9320645602494202,0.9320645602494202,0.8948535190071926,0.9341976401680094,0.927949622966975,0.9754308715802918,0.9341976401680094,0.9600252206809586,0.8555019428893371,0.9458674971126175,0.3360188683437645,0.9433718940682516,0.9363880304285925,0.9320645602494202,0.6998862132329708,0.8161233816474045,0.9165462137008822,0.7940143529543535,0.9341976401680094,0.8332189753156267,0.7823814062025368,0.9147540983606557,0.7551288759229258,0.7005343558387798,0.9914826481470901,0.6317030069429781,0.918365603321939,0.9924821208671799,0.9950286745612719,0.4898735325524808,0.8902183677316946,0.8495144407618889,0.9778050395375548,0.9002622727577274,0.9877421208411417,0.9914826481470903,0.8918850562014599,0.3918141855761116,0.8970023596836538,0.8193098328029469,0.9341976401680094,0.8040165292503934,0.7422118601404935,0.948467140918744,0.9260196338290883,0.4444536718243062,0.9220943680125893,0.8188914049071838,0.9795036960805317,0.7968803099089441,0.7434578109999848,0.9341976401680094,0.9341976401680094,0.8886955627708657,0.7507103182625503,0.7865945896969907,0.9562964735356454,0.8477364707151376,0.9873364321836368,0.660315149106144,0.7632421686937121,0.9950420205336963,0.8033887015349683,0.9341976401680094,0.9014795552136836,0.30749747406404604,0.9511876099263497,0.9379250310364492,0.3649841007441661,0.7812528998027031,0.9341976401680094,0.9341976401680094,0.7296068308681294,0.8563736953667129,0.8524072925418613,0.5939999543203041,0.9618263766114721,0.9903387485424457,0.9446884865801572,0.7984808776164867,0.78553989268708,0.9008291897984079,0.9341976401680094,0.8711662082855068,0.7637034372366571,0.4697371459573171,0.9458674971126175,0.8529137105219888,0.7970814524737739,0.9824794635567504,0.8628852763111717,0.9363880304285925,0.7827677786742127,0.9341976401680094,0.7754786512031118,0.6887295835214464,0.8696642492046922,0.5615276396033282,0.902192875952611,0.9240084059312026,0.8768403073232187,0.623598056069234,0.9433718940682516,0.8297340049818105,0.8215775544475028,0.9279496229669748,0.9203222717282119,0.9361204140696398,0.911244667414393,0.7576876202204141,0.9987774230311344,0.9320645602494202,0.8683926516345655,0.9078247903914518,0.9243062854435229,0.9937887929930684,0.9511876099263499,0.9052541259973351,0.9511876099263499,0.9511876099263499,0.6631569473897871,0.9320611426402994,0.894962458320278,0.9341976401680094,0.9203222717282118,0.5939999543203038,0.9202142532643907,0.6311751464458412,0.9259591224230199,0.9320645602494204,0.9469401678022586,0.8626186644435849,0.9363880304285928,0.9920583294055754,0.8932967537832144,0.7711003670094543,0.7422110584707764,0.9341976401680094,0.7947876826917333,0.9341976401680094,0.7501741687694419,0.9484671409187437,0.9129874603663684,0.9147540983606555,0.8154071187516387,0.9341976401680094,0.7469245461158658,0.6610746927254134,0.9147540983606557,0.7484817456541228,0.7754786512031118,0.7576876202204142,0.3653078993061143,0.8389093273091619,0.8634427373462422,0.7484817456541228,0.7352352970522484,0.8709676073375177,0.6523097685756015,0.9107192181558881,0.828470371545197,0.7516593631340741,0.8022782310786878,0.9095242312718104,0.7912032625956171,0.904811304535005,0.6753617432899824,0.9341976401680094,0.9320645602494202,0.8193098328029467,0.9534202059661369,0.6619522447894739,0.7331254296694354,0.7018350795419881,0.9341976401680094,0.7260027086843999,0.847806710783872,0.8447692963661197,0.9341976401680094,0.7926104337466326,0.8855214123617461,0.3649841007441661,0.9590434494932021,0.9320645602494202,0.933590086554745,0.9112446674143933,0.7762566974398002,0.7401368129112846,0.881224596830571,0.9559620789221579,0.648198322690378,0.9341976401680094,0.944688486580157,0.9341976401680094,0.9458674971126173,0.9339996046008175,0.8501659032843123,0.9511876099263497,0.9044839950643897,0.9390952221185063,0.8768403073232187,0.6986957699899576,0.9341976401680094,0.7826858746487121,0.7681571428892384,0.70572940865887,0.9028404281797042,0.9243062854435231,0.9409669977890665,0.9028404281797042,0.9012134114028683,0.891751906668637,0.861222266702258,0.6792767735599078,0.891751906668637,0.8996020324755996,0.9409669977890665,0.7593381439341544,0.891751906668637,0.9511876099263497,0.9112446674143933,0.9363880304285925,0.5925710657252323,0.864436520678708,0.9012134114028683,0.7930643127364434,0.8598295527538453,0.7007266197263642,0.9590434494932021,0.8886955627708659,0.9095242312718104,0.9320645602494204,0.9202142532643911,0.7561690095320774,0.44306709883167805,0.933760644847901,0.7841148356942864,0.9187568665400381,0.9257410736322063,0.931603198706806,0.9363880304285925,0.44760950280845857,0.8725169952519656,0.9792166697491576,0.6698775988520975,0.9832318780369318,0.8710878802609616,0.42311832454818277,0.33570875733910865,0.8628692447963209,0.9044839950643899,0.9294452955660457,0.9673786919850061,0.6098895979942691,0.8092737986295462,0.9616684643803335,0.9508302047706587,0.4375163664361613,0.9065410795186519,0.9702574050812467,0.6786025909698654,0.8710878802609616,0.8537827351508525,0.9433718940682516,0.9290154829734791,0.8392447154194036,0.9112446674143926,0.9754970377701454,0.48751989659547446,0.9493240017886775,0.8338083271305465,0.9364299088386885,0.5820063206829293,0.7982076797417141,0.9661859802146439,0.9862087947905172,0.9774654450934861,0.9386420076357269,0.4697371459573171,0.8529137105219888,0.9061450951233825,0.9386420076357269,0.8682458143938523,0.8735931051860002,0.9132263160431708,0.871935502517777,0.5252936325804938,0.8295769929611474,0.7513240857503155,0.8739518939582047,0.782381406202537,0.8174887035560277,0.0,0.3957853697218289,0.8612222667022582,0.9639306993826396,0.631703006942978,0.9484671409187437,0.8793331866131817,0.9458674971126175,0.8571708631032455,0.3957853697218289
p362_L,0.855904335445099,0.9495194495442565,0.6374311025589524,0.9333065093925881,0.9562880686171875,0.9675743567407267,0.8853191543053327,0.8569971282280214,0.9172245874626141,0.9657671730030437,0.33800529464407636,0.9548710823073732,0.9548710823073732,0.9333065093925881,0.9230659630317124,0.9013784409842847,0.9521375655065456,0.9410406098239263,0.9640402523885963,0.9657671730030437,0.9032069193824652,0.3538106028060497,0.9445623805946022,0.9577431256853026,0.36864622684561166,0.9410406098239261,0.9521375655065456,0.9280917395652364,0.9657671730030437,0.8389581781771545,0.9354577472990955,0.9560086947472868,0.9508152934266847,0.9301521134798676,0.9562880686171875,0.9640402523885963,0.1874942110935155,0.9508152934266847,0.9675743567407267,0.9398977391608507,0.9134191021410445,0.9987511985291291,0.9675743567407267,0.9250566218612029,0.9521375655065456,0.8687198626112254,0.1573927922435595,0.9581074754130985,0.43127372142724874,0.9068859994145182,0.9607848936032957,0.8705572812086977,0.9410406098239261,0.9495194495442565,0.9813507987576178,0.9387688154666092,0.9387688154666092,0.9562880686171873,0.8075404270671709,0.2624929266331485,0.9191520956010533,0.8546882169814704,0.9410406098239261,0.9568407342490963,0.9623824451410659,0.8489166250019229,0.9607848936032957,0.9116538466243314,0.8424394300035335,0.9640402523885963,0.9322459088752486,0.939897739160851,0.9562880686171875,0.8508524342038153,0.9562880686171873,0.6552263977579346,0.9469990271543745,0.9482479709168004,0.7526072663729988,0.9675743567407267,0.9482479709168004,0.9433718940682516,0.9365495543873188,0.9410406098239263,0.9562880686171873,0.9291179679746997,0.9469990271543745,0.8645404905882983,0.6297583081743698,0.9548710823073729,0.9562880686171873,0.9483117174169302,0.8546882169814705,0.8751256559556833,0.9365495543873186,0.9143648077845042,0.9459681478708941,0.6922664431881904,0.8781476038290186,0.8440199953549761,0.995067487912588,0.9592404230051592,0.9562880686171875,0.8778523726982708,0.6994622780865298,0.04407004266351722,0.5749591436932455,0.8580859220024462,0.9919033068160935,0.852776099605769,0.8932116722416497,0.9421983319196943,0.866664656633432,0.5639557158967426,0.1573927922435595,0.8135211337092481,0.9495194495442565,0.9457879562525049,0.9675743567407267,0.8778523726982708,0.9731307655897723,0.9013784409842851,0.9457709851868581,0.9354577472990953,0.9410406098239261,0.8219587423920875,0.1874942110935155,0.9167714410425667,0.9548710823073732,0.9761356843815903,0.9282564559285416,0.9592404230051592,0.9607848936032957,0.9675743567407267,0.9521375655065456,0.9015174087358588,0.8959254409068564,0.9607848936032957,0.12394457825310956,0.9534886050081051,0.7762402277161404,0.0899773489975646,0.8822556897514986,0.8896003271096578,0.9032069193824652,0.9230659630317124,0.9078111670939808,0.8640960613563904,0.939897739160851,0.8190873193696528,0.9657671730030437,0.9191520956010533,0.7321637323361279,0.8977386203509139,0.9607848936032957,0.939897739160851,0.9096689964166691,0.9746202948705041,0.7300334708344974,0.9013784409842851,0.8666646566334323,0.9592404230051592,0.9433718940682516,0.8298015015479601,0.6175693860257454,0.9776784774900422,0.8805708457535915,0.6089429446703849,0.9912425166211665,0.8668758171222237,0.9333065093925881,0.23966622495314926,0.9387688154666092,0.8640960613563904,0.7363426026476418,0.9336294085971082,0.964040252388596,0.8886981112672734,0.9311946072310935,0.9022918659842718,0.9240582376582436,0.9448096841109692,0.938768815466609,0.9548710823073732,0.9147187142537467,0.7363426026476417,0.8778523726982708,0.9153141563577833,0.9495194495442565,0.934376934302581,0.9534886050081051,0.9172245874626141,0.7874221798747583,0.8514910516687029,0.9191520956010533,0.9562880686171873,0.9577431256853028,0.9534886050081053,0.9581074754130985,0.7681330752336026,0.9068859994145184,0.9548710823073732,0.9562880686171873,0.7045549113235949,0.8514910516687029,0.9657671730030437,0.9562880686171873,0.856589375931306,0.9270730230791457,0.9022918659842718,0.9126737616573806,0.9181860947060071,0.9548710823073732,0.9562880686171873,0.9116538466243312,0.9562880686171872,0.8006082374759431,0.8612981558461015,0.8924244121716272,0.9562880686171873,0.7212226060676772,0.9562880686171873,0.7796467775134234,0.9201228276565452,0.9280917395652364,0.6859914648058022,0.9592404230051592,0.835424380863864,0.9534886050081051,0.38260971188855086,0.9469990271543747,0.919152095601053,0.8212728377122549,0.9301521134798676,0.9607848936032957,0.9568407342490968,0.9471353582128486,0.9162673470024438,0.9115378627127524,0.5332377025939612,0.9270730230791455,0.9783779352946236,0.9413830194575714,0.9534886050081053,0.9562880686171873,0.9162673470024438,0.9562880686171873,0.8359953467971377,0.9270730230791457,0.9560086947472867,0.9376530086096915,0.835424380863864,0.9577431256853026,0.9260614370793869,0.3686462268456112,0.9078111670939808,0.9482479709168004,0.9167714410425667,0.9592404230051594,0.8896003271096578,0.9271952774457721,0.8659511288161981,0.9548710823073729,0.9623824451410659,0.852776099605769,0.9675743567407267,0.8565893759313061,0.8053129277244082,0.9421983319196943,0.926138075871473,0.9303915684461668,0.9607848936032957,0.869639364082561,0.8168375394702836,0.8030952829801481,0.04407004266351722,0.8863374708388889,0.9260614370793872,0.9433718940682516,0.9153141563577836,0.04407004266351722,0.9075881164980937,0.8400388316300484,0.9623824451410659,0.9124768483179182,0.9333065093925881,0.9592404230051592,0.9301521134798676,0.8666646566334322,0.26249292663314894,0.9592404230051594,0.9592404230051592,0.8155363791473291,0.964040252388596,0.7830070991781048,0.875125655955683,0.6585711958095651,0.8659511288161978,0.9640402523885963,0.9562880686171875,0.9398977391608507,0.9534886050081053,0.9607848936032957,0.8624031815176507,0.912476848317918,0.9592404230051592,0.939897739160851,0.9280917395652364,0.7963197439933528,0.9220794934202008,0.9004665216997632,0.9296170701540485,0.8219587423920875,0.8924244121716267,0.9282564559285416,0.9657671730030435,0.9172245874626141,0.9657671730030437,0.5121370206872325,0.9270730230791457,0.968803565300479,0.9592404230051592,0.9562880686171873,0.9607848936032954,0.9606832254354425,0.9410406098239263,0.04407004266351722,0.9623824451410659,0.9548710823073732,0.9562880686171873,0.3686462268456113,0.964040252388596,0.9675743567407267,0.5581991691876659,0.785894662645575,0.9433718940682516,0.9607848936032957,0.8565893759313061,0.7780488168299087,0.9919033068160935,0.9508152934266847,0.8631655385537389,0.9592404230051594,0.9301521134798676,0.8006082374759429,0.9495194495442565,0.9230659630317124,0.9675743567407267,0.8306248033113863,0.9301521134798674,0.8412846402989773,0.2835329433063227,0.9548710823073729,0.9841593444361112,0.9013784409842851,0.8339485716413388,0.8677220583791989,0.7919266732908357,0.9562880686171873,0.8742145641840271,0.9291179679746995,0.9824887176061119,0.5194258811617958,0.9657671730030435,0.8668758171222237,0.9562880686171873,0.9562880686171873,0.939897739160851,0.9172245874626141,0.9506780844219125,0.9562880686171872,0.9657671730030437,0.9562880686171877,0.9333065093925881,0.617569386025745,0.8514910516687029,0.9562880686171877,0.934376934302581,0.9469990271543745,0.7731633392728432,0.8047985199567371,0.9562880686171873,0.671319616567693,0.9280917395652364,0.8401242645657365,0.8424394300035336,0.4800015406868703,0.8877959618256668,0.9592404230051592,0.8569971282280218,0.9562880686171873,0.8168375394702834,0.9410406098239263,0.6897282138964363,0.8537335648142306,0.9577431256853026,0.774807439901957,0.9508152934266847,0.9562880686171873,0.9106019687464653,0.8645404905882984,0.9562880686171873,0.934376934302581,0.8559043354450993,0.7575964152480583,0.7963197439933528,0.8624031815176507,0.9562880686171873,0.8101067897872718,0.876035604520377,0.9623824451410659,0.740417252441711,0.7963197439933529,0.9201228276565452,0.9210985398310312,0.9106019687464653,0.1573927922435595,0.912476848317918,0.9022918659842718,0.9445623805946022,0.8733022546836291,0.891405318287436,0.6994622780865298,0.9445623805946022,0.12394457825310956,0.9410406098239263,0.9562880686171873,0.9640402523885963,0.9593880781275532,0.8390340081240992,0.9482479709168006,0.4521174331857045,0.9534886050081051,0.859170821160427,0.9577431256853026,0.9534886050081051,0.9482479709168006,0.9562880686171877,0.9495194495442565,0.677345426595241,0.9172245874626141,0.9457879562525049,0.8677987043663948,0.9657671730030437,0.9495194495442565,0.9445623805946022,0.7803315161782107,0.9469990271543747,0.9657671730030437,0.8142265265514226,0.9280917395652364,0.9068859994145182,0.9987511985291291,0.9469990271543747,0.6395738686675694,0.9592404230051594,0.9301521134798676,0.9134191021410443,0.6831595038010521,0.9433718940682516,0.9568407342490963,0.9868659623160063,0.9354577472990955,0.896467838022496,0.8366083656801933,0.918186094706007,0.9521375655065456,0.8400388316300482,0.6411423728095715,0.9333065093925881,0.9433718940682516,0.944562380594602,0.7934030620204684,0.9868659623160062,0.7756167155477309,0.9433718940682516,0.5332377025939613,0.8206906175910373,0.9592404230051592,0.9015174087358588,0.7874221798747584,0.9792503453259271,0.9134191021410443,0.964040252388596,0.7677567325503768,0.9068859994145184,0.9623824451410659,0.9280917395652364,0.9521375655065456,0.9521375655065458,0.9607848936032957,0.964040252388596,0.9354577472990953,0.782798885204002,0.9250566218612029,0.23966622495314915,0.9548710823073732,0.8479439783560871,0.9201228276565452,0.9521375655065456,0.8896003271096578,0.9562880686171873,0.08646812957157735,0.9562880686171873,0.9562880686171873,0.8771157527508111,0.9445623805946017,0.9301521134798674,0.9562880686171873,0.8687764701124437,0.8944470361963834,0.9270730230791456,0.8733022546836291,0.6713196165676931,0.8075404270671708,0.9172245874626141,0.916267347002444,0.896467838022496,0.9508152934266847,0.9022918659842718,0.9623824451410659,0.9291179679746995,0.8412846402989774,0.876035604520377,0.4711120959231433,0.9508152934266847,0.9534886050081053,0.8294083099774059,0.9623824451410659,0.6217281579861218,0.1573927922435595,0.9581074754130987,0.9469990271543745,0.9421983319196943,0.9445623805946022,0.8696393640825613,0.4800015406868704,0.9191520956010535,0.944562380594602,0.9311946072310937,0.9592404230051592,0.9469990271543749,0.9577431256853026,0.5397911272183277,0.8769444849065684,0.8622329273186462,0.9560086947472867,0.8769444849065684,0.9521375655065458,0.8342341678338485,0.6447745739887387,0.9548710823073732,0.8401242645657363,0.936549554387319,0.9675743567407267,0.8075404270671709,0.8677987043663948,0.9162673470024438,0.7776146431362675,0.9469990271543745,0.9201228276565452,0.8986467260787545,0.9562880686171873,0.12394457825310956,0.9280917395652364,0.9562880686171877,0.8805708457535912,0.9894382119329368,0.9534886050081053,0.4618278610403571,0.7748074399019571,0.9445623805946022,0.8645404905882983,0.9398072791970182,0.8206906175910372,0.9482479709168004,0.8850890368124651,0.9534886050081051,0.9508152934266847,0.8469680690265142,0.9761356843815903,0.9433718940682516,0.8007002269432069,0.935814156232111,0.8020156091163937,0.8823796135894801,0.9301521134798674,0.8883704299920678,0.7212226060676772,0.9354577472990953,0.9657671730030437,0.9457709851868581,0.9577431256853026,0.7287883583062165,0.9162673470024438,0.9078111670939808,0.9548710823073729,0.8181301843558837,0.7593994052903227,0.9675743567407267,0.9347189984066655,0.9592404230051592,0.9291179679746997,0.5264541432619002,0.942198331919694,0.9153141563577833,0.4711120959231434,0.9457709851868581,0.9124768483179181,0.9482479709168001,0.9548710823073732,0.12394457825310956,0.9675743567407267,0.9562880686171873,0.9808531012828585,0.8841862845276729,0.8061744934456333,0.9311946072310935,0.9562880686171872,0.8995559887924944,0.8489166250019229,0.9646634159344742,0.9333065093925883,0.5903158095167629,0.9068859994145182,0.8977386203509139,0.8481338298365839,0.9376530086096917,0.919152095601053,0.8714736866604265,0.9059631313150907,0.08646812957157735,0.5951579902345695,0.9387688154666092,0.9592404230051592,0.9761356843815903,0.9675743567407264,0.9376530086096915,0.9534886050081053,0.9675743567407267,0.9495194495442565,0.938768815466609,0.9562880686171875,0.8984876543923499,0.6618506347118776,0.9457879562525049,0.9562880686171875,0.9469990271543745,0.8330375920813434,0.8624031815176507,0.9548710823073729,0.9607848936032957,0.9521375655065456,0.9548710823073729,0.9548710823073729,0.9808531012828585,0.9562880686171873,0.9521375655065456,0.9201228276565452,0.9562880686171873,0.9433718940682516,0.9059631313150907,0.964040252388596,0.1573927922435595,0.9623824451410659,0.9577431256853026,0.9548710823073729,0.8181301843558837,0.8778523726982708,0.944562380594602,0.8631655385537389,0.9562880686171873,0.9201228276565452,0.9592404230051592,0.9433718940682516,0.8223572438900819,0.5695393742200041,0.964040252388596,0.9577431256853026,0.9457709851868581,0.9270730230791457,0.9457709851868581,0.21477889927437255,0.9270730230791457,0.9322459088752486,0.9354577472990953,0.7629478154601899,0.9482479709168006,0.9640402523885963,0.939897739160851,0.1573927922435595,0.9201228276565452,0.8640960613563906,0.9562880686171873,0.9562880686171875,0.6682226749221207,0.9657671730030437,0.8603611522754107,0.2835329433063227,0.9482479709168004,0.8822556897514988,0.9534886050081051,0.8526009044021775,0.8470051605241504,0.9562880686171873,0.9562880686171873,0.9260614370793872,0.7748074399019571,0.9162673470024438,0.86560416687451,0.8668758171222237,0.8410397610823426,0.7611830549390037,0.8602519291845272,0.9421983319196943,0.8390340081240992,0.9562880686171873,0.9581074754130987,0.12394457825310956,0.9675743567407267,0.8546882169814702,0.04407004266351722,0.8883704299920681,0.9562880686171873,0.9562880686171873,0.837786254670863,0.9562880686171875,0.8447327410547638,0.3538106028060499,0.8769444849065684,0.9134191021410445,0.9931284229919284,0.6089429446703851,0.8575360288119107,0.8714736866604262,0.9562880686171872,0.9270730230791457,0.8760817786212671,0.1874942110935155,0.964040252388596,0.9425174783713439,0.867722058379199,0.9230659630317124,0.9291179679746997,0.9577431256853026,0.7256875840646015,0.9562880686171873,0.8842994831730138,0.9291179679746995,0.9134191021410447,0.694205975110366,0.9209050008316386,0.9495194495442565,0.918186094706007,0.7363426026476417,0.9623824451410659,0.8868937905864736,0.8814755319253362,0.9521375655065456,0.9657671730030437,0.9333065093925879,0.9410406098239263,0.8719227385629407,0.9607848936032957,0.9548710823073729,0.685991464805802,0.938768815466609,0.9761356843815903,0.9322459088752486,0.9675743567407267,0.9761356843815903,0.9675743567407267,0.9675743567407267,0.5951579902345694,0.9311946072310937,0.910601968746465,0.9562880686171875,0.9657671730030437,0.3538106028060497,0.9469990271543747,0.7731633392728431,0.9813507987576178,0.9548710823073732,0.938768815466609,0.9087387818848158,0.9577431256853028,0.8007002269432069,0.9291179679746995,0.8479439783560871,0.828753063687315,0.9562880686171873,0.9068859994145182,0.9562880686171875,0.8514910516687031,0.9657671730030437,0.998751198529129,0.9433718940682518,0.7321637323361279,0.9562880686171873,0.8645404905882983,0.8075404270671708,0.9433718940682518,0.86560416687451,0.8842994831730138,0.8719227385629407,0.12394457825310956,0.880205319126399,0.7520666751277901,0.86560416687451,0.8115800187854456,0.9445623805946022,0.7557736194544706,0.9675743567407267,0.9445623805946022,0.9562880686171875,0.6133091706188968,0.939897739160851,0.8954576130000749,0.9162673470024438,0.8020156091163936,0.9562880686171873,0.9548710823073729,0.8984876543923499,0.8805708457535912,0.6217281579861216,0.8401242645657363,0.8194144871030813,0.9562880686171873,0.8503766625088613,0.7166317844248435,0.9333065093925879,0.9562880686171873,0.8622329273186462,0.9508152934266847,0.04407004266351722,0.944562380594602,0.9548710823073729,0.8677987043663948,0.9991226281223797,0.6175693860257458,0.995067487912588,0.9210985398310312,0.9445623805946022,0.7991899570486465,0.9562880686171873,0.9376530086096915,0.9562880686171873,0.964040252388596,0.8565893759313061,0.9402558711168865,0.9675743567407267,0.9365495543873188,0.8298015015479605,0.9633200991265265,0.48852444465125455,0.9562880686171873,0.8893852688139481,0.8459888203478396,0.7424171492559193,0.989405943369801,0.9270730230791457,0.9607848936032957,0.9354577472990953,0.9343769343025807,0.9280917395652364,0.9078111670939808,0.8194144871030814,0.9280917395652364,0.9333065093925883,0.9607848936032957,0.6585711958095651,0.9280917395652364,0.9675743567407267,0.9991226281223795,0.9577431256853026,0.6585711958095638,0.9548710823073732,0.9343769343025805,0.9433718940682516,0.9068859994145184,0.5332377025939616,0.9445623805946022,0.9746202948705041,0.939897739160851,0.9548710823073732,0.9469990271543747,0.838025208342827,0.488524444651255,0.9153141563577836,0.8903991455657347,0.9240582376582436,0.9210985398310314,0.939897739160851,0.9577431256853026,0.1573927922435595,0.9153141563577833,0.9087387818848154,0.4521174331857052,0.9376530086096917,0.9143648077845039,0.12394457825310967,0.08646812957157735,0.8914053182874362,0.9365495543873186,0.9219451693852114,0.9291179679746995,0.4711120959231432,0.8733022546836291,0.9457709851868581,0.9343769343025807,0.21477889927437255,0.8934360035877267,0.8950201541957776,0.546127797124531,0.9143648077845039,0.8705572812086977,0.9623824451410659,0.9301521134798674,0.8932116722416494,0.9410406098239261,0.9521375655065456,0.4618278610403571,0.9568407342490961,0.8896003271096578,0.8257167010649322,0.33800529464407636,0.8659511288161978,0.9548710823073732,0.9391357122564044,0.8469680690265147,0.9604535056538153,0.1874942110935155,0.9022918659842718,0.9376530086096915,0.9592404230051594,0.912476848317918,0.8823796135894804,0.8498860850829328,0.9534886050081053,0.2624929266331496,0.8556401296226273,0.9433718940682516,0.9162673470024438,0.9592404230051594,0.8787593440855819,0.3957853697218289,0.0,0.9078111670939808,0.9421983319196943,0.9577431256853026,0.9657671730030437,0.9013784409842849,0.964040252388596,0.8440199953549758,0.08646812957157735
p362_P,0.7551329610599844,0.8762879977600886,0.7718067781551374,0.8618948557210497,0.9618040623148092,0.9205349146293753,0.6691509927061177,0.6482396141648654,0.14527672697459248,0.916106073886044,0.8731720022848473,0.8281856410361526,0.8987884378294904,0.8618948557210497,0.8247837482653073,0.8354546695429992,0.9497014469643541,0.855509019935889,0.998817981216154,0.9161060738860443,0.8017951474918705,0.8701112326985443,0.9231164764775379,0.8964416496516883,0.8671016868583241,0.3604497603719571,0.8827041791382022,0.5785776440931258,0.9161060738860443,0.5728698523439884,0.42993350681890896,0.9757619342112603,0.912166584917486,0.48676957206431604,0.9254740181372284,0.9553459570547012,0.9339037414170335,0.8794637048361449,0.9205349146293753,0.8527082022594992,0.8087510315013653,0.8583462338175081,0.9684455580859812,0.6737763525423489,0.9497014469643541,0.6782735428977853,0.9001110559421444,0.4717696491396839,0.8527082022594994,0.6490216891931364,0.9440100680280119,0.6996522408421519,0.38845123250381963,0.9082541747635318,0.8794637048361449,0.8770832813017806,0.8499415642309929,0.8928757609748668,0.6220514830298448,0.8860151533715293,0.34242956542008385,0.6416297005999507,0.9395134363314752,0.7878173646451987,0.9078111670939806,0.4219605196617169,0.9440100680280117,0.9260218991043503,0.8775593324245773,0.9118739328932486,0.8339559652714781,0.8527082022594994,0.9292058051524483,0.4141449515068094,0.8928757609748668,0.7605479974944296,0.9007549832165638,0.873172002284847,0.47395761816639603,0.9205349146293753,0.9044537215424593,0.9481114780292805,0.8445028511200343,0.8555090199358886,0.8928757609748668,0.8262903628126801,0.9766700147113563,0.6877900796266694,0.9583859445333902,0.8894031717904964,0.8928757609748668,0.7718067781551381,0.6438863787344355,0.5527762451849612,0.8972380522258425,0.8323118702853276,0.7870191289201345,0.7627905064810556,0.5170526876540006,0.44088126615266154,0.8770832813017806,0.9001110559421437,0.8928757609748676,0.7524943850060013,0.7633337495683348,0.9118739328932484,0.8042460940964857,0.5028041942804842,0.9826614905668989,0.4708989157778979,0.7567377547290821,0.8583462338175083,0.46059008405399915,0.8090412684190862,0.9001110559421444,0.5212300697634269,0.8762879977600886,0.9118739328932484,0.9205349146293751,0.3662269213188881,0.9553971960870307,0.758309479201261,0.8971490513732796,0.8418271742558863,0.8555090199358881,0.5932682808152373,0.896441649651688,0.7247689757027309,0.8894031717904969,0.8449320637799715,0.48569318334695,0.9001110559421435,0.9038960691476479,0.9684455580859814,0.8827041791382024,0.6904551550734372,0.8945655787882814,0.9038960691476476,0.9038960691476476,0.920376705497234,0.6352318891920978,0.916106073886044,0.4219605196617169,0.7475696252518085,0.8017951474918712,0.41555661073677264,0.8239829993928351,0.3548223307901972,0.8527082022594998,0.5878835654425985,0.916106073886044,0.6057228886208317,0.713373767567697,0.8350945864783957,0.9038960691476479,0.48585254321786997,0.7989867013566172,0.842210098842253,0.7848155372549576,0.7583094792012615,0.6403775056851158,0.9388267942128117,0.861222266702258,0.8827134789727613,0.7832070366225143,0.8237753987296021,0.821468917955834,0.7878173646451987,0.8708704516729389,0.7417180014378049,0.8365551646144356,0.8894031717904967,0.5529406602116824,0.7332631142436173,0.6596653734669308,0.8357953552692752,0.9553459570547012,0.9618825555180341,0.9055665737495766,0.7605479974944296,0.9565929524591339,0.4896006049174433,0.931366715443356,0.8894031717904969,0.8463844038549944,0.7258759280833642,0.3143869981615287,0.8349578227321086,0.8762879977600885,0.8648447549315539,0.8860151533715295,0.9222741729137713,0.6249667165581447,0.506045510298011,0.8018671341774826,0.8928757609748668,0.896441649651688,0.9421770859999474,0.9166656255065382,0.7350022452159177,0.4293359354286853,0.8894031717904969,0.8928757609748668,0.740717915383794,0.521667422785242,0.9161060738860443,0.8928757609748668,0.7972624238836938,0.4218181235224674,0.2698090757947348,0.4403122377695443,0.7994997688493951,0.8894031717904969,0.8928757609748668,0.6962021326473186,0.8928757609748665,0.5892224124215096,0.6930219693149977,0.6695438445938795,0.8928757609748668,0.7422213644081708,0.8928757609748668,0.7014551288165234,0.5761339605777764,0.8237753987296019,0.73829528950126,0.9001110559421437,0.5473958627879315,0.8860151533715293,0.8936281262041483,0.900754983216564,0.8238082444442114,0.5311011562569171,0.8288247292151196,0.9038960691476476,0.892485698926032,0.9680373530522721,0.7947975198038117,0.865759203292572,0.6820035409312803,0.49277778281577933,0.916202813051278,0.7968820743721303,0.8390924296228337,0.8928757609748668,0.9875144770876847,0.8928757609748668,0.6296837216955297,0.8449320637799715,0.9440100680280117,0.8472070714583102,0.5629817938550554,0.8964416496516883,0.7364038719789667,0.8671016868583243,0.7941712204007292,0.9044537215424595,0.5073259212579176,0.9001110559421441,0.765694235672991,0.7630658933762656,0.8787018031386914,0.8894031717904964,0.9254429110923992,0.817180519679354,0.9205349146293753,0.5853654624971356,0.9419413159482333,0.8583462338175083,0.514670592432763,0.7544413933377223,0.9038960691476476,0.8650514933170755,0.9572925800629464,0.5486201353188862,0.9118739328932484,0.4061788644558294,0.5257108573895763,0.8612222667022582,0.8888163939992272,0.9118739328932484,0.9418107081453975,0.4395542629351141,0.9078111670939806,0.7855081959450814,0.8365551646144354,0.9001110559421437,0.8288247292151198,0.4763625824796286,0.8860151533715293,0.9001110559421439,0.9775425324834794,0.6065176483183297,0.9118739328932484,0.5466306293507659,0.5185375351482363,0.7583094792012606,0.771446011640166,0.9553459570547012,0.8928757609748676,0.8527082022594992,0.8860151533715297,0.9038960691476479,0.4897798913207776,0.97256062108548,0.9001110559421437,0.8527082022595005,0.9849775749736709,0.6422255290433123,0.8991443905192749,0.956187321481143,0.8741738347483996,0.874720961756331,0.7249659496522659,0.7316564454969657,0.9161060738860443,0.4474424003953833,0.9161060738860443,0.9265969718894862,0.9631981626021593,0.8090412684190862,0.9450259909751839,0.8928757609748668,0.6147359442879855,0.8376235103113385,0.8555090199358883,0.9118739328932484,0.9911841280007907,0.8894031717904967,0.8928757609748668,0.8971490513732796,0.9118739328932484,0.9205349146293751,0.8114587961537703,0.6434062932363,0.8901853371445989,0.9440100680280117,0.699463826320667,0.6553803913741827,0.8671016868583241,0.5318844536997217,0.6977456892478187,0.9775425324834799,0.5356556934014993,0.6664017075600177,0.5802869931813761,0.6201701795010406,0.9205349146293753,0.5585949506489276,0.8288247292151196,0.5330342042517624,0.8827041791382022,0.8894031717904964,0.8589835497410321,0.7775957767866959,0.4763625824796286,0.4729431477458599,0.6336974516332525,0.8928757609748668,0.3353677270629205,0.850459295098936,0.8313795545512619,0.874628227385192,0.9616288436298464,0.5914108958084288,0.8928757609748668,0.8928757609748668,0.8527082022594992,0.9266429903758326,0.7028771643605125,0.8928757609748665,0.9616288436298466,0.8928757609748676,0.8618948557210496,0.7832070366225143,0.5216674227852419,0.9292058051524483,0.8391784404635927,0.9007549832165638,0.6624878259472549,0.6113611554600207,0.8928757609748668,0.768276510618948,0.8476812770166928,0.551525220342186,0.5456980307307295,0.8648447549315534,0.7430000435310251,0.9001110559421439,0.5060023637182105,0.8928757609748668,0.6038910474574342,0.8555090199358883,0.4476542526610159,0.819843001544966,0.8964416496516885,0.6763629205828723,0.8794637048361449,0.8928757609748668,0.9653845734174902,0.49886597790167353,0.8928757609748668,0.9161773838674754,0.5404841604132593,0.6835223203363712,0.6263319107522556,0.4897798913207776,0.8928757609748668,0.7015744190671322,0.4623877562541232,0.9078111670939806,0.7042343394632569,0.6263319107522556,0.8195560819557421,0.38969674021949174,0.7809134539375333,0.9001110559421441,0.889426209911969,0.2310233587263013,0.8641397759307594,0.374482559897683,0.7521481113403556,0.7452838581183621,0.9231164764775377,0.9038960691476479,0.8835104920677506,0.8928757609748668,0.9118739328932484,0.792461548383083,0.506556232812706,0.9704194014270914,0.8472070714583098,0.8860151533715295,0.6378825269231776,0.8964416496516885,0.8860151533715295,0.8731720022848473,0.8928757609748676,0.9402203517669749,0.7449458856646851,0.7971434160526361,0.9553459570547012,0.38637798277841306,0.9928483866263513,0.8679825862123658,0.8936281262041486,0.6501226242399616,0.8701112326985438,0.9616288436298466,0.6405200369225243,0.6742011572414892,0.851692506796756,0.8583462338175083,0.8701112326985447,0.7947975198038115,0.9388267942128117,0.8777108505523028,0.7878173646451987,0.9074771147066261,0.8901853371445989,0.6260399633821341,0.9357354408000715,0.4559420539233807,0.6788808260434289,0.6224807576591774,0.8212589742627885,0.9162028130512783,0.5824233242663039,0.7893943413125304,0.9885933112541219,0.861222266702258,0.893628126204149,0.6312505982586651,0.9357354408000718,0.7042343394632566,0.8612222667022578,0.8449320637799715,0.5959419242161876,0.9388267942128117,0.8407622607028147,0.6730379764597534,0.8504592950989358,0.9971540332068654,0.957709994622393,0.8089417696912156,0.5491645283911113,0.9494976475473855,0.8715871553037837,0.9162028130512783,0.8827041791382024,0.9841240669083757,0.9118739328932484,0.867835721360358,0.6482163504021017,0.8163372768230484,0.8894031717904967,0.8894031717904969,0.5862931203515072,0.8263753778581198,0.8827041791382022,0.7475696252518085,0.8928757609748668,0.9078111670939808,0.8928757609748668,0.8928757609748668,0.44088126615266154,0.8641397759307601,0.8288247292151196,0.8928757609748668,0.5011043331609837,0.40553678533286464,0.8922385033088466,0.7405588523133086,0.7493894200045359,0.6062937101217805,0.8187266784398355,0.7947975198038126,0.3638449656307534,0.912166584917486,0.9156908657681634,0.9078111670939808,0.4969795331721497,0.6421357217216292,0.42804448641336634,0.841827174255886,0.9243190146758089,0.9547382576229388,0.8733604753199765,0.9078111670939806,0.7809134539375333,0.9001110559421441,0.8534003090906304,0.9926862347706236,0.9437513278182454,0.864139775930759,0.46112122312523296,0.8905110693995146,0.34242956542008396,0.9884184727022943,0.9797535929478918,0.8288787761631806,0.9926862347706236,0.8964416496516885,0.9939175564771106,0.45753740274381505,0.6623760983136737,0.9038960691476476,0.7501050084397349,0.9497014469643543,0.6392238637325718,0.767288743158187,0.9247045701871657,0.5982795989458825,0.8445028511200348,0.9205349146293753,0.6062937101217806,0.33614909290115313,0.7947975198038115,0.6169149726236987,0.8701112326985443,0.9370217966662873,0.7168604879459581,0.8928757609748668,0.9038960691476479,0.5546717658060398,0.9292058051524483,0.7247689757027311,0.8540950126392765,0.770369325371424,0.8445028511200348,0.6438863787344355,0.8936281262041488,0.4831223027579238,0.9161060738860443,0.5802976122399983,0.9044537215424595,0.7485580019931288,0.8860151533715295,0.989724774838491,0.7821544113220154,0.8212788440155339,0.8901853371445989,0.755695171981693,0.46350242117978235,0.6005683686757788,0.9719129462001342,0.8532677898837113,0.6091531587515151,0.707316586997291,0.8460702604904531,0.9161060738860443,0.8671016868583241,0.9339037414170344,0.6765536179119616,0.7769425751209149,0.6431086824529444,0.8894031717904964,0.6012530573805918,0.6977456892478184,0.9205349146293751,0.9184098048072236,0.9063102527045159,0.8262903628126801,0.8237753987296021,0.8868145984844213,0.856205959906621,0.867835721360358,0.9872911449181458,0.8062917987384591,0.8731720022848468,0.9247045701871657,0.9038960691476479,0.9684455580859814,0.8928757609748668,0.877710850552303,0.7161768939012263,0.4921350809052585,0.8313795545512619,0.8928757609748665,0.44473487062820327,0.645814854705355,0.912898432355039,0.8618948557210497,0.7971434160526354,0.7718067781551381,0.6273365897198608,0.969827678682263,0.8739518939582045,0.8238082444442116,0.350412818110033,0.7695451177858923,0.9078111670939808,0.8162105150575754,0.8499415642309929,0.9001110559421437,0.8212788440155341,0.9205349146293751,0.954186361457886,0.8860151533715297,0.9684455580859812,0.8762879977600886,0.8499415642309931,0.8928757609748674,0.7166828496078692,0.7752571861162352,0.9577099946223933,0.9292058051524485,0.9620424842526041,0.568616171231991,0.4897798913207778,0.8894031717904964,0.9440100680280117,0.882704179138202,0.8894031717904964,0.8894031717904964,0.8532677898837112,0.8928757609748668,0.8827041791382022,0.8263753778581199,0.8928757609748668,0.861222266702258,0.7893943413125304,0.9118739328932484,0.9001110559421441,0.9078111670939806,0.8964416496516885,0.8894031717904964,0.569928686191076,0.3316669725473146,0.7230233202417906,0.5909471670789362,0.8928757609748668,0.8042460940964855,0.9001110559421439,0.8612222667022578,0.4966879811648366,0.8066372587257478,0.9118739328932484,0.9339037414170339,0.9572437804031906,0.9158917230732841,0.8671016868583243,0.892875760974867,0.8212788440155339,0.8589835497410321,0.8678357213603582,0.5000288119362062,0.9357354408000718,0.9118739328932484,0.8527082022594994,0.9388267942128121,0.8042460940964855,0.3879828600616949,0.8928757609748668,0.8928757609748674,0.7516149024294005,0.9161060738860443,0.690654727694094,0.8827041791382022,0.8731720022848473,0.40588768128873554,0.8860151533715295,0.5029476782008584,0.5182325190624515,0.8928757609748668,0.8928757609748668,0.9592617736141362,0.7413160042797452,0.8162105150575754,0.6378092559379089,0.3408990530928002,0.6263319107522558,0.6623760983136735,0.46495233667510727,0.8583462338175081,0.4272775768865852,0.8928757609748668,0.7901349926747223,0.9038960691476479,0.9205349146293753,0.6438863787344355,0.9118739328932484,0.4142939076608936,0.8928757609748668,0.8928757609748668,0.541701404620414,0.8928757609748676,0.524208665909832,0.8701112326985443,0.6984295135169232,0.7878173646451987,0.9274415389579924,0.8087510315013653,0.48355128638160016,0.7188666839907962,0.8928757609748665,0.8212788440155339,0.44456519617603807,0.896441649651688,0.9118739328932484,0.8962980072339466,0.7218761533489677,0.8114587961537707,0.8262903628126801,0.9162478915215845,0.7375493514208578,0.8928757609748668,0.41414495150680963,0.8262903628126801,0.5632389628136308,0.7498576169192002,0.7161768939012263,0.9721865287704181,0.6565200958157673,0.6917393337250468,0.9911841280007905,0.5967684834698085,0.44985998176856556,0.8827041791382022,0.9616288436298466,0.9100479243194205,0.8835104920677508,0.4589890392570336,0.9038960691476476,0.8894031717904964,0.4133513100188949,0.9329246992027066,0.8212788440155339,0.9090387186801403,0.9357331550008063,0.868585283544409,0.9205349146293753,0.9684455580859812,0.794797519803812,0.9213303814543552,0.33772453076933506,0.8528139297820672,0.916106073886044,0.9007549832165642,0.9460262641933365,0.6950250415032353,0.9121665849174863,0.6869800474494777,0.931366715443356,0.5157248317578809,0.896441649651688,0.542758575206918,0.850459295098936,0.47395761816639626,0.5087767193865373,0.8928757609748668,0.7718067781551381,0.8528139297820672,0.6778865476575512,0.916106073886044,0.9437513278182452,0.44366404268156434,0.8850901167714837,0.8928757609748668,0.4831223027579242,0.6220514830298447,0.8612222667022584,0.4797554612104967,0.49476944055189664,0.4907005016274817,0.9038960691476481,0.445655592010752,0.9409669977890665,0.7791531464637161,0.5986141853266183,0.8936281262041488,0.6858369922703107,0.9205349146293753,0.8936281262041486,0.8928757609748674,0.7855081959450811,0.8802681711979421,0.3682820007119141,0.8162105150575756,0.6005683686757788,0.9981341064923901,0.8894031717904964,0.3879828600616948,0.7247689757027311,0.801410244990862,0.5515252203421859,0.5986034324984857,0.8928757609748668,0.5247381393444545,0.7117493098686702,0.8365551646144354,0.8928757609748668,0.3473402379009981,0.912166584917486,0.9118739328932484,0.8641397759307601,0.8894031717904964,0.6760160728460736,0.9204792030092126,0.8038450782900286,0.8499415642309931,0.9182575366500196,0.8936281262041486,0.6372342831851885,0.8928757609748668,0.9809311839577799,0.8928757609748668,0.9118739328932484,0.762643887082683,0.30398112564620183,0.9205349146293753,0.8708704516729389,0.6772009028570152,0.3954096308550443,0.8618948557210497,0.8928757609748668,0.8739797270611273,0.4334152740596049,0.7019444931199019,0.867835721360358,0.8212788440155339,0.9038960691476476,0.8418271742558856,0.8391784404635927,0.8237753987296021,0.3617486338797812,0.582950479642335,0.8237753987296021,0.8618948557210497,0.9038960691476476,0.7583094792012606,0.8237753987296021,0.9205349146293753,0.948480675141075,0.8787857997562392,0.7775957767866957,0.8894031717904969,0.8648447549315537,0.861222266702258,0.2895359103058559,0.8212788440155341,0.9294417721555156,0.31501784280018663,0.7614522326022973,0.9600059685838347,0.8701112326985443,0.6367357664652418,0.8365551646144356,0.7924615483830828,0.6668642937996592,0.8877380032449497,0.806637258725748,0.8802681711979423,0.8964416496516883,0.9001110559421444,0.5063499248579996,0.9988389617417541,0.6713861235436003,0.8472070714583106,0.513946526750289,0.9038960691476481,0.9078111670939808,0.7338684822970529,0.3644691322928425,0.8427682296835777,0.6661620591759438,0.841827174255886,0.7235404179327505,0.8971490513732794,0.4678310689014653,0.892875760974867,0.42620802702296545,0.7985681378679947,0.8163372768230484,0.3874158939184731,0.7165280018812366,0.9078111670939806,0.8532677898837111,0.7382952895012598,0.38845123250381963,0.8827041791382022,0.8445028511200343,0.9819122999369679,0.7294450148306255,0.5851719733229868,0.873172002284847,0.8214248952431864,0.9600059685838347,0.8874135384485962,0.6409904698586806,0.9001110559421437,0.896441649651688,0.38616622700003567,0.35044825354487286,0.9388267942128119,0.9933442238788577,0.30408882012316396,0.6482163504021023,0.9203767054972343,0.8860151533715295,0.42647013848529447,0.8901853371445987,0.7947975198038115,0.9388267942128119,0.2916294108894605,0.8612222667022582,0.9078111670939808,0.0,0.8583462338175081,0.8964416496516883,0.916106073886044,0.39309342703962025,0.9118739328932484,0.6336974516332523,0.9078111670939808
p362_S,0.9060829542906701,0.9870038583237335,0.7753016271609579,0.994794736900322,0.9127774219260274,0.981956748291383,0.9073739666459744,0.892488019572834,0.8728105285248213,0.9473991727811975,0.9647915833876859,0.9193260543091283,0.980662425002937,0.6358484689850281,0.9571900491571012,0.9031014914644799,0.8837352444465884,0.9715992805222545,0.5626162704182975,0.9473991727811977,0.8788972977934153,0.9185607716438655,0.9565880742927935,0.9350697345319547,0.959237033712196,0.9094052998937725,0.504118631986127,0.957235724598626,0.9473991727811977,0.8776836138489488,0.9008268910150359,0.996566586696046,0.9707495588862811,0.892674460956127,0.964240297759334,0.9447456538980155,0.9587973377153391,0.47335210568935493,0.9501760208500687,0.6238739830859983,0.866963168156325,0.9918372319688109,0.9501760208500687,0.9833367336529988,0.8362831678890309,0.8688245686240575,0.9373704232137268,0.9281614381684173,0.9076492093936457,0.9700858004968942,0.9397435965156076,0.7925090662724539,0.9094052998937725,0.9224335544163884,0.9829255798283557,0.9059145492620324,0.9059145492620324,0.9328339505740528,0.8995196271956843,0.8767698652367379,0.9379330804465718,0.9147323139114278,0.9887355796164214,0.866963168156325,0.942198331919694,0.9272256429630128,0.9466104231235158,0.9068182136216996,0.9069417943620754,0.9320948271810627,0.6786781028492945,0.9076492093936457,0.9842968264073595,0.9307163409676442,0.9328339505740528,0.9048069198992974,0.9185607716438655,0.9204798499326441,0.9254841154416613,0.7783550557157383,0.9204798499326441,0.9950420205336963,0.7613391876666773,0.9490704397550973,0.9328339505740528,0.6638439299210633,0.9512151482311079,0.9200918748969287,0.8884231817422692,0.9306566646589698,0.9328339505740528,0.7753016271609579,0.924252829799068,0.9778744297245987,0.9772059176873138,0.9523482906443772,0.7546244317278947,0.9065230692823054,0.9202722814579349,0.9637418081709601,0.9828090781367664,0.9922127245794845,0.5525372910928823,0.9673876709360696,0.9312512615789826,0.9447456538980155,0.7465725820653676,0.9539903383778008,0.959237033712196,0.9112990802027563,0.7199711890095559,0.9678362573099416,0.8529860657001471,0.8802703877255018,0.952944974054758,0.8888696253826939,0.9870038583237335,0.9936745866415235,0.981956748291383,0.9347013910125839,0.950506131505038,0.7690613058923466,0.5725675080736259,0.9376689775178677,0.9715992805222545,0.8316381638808616,0.9587973377153391,0.9648216134917829,0.9193260543091282,0.9214489273204713,0.9864465855082982,0.9373704232137268,0.8897874329430772,0.9501760208500687,0.926456449323181,0.8733512662611457,0.9725467967978589,0.8897874329430772,0.9397435965156076,0.9285324039439791,0.9237975636664639,0.9473991727811975,0.9272256429630128,0.912893900183042,0.7619676728510136,0.946195675417902,0.9722196924851578,0.9086081532995891,0.9466889433536754,0.9017899056410315,0.9236313915934425,0.9999061014832777,0.8499391105800556,0.8963777015779386,0.9466104231235154,0.9466889433536754,0.918881380844508,0.6825100381000242,0.8841179782180018,0.8237008396662089,0.8306437276591685,0.8432603713232417,0.9540147404500321,0.916593295513447,0.8640725290007105,0.7379920830073717,0.8906557158215926,0.896616495658181,0.9480926838423981,0.9679804555784387,0.9334160095166193,0.9306566646589698,0.9059145492620324,0.8095530151056658,0.9034345468342826,0.7658047716738017,0.9936745866415236,0.9312512615789827,0.9993650229201636,0.847956649743254,0.8833108489700483,0.8804653487557288,0.9018491285511323,0.9693318146530953,0.9364924822911954,0.7580750522807442,0.9102236564997475,0.9601713942311847,0.9224335544163885,0.955404639757861,0.9285324039439791,0.964531040634373,0.8265743977764695,0.8547907930921175,0.9690134894816469,0.9328339505740528,0.9350697345319547,0.5847232690078137,0.9580340059652186,0.9448136402311287,0.856924657233717,0.9193260543091282,0.9328339505740528,0.8769338122971198,0.8990488478679084,0.9473991727811977,0.9328339505740528,0.9181762233864355,0.9214489273204716,0.9048069198992972,0.9085180731352036,0.8742879430656604,0.9306566646589698,0.9328339505740528,0.9311424812015241,0.9328339505740529,0.9081595799348638,0.9098593258370474,0.8929188526819742,0.9328339505740528,0.865933749931529,0.9328339505740528,0.9073739666459745,0.9399577791589846,0.6025377752767036,0.8881621124088332,0.9373704232137268,0.8961464143419948,0.9772068366488,0.7927837732231597,0.9185607716438657,0.9999061014832779,0.9911670260859593,0.9272989769634581,0.9397435965156076,0.8966164956581811,0.9757903498042683,0.8556695017783704,0.9810107821540954,0.9549546039402188,0.9549546039402188,0.926456449323181,0.7690613058923464,0.9741187306463794,0.9328339505740528,0.9623366128450224,0.9328339505740528,0.8490415879871804,0.7769999831018015,0.9466104231235157,0.9420850922811461,0.8961464143419947,0.9350697345319547,0.9478030072105119,0.9981997428137879,0.6861599315118916,0.9204798499326441,0.9648216134917829,0.9373704232137268,0.7845229338454947,0.8303641671418636,0.9828176535834503,0.9306566646589698,0.942198331919694,0.8136657492783896,0.9501760208500687,0.9181762233864355,0.9643546889603312,0.9111842105263159,0.854546208486769,0.7753595711498862,0.9397435965156076,0.9665794747757139,0.9983903325379989,0.905151060497313,0.9447456538980155,0.9342186777459942,0.9527121293730554,0.9129874603663681,0.82913709990958,0.9447456538980155,0.9962235939927733,0.9565893116856505,0.9421983319196943,0.894956093775602,0.8975213827250899,0.4593642617629382,0.8926744609561268,0.9235905538900671,0.9285324039439791,0.9373704232137268,0.9529449740547574,0.8665100623038624,0.9447456538980155,0.8891275127832985,0.8566233740762916,0.9031014914644797,0.7811924433510744,0.9320948271810628,0.964240297759334,0.9857286773137051,0.8280954325319172,0.7193184624017623,0.8943290864932463,0.9832783620912897,0.9529449740547579,0.9076492093936459,0.991099301531293,0.9808869836899143,0.9440876206769653,0.9829246556733111,0.86320324585591,0.8759368663891565,0.9448136402311285,0.8330749008292149,0.9473991727811975,0.9339575365978556,0.9881161094061225,0.9619234929707896,0.988460280559966,0.8644606804686439,0.9922127245794845,0.9328339505740528,0.9397435965156078,0.8556695017783705,0.9715992805222544,0.9447456538980155,0.9987511985291292,0.9193260543091278,0.9328339505740528,0.9981997428137876,0.9936745866415236,0.981956748291383,0.9784004338929011,0.9709491067574404,0.9129874603663681,0.996566586696046,0.9181762233864355,0.9053441394513408,0.9130732958657555,0.9244246976009176,0.8353360394133632,0.9922127245794845,0.9619234929707898,0.867492235256575,0.9677148480463276,0.9784004338929009,0.981956748291383,0.888869625382694,0.9688274750145475,0.9493071771996893,0.9739085258807387,0.9306566646589698,0.8559406827774343,0.957741025238342,0.9235905538900671,0.9029763180707411,0.9006484574176025,0.9328339505740528,0.9276124326117805,0.9719697553872638,0.9993650229201636,0.9719697553872638,0.9881161094061226,0.913733057774945,0.9328339505740528,0.9328339505740528,0.9857286773137051,0.8826014391830407,0.8179352237647126,0.9328339505740529,0.9236313915934425,0.9328339505740533,0.9693106363081486,0.8640725290007105,0.9654359300315951,0.9127774219260273,0.700903532169102,0.9946231749394501,0.8991864094801315,0.9404750252230658,0.9328339505740528,0.8963777015779386,0.957235724598626,0.9033571893499288,0.9290222718288519,0.9917619408419694,0.8158977322486003,0.9373704232137268,0.9078372985739693,0.9328339505740528,0.8462096879013076,0.9319341406609302,0.862820794107968,0.811461986090471,0.958797337715339,0.8782485851449239,0.9244246976009174,0.9328339505740528,0.9631586703356184,0.9423933836735868,0.9328339505740528,0.9917619408419694,0.8721870733142643,0.9320947225991512,0.906543471850329,0.8943290864932463,0.9328339505740528,0.884861316895299,0.9068182136216998,0.8806502594267756,0.7393553623089126,0.7714600184986213,0.9399577791589846,0.9420088236891968,0.73088285854685,0.9529449740547579,0.8695178573825644,0.8773362054151363,0.9148167155454523,0.925857450743889,0.8849252121767268,0.8386335791443758,0.9598692082125242,0.9466104231235155,0.6542781616316611,0.9328339505740528,0.9320948271810626,0.7990383133582605,0.8649671348776815,0.9022732162471889,0.9420850922811461,0.9285324039439791,0.9335570445856329,0.905730873838986,0.9285324039439791,0.9022732162471886,0.6040001669261884,0.9870038583237336,0.9725467967978589,0.9339575365978556,0.9447456538980155,0.9628839102040203,0.9473991727811977,0.9224335544163884,0.9180978494651831,0.9593372985801925,0.7341750146893966,0.9473991727811975,0.8686325153177199,0.9233721476659591,0.7187210555293695,0.9515107212475633,0.9619687983522078,0.9623366128450224,0.9373704232137268,0.8926744609561268,0.9262698231600375,0.9160345925329105,0.6767397387969912,0.9551168668325379,0.9908966831572724,0.9008268910150359,0.8376144174788165,0.8979547962079992,0.7558392494208603,0.8837352444465886,0.9116161103333824,0.8836237867784116,0.994794736900322,0.9129874603663681,0.9598692082125242,0.9026224400641785,0.9908966831572723,0.9721853172929266,0.9540147404500323,0.9780340428202864,0.8297437905599572,0.8981026726889998,0.9206658609197922,0.8783483517815172,0.5611353214323298,0.9847701943343941,0.9447456538980155,0.9530292168965759,0.9135052288653056,0.7034988507732455,0.941173544603373,0.5041186319861273,0.9264564493231813,0.9397435965156078,0.9447456538980155,0.9745110640206993,0.9517737658055094,0.8848449272091166,0.980662425002937,0.9306566646589698,0.9254841154416613,0.9713047430365496,0.9264564493231813,0.8358713203805137,0.9328339505740528,0.9421983319196943,0.9328339505740528,0.9328339505740528,0.9185385633671475,0.9148167155454525,0.9272989769634581,0.9328339505740528,0.8823173669792533,0.9251031650463528,0.9884602805599662,0.7848555103118353,0.8963777015779386,0.8549441061059847,0.9339575365978556,0.9016719843861538,0.9285898982475354,0.9244246976009174,0.9048069198992972,0.942198331919694,0.9719697553872638,0.883073002146125,0.9311424812015241,0.9008268910150359,0.9829255798283554,0.9285324039439793,0.8649403518935719,0.9421983319196943,0.8470207644412342,0.9529449740547579,0.8982888703716156,0.9619687983522076,0.6048976608187138,0.9983594330401346,0.8712157346960703,0.5554743278326688,0.9068526714114966,0.9983594330401346,0.894276316207222,0.9529449740547578,0.9185607716438657,0.6403985544572209,0.9195505082342439,0.9817183578868096,0.9753490351022651,0.996566586696046,0.8841179782180018,0.9264564493231813,0.8943339084369372,0.8820407195883926,0.980662425002937,0.8592042972516907,0.9025045192170256,0.5068861322815448,0.8772655848967421,0.8917327959812249,0.9926689270744569,0.9256803841543759,0.9619687983522078,0.9086108152814201,0.8868338361659375,0.9328339505740528,0.9466104231235155,0.9233721476659593,0.9842968264073599,0.9153776817116561,0.9185607716438653,0.9741187306463793,0.7986898869018213,0.9932591967802841,0.8763264907178421,0.8977903661202704,0.9473991727811977,0.851904547667568,0.9647915833876859,0.9241108655377119,0.9772068366488,0.9707495588862809,0.9464431018835202,0.7769999831018015,0.9540147404500321,0.9528969934766464,0.8680972375449441,0.9591062331873476,0.9935318945586382,0.5533332829265702,0.8457259469302121,0.8412117840414657,0.9376689775178677,0.9473991727811977,0.91667381023818,0.9881361984083077,0.8865312858464788,0.9623366128450224,0.9437513278182454,0.9306566646589698,0.9146740953343004,0.8587684430909973,0.9501760208500687,0.9744677206370757,0.9922127245794845,0.8692611468985303,0.991099301531293,0.9918372319688107,0.9601713942311847,0.9376689775178677,0.9556365193397717,0.8949560937756021,0.9204798499326441,0.980662425002937,0.9397435965156076,0.9819567482913829,0.9328339505740528,0.8926744609561268,0.8721967584517678,0.9906175680130029,0.6503392880366976,0.9328339505740529,0.9921605916805326,0.9133998908227153,0.9690134894816471,0.8975213827250901,0.9339575365978556,0.7470113413451636,0.9231319767555535,0.8852024148508246,0.9420850922811461,0.9999061014832775,0.8983951609457295,0.8070873137034841,0.9421983319196943,0.7040079306311975,0.9059145492620324,0.8981026726889996,0.9884602805599663,0.9819567482913832,0.9799701406110681,0.5360488363029927,0.9140895174328348,0.9224335544163884,0.6711655419269308,0.9642402977593338,0.9320947225991513,0.9014063051136858,0.9936745866415236,0.8613145460927206,0.9946231749394501,0.8704333729910018,0.916593295513447,0.9306566646589698,0.9466104231235155,0.926456449323181,0.9306566646589698,0.9306566646589698,0.9619234929707896,0.9328339505740528,0.926456449323181,0.9399577791589847,0.9328339505740528,0.799821579047983,0.9757903498042682,0.9447456538980155,0.9529449740547579,0.9987511985291292,0.9587973377153388,0.9306566646589698,0.9368601710957667,0.8857459219869108,0.9148167155454523,0.9772047311655645,0.9328339505740528,0.9973482930858857,0.9922127245794845,0.9129874603663681,0.9486486383639352,0.7101396558039925,0.9320948271810624,0.958797337715339,0.9981997428137878,0.9445283662005389,0.6576939550216584,0.964240297759334,0.9549546039402188,0.7141306188349228,0.9886468494764689,0.8568602742572657,0.8579614827921471,0.932094827181063,0.9466889433536756,0.9922127245794845,0.7152256181878027,0.9555812918987134,0.9328339505740528,0.9842968264073595,0.8980448416283209,0.9473991727811977,0.911952265387825,0.9311873210041461,0.9204798499326441,0.9499934238507659,0.9285324039439791,0.9229490338698246,0.9361754702967153,0.9328339505740528,0.9328339505740528,0.9809646283493229,0.7632379735095636,0.734340244860632,0.8772655848967421,0.913733057774945,0.906543471850329,0.8376144174788165,0.8686325153177199,0.9515107212475633,0.9548080963962491,0.9328339505740528,0.9580340059652186,0.9466104231235155,0.9501760208500687,0.924252829799068,0.9447456538980155,0.9377344362384998,0.9328339505740528,0.9328339505740528,0.9218348939100154,0.7583887944261078,0.9326023656091353,0.9946231749394501,0.8474809776927773,0.866963168156325,0.9799701406110684,0.8365035568251131,0.8736336248915046,0.9098374735405799,0.9328339505740529,0.8440113363412965,0.8942348771285302,0.9881361984083077,0.9936745866415236,0.9872190633517801,0.9924326933314227,0.8605757737321045,0.903497349728108,0.9587973377153391,0.9119352528967863,0.9328339505740528,0.9078748159280927,0.9719697553872639,0.9551168668325378,0.9606639406993716,0.8268936532675105,0.9677148480463273,0.9051106770251169,0.8547865953907366,0.8806502594267756,0.87693381229712,0.9419164365547261,0.9739085258807385,0.9236313915934427,0.994794736900322,0.9490704397550973,0.9098876156369653,0.9397435965156076,0.9306566646589698,0.8881621124088332,0.9828090781367664,0.6764829532425591,0.8204881667918067,0.9501760208500687,0.7769999831018015,0.9819567482913829,0.9819567482913832,0.9016719843861534,0.9293058851115359,0.8916689472964012,0.9842968264073595,0.9473991727811975,0.9185607716438655,0.8643990948144236,0.8761413138571505,0.9244246976009176,0.9306566646589698,0.9828090781367664,0.888423181742269,0.9350697345319545,0.9528969934766464,0.9595578389535804,0.8800191241258823,0.8925966993903264,0.9328339505740528,0.7470113413451636,0.932833950574053,0.921177875255804,0.9473991727811975,0.9678362573099417,0.9950420205336963,0.8985876457397045,0.9328339505740528,0.8977903661202704,0.877265584896742,0.9540147404500323,0.8995196271956842,0.8850332908885412,0.9098876156369653,0.9965665866960463,0.9237448518495195,0.9679804555784386,0.8102337120326548,0.9498214503653479,0.7510124144758188,0.8542666409317143,0.9140895174328345,0.9180978494651831,0.964240297759334,0.9578401256982518,0.9752315887262654,0.9268443942289721,0.9320042986155881,0.9142855814820894,0.9842968264073595,0.9306566646589698,0.9555812918987134,0.9648216134917829,0.8760552409148302,0.8812807433008096,0.8721870733142643,0.9328339505740528,0.8751651007727552,0.8690584700766195,0.5640592154019695,0.9328339505740528,0.9052103298201706,0.9707495588862809,0.9447456538980155,0.9148167155454525,0.9306566646589698,0.9896820136474497,0.9490704397550973,0.7851127115391345,0.9443618136993994,0.973631689189816,0.9598692082125242,0.8655099805666153,0.9328339505740528,0.9063747143991654,0.9328339505740528,0.9447456538980155,0.8971099143179816,0.8742335215938108,0.9501760208500687,0.9398552184521698,0.816236196244143,0.8742879430656603,0.9334160095166193,0.9328339505740528,0.9683216963490744,0.9446726737351134,0.7899828700945228,0.9376689775178677,0.8879432507007243,0.9466104231235155,0.9008268910150359,0.9355234569898137,0.8895085707332924,0.972219692485158,0.9165330677932774,0.8895085707332924,0.994794736900322,0.43520351149957104,0.9031014914644797,0.8895085707332924,0.9501760208500687,0.9094052998937732,0.9881361984083079,0.9850607921252732,0.5192799715573901,0.9917619408419694,0.9950420205336963,0.8318821987925464,0.9214489273204713,0.9598692082125241,0.8863888870954333,0.9361918547662357,0.980662425002937,0.9946231749394501,0.7959854875305834,0.7076377225680872,0.8999738211285457,0.8719977578125397,0.986641646010039,0.8787630926879588,0.6238739830859985,0.9881361984083077,0.9373704232137268,0.9902701807825041,0.974378015357418,0.9042000439512239,0.8306046177393211,0.9523482906443773,0.9397435965156078,0.9987511985291291,0.9108189951607537,0.9398552184521696,0.7990230637436598,0.9253216361240024,0.9886468494764689,0.8776429442531761,0.4874410611255935,0.9718807580739222,0.932833950574053,0.9930524092524862,0.7921716494207307,0.7540184491633152,0.9879065737620198,0.8011033653025892,0.9987511985291292,0.9688274750145474,0.8620376658367259,0.9490704397550969,0.9786393975617036,0.9480926838423981,0.7475435743195447,0.8303641671418633,0.8593936681080714,0.5920910820618964,0.8648227020507129,0.5692857319013573,0.9921605916805325,0.8492726478104706,0.9373704232137268,0.9350697345319547,0.9322776343834582,0.9042000439512237,0.8981026726889999,0.9832783620912897,0.8441637851802157,0.9114015183226931,0.9741187306463795,0.9285324039439793,0.9452766007260935,0.9639306993826398,0.8556695017783704,0.9373704232137268,0.9610497116856047,0.9639306993826396,0.9421983319196943,0.8583462338175081,0.0,0.9350697345319547,0.9473991727811975,0.8783403734400713,0.9447456538980155,0.9232500798195086,0.9421983319196943
p362_T,0.9183724242003595,0.818359996701394,0.8954023823601893,0.7442774910248744,0.9813818316380161,0.41126970439113986,0.9539734643292288,0.9488424197106928,0.9070160137452734,0.9535979799037623,0.9998238347481485,0.9493053971730234,0.9493053971730236,0.6498085730887517,0.7897699911960241,0.9251662135150305,0.803992685139914,0.9337692322192532,0.9596053879391779,0.5293143154878844,0.9639761796506592,0.9975839852098576,0.7874358202450876,0.9078059071729958,0.9950927970641261,0.9337692322192535,0.9288789627504793,0.9192233962368055,0.5293143154878843,0.8105182202120133,0.9274978432118415,0.9559485503920393,0.9447494136270194,0.9215378731313926,0.9508971383859763,0.9593605721085062,0.9525316455696202,0.9447494136270194,0.9635753483468394,0.9647682499737457,0.9417626114543682,0.958797337715339,0.9635753483468392,0.9158139617897607,0.9913221015557613,0.8658583554583827,0.9542136024350836,0.9824233631406698,0.9838585814857688,0.8954023823601893,0.9559485503920393,0.9252058321788037,0.9337692322192535,0.9432937551644589,0.9942907727414588,0.98181078671843,0.9675956872630855,0.9508971383859763,0.9885524069408244,0.9477524209177308,0.9091812387167528,0.9578429373320376,0.9337692322192535,0.9417626114543682,0.9645511776582261,0.9000710587972116,0.9559485503920393,0.956773626206588,0.9900805312615376,0.9593605721085062,0.7495413712000323,0.9324854129452831,0.9813818316380162,0.8625158980695156,0.9508971383859763,0.8902416609981851,0.9404624926714933,0.9418654668890594,0.8890194193065106,0.9635753483468394,0.9998238347481484,0.6317030069429779,0.9778748351992479,0.9337692322192535,0.9508971383859763,0.8093111782833922,0.8310515371750485,0.8111507091583436,0.9728901249701001,0.9493053971730236,0.9508971383859763,0.7695478295226106,0.7697364776617588,0.8597250809841579,0.9778748351992479,0.9038035415131254,0.7756626784121654,0.8912695666285135,0.9450229415057687,0.8842670595891773,0.9675956872630854,0.684945978660455,0.9136608016620086,0.8473152462661048,0.9231531580114691,0.9596053879391782,0.7184774266655262,0.862493926812786,0.9390829980374291,0.8949399014301702,0.7761815505413794,0.9350697345319545,0.8428704160376792,0.7516168269676364,0.9542136024350834,0.8486671116956646,0.7587734346678574,0.9596053879391779,0.9635753483468392,0.927209562910801,0.9158139617897607,0.7512781261965451,0.9488974039091767,0.6846522352224136,0.9337692322192535,0.851008024549206,0.9525316455696202,0.971497529159099,0.7216766903616987,0.9180790428976138,0.9109264520435436,0.9542136024350834,0.8945024258106784,0.9635753483468394,0.9913221015557613,0.8382310806288514,0.9528147324824887,0.9692769377093196,0.9559485503920393,0.947752420917731,0.928538719052406,0.9615452872130623,0.890204886160342,0.943555263926096,0.8542572877939777,0.9559566851226751,0.9537099832869298,0.909148116938832,0.9324854129452833,0.8246639839958163,0.9535979799037622,0.9091812387167528,0.851173625798521,0.8851268700668165,0.7449534020133965,0.9324854129452831,0.6840054556665638,0.9605807414790561,0.8938767975645254,0.7512781261965452,0.8337215482320728,0.9542136024350834,0.7936688679286391,0.9260028390811283,0.9006279533325658,0.8134060453070213,0.9714975291590988,0.8631303479727153,0.9287243013130126,0.8815889130882111,0.7442774910248751,0.9493053971730236,0.9312172606999458,0.9400545643111305,0.9223339547307454,0.9514665453515565,0.554190372346928,0.9759091249321667,0.8468105040849621,0.965161283441215,0.9146924482852168,0.9654253597410378,0.9675956872630853,0.9493053971730236,0.8961222571494831,0.8231367285947668,0.9272095629108008,0.984085165109249,0.9432937551644589,0.9301863608775064,0.9477524209177308,0.9472483006084296,0.8134761540619772,0.855015677684448,0.9909799053419359,0.9508971383859763,0.9776371308016876,0.947752420917731,0.9431134523268976,0.9454422137291253,0.9698578908306781,0.9848910203339206,0.9508971383859763,0.9063218245476554,0.8841357084407877,0.9615452872130625,0.9508971383859763,0.8996699165287372,0.9180790428976138,0.8902416609981851,0.8938767975645253,0.970223137147584,0.9848910203339206,0.9508971383859763,0.9887824175390698,0.9508971383859763,0.8770939427870041,0.9716207321575975,0.9759466516609825,0.9508971383859763,0.8983739487948557,0.9508971383859763,0.9238651969240401,0.951521787947273,0.6797207660789336,0.9487969858083061,0.9542136024350834,0.8950231430311595,0.947752420917731,0.9523391253205785,0.9975839852098576,0.9272214280328809,0.8283774467177325,0.8050835585158809,0.9559485503920393,0.902741203339785,0.8943656982526555,0.9458556185436355,0.9454906551028932,0.918079042897614,0.9180790428976138,0.9913221015557613,0.7153274972756092,0.947752420917731,0.9508971383859763,0.9458556185436358,0.9508971383859763,0.8012617988584556,0.9055577909177377,0.9692769377093196,0.9703287678830983,0.8950231430311594,0.9776371308016876,0.9169426994374763,0.9390829980374291,0.7289374326948577,0.9998238347481487,0.8658418182833447,0.9736183137840243,0.7861632512209238,0.9097700783194738,0.9115278413395256,0.9493053971730236,0.9645511776582261,0.8336168777202873,0.9635753483468394,0.9300535008187536,0.8692863322387208,0.9350697345319545,0.8749714078758024,0.7445087608748205,0.9692769377093196,0.9790532298598125,0.9209207692068399,0.8725531803354876,0.9596053879391782,0.8949399014301702,0.7775910062714644,0.9903766507571459,0.9444775685014402,0.9596053879391782,0.9199154281937727,0.849901617209027,0.9645511776582261,0.9046088515432298,0.8859808679290593,0.9542136024350834,0.9215378731313923,0.8722711465586108,0.947752420917731,0.9542136024350834,0.9542136024350834,0.8731770969580539,0.7162584522515594,0.8344943451945637,0.8597250809841579,0.8892155845940948,0.7468739299406559,0.9596053879391779,0.9136608016620084,0.91339508143326,0.7960409320269943,0.8945024258106786,0.8967049201048769,0.9433505326956113,0.9542136024350834,0.9324854129452831,0.9192233962368055,0.9119260423610706,0.9544588564256291,0.9954628312882463,0.8488293902512534,0.9093015752279445,0.8715311586797312,0.7158666571515571,0.9615452872130625,0.9070160137452734,0.6141710483710598,0.9215378731313923,0.9621698344437761,0.9964480445123052,0.9736183137840242,0.9508971383859763,0.9559485503920393,0.8545698796517252,0.9096423096705524,0.9596053879391782,0.8868454810017548,0.9190874378408648,0.9508971383859763,0.9390829980374291,0.9596053879391779,0.9471168020442999,0.9559566851226748,0.9015815534403826,0.6856916272715317,0.9559485503920393,0.96043708510877,0.9844186670811442,0.7808680068290856,0.9447494136270194,0.8145231934700624,0.9542136024350834,0.9671009678568472,0.945771492898765,0.9971196828020042,0.9559566851226748,0.9471168020442998,0.8896842091060677,0.6228311796140618,0.8725531803354876,0.9913221015557613,0.9493053971730236,0.7961940476956934,0.9310312708012254,0.8722711465586108,0.8734804277999935,0.8480555883270952,0.9508971383859763,0.8587016255621231,0.9895196008050116,0.9390027279901942,0.8093111782833922,0.8687412470205869,0.8815889130882111,0.9508971383859763,0.9508971383859763,0.9647682499737457,0.987480587471586,0.7807242383061461,0.9508971383859763,0.6141710483710596,0.981381831638016,0.7915119499929366,0.9006279533325658,0.9120240762648347,0.9508971383859763,0.9741270364328647,0.8881730297134133,0.9288129423783751,0.9323391465606431,0.9508971383859763,0.8851268700668165,0.6351590063362382,0.8712459842099081,0.873855959494068,0.9262837350880504,0.7239224574564798,0.9542136024350834,0.8612571141464138,0.9508971383859763,0.8453718612169457,0.8574461569671546,0.8638069066950456,0.9263364722820324,0.9776371308016877,0.9881118912216156,0.689491704583848,0.9508971383859763,0.937783686537069,0.8991917165788904,0.9508971383859763,0.8823430595326921,0.9065602264064594,0.8782416695665332,0.8526730342747175,0.8674070011286248,0.9508971383859763,0.9518071828547277,0.9471999997959664,0.9645511776582262,0.9219223208046688,0.9711790504474236,0.9102716897738727,0.9113677351409675,0.9475951645414274,0.9542136024350834,0.9791661049996256,0.8902416609981851,0.7874358202450881,0.889400020049905,0.679023583601948,0.8749714078758026,0.9377253379624282,0.9559485503920393,0.9337692322192535,0.9508971383859763,0.9596053879391779,0.8574844484595161,0.9078499433527256,0.9998238347481485,0.9703287678830982,0.9881959173184502,0.8731770969580541,0.9776371308016877,0.947752420917731,0.9415131363853565,0.9813818316380161,0.9971196828020042,0.8830900737847378,0.690661117623165,0.959360572108506,0.8827042327454635,0.9535979799037622,0.9432937551644591,0.7324680518865911,0.9832840077889076,0.9404624926714933,0.9615452872130625,0.9302690566961367,0.9637851559795012,0.9556866006988329,0.9881361984083077,0.9404624926714933,0.9458556185436358,0.6849459786604548,0.967100967856847,0.9807840195689514,0.9501274195672516,0.9363880304285925,0.9801945723164651,0.9418654668890594,0.9274978432118415,0.7240386905967507,0.809194798685986,0.970223137147584,0.9288789627504787,0.8794921858235667,0.7356347898069102,0.9723157551667554,0.9903766507571461,0.9377253379624282,0.8496047230439323,0.9998238347481485,0.9199154281937728,0.9903766507571461,0.9621698344437761,0.8496097698074867,0.6127778948795624,0.943851136706642,0.9774402702058511,0.9895196008050114,0.9807840195689514,0.9593605721085061,0.91624906551306,0.9326301365954337,0.9577431256853024,0.9637851559795012,0.9462347596389562,0.6166632687240675,0.9692769377093197,0.9593605721085061,0.6361709950266955,0.8385348749320092,0.959016409305403,0.9848910203339206,0.9493053971730236,0.9189335660569544,0.951521787947273,0.9913221015557613,0.7861632512209238,0.9508971383859763,0.9577431256853028,0.9508971383859763,0.9508971383859763,0.8545251315798741,0.9377253379624282,0.622831179614062,0.9508971383859763,0.8746872426299621,0.9044031279856874,0.9180790428976139,0.7933678017570143,0.9203333571111534,0.9004325626946126,0.6504288307600087,0.9059407181827082,0.876007953269136,0.933330959109937,0.962540188778485,0.9577431256853026,0.9203761879341787,0.9306590994938257,0.8607472522091426,0.9755396763967225,0.9942907727414587,0.9881959173184505,0.8592586391832726,0.42061130106292344,0.9759907361775702,0.9542136024350834,0.7030973503491522,0.9404624926714933,0.9881361984083079,0.9377253379624282,0.8849349368769786,0.9262837350880504,0.909181238716753,0.9926931063209248,0.922708936151958,0.9542136024350834,0.9404624926714933,0.9078059071729961,0.9169426994374763,0.8938767975645256,0.8163356189353925,0.9559485503920393,0.97768890625214,0.9462347596389562,0.9808633257965951,0.7021058151674171,0.9848910203339206,0.8712459842099081,0.9287243013130126,0.9635753483468394,0.8352079045667522,0.8827042327454635,0.9857705189045638,0.8674757120876189,0.7739300446366844,0.951521787947273,0.9215322787290985,0.9508971383859763,0.9559485503920393,0.9192233962368053,0.981381831638016,0.971497529159099,0.9404624926714931,0.947752420917731,0.9238240970282822,0.8302743854409151,0.9523391253205785,0.8698447141053749,0.9615452872130625,0.8496097698074865,0.9998238347481486,0.8709172314094931,0.947752420917731,0.6894917045838485,0.8878330234634915,0.9055577909177371,0.8476574882571928,0.9795435932039087,0.9191401549634752,0.8586965180854327,0.933392488708745,0.967100967856847,0.8670360756633029,0.7763047460900309,0.9274978432118417,0.5293143154878848,0.9950927970641261,0.9525316455696202,0.9669835968892309,0.9857705189045634,0.9339037414170339,0.9493053971730236,0.8759869691607483,0.9995342119373932,0.9471168020443,0.8830900737847378,0.9542136024350834,0.9444674951746068,0.7688442855643255,0.9350697345319545,0.984085165109249,0.5876897548309776,0.9488974039091764,0.9791661049996256,0.9418654668890594,0.9190874378408649,0.9692769377093196,0.6791932532177203,0.9508971383859763,0.9873359374176983,0.9651081229041959,0.872271146558611,0.8007143921323464,0.9508971383859763,0.8871683719695138,0.8101893209218776,0.9091812387167528,0.9723157551667554,0.9070160137452734,0.6950923210521218,0.8851268700668165,0.7997231721817384,0.7709139895948849,0.9909799053419359,0.8556227195178283,0.9206345457771273,0.9577431256853026,0.7747400789298695,0.9675956872630854,0.9014502300031314,0.5969222500946023,0.9635753483468394,0.929963842972795,0.947752420917731,0.9635753483468392,0.9432937551644589,0.9312172606999456,0.3041715318779389,0.9400545643111307,0.8881911996032124,0.9596053879391779,0.9136608016620085,0.9404624926714933,0.8342416479355358,0.867407001128625,0.9493053971730236,0.9559485503920393,0.9913221015557613,0.9493053971730236,0.9493053971730236,0.967100967856847,0.9508971383859763,0.9913221015557613,0.9927718861206731,0.9508971383859763,0.9363880304285923,0.6246349362247796,0.9596053879391779,0.9542136024350834,0.9577431256853026,0.9776371308016877,0.9493053971730236,0.8175967654512286,0.8627880798184884,0.9377253379624282,0.8771251090843861,0.9508971383859763,0.8834778193591266,0.5406098110986706,0.9363880304285925,0.8587723848865854,0.9529808977910947,0.8783265321561906,0.4189873417721498,0.9950927970641263,0.9621698344437761,0.9390829980374291,0.9508971383859763,0.9180790428976138,0.7495413712000326,0.8785771960052863,0.8748900904594734,0.9418654668890594,0.9593605721085062,0.656529238730832,0.9542136024350834,0.9247279175325267,0.9091481169388318,0.9508971383859763,0.6427766817579776,0.8861469711805039,0.9615452872130625,0.8505431284577787,0.9288789627504791,0.9998238347481486,0.8302837275767865,0.9881959173184502,0.8271391691662512,0.8790256842418012,0.9508971383859763,0.9508971383859763,0.9169426994374763,0.8302743854409154,0.6949102782080138,0.8645811859821557,0.8815889130882113,0.8526730342747174,0.9086325472740335,0.89421047004471,0.9057308738389862,0.8191823016368882,0.9508971383859763,0.9389568152317858,0.9559485503920393,0.9635753483468394,0.8302743854409154,0.9596053879391782,0.8670360756633029,0.9508971383859763,0.9508971383859763,0.8976675519996327,0.9508971383859763,0.9491569791489043,0.9404624926714933,0.9455803322063063,0.9411731642018818,0.9798175375448483,0.9417626114543682,0.9008525918934969,0.7973953146501015,0.9508971383859763,0.6851038331869258,0.8533735784330467,0.9525316455696202,0.9593605721085061,0.9263909248883351,0.8734804277999935,0.998335572402892,0.6291027557617731,0.9525316455696202,0.9284376076039202,0.9508971383859763,0.8625158980695153,0.6291027557617731,0.9807840195689517,0.7497945563156391,0.9358986372211366,0.9432937551644589,0.9080961023073579,0.7913205640104559,0.9577431256853024,0.9063218245476554,0.8995025048859866,0.9462347596389562,0.9615452872130625,0.9804497858651829,0.9859653849226513,0.848738182208834,0.9692769377093196,0.9848910203339206,0.8800416198957275,0.9312172606999456,0.918079042897614,0.9705425698260028,0.9635753483468394,0.8173762078254125,0.9635753483468392,0.9635753483468394,0.9343996803735809,0.922708936151958,0.9377836865370688,0.9508971383859763,0.8687412470205864,0.9975839852098576,0.9452945222517779,0.8285830311324833,0.9447494136270196,0.9493053971730236,0.9675956872630854,0.8974836658533196,0.9525316455696202,0.8751544615277177,0.9444674951746067,0.829191125805623,0.807633422967587,0.9508971383859763,0.7323200752873662,0.9508971383859763,0.8841357084407875,0.9535979799037623,0.9881361984083077,0.9363880304285925,0.915191208463485,0.9508971383859763,0.8698447141053749,0.835207904566752,0.9363880304285925,0.8710592812792086,0.8925735187689807,0.8782940627807796,0.9559485503920393,0.8878330234634915,0.9749822485158572,0.8710592812792086,0.8396138091088567,0.7874358202450882,0.7798676665130637,0.9635753483468394,0.7874358202450875,0.57505565178197,0.9016827426948628,0.9838585814857688,0.8748900904594734,0.9857705189045636,0.8586965180854328,0.9813818316380162,0.9493053971730236,0.9091481169388318,0.7763047460900308,0.8995766368965676,0.9002968221284633,0.8773823348409291,0.9508971383859763,0.8828633306999774,0.900633073794324,0.9332153268971215,0.9508971383859763,0.8760079532691363,0.9447494136270194,0.9596053879391782,0.9926931063209248,0.9493053971730236,0.9300374121359597,0.9337692322192535,0.9775686491148365,0.6134410051336945,0.9529808977910947,0.9926931063209248,0.8261471314997642,0.9508971383859763,0.920475073311045,0.9508971383859763,0.9596053879391779,0.7964942405710984,0.8881911996032124,0.9635753483468394,0.9778748351992477,0.8689117280851084,0.9486563558223771,0.9723157551667554,0.9508971383859763,0.9288129423783751,0.8568202095114825,0.9551143900283151,0.9755396763967226,0.9621698344437759,0.9692769377093197,0.9274978432118415,0.9780296622223208,0.9192233962368055,0.8964416496516883,0.8190265517098684,0.9192233962368055,0.9250812961986936,0.9559485503920393,0.9611168424359666,0.9192233962368055,0.9635753483468394,0.9859653849226513,0.9776371308016877,0.8591300129593534,0.7874802728547545,0.9262837350880506,0.5777143866144243,0.8954023823601893,0.918079042897614,0.9926931063209248,0.9169426994374763,0.9324854129452831,0.9848910203339206,0.9975839852098576,0.9066163701727092,0.697043032056814,0.9444775685014402,0.96043708510877,0.957475478008843,0.7973401263081407,0.9324854129452833,0.9776371308016876,0.9736183137840243,0.9444775685014402,0.9140001863547293,0.9299638429727952,0.9798175375448486,0.9431134523268976,0.9559485503920393,0.9577431256853026,0.9120866389980962,0.9287243013130129,0.8972341059360845,0.8994153895442019,0.9759790834075597,0.9211232378692127,0.9950927970641261,0.9262837350880506,0.9813818316380158,0.9745118908290661,0.9097466426515983,0.9545786956633123,0.9038035415131254,0.8860505626205668,0.964551177658226,0.7595204637904256,0.9831746687645955,0.9337692322192535,0.9288789627504788,0.8255230292558121,0.9021517560872986,0.9097700783194738,0.9701881900204897,0.9418654668890594,0.8804734569104509,0.9493053971730234,0.934987490515767,0.9628215652992426,0.9736183137840243,0.9525316455696202,0.8902416609981851,0.9299638429727948,0.9014502300031322,0.9433505326956112,0.9661519036231663,0.8913895452939617,0.7960409320269942,0.9241442555546315,0.8681619357560897,0.793668867928639,0.9857705189045634,0.6127778948795627,0.9284376076039198,0.631703006942978,0.9577431256853026,0.8964416496516883,0.9350697345319547,0.0,0.9615452872130623,0.9251662135150307,0.9596053879391779,0.9140089875984803,0.9577431256853026
p363_G,0.8061163702373834,0.9540615556502023,0.9152641503417573,0.9393074128728374,0.9602211523225768,0.9704919301607371,0.8651489736914957,0.8757769776139173,0.9246724996449085,0.10311526479750599,0.9529044812989522,0.9589316626844853,0.9589316626844853,0.9393074128728371,0.9299882837257998,0.6965730689929305,0.9564441004788364,0.9463456194504825,0.967275815149292,0.9688473520249223,0.911916104177739,0.9517679141853161,0.9495505106234361,0.27474411683835687,0.9812882646010125,0.9463456194504822,0.9564441004788364,0.9345618542101832,0.9688473520249223,0.8229648286294509,0.9412650880954543,0.9643133649175286,0.9552408029353749,0.9364368411420323,0.9602211523225768,0.9672758151492922,0.9615452872130623,0.9552408029353747,0.052790958159659174,0.945305581259918,0.9212094218042226,0.9473991727811977,0.9209839463193067,0.9842981000157078,0.9564441004788364,0.8805321013495042,0.9629078616894173,0.9220700353609517,0.945305581259918,0.915264150341758,0.1270500033672336,0.8822041938925773,0.9463456194504822,0.9540615556502023,0.9552408029353747,0.9442782351269043,0.5024046396832546,0.960221152322577,0.8308063456911841,0.957673577027655,0.9264265757108794,0.8677629859955869,0.9463456194504827,0.6520321555681019,0.9657671730030435,0.8625107065618558,0.9643133649175286,0.7238495225624401,0.8197259030030244,0.967275815149292,0.9383422423783936,0.945305581259918,0.9602211523225768,0.8070018837678948,0.960221152322577,0.9110833848585063,0.9517679141853161,0.9529044812989522,0.8616255760827234,0.9704919301607371,0.33852203278982274,0.948467140918744,0.9422586572762626,0.9463456194504825,0.960221152322577,0.9354957453078969,0.9517679141853161,0.8826723723783976,0.6707076395759339,0.9589316626844855,0.960221152322577,0.915264150341758,0.8011999848286611,0.9251391858263855,0.9422586572762628,0.9220700353609518,0.9135864513673662,0.911916104177739,0.8153256438808836,0.8580546626695635,0.994242084296447,0.9629078616894173,0.9602211523225768,0.8888428923892235,0.8987127601538669,0.9672758151492922,0.9273099638694315,0.8037353107676906,0.9506503681784946,0.804127717502595,0.9028202028772292,0.47223836690468357,0.8846162930362214,0.929090574034799,0.9629078616894173,0.8656274904071579,0.9540615556502023,0.14649376057562669,0.9704919301607371,0.8888428923892238,0.9842981000157078,0.6965730689929296,0.9506503681784946,0.5285188435298713,0.9463456194504827,0.8438814653687015,0.9615452872130623,0.8913167644457044,0.9589316626844853,0.9336347991328915,0.9003549758958831,0.9629078616894173,0.9643133649175286,0.9704919301607369,0.9564441004788364,0.7428504253927599,0.7134376329597008,0.9643133649175286,0.9643133649175286,0.957673577027655,0.8826723723783977,0.9688473520249221,0.8625107065618558,0.8995337970065291,0.6905052205881459,0.9299882837258,0.916106073886044,0.7856666729248998,0.945305581259918,0.8353653627728157,0.9688473520249221,0.9264265757108794,0.7238495225624401,0.9069398281965733,0.9643133649175286,0.9453055812599178,0.9177967406513874,0.9327142329596736,0.760827233676319,0.9102521474185266,0.8295688743724916,0.9629078616894173,0.948467140918744,0.7988652819601516,0.919497451312518,0.934561854210183,0.7528949292727071,0.9212094218042226,0.9422586572762626,0.7806799850349806,0.9393074128728371,0.9589316626844855,0.9442782351269041,0.8763243374738703,0.8855324042412525,0.9044659624194149,0.9672758151492922,0.7333181087465821,0.9373855340691761,0.911083384858506,0.6012112501096867,0.9127504202483339,0.9442782351269043,0.958931662684485,0.8896682568954877,0.8855324042412522,0.9279843845372737,0.6438967509404699,0.9540615556502022,0.940281523787128,0.2639905338697751,0.9246724996449085,0.8607374764874878,0.8107770727973276,0.5765774357238362,0.960221152322577,0.27474411683835653,0.9576735770276548,0.6480163263802967,0.9082817858847672,0.9152641503417576,0.958931662684485,0.960221152322577,0.8970707874646666,0.8353653627728157,0.10311526479750699,0.960221152322577,0.7982162294178596,0.9336347991328915,0.9110833848585063,0.888016693934205,0.9255474930154988,0.9589316626844853,0.960221152322577,0.72384952256244,0.960221152322577,0.852599270700573,0.9110812357914191,0.9082817858847672,0.960221152322577,0.8913167644457044,0.960221152322577,0.8651489736914957,0.9273099638694315,0.934561854210183,0.9028202028772292,0.9629078616894173,0.8261452162494144,0.957673577027655,0.9495505106234361,0.4235217221540606,0.9264265757108794,0.8373542339687656,0.991803697936736,0.9643133649175284,0.9212094218042225,0.6809249625855593,0.9238013891436974,0.919497451312518,0.9336347991328915,0.9336347991328915,0.360645243344606,0.9102521474185263,0.9576735770276548,0.960221152322577,0.9238013891436974,0.960221152322577,0.8865499284062762,0.9336347991328913,0.9643133649175286,0.9961565139931366,0.8261452162494145,0.27474411683835664,0.9327142329596734,0.9506503681784946,0.916106073886044,0.952904481298952,0.8913167644457045,0.2478244238303975,0.8995337970065291,0.8995337970065291,0.7823606028903332,0.9589316626844855,0.9657671730030435,0.8660229158723234,0.052790958159659174,0.9064142711340986,0.7982162294178596,0.9473991727811977,0.8987127601538671,0.9019980934674425,0.9643133649175286,0.7373990487539733,0.8037353107676908,0.8261452162494142,0.9672758151492922,0.8660229158723234,0.9327142329596736,0.948467140918744,0.9229339640663332,0.9672758151492922,0.8838707840618651,0.8219504316646623,0.9657671730030435,0.9203519494821841,0.9393074128728371,0.9629078616894176,0.9364368411420323,0.8295688743724916,0.957673577027655,0.9629078616894176,0.9629078616894173,0.8422398757411221,0.967275815149292,0.8380544030567039,0.8863615183906011,0.9102521474185268,0.9157488137956811,0.967275815149292,0.9602211523225768,0.9453055812599178,0.9576735770276548,0.9643133649175286,0.8344672026399322,0.6088711804928679,0.9629078616894173,0.945305581259918,0.9345618542101832,0.8553425819761742,0.6116938173775167,0.6995182600133583,0.9110812357914191,0.8373542339687654,0.7951738539477902,0.9828112333420399,0.9688473520249221,0.9246724996449085,0.9688473520249221,0.9364368411420321,0.5841653633473123,0.929090574034799,0.9629078616894173,0.960221152322577,0.9643133649175284,0.639668492123751,0.9463456194504827,0.9672758151492922,0.9398072791970181,0.9589316626844853,0.960221152322577,0.9506503681784946,0.967275815149292,0.9704919301607371,0.981485790585267,0.8979763176038492,0.948467140918744,0.9643133649175286,0.7612950419868546,0.8660229158723236,0.9506503681784946,0.9552408029353749,0.8754775406461834,0.2478244238303975,0.9364368411420325,0.8525992707005727,0.9540615556502021,0.9299882837258,0.9704919301607371,0.8303000077421608,0.9364368411420321,0.856116501055498,0.9564441004788367,0.9589316626844855,0.9950331250804818,0.9102521474185266,0.8295688743724916,0.8498227077519456,0.8580546626695635,0.960221152322577,0.8855324042412522,0.5717909861593462,0.9373855340691761,0.9354957453078971,0.9688473520249221,0.7806799850349806,0.960221152322577,0.960221152322577,0.49285071726868745,0.6353262776927044,0.9289368665380615,0.960221152322577,0.9688473520249221,0.9602211523225768,0.9393074128728373,0.919497451312518,0.8461628292403133,0.9602211523225768,0.940281523787128,0.9517679141853161,0.868629248060816,0.8498227077519453,0.960221152322577,0.906939828196573,0.9345618542101832,0.8218918489040505,0.8197259030030242,0.940281523787128,0.8978917837274154,0.9629078616894173,0.8404071783150314,0.960221152322577,0.8412722731891724,0.9902272378284809,0.8896682568954877,0.8668942308995709,0.9615452872130625,0.9045448781262262,0.9552408029353749,0.960221152322577,0.9186457666042602,0.8470108069580575,0.960221152322577,0.9984192168061299,0.8415724373376188,0.8763243374738703,0.855342581976174,0.8344672026399322,0.960221152322577,0.8625009993910635,0.88718959219572,0.9657671730030435,0.8838707840618651,0.8553425819761739,0.9273099638694313,0.9281978840490723,0.9186457666042602,0.9629078616894173,0.9203519494821841,0.9110833848585063,0.9495505106234361,0.7683562018798867,0.9425822257685996,0.8987127601538669,0.9495505106234361,0.9643133649175286,0.9463456194504827,0.960221152322577,0.967275815149292,0.922933964066333,0.823244210297909,0.952904481298952,0.9432628256129654,0.957673577027655,0.8777627336524751,0.9615452872130625,0.957673577027655,0.9762381701099258,0.9602211523225768,0.9735307058746403,0.9052897938321482,0.9246724996449085,0.967275815149292,0.7789803726503902,0.9688473520249221,0.9540615556502021,0.9495505106234361,0.8000967040108102,0.9517679141853159,0.9688473520249221,0.8013187333394383,0.934561854210183,0.9152641503417578,0.9881161094061225,0.9517679141853164,0.9238013891436974,0.9629078616894173,0.9364368411420323,0.6520321555681019,0.9036427959670748,0.948467140918744,0.9212094218042226,0.952904481298952,0.9412650880954541,0.9120142963323283,0.8603930719852719,0.9255474930154988,0.9564441004788364,0.8219504316646624,0.959385510350397,0.5441119669791125,0.948467140918744,0.9495505106234361,0.8571539835218493,0.952904481298952,0.9223095545373879,0.948467140918744,0.9872125588573133,0.8737775624853943,0.9629078616894173,0.878853978185034,0.8607374764874873,0.9354957453078969,0.9686270243184087,0.9672758151492922,0.8525992707005727,0.6775937591229135,0.9657671730030435,0.934561854210183,0.9564441004788364,0.9564441004788369,0.9643133649175286,0.14649376057562669,0.9412650880954538,0.8633929371948168,0.9317998283510545,0.9589316626844855,0.9589316626844853,0.8979763176038493,0.6215574993952273,0.9564441004788367,0.8995337970065291,0.960221152322577,0.9657671730030435,0.960221152322577,0.960221152322577,0.8580546626695635,0.4492933739654301,0.9364368411420321,0.960221152322577,0.8270670500682895,0.7920701087559867,0.9336347991328915,0.9225524757416415,0.9497216571784262,0.8836456641177748,0.6353262776927044,0.6396684921237519,0.8746288432976692,0.30399448564507303,0.649641994069337,0.9657671730030437,0.9354957453078971,0.8208122474227109,0.88718959219572,0.9412650880954541,0.9552408029353749,0.3418241227800315,0.8506471194347118,0.9657671730030435,0.9186457666042602,0.9629078616894173,0.9220700353609517,0.42352172215405903,0.9473991727811975,0.9495505106234361,0.9194920767890467,0.9402815237871278,0.9264265757108794,0.9495505106234361,0.9373855340691764,0.9629078616894176,0.9517679141853164,0.9615452872130625,0.9327142329596736,0.8880166939342051,0.9120142963323283,0.9643133649175286,0.8880166939342051,0.360645243344608,0.8625009993910635,0.9135864513673666,0.9589316626844853,0.8218918489040508,0.9422586572762626,0.9704919301607369,0.8836456641177747,0.8796938264815499,0.639668492123751,0.8460652828957038,0.9517679141853161,0.5714316619801891,0.9077662249784124,0.960221152322577,0.9643133649175286,0.9345618542101832,0.9602211523225768,0.8913167644457045,0.9517679141853159,0.957673577027655,0.9422586572762626,0.8677629859955869,0.9836543654419934,0.8320351042588818,0.9688473520249223,0.8737775624853943,0.952904481298952,0.8954284206508372,0.957673577027655,0.9552408029353747,0.8125986986748954,0.9336347991328913,0.948467140918744,0.8635477725273676,0.9486844371905532,0.8516775459542527,0.7487632090815703,0.9918036979367357,0.8011999848286611,0.8913167644457045,0.9412650880954538,0.9688473520249223,0.9506503681784946,0.9615452872130625,0.9110812357914191,0.9238013891436974,0.916106073886044,0.9589316626844855,0.8402999971050358,0.8754775406461834,0.9704919301607371,0.7134376329597013,0.9629078616894173,0.9354957453078971,0.934561854210183,0.9473991727811975,0.5957668303856691,0.9412650880954538,0.9506503681784946,0.9203519494821839,0.952904481298952,0.9589316626844853,0.9643133649175286,0.9209839463193069,0.960221152322577,0.5652614477056332,0.8946068956234314,0.8846162930362216,0.9373855340691761,0.960221152322577,0.9085936746436276,0.8989178714642765,0.9264265757108794,0.9393074128728374,0.9246724996449083,0.9605021604012387,0.9069398281965728,0.8141886315781511,0.9961565139931364,0.9264265757108794,0.8830381436111516,0.9144243194673913,0.9657671730030437,0.9238013891436974,0.5024046396832544,0.9629078616894176,0.9336347991328913,0.9704919301607371,0.9432628256129654,0.9576735770276548,0.9704919301607371,0.9540615556502023,0.9442782351269043,0.9602211523225768,0.9138808918740069,0.9094222802137255,0.967275815149292,0.9602211523225768,0.42352172215406014,0.8186326921786737,0.8451155112420421,0.9589316626844855,0.9643133649175286,0.9564441004788367,0.9589316626844855,0.9589316626844855,0.9364368411420323,0.960221152322577,0.3606452433446061,0.6215574993952275,0.960221152322577,0.948467140918744,0.959385510350397,0.9672758151492922,0.9629078616894173,0.9657671730030435,0.9615452872130625,0.9589316626844855,0.8049301978061499,0.8888428923892238,0.9495505106234361,0.7872929989765255,0.960221152322577,0.9273099638694315,0.9629078616894173,0.948467140918744,0.8383410681534731,0.9281978840490721,0.9672758151492922,0.9615452872130625,0.43679732683706984,0.9872125588573133,0.9506503681784946,0.9602211523225768,0.5841653633473125,0.9950331250804818,0.9412650880954538,0.8737781800841438,0.952904481298952,0.9672758151492922,0.945305581259918,0.9629078616894173,0.9774358012844695,0.8763243374738703,0.960221152322577,0.9602211523225768,0.9077662249784124,0.10311526479750699,0.8729254856107438,0.9564441004788367,0.9762381701099258,0.8625107065618558,0.957673577027655,0.8363623635331233,0.8506471194347117,0.960221152322577,0.960221152322577,0.9327142329596736,0.8677629859955869,0.9238013891436971,0.7951128469173037,0.7806799850349806,0.855342581976174,0.8746288432976692,0.8368665707797875,0.9473991727811975,0.823244210297909,0.960221152322577,0.9698382173897018,0.9643133649175286,0.052790958159659174,0.9045448781262262,0.9672758151492922,0.8677629859955869,0.960221152322577,0.960221152322577,0.8240313055654187,0.9602211523225768,0.8528522236896172,0.9517679141853164,0.8880166939342051,0.9212094218042226,0.9432628256129658,0.9686270243184087,0.7967025373334677,0.8830381436111514,0.960221152322577,0.9336347991328913,0.8180076324411968,0.9615452872130623,0.9672758151492922,0.9110833848585063,0.7925608625062857,0.6065341545389948,0.9354957453078969,0.9615452872130625,0.9289368665380613,0.960221152322577,0.8642723367835958,0.5717909861593462,0.6520321555681018,0.9415831046189613,0.8946068956234314,0.9540615556502023,0.9255474930154988,0.8855324042412522,0.9657671730030435,0.8970707874646666,0.7508435140078351,0.9564441004788364,0.9688473520249221,0.9393074128728371,0.9463456194504825,0.8535173013518575,0.21791366653875854,0.9589316626844855,0.9028202028772292,0.9442782351269043,0.9336347991328913,0.9383422423783936,0.9704919301607369,0.9336347991328913,0.9704919301607371,0.9704919301607371,0.9723047356695362,0.9373855340691764,0.9186457666042602,0.9602211523225768,0.92803738317757,0.9517679141853161,0.9788198231857259,0.868629248060816,0.9552408029353752,0.9589316626844853,0.9442782351269043,0.9169502243571079,0.27474411683835664,0.8282344908280388,0.9354957453078974,0.8616255760827234,0.8441614090406864,0.960221152322577,0.915264150341758,0.9602211523225768,0.8707511192158015,0.10311526479750599,0.9473991727811975,0.9484671409187437,0.926085680719904,0.960221152322577,0.8470108069580575,0.8479521653438946,0.46108521599255603,0.830806345691184,0.8070018837678948,0.8232442102979087,0.9643133649175284,0.8607374764874878,0.9166835378272546,0.8479521653438946,0.8807174319218232,0.9495505106234361,0.8771692991060438,0.9704919301607369,0.9495505106234361,0.9602211523225768,0.9203519494821841,0.9922673407988161,0.8737781800841435,0.6396684921237517,0.8516775459542527,0.960221152322577,0.9589316626844855,0.9138808918740069,0.8913167644457045,0.9186457666042602,0.8218918489040508,0.8393229587602621,0.960221152322577,0.8472934977968181,0.892962784146768,0.9393074128728371,0.960221152322577,0.7889020793904011,0.9552408029353747,0.9672758151492922,0.9495505106234361,0.9589316626844855,0.8796938264815499,0.9463456194504827,0.9662454225678805,0.9442782351269043,0.9281978840490721,0.9495505106234361,0.8535173013518573,0.960221152322577,0.9961565139931365,0.960221152322577,0.14649376057562669,0.8694930837030936,0.9094222802137255,0.052790958159659174,0.9980151413438711,0.8451155112420421,0.9255474930154988,0.9393074128728374,0.960221152322577,0.7628646596352011,0.777725051686036,0.8830381436111514,0.9412650880954538,0.9336347991328917,0.9643133649175286,0.9412650880954543,0.536479239041855,0.9345618542101832,0.916106073886044,0.8747790258604975,0.9345618542101832,0.9393074128728374,0.9643133649175286,0.9102521474185268,0.9345618542101832,0.052790958159659174,0.9463456194504827,0.9615452872130625,0.9102521474185266,0.9589316626844853,0.536479239041855,0.948467140918744,0.9152641503417578,0.9336347991328915,0.9495505106234361,0.9327142329596738,0.4928507172686877,0.9589316626844853,0.42352172215406014,0.8884740070227128,0.9393074128728374,0.922933964066333,0.7612950419868545,0.9308912761119588,0.9281978840490723,0.945305581259918,0.27474411683835664,0.9629078616894173,0.922933964066333,0.9169502243571086,0.9432628256129656,0.9432628256129656,0.9220700353609517,0.9643133649175284,0.9657671730030435,0.7261710069879406,0.942258657276263,0.9356763192142941,0.9354957453078971,0.9412650880954541,0.729807133414448,0.9506503681784946,0.9402815237871283,0.9602211523225768,0.8720706944005916,0.9044659624194149,0.9317998283510545,0.9220700353609517,0.7737627606230961,0.9657671730030435,0.9364368411420321,0.6794328770235869,0.9463456194504822,0.9564441004788364,0.9422586572762628,0.9212094218042226,0.7309738342063724,0.8472934977968183,0.9529044812989522,0.9157488137956811,0.9589316626844853,0.7024071207326095,0.8970334570250007,0.9629078616894173,0.9615452872130623,0.6935694561765535,0.9432628256129652,0.9629078616894173,0.9203519494821841,0.7487632090815705,0.8998582096049104,0.9576735770276548,0.957673577027655,0.7628646596352012,0.948467140918744,0.9238013891436974,0.9629078616894173,0.756914256321348,0.9484671409187437,0.9657671730030437,0.916106073886044,0.9473991727811975,0.9615452872130623,0.0,0.9102521474185268,0.14649376057562669,0.8580546626695635,0.9657671730030437
p363_S,0.6572758296925125,0.8983321117969463,0.9283748764224644,0.971054302875437,0.885400876353422,0.9149900225490741,0.921514645304212,0.9156760882746413,0.3470883797468147,0.9102521474185268,0.8643222344048871,0.9155630897147409,0.8816859778305948,0.9559937244223011,0.8526160488445387,0.8339856855289651,0.9709607924834878,0.926041904948103,0.8439668118375542,0.9976243215493139,0.8772468662135615,0.9625078069904769,0.8829583596177213,0.8892155845940948,0.9691612956914407,0.4290370115258102,0.8361567121058335,0.8673421016390582,0.9102521474185266,0.8071152874863734,0.49531151910415183,0.8971901564492133,0.9024363921718173,0.4324996608772351,0.885400876353422,0.9891608609192484,0.9251662135150307,0.8464961311235872,0.9149900225490744,0.8930892657088835,0.8935461500146489,0.8757817245775488,0.9930547404043362,0.8628549293818555,0.9066666273465949,0.9135667123320277,0.8931410336709438,0.597143465470229,0.9988813525559972,0.9374655347908343,0.9356856974167589,0.8225901853706117,0.4290370115258102,0.898332111796946,0.9338198267598912,0.8655174742919489,0.9782026567459742,0.8854008763534222,0.7283064983586155,0.8780615512279368,0.39077942436028734,0.5862235943412601,0.9664712477975483,0.7931008126567496,0.8985986666492831,0.7019977099306951,0.9741812383843047,0.8892284744018379,0.756457369003173,0.9474427791084494,0.9614699181039698,0.868878538885111,0.885400876353422,0.6792001475056105,0.8854008763534222,0.7438395839048275,0.9198626585436258,0.9543810721294508,0.7056233892826125,0.9930547404043362,0.9543810721294508,0.8515386735783614,0.9892210564194159,0.8722984813209287,0.8854008763534222,0.9770864862406435,0.9625078069904767,0.7608661843455111,0.7801518379683503,0.9155630897147413,0.8854008763534222,0.9374655347908343,0.899533638676101,0.63737850718749,0.858956376551937,0.7957286869230609,0.9649342989253822,0.7649540409257376,0.7623627627625698,0.7199006428934667,0.9521560119189613,0.8931410336709438,0.835685080065568,0.8953430655286472,0.8467741137210337,0.9057246972976492,0.9817148430281428,0.7353739263020154,0.886663405916849,0.6872510991832352,0.9790934579684646,0.8484619576906176,0.5574395645853145,0.925418274393371,0.9302947288966976,0.620807497415875,0.867655656924375,0.9057246972976494,0.9149900225490737,0.6071732775539125,0.9369710552475161,0.980932677253411,0.8826561166564142,0.8307902358986594,0.8454267695073419,0.8015298869037578,0.8892155845940948,0.7371385469439533,0.9155630897147411,0.8542058822129399,0.570928393631928,0.8931410336709438,0.8971901564492131,0.9609676410723689,0.932597959811173,0.8753672951924685,0.8168882098186323,0.9873232206481498,0.8971901564492131,0.9110367363125387,0.8614219766506912,0.9102521474185268,0.6711489974950606,0.9937468029113121,0.954313895854702,0.5908052018009395,0.9331097594317861,0.6402890334311417,0.8688785388851112,0.8105439229548468,0.9102521474185266,0.9382318910988655,0.9716225754647405,0.8693462201573856,0.8971901564492135,0.5757130051675436,0.9194859668877351,0.9467200560154949,0.9914602339014673,0.9809326772534112,0.8825234802045532,0.9674484241224515,0.8515386735783614,0.9308724442911867,0.7878850887208404,0.8444007409507238,0.8106587955080418,0.7931008126567498,0.8336526153804951,0.9162820720232239,0.898102330173175,0.881685977830595,0.5875029843407807,0.9903378452117682,0.8220011859049231,0.9001096640367301,0.9057246972976496,0.8640957559199196,0.9857325546214568,0.9485542623513865,0.933058049317034,0.5737152948948794,0.8394708294649358,0.8816859778305948,0.8187560832059257,0.9650633409087783,0.5740077004260833,0.7983708394776965,0.8676556569243742,0.9511105270074123,0.9110367363125389,0.9477495492705186,0.7679475180845197,0.7247157455700599,0.8512094678478335,0.8854008763534222,0.9611168424359666,0.7262362277568402,0.8159662818432842,0.6603875774865742,0.47748980180786205,0.8816859778305948,0.8854008763534222,0.7206539454685681,0.6797408747821476,0.9102521474185268,0.8854008763534222,0.8285036741762184,0.4648272364956605,0.4559121276222553,0.5622246221068032,0.9107971116755416,0.915051350864527,0.8854008763534222,0.7903555531263553,0.8854008763534221,0.7407022804599537,0.8418176451634509,0.8017266954898563,0.8854008763534222,0.8208797798232136,0.8854008763534222,0.8595130882533637,0.6360291385917682,0.9820489050807295,0.7554308868229087,0.9210904902002871,0.76836838874476,0.8780615512279368,0.9755486419654262,0.8904552749271519,0.9354329242691541,0.7182975598949193,0.8637942492764792,0.8971901564492131,0.873457082543069,0.9058515234369648,0.9243223562721168,0.8473011978605325,0.7145150929691748,0.5329239246247994,0.9388137099150413,0.9624245135316486,0.8581369680952474,0.8854008763534222,0.9037732996076961,0.8854008763534222,0.8885213808447193,0.964202949442688,0.9356856974167589,0.8878770571301755,0.7683683887447601,0.9251662135150307,0.9858825116576089,0.8578283462385063,0.9909686521880895,0.9555600901459856,0.6264280831736697,0.9302947288966976,0.9763534563873142,0.767633298099338,0.8723900364348043,0.8816859778305952,0.8985986666492832,0.9667408173572691,0.9149900225490744,0.7972194174401085,0.7804431166224053,0.8484619576906178,0.6508982625112759,0.9995741564295746,0.8971901564492133,0.9489596882823799,0.8735937951531949,0.7081333247956296,0.9057246972976492,0.6717238926180111,0.5648012728297471,0.9816942482127167,0.8549847100918111,0.9057246972976492,0.8445784251100876,0.7033768252531528,0.9013784409842851,0.8104315638950381,0.971054302875437,0.7724757092972717,0.8637942492764794,0.7390731716804926,0.8780615512279368,0.8931410336709438,0.9674484241224515,0.8164026513855915,0.9474427791084492,0.8224043477741756,0.5552352590893919,0.759953030641916,0.856402565602072,0.9057246972976498,0.9054135909608203,0.9217745823086678,0.9769871064817433,0.8718365977455129,0.7372970608692759,0.8503216798204942,0.9302947288966976,0.8424305171733328,0.8803029307892649,0.8272934391659739,0.8605674394306895,0.8679142117335912,0.9527315027805058,0.9583838364955801,0.8998907220587694,0.9726652205019484,0.9976243215493139,0.6163502833264064,0.9102521474185266,0.934164858261108,0.8315069861698934,0.9686521643684922,0.9210904902002871,0.8854008763534222,0.6408633519402385,0.965420469600959,0.9933429596111354,0.9057246972976492,0.9786078235958557,0.8816859778305948,0.8854008763534222,0.8866634059168486,0.9057246972976496,0.9609676410723689,0.7983028217639931,0.7399603481429593,0.9816942482127167,0.8971901564492133,0.9067143160164937,0.8003510841643688,0.9979963553697828,0.56404521983092,0.9587547784071373,0.9953978806517948,0.5497840091849491,0.8337317084373121,0.6108446102419096,0.6344403429748716,0.9609676410723689,0.7655481605176863,0.9576217279226507,0.7679617003910136,0.9066666273465951,0.8816859778305952,0.966476651909669,0.8710020129724894,0.7239370377558945,0.7357065290970635,0.8360574530824836,0.8854008763534222,0.5763064091514973,0.9069445068121538,0.9620012761274979,0.8373631026438322,0.9976243215493139,0.8201202415073898,0.8854008763534222,0.8854008763534222,0.868878538885111,0.8244134553929048,0.9816041948012666,0.8854008763534221,0.9102521474185266,0.9054135909608206,0.9710543028754369,0.7680797190076101,0.784682239953943,0.9202651318010484,0.8025817780070985,0.9492700421601004,0.871328835919289,0.8400690357923668,0.8854008763534222,0.7681525130537994,0.9720683735426019,0.7710511775881252,0.7798219153430044,0.827956679514668,0.9663827257271632,0.8931410336709438,0.7686882033769626,0.8854008763534222,0.8435143891112884,0.9797853285752776,0.5858430742143146,0.8965207831190922,0.8892155845940946,0.8995336386761013,0.9024363921718168,0.8854008763534222,0.8049657314867167,0.7155407636650553,0.8854008763534222,0.951110527007412,0.6667606484947177,0.7709925103923514,0.8425458061980076,0.7523802651801641,0.8854008763534222,0.8695743119211643,0.6493645596459074,0.9413830194575714,0.97485899817387,0.8730505402620751,0.9121029296440538,0.5427310245464545,0.9196568156520535,0.8931410336709438,0.8503216798204942,0.43730170230893184,0.8546597599343508,0.6135629496984829,0.9082616507250614,0.8814173981188056,0.8546597599343506,0.8971901564492131,0.7783692651024385,0.8854008763534222,0.9474427791084492,0.9569389602184267,0.6916344856034654,0.8943418469797417,0.8365455300348619,0.9110367363125387,0.6057067342287884,0.9251662135150305,0.8780615512279368,0.8643222344048871,0.8008208246179418,0.8983321117969463,0.7989403263273571,0.9072632718789326,0.9057246972976498,0.6396232507002728,0.9976243215493139,0.9176091589676258,0.8829583596177213,0.8310266748190961,0.9036930397575285,0.8276313301891112,0.6386440084514802,0.8214593802623897,0.9475405319634216,0.8757817245775488,0.8610478913106772,0.8421261296144329,0.9302947288966976,0.8403373796149365,0.9337242849578087,0.9575656187138193,0.9538997351778965,0.7046725005537503,0.9243614595545964,0.4953115191041517,0.9555938812663824,0.8101807769977731,0.9316784101447038,0.9647450423796193,0.7033768252531524,0.8868031458438324,0.922419654407262,0.907127699648002,0.8829583596177213,0.8331351872721204,0.9243614595545964,0.763153066945223,0.8793331866131817,0.9677003624281724,0.8195250698701007,0.9953978806517947,0.9555021539556636,0.6910612603127237,0.9075050820723218,0.8533680150714891,0.8856848936483532,0.848930494548124,0.6499807016764776,0.8585940881759968,0.8803029307892649,0.8361567121058333,0.8745195447781486,0.9741812383843047,0.9057246972976494,0.8307902358986592,0.7300396774425846,0.89248794072071,0.9155630897147413,0.9155630897147413,0.8596279066643973,0.8967690611659009,0.8745195447781489,0.8671064248967049,0.8854008763534222,0.9013784409842849,0.8854008763534222,0.8854008763534222,0.7045888530995337,0.8546597599343508,0.9810785975841936,0.8854008763534222,0.7626554676430917,0.6722153294799216,0.9450014663851259,0.972862566692309,0.7500274497143586,0.7585505034177367,0.9694006342434534,0.7804789596211701,0.6484356095518453,0.9338198267598912,0.8927229864114153,0.9013784409842849,0.5132104584518331,0.7978758881887058,0.6493645596459074,0.9555862071944341,0.9406464348878109,0.8780615512279373,0.9919040259894263,0.9013784409842849,0.9393266337135701,0.8931410336709438,0.9576294462848491,0.9492700421601004,0.8510206065531403,0.8546597599343506,0.6795585783464506,0.9011048560012944,0.5592263372029274,0.9395555589844624,0.9857325546214564,0.9953978806517948,0.9786774257765747,0.8950806418802894,0.9858825116576089,0.7440567178071373,0.8447221386954857,0.8971901564492133,0.8261583287193457,0.9388137099150415,0.7050282515278712,0.8457223559571874,0.9494402015988872,0.8308751840758536,0.8589563765519364,0.8551218848344515,0.8341605160655405,0.5914209187963623,0.7804789596211701,0.8282483010620805,0.9492700421601004,0.9817148430281426,0.8831572378159461,0.8854008763534222,0.8971901564492131,0.6379284947557167,0.9202651318010482,0.8041315332473618,0.919862658543626,0.7921865979260443,0.9854751824091426,0.8216180679211564,0.9189514425986853,0.7457577107853592,0.9102521474185268,0.8495513085597197,0.9243614595545964,0.9886151405024639,0.8780615512279368,0.8710529575837422,0.8168666899477834,0.9677003624281724,0.9538997351778964,0.8342999149536297,0.5129912808292975,0.8156120338555732,0.8096926379830465,0.9250939237696354,0.8355534207570855,0.7873832866715094,0.919617821509791,0.9102521474185266,0.9403262360130985,0.9611168424359666,0.7786019983769761,0.952383303741357,0.7788193787483106,0.8816859778305952,0.7954339136657298,0.8793817066208733,0.9470771218810413,0.949789304794804,0.958244185426041,0.9770864862406434,0.8803029307892647,0.8484619576906178,0.7983708394776967,0.9306270129352789,0.944333525273533,0.8104315638950382,0.864322234404886,0.9494402015988874,0.8971901564492131,0.9149900225490744,0.8854008763534222,0.8872511189380223,0.8322760129113207,0.7088009038312961,0.9668048883906253,0.8854008763534221,0.6224268949611307,0.8815446721882454,0.9564887883744841,0.9710543028754368,0.7829885471498914,0.9667061875043792,0.6518454600840939,0.9812245084527205,0.8622112935825186,0.9143770601638239,0.6061813061264696,0.9248999010300969,0.9013784409842849,0.965420469600959,0.995750698427013,0.9302947288966976,0.945001466385126,0.9609676410723689,0.9392085842254891,0.8251617830106454,0.9149900225490741,0.8676556569243747,0.9000627222649352,0.885400876353422,0.8664603681507039,0.7758712729626833,0.9474427791084492,0.9202651318010484,0.8610478913106774,0.819338996200125,0.7372970608692759,0.8816859778305952,0.9356856974167589,0.9066666273465949,0.8816859778305952,0.9155630897147413,0.8403373796149365,0.8854008763534222,0.8745195447781486,0.8330597247692187,0.8854008763534222,0.8705161960734356,0.9058515234369646,0.9057246972976496,0.8931410336709438,0.9013784409842849,0.8892155845940948,0.8816859778305952,0.8254944573179577,0.5905904889899979,0.8057570438652029,0.8190006205913208,0.8854008763534222,0.918005506631461,0.9674484241224515,0.8515386735783614,0.7450944691304255,0.8855047675049792,0.9057246972976496,0.9251662135150307,0.915498465595191,0.9869018454857346,0.9114911763347562,0.8854008763534222,0.8088080901268468,0.9614699181039698,0.9555862071944341,0.6840650039379887,0.9855797027208402,0.9474427791084492,0.9988813525559972,0.8931410336709438,0.8908664841784935,0.6721116526839257,0.8854008763534222,0.885400876353422,0.7525002818927509,0.9102521474185268,0.9019981006889815,0.8745195447781486,0.9243614595545964,0.6865733537128782,0.9110367363125387,0.75150972371205,0.767342512232443,0.8854008763534222,0.8854008763534222,0.8286218362281845,0.8995336386761009,0.993481417070199,0.7887945084768582,0.6117696087230795,0.8272934391659736,0.7972056775936733,0.7438840498077789,0.9602996741008646,0.7068504941403246,0.8854008763534222,0.8766790666039548,0.8971901564492131,0.9149900225490744,0.8839505245251122,0.9057246972976492,0.6797222792471944,0.8854008763534222,0.8854008763534222,0.7772043763399653,0.9751421018560731,0.7736012925392989,0.8904552749271519,0.9088092813104065,0.7931008126567498,0.9392085842254891,0.8935461500146489,0.6525461308297795,0.8903960430903863,0.8854008763534221,0.918805157356595,0.7081251697633606,0.8892155845940948,0.9057246972976496,0.9113334117247391,0.7188620543322037,0.8855731041118606,0.9075050820723218,0.8892155845940948,0.7320545423102587,0.8854008763534222,0.6946744627454302,0.9301383082015944,0.6444052981390107,0.8526665939023921,0.9342037480270233,0.9789620687127683,0.9639150975094835,0.9486836891252168,0.9413830194575714,0.7466625634429682,0.6216859620443674,0.9066666273465949,0.9102521474185266,0.9559937244223011,0.8454267695073416,0.7372825112140435,0.9741812383843045,0.8816859778305952,0.6605226717181107,0.9261093670919482,0.9415040533996415,0.8944232219233077,0.9609676410723691,0.964202949442688,0.9149900225490744,0.9609676410723691,0.924322356272117,0.890807440645621,0.4082415460526304,0.870549335513194,0.9539382344839202,0.919862658543626,0.8904552749271517,0.9181655169794594,0.9024363921718177,0.9489284627486736,0.9176107639459743,0.5404827426833784,0.8892155845940948,0.7767161974552452,0.8141693012543916,0.7518247444971475,0.7707408536012255,0.8854008763534222,0.9374655347908343,0.8356850800655677,0.8896236051257387,0.9102521474185268,0.9031014914644799,0.48139301358595277,0.8800680426220344,0.8854008763534222,0.7457577107853592,0.8341605160655405,0.8793331866131817,0.7424234131067537,0.6792001475056105,0.7220665026771842,0.8971901564492131,0.6938486775129113,0.7471515211713564,0.697057405518072,0.7951236054931938,0.9472500422820557,0.9172679748516661,0.9149900225490741,0.9395555589844624,0.9202651318010484,0.8702667377832225,0.9746706257322246,0.6366532688481326,0.821577072950012,0.8156120338555732,0.9899936426963007,0.8816859778305952,0.6402890334311415,0.8711245195507697,0.8836450037327823,0.7411391743442608,0.777447122459227,0.8854008763534222,0.7428909550803615,0.8096926379830465,0.9559937244223012,0.8854008763534222,0.6325967891845745,0.8710529575837425,0.9057246972976492,0.8829583596177213,0.8816859778305952,0.7498138785168642,0.9260419049481033,0.9859387858531448,0.8915641191189616,0.9216850020808507,0.911256959301092,0.851885258290753,0.8854008763534222,0.9135428206778322,0.8854008763534222,0.9057246972976494,0.9368644003029558,0.45096804136168867,0.9149900225490744,0.9095638988948185,0.7498739925605296,0.5045265311879055,0.971054302875437,0.8854008763534222,0.7464310197588331,0.6360321951196746,0.8254382816990125,0.9944954042872559,0.8315069861698938,0.9741812383843047,0.8307902358986601,0.827956679514668,0.8344202094125963,0.6052427004794003,0.8225113572467451,0.8344202094125963,0.849467681705,0.7563499748428761,0.7414448669201534,0.8344202094125963,0.9149900225490744,0.9664712477975483,0.9669818997221614,0.8710020129724896,0.7795429033279415,0.9264797575088635,0.990511238752463,0.2858332463982889,0.8315069861698936,0.9395555589844624,0.36260897584905916,0.9988813525559971,0.9155630897147411,0.8904552749271517,0.7103047082383303,0.9559937244223013,0.9003250896043116,0.8128615458081634,0.8907368956049395,0.793144848471405,0.760849157149992,0.9611168424359666,0.8931410336709438,0.5287311096866436,0.9548458029436195,0.804133780297941,0.9392085842254891,0.5566682756297817,0.8971901564492131,0.9013784409842849,0.7328405437926264,0.4831458329905963,0.9431787329150122,0.7915360751251191,0.9944954042872559,0.7168332186312043,0.8826561166564143,0.5070125440245095,0.9202651318010484,0.597454536618738,0.9927146432441705,0.9963042729622743,0.5769058705500054,0.6606413474160411,0.9813875979308577,0.9341648582611077,0.7200341327950912,0.4021652997122229,0.9004508772427267,0.8842601377233779,0.9658303776842916,0.7105663061807241,0.7176282596999839,0.8655012524214223,0.8244276239366068,0.8134200152120878,0.9014713992565235,0.7987020211932381,0.8839367949745334,0.9251662135150307,0.6420163807554911,0.3934815635354305,0.9302947288966976,0.9301019116714064,0.5325623188370715,0.7763866000393189,0.8911121531798494,0.9110367363125393,0.6446921264589462,0.9905112387524628,0.9318342470769363,0.8931410336709438,0.5525697872155133,0.8793331866131817,0.9013784409842849,0.39309342703962025,0.8783403734400713,0.9251662135150307,0.9102521474185268,0.0,0.947442779108449,0.7441867143188865,0.9013784409842849
p364_E,0.8301944662164019,0.9517441295565183,0.9109895373928902,0.9910578376517607,0.9582144552981327,0.9690033562225546,0.8583462338175076,0.866122503017303,0.9208725034246266,0.14649376057562669,0.981806004004675,0.9568599156354451,0.9568599156354451,0.9362456943690349,0.9264564493231808,0.7188125664051562,0.9542468650366516,0.9436389526644002,0.965625,0.9672758151492922,0.9074725945748128,0.9493347822888889,0.9470055188469617,0.3110882524899775,0.9868438546677248,0.9436389526644,0.9542468650366516,0.9312607396704553,0.9672758151492922,0.8814543472273346,0.9383021271292233,0.9625131050152522,0.9529828655437629,0.9332303128187658,0.9582144552981327,0.965625,0.9596053879391782,0.9529828655437629,0.09827945374704139,0.942546448360206,0.9172347260035336,0.9447456538980155,0.8237261571040235,0.9784926679114252,0.9542468650366516,0.8745053838668204,0.9610366993022685,0.9637550377043789,0.942546448360206,0.9109895373928902,0.083012876526942,0.876261827348312,0.9436389526644,0.9517441295565183,0.9529828655437629,0.9414672763813332,0.471431768534462,0.9582144552981327,0.8188625911515808,0.9555383641697375,0.9227150661971701,0.861092113458608,0.9436389526644005,0.6299503038670398,0.964040252388596,0.855574875783836,0.9625131050152524,0.7470626103202576,0.810631735747056,0.965625,0.9352318345617441,0.942546448360206,0.9582144552981327,0.7937778688175781,0.9582144552981327,0.906597867618917,0.9843798933538865,0.9505286850464207,0.8546450937171786,0.9690033562225546,0.37281820546453937,0.9458674971126175,0.9393458182324887,0.9436389526644002,0.9582144552981327,0.932241742150131,0.9493347822888889,0.9074031733450509,0.693472709553191,0.9568599156354451,0.9582144552981327,0.9109895373928902,0.8227836741603319,0.9176596541595283,0.9963814266559157,0.9181387543589389,0.9092272046561756,0.9074725945748128,0.8371143869467406,0.8854073782202485,0.941467276381333,0.9610366993022685,0.9582144552981327,0.9206136392290398,0.8936031902522539,0.9656250000000002,0.9236430180495618,0.7938344767596348,0.9481608601832734,0.8257456842344688,0.8979178384019253,0.5010365109578355,0.9095012704040786,0.9255134534695351,0.9610366993022685,0.889211310110831,0.9517441295565183,0.1880681818181823,0.9690033562225546,0.8832354238447049,0.971374043910277,0.7188125664051562,0.9481608601832734,0.5553673955097731,0.9957912204911729,0.8326235870570966,0.9596053879391782,0.8858340936764979,0.9568599156354454,0.9302869180633684,0.8953282497576125,0.9610366993022685,0.9625131050152524,0.9690033562225546,0.9542468650366516,0.7298781721393242,0.6949360932076512,0.9625131050152524,0.9625131050152524,0.9555383641697377,0.8733481182086195,0.967275815149292,0.8555748757838357,0.8944656454039726,0.7128591674615046,0.9264564493231808,0.9553459570547012,0.807132551826844,0.942546448360206,0.894643490961601,0.967275815149292,0.9227150661971699,0.7470626103202576,0.9022452837148789,0.9625131050152524,0.9425464483602062,0.9136498875984242,0.9293199127017768,0.7822955362017104,0.9057246972976496,0.8516769112886904,0.9552175050422179,0.9458674971126175,0.8227168701728211,0.9154363928771065,0.9312607396704553,0.7366542680310026,0.9172347260035336,0.9393458182324887,0.8021289398337758,0.9910578376517607,0.9568599156354449,0.9414672763813332,0.9059500308908427,0.9166782713163664,0.8996466204791784,0.965625,0.7550042418557994,0.9342268638258988,0.9065978676189168,0.6257757457430688,0.9083489988323226,0.9414672763813328,0.9568599156354451,0.8841024249642824,0.8797579337068848,0.92061363922904,0.6672982009945441,0.9517441295565183,0.9927876060457907,0.3011888348294096,0.9208725034246268,0.853712192753395,0.801231469866508,0.6501387041207709,0.9582144552981327,0.3110882524899772,0.9555383641697377,0.6713146955321038,0.8647169462584843,0.9109895373928902,0.9568599156354451,0.9582144552981327,0.891878386060835,0.8608518199425026,0.14649376057562757,0.9582144552981327,0.7845111847199957,0.9302869180633686,0.906597867618917,0.8823675467067158,0.9217916370027819,0.9568599156354451,0.9582144552981327,0.7099187434240755,0.9582144552981325,0.8794220672691386,0.9030333503116557,0.8647169462584843,0.9582144552981327,0.8858340936764979,0.9582144552981327,0.8583462338175076,0.9236430180495616,0.9312607396704553,0.8979178384019255,0.9610366993022685,0.8173748798116494,0.9555383641697375,0.9470055188469617,0.45409729849609315,0.9227150661971699,0.8291493513794035,0.9861029598450541,0.9625131050152524,0.9172347260035336,0.7034709661430429,0.9199574485923752,0.9600784247075336,0.9302869180633684,0.9302869180633684,0.3936067758446171,0.9057246972976496,0.9555383641697377,0.9582144552981327,0.9199574485923747,0.9582144552981327,0.911593492269333,0.9302869180633686,0.9625131050152522,0.998252218275079,0.8173748798116494,0.3110882524899772,0.9293199127017768,0.9481608601832732,0.9118739328932484,0.9505286850464205,0.8858340936764979,0.28525113979810734,0.9728761310858693,0.8944656454039726,0.8038142058245119,0.9568599156354451,0.964040252388596,0.8942631579092646,0.09827945374704139,0.8629094882524138,0.7845111847199957,0.9447456538980152,0.8936031902522537,0.8970542565865078,0.9625131050152524,0.72415179353545,0.793834476759635,0.8173748798116494,0.9656250000000002,0.8592642631772309,0.9293199127017768,0.99148264814709,0.9190462651000917,0.9656250000000002,0.8780124908814333,0.8438724100085818,0.964040252388596,0.9163339973465923,0.9362456943690349,0.9610366993022685,0.9332303128187658,0.8516769112886904,0.9555383641697375,0.9610366993022685,0.9610366993022685,0.8342814558669873,0.965625,0.8604151780400966,0.9176596541595285,0.9057246972976492,0.9078950156090664,0.965625,0.9582144552981327,0.942546448360206,0.9555383641697377,0.9625131050152524,0.8227168701728212,0.6340970598242208,0.9610366993022685,0.942546448360206,0.9312607396704553,0.8480451455932454,0.587232655194813,0.6802106944931963,0.9030333503116557,0.862972057535754,0.7813013083783409,0.9740699527808631,0.9672758151492922,0.9675591368764067,0.9672758151492922,0.9332303128187658,0.6092357624483302,0.9255134534695351,0.9610366993022685,0.9582144552981327,0.9625131050152524,0.6631775852479829,0.9436389526644005,0.9656250000000002,0.8556161648936054,0.9568599156354451,0.9582144552981327,0.9481608601832732,0.965625,0.9690033562225546,0.9756340559373771,0.9240714630961303,0.9458674971126175,0.9625131050152524,0.7845111847199956,0.8592642631772307,0.986843854667725,0.9529828655437631,0.9049778037814087,0.28525113979810746,0.9332303128187658,0.8451634443215719,0.9517441295565183,0.9264564493231808,0.9690033562225546,0.8217392653025241,0.9332303128187658,0.8792005618832209,0.9542468650366516,0.9568599156354451,0.9893688617336198,0.9057246972976496,0.8175595086733718,0.842246813951878,0.8508940408143364,0.9582144552981327,0.8797579337068848,0.4926817617394412,0.9342268638258988,0.9845214236147153,0.967275815149292,0.8021289398337758,0.9582144552981327,0.9582144552981327,0.5209202277057925,0.6589477955093515,0.9591016377439943,0.9582144552981325,0.9672758151492922,0.9582144552981327,0.9362456943690349,0.9154363928771063,0.835023140885607,0.9582144552981327,0.9372689456075765,0.9493347822888889,0.8620020752690567,0.842246813951878,0.9582144552981327,0.9022452837148789,0.9312607396704553,0.8129069456777992,0.844349269618882,0.9372689456075762,0.9316266645899962,0.9610366993022685,0.8289684270198122,0.9582144552981327,0.8332650413138045,0.9957912204911729,0.8841024249642824,0.8601795328531072,0.9596053879391779,0.8962170259453925,0.9529828655437629,0.9582144552981327,0.9145417437978427,0.8733481182086196,0.9582144552981327,0.9372689456075765,0.8640532804828903,0.8700853537305535,0.8824245419081029,0.8567149674919383,0.9582144552981327,0.8521929255346838,0.9186425876141024,0.964040252388596,0.8780124908814333,0.8480451455932454,0.9236430180495616,0.9245757305468909,0.9145417437978427,0.9610366993022685,0.9163339973465923,0.906597867618917,0.9470055188469617,0.7898018532418963,0.9357316532939286,0.8936031902522537,0.9470055188469617,0.9625131050152524,0.9436389526644005,0.9582144552981327,0.965625,0.9190462651000917,0.8451952273822534,0.9505286850464207,0.9404006431802037,0.9555383641697377,0.9021266483320799,0.9596053879391779,0.9555383641697377,0.9505286850464207,0.9582144552981327,0.9791100127950296,0.9005120111662774,0.9675591368764067,0.965625,0.8004256915114937,0.9672758151492922,0.9517441295565183,0.9470055188469617,0.8239839302585489,0.9843798933538864,0.967275815149292,0.8252424423240546,0.9312607396704553,0.9541896299485404,0.9936745866415239,0.9493347822888891,0.9199574485923747,0.9552175050422179,0.9332303128187658,0.6752318008799827,0.8987819282972858,0.9914826481470902,0.9172347260035334,0.9505286850464207,0.9383021271292233,0.9397068954970855,0.8499792765287963,0.9217916370027819,0.9542468650366516,0.8438724100085819,0.95304308387742,0.570445016086435,0.9288327934067979,0.9470055188469617,0.8499479257057734,0.9505286850464205,0.951426791823698,0.9458674971126175,0.98145106467318,0.8640260909583649,0.9610366993022685,0.8727426055411924,0.853712192753395,0.932241742150131,0.9922022799705809,0.965625,0.8451634443215716,0.7002096296062613,0.964040252388596,0.9312607396704551,0.9542468650366518,0.9542468650366516,0.9625131050152524,0.1880681818181823,0.9383021271292231,0.8565016117177141,0.9283593797331273,0.9568599156354451,0.9568599156354451,0.8893582784066543,0.6455474190141607,0.9542468650366516,0.8944656454039724,0.9582144552981327,0.964040252388596,0.9582144552981327,0.9582144552981327,0.8508940408143364,0.4789197198624878,0.9332303128187658,0.9582144552981327,0.8491099208008113,0.8135720944084264,0.98145106467318,0.9002392922528992,0.9430998431724231,0.9084530093995205,0.6589477955093513,0.6631775852479849,0.8683043280893408,0.3396229751373937,0.6739163003846316,0.964040252388596,0.932241742150131,0.8792005618832213,0.8814987207179201,0.9383021271292233,0.9529828655437629,0.37551611492949577,0.8397383481014533,0.964040252388596,0.9145417437978427,0.9610366993022685,0.918138754358939,0.4540972984960917,0.9447456538980155,0.9470055188469617,0.948195970795533,0.9372689456075765,0.9227150661971701,0.9470055188469617,0.934226863825899,0.9610366993022685,0.9493347822888891,0.9593605721085061,0.9293199127017768,0.8823675467067158,0.9040056117932131,0.9625131050152524,0.8823675467067158,0.3936067758446191,0.8859104594065099,0.9092272046561756,0.9568599156354451,0.8129069456777993,0.9393458182324887,0.9690033562225546,0.8402819095372958,0.8736248211051396,0.6631775852479833,0.8382998407874562,0.9493347822888891,0.5976796897990184,0.9441754367900737,0.9582144552981327,0.9625131050152524,0.9312607396704553,0.9582144552981327,0.9235852575057479,0.9493347822888889,0.9555383641697377,0.9393458182324887,0.861092113458608,0.9254223119773604,0.8542114406999303,0.9672758151492922,0.8978662141860194,0.9505286850464207,0.8901531678626451,0.9555383641697377,0.9529828655437629,0.7650180104070299,0.9302869180633686,0.9914826481470902,0.8532920118076429,0.9826828468467492,0.8441952219411115,0.7703026538032494,0.9610243931286575,0.8227836741603318,0.8858340936764979,0.9383021271292231,0.9672758151492922,0.9481608601832734,0.9596053879391779,0.9030333503116557,0.9199574485923747,0.9118739328932484,0.9568599156354449,0.8661225030173026,0.8691958391075139,0.9690033562225546,0.694936093207651,0.9610366993022685,0.932241742150131,0.9829714105092717,0.9447456538980152,0.667298200994543,0.9383021271292231,0.9481608601832734,0.9612908916295111,0.9505286850464207,0.96677982808291,0.9625131050152524,0.9690033562225546,0.9582144552981327,0.5909158639446388,0.9275816772658132,0.87538386778876,0.9342268638258988,0.9582144552981325,0.9039825606517029,0.8903419420496905,0.9227150661971699,0.9362456943690349,0.9208725034246263,0.9109895373928902,0.9430998431724231,0.8385696706637014,0.9404006431802039,0.9701757583840656,0.8771378467726847,0.910107340129978,0.964040252388596,0.9199574485923747,0.5301418640428824,0.9610366993022685,0.9302869180633686,0.9690033562225546,0.9404006431802039,0.9555383641697375,0.9690033562225546,0.9517441295565183,0.9998226281102464,0.9582144552981327,0.9059500308908426,0.9048529663349028,0.965625,0.9582144552981327,0.4540972984960927,0.8432058376194186,0.8713002539551251,0.9568599156354451,0.9625131050152524,0.9542468650366516,0.9568599156354451,0.9568599156354451,0.9861029598450541,0.9582144552981327,0.39360677584461723,0.6455474190141604,0.9582144552981327,0.9458674971126175,0.9530430838774198,0.9656250000000002,0.9610366993022685,0.964040252388596,0.9596053879391779,0.9568599156354449,0.7950896414683803,0.8832354238447049,0.9470055188469617,0.8087664788274309,0.9582144552981327,0.9236430180495618,0.9552175050422179,0.9914826481470902,0.8301859677307102,0.9245757305468909,0.965625,0.9596053879391779,0.4668815734757126,0.9302869180633686,0.9481608601832734,0.9582144552981327,0.6092357624483304,0.9893688617336196,0.9383021271292233,0.8674107520354715,0.9505286850464207,0.9403409090909087,0.942546448360206,0.9610366993022685,0.971510747264704,0.8700853537305533,0.9582144552981327,0.9582144552981327,0.9441754367900734,0.14649376057562757,0.8665150422521173,0.9542468650366516,0.914140693055771,0.855574875783836,0.9555383641697377,0.8281074447167714,0.8734830089019743,0.9582144552981327,0.9582144552981327,0.9293199127017768,0.8610921134586081,0.9199574485923749,0.7847770412204684,0.8021289398337758,0.8824245419081023,0.8683043280893403,0.8591888927881027,0.9447456538980155,0.8451952273822534,0.9582144552981327,0.9906286789501816,0.9625131050152524,0.09827945374704139,0.8962170259453925,0.9656250000000002,0.8962170259453923,0.9582144552981327,0.9582144552981327,0.8151543300838584,0.9582144552981327,0.875784918869527,0.9493347822888889,0.8823675467067158,0.9172347260035336,0.9438962066300457,0.9172347260035334,0.8182413486180345,0.8771378467726847,0.9582144552981325,0.9302869180633686,0.8398472656040805,0.9596053879391782,0.965625,0.9065978676189168,0.8162469428700425,0.6309450911490522,0.932241742150131,0.9596053879391779,0.8841024249642826,0.9582144552981327,0.857425373791612,0.5972411246686107,0.6752318008799825,0.8953282497576123,0.9658731546220685,0.9517441295565183,0.9217916370027819,0.8797579337068848,0.964040252388596,0.9306102629156658,0.7723678106736597,0.9732924283946004,0.9672758151492922,0.9910578376517607,0.9436389526644002,0.8461277862534455,0.25655360715563325,0.9568599156354449,0.8979178384019255,0.941467276381333,0.9673847887170084,0.9352318345617441,0.9690033562225546,0.9302869180633686,0.9690033562225546,0.9690033562225546,0.987405892261038,0.934226863825899,0.9145417437978427,0.9582144552981327,0.9672758151492922,0.9493347822888889,0.9493347822888889,0.8620020752690567,0.9529828655437631,0.9568599156354454,0.9414672763813328,0.9127606676606757,0.3110882524899772,0.8532920118076425,0.932241742150131,0.8546450937171788,0.8362999234766119,0.9582144552981327,0.9109895373928902,0.9632002305182421,0.8608518199425026,0.14649376057562669,0.9447456538980155,0.9458674971126177,0.9557864545102848,0.9582144552981327,0.839293063072188,0.8743674594684081,0.49028381022475076,0.8529481410826931,0.828657544556659,0.8451952273822536,0.9625131050152524,0.853712192753395,0.9449933732356441,0.8402819095372958,0.9052983512742422,0.9470055188469617,0.9069223990541826,0.9690033562225546,0.9470055188469617,0.9582144552981327,0.9612908916295111,0.9978387378693493,0.8674107520354712,0.6631775852479849,0.8441952219411113,0.9582144552981327,0.9568599156354451,0.9059500308908428,0.8858340936764979,0.9145417437978427,0.8129069456777993,0.8312173911187126,0.9582144552981327,0.8699902529647099,0.8875631490366904,0.9362456943690349,0.9582144552981327,0.8103841185758076,0.9529828655437629,0.9656250000000002,0.9470055188469617,0.9568599156354451,0.9098414308144025,0.9436389526644003,0.9952795434620394,0.941467276381333,0.9245757305468909,0.9470055188469617,0.8461277862534455,0.9582144552981327,0.9404006431802039,0.9582144552981327,0.1880681818181823,0.9334253536579322,0.9048529663349028,0.09827945374704139,0.9963814266559157,0.8713002539551251,0.9217916370027819,0.9362456943690349,0.9582144552981327,0.7509020511212645,0.8011222595526781,0.9137421426486894,0.9383021271292231,0.9302869180633686,0.9625131050152524,0.9383021271292233,0.5630631104484924,0.9312607396704553,0.9118739328932484,0.8989350196516899,0.9312607396704553,0.9362456943690349,0.9625131050152524,0.9057246972976492,0.9312607396704553,0.09827945374704139,0.9436389526644005,0.9596053879391779,0.947442779108449,0.9568599156354454,0.5630631104484922,0.9458674971126175,0.9109895373928902,0.9302869180633684,0.9470055188469617,0.9293199127017768,0.5209202277057926,0.9568599156354451,0.4540972984960927,0.8794220672691386,0.9362456943690349,0.9190462651000915,0.7845111847199957,0.9274049943645877,0.9245757305468911,0.9978387378693493,0.3110882524899772,0.9610366993022685,0.9190462651000915,0.9127606676606757,0.9404006431802039,0.998252218275079,0.9181387543589388,0.9625131050152524,0.964040252388596,0.7084032819525644,0.9393458182324887,0.8901531678626451,0.9845214236147153,0.9383021271292233,0.716176893901227,0.9481608601832734,0.9372689456075762,0.9582144552981327,0.8656171299593258,0.8996466204791784,0.9283593797331273,0.918138754358939,0.795203398739586,0.964040252388596,0.9861029598450541,0.7430470265323554,0.9436389526644,0.9542468650366518,0.9393458182324887,0.9625162230164763,0.7526871690274917,0.836212210367629,0.9505286850464207,0.9439313629298691,0.9568599156354454,0.7245421772462481,0.9230339739969549,0.9610366993022685,0.9596053879391779,0.7158648835842754,0.9404006431802034,0.9610366993022685,0.9163339973465923,0.7703026538032497,0.9261467239192342,0.9555383641697377,0.9555383641697375,0.7860925850857807,0.9914826481470902,0.9199574485923749,0.9610366993022685,0.7784011175270165,0.9458674971126175,0.964040252388596,0.9118739328932484,0.9447456538980155,0.9596053879391779,0.14649376057562669,0.947442779108449,0.0,0.8508940408143364,0.964040252388596
p364_GAP,0.6012407348299429,0.9301513240863678,0.8041745210052791,0.8240460642962535,0.8475930273944763,0.9035853419274651,0.4090360636735546,0.47177655271251084,0.6739097604819413,0.8580546626695635,0.9344230599677561,0.9249804020540653,0.8969538931148957,0.813835265954896,0.75319408077852,0.9279281918460807,0.9856980188943207,0.9778362162012753,0.9075125973442777,0.9303375959870628,0.7380001980281132,0.8532192563266274,0.9808323500953164,0.8247832035705709,0.8705619925440007,0.7555267484019443,0.8527217338948869,0.7967315177143726,0.9664790626458124,0.5150374835070524,0.7323775850440062,0.9010904619217455,0.7960571656361157,0.7491896426899867,0.8475930273944763,0.9075125973442777,0.8247832035705709,0.7625634770694314,0.8655480930335329,0.7678427065836787,0.7074737191284055,0.8780468350156961,0.9035853419274651,0.8364530339900269,0.9611114671059056,0.935418956087523,0.8924661473774316,0.7286291112416681,0.9039508692101612,0.931020379219081,0.8373957982954758,0.9740135176035026,0.7555267484019443,0.727122461496577,0.9962349015194361,0.8969454111778046,0.8969454111778046,0.7197593917099125,0.9922140580984729,0.8071419677837104,0.7518642165443494,0.9647128095301329,0.8887781031191273,0.7905720704573598,0.9433072675424814,0.7946359714065918,0.9647851255480144,0.8460015985914298,0.6983555597098627,0.9544340530320736,0.8040622183232609,0.9039508692101612,0.9216615961278638,0.8040266682126329,0.7197593917099125,0.7950093838324745,0.9505340808752232,0.9662361292740161,0.9046173478269544,0.9062284136028745,0.8847526545886426,0.8801652426328301,0.6350817991772544,0.799988641961811,0.7197593917099125,0.7374518958671805,0.9505340808752232,0.9028760839027306,0.8785201214536571,0.7387014906758973,0.7197593917099125,0.7835764397998668,0.9647128095301329,0.9307289801091043,0.8234858408152018,0.6518966530410373,0.8611503507631261,0.7689667877273432,0.8012951278263556,0.8345962495216226,0.9615905196430226,0.9846778189268361,0.7774457358293265,0.8616916494562762,0.845311968938226,0.8508940408143366,0.8919857953161618,0.7869015211787087,0.9385962236344593,0.8391383579872429,0.7985528625287579,0.945851702221415,0.8624459226379542,0.8557418990745098,0.8309916996778286,0.9436257519804546,0.942955636795014,0.8854073782202492,0.9416225908213971,0.7816162124618273,0.9059410379031699,0.9495774898024567,0.7477544398129192,0.9991890229849818,0.9778362162012755,0.7603845187660137,0.8545251315798741,0.650004708706629,0.9068605443109163,0.9080350407648284,0.8349786100703884,0.9538477333735609,0.9715202108257164,0.9796598397153293,0.9856980188943207,0.8457778217129277,0.8673076018192127,0.9966324573611491,0.9010904619217452,0.7563725028925854,0.9846308577559919,0.8580546626695633,0.6797909477197601,0.8390201592565514,0.8904007255811228,0.7712437403592336,0.9528082386036258,0.6865834783369595,0.7240818500228575,0.8571644887794668,0.8889550707191893,0.8563812188652231,0.8732674294907272,0.6959352240430068,0.9647851255480144,0.8164291560885193,0.9381276726912953,0.9907912522530478,0.9000166101629223,0.7045888530995327,0.636669593238423,0.9539405950770345,0.9128853416009091,0.907110002901559,0.7970442113732894,0.8995985578329665,0.809618635952368,0.8570507515205235,0.9881101175468499,0.9253324310838693,0.8138352659548962,0.8128743662973856,0.7892035637357748,0.6947360461508061,0.681697760316804,0.8294087629670182,0.8854073782202492,0.8023214246213091,0.9895607707325593,0.8046844571619147,0.9766584944453693,0.7737505273691834,0.9737643718917595,0.8227810174934072,0.8558368762874637,0.8440216677565298,0.699302642135236,0.7944591328701565,0.7017438536728533,0.884940650773402,0.9708240412800999,0.9662468905912408,0.9857410593760514,0.7955638643181455,0.9608982211860977,0.7197593917099125,0.8545251315798739,0.8109331940580486,0.919777403621489,0.7639816862287012,0.7724630564518284,0.9068605443109162,0.7197593917099125,0.829539689817393,0.8947843348616848,0.8941961293283132,0.7197593917099125,0.882907978364694,0.8290620467763294,0.7334238209085346,0.8726657820339369,0.902612375529524,0.9810334199324049,0.7197593917099125,0.7369382749942393,0.7197593917099125,0.9067780692165779,0.9740088724814979,0.9631822420892271,0.7197593917099125,0.8578418838377846,0.7197593917099125,0.8322102525088614,0.7917740909215247,0.8236810767198012,0.8061170831057414,0.9846778189268361,0.8888583701459427,0.7290921573098537,0.9957562398735018,0.9034936823018841,0.8823262753325901,0.9292667400833778,0.90443644637323,0.9715202108257164,0.7274574918347019,0.8856422435542918,0.9731899869929059,0.9407963114152327,0.7727257083922909,0.8102832673149829,0.9079209531061321,0.8423949612449271,0.9708240412800999,0.7197593917099125,0.8371882351868043,0.7197593917099125,0.5633566244714647,0.6639109077673302,0.9078255471994475,0.9400208327492241,0.8888583701459427,0.8545251315798739,0.9536193558598605,0.8228515465886155,0.8557252892141494,0.9344230599677563,0.8927535060048299,0.8617289235276302,0.8390201592565515,0.6861262624445841,0.9606404044001026,0.7106749817367276,0.9574054602700126,0.9804404662064103,0.8655480930335329,0.8841590450399293,0.9605523038964859,0.7650387230061639,0.696122225014669,0.8343308956217288,0.875978215386313,0.927134581177036,0.9735365445245742,0.925531743468119,0.8508940408143366,0.916212235197698,0.7677598738939233,0.9951371402807525,0.7944591328701565,0.8508940408143366,0.9154602806548064,0.8786536140373784,0.9905012176658479,0.8020933253939646,0.9546591930794488,0.7386871664249506,0.920910899483121,0.9250564831534065,0.8617026589491736,0.923203371227233,0.9539405950770348,0.990859520270805,0.9765392721561018,0.7169460495383038,0.9171375707529181,0.7594985041128193,0.7490176447076584,0.9075125973442775,0.9793479402472789,0.9428861328269642,0.8927742308062429,0.875978215386313,0.9181934684644408,0.835094388010891,0.830898837974355,0.86019001264934,0.8426604469980924,0.9844082383358657,0.9988113564717753,0.9223346066054567,0.7252761521410569,0.9465937634563786,0.8159504617871915,0.8182145323632533,0.925096537377939,0.862399133729322,0.9973794706954381,0.8462188949920137,0.9417347235444038,0.8760028683056177,0.9231105095237593,0.7197593917099125,0.8373957982954752,0.9051891110898551,0.91100904989906,0.8508940408143366,0.9102115101466461,0.9629135621892557,0.7197593917099125,0.798996323610923,0.9075125973442776,0.9062284136028746,0.9517403361663699,0.9300989118860972,0.9491483812215835,0.8441308835731787,0.9359219287277907,0.9033665889959555,0.9624514466121517,0.822020657241672,0.9973416471930863,0.8617289235276302,0.7491896426899869,0.9570738460532733,0.8160625976763942,0.9697899957470837,0.9062284136028744,0.8817150814613122,0.9791284508643373,0.876035773765202,0.9345162101060189,0.7106749817367277,0.9574987900039427,0.9189539102145907,0.9250564831534065,0.9424406516349866,0.9486031381553768,0.7197593917099125,0.7630030012185178,0.9363484613959294,0.9122748858719052,0.8979720328386482,0.8889550707191892,0.9120733295220458,0.7197593917099125,0.7197593917099125,0.9914725823318038,0.9148406978874102,0.8971273238924682,0.7197593917099125,0.9664790626458124,0.962965715633306,0.9345414892045127,0.7151193747447027,0.7707587466822607,0.9216615961278639,0.8645636338691722,0.879164976164735,0.9568036441077532,0.9071476827690705,0.7197593917099125,0.7409197774585756,0.9565366686678404,0.8711853052685787,0.955134689099137,0.9868257352945466,0.8087255569735573,0.923203371227233,0.9438004212259383,0.7197593917099125,0.8864402002965037,0.9554709434589257,0.7174951651274981,0.9468544434980326,0.8480555883270952,0.8744695199951633,0.9443079183083238,0.7197593917099125,0.9150470013730421,0.9028760839027306,0.7197593917099125,0.9664487183903177,0.8395351568273397,0.8971981082985714,0.9465534233420136,0.9306717919382979,0.7197593917099125,0.8437565547877443,0.8540742615162968,0.9764030249383167,0.8420324262018789,0.8894090450179615,0.8568480048981271,0.8323493414354166,0.8499556991843319,0.8309916996778286,0.9173976423621661,0.7642166023705048,0.9489334198111383,0.7313662366869402,0.9278317274484986,0.868084402282332,0.7382307295305036,0.8373957982954758,0.866547156339194,0.7197593917099125,0.9765392721561019,0.9800218150471366,0.8360872844335161,0.98409346534687,0.9187875660540299,0.7018118117271226,0.7850294582207848,0.8777975163363982,0.7290921573098541,0.8917305212053454,0.7774457358293267,0.9555299319100917,0.7317890977948178,0.9823469167049281,0.9544340530320736,0.7841461025762893,0.8889550707191896,0.9429556367950138,0.9105981200017716,0.7886741214441406,0.9278223884390324,0.9973794706954381,0.8711528246492388,0.9865252204972856,0.7518649752464175,0.7876403454080704,0.8775479624637763,0.8568078232494676,0.86172892352763,0.9209108994831211,0.9601328755557764,0.7227520175734188,0.7289303053642331,0.8404310812547326,0.9165657238949024,0.7736750299626232,0.7064195130651469,0.745248942369519,0.8555364713106764,0.7729359628952266,0.815638782293375,0.9725293815698692,0.8240460642962535,0.7979134439529866,0.8084649596240489,0.9563538688431643,0.9662361292740163,0.7942066340831491,0.7519246848938179,0.847840826237674,0.6684406526125795,0.9538477333735609,0.8757810454887763,0.9633725864834954,0.7374518958671801,0.9900081136468508,0.8854073782202487,0.8040212139724224,0.8041745210052789,0.8581181880825066,0.7477635956066359,0.74634070589534,0.8813256961062454,0.9078255471994474,0.8508940408143366,0.9165941331477476,0.8376706733493373,0.7996521871176263,0.8689273841757255,0.9810334199324047,0.942493267818188,0.9798302713612489,0.7197454488954547,0.9109676711200154,0.7197593917099125,0.8440199953549761,0.7197593917099125,0.7197593917099125,0.9739380022962112,0.855287779686412,0.9626539977544464,0.7197593917099125,0.9849511745737627,0.786291232412734,0.8516987023807896,0.8903177447162759,0.7409197774585756,0.9827650994801151,0.9480761215690408,0.6331856074776538,0.8480633887734674,0.8220206572416717,0.9489732911423244,0.7919266732908352,0.802030961445444,0.9383543398488596,0.8813400924155945,0.959513532096401,0.977801606875008,0.8617026589491739,0.9993264789009415,0.9433072675424814,0.8662285247315094,0.8617289235276302,0.953262497444045,0.9991914931495209,0.9458517022214148,0.9574209400641349,0.8603244603171993,0.9256946845818593,0.7692837169311617,0.9957562398735018,0.7944776737972614,0.9846778189268361,0.8061788577532891,0.8183136603177923,0.9534509031571721,0.8316395398404584,0.808753056582757,0.8441308835731789,0.9547182664208937,0.9856980188943206,0.8932579478150295,0.8412267985038473,0.9629135621892557,0.9701700155555211,0.9462425527384173,0.9442656624968065,0.9077025722158791,0.7575609341866154,0.752187140307991,0.9979625962011209,0.9521510945761814,0.9271235857341966,0.971588181184728,0.7197593917099125,0.8373957982954758,0.8157108879926638,0.8639752520084489,0.8234744476277784,0.9991914931495209,0.9435436956973686,0.9281547528362842,0.9837195964498846,0.9255220097799567,0.9278745413119032,0.8580546626695638,0.9913695507130933,0.98409346534687,0.8698857593148391,0.7018118117271226,0.97027140991388,0.8458035854898045,0.8141411434580984,0.9261540016919989,0.7990862142481029,0.8258659422597017,0.9347703537508593,0.8737941736339185,0.9015050490227157,0.9260371140151462,0.809618635952368,0.854647965769822,0.8941961293283134,0.9421276614770782,0.9372813723550044,0.9344691784905841,0.9078084801767554,0.9195474466082245,0.7106749817367277,0.9438004212259382,0.9185433087672608,0.9823029113907386,0.8970041425885436,0.923203371227233,0.9293340386535862,0.9295871096624115,0.8055304513576158,0.9631524803037748,0.814972474881241,0.9624514466121518,0.9338981736706291,0.8102470465199716,0.934887053250086,0.8692431301086105,0.9035853419274651,0.7197593917099125,0.9238422968336355,0.8570810334012686,0.9501007073595877,0.814110542476369,0.7197593917099125,0.7350038372730232,0.9884345394071666,0.8997457757194026,0.813835265954896,0.7081805556178287,0.831143636630042,0.9741780509094924,0.991803093907663,0.8688797669940249,0.917165276106215,0.8701159959462412,0.9171596601933671,0.8440199953549761,0.8711886731383298,0.9184937806662106,0.9539405950770348,0.9229559440830579,0.7921166669210778,0.9187875660540296,0.7290921573098545,0.9062284136028746,0.892198421147566,0.7798290464961052,0.9052793715138914,0.9580043336028206,0.7395816785467328,0.9420259347501898,0.9629657156333062,0.8775479624637763,0.8238405276982714,0.9805850858337266,0.7106749817367277,0.93293779373488,0.7197454488954544,0.7106749817367277,0.7387014906758973,0.7462582453394728,0.7197593917099125,0.9877067241057924,0.8919857953161621,0.7197593917099125,0.7289303053642331,0.8698835352347538,0.9199207156261615,0.8309916996778286,0.8581181880825063,0.9075394443457012,0.7106749817367277,0.9064968238177542,0.9462433531150105,0.8637752999394084,0.9973416471930863,0.7197593917099125,0.8744169001071447,0.9539405950770345,0.9031596221624147,0.9913695507130933,0.9017977298602853,0.8729992599383648,0.9140089875984803,0.9659828844547709,0.9268138202261745,0.7477544398129192,0.8475930273944763,0.7953623639967514,0.86367196624146,0.8133505208512053,0.9086360517472705,0.9414009265844593,0.988947390437986,0.9477117257709824,0.8617289235276302,0.8217102144800924,0.8313810364355683,0.7197593917099125,0.962965715633306,0.6852389367468343,0.8941961293283132,0.9689408873370038,0.8547304391063584,0.8668953185157885,0.8711993205311479,0.7018118117271226,0.9266764591812993,0.8754734323518576,0.7197593917099125,0.7197593917099125,0.8605211621742053,0.8290168143899379,0.8201880162110419,0.945233835847997,0.6866686029710445,0.9272638600118133,0.8873737209641777,0.9459090298045447,0.9637418081709601,0.8738518613610144,0.7197593917099125,0.9030348567102107,0.8373957982954758,0.8655480930335329,0.9837195964498846,0.8508940408143366,0.9518209110251374,0.7197593917099125,0.7197593917099125,0.9109618687924927,0.8062889078890338,0.8781880186929631,0.8775479624637763,0.9957445086143724,0.7407130596599871,0.8550877659684467,0.8936541944926127,0.927922470325901,0.9372903792927945,0.7197593917099125,0.9643713791488662,0.8931013757918831,0.8545251315798741,0.9420259347501896,0.8662700200858549,0.9948878210333705,0.7955644297036394,0.9293340386535864,0.8545251315798741,0.7725490952675031,0.7197593917099125,0.9448474499449802,0.95553667567457,0.7573327299257779,0.878329467266183,0.9742694908619041,0.9555299319100918,0.9937371302591335,0.8982251616910062,0.9905012176658479,0.644734773033375,0.7588075509752736,0.9325075048945471,0.9303375959870628,0.9648699914208063,0.8220852627793283,0.9493810152160116,0.9010904619217455,0.7387014906758973,0.7329078137787968,0.8013774159845114,0.7202472461513683,0.9972386219494087,0.9823029113907387,0.7765835845354063,0.9823029113907386,0.9796598397153293,0.9928095750555688,0.8141105424763686,0.7269508365890496,0.979347940247279,0.8941961293283132,0.9262053747380743,0.9764798007133303,0.8365406189407204,0.8220206572416724,0.9249804020540653,0.9737643718917595,0.9588113351094867,0.8247832035705709,0.8485948411484403,0.852581181539025,0.8536542197086685,0.9008915532120385,0.7197593917099125,0.815287904353317,0.9918088876930138,0.9563849593230064,0.8580546626695635,0.8780468350156964,0.7651933449849064,0.9358717542141899,0.7197593917099125,0.8846370281193011,0.9452338358479973,0.9721427607511681,0.9202129934265852,0.9576493391933754,0.9242046305976793,0.8692431301086105,0.9506509979483821,0.9288174517360708,0.7200462540552894,0.9695016202708446,0.8084649596240483,0.8207776001295446,0.8681911647089424,0.9489334198111385,0.9505047681875712,0.8513955171283154,0.9914725823318036,0.8171141027193523,0.7861875782595167,0.9647479107821688,0.962965715633306,0.7106749817367277,0.831381036435568,0.8234744476277787,0.7197730948069104,0.9577969267696533,0.9492024022431893,0.7197593917099125,0.9519454219168915,0.7913430726412487,0.7333644504551513,0.7197593917099125,0.834959944709897,0.8404539518860996,0.8508940408143366,0.7850535495928672,0.7106749817367277,0.9500022135269731,0.8889124290815436,0.793331605483776,0.9400421501546166,0.9726918441814315,0.9723448298423202,0.9367928229068454,0.7197593917099125,0.9538128337748035,0.7197593917099125,0.8508940408143366,0.7793822109889705,0.6634346251889314,0.8655480930335329,0.7606844936025525,0.9570232967969877,0.7298615518439531,0.8843991759210619,0.7197593917099125,0.9657004545354246,0.6789717608582011,0.8611864706675443,0.9578915780663647,0.9831501586102123,0.939672879012582,0.9372428556070562,0.8849406507734014,0.5769492631020139,0.7294306877243646,0.9016711688654193,0.5769492631020139,0.9045168797959982,0.7485888881337752,0.7441867143188863,0.5769492631020139,0.8655480930335329,0.9333743226414095,0.9734928436170864,0.9432399816400134,0.8788340353717466,0.9256946845818593,0.9951371402807525,0.8200302532820041,0.7539469289309451,0.8871867099705897,0.7305879775007365,0.7945487278081078,0.8969538931148955,0.9748627870123721,0.7788733255540751,0.9546591930794491,0.8512848375192448,0.8194554404301022,0.8957889858138766,0.7082846413734107,0.8772448479857323,0.8545251315798741,0.8924661473774316,0.8006768332891592,0.8785201214536571,0.7414801668228577,0.9187875660540296,0.7621142050642247,0.8373957982954758,0.8440199953549758,0.5214796314537737,0.75783851110047,0.9608336104848796,0.7444663186095228,0.9388648096370924,0.48497915336258013,0.8193201087459965,0.7686500618547027,0.9629657156333062,0.5082297709642132,0.9784807704135312,0.9427418847755703,0.6784014705078334,0.7328492463911507,0.9905012176658479,0.90443644637323,0.5349994929517569,0.7555267484019443,0.8813256961062454,0.8834412055257679,0.9435132052899855,0.45050359519384653,0.39098406887658044,0.9414009265844593,0.4977156175728812,0.8227810174934069,0.9167939509779544,0.2987752784799307,0.9232033712272332,0.8545251315798741,0.6102526950606544,0.7414801668228566,0.953847733373561,0.9010965132447426,0.70762738421004,0.36991199993208723,0.8889830045319056,0.9162633501146371,0.6468200386804634,0.9261540016919989,0.9588091371040435,0.8617289235276302,0.5110429271024797,0.8571708631032455,0.8440199953549758,0.6336974516332523,0.9232500798195086,0.9140089875984803,0.8580546626695635,0.7441867143188865,0.8508940408143364,0.0,0.8440199953549761
p364_L,0.855904335445099,0.9495194495442565,0.6374311025589524,0.9333065093925881,0.9562880686171875,0.9675743567407267,0.8853191543053327,0.8569971282280214,0.9172245874626141,0.9657671730030437,0.33800529464407636,0.9548710823073732,0.9548710823073732,0.9333065093925881,0.9230659630317124,0.9013784409842847,0.9521375655065456,0.9410406098239266,0.9640402523885963,0.9657671730030437,0.9032069193824652,0.3538106028060497,0.9445623805946022,0.9577431256853026,0.36864622684561166,0.9410406098239263,0.9521375655065456,0.9280917395652364,0.9657671730030437,0.8389581781771545,0.9354577472990955,0.9560086947472868,0.9508152934266847,0.9301521134798676,0.9562880686171875,0.9640402523885963,0.1874942110935155,0.9508152934266847,0.9675743567407267,0.9398977391608507,0.9134191021410445,0.9421983319196943,0.9675743567407267,0.9250566218612029,0.9521375655065456,0.8687198626112254,0.1573927922435595,0.9143648077845039,0.43127372142724874,0.9068859994145184,0.9607848936032957,0.8705572812086975,0.9410406098239263,0.9495194495442565,0.9508152934266847,0.9387688154666092,0.9387688154666092,0.9562880686171873,0.7748548864613389,0.2624929266331485,0.9191520956010533,0.8883704299920681,0.9410406098239261,0.9134191021410447,0.9623824451410659,0.8489166250019229,0.9607848936032957,0.8760356045203772,0.8424394300035336,0.964040252388596,0.9322459088752486,0.9398977391608507,0.9562880686171875,0.8842994831730138,0.9562880686171873,0.6552263977579346,0.9469990271543745,0.9482479709168004,0.7858946626455752,0.9675743567407267,0.9482479709168004,0.9965514935490281,0.9365495543873188,0.9410406098239263,0.9562880686171873,0.9291179679746995,0.9894382119329369,0.8318841922523383,0.6297583081743696,0.9548710823073729,0.9562880686171873,0.9483117174169302,0.8546882169814702,0.910635456538732,0.9365495543873186,0.9581074754130986,0.9868938756849308,0.6922664431881904,0.8450061550758592,0.8440199953549763,0.938768815466609,0.9604535056538153,0.9562880686171877,0.8778523726982708,0.6620223134823309,0.04407004266351722,0.5749591436932455,0.8580859220024462,0.9457709851868581,0.8527760996057692,0.9314659325100629,0.9421983319196943,0.8339485716413386,0.5639557158967426,0.1573927922435595,0.8135211337092483,0.9841747480714135,0.964040252388596,0.9675743567407267,0.8778523726982708,0.9250566218612029,0.9013784409842851,0.9457709851868581,0.9354577472990953,0.9991226281223795,0.7895252496743006,0.1874942110935155,0.9167714410425667,0.9548710823073732,0.9761356843815903,0.8905026990324323,0.9592404230051592,0.9607848936032957,0.9675743567407267,0.9521375655065456,0.9361590003494942,0.8959254409068564,0.9607848936032957,0.12394457825310956,0.9534886050081051,0.8088965260521004,0.0899773489975646,0.8489166250019227,0.8896003271096578,0.9436595831253995,0.9230659630317126,0.9078111670939808,0.8640960613563904,0.939897739160851,0.8514910516687031,0.9657671730030437,0.9191520956010533,0.7321637323361279,0.8977386203509139,0.9560086947472868,0.939897739160851,0.9096689964166693,0.9260614370793872,0.7300334708344977,0.9013784409842851,0.8666646566334322,0.9592404230051592,0.9965514935490281,0.8298015015479601,0.617569386025745,0.9280917395652364,0.8805708457535912,0.6089429446703843,0.9912425166211665,0.866875817122224,0.9333065093925881,0.23966622495314926,0.9387688154666094,0.8984876543923498,0.7363426026476418,0.8950201541957776,0.964040252388596,0.926138075871473,0.9311946072310935,0.9022918659842718,0.9240582376582436,0.9448096841109692,0.938768815466609,0.9548710823073732,0.8787593440855817,0.7009387087232484,0.8778523726982708,0.9153141563577833,0.9495194495442565,0.9343769343025807,0.9534886050081051,0.9619936422826707,0.7874221798747583,0.8514910516687031,0.9191520956010533,0.9562880686171873,0.9577431256853028,0.9534886050081053,0.9143648077845041,0.7681330752336026,0.9068859994145184,0.9548710823073732,0.9562880686171873,0.7045549113235949,0.8190873193696528,0.9657671730030437,0.9562880686171873,0.8903991455657346,0.9270730230791457,0.9022918659842718,0.8769444849065684,0.9633200991265265,0.9548710823073732,0.9562880686171873,0.8760356045203771,0.9562880686171872,0.8006082374759431,0.8612981558461017,0.8584801609121498,0.9562880686171873,0.7212226060676772,0.9562880686171873,0.7796467775134234,0.9201228276565452,0.9280917395652364,0.6859914648058022,0.9592404230051592,0.8354243808638637,0.9534886050081051,0.38260971188855086,0.9469990271543747,0.919152095601053,0.8212728377122549,0.9808531012828585,0.9607848936032957,0.9568407342490969,0.9059631313150907,0.9606832254354425,0.9115378627127524,0.5332377025939612,0.9270730230791455,0.9521375655065456,0.981387597930858,0.9534886050081053,0.9562880686171873,0.9162673470024438,0.9562880686171873,0.8687764701124442,0.9270730230791457,0.9607848936032957,0.9376530086096915,0.8030952829801481,0.9577431256853028,0.9260614370793869,0.3686462268456112,0.9078111670939808,0.9868659623160064,0.8805708457535912,0.9592404230051594,0.8896003271096578,0.8896003271096578,0.8659511288161978,0.9548710823073729,0.9623824451410659,0.852776099605769,0.9675743567407267,0.8565893759313064,0.8053129277244082,0.9421983319196943,0.8886981112672732,0.9684748590979333,0.9607848936032957,0.8696393640825608,0.7843298856175567,0.835424380863864,0.04407004266351722,0.852776099605769,0.9260614370793872,0.9965514935490281,0.9153141563577836,0.04407004266351722,0.8723886533920742,0.8400388316300482,0.9623824451410659,0.9124768483179184,0.9858673317522388,0.9592404230051592,0.9301521134798676,0.8339485716413391,0.26249292663314894,0.9592404230051594,0.9604535056538154,0.7830070991781048,0.964040252388596,0.8155363791473291,0.875125655955683,0.6585711958095651,0.9005073409360098,0.9640402523885963,0.9562880686171875,0.9398977391608507,0.9534886050081053,0.9607848936032957,0.8298015015479603,0.912476848317918,0.9592404230051592,0.939897739160851,0.9280917395652364,0.7633524262729615,0.9220794934202008,0.9004665216997632,0.8954576130000751,0.8219587423920875,0.8924244121716267,0.9282564559285414,0.9657671730030437,0.9172245874626141,0.9657671730030437,0.5121370206872325,0.9270730230791457,0.9220794934202008,0.9592404230051592,0.9562880686171873,0.9607848936032954,0.9162673470024438,0.9410406098239261,0.04407004266351722,0.9623824451410659,0.9719050365344921,0.9562880686171873,0.3063205188485628,0.964040252388596,0.9675743567407267,0.5581991691876659,0.7526072663729988,0.9433718940682516,0.9607848936032957,0.8565893759313061,0.7444874455967885,0.9457709851868581,0.9508152934266847,0.8631655385537391,0.9592404230051594,0.9808531012828585,0.8006082374759429,0.9495194495442565,0.9230659630317124,0.9675743567407267,0.8306248033113866,0.9301521134798674,0.8412846402989775,0.2835329433063227,0.9548710823073729,0.9841593444361112,0.9013784409842851,0.8339485716413388,0.8349741162127928,0.7919266732908357,0.9562880686171873,0.909618458108421,0.9291179679746995,0.9311946072310935,0.5194258811617958,0.9657671730030437,0.866875817122224,0.9562880686171873,0.9562880686171873,0.939897739160851,0.9172245874626139,0.9147187142537472,0.9562880686171872,0.9657671730030437,0.9562880686171877,0.9333065093925881,0.6175693860257445,0.8190873193696526,0.9562880686171877,0.9876152547580852,0.9469990271543745,0.7731633392728432,0.8047985199567371,0.9562880686171873,0.671319616567693,0.9280917395652364,0.8401242645657363,0.8101067897872718,0.42676322023136604,0.8877959618256668,0.9592404230051592,0.8245098594864126,0.9562880686171873,0.7843298856175563,0.9410406098239261,0.7256875840646014,0.8873545301242929,0.9577431256853026,0.774807439901957,0.9508152934266847,0.9562880686171873,0.9531174117707755,0.8645404905882984,0.9562880686171873,0.934376934302581,0.8234362176999175,0.7232048222120993,0.7963197439933528,0.8298015015479601,0.9562880686171873,0.8424394300035336,0.876035604520377,0.9511494252873565,0.7404172524417112,0.7963197439933529,0.9201228276565452,0.9210985398310312,0.9106019687464653,0.1573927922435595,0.9124768483179178,0.9022918659842718,0.9942714459947755,0.8733022546836291,0.9293218158052194,0.6994622780865298,0.9445623805946022,0.12394457825310956,0.9410406098239263,0.9562880686171873,0.9457879562525048,0.9153141563577836,0.8390340081240992,0.9482479709168004,0.4521174331857045,0.9534886050081051,0.8591708211604271,0.9577431256853026,0.9534886050081051,0.9482479709168004,0.9562880686171877,0.9495194495442565,0.6385518690954316,0.9172245874626141,0.964040252388596,0.8677987043663951,0.9657671730030437,0.9495194495442565,0.9445623805946022,0.8129078011894169,0.9894382119329369,0.9657671730030437,0.8142265265514226,0.9280917395652364,0.9483117174169302,0.9421983319196943,0.9469990271543747,0.6395738686675689,0.9592404230051594,0.9301521134798676,0.9134191021410443,0.6831595038010521,0.9433718940682516,0.9568407342490963,0.9868659623160064,0.9354577472990955,0.8964678380224962,0.804281628704786,0.918186094706007,0.9521375655065456,0.8400388316300482,0.6411423728095715,0.9858673317522391,0.9433718940682516,0.944562380594602,0.7934030620204684,0.9482479709168006,0.7404172524417114,0.9433718940682516,0.4841750412915168,0.7882404231802298,0.9592404230051592,0.8668758171222237,0.7874221798747584,0.9291179679746997,0.9134191021410443,0.964040252388596,0.7677567325503766,0.9068859994145184,0.9623824451410659,0.9776784774900422,0.9521375655065456,0.9521375655065458,0.9607848936032957,0.964040252388596,0.989405943369801,0.7494066097755414,0.9250566218612029,0.23966622495314915,0.9548710823073732,0.8479439783560871,0.9660244666247457,0.9521375655065456,0.8896003271096578,0.9562880686171873,0.08646812957157735,0.9562880686171873,0.9562880686171873,0.8440199953549761,0.9445623805946017,0.9808531012828585,0.9562880686171873,0.8359953467971372,0.8603611522754107,0.9270730230791456,0.8733022546836291,0.6321430926512028,0.7748548864613388,0.9172245874626141,0.916267347002444,0.8622329273186462,0.9508152934266845,0.9022918659842718,0.9623824451410659,0.9291179679746995,0.8412846402989775,0.9116538466243311,0.4711120959231433,0.9508152934266847,0.9534886050081053,0.7970496570275614,0.9623824451410659,0.6217281579861218,0.1573927922435595,0.9143648077845044,0.9469990271543745,0.9987511985291291,0.9445623805946022,0.8696393640825613,0.4800015406868704,0.9191520956010535,0.944562380594602,0.9311946072310937,0.9592404230051592,0.9469990271543749,0.9577431256853026,0.5397911272183277,0.8769444849065684,0.8622329273186464,0.9607848936032957,0.8769444849065684,0.9521375655065458,0.8019015276175867,0.6447745739887387,0.9548710823073732,0.8077975275903293,0.9912425166211665,0.9675743567407267,0.7748548864613389,0.8677987043663951,0.9162673470024438,0.8102429911512921,0.9469990271543747,0.9201228276565452,0.8986467260787545,0.9562880686171873,0.12394457825310956,0.9280917395652364,0.9562880686171877,0.8805708457535912,0.9894382119329368,0.9534886050081053,0.4618278610403571,0.7748074399019571,0.9445623805946022,0.8318841922523381,0.9657671730030437,0.7882404231802299,0.9482479709168004,0.8850890368124653,0.9534886050081051,0.9508152934266847,0.8469680690265142,0.9270730230791457,0.9433718940682516,0.8330375920813435,0.8968315612097784,0.8020156091163937,0.8823796135894804,0.9808531012828585,0.85468821698147,0.7212226060676772,0.9354577472990953,0.9657671730030437,0.9457709851868581,0.9577431256853026,0.76294781546019,0.9162673470024438,0.9078111670939808,0.9548710823073729,0.8181301843558837,0.7593994052903227,0.9675743567407267,0.8959254409068562,0.9592404230051592,0.9291179679746997,0.5264541432619002,0.942198331919694,0.9593880781275534,0.4711120959231434,0.9457709851868581,0.9124768483179181,0.9482479709168001,0.9548710823073732,0.12394457825310956,0.9675743567407267,0.9562880686171873,0.9808531012828585,0.8841862845276729,0.8061744934456333,0.9311946072310935,0.9562880686171872,0.8995559887924944,0.8489166250019229,0.9191520956010535,0.9333065093925883,0.5903158095167628,0.9068859994145182,0.8977386203509139,0.8157657021327263,0.9376530086096917,0.964663415934474,0.8714736866604262,0.9059631313150907,0.08646812957157735,0.5951579902345695,0.9387688154666092,0.9592404230051592,0.9761356843815903,0.9675743567407264,0.9376530086096915,0.9534886050081053,0.9675743567407267,0.9495194495442565,0.938768815466609,0.9562880686171875,0.8984876543923498,0.6618506347118776,0.9640402523885963,0.9562880686171875,0.9469990271543745,0.8007002269432069,0.8298015015479603,0.9548710823073729,0.9560086947472868,0.9521375655065456,0.9548710823073729,0.9548710823073729,0.9301521134798675,0.9562880686171873,0.9521375655065456,0.9201228276565452,0.9562880686171873,0.9433718940682516,0.9059631313150907,0.964040252388596,0.1573927922435595,0.9623824451410659,0.9577431256853026,0.9548710823073729,0.8181301843558837,0.8778523726982708,0.944562380594602,0.8631655385537389,0.9562880686171873,0.9201228276565452,0.9592404230051592,0.9433718940682516,0.8548074383008892,0.5695393742200041,0.964040252388596,0.9577431256853026,0.9457709851868581,0.9270730230791457,0.9457709851868581,0.21477889927437255,0.9270730230791457,0.9841593444361114,0.9354577472990953,0.7629478154601899,0.9482479709168006,0.9457879562525048,0.939897739160851,0.1573927922435595,0.9201228276565452,0.8640960613563906,0.9562880686171873,0.9562880686171875,0.6288471659222002,0.9657671730030437,0.8603611522754107,0.2835329433063227,0.9482479709168004,0.8489166250019229,0.9534886050081051,0.820182897330497,0.8470051605241504,0.9562880686171873,0.9562880686171873,0.9746202948705041,0.7411252268913595,0.9162673470024438,0.8329186262686781,0.866875817122224,0.8410397610823426,0.7269481442351537,0.8276997747581221,0.9421983319196943,0.8719227385629407,0.9562880686171873,0.9143648077845041,0.12394457825310956,0.9675743567407267,0.8546882169814702,0.04407004266351722,0.8546882169814702,0.9562880686171873,0.9562880686171873,0.837786254670863,0.9562880686171875,0.8447327410547638,0.3538106028060499,0.8769444849065684,0.9134191021410447,0.9376530086096917,0.5655213125623331,0.8575360288119107,0.8714736866604262,0.9562880686171872,0.9270730230791457,0.8430302626854409,0.10978851443704407,0.964040252388596,0.9425174783713439,0.867722058379199,0.9230659630317126,0.9291179679746997,0.9577431256853026,0.6897282138964367,0.9562880686171873,0.8508524342038151,0.9291179679746995,0.9134191021410447,0.694205975110366,0.9209050008316386,0.9495194495442565,0.918186094706007,0.7363426026476418,0.9623824451410659,0.8868937905864736,0.8814755319253362,0.9521375655065456,0.9657671730030437,0.9858673317522388,0.9410406098239263,0.8390340081240992,0.9607848936032957,0.9548710823073729,0.6859914648058021,0.938768815466609,0.9270730230791457,0.9841593444361112,0.9675743567407267,0.9270730230791457,0.9675743567407267,0.9675743567407267,0.5951579902345703,0.9311946072310937,0.910601968746465,0.9562880686171875,0.9657671730030437,0.3538106028060497,0.9469990271543747,0.7731633392728431,0.9508152934266849,0.9548710823073732,0.995067487912588,0.9087387818848158,0.9577431256853028,0.8330375920813433,0.9291179679746995,0.8479439783560871,0.828753063687315,0.9562880686171873,0.9068859994145182,0.9562880686171875,0.8190873193696528,0.9657671730030437,0.9421983319196945,0.9433718940682518,0.7321637323361279,0.9562880686171873,0.8318841922523381,0.7748548864613388,0.9433718940682518,0.8329186262686781,0.8508524342038151,0.8390340081240992,0.12394457825310956,0.8469680690265147,0.717425083514154,0.8329186262686781,0.8115800187854456,0.9445623805946022,0.7213007273604106,0.9675743567407267,0.9445623805946022,0.9562880686171875,0.6133091706188968,0.9970639700164783,0.8612981558461015,0.9162673470024438,0.8020156091163936,0.9562880686171873,0.9548710823073729,0.8640960613563906,0.8805708457535912,0.5792127149618113,0.8077975275903293,0.8194144871030813,0.9562880686171873,0.8179859988662408,0.7166317844248435,0.9333065093925881,0.9562880686171873,0.8622329273186462,0.9508152934266847,0.04407004266351722,0.944562380594602,0.9548710823073729,0.9025277748860165,0.9410406098239262,0.6175693860257454,0.995067487912588,0.9210985398310312,0.9445623805946022,0.7663012266098052,0.9562880686171873,0.9376530086096915,0.9562880686171873,0.964040252388596,0.8903991455657347,0.9004665216997625,0.9675743567407267,0.936549554387319,0.8298015015479603,0.918186094706007,0.43596362229160357,0.9562880686171873,0.8893852688139481,0.8791774274213193,0.7424171492559193,0.9354577472990953,0.9270730230791457,0.9560086947472868,0.9354577472990953,0.9343769343025807,0.9280917395652364,0.9078111670939808,0.8194144871030814,0.9280917395652364,0.9858673317522391,0.9607848936032957,0.6585711958095651,0.9280917395652364,0.9675743567407267,0.9410406098239261,0.9577431256853026,0.6585711958095638,0.9548710823073732,0.9343769343025805,0.9433718940682516,0.9068859994145184,0.5332377025939616,0.9445623805946022,0.9260614370793872,0.939897739160851,0.9719050365344922,0.9469990271543747,0.8380252083428268,0.488524444651255,0.9153141563577836,0.8565893759313059,0.9240582376582436,0.9210985398310314,0.939897739160851,0.9577431256853026,0.1573927922435595,0.9593880781275532,0.9087387818848154,0.4521174331857052,0.9376530086096917,0.9143648077845039,0.12394457825310967,0.08646812957157735,0.8914053182874362,0.9365495543873186,0.8850890368124651,0.9291179679746995,0.4711120959231432,0.8733022546836291,0.9457709851868581,0.9343769343025807,0.21477889927437255,0.8594218446557473,0.8950201541957776,0.546127797124531,0.9143648077845041,0.8705572812086977,0.9511494252873566,0.9301521134798674,0.8932116722416494,0.9410406098239263,0.9521375655065456,0.4618278610403571,0.9134191021410443,0.8896003271096578,0.8257167010649322,0.33800529464407636,0.8659511288161978,0.9548710823073732,0.8995559887924942,0.8469680690265149,0.9592404230051594,0.1874942110935155,0.9022918659842718,0.9376530086096915,0.9592404230051594,0.955587210232753,0.8823796135894804,0.8498860850829326,0.9534886050081053,0.19121852041871823,0.8893852688139481,0.9433718940682516,0.9162673470024438,0.9592404230051594,0.8787593440855817,0.3957853697218289,0.08646812957157735,0.9078111670939808,0.9421983319196943,0.9577431256853026,0.9657671730030437,0.9013784409842849,0.964040252388596,0.8440199953549761,0.0
